ref_area,sex,classif1,classif2,time,emp_dwap_sex_age_mts_rt
gtm,sex_f,age_10yrbands_total,mts_aggregate_1,2002,53.015
gtm,sex_f,age_10yrbands_total,mts_aggregate_1,2003,52.13
gtm,sex_f,age_10yrbands_total,mts_aggregate_1,2004,46.867
gtm,sex_f,age_10yrbands_total,mts_aggregate_1,2006,52.539
gtm,sex_f,age_10yrbands_total,mts_aggregate_1,2010,44.504
gtm,sex_f,age_10yrbands_total,mts_aggregate_1,2011,45.289
gtm,sex_f,age_10yrbands_total,mts_aggregate_1,2012,48.959
gtm,sex_f,age_10yrbands_total,mts_aggregate_1,2013,45.749
gtm,sex_f,age_10yrbands_total,mts_aggregate_1,2014,44.872
gtm,sex_f,age_10yrbands_total,mts_aggregate_1,2015,44.13
gtm,sex_f,age_10yrbands_total,mts_aggregate_1,2016,44.94
gtm,sex_f,age_10yrbands_total,mts_aggregate_1,2017,43.931
gtm,sex_f,age_10yrbands_total,mts_aggregate_1,2018,44.861
gtm,sex_f,age_10yrbands_total,mts_aggregate_1,2019,43.662
gtm,sex_f,age_10yrbands_total,mts_aggregate_1,2021,47.578
gtm,sex_f,age_10yrbands_total,mts_aggregate_1,2022,45.275
gtm,sex_f,age_10yrbands_total,mts_aggregate_1,2023,55.173
gtm,sex_f,age_10yrbands_total,mts_aggregate_2,2002,40.354
gtm,sex_f,age_10yrbands_total,mts_aggregate_2,2003,42.783
gtm,sex_f,age_10yrbands_total,mts_aggregate_2,2004,37.581
gtm,sex_f,age_10yrbands_total,mts_aggregate_2,2006,41.547
gtm,sex_f,age_10yrbands_total,mts_aggregate_2,2010,37.505
gtm,sex_f,age_10yrbands_total,mts_aggregate_2,2011,31.436
gtm,sex_f,age_10yrbands_total,mts_aggregate_2,2012,39.958
gtm,sex_f,age_10yrbands_total,mts_aggregate_2,2013,33.269
gtm,sex_f,age_10yrbands_total,mts_aggregate_2,2014,34.645
gtm,sex_f,age_10yrbands_total,mts_aggregate_2,2015,32.152
gtm,sex_f,age_10yrbands_total,mts_aggregate_2,2016,33.504
gtm,sex_f,age_10yrbands_total,mts_aggregate_2,2017,32.777
gtm,sex_f,age_10yrbands_total,mts_aggregate_2,2018,32.099
gtm,sex_f,age_10yrbands_total,mts_aggregate_2,2019,30.528
gtm,sex_f,age_10yrbands_total,mts_aggregate_2,2021,37.414
gtm,sex_f,age_10yrbands_total,mts_aggregate_2,2022,35.11
gtm,sex_f,age_10yrbands_total,mts_aggregate_2,2023,47.126
gtm,sex_f,age_10yrbands_total,mts_aggregate_total,2002,45.597
gtm,sex_f,age_10yrbands_total,mts_aggregate_total,2003,46.675
gtm,sex_f,age_10yrbands_total,mts_aggregate_total,2004,41.014
gtm,sex_f,age_10yrbands_total,mts_aggregate_total,2006,46.248
gtm,sex_f,age_10yrbands_total,mts_aggregate_total,2010,40.381
gtm,sex_f,age_10yrbands_total,mts_aggregate_total,2011,37.603
gtm,sex_f,age_10yrbands_total,mts_aggregate_total,2012,43.985
gtm,sex_f,age_10yrbands_total,mts_aggregate_total,2013,38.856
gtm,sex_f,age_10yrbands_total,mts_aggregate_total,2014,39.203
gtm,sex_f,age_10yrbands_total,mts_aggregate_total,2015,37.489
gtm,sex_f,age_10yrbands_total,mts_aggregate_total,2016,38.697
gtm,sex_f,age_10yrbands_total,mts_aggregate_total,2017,37.827
gtm,sex_f,age_10yrbands_total,mts_aggregate_total,2018,38.007
gtm,sex_f,age_10yrbands_total,mts_aggregate_total,2019,36.734
gtm,sex_f,age_10yrbands_total,mts_aggregate_total,2021,41.98
gtm,sex_f,age_10yrbands_total,mts_aggregate_total,2022,39.641
gtm,sex_f,age_10yrbands_total,mts_aggregate_total,2023,50.783
gtm,sex_f,age_10yrbands_total,mts_details_mrd,2002,41.625
gtm,sex_f,age_10yrbands_total,mts_details_mrd,2003,44.049
gtm,sex_f,age_10yrbands_total,mts_details_mrd,2004,38.965
gtm,sex_f,age_10yrbands_total,mts_details_mrd,2006,40.796
gtm,sex_f,age_10yrbands_total,mts_details_mrd,2010,37.626
gtm,sex_f,age_10yrbands_total,mts_details_mrd,2011,34.433
gtm,sex_f,age_10yrbands_total,mts_details_mrd,2012,40.619
gtm,sex_f,age_10yrbands_total,mts_details_mrd,2013,34.784
gtm,sex_f,age_10yrbands_total,mts_details_mrd,2014,35.519
gtm,sex_f,age_10yrbands_total,mts_details_mrd,2015,32.885
gtm,sex_f,age_10yrbands_total,mts_details_mrd,2016,33.98
gtm,sex_f,age_10yrbands_total,mts_details_mrd,2017,33.88
gtm,sex_f,age_10yrbands_total,mts_details_mrd,2018,32.539
gtm,sex_f,age_10yrbands_total,mts_details_mrd,2019,31.42
gtm,sex_f,age_10yrbands_total,mts_details_mrd,2021,38.065
gtm,sex_f,age_10yrbands_total,mts_details_mrd,2022,34.672
gtm,sex_f,age_10yrbands_total,mts_details_mrd,2023,49.045
gtm,sex_f,age_10yrbands_total,mts_details_sep,2002,68.716
gtm,sex_f,age_10yrbands_total,mts_details_sep,2003,67.743
gtm,sex_f,age_10yrbands_total,mts_details_sep,2004,67.443
gtm,sex_f,age_10yrbands_total,mts_details_sep,2006,67.432
gtm,sex_f,age_10yrbands_total,mts_details_sep,2010,63.114
gtm,sex_f,age_10yrbands_total,mts_details_sep,2011,66.87
gtm,sex_f,age_10yrbands_total,mts_details_sep,2012,66.188
gtm,sex_f,age_10yrbands_total,mts_details_sep,2013,67.138
gtm,sex_f,age_10yrbands_total,mts_details_sep,2014,62.468
gtm,sex_f,age_10yrbands_total,mts_details_sep,2015,62.633
gtm,sex_f,age_10yrbands_total,mts_details_sep,2016,64.416
gtm,sex_f,age_10yrbands_total,mts_details_sep,2017,62.299
gtm,sex_f,age_10yrbands_total,mts_details_sep,2018,61.244
gtm,sex_f,age_10yrbands_total,mts_details_sep,2019,60.396
gtm,sex_f,age_10yrbands_total,mts_details_sep,2021,63.216
gtm,sex_f,age_10yrbands_total,mts_details_sep,2022,61.398
gtm,sex_f,age_10yrbands_total,mts_details_sep,2023,71.301
gtm,sex_f,age_10yrbands_total,mts_details_sgle,2002,52.57
gtm,sex_f,age_10yrbands_total,mts_details_sgle,2003,52.098
gtm,sex_f,age_10yrbands_total,mts_details_sgle,2004,44.465
gtm,sex_f,age_10yrbands_total,mts_details_sgle,2006,51.205
gtm,sex_f,age_10yrbands_total,mts_details_sgle,2010,40.401
gtm,sex_f,age_10yrbands_total,mts_details_sgle,2011,41.543
gtm,sex_f,age_10yrbands_total,mts_details_sgle,2012,46.96
gtm,sex_f,age_10yrbands_total,mts_details_sgle,2013,43.25
gtm,sex_f,age_10yrbands_total,mts_details_sgle,2014,42.017
gtm,sex_f,age_10yrbands_total,mts_details_sgle,2015,39.83
gtm,sex_f,age_10yrbands_total,mts_details_sgle,2016,41.67
gtm,sex_f,age_10yrbands_total,mts_details_sgle,2017,39.371
gtm,sex_f,age_10yrbands_total,mts_details_sgle,2018,41.149
gtm,sex_f,age_10yrbands_total,mts_details_sgle,2019,41.734
gtm,sex_f,age_10yrbands_total,mts_details_sgle,2021,45.2
gtm,sex_f,age_10yrbands_total,mts_details_sgle,2022,44.992
gtm,sex_f,age_10yrbands_total,mts_details_sgle,2023,51.836
gtm,sex_f,age_10yrbands_total,mts_details_total,2002,45.597
gtm,sex_f,age_10yrbands_total,mts_details_total,2003,46.675
gtm,sex_f,age_10yrbands_total,mts_details_total,2004,41.014
gtm,sex_f,age_10yrbands_total,mts_details_total,2006,46.248
gtm,sex_f,age_10yrbands_total,mts_details_total,2010,40.381
gtm,sex_f,age_10yrbands_total,mts_details_total,2011,37.603
gtm,sex_f,age_10yrbands_total,mts_details_total,2012,43.985
gtm,sex_f,age_10yrbands_total,mts_details_total,2013,38.856
gtm,sex_f,age_10yrbands_total,mts_details_total,2014,39.203
gtm,sex_f,age_10yrbands_total,mts_details_total,2015,37.489
gtm,sex_f,age_10yrbands_total,mts_details_total,2016,38.697
gtm,sex_f,age_10yrbands_total,mts_details_total,2017,37.827
gtm,sex_f,age_10yrbands_total,mts_details_total,2018,38.007
gtm,sex_f,age_10yrbands_total,mts_details_total,2019,36.734
gtm,sex_f,age_10yrbands_total,mts_details_total,2021,41.98
gtm,sex_f,age_10yrbands_total,mts_details_total,2022,39.641
gtm,sex_f,age_10yrbands_total,mts_details_total,2023,50.783
gtm,sex_f,age_10yrbands_total,mts_details_union,2002,37.638
gtm,sex_f,age_10yrbands_total,mts_details_union,2003,39.915
gtm,sex_f,age_10yrbands_total,mts_details_union,2004,34.618
gtm,sex_f,age_10yrbands_total,mts_details_union,2006,41.934
gtm,sex_f,age_10yrbands_total,mts_details_union,2010,37.297
gtm,sex_f,age_10yrbands_total,mts_details_union,2011,25.929
gtm,sex_f,age_10yrbands_total,mts_details_union,2012,38.662
gtm,sex_f,age_10yrbands_total,mts_details_union,2013,30.299
gtm,sex_f,age_10yrbands_total,mts_details_union,2014,32.801
gtm,sex_f,age_10yrbands_total,mts_details_union,2015,30.768
gtm,sex_f,age_10yrbands_total,mts_details_union,2016,32.69
gtm,sex_f,age_10yrbands_total,mts_details_union,2017,30.714
gtm,sex_f,age_10yrbands_total,mts_details_union,2018,31.275
gtm,sex_f,age_10yrbands_total,mts_details_union,2019,28.756
gtm,sex_f,age_10yrbands_total,mts_details_union,2021,36.322
gtm,sex_f,age_10yrbands_total,mts_details_union,2022,35.944
gtm,sex_f,age_10yrbands_total,mts_details_union,2023,44.091
gtm,sex_f,age_10yrbands_total,mts_details_wid,2002,45.691
gtm,sex_f,age_10yrbands_total,mts_details_wid,2003,40.174
gtm,sex_f,age_10yrbands_total,mts_details_wid,2004,40.867
gtm,sex_f,age_10yrbands_total,mts_details_wid,2006,42.666
gtm,sex_f,age_10yrbands_total,mts_details_wid,2010,42.008
gtm,sex_f,age_10yrbands_total,mts_details_wid,2011,37.767
gtm,sex_f,age_10yrbands_total,mts_details_wid,2012,40.542
gtm,sex_f,age_10yrbands_total,mts_details_wid,2013,36.586
gtm,sex_f,age_10yrbands_total,mts_details_wid,2014,36.807
gtm,sex_f,age_10yrbands_total,mts_details_wid,2015,35.581
gtm,sex_f,age_10yrbands_total,mts_details_wid,2016,32.96
gtm,sex_f,age_10yrbands_total,mts_details_wid,2017,37.377
gtm,sex_f,age_10yrbands_total,mts_details_wid,2018,38.068
gtm,sex_f,age_10yrbands_total,mts_details_wid,2019,32.304
gtm,sex_f,age_10yrbands_total,mts_details_wid,2021,35.886
gtm,sex_f,age_10yrbands_total,mts_details_wid,2022,36.701
gtm,sex_f,age_10yrbands_total,mts_details_wid,2023,45.416
gtm,sex_f,age_10yrbands_y15_24,mts_aggregate_1,2002,46.82
gtm,sex_f,age_10yrbands_y15_24,mts_aggregate_1,2003,48.092
gtm,sex_f,age_10yrbands_y15_24,mts_aggregate_1,2004,37.311
gtm,sex_f,age_10yrbands_y15_24,mts_aggregate_1,2006,44.948
gtm,sex_f,age_10yrbands_y15_24,mts_aggregate_1,2010,33.652
gtm,sex_f,age_10yrbands_y15_24,mts_aggregate_1,2011,35.702
gtm,sex_f,age_10yrbands_y15_24,mts_aggregate_1,2012,40.499
gtm,sex_f,age_10yrbands_y15_24,mts_aggregate_1,2013,35.327
gtm,sex_f,age_10yrbands_y15_24,mts_aggregate_1,2014,34.194
gtm,sex_f,age_10yrbands_y15_24,mts_aggregate_1,2015,32.617
gtm,sex_f,age_10yrbands_y15_24,mts_aggregate_1,2016,35.125
gtm,sex_f,age_10yrbands_y15_24,mts_aggregate_1,2017,32.368
gtm,sex_f,age_10yrbands_y15_24,mts_aggregate_1,2018,34.574
gtm,sex_f,age_10yrbands_y15_24,mts_aggregate_1,2019,33.788
gtm,sex_f,age_10yrbands_y15_24,mts_aggregate_1,2021,36.899
gtm,sex_f,age_10yrbands_y15_24,mts_aggregate_1,2022,33.359
gtm,sex_f,age_10yrbands_y15_24,mts_aggregate_1,2023,44.763
gtm,sex_f,age_10yrbands_y15_24,mts_aggregate_2,2002,30.178
gtm,sex_f,age_10yrbands_y15_24,mts_aggregate_2,2003,32.705
gtm,sex_f,age_10yrbands_y15_24,mts_aggregate_2,2004,23.444
gtm,sex_f,age_10yrbands_y15_24,mts_aggregate_2,2006,28.602
gtm,sex_f,age_10yrbands_y15_24,mts_aggregate_2,2010,26.066
gtm,sex_f,age_10yrbands_y15_24,mts_aggregate_2,2011,18.423
gtm,sex_f,age_10yrbands_y15_24,mts_aggregate_2,2012,29.515
gtm,sex_f,age_10yrbands_y15_24,mts_aggregate_2,2013,20.05
gtm,sex_f,age_10yrbands_y15_24,mts_aggregate_2,2014,21.024
gtm,sex_f,age_10yrbands_y15_24,mts_aggregate_2,2015,18.54
gtm,sex_f,age_10yrbands_y15_24,mts_aggregate_2,2016,20.73
gtm,sex_f,age_10yrbands_y15_24,mts_aggregate_2,2017,19.575
gtm,sex_f,age_10yrbands_y15_24,mts_aggregate_2,2018,21.346
gtm,sex_f,age_10yrbands_y15_24,mts_aggregate_2,2019,20.235
gtm,sex_f,age_10yrbands_y15_24,mts_aggregate_2,2021,28.67
gtm,sex_f,age_10yrbands_y15_24,mts_aggregate_2,2022,24.133
gtm,sex_f,age_10yrbands_y15_24,mts_aggregate_2,2023,33.486
gtm,sex_f,age_10yrbands_y15_24,mts_aggregate_total,2002,40.791
gtm,sex_f,age_10yrbands_y15_24,mts_aggregate_total,2003,42.859
gtm,sex_f,age_10yrbands_y15_24,mts_aggregate_total,2004,32.041
gtm,sex_f,age_10yrbands_y15_24,mts_aggregate_total,2006,39.196
gtm,sex_f,age_10yrbands_y15_24,mts_aggregate_total,2010,31.128
gtm,sex_f,age_10yrbands_y15_24,mts_aggregate_total,2011,30.64
gtm,sex_f,age_10yrbands_y15_24,mts_aggregate_total,2012,37.167
gtm,sex_f,age_10yrbands_y15_24,mts_aggregate_total,2013,30.587
gtm,sex_f,age_10yrbands_y15_24,mts_aggregate_total,2014,30.124
gtm,sex_f,age_10yrbands_y15_24,mts_aggregate_total,2015,28.289
gtm,sex_f,age_10yrbands_y15_24,mts_aggregate_total,2016,31.026
gtm,sex_f,age_10yrbands_y15_24,mts_aggregate_total,2017,28.67
gtm,sex_f,age_10yrbands_y15_24,mts_aggregate_total,2018,31.026
gtm,sex_f,age_10yrbands_y15_24,mts_aggregate_total,2019,30.492
gtm,sex_f,age_10yrbands_y15_24,mts_aggregate_total,2021,34.503
gtm,sex_f,age_10yrbands_y15_24,mts_aggregate_total,2022,30.713
gtm,sex_f,age_10yrbands_y15_24,mts_aggregate_total,2023,41.288
gtm,sex_f,age_10yrbands_y15_24,mts_details_mrd,2002,31.971
gtm,sex_f,age_10yrbands_y15_24,mts_details_mrd,2003,36.853
gtm,sex_f,age_10yrbands_y15_24,mts_details_mrd,2004,27.479
gtm,sex_f,age_10yrbands_y15_24,mts_details_mrd,2006,24.846
gtm,sex_f,age_10yrbands_y15_24,mts_details_mrd,2010,25.831
gtm,sex_f,age_10yrbands_y15_24,mts_details_mrd,2011,22.805
gtm,sex_f,age_10yrbands_y15_24,mts_details_mrd,2012,34.546
gtm,sex_f,age_10yrbands_y15_24,mts_details_mrd,2013,22.256
gtm,sex_f,age_10yrbands_y15_24,mts_details_mrd,2014,22.896
gtm,sex_f,age_10yrbands_y15_24,mts_details_mrd,2015,18.867
gtm,sex_f,age_10yrbands_y15_24,mts_details_mrd,2016,23.602
gtm,sex_f,age_10yrbands_y15_24,mts_details_mrd,2017,22.305
gtm,sex_f,age_10yrbands_y15_24,mts_details_mrd,2018,23.146
gtm,sex_f,age_10yrbands_y15_24,mts_details_mrd,2019,22.39
gtm,sex_f,age_10yrbands_y15_24,mts_details_mrd,2021,34.711
gtm,sex_f,age_10yrbands_y15_24,mts_details_mrd,2022,30.134
gtm,sex_f,age_10yrbands_y15_24,mts_details_mrd,2023,37.286
gtm,sex_f,age_10yrbands_y15_24,mts_details_sep,2002,48.124
gtm,sex_f,age_10yrbands_y15_24,mts_details_sep,2003,74.784
gtm,sex_f,age_10yrbands_y15_24,mts_details_sep,2004,49.113
gtm,sex_f,age_10yrbands_y15_24,mts_details_sep,2006,58.451
gtm,sex_f,age_10yrbands_y15_24,mts_details_sep,2010,50.092
gtm,sex_f,age_10yrbands_y15_24,mts_details_sep,2011,57.787
gtm,sex_f,age_10yrbands_y15_24,mts_details_sep,2012,44.326
gtm,sex_f,age_10yrbands_y15_24,mts_details_sep,2013,56.795
gtm,sex_f,age_10yrbands_y15_24,mts_details_sep,2014,41.081
gtm,sex_f,age_10yrbands_y15_24,mts_details_sep,2015,39.464
gtm,sex_f,age_10yrbands_y15_24,mts_details_sep,2016,49.343
gtm,sex_f,age_10yrbands_y15_24,mts_details_sep,2017,39.176
gtm,sex_f,age_10yrbands_y15_24,mts_details_sep,2018,45.388
gtm,sex_f,age_10yrbands_y15_24,mts_details_sep,2019,42.32
gtm,sex_f,age_10yrbands_y15_24,mts_details_sep,2021,47.236
gtm,sex_f,age_10yrbands_y15_24,mts_details_sep,2022,36.056
gtm,sex_f,age_10yrbands_y15_24,mts_details_sep,2023,62.6
gtm,sex_f,age_10yrbands_y15_24,mts_details_sgle,2002,46.636
gtm,sex_f,age_10yrbands_y15_24,mts_details_sgle,2003,47.121
gtm,sex_f,age_10yrbands_y15_24,mts_details_sgle,2004,36.987
gtm,sex_f,age_10yrbands_y15_24,mts_details_sgle,2006,44.337
gtm,sex_f,age_10yrbands_y15_24,mts_details_sgle,2010,32.821
gtm,sex_f,age_10yrbands_y15_24,mts_details_sgle,2011,34.65
gtm,sex_f,age_10yrbands_y15_24,mts_details_sgle,2012,40.338
gtm,sex_f,age_10yrbands_y15_24,mts_details_sgle,2013,34.43
gtm,sex_f,age_10yrbands_y15_24,mts_details_sgle,2014,33.824
gtm,sex_f,age_10yrbands_y15_24,mts_details_sgle,2015,32.075
gtm,sex_f,age_10yrbands_y15_24,mts_details_sgle,2016,34.317
gtm,sex_f,age_10yrbands_y15_24,mts_details_sgle,2017,31.875
gtm,sex_f,age_10yrbands_y15_24,mts_details_sgle,2018,33.785
gtm,sex_f,age_10yrbands_y15_24,mts_details_sgle,2019,33.266
gtm,sex_f,age_10yrbands_y15_24,mts_details_sgle,2021,36.317
gtm,sex_f,age_10yrbands_y15_24,mts_details_sgle,2022,33.252
gtm,sex_f,age_10yrbands_y15_24,mts_details_sgle,2023,43.465
gtm,sex_f,age_10yrbands_y15_24,mts_details_total,2002,40.791
gtm,sex_f,age_10yrbands_y15_24,mts_details_total,2003,42.859
gtm,sex_f,age_10yrbands_y15_24,mts_details_total,2004,32.041
gtm,sex_f,age_10yrbands_y15_24,mts_details_total,2006,39.196
gtm,sex_f,age_10yrbands_y15_24,mts_details_total,2010,31.128
gtm,sex_f,age_10yrbands_y15_24,mts_details_total,2011,30.64
gtm,sex_f,age_10yrbands_y15_24,mts_details_total,2012,37.167
gtm,sex_f,age_10yrbands_y15_24,mts_details_total,2013,30.587
gtm,sex_f,age_10yrbands_y15_24,mts_details_total,2014,30.124
gtm,sex_f,age_10yrbands_y15_24,mts_details_total,2015,28.289
gtm,sex_f,age_10yrbands_y15_24,mts_details_total,2016,31.026
gtm,sex_f,age_10yrbands_y15_24,mts_details_total,2017,28.67
gtm,sex_f,age_10yrbands_y15_24,mts_details_total,2018,31.026
gtm,sex_f,age_10yrbands_y15_24,mts_details_total,2019,30.492
gtm,sex_f,age_10yrbands_y15_24,mts_details_total,2021,34.503
gtm,sex_f,age_10yrbands_y15_24,mts_details_total,2022,30.713
gtm,sex_f,age_10yrbands_y15_24,mts_details_total,2023,41.288
gtm,sex_f,age_10yrbands_y15_24,mts_details_union,2002,27.956
gtm,sex_f,age_10yrbands_y15_24,mts_details_union,2003,27.473
gtm,sex_f,age_10yrbands_y15_24,mts_details_union,2004,18.324
gtm,sex_f,age_10yrbands_y15_24,mts_details_union,2006,32.791
gtm,sex_f,age_10yrbands_y15_24,mts_details_union,2010,26.239
gtm,sex_f,age_10yrbands_y15_24,mts_details_union,2011,15.425
gtm,sex_f,age_10yrbands_y15_24,mts_details_union,2012,24.262
gtm,sex_f,age_10yrbands_y15_24,mts_details_union,2013,18.21
gtm,sex_f,age_10yrbands_y15_24,mts_details_union,2014,19.213
gtm,sex_f,age_10yrbands_y15_24,mts_details_union,2015,18.299
gtm,sex_f,age_10yrbands_y15_24,mts_details_union,2016,18.805
gtm,sex_f,age_10yrbands_y15_24,mts_details_union,2017,17.848
gtm,sex_f,age_10yrbands_y15_24,mts_details_union,2018,20.231
gtm,sex_f,age_10yrbands_y15_24,mts_details_union,2019,19.093
gtm,sex_f,age_10yrbands_y15_24,mts_details_union,2021,25.74
gtm,sex_f,age_10yrbands_y15_24,mts_details_union,2022,21.646
gtm,sex_f,age_10yrbands_y15_24,mts_details_union,2023,31.929
gtm,sex_f,age_10yrbands_y15_24,mts_details_wid,2002,100
gtm,sex_f,age_10yrbands_y15_24,mts_details_wid,2004,27.319
gtm,sex_f,age_10yrbands_y15_24,mts_details_wid,2006,26.997
gtm,sex_f,age_10yrbands_y15_24,mts_details_wid,2015,47.227
gtm,sex_f,age_10yrbands_y15_24,mts_details_wid,2016,36.673
gtm,sex_f,age_10yrbands_y15_24,mts_details_wid,2017,50.281
gtm,sex_f,age_10yrbands_y15_24,mts_details_wid,2019,64.593
gtm,sex_f,age_10yrbands_y15_24,mts_details_wid,2023,62.557
gtm,sex_f,age_10yrbands_y25_34,mts_aggregate_1,2002,72.936
gtm,sex_f,age_10yrbands_y25_34,mts_aggregate_1,2003,71.206
gtm,sex_f,age_10yrbands_y25_34,mts_aggregate_1,2004,69.535
gtm,sex_f,age_10yrbands_y25_34,mts_aggregate_1,2006,72.44
gtm,sex_f,age_10yrbands_y25_34,mts_aggregate_1,2010,67.12
gtm,sex_f,age_10yrbands_y25_34,mts_aggregate_1,2011,67.793
gtm,sex_f,age_10yrbands_y25_34,mts_aggregate_1,2012,71.587
gtm,sex_f,age_10yrbands_y25_34,mts_aggregate_1,2013,66.35
gtm,sex_f,age_10yrbands_y25_34,mts_aggregate_1,2014,70.215
gtm,sex_f,age_10yrbands_y25_34,mts_aggregate_1,2015,67.58
gtm,sex_f,age_10yrbands_y25_34,mts_aggregate_1,2016,66.817
gtm,sex_f,age_10yrbands_y25_34,mts_aggregate_1,2017,64.485
gtm,sex_f,age_10yrbands_y25_34,mts_aggregate_1,2018,67.333
gtm,sex_f,age_10yrbands_y25_34,mts_aggregate_1,2019,64.804
gtm,sex_f,age_10yrbands_y25_34,mts_aggregate_1,2021,67.716
gtm,sex_f,age_10yrbands_y25_34,mts_aggregate_1,2022,65.565
gtm,sex_f,age_10yrbands_y25_34,mts_aggregate_1,2023,74.933
gtm,sex_f,age_10yrbands_y25_34,mts_aggregate_2,2002,43.161
gtm,sex_f,age_10yrbands_y25_34,mts_aggregate_2,2003,42.864
gtm,sex_f,age_10yrbands_y25_34,mts_aggregate_2,2004,44.241
gtm,sex_f,age_10yrbands_y25_34,mts_aggregate_2,2006,45.666
gtm,sex_f,age_10yrbands_y25_34,mts_aggregate_2,2010,41.737
gtm,sex_f,age_10yrbands_y25_34,mts_aggregate_2,2011,31.924
gtm,sex_f,age_10yrbands_y25_34,mts_aggregate_2,2012,45.706
gtm,sex_f,age_10yrbands_y25_34,mts_aggregate_2,2013,37.74
gtm,sex_f,age_10yrbands_y25_34,mts_aggregate_2,2014,40.182
gtm,sex_f,age_10yrbands_y25_34,mts_aggregate_2,2015,36.989
gtm,sex_f,age_10yrbands_y25_34,mts_aggregate_2,2016,36.815
gtm,sex_f,age_10yrbands_y25_34,mts_aggregate_2,2017,37.144
gtm,sex_f,age_10yrbands_y25_34,mts_aggregate_2,2018,34.369
gtm,sex_f,age_10yrbands_y25_34,mts_aggregate_2,2019,32.294
gtm,sex_f,age_10yrbands_y25_34,mts_aggregate_2,2021,40.564
gtm,sex_f,age_10yrbands_y25_34,mts_aggregate_2,2022,39.431
gtm,sex_f,age_10yrbands_y25_34,mts_aggregate_2,2023,49.655
gtm,sex_f,age_10yrbands_y25_34,mts_aggregate_total,2002,50.574
gtm,sex_f,age_10yrbands_y25_34,mts_aggregate_total,2003,49.347
gtm,sex_f,age_10yrbands_y25_34,mts_aggregate_total,2004,50.541
gtm,sex_f,age_10yrbands_y25_34,mts_aggregate_total,2006,53.165
gtm,sex_f,age_10yrbands_y25_34,mts_aggregate_total,2010,48.983
gtm,sex_f,age_10yrbands_y25_34,mts_aggregate_total,2011,43.42
gtm,sex_f,age_10yrbands_y25_34,mts_aggregate_total,2012,53.571
gtm,sex_f,age_10yrbands_y25_34,mts_aggregate_total,2013,47.086
gtm,sex_f,age_10yrbands_y25_34,mts_aggregate_total,2014,49.728
gtm,sex_f,age_10yrbands_y25_34,mts_aggregate_total,2015,46.609
gtm,sex_f,age_10yrbands_y25_34,mts_aggregate_total,2016,46.338
gtm,sex_f,age_10yrbands_y25_34,mts_aggregate_total,2017,45.747
gtm,sex_f,age_10yrbands_y25_34,mts_aggregate_total,2018,45.93
gtm,sex_f,age_10yrbands_y25_34,mts_aggregate_total,2019,44.216
gtm,sex_f,age_10yrbands_y25_34,mts_aggregate_total,2021,49.743
gtm,sex_f,age_10yrbands_y25_34,mts_aggregate_total,2022,48.049
gtm,sex_f,age_10yrbands_y25_34,mts_aggregate_total,2023,58.494
gtm,sex_f,age_10yrbands_y25_34,mts_details_mrd,2002,44.54
gtm,sex_f,age_10yrbands_y25_34,mts_details_mrd,2003,43.8
gtm,sex_f,age_10yrbands_y25_34,mts_details_mrd,2004,45.124
gtm,sex_f,age_10yrbands_y25_34,mts_details_mrd,2006,47.929
gtm,sex_f,age_10yrbands_y25_34,mts_details_mrd,2010,41.049
gtm,sex_f,age_10yrbands_y25_34,mts_details_mrd,2011,34.974
gtm,sex_f,age_10yrbands_y25_34,mts_details_mrd,2012,47.433
gtm,sex_f,age_10yrbands_y25_34,mts_details_mrd,2013,40.031
gtm,sex_f,age_10yrbands_y25_34,mts_details_mrd,2014,40.381
gtm,sex_f,age_10yrbands_y25_34,mts_details_mrd,2015,38.522
gtm,sex_f,age_10yrbands_y25_34,mts_details_mrd,2016,36.324
gtm,sex_f,age_10yrbands_y25_34,mts_details_mrd,2017,38.056
gtm,sex_f,age_10yrbands_y25_34,mts_details_mrd,2018,34.712
gtm,sex_f,age_10yrbands_y25_34,mts_details_mrd,2019,34.471
gtm,sex_f,age_10yrbands_y25_34,mts_details_mrd,2021,42.657
gtm,sex_f,age_10yrbands_y25_34,mts_details_mrd,2022,39.325
gtm,sex_f,age_10yrbands_y25_34,mts_details_mrd,2023,53.169
gtm,sex_f,age_10yrbands_y25_34,mts_details_sep,2002,77.082
gtm,sex_f,age_10yrbands_y25_34,mts_details_sep,2003,70.146
gtm,sex_f,age_10yrbands_y25_34,mts_details_sep,2004,78.791
gtm,sex_f,age_10yrbands_y25_34,mts_details_sep,2006,70.775
gtm,sex_f,age_10yrbands_y25_34,mts_details_sep,2010,63.494
gtm,sex_f,age_10yrbands_y25_34,mts_details_sep,2011,73.322
gtm,sex_f,age_10yrbands_y25_34,mts_details_sep,2012,80.949
gtm,sex_f,age_10yrbands_y25_34,mts_details_sep,2013,74.681
gtm,sex_f,age_10yrbands_y25_34,mts_details_sep,2014,76.222
gtm,sex_f,age_10yrbands_y25_34,mts_details_sep,2015,69.853
gtm,sex_f,age_10yrbands_y25_34,mts_details_sep,2016,69.004
gtm,sex_f,age_10yrbands_y25_34,mts_details_sep,2017,67.31
gtm,sex_f,age_10yrbands_y25_34,mts_details_sep,2018,70.226
gtm,sex_f,age_10yrbands_y25_34,mts_details_sep,2019,63.7
gtm,sex_f,age_10yrbands_y25_34,mts_details_sep,2021,68.845
gtm,sex_f,age_10yrbands_y25_34,mts_details_sep,2022,74.061
gtm,sex_f,age_10yrbands_y25_34,mts_details_sep,2023,77.64
gtm,sex_f,age_10yrbands_y25_34,mts_details_sgle,2002,71.95
gtm,sex_f,age_10yrbands_y25_34,mts_details_sgle,2003,72.834
gtm,sex_f,age_10yrbands_y25_34,mts_details_sgle,2004,68.403
gtm,sex_f,age_10yrbands_y25_34,mts_details_sgle,2006,71.771
gtm,sex_f,age_10yrbands_y25_34,mts_details_sgle,2010,68.443
gtm,sex_f,age_10yrbands_y25_34,mts_details_sgle,2011,64.754
gtm,sex_f,age_10yrbands_y25_34,mts_details_sgle,2012,65.783
gtm,sex_f,age_10yrbands_y25_34,mts_details_sgle,2013,62.916
gtm,sex_f,age_10yrbands_y25_34,mts_details_sgle,2014,66.701
gtm,sex_f,age_10yrbands_y25_34,mts_details_sgle,2015,66.05
gtm,sex_f,age_10yrbands_y25_34,mts_details_sgle,2016,65.534
gtm,sex_f,age_10yrbands_y25_34,mts_details_sgle,2017,62.344
gtm,sex_f,age_10yrbands_y25_34,mts_details_sgle,2018,65.3
gtm,sex_f,age_10yrbands_y25_34,mts_details_sgle,2019,64.606
gtm,sex_f,age_10yrbands_y25_34,mts_details_sgle,2021,66.832
gtm,sex_f,age_10yrbands_y25_34,mts_details_sgle,2022,64.759
gtm,sex_f,age_10yrbands_y25_34,mts_details_sgle,2023,72.882
gtm,sex_f,age_10yrbands_y25_34,mts_details_total,2002,50.574
gtm,sex_f,age_10yrbands_y25_34,mts_details_total,2003,49.347
gtm,sex_f,age_10yrbands_y25_34,mts_details_total,2004,50.541
gtm,sex_f,age_10yrbands_y25_34,mts_details_total,2006,53.165
gtm,sex_f,age_10yrbands_y25_34,mts_details_total,2010,48.983
gtm,sex_f,age_10yrbands_y25_34,mts_details_total,2011,43.42
gtm,sex_f,age_10yrbands_y25_34,mts_details_total,2012,53.571
gtm,sex_f,age_10yrbands_y25_34,mts_details_total,2013,47.086
gtm,sex_f,age_10yrbands_y25_34,mts_details_total,2014,49.728
gtm,sex_f,age_10yrbands_y25_34,mts_details_total,2015,46.609
gtm,sex_f,age_10yrbands_y25_34,mts_details_total,2016,46.338
gtm,sex_f,age_10yrbands_y25_34,mts_details_total,2017,45.747
gtm,sex_f,age_10yrbands_y25_34,mts_details_total,2018,45.93
gtm,sex_f,age_10yrbands_y25_34,mts_details_total,2019,44.216
gtm,sex_f,age_10yrbands_y25_34,mts_details_total,2021,49.743
gtm,sex_f,age_10yrbands_y25_34,mts_details_total,2022,48.049
gtm,sex_f,age_10yrbands_y25_34,mts_details_total,2023,58.494
gtm,sex_f,age_10yrbands_y25_34,mts_details_union,2002,40.253
gtm,sex_f,age_10yrbands_y25_34,mts_details_union,2003,40.852
gtm,sex_f,age_10yrbands_y25_34,mts_details_union,2004,42.391
gtm,sex_f,age_10yrbands_y25_34,mts_details_union,2006,44.505
gtm,sex_f,age_10yrbands_y25_34,mts_details_union,2010,42.879
gtm,sex_f,age_10yrbands_y25_34,mts_details_union,2011,26.296
gtm,sex_f,age_10yrbands_y25_34,mts_details_union,2012,42.787
gtm,sex_f,age_10yrbands_y25_34,mts_details_union,2013,33.666
gtm,sex_f,age_10yrbands_y25_34,mts_details_union,2014,39.836
gtm,sex_f,age_10yrbands_y25_34,mts_details_union,2015,34.702
gtm,sex_f,age_10yrbands_y25_34,mts_details_union,2016,37.473
gtm,sex_f,age_10yrbands_y25_34,mts_details_union,2017,35.661
gtm,sex_f,age_10yrbands_y25_34,mts_details_union,2018,33.855
gtm,sex_f,age_10yrbands_y25_34,mts_details_union,2019,29.104
gtm,sex_f,age_10yrbands_y25_34,mts_details_union,2021,37.989
gtm,sex_f,age_10yrbands_y25_34,mts_details_union,2022,39.568
gtm,sex_f,age_10yrbands_y25_34,mts_details_union,2023,45.297
gtm,sex_f,age_10yrbands_y25_34,mts_details_wid,2002,71.69
gtm,sex_f,age_10yrbands_y25_34,mts_details_wid,2003,53.834
gtm,sex_f,age_10yrbands_y25_34,mts_details_wid,2004,47.158
gtm,sex_f,age_10yrbands_y25_34,mts_details_wid,2006,86.543
gtm,sex_f,age_10yrbands_y25_34,mts_details_wid,2010,69.86
gtm,sex_f,age_10yrbands_y25_34,mts_details_wid,2011,66.029
gtm,sex_f,age_10yrbands_y25_34,mts_details_wid,2012,89.526
gtm,sex_f,age_10yrbands_y25_34,mts_details_wid,2013,80.034
gtm,sex_f,age_10yrbands_y25_34,mts_details_wid,2014,83.025
gtm,sex_f,age_10yrbands_y25_34,mts_details_wid,2015,68.56
gtm,sex_f,age_10yrbands_y25_34,mts_details_wid,2016,66.999
gtm,sex_f,age_10yrbands_y25_34,mts_details_wid,2017,74.186
gtm,sex_f,age_10yrbands_y25_34,mts_details_wid,2018,76.125
gtm,sex_f,age_10yrbands_y25_34,mts_details_wid,2019,81.048
gtm,sex_f,age_10yrbands_y25_34,mts_details_wid,2021,76.57
gtm,sex_f,age_10yrbands_y25_34,mts_details_wid,2022,49.568
gtm,sex_f,age_10yrbands_y25_34,mts_details_wid,2023,83.551
gtm,sex_f,age_10yrbands_y35_44,mts_aggregate_1,2002,78.149
gtm,sex_f,age_10yrbands_y35_44,mts_aggregate_1,2003,71.409
gtm,sex_f,age_10yrbands_y35_44,mts_aggregate_1,2004,75.662
gtm,sex_f,age_10yrbands_y35_44,mts_aggregate_1,2006,77.859
gtm,sex_f,age_10yrbands_y35_44,mts_aggregate_1,2010,65.537
gtm,sex_f,age_10yrbands_y35_44,mts_aggregate_1,2011,80.142
gtm,sex_f,age_10yrbands_y35_44,mts_aggregate_1,2012,75.722
gtm,sex_f,age_10yrbands_y35_44,mts_aggregate_1,2013,74.885
gtm,sex_f,age_10yrbands_y35_44,mts_aggregate_1,2014,73.866
gtm,sex_f,age_10yrbands_y35_44,mts_aggregate_1,2015,74.215
gtm,sex_f,age_10yrbands_y35_44,mts_aggregate_1,2016,75.527
gtm,sex_f,age_10yrbands_y35_44,mts_aggregate_1,2017,74.312
gtm,sex_f,age_10yrbands_y35_44,mts_aggregate_1,2018,71.544
gtm,sex_f,age_10yrbands_y35_44,mts_aggregate_1,2019,72.137
gtm,sex_f,age_10yrbands_y35_44,mts_aggregate_1,2021,79.07
gtm,sex_f,age_10yrbands_y35_44,mts_aggregate_1,2022,68.499
gtm,sex_f,age_10yrbands_y35_44,mts_aggregate_1,2023,79.345
gtm,sex_f,age_10yrbands_y35_44,mts_aggregate_2,2002,47.709
gtm,sex_f,age_10yrbands_y35_44,mts_aggregate_2,2003,52.186
gtm,sex_f,age_10yrbands_y35_44,mts_aggregate_2,2004,43.831
gtm,sex_f,age_10yrbands_y35_44,mts_aggregate_2,2006,48.989
gtm,sex_f,age_10yrbands_y35_44,mts_aggregate_2,2010,43.388
gtm,sex_f,age_10yrbands_y35_44,mts_aggregate_2,2011,40.746
gtm,sex_f,age_10yrbands_y35_44,mts_aggregate_2,2012,46.01
gtm,sex_f,age_10yrbands_y35_44,mts_aggregate_2,2013,43.002
gtm,sex_f,age_10yrbands_y35_44,mts_aggregate_2,2014,41.402
gtm,sex_f,age_10yrbands_y35_44,mts_aggregate_2,2015,42.234
gtm,sex_f,age_10yrbands_y35_44,mts_aggregate_2,2016,43.67
gtm,sex_f,age_10yrbands_y35_44,mts_aggregate_2,2017,41.717
gtm,sex_f,age_10yrbands_y35_44,mts_aggregate_2,2018,40.017
gtm,sex_f,age_10yrbands_y35_44,mts_aggregate_2,2019,38.981
gtm,sex_f,age_10yrbands_y35_44,mts_aggregate_2,2021,47.995
gtm,sex_f,age_10yrbands_y35_44,mts_aggregate_2,2022,42.011
gtm,sex_f,age_10yrbands_y35_44,mts_aggregate_2,2023,59.023
gtm,sex_f,age_10yrbands_y35_44,mts_aggregate_total,2002,54.885
gtm,sex_f,age_10yrbands_y35_44,mts_aggregate_total,2003,56.639
gtm,sex_f,age_10yrbands_y35_44,mts_aggregate_total,2004,49.987
gtm,sex_f,age_10yrbands_y35_44,mts_aggregate_total,2006,56.262
gtm,sex_f,age_10yrbands_y35_44,mts_aggregate_total,2010,48.511
gtm,sex_f,age_10yrbands_y35_44,mts_aggregate_total,2011,48.885
gtm,sex_f,age_10yrbands_y35_44,mts_aggregate_total,2012,53.47
gtm,sex_f,age_10yrbands_y35_44,mts_aggregate_total,2013,51.483
gtm,sex_f,age_10yrbands_y35_44,mts_aggregate_total,2014,49.431
gtm,sex_f,age_10yrbands_y35_44,mts_aggregate_total,2015,50.448
gtm,sex_f,age_10yrbands_y35_44,mts_aggregate_total,2016,52.059
gtm,sex_f,age_10yrbands_y35_44,mts_aggregate_total,2017,50.565
gtm,sex_f,age_10yrbands_y35_44,mts_aggregate_total,2018,48.582
gtm,sex_f,age_10yrbands_y35_44,mts_aggregate_total,2019,47.954
gtm,sex_f,age_10yrbands_y35_44,mts_aggregate_total,2021,56.448
gtm,sex_f,age_10yrbands_y35_44,mts_aggregate_total,2022,49.435
gtm,sex_f,age_10yrbands_y35_44,mts_aggregate_total,2023,65.046
gtm,sex_f,age_10yrbands_y35_44,mts_details_mrd,2002,48.828
gtm,sex_f,age_10yrbands_y35_44,mts_details_mrd,2003,51.895
gtm,sex_f,age_10yrbands_y35_44,mts_details_mrd,2004,42.866
gtm,sex_f,age_10yrbands_y35_44,mts_details_mrd,2006,50.473
gtm,sex_f,age_10yrbands_y35_44,mts_details_mrd,2010,43.969
gtm,sex_f,age_10yrbands_y35_44,mts_details_mrd,2011,45.435
gtm,sex_f,age_10yrbands_y35_44,mts_details_mrd,2012,43.609
gtm,sex_f,age_10yrbands_y35_44,mts_details_mrd,2013,42.092
gtm,sex_f,age_10yrbands_y35_44,mts_details_mrd,2014,42.133
gtm,sex_f,age_10yrbands_y35_44,mts_details_mrd,2015,42.572
gtm,sex_f,age_10yrbands_y35_44,mts_details_mrd,2016,44.067
gtm,sex_f,age_10yrbands_y35_44,mts_details_mrd,2017,42.296
gtm,sex_f,age_10yrbands_y35_44,mts_details_mrd,2018,39.851
gtm,sex_f,age_10yrbands_y35_44,mts_details_mrd,2019,38.538
gtm,sex_f,age_10yrbands_y35_44,mts_details_mrd,2021,46.298
gtm,sex_f,age_10yrbands_y35_44,mts_details_mrd,2022,39.604
gtm,sex_f,age_10yrbands_y35_44,mts_details_mrd,2023,60.627
gtm,sex_f,age_10yrbands_y35_44,mts_details_sep,2002,83.997
gtm,sex_f,age_10yrbands_y35_44,mts_details_sep,2003,77.442
gtm,sex_f,age_10yrbands_y35_44,mts_details_sep,2004,87.941
gtm,sex_f,age_10yrbands_y35_44,mts_details_sep,2006,79.148
gtm,sex_f,age_10yrbands_y35_44,mts_details_sep,2010,74.592
gtm,sex_f,age_10yrbands_y35_44,mts_details_sep,2011,85.31
gtm,sex_f,age_10yrbands_y35_44,mts_details_sep,2012,82.899
gtm,sex_f,age_10yrbands_y35_44,mts_details_sep,2013,74.187
gtm,sex_f,age_10yrbands_y35_44,mts_details_sep,2014,76.153
gtm,sex_f,age_10yrbands_y35_44,mts_details_sep,2015,77.299
gtm,sex_f,age_10yrbands_y35_44,mts_details_sep,2016,78.596
gtm,sex_f,age_10yrbands_y35_44,mts_details_sep,2017,78.497
gtm,sex_f,age_10yrbands_y35_44,mts_details_sep,2018,76.407
gtm,sex_f,age_10yrbands_y35_44,mts_details_sep,2019,73.618
gtm,sex_f,age_10yrbands_y35_44,mts_details_sep,2021,80.744
gtm,sex_f,age_10yrbands_y35_44,mts_details_sep,2022,66.006
gtm,sex_f,age_10yrbands_y35_44,mts_details_sep,2023,82.817
gtm,sex_f,age_10yrbands_y35_44,mts_details_sgle,2002,74.09
gtm,sex_f,age_10yrbands_y35_44,mts_details_sgle,2003,66.93
gtm,sex_f,age_10yrbands_y35_44,mts_details_sgle,2004,61.365
gtm,sex_f,age_10yrbands_y35_44,mts_details_sgle,2006,79.154
gtm,sex_f,age_10yrbands_y35_44,mts_details_sgle,2010,57.613
gtm,sex_f,age_10yrbands_y35_44,mts_details_sgle,2011,73.17
gtm,sex_f,age_10yrbands_y35_44,mts_details_sgle,2012,68.915
gtm,sex_f,age_10yrbands_y35_44,mts_details_sgle,2013,75.725
gtm,sex_f,age_10yrbands_y35_44,mts_details_sgle,2014,65.102
gtm,sex_f,age_10yrbands_y35_44,mts_details_sgle,2015,68.126
gtm,sex_f,age_10yrbands_y35_44,mts_details_sgle,2016,72.175
gtm,sex_f,age_10yrbands_y35_44,mts_details_sgle,2017,66.573
gtm,sex_f,age_10yrbands_y35_44,mts_details_sgle,2018,62.557
gtm,sex_f,age_10yrbands_y35_44,mts_details_sgle,2019,70.874
gtm,sex_f,age_10yrbands_y35_44,mts_details_sgle,2021,72.057
gtm,sex_f,age_10yrbands_y35_44,mts_details_sgle,2022,72.095
gtm,sex_f,age_10yrbands_y35_44,mts_details_sgle,2023,73.48
gtm,sex_f,age_10yrbands_y35_44,mts_details_total,2002,54.885
gtm,sex_f,age_10yrbands_y35_44,mts_details_total,2003,56.639
gtm,sex_f,age_10yrbands_y35_44,mts_details_total,2004,49.987
gtm,sex_f,age_10yrbands_y35_44,mts_details_total,2006,56.262
gtm,sex_f,age_10yrbands_y35_44,mts_details_total,2010,48.511
gtm,sex_f,age_10yrbands_y35_44,mts_details_total,2011,48.885
gtm,sex_f,age_10yrbands_y35_44,mts_details_total,2012,53.47
gtm,sex_f,age_10yrbands_y35_44,mts_details_total,2013,51.483
gtm,sex_f,age_10yrbands_y35_44,mts_details_total,2014,49.431
gtm,sex_f,age_10yrbands_y35_44,mts_details_total,2015,50.448
gtm,sex_f,age_10yrbands_y35_44,mts_details_total,2016,52.059
gtm,sex_f,age_10yrbands_y35_44,mts_details_total,2017,50.565
gtm,sex_f,age_10yrbands_y35_44,mts_details_total,2018,48.582
gtm,sex_f,age_10yrbands_y35_44,mts_details_total,2019,47.954
gtm,sex_f,age_10yrbands_y35_44,mts_details_total,2021,56.448
gtm,sex_f,age_10yrbands_y35_44,mts_details_total,2022,49.435
gtm,sex_f,age_10yrbands_y35_44,mts_details_total,2023,65.046
gtm,sex_f,age_10yrbands_y35_44,mts_details_union,2002,45.142
gtm,sex_f,age_10yrbands_y35_44,mts_details_union,2003,52.939
gtm,sex_f,age_10yrbands_y35_44,mts_details_union,2004,46.079
gtm,sex_f,age_10yrbands_y35_44,mts_details_union,2006,48.379
gtm,sex_f,age_10yrbands_y35_44,mts_details_union,2010,42.175
gtm,sex_f,age_10yrbands_y35_44,mts_details_union,2011,30.256
gtm,sex_f,age_10yrbands_y35_44,mts_details_union,2012,51.548
gtm,sex_f,age_10yrbands_y35_44,mts_details_union,2013,45.301
gtm,sex_f,age_10yrbands_y35_44,mts_details_union,2014,39.473
gtm,sex_f,age_10yrbands_y35_44,mts_details_union,2015,41.434
gtm,sex_f,age_10yrbands_y35_44,mts_details_union,2016,42.817
gtm,sex_f,age_10yrbands_y35_44,mts_details_union,2017,40.441
gtm,sex_f,age_10yrbands_y35_44,mts_details_union,2018,40.372
gtm,sex_f,age_10yrbands_y35_44,mts_details_union,2019,40.091
gtm,sex_f,age_10yrbands_y35_44,mts_details_union,2021,51.768
gtm,sex_f,age_10yrbands_y35_44,mts_details_union,2022,48.422
gtm,sex_f,age_10yrbands_y35_44,mts_details_union,2023,55.925
gtm,sex_f,age_10yrbands_y35_44,mts_details_wid,2002,78.269
gtm,sex_f,age_10yrbands_y35_44,mts_details_wid,2003,71.117
gtm,sex_f,age_10yrbands_y35_44,mts_details_wid,2004,83.124
gtm,sex_f,age_10yrbands_y35_44,mts_details_wid,2006,71.613
gtm,sex_f,age_10yrbands_y35_44,mts_details_wid,2010,62.355
gtm,sex_f,age_10yrbands_y35_44,mts_details_wid,2011,79.265
gtm,sex_f,age_10yrbands_y35_44,mts_details_wid,2012,71.542
gtm,sex_f,age_10yrbands_y35_44,mts_details_wid,2013,74.725
gtm,sex_f,age_10yrbands_y35_44,mts_details_wid,2014,82.411
gtm,sex_f,age_10yrbands_y35_44,mts_details_wid,2015,75.502
gtm,sex_f,age_10yrbands_y35_44,mts_details_wid,2016,71.157
gtm,sex_f,age_10yrbands_y35_44,mts_details_wid,2017,74.837
gtm,sex_f,age_10yrbands_y35_44,mts_details_wid,2018,75.491
gtm,sex_f,age_10yrbands_y35_44,mts_details_wid,2019,70.195
gtm,sex_f,age_10yrbands_y35_44,mts_details_wid,2021,90.271
gtm,sex_f,age_10yrbands_y35_44,mts_details_wid,2022,59.42
gtm,sex_f,age_10yrbands_y35_44,mts_details_wid,2023,82.026
gtm,sex_f,age_10yrbands_y45_54,mts_aggregate_1,2002,69.305
gtm,sex_f,age_10yrbands_y45_54,mts_aggregate_1,2003,70.935
gtm,sex_f,age_10yrbands_y45_54,mts_aggregate_1,2004,67.485
gtm,sex_f,age_10yrbands_y45_54,mts_aggregate_1,2006,69.343
gtm,sex_f,age_10yrbands_y45_54,mts_aggregate_1,2010,60.982
gtm,sex_f,age_10yrbands_y45_54,mts_aggregate_1,2011,63.218
gtm,sex_f,age_10yrbands_y45_54,mts_aggregate_1,2012,69.756
gtm,sex_f,age_10yrbands_y45_54,mts_aggregate_1,2013,63.38
gtm,sex_f,age_10yrbands_y45_54,mts_aggregate_1,2014,61.209
gtm,sex_f,age_10yrbands_y45_54,mts_aggregate_1,2015,62.206
gtm,sex_f,age_10yrbands_y45_54,mts_aggregate_1,2016,62.835
gtm,sex_f,age_10yrbands_y45_54,mts_aggregate_1,2017,64.744
gtm,sex_f,age_10yrbands_y45_54,mts_aggregate_1,2018,61.471
gtm,sex_f,age_10yrbands_y45_54,mts_aggregate_1,2019,60.432
gtm,sex_f,age_10yrbands_y45_54,mts_aggregate_1,2021,64.549
gtm,sex_f,age_10yrbands_y45_54,mts_aggregate_1,2022,65.592
gtm,sex_f,age_10yrbands_y45_54,mts_aggregate_1,2023,74.512
gtm,sex_f,age_10yrbands_y45_54,mts_aggregate_2,2002,43.999
gtm,sex_f,age_10yrbands_y45_54,mts_aggregate_2,2003,49.786
gtm,sex_f,age_10yrbands_y45_54,mts_aggregate_2,2004,42.97
gtm,sex_f,age_10yrbands_y45_54,mts_aggregate_2,2006,48.408
gtm,sex_f,age_10yrbands_y45_54,mts_aggregate_2,2010,45.282
gtm,sex_f,age_10yrbands_y45_54,mts_aggregate_2,2011,39.189
gtm,sex_f,age_10yrbands_y45_54,mts_aggregate_2,2012,46.04
gtm,sex_f,age_10yrbands_y45_54,mts_aggregate_2,2013,35.81
gtm,sex_f,age_10yrbands_y45_54,mts_aggregate_2,2014,38.922
gtm,sex_f,age_10yrbands_y45_54,mts_aggregate_2,2015,34.705
gtm,sex_f,age_10yrbands_y45_54,mts_aggregate_2,2016,37.109
gtm,sex_f,age_10yrbands_y45_54,mts_aggregate_2,2017,36.451
gtm,sex_f,age_10yrbands_y45_54,mts_aggregate_2,2018,37.779
gtm,sex_f,age_10yrbands_y45_54,mts_aggregate_2,2019,35.173
gtm,sex_f,age_10yrbands_y45_54,mts_aggregate_2,2021,38.552
gtm,sex_f,age_10yrbands_y45_54,mts_aggregate_2,2022,38.485
gtm,sex_f,age_10yrbands_y45_54,mts_aggregate_2,2023,53.444
gtm,sex_f,age_10yrbands_y45_54,mts_aggregate_total,2002,50.261
gtm,sex_f,age_10yrbands_y45_54,mts_aggregate_total,2003,54.864
gtm,sex_f,age_10yrbands_y45_54,mts_aggregate_total,2004,48.927
gtm,sex_f,age_10yrbands_y45_54,mts_aggregate_total,2006,54.666
gtm,sex_f,age_10yrbands_y45_54,mts_aggregate_total,2010,49.714
gtm,sex_f,age_10yrbands_y45_54,mts_aggregate_total,2011,46.083
gtm,sex_f,age_10yrbands_y45_54,mts_aggregate_total,2012,53.465
gtm,sex_f,age_10yrbands_y45_54,mts_aggregate_total,2013,43.275
gtm,sex_f,age_10yrbands_y45_54,mts_aggregate_total,2014,45.41
gtm,sex_f,age_10yrbands_y45_54,mts_aggregate_total,2015,42.525
gtm,sex_f,age_10yrbands_y45_54,mts_aggregate_total,2016,44.382
gtm,sex_f,age_10yrbands_y45_54,mts_aggregate_total,2017,44.57
gtm,sex_f,age_10yrbands_y45_54,mts_aggregate_total,2018,44.486
gtm,sex_f,age_10yrbands_y45_54,mts_aggregate_total,2019,42.364
gtm,sex_f,age_10yrbands_y45_54,mts_aggregate_total,2021,46.053
gtm,sex_f,age_10yrbands_y45_54,mts_aggregate_total,2022,46.478
gtm,sex_f,age_10yrbands_y45_54,mts_aggregate_total,2023,59.98
gtm,sex_f,age_10yrbands_y45_54,mts_details_mrd,2002,43.975
gtm,sex_f,age_10yrbands_y45_54,mts_details_mrd,2003,50.174
gtm,sex_f,age_10yrbands_y45_54,mts_details_mrd,2004,41.709
gtm,sex_f,age_10yrbands_y45_54,mts_details_mrd,2006,52.936
gtm,sex_f,age_10yrbands_y45_54,mts_details_mrd,2010,45.514
gtm,sex_f,age_10yrbands_y45_54,mts_details_mrd,2011,38.054
gtm,sex_f,age_10yrbands_y45_54,mts_details_mrd,2012,46.108
gtm,sex_f,age_10yrbands_y45_54,mts_details_mrd,2013,36.134
gtm,sex_f,age_10yrbands_y45_54,mts_details_mrd,2014,37.931
gtm,sex_f,age_10yrbands_y45_54,mts_details_mrd,2015,32.967
gtm,sex_f,age_10yrbands_y45_54,mts_details_mrd,2016,36.294
gtm,sex_f,age_10yrbands_y45_54,mts_details_mrd,2017,36.51
gtm,sex_f,age_10yrbands_y45_54,mts_details_mrd,2018,37.672
gtm,sex_f,age_10yrbands_y45_54,mts_details_mrd,2019,34.59
gtm,sex_f,age_10yrbands_y45_54,mts_details_mrd,2021,36.732
gtm,sex_f,age_10yrbands_y45_54,mts_details_mrd,2022,36.754
gtm,sex_f,age_10yrbands_y45_54,mts_details_mrd,2023,53.228
gtm,sex_f,age_10yrbands_y45_54,mts_details_sep,2002,80.272
gtm,sex_f,age_10yrbands_y45_54,mts_details_sep,2003,72.146
gtm,sex_f,age_10yrbands_y45_54,mts_details_sep,2004,72.801
gtm,sex_f,age_10yrbands_y45_54,mts_details_sep,2006,72.734
gtm,sex_f,age_10yrbands_y45_54,mts_details_sep,2010,72.362
gtm,sex_f,age_10yrbands_y45_54,mts_details_sep,2011,62.739
gtm,sex_f,age_10yrbands_y45_54,mts_details_sep,2012,65.65
gtm,sex_f,age_10yrbands_y45_54,mts_details_sep,2013,71.83
gtm,sex_f,age_10yrbands_y45_54,mts_details_sep,2014,67.439
gtm,sex_f,age_10yrbands_y45_54,mts_details_sep,2015,67.7
gtm,sex_f,age_10yrbands_y45_54,mts_details_sep,2016,65.9
gtm,sex_f,age_10yrbands_y45_54,mts_details_sep,2017,68.275
gtm,sex_f,age_10yrbands_y45_54,mts_details_sep,2018,59.28
gtm,sex_f,age_10yrbands_y45_54,mts_details_sep,2019,69.223
gtm,sex_f,age_10yrbands_y45_54,mts_details_sep,2021,65.391
gtm,sex_f,age_10yrbands_y45_54,mts_details_sep,2022,76.705
gtm,sex_f,age_10yrbands_y45_54,mts_details_sep,2023,78.857
gtm,sex_f,age_10yrbands_y45_54,mts_details_sgle,2002,67.767
gtm,sex_f,age_10yrbands_y45_54,mts_details_sgle,2003,79.41
gtm,sex_f,age_10yrbands_y45_54,mts_details_sgle,2004,68.749
gtm,sex_f,age_10yrbands_y45_54,mts_details_sgle,2006,66.862
gtm,sex_f,age_10yrbands_y45_54,mts_details_sgle,2010,47.402
gtm,sex_f,age_10yrbands_y45_54,mts_details_sgle,2011,60.603
gtm,sex_f,age_10yrbands_y45_54,mts_details_sgle,2012,70.373
gtm,sex_f,age_10yrbands_y45_54,mts_details_sgle,2013,66.588
gtm,sex_f,age_10yrbands_y45_54,mts_details_sgle,2014,64.984
gtm,sex_f,age_10yrbands_y45_54,mts_details_sgle,2015,56.437
gtm,sex_f,age_10yrbands_y45_54,mts_details_sgle,2016,65.035
gtm,sex_f,age_10yrbands_y45_54,mts_details_sgle,2017,67.442
gtm,sex_f,age_10yrbands_y45_54,mts_details_sgle,2018,62.671
gtm,sex_f,age_10yrbands_y45_54,mts_details_sgle,2019,56.029
gtm,sex_f,age_10yrbands_y45_54,mts_details_sgle,2021,66.653
gtm,sex_f,age_10yrbands_y45_54,mts_details_sgle,2022,60.873
gtm,sex_f,age_10yrbands_y45_54,mts_details_sgle,2023,71.609
gtm,sex_f,age_10yrbands_y45_54,mts_details_total,2002,50.261
gtm,sex_f,age_10yrbands_y45_54,mts_details_total,2003,54.864
gtm,sex_f,age_10yrbands_y45_54,mts_details_total,2004,48.927
gtm,sex_f,age_10yrbands_y45_54,mts_details_total,2006,54.666
gtm,sex_f,age_10yrbands_y45_54,mts_details_total,2010,49.714
gtm,sex_f,age_10yrbands_y45_54,mts_details_total,2011,46.083
gtm,sex_f,age_10yrbands_y45_54,mts_details_total,2012,53.465
gtm,sex_f,age_10yrbands_y45_54,mts_details_total,2013,43.275
gtm,sex_f,age_10yrbands_y45_54,mts_details_total,2014,45.41
gtm,sex_f,age_10yrbands_y45_54,mts_details_total,2015,42.525
gtm,sex_f,age_10yrbands_y45_54,mts_details_total,2016,44.382
gtm,sex_f,age_10yrbands_y45_54,mts_details_total,2017,44.57
gtm,sex_f,age_10yrbands_y45_54,mts_details_total,2018,44.486
gtm,sex_f,age_10yrbands_y45_54,mts_details_total,2019,42.364
gtm,sex_f,age_10yrbands_y45_54,mts_details_total,2021,46.053
gtm,sex_f,age_10yrbands_y45_54,mts_details_total,2022,46.478
gtm,sex_f,age_10yrbands_y45_54,mts_details_total,2023,59.98
gtm,sex_f,age_10yrbands_y45_54,mts_details_union,2002,44.083
gtm,sex_f,age_10yrbands_y45_54,mts_details_union,2003,48.184
gtm,sex_f,age_10yrbands_y45_54,mts_details_union,2004,46.805
gtm,sex_f,age_10yrbands_y45_54,mts_details_union,2006,46.641
gtm,sex_f,age_10yrbands_y45_54,mts_details_union,2010,44.715
gtm,sex_f,age_10yrbands_y45_54,mts_details_union,2011,42.332
gtm,sex_f,age_10yrbands_y45_54,mts_details_union,2012,45.838
gtm,sex_f,age_10yrbands_y45_54,mts_details_union,2013,34.856
gtm,sex_f,age_10yrbands_y45_54,mts_details_union,2014,42.316
gtm,sex_f,age_10yrbands_y45_54,mts_details_union,2015,41.022
gtm,sex_f,age_10yrbands_y45_54,mts_details_union,2016,39.388
gtm,sex_f,age_10yrbands_y45_54,mts_details_union,2017,36.279
gtm,sex_f,age_10yrbands_y45_54,mts_details_union,2018,38.117
gtm,sex_f,age_10yrbands_y45_54,mts_details_union,2019,37.085
gtm,sex_f,age_10yrbands_y45_54,mts_details_union,2021,43.847
gtm,sex_f,age_10yrbands_y45_54,mts_details_union,2022,44.633
gtm,sex_f,age_10yrbands_y45_54,mts_details_union,2023,54.083
gtm,sex_f,age_10yrbands_y45_54,mts_details_wid,2002,65.353
gtm,sex_f,age_10yrbands_y45_54,mts_details_wid,2003,63.834
gtm,sex_f,age_10yrbands_y45_54,mts_details_wid,2004,62.091
gtm,sex_f,age_10yrbands_y45_54,mts_details_wid,2006,66.912
gtm,sex_f,age_10yrbands_y45_54,mts_details_wid,2010,59.396
gtm,sex_f,age_10yrbands_y45_54,mts_details_wid,2011,65.658
gtm,sex_f,age_10yrbands_y45_54,mts_details_wid,2012,72.684
gtm,sex_f,age_10yrbands_y45_54,mts_details_wid,2013,53.527
gtm,sex_f,age_10yrbands_y45_54,mts_details_wid,2014,53.721
gtm,sex_f,age_10yrbands_y45_54,mts_details_wid,2015,57.767
gtm,sex_f,age_10yrbands_y45_54,mts_details_wid,2016,56.888
gtm,sex_f,age_10yrbands_y45_54,mts_details_wid,2017,58.291
gtm,sex_f,age_10yrbands_y45_54,mts_details_wid,2018,63.927
gtm,sex_f,age_10yrbands_y45_54,mts_details_wid,2019,52.952
gtm,sex_f,age_10yrbands_y45_54,mts_details_wid,2021,60.83
gtm,sex_f,age_10yrbands_y45_54,mts_details_wid,2022,61.76
gtm,sex_f,age_10yrbands_y45_54,mts_details_wid,2023,69.984
gtm,sex_f,age_10yrbands_y55_64,mts_aggregate_1,2002,50.503
gtm,sex_f,age_10yrbands_y55_64,mts_aggregate_1,2003,56.77
gtm,sex_f,age_10yrbands_y55_64,mts_aggregate_1,2004,46.411
gtm,sex_f,age_10yrbands_y55_64,mts_aggregate_1,2006,52.061
gtm,sex_f,age_10yrbands_y55_64,mts_aggregate_1,2010,47.662
gtm,sex_f,age_10yrbands_y55_64,mts_aggregate_1,2011,41.239
gtm,sex_f,age_10yrbands_y55_64,mts_aggregate_1,2012,54.054
gtm,sex_f,age_10yrbands_y55_64,mts_aggregate_1,2013,48.706
gtm,sex_f,age_10yrbands_y55_64,mts_aggregate_1,2014,42.444
gtm,sex_f,age_10yrbands_y55_64,mts_aggregate_1,2015,45.289
gtm,sex_f,age_10yrbands_y55_64,mts_aggregate_1,2016,43.096
gtm,sex_f,age_10yrbands_y55_64,mts_aggregate_1,2017,47.473
gtm,sex_f,age_10yrbands_y55_64,mts_aggregate_1,2018,46.363
gtm,sex_f,age_10yrbands_y55_64,mts_aggregate_1,2019,44.824
gtm,sex_f,age_10yrbands_y55_64,mts_aggregate_1,2021,52.19
gtm,sex_f,age_10yrbands_y55_64,mts_aggregate_1,2022,48.104
gtm,sex_f,age_10yrbands_y55_64,mts_aggregate_1,2023,57.959
gtm,sex_f,age_10yrbands_y55_64,mts_aggregate_2,2002,37.719
gtm,sex_f,age_10yrbands_y55_64,mts_aggregate_2,2003,45.549
gtm,sex_f,age_10yrbands_y55_64,mts_aggregate_2,2004,29.515
gtm,sex_f,age_10yrbands_y55_64,mts_aggregate_2,2006,35.915
gtm,sex_f,age_10yrbands_y55_64,mts_aggregate_2,2010,32.686
gtm,sex_f,age_10yrbands_y55_64,mts_aggregate_2,2011,28.619
gtm,sex_f,age_10yrbands_y55_64,mts_aggregate_2,2012,33.708
gtm,sex_f,age_10yrbands_y55_64,mts_aggregate_2,2013,29.8
gtm,sex_f,age_10yrbands_y55_64,mts_aggregate_2,2014,27.441
gtm,sex_f,age_10yrbands_y55_64,mts_aggregate_2,2015,26.016
gtm,sex_f,age_10yrbands_y55_64,mts_aggregate_2,2016,25.778
gtm,sex_f,age_10yrbands_y55_64,mts_aggregate_2,2017,27.805
gtm,sex_f,age_10yrbands_y55_64,mts_aggregate_2,2018,27.482
gtm,sex_f,age_10yrbands_y55_64,mts_aggregate_2,2019,25.498
gtm,sex_f,age_10yrbands_y55_64,mts_aggregate_2,2021,29.981
gtm,sex_f,age_10yrbands_y55_64,mts_aggregate_2,2022,31.23
gtm,sex_f,age_10yrbands_y55_64,mts_aggregate_2,2023,41.084
gtm,sex_f,age_10yrbands_y55_64,mts_aggregate_total,2002,41.782
gtm,sex_f,age_10yrbands_y55_64,mts_aggregate_total,2003,48.772
gtm,sex_f,age_10yrbands_y55_64,mts_aggregate_total,2004,35.325
gtm,sex_f,age_10yrbands_y55_64,mts_aggregate_total,2006,41.952
gtm,sex_f,age_10yrbands_y55_64,mts_aggregate_total,2010,37.509
gtm,sex_f,age_10yrbands_y55_64,mts_aggregate_total,2011,33.043
gtm,sex_f,age_10yrbands_y55_64,mts_aggregate_total,2012,40.447
gtm,sex_f,age_10yrbands_y55_64,mts_aggregate_total,2013,36.119
gtm,sex_f,age_10yrbands_y55_64,mts_aggregate_total,2014,32.959
gtm,sex_f,age_10yrbands_y55_64,mts_aggregate_total,2015,33.342
gtm,sex_f,age_10yrbands_y55_64,mts_aggregate_total,2016,32.181
gtm,sex_f,age_10yrbands_y55_64,mts_aggregate_total,2017,35.197
gtm,sex_f,age_10yrbands_y55_64,mts_aggregate_total,2018,33.63
gtm,sex_f,age_10yrbands_y55_64,mts_aggregate_total,2019,32.548
gtm,sex_f,age_10yrbands_y55_64,mts_aggregate_total,2021,38.105
gtm,sex_f,age_10yrbands_y55_64,mts_aggregate_total,2022,37.367
gtm,sex_f,age_10yrbands_y55_64,mts_aggregate_total,2023,47.935
gtm,sex_f,age_10yrbands_y55_64,mts_details_mrd,2002,35.278
gtm,sex_f,age_10yrbands_y55_64,mts_details_mrd,2003,42.334
gtm,sex_f,age_10yrbands_y55_64,mts_details_mrd,2004,35.684
gtm,sex_f,age_10yrbands_y55_64,mts_details_mrd,2006,39.327
gtm,sex_f,age_10yrbands_y55_64,mts_details_mrd,2010,30.602
gtm,sex_f,age_10yrbands_y55_64,mts_details_mrd,2011,26.575
gtm,sex_f,age_10yrbands_y55_64,mts_details_mrd,2012,32.389
gtm,sex_f,age_10yrbands_y55_64,mts_details_mrd,2013,31.306
gtm,sex_f,age_10yrbands_y55_64,mts_details_mrd,2014,27.323
gtm,sex_f,age_10yrbands_y55_64,mts_details_mrd,2015,26.255
gtm,sex_f,age_10yrbands_y55_64,mts_details_mrd,2016,25.114
gtm,sex_f,age_10yrbands_y55_64,mts_details_mrd,2017,27.442
gtm,sex_f,age_10yrbands_y55_64,mts_details_mrd,2018,27.889
gtm,sex_f,age_10yrbands_y55_64,mts_details_mrd,2019,25.724
gtm,sex_f,age_10yrbands_y55_64,mts_details_mrd,2021,31.569
gtm,sex_f,age_10yrbands_y55_64,mts_details_mrd,2022,29.598
gtm,sex_f,age_10yrbands_y55_64,mts_details_mrd,2023,38.703
gtm,sex_f,age_10yrbands_y55_64,mts_details_sep,2002,52.039
gtm,sex_f,age_10yrbands_y55_64,mts_details_sep,2003,55.918
gtm,sex_f,age_10yrbands_y55_64,mts_details_sep,2004,29.672
gtm,sex_f,age_10yrbands_y55_64,mts_details_sep,2006,57.738
gtm,sex_f,age_10yrbands_y55_64,mts_details_sep,2010,51.09
gtm,sex_f,age_10yrbands_y55_64,mts_details_sep,2011,47.7
gtm,sex_f,age_10yrbands_y55_64,mts_details_sep,2012,58.74
gtm,sex_f,age_10yrbands_y55_64,mts_details_sep,2013,58.962
gtm,sex_f,age_10yrbands_y55_64,mts_details_sep,2014,45.553
gtm,sex_f,age_10yrbands_y55_64,mts_details_sep,2015,55.448
gtm,sex_f,age_10yrbands_y55_64,mts_details_sep,2016,52.471
gtm,sex_f,age_10yrbands_y55_64,mts_details_sep,2017,53.487
gtm,sex_f,age_10yrbands_y55_64,mts_details_sep,2018,54.379
gtm,sex_f,age_10yrbands_y55_64,mts_details_sep,2019,51.486
gtm,sex_f,age_10yrbands_y55_64,mts_details_sep,2021,52.403
gtm,sex_f,age_10yrbands_y55_64,mts_details_sep,2022,45.506
gtm,sex_f,age_10yrbands_y55_64,mts_details_sep,2023,55.37
gtm,sex_f,age_10yrbands_y55_64,mts_details_sgle,2002,63.02
gtm,sex_f,age_10yrbands_y55_64,mts_details_sgle,2003,73.474
gtm,sex_f,age_10yrbands_y55_64,mts_details_sgle,2004,56.073
gtm,sex_f,age_10yrbands_y55_64,mts_details_sgle,2006,62.389
gtm,sex_f,age_10yrbands_y55_64,mts_details_sgle,2010,47.448
gtm,sex_f,age_10yrbands_y55_64,mts_details_sgle,2011,49.405
gtm,sex_f,age_10yrbands_y55_64,mts_details_sgle,2012,48.978
gtm,sex_f,age_10yrbands_y55_64,mts_details_sgle,2013,48.406
gtm,sex_f,age_10yrbands_y55_64,mts_details_sgle,2014,61.978
gtm,sex_f,age_10yrbands_y55_64,mts_details_sgle,2015,48.3
gtm,sex_f,age_10yrbands_y55_64,mts_details_sgle,2016,48.962
gtm,sex_f,age_10yrbands_y55_64,mts_details_sgle,2017,38.385
gtm,sex_f,age_10yrbands_y55_64,mts_details_sgle,2018,32.958
gtm,sex_f,age_10yrbands_y55_64,mts_details_sgle,2019,46.551
gtm,sex_f,age_10yrbands_y55_64,mts_details_sgle,2021,58.952
gtm,sex_f,age_10yrbands_y55_64,mts_details_sgle,2022,57.986
gtm,sex_f,age_10yrbands_y55_64,mts_details_sgle,2023,64.614
gtm,sex_f,age_10yrbands_y55_64,mts_details_total,2002,41.782
gtm,sex_f,age_10yrbands_y55_64,mts_details_total,2003,48.772
gtm,sex_f,age_10yrbands_y55_64,mts_details_total,2004,35.325
gtm,sex_f,age_10yrbands_y55_64,mts_details_total,2006,41.952
gtm,sex_f,age_10yrbands_y55_64,mts_details_total,2010,37.509
gtm,sex_f,age_10yrbands_y55_64,mts_details_total,2011,33.043
gtm,sex_f,age_10yrbands_y55_64,mts_details_total,2012,40.447
gtm,sex_f,age_10yrbands_y55_64,mts_details_total,2013,36.119
gtm,sex_f,age_10yrbands_y55_64,mts_details_total,2014,32.959
gtm,sex_f,age_10yrbands_y55_64,mts_details_total,2015,33.342
gtm,sex_f,age_10yrbands_y55_64,mts_details_total,2016,32.181
gtm,sex_f,age_10yrbands_y55_64,mts_details_total,2017,35.197
gtm,sex_f,age_10yrbands_y55_64,mts_details_total,2018,33.63
gtm,sex_f,age_10yrbands_y55_64,mts_details_total,2019,32.548
gtm,sex_f,age_10yrbands_y55_64,mts_details_total,2021,38.105
gtm,sex_f,age_10yrbands_y55_64,mts_details_total,2022,37.367
gtm,sex_f,age_10yrbands_y55_64,mts_details_total,2023,47.935
gtm,sex_f,age_10yrbands_y55_64,mts_details_union,2002,44.701
gtm,sex_f,age_10yrbands_y55_64,mts_details_union,2003,58.381
gtm,sex_f,age_10yrbands_y55_64,mts_details_union,2004,13.486
gtm,sex_f,age_10yrbands_y55_64,mts_details_union,2006,34.907
gtm,sex_f,age_10yrbands_y55_64,mts_details_union,2010,38.024
gtm,sex_f,age_10yrbands_y55_64,mts_details_union,2011,35.398
gtm,sex_f,age_10yrbands_y55_64,mts_details_union,2012,37.855
gtm,sex_f,age_10yrbands_y55_64,mts_details_union,2013,24.915
gtm,sex_f,age_10yrbands_y55_64,mts_details_union,2014,27.935
gtm,sex_f,age_10yrbands_y55_64,mts_details_union,2015,25.154
gtm,sex_f,age_10yrbands_y55_64,mts_details_union,2016,27.91
gtm,sex_f,age_10yrbands_y55_64,mts_details_union,2017,29.281
gtm,sex_f,age_10yrbands_y55_64,mts_details_union,2018,25.86
gtm,sex_f,age_10yrbands_y55_64,mts_details_union,2019,24.551
gtm,sex_f,age_10yrbands_y55_64,mts_details_union,2021,24.864
gtm,sex_f,age_10yrbands_y55_64,mts_details_union,2022,38.645
gtm,sex_f,age_10yrbands_y55_64,mts_details_union,2023,50.287
gtm,sex_f,age_10yrbands_y55_64,mts_details_wid,2002,47.061
gtm,sex_f,age_10yrbands_y55_64,mts_details_wid,2003,51.537
gtm,sex_f,age_10yrbands_y55_64,mts_details_wid,2004,49.417
gtm,sex_f,age_10yrbands_y55_64,mts_details_wid,2006,45.775
gtm,sex_f,age_10yrbands_y55_64,mts_details_wid,2010,45.919
gtm,sex_f,age_10yrbands_y55_64,mts_details_wid,2011,35.444
gtm,sex_f,age_10yrbands_y55_64,mts_details_wid,2012,52.398
gtm,sex_f,age_10yrbands_y55_64,mts_details_wid,2013,43.819
gtm,sex_f,age_10yrbands_y55_64,mts_details_wid,2014,34.807
gtm,sex_f,age_10yrbands_y55_64,mts_details_wid,2015,39.255
gtm,sex_f,age_10yrbands_y55_64,mts_details_wid,2016,35.211
gtm,sex_f,age_10yrbands_y55_64,mts_details_wid,2017,45.982
gtm,sex_f,age_10yrbands_y55_64,mts_details_wid,2018,44.639
gtm,sex_f,age_10yrbands_y55_64,mts_details_wid,2019,40.608
gtm,sex_f,age_10yrbands_y55_64,mts_details_wid,2021,50.162
gtm,sex_f,age_10yrbands_y55_64,mts_details_wid,2022,44.267
gtm,sex_f,age_10yrbands_y55_64,mts_details_wid,2023,57.442
gtm,sex_f,age_10yrbands_yge65,mts_aggregate_1,2002,28.212
gtm,sex_f,age_10yrbands_yge65,mts_aggregate_1,2003,20.907
gtm,sex_f,age_10yrbands_yge65,mts_aggregate_1,2004,23.614
gtm,sex_f,age_10yrbands_yge65,mts_aggregate_1,2006,21.724
gtm,sex_f,age_10yrbands_yge65,mts_aggregate_1,2010,28.335
gtm,sex_f,age_10yrbands_yge65,mts_aggregate_1,2011,16.402
gtm,sex_f,age_10yrbands_yge65,mts_aggregate_1,2012,14.318
gtm,sex_f,age_10yrbands_yge65,mts_aggregate_1,2013,19.608
gtm,sex_f,age_10yrbands_yge65,mts_aggregate_1,2014,16.937
gtm,sex_f,age_10yrbands_yge65,mts_aggregate_1,2015,18.652
gtm,sex_f,age_10yrbands_yge65,mts_aggregate_1,2016,17.978
gtm,sex_f,age_10yrbands_yge65,mts_aggregate_1,2017,20.204
gtm,sex_f,age_10yrbands_yge65,mts_aggregate_1,2018,20.399
gtm,sex_f,age_10yrbands_yge65,mts_aggregate_1,2019,16.927
gtm,sex_f,age_10yrbands_yge65,mts_aggregate_1,2021,16.174
gtm,sex_f,age_10yrbands_yge65,mts_aggregate_1,2022,22.628
gtm,sex_f,age_10yrbands_yge65,mts_aggregate_1,2023,24.815
gtm,sex_f,age_10yrbands_yge65,mts_aggregate_2,2002,29.229
gtm,sex_f,age_10yrbands_yge65,mts_aggregate_2,2003,21.378
gtm,sex_f,age_10yrbands_yge65,mts_aggregate_2,2004,23.994
gtm,sex_f,age_10yrbands_yge65,mts_aggregate_2,2006,28.069
gtm,sex_f,age_10yrbands_yge65,mts_aggregate_2,2010,15.774
gtm,sex_f,age_10yrbands_yge65,mts_aggregate_2,2011,12.134
gtm,sex_f,age_10yrbands_yge65,mts_aggregate_2,2012,15.935
gtm,sex_f,age_10yrbands_yge65,mts_aggregate_2,2013,14
gtm,sex_f,age_10yrbands_yge65,mts_aggregate_2,2014,22.532
gtm,sex_f,age_10yrbands_yge65,mts_aggregate_2,2015,13.196
gtm,sex_f,age_10yrbands_yge65,mts_aggregate_2,2016,17.002
gtm,sex_f,age_10yrbands_yge65,mts_aggregate_2,2017,15.781
gtm,sex_f,age_10yrbands_yge65,mts_aggregate_2,2018,14.823
gtm,sex_f,age_10yrbands_yge65,mts_aggregate_2,2019,13.716
gtm,sex_f,age_10yrbands_yge65,mts_aggregate_2,2021,17.294
gtm,sex_f,age_10yrbands_yge65,mts_aggregate_2,2022,15.964
gtm,sex_f,age_10yrbands_yge65,mts_aggregate_2,2023,24.675
gtm,sex_f,age_10yrbands_yge65,mts_aggregate_total,2002,28.599
gtm,sex_f,age_10yrbands_yge65,mts_aggregate_total,2003,21.098
gtm,sex_f,age_10yrbands_yge65,mts_aggregate_total,2004,23.525
gtm,sex_f,age_10yrbands_yge65,mts_aggregate_total,2006,24.485
gtm,sex_f,age_10yrbands_yge65,mts_aggregate_total,2010,22.718
gtm,sex_f,age_10yrbands_yge65,mts_aggregate_total,2011,14.576
gtm,sex_f,age_10yrbands_yge65,mts_aggregate_total,2012,14.956
gtm,sex_f,age_10yrbands_yge65,mts_aggregate_total,2013,17.298
gtm,sex_f,age_10yrbands_yge65,mts_aggregate_total,2014,19.466
gtm,sex_f,age_10yrbands_yge65,mts_aggregate_total,2015,16.359
gtm,sex_f,age_10yrbands_yge65,mts_aggregate_total,2016,17.566
gtm,sex_f,age_10yrbands_yge65,mts_aggregate_total,2017,18.283
gtm,sex_f,age_10yrbands_yge65,mts_aggregate_total,2018,17.977
gtm,sex_f,age_10yrbands_yge65,mts_aggregate_total,2019,15.531
gtm,sex_f,age_10yrbands_yge65,mts_aggregate_total,2021,16.64
gtm,sex_f,age_10yrbands_yge65,mts_aggregate_total,2022,19.902
gtm,sex_f,age_10yrbands_yge65,mts_aggregate_total,2023,24.758
gtm,sex_f,age_10yrbands_yge65,mts_details_mrd,2002,31.812
gtm,sex_f,age_10yrbands_yge65,mts_details_mrd,2003,20.796
gtm,sex_f,age_10yrbands_yge65,mts_details_mrd,2004,22.17
gtm,sex_f,age_10yrbands_yge65,mts_details_mrd,2006,31.913
gtm,sex_f,age_10yrbands_yge65,mts_details_mrd,2010,13.865
gtm,sex_f,age_10yrbands_yge65,mts_details_mrd,2011,11.81
gtm,sex_f,age_10yrbands_yge65,mts_details_mrd,2012,16.34
gtm,sex_f,age_10yrbands_yge65,mts_details_mrd,2013,13.681
gtm,sex_f,age_10yrbands_yge65,mts_details_mrd,2014,23.778
gtm,sex_f,age_10yrbands_yge65,mts_details_mrd,2015,13.051
gtm,sex_f,age_10yrbands_yge65,mts_details_mrd,2016,15.947
gtm,sex_f,age_10yrbands_yge65,mts_details_mrd,2017,14.928
gtm,sex_f,age_10yrbands_yge65,mts_details_mrd,2018,12.616
gtm,sex_f,age_10yrbands_yge65,mts_details_mrd,2019,14.236
gtm,sex_f,age_10yrbands_yge65,mts_details_mrd,2021,18.541
gtm,sex_f,age_10yrbands_yge65,mts_details_mrd,2022,16.435
gtm,sex_f,age_10yrbands_yge65,mts_details_mrd,2023,24.795
gtm,sex_f,age_10yrbands_yge65,mts_details_sep,2002,29.307
gtm,sex_f,age_10yrbands_yge65,mts_details_sep,2003,15.736
gtm,sex_f,age_10yrbands_yge65,mts_details_sep,2004,34.473
gtm,sex_f,age_10yrbands_yge65,mts_details_sep,2006,32.803
gtm,sex_f,age_10yrbands_yge65,mts_details_sep,2010,40.855
gtm,sex_f,age_10yrbands_yge65,mts_details_sep,2011,20.642
gtm,sex_f,age_10yrbands_yge65,mts_details_sep,2012,20.214
gtm,sex_f,age_10yrbands_yge65,mts_details_sep,2013,23.852
gtm,sex_f,age_10yrbands_yge65,mts_details_sep,2014,19.561
gtm,sex_f,age_10yrbands_yge65,mts_details_sep,2015,23.015
gtm,sex_f,age_10yrbands_yge65,mts_details_sep,2016,31.035
gtm,sex_f,age_10yrbands_yge65,mts_details_sep,2017,28.572
gtm,sex_f,age_10yrbands_yge65,mts_details_sep,2018,29.101
gtm,sex_f,age_10yrbands_yge65,mts_details_sep,2019,27.205
gtm,sex_f,age_10yrbands_yge65,mts_details_sep,2021,27.579
gtm,sex_f,age_10yrbands_yge65,mts_details_sep,2022,26.144
gtm,sex_f,age_10yrbands_yge65,mts_details_sep,2023,29.087
gtm,sex_f,age_10yrbands_yge65,mts_details_sgle,2002,30.568
gtm,sex_f,age_10yrbands_yge65,mts_details_sgle,2003,20.92
gtm,sex_f,age_10yrbands_yge65,mts_details_sgle,2004,51.517
gtm,sex_f,age_10yrbands_yge65,mts_details_sgle,2006,19.159
gtm,sex_f,age_10yrbands_yge65,mts_details_sgle,2010,36.948
gtm,sex_f,age_10yrbands_yge65,mts_details_sgle,2011,23.408
gtm,sex_f,age_10yrbands_yge65,mts_details_sgle,2012,22.347
gtm,sex_f,age_10yrbands_yge65,mts_details_sgle,2013,29.295
gtm,sex_f,age_10yrbands_yge65,mts_details_sgle,2014,26.194
gtm,sex_f,age_10yrbands_yge65,mts_details_sgle,2015,12.015
gtm,sex_f,age_10yrbands_yge65,mts_details_sgle,2016,18.939
gtm,sex_f,age_10yrbands_yge65,mts_details_sgle,2017,39.533
gtm,sex_f,age_10yrbands_yge65,mts_details_sgle,2018,26.559
gtm,sex_f,age_10yrbands_yge65,mts_details_sgle,2019,25.105
gtm,sex_f,age_10yrbands_yge65,mts_details_sgle,2021,29.013
gtm,sex_f,age_10yrbands_yge65,mts_details_sgle,2022,35.735
gtm,sex_f,age_10yrbands_yge65,mts_details_sgle,2023,24.852
gtm,sex_f,age_10yrbands_yge65,mts_details_total,2002,28.599
gtm,sex_f,age_10yrbands_yge65,mts_details_total,2003,21.098
gtm,sex_f,age_10yrbands_yge65,mts_details_total,2004,23.525
gtm,sex_f,age_10yrbands_yge65,mts_details_total,2006,24.485
gtm,sex_f,age_10yrbands_yge65,mts_details_total,2010,22.718
gtm,sex_f,age_10yrbands_yge65,mts_details_total,2011,14.576
gtm,sex_f,age_10yrbands_yge65,mts_details_total,2012,14.956
gtm,sex_f,age_10yrbands_yge65,mts_details_total,2013,17.298
gtm,sex_f,age_10yrbands_yge65,mts_details_total,2014,19.466
gtm,sex_f,age_10yrbands_yge65,mts_details_total,2015,16.359
gtm,sex_f,age_10yrbands_yge65,mts_details_total,2016,17.566
gtm,sex_f,age_10yrbands_yge65,mts_details_total,2017,18.283
gtm,sex_f,age_10yrbands_yge65,mts_details_total,2018,17.977
gtm,sex_f,age_10yrbands_yge65,mts_details_total,2019,15.531
gtm,sex_f,age_10yrbands_yge65,mts_details_total,2021,16.64
gtm,sex_f,age_10yrbands_yge65,mts_details_total,2022,19.902
gtm,sex_f,age_10yrbands_yge65,mts_details_total,2023,24.758
gtm,sex_f,age_10yrbands_yge65,mts_details_union,2002,17.858
gtm,sex_f,age_10yrbands_yge65,mts_details_union,2003,23.001
gtm,sex_f,age_10yrbands_yge65,mts_details_union,2004,33.705
gtm,sex_f,age_10yrbands_yge65,mts_details_union,2006,27.085
gtm,sex_f,age_10yrbands_yge65,mts_details_union,2010,22.686
gtm,sex_f,age_10yrbands_yge65,mts_details_union,2011,13.205
gtm,sex_f,age_10yrbands_yge65,mts_details_union,2012,14.666
gtm,sex_f,age_10yrbands_yge65,mts_details_union,2013,15.34
gtm,sex_f,age_10yrbands_yge65,mts_details_union,2014,17.846
gtm,sex_f,age_10yrbands_yge65,mts_details_union,2015,13.919
gtm,sex_f,age_10yrbands_yge65,mts_details_union,2016,21.249
gtm,sex_f,age_10yrbands_yge65,mts_details_union,2017,19.788
gtm,sex_f,age_10yrbands_yge65,mts_details_union,2018,25.945
gtm,sex_f,age_10yrbands_yge65,mts_details_union,2019,10.672
gtm,sex_f,age_10yrbands_yge65,mts_details_union,2021,11.484
gtm,sex_f,age_10yrbands_yge65,mts_details_union,2022,13.246
gtm,sex_f,age_10yrbands_yge65,mts_details_union,2023,24.077
gtm,sex_f,age_10yrbands_yge65,mts_details_wid,2002,27.858
gtm,sex_f,age_10yrbands_yge65,mts_details_wid,2003,21.531
gtm,sex_f,age_10yrbands_yge65,mts_details_wid,2004,21.053
gtm,sex_f,age_10yrbands_yge65,mts_details_wid,2006,20.19
gtm,sex_f,age_10yrbands_yge65,mts_details_wid,2010,25.302
gtm,sex_f,age_10yrbands_yge65,mts_details_wid,2011,14.793
gtm,sex_f,age_10yrbands_yge65,mts_details_wid,2012,12.427
gtm,sex_f,age_10yrbands_yge65,mts_details_wid,2013,18.07
gtm,sex_f,age_10yrbands_yge65,mts_details_wid,2014,15.787
gtm,sex_f,age_10yrbands_yge65,mts_details_wid,2015,18.383
gtm,sex_f,age_10yrbands_yge65,mts_details_wid,2016,16.132
gtm,sex_f,age_10yrbands_yge65,mts_details_wid,2017,17.403
gtm,sex_f,age_10yrbands_yge65,mts_details_wid,2018,18.104
gtm,sex_f,age_10yrbands_yge65,mts_details_wid,2019,14.51
gtm,sex_f,age_10yrbands_yge65,mts_details_wid,2021,12.405
gtm,sex_f,age_10yrbands_yge65,mts_details_wid,2022,19.4
gtm,sex_f,age_10yrbands_yge65,mts_details_wid,2023,24.04
gtm,sex_f,age_aggregate_total,mts_aggregate_1,2002,53.015
gtm,sex_f,age_aggregate_total,mts_aggregate_1,2003,52.13
gtm,sex_f,age_aggregate_total,mts_aggregate_1,2004,46.867
gtm,sex_f,age_aggregate_total,mts_aggregate_1,2006,52.539
gtm,sex_f,age_aggregate_total,mts_aggregate_1,2010,44.504
gtm,sex_f,age_aggregate_total,mts_aggregate_1,2011,45.289
gtm,sex_f,age_aggregate_total,mts_aggregate_1,2012,48.959
gtm,sex_f,age_aggregate_total,mts_aggregate_1,2013,45.749
gtm,sex_f,age_aggregate_total,mts_aggregate_1,2014,44.872
gtm,sex_f,age_aggregate_total,mts_aggregate_1,2015,44.13
gtm,sex_f,age_aggregate_total,mts_aggregate_1,2016,44.94
gtm,sex_f,age_aggregate_total,mts_aggregate_1,2017,43.931
gtm,sex_f,age_aggregate_total,mts_aggregate_1,2018,44.861
gtm,sex_f,age_aggregate_total,mts_aggregate_1,2019,43.662
gtm,sex_f,age_aggregate_total,mts_aggregate_1,2021,47.578
gtm,sex_f,age_aggregate_total,mts_aggregate_1,2022,45.275
gtm,sex_f,age_aggregate_total,mts_aggregate_1,2023,55.173
gtm,sex_f,age_aggregate_total,mts_aggregate_2,2002,40.354
gtm,sex_f,age_aggregate_total,mts_aggregate_2,2003,42.783
gtm,sex_f,age_aggregate_total,mts_aggregate_2,2004,37.581
gtm,sex_f,age_aggregate_total,mts_aggregate_2,2006,41.547
gtm,sex_f,age_aggregate_total,mts_aggregate_2,2010,37.505
gtm,sex_f,age_aggregate_total,mts_aggregate_2,2011,31.436
gtm,sex_f,age_aggregate_total,mts_aggregate_2,2012,39.958
gtm,sex_f,age_aggregate_total,mts_aggregate_2,2013,33.269
gtm,sex_f,age_aggregate_total,mts_aggregate_2,2014,34.645
gtm,sex_f,age_aggregate_total,mts_aggregate_2,2015,32.152
gtm,sex_f,age_aggregate_total,mts_aggregate_2,2016,33.504
gtm,sex_f,age_aggregate_total,mts_aggregate_2,2017,32.777
gtm,sex_f,age_aggregate_total,mts_aggregate_2,2018,32.099
gtm,sex_f,age_aggregate_total,mts_aggregate_2,2019,30.528
gtm,sex_f,age_aggregate_total,mts_aggregate_2,2021,37.414
gtm,sex_f,age_aggregate_total,mts_aggregate_2,2022,35.11
gtm,sex_f,age_aggregate_total,mts_aggregate_2,2023,47.126
gtm,sex_f,age_aggregate_total,mts_aggregate_total,2002,45.597
gtm,sex_f,age_aggregate_total,mts_aggregate_total,2003,46.675
gtm,sex_f,age_aggregate_total,mts_aggregate_total,2004,41.014
gtm,sex_f,age_aggregate_total,mts_aggregate_total,2006,46.248
gtm,sex_f,age_aggregate_total,mts_aggregate_total,2010,40.381
gtm,sex_f,age_aggregate_total,mts_aggregate_total,2011,37.603
gtm,sex_f,age_aggregate_total,mts_aggregate_total,2012,43.985
gtm,sex_f,age_aggregate_total,mts_aggregate_total,2013,38.856
gtm,sex_f,age_aggregate_total,mts_aggregate_total,2014,39.203
gtm,sex_f,age_aggregate_total,mts_aggregate_total,2015,37.489
gtm,sex_f,age_aggregate_total,mts_aggregate_total,2016,38.697
gtm,sex_f,age_aggregate_total,mts_aggregate_total,2017,37.827
gtm,sex_f,age_aggregate_total,mts_aggregate_total,2018,38.007
gtm,sex_f,age_aggregate_total,mts_aggregate_total,2019,36.734
gtm,sex_f,age_aggregate_total,mts_aggregate_total,2021,41.98
gtm,sex_f,age_aggregate_total,mts_aggregate_total,2022,39.641
gtm,sex_f,age_aggregate_total,mts_aggregate_total,2023,50.783
gtm,sex_f,age_aggregate_total,mts_details_mrd,2002,41.625
gtm,sex_f,age_aggregate_total,mts_details_mrd,2003,44.049
gtm,sex_f,age_aggregate_total,mts_details_mrd,2004,38.965
gtm,sex_f,age_aggregate_total,mts_details_mrd,2006,40.796
gtm,sex_f,age_aggregate_total,mts_details_mrd,2010,37.626
gtm,sex_f,age_aggregate_total,mts_details_mrd,2011,34.433
gtm,sex_f,age_aggregate_total,mts_details_mrd,2012,40.619
gtm,sex_f,age_aggregate_total,mts_details_mrd,2013,34.784
gtm,sex_f,age_aggregate_total,mts_details_mrd,2014,35.519
gtm,sex_f,age_aggregate_total,mts_details_mrd,2015,32.885
gtm,sex_f,age_aggregate_total,mts_details_mrd,2016,33.98
gtm,sex_f,age_aggregate_total,mts_details_mrd,2017,33.88
gtm,sex_f,age_aggregate_total,mts_details_mrd,2018,32.539
gtm,sex_f,age_aggregate_total,mts_details_mrd,2019,31.42
gtm,sex_f,age_aggregate_total,mts_details_mrd,2021,38.065
gtm,sex_f,age_aggregate_total,mts_details_mrd,2022,34.672
gtm,sex_f,age_aggregate_total,mts_details_mrd,2023,49.045
gtm,sex_f,age_aggregate_total,mts_details_sep,2002,68.716
gtm,sex_f,age_aggregate_total,mts_details_sep,2003,67.743
gtm,sex_f,age_aggregate_total,mts_details_sep,2004,67.443
gtm,sex_f,age_aggregate_total,mts_details_sep,2006,67.432
gtm,sex_f,age_aggregate_total,mts_details_sep,2010,63.114
gtm,sex_f,age_aggregate_total,mts_details_sep,2011,66.87
gtm,sex_f,age_aggregate_total,mts_details_sep,2012,66.188
gtm,sex_f,age_aggregate_total,mts_details_sep,2013,67.138
gtm,sex_f,age_aggregate_total,mts_details_sep,2014,62.468
gtm,sex_f,age_aggregate_total,mts_details_sep,2015,62.633
gtm,sex_f,age_aggregate_total,mts_details_sep,2016,64.416
gtm,sex_f,age_aggregate_total,mts_details_sep,2017,62.299
gtm,sex_f,age_aggregate_total,mts_details_sep,2018,61.244
gtm,sex_f,age_aggregate_total,mts_details_sep,2019,60.396
gtm,sex_f,age_aggregate_total,mts_details_sep,2021,63.216
gtm,sex_f,age_aggregate_total,mts_details_sep,2022,61.398
gtm,sex_f,age_aggregate_total,mts_details_sep,2023,71.301
gtm,sex_f,age_aggregate_total,mts_details_sgle,2002,52.57
gtm,sex_f,age_aggregate_total,mts_details_sgle,2003,52.098
gtm,sex_f,age_aggregate_total,mts_details_sgle,2004,44.465
gtm,sex_f,age_aggregate_total,mts_details_sgle,2006,51.205
gtm,sex_f,age_aggregate_total,mts_details_sgle,2010,40.401
gtm,sex_f,age_aggregate_total,mts_details_sgle,2011,41.543
gtm,sex_f,age_aggregate_total,mts_details_sgle,2012,46.96
gtm,sex_f,age_aggregate_total,mts_details_sgle,2013,43.25
gtm,sex_f,age_aggregate_total,mts_details_sgle,2014,42.017
gtm,sex_f,age_aggregate_total,mts_details_sgle,2015,39.83
gtm,sex_f,age_aggregate_total,mts_details_sgle,2016,41.67
gtm,sex_f,age_aggregate_total,mts_details_sgle,2017,39.371
gtm,sex_f,age_aggregate_total,mts_details_sgle,2018,41.149
gtm,sex_f,age_aggregate_total,mts_details_sgle,2019,41.734
gtm,sex_f,age_aggregate_total,mts_details_sgle,2021,45.2
gtm,sex_f,age_aggregate_total,mts_details_sgle,2022,44.992
gtm,sex_f,age_aggregate_total,mts_details_sgle,2023,51.836
gtm,sex_f,age_aggregate_total,mts_details_total,2002,45.597
gtm,sex_f,age_aggregate_total,mts_details_total,2003,46.675
gtm,sex_f,age_aggregate_total,mts_details_total,2004,41.014
gtm,sex_f,age_aggregate_total,mts_details_total,2006,46.248
gtm,sex_f,age_aggregate_total,mts_details_total,2010,40.381
gtm,sex_f,age_aggregate_total,mts_details_total,2011,37.603
gtm,sex_f,age_aggregate_total,mts_details_total,2012,43.985
gtm,sex_f,age_aggregate_total,mts_details_total,2013,38.856
gtm,sex_f,age_aggregate_total,mts_details_total,2014,39.203
gtm,sex_f,age_aggregate_total,mts_details_total,2015,37.489
gtm,sex_f,age_aggregate_total,mts_details_total,2016,38.697
gtm,sex_f,age_aggregate_total,mts_details_total,2017,37.827
gtm,sex_f,age_aggregate_total,mts_details_total,2018,38.007
gtm,sex_f,age_aggregate_total,mts_details_total,2019,36.734
gtm,sex_f,age_aggregate_total,mts_details_total,2021,41.98
gtm,sex_f,age_aggregate_total,mts_details_total,2022,39.641
gtm,sex_f,age_aggregate_total,mts_details_total,2023,50.783
gtm,sex_f,age_aggregate_total,mts_details_union,2002,37.638
gtm,sex_f,age_aggregate_total,mts_details_union,2003,39.915
gtm,sex_f,age_aggregate_total,mts_details_union,2004,34.618
gtm,sex_f,age_aggregate_total,mts_details_union,2006,41.934
gtm,sex_f,age_aggregate_total,mts_details_union,2010,37.297
gtm,sex_f,age_aggregate_total,mts_details_union,2011,25.929
gtm,sex_f,age_aggregate_total,mts_details_union,2012,38.662
gtm,sex_f,age_aggregate_total,mts_details_union,2013,30.299
gtm,sex_f,age_aggregate_total,mts_details_union,2014,32.801
gtm,sex_f,age_aggregate_total,mts_details_union,2015,30.768
gtm,sex_f,age_aggregate_total,mts_details_union,2016,32.69
gtm,sex_f,age_aggregate_total,mts_details_union,2017,30.714
gtm,sex_f,age_aggregate_total,mts_details_union,2018,31.275
gtm,sex_f,age_aggregate_total,mts_details_union,2019,28.756
gtm,sex_f,age_aggregate_total,mts_details_union,2021,36.322
gtm,sex_f,age_aggregate_total,mts_details_union,2022,35.944
gtm,sex_f,age_aggregate_total,mts_details_union,2023,44.091
gtm,sex_f,age_aggregate_total,mts_details_wid,2002,45.691
gtm,sex_f,age_aggregate_total,mts_details_wid,2003,40.174
gtm,sex_f,age_aggregate_total,mts_details_wid,2004,40.867
gtm,sex_f,age_aggregate_total,mts_details_wid,2006,42.666
gtm,sex_f,age_aggregate_total,mts_details_wid,2010,42.008
gtm,sex_f,age_aggregate_total,mts_details_wid,2011,37.767
gtm,sex_f,age_aggregate_total,mts_details_wid,2012,40.542
gtm,sex_f,age_aggregate_total,mts_details_wid,2013,36.586
gtm,sex_f,age_aggregate_total,mts_details_wid,2014,36.807
gtm,sex_f,age_aggregate_total,mts_details_wid,2015,35.581
gtm,sex_f,age_aggregate_total,mts_details_wid,2016,32.96
gtm,sex_f,age_aggregate_total,mts_details_wid,2017,37.377
gtm,sex_f,age_aggregate_total,mts_details_wid,2018,38.068
gtm,sex_f,age_aggregate_total,mts_details_wid,2019,32.304
gtm,sex_f,age_aggregate_total,mts_details_wid,2021,35.886
gtm,sex_f,age_aggregate_total,mts_details_wid,2022,36.701
gtm,sex_f,age_aggregate_total,mts_details_wid,2023,45.416
gtm,sex_f,age_aggregate_y15_24,mts_aggregate_1,2002,46.82
gtm,sex_f,age_aggregate_y15_24,mts_aggregate_1,2003,48.092
gtm,sex_f,age_aggregate_y15_24,mts_aggregate_1,2004,37.311
gtm,sex_f,age_aggregate_y15_24,mts_aggregate_1,2006,44.948
gtm,sex_f,age_aggregate_y15_24,mts_aggregate_1,2010,33.652
gtm,sex_f,age_aggregate_y15_24,mts_aggregate_1,2011,35.702
gtm,sex_f,age_aggregate_y15_24,mts_aggregate_1,2012,40.499
gtm,sex_f,age_aggregate_y15_24,mts_aggregate_1,2013,35.327
gtm,sex_f,age_aggregate_y15_24,mts_aggregate_1,2014,34.194
gtm,sex_f,age_aggregate_y15_24,mts_aggregate_1,2015,32.617
gtm,sex_f,age_aggregate_y15_24,mts_aggregate_1,2016,35.125
gtm,sex_f,age_aggregate_y15_24,mts_aggregate_1,2017,32.368
gtm,sex_f,age_aggregate_y15_24,mts_aggregate_1,2018,34.574
gtm,sex_f,age_aggregate_y15_24,mts_aggregate_1,2019,33.788
gtm,sex_f,age_aggregate_y15_24,mts_aggregate_1,2021,36.899
gtm,sex_f,age_aggregate_y15_24,mts_aggregate_1,2022,33.359
gtm,sex_f,age_aggregate_y15_24,mts_aggregate_1,2023,44.763
gtm,sex_f,age_aggregate_y15_24,mts_aggregate_2,2002,30.178
gtm,sex_f,age_aggregate_y15_24,mts_aggregate_2,2003,32.705
gtm,sex_f,age_aggregate_y15_24,mts_aggregate_2,2004,23.444
gtm,sex_f,age_aggregate_y15_24,mts_aggregate_2,2006,28.602
gtm,sex_f,age_aggregate_y15_24,mts_aggregate_2,2010,26.066
gtm,sex_f,age_aggregate_y15_24,mts_aggregate_2,2011,18.423
gtm,sex_f,age_aggregate_y15_24,mts_aggregate_2,2012,29.515
gtm,sex_f,age_aggregate_y15_24,mts_aggregate_2,2013,20.05
gtm,sex_f,age_aggregate_y15_24,mts_aggregate_2,2014,21.024
gtm,sex_f,age_aggregate_y15_24,mts_aggregate_2,2015,18.54
gtm,sex_f,age_aggregate_y15_24,mts_aggregate_2,2016,20.73
gtm,sex_f,age_aggregate_y15_24,mts_aggregate_2,2017,19.575
gtm,sex_f,age_aggregate_y15_24,mts_aggregate_2,2018,21.346
gtm,sex_f,age_aggregate_y15_24,mts_aggregate_2,2019,20.235
gtm,sex_f,age_aggregate_y15_24,mts_aggregate_2,2021,28.67
gtm,sex_f,age_aggregate_y15_24,mts_aggregate_2,2022,24.133
gtm,sex_f,age_aggregate_y15_24,mts_aggregate_2,2023,33.486
gtm,sex_f,age_aggregate_y15_24,mts_aggregate_total,2002,40.791
gtm,sex_f,age_aggregate_y15_24,mts_aggregate_total,2003,42.859
gtm,sex_f,age_aggregate_y15_24,mts_aggregate_total,2004,32.041
gtm,sex_f,age_aggregate_y15_24,mts_aggregate_total,2006,39.196
gtm,sex_f,age_aggregate_y15_24,mts_aggregate_total,2010,31.128
gtm,sex_f,age_aggregate_y15_24,mts_aggregate_total,2011,30.64
gtm,sex_f,age_aggregate_y15_24,mts_aggregate_total,2012,37.167
gtm,sex_f,age_aggregate_y15_24,mts_aggregate_total,2013,30.587
gtm,sex_f,age_aggregate_y15_24,mts_aggregate_total,2014,30.124
gtm,sex_f,age_aggregate_y15_24,mts_aggregate_total,2015,28.289
gtm,sex_f,age_aggregate_y15_24,mts_aggregate_total,2016,31.026
gtm,sex_f,age_aggregate_y15_24,mts_aggregate_total,2017,28.67
gtm,sex_f,age_aggregate_y15_24,mts_aggregate_total,2018,31.026
gtm,sex_f,age_aggregate_y15_24,mts_aggregate_total,2019,30.492
gtm,sex_f,age_aggregate_y15_24,mts_aggregate_total,2021,34.503
gtm,sex_f,age_aggregate_y15_24,mts_aggregate_total,2022,30.713
gtm,sex_f,age_aggregate_y15_24,mts_aggregate_total,2023,41.288
gtm,sex_f,age_aggregate_y15_24,mts_details_mrd,2002,31.971
gtm,sex_f,age_aggregate_y15_24,mts_details_mrd,2003,36.853
gtm,sex_f,age_aggregate_y15_24,mts_details_mrd,2004,27.479
gtm,sex_f,age_aggregate_y15_24,mts_details_mrd,2006,24.846
gtm,sex_f,age_aggregate_y15_24,mts_details_mrd,2010,25.831
gtm,sex_f,age_aggregate_y15_24,mts_details_mrd,2011,22.805
gtm,sex_f,age_aggregate_y15_24,mts_details_mrd,2012,34.546
gtm,sex_f,age_aggregate_y15_24,mts_details_mrd,2013,22.256
gtm,sex_f,age_aggregate_y15_24,mts_details_mrd,2014,22.896
gtm,sex_f,age_aggregate_y15_24,mts_details_mrd,2015,18.867
gtm,sex_f,age_aggregate_y15_24,mts_details_mrd,2016,23.602
gtm,sex_f,age_aggregate_y15_24,mts_details_mrd,2017,22.305
gtm,sex_f,age_aggregate_y15_24,mts_details_mrd,2018,23.146
gtm,sex_f,age_aggregate_y15_24,mts_details_mrd,2019,22.39
gtm,sex_f,age_aggregate_y15_24,mts_details_mrd,2021,34.711
gtm,sex_f,age_aggregate_y15_24,mts_details_mrd,2022,30.134
gtm,sex_f,age_aggregate_y15_24,mts_details_mrd,2023,37.286
gtm,sex_f,age_aggregate_y15_24,mts_details_sep,2002,48.124
gtm,sex_f,age_aggregate_y15_24,mts_details_sep,2003,74.784
gtm,sex_f,age_aggregate_y15_24,mts_details_sep,2004,49.113
gtm,sex_f,age_aggregate_y15_24,mts_details_sep,2006,58.451
gtm,sex_f,age_aggregate_y15_24,mts_details_sep,2010,50.092
gtm,sex_f,age_aggregate_y15_24,mts_details_sep,2011,57.787
gtm,sex_f,age_aggregate_y15_24,mts_details_sep,2012,44.326
gtm,sex_f,age_aggregate_y15_24,mts_details_sep,2013,56.795
gtm,sex_f,age_aggregate_y15_24,mts_details_sep,2014,41.081
gtm,sex_f,age_aggregate_y15_24,mts_details_sep,2015,39.464
gtm,sex_f,age_aggregate_y15_24,mts_details_sep,2016,49.343
gtm,sex_f,age_aggregate_y15_24,mts_details_sep,2017,39.176
gtm,sex_f,age_aggregate_y15_24,mts_details_sep,2018,45.388
gtm,sex_f,age_aggregate_y15_24,mts_details_sep,2019,42.32
gtm,sex_f,age_aggregate_y15_24,mts_details_sep,2021,47.236
gtm,sex_f,age_aggregate_y15_24,mts_details_sep,2022,36.056
gtm,sex_f,age_aggregate_y15_24,mts_details_sep,2023,62.6
gtm,sex_f,age_aggregate_y15_24,mts_details_sgle,2002,46.636
gtm,sex_f,age_aggregate_y15_24,mts_details_sgle,2003,47.121
gtm,sex_f,age_aggregate_y15_24,mts_details_sgle,2004,36.987
gtm,sex_f,age_aggregate_y15_24,mts_details_sgle,2006,44.337
gtm,sex_f,age_aggregate_y15_24,mts_details_sgle,2010,32.821
gtm,sex_f,age_aggregate_y15_24,mts_details_sgle,2011,34.65
gtm,sex_f,age_aggregate_y15_24,mts_details_sgle,2012,40.338
gtm,sex_f,age_aggregate_y15_24,mts_details_sgle,2013,34.43
gtm,sex_f,age_aggregate_y15_24,mts_details_sgle,2014,33.824
gtm,sex_f,age_aggregate_y15_24,mts_details_sgle,2015,32.075
gtm,sex_f,age_aggregate_y15_24,mts_details_sgle,2016,34.317
gtm,sex_f,age_aggregate_y15_24,mts_details_sgle,2017,31.875
gtm,sex_f,age_aggregate_y15_24,mts_details_sgle,2018,33.785
gtm,sex_f,age_aggregate_y15_24,mts_details_sgle,2019,33.266
gtm,sex_f,age_aggregate_y15_24,mts_details_sgle,2021,36.317
gtm,sex_f,age_aggregate_y15_24,mts_details_sgle,2022,33.252
gtm,sex_f,age_aggregate_y15_24,mts_details_sgle,2023,43.465
gtm,sex_f,age_aggregate_y15_24,mts_details_total,2002,40.791
gtm,sex_f,age_aggregate_y15_24,mts_details_total,2003,42.859
gtm,sex_f,age_aggregate_y15_24,mts_details_total,2004,32.041
gtm,sex_f,age_aggregate_y15_24,mts_details_total,2006,39.196
gtm,sex_f,age_aggregate_y15_24,mts_details_total,2010,31.128
gtm,sex_f,age_aggregate_y15_24,mts_details_total,2011,30.64
gtm,sex_f,age_aggregate_y15_24,mts_details_total,2012,37.167
gtm,sex_f,age_aggregate_y15_24,mts_details_total,2013,30.587
gtm,sex_f,age_aggregate_y15_24,mts_details_total,2014,30.124
gtm,sex_f,age_aggregate_y15_24,mts_details_total,2015,28.289
gtm,sex_f,age_aggregate_y15_24,mts_details_total,2016,31.026
gtm,sex_f,age_aggregate_y15_24,mts_details_total,2017,28.67
gtm,sex_f,age_aggregate_y15_24,mts_details_total,2018,31.026
gtm,sex_f,age_aggregate_y15_24,mts_details_total,2019,30.492
gtm,sex_f,age_aggregate_y15_24,mts_details_total,2021,34.503
gtm,sex_f,age_aggregate_y15_24,mts_details_total,2022,30.713
gtm,sex_f,age_aggregate_y15_24,mts_details_total,2023,41.288
gtm,sex_f,age_aggregate_y15_24,mts_details_union,2002,27.956
gtm,sex_f,age_aggregate_y15_24,mts_details_union,2003,27.473
gtm,sex_f,age_aggregate_y15_24,mts_details_union,2004,18.324
gtm,sex_f,age_aggregate_y15_24,mts_details_union,2006,32.791
gtm,sex_f,age_aggregate_y15_24,mts_details_union,2010,26.239
gtm,sex_f,age_aggregate_y15_24,mts_details_union,2011,15.425
gtm,sex_f,age_aggregate_y15_24,mts_details_union,2012,24.262
gtm,sex_f,age_aggregate_y15_24,mts_details_union,2013,18.21
gtm,sex_f,age_aggregate_y15_24,mts_details_union,2014,19.213
gtm,sex_f,age_aggregate_y15_24,mts_details_union,2015,18.299
gtm,sex_f,age_aggregate_y15_24,mts_details_union,2016,18.805
gtm,sex_f,age_aggregate_y15_24,mts_details_union,2017,17.848
gtm,sex_f,age_aggregate_y15_24,mts_details_union,2018,20.231
gtm,sex_f,age_aggregate_y15_24,mts_details_union,2019,19.093
gtm,sex_f,age_aggregate_y15_24,mts_details_union,2021,25.74
gtm,sex_f,age_aggregate_y15_24,mts_details_union,2022,21.646
gtm,sex_f,age_aggregate_y15_24,mts_details_union,2023,31.929
gtm,sex_f,age_aggregate_y15_24,mts_details_wid,2002,100
gtm,sex_f,age_aggregate_y15_24,mts_details_wid,2004,27.319
gtm,sex_f,age_aggregate_y15_24,mts_details_wid,2006,26.997
gtm,sex_f,age_aggregate_y15_24,mts_details_wid,2015,47.227
gtm,sex_f,age_aggregate_y15_24,mts_details_wid,2016,36.673
gtm,sex_f,age_aggregate_y15_24,mts_details_wid,2017,50.281
gtm,sex_f,age_aggregate_y15_24,mts_details_wid,2019,64.593
gtm,sex_f,age_aggregate_y15_24,mts_details_wid,2023,62.557
gtm,sex_f,age_aggregate_y25_54,mts_aggregate_1,2002,73.729
gtm,sex_f,age_aggregate_y25_54,mts_aggregate_1,2003,71.211
gtm,sex_f,age_aggregate_y25_54,mts_aggregate_1,2004,70.7
gtm,sex_f,age_aggregate_y25_54,mts_aggregate_1,2006,73.182
gtm,sex_f,age_aggregate_y25_54,mts_aggregate_1,2010,65.053
gtm,sex_f,age_aggregate_y25_54,mts_aggregate_1,2011,69.685
gtm,sex_f,age_aggregate_y25_54,mts_aggregate_1,2012,72.332
gtm,sex_f,age_aggregate_y25_54,mts_aggregate_1,2013,68.24
gtm,sex_f,age_aggregate_y25_54,mts_aggregate_1,2014,69.131
gtm,sex_f,age_aggregate_y25_54,mts_aggregate_1,2015,68.286
gtm,sex_f,age_aggregate_y25_54,mts_aggregate_1,2016,68.656
gtm,sex_f,age_aggregate_y25_54,mts_aggregate_1,2017,67.566
gtm,sex_f,age_aggregate_y25_54,mts_aggregate_1,2018,67.342
gtm,sex_f,age_aggregate_y25_54,mts_aggregate_1,2019,65.836
gtm,sex_f,age_aggregate_y25_54,mts_aggregate_1,2021,70.388
gtm,sex_f,age_aggregate_y25_54,mts_aggregate_1,2022,66.495
gtm,sex_f,age_aggregate_y25_54,mts_aggregate_1,2023,76.164
gtm,sex_f,age_aggregate_y25_54,mts_aggregate_2,2002,44.851
gtm,sex_f,age_aggregate_y25_54,mts_aggregate_2,2003,47.286
gtm,sex_f,age_aggregate_y25_54,mts_aggregate_2,2004,43.81
gtm,sex_f,age_aggregate_y25_54,mts_aggregate_2,2006,47.409
gtm,sex_f,age_aggregate_y25_54,mts_aggregate_2,2010,43.15
gtm,sex_f,age_aggregate_y25_54,mts_aggregate_2,2011,36.706
gtm,sex_f,age_aggregate_y25_54,mts_aggregate_2,2012,45.88
gtm,sex_f,age_aggregate_y25_54,mts_aggregate_2,2013,39.07
gtm,sex_f,age_aggregate_y25_54,mts_aggregate_2,2014,40.318
gtm,sex_f,age_aggregate_y25_54,mts_aggregate_2,2015,38.265
gtm,sex_f,age_aggregate_y25_54,mts_aggregate_2,2016,39.352
gtm,sex_f,age_aggregate_y25_54,mts_aggregate_2,2017,38.533
gtm,sex_f,age_aggregate_y25_54,mts_aggregate_2,2018,37.302
gtm,sex_f,age_aggregate_y25_54,mts_aggregate_2,2019,35.413
gtm,sex_f,age_aggregate_y25_54,mts_aggregate_2,2021,42.663
gtm,sex_f,age_aggregate_y25_54,mts_aggregate_2,2022,40.094
gtm,sex_f,age_aggregate_y25_54,mts_aggregate_2,2023,53.763
gtm,sex_f,age_aggregate_y25_54,mts_aggregate_total,2002,51.906
gtm,sex_f,age_aggregate_y25_54,mts_aggregate_total,2003,52.839
gtm,sex_f,age_aggregate_y25_54,mts_aggregate_total,2004,49.979
gtm,sex_f,age_aggregate_y25_54,mts_aggregate_total,2006,54.517
gtm,sex_f,age_aggregate_y25_54,mts_aggregate_total,2010,49.008
gtm,sex_f,age_aggregate_y25_54,mts_aggregate_total,2011,45.802
gtm,sex_f,age_aggregate_y25_54,mts_aggregate_total,2012,53.515
gtm,sex_f,age_aggregate_y25_54,mts_aggregate_total,2013,47.664
gtm,sex_f,age_aggregate_y25_54,mts_aggregate_total,2014,48.635
gtm,sex_f,age_aggregate_y25_54,mts_aggregate_total,2015,46.915
gtm,sex_f,age_aggregate_y25_54,mts_aggregate_total,2016,47.869
gtm,sex_f,age_aggregate_y25_54,mts_aggregate_total,2017,47.051
gtm,sex_f,age_aggregate_y25_54,mts_aggregate_total,2018,46.514
gtm,sex_f,age_aggregate_y25_54,mts_aggregate_total,2019,44.955
gtm,sex_f,age_aggregate_y25_54,mts_aggregate_total,2021,51.074
gtm,sex_f,age_aggregate_y25_54,mts_aggregate_total,2022,48.117
gtm,sex_f,age_aggregate_y25_54,mts_aggregate_total,2023,60.998
gtm,sex_f,age_aggregate_y25_54,mts_details_mrd,2002,45.792
gtm,sex_f,age_aggregate_y25_54,mts_details_mrd,2003,47.877
gtm,sex_f,age_aggregate_y25_54,mts_details_mrd,2004,43.511
gtm,sex_f,age_aggregate_y25_54,mts_details_mrd,2006,49.798
gtm,sex_f,age_aggregate_y25_54,mts_details_mrd,2010,43.213
gtm,sex_f,age_aggregate_y25_54,mts_details_mrd,2011,39.463
gtm,sex_f,age_aggregate_y25_54,mts_details_mrd,2012,45.774
gtm,sex_f,age_aggregate_y25_54,mts_details_mrd,2013,39.785
gtm,sex_f,age_aggregate_y25_54,mts_details_mrd,2014,40.392
gtm,sex_f,age_aggregate_y25_54,mts_details_mrd,2015,38.444
gtm,sex_f,age_aggregate_y25_54,mts_details_mrd,2016,39.241
gtm,sex_f,age_aggregate_y25_54,mts_details_mrd,2017,39.104
gtm,sex_f,age_aggregate_y25_54,mts_details_mrd,2018,37.478
gtm,sex_f,age_aggregate_y25_54,mts_details_mrd,2019,35.989
gtm,sex_f,age_aggregate_y25_54,mts_details_mrd,2021,42.274
gtm,sex_f,age_aggregate_y25_54,mts_details_mrd,2022,38.657
gtm,sex_f,age_aggregate_y25_54,mts_details_mrd,2023,55.805
gtm,sex_f,age_aggregate_y25_54,mts_details_sep,2002,80.682
gtm,sex_f,age_aggregate_y25_54,mts_details_sep,2003,73.431
gtm,sex_f,age_aggregate_y25_54,mts_details_sep,2004,80.371
gtm,sex_f,age_aggregate_y25_54,mts_details_sep,2006,74.247
gtm,sex_f,age_aggregate_y25_54,mts_details_sep,2010,69.857
gtm,sex_f,age_aggregate_y25_54,mts_details_sep,2011,74.63
gtm,sex_f,age_aggregate_y25_54,mts_details_sep,2012,78.272
gtm,sex_f,age_aggregate_y25_54,mts_details_sep,2013,73.834
gtm,sex_f,age_aggregate_y25_54,mts_details_sep,2014,73.814
gtm,sex_f,age_aggregate_y25_54,mts_details_sep,2015,72.053
gtm,sex_f,age_aggregate_y25_54,mts_details_sep,2016,71.974
gtm,sex_f,age_aggregate_y25_54,mts_details_sep,2017,71.841
gtm,sex_f,age_aggregate_y25_54,mts_details_sep,2018,69.808
gtm,sex_f,age_aggregate_y25_54,mts_details_sep,2019,68.696
gtm,sex_f,age_aggregate_y25_54,mts_details_sep,2021,71.748
gtm,sex_f,age_aggregate_y25_54,mts_details_sep,2022,72.105
gtm,sex_f,age_aggregate_y25_54,mts_details_sep,2023,79.831
gtm,sex_f,age_aggregate_y25_54,mts_details_sgle,2002,72.032
gtm,sex_f,age_aggregate_y25_54,mts_details_sgle,2003,71.979
gtm,sex_f,age_aggregate_y25_54,mts_details_sgle,2004,66.853
gtm,sex_f,age_aggregate_y25_54,mts_details_sgle,2006,73.054
gtm,sex_f,age_aggregate_y25_54,mts_details_sgle,2010,62.761
gtm,sex_f,age_aggregate_y25_54,mts_details_sgle,2011,65.59
gtm,sex_f,age_aggregate_y25_54,mts_details_sgle,2012,67.118
gtm,sex_f,age_aggregate_y25_54,mts_details_sgle,2013,66.099
gtm,sex_f,age_aggregate_y25_54,mts_details_sgle,2014,66.255
gtm,sex_f,age_aggregate_y25_54,mts_details_sgle,2015,65.372
gtm,sex_f,age_aggregate_y25_54,mts_details_sgle,2016,67.028
gtm,sex_f,age_aggregate_y25_54,mts_details_sgle,2017,63.83
gtm,sex_f,age_aggregate_y25_54,mts_details_sgle,2018,64.396
gtm,sex_f,age_aggregate_y25_54,mts_details_sgle,2019,64.896
gtm,sex_f,age_aggregate_y25_54,mts_details_sgle,2021,68.083
gtm,sex_f,age_aggregate_y25_54,mts_details_sgle,2022,66.42
gtm,sex_f,age_aggregate_y25_54,mts_details_sgle,2023,72.872
gtm,sex_f,age_aggregate_y25_54,mts_details_total,2002,51.906
gtm,sex_f,age_aggregate_y25_54,mts_details_total,2003,52.839
gtm,sex_f,age_aggregate_y25_54,mts_details_total,2004,49.979
gtm,sex_f,age_aggregate_y25_54,mts_details_total,2006,54.517
gtm,sex_f,age_aggregate_y25_54,mts_details_total,2010,49.008
gtm,sex_f,age_aggregate_y25_54,mts_details_total,2011,45.802
gtm,sex_f,age_aggregate_y25_54,mts_details_total,2012,53.515
gtm,sex_f,age_aggregate_y25_54,mts_details_total,2013,47.664
gtm,sex_f,age_aggregate_y25_54,mts_details_total,2014,48.635
gtm,sex_f,age_aggregate_y25_54,mts_details_total,2015,46.915
gtm,sex_f,age_aggregate_y25_54,mts_details_total,2016,47.869
gtm,sex_f,age_aggregate_y25_54,mts_details_total,2017,47.051
gtm,sex_f,age_aggregate_y25_54,mts_details_total,2018,46.514
gtm,sex_f,age_aggregate_y25_54,mts_details_total,2019,44.955
gtm,sex_f,age_aggregate_y25_54,mts_details_total,2021,51.074
gtm,sex_f,age_aggregate_y25_54,mts_details_total,2022,48.117
gtm,sex_f,age_aggregate_y25_54,mts_details_total,2023,60.998
gtm,sex_f,age_aggregate_y25_54,mts_details_union,2002,42.593
gtm,sex_f,age_aggregate_y25_54,mts_details_union,2003,45.764
gtm,sex_f,age_aggregate_y25_54,mts_details_union,2004,44.514
gtm,sex_f,age_aggregate_y25_54,mts_details_union,2006,46.339
gtm,sex_f,age_aggregate_y25_54,mts_details_union,2010,43.026
gtm,sex_f,age_aggregate_y25_54,mts_details_union,2011,30.757
gtm,sex_f,age_aggregate_y25_54,mts_details_union,2012,46.102
gtm,sex_f,age_aggregate_y25_54,mts_details_union,2013,37.478
gtm,sex_f,age_aggregate_y25_54,mts_details_union,2014,40.146
gtm,sex_f,age_aggregate_y25_54,mts_details_union,2015,37.887
gtm,sex_f,age_aggregate_y25_54,mts_details_union,2016,39.559
gtm,sex_f,age_aggregate_y25_54,mts_details_union,2017,37.352
gtm,sex_f,age_aggregate_y25_54,mts_details_union,2018,36.946
gtm,sex_f,age_aggregate_y25_54,mts_details_union,2019,34.169
gtm,sex_f,age_aggregate_y25_54,mts_details_union,2021,43.385
gtm,sex_f,age_aggregate_y25_54,mts_details_union,2022,43.118
gtm,sex_f,age_aggregate_y25_54,mts_details_union,2023,50.184
gtm,sex_f,age_aggregate_y25_54,mts_details_wid,2002,70.116
gtm,sex_f,age_aggregate_y25_54,mts_details_wid,2003,64.868
gtm,sex_f,age_aggregate_y25_54,mts_details_wid,2004,65.682
gtm,sex_f,age_aggregate_y25_54,mts_details_wid,2006,71.351
gtm,sex_f,age_aggregate_y25_54,mts_details_wid,2010,61.893
gtm,sex_f,age_aggregate_y25_54,mts_details_wid,2011,69.765
gtm,sex_f,age_aggregate_y25_54,mts_details_wid,2012,75.978
gtm,sex_f,age_aggregate_y25_54,mts_details_wid,2013,64.052
gtm,sex_f,age_aggregate_y25_54,mts_details_wid,2014,66.602
gtm,sex_f,age_aggregate_y25_54,mts_details_wid,2015,64.537
gtm,sex_f,age_aggregate_y25_54,mts_details_wid,2016,63.093
gtm,sex_f,age_aggregate_y25_54,mts_details_wid,2017,65.345
gtm,sex_f,age_aggregate_y25_54,mts_details_wid,2018,69.35
gtm,sex_f,age_aggregate_y25_54,mts_details_wid,2019,60.829
gtm,sex_f,age_aggregate_y25_54,mts_details_wid,2021,74.403
gtm,sex_f,age_aggregate_y25_54,mts_details_wid,2022,59.03
gtm,sex_f,age_aggregate_y25_54,mts_details_wid,2023,75.21
gtm,sex_f,age_aggregate_y55_64,mts_aggregate_1,2002,50.503
gtm,sex_f,age_aggregate_y55_64,mts_aggregate_1,2003,56.77
gtm,sex_f,age_aggregate_y55_64,mts_aggregate_1,2004,46.411
gtm,sex_f,age_aggregate_y55_64,mts_aggregate_1,2006,52.061
gtm,sex_f,age_aggregate_y55_64,mts_aggregate_1,2010,47.662
gtm,sex_f,age_aggregate_y55_64,mts_aggregate_1,2011,41.239
gtm,sex_f,age_aggregate_y55_64,mts_aggregate_1,2012,54.054
gtm,sex_f,age_aggregate_y55_64,mts_aggregate_1,2013,48.706
gtm,sex_f,age_aggregate_y55_64,mts_aggregate_1,2014,42.444
gtm,sex_f,age_aggregate_y55_64,mts_aggregate_1,2015,45.289
gtm,sex_f,age_aggregate_y55_64,mts_aggregate_1,2016,43.096
gtm,sex_f,age_aggregate_y55_64,mts_aggregate_1,2017,47.473
gtm,sex_f,age_aggregate_y55_64,mts_aggregate_1,2018,46.363
gtm,sex_f,age_aggregate_y55_64,mts_aggregate_1,2019,44.824
gtm,sex_f,age_aggregate_y55_64,mts_aggregate_1,2021,52.19
gtm,sex_f,age_aggregate_y55_64,mts_aggregate_1,2022,48.104
gtm,sex_f,age_aggregate_y55_64,mts_aggregate_1,2023,57.959
gtm,sex_f,age_aggregate_y55_64,mts_aggregate_2,2002,37.719
gtm,sex_f,age_aggregate_y55_64,mts_aggregate_2,2003,45.549
gtm,sex_f,age_aggregate_y55_64,mts_aggregate_2,2004,29.515
gtm,sex_f,age_aggregate_y55_64,mts_aggregate_2,2006,35.915
gtm,sex_f,age_aggregate_y55_64,mts_aggregate_2,2010,32.686
gtm,sex_f,age_aggregate_y55_64,mts_aggregate_2,2011,28.619
gtm,sex_f,age_aggregate_y55_64,mts_aggregate_2,2012,33.708
gtm,sex_f,age_aggregate_y55_64,mts_aggregate_2,2013,29.8
gtm,sex_f,age_aggregate_y55_64,mts_aggregate_2,2014,27.441
gtm,sex_f,age_aggregate_y55_64,mts_aggregate_2,2015,26.016
gtm,sex_f,age_aggregate_y55_64,mts_aggregate_2,2016,25.778
gtm,sex_f,age_aggregate_y55_64,mts_aggregate_2,2017,27.805
gtm,sex_f,age_aggregate_y55_64,mts_aggregate_2,2018,27.482
gtm,sex_f,age_aggregate_y55_64,mts_aggregate_2,2019,25.498
gtm,sex_f,age_aggregate_y55_64,mts_aggregate_2,2021,29.981
gtm,sex_f,age_aggregate_y55_64,mts_aggregate_2,2022,31.23
gtm,sex_f,age_aggregate_y55_64,mts_aggregate_2,2023,41.084
gtm,sex_f,age_aggregate_y55_64,mts_aggregate_total,2002,41.782
gtm,sex_f,age_aggregate_y55_64,mts_aggregate_total,2003,48.772
gtm,sex_f,age_aggregate_y55_64,mts_aggregate_total,2004,35.325
gtm,sex_f,age_aggregate_y55_64,mts_aggregate_total,2006,41.952
gtm,sex_f,age_aggregate_y55_64,mts_aggregate_total,2010,37.509
gtm,sex_f,age_aggregate_y55_64,mts_aggregate_total,2011,33.043
gtm,sex_f,age_aggregate_y55_64,mts_aggregate_total,2012,40.447
gtm,sex_f,age_aggregate_y55_64,mts_aggregate_total,2013,36.119
gtm,sex_f,age_aggregate_y55_64,mts_aggregate_total,2014,32.959
gtm,sex_f,age_aggregate_y55_64,mts_aggregate_total,2015,33.342
gtm,sex_f,age_aggregate_y55_64,mts_aggregate_total,2016,32.181
gtm,sex_f,age_aggregate_y55_64,mts_aggregate_total,2017,35.197
gtm,sex_f,age_aggregate_y55_64,mts_aggregate_total,2018,33.63
gtm,sex_f,age_aggregate_y55_64,mts_aggregate_total,2019,32.548
gtm,sex_f,age_aggregate_y55_64,mts_aggregate_total,2021,38.105
gtm,sex_f,age_aggregate_y55_64,mts_aggregate_total,2022,37.367
gtm,sex_f,age_aggregate_y55_64,mts_aggregate_total,2023,47.935
gtm,sex_f,age_aggregate_y55_64,mts_details_mrd,2002,35.278
gtm,sex_f,age_aggregate_y55_64,mts_details_mrd,2003,42.334
gtm,sex_f,age_aggregate_y55_64,mts_details_mrd,2004,35.684
gtm,sex_f,age_aggregate_y55_64,mts_details_mrd,2006,39.327
gtm,sex_f,age_aggregate_y55_64,mts_details_mrd,2010,30.602
gtm,sex_f,age_aggregate_y55_64,mts_details_mrd,2011,26.575
gtm,sex_f,age_aggregate_y55_64,mts_details_mrd,2012,32.389
gtm,sex_f,age_aggregate_y55_64,mts_details_mrd,2013,31.306
gtm,sex_f,age_aggregate_y55_64,mts_details_mrd,2014,27.323
gtm,sex_f,age_aggregate_y55_64,mts_details_mrd,2015,26.255
gtm,sex_f,age_aggregate_y55_64,mts_details_mrd,2016,25.114
gtm,sex_f,age_aggregate_y55_64,mts_details_mrd,2017,27.442
gtm,sex_f,age_aggregate_y55_64,mts_details_mrd,2018,27.889
gtm,sex_f,age_aggregate_y55_64,mts_details_mrd,2019,25.724
gtm,sex_f,age_aggregate_y55_64,mts_details_mrd,2021,31.569
gtm,sex_f,age_aggregate_y55_64,mts_details_mrd,2022,29.598
gtm,sex_f,age_aggregate_y55_64,mts_details_mrd,2023,38.703
gtm,sex_f,age_aggregate_y55_64,mts_details_sep,2002,52.039
gtm,sex_f,age_aggregate_y55_64,mts_details_sep,2003,55.918
gtm,sex_f,age_aggregate_y55_64,mts_details_sep,2004,29.672
gtm,sex_f,age_aggregate_y55_64,mts_details_sep,2006,57.738
gtm,sex_f,age_aggregate_y55_64,mts_details_sep,2010,51.09
gtm,sex_f,age_aggregate_y55_64,mts_details_sep,2011,47.7
gtm,sex_f,age_aggregate_y55_64,mts_details_sep,2012,58.74
gtm,sex_f,age_aggregate_y55_64,mts_details_sep,2013,58.962
gtm,sex_f,age_aggregate_y55_64,mts_details_sep,2014,45.553
gtm,sex_f,age_aggregate_y55_64,mts_details_sep,2015,55.448
gtm,sex_f,age_aggregate_y55_64,mts_details_sep,2016,52.471
gtm,sex_f,age_aggregate_y55_64,mts_details_sep,2017,53.487
gtm,sex_f,age_aggregate_y55_64,mts_details_sep,2018,54.379
gtm,sex_f,age_aggregate_y55_64,mts_details_sep,2019,51.486
gtm,sex_f,age_aggregate_y55_64,mts_details_sep,2021,52.403
gtm,sex_f,age_aggregate_y55_64,mts_details_sep,2022,45.506
gtm,sex_f,age_aggregate_y55_64,mts_details_sep,2023,55.37
gtm,sex_f,age_aggregate_y55_64,mts_details_sgle,2002,63.02
gtm,sex_f,age_aggregate_y55_64,mts_details_sgle,2003,73.474
gtm,sex_f,age_aggregate_y55_64,mts_details_sgle,2004,56.073
gtm,sex_f,age_aggregate_y55_64,mts_details_sgle,2006,62.389
gtm,sex_f,age_aggregate_y55_64,mts_details_sgle,2010,47.448
gtm,sex_f,age_aggregate_y55_64,mts_details_sgle,2011,49.405
gtm,sex_f,age_aggregate_y55_64,mts_details_sgle,2012,48.978
gtm,sex_f,age_aggregate_y55_64,mts_details_sgle,2013,48.406
gtm,sex_f,age_aggregate_y55_64,mts_details_sgle,2014,61.978
gtm,sex_f,age_aggregate_y55_64,mts_details_sgle,2015,48.3
gtm,sex_f,age_aggregate_y55_64,mts_details_sgle,2016,48.962
gtm,sex_f,age_aggregate_y55_64,mts_details_sgle,2017,38.385
gtm,sex_f,age_aggregate_y55_64,mts_details_sgle,2018,32.958
gtm,sex_f,age_aggregate_y55_64,mts_details_sgle,2019,46.551
gtm,sex_f,age_aggregate_y55_64,mts_details_sgle,2021,58.952
gtm,sex_f,age_aggregate_y55_64,mts_details_sgle,2022,57.986
gtm,sex_f,age_aggregate_y55_64,mts_details_sgle,2023,64.614
gtm,sex_f,age_aggregate_y55_64,mts_details_total,2002,41.782
gtm,sex_f,age_aggregate_y55_64,mts_details_total,2003,48.772
gtm,sex_f,age_aggregate_y55_64,mts_details_total,2004,35.325
gtm,sex_f,age_aggregate_y55_64,mts_details_total,2006,41.952
gtm,sex_f,age_aggregate_y55_64,mts_details_total,2010,37.509
gtm,sex_f,age_aggregate_y55_64,mts_details_total,2011,33.043
gtm,sex_f,age_aggregate_y55_64,mts_details_total,2012,40.447
gtm,sex_f,age_aggregate_y55_64,mts_details_total,2013,36.119
gtm,sex_f,age_aggregate_y55_64,mts_details_total,2014,32.959
gtm,sex_f,age_aggregate_y55_64,mts_details_total,2015,33.342
gtm,sex_f,age_aggregate_y55_64,mts_details_total,2016,32.181
gtm,sex_f,age_aggregate_y55_64,mts_details_total,2017,35.197
gtm,sex_f,age_aggregate_y55_64,mts_details_total,2018,33.63
gtm,sex_f,age_aggregate_y55_64,mts_details_total,2019,32.548
gtm,sex_f,age_aggregate_y55_64,mts_details_total,2021,38.105
gtm,sex_f,age_aggregate_y55_64,mts_details_total,2022,37.367
gtm,sex_f,age_aggregate_y55_64,mts_details_total,2023,47.935
gtm,sex_f,age_aggregate_y55_64,mts_details_union,2002,44.701
gtm,sex_f,age_aggregate_y55_64,mts_details_union,2003,58.381
gtm,sex_f,age_aggregate_y55_64,mts_details_union,2004,13.486
gtm,sex_f,age_aggregate_y55_64,mts_details_union,2006,34.907
gtm,sex_f,age_aggregate_y55_64,mts_details_union,2010,38.024
gtm,sex_f,age_aggregate_y55_64,mts_details_union,2011,35.398
gtm,sex_f,age_aggregate_y55_64,mts_details_union,2012,37.855
gtm,sex_f,age_aggregate_y55_64,mts_details_union,2013,24.915
gtm,sex_f,age_aggregate_y55_64,mts_details_union,2014,27.935
gtm,sex_f,age_aggregate_y55_64,mts_details_union,2015,25.154
gtm,sex_f,age_aggregate_y55_64,mts_details_union,2016,27.91
gtm,sex_f,age_aggregate_y55_64,mts_details_union,2017,29.281
gtm,sex_f,age_aggregate_y55_64,mts_details_union,2018,25.86
gtm,sex_f,age_aggregate_y55_64,mts_details_union,2019,24.551
gtm,sex_f,age_aggregate_y55_64,mts_details_union,2021,24.864
gtm,sex_f,age_aggregate_y55_64,mts_details_union,2022,38.645
gtm,sex_f,age_aggregate_y55_64,mts_details_union,2023,50.287
gtm,sex_f,age_aggregate_y55_64,mts_details_wid,2002,47.061
gtm,sex_f,age_aggregate_y55_64,mts_details_wid,2003,51.537
gtm,sex_f,age_aggregate_y55_64,mts_details_wid,2004,49.417
gtm,sex_f,age_aggregate_y55_64,mts_details_wid,2006,45.775
gtm,sex_f,age_aggregate_y55_64,mts_details_wid,2010,45.919
gtm,sex_f,age_aggregate_y55_64,mts_details_wid,2011,35.444
gtm,sex_f,age_aggregate_y55_64,mts_details_wid,2012,52.398
gtm,sex_f,age_aggregate_y55_64,mts_details_wid,2013,43.819
gtm,sex_f,age_aggregate_y55_64,mts_details_wid,2014,34.807
gtm,sex_f,age_aggregate_y55_64,mts_details_wid,2015,39.255
gtm,sex_f,age_aggregate_y55_64,mts_details_wid,2016,35.211
gtm,sex_f,age_aggregate_y55_64,mts_details_wid,2017,45.982
gtm,sex_f,age_aggregate_y55_64,mts_details_wid,2018,44.639
gtm,sex_f,age_aggregate_y55_64,mts_details_wid,2019,40.608
gtm,sex_f,age_aggregate_y55_64,mts_details_wid,2021,50.162
gtm,sex_f,age_aggregate_y55_64,mts_details_wid,2022,44.267
gtm,sex_f,age_aggregate_y55_64,mts_details_wid,2023,57.442
gtm,sex_f,age_aggregate_yge65,mts_aggregate_1,2002,28.212
gtm,sex_f,age_aggregate_yge65,mts_aggregate_1,2003,20.907
gtm,sex_f,age_aggregate_yge65,mts_aggregate_1,2004,23.614
gtm,sex_f,age_aggregate_yge65,mts_aggregate_1,2006,21.724
gtm,sex_f,age_aggregate_yge65,mts_aggregate_1,2010,28.335
gtm,sex_f,age_aggregate_yge65,mts_aggregate_1,2011,16.402
gtm,sex_f,age_aggregate_yge65,mts_aggregate_1,2012,14.318
gtm,sex_f,age_aggregate_yge65,mts_aggregate_1,2013,19.608
gtm,sex_f,age_aggregate_yge65,mts_aggregate_1,2014,16.937
gtm,sex_f,age_aggregate_yge65,mts_aggregate_1,2015,18.652
gtm,sex_f,age_aggregate_yge65,mts_aggregate_1,2016,17.978
gtm,sex_f,age_aggregate_yge65,mts_aggregate_1,2017,20.204
gtm,sex_f,age_aggregate_yge65,mts_aggregate_1,2018,20.399
gtm,sex_f,age_aggregate_yge65,mts_aggregate_1,2019,16.927
gtm,sex_f,age_aggregate_yge65,mts_aggregate_1,2021,16.174
gtm,sex_f,age_aggregate_yge65,mts_aggregate_1,2022,22.628
gtm,sex_f,age_aggregate_yge65,mts_aggregate_1,2023,24.815
gtm,sex_f,age_aggregate_yge65,mts_aggregate_2,2002,29.229
gtm,sex_f,age_aggregate_yge65,mts_aggregate_2,2003,21.378
gtm,sex_f,age_aggregate_yge65,mts_aggregate_2,2004,23.994
gtm,sex_f,age_aggregate_yge65,mts_aggregate_2,2006,28.069
gtm,sex_f,age_aggregate_yge65,mts_aggregate_2,2010,15.774
gtm,sex_f,age_aggregate_yge65,mts_aggregate_2,2011,12.134
gtm,sex_f,age_aggregate_yge65,mts_aggregate_2,2012,15.935
gtm,sex_f,age_aggregate_yge65,mts_aggregate_2,2013,14
gtm,sex_f,age_aggregate_yge65,mts_aggregate_2,2014,22.532
gtm,sex_f,age_aggregate_yge65,mts_aggregate_2,2015,13.196
gtm,sex_f,age_aggregate_yge65,mts_aggregate_2,2016,17.002
gtm,sex_f,age_aggregate_yge65,mts_aggregate_2,2017,15.781
gtm,sex_f,age_aggregate_yge65,mts_aggregate_2,2018,14.823
gtm,sex_f,age_aggregate_yge65,mts_aggregate_2,2019,13.716
gtm,sex_f,age_aggregate_yge65,mts_aggregate_2,2021,17.294
gtm,sex_f,age_aggregate_yge65,mts_aggregate_2,2022,15.964
gtm,sex_f,age_aggregate_yge65,mts_aggregate_2,2023,24.675
gtm,sex_f,age_aggregate_yge65,mts_aggregate_total,2002,28.599
gtm,sex_f,age_aggregate_yge65,mts_aggregate_total,2003,21.098
gtm,sex_f,age_aggregate_yge65,mts_aggregate_total,2004,23.525
gtm,sex_f,age_aggregate_yge65,mts_aggregate_total,2006,24.485
gtm,sex_f,age_aggregate_yge65,mts_aggregate_total,2010,22.718
gtm,sex_f,age_aggregate_yge65,mts_aggregate_total,2011,14.576
gtm,sex_f,age_aggregate_yge65,mts_aggregate_total,2012,14.956
gtm,sex_f,age_aggregate_yge65,mts_aggregate_total,2013,17.298
gtm,sex_f,age_aggregate_yge65,mts_aggregate_total,2014,19.466
gtm,sex_f,age_aggregate_yge65,mts_aggregate_total,2015,16.359
gtm,sex_f,age_aggregate_yge65,mts_aggregate_total,2016,17.566
gtm,sex_f,age_aggregate_yge65,mts_aggregate_total,2017,18.283
gtm,sex_f,age_aggregate_yge65,mts_aggregate_total,2018,17.977
gtm,sex_f,age_aggregate_yge65,mts_aggregate_total,2019,15.531
gtm,sex_f,age_aggregate_yge65,mts_aggregate_total,2021,16.64
gtm,sex_f,age_aggregate_yge65,mts_aggregate_total,2022,19.902
gtm,sex_f,age_aggregate_yge65,mts_aggregate_total,2023,24.758
gtm,sex_f,age_aggregate_yge65,mts_details_mrd,2002,31.812
gtm,sex_f,age_aggregate_yge65,mts_details_mrd,2003,20.796
gtm,sex_f,age_aggregate_yge65,mts_details_mrd,2004,22.17
gtm,sex_f,age_aggregate_yge65,mts_details_mrd,2006,31.913
gtm,sex_f,age_aggregate_yge65,mts_details_mrd,2010,13.865
gtm,sex_f,age_aggregate_yge65,mts_details_mrd,2011,11.81
gtm,sex_f,age_aggregate_yge65,mts_details_mrd,2012,16.34
gtm,sex_f,age_aggregate_yge65,mts_details_mrd,2013,13.681
gtm,sex_f,age_aggregate_yge65,mts_details_mrd,2014,23.778
gtm,sex_f,age_aggregate_yge65,mts_details_mrd,2015,13.051
gtm,sex_f,age_aggregate_yge65,mts_details_mrd,2016,15.947
gtm,sex_f,age_aggregate_yge65,mts_details_mrd,2017,14.928
gtm,sex_f,age_aggregate_yge65,mts_details_mrd,2018,12.616
gtm,sex_f,age_aggregate_yge65,mts_details_mrd,2019,14.236
gtm,sex_f,age_aggregate_yge65,mts_details_mrd,2021,18.541
gtm,sex_f,age_aggregate_yge65,mts_details_mrd,2022,16.435
gtm,sex_f,age_aggregate_yge65,mts_details_mrd,2023,24.795
gtm,sex_f,age_aggregate_yge65,mts_details_sep,2002,29.307
gtm,sex_f,age_aggregate_yge65,mts_details_sep,2003,15.736
gtm,sex_f,age_aggregate_yge65,mts_details_sep,2004,34.473
gtm,sex_f,age_aggregate_yge65,mts_details_sep,2006,32.803
gtm,sex_f,age_aggregate_yge65,mts_details_sep,2010,40.855
gtm,sex_f,age_aggregate_yge65,mts_details_sep,2011,20.642
gtm,sex_f,age_aggregate_yge65,mts_details_sep,2012,20.214
gtm,sex_f,age_aggregate_yge65,mts_details_sep,2013,23.852
gtm,sex_f,age_aggregate_yge65,mts_details_sep,2014,19.561
gtm,sex_f,age_aggregate_yge65,mts_details_sep,2015,23.015
gtm,sex_f,age_aggregate_yge65,mts_details_sep,2016,31.035
gtm,sex_f,age_aggregate_yge65,mts_details_sep,2017,28.572
gtm,sex_f,age_aggregate_yge65,mts_details_sep,2018,29.101
gtm,sex_f,age_aggregate_yge65,mts_details_sep,2019,27.205
gtm,sex_f,age_aggregate_yge65,mts_details_sep,2021,27.579
gtm,sex_f,age_aggregate_yge65,mts_details_sep,2022,26.144
gtm,sex_f,age_aggregate_yge65,mts_details_sep,2023,29.087
gtm,sex_f,age_aggregate_yge65,mts_details_sgle,2002,30.568
gtm,sex_f,age_aggregate_yge65,mts_details_sgle,2003,20.92
gtm,sex_f,age_aggregate_yge65,mts_details_sgle,2004,51.517
gtm,sex_f,age_aggregate_yge65,mts_details_sgle,2006,19.159
gtm,sex_f,age_aggregate_yge65,mts_details_sgle,2010,36.948
gtm,sex_f,age_aggregate_yge65,mts_details_sgle,2011,23.408
gtm,sex_f,age_aggregate_yge65,mts_details_sgle,2012,22.347
gtm,sex_f,age_aggregate_yge65,mts_details_sgle,2013,29.295
gtm,sex_f,age_aggregate_yge65,mts_details_sgle,2014,26.194
gtm,sex_f,age_aggregate_yge65,mts_details_sgle,2015,12.015
gtm,sex_f,age_aggregate_yge65,mts_details_sgle,2016,18.939
gtm,sex_f,age_aggregate_yge65,mts_details_sgle,2017,39.533
gtm,sex_f,age_aggregate_yge65,mts_details_sgle,2018,26.559
gtm,sex_f,age_aggregate_yge65,mts_details_sgle,2019,25.105
gtm,sex_f,age_aggregate_yge65,mts_details_sgle,2021,29.013
gtm,sex_f,age_aggregate_yge65,mts_details_sgle,2022,35.735
gtm,sex_f,age_aggregate_yge65,mts_details_sgle,2023,24.852
gtm,sex_f,age_aggregate_yge65,mts_details_total,2002,28.599
gtm,sex_f,age_aggregate_yge65,mts_details_total,2003,21.098
gtm,sex_f,age_aggregate_yge65,mts_details_total,2004,23.525
gtm,sex_f,age_aggregate_yge65,mts_details_total,2006,24.485
gtm,sex_f,age_aggregate_yge65,mts_details_total,2010,22.718
gtm,sex_f,age_aggregate_yge65,mts_details_total,2011,14.576
gtm,sex_f,age_aggregate_yge65,mts_details_total,2012,14.956
gtm,sex_f,age_aggregate_yge65,mts_details_total,2013,17.298
gtm,sex_f,age_aggregate_yge65,mts_details_total,2014,19.466
gtm,sex_f,age_aggregate_yge65,mts_details_total,2015,16.359
gtm,sex_f,age_aggregate_yge65,mts_details_total,2016,17.566
gtm,sex_f,age_aggregate_yge65,mts_details_total,2017,18.283
gtm,sex_f,age_aggregate_yge65,mts_details_total,2018,17.977
gtm,sex_f,age_aggregate_yge65,mts_details_total,2019,15.531
gtm,sex_f,age_aggregate_yge65,mts_details_total,2021,16.64
gtm,sex_f,age_aggregate_yge65,mts_details_total,2022,19.902
gtm,sex_f,age_aggregate_yge65,mts_details_total,2023,24.758
gtm,sex_f,age_aggregate_yge65,mts_details_union,2002,17.858
gtm,sex_f,age_aggregate_yge65,mts_details_union,2003,23.001
gtm,sex_f,age_aggregate_yge65,mts_details_union,2004,33.705
gtm,sex_f,age_aggregate_yge65,mts_details_union,2006,27.085
gtm,sex_f,age_aggregate_yge65,mts_details_union,2010,22.686
gtm,sex_f,age_aggregate_yge65,mts_details_union,2011,13.205
gtm,sex_f,age_aggregate_yge65,mts_details_union,2012,14.666
gtm,sex_f,age_aggregate_yge65,mts_details_union,2013,15.34
gtm,sex_f,age_aggregate_yge65,mts_details_union,2014,17.846
gtm,sex_f,age_aggregate_yge65,mts_details_union,2015,13.919
gtm,sex_f,age_aggregate_yge65,mts_details_union,2016,21.249
gtm,sex_f,age_aggregate_yge65,mts_details_union,2017,19.788
gtm,sex_f,age_aggregate_yge65,mts_details_union,2018,25.945
gtm,sex_f,age_aggregate_yge65,mts_details_union,2019,10.672
gtm,sex_f,age_aggregate_yge65,mts_details_union,2021,11.484
gtm,sex_f,age_aggregate_yge65,mts_details_union,2022,13.246
gtm,sex_f,age_aggregate_yge65,mts_details_union,2023,24.077
gtm,sex_f,age_aggregate_yge65,mts_details_wid,2002,27.858
gtm,sex_f,age_aggregate_yge65,mts_details_wid,2003,21.531
gtm,sex_f,age_aggregate_yge65,mts_details_wid,2004,21.053
gtm,sex_f,age_aggregate_yge65,mts_details_wid,2006,20.19
gtm,sex_f,age_aggregate_yge65,mts_details_wid,2010,25.302
gtm,sex_f,age_aggregate_yge65,mts_details_wid,2011,14.793
gtm,sex_f,age_aggregate_yge65,mts_details_wid,2012,12.427
gtm,sex_f,age_aggregate_yge65,mts_details_wid,2013,18.07
gtm,sex_f,age_aggregate_yge65,mts_details_wid,2014,15.787
gtm,sex_f,age_aggregate_yge65,mts_details_wid,2015,18.383
gtm,sex_f,age_aggregate_yge65,mts_details_wid,2016,16.132
gtm,sex_f,age_aggregate_yge65,mts_details_wid,2017,17.403
gtm,sex_f,age_aggregate_yge65,mts_details_wid,2018,18.104
gtm,sex_f,age_aggregate_yge65,mts_details_wid,2019,14.51
gtm,sex_f,age_aggregate_yge65,mts_details_wid,2021,12.405
gtm,sex_f,age_aggregate_yge65,mts_details_wid,2022,19.4
gtm,sex_f,age_aggregate_yge65,mts_details_wid,2023,24.04
gtm,sex_f,age_ythadult_y15_24,mts_aggregate_1,2002,46.82
gtm,sex_f,age_ythadult_y15_24,mts_aggregate_1,2003,48.092
gtm,sex_f,age_ythadult_y15_24,mts_aggregate_1,2004,37.311
gtm,sex_f,age_ythadult_y15_24,mts_aggregate_1,2006,44.948
gtm,sex_f,age_ythadult_y15_24,mts_aggregate_1,2010,33.652
gtm,sex_f,age_ythadult_y15_24,mts_aggregate_1,2011,35.702
gtm,sex_f,age_ythadult_y15_24,mts_aggregate_1,2012,40.499
gtm,sex_f,age_ythadult_y15_24,mts_aggregate_1,2013,35.327
gtm,sex_f,age_ythadult_y15_24,mts_aggregate_1,2014,34.194
gtm,sex_f,age_ythadult_y15_24,mts_aggregate_1,2015,32.617
gtm,sex_f,age_ythadult_y15_24,mts_aggregate_1,2016,35.125
gtm,sex_f,age_ythadult_y15_24,mts_aggregate_1,2017,32.368
gtm,sex_f,age_ythadult_y15_24,mts_aggregate_1,2018,34.574
gtm,sex_f,age_ythadult_y15_24,mts_aggregate_1,2019,33.788
gtm,sex_f,age_ythadult_y15_24,mts_aggregate_1,2021,36.899
gtm,sex_f,age_ythadult_y15_24,mts_aggregate_1,2022,33.359
gtm,sex_f,age_ythadult_y15_24,mts_aggregate_1,2023,44.763
gtm,sex_f,age_ythadult_y15_24,mts_aggregate_2,2002,30.178
gtm,sex_f,age_ythadult_y15_24,mts_aggregate_2,2003,32.705
gtm,sex_f,age_ythadult_y15_24,mts_aggregate_2,2004,23.444
gtm,sex_f,age_ythadult_y15_24,mts_aggregate_2,2006,28.602
gtm,sex_f,age_ythadult_y15_24,mts_aggregate_2,2010,26.066
gtm,sex_f,age_ythadult_y15_24,mts_aggregate_2,2011,18.423
gtm,sex_f,age_ythadult_y15_24,mts_aggregate_2,2012,29.515
gtm,sex_f,age_ythadult_y15_24,mts_aggregate_2,2013,20.05
gtm,sex_f,age_ythadult_y15_24,mts_aggregate_2,2014,21.024
gtm,sex_f,age_ythadult_y15_24,mts_aggregate_2,2015,18.54
gtm,sex_f,age_ythadult_y15_24,mts_aggregate_2,2016,20.73
gtm,sex_f,age_ythadult_y15_24,mts_aggregate_2,2017,19.575
gtm,sex_f,age_ythadult_y15_24,mts_aggregate_2,2018,21.346
gtm,sex_f,age_ythadult_y15_24,mts_aggregate_2,2019,20.235
gtm,sex_f,age_ythadult_y15_24,mts_aggregate_2,2021,28.67
gtm,sex_f,age_ythadult_y15_24,mts_aggregate_2,2022,24.133
gtm,sex_f,age_ythadult_y15_24,mts_aggregate_2,2023,33.486
gtm,sex_f,age_ythadult_y15_24,mts_aggregate_total,2002,40.791
gtm,sex_f,age_ythadult_y15_24,mts_aggregate_total,2003,42.859
gtm,sex_f,age_ythadult_y15_24,mts_aggregate_total,2004,32.041
gtm,sex_f,age_ythadult_y15_24,mts_aggregate_total,2006,39.196
gtm,sex_f,age_ythadult_y15_24,mts_aggregate_total,2010,31.128
gtm,sex_f,age_ythadult_y15_24,mts_aggregate_total,2011,30.64
gtm,sex_f,age_ythadult_y15_24,mts_aggregate_total,2012,37.167
gtm,sex_f,age_ythadult_y15_24,mts_aggregate_total,2013,30.587
gtm,sex_f,age_ythadult_y15_24,mts_aggregate_total,2014,30.124
gtm,sex_f,age_ythadult_y15_24,mts_aggregate_total,2015,28.289
gtm,sex_f,age_ythadult_y15_24,mts_aggregate_total,2016,31.026
gtm,sex_f,age_ythadult_y15_24,mts_aggregate_total,2017,28.67
gtm,sex_f,age_ythadult_y15_24,mts_aggregate_total,2018,31.026
gtm,sex_f,age_ythadult_y15_24,mts_aggregate_total,2019,30.492
gtm,sex_f,age_ythadult_y15_24,mts_aggregate_total,2021,34.503
gtm,sex_f,age_ythadult_y15_24,mts_aggregate_total,2022,30.713
gtm,sex_f,age_ythadult_y15_24,mts_aggregate_total,2023,41.288
gtm,sex_f,age_ythadult_y15_24,mts_details_mrd,2002,31.971
gtm,sex_f,age_ythadult_y15_24,mts_details_mrd,2003,36.853
gtm,sex_f,age_ythadult_y15_24,mts_details_mrd,2004,27.479
gtm,sex_f,age_ythadult_y15_24,mts_details_mrd,2006,24.846
gtm,sex_f,age_ythadult_y15_24,mts_details_mrd,2010,25.831
gtm,sex_f,age_ythadult_y15_24,mts_details_mrd,2011,22.805
gtm,sex_f,age_ythadult_y15_24,mts_details_mrd,2012,34.546
gtm,sex_f,age_ythadult_y15_24,mts_details_mrd,2013,22.256
gtm,sex_f,age_ythadult_y15_24,mts_details_mrd,2014,22.896
gtm,sex_f,age_ythadult_y15_24,mts_details_mrd,2015,18.867
gtm,sex_f,age_ythadult_y15_24,mts_details_mrd,2016,23.602
gtm,sex_f,age_ythadult_y15_24,mts_details_mrd,2017,22.305
gtm,sex_f,age_ythadult_y15_24,mts_details_mrd,2018,23.146
gtm,sex_f,age_ythadult_y15_24,mts_details_mrd,2019,22.39
gtm,sex_f,age_ythadult_y15_24,mts_details_mrd,2021,34.711
gtm,sex_f,age_ythadult_y15_24,mts_details_mrd,2022,30.134
gtm,sex_f,age_ythadult_y15_24,mts_details_mrd,2023,37.286
gtm,sex_f,age_ythadult_y15_24,mts_details_sep,2002,48.124
gtm,sex_f,age_ythadult_y15_24,mts_details_sep,2003,74.784
gtm,sex_f,age_ythadult_y15_24,mts_details_sep,2004,49.113
gtm,sex_f,age_ythadult_y15_24,mts_details_sep,2006,58.451
gtm,sex_f,age_ythadult_y15_24,mts_details_sep,2010,50.092
gtm,sex_f,age_ythadult_y15_24,mts_details_sep,2011,57.787
gtm,sex_f,age_ythadult_y15_24,mts_details_sep,2012,44.326
gtm,sex_f,age_ythadult_y15_24,mts_details_sep,2013,56.795
gtm,sex_f,age_ythadult_y15_24,mts_details_sep,2014,41.081
gtm,sex_f,age_ythadult_y15_24,mts_details_sep,2015,39.464
gtm,sex_f,age_ythadult_y15_24,mts_details_sep,2016,49.343
gtm,sex_f,age_ythadult_y15_24,mts_details_sep,2017,39.176
gtm,sex_f,age_ythadult_y15_24,mts_details_sep,2018,45.388
gtm,sex_f,age_ythadult_y15_24,mts_details_sep,2019,42.32
gtm,sex_f,age_ythadult_y15_24,mts_details_sep,2021,47.236
gtm,sex_f,age_ythadult_y15_24,mts_details_sep,2022,36.056
gtm,sex_f,age_ythadult_y15_24,mts_details_sep,2023,62.6
gtm,sex_f,age_ythadult_y15_24,mts_details_sgle,2002,46.636
gtm,sex_f,age_ythadult_y15_24,mts_details_sgle,2003,47.121
gtm,sex_f,age_ythadult_y15_24,mts_details_sgle,2004,36.987
gtm,sex_f,age_ythadult_y15_24,mts_details_sgle,2006,44.337
gtm,sex_f,age_ythadult_y15_24,mts_details_sgle,2010,32.821
gtm,sex_f,age_ythadult_y15_24,mts_details_sgle,2011,34.65
gtm,sex_f,age_ythadult_y15_24,mts_details_sgle,2012,40.338
gtm,sex_f,age_ythadult_y15_24,mts_details_sgle,2013,34.43
gtm,sex_f,age_ythadult_y15_24,mts_details_sgle,2014,33.824
gtm,sex_f,age_ythadult_y15_24,mts_details_sgle,2015,32.075
gtm,sex_f,age_ythadult_y15_24,mts_details_sgle,2016,34.317
gtm,sex_f,age_ythadult_y15_24,mts_details_sgle,2017,31.875
gtm,sex_f,age_ythadult_y15_24,mts_details_sgle,2018,33.785
gtm,sex_f,age_ythadult_y15_24,mts_details_sgle,2019,33.266
gtm,sex_f,age_ythadult_y15_24,mts_details_sgle,2021,36.317
gtm,sex_f,age_ythadult_y15_24,mts_details_sgle,2022,33.252
gtm,sex_f,age_ythadult_y15_24,mts_details_sgle,2023,43.465
gtm,sex_f,age_ythadult_y15_24,mts_details_total,2002,40.791
gtm,sex_f,age_ythadult_y15_24,mts_details_total,2003,42.859
gtm,sex_f,age_ythadult_y15_24,mts_details_total,2004,32.041
gtm,sex_f,age_ythadult_y15_24,mts_details_total,2006,39.196
gtm,sex_f,age_ythadult_y15_24,mts_details_total,2010,31.128
gtm,sex_f,age_ythadult_y15_24,mts_details_total,2011,30.64
gtm,sex_f,age_ythadult_y15_24,mts_details_total,2012,37.167
gtm,sex_f,age_ythadult_y15_24,mts_details_total,2013,30.587
gtm,sex_f,age_ythadult_y15_24,mts_details_total,2014,30.124
gtm,sex_f,age_ythadult_y15_24,mts_details_total,2015,28.289
gtm,sex_f,age_ythadult_y15_24,mts_details_total,2016,31.026
gtm,sex_f,age_ythadult_y15_24,mts_details_total,2017,28.67
gtm,sex_f,age_ythadult_y15_24,mts_details_total,2018,31.026
gtm,sex_f,age_ythadult_y15_24,mts_details_total,2019,30.492
gtm,sex_f,age_ythadult_y15_24,mts_details_total,2021,34.503
gtm,sex_f,age_ythadult_y15_24,mts_details_total,2022,30.713
gtm,sex_f,age_ythadult_y15_24,mts_details_total,2023,41.288
gtm,sex_f,age_ythadult_y15_24,mts_details_union,2002,27.956
gtm,sex_f,age_ythadult_y15_24,mts_details_union,2003,27.473
gtm,sex_f,age_ythadult_y15_24,mts_details_union,2004,18.324
gtm,sex_f,age_ythadult_y15_24,mts_details_union,2006,32.791
gtm,sex_f,age_ythadult_y15_24,mts_details_union,2010,26.239
gtm,sex_f,age_ythadult_y15_24,mts_details_union,2011,15.425
gtm,sex_f,age_ythadult_y15_24,mts_details_union,2012,24.262
gtm,sex_f,age_ythadult_y15_24,mts_details_union,2013,18.21
gtm,sex_f,age_ythadult_y15_24,mts_details_union,2014,19.213
gtm,sex_f,age_ythadult_y15_24,mts_details_union,2015,18.299
gtm,sex_f,age_ythadult_y15_24,mts_details_union,2016,18.805
gtm,sex_f,age_ythadult_y15_24,mts_details_union,2017,17.848
gtm,sex_f,age_ythadult_y15_24,mts_details_union,2018,20.231
gtm,sex_f,age_ythadult_y15_24,mts_details_union,2019,19.093
gtm,sex_f,age_ythadult_y15_24,mts_details_union,2021,25.74
gtm,sex_f,age_ythadult_y15_24,mts_details_union,2022,21.646
gtm,sex_f,age_ythadult_y15_24,mts_details_union,2023,31.929
gtm,sex_f,age_ythadult_y15_24,mts_details_wid,2002,100
gtm,sex_f,age_ythadult_y15_24,mts_details_wid,2004,27.319
gtm,sex_f,age_ythadult_y15_24,mts_details_wid,2006,26.997
gtm,sex_f,age_ythadult_y15_24,mts_details_wid,2015,47.227
gtm,sex_f,age_ythadult_y15_24,mts_details_wid,2016,36.673
gtm,sex_f,age_ythadult_y15_24,mts_details_wid,2017,50.281
gtm,sex_f,age_ythadult_y15_24,mts_details_wid,2019,64.593
gtm,sex_f,age_ythadult_y15_24,mts_details_wid,2023,62.557
gtm,sex_f,age_ythadult_y15_64,mts_aggregate_1,2002,56.095
gtm,sex_f,age_ythadult_y15_64,mts_aggregate_1,2003,55.721
gtm,sex_f,age_ythadult_y15_64,mts_aggregate_1,2004,49.504
gtm,sex_f,age_ythadult_y15_64,mts_aggregate_1,2006,55.999
gtm,sex_f,age_ythadult_y15_64,mts_aggregate_1,2010,46.266
gtm,sex_f,age_ythadult_y15_64,mts_aggregate_1,2011,48.038
gtm,sex_f,age_ythadult_y15_64,mts_aggregate_1,2012,53.371
gtm,sex_f,age_ythadult_y15_64,mts_aggregate_1,2013,48.806
gtm,sex_f,age_ythadult_y15_64,mts_aggregate_1,2014,48.062
gtm,sex_f,age_ythadult_y15_64,mts_aggregate_1,2015,47.157
gtm,sex_f,age_ythadult_y15_64,mts_aggregate_1,2016,48.192
gtm,sex_f,age_ythadult_y15_64,mts_aggregate_1,2017,46.838
gtm,sex_f,age_ythadult_y15_64,mts_aggregate_1,2018,47.895
gtm,sex_f,age_ythadult_y15_64,mts_aggregate_1,2019,47.115
gtm,sex_f,age_ythadult_y15_64,mts_aggregate_1,2021,51.919
gtm,sex_f,age_ythadult_y15_64,mts_aggregate_1,2022,48.753
gtm,sex_f,age_ythadult_y15_64,mts_aggregate_1,2023,59.243
gtm,sex_f,age_ythadult_y15_64,mts_aggregate_2,2002,40.914
gtm,sex_f,age_ythadult_y15_64,mts_aggregate_2,2003,43.909
gtm,sex_f,age_ythadult_y15_64,mts_aggregate_2,2004,38.217
gtm,sex_f,age_ythadult_y15_64,mts_aggregate_2,2006,42.378
gtm,sex_f,age_ythadult_y15_64,mts_aggregate_2,2010,38.905
gtm,sex_f,age_ythadult_y15_64,mts_aggregate_2,2011,32.497
gtm,sex_f,age_ythadult_y15_64,mts_aggregate_2,2012,41.481
gtm,sex_f,age_ythadult_y15_64,mts_aggregate_2,2013,34.486
gtm,sex_f,age_ythadult_y15_64,mts_aggregate_2,2014,35.417
gtm,sex_f,age_ythadult_y15_64,mts_aggregate_2,2015,33.399
gtm,sex_f,age_ythadult_y15_64,mts_aggregate_2,2016,34.659
gtm,sex_f,age_ythadult_y15_64,mts_aggregate_2,2017,34.043
gtm,sex_f,age_ythadult_y15_64,mts_aggregate_2,2018,33.461
gtm,sex_f,age_ythadult_y15_64,mts_aggregate_2,2019,31.967
gtm,sex_f,age_ythadult_y15_64,mts_aggregate_2,2021,38.939
gtm,sex_f,age_ythadult_y15_64,mts_aggregate_2,2022,36.642
gtm,sex_f,age_ythadult_y15_64,mts_aggregate_2,2023,48.814
gtm,sex_f,age_ythadult_y15_64,mts_aggregate_total,2002,46.952
gtm,sex_f,age_ythadult_y15_64,mts_aggregate_total,2003,48.663
gtm,sex_f,age_ythadult_y15_64,mts_aggregate_total,2004,42.298
gtm,sex_f,age_ythadult_y15_64,mts_aggregate_total,2006,48.049
gtm,sex_f,age_ythadult_y15_64,mts_aggregate_total,2010,41.845
gtm,sex_f,age_ythadult_y15_64,mts_aggregate_total,2011,39.271
gtm,sex_f,age_ythadult_y15_64,mts_aggregate_total,2012,46.63
gtm,sex_f,age_ythadult_y15_64,mts_aggregate_total,2013,40.722
gtm,sex_f,age_ythadult_y15_64,mts_aggregate_total,2014,40.894
gtm,sex_f,age_ythadult_y15_64,mts_aggregate_total,2015,39.364
gtm,sex_f,age_ythadult_y15_64,mts_aggregate_total,2016,40.649
gtm,sex_f,age_ythadult_y15_64,mts_aggregate_total,2017,39.697
gtm,sex_f,age_ythadult_y15_64,mts_aggregate_total,2018,39.996
gtm,sex_f,age_ythadult_y15_64,mts_aggregate_total,2019,38.975
gtm,sex_f,age_ythadult_y15_64,mts_aggregate_total,2021,44.59
gtm,sex_f,age_ythadult_y15_64,mts_aggregate_total,2022,41.844
gtm,sex_f,age_ythadult_y15_64,mts_aggregate_total,2023,53.429
gtm,sex_f,age_ythadult_y15_64,mts_details_mrd,2002,42.222
gtm,sex_f,age_ythadult_y15_64,mts_details_mrd,2003,45.352
gtm,sex_f,age_ythadult_y15_64,mts_details_mrd,2004,39.947
gtm,sex_f,age_ythadult_y15_64,mts_details_mrd,2006,41.116
gtm,sex_f,age_ythadult_y15_64,mts_details_mrd,2010,39.551
gtm,sex_f,age_ythadult_y15_64,mts_details_mrd,2011,35.923
gtm,sex_f,age_ythadult_y15_64,mts_details_mrd,2012,42.399
gtm,sex_f,age_ythadult_y15_64,mts_details_mrd,2013,36.434
gtm,sex_f,age_ythadult_y15_64,mts_details_mrd,2014,36.4
gtm,sex_f,age_ythadult_y15_64,mts_details_mrd,2015,34.576
gtm,sex_f,age_ythadult_y15_64,mts_details_mrd,2016,35.612
gtm,sex_f,age_ythadult_y15_64,mts_details_mrd,2017,35.703
gtm,sex_f,age_ythadult_y15_64,mts_details_mrd,2018,34.594
gtm,sex_f,age_ythadult_y15_64,mts_details_mrd,2019,33.355
gtm,sex_f,age_ythadult_y15_64,mts_details_mrd,2021,40.058
gtm,sex_f,age_ythadult_y15_64,mts_details_mrd,2022,36.616
gtm,sex_f,age_ythadult_y15_64,mts_details_mrd,2023,51.59
gtm,sex_f,age_ythadult_y15_64,mts_details_sep,2002,72.466
gtm,sex_f,age_ythadult_y15_64,mts_details_sep,2003,72.265
gtm,sex_f,age_ythadult_y15_64,mts_details_sep,2004,70.435
gtm,sex_f,age_ythadult_y15_64,mts_details_sep,2006,70.177
gtm,sex_f,age_ythadult_y15_64,mts_details_sep,2010,64.657
gtm,sex_f,age_ythadult_y15_64,mts_details_sep,2011,69.261
gtm,sex_f,age_ythadult_y15_64,mts_details_sep,2012,71.517
gtm,sex_f,age_ythadult_y15_64,mts_details_sep,2013,69.945
gtm,sex_f,age_ythadult_y15_64,mts_details_sep,2014,65.427
gtm,sex_f,age_ythadult_y15_64,mts_details_sep,2015,65.376
gtm,sex_f,age_ythadult_y15_64,mts_details_sep,2016,66.409
gtm,sex_f,age_ythadult_y15_64,mts_details_sep,2017,64.908
gtm,sex_f,age_ythadult_y15_64,mts_details_sep,2018,64.275
gtm,sex_f,age_ythadult_y15_64,mts_details_sep,2019,63.026
gtm,sex_f,age_ythadult_y15_64,mts_details_sep,2021,66.474
gtm,sex_f,age_ythadult_y15_64,mts_details_sep,2022,65.059
gtm,sex_f,age_ythadult_y15_64,mts_details_sep,2023,74.475
gtm,sex_f,age_ythadult_y15_64,mts_details_sgle,2002,52.869
gtm,sex_f,age_ythadult_y15_64,mts_details_sgle,2003,52.718
gtm,sex_f,age_ythadult_y15_64,mts_details_sgle,2004,44.426
gtm,sex_f,age_ythadult_y15_64,mts_details_sgle,2006,51.582
gtm,sex_f,age_ythadult_y15_64,mts_details_sgle,2010,40.459
gtm,sex_f,age_ythadult_y15_64,mts_details_sgle,2011,41.832
gtm,sex_f,age_ythadult_y15_64,mts_details_sgle,2012,47.27
gtm,sex_f,age_ythadult_y15_64,mts_details_sgle,2013,43.449
gtm,sex_f,age_ythadult_y15_64,mts_details_sgle,2014,42.194
gtm,sex_f,age_ythadult_y15_64,mts_details_sgle,2015,40.106
gtm,sex_f,age_ythadult_y15_64,mts_details_sgle,2016,41.971
gtm,sex_f,age_ythadult_y15_64,mts_details_sgle,2017,39.37
gtm,sex_f,age_ythadult_y15_64,mts_details_sgle,2018,41.299
gtm,sex_f,age_ythadult_y15_64,mts_details_sgle,2019,41.98
gtm,sex_f,age_ythadult_y15_64,mts_details_sgle,2021,45.488
gtm,sex_f,age_ythadult_y15_64,mts_details_sgle,2022,45.299
gtm,sex_f,age_ythadult_y15_64,mts_details_sgle,2023,52.412
gtm,sex_f,age_ythadult_y15_64,mts_details_total,2002,46.952
gtm,sex_f,age_ythadult_y15_64,mts_details_total,2003,48.663
gtm,sex_f,age_ythadult_y15_64,mts_details_total,2004,42.298
gtm,sex_f,age_ythadult_y15_64,mts_details_total,2006,48.049
gtm,sex_f,age_ythadult_y15_64,mts_details_total,2010,41.845
gtm,sex_f,age_ythadult_y15_64,mts_details_total,2011,39.271
gtm,sex_f,age_ythadult_y15_64,mts_details_total,2012,46.63
gtm,sex_f,age_ythadult_y15_64,mts_details_total,2013,40.722
gtm,sex_f,age_ythadult_y15_64,mts_details_total,2014,40.894
gtm,sex_f,age_ythadult_y15_64,mts_details_total,2015,39.364
gtm,sex_f,age_ythadult_y15_64,mts_details_total,2016,40.649
gtm,sex_f,age_ythadult_y15_64,mts_details_total,2017,39.697
gtm,sex_f,age_ythadult_y15_64,mts_details_total,2018,39.996
gtm,sex_f,age_ythadult_y15_64,mts_details_total,2019,38.975
gtm,sex_f,age_ythadult_y15_64,mts_details_total,2021,44.59
gtm,sex_f,age_ythadult_y15_64,mts_details_total,2022,41.844
gtm,sex_f,age_ythadult_y15_64,mts_details_total,2023,53.429
gtm,sex_f,age_ythadult_y15_64,mts_details_union,2002,38.204
gtm,sex_f,age_ythadult_y15_64,mts_details_union,2003,40.676
gtm,sex_f,age_ythadult_y15_64,mts_details_union,2004,34.639
gtm,sex_f,age_ythadult_y15_64,mts_details_union,2006,43.055
gtm,sex_f,age_ythadult_y15_64,mts_details_union,2010,37.837
gtm,sex_f,age_ythadult_y15_64,mts_details_union,2011,26.382
gtm,sex_f,age_ythadult_y15_64,mts_details_union,2012,39.732
gtm,sex_f,age_ythadult_y15_64,mts_details_union,2013,30.821
gtm,sex_f,age_ythadult_y15_64,mts_details_union,2014,33.41
gtm,sex_f,age_ythadult_y15_64,mts_details_union,2015,31.286
gtm,sex_f,age_ythadult_y15_64,mts_details_union,2016,33.108
gtm,sex_f,age_ythadult_y15_64,mts_details_union,2017,31.109
gtm,sex_f,age_ythadult_y15_64,mts_details_union,2018,31.467
gtm,sex_f,age_ythadult_y15_64,mts_details_union,2019,29.399
gtm,sex_f,age_ythadult_y15_64,mts_details_union,2021,37.178
gtm,sex_f,age_ythadult_y15_64,mts_details_union,2022,36.688
gtm,sex_f,age_ythadult_y15_64,mts_details_union,2023,44.716
gtm,sex_f,age_ythadult_y15_64,mts_details_wid,2002,62.433
gtm,sex_f,age_ythadult_y15_64,mts_details_wid,2003,59.762
gtm,sex_f,age_ythadult_y15_64,mts_details_wid,2004,57.911
gtm,sex_f,age_ythadult_y15_64,mts_details_wid,2006,61.361
gtm,sex_f,age_ythadult_y15_64,mts_details_wid,2010,55.781
gtm,sex_f,age_ythadult_y15_64,mts_details_wid,2011,55.139
gtm,sex_f,age_ythadult_y15_64,mts_details_wid,2012,66.912
gtm,sex_f,age_ythadult_y15_64,mts_details_wid,2013,56.058
gtm,sex_f,age_ythadult_y15_64,mts_details_wid,2014,54.526
gtm,sex_f,age_ythadult_y15_64,mts_details_wid,2015,52.319
gtm,sex_f,age_ythadult_y15_64,mts_details_wid,2016,50.451
gtm,sex_f,age_ythadult_y15_64,mts_details_wid,2017,56.204
gtm,sex_f,age_ythadult_y15_64,mts_details_wid,2018,58.342
gtm,sex_f,age_ythadult_y15_64,mts_details_wid,2019,51.366
gtm,sex_f,age_ythadult_y15_64,mts_details_wid,2021,62.133
gtm,sex_f,age_ythadult_y15_64,mts_details_wid,2022,52.8
gtm,sex_f,age_ythadult_y15_64,mts_details_wid,2023,66.399
gtm,sex_f,age_ythadult_yge15,mts_aggregate_1,2002,53.015
gtm,sex_f,age_ythadult_yge15,mts_aggregate_1,2003,52.13
gtm,sex_f,age_ythadult_yge15,mts_aggregate_1,2004,46.867
gtm,sex_f,age_ythadult_yge15,mts_aggregate_1,2006,52.539
gtm,sex_f,age_ythadult_yge15,mts_aggregate_1,2010,44.504
gtm,sex_f,age_ythadult_yge15,mts_aggregate_1,2011,45.289
gtm,sex_f,age_ythadult_yge15,mts_aggregate_1,2012,48.959
gtm,sex_f,age_ythadult_yge15,mts_aggregate_1,2013,45.749
gtm,sex_f,age_ythadult_yge15,mts_aggregate_1,2014,44.872
gtm,sex_f,age_ythadult_yge15,mts_aggregate_1,2015,44.13
gtm,sex_f,age_ythadult_yge15,mts_aggregate_1,2016,44.94
gtm,sex_f,age_ythadult_yge15,mts_aggregate_1,2017,43.931
gtm,sex_f,age_ythadult_yge15,mts_aggregate_1,2018,44.861
gtm,sex_f,age_ythadult_yge15,mts_aggregate_1,2019,43.662
gtm,sex_f,age_ythadult_yge15,mts_aggregate_1,2021,47.578
gtm,sex_f,age_ythadult_yge15,mts_aggregate_1,2022,45.275
gtm,sex_f,age_ythadult_yge15,mts_aggregate_1,2023,55.173
gtm,sex_f,age_ythadult_yge15,mts_aggregate_2,2002,40.354
gtm,sex_f,age_ythadult_yge15,mts_aggregate_2,2003,42.783
gtm,sex_f,age_ythadult_yge15,mts_aggregate_2,2004,37.581
gtm,sex_f,age_ythadult_yge15,mts_aggregate_2,2006,41.547
gtm,sex_f,age_ythadult_yge15,mts_aggregate_2,2010,37.505
gtm,sex_f,age_ythadult_yge15,mts_aggregate_2,2011,31.436
gtm,sex_f,age_ythadult_yge15,mts_aggregate_2,2012,39.958
gtm,sex_f,age_ythadult_yge15,mts_aggregate_2,2013,33.269
gtm,sex_f,age_ythadult_yge15,mts_aggregate_2,2014,34.645
gtm,sex_f,age_ythadult_yge15,mts_aggregate_2,2015,32.152
gtm,sex_f,age_ythadult_yge15,mts_aggregate_2,2016,33.504
gtm,sex_f,age_ythadult_yge15,mts_aggregate_2,2017,32.777
gtm,sex_f,age_ythadult_yge15,mts_aggregate_2,2018,32.099
gtm,sex_f,age_ythadult_yge15,mts_aggregate_2,2019,30.528
gtm,sex_f,age_ythadult_yge15,mts_aggregate_2,2021,37.414
gtm,sex_f,age_ythadult_yge15,mts_aggregate_2,2022,35.11
gtm,sex_f,age_ythadult_yge15,mts_aggregate_2,2023,47.126
gtm,sex_f,age_ythadult_yge15,mts_aggregate_total,2002,45.597
gtm,sex_f,age_ythadult_yge15,mts_aggregate_total,2003,46.675
gtm,sex_f,age_ythadult_yge15,mts_aggregate_total,2004,41.014
gtm,sex_f,age_ythadult_yge15,mts_aggregate_total,2006,46.248
gtm,sex_f,age_ythadult_yge15,mts_aggregate_total,2010,40.381
gtm,sex_f,age_ythadult_yge15,mts_aggregate_total,2011,37.603
gtm,sex_f,age_ythadult_yge15,mts_aggregate_total,2012,43.985
gtm,sex_f,age_ythadult_yge15,mts_aggregate_total,2013,38.856
gtm,sex_f,age_ythadult_yge15,mts_aggregate_total,2014,39.203
gtm,sex_f,age_ythadult_yge15,mts_aggregate_total,2015,37.489
gtm,sex_f,age_ythadult_yge15,mts_aggregate_total,2016,38.697
gtm,sex_f,age_ythadult_yge15,mts_aggregate_total,2017,37.827
gtm,sex_f,age_ythadult_yge15,mts_aggregate_total,2018,38.007
gtm,sex_f,age_ythadult_yge15,mts_aggregate_total,2019,36.734
gtm,sex_f,age_ythadult_yge15,mts_aggregate_total,2021,41.98
gtm,sex_f,age_ythadult_yge15,mts_aggregate_total,2022,39.641
gtm,sex_f,age_ythadult_yge15,mts_aggregate_total,2023,50.783
gtm,sex_f,age_ythadult_yge15,mts_details_mrd,2002,41.625
gtm,sex_f,age_ythadult_yge15,mts_details_mrd,2003,44.049
gtm,sex_f,age_ythadult_yge15,mts_details_mrd,2004,38.965
gtm,sex_f,age_ythadult_yge15,mts_details_mrd,2006,40.796
gtm,sex_f,age_ythadult_yge15,mts_details_mrd,2010,37.626
gtm,sex_f,age_ythadult_yge15,mts_details_mrd,2011,34.433
gtm,sex_f,age_ythadult_yge15,mts_details_mrd,2012,40.619
gtm,sex_f,age_ythadult_yge15,mts_details_mrd,2013,34.784
gtm,sex_f,age_ythadult_yge15,mts_details_mrd,2014,35.519
gtm,sex_f,age_ythadult_yge15,mts_details_mrd,2015,32.885
gtm,sex_f,age_ythadult_yge15,mts_details_mrd,2016,33.98
gtm,sex_f,age_ythadult_yge15,mts_details_mrd,2017,33.88
gtm,sex_f,age_ythadult_yge15,mts_details_mrd,2018,32.539
gtm,sex_f,age_ythadult_yge15,mts_details_mrd,2019,31.42
gtm,sex_f,age_ythadult_yge15,mts_details_mrd,2021,38.065
gtm,sex_f,age_ythadult_yge15,mts_details_mrd,2022,34.672
gtm,sex_f,age_ythadult_yge15,mts_details_mrd,2023,49.045
gtm,sex_f,age_ythadult_yge15,mts_details_sep,2002,68.716
gtm,sex_f,age_ythadult_yge15,mts_details_sep,2003,67.743
gtm,sex_f,age_ythadult_yge15,mts_details_sep,2004,67.443
gtm,sex_f,age_ythadult_yge15,mts_details_sep,2006,67.432
gtm,sex_f,age_ythadult_yge15,mts_details_sep,2010,63.114
gtm,sex_f,age_ythadult_yge15,mts_details_sep,2011,66.87
gtm,sex_f,age_ythadult_yge15,mts_details_sep,2012,66.188
gtm,sex_f,age_ythadult_yge15,mts_details_sep,2013,67.138
gtm,sex_f,age_ythadult_yge15,mts_details_sep,2014,62.468
gtm,sex_f,age_ythadult_yge15,mts_details_sep,2015,62.633
gtm,sex_f,age_ythadult_yge15,mts_details_sep,2016,64.416
gtm,sex_f,age_ythadult_yge15,mts_details_sep,2017,62.299
gtm,sex_f,age_ythadult_yge15,mts_details_sep,2018,61.244
gtm,sex_f,age_ythadult_yge15,mts_details_sep,2019,60.396
gtm,sex_f,age_ythadult_yge15,mts_details_sep,2021,63.216
gtm,sex_f,age_ythadult_yge15,mts_details_sep,2022,61.398
gtm,sex_f,age_ythadult_yge15,mts_details_sep,2023,71.301
gtm,sex_f,age_ythadult_yge15,mts_details_sgle,2002,52.57
gtm,sex_f,age_ythadult_yge15,mts_details_sgle,2003,52.098
gtm,sex_f,age_ythadult_yge15,mts_details_sgle,2004,44.465
gtm,sex_f,age_ythadult_yge15,mts_details_sgle,2006,51.205
gtm,sex_f,age_ythadult_yge15,mts_details_sgle,2010,40.401
gtm,sex_f,age_ythadult_yge15,mts_details_sgle,2011,41.543
gtm,sex_f,age_ythadult_yge15,mts_details_sgle,2012,46.96
gtm,sex_f,age_ythadult_yge15,mts_details_sgle,2013,43.25
gtm,sex_f,age_ythadult_yge15,mts_details_sgle,2014,42.017
gtm,sex_f,age_ythadult_yge15,mts_details_sgle,2015,39.83
gtm,sex_f,age_ythadult_yge15,mts_details_sgle,2016,41.67
gtm,sex_f,age_ythadult_yge15,mts_details_sgle,2017,39.371
gtm,sex_f,age_ythadult_yge15,mts_details_sgle,2018,41.149
gtm,sex_f,age_ythadult_yge15,mts_details_sgle,2019,41.734
gtm,sex_f,age_ythadult_yge15,mts_details_sgle,2021,45.2
gtm,sex_f,age_ythadult_yge15,mts_details_sgle,2022,44.992
gtm,sex_f,age_ythadult_yge15,mts_details_sgle,2023,51.836
gtm,sex_f,age_ythadult_yge15,mts_details_total,2002,45.597
gtm,sex_f,age_ythadult_yge15,mts_details_total,2003,46.675
gtm,sex_f,age_ythadult_yge15,mts_details_total,2004,41.014
gtm,sex_f,age_ythadult_yge15,mts_details_total,2006,46.248
gtm,sex_f,age_ythadult_yge15,mts_details_total,2010,40.381
gtm,sex_f,age_ythadult_yge15,mts_details_total,2011,37.603
gtm,sex_f,age_ythadult_yge15,mts_details_total,2012,43.985
gtm,sex_f,age_ythadult_yge15,mts_details_total,2013,38.856
gtm,sex_f,age_ythadult_yge15,mts_details_total,2014,39.203
gtm,sex_f,age_ythadult_yge15,mts_details_total,2015,37.489
gtm,sex_f,age_ythadult_yge15,mts_details_total,2016,38.697
gtm,sex_f,age_ythadult_yge15,mts_details_total,2017,37.827
gtm,sex_f,age_ythadult_yge15,mts_details_total,2018,38.007
gtm,sex_f,age_ythadult_yge15,mts_details_total,2019,36.734
gtm,sex_f,age_ythadult_yge15,mts_details_total,2021,41.98
gtm,sex_f,age_ythadult_yge15,mts_details_total,2022,39.641
gtm,sex_f,age_ythadult_yge15,mts_details_total,2023,50.783
gtm,sex_f,age_ythadult_yge15,mts_details_union,2002,37.638
gtm,sex_f,age_ythadult_yge15,mts_details_union,2003,39.915
gtm,sex_f,age_ythadult_yge15,mts_details_union,2004,34.618
gtm,sex_f,age_ythadult_yge15,mts_details_union,2006,41.934
gtm,sex_f,age_ythadult_yge15,mts_details_union,2010,37.297
gtm,sex_f,age_ythadult_yge15,mts_details_union,2011,25.929
gtm,sex_f,age_ythadult_yge15,mts_details_union,2012,38.662
gtm,sex_f,age_ythadult_yge15,mts_details_union,2013,30.299
gtm,sex_f,age_ythadult_yge15,mts_details_union,2014,32.801
gtm,sex_f,age_ythadult_yge15,mts_details_union,2015,30.768
gtm,sex_f,age_ythadult_yge15,mts_details_union,2016,32.69
gtm,sex_f,age_ythadult_yge15,mts_details_union,2017,30.714
gtm,sex_f,age_ythadult_yge15,mts_details_union,2018,31.275
gtm,sex_f,age_ythadult_yge15,mts_details_union,2019,28.756
gtm,sex_f,age_ythadult_yge15,mts_details_union,2021,36.322
gtm,sex_f,age_ythadult_yge15,mts_details_union,2022,35.944
gtm,sex_f,age_ythadult_yge15,mts_details_union,2023,44.091
gtm,sex_f,age_ythadult_yge15,mts_details_wid,2002,45.691
gtm,sex_f,age_ythadult_yge15,mts_details_wid,2003,40.174
gtm,sex_f,age_ythadult_yge15,mts_details_wid,2004,40.867
gtm,sex_f,age_ythadult_yge15,mts_details_wid,2006,42.666
gtm,sex_f,age_ythadult_yge15,mts_details_wid,2010,42.008
gtm,sex_f,age_ythadult_yge15,mts_details_wid,2011,37.767
gtm,sex_f,age_ythadult_yge15,mts_details_wid,2012,40.542
gtm,sex_f,age_ythadult_yge15,mts_details_wid,2013,36.586
gtm,sex_f,age_ythadult_yge15,mts_details_wid,2014,36.807
gtm,sex_f,age_ythadult_yge15,mts_details_wid,2015,35.581
gtm,sex_f,age_ythadult_yge15,mts_details_wid,2016,32.96
gtm,sex_f,age_ythadult_yge15,mts_details_wid,2017,37.377
gtm,sex_f,age_ythadult_yge15,mts_details_wid,2018,38.068
gtm,sex_f,age_ythadult_yge15,mts_details_wid,2019,32.304
gtm,sex_f,age_ythadult_yge15,mts_details_wid,2021,35.886
gtm,sex_f,age_ythadult_yge15,mts_details_wid,2022,36.701
gtm,sex_f,age_ythadult_yge15,mts_details_wid,2023,45.416
gtm,sex_f,age_ythadult_yge25,mts_aggregate_1,2002,60.162
gtm,sex_f,age_ythadult_yge25,mts_aggregate_1,2003,57.523
gtm,sex_f,age_ythadult_yge25,mts_aggregate_1,2004,57.209
gtm,sex_f,age_ythadult_yge25,mts_aggregate_1,2006,60.086
gtm,sex_f,age_ythadult_yge25,mts_aggregate_1,2010,55.605
gtm,sex_f,age_ythadult_yge25,mts_aggregate_1,2011,55.96
gtm,sex_f,age_ythadult_yge25,mts_aggregate_1,2012,57.109
gtm,sex_f,age_ythadult_yge25,mts_aggregate_1,2013,55.895
gtm,sex_f,age_ythadult_yge25,mts_aggregate_1,2014,55.029
gtm,sex_f,age_ythadult_yge25,mts_aggregate_1,2015,54.908
gtm,sex_f,age_ythadult_yge25,mts_aggregate_1,2016,54.396
gtm,sex_f,age_ythadult_yge25,mts_aggregate_1,2017,54.677
gtm,sex_f,age_ythadult_yge25,mts_aggregate_1,2018,54.655
gtm,sex_f,age_ythadult_yge25,mts_aggregate_1,2019,52.407
gtm,sex_f,age_ythadult_yge25,mts_aggregate_1,2021,56.053
gtm,sex_f,age_ythadult_yge25,mts_aggregate_1,2022,53.827
gtm,sex_f,age_ythadult_yge25,mts_aggregate_1,2023,62.872
gtm,sex_f,age_ythadult_yge25,mts_aggregate_2,2002,43.143
gtm,sex_f,age_ythadult_yge25,mts_aggregate_2,2003,45.465
gtm,sex_f,age_ythadult_yge25,mts_aggregate_2,2004,41.106
gtm,sex_f,age_ythadult_yge25,mts_aggregate_2,2006,44.828
gtm,sex_f,age_ythadult_yge25,mts_aggregate_2,2010,39.963
gtm,sex_f,age_ythadult_yge25,mts_aggregate_2,2011,34.198
gtm,sex_f,age_ythadult_yge25,mts_aggregate_2,2012,42.142
gtm,sex_f,age_ythadult_yge25,mts_aggregate_2,2013,36.167
gtm,sex_f,age_ythadult_yge25,mts_aggregate_2,2014,37.52
gtm,sex_f,age_ythadult_yge25,mts_aggregate_2,2015,35.012
gtm,sex_f,age_ythadult_yge25,mts_aggregate_2,2016,35.982
gtm,sex_f,age_ythadult_yge25,mts_aggregate_2,2017,35.329
gtm,sex_f,age_ythadult_yge25,mts_aggregate_2,2018,34.058
gtm,sex_f,age_ythadult_yge25,mts_aggregate_2,2019,32.137
gtm,sex_f,age_ythadult_yge25,mts_aggregate_2,2021,38.936
gtm,sex_f,age_ythadult_yge25,mts_aggregate_2,2022,36.825
gtm,sex_f,age_ythadult_yge25,mts_aggregate_2,2023,49.7
gtm,sex_f,age_ythadult_yge25,mts_aggregate_total,2002,48.161
gtm,sex_f,age_ythadult_yge25,mts_aggregate_total,2003,48.828
gtm,sex_f,age_ythadult_yge25,mts_aggregate_total,2004,45.494
gtm,sex_f,age_ythadult_yge25,mts_aggregate_total,2006,49.705
gtm,sex_f,age_ythadult_yge25,mts_aggregate_total,2010,44.718
gtm,sex_f,age_ythadult_yge25,mts_aggregate_total,2011,41.056
gtm,sex_f,age_ythadult_yge25,mts_aggregate_total,2012,47.123
gtm,sex_f,age_ythadult_yge25,mts_aggregate_total,2013,42.75
gtm,sex_f,age_ythadult_yge25,mts_aggregate_total,2014,43.344
gtm,sex_f,age_ythadult_yge25,mts_aggregate_total,2015,41.653
gtm,sex_f,age_ythadult_yge25,mts_aggregate_total,2016,42.167
gtm,sex_f,age_ythadult_yge25,mts_aggregate_total,2017,41.878
gtm,sex_f,age_ythadult_yge25,mts_aggregate_total,2018,41.122
gtm,sex_f,age_ythadult_yge25,mts_aggregate_total,2019,39.323
gtm,sex_f,age_ythadult_yge25,mts_aggregate_total,2021,44.894
gtm,sex_f,age_ythadult_yge25,mts_aggregate_total,2022,42.795
gtm,sex_f,age_ythadult_yge25,mts_aggregate_total,2023,54.537
gtm,sex_f,age_ythadult_yge25,mts_details_mrd,2002,43.67
gtm,sex_f,age_ythadult_yge25,mts_details_mrd,2003,45.513
gtm,sex_f,age_ythadult_yge25,mts_details_mrd,2004,41.215
gtm,sex_f,age_ythadult_yge25,mts_details_mrd,2006,48.063
gtm,sex_f,age_ythadult_yge25,mts_details_mrd,2010,39.215
gtm,sex_f,age_ythadult_yge25,mts_details_mrd,2011,35.868
gtm,sex_f,age_ythadult_yge25,mts_details_mrd,2012,41.555
gtm,sex_f,age_ythadult_yge25,mts_details_mrd,2013,36.551
gtm,sex_f,age_ythadult_yge25,mts_details_mrd,2014,37.345
gtm,sex_f,age_ythadult_yge25,mts_details_mrd,2015,34.663
gtm,sex_f,age_ythadult_yge25,mts_details_mrd,2016,35.176
gtm,sex_f,age_ythadult_yge25,mts_details_mrd,2017,35.115
gtm,sex_f,age_ythadult_yge25,mts_details_mrd,2018,33.472
gtm,sex_f,age_ythadult_yge25,mts_details_mrd,2019,32.104
gtm,sex_f,age_ythadult_yge25,mts_details_mrd,2021,38.346
gtm,sex_f,age_ythadult_yge25,mts_details_mrd,2022,34.964
gtm,sex_f,age_ythadult_yge25,mts_details_mrd,2023,50.002
gtm,sex_f,age_ythadult_yge25,mts_details_sep,2002,71.779
gtm,sex_f,age_ythadult_yge25,mts_details_sep,2003,66.332
gtm,sex_f,age_ythadult_yge25,mts_details_sep,2004,69.863
gtm,sex_f,age_ythadult_yge25,mts_details_sep,2006,68.806
gtm,sex_f,age_ythadult_yge25,mts_details_sep,2010,65.374
gtm,sex_f,age_ythadult_yge25,mts_details_sep,2011,68.393
gtm,sex_f,age_ythadult_yge25,mts_details_sep,2012,68.646
gtm,sex_f,age_ythadult_yge25,mts_details_sep,2013,68.621
gtm,sex_f,age_ythadult_yge25,mts_details_sep,2014,65.791
gtm,sex_f,age_ythadult_yge25,mts_details_sep,2015,66.423
gtm,sex_f,age_ythadult_yge25,mts_details_sep,2016,66.563
gtm,sex_f,age_ythadult_yge25,mts_details_sep,2017,65.907
gtm,sex_f,age_ythadult_yge25,mts_details_sep,2018,64.003
gtm,sex_f,age_ythadult_yge25,mts_details_sep,2019,62.907
gtm,sex_f,age_ythadult_yge25,mts_details_sep,2021,65.067
gtm,sex_f,age_ythadult_yge25,mts_details_sep,2022,63.578
gtm,sex_f,age_ythadult_yge25,mts_details_sep,2023,72.472
gtm,sex_f,age_ythadult_yge25,mts_details_sgle,2002,69.499
gtm,sex_f,age_ythadult_yge25,mts_details_sgle,2003,67.9
gtm,sex_f,age_ythadult_yge25,mts_details_sgle,2004,65.824
gtm,sex_f,age_ythadult_yge25,mts_details_sgle,2006,69.989
gtm,sex_f,age_ythadult_yge25,mts_details_sgle,2010,60.316
gtm,sex_f,age_ythadult_yge25,mts_details_sgle,2011,61.824
gtm,sex_f,age_ythadult_yge25,mts_details_sgle,2012,64.194
gtm,sex_f,age_ythadult_yge25,mts_details_sgle,2013,63.331
gtm,sex_f,age_ythadult_yge25,mts_details_sgle,2014,64.336
gtm,sex_f,age_ythadult_yge25,mts_details_sgle,2015,62.449
gtm,sex_f,age_ythadult_yge25,mts_details_sgle,2016,63.619
gtm,sex_f,age_ythadult_yge25,mts_details_sgle,2017,61.438
gtm,sex_f,age_ythadult_yge25,mts_details_sgle,2018,61.578
gtm,sex_f,age_ythadult_yge25,mts_details_sgle,2019,61.963
gtm,sex_f,age_ythadult_yge25,mts_details_sgle,2021,65.302
gtm,sex_f,age_ythadult_yge25,mts_details_sgle,2022,63.199
gtm,sex_f,age_ythadult_yge25,mts_details_sgle,2023,69.173
gtm,sex_f,age_ythadult_yge25,mts_details_total,2002,48.161
gtm,sex_f,age_ythadult_yge25,mts_details_total,2003,48.828
gtm,sex_f,age_ythadult_yge25,mts_details_total,2004,45.494
gtm,sex_f,age_ythadult_yge25,mts_details_total,2006,49.705
gtm,sex_f,age_ythadult_yge25,mts_details_total,2010,44.718
gtm,sex_f,age_ythadult_yge25,mts_details_total,2011,41.056
gtm,sex_f,age_ythadult_yge25,mts_details_total,2012,47.123
gtm,sex_f,age_ythadult_yge25,mts_details_total,2013,42.75
gtm,sex_f,age_ythadult_yge25,mts_details_total,2014,43.344
gtm,sex_f,age_ythadult_yge25,mts_details_total,2015,41.653
gtm,sex_f,age_ythadult_yge25,mts_details_total,2016,42.167
gtm,sex_f,age_ythadult_yge25,mts_details_total,2017,41.878
gtm,sex_f,age_ythadult_yge25,mts_details_total,2018,41.122
gtm,sex_f,age_ythadult_yge25,mts_details_total,2019,39.323
gtm,sex_f,age_ythadult_yge25,mts_details_total,2021,44.894
gtm,sex_f,age_ythadult_yge25,mts_details_total,2022,42.795
gtm,sex_f,age_ythadult_yge25,mts_details_total,2023,54.537
gtm,sex_f,age_ythadult_yge25,mts_details_union,2002,41.812
gtm,sex_f,age_ythadult_yge25,mts_details_union,2003,45.336
gtm,sex_f,age_ythadult_yge25,mts_details_union,2004,40.836
gtm,sex_f,age_ythadult_yge25,mts_details_union,2006,43.485
gtm,sex_f,age_ythadult_yge25,mts_details_union,2010,41.534
gtm,sex_f,age_ythadult_yge25,mts_details_union,2011,30.324
gtm,sex_f,age_ythadult_yge25,mts_details_union,2012,43.471
gtm,sex_f,age_ythadult_yge25,mts_details_union,2013,35.238
gtm,sex_f,age_ythadult_yge25,mts_details_union,2014,37.964
gtm,sex_f,age_ythadult_yge25,mts_details_union,2015,35.834
gtm,sex_f,age_ythadult_yge25,mts_details_union,2016,37.661
gtm,sex_f,age_ythadult_yge25,mts_details_union,2017,35.835
gtm,sex_f,age_ythadult_yge25,mts_details_union,2018,35.432
gtm,sex_f,age_ythadult_yge25,mts_details_union,2019,32.22
gtm,sex_f,age_ythadult_yge25,mts_details_union,2021,40.182
gtm,sex_f,age_ythadult_yge25,mts_details_union,2022,41.426
gtm,sex_f,age_ythadult_yge25,mts_details_union,2023,49.078
gtm,sex_f,age_ythadult_yge25,mts_details_wid,2002,45.27
gtm,sex_f,age_ythadult_yge25,mts_details_wid,2003,40.15
gtm,sex_f,age_ythadult_yge25,mts_details_wid,2004,41.025
gtm,sex_f,age_ythadult_yge25,mts_details_wid,2006,42.789
gtm,sex_f,age_ythadult_yge25,mts_details_wid,2010,42.125
gtm,sex_f,age_ythadult_yge25,mts_details_wid,2011,37.896
gtm,sex_f,age_ythadult_yge25,mts_details_wid,2012,40.474
gtm,sex_f,age_ythadult_yge25,mts_details_wid,2013,36.492
gtm,sex_f,age_ythadult_yge25,mts_details_wid,2014,36.825
gtm,sex_f,age_ythadult_yge25,mts_details_wid,2015,35.437
gtm,sex_f,age_ythadult_yge25,mts_details_wid,2016,32.927
gtm,sex_f,age_ythadult_yge25,mts_details_wid,2017,37.276
gtm,sex_f,age_ythadult_yge25,mts_details_wid,2018,37.978
gtm,sex_f,age_ythadult_yge25,mts_details_wid,2019,32.113
gtm,sex_f,age_ythadult_yge25,mts_details_wid,2021,35.85
gtm,sex_f,age_ythadult_yge25,mts_details_wid,2022,36.627
gtm,sex_f,age_ythadult_yge25,mts_details_wid,2023,45.282
gtm,sex_m,age_10yrbands_total,mts_aggregate_1,2002,76.59
gtm,sex_m,age_10yrbands_total,mts_aggregate_1,2003,75.319
gtm,sex_m,age_10yrbands_total,mts_aggregate_1,2004,72.955
gtm,sex_m,age_10yrbands_total,mts_aggregate_1,2006,74.866
gtm,sex_m,age_10yrbands_total,mts_aggregate_1,2010,64.787
gtm,sex_m,age_10yrbands_total,mts_aggregate_1,2011,67.153
gtm,sex_m,age_10yrbands_total,mts_aggregate_1,2012,72.934
gtm,sex_m,age_10yrbands_total,mts_aggregate_1,2013,64.452
gtm,sex_m,age_10yrbands_total,mts_aggregate_1,2014,66.006
gtm,sex_m,age_10yrbands_total,mts_aggregate_1,2015,69.024
gtm,sex_m,age_10yrbands_total,mts_aggregate_1,2016,67.511
gtm,sex_m,age_10yrbands_total,mts_aggregate_1,2017,70.582
gtm,sex_m,age_10yrbands_total,mts_aggregate_1,2018,70.424
gtm,sex_m,age_10yrbands_total,mts_aggregate_1,2019,69.41
gtm,sex_m,age_10yrbands_total,mts_aggregate_1,2021,71.314
gtm,sex_m,age_10yrbands_total,mts_aggregate_1,2022,67.965
gtm,sex_m,age_10yrbands_total,mts_aggregate_1,2023,74.578
gtm,sex_m,age_10yrbands_total,mts_aggregate_2,2002,94.095
gtm,sex_m,age_10yrbands_total,mts_aggregate_2,2003,94.026
gtm,sex_m,age_10yrbands_total,mts_aggregate_2,2004,94.182
gtm,sex_m,age_10yrbands_total,mts_aggregate_2,2006,94.249
gtm,sex_m,age_10yrbands_total,mts_aggregate_2,2010,87.616
gtm,sex_m,age_10yrbands_total,mts_aggregate_2,2011,91.531
gtm,sex_m,age_10yrbands_total,mts_aggregate_2,2012,93.245
gtm,sex_m,age_10yrbands_total,mts_aggregate_2,2013,91.219
gtm,sex_m,age_10yrbands_total,mts_aggregate_2,2014,91.744
gtm,sex_m,age_10yrbands_total,mts_aggregate_2,2015,92.329
gtm,sex_m,age_10yrbands_total,mts_aggregate_2,2016,92.022
gtm,sex_m,age_10yrbands_total,mts_aggregate_2,2017,92.693
gtm,sex_m,age_10yrbands_total,mts_aggregate_2,2018,91.977
gtm,sex_m,age_10yrbands_total,mts_aggregate_2,2019,91.166
gtm,sex_m,age_10yrbands_total,mts_aggregate_2,2021,92.454
gtm,sex_m,age_10yrbands_total,mts_aggregate_2,2022,89.019
gtm,sex_m,age_10yrbands_total,mts_aggregate_2,2023,92.863
gtm,sex_m,age_10yrbands_total,mts_aggregate_total,2002,87.297
gtm,sex_m,age_10yrbands_total,mts_aggregate_total,2003,86.763
gtm,sex_m,age_10yrbands_total,mts_aggregate_total,2004,83.455
gtm,sex_m,age_10yrbands_total,mts_aggregate_total,2006,86.968
gtm,sex_m,age_10yrbands_total,mts_aggregate_total,2010,78.144
gtm,sex_m,age_10yrbands_total,mts_aggregate_total,2011,81.497
gtm,sex_m,age_10yrbands_total,mts_aggregate_total,2012,85.057
gtm,sex_m,age_10yrbands_total,mts_aggregate_total,2013,80.639
gtm,sex_m,age_10yrbands_total,mts_aggregate_total,2014,81.523
gtm,sex_m,age_10yrbands_total,mts_aggregate_total,2015,82.836
gtm,sex_m,age_10yrbands_total,mts_aggregate_total,2016,82.044
gtm,sex_m,age_10yrbands_total,mts_aggregate_total,2017,83.604
gtm,sex_m,age_10yrbands_total,mts_aggregate_total,2018,83.218
gtm,sex_m,age_10yrbands_total,mts_aggregate_total,2019,82.133
gtm,sex_m,age_10yrbands_total,mts_aggregate_total,2021,84.035
gtm,sex_m,age_10yrbands_total,mts_aggregate_total,2022,81.005
gtm,sex_m,age_10yrbands_total,mts_aggregate_total,2023,85.577
gtm,sex_m,age_10yrbands_total,mts_details_mrd,2002,93.838
gtm,sex_m,age_10yrbands_total,mts_details_mrd,2003,94.065
gtm,sex_m,age_10yrbands_total,mts_details_mrd,2004,93.673
gtm,sex_m,age_10yrbands_total,mts_details_mrd,2006,95.546
gtm,sex_m,age_10yrbands_total,mts_details_mrd,2010,88.017
gtm,sex_m,age_10yrbands_total,mts_details_mrd,2011,90.67
gtm,sex_m,age_10yrbands_total,mts_details_mrd,2012,92.447
gtm,sex_m,age_10yrbands_total,mts_details_mrd,2013,90.531
gtm,sex_m,age_10yrbands_total,mts_details_mrd,2014,91.364
gtm,sex_m,age_10yrbands_total,mts_details_mrd,2015,91.245
gtm,sex_m,age_10yrbands_total,mts_details_mrd,2016,90.764
gtm,sex_m,age_10yrbands_total,mts_details_mrd,2017,91.688
gtm,sex_m,age_10yrbands_total,mts_details_mrd,2018,90.731
gtm,sex_m,age_10yrbands_total,mts_details_mrd,2019,89.633
gtm,sex_m,age_10yrbands_total,mts_details_mrd,2021,91.071
gtm,sex_m,age_10yrbands_total,mts_details_mrd,2022,86.452
gtm,sex_m,age_10yrbands_total,mts_details_mrd,2023,91.324
gtm,sex_m,age_10yrbands_total,mts_details_sep,2002,81.173
gtm,sex_m,age_10yrbands_total,mts_details_sep,2003,84.263
gtm,sex_m,age_10yrbands_total,mts_details_sep,2004,81.999
gtm,sex_m,age_10yrbands_total,mts_details_sep,2006,83.67
gtm,sex_m,age_10yrbands_total,mts_details_sep,2010,78.974
gtm,sex_m,age_10yrbands_total,mts_details_sep,2011,77.941
gtm,sex_m,age_10yrbands_total,mts_details_sep,2012,84.88
gtm,sex_m,age_10yrbands_total,mts_details_sep,2013,82.093
gtm,sex_m,age_10yrbands_total,mts_details_sep,2014,80.289
gtm,sex_m,age_10yrbands_total,mts_details_sep,2015,84.131
gtm,sex_m,age_10yrbands_total,mts_details_sep,2016,84.064
gtm,sex_m,age_10yrbands_total,mts_details_sep,2017,84.44
gtm,sex_m,age_10yrbands_total,mts_details_sep,2018,84.532
gtm,sex_m,age_10yrbands_total,mts_details_sep,2019,81.02
gtm,sex_m,age_10yrbands_total,mts_details_sep,2021,81.594
gtm,sex_m,age_10yrbands_total,mts_details_sep,2022,79.096
gtm,sex_m,age_10yrbands_total,mts_details_sep,2023,83.518
gtm,sex_m,age_10yrbands_total,mts_details_sgle,2002,76.494
gtm,sex_m,age_10yrbands_total,mts_details_sgle,2003,75.642
gtm,sex_m,age_10yrbands_total,mts_details_sgle,2004,73.45
gtm,sex_m,age_10yrbands_total,mts_details_sgle,2006,74.755
gtm,sex_m,age_10yrbands_total,mts_details_sgle,2010,64.47
gtm,sex_m,age_10yrbands_total,mts_details_sgle,2011,66.227
gtm,sex_m,age_10yrbands_total,mts_details_sgle,2012,72.942
gtm,sex_m,age_10yrbands_total,mts_details_sgle,2013,63.92
gtm,sex_m,age_10yrbands_total,mts_details_sgle,2014,66.126
gtm,sex_m,age_10yrbands_total,mts_details_sgle,2015,68.852
gtm,sex_m,age_10yrbands_total,mts_details_sgle,2016,67.501
gtm,sex_m,age_10yrbands_total,mts_details_sgle,2017,70.518
gtm,sex_m,age_10yrbands_total,mts_details_sgle,2018,70.284
gtm,sex_m,age_10yrbands_total,mts_details_sgle,2019,69.609
gtm,sex_m,age_10yrbands_total,mts_details_sgle,2021,71.175
gtm,sex_m,age_10yrbands_total,mts_details_sgle,2022,68.467
gtm,sex_m,age_10yrbands_total,mts_details_sgle,2023,74.921
gtm,sex_m,age_10yrbands_total,mts_details_total,2002,87.297
gtm,sex_m,age_10yrbands_total,mts_details_total,2003,86.763
gtm,sex_m,age_10yrbands_total,mts_details_total,2004,83.455
gtm,sex_m,age_10yrbands_total,mts_details_total,2006,86.968
gtm,sex_m,age_10yrbands_total,mts_details_total,2010,78.144
gtm,sex_m,age_10yrbands_total,mts_details_total,2011,81.497
gtm,sex_m,age_10yrbands_total,mts_details_total,2012,85.057
gtm,sex_m,age_10yrbands_total,mts_details_total,2013,80.639
gtm,sex_m,age_10yrbands_total,mts_details_total,2014,81.523
gtm,sex_m,age_10yrbands_total,mts_details_total,2015,82.836
gtm,sex_m,age_10yrbands_total,mts_details_total,2016,82.044
gtm,sex_m,age_10yrbands_total,mts_details_total,2017,83.604
gtm,sex_m,age_10yrbands_total,mts_details_total,2018,83.218
gtm,sex_m,age_10yrbands_total,mts_details_total,2019,82.133
gtm,sex_m,age_10yrbands_total,mts_details_total,2021,84.035
gtm,sex_m,age_10yrbands_total,mts_details_total,2022,81.005
gtm,sex_m,age_10yrbands_total,mts_details_total,2023,85.577
gtm,sex_m,age_10yrbands_total,mts_details_union,2002,94.662
gtm,sex_m,age_10yrbands_total,mts_details_union,2003,93.939
gtm,sex_m,age_10yrbands_total,mts_details_union,2004,95.279
gtm,sex_m,age_10yrbands_total,mts_details_union,2006,93.583
gtm,sex_m,age_10yrbands_total,mts_details_union,2010,86.911
gtm,sex_m,age_10yrbands_total,mts_details_union,2011,93.105
gtm,sex_m,age_10yrbands_total,mts_details_union,2012,94.847
gtm,sex_m,age_10yrbands_total,mts_details_union,2013,92.552
gtm,sex_m,age_10yrbands_total,mts_details_union,2014,92.556
gtm,sex_m,age_10yrbands_total,mts_details_union,2015,94.336
gtm,sex_m,age_10yrbands_total,mts_details_union,2016,94.196
gtm,sex_m,age_10yrbands_total,mts_details_union,2017,94.572
gtm,sex_m,age_10yrbands_total,mts_details_union,2018,94.282
gtm,sex_m,age_10yrbands_total,mts_details_union,2019,94.237
gtm,sex_m,age_10yrbands_total,mts_details_union,2021,94.811
gtm,sex_m,age_10yrbands_total,mts_details_union,2022,94.083
gtm,sex_m,age_10yrbands_total,mts_details_union,2023,95.358
gtm,sex_m,age_10yrbands_total,mts_details_wid,2002,74.519
gtm,sex_m,age_10yrbands_total,mts_details_wid,2003,61.499
gtm,sex_m,age_10yrbands_total,mts_details_wid,2004,58.089
gtm,sex_m,age_10yrbands_total,mts_details_wid,2006,67.756
gtm,sex_m,age_10yrbands_total,mts_details_wid,2010,56.306
gtm,sex_m,age_10yrbands_total,mts_details_wid,2011,71.423
gtm,sex_m,age_10yrbands_total,mts_details_wid,2012,62.619
gtm,sex_m,age_10yrbands_total,mts_details_wid,2013,58.482
gtm,sex_m,age_10yrbands_total,mts_details_wid,2014,53.11
gtm,sex_m,age_10yrbands_total,mts_details_wid,2015,56.241
gtm,sex_m,age_10yrbands_total,mts_details_wid,2016,50.048
gtm,sex_m,age_10yrbands_total,mts_details_wid,2017,56.081
gtm,sex_m,age_10yrbands_total,mts_details_wid,2018,56.916
gtm,sex_m,age_10yrbands_total,mts_details_wid,2019,55.297
gtm,sex_m,age_10yrbands_total,mts_details_wid,2021,61.496
gtm,sex_m,age_10yrbands_total,mts_details_wid,2022,53.096
gtm,sex_m,age_10yrbands_total,mts_details_wid,2023,60.557
gtm,sex_m,age_10yrbands_y15_24,mts_aggregate_1,2002,74.558
gtm,sex_m,age_10yrbands_y15_24,mts_aggregate_1,2003,73.506
gtm,sex_m,age_10yrbands_y15_24,mts_aggregate_1,2004,70.461
gtm,sex_m,age_10yrbands_y15_24,mts_aggregate_1,2006,72.086
gtm,sex_m,age_10yrbands_y15_24,mts_aggregate_1,2010,60.316
gtm,sex_m,age_10yrbands_y15_24,mts_aggregate_1,2011,61.506
gtm,sex_m,age_10yrbands_y15_24,mts_aggregate_1,2012,69.6
gtm,sex_m,age_10yrbands_y15_24,mts_aggregate_1,2013,58.728
gtm,sex_m,age_10yrbands_y15_24,mts_aggregate_1,2014,61.26
gtm,sex_m,age_10yrbands_y15_24,mts_aggregate_1,2015,64.721
gtm,sex_m,age_10yrbands_y15_24,mts_aggregate_1,2016,62.949
gtm,sex_m,age_10yrbands_y15_24,mts_aggregate_1,2017,66.506
gtm,sex_m,age_10yrbands_y15_24,mts_aggregate_1,2018,65.225
gtm,sex_m,age_10yrbands_y15_24,mts_aggregate_1,2019,64.194
gtm,sex_m,age_10yrbands_y15_24,mts_aggregate_1,2021,66.852
gtm,sex_m,age_10yrbands_y15_24,mts_aggregate_1,2022,62.741
gtm,sex_m,age_10yrbands_y15_24,mts_aggregate_1,2023,70.548
gtm,sex_m,age_10yrbands_y15_24,mts_aggregate_2,2002,95.001
gtm,sex_m,age_10yrbands_y15_24,mts_aggregate_2,2003,96.332
gtm,sex_m,age_10yrbands_y15_24,mts_aggregate_2,2004,95.655
gtm,sex_m,age_10yrbands_y15_24,mts_aggregate_2,2006,96.708
gtm,sex_m,age_10yrbands_y15_24,mts_aggregate_2,2010,90.524
gtm,sex_m,age_10yrbands_y15_24,mts_aggregate_2,2011,94.404
gtm,sex_m,age_10yrbands_y15_24,mts_aggregate_2,2012,96.622
gtm,sex_m,age_10yrbands_y15_24,mts_aggregate_2,2013,89.224
gtm,sex_m,age_10yrbands_y15_24,mts_aggregate_2,2014,93.138
gtm,sex_m,age_10yrbands_y15_24,mts_aggregate_2,2015,92.575
gtm,sex_m,age_10yrbands_y15_24,mts_aggregate_2,2016,94.993
gtm,sex_m,age_10yrbands_y15_24,mts_aggregate_2,2017,97.153
gtm,sex_m,age_10yrbands_y15_24,mts_aggregate_2,2018,94.347
gtm,sex_m,age_10yrbands_y15_24,mts_aggregate_2,2019,94.584
gtm,sex_m,age_10yrbands_y15_24,mts_aggregate_2,2021,97.034
gtm,sex_m,age_10yrbands_y15_24,mts_aggregate_2,2022,92.359
gtm,sex_m,age_10yrbands_y15_24,mts_aggregate_2,2023,95.889
gtm,sex_m,age_10yrbands_y15_24,mts_aggregate_total,2002,79.438
gtm,sex_m,age_10yrbands_y15_24,mts_aggregate_total,2003,78.696
gtm,sex_m,age_10yrbands_y15_24,mts_aggregate_total,2004,73.289
gtm,sex_m,age_10yrbands_y15_24,mts_aggregate_total,2006,77.434
gtm,sex_m,age_10yrbands_y15_24,mts_aggregate_total,2010,65.873
gtm,sex_m,age_10yrbands_y15_24,mts_aggregate_total,2011,67.888
gtm,sex_m,age_10yrbands_y15_24,mts_aggregate_total,2012,74.205
gtm,sex_m,age_10yrbands_y15_24,mts_aggregate_total,2013,64.676
gtm,sex_m,age_10yrbands_y15_24,mts_aggregate_total,2014,67.919
gtm,sex_m,age_10yrbands_y15_24,mts_aggregate_total,2015,69.9
gtm,sex_m,age_10yrbands_y15_24,mts_aggregate_total,2016,68.697
gtm,sex_m,age_10yrbands_y15_24,mts_aggregate_total,2017,71.757
gtm,sex_m,age_10yrbands_y15_24,mts_aggregate_total,2018,70.289
gtm,sex_m,age_10yrbands_y15_24,mts_aggregate_total,2019,68.811
gtm,sex_m,age_10yrbands_y15_24,mts_aggregate_total,2021,72.561
gtm,sex_m,age_10yrbands_y15_24,mts_aggregate_total,2022,67.905
gtm,sex_m,age_10yrbands_y15_24,mts_aggregate_total,2023,75.472
gtm,sex_m,age_10yrbands_y15_24,mts_details_mrd,2002,93.891
gtm,sex_m,age_10yrbands_y15_24,mts_details_mrd,2003,98.774
gtm,sex_m,age_10yrbands_y15_24,mts_details_mrd,2004,96.633
gtm,sex_m,age_10yrbands_y15_24,mts_details_mrd,2006,96.632
gtm,sex_m,age_10yrbands_y15_24,mts_details_mrd,2010,91.584
gtm,sex_m,age_10yrbands_y15_24,mts_details_mrd,2011,91.903
gtm,sex_m,age_10yrbands_y15_24,mts_details_mrd,2012,96.546
gtm,sex_m,age_10yrbands_y15_24,mts_details_mrd,2013,87.341
gtm,sex_m,age_10yrbands_y15_24,mts_details_mrd,2014,94.268
gtm,sex_m,age_10yrbands_y15_24,mts_details_mrd,2015,93.146
gtm,sex_m,age_10yrbands_y15_24,mts_details_mrd,2016,94.398
gtm,sex_m,age_10yrbands_y15_24,mts_details_mrd,2017,97.154
gtm,sex_m,age_10yrbands_y15_24,mts_details_mrd,2018,95.038
gtm,sex_m,age_10yrbands_y15_24,mts_details_mrd,2019,94.994
gtm,sex_m,age_10yrbands_y15_24,mts_details_mrd,2021,98.453
gtm,sex_m,age_10yrbands_y15_24,mts_details_mrd,2022,91.592
gtm,sex_m,age_10yrbands_y15_24,mts_details_mrd,2023,95.207
gtm,sex_m,age_10yrbands_y15_24,mts_details_sep,2002,87.415
gtm,sex_m,age_10yrbands_y15_24,mts_details_sep,2003,84.04
gtm,sex_m,age_10yrbands_y15_24,mts_details_sep,2004,98.906
gtm,sex_m,age_10yrbands_y15_24,mts_details_sep,2006,82.797
gtm,sex_m,age_10yrbands_y15_24,mts_details_sep,2010,57.775
gtm,sex_m,age_10yrbands_y15_24,mts_details_sep,2011,45.065
gtm,sex_m,age_10yrbands_y15_24,mts_details_sep,2013,83.21
gtm,sex_m,age_10yrbands_y15_24,mts_details_sep,2014,50.954
gtm,sex_m,age_10yrbands_y15_24,mts_details_sep,2015,79.75
gtm,sex_m,age_10yrbands_y15_24,mts_details_sep,2016,92.107
gtm,sex_m,age_10yrbands_y15_24,mts_details_sep,2017,88.389
gtm,sex_m,age_10yrbands_y15_24,mts_details_sep,2018,74.579
gtm,sex_m,age_10yrbands_y15_24,mts_details_sep,2019,74.766
gtm,sex_m,age_10yrbands_y15_24,mts_details_sep,2021,88.898
gtm,sex_m,age_10yrbands_y15_24,mts_details_sep,2023,79.321
gtm,sex_m,age_10yrbands_y15_24,mts_details_sgle,2002,74.488
gtm,sex_m,age_10yrbands_y15_24,mts_details_sgle,2003,73.417
gtm,sex_m,age_10yrbands_y15_24,mts_details_sgle,2004,70.259
gtm,sex_m,age_10yrbands_y15_24,mts_details_sgle,2006,72.011
gtm,sex_m,age_10yrbands_y15_24,mts_details_sgle,2010,60.334
gtm,sex_m,age_10yrbands_y15_24,mts_details_sgle,2011,61.676
gtm,sex_m,age_10yrbands_y15_24,mts_details_sgle,2012,69.6
gtm,sex_m,age_10yrbands_y15_24,mts_details_sgle,2013,58.562
gtm,sex_m,age_10yrbands_y15_24,mts_details_sgle,2014,61.35
gtm,sex_m,age_10yrbands_y15_24,mts_details_sgle,2015,64.602
gtm,sex_m,age_10yrbands_y15_24,mts_details_sgle,2016,62.842
gtm,sex_m,age_10yrbands_y15_24,mts_details_sgle,2017,66.326
gtm,sex_m,age_10yrbands_y15_24,mts_details_sgle,2018,65.13
gtm,sex_m,age_10yrbands_y15_24,mts_details_sgle,2019,64.128
gtm,sex_m,age_10yrbands_y15_24,mts_details_sgle,2021,66.71
gtm,sex_m,age_10yrbands_y15_24,mts_details_sgle,2022,62.587
gtm,sex_m,age_10yrbands_y15_24,mts_details_sgle,2023,70.496
gtm,sex_m,age_10yrbands_y15_24,mts_details_total,2002,79.438
gtm,sex_m,age_10yrbands_y15_24,mts_details_total,2003,78.696
gtm,sex_m,age_10yrbands_y15_24,mts_details_total,2004,73.289
gtm,sex_m,age_10yrbands_y15_24,mts_details_total,2006,77.434
gtm,sex_m,age_10yrbands_y15_24,mts_details_total,2010,65.873
gtm,sex_m,age_10yrbands_y15_24,mts_details_total,2011,67.888
gtm,sex_m,age_10yrbands_y15_24,mts_details_total,2012,74.205
gtm,sex_m,age_10yrbands_y15_24,mts_details_total,2013,64.676
gtm,sex_m,age_10yrbands_y15_24,mts_details_total,2014,67.919
gtm,sex_m,age_10yrbands_y15_24,mts_details_total,2015,69.9
gtm,sex_m,age_10yrbands_y15_24,mts_details_total,2016,68.697
gtm,sex_m,age_10yrbands_y15_24,mts_details_total,2017,71.757
gtm,sex_m,age_10yrbands_y15_24,mts_details_total,2018,70.289
gtm,sex_m,age_10yrbands_y15_24,mts_details_total,2019,68.811
gtm,sex_m,age_10yrbands_y15_24,mts_details_total,2021,72.561
gtm,sex_m,age_10yrbands_y15_24,mts_details_total,2022,67.905
gtm,sex_m,age_10yrbands_y15_24,mts_details_total,2023,75.472
gtm,sex_m,age_10yrbands_y15_24,mts_details_union,2002,96.37
gtm,sex_m,age_10yrbands_y15_24,mts_details_union,2003,93.624
gtm,sex_m,age_10yrbands_y15_24,mts_details_union,2004,94.505
gtm,sex_m,age_10yrbands_y15_24,mts_details_union,2006,96.808
gtm,sex_m,age_10yrbands_y15_24,mts_details_union,2010,89.903
gtm,sex_m,age_10yrbands_y15_24,mts_details_union,2011,95.835
gtm,sex_m,age_10yrbands_y15_24,mts_details_union,2012,96.681
gtm,sex_m,age_10yrbands_y15_24,mts_details_union,2013,90.4
gtm,sex_m,age_10yrbands_y15_24,mts_details_union,2014,92.26
gtm,sex_m,age_10yrbands_y15_24,mts_details_union,2015,92.235
gtm,sex_m,age_10yrbands_y15_24,mts_details_union,2016,95.318
gtm,sex_m,age_10yrbands_y15_24,mts_details_union,2017,97.152
gtm,sex_m,age_10yrbands_y15_24,mts_details_union,2018,94.006
gtm,sex_m,age_10yrbands_y15_24,mts_details_union,2019,94.424
gtm,sex_m,age_10yrbands_y15_24,mts_details_union,2021,96.418
gtm,sex_m,age_10yrbands_y15_24,mts_details_union,2022,92.609
gtm,sex_m,age_10yrbands_y15_24,mts_details_union,2023,96.132
gtm,sex_m,age_10yrbands_y15_24,mts_details_wid,2004,62.833
gtm,sex_m,age_10yrbands_y15_24,mts_details_wid,2006,100
gtm,sex_m,age_10yrbands_y25_34,mts_aggregate_1,2002,85.491
gtm,sex_m,age_10yrbands_y25_34,mts_aggregate_1,2003,86.939
gtm,sex_m,age_10yrbands_y25_34,mts_aggregate_1,2004,85.116
gtm,sex_m,age_10yrbands_y25_34,mts_aggregate_1,2006,86.368
gtm,sex_m,age_10yrbands_y25_34,mts_aggregate_1,2010,82.33
gtm,sex_m,age_10yrbands_y25_34,mts_aggregate_1,2011,84.864
gtm,sex_m,age_10yrbands_y25_34,mts_aggregate_1,2012,85.873
gtm,sex_m,age_10yrbands_y25_34,mts_aggregate_1,2013,85.35
gtm,sex_m,age_10yrbands_y25_34,mts_aggregate_1,2014,83.898
gtm,sex_m,age_10yrbands_y25_34,mts_aggregate_1,2015,87.518
gtm,sex_m,age_10yrbands_y25_34,mts_aggregate_1,2016,84.696
gtm,sex_m,age_10yrbands_y25_34,mts_aggregate_1,2017,86.55
gtm,sex_m,age_10yrbands_y25_34,mts_aggregate_1,2018,86.606
gtm,sex_m,age_10yrbands_y25_34,mts_aggregate_1,2019,86.485
gtm,sex_m,age_10yrbands_y25_34,mts_aggregate_1,2021,83.957
gtm,sex_m,age_10yrbands_y25_34,mts_aggregate_1,2022,83.933
gtm,sex_m,age_10yrbands_y25_34,mts_aggregate_1,2023,88.985
gtm,sex_m,age_10yrbands_y25_34,mts_aggregate_2,2002,96.755
gtm,sex_m,age_10yrbands_y25_34,mts_aggregate_2,2003,97.4
gtm,sex_m,age_10yrbands_y25_34,mts_aggregate_2,2004,97.249
gtm,sex_m,age_10yrbands_y25_34,mts_aggregate_2,2006,98.276
gtm,sex_m,age_10yrbands_y25_34,mts_aggregate_2,2010,90.896
gtm,sex_m,age_10yrbands_y25_34,mts_aggregate_2,2011,94.94
gtm,sex_m,age_10yrbands_y25_34,mts_aggregate_2,2012,96.68
gtm,sex_m,age_10yrbands_y25_34,mts_aggregate_2,2013,96.704
gtm,sex_m,age_10yrbands_y25_34,mts_aggregate_2,2014,96.573
gtm,sex_m,age_10yrbands_y25_34,mts_aggregate_2,2015,97.324
gtm,sex_m,age_10yrbands_y25_34,mts_aggregate_2,2016,97.987
gtm,sex_m,age_10yrbands_y25_34,mts_aggregate_2,2017,98.028
gtm,sex_m,age_10yrbands_y25_34,mts_aggregate_2,2018,98.337
gtm,sex_m,age_10yrbands_y25_34,mts_aggregate_2,2019,98.112
gtm,sex_m,age_10yrbands_y25_34,mts_aggregate_2,2021,97.438
gtm,sex_m,age_10yrbands_y25_34,mts_aggregate_2,2022,96.474
gtm,sex_m,age_10yrbands_y25_34,mts_aggregate_2,2023,99.082
gtm,sex_m,age_10yrbands_y25_34,mts_aggregate_total,2002,94.37
gtm,sex_m,age_10yrbands_y25_34,mts_aggregate_total,2003,95.105
gtm,sex_m,age_10yrbands_y25_34,mts_aggregate_total,2004,90.92
gtm,sex_m,age_10yrbands_y25_34,mts_aggregate_total,2006,95.55
gtm,sex_m,age_10yrbands_y25_34,mts_aggregate_total,2010,88.029
gtm,sex_m,age_10yrbands_y25_34,mts_aggregate_total,2011,92.118
gtm,sex_m,age_10yrbands_y25_34,mts_aggregate_total,2012,93.927
gtm,sex_m,age_10yrbands_y25_34,mts_aggregate_total,2013,93.746
gtm,sex_m,age_10yrbands_y25_34,mts_aggregate_total,2014,93.021
gtm,sex_m,age_10yrbands_y25_34,mts_aggregate_total,2015,94.564
gtm,sex_m,age_10yrbands_y25_34,mts_aggregate_total,2016,94.058
gtm,sex_m,age_10yrbands_y25_34,mts_aggregate_total,2017,94.59
gtm,sex_m,age_10yrbands_y25_34,mts_aggregate_total,2018,94.644
gtm,sex_m,age_10yrbands_y25_34,mts_aggregate_total,2019,93.991
gtm,sex_m,age_10yrbands_y25_34,mts_aggregate_total,2021,92.824
gtm,sex_m,age_10yrbands_y25_34,mts_aggregate_total,2022,92.566
gtm,sex_m,age_10yrbands_y25_34,mts_aggregate_total,2023,95.856
gtm,sex_m,age_10yrbands_y25_34,mts_details_mrd,2002,97.106
gtm,sex_m,age_10yrbands_y25_34,mts_details_mrd,2003,96.962
gtm,sex_m,age_10yrbands_y25_34,mts_details_mrd,2004,97.577
gtm,sex_m,age_10yrbands_y25_34,mts_details_mrd,2006,97.892
gtm,sex_m,age_10yrbands_y25_34,mts_details_mrd,2010,91.494
gtm,sex_m,age_10yrbands_y25_34,mts_details_mrd,2011,94.547
gtm,sex_m,age_10yrbands_y25_34,mts_details_mrd,2012,97.409
gtm,sex_m,age_10yrbands_y25_34,mts_details_mrd,2013,97.45
gtm,sex_m,age_10yrbands_y25_34,mts_details_mrd,2014,96.741
gtm,sex_m,age_10yrbands_y25_34,mts_details_mrd,2015,97.407
gtm,sex_m,age_10yrbands_y25_34,mts_details_mrd,2016,97.969
gtm,sex_m,age_10yrbands_y25_34,mts_details_mrd,2017,98.491
gtm,sex_m,age_10yrbands_y25_34,mts_details_mrd,2018,98.547
gtm,sex_m,age_10yrbands_y25_34,mts_details_mrd,2019,98.236
gtm,sex_m,age_10yrbands_y25_34,mts_details_mrd,2021,97.955
gtm,sex_m,age_10yrbands_y25_34,mts_details_mrd,2022,95.405
gtm,sex_m,age_10yrbands_y25_34,mts_details_mrd,2023,99.122
gtm,sex_m,age_10yrbands_y25_34,mts_details_sep,2002,86.132
gtm,sex_m,age_10yrbands_y25_34,mts_details_sep,2003,100
gtm,sex_m,age_10yrbands_y25_34,mts_details_sep,2004,69.1
gtm,sex_m,age_10yrbands_y25_34,mts_details_sep,2006,94.465
gtm,sex_m,age_10yrbands_y25_34,mts_details_sep,2010,72.172
gtm,sex_m,age_10yrbands_y25_34,mts_details_sep,2011,96.462
gtm,sex_m,age_10yrbands_y25_34,mts_details_sep,2012,100
gtm,sex_m,age_10yrbands_y25_34,mts_details_sep,2013,93.699
gtm,sex_m,age_10yrbands_y25_34,mts_details_sep,2014,91.577
gtm,sex_m,age_10yrbands_y25_34,mts_details_sep,2015,94.389
gtm,sex_m,age_10yrbands_y25_34,mts_details_sep,2016,96.906
gtm,sex_m,age_10yrbands_y25_34,mts_details_sep,2017,93.523
gtm,sex_m,age_10yrbands_y25_34,mts_details_sep,2018,90.337
gtm,sex_m,age_10yrbands_y25_34,mts_details_sep,2019,89.22
gtm,sex_m,age_10yrbands_y25_34,mts_details_sep,2021,94.637
gtm,sex_m,age_10yrbands_y25_34,mts_details_sep,2022,82.223
gtm,sex_m,age_10yrbands_y25_34,mts_details_sep,2023,96.714
gtm,sex_m,age_10yrbands_y25_34,mts_details_sgle,2002,85.355
gtm,sex_m,age_10yrbands_y25_34,mts_details_sgle,2003,85.473
gtm,sex_m,age_10yrbands_y25_34,mts_details_sgle,2004,86.522
gtm,sex_m,age_10yrbands_y25_34,mts_details_sgle,2006,85.762
gtm,sex_m,age_10yrbands_y25_34,mts_details_sgle,2010,82.815
gtm,sex_m,age_10yrbands_y25_34,mts_details_sgle,2011,84.431
gtm,sex_m,age_10yrbands_y25_34,mts_details_sgle,2012,84.954
gtm,sex_m,age_10yrbands_y25_34,mts_details_sgle,2013,84.471
gtm,sex_m,age_10yrbands_y25_34,mts_details_sgle,2014,83.668
gtm,sex_m,age_10yrbands_y25_34,mts_details_sgle,2015,87.07
gtm,sex_m,age_10yrbands_y25_34,mts_details_sgle,2016,83.866
gtm,sex_m,age_10yrbands_y25_34,mts_details_sgle,2017,85.892
gtm,sex_m,age_10yrbands_y25_34,mts_details_sgle,2018,86.199
gtm,sex_m,age_10yrbands_y25_34,mts_details_sgle,2019,86.267
gtm,sex_m,age_10yrbands_y25_34,mts_details_sgle,2021,83.169
gtm,sex_m,age_10yrbands_y25_34,mts_details_sgle,2022,83.978
gtm,sex_m,age_10yrbands_y25_34,mts_details_sgle,2023,88.195
gtm,sex_m,age_10yrbands_y25_34,mts_details_total,2002,94.37
gtm,sex_m,age_10yrbands_y25_34,mts_details_total,2003,95.105
gtm,sex_m,age_10yrbands_y25_34,mts_details_total,2004,90.92
gtm,sex_m,age_10yrbands_y25_34,mts_details_total,2006,95.55
gtm,sex_m,age_10yrbands_y25_34,mts_details_total,2010,88.029
gtm,sex_m,age_10yrbands_y25_34,mts_details_total,2011,92.118
gtm,sex_m,age_10yrbands_y25_34,mts_details_total,2012,93.927
gtm,sex_m,age_10yrbands_y25_34,mts_details_total,2013,93.746
gtm,sex_m,age_10yrbands_y25_34,mts_details_total,2014,93.021
gtm,sex_m,age_10yrbands_y25_34,mts_details_total,2015,94.564
gtm,sex_m,age_10yrbands_y25_34,mts_details_total,2016,94.058
gtm,sex_m,age_10yrbands_y25_34,mts_details_total,2017,94.59
gtm,sex_m,age_10yrbands_y25_34,mts_details_total,2018,94.644
gtm,sex_m,age_10yrbands_y25_34,mts_details_total,2019,93.991
gtm,sex_m,age_10yrbands_y25_34,mts_details_total,2021,92.824
gtm,sex_m,age_10yrbands_y25_34,mts_details_total,2022,92.566
gtm,sex_m,age_10yrbands_y25_34,mts_details_total,2023,95.856
gtm,sex_m,age_10yrbands_y25_34,mts_details_union,2002,96.079
gtm,sex_m,age_10yrbands_y25_34,mts_details_union,2003,98.384
gtm,sex_m,age_10yrbands_y25_34,mts_details_union,2004,96.661
gtm,sex_m,age_10yrbands_y25_34,mts_details_union,2006,98.502
gtm,sex_m,age_10yrbands_y25_34,mts_details_union,2010,89.966
gtm,sex_m,age_10yrbands_y25_34,mts_details_union,2011,95.583
gtm,sex_m,age_10yrbands_y25_34,mts_details_union,2012,95.472
gtm,sex_m,age_10yrbands_y25_34,mts_details_union,2013,95.422
gtm,sex_m,age_10yrbands_y25_34,mts_details_union,2014,96.261
gtm,sex_m,age_10yrbands_y25_34,mts_details_union,2015,97.21
gtm,sex_m,age_10yrbands_y25_34,mts_details_union,2016,98.008
gtm,sex_m,age_10yrbands_y25_34,mts_details_union,2017,97.396
gtm,sex_m,age_10yrbands_y25_34,mts_details_union,2018,98.073
gtm,sex_m,age_10yrbands_y25_34,mts_details_union,2019,97.962
gtm,sex_m,age_10yrbands_y25_34,mts_details_union,2021,96.901
gtm,sex_m,age_10yrbands_y25_34,mts_details_union,2022,97.697
gtm,sex_m,age_10yrbands_y25_34,mts_details_union,2023,99.041
gtm,sex_m,age_10yrbands_y25_34,mts_details_wid,2002,91.412
gtm,sex_m,age_10yrbands_y25_34,mts_details_wid,2004,76.533
gtm,sex_m,age_10yrbands_y25_34,mts_details_wid,2006,100
gtm,sex_m,age_10yrbands_y25_34,mts_details_wid,2013,100
gtm,sex_m,age_10yrbands_y25_34,mts_details_wid,2016,100
gtm,sex_m,age_10yrbands_y25_34,mts_details_wid,2017,100
gtm,sex_m,age_10yrbands_y25_34,mts_details_wid,2018,100
gtm,sex_m,age_10yrbands_y25_34,mts_details_wid,2023,100
gtm,sex_m,age_10yrbands_y35_44,mts_aggregate_1,2002,88.514
gtm,sex_m,age_10yrbands_y35_44,mts_aggregate_1,2003,88.661
gtm,sex_m,age_10yrbands_y35_44,mts_aggregate_1,2004,85.753
gtm,sex_m,age_10yrbands_y35_44,mts_aggregate_1,2006,92.943
gtm,sex_m,age_10yrbands_y35_44,mts_aggregate_1,2010,74.375
gtm,sex_m,age_10yrbands_y35_44,mts_aggregate_1,2011,86.564
gtm,sex_m,age_10yrbands_y35_44,mts_aggregate_1,2012,88.169
gtm,sex_m,age_10yrbands_y35_44,mts_aggregate_1,2013,85.462
gtm,sex_m,age_10yrbands_y35_44,mts_aggregate_1,2014,88.014
gtm,sex_m,age_10yrbands_y35_44,mts_aggregate_1,2015,80.862
gtm,sex_m,age_10yrbands_y35_44,mts_aggregate_1,2016,87.289
gtm,sex_m,age_10yrbands_y35_44,mts_aggregate_1,2017,86.626
gtm,sex_m,age_10yrbands_y35_44,mts_aggregate_1,2018,92.117
gtm,sex_m,age_10yrbands_y35_44,mts_aggregate_1,2019,91.25
gtm,sex_m,age_10yrbands_y35_44,mts_aggregate_1,2021,86.506
gtm,sex_m,age_10yrbands_y35_44,mts_aggregate_1,2022,86.682
gtm,sex_m,age_10yrbands_y35_44,mts_aggregate_1,2023,86.729
gtm,sex_m,age_10yrbands_y35_44,mts_aggregate_2,2002,97.843
gtm,sex_m,age_10yrbands_y35_44,mts_aggregate_2,2003,97.476
gtm,sex_m,age_10yrbands_y35_44,mts_aggregate_2,2004,98.558
gtm,sex_m,age_10yrbands_y35_44,mts_aggregate_2,2006,97.914
gtm,sex_m,age_10yrbands_y35_44,mts_aggregate_2,2010,92.636
gtm,sex_m,age_10yrbands_y35_44,mts_aggregate_2,2011,96.68
gtm,sex_m,age_10yrbands_y35_44,mts_aggregate_2,2012,97.201
gtm,sex_m,age_10yrbands_y35_44,mts_aggregate_2,2013,96.53
gtm,sex_m,age_10yrbands_y35_44,mts_aggregate_2,2014,97.97
gtm,sex_m,age_10yrbands_y35_44,mts_aggregate_2,2015,98.521
gtm,sex_m,age_10yrbands_y35_44,mts_aggregate_2,2016,98.062
gtm,sex_m,age_10yrbands_y35_44,mts_aggregate_2,2017,98.376
gtm,sex_m,age_10yrbands_y35_44,mts_aggregate_2,2018,97.492
gtm,sex_m,age_10yrbands_y35_44,mts_aggregate_2,2019,98.459
gtm,sex_m,age_10yrbands_y35_44,mts_aggregate_2,2021,97.803
gtm,sex_m,age_10yrbands_y35_44,mts_aggregate_2,2022,96.799
gtm,sex_m,age_10yrbands_y35_44,mts_aggregate_2,2023,98.012
gtm,sex_m,age_10yrbands_y35_44,mts_aggregate_total,2002,96.463
gtm,sex_m,age_10yrbands_y35_44,mts_aggregate_total,2003,96.379
gtm,sex_m,age_10yrbands_y35_44,mts_aggregate_total,2004,94.515
gtm,sex_m,age_10yrbands_y35_44,mts_aggregate_total,2006,97.384
gtm,sex_m,age_10yrbands_y35_44,mts_aggregate_total,2010,90.342
gtm,sex_m,age_10yrbands_y35_44,mts_aggregate_total,2011,95.436
gtm,sex_m,age_10yrbands_y35_44,mts_aggregate_total,2012,95.974
gtm,sex_m,age_10yrbands_y35_44,mts_aggregate_total,2013,95.173
gtm,sex_m,age_10yrbands_y35_44,mts_aggregate_total,2014,96.882
gtm,sex_m,age_10yrbands_y35_44,mts_aggregate_total,2015,96.38
gtm,sex_m,age_10yrbands_y35_44,mts_aggregate_total,2016,96.656
gtm,sex_m,age_10yrbands_y35_44,mts_aggregate_total,2017,96.713
gtm,sex_m,age_10yrbands_y35_44,mts_aggregate_total,2018,96.722
gtm,sex_m,age_10yrbands_y35_44,mts_aggregate_total,2019,97.349
gtm,sex_m,age_10yrbands_y35_44,mts_aggregate_total,2021,95.999
gtm,sex_m,age_10yrbands_y35_44,mts_aggregate_total,2022,95.183
gtm,sex_m,age_10yrbands_y35_44,mts_aggregate_total,2023,96.128
gtm,sex_m,age_10yrbands_y35_44,mts_details_mrd,2002,98.15
gtm,sex_m,age_10yrbands_y35_44,mts_details_mrd,2003,97.39
gtm,sex_m,age_10yrbands_y35_44,mts_details_mrd,2004,98.586
gtm,sex_m,age_10yrbands_y35_44,mts_details_mrd,2006,98.195
gtm,sex_m,age_10yrbands_y35_44,mts_details_mrd,2010,95.002
gtm,sex_m,age_10yrbands_y35_44,mts_details_mrd,2011,96.634
gtm,sex_m,age_10yrbands_y35_44,mts_details_mrd,2012,96.731
gtm,sex_m,age_10yrbands_y35_44,mts_details_mrd,2013,96.965
gtm,sex_m,age_10yrbands_y35_44,mts_details_mrd,2014,97.853
gtm,sex_m,age_10yrbands_y35_44,mts_details_mrd,2015,98.319
gtm,sex_m,age_10yrbands_y35_44,mts_details_mrd,2016,98.587
gtm,sex_m,age_10yrbands_y35_44,mts_details_mrd,2017,98.286
gtm,sex_m,age_10yrbands_y35_44,mts_details_mrd,2018,97.514
gtm,sex_m,age_10yrbands_y35_44,mts_details_mrd,2019,98.539
gtm,sex_m,age_10yrbands_y35_44,mts_details_mrd,2021,97.531
gtm,sex_m,age_10yrbands_y35_44,mts_details_mrd,2022,96.051
gtm,sex_m,age_10yrbands_y35_44,mts_details_mrd,2023,97.998
gtm,sex_m,age_10yrbands_y35_44,mts_details_sep,2002,95.888
gtm,sex_m,age_10yrbands_y35_44,mts_details_sep,2003,91.422
gtm,sex_m,age_10yrbands_y35_44,mts_details_sep,2004,88.504
gtm,sex_m,age_10yrbands_y35_44,mts_details_sep,2006,94.521
gtm,sex_m,age_10yrbands_y35_44,mts_details_sep,2010,90.304
gtm,sex_m,age_10yrbands_y35_44,mts_details_sep,2011,88.409
gtm,sex_m,age_10yrbands_y35_44,mts_details_sep,2012,91.815
gtm,sex_m,age_10yrbands_y35_44,mts_details_sep,2013,87.528
gtm,sex_m,age_10yrbands_y35_44,mts_details_sep,2014,93.475
gtm,sex_m,age_10yrbands_y35_44,mts_details_sep,2015,84.718
gtm,sex_m,age_10yrbands_y35_44,mts_details_sep,2016,89.569
gtm,sex_m,age_10yrbands_y35_44,mts_details_sep,2017,92.826
gtm,sex_m,age_10yrbands_y35_44,mts_details_sep,2018,95.176
gtm,sex_m,age_10yrbands_y35_44,mts_details_sep,2019,96.184
gtm,sex_m,age_10yrbands_y35_44,mts_details_sep,2021,92.842
gtm,sex_m,age_10yrbands_y35_44,mts_details_sep,2022,91.913
gtm,sex_m,age_10yrbands_y35_44,mts_details_sep,2023,93.02
gtm,sex_m,age_10yrbands_y35_44,mts_details_sgle,2002,87.67
gtm,sex_m,age_10yrbands_y35_44,mts_details_sgle,2003,86.972
gtm,sex_m,age_10yrbands_y35_44,mts_details_sgle,2004,83.737
gtm,sex_m,age_10yrbands_y35_44,mts_details_sgle,2006,92.585
gtm,sex_m,age_10yrbands_y35_44,mts_details_sgle,2010,68.593
gtm,sex_m,age_10yrbands_y35_44,mts_details_sgle,2011,85.956
gtm,sex_m,age_10yrbands_y35_44,mts_details_sgle,2012,86.263
gtm,sex_m,age_10yrbands_y35_44,mts_details_sgle,2013,83.967
gtm,sex_m,age_10yrbands_y35_44,mts_details_sgle,2014,86.332
gtm,sex_m,age_10yrbands_y35_44,mts_details_sgle,2015,78.217
gtm,sex_m,age_10yrbands_y35_44,mts_details_sgle,2016,85.121
gtm,sex_m,age_10yrbands_y35_44,mts_details_sgle,2017,84.107
gtm,sex_m,age_10yrbands_y35_44,mts_details_sgle,2018,90.945
gtm,sex_m,age_10yrbands_y35_44,mts_details_sgle,2019,89.901
gtm,sex_m,age_10yrbands_y35_44,mts_details_sgle,2021,84.08
gtm,sex_m,age_10yrbands_y35_44,mts_details_sgle,2022,84.82
gtm,sex_m,age_10yrbands_y35_44,mts_details_sgle,2023,84.189
gtm,sex_m,age_10yrbands_y35_44,mts_details_total,2002,96.463
gtm,sex_m,age_10yrbands_y35_44,mts_details_total,2003,96.379
gtm,sex_m,age_10yrbands_y35_44,mts_details_total,2004,94.515
gtm,sex_m,age_10yrbands_y35_44,mts_details_total,2006,97.384
gtm,sex_m,age_10yrbands_y35_44,mts_details_total,2010,90.342
gtm,sex_m,age_10yrbands_y35_44,mts_details_total,2011,95.436
gtm,sex_m,age_10yrbands_y35_44,mts_details_total,2012,95.974
gtm,sex_m,age_10yrbands_y35_44,mts_details_total,2013,95.173
gtm,sex_m,age_10yrbands_y35_44,mts_details_total,2014,96.882
gtm,sex_m,age_10yrbands_y35_44,mts_details_total,2015,96.38
gtm,sex_m,age_10yrbands_y35_44,mts_details_total,2016,96.656
gtm,sex_m,age_10yrbands_y35_44,mts_details_total,2017,96.713
gtm,sex_m,age_10yrbands_y35_44,mts_details_total,2018,96.722
gtm,sex_m,age_10yrbands_y35_44,mts_details_total,2019,97.349
gtm,sex_m,age_10yrbands_y35_44,mts_details_total,2021,95.999
gtm,sex_m,age_10yrbands_y35_44,mts_details_total,2022,95.183
gtm,sex_m,age_10yrbands_y35_44,mts_details_total,2023,96.128
gtm,sex_m,age_10yrbands_y35_44,mts_details_union,2002,97.136
gtm,sex_m,age_10yrbands_y35_44,mts_details_union,2003,97.673
gtm,sex_m,age_10yrbands_y35_44,mts_details_union,2004,98.488
gtm,sex_m,age_10yrbands_y35_44,mts_details_union,2006,97.8
gtm,sex_m,age_10yrbands_y35_44,mts_details_union,2010,87.787
gtm,sex_m,age_10yrbands_y35_44,mts_details_union,2011,96.774
gtm,sex_m,age_10yrbands_y35_44,mts_details_union,2012,98.303
gtm,sex_m,age_10yrbands_y35_44,mts_details_union,2013,95.543
gtm,sex_m,age_10yrbands_y35_44,mts_details_union,2014,98.231
gtm,sex_m,age_10yrbands_y35_44,mts_details_union,2015,98.931
gtm,sex_m,age_10yrbands_y35_44,mts_details_union,2016,96.987
gtm,sex_m,age_10yrbands_y35_44,mts_details_union,2017,98.561
gtm,sex_m,age_10yrbands_y35_44,mts_details_union,2018,97.444
gtm,sex_m,age_10yrbands_y35_44,mts_details_union,2019,98.276
gtm,sex_m,age_10yrbands_y35_44,mts_details_union,2021,98.329
gtm,sex_m,age_10yrbands_y35_44,mts_details_union,2022,98.532
gtm,sex_m,age_10yrbands_y35_44,mts_details_union,2023,98.042
gtm,sex_m,age_10yrbands_y35_44,mts_details_wid,2002,79.027
gtm,sex_m,age_10yrbands_y35_44,mts_details_wid,2003,97.266
gtm,sex_m,age_10yrbands_y35_44,mts_details_wid,2004,98.663
gtm,sex_m,age_10yrbands_y35_44,mts_details_wid,2006,88.369
gtm,sex_m,age_10yrbands_y35_44,mts_details_wid,2013,100
gtm,sex_m,age_10yrbands_y35_44,mts_details_wid,2014,100
gtm,sex_m,age_10yrbands_y35_44,mts_details_wid,2015,100
gtm,sex_m,age_10yrbands_y35_44,mts_details_wid,2016,98.049
gtm,sex_m,age_10yrbands_y35_44,mts_details_wid,2017,95.693
gtm,sex_m,age_10yrbands_y35_44,mts_details_wid,2018,100
gtm,sex_m,age_10yrbands_y35_44,mts_details_wid,2019,84.359
gtm,sex_m,age_10yrbands_y35_44,mts_details_wid,2021,100
gtm,sex_m,age_10yrbands_y35_44,mts_details_wid,2022,100
gtm,sex_m,age_10yrbands_y35_44,mts_details_wid,2023,100
gtm,sex_m,age_10yrbands_y45_54,mts_aggregate_1,2002,80.18
gtm,sex_m,age_10yrbands_y45_54,mts_aggregate_1,2003,78.619
gtm,sex_m,age_10yrbands_y45_54,mts_aggregate_1,2004,91.426
gtm,sex_m,age_10yrbands_y45_54,mts_aggregate_1,2006,92.426
gtm,sex_m,age_10yrbands_y45_54,mts_aggregate_1,2010,82.492
gtm,sex_m,age_10yrbands_y45_54,mts_aggregate_1,2011,86.82
gtm,sex_m,age_10yrbands_y45_54,mts_aggregate_1,2012,87.913
gtm,sex_m,age_10yrbands_y45_54,mts_aggregate_1,2013,83.315
gtm,sex_m,age_10yrbands_y45_54,mts_aggregate_1,2014,82.719
gtm,sex_m,age_10yrbands_y45_54,mts_aggregate_1,2015,84.784
gtm,sex_m,age_10yrbands_y45_54,mts_aggregate_1,2016,88.702
gtm,sex_m,age_10yrbands_y45_54,mts_aggregate_1,2017,85.954
gtm,sex_m,age_10yrbands_y45_54,mts_aggregate_1,2018,89.563
gtm,sex_m,age_10yrbands_y45_54,mts_aggregate_1,2019,81.845
gtm,sex_m,age_10yrbands_y45_54,mts_aggregate_1,2021,83.141
gtm,sex_m,age_10yrbands_y45_54,mts_aggregate_1,2022,89.63
gtm,sex_m,age_10yrbands_y45_54,mts_aggregate_1,2023,89.74
gtm,sex_m,age_10yrbands_y45_54,mts_aggregate_2,2002,95.686
gtm,sex_m,age_10yrbands_y45_54,mts_aggregate_2,2003,95.926
gtm,sex_m,age_10yrbands_y45_54,mts_aggregate_2,2004,94.057
gtm,sex_m,age_10yrbands_y45_54,mts_aggregate_2,2006,96.482
gtm,sex_m,age_10yrbands_y45_54,mts_aggregate_2,2010,90.918
gtm,sex_m,age_10yrbands_y45_54,mts_aggregate_2,2011,93.643
gtm,sex_m,age_10yrbands_y45_54,mts_aggregate_2,2012,95.765
gtm,sex_m,age_10yrbands_y45_54,mts_aggregate_2,2013,95.186
gtm,sex_m,age_10yrbands_y45_54,mts_aggregate_2,2014,94.318
gtm,sex_m,age_10yrbands_y45_54,mts_aggregate_2,2015,96.604
gtm,sex_m,age_10yrbands_y45_54,mts_aggregate_2,2016,95.499
gtm,sex_m,age_10yrbands_y45_54,mts_aggregate_2,2017,95.442
gtm,sex_m,age_10yrbands_y45_54,mts_aggregate_2,2018,96.485
gtm,sex_m,age_10yrbands_y45_54,mts_aggregate_2,2019,96.284
gtm,sex_m,age_10yrbands_y45_54,mts_aggregate_2,2021,96.258
gtm,sex_m,age_10yrbands_y45_54,mts_aggregate_2,2022,93.324
gtm,sex_m,age_10yrbands_y45_54,mts_aggregate_2,2023,96.45
gtm,sex_m,age_10yrbands_y45_54,mts_aggregate_total,2002,93.644
gtm,sex_m,age_10yrbands_y45_54,mts_aggregate_total,2003,94.348
gtm,sex_m,age_10yrbands_y45_54,mts_aggregate_total,2004,91.122
gtm,sex_m,age_10yrbands_y45_54,mts_aggregate_total,2006,96.041
gtm,sex_m,age_10yrbands_y45_54,mts_aggregate_total,2010,89.577
gtm,sex_m,age_10yrbands_y45_54,mts_aggregate_total,2011,92.698
gtm,sex_m,age_10yrbands_y45_54,mts_aggregate_total,2012,94.881
gtm,sex_m,age_10yrbands_y45_54,mts_aggregate_total,2013,93.794
gtm,sex_m,age_10yrbands_y45_54,mts_aggregate_total,2014,92.75
gtm,sex_m,age_10yrbands_y45_54,mts_aggregate_total,2015,95.317
gtm,sex_m,age_10yrbands_y45_54,mts_aggregate_total,2016,94.762
gtm,sex_m,age_10yrbands_y45_54,mts_aggregate_total,2017,94.233
gtm,sex_m,age_10yrbands_y45_54,mts_aggregate_total,2018,95.657
gtm,sex_m,age_10yrbands_y45_54,mts_aggregate_total,2019,94.684
gtm,sex_m,age_10yrbands_y45_54,mts_aggregate_total,2021,94.57
gtm,sex_m,age_10yrbands_y45_54,mts_aggregate_total,2022,92.881
gtm,sex_m,age_10yrbands_y45_54,mts_aggregate_total,2023,95.67
gtm,sex_m,age_10yrbands_y45_54,mts_details_mrd,2002,95.412
gtm,sex_m,age_10yrbands_y45_54,mts_details_mrd,2003,95.549
gtm,sex_m,age_10yrbands_y45_54,mts_details_mrd,2004,94.233
gtm,sex_m,age_10yrbands_y45_54,mts_details_mrd,2006,95.679
gtm,sex_m,age_10yrbands_y45_54,mts_details_mrd,2010,92.7
gtm,sex_m,age_10yrbands_y45_54,mts_details_mrd,2011,94.54
gtm,sex_m,age_10yrbands_y45_54,mts_details_mrd,2012,95.478
gtm,sex_m,age_10yrbands_y45_54,mts_details_mrd,2013,94.881
gtm,sex_m,age_10yrbands_y45_54,mts_details_mrd,2014,94.602
gtm,sex_m,age_10yrbands_y45_54,mts_details_mrd,2015,96.645
gtm,sex_m,age_10yrbands_y45_54,mts_details_mrd,2016,95.319
gtm,sex_m,age_10yrbands_y45_54,mts_details_mrd,2017,95.468
gtm,sex_m,age_10yrbands_y45_54,mts_details_mrd,2018,96.562
gtm,sex_m,age_10yrbands_y45_54,mts_details_mrd,2019,96.321
gtm,sex_m,age_10yrbands_y45_54,mts_details_mrd,2021,96.029
gtm,sex_m,age_10yrbands_y45_54,mts_details_mrd,2022,92.619
gtm,sex_m,age_10yrbands_y45_54,mts_details_mrd,2023,96.554
gtm,sex_m,age_10yrbands_y45_54,mts_details_sep,2002,82.674
gtm,sex_m,age_10yrbands_y45_54,mts_details_sep,2003,81.493
gtm,sex_m,age_10yrbands_y45_54,mts_details_sep,2004,98.064
gtm,sex_m,age_10yrbands_y45_54,mts_details_sep,2006,92.726
gtm,sex_m,age_10yrbands_y45_54,mts_details_sep,2010,83.887
gtm,sex_m,age_10yrbands_y45_54,mts_details_sep,2011,86.446
gtm,sex_m,age_10yrbands_y45_54,mts_details_sep,2012,90.793
gtm,sex_m,age_10yrbands_y45_54,mts_details_sep,2013,95.139
gtm,sex_m,age_10yrbands_y45_54,mts_details_sep,2014,89.786
gtm,sex_m,age_10yrbands_y45_54,mts_details_sep,2015,90.502
gtm,sex_m,age_10yrbands_y45_54,mts_details_sep,2016,88.987
gtm,sex_m,age_10yrbands_y45_54,mts_details_sep,2017,91.103
gtm,sex_m,age_10yrbands_y45_54,mts_details_sep,2018,94.269
gtm,sex_m,age_10yrbands_y45_54,mts_details_sep,2019,85.247
gtm,sex_m,age_10yrbands_y45_54,mts_details_sep,2021,84.435
gtm,sex_m,age_10yrbands_y45_54,mts_details_sep,2022,92.843
gtm,sex_m,age_10yrbands_y45_54,mts_details_sep,2023,94.25
gtm,sex_m,age_10yrbands_y45_54,mts_details_sgle,2002,77.16
gtm,sex_m,age_10yrbands_y45_54,mts_details_sgle,2003,76.617
gtm,sex_m,age_10yrbands_y45_54,mts_details_sgle,2004,84.106
gtm,sex_m,age_10yrbands_y45_54,mts_details_sgle,2006,93.183
gtm,sex_m,age_10yrbands_y45_54,mts_details_sgle,2010,77.688
gtm,sex_m,age_10yrbands_y45_54,mts_details_sgle,2011,75.123
gtm,sex_m,age_10yrbands_y45_54,mts_details_sgle,2012,86.326
gtm,sex_m,age_10yrbands_y45_54,mts_details_sgle,2013,78.46
gtm,sex_m,age_10yrbands_y45_54,mts_details_sgle,2014,72.996
gtm,sex_m,age_10yrbands_y45_54,mts_details_sgle,2015,78.85
gtm,sex_m,age_10yrbands_y45_54,mts_details_sgle,2016,87.614
gtm,sex_m,age_10yrbands_y45_54,mts_details_sgle,2017,77.837
gtm,sex_m,age_10yrbands_y45_54,mts_details_sgle,2018,84.344
gtm,sex_m,age_10yrbands_y45_54,mts_details_sgle,2019,76.904
gtm,sex_m,age_10yrbands_y45_54,mts_details_sgle,2021,77.925
gtm,sex_m,age_10yrbands_y45_54,mts_details_sgle,2022,88.524
gtm,sex_m,age_10yrbands_y45_54,mts_details_sgle,2023,84.864
gtm,sex_m,age_10yrbands_y45_54,mts_details_total,2002,93.644
gtm,sex_m,age_10yrbands_y45_54,mts_details_total,2003,94.348
gtm,sex_m,age_10yrbands_y45_54,mts_details_total,2004,91.122
gtm,sex_m,age_10yrbands_y45_54,mts_details_total,2006,96.041
gtm,sex_m,age_10yrbands_y45_54,mts_details_total,2010,89.577
gtm,sex_m,age_10yrbands_y45_54,mts_details_total,2011,92.698
gtm,sex_m,age_10yrbands_y45_54,mts_details_total,2012,94.881
gtm,sex_m,age_10yrbands_y45_54,mts_details_total,2013,93.794
gtm,sex_m,age_10yrbands_y45_54,mts_details_total,2014,92.75
gtm,sex_m,age_10yrbands_y45_54,mts_details_total,2015,95.317
gtm,sex_m,age_10yrbands_y45_54,mts_details_total,2016,94.762
gtm,sex_m,age_10yrbands_y45_54,mts_details_total,2017,94.233
gtm,sex_m,age_10yrbands_y45_54,mts_details_total,2018,95.657
gtm,sex_m,age_10yrbands_y45_54,mts_details_total,2019,94.684
gtm,sex_m,age_10yrbands_y45_54,mts_details_total,2021,94.57
gtm,sex_m,age_10yrbands_y45_54,mts_details_total,2022,92.881
gtm,sex_m,age_10yrbands_y45_54,mts_details_total,2023,95.67
gtm,sex_m,age_10yrbands_y45_54,mts_details_union,2002,96.545
gtm,sex_m,age_10yrbands_y45_54,mts_details_union,2003,97.221
gtm,sex_m,age_10yrbands_y45_54,mts_details_union,2004,93.623
gtm,sex_m,age_10yrbands_y45_54,mts_details_union,2006,96.844
gtm,sex_m,age_10yrbands_y45_54,mts_details_union,2010,86.864
gtm,sex_m,age_10yrbands_y45_54,mts_details_union,2011,91.405
gtm,sex_m,age_10yrbands_y45_54,mts_details_union,2012,96.494
gtm,sex_m,age_10yrbands_y45_54,mts_details_union,2013,95.993
gtm,sex_m,age_10yrbands_y45_54,mts_details_union,2014,93.421
gtm,sex_m,age_10yrbands_y45_54,mts_details_union,2015,96.493
gtm,sex_m,age_10yrbands_y45_54,mts_details_union,2016,95.937
gtm,sex_m,age_10yrbands_y45_54,mts_details_union,2017,95.376
gtm,sex_m,age_10yrbands_y45_54,mts_details_union,2018,96.283
gtm,sex_m,age_10yrbands_y45_54,mts_details_union,2019,96.169
gtm,sex_m,age_10yrbands_y45_54,mts_details_union,2021,96.893
gtm,sex_m,age_10yrbands_y45_54,mts_details_union,2022,95.294
gtm,sex_m,age_10yrbands_y45_54,mts_details_union,2023,96.195
gtm,sex_m,age_10yrbands_y45_54,mts_details_wid,2002,92.213
gtm,sex_m,age_10yrbands_y45_54,mts_details_wid,2003,84.944
gtm,sex_m,age_10yrbands_y45_54,mts_details_wid,2004,95.562
gtm,sex_m,age_10yrbands_y45_54,mts_details_wid,2006,89.258
gtm,sex_m,age_10yrbands_y45_54,mts_details_wid,2010,96.512
gtm,sex_m,age_10yrbands_y45_54,mts_details_wid,2011,97.123
gtm,sex_m,age_10yrbands_y45_54,mts_details_wid,2012,85.763
gtm,sex_m,age_10yrbands_y45_54,mts_details_wid,2013,83.658
gtm,sex_m,age_10yrbands_y45_54,mts_details_wid,2014,93.662
gtm,sex_m,age_10yrbands_y45_54,mts_details_wid,2015,89.004
gtm,sex_m,age_10yrbands_y45_54,mts_details_wid,2016,91.379
gtm,sex_m,age_10yrbands_y45_54,mts_details_wid,2017,93.887
gtm,sex_m,age_10yrbands_y45_54,mts_details_wid,2018,93.864
gtm,sex_m,age_10yrbands_y45_54,mts_details_wid,2019,95.443
gtm,sex_m,age_10yrbands_y45_54,mts_details_wid,2021,97.282
gtm,sex_m,age_10yrbands_y45_54,mts_details_wid,2022,81.199
gtm,sex_m,age_10yrbands_y45_54,mts_details_wid,2023,94.024
gtm,sex_m,age_10yrbands_y55_64,mts_aggregate_1,2002,77.716
gtm,sex_m,age_10yrbands_y55_64,mts_aggregate_1,2003,69.324
gtm,sex_m,age_10yrbands_y55_64,mts_aggregate_1,2004,87.268
gtm,sex_m,age_10yrbands_y55_64,mts_aggregate_1,2006,81.536
gtm,sex_m,age_10yrbands_y55_64,mts_aggregate_1,2010,75.784
gtm,sex_m,age_10yrbands_y55_64,mts_aggregate_1,2011,77.839
gtm,sex_m,age_10yrbands_y55_64,mts_aggregate_1,2012,79.669
gtm,sex_m,age_10yrbands_y55_64,mts_aggregate_1,2013,75.921
gtm,sex_m,age_10yrbands_y55_64,mts_aggregate_1,2014,69.649
gtm,sex_m,age_10yrbands_y55_64,mts_aggregate_1,2015,84.585
gtm,sex_m,age_10yrbands_y55_64,mts_aggregate_1,2016,75.088
gtm,sex_m,age_10yrbands_y55_64,mts_aggregate_1,2017,81.052
gtm,sex_m,age_10yrbands_y55_64,mts_aggregate_1,2018,82.413
gtm,sex_m,age_10yrbands_y55_64,mts_aggregate_1,2019,73.472
gtm,sex_m,age_10yrbands_y55_64,mts_aggregate_1,2021,76.225
gtm,sex_m,age_10yrbands_y55_64,mts_aggregate_1,2022,65.463
gtm,sex_m,age_10yrbands_y55_64,mts_aggregate_1,2023,85.982
gtm,sex_m,age_10yrbands_y55_64,mts_aggregate_2,2002,91.401
gtm,sex_m,age_10yrbands_y55_64,mts_aggregate_2,2003,87.876
gtm,sex_m,age_10yrbands_y55_64,mts_aggregate_2,2004,93.702
gtm,sex_m,age_10yrbands_y55_64,mts_aggregate_2,2006,93.577
gtm,sex_m,age_10yrbands_y55_64,mts_aggregate_2,2010,83.496
gtm,sex_m,age_10yrbands_y55_64,mts_aggregate_2,2011,89.734
gtm,sex_m,age_10yrbands_y55_64,mts_aggregate_2,2012,92.551
gtm,sex_m,age_10yrbands_y55_64,mts_aggregate_2,2013,90.03
gtm,sex_m,age_10yrbands_y55_64,mts_aggregate_2,2014,90.118
gtm,sex_m,age_10yrbands_y55_64,mts_aggregate_2,2015,88.986
gtm,sex_m,age_10yrbands_y55_64,mts_aggregate_2,2016,86.335
gtm,sex_m,age_10yrbands_y55_64,mts_aggregate_2,2017,90.851
gtm,sex_m,age_10yrbands_y55_64,mts_aggregate_2,2018,89.738
gtm,sex_m,age_10yrbands_y55_64,mts_aggregate_2,2019,87.407
gtm,sex_m,age_10yrbands_y55_64,mts_aggregate_2,2021,90.557
gtm,sex_m,age_10yrbands_y55_64,mts_aggregate_2,2022,85.526
gtm,sex_m,age_10yrbands_y55_64,mts_aggregate_2,2023,90.278
gtm,sex_m,age_10yrbands_y55_64,mts_aggregate_total,2002,89.474
gtm,sex_m,age_10yrbands_y55_64,mts_aggregate_total,2003,85.65
gtm,sex_m,age_10yrbands_y55_64,mts_aggregate_total,2004,90.719
gtm,sex_m,age_10yrbands_y55_64,mts_aggregate_total,2006,91.954
gtm,sex_m,age_10yrbands_y55_64,mts_aggregate_total,2010,82.26
gtm,sex_m,age_10yrbands_y55_64,mts_aggregate_total,2011,87.353
gtm,sex_m,age_10yrbands_y55_64,mts_aggregate_total,2012,90.645
gtm,sex_m,age_10yrbands_y55_64,mts_aggregate_total,2013,88.147
gtm,sex_m,age_10yrbands_y55_64,mts_aggregate_total,2014,87.451
gtm,sex_m,age_10yrbands_y55_64,mts_aggregate_total,2015,88.329
gtm,sex_m,age_10yrbands_y55_64,mts_aggregate_total,2016,84.843
gtm,sex_m,age_10yrbands_y55_64,mts_aggregate_total,2017,89.563
gtm,sex_m,age_10yrbands_y55_64,mts_aggregate_total,2018,88.73
gtm,sex_m,age_10yrbands_y55_64,mts_aggregate_total,2019,85.574
gtm,sex_m,age_10yrbands_y55_64,mts_aggregate_total,2021,88.488
gtm,sex_m,age_10yrbands_y55_64,mts_aggregate_total,2022,83.039
gtm,sex_m,age_10yrbands_y55_64,mts_aggregate_total,2023,89.574
gtm,sex_m,age_10yrbands_y55_64,mts_details_mrd,2002,90.472
gtm,sex_m,age_10yrbands_y55_64,mts_details_mrd,2003,89.064
gtm,sex_m,age_10yrbands_y55_64,mts_details_mrd,2004,92.062
gtm,sex_m,age_10yrbands_y55_64,mts_details_mrd,2006,97
gtm,sex_m,age_10yrbands_y55_64,mts_details_mrd,2010,83.24
gtm,sex_m,age_10yrbands_y55_64,mts_details_mrd,2011,88.199
gtm,sex_m,age_10yrbands_y55_64,mts_details_mrd,2012,91.265
gtm,sex_m,age_10yrbands_y55_64,mts_details_mrd,2013,88.599
gtm,sex_m,age_10yrbands_y55_64,mts_details_mrd,2014,90.054
gtm,sex_m,age_10yrbands_y55_64,mts_details_mrd,2015,88.79
gtm,sex_m,age_10yrbands_y55_64,mts_details_mrd,2016,85.068
gtm,sex_m,age_10yrbands_y55_64,mts_details_mrd,2017,90.624
gtm,sex_m,age_10yrbands_y55_64,mts_details_mrd,2018,89.522
gtm,sex_m,age_10yrbands_y55_64,mts_details_mrd,2019,86.75
gtm,sex_m,age_10yrbands_y55_64,mts_details_mrd,2021,89.836
gtm,sex_m,age_10yrbands_y55_64,mts_details_mrd,2022,84.587
gtm,sex_m,age_10yrbands_y55_64,mts_details_mrd,2023,90.077
gtm,sex_m,age_10yrbands_y55_64,mts_details_sep,2002,83.866
gtm,sex_m,age_10yrbands_y55_64,mts_details_sep,2004,88.452
gtm,sex_m,age_10yrbands_y55_64,mts_details_sep,2006,70.668
gtm,sex_m,age_10yrbands_y55_64,mts_details_sep,2010,85.095
gtm,sex_m,age_10yrbands_y55_64,mts_details_sep,2011,77.939
gtm,sex_m,age_10yrbands_y55_64,mts_details_sep,2012,77.286
gtm,sex_m,age_10yrbands_y55_64,mts_details_sep,2013,83.242
gtm,sex_m,age_10yrbands_y55_64,mts_details_sep,2014,73.286
gtm,sex_m,age_10yrbands_y55_64,mts_details_sep,2015,89.543
gtm,sex_m,age_10yrbands_y55_64,mts_details_sep,2016,76.098
gtm,sex_m,age_10yrbands_y55_64,mts_details_sep,2017,85.849
gtm,sex_m,age_10yrbands_y55_64,mts_details_sep,2018,86.189
gtm,sex_m,age_10yrbands_y55_64,mts_details_sep,2019,72.418
gtm,sex_m,age_10yrbands_y55_64,mts_details_sep,2021,82.687
gtm,sex_m,age_10yrbands_y55_64,mts_details_sep,2022,62.642
gtm,sex_m,age_10yrbands_y55_64,mts_details_sep,2023,81.514
gtm,sex_m,age_10yrbands_y55_64,mts_details_sgle,2002,73.104
gtm,sex_m,age_10yrbands_y55_64,mts_details_sgle,2003,83.95
gtm,sex_m,age_10yrbands_y55_64,mts_details_sgle,2004,88.781
gtm,sex_m,age_10yrbands_y55_64,mts_details_sgle,2006,83.887
gtm,sex_m,age_10yrbands_y55_64,mts_details_sgle,2010,67.817
gtm,sex_m,age_10yrbands_y55_64,mts_details_sgle,2011,82.193
gtm,sex_m,age_10yrbands_y55_64,mts_details_sgle,2012,88.011
gtm,sex_m,age_10yrbands_y55_64,mts_details_sgle,2013,68.612
gtm,sex_m,age_10yrbands_y55_64,mts_details_sgle,2014,58.61
gtm,sex_m,age_10yrbands_y55_64,mts_details_sgle,2015,75.106
gtm,sex_m,age_10yrbands_y55_64,mts_details_sgle,2016,76.011
gtm,sex_m,age_10yrbands_y55_64,mts_details_sgle,2017,78.262
gtm,sex_m,age_10yrbands_y55_64,mts_details_sgle,2018,79.908
gtm,sex_m,age_10yrbands_y55_64,mts_details_sgle,2019,72.962
gtm,sex_m,age_10yrbands_y55_64,mts_details_sgle,2021,64.49
gtm,sex_m,age_10yrbands_y55_64,mts_details_sgle,2022,57.382
gtm,sex_m,age_10yrbands_y55_64,mts_details_sgle,2023,85.499
gtm,sex_m,age_10yrbands_y55_64,mts_details_total,2002,89.474
gtm,sex_m,age_10yrbands_y55_64,mts_details_total,2003,85.65
gtm,sex_m,age_10yrbands_y55_64,mts_details_total,2004,90.719
gtm,sex_m,age_10yrbands_y55_64,mts_details_total,2006,91.954
gtm,sex_m,age_10yrbands_y55_64,mts_details_total,2010,82.26
gtm,sex_m,age_10yrbands_y55_64,mts_details_total,2011,87.353
gtm,sex_m,age_10yrbands_y55_64,mts_details_total,2012,90.645
gtm,sex_m,age_10yrbands_y55_64,mts_details_total,2013,88.147
gtm,sex_m,age_10yrbands_y55_64,mts_details_total,2014,87.451
gtm,sex_m,age_10yrbands_y55_64,mts_details_total,2015,88.329
gtm,sex_m,age_10yrbands_y55_64,mts_details_total,2016,84.843
gtm,sex_m,age_10yrbands_y55_64,mts_details_total,2017,89.563
gtm,sex_m,age_10yrbands_y55_64,mts_details_total,2018,88.73
gtm,sex_m,age_10yrbands_y55_64,mts_details_total,2019,85.574
gtm,sex_m,age_10yrbands_y55_64,mts_details_total,2021,88.488
gtm,sex_m,age_10yrbands_y55_64,mts_details_total,2022,83.039
gtm,sex_m,age_10yrbands_y55_64,mts_details_total,2023,89.574
gtm,sex_m,age_10yrbands_y55_64,mts_details_union,2002,94.299
gtm,sex_m,age_10yrbands_y55_64,mts_details_union,2003,84.314
gtm,sex_m,age_10yrbands_y55_64,mts_details_union,2004,98.109
gtm,sex_m,age_10yrbands_y55_64,mts_details_union,2006,92.306
gtm,sex_m,age_10yrbands_y55_64,mts_details_union,2010,84.112
gtm,sex_m,age_10yrbands_y55_64,mts_details_union,2011,93.77
gtm,sex_m,age_10yrbands_y55_64,mts_details_union,2012,96.125
gtm,sex_m,age_10yrbands_y55_64,mts_details_union,2013,93.791
gtm,sex_m,age_10yrbands_y55_64,mts_details_union,2014,90.36
gtm,sex_m,age_10yrbands_y55_64,mts_details_union,2015,89.628
gtm,sex_m,age_10yrbands_y55_64,mts_details_union,2016,89.879
gtm,sex_m,age_10yrbands_y55_64,mts_details_union,2017,91.676
gtm,sex_m,age_10yrbands_y55_64,mts_details_union,2018,90.479
gtm,sex_m,age_10yrbands_y55_64,mts_details_union,2019,89.831
gtm,sex_m,age_10yrbands_y55_64,mts_details_union,2021,92.972
gtm,sex_m,age_10yrbands_y55_64,mts_details_union,2022,89.327
gtm,sex_m,age_10yrbands_y55_64,mts_details_union,2023,90.915
gtm,sex_m,age_10yrbands_y55_64,mts_details_wid,2002,79.428
gtm,sex_m,age_10yrbands_y55_64,mts_details_wid,2003,53.551
gtm,sex_m,age_10yrbands_y55_64,mts_details_wid,2004,85.432
gtm,sex_m,age_10yrbands_y55_64,mts_details_wid,2006,90.901
gtm,sex_m,age_10yrbands_y55_64,mts_details_wid,2010,79.556
gtm,sex_m,age_10yrbands_y55_64,mts_details_wid,2011,74.395
gtm,sex_m,age_10yrbands_y55_64,mts_details_wid,2012,75.562
gtm,sex_m,age_10yrbands_y55_64,mts_details_wid,2013,78.338
gtm,sex_m,age_10yrbands_y55_64,mts_details_wid,2014,72.616
gtm,sex_m,age_10yrbands_y55_64,mts_details_wid,2015,85.787
gtm,sex_m,age_10yrbands_y55_64,mts_details_wid,2016,73.467
gtm,sex_m,age_10yrbands_y55_64,mts_details_wid,2017,79.092
gtm,sex_m,age_10yrbands_y55_64,mts_details_wid,2018,81.701
gtm,sex_m,age_10yrbands_y55_64,mts_details_wid,2019,74.606
gtm,sex_m,age_10yrbands_y55_64,mts_details_wid,2021,77.882
gtm,sex_m,age_10yrbands_y55_64,mts_details_wid,2022,78.936
gtm,sex_m,age_10yrbands_y55_64,mts_details_wid,2023,90.286
gtm,sex_m,age_10yrbands_yge65,mts_aggregate_1,2002,63.876
gtm,sex_m,age_10yrbands_yge65,mts_aggregate_1,2003,51.259
gtm,sex_m,age_10yrbands_yge65,mts_aggregate_1,2004,45.392
gtm,sex_m,age_10yrbands_yge65,mts_aggregate_1,2006,54.507
gtm,sex_m,age_10yrbands_yge65,mts_aggregate_1,2010,46.645
gtm,sex_m,age_10yrbands_yge65,mts_aggregate_1,2011,55.566
gtm,sex_m,age_10yrbands_yge65,mts_aggregate_1,2012,53.009
gtm,sex_m,age_10yrbands_yge65,mts_aggregate_1,2013,42.226
gtm,sex_m,age_10yrbands_yge65,mts_aggregate_1,2014,46.188
gtm,sex_m,age_10yrbands_yge65,mts_aggregate_1,2015,44.474
gtm,sex_m,age_10yrbands_yge65,mts_aggregate_1,2016,42.369
gtm,sex_m,age_10yrbands_yge65,mts_aggregate_1,2017,45.543
gtm,sex_m,age_10yrbands_yge65,mts_aggregate_1,2018,44.17
gtm,sex_m,age_10yrbands_yge65,mts_aggregate_1,2019,44.019
gtm,sex_m,age_10yrbands_yge65,mts_aggregate_1,2021,47.591
gtm,sex_m,age_10yrbands_yge65,mts_aggregate_1,2022,44.751
gtm,sex_m,age_10yrbands_yge65,mts_aggregate_1,2023,48.812
gtm,sex_m,age_10yrbands_yge65,mts_aggregate_2,2002,73.378
gtm,sex_m,age_10yrbands_yge65,mts_aggregate_2,2003,69.73
gtm,sex_m,age_10yrbands_yge65,mts_aggregate_2,2004,73.4
gtm,sex_m,age_10yrbands_yge65,mts_aggregate_2,2006,70.244
gtm,sex_m,age_10yrbands_yge65,mts_aggregate_2,2010,64.646
gtm,sex_m,age_10yrbands_yge65,mts_aggregate_2,2011,64.105
gtm,sex_m,age_10yrbands_yge65,mts_aggregate_2,2012,69.606
gtm,sex_m,age_10yrbands_yge65,mts_aggregate_2,2013,61.043
gtm,sex_m,age_10yrbands_yge65,mts_aggregate_2,2014,61.502
gtm,sex_m,age_10yrbands_yge65,mts_aggregate_2,2015,62.946
gtm,sex_m,age_10yrbands_yge65,mts_aggregate_2,2016,62.974
gtm,sex_m,age_10yrbands_yge65,mts_aggregate_2,2017,64.528
gtm,sex_m,age_10yrbands_yge65,mts_aggregate_2,2018,63.089
gtm,sex_m,age_10yrbands_yge65,mts_aggregate_2,2019,60.446
gtm,sex_m,age_10yrbands_yge65,mts_aggregate_2,2021,63.16
gtm,sex_m,age_10yrbands_yge65,mts_aggregate_2,2022,57.422
gtm,sex_m,age_10yrbands_yge65,mts_aggregate_2,2023,65.806
gtm,sex_m,age_10yrbands_yge65,mts_aggregate_total,2002,70.992
gtm,sex_m,age_10yrbands_yge65,mts_aggregate_total,2003,65.288
gtm,sex_m,age_10yrbands_yge65,mts_aggregate_total,2004,65.442
gtm,sex_m,age_10yrbands_yge65,mts_aggregate_total,2006,66.305
gtm,sex_m,age_10yrbands_yge65,mts_aggregate_total,2010,59.969
gtm,sex_m,age_10yrbands_yge65,mts_aggregate_total,2011,61.874
gtm,sex_m,age_10yrbands_yge65,mts_aggregate_total,2012,65.539
gtm,sex_m,age_10yrbands_yge65,mts_aggregate_total,2013,56.445
gtm,sex_m,age_10yrbands_yge65,mts_aggregate_total,2014,57.05
gtm,sex_m,age_10yrbands_yge65,mts_aggregate_total,2015,58.488
gtm,sex_m,age_10yrbands_yge65,mts_aggregate_total,2016,57.548
gtm,sex_m,age_10yrbands_yge65,mts_aggregate_total,2017,59.625
gtm,sex_m,age_10yrbands_yge65,mts_aggregate_total,2018,58.717
gtm,sex_m,age_10yrbands_yge65,mts_aggregate_total,2019,56.573
gtm,sex_m,age_10yrbands_yge65,mts_aggregate_total,2021,59.289
gtm,sex_m,age_10yrbands_yge65,mts_aggregate_total,2022,54.115
gtm,sex_m,age_10yrbands_yge65,mts_aggregate_total,2023,61.049
gtm,sex_m,age_10yrbands_yge65,mts_details_mrd,2002,74.929
gtm,sex_m,age_10yrbands_yge65,mts_details_mrd,2003,71.007
gtm,sex_m,age_10yrbands_yge65,mts_details_mrd,2004,72.064
gtm,sex_m,age_10yrbands_yge65,mts_details_mrd,2006,74.059
gtm,sex_m,age_10yrbands_yge65,mts_details_mrd,2010,63.303
gtm,sex_m,age_10yrbands_yge65,mts_details_mrd,2011,65.045
gtm,sex_m,age_10yrbands_yge65,mts_details_mrd,2012,68.125
gtm,sex_m,age_10yrbands_yge65,mts_details_mrd,2013,58.627
gtm,sex_m,age_10yrbands_yge65,mts_details_mrd,2014,60.996
gtm,sex_m,age_10yrbands_yge65,mts_details_mrd,2015,61.111
gtm,sex_m,age_10yrbands_yge65,mts_details_mrd,2016,62.06
gtm,sex_m,age_10yrbands_yge65,mts_details_mrd,2017,63.69
gtm,sex_m,age_10yrbands_yge65,mts_details_mrd,2018,60.545
gtm,sex_m,age_10yrbands_yge65,mts_details_mrd,2019,58.483
gtm,sex_m,age_10yrbands_yge65,mts_details_mrd,2021,61.102
gtm,sex_m,age_10yrbands_yge65,mts_details_mrd,2022,55.381
gtm,sex_m,age_10yrbands_yge65,mts_details_mrd,2023,64.322
gtm,sex_m,age_10yrbands_yge65,mts_details_sep,2002,48.575
gtm,sex_m,age_10yrbands_yge65,mts_details_sep,2003,43.651
gtm,sex_m,age_10yrbands_yge65,mts_details_sep,2004,41.124
gtm,sex_m,age_10yrbands_yge65,mts_details_sep,2006,54.759
gtm,sex_m,age_10yrbands_yge65,mts_details_sep,2010,66.277
gtm,sex_m,age_10yrbands_yge65,mts_details_sep,2011,55.073
gtm,sex_m,age_10yrbands_yge65,mts_details_sep,2012,43.217
gtm,sex_m,age_10yrbands_yge65,mts_details_sep,2013,35.772
gtm,sex_m,age_10yrbands_yge65,mts_details_sep,2014,64.836
gtm,sex_m,age_10yrbands_yge65,mts_details_sep,2015,61.98
gtm,sex_m,age_10yrbands_yge65,mts_details_sep,2016,63.386
gtm,sex_m,age_10yrbands_yge65,mts_details_sep,2017,49.426
gtm,sex_m,age_10yrbands_yge65,mts_details_sep,2018,60.867
gtm,sex_m,age_10yrbands_yge65,mts_details_sep,2019,49.838
gtm,sex_m,age_10yrbands_yge65,mts_details_sep,2021,39.263
gtm,sex_m,age_10yrbands_yge65,mts_details_sep,2022,50.907
gtm,sex_m,age_10yrbands_yge65,mts_details_sep,2023,56.01
gtm,sex_m,age_10yrbands_yge65,mts_details_sgle,2002,54.766
gtm,sex_m,age_10yrbands_yge65,mts_details_sgle,2003,57.435
gtm,sex_m,age_10yrbands_yge65,mts_details_sgle,2004,79.033
gtm,sex_m,age_10yrbands_yge65,mts_details_sgle,2006,50.214
gtm,sex_m,age_10yrbands_yge65,mts_details_sgle,2010,45.742
gtm,sex_m,age_10yrbands_yge65,mts_details_sgle,2011,37.933
gtm,sex_m,age_10yrbands_yge65,mts_details_sgle,2012,57.794
gtm,sex_m,age_10yrbands_yge65,mts_details_sgle,2013,37.864
gtm,sex_m,age_10yrbands_yge65,mts_details_sgle,2014,55.239
gtm,sex_m,age_10yrbands_yge65,mts_details_sgle,2015,60.554
gtm,sex_m,age_10yrbands_yge65,mts_details_sgle,2016,52.977
gtm,sex_m,age_10yrbands_yge65,mts_details_sgle,2017,53.934
gtm,sex_m,age_10yrbands_yge65,mts_details_sgle,2018,44.109
gtm,sex_m,age_10yrbands_yge65,mts_details_sgle,2019,36.499
gtm,sex_m,age_10yrbands_yge65,mts_details_sgle,2021,56.344
gtm,sex_m,age_10yrbands_yge65,mts_details_sgle,2022,49.364
gtm,sex_m,age_10yrbands_yge65,mts_details_sgle,2023,52.711
gtm,sex_m,age_10yrbands_yge65,mts_details_total,2002,70.992
gtm,sex_m,age_10yrbands_yge65,mts_details_total,2003,65.288
gtm,sex_m,age_10yrbands_yge65,mts_details_total,2004,65.442
gtm,sex_m,age_10yrbands_yge65,mts_details_total,2006,66.305
gtm,sex_m,age_10yrbands_yge65,mts_details_total,2010,59.969
gtm,sex_m,age_10yrbands_yge65,mts_details_total,2011,61.874
gtm,sex_m,age_10yrbands_yge65,mts_details_total,2012,65.539
gtm,sex_m,age_10yrbands_yge65,mts_details_total,2013,56.445
gtm,sex_m,age_10yrbands_yge65,mts_details_total,2014,57.05
gtm,sex_m,age_10yrbands_yge65,mts_details_total,2015,58.488
gtm,sex_m,age_10yrbands_yge65,mts_details_total,2016,57.548
gtm,sex_m,age_10yrbands_yge65,mts_details_total,2017,59.625
gtm,sex_m,age_10yrbands_yge65,mts_details_total,2018,58.717
gtm,sex_m,age_10yrbands_yge65,mts_details_total,2019,56.573
gtm,sex_m,age_10yrbands_yge65,mts_details_total,2021,59.289
gtm,sex_m,age_10yrbands_yge65,mts_details_total,2022,54.115
gtm,sex_m,age_10yrbands_yge65,mts_details_total,2023,61.049
gtm,sex_m,age_10yrbands_yge65,mts_details_union,2002,67.736
gtm,sex_m,age_10yrbands_yge65,mts_details_union,2003,66.038
gtm,sex_m,age_10yrbands_yge65,mts_details_union,2004,78.623
gtm,sex_m,age_10yrbands_yge65,mts_details_union,2006,69.07
gtm,sex_m,age_10yrbands_yge65,mts_details_union,2010,68.597
gtm,sex_m,age_10yrbands_yge65,mts_details_union,2011,60.742
gtm,sex_m,age_10yrbands_yge65,mts_details_union,2012,74.36
gtm,sex_m,age_10yrbands_yge65,mts_details_union,2013,69.004
gtm,sex_m,age_10yrbands_yge65,mts_details_union,2014,63.151
gtm,sex_m,age_10yrbands_yge65,mts_details_union,2015,70.433
gtm,sex_m,age_10yrbands_yge65,mts_details_union,2016,66.176
gtm,sex_m,age_10yrbands_yge65,mts_details_union,2017,67.404
gtm,sex_m,age_10yrbands_yge65,mts_details_union,2018,72.005
gtm,sex_m,age_10yrbands_yge65,mts_details_union,2019,68.728
gtm,sex_m,age_10yrbands_yge65,mts_details_union,2021,69.741
gtm,sex_m,age_10yrbands_yge65,mts_details_union,2022,67.99
gtm,sex_m,age_10yrbands_yge65,mts_details_union,2023,71.28
gtm,sex_m,age_10yrbands_yge65,mts_details_wid,2002,69.282
gtm,sex_m,age_10yrbands_yge65,mts_details_wid,2003,50.959
gtm,sex_m,age_10yrbands_yge65,mts_details_wid,2004,40.907
gtm,sex_m,age_10yrbands_yge65,mts_details_wid,2006,55.949
gtm,sex_m,age_10yrbands_yge65,mts_details_wid,2010,42.574
gtm,sex_m,age_10yrbands_yge65,mts_details_wid,2011,60.028
gtm,sex_m,age_10yrbands_yge65,mts_details_wid,2012,52.889
gtm,sex_m,age_10yrbands_yge65,mts_details_wid,2013,44.181
gtm,sex_m,age_10yrbands_yge65,mts_details_wid,2014,40.639
gtm,sex_m,age_10yrbands_yge65,mts_details_wid,2015,37.667
gtm,sex_m,age_10yrbands_yge65,mts_details_wid,2016,34.704
gtm,sex_m,age_10yrbands_yge65,mts_details_wid,2017,42.99
gtm,sex_m,age_10yrbands_yge65,mts_details_wid,2018,38.618
gtm,sex_m,age_10yrbands_yge65,mts_details_wid,2019,44.125
gtm,sex_m,age_10yrbands_yge65,mts_details_wid,2021,47.743
gtm,sex_m,age_10yrbands_yge65,mts_details_wid,2022,42.522
gtm,sex_m,age_10yrbands_yge65,mts_details_wid,2023,45.481
gtm,sex_m,age_aggregate_total,mts_aggregate_1,2002,76.59
gtm,sex_m,age_aggregate_total,mts_aggregate_1,2003,75.319
gtm,sex_m,age_aggregate_total,mts_aggregate_1,2004,72.955
gtm,sex_m,age_aggregate_total,mts_aggregate_1,2006,74.866
gtm,sex_m,age_aggregate_total,mts_aggregate_1,2010,64.787
gtm,sex_m,age_aggregate_total,mts_aggregate_1,2011,67.153
gtm,sex_m,age_aggregate_total,mts_aggregate_1,2012,72.934
gtm,sex_m,age_aggregate_total,mts_aggregate_1,2013,64.452
gtm,sex_m,age_aggregate_total,mts_aggregate_1,2014,66.006
gtm,sex_m,age_aggregate_total,mts_aggregate_1,2015,69.024
gtm,sex_m,age_aggregate_total,mts_aggregate_1,2016,67.511
gtm,sex_m,age_aggregate_total,mts_aggregate_1,2017,70.582
gtm,sex_m,age_aggregate_total,mts_aggregate_1,2018,70.424
gtm,sex_m,age_aggregate_total,mts_aggregate_1,2019,69.41
gtm,sex_m,age_aggregate_total,mts_aggregate_1,2021,71.314
gtm,sex_m,age_aggregate_total,mts_aggregate_1,2022,67.965
gtm,sex_m,age_aggregate_total,mts_aggregate_1,2023,74.578
gtm,sex_m,age_aggregate_total,mts_aggregate_2,2002,94.095
gtm,sex_m,age_aggregate_total,mts_aggregate_2,2003,94.026
gtm,sex_m,age_aggregate_total,mts_aggregate_2,2004,94.182
gtm,sex_m,age_aggregate_total,mts_aggregate_2,2006,94.249
gtm,sex_m,age_aggregate_total,mts_aggregate_2,2010,87.616
gtm,sex_m,age_aggregate_total,mts_aggregate_2,2011,91.531
gtm,sex_m,age_aggregate_total,mts_aggregate_2,2012,93.245
gtm,sex_m,age_aggregate_total,mts_aggregate_2,2013,91.219
gtm,sex_m,age_aggregate_total,mts_aggregate_2,2014,91.744
gtm,sex_m,age_aggregate_total,mts_aggregate_2,2015,92.329
gtm,sex_m,age_aggregate_total,mts_aggregate_2,2016,92.022
gtm,sex_m,age_aggregate_total,mts_aggregate_2,2017,92.693
gtm,sex_m,age_aggregate_total,mts_aggregate_2,2018,91.977
gtm,sex_m,age_aggregate_total,mts_aggregate_2,2019,91.166
gtm,sex_m,age_aggregate_total,mts_aggregate_2,2021,92.454
gtm,sex_m,age_aggregate_total,mts_aggregate_2,2022,89.019
gtm,sex_m,age_aggregate_total,mts_aggregate_2,2023,92.863
gtm,sex_m,age_aggregate_total,mts_aggregate_total,2002,87.297
gtm,sex_m,age_aggregate_total,mts_aggregate_total,2003,86.763
gtm,sex_m,age_aggregate_total,mts_aggregate_total,2004,83.455
gtm,sex_m,age_aggregate_total,mts_aggregate_total,2006,86.968
gtm,sex_m,age_aggregate_total,mts_aggregate_total,2010,78.144
gtm,sex_m,age_aggregate_total,mts_aggregate_total,2011,81.497
gtm,sex_m,age_aggregate_total,mts_aggregate_total,2012,85.057
gtm,sex_m,age_aggregate_total,mts_aggregate_total,2013,80.639
gtm,sex_m,age_aggregate_total,mts_aggregate_total,2014,81.523
gtm,sex_m,age_aggregate_total,mts_aggregate_total,2015,82.836
gtm,sex_m,age_aggregate_total,mts_aggregate_total,2016,82.044
gtm,sex_m,age_aggregate_total,mts_aggregate_total,2017,83.604
gtm,sex_m,age_aggregate_total,mts_aggregate_total,2018,83.218
gtm,sex_m,age_aggregate_total,mts_aggregate_total,2019,82.133
gtm,sex_m,age_aggregate_total,mts_aggregate_total,2021,84.035
gtm,sex_m,age_aggregate_total,mts_aggregate_total,2022,81.005
gtm,sex_m,age_aggregate_total,mts_aggregate_total,2023,85.577
gtm,sex_m,age_aggregate_total,mts_details_mrd,2002,93.838
gtm,sex_m,age_aggregate_total,mts_details_mrd,2003,94.065
gtm,sex_m,age_aggregate_total,mts_details_mrd,2004,93.673
gtm,sex_m,age_aggregate_total,mts_details_mrd,2006,95.546
gtm,sex_m,age_aggregate_total,mts_details_mrd,2010,88.017
gtm,sex_m,age_aggregate_total,mts_details_mrd,2011,90.67
gtm,sex_m,age_aggregate_total,mts_details_mrd,2012,92.447
gtm,sex_m,age_aggregate_total,mts_details_mrd,2013,90.531
gtm,sex_m,age_aggregate_total,mts_details_mrd,2014,91.364
gtm,sex_m,age_aggregate_total,mts_details_mrd,2015,91.245
gtm,sex_m,age_aggregate_total,mts_details_mrd,2016,90.764
gtm,sex_m,age_aggregate_total,mts_details_mrd,2017,91.688
gtm,sex_m,age_aggregate_total,mts_details_mrd,2018,90.731
gtm,sex_m,age_aggregate_total,mts_details_mrd,2019,89.633
gtm,sex_m,age_aggregate_total,mts_details_mrd,2021,91.071
gtm,sex_m,age_aggregate_total,mts_details_mrd,2022,86.452
gtm,sex_m,age_aggregate_total,mts_details_mrd,2023,91.324
gtm,sex_m,age_aggregate_total,mts_details_sep,2002,81.173
gtm,sex_m,age_aggregate_total,mts_details_sep,2003,84.263
gtm,sex_m,age_aggregate_total,mts_details_sep,2004,81.999
gtm,sex_m,age_aggregate_total,mts_details_sep,2006,83.67
gtm,sex_m,age_aggregate_total,mts_details_sep,2010,78.974
gtm,sex_m,age_aggregate_total,mts_details_sep,2011,77.941
gtm,sex_m,age_aggregate_total,mts_details_sep,2012,84.88
gtm,sex_m,age_aggregate_total,mts_details_sep,2013,82.093
gtm,sex_m,age_aggregate_total,mts_details_sep,2014,80.289
gtm,sex_m,age_aggregate_total,mts_details_sep,2015,84.131
gtm,sex_m,age_aggregate_total,mts_details_sep,2016,84.064
gtm,sex_m,age_aggregate_total,mts_details_sep,2017,84.44
gtm,sex_m,age_aggregate_total,mts_details_sep,2018,84.532
gtm,sex_m,age_aggregate_total,mts_details_sep,2019,81.02
gtm,sex_m,age_aggregate_total,mts_details_sep,2021,81.594
gtm,sex_m,age_aggregate_total,mts_details_sep,2022,79.096
gtm,sex_m,age_aggregate_total,mts_details_sep,2023,83.518
gtm,sex_m,age_aggregate_total,mts_details_sgle,2002,76.494
gtm,sex_m,age_aggregate_total,mts_details_sgle,2003,75.642
gtm,sex_m,age_aggregate_total,mts_details_sgle,2004,73.45
gtm,sex_m,age_aggregate_total,mts_details_sgle,2006,74.755
gtm,sex_m,age_aggregate_total,mts_details_sgle,2010,64.47
gtm,sex_m,age_aggregate_total,mts_details_sgle,2011,66.227
gtm,sex_m,age_aggregate_total,mts_details_sgle,2012,72.942
gtm,sex_m,age_aggregate_total,mts_details_sgle,2013,63.92
gtm,sex_m,age_aggregate_total,mts_details_sgle,2014,66.126
gtm,sex_m,age_aggregate_total,mts_details_sgle,2015,68.852
gtm,sex_m,age_aggregate_total,mts_details_sgle,2016,67.501
gtm,sex_m,age_aggregate_total,mts_details_sgle,2017,70.518
gtm,sex_m,age_aggregate_total,mts_details_sgle,2018,70.284
gtm,sex_m,age_aggregate_total,mts_details_sgle,2019,69.609
gtm,sex_m,age_aggregate_total,mts_details_sgle,2021,71.175
gtm,sex_m,age_aggregate_total,mts_details_sgle,2022,68.467
gtm,sex_m,age_aggregate_total,mts_details_sgle,2023,74.921
gtm,sex_m,age_aggregate_total,mts_details_total,2002,87.297
gtm,sex_m,age_aggregate_total,mts_details_total,2003,86.763
gtm,sex_m,age_aggregate_total,mts_details_total,2004,83.455
gtm,sex_m,age_aggregate_total,mts_details_total,2006,86.968
gtm,sex_m,age_aggregate_total,mts_details_total,2010,78.144
gtm,sex_m,age_aggregate_total,mts_details_total,2011,81.497
gtm,sex_m,age_aggregate_total,mts_details_total,2012,85.057
gtm,sex_m,age_aggregate_total,mts_details_total,2013,80.639
gtm,sex_m,age_aggregate_total,mts_details_total,2014,81.523
gtm,sex_m,age_aggregate_total,mts_details_total,2015,82.836
gtm,sex_m,age_aggregate_total,mts_details_total,2016,82.044
gtm,sex_m,age_aggregate_total,mts_details_total,2017,83.604
gtm,sex_m,age_aggregate_total,mts_details_total,2018,83.218
gtm,sex_m,age_aggregate_total,mts_details_total,2019,82.133
gtm,sex_m,age_aggregate_total,mts_details_total,2021,84.035
gtm,sex_m,age_aggregate_total,mts_details_total,2022,81.005
gtm,sex_m,age_aggregate_total,mts_details_total,2023,85.577
gtm,sex_m,age_aggregate_total,mts_details_union,2002,94.662
gtm,sex_m,age_aggregate_total,mts_details_union,2003,93.939
gtm,sex_m,age_aggregate_total,mts_details_union,2004,95.279
gtm,sex_m,age_aggregate_total,mts_details_union,2006,93.583
gtm,sex_m,age_aggregate_total,mts_details_union,2010,86.911
gtm,sex_m,age_aggregate_total,mts_details_union,2011,93.105
gtm,sex_m,age_aggregate_total,mts_details_union,2012,94.847
gtm,sex_m,age_aggregate_total,mts_details_union,2013,92.552
gtm,sex_m,age_aggregate_total,mts_details_union,2014,92.556
gtm,sex_m,age_aggregate_total,mts_details_union,2015,94.336
gtm,sex_m,age_aggregate_total,mts_details_union,2016,94.196
gtm,sex_m,age_aggregate_total,mts_details_union,2017,94.572
gtm,sex_m,age_aggregate_total,mts_details_union,2018,94.282
gtm,sex_m,age_aggregate_total,mts_details_union,2019,94.237
gtm,sex_m,age_aggregate_total,mts_details_union,2021,94.811
gtm,sex_m,age_aggregate_total,mts_details_union,2022,94.083
gtm,sex_m,age_aggregate_total,mts_details_union,2023,95.358
gtm,sex_m,age_aggregate_total,mts_details_wid,2002,74.519
gtm,sex_m,age_aggregate_total,mts_details_wid,2003,61.499
gtm,sex_m,age_aggregate_total,mts_details_wid,2004,58.089
gtm,sex_m,age_aggregate_total,mts_details_wid,2006,67.756
gtm,sex_m,age_aggregate_total,mts_details_wid,2010,56.306
gtm,sex_m,age_aggregate_total,mts_details_wid,2011,71.423
gtm,sex_m,age_aggregate_total,mts_details_wid,2012,62.619
gtm,sex_m,age_aggregate_total,mts_details_wid,2013,58.482
gtm,sex_m,age_aggregate_total,mts_details_wid,2014,53.11
gtm,sex_m,age_aggregate_total,mts_details_wid,2015,56.241
gtm,sex_m,age_aggregate_total,mts_details_wid,2016,50.048
gtm,sex_m,age_aggregate_total,mts_details_wid,2017,56.081
gtm,sex_m,age_aggregate_total,mts_details_wid,2018,56.916
gtm,sex_m,age_aggregate_total,mts_details_wid,2019,55.297
gtm,sex_m,age_aggregate_total,mts_details_wid,2021,61.496
gtm,sex_m,age_aggregate_total,mts_details_wid,2022,53.096
gtm,sex_m,age_aggregate_total,mts_details_wid,2023,60.557
gtm,sex_m,age_aggregate_y15_24,mts_aggregate_1,2002,74.558
gtm,sex_m,age_aggregate_y15_24,mts_aggregate_1,2003,73.506
gtm,sex_m,age_aggregate_y15_24,mts_aggregate_1,2004,70.461
gtm,sex_m,age_aggregate_y15_24,mts_aggregate_1,2006,72.086
gtm,sex_m,age_aggregate_y15_24,mts_aggregate_1,2010,60.316
gtm,sex_m,age_aggregate_y15_24,mts_aggregate_1,2011,61.506
gtm,sex_m,age_aggregate_y15_24,mts_aggregate_1,2012,69.6
gtm,sex_m,age_aggregate_y15_24,mts_aggregate_1,2013,58.728
gtm,sex_m,age_aggregate_y15_24,mts_aggregate_1,2014,61.26
gtm,sex_m,age_aggregate_y15_24,mts_aggregate_1,2015,64.721
gtm,sex_m,age_aggregate_y15_24,mts_aggregate_1,2016,62.949
gtm,sex_m,age_aggregate_y15_24,mts_aggregate_1,2017,66.506
gtm,sex_m,age_aggregate_y15_24,mts_aggregate_1,2018,65.225
gtm,sex_m,age_aggregate_y15_24,mts_aggregate_1,2019,64.194
gtm,sex_m,age_aggregate_y15_24,mts_aggregate_1,2021,66.852
gtm,sex_m,age_aggregate_y15_24,mts_aggregate_1,2022,62.741
gtm,sex_m,age_aggregate_y15_24,mts_aggregate_1,2023,70.548
gtm,sex_m,age_aggregate_y15_24,mts_aggregate_2,2002,95.001
gtm,sex_m,age_aggregate_y15_24,mts_aggregate_2,2003,96.332
gtm,sex_m,age_aggregate_y15_24,mts_aggregate_2,2004,95.655
gtm,sex_m,age_aggregate_y15_24,mts_aggregate_2,2006,96.708
gtm,sex_m,age_aggregate_y15_24,mts_aggregate_2,2010,90.524
gtm,sex_m,age_aggregate_y15_24,mts_aggregate_2,2011,94.404
gtm,sex_m,age_aggregate_y15_24,mts_aggregate_2,2012,96.622
gtm,sex_m,age_aggregate_y15_24,mts_aggregate_2,2013,89.224
gtm,sex_m,age_aggregate_y15_24,mts_aggregate_2,2014,93.138
gtm,sex_m,age_aggregate_y15_24,mts_aggregate_2,2015,92.575
gtm,sex_m,age_aggregate_y15_24,mts_aggregate_2,2016,94.993
gtm,sex_m,age_aggregate_y15_24,mts_aggregate_2,2017,97.153
gtm,sex_m,age_aggregate_y15_24,mts_aggregate_2,2018,94.347
gtm,sex_m,age_aggregate_y15_24,mts_aggregate_2,2019,94.584
gtm,sex_m,age_aggregate_y15_24,mts_aggregate_2,2021,97.034
gtm,sex_m,age_aggregate_y15_24,mts_aggregate_2,2022,92.359
gtm,sex_m,age_aggregate_y15_24,mts_aggregate_2,2023,95.889
gtm,sex_m,age_aggregate_y15_24,mts_aggregate_total,2002,79.438
gtm,sex_m,age_aggregate_y15_24,mts_aggregate_total,2003,78.696
gtm,sex_m,age_aggregate_y15_24,mts_aggregate_total,2004,73.289
gtm,sex_m,age_aggregate_y15_24,mts_aggregate_total,2006,77.434
gtm,sex_m,age_aggregate_y15_24,mts_aggregate_total,2010,65.873
gtm,sex_m,age_aggregate_y15_24,mts_aggregate_total,2011,67.888
gtm,sex_m,age_aggregate_y15_24,mts_aggregate_total,2012,74.205
gtm,sex_m,age_aggregate_y15_24,mts_aggregate_total,2013,64.676
gtm,sex_m,age_aggregate_y15_24,mts_aggregate_total,2014,67.919
gtm,sex_m,age_aggregate_y15_24,mts_aggregate_total,2015,69.9
gtm,sex_m,age_aggregate_y15_24,mts_aggregate_total,2016,68.697
gtm,sex_m,age_aggregate_y15_24,mts_aggregate_total,2017,71.757
gtm,sex_m,age_aggregate_y15_24,mts_aggregate_total,2018,70.289
gtm,sex_m,age_aggregate_y15_24,mts_aggregate_total,2019,68.811
gtm,sex_m,age_aggregate_y15_24,mts_aggregate_total,2021,72.561
gtm,sex_m,age_aggregate_y15_24,mts_aggregate_total,2022,67.905
gtm,sex_m,age_aggregate_y15_24,mts_aggregate_total,2023,75.472
gtm,sex_m,age_aggregate_y15_24,mts_details_mrd,2002,93.891
gtm,sex_m,age_aggregate_y15_24,mts_details_mrd,2003,98.774
gtm,sex_m,age_aggregate_y15_24,mts_details_mrd,2004,96.633
gtm,sex_m,age_aggregate_y15_24,mts_details_mrd,2006,96.632
gtm,sex_m,age_aggregate_y15_24,mts_details_mrd,2010,91.584
gtm,sex_m,age_aggregate_y15_24,mts_details_mrd,2011,91.903
gtm,sex_m,age_aggregate_y15_24,mts_details_mrd,2012,96.546
gtm,sex_m,age_aggregate_y15_24,mts_details_mrd,2013,87.341
gtm,sex_m,age_aggregate_y15_24,mts_details_mrd,2014,94.268
gtm,sex_m,age_aggregate_y15_24,mts_details_mrd,2015,93.146
gtm,sex_m,age_aggregate_y15_24,mts_details_mrd,2016,94.398
gtm,sex_m,age_aggregate_y15_24,mts_details_mrd,2017,97.154
gtm,sex_m,age_aggregate_y15_24,mts_details_mrd,2018,95.038
gtm,sex_m,age_aggregate_y15_24,mts_details_mrd,2019,94.994
gtm,sex_m,age_aggregate_y15_24,mts_details_mrd,2021,98.453
gtm,sex_m,age_aggregate_y15_24,mts_details_mrd,2022,91.592
gtm,sex_m,age_aggregate_y15_24,mts_details_mrd,2023,95.207
gtm,sex_m,age_aggregate_y15_24,mts_details_sep,2002,87.415
gtm,sex_m,age_aggregate_y15_24,mts_details_sep,2003,84.04
gtm,sex_m,age_aggregate_y15_24,mts_details_sep,2004,98.906
gtm,sex_m,age_aggregate_y15_24,mts_details_sep,2006,82.797
gtm,sex_m,age_aggregate_y15_24,mts_details_sep,2010,57.775
gtm,sex_m,age_aggregate_y15_24,mts_details_sep,2011,45.065
gtm,sex_m,age_aggregate_y15_24,mts_details_sep,2013,83.21
gtm,sex_m,age_aggregate_y15_24,mts_details_sep,2014,50.954
gtm,sex_m,age_aggregate_y15_24,mts_details_sep,2015,79.75
gtm,sex_m,age_aggregate_y15_24,mts_details_sep,2016,92.107
gtm,sex_m,age_aggregate_y15_24,mts_details_sep,2017,88.389
gtm,sex_m,age_aggregate_y15_24,mts_details_sep,2018,74.579
gtm,sex_m,age_aggregate_y15_24,mts_details_sep,2019,74.766
gtm,sex_m,age_aggregate_y15_24,mts_details_sep,2021,88.898
gtm,sex_m,age_aggregate_y15_24,mts_details_sep,2023,79.321
gtm,sex_m,age_aggregate_y15_24,mts_details_sgle,2002,74.488
gtm,sex_m,age_aggregate_y15_24,mts_details_sgle,2003,73.417
gtm,sex_m,age_aggregate_y15_24,mts_details_sgle,2004,70.259
gtm,sex_m,age_aggregate_y15_24,mts_details_sgle,2006,72.011
gtm,sex_m,age_aggregate_y15_24,mts_details_sgle,2010,60.334
gtm,sex_m,age_aggregate_y15_24,mts_details_sgle,2011,61.676
gtm,sex_m,age_aggregate_y15_24,mts_details_sgle,2012,69.6
gtm,sex_m,age_aggregate_y15_24,mts_details_sgle,2013,58.562
gtm,sex_m,age_aggregate_y15_24,mts_details_sgle,2014,61.35
gtm,sex_m,age_aggregate_y15_24,mts_details_sgle,2015,64.602
gtm,sex_m,age_aggregate_y15_24,mts_details_sgle,2016,62.842
gtm,sex_m,age_aggregate_y15_24,mts_details_sgle,2017,66.326
gtm,sex_m,age_aggregate_y15_24,mts_details_sgle,2018,65.13
gtm,sex_m,age_aggregate_y15_24,mts_details_sgle,2019,64.128
gtm,sex_m,age_aggregate_y15_24,mts_details_sgle,2021,66.71
gtm,sex_m,age_aggregate_y15_24,mts_details_sgle,2022,62.587
gtm,sex_m,age_aggregate_y15_24,mts_details_sgle,2023,70.496
gtm,sex_m,age_aggregate_y15_24,mts_details_total,2002,79.438
gtm,sex_m,age_aggregate_y15_24,mts_details_total,2003,78.696
gtm,sex_m,age_aggregate_y15_24,mts_details_total,2004,73.289
gtm,sex_m,age_aggregate_y15_24,mts_details_total,2006,77.434
gtm,sex_m,age_aggregate_y15_24,mts_details_total,2010,65.873
gtm,sex_m,age_aggregate_y15_24,mts_details_total,2011,67.888
gtm,sex_m,age_aggregate_y15_24,mts_details_total,2012,74.205
gtm,sex_m,age_aggregate_y15_24,mts_details_total,2013,64.676
gtm,sex_m,age_aggregate_y15_24,mts_details_total,2014,67.919
gtm,sex_m,age_aggregate_y15_24,mts_details_total,2015,69.9
gtm,sex_m,age_aggregate_y15_24,mts_details_total,2016,68.697
gtm,sex_m,age_aggregate_y15_24,mts_details_total,2017,71.757
gtm,sex_m,age_aggregate_y15_24,mts_details_total,2018,70.289
gtm,sex_m,age_aggregate_y15_24,mts_details_total,2019,68.811
gtm,sex_m,age_aggregate_y15_24,mts_details_total,2021,72.561
gtm,sex_m,age_aggregate_y15_24,mts_details_total,2022,67.905
gtm,sex_m,age_aggregate_y15_24,mts_details_total,2023,75.472
gtm,sex_m,age_aggregate_y15_24,mts_details_union,2002,96.37
gtm,sex_m,age_aggregate_y15_24,mts_details_union,2003,93.624
gtm,sex_m,age_aggregate_y15_24,mts_details_union,2004,94.505
gtm,sex_m,age_aggregate_y15_24,mts_details_union,2006,96.808
gtm,sex_m,age_aggregate_y15_24,mts_details_union,2010,89.903
gtm,sex_m,age_aggregate_y15_24,mts_details_union,2011,95.835
gtm,sex_m,age_aggregate_y15_24,mts_details_union,2012,96.681
gtm,sex_m,age_aggregate_y15_24,mts_details_union,2013,90.4
gtm,sex_m,age_aggregate_y15_24,mts_details_union,2014,92.26
gtm,sex_m,age_aggregate_y15_24,mts_details_union,2015,92.235
gtm,sex_m,age_aggregate_y15_24,mts_details_union,2016,95.318
gtm,sex_m,age_aggregate_y15_24,mts_details_union,2017,97.152
gtm,sex_m,age_aggregate_y15_24,mts_details_union,2018,94.006
gtm,sex_m,age_aggregate_y15_24,mts_details_union,2019,94.424
gtm,sex_m,age_aggregate_y15_24,mts_details_union,2021,96.418
gtm,sex_m,age_aggregate_y15_24,mts_details_union,2022,92.609
gtm,sex_m,age_aggregate_y15_24,mts_details_union,2023,96.132
gtm,sex_m,age_aggregate_y15_24,mts_details_wid,2004,62.833
gtm,sex_m,age_aggregate_y15_24,mts_details_wid,2006,100
gtm,sex_m,age_aggregate_y25_54,mts_aggregate_1,2002,85.363
gtm,sex_m,age_aggregate_y25_54,mts_aggregate_1,2003,86.346
gtm,sex_m,age_aggregate_y25_54,mts_aggregate_1,2004,86.421
gtm,sex_m,age_aggregate_y25_54,mts_aggregate_1,2006,88.801
gtm,sex_m,age_aggregate_y25_54,mts_aggregate_1,2010,80.789
gtm,sex_m,age_aggregate_y25_54,mts_aggregate_1,2011,85.509
gtm,sex_m,age_aggregate_y25_54,mts_aggregate_1,2012,86.706
gtm,sex_m,age_aggregate_y25_54,mts_aggregate_1,2013,85.078
gtm,sex_m,age_aggregate_y25_54,mts_aggregate_1,2014,84.464
gtm,sex_m,age_aggregate_y25_54,mts_aggregate_1,2015,85.717
gtm,sex_m,age_aggregate_y25_54,mts_aggregate_1,2016,85.802
gtm,sex_m,age_aggregate_y25_54,mts_aggregate_1,2017,86.478
gtm,sex_m,age_aggregate_y25_54,mts_aggregate_1,2018,88.288
gtm,sex_m,age_aggregate_y25_54,mts_aggregate_1,2019,86.97
gtm,sex_m,age_aggregate_y25_54,mts_aggregate_1,2021,84.424
gtm,sex_m,age_aggregate_y25_54,mts_aggregate_1,2022,85.424
gtm,sex_m,age_aggregate_y25_54,mts_aggregate_1,2023,88.532
gtm,sex_m,age_aggregate_y25_54,mts_aggregate_2,2002,96.844
gtm,sex_m,age_aggregate_y25_54,mts_aggregate_2,2003,97.084
gtm,sex_m,age_aggregate_y25_54,mts_aggregate_2,2004,96.901
gtm,sex_m,age_aggregate_y25_54,mts_aggregate_2,2006,97.675
gtm,sex_m,age_aggregate_y25_54,mts_aggregate_2,2010,91.521
gtm,sex_m,age_aggregate_y25_54,mts_aggregate_2,2011,95.248
gtm,sex_m,age_aggregate_y25_54,mts_aggregate_2,2012,96.657
gtm,sex_m,age_aggregate_y25_54,mts_aggregate_2,2013,96.27
gtm,sex_m,age_aggregate_y25_54,mts_aggregate_2,2014,96.49
gtm,sex_m,age_aggregate_y25_54,mts_aggregate_2,2015,97.568
gtm,sex_m,age_aggregate_y25_54,mts_aggregate_2,2016,97.367
gtm,sex_m,age_aggregate_y25_54,mts_aggregate_2,2017,97.461
gtm,sex_m,age_aggregate_y25_54,mts_aggregate_2,2018,97.526
gtm,sex_m,age_aggregate_y25_54,mts_aggregate_2,2019,97.698
gtm,sex_m,age_aggregate_y25_54,mts_aggregate_2,2021,97.248
gtm,sex_m,age_aggregate_y25_54,mts_aggregate_2,2022,95.736
gtm,sex_m,age_aggregate_y25_54,mts_aggregate_2,2023,97.993
gtm,sex_m,age_aggregate_y25_54,mts_aggregate_total,2002,94.85
gtm,sex_m,age_aggregate_y25_54,mts_aggregate_total,2003,95.327
gtm,sex_m,age_aggregate_y25_54,mts_aggregate_total,2004,92.133
gtm,sex_m,age_aggregate_y25_54,mts_aggregate_total,2006,96.258
gtm,sex_m,age_aggregate_y25_54,mts_aggregate_total,2010,89.141
gtm,sex_m,age_aggregate_y25_54,mts_aggregate_total,2011,93.366
gtm,sex_m,age_aggregate_y25_54,mts_aggregate_total,2012,94.82
gtm,sex_m,age_aggregate_y25_54,mts_aggregate_total,2013,94.223
gtm,sex_m,age_aggregate_y25_54,mts_aggregate_total,2014,94.204
gtm,sex_m,age_aggregate_y25_54,mts_aggregate_total,2015,95.344
gtm,sex_m,age_aggregate_y25_54,mts_aggregate_total,2016,95.103
gtm,sex_m,age_aggregate_y25_54,mts_aggregate_total,2017,95.189
gtm,sex_m,age_aggregate_y25_54,mts_aggregate_total,2018,95.591
gtm,sex_m,age_aggregate_y25_54,mts_aggregate_total,2019,95.274
gtm,sex_m,age_aggregate_y25_54,mts_aggregate_total,2021,94.283
gtm,sex_m,age_aggregate_y25_54,mts_aggregate_total,2022,93.542
gtm,sex_m,age_aggregate_y25_54,mts_aggregate_total,2023,95.899
gtm,sex_m,age_aggregate_y25_54,mts_details_mrd,2002,96.995
gtm,sex_m,age_aggregate_y25_54,mts_details_mrd,2003,96.738
gtm,sex_m,age_aggregate_y25_54,mts_details_mrd,2004,97.064
gtm,sex_m,age_aggregate_y25_54,mts_details_mrd,2006,97.422
gtm,sex_m,age_aggregate_y25_54,mts_details_mrd,2010,93.1
gtm,sex_m,age_aggregate_y25_54,mts_details_mrd,2011,95.314
gtm,sex_m,age_aggregate_y25_54,mts_details_mrd,2012,96.684
gtm,sex_m,age_aggregate_y25_54,mts_details_mrd,2013,96.599
gtm,sex_m,age_aggregate_y25_54,mts_details_mrd,2014,96.531
gtm,sex_m,age_aggregate_y25_54,mts_details_mrd,2015,97.523
gtm,sex_m,age_aggregate_y25_54,mts_details_mrd,2016,97.437
gtm,sex_m,age_aggregate_y25_54,mts_details_mrd,2017,97.522
gtm,sex_m,age_aggregate_y25_54,mts_details_mrd,2018,97.549
gtm,sex_m,age_aggregate_y25_54,mts_details_mrd,2019,97.708
gtm,sex_m,age_aggregate_y25_54,mts_details_mrd,2021,97.179
gtm,sex_m,age_aggregate_y25_54,mts_details_mrd,2022,94.8
gtm,sex_m,age_aggregate_y25_54,mts_details_mrd,2023,97.891
gtm,sex_m,age_aggregate_y25_54,mts_details_sep,2002,87.921
gtm,sex_m,age_aggregate_y25_54,mts_details_sep,2003,94.163
gtm,sex_m,age_aggregate_y25_54,mts_details_sep,2004,87.629
gtm,sex_m,age_aggregate_y25_54,mts_details_sep,2006,93.728
gtm,sex_m,age_aggregate_y25_54,mts_details_sep,2010,83.817
gtm,sex_m,age_aggregate_y25_54,mts_details_sep,2011,90.165
gtm,sex_m,age_aggregate_y25_54,mts_details_sep,2012,93.609
gtm,sex_m,age_aggregate_y25_54,mts_details_sep,2013,92.055
gtm,sex_m,age_aggregate_y25_54,mts_details_sep,2014,91.305
gtm,sex_m,age_aggregate_y25_54,mts_details_sep,2015,89.019
gtm,sex_m,age_aggregate_y25_54,mts_details_sep,2016,91.049
gtm,sex_m,age_aggregate_y25_54,mts_details_sep,2017,92.392
gtm,sex_m,age_aggregate_y25_54,mts_details_sep,2018,93.381
gtm,sex_m,age_aggregate_y25_54,mts_details_sep,2019,90.82
gtm,sex_m,age_aggregate_y25_54,mts_details_sep,2021,90.331
gtm,sex_m,age_aggregate_y25_54,mts_details_sep,2022,90.449
gtm,sex_m,age_aggregate_y25_54,mts_details_sep,2023,94.678
gtm,sex_m,age_aggregate_y25_54,mts_details_sgle,2002,84.878
gtm,sex_m,age_aggregate_y25_54,mts_details_sgle,2003,84.885
gtm,sex_m,age_aggregate_y25_54,mts_details_sgle,2004,85.73
gtm,sex_m,age_aggregate_y25_54,mts_details_sgle,2006,87.683
gtm,sex_m,age_aggregate_y25_54,mts_details_sgle,2010,80.028
gtm,sex_m,age_aggregate_y25_54,mts_details_sgle,2011,84.097
gtm,sex_m,age_aggregate_y25_54,mts_details_sgle,2012,85.339
gtm,sex_m,age_aggregate_y25_54,mts_details_sgle,2013,83.737
gtm,sex_m,age_aggregate_y25_54,mts_details_sgle,2014,83.109
gtm,sex_m,age_aggregate_y25_54,mts_details_sgle,2015,84.872
gtm,sex_m,age_aggregate_y25_54,mts_details_sgle,2016,84.37
gtm,sex_m,age_aggregate_y25_54,mts_details_sgle,2017,84.903
gtm,sex_m,age_aggregate_y25_54,mts_details_sgle,2018,87.057
gtm,sex_m,age_aggregate_y25_54,mts_details_sgle,2019,86.19
gtm,sex_m,age_aggregate_y25_54,mts_details_sgle,2021,82.947
gtm,sex_m,age_aggregate_y25_54,mts_details_sgle,2022,84.568
gtm,sex_m,age_aggregate_y25_54,mts_details_sgle,2023,87.061
gtm,sex_m,age_aggregate_y25_54,mts_details_total,2002,94.85
gtm,sex_m,age_aggregate_y25_54,mts_details_total,2003,95.327
gtm,sex_m,age_aggregate_y25_54,mts_details_total,2004,92.133
gtm,sex_m,age_aggregate_y25_54,mts_details_total,2006,96.258
gtm,sex_m,age_aggregate_y25_54,mts_details_total,2010,89.141
gtm,sex_m,age_aggregate_y25_54,mts_details_total,2011,93.366
gtm,sex_m,age_aggregate_y25_54,mts_details_total,2012,94.82
gtm,sex_m,age_aggregate_y25_54,mts_details_total,2013,94.223
gtm,sex_m,age_aggregate_y25_54,mts_details_total,2014,94.204
gtm,sex_m,age_aggregate_y25_54,mts_details_total,2015,95.344
gtm,sex_m,age_aggregate_y25_54,mts_details_total,2016,95.103
gtm,sex_m,age_aggregate_y25_54,mts_details_total,2017,95.189
gtm,sex_m,age_aggregate_y25_54,mts_details_total,2018,95.591
gtm,sex_m,age_aggregate_y25_54,mts_details_total,2019,95.274
gtm,sex_m,age_aggregate_y25_54,mts_details_total,2021,94.283
gtm,sex_m,age_aggregate_y25_54,mts_details_total,2022,93.542
gtm,sex_m,age_aggregate_y25_54,mts_details_total,2023,95.899
gtm,sex_m,age_aggregate_y25_54,mts_details_union,2002,96.502
gtm,sex_m,age_aggregate_y25_54,mts_details_union,2003,97.937
gtm,sex_m,age_aggregate_y25_54,mts_details_union,2004,96.551
gtm,sex_m,age_aggregate_y25_54,mts_details_union,2006,97.798
gtm,sex_m,age_aggregate_y25_54,mts_details_union,2010,88.55
gtm,sex_m,age_aggregate_y25_54,mts_details_union,2011,95.118
gtm,sex_m,age_aggregate_y25_54,mts_details_union,2012,96.601
gtm,sex_m,age_aggregate_y25_54,mts_details_union,2013,95.582
gtm,sex_m,age_aggregate_y25_54,mts_details_union,2014,96.398
gtm,sex_m,age_aggregate_y25_54,mts_details_union,2015,97.651
gtm,sex_m,age_aggregate_y25_54,mts_details_union,2016,97.246
gtm,sex_m,age_aggregate_y25_54,mts_details_union,2017,97.349
gtm,sex_m,age_aggregate_y25_54,mts_details_union,2018,97.484
gtm,sex_m,age_aggregate_y25_54,mts_details_union,2019,97.679
gtm,sex_m,age_aggregate_y25_54,mts_details_union,2021,97.363
gtm,sex_m,age_aggregate_y25_54,mts_details_union,2022,97.469
gtm,sex_m,age_aggregate_y25_54,mts_details_union,2023,98.155
gtm,sex_m,age_aggregate_y25_54,mts_details_wid,2002,89.202
gtm,sex_m,age_aggregate_y25_54,mts_details_wid,2003,93.287
gtm,sex_m,age_aggregate_y25_54,mts_details_wid,2004,93.722
gtm,sex_m,age_aggregate_y25_54,mts_details_wid,2006,90.243
gtm,sex_m,age_aggregate_y25_54,mts_details_wid,2010,87.558
gtm,sex_m,age_aggregate_y25_54,mts_details_wid,2011,92.276
gtm,sex_m,age_aggregate_y25_54,mts_details_wid,2012,90.706
gtm,sex_m,age_aggregate_y25_54,mts_details_wid,2013,91.028
gtm,sex_m,age_aggregate_y25_54,mts_details_wid,2014,89.327
gtm,sex_m,age_aggregate_y25_54,mts_details_wid,2015,91.232
gtm,sex_m,age_aggregate_y25_54,mts_details_wid,2016,94.238
gtm,sex_m,age_aggregate_y25_54,mts_details_wid,2017,94.709
gtm,sex_m,age_aggregate_y25_54,mts_details_wid,2018,95.738
gtm,sex_m,age_aggregate_y25_54,mts_details_wid,2019,92.307
gtm,sex_m,age_aggregate_y25_54,mts_details_wid,2021,98.243
gtm,sex_m,age_aggregate_y25_54,mts_details_wid,2022,90.721
gtm,sex_m,age_aggregate_y25_54,mts_details_wid,2023,96.428
gtm,sex_m,age_aggregate_y55_64,mts_aggregate_1,2002,77.716
gtm,sex_m,age_aggregate_y55_64,mts_aggregate_1,2003,69.324
gtm,sex_m,age_aggregate_y55_64,mts_aggregate_1,2004,87.268
gtm,sex_m,age_aggregate_y55_64,mts_aggregate_1,2006,81.536
gtm,sex_m,age_aggregate_y55_64,mts_aggregate_1,2010,75.784
gtm,sex_m,age_aggregate_y55_64,mts_aggregate_1,2011,77.839
gtm,sex_m,age_aggregate_y55_64,mts_aggregate_1,2012,79.669
gtm,sex_m,age_aggregate_y55_64,mts_aggregate_1,2013,75.921
gtm,sex_m,age_aggregate_y55_64,mts_aggregate_1,2014,69.649
gtm,sex_m,age_aggregate_y55_64,mts_aggregate_1,2015,84.585
gtm,sex_m,age_aggregate_y55_64,mts_aggregate_1,2016,75.088
gtm,sex_m,age_aggregate_y55_64,mts_aggregate_1,2017,81.052
gtm,sex_m,age_aggregate_y55_64,mts_aggregate_1,2018,82.413
gtm,sex_m,age_aggregate_y55_64,mts_aggregate_1,2019,73.472
gtm,sex_m,age_aggregate_y55_64,mts_aggregate_1,2021,76.225
gtm,sex_m,age_aggregate_y55_64,mts_aggregate_1,2022,65.463
gtm,sex_m,age_aggregate_y55_64,mts_aggregate_1,2023,85.982
gtm,sex_m,age_aggregate_y55_64,mts_aggregate_2,2002,91.401
gtm,sex_m,age_aggregate_y55_64,mts_aggregate_2,2003,87.876
gtm,sex_m,age_aggregate_y55_64,mts_aggregate_2,2004,93.702
gtm,sex_m,age_aggregate_y55_64,mts_aggregate_2,2006,93.577
gtm,sex_m,age_aggregate_y55_64,mts_aggregate_2,2010,83.496
gtm,sex_m,age_aggregate_y55_64,mts_aggregate_2,2011,89.734
gtm,sex_m,age_aggregate_y55_64,mts_aggregate_2,2012,92.551
gtm,sex_m,age_aggregate_y55_64,mts_aggregate_2,2013,90.03
gtm,sex_m,age_aggregate_y55_64,mts_aggregate_2,2014,90.118
gtm,sex_m,age_aggregate_y55_64,mts_aggregate_2,2015,88.986
gtm,sex_m,age_aggregate_y55_64,mts_aggregate_2,2016,86.335
gtm,sex_m,age_aggregate_y55_64,mts_aggregate_2,2017,90.851
gtm,sex_m,age_aggregate_y55_64,mts_aggregate_2,2018,89.738
gtm,sex_m,age_aggregate_y55_64,mts_aggregate_2,2019,87.407
gtm,sex_m,age_aggregate_y55_64,mts_aggregate_2,2021,90.557
gtm,sex_m,age_aggregate_y55_64,mts_aggregate_2,2022,85.526
gtm,sex_m,age_aggregate_y55_64,mts_aggregate_2,2023,90.278
gtm,sex_m,age_aggregate_y55_64,mts_aggregate_total,2002,89.474
gtm,sex_m,age_aggregate_y55_64,mts_aggregate_total,2003,85.65
gtm,sex_m,age_aggregate_y55_64,mts_aggregate_total,2004,90.719
gtm,sex_m,age_aggregate_y55_64,mts_aggregate_total,2006,91.954
gtm,sex_m,age_aggregate_y55_64,mts_aggregate_total,2010,82.26
gtm,sex_m,age_aggregate_y55_64,mts_aggregate_total,2011,87.353
gtm,sex_m,age_aggregate_y55_64,mts_aggregate_total,2012,90.645
gtm,sex_m,age_aggregate_y55_64,mts_aggregate_total,2013,88.147
gtm,sex_m,age_aggregate_y55_64,mts_aggregate_total,2014,87.451
gtm,sex_m,age_aggregate_y55_64,mts_aggregate_total,2015,88.329
gtm,sex_m,age_aggregate_y55_64,mts_aggregate_total,2016,84.843
gtm,sex_m,age_aggregate_y55_64,mts_aggregate_total,2017,89.563
gtm,sex_m,age_aggregate_y55_64,mts_aggregate_total,2018,88.73
gtm,sex_m,age_aggregate_y55_64,mts_aggregate_total,2019,85.574
gtm,sex_m,age_aggregate_y55_64,mts_aggregate_total,2021,88.488
gtm,sex_m,age_aggregate_y55_64,mts_aggregate_total,2022,83.039
gtm,sex_m,age_aggregate_y55_64,mts_aggregate_total,2023,89.574
gtm,sex_m,age_aggregate_y55_64,mts_details_mrd,2002,90.472
gtm,sex_m,age_aggregate_y55_64,mts_details_mrd,2003,89.064
gtm,sex_m,age_aggregate_y55_64,mts_details_mrd,2004,92.062
gtm,sex_m,age_aggregate_y55_64,mts_details_mrd,2006,97
gtm,sex_m,age_aggregate_y55_64,mts_details_mrd,2010,83.24
gtm,sex_m,age_aggregate_y55_64,mts_details_mrd,2011,88.199
gtm,sex_m,age_aggregate_y55_64,mts_details_mrd,2012,91.265
gtm,sex_m,age_aggregate_y55_64,mts_details_mrd,2013,88.599
gtm,sex_m,age_aggregate_y55_64,mts_details_mrd,2014,90.054
gtm,sex_m,age_aggregate_y55_64,mts_details_mrd,2015,88.79
gtm,sex_m,age_aggregate_y55_64,mts_details_mrd,2016,85.068
gtm,sex_m,age_aggregate_y55_64,mts_details_mrd,2017,90.624
gtm,sex_m,age_aggregate_y55_64,mts_details_mrd,2018,89.522
gtm,sex_m,age_aggregate_y55_64,mts_details_mrd,2019,86.75
gtm,sex_m,age_aggregate_y55_64,mts_details_mrd,2021,89.836
gtm,sex_m,age_aggregate_y55_64,mts_details_mrd,2022,84.587
gtm,sex_m,age_aggregate_y55_64,mts_details_mrd,2023,90.077
gtm,sex_m,age_aggregate_y55_64,mts_details_sep,2002,83.866
gtm,sex_m,age_aggregate_y55_64,mts_details_sep,2004,88.452
gtm,sex_m,age_aggregate_y55_64,mts_details_sep,2006,70.668
gtm,sex_m,age_aggregate_y55_64,mts_details_sep,2010,85.095
gtm,sex_m,age_aggregate_y55_64,mts_details_sep,2011,77.939
gtm,sex_m,age_aggregate_y55_64,mts_details_sep,2012,77.286
gtm,sex_m,age_aggregate_y55_64,mts_details_sep,2013,83.242
gtm,sex_m,age_aggregate_y55_64,mts_details_sep,2014,73.286
gtm,sex_m,age_aggregate_y55_64,mts_details_sep,2015,89.543
gtm,sex_m,age_aggregate_y55_64,mts_details_sep,2016,76.098
gtm,sex_m,age_aggregate_y55_64,mts_details_sep,2017,85.849
gtm,sex_m,age_aggregate_y55_64,mts_details_sep,2018,86.189
gtm,sex_m,age_aggregate_y55_64,mts_details_sep,2019,72.418
gtm,sex_m,age_aggregate_y55_64,mts_details_sep,2021,82.687
gtm,sex_m,age_aggregate_y55_64,mts_details_sep,2022,62.642
gtm,sex_m,age_aggregate_y55_64,mts_details_sep,2023,81.514
gtm,sex_m,age_aggregate_y55_64,mts_details_sgle,2002,73.104
gtm,sex_m,age_aggregate_y55_64,mts_details_sgle,2003,83.95
gtm,sex_m,age_aggregate_y55_64,mts_details_sgle,2004,88.781
gtm,sex_m,age_aggregate_y55_64,mts_details_sgle,2006,83.887
gtm,sex_m,age_aggregate_y55_64,mts_details_sgle,2010,67.817
gtm,sex_m,age_aggregate_y55_64,mts_details_sgle,2011,82.193
gtm,sex_m,age_aggregate_y55_64,mts_details_sgle,2012,88.011
gtm,sex_m,age_aggregate_y55_64,mts_details_sgle,2013,68.612
gtm,sex_m,age_aggregate_y55_64,mts_details_sgle,2014,58.61
gtm,sex_m,age_aggregate_y55_64,mts_details_sgle,2015,75.106
gtm,sex_m,age_aggregate_y55_64,mts_details_sgle,2016,76.011
gtm,sex_m,age_aggregate_y55_64,mts_details_sgle,2017,78.262
gtm,sex_m,age_aggregate_y55_64,mts_details_sgle,2018,79.908
gtm,sex_m,age_aggregate_y55_64,mts_details_sgle,2019,72.962
gtm,sex_m,age_aggregate_y55_64,mts_details_sgle,2021,64.49
gtm,sex_m,age_aggregate_y55_64,mts_details_sgle,2022,57.382
gtm,sex_m,age_aggregate_y55_64,mts_details_sgle,2023,85.499
gtm,sex_m,age_aggregate_y55_64,mts_details_total,2002,89.474
gtm,sex_m,age_aggregate_y55_64,mts_details_total,2003,85.65
gtm,sex_m,age_aggregate_y55_64,mts_details_total,2004,90.719
gtm,sex_m,age_aggregate_y55_64,mts_details_total,2006,91.954
gtm,sex_m,age_aggregate_y55_64,mts_details_total,2010,82.26
gtm,sex_m,age_aggregate_y55_64,mts_details_total,2011,87.353
gtm,sex_m,age_aggregate_y55_64,mts_details_total,2012,90.645
gtm,sex_m,age_aggregate_y55_64,mts_details_total,2013,88.147
gtm,sex_m,age_aggregate_y55_64,mts_details_total,2014,87.451
gtm,sex_m,age_aggregate_y55_64,mts_details_total,2015,88.329
gtm,sex_m,age_aggregate_y55_64,mts_details_total,2016,84.843
gtm,sex_m,age_aggregate_y55_64,mts_details_total,2017,89.563
gtm,sex_m,age_aggregate_y55_64,mts_details_total,2018,88.73
gtm,sex_m,age_aggregate_y55_64,mts_details_total,2019,85.574
gtm,sex_m,age_aggregate_y55_64,mts_details_total,2021,88.488
gtm,sex_m,age_aggregate_y55_64,mts_details_total,2022,83.039
gtm,sex_m,age_aggregate_y55_64,mts_details_total,2023,89.574
gtm,sex_m,age_aggregate_y55_64,mts_details_union,2002,94.299
gtm,sex_m,age_aggregate_y55_64,mts_details_union,2003,84.314
gtm,sex_m,age_aggregate_y55_64,mts_details_union,2004,98.109
gtm,sex_m,age_aggregate_y55_64,mts_details_union,2006,92.306
gtm,sex_m,age_aggregate_y55_64,mts_details_union,2010,84.112
gtm,sex_m,age_aggregate_y55_64,mts_details_union,2011,93.77
gtm,sex_m,age_aggregate_y55_64,mts_details_union,2012,96.125
gtm,sex_m,age_aggregate_y55_64,mts_details_union,2013,93.791
gtm,sex_m,age_aggregate_y55_64,mts_details_union,2014,90.36
gtm,sex_m,age_aggregate_y55_64,mts_details_union,2015,89.628
gtm,sex_m,age_aggregate_y55_64,mts_details_union,2016,89.879
gtm,sex_m,age_aggregate_y55_64,mts_details_union,2017,91.676
gtm,sex_m,age_aggregate_y55_64,mts_details_union,2018,90.479
gtm,sex_m,age_aggregate_y55_64,mts_details_union,2019,89.831
gtm,sex_m,age_aggregate_y55_64,mts_details_union,2021,92.972
gtm,sex_m,age_aggregate_y55_64,mts_details_union,2022,89.327
gtm,sex_m,age_aggregate_y55_64,mts_details_union,2023,90.915
gtm,sex_m,age_aggregate_y55_64,mts_details_wid,2002,79.428
gtm,sex_m,age_aggregate_y55_64,mts_details_wid,2003,53.551
gtm,sex_m,age_aggregate_y55_64,mts_details_wid,2004,85.432
gtm,sex_m,age_aggregate_y55_64,mts_details_wid,2006,90.901
gtm,sex_m,age_aggregate_y55_64,mts_details_wid,2010,79.556
gtm,sex_m,age_aggregate_y55_64,mts_details_wid,2011,74.395
gtm,sex_m,age_aggregate_y55_64,mts_details_wid,2012,75.562
gtm,sex_m,age_aggregate_y55_64,mts_details_wid,2013,78.338
gtm,sex_m,age_aggregate_y55_64,mts_details_wid,2014,72.616
gtm,sex_m,age_aggregate_y55_64,mts_details_wid,2015,85.787
gtm,sex_m,age_aggregate_y55_64,mts_details_wid,2016,73.467
gtm,sex_m,age_aggregate_y55_64,mts_details_wid,2017,79.092
gtm,sex_m,age_aggregate_y55_64,mts_details_wid,2018,81.701
gtm,sex_m,age_aggregate_y55_64,mts_details_wid,2019,74.606
gtm,sex_m,age_aggregate_y55_64,mts_details_wid,2021,77.882
gtm,sex_m,age_aggregate_y55_64,mts_details_wid,2022,78.936
gtm,sex_m,age_aggregate_y55_64,mts_details_wid,2023,90.286
gtm,sex_m,age_aggregate_yge65,mts_aggregate_1,2002,63.876
gtm,sex_m,age_aggregate_yge65,mts_aggregate_1,2003,51.259
gtm,sex_m,age_aggregate_yge65,mts_aggregate_1,2004,45.392
gtm,sex_m,age_aggregate_yge65,mts_aggregate_1,2006,54.507
gtm,sex_m,age_aggregate_yge65,mts_aggregate_1,2010,46.645
gtm,sex_m,age_aggregate_yge65,mts_aggregate_1,2011,55.566
gtm,sex_m,age_aggregate_yge65,mts_aggregate_1,2012,53.009
gtm,sex_m,age_aggregate_yge65,mts_aggregate_1,2013,42.226
gtm,sex_m,age_aggregate_yge65,mts_aggregate_1,2014,46.188
gtm,sex_m,age_aggregate_yge65,mts_aggregate_1,2015,44.474
gtm,sex_m,age_aggregate_yge65,mts_aggregate_1,2016,42.369
gtm,sex_m,age_aggregate_yge65,mts_aggregate_1,2017,45.543
gtm,sex_m,age_aggregate_yge65,mts_aggregate_1,2018,44.17
gtm,sex_m,age_aggregate_yge65,mts_aggregate_1,2019,44.019
gtm,sex_m,age_aggregate_yge65,mts_aggregate_1,2021,47.591
gtm,sex_m,age_aggregate_yge65,mts_aggregate_1,2022,44.751
gtm,sex_m,age_aggregate_yge65,mts_aggregate_1,2023,48.812
gtm,sex_m,age_aggregate_yge65,mts_aggregate_2,2002,73.378
gtm,sex_m,age_aggregate_yge65,mts_aggregate_2,2003,69.73
gtm,sex_m,age_aggregate_yge65,mts_aggregate_2,2004,73.4
gtm,sex_m,age_aggregate_yge65,mts_aggregate_2,2006,70.244
gtm,sex_m,age_aggregate_yge65,mts_aggregate_2,2010,64.646
gtm,sex_m,age_aggregate_yge65,mts_aggregate_2,2011,64.105
gtm,sex_m,age_aggregate_yge65,mts_aggregate_2,2012,69.606
gtm,sex_m,age_aggregate_yge65,mts_aggregate_2,2013,61.043
gtm,sex_m,age_aggregate_yge65,mts_aggregate_2,2014,61.502
gtm,sex_m,age_aggregate_yge65,mts_aggregate_2,2015,62.946
gtm,sex_m,age_aggregate_yge65,mts_aggregate_2,2016,62.974
gtm,sex_m,age_aggregate_yge65,mts_aggregate_2,2017,64.528
gtm,sex_m,age_aggregate_yge65,mts_aggregate_2,2018,63.089
gtm,sex_m,age_aggregate_yge65,mts_aggregate_2,2019,60.446
gtm,sex_m,age_aggregate_yge65,mts_aggregate_2,2021,63.16
gtm,sex_m,age_aggregate_yge65,mts_aggregate_2,2022,57.422
gtm,sex_m,age_aggregate_yge65,mts_aggregate_2,2023,65.806
gtm,sex_m,age_aggregate_yge65,mts_aggregate_total,2002,70.992
gtm,sex_m,age_aggregate_yge65,mts_aggregate_total,2003,65.288
gtm,sex_m,age_aggregate_yge65,mts_aggregate_total,2004,65.442
gtm,sex_m,age_aggregate_yge65,mts_aggregate_total,2006,66.305
gtm,sex_m,age_aggregate_yge65,mts_aggregate_total,2010,59.969
gtm,sex_m,age_aggregate_yge65,mts_aggregate_total,2011,61.874
gtm,sex_m,age_aggregate_yge65,mts_aggregate_total,2012,65.539
gtm,sex_m,age_aggregate_yge65,mts_aggregate_total,2013,56.445
gtm,sex_m,age_aggregate_yge65,mts_aggregate_total,2014,57.05
gtm,sex_m,age_aggregate_yge65,mts_aggregate_total,2015,58.488
gtm,sex_m,age_aggregate_yge65,mts_aggregate_total,2016,57.548
gtm,sex_m,age_aggregate_yge65,mts_aggregate_total,2017,59.625
gtm,sex_m,age_aggregate_yge65,mts_aggregate_total,2018,58.717
gtm,sex_m,age_aggregate_yge65,mts_aggregate_total,2019,56.573
gtm,sex_m,age_aggregate_yge65,mts_aggregate_total,2021,59.289
gtm,sex_m,age_aggregate_yge65,mts_aggregate_total,2022,54.115
gtm,sex_m,age_aggregate_yge65,mts_aggregate_total,2023,61.049
gtm,sex_m,age_aggregate_yge65,mts_details_mrd,2002,74.929
gtm,sex_m,age_aggregate_yge65,mts_details_mrd,2003,71.007
gtm,sex_m,age_aggregate_yge65,mts_details_mrd,2004,72.064
gtm,sex_m,age_aggregate_yge65,mts_details_mrd,2006,74.059
gtm,sex_m,age_aggregate_yge65,mts_details_mrd,2010,63.303
gtm,sex_m,age_aggregate_yge65,mts_details_mrd,2011,65.045
gtm,sex_m,age_aggregate_yge65,mts_details_mrd,2012,68.125
gtm,sex_m,age_aggregate_yge65,mts_details_mrd,2013,58.627
gtm,sex_m,age_aggregate_yge65,mts_details_mrd,2014,60.996
gtm,sex_m,age_aggregate_yge65,mts_details_mrd,2015,61.111
gtm,sex_m,age_aggregate_yge65,mts_details_mrd,2016,62.06
gtm,sex_m,age_aggregate_yge65,mts_details_mrd,2017,63.69
gtm,sex_m,age_aggregate_yge65,mts_details_mrd,2018,60.545
gtm,sex_m,age_aggregate_yge65,mts_details_mrd,2019,58.483
gtm,sex_m,age_aggregate_yge65,mts_details_mrd,2021,61.102
gtm,sex_m,age_aggregate_yge65,mts_details_mrd,2022,55.381
gtm,sex_m,age_aggregate_yge65,mts_details_mrd,2023,64.322
gtm,sex_m,age_aggregate_yge65,mts_details_sep,2002,48.575
gtm,sex_m,age_aggregate_yge65,mts_details_sep,2003,43.651
gtm,sex_m,age_aggregate_yge65,mts_details_sep,2004,41.124
gtm,sex_m,age_aggregate_yge65,mts_details_sep,2006,54.759
gtm,sex_m,age_aggregate_yge65,mts_details_sep,2010,66.277
gtm,sex_m,age_aggregate_yge65,mts_details_sep,2011,55.073
gtm,sex_m,age_aggregate_yge65,mts_details_sep,2012,43.217
gtm,sex_m,age_aggregate_yge65,mts_details_sep,2013,35.772
gtm,sex_m,age_aggregate_yge65,mts_details_sep,2014,64.836
gtm,sex_m,age_aggregate_yge65,mts_details_sep,2015,61.98
gtm,sex_m,age_aggregate_yge65,mts_details_sep,2016,63.386
gtm,sex_m,age_aggregate_yge65,mts_details_sep,2017,49.426
gtm,sex_m,age_aggregate_yge65,mts_details_sep,2018,60.867
gtm,sex_m,age_aggregate_yge65,mts_details_sep,2019,49.838
gtm,sex_m,age_aggregate_yge65,mts_details_sep,2021,39.263
gtm,sex_m,age_aggregate_yge65,mts_details_sep,2022,50.907
gtm,sex_m,age_aggregate_yge65,mts_details_sep,2023,56.01
gtm,sex_m,age_aggregate_yge65,mts_details_sgle,2002,54.766
gtm,sex_m,age_aggregate_yge65,mts_details_sgle,2003,57.435
gtm,sex_m,age_aggregate_yge65,mts_details_sgle,2004,79.033
gtm,sex_m,age_aggregate_yge65,mts_details_sgle,2006,50.214
gtm,sex_m,age_aggregate_yge65,mts_details_sgle,2010,45.742
gtm,sex_m,age_aggregate_yge65,mts_details_sgle,2011,37.933
gtm,sex_m,age_aggregate_yge65,mts_details_sgle,2012,57.794
gtm,sex_m,age_aggregate_yge65,mts_details_sgle,2013,37.864
gtm,sex_m,age_aggregate_yge65,mts_details_sgle,2014,55.239
gtm,sex_m,age_aggregate_yge65,mts_details_sgle,2015,60.554
gtm,sex_m,age_aggregate_yge65,mts_details_sgle,2016,52.977
gtm,sex_m,age_aggregate_yge65,mts_details_sgle,2017,53.934
gtm,sex_m,age_aggregate_yge65,mts_details_sgle,2018,44.109
gtm,sex_m,age_aggregate_yge65,mts_details_sgle,2019,36.499
gtm,sex_m,age_aggregate_yge65,mts_details_sgle,2021,56.344
gtm,sex_m,age_aggregate_yge65,mts_details_sgle,2022,49.364
gtm,sex_m,age_aggregate_yge65,mts_details_sgle,2023,52.711
gtm,sex_m,age_aggregate_yge65,mts_details_total,2002,70.992
gtm,sex_m,age_aggregate_yge65,mts_details_total,2003,65.288
gtm,sex_m,age_aggregate_yge65,mts_details_total,2004,65.442
gtm,sex_m,age_aggregate_yge65,mts_details_total,2006,66.305
gtm,sex_m,age_aggregate_yge65,mts_details_total,2010,59.969
gtm,sex_m,age_aggregate_yge65,mts_details_total,2011,61.874
gtm,sex_m,age_aggregate_yge65,mts_details_total,2012,65.539
gtm,sex_m,age_aggregate_yge65,mts_details_total,2013,56.445
gtm,sex_m,age_aggregate_yge65,mts_details_total,2014,57.05
gtm,sex_m,age_aggregate_yge65,mts_details_total,2015,58.488
gtm,sex_m,age_aggregate_yge65,mts_details_total,2016,57.548
gtm,sex_m,age_aggregate_yge65,mts_details_total,2017,59.625
gtm,sex_m,age_aggregate_yge65,mts_details_total,2018,58.717
gtm,sex_m,age_aggregate_yge65,mts_details_total,2019,56.573
gtm,sex_m,age_aggregate_yge65,mts_details_total,2021,59.289
gtm,sex_m,age_aggregate_yge65,mts_details_total,2022,54.115
gtm,sex_m,age_aggregate_yge65,mts_details_total,2023,61.049
gtm,sex_m,age_aggregate_yge65,mts_details_union,2002,67.736
gtm,sex_m,age_aggregate_yge65,mts_details_union,2003,66.038
gtm,sex_m,age_aggregate_yge65,mts_details_union,2004,78.623
gtm,sex_m,age_aggregate_yge65,mts_details_union,2006,69.07
gtm,sex_m,age_aggregate_yge65,mts_details_union,2010,68.597
gtm,sex_m,age_aggregate_yge65,mts_details_union,2011,60.742
gtm,sex_m,age_aggregate_yge65,mts_details_union,2012,74.36
gtm,sex_m,age_aggregate_yge65,mts_details_union,2013,69.004
gtm,sex_m,age_aggregate_yge65,mts_details_union,2014,63.151
gtm,sex_m,age_aggregate_yge65,mts_details_union,2015,70.433
gtm,sex_m,age_aggregate_yge65,mts_details_union,2016,66.176
gtm,sex_m,age_aggregate_yge65,mts_details_union,2017,67.404
gtm,sex_m,age_aggregate_yge65,mts_details_union,2018,72.005
gtm,sex_m,age_aggregate_yge65,mts_details_union,2019,68.728
gtm,sex_m,age_aggregate_yge65,mts_details_union,2021,69.741
gtm,sex_m,age_aggregate_yge65,mts_details_union,2022,67.99
gtm,sex_m,age_aggregate_yge65,mts_details_union,2023,71.28
gtm,sex_m,age_aggregate_yge65,mts_details_wid,2002,69.282
gtm,sex_m,age_aggregate_yge65,mts_details_wid,2003,50.959
gtm,sex_m,age_aggregate_yge65,mts_details_wid,2004,40.907
gtm,sex_m,age_aggregate_yge65,mts_details_wid,2006,55.949
gtm,sex_m,age_aggregate_yge65,mts_details_wid,2010,42.574
gtm,sex_m,age_aggregate_yge65,mts_details_wid,2011,60.028
gtm,sex_m,age_aggregate_yge65,mts_details_wid,2012,52.889
gtm,sex_m,age_aggregate_yge65,mts_details_wid,2013,44.181
gtm,sex_m,age_aggregate_yge65,mts_details_wid,2014,40.639
gtm,sex_m,age_aggregate_yge65,mts_details_wid,2015,37.667
gtm,sex_m,age_aggregate_yge65,mts_details_wid,2016,34.704
gtm,sex_m,age_aggregate_yge65,mts_details_wid,2017,42.99
gtm,sex_m,age_aggregate_yge65,mts_details_wid,2018,38.618
gtm,sex_m,age_aggregate_yge65,mts_details_wid,2019,44.125
gtm,sex_m,age_aggregate_yge65,mts_details_wid,2021,47.743
gtm,sex_m,age_aggregate_yge65,mts_details_wid,2022,42.522
gtm,sex_m,age_aggregate_yge65,mts_details_wid,2023,45.481
gtm,sex_m,age_ythadult_y15_24,mts_aggregate_1,2002,74.558
gtm,sex_m,age_ythadult_y15_24,mts_aggregate_1,2003,73.506
gtm,sex_m,age_ythadult_y15_24,mts_aggregate_1,2004,70.461
gtm,sex_m,age_ythadult_y15_24,mts_aggregate_1,2006,72.086
gtm,sex_m,age_ythadult_y15_24,mts_aggregate_1,2010,60.316
gtm,sex_m,age_ythadult_y15_24,mts_aggregate_1,2011,61.506
gtm,sex_m,age_ythadult_y15_24,mts_aggregate_1,2012,69.6
gtm,sex_m,age_ythadult_y15_24,mts_aggregate_1,2013,58.728
gtm,sex_m,age_ythadult_y15_24,mts_aggregate_1,2014,61.26
gtm,sex_m,age_ythadult_y15_24,mts_aggregate_1,2015,64.721
gtm,sex_m,age_ythadult_y15_24,mts_aggregate_1,2016,62.949
gtm,sex_m,age_ythadult_y15_24,mts_aggregate_1,2017,66.506
gtm,sex_m,age_ythadult_y15_24,mts_aggregate_1,2018,65.225
gtm,sex_m,age_ythadult_y15_24,mts_aggregate_1,2019,64.194
gtm,sex_m,age_ythadult_y15_24,mts_aggregate_1,2021,66.852
gtm,sex_m,age_ythadult_y15_24,mts_aggregate_1,2022,62.741
gtm,sex_m,age_ythadult_y15_24,mts_aggregate_1,2023,70.548
gtm,sex_m,age_ythadult_y15_24,mts_aggregate_2,2002,95.001
gtm,sex_m,age_ythadult_y15_24,mts_aggregate_2,2003,96.332
gtm,sex_m,age_ythadult_y15_24,mts_aggregate_2,2004,95.655
gtm,sex_m,age_ythadult_y15_24,mts_aggregate_2,2006,96.708
gtm,sex_m,age_ythadult_y15_24,mts_aggregate_2,2010,90.524
gtm,sex_m,age_ythadult_y15_24,mts_aggregate_2,2011,94.404
gtm,sex_m,age_ythadult_y15_24,mts_aggregate_2,2012,96.622
gtm,sex_m,age_ythadult_y15_24,mts_aggregate_2,2013,89.224
gtm,sex_m,age_ythadult_y15_24,mts_aggregate_2,2014,93.138
gtm,sex_m,age_ythadult_y15_24,mts_aggregate_2,2015,92.575
gtm,sex_m,age_ythadult_y15_24,mts_aggregate_2,2016,94.993
gtm,sex_m,age_ythadult_y15_24,mts_aggregate_2,2017,97.153
gtm,sex_m,age_ythadult_y15_24,mts_aggregate_2,2018,94.347
gtm,sex_m,age_ythadult_y15_24,mts_aggregate_2,2019,94.584
gtm,sex_m,age_ythadult_y15_24,mts_aggregate_2,2021,97.034
gtm,sex_m,age_ythadult_y15_24,mts_aggregate_2,2022,92.359
gtm,sex_m,age_ythadult_y15_24,mts_aggregate_2,2023,95.889
gtm,sex_m,age_ythadult_y15_24,mts_aggregate_total,2002,79.438
gtm,sex_m,age_ythadult_y15_24,mts_aggregate_total,2003,78.696
gtm,sex_m,age_ythadult_y15_24,mts_aggregate_total,2004,73.289
gtm,sex_m,age_ythadult_y15_24,mts_aggregate_total,2006,77.434
gtm,sex_m,age_ythadult_y15_24,mts_aggregate_total,2010,65.873
gtm,sex_m,age_ythadult_y15_24,mts_aggregate_total,2011,67.888
gtm,sex_m,age_ythadult_y15_24,mts_aggregate_total,2012,74.205
gtm,sex_m,age_ythadult_y15_24,mts_aggregate_total,2013,64.676
gtm,sex_m,age_ythadult_y15_24,mts_aggregate_total,2014,67.919
gtm,sex_m,age_ythadult_y15_24,mts_aggregate_total,2015,69.9
gtm,sex_m,age_ythadult_y15_24,mts_aggregate_total,2016,68.697
gtm,sex_m,age_ythadult_y15_24,mts_aggregate_total,2017,71.757
gtm,sex_m,age_ythadult_y15_24,mts_aggregate_total,2018,70.289
gtm,sex_m,age_ythadult_y15_24,mts_aggregate_total,2019,68.811
gtm,sex_m,age_ythadult_y15_24,mts_aggregate_total,2021,72.561
gtm,sex_m,age_ythadult_y15_24,mts_aggregate_total,2022,67.905
gtm,sex_m,age_ythadult_y15_24,mts_aggregate_total,2023,75.472
gtm,sex_m,age_ythadult_y15_24,mts_details_mrd,2002,93.891
gtm,sex_m,age_ythadult_y15_24,mts_details_mrd,2003,98.774
gtm,sex_m,age_ythadult_y15_24,mts_details_mrd,2004,96.633
gtm,sex_m,age_ythadult_y15_24,mts_details_mrd,2006,96.632
gtm,sex_m,age_ythadult_y15_24,mts_details_mrd,2010,91.584
gtm,sex_m,age_ythadult_y15_24,mts_details_mrd,2011,91.903
gtm,sex_m,age_ythadult_y15_24,mts_details_mrd,2012,96.546
gtm,sex_m,age_ythadult_y15_24,mts_details_mrd,2013,87.341
gtm,sex_m,age_ythadult_y15_24,mts_details_mrd,2014,94.268
gtm,sex_m,age_ythadult_y15_24,mts_details_mrd,2015,93.146
gtm,sex_m,age_ythadult_y15_24,mts_details_mrd,2016,94.398
gtm,sex_m,age_ythadult_y15_24,mts_details_mrd,2017,97.154
gtm,sex_m,age_ythadult_y15_24,mts_details_mrd,2018,95.038
gtm,sex_m,age_ythadult_y15_24,mts_details_mrd,2019,94.994
gtm,sex_m,age_ythadult_y15_24,mts_details_mrd,2021,98.453
gtm,sex_m,age_ythadult_y15_24,mts_details_mrd,2022,91.592
gtm,sex_m,age_ythadult_y15_24,mts_details_mrd,2023,95.207
gtm,sex_m,age_ythadult_y15_24,mts_details_sep,2002,87.415
gtm,sex_m,age_ythadult_y15_24,mts_details_sep,2003,84.04
gtm,sex_m,age_ythadult_y15_24,mts_details_sep,2004,98.906
gtm,sex_m,age_ythadult_y15_24,mts_details_sep,2006,82.797
gtm,sex_m,age_ythadult_y15_24,mts_details_sep,2010,57.775
gtm,sex_m,age_ythadult_y15_24,mts_details_sep,2011,45.065
gtm,sex_m,age_ythadult_y15_24,mts_details_sep,2013,83.21
gtm,sex_m,age_ythadult_y15_24,mts_details_sep,2014,50.954
gtm,sex_m,age_ythadult_y15_24,mts_details_sep,2015,79.75
gtm,sex_m,age_ythadult_y15_24,mts_details_sep,2016,92.107
gtm,sex_m,age_ythadult_y15_24,mts_details_sep,2017,88.389
gtm,sex_m,age_ythadult_y15_24,mts_details_sep,2018,74.579
gtm,sex_m,age_ythadult_y15_24,mts_details_sep,2019,74.766
gtm,sex_m,age_ythadult_y15_24,mts_details_sep,2021,88.898
gtm,sex_m,age_ythadult_y15_24,mts_details_sep,2023,79.321
gtm,sex_m,age_ythadult_y15_24,mts_details_sgle,2002,74.488
gtm,sex_m,age_ythadult_y15_24,mts_details_sgle,2003,73.417
gtm,sex_m,age_ythadult_y15_24,mts_details_sgle,2004,70.259
gtm,sex_m,age_ythadult_y15_24,mts_details_sgle,2006,72.011
gtm,sex_m,age_ythadult_y15_24,mts_details_sgle,2010,60.334
gtm,sex_m,age_ythadult_y15_24,mts_details_sgle,2011,61.676
gtm,sex_m,age_ythadult_y15_24,mts_details_sgle,2012,69.6
gtm,sex_m,age_ythadult_y15_24,mts_details_sgle,2013,58.562
gtm,sex_m,age_ythadult_y15_24,mts_details_sgle,2014,61.35
gtm,sex_m,age_ythadult_y15_24,mts_details_sgle,2015,64.602
gtm,sex_m,age_ythadult_y15_24,mts_details_sgle,2016,62.842
gtm,sex_m,age_ythadult_y15_24,mts_details_sgle,2017,66.326
gtm,sex_m,age_ythadult_y15_24,mts_details_sgle,2018,65.13
gtm,sex_m,age_ythadult_y15_24,mts_details_sgle,2019,64.128
gtm,sex_m,age_ythadult_y15_24,mts_details_sgle,2021,66.71
gtm,sex_m,age_ythadult_y15_24,mts_details_sgle,2022,62.587
gtm,sex_m,age_ythadult_y15_24,mts_details_sgle,2023,70.496
gtm,sex_m,age_ythadult_y15_24,mts_details_total,2002,79.438
gtm,sex_m,age_ythadult_y15_24,mts_details_total,2003,78.696
gtm,sex_m,age_ythadult_y15_24,mts_details_total,2004,73.289
gtm,sex_m,age_ythadult_y15_24,mts_details_total,2006,77.434
gtm,sex_m,age_ythadult_y15_24,mts_details_total,2010,65.873
gtm,sex_m,age_ythadult_y15_24,mts_details_total,2011,67.888
gtm,sex_m,age_ythadult_y15_24,mts_details_total,2012,74.205
gtm,sex_m,age_ythadult_y15_24,mts_details_total,2013,64.676
gtm,sex_m,age_ythadult_y15_24,mts_details_total,2014,67.919
gtm,sex_m,age_ythadult_y15_24,mts_details_total,2015,69.9
gtm,sex_m,age_ythadult_y15_24,mts_details_total,2016,68.697
gtm,sex_m,age_ythadult_y15_24,mts_details_total,2017,71.757
gtm,sex_m,age_ythadult_y15_24,mts_details_total,2018,70.289
gtm,sex_m,age_ythadult_y15_24,mts_details_total,2019,68.811
gtm,sex_m,age_ythadult_y15_24,mts_details_total,2021,72.561
gtm,sex_m,age_ythadult_y15_24,mts_details_total,2022,67.905
gtm,sex_m,age_ythadult_y15_24,mts_details_total,2023,75.472
gtm,sex_m,age_ythadult_y15_24,mts_details_union,2002,96.37
gtm,sex_m,age_ythadult_y15_24,mts_details_union,2003,93.624
gtm,sex_m,age_ythadult_y15_24,mts_details_union,2004,94.505
gtm,sex_m,age_ythadult_y15_24,mts_details_union,2006,96.808
gtm,sex_m,age_ythadult_y15_24,mts_details_union,2010,89.903
gtm,sex_m,age_ythadult_y15_24,mts_details_union,2011,95.835
gtm,sex_m,age_ythadult_y15_24,mts_details_union,2012,96.681
gtm,sex_m,age_ythadult_y15_24,mts_details_union,2013,90.4
gtm,sex_m,age_ythadult_y15_24,mts_details_union,2014,92.26
gtm,sex_m,age_ythadult_y15_24,mts_details_union,2015,92.235
gtm,sex_m,age_ythadult_y15_24,mts_details_union,2016,95.318
gtm,sex_m,age_ythadult_y15_24,mts_details_union,2017,97.152
gtm,sex_m,age_ythadult_y15_24,mts_details_union,2018,94.006
gtm,sex_m,age_ythadult_y15_24,mts_details_union,2019,94.424
gtm,sex_m,age_ythadult_y15_24,mts_details_union,2021,96.418
gtm,sex_m,age_ythadult_y15_24,mts_details_union,2022,92.609
gtm,sex_m,age_ythadult_y15_24,mts_details_union,2023,96.132
gtm,sex_m,age_ythadult_y15_24,mts_details_wid,2004,62.833
gtm,sex_m,age_ythadult_y15_24,mts_details_wid,2006,100
gtm,sex_m,age_ythadult_y15_64,mts_aggregate_1,2002,77.167
gtm,sex_m,age_ythadult_y15_64,mts_aggregate_1,2003,76.249
gtm,sex_m,age_ythadult_y15_64,mts_aggregate_1,2004,74.507
gtm,sex_m,age_ythadult_y15_64,mts_aggregate_1,2006,76.111
gtm,sex_m,age_ythadult_y15_64,mts_aggregate_1,2010,65.76
gtm,sex_m,age_ythadult_y15_64,mts_aggregate_1,2011,67.751
gtm,sex_m,age_ythadult_y15_64,mts_aggregate_1,2012,74.029
gtm,sex_m,age_ythadult_y15_64,mts_aggregate_1,2013,65.622
gtm,sex_m,age_ythadult_y15_64,mts_aggregate_1,2014,67.364
gtm,sex_m,age_ythadult_y15_64,mts_aggregate_1,2015,70.297
gtm,sex_m,age_ythadult_y15_64,mts_aggregate_1,2016,69.013
gtm,sex_m,age_ythadult_y15_64,mts_aggregate_1,2017,72.152
gtm,sex_m,age_ythadult_y15_64,mts_aggregate_1,2018,71.919
gtm,sex_m,age_ythadult_y15_64,mts_aggregate_1,2019,70.944
gtm,sex_m,age_ythadult_y15_64,mts_aggregate_1,2021,72.725
gtm,sex_m,age_ythadult_y15_64,mts_aggregate_1,2022,69.861
gtm,sex_m,age_ythadult_y15_64,mts_aggregate_1,2023,76.59
gtm,sex_m,age_ythadult_y15_64,mts_aggregate_2,2002,95.949
gtm,sex_m,age_ythadult_y15_64,mts_aggregate_2,2003,95.983
gtm,sex_m,age_ythadult_y15_64,mts_aggregate_2,2004,96.354
gtm,sex_m,age_ythadult_y15_64,mts_aggregate_2,2006,97.033
gtm,sex_m,age_ythadult_y15_64,mts_aggregate_2,2010,90.302
gtm,sex_m,age_ythadult_y15_64,mts_aggregate_2,2011,94.451
gtm,sex_m,age_ythadult_y15_64,mts_aggregate_2,2012,96.12
gtm,sex_m,age_ythadult_y15_64,mts_aggregate_2,2013,94.612
gtm,sex_m,age_ythadult_y15_64,mts_aggregate_2,2014,95.221
gtm,sex_m,age_ythadult_y15_64,mts_aggregate_2,2015,95.832
gtm,sex_m,age_ythadult_y15_64,mts_aggregate_2,2016,95.547
gtm,sex_m,age_ythadult_y15_64,mts_aggregate_2,2017,96.471
gtm,sex_m,age_ythadult_y15_64,mts_aggregate_2,2018,96.018
gtm,sex_m,age_ythadult_y15_64,mts_aggregate_2,2019,95.8
gtm,sex_m,age_ythadult_y15_64,mts_aggregate_2,2021,96.159
gtm,sex_m,age_ythadult_y15_64,mts_aggregate_2,2022,93.8
gtm,sex_m,age_ythadult_y15_64,mts_aggregate_2,2023,96.671
gtm,sex_m,age_ythadult_y15_64,mts_aggregate_total,2002,88.47
gtm,sex_m,age_ythadult_y15_64,mts_aggregate_total,2003,88.135
gtm,sex_m,age_ythadult_y15_64,mts_aggregate_total,2004,84.953
gtm,sex_m,age_ythadult_y15_64,mts_aggregate_total,2006,88.925
gtm,sex_m,age_ythadult_y15_64,mts_aggregate_total,2010,79.792
gtm,sex_m,age_ythadult_y15_64,mts_aggregate_total,2011,83.131
gtm,sex_m,age_ythadult_y15_64,mts_aggregate_total,2012,86.887
gtm,sex_m,age_ythadult_y15_64,mts_aggregate_total,2013,82.769
gtm,sex_m,age_ythadult_y15_64,mts_aggregate_total,2014,83.872
gtm,sex_m,age_ythadult_y15_64,mts_aggregate_total,2015,85.047
gtm,sex_m,age_ythadult_y15_64,mts_aggregate_total,2016,84.382
gtm,sex_m,age_ythadult_y15_64,mts_aggregate_total,2017,86.09
gtm,sex_m,age_ythadult_y15_64,mts_aggregate_total,2018,85.783
gtm,sex_m,age_ythadult_y15_64,mts_aggregate_total,2019,84.983
gtm,sex_m,age_ythadult_y15_64,mts_aggregate_total,2021,86.48
gtm,sex_m,age_ythadult_y15_64,mts_aggregate_total,2022,84.334
gtm,sex_m,age_ythadult_y15_64,mts_aggregate_total,2023,88.395
gtm,sex_m,age_ythadult_y15_64,mts_details_mrd,2002,95.791
gtm,sex_m,age_ythadult_y15_64,mts_details_mrd,2003,96.068
gtm,sex_m,age_ythadult_y15_64,mts_details_mrd,2004,96.352
gtm,sex_m,age_ythadult_y15_64,mts_details_mrd,2006,97.214
gtm,sex_m,age_ythadult_y15_64,mts_details_mrd,2010,91.469
gtm,sex_m,age_ythadult_y15_64,mts_details_mrd,2011,94.044
gtm,sex_m,age_ythadult_y15_64,mts_details_mrd,2012,95.885
gtm,sex_m,age_ythadult_y15_64,mts_details_mrd,2013,94.782
gtm,sex_m,age_ythadult_y15_64,mts_details_mrd,2014,95.344
gtm,sex_m,age_ythadult_y15_64,mts_details_mrd,2015,95.818
gtm,sex_m,age_ythadult_y15_64,mts_details_mrd,2016,95.163
gtm,sex_m,age_ythadult_y15_64,mts_details_mrd,2017,96.268
gtm,sex_m,age_ythadult_y15_64,mts_details_mrd,2018,95.938
gtm,sex_m,age_ythadult_y15_64,mts_details_mrd,2019,95.516
gtm,sex_m,age_ythadult_y15_64,mts_details_mrd,2021,95.777
gtm,sex_m,age_ythadult_y15_64,mts_details_mrd,2022,92.636
gtm,sex_m,age_ythadult_y15_64,mts_details_mrd,2023,96.35
gtm,sex_m,age_ythadult_y15_64,mts_details_sep,2002,87.171
gtm,sex_m,age_ythadult_y15_64,mts_details_sep,2003,88.713
gtm,sex_m,age_ythadult_y15_64,mts_details_sep,2004,89.11
gtm,sex_m,age_ythadult_y15_64,mts_details_sep,2006,88.122
gtm,sex_m,age_ythadult_y15_64,mts_details_sep,2010,81.164
gtm,sex_m,age_ythadult_y15_64,mts_details_sep,2011,80.772
gtm,sex_m,age_ythadult_y15_64,mts_details_sep,2012,89.256
gtm,sex_m,age_ythadult_y15_64,mts_details_sep,2013,89.641
gtm,sex_m,age_ythadult_y15_64,mts_details_sep,2014,84.009
gtm,sex_m,age_ythadult_y15_64,mts_details_sep,2015,88.365
gtm,sex_m,age_ythadult_y15_64,mts_details_sep,2016,88.427
gtm,sex_m,age_ythadult_y15_64,mts_details_sep,2017,90.938
gtm,sex_m,age_ythadult_y15_64,mts_details_sep,2018,90.036
gtm,sex_m,age_ythadult_y15_64,mts_details_sep,2019,86.351
gtm,sex_m,age_ythadult_y15_64,mts_details_sep,2021,88.396
gtm,sex_m,age_ythadult_y15_64,mts_details_sep,2022,84.882
gtm,sex_m,age_ythadult_y15_64,mts_details_sep,2023,91.119
gtm,sex_m,age_ythadult_y15_64,mts_details_sgle,2002,76.666
gtm,sex_m,age_ythadult_y15_64,mts_details_sgle,2003,75.763
gtm,sex_m,age_ythadult_y15_64,mts_details_sgle,2004,73.41
gtm,sex_m,age_ythadult_y15_64,mts_details_sgle,2006,75.118
gtm,sex_m,age_ythadult_y15_64,mts_details_sgle,2010,64.647
gtm,sex_m,age_ythadult_y15_64,mts_details_sgle,2011,66.507
gtm,sex_m,age_ythadult_y15_64,mts_details_sgle,2012,73.118
gtm,sex_m,age_ythadult_y15_64,mts_details_sgle,2013,64.12
gtm,sex_m,age_ythadult_y15_64,mts_details_sgle,2014,66.21
gtm,sex_m,age_ythadult_y15_64,mts_details_sgle,2015,68.898
gtm,sex_m,age_ythadult_y15_64,mts_details_sgle,2016,67.618
gtm,sex_m,age_ythadult_y15_64,mts_details_sgle,2017,70.666
gtm,sex_m,age_ythadult_y15_64,mts_details_sgle,2018,70.473
gtm,sex_m,age_ythadult_y15_64,mts_details_sgle,2019,69.876
gtm,sex_m,age_ythadult_y15_64,mts_details_sgle,2021,71.318
gtm,sex_m,age_ythadult_y15_64,mts_details_sgle,2022,68.759
gtm,sex_m,age_ythadult_y15_64,mts_details_sgle,2023,75.18
gtm,sex_m,age_ythadult_y15_64,mts_details_total,2002,88.47
gtm,sex_m,age_ythadult_y15_64,mts_details_total,2003,88.135
gtm,sex_m,age_ythadult_y15_64,mts_details_total,2004,84.953
gtm,sex_m,age_ythadult_y15_64,mts_details_total,2006,88.925
gtm,sex_m,age_ythadult_y15_64,mts_details_total,2010,79.792
gtm,sex_m,age_ythadult_y15_64,mts_details_total,2011,83.131
gtm,sex_m,age_ythadult_y15_64,mts_details_total,2012,86.887
gtm,sex_m,age_ythadult_y15_64,mts_details_total,2013,82.769
gtm,sex_m,age_ythadult_y15_64,mts_details_total,2014,83.872
gtm,sex_m,age_ythadult_y15_64,mts_details_total,2015,85.047
gtm,sex_m,age_ythadult_y15_64,mts_details_total,2016,84.382
gtm,sex_m,age_ythadult_y15_64,mts_details_total,2017,86.09
gtm,sex_m,age_ythadult_y15_64,mts_details_total,2018,85.783
gtm,sex_m,age_ythadult_y15_64,mts_details_total,2019,84.983
gtm,sex_m,age_ythadult_y15_64,mts_details_total,2021,86.48
gtm,sex_m,age_ythadult_y15_64,mts_details_total,2022,84.334
gtm,sex_m,age_ythadult_y15_64,mts_details_total,2023,88.395
gtm,sex_m,age_ythadult_y15_64,mts_details_union,2002,96.286
gtm,sex_m,age_ythadult_y15_64,mts_details_union,2003,95.793
gtm,sex_m,age_ythadult_y15_64,mts_details_union,2004,96.357
gtm,sex_m,age_ythadult_y15_64,mts_details_union,2006,96.934
gtm,sex_m,age_ythadult_y15_64,mts_details_union,2010,88.359
gtm,sex_m,age_ythadult_y15_64,mts_details_union,2011,95.15
gtm,sex_m,age_ythadult_y15_64,mts_details_union,2012,96.567
gtm,sex_m,age_ythadult_y15_64,mts_details_union,2013,94.3
gtm,sex_m,age_ythadult_y15_64,mts_details_union,2014,94.97
gtm,sex_m,age_ythadult_y15_64,mts_details_union,2015,95.857
gtm,sex_m,age_ythadult_y15_64,mts_details_union,2016,96.164
gtm,sex_m,age_ythadult_y15_64,mts_details_union,2017,96.824
gtm,sex_m,age_ythadult_y15_64,mts_details_union,2018,96.156
gtm,sex_m,age_ythadult_y15_64,mts_details_union,2019,96.318
gtm,sex_m,age_ythadult_y15_64,mts_details_union,2021,96.765
gtm,sex_m,age_ythadult_y15_64,mts_details_union,2022,95.844
gtm,sex_m,age_ythadult_y15_64,mts_details_union,2023,97.141
gtm,sex_m,age_ythadult_y15_64,mts_details_wid,2002,83.105
gtm,sex_m,age_ythadult_y15_64,mts_details_wid,2003,76.828
gtm,sex_m,age_ythadult_y15_64,mts_details_wid,2004,87.595
gtm,sex_m,age_ythadult_y15_64,mts_details_wid,2006,91.007
gtm,sex_m,age_ythadult_y15_64,mts_details_wid,2010,82.358
gtm,sex_m,age_ythadult_y15_64,mts_details_wid,2011,85.316
gtm,sex_m,age_ythadult_y15_64,mts_details_wid,2012,81.562
gtm,sex_m,age_ythadult_y15_64,mts_details_wid,2013,84.63
gtm,sex_m,age_ythadult_y15_64,mts_details_wid,2014,79.421
gtm,sex_m,age_ythadult_y15_64,mts_details_wid,2015,88.577
gtm,sex_m,age_ythadult_y15_64,mts_details_wid,2016,82.274
gtm,sex_m,age_ythadult_y15_64,mts_details_wid,2017,86.926
gtm,sex_m,age_ythadult_y15_64,mts_details_wid,2018,87.978
gtm,sex_m,age_ythadult_y15_64,mts_details_wid,2019,80.859
gtm,sex_m,age_ythadult_y15_64,mts_details_wid,2021,86.406
gtm,sex_m,age_ythadult_y15_64,mts_details_wid,2022,85.108
gtm,sex_m,age_ythadult_y15_64,mts_details_wid,2023,92.378
gtm,sex_m,age_ythadult_yge15,mts_aggregate_1,2002,76.59
gtm,sex_m,age_ythadult_yge15,mts_aggregate_1,2003,75.319
gtm,sex_m,age_ythadult_yge15,mts_aggregate_1,2004,72.955
gtm,sex_m,age_ythadult_yge15,mts_aggregate_1,2006,74.866
gtm,sex_m,age_ythadult_yge15,mts_aggregate_1,2010,64.787
gtm,sex_m,age_ythadult_yge15,mts_aggregate_1,2011,67.153
gtm,sex_m,age_ythadult_yge15,mts_aggregate_1,2012,72.934
gtm,sex_m,age_ythadult_yge15,mts_aggregate_1,2013,64.452
gtm,sex_m,age_ythadult_yge15,mts_aggregate_1,2014,66.006
gtm,sex_m,age_ythadult_yge15,mts_aggregate_1,2015,69.024
gtm,sex_m,age_ythadult_yge15,mts_aggregate_1,2016,67.511
gtm,sex_m,age_ythadult_yge15,mts_aggregate_1,2017,70.582
gtm,sex_m,age_ythadult_yge15,mts_aggregate_1,2018,70.424
gtm,sex_m,age_ythadult_yge15,mts_aggregate_1,2019,69.41
gtm,sex_m,age_ythadult_yge15,mts_aggregate_1,2021,71.314
gtm,sex_m,age_ythadult_yge15,mts_aggregate_1,2022,67.965
gtm,sex_m,age_ythadult_yge15,mts_aggregate_1,2023,74.578
gtm,sex_m,age_ythadult_yge15,mts_aggregate_2,2002,94.095
gtm,sex_m,age_ythadult_yge15,mts_aggregate_2,2003,94.026
gtm,sex_m,age_ythadult_yge15,mts_aggregate_2,2004,94.182
gtm,sex_m,age_ythadult_yge15,mts_aggregate_2,2006,94.249
gtm,sex_m,age_ythadult_yge15,mts_aggregate_2,2010,87.616
gtm,sex_m,age_ythadult_yge15,mts_aggregate_2,2011,91.531
gtm,sex_m,age_ythadult_yge15,mts_aggregate_2,2012,93.245
gtm,sex_m,age_ythadult_yge15,mts_aggregate_2,2013,91.219
gtm,sex_m,age_ythadult_yge15,mts_aggregate_2,2014,91.744
gtm,sex_m,age_ythadult_yge15,mts_aggregate_2,2015,92.329
gtm,sex_m,age_ythadult_yge15,mts_aggregate_2,2016,92.022
gtm,sex_m,age_ythadult_yge15,mts_aggregate_2,2017,92.693
gtm,sex_m,age_ythadult_yge15,mts_aggregate_2,2018,91.977
gtm,sex_m,age_ythadult_yge15,mts_aggregate_2,2019,91.166
gtm,sex_m,age_ythadult_yge15,mts_aggregate_2,2021,92.454
gtm,sex_m,age_ythadult_yge15,mts_aggregate_2,2022,89.019
gtm,sex_m,age_ythadult_yge15,mts_aggregate_2,2023,92.863
gtm,sex_m,age_ythadult_yge15,mts_aggregate_total,2002,87.297
gtm,sex_m,age_ythadult_yge15,mts_aggregate_total,2003,86.763
gtm,sex_m,age_ythadult_yge15,mts_aggregate_total,2004,83.455
gtm,sex_m,age_ythadult_yge15,mts_aggregate_total,2006,86.968
gtm,sex_m,age_ythadult_yge15,mts_aggregate_total,2010,78.144
gtm,sex_m,age_ythadult_yge15,mts_aggregate_total,2011,81.497
gtm,sex_m,age_ythadult_yge15,mts_aggregate_total,2012,85.057
gtm,sex_m,age_ythadult_yge15,mts_aggregate_total,2013,80.639
gtm,sex_m,age_ythadult_yge15,mts_aggregate_total,2014,81.523
gtm,sex_m,age_ythadult_yge15,mts_aggregate_total,2015,82.836
gtm,sex_m,age_ythadult_yge15,mts_aggregate_total,2016,82.044
gtm,sex_m,age_ythadult_yge15,mts_aggregate_total,2017,83.604
gtm,sex_m,age_ythadult_yge15,mts_aggregate_total,2018,83.218
gtm,sex_m,age_ythadult_yge15,mts_aggregate_total,2019,82.133
gtm,sex_m,age_ythadult_yge15,mts_aggregate_total,2021,84.035
gtm,sex_m,age_ythadult_yge15,mts_aggregate_total,2022,81.005
gtm,sex_m,age_ythadult_yge15,mts_aggregate_total,2023,85.577
gtm,sex_m,age_ythadult_yge15,mts_details_mrd,2002,93.838
gtm,sex_m,age_ythadult_yge15,mts_details_mrd,2003,94.065
gtm,sex_m,age_ythadult_yge15,mts_details_mrd,2004,93.673
gtm,sex_m,age_ythadult_yge15,mts_details_mrd,2006,95.546
gtm,sex_m,age_ythadult_yge15,mts_details_mrd,2010,88.017
gtm,sex_m,age_ythadult_yge15,mts_details_mrd,2011,90.67
gtm,sex_m,age_ythadult_yge15,mts_details_mrd,2012,92.447
gtm,sex_m,age_ythadult_yge15,mts_details_mrd,2013,90.531
gtm,sex_m,age_ythadult_yge15,mts_details_mrd,2014,91.364
gtm,sex_m,age_ythadult_yge15,mts_details_mrd,2015,91.245
gtm,sex_m,age_ythadult_yge15,mts_details_mrd,2016,90.764
gtm,sex_m,age_ythadult_yge15,mts_details_mrd,2017,91.688
gtm,sex_m,age_ythadult_yge15,mts_details_mrd,2018,90.731
gtm,sex_m,age_ythadult_yge15,mts_details_mrd,2019,89.633
gtm,sex_m,age_ythadult_yge15,mts_details_mrd,2021,91.071
gtm,sex_m,age_ythadult_yge15,mts_details_mrd,2022,86.452
gtm,sex_m,age_ythadult_yge15,mts_details_mrd,2023,91.324
gtm,sex_m,age_ythadult_yge15,mts_details_sep,2002,81.173
gtm,sex_m,age_ythadult_yge15,mts_details_sep,2003,84.263
gtm,sex_m,age_ythadult_yge15,mts_details_sep,2004,81.999
gtm,sex_m,age_ythadult_yge15,mts_details_sep,2006,83.67
gtm,sex_m,age_ythadult_yge15,mts_details_sep,2010,78.974
gtm,sex_m,age_ythadult_yge15,mts_details_sep,2011,77.941
gtm,sex_m,age_ythadult_yge15,mts_details_sep,2012,84.88
gtm,sex_m,age_ythadult_yge15,mts_details_sep,2013,82.093
gtm,sex_m,age_ythadult_yge15,mts_details_sep,2014,80.289
gtm,sex_m,age_ythadult_yge15,mts_details_sep,2015,84.131
gtm,sex_m,age_ythadult_yge15,mts_details_sep,2016,84.064
gtm,sex_m,age_ythadult_yge15,mts_details_sep,2017,84.44
gtm,sex_m,age_ythadult_yge15,mts_details_sep,2018,84.532
gtm,sex_m,age_ythadult_yge15,mts_details_sep,2019,81.02
gtm,sex_m,age_ythadult_yge15,mts_details_sep,2021,81.594
gtm,sex_m,age_ythadult_yge15,mts_details_sep,2022,79.096
gtm,sex_m,age_ythadult_yge15,mts_details_sep,2023,83.518
gtm,sex_m,age_ythadult_yge15,mts_details_sgle,2002,76.494
gtm,sex_m,age_ythadult_yge15,mts_details_sgle,2003,75.642
gtm,sex_m,age_ythadult_yge15,mts_details_sgle,2004,73.45
gtm,sex_m,age_ythadult_yge15,mts_details_sgle,2006,74.755
gtm,sex_m,age_ythadult_yge15,mts_details_sgle,2010,64.47
gtm,sex_m,age_ythadult_yge15,mts_details_sgle,2011,66.227
gtm,sex_m,age_ythadult_yge15,mts_details_sgle,2012,72.942
gtm,sex_m,age_ythadult_yge15,mts_details_sgle,2013,63.92
gtm,sex_m,age_ythadult_yge15,mts_details_sgle,2014,66.126
gtm,sex_m,age_ythadult_yge15,mts_details_sgle,2015,68.852
gtm,sex_m,age_ythadult_yge15,mts_details_sgle,2016,67.501
gtm,sex_m,age_ythadult_yge15,mts_details_sgle,2017,70.518
gtm,sex_m,age_ythadult_yge15,mts_details_sgle,2018,70.284
gtm,sex_m,age_ythadult_yge15,mts_details_sgle,2019,69.609
gtm,sex_m,age_ythadult_yge15,mts_details_sgle,2021,71.175
gtm,sex_m,age_ythadult_yge15,mts_details_sgle,2022,68.467
gtm,sex_m,age_ythadult_yge15,mts_details_sgle,2023,74.921
gtm,sex_m,age_ythadult_yge15,mts_details_total,2002,87.297
gtm,sex_m,age_ythadult_yge15,mts_details_total,2003,86.763
gtm,sex_m,age_ythadult_yge15,mts_details_total,2004,83.455
gtm,sex_m,age_ythadult_yge15,mts_details_total,2006,86.968
gtm,sex_m,age_ythadult_yge15,mts_details_total,2010,78.144
gtm,sex_m,age_ythadult_yge15,mts_details_total,2011,81.497
gtm,sex_m,age_ythadult_yge15,mts_details_total,2012,85.057
gtm,sex_m,age_ythadult_yge15,mts_details_total,2013,80.639
gtm,sex_m,age_ythadult_yge15,mts_details_total,2014,81.523
gtm,sex_m,age_ythadult_yge15,mts_details_total,2015,82.836
gtm,sex_m,age_ythadult_yge15,mts_details_total,2016,82.044
gtm,sex_m,age_ythadult_yge15,mts_details_total,2017,83.604
gtm,sex_m,age_ythadult_yge15,mts_details_total,2018,83.218
gtm,sex_m,age_ythadult_yge15,mts_details_total,2019,82.133
gtm,sex_m,age_ythadult_yge15,mts_details_total,2021,84.035
gtm,sex_m,age_ythadult_yge15,mts_details_total,2022,81.005
gtm,sex_m,age_ythadult_yge15,mts_details_total,2023,85.577
gtm,sex_m,age_ythadult_yge15,mts_details_union,2002,94.662
gtm,sex_m,age_ythadult_yge15,mts_details_union,2003,93.939
gtm,sex_m,age_ythadult_yge15,mts_details_union,2004,95.279
gtm,sex_m,age_ythadult_yge15,mts_details_union,2006,93.583
gtm,sex_m,age_ythadult_yge15,mts_details_union,2010,86.911
gtm,sex_m,age_ythadult_yge15,mts_details_union,2011,93.105
gtm,sex_m,age_ythadult_yge15,mts_details_union,2012,94.847
gtm,sex_m,age_ythadult_yge15,mts_details_union,2013,92.552
gtm,sex_m,age_ythadult_yge15,mts_details_union,2014,92.556
gtm,sex_m,age_ythadult_yge15,mts_details_union,2015,94.336
gtm,sex_m,age_ythadult_yge15,mts_details_union,2016,94.196
gtm,sex_m,age_ythadult_yge15,mts_details_union,2017,94.572
gtm,sex_m,age_ythadult_yge15,mts_details_union,2018,94.282
gtm,sex_m,age_ythadult_yge15,mts_details_union,2019,94.237
gtm,sex_m,age_ythadult_yge15,mts_details_union,2021,94.811
gtm,sex_m,age_ythadult_yge15,mts_details_union,2022,94.083
gtm,sex_m,age_ythadult_yge15,mts_details_union,2023,95.358
gtm,sex_m,age_ythadult_yge15,mts_details_wid,2002,74.519
gtm,sex_m,age_ythadult_yge15,mts_details_wid,2003,61.499
gtm,sex_m,age_ythadult_yge15,mts_details_wid,2004,58.089
gtm,sex_m,age_ythadult_yge15,mts_details_wid,2006,67.756
gtm,sex_m,age_ythadult_yge15,mts_details_wid,2010,56.306
gtm,sex_m,age_ythadult_yge15,mts_details_wid,2011,71.423
gtm,sex_m,age_ythadult_yge15,mts_details_wid,2012,62.619
gtm,sex_m,age_ythadult_yge15,mts_details_wid,2013,58.482
gtm,sex_m,age_ythadult_yge15,mts_details_wid,2014,53.11
gtm,sex_m,age_ythadult_yge15,mts_details_wid,2015,56.241
gtm,sex_m,age_ythadult_yge15,mts_details_wid,2016,50.048
gtm,sex_m,age_ythadult_yge15,mts_details_wid,2017,56.081
gtm,sex_m,age_ythadult_yge15,mts_details_wid,2018,56.916
gtm,sex_m,age_ythadult_yge15,mts_details_wid,2019,55.297
gtm,sex_m,age_ythadult_yge15,mts_details_wid,2021,61.496
gtm,sex_m,age_ythadult_yge15,mts_details_wid,2022,53.096
gtm,sex_m,age_ythadult_yge15,mts_details_wid,2023,60.557
gtm,sex_m,age_ythadult_yge25,mts_aggregate_1,2002,81.487
gtm,sex_m,age_ythadult_yge25,mts_aggregate_1,2003,80.192
gtm,sex_m,age_ythadult_yge25,mts_aggregate_1,2004,79.004
gtm,sex_m,age_ythadult_yge25,mts_aggregate_1,2006,81.437
gtm,sex_m,age_ythadult_yge25,mts_aggregate_1,2010,74.699
gtm,sex_m,age_ythadult_yge25,mts_aggregate_1,2011,79.985
gtm,sex_m,age_ythadult_yge25,mts_aggregate_1,2012,80.362
gtm,sex_m,age_ythadult_yge25,mts_aggregate_1,2013,77.314
gtm,sex_m,age_ythadult_yge25,mts_aggregate_1,2014,75.762
gtm,sex_m,age_ythadult_yge25,mts_aggregate_1,2015,78.901
gtm,sex_m,age_ythadult_yge25,mts_aggregate_1,2016,77.213
gtm,sex_m,age_ythadult_yge25,mts_aggregate_1,2017,78.763
gtm,sex_m,age_ythadult_yge25,mts_aggregate_1,2018,80.687
gtm,sex_m,age_ythadult_yge25,mts_aggregate_1,2019,78.948
gtm,sex_m,age_ythadult_yge25,mts_aggregate_1,2021,78.341
gtm,sex_m,age_ythadult_yge25,mts_aggregate_1,2022,76.006
gtm,sex_m,age_ythadult_yge25,mts_aggregate_1,2023,80.907
gtm,sex_m,age_ythadult_yge25,mts_aggregate_2,2002,93.946
gtm,sex_m,age_ythadult_yge25,mts_aggregate_2,2003,93.662
gtm,sex_m,age_ythadult_yge25,mts_aggregate_2,2004,93.997
gtm,sex_m,age_ythadult_yge25,mts_aggregate_2,2006,93.922
gtm,sex_m,age_ythadult_yge25,mts_aggregate_2,2010,87.252
gtm,sex_m,age_ythadult_yge25,mts_aggregate_2,2011,91.156
gtm,sex_m,age_ythadult_yge25,mts_aggregate_2,2012,92.887
gtm,sex_m,age_ythadult_yge25,mts_aggregate_2,2013,91.465
gtm,sex_m,age_ythadult_yge25,mts_aggregate_2,2014,91.559
gtm,sex_m,age_ythadult_yge25,mts_aggregate_2,2015,92.298
gtm,sex_m,age_ythadult_yge25,mts_aggregate_2,2016,91.684
gtm,sex_m,age_ythadult_yge25,mts_aggregate_2,2017,92.218
gtm,sex_m,age_ythadult_yge25,mts_aggregate_2,2018,91.726
gtm,sex_m,age_ythadult_yge25,mts_aggregate_2,2019,90.86
gtm,sex_m,age_ythadult_yge25,mts_aggregate_2,2021,91.977
gtm,sex_m,age_ythadult_yge25,mts_aggregate_2,2022,88.734
gtm,sex_m,age_ythadult_yge25,mts_aggregate_2,2023,92.536
gtm,sex_m,age_ythadult_yge25,mts_aggregate_total,2002,91.728
gtm,sex_m,age_ythadult_yge25,mts_aggregate_total,2003,91.425
gtm,sex_m,age_ythadult_yge25,mts_aggregate_total,2004,88.835
gtm,sex_m,age_ythadult_yge25,mts_aggregate_total,2006,91.819
gtm,sex_m,age_ythadult_yge25,mts_aggregate_total,2010,84.554
gtm,sex_m,age_ythadult_yge25,mts_aggregate_total,2011,88.897
gtm,sex_m,age_ythadult_yge25,mts_aggregate_total,2012,90.534
gtm,sex_m,age_ythadult_yge25,mts_aggregate_total,2013,88.856
gtm,sex_m,age_ythadult_yge25,mts_aggregate_total,2014,88.464
gtm,sex_m,age_ythadult_yge25,mts_aggregate_total,2015,89.757
gtm,sex_m,age_ythadult_yge25,mts_aggregate_total,2016,88.841
gtm,sex_m,age_ythadult_yge25,mts_aggregate_total,2017,89.469
gtm,sex_m,age_ythadult_yge25,mts_aggregate_total,2018,89.487
gtm,sex_m,age_ythadult_yge25,mts_aggregate_total,2019,88.302
gtm,sex_m,age_ythadult_yge25,mts_aggregate_total,2021,88.962
gtm,sex_m,age_ythadult_yge25,mts_aggregate_total,2022,86.087
gtm,sex_m,age_ythadult_yge25,mts_aggregate_total,2023,89.951
gtm,sex_m,age_ythadult_yge25,mts_details_mrd,2002,93.832
gtm,sex_m,age_ythadult_yge25,mts_details_mrd,2003,93.522
gtm,sex_m,age_ythadult_yge25,mts_details_mrd,2004,93.387
gtm,sex_m,age_ythadult_yge25,mts_details_mrd,2006,95.28
gtm,sex_m,age_ythadult_yge25,mts_details_mrd,2010,87.771
gtm,sex_m,age_ythadult_yge25,mts_details_mrd,2011,90.584
gtm,sex_m,age_ythadult_yge25,mts_details_mrd,2012,92.171
gtm,sex_m,age_ythadult_yge25,mts_details_mrd,2013,90.749
gtm,sex_m,age_ythadult_yge25,mts_details_mrd,2014,91.128
gtm,sex_m,age_ythadult_yge25,mts_details_mrd,2015,91.117
gtm,sex_m,age_ythadult_yge25,mts_details_mrd,2016,90.545
gtm,sex_m,age_ythadult_yge25,mts_details_mrd,2017,91.397
gtm,sex_m,age_ythadult_yge25,mts_details_mrd,2018,90.51
gtm,sex_m,age_ythadult_yge25,mts_details_mrd,2019,89.44
gtm,sex_m,age_ythadult_yge25,mts_details_mrd,2021,90.72
gtm,sex_m,age_ythadult_yge25,mts_details_mrd,2022,86.298
gtm,sex_m,age_ythadult_yge25,mts_details_mrd,2023,91.156
gtm,sex_m,age_ythadult_yge25,mts_details_sep,2002,80.44
gtm,sex_m,age_ythadult_yge25,mts_details_sep,2003,84.305
gtm,sex_m,age_ythadult_yge25,mts_details_sep,2004,80.08
gtm,sex_m,age_ythadult_yge25,mts_details_sep,2006,83.716
gtm,sex_m,age_ythadult_yge25,mts_details_sep,2010,81.14
gtm,sex_m,age_ythadult_yge25,mts_details_sep,2011,83.261
gtm,sex_m,age_ythadult_yge25,mts_details_sep,2012,85.499
gtm,sex_m,age_ythadult_yge25,mts_details_sep,2013,81.982
gtm,sex_m,age_ythadult_yge25,mts_details_sep,2014,82.552
gtm,sex_m,age_ythadult_yge25,mts_details_sep,2015,84.464
gtm,sex_m,age_ythadult_yge25,mts_details_sep,2016,83.709
gtm,sex_m,age_ythadult_yge25,mts_details_sep,2017,84.116
gtm,sex_m,age_ythadult_yge25,mts_details_sep,2018,85.527
gtm,sex_m,age_ythadult_yge25,mts_details_sep,2019,81.492
gtm,sex_m,age_ythadult_yge25,mts_details_sep,2021,81.153
gtm,sex_m,age_ythadult_yge25,mts_details_sep,2022,78.787
gtm,sex_m,age_ythadult_yge25,mts_details_sep,2023,83.764
gtm,sex_m,age_ythadult_yge25,mts_details_sgle,2002,83.216
gtm,sex_m,age_ythadult_yge25,mts_details_sgle,2003,83.989
gtm,sex_m,age_ythadult_yge25,mts_details_sgle,2004,85.616
gtm,sex_m,age_ythadult_yge25,mts_details_sgle,2006,84.938
gtm,sex_m,age_ythadult_yge25,mts_details_sgle,2010,77.917
gtm,sex_m,age_ythadult_yge25,mts_details_sgle,2011,81.999
gtm,sex_m,age_ythadult_yge25,mts_details_sgle,2012,84.079
gtm,sex_m,age_ythadult_yge25,mts_details_sgle,2013,81.508
gtm,sex_m,age_ythadult_yge25,mts_details_sgle,2014,81.492
gtm,sex_m,age_ythadult_yge25,mts_details_sgle,2015,83.885
gtm,sex_m,age_ythadult_yge25,mts_details_sgle,2016,82.95
gtm,sex_m,age_ythadult_yge25,mts_details_sgle,2017,83.481
gtm,sex_m,age_ythadult_yge25,mts_details_sgle,2018,85.518
gtm,sex_m,age_ythadult_yge25,mts_details_sgle,2019,84.248
gtm,sex_m,age_ythadult_yge25,mts_details_sgle,2021,81.438
gtm,sex_m,age_ythadult_yge25,mts_details_sgle,2022,81.567
gtm,sex_m,age_ythadult_yge25,mts_details_sgle,2023,85.631
gtm,sex_m,age_ythadult_yge25,mts_details_total,2002,91.728
gtm,sex_m,age_ythadult_yge25,mts_details_total,2003,91.425
gtm,sex_m,age_ythadult_yge25,mts_details_total,2004,88.835
gtm,sex_m,age_ythadult_yge25,mts_details_total,2006,91.819
gtm,sex_m,age_ythadult_yge25,mts_details_total,2010,84.554
gtm,sex_m,age_ythadult_yge25,mts_details_total,2011,88.897
gtm,sex_m,age_ythadult_yge25,mts_details_total,2012,90.534
gtm,sex_m,age_ythadult_yge25,mts_details_total,2013,88.856
gtm,sex_m,age_ythadult_yge25,mts_details_total,2014,88.464
gtm,sex_m,age_ythadult_yge25,mts_details_total,2015,89.757
gtm,sex_m,age_ythadult_yge25,mts_details_total,2016,88.841
gtm,sex_m,age_ythadult_yge25,mts_details_total,2017,89.469
gtm,sex_m,age_ythadult_yge25,mts_details_total,2018,89.487
gtm,sex_m,age_ythadult_yge25,mts_details_total,2019,88.302
gtm,sex_m,age_ythadult_yge25,mts_details_total,2021,88.962
gtm,sex_m,age_ythadult_yge25,mts_details_total,2022,86.087
gtm,sex_m,age_ythadult_yge25,mts_details_total,2023,89.951
gtm,sex_m,age_ythadult_yge25,mts_details_union,2002,94.229
gtm,sex_m,age_ythadult_yge25,mts_details_union,2003,94.022
gtm,sex_m,age_ythadult_yge25,mts_details_union,2004,95.428
gtm,sex_m,age_ythadult_yge25,mts_details_union,2006,93.315
gtm,sex_m,age_ythadult_yge25,mts_details_union,2010,86.192
gtm,sex_m,age_ythadult_yge25,mts_details_union,2011,92.39
gtm,sex_m,age_ythadult_yge25,mts_details_union,2012,94.494
gtm,sex_m,age_ythadult_yge25,mts_details_union,2013,93.083
gtm,sex_m,age_ythadult_yge25,mts_details_union,2014,92.633
gtm,sex_m,age_ythadult_yge25,mts_details_union,2015,94.847
gtm,sex_m,age_ythadult_yge25,mts_details_union,2016,93.95
gtm,sex_m,age_ythadult_yge25,mts_details_union,2017,93.999
gtm,sex_m,age_ythadult_yge25,mts_details_union,2018,94.344
gtm,sex_m,age_ythadult_yge25,mts_details_union,2019,94.197
gtm,sex_m,age_ythadult_yge25,mts_details_union,2021,94.463
gtm,sex_m,age_ythadult_yge25,mts_details_union,2022,94.398
gtm,sex_m,age_ythadult_yge25,mts_details_union,2023,95.179
gtm,sex_m,age_ythadult_yge25,mts_details_wid,2002,74.655
gtm,sex_m,age_ythadult_yge25,mts_details_wid,2003,61.499
gtm,sex_m,age_ythadult_yge25,mts_details_wid,2004,57.951
gtm,sex_m,age_ythadult_yge25,mts_details_wid,2006,67.291
gtm,sex_m,age_ythadult_yge25,mts_details_wid,2010,56.306
gtm,sex_m,age_ythadult_yge25,mts_details_wid,2011,71.423
gtm,sex_m,age_ythadult_yge25,mts_details_wid,2012,62.256
gtm,sex_m,age_ythadult_yge25,mts_details_wid,2013,58.271
gtm,sex_m,age_ythadult_yge25,mts_details_wid,2014,53.362
gtm,sex_m,age_ythadult_yge25,mts_details_wid,2015,55.751
gtm,sex_m,age_ythadult_yge25,mts_details_wid,2016,50.087
gtm,sex_m,age_ythadult_yge25,mts_details_wid,2017,55.824
gtm,sex_m,age_ythadult_yge25,mts_details_wid,2018,56.727
gtm,sex_m,age_ythadult_yge25,mts_details_wid,2019,55.297
gtm,sex_m,age_ythadult_yge25,mts_details_wid,2021,61.496
gtm,sex_m,age_ythadult_yge25,mts_details_wid,2022,51.938
gtm,sex_m,age_ythadult_yge25,mts_details_wid,2023,60.58
gtm,sex_t,age_10yrbands_total,mts_aggregate_1,2002,63.858
gtm,sex_t,age_10yrbands_total,mts_aggregate_1,2003,62.832
gtm,sex_t,age_10yrbands_total,mts_aggregate_1,2004,58.836
gtm,sex_t,age_10yrbands_total,mts_aggregate_1,2006,62.048
gtm,sex_t,age_10yrbands_total,mts_aggregate_1,2010,53.766
gtm,sex_t,age_10yrbands_total,mts_aggregate_1,2011,55.42
gtm,sex_t,age_10yrbands_total,mts_aggregate_1,2012,59.623
gtm,sex_t,age_10yrbands_total,mts_aggregate_1,2013,53.923
gtm,sex_t,age_10yrbands_total,mts_aggregate_1,2014,54.214
gtm,sex_t,age_10yrbands_total,mts_aggregate_1,2015,55.434
gtm,sex_t,age_10yrbands_total,mts_aggregate_1,2016,54.963
gtm,sex_t,age_10yrbands_total,mts_aggregate_1,2017,55.876
gtm,sex_t,age_10yrbands_total,mts_aggregate_1,2018,55.975
gtm,sex_t,age_10yrbands_total,mts_aggregate_1,2019,54.827
gtm,sex_t,age_10yrbands_total,mts_aggregate_1,2021,57.926
gtm,sex_t,age_10yrbands_total,mts_aggregate_1,2022,54.687
gtm,sex_t,age_10yrbands_total,mts_aggregate_1,2023,63.272
gtm,sex_t,age_10yrbands_total,mts_aggregate_2,2002,66.509
gtm,sex_t,age_10yrbands_total,mts_aggregate_2,2003,67.926
gtm,sex_t,age_10yrbands_total,mts_aggregate_2,2004,64.803
gtm,sex_t,age_10yrbands_total,mts_aggregate_2,2006,66.82
gtm,sex_t,age_10yrbands_total,mts_aggregate_2,2010,62.015
gtm,sex_t,age_10yrbands_total,mts_aggregate_2,2011,61.481
gtm,sex_t,age_10yrbands_total,mts_aggregate_2,2012,66.067
gtm,sex_t,age_10yrbands_total,mts_aggregate_2,2013,61.69
gtm,sex_t,age_10yrbands_total,mts_aggregate_2,2014,62.625
gtm,sex_t,age_10yrbands_total,mts_aggregate_2,2015,61.788
gtm,sex_t,age_10yrbands_total,mts_aggregate_2,2016,62.284
gtm,sex_t,age_10yrbands_total,mts_aggregate_2,2017,62.167
gtm,sex_t,age_10yrbands_total,mts_aggregate_2,2018,61.56
gtm,sex_t,age_10yrbands_total,mts_aggregate_2,2019,60.32
gtm,sex_t,age_10yrbands_total,mts_aggregate_2,2021,64.266
gtm,sex_t,age_10yrbands_total,mts_aggregate_2,2022,61.051
gtm,sex_t,age_10yrbands_total,mts_aggregate_2,2023,69.388
gtm,sex_t,age_10yrbands_total,mts_aggregate_total,2002,65.444
gtm,sex_t,age_10yrbands_total,mts_aggregate_total,2003,65.874
gtm,sex_t,age_10yrbands_total,mts_aggregate_total,2004,61.237
gtm,sex_t,age_10yrbands_total,mts_aggregate_total,2006,64.893
gtm,sex_t,age_10yrbands_total,mts_aggregate_total,2010,58.344
gtm,sex_t,age_10yrbands_total,mts_aggregate_total,2011,58.867
gtm,sex_t,age_10yrbands_total,mts_aggregate_total,2012,63.318
gtm,sex_t,age_10yrbands_total,mts_aggregate_total,2013,58.404
gtm,sex_t,age_10yrbands_total,mts_aggregate_total,2014,59.082
gtm,sex_t,age_10yrbands_total,mts_aggregate_total,2015,59.077
gtm,sex_t,age_10yrbands_total,mts_aggregate_total,2016,59.122
gtm,sex_t,age_10yrbands_total,mts_aggregate_total,2017,59.443
gtm,sex_t,age_10yrbands_total,mts_aggregate_total,2018,59.122
gtm,sex_t,age_10yrbands_total,mts_aggregate_total,2019,57.871
gtm,sex_t,age_10yrbands_total,mts_aggregate_total,2021,61.569
gtm,sex_t,age_10yrbands_total,mts_aggregate_total,2022,58.403
gtm,sex_t,age_10yrbands_total,mts_aggregate_total,2023,66.648
gtm,sex_t,age_10yrbands_total,mts_aggregate_x,2014,73.821
gtm,sex_t,age_10yrbands_total,mts_details_mrd,2002,67.176
gtm,sex_t,age_10yrbands_total,mts_details_mrd,2003,68.575
gtm,sex_t,age_10yrbands_total,mts_details_mrd,2004,65.308
gtm,sex_t,age_10yrbands_total,mts_details_mrd,2006,67.003
gtm,sex_t,age_10yrbands_total,mts_details_mrd,2010,62.368
gtm,sex_t,age_10yrbands_total,mts_details_mrd,2011,62.521
gtm,sex_t,age_10yrbands_total,mts_details_mrd,2012,66.124
gtm,sex_t,age_10yrbands_total,mts_details_mrd,2013,62.068
gtm,sex_t,age_10yrbands_total,mts_details_mrd,2014,62.94
gtm,sex_t,age_10yrbands_total,mts_details_mrd,2015,61.521
gtm,sex_t,age_10yrbands_total,mts_details_mrd,2016,61.967
gtm,sex_t,age_10yrbands_total,mts_details_mrd,2017,62.239
gtm,sex_t,age_10yrbands_total,mts_details_mrd,2018,61.102
gtm,sex_t,age_10yrbands_total,mts_details_mrd,2019,60.06
gtm,sex_t,age_10yrbands_total,mts_details_mrd,2021,64.003
gtm,sex_t,age_10yrbands_total,mts_details_mrd,2022,59.748
gtm,sex_t,age_10yrbands_total,mts_details_mrd,2023,69.724
gtm,sex_t,age_10yrbands_total,mts_details_sep,2002,71.742
gtm,sex_t,age_10yrbands_total,mts_details_sep,2003,71.293
gtm,sex_t,age_10yrbands_total,mts_details_sep,2004,71.12
gtm,sex_t,age_10yrbands_total,mts_details_sep,2006,70.56
gtm,sex_t,age_10yrbands_total,mts_details_sep,2010,66.368
gtm,sex_t,age_10yrbands_total,mts_details_sep,2011,69.128
gtm,sex_t,age_10yrbands_total,mts_details_sep,2012,69.736
gtm,sex_t,age_10yrbands_total,mts_details_sep,2013,70.008
gtm,sex_t,age_10yrbands_total,mts_details_sep,2014,65.843
gtm,sex_t,age_10yrbands_total,mts_details_sep,2015,66.432
gtm,sex_t,age_10yrbands_total,mts_details_sep,2016,68.116
gtm,sex_t,age_10yrbands_total,mts_details_sep,2017,66.681
gtm,sex_t,age_10yrbands_total,mts_details_sep,2018,65.596
gtm,sex_t,age_10yrbands_total,mts_details_sep,2019,64.234
gtm,sex_t,age_10yrbands_total,mts_details_sep,2021,66.754
gtm,sex_t,age_10yrbands_total,mts_details_sep,2022,65.668
gtm,sex_t,age_10yrbands_total,mts_details_sep,2023,73.59
gtm,sex_t,age_10yrbands_total,mts_details_sgle,2002,65.125
gtm,sex_t,age_10yrbands_total,mts_details_sgle,2003,64.335
gtm,sex_t,age_10yrbands_total,mts_details_sgle,2004,59.69
gtm,sex_t,age_10yrbands_total,mts_details_sgle,2006,63.082
gtm,sex_t,age_10yrbands_total,mts_details_sgle,2010,53.2
gtm,sex_t,age_10yrbands_total,mts_details_sgle,2011,54.693
gtm,sex_t,age_10yrbands_total,mts_details_sgle,2012,60.551
gtm,sex_t,age_10yrbands_total,mts_details_sgle,2013,53.698
gtm,sex_t,age_10yrbands_total,mts_details_sgle,2014,54.643
gtm,sex_t,age_10yrbands_total,mts_details_sgle,2015,55.784
gtm,sex_t,age_10yrbands_total,mts_details_sgle,2016,55.428
gtm,sex_t,age_10yrbands_total,mts_details_sgle,2017,56.212
gtm,sex_t,age_10yrbands_total,mts_details_sgle,2018,56.373
gtm,sex_t,age_10yrbands_total,mts_details_sgle,2019,56.145
gtm,sex_t,age_10yrbands_total,mts_details_sgle,2021,58.913
gtm,sex_t,age_10yrbands_total,mts_details_sgle,2022,56.273
gtm,sex_t,age_10yrbands_total,mts_details_sgle,2023,63.631
gtm,sex_t,age_10yrbands_total,mts_details_total,2002,65.444
gtm,sex_t,age_10yrbands_total,mts_details_total,2003,65.874
gtm,sex_t,age_10yrbands_total,mts_details_total,2004,61.237
gtm,sex_t,age_10yrbands_total,mts_details_total,2006,64.893
gtm,sex_t,age_10yrbands_total,mts_details_total,2010,58.344
gtm,sex_t,age_10yrbands_total,mts_details_total,2011,58.867
gtm,sex_t,age_10yrbands_total,mts_details_total,2012,63.318
gtm,sex_t,age_10yrbands_total,mts_details_total,2013,58.404
gtm,sex_t,age_10yrbands_total,mts_details_total,2014,59.082
gtm,sex_t,age_10yrbands_total,mts_details_total,2015,59.077
gtm,sex_t,age_10yrbands_total,mts_details_total,2016,59.122
gtm,sex_t,age_10yrbands_total,mts_details_total,2017,59.443
gtm,sex_t,age_10yrbands_total,mts_details_total,2018,59.122
gtm,sex_t,age_10yrbands_total,mts_details_total,2019,57.871
gtm,sex_t,age_10yrbands_total,mts_details_total,2021,61.569
gtm,sex_t,age_10yrbands_total,mts_details_total,2022,58.403
gtm,sex_t,age_10yrbands_total,mts_details_total,2023,66.648
gtm,sex_t,age_10yrbands_total,mts_details_union,2002,65.06
gtm,sex_t,age_10yrbands_total,mts_details_union,2003,66.459
gtm,sex_t,age_10yrbands_total,mts_details_union,2004,63.718
gtm,sex_t,age_10yrbands_total,mts_details_union,2006,66.725
gtm,sex_t,age_10yrbands_total,mts_details_union,2010,61.401
gtm,sex_t,age_10yrbands_total,mts_details_union,2011,59.576
gtm,sex_t,age_10yrbands_total,mts_details_union,2012,65.953
gtm,sex_t,age_10yrbands_total,mts_details_union,2013,60.955
gtm,sex_t,age_10yrbands_total,mts_details_union,2014,61.958
gtm,sex_t,age_10yrbands_total,mts_details_union,2015,62.287
gtm,sex_t,age_10yrbands_total,mts_details_union,2016,62.829
gtm,sex_t,age_10yrbands_total,mts_details_union,2017,62.031
gtm,sex_t,age_10yrbands_total,mts_details_union,2018,62.411
gtm,sex_t,age_10yrbands_total,mts_details_union,2019,60.838
gtm,sex_t,age_10yrbands_total,mts_details_union,2021,64.712
gtm,sex_t,age_10yrbands_total,mts_details_union,2022,63.574
gtm,sex_t,age_10yrbands_total,mts_details_union,2023,68.85
gtm,sex_t,age_10yrbands_total,mts_details_wid,2002,50.83
gtm,sex_t,age_10yrbands_total,mts_details_wid,2003,44.517
gtm,sex_t,age_10yrbands_total,mts_details_wid,2004,44.622
gtm,sex_t,age_10yrbands_total,mts_details_wid,2006,47.432
gtm,sex_t,age_10yrbands_total,mts_details_wid,2010,45.004
gtm,sex_t,age_10yrbands_total,mts_details_wid,2011,46.437
gtm,sex_t,age_10yrbands_total,mts_details_wid,2012,44.945
gtm,sex_t,age_10yrbands_total,mts_details_wid,2013,41.144
gtm,sex_t,age_10yrbands_total,mts_details_wid,2014,40.56
gtm,sex_t,age_10yrbands_total,mts_details_wid,2015,39.906
gtm,sex_t,age_10yrbands_total,mts_details_wid,2016,36.545
gtm,sex_t,age_10yrbands_total,mts_details_wid,2017,41.268
gtm,sex_t,age_10yrbands_total,mts_details_wid,2018,41.909
gtm,sex_t,age_10yrbands_total,mts_details_wid,2019,37.038
gtm,sex_t,age_10yrbands_total,mts_details_wid,2021,41.212
gtm,sex_t,age_10yrbands_total,mts_details_wid,2022,39.883
gtm,sex_t,age_10yrbands_total,mts_details_wid,2023,48.638
gtm,sex_t,age_10yrbands_total,mts_details_x,2014,73.821
gtm,sex_t,age_10yrbands_y15_24,mts_aggregate_1,2002,61.495
gtm,sex_t,age_10yrbands_y15_24,mts_aggregate_1,2003,61.36
gtm,sex_t,age_10yrbands_y15_24,mts_aggregate_1,2004,55.077
gtm,sex_t,age_10yrbands_y15_24,mts_aggregate_1,2006,58.82
gtm,sex_t,age_10yrbands_y15_24,mts_aggregate_1,2010,47.888
gtm,sex_t,age_10yrbands_y15_24,mts_aggregate_1,2011,49.438
gtm,sex_t,age_10yrbands_y15_24,mts_aggregate_1,2012,55.917
gtm,sex_t,age_10yrbands_y15_24,mts_aggregate_1,2013,47.526
gtm,sex_t,age_10yrbands_y15_24,mts_aggregate_1,2014,48.329
gtm,sex_t,age_10yrbands_y15_24,mts_aggregate_1,2015,50.117
gtm,sex_t,age_10yrbands_y15_24,mts_aggregate_1,2016,49.744
gtm,sex_t,age_10yrbands_y15_24,mts_aggregate_1,2017,50.446
gtm,sex_t,age_10yrbands_y15_24,mts_aggregate_1,2018,50.25
gtm,sex_t,age_10yrbands_y15_24,mts_aggregate_1,2019,49.389
gtm,sex_t,age_10yrbands_y15_24,mts_aggregate_1,2021,52.371
gtm,sex_t,age_10yrbands_y15_24,mts_aggregate_1,2022,48.256
gtm,sex_t,age_10yrbands_y15_24,mts_aggregate_1,2023,57.842
gtm,sex_t,age_10yrbands_y15_24,mts_aggregate_2,2002,54.992
gtm,sex_t,age_10yrbands_y15_24,mts_aggregate_2,2003,57.147
gtm,sex_t,age_10yrbands_y15_24,mts_aggregate_2,2004,48.075
gtm,sex_t,age_10yrbands_y15_24,mts_aggregate_2,2006,52.322
gtm,sex_t,age_10yrbands_y15_24,mts_aggregate_2,2010,50.314
gtm,sex_t,age_10yrbands_y15_24,mts_aggregate_2,2011,48.617
gtm,sex_t,age_10yrbands_y15_24,mts_aggregate_2,2012,52.812
gtm,sex_t,age_10yrbands_y15_24,mts_aggregate_2,2013,45.622
gtm,sex_t,age_10yrbands_y15_24,mts_aggregate_2,2014,49.352
gtm,sex_t,age_10yrbands_y15_24,mts_aggregate_2,2015,46.626
gtm,sex_t,age_10yrbands_y15_24,mts_aggregate_2,2016,48.808
gtm,sex_t,age_10yrbands_y15_24,mts_aggregate_2,2017,47.814
gtm,sex_t,age_10yrbands_y15_24,mts_aggregate_2,2018,48.755
gtm,sex_t,age_10yrbands_y15_24,mts_aggregate_2,2019,47.751
gtm,sex_t,age_10yrbands_y15_24,mts_aggregate_2,2021,54.483
gtm,sex_t,age_10yrbands_y15_24,mts_aggregate_2,2022,48.058
gtm,sex_t,age_10yrbands_y15_24,mts_aggregate_2,2023,56.46
gtm,sex_t,age_10yrbands_y15_24,mts_aggregate_total,2002,59.529
gtm,sex_t,age_10yrbands_y15_24,mts_aggregate_total,2003,60.156
gtm,sex_t,age_10yrbands_y15_24,mts_aggregate_total,2004,52.09
gtm,sex_t,age_10yrbands_y15_24,mts_aggregate_total,2006,56.94
gtm,sex_t,age_10yrbands_y15_24,mts_aggregate_total,2010,48.283
gtm,sex_t,age_10yrbands_y15_24,mts_aggregate_total,2011,49.248
gtm,sex_t,age_10yrbands_y15_24,mts_aggregate_total,2012,55.176
gtm,sex_t,age_10yrbands_y15_24,mts_aggregate_total,2013,47.041
gtm,sex_t,age_10yrbands_y15_24,mts_aggregate_total,2014,48.591
gtm,sex_t,age_10yrbands_y15_24,mts_aggregate_total,2015,49.264
gtm,sex_t,age_10yrbands_y15_24,mts_aggregate_total,2016,49.526
gtm,sex_t,age_10yrbands_y15_24,mts_aggregate_total,2017,49.837
gtm,sex_t,age_10yrbands_y15_24,mts_aggregate_total,2018,49.917
gtm,sex_t,age_10yrbands_y15_24,mts_aggregate_total,2019,49.063
gtm,sex_t,age_10yrbands_y15_24,mts_aggregate_total,2021,52.882
gtm,sex_t,age_10yrbands_y15_24,mts_aggregate_total,2022,48.21
gtm,sex_t,age_10yrbands_y15_24,mts_aggregate_total,2023,57.42
gtm,sex_t,age_10yrbands_y15_24,mts_details_mrd,2002,55.636
gtm,sex_t,age_10yrbands_y15_24,mts_details_mrd,2003,59.782
gtm,sex_t,age_10yrbands_y15_24,mts_details_mrd,2004,50.541
gtm,sex_t,age_10yrbands_y15_24,mts_details_mrd,2006,51.107
gtm,sex_t,age_10yrbands_y15_24,mts_details_mrd,2010,48.468
gtm,sex_t,age_10yrbands_y15_24,mts_details_mrd,2011,48.469
gtm,sex_t,age_10yrbands_y15_24,mts_details_mrd,2012,54.024
gtm,sex_t,age_10yrbands_y15_24,mts_details_mrd,2013,43.822
gtm,sex_t,age_10yrbands_y15_24,mts_details_mrd,2014,48.96
gtm,sex_t,age_10yrbands_y15_24,mts_details_mrd,2015,44.852
gtm,sex_t,age_10yrbands_y15_24,mts_details_mrd,2016,48.296
gtm,sex_t,age_10yrbands_y15_24,mts_details_mrd,2017,47.467
gtm,sex_t,age_10yrbands_y15_24,mts_details_mrd,2018,47.704
gtm,sex_t,age_10yrbands_y15_24,mts_details_mrd,2019,45.833
gtm,sex_t,age_10yrbands_y15_24,mts_details_mrd,2021,57.647
gtm,sex_t,age_10yrbands_y15_24,mts_details_mrd,2022,49.283
gtm,sex_t,age_10yrbands_y15_24,mts_details_mrd,2023,57.315
gtm,sex_t,age_10yrbands_y15_24,mts_details_sep,2002,56.241
gtm,sex_t,age_10yrbands_y15_24,mts_details_sep,2003,76.702
gtm,sex_t,age_10yrbands_y15_24,mts_details_sep,2004,60.466
gtm,sex_t,age_10yrbands_y15_24,mts_details_sep,2006,60.455
gtm,sex_t,age_10yrbands_y15_24,mts_details_sep,2010,51.163
gtm,sex_t,age_10yrbands_y15_24,mts_details_sep,2011,55.255
gtm,sex_t,age_10yrbands_y15_24,mts_details_sep,2012,44.522
gtm,sex_t,age_10yrbands_y15_24,mts_details_sep,2013,60.668
gtm,sex_t,age_10yrbands_y15_24,mts_details_sep,2014,42.173
gtm,sex_t,age_10yrbands_y15_24,mts_details_sep,2015,43.392
gtm,sex_t,age_10yrbands_y15_24,mts_details_sep,2016,52.465
gtm,sex_t,age_10yrbands_y15_24,mts_details_sep,2017,45.153
gtm,sex_t,age_10yrbands_y15_24,mts_details_sep,2018,48.991
gtm,sex_t,age_10yrbands_y15_24,mts_details_sep,2019,46.088
gtm,sex_t,age_10yrbands_y15_24,mts_details_sep,2021,52.055
gtm,sex_t,age_10yrbands_y15_24,mts_details_sep,2022,39.589
gtm,sex_t,age_10yrbands_y15_24,mts_details_sep,2023,64.223
gtm,sex_t,age_10yrbands_y15_24,mts_details_sgle,2002,61.525
gtm,sex_t,age_10yrbands_y15_24,mts_details_sgle,2003,61.034
gtm,sex_t,age_10yrbands_y15_24,mts_details_sgle,2004,55.021
gtm,sex_t,age_10yrbands_y15_24,mts_details_sgle,2006,58.798
gtm,sex_t,age_10yrbands_y15_24,mts_details_sgle,2010,47.822
gtm,sex_t,age_10yrbands_y15_24,mts_details_sgle,2011,49.31
gtm,sex_t,age_10yrbands_y15_24,mts_details_sgle,2012,56.101
gtm,sex_t,age_10yrbands_y15_24,mts_details_sgle,2013,47.219
gtm,sex_t,age_10yrbands_y15_24,mts_details_sgle,2014,48.528
gtm,sex_t,age_10yrbands_y15_24,mts_details_sgle,2015,50.324
gtm,sex_t,age_10yrbands_y15_24,mts_details_sgle,2016,49.69
gtm,sex_t,age_10yrbands_y15_24,mts_details_sgle,2017,50.608
gtm,sex_t,age_10yrbands_y15_24,mts_details_sgle,2018,50.293
gtm,sex_t,age_10yrbands_y15_24,mts_details_sgle,2019,49.466
gtm,sex_t,age_10yrbands_y15_24,mts_details_sgle,2021,52.398
gtm,sex_t,age_10yrbands_y15_24,mts_details_sgle,2022,48.279
gtm,sex_t,age_10yrbands_y15_24,mts_details_sgle,2023,57.602
gtm,sex_t,age_10yrbands_y15_24,mts_details_total,2002,59.529
gtm,sex_t,age_10yrbands_y15_24,mts_details_total,2003,60.156
gtm,sex_t,age_10yrbands_y15_24,mts_details_total,2004,52.09
gtm,sex_t,age_10yrbands_y15_24,mts_details_total,2006,56.94
gtm,sex_t,age_10yrbands_y15_24,mts_details_total,2010,48.283
gtm,sex_t,age_10yrbands_y15_24,mts_details_total,2011,49.248
gtm,sex_t,age_10yrbands_y15_24,mts_details_total,2012,55.176
gtm,sex_t,age_10yrbands_y15_24,mts_details_total,2013,47.041
gtm,sex_t,age_10yrbands_y15_24,mts_details_total,2014,48.591
gtm,sex_t,age_10yrbands_y15_24,mts_details_total,2015,49.264
gtm,sex_t,age_10yrbands_y15_24,mts_details_total,2016,49.526
gtm,sex_t,age_10yrbands_y15_24,mts_details_total,2017,49.837
gtm,sex_t,age_10yrbands_y15_24,mts_details_total,2018,49.917
gtm,sex_t,age_10yrbands_y15_24,mts_details_total,2019,49.063
gtm,sex_t,age_10yrbands_y15_24,mts_details_total,2021,52.882
gtm,sex_t,age_10yrbands_y15_24,mts_details_total,2022,48.21
gtm,sex_t,age_10yrbands_y15_24,mts_details_total,2023,57.42
gtm,sex_t,age_10yrbands_y15_24,mts_details_union,2002,54.195
gtm,sex_t,age_10yrbands_y15_24,mts_details_union,2003,53.983
gtm,sex_t,age_10yrbands_y15_24,mts_details_union,2004,45.026
gtm,sex_t,age_10yrbands_y15_24,mts_details_union,2006,53.759
gtm,sex_t,age_10yrbands_y15_24,mts_details_union,2010,51.566
gtm,sex_t,age_10yrbands_y15_24,mts_details_union,2011,48.712
gtm,sex_t,age_10yrbands_y15_24,mts_details_union,2012,51.665
gtm,sex_t,age_10yrbands_y15_24,mts_details_union,2013,46.973
gtm,sex_t,age_10yrbands_y15_24,mts_details_union,2014,49.7
gtm,sex_t,age_10yrbands_y15_24,mts_details_union,2015,47.834
gtm,sex_t,age_10yrbands_y15_24,mts_details_union,2016,49.127
gtm,sex_t,age_10yrbands_y15_24,mts_details_union,2017,48.019
gtm,sex_t,age_10yrbands_y15_24,mts_details_union,2018,49.354
gtm,sex_t,age_10yrbands_y15_24,mts_details_union,2019,48.662
gtm,sex_t,age_10yrbands_y15_24,mts_details_union,2021,53.011
gtm,sex_t,age_10yrbands_y15_24,mts_details_union,2022,47.59
gtm,sex_t,age_10yrbands_y15_24,mts_details_union,2023,56.127
gtm,sex_t,age_10yrbands_y15_24,mts_details_wid,2002,89.306
gtm,sex_t,age_10yrbands_y15_24,mts_details_wid,2004,41.791
gtm,sex_t,age_10yrbands_y15_24,mts_details_wid,2006,48.852
gtm,sex_t,age_10yrbands_y15_24,mts_details_wid,2015,57.475
gtm,sex_t,age_10yrbands_y15_24,mts_details_wid,2016,35.827
gtm,sex_t,age_10yrbands_y15_24,mts_details_wid,2017,58.434
gtm,sex_t,age_10yrbands_y15_24,mts_details_wid,2018,52.461
gtm,sex_t,age_10yrbands_y15_24,mts_details_wid,2019,64.593
gtm,sex_t,age_10yrbands_y15_24,mts_details_wid,2023,61.605
gtm,sex_t,age_10yrbands_y25_34,mts_aggregate_1,2002,78.477
gtm,sex_t,age_10yrbands_y25_34,mts_aggregate_1,2003,78.762
gtm,sex_t,age_10yrbands_y25_34,mts_aggregate_1,2004,76.304
gtm,sex_t,age_10yrbands_y25_34,mts_aggregate_1,2006,77.913
gtm,sex_t,age_10yrbands_y25_34,mts_aggregate_1,2010,74.021
gtm,sex_t,age_10yrbands_y25_34,mts_aggregate_1,2011,75.18
gtm,sex_t,age_10yrbands_y25_34,mts_aggregate_1,2012,77.537
gtm,sex_t,age_10yrbands_y25_34,mts_aggregate_1,2013,73.904
gtm,sex_t,age_10yrbands_y25_34,mts_aggregate_1,2014,75.981
gtm,sex_t,age_10yrbands_y25_34,mts_aggregate_1,2015,76.203
gtm,sex_t,age_10yrbands_y25_34,mts_aggregate_1,2016,74.739
gtm,sex_t,age_10yrbands_y25_34,mts_aggregate_1,2017,74.569
gtm,sex_t,age_10yrbands_y25_34,mts_aggregate_1,2018,75.73
gtm,sex_t,age_10yrbands_y25_34,mts_aggregate_1,2019,74.51
gtm,sex_t,age_10yrbands_y25_34,mts_aggregate_1,2021,75.37
gtm,sex_t,age_10yrbands_y25_34,mts_aggregate_1,2022,73.567
gtm,sex_t,age_10yrbands_y25_34,mts_aggregate_1,2023,80.934
gtm,sex_t,age_10yrbands_y25_34,mts_aggregate_2,2002,69.612
gtm,sex_t,age_10yrbands_y25_34,mts_aggregate_2,2003,69.787
gtm,sex_t,age_10yrbands_y25_34,mts_aggregate_2,2004,69.128
gtm,sex_t,age_10yrbands_y25_34,mts_aggregate_2,2006,69.814
gtm,sex_t,age_10yrbands_y25_34,mts_aggregate_2,2010,64.869
gtm,sex_t,age_10yrbands_y25_34,mts_aggregate_2,2011,62.2
gtm,sex_t,age_10yrbands_y25_34,mts_aggregate_2,2012,70.018
gtm,sex_t,age_10yrbands_y25_34,mts_aggregate_2,2013,65.818
gtm,sex_t,age_10yrbands_y25_34,mts_aggregate_2,2014,66.461
gtm,sex_t,age_10yrbands_y25_34,mts_aggregate_2,2015,65.445
gtm,sex_t,age_10yrbands_y25_34,mts_aggregate_2,2016,65.478
gtm,sex_t,age_10yrbands_y25_34,mts_aggregate_2,2017,66.046
gtm,sex_t,age_10yrbands_y25_34,mts_aggregate_2,2018,64.805
gtm,sex_t,age_10yrbands_y25_34,mts_aggregate_2,2019,62.63
gtm,sex_t,age_10yrbands_y25_34,mts_aggregate_2,2021,67.101
gtm,sex_t,age_10yrbands_y25_34,mts_aggregate_2,2022,65.456
gtm,sex_t,age_10yrbands_y25_34,mts_aggregate_2,2023,72.548
gtm,sex_t,age_10yrbands_y25_34,mts_aggregate_total,2002,71.66
gtm,sex_t,age_10yrbands_y25_34,mts_aggregate_total,2003,71.799
gtm,sex_t,age_10yrbands_y25_34,mts_aggregate_total,2004,69.431
gtm,sex_t,age_10yrbands_y25_34,mts_aggregate_total,2006,71.899
gtm,sex_t,age_10yrbands_y25_34,mts_aggregate_total,2010,67.205
gtm,sex_t,age_10yrbands_y25_34,mts_aggregate_total,2011,66.116
gtm,sex_t,age_10yrbands_y25_34,mts_aggregate_total,2012,72.133
gtm,sex_t,age_10yrbands_y25_34,mts_aggregate_total,2013,68.217
gtm,sex_t,age_10yrbands_y25_34,mts_aggregate_total,2014,69.322
gtm,sex_t,age_10yrbands_y25_34,mts_aggregate_total,2015,68.664
gtm,sex_t,age_10yrbands_y25_34,mts_aggregate_total,2016,68.324
gtm,sex_t,age_10yrbands_y25_34,mts_aggregate_total,2017,68.668
gtm,sex_t,age_10yrbands_y25_34,mts_aggregate_total,2018,68.455
gtm,sex_t,age_10yrbands_y25_34,mts_aggregate_total,2019,66.92
gtm,sex_t,age_10yrbands_y25_34,mts_aggregate_total,2021,69.913
gtm,sex_t,age_10yrbands_y25_34,mts_aggregate_total,2022,68.064
gtm,sex_t,age_10yrbands_y25_34,mts_aggregate_total,2023,75.334
gtm,sex_t,age_10yrbands_y25_34,mts_details_mrd,2002,70.093
gtm,sex_t,age_10yrbands_y25_34,mts_details_mrd,2003,70.223
gtm,sex_t,age_10yrbands_y25_34,mts_details_mrd,2004,69.059
gtm,sex_t,age_10yrbands_y25_34,mts_details_mrd,2006,71.996
gtm,sex_t,age_10yrbands_y25_34,mts_details_mrd,2010,64.478
gtm,sex_t,age_10yrbands_y25_34,mts_details_mrd,2011,62.936
gtm,sex_t,age_10yrbands_y25_34,mts_details_mrd,2012,71.177
gtm,sex_t,age_10yrbands_y25_34,mts_details_mrd,2013,67.19
gtm,sex_t,age_10yrbands_y25_34,mts_details_mrd,2014,66.947
gtm,sex_t,age_10yrbands_y25_34,mts_details_mrd,2015,65.753
gtm,sex_t,age_10yrbands_y25_34,mts_details_mrd,2016,64.433
gtm,sex_t,age_10yrbands_y25_34,mts_details_mrd,2017,65.68
gtm,sex_t,age_10yrbands_y25_34,mts_details_mrd,2018,63.883
gtm,sex_t,age_10yrbands_y25_34,mts_details_mrd,2019,62.552
gtm,sex_t,age_10yrbands_y25_34,mts_details_mrd,2021,67.373
gtm,sex_t,age_10yrbands_y25_34,mts_details_mrd,2022,64.157
gtm,sex_t,age_10yrbands_y25_34,mts_details_mrd,2023,73.294
gtm,sex_t,age_10yrbands_y25_34,mts_details_sep,2002,78.753
gtm,sex_t,age_10yrbands_y25_34,mts_details_sep,2003,77.297
gtm,sex_t,age_10yrbands_y25_34,mts_details_sep,2004,76.939
gtm,sex_t,age_10yrbands_y25_34,mts_details_sep,2006,73.548
gtm,sex_t,age_10yrbands_y25_34,mts_details_sep,2010,64.593
gtm,sex_t,age_10yrbands_y25_34,mts_details_sep,2011,75.822
gtm,sex_t,age_10yrbands_y25_34,mts_details_sep,2012,83.677
gtm,sex_t,age_10yrbands_y25_34,mts_details_sep,2013,78.215
gtm,sex_t,age_10yrbands_y25_34,mts_details_sep,2014,78.476
gtm,sex_t,age_10yrbands_y25_34,mts_details_sep,2015,72.508
gtm,sex_t,age_10yrbands_y25_34,mts_details_sep,2016,72.221
gtm,sex_t,age_10yrbands_y25_34,mts_details_sep,2017,71.6
gtm,sex_t,age_10yrbands_y25_34,mts_details_sep,2018,73.108
gtm,sex_t,age_10yrbands_y25_34,mts_details_sep,2019,67.364
gtm,sex_t,age_10yrbands_y25_34,mts_details_sep,2021,72.467
gtm,sex_t,age_10yrbands_y25_34,mts_details_sep,2022,75.178
gtm,sex_t,age_10yrbands_y25_34,mts_details_sep,2023,80.51
gtm,sex_t,age_10yrbands_y25_34,mts_details_sgle,2002,78.609
gtm,sex_t,age_10yrbands_y25_34,mts_details_sgle,2003,79.643
gtm,sex_t,age_10yrbands_y25_34,mts_details_sgle,2004,77.492
gtm,sex_t,age_10yrbands_y25_34,mts_details_sgle,2006,78.513
gtm,sex_t,age_10yrbands_y25_34,mts_details_sgle,2010,76.234
gtm,sex_t,age_10yrbands_y25_34,mts_details_sgle,2011,75.418
gtm,sex_t,age_10yrbands_y25_34,mts_details_sgle,2012,75.433
gtm,sex_t,age_10yrbands_y25_34,mts_details_sgle,2013,72.656
gtm,sex_t,age_10yrbands_y25_34,mts_details_sgle,2014,75.243
gtm,sex_t,age_10yrbands_y25_34,mts_details_sgle,2015,77.634
gtm,sex_t,age_10yrbands_y25_34,mts_details_sgle,2016,75.672
gtm,sex_t,age_10yrbands_y25_34,mts_details_sgle,2017,75.389
gtm,sex_t,age_10yrbands_y25_34,mts_details_sgle,2018,76.348
gtm,sex_t,age_10yrbands_y25_34,mts_details_sgle,2019,76.156
gtm,sex_t,age_10yrbands_y25_34,mts_details_sgle,2021,76.027
gtm,sex_t,age_10yrbands_y25_34,mts_details_sgle,2022,74.34
gtm,sex_t,age_10yrbands_y25_34,mts_details_sgle,2023,80.938
gtm,sex_t,age_10yrbands_y25_34,mts_details_total,2002,71.66
gtm,sex_t,age_10yrbands_y25_34,mts_details_total,2003,71.799
gtm,sex_t,age_10yrbands_y25_34,mts_details_total,2004,69.431
gtm,sex_t,age_10yrbands_y25_34,mts_details_total,2006,71.899
gtm,sex_t,age_10yrbands_y25_34,mts_details_total,2010,67.205
gtm,sex_t,age_10yrbands_y25_34,mts_details_total,2011,66.116
gtm,sex_t,age_10yrbands_y25_34,mts_details_total,2012,72.133
gtm,sex_t,age_10yrbands_y25_34,mts_details_total,2013,68.217
gtm,sex_t,age_10yrbands_y25_34,mts_details_total,2014,69.322
gtm,sex_t,age_10yrbands_y25_34,mts_details_total,2015,68.664
gtm,sex_t,age_10yrbands_y25_34,mts_details_total,2016,68.324
gtm,sex_t,age_10yrbands_y25_34,mts_details_total,2017,68.668
gtm,sex_t,age_10yrbands_y25_34,mts_details_total,2018,68.455
gtm,sex_t,age_10yrbands_y25_34,mts_details_total,2019,66.92
gtm,sex_t,age_10yrbands_y25_34,mts_details_total,2021,69.913
gtm,sex_t,age_10yrbands_y25_34,mts_details_total,2022,68.064
gtm,sex_t,age_10yrbands_y25_34,mts_details_total,2023,75.334
gtm,sex_t,age_10yrbands_y25_34,mts_details_union,2002,68.641
gtm,sex_t,age_10yrbands_y25_34,mts_details_union,2003,68.831
gtm,sex_t,age_10yrbands_y25_34,mts_details_union,2004,69.262
gtm,sex_t,age_10yrbands_y25_34,mts_details_union,2006,68.62
gtm,sex_t,age_10yrbands_y25_34,mts_details_union,2010,65.499
gtm,sex_t,age_10yrbands_y25_34,mts_details_union,2011,60.919
gtm,sex_t,age_10yrbands_y25_34,mts_details_union,2012,68.079
gtm,sex_t,age_10yrbands_y25_34,mts_details_union,2013,63.418
gtm,sex_t,age_10yrbands_y25_34,mts_details_union,2014,65.59
gtm,sex_t,age_10yrbands_y25_34,mts_details_union,2015,65.005
gtm,sex_t,age_10yrbands_y25_34,mts_details_union,2016,66.802
gtm,sex_t,age_10yrbands_y25_34,mts_details_union,2017,66.594
gtm,sex_t,age_10yrbands_y25_34,mts_details_union,2018,66.072
gtm,sex_t,age_10yrbands_y25_34,mts_details_union,2019,62.735
gtm,sex_t,age_10yrbands_y25_34,mts_details_union,2021,66.791
gtm,sex_t,age_10yrbands_y25_34,mts_details_union,2022,67.042
gtm,sex_t,age_10yrbands_y25_34,mts_details_union,2023,71.71
gtm,sex_t,age_10yrbands_y25_34,mts_details_wid,2002,74.93
gtm,sex_t,age_10yrbands_y25_34,mts_details_wid,2003,66.003
gtm,sex_t,age_10yrbands_y25_34,mts_details_wid,2004,51.033
gtm,sex_t,age_10yrbands_y25_34,mts_details_wid,2006,87.412
gtm,sex_t,age_10yrbands_y25_34,mts_details_wid,2010,70.922
gtm,sex_t,age_10yrbands_y25_34,mts_details_wid,2011,64.466
gtm,sex_t,age_10yrbands_y25_34,mts_details_wid,2012,89.526
gtm,sex_t,age_10yrbands_y25_34,mts_details_wid,2013,82.672
gtm,sex_t,age_10yrbands_y25_34,mts_details_wid,2014,78.983
gtm,sex_t,age_10yrbands_y25_34,mts_details_wid,2015,69.079
gtm,sex_t,age_10yrbands_y25_34,mts_details_wid,2016,69.629
gtm,sex_t,age_10yrbands_y25_34,mts_details_wid,2017,76.194
gtm,sex_t,age_10yrbands_y25_34,mts_details_wid,2018,79.46
gtm,sex_t,age_10yrbands_y25_34,mts_details_wid,2019,82.113
gtm,sex_t,age_10yrbands_y25_34,mts_details_wid,2021,80.778
gtm,sex_t,age_10yrbands_y25_34,mts_details_wid,2022,50.46
gtm,sex_t,age_10yrbands_y25_34,mts_details_wid,2023,85.442
gtm,sex_t,age_10yrbands_y35_44,mts_aggregate_1,2002,81.747
gtm,sex_t,age_10yrbands_y35_44,mts_aggregate_1,2003,76.935
gtm,sex_t,age_10yrbands_y35_44,mts_aggregate_1,2004,78.696
gtm,sex_t,age_10yrbands_y35_44,mts_aggregate_1,2006,81.698
gtm,sex_t,age_10yrbands_y35_44,mts_aggregate_1,2010,68.022
gtm,sex_t,age_10yrbands_y35_44,mts_aggregate_1,2011,82.424
gtm,sex_t,age_10yrbands_y35_44,mts_aggregate_1,2012,79.781
gtm,sex_t,age_10yrbands_y35_44,mts_aggregate_1,2013,77.863
gtm,sex_t,age_10yrbands_y35_44,mts_aggregate_1,2014,77.675
gtm,sex_t,age_10yrbands_y35_44,mts_aggregate_1,2015,76.107
gtm,sex_t,age_10yrbands_y35_44,mts_aggregate_1,2016,78.938
gtm,sex_t,age_10yrbands_y35_44,mts_aggregate_1,2017,78.015
gtm,sex_t,age_10yrbands_y35_44,mts_aggregate_1,2018,77.662
gtm,sex_t,age_10yrbands_y35_44,mts_aggregate_1,2019,78.28
gtm,sex_t,age_10yrbands_y35_44,mts_aggregate_1,2021,81.474
gtm,sex_t,age_10yrbands_y35_44,mts_aggregate_1,2022,74.187
gtm,sex_t,age_10yrbands_y35_44,mts_aggregate_1,2023,81.595
gtm,sex_t,age_10yrbands_y35_44,mts_aggregate_2,2002,72.064
gtm,sex_t,age_10yrbands_y35_44,mts_aggregate_2,2003,74.829
gtm,sex_t,age_10yrbands_y35_44,mts_aggregate_2,2004,70.62
gtm,sex_t,age_10yrbands_y35_44,mts_aggregate_2,2006,73.004
gtm,sex_t,age_10yrbands_y35_44,mts_aggregate_2,2010,67.812
gtm,sex_t,age_10yrbands_y35_44,mts_aggregate_2,2011,69.161
gtm,sex_t,age_10yrbands_y35_44,mts_aggregate_2,2012,72.009
gtm,sex_t,age_10yrbands_y35_44,mts_aggregate_2,2013,69.982
gtm,sex_t,age_10yrbands_y35_44,mts_aggregate_2,2014,69.28
gtm,sex_t,age_10yrbands_y35_44,mts_aggregate_2,2015,70.327
gtm,sex_t,age_10yrbands_y35_44,mts_aggregate_2,2016,70.497
gtm,sex_t,age_10yrbands_y35_44,mts_aggregate_2,2017,69.651
gtm,sex_t,age_10yrbands_y35_44,mts_aggregate_2,2018,67.93
gtm,sex_t,age_10yrbands_y35_44,mts_aggregate_2,2019,68.2
gtm,sex_t,age_10yrbands_y35_44,mts_aggregate_2,2021,72.125
gtm,sex_t,age_10yrbands_y35_44,mts_aggregate_2,2022,68.454
gtm,sex_t,age_10yrbands_y35_44,mts_aggregate_2,2023,78.051
gtm,sex_t,age_10yrbands_y35_44,mts_aggregate_total,2002,73.956
gtm,sex_t,age_10yrbands_y35_44,mts_aggregate_total,2003,75.211
gtm,sex_t,age_10yrbands_y35_44,mts_aggregate_total,2004,70.652
gtm,sex_t,age_10yrbands_y35_44,mts_aggregate_total,2006,74.63
gtm,sex_t,age_10yrbands_y35_44,mts_aggregate_total,2010,67.57
gtm,sex_t,age_10yrbands_y35_44,mts_aggregate_total,2011,71.336
gtm,sex_t,age_10yrbands_y35_44,mts_aggregate_total,2012,73.537
gtm,sex_t,age_10yrbands_y35_44,mts_aggregate_total,2013,71.559
gtm,sex_t,age_10yrbands_y35_44,mts_aggregate_total,2014,70.874
gtm,sex_t,age_10yrbands_y35_44,mts_aggregate_total,2015,71.453
gtm,sex_t,age_10yrbands_y35_44,mts_aggregate_total,2016,72.213
gtm,sex_t,age_10yrbands_y35_44,mts_aggregate_total,2017,71.43
gtm,sex_t,age_10yrbands_y35_44,mts_aggregate_total,2018,70.017
gtm,sex_t,age_10yrbands_y35_44,mts_aggregate_total,2019,70.394
gtm,sex_t,age_10yrbands_y35_44,mts_aggregate_total,2021,74.197
gtm,sex_t,age_10yrbands_y35_44,mts_aggregate_total,2022,69.754
gtm,sex_t,age_10yrbands_y35_44,mts_aggregate_total,2023,78.813
gtm,sex_t,age_10yrbands_y35_44,mts_details_mrd,2002,72.803
gtm,sex_t,age_10yrbands_y35_44,mts_details_mrd,2003,74.24
gtm,sex_t,age_10yrbands_y35_44,mts_details_mrd,2004,70.329
gtm,sex_t,age_10yrbands_y35_44,mts_details_mrd,2006,73.776
gtm,sex_t,age_10yrbands_y35_44,mts_details_mrd,2010,69.21
gtm,sex_t,age_10yrbands_y35_44,mts_details_mrd,2011,71.066
gtm,sex_t,age_10yrbands_y35_44,mts_details_mrd,2012,70.658
gtm,sex_t,age_10yrbands_y35_44,mts_details_mrd,2013,69.314
gtm,sex_t,age_10yrbands_y35_44,mts_details_mrd,2014,68.878
gtm,sex_t,age_10yrbands_y35_44,mts_details_mrd,2015,69.718
gtm,sex_t,age_10yrbands_y35_44,mts_details_mrd,2016,70.743
gtm,sex_t,age_10yrbands_y35_44,mts_details_mrd,2017,69.596
gtm,sex_t,age_10yrbands_y35_44,mts_details_mrd,2018,67.806
gtm,sex_t,age_10yrbands_y35_44,mts_details_mrd,2019,67.658
gtm,sex_t,age_10yrbands_y35_44,mts_details_mrd,2021,70.547
gtm,sex_t,age_10yrbands_y35_44,mts_details_mrd,2022,66.287
gtm,sex_t,age_10yrbands_y35_44,mts_details_mrd,2023,78.907
gtm,sex_t,age_10yrbands_y35_44,mts_details_sep,2002,86.118
gtm,sex_t,age_10yrbands_y35_44,mts_details_sep,2003,80.225
gtm,sex_t,age_10yrbands_y35_44,mts_details_sep,2004,88.023
gtm,sex_t,age_10yrbands_y35_44,mts_details_sep,2006,81.952
gtm,sex_t,age_10yrbands_y35_44,mts_details_sep,2010,78.021
gtm,sex_t,age_10yrbands_y35_44,mts_details_sep,2011,86.105
gtm,sex_t,age_10yrbands_y35_44,mts_details_sep,2012,84.724
gtm,sex_t,age_10yrbands_y35_44,mts_details_sep,2013,76.055
gtm,sex_t,age_10yrbands_y35_44,mts_details_sep,2014,78.261
gtm,sex_t,age_10yrbands_y35_44,mts_details_sep,2015,78.578
gtm,sex_t,age_10yrbands_y35_44,mts_details_sep,2016,80.907
gtm,sex_t,age_10yrbands_y35_44,mts_details_sep,2017,80.822
gtm,sex_t,age_10yrbands_y35_44,mts_details_sep,2018,79.324
gtm,sex_t,age_10yrbands_y35_44,mts_details_sep,2019,77.905
gtm,sex_t,age_10yrbands_y35_44,mts_details_sep,2021,82.931
gtm,sex_t,age_10yrbands_y35_44,mts_details_sep,2022,72.371
gtm,sex_t,age_10yrbands_y35_44,mts_details_sep,2023,84.414
gtm,sex_t,age_10yrbands_y35_44,mts_details_sgle,2002,80.66
gtm,sex_t,age_10yrbands_y35_44,mts_details_sgle,2003,75.444
gtm,sex_t,age_10yrbands_y35_44,mts_details_sgle,2004,71.061
gtm,sex_t,age_10yrbands_y35_44,mts_details_sgle,2006,84.069
gtm,sex_t,age_10yrbands_y35_44,mts_details_sgle,2010,62.195
gtm,sex_t,age_10yrbands_y35_44,mts_details_sgle,2011,79.836
gtm,sex_t,age_10yrbands_y35_44,mts_details_sgle,2012,77.272
gtm,sex_t,age_10yrbands_y35_44,mts_details_sgle,2013,79.206
gtm,sex_t,age_10yrbands_y35_44,mts_details_sgle,2014,75.197
gtm,sex_t,age_10yrbands_y35_44,mts_details_sgle,2015,72.796
gtm,sex_t,age_10yrbands_y35_44,mts_details_sgle,2016,77.865
gtm,sex_t,age_10yrbands_y35_44,mts_details_sgle,2017,75.418
gtm,sex_t,age_10yrbands_y35_44,mts_details_sgle,2018,76.25
gtm,sex_t,age_10yrbands_y35_44,mts_details_sgle,2019,79.885
gtm,sex_t,age_10yrbands_y35_44,mts_details_sgle,2021,78.003
gtm,sex_t,age_10yrbands_y35_44,mts_details_sgle,2022,76.905
gtm,sex_t,age_10yrbands_y35_44,mts_details_sgle,2023,78.552
gtm,sex_t,age_10yrbands_y35_44,mts_details_total,2002,73.956
gtm,sex_t,age_10yrbands_y35_44,mts_details_total,2003,75.211
gtm,sex_t,age_10yrbands_y35_44,mts_details_total,2004,70.652
gtm,sex_t,age_10yrbands_y35_44,mts_details_total,2006,74.63
gtm,sex_t,age_10yrbands_y35_44,mts_details_total,2010,67.57
gtm,sex_t,age_10yrbands_y35_44,mts_details_total,2011,71.336
gtm,sex_t,age_10yrbands_y35_44,mts_details_total,2012,73.537
gtm,sex_t,age_10yrbands_y35_44,mts_details_total,2013,71.559
gtm,sex_t,age_10yrbands_y35_44,mts_details_total,2014,70.874
gtm,sex_t,age_10yrbands_y35_44,mts_details_total,2015,71.453
gtm,sex_t,age_10yrbands_y35_44,mts_details_total,2016,72.213
gtm,sex_t,age_10yrbands_y35_44,mts_details_total,2017,71.43
gtm,sex_t,age_10yrbands_y35_44,mts_details_total,2018,70.017
gtm,sex_t,age_10yrbands_y35_44,mts_details_total,2019,70.394
gtm,sex_t,age_10yrbands_y35_44,mts_details_total,2021,74.197
gtm,sex_t,age_10yrbands_y35_44,mts_details_total,2022,69.754
gtm,sex_t,age_10yrbands_y35_44,mts_details_total,2023,78.813
gtm,sex_t,age_10yrbands_y35_44,mts_details_union,2002,70.366
gtm,sex_t,age_10yrbands_y35_44,mts_details_union,2003,76.261
gtm,sex_t,age_10yrbands_y35_44,mts_details_union,2004,71.315
gtm,sex_t,age_10yrbands_y35_44,mts_details_union,2006,72.69
gtm,sex_t,age_10yrbands_y35_44,mts_details_union,2010,64.923
gtm,sex_t,age_10yrbands_y35_44,mts_details_union,2011,65.098
gtm,sex_t,age_10yrbands_y35_44,mts_details_union,2012,75.152
gtm,sex_t,age_10yrbands_y35_44,mts_details_union,2013,71.58
gtm,sex_t,age_10yrbands_y35_44,mts_details_union,2014,70.25
gtm,sex_t,age_10yrbands_y35_44,mts_details_union,2015,71.66
gtm,sex_t,age_10yrbands_y35_44,mts_details_union,2016,69.98
gtm,sex_t,age_10yrbands_y35_44,mts_details_union,2017,69.767
gtm,sex_t,age_10yrbands_y35_44,mts_details_union,2018,68.193
gtm,sex_t,age_10yrbands_y35_44,mts_details_union,2019,69.503
gtm,sex_t,age_10yrbands_y35_44,mts_details_union,2021,75.405
gtm,sex_t,age_10yrbands_y35_44,mts_details_union,2022,73.847
gtm,sex_t,age_10yrbands_y35_44,mts_details_union,2023,76.387
gtm,sex_t,age_10yrbands_y35_44,mts_details_wid,2002,78.323
gtm,sex_t,age_10yrbands_y35_44,mts_details_wid,2003,75.802
gtm,sex_t,age_10yrbands_y35_44,mts_details_wid,2004,85.686
gtm,sex_t,age_10yrbands_y35_44,mts_details_wid,2006,72.948
gtm,sex_t,age_10yrbands_y35_44,mts_details_wid,2010,61.851
gtm,sex_t,age_10yrbands_y35_44,mts_details_wid,2011,79.906
gtm,sex_t,age_10yrbands_y35_44,mts_details_wid,2012,74.487
gtm,sex_t,age_10yrbands_y35_44,mts_details_wid,2013,77.972
gtm,sex_t,age_10yrbands_y35_44,mts_details_wid,2014,83.31
gtm,sex_t,age_10yrbands_y35_44,mts_details_wid,2015,77.821
gtm,sex_t,age_10yrbands_y35_44,mts_details_wid,2016,74.232
gtm,sex_t,age_10yrbands_y35_44,mts_details_wid,2017,76.626
gtm,sex_t,age_10yrbands_y35_44,mts_details_wid,2018,77.165
gtm,sex_t,age_10yrbands_y35_44,mts_details_wid,2019,71.734
gtm,sex_t,age_10yrbands_y35_44,mts_details_wid,2021,91.111
gtm,sex_t,age_10yrbands_y35_44,mts_details_wid,2022,63.366
gtm,sex_t,age_10yrbands_y35_44,mts_details_wid,2023,84.222
gtm,sex_t,age_10yrbands_y45_54,mts_aggregate_1,2002,72.805
gtm,sex_t,age_10yrbands_y45_54,mts_aggregate_1,2003,72.935
gtm,sex_t,age_10yrbands_y45_54,mts_aggregate_1,2004,74.66
gtm,sex_t,age_10yrbands_y45_54,mts_aggregate_1,2006,74.636
gtm,sex_t,age_10yrbands_y45_54,mts_aggregate_1,2010,66.414
gtm,sex_t,age_10yrbands_y45_54,mts_aggregate_1,2011,69.439
gtm,sex_t,age_10yrbands_y45_54,mts_aggregate_1,2012,73.971
gtm,sex_t,age_10yrbands_y45_54,mts_aggregate_1,2013,68.807
gtm,sex_t,age_10yrbands_y45_54,mts_aggregate_1,2014,67.389
gtm,sex_t,age_10yrbands_y45_54,mts_aggregate_1,2015,67.676
gtm,sex_t,age_10yrbands_y45_54,mts_aggregate_1,2016,69.222
gtm,sex_t,age_10yrbands_y45_54,mts_aggregate_1,2017,70.395
gtm,sex_t,age_10yrbands_y45_54,mts_aggregate_1,2018,68.874
gtm,sex_t,age_10yrbands_y45_54,mts_aggregate_1,2019,65.562
gtm,sex_t,age_10yrbands_y45_54,mts_aggregate_1,2021,69.431
gtm,sex_t,age_10yrbands_y45_54,mts_aggregate_1,2022,71.203
gtm,sex_t,age_10yrbands_y45_54,mts_aggregate_1,2023,77.929
gtm,sex_t,age_10yrbands_y45_54,mts_aggregate_2,2002,70.203
gtm,sex_t,age_10yrbands_y45_54,mts_aggregate_2,2003,74.041
gtm,sex_t,age_10yrbands_y45_54,mts_aggregate_2,2004,69.18
gtm,sex_t,age_10yrbands_y45_54,mts_aggregate_2,2006,72.918
gtm,sex_t,age_10yrbands_y45_54,mts_aggregate_2,2010,67.976
gtm,sex_t,age_10yrbands_y45_54,mts_aggregate_2,2011,67.545
gtm,sex_t,age_10yrbands_y45_54,mts_aggregate_2,2012,71.926
gtm,sex_t,age_10yrbands_y45_54,mts_aggregate_2,2013,66.166
gtm,sex_t,age_10yrbands_y45_54,mts_aggregate_2,2014,67.52
gtm,sex_t,age_10yrbands_y45_54,mts_aggregate_2,2015,66.255
gtm,sex_t,age_10yrbands_y45_54,mts_aggregate_2,2016,67.206
gtm,sex_t,age_10yrbands_y45_54,mts_aggregate_2,2017,65.957
gtm,sex_t,age_10yrbands_y45_54,mts_aggregate_2,2018,67.715
gtm,sex_t,age_10yrbands_y45_54,mts_aggregate_2,2019,65.829
gtm,sex_t,age_10yrbands_y45_54,mts_aggregate_2,2021,67.083
gtm,sex_t,age_10yrbands_y45_54,mts_aggregate_2,2022,64.965
gtm,sex_t,age_10yrbands_y45_54,mts_aggregate_2,2023,75.44
gtm,sex_t,age_10yrbands_y45_54,mts_aggregate_total,2002,70.705
gtm,sex_t,age_10yrbands_y45_54,mts_aggregate_total,2003,73.855
gtm,sex_t,age_10yrbands_y45_54,mts_aggregate_total,2004,68.887
gtm,sex_t,age_10yrbands_y45_54,mts_aggregate_total,2006,73.285
gtm,sex_t,age_10yrbands_y45_54,mts_aggregate_total,2010,67.397
gtm,sex_t,age_10yrbands_y45_54,mts_aggregate_total,2011,67.899
gtm,sex_t,age_10yrbands_y45_54,mts_aggregate_total,2012,72.379
gtm,sex_t,age_10yrbands_y45_54,mts_aggregate_total,2013,66.694
gtm,sex_t,age_10yrbands_y45_54,mts_aggregate_total,2014,67.45
gtm,sex_t,age_10yrbands_y45_54,mts_aggregate_total,2015,66.546
gtm,sex_t,age_10yrbands_y45_54,mts_aggregate_total,2016,67.614
gtm,sex_t,age_10yrbands_y45_54,mts_aggregate_total,2017,66.912
gtm,sex_t,age_10yrbands_y45_54,mts_aggregate_total,2018,67.956
gtm,sex_t,age_10yrbands_y45_54,mts_aggregate_total,2019,65.774
gtm,sex_t,age_10yrbands_y45_54,mts_aggregate_total,2021,67.594
gtm,sex_t,age_10yrbands_y45_54,mts_aggregate_total,2022,66.338
gtm,sex_t,age_10yrbands_y45_54,mts_aggregate_total,2023,75.833
gtm,sex_t,age_10yrbands_y45_54,mts_details_mrd,2002,69.808
gtm,sex_t,age_10yrbands_y45_54,mts_details_mrd,2003,73.582
gtm,sex_t,age_10yrbands_y45_54,mts_details_mrd,2004,67.935
gtm,sex_t,age_10yrbands_y45_54,mts_details_mrd,2006,75.809
gtm,sex_t,age_10yrbands_y45_54,mts_details_mrd,2010,68.726
gtm,sex_t,age_10yrbands_y45_54,mts_details_mrd,2011,67.063
gtm,sex_t,age_10yrbands_y45_54,mts_details_mrd,2012,71.296
gtm,sex_t,age_10yrbands_y45_54,mts_details_mrd,2013,65.756
gtm,sex_t,age_10yrbands_y45_54,mts_details_mrd,2014,66.927
gtm,sex_t,age_10yrbands_y45_54,mts_details_mrd,2015,64.291
gtm,sex_t,age_10yrbands_y45_54,mts_details_mrd,2016,66.164
gtm,sex_t,age_10yrbands_y45_54,mts_details_mrd,2017,65.553
gtm,sex_t,age_10yrbands_y45_54,mts_details_mrd,2018,66.982
gtm,sex_t,age_10yrbands_y45_54,mts_details_mrd,2019,65.318
gtm,sex_t,age_10yrbands_y45_54,mts_details_mrd,2021,65.861
gtm,sex_t,age_10yrbands_y45_54,mts_details_mrd,2022,62.921
gtm,sex_t,age_10yrbands_y45_54,mts_details_mrd,2023,74.825
gtm,sex_t,age_10yrbands_y45_54,mts_details_sep,2002,81.102
gtm,sex_t,age_10yrbands_y45_54,mts_details_sep,2003,73.282
gtm,sex_t,age_10yrbands_y45_54,mts_details_sep,2004,81.77
gtm,sex_t,age_10yrbands_y45_54,mts_details_sep,2006,77.409
gtm,sex_t,age_10yrbands_y45_54,mts_details_sep,2010,75.158
gtm,sex_t,age_10yrbands_y45_54,mts_details_sep,2011,66.951
gtm,sex_t,age_10yrbands_y45_54,mts_details_sep,2012,72.287
gtm,sex_t,age_10yrbands_y45_54,mts_details_sep,2013,76.695
gtm,sex_t,age_10yrbands_y45_54,mts_details_sep,2014,72.632
gtm,sex_t,age_10yrbands_y45_54,mts_details_sep,2015,71.64
gtm,sex_t,age_10yrbands_y45_54,mts_details_sep,2016,70.493
gtm,sex_t,age_10yrbands_y45_54,mts_details_sep,2017,73.708
gtm,sex_t,age_10yrbands_y45_54,mts_details_sep,2018,66.603
gtm,sex_t,age_10yrbands_y45_54,mts_details_sep,2019,72.412
gtm,sex_t,age_10yrbands_y45_54,mts_details_sep,2021,69.02
gtm,sex_t,age_10yrbands_y45_54,mts_details_sep,2022,81.504
gtm,sex_t,age_10yrbands_y45_54,mts_details_sep,2023,81.73
gtm,sex_t,age_10yrbands_y45_54,mts_details_sgle,2002,72.658
gtm,sex_t,age_10yrbands_y45_54,mts_details_sgle,2003,78.105
gtm,sex_t,age_10yrbands_y45_54,mts_details_sgle,2004,74.868
gtm,sex_t,age_10yrbands_y45_54,mts_details_sgle,2006,76.962
gtm,sex_t,age_10yrbands_y45_54,mts_details_sgle,2010,58.714
gtm,sex_t,age_10yrbands_y45_54,mts_details_sgle,2011,65.209
gtm,sex_t,age_10yrbands_y45_54,mts_details_sgle,2012,75.463
gtm,sex_t,age_10yrbands_y45_54,mts_details_sgle,2013,71.976
gtm,sex_t,age_10yrbands_y45_54,mts_details_sgle,2014,69.609
gtm,sex_t,age_10yrbands_y45_54,mts_details_sgle,2015,65.701
gtm,sex_t,age_10yrbands_y45_54,mts_details_sgle,2016,74.98
gtm,sex_t,age_10yrbands_y45_54,mts_details_sgle,2017,72.272
gtm,sex_t,age_10yrbands_y45_54,mts_details_sgle,2018,72.857
gtm,sex_t,age_10yrbands_y45_54,mts_details_sgle,2019,64.408
gtm,sex_t,age_10yrbands_y45_54,mts_details_sgle,2021,71.889
gtm,sex_t,age_10yrbands_y45_54,mts_details_sgle,2022,69.407
gtm,sex_t,age_10yrbands_y45_54,mts_details_sgle,2023,76.575
gtm,sex_t,age_10yrbands_y45_54,mts_details_total,2002,70.705
gtm,sex_t,age_10yrbands_y45_54,mts_details_total,2003,73.855
gtm,sex_t,age_10yrbands_y45_54,mts_details_total,2004,68.887
gtm,sex_t,age_10yrbands_y45_54,mts_details_total,2006,73.285
gtm,sex_t,age_10yrbands_y45_54,mts_details_total,2010,67.397
gtm,sex_t,age_10yrbands_y45_54,mts_details_total,2011,67.899
gtm,sex_t,age_10yrbands_y45_54,mts_details_total,2012,72.379
gtm,sex_t,age_10yrbands_y45_54,mts_details_total,2013,66.694
gtm,sex_t,age_10yrbands_y45_54,mts_details_total,2014,67.45
gtm,sex_t,age_10yrbands_y45_54,mts_details_total,2015,66.546
gtm,sex_t,age_10yrbands_y45_54,mts_details_total,2016,67.614
gtm,sex_t,age_10yrbands_y45_54,mts_details_total,2017,66.912
gtm,sex_t,age_10yrbands_y45_54,mts_details_total,2018,67.956
gtm,sex_t,age_10yrbands_y45_54,mts_details_total,2019,65.774
gtm,sex_t,age_10yrbands_y45_54,mts_details_total,2021,67.594
gtm,sex_t,age_10yrbands_y45_54,mts_details_total,2022,66.338
gtm,sex_t,age_10yrbands_y45_54,mts_details_total,2023,75.833
gtm,sex_t,age_10yrbands_y45_54,mts_details_union,2002,71.488
gtm,sex_t,age_10yrbands_y45_54,mts_details_union,2003,75.754
gtm,sex_t,age_10yrbands_y45_54,mts_details_union,2004,72.576
gtm,sex_t,age_10yrbands_y45_54,mts_details_union,2006,71.703
gtm,sex_t,age_10yrbands_y45_54,mts_details_union,2010,66.206
gtm,sex_t,age_10yrbands_y45_54,mts_details_union,2011,68.809
gtm,sex_t,age_10yrbands_y45_54,mts_details_union,2012,73.647
gtm,sex_t,age_10yrbands_y45_54,mts_details_union,2013,67.312
gtm,sex_t,age_10yrbands_y45_54,mts_details_union,2014,69.469
gtm,sex_t,age_10yrbands_y45_54,mts_details_union,2015,72.366
gtm,sex_t,age_10yrbands_y45_54,mts_details_union,2016,69.923
gtm,sex_t,age_10yrbands_y45_54,mts_details_union,2017,67.064
gtm,sex_t,age_10yrbands_y45_54,mts_details_union,2018,69.802
gtm,sex_t,age_10yrbands_y45_54,mts_details_union,2019,67.45
gtm,sex_t,age_10yrbands_y45_54,mts_details_union,2021,70.553
gtm,sex_t,age_10yrbands_y45_54,mts_details_union,2022,71.405
gtm,sex_t,age_10yrbands_y45_54,mts_details_union,2023,77.083
gtm,sex_t,age_10yrbands_y45_54,mts_details_wid,2002,67.923
gtm,sex_t,age_10yrbands_y45_54,mts_details_wid,2003,66.564
gtm,sex_t,age_10yrbands_y45_54,mts_details_wid,2004,66.419
gtm,sex_t,age_10yrbands_y45_54,mts_details_wid,2006,69.178
gtm,sex_t,age_10yrbands_y45_54,mts_details_wid,2010,63.885
gtm,sex_t,age_10yrbands_y45_54,mts_details_wid,2011,74.797
gtm,sex_t,age_10yrbands_y45_54,mts_details_wid,2012,74.084
gtm,sex_t,age_10yrbands_y45_54,mts_details_wid,2013,57.462
gtm,sex_t,age_10yrbands_y45_54,mts_details_wid,2014,60.213
gtm,sex_t,age_10yrbands_y45_54,mts_details_wid,2015,63.633
gtm,sex_t,age_10yrbands_y45_54,mts_details_wid,2016,61.645
gtm,sex_t,age_10yrbands_y45_54,mts_details_wid,2017,63.54
gtm,sex_t,age_10yrbands_y45_54,mts_details_wid,2018,68.765
gtm,sex_t,age_10yrbands_y45_54,mts_details_wid,2019,57.364
gtm,sex_t,age_10yrbands_y45_54,mts_details_wid,2021,67.277
gtm,sex_t,age_10yrbands_y45_54,mts_details_wid,2022,62.961
gtm,sex_t,age_10yrbands_y45_54,mts_details_wid,2023,73.04
gtm,sex_t,age_10yrbands_y55_64,mts_aggregate_1,2002,58.481
gtm,sex_t,age_10yrbands_y55_64,mts_aggregate_1,2003,60.315
gtm,sex_t,age_10yrbands_y55_64,mts_aggregate_1,2004,55.796
gtm,sex_t,age_10yrbands_y55_64,mts_aggregate_1,2006,59.429
gtm,sex_t,age_10yrbands_y55_64,mts_aggregate_1,2010,56.07
gtm,sex_t,age_10yrbands_y55_64,mts_aggregate_1,2011,51.187
gtm,sex_t,age_10yrbands_y55_64,mts_aggregate_1,2012,60.889
gtm,sex_t,age_10yrbands_y55_64,mts_aggregate_1,2013,55.809
gtm,sex_t,age_10yrbands_y55_64,mts_aggregate_1,2014,48.711
gtm,sex_t,age_10yrbands_y55_64,mts_aggregate_1,2015,55.456
gtm,sex_t,age_10yrbands_y55_64,mts_aggregate_1,2016,50.757
gtm,sex_t,age_10yrbands_y55_64,mts_aggregate_1,2017,55.197
gtm,sex_t,age_10yrbands_y55_64,mts_aggregate_1,2018,56.159
gtm,sex_t,age_10yrbands_y55_64,mts_aggregate_1,2019,51.51
gtm,sex_t,age_10yrbands_y55_64,mts_aggregate_1,2021,58.56
gtm,sex_t,age_10yrbands_y55_64,mts_aggregate_1,2022,51.809
gtm,sex_t,age_10yrbands_y55_64,mts_aggregate_1,2023,64.294
gtm,sex_t,age_10yrbands_y55_64,mts_aggregate_2,2002,66.763
gtm,sex_t,age_10yrbands_y55_64,mts_aggregate_2,2003,68.303
gtm,sex_t,age_10yrbands_y55_64,mts_aggregate_2,2004,63.916
gtm,sex_t,age_10yrbands_y55_64,mts_aggregate_2,2006,68.267
gtm,sex_t,age_10yrbands_y55_64,mts_aggregate_2,2010,61.065
gtm,sex_t,age_10yrbands_y55_64,mts_aggregate_2,2011,61.408
gtm,sex_t,age_10yrbands_y55_64,mts_aggregate_2,2012,63.682
gtm,sex_t,age_10yrbands_y55_64,mts_aggregate_2,2013,62.03
gtm,sex_t,age_10yrbands_y55_64,mts_aggregate_2,2014,61.125
gtm,sex_t,age_10yrbands_y55_64,mts_aggregate_2,2015,60.616
gtm,sex_t,age_10yrbands_y55_64,mts_aggregate_2,2016,58.902
gtm,sex_t,age_10yrbands_y55_64,mts_aggregate_2,2017,62.057
gtm,sex_t,age_10yrbands_y55_64,mts_aggregate_2,2018,60.493
gtm,sex_t,age_10yrbands_y55_64,mts_aggregate_2,2019,58.665
gtm,sex_t,age_10yrbands_y55_64,mts_aggregate_2,2021,63.426
gtm,sex_t,age_10yrbands_y55_64,mts_aggregate_2,2022,59.623
gtm,sex_t,age_10yrbands_y55_64,mts_aggregate_2,2023,66.566
gtm,sex_t,age_10yrbands_y55_64,mts_aggregate_total,2002,64.84
gtm,sex_t,age_10yrbands_y55_64,mts_aggregate_total,2003,66.657
gtm,sex_t,age_10yrbands_y55_64,mts_aggregate_total,2004,61.062
gtm,sex_t,age_10yrbands_y55_64,mts_aggregate_total,2006,65.978
gtm,sex_t,age_10yrbands_y55_64,mts_aggregate_total,2010,59.667
gtm,sex_t,age_10yrbands_y55_64,mts_aggregate_total,2011,58.6
gtm,sex_t,age_10yrbands_y55_64,mts_aggregate_total,2012,62.987
gtm,sex_t,age_10yrbands_y55_64,mts_aggregate_total,2013,60.537
gtm,sex_t,age_10yrbands_y55_64,mts_aggregate_total,2014,57.909
gtm,sex_t,age_10yrbands_y55_64,mts_aggregate_total,2015,59.214
gtm,sex_t,age_10yrbands_y55_64,mts_aggregate_total,2016,56.793
gtm,sex_t,age_10yrbands_y55_64,mts_aggregate_total,2017,60.252
gtm,sex_t,age_10yrbands_y55_64,mts_aggregate_total,2018,59.464
gtm,sex_t,age_10yrbands_y55_64,mts_aggregate_total,2019,56.819
gtm,sex_t,age_10yrbands_y55_64,mts_aggregate_total,2021,62.16
gtm,sex_t,age_10yrbands_y55_64,mts_aggregate_total,2022,57.612
gtm,sex_t,age_10yrbands_y55_64,mts_aggregate_total,2023,65.825
gtm,sex_t,age_10yrbands_y55_64,mts_details_mrd,2002,65.442
gtm,sex_t,age_10yrbands_y55_64,mts_details_mrd,2003,66.707
gtm,sex_t,age_10yrbands_y55_64,mts_details_mrd,2004,66.032
gtm,sex_t,age_10yrbands_y55_64,mts_details_mrd,2006,74.09
gtm,sex_t,age_10yrbands_y55_64,mts_details_mrd,2010,59.761
gtm,sex_t,age_10yrbands_y55_64,mts_details_mrd,2011,58.735
gtm,sex_t,age_10yrbands_y55_64,mts_details_mrd,2012,61.92
gtm,sex_t,age_10yrbands_y55_64,mts_details_mrd,2013,61.197
gtm,sex_t,age_10yrbands_y55_64,mts_details_mrd,2014,60.721
gtm,sex_t,age_10yrbands_y55_64,mts_details_mrd,2015,60.268
gtm,sex_t,age_10yrbands_y55_64,mts_details_mrd,2016,57.392
gtm,sex_t,age_10yrbands_y55_64,mts_details_mrd,2017,61.4
gtm,sex_t,age_10yrbands_y55_64,mts_details_mrd,2018,60.076
gtm,sex_t,age_10yrbands_y55_64,mts_details_mrd,2019,58.031
gtm,sex_t,age_10yrbands_y55_64,mts_details_mrd,2021,63.869
gtm,sex_t,age_10yrbands_y55_64,mts_details_mrd,2022,58.054
gtm,sex_t,age_10yrbands_y55_64,mts_details_mrd,2023,64.746
gtm,sex_t,age_10yrbands_y55_64,mts_details_sep,2002,61.135
gtm,sex_t,age_10yrbands_y55_64,mts_details_sep,2003,60.119
gtm,sex_t,age_10yrbands_y55_64,mts_details_sep,2004,47.278
gtm,sex_t,age_10yrbands_y55_64,mts_details_sep,2006,61.687
gtm,sex_t,age_10yrbands_y55_64,mts_details_sep,2010,58.883
gtm,sex_t,age_10yrbands_y55_64,mts_details_sep,2011,56.886
gtm,sex_t,age_10yrbands_y55_64,mts_details_sep,2012,63.445
gtm,sex_t,age_10yrbands_y55_64,mts_details_sep,2013,65.076
gtm,sex_t,age_10yrbands_y55_64,mts_details_sep,2014,52.251
gtm,sex_t,age_10yrbands_y55_64,mts_details_sep,2015,65.796
gtm,sex_t,age_10yrbands_y55_64,mts_details_sep,2016,57.571
gtm,sex_t,age_10yrbands_y55_64,mts_details_sep,2017,61.249
gtm,sex_t,age_10yrbands_y55_64,mts_details_sep,2018,62.551
gtm,sex_t,age_10yrbands_y55_64,mts_details_sep,2019,56.097
gtm,sex_t,age_10yrbands_y55_64,mts_details_sep,2021,61.327
gtm,sex_t,age_10yrbands_y55_64,mts_details_sep,2022,50.49
gtm,sex_t,age_10yrbands_y55_64,mts_details_sep,2023,61.133
gtm,sex_t,age_10yrbands_y55_64,mts_details_sgle,2002,68.548
gtm,sex_t,age_10yrbands_y55_64,mts_details_sgle,2003,78.09
gtm,sex_t,age_10yrbands_y55_64,mts_details_sgle,2004,66.937
gtm,sex_t,age_10yrbands_y55_64,mts_details_sgle,2006,69.908
gtm,sex_t,age_10yrbands_y55_64,mts_details_sgle,2010,57.718
gtm,sex_t,age_10yrbands_y55_64,mts_details_sgle,2011,61.795
gtm,sex_t,age_10yrbands_y55_64,mts_details_sgle,2012,65.594
gtm,sex_t,age_10yrbands_y55_64,mts_details_sgle,2013,56.177
gtm,sex_t,age_10yrbands_y55_64,mts_details_sgle,2014,60.941
gtm,sex_t,age_10yrbands_y55_64,mts_details_sgle,2015,60.084
gtm,sex_t,age_10yrbands_y55_64,mts_details_sgle,2016,61.542
gtm,sex_t,age_10yrbands_y55_64,mts_details_sgle,2017,57.344
gtm,sex_t,age_10yrbands_y55_64,mts_details_sgle,2018,57.362
gtm,sex_t,age_10yrbands_y55_64,mts_details_sgle,2019,57.22
gtm,sex_t,age_10yrbands_y55_64,mts_details_sgle,2021,61.163
gtm,sex_t,age_10yrbands_y55_64,mts_details_sgle,2022,57.808
gtm,sex_t,age_10yrbands_y55_64,mts_details_sgle,2023,72.297
gtm,sex_t,age_10yrbands_y55_64,mts_details_total,2002,64.84
gtm,sex_t,age_10yrbands_y55_64,mts_details_total,2003,66.657
gtm,sex_t,age_10yrbands_y55_64,mts_details_total,2004,61.062
gtm,sex_t,age_10yrbands_y55_64,mts_details_total,2006,65.978
gtm,sex_t,age_10yrbands_y55_64,mts_details_total,2010,59.667
gtm,sex_t,age_10yrbands_y55_64,mts_details_total,2011,58.6
gtm,sex_t,age_10yrbands_y55_64,mts_details_total,2012,62.987
gtm,sex_t,age_10yrbands_y55_64,mts_details_total,2013,60.537
gtm,sex_t,age_10yrbands_y55_64,mts_details_total,2014,57.909
gtm,sex_t,age_10yrbands_y55_64,mts_details_total,2015,59.214
gtm,sex_t,age_10yrbands_y55_64,mts_details_total,2016,56.793
gtm,sex_t,age_10yrbands_y55_64,mts_details_total,2017,60.252
gtm,sex_t,age_10yrbands_y55_64,mts_details_total,2018,59.464
gtm,sex_t,age_10yrbands_y55_64,mts_details_total,2019,56.819
gtm,sex_t,age_10yrbands_y55_64,mts_details_total,2021,62.16
gtm,sex_t,age_10yrbands_y55_64,mts_details_total,2022,57.612
gtm,sex_t,age_10yrbands_y55_64,mts_details_total,2023,65.825
gtm,sex_t,age_10yrbands_y55_64,mts_details_union,2002,70.725
gtm,sex_t,age_10yrbands_y55_64,mts_details_union,2003,73.733
gtm,sex_t,age_10yrbands_y55_64,mts_details_union,2004,58.319
gtm,sex_t,age_10yrbands_y55_64,mts_details_union,2006,66.306
gtm,sex_t,age_10yrbands_y55_64,mts_details_union,2010,64.285
gtm,sex_t,age_10yrbands_y55_64,mts_details_union,2011,69.21
gtm,sex_t,age_10yrbands_y55_64,mts_details_union,2012,68.882
gtm,sex_t,age_10yrbands_y55_64,mts_details_union,2013,64.439
gtm,sex_t,age_10yrbands_y55_64,mts_details_union,2014,62.719
gtm,sex_t,age_10yrbands_y55_64,mts_details_union,2015,61.801
gtm,sex_t,age_10yrbands_y55_64,mts_details_union,2016,63.391
gtm,sex_t,age_10yrbands_y55_64,mts_details_union,2017,64.57
gtm,sex_t,age_10yrbands_y55_64,mts_details_union,2018,62.024
gtm,sex_t,age_10yrbands_y55_64,mts_details_union,2019,61.143
gtm,sex_t,age_10yrbands_y55_64,mts_details_union,2021,61.966
gtm,sex_t,age_10yrbands_y55_64,mts_details_union,2022,66.331
gtm,sex_t,age_10yrbands_y55_64,mts_details_union,2023,72.893
gtm,sex_t,age_10yrbands_y55_64,mts_details_wid,2002,53.237
gtm,sex_t,age_10yrbands_y55_64,mts_details_wid,2003,51.921
gtm,sex_t,age_10yrbands_y55_64,mts_details_wid,2004,55.462
gtm,sex_t,age_10yrbands_y55_64,mts_details_wid,2006,53.663
gtm,sex_t,age_10yrbands_y55_64,mts_details_wid,2010,53.769
gtm,sex_t,age_10yrbands_y55_64,mts_details_wid,2011,43.596
gtm,sex_t,age_10yrbands_y55_64,mts_details_wid,2012,57.437
gtm,sex_t,age_10yrbands_y55_64,mts_details_wid,2013,50.795
gtm,sex_t,age_10yrbands_y55_64,mts_details_wid,2014,42.245
gtm,sex_t,age_10yrbands_y55_64,mts_details_wid,2015,47.617
gtm,sex_t,age_10yrbands_y55_64,mts_details_wid,2016,42.266
gtm,sex_t,age_10yrbands_y55_64,mts_details_wid,2017,50.715
gtm,sex_t,age_10yrbands_y55_64,mts_details_wid,2018,52.026
gtm,sex_t,age_10yrbands_y55_64,mts_details_wid,2019,46.843
gtm,sex_t,age_10yrbands_y55_64,mts_details_wid,2021,55.493
gtm,sex_t,age_10yrbands_y55_64,mts_details_wid,2022,48.825
gtm,sex_t,age_10yrbands_y55_64,mts_details_wid,2023,63.025
gtm,sex_t,age_10yrbands_yge65,mts_aggregate_1,2002,37.155
gtm,sex_t,age_10yrbands_yge65,mts_aggregate_1,2003,28.072
gtm,sex_t,age_10yrbands_yge65,mts_aggregate_1,2004,30.303
gtm,sex_t,age_10yrbands_yge65,mts_aggregate_1,2006,31.48
gtm,sex_t,age_10yrbands_yge65,mts_aggregate_1,2010,33.888
gtm,sex_t,age_10yrbands_yge65,mts_aggregate_1,2011,29.247
gtm,sex_t,age_10yrbands_yge65,mts_aggregate_1,2012,24.757
gtm,sex_t,age_10yrbands_yge65,mts_aggregate_1,2013,25.726
gtm,sex_t,age_10yrbands_yge65,mts_aggregate_1,2014,26.631
gtm,sex_t,age_10yrbands_yge65,mts_aggregate_1,2015,25.848
gtm,sex_t,age_10yrbands_yge65,mts_aggregate_1,2016,25.172
gtm,sex_t,age_10yrbands_yge65,mts_aggregate_1,2017,27.935
gtm,sex_t,age_10yrbands_yge65,mts_aggregate_1,2018,26.889
gtm,sex_t,age_10yrbands_yge65,mts_aggregate_1,2019,24.404
gtm,sex_t,age_10yrbands_yge65,mts_aggregate_1,2021,24.442
gtm,sex_t,age_10yrbands_yge65,mts_aggregate_1,2022,28.972
gtm,sex_t,age_10yrbands_yge65,mts_aggregate_1,2023,32.134
gtm,sex_t,age_10yrbands_yge65,mts_aggregate_2,2002,56.571
gtm,sex_t,age_10yrbands_yge65,mts_aggregate_2,2003,49.886
gtm,sex_t,age_10yrbands_yge65,mts_aggregate_2,2004,56.715
gtm,sex_t,age_10yrbands_yge65,mts_aggregate_2,2006,54.313
gtm,sex_t,age_10yrbands_yge65,mts_aggregate_2,2010,46.249
gtm,sex_t,age_10yrbands_yge65,mts_aggregate_2,2011,45.843
gtm,sex_t,age_10yrbands_yge65,mts_aggregate_2,2012,50.064
gtm,sex_t,age_10yrbands_yge65,mts_aggregate_2,2013,43.207
gtm,sex_t,age_10yrbands_yge65,mts_aggregate_2,2014,46.818
gtm,sex_t,age_10yrbands_yge65,mts_aggregate_2,2015,44.348
gtm,sex_t,age_10yrbands_yge65,mts_aggregate_2,2016,45.308
gtm,sex_t,age_10yrbands_yge65,mts_aggregate_2,2017,46.083
gtm,sex_t,age_10yrbands_yge65,mts_aggregate_2,2018,44.714
gtm,sex_t,age_10yrbands_yge65,mts_aggregate_2,2019,42.518
gtm,sex_t,age_10yrbands_yge65,mts_aggregate_2,2021,44.944
gtm,sex_t,age_10yrbands_yge65,mts_aggregate_2,2022,41.749
gtm,sex_t,age_10yrbands_yge65,mts_aggregate_2,2023,50.418
gtm,sex_t,age_10yrbands_yge65,mts_aggregate_total,2002,47.774
gtm,sex_t,age_10yrbands_yge65,mts_aggregate_total,2003,40.253
gtm,sex_t,age_10yrbands_yge65,mts_aggregate_total,2004,44.704
gtm,sex_t,age_10yrbands_yge65,mts_aggregate_total,2006,44.927
gtm,sex_t,age_10yrbands_yge65,mts_aggregate_total,2010,41.209
gtm,sex_t,age_10yrbands_yge65,mts_aggregate_total,2011,39.014
gtm,sex_t,age_10yrbands_yge65,mts_aggregate_total,2012,39.095
gtm,sex_t,age_10yrbands_yge65,mts_aggregate_total,2013,35.76
gtm,sex_t,age_10yrbands_yge65,mts_aggregate_total,2014,38.095
gtm,sex_t,age_10yrbands_yge65,mts_aggregate_total,2015,36.637
gtm,sex_t,age_10yrbands_yge65,mts_aggregate_total,2016,36.702
gtm,sex_t,age_10yrbands_yge65,mts_aggregate_total,2017,38.552
gtm,sex_t,age_10yrbands_yge65,mts_aggregate_total,2018,37.489
gtm,sex_t,age_10yrbands_yge65,mts_aggregate_total,2019,35.129
gtm,sex_t,age_10yrbands_yge65,mts_aggregate_total,2021,36.105
gtm,sex_t,age_10yrbands_yge65,mts_aggregate_total,2022,36.207
gtm,sex_t,age_10yrbands_yge65,mts_aggregate_total,2023,42.304
gtm,sex_t,age_10yrbands_yge65,mts_details_mrd,2002,58.125
gtm,sex_t,age_10yrbands_yge65,mts_details_mrd,2003,50.512
gtm,sex_t,age_10yrbands_yge65,mts_details_mrd,2004,54.589
gtm,sex_t,age_10yrbands_yge65,mts_details_mrd,2006,59.54
gtm,sex_t,age_10yrbands_yge65,mts_details_mrd,2010,44.126
gtm,sex_t,age_10yrbands_yge65,mts_details_mrd,2011,46.552
gtm,sex_t,age_10yrbands_yge65,mts_details_mrd,2012,49.342
gtm,sex_t,age_10yrbands_yge65,mts_details_mrd,2013,41.034
gtm,sex_t,age_10yrbands_yge65,mts_details_mrd,2014,46.692
gtm,sex_t,age_10yrbands_yge65,mts_details_mrd,2015,42.735
gtm,sex_t,age_10yrbands_yge65,mts_details_mrd,2016,44.02
gtm,sex_t,age_10yrbands_yge65,mts_details_mrd,2017,44.517
gtm,sex_t,age_10yrbands_yge65,mts_details_mrd,2018,41.502
gtm,sex_t,age_10yrbands_yge65,mts_details_mrd,2019,40.928
gtm,sex_t,age_10yrbands_yge65,mts_details_mrd,2021,43.4
gtm,sex_t,age_10yrbands_yge65,mts_details_mrd,2022,40.503
gtm,sex_t,age_10yrbands_yge65,mts_details_mrd,2023,49.01
gtm,sex_t,age_10yrbands_yge65,mts_details_sep,2002,36.331
gtm,sex_t,age_10yrbands_yge65,mts_details_sep,2003,22.787
gtm,sex_t,age_10yrbands_yge65,mts_details_sep,2004,36.973
gtm,sex_t,age_10yrbands_yge65,mts_details_sep,2006,39.442
gtm,sex_t,age_10yrbands_yge65,mts_details_sep,2010,50.246
gtm,sex_t,age_10yrbands_yge65,mts_details_sep,2011,33.195
gtm,sex_t,age_10yrbands_yge65,mts_details_sep,2012,24.274
gtm,sex_t,age_10yrbands_yge65,mts_details_sep,2013,28.064
gtm,sex_t,age_10yrbands_yge65,mts_details_sep,2014,38.244
gtm,sex_t,age_10yrbands_yge65,mts_details_sep,2015,36.545
gtm,sex_t,age_10yrbands_yge65,mts_details_sep,2016,44.547
gtm,sex_t,age_10yrbands_yge65,mts_details_sep,2017,35.867
gtm,sex_t,age_10yrbands_yge65,mts_details_sep,2018,39.734
gtm,sex_t,age_10yrbands_yge65,mts_details_sep,2019,34.278
gtm,sex_t,age_10yrbands_yge65,mts_details_sep,2021,30.881
gtm,sex_t,age_10yrbands_yge65,mts_details_sep,2022,35.191
gtm,sex_t,age_10yrbands_yge65,mts_details_sep,2023,40.298
gtm,sex_t,age_10yrbands_yge65,mts_details_sgle,2002,40.055
gtm,sex_t,age_10yrbands_yge65,mts_details_sgle,2003,30.656
gtm,sex_t,age_10yrbands_yge65,mts_details_sgle,2004,67.768
gtm,sex_t,age_10yrbands_yge65,mts_details_sgle,2006,36.562
gtm,sex_t,age_10yrbands_yge65,mts_details_sgle,2010,40.383
gtm,sex_t,age_10yrbands_yge65,mts_details_sgle,2011,29.449
gtm,sex_t,age_10yrbands_yge65,mts_details_sgle,2012,40.193
gtm,sex_t,age_10yrbands_yge65,mts_details_sgle,2013,32.348
gtm,sex_t,age_10yrbands_yge65,mts_details_sgle,2014,38.777
gtm,sex_t,age_10yrbands_yge65,mts_details_sgle,2015,31.895
gtm,sex_t,age_10yrbands_yge65,mts_details_sgle,2016,32.852
gtm,sex_t,age_10yrbands_yge65,mts_details_sgle,2017,46.887
gtm,sex_t,age_10yrbands_yge65,mts_details_sgle,2018,34.182
gtm,sex_t,age_10yrbands_yge65,mts_details_sgle,2019,29.332
gtm,sex_t,age_10yrbands_yge65,mts_details_sgle,2021,39.4
gtm,sex_t,age_10yrbands_yge65,mts_details_sgle,2022,39.851
gtm,sex_t,age_10yrbands_yge65,mts_details_sgle,2023,35.05
gtm,sex_t,age_10yrbands_yge65,mts_details_total,2002,47.774
gtm,sex_t,age_10yrbands_yge65,mts_details_total,2003,40.253
gtm,sex_t,age_10yrbands_yge65,mts_details_total,2004,44.704
gtm,sex_t,age_10yrbands_yge65,mts_details_total,2006,44.927
gtm,sex_t,age_10yrbands_yge65,mts_details_total,2010,41.209
gtm,sex_t,age_10yrbands_yge65,mts_details_total,2011,39.014
gtm,sex_t,age_10yrbands_yge65,mts_details_total,2012,39.095
gtm,sex_t,age_10yrbands_yge65,mts_details_total,2013,35.76
gtm,sex_t,age_10yrbands_yge65,mts_details_total,2014,38.095
gtm,sex_t,age_10yrbands_yge65,mts_details_total,2015,36.637
gtm,sex_t,age_10yrbands_yge65,mts_details_total,2016,36.702
gtm,sex_t,age_10yrbands_yge65,mts_details_total,2017,38.552
gtm,sex_t,age_10yrbands_yge65,mts_details_total,2018,37.489
gtm,sex_t,age_10yrbands_yge65,mts_details_total,2019,35.129
gtm,sex_t,age_10yrbands_yge65,mts_details_total,2021,36.105
gtm,sex_t,age_10yrbands_yge65,mts_details_total,2022,36.207
gtm,sex_t,age_10yrbands_yge65,mts_details_total,2023,42.304
gtm,sex_t,age_10yrbands_yge65,mts_details_union,2002,50.507
gtm,sex_t,age_10yrbands_yge65,mts_details_union,2003,48.102
gtm,sex_t,age_10yrbands_yge65,mts_details_union,2004,65.882
gtm,sex_t,age_10yrbands_yge65,mts_details_union,2006,52.81
gtm,sex_t,age_10yrbands_yge65,mts_details_union,2010,52.989
gtm,sex_t,age_10yrbands_yge65,mts_details_union,2011,43.378
gtm,sex_t,age_10yrbands_yge65,mts_details_union,2012,52.363
gtm,sex_t,age_10yrbands_yge65,mts_details_union,2013,51.03
gtm,sex_t,age_10yrbands_yge65,mts_details_union,2014,47.25
gtm,sex_t,age_10yrbands_yge65,mts_details_union,2015,51.422
gtm,sex_t,age_10yrbands_yge65,mts_details_union,2016,50.062
gtm,sex_t,age_10yrbands_yge65,mts_details_union,2017,52.095
gtm,sex_t,age_10yrbands_yge65,mts_details_union,2018,57.519
gtm,sex_t,age_10yrbands_yge65,mts_details_union,2019,50.062
gtm,sex_t,age_10yrbands_yge65,mts_details_union,2021,50.626
gtm,sex_t,age_10yrbands_yge65,mts_details_union,2022,48.465
gtm,sex_t,age_10yrbands_yge65,mts_details_union,2023,56.185
gtm,sex_t,age_10yrbands_yge65,mts_details_wid,2002,36.876
gtm,sex_t,age_10yrbands_yge65,mts_details_wid,2003,28.249
gtm,sex_t,age_10yrbands_yge65,mts_details_wid,2004,26.53
gtm,sex_t,age_10yrbands_yge65,mts_details_wid,2006,29.314
gtm,sex_t,age_10yrbands_yge65,mts_details_wid,2010,30.096
gtm,sex_t,age_10yrbands_yge65,mts_details_wid,2011,28.675
gtm,sex_t,age_10yrbands_yge65,mts_details_wid,2012,22.695
gtm,sex_t,age_10yrbands_yge65,mts_details_wid,2013,24.571
gtm,sex_t,age_10yrbands_yge65,mts_details_wid,2014,23.422
gtm,sex_t,age_10yrbands_yge65,mts_details_wid,2015,23.286
gtm,sex_t,age_10yrbands_yge65,mts_details_wid,2016,20.976
gtm,sex_t,age_10yrbands_yge65,mts_details_wid,2017,24.449
gtm,sex_t,age_10yrbands_yge65,mts_details_wid,2018,23.073
gtm,sex_t,age_10yrbands_yge65,mts_details_wid,2019,22.169
gtm,sex_t,age_10yrbands_yge65,mts_details_wid,2021,20.982
gtm,sex_t,age_10yrbands_yge65,mts_details_wid,2022,25.712
gtm,sex_t,age_10yrbands_yge65,mts_details_wid,2023,29.835
gtm,sex_t,age_aggregate_total,mts_aggregate_1,2002,63.858
gtm,sex_t,age_aggregate_total,mts_aggregate_1,2003,62.832
gtm,sex_t,age_aggregate_total,mts_aggregate_1,2004,58.836
gtm,sex_t,age_aggregate_total,mts_aggregate_1,2006,62.048
gtm,sex_t,age_aggregate_total,mts_aggregate_1,2010,53.766
gtm,sex_t,age_aggregate_total,mts_aggregate_1,2011,55.42
gtm,sex_t,age_aggregate_total,mts_aggregate_1,2012,59.623
gtm,sex_t,age_aggregate_total,mts_aggregate_1,2013,53.923
gtm,sex_t,age_aggregate_total,mts_aggregate_1,2014,54.214
gtm,sex_t,age_aggregate_total,mts_aggregate_1,2015,55.434
gtm,sex_t,age_aggregate_total,mts_aggregate_1,2016,54.963
gtm,sex_t,age_aggregate_total,mts_aggregate_1,2017,55.876
gtm,sex_t,age_aggregate_total,mts_aggregate_1,2018,55.975
gtm,sex_t,age_aggregate_total,mts_aggregate_1,2019,54.827
gtm,sex_t,age_aggregate_total,mts_aggregate_1,2021,57.926
gtm,sex_t,age_aggregate_total,mts_aggregate_1,2022,54.687
gtm,sex_t,age_aggregate_total,mts_aggregate_1,2023,63.272
gtm,sex_t,age_aggregate_total,mts_aggregate_2,2002,66.509
gtm,sex_t,age_aggregate_total,mts_aggregate_2,2003,67.926
gtm,sex_t,age_aggregate_total,mts_aggregate_2,2004,64.803
gtm,sex_t,age_aggregate_total,mts_aggregate_2,2006,66.82
gtm,sex_t,age_aggregate_total,mts_aggregate_2,2010,62.015
gtm,sex_t,age_aggregate_total,mts_aggregate_2,2011,61.481
gtm,sex_t,age_aggregate_total,mts_aggregate_2,2012,66.067
gtm,sex_t,age_aggregate_total,mts_aggregate_2,2013,61.69
gtm,sex_t,age_aggregate_total,mts_aggregate_2,2014,62.625
gtm,sex_t,age_aggregate_total,mts_aggregate_2,2015,61.788
gtm,sex_t,age_aggregate_total,mts_aggregate_2,2016,62.284
gtm,sex_t,age_aggregate_total,mts_aggregate_2,2017,62.167
gtm,sex_t,age_aggregate_total,mts_aggregate_2,2018,61.56
gtm,sex_t,age_aggregate_total,mts_aggregate_2,2019,60.32
gtm,sex_t,age_aggregate_total,mts_aggregate_2,2021,64.266
gtm,sex_t,age_aggregate_total,mts_aggregate_2,2022,61.051
gtm,sex_t,age_aggregate_total,mts_aggregate_2,2023,69.388
gtm,sex_t,age_aggregate_total,mts_aggregate_total,2002,65.444
gtm,sex_t,age_aggregate_total,mts_aggregate_total,2003,65.874
gtm,sex_t,age_aggregate_total,mts_aggregate_total,2004,61.237
gtm,sex_t,age_aggregate_total,mts_aggregate_total,2006,64.893
gtm,sex_t,age_aggregate_total,mts_aggregate_total,2010,58.344
gtm,sex_t,age_aggregate_total,mts_aggregate_total,2011,58.867
gtm,sex_t,age_aggregate_total,mts_aggregate_total,2012,63.318
gtm,sex_t,age_aggregate_total,mts_aggregate_total,2013,58.404
gtm,sex_t,age_aggregate_total,mts_aggregate_total,2014,59.082
gtm,sex_t,age_aggregate_total,mts_aggregate_total,2015,59.077
gtm,sex_t,age_aggregate_total,mts_aggregate_total,2016,59.122
gtm,sex_t,age_aggregate_total,mts_aggregate_total,2017,59.443
gtm,sex_t,age_aggregate_total,mts_aggregate_total,2018,59.122
gtm,sex_t,age_aggregate_total,mts_aggregate_total,2019,57.871
gtm,sex_t,age_aggregate_total,mts_aggregate_total,2021,61.569
gtm,sex_t,age_aggregate_total,mts_aggregate_total,2022,58.403
gtm,sex_t,age_aggregate_total,mts_aggregate_total,2023,66.648
gtm,sex_t,age_aggregate_total,mts_aggregate_x,2014,73.821
gtm,sex_t,age_aggregate_total,mts_details_mrd,2002,67.176
gtm,sex_t,age_aggregate_total,mts_details_mrd,2003,68.575
gtm,sex_t,age_aggregate_total,mts_details_mrd,2004,65.308
gtm,sex_t,age_aggregate_total,mts_details_mrd,2006,67.003
gtm,sex_t,age_aggregate_total,mts_details_mrd,2010,62.368
gtm,sex_t,age_aggregate_total,mts_details_mrd,2011,62.521
gtm,sex_t,age_aggregate_total,mts_details_mrd,2012,66.124
gtm,sex_t,age_aggregate_total,mts_details_mrd,2013,62.068
gtm,sex_t,age_aggregate_total,mts_details_mrd,2014,62.94
gtm,sex_t,age_aggregate_total,mts_details_mrd,2015,61.521
gtm,sex_t,age_aggregate_total,mts_details_mrd,2016,61.967
gtm,sex_t,age_aggregate_total,mts_details_mrd,2017,62.239
gtm,sex_t,age_aggregate_total,mts_details_mrd,2018,61.102
gtm,sex_t,age_aggregate_total,mts_details_mrd,2019,60.06
gtm,sex_t,age_aggregate_total,mts_details_mrd,2021,64.003
gtm,sex_t,age_aggregate_total,mts_details_mrd,2022,59.748
gtm,sex_t,age_aggregate_total,mts_details_mrd,2023,69.724
gtm,sex_t,age_aggregate_total,mts_details_sep,2002,71.742
gtm,sex_t,age_aggregate_total,mts_details_sep,2003,71.293
gtm,sex_t,age_aggregate_total,mts_details_sep,2004,71.12
gtm,sex_t,age_aggregate_total,mts_details_sep,2006,70.56
gtm,sex_t,age_aggregate_total,mts_details_sep,2010,66.368
gtm,sex_t,age_aggregate_total,mts_details_sep,2011,69.128
gtm,sex_t,age_aggregate_total,mts_details_sep,2012,69.736
gtm,sex_t,age_aggregate_total,mts_details_sep,2013,70.008
gtm,sex_t,age_aggregate_total,mts_details_sep,2014,65.843
gtm,sex_t,age_aggregate_total,mts_details_sep,2015,66.432
gtm,sex_t,age_aggregate_total,mts_details_sep,2016,68.116
gtm,sex_t,age_aggregate_total,mts_details_sep,2017,66.681
gtm,sex_t,age_aggregate_total,mts_details_sep,2018,65.596
gtm,sex_t,age_aggregate_total,mts_details_sep,2019,64.234
gtm,sex_t,age_aggregate_total,mts_details_sep,2021,66.754
gtm,sex_t,age_aggregate_total,mts_details_sep,2022,65.668
gtm,sex_t,age_aggregate_total,mts_details_sep,2023,73.59
gtm,sex_t,age_aggregate_total,mts_details_sgle,2002,65.125
gtm,sex_t,age_aggregate_total,mts_details_sgle,2003,64.335
gtm,sex_t,age_aggregate_total,mts_details_sgle,2004,59.69
gtm,sex_t,age_aggregate_total,mts_details_sgle,2006,63.082
gtm,sex_t,age_aggregate_total,mts_details_sgle,2010,53.2
gtm,sex_t,age_aggregate_total,mts_details_sgle,2011,54.693
gtm,sex_t,age_aggregate_total,mts_details_sgle,2012,60.551
gtm,sex_t,age_aggregate_total,mts_details_sgle,2013,53.698
gtm,sex_t,age_aggregate_total,mts_details_sgle,2014,54.643
gtm,sex_t,age_aggregate_total,mts_details_sgle,2015,55.784
gtm,sex_t,age_aggregate_total,mts_details_sgle,2016,55.428
gtm,sex_t,age_aggregate_total,mts_details_sgle,2017,56.212
gtm,sex_t,age_aggregate_total,mts_details_sgle,2018,56.373
gtm,sex_t,age_aggregate_total,mts_details_sgle,2019,56.145
gtm,sex_t,age_aggregate_total,mts_details_sgle,2021,58.913
gtm,sex_t,age_aggregate_total,mts_details_sgle,2022,56.273
gtm,sex_t,age_aggregate_total,mts_details_sgle,2023,63.631
gtm,sex_t,age_aggregate_total,mts_details_total,2002,65.444
gtm,sex_t,age_aggregate_total,mts_details_total,2003,65.874
gtm,sex_t,age_aggregate_total,mts_details_total,2004,61.237
gtm,sex_t,age_aggregate_total,mts_details_total,2006,64.893
gtm,sex_t,age_aggregate_total,mts_details_total,2010,58.344
gtm,sex_t,age_aggregate_total,mts_details_total,2011,58.867
gtm,sex_t,age_aggregate_total,mts_details_total,2012,63.318
gtm,sex_t,age_aggregate_total,mts_details_total,2013,58.404
gtm,sex_t,age_aggregate_total,mts_details_total,2014,59.082
gtm,sex_t,age_aggregate_total,mts_details_total,2015,59.077
gtm,sex_t,age_aggregate_total,mts_details_total,2016,59.122
gtm,sex_t,age_aggregate_total,mts_details_total,2017,59.443
gtm,sex_t,age_aggregate_total,mts_details_total,2018,59.122
gtm,sex_t,age_aggregate_total,mts_details_total,2019,57.871
gtm,sex_t,age_aggregate_total,mts_details_total,2021,61.569
gtm,sex_t,age_aggregate_total,mts_details_total,2022,58.403
gtm,sex_t,age_aggregate_total,mts_details_total,2023,66.648
gtm,sex_t,age_aggregate_total,mts_details_union,2002,65.06
gtm,sex_t,age_aggregate_total,mts_details_union,2003,66.459
gtm,sex_t,age_aggregate_total,mts_details_union,2004,63.718
gtm,sex_t,age_aggregate_total,mts_details_union,2006,66.725
gtm,sex_t,age_aggregate_total,mts_details_union,2010,61.401
gtm,sex_t,age_aggregate_total,mts_details_union,2011,59.576
gtm,sex_t,age_aggregate_total,mts_details_union,2012,65.953
gtm,sex_t,age_aggregate_total,mts_details_union,2013,60.955
gtm,sex_t,age_aggregate_total,mts_details_union,2014,61.958
gtm,sex_t,age_aggregate_total,mts_details_union,2015,62.287
gtm,sex_t,age_aggregate_total,mts_details_union,2016,62.829
gtm,sex_t,age_aggregate_total,mts_details_union,2017,62.031
gtm,sex_t,age_aggregate_total,mts_details_union,2018,62.411
gtm,sex_t,age_aggregate_total,mts_details_union,2019,60.838
gtm,sex_t,age_aggregate_total,mts_details_union,2021,64.712
gtm,sex_t,age_aggregate_total,mts_details_union,2022,63.574
gtm,sex_t,age_aggregate_total,mts_details_union,2023,68.85
gtm,sex_t,age_aggregate_total,mts_details_wid,2002,50.83
gtm,sex_t,age_aggregate_total,mts_details_wid,2003,44.517
gtm,sex_t,age_aggregate_total,mts_details_wid,2004,44.622
gtm,sex_t,age_aggregate_total,mts_details_wid,2006,47.432
gtm,sex_t,age_aggregate_total,mts_details_wid,2010,45.004
gtm,sex_t,age_aggregate_total,mts_details_wid,2011,46.437
gtm,sex_t,age_aggregate_total,mts_details_wid,2012,44.945
gtm,sex_t,age_aggregate_total,mts_details_wid,2013,41.144
gtm,sex_t,age_aggregate_total,mts_details_wid,2014,40.56
gtm,sex_t,age_aggregate_total,mts_details_wid,2015,39.906
gtm,sex_t,age_aggregate_total,mts_details_wid,2016,36.545
gtm,sex_t,age_aggregate_total,mts_details_wid,2017,41.268
gtm,sex_t,age_aggregate_total,mts_details_wid,2018,41.909
gtm,sex_t,age_aggregate_total,mts_details_wid,2019,37.038
gtm,sex_t,age_aggregate_total,mts_details_wid,2021,41.212
gtm,sex_t,age_aggregate_total,mts_details_wid,2022,39.883
gtm,sex_t,age_aggregate_total,mts_details_wid,2023,48.638
gtm,sex_t,age_aggregate_total,mts_details_x,2014,73.821
gtm,sex_t,age_aggregate_y15_24,mts_aggregate_1,2002,61.495
gtm,sex_t,age_aggregate_y15_24,mts_aggregate_1,2003,61.36
gtm,sex_t,age_aggregate_y15_24,mts_aggregate_1,2004,55.077
gtm,sex_t,age_aggregate_y15_24,mts_aggregate_1,2006,58.82
gtm,sex_t,age_aggregate_y15_24,mts_aggregate_1,2010,47.888
gtm,sex_t,age_aggregate_y15_24,mts_aggregate_1,2011,49.438
gtm,sex_t,age_aggregate_y15_24,mts_aggregate_1,2012,55.917
gtm,sex_t,age_aggregate_y15_24,mts_aggregate_1,2013,47.526
gtm,sex_t,age_aggregate_y15_24,mts_aggregate_1,2014,48.329
gtm,sex_t,age_aggregate_y15_24,mts_aggregate_1,2015,50.117
gtm,sex_t,age_aggregate_y15_24,mts_aggregate_1,2016,49.744
gtm,sex_t,age_aggregate_y15_24,mts_aggregate_1,2017,50.446
gtm,sex_t,age_aggregate_y15_24,mts_aggregate_1,2018,50.25
gtm,sex_t,age_aggregate_y15_24,mts_aggregate_1,2019,49.389
gtm,sex_t,age_aggregate_y15_24,mts_aggregate_1,2021,52.371
gtm,sex_t,age_aggregate_y15_24,mts_aggregate_1,2022,48.256
gtm,sex_t,age_aggregate_y15_24,mts_aggregate_1,2023,57.842
gtm,sex_t,age_aggregate_y15_24,mts_aggregate_2,2002,54.992
gtm,sex_t,age_aggregate_y15_24,mts_aggregate_2,2003,57.147
gtm,sex_t,age_aggregate_y15_24,mts_aggregate_2,2004,48.075
gtm,sex_t,age_aggregate_y15_24,mts_aggregate_2,2006,52.322
gtm,sex_t,age_aggregate_y15_24,mts_aggregate_2,2010,50.314
gtm,sex_t,age_aggregate_y15_24,mts_aggregate_2,2011,48.617
gtm,sex_t,age_aggregate_y15_24,mts_aggregate_2,2012,52.812
gtm,sex_t,age_aggregate_y15_24,mts_aggregate_2,2013,45.622
gtm,sex_t,age_aggregate_y15_24,mts_aggregate_2,2014,49.352
gtm,sex_t,age_aggregate_y15_24,mts_aggregate_2,2015,46.626
gtm,sex_t,age_aggregate_y15_24,mts_aggregate_2,2016,48.808
gtm,sex_t,age_aggregate_y15_24,mts_aggregate_2,2017,47.814
gtm,sex_t,age_aggregate_y15_24,mts_aggregate_2,2018,48.755
gtm,sex_t,age_aggregate_y15_24,mts_aggregate_2,2019,47.751
gtm,sex_t,age_aggregate_y15_24,mts_aggregate_2,2021,54.483
gtm,sex_t,age_aggregate_y15_24,mts_aggregate_2,2022,48.058
gtm,sex_t,age_aggregate_y15_24,mts_aggregate_2,2023,56.46
gtm,sex_t,age_aggregate_y15_24,mts_aggregate_total,2002,59.529
gtm,sex_t,age_aggregate_y15_24,mts_aggregate_total,2003,60.156
gtm,sex_t,age_aggregate_y15_24,mts_aggregate_total,2004,52.09
gtm,sex_t,age_aggregate_y15_24,mts_aggregate_total,2006,56.94
gtm,sex_t,age_aggregate_y15_24,mts_aggregate_total,2010,48.283
gtm,sex_t,age_aggregate_y15_24,mts_aggregate_total,2011,49.248
gtm,sex_t,age_aggregate_y15_24,mts_aggregate_total,2012,55.176
gtm,sex_t,age_aggregate_y15_24,mts_aggregate_total,2013,47.041
gtm,sex_t,age_aggregate_y15_24,mts_aggregate_total,2014,48.591
gtm,sex_t,age_aggregate_y15_24,mts_aggregate_total,2015,49.264
gtm,sex_t,age_aggregate_y15_24,mts_aggregate_total,2016,49.526
gtm,sex_t,age_aggregate_y15_24,mts_aggregate_total,2017,49.837
gtm,sex_t,age_aggregate_y15_24,mts_aggregate_total,2018,49.917
gtm,sex_t,age_aggregate_y15_24,mts_aggregate_total,2019,49.063
gtm,sex_t,age_aggregate_y15_24,mts_aggregate_total,2021,52.882
gtm,sex_t,age_aggregate_y15_24,mts_aggregate_total,2022,48.21
gtm,sex_t,age_aggregate_y15_24,mts_aggregate_total,2023,57.42
gtm,sex_t,age_aggregate_y15_24,mts_details_mrd,2002,55.636
gtm,sex_t,age_aggregate_y15_24,mts_details_mrd,2003,59.782
gtm,sex_t,age_aggregate_y15_24,mts_details_mrd,2004,50.541
gtm,sex_t,age_aggregate_y15_24,mts_details_mrd,2006,51.107
gtm,sex_t,age_aggregate_y15_24,mts_details_mrd,2010,48.468
gtm,sex_t,age_aggregate_y15_24,mts_details_mrd,2011,48.469
gtm,sex_t,age_aggregate_y15_24,mts_details_mrd,2012,54.024
gtm,sex_t,age_aggregate_y15_24,mts_details_mrd,2013,43.822
gtm,sex_t,age_aggregate_y15_24,mts_details_mrd,2014,48.96
gtm,sex_t,age_aggregate_y15_24,mts_details_mrd,2015,44.852
gtm,sex_t,age_aggregate_y15_24,mts_details_mrd,2016,48.296
gtm,sex_t,age_aggregate_y15_24,mts_details_mrd,2017,47.467
gtm,sex_t,age_aggregate_y15_24,mts_details_mrd,2018,47.704
gtm,sex_t,age_aggregate_y15_24,mts_details_mrd,2019,45.833
gtm,sex_t,age_aggregate_y15_24,mts_details_mrd,2021,57.647
gtm,sex_t,age_aggregate_y15_24,mts_details_mrd,2022,49.283
gtm,sex_t,age_aggregate_y15_24,mts_details_mrd,2023,57.315
gtm,sex_t,age_aggregate_y15_24,mts_details_sep,2002,56.241
gtm,sex_t,age_aggregate_y15_24,mts_details_sep,2003,76.702
gtm,sex_t,age_aggregate_y15_24,mts_details_sep,2004,60.466
gtm,sex_t,age_aggregate_y15_24,mts_details_sep,2006,60.455
gtm,sex_t,age_aggregate_y15_24,mts_details_sep,2010,51.163
gtm,sex_t,age_aggregate_y15_24,mts_details_sep,2011,55.255
gtm,sex_t,age_aggregate_y15_24,mts_details_sep,2012,44.522
gtm,sex_t,age_aggregate_y15_24,mts_details_sep,2013,60.668
gtm,sex_t,age_aggregate_y15_24,mts_details_sep,2014,42.173
gtm,sex_t,age_aggregate_y15_24,mts_details_sep,2015,43.392
gtm,sex_t,age_aggregate_y15_24,mts_details_sep,2016,52.465
gtm,sex_t,age_aggregate_y15_24,mts_details_sep,2017,45.153
gtm,sex_t,age_aggregate_y15_24,mts_details_sep,2018,48.991
gtm,sex_t,age_aggregate_y15_24,mts_details_sep,2019,46.088
gtm,sex_t,age_aggregate_y15_24,mts_details_sep,2021,52.055
gtm,sex_t,age_aggregate_y15_24,mts_details_sep,2022,39.589
gtm,sex_t,age_aggregate_y15_24,mts_details_sep,2023,64.223
gtm,sex_t,age_aggregate_y15_24,mts_details_sgle,2002,61.525
gtm,sex_t,age_aggregate_y15_24,mts_details_sgle,2003,61.034
gtm,sex_t,age_aggregate_y15_24,mts_details_sgle,2004,55.021
gtm,sex_t,age_aggregate_y15_24,mts_details_sgle,2006,58.798
gtm,sex_t,age_aggregate_y15_24,mts_details_sgle,2010,47.822
gtm,sex_t,age_aggregate_y15_24,mts_details_sgle,2011,49.31
gtm,sex_t,age_aggregate_y15_24,mts_details_sgle,2012,56.101
gtm,sex_t,age_aggregate_y15_24,mts_details_sgle,2013,47.219
gtm,sex_t,age_aggregate_y15_24,mts_details_sgle,2014,48.528
gtm,sex_t,age_aggregate_y15_24,mts_details_sgle,2015,50.324
gtm,sex_t,age_aggregate_y15_24,mts_details_sgle,2016,49.69
gtm,sex_t,age_aggregate_y15_24,mts_details_sgle,2017,50.608
gtm,sex_t,age_aggregate_y15_24,mts_details_sgle,2018,50.293
gtm,sex_t,age_aggregate_y15_24,mts_details_sgle,2019,49.466
gtm,sex_t,age_aggregate_y15_24,mts_details_sgle,2021,52.398
gtm,sex_t,age_aggregate_y15_24,mts_details_sgle,2022,48.279
gtm,sex_t,age_aggregate_y15_24,mts_details_sgle,2023,57.602
gtm,sex_t,age_aggregate_y15_24,mts_details_total,2002,59.529
gtm,sex_t,age_aggregate_y15_24,mts_details_total,2003,60.156
gtm,sex_t,age_aggregate_y15_24,mts_details_total,2004,52.09
gtm,sex_t,age_aggregate_y15_24,mts_details_total,2006,56.94
gtm,sex_t,age_aggregate_y15_24,mts_details_total,2010,48.283
gtm,sex_t,age_aggregate_y15_24,mts_details_total,2011,49.248
gtm,sex_t,age_aggregate_y15_24,mts_details_total,2012,55.176
gtm,sex_t,age_aggregate_y15_24,mts_details_total,2013,47.041
gtm,sex_t,age_aggregate_y15_24,mts_details_total,2014,48.591
gtm,sex_t,age_aggregate_y15_24,mts_details_total,2015,49.264
gtm,sex_t,age_aggregate_y15_24,mts_details_total,2016,49.526
gtm,sex_t,age_aggregate_y15_24,mts_details_total,2017,49.837
gtm,sex_t,age_aggregate_y15_24,mts_details_total,2018,49.917
gtm,sex_t,age_aggregate_y15_24,mts_details_total,2019,49.063
gtm,sex_t,age_aggregate_y15_24,mts_details_total,2021,52.882
gtm,sex_t,age_aggregate_y15_24,mts_details_total,2022,48.21
gtm,sex_t,age_aggregate_y15_24,mts_details_total,2023,57.42
gtm,sex_t,age_aggregate_y15_24,mts_details_union,2002,54.195
gtm,sex_t,age_aggregate_y15_24,mts_details_union,2003,53.983
gtm,sex_t,age_aggregate_y15_24,mts_details_union,2004,45.026
gtm,sex_t,age_aggregate_y15_24,mts_details_union,2006,53.759
gtm,sex_t,age_aggregate_y15_24,mts_details_union,2010,51.566
gtm,sex_t,age_aggregate_y15_24,mts_details_union,2011,48.712
gtm,sex_t,age_aggregate_y15_24,mts_details_union,2012,51.665
gtm,sex_t,age_aggregate_y15_24,mts_details_union,2013,46.973
gtm,sex_t,age_aggregate_y15_24,mts_details_union,2014,49.7
gtm,sex_t,age_aggregate_y15_24,mts_details_union,2015,47.834
gtm,sex_t,age_aggregate_y15_24,mts_details_union,2016,49.127
gtm,sex_t,age_aggregate_y15_24,mts_details_union,2017,48.019
gtm,sex_t,age_aggregate_y15_24,mts_details_union,2018,49.354
gtm,sex_t,age_aggregate_y15_24,mts_details_union,2019,48.662
gtm,sex_t,age_aggregate_y15_24,mts_details_union,2021,53.011
gtm,sex_t,age_aggregate_y15_24,mts_details_union,2022,47.59
gtm,sex_t,age_aggregate_y15_24,mts_details_union,2023,56.127
gtm,sex_t,age_aggregate_y15_24,mts_details_wid,2002,89.306
gtm,sex_t,age_aggregate_y15_24,mts_details_wid,2004,41.791
gtm,sex_t,age_aggregate_y15_24,mts_details_wid,2006,48.852
gtm,sex_t,age_aggregate_y15_24,mts_details_wid,2015,57.475
gtm,sex_t,age_aggregate_y15_24,mts_details_wid,2016,35.827
gtm,sex_t,age_aggregate_y15_24,mts_details_wid,2017,58.434
gtm,sex_t,age_aggregate_y15_24,mts_details_wid,2018,52.461
gtm,sex_t,age_aggregate_y15_24,mts_details_wid,2019,64.593
gtm,sex_t,age_aggregate_y15_24,mts_details_wid,2023,61.605
gtm,sex_t,age_aggregate_y25_54,mts_aggregate_1,2002,78.249
gtm,sex_t,age_aggregate_y25_54,mts_aggregate_1,2003,77.197
gtm,sex_t,age_aggregate_y25_54,mts_aggregate_1,2004,76.519
gtm,sex_t,age_aggregate_y25_54,mts_aggregate_1,2006,78.141
gtm,sex_t,age_aggregate_y25_54,mts_aggregate_1,2010,70.794
gtm,sex_t,age_aggregate_y25_54,mts_aggregate_1,2011,75.705
gtm,sex_t,age_aggregate_y25_54,mts_aggregate_1,2012,77.444
gtm,sex_t,age_aggregate_y25_54,mts_aggregate_1,2013,74.024
gtm,sex_t,age_aggregate_y25_54,mts_aggregate_1,2014,74.584
gtm,sex_t,age_aggregate_y25_54,mts_aggregate_1,2015,74.472
gtm,sex_t,age_aggregate_y25_54,mts_aggregate_1,2016,74.872
gtm,sex_t,age_aggregate_y25_54,mts_aggregate_1,2017,74.643
gtm,sex_t,age_aggregate_y25_54,mts_aggregate_1,2018,74.959
gtm,sex_t,age_aggregate_y25_54,mts_aggregate_1,2019,73.737
gtm,sex_t,age_aggregate_y25_54,mts_aggregate_1,2021,75.857
gtm,sex_t,age_aggregate_y25_54,mts_aggregate_1,2022,73.253
gtm,sex_t,age_aggregate_y25_54,mts_aggregate_1,2023,80.523
gtm,sex_t,age_aggregate_y25_54,mts_aggregate_2,2002,70.545
gtm,sex_t,age_aggregate_y25_54,mts_aggregate_2,2003,72.321
gtm,sex_t,age_aggregate_y25_54,mts_aggregate_2,2004,69.66
gtm,sex_t,age_aggregate_y25_54,mts_aggregate_2,2006,71.659
gtm,sex_t,age_aggregate_y25_54,mts_aggregate_2,2010,66.655
gtm,sex_t,age_aggregate_y25_54,mts_aggregate_2,2011,65.977
gtm,sex_t,age_aggregate_y25_54,mts_aggregate_2,2012,71.134
gtm,sex_t,age_aggregate_y25_54,mts_aggregate_2,2013,67.332
gtm,sex_t,age_aggregate_y25_54,mts_aggregate_2,2014,67.707
gtm,sex_t,age_aggregate_y25_54,mts_aggregate_2,2015,67.371
gtm,sex_t,age_aggregate_y25_54,mts_aggregate_2,2016,67.726
gtm,sex_t,age_aggregate_y25_54,mts_aggregate_2,2017,67.269
gtm,sex_t,age_aggregate_y25_54,mts_aggregate_2,2018,66.708
gtm,sex_t,age_aggregate_y25_54,mts_aggregate_2,2019,65.51
gtm,sex_t,age_aggregate_y25_54,mts_aggregate_2,2021,68.879
gtm,sex_t,age_aggregate_y25_54,mts_aggregate_2,2022,66.403
gtm,sex_t,age_aggregate_y25_54,mts_aggregate_2,2023,75.178
gtm,sex_t,age_aggregate_y25_54,mts_aggregate_total,2002,72.17
gtm,sex_t,age_aggregate_y25_54,mts_aggregate_total,2003,73.292
gtm,sex_t,age_aggregate_y25_54,mts_aggregate_total,2004,69.701
gtm,sex_t,age_aggregate_y25_54,mts_aggregate_total,2006,73.112
gtm,sex_t,age_aggregate_y25_54,mts_aggregate_total,2010,67.37
gtm,sex_t,age_aggregate_y25_54,mts_aggregate_total,2011,68.244
gtm,sex_t,age_aggregate_y25_54,mts_aggregate_total,2012,72.651
gtm,sex_t,age_aggregate_y25_54,mts_aggregate_total,2013,68.962
gtm,sex_t,age_aggregate_y25_54,mts_aggregate_total,2014,69.388
gtm,sex_t,age_aggregate_y25_54,mts_aggregate_total,2015,69.09
gtm,sex_t,age_aggregate_y25_54,mts_aggregate_total,2016,69.493
gtm,sex_t,age_aggregate_y25_54,mts_aggregate_total,2017,69.14
gtm,sex_t,age_aggregate_y25_54,mts_aggregate_total,2018,68.873
gtm,sex_t,age_aggregate_y25_54,mts_aggregate_total,2019,67.763
gtm,sex_t,age_aggregate_y25_54,mts_aggregate_total,2021,70.767
gtm,sex_t,age_aggregate_y25_54,mts_aggregate_total,2022,68.209
gtm,sex_t,age_aggregate_y25_54,mts_aggregate_total,2023,76.585
gtm,sex_t,age_aggregate_y25_54,mts_aggregate_x,2014,73.395
gtm,sex_t,age_aggregate_y25_54,mts_details_mrd,2002,70.893
gtm,sex_t,age_aggregate_y25_54,mts_details_mrd,2003,72.297
gtm,sex_t,age_aggregate_y25_54,mts_details_mrd,2004,69.224
gtm,sex_t,age_aggregate_y25_54,mts_details_mrd,2006,73.431
gtm,sex_t,age_aggregate_y25_54,mts_details_mrd,2010,67.278
gtm,sex_t,age_aggregate_y25_54,mts_details_mrd,2011,66.949
gtm,sex_t,age_aggregate_y25_54,mts_details_mrd,2012,71.016
gtm,sex_t,age_aggregate_y25_54,mts_details_mrd,2013,67.576
gtm,sex_t,age_aggregate_y25_54,mts_details_mrd,2014,67.632
gtm,sex_t,age_aggregate_y25_54,mts_details_mrd,2015,66.785
gtm,sex_t,age_aggregate_y25_54,mts_details_mrd,2016,67.329
gtm,sex_t,age_aggregate_y25_54,mts_details_mrd,2017,67.035
gtm,sex_t,age_aggregate_y25_54,mts_details_mrd,2018,66.278
gtm,sex_t,age_aggregate_y25_54,mts_details_mrd,2019,65.335
gtm,sex_t,age_aggregate_y25_54,mts_details_mrd,2021,68.103
gtm,sex_t,age_aggregate_y25_54,mts_details_mrd,2022,64.603
gtm,sex_t,age_aggregate_y25_54,mts_details_mrd,2023,75.782
gtm,sex_t,age_aggregate_y25_54,mts_details_sep,2002,82.292
gtm,sex_t,age_aggregate_y25_54,mts_details_sep,2003,77.532
gtm,sex_t,age_aggregate_y25_54,mts_details_sep,2004,82.043
gtm,sex_t,age_aggregate_y25_54,mts_details_sep,2006,77.72
gtm,sex_t,age_aggregate_y25_54,mts_details_sep,2010,72.576
gtm,sex_t,age_aggregate_y25_54,mts_details_sep,2011,77.329
gtm,sex_t,age_aggregate_y25_54,mts_details_sep,2012,81.296
gtm,sex_t,age_aggregate_y25_54,mts_details_sep,2013,76.975
gtm,sex_t,age_aggregate_y25_54,mts_details_sep,2014,76.675
gtm,sex_t,age_aggregate_y25_54,mts_details_sep,2015,74.577
gtm,sex_t,age_aggregate_y25_54,mts_details_sep,2016,75.315
gtm,sex_t,age_aggregate_y25_54,mts_details_sep,2017,75.636
gtm,sex_t,age_aggregate_y25_54,mts_details_sep,2018,73.71
gtm,sex_t,age_aggregate_y25_54,mts_details_sep,2019,72.572
gtm,sex_t,age_aggregate_y25_54,mts_details_sep,2021,74.91
gtm,sex_t,age_aggregate_y25_54,mts_details_sep,2022,76.284
gtm,sex_t,age_aggregate_y25_54,mts_details_sep,2023,82.24
gtm,sex_t,age_aggregate_y25_54,mts_details_sgle,2002,78.408
gtm,sex_t,age_aggregate_y25_54,mts_details_sgle,2003,78.486
gtm,sex_t,age_aggregate_y25_54,mts_details_sgle,2004,75.805
gtm,sex_t,age_aggregate_y25_54,mts_details_sgle,2006,79.575
gtm,sex_t,age_aggregate_y25_54,mts_details_sgle,2010,71.343
gtm,sex_t,age_aggregate_y25_54,mts_details_sgle,2011,75.115
gtm,sex_t,age_aggregate_y25_54,mts_details_sgle,2012,75.831
gtm,sex_t,age_aggregate_y25_54,mts_details_sgle,2013,73.963
gtm,sex_t,age_aggregate_y25_54,mts_details_sgle,2014,74.756
gtm,sex_t,age_aggregate_y25_54,mts_details_sgle,2015,75.515
gtm,sex_t,age_aggregate_y25_54,mts_details_sgle,2016,76.046
gtm,sex_t,age_aggregate_y25_54,mts_details_sgle,2017,75.113
gtm,sex_t,age_aggregate_y25_54,mts_details_sgle,2018,76.024
gtm,sex_t,age_aggregate_y25_54,mts_details_sgle,2019,75.692
gtm,sex_t,age_aggregate_y25_54,mts_details_sgle,2021,76.092
gtm,sex_t,age_aggregate_y25_54,mts_details_sgle,2022,74.439
gtm,sex_t,age_aggregate_y25_54,mts_details_sgle,2023,79.951
gtm,sex_t,age_aggregate_y25_54,mts_details_total,2002,72.17
gtm,sex_t,age_aggregate_y25_54,mts_details_total,2003,73.292
gtm,sex_t,age_aggregate_y25_54,mts_details_total,2004,69.701
gtm,sex_t,age_aggregate_y25_54,mts_details_total,2006,73.112
gtm,sex_t,age_aggregate_y25_54,mts_details_total,2010,67.37
gtm,sex_t,age_aggregate_y25_54,mts_details_total,2011,68.244
gtm,sex_t,age_aggregate_y25_54,mts_details_total,2012,72.651
gtm,sex_t,age_aggregate_y25_54,mts_details_total,2013,68.962
gtm,sex_t,age_aggregate_y25_54,mts_details_total,2014,69.388
gtm,sex_t,age_aggregate_y25_54,mts_details_total,2015,69.09
gtm,sex_t,age_aggregate_y25_54,mts_details_total,2016,69.493
gtm,sex_t,age_aggregate_y25_54,mts_details_total,2017,69.14
gtm,sex_t,age_aggregate_y25_54,mts_details_total,2018,68.873
gtm,sex_t,age_aggregate_y25_54,mts_details_total,2019,67.763
gtm,sex_t,age_aggregate_y25_54,mts_details_total,2021,70.767
gtm,sex_t,age_aggregate_y25_54,mts_details_total,2022,68.209
gtm,sex_t,age_aggregate_y25_54,mts_details_total,2023,76.585
gtm,sex_t,age_aggregate_y25_54,mts_details_union,2002,69.731
gtm,sex_t,age_aggregate_y25_54,mts_details_union,2003,72.383
gtm,sex_t,age_aggregate_y25_54,mts_details_union,2004,70.644
gtm,sex_t,age_aggregate_y25_54,mts_details_union,2006,70.833
gtm,sex_t,age_aggregate_y25_54,mts_details_union,2010,65.458
gtm,sex_t,age_aggregate_y25_54,mts_details_union,2011,63.981
gtm,sex_t,age_aggregate_y25_54,mts_details_union,2012,71.378
gtm,sex_t,age_aggregate_y25_54,mts_details_union,2013,66.804
gtm,sex_t,age_aggregate_y25_54,mts_details_union,2014,67.88
gtm,sex_t,age_aggregate_y25_54,mts_details_union,2015,68.533
gtm,sex_t,age_aggregate_y25_54,mts_details_union,2016,68.44
gtm,sex_t,age_aggregate_y25_54,mts_details_union,2017,67.728
gtm,sex_t,age_aggregate_y25_54,mts_details_union,2018,67.536
gtm,sex_t,age_aggregate_y25_54,mts_details_union,2019,65.871
gtm,sex_t,age_aggregate_y25_54,mts_details_union,2021,70.246
gtm,sex_t,age_aggregate_y25_54,mts_details_union,2022,69.966
gtm,sex_t,age_aggregate_y25_54,mts_details_union,2023,74.17
gtm,sex_t,age_aggregate_y25_54,mts_details_wid,2002,71.999
gtm,sex_t,age_aggregate_y25_54,mts_details_wid,2003,69.651
gtm,sex_t,age_aggregate_y25_54,mts_details_wid,2004,69.616
gtm,sex_t,age_aggregate_y25_54,mts_details_wid,2006,73.046
gtm,sex_t,age_aggregate_y25_54,mts_details_wid,2010,64.062
gtm,sex_t,age_aggregate_y25_54,mts_details_wid,2011,74.82
gtm,sex_t,age_aggregate_y25_54,mts_details_wid,2012,77.229
gtm,sex_t,age_aggregate_y25_54,mts_details_wid,2013,67.567
gtm,sex_t,age_aggregate_y25_54,mts_details_wid,2014,69.295
gtm,sex_t,age_aggregate_y25_54,mts_details_wid,2015,68.262
gtm,sex_t,age_aggregate_y25_54,mts_details_wid,2016,66.881
gtm,sex_t,age_aggregate_y25_54,mts_details_wid,2017,68.901
gtm,sex_t,age_aggregate_y25_54,mts_details_wid,2018,72.78
gtm,sex_t,age_aggregate_y25_54,mts_details_wid,2019,63.986
gtm,sex_t,age_aggregate_y25_54,mts_details_wid,2021,77.788
gtm,sex_t,age_aggregate_y25_54,mts_details_wid,2022,61.123
gtm,sex_t,age_aggregate_y25_54,mts_details_wid,2023,77.845
gtm,sex_t,age_aggregate_y25_54,mts_details_x,2014,73.395
gtm,sex_t,age_aggregate_y55_64,mts_aggregate_1,2002,58.481
gtm,sex_t,age_aggregate_y55_64,mts_aggregate_1,2003,60.315
gtm,sex_t,age_aggregate_y55_64,mts_aggregate_1,2004,55.796
gtm,sex_t,age_aggregate_y55_64,mts_aggregate_1,2006,59.429
gtm,sex_t,age_aggregate_y55_64,mts_aggregate_1,2010,56.07
gtm,sex_t,age_aggregate_y55_64,mts_aggregate_1,2011,51.187
gtm,sex_t,age_aggregate_y55_64,mts_aggregate_1,2012,60.889
gtm,sex_t,age_aggregate_y55_64,mts_aggregate_1,2013,55.809
gtm,sex_t,age_aggregate_y55_64,mts_aggregate_1,2014,48.711
gtm,sex_t,age_aggregate_y55_64,mts_aggregate_1,2015,55.456
gtm,sex_t,age_aggregate_y55_64,mts_aggregate_1,2016,50.757
gtm,sex_t,age_aggregate_y55_64,mts_aggregate_1,2017,55.197
gtm,sex_t,age_aggregate_y55_64,mts_aggregate_1,2018,56.159
gtm,sex_t,age_aggregate_y55_64,mts_aggregate_1,2019,51.51
gtm,sex_t,age_aggregate_y55_64,mts_aggregate_1,2021,58.56
gtm,sex_t,age_aggregate_y55_64,mts_aggregate_1,2022,51.809
gtm,sex_t,age_aggregate_y55_64,mts_aggregate_1,2023,64.294
gtm,sex_t,age_aggregate_y55_64,mts_aggregate_2,2002,66.763
gtm,sex_t,age_aggregate_y55_64,mts_aggregate_2,2003,68.303
gtm,sex_t,age_aggregate_y55_64,mts_aggregate_2,2004,63.916
gtm,sex_t,age_aggregate_y55_64,mts_aggregate_2,2006,68.267
gtm,sex_t,age_aggregate_y55_64,mts_aggregate_2,2010,61.065
gtm,sex_t,age_aggregate_y55_64,mts_aggregate_2,2011,61.408
gtm,sex_t,age_aggregate_y55_64,mts_aggregate_2,2012,63.682
gtm,sex_t,age_aggregate_y55_64,mts_aggregate_2,2013,62.03
gtm,sex_t,age_aggregate_y55_64,mts_aggregate_2,2014,61.125
gtm,sex_t,age_aggregate_y55_64,mts_aggregate_2,2015,60.616
gtm,sex_t,age_aggregate_y55_64,mts_aggregate_2,2016,58.902
gtm,sex_t,age_aggregate_y55_64,mts_aggregate_2,2017,62.057
gtm,sex_t,age_aggregate_y55_64,mts_aggregate_2,2018,60.493
gtm,sex_t,age_aggregate_y55_64,mts_aggregate_2,2019,58.665
gtm,sex_t,age_aggregate_y55_64,mts_aggregate_2,2021,63.426
gtm,sex_t,age_aggregate_y55_64,mts_aggregate_2,2022,59.623
gtm,sex_t,age_aggregate_y55_64,mts_aggregate_2,2023,66.566
gtm,sex_t,age_aggregate_y55_64,mts_aggregate_total,2002,64.84
gtm,sex_t,age_aggregate_y55_64,mts_aggregate_total,2003,66.657
gtm,sex_t,age_aggregate_y55_64,mts_aggregate_total,2004,61.062
gtm,sex_t,age_aggregate_y55_64,mts_aggregate_total,2006,65.978
gtm,sex_t,age_aggregate_y55_64,mts_aggregate_total,2010,59.667
gtm,sex_t,age_aggregate_y55_64,mts_aggregate_total,2011,58.6
gtm,sex_t,age_aggregate_y55_64,mts_aggregate_total,2012,62.987
gtm,sex_t,age_aggregate_y55_64,mts_aggregate_total,2013,60.537
gtm,sex_t,age_aggregate_y55_64,mts_aggregate_total,2014,57.909
gtm,sex_t,age_aggregate_y55_64,mts_aggregate_total,2015,59.214
gtm,sex_t,age_aggregate_y55_64,mts_aggregate_total,2016,56.793
gtm,sex_t,age_aggregate_y55_64,mts_aggregate_total,2017,60.252
gtm,sex_t,age_aggregate_y55_64,mts_aggregate_total,2018,59.464
gtm,sex_t,age_aggregate_y55_64,mts_aggregate_total,2019,56.819
gtm,sex_t,age_aggregate_y55_64,mts_aggregate_total,2021,62.16
gtm,sex_t,age_aggregate_y55_64,mts_aggregate_total,2022,57.612
gtm,sex_t,age_aggregate_y55_64,mts_aggregate_total,2023,65.825
gtm,sex_t,age_aggregate_y55_64,mts_details_mrd,2002,65.442
gtm,sex_t,age_aggregate_y55_64,mts_details_mrd,2003,66.707
gtm,sex_t,age_aggregate_y55_64,mts_details_mrd,2004,66.032
gtm,sex_t,age_aggregate_y55_64,mts_details_mrd,2006,74.09
gtm,sex_t,age_aggregate_y55_64,mts_details_mrd,2010,59.761
gtm,sex_t,age_aggregate_y55_64,mts_details_mrd,2011,58.735
gtm,sex_t,age_aggregate_y55_64,mts_details_mrd,2012,61.92
gtm,sex_t,age_aggregate_y55_64,mts_details_mrd,2013,61.197
gtm,sex_t,age_aggregate_y55_64,mts_details_mrd,2014,60.721
gtm,sex_t,age_aggregate_y55_64,mts_details_mrd,2015,60.268
gtm,sex_t,age_aggregate_y55_64,mts_details_mrd,2016,57.392
gtm,sex_t,age_aggregate_y55_64,mts_details_mrd,2017,61.4
gtm,sex_t,age_aggregate_y55_64,mts_details_mrd,2018,60.076
gtm,sex_t,age_aggregate_y55_64,mts_details_mrd,2019,58.031
gtm,sex_t,age_aggregate_y55_64,mts_details_mrd,2021,63.869
gtm,sex_t,age_aggregate_y55_64,mts_details_mrd,2022,58.054
gtm,sex_t,age_aggregate_y55_64,mts_details_mrd,2023,64.746
gtm,sex_t,age_aggregate_y55_64,mts_details_sep,2002,61.135
gtm,sex_t,age_aggregate_y55_64,mts_details_sep,2003,60.119
gtm,sex_t,age_aggregate_y55_64,mts_details_sep,2004,47.278
gtm,sex_t,age_aggregate_y55_64,mts_details_sep,2006,61.687
gtm,sex_t,age_aggregate_y55_64,mts_details_sep,2010,58.883
gtm,sex_t,age_aggregate_y55_64,mts_details_sep,2011,56.886
gtm,sex_t,age_aggregate_y55_64,mts_details_sep,2012,63.445
gtm,sex_t,age_aggregate_y55_64,mts_details_sep,2013,65.076
gtm,sex_t,age_aggregate_y55_64,mts_details_sep,2014,52.251
gtm,sex_t,age_aggregate_y55_64,mts_details_sep,2015,65.796
gtm,sex_t,age_aggregate_y55_64,mts_details_sep,2016,57.571
gtm,sex_t,age_aggregate_y55_64,mts_details_sep,2017,61.249
gtm,sex_t,age_aggregate_y55_64,mts_details_sep,2018,62.551
gtm,sex_t,age_aggregate_y55_64,mts_details_sep,2019,56.097
gtm,sex_t,age_aggregate_y55_64,mts_details_sep,2021,61.327
gtm,sex_t,age_aggregate_y55_64,mts_details_sep,2022,50.49
gtm,sex_t,age_aggregate_y55_64,mts_details_sep,2023,61.133
gtm,sex_t,age_aggregate_y55_64,mts_details_sgle,2002,68.548
gtm,sex_t,age_aggregate_y55_64,mts_details_sgle,2003,78.09
gtm,sex_t,age_aggregate_y55_64,mts_details_sgle,2004,66.937
gtm,sex_t,age_aggregate_y55_64,mts_details_sgle,2006,69.908
gtm,sex_t,age_aggregate_y55_64,mts_details_sgle,2010,57.718
gtm,sex_t,age_aggregate_y55_64,mts_details_sgle,2011,61.795
gtm,sex_t,age_aggregate_y55_64,mts_details_sgle,2012,65.594
gtm,sex_t,age_aggregate_y55_64,mts_details_sgle,2013,56.177
gtm,sex_t,age_aggregate_y55_64,mts_details_sgle,2014,60.941
gtm,sex_t,age_aggregate_y55_64,mts_details_sgle,2015,60.084
gtm,sex_t,age_aggregate_y55_64,mts_details_sgle,2016,61.542
gtm,sex_t,age_aggregate_y55_64,mts_details_sgle,2017,57.344
gtm,sex_t,age_aggregate_y55_64,mts_details_sgle,2018,57.362
gtm,sex_t,age_aggregate_y55_64,mts_details_sgle,2019,57.22
gtm,sex_t,age_aggregate_y55_64,mts_details_sgle,2021,61.163
gtm,sex_t,age_aggregate_y55_64,mts_details_sgle,2022,57.808
gtm,sex_t,age_aggregate_y55_64,mts_details_sgle,2023,72.297
gtm,sex_t,age_aggregate_y55_64,mts_details_total,2002,64.84
gtm,sex_t,age_aggregate_y55_64,mts_details_total,2003,66.657
gtm,sex_t,age_aggregate_y55_64,mts_details_total,2004,61.062
gtm,sex_t,age_aggregate_y55_64,mts_details_total,2006,65.978
gtm,sex_t,age_aggregate_y55_64,mts_details_total,2010,59.667
gtm,sex_t,age_aggregate_y55_64,mts_details_total,2011,58.6
gtm,sex_t,age_aggregate_y55_64,mts_details_total,2012,62.987
gtm,sex_t,age_aggregate_y55_64,mts_details_total,2013,60.537
gtm,sex_t,age_aggregate_y55_64,mts_details_total,2014,57.909
gtm,sex_t,age_aggregate_y55_64,mts_details_total,2015,59.214
gtm,sex_t,age_aggregate_y55_64,mts_details_total,2016,56.793
gtm,sex_t,age_aggregate_y55_64,mts_details_total,2017,60.252
gtm,sex_t,age_aggregate_y55_64,mts_details_total,2018,59.464
gtm,sex_t,age_aggregate_y55_64,mts_details_total,2019,56.819
gtm,sex_t,age_aggregate_y55_64,mts_details_total,2021,62.16
gtm,sex_t,age_aggregate_y55_64,mts_details_total,2022,57.612
gtm,sex_t,age_aggregate_y55_64,mts_details_total,2023,65.825
gtm,sex_t,age_aggregate_y55_64,mts_details_union,2002,70.725
gtm,sex_t,age_aggregate_y55_64,mts_details_union,2003,73.733
gtm,sex_t,age_aggregate_y55_64,mts_details_union,2004,58.319
gtm,sex_t,age_aggregate_y55_64,mts_details_union,2006,66.306
gtm,sex_t,age_aggregate_y55_64,mts_details_union,2010,64.285
gtm,sex_t,age_aggregate_y55_64,mts_details_union,2011,69.21
gtm,sex_t,age_aggregate_y55_64,mts_details_union,2012,68.882
gtm,sex_t,age_aggregate_y55_64,mts_details_union,2013,64.439
gtm,sex_t,age_aggregate_y55_64,mts_details_union,2014,62.719
gtm,sex_t,age_aggregate_y55_64,mts_details_union,2015,61.801
gtm,sex_t,age_aggregate_y55_64,mts_details_union,2016,63.391
gtm,sex_t,age_aggregate_y55_64,mts_details_union,2017,64.57
gtm,sex_t,age_aggregate_y55_64,mts_details_union,2018,62.024
gtm,sex_t,age_aggregate_y55_64,mts_details_union,2019,61.143
gtm,sex_t,age_aggregate_y55_64,mts_details_union,2021,61.966
gtm,sex_t,age_aggregate_y55_64,mts_details_union,2022,66.331
gtm,sex_t,age_aggregate_y55_64,mts_details_union,2023,72.893
gtm,sex_t,age_aggregate_y55_64,mts_details_wid,2002,53.237
gtm,sex_t,age_aggregate_y55_64,mts_details_wid,2003,51.921
gtm,sex_t,age_aggregate_y55_64,mts_details_wid,2004,55.462
gtm,sex_t,age_aggregate_y55_64,mts_details_wid,2006,53.663
gtm,sex_t,age_aggregate_y55_64,mts_details_wid,2010,53.769
gtm,sex_t,age_aggregate_y55_64,mts_details_wid,2011,43.596
gtm,sex_t,age_aggregate_y55_64,mts_details_wid,2012,57.437
gtm,sex_t,age_aggregate_y55_64,mts_details_wid,2013,50.795
gtm,sex_t,age_aggregate_y55_64,mts_details_wid,2014,42.245
gtm,sex_t,age_aggregate_y55_64,mts_details_wid,2015,47.617
gtm,sex_t,age_aggregate_y55_64,mts_details_wid,2016,42.266
gtm,sex_t,age_aggregate_y55_64,mts_details_wid,2017,50.715
gtm,sex_t,age_aggregate_y55_64,mts_details_wid,2018,52.026
gtm,sex_t,age_aggregate_y55_64,mts_details_wid,2019,46.843
gtm,sex_t,age_aggregate_y55_64,mts_details_wid,2021,55.493
gtm,sex_t,age_aggregate_y55_64,mts_details_wid,2022,48.825
gtm,sex_t,age_aggregate_y55_64,mts_details_wid,2023,63.025
gtm,sex_t,age_aggregate_yge65,mts_aggregate_1,2002,37.155
gtm,sex_t,age_aggregate_yge65,mts_aggregate_1,2003,28.072
gtm,sex_t,age_aggregate_yge65,mts_aggregate_1,2004,30.303
gtm,sex_t,age_aggregate_yge65,mts_aggregate_1,2006,31.48
gtm,sex_t,age_aggregate_yge65,mts_aggregate_1,2010,33.888
gtm,sex_t,age_aggregate_yge65,mts_aggregate_1,2011,29.247
gtm,sex_t,age_aggregate_yge65,mts_aggregate_1,2012,24.757
gtm,sex_t,age_aggregate_yge65,mts_aggregate_1,2013,25.726
gtm,sex_t,age_aggregate_yge65,mts_aggregate_1,2014,26.631
gtm,sex_t,age_aggregate_yge65,mts_aggregate_1,2015,25.848
gtm,sex_t,age_aggregate_yge65,mts_aggregate_1,2016,25.172
gtm,sex_t,age_aggregate_yge65,mts_aggregate_1,2017,27.935
gtm,sex_t,age_aggregate_yge65,mts_aggregate_1,2018,26.889
gtm,sex_t,age_aggregate_yge65,mts_aggregate_1,2019,24.404
gtm,sex_t,age_aggregate_yge65,mts_aggregate_1,2021,24.442
gtm,sex_t,age_aggregate_yge65,mts_aggregate_1,2022,28.972
gtm,sex_t,age_aggregate_yge65,mts_aggregate_1,2023,32.134
gtm,sex_t,age_aggregate_yge65,mts_aggregate_2,2002,56.571
gtm,sex_t,age_aggregate_yge65,mts_aggregate_2,2003,49.886
gtm,sex_t,age_aggregate_yge65,mts_aggregate_2,2004,56.715
gtm,sex_t,age_aggregate_yge65,mts_aggregate_2,2006,54.313
gtm,sex_t,age_aggregate_yge65,mts_aggregate_2,2010,46.249
gtm,sex_t,age_aggregate_yge65,mts_aggregate_2,2011,45.843
gtm,sex_t,age_aggregate_yge65,mts_aggregate_2,2012,50.064
gtm,sex_t,age_aggregate_yge65,mts_aggregate_2,2013,43.207
gtm,sex_t,age_aggregate_yge65,mts_aggregate_2,2014,46.818
gtm,sex_t,age_aggregate_yge65,mts_aggregate_2,2015,44.348
gtm,sex_t,age_aggregate_yge65,mts_aggregate_2,2016,45.308
gtm,sex_t,age_aggregate_yge65,mts_aggregate_2,2017,46.083
gtm,sex_t,age_aggregate_yge65,mts_aggregate_2,2018,44.714
gtm,sex_t,age_aggregate_yge65,mts_aggregate_2,2019,42.518
gtm,sex_t,age_aggregate_yge65,mts_aggregate_2,2021,44.944
gtm,sex_t,age_aggregate_yge65,mts_aggregate_2,2022,41.749
gtm,sex_t,age_aggregate_yge65,mts_aggregate_2,2023,50.418
gtm,sex_t,age_aggregate_yge65,mts_aggregate_total,2002,47.774
gtm,sex_t,age_aggregate_yge65,mts_aggregate_total,2003,40.253
gtm,sex_t,age_aggregate_yge65,mts_aggregate_total,2004,44.704
gtm,sex_t,age_aggregate_yge65,mts_aggregate_total,2006,44.927
gtm,sex_t,age_aggregate_yge65,mts_aggregate_total,2010,41.209
gtm,sex_t,age_aggregate_yge65,mts_aggregate_total,2011,39.014
gtm,sex_t,age_aggregate_yge65,mts_aggregate_total,2012,39.095
gtm,sex_t,age_aggregate_yge65,mts_aggregate_total,2013,35.76
gtm,sex_t,age_aggregate_yge65,mts_aggregate_total,2014,38.095
gtm,sex_t,age_aggregate_yge65,mts_aggregate_total,2015,36.637
gtm,sex_t,age_aggregate_yge65,mts_aggregate_total,2016,36.702
gtm,sex_t,age_aggregate_yge65,mts_aggregate_total,2017,38.552
gtm,sex_t,age_aggregate_yge65,mts_aggregate_total,2018,37.489
gtm,sex_t,age_aggregate_yge65,mts_aggregate_total,2019,35.129
gtm,sex_t,age_aggregate_yge65,mts_aggregate_total,2021,36.105
gtm,sex_t,age_aggregate_yge65,mts_aggregate_total,2022,36.207
gtm,sex_t,age_aggregate_yge65,mts_aggregate_total,2023,42.304
gtm,sex_t,age_aggregate_yge65,mts_details_mrd,2002,58.125
gtm,sex_t,age_aggregate_yge65,mts_details_mrd,2003,50.512
gtm,sex_t,age_aggregate_yge65,mts_details_mrd,2004,54.589
gtm,sex_t,age_aggregate_yge65,mts_details_mrd,2006,59.54
gtm,sex_t,age_aggregate_yge65,mts_details_mrd,2010,44.126
gtm,sex_t,age_aggregate_yge65,mts_details_mrd,2011,46.552
gtm,sex_t,age_aggregate_yge65,mts_details_mrd,2012,49.342
gtm,sex_t,age_aggregate_yge65,mts_details_mrd,2013,41.034
gtm,sex_t,age_aggregate_yge65,mts_details_mrd,2014,46.692
gtm,sex_t,age_aggregate_yge65,mts_details_mrd,2015,42.735
gtm,sex_t,age_aggregate_yge65,mts_details_mrd,2016,44.02
gtm,sex_t,age_aggregate_yge65,mts_details_mrd,2017,44.517
gtm,sex_t,age_aggregate_yge65,mts_details_mrd,2018,41.502
gtm,sex_t,age_aggregate_yge65,mts_details_mrd,2019,40.928
gtm,sex_t,age_aggregate_yge65,mts_details_mrd,2021,43.4
gtm,sex_t,age_aggregate_yge65,mts_details_mrd,2022,40.503
gtm,sex_t,age_aggregate_yge65,mts_details_mrd,2023,49.01
gtm,sex_t,age_aggregate_yge65,mts_details_sep,2002,36.331
gtm,sex_t,age_aggregate_yge65,mts_details_sep,2003,22.787
gtm,sex_t,age_aggregate_yge65,mts_details_sep,2004,36.973
gtm,sex_t,age_aggregate_yge65,mts_details_sep,2006,39.442
gtm,sex_t,age_aggregate_yge65,mts_details_sep,2010,50.246
gtm,sex_t,age_aggregate_yge65,mts_details_sep,2011,33.195
gtm,sex_t,age_aggregate_yge65,mts_details_sep,2012,24.274
gtm,sex_t,age_aggregate_yge65,mts_details_sep,2013,28.064
gtm,sex_t,age_aggregate_yge65,mts_details_sep,2014,38.244
gtm,sex_t,age_aggregate_yge65,mts_details_sep,2015,36.545
gtm,sex_t,age_aggregate_yge65,mts_details_sep,2016,44.547
gtm,sex_t,age_aggregate_yge65,mts_details_sep,2017,35.867
gtm,sex_t,age_aggregate_yge65,mts_details_sep,2018,39.734
gtm,sex_t,age_aggregate_yge65,mts_details_sep,2019,34.278
gtm,sex_t,age_aggregate_yge65,mts_details_sep,2021,30.881
gtm,sex_t,age_aggregate_yge65,mts_details_sep,2022,35.191
gtm,sex_t,age_aggregate_yge65,mts_details_sep,2023,40.298
gtm,sex_t,age_aggregate_yge65,mts_details_sgle,2002,40.055
gtm,sex_t,age_aggregate_yge65,mts_details_sgle,2003,30.656
gtm,sex_t,age_aggregate_yge65,mts_details_sgle,2004,67.768
gtm,sex_t,age_aggregate_yge65,mts_details_sgle,2006,36.562
gtm,sex_t,age_aggregate_yge65,mts_details_sgle,2010,40.383
gtm,sex_t,age_aggregate_yge65,mts_details_sgle,2011,29.449
gtm,sex_t,age_aggregate_yge65,mts_details_sgle,2012,40.193
gtm,sex_t,age_aggregate_yge65,mts_details_sgle,2013,32.348
gtm,sex_t,age_aggregate_yge65,mts_details_sgle,2014,38.777
gtm,sex_t,age_aggregate_yge65,mts_details_sgle,2015,31.895
gtm,sex_t,age_aggregate_yge65,mts_details_sgle,2016,32.852
gtm,sex_t,age_aggregate_yge65,mts_details_sgle,2017,46.887
gtm,sex_t,age_aggregate_yge65,mts_details_sgle,2018,34.182
gtm,sex_t,age_aggregate_yge65,mts_details_sgle,2019,29.332
gtm,sex_t,age_aggregate_yge65,mts_details_sgle,2021,39.4
gtm,sex_t,age_aggregate_yge65,mts_details_sgle,2022,39.851
gtm,sex_t,age_aggregate_yge65,mts_details_sgle,2023,35.05
gtm,sex_t,age_aggregate_yge65,mts_details_total,2002,47.774
gtm,sex_t,age_aggregate_yge65,mts_details_total,2003,40.253
gtm,sex_t,age_aggregate_yge65,mts_details_total,2004,44.704
gtm,sex_t,age_aggregate_yge65,mts_details_total,2006,44.927
gtm,sex_t,age_aggregate_yge65,mts_details_total,2010,41.209
gtm,sex_t,age_aggregate_yge65,mts_details_total,2011,39.014
gtm,sex_t,age_aggregate_yge65,mts_details_total,2012,39.095
gtm,sex_t,age_aggregate_yge65,mts_details_total,2013,35.76
gtm,sex_t,age_aggregate_yge65,mts_details_total,2014,38.095
gtm,sex_t,age_aggregate_yge65,mts_details_total,2015,36.637
gtm,sex_t,age_aggregate_yge65,mts_details_total,2016,36.702
gtm,sex_t,age_aggregate_yge65,mts_details_total,2017,38.552
gtm,sex_t,age_aggregate_yge65,mts_details_total,2018,37.489
gtm,sex_t,age_aggregate_yge65,mts_details_total,2019,35.129
gtm,sex_t,age_aggregate_yge65,mts_details_total,2021,36.105
gtm,sex_t,age_aggregate_yge65,mts_details_total,2022,36.207
gtm,sex_t,age_aggregate_yge65,mts_details_total,2023,42.304
gtm,sex_t,age_aggregate_yge65,mts_details_union,2002,50.507
gtm,sex_t,age_aggregate_yge65,mts_details_union,2003,48.102
gtm,sex_t,age_aggregate_yge65,mts_details_union,2004,65.882
gtm,sex_t,age_aggregate_yge65,mts_details_union,2006,52.81
gtm,sex_t,age_aggregate_yge65,mts_details_union,2010,52.989
gtm,sex_t,age_aggregate_yge65,mts_details_union,2011,43.378
gtm,sex_t,age_aggregate_yge65,mts_details_union,2012,52.363
gtm,sex_t,age_aggregate_yge65,mts_details_union,2013,51.03
gtm,sex_t,age_aggregate_yge65,mts_details_union,2014,47.25
gtm,sex_t,age_aggregate_yge65,mts_details_union,2015,51.422
gtm,sex_t,age_aggregate_yge65,mts_details_union,2016,50.062
gtm,sex_t,age_aggregate_yge65,mts_details_union,2017,52.095
gtm,sex_t,age_aggregate_yge65,mts_details_union,2018,57.519
gtm,sex_t,age_aggregate_yge65,mts_details_union,2019,50.062
gtm,sex_t,age_aggregate_yge65,mts_details_union,2021,50.626
gtm,sex_t,age_aggregate_yge65,mts_details_union,2022,48.465
gtm,sex_t,age_aggregate_yge65,mts_details_union,2023,56.185
gtm,sex_t,age_aggregate_yge65,mts_details_wid,2002,36.876
gtm,sex_t,age_aggregate_yge65,mts_details_wid,2003,28.249
gtm,sex_t,age_aggregate_yge65,mts_details_wid,2004,26.53
gtm,sex_t,age_aggregate_yge65,mts_details_wid,2006,29.314
gtm,sex_t,age_aggregate_yge65,mts_details_wid,2010,30.096
gtm,sex_t,age_aggregate_yge65,mts_details_wid,2011,28.675
gtm,sex_t,age_aggregate_yge65,mts_details_wid,2012,22.695
gtm,sex_t,age_aggregate_yge65,mts_details_wid,2013,24.571
gtm,sex_t,age_aggregate_yge65,mts_details_wid,2014,23.422
gtm,sex_t,age_aggregate_yge65,mts_details_wid,2015,23.286
gtm,sex_t,age_aggregate_yge65,mts_details_wid,2016,20.976
gtm,sex_t,age_aggregate_yge65,mts_details_wid,2017,24.449
gtm,sex_t,age_aggregate_yge65,mts_details_wid,2018,23.073
gtm,sex_t,age_aggregate_yge65,mts_details_wid,2019,22.169
gtm,sex_t,age_aggregate_yge65,mts_details_wid,2021,20.982
gtm,sex_t,age_aggregate_yge65,mts_details_wid,2022,25.712
gtm,sex_t,age_aggregate_yge65,mts_details_wid,2023,29.835
gtm,sex_t,age_ythadult_y15_24,mts_aggregate_1,2002,61.495
gtm,sex_t,age_ythadult_y15_24,mts_aggregate_1,2003,61.36
gtm,sex_t,age_ythadult_y15_24,mts_aggregate_1,2004,55.077
gtm,sex_t,age_ythadult_y15_24,mts_aggregate_1,2006,58.82
gtm,sex_t,age_ythadult_y15_24,mts_aggregate_1,2010,47.888
gtm,sex_t,age_ythadult_y15_24,mts_aggregate_1,2011,49.438
gtm,sex_t,age_ythadult_y15_24,mts_aggregate_1,2012,55.917
gtm,sex_t,age_ythadult_y15_24,mts_aggregate_1,2013,47.526
gtm,sex_t,age_ythadult_y15_24,mts_aggregate_1,2014,48.329
gtm,sex_t,age_ythadult_y15_24,mts_aggregate_1,2015,50.117
gtm,sex_t,age_ythadult_y15_24,mts_aggregate_1,2016,49.744
gtm,sex_t,age_ythadult_y15_24,mts_aggregate_1,2017,50.446
gtm,sex_t,age_ythadult_y15_24,mts_aggregate_1,2018,50.25
gtm,sex_t,age_ythadult_y15_24,mts_aggregate_1,2019,49.389
gtm,sex_t,age_ythadult_y15_24,mts_aggregate_1,2021,52.371
gtm,sex_t,age_ythadult_y15_24,mts_aggregate_1,2022,48.256
gtm,sex_t,age_ythadult_y15_24,mts_aggregate_1,2023,57.842
gtm,sex_t,age_ythadult_y15_24,mts_aggregate_2,2002,54.992
gtm,sex_t,age_ythadult_y15_24,mts_aggregate_2,2003,57.147
gtm,sex_t,age_ythadult_y15_24,mts_aggregate_2,2004,48.075
gtm,sex_t,age_ythadult_y15_24,mts_aggregate_2,2006,52.322
gtm,sex_t,age_ythadult_y15_24,mts_aggregate_2,2010,50.314
gtm,sex_t,age_ythadult_y15_24,mts_aggregate_2,2011,48.617
gtm,sex_t,age_ythadult_y15_24,mts_aggregate_2,2012,52.812
gtm,sex_t,age_ythadult_y15_24,mts_aggregate_2,2013,45.622
gtm,sex_t,age_ythadult_y15_24,mts_aggregate_2,2014,49.352
gtm,sex_t,age_ythadult_y15_24,mts_aggregate_2,2015,46.626
gtm,sex_t,age_ythadult_y15_24,mts_aggregate_2,2016,48.808
gtm,sex_t,age_ythadult_y15_24,mts_aggregate_2,2017,47.814
gtm,sex_t,age_ythadult_y15_24,mts_aggregate_2,2018,48.755
gtm,sex_t,age_ythadult_y15_24,mts_aggregate_2,2019,47.751
gtm,sex_t,age_ythadult_y15_24,mts_aggregate_2,2021,54.483
gtm,sex_t,age_ythadult_y15_24,mts_aggregate_2,2022,48.058
gtm,sex_t,age_ythadult_y15_24,mts_aggregate_2,2023,56.46
gtm,sex_t,age_ythadult_y15_24,mts_aggregate_total,2002,59.529
gtm,sex_t,age_ythadult_y15_24,mts_aggregate_total,2003,60.156
gtm,sex_t,age_ythadult_y15_24,mts_aggregate_total,2004,52.09
gtm,sex_t,age_ythadult_y15_24,mts_aggregate_total,2006,56.94
gtm,sex_t,age_ythadult_y15_24,mts_aggregate_total,2010,48.283
gtm,sex_t,age_ythadult_y15_24,mts_aggregate_total,2011,49.248
gtm,sex_t,age_ythadult_y15_24,mts_aggregate_total,2012,55.176
gtm,sex_t,age_ythadult_y15_24,mts_aggregate_total,2013,47.041
gtm,sex_t,age_ythadult_y15_24,mts_aggregate_total,2014,48.591
gtm,sex_t,age_ythadult_y15_24,mts_aggregate_total,2015,49.264
gtm,sex_t,age_ythadult_y15_24,mts_aggregate_total,2016,49.526
gtm,sex_t,age_ythadult_y15_24,mts_aggregate_total,2017,49.837
gtm,sex_t,age_ythadult_y15_24,mts_aggregate_total,2018,49.917
gtm,sex_t,age_ythadult_y15_24,mts_aggregate_total,2019,49.063
gtm,sex_t,age_ythadult_y15_24,mts_aggregate_total,2021,52.882
gtm,sex_t,age_ythadult_y15_24,mts_aggregate_total,2022,48.21
gtm,sex_t,age_ythadult_y15_24,mts_aggregate_total,2023,57.42
gtm,sex_t,age_ythadult_y15_24,mts_details_mrd,2002,55.636
gtm,sex_t,age_ythadult_y15_24,mts_details_mrd,2003,59.782
gtm,sex_t,age_ythadult_y15_24,mts_details_mrd,2004,50.541
gtm,sex_t,age_ythadult_y15_24,mts_details_mrd,2006,51.107
gtm,sex_t,age_ythadult_y15_24,mts_details_mrd,2010,48.468
gtm,sex_t,age_ythadult_y15_24,mts_details_mrd,2011,48.469
gtm,sex_t,age_ythadult_y15_24,mts_details_mrd,2012,54.024
gtm,sex_t,age_ythadult_y15_24,mts_details_mrd,2013,43.822
gtm,sex_t,age_ythadult_y15_24,mts_details_mrd,2014,48.96
gtm,sex_t,age_ythadult_y15_24,mts_details_mrd,2015,44.852
gtm,sex_t,age_ythadult_y15_24,mts_details_mrd,2016,48.296
gtm,sex_t,age_ythadult_y15_24,mts_details_mrd,2017,47.467
gtm,sex_t,age_ythadult_y15_24,mts_details_mrd,2018,47.704
gtm,sex_t,age_ythadult_y15_24,mts_details_mrd,2019,45.833
gtm,sex_t,age_ythadult_y15_24,mts_details_mrd,2021,57.647
gtm,sex_t,age_ythadult_y15_24,mts_details_mrd,2022,49.283
gtm,sex_t,age_ythadult_y15_24,mts_details_mrd,2023,57.315
gtm,sex_t,age_ythadult_y15_24,mts_details_sep,2002,56.241
gtm,sex_t,age_ythadult_y15_24,mts_details_sep,2003,76.702
gtm,sex_t,age_ythadult_y15_24,mts_details_sep,2004,60.466
gtm,sex_t,age_ythadult_y15_24,mts_details_sep,2006,60.455
gtm,sex_t,age_ythadult_y15_24,mts_details_sep,2010,51.163
gtm,sex_t,age_ythadult_y15_24,mts_details_sep,2011,55.255
gtm,sex_t,age_ythadult_y15_24,mts_details_sep,2012,44.522
gtm,sex_t,age_ythadult_y15_24,mts_details_sep,2013,60.668
gtm,sex_t,age_ythadult_y15_24,mts_details_sep,2014,42.173
gtm,sex_t,age_ythadult_y15_24,mts_details_sep,2015,43.392
gtm,sex_t,age_ythadult_y15_24,mts_details_sep,2016,52.465
gtm,sex_t,age_ythadult_y15_24,mts_details_sep,2017,45.153
gtm,sex_t,age_ythadult_y15_24,mts_details_sep,2018,48.991
gtm,sex_t,age_ythadult_y15_24,mts_details_sep,2019,46.088
gtm,sex_t,age_ythadult_y15_24,mts_details_sep,2021,52.055
gtm,sex_t,age_ythadult_y15_24,mts_details_sep,2022,39.589
gtm,sex_t,age_ythadult_y15_24,mts_details_sep,2023,64.223
gtm,sex_t,age_ythadult_y15_24,mts_details_sgle,2002,61.525
gtm,sex_t,age_ythadult_y15_24,mts_details_sgle,2003,61.034
gtm,sex_t,age_ythadult_y15_24,mts_details_sgle,2004,55.021
gtm,sex_t,age_ythadult_y15_24,mts_details_sgle,2006,58.798
gtm,sex_t,age_ythadult_y15_24,mts_details_sgle,2010,47.822
gtm,sex_t,age_ythadult_y15_24,mts_details_sgle,2011,49.31
gtm,sex_t,age_ythadult_y15_24,mts_details_sgle,2012,56.101
gtm,sex_t,age_ythadult_y15_24,mts_details_sgle,2013,47.219
gtm,sex_t,age_ythadult_y15_24,mts_details_sgle,2014,48.528
gtm,sex_t,age_ythadult_y15_24,mts_details_sgle,2015,50.324
gtm,sex_t,age_ythadult_y15_24,mts_details_sgle,2016,49.69
gtm,sex_t,age_ythadult_y15_24,mts_details_sgle,2017,50.608
gtm,sex_t,age_ythadult_y15_24,mts_details_sgle,2018,50.293
gtm,sex_t,age_ythadult_y15_24,mts_details_sgle,2019,49.466
gtm,sex_t,age_ythadult_y15_24,mts_details_sgle,2021,52.398
gtm,sex_t,age_ythadult_y15_24,mts_details_sgle,2022,48.279
gtm,sex_t,age_ythadult_y15_24,mts_details_sgle,2023,57.602
gtm,sex_t,age_ythadult_y15_24,mts_details_total,2002,59.529
gtm,sex_t,age_ythadult_y15_24,mts_details_total,2003,60.156
gtm,sex_t,age_ythadult_y15_24,mts_details_total,2004,52.09
gtm,sex_t,age_ythadult_y15_24,mts_details_total,2006,56.94
gtm,sex_t,age_ythadult_y15_24,mts_details_total,2010,48.283
gtm,sex_t,age_ythadult_y15_24,mts_details_total,2011,49.248
gtm,sex_t,age_ythadult_y15_24,mts_details_total,2012,55.176
gtm,sex_t,age_ythadult_y15_24,mts_details_total,2013,47.041
gtm,sex_t,age_ythadult_y15_24,mts_details_total,2014,48.591
gtm,sex_t,age_ythadult_y15_24,mts_details_total,2015,49.264
gtm,sex_t,age_ythadult_y15_24,mts_details_total,2016,49.526
gtm,sex_t,age_ythadult_y15_24,mts_details_total,2017,49.837
gtm,sex_t,age_ythadult_y15_24,mts_details_total,2018,49.917
gtm,sex_t,age_ythadult_y15_24,mts_details_total,2019,49.063
gtm,sex_t,age_ythadult_y15_24,mts_details_total,2021,52.882
gtm,sex_t,age_ythadult_y15_24,mts_details_total,2022,48.21
gtm,sex_t,age_ythadult_y15_24,mts_details_total,2023,57.42
gtm,sex_t,age_ythadult_y15_24,mts_details_union,2002,54.195
gtm,sex_t,age_ythadult_y15_24,mts_details_union,2003,53.983
gtm,sex_t,age_ythadult_y15_24,mts_details_union,2004,45.026
gtm,sex_t,age_ythadult_y15_24,mts_details_union,2006,53.759
gtm,sex_t,age_ythadult_y15_24,mts_details_union,2010,51.566
gtm,sex_t,age_ythadult_y15_24,mts_details_union,2011,48.712
gtm,sex_t,age_ythadult_y15_24,mts_details_union,2012,51.665
gtm,sex_t,age_ythadult_y15_24,mts_details_union,2013,46.973
gtm,sex_t,age_ythadult_y15_24,mts_details_union,2014,49.7
gtm,sex_t,age_ythadult_y15_24,mts_details_union,2015,47.834
gtm,sex_t,age_ythadult_y15_24,mts_details_union,2016,49.127
gtm,sex_t,age_ythadult_y15_24,mts_details_union,2017,48.019
gtm,sex_t,age_ythadult_y15_24,mts_details_union,2018,49.354
gtm,sex_t,age_ythadult_y15_24,mts_details_union,2019,48.662
gtm,sex_t,age_ythadult_y15_24,mts_details_union,2021,53.011
gtm,sex_t,age_ythadult_y15_24,mts_details_union,2022,47.59
gtm,sex_t,age_ythadult_y15_24,mts_details_union,2023,56.127
gtm,sex_t,age_ythadult_y15_24,mts_details_wid,2002,89.306
gtm,sex_t,age_ythadult_y15_24,mts_details_wid,2004,41.791
gtm,sex_t,age_ythadult_y15_24,mts_details_wid,2006,48.852
gtm,sex_t,age_ythadult_y15_24,mts_details_wid,2015,57.475
gtm,sex_t,age_ythadult_y15_24,mts_details_wid,2016,35.827
gtm,sex_t,age_ythadult_y15_24,mts_details_wid,2017,58.434
gtm,sex_t,age_ythadult_y15_24,mts_details_wid,2018,52.461
gtm,sex_t,age_ythadult_y15_24,mts_details_wid,2019,64.593
gtm,sex_t,age_ythadult_y15_24,mts_details_wid,2023,61.605
gtm,sex_t,age_ythadult_y15_64,mts_aggregate_1,2002,66.167
gtm,sex_t,age_ythadult_y15_64,mts_aggregate_1,2003,65.558
gtm,sex_t,age_ythadult_y15_64,mts_aggregate_1,2004,61.303
gtm,sex_t,age_ythadult_y15_64,mts_aggregate_1,2006,64.797
gtm,sex_t,age_ythadult_y15_64,mts_aggregate_1,2010,55.416
gtm,sex_t,age_ythadult_y15_64,mts_aggregate_1,2011,57.371
gtm,sex_t,age_ythadult_y15_64,mts_aggregate_1,2012,62.9
gtm,sex_t,age_ythadult_y15_64,mts_aggregate_1,2013,56.401
gtm,sex_t,age_ythadult_y15_64,mts_aggregate_1,2014,56.794
gtm,sex_t,age_ythadult_y15_64,mts_aggregate_1,2015,58.02
gtm,sex_t,age_ythadult_y15_64,mts_aggregate_1,2016,57.726
gtm,sex_t,age_ythadult_y15_64,mts_aggregate_1,2017,58.527
gtm,sex_t,age_ythadult_y15_64,mts_aggregate_1,2018,58.705
gtm,sex_t,age_ythadult_y15_64,mts_aggregate_1,2019,57.817
gtm,sex_t,age_ythadult_y15_64,mts_aggregate_1,2021,61.359
gtm,sex_t,age_ythadult_y15_64,mts_aggregate_1,2022,57.841
gtm,sex_t,age_ythadult_y15_64,mts_aggregate_1,2023,66.697
gtm,sex_t,age_ythadult_y15_64,mts_aggregate_2,2002,67.195
gtm,sex_t,age_ythadult_y15_64,mts_aggregate_2,2003,69.119
gtm,sex_t,age_ythadult_y15_64,mts_aggregate_2,2004,65.4
gtm,sex_t,age_ythadult_y15_64,mts_aggregate_2,2006,67.908
gtm,sex_t,age_ythadult_y15_64,mts_aggregate_2,2010,63.425
gtm,sex_t,age_ythadult_y15_64,mts_aggregate_2,2011,62.734
gtm,sex_t,age_ythadult_y15_64,mts_aggregate_2,2012,67.525
gtm,sex_t,age_ythadult_y15_64,mts_aggregate_2,2013,63.294
gtm,sex_t,age_ythadult_y15_64,mts_aggregate_2,2014,64.02
gtm,sex_t,age_ythadult_y15_64,mts_aggregate_2,2015,63.383
gtm,sex_t,age_ythadult_y15_64,mts_aggregate_2,2016,63.891
gtm,sex_t,age_ythadult_y15_64,mts_aggregate_2,2017,63.822
gtm,sex_t,age_ythadult_y15_64,mts_aggregate_2,2018,63.38
gtm,sex_t,age_ythadult_y15_64,mts_aggregate_2,2019,62.397
gtm,sex_t,age_ythadult_y15_64,mts_aggregate_2,2021,66.197
gtm,sex_t,age_ythadult_y15_64,mts_aggregate_2,2022,63.236
gtm,sex_t,age_ythadult_y15_64,mts_aggregate_2,2023,71.401
gtm,sex_t,age_ythadult_y15_64,mts_aggregate_total,2002,66.786
gtm,sex_t,age_ythadult_y15_64,mts_aggregate_total,2003,67.694
gtm,sex_t,age_ythadult_y15_64,mts_aggregate_total,2004,62.527
gtm,sex_t,age_ythadult_y15_64,mts_aggregate_total,2006,66.654
gtm,sex_t,age_ythadult_y15_64,mts_aggregate_total,2010,59.828
gtm,sex_t,age_ythadult_y15_64,mts_aggregate_total,2011,60.409
gtm,sex_t,age_ythadult_y15_64,mts_aggregate_total,2012,65.555
gtm,sex_t,age_ythadult_y15_64,mts_aggregate_total,2013,60.379
gtm,sex_t,age_ythadult_y15_64,mts_aggregate_total,2014,60.982
gtm,sex_t,age_ythadult_y15_64,mts_aggregate_total,2015,61.09
gtm,sex_t,age_ythadult_y15_64,mts_aggregate_total,2016,61.225
gtm,sex_t,age_ythadult_y15_64,mts_aggregate_total,2017,61.52
gtm,sex_t,age_ythadult_y15_64,mts_aggregate_total,2018,61.324
gtm,sex_t,age_ythadult_y15_64,mts_aggregate_total,2019,60.336
gtm,sex_t,age_ythadult_y15_64,mts_aggregate_total,2021,64.141
gtm,sex_t,age_ythadult_y15_64,mts_aggregate_total,2022,61.002
gtm,sex_t,age_ythadult_y15_64,mts_aggregate_total,2023,69.27
gtm,sex_t,age_ythadult_y15_64,mts_details_mrd,2002,67.911
gtm,sex_t,age_ythadult_y15_64,mts_details_mrd,2003,69.857
gtm,sex_t,age_ythadult_y15_64,mts_details_mrd,2004,66.262
gtm,sex_t,age_ythadult_y15_64,mts_details_mrd,2006,67.418
gtm,sex_t,age_ythadult_y15_64,mts_details_mrd,2010,64.357
gtm,sex_t,age_ythadult_y15_64,mts_details_mrd,2011,64.082
gtm,sex_t,age_ythadult_y15_64,mts_details_mrd,2012,67.898
gtm,sex_t,age_ythadult_y15_64,mts_details_mrd,2013,64.265
gtm,sex_t,age_ythadult_y15_64,mts_details_mrd,2014,64.595
gtm,sex_t,age_ythadult_y15_64,mts_details_mrd,2015,63.718
gtm,sex_t,age_ythadult_y15_64,mts_details_mrd,2016,64.13
gtm,sex_t,age_ythadult_y15_64,mts_details_mrd,2017,64.511
gtm,sex_t,age_ythadult_y15_64,mts_details_mrd,2018,63.771
gtm,sex_t,age_ythadult_y15_64,mts_details_mrd,2019,62.907
gtm,sex_t,age_ythadult_y15_64,mts_details_mrd,2021,66.646
gtm,sex_t,age_ythadult_y15_64,mts_details_mrd,2022,62.626
gtm,sex_t,age_ythadult_y15_64,mts_details_mrd,2023,72.691
gtm,sex_t,age_ythadult_y15_64,mts_details_sep,2002,75.83
gtm,sex_t,age_ythadult_y15_64,mts_details_sep,2003,75.743
gtm,sex_t,age_ythadult_y15_64,mts_details_sep,2004,74.897
gtm,sex_t,age_ythadult_y15_64,mts_details_sep,2006,73.45
gtm,sex_t,age_ythadult_y15_64,mts_details_sep,2010,67.802
gtm,sex_t,age_ythadult_y15_64,mts_details_sep,2011,71.487
gtm,sex_t,age_ythadult_y15_64,mts_details_sep,2012,74.91
gtm,sex_t,age_ythadult_y15_64,mts_details_sep,2013,73.461
gtm,sex_t,age_ythadult_y15_64,mts_details_sep,2014,68.541
gtm,sex_t,age_ythadult_y15_64,mts_details_sep,2015,69.089
gtm,sex_t,age_ythadult_y15_64,mts_details_sep,2016,70.125
gtm,sex_t,age_ythadult_y15_64,mts_details_sep,2017,69.676
gtm,sex_t,age_ythadult_y15_64,mts_details_sep,2018,68.641
gtm,sex_t,age_ythadult_y15_64,mts_details_sep,2019,67.086
gtm,sex_t,age_ythadult_y15_64,mts_details_sep,2021,70.487
gtm,sex_t,age_ythadult_y15_64,mts_details_sep,2022,69.53
gtm,sex_t,age_ythadult_y15_64,mts_details_sep,2023,77.182
gtm,sex_t,age_ythadult_y15_64,mts_details_sgle,2002,65.39
gtm,sex_t,age_ythadult_y15_64,mts_details_sgle,2003,64.771
gtm,sex_t,age_ythadult_y15_64,mts_details_sgle,2004,59.639
gtm,sex_t,age_ythadult_y15_64,mts_details_sgle,2006,63.434
gtm,sex_t,age_ythadult_y15_64,mts_details_sgle,2010,53.365
gtm,sex_t,age_ythadult_y15_64,mts_details_sgle,2011,55.013
gtm,sex_t,age_ythadult_y15_64,mts_details_sgle,2012,60.797
gtm,sex_t,age_ythadult_y15_64,mts_details_sgle,2013,53.932
gtm,sex_t,age_ythadult_y15_64,mts_details_sgle,2014,54.791
gtm,sex_t,age_ythadult_y15_64,mts_details_sgle,2015,55.964
gtm,sex_t,age_ythadult_y15_64,mts_details_sgle,2016,55.664
gtm,sex_t,age_ythadult_y15_64,mts_details_sgle,2017,56.301
gtm,sex_t,age_ythadult_y15_64,mts_details_sgle,2018,56.566
gtm,sex_t,age_ythadult_y15_64,mts_details_sgle,2019,56.448
gtm,sex_t,age_ythadult_y15_64,mts_details_sgle,2021,59.176
gtm,sex_t,age_ythadult_y15_64,mts_details_sgle,2022,56.676
gtm,sex_t,age_ythadult_y15_64,mts_details_sgle,2023,64.1
gtm,sex_t,age_ythadult_y15_64,mts_details_total,2002,66.786
gtm,sex_t,age_ythadult_y15_64,mts_details_total,2003,67.694
gtm,sex_t,age_ythadult_y15_64,mts_details_total,2004,62.527
gtm,sex_t,age_ythadult_y15_64,mts_details_total,2006,66.654
gtm,sex_t,age_ythadult_y15_64,mts_details_total,2010,59.828
gtm,sex_t,age_ythadult_y15_64,mts_details_total,2011,60.409
gtm,sex_t,age_ythadult_y15_64,mts_details_total,2012,65.555
gtm,sex_t,age_ythadult_y15_64,mts_details_total,2013,60.379
gtm,sex_t,age_ythadult_y15_64,mts_details_total,2014,60.982
gtm,sex_t,age_ythadult_y15_64,mts_details_total,2015,61.09
gtm,sex_t,age_ythadult_y15_64,mts_details_total,2016,61.225
gtm,sex_t,age_ythadult_y15_64,mts_details_total,2017,61.52
gtm,sex_t,age_ythadult_y15_64,mts_details_total,2018,61.324
gtm,sex_t,age_ythadult_y15_64,mts_details_total,2019,60.336
gtm,sex_t,age_ythadult_y15_64,mts_details_total,2021,64.141
gtm,sex_t,age_ythadult_y15_64,mts_details_total,2022,61.002
gtm,sex_t,age_ythadult_y15_64,mts_details_total,2023,69.27
gtm,sex_t,age_ythadult_y15_64,mts_details_union,2002,65.694
gtm,sex_t,age_ythadult_y15_64,mts_details_union,2003,67.476
gtm,sex_t,age_ythadult_y15_64,mts_details_union,2004,63.626
gtm,sex_t,age_ythadult_y15_64,mts_details_union,2006,68.173
gtm,sex_t,age_ythadult_y15_64,mts_details_union,2010,61.88
gtm,sex_t,age_ythadult_y15_64,mts_details_union,2011,60.373
gtm,sex_t,age_ythadult_y15_64,mts_details_union,2012,66.814
gtm,sex_t,age_ythadult_y15_64,mts_details_union,2013,61.49
gtm,sex_t,age_ythadult_y15_64,mts_details_union,2014,62.847
gtm,sex_t,age_ythadult_y15_64,mts_details_union,2015,62.796
gtm,sex_t,age_ythadult_y15_64,mts_details_union,2016,63.503
gtm,sex_t,age_ythadult_y15_64,mts_details_union,2017,62.613
gtm,sex_t,age_ythadult_y15_64,mts_details_union,2018,62.701
gtm,sex_t,age_ythadult_y15_64,mts_details_union,2019,61.459
gtm,sex_t,age_ythadult_y15_64,mts_details_union,2021,65.489
gtm,sex_t,age_ythadult_y15_64,mts_details_union,2022,64.314
gtm,sex_t,age_ythadult_y15_64,mts_details_union,2023,69.501
gtm,sex_t,age_ythadult_y15_64,mts_details_wid,2002,65.274
gtm,sex_t,age_ythadult_y15_64,mts_details_wid,2003,62.766
gtm,sex_t,age_ythadult_y15_64,mts_details_wid,2004,62.669
gtm,sex_t,age_ythadult_y15_64,mts_details_wid,2006,65.108
gtm,sex_t,age_ythadult_y15_64,mts_details_wid,2010,59.583
gtm,sex_t,age_ythadult_y15_64,mts_details_wid,2011,61.64
gtm,sex_t,age_ythadult_y15_64,mts_details_wid,2012,68.974
gtm,sex_t,age_ythadult_y15_64,mts_details_wid,2013,60.634
gtm,sex_t,age_ythadult_y15_64,mts_details_wid,2014,58.273
gtm,sex_t,age_ythadult_y15_64,mts_details_wid,2015,58.123
gtm,sex_t,age_ythadult_y15_64,mts_details_wid,2016,55.182
gtm,sex_t,age_ythadult_y15_64,mts_details_wid,2017,60.258
gtm,sex_t,age_ythadult_y15_64,mts_details_wid,2018,63.099
gtm,sex_t,age_ythadult_y15_64,mts_details_wid,2019,55.506
gtm,sex_t,age_ythadult_y15_64,mts_details_wid,2021,66.141
gtm,sex_t,age_ythadult_y15_64,mts_details_wid,2022,56.143
gtm,sex_t,age_ythadult_y15_64,mts_details_wid,2023,70.216
gtm,sex_t,age_ythadult_yge15,mts_aggregate_1,2002,63.858
gtm,sex_t,age_ythadult_yge15,mts_aggregate_1,2003,62.832
gtm,sex_t,age_ythadult_yge15,mts_aggregate_1,2004,58.836
gtm,sex_t,age_ythadult_yge15,mts_aggregate_1,2006,62.048
gtm,sex_t,age_ythadult_yge15,mts_aggregate_1,2010,53.766
gtm,sex_t,age_ythadult_yge15,mts_aggregate_1,2011,55.42
gtm,sex_t,age_ythadult_yge15,mts_aggregate_1,2012,59.623
gtm,sex_t,age_ythadult_yge15,mts_aggregate_1,2013,53.923
gtm,sex_t,age_ythadult_yge15,mts_aggregate_1,2014,54.214
gtm,sex_t,age_ythadult_yge15,mts_aggregate_1,2015,55.434
gtm,sex_t,age_ythadult_yge15,mts_aggregate_1,2016,54.963
gtm,sex_t,age_ythadult_yge15,mts_aggregate_1,2017,55.876
gtm,sex_t,age_ythadult_yge15,mts_aggregate_1,2018,55.975
gtm,sex_t,age_ythadult_yge15,mts_aggregate_1,2019,54.827
gtm,sex_t,age_ythadult_yge15,mts_aggregate_1,2021,57.926
gtm,sex_t,age_ythadult_yge15,mts_aggregate_1,2022,54.687
gtm,sex_t,age_ythadult_yge15,mts_aggregate_1,2023,63.272
gtm,sex_t,age_ythadult_yge15,mts_aggregate_2,2002,66.509
gtm,sex_t,age_ythadult_yge15,mts_aggregate_2,2003,67.926
gtm,sex_t,age_ythadult_yge15,mts_aggregate_2,2004,64.803
gtm,sex_t,age_ythadult_yge15,mts_aggregate_2,2006,66.82
gtm,sex_t,age_ythadult_yge15,mts_aggregate_2,2010,62.015
gtm,sex_t,age_ythadult_yge15,mts_aggregate_2,2011,61.481
gtm,sex_t,age_ythadult_yge15,mts_aggregate_2,2012,66.067
gtm,sex_t,age_ythadult_yge15,mts_aggregate_2,2013,61.69
gtm,sex_t,age_ythadult_yge15,mts_aggregate_2,2014,62.625
gtm,sex_t,age_ythadult_yge15,mts_aggregate_2,2015,61.788
gtm,sex_t,age_ythadult_yge15,mts_aggregate_2,2016,62.284
gtm,sex_t,age_ythadult_yge15,mts_aggregate_2,2017,62.167
gtm,sex_t,age_ythadult_yge15,mts_aggregate_2,2018,61.56
gtm,sex_t,age_ythadult_yge15,mts_aggregate_2,2019,60.32
gtm,sex_t,age_ythadult_yge15,mts_aggregate_2,2021,64.266
gtm,sex_t,age_ythadult_yge15,mts_aggregate_2,2022,61.051
gtm,sex_t,age_ythadult_yge15,mts_aggregate_2,2023,69.388
gtm,sex_t,age_ythadult_yge15,mts_aggregate_total,2002,65.444
gtm,sex_t,age_ythadult_yge15,mts_aggregate_total,2003,65.874
gtm,sex_t,age_ythadult_yge15,mts_aggregate_total,2004,61.237
gtm,sex_t,age_ythadult_yge15,mts_aggregate_total,2006,64.893
gtm,sex_t,age_ythadult_yge15,mts_aggregate_total,2010,58.344
gtm,sex_t,age_ythadult_yge15,mts_aggregate_total,2011,58.867
gtm,sex_t,age_ythadult_yge15,mts_aggregate_total,2012,63.318
gtm,sex_t,age_ythadult_yge15,mts_aggregate_total,2013,58.404
gtm,sex_t,age_ythadult_yge15,mts_aggregate_total,2014,59.082
gtm,sex_t,age_ythadult_yge15,mts_aggregate_total,2015,59.077
gtm,sex_t,age_ythadult_yge15,mts_aggregate_total,2016,59.122
gtm,sex_t,age_ythadult_yge15,mts_aggregate_total,2017,59.443
gtm,sex_t,age_ythadult_yge15,mts_aggregate_total,2018,59.122
gtm,sex_t,age_ythadult_yge15,mts_aggregate_total,2019,57.871
gtm,sex_t,age_ythadult_yge15,mts_aggregate_total,2021,61.569
gtm,sex_t,age_ythadult_yge15,mts_aggregate_total,2022,58.403
gtm,sex_t,age_ythadult_yge15,mts_aggregate_total,2023,66.648
gtm,sex_t,age_ythadult_yge15,mts_aggregate_x,2014,73.821
gtm,sex_t,age_ythadult_yge15,mts_details_mrd,2002,67.176
gtm,sex_t,age_ythadult_yge15,mts_details_mrd,2003,68.575
gtm,sex_t,age_ythadult_yge15,mts_details_mrd,2004,65.308
gtm,sex_t,age_ythadult_yge15,mts_details_mrd,2006,67.003
gtm,sex_t,age_ythadult_yge15,mts_details_mrd,2010,62.368
gtm,sex_t,age_ythadult_yge15,mts_details_mrd,2011,62.521
gtm,sex_t,age_ythadult_yge15,mts_details_mrd,2012,66.124
gtm,sex_t,age_ythadult_yge15,mts_details_mrd,2013,62.068
gtm,sex_t,age_ythadult_yge15,mts_details_mrd,2014,62.94
gtm,sex_t,age_ythadult_yge15,mts_details_mrd,2015,61.521
gtm,sex_t,age_ythadult_yge15,mts_details_mrd,2016,61.967
gtm,sex_t,age_ythadult_yge15,mts_details_mrd,2017,62.239
gtm,sex_t,age_ythadult_yge15,mts_details_mrd,2018,61.102
gtm,sex_t,age_ythadult_yge15,mts_details_mrd,2019,60.06
gtm,sex_t,age_ythadult_yge15,mts_details_mrd,2021,64.003
gtm,sex_t,age_ythadult_yge15,mts_details_mrd,2022,59.748
gtm,sex_t,age_ythadult_yge15,mts_details_mrd,2023,69.724
gtm,sex_t,age_ythadult_yge15,mts_details_sep,2002,71.742
gtm,sex_t,age_ythadult_yge15,mts_details_sep,2003,71.293
gtm,sex_t,age_ythadult_yge15,mts_details_sep,2004,71.12
gtm,sex_t,age_ythadult_yge15,mts_details_sep,2006,70.56
gtm,sex_t,age_ythadult_yge15,mts_details_sep,2010,66.368
gtm,sex_t,age_ythadult_yge15,mts_details_sep,2011,69.128
gtm,sex_t,age_ythadult_yge15,mts_details_sep,2012,69.736
gtm,sex_t,age_ythadult_yge15,mts_details_sep,2013,70.008
gtm,sex_t,age_ythadult_yge15,mts_details_sep,2014,65.843
gtm,sex_t,age_ythadult_yge15,mts_details_sep,2015,66.432
gtm,sex_t,age_ythadult_yge15,mts_details_sep,2016,68.116
gtm,sex_t,age_ythadult_yge15,mts_details_sep,2017,66.681
gtm,sex_t,age_ythadult_yge15,mts_details_sep,2018,65.596
gtm,sex_t,age_ythadult_yge15,mts_details_sep,2019,64.234
gtm,sex_t,age_ythadult_yge15,mts_details_sep,2021,66.754
gtm,sex_t,age_ythadult_yge15,mts_details_sep,2022,65.668
gtm,sex_t,age_ythadult_yge15,mts_details_sep,2023,73.59
gtm,sex_t,age_ythadult_yge15,mts_details_sgle,2002,65.125
gtm,sex_t,age_ythadult_yge15,mts_details_sgle,2003,64.335
gtm,sex_t,age_ythadult_yge15,mts_details_sgle,2004,59.69
gtm,sex_t,age_ythadult_yge15,mts_details_sgle,2006,63.082
gtm,sex_t,age_ythadult_yge15,mts_details_sgle,2010,53.2
gtm,sex_t,age_ythadult_yge15,mts_details_sgle,2011,54.693
gtm,sex_t,age_ythadult_yge15,mts_details_sgle,2012,60.551
gtm,sex_t,age_ythadult_yge15,mts_details_sgle,2013,53.698
gtm,sex_t,age_ythadult_yge15,mts_details_sgle,2014,54.643
gtm,sex_t,age_ythadult_yge15,mts_details_sgle,2015,55.784
gtm,sex_t,age_ythadult_yge15,mts_details_sgle,2016,55.428
gtm,sex_t,age_ythadult_yge15,mts_details_sgle,2017,56.212
gtm,sex_t,age_ythadult_yge15,mts_details_sgle,2018,56.373
gtm,sex_t,age_ythadult_yge15,mts_details_sgle,2019,56.145
gtm,sex_t,age_ythadult_yge15,mts_details_sgle,2021,58.913
gtm,sex_t,age_ythadult_yge15,mts_details_sgle,2022,56.273
gtm,sex_t,age_ythadult_yge15,mts_details_sgle,2023,63.631
gtm,sex_t,age_ythadult_yge15,mts_details_total,2002,65.444
gtm,sex_t,age_ythadult_yge15,mts_details_total,2003,65.874
gtm,sex_t,age_ythadult_yge15,mts_details_total,2004,61.237
gtm,sex_t,age_ythadult_yge15,mts_details_total,2006,64.893
gtm,sex_t,age_ythadult_yge15,mts_details_total,2010,58.344
gtm,sex_t,age_ythadult_yge15,mts_details_total,2011,58.867
gtm,sex_t,age_ythadult_yge15,mts_details_total,2012,63.318
gtm,sex_t,age_ythadult_yge15,mts_details_total,2013,58.404
gtm,sex_t,age_ythadult_yge15,mts_details_total,2014,59.082
gtm,sex_t,age_ythadult_yge15,mts_details_total,2015,59.077
gtm,sex_t,age_ythadult_yge15,mts_details_total,2016,59.122
gtm,sex_t,age_ythadult_yge15,mts_details_total,2017,59.443
gtm,sex_t,age_ythadult_yge15,mts_details_total,2018,59.122
gtm,sex_t,age_ythadult_yge15,mts_details_total,2019,57.871
gtm,sex_t,age_ythadult_yge15,mts_details_total,2021,61.569
gtm,sex_t,age_ythadult_yge15,mts_details_total,2022,58.403
gtm,sex_t,age_ythadult_yge15,mts_details_total,2023,66.648
gtm,sex_t,age_ythadult_yge15,mts_details_union,2002,65.06
gtm,sex_t,age_ythadult_yge15,mts_details_union,2003,66.459
gtm,sex_t,age_ythadult_yge15,mts_details_union,2004,63.718
gtm,sex_t,age_ythadult_yge15,mts_details_union,2006,66.725
gtm,sex_t,age_ythadult_yge15,mts_details_union,2010,61.401
gtm,sex_t,age_ythadult_yge15,mts_details_union,2011,59.576
gtm,sex_t,age_ythadult_yge15,mts_details_union,2012,65.953
gtm,sex_t,age_ythadult_yge15,mts_details_union,2013,60.955
gtm,sex_t,age_ythadult_yge15,mts_details_union,2014,61.958
gtm,sex_t,age_ythadult_yge15,mts_details_union,2015,62.287
gtm,sex_t,age_ythadult_yge15,mts_details_union,2016,62.829
gtm,sex_t,age_ythadult_yge15,mts_details_union,2017,62.031
gtm,sex_t,age_ythadult_yge15,mts_details_union,2018,62.411
gtm,sex_t,age_ythadult_yge15,mts_details_union,2019,60.838
gtm,sex_t,age_ythadult_yge15,mts_details_union,2021,64.712
gtm,sex_t,age_ythadult_yge15,mts_details_union,2022,63.574
gtm,sex_t,age_ythadult_yge15,mts_details_union,2023,68.85
gtm,sex_t,age_ythadult_yge15,mts_details_wid,2002,50.83
gtm,sex_t,age_ythadult_yge15,mts_details_wid,2003,44.517
gtm,sex_t,age_ythadult_yge15,mts_details_wid,2004,44.622
gtm,sex_t,age_ythadult_yge15,mts_details_wid,2006,47.432
gtm,sex_t,age_ythadult_yge15,mts_details_wid,2010,45.004
gtm,sex_t,age_ythadult_yge15,mts_details_wid,2011,46.437
gtm,sex_t,age_ythadult_yge15,mts_details_wid,2012,44.945
gtm,sex_t,age_ythadult_yge15,mts_details_wid,2013,41.144
gtm,sex_t,age_ythadult_yge15,mts_details_wid,2014,40.56
gtm,sex_t,age_ythadult_yge15,mts_details_wid,2015,39.906
gtm,sex_t,age_ythadult_yge15,mts_details_wid,2016,36.545
gtm,sex_t,age_ythadult_yge15,mts_details_wid,2017,41.268
gtm,sex_t,age_ythadult_yge15,mts_details_wid,2018,41.909
gtm,sex_t,age_ythadult_yge15,mts_details_wid,2019,37.038
gtm,sex_t,age_ythadult_yge15,mts_details_wid,2021,41.212
gtm,sex_t,age_ythadult_yge15,mts_details_wid,2022,39.883
gtm,sex_t,age_ythadult_yge15,mts_details_wid,2023,48.638
gtm,sex_t,age_ythadult_yge15,mts_details_x,2014,73.821
gtm,sex_t,age_ythadult_yge25,mts_aggregate_1,2002,67.62
gtm,sex_t,age_ythadult_yge25,mts_aggregate_1,2003,65.498
gtm,sex_t,age_ythadult_yge25,mts_aggregate_1,2004,64.621
gtm,sex_t,age_ythadult_yge25,mts_aggregate_1,2006,66.607
gtm,sex_t,age_ythadult_yge25,mts_aggregate_1,2010,62.206
gtm,sex_t,age_ythadult_yge25,mts_aggregate_1,2011,64.559
gtm,sex_t,age_ythadult_yge25,mts_aggregate_1,2012,64.729
gtm,sex_t,age_ythadult_yge25,mts_aggregate_1,2013,62.761
gtm,sex_t,age_ythadult_yge25,mts_aggregate_1,2014,61.995
gtm,sex_t,age_ythadult_yge25,mts_aggregate_1,2015,62.784
gtm,sex_t,age_ythadult_yge25,mts_aggregate_1,2016,62.018
gtm,sex_t,age_ythadult_yge25,mts_aggregate_1,2017,62.928
gtm,sex_t,age_ythadult_yge25,mts_aggregate_1,2018,63.389
gtm,sex_t,age_ythadult_yge25,mts_aggregate_1,2019,61.376
gtm,sex_t,age_ythadult_yge25,mts_aggregate_1,2021,63.855
gtm,sex_t,age_ythadult_yge25,mts_aggregate_1,2022,61.016
gtm,sex_t,age_ythadult_yge25,mts_aggregate_1,2023,68.759
gtm,sex_t,age_ythadult_yge25,mts_aggregate_2,2002,69.018
gtm,sex_t,age_ythadult_yge25,mts_aggregate_2,2003,70.195
gtm,sex_t,age_ythadult_yge25,mts_aggregate_2,2004,67.923
gtm,sex_t,age_ythadult_yge25,mts_aggregate_2,2006,69.612
gtm,sex_t,age_ythadult_yge25,mts_aggregate_2,2010,63.997
gtm,sex_t,age_ythadult_yge25,mts_aggregate_2,2011,63.668
gtm,sex_t,age_ythadult_yge25,mts_aggregate_2,2012,68.138
gtm,sex_t,age_ythadult_yge25,mts_aggregate_2,2013,64.424
gtm,sex_t,age_ythadult_yge25,mts_aggregate_2,2014,64.902
gtm,sex_t,age_ythadult_yge25,mts_aggregate_2,2015,64.296
gtm,sex_t,age_ythadult_yge25,mts_aggregate_2,2016,64.347
gtm,sex_t,age_ythadult_yge25,mts_aggregate_2,2017,64.307
gtm,sex_t,age_ythadult_yge25,mts_aggregate_2,2018,63.394
gtm,sex_t,age_ythadult_yge25,mts_aggregate_2,2019,61.86
gtm,sex_t,age_ythadult_yge25,mts_aggregate_2,2021,65.626
gtm,sex_t,age_ythadult_yge25,mts_aggregate_2,2022,62.623
gtm,sex_t,age_ythadult_yge25,mts_aggregate_2,2023,71.302
gtm,sex_t,age_ythadult_yge25,mts_aggregate_total,2002,68.683
gtm,sex_t,age_ythadult_yge25,mts_aggregate_total,2003,69.137
gtm,sex_t,age_ythadult_yge25,mts_aggregate_total,2004,65.932
gtm,sex_t,age_ythadult_yge25,mts_aggregate_total,2006,68.859
gtm,sex_t,age_ythadult_yge25,mts_aggregate_total,2010,63.312
gtm,sex_t,age_ythadult_yge25,mts_aggregate_total,2011,63.857
gtm,sex_t,age_ythadult_yge25,mts_aggregate_total,2012,67.232
gtm,sex_t,age_ythadult_yge25,mts_aggregate_total,2013,63.983
gtm,sex_t,age_ythadult_yge25,mts_aggregate_total,2014,64.129
gtm,sex_t,age_ythadult_yge25,mts_aggregate_total,2015,63.892
gtm,sex_t,age_ythadult_yge25,mts_aggregate_total,2016,63.714
gtm,sex_t,age_ythadult_yge25,mts_aggregate_total,2017,63.926
gtm,sex_t,age_ythadult_yge25,mts_aggregate_total,2018,63.393
gtm,sex_t,age_ythadult_yge25,mts_aggregate_total,2019,61.719
gtm,sex_t,age_ythadult_yge25,mts_aggregate_total,2021,65.113
gtm,sex_t,age_ythadult_yge25,mts_aggregate_total,2022,62.162
gtm,sex_t,age_ythadult_yge25,mts_aggregate_total,2023,70.453
gtm,sex_t,age_ythadult_yge25,mts_aggregate_x,2014,77.851
gtm,sex_t,age_ythadult_yge25,mts_details_mrd,2002,69.125
gtm,sex_t,age_ythadult_yge25,mts_details_mrd,2003,69.969
gtm,sex_t,age_ythadult_yge25,mts_details_mrd,2004,67.464
gtm,sex_t,age_ythadult_yge25,mts_details_mrd,2006,72.511
gtm,sex_t,age_ythadult_yge25,mts_details_mrd,2010,63.778
gtm,sex_t,age_ythadult_yge25,mts_details_mrd,2011,63.868
gtm,sex_t,age_ythadult_yge25,mts_details_mrd,2012,67.452
gtm,sex_t,age_ythadult_yge25,mts_details_mrd,2013,63.969
gtm,sex_t,age_ythadult_yge25,mts_details_mrd,2014,64.516
gtm,sex_t,age_ythadult_yge25,mts_details_mrd,2015,63.134
gtm,sex_t,age_ythadult_yge25,mts_details_mrd,2016,63.163
gtm,sex_t,age_ythadult_yge25,mts_details_mrd,2017,63.419
gtm,sex_t,age_ythadult_yge25,mts_details_mrd,2018,62.109
gtm,sex_t,age_ythadult_yge25,mts_details_mrd,2019,60.852
gtm,sex_t,age_ythadult_yge25,mts_details_mrd,2021,64.42
gtm,sex_t,age_ythadult_yge25,mts_details_mrd,2022,60.244
gtm,sex_t,age_ythadult_yge25,mts_details_mrd,2023,70.499
gtm,sex_t,age_ythadult_yge25,mts_details_sep,2002,73.927
gtm,sex_t,age_ythadult_yge25,mts_details_sep,2003,70.222
gtm,sex_t,age_ythadult_yge25,mts_details_sep,2004,72.475
gtm,sex_t,age_ythadult_yge25,mts_details_sep,2006,71.896
gtm,sex_t,age_ythadult_yge25,mts_details_sep,2010,68.772
gtm,sex_t,age_ythadult_yge25,mts_details_sep,2011,71.437
gtm,sex_t,age_ythadult_yge25,mts_details_sep,2012,72.082
gtm,sex_t,age_ythadult_yge25,mts_details_sep,2013,71.266
gtm,sex_t,age_ythadult_yge25,mts_details_sep,2014,69.15
gtm,sex_t,age_ythadult_yge25,mts_details_sep,2015,69.821
gtm,sex_t,age_ythadult_yge25,mts_details_sep,2016,70.034
gtm,sex_t,age_ythadult_yge25,mts_details_sep,2017,69.707
gtm,sex_t,age_ythadult_yge25,mts_details_sep,2018,68.243
gtm,sex_t,age_ythadult_yge25,mts_details_sep,2019,66.53
gtm,sex_t,age_ythadult_yge25,mts_details_sep,2021,68.292
gtm,sex_t,age_ythadult_yge25,mts_details_sep,2022,67.44
gtm,sex_t,age_ythadult_yge25,mts_details_sep,2023,74.71
gtm,sex_t,age_ythadult_yge25,mts_details_sgle,2002,76.28
gtm,sex_t,age_ythadult_yge25,mts_details_sgle,2003,75.743
gtm,sex_t,age_ythadult_yge25,mts_details_sgle,2004,75.125
gtm,sex_t,age_ythadult_yge25,mts_details_sgle,2006,76.664
gtm,sex_t,age_ythadult_yge25,mts_details_sgle,2010,68.978
gtm,sex_t,age_ythadult_yge25,mts_details_sgle,2011,71.944
gtm,sex_t,age_ythadult_yge25,mts_details_sgle,2012,73.678
gtm,sex_t,age_ythadult_yge25,mts_details_sgle,2013,71.308
gtm,sex_t,age_ythadult_yge25,mts_details_sgle,2014,72.787
gtm,sex_t,age_ythadult_yge25,mts_details_sgle,2015,73.447
gtm,sex_t,age_ythadult_yge25,mts_details_sgle,2016,73.531
gtm,sex_t,age_ythadult_yge25,mts_details_sgle,2017,73.153
gtm,sex_t,age_ythadult_yge25,mts_details_sgle,2018,73.807
gtm,sex_t,age_ythadult_yge25,mts_details_sgle,2019,73.039
gtm,sex_t,age_ythadult_yge25,mts_details_sgle,2021,73.777
gtm,sex_t,age_ythadult_yge25,mts_details_sgle,2022,70.956
gtm,sex_t,age_ythadult_yge25,mts_details_sgle,2023,77.139
gtm,sex_t,age_ythadult_yge25,mts_details_total,2002,68.683
gtm,sex_t,age_ythadult_yge25,mts_details_total,2003,69.137
gtm,sex_t,age_ythadult_yge25,mts_details_total,2004,65.932
gtm,sex_t,age_ythadult_yge25,mts_details_total,2006,68.859
gtm,sex_t,age_ythadult_yge25,mts_details_total,2010,63.312
gtm,sex_t,age_ythadult_yge25,mts_details_total,2011,63.857
gtm,sex_t,age_ythadult_yge25,mts_details_total,2012,67.232
gtm,sex_t,age_ythadult_yge25,mts_details_total,2013,63.983
gtm,sex_t,age_ythadult_yge25,mts_details_total,2014,64.129
gtm,sex_t,age_ythadult_yge25,mts_details_total,2015,63.892
gtm,sex_t,age_ythadult_yge25,mts_details_total,2016,63.714
gtm,sex_t,age_ythadult_yge25,mts_details_total,2017,63.926
gtm,sex_t,age_ythadult_yge25,mts_details_total,2018,63.393
gtm,sex_t,age_ythadult_yge25,mts_details_total,2019,61.719
gtm,sex_t,age_ythadult_yge25,mts_details_total,2021,65.113
gtm,sex_t,age_ythadult_yge25,mts_details_total,2022,62.162
gtm,sex_t,age_ythadult_yge25,mts_details_total,2023,70.453
gtm,sex_t,age_ythadult_yge25,mts_details_union,2002,68.753
gtm,sex_t,age_ythadult_yge25,mts_details_union,2003,70.788
gtm,sex_t,age_ythadult_yge25,mts_details_union,2004,69.028
gtm,sex_t,age_ythadult_yge25,mts_details_union,2006,68.363
gtm,sex_t,age_ythadult_yge25,mts_details_union,2010,64.448
gtm,sex_t,age_ythadult_yge25,mts_details_union,2011,63.221
gtm,sex_t,age_ythadult_yge25,mts_details_union,2012,69.685
gtm,sex_t,age_ythadult_yge25,mts_details_union,2013,65.486
gtm,sex_t,age_ythadult_yge25,mts_details_union,2014,65.87
gtm,sex_t,age_ythadult_yge25,mts_details_union,2015,66.916
gtm,sex_t,age_ythadult_yge25,mts_details_union,2016,66.754
gtm,sex_t,age_ythadult_yge25,mts_details_union,2017,66.315
gtm,sex_t,age_ythadult_yge25,mts_details_union,2018,66.279
gtm,sex_t,age_ythadult_yge25,mts_details_union,2019,64.304
gtm,sex_t,age_ythadult_yge25,mts_details_union,2021,68.089
gtm,sex_t,age_ythadult_yge25,mts_details_union,2022,68.328
gtm,sex_t,age_ythadult_yge25,mts_details_union,2023,72.896
gtm,sex_t,age_ythadult_yge25,mts_details_wid,2002,50.469
gtm,sex_t,age_ythadult_yge25,mts_details_wid,2003,44.509
gtm,sex_t,age_ythadult_yge25,mts_details_wid,2004,44.666
gtm,sex_t,age_ythadult_yge25,mts_details_wid,2006,47.419
gtm,sex_t,age_ythadult_yge25,mts_details_wid,2010,45.11
gtm,sex_t,age_ythadult_yge25,mts_details_wid,2011,46.595
gtm,sex_t,age_ythadult_yge25,mts_details_wid,2012,44.813
gtm,sex_t,age_ythadult_yge25,mts_details_wid,2013,41.03
gtm,sex_t,age_ythadult_yge25,mts_details_wid,2014,40.629
gtm,sex_t,age_ythadult_yge25,mts_details_wid,2015,39.693
gtm,sex_t,age_ythadult_yge25,mts_details_wid,2016,36.55
gtm,sex_t,age_ythadult_yge25,mts_details_wid,2017,41.14
gtm,sex_t,age_ythadult_yge25,mts_details_wid,2018,41.816
gtm,sex_t,age_ythadult_yge25,mts_details_wid,2019,36.908
gtm,sex_t,age_ythadult_yge25,mts_details_wid,2021,41.216
gtm,sex_t,age_ythadult_yge25,mts_details_wid,2022,39.549
gtm,sex_t,age_ythadult_yge25,mts_details_wid,2023,48.548
gtm,sex_t,age_ythadult_yge25,mts_details_x,2014,77.851
