ref_area,sex,classif1,classif2,time,luu_xlu3_sex_age_geo_rt
afg,sex_f,age_aggregate_total,geo_cov_nat,2014,26.137
afg,sex_f,age_aggregate_total,geo_cov_nat,2017,35.212
afg,sex_f,age_aggregate_total,geo_cov_nat,2020,49.645
afg,sex_f,age_aggregate_total,geo_cov_nat,2021,22.484
afg,sex_f,age_aggregate_total,geo_cov_rur,2014,21.303
afg,sex_f,age_aggregate_total,geo_cov_rur,2017,30.69
afg,sex_f,age_aggregate_total,geo_cov_rur,2020,49.934
afg,sex_f,age_aggregate_total,geo_cov_rur,2021,17.468
afg,sex_f,age_aggregate_total,geo_cov_urb,2014,45.353
afg,sex_f,age_aggregate_total,geo_cov_urb,2017,52.624
afg,sex_f,age_aggregate_total,geo_cov_urb,2020,57.641
afg,sex_f,age_aggregate_total,geo_cov_urb,2021,48.876
afg,sex_f,age_aggregate_total,geo_cov_x,2020,17.361
afg,sex_f,age_aggregate_y15_24,geo_cov_nat,2014,28.467
afg,sex_f,age_aggregate_y15_24,geo_cov_nat,2017,44.557
afg,sex_f,age_aggregate_y15_24,geo_cov_nat,2020,55.765
afg,sex_f,age_aggregate_y15_24,geo_cov_nat,2021,27.814
afg,sex_f,age_aggregate_y15_24,geo_cov_rur,2014,21.973
afg,sex_f,age_aggregate_y15_24,geo_cov_rur,2017,37.888
afg,sex_f,age_aggregate_y15_24,geo_cov_rur,2020,55.275
afg,sex_f,age_aggregate_y15_24,geo_cov_rur,2021,22.175
afg,sex_f,age_aggregate_y15_24,geo_cov_urb,2014,53.494
afg,sex_f,age_aggregate_y15_24,geo_cov_urb,2017,66.305
afg,sex_f,age_aggregate_y15_24,geo_cov_urb,2020,68.923
afg,sex_f,age_aggregate_y15_24,geo_cov_urb,2021,55.904
afg,sex_f,age_aggregate_y15_24,geo_cov_x,2020,18.421
afg,sex_f,age_aggregate_y25_54,geo_cov_nat,2014,24.717
afg,sex_f,age_aggregate_y25_54,geo_cov_nat,2017,29.846
afg,sex_f,age_aggregate_y25_54,geo_cov_nat,2020,45.779
afg,sex_f,age_aggregate_y25_54,geo_cov_nat,2021,21.608
afg,sex_f,age_aggregate_y25_54,geo_cov_rur,2014,21.062
afg,sex_f,age_aggregate_y25_54,geo_cov_rur,2017,26.689
afg,sex_f,age_aggregate_y25_54,geo_cov_rur,2020,46.566
afg,sex_f,age_aggregate_y25_54,geo_cov_rur,2021,16.574
afg,sex_f,age_aggregate_y25_54,geo_cov_urb,2014,39.912
afg,sex_f,age_aggregate_y25_54,geo_cov_urb,2017,43.41
afg,sex_f,age_aggregate_y25_54,geo_cov_urb,2020,50.33
afg,sex_f,age_aggregate_y25_54,geo_cov_urb,2021,50.035
afg,sex_f,age_aggregate_y25_54,geo_cov_x,2020,17.391
afg,sex_f,age_aggregate_y55_64,geo_cov_nat,2014,18.907
afg,sex_f,age_aggregate_y55_64,geo_cov_nat,2017,25.764
afg,sex_f,age_aggregate_y55_64,geo_cov_nat,2020,41.752
afg,sex_f,age_aggregate_y55_64,geo_cov_nat,2021,4.1
afg,sex_f,age_aggregate_y55_64,geo_cov_rur,2014,15.535
afg,sex_f,age_aggregate_y55_64,geo_cov_rur,2017,24.089
afg,sex_f,age_aggregate_y55_64,geo_cov_rur,2020,43.055
afg,sex_f,age_aggregate_y55_64,geo_cov_urb,2014,29.736
afg,sex_f,age_aggregate_y55_64,geo_cov_urb,2017,32.48
afg,sex_f,age_aggregate_y55_64,geo_cov_urb,2020,45.797
afg,sex_f,age_aggregate_yge65,geo_cov_nat,2014,25.333
afg,sex_f,age_aggregate_yge65,geo_cov_nat,2017,32.633
afg,sex_f,age_aggregate_yge65,geo_cov_nat,2020,37.463
afg,sex_f,age_aggregate_yge65,geo_cov_rur,2014,26.946
afg,sex_f,age_aggregate_yge65,geo_cov_rur,2017,35.558
afg,sex_f,age_aggregate_yge65,geo_cov_rur,2020,38.026
afg,sex_f,age_ythadult_y15_24,geo_cov_nat,2014,28.467
afg,sex_f,age_ythadult_y15_24,geo_cov_nat,2017,44.557
afg,sex_f,age_ythadult_y15_24,geo_cov_nat,2020,55.765
afg,sex_f,age_ythadult_y15_24,geo_cov_nat,2021,27.814
afg,sex_f,age_ythadult_y15_24,geo_cov_rur,2014,21.973
afg,sex_f,age_ythadult_y15_24,geo_cov_rur,2017,37.888
afg,sex_f,age_ythadult_y15_24,geo_cov_rur,2020,55.275
afg,sex_f,age_ythadult_y15_24,geo_cov_rur,2021,22.175
afg,sex_f,age_ythadult_y15_24,geo_cov_urb,2014,53.494
afg,sex_f,age_ythadult_y15_24,geo_cov_urb,2017,66.305
afg,sex_f,age_ythadult_y15_24,geo_cov_urb,2020,68.923
afg,sex_f,age_ythadult_y15_24,geo_cov_urb,2021,55.904
afg,sex_f,age_ythadult_y15_24,geo_cov_x,2020,18.421
afg,sex_f,age_ythadult_y15_64,geo_cov_nat,2014,26.143
afg,sex_f,age_ythadult_y15_64,geo_cov_nat,2017,35.229
afg,sex_f,age_ythadult_y15_64,geo_cov_nat,2020,49.74
afg,sex_f,age_ythadult_y15_64,geo_cov_nat,2021,22.718
afg,sex_f,age_ythadult_y15_64,geo_cov_rur,2014,21.263
afg,sex_f,age_ythadult_y15_64,geo_cov_rur,2017,30.656
afg,sex_f,age_ythadult_y15_64,geo_cov_rur,2020,50.039
afg,sex_f,age_ythadult_y15_64,geo_cov_rur,2021,17.696
afg,sex_f,age_ythadult_y15_64,geo_cov_urb,2014,45.565
afg,sex_f,age_ythadult_y15_64,geo_cov_urb,2017,52.798
afg,sex_f,age_ythadult_y15_64,geo_cov_urb,2020,57.715
afg,sex_f,age_ythadult_y15_64,geo_cov_urb,2021,49.578
afg,sex_f,age_ythadult_yge15,geo_cov_nat,2014,26.137
afg,sex_f,age_ythadult_yge15,geo_cov_nat,2017,35.212
afg,sex_f,age_ythadult_yge15,geo_cov_nat,2020,49.645
afg,sex_f,age_ythadult_yge15,geo_cov_nat,2021,22.484
afg,sex_f,age_ythadult_yge15,geo_cov_rur,2014,21.303
afg,sex_f,age_ythadult_yge15,geo_cov_rur,2017,30.69
afg,sex_f,age_ythadult_yge15,geo_cov_rur,2020,49.934
afg,sex_f,age_ythadult_yge15,geo_cov_rur,2021,17.468
afg,sex_f,age_ythadult_yge15,geo_cov_urb,2014,45.353
afg,sex_f,age_ythadult_yge15,geo_cov_urb,2017,52.624
afg,sex_f,age_ythadult_yge15,geo_cov_urb,2020,57.641
afg,sex_f,age_ythadult_yge15,geo_cov_urb,2021,48.876
afg,sex_f,age_ythadult_yge15,geo_cov_x,2020,17.361
afg,sex_f,age_ythadult_yge25,geo_cov_nat,2014,24.347
afg,sex_f,age_ythadult_yge25,geo_cov_nat,2017,29.619
afg,sex_f,age_ythadult_yge25,geo_cov_nat,2020,45.407
afg,sex_f,age_ythadult_yge25,geo_cov_nat,2021,20.016
afg,sex_f,age_ythadult_yge25,geo_cov_rur,2014,20.793
afg,sex_f,age_ythadult_yge25,geo_cov_rur,2017,26.624
afg,sex_f,age_ythadult_yge25,geo_cov_rur,2020,46.211
afg,sex_f,age_ythadult_yge25,geo_cov_rur,2021,15.317
afg,sex_f,age_ythadult_yge25,geo_cov_urb,2014,38.818
afg,sex_f,age_ythadult_yge25,geo_cov_urb,2017,42.461
afg,sex_f,age_ythadult_yge25,geo_cov_urb,2020,49.963
afg,sex_f,age_ythadult_yge25,geo_cov_urb,2021,45.393
afg,sex_f,age_ythadult_yge25,geo_cov_x,2020,16.667
afg,sex_m,age_aggregate_total,geo_cov_nat,2014,9.898
afg,sex_m,age_aggregate_total,geo_cov_nat,2017,14.555
afg,sex_m,age_aggregate_total,geo_cov_nat,2020,17.819
afg,sex_m,age_aggregate_total,geo_cov_nat,2021,8.862
afg,sex_m,age_aggregate_total,geo_cov_rur,2014,9.346
afg,sex_m,age_aggregate_total,geo_cov_rur,2017,14.107
afg,sex_m,age_aggregate_total,geo_cov_rur,2020,18.218
afg,sex_m,age_aggregate_total,geo_cov_rur,2021,6.655
afg,sex_m,age_aggregate_total,geo_cov_urb,2014,11.644
afg,sex_m,age_aggregate_total,geo_cov_urb,2017,15.915
afg,sex_m,age_aggregate_total,geo_cov_urb,2020,18.649
afg,sex_m,age_aggregate_total,geo_cov_urb,2021,15.393
afg,sex_m,age_aggregate_total,geo_cov_x,2020,7.133
afg,sex_m,age_aggregate_y15_24,geo_cov_nat,2014,13.086
afg,sex_m,age_aggregate_y15_24,geo_cov_nat,2017,22.72
afg,sex_m,age_aggregate_y15_24,geo_cov_nat,2020,26.099
afg,sex_m,age_aggregate_y15_24,geo_cov_nat,2021,14.874
afg,sex_m,age_aggregate_y15_24,geo_cov_rur,2014,10.527
afg,sex_m,age_aggregate_y15_24,geo_cov_rur,2017,19.862
afg,sex_m,age_aggregate_y15_24,geo_cov_rur,2020,25.158
afg,sex_m,age_aggregate_y15_24,geo_cov_rur,2021,11.761
afg,sex_m,age_aggregate_y15_24,geo_cov_urb,2014,21.629
afg,sex_m,age_aggregate_y15_24,geo_cov_urb,2017,31.806
afg,sex_m,age_aggregate_y15_24,geo_cov_urb,2020,33.175
afg,sex_m,age_aggregate_y15_24,geo_cov_urb,2021,24.768
afg,sex_m,age_aggregate_y15_24,geo_cov_x,2020,10.853
afg,sex_m,age_aggregate_y25_54,geo_cov_nat,2014,7.818
afg,sex_m,age_aggregate_y25_54,geo_cov_nat,2017,10.314
afg,sex_m,age_aggregate_y25_54,geo_cov_nat,2020,13.798
afg,sex_m,age_aggregate_y25_54,geo_cov_nat,2021,6.987
afg,sex_m,age_aggregate_y25_54,geo_cov_rur,2014,8.461
afg,sex_m,age_aggregate_y25_54,geo_cov_rur,2017,10.935
afg,sex_m,age_aggregate_y25_54,geo_cov_rur,2020,14.724
afg,sex_m,age_aggregate_y25_54,geo_cov_rur,2021,5.01
afg,sex_m,age_aggregate_y25_54,geo_cov_urb,2014,5.792
afg,sex_m,age_aggregate_y25_54,geo_cov_urb,2017,8.425
afg,sex_m,age_aggregate_y25_54,geo_cov_urb,2020,12.655
afg,sex_m,age_aggregate_y25_54,geo_cov_urb,2021,12.527
afg,sex_m,age_aggregate_y25_54,geo_cov_x,2020,5.058
afg,sex_m,age_aggregate_y55_64,geo_cov_nat,2014,11.113
afg,sex_m,age_aggregate_y55_64,geo_cov_nat,2017,13.849
afg,sex_m,age_aggregate_y55_64,geo_cov_nat,2020,16.58
afg,sex_m,age_aggregate_y55_64,geo_cov_nat,2021,3.952
afg,sex_m,age_aggregate_y55_64,geo_cov_rur,2014,10.521
afg,sex_m,age_aggregate_y55_64,geo_cov_rur,2017,14.784
afg,sex_m,age_aggregate_y55_64,geo_cov_rur,2020,16.887
afg,sex_m,age_aggregate_y55_64,geo_cov_rur,2021,3.528
afg,sex_m,age_aggregate_y55_64,geo_cov_urb,2014,12.728
afg,sex_m,age_aggregate_y55_64,geo_cov_urb,2017,11.279
afg,sex_m,age_aggregate_y55_64,geo_cov_urb,2020,17.148
afg,sex_m,age_aggregate_yge65,geo_cov_nat,2014,10.014
afg,sex_m,age_aggregate_yge65,geo_cov_nat,2017,17.145
afg,sex_m,age_aggregate_yge65,geo_cov_nat,2020,20.971
afg,sex_m,age_aggregate_yge65,geo_cov_nat,2021,4.42
afg,sex_m,age_aggregate_yge65,geo_cov_rur,2014,9.835
afg,sex_m,age_aggregate_yge65,geo_cov_rur,2017,16.68
afg,sex_m,age_aggregate_yge65,geo_cov_rur,2020,21.668
afg,sex_m,age_aggregate_yge65,geo_cov_urb,2014,10.487
afg,sex_m,age_aggregate_yge65,geo_cov_urb,2017,18.215
afg,sex_m,age_aggregate_yge65,geo_cov_urb,2020,20.865
afg,sex_m,age_aggregate_yge65,geo_cov_urb,2021,17.686
afg,sex_m,age_ythadult_y15_24,geo_cov_nat,2014,13.086
afg,sex_m,age_ythadult_y15_24,geo_cov_nat,2017,22.72
afg,sex_m,age_ythadult_y15_24,geo_cov_nat,2020,26.099
afg,sex_m,age_ythadult_y15_24,geo_cov_nat,2021,14.874
afg,sex_m,age_ythadult_y15_24,geo_cov_rur,2014,10.527
afg,sex_m,age_ythadult_y15_24,geo_cov_rur,2017,19.862
afg,sex_m,age_ythadult_y15_24,geo_cov_rur,2020,25.158
afg,sex_m,age_ythadult_y15_24,geo_cov_rur,2021,11.761
afg,sex_m,age_ythadult_y15_24,geo_cov_urb,2014,21.629
afg,sex_m,age_ythadult_y15_24,geo_cov_urb,2017,31.806
afg,sex_m,age_ythadult_y15_24,geo_cov_urb,2020,33.175
afg,sex_m,age_ythadult_y15_24,geo_cov_urb,2021,24.768
afg,sex_m,age_ythadult_y15_24,geo_cov_x,2020,10.853
afg,sex_m,age_ythadult_y15_64,geo_cov_nat,2014,9.895
afg,sex_m,age_ythadult_y15_64,geo_cov_nat,2017,14.48
afg,sex_m,age_ythadult_y15_64,geo_cov_nat,2020,17.73
afg,sex_m,age_ythadult_y15_64,geo_cov_nat,2021,8.988
afg,sex_m,age_ythadult_y15_64,geo_cov_rur,2014,9.333
afg,sex_m,age_ythadult_y15_64,geo_cov_rur,2017,14.038
afg,sex_m,age_ythadult_y15_64,geo_cov_rur,2020,18.12
afg,sex_m,age_ythadult_y15_64,geo_cov_rur,2021,6.829
afg,sex_m,age_ythadult_y15_64,geo_cov_urb,2014,11.682
afg,sex_m,age_ythadult_y15_64,geo_cov_urb,2017,15.833
afg,sex_m,age_ythadult_y15_64,geo_cov_urb,2020,18.583
afg,sex_m,age_ythadult_y15_64,geo_cov_urb,2021,15.339
afg,sex_m,age_ythadult_yge15,geo_cov_nat,2014,9.898
afg,sex_m,age_ythadult_yge15,geo_cov_nat,2017,14.555
afg,sex_m,age_ythadult_yge15,geo_cov_nat,2020,17.819
afg,sex_m,age_ythadult_yge15,geo_cov_nat,2021,8.862
afg,sex_m,age_ythadult_yge15,geo_cov_rur,2014,9.346
afg,sex_m,age_ythadult_yge15,geo_cov_rur,2017,14.107
afg,sex_m,age_ythadult_yge15,geo_cov_rur,2020,18.218
afg,sex_m,age_ythadult_yge15,geo_cov_rur,2021,6.655
afg,sex_m,age_ythadult_yge15,geo_cov_urb,2014,11.644
afg,sex_m,age_ythadult_yge15,geo_cov_urb,2017,15.915
afg,sex_m,age_ythadult_yge15,geo_cov_urb,2020,18.649
afg,sex_m,age_ythadult_yge15,geo_cov_urb,2021,15.393
afg,sex_m,age_ythadult_yge15,geo_cov_x,2020,7.133
afg,sex_m,age_ythadult_yge25,geo_cov_nat,2014,8.259
afg,sex_m,age_ythadult_yge25,geo_cov_nat,2017,10.927
afg,sex_m,age_ythadult_yge25,geo_cov_nat,2020,14.327
afg,sex_m,age_ythadult_yge25,geo_cov_nat,2021,6.62
afg,sex_m,age_ythadult_yge25,geo_cov_rur,2014,8.728
afg,sex_m,age_ythadult_yge25,geo_cov_rur,2017,11.51
afg,sex_m,age_ythadult_yge25,geo_cov_rur,2020,15.188
afg,sex_m,age_ythadult_yge25,geo_cov_rur,2021,4.704
afg,sex_m,age_ythadult_yge25,geo_cov_urb,2014,6.817
afg,sex_m,age_ythadult_yge25,geo_cov_urb,2017,9.192
afg,sex_m,age_ythadult_yge25,geo_cov_urb,2020,13.416
afg,sex_m,age_ythadult_yge25,geo_cov_urb,2021,12.144
afg,sex_m,age_ythadult_yge25,geo_cov_x,2020,5.155
afg,sex_t,age_aggregate_total,geo_cov_nat,2014,14.423
afg,sex_t,age_aggregate_total,geo_cov_nat,2017,20.047
afg,sex_t,age_aggregate_total,geo_cov_nat,2020,26.533
afg,sex_t,age_aggregate_total,geo_cov_nat,2021,12.524
afg,sex_t,age_aggregate_total,geo_cov_rur,2014,12.8
afg,sex_t,age_aggregate_total,geo_cov_rur,2017,18.692
afg,sex_t,age_aggregate_total,geo_cov_rur,2020,27.559
afg,sex_t,age_aggregate_total,geo_cov_rur,2021,9.817
afg,sex_t,age_aggregate_total,geo_cov_urb,2014,19.882
afg,sex_t,age_aggregate_total,geo_cov_urb,2017,24.421
afg,sex_t,age_aggregate_total,geo_cov_urb,2020,26.516
afg,sex_t,age_aggregate_total,geo_cov_urb,2021,21.707
afg,sex_t,age_aggregate_total,geo_cov_x,2020,9.99
afg,sex_t,age_aggregate_y15_24,geo_cov_nat,2014,18.174
afg,sex_t,age_aggregate_y15_24,geo_cov_nat,2017,29.402
afg,sex_t,age_aggregate_y15_24,geo_cov_nat,2020,36.249
afg,sex_t,age_aggregate_y15_24,geo_cov_nat,2021,18.755
afg,sex_t,age_aggregate_y15_24,geo_cov_rur,2014,14.394
afg,sex_t,age_aggregate_y15_24,geo_cov_rur,2017,25.401
afg,sex_t,age_aggregate_y15_24,geo_cov_rur,2020,36.022
afg,sex_t,age_aggregate_y15_24,geo_cov_rur,2021,15.086
afg,sex_t,age_aggregate_y15_24,geo_cov_urb,2014,31.394
afg,sex_t,age_aggregate_y15_24,geo_cov_urb,2017,42.22
afg,sex_t,age_aggregate_y15_24,geo_cov_urb,2020,43.139
afg,sex_t,age_aggregate_y15_24,geo_cov_urb,2021,31.938
afg,sex_t,age_aggregate_y15_24,geo_cov_x,2020,13.172
afg,sex_t,age_aggregate_y25_54,geo_cov_nat,2014,12.273
afg,sex_t,age_aggregate_y25_54,geo_cov_nat,2017,15.387
afg,sex_t,age_aggregate_y25_54,geo_cov_nat,2020,21.821
afg,sex_t,age_aggregate_y25_54,geo_cov_nat,2021,10.826
afg,sex_t,age_aggregate_y25_54,geo_cov_rur,2014,11.931
afg,sex_t,age_aggregate_y25_54,geo_cov_rur,2017,15.256
afg,sex_t,age_aggregate_y25_54,geo_cov_rur,2020,23.366
afg,sex_t,age_aggregate_y25_54,geo_cov_rur,2021,8.375
afg,sex_t,age_aggregate_y25_54,geo_cov_urb,2014,13.429
afg,sex_t,age_aggregate_y25_54,geo_cov_urb,2017,15.82
afg,sex_t,age_aggregate_y25_54,geo_cov_urb,2020,19.443
afg,sex_t,age_aggregate_y25_54,geo_cov_urb,2021,18.874
afg,sex_t,age_aggregate_y25_54,geo_cov_x,2020,8.389
afg,sex_t,age_aggregate_y55_64,geo_cov_nat,2014,12.427
afg,sex_t,age_aggregate_y55_64,geo_cov_nat,2017,15.969
afg,sex_t,age_aggregate_y55_64,geo_cov_nat,2020,21.312
afg,sex_t,age_aggregate_y55_64,geo_cov_nat,2021,3.985
afg,sex_t,age_aggregate_y55_64,geo_cov_rur,2014,11.396
afg,sex_t,age_aggregate_y55_64,geo_cov_rur,2017,16.562
afg,sex_t,age_aggregate_y55_64,geo_cov_rur,2020,22.336
afg,sex_t,age_aggregate_y55_64,geo_cov_rur,2021,3.438
afg,sex_t,age_aggregate_y55_64,geo_cov_urb,2014,15.319
afg,sex_t,age_aggregate_y55_64,geo_cov_urb,2017,14.235
afg,sex_t,age_aggregate_y55_64,geo_cov_urb,2020,20.596
afg,sex_t,age_aggregate_y55_64,geo_cov_urb,2021,5.998
afg,sex_t,age_aggregate_yge65,geo_cov_nat,2014,11.41
afg,sex_t,age_aggregate_yge65,geo_cov_nat,2017,18.339
afg,sex_t,age_aggregate_yge65,geo_cov_nat,2020,22.553
afg,sex_t,age_aggregate_yge65,geo_cov_nat,2021,5.329
afg,sex_t,age_aggregate_yge65,geo_cov_rur,2014,11.481
afg,sex_t,age_aggregate_yge65,geo_cov_rur,2017,18.424
afg,sex_t,age_aggregate_yge65,geo_cov_rur,2020,23.57
afg,sex_t,age_aggregate_yge65,geo_cov_urb,2014,11.22
afg,sex_t,age_aggregate_yge65,geo_cov_urb,2017,18.132
afg,sex_t,age_aggregate_yge65,geo_cov_urb,2020,21.588
afg,sex_t,age_aggregate_yge65,geo_cov_urb,2021,19.826
afg,sex_t,age_ythadult_y15_24,geo_cov_nat,2014,18.174
afg,sex_t,age_ythadult_y15_24,geo_cov_nat,2017,29.402
afg,sex_t,age_ythadult_y15_24,geo_cov_nat,2020,36.249
afg,sex_t,age_ythadult_y15_24,geo_cov_nat,2021,18.755
afg,sex_t,age_ythadult_y15_24,geo_cov_rur,2014,14.394
afg,sex_t,age_ythadult_y15_24,geo_cov_rur,2017,25.401
afg,sex_t,age_ythadult_y15_24,geo_cov_rur,2020,36.022
afg,sex_t,age_ythadult_y15_24,geo_cov_rur,2021,15.086
afg,sex_t,age_ythadult_y15_24,geo_cov_urb,2014,31.394
afg,sex_t,age_ythadult_y15_24,geo_cov_urb,2017,42.22
afg,sex_t,age_ythadult_y15_24,geo_cov_urb,2020,43.139
afg,sex_t,age_ythadult_y15_24,geo_cov_urb,2021,31.938
afg,sex_t,age_ythadult_y15_24,geo_cov_x,2020,13.172
afg,sex_t,age_ythadult_y15_64,geo_cov_nat,2014,14.491
afg,sex_t,age_ythadult_y15_64,geo_cov_nat,2017,20.087
afg,sex_t,age_ythadult_y15_64,geo_cov_nat,2020,26.623
afg,sex_t,age_ythadult_y15_64,geo_cov_nat,2021,12.706
afg,sex_t,age_ythadult_y15_64,geo_cov_rur,2014,12.828
afg,sex_t,age_ythadult_y15_64,geo_cov_rur,2017,18.698
afg,sex_t,age_ythadult_y15_64,geo_cov_rur,2020,27.649
afg,sex_t,age_ythadult_y15_64,geo_cov_rur,2021,10.039
afg,sex_t,age_ythadult_y15_64,geo_cov_urb,2014,20.114
afg,sex_t,age_ythadult_y15_64,geo_cov_urb,2017,24.599
afg,sex_t,age_ythadult_y15_64,geo_cov_urb,2020,26.636
afg,sex_t,age_ythadult_y15_64,geo_cov_urb,2021,21.755
afg,sex_t,age_ythadult_yge15,geo_cov_nat,2014,14.423
afg,sex_t,age_ythadult_yge15,geo_cov_nat,2017,20.047
afg,sex_t,age_ythadult_yge15,geo_cov_nat,2020,26.533
afg,sex_t,age_ythadult_yge15,geo_cov_nat,2021,12.524
afg,sex_t,age_ythadult_yge15,geo_cov_rur,2014,12.8
afg,sex_t,age_ythadult_yge15,geo_cov_rur,2017,18.692
afg,sex_t,age_ythadult_yge15,geo_cov_rur,2020,27.559
afg,sex_t,age_ythadult_yge15,geo_cov_rur,2021,9.817
afg,sex_t,age_ythadult_yge15,geo_cov_urb,2014,19.882
afg,sex_t,age_ythadult_yge15,geo_cov_urb,2017,24.421
afg,sex_t,age_ythadult_yge15,geo_cov_urb,2020,26.516
afg,sex_t,age_ythadult_yge15,geo_cov_urb,2021,21.707
afg,sex_t,age_ythadult_yge15,geo_cov_x,2020,9.99
afg,sex_t,age_ythadult_yge25,geo_cov_nat,2014,12.258
afg,sex_t,age_ythadult_yge25,geo_cov_nat,2017,15.536
afg,sex_t,age_ythadult_yge25,geo_cov_nat,2020,21.803
afg,sex_t,age_ythadult_yge25,geo_cov_nat,2021,10.056
afg,sex_t,age_ythadult_yge25,geo_cov_rur,2014,11.867
afg,sex_t,age_ythadult_yge25,geo_cov_rur,2017,15.465
afg,sex_t,age_ythadult_yge25,geo_cov_rur,2020,23.289
afg,sex_t,age_ythadult_yge25,geo_cov_rur,2021,7.693
afg,sex_t,age_ythadult_yge25,geo_cov_urb,2014,13.544
afg,sex_t,age_ythadult_yge25,geo_cov_urb,2017,15.766
afg,sex_t,age_ythadult_yge25,geo_cov_urb,2020,19.622
afg,sex_t,age_ythadult_yge25,geo_cov_urb,2021,17.897
afg,sex_t,age_ythadult_yge25,geo_cov_x,2020,8.194
ago,sex_f,age_aggregate_total,geo_cov_nat,2011,19.189
ago,sex_f,age_aggregate_total,geo_cov_nat,2014,25.304
ago,sex_f,age_aggregate_total,geo_cov_nat,2019,30.121
ago,sex_f,age_aggregate_total,geo_cov_nat,2020,31.755
ago,sex_f,age_aggregate_total,geo_cov_nat,2021,32.213
ago,sex_f,age_aggregate_total,geo_cov_nat,2022,29.75
ago,sex_f,age_aggregate_total,geo_cov_nat,2023,31.623
ago,sex_f,age_aggregate_total,geo_cov_nat,2024,31.054
ago,sex_f,age_aggregate_total,geo_cov_rur,2011,4.033
ago,sex_f,age_aggregate_total,geo_cov_rur,2014,12.071
ago,sex_f,age_aggregate_total,geo_cov_rur,2019,14.056
ago,sex_f,age_aggregate_total,geo_cov_rur,2020,13.709
ago,sex_f,age_aggregate_total,geo_cov_rur,2021,15.347
ago,sex_f,age_aggregate_total,geo_cov_rur,2022,11.683
ago,sex_f,age_aggregate_total,geo_cov_rur,2023,9.439
ago,sex_f,age_aggregate_total,geo_cov_rur,2024,24.023
ago,sex_f,age_aggregate_total,geo_cov_urb,2011,32.774
ago,sex_f,age_aggregate_total,geo_cov_urb,2014,35.691
ago,sex_f,age_aggregate_total,geo_cov_urb,2019,42.276
ago,sex_f,age_aggregate_total,geo_cov_urb,2020,45.472
ago,sex_f,age_aggregate_total,geo_cov_urb,2021,44.407
ago,sex_f,age_aggregate_total,geo_cov_urb,2022,40.73
ago,sex_f,age_aggregate_total,geo_cov_urb,2023,42.745
ago,sex_f,age_aggregate_total,geo_cov_urb,2024,35.082
ago,sex_f,age_aggregate_total,geo_cov_x,2020,22.613
ago,sex_f,age_aggregate_y15_24,geo_cov_nat,2011,36.98
ago,sex_f,age_aggregate_y15_24,geo_cov_nat,2014,40.603
ago,sex_f,age_aggregate_y15_24,geo_cov_nat,2019,51.696
ago,sex_f,age_aggregate_y15_24,geo_cov_nat,2020,52.629
ago,sex_f,age_aggregate_y15_24,geo_cov_nat,2021,56.131
ago,sex_f,age_aggregate_y15_24,geo_cov_nat,2022,53.588
ago,sex_f,age_aggregate_y15_24,geo_cov_nat,2023,55.984
ago,sex_f,age_aggregate_y15_24,geo_cov_nat,2024,54.305
ago,sex_f,age_aggregate_y15_24,geo_cov_rur,2011,8.797
ago,sex_f,age_aggregate_y15_24,geo_cov_rur,2014,18.618
ago,sex_f,age_aggregate_y15_24,geo_cov_rur,2019,23.888
ago,sex_f,age_aggregate_y15_24,geo_cov_rur,2020,25.272
ago,sex_f,age_aggregate_y15_24,geo_cov_rur,2021,28.256
ago,sex_f,age_aggregate_y15_24,geo_cov_rur,2022,22.042
ago,sex_f,age_aggregate_y15_24,geo_cov_rur,2023,16.149
ago,sex_f,age_aggregate_y15_24,geo_cov_rur,2024,41.134
ago,sex_f,age_aggregate_y15_24,geo_cov_urb,2011,59.235
ago,sex_f,age_aggregate_y15_24,geo_cov_urb,2014,57.556
ago,sex_f,age_aggregate_y15_24,geo_cov_urb,2019,72.14
ago,sex_f,age_aggregate_y15_24,geo_cov_urb,2020,73.114
ago,sex_f,age_aggregate_y15_24,geo_cov_urb,2021,76.695
ago,sex_f,age_aggregate_y15_24,geo_cov_urb,2022,73.291
ago,sex_f,age_aggregate_y15_24,geo_cov_urb,2023,75.098
ago,sex_f,age_aggregate_y15_24,geo_cov_urb,2024,62.561
ago,sex_f,age_aggregate_y15_24,geo_cov_x,2020,58.899
ago,sex_f,age_aggregate_y25_54,geo_cov_nat,2011,11.766
ago,sex_f,age_aggregate_y25_54,geo_cov_nat,2014,22.057
ago,sex_f,age_aggregate_y25_54,geo_cov_nat,2019,22.002
ago,sex_f,age_aggregate_y25_54,geo_cov_nat,2020,23.229
ago,sex_f,age_aggregate_y25_54,geo_cov_nat,2021,21.917
ago,sex_f,age_aggregate_y25_54,geo_cov_nat,2022,19.776
ago,sex_f,age_aggregate_y25_54,geo_cov_nat,2023,18.307
ago,sex_f,age_aggregate_y25_54,geo_cov_nat,2024,19.904
ago,sex_f,age_aggregate_y25_54,geo_cov_rur,2011,2.12
ago,sex_f,age_aggregate_y25_54,geo_cov_rur,2014,11.155
ago,sex_f,age_aggregate_y25_54,geo_cov_rur,2019,10.707
ago,sex_f,age_aggregate_y25_54,geo_cov_rur,2020,8.388
ago,sex_f,age_aggregate_y25_54,geo_cov_rur,2021,9.631
ago,sex_f,age_aggregate_y25_54,geo_cov_rur,2022,7.425
ago,sex_f,age_aggregate_y25_54,geo_cov_rur,2023,6.105
ago,sex_f,age_aggregate_y25_54,geo_cov_rur,2024,15.106
ago,sex_f,age_aggregate_y25_54,geo_cov_urb,2011,19.866
ago,sex_f,age_aggregate_y25_54,geo_cov_urb,2014,29.466
ago,sex_f,age_aggregate_y25_54,geo_cov_urb,2019,29.588
ago,sex_f,age_aggregate_y25_54,geo_cov_urb,2020,33.185
ago,sex_f,age_aggregate_y25_54,geo_cov_urb,2021,29.665
ago,sex_f,age_aggregate_y25_54,geo_cov_urb,2022,26.234
ago,sex_f,age_aggregate_y25_54,geo_cov_urb,2023,23.835
ago,sex_f,age_aggregate_y25_54,geo_cov_urb,2024,22.308
ago,sex_f,age_aggregate_y55_64,geo_cov_nat,2011,1.843
ago,sex_f,age_aggregate_y55_64,geo_cov_nat,2014,10.971
ago,sex_f,age_aggregate_y55_64,geo_cov_nat,2019,9.271
ago,sex_f,age_aggregate_y55_64,geo_cov_nat,2020,11.182
ago,sex_f,age_aggregate_y55_64,geo_cov_nat,2021,10.459
ago,sex_f,age_aggregate_y55_64,geo_cov_nat,2022,8.676
ago,sex_f,age_aggregate_y55_64,geo_cov_nat,2023,14.606
ago,sex_f,age_aggregate_y55_64,geo_cov_nat,2024,13.315
ago,sex_f,age_aggregate_y55_64,geo_cov_rur,2014,6.594
ago,sex_f,age_aggregate_y55_64,geo_cov_rur,2019,5.814
ago,sex_f,age_aggregate_y55_64,geo_cov_rur,2020,4.911
ago,sex_f,age_aggregate_y55_64,geo_cov_rur,2021,5.365
ago,sex_f,age_aggregate_y55_64,geo_cov_rur,2022,2.774
ago,sex_f,age_aggregate_y55_64,geo_cov_rur,2023,4.315
ago,sex_f,age_aggregate_y55_64,geo_cov_rur,2024,11.257
ago,sex_f,age_aggregate_y55_64,geo_cov_urb,2011,3.29
ago,sex_f,age_aggregate_y55_64,geo_cov_urb,2014,17.885
ago,sex_f,age_aggregate_y55_64,geo_cov_urb,2019,14.016
ago,sex_f,age_aggregate_y55_64,geo_cov_urb,2020,19.436
ago,sex_f,age_aggregate_y55_64,geo_cov_urb,2021,16.764
ago,sex_f,age_aggregate_y55_64,geo_cov_urb,2022,14.76
ago,sex_f,age_aggregate_y55_64,geo_cov_urb,2023,22.887
ago,sex_f,age_aggregate_y55_64,geo_cov_urb,2024,15.039
ago,sex_f,age_aggregate_yge65,geo_cov_nat,2011,1.516
ago,sex_f,age_aggregate_yge65,geo_cov_nat,2014,6.377
ago,sex_f,age_aggregate_yge65,geo_cov_nat,2019,5.848
ago,sex_f,age_aggregate_yge65,geo_cov_nat,2020,20.804
ago,sex_f,age_aggregate_yge65,geo_cov_nat,2021,13.733
ago,sex_f,age_aggregate_yge65,geo_cov_nat,2022,8.614
ago,sex_f,age_aggregate_yge65,geo_cov_nat,2023,34.994
ago,sex_f,age_aggregate_yge65,geo_cov_nat,2024,22.727
ago,sex_f,age_aggregate_yge65,geo_cov_rur,2014,3.739
ago,sex_f,age_aggregate_yge65,geo_cov_rur,2019,4.051
ago,sex_f,age_aggregate_yge65,geo_cov_rur,2020,12.537
ago,sex_f,age_aggregate_yge65,geo_cov_rur,2021,6.719
ago,sex_f,age_aggregate_yge65,geo_cov_rur,2022,3.913
ago,sex_f,age_aggregate_yge65,geo_cov_rur,2023,8.908
ago,sex_f,age_aggregate_yge65,geo_cov_rur,2024,16
ago,sex_f,age_aggregate_yge65,geo_cov_urb,2011,3.344
ago,sex_f,age_aggregate_yge65,geo_cov_urb,2014,14.377
ago,sex_f,age_aggregate_yge65,geo_cov_urb,2019,10.303
ago,sex_f,age_aggregate_yge65,geo_cov_urb,2020,37.087
ago,sex_f,age_aggregate_yge65,geo_cov_urb,2021,26.88
ago,sex_f,age_aggregate_yge65,geo_cov_urb,2022,16.616
ago,sex_f,age_aggregate_yge65,geo_cov_urb,2023,60.433
ago,sex_f,age_aggregate_yge65,geo_cov_urb,2024,28.351
ago,sex_f,age_ythadult_y15_24,geo_cov_nat,2011,36.98
ago,sex_f,age_ythadult_y15_24,geo_cov_nat,2014,40.603
ago,sex_f,age_ythadult_y15_24,geo_cov_nat,2019,51.696
ago,sex_f,age_ythadult_y15_24,geo_cov_nat,2020,52.629
ago,sex_f,age_ythadult_y15_24,geo_cov_nat,2021,56.131
ago,sex_f,age_ythadult_y15_24,geo_cov_nat,2022,53.588
ago,sex_f,age_ythadult_y15_24,geo_cov_nat,2023,55.984
ago,sex_f,age_ythadult_y15_24,geo_cov_nat,2024,54.305
ago,sex_f,age_ythadult_y15_24,geo_cov_rur,2011,8.797
ago,sex_f,age_ythadult_y15_24,geo_cov_rur,2014,18.618
ago,sex_f,age_ythadult_y15_24,geo_cov_rur,2019,23.888
ago,sex_f,age_ythadult_y15_24,geo_cov_rur,2020,25.272
ago,sex_f,age_ythadult_y15_24,geo_cov_rur,2021,28.256
ago,sex_f,age_ythadult_y15_24,geo_cov_rur,2022,22.042
ago,sex_f,age_ythadult_y15_24,geo_cov_rur,2023,16.149
ago,sex_f,age_ythadult_y15_24,geo_cov_rur,2024,41.134
ago,sex_f,age_ythadult_y15_24,geo_cov_urb,2011,59.235
ago,sex_f,age_ythadult_y15_24,geo_cov_urb,2014,57.556
ago,sex_f,age_ythadult_y15_24,geo_cov_urb,2019,72.14
ago,sex_f,age_ythadult_y15_24,geo_cov_urb,2020,73.114
ago,sex_f,age_ythadult_y15_24,geo_cov_urb,2021,76.695
ago,sex_f,age_ythadult_y15_24,geo_cov_urb,2022,73.291
ago,sex_f,age_ythadult_y15_24,geo_cov_urb,2023,75.098
ago,sex_f,age_ythadult_y15_24,geo_cov_urb,2024,62.561
ago,sex_f,age_ythadult_y15_24,geo_cov_x,2020,58.899
ago,sex_f,age_ythadult_y15_64,geo_cov_nat,2011,19.811
ago,sex_f,age_ythadult_y15_64,geo_cov_nat,2014,26.051
ago,sex_f,age_ythadult_y15_64,geo_cov_nat,2019,30.937
ago,sex_f,age_ythadult_y15_64,geo_cov_nat,2020,32.197
ago,sex_f,age_ythadult_y15_64,geo_cov_nat,2021,32.86
ago,sex_f,age_ythadult_y15_64,geo_cov_nat,2022,30.485
ago,sex_f,age_ythadult_y15_64,geo_cov_nat,2023,31.466
ago,sex_f,age_ythadult_y15_64,geo_cov_nat,2024,31.361
ago,sex_f,age_ythadult_y15_64,geo_cov_rur,2014,12.649
ago,sex_f,age_ythadult_y15_64,geo_cov_rur,2019,14.625
ago,sex_f,age_ythadult_y15_64,geo_cov_rur,2020,13.783
ago,sex_f,age_ythadult_y15_64,geo_cov_rur,2021,15.826
ago,sex_f,age_ythadult_y15_64,geo_cov_rur,2022,12.144
ago,sex_f,age_ythadult_y15_64,geo_cov_rur,2023,9.476
ago,sex_f,age_ythadult_y15_64,geo_cov_rur,2024,24.396
ago,sex_f,age_ythadult_y15_64,geo_cov_urb,2011,33.401
ago,sex_f,age_ythadult_y15_64,geo_cov_urb,2014,36.056
ago,sex_f,age_ythadult_y15_64,geo_cov_urb,2019,42.81
ago,sex_f,age_ythadult_y15_64,geo_cov_urb,2020,45.67
ago,sex_f,age_ythadult_y15_64,geo_cov_urb,2021,44.77
ago,sex_f,age_ythadult_y15_64,geo_cov_urb,2022,41.221
ago,sex_f,age_ythadult_y15_64,geo_cov_urb,2023,42.128
ago,sex_f,age_ythadult_y15_64,geo_cov_urb,2024,35.293
ago,sex_f,age_ythadult_yge15,geo_cov_nat,2011,19.189
ago,sex_f,age_ythadult_yge15,geo_cov_nat,2014,25.304
ago,sex_f,age_ythadult_yge15,geo_cov_nat,2019,30.121
ago,sex_f,age_ythadult_yge15,geo_cov_nat,2020,31.755
ago,sex_f,age_ythadult_yge15,geo_cov_nat,2021,32.213
ago,sex_f,age_ythadult_yge15,geo_cov_nat,2022,29.75
ago,sex_f,age_ythadult_yge15,geo_cov_nat,2023,31.623
ago,sex_f,age_ythadult_yge15,geo_cov_nat,2024,31.054
ago,sex_f,age_ythadult_yge15,geo_cov_rur,2011,4.033
ago,sex_f,age_ythadult_yge15,geo_cov_rur,2014,12.071
ago,sex_f,age_ythadult_yge15,geo_cov_rur,2019,14.056
ago,sex_f,age_ythadult_yge15,geo_cov_rur,2020,13.709
ago,sex_f,age_ythadult_yge15,geo_cov_rur,2021,15.347
ago,sex_f,age_ythadult_yge15,geo_cov_rur,2022,11.683
ago,sex_f,age_ythadult_yge15,geo_cov_rur,2023,9.439
ago,sex_f,age_ythadult_yge15,geo_cov_rur,2024,24.023
ago,sex_f,age_ythadult_yge15,geo_cov_urb,2011,32.774
ago,sex_f,age_ythadult_yge15,geo_cov_urb,2014,35.691
ago,sex_f,age_ythadult_yge15,geo_cov_urb,2019,42.276
ago,sex_f,age_ythadult_yge15,geo_cov_urb,2020,45.472
ago,sex_f,age_ythadult_yge15,geo_cov_urb,2021,44.407
ago,sex_f,age_ythadult_yge15,geo_cov_urb,2022,40.73
ago,sex_f,age_ythadult_yge15,geo_cov_urb,2023,42.745
ago,sex_f,age_ythadult_yge15,geo_cov_urb,2024,35.082
ago,sex_f,age_ythadult_yge15,geo_cov_x,2020,22.613
ago,sex_f,age_ythadult_yge25,geo_cov_nat,2011,10.405
ago,sex_f,age_ythadult_yge25,geo_cov_nat,2014,20.248
ago,sex_f,age_ythadult_yge25,geo_cov_nat,2019,19.978
ago,sex_f,age_ythadult_yge25,geo_cov_nat,2020,21.835
ago,sex_f,age_ythadult_yge25,geo_cov_nat,2021,20.33
ago,sex_f,age_ythadult_yge25,geo_cov_nat,2022,18.058
ago,sex_f,age_ythadult_yge25,geo_cov_nat,2023,19.017
ago,sex_f,age_ythadult_yge25,geo_cov_nat,2024,19.336
ago,sex_f,age_ythadult_yge25,geo_cov_rur,2011,1.907
ago,sex_f,age_ythadult_yge25,geo_cov_rur,2014,9.936
ago,sex_f,age_ythadult_yge25,geo_cov_rur,2019,9.544
ago,sex_f,age_ythadult_yge25,geo_cov_rur,2020,8.277
ago,sex_f,age_ythadult_yge25,geo_cov_rur,2021,8.821
ago,sex_f,age_ythadult_yge25,geo_cov_rur,2022,6.472
ago,sex_f,age_ythadult_yge25,geo_cov_rur,2023,6.118
ago,sex_f,age_ythadult_yge25,geo_cov_rur,2024,14.625
ago,sex_f,age_ythadult_yge25,geo_cov_urb,2011,18.511
ago,sex_f,age_ythadult_yge25,geo_cov_urb,2014,28.39
ago,sex_f,age_ythadult_yge25,geo_cov_urb,2019,27.98
ago,sex_f,age_ythadult_yge25,geo_cov_urb,2020,32.224
ago,sex_f,age_ythadult_yge25,geo_cov_urb,2021,28.568
ago,sex_f,age_ythadult_yge25,geo_cov_urb,2022,25.005
ago,sex_f,age_ythadult_yge25,geo_cov_urb,2023,25.632
ago,sex_f,age_ythadult_yge25,geo_cov_urb,2024,21.912
ago,sex_m,age_aggregate_total,geo_cov_nat,2011,15.241
ago,sex_m,age_aggregate_total,geo_cov_nat,2014,24.288
ago,sex_m,age_aggregate_total,geo_cov_nat,2019,27.626
ago,sex_m,age_aggregate_total,geo_cov_nat,2020,28.951
ago,sex_m,age_aggregate_total,geo_cov_nat,2021,29.356
ago,sex_m,age_aggregate_total,geo_cov_nat,2022,27.885
ago,sex_m,age_aggregate_total,geo_cov_nat,2023,29.293
ago,sex_m,age_aggregate_total,geo_cov_nat,2024,28.914
ago,sex_m,age_aggregate_total,geo_cov_rur,2011,5.141
ago,sex_m,age_aggregate_total,geo_cov_rur,2014,16.82
ago,sex_m,age_aggregate_total,geo_cov_rur,2019,15.603
ago,sex_m,age_aggregate_total,geo_cov_rur,2020,13.578
ago,sex_m,age_aggregate_total,geo_cov_rur,2021,15.489
ago,sex_m,age_aggregate_total,geo_cov_rur,2022,13.312
ago,sex_m,age_aggregate_total,geo_cov_rur,2023,11.434
ago,sex_m,age_aggregate_total,geo_cov_rur,2024,23.142
ago,sex_m,age_aggregate_total,geo_cov_urb,2011,23.877
ago,sex_m,age_aggregate_total,geo_cov_urb,2014,28.488
ago,sex_m,age_aggregate_total,geo_cov_urb,2019,36.166
ago,sex_m,age_aggregate_total,geo_cov_urb,2020,40.225
ago,sex_m,age_aggregate_total,geo_cov_urb,2021,39.434
ago,sex_m,age_aggregate_total,geo_cov_urb,2022,36.624
ago,sex_m,age_aggregate_total,geo_cov_urb,2023,38.462
ago,sex_m,age_aggregate_total,geo_cov_urb,2024,32.091
ago,sex_m,age_aggregate_total,geo_cov_x,2020,25.918
ago,sex_m,age_aggregate_y15_24,geo_cov_nat,2011,34.414
ago,sex_m,age_aggregate_y15_24,geo_cov_nat,2014,39.782
ago,sex_m,age_aggregate_y15_24,geo_cov_nat,2019,54.6
ago,sex_m,age_aggregate_y15_24,geo_cov_nat,2020,53.454
ago,sex_m,age_aggregate_y15_24,geo_cov_nat,2021,57.257
ago,sex_m,age_aggregate_y15_24,geo_cov_nat,2022,53.996
ago,sex_m,age_aggregate_y15_24,geo_cov_nat,2023,56.561
ago,sex_m,age_aggregate_y15_24,geo_cov_nat,2024,56.563
ago,sex_m,age_aggregate_y15_24,geo_cov_rur,2011,12.842
ago,sex_m,age_aggregate_y15_24,geo_cov_rur,2014,24.945
ago,sex_m,age_aggregate_y15_24,geo_cov_rur,2019,31.506
ago,sex_m,age_aggregate_y15_24,geo_cov_rur,2020,27.257
ago,sex_m,age_aggregate_y15_24,geo_cov_rur,2021,31.977
ago,sex_m,age_aggregate_y15_24,geo_cov_rur,2022,26.259
ago,sex_m,age_aggregate_y15_24,geo_cov_rur,2023,19.422
ago,sex_m,age_aggregate_y15_24,geo_cov_rur,2024,42.932
ago,sex_m,age_aggregate_y15_24,geo_cov_urb,2011,51.946
ago,sex_m,age_aggregate_y15_24,geo_cov_urb,2014,48.826
ago,sex_m,age_aggregate_y15_24,geo_cov_urb,2019,71.532
ago,sex_m,age_aggregate_y15_24,geo_cov_urb,2020,73.061
ago,sex_m,age_aggregate_y15_24,geo_cov_urb,2021,77.186
ago,sex_m,age_aggregate_y15_24,geo_cov_urb,2022,72.536
ago,sex_m,age_aggregate_y15_24,geo_cov_urb,2023,77.074
ago,sex_m,age_aggregate_y15_24,geo_cov_urb,2024,65.036
ago,sex_m,age_aggregate_y15_24,geo_cov_x,2020,67.077
ago,sex_m,age_aggregate_y25_54,geo_cov_nat,2011,6.664
ago,sex_m,age_aggregate_y25_54,geo_cov_nat,2014,20.775
ago,sex_m,age_aggregate_y25_54,geo_cov_nat,2019,15.611
ago,sex_m,age_aggregate_y25_54,geo_cov_nat,2020,17.341
ago,sex_m,age_aggregate_y25_54,geo_cov_nat,2021,14.88
ago,sex_m,age_aggregate_y25_54,geo_cov_nat,2022,14.585
ago,sex_m,age_aggregate_y25_54,geo_cov_nat,2023,11.692
ago,sex_m,age_aggregate_y25_54,geo_cov_nat,2024,13.563
ago,sex_m,age_aggregate_y25_54,geo_cov_rur,2011,2.002
ago,sex_m,age_aggregate_y25_54,geo_cov_rur,2014,15.791
ago,sex_m,age_aggregate_y25_54,geo_cov_rur,2019,8.496
ago,sex_m,age_aggregate_y25_54,geo_cov_rur,2020,6.581
ago,sex_m,age_aggregate_y25_54,geo_cov_rur,2021,6.258
ago,sex_m,age_aggregate_y25_54,geo_cov_rur,2022,6.304
ago,sex_m,age_aggregate_y25_54,geo_cov_rur,2023,5.951
ago,sex_m,age_aggregate_y25_54,geo_cov_rur,2024,10.954
ago,sex_m,age_aggregate_y25_54,geo_cov_urb,2011,10.092
ago,sex_m,age_aggregate_y25_54,geo_cov_urb,2014,23.128
ago,sex_m,age_aggregate_y25_54,geo_cov_urb,2019,19.862
ago,sex_m,age_aggregate_y25_54,geo_cov_urb,2020,24.067
ago,sex_m,age_aggregate_y25_54,geo_cov_urb,2021,20.19
ago,sex_m,age_aggregate_y25_54,geo_cov_urb,2022,18.649
ago,sex_m,age_aggregate_y25_54,geo_cov_urb,2023,14.232
ago,sex_m,age_aggregate_y25_54,geo_cov_urb,2024,14.832
ago,sex_m,age_aggregate_y55_64,geo_cov_nat,2011,3.572
ago,sex_m,age_aggregate_y55_64,geo_cov_nat,2014,15.503
ago,sex_m,age_aggregate_y55_64,geo_cov_nat,2019,7.384
ago,sex_m,age_aggregate_y55_64,geo_cov_nat,2020,10.016
ago,sex_m,age_aggregate_y55_64,geo_cov_nat,2021,11.225
ago,sex_m,age_aggregate_y55_64,geo_cov_nat,2022,9.856
ago,sex_m,age_aggregate_y55_64,geo_cov_nat,2023,20.584
ago,sex_m,age_aggregate_y55_64,geo_cov_nat,2024,13.477
ago,sex_m,age_aggregate_y55_64,geo_cov_rur,2014,10.832
ago,sex_m,age_aggregate_y55_64,geo_cov_rur,2019,5.205
ago,sex_m,age_aggregate_y55_64,geo_cov_rur,2020,3.778
ago,sex_m,age_aggregate_y55_64,geo_cov_rur,2021,4.59
ago,sex_m,age_aggregate_y55_64,geo_cov_rur,2022,3.069
ago,sex_m,age_aggregate_y55_64,geo_cov_rur,2023,6.577
ago,sex_m,age_aggregate_y55_64,geo_cov_rur,2024,8.844
ago,sex_m,age_aggregate_y55_64,geo_cov_urb,2011,9.822
ago,sex_m,age_aggregate_y55_64,geo_cov_urb,2014,19.992
ago,sex_m,age_aggregate_y55_64,geo_cov_urb,2019,10.163
ago,sex_m,age_aggregate_y55_64,geo_cov_urb,2020,17.871
ago,sex_m,age_aggregate_y55_64,geo_cov_urb,2021,18.247
ago,sex_m,age_aggregate_y55_64,geo_cov_urb,2022,16.738
ago,sex_m,age_aggregate_y55_64,geo_cov_urb,2023,31.002
ago,sex_m,age_aggregate_y55_64,geo_cov_urb,2024,16.252
ago,sex_m,age_aggregate_yge65,geo_cov_nat,2011,5.895
ago,sex_m,age_aggregate_yge65,geo_cov_nat,2014,10.047
ago,sex_m,age_aggregate_yge65,geo_cov_nat,2019,6.314
ago,sex_m,age_aggregate_yge65,geo_cov_nat,2020,13.094
ago,sex_m,age_aggregate_yge65,geo_cov_nat,2021,11.546
ago,sex_m,age_aggregate_yge65,geo_cov_nat,2022,8.389
ago,sex_m,age_aggregate_yge65,geo_cov_nat,2023,41.922
ago,sex_m,age_aggregate_yge65,geo_cov_nat,2024,20.867
ago,sex_m,age_aggregate_yge65,geo_cov_rur,2014,6.579
ago,sex_m,age_aggregate_yge65,geo_cov_rur,2019,2.768
ago,sex_m,age_aggregate_yge65,geo_cov_rur,2020,9.218
ago,sex_m,age_aggregate_yge65,geo_cov_rur,2021,5.17
ago,sex_m,age_aggregate_yge65,geo_cov_rur,2022,2.932
ago,sex_m,age_aggregate_yge65,geo_cov_rur,2023,13.51
ago,sex_m,age_aggregate_yge65,geo_cov_rur,2024,15.184
ago,sex_m,age_aggregate_yge65,geo_cov_urb,2011,17.521
ago,sex_m,age_aggregate_yge65,geo_cov_urb,2014,18.677
ago,sex_m,age_aggregate_yge65,geo_cov_urb,2019,18.134
ago,sex_m,age_aggregate_yge65,geo_cov_urb,2020,25.489
ago,sex_m,age_aggregate_yge65,geo_cov_urb,2021,26.96
ago,sex_m,age_aggregate_yge65,geo_cov_urb,2022,18.495
ago,sex_m,age_aggregate_yge65,geo_cov_urb,2023,71.724
ago,sex_m,age_aggregate_yge65,geo_cov_urb,2024,26.577
ago,sex_m,age_ythadult_y15_24,geo_cov_nat,2011,34.414
ago,sex_m,age_ythadult_y15_24,geo_cov_nat,2014,39.782
ago,sex_m,age_ythadult_y15_24,geo_cov_nat,2019,54.6
ago,sex_m,age_ythadult_y15_24,geo_cov_nat,2020,53.454
ago,sex_m,age_ythadult_y15_24,geo_cov_nat,2021,57.257
ago,sex_m,age_ythadult_y15_24,geo_cov_nat,2022,53.996
ago,sex_m,age_ythadult_y15_24,geo_cov_nat,2023,56.561
ago,sex_m,age_ythadult_y15_24,geo_cov_nat,2024,56.563
ago,sex_m,age_ythadult_y15_24,geo_cov_rur,2011,12.842
ago,sex_m,age_ythadult_y15_24,geo_cov_rur,2014,24.945
ago,sex_m,age_ythadult_y15_24,geo_cov_rur,2019,31.506
ago,sex_m,age_ythadult_y15_24,geo_cov_rur,2020,27.257
ago,sex_m,age_ythadult_y15_24,geo_cov_rur,2021,31.977
ago,sex_m,age_ythadult_y15_24,geo_cov_rur,2022,26.259
ago,sex_m,age_ythadult_y15_24,geo_cov_rur,2023,19.422
ago,sex_m,age_ythadult_y15_24,geo_cov_rur,2024,42.932
ago,sex_m,age_ythadult_y15_24,geo_cov_urb,2011,51.946
ago,sex_m,age_ythadult_y15_24,geo_cov_urb,2014,48.826
ago,sex_m,age_ythadult_y15_24,geo_cov_urb,2019,71.532
ago,sex_m,age_ythadult_y15_24,geo_cov_urb,2020,73.061
ago,sex_m,age_ythadult_y15_24,geo_cov_urb,2021,77.186
ago,sex_m,age_ythadult_y15_24,geo_cov_urb,2022,72.536
ago,sex_m,age_ythadult_y15_24,geo_cov_urb,2023,77.074
ago,sex_m,age_ythadult_y15_24,geo_cov_urb,2024,65.036
ago,sex_m,age_ythadult_y15_24,geo_cov_x,2020,67.077
ago,sex_m,age_ythadult_y15_64,geo_cov_nat,2011,15.729
ago,sex_m,age_ythadult_y15_64,geo_cov_nat,2014,24.819
ago,sex_m,age_ythadult_y15_64,geo_cov_nat,2019,28.291
ago,sex_m,age_ythadult_y15_64,geo_cov_nat,2020,29.469
ago,sex_m,age_ythadult_y15_64,geo_cov_nat,2021,29.904
ago,sex_m,age_ythadult_y15_64,geo_cov_nat,2022,28.458
ago,sex_m,age_ythadult_y15_64,geo_cov_nat,2023,28.818
ago,sex_m,age_ythadult_y15_64,geo_cov_nat,2024,29.15
ago,sex_m,age_ythadult_y15_64,geo_cov_rur,2014,17.605
ago,sex_m,age_ythadult_y15_64,geo_cov_rur,2019,16.364
ago,sex_m,age_ythadult_y15_64,geo_cov_rur,2020,13.842
ago,sex_m,age_ythadult_y15_64,geo_cov_rur,2021,16.034
ago,sex_m,age_ythadult_y15_64,geo_cov_rur,2022,13.852
ago,sex_m,age_ythadult_y15_64,geo_cov_rur,2023,11.314
ago,sex_m,age_ythadult_y15_64,geo_cov_rur,2024,23.475
ago,sex_m,age_ythadult_y15_64,geo_cov_urb,2011,24.048
ago,sex_m,age_ythadult_y15_64,geo_cov_urb,2014,28.649
ago,sex_m,age_ythadult_y15_64,geo_cov_urb,2019,36.384
ago,sex_m,age_ythadult_y15_64,geo_cov_urb,2020,40.42
ago,sex_m,age_ythadult_y15_64,geo_cov_urb,2021,39.625
ago,sex_m,age_ythadult_y15_64,geo_cov_urb,2022,36.92
ago,sex_m,age_ythadult_y15_64,geo_cov_urb,2023,37.547
ago,sex_m,age_ythadult_y15_64,geo_cov_urb,2024,32.215
ago,sex_m,age_ythadult_yge15,geo_cov_nat,2011,15.241
ago,sex_m,age_ythadult_yge15,geo_cov_nat,2014,24.288
ago,sex_m,age_ythadult_yge15,geo_cov_nat,2019,27.626
ago,sex_m,age_ythadult_yge15,geo_cov_nat,2020,28.951
ago,sex_m,age_ythadult_yge15,geo_cov_nat,2021,29.356
ago,sex_m,age_ythadult_yge15,geo_cov_nat,2022,27.885
ago,sex_m,age_ythadult_yge15,geo_cov_nat,2023,29.293
ago,sex_m,age_ythadult_yge15,geo_cov_nat,2024,28.914
ago,sex_m,age_ythadult_yge15,geo_cov_rur,2011,5.141
ago,sex_m,age_ythadult_yge15,geo_cov_rur,2014,16.82
ago,sex_m,age_ythadult_yge15,geo_cov_rur,2019,15.603
ago,sex_m,age_ythadult_yge15,geo_cov_rur,2020,13.578
ago,sex_m,age_ythadult_yge15,geo_cov_rur,2021,15.489
ago,sex_m,age_ythadult_yge15,geo_cov_rur,2022,13.312
ago,sex_m,age_ythadult_yge15,geo_cov_rur,2023,11.434
ago,sex_m,age_ythadult_yge15,geo_cov_rur,2024,23.142
ago,sex_m,age_ythadult_yge15,geo_cov_urb,2011,23.877
ago,sex_m,age_ythadult_yge15,geo_cov_urb,2014,28.488
ago,sex_m,age_ythadult_yge15,geo_cov_urb,2019,36.166
ago,sex_m,age_ythadult_yge15,geo_cov_urb,2020,40.225
ago,sex_m,age_ythadult_yge15,geo_cov_urb,2021,39.434
ago,sex_m,age_ythadult_yge15,geo_cov_urb,2022,36.624
ago,sex_m,age_ythadult_yge15,geo_cov_urb,2023,38.462
ago,sex_m,age_ythadult_yge15,geo_cov_urb,2024,32.091
ago,sex_m,age_ythadult_yge15,geo_cov_x,2020,25.918
ago,sex_m,age_ythadult_yge25,geo_cov_nat,2011,6.32
ago,sex_m,age_ythadult_yge25,geo_cov_nat,2014,19.793
ago,sex_m,age_ythadult_yge25,geo_cov_nat,2019,14.323
ago,sex_m,age_ythadult_yge25,geo_cov_nat,2020,16.369
ago,sex_m,age_ythadult_yge25,geo_cov_nat,2021,14.341
ago,sex_m,age_ythadult_yge25,geo_cov_nat,2022,13.831
ago,sex_m,age_ythadult_yge25,geo_cov_nat,2023,14.272
ago,sex_m,age_ythadult_yge25,geo_cov_nat,2024,13.875
ago,sex_m,age_ythadult_yge25,geo_cov_rur,2011,1.699
ago,sex_m,age_ythadult_yge25,geo_cov_rur,2014,14.301
ago,sex_m,age_ythadult_yge25,geo_cov_rur,2019,7.54
ago,sex_m,age_ythadult_yge25,geo_cov_rur,2020,6.42
ago,sex_m,age_ythadult_yge25,geo_cov_rur,2021,5.951
ago,sex_m,age_ythadult_yge25,geo_cov_rur,2022,5.578
ago,sex_m,age_ythadult_yge25,geo_cov_rur,2023,6.69
ago,sex_m,age_ythadult_yge25,geo_cov_rur,2024,10.992
ago,sex_m,age_ythadult_yge25,geo_cov_urb,2011,10.364
ago,sex_m,age_ythadult_yge25,geo_cov_urb,2014,22.809
ago,sex_m,age_ythadult_yge25,geo_cov_urb,2019,19.067
ago,sex_m,age_ythadult_yge25,geo_cov_urb,2020,23.598
ago,sex_m,age_ythadult_yge25,geo_cov_urb,2021,20.175
ago,sex_m,age_ythadult_yge25,geo_cov_urb,2022,18.494
ago,sex_m,age_ythadult_yge25,geo_cov_urb,2023,18.007
ago,sex_m,age_ythadult_yge25,geo_cov_urb,2024,15.358
ago,sex_t,age_aggregate_total,geo_cov_nat,2011,17.281
ago,sex_t,age_aggregate_total,geo_cov_nat,2014,24.747
ago,sex_t,age_aggregate_total,geo_cov_nat,2019,28.916
ago,sex_t,age_aggregate_total,geo_cov_nat,2020,30.405
ago,sex_t,age_aggregate_total,geo_cov_nat,2021,30.835
ago,sex_t,age_aggregate_total,geo_cov_nat,2022,28.849
ago,sex_t,age_aggregate_total,geo_cov_nat,2023,30.506
ago,sex_t,age_aggregate_total,geo_cov_nat,2024,30.024
ago,sex_t,age_aggregate_total,geo_cov_rur,2011,4.562
ago,sex_t,age_aggregate_total,geo_cov_rur,2014,14.436
ago,sex_t,age_aggregate_total,geo_cov_rur,2019,14.789
ago,sex_t,age_aggregate_total,geo_cov_rur,2020,13.647
ago,sex_t,age_aggregate_total,geo_cov_rur,2021,15.416
ago,sex_t,age_aggregate_total,geo_cov_rur,2022,12.467
ago,sex_t,age_aggregate_total,geo_cov_rur,2023,10.404
ago,sex_t,age_aggregate_total,geo_cov_rur,2024,23.604
ago,sex_t,age_aggregate_total,geo_cov_urb,2011,28.425
ago,sex_t,age_aggregate_total,geo_cov_urb,2014,31.508
ago,sex_t,age_aggregate_total,geo_cov_urb,2019,39.285
ago,sex_t,age_aggregate_total,geo_cov_urb,2020,42.925
ago,sex_t,age_aggregate_total,geo_cov_urb,2021,42.011
ago,sex_t,age_aggregate_total,geo_cov_urb,2022,38.74
ago,sex_t,age_aggregate_total,geo_cov_urb,2023,40.7
ago,sex_t,age_aggregate_total,geo_cov_urb,2024,33.632
ago,sex_t,age_aggregate_total,geo_cov_x,2020,24.267
ago,sex_t,age_aggregate_y15_24,geo_cov_nat,2011,35.765
ago,sex_t,age_aggregate_y15_24,geo_cov_nat,2014,40.173
ago,sex_t,age_aggregate_y15_24,geo_cov_nat,2019,53.122
ago,sex_t,age_aggregate_y15_24,geo_cov_nat,2020,53.037
ago,sex_t,age_aggregate_y15_24,geo_cov_nat,2021,56.689
ago,sex_t,age_aggregate_y15_24,geo_cov_nat,2022,53.791
ago,sex_t,age_aggregate_y15_24,geo_cov_nat,2023,56.267
ago,sex_t,age_aggregate_y15_24,geo_cov_nat,2024,55.42
ago,sex_t,age_aggregate_y15_24,geo_cov_rur,2011,10.728
ago,sex_t,age_aggregate_y15_24,geo_cov_rur,2014,21.708
ago,sex_t,age_aggregate_y15_24,geo_cov_rur,2019,27.625
ago,sex_t,age_aggregate_y15_24,geo_cov_rur,2020,26.254
ago,sex_t,age_aggregate_y15_24,geo_cov_rur,2021,30.135
ago,sex_t,age_aggregate_y15_24,geo_cov_rur,2022,24.189
ago,sex_t,age_aggregate_y15_24,geo_cov_rur,2023,17.828
ago,sex_t,age_aggregate_y15_24,geo_cov_rur,2024,42.02
ago,sex_t,age_aggregate_y15_24,geo_cov_urb,2011,55.808
ago,sex_t,age_aggregate_y15_24,geo_cov_urb,2014,52.78
ago,sex_t,age_aggregate_y15_24,geo_cov_urb,2019,71.842
ago,sex_t,age_aggregate_y15_24,geo_cov_urb,2020,73.088
ago,sex_t,age_aggregate_y15_24,geo_cov_urb,2021,76.934
ago,sex_t,age_aggregate_y15_24,geo_cov_urb,2022,72.92
ago,sex_t,age_aggregate_y15_24,geo_cov_urb,2023,76.042
ago,sex_t,age_aggregate_y15_24,geo_cov_urb,2024,63.785
ago,sex_t,age_aggregate_y15_24,geo_cov_x,2020,62.808
ago,sex_t,age_aggregate_y25_54,geo_cov_nat,2011,9.322
ago,sex_t,age_aggregate_y25_54,geo_cov_nat,2014,21.343
ago,sex_t,age_aggregate_y25_54,geo_cov_nat,2019,18.949
ago,sex_t,age_aggregate_y25_54,geo_cov_nat,2020,20.416
ago,sex_t,age_aggregate_y25_54,geo_cov_nat,2021,18.568
ago,sex_t,age_aggregate_y25_54,geo_cov_nat,2022,17.295
ago,sex_t,age_aggregate_y25_54,geo_cov_nat,2023,15.124
ago,sex_t,age_aggregate_y25_54,geo_cov_nat,2024,16.862
ago,sex_t,age_aggregate_y25_54,geo_cov_rur,2011,2.066
ago,sex_t,age_aggregate_y25_54,geo_cov_rur,2014,13.468
ago,sex_t,age_aggregate_y25_54,geo_cov_rur,2019,9.69
ago,sex_t,age_aggregate_y25_54,geo_cov_rur,2020,7.544
ago,sex_t,age_aggregate_y25_54,geo_cov_rur,2021,8.038
ago,sex_t,age_aggregate_y25_54,geo_cov_rur,2022,6.901
ago,sex_t,age_aggregate_y25_54,geo_cov_rur,2023,6.032
ago,sex_t,age_aggregate_y25_54,geo_cov_rur,2024,13.135
ago,sex_t,age_aggregate_y25_54,geo_cov_urb,2011,15.041
ago,sex_t,age_aggregate_y25_54,geo_cov_urb,2014,25.733
ago,sex_t,age_aggregate_y25_54,geo_cov_urb,2019,24.832
ago,sex_t,age_aggregate_y25_54,geo_cov_urb,2020,28.765
ago,sex_t,age_aggregate_y25_54,geo_cov_urb,2021,25.134
ago,sex_t,age_aggregate_y25_54,geo_cov_urb,2022,22.567
ago,sex_t,age_aggregate_y25_54,geo_cov_urb,2023,19.197
ago,sex_t,age_aggregate_y25_54,geo_cov_urb,2024,18.703
ago,sex_t,age_aggregate_y55_64,geo_cov_nat,2011,2.729
ago,sex_t,age_aggregate_y55_64,geo_cov_nat,2014,13.491
ago,sex_t,age_aggregate_y55_64,geo_cov_nat,2019,8.334
ago,sex_t,age_aggregate_y55_64,geo_cov_nat,2020,10.626
ago,sex_t,age_aggregate_y55_64,geo_cov_nat,2021,10.829
ago,sex_t,age_aggregate_y55_64,geo_cov_nat,2022,9.23
ago,sex_t,age_aggregate_y55_64,geo_cov_nat,2023,17.266
ago,sex_t,age_aggregate_y55_64,geo_cov_nat,2024,13.389
ago,sex_t,age_aggregate_y55_64,geo_cov_rur,2014,8.715
ago,sex_t,age_aggregate_y55_64,geo_cov_rur,2019,5.516
ago,sex_t,age_aggregate_y55_64,geo_cov_rur,2020,4.376
ago,sex_t,age_aggregate_y55_64,geo_cov_rur,2021,5.005
ago,sex_t,age_aggregate_y55_64,geo_cov_rur,2022,2.912
ago,sex_t,age_aggregate_y55_64,geo_cov_rur,2023,5.297
ago,sex_t,age_aggregate_y55_64,geo_cov_rur,2024,10.271
ago,sex_t,age_aggregate_y55_64,geo_cov_urb,2011,6.85
ago,sex_t,age_aggregate_y55_64,geo_cov_urb,2014,19.196
ago,sex_t,age_aggregate_y55_64,geo_cov_urb,2019,12.062
ago,sex_t,age_aggregate_y55_64,geo_cov_urb,2020,18.68
ago,sex_t,age_aggregate_y55_64,geo_cov_urb,2021,17.512
ago,sex_t,age_aggregate_y55_64,geo_cov_urb,2022,15.692
ago,sex_t,age_aggregate_y55_64,geo_cov_urb,2023,26.567
ago,sex_t,age_aggregate_y55_64,geo_cov_urb,2024,15.635
ago,sex_t,age_aggregate_yge65,geo_cov_nat,2011,4.044
ago,sex_t,age_aggregate_yge65,geo_cov_nat,2014,8.338
ago,sex_t,age_aggregate_yge65,geo_cov_nat,2019,6.065
ago,sex_t,age_aggregate_yge65,geo_cov_nat,2020,17.48
ago,sex_t,age_aggregate_yge65,geo_cov_nat,2021,12.747
ago,sex_t,age_aggregate_yge65,geo_cov_nat,2022,8.514
ago,sex_t,age_aggregate_yge65,geo_cov_nat,2023,37.972
ago,sex_t,age_aggregate_yge65,geo_cov_nat,2024,21.935
ago,sex_t,age_aggregate_yge65,geo_cov_rur,2011,1.014
ago,sex_t,age_aggregate_yge65,geo_cov_rur,2014,5.219
ago,sex_t,age_aggregate_yge65,geo_cov_rur,2019,3.43
ago,sex_t,age_aggregate_yge65,geo_cov_rur,2020,10.992
ago,sex_t,age_aggregate_yge65,geo_cov_rur,2021,5.99
ago,sex_t,age_aggregate_yge65,geo_cov_rur,2022,3.471
ago,sex_t,age_aggregate_yge65,geo_cov_rur,2023,10.927
ago,sex_t,age_aggregate_yge65,geo_cov_rur,2024,15.633
ago,sex_t,age_aggregate_yge65,geo_cov_urb,2011,11.075
ago,sex_t,age_aggregate_yge65,geo_cov_urb,2014,16.829
ago,sex_t,age_aggregate_yge65,geo_cov_urb,2019,13.518
ago,sex_t,age_aggregate_yge65,geo_cov_urb,2020,33.038
ago,sex_t,age_aggregate_yge65,geo_cov_urb,2021,26.913
ago,sex_t,age_aggregate_yge65,geo_cov_urb,2022,17.424
ago,sex_t,age_aggregate_yge65,geo_cov_urb,2023,65.185
ago,sex_t,age_aggregate_yge65,geo_cov_urb,2024,27.633
ago,sex_t,age_ythadult_y15_24,geo_cov_nat,2011,35.765
ago,sex_t,age_ythadult_y15_24,geo_cov_nat,2014,40.173
ago,sex_t,age_ythadult_y15_24,geo_cov_nat,2019,53.122
ago,sex_t,age_ythadult_y15_24,geo_cov_nat,2020,53.037
ago,sex_t,age_ythadult_y15_24,geo_cov_nat,2021,56.689
ago,sex_t,age_ythadult_y15_24,geo_cov_nat,2022,53.791
ago,sex_t,age_ythadult_y15_24,geo_cov_nat,2023,56.267
ago,sex_t,age_ythadult_y15_24,geo_cov_nat,2024,55.42
ago,sex_t,age_ythadult_y15_24,geo_cov_rur,2011,10.728
ago,sex_t,age_ythadult_y15_24,geo_cov_rur,2014,21.708
ago,sex_t,age_ythadult_y15_24,geo_cov_rur,2019,27.625
ago,sex_t,age_ythadult_y15_24,geo_cov_rur,2020,26.254
ago,sex_t,age_ythadult_y15_24,geo_cov_rur,2021,30.135
ago,sex_t,age_ythadult_y15_24,geo_cov_rur,2022,24.189
ago,sex_t,age_ythadult_y15_24,geo_cov_rur,2023,17.828
ago,sex_t,age_ythadult_y15_24,geo_cov_rur,2024,42.02
ago,sex_t,age_ythadult_y15_24,geo_cov_urb,2011,55.808
ago,sex_t,age_ythadult_y15_24,geo_cov_urb,2014,52.78
ago,sex_t,age_ythadult_y15_24,geo_cov_urb,2019,71.842
ago,sex_t,age_ythadult_y15_24,geo_cov_urb,2020,73.088
ago,sex_t,age_ythadult_y15_24,geo_cov_urb,2021,76.934
ago,sex_t,age_ythadult_y15_24,geo_cov_urb,2022,72.92
ago,sex_t,age_ythadult_y15_24,geo_cov_urb,2023,76.042
ago,sex_t,age_ythadult_y15_24,geo_cov_urb,2024,63.785
ago,sex_t,age_ythadult_y15_24,geo_cov_x,2020,62.808
ago,sex_t,age_ythadult_y15_64,geo_cov_nat,2011,17.855
ago,sex_t,age_ythadult_y15_64,geo_cov_nat,2014,25.375
ago,sex_t,age_ythadult_y15_64,geo_cov_nat,2019,29.658
ago,sex_t,age_ythadult_y15_64,geo_cov_nat,2020,30.878
ago,sex_t,age_ythadult_y15_64,geo_cov_nat,2021,31.431
ago,sex_t,age_ythadult_y15_64,geo_cov_nat,2022,29.502
ago,sex_t,age_ythadult_y15_64,geo_cov_nat,2023,30.191
ago,sex_t,age_ythadult_y15_64,geo_cov_nat,2024,30.293
ago,sex_t,age_ythadult_y15_64,geo_cov_rur,2014,15.109
ago,sex_t,age_ythadult_y15_64,geo_cov_rur,2019,15.448
ago,sex_t,age_ythadult_y15_64,geo_cov_rur,2020,13.811
ago,sex_t,age_ythadult_y15_64,geo_cov_rur,2021,15.927
ago,sex_t,age_ythadult_y15_64,geo_cov_rur,2022,12.969
ago,sex_t,age_ythadult_y15_64,geo_cov_rur,2023,10.37
ago,sex_t,age_ythadult_y15_64,geo_cov_rur,2024,23.958
ago,sex_t,age_ythadult_y15_64,geo_cov_urb,2011,28.842
ago,sex_t,age_ythadult_y15_64,geo_cov_urb,2014,31.753
ago,sex_t,age_ythadult_y15_64,geo_cov_urb,2019,39.657
ago,sex_t,age_ythadult_y15_64,geo_cov_urb,2020,43.108
ago,sex_t,age_ythadult_y15_64,geo_cov_urb,2021,42.285
ago,sex_t,age_ythadult_y15_64,geo_cov_urb,2022,39.132
ago,sex_t,age_ythadult_y15_64,geo_cov_urb,2023,39.932
ago,sex_t,age_ythadult_y15_64,geo_cov_urb,2024,33.794
ago,sex_t,age_ythadult_yge15,geo_cov_nat,2011,17.281
ago,sex_t,age_ythadult_yge15,geo_cov_nat,2014,24.747
ago,sex_t,age_ythadult_yge15,geo_cov_nat,2019,28.916
ago,sex_t,age_ythadult_yge15,geo_cov_nat,2020,30.405
ago,sex_t,age_ythadult_yge15,geo_cov_nat,2021,30.835
ago,sex_t,age_ythadult_yge15,geo_cov_nat,2022,28.849
ago,sex_t,age_ythadult_yge15,geo_cov_nat,2023,30.506
ago,sex_t,age_ythadult_yge15,geo_cov_nat,2024,30.024
ago,sex_t,age_ythadult_yge15,geo_cov_rur,2011,4.562
ago,sex_t,age_ythadult_yge15,geo_cov_rur,2014,14.436
ago,sex_t,age_ythadult_yge15,geo_cov_rur,2019,14.789
ago,sex_t,age_ythadult_yge15,geo_cov_rur,2020,13.647
ago,sex_t,age_ythadult_yge15,geo_cov_rur,2021,15.416
ago,sex_t,age_ythadult_yge15,geo_cov_rur,2022,12.467
ago,sex_t,age_ythadult_yge15,geo_cov_rur,2023,10.404
ago,sex_t,age_ythadult_yge15,geo_cov_rur,2024,23.604
ago,sex_t,age_ythadult_yge15,geo_cov_urb,2011,28.425
ago,sex_t,age_ythadult_yge15,geo_cov_urb,2014,31.508
ago,sex_t,age_ythadult_yge15,geo_cov_urb,2019,39.285
ago,sex_t,age_ythadult_yge15,geo_cov_urb,2020,42.925
ago,sex_t,age_ythadult_yge15,geo_cov_urb,2021,42.011
ago,sex_t,age_ythadult_yge15,geo_cov_urb,2022,38.74
ago,sex_t,age_ythadult_yge15,geo_cov_urb,2023,40.7
ago,sex_t,age_ythadult_yge15,geo_cov_urb,2024,33.632
ago,sex_t,age_ythadult_yge15,geo_cov_x,2020,24.267
ago,sex_t,age_ythadult_yge25,geo_cov_nat,2011,8.411
ago,sex_t,age_ythadult_yge25,geo_cov_nat,2014,19.995
ago,sex_t,age_ythadult_yge25,geo_cov_nat,2019,17.27
ago,sex_t,age_ythadult_yge25,geo_cov_nat,2020,19.237
ago,sex_t,age_ythadult_yge25,geo_cov_nat,2021,17.482
ago,sex_t,age_ythadult_yge25,geo_cov_nat,2022,16.048
ago,sex_t,age_ythadult_yge25,geo_cov_nat,2023,16.767
ago,sex_t,age_ythadult_yge25,geo_cov_nat,2024,16.744
ago,sex_t,age_ythadult_yge25,geo_cov_rur,2011,1.808
ago,sex_t,age_ythadult_yge25,geo_cov_rur,2014,12.123
ago,sex_t,age_ythadult_yge25,geo_cov_rur,2019,8.61
ago,sex_t,age_ythadult_yge25,geo_cov_rur,2020,7.409
ago,sex_t,age_ythadult_yge25,geo_cov_rur,2021,7.469
ago,sex_t,age_ythadult_yge25,geo_cov_rur,2022,6.055
ago,sex_t,age_ythadult_yge25,geo_cov_rur,2023,6.386
ago,sex_t,age_ythadult_yge25,geo_cov_rur,2024,12.937
ago,sex_t,age_ythadult_yge25,geo_cov_urb,2011,14.451
ago,sex_t,age_ythadult_yge25,geo_cov_urb,2014,25.092
ago,sex_t,age_ythadult_yge25,geo_cov_urb,2019,23.624
ago,sex_t,age_ythadult_yge25,geo_cov_urb,2020,28.076
ago,sex_t,age_ythadult_yge25,geo_cov_urb,2021,24.552
ago,sex_t,age_ythadult_yge25,geo_cov_urb,2022,21.873
ago,sex_t,age_ythadult_yge25,geo_cov_urb,2023,21.991
ago,sex_t,age_ythadult_yge25,geo_cov_urb,2024,18.766
alb,sex_f,age_aggregate_total,geo_cov_nat,2002,11.172
alb,sex_f,age_aggregate_total,geo_cov_nat,2008,14.48
alb,sex_f,age_aggregate_total,geo_cov_nat,2012,31.105
alb,sex_f,age_aggregate_total,geo_cov_rur,2002,1.971
alb,sex_f,age_aggregate_total,geo_cov_rur,2008,5.909
alb,sex_f,age_aggregate_total,geo_cov_rur,2012,30.904
alb,sex_f,age_aggregate_total,geo_cov_urb,2002,29.976
alb,sex_f,age_aggregate_total,geo_cov_urb,2008,23.427
alb,sex_f,age_aggregate_total,geo_cov_urb,2012,31.227
alb,sex_f,age_aggregate_y15_24,geo_cov_nat,2002,13.446
alb,sex_f,age_aggregate_y15_24,geo_cov_nat,2008,31.416
alb,sex_f,age_aggregate_y15_24,geo_cov_nat,2012,66.195
alb,sex_f,age_aggregate_y15_24,geo_cov_rur,2002,3.662
alb,sex_f,age_aggregate_y15_24,geo_cov_rur,2008,19.493
alb,sex_f,age_aggregate_y15_24,geo_cov_rur,2012,67.293
alb,sex_f,age_aggregate_y15_24,geo_cov_urb,2002,48.278
alb,sex_f,age_aggregate_y15_24,geo_cov_urb,2008,48.364
alb,sex_f,age_aggregate_y15_24,geo_cov_urb,2012,65.005
alb,sex_f,age_aggregate_y25_54,geo_cov_nat,2002,11.486
alb,sex_f,age_aggregate_y25_54,geo_cov_nat,2008,12.213
alb,sex_f,age_aggregate_y25_54,geo_cov_nat,2012,26.898
alb,sex_f,age_aggregate_y25_54,geo_cov_rur,2002,1.608
alb,sex_f,age_aggregate_y25_54,geo_cov_rur,2008,3.304
alb,sex_f,age_aggregate_y25_54,geo_cov_rur,2012,24.798
alb,sex_f,age_aggregate_y25_54,geo_cov_urb,2002,26.887
alb,sex_f,age_aggregate_y25_54,geo_cov_urb,2008,20.36
alb,sex_f,age_aggregate_y25_54,geo_cov_urb,2012,28.053
alb,sex_f,age_aggregate_y55_64,geo_cov_nat,2008,4.481
alb,sex_f,age_aggregate_y55_64,geo_cov_nat,2012,18.625
alb,sex_f,age_aggregate_y55_64,geo_cov_rur,2012,10.755
alb,sex_f,age_aggregate_y55_64,geo_cov_urb,2008,9.969
alb,sex_f,age_aggregate_y55_64,geo_cov_urb,2012,22.754
alb,sex_f,age_ythadult_y15_24,geo_cov_nat,2002,13.446
alb,sex_f,age_ythadult_y15_24,geo_cov_nat,2008,31.416
alb,sex_f,age_ythadult_y15_24,geo_cov_nat,2012,66.195
alb,sex_f,age_ythadult_y15_24,geo_cov_rur,2002,3.662
alb,sex_f,age_ythadult_y15_24,geo_cov_rur,2008,19.493
alb,sex_f,age_ythadult_y15_24,geo_cov_rur,2012,67.293
alb,sex_f,age_ythadult_y15_24,geo_cov_urb,2002,48.278
alb,sex_f,age_ythadult_y15_24,geo_cov_urb,2008,48.364
alb,sex_f,age_ythadult_y15_24,geo_cov_urb,2012,65.005
alb,sex_f,age_ythadult_y15_64,geo_cov_nat,2002,11.377
alb,sex_f,age_ythadult_y15_64,geo_cov_nat,2008,14.568
alb,sex_f,age_ythadult_y15_64,geo_cov_nat,2012,31.219
alb,sex_f,age_ythadult_y15_64,geo_cov_rur,2008,6.017
alb,sex_f,age_ythadult_y15_64,geo_cov_rur,2012,31.221
alb,sex_f,age_ythadult_y15_64,geo_cov_urb,2002,30.008
alb,sex_f,age_ythadult_y15_64,geo_cov_urb,2008,23.347
alb,sex_f,age_ythadult_y15_64,geo_cov_urb,2012,31.218
alb,sex_f,age_ythadult_yge15,geo_cov_nat,2002,11.172
alb,sex_f,age_ythadult_yge15,geo_cov_nat,2008,14.48
alb,sex_f,age_ythadult_yge15,geo_cov_nat,2012,31.105
alb,sex_f,age_ythadult_yge15,geo_cov_rur,2002,1.971
alb,sex_f,age_ythadult_yge15,geo_cov_rur,2008,5.909
alb,sex_f,age_ythadult_yge15,geo_cov_rur,2012,30.904
alb,sex_f,age_ythadult_yge15,geo_cov_urb,2002,29.976
alb,sex_f,age_ythadult_yge15,geo_cov_urb,2008,23.427
alb,sex_f,age_ythadult_yge15,geo_cov_urb,2012,31.227
alb,sex_f,age_ythadult_yge25,geo_cov_nat,2002,10.519
alb,sex_f,age_ythadult_yge25,geo_cov_nat,2008,11.371
alb,sex_f,age_ythadult_yge25,geo_cov_nat,2012,25.787
alb,sex_f,age_ythadult_yge25,geo_cov_rur,2002,1.379
alb,sex_f,age_ythadult_yge25,geo_cov_rur,2008,2.963
alb,sex_f,age_ythadult_yge25,geo_cov_rur,2012,22.842
alb,sex_f,age_ythadult_yge25,geo_cov_urb,2002,26.775
alb,sex_f,age_ythadult_yge25,geo_cov_urb,2008,19.671
alb,sex_f,age_ythadult_yge25,geo_cov_urb,2012,27.414
alb,sex_m,age_aggregate_total,geo_cov_nat,2002,10.577
alb,sex_m,age_aggregate_total,geo_cov_nat,2008,11.149
alb,sex_m,age_aggregate_total,geo_cov_nat,2012,35.656
alb,sex_m,age_aggregate_total,geo_cov_rur,2002,4.122
alb,sex_m,age_aggregate_total,geo_cov_rur,2008,7.324
alb,sex_m,age_aggregate_total,geo_cov_rur,2012,34.365
alb,sex_m,age_aggregate_total,geo_cov_urb,2002,20.993
alb,sex_m,age_aggregate_total,geo_cov_urb,2008,14.906
alb,sex_m,age_aggregate_total,geo_cov_urb,2012,36.717
alb,sex_m,age_aggregate_y15_24,geo_cov_nat,2002,17.919
alb,sex_m,age_aggregate_y15_24,geo_cov_nat,2008,26.727
alb,sex_m,age_aggregate_y15_24,geo_cov_nat,2012,65.599
alb,sex_m,age_aggregate_y15_24,geo_cov_rur,2002,6.044
alb,sex_m,age_aggregate_y15_24,geo_cov_rur,2008,21.56
alb,sex_m,age_aggregate_y15_24,geo_cov_rur,2012,62.889
alb,sex_m,age_aggregate_y15_24,geo_cov_urb,2002,48.81
alb,sex_m,age_aggregate_y15_24,geo_cov_urb,2008,34.575
alb,sex_m,age_aggregate_y15_24,geo_cov_urb,2012,68.635
alb,sex_m,age_aggregate_y25_54,geo_cov_nat,2002,10.319
alb,sex_m,age_aggregate_y25_54,geo_cov_nat,2008,8.756
alb,sex_m,age_aggregate_y25_54,geo_cov_nat,2012,30.87
alb,sex_m,age_aggregate_y25_54,geo_cov_rur,2002,4.681
alb,sex_m,age_aggregate_y25_54,geo_cov_rur,2008,4.319
alb,sex_m,age_aggregate_y25_54,geo_cov_rur,2012,29.653
alb,sex_m,age_aggregate_y25_54,geo_cov_urb,2002,17.347
alb,sex_m,age_aggregate_y25_54,geo_cov_urb,2008,12.568
alb,sex_m,age_aggregate_y25_54,geo_cov_urb,2012,31.821
alb,sex_m,age_aggregate_y55_64,geo_cov_nat,2002,5.45
alb,sex_m,age_aggregate_y55_64,geo_cov_nat,2008,6.712
alb,sex_m,age_aggregate_y55_64,geo_cov_nat,2012,29.045
alb,sex_m,age_aggregate_y55_64,geo_cov_rur,2008,2.506
alb,sex_m,age_aggregate_y55_64,geo_cov_rur,2012,24.785
alb,sex_m,age_aggregate_y55_64,geo_cov_urb,2002,16.364
alb,sex_m,age_aggregate_y55_64,geo_cov_urb,2008,10.582
alb,sex_m,age_aggregate_y55_64,geo_cov_urb,2012,31.991
alb,sex_m,age_aggregate_yge65,geo_cov_nat,2012,8.525
alb,sex_m,age_aggregate_yge65,geo_cov_urb,2012,23.954
alb,sex_m,age_ythadult_y15_24,geo_cov_nat,2002,17.919
alb,sex_m,age_ythadult_y15_24,geo_cov_nat,2008,26.727
alb,sex_m,age_ythadult_y15_24,geo_cov_nat,2012,65.599
alb,sex_m,age_ythadult_y15_24,geo_cov_rur,2002,6.044
alb,sex_m,age_ythadult_y15_24,geo_cov_rur,2008,21.56
alb,sex_m,age_ythadult_y15_24,geo_cov_rur,2012,62.889
alb,sex_m,age_ythadult_y15_24,geo_cov_urb,2002,48.81
alb,sex_m,age_ythadult_y15_24,geo_cov_urb,2008,34.575
alb,sex_m,age_ythadult_y15_24,geo_cov_urb,2012,68.635
alb,sex_m,age_ythadult_y15_64,geo_cov_nat,2002,11.117
alb,sex_m,age_ythadult_y15_64,geo_cov_nat,2008,11.465
alb,sex_m,age_ythadult_y15_64,geo_cov_nat,2012,36.038
alb,sex_m,age_ythadult_y15_64,geo_cov_rur,2008,7.626
alb,sex_m,age_ythadult_y15_64,geo_cov_rur,2012,35.079
alb,sex_m,age_ythadult_y15_64,geo_cov_urb,2002,21.154
alb,sex_m,age_ythadult_y15_64,geo_cov_urb,2008,15.13
alb,sex_m,age_ythadult_y15_64,geo_cov_urb,2012,36.816
alb,sex_m,age_ythadult_yge15,geo_cov_nat,2002,10.577
alb,sex_m,age_ythadult_yge15,geo_cov_nat,2008,11.149
alb,sex_m,age_ythadult_yge15,geo_cov_nat,2012,35.656
alb,sex_m,age_ythadult_yge15,geo_cov_rur,2002,4.122
alb,sex_m,age_ythadult_yge15,geo_cov_rur,2008,7.324
alb,sex_m,age_ythadult_yge15,geo_cov_rur,2012,34.365
alb,sex_m,age_ythadult_yge15,geo_cov_urb,2002,20.993
alb,sex_m,age_ythadult_yge15,geo_cov_urb,2008,14.906
alb,sex_m,age_ythadult_yge15,geo_cov_urb,2012,36.717
alb,sex_m,age_ythadult_yge25,geo_cov_nat,2002,9.083
alb,sex_m,age_ythadult_yge25,geo_cov_nat,2008,8.106
alb,sex_m,age_ythadult_yge25,geo_cov_nat,2012,30.134
alb,sex_m,age_ythadult_yge25,geo_cov_rur,2002,3.648
alb,sex_m,age_ythadult_yge25,geo_cov_rur,2008,3.789
alb,sex_m,age_ythadult_yge25,geo_cov_rur,2012,28.003
alb,sex_m,age_ythadult_yge25,geo_cov_urb,2002,17.101
alb,sex_m,age_ythadult_yge25,geo_cov_urb,2008,12.003
alb,sex_m,age_ythadult_yge25,geo_cov_urb,2012,31.787
alb,sex_t,age_aggregate_total,geo_cov_nat,2002,10.839
alb,sex_t,age_aggregate_total,geo_cov_nat,2008,12.623
alb,sex_t,age_aggregate_total,geo_cov_nat,2012,34.187
alb,sex_t,age_aggregate_total,geo_cov_rur,2002,3.13
alb,sex_t,age_aggregate_total,geo_cov_rur,2008,6.687
alb,sex_t,age_aggregate_total,geo_cov_rur,2012,33.378
alb,sex_t,age_aggregate_total,geo_cov_urb,2002,24.617
alb,sex_t,age_aggregate_total,geo_cov_urb,2008,18.612
alb,sex_t,age_aggregate_total,geo_cov_urb,2012,34.79
alb,sex_t,age_aggregate_y15_24,geo_cov_nat,2002,15.64
alb,sex_t,age_aggregate_y15_24,geo_cov_nat,2008,28.741
alb,sex_t,age_aggregate_y15_24,geo_cov_nat,2012,65.771
alb,sex_t,age_aggregate_y15_24,geo_cov_rur,2002,4.784
alb,sex_t,age_aggregate_y15_24,geo_cov_rur,2008,20.686
alb,sex_t,age_aggregate_y15_24,geo_cov_rur,2012,64.141
alb,sex_t,age_aggregate_y15_24,geo_cov_urb,2002,48.57
alb,sex_t,age_aggregate_y15_24,geo_cov_urb,2008,40.632
alb,sex_t,age_aggregate_y15_24,geo_cov_urb,2012,67.579
alb,sex_t,age_aggregate_y25_54,geo_cov_nat,2002,10.844
alb,sex_t,age_aggregate_y25_54,geo_cov_nat,2008,10.393
alb,sex_t,age_aggregate_y25_54,geo_cov_nat,2012,29.465
alb,sex_t,age_aggregate_y25_54,geo_cov_rur,2002,3.227
alb,sex_t,age_aggregate_y25_54,geo_cov_rur,2008,3.83
alb,sex_t,age_aggregate_y25_54,geo_cov_rur,2012,28.163
alb,sex_t,age_aggregate_y25_54,geo_cov_urb,2002,21.335
alb,sex_t,age_aggregate_y25_54,geo_cov_urb,2008,16.2
alb,sex_t,age_aggregate_y25_54,geo_cov_urb,2012,30.365
alb,sex_t,age_aggregate_y55_64,geo_cov_nat,2002,4.405
alb,sex_t,age_aggregate_y55_64,geo_cov_nat,2008,6.019
alb,sex_t,age_aggregate_y55_64,geo_cov_nat,2012,26.672
alb,sex_t,age_aggregate_y55_64,geo_cov_rur,2008,1.966
alb,sex_t,age_aggregate_y55_64,geo_cov_rur,2012,21.996
alb,sex_t,age_aggregate_y55_64,geo_cov_urb,2002,16.937
alb,sex_t,age_aggregate_y55_64,geo_cov_urb,2008,10.428
alb,sex_t,age_aggregate_y55_64,geo_cov_urb,2012,29.714
alb,sex_t,age_aggregate_yge65,geo_cov_nat,2012,8.422
alb,sex_t,age_aggregate_yge65,geo_cov_urb,2012,25.318
alb,sex_t,age_ythadult_y15_24,geo_cov_nat,2002,15.64
alb,sex_t,age_ythadult_y15_24,geo_cov_nat,2008,28.741
alb,sex_t,age_ythadult_y15_24,geo_cov_nat,2012,65.771
alb,sex_t,age_ythadult_y15_24,geo_cov_rur,2002,4.784
alb,sex_t,age_ythadult_y15_24,geo_cov_rur,2008,20.686
alb,sex_t,age_ythadult_y15_24,geo_cov_rur,2012,64.141
alb,sex_t,age_ythadult_y15_24,geo_cov_urb,2002,48.57
alb,sex_t,age_ythadult_y15_24,geo_cov_urb,2008,40.632
alb,sex_t,age_ythadult_y15_24,geo_cov_urb,2012,67.579
alb,sex_t,age_ythadult_y15_64,geo_cov_nat,2002,11.234
alb,sex_t,age_ythadult_y15_64,geo_cov_nat,2008,12.85
alb,sex_t,age_ythadult_y15_64,geo_cov_nat,2012,34.472
alb,sex_t,age_ythadult_y15_64,geo_cov_rur,2008,6.894
alb,sex_t,age_ythadult_y15_64,geo_cov_rur,2012,33.969
alb,sex_t,age_ythadult_y15_64,geo_cov_urb,2002,24.735
alb,sex_t,age_ythadult_y15_64,geo_cov_urb,2008,18.722
alb,sex_t,age_ythadult_y15_64,geo_cov_urb,2012,34.843
alb,sex_t,age_ythadult_yge15,geo_cov_nat,2002,10.839
alb,sex_t,age_ythadult_yge15,geo_cov_nat,2008,12.623
alb,sex_t,age_ythadult_yge15,geo_cov_nat,2012,34.187
alb,sex_t,age_ythadult_yge15,geo_cov_rur,2002,3.13
alb,sex_t,age_ythadult_yge15,geo_cov_rur,2008,6.687
alb,sex_t,age_ythadult_yge15,geo_cov_rur,2012,33.378
alb,sex_t,age_ythadult_yge15,geo_cov_urb,2002,24.617
alb,sex_t,age_ythadult_yge15,geo_cov_urb,2008,18.612
alb,sex_t,age_ythadult_yge15,geo_cov_urb,2012,34.79
alb,sex_t,age_ythadult_yge25,geo_cov_nat,2002,9.692
alb,sex_t,age_ythadult_yge25,geo_cov_nat,2008,9.558
alb,sex_t,age_ythadult_yge25,geo_cov_nat,2012,28.704
alb,sex_t,age_ythadult_yge25,geo_cov_rur,2002,2.646
alb,sex_t,age_ythadult_yge25,geo_cov_rur,2008,3.412
alb,sex_t,age_ythadult_yge25,geo_cov_rur,2012,26.53
alb,sex_t,age_ythadult_yge25,geo_cov_urb,2002,20.934
alb,sex_t,age_ythadult_yge25,geo_cov_urb,2008,15.333
alb,sex_t,age_ythadult_yge25,geo_cov_urb,2012,30.216
arm,sex_f,age_aggregate_total,geo_cov_nat,2007,21.44
arm,sex_f,age_aggregate_total,geo_cov_nat,2008,26.103
arm,sex_f,age_aggregate_total,geo_cov_nat,2009,20.785
arm,sex_f,age_aggregate_total,geo_cov_nat,2010,35.504
arm,sex_f,age_aggregate_total,geo_cov_nat,2011,32.714
arm,sex_f,age_aggregate_total,geo_cov_nat,2012,28.122
arm,sex_f,age_aggregate_total,geo_cov_nat,2013,29.367
arm,sex_f,age_aggregate_total,geo_cov_nat,2014,31.487
arm,sex_f,age_aggregate_total,geo_cov_nat,2015,32.22
arm,sex_f,age_aggregate_total,geo_cov_nat,2016,31.899
arm,sex_f,age_aggregate_total,geo_cov_nat,2017,31.947
arm,sex_f,age_aggregate_total,geo_cov_nat,2018,27.513
arm,sex_f,age_aggregate_total,geo_cov_rur,2007,5.84
arm,sex_f,age_aggregate_total,geo_cov_rur,2008,17.01
arm,sex_f,age_aggregate_total,geo_cov_rur,2009,6.794
arm,sex_f,age_aggregate_total,geo_cov_rur,2010,16.229
arm,sex_f,age_aggregate_total,geo_cov_rur,2011,15.885
arm,sex_f,age_aggregate_total,geo_cov_rur,2012,11.763
arm,sex_f,age_aggregate_total,geo_cov_rur,2013,14.674
arm,sex_f,age_aggregate_total,geo_cov_rur,2014,18.184
arm,sex_f,age_aggregate_total,geo_cov_rur,2015,16.916
arm,sex_f,age_aggregate_total,geo_cov_rur,2016,19.74
arm,sex_f,age_aggregate_total,geo_cov_rur,2017,21.395
arm,sex_f,age_aggregate_total,geo_cov_urb,2007,31.59
arm,sex_f,age_aggregate_total,geo_cov_urb,2008,32.374
arm,sex_f,age_aggregate_total,geo_cov_urb,2009,31.047
arm,sex_f,age_aggregate_total,geo_cov_urb,2010,48.463
arm,sex_f,age_aggregate_total,geo_cov_urb,2011,43.331
arm,sex_f,age_aggregate_total,geo_cov_urb,2012,38.847
arm,sex_f,age_aggregate_total,geo_cov_urb,2013,39.621
arm,sex_f,age_aggregate_total,geo_cov_urb,2014,39.807
arm,sex_f,age_aggregate_total,geo_cov_urb,2015,42.947
arm,sex_f,age_aggregate_total,geo_cov_urb,2016,40.697
arm,sex_f,age_aggregate_total,geo_cov_urb,2017,39.395
arm,sex_f,age_aggregate_total,geo_cov_urb,2018,25.975
arm,sex_f,age_aggregate_total,geo_cov_x,2018,30.599
arm,sex_f,age_aggregate_y15_24,geo_cov_nat,2007,14.361
arm,sex_f,age_aggregate_y15_24,geo_cov_nat,2008,54.965
arm,sex_f,age_aggregate_y15_24,geo_cov_nat,2009,48.139
arm,sex_f,age_aggregate_y15_24,geo_cov_nat,2010,63.856
arm,sex_f,age_aggregate_y15_24,geo_cov_nat,2011,62.487
arm,sex_f,age_aggregate_y15_24,geo_cov_nat,2012,53.308
arm,sex_f,age_aggregate_y15_24,geo_cov_nat,2013,54.771
arm,sex_f,age_aggregate_y15_24,geo_cov_nat,2014,60.621
arm,sex_f,age_aggregate_y15_24,geo_cov_nat,2015,52.845
arm,sex_f,age_aggregate_y15_24,geo_cov_nat,2016,61.38
arm,sex_f,age_aggregate_y15_24,geo_cov_nat,2017,59.302
arm,sex_f,age_aggregate_y15_24,geo_cov_nat,2018,54.325
arm,sex_f,age_aggregate_y15_24,geo_cov_rur,2007,7.122
arm,sex_f,age_aggregate_y15_24,geo_cov_rur,2008,41.337
arm,sex_f,age_aggregate_y15_24,geo_cov_rur,2009,38.938
arm,sex_f,age_aggregate_y15_24,geo_cov_rur,2010,58.88
arm,sex_f,age_aggregate_y15_24,geo_cov_rur,2011,60.169
arm,sex_f,age_aggregate_y15_24,geo_cov_rur,2012,42.683
arm,sex_f,age_aggregate_y15_24,geo_cov_rur,2013,53.143
arm,sex_f,age_aggregate_y15_24,geo_cov_rur,2014,59.863
arm,sex_f,age_aggregate_y15_24,geo_cov_rur,2015,45.42
arm,sex_f,age_aggregate_y15_24,geo_cov_rur,2016,56.12
arm,sex_f,age_aggregate_y15_24,geo_cov_rur,2017,62.564
arm,sex_f,age_aggregate_y15_24,geo_cov_urb,2007,18.71
arm,sex_f,age_aggregate_y15_24,geo_cov_urb,2008,67.352
arm,sex_f,age_aggregate_y15_24,geo_cov_urb,2009,52.751
arm,sex_f,age_aggregate_y15_24,geo_cov_urb,2010,67.633
arm,sex_f,age_aggregate_y15_24,geo_cov_urb,2011,64.219
arm,sex_f,age_aggregate_y15_24,geo_cov_urb,2012,61.046
arm,sex_f,age_aggregate_y15_24,geo_cov_urb,2013,56.027
arm,sex_f,age_aggregate_y15_24,geo_cov_urb,2014,61.058
arm,sex_f,age_aggregate_y15_24,geo_cov_urb,2015,58.131
arm,sex_f,age_aggregate_y15_24,geo_cov_urb,2016,65.861
arm,sex_f,age_aggregate_y15_24,geo_cov_urb,2017,57.031
arm,sex_f,age_aggregate_y15_24,geo_cov_urb,2018,53.903
arm,sex_f,age_aggregate_y15_24,geo_cov_x,2018,54.949
arm,sex_f,age_aggregate_y25_54,geo_cov_nat,2007,22.864
arm,sex_f,age_aggregate_y25_54,geo_cov_nat,2008,22.838
arm,sex_f,age_aggregate_y25_54,geo_cov_nat,2009,19.183
arm,sex_f,age_aggregate_y25_54,geo_cov_nat,2010,32.126
arm,sex_f,age_aggregate_y25_54,geo_cov_nat,2011,28.428
arm,sex_f,age_aggregate_y25_54,geo_cov_nat,2012,25.855
arm,sex_f,age_aggregate_y25_54,geo_cov_nat,2013,27.451
arm,sex_f,age_aggregate_y25_54,geo_cov_nat,2014,27.992
arm,sex_f,age_aggregate_y25_54,geo_cov_nat,2015,31.598
arm,sex_f,age_aggregate_y25_54,geo_cov_nat,2016,29.921
arm,sex_f,age_aggregate_y25_54,geo_cov_nat,2017,31.103
arm,sex_f,age_aggregate_y25_54,geo_cov_nat,2018,22.972
arm,sex_f,age_aggregate_y25_54,geo_cov_rur,2007,6.652
arm,sex_f,age_aggregate_y25_54,geo_cov_rur,2008,14.741
arm,sex_f,age_aggregate_y25_54,geo_cov_rur,2009,4.399
arm,sex_f,age_aggregate_y25_54,geo_cov_rur,2010,9.443
arm,sex_f,age_aggregate_y25_54,geo_cov_rur,2011,9.344
arm,sex_f,age_aggregate_y25_54,geo_cov_rur,2012,9.166
arm,sex_f,age_aggregate_y25_54,geo_cov_rur,2013,11.07
arm,sex_f,age_aggregate_y25_54,geo_cov_rur,2014,14.344
arm,sex_f,age_aggregate_y25_54,geo_cov_rur,2015,15.271
arm,sex_f,age_aggregate_y25_54,geo_cov_rur,2016,17.672
arm,sex_f,age_aggregate_y25_54,geo_cov_rur,2017,21.384
arm,sex_f,age_aggregate_y25_54,geo_cov_urb,2007,32.735
arm,sex_f,age_aggregate_y25_54,geo_cov_urb,2008,28.051
arm,sex_f,age_aggregate_y25_54,geo_cov_urb,2009,29.727
arm,sex_f,age_aggregate_y25_54,geo_cov_urb,2010,46.26
arm,sex_f,age_aggregate_y25_54,geo_cov_urb,2011,39.741
arm,sex_f,age_aggregate_y25_54,geo_cov_urb,2012,36.146
arm,sex_f,age_aggregate_y25_54,geo_cov_urb,2013,38.484
arm,sex_f,age_aggregate_y25_54,geo_cov_urb,2014,36.375
arm,sex_f,age_aggregate_y25_54,geo_cov_urb,2015,42.541
arm,sex_f,age_aggregate_y25_54,geo_cov_urb,2016,38.369
arm,sex_f,age_aggregate_y25_54,geo_cov_urb,2017,37.66
arm,sex_f,age_aggregate_y25_54,geo_cov_urb,2018,23.974
arm,sex_f,age_aggregate_y25_54,geo_cov_x,2018,21.042
arm,sex_f,age_aggregate_y55_64,geo_cov_nat,2007,24.692
arm,sex_f,age_aggregate_y55_64,geo_cov_nat,2008,16.363
arm,sex_f,age_aggregate_y55_64,geo_cov_nat,2009,10.937
arm,sex_f,age_aggregate_y55_64,geo_cov_nat,2010,27.185
arm,sex_f,age_aggregate_y55_64,geo_cov_nat,2011,28.558
arm,sex_f,age_aggregate_y55_64,geo_cov_nat,2012,23.889
arm,sex_f,age_aggregate_y55_64,geo_cov_nat,2013,23.165
arm,sex_f,age_aggregate_y55_64,geo_cov_nat,2014,24.052
arm,sex_f,age_aggregate_y55_64,geo_cov_nat,2015,22.206
arm,sex_f,age_aggregate_y55_64,geo_cov_nat,2016,25.331
arm,sex_f,age_aggregate_y55_64,geo_cov_nat,2017,23.592
arm,sex_f,age_aggregate_y55_64,geo_cov_nat,2018,26.517
arm,sex_f,age_aggregate_y55_64,geo_cov_rur,2007,7.014
arm,sex_f,age_aggregate_y55_64,geo_cov_rur,2010,4.524
arm,sex_f,age_aggregate_y55_64,geo_cov_rur,2011,2.568
arm,sex_f,age_aggregate_y55_64,geo_cov_rur,2012,3.235
arm,sex_f,age_aggregate_y55_64,geo_cov_rur,2013,5.937
arm,sex_f,age_aggregate_y55_64,geo_cov_rur,2014,6.582
arm,sex_f,age_aggregate_y55_64,geo_cov_rur,2015,6.665
arm,sex_f,age_aggregate_y55_64,geo_cov_rur,2016,10.198
arm,sex_f,age_aggregate_y55_64,geo_cov_rur,2017,6.433
arm,sex_f,age_aggregate_y55_64,geo_cov_urb,2007,32.66
arm,sex_f,age_aggregate_y55_64,geo_cov_urb,2008,24.942
arm,sex_f,age_aggregate_y55_64,geo_cov_urb,2009,18.253
arm,sex_f,age_aggregate_y55_64,geo_cov_urb,2010,39.977
arm,sex_f,age_aggregate_y55_64,geo_cov_urb,2011,41.739
arm,sex_f,age_aggregate_y55_64,geo_cov_urb,2012,35.237
arm,sex_f,age_aggregate_y55_64,geo_cov_urb,2013,33.937
arm,sex_f,age_aggregate_y55_64,geo_cov_urb,2014,34.711
arm,sex_f,age_aggregate_y55_64,geo_cov_urb,2015,33.514
arm,sex_f,age_aggregate_y55_64,geo_cov_urb,2016,36.172
arm,sex_f,age_aggregate_y55_64,geo_cov_urb,2017,36.447
arm,sex_f,age_aggregate_y55_64,geo_cov_urb,2018,23.587
arm,sex_f,age_aggregate_y55_64,geo_cov_x,2018,34.011
arm,sex_f,age_aggregate_yge65,geo_cov_nat,2007,8.442
arm,sex_f,age_aggregate_yge65,geo_cov_nat,2009,3.52
arm,sex_f,age_aggregate_yge65,geo_cov_nat,2010,17.246
arm,sex_f,age_aggregate_yge65,geo_cov_nat,2011,17.878
arm,sex_f,age_aggregate_yge65,geo_cov_nat,2012,13.91
arm,sex_f,age_aggregate_yge65,geo_cov_nat,2013,19.194
arm,sex_f,age_aggregate_yge65,geo_cov_nat,2014,23.004
arm,sex_f,age_aggregate_yge65,geo_cov_nat,2015,22.991
arm,sex_f,age_aggregate_yge65,geo_cov_nat,2016,23.401
arm,sex_f,age_aggregate_yge65,geo_cov_nat,2017,22.113
arm,sex_f,age_aggregate_yge65,geo_cov_nat,2018,31.113
arm,sex_f,age_aggregate_yge65,geo_cov_rur,2010,1.298
arm,sex_f,age_aggregate_yge65,geo_cov_rur,2011,2.608
arm,sex_f,age_aggregate_yge65,geo_cov_rur,2015,3.901
arm,sex_f,age_aggregate_yge65,geo_cov_rur,2016,5.2
arm,sex_f,age_aggregate_yge65,geo_cov_rur,2017,6.45
arm,sex_f,age_aggregate_yge65,geo_cov_urb,2007,28.84
arm,sex_f,age_aggregate_yge65,geo_cov_urb,2009,13.013
arm,sex_f,age_aggregate_yge65,geo_cov_urb,2010,50.457
arm,sex_f,age_aggregate_yge65,geo_cov_urb,2011,39.695
arm,sex_f,age_aggregate_yge65,geo_cov_urb,2012,37.17
arm,sex_f,age_aggregate_yge65,geo_cov_urb,2013,41.285
arm,sex_f,age_aggregate_yge65,geo_cov_urb,2014,44.088
arm,sex_f,age_aggregate_yge65,geo_cov_urb,2015,42.559
arm,sex_f,age_aggregate_yge65,geo_cov_urb,2016,40.59
arm,sex_f,age_aggregate_yge65,geo_cov_urb,2017,36.893
arm,sex_f,age_aggregate_yge65,geo_cov_urb,2018,17.176
arm,sex_f,age_aggregate_yge65,geo_cov_x,2018,61.857
arm,sex_f,age_ythadult_y15_24,geo_cov_nat,2007,14.361
arm,sex_f,age_ythadult_y15_24,geo_cov_nat,2008,54.965
arm,sex_f,age_ythadult_y15_24,geo_cov_nat,2009,48.139
arm,sex_f,age_ythadult_y15_24,geo_cov_nat,2010,63.856
arm,sex_f,age_ythadult_y15_24,geo_cov_nat,2011,62.487
arm,sex_f,age_ythadult_y15_24,geo_cov_nat,2012,53.308
arm,sex_f,age_ythadult_y15_24,geo_cov_nat,2013,54.771
arm,sex_f,age_ythadult_y15_24,geo_cov_nat,2014,60.621
arm,sex_f,age_ythadult_y15_24,geo_cov_nat,2015,52.845
arm,sex_f,age_ythadult_y15_24,geo_cov_nat,2016,61.38
arm,sex_f,age_ythadult_y15_24,geo_cov_nat,2017,59.302
arm,sex_f,age_ythadult_y15_24,geo_cov_nat,2018,54.325
arm,sex_f,age_ythadult_y15_24,geo_cov_rur,2007,7.122
arm,sex_f,age_ythadult_y15_24,geo_cov_rur,2008,41.337
arm,sex_f,age_ythadult_y15_24,geo_cov_rur,2009,38.938
arm,sex_f,age_ythadult_y15_24,geo_cov_rur,2010,58.88
arm,sex_f,age_ythadult_y15_24,geo_cov_rur,2011,60.169
arm,sex_f,age_ythadult_y15_24,geo_cov_rur,2012,42.683
arm,sex_f,age_ythadult_y15_24,geo_cov_rur,2013,53.143
arm,sex_f,age_ythadult_y15_24,geo_cov_rur,2014,59.863
arm,sex_f,age_ythadult_y15_24,geo_cov_rur,2015,45.42
arm,sex_f,age_ythadult_y15_24,geo_cov_rur,2016,56.12
arm,sex_f,age_ythadult_y15_24,geo_cov_rur,2017,62.564
arm,sex_f,age_ythadult_y15_24,geo_cov_urb,2007,18.71
arm,sex_f,age_ythadult_y15_24,geo_cov_urb,2008,67.352
arm,sex_f,age_ythadult_y15_24,geo_cov_urb,2009,52.751
arm,sex_f,age_ythadult_y15_24,geo_cov_urb,2010,67.633
arm,sex_f,age_ythadult_y15_24,geo_cov_urb,2011,64.219
arm,sex_f,age_ythadult_y15_24,geo_cov_urb,2012,61.046
arm,sex_f,age_ythadult_y15_24,geo_cov_urb,2013,56.027
arm,sex_f,age_ythadult_y15_24,geo_cov_urb,2014,61.058
arm,sex_f,age_ythadult_y15_24,geo_cov_urb,2015,58.131
arm,sex_f,age_ythadult_y15_24,geo_cov_urb,2016,65.861
arm,sex_f,age_ythadult_y15_24,geo_cov_urb,2017,57.031
arm,sex_f,age_ythadult_y15_24,geo_cov_urb,2018,53.903
arm,sex_f,age_ythadult_y15_24,geo_cov_x,2018,54.949
arm,sex_f,age_ythadult_y15_64,geo_cov_nat,2007,22.481
arm,sex_f,age_ythadult_y15_64,geo_cov_nat,2008,27.042
arm,sex_f,age_ythadult_y15_64,geo_cov_nat,2009,21.877
arm,sex_f,age_ythadult_y15_64,geo_cov_nat,2010,36.448
arm,sex_f,age_ythadult_y15_64,geo_cov_nat,2011,33.603
arm,sex_f,age_ythadult_y15_64,geo_cov_nat,2012,28.949
arm,sex_f,age_ythadult_y15_64,geo_cov_nat,2013,29.919
arm,sex_f,age_ythadult_y15_64,geo_cov_nat,2014,31.905
arm,sex_f,age_ythadult_y15_64,geo_cov_nat,2015,32.716
arm,sex_f,age_ythadult_y15_64,geo_cov_nat,2016,32.391
arm,sex_f,age_ythadult_y15_64,geo_cov_nat,2017,32.565
arm,sex_f,age_ythadult_y15_64,geo_cov_nat,2018,27.189
arm,sex_f,age_ythadult_y15_64,geo_cov_rur,2007,6.729
arm,sex_f,age_ythadult_y15_64,geo_cov_rur,2010,17.573
arm,sex_f,age_ythadult_y15_64,geo_cov_rur,2011,17.134
arm,sex_f,age_ythadult_y15_64,geo_cov_rur,2012,12.815
arm,sex_f,age_ythadult_y15_64,geo_cov_rur,2013,15.639
arm,sex_f,age_ythadult_y15_64,geo_cov_rur,2014,19.178
arm,sex_f,age_ythadult_y15_64,geo_cov_rur,2015,17.786
arm,sex_f,age_ythadult_y15_64,geo_cov_rur,2016,20.723
arm,sex_f,age_ythadult_y15_64,geo_cov_rur,2017,22.508
arm,sex_f,age_ythadult_y15_64,geo_cov_urb,2007,31.691
arm,sex_f,age_ythadult_y15_64,geo_cov_urb,2009,31.56
arm,sex_f,age_ythadult_y15_64,geo_cov_urb,2010,48.408
arm,sex_f,age_ythadult_y15_64,geo_cov_urb,2011,43.475
arm,sex_f,age_ythadult_y15_64,geo_cov_urb,2012,38.903
arm,sex_f,age_ythadult_y15_64,geo_cov_urb,2013,39.554
arm,sex_f,age_ythadult_y15_64,geo_cov_urb,2014,39.644
arm,sex_f,age_ythadult_y15_64,geo_cov_urb,2015,42.965
arm,sex_f,age_ythadult_y15_64,geo_cov_urb,2016,40.702
arm,sex_f,age_ythadult_y15_64,geo_cov_urb,2017,39.532
arm,sex_f,age_ythadult_y15_64,geo_cov_urb,2018,26.795
arm,sex_f,age_ythadult_y15_64,geo_cov_x,2018,27.973
arm,sex_f,age_ythadult_yge15,geo_cov_nat,2007,21.44
arm,sex_f,age_ythadult_yge15,geo_cov_nat,2008,26.103
arm,sex_f,age_ythadult_yge15,geo_cov_nat,2009,20.785
arm,sex_f,age_ythadult_yge15,geo_cov_nat,2010,35.504
arm,sex_f,age_ythadult_yge15,geo_cov_nat,2011,32.714
arm,sex_f,age_ythadult_yge15,geo_cov_nat,2012,28.122
arm,sex_f,age_ythadult_yge15,geo_cov_nat,2013,29.367
arm,sex_f,age_ythadult_yge15,geo_cov_nat,2014,31.487
arm,sex_f,age_ythadult_yge15,geo_cov_nat,2015,32.22
arm,sex_f,age_ythadult_yge15,geo_cov_nat,2016,31.899
arm,sex_f,age_ythadult_yge15,geo_cov_nat,2017,31.947
arm,sex_f,age_ythadult_yge15,geo_cov_nat,2018,27.513
arm,sex_f,age_ythadult_yge15,geo_cov_rur,2007,5.84
arm,sex_f,age_ythadult_yge15,geo_cov_rur,2008,17.01
arm,sex_f,age_ythadult_yge15,geo_cov_rur,2009,6.794
arm,sex_f,age_ythadult_yge15,geo_cov_rur,2010,16.229
arm,sex_f,age_ythadult_yge15,geo_cov_rur,2011,15.885
arm,sex_f,age_ythadult_yge15,geo_cov_rur,2012,11.763
arm,sex_f,age_ythadult_yge15,geo_cov_rur,2013,14.674
arm,sex_f,age_ythadult_yge15,geo_cov_rur,2014,18.184
arm,sex_f,age_ythadult_yge15,geo_cov_rur,2015,16.916
arm,sex_f,age_ythadult_yge15,geo_cov_rur,2016,19.74
arm,sex_f,age_ythadult_yge15,geo_cov_rur,2017,21.395
arm,sex_f,age_ythadult_yge15,geo_cov_urb,2007,31.59
arm,sex_f,age_ythadult_yge15,geo_cov_urb,2008,32.374
arm,sex_f,age_ythadult_yge15,geo_cov_urb,2009,31.047
arm,sex_f,age_ythadult_yge15,geo_cov_urb,2010,48.463
arm,sex_f,age_ythadult_yge15,geo_cov_urb,2011,43.331
arm,sex_f,age_ythadult_yge15,geo_cov_urb,2012,38.847
arm,sex_f,age_ythadult_yge15,geo_cov_urb,2013,39.621
arm,sex_f,age_ythadult_yge15,geo_cov_urb,2014,39.807
arm,sex_f,age_ythadult_yge15,geo_cov_urb,2015,42.947
arm,sex_f,age_ythadult_yge15,geo_cov_urb,2016,40.697
arm,sex_f,age_ythadult_yge15,geo_cov_urb,2017,39.395
arm,sex_f,age_ythadult_yge15,geo_cov_urb,2018,25.975
arm,sex_f,age_ythadult_yge15,geo_cov_x,2018,30.599
arm,sex_f,age_ythadult_yge25,geo_cov_nat,2007,21.963
arm,sex_f,age_ythadult_yge25,geo_cov_nat,2008,21.017
arm,sex_f,age_ythadult_yge25,geo_cov_nat,2009,16.935
arm,sex_f,age_ythadult_yge25,geo_cov_nat,2010,30.375
arm,sex_f,age_ythadult_yge25,geo_cov_nat,2011,27.756
arm,sex_f,age_ythadult_yge25,geo_cov_nat,2012,24.725
arm,sex_f,age_ythadult_yge25,geo_cov_nat,2013,26.026
arm,sex_f,age_ythadult_yge25,geo_cov_nat,2014,26.93
arm,sex_f,age_ythadult_yge25,geo_cov_nat,2015,29.148
arm,sex_f,age_ythadult_yge25,geo_cov_nat,2016,28.446
arm,sex_f,age_ythadult_yge25,geo_cov_nat,2017,28.785
arm,sex_f,age_ythadult_yge25,geo_cov_nat,2018,24.547
arm,sex_f,age_ythadult_yge25,geo_cov_rur,2007,5.75
arm,sex_f,age_ythadult_yge25,geo_cov_rur,2008,11.859
arm,sex_f,age_ythadult_yge25,geo_cov_rur,2009,3.327
arm,sex_f,age_ythadult_yge25,geo_cov_rur,2010,7.835
arm,sex_f,age_ythadult_yge25,geo_cov_rur,2011,7.591
arm,sex_f,age_ythadult_yge25,geo_cov_rur,2012,7.286
arm,sex_f,age_ythadult_yge25,geo_cov_rur,2013,9.268
arm,sex_f,age_ythadult_yge25,geo_cov_rur,2014,12.03
arm,sex_f,age_ythadult_yge25,geo_cov_rur,2015,12.628
arm,sex_f,age_ythadult_yge25,geo_cov_rur,2016,15.016
arm,sex_f,age_ythadult_yge25,geo_cov_rur,2017,16.679
arm,sex_f,age_ythadult_yge25,geo_cov_urb,2007,32.574
arm,sex_f,age_ythadult_yge25,geo_cov_urb,2008,27.026
arm,sex_f,age_ythadult_yge25,geo_cov_urb,2009,27.441
arm,sex_f,age_ythadult_yge25,geo_cov_urb,2010,45.196
arm,sex_f,age_ythadult_yge25,geo_cov_urb,2011,40.119
arm,sex_f,age_ythadult_yge25,geo_cov_urb,2012,35.994
arm,sex_f,age_ythadult_yge25,geo_cov_urb,2013,37.565
arm,sex_f,age_ythadult_yge25,geo_cov_urb,2014,36.365
arm,sex_f,age_ythadult_yge25,geo_cov_urb,2015,40.703
arm,sex_f,age_ythadult_yge25,geo_cov_urb,2016,37.975
arm,sex_f,age_ythadult_yge25,geo_cov_urb,2017,37.344
arm,sex_f,age_ythadult_yge25,geo_cov_urb,2018,23.242
arm,sex_f,age_ythadult_yge25,geo_cov_x,2018,27.259
arm,sex_m,age_aggregate_total,geo_cov_nat,2007,15.3
arm,sex_m,age_aggregate_total,geo_cov_nat,2008,21.167
arm,sex_m,age_aggregate_total,geo_cov_nat,2009,18.663
arm,sex_m,age_aggregate_total,geo_cov_nat,2010,23.723
arm,sex_m,age_aggregate_total,geo_cov_nat,2011,23.093
arm,sex_m,age_aggregate_total,geo_cov_nat,2012,21.361
arm,sex_m,age_aggregate_total,geo_cov_nat,2013,20.204
arm,sex_m,age_aggregate_total,geo_cov_nat,2014,21.552
arm,sex_m,age_aggregate_total,geo_cov_nat,2015,23.988
arm,sex_m,age_aggregate_total,geo_cov_nat,2016,25.241
arm,sex_m,age_aggregate_total,geo_cov_nat,2017,24.926
arm,sex_m,age_aggregate_total,geo_cov_nat,2018,14.701
arm,sex_m,age_aggregate_total,geo_cov_rur,2007,7.245
arm,sex_m,age_aggregate_total,geo_cov_rur,2008,12.255
arm,sex_m,age_aggregate_total,geo_cov_rur,2009,6.856
arm,sex_m,age_aggregate_total,geo_cov_rur,2010,12.253
arm,sex_m,age_aggregate_total,geo_cov_rur,2011,11.584
arm,sex_m,age_aggregate_total,geo_cov_rur,2012,10.171
arm,sex_m,age_aggregate_total,geo_cov_rur,2013,11.532
arm,sex_m,age_aggregate_total,geo_cov_rur,2014,9.1
arm,sex_m,age_aggregate_total,geo_cov_rur,2015,13.512
arm,sex_m,age_aggregate_total,geo_cov_rur,2016,13.912
arm,sex_m,age_aggregate_total,geo_cov_rur,2017,14.697
arm,sex_m,age_aggregate_total,geo_cov_urb,2007,20.013
arm,sex_m,age_aggregate_total,geo_cov_urb,2008,26.203
arm,sex_m,age_aggregate_total,geo_cov_urb,2009,25.643
arm,sex_m,age_aggregate_total,geo_cov_urb,2010,30.22
arm,sex_m,age_aggregate_total,geo_cov_urb,2011,29.829
arm,sex_m,age_aggregate_total,geo_cov_urb,2012,28.44
arm,sex_m,age_aggregate_total,geo_cov_urb,2013,25.744
arm,sex_m,age_aggregate_total,geo_cov_urb,2014,29.202
arm,sex_m,age_aggregate_total,geo_cov_urb,2015,30.957
arm,sex_m,age_aggregate_total,geo_cov_urb,2016,33.083
arm,sex_m,age_aggregate_total,geo_cov_urb,2017,32.225
arm,sex_m,age_aggregate_total,geo_cov_urb,2018,14.294
arm,sex_m,age_aggregate_total,geo_cov_x,2018,15.507
arm,sex_m,age_aggregate_y15_24,geo_cov_nat,2007,16.384
arm,sex_m,age_aggregate_y15_24,geo_cov_nat,2008,37.634
arm,sex_m,age_aggregate_y15_24,geo_cov_nat,2009,38.256
arm,sex_m,age_aggregate_y15_24,geo_cov_nat,2010,43.339
arm,sex_m,age_aggregate_y15_24,geo_cov_nat,2011,43.984
arm,sex_m,age_aggregate_y15_24,geo_cov_nat,2012,40.14
arm,sex_m,age_aggregate_y15_24,geo_cov_nat,2013,39.06
arm,sex_m,age_aggregate_y15_24,geo_cov_nat,2014,40.415
arm,sex_m,age_aggregate_y15_24,geo_cov_nat,2015,38.815
arm,sex_m,age_aggregate_y15_24,geo_cov_nat,2016,43.172
arm,sex_m,age_aggregate_y15_24,geo_cov_nat,2017,43.522
arm,sex_m,age_aggregate_y15_24,geo_cov_nat,2018,34.267
arm,sex_m,age_aggregate_y15_24,geo_cov_rur,2007,11.569
arm,sex_m,age_aggregate_y15_24,geo_cov_rur,2008,28.827
arm,sex_m,age_aggregate_y15_24,geo_cov_rur,2009,20.682
arm,sex_m,age_aggregate_y15_24,geo_cov_rur,2010,31.646
arm,sex_m,age_aggregate_y15_24,geo_cov_rur,2011,35.436
arm,sex_m,age_aggregate_y15_24,geo_cov_rur,2012,23.974
arm,sex_m,age_aggregate_y15_24,geo_cov_rur,2013,31.49
arm,sex_m,age_aggregate_y15_24,geo_cov_rur,2014,22.038
arm,sex_m,age_aggregate_y15_24,geo_cov_rur,2015,28.309
arm,sex_m,age_aggregate_y15_24,geo_cov_rur,2016,31.854
arm,sex_m,age_aggregate_y15_24,geo_cov_rur,2017,30.142
arm,sex_m,age_aggregate_y15_24,geo_cov_urb,2007,20.883
arm,sex_m,age_aggregate_y15_24,geo_cov_urb,2008,45.408
arm,sex_m,age_aggregate_y15_24,geo_cov_urb,2009,49.91
arm,sex_m,age_aggregate_y15_24,geo_cov_urb,2010,51.239
arm,sex_m,age_aggregate_y15_24,geo_cov_urb,2011,50.339
arm,sex_m,age_aggregate_y15_24,geo_cov_urb,2012,53.416
arm,sex_m,age_aggregate_y15_24,geo_cov_urb,2013,45.583
arm,sex_m,age_aggregate_y15_24,geo_cov_urb,2014,54.434
arm,sex_m,age_aggregate_y15_24,geo_cov_urb,2015,47.391
arm,sex_m,age_aggregate_y15_24,geo_cov_urb,2016,53.721
arm,sex_m,age_aggregate_y15_24,geo_cov_urb,2017,54.922
arm,sex_m,age_aggregate_y15_24,geo_cov_urb,2018,32.634
arm,sex_m,age_aggregate_y15_24,geo_cov_x,2018,37.507
arm,sex_m,age_aggregate_y25_54,geo_cov_nat,2007,14.464
arm,sex_m,age_aggregate_y25_54,geo_cov_nat,2008,18.829
arm,sex_m,age_aggregate_y25_54,geo_cov_nat,2009,16.652
arm,sex_m,age_aggregate_y25_54,geo_cov_nat,2010,19.582
arm,sex_m,age_aggregate_y25_54,geo_cov_nat,2011,18.221
arm,sex_m,age_aggregate_y25_54,geo_cov_nat,2012,17.624
arm,sex_m,age_aggregate_y25_54,geo_cov_nat,2013,16.93
arm,sex_m,age_aggregate_y25_54,geo_cov_nat,2014,18.438
arm,sex_m,age_aggregate_y25_54,geo_cov_nat,2015,21.26
arm,sex_m,age_aggregate_y25_54,geo_cov_nat,2016,22.25
arm,sex_m,age_aggregate_y25_54,geo_cov_nat,2017,22.341
arm,sex_m,age_aggregate_y25_54,geo_cov_nat,2018,10.295
arm,sex_m,age_aggregate_y25_54,geo_cov_rur,2007,6.793
arm,sex_m,age_aggregate_y25_54,geo_cov_rur,2008,9.686
arm,sex_m,age_aggregate_y25_54,geo_cov_rur,2009,5.362
arm,sex_m,age_aggregate_y25_54,geo_cov_rur,2010,9.513
arm,sex_m,age_aggregate_y25_54,geo_cov_rur,2011,7.909
arm,sex_m,age_aggregate_y25_54,geo_cov_rur,2012,8.687
arm,sex_m,age_aggregate_y25_54,geo_cov_rur,2013,9.639
arm,sex_m,age_aggregate_y25_54,geo_cov_rur,2014,7.763
arm,sex_m,age_aggregate_y25_54,geo_cov_rur,2015,12.457
arm,sex_m,age_aggregate_y25_54,geo_cov_rur,2016,12.565
arm,sex_m,age_aggregate_y25_54,geo_cov_rur,2017,14.093
arm,sex_m,age_aggregate_y25_54,geo_cov_urb,2007,18.492
arm,sex_m,age_aggregate_y25_54,geo_cov_urb,2008,23.763
arm,sex_m,age_aggregate_y25_54,geo_cov_urb,2009,23.058
arm,sex_m,age_aggregate_y25_54,geo_cov_urb,2010,24.844
arm,sex_m,age_aggregate_y25_54,geo_cov_urb,2011,23.83
arm,sex_m,age_aggregate_y25_54,geo_cov_urb,2012,22.936
arm,sex_m,age_aggregate_y25_54,geo_cov_urb,2013,21.334
arm,sex_m,age_aggregate_y25_54,geo_cov_urb,2014,24.69
arm,sex_m,age_aggregate_y25_54,geo_cov_urb,2015,26.872
arm,sex_m,age_aggregate_y25_54,geo_cov_urb,2016,28.233
arm,sex_m,age_aggregate_y25_54,geo_cov_urb,2017,27.906
arm,sex_m,age_aggregate_y25_54,geo_cov_urb,2018,11.842
arm,sex_m,age_aggregate_y25_54,geo_cov_x,2018,7.361
arm,sex_m,age_aggregate_y55_64,geo_cov_nat,2007,20.828
arm,sex_m,age_aggregate_y55_64,geo_cov_nat,2008,17.616
arm,sex_m,age_aggregate_y55_64,geo_cov_nat,2009,12.643
arm,sex_m,age_aggregate_y55_64,geo_cov_nat,2010,19.555
arm,sex_m,age_aggregate_y55_64,geo_cov_nat,2011,22.471
arm,sex_m,age_aggregate_y55_64,geo_cov_nat,2012,18.336
arm,sex_m,age_aggregate_y55_64,geo_cov_nat,2013,19.004
arm,sex_m,age_aggregate_y55_64,geo_cov_nat,2014,18.913
arm,sex_m,age_aggregate_y55_64,geo_cov_nat,2015,23.118
arm,sex_m,age_aggregate_y55_64,geo_cov_nat,2016,23.409
arm,sex_m,age_aggregate_y55_64,geo_cov_nat,2017,22.17
arm,sex_m,age_aggregate_y55_64,geo_cov_nat,2018,12.859
arm,sex_m,age_aggregate_y55_64,geo_cov_rur,2007,8.929
arm,sex_m,age_aggregate_y55_64,geo_cov_rur,2009,1.285
arm,sex_m,age_aggregate_y55_64,geo_cov_rur,2010,4.566
arm,sex_m,age_aggregate_y55_64,geo_cov_rur,2011,2.07
arm,sex_m,age_aggregate_y55_64,geo_cov_rur,2012,4.73
arm,sex_m,age_aggregate_y55_64,geo_cov_rur,2013,3.598
arm,sex_m,age_aggregate_y55_64,geo_cov_rur,2014,4.452
arm,sex_m,age_aggregate_y55_64,geo_cov_rur,2015,7.869
arm,sex_m,age_aggregate_y55_64,geo_cov_rur,2016,7.027
arm,sex_m,age_aggregate_y55_64,geo_cov_rur,2017,10.327
arm,sex_m,age_aggregate_y55_64,geo_cov_urb,2007,25.103
arm,sex_m,age_aggregate_y55_64,geo_cov_urb,2008,21.649
arm,sex_m,age_aggregate_y55_64,geo_cov_urb,2009,17.921
arm,sex_m,age_aggregate_y55_64,geo_cov_urb,2010,26.92
arm,sex_m,age_aggregate_y55_64,geo_cov_urb,2011,32.176
arm,sex_m,age_aggregate_y55_64,geo_cov_urb,2012,25.624
arm,sex_m,age_aggregate_y55_64,geo_cov_urb,2013,27.402
arm,sex_m,age_aggregate_y55_64,geo_cov_urb,2014,26.703
arm,sex_m,age_aggregate_y55_64,geo_cov_urb,2015,33.41
arm,sex_m,age_aggregate_y55_64,geo_cov_urb,2016,36.348
arm,sex_m,age_aggregate_y55_64,geo_cov_urb,2017,31.513
arm,sex_m,age_aggregate_y55_64,geo_cov_urb,2018,12.387
arm,sex_m,age_aggregate_y55_64,geo_cov_x,2018,13.987
arm,sex_m,age_aggregate_yge65,geo_cov_nat,2007,13.095
arm,sex_m,age_aggregate_yge65,geo_cov_nat,2008,14.138
arm,sex_m,age_aggregate_yge65,geo_cov_nat,2009,8.377
arm,sex_m,age_aggregate_yge65,geo_cov_nat,2010,24.756
arm,sex_m,age_aggregate_yge65,geo_cov_nat,2011,20.952
arm,sex_m,age_aggregate_yge65,geo_cov_nat,2012,21.946
arm,sex_m,age_aggregate_yge65,geo_cov_nat,2013,16.078
arm,sex_m,age_aggregate_yge65,geo_cov_nat,2014,17.764
arm,sex_m,age_aggregate_yge65,geo_cov_nat,2015,20.468
arm,sex_m,age_aggregate_yge65,geo_cov_nat,2016,24.158
arm,sex_m,age_aggregate_yge65,geo_cov_nat,2017,25.662
arm,sex_m,age_aggregate_yge65,geo_cov_nat,2018,28.299
arm,sex_m,age_aggregate_yge65,geo_cov_rur,2007,2.641
arm,sex_m,age_aggregate_yge65,geo_cov_rur,2010,1.74
arm,sex_m,age_aggregate_yge65,geo_cov_rur,2011,2.031
arm,sex_m,age_aggregate_yge65,geo_cov_rur,2014,1.891
arm,sex_m,age_aggregate_yge65,geo_cov_rur,2015,2.919
arm,sex_m,age_aggregate_yge65,geo_cov_rur,2016,7.062
arm,sex_m,age_aggregate_yge65,geo_cov_rur,2017,4.824
arm,sex_m,age_aggregate_yge65,geo_cov_urb,2007,28.996
arm,sex_m,age_aggregate_yge65,geo_cov_urb,2008,26.886
arm,sex_m,age_aggregate_yge65,geo_cov_urb,2009,16.631
arm,sex_m,age_aggregate_yge65,geo_cov_urb,2010,50.837
arm,sex_m,age_aggregate_yge65,geo_cov_urb,2011,40.522
arm,sex_m,age_aggregate_yge65,geo_cov_urb,2012,42.249
arm,sex_m,age_aggregate_yge65,geo_cov_urb,2013,28.903
arm,sex_m,age_aggregate_yge65,geo_cov_urb,2014,32.2
arm,sex_m,age_aggregate_yge65,geo_cov_urb,2015,31.108
arm,sex_m,age_aggregate_yge65,geo_cov_urb,2016,36.887
arm,sex_m,age_aggregate_yge65,geo_cov_urb,2017,39.331
arm,sex_m,age_aggregate_yge65,geo_cov_urb,2018,15.289
arm,sex_m,age_aggregate_yge65,geo_cov_x,2018,51.386
arm,sex_m,age_ythadult_y15_24,geo_cov_nat,2007,16.384
arm,sex_m,age_ythadult_y15_24,geo_cov_nat,2008,37.634
arm,sex_m,age_ythadult_y15_24,geo_cov_nat,2009,38.256
arm,sex_m,age_ythadult_y15_24,geo_cov_nat,2010,43.339
arm,sex_m,age_ythadult_y15_24,geo_cov_nat,2011,43.984
arm,sex_m,age_ythadult_y15_24,geo_cov_nat,2012,40.14
arm,sex_m,age_ythadult_y15_24,geo_cov_nat,2013,39.06
arm,sex_m,age_ythadult_y15_24,geo_cov_nat,2014,40.415
arm,sex_m,age_ythadult_y15_24,geo_cov_nat,2015,38.815
arm,sex_m,age_ythadult_y15_24,geo_cov_nat,2016,43.172
arm,sex_m,age_ythadult_y15_24,geo_cov_nat,2017,43.522
arm,sex_m,age_ythadult_y15_24,geo_cov_nat,2018,34.267
arm,sex_m,age_ythadult_y15_24,geo_cov_rur,2007,11.569
arm,sex_m,age_ythadult_y15_24,geo_cov_rur,2008,28.827
arm,sex_m,age_ythadult_y15_24,geo_cov_rur,2009,20.682
arm,sex_m,age_ythadult_y15_24,geo_cov_rur,2010,31.646
arm,sex_m,age_ythadult_y15_24,geo_cov_rur,2011,35.436
arm,sex_m,age_ythadult_y15_24,geo_cov_rur,2012,23.974
arm,sex_m,age_ythadult_y15_24,geo_cov_rur,2013,31.49
arm,sex_m,age_ythadult_y15_24,geo_cov_rur,2014,22.038
arm,sex_m,age_ythadult_y15_24,geo_cov_rur,2015,28.309
arm,sex_m,age_ythadult_y15_24,geo_cov_rur,2016,31.854
arm,sex_m,age_ythadult_y15_24,geo_cov_rur,2017,30.142
arm,sex_m,age_ythadult_y15_24,geo_cov_urb,2007,20.883
arm,sex_m,age_ythadult_y15_24,geo_cov_urb,2008,45.408
arm,sex_m,age_ythadult_y15_24,geo_cov_urb,2009,49.91
arm,sex_m,age_ythadult_y15_24,geo_cov_urb,2010,51.239
arm,sex_m,age_ythadult_y15_24,geo_cov_urb,2011,50.339
arm,sex_m,age_ythadult_y15_24,geo_cov_urb,2012,53.416
arm,sex_m,age_ythadult_y15_24,geo_cov_urb,2013,45.583
arm,sex_m,age_ythadult_y15_24,geo_cov_urb,2014,54.434
arm,sex_m,age_ythadult_y15_24,geo_cov_urb,2015,47.391
arm,sex_m,age_ythadult_y15_24,geo_cov_urb,2016,53.721
arm,sex_m,age_ythadult_y15_24,geo_cov_urb,2017,54.922
arm,sex_m,age_ythadult_y15_24,geo_cov_urb,2018,32.634
arm,sex_m,age_ythadult_y15_24,geo_cov_x,2018,37.507
arm,sex_m,age_ythadult_y15_64,geo_cov_nat,2007,15.457
arm,sex_m,age_ythadult_y15_64,geo_cov_nat,2008,21.573
arm,sex_m,age_ythadult_y15_64,geo_cov_nat,2009,19.289
arm,sex_m,age_ythadult_y15_64,geo_cov_nat,2010,23.662
arm,sex_m,age_ythadult_y15_64,geo_cov_nat,2011,23.239
arm,sex_m,age_ythadult_y15_64,geo_cov_nat,2012,21.323
arm,sex_m,age_ythadult_y15_64,geo_cov_nat,2013,20.459
arm,sex_m,age_ythadult_y15_64,geo_cov_nat,2014,21.766
arm,sex_m,age_ythadult_y15_64,geo_cov_nat,2015,24.216
arm,sex_m,age_ythadult_y15_64,geo_cov_nat,2016,25.314
arm,sex_m,age_ythadult_y15_64,geo_cov_nat,2017,24.871
arm,sex_m,age_ythadult_y15_64,geo_cov_nat,2018,13.452
arm,sex_m,age_ythadult_y15_64,geo_cov_rur,2007,7.809
arm,sex_m,age_ythadult_y15_64,geo_cov_rur,2010,13.197
arm,sex_m,age_ythadult_y15_64,geo_cov_rur,2011,12.502
arm,sex_m,age_ythadult_y15_64,geo_cov_rur,2012,10.951
arm,sex_m,age_ythadult_y15_64,geo_cov_rur,2013,12.243
arm,sex_m,age_ythadult_y15_64,geo_cov_rur,2014,9.618
arm,sex_m,age_ythadult_y15_64,geo_cov_rur,2015,14.158
arm,sex_m,age_ythadult_y15_64,geo_cov_rur,2016,14.393
arm,sex_m,age_ythadult_y15_64,geo_cov_rur,2017,15.388
arm,sex_m,age_ythadult_y15_64,geo_cov_urb,2007,19.62
arm,sex_m,age_ythadult_y15_64,geo_cov_urb,2009,26.044
arm,sex_m,age_ythadult_y15_64,geo_cov_urb,2010,29.335
arm,sex_m,age_ythadult_y15_64,geo_cov_urb,2011,29.27
arm,sex_m,age_ythadult_y15_64,geo_cov_urb,2012,27.712
arm,sex_m,age_ythadult_y15_64,geo_cov_urb,2013,25.581
arm,sex_m,age_ythadult_y15_64,geo_cov_urb,2014,29.06
arm,sex_m,age_ythadult_y15_64,geo_cov_urb,2015,30.947
arm,sex_m,age_ythadult_y15_64,geo_cov_urb,2016,32.836
arm,sex_m,age_ythadult_y15_64,geo_cov_urb,2017,31.68
arm,sex_m,age_ythadult_y15_64,geo_cov_urb,2018,14.206
arm,sex_m,age_ythadult_y15_64,geo_cov_x,2018,11.941
arm,sex_m,age_ythadult_yge15,geo_cov_nat,2007,15.3
arm,sex_m,age_ythadult_yge15,geo_cov_nat,2008,21.167
arm,sex_m,age_ythadult_yge15,geo_cov_nat,2009,18.663
arm,sex_m,age_ythadult_yge15,geo_cov_nat,2010,23.723
arm,sex_m,age_ythadult_yge15,geo_cov_nat,2011,23.093
arm,sex_m,age_ythadult_yge15,geo_cov_nat,2012,21.361
arm,sex_m,age_ythadult_yge15,geo_cov_nat,2013,20.204
arm,sex_m,age_ythadult_yge15,geo_cov_nat,2014,21.552
arm,sex_m,age_ythadult_yge15,geo_cov_nat,2015,23.988
arm,sex_m,age_ythadult_yge15,geo_cov_nat,2016,25.241
arm,sex_m,age_ythadult_yge15,geo_cov_nat,2017,24.926
arm,sex_m,age_ythadult_yge15,geo_cov_nat,2018,14.701
arm,sex_m,age_ythadult_yge15,geo_cov_rur,2007,7.245
arm,sex_m,age_ythadult_yge15,geo_cov_rur,2008,12.255
arm,sex_m,age_ythadult_yge15,geo_cov_rur,2009,6.856
arm,sex_m,age_ythadult_yge15,geo_cov_rur,2010,12.253
arm,sex_m,age_ythadult_yge15,geo_cov_rur,2011,11.584
arm,sex_m,age_ythadult_yge15,geo_cov_rur,2012,10.171
arm,sex_m,age_ythadult_yge15,geo_cov_rur,2013,11.532
arm,sex_m,age_ythadult_yge15,geo_cov_rur,2014,9.1
arm,sex_m,age_ythadult_yge15,geo_cov_rur,2015,13.512
arm,sex_m,age_ythadult_yge15,geo_cov_rur,2016,13.912
arm,sex_m,age_ythadult_yge15,geo_cov_rur,2017,14.697
arm,sex_m,age_ythadult_yge15,geo_cov_urb,2007,20.013
arm,sex_m,age_ythadult_yge15,geo_cov_urb,2008,26.203
arm,sex_m,age_ythadult_yge15,geo_cov_urb,2009,25.643
arm,sex_m,age_ythadult_yge15,geo_cov_urb,2010,30.22
arm,sex_m,age_ythadult_yge15,geo_cov_urb,2011,29.829
arm,sex_m,age_ythadult_yge15,geo_cov_urb,2012,28.44
arm,sex_m,age_ythadult_yge15,geo_cov_urb,2013,25.744
arm,sex_m,age_ythadult_yge15,geo_cov_urb,2014,29.202
arm,sex_m,age_ythadult_yge15,geo_cov_urb,2015,30.957
arm,sex_m,age_ythadult_yge15,geo_cov_urb,2016,33.083
arm,sex_m,age_ythadult_yge15,geo_cov_urb,2017,32.225
arm,sex_m,age_ythadult_yge15,geo_cov_urb,2018,14.294
arm,sex_m,age_ythadult_yge15,geo_cov_x,2018,15.507
arm,sex_m,age_ythadult_yge25,geo_cov_nat,2007,15.155
arm,sex_m,age_ythadult_yge25,geo_cov_nat,2008,18.331
arm,sex_m,age_ythadult_yge25,geo_cov_nat,2009,15.545
arm,sex_m,age_ythadult_yge25,geo_cov_nat,2010,19.924
arm,sex_m,age_ythadult_yge25,geo_cov_nat,2011,19.21
arm,sex_m,age_ythadult_yge25,geo_cov_nat,2012,18.061
arm,sex_m,age_ythadult_yge25,geo_cov_nat,2013,17.321
arm,sex_m,age_ythadult_yge25,geo_cov_nat,2014,18.493
arm,sex_m,age_ythadult_yge25,geo_cov_nat,2015,21.607
arm,sex_m,age_ythadult_yge25,geo_cov_nat,2016,22.647
arm,sex_m,age_ythadult_yge25,geo_cov_nat,2017,22.56
arm,sex_m,age_ythadult_yge25,geo_cov_nat,2018,12.556
arm,sex_m,age_ythadult_yge25,geo_cov_rur,2007,6.457
arm,sex_m,age_ythadult_yge25,geo_cov_rur,2008,8.348
arm,sex_m,age_ythadult_yge25,geo_cov_rur,2009,4.468
arm,sex_m,age_ythadult_yge25,geo_cov_rur,2010,7.969
arm,sex_m,age_ythadult_yge25,geo_cov_rur,2011,6.313
arm,sex_m,age_ythadult_yge25,geo_cov_rur,2012,7.266
arm,sex_m,age_ythadult_yge25,geo_cov_rur,2013,7.802
arm,sex_m,age_ythadult_yge25,geo_cov_rur,2014,6.66
arm,sex_m,age_ythadult_yge25,geo_cov_rur,2015,10.783
arm,sex_m,age_ythadult_yge25,geo_cov_rur,2016,10.768
arm,sex_m,age_ythadult_yge25,geo_cov_rur,2017,12.498
arm,sex_m,age_ythadult_yge25,geo_cov_urb,2007,19.92
arm,sex_m,age_ythadult_yge25,geo_cov_urb,2008,23.532
arm,sex_m,age_ythadult_yge25,geo_cov_urb,2009,21.974
arm,sex_m,age_ythadult_yge25,geo_cov_urb,2010,26.462
arm,sex_m,age_ythadult_yge25,geo_cov_urb,2011,26.42
arm,sex_m,age_ythadult_yge25,geo_cov_urb,2012,24.576
arm,sex_m,age_ythadult_yge25,geo_cov_urb,2013,23.122
arm,sex_m,age_ythadult_yge25,geo_cov_urb,2014,25.505
arm,sex_m,age_ythadult_yge25,geo_cov_urb,2015,28.569
arm,sex_m,age_ythadult_yge25,geo_cov_urb,2016,30.514
arm,sex_m,age_ythadult_yge25,geo_cov_urb,2017,29.578
arm,sex_m,age_ythadult_yge25,geo_cov_urb,2018,12.282
arm,sex_m,age_ythadult_yge25,geo_cov_x,2018,13.097
arm,sex_t,age_aggregate_total,geo_cov_nat,2007,18.171
arm,sex_t,age_aggregate_total,geo_cov_nat,2008,23.453
arm,sex_t,age_aggregate_total,geo_cov_nat,2009,19.665
arm,sex_t,age_aggregate_total,geo_cov_nat,2010,29.629
arm,sex_t,age_aggregate_total,geo_cov_nat,2011,27.996
arm,sex_t,age_aggregate_total,geo_cov_nat,2012,24.748
arm,sex_t,age_aggregate_total,geo_cov_nat,2013,24.798
arm,sex_t,age_aggregate_total,geo_cov_nat,2014,26.657
arm,sex_t,age_aggregate_total,geo_cov_nat,2015,28.141
arm,sex_t,age_aggregate_total,geo_cov_nat,2016,28.559
arm,sex_t,age_aggregate_total,geo_cov_nat,2017,28.442
arm,sex_t,age_aggregate_total,geo_cov_nat,2018,21.39
arm,sex_t,age_aggregate_total,geo_cov_rur,2007,6.565
arm,sex_t,age_aggregate_total,geo_cov_rur,2008,14.603
arm,sex_t,age_aggregate_total,geo_cov_rur,2009,6.825
arm,sex_t,age_aggregate_total,geo_cov_rur,2010,14.351
arm,sex_t,age_aggregate_total,geo_cov_rur,2011,13.826
arm,sex_t,age_aggregate_total,geo_cov_rur,2012,10.978
arm,sex_t,age_aggregate_total,geo_cov_rur,2013,13.149
arm,sex_t,age_aggregate_total,geo_cov_rur,2014,13.793
arm,sex_t,age_aggregate_total,geo_cov_rur,2015,15.256
arm,sex_t,age_aggregate_total,geo_cov_rur,2016,16.854
arm,sex_t,age_aggregate_total,geo_cov_rur,2017,18.041
arm,sex_t,age_aggregate_total,geo_cov_urb,2007,25.311
arm,sex_t,age_aggregate_total,geo_cov_urb,2008,28.945
arm,sex_t,age_aggregate_total,geo_cov_urb,2009,28.081
arm,sex_t,age_aggregate_total,geo_cov_urb,2010,39.067
arm,sex_t,age_aggregate_total,geo_cov_urb,2011,36.615
arm,sex_t,age_aggregate_total,geo_cov_urb,2012,33.617
arm,sex_t,age_aggregate_total,geo_cov_urb,2013,32.578
arm,sex_t,age_aggregate_total,geo_cov_urb,2014,34.633
arm,sex_t,age_aggregate_total,geo_cov_urb,2015,36.942
arm,sex_t,age_aggregate_total,geo_cov_urb,2016,36.842
arm,sex_t,age_aggregate_total,geo_cov_urb,2017,35.824
arm,sex_t,age_aggregate_total,geo_cov_urb,2018,20.404
arm,sex_t,age_aggregate_total,geo_cov_x,2018,23.355
arm,sex_t,age_aggregate_y15_24,geo_cov_nat,2007,15.698
arm,sex_t,age_aggregate_y15_24,geo_cov_nat,2008,45.747
arm,sex_t,age_aggregate_y15_24,geo_cov_nat,2009,42.663
arm,sex_t,age_aggregate_y15_24,geo_cov_nat,2010,53.328
arm,sex_t,age_aggregate_y15_24,geo_cov_nat,2011,52.983
arm,sex_t,age_aggregate_y15_24,geo_cov_nat,2012,45.986
arm,sex_t,age_aggregate_y15_24,geo_cov_nat,2013,46.419
arm,sex_t,age_aggregate_y15_24,geo_cov_nat,2014,50.641
arm,sex_t,age_aggregate_y15_24,geo_cov_nat,2015,45.663
arm,sex_t,age_aggregate_y15_24,geo_cov_nat,2016,51.398
arm,sex_t,age_aggregate_y15_24,geo_cov_nat,2017,51.088
arm,sex_t,age_aggregate_y15_24,geo_cov_nat,2018,44.779
arm,sex_t,age_aggregate_y15_24,geo_cov_rur,2007,10.301
arm,sex_t,age_aggregate_y15_24,geo_cov_rur,2008,34.732
arm,sex_t,age_aggregate_y15_24,geo_cov_rur,2009,28.03
arm,sex_t,age_aggregate_y15_24,geo_cov_rur,2010,45.368
arm,sex_t,age_aggregate_y15_24,geo_cov_rur,2011,47.48
arm,sex_t,age_aggregate_y15_24,geo_cov_rur,2012,31.969
arm,sex_t,age_aggregate_y15_24,geo_cov_rur,2013,41.306
arm,sex_t,age_aggregate_y15_24,geo_cov_rur,2014,39.597
arm,sex_t,age_aggregate_y15_24,geo_cov_rur,2015,36.329
arm,sex_t,age_aggregate_y15_24,geo_cov_rur,2016,42.531
arm,sex_t,age_aggregate_y15_24,geo_cov_rur,2017,44.768
arm,sex_t,age_aggregate_y15_24,geo_cov_urb,2007,20.052
arm,sex_t,age_aggregate_y15_24,geo_cov_urb,2008,55.606
arm,sex_t,age_aggregate_y15_24,geo_cov_urb,2009,51.249
arm,sex_t,age_aggregate_y15_24,geo_cov_urb,2010,59.022
arm,sex_t,age_aggregate_y15_24,geo_cov_urb,2011,57.083
arm,sex_t,age_aggregate_y15_24,geo_cov_urb,2012,56.902
arm,sex_t,age_aggregate_y15_24,geo_cov_urb,2013,50.604
arm,sex_t,age_aggregate_y15_24,geo_cov_urb,2014,57.97
arm,sex_t,age_aggregate_y15_24,geo_cov_urb,2015,52.792
arm,sex_t,age_aggregate_y15_24,geo_cov_urb,2016,59.333
arm,sex_t,age_aggregate_y15_24,geo_cov_urb,2017,55.98
arm,sex_t,age_aggregate_y15_24,geo_cov_urb,2018,43.212
arm,sex_t,age_aggregate_y15_24,geo_cov_x,2018,47.443
arm,sex_t,age_aggregate_y25_54,geo_cov_nat,2007,18.466
arm,sex_t,age_aggregate_y25_54,geo_cov_nat,2008,20.719
arm,sex_t,age_aggregate_y25_54,geo_cov_nat,2009,17.852
arm,sex_t,age_aggregate_y25_54,geo_cov_nat,2010,25.882
arm,sex_t,age_aggregate_y25_54,geo_cov_nat,2011,23.52
arm,sex_t,age_aggregate_y25_54,geo_cov_nat,2012,21.817
arm,sex_t,age_aggregate_y25_54,geo_cov_nat,2013,22.272
arm,sex_t,age_aggregate_y25_54,geo_cov_nat,2014,23.394
arm,sex_t,age_aggregate_y25_54,geo_cov_nat,2015,26.578
arm,sex_t,age_aggregate_y25_54,geo_cov_nat,2016,26.12
arm,sex_t,age_aggregate_y25_54,geo_cov_nat,2017,26.769
arm,sex_t,age_aggregate_y25_54,geo_cov_nat,2018,16.884
arm,sex_t,age_aggregate_y25_54,geo_cov_rur,2007,6.722
arm,sex_t,age_aggregate_y25_54,geo_cov_rur,2008,12.21
arm,sex_t,age_aggregate_y25_54,geo_cov_rur,2009,4.871
arm,sex_t,age_aggregate_y25_54,geo_cov_rur,2010,9.476
arm,sex_t,age_aggregate_y25_54,geo_cov_rur,2011,8.674
arm,sex_t,age_aggregate_y25_54,geo_cov_rur,2012,8.934
arm,sex_t,age_aggregate_y25_54,geo_cov_rur,2013,10.389
arm,sex_t,age_aggregate_y25_54,geo_cov_rur,2014,11.226
arm,sex_t,age_aggregate_y25_54,geo_cov_rur,2015,13.926
arm,sex_t,age_aggregate_y25_54,geo_cov_rur,2016,15.226
arm,sex_t,age_aggregate_y25_54,geo_cov_rur,2017,17.778
arm,sex_t,age_aggregate_y25_54,geo_cov_urb,2007,25.09
arm,sex_t,age_aggregate_y25_54,geo_cov_urb,2008,25.715
arm,sex_t,age_aggregate_y25_54,geo_cov_urb,2009,26.074
arm,sex_t,age_aggregate_y25_54,geo_cov_urb,2010,35.258
arm,sex_t,age_aggregate_y25_54,geo_cov_urb,2011,31.966
arm,sex_t,age_aggregate_y25_54,geo_cov_urb,2012,29.619
arm,sex_t,age_aggregate_y25_54,geo_cov_urb,2013,29.859
arm,sex_t,age_aggregate_y25_54,geo_cov_urb,2014,30.7
arm,sex_t,age_aggregate_y25_54,geo_cov_urb,2015,34.856
arm,sex_t,age_aggregate_y25_54,geo_cov_urb,2016,33.236
arm,sex_t,age_aggregate_y25_54,geo_cov_urb,2017,32.836
arm,sex_t,age_aggregate_y25_54,geo_cov_urb,2018,18.164
arm,sex_t,age_aggregate_y25_54,geo_cov_x,2018,14.437
arm,sex_t,age_aggregate_y55_64,geo_cov_nat,2007,22.766
arm,sex_t,age_aggregate_y55_64,geo_cov_nat,2008,17.073
arm,sex_t,age_aggregate_y55_64,geo_cov_nat,2009,11.816
arm,sex_t,age_aggregate_y55_64,geo_cov_nat,2010,23.557
arm,sex_t,age_aggregate_y55_64,geo_cov_nat,2011,25.544
arm,sex_t,age_aggregate_y55_64,geo_cov_nat,2012,21.235
arm,sex_t,age_aggregate_y55_64,geo_cov_nat,2013,21.129
arm,sex_t,age_aggregate_y55_64,geo_cov_nat,2014,21.541
arm,sex_t,age_aggregate_y55_64,geo_cov_nat,2015,22.666
arm,sex_t,age_aggregate_y55_64,geo_cov_nat,2016,24.401
arm,sex_t,age_aggregate_y55_64,geo_cov_nat,2017,22.896
arm,sex_t,age_aggregate_y55_64,geo_cov_nat,2018,20.093
arm,sex_t,age_aggregate_y55_64,geo_cov_rur,2007,7.892
arm,sex_t,age_aggregate_y55_64,geo_cov_rur,2009,0.622
arm,sex_t,age_aggregate_y55_64,geo_cov_rur,2010,4.543
arm,sex_t,age_aggregate_y55_64,geo_cov_rur,2011,2.326
arm,sex_t,age_aggregate_y55_64,geo_cov_rur,2012,3.943
arm,sex_t,age_aggregate_y55_64,geo_cov_rur,2013,4.843
arm,sex_t,age_aggregate_y55_64,geo_cov_rur,2014,5.584
arm,sex_t,age_aggregate_y55_64,geo_cov_rur,2015,7.259
arm,sex_t,age_aggregate_y55_64,geo_cov_rur,2016,8.62
arm,sex_t,age_aggregate_y55_64,geo_cov_rur,2017,8.368
arm,sex_t,age_aggregate_y55_64,geo_cov_urb,2007,28.77
arm,sex_t,age_aggregate_y55_64,geo_cov_urb,2008,22.973
arm,sex_t,age_aggregate_y55_64,geo_cov_urb,2009,18.071
arm,sex_t,age_aggregate_y55_64,geo_cov_urb,2010,33.612
arm,sex_t,age_aggregate_y55_64,geo_cov_urb,2011,36.953
arm,sex_t,age_aggregate_y55_64,geo_cov_urb,2012,30.622
arm,sex_t,age_aggregate_y55_64,geo_cov_urb,2013,30.657
arm,sex_t,age_aggregate_y55_64,geo_cov_urb,2014,30.708
arm,sex_t,age_aggregate_y55_64,geo_cov_urb,2015,33.461
arm,sex_t,age_aggregate_y55_64,geo_cov_urb,2016,36.256
arm,sex_t,age_aggregate_y55_64,geo_cov_urb,2017,34.059
arm,sex_t,age_aggregate_y55_64,geo_cov_urb,2018,18.374
arm,sex_t,age_aggregate_y55_64,geo_cov_x,2018,24.351
arm,sex_t,age_aggregate_yge65,geo_cov_nat,2007,10.797
arm,sex_t,age_aggregate_yge65,geo_cov_nat,2008,10.85
arm,sex_t,age_aggregate_yge65,geo_cov_nat,2009,6.04
arm,sex_t,age_aggregate_yge65,geo_cov_nat,2010,21.239
arm,sex_t,age_aggregate_yge65,geo_cov_nat,2011,19.477
arm,sex_t,age_aggregate_yge65,geo_cov_nat,2012,18.088
arm,sex_t,age_aggregate_yge65,geo_cov_nat,2013,17.543
arm,sex_t,age_aggregate_yge65,geo_cov_nat,2014,20.284
arm,sex_t,age_aggregate_yge65,geo_cov_nat,2015,21.63
arm,sex_t,age_aggregate_yge65,geo_cov_nat,2016,23.807
arm,sex_t,age_aggregate_yge65,geo_cov_nat,2017,24.018
arm,sex_t,age_aggregate_yge65,geo_cov_nat,2018,29.756
arm,sex_t,age_aggregate_yge65,geo_cov_rur,2007,1.262
arm,sex_t,age_aggregate_yge65,geo_cov_rur,2010,1.507
arm,sex_t,age_aggregate_yge65,geo_cov_rur,2011,2.329
arm,sex_t,age_aggregate_yge65,geo_cov_rur,2013,2.153
arm,sex_t,age_aggregate_yge65,geo_cov_rur,2014,2.688
arm,sex_t,age_aggregate_yge65,geo_cov_rur,2015,3.443
arm,sex_t,age_aggregate_yge65,geo_cov_rur,2016,6.138
arm,sex_t,age_aggregate_yge65,geo_cov_rur,2017,5.66
arm,sex_t,age_aggregate_yge65,geo_cov_urb,2007,28.931
arm,sex_t,age_aggregate_yge65,geo_cov_urb,2008,21.913
arm,sex_t,age_aggregate_yge65,geo_cov_urb,2009,15.372
arm,sex_t,age_aggregate_yge65,geo_cov_urb,2010,50.694
arm,sex_t,age_aggregate_yge65,geo_cov_urb,2011,40.161
arm,sex_t,age_aggregate_yge65,geo_cov_urb,2012,40.265
arm,sex_t,age_aggregate_yge65,geo_cov_urb,2013,34.234
arm,sex_t,age_aggregate_yge65,geo_cov_urb,2014,37.664
arm,sex_t,age_aggregate_yge65,geo_cov_urb,2015,35.731
arm,sex_t,age_aggregate_yge65,geo_cov_urb,2016,38.505
arm,sex_t,age_aggregate_yge65,geo_cov_urb,2017,38.298
arm,sex_t,age_aggregate_yge65,geo_cov_urb,2018,16.3
arm,sex_t,age_aggregate_yge65,geo_cov_x,2018,56.427
arm,sex_t,age_ythadult_y15_24,geo_cov_nat,2007,15.698
arm,sex_t,age_ythadult_y15_24,geo_cov_nat,2008,45.747
arm,sex_t,age_ythadult_y15_24,geo_cov_nat,2009,42.663
arm,sex_t,age_ythadult_y15_24,geo_cov_nat,2010,53.328
arm,sex_t,age_ythadult_y15_24,geo_cov_nat,2011,52.983
arm,sex_t,age_ythadult_y15_24,geo_cov_nat,2012,45.986
arm,sex_t,age_ythadult_y15_24,geo_cov_nat,2013,46.419
arm,sex_t,age_ythadult_y15_24,geo_cov_nat,2014,50.641
arm,sex_t,age_ythadult_y15_24,geo_cov_nat,2015,45.663
arm,sex_t,age_ythadult_y15_24,geo_cov_nat,2016,51.398
arm,sex_t,age_ythadult_y15_24,geo_cov_nat,2017,51.088
arm,sex_t,age_ythadult_y15_24,geo_cov_nat,2018,44.779
arm,sex_t,age_ythadult_y15_24,geo_cov_rur,2007,10.301
arm,sex_t,age_ythadult_y15_24,geo_cov_rur,2008,34.732
arm,sex_t,age_ythadult_y15_24,geo_cov_rur,2009,28.03
arm,sex_t,age_ythadult_y15_24,geo_cov_rur,2010,45.368
arm,sex_t,age_ythadult_y15_24,geo_cov_rur,2011,47.48
arm,sex_t,age_ythadult_y15_24,geo_cov_rur,2012,31.969
arm,sex_t,age_ythadult_y15_24,geo_cov_rur,2013,41.306
arm,sex_t,age_ythadult_y15_24,geo_cov_rur,2014,39.597
arm,sex_t,age_ythadult_y15_24,geo_cov_rur,2015,36.329
arm,sex_t,age_ythadult_y15_24,geo_cov_rur,2016,42.531
arm,sex_t,age_ythadult_y15_24,geo_cov_rur,2017,44.768
arm,sex_t,age_ythadult_y15_24,geo_cov_urb,2007,20.052
arm,sex_t,age_ythadult_y15_24,geo_cov_urb,2008,55.606
arm,sex_t,age_ythadult_y15_24,geo_cov_urb,2009,51.249
arm,sex_t,age_ythadult_y15_24,geo_cov_urb,2010,59.022
arm,sex_t,age_ythadult_y15_24,geo_cov_urb,2011,57.083
arm,sex_t,age_ythadult_y15_24,geo_cov_urb,2012,56.902
arm,sex_t,age_ythadult_y15_24,geo_cov_urb,2013,50.604
arm,sex_t,age_ythadult_y15_24,geo_cov_urb,2014,57.97
arm,sex_t,age_ythadult_y15_24,geo_cov_urb,2015,52.792
arm,sex_t,age_ythadult_y15_24,geo_cov_urb,2016,59.333
arm,sex_t,age_ythadult_y15_24,geo_cov_urb,2017,55.98
arm,sex_t,age_ythadult_y15_24,geo_cov_urb,2018,43.212
arm,sex_t,age_ythadult_y15_24,geo_cov_x,2018,47.443
arm,sex_t,age_ythadult_y15_64,geo_cov_nat,2007,18.728
arm,sex_t,age_ythadult_y15_64,geo_cov_nat,2008,24.12
arm,sex_t,age_ythadult_y15_64,geo_cov_nat,2009,20.51
arm,sex_t,age_ythadult_y15_64,geo_cov_nat,2010,30.094
arm,sex_t,age_ythadult_y15_64,geo_cov_nat,2011,28.541
arm,sex_t,age_ythadult_y15_64,geo_cov_nat,2012,25.154
arm,sex_t,age_ythadult_y15_64,geo_cov_nat,2013,25.219
arm,sex_t,age_ythadult_y15_64,geo_cov_nat,2014,26.993
arm,sex_t,age_ythadult_y15_64,geo_cov_nat,2015,28.526
arm,sex_t,age_ythadult_y15_64,geo_cov_nat,2016,28.856
arm,sex_t,age_ythadult_y15_64,geo_cov_nat,2017,28.745
arm,sex_t,age_ythadult_y15_64,geo_cov_nat,2018,20.629
arm,sex_t,age_ythadult_y15_64,geo_cov_rur,2007,7.293
arm,sex_t,age_ythadult_y15_64,geo_cov_rur,2010,15.506
arm,sex_t,age_ythadult_y15_64,geo_cov_rur,2011,14.919
arm,sex_t,age_ythadult_y15_64,geo_cov_rur,2012,11.888
arm,sex_t,age_ythadult_y15_64,geo_cov_rur,2013,13.992
arm,sex_t,age_ythadult_y15_64,geo_cov_rur,2014,14.566
arm,sex_t,age_ythadult_y15_64,geo_cov_rur,2015,16.012
arm,sex_t,age_ythadult_y15_64,geo_cov_rur,2016,17.592
arm,sex_t,age_ythadult_y15_64,geo_cov_rur,2017,18.936
arm,sex_t,age_ythadult_y15_64,geo_cov_urb,2007,25.163
arm,sex_t,age_ythadult_y15_64,geo_cov_urb,2008,29.225
arm,sex_t,age_ythadult_y15_64,geo_cov_urb,2009,28.553
arm,sex_t,age_ythadult_y15_64,geo_cov_urb,2010,38.656
arm,sex_t,age_ythadult_y15_64,geo_cov_urb,2011,36.452
arm,sex_t,age_ythadult_y15_64,geo_cov_urb,2012,33.331
arm,sex_t,age_ythadult_y15_64,geo_cov_urb,2013,32.502
arm,sex_t,age_ythadult_y15_64,geo_cov_urb,2014,34.504
arm,sex_t,age_ythadult_y15_64,geo_cov_urb,2015,37.01
arm,sex_t,age_ythadult_y15_64,geo_cov_urb,2016,36.746
arm,sex_t,age_ythadult_y15_64,geo_cov_urb,2017,35.662
arm,sex_t,age_ythadult_y15_64,geo_cov_urb,2018,20.776
arm,sex_t,age_ythadult_y15_64,geo_cov_x,2018,20.335
arm,sex_t,age_ythadult_yge15,geo_cov_nat,2007,18.171
arm,sex_t,age_ythadult_yge15,geo_cov_nat,2008,23.453
arm,sex_t,age_ythadult_yge15,geo_cov_nat,2009,19.665
arm,sex_t,age_ythadult_yge15,geo_cov_nat,2010,29.629
arm,sex_t,age_ythadult_yge15,geo_cov_nat,2011,27.996
arm,sex_t,age_ythadult_yge15,geo_cov_nat,2012,24.748
arm,sex_t,age_ythadult_yge15,geo_cov_nat,2013,24.798
arm,sex_t,age_ythadult_yge15,geo_cov_nat,2014,26.657
arm,sex_t,age_ythadult_yge15,geo_cov_nat,2015,28.141
arm,sex_t,age_ythadult_yge15,geo_cov_nat,2016,28.559
arm,sex_t,age_ythadult_yge15,geo_cov_nat,2017,28.442
arm,sex_t,age_ythadult_yge15,geo_cov_nat,2018,21.39
arm,sex_t,age_ythadult_yge15,geo_cov_rur,2007,6.565
arm,sex_t,age_ythadult_yge15,geo_cov_rur,2008,14.603
arm,sex_t,age_ythadult_yge15,geo_cov_rur,2009,6.825
arm,sex_t,age_ythadult_yge15,geo_cov_rur,2010,14.351
arm,sex_t,age_ythadult_yge15,geo_cov_rur,2011,13.826
arm,sex_t,age_ythadult_yge15,geo_cov_rur,2012,10.978
arm,sex_t,age_ythadult_yge15,geo_cov_rur,2013,13.149
arm,sex_t,age_ythadult_yge15,geo_cov_rur,2014,13.793
arm,sex_t,age_ythadult_yge15,geo_cov_rur,2015,15.256
arm,sex_t,age_ythadult_yge15,geo_cov_rur,2016,16.854
arm,sex_t,age_ythadult_yge15,geo_cov_rur,2017,18.041
arm,sex_t,age_ythadult_yge15,geo_cov_urb,2007,25.311
arm,sex_t,age_ythadult_yge15,geo_cov_urb,2008,28.945
arm,sex_t,age_ythadult_yge15,geo_cov_urb,2009,28.081
arm,sex_t,age_ythadult_yge15,geo_cov_urb,2010,39.067
arm,sex_t,age_ythadult_yge15,geo_cov_urb,2011,36.615
arm,sex_t,age_ythadult_yge15,geo_cov_urb,2012,33.617
arm,sex_t,age_ythadult_yge15,geo_cov_urb,2013,32.578
arm,sex_t,age_ythadult_yge15,geo_cov_urb,2014,34.633
arm,sex_t,age_ythadult_yge15,geo_cov_urb,2015,36.942
arm,sex_t,age_ythadult_yge15,geo_cov_urb,2016,36.842
arm,sex_t,age_ythadult_yge15,geo_cov_urb,2017,35.824
arm,sex_t,age_ythadult_yge15,geo_cov_urb,2018,20.404
arm,sex_t,age_ythadult_yge15,geo_cov_x,2018,23.355
arm,sex_t,age_ythadult_yge25,geo_cov_nat,2007,18.43
arm,sex_t,age_ythadult_yge25,geo_cov_nat,2008,19.573
arm,sex_t,age_ythadult_yge25,geo_cov_nat,2009,16.207
arm,sex_t,age_ythadult_yge25,geo_cov_nat,2010,25.191
arm,sex_t,age_ythadult_yge25,geo_cov_nat,2011,23.6
arm,sex_t,age_ythadult_yge25,geo_cov_nat,2012,21.459
arm,sex_t,age_ythadult_yge25,geo_cov_nat,2013,21.726
arm,sex_t,age_ythadult_yge25,geo_cov_nat,2014,22.838
arm,sex_t,age_ythadult_yge25,geo_cov_nat,2015,25.43
arm,sex_t,age_ythadult_yge25,geo_cov_nat,2016,25.572
arm,sex_t,age_ythadult_yge25,geo_cov_nat,2017,25.694
arm,sex_t,age_ythadult_yge25,geo_cov_nat,2018,18.813
arm,sex_t,age_ythadult_yge25,geo_cov_rur,2007,6.097
arm,sex_t,age_ythadult_yge25,geo_cov_rur,2008,10.099
arm,sex_t,age_ythadult_yge25,geo_cov_rur,2009,3.876
arm,sex_t,age_ythadult_yge25,geo_cov_rur,2010,7.898
arm,sex_t,age_ythadult_yge25,geo_cov_rur,2011,6.988
arm,sex_t,age_ythadult_yge25,geo_cov_rur,2012,7.277
arm,sex_t,age_ythadult_yge25,geo_cov_rur,2013,8.571
arm,sex_t,age_ythadult_yge25,geo_cov_rur,2014,9.481
arm,sex_t,age_ythadult_yge25,geo_cov_rur,2015,11.741
arm,sex_t,age_ythadult_yge25,geo_cov_rur,2016,12.954
arm,sex_t,age_ythadult_yge25,geo_cov_rur,2017,14.611
arm,sex_t,age_ythadult_yge25,geo_cov_urb,2007,25.798
arm,sex_t,age_ythadult_yge25,geo_cov_urb,2008,25.074
arm,sex_t,age_ythadult_yge25,geo_cov_urb,2009,24.423
arm,sex_t,age_ythadult_yge25,geo_cov_urb,2010,35.58
arm,sex_t,age_ythadult_yge25,geo_cov_urb,2011,33.341
arm,sex_t,age_ythadult_yge25,geo_cov_urb,2012,30.322
arm,sex_t,age_ythadult_yge25,geo_cov_urb,2013,30.257
arm,sex_t,age_ythadult_yge25,geo_cov_urb,2014,31.03
arm,sex_t,age_ythadult_yge25,geo_cov_urb,2015,34.619
arm,sex_t,age_ythadult_yge25,geo_cov_urb,2016,34.225
arm,sex_t,age_ythadult_yge25,geo_cov_urb,2017,33.477
arm,sex_t,age_ythadult_yge25,geo_cov_urb,2018,18.044
arm,sex_t,age_ythadult_yge25,geo_cov_x,2018,20.375
aut,sex_f,age_aggregate_total,geo_cov_nat,1998,10.084
aut,sex_f,age_aggregate_total,geo_cov_nat,1999,9.407
aut,sex_f,age_aggregate_total,geo_cov_nat,2000,8.239
aut,sex_f,age_aggregate_total,geo_cov_nat,2001,7.737
aut,sex_f,age_aggregate_total,geo_cov_nat,2002,7.469
aut,sex_f,age_aggregate_total,geo_cov_nat,2003,6.68
aut,sex_f,age_aggregate_total,geo_cov_nat,2004,10.655
aut,sex_f,age_aggregate_total,geo_cov_nat,2005,10.887
aut,sex_f,age_aggregate_total,geo_cov_nat,2006,10.752
aut,sex_f,age_aggregate_total,geo_cov_nat,2007,10.279
aut,sex_f,age_aggregate_total,geo_cov_nat,2008,9.192
aut,sex_f,age_aggregate_total,geo_cov_nat,2009,9.956
aut,sex_f,age_aggregate_total,geo_cov_nat,2010,9.295
aut,sex_f,age_aggregate_total,geo_cov_nat,2011,8.893
aut,sex_f,age_aggregate_total,geo_cov_nat,2012,9.333
aut,sex_f,age_aggregate_total,geo_cov_nat,2013,9.542
aut,sex_f,age_aggregate_total,geo_cov_nat,2014,9.889
aut,sex_f,age_aggregate_total,geo_cov_nat,2015,9.732
aut,sex_f,age_aggregate_total,geo_cov_nat,2016,9.832
aut,sex_f,age_aggregate_total,geo_cov_nat,2017,8.935
aut,sex_f,age_aggregate_total,geo_cov_nat,2018,8.363
aut,sex_f,age_aggregate_total,geo_cov_nat,2019,8.111
aut,sex_f,age_aggregate_total,geo_cov_nat,2020,9.205
aut,sex_f,age_aggregate_total,geo_cov_nat,2021,9.474
aut,sex_f,age_aggregate_total,geo_cov_nat,2022,7.502
aut,sex_f,age_aggregate_total,geo_cov_nat,2023,7.803
aut,sex_f,age_aggregate_total,geo_cov_nat,2024,7.682
aut,sex_f,age_aggregate_total,geo_cov_rur,1998,10.127
aut,sex_f,age_aggregate_total,geo_cov_rur,1999,8.646
aut,sex_f,age_aggregate_total,geo_cov_rur,2000,7.658
aut,sex_f,age_aggregate_total,geo_cov_rur,2001,7.258
aut,sex_f,age_aggregate_total,geo_cov_rur,2002,6.64
aut,sex_f,age_aggregate_total,geo_cov_rur,2003,5.58
aut,sex_f,age_aggregate_total,geo_cov_rur,2004,9.787
aut,sex_f,age_aggregate_total,geo_cov_rur,2005,9.562
aut,sex_f,age_aggregate_total,geo_cov_rur,2006,9.25
aut,sex_f,age_aggregate_total,geo_cov_rur,2007,8.407
aut,sex_f,age_aggregate_total,geo_cov_rur,2008,7.792
aut,sex_f,age_aggregate_total,geo_cov_rur,2009,8.182
aut,sex_f,age_aggregate_total,geo_cov_rur,2010,7.82
aut,sex_f,age_aggregate_total,geo_cov_rur,2011,7.173
aut,sex_f,age_aggregate_total,geo_cov_rur,2012,7.016
aut,sex_f,age_aggregate_total,geo_cov_rur,2013,6.777
aut,sex_f,age_aggregate_total,geo_cov_rur,2014,7.774
aut,sex_f,age_aggregate_total,geo_cov_rur,2015,7.521
aut,sex_f,age_aggregate_total,geo_cov_rur,2016,7.209
aut,sex_f,age_aggregate_total,geo_cov_rur,2017,6.067
aut,sex_f,age_aggregate_total,geo_cov_rur,2018,5.725
aut,sex_f,age_aggregate_total,geo_cov_rur,2019,5.507
aut,sex_f,age_aggregate_total,geo_cov_rur,2020,6.523
aut,sex_f,age_aggregate_total,geo_cov_rur,2021,6.801
aut,sex_f,age_aggregate_total,geo_cov_rur,2022,4.9
aut,sex_f,age_aggregate_total,geo_cov_rur,2023,4.732
aut,sex_f,age_aggregate_total,geo_cov_rur,2024,4.67
aut,sex_f,age_aggregate_total,geo_cov_urb,1998,10.057
aut,sex_f,age_aggregate_total,geo_cov_urb,1999,9.861
aut,sex_f,age_aggregate_total,geo_cov_urb,2000,8.595
aut,sex_f,age_aggregate_total,geo_cov_urb,2001,8.027
aut,sex_f,age_aggregate_total,geo_cov_urb,2002,7.963
aut,sex_f,age_aggregate_total,geo_cov_urb,2003,7.338
aut,sex_f,age_aggregate_total,geo_cov_urb,2004,11.206
aut,sex_f,age_aggregate_total,geo_cov_urb,2005,11.707
aut,sex_f,age_aggregate_total,geo_cov_urb,2006,11.692
aut,sex_f,age_aggregate_total,geo_cov_urb,2007,11.427
aut,sex_f,age_aggregate_total,geo_cov_urb,2008,10.067
aut,sex_f,age_aggregate_total,geo_cov_urb,2009,11.05
aut,sex_f,age_aggregate_total,geo_cov_urb,2010,10.201
aut,sex_f,age_aggregate_total,geo_cov_urb,2011,9.933
aut,sex_f,age_aggregate_total,geo_cov_urb,2012,10.896
aut,sex_f,age_aggregate_total,geo_cov_urb,2013,11.39
aut,sex_f,age_aggregate_total,geo_cov_urb,2014,11.177
aut,sex_f,age_aggregate_total,geo_cov_urb,2015,11.196
aut,sex_f,age_aggregate_total,geo_cov_urb,2016,11.556
aut,sex_f,age_aggregate_total,geo_cov_urb,2017,10.683
aut,sex_f,age_aggregate_total,geo_cov_urb,2018,9.967
aut,sex_f,age_aggregate_total,geo_cov_urb,2019,9.704
aut,sex_f,age_aggregate_total,geo_cov_urb,2020,10.862
aut,sex_f,age_aggregate_total,geo_cov_urb,2021,11.118
aut,sex_f,age_aggregate_total,geo_cov_urb,2022,9.079
aut,sex_f,age_aggregate_total,geo_cov_urb,2023,9.672
aut,sex_f,age_aggregate_total,geo_cov_urb,2024,9.405
aut,sex_f,age_aggregate_y15_24,geo_cov_nat,1998,12.764
aut,sex_f,age_aggregate_y15_24,geo_cov_nat,1999,10.017
aut,sex_f,age_aggregate_y15_24,geo_cov_nat,2000,9.707
aut,sex_f,age_aggregate_y15_24,geo_cov_nat,2001,8.933
aut,sex_f,age_aggregate_y15_24,geo_cov_nat,2002,8.706
aut,sex_f,age_aggregate_y15_24,geo_cov_nat,2003,9.083
aut,sex_f,age_aggregate_y15_24,geo_cov_nat,2004,16.31
aut,sex_f,age_aggregate_y15_24,geo_cov_nat,2005,18.079
aut,sex_f,age_aggregate_y15_24,geo_cov_nat,2006,17.323
aut,sex_f,age_aggregate_y15_24,geo_cov_nat,2007,16.278
aut,sex_f,age_aggregate_y15_24,geo_cov_nat,2008,16.133
aut,sex_f,age_aggregate_y15_24,geo_cov_nat,2009,18.448
aut,sex_f,age_aggregate_y15_24,geo_cov_nat,2010,16.891
aut,sex_f,age_aggregate_y15_24,geo_cov_nat,2011,15.949
aut,sex_f,age_aggregate_y15_24,geo_cov_nat,2012,16.683
aut,sex_f,age_aggregate_y15_24,geo_cov_nat,2013,17.075
aut,sex_f,age_aggregate_y15_24,geo_cov_nat,2014,17.323
aut,sex_f,age_aggregate_y15_24,geo_cov_nat,2015,17.213
aut,sex_f,age_aggregate_y15_24,geo_cov_nat,2016,17.607
aut,sex_f,age_aggregate_y15_24,geo_cov_nat,2017,15.645
aut,sex_f,age_aggregate_y15_24,geo_cov_nat,2018,15.277
aut,sex_f,age_aggregate_y15_24,geo_cov_nat,2019,14.95
aut,sex_f,age_aggregate_y15_24,geo_cov_nat,2020,16.5
aut,sex_f,age_aggregate_y15_24,geo_cov_nat,2021,17.906
aut,sex_f,age_aggregate_y15_24,geo_cov_nat,2022,15.071
aut,sex_f,age_aggregate_y15_24,geo_cov_nat,2023,15.897
aut,sex_f,age_aggregate_y15_24,geo_cov_nat,2024,16.136
aut,sex_f,age_aggregate_y15_24,geo_cov_rur,1998,10.87
aut,sex_f,age_aggregate_y15_24,geo_cov_rur,1999,7.505
aut,sex_f,age_aggregate_y15_24,geo_cov_rur,2000,7.388
aut,sex_f,age_aggregate_y15_24,geo_cov_rur,2001,6.878
aut,sex_f,age_aggregate_y15_24,geo_cov_rur,2002,7.71
aut,sex_f,age_aggregate_y15_24,geo_cov_rur,2003,6.073
aut,sex_f,age_aggregate_y15_24,geo_cov_rur,2004,13.569
aut,sex_f,age_aggregate_y15_24,geo_cov_rur,2005,14.225
aut,sex_f,age_aggregate_y15_24,geo_cov_rur,2006,14.033
aut,sex_f,age_aggregate_y15_24,geo_cov_rur,2007,13.23
aut,sex_f,age_aggregate_y15_24,geo_cov_rur,2008,12.637
aut,sex_f,age_aggregate_y15_24,geo_cov_rur,2009,14.539
aut,sex_f,age_aggregate_y15_24,geo_cov_rur,2010,13.338
aut,sex_f,age_aggregate_y15_24,geo_cov_rur,2011,11.312
aut,sex_f,age_aggregate_y15_24,geo_cov_rur,2012,12.232
aut,sex_f,age_aggregate_y15_24,geo_cov_rur,2013,11.766
aut,sex_f,age_aggregate_y15_24,geo_cov_rur,2014,13.658
aut,sex_f,age_aggregate_y15_24,geo_cov_rur,2015,14.565
aut,sex_f,age_aggregate_y15_24,geo_cov_rur,2016,13.354
aut,sex_f,age_aggregate_y15_24,geo_cov_rur,2017,11.207
aut,sex_f,age_aggregate_y15_24,geo_cov_rur,2018,11.08
aut,sex_f,age_aggregate_y15_24,geo_cov_rur,2019,10.808
aut,sex_f,age_aggregate_y15_24,geo_cov_rur,2020,11.576
aut,sex_f,age_aggregate_y15_24,geo_cov_rur,2021,13.858
aut,sex_f,age_aggregate_y15_24,geo_cov_rur,2022,10.363
aut,sex_f,age_aggregate_y15_24,geo_cov_rur,2023,10.999
aut,sex_f,age_aggregate_y15_24,geo_cov_rur,2024,12.053
aut,sex_f,age_aggregate_y15_24,geo_cov_urb,1998,14.362
aut,sex_f,age_aggregate_y15_24,geo_cov_urb,1999,12.014
aut,sex_f,age_aggregate_y15_24,geo_cov_urb,2000,11.837
aut,sex_f,age_aggregate_y15_24,geo_cov_urb,2001,10.605
aut,sex_f,age_aggregate_y15_24,geo_cov_urb,2002,9.492
aut,sex_f,age_aggregate_y15_24,geo_cov_urb,2003,11.397
aut,sex_f,age_aggregate_y15_24,geo_cov_urb,2004,18.34
aut,sex_f,age_aggregate_y15_24,geo_cov_urb,2005,20.998
aut,sex_f,age_aggregate_y15_24,geo_cov_urb,2006,19.829
aut,sex_f,age_aggregate_y15_24,geo_cov_urb,2007,18.287
aut,sex_f,age_aggregate_y15_24,geo_cov_urb,2008,18.559
aut,sex_f,age_aggregate_y15_24,geo_cov_urb,2009,21.23
aut,sex_f,age_aggregate_y15_24,geo_cov_urb,2010,19.454
aut,sex_f,age_aggregate_y15_24,geo_cov_urb,2011,19.179
aut,sex_f,age_aggregate_y15_24,geo_cov_urb,2012,20.142
aut,sex_f,age_aggregate_y15_24,geo_cov_urb,2013,21.079
aut,sex_f,age_aggregate_y15_24,geo_cov_urb,2014,19.847
aut,sex_f,age_aggregate_y15_24,geo_cov_urb,2015,19.084
aut,sex_f,age_aggregate_y15_24,geo_cov_urb,2016,20.394
aut,sex_f,age_aggregate_y15_24,geo_cov_urb,2017,18.607
aut,sex_f,age_aggregate_y15_24,geo_cov_urb,2018,18.042
aut,sex_f,age_aggregate_y15_24,geo_cov_urb,2019,17.651
aut,sex_f,age_aggregate_y15_24,geo_cov_urb,2020,19.526
aut,sex_f,age_aggregate_y15_24,geo_cov_urb,2021,20.659
aut,sex_f,age_aggregate_y15_24,geo_cov_urb,2022,18.042
aut,sex_f,age_aggregate_y15_24,geo_cov_urb,2023,18.774
aut,sex_f,age_aggregate_y15_24,geo_cov_urb,2024,18.283
aut,sex_f,age_aggregate_y25_54,geo_cov_nat,1998,9.066
aut,sex_f,age_aggregate_y25_54,geo_cov_nat,1999,8.386
aut,sex_f,age_aggregate_y25_54,geo_cov_nat,2000,7.411
aut,sex_f,age_aggregate_y25_54,geo_cov_nat,2001,6.898
aut,sex_f,age_aggregate_y25_54,geo_cov_nat,2002,6.974
aut,sex_f,age_aggregate_y25_54,geo_cov_nat,2003,5.942
aut,sex_f,age_aggregate_y25_54,geo_cov_nat,2004,8.759
aut,sex_f,age_aggregate_y25_54,geo_cov_nat,2005,8.657
aut,sex_f,age_aggregate_y25_54,geo_cov_nat,2006,8.803
aut,sex_f,age_aggregate_y25_54,geo_cov_nat,2007,8.476
aut,sex_f,age_aggregate_y25_54,geo_cov_nat,2008,7.417
aut,sex_f,age_aggregate_y25_54,geo_cov_nat,2009,7.905
aut,sex_f,age_aggregate_y25_54,geo_cov_nat,2010,7.62
aut,sex_f,age_aggregate_y25_54,geo_cov_nat,2011,7.221
aut,sex_f,age_aggregate_y25_54,geo_cov_nat,2012,7.512
aut,sex_f,age_aggregate_y25_54,geo_cov_nat,2013,7.572
aut,sex_f,age_aggregate_y25_54,geo_cov_nat,2014,8.034
aut,sex_f,age_aggregate_y25_54,geo_cov_nat,2015,7.92
aut,sex_f,age_aggregate_y25_54,geo_cov_nat,2016,8.023
aut,sex_f,age_aggregate_y25_54,geo_cov_nat,2017,7.524
aut,sex_f,age_aggregate_y25_54,geo_cov_nat,2018,6.897
aut,sex_f,age_aggregate_y25_54,geo_cov_nat,2019,6.694
aut,sex_f,age_aggregate_y25_54,geo_cov_nat,2020,7.836
aut,sex_f,age_aggregate_y25_54,geo_cov_nat,2021,8.34
aut,sex_f,age_aggregate_y25_54,geo_cov_nat,2022,6.617
aut,sex_f,age_aggregate_y25_54,geo_cov_nat,2023,6.717
aut,sex_f,age_aggregate_y25_54,geo_cov_nat,2024,6.734
aut,sex_f,age_aggregate_y25_54,geo_cov_rur,1998,9.724
aut,sex_f,age_aggregate_y25_54,geo_cov_rur,1999,8.443
aut,sex_f,age_aggregate_y25_54,geo_cov_rur,2000,7.537
aut,sex_f,age_aggregate_y25_54,geo_cov_rur,2001,6.801
aut,sex_f,age_aggregate_y25_54,geo_cov_rur,2002,6.478
aut,sex_f,age_aggregate_y25_54,geo_cov_rur,2003,5.081
aut,sex_f,age_aggregate_y25_54,geo_cov_rur,2004,8.361
aut,sex_f,age_aggregate_y25_54,geo_cov_rur,2005,7.991
aut,sex_f,age_aggregate_y25_54,geo_cov_rur,2006,7.744
aut,sex_f,age_aggregate_y25_54,geo_cov_rur,2007,6.979
aut,sex_f,age_aggregate_y25_54,geo_cov_rur,2008,6.466
aut,sex_f,age_aggregate_y25_54,geo_cov_rur,2009,6.538
aut,sex_f,age_aggregate_y25_54,geo_cov_rur,2010,6.461
aut,sex_f,age_aggregate_y25_54,geo_cov_rur,2011,6.196
aut,sex_f,age_aggregate_y25_54,geo_cov_rur,2012,5.629
aut,sex_f,age_aggregate_y25_54,geo_cov_rur,2013,5.144
aut,sex_f,age_aggregate_y25_54,geo_cov_rur,2014,6.184
aut,sex_f,age_aggregate_y25_54,geo_cov_rur,2015,5.691
aut,sex_f,age_aggregate_y25_54,geo_cov_rur,2016,5.614
aut,sex_f,age_aggregate_y25_54,geo_cov_rur,2017,4.929
aut,sex_f,age_aggregate_y25_54,geo_cov_rur,2018,4.429
aut,sex_f,age_aggregate_y25_54,geo_cov_rur,2019,4.263
aut,sex_f,age_aggregate_y25_54,geo_cov_rur,2020,5.15
aut,sex_f,age_aggregate_y25_54,geo_cov_rur,2021,5.554
aut,sex_f,age_aggregate_y25_54,geo_cov_rur,2022,4.258
aut,sex_f,age_aggregate_y25_54,geo_cov_rur,2023,3.889
aut,sex_f,age_aggregate_y25_54,geo_cov_rur,2024,3.633
aut,sex_f,age_aggregate_y25_54,geo_cov_urb,1998,8.695
aut,sex_f,age_aggregate_y25_54,geo_cov_urb,1999,8.355
aut,sex_f,age_aggregate_y25_54,geo_cov_urb,2000,7.339
aut,sex_f,age_aggregate_y25_54,geo_cov_urb,2001,6.952
aut,sex_f,age_aggregate_y25_54,geo_cov_urb,2002,7.256
aut,sex_f,age_aggregate_y25_54,geo_cov_urb,2003,6.439
aut,sex_f,age_aggregate_y25_54,geo_cov_urb,2004,9.006
aut,sex_f,age_aggregate_y25_54,geo_cov_urb,2005,9.055
aut,sex_f,age_aggregate_y25_54,geo_cov_urb,2006,9.447
aut,sex_f,age_aggregate_y25_54,geo_cov_urb,2007,9.374
aut,sex_f,age_aggregate_y25_54,geo_cov_urb,2008,7.989
aut,sex_f,age_aggregate_y25_54,geo_cov_urb,2009,8.717
aut,sex_f,age_aggregate_y25_54,geo_cov_urb,2010,8.308
aut,sex_f,age_aggregate_y25_54,geo_cov_urb,2011,7.824
aut,sex_f,age_aggregate_y25_54,geo_cov_urb,2012,8.735
aut,sex_f,age_aggregate_y25_54,geo_cov_urb,2013,9.145
aut,sex_f,age_aggregate_y25_54,geo_cov_urb,2014,9.118
aut,sex_f,age_aggregate_y25_54,geo_cov_urb,2015,9.356
aut,sex_f,age_aggregate_y25_54,geo_cov_urb,2016,9.582
aut,sex_f,age_aggregate_y25_54,geo_cov_urb,2017,9.079
aut,sex_f,age_aggregate_y25_54,geo_cov_urb,2018,8.348
aut,sex_f,age_aggregate_y25_54,geo_cov_urb,2019,8.119
aut,sex_f,age_aggregate_y25_54,geo_cov_urb,2020,9.438
aut,sex_f,age_aggregate_y25_54,geo_cov_urb,2021,9.986
aut,sex_f,age_aggregate_y25_54,geo_cov_urb,2022,7.983
aut,sex_f,age_aggregate_y25_54,geo_cov_urb,2023,8.391
aut,sex_f,age_aggregate_y25_54,geo_cov_urb,2024,8.438
aut,sex_f,age_aggregate_y55_64,geo_cov_nat,1998,13.575
aut,sex_f,age_aggregate_y55_64,geo_cov_nat,1999,17.184
aut,sex_f,age_aggregate_y55_64,geo_cov_nat,2000,13.502
aut,sex_f,age_aggregate_y55_64,geo_cov_nat,2001,14.699
aut,sex_f,age_aggregate_y55_64,geo_cov_nat,2002,11.097
aut,sex_f,age_aggregate_y55_64,geo_cov_nat,2003,10.373
aut,sex_f,age_aggregate_y55_64,geo_cov_nat,2004,18.135
aut,sex_f,age_aggregate_y55_64,geo_cov_nat,2005,17.199
aut,sex_f,age_aggregate_y55_64,geo_cov_nat,2006,15.129
aut,sex_f,age_aggregate_y55_64,geo_cov_nat,2007,14.287
aut,sex_f,age_aggregate_y55_64,geo_cov_nat,2008,11.073
aut,sex_f,age_aggregate_y55_64,geo_cov_nat,2009,11.327
aut,sex_f,age_aggregate_y55_64,geo_cov_nat,2010,9.71
aut,sex_f,age_aggregate_y55_64,geo_cov_nat,2011,9.646
aut,sex_f,age_aggregate_y55_64,geo_cov_nat,2012,10.692
aut,sex_f,age_aggregate_y55_64,geo_cov_nat,2013,12.048
aut,sex_f,age_aggregate_y55_64,geo_cov_nat,2014,10.705
aut,sex_f,age_aggregate_y55_64,geo_cov_nat,2015,10.692
aut,sex_f,age_aggregate_y55_64,geo_cov_nat,2016,10.242
aut,sex_f,age_aggregate_y55_64,geo_cov_nat,2017,9.153
aut,sex_f,age_aggregate_y55_64,geo_cov_nat,2018,8.618
aut,sex_f,age_aggregate_y55_64,geo_cov_nat,2019,8.212
aut,sex_f,age_aggregate_y55_64,geo_cov_nat,2020,8.588
aut,sex_f,age_aggregate_y55_64,geo_cov_nat,2021,7.878
aut,sex_f,age_aggregate_y55_64,geo_cov_nat,2022,5.664
aut,sex_f,age_aggregate_y55_64,geo_cov_nat,2023,6.029
aut,sex_f,age_aggregate_y55_64,geo_cov_nat,2024,5.145
aut,sex_f,age_aggregate_y55_64,geo_cov_rur,1998,10.025
aut,sex_f,age_aggregate_y55_64,geo_cov_rur,1999,11.142
aut,sex_f,age_aggregate_y55_64,geo_cov_rur,2000,9.91
aut,sex_f,age_aggregate_y55_64,geo_cov_rur,2001,11.803
aut,sex_f,age_aggregate_y55_64,geo_cov_rur,2002,5.792
aut,sex_f,age_aggregate_y55_64,geo_cov_rur,2003,11.688
aut,sex_f,age_aggregate_y55_64,geo_cov_rur,2004,16.468
aut,sex_f,age_aggregate_y55_64,geo_cov_rur,2005,14.165
aut,sex_f,age_aggregate_y55_64,geo_cov_rur,2006,12.635
aut,sex_f,age_aggregate_y55_64,geo_cov_rur,2007,11.976
aut,sex_f,age_aggregate_y55_64,geo_cov_rur,2008,9.89
aut,sex_f,age_aggregate_y55_64,geo_cov_rur,2009,10.191
aut,sex_f,age_aggregate_y55_64,geo_cov_rur,2010,8.842
aut,sex_f,age_aggregate_y55_64,geo_cov_rur,2011,7.163
aut,sex_f,age_aggregate_y55_64,geo_cov_rur,2012,8.468
aut,sex_f,age_aggregate_y55_64,geo_cov_rur,2013,10.116
aut,sex_f,age_aggregate_y55_64,geo_cov_rur,2014,8.715
aut,sex_f,age_aggregate_y55_64,geo_cov_rur,2015,8.893
aut,sex_f,age_aggregate_y55_64,geo_cov_rur,2016,8.666
aut,sex_f,age_aggregate_y55_64,geo_cov_rur,2017,6.519
aut,sex_f,age_aggregate_y55_64,geo_cov_rur,2018,6.304
aut,sex_f,age_aggregate_y55_64,geo_cov_rur,2019,5.662
aut,sex_f,age_aggregate_y55_64,geo_cov_rur,2020,7.048
aut,sex_f,age_aggregate_y55_64,geo_cov_rur,2021,6.79
aut,sex_f,age_aggregate_y55_64,geo_cov_rur,2022,3.686
aut,sex_f,age_aggregate_y55_64,geo_cov_rur,2023,3.647
aut,sex_f,age_aggregate_y55_64,geo_cov_rur,2024,3.839
aut,sex_f,age_aggregate_y55_64,geo_cov_urb,1998,16.024
aut,sex_f,age_aggregate_y55_64,geo_cov_urb,1999,21.247
aut,sex_f,age_aggregate_y55_64,geo_cov_urb,2000,15.586
aut,sex_f,age_aggregate_y55_64,geo_cov_urb,2001,16.592
aut,sex_f,age_aggregate_y55_64,geo_cov_urb,2002,13.945
aut,sex_f,age_aggregate_y55_64,geo_cov_urb,2003,9.701
aut,sex_f,age_aggregate_y55_64,geo_cov_urb,2004,19.064
aut,sex_f,age_aggregate_y55_64,geo_cov_urb,2005,18.871
aut,sex_f,age_aggregate_y55_64,geo_cov_urb,2006,16.485
aut,sex_f,age_aggregate_y55_64,geo_cov_urb,2007,15.753
aut,sex_f,age_aggregate_y55_64,geo_cov_urb,2008,11.886
aut,sex_f,age_aggregate_y55_64,geo_cov_urb,2009,12.035
aut,sex_f,age_aggregate_y55_64,geo_cov_urb,2010,10.224
aut,sex_f,age_aggregate_y55_64,geo_cov_urb,2011,11.144
aut,sex_f,age_aggregate_y55_64,geo_cov_urb,2012,12.212
aut,sex_f,age_aggregate_y55_64,geo_cov_urb,2013,13.409
aut,sex_f,age_aggregate_y55_64,geo_cov_urb,2014,12.001
aut,sex_f,age_aggregate_y55_64,geo_cov_urb,2015,12.01
aut,sex_f,age_aggregate_y55_64,geo_cov_urb,2016,11.375
aut,sex_f,age_aggregate_y55_64,geo_cov_urb,2017,10.738
aut,sex_f,age_aggregate_y55_64,geo_cov_urb,2018,10.142
aut,sex_f,age_aggregate_y55_64,geo_cov_urb,2019,9.981
aut,sex_f,age_aggregate_y55_64,geo_cov_urb,2020,9.694
aut,sex_f,age_aggregate_y55_64,geo_cov_urb,2021,8.612
aut,sex_f,age_aggregate_y55_64,geo_cov_urb,2022,7.075
aut,sex_f,age_aggregate_y55_64,geo_cov_urb,2023,7.684
aut,sex_f,age_aggregate_y55_64,geo_cov_urb,2024,6.046
aut,sex_f,age_aggregate_yge65,geo_cov_nat,1998,27.625
aut,sex_f,age_aggregate_yge65,geo_cov_nat,1999,33.849
aut,sex_f,age_aggregate_yge65,geo_cov_nat,2000,25.52
aut,sex_f,age_aggregate_yge65,geo_cov_nat,2001,21.679
aut,sex_f,age_aggregate_yge65,geo_cov_nat,2002,11.612
aut,sex_f,age_aggregate_yge65,geo_cov_nat,2003,13.675
aut,sex_f,age_aggregate_yge65,geo_cov_nat,2004,38.211
aut,sex_f,age_aggregate_yge65,geo_cov_nat,2005,31.838
aut,sex_f,age_aggregate_yge65,geo_cov_nat,2006,28.267
aut,sex_f,age_aggregate_yge65,geo_cov_nat,2007,22.31
aut,sex_f,age_aggregate_yge65,geo_cov_nat,2008,19.394
aut,sex_f,age_aggregate_yge65,geo_cov_nat,2009,19.97
aut,sex_f,age_aggregate_yge65,geo_cov_nat,2010,18.448
aut,sex_f,age_aggregate_yge65,geo_cov_nat,2011,20.885
aut,sex_f,age_aggregate_yge65,geo_cov_nat,2012,21.43
aut,sex_f,age_aggregate_yge65,geo_cov_nat,2013,20.64
aut,sex_f,age_aggregate_yge65,geo_cov_nat,2014,25.157
aut,sex_f,age_aggregate_yge65,geo_cov_nat,2015,23.178
aut,sex_f,age_aggregate_yge65,geo_cov_nat,2016,24.591
aut,sex_f,age_aggregate_yge65,geo_cov_nat,2017,19.287
aut,sex_f,age_aggregate_yge65,geo_cov_nat,2018,19.794
aut,sex_f,age_aggregate_yge65,geo_cov_nat,2019,21.456
aut,sex_f,age_aggregate_yge65,geo_cov_nat,2020,23.945
aut,sex_f,age_aggregate_yge65,geo_cov_nat,2021,17.187
aut,sex_f,age_aggregate_yge65,geo_cov_nat,2022,11.817
aut,sex_f,age_aggregate_yge65,geo_cov_nat,2023,13.808
aut,sex_f,age_aggregate_yge65,geo_cov_nat,2024,14.383
aut,sex_f,age_aggregate_yge65,geo_cov_rur,1998,20.153
aut,sex_f,age_aggregate_yge65,geo_cov_rur,1999,20.789
aut,sex_f,age_aggregate_yge65,geo_cov_rur,2000,9.289
aut,sex_f,age_aggregate_yge65,geo_cov_rur,2001,16.826
aut,sex_f,age_aggregate_yge65,geo_cov_rur,2002,6.785
aut,sex_f,age_aggregate_yge65,geo_cov_rur,2004,24.758
aut,sex_f,age_aggregate_yge65,geo_cov_rur,2005,18.26
aut,sex_f,age_aggregate_yge65,geo_cov_rur,2006,18.125
aut,sex_f,age_aggregate_yge65,geo_cov_rur,2007,10.972
aut,sex_f,age_aggregate_yge65,geo_cov_rur,2008,9.35
aut,sex_f,age_aggregate_yge65,geo_cov_rur,2009,8.63
aut,sex_f,age_aggregate_yge65,geo_cov_rur,2010,10.83
aut,sex_f,age_aggregate_yge65,geo_cov_rur,2011,12.821
aut,sex_f,age_aggregate_yge65,geo_cov_rur,2012,11.112
aut,sex_f,age_aggregate_yge65,geo_cov_rur,2013,13.579
aut,sex_f,age_aggregate_yge65,geo_cov_rur,2014,16.538
aut,sex_f,age_aggregate_yge65,geo_cov_rur,2015,18.549
aut,sex_f,age_aggregate_yge65,geo_cov_rur,2016,16.985
aut,sex_f,age_aggregate_yge65,geo_cov_rur,2017,11.191
aut,sex_f,age_aggregate_yge65,geo_cov_rur,2018,14.116
aut,sex_f,age_aggregate_yge65,geo_cov_rur,2019,16.356
aut,sex_f,age_aggregate_yge65,geo_cov_rur,2020,23.416
aut,sex_f,age_aggregate_yge65,geo_cov_rur,2021,9.137
aut,sex_f,age_aggregate_yge65,geo_cov_rur,2022,6.354
aut,sex_f,age_aggregate_yge65,geo_cov_rur,2023,7.765
aut,sex_f,age_aggregate_yge65,geo_cov_rur,2024,7.98
aut,sex_f,age_aggregate_yge65,geo_cov_urb,1998,36.081
aut,sex_f,age_aggregate_yge65,geo_cov_urb,1999,48.253
aut,sex_f,age_aggregate_yge65,geo_cov_urb,2000,41.214
aut,sex_f,age_aggregate_yge65,geo_cov_urb,2001,29.226
aut,sex_f,age_aggregate_yge65,geo_cov_urb,2002,17.853
aut,sex_f,age_aggregate_yge65,geo_cov_urb,2003,22.297
aut,sex_f,age_aggregate_yge65,geo_cov_urb,2004,48.393
aut,sex_f,age_aggregate_yge65,geo_cov_urb,2005,42.681
aut,sex_f,age_aggregate_yge65,geo_cov_urb,2006,35.544
aut,sex_f,age_aggregate_yge65,geo_cov_urb,2007,32.025
aut,sex_f,age_aggregate_yge65,geo_cov_urb,2008,29.094
aut,sex_f,age_aggregate_yge65,geo_cov_urb,2009,30.404
aut,sex_f,age_aggregate_yge65,geo_cov_urb,2010,24.631
aut,sex_f,age_aggregate_yge65,geo_cov_urb,2011,25.365
aut,sex_f,age_aggregate_yge65,geo_cov_urb,2012,31.527
aut,sex_f,age_aggregate_yge65,geo_cov_urb,2013,25.836
aut,sex_f,age_aggregate_yge65,geo_cov_urb,2014,31.992
aut,sex_f,age_aggregate_yge65,geo_cov_urb,2015,26.331
aut,sex_f,age_aggregate_yge65,geo_cov_urb,2016,29.848
aut,sex_f,age_aggregate_yge65,geo_cov_urb,2017,25.045
aut,sex_f,age_aggregate_yge65,geo_cov_urb,2018,23.998
aut,sex_f,age_aggregate_yge65,geo_cov_urb,2019,25.825
aut,sex_f,age_aggregate_yge65,geo_cov_urb,2020,24.36
aut,sex_f,age_aggregate_yge65,geo_cov_urb,2021,23.102
aut,sex_f,age_aggregate_yge65,geo_cov_urb,2022,15.623
aut,sex_f,age_aggregate_yge65,geo_cov_urb,2023,18.03
aut,sex_f,age_aggregate_yge65,geo_cov_urb,2024,19.519
aut,sex_f,age_ythadult_y15_24,geo_cov_nat,1998,12.764
aut,sex_f,age_ythadult_y15_24,geo_cov_nat,1999,10.017
aut,sex_f,age_ythadult_y15_24,geo_cov_nat,2000,9.707
aut,sex_f,age_ythadult_y15_24,geo_cov_nat,2001,8.933
aut,sex_f,age_ythadult_y15_24,geo_cov_nat,2002,8.706
aut,sex_f,age_ythadult_y15_24,geo_cov_nat,2003,9.083
aut,sex_f,age_ythadult_y15_24,geo_cov_nat,2004,16.31
aut,sex_f,age_ythadult_y15_24,geo_cov_nat,2005,18.079
aut,sex_f,age_ythadult_y15_24,geo_cov_nat,2006,17.323
aut,sex_f,age_ythadult_y15_24,geo_cov_nat,2007,16.278
aut,sex_f,age_ythadult_y15_24,geo_cov_nat,2008,16.133
aut,sex_f,age_ythadult_y15_24,geo_cov_nat,2009,18.448
aut,sex_f,age_ythadult_y15_24,geo_cov_nat,2010,16.891
aut,sex_f,age_ythadult_y15_24,geo_cov_nat,2011,15.949
aut,sex_f,age_ythadult_y15_24,geo_cov_nat,2012,16.683
aut,sex_f,age_ythadult_y15_24,geo_cov_nat,2013,17.075
aut,sex_f,age_ythadult_y15_24,geo_cov_nat,2014,17.323
aut,sex_f,age_ythadult_y15_24,geo_cov_nat,2015,17.213
aut,sex_f,age_ythadult_y15_24,geo_cov_nat,2016,17.607
aut,sex_f,age_ythadult_y15_24,geo_cov_nat,2017,15.645
aut,sex_f,age_ythadult_y15_24,geo_cov_nat,2018,15.277
aut,sex_f,age_ythadult_y15_24,geo_cov_nat,2019,14.95
aut,sex_f,age_ythadult_y15_24,geo_cov_nat,2020,16.5
aut,sex_f,age_ythadult_y15_24,geo_cov_nat,2021,17.906
aut,sex_f,age_ythadult_y15_24,geo_cov_nat,2022,15.071
aut,sex_f,age_ythadult_y15_24,geo_cov_nat,2023,15.897
aut,sex_f,age_ythadult_y15_24,geo_cov_nat,2024,16.136
aut,sex_f,age_ythadult_y15_24,geo_cov_rur,1998,10.87
aut,sex_f,age_ythadult_y15_24,geo_cov_rur,1999,7.505
aut,sex_f,age_ythadult_y15_24,geo_cov_rur,2000,7.388
aut,sex_f,age_ythadult_y15_24,geo_cov_rur,2001,6.878
aut,sex_f,age_ythadult_y15_24,geo_cov_rur,2002,7.71
aut,sex_f,age_ythadult_y15_24,geo_cov_rur,2003,6.073
aut,sex_f,age_ythadult_y15_24,geo_cov_rur,2004,13.569
aut,sex_f,age_ythadult_y15_24,geo_cov_rur,2005,14.225
aut,sex_f,age_ythadult_y15_24,geo_cov_rur,2006,14.033
aut,sex_f,age_ythadult_y15_24,geo_cov_rur,2007,13.23
aut,sex_f,age_ythadult_y15_24,geo_cov_rur,2008,12.637
aut,sex_f,age_ythadult_y15_24,geo_cov_rur,2009,14.539
aut,sex_f,age_ythadult_y15_24,geo_cov_rur,2010,13.338
aut,sex_f,age_ythadult_y15_24,geo_cov_rur,2011,11.312
aut,sex_f,age_ythadult_y15_24,geo_cov_rur,2012,12.232
aut,sex_f,age_ythadult_y15_24,geo_cov_rur,2013,11.766
aut,sex_f,age_ythadult_y15_24,geo_cov_rur,2014,13.658
aut,sex_f,age_ythadult_y15_24,geo_cov_rur,2015,14.565
aut,sex_f,age_ythadult_y15_24,geo_cov_rur,2016,13.354
aut,sex_f,age_ythadult_y15_24,geo_cov_rur,2017,11.207
aut,sex_f,age_ythadult_y15_24,geo_cov_rur,2018,11.08
aut,sex_f,age_ythadult_y15_24,geo_cov_rur,2019,10.808
aut,sex_f,age_ythadult_y15_24,geo_cov_rur,2020,11.576
aut,sex_f,age_ythadult_y15_24,geo_cov_rur,2021,13.858
aut,sex_f,age_ythadult_y15_24,geo_cov_rur,2022,10.363
aut,sex_f,age_ythadult_y15_24,geo_cov_rur,2023,10.999
aut,sex_f,age_ythadult_y15_24,geo_cov_rur,2024,12.053
aut,sex_f,age_ythadult_y15_24,geo_cov_urb,1998,14.362
aut,sex_f,age_ythadult_y15_24,geo_cov_urb,1999,12.014
aut,sex_f,age_ythadult_y15_24,geo_cov_urb,2000,11.837
aut,sex_f,age_ythadult_y15_24,geo_cov_urb,2001,10.605
aut,sex_f,age_ythadult_y15_24,geo_cov_urb,2002,9.492
aut,sex_f,age_ythadult_y15_24,geo_cov_urb,2003,11.397
aut,sex_f,age_ythadult_y15_24,geo_cov_urb,2004,18.34
aut,sex_f,age_ythadult_y15_24,geo_cov_urb,2005,20.998
aut,sex_f,age_ythadult_y15_24,geo_cov_urb,2006,19.829
aut,sex_f,age_ythadult_y15_24,geo_cov_urb,2007,18.287
aut,sex_f,age_ythadult_y15_24,geo_cov_urb,2008,18.559
aut,sex_f,age_ythadult_y15_24,geo_cov_urb,2009,21.23
aut,sex_f,age_ythadult_y15_24,geo_cov_urb,2010,19.454
aut,sex_f,age_ythadult_y15_24,geo_cov_urb,2011,19.179
aut,sex_f,age_ythadult_y15_24,geo_cov_urb,2012,20.142
aut,sex_f,age_ythadult_y15_24,geo_cov_urb,2013,21.079
aut,sex_f,age_ythadult_y15_24,geo_cov_urb,2014,19.847
aut,sex_f,age_ythadult_y15_24,geo_cov_urb,2015,19.084
aut,sex_f,age_ythadult_y15_24,geo_cov_urb,2016,20.394
aut,sex_f,age_ythadult_y15_24,geo_cov_urb,2017,18.607
aut,sex_f,age_ythadult_y15_24,geo_cov_urb,2018,18.042
aut,sex_f,age_ythadult_y15_24,geo_cov_urb,2019,17.651
aut,sex_f,age_ythadult_y15_24,geo_cov_urb,2020,19.526
aut,sex_f,age_ythadult_y15_24,geo_cov_urb,2021,20.659
aut,sex_f,age_ythadult_y15_24,geo_cov_urb,2022,18.042
aut,sex_f,age_ythadult_y15_24,geo_cov_urb,2023,18.774
aut,sex_f,age_ythadult_y15_24,geo_cov_urb,2024,18.283
aut,sex_f,age_ythadult_y15_64,geo_cov_nat,1998,9.871
aut,sex_f,age_ythadult_y15_64,geo_cov_nat,1999,9.11
aut,sex_f,age_ythadult_y15_64,geo_cov_nat,2000,8.068
aut,sex_f,age_ythadult_y15_64,geo_cov_nat,2001,7.595
aut,sex_f,age_ythadult_y15_64,geo_cov_nat,2002,7.436
aut,sex_f,age_ythadult_y15_64,geo_cov_nat,2003,6.624
aut,sex_f,age_ythadult_y15_64,geo_cov_nat,2004,10.447
aut,sex_f,age_ythadult_y15_64,geo_cov_nat,2005,10.691
aut,sex_f,age_ythadult_y15_64,geo_cov_nat,2006,10.549
aut,sex_f,age_ythadult_y15_64,geo_cov_nat,2007,10.103
aut,sex_f,age_ythadult_y15_64,geo_cov_nat,2008,9.04
aut,sex_f,age_ythadult_y15_64,geo_cov_nat,2009,9.791
aut,sex_f,age_ythadult_y15_64,geo_cov_nat,2010,9.138
aut,sex_f,age_ythadult_y15_64,geo_cov_nat,2011,8.688
aut,sex_f,age_ythadult_y15_64,geo_cov_nat,2012,9.121
aut,sex_f,age_ythadult_y15_64,geo_cov_nat,2013,9.355
aut,sex_f,age_ythadult_y15_64,geo_cov_nat,2014,9.605
aut,sex_f,age_ythadult_y15_64,geo_cov_nat,2015,9.476
aut,sex_f,age_ythadult_y15_64,geo_cov_nat,2016,9.559
aut,sex_f,age_ythadult_y15_64,geo_cov_nat,2017,8.761
aut,sex_f,age_ythadult_y15_64,geo_cov_nat,2018,8.165
aut,sex_f,age_ythadult_y15_64,geo_cov_nat,2019,7.892
aut,sex_f,age_ythadult_y15_64,geo_cov_nat,2020,8.977
aut,sex_f,age_ythadult_y15_64,geo_cov_nat,2021,9.351
aut,sex_f,age_ythadult_y15_64,geo_cov_nat,2022,7.433
aut,sex_f,age_ythadult_y15_64,geo_cov_nat,2023,7.696
aut,sex_f,age_ythadult_y15_64,geo_cov_nat,2024,7.55
aut,sex_f,age_ythadult_y15_64,geo_cov_rur,1998,9.957
aut,sex_f,age_ythadult_y15_64,geo_cov_rur,1999,8.438
aut,sex_f,age_ythadult_y15_64,geo_cov_rur,2000,7.637
aut,sex_f,age_ythadult_y15_64,geo_cov_rur,2001,7.1
aut,sex_f,age_ythadult_y15_64,geo_cov_rur,2002,6.639
aut,sex_f,age_ythadult_y15_64,geo_cov_rur,2003,5.588
aut,sex_f,age_ythadult_y15_64,geo_cov_rur,2004,9.662
aut,sex_f,age_ythadult_y15_64,geo_cov_rur,2005,9.468
aut,sex_f,age_ythadult_y15_64,geo_cov_rur,2006,9.138
aut,sex_f,age_ythadult_y15_64,geo_cov_rur,2007,8.362
aut,sex_f,age_ythadult_y15_64,geo_cov_rur,2008,7.763
aut,sex_f,age_ythadult_y15_64,geo_cov_rur,2009,8.172
aut,sex_f,age_ythadult_y15_64,geo_cov_rur,2010,7.76
aut,sex_f,age_ythadult_y15_64,geo_cov_rur,2011,7.081
aut,sex_f,age_ythadult_y15_64,geo_cov_rur,2012,6.927
aut,sex_f,age_ythadult_y15_64,geo_cov_rur,2013,6.656
aut,sex_f,age_ythadult_y15_64,geo_cov_rur,2014,7.583
aut,sex_f,age_ythadult_y15_64,geo_cov_rur,2015,7.308
aut,sex_f,age_ythadult_y15_64,geo_cov_rur,2016,7.022
aut,sex_f,age_ythadult_y15_64,geo_cov_rur,2017,5.973
aut,sex_f,age_ythadult_y15_64,geo_cov_rur,2018,5.561
aut,sex_f,age_ythadult_y15_64,geo_cov_rur,2019,5.291
aut,sex_f,age_ythadult_y15_64,geo_cov_rur,2020,6.221
aut,sex_f,age_ythadult_y15_64,geo_cov_rur,2021,6.759
aut,sex_f,age_ythadult_y15_64,geo_cov_rur,2022,4.875
aut,sex_f,age_ythadult_y15_64,geo_cov_rur,2023,4.673
aut,sex_f,age_ythadult_y15_64,geo_cov_rur,2024,4.59
aut,sex_f,age_ythadult_y15_64,geo_cov_urb,1998,9.819
aut,sex_f,age_ythadult_y15_64,geo_cov_urb,1999,9.508
aut,sex_f,age_ythadult_y15_64,geo_cov_urb,2000,8.331
aut,sex_f,age_ythadult_y15_64,geo_cov_urb,2001,7.892
aut,sex_f,age_ythadult_y15_64,geo_cov_urb,2002,7.909
aut,sex_f,age_ythadult_y15_64,geo_cov_urb,2003,7.241
aut,sex_f,age_ythadult_y15_64,geo_cov_urb,2004,10.945
aut,sex_f,age_ythadult_y15_64,geo_cov_urb,2005,11.446
aut,sex_f,age_ythadult_y15_64,geo_cov_urb,2006,11.431
aut,sex_f,age_ythadult_y15_64,geo_cov_urb,2007,11.166
aut,sex_f,age_ythadult_y15_64,geo_cov_urb,2008,9.834
aut,sex_f,age_ythadult_y15_64,geo_cov_urb,2009,10.783
aut,sex_f,age_ythadult_y15_64,geo_cov_urb,2010,9.981
aut,sex_f,age_ythadult_y15_64,geo_cov_urb,2011,9.659
aut,sex_f,age_ythadult_y15_64,geo_cov_urb,2012,10.591
aut,sex_f,age_ythadult_y15_64,geo_cov_urb,2013,11.157
aut,sex_f,age_ythadult_y15_64,geo_cov_urb,2014,10.83
aut,sex_f,age_ythadult_y15_64,geo_cov_urb,2015,10.911
aut,sex_f,age_ythadult_y15_64,geo_cov_urb,2016,11.224
aut,sex_f,age_ythadult_y15_64,geo_cov_urb,2017,10.456
aut,sex_f,age_ythadult_y15_64,geo_cov_urb,2018,9.743
aut,sex_f,age_ythadult_y15_64,geo_cov_urb,2019,9.475
aut,sex_f,age_ythadult_y15_64,geo_cov_urb,2020,10.673
aut,sex_f,age_ythadult_y15_64,geo_cov_urb,2021,10.941
aut,sex_f,age_ythadult_y15_64,geo_cov_urb,2022,8.98
aut,sex_f,age_ythadult_y15_64,geo_cov_urb,2023,9.53
aut,sex_f,age_ythadult_y15_64,geo_cov_urb,2024,9.231
aut,sex_f,age_ythadult_yge15,geo_cov_nat,1998,10.084
aut,sex_f,age_ythadult_yge15,geo_cov_nat,1999,9.407
aut,sex_f,age_ythadult_yge15,geo_cov_nat,2000,8.239
aut,sex_f,age_ythadult_yge15,geo_cov_nat,2001,7.737
aut,sex_f,age_ythadult_yge15,geo_cov_nat,2002,7.469
aut,sex_f,age_ythadult_yge15,geo_cov_nat,2003,6.68
aut,sex_f,age_ythadult_yge15,geo_cov_nat,2004,10.655
aut,sex_f,age_ythadult_yge15,geo_cov_nat,2005,10.887
aut,sex_f,age_ythadult_yge15,geo_cov_nat,2006,10.752
aut,sex_f,age_ythadult_yge15,geo_cov_nat,2007,10.279
aut,sex_f,age_ythadult_yge15,geo_cov_nat,2008,9.192
aut,sex_f,age_ythadult_yge15,geo_cov_nat,2009,9.956
aut,sex_f,age_ythadult_yge15,geo_cov_nat,2010,9.295
aut,sex_f,age_ythadult_yge15,geo_cov_nat,2011,8.893
aut,sex_f,age_ythadult_yge15,geo_cov_nat,2012,9.333
aut,sex_f,age_ythadult_yge15,geo_cov_nat,2013,9.542
aut,sex_f,age_ythadult_yge15,geo_cov_nat,2014,9.889
aut,sex_f,age_ythadult_yge15,geo_cov_nat,2015,9.732
aut,sex_f,age_ythadult_yge15,geo_cov_nat,2016,9.832
aut,sex_f,age_ythadult_yge15,geo_cov_nat,2017,8.935
aut,sex_f,age_ythadult_yge15,geo_cov_nat,2018,8.363
aut,sex_f,age_ythadult_yge15,geo_cov_nat,2019,8.111
aut,sex_f,age_ythadult_yge15,geo_cov_nat,2020,9.205
aut,sex_f,age_ythadult_yge15,geo_cov_nat,2021,9.474
aut,sex_f,age_ythadult_yge15,geo_cov_nat,2022,7.502
aut,sex_f,age_ythadult_yge15,geo_cov_nat,2023,7.803
aut,sex_f,age_ythadult_yge15,geo_cov_nat,2024,7.682
aut,sex_f,age_ythadult_yge15,geo_cov_rur,1998,10.127
aut,sex_f,age_ythadult_yge15,geo_cov_rur,1999,8.646
aut,sex_f,age_ythadult_yge15,geo_cov_rur,2000,7.658
aut,sex_f,age_ythadult_yge15,geo_cov_rur,2001,7.258
aut,sex_f,age_ythadult_yge15,geo_cov_rur,2002,6.64
aut,sex_f,age_ythadult_yge15,geo_cov_rur,2003,5.58
aut,sex_f,age_ythadult_yge15,geo_cov_rur,2004,9.787
aut,sex_f,age_ythadult_yge15,geo_cov_rur,2005,9.562
aut,sex_f,age_ythadult_yge15,geo_cov_rur,2006,9.25
aut,sex_f,age_ythadult_yge15,geo_cov_rur,2007,8.407
aut,sex_f,age_ythadult_yge15,geo_cov_rur,2008,7.792
aut,sex_f,age_ythadult_yge15,geo_cov_rur,2009,8.182
aut,sex_f,age_ythadult_yge15,geo_cov_rur,2010,7.82
aut,sex_f,age_ythadult_yge15,geo_cov_rur,2011,7.173
aut,sex_f,age_ythadult_yge15,geo_cov_rur,2012,7.016
aut,sex_f,age_ythadult_yge15,geo_cov_rur,2013,6.777
aut,sex_f,age_ythadult_yge15,geo_cov_rur,2014,7.774
aut,sex_f,age_ythadult_yge15,geo_cov_rur,2015,7.521
aut,sex_f,age_ythadult_yge15,geo_cov_rur,2016,7.209
aut,sex_f,age_ythadult_yge15,geo_cov_rur,2017,6.067
aut,sex_f,age_ythadult_yge15,geo_cov_rur,2018,5.725
aut,sex_f,age_ythadult_yge15,geo_cov_rur,2019,5.507
aut,sex_f,age_ythadult_yge15,geo_cov_rur,2020,6.523
aut,sex_f,age_ythadult_yge15,geo_cov_rur,2021,6.801
aut,sex_f,age_ythadult_yge15,geo_cov_rur,2022,4.9
aut,sex_f,age_ythadult_yge15,geo_cov_rur,2023,4.732
aut,sex_f,age_ythadult_yge15,geo_cov_rur,2024,4.67
aut,sex_f,age_ythadult_yge15,geo_cov_urb,1998,10.057
aut,sex_f,age_ythadult_yge15,geo_cov_urb,1999,9.861
aut,sex_f,age_ythadult_yge15,geo_cov_urb,2000,8.595
aut,sex_f,age_ythadult_yge15,geo_cov_urb,2001,8.027
aut,sex_f,age_ythadult_yge15,geo_cov_urb,2002,7.963
aut,sex_f,age_ythadult_yge15,geo_cov_urb,2003,7.338
aut,sex_f,age_ythadult_yge15,geo_cov_urb,2004,11.206
aut,sex_f,age_ythadult_yge15,geo_cov_urb,2005,11.707
aut,sex_f,age_ythadult_yge15,geo_cov_urb,2006,11.692
aut,sex_f,age_ythadult_yge15,geo_cov_urb,2007,11.427
aut,sex_f,age_ythadult_yge15,geo_cov_urb,2008,10.067
aut,sex_f,age_ythadult_yge15,geo_cov_urb,2009,11.05
aut,sex_f,age_ythadult_yge15,geo_cov_urb,2010,10.201
aut,sex_f,age_ythadult_yge15,geo_cov_urb,2011,9.933
aut,sex_f,age_ythadult_yge15,geo_cov_urb,2012,10.896
aut,sex_f,age_ythadult_yge15,geo_cov_urb,2013,11.39
aut,sex_f,age_ythadult_yge15,geo_cov_urb,2014,11.177
aut,sex_f,age_ythadult_yge15,geo_cov_urb,2015,11.196
aut,sex_f,age_ythadult_yge15,geo_cov_urb,2016,11.556
aut,sex_f,age_ythadult_yge15,geo_cov_urb,2017,10.683
aut,sex_f,age_ythadult_yge15,geo_cov_urb,2018,9.967
aut,sex_f,age_ythadult_yge15,geo_cov_urb,2019,9.704
aut,sex_f,age_ythadult_yge15,geo_cov_urb,2020,10.862
aut,sex_f,age_ythadult_yge15,geo_cov_urb,2021,11.118
aut,sex_f,age_ythadult_yge15,geo_cov_urb,2022,9.079
aut,sex_f,age_ythadult_yge15,geo_cov_urb,2023,9.672
aut,sex_f,age_ythadult_yge15,geo_cov_urb,2024,9.405
aut,sex_f,age_ythadult_yge25,geo_cov_nat,1998,9.594
aut,sex_f,age_ythadult_yge25,geo_cov_nat,1999,9.302
aut,sex_f,age_ythadult_yge25,geo_cov_nat,2000,8.001
aut,sex_f,age_ythadult_yge25,geo_cov_nat,2001,7.552
aut,sex_f,age_ythadult_yge25,geo_cov_nat,2002,7.278
aut,sex_f,age_ythadult_yge25,geo_cov_nat,2003,6.312
aut,sex_f,age_ythadult_yge25,geo_cov_nat,2004,9.67
aut,sex_f,age_ythadult_yge25,geo_cov_nat,2005,9.585
aut,sex_f,age_ythadult_yge25,geo_cov_nat,2006,9.592
aut,sex_f,age_ythadult_yge25,geo_cov_nat,2007,9.213
aut,sex_f,age_ythadult_yge25,geo_cov_nat,2008,7.957
aut,sex_f,age_ythadult_yge25,geo_cov_nat,2009,8.455
aut,sex_f,age_ythadult_yge25,geo_cov_nat,2010,8.041
aut,sex_f,age_ythadult_yge25,geo_cov_nat,2011,7.734
aut,sex_f,age_ythadult_yge25,geo_cov_nat,2012,8.128
aut,sex_f,age_ythadult_yge25,geo_cov_nat,2013,8.33
aut,sex_f,age_ythadult_yge25,geo_cov_nat,2014,8.706
aut,sex_f,age_ythadult_yge25,geo_cov_nat,2015,8.596
aut,sex_f,age_ythadult_yge25,geo_cov_nat,2016,8.666
aut,sex_f,age_ythadult_yge25,geo_cov_nat,2017,7.976
aut,sex_f,age_ythadult_yge25,geo_cov_nat,2018,7.407
aut,sex_f,age_ythadult_yge25,geo_cov_nat,2019,7.203
aut,sex_f,age_ythadult_yge25,geo_cov_nat,2020,8.238
aut,sex_f,age_ythadult_yge25,geo_cov_nat,2021,8.416
aut,sex_f,age_ythadult_yge25,geo_cov_nat,2022,6.545
aut,sex_f,age_ythadult_yge25,geo_cov_nat,2023,6.738
aut,sex_f,age_ythadult_yge25,geo_cov_nat,2024,6.61
aut,sex_f,age_ythadult_yge25,geo_cov_rur,1998,9.958
aut,sex_f,age_ythadult_yge25,geo_cov_rur,1999,8.885
aut,sex_f,age_ythadult_yge25,geo_cov_rur,2000,7.715
aut,sex_f,age_ythadult_yge25,geo_cov_rur,2001,7.33
aut,sex_f,age_ythadult_yge25,geo_cov_rur,2002,6.44
aut,sex_f,age_ythadult_yge25,geo_cov_rur,2003,5.49
aut,sex_f,age_ythadult_yge25,geo_cov_rur,2004,9.052
aut,sex_f,age_ythadult_yge25,geo_cov_rur,2005,8.588
aut,sex_f,age_ythadult_yge25,geo_cov_rur,2006,8.28
aut,sex_f,age_ythadult_yge25,geo_cov_rur,2007,7.506
aut,sex_f,age_ythadult_yge25,geo_cov_rur,2008,6.865
aut,sex_f,age_ythadult_yge25,geo_cov_rur,2009,6.938
aut,sex_f,age_ythadult_yge25,geo_cov_rur,2010,6.801
aut,sex_f,age_ythadult_yge25,geo_cov_rur,2011,6.42
aut,sex_f,age_ythadult_yge25,geo_cov_rur,2012,6.074
aut,sex_f,age_ythadult_yge25,geo_cov_rur,2013,5.905
aut,sex_f,age_ythadult_yge25,geo_cov_rur,2014,6.753
aut,sex_f,age_ythadult_yge25,geo_cov_rur,2015,6.403
aut,sex_f,age_ythadult_yge25,geo_cov_rur,2016,6.289
aut,sex_f,age_ythadult_yge25,geo_cov_rur,2017,5.285
aut,sex_f,age_ythadult_yge25,geo_cov_rur,2018,4.941
aut,sex_f,age_ythadult_yge25,geo_cov_rur,2019,4.771
aut,sex_f,age_ythadult_yge25,geo_cov_rur,2020,5.856
aut,sex_f,age_ythadult_yge25,geo_cov_rur,2021,5.852
aut,sex_f,age_ythadult_yge25,geo_cov_rur,2022,4.19
aut,sex_f,age_ythadult_yge25,geo_cov_rur,2023,3.927
aut,sex_f,age_ythadult_yge25,geo_cov_rur,2024,3.79
aut,sex_f,age_ythadult_yge25,geo_cov_urb,1998,9.383
aut,sex_f,age_ythadult_yge25,geo_cov_urb,1999,9.539
aut,sex_f,age_ythadult_yge25,geo_cov_urb,2000,8.164
aut,sex_f,age_ythadult_yge25,geo_cov_urb,2001,7.681
aut,sex_f,age_ythadult_yge25,geo_cov_urb,2002,7.756
aut,sex_f,age_ythadult_yge25,geo_cov_urb,2003,6.785
aut,sex_f,age_ythadult_yge25,geo_cov_urb,2004,10.051
aut,sex_f,age_ythadult_yge25,geo_cov_urb,2005,10.179
aut,sex_f,age_ythadult_yge25,geo_cov_urb,2006,10.384
aut,sex_f,age_ythadult_yge25,geo_cov_urb,2007,10.248
aut,sex_f,age_ythadult_yge25,geo_cov_urb,2008,8.628
aut,sex_f,age_ythadult_yge25,geo_cov_urb,2009,9.367
aut,sex_f,age_ythadult_yge25,geo_cov_urb,2010,8.783
aut,sex_f,age_ythadult_yge25,geo_cov_urb,2011,8.509
aut,sex_f,age_ythadult_yge25,geo_cov_urb,2012,9.481
aut,sex_f,age_ythadult_yge25,geo_cov_urb,2013,9.919
aut,sex_f,age_ythadult_yge25,geo_cov_urb,2014,9.873
aut,sex_f,age_ythadult_yge25,geo_cov_urb,2015,10.034
aut,sex_f,age_ythadult_yge25,geo_cov_urb,2016,10.228
aut,sex_f,age_ythadult_yge25,geo_cov_urb,2017,9.595
aut,sex_f,age_ythadult_yge25,geo_cov_urb,2018,8.889
aut,sex_f,age_ythadult_yge25,geo_cov_urb,2019,8.677
aut,sex_f,age_ythadult_yge25,geo_cov_urb,2020,9.711
aut,sex_f,age_ythadult_yge25,geo_cov_urb,2021,9.973
aut,sex_f,age_ythadult_yge25,geo_cov_urb,2022,7.965
aut,sex_f,age_ythadult_yge25,geo_cov_urb,2023,8.455
aut,sex_f,age_ythadult_yge25,geo_cov_urb,2024,8.24
aut,sex_m,age_aggregate_total,geo_cov_nat,1998,7.129
aut,sex_m,age_aggregate_total,geo_cov_nat,1999,6.376
aut,sex_m,age_aggregate_total,geo_cov_nat,2000,6.189
aut,sex_m,age_aggregate_total,geo_cov_nat,2001,5.333
aut,sex_m,age_aggregate_total,geo_cov_nat,2002,6.193
aut,sex_m,age_aggregate_total,geo_cov_nat,2003,6.278
aut,sex_m,age_aggregate_total,geo_cov_nat,2004,8.836
aut,sex_m,age_aggregate_total,geo_cov_nat,2005,9.35
aut,sex_m,age_aggregate_total,geo_cov_nat,2006,8.909
aut,sex_m,age_aggregate_total,geo_cov_nat,2007,7.94
aut,sex_m,age_aggregate_total,geo_cov_nat,2008,7.328
aut,sex_m,age_aggregate_total,geo_cov_nat,2009,9.04
aut,sex_m,age_aggregate_total,geo_cov_nat,2010,8.713
aut,sex_m,age_aggregate_total,geo_cov_nat,2011,8.169
aut,sex_m,age_aggregate_total,geo_cov_nat,2012,8.594
aut,sex_m,age_aggregate_total,geo_cov_nat,2013,8.856
aut,sex_m,age_aggregate_total,geo_cov_nat,2014,9.724
aut,sex_m,age_aggregate_total,geo_cov_nat,2015,9.992
aut,sex_m,age_aggregate_total,geo_cov_nat,2016,10.076
aut,sex_m,age_aggregate_total,geo_cov_nat,2017,9.496
aut,sex_m,age_aggregate_total,geo_cov_nat,2018,8.084
aut,sex_m,age_aggregate_total,geo_cov_nat,2019,7.672
aut,sex_m,age_aggregate_total,geo_cov_nat,2020,9.408
aut,sex_m,age_aggregate_total,geo_cov_nat,2021,8.891
aut,sex_m,age_aggregate_total,geo_cov_nat,2022,7.33
aut,sex_m,age_aggregate_total,geo_cov_nat,2023,7.974
aut,sex_m,age_aggregate_total,geo_cov_nat,2024,8.141
aut,sex_m,age_aggregate_total,geo_cov_rur,1998,5.964
aut,sex_m,age_aggregate_total,geo_cov_rur,1999,5.48
aut,sex_m,age_aggregate_total,geo_cov_rur,2000,5.116
aut,sex_m,age_aggregate_total,geo_cov_rur,2001,4.804
aut,sex_m,age_aggregate_total,geo_cov_rur,2002,4.736
aut,sex_m,age_aggregate_total,geo_cov_rur,2003,4.262
aut,sex_m,age_aggregate_total,geo_cov_rur,2004,6.726
aut,sex_m,age_aggregate_total,geo_cov_rur,2005,6.659
aut,sex_m,age_aggregate_total,geo_cov_rur,2006,6.381
aut,sex_m,age_aggregate_total,geo_cov_rur,2007,5.449
aut,sex_m,age_aggregate_total,geo_cov_rur,2008,4.86
aut,sex_m,age_aggregate_total,geo_cov_rur,2009,5.914
aut,sex_m,age_aggregate_total,geo_cov_rur,2010,6.231
aut,sex_m,age_aggregate_total,geo_cov_rur,2011,5.653
aut,sex_m,age_aggregate_total,geo_cov_rur,2012,5.69
aut,sex_m,age_aggregate_total,geo_cov_rur,2013,5.827
aut,sex_m,age_aggregate_total,geo_cov_rur,2014,6.317
aut,sex_m,age_aggregate_total,geo_cov_rur,2015,6.705
aut,sex_m,age_aggregate_total,geo_cov_rur,2016,6.156
aut,sex_m,age_aggregate_total,geo_cov_rur,2017,5.752
aut,sex_m,age_aggregate_total,geo_cov_rur,2018,4.695
aut,sex_m,age_aggregate_total,geo_cov_rur,2019,4.373
aut,sex_m,age_aggregate_total,geo_cov_rur,2020,6.219
aut,sex_m,age_aggregate_total,geo_cov_rur,2021,5.335
aut,sex_m,age_aggregate_total,geo_cov_rur,2022,4.275
aut,sex_m,age_aggregate_total,geo_cov_rur,2023,4.993
aut,sex_m,age_aggregate_total,geo_cov_rur,2024,4.773
aut,sex_m,age_aggregate_total,geo_cov_urb,1998,7.92
aut,sex_m,age_aggregate_total,geo_cov_urb,1999,6.969
aut,sex_m,age_aggregate_total,geo_cov_urb,2000,6.905
aut,sex_m,age_aggregate_total,geo_cov_urb,2001,5.693
aut,sex_m,age_aggregate_total,geo_cov_urb,2002,7.181
aut,sex_m,age_aggregate_total,geo_cov_urb,2003,7.648
aut,sex_m,age_aggregate_total,geo_cov_urb,2004,10.321
aut,sex_m,age_aggregate_total,geo_cov_urb,2005,11.223
aut,sex_m,age_aggregate_total,geo_cov_urb,2006,10.617
aut,sex_m,age_aggregate_total,geo_cov_urb,2007,9.609
aut,sex_m,age_aggregate_total,geo_cov_urb,2008,8.973
aut,sex_m,age_aggregate_total,geo_cov_urb,2009,11.087
aut,sex_m,age_aggregate_total,geo_cov_urb,2010,10.361
aut,sex_m,age_aggregate_total,geo_cov_urb,2011,9.816
aut,sex_m,age_aggregate_total,geo_cov_urb,2012,10.716
aut,sex_m,age_aggregate_total,geo_cov_urb,2013,11.047
aut,sex_m,age_aggregate_total,geo_cov_urb,2014,11.903
aut,sex_m,age_aggregate_total,geo_cov_urb,2015,12.371
aut,sex_m,age_aggregate_total,geo_cov_urb,2016,12.76
aut,sex_m,age_aggregate_total,geo_cov_urb,2017,11.871
aut,sex_m,age_aggregate_total,geo_cov_urb,2018,10.207
aut,sex_m,age_aggregate_total,geo_cov_urb,2019,9.733
aut,sex_m,age_aggregate_total,geo_cov_urb,2020,11.424
aut,sex_m,age_aggregate_total,geo_cov_urb,2021,11.173
aut,sex_m,age_aggregate_total,geo_cov_urb,2022,9.255
aut,sex_m,age_aggregate_total,geo_cov_urb,2023,9.801
aut,sex_m,age_aggregate_total,geo_cov_urb,2024,10.115
aut,sex_m,age_aggregate_y15_24,geo_cov_nat,1998,9.767
aut,sex_m,age_aggregate_y15_24,geo_cov_nat,1999,7.768
aut,sex_m,age_aggregate_y15_24,geo_cov_nat,2000,9.544
aut,sex_m,age_aggregate_y15_24,geo_cov_nat,2001,8.587
aut,sex_m,age_aggregate_y15_24,geo_cov_nat,2002,8.958
aut,sex_m,age_aggregate_y15_24,geo_cov_nat,2003,9.408
aut,sex_m,age_aggregate_y15_24,geo_cov_nat,2004,16.324
aut,sex_m,age_aggregate_y15_24,geo_cov_nat,2005,18.357
aut,sex_m,age_aggregate_y15_24,geo_cov_nat,2006,17.029
aut,sex_m,age_aggregate_y15_24,geo_cov_nat,2007,15.924
aut,sex_m,age_aggregate_y15_24,geo_cov_nat,2008,15.088
aut,sex_m,age_aggregate_y15_24,geo_cov_nat,2009,17.829
aut,sex_m,age_aggregate_y15_24,geo_cov_nat,2010,17.145
aut,sex_m,age_aggregate_y15_24,geo_cov_nat,2011,15.027
aut,sex_m,age_aggregate_y15_24,geo_cov_nat,2012,15.597
aut,sex_m,age_aggregate_y15_24,geo_cov_nat,2013,16.287
aut,sex_m,age_aggregate_y15_24,geo_cov_nat,2014,17.483
aut,sex_m,age_aggregate_y15_24,geo_cov_nat,2015,18.451
aut,sex_m,age_aggregate_y15_24,geo_cov_nat,2016,19.288
aut,sex_m,age_aggregate_y15_24,geo_cov_nat,2017,17.961
aut,sex_m,age_aggregate_y15_24,geo_cov_nat,2018,15.497
aut,sex_m,age_aggregate_y15_24,geo_cov_nat,2019,16.22
aut,sex_m,age_aggregate_y15_24,geo_cov_nat,2020,18.448
aut,sex_m,age_aggregate_y15_24,geo_cov_nat,2021,16.019
aut,sex_m,age_aggregate_y15_24,geo_cov_nat,2022,14.887
aut,sex_m,age_aggregate_y15_24,geo_cov_nat,2023,15.486
aut,sex_m,age_aggregate_y15_24,geo_cov_nat,2024,15.459
aut,sex_m,age_aggregate_y15_24,geo_cov_rur,1998,8.137
aut,sex_m,age_aggregate_y15_24,geo_cov_rur,1999,6.86
aut,sex_m,age_aggregate_y15_24,geo_cov_rur,2000,7.92
aut,sex_m,age_aggregate_y15_24,geo_cov_rur,2001,7.059
aut,sex_m,age_aggregate_y15_24,geo_cov_rur,2002,6.498
aut,sex_m,age_aggregate_y15_24,geo_cov_rur,2003,5.66
aut,sex_m,age_aggregate_y15_24,geo_cov_rur,2004,12.435
aut,sex_m,age_aggregate_y15_24,geo_cov_rur,2005,12.844
aut,sex_m,age_aggregate_y15_24,geo_cov_rur,2006,11.991
aut,sex_m,age_aggregate_y15_24,geo_cov_rur,2007,10.154
aut,sex_m,age_aggregate_y15_24,geo_cov_rur,2008,9.403
aut,sex_m,age_aggregate_y15_24,geo_cov_rur,2009,11.997
aut,sex_m,age_aggregate_y15_24,geo_cov_rur,2010,11.566
aut,sex_m,age_aggregate_y15_24,geo_cov_rur,2011,9.451
aut,sex_m,age_aggregate_y15_24,geo_cov_rur,2012,9.756
aut,sex_m,age_aggregate_y15_24,geo_cov_rur,2013,10.909
aut,sex_m,age_aggregate_y15_24,geo_cov_rur,2014,10.528
aut,sex_m,age_aggregate_y15_24,geo_cov_rur,2015,12.067
aut,sex_m,age_aggregate_y15_24,geo_cov_rur,2016,12.316
aut,sex_m,age_aggregate_y15_24,geo_cov_rur,2017,11.215
aut,sex_m,age_aggregate_y15_24,geo_cov_rur,2018,8.134
aut,sex_m,age_aggregate_y15_24,geo_cov_rur,2019,8.992
aut,sex_m,age_aggregate_y15_24,geo_cov_rur,2020,12.596
aut,sex_m,age_aggregate_y15_24,geo_cov_rur,2021,10.816
aut,sex_m,age_aggregate_y15_24,geo_cov_rur,2022,8.107
aut,sex_m,age_aggregate_y15_24,geo_cov_rur,2023,9.989
aut,sex_m,age_aggregate_y15_24,geo_cov_rur,2024,9.826
aut,sex_m,age_aggregate_y15_24,geo_cov_urb,1998,11.316
aut,sex_m,age_aggregate_y15_24,geo_cov_urb,1999,8.534
aut,sex_m,age_aggregate_y15_24,geo_cov_urb,2000,10.958
aut,sex_m,age_aggregate_y15_24,geo_cov_urb,2001,9.976
aut,sex_m,age_aggregate_y15_24,geo_cov_urb,2002,11.251
aut,sex_m,age_aggregate_y15_24,geo_cov_urb,2003,12.702
aut,sex_m,age_aggregate_y15_24,geo_cov_urb,2004,19.577
aut,sex_m,age_aggregate_y15_24,geo_cov_urb,2005,23.239
aut,sex_m,age_aggregate_y15_24,geo_cov_urb,2006,21.186
aut,sex_m,age_aggregate_y15_24,geo_cov_urb,2007,20.422
aut,sex_m,age_aggregate_y15_24,geo_cov_urb,2008,19.283
aut,sex_m,age_aggregate_y15_24,geo_cov_urb,2009,21.954
aut,sex_m,age_aggregate_y15_24,geo_cov_urb,2010,21.245
aut,sex_m,age_aggregate_y15_24,geo_cov_urb,2011,19.069
aut,sex_m,age_aggregate_y15_24,geo_cov_urb,2012,20.746
aut,sex_m,age_aggregate_y15_24,geo_cov_urb,2013,20.629
aut,sex_m,age_aggregate_y15_24,geo_cov_urb,2014,22.402
aut,sex_m,age_aggregate_y15_24,geo_cov_urb,2015,23.721
aut,sex_m,age_aggregate_y15_24,geo_cov_urb,2016,24.477
aut,sex_m,age_aggregate_y15_24,geo_cov_urb,2017,23.019
aut,sex_m,age_aggregate_y15_24,geo_cov_urb,2018,20.734
aut,sex_m,age_aggregate_y15_24,geo_cov_urb,2019,21.138
aut,sex_m,age_aggregate_y15_24,geo_cov_urb,2020,22.591
aut,sex_m,age_aggregate_y15_24,geo_cov_urb,2021,19.965
aut,sex_m,age_aggregate_y15_24,geo_cov_urb,2022,19.269
aut,sex_m,age_aggregate_y15_24,geo_cov_urb,2023,18.947
aut,sex_m,age_aggregate_y15_24,geo_cov_urb,2024,18.661
aut,sex_m,age_aggregate_y25_54,geo_cov_nat,1998,5.88
aut,sex_m,age_aggregate_y25_54,geo_cov_nat,1999,5.523
aut,sex_m,age_aggregate_y25_54,geo_cov_nat,2000,5.127
aut,sex_m,age_aggregate_y25_54,geo_cov_nat,2001,4.146
aut,sex_m,age_aggregate_y25_54,geo_cov_nat,2002,5.354
aut,sex_m,age_aggregate_y25_54,geo_cov_nat,2003,5.106
aut,sex_m,age_aggregate_y25_54,geo_cov_nat,2004,6.582
aut,sex_m,age_aggregate_y25_54,geo_cov_nat,2005,6.861
aut,sex_m,age_aggregate_y25_54,geo_cov_nat,2006,6.625
aut,sex_m,age_aggregate_y25_54,geo_cov_nat,2007,6.033
aut,sex_m,age_aggregate_y25_54,geo_cov_nat,2008,5.556
aut,sex_m,age_aggregate_y25_54,geo_cov_nat,2009,7.2
aut,sex_m,age_aggregate_y25_54,geo_cov_nat,2010,6.865
aut,sex_m,age_aggregate_y25_54,geo_cov_nat,2011,6.175
aut,sex_m,age_aggregate_y25_54,geo_cov_nat,2012,6.714
aut,sex_m,age_aggregate_y25_54,geo_cov_nat,2013,7.235
aut,sex_m,age_aggregate_y25_54,geo_cov_nat,2014,7.871
aut,sex_m,age_aggregate_y25_54,geo_cov_nat,2015,7.905
aut,sex_m,age_aggregate_y25_54,geo_cov_nat,2016,8.025
aut,sex_m,age_aggregate_y25_54,geo_cov_nat,2017,7.936
aut,sex_m,age_aggregate_y25_54,geo_cov_nat,2018,6.943
aut,sex_m,age_aggregate_y25_54,geo_cov_nat,2019,6.174
aut,sex_m,age_aggregate_y25_54,geo_cov_nat,2020,7.713
aut,sex_m,age_aggregate_y25_54,geo_cov_nat,2021,7.809
aut,sex_m,age_aggregate_y25_54,geo_cov_nat,2022,6.229
aut,sex_m,age_aggregate_y25_54,geo_cov_nat,2023,6.817
aut,sex_m,age_aggregate_y25_54,geo_cov_nat,2024,7.176
aut,sex_m,age_aggregate_y25_54,geo_cov_rur,1998,4.577
aut,sex_m,age_aggregate_y25_54,geo_cov_rur,1999,4.65
aut,sex_m,age_aggregate_y25_54,geo_cov_rur,2000,4.125
aut,sex_m,age_aggregate_y25_54,geo_cov_rur,2001,3.772
aut,sex_m,age_aggregate_y25_54,geo_cov_rur,2002,4.332
aut,sex_m,age_aggregate_y25_54,geo_cov_rur,2003,3.731
aut,sex_m,age_aggregate_y25_54,geo_cov_rur,2004,4.88
aut,sex_m,age_aggregate_y25_54,geo_cov_rur,2005,4.792
aut,sex_m,age_aggregate_y25_54,geo_cov_rur,2006,4.539
aut,sex_m,age_aggregate_y25_54,geo_cov_rur,2007,4.038
aut,sex_m,age_aggregate_y25_54,geo_cov_rur,2008,3.583
aut,sex_m,age_aggregate_y25_54,geo_cov_rur,2009,4.548
aut,sex_m,age_aggregate_y25_54,geo_cov_rur,2010,4.763
aut,sex_m,age_aggregate_y25_54,geo_cov_rur,2011,4.184
aut,sex_m,age_aggregate_y25_54,geo_cov_rur,2012,4.262
aut,sex_m,age_aggregate_y25_54,geo_cov_rur,2013,4.562
aut,sex_m,age_aggregate_y25_54,geo_cov_rur,2014,5.201
aut,sex_m,age_aggregate_y25_54,geo_cov_rur,2015,4.821
aut,sex_m,age_aggregate_y25_54,geo_cov_rur,2016,4.492
aut,sex_m,age_aggregate_y25_54,geo_cov_rur,2017,4.271
aut,sex_m,age_aggregate_y25_54,geo_cov_rur,2018,3.706
aut,sex_m,age_aggregate_y25_54,geo_cov_rur,2019,3.016
aut,sex_m,age_aggregate_y25_54,geo_cov_rur,2020,4.38
aut,sex_m,age_aggregate_y25_54,geo_cov_rur,2021,4.268
aut,sex_m,age_aggregate_y25_54,geo_cov_rur,2022,3.65
aut,sex_m,age_aggregate_y25_54,geo_cov_rur,2023,4.054
aut,sex_m,age_aggregate_y25_54,geo_cov_rur,2024,3.905
aut,sex_m,age_aggregate_y25_54,geo_cov_urb,1998,6.72
aut,sex_m,age_aggregate_y25_54,geo_cov_urb,1999,6.084
aut,sex_m,age_aggregate_y25_54,geo_cov_urb,2000,5.781
aut,sex_m,age_aggregate_y25_54,geo_cov_urb,2001,4.395
aut,sex_m,age_aggregate_y25_54,geo_cov_urb,2002,6.023
aut,sex_m,age_aggregate_y25_54,geo_cov_urb,2003,6.025
aut,sex_m,age_aggregate_y25_54,geo_cov_urb,2004,7.766
aut,sex_m,age_aggregate_y25_54,geo_cov_urb,2005,8.268
aut,sex_m,age_aggregate_y25_54,geo_cov_urb,2006,7.998
aut,sex_m,age_aggregate_y25_54,geo_cov_urb,2007,7.324
aut,sex_m,age_aggregate_y25_54,geo_cov_urb,2008,6.835
aut,sex_m,age_aggregate_y25_54,geo_cov_urb,2009,8.899
aut,sex_m,age_aggregate_y25_54,geo_cov_urb,2010,8.221
aut,sex_m,age_aggregate_y25_54,geo_cov_urb,2011,7.427
aut,sex_m,age_aggregate_y25_54,geo_cov_urb,2012,8.432
aut,sex_m,age_aggregate_y25_54,geo_cov_urb,2013,9.089
aut,sex_m,age_aggregate_y25_54,geo_cov_urb,2014,9.508
aut,sex_m,age_aggregate_y25_54,geo_cov_urb,2015,10.02
aut,sex_m,age_aggregate_y25_54,geo_cov_urb,2016,10.331
aut,sex_m,age_aggregate_y25_54,geo_cov_urb,2017,10.141
aut,sex_m,age_aggregate_y25_54,geo_cov_urb,2018,8.848
aut,sex_m,age_aggregate_y25_54,geo_cov_urb,2019,8.043
aut,sex_m,age_aggregate_y25_54,geo_cov_urb,2020,9.679
aut,sex_m,age_aggregate_y25_54,geo_cov_urb,2021,9.946
aut,sex_m,age_aggregate_y25_54,geo_cov_urb,2022,7.772
aut,sex_m,age_aggregate_y25_54,geo_cov_urb,2023,8.414
aut,sex_m,age_aggregate_y25_54,geo_cov_urb,2024,9.002
aut,sex_m,age_aggregate_y55_64,geo_cov_nat,1998,11.861
aut,sex_m,age_aggregate_y55_64,geo_cov_nat,1999,9.095
aut,sex_m,age_aggregate_y55_64,geo_cov_nat,2000,10.031
aut,sex_m,age_aggregate_y55_64,geo_cov_nat,2001,9.421
aut,sex_m,age_aggregate_y55_64,geo_cov_nat,2002,9.6
aut,sex_m,age_aggregate_y55_64,geo_cov_nat,2003,10.985
aut,sex_m,age_aggregate_y55_64,geo_cov_nat,2004,13.282
aut,sex_m,age_aggregate_y55_64,geo_cov_nat,2005,12.774
aut,sex_m,age_aggregate_y55_64,geo_cov_nat,2006,12.14
aut,sex_m,age_aggregate_y55_64,geo_cov_nat,2007,8.983
aut,sex_m,age_aggregate_y55_64,geo_cov_nat,2008,7.13
aut,sex_m,age_aggregate_y55_64,geo_cov_nat,2009,8.257
aut,sex_m,age_aggregate_y55_64,geo_cov_nat,2010,7.932
aut,sex_m,age_aggregate_y55_64,geo_cov_nat,2011,10.275
aut,sex_m,age_aggregate_y55_64,geo_cov_nat,2012,9.709
aut,sex_m,age_aggregate_y55_64,geo_cov_nat,2013,8.463
aut,sex_m,age_aggregate_y55_64,geo_cov_nat,2014,9.467
aut,sex_m,age_aggregate_y55_64,geo_cov_nat,2015,10.692
aut,sex_m,age_aggregate_y55_64,geo_cov_nat,2016,10.137
aut,sex_m,age_aggregate_y55_64,geo_cov_nat,2017,8.52
aut,sex_m,age_aggregate_y55_64,geo_cov_nat,2018,6.772
aut,sex_m,age_aggregate_y55_64,geo_cov_nat,2019,6.763
aut,sex_m,age_aggregate_y55_64,geo_cov_nat,2020,8.77
aut,sex_m,age_aggregate_y55_64,geo_cov_nat,2021,8.192
aut,sex_m,age_aggregate_y55_64,geo_cov_nat,2022,6.406
aut,sex_m,age_aggregate_y55_64,geo_cov_nat,2023,7.087
aut,sex_m,age_aggregate_y55_64,geo_cov_nat,2024,6.756
aut,sex_m,age_aggregate_y55_64,geo_cov_rur,1998,11.542
aut,sex_m,age_aggregate_y55_64,geo_cov_rur,1999,8.36
aut,sex_m,age_aggregate_y55_64,geo_cov_rur,2000,9.01
aut,sex_m,age_aggregate_y55_64,geo_cov_rur,2001,8.174
aut,sex_m,age_aggregate_y55_64,geo_cov_rur,2002,5.032
aut,sex_m,age_aggregate_y55_64,geo_cov_rur,2003,6.562
aut,sex_m,age_aggregate_y55_64,geo_cov_rur,2004,10.452
aut,sex_m,age_aggregate_y55_64,geo_cov_rur,2005,9.344
aut,sex_m,age_aggregate_y55_64,geo_cov_rur,2006,9.944
aut,sex_m,age_aggregate_y55_64,geo_cov_rur,2007,6.864
aut,sex_m,age_aggregate_y55_64,geo_cov_rur,2008,5.63
aut,sex_m,age_aggregate_y55_64,geo_cov_rur,2009,6.548
aut,sex_m,age_aggregate_y55_64,geo_cov_rur,2010,6.975
aut,sex_m,age_aggregate_y55_64,geo_cov_rur,2011,7.857
aut,sex_m,age_aggregate_y55_64,geo_cov_rur,2012,7.561
aut,sex_m,age_aggregate_y55_64,geo_cov_rur,2013,5.988
aut,sex_m,age_aggregate_y55_64,geo_cov_rur,2014,6.048
aut,sex_m,age_aggregate_y55_64,geo_cov_rur,2015,8.742
aut,sex_m,age_aggregate_y55_64,geo_cov_rur,2016,6.612
aut,sex_m,age_aggregate_y55_64,geo_cov_rur,2017,6.037
aut,sex_m,age_aggregate_y55_64,geo_cov_rur,2018,4.958
aut,sex_m,age_aggregate_y55_64,geo_cov_rur,2019,5.308
aut,sex_m,age_aggregate_y55_64,geo_cov_rur,2020,6.926
aut,sex_m,age_aggregate_y55_64,geo_cov_rur,2021,5.091
aut,sex_m,age_aggregate_y55_64,geo_cov_rur,2022,3.791
aut,sex_m,age_aggregate_y55_64,geo_cov_rur,2023,4.347
aut,sex_m,age_aggregate_y55_64,geo_cov_rur,2024,4.461
aut,sex_m,age_aggregate_y55_64,geo_cov_urb,1998,12.044
aut,sex_m,age_aggregate_y55_64,geo_cov_urb,1999,9.481
aut,sex_m,age_aggregate_y55_64,geo_cov_urb,2000,10.534
aut,sex_m,age_aggregate_y55_64,geo_cov_urb,2001,10.031
aut,sex_m,age_aggregate_y55_64,geo_cov_urb,2002,12.036
aut,sex_m,age_aggregate_y55_64,geo_cov_urb,2003,13.243
aut,sex_m,age_aggregate_y55_64,geo_cov_urb,2004,14.938
aut,sex_m,age_aggregate_y55_64,geo_cov_urb,2005,14.724
aut,sex_m,age_aggregate_y55_64,geo_cov_urb,2006,13.441
aut,sex_m,age_aggregate_y55_64,geo_cov_urb,2007,10.371
aut,sex_m,age_aggregate_y55_64,geo_cov_urb,2008,8.129
aut,sex_m,age_aggregate_y55_64,geo_cov_urb,2009,9.378
aut,sex_m,age_aggregate_y55_64,geo_cov_urb,2010,8.572
aut,sex_m,age_aggregate_y55_64,geo_cov_urb,2011,12.004
aut,sex_m,age_aggregate_y55_64,geo_cov_urb,2012,11.307
aut,sex_m,age_aggregate_y55_64,geo_cov_urb,2013,10.423
aut,sex_m,age_aggregate_y55_64,geo_cov_urb,2014,11.897
aut,sex_m,age_aggregate_y55_64,geo_cov_urb,2015,12.29
aut,sex_m,age_aggregate_y55_64,geo_cov_urb,2016,12.927
aut,sex_m,age_aggregate_y55_64,geo_cov_urb,2017,10.233
aut,sex_m,age_aggregate_y55_64,geo_cov_urb,2018,8.06
aut,sex_m,age_aggregate_y55_64,geo_cov_urb,2019,7.833
aut,sex_m,age_aggregate_y55_64,geo_cov_urb,2020,10.175
aut,sex_m,age_aggregate_y55_64,geo_cov_urb,2021,10.411
aut,sex_m,age_aggregate_y55_64,geo_cov_urb,2022,8.321
aut,sex_m,age_aggregate_y55_64,geo_cov_urb,2023,9.057
aut,sex_m,age_aggregate_y55_64,geo_cov_urb,2024,8.35
aut,sex_m,age_aggregate_yge65,geo_cov_nat,1998,26.844
aut,sex_m,age_aggregate_yge65,geo_cov_nat,1999,26.807
aut,sex_m,age_aggregate_yge65,geo_cov_nat,2000,9.47
aut,sex_m,age_aggregate_yge65,geo_cov_nat,2001,19.64
aut,sex_m,age_aggregate_yge65,geo_cov_nat,2002,5.732
aut,sex_m,age_aggregate_yge65,geo_cov_nat,2003,13.369
aut,sex_m,age_aggregate_yge65,geo_cov_nat,2004,32.485
aut,sex_m,age_aggregate_yge65,geo_cov_nat,2005,27.068
aut,sex_m,age_aggregate_yge65,geo_cov_nat,2006,24.13
aut,sex_m,age_aggregate_yge65,geo_cov_nat,2007,16.599
aut,sex_m,age_aggregate_yge65,geo_cov_nat,2008,17.116
aut,sex_m,age_aggregate_yge65,geo_cov_nat,2009,16.555
aut,sex_m,age_aggregate_yge65,geo_cov_nat,2010,18.654
aut,sex_m,age_aggregate_yge65,geo_cov_nat,2011,19.63
aut,sex_m,age_aggregate_yge65,geo_cov_nat,2012,20.204
aut,sex_m,age_aggregate_yge65,geo_cov_nat,2013,16.806
aut,sex_m,age_aggregate_yge65,geo_cov_nat,2014,22.19
aut,sex_m,age_aggregate_yge65,geo_cov_nat,2015,20.759
aut,sex_m,age_aggregate_yge65,geo_cov_nat,2016,19.569
aut,sex_m,age_aggregate_yge65,geo_cov_nat,2017,18.625
aut,sex_m,age_aggregate_yge65,geo_cov_nat,2018,13.303
aut,sex_m,age_aggregate_yge65,geo_cov_nat,2019,15.358
aut,sex_m,age_aggregate_yge65,geo_cov_nat,2020,18.675
aut,sex_m,age_aggregate_yge65,geo_cov_nat,2021,10.797
aut,sex_m,age_aggregate_yge65,geo_cov_nat,2022,8.802
aut,sex_m,age_aggregate_yge65,geo_cov_nat,2023,10.356
aut,sex_m,age_aggregate_yge65,geo_cov_nat,2024,11.19
aut,sex_m,age_aggregate_yge65,geo_cov_rur,1998,22.058
aut,sex_m,age_aggregate_yge65,geo_cov_rur,1999,16.389
aut,sex_m,age_aggregate_yge65,geo_cov_rur,2000,7.542
aut,sex_m,age_aggregate_yge65,geo_cov_rur,2001,16.929
aut,sex_m,age_aggregate_yge65,geo_cov_rur,2002,5.617
aut,sex_m,age_aggregate_yge65,geo_cov_rur,2004,25.258
aut,sex_m,age_aggregate_yge65,geo_cov_rur,2005,16.438
aut,sex_m,age_aggregate_yge65,geo_cov_rur,2006,14.609
aut,sex_m,age_aggregate_yge65,geo_cov_rur,2007,12.095
aut,sex_m,age_aggregate_yge65,geo_cov_rur,2008,11.02
aut,sex_m,age_aggregate_yge65,geo_cov_rur,2009,6.51
aut,sex_m,age_aggregate_yge65,geo_cov_rur,2010,12.518
aut,sex_m,age_aggregate_yge65,geo_cov_rur,2011,14.595
aut,sex_m,age_aggregate_yge65,geo_cov_rur,2012,12.702
aut,sex_m,age_aggregate_yge65,geo_cov_rur,2013,10.533
aut,sex_m,age_aggregate_yge65,geo_cov_rur,2014,14.014
aut,sex_m,age_aggregate_yge65,geo_cov_rur,2015,15.669
aut,sex_m,age_aggregate_yge65,geo_cov_rur,2016,14.905
aut,sex_m,age_aggregate_yge65,geo_cov_rur,2017,14.926
aut,sex_m,age_aggregate_yge65,geo_cov_rur,2018,11.215
aut,sex_m,age_aggregate_yge65,geo_cov_rur,2019,11.839
aut,sex_m,age_aggregate_yge65,geo_cov_rur,2020,17.611
aut,sex_m,age_aggregate_yge65,geo_cov_rur,2021,7.595
aut,sex_m,age_aggregate_yge65,geo_cov_rur,2022,6.265
aut,sex_m,age_aggregate_yge65,geo_cov_rur,2023,10.189
aut,sex_m,age_aggregate_yge65,geo_cov_rur,2024,7.275
aut,sex_m,age_aggregate_yge65,geo_cov_urb,1998,34.486
aut,sex_m,age_aggregate_yge65,geo_cov_urb,1999,44.875
aut,sex_m,age_aggregate_yge65,geo_cov_urb,2000,12.855
aut,sex_m,age_aggregate_yge65,geo_cov_urb,2001,24.471
aut,sex_m,age_aggregate_yge65,geo_cov_urb,2002,5.888
aut,sex_m,age_aggregate_yge65,geo_cov_urb,2003,21.241
aut,sex_m,age_aggregate_yge65,geo_cov_urb,2004,37.759
aut,sex_m,age_aggregate_yge65,geo_cov_urb,2005,34.791
aut,sex_m,age_aggregate_yge65,geo_cov_urb,2006,31.986
aut,sex_m,age_aggregate_yge65,geo_cov_urb,2007,20.641
aut,sex_m,age_aggregate_yge65,geo_cov_urb,2008,22.468
aut,sex_m,age_aggregate_yge65,geo_cov_urb,2009,24.52
aut,sex_m,age_aggregate_yge65,geo_cov_urb,2010,23.844
aut,sex_m,age_aggregate_yge65,geo_cov_urb,2011,23.59
aut,sex_m,age_aggregate_yge65,geo_cov_urb,2012,26.365
aut,sex_m,age_aggregate_yge65,geo_cov_urb,2013,22.105
aut,sex_m,age_aggregate_yge65,geo_cov_urb,2014,28.195
aut,sex_m,age_aggregate_yge65,geo_cov_urb,2015,25.189
aut,sex_m,age_aggregate_yge65,geo_cov_urb,2016,23.118
aut,sex_m,age_aggregate_yge65,geo_cov_urb,2017,21.394
aut,sex_m,age_aggregate_yge65,geo_cov_urb,2018,15.149
aut,sex_m,age_aggregate_yge65,geo_cov_urb,2019,17.582
aut,sex_m,age_aggregate_yge65,geo_cov_urb,2020,19.426
aut,sex_m,age_aggregate_yge65,geo_cov_urb,2021,13.233
aut,sex_m,age_aggregate_yge65,geo_cov_urb,2022,10.83
aut,sex_m,age_aggregate_yge65,geo_cov_urb,2023,10.488
aut,sex_m,age_aggregate_yge65,geo_cov_urb,2024,13.874
aut,sex_m,age_ythadult_y15_24,geo_cov_nat,1998,9.767
aut,sex_m,age_ythadult_y15_24,geo_cov_nat,1999,7.768
aut,sex_m,age_ythadult_y15_24,geo_cov_nat,2000,9.544
aut,sex_m,age_ythadult_y15_24,geo_cov_nat,2001,8.587
aut,sex_m,age_ythadult_y15_24,geo_cov_nat,2002,8.958
aut,sex_m,age_ythadult_y15_24,geo_cov_nat,2003,9.408
aut,sex_m,age_ythadult_y15_24,geo_cov_nat,2004,16.324
aut,sex_m,age_ythadult_y15_24,geo_cov_nat,2005,18.357
aut,sex_m,age_ythadult_y15_24,geo_cov_nat,2006,17.029
aut,sex_m,age_ythadult_y15_24,geo_cov_nat,2007,15.924
aut,sex_m,age_ythadult_y15_24,geo_cov_nat,2008,15.088
aut,sex_m,age_ythadult_y15_24,geo_cov_nat,2009,17.829
aut,sex_m,age_ythadult_y15_24,geo_cov_nat,2010,17.145
aut,sex_m,age_ythadult_y15_24,geo_cov_nat,2011,15.027
aut,sex_m,age_ythadult_y15_24,geo_cov_nat,2012,15.597
aut,sex_m,age_ythadult_y15_24,geo_cov_nat,2013,16.287
aut,sex_m,age_ythadult_y15_24,geo_cov_nat,2014,17.483
aut,sex_m,age_ythadult_y15_24,geo_cov_nat,2015,18.451
aut,sex_m,age_ythadult_y15_24,geo_cov_nat,2016,19.288
aut,sex_m,age_ythadult_y15_24,geo_cov_nat,2017,17.961
aut,sex_m,age_ythadult_y15_24,geo_cov_nat,2018,15.497
aut,sex_m,age_ythadult_y15_24,geo_cov_nat,2019,16.22
aut,sex_m,age_ythadult_y15_24,geo_cov_nat,2020,18.448
aut,sex_m,age_ythadult_y15_24,geo_cov_nat,2021,16.019
aut,sex_m,age_ythadult_y15_24,geo_cov_nat,2022,14.887
aut,sex_m,age_ythadult_y15_24,geo_cov_nat,2023,15.486
aut,sex_m,age_ythadult_y15_24,geo_cov_nat,2024,15.459
aut,sex_m,age_ythadult_y15_24,geo_cov_rur,1998,8.137
aut,sex_m,age_ythadult_y15_24,geo_cov_rur,1999,6.86
aut,sex_m,age_ythadult_y15_24,geo_cov_rur,2000,7.92
aut,sex_m,age_ythadult_y15_24,geo_cov_rur,2001,7.059
aut,sex_m,age_ythadult_y15_24,geo_cov_rur,2002,6.498
aut,sex_m,age_ythadult_y15_24,geo_cov_rur,2003,5.66
aut,sex_m,age_ythadult_y15_24,geo_cov_rur,2004,12.435
aut,sex_m,age_ythadult_y15_24,geo_cov_rur,2005,12.844
aut,sex_m,age_ythadult_y15_24,geo_cov_rur,2006,11.991
aut,sex_m,age_ythadult_y15_24,geo_cov_rur,2007,10.154
aut,sex_m,age_ythadult_y15_24,geo_cov_rur,2008,9.403
aut,sex_m,age_ythadult_y15_24,geo_cov_rur,2009,11.997
aut,sex_m,age_ythadult_y15_24,geo_cov_rur,2010,11.566
aut,sex_m,age_ythadult_y15_24,geo_cov_rur,2011,9.451
aut,sex_m,age_ythadult_y15_24,geo_cov_rur,2012,9.756
aut,sex_m,age_ythadult_y15_24,geo_cov_rur,2013,10.909
aut,sex_m,age_ythadult_y15_24,geo_cov_rur,2014,10.528
aut,sex_m,age_ythadult_y15_24,geo_cov_rur,2015,12.067
aut,sex_m,age_ythadult_y15_24,geo_cov_rur,2016,12.316
aut,sex_m,age_ythadult_y15_24,geo_cov_rur,2017,11.215
aut,sex_m,age_ythadult_y15_24,geo_cov_rur,2018,8.134
aut,sex_m,age_ythadult_y15_24,geo_cov_rur,2019,8.992
aut,sex_m,age_ythadult_y15_24,geo_cov_rur,2020,12.596
aut,sex_m,age_ythadult_y15_24,geo_cov_rur,2021,10.816
aut,sex_m,age_ythadult_y15_24,geo_cov_rur,2022,8.107
aut,sex_m,age_ythadult_y15_24,geo_cov_rur,2023,9.989
aut,sex_m,age_ythadult_y15_24,geo_cov_rur,2024,9.826
aut,sex_m,age_ythadult_y15_24,geo_cov_urb,1998,11.316
aut,sex_m,age_ythadult_y15_24,geo_cov_urb,1999,8.534
aut,sex_m,age_ythadult_y15_24,geo_cov_urb,2000,10.958
aut,sex_m,age_ythadult_y15_24,geo_cov_urb,2001,9.976
aut,sex_m,age_ythadult_y15_24,geo_cov_urb,2002,11.251
aut,sex_m,age_ythadult_y15_24,geo_cov_urb,2003,12.702
aut,sex_m,age_ythadult_y15_24,geo_cov_urb,2004,19.577
aut,sex_m,age_ythadult_y15_24,geo_cov_urb,2005,23.239
aut,sex_m,age_ythadult_y15_24,geo_cov_urb,2006,21.186
aut,sex_m,age_ythadult_y15_24,geo_cov_urb,2007,20.422
aut,sex_m,age_ythadult_y15_24,geo_cov_urb,2008,19.283
aut,sex_m,age_ythadult_y15_24,geo_cov_urb,2009,21.954
aut,sex_m,age_ythadult_y15_24,geo_cov_urb,2010,21.245
aut,sex_m,age_ythadult_y15_24,geo_cov_urb,2011,19.069
aut,sex_m,age_ythadult_y15_24,geo_cov_urb,2012,20.746
aut,sex_m,age_ythadult_y15_24,geo_cov_urb,2013,20.629
aut,sex_m,age_ythadult_y15_24,geo_cov_urb,2014,22.402
aut,sex_m,age_ythadult_y15_24,geo_cov_urb,2015,23.721
aut,sex_m,age_ythadult_y15_24,geo_cov_urb,2016,24.477
aut,sex_m,age_ythadult_y15_24,geo_cov_urb,2017,23.019
aut,sex_m,age_ythadult_y15_24,geo_cov_urb,2018,20.734
aut,sex_m,age_ythadult_y15_24,geo_cov_urb,2019,21.138
aut,sex_m,age_ythadult_y15_24,geo_cov_urb,2020,22.591
aut,sex_m,age_ythadult_y15_24,geo_cov_urb,2021,19.965
aut,sex_m,age_ythadult_y15_24,geo_cov_urb,2022,19.269
aut,sex_m,age_ythadult_y15_24,geo_cov_urb,2023,18.947
aut,sex_m,age_ythadult_y15_24,geo_cov_urb,2024,18.661
aut,sex_m,age_ythadult_y15_64,geo_cov_nat,1998,6.915
aut,sex_m,age_ythadult_y15_64,geo_cov_nat,1999,6.142
aut,sex_m,age_ythadult_y15_64,geo_cov_nat,2000,6.154
aut,sex_m,age_ythadult_y15_64,geo_cov_nat,2001,5.162
aut,sex_m,age_ythadult_y15_64,geo_cov_nat,2002,6.197
aut,sex_m,age_ythadult_y15_64,geo_cov_nat,2003,6.214
aut,sex_m,age_ythadult_y15_64,geo_cov_nat,2004,8.568
aut,sex_m,age_ythadult_y15_64,geo_cov_nat,2005,9.087
aut,sex_m,age_ythadult_y15_64,geo_cov_nat,2006,8.665
aut,sex_m,age_ythadult_y15_64,geo_cov_nat,2007,7.768
aut,sex_m,age_ythadult_y15_64,geo_cov_nat,2008,7.113
aut,sex_m,age_ythadult_y15_64,geo_cov_nat,2009,8.858
aut,sex_m,age_ythadult_y15_64,geo_cov_nat,2010,8.476
aut,sex_m,age_ythadult_y15_64,geo_cov_nat,2011,7.907
aut,sex_m,age_ythadult_y15_64,geo_cov_nat,2012,8.327
aut,sex_m,age_ythadult_y15_64,geo_cov_nat,2013,8.665
aut,sex_m,age_ythadult_y15_64,geo_cov_nat,2014,9.389
aut,sex_m,age_ythadult_y15_64,geo_cov_nat,2015,9.708
aut,sex_m,age_ythadult_y15_64,geo_cov_nat,2016,9.846
aut,sex_m,age_ythadult_y15_64,geo_cov_nat,2017,9.285
aut,sex_m,age_ythadult_y15_64,geo_cov_nat,2018,7.967
aut,sex_m,age_ythadult_y15_64,geo_cov_nat,2019,7.5
aut,sex_m,age_ythadult_y15_64,geo_cov_nat,2020,9.189
aut,sex_m,age_ythadult_y15_64,geo_cov_nat,2021,8.851
aut,sex_m,age_ythadult_y15_64,geo_cov_nat,2022,7.295
aut,sex_m,age_ythadult_y15_64,geo_cov_nat,2023,7.918
aut,sex_m,age_ythadult_y15_64,geo_cov_nat,2024,8.065
aut,sex_m,age_ythadult_y15_64,geo_cov_rur,1998,5.698
aut,sex_m,age_ythadult_y15_64,geo_cov_rur,1999,5.28
aut,sex_m,age_ythadult_y15_64,geo_cov_rur,2000,5.075
aut,sex_m,age_ythadult_y15_64,geo_cov_rur,2001,4.574
aut,sex_m,age_ythadult_y15_64,geo_cov_rur,2002,4.724
aut,sex_m,age_ythadult_y15_64,geo_cov_rur,2003,4.243
aut,sex_m,age_ythadult_y15_64,geo_cov_rur,2004,6.511
aut,sex_m,age_ythadult_y15_64,geo_cov_rur,2005,6.511
aut,sex_m,age_ythadult_y15_64,geo_cov_rur,2006,6.233
aut,sex_m,age_ythadult_y15_64,geo_cov_rur,2007,5.293
aut,sex_m,age_ythadult_y15_64,geo_cov_rur,2008,4.702
aut,sex_m,age_ythadult_y15_64,geo_cov_rur,2009,5.897
aut,sex_m,age_ythadult_y15_64,geo_cov_rur,2010,6.058
aut,sex_m,age_ythadult_y15_64,geo_cov_rur,2011,5.424
aut,sex_m,age_ythadult_y15_64,geo_cov_rur,2012,5.518
aut,sex_m,age_ythadult_y15_64,geo_cov_rur,2013,5.703
aut,sex_m,age_ythadult_y15_64,geo_cov_rur,2014,6.092
aut,sex_m,age_ythadult_y15_64,geo_cov_rur,2015,6.443
aut,sex_m,age_ythadult_y15_64,geo_cov_rur,2016,5.93
aut,sex_m,age_ythadult_y15_64,geo_cov_rur,2017,5.518
aut,sex_m,age_ythadult_y15_64,geo_cov_rur,2018,4.515
aut,sex_m,age_ythadult_y15_64,geo_cov_rur,2019,4.204
aut,sex_m,age_ythadult_y15_64,geo_cov_rur,2020,5.932
aut,sex_m,age_ythadult_y15_64,geo_cov_rur,2021,5.283
aut,sex_m,age_ythadult_y15_64,geo_cov_rur,2022,4.221
aut,sex_m,age_ythadult_y15_64,geo_cov_rur,2023,4.849
aut,sex_m,age_ythadult_y15_64,geo_cov_rur,2024,4.704
aut,sex_m,age_ythadult_y15_64,geo_cov_urb,1998,7.735
aut,sex_m,age_ythadult_y15_64,geo_cov_urb,1999,6.707
aut,sex_m,age_ythadult_y15_64,geo_cov_urb,2000,6.867
aut,sex_m,age_ythadult_y15_64,geo_cov_urb,2001,5.558
aut,sex_m,age_ythadult_y15_64,geo_cov_urb,2002,7.19
aut,sex_m,age_ythadult_y15_64,geo_cov_urb,2003,7.547
aut,sex_m,age_ythadult_y15_64,geo_cov_urb,2004,10.014
aut,sex_m,age_ythadult_y15_64,geo_cov_urb,2005,10.88
aut,sex_m,age_ythadult_y15_64,geo_cov_urb,2006,10.303
aut,sex_m,age_ythadult_y15_64,geo_cov_urb,2007,9.417
aut,sex_m,age_ythadult_y15_64,geo_cov_urb,2008,8.711
aut,sex_m,age_ythadult_y15_64,geo_cov_urb,2009,10.787
aut,sex_m,age_ythadult_y15_64,geo_cov_urb,2010,10.072
aut,sex_m,age_ythadult_y15_64,geo_cov_urb,2011,9.524
aut,sex_m,age_ythadult_y15_64,geo_cov_urb,2012,10.375
aut,sex_m,age_ythadult_y15_64,geo_cov_urb,2013,10.799
aut,sex_m,age_ythadult_y15_64,geo_cov_urb,2014,11.49
aut,sex_m,age_ythadult_y15_64,geo_cov_urb,2015,12.061
aut,sex_m,age_ythadult_y15_64,geo_cov_urb,2016,12.52
aut,sex_m,age_ythadult_y15_64,geo_cov_urb,2017,11.666
aut,sex_m,age_ythadult_y15_64,geo_cov_urb,2018,10.112
aut,sex_m,age_ythadult_y15_64,geo_cov_urb,2019,9.558
aut,sex_m,age_ythadult_y15_64,geo_cov_urb,2020,11.244
aut,sex_m,age_ythadult_y15_64,geo_cov_urb,2021,11.133
aut,sex_m,age_ythadult_y15_64,geo_cov_urb,2022,9.222
aut,sex_m,age_ythadult_y15_64,geo_cov_urb,2023,9.786
aut,sex_m,age_ythadult_y15_64,geo_cov_urb,2024,10.027
aut,sex_m,age_ythadult_yge15,geo_cov_nat,1998,7.129
aut,sex_m,age_ythadult_yge15,geo_cov_nat,1999,6.376
aut,sex_m,age_ythadult_yge15,geo_cov_nat,2000,6.189
aut,sex_m,age_ythadult_yge15,geo_cov_nat,2001,5.333
aut,sex_m,age_ythadult_yge15,geo_cov_nat,2002,6.193
aut,sex_m,age_ythadult_yge15,geo_cov_nat,2003,6.278
aut,sex_m,age_ythadult_yge15,geo_cov_nat,2004,8.836
aut,sex_m,age_ythadult_yge15,geo_cov_nat,2005,9.35
aut,sex_m,age_ythadult_yge15,geo_cov_nat,2006,8.909
aut,sex_m,age_ythadult_yge15,geo_cov_nat,2007,7.94
aut,sex_m,age_ythadult_yge15,geo_cov_nat,2008,7.328
aut,sex_m,age_ythadult_yge15,geo_cov_nat,2009,9.04
aut,sex_m,age_ythadult_yge15,geo_cov_nat,2010,8.713
aut,sex_m,age_ythadult_yge15,geo_cov_nat,2011,8.169
aut,sex_m,age_ythadult_yge15,geo_cov_nat,2012,8.594
aut,sex_m,age_ythadult_yge15,geo_cov_nat,2013,8.856
aut,sex_m,age_ythadult_yge15,geo_cov_nat,2014,9.724
aut,sex_m,age_ythadult_yge15,geo_cov_nat,2015,9.992
aut,sex_m,age_ythadult_yge15,geo_cov_nat,2016,10.076
aut,sex_m,age_ythadult_yge15,geo_cov_nat,2017,9.496
aut,sex_m,age_ythadult_yge15,geo_cov_nat,2018,8.084
aut,sex_m,age_ythadult_yge15,geo_cov_nat,2019,7.672
aut,sex_m,age_ythadult_yge15,geo_cov_nat,2020,9.408
aut,sex_m,age_ythadult_yge15,geo_cov_nat,2021,8.891
aut,sex_m,age_ythadult_yge15,geo_cov_nat,2022,7.33
aut,sex_m,age_ythadult_yge15,geo_cov_nat,2023,7.974
aut,sex_m,age_ythadult_yge15,geo_cov_nat,2024,8.141
aut,sex_m,age_ythadult_yge15,geo_cov_rur,1998,5.964
aut,sex_m,age_ythadult_yge15,geo_cov_rur,1999,5.48
aut,sex_m,age_ythadult_yge15,geo_cov_rur,2000,5.116
aut,sex_m,age_ythadult_yge15,geo_cov_rur,2001,4.804
aut,sex_m,age_ythadult_yge15,geo_cov_rur,2002,4.736
aut,sex_m,age_ythadult_yge15,geo_cov_rur,2003,4.262
aut,sex_m,age_ythadult_yge15,geo_cov_rur,2004,6.726
aut,sex_m,age_ythadult_yge15,geo_cov_rur,2005,6.659
aut,sex_m,age_ythadult_yge15,geo_cov_rur,2006,6.381
aut,sex_m,age_ythadult_yge15,geo_cov_rur,2007,5.449
aut,sex_m,age_ythadult_yge15,geo_cov_rur,2008,4.86
aut,sex_m,age_ythadult_yge15,geo_cov_rur,2009,5.914
aut,sex_m,age_ythadult_yge15,geo_cov_rur,2010,6.231
aut,sex_m,age_ythadult_yge15,geo_cov_rur,2011,5.653
aut,sex_m,age_ythadult_yge15,geo_cov_rur,2012,5.69
aut,sex_m,age_ythadult_yge15,geo_cov_rur,2013,5.827
aut,sex_m,age_ythadult_yge15,geo_cov_rur,2014,6.317
aut,sex_m,age_ythadult_yge15,geo_cov_rur,2015,6.705
aut,sex_m,age_ythadult_yge15,geo_cov_rur,2016,6.156
aut,sex_m,age_ythadult_yge15,geo_cov_rur,2017,5.752
aut,sex_m,age_ythadult_yge15,geo_cov_rur,2018,4.695
aut,sex_m,age_ythadult_yge15,geo_cov_rur,2019,4.373
aut,sex_m,age_ythadult_yge15,geo_cov_rur,2020,6.219
aut,sex_m,age_ythadult_yge15,geo_cov_rur,2021,5.335
aut,sex_m,age_ythadult_yge15,geo_cov_rur,2022,4.275
aut,sex_m,age_ythadult_yge15,geo_cov_rur,2023,4.993
aut,sex_m,age_ythadult_yge15,geo_cov_rur,2024,4.773
aut,sex_m,age_ythadult_yge15,geo_cov_urb,1998,7.92
aut,sex_m,age_ythadult_yge15,geo_cov_urb,1999,6.969
aut,sex_m,age_ythadult_yge15,geo_cov_urb,2000,6.905
aut,sex_m,age_ythadult_yge15,geo_cov_urb,2001,5.693
aut,sex_m,age_ythadult_yge15,geo_cov_urb,2002,7.181
aut,sex_m,age_ythadult_yge15,geo_cov_urb,2003,7.648
aut,sex_m,age_ythadult_yge15,geo_cov_urb,2004,10.321
aut,sex_m,age_ythadult_yge15,geo_cov_urb,2005,11.223
aut,sex_m,age_ythadult_yge15,geo_cov_urb,2006,10.617
aut,sex_m,age_ythadult_yge15,geo_cov_urb,2007,9.609
aut,sex_m,age_ythadult_yge15,geo_cov_urb,2008,8.973
aut,sex_m,age_ythadult_yge15,geo_cov_urb,2009,11.087
aut,sex_m,age_ythadult_yge15,geo_cov_urb,2010,10.361
aut,sex_m,age_ythadult_yge15,geo_cov_urb,2011,9.816
aut,sex_m,age_ythadult_yge15,geo_cov_urb,2012,10.716
aut,sex_m,age_ythadult_yge15,geo_cov_urb,2013,11.047
aut,sex_m,age_ythadult_yge15,geo_cov_urb,2014,11.903
aut,sex_m,age_ythadult_yge15,geo_cov_urb,2015,12.371
aut,sex_m,age_ythadult_yge15,geo_cov_urb,2016,12.76
aut,sex_m,age_ythadult_yge15,geo_cov_urb,2017,11.871
aut,sex_m,age_ythadult_yge15,geo_cov_urb,2018,10.207
aut,sex_m,age_ythadult_yge15,geo_cov_urb,2019,9.733
aut,sex_m,age_ythadult_yge15,geo_cov_urb,2020,11.424
aut,sex_m,age_ythadult_yge15,geo_cov_urb,2021,11.173
aut,sex_m,age_ythadult_yge15,geo_cov_urb,2022,9.255
aut,sex_m,age_ythadult_yge15,geo_cov_urb,2023,9.801
aut,sex_m,age_ythadult_yge15,geo_cov_urb,2024,10.115
aut,sex_m,age_ythadult_yge25,geo_cov_nat,1998,6.729
aut,sex_m,age_ythadult_yge25,geo_cov_nat,1999,6.164
aut,sex_m,age_ythadult_yge25,geo_cov_nat,2000,5.695
aut,sex_m,age_ythadult_yge25,geo_cov_nat,2001,4.865
aut,sex_m,age_ythadult_yge25,geo_cov_nat,2002,5.781
aut,sex_m,age_ythadult_yge25,geo_cov_nat,2003,5.816
aut,sex_m,age_ythadult_yge25,geo_cov_nat,2004,7.614
aut,sex_m,age_ythadult_yge25,geo_cov_nat,2005,7.825
aut,sex_m,age_ythadult_yge25,geo_cov_nat,2006,7.553
aut,sex_m,age_ythadult_yge25,geo_cov_nat,2007,6.607
aut,sex_m,age_ythadult_yge25,geo_cov_nat,2008,6.032
aut,sex_m,age_ythadult_yge25,geo_cov_nat,2009,7.584
aut,sex_m,age_ythadult_yge25,geo_cov_nat,2010,7.316
aut,sex_m,age_ythadult_yge25,geo_cov_nat,2011,7.043
aut,sex_m,age_ythadult_yge25,geo_cov_nat,2012,7.46
aut,sex_m,age_ythadult_yge25,geo_cov_nat,2013,7.665
aut,sex_m,age_ythadult_yge25,geo_cov_nat,2014,8.533
aut,sex_m,age_ythadult_yge25,geo_cov_nat,2015,8.698
aut,sex_m,age_ythadult_yge25,geo_cov_nat,2016,8.675
aut,sex_m,age_ythadult_yge25,geo_cov_nat,2017,8.308
aut,sex_m,age_ythadult_yge25,geo_cov_nat,2018,7.071
aut,sex_m,age_ythadult_yge25,geo_cov_nat,2019,6.511
aut,sex_m,age_ythadult_yge25,geo_cov_nat,2020,8.201
aut,sex_m,age_ythadult_yge25,geo_cov_nat,2021,7.952
aut,sex_m,age_ythadult_yge25,geo_cov_nat,2022,6.332
aut,sex_m,age_ythadult_yge25,geo_cov_nat,2023,6.966
aut,sex_m,age_ythadult_yge25,geo_cov_nat,2024,7.198
aut,sex_m,age_ythadult_yge25,geo_cov_rur,1998,5.555
aut,sex_m,age_ythadult_yge25,geo_cov_rur,1999,5.233
aut,sex_m,age_ythadult_yge25,geo_cov_rur,2000,4.626
aut,sex_m,age_ythadult_yge25,geo_cov_rur,2001,4.413
aut,sex_m,age_ythadult_yge25,geo_cov_rur,2002,4.414
aut,sex_m,age_ythadult_yge25,geo_cov_rur,2003,4.018
aut,sex_m,age_ythadult_yge25,geo_cov_rur,2004,5.681
aut,sex_m,age_ythadult_yge25,geo_cov_rur,2005,5.432
aut,sex_m,age_ythadult_yge25,geo_cov_rur,2006,5.309
aut,sex_m,age_ythadult_yge25,geo_cov_rur,2007,4.578
aut,sex_m,age_ythadult_yge25,geo_cov_rur,2008,4.047
aut,sex_m,age_ythadult_yge25,geo_cov_rur,2009,4.851
aut,sex_m,age_ythadult_yge25,geo_cov_rur,2010,5.283
aut,sex_m,age_ythadult_yge25,geo_cov_rur,2011,4.983
aut,sex_m,age_ythadult_yge25,geo_cov_rur,2012,4.947
aut,sex_m,age_ythadult_yge25,geo_cov_rur,2013,4.95
aut,sex_m,age_ythadult_yge25,geo_cov_rur,2014,5.623
aut,sex_m,age_ythadult_yge25,geo_cov_rur,2015,5.811
aut,sex_m,age_ythadult_yge25,geo_cov_rur,2016,5.165
aut,sex_m,age_ythadult_yge25,geo_cov_rur,2017,4.893
aut,sex_m,age_ythadult_yge25,geo_cov_rur,2018,4.182
aut,sex_m,age_ythadult_yge25,geo_cov_rur,2019,3.707
aut,sex_m,age_ythadult_yge25,geo_cov_rur,2020,5.3
aut,sex_m,age_ythadult_yge25,geo_cov_rur,2021,4.528
aut,sex_m,age_ythadult_yge25,geo_cov_rur,2022,3.76
aut,sex_m,age_ythadult_yge25,geo_cov_rur,2023,4.309
aut,sex_m,age_ythadult_yge25,geo_cov_rur,2024,4.136
aut,sex_m,age_ythadult_yge25,geo_cov_urb,1998,7.487
aut,sex_m,age_ythadult_yge25,geo_cov_urb,1999,6.758
aut,sex_m,age_ythadult_yge25,geo_cov_urb,2000,6.382
aut,sex_m,age_ythadult_yge25,geo_cov_urb,2001,5.16
aut,sex_m,age_ythadult_yge25,geo_cov_urb,2002,6.665
aut,sex_m,age_ythadult_yge25,geo_cov_urb,2003,6.99
aut,sex_m,age_ythadult_yge25,geo_cov_urb,2004,8.936
aut,sex_m,age_ythadult_yge25,geo_cov_urb,2005,9.424
aut,sex_m,age_ythadult_yge25,geo_cov_urb,2006,9.018
aut,sex_m,age_ythadult_yge25,geo_cov_urb,2007,7.933
aut,sex_m,age_ythadult_yge25,geo_cov_urb,2008,7.333
aut,sex_m,age_ythadult_yge25,geo_cov_urb,2009,9.351
aut,sex_m,age_ythadult_yge25,geo_cov_urb,2010,8.643
aut,sex_m,age_ythadult_yge25,geo_cov_urb,2011,8.368
aut,sex_m,age_ythadult_yge25,geo_cov_urb,2012,9.241
aut,sex_m,age_ythadult_yge25,geo_cov_urb,2013,9.593
aut,sex_m,age_ythadult_yge25,geo_cov_urb,2014,10.365
aut,sex_m,age_ythadult_yge25,geo_cov_urb,2015,10.746
aut,sex_m,age_ythadult_yge25,geo_cov_urb,2016,11.049
aut,sex_m,age_ythadult_yge25,geo_cov_urb,2017,10.424
aut,sex_m,age_ythadult_yge25,geo_cov_urb,2018,8.85
aut,sex_m,age_ythadult_yge25,geo_cov_urb,2019,8.242
aut,sex_m,age_ythadult_yge25,geo_cov_urb,2020,10.008
aut,sex_m,age_ythadult_yge25,geo_cov_urb,2021,10.102
aut,sex_m,age_ythadult_yge25,geo_cov_urb,2022,7.947
aut,sex_m,age_ythadult_yge25,geo_cov_urb,2023,8.587
aut,sex_m,age_ythadult_yge25,geo_cov_urb,2024,9
aut,sex_t,age_aggregate_total,geo_cov_nat,1998,8.448
aut,sex_t,age_aggregate_total,geo_cov_nat,1999,7.731
aut,sex_t,age_aggregate_total,geo_cov_nat,2000,7.103
aut,sex_t,age_aggregate_total,geo_cov_nat,2001,6.411
aut,sex_t,age_aggregate_total,geo_cov_nat,2002,6.774
aut,sex_t,age_aggregate_total,geo_cov_nat,2003,6.459
aut,sex_t,age_aggregate_total,geo_cov_nat,2004,9.666
aut,sex_t,age_aggregate_total,geo_cov_nat,2005,10.055
aut,sex_t,age_aggregate_total,geo_cov_nat,2006,9.758
aut,sex_t,age_aggregate_total,geo_cov_nat,2007,9.02
aut,sex_t,age_aggregate_total,geo_cov_nat,2008,8.192
aut,sex_t,age_aggregate_total,geo_cov_nat,2009,9.468
aut,sex_t,age_aggregate_total,geo_cov_nat,2010,8.985
aut,sex_t,age_aggregate_total,geo_cov_nat,2011,8.509
aut,sex_t,age_aggregate_total,geo_cov_nat,2012,8.942
aut,sex_t,age_aggregate_total,geo_cov_nat,2013,9.179
aut,sex_t,age_aggregate_total,geo_cov_nat,2014,9.802
aut,sex_t,age_aggregate_total,geo_cov_nat,2015,9.87
aut,sex_t,age_aggregate_total,geo_cov_nat,2016,9.961
aut,sex_t,age_aggregate_total,geo_cov_nat,2017,9.232
aut,sex_t,age_aggregate_total,geo_cov_nat,2018,8.215
aut,sex_t,age_aggregate_total,geo_cov_nat,2019,7.879
aut,sex_t,age_aggregate_total,geo_cov_nat,2020,9.312
aut,sex_t,age_aggregate_total,geo_cov_nat,2021,9.165
aut,sex_t,age_aggregate_total,geo_cov_nat,2022,7.411
aut,sex_t,age_aggregate_total,geo_cov_nat,2023,7.894
aut,sex_t,age_aggregate_total,geo_cov_nat,2024,7.924
aut,sex_t,age_aggregate_total,geo_cov_rur,1998,7.759
aut,sex_t,age_aggregate_total,geo_cov_rur,1999,6.846
aut,sex_t,age_aggregate_total,geo_cov_rur,2000,6.216
aut,sex_t,age_aggregate_total,geo_cov_rur,2001,5.86
aut,sex_t,age_aggregate_total,geo_cov_rur,2002,5.566
aut,sex_t,age_aggregate_total,geo_cov_rur,2003,4.831
aut,sex_t,age_aggregate_total,geo_cov_rur,2004,8.075
aut,sex_t,age_aggregate_total,geo_cov_rur,2005,7.94
aut,sex_t,age_aggregate_total,geo_cov_rur,2006,7.669
aut,sex_t,age_aggregate_total,geo_cov_rur,2007,6.776
aut,sex_t,age_aggregate_total,geo_cov_rur,2008,6.192
aut,sex_t,age_aggregate_total,geo_cov_rur,2009,6.953
aut,sex_t,age_aggregate_total,geo_cov_rur,2010,6.955
aut,sex_t,age_aggregate_total,geo_cov_rur,2011,6.347
aut,sex_t,age_aggregate_total,geo_cov_rur,2012,6.299
aut,sex_t,age_aggregate_total,geo_cov_rur,2013,6.263
aut,sex_t,age_aggregate_total,geo_cov_rur,2014,6.993
aut,sex_t,age_aggregate_total,geo_cov_rur,2015,7.078
aut,sex_t,age_aggregate_total,geo_cov_rur,2016,6.644
aut,sex_t,age_aggregate_total,geo_cov_rur,2017,5.898
aut,sex_t,age_aggregate_total,geo_cov_rur,2018,5.174
aut,sex_t,age_aggregate_total,geo_cov_rur,2019,4.903
aut,sex_t,age_aggregate_total,geo_cov_rur,2020,6.361
aut,sex_t,age_aggregate_total,geo_cov_rur,2021,6.014
aut,sex_t,age_aggregate_total,geo_cov_rur,2022,4.566
aut,sex_t,age_aggregate_total,geo_cov_rur,2023,4.87
aut,sex_t,age_aggregate_total,geo_cov_rur,2024,4.725
aut,sex_t,age_aggregate_total,geo_cov_urb,1998,8.895
aut,sex_t,age_aggregate_total,geo_cov_urb,1999,8.292
aut,sex_t,age_aggregate_total,geo_cov_urb,2000,7.673
aut,sex_t,age_aggregate_total,geo_cov_urb,2001,6.766
aut,sex_t,age_aggregate_total,geo_cov_urb,2002,7.547
aut,sex_t,age_aggregate_total,geo_cov_urb,2003,7.504
aut,sex_t,age_aggregate_total,geo_cov_urb,2004,10.734
aut,sex_t,age_aggregate_total,geo_cov_urb,2005,11.451
aut,sex_t,age_aggregate_total,geo_cov_urb,2006,11.12
aut,sex_t,age_aggregate_total,geo_cov_urb,2007,10.464
aut,sex_t,age_aggregate_total,geo_cov_urb,2008,9.487
aut,sex_t,age_aggregate_total,geo_cov_urb,2009,11.07
aut,sex_t,age_aggregate_total,geo_cov_urb,2010,10.285
aut,sex_t,age_aggregate_total,geo_cov_urb,2011,9.871
aut,sex_t,age_aggregate_total,geo_cov_urb,2012,10.802
aut,sex_t,age_aggregate_total,geo_cov_urb,2013,11.211
aut,sex_t,age_aggregate_total,geo_cov_urb,2014,11.557
aut,sex_t,age_aggregate_total,geo_cov_urb,2015,11.808
aut,sex_t,age_aggregate_total,geo_cov_urb,2016,12.189
aut,sex_t,age_aggregate_total,geo_cov_urb,2017,11.308
aut,sex_t,age_aggregate_total,geo_cov_urb,2018,10.094
aut,sex_t,age_aggregate_total,geo_cov_urb,2019,9.72
aut,sex_t,age_aggregate_total,geo_cov_urb,2020,11.158
aut,sex_t,age_aggregate_total,geo_cov_urb,2021,11.147
aut,sex_t,age_aggregate_total,geo_cov_urb,2022,9.172
aut,sex_t,age_aggregate_total,geo_cov_urb,2023,9.74
aut,sex_t,age_aggregate_total,geo_cov_urb,2024,9.777
aut,sex_t,age_aggregate_y15_24,geo_cov_nat,1998,11.225
aut,sex_t,age_aggregate_y15_24,geo_cov_nat,1999,8.831
aut,sex_t,age_aggregate_y15_24,geo_cov_nat,2000,9.62
aut,sex_t,age_aggregate_y15_24,geo_cov_nat,2001,8.748
aut,sex_t,age_aggregate_y15_24,geo_cov_nat,2002,8.842
aut,sex_t,age_aggregate_y15_24,geo_cov_nat,2003,9.259
aut,sex_t,age_aggregate_y15_24,geo_cov_nat,2004,16.317
aut,sex_t,age_aggregate_y15_24,geo_cov_nat,2005,18.226
aut,sex_t,age_aggregate_y15_24,geo_cov_nat,2006,17.168
aut,sex_t,age_aggregate_y15_24,geo_cov_nat,2007,16.092
aut,sex_t,age_aggregate_y15_24,geo_cov_nat,2008,15.587
aut,sex_t,age_aggregate_y15_24,geo_cov_nat,2009,18.127
aut,sex_t,age_aggregate_y15_24,geo_cov_nat,2010,17.026
aut,sex_t,age_aggregate_y15_24,geo_cov_nat,2011,15.46
aut,sex_t,age_aggregate_y15_24,geo_cov_nat,2012,16.111
aut,sex_t,age_aggregate_y15_24,geo_cov_nat,2013,16.659
aut,sex_t,age_aggregate_y15_24,geo_cov_nat,2014,17.406
aut,sex_t,age_aggregate_y15_24,geo_cov_nat,2015,17.87
aut,sex_t,age_aggregate_y15_24,geo_cov_nat,2016,18.502
aut,sex_t,age_aggregate_y15_24,geo_cov_nat,2017,16.864
aut,sex_t,age_aggregate_y15_24,geo_cov_nat,2018,15.393
aut,sex_t,age_aggregate_y15_24,geo_cov_nat,2019,15.629
aut,sex_t,age_aggregate_y15_24,geo_cov_nat,2020,17.535
aut,sex_t,age_aggregate_y15_24,geo_cov_nat,2021,16.886
aut,sex_t,age_aggregate_y15_24,geo_cov_nat,2022,14.972
aut,sex_t,age_aggregate_y15_24,geo_cov_nat,2023,15.678
aut,sex_t,age_aggregate_y15_24,geo_cov_nat,2024,15.777
aut,sex_t,age_aggregate_y15_24,geo_cov_rur,1998,9.424
aut,sex_t,age_aggregate_y15_24,geo_cov_rur,1999,7.16
aut,sex_t,age_aggregate_y15_24,geo_cov_rur,2000,7.668
aut,sex_t,age_aggregate_y15_24,geo_cov_rur,2001,6.978
aut,sex_t,age_aggregate_y15_24,geo_cov_rur,2002,7.032
aut,sex_t,age_aggregate_y15_24,geo_cov_rur,2003,5.842
aut,sex_t,age_aggregate_y15_24,geo_cov_rur,2004,12.949
aut,sex_t,age_aggregate_y15_24,geo_cov_rur,2005,13.468
aut,sex_t,age_aggregate_y15_24,geo_cov_rur,2006,12.933
aut,sex_t,age_aggregate_y15_24,geo_cov_rur,2007,11.541
aut,sex_t,age_aggregate_y15_24,geo_cov_rur,2008,10.917
aut,sex_t,age_aggregate_y15_24,geo_cov_rur,2009,13.222
aut,sex_t,age_aggregate_y15_24,geo_cov_rur,2010,12.387
aut,sex_t,age_aggregate_y15_24,geo_cov_rur,2011,10.312
aut,sex_t,age_aggregate_y15_24,geo_cov_rur,2012,10.885
aut,sex_t,age_aggregate_y15_24,geo_cov_rur,2013,11.305
aut,sex_t,age_aggregate_y15_24,geo_cov_rur,2014,12.017
aut,sex_t,age_aggregate_y15_24,geo_cov_rur,2015,13.184
aut,sex_t,age_aggregate_y15_24,geo_cov_rur,2016,12.781
aut,sex_t,age_aggregate_y15_24,geo_cov_rur,2017,11.211
aut,sex_t,age_aggregate_y15_24,geo_cov_rur,2018,9.492
aut,sex_t,age_aggregate_y15_24,geo_cov_rur,2019,9.826
aut,sex_t,age_aggregate_y15_24,geo_cov_rur,2020,12.139
aut,sex_t,age_aggregate_y15_24,geo_cov_rur,2021,12.166
aut,sex_t,age_aggregate_y15_24,geo_cov_rur,2022,9.14
aut,sex_t,age_aggregate_y15_24,geo_cov_rur,2023,10.45
aut,sex_t,age_aggregate_y15_24,geo_cov_rur,2024,10.844
aut,sex_t,age_aggregate_y15_24,geo_cov_urb,1998,12.841
aut,sex_t,age_aggregate_y15_24,geo_cov_urb,1999,10.202
aut,sex_t,age_aggregate_y15_24,geo_cov_urb,2000,11.363
aut,sex_t,age_aggregate_y15_24,geo_cov_urb,2001,10.276
aut,sex_t,age_aggregate_y15_24,geo_cov_urb,2002,10.403
aut,sex_t,age_aggregate_y15_24,geo_cov_urb,2003,12.084
aut,sex_t,age_aggregate_y15_24,geo_cov_urb,2004,18.98
aut,sex_t,age_aggregate_y15_24,geo_cov_urb,2005,22.14
aut,sex_t,age_aggregate_y15_24,geo_cov_urb,2006,20.533
aut,sex_t,age_aggregate_y15_24,geo_cov_urb,2007,19.37
aut,sex_t,age_aggregate_y15_24,geo_cov_urb,2008,18.933
aut,sex_t,age_aggregate_y15_24,geo_cov_urb,2009,21.606
aut,sex_t,age_aggregate_y15_24,geo_cov_urb,2010,20.407
aut,sex_t,age_aggregate_y15_24,geo_cov_urb,2011,19.121
aut,sex_t,age_aggregate_y15_24,geo_cov_urb,2012,20.452
aut,sex_t,age_aggregate_y15_24,geo_cov_urb,2013,20.845
aut,sex_t,age_aggregate_y15_24,geo_cov_urb,2014,21.169
aut,sex_t,age_aggregate_y15_24,geo_cov_urb,2015,21.468
aut,sex_t,age_aggregate_y15_24,geo_cov_urb,2016,22.516
aut,sex_t,age_aggregate_y15_24,geo_cov_urb,2017,20.876
aut,sex_t,age_aggregate_y15_24,geo_cov_urb,2018,19.441
aut,sex_t,age_aggregate_y15_24,geo_cov_urb,2019,19.5
aut,sex_t,age_aggregate_y15_24,geo_cov_urb,2020,21.112
aut,sex_t,age_aggregate_y15_24,geo_cov_urb,2021,20.291
aut,sex_t,age_aggregate_y15_24,geo_cov_urb,2022,18.7
aut,sex_t,age_aggregate_y15_24,geo_cov_urb,2023,18.865
aut,sex_t,age_aggregate_y15_24,geo_cov_urb,2024,18.481
aut,sex_t,age_aggregate_y25_54,geo_cov_nat,1998,7.314
aut,sex_t,age_aggregate_y25_54,geo_cov_nat,1999,6.822
aut,sex_t,age_aggregate_y25_54,geo_cov_nat,2000,6.165
aut,sex_t,age_aggregate_y25_54,geo_cov_nat,2001,5.401
aut,sex_t,age_aggregate_y25_54,geo_cov_nat,2002,6.107
aut,sex_t,age_aggregate_y25_54,geo_cov_nat,2003,5.491
aut,sex_t,age_aggregate_y25_54,geo_cov_nat,2004,7.593
aut,sex_t,age_aggregate_y25_54,geo_cov_nat,2005,7.696
aut,sex_t,age_aggregate_y25_54,geo_cov_nat,2006,7.643
aut,sex_t,age_aggregate_y25_54,geo_cov_nat,2007,7.179
aut,sex_t,age_aggregate_y25_54,geo_cov_nat,2008,6.433
aut,sex_t,age_aggregate_y25_54,geo_cov_nat,2009,7.535
aut,sex_t,age_aggregate_y25_54,geo_cov_nat,2010,7.224
aut,sex_t,age_aggregate_y25_54,geo_cov_nat,2011,6.675
aut,sex_t,age_aggregate_y25_54,geo_cov_nat,2012,7.096
aut,sex_t,age_aggregate_y25_54,geo_cov_nat,2013,7.397
aut,sex_t,age_aggregate_y25_54,geo_cov_nat,2014,7.95
aut,sex_t,age_aggregate_y25_54,geo_cov_nat,2015,7.912
aut,sex_t,age_aggregate_y25_54,geo_cov_nat,2016,8.024
aut,sex_t,age_aggregate_y25_54,geo_cov_nat,2017,7.739
aut,sex_t,age_aggregate_y25_54,geo_cov_nat,2018,6.921
aut,sex_t,age_aggregate_y25_54,geo_cov_nat,2019,6.424
aut,sex_t,age_aggregate_y25_54,geo_cov_nat,2020,7.772
aut,sex_t,age_aggregate_y25_54,geo_cov_nat,2021,8.064
aut,sex_t,age_aggregate_y25_54,geo_cov_nat,2022,6.416
aut,sex_t,age_aggregate_y25_54,geo_cov_nat,2023,6.769
aut,sex_t,age_aggregate_y25_54,geo_cov_nat,2024,6.962
aut,sex_t,age_aggregate_y25_54,geo_cov_rur,1998,6.79
aut,sex_t,age_aggregate_y25_54,geo_cov_rur,1999,6.284
aut,sex_t,age_aggregate_y25_54,geo_cov_rur,2000,5.602
aut,sex_t,age_aggregate_y25_54,geo_cov_rur,2001,5.079
aut,sex_t,age_aggregate_y25_54,geo_cov_rur,2002,5.282
aut,sex_t,age_aggregate_y25_54,geo_cov_rur,2003,4.322
aut,sex_t,age_aggregate_y25_54,geo_cov_rur,2004,6.437
aut,sex_t,age_aggregate_y25_54,geo_cov_rur,2005,6.217
aut,sex_t,age_aggregate_y25_54,geo_cov_rur,2006,5.998
aut,sex_t,age_aggregate_y25_54,geo_cov_rur,2007,5.382
aut,sex_t,age_aggregate_y25_54,geo_cov_rur,2008,4.908
aut,sex_t,age_aggregate_y25_54,geo_cov_rur,2009,5.469
aut,sex_t,age_aggregate_y25_54,geo_cov_rur,2010,5.55
aut,sex_t,age_aggregate_y25_54,geo_cov_rur,2011,5.125
aut,sex_t,age_aggregate_y25_54,geo_cov_rur,2012,4.902
aut,sex_t,age_aggregate_y25_54,geo_cov_rur,2013,4.836
aut,sex_t,age_aggregate_y25_54,geo_cov_rur,2014,5.667
aut,sex_t,age_aggregate_y25_54,geo_cov_rur,2015,5.231
aut,sex_t,age_aggregate_y25_54,geo_cov_rur,2016,5.029
aut,sex_t,age_aggregate_y25_54,geo_cov_rur,2017,4.586
aut,sex_t,age_aggregate_y25_54,geo_cov_rur,2018,4.053
aut,sex_t,age_aggregate_y25_54,geo_cov_rur,2019,3.614
aut,sex_t,age_aggregate_y25_54,geo_cov_rur,2020,4.752
aut,sex_t,age_aggregate_y25_54,geo_cov_rur,2021,4.882
aut,sex_t,age_aggregate_y25_54,geo_cov_rur,2022,3.941
aut,sex_t,age_aggregate_y25_54,geo_cov_rur,2023,3.974
aut,sex_t,age_aggregate_y25_54,geo_cov_rur,2024,3.774
aut,sex_t,age_aggregate_y25_54,geo_cov_urb,1998,7.633
aut,sex_t,age_aggregate_y25_54,geo_cov_urb,1999,7.145
aut,sex_t,age_aggregate_y25_54,geo_cov_urb,2000,6.51
aut,sex_t,age_aggregate_y25_54,geo_cov_urb,2001,5.6
aut,sex_t,age_aggregate_y25_54,geo_cov_urb,2002,6.612
aut,sex_t,age_aggregate_y25_54,geo_cov_urb,2003,6.221
aut,sex_t,age_aggregate_y25_54,geo_cov_urb,2004,8.355
aut,sex_t,age_aggregate_y25_54,geo_cov_urb,2005,8.644
aut,sex_t,age_aggregate_y25_54,geo_cov_urb,2006,8.687
aut,sex_t,age_aggregate_y25_54,geo_cov_urb,2007,8.3
aut,sex_t,age_aggregate_y25_54,geo_cov_urb,2008,7.387
aut,sex_t,age_aggregate_y25_54,geo_cov_urb,2009,8.811
aut,sex_t,age_aggregate_y25_54,geo_cov_urb,2010,8.263
aut,sex_t,age_aggregate_y25_54,geo_cov_urb,2011,7.62
aut,sex_t,age_aggregate_y25_54,geo_cov_urb,2012,8.579
aut,sex_t,age_aggregate_y25_54,geo_cov_urb,2013,9.116
aut,sex_t,age_aggregate_y25_54,geo_cov_urb,2014,9.318
aut,sex_t,age_aggregate_y25_54,geo_cov_urb,2015,9.697
aut,sex_t,age_aggregate_y25_54,geo_cov_urb,2016,9.971
aut,sex_t,age_aggregate_y25_54,geo_cov_urb,2017,9.632
aut,sex_t,age_aggregate_y25_54,geo_cov_urb,2018,8.608
aut,sex_t,age_aggregate_y25_54,geo_cov_urb,2019,8.08
aut,sex_t,age_aggregate_y25_54,geo_cov_urb,2020,9.563
aut,sex_t,age_aggregate_y25_54,geo_cov_urb,2021,9.965
aut,sex_t,age_aggregate_y25_54,geo_cov_urb,2022,7.875
aut,sex_t,age_aggregate_y25_54,geo_cov_urb,2023,8.403
aut,sex_t,age_aggregate_y25_54,geo_cov_urb,2024,8.728
aut,sex_t,age_aggregate_y55_64,geo_cov_nat,1998,12.405
aut,sex_t,age_aggregate_y55_64,geo_cov_nat,1999,11.775
aut,sex_t,age_aggregate_y55_64,geo_cov_nat,2000,11.148
aut,sex_t,age_aggregate_y55_64,geo_cov_nat,2001,11.216
aut,sex_t,age_aggregate_y55_64,geo_cov_nat,2002,10.12
aut,sex_t,age_aggregate_y55_64,geo_cov_nat,2003,10.776
aut,sex_t,age_aggregate_y55_64,geo_cov_nat,2004,15.021
aut,sex_t,age_aggregate_y55_64,geo_cov_nat,2005,14.487
aut,sex_t,age_aggregate_y55_64,geo_cov_nat,2006,13.309
aut,sex_t,age_aggregate_y55_64,geo_cov_nat,2007,11.07
aut,sex_t,age_aggregate_y55_64,geo_cov_nat,2008,8.702
aut,sex_t,age_aggregate_y55_64,geo_cov_nat,2009,9.496
aut,sex_t,age_aggregate_y55_64,geo_cov_nat,2010,8.673
aut,sex_t,age_aggregate_y55_64,geo_cov_nat,2011,10.015
aut,sex_t,age_aggregate_y55_64,geo_cov_nat,2012,10.12
aut,sex_t,age_aggregate_y55_64,geo_cov_nat,2013,9.98
aut,sex_t,age_aggregate_y55_64,geo_cov_nat,2014,9.984
aut,sex_t,age_aggregate_y55_64,geo_cov_nat,2015,10.692
aut,sex_t,age_aggregate_y55_64,geo_cov_nat,2016,10.182
aut,sex_t,age_aggregate_y55_64,geo_cov_nat,2017,8.79
aut,sex_t,age_aggregate_y55_64,geo_cov_nat,2018,7.561
aut,sex_t,age_aggregate_y55_64,geo_cov_nat,2019,7.39
aut,sex_t,age_aggregate_y55_64,geo_cov_nat,2020,8.691
aut,sex_t,age_aggregate_y55_64,geo_cov_nat,2021,8.054
aut,sex_t,age_aggregate_y55_64,geo_cov_nat,2022,6.081
aut,sex_t,age_aggregate_y55_64,geo_cov_nat,2023,6.629
aut,sex_t,age_aggregate_y55_64,geo_cov_nat,2024,6.049
aut,sex_t,age_aggregate_y55_64,geo_cov_rur,1998,11.023
aut,sex_t,age_aggregate_y55_64,geo_cov_rur,1999,9.38
aut,sex_t,age_aggregate_y55_64,geo_cov_rur,2000,9.321
aut,sex_t,age_aggregate_y55_64,geo_cov_rur,2001,9.563
aut,sex_t,age_aggregate_y55_64,geo_cov_rur,2002,5.296
aut,sex_t,age_aggregate_y55_64,geo_cov_rur,2003,8.313
aut,sex_t,age_aggregate_y55_64,geo_cov_rur,2004,12.566
aut,sex_t,age_aggregate_y55_64,geo_cov_rur,2005,11.188
aut,sex_t,age_aggregate_y55_64,geo_cov_rur,2006,10.962
aut,sex_t,age_aggregate_y55_64,geo_cov_rur,2007,8.851
aut,sex_t,age_aggregate_y55_64,geo_cov_rur,2008,7.347
aut,sex_t,age_aggregate_y55_64,geo_cov_rur,2009,7.991
aut,sex_t,age_aggregate_y55_64,geo_cov_rur,2010,7.72
aut,sex_t,age_aggregate_y55_64,geo_cov_rur,2011,7.587
aut,sex_t,age_aggregate_y55_64,geo_cov_rur,2012,7.929
aut,sex_t,age_aggregate_y55_64,geo_cov_rur,2013,7.668
aut,sex_t,age_aggregate_y55_64,geo_cov_rur,2014,7.128
aut,sex_t,age_aggregate_y55_64,geo_cov_rur,2015,8.805
aut,sex_t,age_aggregate_y55_64,geo_cov_rur,2016,7.463
aut,sex_t,age_aggregate_y55_64,geo_cov_rur,2017,6.233
aut,sex_t,age_aggregate_y55_64,geo_cov_rur,2018,5.518
aut,sex_t,age_aggregate_y55_64,geo_cov_rur,2019,5.458
aut,sex_t,age_aggregate_y55_64,geo_cov_rur,2020,6.978
aut,sex_t,age_aggregate_y55_64,geo_cov_rur,2021,5.824
aut,sex_t,age_aggregate_y55_64,geo_cov_rur,2022,3.746
aut,sex_t,age_aggregate_y55_64,geo_cov_rur,2023,4.048
aut,sex_t,age_aggregate_y55_64,geo_cov_rur,2024,4.188
aut,sex_t,age_aggregate_y55_64,geo_cov_urb,1998,13.248
aut,sex_t,age_aggregate_y55_64,geo_cov_urb,1999,13.142
aut,sex_t,age_aggregate_y55_64,geo_cov_urb,2000,12.098
aut,sex_t,age_aggregate_y55_64,geo_cov_urb,2001,12.111
aut,sex_t,age_aggregate_y55_64,geo_cov_urb,2002,12.697
aut,sex_t,age_aggregate_y55_64,geo_cov_urb,2003,12.034
aut,sex_t,age_aggregate_y55_64,geo_cov_urb,2004,16.433
aut,sex_t,age_aggregate_y55_64,geo_cov_urb,2005,16.341
aut,sex_t,age_aggregate_y55_64,geo_cov_urb,2006,14.654
aut,sex_t,age_aggregate_y55_64,geo_cov_urb,2007,12.505
aut,sex_t,age_aggregate_y55_64,geo_cov_urb,2008,9.614
aut,sex_t,age_aggregate_y55_64,geo_cov_urb,2009,10.464
aut,sex_t,age_aggregate_y55_64,geo_cov_urb,2010,9.278
aut,sex_t,age_aggregate_y55_64,geo_cov_urb,2011,11.635
aut,sex_t,age_aggregate_y55_64,geo_cov_urb,2012,11.693
aut,sex_t,age_aggregate_y55_64,geo_cov_urb,2013,11.723
aut,sex_t,age_aggregate_y55_64,geo_cov_urb,2014,11.941
aut,sex_t,age_aggregate_y55_64,geo_cov_urb,2015,12.166
aut,sex_t,age_aggregate_y55_64,geo_cov_urb,2016,12.247
aut,sex_t,age_aggregate_y55_64,geo_cov_urb,2017,10.455
aut,sex_t,age_aggregate_y55_64,geo_cov_urb,2018,8.965
aut,sex_t,age_aggregate_y55_64,geo_cov_urb,2019,8.776
aut,sex_t,age_aggregate_y55_64,geo_cov_urb,2020,9.964
aut,sex_t,age_aggregate_y55_64,geo_cov_urb,2021,9.609
aut,sex_t,age_aggregate_y55_64,geo_cov_urb,2022,7.772
aut,sex_t,age_aggregate_y55_64,geo_cov_urb,2023,8.458
aut,sex_t,age_aggregate_y55_64,geo_cov_urb,2024,7.337
aut,sex_t,age_aggregate_yge65,geo_cov_nat,1998,27.215
aut,sex_t,age_aggregate_yge65,geo_cov_nat,1999,30.064
aut,sex_t,age_aggregate_yge65,geo_cov_nat,2000,16.379
aut,sex_t,age_aggregate_yge65,geo_cov_nat,2001,20.476
aut,sex_t,age_aggregate_yge65,geo_cov_nat,2002,8.156
aut,sex_t,age_aggregate_yge65,geo_cov_nat,2003,13.498
aut,sex_t,age_aggregate_yge65,geo_cov_nat,2004,34.534
aut,sex_t,age_aggregate_yge65,geo_cov_nat,2005,28.742
aut,sex_t,age_aggregate_yge65,geo_cov_nat,2006,25.713
aut,sex_t,age_aggregate_yge65,geo_cov_nat,2007,18.817
aut,sex_t,age_aggregate_yge65,geo_cov_nat,2008,17.96
aut,sex_t,age_aggregate_yge65,geo_cov_nat,2009,17.836
aut,sex_t,age_aggregate_yge65,geo_cov_nat,2010,18.574
aut,sex_t,age_aggregate_yge65,geo_cov_nat,2011,20.131
aut,sex_t,age_aggregate_yge65,geo_cov_nat,2012,20.701
aut,sex_t,age_aggregate_yge65,geo_cov_nat,2013,18.282
aut,sex_t,age_aggregate_yge65,geo_cov_nat,2014,23.329
aut,sex_t,age_aggregate_yge65,geo_cov_nat,2015,21.709
aut,sex_t,age_aggregate_yge65,geo_cov_nat,2016,21.604
aut,sex_t,age_aggregate_yge65,geo_cov_nat,2017,18.885
aut,sex_t,age_aggregate_yge65,geo_cov_nat,2018,15.941
aut,sex_t,age_aggregate_yge65,geo_cov_nat,2019,17.765
aut,sex_t,age_aggregate_yge65,geo_cov_nat,2020,20.627
aut,sex_t,age_aggregate_yge65,geo_cov_nat,2021,13.395
aut,sex_t,age_aggregate_yge65,geo_cov_nat,2022,9.935
aut,sex_t,age_aggregate_yge65,geo_cov_nat,2023,11.748
aut,sex_t,age_aggregate_yge65,geo_cov_nat,2024,12.518
aut,sex_t,age_aggregate_yge65,geo_cov_rur,1998,21.224
aut,sex_t,age_aggregate_yge65,geo_cov_rur,1999,18.218
aut,sex_t,age_aggregate_yge65,geo_cov_rur,2000,8.185
aut,sex_t,age_aggregate_yge65,geo_cov_rur,2001,16.888
aut,sex_t,age_aggregate_yge65,geo_cov_rur,2002,6.092
aut,sex_t,age_aggregate_yge65,geo_cov_rur,2003,5.436
aut,sex_t,age_aggregate_yge65,geo_cov_rur,2004,25.077
aut,sex_t,age_aggregate_yge65,geo_cov_rur,2005,17.099
aut,sex_t,age_aggregate_yge65,geo_cov_rur,2006,15.889
aut,sex_t,age_aggregate_yge65,geo_cov_rur,2007,11.666
aut,sex_t,age_aggregate_yge65,geo_cov_rur,2008,10.382
aut,sex_t,age_aggregate_yge65,geo_cov_rur,2009,7.346
aut,sex_t,age_aggregate_yge65,geo_cov_rur,2010,11.872
aut,sex_t,age_aggregate_yge65,geo_cov_rur,2011,13.973
aut,sex_t,age_aggregate_yge65,geo_cov_rur,2012,12.021
aut,sex_t,age_aggregate_yge65,geo_cov_rur,2013,11.65
aut,sex_t,age_aggregate_yge65,geo_cov_rur,2014,15.009
aut,sex_t,age_aggregate_yge65,geo_cov_rur,2015,16.707
aut,sex_t,age_aggregate_yge65,geo_cov_rur,2016,15.72
aut,sex_t,age_aggregate_yge65,geo_cov_rur,2017,13.483
aut,sex_t,age_aggregate_yge65,geo_cov_rur,2018,12.326
aut,sex_t,age_aggregate_yge65,geo_cov_rur,2019,13.815
aut,sex_t,age_aggregate_yge65,geo_cov_rur,2020,19.846
aut,sex_t,age_aggregate_yge65,geo_cov_rur,2021,8.214
aut,sex_t,age_aggregate_yge65,geo_cov_rur,2022,6.297
aut,sex_t,age_aggregate_yge65,geo_cov_rur,2023,9.252
aut,sex_t,age_aggregate_yge65,geo_cov_rur,2024,7.584
aut,sex_t,age_aggregate_yge65,geo_cov_urb,1998,35.321
aut,sex_t,age_aggregate_yge65,geo_cov_urb,1999,46.659
aut,sex_t,age_aggregate_yge65,geo_cov_urb,2000,27.444
aut,sex_t,age_aggregate_yge65,geo_cov_urb,2001,26.519
aut,sex_t,age_aggregate_yge65,geo_cov_urb,2002,10.914
aut,sex_t,age_aggregate_yge65,geo_cov_urb,2003,21.697
aut,sex_t,age_aggregate_yge65,geo_cov_urb,2004,41.526
aut,sex_t,age_aggregate_yge65,geo_cov_urb,2005,37.486
aut,sex_t,age_aggregate_yge65,geo_cov_urb,2006,33.399
aut,sex_t,age_aggregate_yge65,geo_cov_urb,2007,25.12
aut,sex_t,age_aggregate_yge65,geo_cov_urb,2008,24.854
aut,sex_t,age_aggregate_yge65,geo_cov_urb,2009,26.633
aut,sex_t,age_aggregate_yge65,geo_cov_urb,2010,24.153
aut,sex_t,age_aggregate_yge65,geo_cov_urb,2011,24.36
aut,sex_t,age_aggregate_yge65,geo_cov_urb,2012,28.357
aut,sex_t,age_aggregate_yge65,geo_cov_urb,2013,23.596
aut,sex_t,age_aggregate_yge65,geo_cov_urb,2014,29.624
aut,sex_t,age_aggregate_yge65,geo_cov_urb,2015,25.667
aut,sex_t,age_aggregate_yge65,geo_cov_urb,2016,25.91
aut,sex_t,age_aggregate_yge65,geo_cov_urb,2017,22.848
aut,sex_t,age_aggregate_yge65,geo_cov_urb,2018,18.916
aut,sex_t,age_aggregate_yge65,geo_cov_urb,2019,20.586
aut,sex_t,age_aggregate_yge65,geo_cov_urb,2020,21.201
aut,sex_t,age_aggregate_yge65,geo_cov_urb,2021,17.281
aut,sex_t,age_aggregate_yge65,geo_cov_urb,2022,12.698
aut,sex_t,age_aggregate_yge65,geo_cov_urb,2023,13.623
aut,sex_t,age_aggregate_yge65,geo_cov_urb,2024,16.131
aut,sex_t,age_ythadult_y15_24,geo_cov_nat,1998,11.225
aut,sex_t,age_ythadult_y15_24,geo_cov_nat,1999,8.831
aut,sex_t,age_ythadult_y15_24,geo_cov_nat,2000,9.62
aut,sex_t,age_ythadult_y15_24,geo_cov_nat,2001,8.748
aut,sex_t,age_ythadult_y15_24,geo_cov_nat,2002,8.842
aut,sex_t,age_ythadult_y15_24,geo_cov_nat,2003,9.259
aut,sex_t,age_ythadult_y15_24,geo_cov_nat,2004,16.317
aut,sex_t,age_ythadult_y15_24,geo_cov_nat,2005,18.226
aut,sex_t,age_ythadult_y15_24,geo_cov_nat,2006,17.168
aut,sex_t,age_ythadult_y15_24,geo_cov_nat,2007,16.092
aut,sex_t,age_ythadult_y15_24,geo_cov_nat,2008,15.587
aut,sex_t,age_ythadult_y15_24,geo_cov_nat,2009,18.127
aut,sex_t,age_ythadult_y15_24,geo_cov_nat,2010,17.026
aut,sex_t,age_ythadult_y15_24,geo_cov_nat,2011,15.46
aut,sex_t,age_ythadult_y15_24,geo_cov_nat,2012,16.111
aut,sex_t,age_ythadult_y15_24,geo_cov_nat,2013,16.659
aut,sex_t,age_ythadult_y15_24,geo_cov_nat,2014,17.406
aut,sex_t,age_ythadult_y15_24,geo_cov_nat,2015,17.87
aut,sex_t,age_ythadult_y15_24,geo_cov_nat,2016,18.502
aut,sex_t,age_ythadult_y15_24,geo_cov_nat,2017,16.864
aut,sex_t,age_ythadult_y15_24,geo_cov_nat,2018,15.393
aut,sex_t,age_ythadult_y15_24,geo_cov_nat,2019,15.629
aut,sex_t,age_ythadult_y15_24,geo_cov_nat,2020,17.535
aut,sex_t,age_ythadult_y15_24,geo_cov_nat,2021,16.886
aut,sex_t,age_ythadult_y15_24,geo_cov_nat,2022,14.972
aut,sex_t,age_ythadult_y15_24,geo_cov_nat,2023,15.678
aut,sex_t,age_ythadult_y15_24,geo_cov_nat,2024,15.777
aut,sex_t,age_ythadult_y15_24,geo_cov_rur,1998,9.424
aut,sex_t,age_ythadult_y15_24,geo_cov_rur,1999,7.16
aut,sex_t,age_ythadult_y15_24,geo_cov_rur,2000,7.668
aut,sex_t,age_ythadult_y15_24,geo_cov_rur,2001,6.978
aut,sex_t,age_ythadult_y15_24,geo_cov_rur,2002,7.032
aut,sex_t,age_ythadult_y15_24,geo_cov_rur,2003,5.842
aut,sex_t,age_ythadult_y15_24,geo_cov_rur,2004,12.949
aut,sex_t,age_ythadult_y15_24,geo_cov_rur,2005,13.468
aut,sex_t,age_ythadult_y15_24,geo_cov_rur,2006,12.933
aut,sex_t,age_ythadult_y15_24,geo_cov_rur,2007,11.541
aut,sex_t,age_ythadult_y15_24,geo_cov_rur,2008,10.917
aut,sex_t,age_ythadult_y15_24,geo_cov_rur,2009,13.222
aut,sex_t,age_ythadult_y15_24,geo_cov_rur,2010,12.387
aut,sex_t,age_ythadult_y15_24,geo_cov_rur,2011,10.312
aut,sex_t,age_ythadult_y15_24,geo_cov_rur,2012,10.885
aut,sex_t,age_ythadult_y15_24,geo_cov_rur,2013,11.305
aut,sex_t,age_ythadult_y15_24,geo_cov_rur,2014,12.017
aut,sex_t,age_ythadult_y15_24,geo_cov_rur,2015,13.184
aut,sex_t,age_ythadult_y15_24,geo_cov_rur,2016,12.781
aut,sex_t,age_ythadult_y15_24,geo_cov_rur,2017,11.211
aut,sex_t,age_ythadult_y15_24,geo_cov_rur,2018,9.492
aut,sex_t,age_ythadult_y15_24,geo_cov_rur,2019,9.826
aut,sex_t,age_ythadult_y15_24,geo_cov_rur,2020,12.139
aut,sex_t,age_ythadult_y15_24,geo_cov_rur,2021,12.166
aut,sex_t,age_ythadult_y15_24,geo_cov_rur,2022,9.14
aut,sex_t,age_ythadult_y15_24,geo_cov_rur,2023,10.45
aut,sex_t,age_ythadult_y15_24,geo_cov_rur,2024,10.844
aut,sex_t,age_ythadult_y15_24,geo_cov_urb,1998,12.841
aut,sex_t,age_ythadult_y15_24,geo_cov_urb,1999,10.202
aut,sex_t,age_ythadult_y15_24,geo_cov_urb,2000,11.363
aut,sex_t,age_ythadult_y15_24,geo_cov_urb,2001,10.276
aut,sex_t,age_ythadult_y15_24,geo_cov_urb,2002,10.403
aut,sex_t,age_ythadult_y15_24,geo_cov_urb,2003,12.084
aut,sex_t,age_ythadult_y15_24,geo_cov_urb,2004,18.98
aut,sex_t,age_ythadult_y15_24,geo_cov_urb,2005,22.14
aut,sex_t,age_ythadult_y15_24,geo_cov_urb,2006,20.533
aut,sex_t,age_ythadult_y15_24,geo_cov_urb,2007,19.37
aut,sex_t,age_ythadult_y15_24,geo_cov_urb,2008,18.933
aut,sex_t,age_ythadult_y15_24,geo_cov_urb,2009,21.606
aut,sex_t,age_ythadult_y15_24,geo_cov_urb,2010,20.407
aut,sex_t,age_ythadult_y15_24,geo_cov_urb,2011,19.121
aut,sex_t,age_ythadult_y15_24,geo_cov_urb,2012,20.452
aut,sex_t,age_ythadult_y15_24,geo_cov_urb,2013,20.845
aut,sex_t,age_ythadult_y15_24,geo_cov_urb,2014,21.169
aut,sex_t,age_ythadult_y15_24,geo_cov_urb,2015,21.468
aut,sex_t,age_ythadult_y15_24,geo_cov_urb,2016,22.516
aut,sex_t,age_ythadult_y15_24,geo_cov_urb,2017,20.876
aut,sex_t,age_ythadult_y15_24,geo_cov_urb,2018,19.441
aut,sex_t,age_ythadult_y15_24,geo_cov_urb,2019,19.5
aut,sex_t,age_ythadult_y15_24,geo_cov_urb,2020,21.112
aut,sex_t,age_ythadult_y15_24,geo_cov_urb,2021,20.291
aut,sex_t,age_ythadult_y15_24,geo_cov_urb,2022,18.7
aut,sex_t,age_ythadult_y15_24,geo_cov_urb,2023,18.865
aut,sex_t,age_ythadult_y15_24,geo_cov_urb,2024,18.481
aut,sex_t,age_ythadult_y15_64,geo_cov_nat,1998,8.234
aut,sex_t,age_ythadult_y15_64,geo_cov_nat,1999,7.469
aut,sex_t,age_ythadult_y15_64,geo_cov_nat,2000,7.008
aut,sex_t,age_ythadult_y15_64,geo_cov_nat,2001,6.254
aut,sex_t,age_ythadult_y15_64,geo_cov_nat,2002,6.762
aut,sex_t,age_ythadult_y15_64,geo_cov_nat,2003,6.399
aut,sex_t,age_ythadult_y15_64,geo_cov_nat,2004,9.427
aut,sex_t,age_ythadult_y15_64,geo_cov_nat,2005,9.825
aut,sex_t,age_ythadult_y15_64,geo_cov_nat,2006,9.535
aut,sex_t,age_ythadult_y15_64,geo_cov_nat,2007,8.85
aut,sex_t,age_ythadult_y15_64,geo_cov_nat,2008,8.01
aut,sex_t,age_ythadult_y15_64,geo_cov_nat,2009,9.296
aut,sex_t,age_ythadult_y15_64,geo_cov_nat,2010,8.787
aut,sex_t,age_ythadult_y15_64,geo_cov_nat,2011,8.274
aut,sex_t,age_ythadult_y15_64,geo_cov_nat,2012,8.702
aut,sex_t,age_ythadult_y15_64,geo_cov_nat,2013,8.991
aut,sex_t,age_ythadult_y15_64,geo_cov_nat,2014,9.492
aut,sex_t,age_ythadult_y15_64,geo_cov_nat,2015,9.598
aut,sex_t,age_ythadult_y15_64,geo_cov_nat,2016,9.71
aut,sex_t,age_ythadult_y15_64,geo_cov_nat,2017,9.038
aut,sex_t,age_ythadult_y15_64,geo_cov_nat,2018,8.06
aut,sex_t,age_ythadult_y15_64,geo_cov_nat,2019,7.685
aut,sex_t,age_ythadult_y15_64,geo_cov_nat,2020,9.089
aut,sex_t,age_ythadult_y15_64,geo_cov_nat,2021,9.087
aut,sex_t,age_ythadult_y15_64,geo_cov_nat,2022,7.36
aut,sex_t,age_ythadult_y15_64,geo_cov_nat,2023,7.813
aut,sex_t,age_ythadult_y15_64,geo_cov_nat,2024,7.821
aut,sex_t,age_ythadult_y15_64,geo_cov_rur,1998,7.534
aut,sex_t,age_ythadult_y15_64,geo_cov_rur,1999,6.643
aut,sex_t,age_ythadult_y15_64,geo_cov_rur,2000,6.186
aut,sex_t,age_ythadult_y15_64,geo_cov_rur,2001,5.663
aut,sex_t,age_ythadult_y15_64,geo_cov_rur,2002,5.559
aut,sex_t,age_ythadult_y15_64,geo_cov_rur,2003,4.824
aut,sex_t,age_ythadult_y15_64,geo_cov_rur,2004,7.902
aut,sex_t,age_ythadult_y15_64,geo_cov_rur,2005,7.818
aut,sex_t,age_ythadult_y15_64,geo_cov_rur,2006,7.541
aut,sex_t,age_ythadult_y15_64,geo_cov_rur,2007,6.674
aut,sex_t,age_ythadult_y15_64,geo_cov_rur,2008,6.097
aut,sex_t,age_ythadult_y15_64,geo_cov_rur,2009,6.943
aut,sex_t,age_ythadult_y15_64,geo_cov_rur,2010,6.836
aut,sex_t,age_ythadult_y15_64,geo_cov_rur,2011,6.184
aut,sex_t,age_ythadult_y15_64,geo_cov_rur,2012,6.166
aut,sex_t,age_ythadult_y15_64,geo_cov_rur,2013,6.143
aut,sex_t,age_ythadult_y15_64,geo_cov_rur,2014,6.787
aut,sex_t,age_ythadult_y15_64,geo_cov_rur,2015,6.84
aut,sex_t,age_ythadult_y15_64,geo_cov_rur,2016,6.438
aut,sex_t,age_ythadult_y15_64,geo_cov_rur,2017,5.729
aut,sex_t,age_ythadult_y15_64,geo_cov_rur,2018,5.003
aut,sex_t,age_ythadult_y15_64,geo_cov_rur,2019,4.713
aut,sex_t,age_ythadult_y15_64,geo_cov_rur,2020,6.067
aut,sex_t,age_ythadult_y15_64,geo_cov_rur,2021,5.969
aut,sex_t,age_ythadult_y15_64,geo_cov_rur,2022,4.526
aut,sex_t,age_ythadult_y15_64,geo_cov_rur,2023,4.766
aut,sex_t,age_ythadult_y15_64,geo_cov_rur,2024,4.65
aut,sex_t,age_ythadult_y15_64,geo_cov_urb,1998,8.685
aut,sex_t,age_ythadult_y15_64,geo_cov_urb,1999,7.986
aut,sex_t,age_ythadult_y15_64,geo_cov_urb,2000,7.532
aut,sex_t,age_ythadult_y15_64,geo_cov_urb,2001,6.632
aut,sex_t,age_ythadult_y15_64,geo_cov_urb,2002,7.526
aut,sex_t,age_ythadult_y15_64,geo_cov_urb,2003,7.405
aut,sex_t,age_ythadult_y15_64,geo_cov_urb,2004,10.45
aut,sex_t,age_ythadult_y15_64,geo_cov_urb,2005,11.147
aut,sex_t,age_ythadult_y15_64,geo_cov_urb,2006,10.832
aut,sex_t,age_ythadult_y15_64,geo_cov_urb,2007,10.242
aut,sex_t,age_ythadult_y15_64,geo_cov_urb,2008,9.241
aut,sex_t,age_ythadult_y15_64,geo_cov_urb,2009,10.785
aut,sex_t,age_ythadult_y15_64,geo_cov_urb,2010,10.029
aut,sex_t,age_ythadult_y15_64,geo_cov_urb,2011,9.589
aut,sex_t,age_ythadult_y15_64,geo_cov_urb,2012,10.479
aut,sex_t,age_ythadult_y15_64,geo_cov_urb,2013,10.971
aut,sex_t,age_ythadult_y15_64,geo_cov_urb,2014,11.174
aut,sex_t,age_ythadult_y15_64,geo_cov_urb,2015,11.508
aut,sex_t,age_ythadult_y15_64,geo_cov_urb,2016,11.904
aut,sex_t,age_ythadult_y15_64,geo_cov_urb,2017,11.092
aut,sex_t,age_ythadult_y15_64,geo_cov_urb,2018,9.937
aut,sex_t,age_ythadult_y15_64,geo_cov_urb,2019,9.519
aut,sex_t,age_ythadult_y15_64,geo_cov_urb,2020,10.973
aut,sex_t,age_ythadult_y15_64,geo_cov_urb,2021,11.042
aut,sex_t,age_ythadult_y15_64,geo_cov_urb,2022,9.107
aut,sex_t,age_ythadult_y15_64,geo_cov_urb,2023,9.665
aut,sex_t,age_ythadult_y15_64,geo_cov_urb,2024,9.647
aut,sex_t,age_ythadult_yge15,geo_cov_nat,1998,8.448
aut,sex_t,age_ythadult_yge15,geo_cov_nat,1999,7.731
aut,sex_t,age_ythadult_yge15,geo_cov_nat,2000,7.103
aut,sex_t,age_ythadult_yge15,geo_cov_nat,2001,6.411
aut,sex_t,age_ythadult_yge15,geo_cov_nat,2002,6.774
aut,sex_t,age_ythadult_yge15,geo_cov_nat,2003,6.459
aut,sex_t,age_ythadult_yge15,geo_cov_nat,2004,9.666
aut,sex_t,age_ythadult_yge15,geo_cov_nat,2005,10.055
aut,sex_t,age_ythadult_yge15,geo_cov_nat,2006,9.758
aut,sex_t,age_ythadult_yge15,geo_cov_nat,2007,9.02
aut,sex_t,age_ythadult_yge15,geo_cov_nat,2008,8.192
aut,sex_t,age_ythadult_yge15,geo_cov_nat,2009,9.468
aut,sex_t,age_ythadult_yge15,geo_cov_nat,2010,8.985
aut,sex_t,age_ythadult_yge15,geo_cov_nat,2011,8.509
aut,sex_t,age_ythadult_yge15,geo_cov_nat,2012,8.942
aut,sex_t,age_ythadult_yge15,geo_cov_nat,2013,9.179
aut,sex_t,age_ythadult_yge15,geo_cov_nat,2014,9.802
aut,sex_t,age_ythadult_yge15,geo_cov_nat,2015,9.87
aut,sex_t,age_ythadult_yge15,geo_cov_nat,2016,9.961
aut,sex_t,age_ythadult_yge15,geo_cov_nat,2017,9.232
aut,sex_t,age_ythadult_yge15,geo_cov_nat,2018,8.215
aut,sex_t,age_ythadult_yge15,geo_cov_nat,2019,7.879
aut,sex_t,age_ythadult_yge15,geo_cov_nat,2020,9.312
aut,sex_t,age_ythadult_yge15,geo_cov_nat,2021,9.165
aut,sex_t,age_ythadult_yge15,geo_cov_nat,2022,7.411
aut,sex_t,age_ythadult_yge15,geo_cov_nat,2023,7.894
aut,sex_t,age_ythadult_yge15,geo_cov_nat,2024,7.924
aut,sex_t,age_ythadult_yge15,geo_cov_rur,1998,7.759
aut,sex_t,age_ythadult_yge15,geo_cov_rur,1999,6.846
aut,sex_t,age_ythadult_yge15,geo_cov_rur,2000,6.216
aut,sex_t,age_ythadult_yge15,geo_cov_rur,2001,5.86
aut,sex_t,age_ythadult_yge15,geo_cov_rur,2002,5.566
aut,sex_t,age_ythadult_yge15,geo_cov_rur,2003,4.831
aut,sex_t,age_ythadult_yge15,geo_cov_rur,2004,8.075
aut,sex_t,age_ythadult_yge15,geo_cov_rur,2005,7.94
aut,sex_t,age_ythadult_yge15,geo_cov_rur,2006,7.669
aut,sex_t,age_ythadult_yge15,geo_cov_rur,2007,6.776
aut,sex_t,age_ythadult_yge15,geo_cov_rur,2008,6.192
aut,sex_t,age_ythadult_yge15,geo_cov_rur,2009,6.953
aut,sex_t,age_ythadult_yge15,geo_cov_rur,2010,6.955
aut,sex_t,age_ythadult_yge15,geo_cov_rur,2011,6.347
aut,sex_t,age_ythadult_yge15,geo_cov_rur,2012,6.299
aut,sex_t,age_ythadult_yge15,geo_cov_rur,2013,6.263
aut,sex_t,age_ythadult_yge15,geo_cov_rur,2014,6.993
aut,sex_t,age_ythadult_yge15,geo_cov_rur,2015,7.078
aut,sex_t,age_ythadult_yge15,geo_cov_rur,2016,6.644
aut,sex_t,age_ythadult_yge15,geo_cov_rur,2017,5.898
aut,sex_t,age_ythadult_yge15,geo_cov_rur,2018,5.174
aut,sex_t,age_ythadult_yge15,geo_cov_rur,2019,4.903
aut,sex_t,age_ythadult_yge15,geo_cov_rur,2020,6.361
aut,sex_t,age_ythadult_yge15,geo_cov_rur,2021,6.014
aut,sex_t,age_ythadult_yge15,geo_cov_rur,2022,4.566
aut,sex_t,age_ythadult_yge15,geo_cov_rur,2023,4.87
aut,sex_t,age_ythadult_yge15,geo_cov_rur,2024,4.725
aut,sex_t,age_ythadult_yge15,geo_cov_urb,1998,8.895
aut,sex_t,age_ythadult_yge15,geo_cov_urb,1999,8.292
aut,sex_t,age_ythadult_yge15,geo_cov_urb,2000,7.673
aut,sex_t,age_ythadult_yge15,geo_cov_urb,2001,6.766
aut,sex_t,age_ythadult_yge15,geo_cov_urb,2002,7.547
aut,sex_t,age_ythadult_yge15,geo_cov_urb,2003,7.504
aut,sex_t,age_ythadult_yge15,geo_cov_urb,2004,10.734
aut,sex_t,age_ythadult_yge15,geo_cov_urb,2005,11.451
aut,sex_t,age_ythadult_yge15,geo_cov_urb,2006,11.12
aut,sex_t,age_ythadult_yge15,geo_cov_urb,2007,10.464
aut,sex_t,age_ythadult_yge15,geo_cov_urb,2008,9.487
aut,sex_t,age_ythadult_yge15,geo_cov_urb,2009,11.07
aut,sex_t,age_ythadult_yge15,geo_cov_urb,2010,10.285
aut,sex_t,age_ythadult_yge15,geo_cov_urb,2011,9.871
aut,sex_t,age_ythadult_yge15,geo_cov_urb,2012,10.802
aut,sex_t,age_ythadult_yge15,geo_cov_urb,2013,11.211
aut,sex_t,age_ythadult_yge15,geo_cov_urb,2014,11.557
aut,sex_t,age_ythadult_yge15,geo_cov_urb,2015,11.808
aut,sex_t,age_ythadult_yge15,geo_cov_urb,2016,12.189
aut,sex_t,age_ythadult_yge15,geo_cov_urb,2017,11.308
aut,sex_t,age_ythadult_yge15,geo_cov_urb,2018,10.094
aut,sex_t,age_ythadult_yge15,geo_cov_urb,2019,9.72
aut,sex_t,age_ythadult_yge15,geo_cov_urb,2020,11.158
aut,sex_t,age_ythadult_yge15,geo_cov_urb,2021,11.147
aut,sex_t,age_ythadult_yge15,geo_cov_urb,2022,9.172
aut,sex_t,age_ythadult_yge15,geo_cov_urb,2023,9.74
aut,sex_t,age_ythadult_yge15,geo_cov_urb,2024,9.777
aut,sex_t,age_ythadult_yge25,geo_cov_nat,1998,7.989
aut,sex_t,age_ythadult_yge25,geo_cov_nat,1999,7.555
aut,sex_t,age_ythadult_yge25,geo_cov_nat,2000,6.716
aut,sex_t,age_ythadult_yge25,geo_cov_nat,2001,6.064
aut,sex_t,age_ythadult_yge25,geo_cov_nat,2002,6.461
aut,sex_t,age_ythadult_yge25,geo_cov_nat,2003,6.039
aut,sex_t,age_ythadult_yge25,geo_cov_nat,2004,8.547
aut,sex_t,age_ythadult_yge25,geo_cov_nat,2005,8.628
aut,sex_t,age_ythadult_yge25,geo_cov_nat,2006,8.488
aut,sex_t,age_ythadult_yge25,geo_cov_nat,2007,7.805
aut,sex_t,age_ythadult_yge25,geo_cov_nat,2008,6.92
aut,sex_t,age_ythadult_yge25,geo_cov_nat,2009,7.989
aut,sex_t,age_ythadult_yge25,geo_cov_nat,2010,7.655
aut,sex_t,age_ythadult_yge25,geo_cov_nat,2011,7.367
aut,sex_t,age_ythadult_yge25,geo_cov_nat,2012,7.774
aut,sex_t,age_ythadult_yge25,geo_cov_nat,2013,7.978
aut,sex_t,age_ythadult_yge25,geo_cov_nat,2014,8.615
aut,sex_t,age_ythadult_yge25,geo_cov_nat,2015,8.65
aut,sex_t,age_ythadult_yge25,geo_cov_nat,2016,8.671
aut,sex_t,age_ythadult_yge25,geo_cov_nat,2017,8.153
aut,sex_t,age_ythadult_yge25,geo_cov_nat,2018,7.229
aut,sex_t,age_ythadult_yge25,geo_cov_nat,2019,6.837
aut,sex_t,age_ythadult_yge25,geo_cov_nat,2020,8.219
aut,sex_t,age_ythadult_yge25,geo_cov_nat,2021,8.171
aut,sex_t,age_ythadult_yge25,geo_cov_nat,2022,6.432
aut,sex_t,age_ythadult_yge25,geo_cov_nat,2023,6.858
aut,sex_t,age_ythadult_yge25,geo_cov_nat,2024,6.92
aut,sex_t,age_ythadult_yge25,geo_cov_rur,1998,7.418
aut,sex_t,age_ythadult_yge25,geo_cov_rur,1999,6.785
aut,sex_t,age_ythadult_yge25,geo_cov_rur,2000,5.939
aut,sex_t,age_ythadult_yge25,geo_cov_rur,2001,5.659
aut,sex_t,age_ythadult_yge25,geo_cov_rur,2002,5.295
aut,sex_t,age_ythadult_yge25,geo_cov_rur,2003,4.651
aut,sex_t,age_ythadult_yge25,geo_cov_rur,2004,7.159
aut,sex_t,age_ythadult_yge25,geo_cov_rur,2005,6.817
aut,sex_t,age_ythadult_yge25,geo_cov_rur,2006,6.636
aut,sex_t,age_ythadult_yge25,geo_cov_rur,2007,5.89
aut,sex_t,age_ythadult_yge25,geo_cov_rur,2008,5.319
aut,sex_t,age_ythadult_yge25,geo_cov_rur,2009,5.798
aut,sex_t,age_ythadult_yge25,geo_cov_rur,2010,5.972
aut,sex_t,age_ythadult_yge25,geo_cov_rur,2011,5.637
aut,sex_t,age_ythadult_yge25,geo_cov_rur,2012,5.464
aut,sex_t,age_ythadult_yge25,geo_cov_rur,2013,5.388
aut,sex_t,age_ythadult_yge25,geo_cov_rur,2014,6.146
aut,sex_t,age_ythadult_yge25,geo_cov_rur,2015,6.083
aut,sex_t,age_ythadult_yge25,geo_cov_rur,2016,5.689
aut,sex_t,age_ythadult_yge25,geo_cov_rur,2017,5.075
aut,sex_t,age_ythadult_yge25,geo_cov_rur,2018,4.535
aut,sex_t,age_ythadult_yge25,geo_cov_rur,2019,4.206
aut,sex_t,age_ythadult_yge25,geo_cov_rur,2020,5.561
aut,sex_t,age_ythadult_yge25,geo_cov_rur,2021,5.145
aut,sex_t,age_ythadult_yge25,geo_cov_rur,2022,3.96
aut,sex_t,age_ythadult_yge25,geo_cov_rur,2023,4.129
aut,sex_t,age_ythadult_yge25,geo_cov_rur,2024,3.973
aut,sex_t,age_ythadult_yge25,geo_cov_urb,1998,8.34
aut,sex_t,age_ythadult_yge25,geo_cov_urb,1999,8.021
aut,sex_t,age_ythadult_yge25,geo_cov_urb,2000,7.191
aut,sex_t,age_ythadult_yge25,geo_cov_urb,2001,6.314
aut,sex_t,age_ythadult_yge25,geo_cov_urb,2002,7.173
aut,sex_t,age_ythadult_yge25,geo_cov_urb,2003,6.896
aut,sex_t,age_ythadult_yge25,geo_cov_urb,2004,9.453
aut,sex_t,age_ythadult_yge25,geo_cov_urb,2005,9.777
aut,sex_t,age_ythadult_yge25,geo_cov_urb,2006,9.655
aut,sex_t,age_ythadult_yge25,geo_cov_urb,2007,9.013
aut,sex_t,age_ythadult_yge25,geo_cov_urb,2008,7.939
aut,sex_t,age_ythadult_yge25,geo_cov_urb,2009,9.359
aut,sex_t,age_ythadult_yge25,geo_cov_urb,2010,8.71
aut,sex_t,age_ythadult_yge25,geo_cov_urb,2011,8.435
aut,sex_t,age_ythadult_yge25,geo_cov_urb,2012,9.356
aut,sex_t,age_ythadult_yge25,geo_cov_urb,2013,9.749
aut,sex_t,age_ythadult_yge25,geo_cov_urb,2014,10.131
aut,sex_t,age_ythadult_yge25,geo_cov_urb,2015,10.405
aut,sex_t,age_ythadult_yge25,geo_cov_urb,2016,10.66
aut,sex_t,age_ythadult_yge25,geo_cov_urb,2017,10.033
aut,sex_t,age_ythadult_yge25,geo_cov_urb,2018,8.868
aut,sex_t,age_ythadult_yge25,geo_cov_urb,2019,8.448
aut,sex_t,age_ythadult_yge25,geo_cov_urb,2020,9.868
aut,sex_t,age_ythadult_yge25,geo_cov_urb,2021,10.04
aut,sex_t,age_ythadult_yge25,geo_cov_urb,2022,7.956
aut,sex_t,age_ythadult_yge25,geo_cov_urb,2023,8.525
aut,sex_t,age_ythadult_yge25,geo_cov_urb,2024,8.639
bdi,sex_f,age_aggregate_total,geo_cov_nat,2006,3.3
bdi,sex_f,age_aggregate_total,geo_cov_nat,2014,2.406
bdi,sex_f,age_aggregate_total,geo_cov_nat,2020,1.38
bdi,sex_f,age_aggregate_total,geo_cov_rur,2006,2.769
bdi,sex_f,age_aggregate_total,geo_cov_rur,2014,1.11
bdi,sex_f,age_aggregate_total,geo_cov_rur,2020,0.55
bdi,sex_f,age_aggregate_total,geo_cov_urb,2006,12.378
bdi,sex_f,age_aggregate_total,geo_cov_urb,2014,18.332
bdi,sex_f,age_aggregate_total,geo_cov_urb,2020,10.551
bdi,sex_f,age_aggregate_y15_24,geo_cov_nat,2006,3.956
bdi,sex_f,age_aggregate_y15_24,geo_cov_nat,2014,4.706
bdi,sex_f,age_aggregate_y15_24,geo_cov_nat,2020,2.151
bdi,sex_f,age_aggregate_y15_24,geo_cov_rur,2006,3.371
bdi,sex_f,age_aggregate_y15_24,geo_cov_rur,2014,3.062
bdi,sex_f,age_aggregate_y15_24,geo_cov_rur,2020,1.03
bdi,sex_f,age_aggregate_y15_24,geo_cov_urb,2006,15.302
bdi,sex_f,age_aggregate_y15_24,geo_cov_urb,2014,24.831
bdi,sex_f,age_aggregate_y15_24,geo_cov_urb,2020,14.85
bdi,sex_f,age_aggregate_y25_54,geo_cov_nat,2006,3.187
bdi,sex_f,age_aggregate_y25_54,geo_cov_nat,2014,1.915
bdi,sex_f,age_aggregate_y25_54,geo_cov_nat,2020,1.334
bdi,sex_f,age_aggregate_y25_54,geo_cov_rur,2006,2.633
bdi,sex_f,age_aggregate_y25_54,geo_cov_rur,2014,0.522
bdi,sex_f,age_aggregate_y25_54,geo_cov_rur,2020,0.434
bdi,sex_f,age_aggregate_y25_54,geo_cov_urb,2006,12.105
bdi,sex_f,age_aggregate_y25_54,geo_cov_urb,2014,17.442
bdi,sex_f,age_aggregate_y25_54,geo_cov_urb,2020,10.34
bdi,sex_f,age_aggregate_y55_64,geo_cov_nat,2006,1.257
bdi,sex_f,age_ythadult_y15_24,geo_cov_nat,2006,3.956
bdi,sex_f,age_ythadult_y15_24,geo_cov_nat,2014,4.706
bdi,sex_f,age_ythadult_y15_24,geo_cov_nat,2020,2.151
bdi,sex_f,age_ythadult_y15_24,geo_cov_rur,2006,3.371
bdi,sex_f,age_ythadult_y15_24,geo_cov_rur,2014,3.062
bdi,sex_f,age_ythadult_y15_24,geo_cov_rur,2020,1.03
bdi,sex_f,age_ythadult_y15_24,geo_cov_urb,2006,15.302
bdi,sex_f,age_ythadult_y15_24,geo_cov_urb,2014,24.831
bdi,sex_f,age_ythadult_y15_24,geo_cov_urb,2020,14.85
bdi,sex_f,age_ythadult_y15_64,geo_cov_nat,2006,3.327
bdi,sex_f,age_ythadult_y15_64,geo_cov_nat,2014,2.5
bdi,sex_f,age_ythadult_y15_64,geo_cov_nat,2020,1.429
bdi,sex_f,age_ythadult_y15_64,geo_cov_rur,2006,2.789
bdi,sex_f,age_ythadult_y15_64,geo_cov_urb,2014,18.661
bdi,sex_f,age_ythadult_y15_64,geo_cov_urb,2020,10.806
bdi,sex_f,age_ythadult_yge15,geo_cov_nat,2006,3.3
bdi,sex_f,age_ythadult_yge15,geo_cov_nat,2014,2.406
bdi,sex_f,age_ythadult_yge15,geo_cov_nat,2020,1.38
bdi,sex_f,age_ythadult_yge15,geo_cov_rur,2006,2.769
bdi,sex_f,age_ythadult_yge15,geo_cov_rur,2014,1.11
bdi,sex_f,age_ythadult_yge15,geo_cov_rur,2020,0.55
bdi,sex_f,age_ythadult_yge15,geo_cov_urb,2006,12.378
bdi,sex_f,age_ythadult_yge15,geo_cov_urb,2014,18.332
bdi,sex_f,age_ythadult_yge15,geo_cov_urb,2020,10.551
bdi,sex_f,age_ythadult_yge25,geo_cov_nat,2006,2.976
bdi,sex_f,age_ythadult_yge25,geo_cov_nat,2014,1.612
bdi,sex_f,age_ythadult_yge25,geo_cov_nat,2020,1.123
bdi,sex_f,age_ythadult_yge25,geo_cov_rur,2006,2.47
bdi,sex_f,age_ythadult_yge25,geo_cov_rur,2014,0.436
bdi,sex_f,age_ythadult_yge25,geo_cov_rur,2020,0.389
bdi,sex_f,age_ythadult_yge25,geo_cov_urb,2006,11.166
bdi,sex_f,age_ythadult_yge25,geo_cov_urb,2014,16.08
bdi,sex_f,age_ythadult_yge25,geo_cov_urb,2020,9.159
bdi,sex_m,age_aggregate_total,geo_cov_nat,2006,5.192
bdi,sex_m,age_aggregate_total,geo_cov_nat,2014,3.292
bdi,sex_m,age_aggregate_total,geo_cov_nat,2020,1.306
bdi,sex_m,age_aggregate_total,geo_cov_rur,2006,4.885
bdi,sex_m,age_aggregate_total,geo_cov_rur,2014,2.083
bdi,sex_m,age_aggregate_total,geo_cov_rur,2020,0.736
bdi,sex_m,age_aggregate_total,geo_cov_urb,2006,9.451
bdi,sex_m,age_aggregate_total,geo_cov_urb,2014,12.746
bdi,sex_m,age_aggregate_total,geo_cov_urb,2020,5.907
bdi,sex_m,age_aggregate_y15_24,geo_cov_nat,2006,6.623
bdi,sex_m,age_aggregate_y15_24,geo_cov_nat,2014,7.686
bdi,sex_m,age_aggregate_y15_24,geo_cov_nat,2020,2.396
bdi,sex_m,age_aggregate_y15_24,geo_cov_rur,2006,6.093
bdi,sex_m,age_aggregate_y15_24,geo_cov_rur,2014,6.429
bdi,sex_m,age_aggregate_y15_24,geo_cov_rur,2020,1.67
bdi,sex_m,age_aggregate_y15_24,geo_cov_urb,2006,13.754
bdi,sex_m,age_aggregate_y15_24,geo_cov_urb,2014,17.836
bdi,sex_m,age_aggregate_y15_24,geo_cov_urb,2020,9.555
bdi,sex_m,age_aggregate_y25_54,geo_cov_nat,2006,5.045
bdi,sex_m,age_aggregate_y25_54,geo_cov_nat,2014,2.509
bdi,sex_m,age_aggregate_y25_54,geo_cov_nat,2020,1.17
bdi,sex_m,age_aggregate_y25_54,geo_cov_rur,2006,4.778
bdi,sex_m,age_aggregate_y25_54,geo_cov_rur,2014,1.171
bdi,sex_m,age_aggregate_y25_54,geo_cov_rur,2020,0.557
bdi,sex_m,age_aggregate_y25_54,geo_cov_urb,2006,8.626
bdi,sex_m,age_aggregate_y25_54,geo_cov_urb,2014,11.94
bdi,sex_m,age_aggregate_y25_54,geo_cov_urb,2020,5.319
bdi,sex_m,age_aggregate_y55_64,geo_cov_nat,2006,3.018
bdi,sex_m,age_aggregate_y55_64,geo_cov_nat,2014,0.789
bdi,sex_m,age_aggregate_y55_64,geo_cov_nat,2020,0.364
bdi,sex_m,age_aggregate_y55_64,geo_cov_rur,2006,3.098
bdi,sex_m,age_aggregate_y55_64,geo_cov_urb,2014,9.554
bdi,sex_m,age_aggregate_y55_64,geo_cov_urb,2020,3.368
bdi,sex_m,age_ythadult_y15_24,geo_cov_nat,2006,6.623
bdi,sex_m,age_ythadult_y15_24,geo_cov_nat,2014,7.686
bdi,sex_m,age_ythadult_y15_24,geo_cov_nat,2020,2.396
bdi,sex_m,age_ythadult_y15_24,geo_cov_rur,2006,6.093
bdi,sex_m,age_ythadult_y15_24,geo_cov_rur,2014,6.429
bdi,sex_m,age_ythadult_y15_24,geo_cov_rur,2020,1.67
bdi,sex_m,age_ythadult_y15_24,geo_cov_urb,2006,13.754
bdi,sex_m,age_ythadult_y15_24,geo_cov_urb,2014,17.836
bdi,sex_m,age_ythadult_y15_24,geo_cov_urb,2020,9.555
bdi,sex_m,age_ythadult_y15_64,geo_cov_nat,2006,5.305
bdi,sex_m,age_ythadult_y15_64,geo_cov_nat,2014,3.444
bdi,sex_m,age_ythadult_y15_64,geo_cov_nat,2020,1.375
bdi,sex_m,age_ythadult_y15_64,geo_cov_rur,2006,4.993
bdi,sex_m,age_ythadult_y15_64,geo_cov_urb,2014,12.958
bdi,sex_m,age_ythadult_y15_64,geo_cov_urb,2020,6.013
bdi,sex_m,age_ythadult_yge15,geo_cov_nat,2006,5.192
bdi,sex_m,age_ythadult_yge15,geo_cov_nat,2014,3.292
bdi,sex_m,age_ythadult_yge15,geo_cov_nat,2020,1.306
bdi,sex_m,age_ythadult_yge15,geo_cov_rur,2006,4.885
bdi,sex_m,age_ythadult_yge15,geo_cov_rur,2014,2.083
bdi,sex_m,age_ythadult_yge15,geo_cov_rur,2020,0.736
bdi,sex_m,age_ythadult_yge15,geo_cov_urb,2006,9.451
bdi,sex_m,age_ythadult_yge15,geo_cov_urb,2014,12.746
bdi,sex_m,age_ythadult_yge15,geo_cov_urb,2020,5.907
bdi,sex_m,age_ythadult_yge25,geo_cov_nat,2006,4.676
bdi,sex_m,age_ythadult_yge25,geo_cov_nat,2014,2.169
bdi,sex_m,age_ythadult_yge25,geo_cov_nat,2020,0.991
bdi,sex_m,age_ythadult_yge25,geo_cov_rur,2006,4.45
bdi,sex_m,age_ythadult_yge25,geo_cov_rur,2014,0.967
bdi,sex_m,age_ythadult_yge25,geo_cov_rur,2020,0.459
bdi,sex_m,age_ythadult_yge25,geo_cov_urb,2006,7.841
bdi,sex_m,age_ythadult_yge25,geo_cov_urb,2014,11.49
bdi,sex_m,age_ythadult_yge25,geo_cov_urb,2020,5.065
bdi,sex_t,age_aggregate_total,geo_cov_nat,2006,4.206
bdi,sex_t,age_aggregate_total,geo_cov_nat,2014,2.808
bdi,sex_t,age_aggregate_total,geo_cov_nat,2020,1.347
bdi,sex_t,age_aggregate_total,geo_cov_rur,2006,3.776
bdi,sex_t,age_aggregate_total,geo_cov_rur,2014,1.541
bdi,sex_t,age_aggregate_total,geo_cov_rur,2020,0.631
bdi,sex_t,age_aggregate_total,geo_cov_urb,2006,10.833
bdi,sex_t,age_aggregate_total,geo_cov_urb,2014,15.228
bdi,sex_t,age_aggregate_total,geo_cov_urb,2020,8.158
bdi,sex_t,age_aggregate_y15_24,geo_cov_nat,2006,5.089
bdi,sex_t,age_aggregate_y15_24,geo_cov_nat,2014,5.889
bdi,sex_t,age_aggregate_y15_24,geo_cov_nat,2020,2.253
bdi,sex_t,age_aggregate_y15_24,geo_cov_rur,2006,4.513
bdi,sex_t,age_aggregate_y15_24,geo_cov_rur,2014,4.368
bdi,sex_t,age_aggregate_y15_24,geo_cov_rur,2020,1.295
bdi,sex_t,age_aggregate_y15_24,geo_cov_urb,2006,14.513
bdi,sex_t,age_aggregate_y15_24,geo_cov_urb,2014,21.403
bdi,sex_t,age_aggregate_y15_24,geo_cov_urb,2020,12.473
bdi,sex_t,age_aggregate_y25_54,geo_cov_nat,2006,4.106
bdi,sex_t,age_aggregate_y25_54,geo_cov_nat,2014,2.191
bdi,sex_t,age_aggregate_y25_54,geo_cov_nat,2020,1.26
bdi,sex_t,age_aggregate_y25_54,geo_cov_rur,2006,3.687
bdi,sex_t,age_aggregate_y25_54,geo_cov_rur,2014,0.817
bdi,sex_t,age_aggregate_y25_54,geo_cov_rur,2020,0.488
bdi,sex_t,age_aggregate_y25_54,geo_cov_urb,2006,10.235
bdi,sex_t,age_aggregate_y25_54,geo_cov_urb,2014,14.32
bdi,sex_t,age_aggregate_y25_54,geo_cov_urb,2020,7.632
bdi,sex_t,age_aggregate_y55_64,geo_cov_nat,2006,2.233
bdi,sex_t,age_aggregate_y55_64,geo_cov_nat,2014,0.402
bdi,sex_t,age_aggregate_y55_64,geo_cov_nat,2020,0.247
bdi,sex_t,age_aggregate_y55_64,geo_cov_rur,2006,2.209
bdi,sex_t,age_aggregate_y55_64,geo_cov_urb,2014,6.64
bdi,sex_t,age_aggregate_y55_64,geo_cov_urb,2020,2.038
bdi,sex_t,age_aggregate_yge65,geo_cov_nat,2006,1.356
bdi,sex_t,age_ythadult_y15_24,geo_cov_nat,2006,5.089
bdi,sex_t,age_ythadult_y15_24,geo_cov_nat,2014,5.889
bdi,sex_t,age_ythadult_y15_24,geo_cov_nat,2020,2.253
bdi,sex_t,age_ythadult_y15_24,geo_cov_rur,2006,4.513
bdi,sex_t,age_ythadult_y15_24,geo_cov_rur,2014,4.368
bdi,sex_t,age_ythadult_y15_24,geo_cov_rur,2020,1.295
bdi,sex_t,age_ythadult_y15_24,geo_cov_urb,2006,14.513
bdi,sex_t,age_ythadult_y15_24,geo_cov_urb,2014,21.403
bdi,sex_t,age_ythadult_y15_24,geo_cov_urb,2020,12.473
bdi,sex_t,age_ythadult_y15_64,geo_cov_nat,2006,4.271
bdi,sex_t,age_ythadult_y15_64,geo_cov_nat,2014,2.926
bdi,sex_t,age_ythadult_y15_64,geo_cov_nat,2020,1.405
bdi,sex_t,age_ythadult_y15_64,geo_cov_rur,2006,3.834
bdi,sex_t,age_ythadult_y15_64,geo_cov_urb,2014,15.491
bdi,sex_t,age_ythadult_y15_64,geo_cov_urb,2020,8.334
bdi,sex_t,age_ythadult_yge15,geo_cov_nat,2006,4.206
bdi,sex_t,age_ythadult_yge15,geo_cov_nat,2014,2.808
bdi,sex_t,age_ythadult_yge15,geo_cov_nat,2020,1.347
bdi,sex_t,age_ythadult_yge15,geo_cov_rur,2006,3.776
bdi,sex_t,age_ythadult_yge15,geo_cov_rur,2014,1.541
bdi,sex_t,age_ythadult_yge15,geo_cov_rur,2020,0.631
bdi,sex_t,age_ythadult_yge15,geo_cov_urb,2006,10.833
bdi,sex_t,age_ythadult_yge15,geo_cov_urb,2014,15.228
bdi,sex_t,age_ythadult_yge15,geo_cov_urb,2020,8.158
bdi,sex_t,age_ythadult_yge25,geo_cov_nat,2006,3.83
bdi,sex_t,age_ythadult_yge25,geo_cov_nat,2014,1.874
bdi,sex_t,age_ythadult_yge25,geo_cov_nat,2020,1.063
bdi,sex_t,age_ythadult_yge25,geo_cov_rur,2006,3.46
bdi,sex_t,age_ythadult_yge25,geo_cov_rur,2014,0.68
bdi,sex_t,age_ythadult_yge25,geo_cov_rur,2020,0.42
bdi,sex_t,age_ythadult_yge25,geo_cov_urb,2006,9.387
bdi,sex_t,age_ythadult_yge25,geo_cov_urb,2014,13.443
bdi,sex_t,age_ythadult_yge25,geo_cov_urb,2020,6.975
bel,sex_f,age_aggregate_total,geo_cov_nat,1998,14.612
bel,sex_f,age_aggregate_total,geo_cov_nat,1999,12.588
bel,sex_f,age_aggregate_total,geo_cov_nat,2000,10.084
bel,sex_f,age_aggregate_total,geo_cov_nat,2001,9.636
bel,sex_f,age_aggregate_total,geo_cov_nat,2002,10.181
bel,sex_f,age_aggregate_total,geo_cov_nat,2003,10.666
bel,sex_f,age_aggregate_total,geo_cov_nat,2004,10.379
bel,sex_f,age_aggregate_total,geo_cov_nat,2005,11.477
bel,sex_f,age_aggregate_total,geo_cov_nat,2006,11.228
bel,sex_f,age_aggregate_total,geo_cov_nat,2007,10.357
bel,sex_f,age_aggregate_total,geo_cov_nat,2008,9.257
bel,sex_f,age_aggregate_total,geo_cov_nat,2009,9.785
bel,sex_f,age_aggregate_total,geo_cov_nat,2010,10.242
bel,sex_f,age_aggregate_total,geo_cov_nat,2011,10.191
bel,sex_f,age_aggregate_total,geo_cov_nat,2012,10.137
bel,sex_f,age_aggregate_total,geo_cov_nat,2013,10.958
bel,sex_f,age_aggregate_total,geo_cov_nat,2014,10.58
bel,sex_f,age_aggregate_total,geo_cov_nat,2015,10.019
bel,sex_f,age_aggregate_total,geo_cov_nat,2016,9.542
bel,sex_f,age_aggregate_total,geo_cov_nat,2017,8.918
bel,sex_f,age_aggregate_total,geo_cov_nat,2018,7.396
bel,sex_f,age_aggregate_total,geo_cov_nat,2019,6.947
bel,sex_f,age_aggregate_total,geo_cov_nat,2020,7.811
bel,sex_f,age_aggregate_total,geo_cov_nat,2021,7.833
bel,sex_f,age_aggregate_total,geo_cov_nat,2022,6.894
bel,sex_f,age_aggregate_total,geo_cov_nat,2023,7.013
bel,sex_f,age_aggregate_total,geo_cov_nat,2024,7.092
bel,sex_f,age_aggregate_total,geo_cov_rur,1998,14.22
bel,sex_f,age_aggregate_total,geo_cov_rur,1999,12.47
bel,sex_f,age_aggregate_total,geo_cov_rur,2000,12.004
bel,sex_f,age_aggregate_total,geo_cov_rur,2001,7.612
bel,sex_f,age_aggregate_total,geo_cov_rur,2002,10.271
bel,sex_f,age_aggregate_total,geo_cov_rur,2003,9.713
bel,sex_f,age_aggregate_total,geo_cov_rur,2004,10.05
bel,sex_f,age_aggregate_total,geo_cov_rur,2005,12.402
bel,sex_f,age_aggregate_total,geo_cov_rur,2006,11.026
bel,sex_f,age_aggregate_total,geo_cov_rur,2007,11.018
bel,sex_f,age_aggregate_total,geo_cov_rur,2008,9.784
bel,sex_f,age_aggregate_total,geo_cov_rur,2009,10.502
bel,sex_f,age_aggregate_total,geo_cov_rur,2010,10.646
bel,sex_f,age_aggregate_total,geo_cov_rur,2011,9.016
bel,sex_f,age_aggregate_total,geo_cov_rur,2012,8.28
bel,sex_f,age_aggregate_total,geo_cov_rur,2013,9.025
bel,sex_f,age_aggregate_total,geo_cov_rur,2014,8.075
bel,sex_f,age_aggregate_total,geo_cov_rur,2015,8.037
bel,sex_f,age_aggregate_total,geo_cov_rur,2016,7.652
bel,sex_f,age_aggregate_total,geo_cov_rur,2017,6.37
bel,sex_f,age_aggregate_total,geo_cov_rur,2018,5.855
bel,sex_f,age_aggregate_total,geo_cov_rur,2019,5.401
bel,sex_f,age_aggregate_total,geo_cov_rur,2020,5.735
bel,sex_f,age_aggregate_total,geo_cov_rur,2021,5.527
bel,sex_f,age_aggregate_total,geo_cov_rur,2022,5.317
bel,sex_f,age_aggregate_total,geo_cov_rur,2023,5.962
bel,sex_f,age_aggregate_total,geo_cov_rur,2024,5.158
bel,sex_f,age_aggregate_total,geo_cov_urb,1998,14.63
bel,sex_f,age_aggregate_total,geo_cov_urb,1999,12.594
bel,sex_f,age_aggregate_total,geo_cov_urb,2000,10.013
bel,sex_f,age_aggregate_total,geo_cov_urb,2001,9.736
bel,sex_f,age_aggregate_total,geo_cov_urb,2002,10.177
bel,sex_f,age_aggregate_total,geo_cov_urb,2003,10.714
bel,sex_f,age_aggregate_total,geo_cov_urb,2004,10.398
bel,sex_f,age_aggregate_total,geo_cov_urb,2005,11.432
bel,sex_f,age_aggregate_total,geo_cov_urb,2006,11.237
bel,sex_f,age_aggregate_total,geo_cov_urb,2007,10.326
bel,sex_f,age_aggregate_total,geo_cov_urb,2008,9.23
bel,sex_f,age_aggregate_total,geo_cov_urb,2009,9.747
bel,sex_f,age_aggregate_total,geo_cov_urb,2010,10.222
bel,sex_f,age_aggregate_total,geo_cov_urb,2011,10.255
bel,sex_f,age_aggregate_total,geo_cov_urb,2012,10.513
bel,sex_f,age_aggregate_total,geo_cov_urb,2013,11.341
bel,sex_f,age_aggregate_total,geo_cov_urb,2014,11.078
bel,sex_f,age_aggregate_total,geo_cov_urb,2015,10.383
bel,sex_f,age_aggregate_total,geo_cov_urb,2016,9.921
bel,sex_f,age_aggregate_total,geo_cov_urb,2017,9.392
bel,sex_f,age_aggregate_total,geo_cov_urb,2018,7.626
bel,sex_f,age_aggregate_total,geo_cov_urb,2019,7.208
bel,sex_f,age_aggregate_total,geo_cov_urb,2020,8.155
bel,sex_f,age_aggregate_total,geo_cov_urb,2021,8.219
bel,sex_f,age_aggregate_total,geo_cov_urb,2022,7.133
bel,sex_f,age_aggregate_total,geo_cov_urb,2023,7.178
bel,sex_f,age_aggregate_total,geo_cov_urb,2024,7.407
bel,sex_f,age_aggregate_y15_24,geo_cov_nat,1998,28.356
bel,sex_f,age_aggregate_y15_24,geo_cov_nat,1999,28.1
bel,sex_f,age_aggregate_y15_24,geo_cov_nat,2000,21.321
bel,sex_f,age_aggregate_y15_24,geo_cov_nat,2001,20.472
bel,sex_f,age_aggregate_y15_24,geo_cov_nat,2002,19.366
bel,sex_f,age_aggregate_y15_24,geo_cov_nat,2003,23.255
bel,sex_f,age_aggregate_y15_24,geo_cov_nat,2004,23.25
bel,sex_f,age_aggregate_y15_24,geo_cov_nat,2005,25.358
bel,sex_f,age_aggregate_y15_24,geo_cov_nat,2006,26.341
bel,sex_f,age_aggregate_y15_24,geo_cov_nat,2007,24.276
bel,sex_f,age_aggregate_y15_24,geo_cov_nat,2008,23.015
bel,sex_f,age_aggregate_y15_24,geo_cov_nat,2009,25.47
bel,sex_f,age_aggregate_y15_24,geo_cov_nat,2010,26.125
bel,sex_f,age_aggregate_y15_24,geo_cov_nat,2011,25.362
bel,sex_f,age_aggregate_y15_24,geo_cov_nat,2012,25.222
bel,sex_f,age_aggregate_y15_24,geo_cov_nat,2013,28.179
bel,sex_f,age_aggregate_y15_24,geo_cov_nat,2014,27.374
bel,sex_f,age_aggregate_y15_24,geo_cov_nat,2015,24.667
bel,sex_f,age_aggregate_y15_24,geo_cov_nat,2016,23.017
bel,sex_f,age_aggregate_y15_24,geo_cov_nat,2017,22.52
bel,sex_f,age_aggregate_y15_24,geo_cov_nat,2018,20.094
bel,sex_f,age_aggregate_y15_24,geo_cov_nat,2019,17.489
bel,sex_f,age_aggregate_y15_24,geo_cov_nat,2020,21.912
bel,sex_f,age_aggregate_y15_24,geo_cov_nat,2021,21.158
bel,sex_f,age_aggregate_y15_24,geo_cov_nat,2022,18.645
bel,sex_f,age_aggregate_y15_24,geo_cov_nat,2023,18.559
bel,sex_f,age_aggregate_y15_24,geo_cov_nat,2024,20.593
bel,sex_f,age_aggregate_y15_24,geo_cov_rur,1998,40.773
bel,sex_f,age_aggregate_y15_24,geo_cov_rur,1999,32.879
bel,sex_f,age_aggregate_y15_24,geo_cov_rur,2000,20.187
bel,sex_f,age_aggregate_y15_24,geo_cov_rur,2001,24.998
bel,sex_f,age_aggregate_y15_24,geo_cov_rur,2002,24.974
bel,sex_f,age_aggregate_y15_24,geo_cov_rur,2003,27.07
bel,sex_f,age_aggregate_y15_24,geo_cov_rur,2004,22.045
bel,sex_f,age_aggregate_y15_24,geo_cov_rur,2005,35.376
bel,sex_f,age_aggregate_y15_24,geo_cov_rur,2006,26.475
bel,sex_f,age_aggregate_y15_24,geo_cov_rur,2007,22.053
bel,sex_f,age_aggregate_y15_24,geo_cov_rur,2008,33.476
bel,sex_f,age_aggregate_y15_24,geo_cov_rur,2009,29.751
bel,sex_f,age_aggregate_y15_24,geo_cov_rur,2010,24.946
bel,sex_f,age_aggregate_y15_24,geo_cov_rur,2011,27.113
bel,sex_f,age_aggregate_y15_24,geo_cov_rur,2012,25.386
bel,sex_f,age_aggregate_y15_24,geo_cov_rur,2013,28.029
bel,sex_f,age_aggregate_y15_24,geo_cov_rur,2014,22.794
bel,sex_f,age_aggregate_y15_24,geo_cov_rur,2015,21.172
bel,sex_f,age_aggregate_y15_24,geo_cov_rur,2016,21.894
bel,sex_f,age_aggregate_y15_24,geo_cov_rur,2017,22.634
bel,sex_f,age_aggregate_y15_24,geo_cov_rur,2018,15.171
bel,sex_f,age_aggregate_y15_24,geo_cov_rur,2019,13.023
bel,sex_f,age_aggregate_y15_24,geo_cov_rur,2020,26.393
bel,sex_f,age_aggregate_y15_24,geo_cov_rur,2021,19.266
bel,sex_f,age_aggregate_y15_24,geo_cov_rur,2022,11.763
bel,sex_f,age_aggregate_y15_24,geo_cov_rur,2023,16.991
bel,sex_f,age_aggregate_y15_24,geo_cov_rur,2024,26.939
bel,sex_f,age_aggregate_y15_24,geo_cov_urb,1998,27.809
bel,sex_f,age_aggregate_y15_24,geo_cov_urb,1999,27.88
bel,sex_f,age_aggregate_y15_24,geo_cov_urb,2000,21.366
bel,sex_f,age_aggregate_y15_24,geo_cov_urb,2001,20.227
bel,sex_f,age_aggregate_y15_24,geo_cov_urb,2002,19.214
bel,sex_f,age_aggregate_y15_24,geo_cov_urb,2003,23.09
bel,sex_f,age_aggregate_y15_24,geo_cov_urb,2004,23.312
bel,sex_f,age_aggregate_y15_24,geo_cov_urb,2005,24.79
bel,sex_f,age_aggregate_y15_24,geo_cov_urb,2006,26.334
bel,sex_f,age_aggregate_y15_24,geo_cov_urb,2007,24.39
bel,sex_f,age_aggregate_y15_24,geo_cov_urb,2008,22.384
bel,sex_f,age_aggregate_y15_24,geo_cov_urb,2009,25.213
bel,sex_f,age_aggregate_y15_24,geo_cov_urb,2010,26.192
bel,sex_f,age_aggregate_y15_24,geo_cov_urb,2011,25.256
bel,sex_f,age_aggregate_y15_24,geo_cov_urb,2012,25.187
bel,sex_f,age_aggregate_y15_24,geo_cov_urb,2013,28.209
bel,sex_f,age_aggregate_y15_24,geo_cov_urb,2014,28.305
bel,sex_f,age_aggregate_y15_24,geo_cov_urb,2015,25.34
bel,sex_f,age_aggregate_y15_24,geo_cov_urb,2016,23.261
bel,sex_f,age_aggregate_y15_24,geo_cov_urb,2017,22.5
bel,sex_f,age_aggregate_y15_24,geo_cov_urb,2018,20.793
bel,sex_f,age_aggregate_y15_24,geo_cov_urb,2019,18.185
bel,sex_f,age_aggregate_y15_24,geo_cov_urb,2020,21.161
bel,sex_f,age_aggregate_y15_24,geo_cov_urb,2021,21.509
bel,sex_f,age_aggregate_y15_24,geo_cov_urb,2022,19.664
bel,sex_f,age_aggregate_y15_24,geo_cov_urb,2023,18.802
bel,sex_f,age_aggregate_y15_24,geo_cov_urb,2024,19.601
bel,sex_f,age_aggregate_y25_54,geo_cov_nat,1998,13.184
bel,sex_f,age_aggregate_y25_54,geo_cov_nat,1999,10.798
bel,sex_f,age_aggregate_y25_54,geo_cov_nat,2000,8.965
bel,sex_f,age_aggregate_y25_54,geo_cov_nat,2001,8.604
bel,sex_f,age_aggregate_y25_54,geo_cov_nat,2002,9.238
bel,sex_f,age_aggregate_y25_54,geo_cov_nat,2003,9.658
bel,sex_f,age_aggregate_y25_54,geo_cov_nat,2004,9.133
bel,sex_f,age_aggregate_y25_54,geo_cov_nat,2005,10.15
bel,sex_f,age_aggregate_y25_54,geo_cov_nat,2006,9.696
bel,sex_f,age_aggregate_y25_54,geo_cov_nat,2007,9.036
bel,sex_f,age_aggregate_y25_54,geo_cov_nat,2008,7.864
bel,sex_f,age_aggregate_y25_54,geo_cov_nat,2009,8.306
bel,sex_f,age_aggregate_y25_54,geo_cov_nat,2010,8.89
bel,sex_f,age_aggregate_y25_54,geo_cov_nat,2011,8.759
bel,sex_f,age_aggregate_y25_54,geo_cov_nat,2012,8.835
bel,sex_f,age_aggregate_y25_54,geo_cov_nat,2013,9.4
bel,sex_f,age_aggregate_y25_54,geo_cov_nat,2014,9.247
bel,sex_f,age_aggregate_y25_54,geo_cov_nat,2015,9.056
bel,sex_f,age_aggregate_y25_54,geo_cov_nat,2016,8.584
bel,sex_f,age_aggregate_y25_54,geo_cov_nat,2017,7.863
bel,sex_f,age_aggregate_y25_54,geo_cov_nat,2018,6.5
bel,sex_f,age_aggregate_y25_54,geo_cov_nat,2019,6.156
bel,sex_f,age_aggregate_y25_54,geo_cov_nat,2020,6.899
bel,sex_f,age_aggregate_y25_54,geo_cov_nat,2021,6.783
bel,sex_f,age_aggregate_y25_54,geo_cov_nat,2022,6.143
bel,sex_f,age_aggregate_y25_54,geo_cov_nat,2023,6.321
bel,sex_f,age_aggregate_y25_54,geo_cov_nat,2024,6.101
bel,sex_f,age_aggregate_y25_54,geo_cov_rur,1998,11.618
bel,sex_f,age_aggregate_y25_54,geo_cov_rur,1999,11.124
bel,sex_f,age_aggregate_y25_54,geo_cov_rur,2000,11.562
bel,sex_f,age_aggregate_y25_54,geo_cov_rur,2001,5.809
bel,sex_f,age_aggregate_y25_54,geo_cov_rur,2002,9.685
bel,sex_f,age_aggregate_y25_54,geo_cov_rur,2003,8.833
bel,sex_f,age_aggregate_y25_54,geo_cov_rur,2004,9.219
bel,sex_f,age_aggregate_y25_54,geo_cov_rur,2005,9.738
bel,sex_f,age_aggregate_y25_54,geo_cov_rur,2006,9.779
bel,sex_f,age_aggregate_y25_54,geo_cov_rur,2007,10.533
bel,sex_f,age_aggregate_y25_54,geo_cov_rur,2008,7.096
bel,sex_f,age_aggregate_y25_54,geo_cov_rur,2009,8.343
bel,sex_f,age_aggregate_y25_54,geo_cov_rur,2010,9.422
bel,sex_f,age_aggregate_y25_54,geo_cov_rur,2011,6.875
bel,sex_f,age_aggregate_y25_54,geo_cov_rur,2012,6.587
bel,sex_f,age_aggregate_y25_54,geo_cov_rur,2013,6.916
bel,sex_f,age_aggregate_y25_54,geo_cov_rur,2014,6.681
bel,sex_f,age_aggregate_y25_54,geo_cov_rur,2015,6.984
bel,sex_f,age_aggregate_y25_54,geo_cov_rur,2016,6.261
bel,sex_f,age_aggregate_y25_54,geo_cov_rur,2017,5.071
bel,sex_f,age_aggregate_y25_54,geo_cov_rur,2018,5.28
bel,sex_f,age_aggregate_y25_54,geo_cov_rur,2019,4.618
bel,sex_f,age_aggregate_y25_54,geo_cov_rur,2020,4.222
bel,sex_f,age_aggregate_y25_54,geo_cov_rur,2021,4.089
bel,sex_f,age_aggregate_y25_54,geo_cov_rur,2022,4.415
bel,sex_f,age_aggregate_y25_54,geo_cov_rur,2023,5.158
bel,sex_f,age_aggregate_y25_54,geo_cov_rur,2024,3.166
bel,sex_f,age_aggregate_y25_54,geo_cov_urb,1998,13.256
bel,sex_f,age_aggregate_y25_54,geo_cov_urb,1999,10.781
bel,sex_f,age_aggregate_y25_54,geo_cov_urb,2000,8.871
bel,sex_f,age_aggregate_y25_54,geo_cov_urb,2001,8.738
bel,sex_f,age_aggregate_y25_54,geo_cov_urb,2002,9.218
bel,sex_f,age_aggregate_y25_54,geo_cov_urb,2003,9.699
bel,sex_f,age_aggregate_y25_54,geo_cov_urb,2004,9.128
bel,sex_f,age_aggregate_y25_54,geo_cov_urb,2005,10.169
bel,sex_f,age_aggregate_y25_54,geo_cov_urb,2006,9.693
bel,sex_f,age_aggregate_y25_54,geo_cov_urb,2007,8.964
bel,sex_f,age_aggregate_y25_54,geo_cov_urb,2008,7.903
bel,sex_f,age_aggregate_y25_54,geo_cov_urb,2009,8.304
bel,sex_f,age_aggregate_y25_54,geo_cov_urb,2010,8.864
bel,sex_f,age_aggregate_y25_54,geo_cov_urb,2011,8.86
bel,sex_f,age_aggregate_y25_54,geo_cov_urb,2012,9.292
bel,sex_f,age_aggregate_y25_54,geo_cov_urb,2013,9.893
bel,sex_f,age_aggregate_y25_54,geo_cov_urb,2014,9.745
bel,sex_f,age_aggregate_y25_54,geo_cov_urb,2015,9.436
bel,sex_f,age_aggregate_y25_54,geo_cov_urb,2016,9.039
bel,sex_f,age_aggregate_y25_54,geo_cov_urb,2017,8.384
bel,sex_f,age_aggregate_y25_54,geo_cov_urb,2018,6.68
bel,sex_f,age_aggregate_y25_54,geo_cov_urb,2019,6.412
bel,sex_f,age_aggregate_y25_54,geo_cov_urb,2020,7.329
bel,sex_f,age_aggregate_y25_54,geo_cov_urb,2021,7.231
bel,sex_f,age_aggregate_y25_54,geo_cov_urb,2022,6.388
bel,sex_f,age_aggregate_y25_54,geo_cov_urb,2023,6.499
bel,sex_f,age_aggregate_y25_54,geo_cov_urb,2024,6.566
bel,sex_f,age_aggregate_y55_64,geo_cov_nat,1998,9.806
bel,sex_f,age_aggregate_y55_64,geo_cov_nat,1999,11.832
bel,sex_f,age_aggregate_y55_64,geo_cov_nat,2000,5.505
bel,sex_f,age_aggregate_y55_64,geo_cov_nat,2001,5.328
bel,sex_f,age_aggregate_y55_64,geo_cov_nat,2002,8.158
bel,sex_f,age_aggregate_y55_64,geo_cov_nat,2003,4.316
bel,sex_f,age_aggregate_y55_64,geo_cov_nat,2004,6.03
bel,sex_f,age_aggregate_y55_64,geo_cov_nat,2005,7.758
bel,sex_f,age_aggregate_y55_64,geo_cov_nat,2006,8.356
bel,sex_f,age_aggregate_y55_64,geo_cov_nat,2007,7.55
bel,sex_f,age_aggregate_y55_64,geo_cov_nat,2008,7.68
bel,sex_f,age_aggregate_y55_64,geo_cov_nat,2009,7.672
bel,sex_f,age_aggregate_y55_64,geo_cov_nat,2010,7.263
bel,sex_f,age_aggregate_y55_64,geo_cov_nat,2011,8.04
bel,sex_f,age_aggregate_y55_64,geo_cov_nat,2012,8.094
bel,sex_f,age_aggregate_y55_64,geo_cov_nat,2013,9.169
bel,sex_f,age_aggregate_y55_64,geo_cov_nat,2014,8.212
bel,sex_f,age_aggregate_y55_64,geo_cov_nat,2015,7.386
bel,sex_f,age_aggregate_y55_64,geo_cov_nat,2016,7.731
bel,sex_f,age_aggregate_y55_64,geo_cov_nat,2017,8.136
bel,sex_f,age_aggregate_y55_64,geo_cov_nat,2018,5.726
bel,sex_f,age_aggregate_y55_64,geo_cov_nat,2019,5.445
bel,sex_f,age_aggregate_y55_64,geo_cov_nat,2020,5.827
bel,sex_f,age_aggregate_y55_64,geo_cov_nat,2021,6.217
bel,sex_f,age_aggregate_y55_64,geo_cov_nat,2022,4.586
bel,sex_f,age_aggregate_y55_64,geo_cov_nat,2023,4.428
bel,sex_f,age_aggregate_y55_64,geo_cov_nat,2024,4.554
bel,sex_f,age_aggregate_y55_64,geo_cov_rur,2005,7.144
bel,sex_f,age_aggregate_y55_64,geo_cov_rur,2006,4.043
bel,sex_f,age_aggregate_y55_64,geo_cov_rur,2008,4.954
bel,sex_f,age_aggregate_y55_64,geo_cov_rur,2009,7.973
bel,sex_f,age_aggregate_y55_64,geo_cov_rur,2010,6.685
bel,sex_f,age_aggregate_y55_64,geo_cov_rur,2011,8.339
bel,sex_f,age_aggregate_y55_64,geo_cov_rur,2012,6.779
bel,sex_f,age_aggregate_y55_64,geo_cov_rur,2013,10.267
bel,sex_f,age_aggregate_y55_64,geo_cov_rur,2014,7.427
bel,sex_f,age_aggregate_y55_64,geo_cov_rur,2015,6.295
bel,sex_f,age_aggregate_y55_64,geo_cov_rur,2016,7.401
bel,sex_f,age_aggregate_y55_64,geo_cov_rur,2017,5.467
bel,sex_f,age_aggregate_y55_64,geo_cov_rur,2018,4.108
bel,sex_f,age_aggregate_y55_64,geo_cov_rur,2019,5.728
bel,sex_f,age_aggregate_y55_64,geo_cov_rur,2020,3.498
bel,sex_f,age_aggregate_y55_64,geo_cov_rur,2021,5.156
bel,sex_f,age_aggregate_y55_64,geo_cov_rur,2022,6.25
bel,sex_f,age_aggregate_y55_64,geo_cov_rur,2023,4.247
bel,sex_f,age_aggregate_y55_64,geo_cov_rur,2024,3.697
bel,sex_f,age_aggregate_y55_64,geo_cov_urb,1998,10.066
bel,sex_f,age_aggregate_y55_64,geo_cov_urb,1999,12.431
bel,sex_f,age_aggregate_y55_64,geo_cov_urb,2000,5.692
bel,sex_f,age_aggregate_y55_64,geo_cov_urb,2001,5.634
bel,sex_f,age_aggregate_y55_64,geo_cov_urb,2002,8.368
bel,sex_f,age_aggregate_y55_64,geo_cov_urb,2003,4.626
bel,sex_f,age_aggregate_y55_64,geo_cov_urb,2004,6.128
bel,sex_f,age_aggregate_y55_64,geo_cov_urb,2005,7.79
bel,sex_f,age_aggregate_y55_64,geo_cov_urb,2006,8.577
bel,sex_f,age_aggregate_y55_64,geo_cov_urb,2007,7.769
bel,sex_f,age_aggregate_y55_64,geo_cov_urb,2008,7.807
bel,sex_f,age_aggregate_y55_64,geo_cov_urb,2009,7.656
bel,sex_f,age_aggregate_y55_64,geo_cov_urb,2010,7.292
bel,sex_f,age_aggregate_y55_64,geo_cov_urb,2011,8.022
bel,sex_f,age_aggregate_y55_64,geo_cov_urb,2012,8.34
bel,sex_f,age_aggregate_y55_64,geo_cov_urb,2013,8.955
bel,sex_f,age_aggregate_y55_64,geo_cov_urb,2014,8.384
bel,sex_f,age_aggregate_y55_64,geo_cov_urb,2015,7.585
bel,sex_f,age_aggregate_y55_64,geo_cov_urb,2016,7.802
bel,sex_f,age_aggregate_y55_64,geo_cov_urb,2017,8.64
bel,sex_f,age_aggregate_y55_64,geo_cov_urb,2018,5.986
bel,sex_f,age_aggregate_y55_64,geo_cov_urb,2019,5.392
bel,sex_f,age_aggregate_y55_64,geo_cov_urb,2020,6.258
bel,sex_f,age_aggregate_y55_64,geo_cov_urb,2021,6.392
bel,sex_f,age_aggregate_y55_64,geo_cov_urb,2022,4.261
bel,sex_f,age_aggregate_y55_64,geo_cov_urb,2023,4.459
bel,sex_f,age_aggregate_y55_64,geo_cov_urb,2024,4.711
bel,sex_f,age_aggregate_yge65,geo_cov_nat,1998,6.744
bel,sex_f,age_aggregate_yge65,geo_cov_nat,2013,6.846
bel,sex_f,age_aggregate_yge65,geo_cov_nat,2016,4.03
bel,sex_f,age_aggregate_yge65,geo_cov_nat,2021,9.558
bel,sex_f,age_aggregate_yge65,geo_cov_nat,2022,6.711
bel,sex_f,age_aggregate_yge65,geo_cov_nat,2023,6.661
bel,sex_f,age_aggregate_yge65,geo_cov_nat,2024,10.276
bel,sex_f,age_aggregate_yge65,geo_cov_urb,2013,8.515
bel,sex_f,age_aggregate_yge65,geo_cov_urb,2016,5.178
bel,sex_f,age_aggregate_yge65,geo_cov_urb,2021,10.643
bel,sex_f,age_aggregate_yge65,geo_cov_urb,2022,8.213
bel,sex_f,age_aggregate_yge65,geo_cov_urb,2023,6.814
bel,sex_f,age_aggregate_yge65,geo_cov_urb,2024,12.008
bel,sex_f,age_ythadult_y15_24,geo_cov_nat,1998,28.356
bel,sex_f,age_ythadult_y15_24,geo_cov_nat,1999,28.1
bel,sex_f,age_ythadult_y15_24,geo_cov_nat,2000,21.321
bel,sex_f,age_ythadult_y15_24,geo_cov_nat,2001,20.472
bel,sex_f,age_ythadult_y15_24,geo_cov_nat,2002,19.366
bel,sex_f,age_ythadult_y15_24,geo_cov_nat,2003,23.255
bel,sex_f,age_ythadult_y15_24,geo_cov_nat,2004,23.25
bel,sex_f,age_ythadult_y15_24,geo_cov_nat,2005,25.358
bel,sex_f,age_ythadult_y15_24,geo_cov_nat,2006,26.341
bel,sex_f,age_ythadult_y15_24,geo_cov_nat,2007,24.276
bel,sex_f,age_ythadult_y15_24,geo_cov_nat,2008,23.015
bel,sex_f,age_ythadult_y15_24,geo_cov_nat,2009,25.47
bel,sex_f,age_ythadult_y15_24,geo_cov_nat,2010,26.125
bel,sex_f,age_ythadult_y15_24,geo_cov_nat,2011,25.362
bel,sex_f,age_ythadult_y15_24,geo_cov_nat,2012,25.222
bel,sex_f,age_ythadult_y15_24,geo_cov_nat,2013,28.179
bel,sex_f,age_ythadult_y15_24,geo_cov_nat,2014,27.374
bel,sex_f,age_ythadult_y15_24,geo_cov_nat,2015,24.667
bel,sex_f,age_ythadult_y15_24,geo_cov_nat,2016,23.017
bel,sex_f,age_ythadult_y15_24,geo_cov_nat,2017,22.52
bel,sex_f,age_ythadult_y15_24,geo_cov_nat,2018,20.094
bel,sex_f,age_ythadult_y15_24,geo_cov_nat,2019,17.489
bel,sex_f,age_ythadult_y15_24,geo_cov_nat,2020,21.912
bel,sex_f,age_ythadult_y15_24,geo_cov_nat,2021,21.158
bel,sex_f,age_ythadult_y15_24,geo_cov_nat,2022,18.645
bel,sex_f,age_ythadult_y15_24,geo_cov_nat,2023,18.559
bel,sex_f,age_ythadult_y15_24,geo_cov_nat,2024,20.593
bel,sex_f,age_ythadult_y15_24,geo_cov_rur,1998,40.773
bel,sex_f,age_ythadult_y15_24,geo_cov_rur,1999,32.879
bel,sex_f,age_ythadult_y15_24,geo_cov_rur,2000,20.187
bel,sex_f,age_ythadult_y15_24,geo_cov_rur,2001,24.998
bel,sex_f,age_ythadult_y15_24,geo_cov_rur,2002,24.974
bel,sex_f,age_ythadult_y15_24,geo_cov_rur,2003,27.07
bel,sex_f,age_ythadult_y15_24,geo_cov_rur,2004,22.045
bel,sex_f,age_ythadult_y15_24,geo_cov_rur,2005,35.376
bel,sex_f,age_ythadult_y15_24,geo_cov_rur,2006,26.475
bel,sex_f,age_ythadult_y15_24,geo_cov_rur,2007,22.053
bel,sex_f,age_ythadult_y15_24,geo_cov_rur,2008,33.476
bel,sex_f,age_ythadult_y15_24,geo_cov_rur,2009,29.751
bel,sex_f,age_ythadult_y15_24,geo_cov_rur,2010,24.946
bel,sex_f,age_ythadult_y15_24,geo_cov_rur,2011,27.113
bel,sex_f,age_ythadult_y15_24,geo_cov_rur,2012,25.386
bel,sex_f,age_ythadult_y15_24,geo_cov_rur,2013,28.029
bel,sex_f,age_ythadult_y15_24,geo_cov_rur,2014,22.794
bel,sex_f,age_ythadult_y15_24,geo_cov_rur,2015,21.172
bel,sex_f,age_ythadult_y15_24,geo_cov_rur,2016,21.894
bel,sex_f,age_ythadult_y15_24,geo_cov_rur,2017,22.634
bel,sex_f,age_ythadult_y15_24,geo_cov_rur,2018,15.171
bel,sex_f,age_ythadult_y15_24,geo_cov_rur,2019,13.023
bel,sex_f,age_ythadult_y15_24,geo_cov_rur,2020,26.393
bel,sex_f,age_ythadult_y15_24,geo_cov_rur,2021,19.266
bel,sex_f,age_ythadult_y15_24,geo_cov_rur,2022,11.763
bel,sex_f,age_ythadult_y15_24,geo_cov_rur,2023,16.991
bel,sex_f,age_ythadult_y15_24,geo_cov_rur,2024,26.939
bel,sex_f,age_ythadult_y15_24,geo_cov_urb,1998,27.809
bel,sex_f,age_ythadult_y15_24,geo_cov_urb,1999,27.88
bel,sex_f,age_ythadult_y15_24,geo_cov_urb,2000,21.366
bel,sex_f,age_ythadult_y15_24,geo_cov_urb,2001,20.227
bel,sex_f,age_ythadult_y15_24,geo_cov_urb,2002,19.214
bel,sex_f,age_ythadult_y15_24,geo_cov_urb,2003,23.09
bel,sex_f,age_ythadult_y15_24,geo_cov_urb,2004,23.312
bel,sex_f,age_ythadult_y15_24,geo_cov_urb,2005,24.79
bel,sex_f,age_ythadult_y15_24,geo_cov_urb,2006,26.334
bel,sex_f,age_ythadult_y15_24,geo_cov_urb,2007,24.39
bel,sex_f,age_ythadult_y15_24,geo_cov_urb,2008,22.384
bel,sex_f,age_ythadult_y15_24,geo_cov_urb,2009,25.213
bel,sex_f,age_ythadult_y15_24,geo_cov_urb,2010,26.192
bel,sex_f,age_ythadult_y15_24,geo_cov_urb,2011,25.256
bel,sex_f,age_ythadult_y15_24,geo_cov_urb,2012,25.187
bel,sex_f,age_ythadult_y15_24,geo_cov_urb,2013,28.209
bel,sex_f,age_ythadult_y15_24,geo_cov_urb,2014,28.305
bel,sex_f,age_ythadult_y15_24,geo_cov_urb,2015,25.34
bel,sex_f,age_ythadult_y15_24,geo_cov_urb,2016,23.261
bel,sex_f,age_ythadult_y15_24,geo_cov_urb,2017,22.5
bel,sex_f,age_ythadult_y15_24,geo_cov_urb,2018,20.793
bel,sex_f,age_ythadult_y15_24,geo_cov_urb,2019,18.185
bel,sex_f,age_ythadult_y15_24,geo_cov_urb,2020,21.161
bel,sex_f,age_ythadult_y15_24,geo_cov_urb,2021,21.509
bel,sex_f,age_ythadult_y15_24,geo_cov_urb,2022,19.664
bel,sex_f,age_ythadult_y15_24,geo_cov_urb,2023,18.802
bel,sex_f,age_ythadult_y15_24,geo_cov_urb,2024,19.601
bel,sex_f,age_ythadult_y15_64,geo_cov_nat,1998,14.638
bel,sex_f,age_ythadult_y15_64,geo_cov_nat,1999,12.647
bel,sex_f,age_ythadult_y15_64,geo_cov_nat,2000,10.144
bel,sex_f,age_ythadult_y15_64,geo_cov_nat,2001,9.667
bel,sex_f,age_ythadult_y15_64,geo_cov_nat,2002,10.217
bel,sex_f,age_ythadult_y15_64,geo_cov_nat,2003,10.708
bel,sex_f,age_ythadult_y15_64,geo_cov_nat,2004,10.405
bel,sex_f,age_ythadult_y15_64,geo_cov_nat,2005,11.529
bel,sex_f,age_ythadult_y15_64,geo_cov_nat,2006,11.271
bel,sex_f,age_ythadult_y15_64,geo_cov_nat,2007,10.396
bel,sex_f,age_ythadult_y15_64,geo_cov_nat,2008,9.298
bel,sex_f,age_ythadult_y15_64,geo_cov_nat,2009,9.817
bel,sex_f,age_ythadult_y15_64,geo_cov_nat,2010,10.291
bel,sex_f,age_ythadult_y15_64,geo_cov_nat,2011,10.235
bel,sex_f,age_ythadult_y15_64,geo_cov_nat,2012,10.181
bel,sex_f,age_ythadult_y15_64,geo_cov_nat,2013,10.986
bel,sex_f,age_ythadult_y15_64,geo_cov_nat,2014,10.633
bel,sex_f,age_ythadult_y15_64,geo_cov_nat,2015,10.084
bel,sex_f,age_ythadult_y15_64,geo_cov_nat,2016,9.575
bel,sex_f,age_ythadult_y15_64,geo_cov_nat,2017,8.978
bel,sex_f,age_ythadult_y15_64,geo_cov_nat,2018,7.446
bel,sex_f,age_ythadult_y15_64,geo_cov_nat,2019,6.977
bel,sex_f,age_ythadult_y15_64,geo_cov_nat,2020,7.867
bel,sex_f,age_ythadult_y15_64,geo_cov_nat,2021,7.818
bel,sex_f,age_ythadult_y15_64,geo_cov_nat,2022,6.896
bel,sex_f,age_ythadult_y15_64,geo_cov_nat,2023,7.017
bel,sex_f,age_ythadult_y15_64,geo_cov_nat,2024,7.051
bel,sex_f,age_ythadult_y15_64,geo_cov_rur,1998,14.223
bel,sex_f,age_ythadult_y15_64,geo_cov_rur,2002,10.359
bel,sex_f,age_ythadult_y15_64,geo_cov_rur,2003,9.723
bel,sex_f,age_ythadult_y15_64,geo_cov_rur,2004,10.094
bel,sex_f,age_ythadult_y15_64,geo_cov_rur,2005,12.583
bel,sex_f,age_ythadult_y15_64,geo_cov_rur,2006,11.101
bel,sex_f,age_ythadult_y15_64,geo_cov_rur,2007,11.119
bel,sex_f,age_ythadult_y15_64,geo_cov_rur,2008,9.862
bel,sex_f,age_ythadult_y15_64,geo_cov_rur,2009,10.564
bel,sex_f,age_ythadult_y15_64,geo_cov_rur,2010,10.781
bel,sex_f,age_ythadult_y15_64,geo_cov_rur,2011,9.126
bel,sex_f,age_ythadult_y15_64,geo_cov_rur,2012,8.327
bel,sex_f,age_ythadult_y15_64,geo_cov_rur,2013,9.099
bel,sex_f,age_ythadult_y15_64,geo_cov_rur,2014,8.156
bel,sex_f,age_ythadult_y15_64,geo_cov_rur,2015,8.071
bel,sex_f,age_ythadult_y15_64,geo_cov_rur,2016,7.714
bel,sex_f,age_ythadult_y15_64,geo_cov_rur,2017,6.397
bel,sex_f,age_ythadult_y15_64,geo_cov_rur,2018,5.831
bel,sex_f,age_ythadult_y15_64,geo_cov_rur,2019,5.453
bel,sex_f,age_ythadult_y15_64,geo_cov_rur,2020,5.802
bel,sex_f,age_ythadult_y15_64,geo_cov_rur,2021,5.561
bel,sex_f,age_ythadult_y15_64,geo_cov_rur,2022,5.384
bel,sex_f,age_ythadult_y15_64,geo_cov_rur,2023,5.966
bel,sex_f,age_ythadult_y15_64,geo_cov_rur,2024,5.208
bel,sex_f,age_ythadult_y15_64,geo_cov_urb,1998,14.657
bel,sex_f,age_ythadult_y15_64,geo_cov_urb,1999,12.647
bel,sex_f,age_ythadult_y15_64,geo_cov_urb,2000,10.073
bel,sex_f,age_ythadult_y15_64,geo_cov_urb,2001,9.765
bel,sex_f,age_ythadult_y15_64,geo_cov_urb,2002,10.211
bel,sex_f,age_ythadult_y15_64,geo_cov_urb,2003,10.758
bel,sex_f,age_ythadult_y15_64,geo_cov_urb,2004,10.422
bel,sex_f,age_ythadult_y15_64,geo_cov_urb,2005,11.479
bel,sex_f,age_ythadult_y15_64,geo_cov_urb,2006,11.279
bel,sex_f,age_ythadult_y15_64,geo_cov_urb,2007,10.361
bel,sex_f,age_ythadult_y15_64,geo_cov_urb,2008,9.269
bel,sex_f,age_ythadult_y15_64,geo_cov_urb,2009,9.778
bel,sex_f,age_ythadult_y15_64,geo_cov_urb,2010,10.268
bel,sex_f,age_ythadult_y15_64,geo_cov_urb,2011,10.295
bel,sex_f,age_ythadult_y15_64,geo_cov_urb,2012,10.556
bel,sex_f,age_ythadult_y15_64,geo_cov_urb,2013,11.36
bel,sex_f,age_ythadult_y15_64,geo_cov_urb,2014,11.123
bel,sex_f,age_ythadult_y15_64,geo_cov_urb,2015,10.454
bel,sex_f,age_ythadult_y15_64,geo_cov_urb,2016,9.947
bel,sex_f,age_ythadult_y15_64,geo_cov_urb,2017,9.459
bel,sex_f,age_ythadult_y15_64,geo_cov_urb,2018,7.688
bel,sex_f,age_ythadult_y15_64,geo_cov_urb,2019,7.234
bel,sex_f,age_ythadult_y15_64,geo_cov_urb,2020,8.208
bel,sex_f,age_ythadult_y15_64,geo_cov_urb,2021,8.196
bel,sex_f,age_ythadult_y15_64,geo_cov_urb,2022,7.124
bel,sex_f,age_ythadult_y15_64,geo_cov_urb,2023,7.181
bel,sex_f,age_ythadult_y15_64,geo_cov_urb,2024,7.35
bel,sex_f,age_ythadult_yge15,geo_cov_nat,1998,14.612
bel,sex_f,age_ythadult_yge15,geo_cov_nat,1999,12.588
bel,sex_f,age_ythadult_yge15,geo_cov_nat,2000,10.084
bel,sex_f,age_ythadult_yge15,geo_cov_nat,2001,9.636
bel,sex_f,age_ythadult_yge15,geo_cov_nat,2002,10.181
bel,sex_f,age_ythadult_yge15,geo_cov_nat,2003,10.666
bel,sex_f,age_ythadult_yge15,geo_cov_nat,2004,10.379
bel,sex_f,age_ythadult_yge15,geo_cov_nat,2005,11.477
bel,sex_f,age_ythadult_yge15,geo_cov_nat,2006,11.228
bel,sex_f,age_ythadult_yge15,geo_cov_nat,2007,10.357
bel,sex_f,age_ythadult_yge15,geo_cov_nat,2008,9.257
bel,sex_f,age_ythadult_yge15,geo_cov_nat,2009,9.785
bel,sex_f,age_ythadult_yge15,geo_cov_nat,2010,10.242
bel,sex_f,age_ythadult_yge15,geo_cov_nat,2011,10.191
bel,sex_f,age_ythadult_yge15,geo_cov_nat,2012,10.137
bel,sex_f,age_ythadult_yge15,geo_cov_nat,2013,10.958
bel,sex_f,age_ythadult_yge15,geo_cov_nat,2014,10.58
bel,sex_f,age_ythadult_yge15,geo_cov_nat,2015,10.019
bel,sex_f,age_ythadult_yge15,geo_cov_nat,2016,9.542
bel,sex_f,age_ythadult_yge15,geo_cov_nat,2017,8.918
bel,sex_f,age_ythadult_yge15,geo_cov_nat,2018,7.396
bel,sex_f,age_ythadult_yge15,geo_cov_nat,2019,6.947
bel,sex_f,age_ythadult_yge15,geo_cov_nat,2020,7.811
bel,sex_f,age_ythadult_yge15,geo_cov_nat,2021,7.833
bel,sex_f,age_ythadult_yge15,geo_cov_nat,2022,6.894
bel,sex_f,age_ythadult_yge15,geo_cov_nat,2023,7.013
bel,sex_f,age_ythadult_yge15,geo_cov_nat,2024,7.092
bel,sex_f,age_ythadult_yge15,geo_cov_rur,1998,14.22
bel,sex_f,age_ythadult_yge15,geo_cov_rur,1999,12.47
bel,sex_f,age_ythadult_yge15,geo_cov_rur,2000,12.004
bel,sex_f,age_ythadult_yge15,geo_cov_rur,2001,7.612
bel,sex_f,age_ythadult_yge15,geo_cov_rur,2002,10.271
bel,sex_f,age_ythadult_yge15,geo_cov_rur,2003,9.713
bel,sex_f,age_ythadult_yge15,geo_cov_rur,2004,10.05
bel,sex_f,age_ythadult_yge15,geo_cov_rur,2005,12.402
bel,sex_f,age_ythadult_yge15,geo_cov_rur,2006,11.026
bel,sex_f,age_ythadult_yge15,geo_cov_rur,2007,11.018
bel,sex_f,age_ythadult_yge15,geo_cov_rur,2008,9.784
bel,sex_f,age_ythadult_yge15,geo_cov_rur,2009,10.502
bel,sex_f,age_ythadult_yge15,geo_cov_rur,2010,10.646
bel,sex_f,age_ythadult_yge15,geo_cov_rur,2011,9.016
bel,sex_f,age_ythadult_yge15,geo_cov_rur,2012,8.28
bel,sex_f,age_ythadult_yge15,geo_cov_rur,2013,9.025
bel,sex_f,age_ythadult_yge15,geo_cov_rur,2014,8.075
bel,sex_f,age_ythadult_yge15,geo_cov_rur,2015,8.037
bel,sex_f,age_ythadult_yge15,geo_cov_rur,2016,7.652
bel,sex_f,age_ythadult_yge15,geo_cov_rur,2017,6.37
bel,sex_f,age_ythadult_yge15,geo_cov_rur,2018,5.855
bel,sex_f,age_ythadult_yge15,geo_cov_rur,2019,5.401
bel,sex_f,age_ythadult_yge15,geo_cov_rur,2020,5.735
bel,sex_f,age_ythadult_yge15,geo_cov_rur,2021,5.527
bel,sex_f,age_ythadult_yge15,geo_cov_rur,2022,5.317
bel,sex_f,age_ythadult_yge15,geo_cov_rur,2023,5.962
bel,sex_f,age_ythadult_yge15,geo_cov_rur,2024,5.158
bel,sex_f,age_ythadult_yge15,geo_cov_urb,1998,14.63
bel,sex_f,age_ythadult_yge15,geo_cov_urb,1999,12.594
bel,sex_f,age_ythadult_yge15,geo_cov_urb,2000,10.013
bel,sex_f,age_ythadult_yge15,geo_cov_urb,2001,9.736
bel,sex_f,age_ythadult_yge15,geo_cov_urb,2002,10.177
bel,sex_f,age_ythadult_yge15,geo_cov_urb,2003,10.714
bel,sex_f,age_ythadult_yge15,geo_cov_urb,2004,10.398
bel,sex_f,age_ythadult_yge15,geo_cov_urb,2005,11.432
bel,sex_f,age_ythadult_yge15,geo_cov_urb,2006,11.237
bel,sex_f,age_ythadult_yge15,geo_cov_urb,2007,10.326
bel,sex_f,age_ythadult_yge15,geo_cov_urb,2008,9.23
bel,sex_f,age_ythadult_yge15,geo_cov_urb,2009,9.747
bel,sex_f,age_ythadult_yge15,geo_cov_urb,2010,10.222
bel,sex_f,age_ythadult_yge15,geo_cov_urb,2011,10.255
bel,sex_f,age_ythadult_yge15,geo_cov_urb,2012,10.513
bel,sex_f,age_ythadult_yge15,geo_cov_urb,2013,11.341
bel,sex_f,age_ythadult_yge15,geo_cov_urb,2014,11.078
bel,sex_f,age_ythadult_yge15,geo_cov_urb,2015,10.383
bel,sex_f,age_ythadult_yge15,geo_cov_urb,2016,9.921
bel,sex_f,age_ythadult_yge15,geo_cov_urb,2017,9.392
bel,sex_f,age_ythadult_yge15,geo_cov_urb,2018,7.626
bel,sex_f,age_ythadult_yge15,geo_cov_urb,2019,7.208
bel,sex_f,age_ythadult_yge15,geo_cov_urb,2020,8.155
bel,sex_f,age_ythadult_yge15,geo_cov_urb,2021,8.219
bel,sex_f,age_ythadult_yge15,geo_cov_urb,2022,7.133
bel,sex_f,age_ythadult_yge15,geo_cov_urb,2023,7.178
bel,sex_f,age_ythadult_yge15,geo_cov_urb,2024,7.407
bel,sex_f,age_ythadult_yge25,geo_cov_nat,1998,13
bel,sex_f,age_ythadult_yge25,geo_cov_nat,1999,10.794
bel,sex_f,age_ythadult_yge25,geo_cov_nat,2000,8.733
bel,sex_f,age_ythadult_yge25,geo_cov_nat,2001,8.404
bel,sex_f,age_ythadult_yge25,geo_cov_nat,2002,9.14
bel,sex_f,age_ythadult_yge25,geo_cov_nat,2003,9.302
bel,sex_f,age_ythadult_yge25,geo_cov_nat,2004,8.886
bel,sex_f,age_ythadult_yge25,geo_cov_nat,2005,9.92
bel,sex_f,age_ythadult_yge25,geo_cov_nat,2006,9.548
bel,sex_f,age_ythadult_yge25,geo_cov_nat,2007,8.865
bel,sex_f,age_ythadult_yge25,geo_cov_nat,2008,7.81
bel,sex_f,age_ythadult_yge25,geo_cov_nat,2009,8.213
bel,sex_f,age_ythadult_yge25,geo_cov_nat,2010,8.676
bel,sex_f,age_ythadult_yge25,geo_cov_nat,2011,8.637
bel,sex_f,age_ythadult_yge25,geo_cov_nat,2012,8.707
bel,sex_f,age_ythadult_yge25,geo_cov_nat,2013,9.351
bel,sex_f,age_ythadult_yge25,geo_cov_nat,2014,9.062
bel,sex_f,age_ythadult_yge25,geo_cov_nat,2015,8.758
bel,sex_f,age_ythadult_yge25,geo_cov_nat,2016,8.429
bel,sex_f,age_ythadult_yge25,geo_cov_nat,2017,7.85
bel,sex_f,age_ythadult_yge25,geo_cov_nat,2018,6.327
bel,sex_f,age_ythadult_yge25,geo_cov_nat,2019,6.011
bel,sex_f,age_ythadult_yge25,geo_cov_nat,2020,6.661
bel,sex_f,age_ythadult_yge25,geo_cov_nat,2021,6.708
bel,sex_f,age_ythadult_yge25,geo_cov_nat,2022,5.866
bel,sex_f,age_ythadult_yge25,geo_cov_nat,2023,5.974
bel,sex_f,age_ythadult_yge25,geo_cov_nat,2024,5.866
bel,sex_f,age_ythadult_yge25,geo_cov_rur,1998,11.267
bel,sex_f,age_ythadult_yge25,geo_cov_rur,1999,10.408
bel,sex_f,age_ythadult_yge25,geo_cov_rur,2000,10.934
bel,sex_f,age_ythadult_yge25,geo_cov_rur,2001,5.414
bel,sex_f,age_ythadult_yge25,geo_cov_rur,2002,9.257
bel,sex_f,age_ythadult_yge25,geo_cov_rur,2003,8.102
bel,sex_f,age_ythadult_yge25,geo_cov_rur,2004,8.775
bel,sex_f,age_ythadult_yge25,geo_cov_rur,2005,9.367
bel,sex_f,age_ythadult_yge25,geo_cov_rur,2006,9.163
bel,sex_f,age_ythadult_yge25,geo_cov_rur,2007,9.753
bel,sex_f,age_ythadult_yge25,geo_cov_rur,2008,6.849
bel,sex_f,age_ythadult_yge25,geo_cov_rur,2009,8.255
bel,sex_f,age_ythadult_yge25,geo_cov_rur,2010,8.997
bel,sex_f,age_ythadult_yge25,geo_cov_rur,2011,6.97
bel,sex_f,age_ythadult_yge25,geo_cov_rur,2012,6.568
bel,sex_f,age_ythadult_yge25,geo_cov_rur,2013,7.281
bel,sex_f,age_ythadult_yge25,geo_cov_rur,2014,6.716
bel,sex_f,age_ythadult_yge25,geo_cov_rur,2015,6.858
bel,sex_f,age_ythadult_yge25,geo_cov_rur,2016,6.384
bel,sex_f,age_ythadult_yge25,geo_cov_rur,2017,5.111
bel,sex_f,age_ythadult_yge25,geo_cov_rur,2018,5.11
bel,sex_f,age_ythadult_yge25,geo_cov_rur,2019,4.771
bel,sex_f,age_ythadult_yge25,geo_cov_rur,2020,4.031
bel,sex_f,age_ythadult_yge25,geo_cov_rur,2021,4.251
bel,sex_f,age_ythadult_yge25,geo_cov_rur,2022,4.767
bel,sex_f,age_ythadult_yge25,geo_cov_rur,2023,4.981
bel,sex_f,age_ythadult_yge25,geo_cov_rur,2024,3.257
bel,sex_f,age_ythadult_yge25,geo_cov_urb,1998,13.081
bel,sex_f,age_ythadult_yge25,geo_cov_urb,1999,10.815
bel,sex_f,age_ythadult_yge25,geo_cov_urb,2000,8.653
bel,sex_f,age_ythadult_yge25,geo_cov_urb,2001,8.549
bel,sex_f,age_ythadult_yge25,geo_cov_urb,2002,9.135
bel,sex_f,age_ythadult_yge25,geo_cov_urb,2003,9.363
bel,sex_f,age_ythadult_yge25,geo_cov_urb,2004,8.893
bel,sex_f,age_ythadult_yge25,geo_cov_urb,2005,9.946
bel,sex_f,age_ythadult_yge25,geo_cov_urb,2006,9.564
bel,sex_f,age_ythadult_yge25,geo_cov_urb,2007,8.822
bel,sex_f,age_ythadult_yge25,geo_cov_urb,2008,7.858
bel,sex_f,age_ythadult_yge25,geo_cov_urb,2009,8.211
bel,sex_f,age_ythadult_yge25,geo_cov_urb,2010,8.661
bel,sex_f,age_ythadult_yge25,geo_cov_urb,2011,8.728
bel,sex_f,age_ythadult_yge25,geo_cov_urb,2012,9.138
bel,sex_f,age_ythadult_yge25,geo_cov_urb,2013,9.762
bel,sex_f,age_ythadult_yge25,geo_cov_urb,2014,9.527
bel,sex_f,age_ythadult_yge25,geo_cov_urb,2015,9.106
bel,sex_f,age_ythadult_yge25,geo_cov_urb,2016,8.836
bel,sex_f,age_ythadult_yge25,geo_cov_urb,2017,8.359
bel,sex_f,age_ythadult_yge25,geo_cov_urb,2018,6.51
bel,sex_f,age_ythadult_yge25,geo_cov_urb,2019,6.221
bel,sex_f,age_ythadult_yge25,geo_cov_urb,2020,7.097
bel,sex_f,age_ythadult_yge25,geo_cov_urb,2021,7.115
bel,sex_f,age_ythadult_yge25,geo_cov_urb,2022,6.033
bel,sex_f,age_ythadult_yge25,geo_cov_urb,2023,6.129
bel,sex_f,age_ythadult_yge25,geo_cov_urb,2024,6.292
bel,sex_m,age_aggregate_total,geo_cov_nat,1998,8.902
bel,sex_m,age_aggregate_total,geo_cov_nat,1999,8.736
bel,sex_m,age_aggregate_total,geo_cov_nat,2000,6.37
bel,sex_m,age_aggregate_total,geo_cov_nat,2001,6.908
bel,sex_m,age_aggregate_total,geo_cov_nat,2002,7.314
bel,sex_m,age_aggregate_total,geo_cov_nat,2003,8.746
bel,sex_m,age_aggregate_total,geo_cov_nat,2004,7.841
bel,sex_m,age_aggregate_total,geo_cov_nat,2005,8.817
bel,sex_m,age_aggregate_total,geo_cov_nat,2006,8.457
bel,sex_m,age_aggregate_total,geo_cov_nat,2007,7.77
bel,sex_m,age_aggregate_total,geo_cov_nat,2008,7.321
bel,sex_m,age_aggregate_total,geo_cov_nat,2009,8.765
bel,sex_m,age_aggregate_total,geo_cov_nat,2010,9.198
bel,sex_m,age_aggregate_total,geo_cov_nat,2011,9.321
bel,sex_m,age_aggregate_total,geo_cov_nat,2012,9.767
bel,sex_m,age_aggregate_total,geo_cov_nat,2013,10.822
bel,sex_m,age_aggregate_total,geo_cov_nat,2014,10.906
bel,sex_m,age_aggregate_total,geo_cov_nat,2015,10.814
bel,sex_m,age_aggregate_total,geo_cov_nat,2016,9.857
bel,sex_m,age_aggregate_total,geo_cov_nat,2017,8.763
bel,sex_m,age_aggregate_total,geo_cov_nat,2018,8.028
bel,sex_m,age_aggregate_total,geo_cov_nat,2019,7.414
bel,sex_m,age_aggregate_total,geo_cov_nat,2020,7.709
bel,sex_m,age_aggregate_total,geo_cov_nat,2021,8.381
bel,sex_m,age_aggregate_total,geo_cov_nat,2022,7.215
bel,sex_m,age_aggregate_total,geo_cov_nat,2023,7.505
bel,sex_m,age_aggregate_total,geo_cov_nat,2024,7.621
bel,sex_m,age_aggregate_total,geo_cov_rur,1998,7.61
bel,sex_m,age_aggregate_total,geo_cov_rur,1999,5.313
bel,sex_m,age_aggregate_total,geo_cov_rur,2000,5.539
bel,sex_m,age_aggregate_total,geo_cov_rur,2001,5.448
bel,sex_m,age_aggregate_total,geo_cov_rur,2002,4.627
bel,sex_m,age_aggregate_total,geo_cov_rur,2003,5.382
bel,sex_m,age_aggregate_total,geo_cov_rur,2004,6.45
bel,sex_m,age_aggregate_total,geo_cov_rur,2005,7.484
bel,sex_m,age_aggregate_total,geo_cov_rur,2006,8.224
bel,sex_m,age_aggregate_total,geo_cov_rur,2007,6.815
bel,sex_m,age_aggregate_total,geo_cov_rur,2008,6.917
bel,sex_m,age_aggregate_total,geo_cov_rur,2009,7.625
bel,sex_m,age_aggregate_total,geo_cov_rur,2010,8.287
bel,sex_m,age_aggregate_total,geo_cov_rur,2011,7.176
bel,sex_m,age_aggregate_total,geo_cov_rur,2012,6.61
bel,sex_m,age_aggregate_total,geo_cov_rur,2013,7.368
bel,sex_m,age_aggregate_total,geo_cov_rur,2014,8.478
bel,sex_m,age_aggregate_total,geo_cov_rur,2015,7.078
bel,sex_m,age_aggregate_total,geo_cov_rur,2016,7.273
bel,sex_m,age_aggregate_total,geo_cov_rur,2017,6.841
bel,sex_m,age_aggregate_total,geo_cov_rur,2018,5.276
bel,sex_m,age_aggregate_total,geo_cov_rur,2019,5.163
bel,sex_m,age_aggregate_total,geo_cov_rur,2020,5.455
bel,sex_m,age_aggregate_total,geo_cov_rur,2021,6.959
bel,sex_m,age_aggregate_total,geo_cov_rur,2022,4.47
bel,sex_m,age_aggregate_total,geo_cov_rur,2023,5.528
bel,sex_m,age_aggregate_total,geo_cov_rur,2024,5.115
bel,sex_m,age_aggregate_total,geo_cov_urb,1998,8.968
bel,sex_m,age_aggregate_total,geo_cov_urb,1999,8.915
bel,sex_m,age_aggregate_total,geo_cov_urb,2000,6.406
bel,sex_m,age_aggregate_total,geo_cov_urb,2001,6.981
bel,sex_m,age_aggregate_total,geo_cov_urb,2002,7.444
bel,sex_m,age_aggregate_total,geo_cov_urb,2003,8.931
bel,sex_m,age_aggregate_total,geo_cov_urb,2004,7.927
bel,sex_m,age_aggregate_total,geo_cov_urb,2005,8.888
bel,sex_m,age_aggregate_total,geo_cov_urb,2006,8.468
bel,sex_m,age_aggregate_total,geo_cov_urb,2007,7.82
bel,sex_m,age_aggregate_total,geo_cov_urb,2008,7.343
bel,sex_m,age_aggregate_total,geo_cov_urb,2009,8.826
bel,sex_m,age_aggregate_total,geo_cov_urb,2010,9.245
bel,sex_m,age_aggregate_total,geo_cov_urb,2011,9.441
bel,sex_m,age_aggregate_total,geo_cov_urb,2012,10.411
bel,sex_m,age_aggregate_total,geo_cov_urb,2013,11.519
bel,sex_m,age_aggregate_total,geo_cov_urb,2014,11.386
bel,sex_m,age_aggregate_total,geo_cov_urb,2015,11.52
bel,sex_m,age_aggregate_total,geo_cov_urb,2016,10.362
bel,sex_m,age_aggregate_total,geo_cov_urb,2017,9.126
bel,sex_m,age_aggregate_total,geo_cov_urb,2018,8.437
bel,sex_m,age_aggregate_total,geo_cov_urb,2019,7.774
bel,sex_m,age_aggregate_total,geo_cov_urb,2020,8.077
bel,sex_m,age_aggregate_total,geo_cov_urb,2021,8.611
bel,sex_m,age_aggregate_total,geo_cov_urb,2022,7.636
bel,sex_m,age_aggregate_total,geo_cov_urb,2023,7.793
bel,sex_m,age_aggregate_total,geo_cov_urb,2024,8.03
bel,sex_m,age_aggregate_y15_24,geo_cov_nat,1998,21.507
bel,sex_m,age_aggregate_y15_24,geo_cov_nat,1999,26.899
bel,sex_m,age_aggregate_y15_24,geo_cov_nat,2000,15.697
bel,sex_m,age_aggregate_y15_24,geo_cov_nat,2001,16.39
bel,sex_m,age_aggregate_y15_24,geo_cov_nat,2002,18.342
bel,sex_m,age_aggregate_y15_24,geo_cov_nat,2003,23.068
bel,sex_m,age_aggregate_y15_24,geo_cov_nat,2004,18.828
bel,sex_m,age_aggregate_y15_24,geo_cov_nat,2005,24.278
bel,sex_m,age_aggregate_y15_24,geo_cov_nat,2006,21.155
bel,sex_m,age_aggregate_y15_24,geo_cov_nat,2007,19.839
bel,sex_m,age_aggregate_y15_24,geo_cov_nat,2008,19.577
bel,sex_m,age_aggregate_y15_24,geo_cov_nat,2009,23.867
bel,sex_m,age_aggregate_y15_24,geo_cov_nat,2010,25.579
bel,sex_m,age_aggregate_y15_24,geo_cov_nat,2011,24.475
bel,sex_m,age_aggregate_y15_24,geo_cov_nat,2012,25.718
bel,sex_m,age_aggregate_y15_24,geo_cov_nat,2013,30.076
bel,sex_m,age_aggregate_y15_24,geo_cov_nat,2014,28.982
bel,sex_m,age_aggregate_y15_24,geo_cov_nat,2015,27.791
bel,sex_m,age_aggregate_y15_24,geo_cov_nat,2016,26.565
bel,sex_m,age_aggregate_y15_24,geo_cov_nat,2017,25.417
bel,sex_m,age_aggregate_y15_24,geo_cov_nat,2018,20.572
bel,sex_m,age_aggregate_y15_24,geo_cov_nat,2019,19.809
bel,sex_m,age_aggregate_y15_24,geo_cov_nat,2020,20.631
bel,sex_m,age_aggregate_y15_24,geo_cov_nat,2021,24.42
bel,sex_m,age_aggregate_y15_24,geo_cov_nat,2022,23.086
bel,sex_m,age_aggregate_y15_24,geo_cov_nat,2023,22.648
bel,sex_m,age_aggregate_y15_24,geo_cov_nat,2024,24.848
bel,sex_m,age_aggregate_y15_24,geo_cov_rur,1998,21.632
bel,sex_m,age_aggregate_y15_24,geo_cov_rur,1999,23.936
bel,sex_m,age_aggregate_y15_24,geo_cov_rur,2000,12.109
bel,sex_m,age_aggregate_y15_24,geo_cov_rur,2001,15.783
bel,sex_m,age_aggregate_y15_24,geo_cov_rur,2002,12.14
bel,sex_m,age_aggregate_y15_24,geo_cov_rur,2003,14.135
bel,sex_m,age_aggregate_y15_24,geo_cov_rur,2004,20.503
bel,sex_m,age_aggregate_y15_24,geo_cov_rur,2005,26.611
bel,sex_m,age_aggregate_y15_24,geo_cov_rur,2006,23.07
bel,sex_m,age_aggregate_y15_24,geo_cov_rur,2007,18.092
bel,sex_m,age_aggregate_y15_24,geo_cov_rur,2008,18.666
bel,sex_m,age_aggregate_y15_24,geo_cov_rur,2009,22.125
bel,sex_m,age_aggregate_y15_24,geo_cov_rur,2010,23.427
bel,sex_m,age_aggregate_y15_24,geo_cov_rur,2011,21.468
bel,sex_m,age_aggregate_y15_24,geo_cov_rur,2012,22.941
bel,sex_m,age_aggregate_y15_24,geo_cov_rur,2013,24.074
bel,sex_m,age_aggregate_y15_24,geo_cov_rur,2014,26.138
bel,sex_m,age_aggregate_y15_24,geo_cov_rur,2015,21.075
bel,sex_m,age_aggregate_y15_24,geo_cov_rur,2016,21.784
bel,sex_m,age_aggregate_y15_24,geo_cov_rur,2017,24.685
bel,sex_m,age_aggregate_y15_24,geo_cov_rur,2018,17.28
bel,sex_m,age_aggregate_y15_24,geo_cov_rur,2019,18.919
bel,sex_m,age_aggregate_y15_24,geo_cov_rur,2020,16.867
bel,sex_m,age_aggregate_y15_24,geo_cov_rur,2021,24.569
bel,sex_m,age_aggregate_y15_24,geo_cov_rur,2022,14.076
bel,sex_m,age_aggregate_y15_24,geo_cov_rur,2023,26.367
bel,sex_m,age_aggregate_y15_24,geo_cov_rur,2024,15.437
bel,sex_m,age_aggregate_y15_24,geo_cov_urb,1998,21.501
bel,sex_m,age_aggregate_y15_24,geo_cov_urb,1999,27.029
bel,sex_m,age_aggregate_y15_24,geo_cov_urb,2000,15.864
bel,sex_m,age_aggregate_y15_24,geo_cov_urb,2001,16.425
bel,sex_m,age_aggregate_y15_24,geo_cov_urb,2002,18.646
bel,sex_m,age_aggregate_y15_24,geo_cov_urb,2003,23.623
bel,sex_m,age_aggregate_y15_24,geo_cov_urb,2004,18.694
bel,sex_m,age_aggregate_y15_24,geo_cov_urb,2005,24.132
bel,sex_m,age_aggregate_y15_24,geo_cov_urb,2006,21.05
bel,sex_m,age_aggregate_y15_24,geo_cov_urb,2007,19.953
bel,sex_m,age_aggregate_y15_24,geo_cov_urb,2008,19.633
bel,sex_m,age_aggregate_y15_24,geo_cov_urb,2009,23.973
bel,sex_m,age_aggregate_y15_24,geo_cov_urb,2010,25.735
bel,sex_m,age_aggregate_y15_24,geo_cov_urb,2011,24.675
bel,sex_m,age_aggregate_y15_24,geo_cov_urb,2012,26.32
bel,sex_m,age_aggregate_y15_24,geo_cov_urb,2013,31.379
bel,sex_m,age_aggregate_y15_24,geo_cov_urb,2014,29.579
bel,sex_m,age_aggregate_y15_24,geo_cov_urb,2015,29.066
bel,sex_m,age_aggregate_y15_24,geo_cov_urb,2016,27.574
bel,sex_m,age_aggregate_y15_24,geo_cov_urb,2017,25.548
bel,sex_m,age_aggregate_y15_24,geo_cov_urb,2018,20.952
bel,sex_m,age_aggregate_y15_24,geo_cov_urb,2019,19.938
bel,sex_m,age_aggregate_y15_24,geo_cov_urb,2020,21.472
bel,sex_m,age_aggregate_y15_24,geo_cov_urb,2021,24.391
bel,sex_m,age_aggregate_y15_24,geo_cov_urb,2022,24.698
bel,sex_m,age_aggregate_y15_24,geo_cov_urb,2023,22.131
bel,sex_m,age_aggregate_y15_24,geo_cov_urb,2024,26.516
bel,sex_m,age_aggregate_y25_54,geo_cov_nat,1998,7.51
bel,sex_m,age_aggregate_y25_54,geo_cov_nat,1999,6.851
bel,sex_m,age_aggregate_y25_54,geo_cov_nat,2000,5.285
bel,sex_m,age_aggregate_y25_54,geo_cov_nat,2001,5.692
bel,sex_m,age_aggregate_y25_54,geo_cov_nat,2002,6.268
bel,sex_m,age_aggregate_y25_54,geo_cov_nat,2003,7.595
bel,sex_m,age_aggregate_y25_54,geo_cov_nat,2004,6.886
bel,sex_m,age_aggregate_y25_54,geo_cov_nat,2005,7.457
bel,sex_m,age_aggregate_y25_54,geo_cov_nat,2006,7.337
bel,sex_m,age_aggregate_y25_54,geo_cov_nat,2007,6.768
bel,sex_m,age_aggregate_y25_54,geo_cov_nat,2008,6.246
bel,sex_m,age_aggregate_y25_54,geo_cov_nat,2009,7.474
bel,sex_m,age_aggregate_y25_54,geo_cov_nat,2010,7.91
bel,sex_m,age_aggregate_y25_54,geo_cov_nat,2011,8.115
bel,sex_m,age_aggregate_y25_54,geo_cov_nat,2012,8.503
bel,sex_m,age_aggregate_y25_54,geo_cov_nat,2013,9.171
bel,sex_m,age_aggregate_y25_54,geo_cov_nat,2014,9.666
bel,sex_m,age_aggregate_y25_54,geo_cov_nat,2015,9.527
bel,sex_m,age_aggregate_y25_54,geo_cov_nat,2016,8.729
bel,sex_m,age_aggregate_y25_54,geo_cov_nat,2017,7.477
bel,sex_m,age_aggregate_y25_54,geo_cov_nat,2018,7.131
bel,sex_m,age_aggregate_y25_54,geo_cov_nat,2019,6.56
bel,sex_m,age_aggregate_y25_54,geo_cov_nat,2020,6.953
bel,sex_m,age_aggregate_y25_54,geo_cov_nat,2021,7.037
bel,sex_m,age_aggregate_y25_54,geo_cov_nat,2022,6.156
bel,sex_m,age_aggregate_y25_54,geo_cov_nat,2023,6.239
bel,sex_m,age_aggregate_y25_54,geo_cov_nat,2024,6.455
bel,sex_m,age_aggregate_y25_54,geo_cov_rur,1998,6.194
bel,sex_m,age_aggregate_y25_54,geo_cov_rur,1999,4.073
bel,sex_m,age_aggregate_y25_54,geo_cov_rur,2000,5.1
bel,sex_m,age_aggregate_y25_54,geo_cov_rur,2001,4.566
bel,sex_m,age_aggregate_y25_54,geo_cov_rur,2002,3.861
bel,sex_m,age_aggregate_y25_54,geo_cov_rur,2003,4.454
bel,sex_m,age_aggregate_y25_54,geo_cov_rur,2004,4.784
bel,sex_m,age_aggregate_y25_54,geo_cov_rur,2005,5.461
bel,sex_m,age_aggregate_y25_54,geo_cov_rur,2006,6.408
bel,sex_m,age_aggregate_y25_54,geo_cov_rur,2007,5.718
bel,sex_m,age_aggregate_y25_54,geo_cov_rur,2008,5.71
bel,sex_m,age_aggregate_y25_54,geo_cov_rur,2009,6.367
bel,sex_m,age_aggregate_y25_54,geo_cov_rur,2010,6.511
bel,sex_m,age_aggregate_y25_54,geo_cov_rur,2011,5.762
bel,sex_m,age_aggregate_y25_54,geo_cov_rur,2012,5.073
bel,sex_m,age_aggregate_y25_54,geo_cov_rur,2013,5.568
bel,sex_m,age_aggregate_y25_54,geo_cov_rur,2014,7.348
bel,sex_m,age_aggregate_y25_54,geo_cov_rur,2015,5.896
bel,sex_m,age_aggregate_y25_54,geo_cov_rur,2016,6.08
bel,sex_m,age_aggregate_y25_54,geo_cov_rur,2017,5.767
bel,sex_m,age_aggregate_y25_54,geo_cov_rur,2018,4.542
bel,sex_m,age_aggregate_y25_54,geo_cov_rur,2019,4.555
bel,sex_m,age_aggregate_y25_54,geo_cov_rur,2020,4.035
bel,sex_m,age_aggregate_y25_54,geo_cov_rur,2021,4.224
bel,sex_m,age_aggregate_y25_54,geo_cov_rur,2022,3.943
bel,sex_m,age_aggregate_y25_54,geo_cov_rur,2023,3.659
bel,sex_m,age_aggregate_y25_54,geo_cov_rur,2024,3.95
bel,sex_m,age_aggregate_y25_54,geo_cov_urb,1998,7.577
bel,sex_m,age_aggregate_y25_54,geo_cov_urb,1999,6.996
bel,sex_m,age_aggregate_y25_54,geo_cov_urb,2000,5.293
bel,sex_m,age_aggregate_y25_54,geo_cov_urb,2001,5.747
bel,sex_m,age_aggregate_y25_54,geo_cov_urb,2002,6.387
bel,sex_m,age_aggregate_y25_54,geo_cov_urb,2003,7.763
bel,sex_m,age_aggregate_y25_54,geo_cov_urb,2004,7.01
bel,sex_m,age_aggregate_y25_54,geo_cov_urb,2005,7.559
bel,sex_m,age_aggregate_y25_54,geo_cov_urb,2006,7.381
bel,sex_m,age_aggregate_y25_54,geo_cov_urb,2007,6.821
bel,sex_m,age_aggregate_y25_54,geo_cov_urb,2008,6.274
bel,sex_m,age_aggregate_y25_54,geo_cov_urb,2009,7.532
bel,sex_m,age_aggregate_y25_54,geo_cov_urb,2010,7.98
bel,sex_m,age_aggregate_y25_54,geo_cov_urb,2011,8.242
bel,sex_m,age_aggregate_y25_54,geo_cov_urb,2012,9.193
bel,sex_m,age_aggregate_y25_54,geo_cov_urb,2013,9.886
bel,sex_m,age_aggregate_y25_54,geo_cov_urb,2014,10.112
bel,sex_m,age_aggregate_y25_54,geo_cov_urb,2015,10.201
bel,sex_m,age_aggregate_y25_54,geo_cov_urb,2016,9.241
bel,sex_m,age_aggregate_y25_54,geo_cov_urb,2017,7.8
bel,sex_m,age_aggregate_y25_54,geo_cov_urb,2018,7.522
bel,sex_m,age_aggregate_y25_54,geo_cov_urb,2019,6.876
bel,sex_m,age_aggregate_y25_54,geo_cov_urb,2020,7.414
bel,sex_m,age_aggregate_y25_54,geo_cov_urb,2021,7.468
bel,sex_m,age_aggregate_y25_54,geo_cov_urb,2022,6.479
bel,sex_m,age_aggregate_y25_54,geo_cov_urb,2023,6.599
bel,sex_m,age_aggregate_y25_54,geo_cov_urb,2024,6.851
bel,sex_m,age_aggregate_y55_64,geo_cov_nat,1998,8.656
bel,sex_m,age_aggregate_y55_64,geo_cov_nat,1999,7.461
bel,sex_m,age_aggregate_y55_64,geo_cov_nat,2000,6.354
bel,sex_m,age_aggregate_y55_64,geo_cov_nat,2001,8.61
bel,sex_m,age_aggregate_y55_64,geo_cov_nat,2002,5.195
bel,sex_m,age_aggregate_y55_64,geo_cov_nat,2003,3.768
bel,sex_m,age_aggregate_y55_64,geo_cov_nat,2004,5.672
bel,sex_m,age_aggregate_y55_64,geo_cov_nat,2005,5.457
bel,sex_m,age_aggregate_y55_64,geo_cov_nat,2006,5.878
bel,sex_m,age_aggregate_y55_64,geo_cov_nat,2007,5.309
bel,sex_m,age_aggregate_y55_64,geo_cov_nat,2008,5.253
bel,sex_m,age_aggregate_y55_64,geo_cov_nat,2009,6.439
bel,sex_m,age_aggregate_y55_64,geo_cov_nat,2010,5.886
bel,sex_m,age_aggregate_y55_64,geo_cov_nat,2011,6.424
bel,sex_m,age_aggregate_y55_64,geo_cov_nat,2012,6.524
bel,sex_m,age_aggregate_y55_64,geo_cov_nat,2013,8.346
bel,sex_m,age_aggregate_y55_64,geo_cov_nat,2014,7.569
bel,sex_m,age_aggregate_y55_64,geo_cov_nat,2015,8.394
bel,sex_m,age_aggregate_y55_64,geo_cov_nat,2016,7.276
bel,sex_m,age_aggregate_y55_64,geo_cov_nat,2017,7.037
bel,sex_m,age_aggregate_y55_64,geo_cov_nat,2018,6.61
bel,sex_m,age_aggregate_y55_64,geo_cov_nat,2019,5.49
bel,sex_m,age_aggregate_y55_64,geo_cov_nat,2020,5.816
bel,sex_m,age_aggregate_y55_64,geo_cov_nat,2021,6.792
bel,sex_m,age_aggregate_y55_64,geo_cov_nat,2022,4.386
bel,sex_m,age_aggregate_y55_64,geo_cov_nat,2023,5.03
bel,sex_m,age_aggregate_y55_64,geo_cov_nat,2024,4.128
bel,sex_m,age_aggregate_y55_64,geo_cov_rur,1998,6.579
bel,sex_m,age_aggregate_y55_64,geo_cov_rur,2005,2.569
bel,sex_m,age_aggregate_y55_64,geo_cov_rur,2006,7.273
bel,sex_m,age_aggregate_y55_64,geo_cov_rur,2007,3.229
bel,sex_m,age_aggregate_y55_64,geo_cov_rur,2008,4.796
bel,sex_m,age_aggregate_y55_64,geo_cov_rur,2009,4.14
bel,sex_m,age_aggregate_y55_64,geo_cov_rur,2010,4.326
bel,sex_m,age_aggregate_y55_64,geo_cov_rur,2011,4.432
bel,sex_m,age_aggregate_y55_64,geo_cov_rur,2012,4.17
bel,sex_m,age_aggregate_y55_64,geo_cov_rur,2013,6.474
bel,sex_m,age_aggregate_y55_64,geo_cov_rur,2014,4.356
bel,sex_m,age_aggregate_y55_64,geo_cov_rur,2015,5.779
bel,sex_m,age_aggregate_y55_64,geo_cov_rur,2016,5.741
bel,sex_m,age_aggregate_y55_64,geo_cov_rur,2017,3.724
bel,sex_m,age_aggregate_y55_64,geo_cov_rur,2018,4.575
bel,sex_m,age_aggregate_y55_64,geo_cov_rur,2019,2.373
bel,sex_m,age_aggregate_y55_64,geo_cov_rur,2020,5.287
bel,sex_m,age_aggregate_y55_64,geo_cov_rur,2021,7.938
bel,sex_m,age_aggregate_y55_64,geo_cov_rur,2022,1.804
bel,sex_m,age_aggregate_y55_64,geo_cov_rur,2023,3.363
bel,sex_m,age_aggregate_y55_64,geo_cov_rur,2024,4.495
bel,sex_m,age_aggregate_y55_64,geo_cov_urb,1998,8.776
bel,sex_m,age_aggregate_y55_64,geo_cov_urb,1999,7.852
bel,sex_m,age_aggregate_y55_64,geo_cov_urb,2000,6.579
bel,sex_m,age_aggregate_y55_64,geo_cov_urb,2001,8.99
bel,sex_m,age_aggregate_y55_64,geo_cov_urb,2002,5.237
bel,sex_m,age_aggregate_y55_64,geo_cov_urb,2003,3.789
bel,sex_m,age_aggregate_y55_64,geo_cov_urb,2004,5.83
bel,sex_m,age_aggregate_y55_64,geo_cov_urb,2005,5.615
bel,sex_m,age_aggregate_y55_64,geo_cov_urb,2006,5.817
bel,sex_m,age_aggregate_y55_64,geo_cov_urb,2007,5.407
bel,sex_m,age_aggregate_y55_64,geo_cov_urb,2008,5.277
bel,sex_m,age_aggregate_y55_64,geo_cov_urb,2009,6.567
bel,sex_m,age_aggregate_y55_64,geo_cov_urb,2010,5.967
bel,sex_m,age_aggregate_y55_64,geo_cov_urb,2011,6.536
bel,sex_m,age_aggregate_y55_64,geo_cov_urb,2012,7.002
bel,sex_m,age_aggregate_y55_64,geo_cov_urb,2013,8.741
bel,sex_m,age_aggregate_y55_64,geo_cov_urb,2014,8.264
bel,sex_m,age_aggregate_y55_64,geo_cov_urb,2015,8.925
bel,sex_m,age_aggregate_y55_64,geo_cov_urb,2016,7.573
bel,sex_m,age_aggregate_y55_64,geo_cov_urb,2017,7.668
bel,sex_m,age_aggregate_y55_64,geo_cov_urb,2018,6.921
bel,sex_m,age_aggregate_y55_64,geo_cov_urb,2019,6.045
bel,sex_m,age_aggregate_y55_64,geo_cov_urb,2020,5.899
bel,sex_m,age_aggregate_y55_64,geo_cov_urb,2021,6.594
bel,sex_m,age_aggregate_y55_64,geo_cov_urb,2022,4.837
bel,sex_m,age_aggregate_y55_64,geo_cov_urb,2023,5.318
bel,sex_m,age_aggregate_y55_64,geo_cov_urb,2024,4.066
bel,sex_m,age_aggregate_yge65,geo_cov_nat,2007,1.773
bel,sex_m,age_aggregate_yge65,geo_cov_nat,2008,1.886
bel,sex_m,age_aggregate_yge65,geo_cov_nat,2012,2.148
bel,sex_m,age_aggregate_yge65,geo_cov_nat,2015,1.854
bel,sex_m,age_aggregate_yge65,geo_cov_nat,2016,2.178
bel,sex_m,age_aggregate_yge65,geo_cov_nat,2017,3.046
bel,sex_m,age_aggregate_yge65,geo_cov_nat,2021,5.694
bel,sex_m,age_aggregate_yge65,geo_cov_nat,2022,4.903
bel,sex_m,age_aggregate_yge65,geo_cov_nat,2023,11.742
bel,sex_m,age_aggregate_yge65,geo_cov_nat,2024,4.818
bel,sex_m,age_aggregate_yge65,geo_cov_urb,2007,1.92
bel,sex_m,age_aggregate_yge65,geo_cov_urb,2008,2.015
bel,sex_m,age_aggregate_yge65,geo_cov_urb,2012,2.778
bel,sex_m,age_aggregate_yge65,geo_cov_urb,2015,2.271
bel,sex_m,age_aggregate_yge65,geo_cov_urb,2016,2.705
bel,sex_m,age_aggregate_yge65,geo_cov_urb,2021,4.554
bel,sex_m,age_aggregate_yge65,geo_cov_urb,2022,5.078
bel,sex_m,age_aggregate_yge65,geo_cov_urb,2023,12.281
bel,sex_m,age_aggregate_yge65,geo_cov_urb,2024,5.151
bel,sex_m,age_ythadult_y15_24,geo_cov_nat,1998,21.507
bel,sex_m,age_ythadult_y15_24,geo_cov_nat,1999,26.899
bel,sex_m,age_ythadult_y15_24,geo_cov_nat,2000,15.697
bel,sex_m,age_ythadult_y15_24,geo_cov_nat,2001,16.39
bel,sex_m,age_ythadult_y15_24,geo_cov_nat,2002,18.342
bel,sex_m,age_ythadult_y15_24,geo_cov_nat,2003,23.068
bel,sex_m,age_ythadult_y15_24,geo_cov_nat,2004,18.828
bel,sex_m,age_ythadult_y15_24,geo_cov_nat,2005,24.278
bel,sex_m,age_ythadult_y15_24,geo_cov_nat,2006,21.155
bel,sex_m,age_ythadult_y15_24,geo_cov_nat,2007,19.839
bel,sex_m,age_ythadult_y15_24,geo_cov_nat,2008,19.577
bel,sex_m,age_ythadult_y15_24,geo_cov_nat,2009,23.867
bel,sex_m,age_ythadult_y15_24,geo_cov_nat,2010,25.579
bel,sex_m,age_ythadult_y15_24,geo_cov_nat,2011,24.475
bel,sex_m,age_ythadult_y15_24,geo_cov_nat,2012,25.718
bel,sex_m,age_ythadult_y15_24,geo_cov_nat,2013,30.076
bel,sex_m,age_ythadult_y15_24,geo_cov_nat,2014,28.982
bel,sex_m,age_ythadult_y15_24,geo_cov_nat,2015,27.791
bel,sex_m,age_ythadult_y15_24,geo_cov_nat,2016,26.565
bel,sex_m,age_ythadult_y15_24,geo_cov_nat,2017,25.417
bel,sex_m,age_ythadult_y15_24,geo_cov_nat,2018,20.572
bel,sex_m,age_ythadult_y15_24,geo_cov_nat,2019,19.809
bel,sex_m,age_ythadult_y15_24,geo_cov_nat,2020,20.631
bel,sex_m,age_ythadult_y15_24,geo_cov_nat,2021,24.42
bel,sex_m,age_ythadult_y15_24,geo_cov_nat,2022,23.086
bel,sex_m,age_ythadult_y15_24,geo_cov_nat,2023,22.648
bel,sex_m,age_ythadult_y15_24,geo_cov_nat,2024,24.848
bel,sex_m,age_ythadult_y15_24,geo_cov_rur,1998,21.632
bel,sex_m,age_ythadult_y15_24,geo_cov_rur,1999,23.936
bel,sex_m,age_ythadult_y15_24,geo_cov_rur,2000,12.109
bel,sex_m,age_ythadult_y15_24,geo_cov_rur,2001,15.783
bel,sex_m,age_ythadult_y15_24,geo_cov_rur,2002,12.14
bel,sex_m,age_ythadult_y15_24,geo_cov_rur,2003,14.135
bel,sex_m,age_ythadult_y15_24,geo_cov_rur,2004,20.503
bel,sex_m,age_ythadult_y15_24,geo_cov_rur,2005,26.611
bel,sex_m,age_ythadult_y15_24,geo_cov_rur,2006,23.07
bel,sex_m,age_ythadult_y15_24,geo_cov_rur,2007,18.092
bel,sex_m,age_ythadult_y15_24,geo_cov_rur,2008,18.666
bel,sex_m,age_ythadult_y15_24,geo_cov_rur,2009,22.125
bel,sex_m,age_ythadult_y15_24,geo_cov_rur,2010,23.427
bel,sex_m,age_ythadult_y15_24,geo_cov_rur,2011,21.468
bel,sex_m,age_ythadult_y15_24,geo_cov_rur,2012,22.941
bel,sex_m,age_ythadult_y15_24,geo_cov_rur,2013,24.074
bel,sex_m,age_ythadult_y15_24,geo_cov_rur,2014,26.138
bel,sex_m,age_ythadult_y15_24,geo_cov_rur,2015,21.075
bel,sex_m,age_ythadult_y15_24,geo_cov_rur,2016,21.784
bel,sex_m,age_ythadult_y15_24,geo_cov_rur,2017,24.685
bel,sex_m,age_ythadult_y15_24,geo_cov_rur,2018,17.28
bel,sex_m,age_ythadult_y15_24,geo_cov_rur,2019,18.919
bel,sex_m,age_ythadult_y15_24,geo_cov_rur,2020,16.867
bel,sex_m,age_ythadult_y15_24,geo_cov_rur,2021,24.569
bel,sex_m,age_ythadult_y15_24,geo_cov_rur,2022,14.076
bel,sex_m,age_ythadult_y15_24,geo_cov_rur,2023,26.367
bel,sex_m,age_ythadult_y15_24,geo_cov_rur,2024,15.437
bel,sex_m,age_ythadult_y15_24,geo_cov_urb,1998,21.501
bel,sex_m,age_ythadult_y15_24,geo_cov_urb,1999,27.029
bel,sex_m,age_ythadult_y15_24,geo_cov_urb,2000,15.864
bel,sex_m,age_ythadult_y15_24,geo_cov_urb,2001,16.425
bel,sex_m,age_ythadult_y15_24,geo_cov_urb,2002,18.646
bel,sex_m,age_ythadult_y15_24,geo_cov_urb,2003,23.623
bel,sex_m,age_ythadult_y15_24,geo_cov_urb,2004,18.694
bel,sex_m,age_ythadult_y15_24,geo_cov_urb,2005,24.132
bel,sex_m,age_ythadult_y15_24,geo_cov_urb,2006,21.05
bel,sex_m,age_ythadult_y15_24,geo_cov_urb,2007,19.953
bel,sex_m,age_ythadult_y15_24,geo_cov_urb,2008,19.633
bel,sex_m,age_ythadult_y15_24,geo_cov_urb,2009,23.973
bel,sex_m,age_ythadult_y15_24,geo_cov_urb,2010,25.735
bel,sex_m,age_ythadult_y15_24,geo_cov_urb,2011,24.675
bel,sex_m,age_ythadult_y15_24,geo_cov_urb,2012,26.32
bel,sex_m,age_ythadult_y15_24,geo_cov_urb,2013,31.379
bel,sex_m,age_ythadult_y15_24,geo_cov_urb,2014,29.579
bel,sex_m,age_ythadult_y15_24,geo_cov_urb,2015,29.066
bel,sex_m,age_ythadult_y15_24,geo_cov_urb,2016,27.574
bel,sex_m,age_ythadult_y15_24,geo_cov_urb,2017,25.548
bel,sex_m,age_ythadult_y15_24,geo_cov_urb,2018,20.952
bel,sex_m,age_ythadult_y15_24,geo_cov_urb,2019,19.938
bel,sex_m,age_ythadult_y15_24,geo_cov_urb,2020,21.472
bel,sex_m,age_ythadult_y15_24,geo_cov_urb,2021,24.391
bel,sex_m,age_ythadult_y15_24,geo_cov_urb,2022,24.698
bel,sex_m,age_ythadult_y15_24,geo_cov_urb,2023,22.131
bel,sex_m,age_ythadult_y15_24,geo_cov_urb,2024,26.516
bel,sex_m,age_ythadult_y15_64,geo_cov_nat,1998,8.932
bel,sex_m,age_ythadult_y15_64,geo_cov_nat,1999,8.807
bel,sex_m,age_ythadult_y15_64,geo_cov_nat,2000,6.409
bel,sex_m,age_ythadult_y15_64,geo_cov_nat,2001,6.952
bel,sex_m,age_ythadult_y15_64,geo_cov_nat,2002,7.356
bel,sex_m,age_ythadult_y15_64,geo_cov_nat,2003,8.807
bel,sex_m,age_ythadult_y15_64,geo_cov_nat,2004,7.895
bel,sex_m,age_ythadult_y15_64,geo_cov_nat,2005,8.894
bel,sex_m,age_ythadult_y15_64,geo_cov_nat,2006,8.516
bel,sex_m,age_ythadult_y15_64,geo_cov_nat,2007,7.822
bel,sex_m,age_ythadult_y15_64,geo_cov_nat,2008,7.367
bel,sex_m,age_ythadult_y15_64,geo_cov_nat,2009,8.838
bel,sex_m,age_ythadult_y15_64,geo_cov_nat,2010,9.277
bel,sex_m,age_ythadult_y15_64,geo_cov_nat,2011,9.404
bel,sex_m,age_ythadult_y15_64,geo_cov_nat,2012,9.861
bel,sex_m,age_ythadult_y15_64,geo_cov_nat,2013,10.935
bel,sex_m,age_ythadult_y15_64,geo_cov_nat,2014,11.037
bel,sex_m,age_ythadult_y15_64,geo_cov_nat,2015,10.938
bel,sex_m,age_ythadult_y15_64,geo_cov_nat,2016,9.951
bel,sex_m,age_ythadult_y15_64,geo_cov_nat,2017,8.838
bel,sex_m,age_ythadult_y15_64,geo_cov_nat,2018,8.127
bel,sex_m,age_ythadult_y15_64,geo_cov_nat,2019,7.468
bel,sex_m,age_ythadult_y15_64,geo_cov_nat,2020,7.824
bel,sex_m,age_ythadult_y15_64,geo_cov_nat,2021,8.421
bel,sex_m,age_ythadult_y15_64,geo_cov_nat,2022,7.257
bel,sex_m,age_ythadult_y15_64,geo_cov_nat,2023,7.422
bel,sex_m,age_ythadult_y15_64,geo_cov_nat,2024,7.677
bel,sex_m,age_ythadult_y15_64,geo_cov_rur,1998,7.643
bel,sex_m,age_ythadult_y15_64,geo_cov_rur,2002,4.69
bel,sex_m,age_ythadult_y15_64,geo_cov_rur,2003,5.438
bel,sex_m,age_ythadult_y15_64,geo_cov_rur,2004,6.524
bel,sex_m,age_ythadult_y15_64,geo_cov_rur,2005,7.579
bel,sex_m,age_ythadult_y15_64,geo_cov_rur,2006,8.315
bel,sex_m,age_ythadult_y15_64,geo_cov_rur,2007,6.907
bel,sex_m,age_ythadult_y15_64,geo_cov_rur,2008,6.991
bel,sex_m,age_ythadult_y15_64,geo_cov_rur,2009,7.729
bel,sex_m,age_ythadult_y15_64,geo_cov_rur,2010,8.36
bel,sex_m,age_ythadult_y15_64,geo_cov_rur,2011,7.301
bel,sex_m,age_ythadult_y15_64,geo_cov_rur,2012,6.72
bel,sex_m,age_ythadult_y15_64,geo_cov_rur,2013,7.453
bel,sex_m,age_ythadult_y15_64,geo_cov_rur,2014,8.607
bel,sex_m,age_ythadult_y15_64,geo_cov_rur,2015,7.192
bel,sex_m,age_ythadult_y15_64,geo_cov_rur,2016,7.38
bel,sex_m,age_ythadult_y15_64,geo_cov_rur,2017,6.889
bel,sex_m,age_ythadult_y15_64,geo_cov_rur,2018,5.366
bel,sex_m,age_ythadult_y15_64,geo_cov_rur,2019,5.236
bel,sex_m,age_ythadult_y15_64,geo_cov_rur,2020,5.553
bel,sex_m,age_ythadult_y15_64,geo_cov_rur,2021,6.892
bel,sex_m,age_ythadult_y15_64,geo_cov_rur,2022,4.484
bel,sex_m,age_ythadult_y15_64,geo_cov_rur,2023,5.46
bel,sex_m,age_ythadult_y15_64,geo_cov_rur,2024,5.162
bel,sex_m,age_ythadult_y15_64,geo_cov_urb,1998,8.998
bel,sex_m,age_ythadult_y15_64,geo_cov_urb,1999,8.983
bel,sex_m,age_ythadult_y15_64,geo_cov_urb,2000,6.446
bel,sex_m,age_ythadult_y15_64,geo_cov_urb,2001,7.025
bel,sex_m,age_ythadult_y15_64,geo_cov_urb,2002,7.485
bel,sex_m,age_ythadult_y15_64,geo_cov_urb,2003,8.992
bel,sex_m,age_ythadult_y15_64,geo_cov_urb,2004,7.979
bel,sex_m,age_ythadult_y15_64,geo_cov_urb,2005,8.963
bel,sex_m,age_ythadult_y15_64,geo_cov_urb,2006,8.525
bel,sex_m,age_ythadult_y15_64,geo_cov_urb,2007,7.869
bel,sex_m,age_ythadult_y15_64,geo_cov_urb,2008,7.387
bel,sex_m,age_ythadult_y15_64,geo_cov_urb,2009,8.896
bel,sex_m,age_ythadult_y15_64,geo_cov_urb,2010,9.325
bel,sex_m,age_ythadult_y15_64,geo_cov_urb,2011,9.52
bel,sex_m,age_ythadult_y15_64,geo_cov_urb,2012,10.499
bel,sex_m,age_ythadult_y15_64,geo_cov_urb,2013,11.638
bel,sex_m,age_ythadult_y15_64,geo_cov_urb,2014,11.515
bel,sex_m,age_ythadult_y15_64,geo_cov_urb,2015,11.644
bel,sex_m,age_ythadult_y15_64,geo_cov_urb,2016,10.452
bel,sex_m,age_ythadult_y15_64,geo_cov_urb,2017,9.205
bel,sex_m,age_ythadult_y15_64,geo_cov_urb,2018,8.536
bel,sex_m,age_ythadult_y15_64,geo_cov_urb,2019,7.825
bel,sex_m,age_ythadult_y15_64,geo_cov_urb,2020,8.194
bel,sex_m,age_ythadult_y15_64,geo_cov_urb,2021,8.666
bel,sex_m,age_ythadult_y15_64,geo_cov_urb,2022,7.683
bel,sex_m,age_ythadult_y15_64,geo_cov_urb,2023,7.708
bel,sex_m,age_ythadult_y15_64,geo_cov_urb,2024,8.084
bel,sex_m,age_ythadult_yge15,geo_cov_nat,1998,8.902
bel,sex_m,age_ythadult_yge15,geo_cov_nat,1999,8.736
bel,sex_m,age_ythadult_yge15,geo_cov_nat,2000,6.37
bel,sex_m,age_ythadult_yge15,geo_cov_nat,2001,6.908
bel,sex_m,age_ythadult_yge15,geo_cov_nat,2002,7.314
bel,sex_m,age_ythadult_yge15,geo_cov_nat,2003,8.746
bel,sex_m,age_ythadult_yge15,geo_cov_nat,2004,7.841
bel,sex_m,age_ythadult_yge15,geo_cov_nat,2005,8.817
bel,sex_m,age_ythadult_yge15,geo_cov_nat,2006,8.457
bel,sex_m,age_ythadult_yge15,geo_cov_nat,2007,7.77
bel,sex_m,age_ythadult_yge15,geo_cov_nat,2008,7.321
bel,sex_m,age_ythadult_yge15,geo_cov_nat,2009,8.765
bel,sex_m,age_ythadult_yge15,geo_cov_nat,2010,9.198
bel,sex_m,age_ythadult_yge15,geo_cov_nat,2011,9.321
bel,sex_m,age_ythadult_yge15,geo_cov_nat,2012,9.767
bel,sex_m,age_ythadult_yge15,geo_cov_nat,2013,10.822
bel,sex_m,age_ythadult_yge15,geo_cov_nat,2014,10.906
bel,sex_m,age_ythadult_yge15,geo_cov_nat,2015,10.814
bel,sex_m,age_ythadult_yge15,geo_cov_nat,2016,9.857
bel,sex_m,age_ythadult_yge15,geo_cov_nat,2017,8.763
bel,sex_m,age_ythadult_yge15,geo_cov_nat,2018,8.028
bel,sex_m,age_ythadult_yge15,geo_cov_nat,2019,7.414
bel,sex_m,age_ythadult_yge15,geo_cov_nat,2020,7.709
bel,sex_m,age_ythadult_yge15,geo_cov_nat,2021,8.381
bel,sex_m,age_ythadult_yge15,geo_cov_nat,2022,7.215
bel,sex_m,age_ythadult_yge15,geo_cov_nat,2023,7.505
bel,sex_m,age_ythadult_yge15,geo_cov_nat,2024,7.621
bel,sex_m,age_ythadult_yge15,geo_cov_rur,1998,7.61
bel,sex_m,age_ythadult_yge15,geo_cov_rur,1999,5.313
bel,sex_m,age_ythadult_yge15,geo_cov_rur,2000,5.539
bel,sex_m,age_ythadult_yge15,geo_cov_rur,2001,5.448
bel,sex_m,age_ythadult_yge15,geo_cov_rur,2002,4.627
bel,sex_m,age_ythadult_yge15,geo_cov_rur,2003,5.382
bel,sex_m,age_ythadult_yge15,geo_cov_rur,2004,6.45
bel,sex_m,age_ythadult_yge15,geo_cov_rur,2005,7.484
bel,sex_m,age_ythadult_yge15,geo_cov_rur,2006,8.224
bel,sex_m,age_ythadult_yge15,geo_cov_rur,2007,6.815
bel,sex_m,age_ythadult_yge15,geo_cov_rur,2008,6.917
bel,sex_m,age_ythadult_yge15,geo_cov_rur,2009,7.625
bel,sex_m,age_ythadult_yge15,geo_cov_rur,2010,8.287
bel,sex_m,age_ythadult_yge15,geo_cov_rur,2011,7.176
bel,sex_m,age_ythadult_yge15,geo_cov_rur,2012,6.61
bel,sex_m,age_ythadult_yge15,geo_cov_rur,2013,7.368
bel,sex_m,age_ythadult_yge15,geo_cov_rur,2014,8.478
bel,sex_m,age_ythadult_yge15,geo_cov_rur,2015,7.078
bel,sex_m,age_ythadult_yge15,geo_cov_rur,2016,7.273
bel,sex_m,age_ythadult_yge15,geo_cov_rur,2017,6.841
bel,sex_m,age_ythadult_yge15,geo_cov_rur,2018,5.276
bel,sex_m,age_ythadult_yge15,geo_cov_rur,2019,5.163
bel,sex_m,age_ythadult_yge15,geo_cov_rur,2020,5.455
bel,sex_m,age_ythadult_yge15,geo_cov_rur,2021,6.959
bel,sex_m,age_ythadult_yge15,geo_cov_rur,2022,4.47
bel,sex_m,age_ythadult_yge15,geo_cov_rur,2023,5.528
bel,sex_m,age_ythadult_yge15,geo_cov_rur,2024,5.115
bel,sex_m,age_ythadult_yge15,geo_cov_urb,1998,8.968
bel,sex_m,age_ythadult_yge15,geo_cov_urb,1999,8.915
bel,sex_m,age_ythadult_yge15,geo_cov_urb,2000,6.406
bel,sex_m,age_ythadult_yge15,geo_cov_urb,2001,6.981
bel,sex_m,age_ythadult_yge15,geo_cov_urb,2002,7.444
bel,sex_m,age_ythadult_yge15,geo_cov_urb,2003,8.931
bel,sex_m,age_ythadult_yge15,geo_cov_urb,2004,7.927
bel,sex_m,age_ythadult_yge15,geo_cov_urb,2005,8.888
bel,sex_m,age_ythadult_yge15,geo_cov_urb,2006,8.468
bel,sex_m,age_ythadult_yge15,geo_cov_urb,2007,7.82
bel,sex_m,age_ythadult_yge15,geo_cov_urb,2008,7.343
bel,sex_m,age_ythadult_yge15,geo_cov_urb,2009,8.826
bel,sex_m,age_ythadult_yge15,geo_cov_urb,2010,9.245
bel,sex_m,age_ythadult_yge15,geo_cov_urb,2011,9.441
bel,sex_m,age_ythadult_yge15,geo_cov_urb,2012,10.411
bel,sex_m,age_ythadult_yge15,geo_cov_urb,2013,11.519
bel,sex_m,age_ythadult_yge15,geo_cov_urb,2014,11.386
bel,sex_m,age_ythadult_yge15,geo_cov_urb,2015,11.52
bel,sex_m,age_ythadult_yge15,geo_cov_urb,2016,10.362
bel,sex_m,age_ythadult_yge15,geo_cov_urb,2017,9.126
bel,sex_m,age_ythadult_yge15,geo_cov_urb,2018,8.437
bel,sex_m,age_ythadult_yge15,geo_cov_urb,2019,7.774
bel,sex_m,age_ythadult_yge15,geo_cov_urb,2020,8.077
bel,sex_m,age_ythadult_yge15,geo_cov_urb,2021,8.611
bel,sex_m,age_ythadult_yge15,geo_cov_urb,2022,7.636
bel,sex_m,age_ythadult_yge15,geo_cov_urb,2023,7.793
bel,sex_m,age_ythadult_yge15,geo_cov_urb,2024,8.03
bel,sex_m,age_ythadult_yge25,geo_cov_nat,1998,7.574
bel,sex_m,age_ythadult_yge25,geo_cov_nat,1999,6.844
bel,sex_m,age_ythadult_yge25,geo_cov_nat,2000,5.339
bel,sex_m,age_ythadult_yge25,geo_cov_nat,2001,5.905
bel,sex_m,age_ythadult_yge25,geo_cov_nat,2002,6.136
bel,sex_m,age_ythadult_yge25,geo_cov_nat,2003,7.171
bel,sex_m,age_ythadult_yge25,geo_cov_nat,2004,6.712
bel,sex_m,age_ythadult_yge25,geo_cov_nat,2005,7.173
bel,sex_m,age_ythadult_yge25,geo_cov_nat,2006,7.122
bel,sex_m,age_ythadult_yge25,geo_cov_nat,2007,6.551
bel,sex_m,age_ythadult_yge25,geo_cov_nat,2008,6.088
bel,sex_m,age_ythadult_yge25,geo_cov_nat,2009,7.282
bel,sex_m,age_ythadult_yge25,geo_cov_nat,2010,7.573
bel,sex_m,age_ythadult_yge25,geo_cov_nat,2011,7.813
bel,sex_m,age_ythadult_yge25,geo_cov_nat,2012,8.151
bel,sex_m,age_ythadult_yge25,geo_cov_nat,2013,8.95
bel,sex_m,age_ythadult_yge25,geo_cov_nat,2014,9.237
bel,sex_m,age_ythadult_yge25,geo_cov_nat,2015,9.241
bel,sex_m,age_ythadult_yge25,geo_cov_nat,2016,8.416
bel,sex_m,age_ythadult_yge25,geo_cov_nat,2017,7.342
bel,sex_m,age_ythadult_yge25,geo_cov_nat,2018,6.948
bel,sex_m,age_ythadult_yge25,geo_cov_nat,2019,6.326
bel,sex_m,age_ythadult_yge25,geo_cov_nat,2020,6.632
bel,sex_m,age_ythadult_yge25,geo_cov_nat,2021,6.969
bel,sex_m,age_ythadult_yge25,geo_cov_nat,2022,5.796
bel,sex_m,age_ythadult_yge25,geo_cov_nat,2023,6.121
bel,sex_m,age_ythadult_yge25,geo_cov_nat,2024,5.967
bel,sex_m,age_ythadult_yge25,geo_cov_rur,1998,6.198
bel,sex_m,age_ythadult_yge25,geo_cov_rur,1999,3.701
bel,sex_m,age_ythadult_yge25,geo_cov_rur,2000,4.752
bel,sex_m,age_ythadult_yge25,geo_cov_rur,2001,4.163
bel,sex_m,age_ythadult_yge25,geo_cov_rur,2002,3.814
bel,sex_m,age_ythadult_yge25,geo_cov_rur,2003,4.292
bel,sex_m,age_ythadult_yge25,geo_cov_rur,2004,4.556
bel,sex_m,age_ythadult_yge25,geo_cov_rur,2005,5.057
bel,sex_m,age_ythadult_yge25,geo_cov_rur,2006,6.418
bel,sex_m,age_ythadult_yge25,geo_cov_rur,2007,5.361
bel,sex_m,age_ythadult_yge25,geo_cov_rur,2008,5.532
bel,sex_m,age_ythadult_yge25,geo_cov_rur,2009,5.983
bel,sex_m,age_ythadult_yge25,geo_cov_rur,2010,6.15
bel,sex_m,age_ythadult_yge25,geo_cov_rur,2011,5.469
bel,sex_m,age_ythadult_yge25,geo_cov_rur,2012,4.859
bel,sex_m,age_ythadult_yge25,geo_cov_rur,2013,5.633
bel,sex_m,age_ythadult_yge25,geo_cov_rur,2014,6.755
bel,sex_m,age_ythadult_yge25,geo_cov_rur,2015,5.775
bel,sex_m,age_ythadult_yge25,geo_cov_rur,2016,5.932
bel,sex_m,age_ythadult_yge25,geo_cov_rur,2017,5.393
bel,sex_m,age_ythadult_yge25,geo_cov_rur,2018,4.466
bel,sex_m,age_ythadult_yge25,geo_cov_rur,2019,4.064
bel,sex_m,age_ythadult_yge25,geo_cov_rur,2020,4.185
bel,sex_m,age_ythadult_yge25,geo_cov_rur,2021,5.119
bel,sex_m,age_ythadult_yge25,geo_cov_rur,2022,3.478
bel,sex_m,age_ythadult_yge25,geo_cov_rur,2023,3.711
bel,sex_m,age_ythadult_yge25,geo_cov_rur,2024,4.047
bel,sex_m,age_ythadult_yge25,geo_cov_urb,1998,7.645
bel,sex_m,age_ythadult_yge25,geo_cov_urb,1999,7.011
bel,sex_m,age_ythadult_yge25,geo_cov_urb,2000,5.364
bel,sex_m,age_ythadult_yge25,geo_cov_urb,2001,5.991
bel,sex_m,age_ythadult_yge25,geo_cov_urb,2002,6.248
bel,sex_m,age_ythadult_yge25,geo_cov_urb,2003,7.327
bel,sex_m,age_ythadult_yge25,geo_cov_urb,2004,6.841
bel,sex_m,age_ythadult_yge25,geo_cov_urb,2005,7.282
bel,sex_m,age_ythadult_yge25,geo_cov_urb,2006,7.155
bel,sex_m,age_ythadult_yge25,geo_cov_urb,2007,6.611
bel,sex_m,age_ythadult_yge25,geo_cov_urb,2008,6.117
bel,sex_m,age_ythadult_yge25,geo_cov_urb,2009,7.35
bel,sex_m,age_ythadult_yge25,geo_cov_urb,2010,7.644
bel,sex_m,age_ythadult_yge25,geo_cov_urb,2011,7.941
bel,sex_m,age_ythadult_yge25,geo_cov_urb,2012,8.818
bel,sex_m,age_ythadult_yge25,geo_cov_urb,2013,9.615
bel,sex_m,age_ythadult_yge25,geo_cov_urb,2014,9.724
bel,sex_m,age_ythadult_yge25,geo_cov_urb,2015,9.895
bel,sex_m,age_ythadult_yge25,geo_cov_urb,2016,8.899
bel,sex_m,age_ythadult_yge25,geo_cov_urb,2017,7.711
bel,sex_m,age_ythadult_yge25,geo_cov_urb,2018,7.325
bel,sex_m,age_ythadult_yge25,geo_cov_urb,2019,6.69
bel,sex_m,age_ythadult_yge25,geo_cov_urb,2020,7.02
bel,sex_m,age_ythadult_yge25,geo_cov_urb,2021,7.263
bel,sex_m,age_ythadult_yge25,geo_cov_urb,2022,6.146
bel,sex_m,age_ythadult_yge25,geo_cov_urb,2023,6.474
bel,sex_m,age_ythadult_yge25,geo_cov_urb,2024,6.279
bel,sex_t,age_aggregate_total,geo_cov_nat,1998,11.341
bel,sex_t,age_aggregate_total,geo_cov_nat,1999,10.401
bel,sex_t,age_aggregate_total,geo_cov_nat,2000,7.977
bel,sex_t,age_aggregate_total,geo_cov_nat,2001,8.076
bel,sex_t,age_aggregate_total,geo_cov_nat,2002,8.554
bel,sex_t,age_aggregate_total,geo_cov_nat,2003,9.581
bel,sex_t,age_aggregate_total,geo_cov_nat,2004,8.959
bel,sex_t,age_aggregate_total,geo_cov_nat,2005,9.998
bel,sex_t,age_aggregate_total,geo_cov_nat,2006,9.694
bel,sex_t,age_aggregate_total,geo_cov_nat,2007,8.932
bel,sex_t,age_aggregate_total,geo_cov_nat,2008,8.196
bel,sex_t,age_aggregate_total,geo_cov_nat,2009,9.227
bel,sex_t,age_aggregate_total,geo_cov_nat,2010,9.673
bel,sex_t,age_aggregate_total,geo_cov_nat,2011,9.718
bel,sex_t,age_aggregate_total,geo_cov_nat,2012,9.936
bel,sex_t,age_aggregate_total,geo_cov_nat,2013,10.884
bel,sex_t,age_aggregate_total,geo_cov_nat,2014,10.755
bel,sex_t,age_aggregate_total,geo_cov_nat,2015,10.446
bel,sex_t,age_aggregate_total,geo_cov_nat,2016,9.712
bel,sex_t,age_aggregate_total,geo_cov_nat,2017,8.835
bel,sex_t,age_aggregate_total,geo_cov_nat,2018,7.733
bel,sex_t,age_aggregate_total,geo_cov_nat,2019,7.196
bel,sex_t,age_aggregate_total,geo_cov_nat,2020,7.757
bel,sex_t,age_aggregate_total,geo_cov_nat,2021,8.124
bel,sex_t,age_aggregate_total,geo_cov_nat,2022,7.064
bel,sex_t,age_aggregate_total,geo_cov_nat,2023,7.274
bel,sex_t,age_aggregate_total,geo_cov_nat,2024,7.373
bel,sex_t,age_aggregate_total,geo_cov_rur,1998,10.281
bel,sex_t,age_aggregate_total,geo_cov_rur,1999,8.407
bel,sex_t,age_aggregate_total,geo_cov_rur,2000,8.081
bel,sex_t,age_aggregate_total,geo_cov_rur,2001,6.364
bel,sex_t,age_aggregate_total,geo_cov_rur,2002,6.924
bel,sex_t,age_aggregate_total,geo_cov_rur,2003,7.169
bel,sex_t,age_aggregate_total,geo_cov_rur,2004,7.95
bel,sex_t,age_aggregate_total,geo_cov_rur,2005,9.572
bel,sex_t,age_aggregate_total,geo_cov_rur,2006,9.42
bel,sex_t,age_aggregate_total,geo_cov_rur,2007,8.625
bel,sex_t,age_aggregate_total,geo_cov_rur,2008,8.186
bel,sex_t,age_aggregate_total,geo_cov_rur,2009,8.909
bel,sex_t,age_aggregate_total,geo_cov_rur,2010,9.327
bel,sex_t,age_aggregate_total,geo_cov_rur,2011,8.008
bel,sex_t,age_aggregate_total,geo_cov_rur,2012,7.369
bel,sex_t,age_aggregate_total,geo_cov_rur,2013,8.123
bel,sex_t,age_aggregate_total,geo_cov_rur,2014,8.291
bel,sex_t,age_aggregate_total,geo_cov_rur,2015,7.517
bel,sex_t,age_aggregate_total,geo_cov_rur,2016,7.45
bel,sex_t,age_aggregate_total,geo_cov_rur,2017,6.625
bel,sex_t,age_aggregate_total,geo_cov_rur,2018,5.547
bel,sex_t,age_aggregate_total,geo_cov_rur,2019,5.277
bel,sex_t,age_aggregate_total,geo_cov_rur,2020,5.587
bel,sex_t,age_aggregate_total,geo_cov_rur,2021,6.279
bel,sex_t,age_aggregate_total,geo_cov_rur,2022,4.867
bel,sex_t,age_aggregate_total,geo_cov_rur,2023,5.739
bel,sex_t,age_aggregate_total,geo_cov_rur,2024,5.135
bel,sex_t,age_aggregate_total,geo_cov_urb,1998,11.393
bel,sex_t,age_aggregate_total,geo_cov_urb,1999,10.506
bel,sex_t,age_aggregate_total,geo_cov_urb,2000,7.973
bel,sex_t,age_aggregate_total,geo_cov_urb,2001,8.162
bel,sex_t,age_aggregate_total,geo_cov_urb,2002,8.629
bel,sex_t,age_aggregate_total,geo_cov_urb,2003,9.708
bel,sex_t,age_aggregate_total,geo_cov_urb,2004,9.019
bel,sex_t,age_aggregate_total,geo_cov_urb,2005,10.019
bel,sex_t,age_aggregate_total,geo_cov_urb,2006,9.707
bel,sex_t,age_aggregate_total,geo_cov_urb,2007,8.948
bel,sex_t,age_aggregate_total,geo_cov_urb,2008,8.196
bel,sex_t,age_aggregate_total,geo_cov_urb,2009,9.244
bel,sex_t,age_aggregate_total,geo_cov_urb,2010,9.691
bel,sex_t,age_aggregate_total,geo_cov_urb,2011,9.813
bel,sex_t,age_aggregate_total,geo_cov_urb,2012,10.457
bel,sex_t,age_aggregate_total,geo_cov_urb,2013,11.437
bel,sex_t,age_aggregate_total,geo_cov_urb,2014,11.244
bel,sex_t,age_aggregate_total,geo_cov_urb,2015,10.992
bel,sex_t,age_aggregate_total,geo_cov_urb,2016,10.159
bel,sex_t,age_aggregate_total,geo_cov_urb,2017,9.249
bel,sex_t,age_aggregate_total,geo_cov_urb,2018,8.059
bel,sex_t,age_aggregate_total,geo_cov_urb,2019,7.51
bel,sex_t,age_aggregate_total,geo_cov_urb,2020,8.114
bel,sex_t,age_aggregate_total,geo_cov_urb,2021,8.428
bel,sex_t,age_aggregate_total,geo_cov_urb,2022,7.399
bel,sex_t,age_aggregate_total,geo_cov_urb,2023,7.505
bel,sex_t,age_aggregate_total,geo_cov_urb,2024,7.738
bel,sex_t,age_aggregate_y15_24,geo_cov_nat,1998,24.595
bel,sex_t,age_aggregate_y15_24,geo_cov_nat,1999,27.446
bel,sex_t,age_aggregate_y15_24,geo_cov_nat,2000,18.235
bel,sex_t,age_aggregate_y15_24,geo_cov_nat,2001,18.204
bel,sex_t,age_aggregate_y15_24,geo_cov_nat,2002,18.798
bel,sex_t,age_aggregate_y15_24,geo_cov_nat,2003,23.149
bel,sex_t,age_aggregate_y15_24,geo_cov_nat,2004,20.897
bel,sex_t,age_aggregate_y15_24,geo_cov_nat,2005,24.77
bel,sex_t,age_aggregate_y15_24,geo_cov_nat,2006,23.537
bel,sex_t,age_aggregate_y15_24,geo_cov_nat,2007,21.892
bel,sex_t,age_aggregate_y15_24,geo_cov_nat,2008,21.164
bel,sex_t,age_aggregate_y15_24,geo_cov_nat,2009,24.6
bel,sex_t,age_aggregate_y15_24,geo_cov_nat,2010,25.827
bel,sex_t,age_aggregate_y15_24,geo_cov_nat,2011,24.885
bel,sex_t,age_aggregate_y15_24,geo_cov_nat,2012,25.499
bel,sex_t,age_aggregate_y15_24,geo_cov_nat,2013,29.222
bel,sex_t,age_aggregate_y15_24,geo_cov_nat,2014,28.245
bel,sex_t,age_aggregate_y15_24,geo_cov_nat,2015,26.397
bel,sex_t,age_aggregate_y15_24,geo_cov_nat,2016,24.962
bel,sex_t,age_aggregate_y15_24,geo_cov_nat,2017,24.133
bel,sex_t,age_aggregate_y15_24,geo_cov_nat,2018,20.352
bel,sex_t,age_aggregate_y15_24,geo_cov_nat,2019,18.718
bel,sex_t,age_aggregate_y15_24,geo_cov_nat,2020,21.224
bel,sex_t,age_aggregate_y15_24,geo_cov_nat,2021,22.925
bel,sex_t,age_aggregate_y15_24,geo_cov_nat,2022,21.019
bel,sex_t,age_aggregate_y15_24,geo_cov_nat,2023,20.738
bel,sex_t,age_aggregate_y15_24,geo_cov_nat,2024,22.906
bel,sex_t,age_aggregate_y15_24,geo_cov_rur,1998,29.784
bel,sex_t,age_aggregate_y15_24,geo_cov_rur,1999,28.115
bel,sex_t,age_aggregate_y15_24,geo_cov_rur,2000,15.438
bel,sex_t,age_aggregate_y15_24,geo_cov_rur,2001,19.713
bel,sex_t,age_aggregate_y15_24,geo_cov_rur,2002,16.143
bel,sex_t,age_aggregate_y15_24,geo_cov_rur,2003,18.662
bel,sex_t,age_aggregate_y15_24,geo_cov_rur,2004,21.068
bel,sex_t,age_aggregate_y15_24,geo_cov_rur,2005,30.409
bel,sex_t,age_aggregate_y15_24,geo_cov_rur,2006,24.517
bel,sex_t,age_aggregate_y15_24,geo_cov_rur,2007,19.697
bel,sex_t,age_aggregate_y15_24,geo_cov_rur,2008,25.384
bel,sex_t,age_aggregate_y15_24,geo_cov_rur,2009,25.581
bel,sex_t,age_aggregate_y15_24,geo_cov_rur,2010,24.03
bel,sex_t,age_aggregate_y15_24,geo_cov_rur,2011,23.953
bel,sex_t,age_aggregate_y15_24,geo_cov_rur,2012,24.014
bel,sex_t,age_aggregate_y15_24,geo_cov_rur,2013,25.767
bel,sex_t,age_aggregate_y15_24,geo_cov_rur,2014,24.627
bel,sex_t,age_aggregate_y15_24,geo_cov_rur,2015,21.119
bel,sex_t,age_aggregate_y15_24,geo_cov_rur,2016,21.834
bel,sex_t,age_aggregate_y15_24,geo_cov_rur,2017,23.766
bel,sex_t,age_aggregate_y15_24,geo_cov_rur,2018,16.211
bel,sex_t,age_aggregate_y15_24,geo_cov_rur,2019,16.049
bel,sex_t,age_aggregate_y15_24,geo_cov_rur,2020,20.715
bel,sex_t,age_aggregate_y15_24,geo_cov_rur,2021,22.192
bel,sex_t,age_aggregate_y15_24,geo_cov_rur,2022,13.093
bel,sex_t,age_aggregate_y15_24,geo_cov_rur,2023,21.767
bel,sex_t,age_aggregate_y15_24,geo_cov_rur,2024,20.38
bel,sex_t,age_aggregate_y15_24,geo_cov_urb,1998,24.353
bel,sex_t,age_aggregate_y15_24,geo_cov_urb,1999,27.416
bel,sex_t,age_aggregate_y15_24,geo_cov_urb,2000,18.357
bel,sex_t,age_aggregate_y15_24,geo_cov_urb,2001,18.119
bel,sex_t,age_aggregate_y15_24,geo_cov_urb,2002,18.902
bel,sex_t,age_aggregate_y15_24,geo_cov_urb,2003,23.391
bel,sex_t,age_aggregate_y15_24,geo_cov_urb,2004,20.885
bel,sex_t,age_aggregate_y15_24,geo_cov_urb,2005,24.433
bel,sex_t,age_aggregate_y15_24,geo_cov_urb,2006,23.486
bel,sex_t,age_aggregate_y15_24,geo_cov_urb,2007,22.021
bel,sex_t,age_aggregate_y15_24,geo_cov_urb,2008,20.905
bel,sex_t,age_aggregate_y15_24,geo_cov_urb,2009,24.541
bel,sex_t,age_aggregate_y15_24,geo_cov_urb,2010,25.944
bel,sex_t,age_aggregate_y15_24,geo_cov_urb,2011,24.945
bel,sex_t,age_aggregate_y15_24,geo_cov_urb,2012,25.82
bel,sex_t,age_aggregate_y15_24,geo_cov_urb,2013,29.937
bel,sex_t,age_aggregate_y15_24,geo_cov_urb,2014,28.993
bel,sex_t,age_aggregate_y15_24,geo_cov_urb,2015,27.406
bel,sex_t,age_aggregate_y15_24,geo_cov_urb,2016,25.632
bel,sex_t,age_aggregate_y15_24,geo_cov_urb,2017,24.199
bel,sex_t,age_aggregate_y15_24,geo_cov_urb,2018,20.88
bel,sex_t,age_aggregate_y15_24,geo_cov_urb,2019,19.118
bel,sex_t,age_aggregate_y15_24,geo_cov_urb,2020,21.324
bel,sex_t,age_aggregate_y15_24,geo_cov_urb,2021,23.064
bel,sex_t,age_aggregate_y15_24,geo_cov_urb,2022,22.322
bel,sex_t,age_aggregate_y15_24,geo_cov_urb,2023,20.588
bel,sex_t,age_aggregate_y15_24,geo_cov_urb,2024,23.329
bel,sex_t,age_aggregate_y25_54,geo_cov_nat,1998,9.967
bel,sex_t,age_aggregate_y25_54,geo_cov_nat,1999,8.586
bel,sex_t,age_aggregate_y25_54,geo_cov_nat,2000,6.903
bel,sex_t,age_aggregate_y25_54,geo_cov_nat,2001,6.963
bel,sex_t,age_aggregate_y25_54,geo_cov_nat,2002,7.573
bel,sex_t,age_aggregate_y25_54,geo_cov_nat,2003,8.514
bel,sex_t,age_aggregate_y25_54,geo_cov_nat,2004,7.89
bel,sex_t,age_aggregate_y25_54,geo_cov_nat,2005,8.676
bel,sex_t,age_aggregate_y25_54,geo_cov_nat,2006,8.408
bel,sex_t,age_aggregate_y25_54,geo_cov_nat,2007,7.802
bel,sex_t,age_aggregate_y25_54,geo_cov_nat,2008,6.989
bel,sex_t,age_aggregate_y25_54,geo_cov_nat,2009,7.858
bel,sex_t,age_aggregate_y25_54,geo_cov_nat,2010,8.365
bel,sex_t,age_aggregate_y25_54,geo_cov_nat,2011,8.414
bel,sex_t,age_aggregate_y25_54,geo_cov_nat,2012,8.657
bel,sex_t,age_aggregate_y25_54,geo_cov_nat,2013,9.277
bel,sex_t,age_aggregate_y25_54,geo_cov_nat,2014,9.47
bel,sex_t,age_aggregate_y25_54,geo_cov_nat,2015,9.306
bel,sex_t,age_aggregate_y25_54,geo_cov_nat,2016,8.661
bel,sex_t,age_aggregate_y25_54,geo_cov_nat,2017,7.658
bel,sex_t,age_aggregate_y25_54,geo_cov_nat,2018,6.834
bel,sex_t,age_aggregate_y25_54,geo_cov_nat,2019,6.369
bel,sex_t,age_aggregate_y25_54,geo_cov_nat,2020,6.927
bel,sex_t,age_aggregate_y25_54,geo_cov_nat,2021,6.916
bel,sex_t,age_aggregate_y25_54,geo_cov_nat,2022,6.15
bel,sex_t,age_aggregate_y25_54,geo_cov_nat,2023,6.278
bel,sex_t,age_aggregate_y25_54,geo_cov_nat,2024,6.287
bel,sex_t,age_aggregate_y25_54,geo_cov_rur,1998,8.418
bel,sex_t,age_aggregate_y25_54,geo_cov_rur,1999,7.17
bel,sex_t,age_aggregate_y25_54,geo_cov_rur,2000,7.688
bel,sex_t,age_aggregate_y25_54,geo_cov_rur,2001,5.098
bel,sex_t,age_aggregate_y25_54,geo_cov_rur,2002,6.319
bel,sex_t,age_aggregate_y25_54,geo_cov_rur,2003,6.333
bel,sex_t,age_aggregate_y25_54,geo_cov_rur,2004,6.697
bel,sex_t,age_aggregate_y25_54,geo_cov_rur,2005,7.306
bel,sex_t,age_aggregate_y25_54,geo_cov_rur,2006,7.86
bel,sex_t,age_aggregate_y25_54,geo_cov_rur,2007,7.845
bel,sex_t,age_aggregate_y25_54,geo_cov_rur,2008,6.336
bel,sex_t,age_aggregate_y25_54,geo_cov_rur,2009,7.268
bel,sex_t,age_aggregate_y25_54,geo_cov_rur,2010,7.832
bel,sex_t,age_aggregate_y25_54,geo_cov_rur,2011,6.273
bel,sex_t,age_aggregate_y25_54,geo_cov_rur,2012,5.778
bel,sex_t,age_aggregate_y25_54,geo_cov_rur,2013,6.196
bel,sex_t,age_aggregate_y25_54,geo_cov_rur,2014,7.034
bel,sex_t,age_aggregate_y25_54,geo_cov_rur,2015,6.405
bel,sex_t,age_aggregate_y25_54,geo_cov_rur,2016,6.165
bel,sex_t,age_aggregate_y25_54,geo_cov_rur,2017,5.443
bel,sex_t,age_aggregate_y25_54,geo_cov_rur,2018,4.886
bel,sex_t,age_aggregate_y25_54,geo_cov_rur,2019,4.585
bel,sex_t,age_aggregate_y25_54,geo_cov_rur,2020,4.124
bel,sex_t,age_aggregate_y25_54,geo_cov_rur,2021,4.158
bel,sex_t,age_aggregate_y25_54,geo_cov_rur,2022,4.165
bel,sex_t,age_aggregate_y25_54,geo_cov_rur,2023,4.404
bel,sex_t,age_aggregate_y25_54,geo_cov_rur,2024,3.578
bel,sex_t,age_aggregate_y25_54,geo_cov_urb,1998,10.042
bel,sex_t,age_aggregate_y25_54,geo_cov_urb,1999,8.66
bel,sex_t,age_aggregate_y25_54,geo_cov_urb,2000,6.871
bel,sex_t,age_aggregate_y25_54,geo_cov_urb,2001,7.054
bel,sex_t,age_aggregate_y25_54,geo_cov_urb,2002,7.633
bel,sex_t,age_aggregate_y25_54,geo_cov_urb,2003,8.627
bel,sex_t,age_aggregate_y25_54,geo_cov_urb,2004,7.958
bel,sex_t,age_aggregate_y25_54,geo_cov_urb,2005,8.744
bel,sex_t,age_aggregate_y25_54,geo_cov_urb,2006,8.433
bel,sex_t,age_aggregate_y25_54,geo_cov_urb,2007,7.8
bel,sex_t,age_aggregate_y25_54,geo_cov_urb,2008,7.023
bel,sex_t,age_aggregate_y25_54,geo_cov_urb,2009,7.888
bel,sex_t,age_aggregate_y25_54,geo_cov_urb,2010,8.391
bel,sex_t,age_aggregate_y25_54,geo_cov_urb,2011,8.528
bel,sex_t,age_aggregate_y25_54,geo_cov_urb,2012,9.239
bel,sex_t,age_aggregate_y25_54,geo_cov_urb,2013,9.89
bel,sex_t,age_aggregate_y25_54,geo_cov_urb,2014,9.94
bel,sex_t,age_aggregate_y25_54,geo_cov_urb,2015,9.841
bel,sex_t,age_aggregate_y25_54,geo_cov_urb,2016,9.147
bel,sex_t,age_aggregate_y25_54,geo_cov_urb,2017,8.074
bel,sex_t,age_aggregate_y25_54,geo_cov_urb,2018,7.125
bel,sex_t,age_aggregate_y25_54,geo_cov_urb,2019,6.657
bel,sex_t,age_aggregate_y25_54,geo_cov_urb,2020,7.374
bel,sex_t,age_aggregate_y25_54,geo_cov_urb,2021,7.357
bel,sex_t,age_aggregate_y25_54,geo_cov_urb,2022,6.436
bel,sex_t,age_aggregate_y25_54,geo_cov_urb,2023,6.552
bel,sex_t,age_aggregate_y25_54,geo_cov_urb,2024,6.715
bel,sex_t,age_aggregate_y55_64,geo_cov_nat,1998,9.01
bel,sex_t,age_aggregate_y55_64,geo_cov_nat,1999,8.843
bel,sex_t,age_aggregate_y55_64,geo_cov_nat,2000,6.089
bel,sex_t,age_aggregate_y55_64,geo_cov_nat,2001,7.597
bel,sex_t,age_aggregate_y55_64,geo_cov_nat,2002,6.194
bel,sex_t,age_aggregate_y55_64,geo_cov_nat,2003,3.944
bel,sex_t,age_aggregate_y55_64,geo_cov_nat,2004,5.8
bel,sex_t,age_aggregate_y55_64,geo_cov_nat,2005,6.278
bel,sex_t,age_aggregate_y55_64,geo_cov_nat,2006,6.802
bel,sex_t,age_aggregate_y55_64,geo_cov_nat,2007,6.178
bel,sex_t,age_aggregate_y55_64,geo_cov_nat,2008,6.201
bel,sex_t,age_aggregate_y55_64,geo_cov_nat,2009,6.932
bel,sex_t,age_aggregate_y55_64,geo_cov_nat,2010,6.435
bel,sex_t,age_aggregate_y55_64,geo_cov_nat,2011,7.096
bel,sex_t,age_aggregate_y55_64,geo_cov_nat,2012,7.196
bel,sex_t,age_aggregate_y55_64,geo_cov_nat,2013,8.705
bel,sex_t,age_aggregate_y55_64,geo_cov_nat,2014,7.851
bel,sex_t,age_aggregate_y55_64,geo_cov_nat,2015,7.943
bel,sex_t,age_aggregate_y55_64,geo_cov_nat,2016,7.48
bel,sex_t,age_aggregate_y55_64,geo_cov_nat,2017,7.532
bel,sex_t,age_aggregate_y55_64,geo_cov_nat,2018,6.208
bel,sex_t,age_aggregate_y55_64,geo_cov_nat,2019,5.469
bel,sex_t,age_aggregate_y55_64,geo_cov_nat,2020,5.821
bel,sex_t,age_aggregate_y55_64,geo_cov_nat,2021,6.53
bel,sex_t,age_aggregate_y55_64,geo_cov_nat,2022,4.478
bel,sex_t,age_aggregate_y55_64,geo_cov_nat,2023,4.752
bel,sex_t,age_aggregate_y55_64,geo_cov_nat,2024,4.325
bel,sex_t,age_aggregate_y55_64,geo_cov_rur,1998,6.1
bel,sex_t,age_aggregate_y55_64,geo_cov_rur,2004,3.762
bel,sex_t,age_aggregate_y55_64,geo_cov_rur,2005,4.159
bel,sex_t,age_aggregate_y55_64,geo_cov_rur,2006,5.962
bel,sex_t,age_aggregate_y55_64,geo_cov_rur,2007,3.026
bel,sex_t,age_aggregate_y55_64,geo_cov_rur,2008,4.853
bel,sex_t,age_aggregate_y55_64,geo_cov_rur,2009,5.609
bel,sex_t,age_aggregate_y55_64,geo_cov_rur,2010,5.243
bel,sex_t,age_aggregate_y55_64,geo_cov_rur,2011,6.093
bel,sex_t,age_aggregate_y55_64,geo_cov_rur,2012,5.242
bel,sex_t,age_aggregate_y55_64,geo_cov_rur,2013,8.067
bel,sex_t,age_aggregate_y55_64,geo_cov_rur,2014,5.714
bel,sex_t,age_aggregate_y55_64,geo_cov_rur,2015,5.998
bel,sex_t,age_aggregate_y55_64,geo_cov_rur,2016,6.519
bel,sex_t,age_aggregate_y55_64,geo_cov_rur,2017,4.506
bel,sex_t,age_aggregate_y55_64,geo_cov_rur,2018,4.357
bel,sex_t,age_aggregate_y55_64,geo_cov_rur,2019,3.922
bel,sex_t,age_aggregate_y55_64,geo_cov_rur,2020,4.413
bel,sex_t,age_aggregate_y55_64,geo_cov_rur,2021,6.697
bel,sex_t,age_aggregate_y55_64,geo_cov_rur,2022,3.95
bel,sex_t,age_aggregate_y55_64,geo_cov_rur,2023,3.77
bel,sex_t,age_aggregate_y55_64,geo_cov_rur,2024,4.112
bel,sex_t,age_aggregate_y55_64,geo_cov_urb,1998,9.174
bel,sex_t,age_aggregate_y55_64,geo_cov_urb,1999,9.297
bel,sex_t,age_aggregate_y55_64,geo_cov_urb,2000,6.3
bel,sex_t,age_aggregate_y55_64,geo_cov_urb,2001,7.963
bel,sex_t,age_aggregate_y55_64,geo_cov_urb,2002,6.293
bel,sex_t,age_aggregate_y55_64,geo_cov_urb,2003,4.057
bel,sex_t,age_aggregate_y55_64,geo_cov_urb,2004,5.936
bel,sex_t,age_aggregate_y55_64,geo_cov_urb,2005,6.391
bel,sex_t,age_aggregate_y55_64,geo_cov_urb,2006,6.842
bel,sex_t,age_aggregate_y55_64,geo_cov_urb,2007,6.324
bel,sex_t,age_aggregate_y55_64,geo_cov_urb,2008,6.27
bel,sex_t,age_aggregate_y55_64,geo_cov_urb,2009,7.004
bel,sex_t,age_aggregate_y55_64,geo_cov_urb,2010,6.496
bel,sex_t,age_aggregate_y55_64,geo_cov_urb,2011,7.154
bel,sex_t,age_aggregate_y55_64,geo_cov_urb,2012,7.579
bel,sex_t,age_aggregate_y55_64,geo_cov_urb,2013,8.835
bel,sex_t,age_aggregate_y55_64,geo_cov_urb,2014,8.317
bel,sex_t,age_aggregate_y55_64,geo_cov_urb,2015,8.32
bel,sex_t,age_aggregate_y55_64,geo_cov_urb,2016,7.674
bel,sex_t,age_aggregate_y55_64,geo_cov_urb,2017,8.106
bel,sex_t,age_aggregate_y55_64,geo_cov_urb,2018,6.497
bel,sex_t,age_aggregate_y55_64,geo_cov_urb,2019,5.749
bel,sex_t,age_aggregate_y55_64,geo_cov_urb,2020,6.059
bel,sex_t,age_aggregate_y55_64,geo_cov_urb,2021,6.502
bel,sex_t,age_aggregate_y55_64,geo_cov_urb,2022,4.575
bel,sex_t,age_aggregate_y55_64,geo_cov_urb,2023,4.922
bel,sex_t,age_aggregate_y55_64,geo_cov_urb,2024,4.363
bel,sex_t,age_aggregate_yge65,geo_cov_nat,1998,3.546
bel,sex_t,age_aggregate_yge65,geo_cov_nat,2005,1.209
bel,sex_t,age_aggregate_yge65,geo_cov_nat,2006,1.647
bel,sex_t,age_aggregate_yge65,geo_cov_nat,2007,1.753
bel,sex_t,age_aggregate_yge65,geo_cov_nat,2008,1.514
bel,sex_t,age_aggregate_yge65,geo_cov_nat,2010,1.16
bel,sex_t,age_aggregate_yge65,geo_cov_nat,2011,1.413
bel,sex_t,age_aggregate_yge65,geo_cov_nat,2012,2.169
bel,sex_t,age_aggregate_yge65,geo_cov_nat,2013,2.908
bel,sex_t,age_aggregate_yge65,geo_cov_nat,2015,1.416
bel,sex_t,age_aggregate_yge65,geo_cov_nat,2016,2.732
bel,sex_t,age_aggregate_yge65,geo_cov_nat,2017,2.155
bel,sex_t,age_aggregate_yge65,geo_cov_nat,2019,3.818
bel,sex_t,age_aggregate_yge65,geo_cov_nat,2021,7.007
bel,sex_t,age_aggregate_yge65,geo_cov_nat,2022,5.46
bel,sex_t,age_aggregate_yge65,geo_cov_nat,2023,10.041
bel,sex_t,age_aggregate_yge65,geo_cov_nat,2024,6.797
bel,sex_t,age_aggregate_yge65,geo_cov_urb,1998,3.385
bel,sex_t,age_aggregate_yge65,geo_cov_urb,2005,1.318
bel,sex_t,age_aggregate_yge65,geo_cov_urb,2006,1.753
bel,sex_t,age_aggregate_yge65,geo_cov_urb,2007,1.909
bel,sex_t,age_aggregate_yge65,geo_cov_urb,2008,1.628
bel,sex_t,age_aggregate_yge65,geo_cov_urb,2010,1.24
bel,sex_t,age_aggregate_yge65,geo_cov_urb,2012,2.753
bel,sex_t,age_aggregate_yge65,geo_cov_urb,2013,3.539
bel,sex_t,age_aggregate_yge65,geo_cov_urb,2015,1.574
bel,sex_t,age_aggregate_yge65,geo_cov_urb,2016,3.427
bel,sex_t,age_aggregate_yge65,geo_cov_urb,2017,1.986
bel,sex_t,age_aggregate_yge65,geo_cov_urb,2019,4.418
bel,sex_t,age_aggregate_yge65,geo_cov_urb,2021,6.817
bel,sex_t,age_aggregate_yge65,geo_cov_urb,2022,5.999
bel,sex_t,age_aggregate_yge65,geo_cov_urb,2023,10.424
bel,sex_t,age_aggregate_yge65,geo_cov_urb,2024,7.702
bel,sex_t,age_ythadult_y15_24,geo_cov_nat,1998,24.595
bel,sex_t,age_ythadult_y15_24,geo_cov_nat,1999,27.446
bel,sex_t,age_ythadult_y15_24,geo_cov_nat,2000,18.235
bel,sex_t,age_ythadult_y15_24,geo_cov_nat,2001,18.204
bel,sex_t,age_ythadult_y15_24,geo_cov_nat,2002,18.798
bel,sex_t,age_ythadult_y15_24,geo_cov_nat,2003,23.149
bel,sex_t,age_ythadult_y15_24,geo_cov_nat,2004,20.897
bel,sex_t,age_ythadult_y15_24,geo_cov_nat,2005,24.77
bel,sex_t,age_ythadult_y15_24,geo_cov_nat,2006,23.537
bel,sex_t,age_ythadult_y15_24,geo_cov_nat,2007,21.892
bel,sex_t,age_ythadult_y15_24,geo_cov_nat,2008,21.164
bel,sex_t,age_ythadult_y15_24,geo_cov_nat,2009,24.6
bel,sex_t,age_ythadult_y15_24,geo_cov_nat,2010,25.827
bel,sex_t,age_ythadult_y15_24,geo_cov_nat,2011,24.885
bel,sex_t,age_ythadult_y15_24,geo_cov_nat,2012,25.499
bel,sex_t,age_ythadult_y15_24,geo_cov_nat,2013,29.222
bel,sex_t,age_ythadult_y15_24,geo_cov_nat,2014,28.245
bel,sex_t,age_ythadult_y15_24,geo_cov_nat,2015,26.397
bel,sex_t,age_ythadult_y15_24,geo_cov_nat,2016,24.962
bel,sex_t,age_ythadult_y15_24,geo_cov_nat,2017,24.133
bel,sex_t,age_ythadult_y15_24,geo_cov_nat,2018,20.352
bel,sex_t,age_ythadult_y15_24,geo_cov_nat,2019,18.718
bel,sex_t,age_ythadult_y15_24,geo_cov_nat,2020,21.224
bel,sex_t,age_ythadult_y15_24,geo_cov_nat,2021,22.925
bel,sex_t,age_ythadult_y15_24,geo_cov_nat,2022,21.019
bel,sex_t,age_ythadult_y15_24,geo_cov_nat,2023,20.738
bel,sex_t,age_ythadult_y15_24,geo_cov_nat,2024,22.906
bel,sex_t,age_ythadult_y15_24,geo_cov_rur,1998,29.784
bel,sex_t,age_ythadult_y15_24,geo_cov_rur,1999,28.115
bel,sex_t,age_ythadult_y15_24,geo_cov_rur,2000,15.438
bel,sex_t,age_ythadult_y15_24,geo_cov_rur,2001,19.713
bel,sex_t,age_ythadult_y15_24,geo_cov_rur,2002,16.143
bel,sex_t,age_ythadult_y15_24,geo_cov_rur,2003,18.662
bel,sex_t,age_ythadult_y15_24,geo_cov_rur,2004,21.068
bel,sex_t,age_ythadult_y15_24,geo_cov_rur,2005,30.409
bel,sex_t,age_ythadult_y15_24,geo_cov_rur,2006,24.517
bel,sex_t,age_ythadult_y15_24,geo_cov_rur,2007,19.697
bel,sex_t,age_ythadult_y15_24,geo_cov_rur,2008,25.384
bel,sex_t,age_ythadult_y15_24,geo_cov_rur,2009,25.581
bel,sex_t,age_ythadult_y15_24,geo_cov_rur,2010,24.03
bel,sex_t,age_ythadult_y15_24,geo_cov_rur,2011,23.953
bel,sex_t,age_ythadult_y15_24,geo_cov_rur,2012,24.014
bel,sex_t,age_ythadult_y15_24,geo_cov_rur,2013,25.767
bel,sex_t,age_ythadult_y15_24,geo_cov_rur,2014,24.627
bel,sex_t,age_ythadult_y15_24,geo_cov_rur,2015,21.119
bel,sex_t,age_ythadult_y15_24,geo_cov_rur,2016,21.834
bel,sex_t,age_ythadult_y15_24,geo_cov_rur,2017,23.766
bel,sex_t,age_ythadult_y15_24,geo_cov_rur,2018,16.211
bel,sex_t,age_ythadult_y15_24,geo_cov_rur,2019,16.049
bel,sex_t,age_ythadult_y15_24,geo_cov_rur,2020,20.715
bel,sex_t,age_ythadult_y15_24,geo_cov_rur,2021,22.192
bel,sex_t,age_ythadult_y15_24,geo_cov_rur,2022,13.093
bel,sex_t,age_ythadult_y15_24,geo_cov_rur,2023,21.767
bel,sex_t,age_ythadult_y15_24,geo_cov_rur,2024,20.38
bel,sex_t,age_ythadult_y15_24,geo_cov_urb,1998,24.353
bel,sex_t,age_ythadult_y15_24,geo_cov_urb,1999,27.416
bel,sex_t,age_ythadult_y15_24,geo_cov_urb,2000,18.357
bel,sex_t,age_ythadult_y15_24,geo_cov_urb,2001,18.119
bel,sex_t,age_ythadult_y15_24,geo_cov_urb,2002,18.902
bel,sex_t,age_ythadult_y15_24,geo_cov_urb,2003,23.391
bel,sex_t,age_ythadult_y15_24,geo_cov_urb,2004,20.885
bel,sex_t,age_ythadult_y15_24,geo_cov_urb,2005,24.433
bel,sex_t,age_ythadult_y15_24,geo_cov_urb,2006,23.486
bel,sex_t,age_ythadult_y15_24,geo_cov_urb,2007,22.021
bel,sex_t,age_ythadult_y15_24,geo_cov_urb,2008,20.905
bel,sex_t,age_ythadult_y15_24,geo_cov_urb,2009,24.541
bel,sex_t,age_ythadult_y15_24,geo_cov_urb,2010,25.944
bel,sex_t,age_ythadult_y15_24,geo_cov_urb,2011,24.945
bel,sex_t,age_ythadult_y15_24,geo_cov_urb,2012,25.82
bel,sex_t,age_ythadult_y15_24,geo_cov_urb,2013,29.937
bel,sex_t,age_ythadult_y15_24,geo_cov_urb,2014,28.993
bel,sex_t,age_ythadult_y15_24,geo_cov_urb,2015,27.406
bel,sex_t,age_ythadult_y15_24,geo_cov_urb,2016,25.632
bel,sex_t,age_ythadult_y15_24,geo_cov_urb,2017,24.199
bel,sex_t,age_ythadult_y15_24,geo_cov_urb,2018,20.88
bel,sex_t,age_ythadult_y15_24,geo_cov_urb,2019,19.118
bel,sex_t,age_ythadult_y15_24,geo_cov_urb,2020,21.324
bel,sex_t,age_ythadult_y15_24,geo_cov_urb,2021,23.064
bel,sex_t,age_ythadult_y15_24,geo_cov_urb,2022,22.322
bel,sex_t,age_ythadult_y15_24,geo_cov_urb,2023,20.588
bel,sex_t,age_ythadult_y15_24,geo_cov_urb,2024,23.329
bel,sex_t,age_ythadult_y15_64,geo_cov_nat,1998,11.37
bel,sex_t,age_ythadult_y15_64,geo_cov_nat,1999,10.472
bel,sex_t,age_ythadult_y15_64,geo_cov_nat,2000,8.025
bel,sex_t,age_ythadult_y15_64,geo_cov_nat,2001,8.117
bel,sex_t,age_ythadult_y15_64,geo_cov_nat,2002,8.595
bel,sex_t,age_ythadult_y15_64,geo_cov_nat,2003,9.634
bel,sex_t,age_ythadult_y15_64,geo_cov_nat,2004,9.004
bel,sex_t,age_ythadult_y15_64,geo_cov_nat,2005,10.066
bel,sex_t,age_ythadult_y15_64,geo_cov_nat,2006,9.749
bel,sex_t,age_ythadult_y15_64,geo_cov_nat,2007,8.98
bel,sex_t,age_ythadult_y15_64,geo_cov_nat,2008,8.241
bel,sex_t,age_ythadult_y15_64,geo_cov_nat,2009,9.283
bel,sex_t,age_ythadult_y15_64,geo_cov_nat,2010,9.74
bel,sex_t,age_ythadult_y15_64,geo_cov_nat,2011,9.784
bel,sex_t,age_ythadult_y15_64,geo_cov_nat,2012,10.008
bel,sex_t,age_ythadult_y15_64,geo_cov_nat,2013,10.959
bel,sex_t,age_ythadult_y15_64,geo_cov_nat,2014,10.849
bel,sex_t,age_ythadult_y15_64,geo_cov_nat,2015,10.541
bel,sex_t,age_ythadult_y15_64,geo_cov_nat,2016,9.777
bel,sex_t,age_ythadult_y15_64,geo_cov_nat,2017,8.903
bel,sex_t,age_ythadult_y15_64,geo_cov_nat,2018,7.809
bel,sex_t,age_ythadult_y15_64,geo_cov_nat,2019,7.238
bel,sex_t,age_ythadult_y15_64,geo_cov_nat,2020,7.844
bel,sex_t,age_ythadult_y15_64,geo_cov_nat,2021,8.138
bel,sex_t,age_ythadult_y15_64,geo_cov_nat,2022,7.086
bel,sex_t,age_ythadult_y15_64,geo_cov_nat,2023,7.231
bel,sex_t,age_ythadult_y15_64,geo_cov_nat,2024,7.382
bel,sex_t,age_ythadult_y15_64,geo_cov_rur,1998,10.3
bel,sex_t,age_ythadult_y15_64,geo_cov_rur,2002,7.004
bel,sex_t,age_ythadult_y15_64,geo_cov_rur,2003,7.215
bel,sex_t,age_ythadult_y15_64,geo_cov_rur,2004,8.018
bel,sex_t,age_ythadult_y15_64,geo_cov_rur,2005,9.702
bel,sex_t,age_ythadult_y15_64,geo_cov_rur,2006,9.507
bel,sex_t,age_ythadult_y15_64,geo_cov_rur,2007,8.726
bel,sex_t,age_ythadult_y15_64,geo_cov_rur,2008,8.264
bel,sex_t,age_ythadult_y15_64,geo_cov_rur,2009,8.999
bel,sex_t,age_ythadult_y15_64,geo_cov_rur,2010,9.426
bel,sex_t,age_ythadult_y15_64,geo_cov_rur,2011,8.127
bel,sex_t,age_ythadult_y15_64,geo_cov_rur,2012,7.454
bel,sex_t,age_ythadult_y15_64,geo_cov_rur,2013,8.205
bel,sex_t,age_ythadult_y15_64,geo_cov_rur,2014,8.397
bel,sex_t,age_ythadult_y15_64,geo_cov_rur,2015,7.596
bel,sex_t,age_ythadult_y15_64,geo_cov_rur,2016,7.536
bel,sex_t,age_ythadult_y15_64,geo_cov_rur,2017,6.662
bel,sex_t,age_ythadult_y15_64,geo_cov_rur,2018,5.584
bel,sex_t,age_ythadult_y15_64,geo_cov_rur,2019,5.34
bel,sex_t,age_ythadult_y15_64,geo_cov_rur,2020,5.671
bel,sex_t,age_ythadult_y15_64,geo_cov_rur,2021,6.254
bel,sex_t,age_ythadult_y15_64,geo_cov_rur,2022,4.906
bel,sex_t,age_ythadult_y15_64,geo_cov_rur,2023,5.707
bel,sex_t,age_ythadult_y15_64,geo_cov_rur,2024,5.184
bel,sex_t,age_ythadult_y15_64,geo_cov_urb,1998,11.423
bel,sex_t,age_ythadult_y15_64,geo_cov_urb,1999,10.571
bel,sex_t,age_ythadult_y15_64,geo_cov_urb,2000,8.021
bel,sex_t,age_ythadult_y15_64,geo_cov_urb,2001,8.201
bel,sex_t,age_ythadult_y15_64,geo_cov_urb,2002,8.668
bel,sex_t,age_ythadult_y15_64,geo_cov_urb,2003,9.762
bel,sex_t,age_ythadult_y15_64,geo_cov_urb,2004,9.062
bel,sex_t,age_ythadult_y15_64,geo_cov_urb,2005,10.085
bel,sex_t,age_ythadult_y15_64,geo_cov_urb,2006,9.76
bel,sex_t,age_ythadult_y15_64,geo_cov_urb,2007,8.993
bel,sex_t,age_ythadult_y15_64,geo_cov_urb,2008,8.24
bel,sex_t,age_ythadult_y15_64,geo_cov_urb,2009,9.298
bel,sex_t,age_ythadult_y15_64,geo_cov_urb,2010,9.756
bel,sex_t,age_ythadult_y15_64,geo_cov_urb,2011,9.875
bel,sex_t,age_ythadult_y15_64,geo_cov_urb,2012,10.525
bel,sex_t,age_ythadult_y15_64,geo_cov_urb,2013,11.51
bel,sex_t,age_ythadult_y15_64,geo_cov_urb,2014,11.333
bel,sex_t,age_ythadult_y15_64,geo_cov_urb,2015,11.09
bel,sex_t,age_ythadult_y15_64,geo_cov_urb,2016,10.219
bel,sex_t,age_ythadult_y15_64,geo_cov_urb,2017,9.323
bel,sex_t,age_ythadult_y15_64,geo_cov_urb,2018,8.14
bel,sex_t,age_ythadult_y15_64,geo_cov_urb,2019,7.549
bel,sex_t,age_ythadult_y15_64,geo_cov_urb,2020,8.2
bel,sex_t,age_ythadult_y15_64,geo_cov_urb,2021,8.446
bel,sex_t,age_ythadult_y15_64,geo_cov_urb,2022,7.418
bel,sex_t,age_ythadult_y15_64,geo_cov_urb,2023,7.46
bel,sex_t,age_ythadult_y15_64,geo_cov_urb,2024,7.738
bel,sex_t,age_ythadult_yge15,geo_cov_nat,1998,11.341
bel,sex_t,age_ythadult_yge15,geo_cov_nat,1999,10.401
bel,sex_t,age_ythadult_yge15,geo_cov_nat,2000,7.977
bel,sex_t,age_ythadult_yge15,geo_cov_nat,2001,8.076
bel,sex_t,age_ythadult_yge15,geo_cov_nat,2002,8.554
bel,sex_t,age_ythadult_yge15,geo_cov_nat,2003,9.581
bel,sex_t,age_ythadult_yge15,geo_cov_nat,2004,8.959
bel,sex_t,age_ythadult_yge15,geo_cov_nat,2005,9.998
bel,sex_t,age_ythadult_yge15,geo_cov_nat,2006,9.694
bel,sex_t,age_ythadult_yge15,geo_cov_nat,2007,8.932
bel,sex_t,age_ythadult_yge15,geo_cov_nat,2008,8.196
bel,sex_t,age_ythadult_yge15,geo_cov_nat,2009,9.227
bel,sex_t,age_ythadult_yge15,geo_cov_nat,2010,9.673
bel,sex_t,age_ythadult_yge15,geo_cov_nat,2011,9.718
bel,sex_t,age_ythadult_yge15,geo_cov_nat,2012,9.936
bel,sex_t,age_ythadult_yge15,geo_cov_nat,2013,10.884
bel,sex_t,age_ythadult_yge15,geo_cov_nat,2014,10.755
bel,sex_t,age_ythadult_yge15,geo_cov_nat,2015,10.446
bel,sex_t,age_ythadult_yge15,geo_cov_nat,2016,9.712
bel,sex_t,age_ythadult_yge15,geo_cov_nat,2017,8.835
bel,sex_t,age_ythadult_yge15,geo_cov_nat,2018,7.733
bel,sex_t,age_ythadult_yge15,geo_cov_nat,2019,7.196
bel,sex_t,age_ythadult_yge15,geo_cov_nat,2020,7.757
bel,sex_t,age_ythadult_yge15,geo_cov_nat,2021,8.124
bel,sex_t,age_ythadult_yge15,geo_cov_nat,2022,7.064
bel,sex_t,age_ythadult_yge15,geo_cov_nat,2023,7.274
bel,sex_t,age_ythadult_yge15,geo_cov_nat,2024,7.373
bel,sex_t,age_ythadult_yge15,geo_cov_rur,1998,10.281
bel,sex_t,age_ythadult_yge15,geo_cov_rur,1999,8.407
bel,sex_t,age_ythadult_yge15,geo_cov_rur,2000,8.081
bel,sex_t,age_ythadult_yge15,geo_cov_rur,2001,6.364
bel,sex_t,age_ythadult_yge15,geo_cov_rur,2002,6.924
bel,sex_t,age_ythadult_yge15,geo_cov_rur,2003,7.169
bel,sex_t,age_ythadult_yge15,geo_cov_rur,2004,7.95
bel,sex_t,age_ythadult_yge15,geo_cov_rur,2005,9.572
bel,sex_t,age_ythadult_yge15,geo_cov_rur,2006,9.42
bel,sex_t,age_ythadult_yge15,geo_cov_rur,2007,8.625
bel,sex_t,age_ythadult_yge15,geo_cov_rur,2008,8.186
bel,sex_t,age_ythadult_yge15,geo_cov_rur,2009,8.909
bel,sex_t,age_ythadult_yge15,geo_cov_rur,2010,9.327
bel,sex_t,age_ythadult_yge15,geo_cov_rur,2011,8.008
bel,sex_t,age_ythadult_yge15,geo_cov_rur,2012,7.369
bel,sex_t,age_ythadult_yge15,geo_cov_rur,2013,8.123
bel,sex_t,age_ythadult_yge15,geo_cov_rur,2014,8.291
bel,sex_t,age_ythadult_yge15,geo_cov_rur,2015,7.517
bel,sex_t,age_ythadult_yge15,geo_cov_rur,2016,7.45
bel,sex_t,age_ythadult_yge15,geo_cov_rur,2017,6.625
bel,sex_t,age_ythadult_yge15,geo_cov_rur,2018,5.547
bel,sex_t,age_ythadult_yge15,geo_cov_rur,2019,5.277
bel,sex_t,age_ythadult_yge15,geo_cov_rur,2020,5.587
bel,sex_t,age_ythadult_yge15,geo_cov_rur,2021,6.279
bel,sex_t,age_ythadult_yge15,geo_cov_rur,2022,4.867
bel,sex_t,age_ythadult_yge15,geo_cov_rur,2023,5.739
bel,sex_t,age_ythadult_yge15,geo_cov_rur,2024,5.135
bel,sex_t,age_ythadult_yge15,geo_cov_urb,1998,11.393
bel,sex_t,age_ythadult_yge15,geo_cov_urb,1999,10.506
bel,sex_t,age_ythadult_yge15,geo_cov_urb,2000,7.973
bel,sex_t,age_ythadult_yge15,geo_cov_urb,2001,8.162
bel,sex_t,age_ythadult_yge15,geo_cov_urb,2002,8.629
bel,sex_t,age_ythadult_yge15,geo_cov_urb,2003,9.708
bel,sex_t,age_ythadult_yge15,geo_cov_urb,2004,9.019
bel,sex_t,age_ythadult_yge15,geo_cov_urb,2005,10.019
bel,sex_t,age_ythadult_yge15,geo_cov_urb,2006,9.707
bel,sex_t,age_ythadult_yge15,geo_cov_urb,2007,8.948
bel,sex_t,age_ythadult_yge15,geo_cov_urb,2008,8.196
bel,sex_t,age_ythadult_yge15,geo_cov_urb,2009,9.244
bel,sex_t,age_ythadult_yge15,geo_cov_urb,2010,9.691
bel,sex_t,age_ythadult_yge15,geo_cov_urb,2011,9.813
bel,sex_t,age_ythadult_yge15,geo_cov_urb,2012,10.457
bel,sex_t,age_ythadult_yge15,geo_cov_urb,2013,11.437
bel,sex_t,age_ythadult_yge15,geo_cov_urb,2014,11.244
bel,sex_t,age_ythadult_yge15,geo_cov_urb,2015,10.992
bel,sex_t,age_ythadult_yge15,geo_cov_urb,2016,10.159
bel,sex_t,age_ythadult_yge15,geo_cov_urb,2017,9.249
bel,sex_t,age_ythadult_yge15,geo_cov_urb,2018,8.059
bel,sex_t,age_ythadult_yge15,geo_cov_urb,2019,7.51
bel,sex_t,age_ythadult_yge15,geo_cov_urb,2020,8.114
bel,sex_t,age_ythadult_yge15,geo_cov_urb,2021,8.428
bel,sex_t,age_ythadult_yge15,geo_cov_urb,2022,7.399
bel,sex_t,age_ythadult_yge15,geo_cov_urb,2023,7.505
bel,sex_t,age_ythadult_yge15,geo_cov_urb,2024,7.738
bel,sex_t,age_ythadult_yge25,geo_cov_nat,1998,9.878
bel,sex_t,age_ythadult_yge25,geo_cov_nat,1999,8.542
bel,sex_t,age_ythadult_yge25,geo_cov_nat,2000,6.8
bel,sex_t,age_ythadult_yge25,geo_cov_nat,2001,6.971
bel,sex_t,age_ythadult_yge25,geo_cov_nat,2002,7.431
bel,sex_t,age_ythadult_yge25,geo_cov_nat,2003,8.098
bel,sex_t,age_ythadult_yge25,geo_cov_nat,2004,7.664
bel,sex_t,age_ythadult_yge25,geo_cov_nat,2005,8.388
bel,sex_t,age_ythadult_yge25,geo_cov_nat,2006,8.202
bel,sex_t,age_ythadult_yge25,geo_cov_nat,2007,7.587
bel,sex_t,age_ythadult_yge25,geo_cov_nat,2008,6.864
bel,sex_t,age_ythadult_yge25,geo_cov_nat,2009,7.703
bel,sex_t,age_ythadult_yge25,geo_cov_nat,2010,8.076
bel,sex_t,age_ythadult_yge25,geo_cov_nat,2011,8.188
bel,sex_t,age_ythadult_yge25,geo_cov_nat,2012,8.406
bel,sex_t,age_ythadult_yge25,geo_cov_nat,2013,9.135
bel,sex_t,age_ythadult_yge25,geo_cov_nat,2014,9.156
bel,sex_t,age_ythadult_yge25,geo_cov_nat,2015,9.017
bel,sex_t,age_ythadult_yge25,geo_cov_nat,2016,8.422
bel,sex_t,age_ythadult_yge25,geo_cov_nat,2017,7.577
bel,sex_t,age_ythadult_yge25,geo_cov_nat,2018,6.659
bel,sex_t,age_ythadult_yge25,geo_cov_nat,2019,6.179
bel,sex_t,age_ythadult_yge25,geo_cov_nat,2020,6.646
bel,sex_t,age_ythadult_yge25,geo_cov_nat,2021,6.846
bel,sex_t,age_ythadult_yge25,geo_cov_nat,2022,5.829
bel,sex_t,age_ythadult_yge25,geo_cov_nat,2023,6.052
bel,sex_t,age_ythadult_yge25,geo_cov_nat,2024,5.919
bel,sex_t,age_ythadult_yge25,geo_cov_rur,1998,8.235
bel,sex_t,age_ythadult_yge25,geo_cov_rur,1999,6.579
bel,sex_t,age_ythadult_yge25,geo_cov_rur,2000,7.169
bel,sex_t,age_ythadult_yge25,geo_cov_rur,2001,4.692
bel,sex_t,age_ythadult_yge25,geo_cov_rur,2002,6.077
bel,sex_t,age_ythadult_yge25,geo_cov_rur,2003,5.89
bel,sex_t,age_ythadult_yge25,geo_cov_rur,2004,6.34
bel,sex_t,age_ythadult_yge25,geo_cov_rur,2005,6.883
bel,sex_t,age_ythadult_yge25,geo_cov_rur,2006,7.591
bel,sex_t,age_ythadult_yge25,geo_cov_rur,2007,7.266
bel,sex_t,age_ythadult_yge25,geo_cov_rur,2008,6.113
bel,sex_t,age_ythadult_yge25,geo_cov_rur,2009,6.995
bel,sex_t,age_ythadult_yge25,geo_cov_rur,2010,7.422
bel,sex_t,age_ythadult_yge25,geo_cov_rur,2011,6.15
bel,sex_t,age_ythadult_yge25,geo_cov_rur,2012,5.638
bel,sex_t,age_ythadult_yge25,geo_cov_rur,2013,6.389
bel,sex_t,age_ythadult_yge25,geo_cov_rur,2014,6.737
bel,sex_t,age_ythadult_yge25,geo_cov_rur,2015,6.272
bel,sex_t,age_ythadult_yge25,geo_cov_rur,2016,6.143
bel,sex_t,age_ythadult_yge25,geo_cov_rur,2017,5.263
bel,sex_t,age_ythadult_yge25,geo_cov_rur,2018,4.765
bel,sex_t,age_ythadult_yge25,geo_cov_rur,2019,4.403
bel,sex_t,age_ythadult_yge25,geo_cov_rur,2020,4.111
bel,sex_t,age_ythadult_yge25,geo_cov_rur,2021,4.705
bel,sex_t,age_ythadult_yge25,geo_cov_rur,2022,4.087
bel,sex_t,age_ythadult_yge25,geo_cov_rur,2023,4.327
bel,sex_t,age_ythadult_yge25,geo_cov_rur,2024,3.674
bel,sex_t,age_ythadult_yge25,geo_cov_urb,1998,9.959
bel,sex_t,age_ythadult_yge25,geo_cov_urb,1999,8.646
bel,sex_t,age_ythadult_yge25,geo_cov_urb,2000,6.785
bel,sex_t,age_ythadult_yge25,geo_cov_urb,2001,7.082
bel,sex_t,age_ythadult_yge25,geo_cov_urb,2002,7.494
bel,sex_t,age_ythadult_yge25,geo_cov_urb,2003,8.215
bel,sex_t,age_ythadult_yge25,geo_cov_urb,2004,7.741
bel,sex_t,age_ythadult_yge25,geo_cov_urb,2005,8.463
bel,sex_t,age_ythadult_yge25,geo_cov_urb,2006,8.23
bel,sex_t,age_ythadult_yge25,geo_cov_urb,2007,7.603
bel,sex_t,age_ythadult_yge25,geo_cov_urb,2008,6.903
bel,sex_t,age_ythadult_yge25,geo_cov_urb,2009,7.74
bel,sex_t,age_ythadult_yge25,geo_cov_urb,2010,8.108
bel,sex_t,age_ythadult_yge25,geo_cov_urb,2011,8.3
bel,sex_t,age_ythadult_yge25,geo_cov_urb,2012,8.964
bel,sex_t,age_ythadult_yge25,geo_cov_urb,2013,9.683
bel,sex_t,age_ythadult_yge25,geo_cov_urb,2014,9.633
bel,sex_t,age_ythadult_yge25,geo_cov_urb,2015,9.528
bel,sex_t,age_ythadult_yge25,geo_cov_urb,2016,8.87
bel,sex_t,age_ythadult_yge25,geo_cov_urb,2017,8.012
bel,sex_t,age_ythadult_yge25,geo_cov_urb,2018,6.945
bel,sex_t,age_ythadult_yge25,geo_cov_urb,2019,6.472
bel,sex_t,age_ythadult_yge25,geo_cov_urb,2020,7.056
bel,sex_t,age_ythadult_yge25,geo_cov_urb,2021,7.194
bel,sex_t,age_ythadult_yge25,geo_cov_urb,2022,6.093
bel,sex_t,age_ythadult_yge25,geo_cov_urb,2023,6.313
bel,sex_t,age_ythadult_yge25,geo_cov_urb,2024,6.285
ben,sex_f,age_aggregate_total,geo_cov_nat,2022,3.295
ben,sex_f,age_aggregate_total,geo_cov_rur,2022,1.593
ben,sex_f,age_aggregate_total,geo_cov_urb,2022,5.463
ben,sex_f,age_aggregate_y15_24,geo_cov_nat,2022,6.688
ben,sex_f,age_aggregate_y15_24,geo_cov_rur,2022,3.017
ben,sex_f,age_aggregate_y15_24,geo_cov_urb,2022,12.74
ben,sex_f,age_aggregate_y25_54,geo_cov_nat,2022,2.65
ben,sex_f,age_aggregate_y25_54,geo_cov_rur,2022,1.296
ben,sex_f,age_aggregate_y25_54,geo_cov_urb,2022,4.258
ben,sex_f,age_ythadult_y15_24,geo_cov_nat,2022,6.688
ben,sex_f,age_ythadult_y15_24,geo_cov_rur,2022,3.017
ben,sex_f,age_ythadult_y15_24,geo_cov_urb,2022,12.74
ben,sex_f,age_ythadult_y15_64,geo_cov_nat,2022,3.38
ben,sex_f,age_ythadult_y15_64,geo_cov_rur,2022,1.637
ben,sex_f,age_ythadult_y15_64,geo_cov_urb,2022,5.586
ben,sex_f,age_ythadult_yge15,geo_cov_nat,2022,3.295
ben,sex_f,age_ythadult_yge15,geo_cov_rur,2022,1.593
ben,sex_f,age_ythadult_yge15,geo_cov_urb,2022,5.463
ben,sex_f,age_ythadult_yge25,geo_cov_nat,2022,2.361
ben,sex_f,age_ythadult_yge25,geo_cov_rur,2022,1.143
ben,sex_f,age_ythadult_yge25,geo_cov_urb,2022,3.807
ben,sex_m,age_aggregate_total,geo_cov_nat,2022,3.154
ben,sex_m,age_aggregate_total,geo_cov_rur,2022,1.714
ben,sex_m,age_aggregate_total,geo_cov_urb,2022,4.984
ben,sex_m,age_aggregate_y15_24,geo_cov_nat,2022,6.818
ben,sex_m,age_aggregate_y15_24,geo_cov_rur,2022,4.324
ben,sex_m,age_aggregate_y15_24,geo_cov_urb,2022,10.908
ben,sex_m,age_aggregate_y25_54,geo_cov_nat,2022,2.275
ben,sex_m,age_aggregate_y25_54,geo_cov_rur,2022,0.878
ben,sex_m,age_aggregate_y25_54,geo_cov_urb,2022,3.866
ben,sex_m,age_aggregate_y55_64,geo_cov_nat,2022,0.892
ben,sex_m,age_aggregate_y55_64,geo_cov_urb,2022,1.352
ben,sex_m,age_ythadult_y15_24,geo_cov_nat,2022,6.818
ben,sex_m,age_ythadult_y15_24,geo_cov_rur,2022,4.324
ben,sex_m,age_ythadult_y15_24,geo_cov_urb,2022,10.908
ben,sex_m,age_ythadult_y15_64,geo_cov_nat,2022,3.296
ben,sex_m,age_ythadult_y15_64,geo_cov_rur,2022,1.813
ben,sex_m,age_ythadult_y15_64,geo_cov_urb,2022,5.138
ben,sex_m,age_ythadult_yge15,geo_cov_nat,2022,3.154
ben,sex_m,age_ythadult_yge15,geo_cov_rur,2022,1.714
ben,sex_m,age_ythadult_yge15,geo_cov_urb,2022,4.984
ben,sex_m,age_ythadult_yge25,geo_cov_nat,2022,2.003
ben,sex_m,age_ythadult_yge25,geo_cov_rur,2022,0.77
ben,sex_m,age_ythadult_yge25,geo_cov_urb,2022,3.45
ben,sex_t,age_aggregate_total,geo_cov_nat,2022,3.228
ben,sex_t,age_aggregate_total,geo_cov_rur,2022,1.651
ben,sex_t,age_aggregate_total,geo_cov_urb,2022,5.233
ben,sex_t,age_aggregate_y15_24,geo_cov_nat,2022,6.754
ben,sex_t,age_aggregate_y15_24,geo_cov_rur,2022,3.675
ben,sex_t,age_aggregate_y15_24,geo_cov_urb,2022,11.815
ben,sex_t,age_aggregate_y25_54,geo_cov_nat,2022,2.475
ben,sex_t,age_aggregate_y25_54,geo_cov_rur,2022,1.103
ben,sex_t,age_aggregate_y25_54,geo_cov_urb,2022,4.073
ben,sex_t,age_aggregate_y55_64,geo_cov_nat,2022,0.694
ben,sex_t,age_aggregate_y55_64,geo_cov_urb,2022,1.133
ben,sex_t,age_ythadult_y15_24,geo_cov_nat,2022,6.754
ben,sex_t,age_ythadult_y15_24,geo_cov_rur,2022,3.675
ben,sex_t,age_ythadult_y15_24,geo_cov_urb,2022,11.815
ben,sex_t,age_ythadult_y15_64,geo_cov_nat,2022,3.34
ben,sex_t,age_ythadult_y15_64,geo_cov_rur,2022,1.72
ben,sex_t,age_ythadult_y15_64,geo_cov_urb,2022,5.372
ben,sex_t,age_ythadult_yge15,geo_cov_nat,2022,3.228
ben,sex_t,age_ythadult_yge15,geo_cov_rur,2022,1.651
ben,sex_t,age_ythadult_yge15,geo_cov_urb,2022,5.233
ben,sex_t,age_ythadult_yge25,geo_cov_nat,2022,2.192
ben,sex_t,age_ythadult_yge25,geo_cov_rur,2022,0.968
ben,sex_t,age_ythadult_yge25,geo_cov_urb,2022,3.638
bfa,sex_f,age_aggregate_total,geo_cov_nat,2014,20.194
bfa,sex_f,age_aggregate_total,geo_cov_nat,2018,21.031
bfa,sex_f,age_aggregate_total,geo_cov_nat,2022,6.585
bfa,sex_f,age_aggregate_total,geo_cov_nat,2023,28.183
bfa,sex_f,age_aggregate_total,geo_cov_nat,2024,18.119
bfa,sex_f,age_aggregate_total,geo_cov_rur,2014,21.177
bfa,sex_f,age_aggregate_total,geo_cov_rur,2018,20.872
bfa,sex_f,age_aggregate_total,geo_cov_rur,2022,3.902
bfa,sex_f,age_aggregate_total,geo_cov_rur,2023,29.61
bfa,sex_f,age_aggregate_total,geo_cov_rur,2024,14.652
bfa,sex_f,age_aggregate_total,geo_cov_urb,2014,16.852
bfa,sex_f,age_aggregate_total,geo_cov_urb,2018,21.366
bfa,sex_f,age_aggregate_total,geo_cov_urb,2022,14.475
bfa,sex_f,age_aggregate_total,geo_cov_urb,2023,25.006
bfa,sex_f,age_aggregate_total,geo_cov_urb,2024,26.955
bfa,sex_f,age_aggregate_y15_24,geo_cov_nat,2014,26.501
bfa,sex_f,age_aggregate_y15_24,geo_cov_nat,2018,32.476
bfa,sex_f,age_aggregate_y15_24,geo_cov_nat,2022,10.455
bfa,sex_f,age_aggregate_y15_24,geo_cov_nat,2023,42.393
bfa,sex_f,age_aggregate_y15_24,geo_cov_nat,2024,32.336
bfa,sex_f,age_aggregate_y15_24,geo_cov_rur,2014,26.813
bfa,sex_f,age_aggregate_y15_24,geo_cov_rur,2018,31.912
bfa,sex_f,age_aggregate_y15_24,geo_cov_rur,2022,5.764
bfa,sex_f,age_aggregate_y15_24,geo_cov_rur,2023,42.978
bfa,sex_f,age_aggregate_y15_24,geo_cov_rur,2024,26.501
bfa,sex_f,age_aggregate_y15_24,geo_cov_urb,2014,25.421
bfa,sex_f,age_aggregate_y15_24,geo_cov_urb,2018,33.736
bfa,sex_f,age_aggregate_y15_24,geo_cov_urb,2022,25.2
bfa,sex_f,age_aggregate_y15_24,geo_cov_urb,2023,41.051
bfa,sex_f,age_aggregate_y15_24,geo_cov_urb,2024,46.708
bfa,sex_f,age_aggregate_y25_54,geo_cov_nat,2014,18.629
bfa,sex_f,age_aggregate_y25_54,geo_cov_nat,2018,18.894
bfa,sex_f,age_aggregate_y25_54,geo_cov_nat,2022,5.723
bfa,sex_f,age_aggregate_y25_54,geo_cov_nat,2023,23.895
bfa,sex_f,age_aggregate_y25_54,geo_cov_nat,2024,13.29
bfa,sex_f,age_aggregate_y25_54,geo_cov_rur,2014,19.854
bfa,sex_f,age_aggregate_y25_54,geo_cov_rur,2018,18.939
bfa,sex_f,age_aggregate_y25_54,geo_cov_rur,2022,3.413
bfa,sex_f,age_aggregate_y25_54,geo_cov_rur,2023,25.032
bfa,sex_f,age_aggregate_y25_54,geo_cov_rur,2024,10.338
bfa,sex_f,age_aggregate_y25_54,geo_cov_urb,2014,14.52
bfa,sex_f,age_aggregate_y25_54,geo_cov_urb,2018,18.801
bfa,sex_f,age_aggregate_y25_54,geo_cov_urb,2022,11.871
bfa,sex_f,age_aggregate_y25_54,geo_cov_urb,2023,21.414
bfa,sex_f,age_aggregate_y25_54,geo_cov_urb,2024,20.512
bfa,sex_f,age_aggregate_y55_64,geo_cov_nat,2014,12.514
bfa,sex_f,age_aggregate_y55_64,geo_cov_nat,2018,8.686
bfa,sex_f,age_aggregate_y55_64,geo_cov_nat,2022,1.746
bfa,sex_f,age_aggregate_y55_64,geo_cov_nat,2023,20.933
bfa,sex_f,age_aggregate_y55_64,geo_cov_nat,2024,8.703
bfa,sex_f,age_aggregate_y55_64,geo_cov_rur,2014,13.417
bfa,sex_f,age_aggregate_y55_64,geo_cov_rur,2018,6.52
bfa,sex_f,age_aggregate_y55_64,geo_cov_rur,2023,25.046
bfa,sex_f,age_aggregate_y55_64,geo_cov_rur,2024,7.706
bfa,sex_f,age_aggregate_y55_64,geo_cov_urb,2014,9.58
bfa,sex_f,age_aggregate_y55_64,geo_cov_urb,2018,12.287
bfa,sex_f,age_aggregate_y55_64,geo_cov_urb,2022,1.983
bfa,sex_f,age_aggregate_y55_64,geo_cov_urb,2023,10.189
bfa,sex_f,age_aggregate_y55_64,geo_cov_urb,2024,12.033
bfa,sex_f,age_aggregate_yge65,geo_cov_nat,2014,14.197
bfa,sex_f,age_aggregate_yge65,geo_cov_nat,2018,1.837
bfa,sex_f,age_aggregate_yge65,geo_cov_nat,2022,2.953
bfa,sex_f,age_aggregate_yge65,geo_cov_nat,2023,25.753
bfa,sex_f,age_aggregate_yge65,geo_cov_nat,2024,16.173
bfa,sex_f,age_aggregate_yge65,geo_cov_rur,2014,15.917
bfa,sex_f,age_aggregate_yge65,geo_cov_rur,2023,33.626
bfa,sex_f,age_aggregate_yge65,geo_cov_rur,2024,17.175
bfa,sex_f,age_aggregate_yge65,geo_cov_urb,2014,7.095
bfa,sex_f,age_aggregate_yge65,geo_cov_urb,2023,10.454
bfa,sex_f,age_aggregate_yge65,geo_cov_urb,2024,11.774
bfa,sex_f,age_ythadult_y15_24,geo_cov_nat,2014,26.501
bfa,sex_f,age_ythadult_y15_24,geo_cov_nat,2018,32.476
bfa,sex_f,age_ythadult_y15_24,geo_cov_nat,2022,10.455
bfa,sex_f,age_ythadult_y15_24,geo_cov_nat,2023,42.393
bfa,sex_f,age_ythadult_y15_24,geo_cov_nat,2024,32.336
bfa,sex_f,age_ythadult_y15_24,geo_cov_rur,2014,26.813
bfa,sex_f,age_ythadult_y15_24,geo_cov_rur,2018,31.912
bfa,sex_f,age_ythadult_y15_24,geo_cov_rur,2022,5.764
bfa,sex_f,age_ythadult_y15_24,geo_cov_rur,2023,42.978
bfa,sex_f,age_ythadult_y15_24,geo_cov_rur,2024,26.501
bfa,sex_f,age_ythadult_y15_24,geo_cov_urb,2014,25.421
bfa,sex_f,age_ythadult_y15_24,geo_cov_urb,2018,33.736
bfa,sex_f,age_ythadult_y15_24,geo_cov_urb,2022,25.2
bfa,sex_f,age_ythadult_y15_24,geo_cov_urb,2023,41.051
bfa,sex_f,age_ythadult_y15_24,geo_cov_urb,2024,46.708
bfa,sex_f,age_ythadult_y15_64,geo_cov_nat,2014,20.411
bfa,sex_f,age_ythadult_y15_64,geo_cov_nat,2018,21.476
bfa,sex_f,age_ythadult_y15_64,geo_cov_nat,2022,6.731
bfa,sex_f,age_ythadult_y15_64,geo_cov_nat,2023,28.252
bfa,sex_f,age_ythadult_y15_64,geo_cov_nat,2024,18.186
bfa,sex_f,age_ythadult_y15_64,geo_cov_rur,2014,21.376
bfa,sex_f,age_ythadult_y15_64,geo_cov_rur,2018,21.376
bfa,sex_f,age_ythadult_y15_64,geo_cov_rur,2022,3.935
bfa,sex_f,age_ythadult_y15_64,geo_cov_rur,2023,29.502
bfa,sex_f,age_ythadult_y15_64,geo_cov_rur,2024,14.552
bfa,sex_f,age_ythadult_y15_64,geo_cov_urb,2014,17.154
bfa,sex_f,age_ythadult_y15_64,geo_cov_urb,2018,21.687
bfa,sex_f,age_ythadult_y15_64,geo_cov_urb,2022,14.764
bfa,sex_f,age_ythadult_y15_64,geo_cov_urb,2023,25.454
bfa,sex_f,age_ythadult_y15_64,geo_cov_urb,2024,27.296
bfa,sex_f,age_ythadult_yge15,geo_cov_nat,2014,20.194
bfa,sex_f,age_ythadult_yge15,geo_cov_nat,2018,21.031
bfa,sex_f,age_ythadult_yge15,geo_cov_nat,2022,6.585
bfa,sex_f,age_ythadult_yge15,geo_cov_nat,2023,28.183
bfa,sex_f,age_ythadult_yge15,geo_cov_nat,2024,18.119
bfa,sex_f,age_ythadult_yge15,geo_cov_rur,2014,21.177
bfa,sex_f,age_ythadult_yge15,geo_cov_rur,2018,20.872
bfa,sex_f,age_ythadult_yge15,geo_cov_rur,2022,3.902
bfa,sex_f,age_ythadult_yge15,geo_cov_rur,2023,29.61
bfa,sex_f,age_ythadult_yge15,geo_cov_rur,2024,14.652
bfa,sex_f,age_ythadult_yge15,geo_cov_urb,2014,16.852
bfa,sex_f,age_ythadult_yge15,geo_cov_urb,2018,21.366
bfa,sex_f,age_ythadult_yge15,geo_cov_urb,2022,14.475
bfa,sex_f,age_ythadult_yge15,geo_cov_urb,2023,25.006
bfa,sex_f,age_ythadult_yge15,geo_cov_urb,2024,26.955
bfa,sex_f,age_ythadult_yge25,geo_cov_nat,2014,17.883
bfa,sex_f,age_ythadult_yge25,geo_cov_nat,2018,17.752
bfa,sex_f,age_ythadult_yge25,geo_cov_nat,2022,5.184
bfa,sex_f,age_ythadult_yge25,geo_cov_nat,2023,23.689
bfa,sex_f,age_ythadult_yge25,geo_cov_nat,2024,12.956
bfa,sex_f,age_ythadult_yge25,geo_cov_rur,2014,19.1
bfa,sex_f,age_ythadult_yge25,geo_cov_rur,2018,17.639
bfa,sex_f,age_ythadult_yge25,geo_cov_rur,2022,3.212
bfa,sex_f,age_ythadult_yge25,geo_cov_rur,2023,25.329
bfa,sex_f,age_ythadult_yge25,geo_cov_rur,2024,10.405
bfa,sex_f,age_ythadult_yge25,geo_cov_urb,2014,13.773
bfa,sex_f,age_ythadult_yge25,geo_cov_urb,2018,17.986
bfa,sex_f,age_ythadult_yge25,geo_cov_urb,2022,10.846
bfa,sex_f,age_ythadult_yge25,geo_cov_urb,2023,20.068
bfa,sex_f,age_ythadult_yge25,geo_cov_urb,2024,19.539
bfa,sex_m,age_aggregate_total,geo_cov_nat,2014,7.836
bfa,sex_m,age_aggregate_total,geo_cov_nat,2018,14.502
bfa,sex_m,age_aggregate_total,geo_cov_nat,2022,4.078
bfa,sex_m,age_aggregate_total,geo_cov_nat,2023,21.234
bfa,sex_m,age_aggregate_total,geo_cov_nat,2024,8.812
bfa,sex_m,age_aggregate_total,geo_cov_rur,2014,7.153
bfa,sex_m,age_aggregate_total,geo_cov_rur,2018,15.666
bfa,sex_m,age_aggregate_total,geo_cov_rur,2022,3.025
bfa,sex_m,age_aggregate_total,geo_cov_rur,2023,25.077
bfa,sex_m,age_aggregate_total,geo_cov_rur,2024,6.369
bfa,sex_m,age_aggregate_total,geo_cov_urb,2014,9.791
bfa,sex_m,age_aggregate_total,geo_cov_urb,2018,12.238
bfa,sex_m,age_aggregate_total,geo_cov_urb,2022,6.634
bfa,sex_m,age_aggregate_total,geo_cov_urb,2023,14.277
bfa,sex_m,age_aggregate_total,geo_cov_urb,2024,14.885
bfa,sex_m,age_aggregate_y15_24,geo_cov_nat,2014,11.162
bfa,sex_m,age_aggregate_y15_24,geo_cov_nat,2018,25.832
bfa,sex_m,age_aggregate_y15_24,geo_cov_nat,2022,7.907
bfa,sex_m,age_aggregate_y15_24,geo_cov_nat,2023,32.552
bfa,sex_m,age_aggregate_y15_24,geo_cov_nat,2024,17.791
bfa,sex_m,age_aggregate_y15_24,geo_cov_rur,2014,9.424
bfa,sex_m,age_aggregate_y15_24,geo_cov_rur,2018,28.017
bfa,sex_m,age_aggregate_y15_24,geo_cov_rur,2022,5.405
bfa,sex_m,age_aggregate_y15_24,geo_cov_rur,2023,34.753
bfa,sex_m,age_aggregate_y15_24,geo_cov_rur,2024,11.872
bfa,sex_m,age_aggregate_y15_24,geo_cov_urb,2014,17.576
bfa,sex_m,age_aggregate_y15_24,geo_cov_urb,2018,21.236
bfa,sex_m,age_aggregate_y15_24,geo_cov_urb,2022,15.61
bfa,sex_m,age_aggregate_y15_24,geo_cov_urb,2023,28.435
bfa,sex_m,age_aggregate_y15_24,geo_cov_urb,2024,37.144
bfa,sex_m,age_aggregate_y25_54,geo_cov_nat,2014,5.909
bfa,sex_m,age_aggregate_y25_54,geo_cov_nat,2018,12.595
bfa,sex_m,age_aggregate_y25_54,geo_cov_nat,2022,2.814
bfa,sex_m,age_aggregate_y25_54,geo_cov_nat,2023,18.77
bfa,sex_m,age_aggregate_y25_54,geo_cov_nat,2024,4.949
bfa,sex_m,age_aggregate_y25_54,geo_cov_rur,2014,5.453
bfa,sex_m,age_aggregate_y25_54,geo_cov_rur,2018,13.697
bfa,sex_m,age_aggregate_y25_54,geo_cov_rur,2022,2.404
bfa,sex_m,age_aggregate_y25_54,geo_cov_rur,2023,23.299
bfa,sex_m,age_aggregate_y25_54,geo_cov_rur,2024,3.28
bfa,sex_m,age_aggregate_y25_54,geo_cov_urb,2014,6.999
bfa,sex_m,age_aggregate_y25_54,geo_cov_urb,2018,10.561
bfa,sex_m,age_aggregate_y25_54,geo_cov_urb,2022,3.643
bfa,sex_m,age_aggregate_y25_54,geo_cov_urb,2023,11.056
bfa,sex_m,age_aggregate_y25_54,geo_cov_urb,2024,8.325
bfa,sex_m,age_aggregate_y55_64,geo_cov_nat,2014,9.629
bfa,sex_m,age_aggregate_y55_64,geo_cov_nat,2018,10.863
bfa,sex_m,age_aggregate_y55_64,geo_cov_nat,2022,2.367
bfa,sex_m,age_aggregate_y55_64,geo_cov_nat,2023,18.096
bfa,sex_m,age_aggregate_y55_64,geo_cov_nat,2024,6.233
bfa,sex_m,age_aggregate_y55_64,geo_cov_rur,2014,8.789
bfa,sex_m,age_aggregate_y55_64,geo_cov_rur,2018,10.053
bfa,sex_m,age_aggregate_y55_64,geo_cov_rur,2023,22.458
bfa,sex_m,age_aggregate_y55_64,geo_cov_rur,2024,3.937
bfa,sex_m,age_aggregate_y55_64,geo_cov_urb,2014,12.202
bfa,sex_m,age_aggregate_y55_64,geo_cov_urb,2018,12.588
bfa,sex_m,age_aggregate_y55_64,geo_cov_urb,2022,6.717
bfa,sex_m,age_aggregate_y55_64,geo_cov_urb,2023,8.73
bfa,sex_m,age_aggregate_y55_64,geo_cov_urb,2024,13.038
bfa,sex_m,age_aggregate_yge65,geo_cov_nat,2014,8.855
bfa,sex_m,age_aggregate_yge65,geo_cov_nat,2018,9.553
bfa,sex_m,age_aggregate_yge65,geo_cov_nat,2023,19.009
bfa,sex_m,age_aggregate_yge65,geo_cov_nat,2024,10.938
bfa,sex_m,age_aggregate_yge65,geo_cov_rur,2014,9.361
bfa,sex_m,age_aggregate_yge65,geo_cov_rur,2018,10.748
bfa,sex_m,age_aggregate_yge65,geo_cov_rur,2023,18.27
bfa,sex_m,age_aggregate_yge65,geo_cov_rur,2024,11.419
bfa,sex_m,age_aggregate_yge65,geo_cov_urb,2014,4.984
bfa,sex_m,age_aggregate_yge65,geo_cov_urb,2018,5
bfa,sex_m,age_aggregate_yge65,geo_cov_urb,2023,21.38
bfa,sex_m,age_aggregate_yge65,geo_cov_urb,2024,8.339
bfa,sex_m,age_ythadult_y15_24,geo_cov_nat,2014,11.162
bfa,sex_m,age_ythadult_y15_24,geo_cov_nat,2018,25.832
bfa,sex_m,age_ythadult_y15_24,geo_cov_nat,2022,7.907
bfa,sex_m,age_ythadult_y15_24,geo_cov_nat,2023,32.552
bfa,sex_m,age_ythadult_y15_24,geo_cov_nat,2024,17.791
bfa,sex_m,age_ythadult_y15_24,geo_cov_rur,2014,9.424
bfa,sex_m,age_ythadult_y15_24,geo_cov_rur,2018,28.017
bfa,sex_m,age_ythadult_y15_24,geo_cov_rur,2022,5.405
bfa,sex_m,age_ythadult_y15_24,geo_cov_rur,2023,34.753
bfa,sex_m,age_ythadult_y15_24,geo_cov_rur,2024,11.872
bfa,sex_m,age_ythadult_y15_24,geo_cov_urb,2014,17.576
bfa,sex_m,age_ythadult_y15_24,geo_cov_urb,2018,21.236
bfa,sex_m,age_ythadult_y15_24,geo_cov_urb,2022,15.61
bfa,sex_m,age_ythadult_y15_24,geo_cov_urb,2023,28.435
bfa,sex_m,age_ythadult_y15_24,geo_cov_urb,2024,37.144
bfa,sex_m,age_ythadult_y15_64,geo_cov_nat,2014,7.78
bfa,sex_m,age_ythadult_y15_64,geo_cov_nat,2018,14.666
bfa,sex_m,age_ythadult_y15_64,geo_cov_nat,2022,4.259
bfa,sex_m,age_ythadult_y15_64,geo_cov_nat,2023,21.334
bfa,sex_m,age_ythadult_y15_64,geo_cov_nat,2024,8.668
bfa,sex_m,age_ythadult_y15_64,geo_cov_rur,2014,7.006
bfa,sex_m,age_ythadult_y15_64,geo_cov_rur,2018,15.863
bfa,sex_m,age_ythadult_y15_64,geo_cov_rur,2022,3.188
bfa,sex_m,age_ythadult_y15_64,geo_cov_rur,2023,25.444
bfa,sex_m,age_ythadult_y15_64,geo_cov_rur,2024,5.961
bfa,sex_m,age_ythadult_y15_64,geo_cov_urb,2014,9.906
bfa,sex_m,age_ythadult_y15_64,geo_cov_urb,2018,12.383
bfa,sex_m,age_ythadult_y15_64,geo_cov_urb,2022,6.743
bfa,sex_m,age_ythadult_y15_64,geo_cov_urb,2023,14.066
bfa,sex_m,age_ythadult_y15_64,geo_cov_urb,2024,15.118
bfa,sex_m,age_ythadult_yge15,geo_cov_nat,2014,7.836
bfa,sex_m,age_ythadult_yge15,geo_cov_nat,2018,14.502
bfa,sex_m,age_ythadult_yge15,geo_cov_nat,2022,4.078
bfa,sex_m,age_ythadult_yge15,geo_cov_nat,2023,21.234
bfa,sex_m,age_ythadult_yge15,geo_cov_nat,2024,8.812
bfa,sex_m,age_ythadult_yge15,geo_cov_rur,2014,7.153
bfa,sex_m,age_ythadult_yge15,geo_cov_rur,2018,15.666
bfa,sex_m,age_ythadult_yge15,geo_cov_rur,2022,3.025
bfa,sex_m,age_ythadult_yge15,geo_cov_rur,2023,25.077
bfa,sex_m,age_ythadult_yge15,geo_cov_rur,2024,6.369
bfa,sex_m,age_ythadult_yge15,geo_cov_urb,2014,9.791
bfa,sex_m,age_ythadult_yge15,geo_cov_urb,2018,12.238
bfa,sex_m,age_ythadult_yge15,geo_cov_urb,2022,6.634
bfa,sex_m,age_ythadult_yge15,geo_cov_urb,2023,14.277
bfa,sex_m,age_ythadult_yge15,geo_cov_urb,2024,14.885
bfa,sex_m,age_ythadult_yge25,geo_cov_nat,2014,6.547
bfa,sex_m,age_ythadult_yge25,geo_cov_nat,2018,12.318
bfa,sex_m,age_ythadult_yge25,geo_cov_nat,2022,2.61
bfa,sex_m,age_ythadult_yge25,geo_cov_nat,2023,18.712
bfa,sex_m,age_ythadult_yge25,geo_cov_nat,2024,5.63
bfa,sex_m,age_ythadult_yge25,geo_cov_rur,2014,6.195
bfa,sex_m,age_ythadult_yge25,geo_cov_rur,2018,13.21
bfa,sex_m,age_ythadult_yge25,geo_cov_rur,2022,2.027
bfa,sex_m,age_ythadult_yge25,geo_cov_rur,2023,22.89
bfa,sex_m,age_ythadult_yge25,geo_cov_rur,2024,4.218
bfa,sex_m,age_ythadult_yge25,geo_cov_urb,2014,7.466
bfa,sex_m,age_ythadult_yge25,geo_cov_urb,2018,10.608
bfa,sex_m,age_ythadult_yge25,geo_cov_urb,2022,3.909
bfa,sex_m,age_ythadult_yge25,geo_cov_urb,2023,11.206
bfa,sex_m,age_ythadult_yge25,geo_cov_urb,2024,8.84
bfa,sex_t,age_aggregate_total,geo_cov_nat,2014,14.129
bfa,sex_t,age_aggregate_total,geo_cov_nat,2018,17.602
bfa,sex_t,age_aggregate_total,geo_cov_nat,2022,5.365
bfa,sex_t,age_aggregate_total,geo_cov_nat,2023,24.765
bfa,sex_t,age_aggregate_total,geo_cov_nat,2024,13.66
bfa,sex_t,age_aggregate_total,geo_cov_rur,2014,14.441
bfa,sex_t,age_aggregate_total,geo_cov_rur,2018,18.175
bfa,sex_t,age_aggregate_total,geo_cov_rur,2022,3.486
bfa,sex_t,age_aggregate_total,geo_cov_rur,2023,27.458
bfa,sex_t,age_aggregate_total,geo_cov_rur,2024,10.698
bfa,sex_t,age_aggregate_total,geo_cov_urb,2014,13.157
bfa,sex_t,age_aggregate_total,geo_cov_urb,2018,16.444
bfa,sex_t,age_aggregate_total,geo_cov_urb,2022,10.384
bfa,sex_t,age_aggregate_total,geo_cov_urb,2023,19.357
bfa,sex_t,age_aggregate_total,geo_cov_urb,2024,21.119
bfa,sex_t,age_aggregate_y15_24,geo_cov_nat,2014,18.818
bfa,sex_t,age_aggregate_y15_24,geo_cov_nat,2018,29.518
bfa,sex_t,age_aggregate_y15_24,geo_cov_nat,2022,9.188
bfa,sex_t,age_aggregate_y15_24,geo_cov_nat,2023,38.228
bfa,sex_t,age_aggregate_y15_24,geo_cov_nat,2024,25.434
bfa,sex_t,age_aggregate_y15_24,geo_cov_rur,2014,18.042
bfa,sex_t,age_aggregate_y15_24,geo_cov_rur,2018,30.196
bfa,sex_t,age_aggregate_y15_24,geo_cov_rur,2022,5.586
bfa,sex_t,age_aggregate_y15_24,geo_cov_rur,2023,39.629
bfa,sex_t,age_aggregate_y15_24,geo_cov_rur,2024,19.289
bfa,sex_t,age_aggregate_y15_24,geo_cov_urb,2014,21.588
bfa,sex_t,age_aggregate_y15_24,geo_cov_urb,2018,28.044
bfa,sex_t,age_aggregate_y15_24,geo_cov_urb,2022,20.394
bfa,sex_t,age_aggregate_y15_24,geo_cov_urb,2023,35.282
bfa,sex_t,age_aggregate_y15_24,geo_cov_urb,2024,42.665
bfa,sex_t,age_aggregate_y25_54,geo_cov_nat,2014,12.63
bfa,sex_t,age_aggregate_y25_54,geo_cov_nat,2018,15.536
bfa,sex_t,age_aggregate_y25_54,geo_cov_nat,2022,4.351
bfa,sex_t,age_aggregate_y25_54,geo_cov_nat,2023,21.322
bfa,sex_t,age_aggregate_y25_54,geo_cov_nat,2024,9.46
bfa,sex_t,age_aggregate_y25_54,geo_cov_rur,2014,13.38
bfa,sex_t,age_aggregate_y25_54,geo_cov_rur,2018,16.201
bfa,sex_t,age_aggregate_y25_54,geo_cov_rur,2022,2.958
bfa,sex_t,age_aggregate_y25_54,geo_cov_rur,2023,24.198
bfa,sex_t,age_aggregate_y25_54,geo_cov_rur,2024,7.2
bfa,sex_t,age_aggregate_y25_54,geo_cov_urb,2014,10.501
bfa,sex_t,age_aggregate_y25_54,geo_cov_urb,2018,14.233
bfa,sex_t,age_aggregate_y25_54,geo_cov_urb,2022,7.594
bfa,sex_t,age_aggregate_y25_54,geo_cov_urb,2023,15.794
bfa,sex_t,age_aggregate_y25_54,geo_cov_urb,2024,14.518
bfa,sex_t,age_aggregate_y55_64,geo_cov_nat,2014,10.917
bfa,sex_t,age_aggregate_y55_64,geo_cov_nat,2018,10.072
bfa,sex_t,age_aggregate_y55_64,geo_cov_nat,2022,2.077
bfa,sex_t,age_aggregate_y55_64,geo_cov_nat,2023,19.402
bfa,sex_t,age_aggregate_y55_64,geo_cov_nat,2024,7.352
bfa,sex_t,age_aggregate_y55_64,geo_cov_rur,2014,10.871
bfa,sex_t,age_aggregate_y55_64,geo_cov_rur,2018,8.84
bfa,sex_t,age_aggregate_y55_64,geo_cov_rur,2022,1.196
bfa,sex_t,age_aggregate_y55_64,geo_cov_rur,2023,23.687
bfa,sex_t,age_aggregate_y55_64,geo_cov_rur,2024,5.672
bfa,sex_t,age_aggregate_y55_64,geo_cov_urb,2014,11.06
bfa,sex_t,age_aggregate_y55_64,geo_cov_urb,2018,12.467
bfa,sex_t,age_aggregate_y55_64,geo_cov_urb,2022,4.927
bfa,sex_t,age_aggregate_y55_64,geo_cov_urb,2023,9.352
bfa,sex_t,age_aggregate_y55_64,geo_cov_urb,2024,12.605
bfa,sex_t,age_aggregate_yge65,geo_cov_nat,2014,11.048
bfa,sex_t,age_aggregate_yge65,geo_cov_nat,2018,6.545
bfa,sex_t,age_aggregate_yge65,geo_cov_nat,2022,1.67
bfa,sex_t,age_aggregate_yge65,geo_cov_nat,2023,21.667
bfa,sex_t,age_aggregate_yge65,geo_cov_nat,2024,12.85
bfa,sex_t,age_aggregate_yge65,geo_cov_rur,2014,11.905
bfa,sex_t,age_aggregate_yge65,geo_cov_rur,2018,7.034
bfa,sex_t,age_aggregate_yge65,geo_cov_rur,2023,23.803
bfa,sex_t,age_aggregate_yge65,geo_cov_rur,2024,13.475
bfa,sex_t,age_aggregate_yge65,geo_cov_urb,2014,6.124
bfa,sex_t,age_aggregate_yge65,geo_cov_urb,2018,4.927
bfa,sex_t,age_aggregate_yge65,geo_cov_urb,2023,16.117
bfa,sex_t,age_aggregate_yge65,geo_cov_urb,2024,9.734
bfa,sex_t,age_ythadult_y15_24,geo_cov_nat,2014,18.818
bfa,sex_t,age_ythadult_y15_24,geo_cov_nat,2018,29.518
bfa,sex_t,age_ythadult_y15_24,geo_cov_nat,2022,9.188
bfa,sex_t,age_ythadult_y15_24,geo_cov_nat,2023,38.228
bfa,sex_t,age_ythadult_y15_24,geo_cov_nat,2024,25.434
bfa,sex_t,age_ythadult_y15_24,geo_cov_rur,2014,18.042
bfa,sex_t,age_ythadult_y15_24,geo_cov_rur,2018,30.196
bfa,sex_t,age_ythadult_y15_24,geo_cov_rur,2022,5.586
bfa,sex_t,age_ythadult_y15_24,geo_cov_rur,2023,39.629
bfa,sex_t,age_ythadult_y15_24,geo_cov_rur,2024,19.289
bfa,sex_t,age_ythadult_y15_24,geo_cov_urb,2014,21.588
bfa,sex_t,age_ythadult_y15_24,geo_cov_urb,2018,28.044
bfa,sex_t,age_ythadult_y15_24,geo_cov_urb,2022,20.394
bfa,sex_t,age_ythadult_y15_24,geo_cov_urb,2023,35.282
bfa,sex_t,age_ythadult_y15_24,geo_cov_urb,2024,42.665
bfa,sex_t,age_ythadult_y15_64,geo_cov_nat,2014,14.269
bfa,sex_t,age_ythadult_y15_64,geo_cov_nat,2018,17.916
bfa,sex_t,age_ythadult_y15_64,geo_cov_nat,2022,5.535
bfa,sex_t,age_ythadult_y15_64,geo_cov_nat,2023,24.878
bfa,sex_t,age_ythadult_y15_64,geo_cov_nat,2024,13.701
bfa,sex_t,age_ythadult_y15_64,geo_cov_rur,2014,14.571
bfa,sex_t,age_ythadult_y15_64,geo_cov_rur,2018,18.54
bfa,sex_t,age_ythadult_y15_64,geo_cov_rur,2022,3.585
bfa,sex_t,age_ythadult_y15_64,geo_cov_rur,2023,27.602
bfa,sex_t,age_ythadult_y15_64,geo_cov_rur,2024,10.535
bfa,sex_t,age_ythadult_y15_64,geo_cov_urb,2014,13.348
bfa,sex_t,age_ythadult_y15_64,geo_cov_urb,2018,16.672
bfa,sex_t,age_ythadult_y15_64,geo_cov_urb,2022,10.574
bfa,sex_t,age_ythadult_y15_64,geo_cov_urb,2023,19.455
bfa,sex_t,age_ythadult_y15_64,geo_cov_urb,2024,21.447
bfa,sex_t,age_ythadult_yge15,geo_cov_nat,2014,14.129
bfa,sex_t,age_ythadult_yge15,geo_cov_nat,2018,17.602
bfa,sex_t,age_ythadult_yge15,geo_cov_nat,2022,5.365
bfa,sex_t,age_ythadult_yge15,geo_cov_nat,2023,24.765
bfa,sex_t,age_ythadult_yge15,geo_cov_nat,2024,13.66
bfa,sex_t,age_ythadult_yge15,geo_cov_rur,2014,14.441
bfa,sex_t,age_ythadult_yge15,geo_cov_rur,2018,18.175
bfa,sex_t,age_ythadult_yge15,geo_cov_rur,2022,3.486
bfa,sex_t,age_ythadult_yge15,geo_cov_rur,2023,27.458
bfa,sex_t,age_ythadult_yge15,geo_cov_rur,2024,10.698
bfa,sex_t,age_ythadult_yge15,geo_cov_urb,2014,13.157
bfa,sex_t,age_ythadult_yge15,geo_cov_urb,2018,16.444
bfa,sex_t,age_ythadult_yge15,geo_cov_urb,2022,10.384
bfa,sex_t,age_ythadult_yge15,geo_cov_urb,2023,19.357
bfa,sex_t,age_ythadult_yge15,geo_cov_urb,2024,21.119
bfa,sex_t,age_ythadult_yge25,geo_cov_nat,2014,12.363
bfa,sex_t,age_ythadult_yge25,geo_cov_nat,2018,14.796
bfa,sex_t,age_ythadult_yge25,geo_cov_nat,2022,3.941
bfa,sex_t,age_ythadult_yge25,geo_cov_nat,2023,21.149
bfa,sex_t,age_ythadult_yge25,geo_cov_nat,2024,9.435
bfa,sex_t,age_ythadult_yge25,geo_cov_rur,2014,13.024
bfa,sex_t,age_ythadult_yge25,geo_cov_rur,2018,15.261
bfa,sex_t,age_ythadult_yge25,geo_cov_rur,2022,2.661
bfa,sex_t,age_ythadult_yge25,geo_cov_rur,2023,24.126
bfa,sex_t,age_ythadult_yge25,geo_cov_rur,2024,7.488
bfa,sex_t,age_ythadult_yge25,geo_cov_urb,2014,10.401
bfa,sex_t,age_ythadult_yge25,geo_cov_urb,2018,13.87
bfa,sex_t,age_ythadult_yge25,geo_cov_urb,2022,7.181
bfa,sex_t,age_ythadult_yge25,geo_cov_urb,2023,15.243
bfa,sex_t,age_ythadult_yge25,geo_cov_urb,2024,14.157
bgd,sex_f,age_aggregate_total,geo_cov_nat,2013,9.741
bgd,sex_f,age_aggregate_total,geo_cov_nat,2017,12.61
bgd,sex_f,age_aggregate_total,geo_cov_nat,2023,5.354
bgd,sex_f,age_aggregate_total,geo_cov_nat,2024,7.109
bgd,sex_f,age_aggregate_total,geo_cov_rur,2013,7.004
bgd,sex_f,age_aggregate_total,geo_cov_rur,2017,10.624
bgd,sex_f,age_aggregate_total,geo_cov_rur,2023,4.515
bgd,sex_f,age_aggregate_total,geo_cov_rur,2024,6.011
bgd,sex_f,age_aggregate_total,geo_cov_urb,2013,16.397
bgd,sex_f,age_aggregate_total,geo_cov_urb,2017,18.207
bgd,sex_f,age_aggregate_total,geo_cov_urb,2023,9.096
bgd,sex_f,age_aggregate_total,geo_cov_urb,2024,12.053
bgd,sex_f,age_aggregate_y15_24,geo_cov_nat,2013,10.392
bgd,sex_f,age_aggregate_y15_24,geo_cov_nat,2017,24.202
bgd,sex_f,age_aggregate_y15_24,geo_cov_nat,2023,7.772
bgd,sex_f,age_aggregate_y15_24,geo_cov_nat,2024,10.413
bgd,sex_f,age_aggregate_y15_24,geo_cov_rur,2013,10.156
bgd,sex_f,age_aggregate_y15_24,geo_cov_rur,2017,24.623
bgd,sex_f,age_aggregate_y15_24,geo_cov_rur,2023,6.449
bgd,sex_f,age_aggregate_y15_24,geo_cov_rur,2024,8.427
bgd,sex_f,age_aggregate_y15_24,geo_cov_urb,2013,10.979
bgd,sex_f,age_aggregate_y15_24,geo_cov_urb,2017,23.413
bgd,sex_f,age_aggregate_y15_24,geo_cov_urb,2023,17.105
bgd,sex_f,age_aggregate_y15_24,geo_cov_urb,2024,24.416
bgd,sex_f,age_aggregate_y25_54,geo_cov_nat,2013,10.484
bgd,sex_f,age_aggregate_y25_54,geo_cov_nat,2017,10.749
bgd,sex_f,age_aggregate_y25_54,geo_cov_nat,2023,4.68
bgd,sex_f,age_aggregate_y25_54,geo_cov_nat,2024,6.064
bgd,sex_f,age_aggregate_y25_54,geo_cov_rur,2013,6.145
bgd,sex_f,age_aggregate_y25_54,geo_cov_rur,2017,8.521
bgd,sex_f,age_aggregate_y25_54,geo_cov_rur,2023,3.901
bgd,sex_f,age_aggregate_y25_54,geo_cov_rur,2024,5.149
bgd,sex_f,age_aggregate_y25_54,geo_cov_urb,2013,20.379
bgd,sex_f,age_aggregate_y25_54,geo_cov_urb,2017,17.459
bgd,sex_f,age_aggregate_y25_54,geo_cov_urb,2023,7.601
bgd,sex_f,age_aggregate_y25_54,geo_cov_urb,2024,9.561
bgd,sex_f,age_aggregate_y55_64,geo_cov_nat,2013,1.713
bgd,sex_f,age_aggregate_y55_64,geo_cov_nat,2017,1.548
bgd,sex_f,age_aggregate_y55_64,geo_cov_nat,2023,1.363
bgd,sex_f,age_aggregate_y55_64,geo_cov_nat,2024,2.394
bgd,sex_f,age_aggregate_y55_64,geo_cov_rur,2013,1.872
bgd,sex_f,age_aggregate_y55_64,geo_cov_rur,2017,1.525
bgd,sex_f,age_aggregate_y55_64,geo_cov_rur,2023,1.381
bgd,sex_f,age_aggregate_y55_64,geo_cov_rur,2024,2.498
bgd,sex_f,age_aggregate_y55_64,geo_cov_urb,2013,1.118
bgd,sex_f,age_aggregate_y55_64,geo_cov_urb,2017,1.662
bgd,sex_f,age_aggregate_y55_64,geo_cov_urb,2023,1.282
bgd,sex_f,age_aggregate_y55_64,geo_cov_urb,2024,1.947
bgd,sex_f,age_aggregate_yge65,geo_cov_nat,2013,1.17
bgd,sex_f,age_aggregate_yge65,geo_cov_nat,2017,1.774
bgd,sex_f,age_aggregate_yge65,geo_cov_nat,2023,1.316
bgd,sex_f,age_aggregate_yge65,geo_cov_nat,2024,3.44
bgd,sex_f,age_aggregate_yge65,geo_cov_rur,2017,1.718
bgd,sex_f,age_aggregate_yge65,geo_cov_rur,2023,0.841
bgd,sex_f,age_aggregate_yge65,geo_cov_rur,2024,3.314
bgd,sex_f,age_aggregate_yge65,geo_cov_urb,2013,2.442
bgd,sex_f,age_aggregate_yge65,geo_cov_urb,2017,2.053
bgd,sex_f,age_aggregate_yge65,geo_cov_urb,2024,4.136
bgd,sex_f,age_ythadult_y15_24,geo_cov_nat,2013,10.392
bgd,sex_f,age_ythadult_y15_24,geo_cov_nat,2017,24.202
bgd,sex_f,age_ythadult_y15_24,geo_cov_nat,2023,7.772
bgd,sex_f,age_ythadult_y15_24,geo_cov_nat,2024,10.413
bgd,sex_f,age_ythadult_y15_24,geo_cov_rur,2013,10.156
bgd,sex_f,age_ythadult_y15_24,geo_cov_rur,2017,24.623
bgd,sex_f,age_ythadult_y15_24,geo_cov_rur,2023,6.449
bgd,sex_f,age_ythadult_y15_24,geo_cov_rur,2024,8.427
bgd,sex_f,age_ythadult_y15_24,geo_cov_urb,2013,10.979
bgd,sex_f,age_ythadult_y15_24,geo_cov_urb,2017,23.413
bgd,sex_f,age_ythadult_y15_24,geo_cov_urb,2023,17.105
bgd,sex_f,age_ythadult_y15_24,geo_cov_urb,2024,24.416
bgd,sex_f,age_ythadult_y15_64,geo_cov_nat,2013,9.997
bgd,sex_f,age_ythadult_y15_64,geo_cov_nat,2017,12.761
bgd,sex_f,age_ythadult_y15_64,geo_cov_nat,2023,5.411
bgd,sex_f,age_ythadult_y15_64,geo_cov_nat,2024,7.157
bgd,sex_f,age_ythadult_y15_64,geo_cov_rur,2017,10.765
bgd,sex_f,age_ythadult_y15_64,geo_cov_rur,2023,4.568
bgd,sex_f,age_ythadult_y15_64,geo_cov_rur,2024,6.047
bgd,sex_f,age_ythadult_y15_64,geo_cov_urb,2013,16.689
bgd,sex_f,age_ythadult_y15_64,geo_cov_urb,2017,18.351
bgd,sex_f,age_ythadult_y15_64,geo_cov_urb,2023,9.167
bgd,sex_f,age_ythadult_y15_64,geo_cov_urb,2024,12.14
bgd,sex_f,age_ythadult_yge15,geo_cov_nat,2013,9.741
bgd,sex_f,age_ythadult_yge15,geo_cov_nat,2017,12.61
bgd,sex_f,age_ythadult_yge15,geo_cov_nat,2023,5.354
bgd,sex_f,age_ythadult_yge15,geo_cov_nat,2024,7.109
bgd,sex_f,age_ythadult_yge15,geo_cov_rur,2013,7.004
bgd,sex_f,age_ythadult_yge15,geo_cov_rur,2017,10.624
bgd,sex_f,age_ythadult_yge15,geo_cov_rur,2023,4.515
bgd,sex_f,age_ythadult_yge15,geo_cov_rur,2024,6.011
bgd,sex_f,age_ythadult_yge15,geo_cov_urb,2013,16.397
bgd,sex_f,age_ythadult_yge15,geo_cov_urb,2017,18.207
bgd,sex_f,age_ythadult_yge15,geo_cov_urb,2023,9.096
bgd,sex_f,age_ythadult_yge15,geo_cov_urb,2024,12.053
bgd,sex_f,age_ythadult_yge25,geo_cov_nat,2013,9.442
bgd,sex_f,age_ythadult_yge25,geo_cov_nat,2017,9.922
bgd,sex_f,age_ythadult_yge25,geo_cov_nat,2023,4.365
bgd,sex_f,age_ythadult_yge25,geo_cov_nat,2024,5.766
bgd,sex_f,age_ythadult_yge25,geo_cov_rur,2013,5.54
bgd,sex_f,age_ythadult_yge25,geo_cov_rur,2017,7.831
bgd,sex_f,age_ythadult_yge25,geo_cov_rur,2023,3.642
bgd,sex_f,age_ythadult_yge25,geo_cov_rur,2024,4.929
bgd,sex_f,age_ythadult_yge25,geo_cov_urb,2013,18.824
bgd,sex_f,age_ythadult_yge25,geo_cov_urb,2017,16.473
bgd,sex_f,age_ythadult_yge25,geo_cov_urb,2023,7.133
bgd,sex_f,age_ythadult_yge25,geo_cov_urb,2024,9.011
bgd,sex_m,age_aggregate_total,geo_cov_nat,2013,3.322
bgd,sex_m,age_aggregate_total,geo_cov_nat,2017,4.782
bgd,sex_m,age_aggregate_total,geo_cov_nat,2023,4.036
bgd,sex_m,age_aggregate_total,geo_cov_nat,2024,4.618
bgd,sex_m,age_aggregate_total,geo_cov_rur,2013,2.923
bgd,sex_m,age_aggregate_total,geo_cov_rur,2017,4.707
bgd,sex_m,age_aggregate_total,geo_cov_rur,2023,4.054
bgd,sex_m,age_aggregate_total,geo_cov_rur,2024,4.732
bgd,sex_m,age_aggregate_total,geo_cov_urb,2013,4.326
bgd,sex_m,age_aggregate_total,geo_cov_urb,2017,4.963
bgd,sex_m,age_aggregate_total,geo_cov_urb,2023,3.992
bgd,sex_m,age_aggregate_total,geo_cov_urb,2024,4.356
bgd,sex_m,age_aggregate_y15_24,geo_cov_nat,2013,10.343
bgd,sex_m,age_aggregate_y15_24,geo_cov_nat,2017,16.288
bgd,sex_m,age_aggregate_y15_24,geo_cov_nat,2023,13.916
bgd,sex_m,age_aggregate_y15_24,geo_cov_nat,2024,17.936
bgd,sex_m,age_aggregate_y15_24,geo_cov_rur,2013,9.627
bgd,sex_m,age_aggregate_y15_24,geo_cov_rur,2017,16.17
bgd,sex_m,age_aggregate_y15_24,geo_cov_rur,2023,14.267
bgd,sex_m,age_aggregate_y15_24,geo_cov_rur,2024,18.579
bgd,sex_m,age_aggregate_y15_24,geo_cov_urb,2013,12.504
bgd,sex_m,age_aggregate_y15_24,geo_cov_urb,2017,16.595
bgd,sex_m,age_aggregate_y15_24,geo_cov_urb,2023,13.001
bgd,sex_m,age_aggregate_y15_24,geo_cov_urb,2024,16.336
bgd,sex_m,age_aggregate_y25_54,geo_cov_nat,2013,2.027
bgd,sex_m,age_aggregate_y25_54,geo_cov_nat,2017,2.527
bgd,sex_m,age_aggregate_y25_54,geo_cov_nat,2023,2.412
bgd,sex_m,age_aggregate_y25_54,geo_cov_nat,2024,2.604
bgd,sex_m,age_aggregate_y25_54,geo_cov_rur,2013,1.563
bgd,sex_m,age_aggregate_y25_54,geo_cov_rur,2017,2.371
bgd,sex_m,age_aggregate_y25_54,geo_cov_rur,2023,2.318
bgd,sex_m,age_aggregate_y25_54,geo_cov_rur,2024,2.589
bgd,sex_m,age_aggregate_y25_54,geo_cov_urb,2013,3.062
bgd,sex_m,age_aggregate_y25_54,geo_cov_urb,2017,2.869
bgd,sex_m,age_aggregate_y25_54,geo_cov_urb,2023,2.61
bgd,sex_m,age_aggregate_y25_54,geo_cov_urb,2024,2.636
bgd,sex_m,age_aggregate_y55_64,geo_cov_nat,2013,0.838
bgd,sex_m,age_aggregate_y55_64,geo_cov_nat,2017,1.195
bgd,sex_m,age_aggregate_y55_64,geo_cov_nat,2023,0.736
bgd,sex_m,age_aggregate_y55_64,geo_cov_nat,2024,1.092
bgd,sex_m,age_aggregate_y55_64,geo_cov_rur,2013,0.655
bgd,sex_m,age_aggregate_y55_64,geo_cov_rur,2017,1.213
bgd,sex_m,age_aggregate_y55_64,geo_cov_rur,2023,0.593
bgd,sex_m,age_aggregate_y55_64,geo_cov_rur,2024,1.077
bgd,sex_m,age_aggregate_y55_64,geo_cov_urb,2013,1.393
bgd,sex_m,age_aggregate_y55_64,geo_cov_urb,2017,1.142
bgd,sex_m,age_aggregate_y55_64,geo_cov_urb,2023,1.157
bgd,sex_m,age_aggregate_y55_64,geo_cov_urb,2024,1.135
bgd,sex_m,age_aggregate_yge65,geo_cov_nat,2013,0.746
bgd,sex_m,age_aggregate_yge65,geo_cov_nat,2017,1.218
bgd,sex_m,age_aggregate_yge65,geo_cov_nat,2023,0.762
bgd,sex_m,age_aggregate_yge65,geo_cov_nat,2024,0.864
bgd,sex_m,age_aggregate_yge65,geo_cov_rur,2013,0.653
bgd,sex_m,age_aggregate_yge65,geo_cov_rur,2017,1.369
bgd,sex_m,age_aggregate_yge65,geo_cov_rur,2023,0.789
bgd,sex_m,age_aggregate_yge65,geo_cov_rur,2024,0.898
bgd,sex_m,age_aggregate_yge65,geo_cov_urb,2013,1.195
bgd,sex_m,age_aggregate_yge65,geo_cov_urb,2017,0.582
bgd,sex_m,age_aggregate_yge65,geo_cov_urb,2023,0.663
bgd,sex_m,age_aggregate_yge65,geo_cov_urb,2024,0.733
bgd,sex_m,age_ythadult_y15_24,geo_cov_nat,2013,10.343
bgd,sex_m,age_ythadult_y15_24,geo_cov_nat,2017,16.288
bgd,sex_m,age_ythadult_y15_24,geo_cov_nat,2023,13.916
bgd,sex_m,age_ythadult_y15_24,geo_cov_nat,2024,17.936
bgd,sex_m,age_ythadult_y15_24,geo_cov_rur,2013,9.627
bgd,sex_m,age_ythadult_y15_24,geo_cov_rur,2017,16.17
bgd,sex_m,age_ythadult_y15_24,geo_cov_rur,2023,14.267
bgd,sex_m,age_ythadult_y15_24,geo_cov_rur,2024,18.579
bgd,sex_m,age_ythadult_y15_24,geo_cov_urb,2013,12.504
bgd,sex_m,age_ythadult_y15_24,geo_cov_urb,2017,16.595
bgd,sex_m,age_ythadult_y15_24,geo_cov_urb,2023,13.001
bgd,sex_m,age_ythadult_y15_24,geo_cov_urb,2024,16.336
bgd,sex_m,age_ythadult_y15_64,geo_cov_nat,2013,3.473
bgd,sex_m,age_ythadult_y15_64,geo_cov_nat,2017,4.968
bgd,sex_m,age_ythadult_y15_64,geo_cov_nat,2023,4.226
bgd,sex_m,age_ythadult_y15_64,geo_cov_nat,2024,4.833
bgd,sex_m,age_ythadult_y15_64,geo_cov_rur,2017,4.907
bgd,sex_m,age_ythadult_y15_64,geo_cov_rur,2023,4.27
bgd,sex_m,age_ythadult_y15_64,geo_cov_rur,2024,4.984
bgd,sex_m,age_ythadult_y15_64,geo_cov_urb,2013,4.433
bgd,sex_m,age_ythadult_y15_64,geo_cov_urb,2017,5.11
bgd,sex_m,age_ythadult_y15_64,geo_cov_urb,2023,4.127
bgd,sex_m,age_ythadult_y15_64,geo_cov_urb,2024,4.493
bgd,sex_m,age_ythadult_yge15,geo_cov_nat,2013,3.322
bgd,sex_m,age_ythadult_yge15,geo_cov_nat,2017,4.782
bgd,sex_m,age_ythadult_yge15,geo_cov_nat,2023,4.036
bgd,sex_m,age_ythadult_yge15,geo_cov_nat,2024,4.618
bgd,sex_m,age_ythadult_yge15,geo_cov_rur,2013,2.923
bgd,sex_m,age_ythadult_yge15,geo_cov_rur,2017,4.707
bgd,sex_m,age_ythadult_yge15,geo_cov_rur,2023,4.054
bgd,sex_m,age_ythadult_yge15,geo_cov_rur,2024,4.732
bgd,sex_m,age_ythadult_yge15,geo_cov_urb,2013,4.326
bgd,sex_m,age_ythadult_yge15,geo_cov_urb,2017,4.963
bgd,sex_m,age_ythadult_yge15,geo_cov_urb,2023,3.992
bgd,sex_m,age_ythadult_yge15,geo_cov_urb,2024,4.356
bgd,sex_m,age_ythadult_yge25,geo_cov_nat,2013,1.782
bgd,sex_m,age_ythadult_yge25,geo_cov_nat,2017,2.271
bgd,sex_m,age_ythadult_yge25,geo_cov_nat,2023,2.073
bgd,sex_m,age_ythadult_yge25,geo_cov_nat,2024,2.289
bgd,sex_m,age_ythadult_yge25,geo_cov_rur,2013,1.362
bgd,sex_m,age_ythadult_yge25,geo_cov_rur,2017,2.137
bgd,sex_m,age_ythadult_yge25,geo_cov_rur,2023,1.951
bgd,sex_m,age_ythadult_yge25,geo_cov_rur,2024,2.248
bgd,sex_m,age_ythadult_yge25,geo_cov_urb,2013,2.799
bgd,sex_m,age_ythadult_yge25,geo_cov_urb,2017,2.587
bgd,sex_m,age_ythadult_yge25,geo_cov_urb,2023,2.354
bgd,sex_m,age_ythadult_yge25,geo_cov_urb,2024,2.383
bgd,sex_t,age_aggregate_total,geo_cov_nat,2013,5.276
bgd,sex_t,age_aggregate_total,geo_cov_nat,2017,7.327
bgd,sex_t,age_aggregate_total,geo_cov_nat,2023,4.495
bgd,sex_t,age_aggregate_total,geo_cov_nat,2024,5.458
bgd,sex_t,age_aggregate_total,geo_cov_rur,2013,4.157
bgd,sex_t,age_aggregate_total,geo_cov_rur,2017,6.688
bgd,sex_t,age_aggregate_total,geo_cov_rur,2023,4.231
bgd,sex_t,age_aggregate_total,geo_cov_rur,2024,5.209
bgd,sex_t,age_aggregate_total,geo_cov_urb,2013,8.062
bgd,sex_t,age_aggregate_total,geo_cov_urb,2017,8.94
bgd,sex_t,age_aggregate_total,geo_cov_urb,2023,5.25
bgd,sex_t,age_aggregate_total,geo_cov_urb,2024,6.162
bgd,sex_t,age_aggregate_y15_24,geo_cov_nat,2013,10.364
bgd,sex_t,age_aggregate_y15_24,geo_cov_nat,2017,18.947
bgd,sex_t,age_aggregate_y15_24,geo_cov_nat,2023,10.945
bgd,sex_t,age_aggregate_y15_24,geo_cov_nat,2024,14.203
bgd,sex_t,age_aggregate_y15_24,geo_cov_rur,2013,9.85
bgd,sex_t,age_aggregate_y15_24,geo_cov_rur,2017,18.823
bgd,sex_t,age_aggregate_y15_24,geo_cov_rur,2023,10.111
bgd,sex_t,age_aggregate_y15_24,geo_cov_rur,2024,13.018
bgd,sex_t,age_aggregate_y15_24,geo_cov_urb,2013,11.79
bgd,sex_t,age_aggregate_y15_24,geo_cov_urb,2017,19.236
bgd,sex_t,age_aggregate_y15_24,geo_cov_urb,2023,14.212
bgd,sex_t,age_aggregate_y15_24,geo_cov_urb,2024,18.773
bgd,sex_t,age_aggregate_y25_54,geo_cov_nat,2013,4.461
bgd,sex_t,age_aggregate_y25_54,geo_cov_nat,2017,5.4
bgd,sex_t,age_aggregate_y25_54,geo_cov_nat,2023,3.184
bgd,sex_t,age_aggregate_y25_54,geo_cov_nat,2024,3.733
bgd,sex_t,age_aggregate_y25_54,geo_cov_rur,2013,2.888
bgd,sex_t,age_aggregate_y25_54,geo_cov_rur,2017,4.645
bgd,sex_t,age_aggregate_y25_54,geo_cov_rur,2023,2.911
bgd,sex_t,age_aggregate_y25_54,geo_cov_rur,2024,3.513
bgd,sex_t,age_aggregate_y25_54,geo_cov_urb,2013,7.988
bgd,sex_t,age_aggregate_y25_54,geo_cov_urb,2017,7.241
bgd,sex_t,age_aggregate_y25_54,geo_cov_urb,2023,3.877
bgd,sex_t,age_aggregate_y25_54,geo_cov_urb,2024,4.289
bgd,sex_t,age_aggregate_y55_64,geo_cov_nat,2013,0.986
bgd,sex_t,age_aggregate_y55_64,geo_cov_nat,2017,1.269
bgd,sex_t,age_aggregate_y55_64,geo_cov_nat,2023,0.861
bgd,sex_t,age_aggregate_y55_64,geo_cov_nat,2024,1.322
bgd,sex_t,age_aggregate_y55_64,geo_cov_rur,2013,0.868
bgd,sex_t,age_aggregate_y55_64,geo_cov_rur,2017,1.283
bgd,sex_t,age_aggregate_y55_64,geo_cov_rur,2023,0.763
bgd,sex_t,age_aggregate_y55_64,geo_cov_rur,2024,1.347
bgd,sex_t,age_aggregate_y55_64,geo_cov_urb,2013,1.352
bgd,sex_t,age_aggregate_y55_64,geo_cov_urb,2017,1.22
bgd,sex_t,age_aggregate_y55_64,geo_cov_urb,2023,1.175
bgd,sex_t,age_aggregate_y55_64,geo_cov_urb,2024,1.245
bgd,sex_t,age_aggregate_yge65,geo_cov_nat,2013,0.825
bgd,sex_t,age_aggregate_yge65,geo_cov_nat,2017,1.284
bgd,sex_t,age_aggregate_yge65,geo_cov_nat,2023,0.829
bgd,sex_t,age_aggregate_yge65,geo_cov_nat,2024,1.142
bgd,sex_t,age_aggregate_yge65,geo_cov_rur,2013,0.687
bgd,sex_t,age_aggregate_yge65,geo_cov_rur,2017,1.411
bgd,sex_t,age_aggregate_yge65,geo_cov_rur,2023,0.796
bgd,sex_t,age_aggregate_yge65,geo_cov_rur,2024,1.171
bgd,sex_t,age_aggregate_yge65,geo_cov_urb,2013,1.466
bgd,sex_t,age_aggregate_yge65,geo_cov_urb,2017,0.737
bgd,sex_t,age_aggregate_yge65,geo_cov_urb,2023,0.956
bgd,sex_t,age_aggregate_yge65,geo_cov_urb,2024,1.023
bgd,sex_t,age_ythadult_y15_24,geo_cov_nat,2013,10.364
bgd,sex_t,age_ythadult_y15_24,geo_cov_nat,2017,18.947
bgd,sex_t,age_ythadult_y15_24,geo_cov_nat,2023,10.945
bgd,sex_t,age_ythadult_y15_24,geo_cov_nat,2024,14.203
bgd,sex_t,age_ythadult_y15_24,geo_cov_rur,2013,9.85
bgd,sex_t,age_ythadult_y15_24,geo_cov_rur,2017,18.823
bgd,sex_t,age_ythadult_y15_24,geo_cov_rur,2023,10.111
bgd,sex_t,age_ythadult_y15_24,geo_cov_rur,2024,13.018
bgd,sex_t,age_ythadult_y15_24,geo_cov_urb,2013,11.79
bgd,sex_t,age_ythadult_y15_24,geo_cov_urb,2017,19.236
bgd,sex_t,age_ythadult_y15_24,geo_cov_urb,2023,14.212
bgd,sex_t,age_ythadult_y15_24,geo_cov_urb,2024,18.773
bgd,sex_t,age_ythadult_y15_64,geo_cov_nat,2013,5.497
bgd,sex_t,age_ythadult_y15_64,geo_cov_nat,2017,7.564
bgd,sex_t,age_ythadult_y15_64,geo_cov_nat,2023,4.65
bgd,sex_t,age_ythadult_y15_64,geo_cov_nat,2024,5.639
bgd,sex_t,age_ythadult_y15_64,geo_cov_rur,2017,6.924
bgd,sex_t,age_ythadult_y15_64,geo_cov_rur,2023,4.388
bgd,sex_t,age_ythadult_y15_64,geo_cov_rur,2024,5.393
bgd,sex_t,age_ythadult_y15_64,geo_cov_urb,2013,8.26
bgd,sex_t,age_ythadult_y15_64,geo_cov_urb,2017,9.153
bgd,sex_t,age_ythadult_y15_64,geo_cov_urb,2023,5.395
bgd,sex_t,age_ythadult_y15_64,geo_cov_urb,2024,6.324
bgd,sex_t,age_ythadult_yge15,geo_cov_nat,2013,5.276
bgd,sex_t,age_ythadult_yge15,geo_cov_nat,2017,7.327
bgd,sex_t,age_ythadult_yge15,geo_cov_nat,2023,4.495
bgd,sex_t,age_ythadult_yge15,geo_cov_nat,2024,5.458
bgd,sex_t,age_ythadult_yge15,geo_cov_rur,2013,4.157
bgd,sex_t,age_ythadult_yge15,geo_cov_rur,2017,6.688
bgd,sex_t,age_ythadult_yge15,geo_cov_rur,2023,4.231
bgd,sex_t,age_ythadult_yge15,geo_cov_rur,2024,5.209
bgd,sex_t,age_ythadult_yge15,geo_cov_urb,2013,8.062
bgd,sex_t,age_ythadult_yge15,geo_cov_urb,2017,8.94
bgd,sex_t,age_ythadult_yge15,geo_cov_urb,2023,5.25
bgd,sex_t,age_ythadult_yge15,geo_cov_urb,2024,6.162
bgd,sex_t,age_ythadult_yge25,geo_cov_nat,2013,3.833
bgd,sex_t,age_ythadult_yge25,geo_cov_nat,2017,4.74
bgd,sex_t,age_ythadult_yge25,geo_cov_nat,2023,2.789
bgd,sex_t,age_ythadult_yge25,geo_cov_nat,2024,3.325
bgd,sex_t,age_ythadult_yge25,geo_cov_rur,2013,2.479
bgd,sex_t,age_ythadult_yge25,geo_cov_rur,2017,4.07
bgd,sex_t,age_ythadult_yge25,geo_cov_rur,2023,2.527
bgd,sex_t,age_ythadult_yge25,geo_cov_rur,2024,3.123
bgd,sex_t,age_ythadult_yge25,geo_cov_urb,2013,7.104
bgd,sex_t,age_ythadult_yge25,geo_cov_urb,2017,6.467
bgd,sex_t,age_ythadult_yge25,geo_cov_urb,2023,3.487
bgd,sex_t,age_ythadult_yge25,geo_cov_urb,2024,3.857
bgr,sex_f,age_aggregate_total,geo_cov_nat,2006,18.282
bgr,sex_f,age_aggregate_total,geo_cov_nat,2007,14.475
bgr,sex_f,age_aggregate_total,geo_cov_nat,2008,11.386
bgr,sex_f,age_aggregate_total,geo_cov_nat,2009,12.883
bgr,sex_f,age_aggregate_total,geo_cov_nat,2010,16.406
bgr,sex_f,age_aggregate_total,geo_cov_nat,2011,17.31
bgr,sex_f,age_aggregate_total,geo_cov_nat,2012,17.943
bgr,sex_f,age_aggregate_total,geo_cov_nat,2013,18.208
bgr,sex_f,age_aggregate_total,geo_cov_nat,2014,16.542
bgr,sex_f,age_aggregate_total,geo_cov_nat,2015,14.27
bgr,sex_f,age_aggregate_total,geo_cov_nat,2016,12.711
bgr,sex_f,age_aggregate_total,geo_cov_nat,2017,10.484
bgr,sex_f,age_aggregate_total,geo_cov_nat,2018,8.439
bgr,sex_f,age_aggregate_total,geo_cov_nat,2019,6.809
bgr,sex_f,age_aggregate_total,geo_cov_nat,2020,7.613
bgr,sex_f,age_aggregate_total,geo_cov_nat,2021,8.268
bgr,sex_f,age_aggregate_total,geo_cov_nat,2022,6.927
bgr,sex_f,age_aggregate_total,geo_cov_nat,2023,6.496
bgr,sex_f,age_aggregate_total,geo_cov_nat,2024,5.688
bgr,sex_f,age_aggregate_total,geo_cov_rur,2006,21.883
bgr,sex_f,age_aggregate_total,geo_cov_rur,2007,19.682
bgr,sex_f,age_aggregate_total,geo_cov_rur,2008,15.747
bgr,sex_f,age_aggregate_total,geo_cov_rur,2009,17.058
bgr,sex_f,age_aggregate_total,geo_cov_rur,2010,22.052
bgr,sex_f,age_aggregate_total,geo_cov_rur,2011,22.866
bgr,sex_f,age_aggregate_total,geo_cov_rur,2012,27.181
bgr,sex_f,age_aggregate_total,geo_cov_rur,2013,28.69
bgr,sex_f,age_aggregate_total,geo_cov_rur,2014,27.738
bgr,sex_f,age_aggregate_total,geo_cov_rur,2015,26.725
bgr,sex_f,age_aggregate_total,geo_cov_rur,2016,23.445
bgr,sex_f,age_aggregate_total,geo_cov_rur,2017,19.825
bgr,sex_f,age_aggregate_total,geo_cov_rur,2018,16.588
bgr,sex_f,age_aggregate_total,geo_cov_rur,2019,12.882
bgr,sex_f,age_aggregate_total,geo_cov_rur,2020,14.823
bgr,sex_f,age_aggregate_total,geo_cov_rur,2021,15.833
bgr,sex_f,age_aggregate_total,geo_cov_rur,2022,13.222
bgr,sex_f,age_aggregate_total,geo_cov_rur,2023,14.334
bgr,sex_f,age_aggregate_total,geo_cov_rur,2024,11.774
bgr,sex_f,age_aggregate_total,geo_cov_urb,2006,13.529
bgr,sex_f,age_aggregate_total,geo_cov_urb,2007,10.139
bgr,sex_f,age_aggregate_total,geo_cov_urb,2008,7.813
bgr,sex_f,age_aggregate_total,geo_cov_urb,2009,9.447
bgr,sex_f,age_aggregate_total,geo_cov_urb,2010,12.002
bgr,sex_f,age_aggregate_total,geo_cov_urb,2011,12.958
bgr,sex_f,age_aggregate_total,geo_cov_urb,2012,14.217
bgr,sex_f,age_aggregate_total,geo_cov_urb,2013,14.166
bgr,sex_f,age_aggregate_total,geo_cov_urb,2014,12.634
bgr,sex_f,age_aggregate_total,geo_cov_urb,2015,9.687
bgr,sex_f,age_aggregate_total,geo_cov_urb,2016,9.045
bgr,sex_f,age_aggregate_total,geo_cov_urb,2017,7.383
bgr,sex_f,age_aggregate_total,geo_cov_urb,2018,5.895
bgr,sex_f,age_aggregate_total,geo_cov_urb,2019,4.949
bgr,sex_f,age_aggregate_total,geo_cov_urb,2020,5.263
bgr,sex_f,age_aggregate_total,geo_cov_urb,2021,5.899
bgr,sex_f,age_aggregate_total,geo_cov_urb,2022,4.962
bgr,sex_f,age_aggregate_total,geo_cov_urb,2023,4.046
bgr,sex_f,age_aggregate_total,geo_cov_urb,2024,3.737
bgr,sex_f,age_aggregate_total,geo_cov_x,2006,21.166
bgr,sex_f,age_aggregate_y15_24,geo_cov_nat,2006,36.351
bgr,sex_f,age_aggregate_y15_24,geo_cov_nat,2007,29.405
bgr,sex_f,age_aggregate_y15_24,geo_cov_nat,2008,22.868
bgr,sex_f,age_aggregate_y15_24,geo_cov_nat,2009,28.184
bgr,sex_f,age_aggregate_y15_24,geo_cov_nat,2010,34.338
bgr,sex_f,age_aggregate_y15_24,geo_cov_nat,2011,38.33
bgr,sex_f,age_aggregate_y15_24,geo_cov_nat,2012,39.573
bgr,sex_f,age_aggregate_y15_24,geo_cov_nat,2013,38.648
bgr,sex_f,age_aggregate_y15_24,geo_cov_nat,2014,37.157
bgr,sex_f,age_aggregate_y15_24,geo_cov_nat,2015,37.886
bgr,sex_f,age_aggregate_y15_24,geo_cov_nat,2016,31.075
bgr,sex_f,age_aggregate_y15_24,geo_cov_nat,2017,23.008
bgr,sex_f,age_aggregate_y15_24,geo_cov_nat,2018,21.573
bgr,sex_f,age_aggregate_y15_24,geo_cov_nat,2019,16.469
bgr,sex_f,age_aggregate_y15_24,geo_cov_nat,2020,22.443
bgr,sex_f,age_aggregate_y15_24,geo_cov_nat,2021,25.3
bgr,sex_f,age_aggregate_y15_24,geo_cov_nat,2022,20.919
bgr,sex_f,age_aggregate_y15_24,geo_cov_nat,2023,17.738
bgr,sex_f,age_aggregate_y15_24,geo_cov_nat,2024,18.531
bgr,sex_f,age_aggregate_y15_24,geo_cov_rur,2006,44.301
bgr,sex_f,age_aggregate_y15_24,geo_cov_rur,2007,39.667
bgr,sex_f,age_aggregate_y15_24,geo_cov_rur,2008,30.294
bgr,sex_f,age_aggregate_y15_24,geo_cov_rur,2009,34.636
bgr,sex_f,age_aggregate_y15_24,geo_cov_rur,2010,46.831
bgr,sex_f,age_aggregate_y15_24,geo_cov_rur,2011,50.14
bgr,sex_f,age_aggregate_y15_24,geo_cov_rur,2012,52.172
bgr,sex_f,age_aggregate_y15_24,geo_cov_rur,2013,47.73
bgr,sex_f,age_aggregate_y15_24,geo_cov_rur,2014,52.809
bgr,sex_f,age_aggregate_y15_24,geo_cov_rur,2015,50.406
bgr,sex_f,age_aggregate_y15_24,geo_cov_rur,2016,37.382
bgr,sex_f,age_aggregate_y15_24,geo_cov_rur,2017,40.65
bgr,sex_f,age_aggregate_y15_24,geo_cov_rur,2018,30.883
bgr,sex_f,age_aggregate_y15_24,geo_cov_rur,2019,29.509
bgr,sex_f,age_aggregate_y15_24,geo_cov_rur,2020,36.065
bgr,sex_f,age_aggregate_y15_24,geo_cov_rur,2021,37.371
bgr,sex_f,age_aggregate_y15_24,geo_cov_rur,2022,35.003
bgr,sex_f,age_aggregate_y15_24,geo_cov_rur,2023,30.253
bgr,sex_f,age_aggregate_y15_24,geo_cov_rur,2024,35.989
bgr,sex_f,age_aggregate_y15_24,geo_cov_urb,2006,25.192
bgr,sex_f,age_aggregate_y15_24,geo_cov_urb,2007,20.089
bgr,sex_f,age_aggregate_y15_24,geo_cov_urb,2008,16.36
bgr,sex_f,age_aggregate_y15_24,geo_cov_urb,2009,22.288
bgr,sex_f,age_aggregate_y15_24,geo_cov_urb,2010,25.177
bgr,sex_f,age_aggregate_y15_24,geo_cov_urb,2011,28.543
bgr,sex_f,age_aggregate_y15_24,geo_cov_urb,2012,32.834
bgr,sex_f,age_aggregate_y15_24,geo_cov_urb,2013,33.729
bgr,sex_f,age_aggregate_y15_24,geo_cov_urb,2014,29.29
bgr,sex_f,age_aggregate_y15_24,geo_cov_urb,2015,29.363
bgr,sex_f,age_aggregate_y15_24,geo_cov_urb,2016,27.408
bgr,sex_f,age_aggregate_y15_24,geo_cov_urb,2017,13.982
bgr,sex_f,age_aggregate_y15_24,geo_cov_urb,2018,16.289
bgr,sex_f,age_aggregate_y15_24,geo_cov_urb,2019,9.891
bgr,sex_f,age_aggregate_y15_24,geo_cov_urb,2020,15.335
bgr,sex_f,age_aggregate_y15_24,geo_cov_urb,2021,19.389
bgr,sex_f,age_aggregate_y15_24,geo_cov_urb,2022,14.388
bgr,sex_f,age_aggregate_y15_24,geo_cov_urb,2023,11.625
bgr,sex_f,age_aggregate_y15_24,geo_cov_urb,2024,7.98
bgr,sex_f,age_aggregate_y15_24,geo_cov_x,2006,42.934
bgr,sex_f,age_aggregate_y25_54,geo_cov_nat,2006,15.758
bgr,sex_f,age_aggregate_y25_54,geo_cov_nat,2007,12.383
bgr,sex_f,age_aggregate_y25_54,geo_cov_nat,2008,9.975
bgr,sex_f,age_aggregate_y25_54,geo_cov_nat,2009,11.435
bgr,sex_f,age_aggregate_y25_54,geo_cov_nat,2010,14.536
bgr,sex_f,age_aggregate_y25_54,geo_cov_nat,2011,15.323
bgr,sex_f,age_aggregate_y25_54,geo_cov_nat,2012,16.286
bgr,sex_f,age_aggregate_y25_54,geo_cov_nat,2013,16.258
bgr,sex_f,age_aggregate_y25_54,geo_cov_nat,2014,14.814
bgr,sex_f,age_aggregate_y25_54,geo_cov_nat,2015,12.584
bgr,sex_f,age_aggregate_y25_54,geo_cov_nat,2016,11.656
bgr,sex_f,age_aggregate_y25_54,geo_cov_nat,2017,9.751
bgr,sex_f,age_aggregate_y25_54,geo_cov_nat,2018,7.793
bgr,sex_f,age_aggregate_y25_54,geo_cov_nat,2019,6.304
bgr,sex_f,age_aggregate_y25_54,geo_cov_nat,2020,7.11
bgr,sex_f,age_aggregate_y25_54,geo_cov_nat,2021,7.801
bgr,sex_f,age_aggregate_y25_54,geo_cov_nat,2022,6.566
bgr,sex_f,age_aggregate_y25_54,geo_cov_nat,2023,6.21
bgr,sex_f,age_aggregate_y25_54,geo_cov_nat,2024,5.384
bgr,sex_f,age_aggregate_y25_54,geo_cov_rur,2006,18.775
bgr,sex_f,age_aggregate_y25_54,geo_cov_rur,2007,17.019
bgr,sex_f,age_aggregate_y25_54,geo_cov_rur,2008,14.075
bgr,sex_f,age_aggregate_y25_54,geo_cov_rur,2009,15.357
bgr,sex_f,age_aggregate_y25_54,geo_cov_rur,2010,19.829
bgr,sex_f,age_aggregate_y25_54,geo_cov_rur,2011,20.29
bgr,sex_f,age_aggregate_y25_54,geo_cov_rur,2012,24.928
bgr,sex_f,age_aggregate_y25_54,geo_cov_rur,2013,25.848
bgr,sex_f,age_aggregate_y25_54,geo_cov_rur,2014,25.096
bgr,sex_f,age_aggregate_y25_54,geo_cov_rur,2015,23.886
bgr,sex_f,age_aggregate_y25_54,geo_cov_rur,2016,22.564
bgr,sex_f,age_aggregate_y25_54,geo_cov_rur,2017,17.646
bgr,sex_f,age_aggregate_y25_54,geo_cov_rur,2018,15.44
bgr,sex_f,age_aggregate_y25_54,geo_cov_rur,2019,11.978
bgr,sex_f,age_aggregate_y25_54,geo_cov_rur,2020,13.962
bgr,sex_f,age_aggregate_y25_54,geo_cov_rur,2021,14.538
bgr,sex_f,age_aggregate_y25_54,geo_cov_rur,2022,11.863
bgr,sex_f,age_aggregate_y25_54,geo_cov_rur,2023,13.757
bgr,sex_f,age_aggregate_y25_54,geo_cov_rur,2024,10.67
bgr,sex_f,age_aggregate_y25_54,geo_cov_urb,2006,11.559
bgr,sex_f,age_aggregate_y25_54,geo_cov_urb,2007,8.633
bgr,sex_f,age_aggregate_y25_54,geo_cov_urb,2008,6.708
bgr,sex_f,age_aggregate_y25_54,geo_cov_urb,2009,8.257
bgr,sex_f,age_aggregate_y25_54,geo_cov_urb,2010,10.523
bgr,sex_f,age_aggregate_y25_54,geo_cov_urb,2011,11.551
bgr,sex_f,age_aggregate_y25_54,geo_cov_urb,2012,12.974
bgr,sex_f,age_aggregate_y25_54,geo_cov_urb,2013,12.799
bgr,sex_f,age_aggregate_y25_54,geo_cov_urb,2014,11.388
bgr,sex_f,age_aggregate_y25_54,geo_cov_urb,2015,8.724
bgr,sex_f,age_aggregate_y25_54,geo_cov_urb,2016,8.112
bgr,sex_f,age_aggregate_y25_54,geo_cov_urb,2017,7.288
bgr,sex_f,age_aggregate_y25_54,geo_cov_urb,2018,5.521
bgr,sex_f,age_aggregate_y25_54,geo_cov_urb,2019,4.657
bgr,sex_f,age_aggregate_y25_54,geo_cov_urb,2020,4.992
bgr,sex_f,age_aggregate_y25_54,geo_cov_urb,2021,5.821
bgr,sex_f,age_aggregate_y25_54,geo_cov_urb,2022,5.021
bgr,sex_f,age_aggregate_y25_54,geo_cov_urb,2023,4.061
bgr,sex_f,age_aggregate_y25_54,geo_cov_urb,2024,3.803
bgr,sex_f,age_aggregate_y25_54,geo_cov_x,2006,18.678
bgr,sex_f,age_aggregate_y55_64,geo_cov_nat,2006,20.084
bgr,sex_f,age_aggregate_y55_64,geo_cov_nat,2007,17.24
bgr,sex_f,age_aggregate_y55_64,geo_cov_nat,2008,12.716
bgr,sex_f,age_aggregate_y55_64,geo_cov_nat,2009,12.321
bgr,sex_f,age_aggregate_y55_64,geo_cov_nat,2010,16.128
bgr,sex_f,age_aggregate_y55_64,geo_cov_nat,2011,16.633
bgr,sex_f,age_aggregate_y55_64,geo_cov_nat,2012,16.446
bgr,sex_f,age_aggregate_y55_64,geo_cov_nat,2013,19.314
bgr,sex_f,age_aggregate_y55_64,geo_cov_nat,2014,17.13
bgr,sex_f,age_aggregate_y55_64,geo_cov_nat,2015,14.518
bgr,sex_f,age_aggregate_y55_64,geo_cov_nat,2016,12.576
bgr,sex_f,age_aggregate_y55_64,geo_cov_nat,2017,10.792
bgr,sex_f,age_aggregate_y55_64,geo_cov_nat,2018,8.261
bgr,sex_f,age_aggregate_y55_64,geo_cov_nat,2019,7.196
bgr,sex_f,age_aggregate_y55_64,geo_cov_nat,2020,7.32
bgr,sex_f,age_aggregate_y55_64,geo_cov_nat,2021,7.434
bgr,sex_f,age_aggregate_y55_64,geo_cov_nat,2022,5.832
bgr,sex_f,age_aggregate_y55_64,geo_cov_nat,2023,5.979
bgr,sex_f,age_aggregate_y55_64,geo_cov_nat,2024,5.047
bgr,sex_f,age_aggregate_y55_64,geo_cov_rur,2006,24.078
bgr,sex_f,age_aggregate_y55_64,geo_cov_rur,2007,22.043
bgr,sex_f,age_aggregate_y55_64,geo_cov_rur,2008,17.02
bgr,sex_f,age_aggregate_y55_64,geo_cov_rur,2009,16.303
bgr,sex_f,age_aggregate_y55_64,geo_cov_rur,2010,20.647
bgr,sex_f,age_aggregate_y55_64,geo_cov_rur,2011,21.914
bgr,sex_f,age_aggregate_y55_64,geo_cov_rur,2012,24.825
bgr,sex_f,age_aggregate_y55_64,geo_cov_rur,2013,30.878
bgr,sex_f,age_aggregate_y55_64,geo_cov_rur,2014,28.683
bgr,sex_f,age_aggregate_y55_64,geo_cov_rur,2015,27.831
bgr,sex_f,age_aggregate_y55_64,geo_cov_rur,2016,22.207
bgr,sex_f,age_aggregate_y55_64,geo_cov_rur,2017,21.876
bgr,sex_f,age_aggregate_y55_64,geo_cov_rur,2018,16.716
bgr,sex_f,age_aggregate_y55_64,geo_cov_rur,2019,12.402
bgr,sex_f,age_aggregate_y55_64,geo_cov_rur,2020,13.286
bgr,sex_f,age_aggregate_y55_64,geo_cov_rur,2021,16.167
bgr,sex_f,age_aggregate_y55_64,geo_cov_rur,2022,12.788
bgr,sex_f,age_aggregate_y55_64,geo_cov_rur,2023,13.754
bgr,sex_f,age_aggregate_y55_64,geo_cov_rur,2024,11.019
bgr,sex_f,age_aggregate_y55_64,geo_cov_urb,2006,16.216
bgr,sex_f,age_aggregate_y55_64,geo_cov_urb,2007,12.796
bgr,sex_f,age_aggregate_y55_64,geo_cov_urb,2008,8.863
bgr,sex_f,age_aggregate_y55_64,geo_cov_urb,2009,9.002
bgr,sex_f,age_aggregate_y55_64,geo_cov_urb,2010,11.899
bgr,sex_f,age_aggregate_y55_64,geo_cov_urb,2011,11.981
bgr,sex_f,age_aggregate_y55_64,geo_cov_urb,2012,12.748
bgr,sex_f,age_aggregate_y55_64,geo_cov_urb,2013,14.191
bgr,sex_f,age_aggregate_y55_64,geo_cov_urb,2014,12.918
bgr,sex_f,age_aggregate_y55_64,geo_cov_urb,2015,9.131
bgr,sex_f,age_aggregate_y55_64,geo_cov_urb,2016,9.136
bgr,sex_f,age_aggregate_y55_64,geo_cov_urb,2017,6.623
bgr,sex_f,age_aggregate_y55_64,geo_cov_urb,2018,5.45
bgr,sex_f,age_aggregate_y55_64,geo_cov_urb,2019,5.462
bgr,sex_f,age_aggregate_y55_64,geo_cov_urb,2020,5.176
bgr,sex_f,age_aggregate_y55_64,geo_cov_urb,2021,4.355
bgr,sex_f,age_aggregate_y55_64,geo_cov_urb,2022,3.295
bgr,sex_f,age_aggregate_y55_64,geo_cov_urb,2023,3.069
bgr,sex_f,age_aggregate_y55_64,geo_cov_urb,2024,2.902
bgr,sex_f,age_aggregate_y55_64,geo_cov_x,2006,19.968
bgr,sex_f,age_aggregate_yge65,geo_cov_nat,2006,25.74
bgr,sex_f,age_aggregate_yge65,geo_cov_nat,2007,15.08
bgr,sex_f,age_aggregate_yge65,geo_cov_nat,2008,9.563
bgr,sex_f,age_aggregate_yge65,geo_cov_nat,2009,9.341
bgr,sex_f,age_aggregate_yge65,geo_cov_nat,2010,13.454
bgr,sex_f,age_aggregate_yge65,geo_cov_nat,2011,18.9
bgr,sex_f,age_aggregate_yge65,geo_cov_nat,2012,10.367
bgr,sex_f,age_aggregate_yge65,geo_cov_nat,2013,10.864
bgr,sex_f,age_aggregate_yge65,geo_cov_nat,2014,15.451
bgr,sex_f,age_aggregate_yge65,geo_cov_nat,2015,9.176
bgr,sex_f,age_aggregate_yge65,geo_cov_nat,2016,8.495
bgr,sex_f,age_aggregate_yge65,geo_cov_nat,2017,5.219
bgr,sex_f,age_aggregate_yge65,geo_cov_nat,2018,7.073
bgr,sex_f,age_aggregate_yge65,geo_cov_nat,2019,3.445
bgr,sex_f,age_aggregate_yge65,geo_cov_nat,2020,4.204
bgr,sex_f,age_aggregate_yge65,geo_cov_nat,2021,7.545
bgr,sex_f,age_aggregate_yge65,geo_cov_nat,2022,6.279
bgr,sex_f,age_aggregate_yge65,geo_cov_nat,2023,3.114
bgr,sex_f,age_aggregate_yge65,geo_cov_nat,2024,3.749
bgr,sex_f,age_aggregate_yge65,geo_cov_rur,2006,12.748
bgr,sex_f,age_aggregate_yge65,geo_cov_rur,2007,12.614
bgr,sex_f,age_aggregate_yge65,geo_cov_rur,2009,8.928
bgr,sex_f,age_aggregate_yge65,geo_cov_rur,2011,14.426
bgr,sex_f,age_aggregate_yge65,geo_cov_rur,2012,13.428
bgr,sex_f,age_aggregate_yge65,geo_cov_rur,2013,29.7
bgr,sex_f,age_aggregate_yge65,geo_cov_rur,2014,18.212
bgr,sex_f,age_aggregate_yge65,geo_cov_rur,2015,15.725
bgr,sex_f,age_aggregate_yge65,geo_cov_rur,2016,17.583
bgr,sex_f,age_aggregate_yge65,geo_cov_rur,2018,11.011
bgr,sex_f,age_aggregate_yge65,geo_cov_rur,2020,11.012
bgr,sex_f,age_aggregate_yge65,geo_cov_rur,2021,11.904
bgr,sex_f,age_aggregate_yge65,geo_cov_rur,2022,11.955
bgr,sex_f,age_aggregate_yge65,geo_cov_urb,2006,38.541
bgr,sex_f,age_aggregate_yge65,geo_cov_urb,2007,17.682
bgr,sex_f,age_aggregate_yge65,geo_cov_urb,2008,14.339
bgr,sex_f,age_aggregate_yge65,geo_cov_urb,2009,9.756
bgr,sex_f,age_aggregate_yge65,geo_cov_urb,2010,15.242
bgr,sex_f,age_aggregate_yge65,geo_cov_urb,2011,22.685
bgr,sex_f,age_aggregate_yge65,geo_cov_urb,2012,8.928
bgr,sex_f,age_aggregate_yge65,geo_cov_urb,2014,14.203
bgr,sex_f,age_aggregate_yge65,geo_cov_urb,2015,6.903
bgr,sex_f,age_aggregate_yge65,geo_cov_urb,2016,5.406
bgr,sex_f,age_aggregate_yge65,geo_cov_urb,2017,4.327
bgr,sex_f,age_aggregate_yge65,geo_cov_urb,2018,6.09
bgr,sex_f,age_aggregate_yge65,geo_cov_urb,2019,2.757
bgr,sex_f,age_aggregate_yge65,geo_cov_urb,2021,6.029
bgr,sex_f,age_aggregate_yge65,geo_cov_urb,2022,4.645
bgr,sex_f,age_aggregate_yge65,geo_cov_urb,2024,4.146
bgr,sex_f,age_aggregate_yge65,geo_cov_x,2006,29.386
bgr,sex_f,age_ythadult_y15_24,geo_cov_nat,2006,36.351
bgr,sex_f,age_ythadult_y15_24,geo_cov_nat,2007,29.405
bgr,sex_f,age_ythadult_y15_24,geo_cov_nat,2008,22.868
bgr,sex_f,age_ythadult_y15_24,geo_cov_nat,2009,28.184
bgr,sex_f,age_ythadult_y15_24,geo_cov_nat,2010,34.338
bgr,sex_f,age_ythadult_y15_24,geo_cov_nat,2011,38.33
bgr,sex_f,age_ythadult_y15_24,geo_cov_nat,2012,39.573
bgr,sex_f,age_ythadult_y15_24,geo_cov_nat,2013,38.648
bgr,sex_f,age_ythadult_y15_24,geo_cov_nat,2014,37.157
bgr,sex_f,age_ythadult_y15_24,geo_cov_nat,2015,37.886
bgr,sex_f,age_ythadult_y15_24,geo_cov_nat,2016,31.075
bgr,sex_f,age_ythadult_y15_24,geo_cov_nat,2017,23.008
bgr,sex_f,age_ythadult_y15_24,geo_cov_nat,2018,21.573
bgr,sex_f,age_ythadult_y15_24,geo_cov_nat,2019,16.469
bgr,sex_f,age_ythadult_y15_24,geo_cov_nat,2020,22.443
bgr,sex_f,age_ythadult_y15_24,geo_cov_nat,2021,25.3
bgr,sex_f,age_ythadult_y15_24,geo_cov_nat,2022,20.919
bgr,sex_f,age_ythadult_y15_24,geo_cov_nat,2023,17.738
bgr,sex_f,age_ythadult_y15_24,geo_cov_nat,2024,18.531
bgr,sex_f,age_ythadult_y15_24,geo_cov_rur,2006,44.301
bgr,sex_f,age_ythadult_y15_24,geo_cov_rur,2007,39.667
bgr,sex_f,age_ythadult_y15_24,geo_cov_rur,2008,30.294
bgr,sex_f,age_ythadult_y15_24,geo_cov_rur,2009,34.636
bgr,sex_f,age_ythadult_y15_24,geo_cov_rur,2010,46.831
bgr,sex_f,age_ythadult_y15_24,geo_cov_rur,2011,50.14
bgr,sex_f,age_ythadult_y15_24,geo_cov_rur,2012,52.172
bgr,sex_f,age_ythadult_y15_24,geo_cov_rur,2013,47.73
bgr,sex_f,age_ythadult_y15_24,geo_cov_rur,2014,52.809
bgr,sex_f,age_ythadult_y15_24,geo_cov_rur,2015,50.406
bgr,sex_f,age_ythadult_y15_24,geo_cov_rur,2016,37.382
bgr,sex_f,age_ythadult_y15_24,geo_cov_rur,2017,40.65
bgr,sex_f,age_ythadult_y15_24,geo_cov_rur,2018,30.883
bgr,sex_f,age_ythadult_y15_24,geo_cov_rur,2019,29.509
bgr,sex_f,age_ythadult_y15_24,geo_cov_rur,2020,36.065
bgr,sex_f,age_ythadult_y15_24,geo_cov_rur,2021,37.371
bgr,sex_f,age_ythadult_y15_24,geo_cov_rur,2022,35.003
bgr,sex_f,age_ythadult_y15_24,geo_cov_rur,2023,30.253
bgr,sex_f,age_ythadult_y15_24,geo_cov_rur,2024,35.989
bgr,sex_f,age_ythadult_y15_24,geo_cov_urb,2006,25.192
bgr,sex_f,age_ythadult_y15_24,geo_cov_urb,2007,20.089
bgr,sex_f,age_ythadult_y15_24,geo_cov_urb,2008,16.36
bgr,sex_f,age_ythadult_y15_24,geo_cov_urb,2009,22.288
bgr,sex_f,age_ythadult_y15_24,geo_cov_urb,2010,25.177
bgr,sex_f,age_ythadult_y15_24,geo_cov_urb,2011,28.543
bgr,sex_f,age_ythadult_y15_24,geo_cov_urb,2012,32.834
bgr,sex_f,age_ythadult_y15_24,geo_cov_urb,2013,33.729
bgr,sex_f,age_ythadult_y15_24,geo_cov_urb,2014,29.29
bgr,sex_f,age_ythadult_y15_24,geo_cov_urb,2015,29.363
bgr,sex_f,age_ythadult_y15_24,geo_cov_urb,2016,27.408
bgr,sex_f,age_ythadult_y15_24,geo_cov_urb,2017,13.982
bgr,sex_f,age_ythadult_y15_24,geo_cov_urb,2018,16.289
bgr,sex_f,age_ythadult_y15_24,geo_cov_urb,2019,9.891
bgr,sex_f,age_ythadult_y15_24,geo_cov_urb,2020,15.335
bgr,sex_f,age_ythadult_y15_24,geo_cov_urb,2021,19.389
bgr,sex_f,age_ythadult_y15_24,geo_cov_urb,2022,14.388
bgr,sex_f,age_ythadult_y15_24,geo_cov_urb,2023,11.625
bgr,sex_f,age_ythadult_y15_24,geo_cov_urb,2024,7.98
bgr,sex_f,age_ythadult_y15_24,geo_cov_x,2006,42.934
bgr,sex_f,age_ythadult_y15_64,geo_cov_nat,2006,18.216
bgr,sex_f,age_ythadult_y15_64,geo_cov_nat,2007,14.47
bgr,sex_f,age_ythadult_y15_64,geo_cov_nat,2008,11.407
bgr,sex_f,age_ythadult_y15_64,geo_cov_nat,2009,12.918
bgr,sex_f,age_ythadult_y15_64,geo_cov_nat,2010,16.431
bgr,sex_f,age_ythadult_y15_64,geo_cov_nat,2011,17.298
bgr,sex_f,age_ythadult_y15_64,geo_cov_nat,2012,18.016
bgr,sex_f,age_ythadult_y15_64,geo_cov_nat,2013,18.298
bgr,sex_f,age_ythadult_y15_64,geo_cov_nat,2014,16.558
bgr,sex_f,age_ythadult_y15_64,geo_cov_nat,2015,14.347
bgr,sex_f,age_ythadult_y15_64,geo_cov_nat,2016,12.776
bgr,sex_f,age_ythadult_y15_64,geo_cov_nat,2017,10.6
bgr,sex_f,age_ythadult_y15_64,geo_cov_nat,2018,8.471
bgr,sex_f,age_ythadult_y15_64,geo_cov_nat,2019,6.902
bgr,sex_f,age_ythadult_y15_64,geo_cov_nat,2020,7.722
bgr,sex_f,age_ythadult_y15_64,geo_cov_nat,2021,8.29
bgr,sex_f,age_ythadult_y15_64,geo_cov_nat,2022,6.947
bgr,sex_f,age_ythadult_y15_64,geo_cov_nat,2023,6.602
bgr,sex_f,age_ythadult_y15_64,geo_cov_nat,2024,5.761
bgr,sex_f,age_ythadult_y15_64,geo_cov_rur,2006,21.982
bgr,sex_f,age_ythadult_y15_64,geo_cov_rur,2007,19.751
bgr,sex_f,age_ythadult_y15_64,geo_cov_rur,2008,15.884
bgr,sex_f,age_ythadult_y15_64,geo_cov_rur,2009,17.147
bgr,sex_f,age_ythadult_y15_64,geo_cov_rur,2010,22.137
bgr,sex_f,age_ythadult_y15_64,geo_cov_rur,2011,22.931
bgr,sex_f,age_ythadult_y15_64,geo_cov_rur,2012,27.33
bgr,sex_f,age_ythadult_y15_64,geo_cov_rur,2013,28.677
bgr,sex_f,age_ythadult_y15_64,geo_cov_rur,2014,27.898
bgr,sex_f,age_ythadult_y15_64,geo_cov_rur,2015,26.885
bgr,sex_f,age_ythadult_y15_64,geo_cov_rur,2016,23.535
bgr,sex_f,age_ythadult_y15_64,geo_cov_rur,2017,20.066
bgr,sex_f,age_ythadult_y15_64,geo_cov_rur,2018,16.699
bgr,sex_f,age_ythadult_y15_64,geo_cov_rur,2019,13.067
bgr,sex_f,age_ythadult_y15_64,geo_cov_rur,2020,14.937
bgr,sex_f,age_ythadult_y15_64,geo_cov_rur,2021,15.958
bgr,sex_f,age_ythadult_y15_64,geo_cov_rur,2022,13.259
bgr,sex_f,age_ythadult_y15_64,geo_cov_rur,2023,14.635
bgr,sex_f,age_ythadult_y15_64,geo_cov_rur,2024,12.111
bgr,sex_f,age_ythadult_y15_64,geo_cov_urb,2006,13.328
bgr,sex_f,age_ythadult_y15_64,geo_cov_urb,2007,10.081
bgr,sex_f,age_ythadult_y15_64,geo_cov_urb,2008,7.756
bgr,sex_f,age_ythadult_y15_64,geo_cov_urb,2009,9.444
bgr,sex_f,age_ythadult_y15_64,geo_cov_urb,2010,11.972
bgr,sex_f,age_ythadult_y15_64,geo_cov_urb,2011,12.888
bgr,sex_f,age_ythadult_y15_64,geo_cov_urb,2012,14.266
bgr,sex_f,age_ythadult_y15_64,geo_cov_urb,2013,14.298
bgr,sex_f,age_ythadult_y15_64,geo_cov_urb,2014,12.614
bgr,sex_f,age_ythadult_y15_64,geo_cov_urb,2015,9.73
bgr,sex_f,age_ythadult_y15_64,geo_cov_urb,2016,9.101
bgr,sex_f,age_ythadult_y15_64,geo_cov_urb,2017,7.452
bgr,sex_f,age_ythadult_y15_64,geo_cov_urb,2018,5.891
bgr,sex_f,age_ythadult_y15_64,geo_cov_urb,2019,5.011
bgr,sex_f,age_ythadult_y15_64,geo_cov_urb,2020,5.364
bgr,sex_f,age_ythadult_y15_64,geo_cov_urb,2021,5.896
bgr,sex_f,age_ythadult_y15_64,geo_cov_urb,2022,4.972
bgr,sex_f,age_ythadult_y15_64,geo_cov_urb,2023,4.102
bgr,sex_f,age_ythadult_y15_64,geo_cov_urb,2024,3.722
bgr,sex_f,age_ythadult_y15_64,geo_cov_x,2006,21.107
bgr,sex_f,age_ythadult_yge15,geo_cov_nat,2006,18.282
bgr,sex_f,age_ythadult_yge15,geo_cov_nat,2007,14.475
bgr,sex_f,age_ythadult_yge15,geo_cov_nat,2008,11.386
bgr,sex_f,age_ythadult_yge15,geo_cov_nat,2009,12.883
bgr,sex_f,age_ythadult_yge15,geo_cov_nat,2010,16.406
bgr,sex_f,age_ythadult_yge15,geo_cov_nat,2011,17.31
bgr,sex_f,age_ythadult_yge15,geo_cov_nat,2012,17.943
bgr,sex_f,age_ythadult_yge15,geo_cov_nat,2013,18.208
bgr,sex_f,age_ythadult_yge15,geo_cov_nat,2014,16.542
bgr,sex_f,age_ythadult_yge15,geo_cov_nat,2015,14.27
bgr,sex_f,age_ythadult_yge15,geo_cov_nat,2016,12.711
bgr,sex_f,age_ythadult_yge15,geo_cov_nat,2017,10.484
bgr,sex_f,age_ythadult_yge15,geo_cov_nat,2018,8.439
bgr,sex_f,age_ythadult_yge15,geo_cov_nat,2019,6.809
bgr,sex_f,age_ythadult_yge15,geo_cov_nat,2020,7.613
bgr,sex_f,age_ythadult_yge15,geo_cov_nat,2021,8.268
bgr,sex_f,age_ythadult_yge15,geo_cov_nat,2022,6.927
bgr,sex_f,age_ythadult_yge15,geo_cov_nat,2023,6.496
bgr,sex_f,age_ythadult_yge15,geo_cov_nat,2024,5.688
bgr,sex_f,age_ythadult_yge15,geo_cov_rur,2006,21.883
bgr,sex_f,age_ythadult_yge15,geo_cov_rur,2007,19.682
bgr,sex_f,age_ythadult_yge15,geo_cov_rur,2008,15.747
bgr,sex_f,age_ythadult_yge15,geo_cov_rur,2009,17.058
bgr,sex_f,age_ythadult_yge15,geo_cov_rur,2010,22.052
bgr,sex_f,age_ythadult_yge15,geo_cov_rur,2011,22.866
bgr,sex_f,age_ythadult_yge15,geo_cov_rur,2012,27.181
bgr,sex_f,age_ythadult_yge15,geo_cov_rur,2013,28.69
bgr,sex_f,age_ythadult_yge15,geo_cov_rur,2014,27.738
bgr,sex_f,age_ythadult_yge15,geo_cov_rur,2015,26.725
bgr,sex_f,age_ythadult_yge15,geo_cov_rur,2016,23.445
bgr,sex_f,age_ythadult_yge15,geo_cov_rur,2017,19.825
bgr,sex_f,age_ythadult_yge15,geo_cov_rur,2018,16.588
bgr,sex_f,age_ythadult_yge15,geo_cov_rur,2019,12.882
bgr,sex_f,age_ythadult_yge15,geo_cov_rur,2020,14.823
bgr,sex_f,age_ythadult_yge15,geo_cov_rur,2021,15.833
bgr,sex_f,age_ythadult_yge15,geo_cov_rur,2022,13.222
bgr,sex_f,age_ythadult_yge15,geo_cov_rur,2023,14.334
bgr,sex_f,age_ythadult_yge15,geo_cov_rur,2024,11.774
bgr,sex_f,age_ythadult_yge15,geo_cov_urb,2006,13.529
bgr,sex_f,age_ythadult_yge15,geo_cov_urb,2007,10.139
bgr,sex_f,age_ythadult_yge15,geo_cov_urb,2008,7.813
bgr,sex_f,age_ythadult_yge15,geo_cov_urb,2009,9.447
bgr,sex_f,age_ythadult_yge15,geo_cov_urb,2010,12.002
bgr,sex_f,age_ythadult_yge15,geo_cov_urb,2011,12.958
bgr,sex_f,age_ythadult_yge15,geo_cov_urb,2012,14.217
bgr,sex_f,age_ythadult_yge15,geo_cov_urb,2013,14.166
bgr,sex_f,age_ythadult_yge15,geo_cov_urb,2014,12.634
bgr,sex_f,age_ythadult_yge15,geo_cov_urb,2015,9.687
bgr,sex_f,age_ythadult_yge15,geo_cov_urb,2016,9.045
bgr,sex_f,age_ythadult_yge15,geo_cov_urb,2017,7.383
bgr,sex_f,age_ythadult_yge15,geo_cov_urb,2018,5.895
bgr,sex_f,age_ythadult_yge15,geo_cov_urb,2019,4.949
bgr,sex_f,age_ythadult_yge15,geo_cov_urb,2020,5.263
bgr,sex_f,age_ythadult_yge15,geo_cov_urb,2021,5.899
bgr,sex_f,age_ythadult_yge15,geo_cov_urb,2022,4.962
bgr,sex_f,age_ythadult_yge15,geo_cov_urb,2023,4.046
bgr,sex_f,age_ythadult_yge15,geo_cov_urb,2024,3.737
bgr,sex_f,age_ythadult_yge15,geo_cov_x,2006,21.166
bgr,sex_f,age_ythadult_yge25,geo_cov_nat,2006,16.396
bgr,sex_f,age_ythadult_yge25,geo_cov_nat,2007,13.055
bgr,sex_f,age_ythadult_yge25,geo_cov_nat,2008,10.355
bgr,sex_f,age_ythadult_yge25,geo_cov_nat,2009,11.543
bgr,sex_f,age_ythadult_yge25,geo_cov_nat,2010,14.792
bgr,sex_f,age_ythadult_yge25,geo_cov_nat,2011,15.576
bgr,sex_f,age_ythadult_yge25,geo_cov_nat,2012,16.253
bgr,sex_f,age_ythadult_yge25,geo_cov_nat,2013,16.753
bgr,sex_f,age_ythadult_yge25,geo_cov_nat,2014,15.262
bgr,sex_f,age_ythadult_yge25,geo_cov_nat,2015,12.906
bgr,sex_f,age_ythadult_yge25,geo_cov_nat,2016,11.787
bgr,sex_f,age_ythadult_yge25,geo_cov_nat,2017,9.855
bgr,sex_f,age_ythadult_yge25,geo_cov_nat,2018,7.87
bgr,sex_f,age_ythadult_yge25,geo_cov_nat,2019,6.423
bgr,sex_f,age_ythadult_yge25,geo_cov_nat,2020,7.063
bgr,sex_f,age_ythadult_yge25,geo_cov_nat,2021,7.712
bgr,sex_f,age_ythadult_yge25,geo_cov_nat,2022,6.393
bgr,sex_f,age_ythadult_yge25,geo_cov_nat,2023,6.06
bgr,sex_f,age_ythadult_yge25,geo_cov_nat,2024,5.246
bgr,sex_f,age_ythadult_yge25,geo_cov_rur,2006,19.445
bgr,sex_f,age_ythadult_yge25,geo_cov_rur,2007,17.683
bgr,sex_f,age_ythadult_yge25,geo_cov_rur,2008,14.388
bgr,sex_f,age_ythadult_yge25,geo_cov_rur,2009,15.422
bgr,sex_f,age_ythadult_yge25,geo_cov_rur,2010,19.905
bgr,sex_f,age_ythadult_yge25,geo_cov_rur,2011,20.539
bgr,sex_f,age_ythadult_yge25,geo_cov_rur,2012,24.773
bgr,sex_f,age_ythadult_yge25,geo_cov_rur,2013,26.945
bgr,sex_f,age_ythadult_yge25,geo_cov_rur,2014,25.687
bgr,sex_f,age_ythadult_yge25,geo_cov_rur,2015,24.603
bgr,sex_f,age_ythadult_yge25,geo_cov_rur,2016,22.409
bgr,sex_f,age_ythadult_yge25,geo_cov_rur,2017,18.379
bgr,sex_f,age_ythadult_yge25,geo_cov_rur,2018,15.625
bgr,sex_f,age_ythadult_yge25,geo_cov_rur,2019,11.915
bgr,sex_f,age_ythadult_yge25,geo_cov_rur,2020,13.708
bgr,sex_f,age_ythadult_yge25,geo_cov_rur,2021,14.852
bgr,sex_f,age_ythadult_yge25,geo_cov_rur,2022,12.1
bgr,sex_f,age_ythadult_yge25,geo_cov_rur,2023,13.469
bgr,sex_f,age_ythadult_yge25,geo_cov_rur,2024,10.456
bgr,sex_f,age_ythadult_yge25,geo_cov_urb,2006,12.349
bgr,sex_f,age_ythadult_yge25,geo_cov_urb,2007,9.233
bgr,sex_f,age_ythadult_yge25,geo_cov_urb,2008,7.071
bgr,sex_f,age_ythadult_yge25,geo_cov_urb,2009,8.38
bgr,sex_f,age_ythadult_yge25,geo_cov_urb,2010,10.782
bgr,sex_f,age_ythadult_yge25,geo_cov_urb,2011,11.706
bgr,sex_f,age_ythadult_yge25,geo_cov_urb,2012,12.896
bgr,sex_f,age_ythadult_yge25,geo_cov_urb,2013,12.923
bgr,sex_f,age_ythadult_yge25,geo_cov_urb,2014,11.71
bgr,sex_f,age_ythadult_yge25,geo_cov_urb,2015,8.771
bgr,sex_f,age_ythadult_yge25,geo_cov_urb,2016,8.267
bgr,sex_f,age_ythadult_yge25,geo_cov_urb,2017,7.093
bgr,sex_f,age_ythadult_yge25,geo_cov_urb,2018,5.521
bgr,sex_f,age_ythadult_yge25,geo_cov_urb,2019,4.779
bgr,sex_f,age_ythadult_yge25,geo_cov_urb,2020,4.939
bgr,sex_f,age_ythadult_yge25,geo_cov_urb,2021,5.513
bgr,sex_f,age_ythadult_yge25,geo_cov_urb,2022,4.641
bgr,sex_f,age_ythadult_yge25,geo_cov_urb,2023,3.787
bgr,sex_f,age_ythadult_yge25,geo_cov_urb,2024,3.618
bgr,sex_f,age_ythadult_yge25,geo_cov_x,2006,18.911
bgr,sex_m,age_aggregate_total,geo_cov_nat,2006,16.988
bgr,sex_m,age_aggregate_total,geo_cov_nat,2007,13.182
bgr,sex_m,age_aggregate_total,geo_cov_nat,2008,10.551
bgr,sex_m,age_aggregate_total,geo_cov_nat,2009,12.511
bgr,sex_m,age_aggregate_total,geo_cov_nat,2010,17.738
bgr,sex_m,age_aggregate_total,geo_cov_nat,2011,19.837
bgr,sex_m,age_aggregate_total,geo_cov_nat,2012,20.444
bgr,sex_m,age_aggregate_total,geo_cov_nat,2013,20.089
bgr,sex_m,age_aggregate_total,geo_cov_nat,2014,18.711
bgr,sex_m,age_aggregate_total,geo_cov_nat,2015,15.478
bgr,sex_m,age_aggregate_total,geo_cov_nat,2016,14.298
bgr,sex_m,age_aggregate_total,geo_cov_nat,2017,10.369
bgr,sex_m,age_aggregate_total,geo_cov_nat,2018,9.234
bgr,sex_m,age_aggregate_total,geo_cov_nat,2019,7.205
bgr,sex_m,age_aggregate_total,geo_cov_nat,2020,8.204
bgr,sex_m,age_aggregate_total,geo_cov_nat,2021,8.809
bgr,sex_m,age_aggregate_total,geo_cov_nat,2022,7.166
bgr,sex_m,age_aggregate_total,geo_cov_nat,2023,6.566
bgr,sex_m,age_aggregate_total,geo_cov_nat,2024,6.193
bgr,sex_m,age_aggregate_total,geo_cov_rur,2006,20.593
bgr,sex_m,age_aggregate_total,geo_cov_rur,2007,18.074
bgr,sex_m,age_aggregate_total,geo_cov_rur,2008,14.518
bgr,sex_m,age_aggregate_total,geo_cov_rur,2009,16.767
bgr,sex_m,age_aggregate_total,geo_cov_rur,2010,23.352
bgr,sex_m,age_aggregate_total,geo_cov_rur,2011,25.859
bgr,sex_m,age_aggregate_total,geo_cov_rur,2012,28.555
bgr,sex_m,age_aggregate_total,geo_cov_rur,2013,28.938
bgr,sex_m,age_aggregate_total,geo_cov_rur,2014,28.745
bgr,sex_m,age_aggregate_total,geo_cov_rur,2015,24.544
bgr,sex_m,age_aggregate_total,geo_cov_rur,2016,23.618
bgr,sex_m,age_aggregate_total,geo_cov_rur,2017,17.53
bgr,sex_m,age_aggregate_total,geo_cov_rur,2018,15.647
bgr,sex_m,age_aggregate_total,geo_cov_rur,2019,12.374
bgr,sex_m,age_aggregate_total,geo_cov_rur,2020,14.13
bgr,sex_m,age_aggregate_total,geo_cov_rur,2021,14.561
bgr,sex_m,age_aggregate_total,geo_cov_rur,2022,11.185
bgr,sex_m,age_aggregate_total,geo_cov_rur,2023,11.694
bgr,sex_m,age_aggregate_total,geo_cov_rur,2024,11.211
bgr,sex_m,age_aggregate_total,geo_cov_urb,2006,11.242
bgr,sex_m,age_aggregate_total,geo_cov_urb,2007,8.695
bgr,sex_m,age_aggregate_total,geo_cov_urb,2008,7.041
bgr,sex_m,age_aggregate_total,geo_cov_urb,2009,8.666
bgr,sex_m,age_aggregate_total,geo_cov_urb,2010,12.72
bgr,sex_m,age_aggregate_total,geo_cov_urb,2011,14.656
bgr,sex_m,age_aggregate_total,geo_cov_urb,2012,16.629
bgr,sex_m,age_aggregate_total,geo_cov_urb,2013,16.074
bgr,sex_m,age_aggregate_total,geo_cov_urb,2014,14.335
bgr,sex_m,age_aggregate_total,geo_cov_urb,2015,11.443
bgr,sex_m,age_aggregate_total,geo_cov_urb,2016,10.365
bgr,sex_m,age_aggregate_total,geo_cov_urb,2017,7.394
bgr,sex_m,age_aggregate_total,geo_cov_urb,2018,6.742
bgr,sex_m,age_aggregate_total,geo_cov_urb,2019,5.226
bgr,sex_m,age_aggregate_total,geo_cov_urb,2020,5.766
bgr,sex_m,age_aggregate_total,geo_cov_urb,2021,6.493
bgr,sex_m,age_aggregate_total,geo_cov_urb,2022,5.604
bgr,sex_m,age_aggregate_total,geo_cov_urb,2023,4.567
bgr,sex_m,age_aggregate_total,geo_cov_urb,2024,4.232
bgr,sex_m,age_aggregate_total,geo_cov_x,2006,20.756
bgr,sex_m,age_aggregate_y15_24,geo_cov_nat,2006,35.028
bgr,sex_m,age_aggregate_y15_24,geo_cov_nat,2007,29.083
bgr,sex_m,age_aggregate_y15_24,geo_cov_nat,2008,23.59
bgr,sex_m,age_aggregate_y15_24,geo_cov_nat,2009,30.486
bgr,sex_m,age_aggregate_y15_24,geo_cov_nat,2010,35.827
bgr,sex_m,age_aggregate_y15_24,geo_cov_nat,2011,40.175
bgr,sex_m,age_aggregate_y15_24,geo_cov_nat,2012,40.808
bgr,sex_m,age_aggregate_y15_24,geo_cov_nat,2013,41.961
bgr,sex_m,age_aggregate_y15_24,geo_cov_nat,2014,35.525
bgr,sex_m,age_aggregate_y15_24,geo_cov_nat,2015,34.31
bgr,sex_m,age_aggregate_y15_24,geo_cov_nat,2016,31.753
bgr,sex_m,age_aggregate_y15_24,geo_cov_nat,2017,21.153
bgr,sex_m,age_aggregate_y15_24,geo_cov_nat,2018,22.389
bgr,sex_m,age_aggregate_y15_24,geo_cov_nat,2019,19.293
bgr,sex_m,age_aggregate_y15_24,geo_cov_nat,2020,25.546
bgr,sex_m,age_aggregate_y15_24,geo_cov_nat,2021,27.068
bgr,sex_m,age_aggregate_y15_24,geo_cov_nat,2022,18.55
bgr,sex_m,age_aggregate_y15_24,geo_cov_nat,2023,20.371
bgr,sex_m,age_aggregate_y15_24,geo_cov_nat,2024,19.65
bgr,sex_m,age_aggregate_y15_24,geo_cov_rur,2006,40.337
bgr,sex_m,age_aggregate_y15_24,geo_cov_rur,2007,36.592
bgr,sex_m,age_aggregate_y15_24,geo_cov_rur,2008,30.994
bgr,sex_m,age_aggregate_y15_24,geo_cov_rur,2009,36.608
bgr,sex_m,age_aggregate_y15_24,geo_cov_rur,2010,42.739
bgr,sex_m,age_aggregate_y15_24,geo_cov_rur,2011,47.783
bgr,sex_m,age_aggregate_y15_24,geo_cov_rur,2012,50.577
bgr,sex_m,age_aggregate_y15_24,geo_cov_rur,2013,50.099
bgr,sex_m,age_aggregate_y15_24,geo_cov_rur,2014,41.92
bgr,sex_m,age_aggregate_y15_24,geo_cov_rur,2015,45.063
bgr,sex_m,age_aggregate_y15_24,geo_cov_rur,2016,38.565
bgr,sex_m,age_aggregate_y15_24,geo_cov_rur,2017,25.589
bgr,sex_m,age_aggregate_y15_24,geo_cov_rur,2018,32.834
bgr,sex_m,age_aggregate_y15_24,geo_cov_rur,2019,22.241
bgr,sex_m,age_aggregate_y15_24,geo_cov_rur,2020,35.469
bgr,sex_m,age_aggregate_y15_24,geo_cov_rur,2021,32.011
bgr,sex_m,age_aggregate_y15_24,geo_cov_rur,2022,22.434
bgr,sex_m,age_aggregate_y15_24,geo_cov_rur,2023,25.483
bgr,sex_m,age_aggregate_y15_24,geo_cov_rur,2024,30.296
bgr,sex_m,age_aggregate_y15_24,geo_cov_urb,2006,24.74
bgr,sex_m,age_aggregate_y15_24,geo_cov_urb,2007,21.488
bgr,sex_m,age_aggregate_y15_24,geo_cov_urb,2008,17.396
bgr,sex_m,age_aggregate_y15_24,geo_cov_urb,2009,24.059
bgr,sex_m,age_aggregate_y15_24,geo_cov_urb,2010,28.661
bgr,sex_m,age_aggregate_y15_24,geo_cov_urb,2011,33.213
bgr,sex_m,age_aggregate_y15_24,geo_cov_urb,2012,34.051
bgr,sex_m,age_aggregate_y15_24,geo_cov_urb,2013,37.242
bgr,sex_m,age_aggregate_y15_24,geo_cov_urb,2014,30.979
bgr,sex_m,age_aggregate_y15_24,geo_cov_urb,2015,27.597
bgr,sex_m,age_aggregate_y15_24,geo_cov_urb,2016,26.947
bgr,sex_m,age_aggregate_y15_24,geo_cov_urb,2017,18.138
bgr,sex_m,age_aggregate_y15_24,geo_cov_urb,2018,16.496
bgr,sex_m,age_aggregate_y15_24,geo_cov_urb,2019,17.643
bgr,sex_m,age_aggregate_y15_24,geo_cov_urb,2020,17.735
bgr,sex_m,age_aggregate_y15_24,geo_cov_urb,2021,23.498
bgr,sex_m,age_aggregate_y15_24,geo_cov_urb,2022,16.381
bgr,sex_m,age_aggregate_y15_24,geo_cov_urb,2023,17.219
bgr,sex_m,age_aggregate_y15_24,geo_cov_urb,2024,11.676
bgr,sex_m,age_aggregate_y15_24,geo_cov_x,2006,41.626
bgr,sex_m,age_aggregate_y25_54,geo_cov_nat,2006,14.601
bgr,sex_m,age_aggregate_y25_54,geo_cov_nat,2007,10.744
bgr,sex_m,age_aggregate_y25_54,geo_cov_nat,2008,8.704
bgr,sex_m,age_aggregate_y25_54,geo_cov_nat,2009,10.442
bgr,sex_m,age_aggregate_y25_54,geo_cov_nat,2010,15.562
bgr,sex_m,age_aggregate_y25_54,geo_cov_nat,2011,17.903
bgr,sex_m,age_aggregate_y25_54,geo_cov_nat,2012,18.441
bgr,sex_m,age_aggregate_y25_54,geo_cov_nat,2013,17.868
bgr,sex_m,age_aggregate_y25_54,geo_cov_nat,2014,16.843
bgr,sex_m,age_aggregate_y25_54,geo_cov_nat,2015,13.902
bgr,sex_m,age_aggregate_y25_54,geo_cov_nat,2016,13.097
bgr,sex_m,age_aggregate_y25_54,geo_cov_nat,2017,9.619
bgr,sex_m,age_aggregate_y25_54,geo_cov_nat,2018,8.568
bgr,sex_m,age_aggregate_y25_54,geo_cov_nat,2019,6.566
bgr,sex_m,age_aggregate_y25_54,geo_cov_nat,2020,7.601
bgr,sex_m,age_aggregate_y25_54,geo_cov_nat,2021,7.949
bgr,sex_m,age_aggregate_y25_54,geo_cov_nat,2022,6.729
bgr,sex_m,age_aggregate_y25_54,geo_cov_nat,2023,6.106
bgr,sex_m,age_aggregate_y25_54,geo_cov_nat,2024,5.705
bgr,sex_m,age_aggregate_y25_54,geo_cov_rur,2006,17.893
bgr,sex_m,age_aggregate_y25_54,geo_cov_rur,2007,15.24
bgr,sex_m,age_aggregate_y25_54,geo_cov_rur,2008,12.366
bgr,sex_m,age_aggregate_y25_54,geo_cov_rur,2009,14.539
bgr,sex_m,age_aggregate_y25_54,geo_cov_rur,2010,21.038
bgr,sex_m,age_aggregate_y25_54,geo_cov_rur,2011,24.127
bgr,sex_m,age_aggregate_y25_54,geo_cov_rur,2012,25.886
bgr,sex_m,age_aggregate_y25_54,geo_cov_rur,2013,26.639
bgr,sex_m,age_aggregate_y25_54,geo_cov_rur,2014,26.78
bgr,sex_m,age_aggregate_y25_54,geo_cov_rur,2015,22.814
bgr,sex_m,age_aggregate_y25_54,geo_cov_rur,2016,22.259
bgr,sex_m,age_aggregate_y25_54,geo_cov_rur,2017,17.593
bgr,sex_m,age_aggregate_y25_54,geo_cov_rur,2018,14.609
bgr,sex_m,age_aggregate_y25_54,geo_cov_rur,2019,11.523
bgr,sex_m,age_aggregate_y25_54,geo_cov_rur,2020,13.404
bgr,sex_m,age_aggregate_y25_54,geo_cov_rur,2021,13.082
bgr,sex_m,age_aggregate_y25_54,geo_cov_rur,2022,10.619
bgr,sex_m,age_aggregate_y25_54,geo_cov_rur,2023,10.852
bgr,sex_m,age_aggregate_y25_54,geo_cov_rur,2024,10.116
bgr,sex_m,age_aggregate_y25_54,geo_cov_urb,2006,9.423
bgr,sex_m,age_aggregate_y25_54,geo_cov_urb,2007,6.793
bgr,sex_m,age_aggregate_y25_54,geo_cov_urb,2008,5.538
bgr,sex_m,age_aggregate_y25_54,geo_cov_urb,2009,6.864
bgr,sex_m,age_aggregate_y25_54,geo_cov_urb,2010,10.862
bgr,sex_m,age_aggregate_y25_54,geo_cov_urb,2011,12.709
bgr,sex_m,age_aggregate_y25_54,geo_cov_urb,2012,15.223
bgr,sex_m,age_aggregate_y25_54,geo_cov_urb,2013,14.108
bgr,sex_m,age_aggregate_y25_54,geo_cov_urb,2014,12.857
bgr,sex_m,age_aggregate_y25_54,geo_cov_urb,2015,10.232
bgr,sex_m,age_aggregate_y25_54,geo_cov_urb,2016,9.521
bgr,sex_m,age_aggregate_y25_54,geo_cov_urb,2017,6.612
bgr,sex_m,age_aggregate_y25_54,geo_cov_urb,2018,6.367
bgr,sex_m,age_aggregate_y25_54,geo_cov_urb,2019,4.779
bgr,sex_m,age_aggregate_y25_54,geo_cov_urb,2020,5.446
bgr,sex_m,age_aggregate_y25_54,geo_cov_urb,2021,6.046
bgr,sex_m,age_aggregate_y25_54,geo_cov_urb,2022,5.335
bgr,sex_m,age_aggregate_y25_54,geo_cov_urb,2023,4.419
bgr,sex_m,age_aggregate_y25_54,geo_cov_urb,2024,4.134
bgr,sex_m,age_aggregate_y25_54,geo_cov_x,2006,18.211
bgr,sex_m,age_aggregate_y55_64,geo_cov_nat,2006,16.957
bgr,sex_m,age_aggregate_y55_64,geo_cov_nat,2007,14.958
bgr,sex_m,age_aggregate_y55_64,geo_cov_nat,2008,11.194
bgr,sex_m,age_aggregate_y55_64,geo_cov_nat,2009,11.331
bgr,sex_m,age_aggregate_y55_64,geo_cov_nat,2010,17.01
bgr,sex_m,age_aggregate_y55_64,geo_cov_nat,2011,17.547
bgr,sex_m,age_aggregate_y55_64,geo_cov_nat,2012,19.337
bgr,sex_m,age_aggregate_y55_64,geo_cov_nat,2013,19.67
bgr,sex_m,age_aggregate_y55_64,geo_cov_nat,2014,20.638
bgr,sex_m,age_aggregate_y55_64,geo_cov_nat,2015,15.661
bgr,sex_m,age_aggregate_y55_64,geo_cov_nat,2016,14.171
bgr,sex_m,age_aggregate_y55_64,geo_cov_nat,2017,10.519
bgr,sex_m,age_aggregate_y55_64,geo_cov_nat,2018,8.514
bgr,sex_m,age_aggregate_y55_64,geo_cov_nat,2019,6.644
bgr,sex_m,age_aggregate_y55_64,geo_cov_nat,2020,6.857
bgr,sex_m,age_aggregate_y55_64,geo_cov_nat,2021,8.055
bgr,sex_m,age_aggregate_y55_64,geo_cov_nat,2022,6.152
bgr,sex_m,age_aggregate_y55_64,geo_cov_nat,2023,5.02
bgr,sex_m,age_aggregate_y55_64,geo_cov_nat,2024,5.409
bgr,sex_m,age_aggregate_y55_64,geo_cov_rur,2006,20.557
bgr,sex_m,age_aggregate_y55_64,geo_cov_rur,2007,19.619
bgr,sex_m,age_aggregate_y55_64,geo_cov_rur,2008,15.539
bgr,sex_m,age_aggregate_y55_64,geo_cov_rur,2009,14.229
bgr,sex_m,age_aggregate_y55_64,geo_cov_rur,2010,22.193
bgr,sex_m,age_aggregate_y55_64,geo_cov_rur,2011,21.592
bgr,sex_m,age_aggregate_y55_64,geo_cov_rur,2012,26.14
bgr,sex_m,age_aggregate_y55_64,geo_cov_rur,2013,27.121
bgr,sex_m,age_aggregate_y55_64,geo_cov_rur,2014,29.767
bgr,sex_m,age_aggregate_y55_64,geo_cov_rur,2015,23.188
bgr,sex_m,age_aggregate_y55_64,geo_cov_rur,2016,23.325
bgr,sex_m,age_aggregate_y55_64,geo_cov_rur,2017,15.054
bgr,sex_m,age_aggregate_y55_64,geo_cov_rur,2018,13.914
bgr,sex_m,age_aggregate_y55_64,geo_cov_rur,2019,12.531
bgr,sex_m,age_aggregate_y55_64,geo_cov_rur,2020,10.265
bgr,sex_m,age_aggregate_y55_64,geo_cov_rur,2021,14.762
bgr,sex_m,age_aggregate_y55_64,geo_cov_rur,2022,9.602
bgr,sex_m,age_aggregate_y55_64,geo_cov_rur,2023,10.511
bgr,sex_m,age_aggregate_y55_64,geo_cov_rur,2024,9.406
bgr,sex_m,age_aggregate_y55_64,geo_cov_urb,2006,11.597
bgr,sex_m,age_aggregate_y55_64,geo_cov_urb,2007,10.051
bgr,sex_m,age_aggregate_y55_64,geo_cov_urb,2008,6.875
bgr,sex_m,age_aggregate_y55_64,geo_cov_urb,2009,8.483
bgr,sex_m,age_aggregate_y55_64,geo_cov_urb,2010,11.823
bgr,sex_m,age_aggregate_y55_64,geo_cov_urb,2011,13.601
bgr,sex_m,age_aggregate_y55_64,geo_cov_urb,2012,15.598
bgr,sex_m,age_aggregate_y55_64,geo_cov_urb,2013,15.873
bgr,sex_m,age_aggregate_y55_64,geo_cov_urb,2014,16.024
bgr,sex_m,age_aggregate_y55_64,geo_cov_urb,2015,11.626
bgr,sex_m,age_aggregate_y55_64,geo_cov_urb,2016,9.801
bgr,sex_m,age_aggregate_y55_64,geo_cov_urb,2017,8.246
bgr,sex_m,age_aggregate_y55_64,geo_cov_urb,2018,6.176
bgr,sex_m,age_aggregate_y55_64,geo_cov_urb,2019,4.19
bgr,sex_m,age_aggregate_y55_64,geo_cov_urb,2020,5.18
bgr,sex_m,age_aggregate_y55_64,geo_cov_urb,2021,4.926
bgr,sex_m,age_aggregate_y55_64,geo_cov_urb,2022,4.569
bgr,sex_m,age_aggregate_y55_64,geo_cov_urb,2023,2.522
bgr,sex_m,age_aggregate_y55_64,geo_cov_urb,2024,3.611
bgr,sex_m,age_aggregate_y55_64,geo_cov_x,2006,19.41
bgr,sex_m,age_aggregate_yge65,geo_cov_nat,2006,12.452
bgr,sex_m,age_aggregate_yge65,geo_cov_nat,2007,12.381
bgr,sex_m,age_aggregate_yge65,geo_cov_nat,2008,10.37
bgr,sex_m,age_aggregate_yge65,geo_cov_nat,2009,5.949
bgr,sex_m,age_aggregate_yge65,geo_cov_nat,2010,12.854
bgr,sex_m,age_aggregate_yge65,geo_cov_nat,2011,9.896
bgr,sex_m,age_aggregate_yge65,geo_cov_nat,2012,5.39
bgr,sex_m,age_aggregate_yge65,geo_cov_nat,2013,10.626
bgr,sex_m,age_aggregate_yge65,geo_cov_nat,2014,9.541
bgr,sex_m,age_aggregate_yge65,geo_cov_nat,2015,7.557
bgr,sex_m,age_aggregate_yge65,geo_cov_nat,2016,6.461
bgr,sex_m,age_aggregate_yge65,geo_cov_nat,2017,5.927
bgr,sex_m,age_aggregate_yge65,geo_cov_nat,2018,6.036
bgr,sex_m,age_aggregate_yge65,geo_cov_nat,2019,6.394
bgr,sex_m,age_aggregate_yge65,geo_cov_nat,2020,5.299
bgr,sex_m,age_aggregate_yge65,geo_cov_nat,2021,7.27
bgr,sex_m,age_aggregate_yge65,geo_cov_nat,2022,6.542
bgr,sex_m,age_aggregate_yge65,geo_cov_nat,2023,6.174
bgr,sex_m,age_aggregate_yge65,geo_cov_nat,2024,3.144
bgr,sex_m,age_aggregate_yge65,geo_cov_rur,2006,11.39
bgr,sex_m,age_aggregate_yge65,geo_cov_rur,2007,12.669
bgr,sex_m,age_aggregate_yge65,geo_cov_rur,2008,8.379
bgr,sex_m,age_aggregate_yge65,geo_cov_rur,2009,6.649
bgr,sex_m,age_aggregate_yge65,geo_cov_rur,2010,8.583
bgr,sex_m,age_aggregate_yge65,geo_cov_rur,2011,12.086
bgr,sex_m,age_aggregate_yge65,geo_cov_rur,2013,18.929
bgr,sex_m,age_aggregate_yge65,geo_cov_rur,2014,20.402
bgr,sex_m,age_aggregate_yge65,geo_cov_rur,2015,10.13
bgr,sex_m,age_aggregate_yge65,geo_cov_rur,2016,10.992
bgr,sex_m,age_aggregate_yge65,geo_cov_rur,2017,9.899
bgr,sex_m,age_aggregate_yge65,geo_cov_rur,2018,11.506
bgr,sex_m,age_aggregate_yge65,geo_cov_rur,2019,10.411
bgr,sex_m,age_aggregate_yge65,geo_cov_rur,2020,10.031
bgr,sex_m,age_aggregate_yge65,geo_cov_rur,2021,9.259
bgr,sex_m,age_aggregate_yge65,geo_cov_rur,2022,12.599
bgr,sex_m,age_aggregate_yge65,geo_cov_rur,2023,10.262
bgr,sex_m,age_aggregate_yge65,geo_cov_rur,2024,5.524
bgr,sex_m,age_aggregate_yge65,geo_cov_urb,2006,15.131
bgr,sex_m,age_aggregate_yge65,geo_cov_urb,2007,12.069
bgr,sex_m,age_aggregate_yge65,geo_cov_urb,2008,12.744
bgr,sex_m,age_aggregate_yge65,geo_cov_urb,2009,5.378
bgr,sex_m,age_aggregate_yge65,geo_cov_urb,2010,16.11
bgr,sex_m,age_aggregate_yge65,geo_cov_urb,2011,8.362
bgr,sex_m,age_aggregate_yge65,geo_cov_urb,2012,5.22
bgr,sex_m,age_aggregate_yge65,geo_cov_urb,2013,6.788
bgr,sex_m,age_aggregate_yge65,geo_cov_urb,2014,5.641
bgr,sex_m,age_aggregate_yge65,geo_cov_urb,2015,6.424
bgr,sex_m,age_aggregate_yge65,geo_cov_urb,2016,4.448
bgr,sex_m,age_aggregate_yge65,geo_cov_urb,2017,3.958
bgr,sex_m,age_aggregate_yge65,geo_cov_urb,2018,3.473
bgr,sex_m,age_aggregate_yge65,geo_cov_urb,2019,4.591
bgr,sex_m,age_aggregate_yge65,geo_cov_urb,2020,3.198
bgr,sex_m,age_aggregate_yge65,geo_cov_urb,2021,6.494
bgr,sex_m,age_aggregate_yge65,geo_cov_urb,2022,3.95
bgr,sex_m,age_aggregate_yge65,geo_cov_urb,2023,4.263
bgr,sex_m,age_aggregate_yge65,geo_cov_urb,2024,2.194
bgr,sex_m,age_aggregate_yge65,geo_cov_x,2006,10.243
bgr,sex_m,age_ythadult_y15_24,geo_cov_nat,2006,35.028
bgr,sex_m,age_ythadult_y15_24,geo_cov_nat,2007,29.083
bgr,sex_m,age_ythadult_y15_24,geo_cov_nat,2008,23.59
bgr,sex_m,age_ythadult_y15_24,geo_cov_nat,2009,30.486
bgr,sex_m,age_ythadult_y15_24,geo_cov_nat,2010,35.827
bgr,sex_m,age_ythadult_y15_24,geo_cov_nat,2011,40.175
bgr,sex_m,age_ythadult_y15_24,geo_cov_nat,2012,40.808
bgr,sex_m,age_ythadult_y15_24,geo_cov_nat,2013,41.961
bgr,sex_m,age_ythadult_y15_24,geo_cov_nat,2014,35.525
bgr,sex_m,age_ythadult_y15_24,geo_cov_nat,2015,34.31
bgr,sex_m,age_ythadult_y15_24,geo_cov_nat,2016,31.753
bgr,sex_m,age_ythadult_y15_24,geo_cov_nat,2017,21.153
bgr,sex_m,age_ythadult_y15_24,geo_cov_nat,2018,22.389
bgr,sex_m,age_ythadult_y15_24,geo_cov_nat,2019,19.293
bgr,sex_m,age_ythadult_y15_24,geo_cov_nat,2020,25.546
bgr,sex_m,age_ythadult_y15_24,geo_cov_nat,2021,27.068
bgr,sex_m,age_ythadult_y15_24,geo_cov_nat,2022,18.55
bgr,sex_m,age_ythadult_y15_24,geo_cov_nat,2023,20.371
bgr,sex_m,age_ythadult_y15_24,geo_cov_nat,2024,19.65
bgr,sex_m,age_ythadult_y15_24,geo_cov_rur,2006,40.337
bgr,sex_m,age_ythadult_y15_24,geo_cov_rur,2007,36.592
bgr,sex_m,age_ythadult_y15_24,geo_cov_rur,2008,30.994
bgr,sex_m,age_ythadult_y15_24,geo_cov_rur,2009,36.608
bgr,sex_m,age_ythadult_y15_24,geo_cov_rur,2010,42.739
bgr,sex_m,age_ythadult_y15_24,geo_cov_rur,2011,47.783
bgr,sex_m,age_ythadult_y15_24,geo_cov_rur,2012,50.577
bgr,sex_m,age_ythadult_y15_24,geo_cov_rur,2013,50.099
bgr,sex_m,age_ythadult_y15_24,geo_cov_rur,2014,41.92
bgr,sex_m,age_ythadult_y15_24,geo_cov_rur,2015,45.063
bgr,sex_m,age_ythadult_y15_24,geo_cov_rur,2016,38.565
bgr,sex_m,age_ythadult_y15_24,geo_cov_rur,2017,25.589
bgr,sex_m,age_ythadult_y15_24,geo_cov_rur,2018,32.834
bgr,sex_m,age_ythadult_y15_24,geo_cov_rur,2019,22.241
bgr,sex_m,age_ythadult_y15_24,geo_cov_rur,2020,35.469
bgr,sex_m,age_ythadult_y15_24,geo_cov_rur,2021,32.011
bgr,sex_m,age_ythadult_y15_24,geo_cov_rur,2022,22.434
bgr,sex_m,age_ythadult_y15_24,geo_cov_rur,2023,25.483
bgr,sex_m,age_ythadult_y15_24,geo_cov_rur,2024,30.296
bgr,sex_m,age_ythadult_y15_24,geo_cov_urb,2006,24.74
bgr,sex_m,age_ythadult_y15_24,geo_cov_urb,2007,21.488
bgr,sex_m,age_ythadult_y15_24,geo_cov_urb,2008,17.396
bgr,sex_m,age_ythadult_y15_24,geo_cov_urb,2009,24.059
bgr,sex_m,age_ythadult_y15_24,geo_cov_urb,2010,28.661
bgr,sex_m,age_ythadult_y15_24,geo_cov_urb,2011,33.213
bgr,sex_m,age_ythadult_y15_24,geo_cov_urb,2012,34.051
bgr,sex_m,age_ythadult_y15_24,geo_cov_urb,2013,37.242
bgr,sex_m,age_ythadult_y15_24,geo_cov_urb,2014,30.979
bgr,sex_m,age_ythadult_y15_24,geo_cov_urb,2015,27.597
bgr,sex_m,age_ythadult_y15_24,geo_cov_urb,2016,26.947
bgr,sex_m,age_ythadult_y15_24,geo_cov_urb,2017,18.138
bgr,sex_m,age_ythadult_y15_24,geo_cov_urb,2018,16.496
bgr,sex_m,age_ythadult_y15_24,geo_cov_urb,2019,17.643
bgr,sex_m,age_ythadult_y15_24,geo_cov_urb,2020,17.735
bgr,sex_m,age_ythadult_y15_24,geo_cov_urb,2021,23.498
bgr,sex_m,age_ythadult_y15_24,geo_cov_urb,2022,16.381
bgr,sex_m,age_ythadult_y15_24,geo_cov_urb,2023,17.219
bgr,sex_m,age_ythadult_y15_24,geo_cov_urb,2024,11.676
bgr,sex_m,age_ythadult_y15_24,geo_cov_x,2006,41.626
bgr,sex_m,age_ythadult_y15_64,geo_cov_nat,2006,17.058
bgr,sex_m,age_ythadult_y15_64,geo_cov_nat,2007,13.197
bgr,sex_m,age_ythadult_y15_64,geo_cov_nat,2008,10.555
bgr,sex_m,age_ythadult_y15_64,geo_cov_nat,2009,12.63
bgr,sex_m,age_ythadult_y15_64,geo_cov_nat,2010,17.816
bgr,sex_m,age_ythadult_y15_64,geo_cov_nat,2011,19.986
bgr,sex_m,age_ythadult_y15_64,geo_cov_nat,2012,20.641
bgr,sex_m,age_ythadult_y15_64,geo_cov_nat,2013,20.244
bgr,sex_m,age_ythadult_y15_64,geo_cov_nat,2014,18.888
bgr,sex_m,age_ythadult_y15_64,geo_cov_nat,2015,15.652
bgr,sex_m,age_ythadult_y15_64,geo_cov_nat,2016,14.476
bgr,sex_m,age_ythadult_y15_64,geo_cov_nat,2017,10.485
bgr,sex_m,age_ythadult_y15_64,geo_cov_nat,2018,9.331
bgr,sex_m,age_ythadult_y15_64,geo_cov_nat,2019,7.235
bgr,sex_m,age_ythadult_y15_64,geo_cov_nat,2020,8.317
bgr,sex_m,age_ythadult_y15_64,geo_cov_nat,2021,8.868
bgr,sex_m,age_ythadult_y15_64,geo_cov_nat,2022,7.19
bgr,sex_m,age_ythadult_y15_64,geo_cov_nat,2023,6.582
bgr,sex_m,age_ythadult_y15_64,geo_cov_nat,2024,6.337
bgr,sex_m,age_ythadult_y15_64,geo_cov_rur,2006,20.765
bgr,sex_m,age_ythadult_y15_64,geo_cov_rur,2007,18.181
bgr,sex_m,age_ythadult_y15_64,geo_cov_rur,2008,14.672
bgr,sex_m,age_ythadult_y15_64,geo_cov_rur,2009,16.94
bgr,sex_m,age_ythadult_y15_64,geo_cov_rur,2010,23.567
bgr,sex_m,age_ythadult_y15_64,geo_cov_rur,2011,26.042
bgr,sex_m,age_ythadult_y15_64,geo_cov_rur,2012,28.826
bgr,sex_m,age_ythadult_y15_64,geo_cov_rur,2013,29.104
bgr,sex_m,age_ythadult_y15_64,geo_cov_rur,2014,28.885
bgr,sex_m,age_ythadult_y15_64,geo_cov_rur,2015,24.859
bgr,sex_m,age_ythadult_y15_64,geo_cov_rur,2016,23.915
bgr,sex_m,age_ythadult_y15_64,geo_cov_rur,2017,17.756
bgr,sex_m,age_ythadult_y15_64,geo_cov_rur,2018,15.79
bgr,sex_m,age_ythadult_y15_64,geo_cov_rur,2019,12.454
bgr,sex_m,age_ythadult_y15_64,geo_cov_rur,2020,14.299
bgr,sex_m,age_ythadult_y15_64,geo_cov_rur,2021,14.76
bgr,sex_m,age_ythadult_y15_64,geo_cov_rur,2022,11.126
bgr,sex_m,age_ythadult_y15_64,geo_cov_rur,2023,11.76
bgr,sex_m,age_ythadult_y15_64,geo_cov_rur,2024,11.484
bgr,sex_m,age_ythadult_y15_64,geo_cov_urb,2006,11.188
bgr,sex_m,age_ythadult_y15_64,geo_cov_urb,2007,8.639
bgr,sex_m,age_ythadult_y15_64,geo_cov_urb,2008,6.936
bgr,sex_m,age_ythadult_y15_64,geo_cov_urb,2009,8.729
bgr,sex_m,age_ythadult_y15_64,geo_cov_urb,2010,12.662
bgr,sex_m,age_ythadult_y15_64,geo_cov_urb,2011,14.76
bgr,sex_m,age_ythadult_y15_64,geo_cov_urb,2012,16.785
bgr,sex_m,age_ythadult_y15_64,geo_cov_urb,2013,16.226
bgr,sex_m,age_ythadult_y15_64,geo_cov_urb,2014,14.513
bgr,sex_m,age_ythadult_y15_64,geo_cov_urb,2015,11.554
bgr,sex_m,age_ythadult_y15_64,geo_cov_urb,2016,10.497
bgr,sex_m,age_ythadult_y15_64,geo_cov_urb,2017,7.479
bgr,sex_m,age_ythadult_y15_64,geo_cov_urb,2018,6.835
bgr,sex_m,age_ythadult_y15_64,geo_cov_urb,2019,5.248
bgr,sex_m,age_ythadult_y15_64,geo_cov_urb,2020,5.864
bgr,sex_m,age_ythadult_y15_64,geo_cov_urb,2021,6.493
bgr,sex_m,age_ythadult_y15_64,geo_cov_urb,2022,5.667
bgr,sex_m,age_ythadult_y15_64,geo_cov_urb,2023,4.579
bgr,sex_m,age_ythadult_y15_64,geo_cov_urb,2024,4.328
bgr,sex_m,age_ythadult_y15_64,geo_cov_x,2006,20.897
bgr,sex_m,age_ythadult_yge15,geo_cov_nat,2006,16.988
bgr,sex_m,age_ythadult_yge15,geo_cov_nat,2007,13.182
bgr,sex_m,age_ythadult_yge15,geo_cov_nat,2008,10.551
bgr,sex_m,age_ythadult_yge15,geo_cov_nat,2009,12.511
bgr,sex_m,age_ythadult_yge15,geo_cov_nat,2010,17.738
bgr,sex_m,age_ythadult_yge15,geo_cov_nat,2011,19.837
bgr,sex_m,age_ythadult_yge15,geo_cov_nat,2012,20.444
bgr,sex_m,age_ythadult_yge15,geo_cov_nat,2013,20.089
bgr,sex_m,age_ythadult_yge15,geo_cov_nat,2014,18.711
bgr,sex_m,age_ythadult_yge15,geo_cov_nat,2015,15.478
bgr,sex_m,age_ythadult_yge15,geo_cov_nat,2016,14.298
bgr,sex_m,age_ythadult_yge15,geo_cov_nat,2017,10.369
bgr,sex_m,age_ythadult_yge15,geo_cov_nat,2018,9.234
bgr,sex_m,age_ythadult_yge15,geo_cov_nat,2019,7.205
bgr,sex_m,age_ythadult_yge15,geo_cov_nat,2020,8.204
bgr,sex_m,age_ythadult_yge15,geo_cov_nat,2021,8.809
bgr,sex_m,age_ythadult_yge15,geo_cov_nat,2022,7.166
bgr,sex_m,age_ythadult_yge15,geo_cov_nat,2023,6.566
bgr,sex_m,age_ythadult_yge15,geo_cov_nat,2024,6.193
bgr,sex_m,age_ythadult_yge15,geo_cov_rur,2006,20.593
bgr,sex_m,age_ythadult_yge15,geo_cov_rur,2007,18.074
bgr,sex_m,age_ythadult_yge15,geo_cov_rur,2008,14.518
bgr,sex_m,age_ythadult_yge15,geo_cov_rur,2009,16.767
bgr,sex_m,age_ythadult_yge15,geo_cov_rur,2010,23.352
bgr,sex_m,age_ythadult_yge15,geo_cov_rur,2011,25.859
bgr,sex_m,age_ythadult_yge15,geo_cov_rur,2012,28.555
bgr,sex_m,age_ythadult_yge15,geo_cov_rur,2013,28.938
bgr,sex_m,age_ythadult_yge15,geo_cov_rur,2014,28.745
bgr,sex_m,age_ythadult_yge15,geo_cov_rur,2015,24.544
bgr,sex_m,age_ythadult_yge15,geo_cov_rur,2016,23.618
bgr,sex_m,age_ythadult_yge15,geo_cov_rur,2017,17.53
bgr,sex_m,age_ythadult_yge15,geo_cov_rur,2018,15.647
bgr,sex_m,age_ythadult_yge15,geo_cov_rur,2019,12.374
bgr,sex_m,age_ythadult_yge15,geo_cov_rur,2020,14.13
bgr,sex_m,age_ythadult_yge15,geo_cov_rur,2021,14.561
bgr,sex_m,age_ythadult_yge15,geo_cov_rur,2022,11.185
bgr,sex_m,age_ythadult_yge15,geo_cov_rur,2023,11.694
bgr,sex_m,age_ythadult_yge15,geo_cov_rur,2024,11.211
bgr,sex_m,age_ythadult_yge15,geo_cov_urb,2006,11.242
bgr,sex_m,age_ythadult_yge15,geo_cov_urb,2007,8.695
bgr,sex_m,age_ythadult_yge15,geo_cov_urb,2008,7.041
bgr,sex_m,age_ythadult_yge15,geo_cov_urb,2009,8.666
bgr,sex_m,age_ythadult_yge15,geo_cov_urb,2010,12.72
bgr,sex_m,age_ythadult_yge15,geo_cov_urb,2011,14.656
bgr,sex_m,age_ythadult_yge15,geo_cov_urb,2012,16.629
bgr,sex_m,age_ythadult_yge15,geo_cov_urb,2013,16.074
bgr,sex_m,age_ythadult_yge15,geo_cov_urb,2014,14.335
bgr,sex_m,age_ythadult_yge15,geo_cov_urb,2015,11.443
bgr,sex_m,age_ythadult_yge15,geo_cov_urb,2016,10.365
bgr,sex_m,age_ythadult_yge15,geo_cov_urb,2017,7.394
bgr,sex_m,age_ythadult_yge15,geo_cov_urb,2018,6.742
bgr,sex_m,age_ythadult_yge15,geo_cov_urb,2019,5.226
bgr,sex_m,age_ythadult_yge15,geo_cov_urb,2020,5.766
bgr,sex_m,age_ythadult_yge15,geo_cov_urb,2021,6.493
bgr,sex_m,age_ythadult_yge15,geo_cov_urb,2022,5.604
bgr,sex_m,age_ythadult_yge15,geo_cov_urb,2023,4.567
bgr,sex_m,age_ythadult_yge15,geo_cov_urb,2024,4.232
bgr,sex_m,age_ythadult_yge15,geo_cov_x,2006,20.756
bgr,sex_m,age_ythadult_yge25,geo_cov_nat,2006,14.917
bgr,sex_m,age_ythadult_yge25,geo_cov_nat,2007,11.424
bgr,sex_m,age_ythadult_yge25,geo_cov_nat,2008,9.135
bgr,sex_m,age_ythadult_yge25,geo_cov_nat,2009,10.491
bgr,sex_m,age_ythadult_yge25,geo_cov_nat,2010,15.762
bgr,sex_m,age_ythadult_yge25,geo_cov_nat,2011,17.711
bgr,sex_m,age_ythadult_yge25,geo_cov_nat,2012,18.414
bgr,sex_m,age_ythadult_yge25,geo_cov_nat,2013,18.062
bgr,sex_m,age_ythadult_yge25,geo_cov_nat,2014,17.395
bgr,sex_m,age_ythadult_yge25,geo_cov_nat,2015,14.07
bgr,sex_m,age_ythadult_yge25,geo_cov_nat,2016,13.134
bgr,sex_m,age_ythadult_yge25,geo_cov_nat,2017,9.685
bgr,sex_m,age_ythadult_yge25,geo_cov_nat,2018,8.48
bgr,sex_m,age_ythadult_yge25,geo_cov_nat,2019,6.576
bgr,sex_m,age_ythadult_yge25,geo_cov_nat,2020,7.358
bgr,sex_m,age_ythadult_yge25,geo_cov_nat,2021,7.944
bgr,sex_m,age_ythadult_yge25,geo_cov_nat,2022,6.6
bgr,sex_m,age_ythadult_yge25,geo_cov_nat,2023,5.877
bgr,sex_m,age_ythadult_yge25,geo_cov_nat,2024,5.522
bgr,sex_m,age_ythadult_yge25,geo_cov_rur,2006,18.189
bgr,sex_m,age_ythadult_yge25,geo_cov_rur,2007,15.91
bgr,sex_m,age_ythadult_yge25,geo_cov_rur,2008,12.787
bgr,sex_m,age_ythadult_yge25,geo_cov_rur,2009,14.339
bgr,sex_m,age_ythadult_yge25,geo_cov_rur,2010,21.048
bgr,sex_m,age_ythadult_yge25,geo_cov_rur,2011,23.482
bgr,sex_m,age_ythadult_yge25,geo_cov_rur,2012,25.669
bgr,sex_m,age_ythadult_yge25,geo_cov_rur,2013,26.594
bgr,sex_m,age_ythadult_yge25,geo_cov_rur,2014,27.292
bgr,sex_m,age_ythadult_yge25,geo_cov_rur,2015,22.594
bgr,sex_m,age_ythadult_yge25,geo_cov_rur,2016,22.191
bgr,sex_m,age_ythadult_yge25,geo_cov_rur,2017,16.808
bgr,sex_m,age_ythadult_yge25,geo_cov_rur,2018,14.355
bgr,sex_m,age_ythadult_yge25,geo_cov_rur,2019,11.698
bgr,sex_m,age_ythadult_yge25,geo_cov_rur,2020,12.517
bgr,sex_m,age_ythadult_yge25,geo_cov_rur,2021,13.328
bgr,sex_m,age_ythadult_yge25,geo_cov_rur,2022,10.459
bgr,sex_m,age_ythadult_yge25,geo_cov_rur,2023,10.741
bgr,sex_m,age_ythadult_yge25,geo_cov_rur,2024,9.721
bgr,sex_m,age_ythadult_yge25,geo_cov_urb,2006,9.817
bgr,sex_m,age_ythadult_yge25,geo_cov_urb,2007,7.354
bgr,sex_m,age_ythadult_yge25,geo_cov_urb,2008,5.883
bgr,sex_m,age_ythadult_yge25,geo_cov_urb,2009,7.073
bgr,sex_m,age_ythadult_yge25,geo_cov_urb,2010,11.113
bgr,sex_m,age_ythadult_yge25,geo_cov_urb,2011,12.777
bgr,sex_m,age_ythadult_yge25,geo_cov_urb,2012,15.139
bgr,sex_m,age_ythadult_yge25,geo_cov_urb,2013,14.283
bgr,sex_m,age_ythadult_yge25,geo_cov_urb,2014,13.255
bgr,sex_m,age_ythadult_yge25,geo_cov_urb,2015,10.378
bgr,sex_m,age_ythadult_yge25,geo_cov_urb,2016,9.453
bgr,sex_m,age_ythadult_yge25,geo_cov_urb,2017,6.826
bgr,sex_m,age_ythadult_yge25,geo_cov_urb,2018,6.248
bgr,sex_m,age_ythadult_yge25,geo_cov_urb,2019,4.656
bgr,sex_m,age_ythadult_yge25,geo_cov_urb,2020,5.31
bgr,sex_m,age_ythadult_yge25,geo_cov_urb,2021,5.844
bgr,sex_m,age_ythadult_yge25,geo_cov_urb,2022,5.129
bgr,sex_m,age_ythadult_yge25,geo_cov_urb,2023,4.028
bgr,sex_m,age_ythadult_yge25,geo_cov_urb,2024,3.94
bgr,sex_m,age_ythadult_yge25,geo_cov_x,2006,18.267
bgr,sex_t,age_aggregate_total,geo_cov_nat,2006,17.599
bgr,sex_t,age_aggregate_total,geo_cov_nat,2007,13.791
bgr,sex_t,age_aggregate_total,geo_cov_nat,2008,10.943
bgr,sex_t,age_aggregate_total,geo_cov_nat,2009,12.685
bgr,sex_t,age_aggregate_total,geo_cov_nat,2010,17.122
bgr,sex_t,age_aggregate_total,geo_cov_nat,2011,18.665
bgr,sex_t,age_aggregate_total,geo_cov_nat,2012,19.276
bgr,sex_t,age_aggregate_total,geo_cov_nat,2013,19.21
bgr,sex_t,age_aggregate_total,geo_cov_nat,2014,17.704
bgr,sex_t,age_aggregate_total,geo_cov_nat,2015,14.915
bgr,sex_t,age_aggregate_total,geo_cov_nat,2016,13.564
bgr,sex_t,age_aggregate_total,geo_cov_nat,2017,10.423
bgr,sex_t,age_aggregate_total,geo_cov_nat,2018,8.866
bgr,sex_t,age_aggregate_total,geo_cov_nat,2019,7.021
bgr,sex_t,age_aggregate_total,geo_cov_nat,2020,7.93
bgr,sex_t,age_aggregate_total,geo_cov_nat,2021,8.557
bgr,sex_t,age_aggregate_total,geo_cov_nat,2022,7.054
bgr,sex_t,age_aggregate_total,geo_cov_nat,2023,6.533
bgr,sex_t,age_aggregate_total,geo_cov_nat,2024,5.956
bgr,sex_t,age_aggregate_total,geo_cov_rur,2006,21.187
bgr,sex_t,age_aggregate_total,geo_cov_rur,2007,18.812
bgr,sex_t,age_aggregate_total,geo_cov_rur,2008,15.082
bgr,sex_t,age_aggregate_total,geo_cov_rur,2009,16.9
bgr,sex_t,age_aggregate_total,geo_cov_rur,2010,22.774
bgr,sex_t,age_aggregate_total,geo_cov_rur,2011,24.509
bgr,sex_t,age_aggregate_total,geo_cov_rur,2012,27.95
bgr,sex_t,age_aggregate_total,geo_cov_rur,2013,28.829
bgr,sex_t,age_aggregate_total,geo_cov_rur,2014,28.317
bgr,sex_t,age_aggregate_total,geo_cov_rur,2015,25.488
bgr,sex_t,age_aggregate_total,geo_cov_rur,2016,23.545
bgr,sex_t,age_aggregate_total,geo_cov_rur,2017,18.507
bgr,sex_t,age_aggregate_total,geo_cov_rur,2018,16.045
bgr,sex_t,age_aggregate_total,geo_cov_rur,2019,12.59
bgr,sex_t,age_aggregate_total,geo_cov_rur,2020,14.422
bgr,sex_t,age_aggregate_total,geo_cov_rur,2021,15.094
bgr,sex_t,age_aggregate_total,geo_cov_rur,2022,12.058
bgr,sex_t,age_aggregate_total,geo_cov_rur,2023,12.828
bgr,sex_t,age_aggregate_total,geo_cov_rur,2024,11.455
bgr,sex_t,age_aggregate_total,geo_cov_urb,2006,12.351
bgr,sex_t,age_aggregate_total,geo_cov_urb,2007,9.392
bgr,sex_t,age_aggregate_total,geo_cov_urb,2008,7.41
bgr,sex_t,age_aggregate_total,geo_cov_urb,2009,9.04
bgr,sex_t,age_aggregate_total,geo_cov_urb,2010,12.377
bgr,sex_t,age_aggregate_total,geo_cov_urb,2011,13.851
bgr,sex_t,age_aggregate_total,geo_cov_urb,2012,15.475
bgr,sex_t,age_aggregate_total,geo_cov_urb,2013,15.16
bgr,sex_t,age_aggregate_total,geo_cov_urb,2014,13.519
bgr,sex_t,age_aggregate_total,geo_cov_urb,2015,10.6
bgr,sex_t,age_aggregate_total,geo_cov_urb,2016,9.735
bgr,sex_t,age_aggregate_total,geo_cov_urb,2017,7.389
bgr,sex_t,age_aggregate_total,geo_cov_urb,2018,6.338
bgr,sex_t,age_aggregate_total,geo_cov_urb,2019,5.093
bgr,sex_t,age_aggregate_total,geo_cov_urb,2020,5.525
bgr,sex_t,age_aggregate_total,geo_cov_urb,2021,6.208
bgr,sex_t,age_aggregate_total,geo_cov_urb,2022,5.294
bgr,sex_t,age_aggregate_total,geo_cov_urb,2023,4.315
bgr,sex_t,age_aggregate_total,geo_cov_urb,2024,3.994
bgr,sex_t,age_aggregate_total,geo_cov_x,2006,20.948
bgr,sex_t,age_aggregate_y15_24,geo_cov_nat,2006,35.625
bgr,sex_t,age_aggregate_y15_24,geo_cov_nat,2007,29.224
bgr,sex_t,age_aggregate_y15_24,geo_cov_nat,2008,23.283
bgr,sex_t,age_aggregate_y15_24,geo_cov_nat,2009,29.536
bgr,sex_t,age_aggregate_y15_24,geo_cov_nat,2010,35.203
bgr,sex_t,age_aggregate_y15_24,geo_cov_nat,2011,39.418
bgr,sex_t,age_aggregate_y15_24,geo_cov_nat,2012,40.3
bgr,sex_t,age_aggregate_y15_24,geo_cov_nat,2013,40.612
bgr,sex_t,age_aggregate_y15_24,geo_cov_nat,2014,36.196
bgr,sex_t,age_aggregate_y15_24,geo_cov_nat,2015,35.765
bgr,sex_t,age_aggregate_y15_24,geo_cov_nat,2016,31.483
bgr,sex_t,age_aggregate_y15_24,geo_cov_nat,2017,21.917
bgr,sex_t,age_aggregate_y15_24,geo_cov_nat,2018,22.064
bgr,sex_t,age_aggregate_y15_24,geo_cov_nat,2019,18.152
bgr,sex_t,age_aggregate_y15_24,geo_cov_nat,2020,24.305
bgr,sex_t,age_aggregate_y15_24,geo_cov_nat,2021,26.4
bgr,sex_t,age_aggregate_y15_24,geo_cov_nat,2022,19.512
bgr,sex_t,age_aggregate_y15_24,geo_cov_nat,2023,19.289
bgr,sex_t,age_aggregate_y15_24,geo_cov_nat,2024,19.223
bgr,sex_t,age_aggregate_y15_24,geo_cov_rur,2006,42.062
bgr,sex_t,age_aggregate_y15_24,geo_cov_rur,2007,37.896
bgr,sex_t,age_aggregate_y15_24,geo_cov_rur,2008,30.692
bgr,sex_t,age_aggregate_y15_24,geo_cov_rur,2009,35.828
bgr,sex_t,age_aggregate_y15_24,geo_cov_rur,2010,44.274
bgr,sex_t,age_aggregate_y15_24,geo_cov_rur,2011,48.72
bgr,sex_t,age_aggregate_y15_24,geo_cov_rur,2012,51.173
bgr,sex_t,age_aggregate_y15_24,geo_cov_rur,2013,49.159
bgr,sex_t,age_aggregate_y15_24,geo_cov_rur,2014,45.84
bgr,sex_t,age_aggregate_y15_24,geo_cov_rur,2015,47.305
bgr,sex_t,age_aggregate_y15_24,geo_cov_rur,2016,38.128
bgr,sex_t,age_aggregate_y15_24,geo_cov_rur,2017,31.151
bgr,sex_t,age_aggregate_y15_24,geo_cov_rur,2018,32.056
bgr,sex_t,age_aggregate_y15_24,geo_cov_rur,2019,25.058
bgr,sex_t,age_aggregate_y15_24,geo_cov_rur,2020,35.672
bgr,sex_t,age_aggregate_y15_24,geo_cov_rur,2021,33.74
bgr,sex_t,age_aggregate_y15_24,geo_cov_rur,2022,27.17
bgr,sex_t,age_aggregate_y15_24,geo_cov_rur,2023,27.272
bgr,sex_t,age_aggregate_y15_24,geo_cov_rur,2024,32.3
bgr,sex_t,age_aggregate_y15_24,geo_cov_urb,2006,24.955
bgr,sex_t,age_aggregate_y15_24,geo_cov_urb,2007,20.858
bgr,sex_t,age_aggregate_y15_24,geo_cov_urb,2008,16.96
bgr,sex_t,age_aggregate_y15_24,geo_cov_urb,2009,23.298
bgr,sex_t,age_aggregate_y15_24,geo_cov_urb,2010,27.062
bgr,sex_t,age_aggregate_y15_24,geo_cov_urb,2011,31.244
bgr,sex_t,age_aggregate_y15_24,geo_cov_urb,2012,33.521
bgr,sex_t,age_aggregate_y15_24,geo_cov_urb,2013,35.79
bgr,sex_t,age_aggregate_y15_24,geo_cov_urb,2014,30.231
bgr,sex_t,age_aggregate_y15_24,geo_cov_urb,2015,28.301
bgr,sex_t,age_aggregate_y15_24,geo_cov_urb,2016,27.138
bgr,sex_t,age_aggregate_y15_24,geo_cov_urb,2017,16.32
bgr,sex_t,age_aggregate_y15_24,geo_cov_urb,2018,16.414
bgr,sex_t,age_aggregate_y15_24,geo_cov_urb,2019,14.446
bgr,sex_t,age_aggregate_y15_24,geo_cov_urb,2020,16.682
bgr,sex_t,age_aggregate_y15_24,geo_cov_urb,2021,21.803
bgr,sex_t,age_aggregate_y15_24,geo_cov_urb,2022,15.541
bgr,sex_t,age_aggregate_y15_24,geo_cov_urb,2023,14.808
bgr,sex_t,age_aggregate_y15_24,geo_cov_urb,2024,10.188
bgr,sex_t,age_aggregate_y15_24,geo_cov_x,2006,42.199
bgr,sex_t,age_aggregate_y25_54,geo_cov_nat,2006,15.162
bgr,sex_t,age_aggregate_y25_54,geo_cov_nat,2007,11.538
bgr,sex_t,age_aggregate_y25_54,geo_cov_nat,2008,9.316
bgr,sex_t,age_aggregate_y25_54,geo_cov_nat,2009,10.918
bgr,sex_t,age_aggregate_y25_54,geo_cov_nat,2010,15.079
bgr,sex_t,age_aggregate_y25_54,geo_cov_nat,2011,16.686
bgr,sex_t,age_aggregate_y25_54,geo_cov_nat,2012,17.42
bgr,sex_t,age_aggregate_y25_54,geo_cov_nat,2013,17.108
bgr,sex_t,age_aggregate_y25_54,geo_cov_nat,2014,15.892
bgr,sex_t,age_aggregate_y25_54,geo_cov_nat,2015,13.286
bgr,sex_t,age_aggregate_y25_54,geo_cov_nat,2016,12.429
bgr,sex_t,age_aggregate_y25_54,geo_cov_nat,2017,9.681
bgr,sex_t,age_aggregate_y25_54,geo_cov_nat,2018,8.209
bgr,sex_t,age_aggregate_y25_54,geo_cov_nat,2019,6.444
bgr,sex_t,age_aggregate_y25_54,geo_cov_nat,2020,7.373
bgr,sex_t,age_aggregate_y25_54,geo_cov_nat,2021,7.88
bgr,sex_t,age_aggregate_y25_54,geo_cov_nat,2022,6.652
bgr,sex_t,age_aggregate_y25_54,geo_cov_nat,2023,6.155
bgr,sex_t,age_aggregate_y25_54,geo_cov_nat,2024,5.554
bgr,sex_t,age_aggregate_y25_54,geo_cov_rur,2006,18.309
bgr,sex_t,age_aggregate_y25_54,geo_cov_rur,2007,16.081
bgr,sex_t,age_aggregate_y25_54,geo_cov_rur,2008,13.17
bgr,sex_t,age_aggregate_y25_54,geo_cov_rur,2009,14.922
bgr,sex_t,age_aggregate_y25_54,geo_cov_rur,2010,20.489
bgr,sex_t,age_aggregate_y25_54,geo_cov_rur,2011,22.367
bgr,sex_t,age_aggregate_y25_54,geo_cov_rur,2012,25.452
bgr,sex_t,age_aggregate_y25_54,geo_cov_rur,2013,26.29
bgr,sex_t,age_aggregate_y25_54,geo_cov_rur,2014,26.047
bgr,sex_t,age_aggregate_y25_54,geo_cov_rur,2015,23.279
bgr,sex_t,age_aggregate_y25_54,geo_cov_rur,2016,22.39
bgr,sex_t,age_aggregate_y25_54,geo_cov_rur,2017,17.616
bgr,sex_t,age_aggregate_y25_54,geo_cov_rur,2018,14.963
bgr,sex_t,age_aggregate_y25_54,geo_cov_rur,2019,11.716
bgr,sex_t,age_aggregate_y25_54,geo_cov_rur,2020,13.644
bgr,sex_t,age_aggregate_y25_54,geo_cov_rur,2021,13.699
bgr,sex_t,age_aggregate_y25_54,geo_cov_rur,2022,11.155
bgr,sex_t,age_aggregate_y25_54,geo_cov_rur,2023,12.097
bgr,sex_t,age_aggregate_y25_54,geo_cov_rur,2024,10.358
bgr,sex_t,age_aggregate_y25_54,geo_cov_urb,2006,10.479
bgr,sex_t,age_aggregate_y25_54,geo_cov_urb,2007,7.701
bgr,sex_t,age_aggregate_y25_54,geo_cov_urb,2008,6.113
bgr,sex_t,age_aggregate_y25_54,geo_cov_urb,2009,7.544
bgr,sex_t,age_aggregate_y25_54,geo_cov_urb,2010,10.698
bgr,sex_t,age_aggregate_y25_54,geo_cov_urb,2011,12.151
bgr,sex_t,age_aggregate_y25_54,geo_cov_urb,2012,14.138
bgr,sex_t,age_aggregate_y25_54,geo_cov_urb,2013,13.475
bgr,sex_t,age_aggregate_y25_54,geo_cov_urb,2014,12.151
bgr,sex_t,age_aggregate_y25_54,geo_cov_urb,2015,9.508
bgr,sex_t,age_aggregate_y25_54,geo_cov_urb,2016,8.851
bgr,sex_t,age_aggregate_y25_54,geo_cov_urb,2017,6.935
bgr,sex_t,age_aggregate_y25_54,geo_cov_urb,2018,5.964
bgr,sex_t,age_aggregate_y25_54,geo_cov_urb,2019,4.721
bgr,sex_t,age_aggregate_y25_54,geo_cov_urb,2020,5.23
bgr,sex_t,age_aggregate_y25_54,geo_cov_urb,2021,5.938
bgr,sex_t,age_aggregate_y25_54,geo_cov_urb,2022,5.184
bgr,sex_t,age_aggregate_y25_54,geo_cov_urb,2023,4.246
bgr,sex_t,age_aggregate_y25_54,geo_cov_urb,2024,3.975
bgr,sex_t,age_aggregate_y25_54,geo_cov_x,2006,18.437
bgr,sex_t,age_aggregate_y55_64,geo_cov_nat,2006,18.305
bgr,sex_t,age_aggregate_y55_64,geo_cov_nat,2007,15.96
bgr,sex_t,age_aggregate_y55_64,geo_cov_nat,2008,11.871
bgr,sex_t,age_aggregate_y55_64,geo_cov_nat,2009,11.788
bgr,sex_t,age_aggregate_y55_64,geo_cov_nat,2010,16.603
bgr,sex_t,age_aggregate_y55_64,geo_cov_nat,2011,17.12
bgr,sex_t,age_aggregate_y55_64,geo_cov_nat,2012,17.983
bgr,sex_t,age_aggregate_y55_64,geo_cov_nat,2013,19.499
bgr,sex_t,age_aggregate_y55_64,geo_cov_nat,2014,18.975
bgr,sex_t,age_aggregate_y55_64,geo_cov_nat,2015,15.101
bgr,sex_t,age_aggregate_y55_64,geo_cov_nat,2016,13.392
bgr,sex_t,age_aggregate_y55_64,geo_cov_nat,2017,10.652
bgr,sex_t,age_aggregate_y55_64,geo_cov_nat,2018,8.391
bgr,sex_t,age_aggregate_y55_64,geo_cov_nat,2019,6.916
bgr,sex_t,age_aggregate_y55_64,geo_cov_nat,2020,7.083
bgr,sex_t,age_aggregate_y55_64,geo_cov_nat,2021,7.753
bgr,sex_t,age_aggregate_y55_64,geo_cov_nat,2022,5.997
bgr,sex_t,age_aggregate_y55_64,geo_cov_nat,2023,5.491
bgr,sex_t,age_aggregate_y55_64,geo_cov_nat,2024,5.23
bgr,sex_t,age_aggregate_y55_64,geo_cov_rur,2006,22.065
bgr,sex_t,age_aggregate_y55_64,geo_cov_rur,2007,20.645
bgr,sex_t,age_aggregate_y55_64,geo_cov_rur,2008,16.178
bgr,sex_t,age_aggregate_y55_64,geo_cov_rur,2009,15.141
bgr,sex_t,age_aggregate_y55_64,geo_cov_rur,2010,21.492
bgr,sex_t,age_aggregate_y55_64,geo_cov_rur,2011,21.738
bgr,sex_t,age_aggregate_y55_64,geo_cov_rur,2012,25.572
bgr,sex_t,age_aggregate_y55_64,geo_cov_rur,2013,28.836
bgr,sex_t,age_aggregate_y55_64,geo_cov_rur,2014,29.315
bgr,sex_t,age_aggregate_y55_64,geo_cov_rur,2015,25.242
bgr,sex_t,age_aggregate_y55_64,geo_cov_rur,2016,22.836
bgr,sex_t,age_aggregate_y55_64,geo_cov_rur,2017,18.047
bgr,sex_t,age_aggregate_y55_64,geo_cov_rur,2018,15.144
bgr,sex_t,age_aggregate_y55_64,geo_cov_rur,2019,12.473
bgr,sex_t,age_aggregate_y55_64,geo_cov_rur,2020,11.573
bgr,sex_t,age_aggregate_y55_64,geo_cov_rur,2021,15.374
bgr,sex_t,age_aggregate_y55_64,geo_cov_rur,2022,11.017
bgr,sex_t,age_aggregate_y55_64,geo_cov_rur,2023,11.991
bgr,sex_t,age_aggregate_y55_64,geo_cov_rur,2024,10.138
bgr,sex_t,age_aggregate_y55_64,geo_cov_urb,2006,13.644
bgr,sex_t,age_aggregate_y55_64,geo_cov_urb,2007,11.3
bgr,sex_t,age_aggregate_y55_64,geo_cov_urb,2008,7.785
bgr,sex_t,age_aggregate_y55_64,geo_cov_urb,2009,8.732
bgr,sex_t,age_aggregate_y55_64,geo_cov_urb,2010,11.859
bgr,sex_t,age_aggregate_y55_64,geo_cov_urb,2011,12.824
bgr,sex_t,age_aggregate_y55_64,geo_cov_urb,2012,14.212
bgr,sex_t,age_aggregate_y55_64,geo_cov_urb,2013,15.047
bgr,sex_t,age_aggregate_y55_64,geo_cov_urb,2014,14.476
bgr,sex_t,age_aggregate_y55_64,geo_cov_urb,2015,10.348
bgr,sex_t,age_aggregate_y55_64,geo_cov_urb,2016,9.462
bgr,sex_t,age_aggregate_y55_64,geo_cov_urb,2017,7.418
bgr,sex_t,age_aggregate_y55_64,geo_cov_urb,2018,5.81
bgr,sex_t,age_aggregate_y55_64,geo_cov_urb,2019,4.835
bgr,sex_t,age_aggregate_y55_64,geo_cov_urb,2020,5.178
bgr,sex_t,age_aggregate_y55_64,geo_cov_urb,2021,4.638
bgr,sex_t,age_aggregate_y55_64,geo_cov_urb,2022,3.93
bgr,sex_t,age_aggregate_y55_64,geo_cov_urb,2023,2.798
bgr,sex_t,age_aggregate_y55_64,geo_cov_urb,2024,3.249
bgr,sex_t,age_aggregate_y55_64,geo_cov_x,2006,19.642
bgr,sex_t,age_aggregate_yge65,geo_cov_nat,2006,16.939
bgr,sex_t,age_aggregate_yge65,geo_cov_nat,2007,13.19
bgr,sex_t,age_aggregate_yge65,geo_cov_nat,2008,10.116
bgr,sex_t,age_aggregate_yge65,geo_cov_nat,2009,7.056
bgr,sex_t,age_aggregate_yge65,geo_cov_nat,2010,13.043
bgr,sex_t,age_aggregate_yge65,geo_cov_nat,2011,12.618
bgr,sex_t,age_aggregate_yge65,geo_cov_nat,2012,7.353
bgr,sex_t,age_aggregate_yge65,geo_cov_nat,2013,10.72
bgr,sex_t,age_aggregate_yge65,geo_cov_nat,2014,11.821
bgr,sex_t,age_aggregate_yge65,geo_cov_nat,2015,8.168
bgr,sex_t,age_aggregate_yge65,geo_cov_nat,2016,7.214
bgr,sex_t,age_aggregate_yge65,geo_cov_nat,2017,5.625
bgr,sex_t,age_aggregate_yge65,geo_cov_nat,2018,6.456
bgr,sex_t,age_aggregate_yge65,geo_cov_nat,2019,5.211
bgr,sex_t,age_aggregate_yge65,geo_cov_nat,2020,4.842
bgr,sex_t,age_aggregate_yge65,geo_cov_nat,2021,7.38
bgr,sex_t,age_aggregate_yge65,geo_cov_nat,2022,6.433
bgr,sex_t,age_aggregate_yge65,geo_cov_nat,2023,4.925
bgr,sex_t,age_aggregate_yge65,geo_cov_nat,2024,3.396
bgr,sex_t,age_aggregate_yge65,geo_cov_rur,2006,11.842
bgr,sex_t,age_aggregate_yge65,geo_cov_rur,2007,12.653
bgr,sex_t,age_aggregate_yge65,geo_cov_rur,2008,7.571
bgr,sex_t,age_aggregate_yge65,geo_cov_rur,2009,7.449
bgr,sex_t,age_aggregate_yge65,geo_cov_rur,2010,9.154
bgr,sex_t,age_aggregate_yge65,geo_cov_rur,2011,12.847
bgr,sex_t,age_aggregate_yge65,geo_cov_rur,2012,8.977
bgr,sex_t,age_aggregate_yge65,geo_cov_rur,2013,22.966
bgr,sex_t,age_aggregate_yge65,geo_cov_rur,2014,19.471
bgr,sex_t,age_aggregate_yge65,geo_cov_rur,2015,12.022
bgr,sex_t,age_aggregate_yge65,geo_cov_rur,2016,13.147
bgr,sex_t,age_aggregate_yge65,geo_cov_rur,2017,9.299
bgr,sex_t,age_aggregate_yge65,geo_cov_rur,2018,11.358
bgr,sex_t,age_aggregate_yge65,geo_cov_rur,2019,8.927
bgr,sex_t,age_aggregate_yge65,geo_cov_rur,2020,10.372
bgr,sex_t,age_aggregate_yge65,geo_cov_rur,2021,10.268
bgr,sex_t,age_aggregate_yge65,geo_cov_rur,2022,12.376
bgr,sex_t,age_aggregate_yge65,geo_cov_rur,2023,8.593
bgr,sex_t,age_aggregate_yge65,geo_cov_rur,2024,4.394
bgr,sex_t,age_aggregate_yge65,geo_cov_urb,2006,23.402
bgr,sex_t,age_aggregate_yge65,geo_cov_urb,2007,13.766
bgr,sex_t,age_aggregate_yge65,geo_cov_urb,2008,13.23
bgr,sex_t,age_aggregate_yge65,geo_cov_urb,2009,6.713
bgr,sex_t,age_aggregate_yge65,geo_cov_urb,2010,15.82
bgr,sex_t,age_aggregate_yge65,geo_cov_urb,2011,12.448
bgr,sex_t,age_aggregate_yge65,geo_cov_urb,2012,6.647
bgr,sex_t,age_aggregate_yge65,geo_cov_urb,2013,5.332
bgr,sex_t,age_aggregate_yge65,geo_cov_urb,2014,8.811
bgr,sex_t,age_aggregate_yge65,geo_cov_urb,2015,6.612
bgr,sex_t,age_aggregate_yge65,geo_cov_urb,2016,4.82
bgr,sex_t,age_aggregate_yge65,geo_cov_urb,2017,4.128
bgr,sex_t,age_aggregate_yge65,geo_cov_urb,2018,4.634
bgr,sex_t,age_aggregate_yge65,geo_cov_urb,2019,3.802
bgr,sex_t,age_aggregate_yge65,geo_cov_urb,2020,2.748
bgr,sex_t,age_aggregate_yge65,geo_cov_urb,2021,6.304
bgr,sex_t,age_aggregate_yge65,geo_cov_urb,2022,4.257
bgr,sex_t,age_aggregate_yge65,geo_cov_urb,2023,3.373
bgr,sex_t,age_aggregate_yge65,geo_cov_urb,2024,3.038
bgr,sex_t,age_aggregate_yge65,geo_cov_x,2006,16.384
bgr,sex_t,age_ythadult_y15_24,geo_cov_nat,2006,35.625
bgr,sex_t,age_ythadult_y15_24,geo_cov_nat,2007,29.224
bgr,sex_t,age_ythadult_y15_24,geo_cov_nat,2008,23.283
bgr,sex_t,age_ythadult_y15_24,geo_cov_nat,2009,29.536
bgr,sex_t,age_ythadult_y15_24,geo_cov_nat,2010,35.203
bgr,sex_t,age_ythadult_y15_24,geo_cov_nat,2011,39.418
bgr,sex_t,age_ythadult_y15_24,geo_cov_nat,2012,40.3
bgr,sex_t,age_ythadult_y15_24,geo_cov_nat,2013,40.612
bgr,sex_t,age_ythadult_y15_24,geo_cov_nat,2014,36.196
bgr,sex_t,age_ythadult_y15_24,geo_cov_nat,2015,35.765
bgr,sex_t,age_ythadult_y15_24,geo_cov_nat,2016,31.483
bgr,sex_t,age_ythadult_y15_24,geo_cov_nat,2017,21.917
bgr,sex_t,age_ythadult_y15_24,geo_cov_nat,2018,22.064
bgr,sex_t,age_ythadult_y15_24,geo_cov_nat,2019,18.152
bgr,sex_t,age_ythadult_y15_24,geo_cov_nat,2020,24.305
bgr,sex_t,age_ythadult_y15_24,geo_cov_nat,2021,26.4
bgr,sex_t,age_ythadult_y15_24,geo_cov_nat,2022,19.512
bgr,sex_t,age_ythadult_y15_24,geo_cov_nat,2023,19.289
bgr,sex_t,age_ythadult_y15_24,geo_cov_nat,2024,19.223
bgr,sex_t,age_ythadult_y15_24,geo_cov_rur,2006,42.062
bgr,sex_t,age_ythadult_y15_24,geo_cov_rur,2007,37.896
bgr,sex_t,age_ythadult_y15_24,geo_cov_rur,2008,30.692
bgr,sex_t,age_ythadult_y15_24,geo_cov_rur,2009,35.828
bgr,sex_t,age_ythadult_y15_24,geo_cov_rur,2010,44.274
bgr,sex_t,age_ythadult_y15_24,geo_cov_rur,2011,48.72
bgr,sex_t,age_ythadult_y15_24,geo_cov_rur,2012,51.173
bgr,sex_t,age_ythadult_y15_24,geo_cov_rur,2013,49.159
bgr,sex_t,age_ythadult_y15_24,geo_cov_rur,2014,45.84
bgr,sex_t,age_ythadult_y15_24,geo_cov_rur,2015,47.305
bgr,sex_t,age_ythadult_y15_24,geo_cov_rur,2016,38.128
bgr,sex_t,age_ythadult_y15_24,geo_cov_rur,2017,31.151
bgr,sex_t,age_ythadult_y15_24,geo_cov_rur,2018,32.056
bgr,sex_t,age_ythadult_y15_24,geo_cov_rur,2019,25.058
bgr,sex_t,age_ythadult_y15_24,geo_cov_rur,2020,35.672
bgr,sex_t,age_ythadult_y15_24,geo_cov_rur,2021,33.74
bgr,sex_t,age_ythadult_y15_24,geo_cov_rur,2022,27.17
bgr,sex_t,age_ythadult_y15_24,geo_cov_rur,2023,27.272
bgr,sex_t,age_ythadult_y15_24,geo_cov_rur,2024,32.3
bgr,sex_t,age_ythadult_y15_24,geo_cov_urb,2006,24.955
bgr,sex_t,age_ythadult_y15_24,geo_cov_urb,2007,20.858
bgr,sex_t,age_ythadult_y15_24,geo_cov_urb,2008,16.96
bgr,sex_t,age_ythadult_y15_24,geo_cov_urb,2009,23.298
bgr,sex_t,age_ythadult_y15_24,geo_cov_urb,2010,27.062
bgr,sex_t,age_ythadult_y15_24,geo_cov_urb,2011,31.244
bgr,sex_t,age_ythadult_y15_24,geo_cov_urb,2012,33.521
bgr,sex_t,age_ythadult_y15_24,geo_cov_urb,2013,35.79
bgr,sex_t,age_ythadult_y15_24,geo_cov_urb,2014,30.231
bgr,sex_t,age_ythadult_y15_24,geo_cov_urb,2015,28.301
bgr,sex_t,age_ythadult_y15_24,geo_cov_urb,2016,27.138
bgr,sex_t,age_ythadult_y15_24,geo_cov_urb,2017,16.32
bgr,sex_t,age_ythadult_y15_24,geo_cov_urb,2018,16.414
bgr,sex_t,age_ythadult_y15_24,geo_cov_urb,2019,14.446
bgr,sex_t,age_ythadult_y15_24,geo_cov_urb,2020,16.682
bgr,sex_t,age_ythadult_y15_24,geo_cov_urb,2021,21.803
bgr,sex_t,age_ythadult_y15_24,geo_cov_urb,2022,15.541
bgr,sex_t,age_ythadult_y15_24,geo_cov_urb,2023,14.808
bgr,sex_t,age_ythadult_y15_24,geo_cov_urb,2024,10.188
bgr,sex_t,age_ythadult_y15_24,geo_cov_x,2006,42.199
bgr,sex_t,age_ythadult_y15_64,geo_cov_nat,2006,17.608
bgr,sex_t,age_ythadult_y15_64,geo_cov_nat,2007,13.8
bgr,sex_t,age_ythadult_y15_64,geo_cov_nat,2008,10.957
bgr,sex_t,age_ythadult_y15_64,geo_cov_nat,2009,12.765
bgr,sex_t,age_ythadult_y15_64,geo_cov_nat,2010,17.172
bgr,sex_t,age_ythadult_y15_64,geo_cov_nat,2011,18.735
bgr,sex_t,age_ythadult_y15_64,geo_cov_nat,2012,19.413
bgr,sex_t,age_ythadult_y15_64,geo_cov_nat,2013,19.333
bgr,sex_t,age_ythadult_y15_64,geo_cov_nat,2014,17.803
bgr,sex_t,age_ythadult_y15_64,geo_cov_nat,2015,15.042
bgr,sex_t,age_ythadult_y15_64,geo_cov_nat,2016,13.687
bgr,sex_t,age_ythadult_y15_64,geo_cov_nat,2017,10.539
bgr,sex_t,age_ythadult_y15_64,geo_cov_nat,2018,8.931
bgr,sex_t,age_ythadult_y15_64,geo_cov_nat,2019,7.079
bgr,sex_t,age_ythadult_y15_64,geo_cov_nat,2020,8.04
bgr,sex_t,age_ythadult_y15_64,geo_cov_nat,2021,8.598
bgr,sex_t,age_ythadult_y15_64,geo_cov_nat,2022,7.076
bgr,sex_t,age_ythadult_y15_64,geo_cov_nat,2023,6.591
bgr,sex_t,age_ythadult_y15_64,geo_cov_nat,2024,6.066
bgr,sex_t,age_ythadult_y15_64,geo_cov_rur,2006,21.328
bgr,sex_t,age_ythadult_y15_64,geo_cov_rur,2007,18.904
bgr,sex_t,age_ythadult_y15_64,geo_cov_rur,2008,15.231
bgr,sex_t,age_ythadult_y15_64,geo_cov_rur,2009,17.034
bgr,sex_t,age_ythadult_y15_64,geo_cov_rur,2010,22.929
bgr,sex_t,age_ythadult_y15_64,geo_cov_rur,2011,24.635
bgr,sex_t,age_ythadult_y15_64,geo_cov_rur,2012,28.167
bgr,sex_t,age_ythadult_y15_64,geo_cov_rur,2013,28.916
bgr,sex_t,age_ythadult_y15_64,geo_cov_rur,2014,28.465
bgr,sex_t,age_ythadult_y15_64,geo_cov_rur,2015,25.739
bgr,sex_t,age_ythadult_y15_64,geo_cov_rur,2016,23.753
bgr,sex_t,age_ythadult_y15_64,geo_cov_rur,2017,18.744
bgr,sex_t,age_ythadult_y15_64,geo_cov_rur,2018,16.178
bgr,sex_t,age_ythadult_y15_64,geo_cov_rur,2019,12.716
bgr,sex_t,age_ythadult_y15_64,geo_cov_rur,2020,14.57
bgr,sex_t,age_ythadult_y15_64,geo_cov_rur,2021,15.264
bgr,sex_t,age_ythadult_y15_64,geo_cov_rur,2022,12.046
bgr,sex_t,age_ythadult_y15_64,geo_cov_rur,2023,13.003
bgr,sex_t,age_ythadult_y15_64,geo_cov_rur,2024,11.757
bgr,sex_t,age_ythadult_y15_64,geo_cov_urb,2006,12.229
bgr,sex_t,age_ythadult_y15_64,geo_cov_urb,2007,9.338
bgr,sex_t,age_ythadult_y15_64,geo_cov_urb,2008,7.329
bgr,sex_t,age_ythadult_y15_64,geo_cov_urb,2009,9.073
bgr,sex_t,age_ythadult_y15_64,geo_cov_urb,2010,12.331
bgr,sex_t,age_ythadult_y15_64,geo_cov_urb,2011,13.867
bgr,sex_t,age_ythadult_y15_64,geo_cov_urb,2012,15.577
bgr,sex_t,age_ythadult_y15_64,geo_cov_urb,2013,15.3
bgr,sex_t,age_ythadult_y15_64,geo_cov_urb,2014,13.598
bgr,sex_t,age_ythadult_y15_64,geo_cov_urb,2015,10.675
bgr,sex_t,age_ythadult_y15_64,geo_cov_urb,2016,9.829
bgr,sex_t,age_ythadult_y15_64,geo_cov_urb,2017,7.466
bgr,sex_t,age_ythadult_y15_64,geo_cov_urb,2018,6.383
bgr,sex_t,age_ythadult_y15_64,geo_cov_urb,2019,5.134
bgr,sex_t,age_ythadult_y15_64,geo_cov_urb,2020,5.623
bgr,sex_t,age_ythadult_y15_64,geo_cov_urb,2021,6.204
bgr,sex_t,age_ythadult_y15_64,geo_cov_urb,2022,5.331
bgr,sex_t,age_ythadult_y15_64,geo_cov_urb,2023,4.347
bgr,sex_t,age_ythadult_y15_64,geo_cov_urb,2024,4.035
bgr,sex_t,age_ythadult_y15_64,geo_cov_x,2006,20.996
bgr,sex_t,age_ythadult_yge15,geo_cov_nat,2006,17.599
bgr,sex_t,age_ythadult_yge15,geo_cov_nat,2007,13.791
bgr,sex_t,age_ythadult_yge15,geo_cov_nat,2008,10.943
bgr,sex_t,age_ythadult_yge15,geo_cov_nat,2009,12.685
bgr,sex_t,age_ythadult_yge15,geo_cov_nat,2010,17.122
bgr,sex_t,age_ythadult_yge15,geo_cov_nat,2011,18.665
bgr,sex_t,age_ythadult_yge15,geo_cov_nat,2012,19.276
bgr,sex_t,age_ythadult_yge15,geo_cov_nat,2013,19.21
bgr,sex_t,age_ythadult_yge15,geo_cov_nat,2014,17.704
bgr,sex_t,age_ythadult_yge15,geo_cov_nat,2015,14.915
bgr,sex_t,age_ythadult_yge15,geo_cov_nat,2016,13.564
bgr,sex_t,age_ythadult_yge15,geo_cov_nat,2017,10.423
bgr,sex_t,age_ythadult_yge15,geo_cov_nat,2018,8.866
bgr,sex_t,age_ythadult_yge15,geo_cov_nat,2019,7.021
bgr,sex_t,age_ythadult_yge15,geo_cov_nat,2020,7.93
bgr,sex_t,age_ythadult_yge15,geo_cov_nat,2021,8.557
bgr,sex_t,age_ythadult_yge15,geo_cov_nat,2022,7.054
bgr,sex_t,age_ythadult_yge15,geo_cov_nat,2023,6.533
bgr,sex_t,age_ythadult_yge15,geo_cov_nat,2024,5.956
bgr,sex_t,age_ythadult_yge15,geo_cov_rur,2006,21.187
bgr,sex_t,age_ythadult_yge15,geo_cov_rur,2007,18.812
bgr,sex_t,age_ythadult_yge15,geo_cov_rur,2008,15.082
bgr,sex_t,age_ythadult_yge15,geo_cov_rur,2009,16.9
bgr,sex_t,age_ythadult_yge15,geo_cov_rur,2010,22.774
bgr,sex_t,age_ythadult_yge15,geo_cov_rur,2011,24.509
bgr,sex_t,age_ythadult_yge15,geo_cov_rur,2012,27.95
bgr,sex_t,age_ythadult_yge15,geo_cov_rur,2013,28.829
bgr,sex_t,age_ythadult_yge15,geo_cov_rur,2014,28.317
bgr,sex_t,age_ythadult_yge15,geo_cov_rur,2015,25.488
bgr,sex_t,age_ythadult_yge15,geo_cov_rur,2016,23.545
bgr,sex_t,age_ythadult_yge15,geo_cov_rur,2017,18.507
bgr,sex_t,age_ythadult_yge15,geo_cov_rur,2018,16.045
bgr,sex_t,age_ythadult_yge15,geo_cov_rur,2019,12.59
bgr,sex_t,age_ythadult_yge15,geo_cov_rur,2020,14.422
bgr,sex_t,age_ythadult_yge15,geo_cov_rur,2021,15.094
bgr,sex_t,age_ythadult_yge15,geo_cov_rur,2022,12.058
bgr,sex_t,age_ythadult_yge15,geo_cov_rur,2023,12.828
bgr,sex_t,age_ythadult_yge15,geo_cov_rur,2024,11.455
bgr,sex_t,age_ythadult_yge15,geo_cov_urb,2006,12.351
bgr,sex_t,age_ythadult_yge15,geo_cov_urb,2007,9.392
bgr,sex_t,age_ythadult_yge15,geo_cov_urb,2008,7.41
bgr,sex_t,age_ythadult_yge15,geo_cov_urb,2009,9.04
bgr,sex_t,age_ythadult_yge15,geo_cov_urb,2010,12.377
bgr,sex_t,age_ythadult_yge15,geo_cov_urb,2011,13.851
bgr,sex_t,age_ythadult_yge15,geo_cov_urb,2012,15.475
bgr,sex_t,age_ythadult_yge15,geo_cov_urb,2013,15.16
bgr,sex_t,age_ythadult_yge15,geo_cov_urb,2014,13.519
bgr,sex_t,age_ythadult_yge15,geo_cov_urb,2015,10.6
bgr,sex_t,age_ythadult_yge15,geo_cov_urb,2016,9.735
bgr,sex_t,age_ythadult_yge15,geo_cov_urb,2017,7.389
bgr,sex_t,age_ythadult_yge15,geo_cov_urb,2018,6.338
bgr,sex_t,age_ythadult_yge15,geo_cov_urb,2019,5.093
bgr,sex_t,age_ythadult_yge15,geo_cov_urb,2020,5.525
bgr,sex_t,age_ythadult_yge15,geo_cov_urb,2021,6.208
bgr,sex_t,age_ythadult_yge15,geo_cov_urb,2022,5.294
bgr,sex_t,age_ythadult_yge15,geo_cov_urb,2023,4.315
bgr,sex_t,age_ythadult_yge15,geo_cov_urb,2024,3.994
bgr,sex_t,age_ythadult_yge15,geo_cov_x,2006,20.948
bgr,sex_t,age_ythadult_yge25,geo_cov_nat,2006,15.62
bgr,sex_t,age_ythadult_yge25,geo_cov_nat,2007,12.199
bgr,sex_t,age_ythadult_yge25,geo_cov_nat,2008,9.712
bgr,sex_t,age_ythadult_yge25,geo_cov_nat,2009,10.99
bgr,sex_t,age_ythadult_yge25,geo_cov_nat,2010,15.309
bgr,sex_t,age_ythadult_yge25,geo_cov_nat,2011,16.71
bgr,sex_t,age_ythadult_yge25,geo_cov_nat,2012,17.394
bgr,sex_t,age_ythadult_yge25,geo_cov_nat,2013,17.444
bgr,sex_t,age_ythadult_yge25,geo_cov_nat,2014,16.396
bgr,sex_t,age_ythadult_yge25,geo_cov_nat,2015,13.523
bgr,sex_t,age_ythadult_yge25,geo_cov_nat,2016,12.506
bgr,sex_t,age_ythadult_yge25,geo_cov_nat,2017,9.765
bgr,sex_t,age_ythadult_yge25,geo_cov_nat,2018,8.195
bgr,sex_t,age_ythadult_yge25,geo_cov_nat,2019,6.504
bgr,sex_t,age_ythadult_yge25,geo_cov_nat,2020,7.22
bgr,sex_t,age_ythadult_yge25,geo_cov_nat,2021,7.836
bgr,sex_t,age_ythadult_yge25,geo_cov_nat,2022,6.502
bgr,sex_t,age_ythadult_yge25,geo_cov_nat,2023,5.963
bgr,sex_t,age_ythadult_yge25,geo_cov_nat,2024,5.391
bgr,sex_t,age_ythadult_yge25,geo_cov_rur,2006,18.77
bgr,sex_t,age_ythadult_yge25,geo_cov_rur,2007,16.73
bgr,sex_t,age_ythadult_yge25,geo_cov_rur,2008,13.525
bgr,sex_t,age_ythadult_yge25,geo_cov_rur,2009,14.84
bgr,sex_t,age_ythadult_yge25,geo_cov_rur,2010,20.532
bgr,sex_t,age_ythadult_yge25,geo_cov_rur,2011,22.139
bgr,sex_t,age_ythadult_yge25,geo_cov_rur,2012,25.268
bgr,sex_t,age_ythadult_yge25,geo_cov_rur,2013,26.75
bgr,sex_t,age_ythadult_yge25,geo_cov_rur,2014,26.6
bgr,sex_t,age_ythadult_yge25,geo_cov_rur,2015,23.466
bgr,sex_t,age_ythadult_yge25,geo_cov_rur,2016,22.285
bgr,sex_t,age_ythadult_yge25,geo_cov_rur,2017,17.484
bgr,sex_t,age_ythadult_yge25,geo_cov_rur,2018,14.894
bgr,sex_t,age_ythadult_yge25,geo_cov_rur,2019,11.79
bgr,sex_t,age_ythadult_yge25,geo_cov_rur,2020,13.026
bgr,sex_t,age_ythadult_yge25,geo_cov_rur,2021,13.976
bgr,sex_t,age_ythadult_yge25,geo_cov_rur,2022,11.167
bgr,sex_t,age_ythadult_yge25,geo_cov_rur,2023,11.922
bgr,sex_t,age_ythadult_yge25,geo_cov_rur,2024,10.043
bgr,sex_t,age_ythadult_yge25,geo_cov_urb,2006,11.047
bgr,sex_t,age_ythadult_yge25,geo_cov_urb,2007,8.267
bgr,sex_t,age_ythadult_yge25,geo_cov_urb,2008,6.457
bgr,sex_t,age_ythadult_yge25,geo_cov_urb,2009,7.706
bgr,sex_t,age_ythadult_yge25,geo_cov_urb,2010,10.954
bgr,sex_t,age_ythadult_yge25,geo_cov_urb,2011,12.264
bgr,sex_t,age_ythadult_yge25,geo_cov_urb,2012,14.058
bgr,sex_t,age_ythadult_yge25,geo_cov_urb,2013,13.625
bgr,sex_t,age_ythadult_yge25,geo_cov_urb,2014,12.51
bgr,sex_t,age_ythadult_yge25,geo_cov_urb,2015,9.599
bgr,sex_t,age_ythadult_yge25,geo_cov_urb,2016,8.884
bgr,sex_t,age_ythadult_yge25,geo_cov_urb,2017,6.955
bgr,sex_t,age_ythadult_yge25,geo_cov_urb,2018,5.899
bgr,sex_t,age_ythadult_yge25,geo_cov_urb,2019,4.715
bgr,sex_t,age_ythadult_yge25,geo_cov_urb,2020,5.132
bgr,sex_t,age_ythadult_yge25,geo_cov_urb,2021,5.684
bgr,sex_t,age_ythadult_yge25,geo_cov_urb,2022,4.892
bgr,sex_t,age_ythadult_yge25,geo_cov_urb,2023,3.911
bgr,sex_t,age_ythadult_yge25,geo_cov_urb,2024,3.784
bgr,sex_t,age_ythadult_yge25,geo_cov_x,2006,18.572
bih,sex_f,age_aggregate_total,geo_cov_nat,2001,44.634
bih,sex_f,age_aggregate_total,geo_cov_nat,2006,50.944
bih,sex_f,age_aggregate_total,geo_cov_nat,2007,47.404
bih,sex_f,age_aggregate_total,geo_cov_nat,2008,39.702
bih,sex_f,age_aggregate_total,geo_cov_nat,2009,38.014
bih,sex_f,age_aggregate_total,geo_cov_nat,2010,41.216
bih,sex_f,age_aggregate_total,geo_cov_nat,2011,41.766
bih,sex_f,age_aggregate_total,geo_cov_nat,2012,42.662
bih,sex_f,age_aggregate_total,geo_cov_nat,2013,41.31
bih,sex_f,age_aggregate_total,geo_cov_nat,2014,43.023
bih,sex_f,age_aggregate_total,geo_cov_nat,2015,42.594
bih,sex_f,age_aggregate_total,geo_cov_nat,2016,42.46
bih,sex_f,age_aggregate_total,geo_cov_nat,2017,34.751
bih,sex_f,age_aggregate_total,geo_cov_nat,2018,32.18
bih,sex_f,age_aggregate_total,geo_cov_nat,2019,28.498
bih,sex_f,age_aggregate_total,geo_cov_nat,2020,29.74
bih,sex_f,age_aggregate_total,geo_cov_nat,2021,22.339
bih,sex_f,age_aggregate_total,geo_cov_nat,2022,20.212
bih,sex_f,age_aggregate_total,geo_cov_nat,2023,17.39
bih,sex_f,age_aggregate_total,geo_cov_nat,2024,17.355
bih,sex_f,age_aggregate_total,geo_cov_rur,2001,45.211
bih,sex_f,age_aggregate_total,geo_cov_rur,2006,55.616
bih,sex_f,age_aggregate_total,geo_cov_rur,2007,51.869
bih,sex_f,age_aggregate_total,geo_cov_rur,2008,42.548
bih,sex_f,age_aggregate_total,geo_cov_rur,2009,40.382
bih,sex_f,age_aggregate_total,geo_cov_rur,2010,44.81
bih,sex_f,age_aggregate_total,geo_cov_rur,2011,45.859
bih,sex_f,age_aggregate_total,geo_cov_rur,2012,46.765
bih,sex_f,age_aggregate_total,geo_cov_rur,2013,45.096
bih,sex_f,age_aggregate_total,geo_cov_rur,2014,48.903
bih,sex_f,age_aggregate_total,geo_cov_rur,2015,46.83
bih,sex_f,age_aggregate_total,geo_cov_rur,2016,46.731
bih,sex_f,age_aggregate_total,geo_cov_rur,2017,37.614
bih,sex_f,age_aggregate_total,geo_cov_rur,2018,34.685
bih,sex_f,age_aggregate_total,geo_cov_rur,2019,29.362
bih,sex_f,age_aggregate_total,geo_cov_rur,2020,34.263
bih,sex_f,age_aggregate_total,geo_cov_rur,2021,21.956
bih,sex_f,age_aggregate_total,geo_cov_rur,2022,19.109
bih,sex_f,age_aggregate_total,geo_cov_rur,2023,15.832
bih,sex_f,age_aggregate_total,geo_cov_rur,2024,16.892
bih,sex_f,age_aggregate_total,geo_cov_urb,2001,44.048
bih,sex_f,age_aggregate_total,geo_cov_urb,2006,46.046
bih,sex_f,age_aggregate_total,geo_cov_urb,2007,41.957
bih,sex_f,age_aggregate_total,geo_cov_urb,2008,36.092
bih,sex_f,age_aggregate_total,geo_cov_urb,2009,34.931
bih,sex_f,age_aggregate_total,geo_cov_urb,2010,37.393
bih,sex_f,age_aggregate_total,geo_cov_urb,2011,37.409
bih,sex_f,age_aggregate_total,geo_cov_urb,2012,38.321
bih,sex_f,age_aggregate_total,geo_cov_urb,2013,37.431
bih,sex_f,age_aggregate_total,geo_cov_urb,2014,36.849
bih,sex_f,age_aggregate_total,geo_cov_urb,2015,38.084
bih,sex_f,age_aggregate_total,geo_cov_urb,2016,37.578
bih,sex_f,age_aggregate_total,geo_cov_urb,2017,31.643
bih,sex_f,age_aggregate_total,geo_cov_urb,2018,29.597
bih,sex_f,age_aggregate_total,geo_cov_urb,2019,27.564
bih,sex_f,age_aggregate_total,geo_cov_urb,2020,25.058
bih,sex_f,age_aggregate_total,geo_cov_urb,2021,22.747
bih,sex_f,age_aggregate_total,geo_cov_urb,2022,21.438
bih,sex_f,age_aggregate_total,geo_cov_urb,2023,19.19
bih,sex_f,age_aggregate_total,geo_cov_urb,2024,17.857
bih,sex_f,age_aggregate_y15_24,geo_cov_nat,2001,68.136
bih,sex_f,age_aggregate_y15_24,geo_cov_nat,2006,75.014
bih,sex_f,age_aggregate_y15_24,geo_cov_nat,2007,72.711
bih,sex_f,age_aggregate_y15_24,geo_cov_nat,2008,65.412
bih,sex_f,age_aggregate_y15_24,geo_cov_nat,2009,63.688
bih,sex_f,age_aggregate_y15_24,geo_cov_nat,2010,69.569
bih,sex_f,age_aggregate_y15_24,geo_cov_nat,2011,69.298
bih,sex_f,age_aggregate_y15_24,geo_cov_nat,2012,71.72
bih,sex_f,age_aggregate_y15_24,geo_cov_nat,2013,68.871
bih,sex_f,age_aggregate_y15_24,geo_cov_nat,2014,72.714
bih,sex_f,age_aggregate_y15_24,geo_cov_nat,2015,74.392
bih,sex_f,age_aggregate_y15_24,geo_cov_nat,2016,68.644
bih,sex_f,age_aggregate_y15_24,geo_cov_nat,2017,63.062
bih,sex_f,age_aggregate_y15_24,geo_cov_nat,2018,55.702
bih,sex_f,age_aggregate_y15_24,geo_cov_nat,2019,47.757
bih,sex_f,age_aggregate_y15_24,geo_cov_nat,2020,51.567
bih,sex_f,age_aggregate_y15_24,geo_cov_nat,2021,45.159
bih,sex_f,age_aggregate_y15_24,geo_cov_nat,2022,44.124
bih,sex_f,age_aggregate_y15_24,geo_cov_nat,2023,36.912
bih,sex_f,age_aggregate_y15_24,geo_cov_nat,2024,39.948
bih,sex_f,age_aggregate_y15_24,geo_cov_rur,2001,68.39
bih,sex_f,age_aggregate_y15_24,geo_cov_rur,2006,76.586
bih,sex_f,age_aggregate_y15_24,geo_cov_rur,2007,73.26
bih,sex_f,age_aggregate_y15_24,geo_cov_rur,2008,66.729
bih,sex_f,age_aggregate_y15_24,geo_cov_rur,2009,64.205
bih,sex_f,age_aggregate_y15_24,geo_cov_rur,2010,69.58
bih,sex_f,age_aggregate_y15_24,geo_cov_rur,2011,70.932
bih,sex_f,age_aggregate_y15_24,geo_cov_rur,2012,72.514
bih,sex_f,age_aggregate_y15_24,geo_cov_rur,2013,70.371
bih,sex_f,age_aggregate_y15_24,geo_cov_rur,2014,72.301
bih,sex_f,age_aggregate_y15_24,geo_cov_rur,2015,72.796
bih,sex_f,age_aggregate_y15_24,geo_cov_rur,2016,67.883
bih,sex_f,age_aggregate_y15_24,geo_cov_rur,2017,63.138
bih,sex_f,age_aggregate_y15_24,geo_cov_rur,2018,51.792
bih,sex_f,age_aggregate_y15_24,geo_cov_rur,2019,45.154
bih,sex_f,age_aggregate_y15_24,geo_cov_rur,2020,51.608
bih,sex_f,age_aggregate_y15_24,geo_cov_rur,2021,43.311
bih,sex_f,age_aggregate_y15_24,geo_cov_rur,2022,40.756
bih,sex_f,age_aggregate_y15_24,geo_cov_rur,2023,33.589
bih,sex_f,age_aggregate_y15_24,geo_cov_rur,2024,41.48
bih,sex_f,age_aggregate_y15_24,geo_cov_urb,2001,67.811
bih,sex_f,age_aggregate_y15_24,geo_cov_urb,2006,72.439
bih,sex_f,age_aggregate_y15_24,geo_cov_urb,2007,71.589
bih,sex_f,age_aggregate_y15_24,geo_cov_urb,2008,62.697
bih,sex_f,age_aggregate_y15_24,geo_cov_urb,2009,62.761
bih,sex_f,age_aggregate_y15_24,geo_cov_urb,2010,69.55
bih,sex_f,age_aggregate_y15_24,geo_cov_urb,2011,66.382
bih,sex_f,age_aggregate_y15_24,geo_cov_urb,2012,70.171
bih,sex_f,age_aggregate_y15_24,geo_cov_urb,2013,66.183
bih,sex_f,age_aggregate_y15_24,geo_cov_urb,2014,73.58
bih,sex_f,age_aggregate_y15_24,geo_cov_urb,2015,77.29
bih,sex_f,age_aggregate_y15_24,geo_cov_urb,2016,70.416
bih,sex_f,age_aggregate_y15_24,geo_cov_urb,2017,62.912
bih,sex_f,age_aggregate_y15_24,geo_cov_urb,2018,62.145
bih,sex_f,age_aggregate_y15_24,geo_cov_urb,2019,52.182
bih,sex_f,age_aggregate_y15_24,geo_cov_urb,2020,51.501
bih,sex_f,age_aggregate_y15_24,geo_cov_urb,2021,48.597
bih,sex_f,age_aggregate_y15_24,geo_cov_urb,2022,50.124
bih,sex_f,age_aggregate_y15_24,geo_cov_urb,2023,43.186
bih,sex_f,age_aggregate_y15_24,geo_cov_urb,2024,36.473
bih,sex_f,age_aggregate_y25_54,geo_cov_nat,2001,41.42
bih,sex_f,age_aggregate_y25_54,geo_cov_nat,2006,49.023
bih,sex_f,age_aggregate_y25_54,geo_cov_nat,2007,45.548
bih,sex_f,age_aggregate_y25_54,geo_cov_nat,2008,37.923
bih,sex_f,age_aggregate_y25_54,geo_cov_nat,2009,36.556
bih,sex_f,age_aggregate_y25_54,geo_cov_nat,2010,39.586
bih,sex_f,age_aggregate_y25_54,geo_cov_nat,2011,40.594
bih,sex_f,age_aggregate_y25_54,geo_cov_nat,2012,41.853
bih,sex_f,age_aggregate_y25_54,geo_cov_nat,2013,40.549
bih,sex_f,age_aggregate_y25_54,geo_cov_nat,2014,42.167
bih,sex_f,age_aggregate_y25_54,geo_cov_nat,2015,41.131
bih,sex_f,age_aggregate_y25_54,geo_cov_nat,2016,42.016
bih,sex_f,age_aggregate_y25_54,geo_cov_nat,2017,34.702
bih,sex_f,age_aggregate_y25_54,geo_cov_nat,2018,32.052
bih,sex_f,age_aggregate_y25_54,geo_cov_nat,2019,29.141
bih,sex_f,age_aggregate_y25_54,geo_cov_nat,2020,29.225
bih,sex_f,age_aggregate_y25_54,geo_cov_nat,2021,22.545
bih,sex_f,age_aggregate_y25_54,geo_cov_nat,2022,20.314
bih,sex_f,age_aggregate_y25_54,geo_cov_nat,2023,18.173
bih,sex_f,age_aggregate_y25_54,geo_cov_nat,2024,18.065
bih,sex_f,age_aggregate_y25_54,geo_cov_rur,2001,41.582
bih,sex_f,age_aggregate_y25_54,geo_cov_rur,2006,55.068
bih,sex_f,age_aggregate_y25_54,geo_cov_rur,2007,51.227
bih,sex_f,age_aggregate_y25_54,geo_cov_rur,2008,41.179
bih,sex_f,age_aggregate_y25_54,geo_cov_rur,2009,39.542
bih,sex_f,age_aggregate_y25_54,geo_cov_rur,2010,43.99
bih,sex_f,age_aggregate_y25_54,geo_cov_rur,2011,45.454
bih,sex_f,age_aggregate_y25_54,geo_cov_rur,2012,46.806
bih,sex_f,age_aggregate_y25_54,geo_cov_rur,2013,44.55
bih,sex_f,age_aggregate_y25_54,geo_cov_rur,2014,48.7
bih,sex_f,age_aggregate_y25_54,geo_cov_rur,2015,46.129
bih,sex_f,age_aggregate_y25_54,geo_cov_rur,2016,47.686
bih,sex_f,age_aggregate_y25_54,geo_cov_rur,2017,38.72
bih,sex_f,age_aggregate_y25_54,geo_cov_rur,2018,35.47
bih,sex_f,age_aggregate_y25_54,geo_cov_rur,2019,31.741
bih,sex_f,age_aggregate_y25_54,geo_cov_rur,2020,35.152
bih,sex_f,age_aggregate_y25_54,geo_cov_rur,2021,23.27
bih,sex_f,age_aggregate_y25_54,geo_cov_rur,2022,20.368
bih,sex_f,age_aggregate_y25_54,geo_cov_rur,2023,17.442
bih,sex_f,age_aggregate_y25_54,geo_cov_rur,2024,17.978
bih,sex_f,age_aggregate_y25_54,geo_cov_urb,2001,41.268
bih,sex_f,age_aggregate_y25_54,geo_cov_urb,2006,43.27
bih,sex_f,age_aggregate_y25_54,geo_cov_urb,2007,39.39
bih,sex_f,age_aggregate_y25_54,geo_cov_urb,2008,34.283
bih,sex_f,age_aggregate_y25_54,geo_cov_urb,2009,32.964
bih,sex_f,age_aggregate_y25_54,geo_cov_urb,2010,35.286
bih,sex_f,age_aggregate_y25_54,geo_cov_urb,2011,35.758
bih,sex_f,age_aggregate_y25_54,geo_cov_urb,2012,37.085
bih,sex_f,age_aggregate_y25_54,geo_cov_urb,2013,36.712
bih,sex_f,age_aggregate_y25_54,geo_cov_urb,2014,35.912
bih,sex_f,age_aggregate_y25_54,geo_cov_urb,2015,36.246
bih,sex_f,age_aggregate_y25_54,geo_cov_urb,2016,36.073
bih,sex_f,age_aggregate_y25_54,geo_cov_urb,2017,30.668
bih,sex_f,age_aggregate_y25_54,geo_cov_urb,2018,28.628
bih,sex_f,age_aggregate_y25_54,geo_cov_urb,2019,26.605
bih,sex_f,age_aggregate_y25_54,geo_cov_urb,2020,23.546
bih,sex_f,age_aggregate_y25_54,geo_cov_urb,2021,21.865
bih,sex_f,age_aggregate_y25_54,geo_cov_urb,2022,20.262
bih,sex_f,age_aggregate_y25_54,geo_cov_urb,2023,18.89
bih,sex_f,age_aggregate_y25_54,geo_cov_urb,2024,18.145
bih,sex_f,age_aggregate_y55_64,geo_cov_nat,2001,26.195
bih,sex_f,age_aggregate_y55_64,geo_cov_nat,2006,31.857
bih,sex_f,age_aggregate_y55_64,geo_cov_nat,2007,24.981
bih,sex_f,age_aggregate_y55_64,geo_cov_nat,2008,17.937
bih,sex_f,age_aggregate_y55_64,geo_cov_nat,2009,20.113
bih,sex_f,age_aggregate_y55_64,geo_cov_nat,2010,20.951
bih,sex_f,age_aggregate_y55_64,geo_cov_nat,2011,25.353
bih,sex_f,age_aggregate_y55_64,geo_cov_nat,2012,26.247
bih,sex_f,age_aggregate_y55_64,geo_cov_nat,2013,26.928
bih,sex_f,age_aggregate_y55_64,geo_cov_nat,2014,27.524
bih,sex_f,age_aggregate_y55_64,geo_cov_nat,2015,27.796
bih,sex_f,age_aggregate_y55_64,geo_cov_nat,2016,29.543
bih,sex_f,age_aggregate_y55_64,geo_cov_nat,2017,21.763
bih,sex_f,age_aggregate_y55_64,geo_cov_nat,2018,22.466
bih,sex_f,age_aggregate_y55_64,geo_cov_nat,2019,20.633
bih,sex_f,age_aggregate_y55_64,geo_cov_nat,2020,19.821
bih,sex_f,age_aggregate_y55_64,geo_cov_nat,2021,13.416
bih,sex_f,age_aggregate_y55_64,geo_cov_nat,2022,13.572
bih,sex_f,age_aggregate_y55_64,geo_cov_nat,2023,12.068
bih,sex_f,age_aggregate_y55_64,geo_cov_nat,2024,11.666
bih,sex_f,age_aggregate_y55_64,geo_cov_rur,2001,29.699
bih,sex_f,age_aggregate_y55_64,geo_cov_rur,2006,28.216
bih,sex_f,age_aggregate_y55_64,geo_cov_rur,2007,21.644
bih,sex_f,age_aggregate_y55_64,geo_cov_rur,2008,17.395
bih,sex_f,age_aggregate_y55_64,geo_cov_rur,2009,19.912
bih,sex_f,age_aggregate_y55_64,geo_cov_rur,2010,18.9
bih,sex_f,age_aggregate_y55_64,geo_cov_rur,2011,22.567
bih,sex_f,age_aggregate_y55_64,geo_cov_rur,2012,24.677
bih,sex_f,age_aggregate_y55_64,geo_cov_rur,2013,28.401
bih,sex_f,age_aggregate_y55_64,geo_cov_rur,2014,32.677
bih,sex_f,age_aggregate_y55_64,geo_cov_rur,2015,30.485
bih,sex_f,age_aggregate_y55_64,geo_cov_rur,2016,28.18
bih,sex_f,age_aggregate_y55_64,geo_cov_rur,2017,19.862
bih,sex_f,age_aggregate_y55_64,geo_cov_rur,2018,23.886
bih,sex_f,age_aggregate_y55_64,geo_cov_rur,2019,19.203
bih,sex_f,age_aggregate_y55_64,geo_cov_rur,2020,20.801
bih,sex_f,age_aggregate_y55_64,geo_cov_rur,2021,9.065
bih,sex_f,age_aggregate_y55_64,geo_cov_rur,2022,9.825
bih,sex_f,age_aggregate_y55_64,geo_cov_rur,2023,9.672
bih,sex_f,age_aggregate_y55_64,geo_cov_rur,2024,10.113
bih,sex_f,age_aggregate_y55_64,geo_cov_urb,2001,22.205
bih,sex_f,age_aggregate_y55_64,geo_cov_urb,2006,34.692
bih,sex_f,age_aggregate_y55_64,geo_cov_urb,2007,28.493
bih,sex_f,age_aggregate_y55_64,geo_cov_urb,2008,18.663
bih,sex_f,age_aggregate_y55_64,geo_cov_urb,2009,20.363
bih,sex_f,age_aggregate_y55_64,geo_cov_urb,2010,22.567
bih,sex_f,age_aggregate_y55_64,geo_cov_urb,2011,27.578
bih,sex_f,age_aggregate_y55_64,geo_cov_urb,2012,27.582
bih,sex_f,age_aggregate_y55_64,geo_cov_urb,2013,25.694
bih,sex_f,age_aggregate_y55_64,geo_cov_urb,2014,22.786
bih,sex_f,age_aggregate_y55_64,geo_cov_urb,2015,25.344
bih,sex_f,age_aggregate_y55_64,geo_cov_urb,2016,30.889
bih,sex_f,age_aggregate_y55_64,geo_cov_urb,2017,23.466
bih,sex_f,age_aggregate_y55_64,geo_cov_urb,2018,21.408
bih,sex_f,age_aggregate_y55_64,geo_cov_urb,2019,21.939
bih,sex_f,age_aggregate_y55_64,geo_cov_urb,2020,18.915
bih,sex_f,age_aggregate_y55_64,geo_cov_urb,2021,17.909
bih,sex_f,age_aggregate_y55_64,geo_cov_urb,2022,17.959
bih,sex_f,age_aggregate_y55_64,geo_cov_urb,2023,15.358
bih,sex_f,age_aggregate_y55_64,geo_cov_urb,2024,13.596
bih,sex_f,age_aggregate_yge65,geo_cov_nat,2001,3.259
bih,sex_f,age_aggregate_yge65,geo_cov_nat,2006,9.224
bih,sex_f,age_aggregate_yge65,geo_cov_nat,2007,5.938
bih,sex_f,age_aggregate_yge65,geo_cov_nat,2010,10.215
bih,sex_f,age_aggregate_yge65,geo_cov_nat,2011,17.036
bih,sex_f,age_aggregate_yge65,geo_cov_nat,2012,5.544
bih,sex_f,age_aggregate_yge65,geo_cov_nat,2013,16.795
bih,sex_f,age_aggregate_yge65,geo_cov_nat,2014,13.94
bih,sex_f,age_aggregate_yge65,geo_cov_nat,2015,14.547
bih,sex_f,age_aggregate_yge65,geo_cov_nat,2016,18.076
bih,sex_f,age_aggregate_yge65,geo_cov_nat,2017,7.902
bih,sex_f,age_aggregate_yge65,geo_cov_nat,2018,9.791
bih,sex_f,age_aggregate_yge65,geo_cov_nat,2019,6.239
bih,sex_f,age_aggregate_yge65,geo_cov_nat,2020,3.208
bih,sex_f,age_aggregate_yge65,geo_cov_nat,2021,4.149
bih,sex_f,age_aggregate_yge65,geo_cov_nat,2022,2.731
bih,sex_f,age_aggregate_yge65,geo_cov_nat,2023,1.844
bih,sex_f,age_aggregate_yge65,geo_cov_nat,2024,1.524
bih,sex_f,age_aggregate_yge65,geo_cov_rur,2011,11.052
bih,sex_f,age_aggregate_yge65,geo_cov_rur,2012,5.778
bih,sex_f,age_aggregate_yge65,geo_cov_rur,2013,10.546
bih,sex_f,age_aggregate_yge65,geo_cov_rur,2015,10.78
bih,sex_f,age_aggregate_yge65,geo_cov_rur,2016,9.708
bih,sex_f,age_aggregate_yge65,geo_cov_rur,2018,8.332
bih,sex_f,age_aggregate_yge65,geo_cov_rur,2019,4.157
bih,sex_f,age_aggregate_yge65,geo_cov_rur,2021,2.846
bih,sex_f,age_aggregate_yge65,geo_cov_rur,2022,0.744
bih,sex_f,age_aggregate_yge65,geo_cov_rur,2023,0.866
bih,sex_f,age_aggregate_yge65,geo_cov_urb,2006,50.723
bih,sex_f,age_aggregate_yge65,geo_cov_urb,2010,68.896
bih,sex_f,age_aggregate_yge65,geo_cov_urb,2011,62.712
bih,sex_f,age_aggregate_yge65,geo_cov_urb,2013,40.326
bih,sex_f,age_aggregate_yge65,geo_cov_urb,2014,37.109
bih,sex_f,age_aggregate_yge65,geo_cov_urb,2016,47.427
bih,sex_f,age_aggregate_yge65,geo_cov_urb,2017,26.16
bih,sex_f,age_aggregate_yge65,geo_cov_urb,2019,15.893
bih,sex_f,age_aggregate_yge65,geo_cov_urb,2020,13.036
bih,sex_f,age_aggregate_yge65,geo_cov_urb,2021,11.282
bih,sex_f,age_aggregate_yge65,geo_cov_urb,2022,14.091
bih,sex_f,age_aggregate_yge65,geo_cov_urb,2023,7.696
bih,sex_f,age_aggregate_yge65,geo_cov_urb,2024,7.172
bih,sex_f,age_ythadult_y15_24,geo_cov_nat,2001,68.136
bih,sex_f,age_ythadult_y15_24,geo_cov_nat,2006,75.014
bih,sex_f,age_ythadult_y15_24,geo_cov_nat,2007,72.711
bih,sex_f,age_ythadult_y15_24,geo_cov_nat,2008,65.412
bih,sex_f,age_ythadult_y15_24,geo_cov_nat,2009,63.688
bih,sex_f,age_ythadult_y15_24,geo_cov_nat,2010,69.569
bih,sex_f,age_ythadult_y15_24,geo_cov_nat,2011,69.298
bih,sex_f,age_ythadult_y15_24,geo_cov_nat,2012,71.72
bih,sex_f,age_ythadult_y15_24,geo_cov_nat,2013,68.871
bih,sex_f,age_ythadult_y15_24,geo_cov_nat,2014,72.714
bih,sex_f,age_ythadult_y15_24,geo_cov_nat,2015,74.392
bih,sex_f,age_ythadult_y15_24,geo_cov_nat,2016,68.644
bih,sex_f,age_ythadult_y15_24,geo_cov_nat,2017,63.062
bih,sex_f,age_ythadult_y15_24,geo_cov_nat,2018,55.702
bih,sex_f,age_ythadult_y15_24,geo_cov_nat,2019,47.757
bih,sex_f,age_ythadult_y15_24,geo_cov_nat,2020,51.567
bih,sex_f,age_ythadult_y15_24,geo_cov_nat,2021,45.159
bih,sex_f,age_ythadult_y15_24,geo_cov_nat,2022,44.124
bih,sex_f,age_ythadult_y15_24,geo_cov_nat,2023,36.912
bih,sex_f,age_ythadult_y15_24,geo_cov_nat,2024,39.948
bih,sex_f,age_ythadult_y15_24,geo_cov_rur,2001,68.39
bih,sex_f,age_ythadult_y15_24,geo_cov_rur,2006,76.586
bih,sex_f,age_ythadult_y15_24,geo_cov_rur,2007,73.26
bih,sex_f,age_ythadult_y15_24,geo_cov_rur,2008,66.729
bih,sex_f,age_ythadult_y15_24,geo_cov_rur,2009,64.205
bih,sex_f,age_ythadult_y15_24,geo_cov_rur,2010,69.58
bih,sex_f,age_ythadult_y15_24,geo_cov_rur,2011,70.932
bih,sex_f,age_ythadult_y15_24,geo_cov_rur,2012,72.514
bih,sex_f,age_ythadult_y15_24,geo_cov_rur,2013,70.371
bih,sex_f,age_ythadult_y15_24,geo_cov_rur,2014,72.301
bih,sex_f,age_ythadult_y15_24,geo_cov_rur,2015,72.796
bih,sex_f,age_ythadult_y15_24,geo_cov_rur,2016,67.883
bih,sex_f,age_ythadult_y15_24,geo_cov_rur,2017,63.138
bih,sex_f,age_ythadult_y15_24,geo_cov_rur,2018,51.792
bih,sex_f,age_ythadult_y15_24,geo_cov_rur,2019,45.154
bih,sex_f,age_ythadult_y15_24,geo_cov_rur,2020,51.608
bih,sex_f,age_ythadult_y15_24,geo_cov_rur,2021,43.311
bih,sex_f,age_ythadult_y15_24,geo_cov_rur,2022,40.756
bih,sex_f,age_ythadult_y15_24,geo_cov_rur,2023,33.589
bih,sex_f,age_ythadult_y15_24,geo_cov_rur,2024,41.48
bih,sex_f,age_ythadult_y15_24,geo_cov_urb,2001,67.811
bih,sex_f,age_ythadult_y15_24,geo_cov_urb,2006,72.439
bih,sex_f,age_ythadult_y15_24,geo_cov_urb,2007,71.589
bih,sex_f,age_ythadult_y15_24,geo_cov_urb,2008,62.697
bih,sex_f,age_ythadult_y15_24,geo_cov_urb,2009,62.761
bih,sex_f,age_ythadult_y15_24,geo_cov_urb,2010,69.55
bih,sex_f,age_ythadult_y15_24,geo_cov_urb,2011,66.382
bih,sex_f,age_ythadult_y15_24,geo_cov_urb,2012,70.171
bih,sex_f,age_ythadult_y15_24,geo_cov_urb,2013,66.183
bih,sex_f,age_ythadult_y15_24,geo_cov_urb,2014,73.58
bih,sex_f,age_ythadult_y15_24,geo_cov_urb,2015,77.29
bih,sex_f,age_ythadult_y15_24,geo_cov_urb,2016,70.416
bih,sex_f,age_ythadult_y15_24,geo_cov_urb,2017,62.912
bih,sex_f,age_ythadult_y15_24,geo_cov_urb,2018,62.145
bih,sex_f,age_ythadult_y15_24,geo_cov_urb,2019,52.182
bih,sex_f,age_ythadult_y15_24,geo_cov_urb,2020,51.501
bih,sex_f,age_ythadult_y15_24,geo_cov_urb,2021,48.597
bih,sex_f,age_ythadult_y15_24,geo_cov_urb,2022,50.124
bih,sex_f,age_ythadult_y15_24,geo_cov_urb,2023,43.186
bih,sex_f,age_ythadult_y15_24,geo_cov_urb,2024,36.473
bih,sex_f,age_ythadult_y15_64,geo_cov_nat,2001,45.497
bih,sex_f,age_ythadult_y15_64,geo_cov_nat,2006,51.812
bih,sex_f,age_ythadult_y15_64,geo_cov_nat,2007,48.21
bih,sex_f,age_ythadult_y15_64,geo_cov_nat,2008,40.411
bih,sex_f,age_ythadult_y15_64,geo_cov_nat,2009,38.606
bih,sex_f,age_ythadult_y15_64,geo_cov_nat,2010,41.814
bih,sex_f,age_ythadult_y15_64,geo_cov_nat,2011,42.208
bih,sex_f,age_ythadult_y15_64,geo_cov_nat,2012,43.447
bih,sex_f,age_ythadult_y15_64,geo_cov_nat,2013,41.771
bih,sex_f,age_ythadult_y15_64,geo_cov_nat,2014,43.634
bih,sex_f,age_ythadult_y15_64,geo_cov_nat,2015,43.17
bih,sex_f,age_ythadult_y15_64,geo_cov_nat,2016,42.956
bih,sex_f,age_ythadult_y15_64,geo_cov_nat,2017,35.539
bih,sex_f,age_ythadult_y15_64,geo_cov_nat,2018,32.855
bih,sex_f,age_ythadult_y15_64,geo_cov_nat,2019,29.523
bih,sex_f,age_ythadult_y15_64,geo_cov_nat,2020,30.344
bih,sex_f,age_ythadult_y15_64,geo_cov_nat,2021,23.097
bih,sex_f,age_ythadult_y15_64,geo_cov_nat,2022,21.01
bih,sex_f,age_ythadult_y15_64,geo_cov_nat,2023,18.197
bih,sex_f,age_ythadult_y15_64,geo_cov_nat,2024,18.07
bih,sex_f,age_ythadult_y15_64,geo_cov_rur,2001,46.427
bih,sex_f,age_ythadult_y15_64,geo_cov_rur,2006,57.5
bih,sex_f,age_ythadult_y15_64,geo_cov_rur,2007,53.389
bih,sex_f,age_ythadult_y15_64,geo_cov_rur,2008,43.851
bih,sex_f,age_ythadult_y15_64,geo_cov_rur,2009,41.467
bih,sex_f,age_ythadult_y15_64,geo_cov_rur,2010,46.243
bih,sex_f,age_ythadult_y15_64,geo_cov_rur,2011,46.939
bih,sex_f,age_ythadult_y15_64,geo_cov_rur,2012,48.34
bih,sex_f,age_ythadult_y15_64,geo_cov_rur,2013,46.12
bih,sex_f,age_ythadult_y15_64,geo_cov_rur,2014,50.208
bih,sex_f,age_ythadult_y15_64,geo_cov_rur,2015,48.064
bih,sex_f,age_ythadult_y15_64,geo_cov_rur,2016,47.841
bih,sex_f,age_ythadult_y15_64,geo_cov_rur,2017,39.164
bih,sex_f,age_ythadult_y15_64,geo_cov_rur,2018,35.875
bih,sex_f,age_ythadult_y15_64,geo_cov_rur,2019,31.25
bih,sex_f,age_ythadult_y15_64,geo_cov_rur,2020,35.486
bih,sex_f,age_ythadult_y15_64,geo_cov_rur,2021,23.296
bih,sex_f,age_ythadult_y15_64,geo_cov_rur,2022,20.503
bih,sex_f,age_ythadult_y15_64,geo_cov_rur,2023,17.114
bih,sex_f,age_ythadult_y15_64,geo_cov_rur,2024,18.128
bih,sex_f,age_ythadult_y15_64,geo_cov_urb,2001,44.565
bih,sex_f,age_ythadult_y15_64,geo_cov_urb,2006,46.017
bih,sex_f,age_ythadult_y15_64,geo_cov_urb,2007,42.069
bih,sex_f,age_ythadult_y15_64,geo_cov_urb,2008,36.168
bih,sex_f,age_ythadult_y15_64,geo_cov_urb,2009,34.973
bih,sex_f,age_ythadult_y15_64,geo_cov_urb,2010,37.229
bih,sex_f,age_ythadult_y15_64,geo_cov_urb,2011,37.303
bih,sex_f,age_ythadult_y15_64,geo_cov_urb,2012,38.445
bih,sex_f,age_ythadult_y15_64,geo_cov_urb,2013,37.408
bih,sex_f,age_ythadult_y15_64,geo_cov_urb,2014,36.846
bih,sex_f,age_ythadult_y15_64,geo_cov_urb,2015,38.101
bih,sex_f,age_ythadult_y15_64,geo_cov_urb,2016,37.484
bih,sex_f,age_ythadult_y15_64,geo_cov_urb,2017,31.718
bih,sex_f,age_ythadult_y15_64,geo_cov_urb,2018,29.83
bih,sex_f,age_ythadult_y15_64,geo_cov_urb,2019,27.757
bih,sex_f,age_ythadult_y15_64,geo_cov_urb,2020,25.164
bih,sex_f,age_ythadult_y15_64,geo_cov_urb,2021,22.895
bih,sex_f,age_ythadult_y15_64,geo_cov_urb,2022,21.54
bih,sex_f,age_ythadult_y15_64,geo_cov_urb,2023,19.368
bih,sex_f,age_ythadult_y15_64,geo_cov_urb,2024,18.01
bih,sex_f,age_ythadult_yge15,geo_cov_nat,2001,44.634
bih,sex_f,age_ythadult_yge15,geo_cov_nat,2006,50.944
bih,sex_f,age_ythadult_yge15,geo_cov_nat,2007,47.404
bih,sex_f,age_ythadult_yge15,geo_cov_nat,2008,39.702
bih,sex_f,age_ythadult_yge15,geo_cov_nat,2009,38.014
bih,sex_f,age_ythadult_yge15,geo_cov_nat,2010,41.216
bih,sex_f,age_ythadult_yge15,geo_cov_nat,2011,41.766
bih,sex_f,age_ythadult_yge15,geo_cov_nat,2012,42.662
bih,sex_f,age_ythadult_yge15,geo_cov_nat,2013,41.31
bih,sex_f,age_ythadult_yge15,geo_cov_nat,2014,43.023
bih,sex_f,age_ythadult_yge15,geo_cov_nat,2015,42.594
bih,sex_f,age_ythadult_yge15,geo_cov_nat,2016,42.46
bih,sex_f,age_ythadult_yge15,geo_cov_nat,2017,34.751
bih,sex_f,age_ythadult_yge15,geo_cov_nat,2018,32.18
bih,sex_f,age_ythadult_yge15,geo_cov_nat,2019,28.498
bih,sex_f,age_ythadult_yge15,geo_cov_nat,2020,29.74
bih,sex_f,age_ythadult_yge15,geo_cov_nat,2021,22.339
bih,sex_f,age_ythadult_yge15,geo_cov_nat,2022,20.212
bih,sex_f,age_ythadult_yge15,geo_cov_nat,2023,17.39
bih,sex_f,age_ythadult_yge15,geo_cov_nat,2024,17.355
bih,sex_f,age_ythadult_yge15,geo_cov_rur,2001,45.211
bih,sex_f,age_ythadult_yge15,geo_cov_rur,2006,55.616
bih,sex_f,age_ythadult_yge15,geo_cov_rur,2007,51.869
bih,sex_f,age_ythadult_yge15,geo_cov_rur,2008,42.548
bih,sex_f,age_ythadult_yge15,geo_cov_rur,2009,40.382
bih,sex_f,age_ythadult_yge15,geo_cov_rur,2010,44.81
bih,sex_f,age_ythadult_yge15,geo_cov_rur,2011,45.859
bih,sex_f,age_ythadult_yge15,geo_cov_rur,2012,46.765
bih,sex_f,age_ythadult_yge15,geo_cov_rur,2013,45.096
bih,sex_f,age_ythadult_yge15,geo_cov_rur,2014,48.903
bih,sex_f,age_ythadult_yge15,geo_cov_rur,2015,46.83
bih,sex_f,age_ythadult_yge15,geo_cov_rur,2016,46.731
bih,sex_f,age_ythadult_yge15,geo_cov_rur,2017,37.614
bih,sex_f,age_ythadult_yge15,geo_cov_rur,2018,34.685
bih,sex_f,age_ythadult_yge15,geo_cov_rur,2019,29.362
bih,sex_f,age_ythadult_yge15,geo_cov_rur,2020,34.263
bih,sex_f,age_ythadult_yge15,geo_cov_rur,2021,21.956
bih,sex_f,age_ythadult_yge15,geo_cov_rur,2022,19.109
bih,sex_f,age_ythadult_yge15,geo_cov_rur,2023,15.832
bih,sex_f,age_ythadult_yge15,geo_cov_rur,2024,16.892
bih,sex_f,age_ythadult_yge15,geo_cov_urb,2001,44.048
bih,sex_f,age_ythadult_yge15,geo_cov_urb,2006,46.046
bih,sex_f,age_ythadult_yge15,geo_cov_urb,2007,41.957
bih,sex_f,age_ythadult_yge15,geo_cov_urb,2008,36.092
bih,sex_f,age_ythadult_yge15,geo_cov_urb,2009,34.931
bih,sex_f,age_ythadult_yge15,geo_cov_urb,2010,37.393
bih,sex_f,age_ythadult_yge15,geo_cov_urb,2011,37.409
bih,sex_f,age_ythadult_yge15,geo_cov_urb,2012,38.321
bih,sex_f,age_ythadult_yge15,geo_cov_urb,2013,37.431
bih,sex_f,age_ythadult_yge15,geo_cov_urb,2014,36.849
bih,sex_f,age_ythadult_yge15,geo_cov_urb,2015,38.084
bih,sex_f,age_ythadult_yge15,geo_cov_urb,2016,37.578
bih,sex_f,age_ythadult_yge15,geo_cov_urb,2017,31.643
bih,sex_f,age_ythadult_yge15,geo_cov_urb,2018,29.597
bih,sex_f,age_ythadult_yge15,geo_cov_urb,2019,27.564
bih,sex_f,age_ythadult_yge15,geo_cov_urb,2020,25.058
bih,sex_f,age_ythadult_yge15,geo_cov_urb,2021,22.747
bih,sex_f,age_ythadult_yge15,geo_cov_urb,2022,21.438
bih,sex_f,age_ythadult_yge15,geo_cov_urb,2023,19.19
bih,sex_f,age_ythadult_yge15,geo_cov_urb,2024,17.857
bih,sex_f,age_ythadult_yge25,geo_cov_nat,2001,39.424
bih,sex_f,age_ythadult_yge25,geo_cov_nat,2006,46.67
bih,sex_f,age_ythadult_yge25,geo_cov_nat,2007,43.018
bih,sex_f,age_ythadult_yge25,geo_cov_nat,2008,35.458
bih,sex_f,age_ythadult_yge25,geo_cov_nat,2009,34.22
bih,sex_f,age_ythadult_yge25,geo_cov_nat,2010,37.032
bih,sex_f,age_ythadult_yge25,geo_cov_nat,2011,38.297
bih,sex_f,age_ythadult_yge25,geo_cov_nat,2012,39.281
bih,sex_f,age_ythadult_yge25,geo_cov_nat,2013,38.321
bih,sex_f,age_ythadult_yge25,geo_cov_nat,2014,39.536
bih,sex_f,age_ythadult_yge25,geo_cov_nat,2015,38.728
bih,sex_f,age_ythadult_yge25,geo_cov_nat,2016,39.65
bih,sex_f,age_ythadult_yge25,geo_cov_nat,2017,31.576
bih,sex_f,age_ythadult_yge25,geo_cov_nat,2018,29.547
bih,sex_f,age_ythadult_yge25,geo_cov_nat,2019,26.209
bih,sex_f,age_ythadult_yge25,geo_cov_nat,2020,27.223
bih,sex_f,age_ythadult_yge25,geo_cov_nat,2021,20.25
bih,sex_f,age_ythadult_yge25,geo_cov_nat,2022,18.399
bih,sex_f,age_ythadult_yge25,geo_cov_nat,2023,16.248
bih,sex_f,age_ythadult_yge25,geo_cov_nat,2024,16.183
bih,sex_f,age_ythadult_yge25,geo_cov_rur,2001,39.34
bih,sex_f,age_ythadult_yge25,geo_cov_rur,2006,50.921
bih,sex_f,age_ythadult_yge25,geo_cov_rur,2007,47.16
bih,sex_f,age_ythadult_yge25,geo_cov_rur,2008,37.572
bih,sex_f,age_ythadult_yge25,geo_cov_rur,2009,36.306
bih,sex_f,age_ythadult_yge25,geo_cov_rur,2010,40.08
bih,sex_f,age_ythadult_yge25,geo_cov_rur,2011,41.807
bih,sex_f,age_ythadult_yge25,geo_cov_rur,2012,42.78
bih,sex_f,age_ythadult_yge25,geo_cov_rur,2013,41.516
bih,sex_f,age_ythadult_yge25,geo_cov_rur,2014,45.127
bih,sex_f,age_ythadult_yge25,geo_cov_rur,2015,42.759
bih,sex_f,age_ythadult_yge25,geo_cov_rur,2016,43.649
bih,sex_f,age_ythadult_yge25,geo_cov_rur,2017,33.857
bih,sex_f,age_ythadult_yge25,geo_cov_rur,2018,32.276
bih,sex_f,age_ythadult_yge25,geo_cov_rur,2019,27.029
bih,sex_f,age_ythadult_yge25,geo_cov_rur,2020,31.763
bih,sex_f,age_ythadult_yge25,geo_cov_rur,2021,19.433
bih,sex_f,age_ythadult_yge25,geo_cov_rur,2022,17.078
bih,sex_f,age_ythadult_yge25,geo_cov_rur,2023,14.548
bih,sex_f,age_ythadult_yge25,geo_cov_rur,2024,15.159
bih,sex_f,age_ythadult_yge25,geo_cov_urb,2001,39.506
bih,sex_f,age_ythadult_yge25,geo_cov_urb,2006,42.548
bih,sex_f,age_ythadult_yge25,geo_cov_urb,2007,38.376
bih,sex_f,age_ythadult_yge25,geo_cov_urb,2008,32.973
bih,sex_f,age_ythadult_yge25,geo_cov_urb,2009,31.627
bih,sex_f,age_ythadult_yge25,geo_cov_urb,2010,34.024
bih,sex_f,age_ythadult_yge25,geo_cov_urb,2011,34.789
bih,sex_f,age_ythadult_yge25,geo_cov_urb,2012,35.824
bih,sex_f,age_ythadult_yge25,geo_cov_urb,2013,35.234
bih,sex_f,age_ythadult_yge25,geo_cov_urb,2014,34.104
bih,sex_f,age_ythadult_yge25,geo_cov_urb,2015,34.698
bih,sex_f,age_ythadult_yge25,geo_cov_urb,2016,35.395
bih,sex_f,age_ythadult_yge25,geo_cov_urb,2017,29.253
bih,sex_f,age_ythadult_yge25,geo_cov_urb,2018,26.873
bih,sex_f,age_ythadult_yge25,geo_cov_urb,2019,25.367
bih,sex_f,age_ythadult_yge25,geo_cov_urb,2020,22.758
bih,sex_f,age_ythadult_yge25,geo_cov_urb,2021,21.08
bih,sex_f,age_ythadult_yge25,geo_cov_urb,2022,19.817
bih,sex_f,age_ythadult_yge25,geo_cov_urb,2023,18.158
bih,sex_f,age_ythadult_yge25,geo_cov_urb,2024,17.252
bih,sex_m,age_aggregate_total,geo_cov_nat,2001,27.873
bih,sex_m,age_aggregate_total,geo_cov_nat,2006,37.548
bih,sex_m,age_aggregate_total,geo_cov_nat,2007,33.98
bih,sex_m,age_aggregate_total,geo_cov_nat,2008,27.356
bih,sex_m,age_aggregate_total,geo_cov_nat,2009,28.631
bih,sex_m,age_aggregate_total,geo_cov_nat,2010,30.901
bih,sex_m,age_aggregate_total,geo_cov_nat,2011,31.693
bih,sex_m,age_aggregate_total,geo_cov_nat,2012,32.051
bih,sex_m,age_aggregate_total,geo_cov_nat,2013,32.438
bih,sex_m,age_aggregate_total,geo_cov_nat,2014,31.775
bih,sex_m,age_aggregate_total,geo_cov_nat,2015,32.031
bih,sex_m,age_aggregate_total,geo_cov_nat,2016,29.02
bih,sex_m,age_aggregate_total,geo_cov_nat,2017,24.318
bih,sex_m,age_aggregate_total,geo_cov_nat,2018,22.877
bih,sex_m,age_aggregate_total,geo_cov_nat,2019,17.918
bih,sex_m,age_aggregate_total,geo_cov_nat,2020,19.641
bih,sex_m,age_aggregate_total,geo_cov_nat,2021,14.914
bih,sex_m,age_aggregate_total,geo_cov_nat,2022,13.061
bih,sex_m,age_aggregate_total,geo_cov_nat,2023,11.52
bih,sex_m,age_aggregate_total,geo_cov_nat,2024,10.858
bih,sex_m,age_aggregate_total,geo_cov_rur,2001,27.893
bih,sex_m,age_aggregate_total,geo_cov_rur,2006,37.883
bih,sex_m,age_aggregate_total,geo_cov_rur,2007,34.81
bih,sex_m,age_aggregate_total,geo_cov_rur,2008,27.379
bih,sex_m,age_aggregate_total,geo_cov_rur,2009,29.241
bih,sex_m,age_aggregate_total,geo_cov_rur,2010,31.168
bih,sex_m,age_aggregate_total,geo_cov_rur,2011,32.105
bih,sex_m,age_aggregate_total,geo_cov_rur,2012,31.892
bih,sex_m,age_aggregate_total,geo_cov_rur,2013,32.262
bih,sex_m,age_aggregate_total,geo_cov_rur,2014,31.991
bih,sex_m,age_aggregate_total,geo_cov_rur,2015,31.404
bih,sex_m,age_aggregate_total,geo_cov_rur,2016,28.034
bih,sex_m,age_aggregate_total,geo_cov_rur,2017,23.433
bih,sex_m,age_aggregate_total,geo_cov_rur,2018,21.529
bih,sex_m,age_aggregate_total,geo_cov_rur,2019,16.183
bih,sex_m,age_aggregate_total,geo_cov_rur,2020,19.211
bih,sex_m,age_aggregate_total,geo_cov_rur,2021,13.032
bih,sex_m,age_aggregate_total,geo_cov_rur,2022,11.467
bih,sex_m,age_aggregate_total,geo_cov_rur,2023,10.182
bih,sex_m,age_aggregate_total,geo_cov_rur,2024,9.351
bih,sex_m,age_aggregate_total,geo_cov_urb,2001,27.849
bih,sex_m,age_aggregate_total,geo_cov_urb,2006,37.013
bih,sex_m,age_aggregate_total,geo_cov_urb,2007,32.438
bih,sex_m,age_aggregate_total,geo_cov_urb,2008,27.311
bih,sex_m,age_aggregate_total,geo_cov_urb,2009,27.485
bih,sex_m,age_aggregate_total,geo_cov_urb,2010,30.5
bih,sex_m,age_aggregate_total,geo_cov_urb,2011,31.09
bih,sex_m,age_aggregate_total,geo_cov_urb,2012,32.297
bih,sex_m,age_aggregate_total,geo_cov_urb,2013,32.705
bih,sex_m,age_aggregate_total,geo_cov_urb,2014,31.455
bih,sex_m,age_aggregate_total,geo_cov_urb,2015,32.978
bih,sex_m,age_aggregate_total,geo_cov_urb,2016,30.52
bih,sex_m,age_aggregate_total,geo_cov_urb,2017,25.619
bih,sex_m,age_aggregate_total,geo_cov_urb,2018,24.796
bih,sex_m,age_aggregate_total,geo_cov_urb,2019,20.407
bih,sex_m,age_aggregate_total,geo_cov_urb,2020,20.239
bih,sex_m,age_aggregate_total,geo_cov_urb,2021,17.536
bih,sex_m,age_aggregate_total,geo_cov_urb,2022,15.34
bih,sex_m,age_aggregate_total,geo_cov_urb,2023,13.527
bih,sex_m,age_aggregate_total,geo_cov_urb,2024,13.018
bih,sex_m,age_aggregate_y15_24,geo_cov_nat,2001,56.713
bih,sex_m,age_aggregate_y15_24,geo_cov_nat,2006,67.279
bih,sex_m,age_aggregate_y15_24,geo_cov_nat,2007,62.611
bih,sex_m,age_aggregate_y15_24,geo_cov_nat,2008,53.036
bih,sex_m,age_aggregate_y15_24,geo_cov_nat,2009,54.698
bih,sex_m,age_aggregate_y15_24,geo_cov_nat,2010,60.788
bih,sex_m,age_aggregate_y15_24,geo_cov_nat,2011,61.73
bih,sex_m,age_aggregate_y15_24,geo_cov_nat,2012,67.294
bih,sex_m,age_aggregate_y15_24,geo_cov_nat,2013,64.329
bih,sex_m,age_aggregate_y15_24,geo_cov_nat,2014,67.085
bih,sex_m,age_aggregate_y15_24,geo_cov_nat,2015,64.118
bih,sex_m,age_aggregate_y15_24,geo_cov_nat,2016,60.106
bih,sex_m,age_aggregate_y15_24,geo_cov_nat,2017,49.465
bih,sex_m,age_aggregate_y15_24,geo_cov_nat,2018,42.842
bih,sex_m,age_aggregate_y15_24,geo_cov_nat,2019,38.358
bih,sex_m,age_aggregate_y15_24,geo_cov_nat,2020,39.888
bih,sex_m,age_aggregate_y15_24,geo_cov_nat,2021,35.182
bih,sex_m,age_aggregate_y15_24,geo_cov_nat,2022,32.36
bih,sex_m,age_aggregate_y15_24,geo_cov_nat,2023,30.374
bih,sex_m,age_aggregate_y15_24,geo_cov_nat,2024,29.016
bih,sex_m,age_aggregate_y15_24,geo_cov_rur,2001,55.32
bih,sex_m,age_aggregate_y15_24,geo_cov_rur,2006,63.775
bih,sex_m,age_aggregate_y15_24,geo_cov_rur,2007,60.199
bih,sex_m,age_aggregate_y15_24,geo_cov_rur,2008,53.624
bih,sex_m,age_aggregate_y15_24,geo_cov_rur,2009,53.211
bih,sex_m,age_aggregate_y15_24,geo_cov_rur,2010,58.421
bih,sex_m,age_aggregate_y15_24,geo_cov_rur,2011,58.494
bih,sex_m,age_aggregate_y15_24,geo_cov_rur,2012,66.992
bih,sex_m,age_aggregate_y15_24,geo_cov_rur,2013,63.922
bih,sex_m,age_aggregate_y15_24,geo_cov_rur,2014,65.594
bih,sex_m,age_aggregate_y15_24,geo_cov_rur,2015,62.29
bih,sex_m,age_aggregate_y15_24,geo_cov_rur,2016,56.427
bih,sex_m,age_aggregate_y15_24,geo_cov_rur,2017,47.929
bih,sex_m,age_aggregate_y15_24,geo_cov_rur,2018,38.331
bih,sex_m,age_aggregate_y15_24,geo_cov_rur,2019,36.358
bih,sex_m,age_aggregate_y15_24,geo_cov_rur,2020,36.933
bih,sex_m,age_aggregate_y15_24,geo_cov_rur,2021,33.357
bih,sex_m,age_aggregate_y15_24,geo_cov_rur,2022,33.022
bih,sex_m,age_aggregate_y15_24,geo_cov_rur,2023,29.676
bih,sex_m,age_aggregate_y15_24,geo_cov_rur,2024,25.645
bih,sex_m,age_aggregate_y15_24,geo_cov_urb,2001,58.691
bih,sex_m,age_aggregate_y15_24,geo_cov_urb,2006,73.796
bih,sex_m,age_aggregate_y15_24,geo_cov_urb,2007,68.845
bih,sex_m,age_aggregate_y15_24,geo_cov_urb,2008,51.745
bih,sex_m,age_aggregate_y15_24,geo_cov_urb,2009,58.563
bih,sex_m,age_aggregate_y15_24,geo_cov_urb,2010,65.431
bih,sex_m,age_aggregate_y15_24,geo_cov_urb,2011,67.485
bih,sex_m,age_aggregate_y15_24,geo_cov_urb,2012,67.848
bih,sex_m,age_aggregate_y15_24,geo_cov_urb,2013,65.112
bih,sex_m,age_aggregate_y15_24,geo_cov_urb,2014,70.231
bih,sex_m,age_aggregate_y15_24,geo_cov_urb,2015,67.97
bih,sex_m,age_aggregate_y15_24,geo_cov_urb,2016,66.82
bih,sex_m,age_aggregate_y15_24,geo_cov_urb,2017,52.164
bih,sex_m,age_aggregate_y15_24,geo_cov_urb,2018,50.175
bih,sex_m,age_aggregate_y15_24,geo_cov_urb,2019,41.529
bih,sex_m,age_aggregate_y15_24,geo_cov_urb,2020,44.705
bih,sex_m,age_aggregate_y15_24,geo_cov_urb,2021,38.157
bih,sex_m,age_aggregate_y15_24,geo_cov_urb,2022,31.017
bih,sex_m,age_aggregate_y15_24,geo_cov_urb,2023,32.212
bih,sex_m,age_aggregate_y15_24,geo_cov_urb,2024,36.676
bih,sex_m,age_aggregate_y25_54,geo_cov_nat,2001,22.85
bih,sex_m,age_aggregate_y25_54,geo_cov_nat,2006,33.52
bih,sex_m,age_aggregate_y25_54,geo_cov_nat,2007,29.995
bih,sex_m,age_aggregate_y25_54,geo_cov_nat,2008,23.704
bih,sex_m,age_aggregate_y25_54,geo_cov_nat,2009,24.811
bih,sex_m,age_aggregate_y25_54,geo_cov_nat,2010,27.616
bih,sex_m,age_aggregate_y25_54,geo_cov_nat,2011,28.182
bih,sex_m,age_aggregate_y25_54,geo_cov_nat,2012,27.952
bih,sex_m,age_aggregate_y25_54,geo_cov_nat,2013,28.895
bih,sex_m,age_aggregate_y25_54,geo_cov_nat,2014,28.113
bih,sex_m,age_aggregate_y25_54,geo_cov_nat,2015,28.106
bih,sex_m,age_aggregate_y25_54,geo_cov_nat,2016,25.144
bih,sex_m,age_aggregate_y25_54,geo_cov_nat,2017,21.669
bih,sex_m,age_aggregate_y25_54,geo_cov_nat,2018,20.482
bih,sex_m,age_aggregate_y25_54,geo_cov_nat,2019,16.358
bih,sex_m,age_aggregate_y25_54,geo_cov_nat,2020,17.453
bih,sex_m,age_aggregate_y25_54,geo_cov_nat,2021,13.415
bih,sex_m,age_aggregate_y25_54,geo_cov_nat,2022,11.952
bih,sex_m,age_aggregate_y25_54,geo_cov_nat,2023,10.462
bih,sex_m,age_aggregate_y25_54,geo_cov_nat,2024,9.754
bih,sex_m,age_aggregate_y25_54,geo_cov_rur,2001,23.294
bih,sex_m,age_aggregate_y25_54,geo_cov_rur,2006,34.887
bih,sex_m,age_aggregate_y25_54,geo_cov_rur,2007,31.29
bih,sex_m,age_aggregate_y25_54,geo_cov_rur,2008,23.721
bih,sex_m,age_aggregate_y25_54,geo_cov_rur,2009,25.394
bih,sex_m,age_aggregate_y25_54,geo_cov_rur,2010,28.363
bih,sex_m,age_aggregate_y25_54,geo_cov_rur,2011,29.107
bih,sex_m,age_aggregate_y25_54,geo_cov_rur,2012,28.045
bih,sex_m,age_aggregate_y25_54,geo_cov_rur,2013,28.714
bih,sex_m,age_aggregate_y25_54,geo_cov_rur,2014,27.935
bih,sex_m,age_aggregate_y25_54,geo_cov_rur,2015,26.846
bih,sex_m,age_aggregate_y25_54,geo_cov_rur,2016,24.419
bih,sex_m,age_aggregate_y25_54,geo_cov_rur,2017,20.709
bih,sex_m,age_aggregate_y25_54,geo_cov_rur,2018,19.661
bih,sex_m,age_aggregate_y25_54,geo_cov_rur,2019,14.955
bih,sex_m,age_aggregate_y25_54,geo_cov_rur,2020,17.174
bih,sex_m,age_aggregate_y25_54,geo_cov_rur,2021,11.354
bih,sex_m,age_aggregate_y25_54,geo_cov_rur,2022,9.761
bih,sex_m,age_aggregate_y25_54,geo_cov_rur,2023,8.659
bih,sex_m,age_aggregate_y25_54,geo_cov_rur,2024,8.014
bih,sex_m,age_aggregate_y25_54,geo_cov_urb,2001,22.322
bih,sex_m,age_aggregate_y25_54,geo_cov_urb,2006,31.43
bih,sex_m,age_aggregate_y25_54,geo_cov_urb,2007,27.702
bih,sex_m,age_aggregate_y25_54,geo_cov_urb,2008,23.673
bih,sex_m,age_aggregate_y25_54,geo_cov_urb,2009,23.778
bih,sex_m,age_aggregate_y25_54,geo_cov_urb,2010,26.535
bih,sex_m,age_aggregate_y25_54,geo_cov_urb,2011,26.829
bih,sex_m,age_aggregate_y25_54,geo_cov_urb,2012,27.809
bih,sex_m,age_aggregate_y25_54,geo_cov_urb,2013,29.161
bih,sex_m,age_aggregate_y25_54,geo_cov_urb,2014,28.363
bih,sex_m,age_aggregate_y25_54,geo_cov_urb,2015,29.92
bih,sex_m,age_aggregate_y25_54,geo_cov_urb,2016,26.208
bih,sex_m,age_aggregate_y25_54,geo_cov_urb,2017,23.057
bih,sex_m,age_aggregate_y25_54,geo_cov_urb,2018,21.633
bih,sex_m,age_aggregate_y25_54,geo_cov_urb,2019,18.221
bih,sex_m,age_aggregate_y25_54,geo_cov_urb,2020,17.824
bih,sex_m,age_aggregate_y25_54,geo_cov_urb,2021,16.041
bih,sex_m,age_aggregate_y25_54,geo_cov_urb,2022,14.784
bih,sex_m,age_aggregate_y25_54,geo_cov_urb,2023,12.848
bih,sex_m,age_aggregate_y25_54,geo_cov_urb,2024,11.969
bih,sex_m,age_aggregate_y55_64,geo_cov_nat,2001,18.873
bih,sex_m,age_aggregate_y55_64,geo_cov_nat,2006,28.254
bih,sex_m,age_aggregate_y55_64,geo_cov_nat,2007,27.669
bih,sex_m,age_aggregate_y55_64,geo_cov_nat,2008,23.773
bih,sex_m,age_aggregate_y55_64,geo_cov_nat,2009,23.801
bih,sex_m,age_aggregate_y55_64,geo_cov_nat,2010,23.56
bih,sex_m,age_aggregate_y55_64,geo_cov_nat,2011,24.965
bih,sex_m,age_aggregate_y55_64,geo_cov_nat,2012,26.372
bih,sex_m,age_aggregate_y55_64,geo_cov_nat,2013,26.328
bih,sex_m,age_aggregate_y55_64,geo_cov_nat,2014,25.418
bih,sex_m,age_aggregate_y55_64,geo_cov_nat,2015,27.384
bih,sex_m,age_aggregate_y55_64,geo_cov_nat,2016,23.151
bih,sex_m,age_aggregate_y55_64,geo_cov_nat,2017,19.419
bih,sex_m,age_aggregate_y55_64,geo_cov_nat,2018,19.589
bih,sex_m,age_aggregate_y55_64,geo_cov_nat,2019,13.64
bih,sex_m,age_aggregate_y55_64,geo_cov_nat,2020,18.226
bih,sex_m,age_aggregate_y55_64,geo_cov_nat,2021,11.255
bih,sex_m,age_aggregate_y55_64,geo_cov_nat,2022,9.747
bih,sex_m,age_aggregate_y55_64,geo_cov_nat,2023,9.231
bih,sex_m,age_aggregate_y55_64,geo_cov_nat,2024,9.864
bih,sex_m,age_aggregate_y55_64,geo_cov_rur,2001,13.988
bih,sex_m,age_aggregate_y55_64,geo_cov_rur,2006,27.31
bih,sex_m,age_aggregate_y55_64,geo_cov_rur,2007,28.578
bih,sex_m,age_aggregate_y55_64,geo_cov_rur,2008,23.644
bih,sex_m,age_aggregate_y55_64,geo_cov_rur,2009,24.742
bih,sex_m,age_aggregate_y55_64,geo_cov_rur,2010,21.284
bih,sex_m,age_aggregate_y55_64,geo_cov_rur,2011,24.04
bih,sex_m,age_aggregate_y55_64,geo_cov_rur,2012,24.034
bih,sex_m,age_aggregate_y55_64,geo_cov_rur,2013,24.796
bih,sex_m,age_aggregate_y55_64,geo_cov_rur,2014,26.718
bih,sex_m,age_aggregate_y55_64,geo_cov_rur,2015,28.643
bih,sex_m,age_aggregate_y55_64,geo_cov_rur,2016,22.517
bih,sex_m,age_aggregate_y55_64,geo_cov_rur,2017,18.896
bih,sex_m,age_aggregate_y55_64,geo_cov_rur,2018,18.274
bih,sex_m,age_aggregate_y55_64,geo_cov_rur,2019,11.432
bih,sex_m,age_aggregate_y55_64,geo_cov_rur,2020,18.584
bih,sex_m,age_aggregate_y55_64,geo_cov_rur,2021,9.63
bih,sex_m,age_aggregate_y55_64,geo_cov_rur,2022,8.275
bih,sex_m,age_aggregate_y55_64,geo_cov_rur,2023,8.074
bih,sex_m,age_aggregate_y55_64,geo_cov_rur,2024,9.178
bih,sex_m,age_aggregate_y55_64,geo_cov_urb,2001,25.254
bih,sex_m,age_aggregate_y55_64,geo_cov_urb,2006,29.52
bih,sex_m,age_aggregate_y55_64,geo_cov_urb,2007,26.391
bih,sex_m,age_aggregate_y55_64,geo_cov_urb,2008,23.988
bih,sex_m,age_aggregate_y55_64,geo_cov_urb,2009,22.232
bih,sex_m,age_aggregate_y55_64,geo_cov_urb,2010,26.337
bih,sex_m,age_aggregate_y55_64,geo_cov_urb,2011,25.991
bih,sex_m,age_aggregate_y55_64,geo_cov_urb,2012,29.056
bih,sex_m,age_aggregate_y55_64,geo_cov_urb,2013,28.252
bih,sex_m,age_aggregate_y55_64,geo_cov_urb,2014,23.658
bih,sex_m,age_aggregate_y55_64,geo_cov_urb,2015,25.78
bih,sex_m,age_aggregate_y55_64,geo_cov_urb,2016,24.038
bih,sex_m,age_aggregate_y55_64,geo_cov_urb,2017,20.073
bih,sex_m,age_aggregate_y55_64,geo_cov_urb,2018,21.318
bih,sex_m,age_aggregate_y55_64,geo_cov_urb,2019,16.866
bih,sex_m,age_aggregate_y55_64,geo_cov_urb,2020,17.726
bih,sex_m,age_aggregate_y55_64,geo_cov_urb,2021,13.838
bih,sex_m,age_aggregate_y55_64,geo_cov_urb,2022,12.052
bih,sex_m,age_aggregate_y55_64,geo_cov_urb,2023,11.224
bih,sex_m,age_aggregate_y55_64,geo_cov_urb,2024,11.027
bih,sex_m,age_aggregate_yge65,geo_cov_nat,2001,10.292
bih,sex_m,age_aggregate_yge65,geo_cov_nat,2006,14.194
bih,sex_m,age_aggregate_yge65,geo_cov_nat,2007,12.238
bih,sex_m,age_aggregate_yge65,geo_cov_nat,2008,4.778
bih,sex_m,age_aggregate_yge65,geo_cov_nat,2009,9.755
bih,sex_m,age_aggregate_yge65,geo_cov_nat,2010,4.663
bih,sex_m,age_aggregate_yge65,geo_cov_nat,2011,13.091
bih,sex_m,age_aggregate_yge65,geo_cov_nat,2012,13.171
bih,sex_m,age_aggregate_yge65,geo_cov_nat,2013,8.084
bih,sex_m,age_aggregate_yge65,geo_cov_nat,2014,11.609
bih,sex_m,age_aggregate_yge65,geo_cov_nat,2015,10.793
bih,sex_m,age_aggregate_yge65,geo_cov_nat,2016,17.784
bih,sex_m,age_aggregate_yge65,geo_cov_nat,2017,7.414
bih,sex_m,age_aggregate_yge65,geo_cov_nat,2018,12.911
bih,sex_m,age_aggregate_yge65,geo_cov_nat,2019,5.853
bih,sex_m,age_aggregate_yge65,geo_cov_nat,2020,5.053
bih,sex_m,age_aggregate_yge65,geo_cov_nat,2021,4.756
bih,sex_m,age_aggregate_yge65,geo_cov_nat,2022,3.223
bih,sex_m,age_aggregate_yge65,geo_cov_nat,2023,3.47
bih,sex_m,age_aggregate_yge65,geo_cov_nat,2024,3.298
bih,sex_m,age_aggregate_yge65,geo_cov_rur,2001,9.327
bih,sex_m,age_aggregate_yge65,geo_cov_rur,2006,8.689
bih,sex_m,age_aggregate_yge65,geo_cov_rur,2007,5.182
bih,sex_m,age_aggregate_yge65,geo_cov_rur,2008,3.131
bih,sex_m,age_aggregate_yge65,geo_cov_rur,2009,7.178
bih,sex_m,age_aggregate_yge65,geo_cov_rur,2011,12.022
bih,sex_m,age_aggregate_yge65,geo_cov_rur,2012,9.063
bih,sex_m,age_aggregate_yge65,geo_cov_rur,2013,5.15
bih,sex_m,age_aggregate_yge65,geo_cov_rur,2014,6.26
bih,sex_m,age_aggregate_yge65,geo_cov_rur,2015,6.976
bih,sex_m,age_aggregate_yge65,geo_cov_rur,2016,11.815
bih,sex_m,age_aggregate_yge65,geo_cov_rur,2017,3.927
bih,sex_m,age_aggregate_yge65,geo_cov_rur,2018,9.133
bih,sex_m,age_aggregate_yge65,geo_cov_rur,2019,3.741
bih,sex_m,age_aggregate_yge65,geo_cov_rur,2020,3.986
bih,sex_m,age_aggregate_yge65,geo_cov_rur,2021,4.374
bih,sex_m,age_aggregate_yge65,geo_cov_rur,2022,2.867
bih,sex_m,age_aggregate_yge65,geo_cov_rur,2023,2.379
bih,sex_m,age_aggregate_yge65,geo_cov_rur,2024,2.108
bih,sex_m,age_aggregate_yge65,geo_cov_urb,2001,11.237
bih,sex_m,age_aggregate_yge65,geo_cov_urb,2006,51.648
bih,sex_m,age_aggregate_yge65,geo_cov_urb,2007,45.356
bih,sex_m,age_aggregate_yge65,geo_cov_urb,2009,21.481
bih,sex_m,age_aggregate_yge65,geo_cov_urb,2012,35.735
bih,sex_m,age_aggregate_yge65,geo_cov_urb,2014,29.65
bih,sex_m,age_aggregate_yge65,geo_cov_urb,2015,29.559
bih,sex_m,age_aggregate_yge65,geo_cov_urb,2016,43.391
bih,sex_m,age_aggregate_yge65,geo_cov_urb,2017,17.976
bih,sex_m,age_aggregate_yge65,geo_cov_urb,2018,20.493
bih,sex_m,age_aggregate_yge65,geo_cov_urb,2019,13.468
bih,sex_m,age_aggregate_yge65,geo_cov_urb,2020,9.438
bih,sex_m,age_aggregate_yge65,geo_cov_urb,2021,6.571
bih,sex_m,age_aggregate_yge65,geo_cov_urb,2022,4.979
bih,sex_m,age_aggregate_yge65,geo_cov_urb,2023,8.557
bih,sex_m,age_aggregate_yge65,geo_cov_urb,2024,8.695
bih,sex_m,age_ythadult_y15_24,geo_cov_nat,2001,56.713
bih,sex_m,age_ythadult_y15_24,geo_cov_nat,2006,67.279
bih,sex_m,age_ythadult_y15_24,geo_cov_nat,2007,62.611
bih,sex_m,age_ythadult_y15_24,geo_cov_nat,2008,53.036
bih,sex_m,age_ythadult_y15_24,geo_cov_nat,2009,54.698
bih,sex_m,age_ythadult_y15_24,geo_cov_nat,2010,60.788
bih,sex_m,age_ythadult_y15_24,geo_cov_nat,2011,61.73
bih,sex_m,age_ythadult_y15_24,geo_cov_nat,2012,67.294
bih,sex_m,age_ythadult_y15_24,geo_cov_nat,2013,64.329
bih,sex_m,age_ythadult_y15_24,geo_cov_nat,2014,67.085
bih,sex_m,age_ythadult_y15_24,geo_cov_nat,2015,64.118
bih,sex_m,age_ythadult_y15_24,geo_cov_nat,2016,60.106
bih,sex_m,age_ythadult_y15_24,geo_cov_nat,2017,49.465
bih,sex_m,age_ythadult_y15_24,geo_cov_nat,2018,42.842
bih,sex_m,age_ythadult_y15_24,geo_cov_nat,2019,38.358
bih,sex_m,age_ythadult_y15_24,geo_cov_nat,2020,39.888
bih,sex_m,age_ythadult_y15_24,geo_cov_nat,2021,35.182
bih,sex_m,age_ythadult_y15_24,geo_cov_nat,2022,32.36
bih,sex_m,age_ythadult_y15_24,geo_cov_nat,2023,30.374
bih,sex_m,age_ythadult_y15_24,geo_cov_nat,2024,29.016
bih,sex_m,age_ythadult_y15_24,geo_cov_rur,2001,55.32
bih,sex_m,age_ythadult_y15_24,geo_cov_rur,2006,63.775
bih,sex_m,age_ythadult_y15_24,geo_cov_rur,2007,60.199
bih,sex_m,age_ythadult_y15_24,geo_cov_rur,2008,53.624
bih,sex_m,age_ythadult_y15_24,geo_cov_rur,2009,53.211
bih,sex_m,age_ythadult_y15_24,geo_cov_rur,2010,58.421
bih,sex_m,age_ythadult_y15_24,geo_cov_rur,2011,58.494
bih,sex_m,age_ythadult_y15_24,geo_cov_rur,2012,66.992
bih,sex_m,age_ythadult_y15_24,geo_cov_rur,2013,63.922
bih,sex_m,age_ythadult_y15_24,geo_cov_rur,2014,65.594
bih,sex_m,age_ythadult_y15_24,geo_cov_rur,2015,62.29
bih,sex_m,age_ythadult_y15_24,geo_cov_rur,2016,56.427
bih,sex_m,age_ythadult_y15_24,geo_cov_rur,2017,47.929
bih,sex_m,age_ythadult_y15_24,geo_cov_rur,2018,38.331
bih,sex_m,age_ythadult_y15_24,geo_cov_rur,2019,36.358
bih,sex_m,age_ythadult_y15_24,geo_cov_rur,2020,36.933
bih,sex_m,age_ythadult_y15_24,geo_cov_rur,2021,33.357
bih,sex_m,age_ythadult_y15_24,geo_cov_rur,2022,33.022
bih,sex_m,age_ythadult_y15_24,geo_cov_rur,2023,29.676
bih,sex_m,age_ythadult_y15_24,geo_cov_rur,2024,25.645
bih,sex_m,age_ythadult_y15_24,geo_cov_urb,2001,58.691
bih,sex_m,age_ythadult_y15_24,geo_cov_urb,2006,73.796
bih,sex_m,age_ythadult_y15_24,geo_cov_urb,2007,68.845
bih,sex_m,age_ythadult_y15_24,geo_cov_urb,2008,51.745
bih,sex_m,age_ythadult_y15_24,geo_cov_urb,2009,58.563
bih,sex_m,age_ythadult_y15_24,geo_cov_urb,2010,65.431
bih,sex_m,age_ythadult_y15_24,geo_cov_urb,2011,67.485
bih,sex_m,age_ythadult_y15_24,geo_cov_urb,2012,67.848
bih,sex_m,age_ythadult_y15_24,geo_cov_urb,2013,65.112
bih,sex_m,age_ythadult_y15_24,geo_cov_urb,2014,70.231
bih,sex_m,age_ythadult_y15_24,geo_cov_urb,2015,67.97
bih,sex_m,age_ythadult_y15_24,geo_cov_urb,2016,66.82
bih,sex_m,age_ythadult_y15_24,geo_cov_urb,2017,52.164
bih,sex_m,age_ythadult_y15_24,geo_cov_urb,2018,50.175
bih,sex_m,age_ythadult_y15_24,geo_cov_urb,2019,41.529
bih,sex_m,age_ythadult_y15_24,geo_cov_urb,2020,44.705
bih,sex_m,age_ythadult_y15_24,geo_cov_urb,2021,38.157
bih,sex_m,age_ythadult_y15_24,geo_cov_urb,2022,31.017
bih,sex_m,age_ythadult_y15_24,geo_cov_urb,2023,32.212
bih,sex_m,age_ythadult_y15_24,geo_cov_urb,2024,36.676
bih,sex_m,age_ythadult_y15_64,geo_cov_nat,2001,28.262
bih,sex_m,age_ythadult_y15_64,geo_cov_nat,2006,38.086
bih,sex_m,age_ythadult_y15_64,geo_cov_nat,2007,34.525
bih,sex_m,age_ythadult_y15_64,geo_cov_nat,2008,27.939
bih,sex_m,age_ythadult_y15_64,geo_cov_nat,2009,28.978
bih,sex_m,age_ythadult_y15_64,geo_cov_nat,2010,31.399
bih,sex_m,age_ythadult_y15_64,geo_cov_nat,2011,31.991
bih,sex_m,age_ythadult_y15_64,geo_cov_nat,2012,32.481
bih,sex_m,age_ythadult_y15_64,geo_cov_nat,2013,32.912
bih,sex_m,age_ythadult_y15_64,geo_cov_nat,2014,32.25
bih,sex_m,age_ythadult_y15_64,geo_cov_nat,2015,32.467
bih,sex_m,age_ythadult_y15_64,geo_cov_nat,2016,29.258
bih,sex_m,age_ythadult_y15_64,geo_cov_nat,2017,24.799
bih,sex_m,age_ythadult_y15_64,geo_cov_nat,2018,23.147
bih,sex_m,age_ythadult_y15_64,geo_cov_nat,2019,18.463
bih,sex_m,age_ythadult_y15_64,geo_cov_nat,2020,19.913
bih,sex_m,age_ythadult_y15_64,geo_cov_nat,2021,15.212
bih,sex_m,age_ythadult_y15_64,geo_cov_nat,2022,13.353
bih,sex_m,age_ythadult_y15_64,geo_cov_nat,2023,11.775
bih,sex_m,age_ythadult_y15_64,geo_cov_nat,2024,11.118
bih,sex_m,age_ythadult_y15_64,geo_cov_rur,2001,28.26
bih,sex_m,age_ythadult_y15_64,geo_cov_rur,2006,38.847
bih,sex_m,age_ythadult_y15_64,geo_cov_rur,2007,35.759
bih,sex_m,age_ythadult_y15_64,geo_cov_rur,2008,28.26
bih,sex_m,age_ythadult_y15_64,geo_cov_rur,2009,29.754
bih,sex_m,age_ythadult_y15_64,geo_cov_rur,2010,31.886
bih,sex_m,age_ythadult_y15_64,geo_cov_rur,2011,32.54
bih,sex_m,age_ythadult_y15_64,geo_cov_rur,2012,32.623
bih,sex_m,age_ythadult_y15_64,geo_cov_rur,2013,32.994
bih,sex_m,age_ythadult_y15_64,geo_cov_rur,2014,32.78
bih,sex_m,age_ythadult_y15_64,geo_cov_rur,2015,32.102
bih,sex_m,age_ythadult_y15_64,geo_cov_rur,2016,28.499
bih,sex_m,age_ythadult_y15_64,geo_cov_rur,2017,24.14
bih,sex_m,age_ythadult_y15_64,geo_cov_rur,2018,21.912
bih,sex_m,age_ythadult_y15_64,geo_cov_rur,2019,16.941
bih,sex_m,age_ythadult_y15_64,geo_cov_rur,2020,19.607
bih,sex_m,age_ythadult_y15_64,geo_cov_rur,2021,13.397
bih,sex_m,age_ythadult_y15_64,geo_cov_rur,2022,11.832
bih,sex_m,age_ythadult_y15_64,geo_cov_rur,2023,10.525
bih,sex_m,age_ythadult_y15_64,geo_cov_rur,2024,9.703
bih,sex_m,age_ythadult_y15_64,geo_cov_urb,2001,28.263
bih,sex_m,age_ythadult_y15_64,geo_cov_urb,2006,36.903
bih,sex_m,age_ythadult_y15_64,geo_cov_urb,2007,32.277
bih,sex_m,age_ythadult_y15_64,geo_cov_urb,2008,27.34
bih,sex_m,age_ythadult_y15_64,geo_cov_urb,2009,27.542
bih,sex_m,age_ythadult_y15_64,geo_cov_urb,2010,30.68
bih,sex_m,age_ythadult_y15_64,geo_cov_urb,2011,31.198
bih,sex_m,age_ythadult_y15_64,geo_cov_urb,2012,32.266
bih,sex_m,age_ythadult_y15_64,geo_cov_urb,2013,32.791
bih,sex_m,age_ythadult_y15_64,geo_cov_urb,2014,31.479
bih,sex_m,age_ythadult_y15_64,geo_cov_urb,2015,33.007
bih,sex_m,age_ythadult_y15_64,geo_cov_urb,2016,30.391
bih,sex_m,age_ythadult_y15_64,geo_cov_urb,2017,25.75
bih,sex_m,age_ythadult_y15_64,geo_cov_urb,2018,24.89
bih,sex_m,age_ythadult_y15_64,geo_cov_urb,2019,20.569
bih,sex_m,age_ythadult_y15_64,geo_cov_urb,2020,20.332
bih,sex_m,age_ythadult_y15_64,geo_cov_urb,2021,17.668
bih,sex_m,age_ythadult_y15_64,geo_cov_urb,2022,15.464
bih,sex_m,age_ythadult_y15_64,geo_cov_urb,2023,13.595
bih,sex_m,age_ythadult_y15_64,geo_cov_urb,2024,13.082
bih,sex_m,age_ythadult_yge15,geo_cov_nat,2001,27.873
bih,sex_m,age_ythadult_yge15,geo_cov_nat,2006,37.548
bih,sex_m,age_ythadult_yge15,geo_cov_nat,2007,33.98
bih,sex_m,age_ythadult_yge15,geo_cov_nat,2008,27.356
bih,sex_m,age_ythadult_yge15,geo_cov_nat,2009,28.631
bih,sex_m,age_ythadult_yge15,geo_cov_nat,2010,30.901
bih,sex_m,age_ythadult_yge15,geo_cov_nat,2011,31.693
bih,sex_m,age_ythadult_yge15,geo_cov_nat,2012,32.051
bih,sex_m,age_ythadult_yge15,geo_cov_nat,2013,32.438
bih,sex_m,age_ythadult_yge15,geo_cov_nat,2014,31.775
bih,sex_m,age_ythadult_yge15,geo_cov_nat,2015,32.031
bih,sex_m,age_ythadult_yge15,geo_cov_nat,2016,29.02
bih,sex_m,age_ythadult_yge15,geo_cov_nat,2017,24.318
bih,sex_m,age_ythadult_yge15,geo_cov_nat,2018,22.877
bih,sex_m,age_ythadult_yge15,geo_cov_nat,2019,17.918
bih,sex_m,age_ythadult_yge15,geo_cov_nat,2020,19.641
bih,sex_m,age_ythadult_yge15,geo_cov_nat,2021,14.914
bih,sex_m,age_ythadult_yge15,geo_cov_nat,2022,13.061
bih,sex_m,age_ythadult_yge15,geo_cov_nat,2023,11.52
bih,sex_m,age_ythadult_yge15,geo_cov_nat,2024,10.858
bih,sex_m,age_ythadult_yge15,geo_cov_rur,2001,27.893
bih,sex_m,age_ythadult_yge15,geo_cov_rur,2006,37.883
bih,sex_m,age_ythadult_yge15,geo_cov_rur,2007,34.81
bih,sex_m,age_ythadult_yge15,geo_cov_rur,2008,27.379
bih,sex_m,age_ythadult_yge15,geo_cov_rur,2009,29.241
bih,sex_m,age_ythadult_yge15,geo_cov_rur,2010,31.168
bih,sex_m,age_ythadult_yge15,geo_cov_rur,2011,32.105
bih,sex_m,age_ythadult_yge15,geo_cov_rur,2012,31.892
bih,sex_m,age_ythadult_yge15,geo_cov_rur,2013,32.262
bih,sex_m,age_ythadult_yge15,geo_cov_rur,2014,31.991
bih,sex_m,age_ythadult_yge15,geo_cov_rur,2015,31.404
bih,sex_m,age_ythadult_yge15,geo_cov_rur,2016,28.034
bih,sex_m,age_ythadult_yge15,geo_cov_rur,2017,23.433
bih,sex_m,age_ythadult_yge15,geo_cov_rur,2018,21.529
bih,sex_m,age_ythadult_yge15,geo_cov_rur,2019,16.183
bih,sex_m,age_ythadult_yge15,geo_cov_rur,2020,19.211
bih,sex_m,age_ythadult_yge15,geo_cov_rur,2021,13.032
bih,sex_m,age_ythadult_yge15,geo_cov_rur,2022,11.467
bih,sex_m,age_ythadult_yge15,geo_cov_rur,2023,10.182
bih,sex_m,age_ythadult_yge15,geo_cov_rur,2024,9.351
bih,sex_m,age_ythadult_yge15,geo_cov_urb,2001,27.849
bih,sex_m,age_ythadult_yge15,geo_cov_urb,2006,37.013
bih,sex_m,age_ythadult_yge15,geo_cov_urb,2007,32.438
bih,sex_m,age_ythadult_yge15,geo_cov_urb,2008,27.311
bih,sex_m,age_ythadult_yge15,geo_cov_urb,2009,27.485
bih,sex_m,age_ythadult_yge15,geo_cov_urb,2010,30.5
bih,sex_m,age_ythadult_yge15,geo_cov_urb,2011,31.09
bih,sex_m,age_ythadult_yge15,geo_cov_urb,2012,32.297
bih,sex_m,age_ythadult_yge15,geo_cov_urb,2013,32.705
bih,sex_m,age_ythadult_yge15,geo_cov_urb,2014,31.455
bih,sex_m,age_ythadult_yge15,geo_cov_urb,2015,32.978
bih,sex_m,age_ythadult_yge15,geo_cov_urb,2016,30.52
bih,sex_m,age_ythadult_yge15,geo_cov_urb,2017,25.619
bih,sex_m,age_ythadult_yge15,geo_cov_urb,2018,24.796
bih,sex_m,age_ythadult_yge15,geo_cov_urb,2019,20.407
bih,sex_m,age_ythadult_yge15,geo_cov_urb,2020,20.239
bih,sex_m,age_ythadult_yge15,geo_cov_urb,2021,17.536
bih,sex_m,age_ythadult_yge15,geo_cov_urb,2022,15.34
bih,sex_m,age_ythadult_yge15,geo_cov_urb,2023,13.527
bih,sex_m,age_ythadult_yge15,geo_cov_urb,2024,13.018
bih,sex_m,age_ythadult_yge25,geo_cov_nat,2001,22.133
bih,sex_m,age_ythadult_yge25,geo_cov_nat,2006,32.449
bih,sex_m,age_ythadult_yge25,geo_cov_nat,2007,29.226
bih,sex_m,age_ythadult_yge25,geo_cov_nat,2008,23.157
bih,sex_m,age_ythadult_yge25,geo_cov_nat,2009,24.368
bih,sex_m,age_ythadult_yge25,geo_cov_nat,2010,26.592
bih,sex_m,age_ythadult_yge25,geo_cov_nat,2011,27.467
bih,sex_m,age_ythadult_yge25,geo_cov_nat,2012,27.358
bih,sex_m,age_ythadult_yge25,geo_cov_nat,2013,28.06
bih,sex_m,age_ythadult_yge25,geo_cov_nat,2014,27.238
bih,sex_m,age_ythadult_yge25,geo_cov_nat,2015,27.588
bih,sex_m,age_ythadult_yge25,geo_cov_nat,2016,24.589
bih,sex_m,age_ythadult_yge25,geo_cov_nat,2017,20.762
bih,sex_m,age_ythadult_yge25,geo_cov_nat,2018,20.07
bih,sex_m,age_ythadult_yge25,geo_cov_nat,2019,15.205
bih,sex_m,age_ythadult_yge25,geo_cov_nat,2020,17.331
bih,sex_m,age_ythadult_yge25,geo_cov_nat,2021,12.756
bih,sex_m,age_ythadult_yge25,geo_cov_nat,2022,11.275
bih,sex_m,age_ythadult_yge25,geo_cov_nat,2023,10.004
bih,sex_m,age_ythadult_yge25,geo_cov_nat,2024,9.543
bih,sex_m,age_ythadult_yge25,geo_cov_rur,2001,22.011
bih,sex_m,age_ythadult_yge25,geo_cov_rur,2006,33.136
bih,sex_m,age_ythadult_yge25,geo_cov_rur,2007,30.047
bih,sex_m,age_ythadult_yge25,geo_cov_rur,2008,22.866
bih,sex_m,age_ythadult_yge25,geo_cov_rur,2009,24.825
bih,sex_m,age_ythadult_yge25,geo_cov_rur,2010,26.765
bih,sex_m,age_ythadult_yge25,geo_cov_rur,2011,28.064
bih,sex_m,age_ythadult_yge25,geo_cov_rur,2012,26.874
bih,sex_m,age_ythadult_yge25,geo_cov_rur,2013,27.453
bih,sex_m,age_ythadult_yge25,geo_cov_rur,2014,26.997
bih,sex_m,age_ythadult_yge25,geo_cov_rur,2015,26.493
bih,sex_m,age_ythadult_yge25,geo_cov_rur,2016,23.659
bih,sex_m,age_ythadult_yge25,geo_cov_rur,2017,19.686
bih,sex_m,age_ythadult_yge25,geo_cov_rur,2018,19.02
bih,sex_m,age_ythadult_yge25,geo_cov_rur,2019,13.382
bih,sex_m,age_ythadult_yge25,geo_cov_rur,2020,17.04
bih,sex_m,age_ythadult_yge25,geo_cov_rur,2021,10.712
bih,sex_m,age_ythadult_yge25,geo_cov_rur,2022,9.165
bih,sex_m,age_ythadult_yge25,geo_cov_rur,2023,8.253
bih,sex_m,age_ythadult_yge25,geo_cov_rur,2024,7.943
bih,sex_m,age_ythadult_yge25,geo_cov_urb,2001,22.278
bih,sex_m,age_ythadult_yge25,geo_cov_urb,2006,31.383
bih,sex_m,age_ythadult_yge25,geo_cov_urb,2007,27.777
bih,sex_m,age_ythadult_yge25,geo_cov_urb,2008,23.705
bih,sex_m,age_ythadult_yge25,geo_cov_urb,2009,23.552
bih,sex_m,age_ythadult_yge25,geo_cov_urb,2010,26.342
bih,sex_m,age_ythadult_yge25,geo_cov_urb,2011,26.613
bih,sex_m,age_ythadult_yge25,geo_cov_urb,2012,28.091
bih,sex_m,age_ythadult_yge25,geo_cov_urb,2013,28.951
bih,sex_m,age_ythadult_yge25,geo_cov_urb,2014,27.581
bih,sex_m,age_ythadult_yge25,geo_cov_urb,2015,29.169
bih,sex_m,age_ythadult_yge25,geo_cov_urb,2016,25.97
bih,sex_m,age_ythadult_yge25,geo_cov_urb,2017,22.305
bih,sex_m,age_ythadult_yge25,geo_cov_urb,2018,21.538
bih,sex_m,age_ythadult_yge25,geo_cov_urb,2019,17.786
bih,sex_m,age_ythadult_yge25,geo_cov_urb,2020,17.728
bih,sex_m,age_ythadult_yge25,geo_cov_urb,2021,15.558
bih,sex_m,age_ythadult_yge25,geo_cov_urb,2022,14.197
bih,sex_m,age_ythadult_yge25,geo_cov_urb,2023,12.52
bih,sex_m,age_ythadult_yge25,geo_cov_urb,2024,11.767
bih,sex_t,age_aggregate_total,geo_cov_nat,2001,34.801
bih,sex_t,age_aggregate_total,geo_cov_nat,2006,42.977
bih,sex_t,age_aggregate_total,geo_cov_nat,2007,39.31
bih,sex_t,age_aggregate_total,geo_cov_nat,2008,32.292
bih,sex_t,age_aggregate_total,geo_cov_nat,2009,32.422
bih,sex_t,age_aggregate_total,geo_cov_nat,2010,35.115
bih,sex_t,age_aggregate_total,geo_cov_nat,2011,35.812
bih,sex_t,age_aggregate_total,geo_cov_nat,2012,36.388
bih,sex_t,age_aggregate_total,geo_cov_nat,2013,36.045
bih,sex_t,age_aggregate_total,geo_cov_nat,2014,36.427
bih,sex_t,age_aggregate_total,geo_cov_nat,2015,36.398
bih,sex_t,age_aggregate_total,geo_cov_nat,2016,34.511
bih,sex_t,age_aggregate_total,geo_cov_nat,2017,28.611
bih,sex_t,age_aggregate_total,geo_cov_nat,2018,26.638
bih,sex_t,age_aggregate_total,geo_cov_nat,2019,22.328
bih,sex_t,age_aggregate_total,geo_cov_nat,2020,23.838
bih,sex_t,age_aggregate_total,geo_cov_nat,2021,18.002
bih,sex_t,age_aggregate_total,geo_cov_nat,2022,16.061
bih,sex_t,age_aggregate_total,geo_cov_nat,2023,14.007
bih,sex_t,age_aggregate_total,geo_cov_nat,2024,13.593
bih,sex_t,age_aggregate_total,geo_cov_rur,2001,34.675
bih,sex_t,age_aggregate_total,geo_cov_rur,2006,44.304
bih,sex_t,age_aggregate_total,geo_cov_rur,2007,40.91
bih,sex_t,age_aggregate_total,geo_cov_rur,2008,32.864
bih,sex_t,age_aggregate_total,geo_cov_rur,2009,33.366
bih,sex_t,age_aggregate_total,geo_cov_rur,2010,36.249
bih,sex_t,age_aggregate_total,geo_cov_rur,2011,37.262
bih,sex_t,age_aggregate_total,geo_cov_rur,2012,37.381
bih,sex_t,age_aggregate_total,geo_cov_rur,2013,36.952
bih,sex_t,age_aggregate_total,geo_cov_rur,2014,38.366
bih,sex_t,age_aggregate_total,geo_cov_rur,2015,37.215
bih,sex_t,age_aggregate_total,geo_cov_rur,2016,35.121
bih,sex_t,age_aggregate_total,geo_cov_rur,2017,28.814
bih,sex_t,age_aggregate_total,geo_cov_rur,2018,26.393
bih,sex_t,age_aggregate_total,geo_cov_rur,2019,21.278
bih,sex_t,age_aggregate_total,geo_cov_rur,2020,24.983
bih,sex_t,age_aggregate_total,geo_cov_rur,2021,16.486
bih,sex_t,age_aggregate_total,geo_cov_rur,2022,14.467
bih,sex_t,age_aggregate_total,geo_cov_rur,2023,12.421
bih,sex_t,age_aggregate_total,geo_cov_rur,2024,12.299
bih,sex_t,age_aggregate_total,geo_cov_urb,2001,34.944
bih,sex_t,age_aggregate_total,geo_cov_urb,2006,41.198
bih,sex_t,age_aggregate_total,geo_cov_urb,2007,36.805
bih,sex_t,age_aggregate_total,geo_cov_urb,2008,31.365
bih,sex_t,age_aggregate_total,geo_cov_urb,2009,30.9
bih,sex_t,age_aggregate_total,geo_cov_urb,2010,33.64
bih,sex_t,age_aggregate_total,geo_cov_urb,2011,33.95
bih,sex_t,age_aggregate_total,geo_cov_urb,2012,35.075
bih,sex_t,age_aggregate_total,geo_cov_urb,2013,34.877
bih,sex_t,age_aggregate_total,geo_cov_urb,2014,33.94
bih,sex_t,age_aggregate_total,geo_cov_urb,2015,35.333
bih,sex_t,age_aggregate_total,geo_cov_urb,2016,33.685
bih,sex_t,age_aggregate_total,geo_cov_urb,2017,28.348
bih,sex_t,age_aggregate_total,geo_cov_urb,2018,26.944
bih,sex_t,age_aggregate_total,geo_cov_urb,2019,23.666
bih,sex_t,age_aggregate_total,geo_cov_urb,2020,22.432
bih,sex_t,age_aggregate_total,geo_cov_urb,2021,19.891
bih,sex_t,age_aggregate_total,geo_cov_urb,2022,18.109
bih,sex_t,age_aggregate_total,geo_cov_urb,2023,16.132
bih,sex_t,age_aggregate_total,geo_cov_urb,2024,15.241
bih,sex_t,age_aggregate_y15_24,geo_cov_nat,2001,61.683
bih,sex_t,age_aggregate_y15_24,geo_cov_nat,2006,70.469
bih,sex_t,age_aggregate_y15_24,geo_cov_nat,2007,66.71
bih,sex_t,age_aggregate_y15_24,geo_cov_nat,2008,58.008
bih,sex_t,age_aggregate_y15_24,geo_cov_nat,2009,58.142
bih,sex_t,age_aggregate_y15_24,geo_cov_nat,2010,64.419
bih,sex_t,age_aggregate_y15_24,geo_cov_nat,2011,64.648
bih,sex_t,age_aggregate_y15_24,geo_cov_nat,2012,68.976
bih,sex_t,age_aggregate_y15_24,geo_cov_nat,2013,65.951
bih,sex_t,age_aggregate_y15_24,geo_cov_nat,2014,69.304
bih,sex_t,age_aggregate_y15_24,geo_cov_nat,2015,68.082
bih,sex_t,age_aggregate_y15_24,geo_cov_nat,2016,63.088
bih,sex_t,age_aggregate_y15_24,geo_cov_nat,2017,54.396
bih,sex_t,age_aggregate_y15_24,geo_cov_nat,2018,47.427
bih,sex_t,age_aggregate_y15_24,geo_cov_nat,2019,42.054
bih,sex_t,age_aggregate_y15_24,geo_cov_nat,2020,44.769
bih,sex_t,age_aggregate_y15_24,geo_cov_nat,2021,39.002
bih,sex_t,age_aggregate_y15_24,geo_cov_nat,2022,36.777
bih,sex_t,age_aggregate_y15_24,geo_cov_nat,2023,32.681
bih,sex_t,age_aggregate_y15_24,geo_cov_nat,2024,32.809
bih,sex_t,age_aggregate_y15_24,geo_cov_rur,2001,60.865
bih,sex_t,age_aggregate_y15_24,geo_cov_rur,2006,68.916
bih,sex_t,age_aggregate_y15_24,geo_cov_rur,2007,65.276
bih,sex_t,age_aggregate_y15_24,geo_cov_rur,2008,58.829
bih,sex_t,age_aggregate_y15_24,geo_cov_rur,2009,57.122
bih,sex_t,age_aggregate_y15_24,geo_cov_rur,2010,62.953
bih,sex_t,age_aggregate_y15_24,geo_cov_rur,2011,63.294
bih,sex_t,age_aggregate_y15_24,geo_cov_rur,2012,69.119
bih,sex_t,age_aggregate_y15_24,geo_cov_rur,2013,66.188
bih,sex_t,age_aggregate_y15_24,geo_cov_rur,2014,68.236
bih,sex_t,age_aggregate_y15_24,geo_cov_rur,2015,66.219
bih,sex_t,age_aggregate_y15_24,geo_cov_rur,2016,60.639
bih,sex_t,age_aggregate_y15_24,geo_cov_rur,2017,53.58
bih,sex_t,age_aggregate_y15_24,geo_cov_rur,2018,43.147
bih,sex_t,age_aggregate_y15_24,geo_cov_rur,2019,39.872
bih,sex_t,age_aggregate_y15_24,geo_cov_rur,2020,43.066
bih,sex_t,age_aggregate_y15_24,geo_cov_rur,2021,37.283
bih,sex_t,age_aggregate_y15_24,geo_cov_rur,2022,35.845
bih,sex_t,age_aggregate_y15_24,geo_cov_rur,2023,30.966
bih,sex_t,age_aggregate_y15_24,geo_cov_rur,2024,31.137
bih,sex_t,age_aggregate_y15_24,geo_cov_urb,2001,62.793
bih,sex_t,age_aggregate_y15_24,geo_cov_urb,2006,73.21
bih,sex_t,age_aggregate_y15_24,geo_cov_urb,2007,70.069
bih,sex_t,age_aggregate_y15_24,geo_cov_urb,2008,56.253
bih,sex_t,age_aggregate_y15_24,geo_cov_urb,2009,60.429
bih,sex_t,age_aggregate_y15_24,geo_cov_urb,2010,67.191
bih,sex_t,age_aggregate_y15_24,geo_cov_urb,2011,67.06
bih,sex_t,age_aggregate_y15_24,geo_cov_urb,2012,68.709
bih,sex_t,age_aggregate_y15_24,geo_cov_urb,2013,65.506
bih,sex_t,age_aggregate_y15_24,geo_cov_urb,2014,71.555
bih,sex_t,age_aggregate_y15_24,geo_cov_urb,2015,71.786
bih,sex_t,age_aggregate_y15_24,geo_cov_urb,2016,67.945
bih,sex_t,age_aggregate_y15_24,geo_cov_urb,2017,55.887
bih,sex_t,age_aggregate_y15_24,geo_cov_urb,2018,54.42
bih,sex_t,age_aggregate_y15_24,geo_cov_urb,2019,45.609
bih,sex_t,age_aggregate_y15_24,geo_cov_urb,2020,47.545
bih,sex_t,age_aggregate_y15_24,geo_cov_urb,2021,41.95
bih,sex_t,age_aggregate_y15_24,geo_cov_urb,2022,38.578
bih,sex_t,age_aggregate_y15_24,geo_cov_urb,2023,36.682
bih,sex_t,age_aggregate_y15_24,geo_cov_urb,2024,36.605
bih,sex_t,age_aggregate_y25_54,geo_cov_nat,2001,30.599
bih,sex_t,age_aggregate_y25_54,geo_cov_nat,2006,39.901
bih,sex_t,age_aggregate_y25_54,geo_cov_nat,2007,36.314
bih,sex_t,age_aggregate_y25_54,geo_cov_nat,2008,29.548
bih,sex_t,age_aggregate_y25_54,geo_cov_nat,2009,29.668
bih,sex_t,age_aggregate_y25_54,geo_cov_nat,2010,32.596
bih,sex_t,age_aggregate_y25_54,geo_cov_nat,2011,33.354
bih,sex_t,age_aggregate_y25_54,geo_cov_nat,2012,33.808
bih,sex_t,age_aggregate_y25_54,geo_cov_nat,2013,33.781
bih,sex_t,age_aggregate_y25_54,geo_cov_nat,2014,34.098
bih,sex_t,age_aggregate_y25_54,geo_cov_nat,2015,33.667
bih,sex_t,age_aggregate_y25_54,geo_cov_nat,2016,32.395
bih,sex_t,age_aggregate_y25_54,geo_cov_nat,2017,27.224
bih,sex_t,age_aggregate_y25_54,geo_cov_nat,2018,25.297
bih,sex_t,age_aggregate_y25_54,geo_cov_nat,2019,21.823
bih,sex_t,age_aggregate_y25_54,geo_cov_nat,2020,22.414
bih,sex_t,age_aggregate_y25_54,geo_cov_nat,2021,17.252
bih,sex_t,age_aggregate_y25_54,geo_cov_nat,2022,15.505
bih,sex_t,age_aggregate_y25_54,geo_cov_nat,2023,13.741
bih,sex_t,age_aggregate_y25_54,geo_cov_nat,2024,13.277
bih,sex_t,age_aggregate_y25_54,geo_cov_rur,2001,30.407
bih,sex_t,age_aggregate_y25_54,geo_cov_rur,2006,42.166
bih,sex_t,age_aggregate_y25_54,geo_cov_rur,2007,38.422
bih,sex_t,age_aggregate_y25_54,geo_cov_rur,2008,30.048
bih,sex_t,age_aggregate_y25_54,geo_cov_rur,2009,30.716
bih,sex_t,age_aggregate_y25_54,geo_cov_rur,2010,34.191
bih,sex_t,age_aggregate_y25_54,geo_cov_rur,2011,35.236
bih,sex_t,age_aggregate_y25_54,geo_cov_rur,2012,34.997
bih,sex_t,age_aggregate_y25_54,geo_cov_rur,2013,34.615
bih,sex_t,age_aggregate_y25_54,geo_cov_rur,2014,35.9
bih,sex_t,age_aggregate_y25_54,geo_cov_rur,2015,34.256
bih,sex_t,age_aggregate_y25_54,geo_cov_rur,2016,33.573
bih,sex_t,age_aggregate_y25_54,geo_cov_rur,2017,27.667
bih,sex_t,age_aggregate_y25_54,geo_cov_rur,2018,25.658
bih,sex_t,age_aggregate_y25_54,geo_cov_rur,2019,21.547
bih,sex_t,age_aggregate_y25_54,geo_cov_rur,2020,24.088
bih,sex_t,age_aggregate_y25_54,geo_cov_rur,2021,15.944
bih,sex_t,age_aggregate_y25_54,geo_cov_rur,2022,13.925
bih,sex_t,age_aggregate_y25_54,geo_cov_rur,2023,12.099
bih,sex_t,age_aggregate_y25_54,geo_cov_rur,2024,11.876
bih,sex_t,age_aggregate_y25_54,geo_cov_urb,2001,30.804
bih,sex_t,age_aggregate_y25_54,geo_cov_urb,2006,37.06
bih,sex_t,age_aggregate_y25_54,geo_cov_urb,2007,33.27
bih,sex_t,age_aggregate_y25_54,geo_cov_urb,2008,28.802
bih,sex_t,age_aggregate_y25_54,geo_cov_urb,2009,28.094
bih,sex_t,age_aggregate_y25_54,geo_cov_urb,2010,30.637
bih,sex_t,age_aggregate_y25_54,geo_cov_urb,2011,31.014
bih,sex_t,age_aggregate_y25_54,geo_cov_urb,2012,32.309
bih,sex_t,age_aggregate_y25_54,geo_cov_urb,2013,32.758
bih,sex_t,age_aggregate_y25_54,geo_cov_urb,2014,31.957
bih,sex_t,age_aggregate_y25_54,geo_cov_urb,2015,32.95
bih,sex_t,age_aggregate_y25_54,geo_cov_urb,2016,30.902
bih,sex_t,age_aggregate_y25_54,geo_cov_urb,2017,26.677
bih,sex_t,age_aggregate_y25_54,geo_cov_urb,2018,24.857
bih,sex_t,age_aggregate_y25_54,geo_cov_urb,2019,22.144
bih,sex_t,age_aggregate_y25_54,geo_cov_urb,2020,20.479
bih,sex_t,age_aggregate_y25_54,geo_cov_urb,2021,18.717
bih,sex_t,age_aggregate_y25_54,geo_cov_urb,2022,17.314
bih,sex_t,age_aggregate_y25_54,geo_cov_urb,2023,15.655
bih,sex_t,age_aggregate_y25_54,geo_cov_urb,2024,14.836
bih,sex_t,age_aggregate_y55_64,geo_cov_nat,2001,21.25
bih,sex_t,age_aggregate_y55_64,geo_cov_nat,2006,29.483
bih,sex_t,age_aggregate_y55_64,geo_cov_nat,2007,26.818
bih,sex_t,age_aggregate_y55_64,geo_cov_nat,2008,21.895
bih,sex_t,age_aggregate_y55_64,geo_cov_nat,2009,22.465
bih,sex_t,age_aggregate_y55_64,geo_cov_nat,2010,22.65
bih,sex_t,age_aggregate_y55_64,geo_cov_nat,2011,25.112
bih,sex_t,age_aggregate_y55_64,geo_cov_nat,2012,26.327
bih,sex_t,age_aggregate_y55_64,geo_cov_nat,2013,26.553
bih,sex_t,age_aggregate_y55_64,geo_cov_nat,2014,26.193
bih,sex_t,age_aggregate_y55_64,geo_cov_nat,2015,27.534
bih,sex_t,age_aggregate_y55_64,geo_cov_nat,2016,25.42
bih,sex_t,age_aggregate_y55_64,geo_cov_nat,2017,20.318
bih,sex_t,age_aggregate_y55_64,geo_cov_nat,2018,20.696
bih,sex_t,age_aggregate_y55_64,geo_cov_nat,2019,16.401
bih,sex_t,age_aggregate_y55_64,geo_cov_nat,2020,18.827
bih,sex_t,age_aggregate_y55_64,geo_cov_nat,2021,12.114
bih,sex_t,age_aggregate_y55_64,geo_cov_nat,2022,11.254
bih,sex_t,age_aggregate_y55_64,geo_cov_nat,2023,10.414
bih,sex_t,age_aggregate_y55_64,geo_cov_nat,2024,10.623
bih,sex_t,age_aggregate_y55_64,geo_cov_rur,2001,18.878
bih,sex_t,age_aggregate_y55_64,geo_cov_rur,2006,27.567
bih,sex_t,age_aggregate_y55_64,geo_cov_rur,2007,26.573
bih,sex_t,age_aggregate_y55_64,geo_cov_rur,2008,21.746
bih,sex_t,age_aggregate_y55_64,geo_cov_rur,2009,23.123
bih,sex_t,age_aggregate_y55_64,geo_cov_rur,2010,20.567
bih,sex_t,age_aggregate_y55_64,geo_cov_rur,2011,23.539
bih,sex_t,age_aggregate_y55_64,geo_cov_rur,2012,24.242
bih,sex_t,age_aggregate_y55_64,geo_cov_rur,2013,25.987
bih,sex_t,age_aggregate_y55_64,geo_cov_rur,2014,28.663
bih,sex_t,age_aggregate_y55_64,geo_cov_rur,2015,29.248
bih,sex_t,age_aggregate_y55_64,geo_cov_rur,2016,24.326
bih,sex_t,age_aggregate_y55_64,geo_cov_rur,2017,19.23
bih,sex_t,age_aggregate_y55_64,geo_cov_rur,2018,20.069
bih,sex_t,age_aggregate_y55_64,geo_cov_rur,2019,14.106
bih,sex_t,age_aggregate_y55_64,geo_cov_rur,2020,19.322
bih,sex_t,age_aggregate_y55_64,geo_cov_rur,2021,9.431
bih,sex_t,age_aggregate_y55_64,geo_cov_rur,2022,8.841
bih,sex_t,age_aggregate_y55_64,geo_cov_rur,2023,8.706
bih,sex_t,age_aggregate_y55_64,geo_cov_rur,2024,9.543
bih,sex_t,age_aggregate_y55_64,geo_cov_urb,2001,24.214
bih,sex_t,age_aggregate_y55_64,geo_cov_urb,2006,31.618
bih,sex_t,age_aggregate_y55_64,geo_cov_urb,2007,27.131
bih,sex_t,age_aggregate_y55_64,geo_cov_urb,2008,22.124
bih,sex_t,age_aggregate_y55_64,geo_cov_urb,2009,21.48
bih,sex_t,age_aggregate_y55_64,geo_cov_urb,2010,24.83
bih,sex_t,age_aggregate_y55_64,geo_cov_urb,2011,26.653
bih,sex_t,age_aggregate_y55_64,geo_cov_urb,2012,28.478
bih,sex_t,age_aggregate_y55_64,geo_cov_urb,2013,27.164
bih,sex_t,age_aggregate_y55_64,geo_cov_urb,2014,23.295
bih,sex_t,age_aggregate_y55_64,geo_cov_urb,2015,25.603
bih,sex_t,age_aggregate_y55_64,geo_cov_urb,2016,26.77
bih,sex_t,age_aggregate_y55_64,geo_cov_urb,2017,21.515
bih,sex_t,age_aggregate_y55_64,geo_cov_urb,2018,21.359
bih,sex_t,age_aggregate_y55_64,geo_cov_urb,2019,19.181
bih,sex_t,age_aggregate_y55_64,geo_cov_urb,2020,18.237
bih,sex_t,age_aggregate_y55_64,geo_cov_urb,2021,15.698
bih,sex_t,age_aggregate_y55_64,geo_cov_urb,2022,14.62
bih,sex_t,age_aggregate_y55_64,geo_cov_urb,2023,13.089
bih,sex_t,age_aggregate_y55_64,geo_cov_urb,2024,12.223
bih,sex_t,age_aggregate_yge65,geo_cov_nat,2001,7.481
bih,sex_t,age_aggregate_yge65,geo_cov_nat,2006,12.299
bih,sex_t,age_aggregate_yge65,geo_cov_nat,2007,10.102
bih,sex_t,age_aggregate_yge65,geo_cov_nat,2008,3.948
bih,sex_t,age_aggregate_yge65,geo_cov_nat,2009,8.1
bih,sex_t,age_aggregate_yge65,geo_cov_nat,2010,6.954
bih,sex_t,age_aggregate_yge65,geo_cov_nat,2011,14.808
bih,sex_t,age_aggregate_yge65,geo_cov_nat,2012,10.187
bih,sex_t,age_aggregate_yge65,geo_cov_nat,2013,11.555
bih,sex_t,age_aggregate_yge65,geo_cov_nat,2014,12.51
bih,sex_t,age_aggregate_yge65,geo_cov_nat,2015,12.347
bih,sex_t,age_aggregate_yge65,geo_cov_nat,2016,17.901
bih,sex_t,age_aggregate_yge65,geo_cov_nat,2017,7.618
bih,sex_t,age_aggregate_yge65,geo_cov_nat,2018,11.57
bih,sex_t,age_aggregate_yge65,geo_cov_nat,2019,6.016
bih,sex_t,age_aggregate_yge65,geo_cov_nat,2020,4.198
bih,sex_t,age_aggregate_yge65,geo_cov_nat,2021,4.453
bih,sex_t,age_aggregate_yge65,geo_cov_nat,2022,2.966
bih,sex_t,age_aggregate_yge65,geo_cov_nat,2023,2.59
bih,sex_t,age_aggregate_yge65,geo_cov_nat,2024,2.437
bih,sex_t,age_aggregate_yge65,geo_cov_rur,2001,5.605
bih,sex_t,age_aggregate_yge65,geo_cov_rur,2006,6.258
bih,sex_t,age_aggregate_yge65,geo_cov_rur,2007,5.214
bih,sex_t,age_aggregate_yge65,geo_cov_rur,2008,2.626
bih,sex_t,age_aggregate_yge65,geo_cov_rur,2009,5.592
bih,sex_t,age_aggregate_yge65,geo_cov_rur,2010,2.724
bih,sex_t,age_aggregate_yge65,geo_cov_rur,2011,11.576
bih,sex_t,age_aggregate_yge65,geo_cov_rur,2012,7.713
bih,sex_t,age_aggregate_yge65,geo_cov_rur,2013,7.237
bih,sex_t,age_aggregate_yge65,geo_cov_rur,2014,5.608
bih,sex_t,age_aggregate_yge65,geo_cov_rur,2015,8.569
bih,sex_t,age_aggregate_yge65,geo_cov_rur,2016,10.995
bih,sex_t,age_aggregate_yge65,geo_cov_rur,2017,3.323
bih,sex_t,age_aggregate_yge65,geo_cov_rur,2018,8.765
bih,sex_t,age_aggregate_yge65,geo_cov_rur,2019,3.922
bih,sex_t,age_aggregate_yge65,geo_cov_rur,2020,2.536
bih,sex_t,age_aggregate_yge65,geo_cov_rur,2021,3.601
bih,sex_t,age_aggregate_yge65,geo_cov_rur,2022,1.746
bih,sex_t,age_aggregate_yge65,geo_cov_rur,2023,1.545
bih,sex_t,age_aggregate_yge65,geo_cov_rur,2024,1.3
bih,sex_t,age_aggregate_yge65,geo_cov_urb,2001,9.903
bih,sex_t,age_aggregate_yge65,geo_cov_urb,2006,51.269
bih,sex_t,age_aggregate_yge65,geo_cov_urb,2007,38.584
bih,sex_t,age_aggregate_yge65,geo_cov_urb,2008,19.113
bih,sex_t,age_aggregate_yge65,geo_cov_urb,2009,22.454
bih,sex_t,age_aggregate_yge65,geo_cov_urb,2010,29.501
bih,sex_t,age_aggregate_yge65,geo_cov_urb,2011,31.329
bih,sex_t,age_aggregate_yge65,geo_cov_urb,2012,27.4
bih,sex_t,age_aggregate_yge65,geo_cov_urb,2013,30.436
bih,sex_t,age_aggregate_yge65,geo_cov_urb,2014,32.963
bih,sex_t,age_aggregate_yge65,geo_cov_urb,2015,31.834
bih,sex_t,age_aggregate_yge65,geo_cov_urb,2016,45.159
bih,sex_t,age_aggregate_yge65,geo_cov_urb,2017,21.237
bih,sex_t,age_aggregate_yge65,geo_cov_urb,2018,18.204
bih,sex_t,age_aggregate_yge65,geo_cov_urb,2019,14.373
bih,sex_t,age_aggregate_yge65,geo_cov_urb,2020,11.092
bih,sex_t,age_aggregate_yge65,geo_cov_urb,2021,8.785
bih,sex_t,age_aggregate_yge65,geo_cov_urb,2022,9.46
bih,sex_t,age_aggregate_yge65,geo_cov_urb,2023,8.136
bih,sex_t,age_aggregate_yge65,geo_cov_urb,2024,8.008
bih,sex_t,age_ythadult_y15_24,geo_cov_nat,2001,61.683
bih,sex_t,age_ythadult_y15_24,geo_cov_nat,2006,70.469
bih,sex_t,age_ythadult_y15_24,geo_cov_nat,2007,66.71
bih,sex_t,age_ythadult_y15_24,geo_cov_nat,2008,58.008
bih,sex_t,age_ythadult_y15_24,geo_cov_nat,2009,58.142
bih,sex_t,age_ythadult_y15_24,geo_cov_nat,2010,64.419
bih,sex_t,age_ythadult_y15_24,geo_cov_nat,2011,64.648
bih,sex_t,age_ythadult_y15_24,geo_cov_nat,2012,68.976
bih,sex_t,age_ythadult_y15_24,geo_cov_nat,2013,65.951
bih,sex_t,age_ythadult_y15_24,geo_cov_nat,2014,69.304
bih,sex_t,age_ythadult_y15_24,geo_cov_nat,2015,68.082
bih,sex_t,age_ythadult_y15_24,geo_cov_nat,2016,63.088
bih,sex_t,age_ythadult_y15_24,geo_cov_nat,2017,54.396
bih,sex_t,age_ythadult_y15_24,geo_cov_nat,2018,47.427
bih,sex_t,age_ythadult_y15_24,geo_cov_nat,2019,42.054
bih,sex_t,age_ythadult_y15_24,geo_cov_nat,2020,44.769
bih,sex_t,age_ythadult_y15_24,geo_cov_nat,2021,39.002
bih,sex_t,age_ythadult_y15_24,geo_cov_nat,2022,36.777
bih,sex_t,age_ythadult_y15_24,geo_cov_nat,2023,32.681
bih,sex_t,age_ythadult_y15_24,geo_cov_nat,2024,32.809
bih,sex_t,age_ythadult_y15_24,geo_cov_rur,2001,60.865
bih,sex_t,age_ythadult_y15_24,geo_cov_rur,2006,68.916
bih,sex_t,age_ythadult_y15_24,geo_cov_rur,2007,65.276
bih,sex_t,age_ythadult_y15_24,geo_cov_rur,2008,58.829
bih,sex_t,age_ythadult_y15_24,geo_cov_rur,2009,57.122
bih,sex_t,age_ythadult_y15_24,geo_cov_rur,2010,62.953
bih,sex_t,age_ythadult_y15_24,geo_cov_rur,2011,63.294
bih,sex_t,age_ythadult_y15_24,geo_cov_rur,2012,69.119
bih,sex_t,age_ythadult_y15_24,geo_cov_rur,2013,66.188
bih,sex_t,age_ythadult_y15_24,geo_cov_rur,2014,68.236
bih,sex_t,age_ythadult_y15_24,geo_cov_rur,2015,66.219
bih,sex_t,age_ythadult_y15_24,geo_cov_rur,2016,60.639
bih,sex_t,age_ythadult_y15_24,geo_cov_rur,2017,53.58
bih,sex_t,age_ythadult_y15_24,geo_cov_rur,2018,43.147
bih,sex_t,age_ythadult_y15_24,geo_cov_rur,2019,39.872
bih,sex_t,age_ythadult_y15_24,geo_cov_rur,2020,43.066
bih,sex_t,age_ythadult_y15_24,geo_cov_rur,2021,37.283
bih,sex_t,age_ythadult_y15_24,geo_cov_rur,2022,35.845
bih,sex_t,age_ythadult_y15_24,geo_cov_rur,2023,30.966
bih,sex_t,age_ythadult_y15_24,geo_cov_rur,2024,31.137
bih,sex_t,age_ythadult_y15_24,geo_cov_urb,2001,62.793
bih,sex_t,age_ythadult_y15_24,geo_cov_urb,2006,73.21
bih,sex_t,age_ythadult_y15_24,geo_cov_urb,2007,70.069
bih,sex_t,age_ythadult_y15_24,geo_cov_urb,2008,56.253
bih,sex_t,age_ythadult_y15_24,geo_cov_urb,2009,60.429
bih,sex_t,age_ythadult_y15_24,geo_cov_urb,2010,67.191
bih,sex_t,age_ythadult_y15_24,geo_cov_urb,2011,67.06
bih,sex_t,age_ythadult_y15_24,geo_cov_urb,2012,68.709
bih,sex_t,age_ythadult_y15_24,geo_cov_urb,2013,65.506
bih,sex_t,age_ythadult_y15_24,geo_cov_urb,2014,71.555
bih,sex_t,age_ythadult_y15_24,geo_cov_urb,2015,71.786
bih,sex_t,age_ythadult_y15_24,geo_cov_urb,2016,67.945
bih,sex_t,age_ythadult_y15_24,geo_cov_urb,2017,55.887
bih,sex_t,age_ythadult_y15_24,geo_cov_urb,2018,54.42
bih,sex_t,age_ythadult_y15_24,geo_cov_urb,2019,45.609
bih,sex_t,age_ythadult_y15_24,geo_cov_urb,2020,47.545
bih,sex_t,age_ythadult_y15_24,geo_cov_urb,2021,41.95
bih,sex_t,age_ythadult_y15_24,geo_cov_urb,2022,38.578
bih,sex_t,age_ythadult_y15_24,geo_cov_urb,2023,36.682
bih,sex_t,age_ythadult_y15_24,geo_cov_urb,2024,36.605
bih,sex_t,age_ythadult_y15_64,geo_cov_nat,2001,35.391
bih,sex_t,age_ythadult_y15_64,geo_cov_nat,2006,43.656
bih,sex_t,age_ythadult_y15_64,geo_cov_nat,2007,39.977
bih,sex_t,age_ythadult_y15_64,geo_cov_nat,2008,32.946
bih,sex_t,age_ythadult_y15_64,geo_cov_nat,2009,32.869
bih,sex_t,age_ythadult_y15_64,geo_cov_nat,2010,35.653
bih,sex_t,age_ythadult_y15_64,geo_cov_nat,2011,36.165
bih,sex_t,age_ythadult_y15_64,geo_cov_nat,2012,36.968
bih,sex_t,age_ythadult_y15_64,geo_cov_nat,2013,36.515
bih,sex_t,age_ythadult_y15_64,geo_cov_nat,2014,36.966
bih,sex_t,age_ythadult_y15_64,geo_cov_nat,2015,36.892
bih,sex_t,age_ythadult_y15_64,geo_cov_nat,2016,34.857
bih,sex_t,age_ythadult_y15_64,geo_cov_nat,2017,29.216
bih,sex_t,age_ythadult_y15_64,geo_cov_nat,2018,27.064
bih,sex_t,age_ythadult_y15_64,geo_cov_nat,2019,23.071
bih,sex_t,age_ythadult_y15_64,geo_cov_nat,2020,24.238
bih,sex_t,age_ythadult_y15_64,geo_cov_nat,2021,18.469
bih,sex_t,age_ythadult_y15_64,geo_cov_nat,2022,16.536
bih,sex_t,age_ythadult_y15_64,geo_cov_nat,2023,14.465
bih,sex_t,age_ythadult_y15_64,geo_cov_nat,2024,14.028
bih,sex_t,age_ythadult_y15_64,geo_cov_rur,2001,35.341
bih,sex_t,age_ythadult_y15_64,geo_cov_rur,2006,45.592
bih,sex_t,age_ythadult_y15_64,geo_cov_rur,2007,42.061
bih,sex_t,age_ythadult_y15_64,geo_cov_rur,2008,33.914
bih,sex_t,age_ythadult_y15_64,geo_cov_rur,2009,34.074
bih,sex_t,age_ythadult_y15_64,geo_cov_rur,2010,37.212
bih,sex_t,age_ythadult_y15_64,geo_cov_rur,2011,37.908
bih,sex_t,age_ythadult_y15_64,geo_cov_rur,2012,38.401
bih,sex_t,age_ythadult_y15_64,geo_cov_rur,2013,37.783
bih,sex_t,age_ythadult_y15_64,geo_cov_rur,2014,39.355
bih,sex_t,age_ythadult_y15_64,geo_cov_rur,2015,38.095
bih,sex_t,age_ythadult_y15_64,geo_cov_rur,2016,35.825
bih,sex_t,age_ythadult_y15_64,geo_cov_rur,2017,29.814
bih,sex_t,age_ythadult_y15_64,geo_cov_rur,2018,27.029
bih,sex_t,age_ythadult_y15_64,geo_cov_rur,2019,22.428
bih,sex_t,age_ythadult_y15_64,geo_cov_rur,2020,25.658
bih,sex_t,age_ythadult_y15_64,geo_cov_rur,2021,17.166
bih,sex_t,age_ythadult_y15_64,geo_cov_rur,2022,15.171
bih,sex_t,age_ythadult_y15_64,geo_cov_rur,2023,13.075
bih,sex_t,age_ythadult_y15_64,geo_cov_rur,2024,12.947
bih,sex_t,age_ythadult_y15_64,geo_cov_urb,2001,35.447
bih,sex_t,age_ythadult_y15_64,geo_cov_urb,2006,41.129
bih,sex_t,age_ythadult_y15_64,geo_cov_urb,2007,36.79
bih,sex_t,age_ythadult_y15_64,geo_cov_urb,2008,31.423
bih,sex_t,age_ythadult_y15_64,geo_cov_urb,2009,30.96
bih,sex_t,age_ythadult_y15_64,geo_cov_urb,2010,33.669
bih,sex_t,age_ythadult_y15_64,geo_cov_urb,2011,33.966
bih,sex_t,age_ythadult_y15_64,geo_cov_urb,2012,35.124
bih,sex_t,age_ythadult_y15_64,geo_cov_urb,2013,34.913
bih,sex_t,age_ythadult_y15_64,geo_cov_urb,2014,33.953
bih,sex_t,age_ythadult_y15_64,geo_cov_urb,2015,35.359
bih,sex_t,age_ythadult_y15_64,geo_cov_urb,2016,33.573
bih,sex_t,age_ythadult_y15_64,geo_cov_urb,2017,28.459
bih,sex_t,age_ythadult_y15_64,geo_cov_urb,2018,27.108
bih,sex_t,age_ythadult_y15_64,geo_cov_urb,2019,23.854
bih,sex_t,age_ythadult_y15_64,geo_cov_urb,2020,22.531
bih,sex_t,age_ythadult_y15_64,geo_cov_urb,2021,20.029
bih,sex_t,age_ythadult_y15_64,geo_cov_urb,2022,18.22
bih,sex_t,age_ythadult_y15_64,geo_cov_urb,2023,16.249
bih,sex_t,age_ythadult_y15_64,geo_cov_urb,2024,15.347
bih,sex_t,age_ythadult_yge15,geo_cov_nat,2001,34.801
bih,sex_t,age_ythadult_yge15,geo_cov_nat,2006,42.977
bih,sex_t,age_ythadult_yge15,geo_cov_nat,2007,39.31
bih,sex_t,age_ythadult_yge15,geo_cov_nat,2008,32.292
bih,sex_t,age_ythadult_yge15,geo_cov_nat,2009,32.422
bih,sex_t,age_ythadult_yge15,geo_cov_nat,2010,35.115
bih,sex_t,age_ythadult_yge15,geo_cov_nat,2011,35.812
bih,sex_t,age_ythadult_yge15,geo_cov_nat,2012,36.388
bih,sex_t,age_ythadult_yge15,geo_cov_nat,2013,36.045
bih,sex_t,age_ythadult_yge15,geo_cov_nat,2014,36.427
bih,sex_t,age_ythadult_yge15,geo_cov_nat,2015,36.398
bih,sex_t,age_ythadult_yge15,geo_cov_nat,2016,34.511
bih,sex_t,age_ythadult_yge15,geo_cov_nat,2017,28.611
bih,sex_t,age_ythadult_yge15,geo_cov_nat,2018,26.638
bih,sex_t,age_ythadult_yge15,geo_cov_nat,2019,22.328
bih,sex_t,age_ythadult_yge15,geo_cov_nat,2020,23.838
bih,sex_t,age_ythadult_yge15,geo_cov_nat,2021,18.002
bih,sex_t,age_ythadult_yge15,geo_cov_nat,2022,16.061
bih,sex_t,age_ythadult_yge15,geo_cov_nat,2023,14.007
bih,sex_t,age_ythadult_yge15,geo_cov_nat,2024,13.593
bih,sex_t,age_ythadult_yge15,geo_cov_rur,2001,34.675
bih,sex_t,age_ythadult_yge15,geo_cov_rur,2006,44.304
bih,sex_t,age_ythadult_yge15,geo_cov_rur,2007,40.91
bih,sex_t,age_ythadult_yge15,geo_cov_rur,2008,32.864
bih,sex_t,age_ythadult_yge15,geo_cov_rur,2009,33.366
bih,sex_t,age_ythadult_yge15,geo_cov_rur,2010,36.249
bih,sex_t,age_ythadult_yge15,geo_cov_rur,2011,37.262
bih,sex_t,age_ythadult_yge15,geo_cov_rur,2012,37.381
bih,sex_t,age_ythadult_yge15,geo_cov_rur,2013,36.952
bih,sex_t,age_ythadult_yge15,geo_cov_rur,2014,38.366
bih,sex_t,age_ythadult_yge15,geo_cov_rur,2015,37.215
bih,sex_t,age_ythadult_yge15,geo_cov_rur,2016,35.121
bih,sex_t,age_ythadult_yge15,geo_cov_rur,2017,28.814
bih,sex_t,age_ythadult_yge15,geo_cov_rur,2018,26.393
bih,sex_t,age_ythadult_yge15,geo_cov_rur,2019,21.278
bih,sex_t,age_ythadult_yge15,geo_cov_rur,2020,24.983
bih,sex_t,age_ythadult_yge15,geo_cov_rur,2021,16.486
bih,sex_t,age_ythadult_yge15,geo_cov_rur,2022,14.467
bih,sex_t,age_ythadult_yge15,geo_cov_rur,2023,12.421
bih,sex_t,age_ythadult_yge15,geo_cov_rur,2024,12.299
bih,sex_t,age_ythadult_yge15,geo_cov_urb,2001,34.944
bih,sex_t,age_ythadult_yge15,geo_cov_urb,2006,41.198
bih,sex_t,age_ythadult_yge15,geo_cov_urb,2007,36.805
bih,sex_t,age_ythadult_yge15,geo_cov_urb,2008,31.365
bih,sex_t,age_ythadult_yge15,geo_cov_urb,2009,30.9
bih,sex_t,age_ythadult_yge15,geo_cov_urb,2010,33.64
bih,sex_t,age_ythadult_yge15,geo_cov_urb,2011,33.95
bih,sex_t,age_ythadult_yge15,geo_cov_urb,2012,35.075
bih,sex_t,age_ythadult_yge15,geo_cov_urb,2013,34.877
bih,sex_t,age_ythadult_yge15,geo_cov_urb,2014,33.94
bih,sex_t,age_ythadult_yge15,geo_cov_urb,2015,35.333
bih,sex_t,age_ythadult_yge15,geo_cov_urb,2016,33.685
bih,sex_t,age_ythadult_yge15,geo_cov_urb,2017,28.348
bih,sex_t,age_ythadult_yge15,geo_cov_urb,2018,26.944
bih,sex_t,age_ythadult_yge15,geo_cov_urb,2019,23.666
bih,sex_t,age_ythadult_yge15,geo_cov_urb,2020,22.432
bih,sex_t,age_ythadult_yge15,geo_cov_urb,2021,19.891
bih,sex_t,age_ythadult_yge15,geo_cov_urb,2022,18.109
bih,sex_t,age_ythadult_yge15,geo_cov_urb,2023,16.132
bih,sex_t,age_ythadult_yge15,geo_cov_urb,2024,15.241
bih,sex_t,age_ythadult_yge25,geo_cov_nat,2001,29.202
bih,sex_t,age_ythadult_yge25,geo_cov_nat,2006,38.196
bih,sex_t,age_ythadult_yge25,geo_cov_nat,2007,34.681
bih,sex_t,age_ythadult_yge25,geo_cov_nat,2008,28.071
bih,sex_t,age_ythadult_yge25,geo_cov_nat,2009,28.382
bih,sex_t,age_ythadult_yge25,geo_cov_nat,2010,30.85
bih,sex_t,age_ythadult_yge25,geo_cov_nat,2011,31.93
bih,sex_t,age_ythadult_yge25,geo_cov_nat,2012,32.275
bih,sex_t,age_ythadult_yge25,geo_cov_nat,2013,32.295
bih,sex_t,age_ythadult_yge25,geo_cov_nat,2014,32.354
bih,sex_t,age_ythadult_yge25,geo_cov_nat,2015,32.234
bih,sex_t,age_ythadult_yge25,geo_cov_nat,2016,30.856
bih,sex_t,age_ythadult_yge25,geo_cov_nat,2017,25.28
bih,sex_t,age_ythadult_yge25,geo_cov_nat,2018,23.959
bih,sex_t,age_ythadult_yge25,geo_cov_nat,2019,19.824
bih,sex_t,age_ythadult_yge25,geo_cov_nat,2020,21.439
bih,sex_t,age_ythadult_yge25,geo_cov_nat,2021,15.898
bih,sex_t,age_ythadult_yge25,geo_cov_nat,2022,14.29
bih,sex_t,age_ythadult_yge25,geo_cov_nat,2023,12.68
bih,sex_t,age_ythadult_yge25,geo_cov_nat,2024,12.37
bih,sex_t,age_ythadult_yge25,geo_cov_rur,2001,28.668
bih,sex_t,age_ythadult_yge25,geo_cov_rur,2006,39.438
bih,sex_t,age_ythadult_yge25,geo_cov_rur,2007,36.06
bih,sex_t,age_ythadult_yge25,geo_cov_rur,2008,28.088
bih,sex_t,age_ythadult_yge25,geo_cov_rur,2009,29.105
bih,sex_t,age_ythadult_yge25,geo_cov_rur,2010,31.646
bih,sex_t,age_ythadult_yge25,geo_cov_rur,2011,33.194
bih,sex_t,age_ythadult_yge25,geo_cov_rur,2012,32.707
bih,sex_t,age_ythadult_yge25,geo_cov_rur,2013,32.621
bih,sex_t,age_ythadult_yge25,geo_cov_rur,2014,33.784
bih,sex_t,age_ythadult_yge25,geo_cov_rur,2015,32.628
bih,sex_t,age_ythadult_yge25,geo_cov_rur,2016,31.271
bih,sex_t,age_ythadult_yge25,geo_cov_rur,2017,25.08
bih,sex_t,age_ythadult_yge25,geo_cov_rur,2018,23.944
bih,sex_t,age_ythadult_yge25,geo_cov_rur,2019,18.633
bih,sex_t,age_ythadult_yge25,geo_cov_rur,2020,22.62
bih,sex_t,age_ythadult_yge25,geo_cov_rur,2021,14.08
bih,sex_t,age_ythadult_yge25,geo_cov_rur,2022,12.294
bih,sex_t,age_ythadult_yge25,geo_cov_rur,2023,10.785
bih,sex_t,age_ythadult_yge25,geo_cov_rur,2024,10.789
bih,sex_t,age_ythadult_yge25,geo_cov_urb,2001,29.787
bih,sex_t,age_ythadult_yge25,geo_cov_urb,2006,36.605
bih,sex_t,age_ythadult_yge25,geo_cov_urb,2007,32.656
bih,sex_t,age_ythadult_yge25,geo_cov_urb,2008,28.046
bih,sex_t,age_ythadult_yge25,geo_cov_urb,2009,27.27
bih,sex_t,age_ythadult_yge25,geo_cov_urb,2010,29.866
bih,sex_t,age_ythadult_yge25,geo_cov_urb,2011,30.373
bih,sex_t,age_ythadult_yge25,geo_cov_urb,2012,31.727
bih,sex_t,age_ythadult_yge25,geo_cov_urb,2013,31.895
bih,sex_t,age_ythadult_yge25,geo_cov_urb,2014,30.623
bih,sex_t,age_ythadult_yge25,geo_cov_urb,2015,31.747
bih,sex_t,age_ythadult_yge25,geo_cov_urb,2016,30.322
bih,sex_t,age_ythadult_yge25,geo_cov_urb,2017,25.529
bih,sex_t,age_ythadult_yge25,geo_cov_urb,2018,23.978
bih,sex_t,age_ythadult_yge25,geo_cov_urb,2019,21.298
bih,sex_t,age_ythadult_yge25,geo_cov_urb,2020,20.035
bih,sex_t,age_ythadult_yge25,geo_cov_urb,2021,18.093
bih,sex_t,age_ythadult_yge25,geo_cov_urb,2022,16.77
bih,sex_t,age_ythadult_yge25,geo_cov_urb,2023,15.128
bih,sex_t,age_ythadult_yge25,geo_cov_urb,2024,14.314
blr,sex_f,age_aggregate_total,geo_cov_nat,2017,6.755
blr,sex_f,age_aggregate_total,geo_cov_nat,2018,6.177
blr,sex_f,age_aggregate_total,geo_cov_nat,2019,5.372
blr,sex_f,age_aggregate_total,geo_cov_nat,2020,5.68
blr,sex_f,age_aggregate_total,geo_cov_nat,2021,5.601
blr,sex_f,age_aggregate_total,geo_cov_nat,2022,5.028
blr,sex_f,age_aggregate_total,geo_cov_nat,2023,4.567
blr,sex_f,age_aggregate_total,geo_cov_nat,2024,3.963
blr,sex_f,age_aggregate_total,geo_cov_rur,2017,6.449
blr,sex_f,age_aggregate_total,geo_cov_rur,2018,5.442
blr,sex_f,age_aggregate_total,geo_cov_rur,2019,4.414
blr,sex_f,age_aggregate_total,geo_cov_rur,2020,5.435
blr,sex_f,age_aggregate_total,geo_cov_rur,2021,5.316
blr,sex_f,age_aggregate_total,geo_cov_rur,2022,5.666
blr,sex_f,age_aggregate_total,geo_cov_rur,2023,5.936
blr,sex_f,age_aggregate_total,geo_cov_rur,2024,4.354
blr,sex_f,age_aggregate_total,geo_cov_urb,2017,6.826
blr,sex_f,age_aggregate_total,geo_cov_urb,2018,6.345
blr,sex_f,age_aggregate_total,geo_cov_urb,2019,5.586
blr,sex_f,age_aggregate_total,geo_cov_urb,2020,5.735
blr,sex_f,age_aggregate_total,geo_cov_urb,2021,5.672
blr,sex_f,age_aggregate_total,geo_cov_urb,2022,4.873
blr,sex_f,age_aggregate_total,geo_cov_urb,2023,4.243
blr,sex_f,age_aggregate_total,geo_cov_urb,2024,3.872
blr,sex_f,age_aggregate_y15_24,geo_cov_nat,2017,12.356
blr,sex_f,age_aggregate_y15_24,geo_cov_nat,2018,14.76
blr,sex_f,age_aggregate_y15_24,geo_cov_nat,2019,13.024
blr,sex_f,age_aggregate_y15_24,geo_cov_nat,2020,16.348
blr,sex_f,age_aggregate_y15_24,geo_cov_nat,2021,14.397
blr,sex_f,age_aggregate_y15_24,geo_cov_nat,2022,14.82
blr,sex_f,age_aggregate_y15_24,geo_cov_nat,2023,14.885
blr,sex_f,age_aggregate_y15_24,geo_cov_nat,2024,12.032
blr,sex_f,age_aggregate_y15_24,geo_cov_rur,2017,7.869
blr,sex_f,age_aggregate_y15_24,geo_cov_rur,2018,10.044
blr,sex_f,age_aggregate_y15_24,geo_cov_rur,2019,10.497
blr,sex_f,age_aggregate_y15_24,geo_cov_rur,2020,15.247
blr,sex_f,age_aggregate_y15_24,geo_cov_rur,2021,12.306
blr,sex_f,age_aggregate_y15_24,geo_cov_rur,2022,11.683
blr,sex_f,age_aggregate_y15_24,geo_cov_rur,2023,15.911
blr,sex_f,age_aggregate_y15_24,geo_cov_rur,2024,11.668
blr,sex_f,age_aggregate_y15_24,geo_cov_urb,2017,13.119
blr,sex_f,age_aggregate_y15_24,geo_cov_urb,2018,15.568
blr,sex_f,age_aggregate_y15_24,geo_cov_urb,2019,13.441
blr,sex_f,age_aggregate_y15_24,geo_cov_urb,2020,16.58
blr,sex_f,age_aggregate_y15_24,geo_cov_urb,2021,14.874
blr,sex_f,age_aggregate_y15_24,geo_cov_urb,2022,15.495
blr,sex_f,age_aggregate_y15_24,geo_cov_urb,2023,14.68
blr,sex_f,age_aggregate_y15_24,geo_cov_urb,2024,12.095
blr,sex_f,age_aggregate_y25_54,geo_cov_nat,2017,4.602
blr,sex_f,age_aggregate_y25_54,geo_cov_nat,2018,3.899
blr,sex_f,age_aggregate_y25_54,geo_cov_nat,2019,3.796
blr,sex_f,age_aggregate_y25_54,geo_cov_nat,2020,3.74
blr,sex_f,age_aggregate_y25_54,geo_cov_nat,2021,3.596
blr,sex_f,age_aggregate_y25_54,geo_cov_nat,2022,3.342
blr,sex_f,age_aggregate_y25_54,geo_cov_nat,2023,3.162
blr,sex_f,age_aggregate_y25_54,geo_cov_nat,2024,2.989
blr,sex_f,age_aggregate_y25_54,geo_cov_rur,2017,5.004
blr,sex_f,age_aggregate_y25_54,geo_cov_rur,2018,4.025
blr,sex_f,age_aggregate_y25_54,geo_cov_rur,2019,3.735
blr,sex_f,age_aggregate_y25_54,geo_cov_rur,2020,3.889
blr,sex_f,age_aggregate_y25_54,geo_cov_rur,2021,3.372
blr,sex_f,age_aggregate_y25_54,geo_cov_rur,2022,3.855
blr,sex_f,age_aggregate_y25_54,geo_cov_rur,2023,3.864
blr,sex_f,age_aggregate_y25_54,geo_cov_rur,2024,3.198
blr,sex_f,age_aggregate_y25_54,geo_cov_urb,2017,4.504
blr,sex_f,age_aggregate_y25_54,geo_cov_urb,2018,3.87
blr,sex_f,age_aggregate_y25_54,geo_cov_urb,2019,3.811
blr,sex_f,age_aggregate_y25_54,geo_cov_urb,2020,3.706
blr,sex_f,age_aggregate_y25_54,geo_cov_urb,2021,3.654
blr,sex_f,age_aggregate_y25_54,geo_cov_urb,2022,3.218
blr,sex_f,age_aggregate_y25_54,geo_cov_urb,2023,3.003
blr,sex_f,age_aggregate_y25_54,geo_cov_urb,2024,2.943
blr,sex_f,age_aggregate_y55_64,geo_cov_nat,2017,14.465
blr,sex_f,age_aggregate_y55_64,geo_cov_nat,2018,12.656
blr,sex_f,age_aggregate_y55_64,geo_cov_nat,2019,8.291
blr,sex_f,age_aggregate_y55_64,geo_cov_nat,2020,8.657
blr,sex_f,age_aggregate_y55_64,geo_cov_nat,2021,10.026
blr,sex_f,age_aggregate_y55_64,geo_cov_nat,2022,7.821
blr,sex_f,age_aggregate_y55_64,geo_cov_nat,2023,5.801
blr,sex_f,age_aggregate_y55_64,geo_cov_nat,2024,4.481
blr,sex_f,age_aggregate_y55_64,geo_cov_rur,2017,14.018
blr,sex_f,age_aggregate_y55_64,geo_cov_rur,2018,10.336
blr,sex_f,age_aggregate_y55_64,geo_cov_rur,2019,5.063
blr,sex_f,age_aggregate_y55_64,geo_cov_rur,2020,7.3
blr,sex_f,age_aggregate_y55_64,geo_cov_rur,2021,11.562
blr,sex_f,age_aggregate_y55_64,geo_cov_rur,2022,10.052
blr,sex_f,age_aggregate_y55_64,geo_cov_rur,2023,8.966
blr,sex_f,age_aggregate_y55_64,geo_cov_rur,2024,5.335
blr,sex_f,age_aggregate_y55_64,geo_cov_urb,2017,14.568
blr,sex_f,age_aggregate_y55_64,geo_cov_urb,2018,13.22
blr,sex_f,age_aggregate_y55_64,geo_cov_urb,2019,9.011
blr,sex_f,age_aggregate_y55_64,geo_cov_urb,2020,8.949
blr,sex_f,age_aggregate_y55_64,geo_cov_urb,2021,9.676
blr,sex_f,age_aggregate_y55_64,geo_cov_urb,2022,7.213
blr,sex_f,age_aggregate_y55_64,geo_cov_urb,2023,4.84
blr,sex_f,age_aggregate_y55_64,geo_cov_urb,2024,4.2
blr,sex_f,age_aggregate_yge65,geo_cov_nat,2017,21.759
blr,sex_f,age_aggregate_yge65,geo_cov_nat,2018,18.246
blr,sex_f,age_aggregate_yge65,geo_cov_nat,2019,15.362
blr,sex_f,age_aggregate_yge65,geo_cov_nat,2020,15.651
blr,sex_f,age_aggregate_yge65,geo_cov_nat,2021,16.794
blr,sex_f,age_aggregate_yge65,geo_cov_nat,2022,11.738
blr,sex_f,age_aggregate_yge65,geo_cov_nat,2023,12.021
blr,sex_f,age_aggregate_yge65,geo_cov_nat,2024,7.868
blr,sex_f,age_aggregate_yge65,geo_cov_rur,2017,26.982
blr,sex_f,age_aggregate_yge65,geo_cov_rur,2018,20.616
blr,sex_f,age_aggregate_yge65,geo_cov_rur,2019,10.173
blr,sex_f,age_aggregate_yge65,geo_cov_rur,2020,22.326
blr,sex_f,age_aggregate_yge65,geo_cov_rur,2021,20.921
blr,sex_f,age_aggregate_yge65,geo_cov_rur,2022,21.8
blr,sex_f,age_aggregate_yge65,geo_cov_rur,2023,22.644
blr,sex_f,age_aggregate_yge65,geo_cov_rur,2024,15.178
blr,sex_f,age_aggregate_yge65,geo_cov_urb,2017,21.087
blr,sex_f,age_aggregate_yge65,geo_cov_urb,2018,17.928
blr,sex_f,age_aggregate_yge65,geo_cov_urb,2019,15.971
blr,sex_f,age_aggregate_yge65,geo_cov_urb,2020,14.829
blr,sex_f,age_aggregate_yge65,geo_cov_urb,2021,16.255
blr,sex_f,age_aggregate_yge65,geo_cov_urb,2022,9.961
blr,sex_f,age_aggregate_yge65,geo_cov_urb,2023,9.345
blr,sex_f,age_aggregate_yge65,geo_cov_urb,2024,6.162
blr,sex_f,age_ythadult_y15_24,geo_cov_nat,2017,12.356
blr,sex_f,age_ythadult_y15_24,geo_cov_nat,2018,14.76
blr,sex_f,age_ythadult_y15_24,geo_cov_nat,2019,13.024
blr,sex_f,age_ythadult_y15_24,geo_cov_nat,2020,16.348
blr,sex_f,age_ythadult_y15_24,geo_cov_nat,2021,14.397
blr,sex_f,age_ythadult_y15_24,geo_cov_nat,2022,14.82
blr,sex_f,age_ythadult_y15_24,geo_cov_nat,2023,14.885
blr,sex_f,age_ythadult_y15_24,geo_cov_nat,2024,12.032
blr,sex_f,age_ythadult_y15_24,geo_cov_rur,2017,7.869
blr,sex_f,age_ythadult_y15_24,geo_cov_rur,2018,10.044
blr,sex_f,age_ythadult_y15_24,geo_cov_rur,2019,10.497
blr,sex_f,age_ythadult_y15_24,geo_cov_rur,2020,15.247
blr,sex_f,age_ythadult_y15_24,geo_cov_rur,2021,12.306
blr,sex_f,age_ythadult_y15_24,geo_cov_rur,2022,11.683
blr,sex_f,age_ythadult_y15_24,geo_cov_rur,2023,15.911
blr,sex_f,age_ythadult_y15_24,geo_cov_rur,2024,11.668
blr,sex_f,age_ythadult_y15_24,geo_cov_urb,2017,13.119
blr,sex_f,age_ythadult_y15_24,geo_cov_urb,2018,15.568
blr,sex_f,age_ythadult_y15_24,geo_cov_urb,2019,13.441
blr,sex_f,age_ythadult_y15_24,geo_cov_urb,2020,16.58
blr,sex_f,age_ythadult_y15_24,geo_cov_urb,2021,14.874
blr,sex_f,age_ythadult_y15_24,geo_cov_urb,2022,15.495
blr,sex_f,age_ythadult_y15_24,geo_cov_urb,2023,14.68
blr,sex_f,age_ythadult_y15_24,geo_cov_urb,2024,12.095
blr,sex_f,age_ythadult_y15_64,geo_cov_nat,2017,6.506
blr,sex_f,age_ythadult_y15_64,geo_cov_nat,2018,5.95
blr,sex_f,age_ythadult_y15_64,geo_cov_nat,2019,5.171
blr,sex_f,age_ythadult_y15_64,geo_cov_nat,2020,5.475
blr,sex_f,age_ythadult_y15_64,geo_cov_nat,2021,5.378
blr,sex_f,age_ythadult_y15_64,geo_cov_nat,2022,4.882
blr,sex_f,age_ythadult_y15_64,geo_cov_nat,2023,4.409
blr,sex_f,age_ythadult_y15_64,geo_cov_nat,2024,3.876
blr,sex_f,age_ythadult_y15_64,geo_cov_rur,2017,6.245
blr,sex_f,age_ythadult_y15_64,geo_cov_rur,2018,5.262
blr,sex_f,age_ythadult_y15_64,geo_cov_rur,2019,4.348
blr,sex_f,age_ythadult_y15_64,geo_cov_rur,2020,5.23
blr,sex_f,age_ythadult_y15_64,geo_cov_rur,2021,5.136
blr,sex_f,age_ythadult_y15_64,geo_cov_rur,2022,5.398
blr,sex_f,age_ythadult_y15_64,geo_cov_rur,2023,5.564
blr,sex_f,age_ythadult_y15_64,geo_cov_rur,2024,4.112
blr,sex_f,age_ythadult_y15_64,geo_cov_urb,2017,6.568
blr,sex_f,age_ythadult_y15_64,geo_cov_urb,2018,6.109
blr,sex_f,age_ythadult_y15_64,geo_cov_urb,2019,5.358
blr,sex_f,age_ythadult_y15_64,geo_cov_urb,2020,5.531
blr,sex_f,age_ythadult_y15_64,geo_cov_urb,2021,5.439
blr,sex_f,age_ythadult_y15_64,geo_cov_urb,2022,4.756
blr,sex_f,age_ythadult_y15_64,geo_cov_urb,2023,4.136
blr,sex_f,age_ythadult_y15_64,geo_cov_urb,2024,3.821
blr,sex_f,age_ythadult_yge15,geo_cov_nat,2017,6.755
blr,sex_f,age_ythadult_yge15,geo_cov_nat,2018,6.177
blr,sex_f,age_ythadult_yge15,geo_cov_nat,2019,5.372
blr,sex_f,age_ythadult_yge15,geo_cov_nat,2020,5.68
blr,sex_f,age_ythadult_yge15,geo_cov_nat,2021,5.601
blr,sex_f,age_ythadult_yge15,geo_cov_nat,2022,5.028
blr,sex_f,age_ythadult_yge15,geo_cov_nat,2023,4.567
blr,sex_f,age_ythadult_yge15,geo_cov_nat,2024,3.963
blr,sex_f,age_ythadult_yge15,geo_cov_rur,2017,6.449
blr,sex_f,age_ythadult_yge15,geo_cov_rur,2018,5.442
blr,sex_f,age_ythadult_yge15,geo_cov_rur,2019,4.414
blr,sex_f,age_ythadult_yge15,geo_cov_rur,2020,5.435
blr,sex_f,age_ythadult_yge15,geo_cov_rur,2021,5.316
blr,sex_f,age_ythadult_yge15,geo_cov_rur,2022,5.666
blr,sex_f,age_ythadult_yge15,geo_cov_rur,2023,5.936
blr,sex_f,age_ythadult_yge15,geo_cov_rur,2024,4.354
blr,sex_f,age_ythadult_yge15,geo_cov_urb,2017,6.826
blr,sex_f,age_ythadult_yge15,geo_cov_urb,2018,6.345
blr,sex_f,age_ythadult_yge15,geo_cov_urb,2019,5.586
blr,sex_f,age_ythadult_yge15,geo_cov_urb,2020,5.735
blr,sex_f,age_ythadult_yge15,geo_cov_urb,2021,5.672
blr,sex_f,age_ythadult_yge15,geo_cov_urb,2022,4.873
blr,sex_f,age_ythadult_yge15,geo_cov_urb,2023,4.243
blr,sex_f,age_ythadult_yge15,geo_cov_urb,2024,3.872
blr,sex_f,age_ythadult_yge25,geo_cov_nat,2017,6.151
blr,sex_f,age_ythadult_yge25,geo_cov_nat,2018,5.368
blr,sex_f,age_ythadult_yge25,geo_cov_nat,2019,4.673
blr,sex_f,age_ythadult_yge25,geo_cov_nat,2020,4.737
blr,sex_f,age_ythadult_yge25,geo_cov_nat,2021,4.884
blr,sex_f,age_ythadult_yge25,geo_cov_nat,2022,4.245
blr,sex_f,age_ythadult_yge25,geo_cov_nat,2023,3.779
blr,sex_f,age_ythadult_yge25,geo_cov_nat,2024,3.345
blr,sex_f,age_ythadult_yge25,geo_cov_rur,2017,6.334
blr,sex_f,age_ythadult_yge25,geo_cov_rur,2018,5.108
blr,sex_f,age_ythadult_yge25,geo_cov_rur,2019,3.993
blr,sex_f,age_ythadult_yge25,geo_cov_rur,2020,4.617
blr,sex_f,age_ythadult_yge25,geo_cov_rur,2021,4.786
blr,sex_f,age_ythadult_yge25,geo_cov_rur,2022,5.234
blr,sex_f,age_ythadult_yge25,geo_cov_rur,2023,5.278
blr,sex_f,age_ythadult_yge25,geo_cov_rur,2024,3.923
blr,sex_f,age_ythadult_yge25,geo_cov_urb,2017,6.107
blr,sex_f,age_ythadult_yge25,geo_cov_urb,2018,5.429
blr,sex_f,age_ythadult_yge25,geo_cov_urb,2019,4.83
blr,sex_f,age_ythadult_yge25,geo_cov_urb,2020,4.765
blr,sex_f,age_ythadult_yge25,geo_cov_urb,2021,4.909
blr,sex_f,age_ythadult_yge25,geo_cov_urb,2022,4.002
blr,sex_f,age_ythadult_yge25,geo_cov_urb,2023,3.42
blr,sex_f,age_ythadult_yge25,geo_cov_urb,2024,3.208
blr,sex_m,age_aggregate_total,geo_cov_nat,2017,9.889
blr,sex_m,age_aggregate_total,geo_cov_nat,2018,8
blr,sex_m,age_aggregate_total,geo_cov_nat,2019,7.64
blr,sex_m,age_aggregate_total,geo_cov_nat,2020,7.508
blr,sex_m,age_aggregate_total,geo_cov_nat,2021,7.17
blr,sex_m,age_aggregate_total,geo_cov_nat,2022,6.237
blr,sex_m,age_aggregate_total,geo_cov_nat,2023,5.859
blr,sex_m,age_aggregate_total,geo_cov_nat,2024,4.799
blr,sex_m,age_aggregate_total,geo_cov_rur,2017,10.384
blr,sex_m,age_aggregate_total,geo_cov_rur,2018,7.303
blr,sex_m,age_aggregate_total,geo_cov_rur,2019,7.68
blr,sex_m,age_aggregate_total,geo_cov_rur,2020,7.331
blr,sex_m,age_aggregate_total,geo_cov_rur,2021,7.214
blr,sex_m,age_aggregate_total,geo_cov_rur,2022,6.587
blr,sex_m,age_aggregate_total,geo_cov_rur,2023,7.529
blr,sex_m,age_aggregate_total,geo_cov_rur,2024,5.849
blr,sex_m,age_aggregate_total,geo_cov_urb,2017,9.746
blr,sex_m,age_aggregate_total,geo_cov_urb,2018,8.198
blr,sex_m,age_aggregate_total,geo_cov_urb,2019,7.628
blr,sex_m,age_aggregate_total,geo_cov_urb,2020,7.556
blr,sex_m,age_aggregate_total,geo_cov_urb,2021,7.157
blr,sex_m,age_aggregate_total,geo_cov_urb,2022,6.135
blr,sex_m,age_aggregate_total,geo_cov_urb,2023,5.377
blr,sex_m,age_aggregate_total,geo_cov_urb,2024,4.5
blr,sex_m,age_aggregate_y15_24,geo_cov_nat,2017,16.75
blr,sex_m,age_aggregate_y15_24,geo_cov_nat,2018,16.781
blr,sex_m,age_aggregate_y15_24,geo_cov_nat,2019,20.77
blr,sex_m,age_aggregate_y15_24,geo_cov_nat,2020,21.634
blr,sex_m,age_aggregate_y15_24,geo_cov_nat,2021,16.885
blr,sex_m,age_aggregate_y15_24,geo_cov_nat,2022,17.013
blr,sex_m,age_aggregate_y15_24,geo_cov_nat,2023,16.858
blr,sex_m,age_aggregate_y15_24,geo_cov_nat,2024,15.062
blr,sex_m,age_aggregate_y15_24,geo_cov_rur,2017,17.83
blr,sex_m,age_aggregate_y15_24,geo_cov_rur,2018,10.778
blr,sex_m,age_aggregate_y15_24,geo_cov_rur,2019,19.44
blr,sex_m,age_aggregate_y15_24,geo_cov_rur,2020,14.535
blr,sex_m,age_aggregate_y15_24,geo_cov_rur,2021,14.446
blr,sex_m,age_aggregate_y15_24,geo_cov_rur,2022,13.095
blr,sex_m,age_aggregate_y15_24,geo_cov_rur,2023,17.013
blr,sex_m,age_aggregate_y15_24,geo_cov_rur,2024,16.508
blr,sex_m,age_aggregate_y15_24,geo_cov_urb,2017,16.464
blr,sex_m,age_aggregate_y15_24,geo_cov_urb,2018,18.414
blr,sex_m,age_aggregate_y15_24,geo_cov_urb,2019,21.149
blr,sex_m,age_aggregate_y15_24,geo_cov_urb,2020,23.628
blr,sex_m,age_aggregate_y15_24,geo_cov_urb,2021,17.62
blr,sex_m,age_aggregate_y15_24,geo_cov_urb,2022,18.087
blr,sex_m,age_aggregate_y15_24,geo_cov_urb,2023,16.816
blr,sex_m,age_aggregate_y15_24,geo_cov_urb,2024,14.734
blr,sex_m,age_aggregate_y25_54,geo_cov_nat,2017,8.446
blr,sex_m,age_aggregate_y25_54,geo_cov_nat,2018,6.562
blr,sex_m,age_aggregate_y25_54,geo_cov_nat,2019,5.922
blr,sex_m,age_aggregate_y25_54,geo_cov_nat,2020,5.713
blr,sex_m,age_aggregate_y25_54,geo_cov_nat,2021,5.933
blr,sex_m,age_aggregate_y25_54,geo_cov_nat,2022,4.889
blr,sex_m,age_aggregate_y25_54,geo_cov_nat,2023,4.504
blr,sex_m,age_aggregate_y25_54,geo_cov_nat,2024,3.642
blr,sex_m,age_aggregate_y25_54,geo_cov_rur,2017,9.157
blr,sex_m,age_aggregate_y25_54,geo_cov_rur,2018,7.043
blr,sex_m,age_aggregate_y25_54,geo_cov_rur,2019,6.33
blr,sex_m,age_aggregate_y25_54,geo_cov_rur,2020,6.412
blr,sex_m,age_aggregate_y25_54,geo_cov_rur,2021,6.238
blr,sex_m,age_aggregate_y25_54,geo_cov_rur,2022,5.539
blr,sex_m,age_aggregate_y25_54,geo_cov_rur,2023,6.439
blr,sex_m,age_aggregate_y25_54,geo_cov_rur,2024,4.509
blr,sex_m,age_aggregate_y25_54,geo_cov_urb,2017,8.246
blr,sex_m,age_aggregate_y25_54,geo_cov_urb,2018,6.431
blr,sex_m,age_aggregate_y25_54,geo_cov_urb,2019,5.812
blr,sex_m,age_aggregate_y25_54,geo_cov_urb,2020,5.524
blr,sex_m,age_aggregate_y25_54,geo_cov_urb,2021,5.845
blr,sex_m,age_aggregate_y25_54,geo_cov_urb,2022,4.708
blr,sex_m,age_aggregate_y25_54,geo_cov_urb,2023,3.991
blr,sex_m,age_aggregate_y25_54,geo_cov_urb,2024,3.419
blr,sex_m,age_aggregate_y55_64,geo_cov_nat,2017,10.893
blr,sex_m,age_aggregate_y55_64,geo_cov_nat,2018,8.737
blr,sex_m,age_aggregate_y55_64,geo_cov_nat,2019,6.807
blr,sex_m,age_aggregate_y55_64,geo_cov_nat,2020,6.868
blr,sex_m,age_aggregate_y55_64,geo_cov_nat,2021,6.774
blr,sex_m,age_aggregate_y55_64,geo_cov_nat,2022,5.767
blr,sex_m,age_aggregate_y55_64,geo_cov_nat,2023,5.727
blr,sex_m,age_aggregate_y55_64,geo_cov_nat,2024,4.561
blr,sex_m,age_aggregate_y55_64,geo_cov_rur,2017,10.316
blr,sex_m,age_aggregate_y55_64,geo_cov_rur,2018,6.077
blr,sex_m,age_aggregate_y55_64,geo_cov_rur,2019,6.696
blr,sex_m,age_aggregate_y55_64,geo_cov_rur,2020,6.814
blr,sex_m,age_aggregate_y55_64,geo_cov_rur,2021,6.964
blr,sex_m,age_aggregate_y55_64,geo_cov_rur,2022,6.423
blr,sex_m,age_aggregate_y55_64,geo_cov_rur,2023,6.387
blr,sex_m,age_aggregate_y55_64,geo_cov_rur,2024,5.714
blr,sex_m,age_aggregate_y55_64,geo_cov_urb,2017,11.096
blr,sex_m,age_aggregate_y55_64,geo_cov_urb,2018,9.685
blr,sex_m,age_aggregate_y55_64,geo_cov_urb,2019,6.846
blr,sex_m,age_aggregate_y55_64,geo_cov_urb,2020,6.885
blr,sex_m,age_aggregate_y55_64,geo_cov_urb,2021,6.712
blr,sex_m,age_aggregate_y55_64,geo_cov_urb,2022,5.524
blr,sex_m,age_aggregate_y55_64,geo_cov_urb,2023,5.463
blr,sex_m,age_aggregate_y55_64,geo_cov_urb,2024,4.064
blr,sex_m,age_aggregate_yge65,geo_cov_nat,2017,23.314
blr,sex_m,age_aggregate_yge65,geo_cov_nat,2018,16.644
blr,sex_m,age_aggregate_yge65,geo_cov_nat,2019,19.995
blr,sex_m,age_aggregate_yge65,geo_cov_nat,2020,15.113
blr,sex_m,age_aggregate_yge65,geo_cov_nat,2021,16.289
blr,sex_m,age_aggregate_yge65,geo_cov_nat,2022,13.283
blr,sex_m,age_aggregate_yge65,geo_cov_nat,2023,10.952
blr,sex_m,age_aggregate_yge65,geo_cov_nat,2024,8.482
blr,sex_m,age_aggregate_yge65,geo_cov_rur,2017,28.164
blr,sex_m,age_aggregate_yge65,geo_cov_rur,2018,17.473
blr,sex_m,age_aggregate_yge65,geo_cov_rur,2019,13.394
blr,sex_m,age_aggregate_yge65,geo_cov_rur,2020,14.094
blr,sex_m,age_aggregate_yge65,geo_cov_rur,2021,17.376
blr,sex_m,age_aggregate_yge65,geo_cov_rur,2022,19.029
blr,sex_m,age_aggregate_yge65,geo_cov_rur,2023,18.125
blr,sex_m,age_aggregate_yge65,geo_cov_rur,2024,14.495
blr,sex_m,age_aggregate_yge65,geo_cov_urb,2017,22.509
blr,sex_m,age_aggregate_yge65,geo_cov_urb,2018,16.507
blr,sex_m,age_aggregate_yge65,geo_cov_urb,2019,21.217
blr,sex_m,age_aggregate_yge65,geo_cov_urb,2020,15.317
blr,sex_m,age_aggregate_yge65,geo_cov_urb,2021,16.063
blr,sex_m,age_aggregate_yge65,geo_cov_urb,2022,11.717
blr,sex_m,age_aggregate_yge65,geo_cov_urb,2023,8.503
blr,sex_m,age_aggregate_yge65,geo_cov_urb,2024,6.085
blr,sex_m,age_ythadult_y15_24,geo_cov_nat,2017,16.75
blr,sex_m,age_ythadult_y15_24,geo_cov_nat,2018,16.781
blr,sex_m,age_ythadult_y15_24,geo_cov_nat,2019,20.77
blr,sex_m,age_ythadult_y15_24,geo_cov_nat,2020,21.634
blr,sex_m,age_ythadult_y15_24,geo_cov_nat,2021,16.885
blr,sex_m,age_ythadult_y15_24,geo_cov_nat,2022,17.013
blr,sex_m,age_ythadult_y15_24,geo_cov_nat,2023,16.858
blr,sex_m,age_ythadult_y15_24,geo_cov_nat,2024,15.062
blr,sex_m,age_ythadult_y15_24,geo_cov_rur,2017,17.83
blr,sex_m,age_ythadult_y15_24,geo_cov_rur,2018,10.778
blr,sex_m,age_ythadult_y15_24,geo_cov_rur,2019,19.44
blr,sex_m,age_ythadult_y15_24,geo_cov_rur,2020,14.535
blr,sex_m,age_ythadult_y15_24,geo_cov_rur,2021,14.446
blr,sex_m,age_ythadult_y15_24,geo_cov_rur,2022,13.095
blr,sex_m,age_ythadult_y15_24,geo_cov_rur,2023,17.013
blr,sex_m,age_ythadult_y15_24,geo_cov_rur,2024,16.508
blr,sex_m,age_ythadult_y15_24,geo_cov_urb,2017,16.464
blr,sex_m,age_ythadult_y15_24,geo_cov_urb,2018,18.414
blr,sex_m,age_ythadult_y15_24,geo_cov_urb,2019,21.149
blr,sex_m,age_ythadult_y15_24,geo_cov_urb,2020,23.628
blr,sex_m,age_ythadult_y15_24,geo_cov_urb,2021,17.62
blr,sex_m,age_ythadult_y15_24,geo_cov_urb,2022,18.087
blr,sex_m,age_ythadult_y15_24,geo_cov_urb,2023,16.816
blr,sex_m,age_ythadult_y15_24,geo_cov_urb,2024,14.734
blr,sex_m,age_ythadult_y15_64,geo_cov_nat,2017,9.684
blr,sex_m,age_ythadult_y15_64,geo_cov_nat,2018,7.865
blr,sex_m,age_ythadult_y15_64,geo_cov_nat,2019,7.426
blr,sex_m,age_ythadult_y15_64,geo_cov_nat,2020,7.369
blr,sex_m,age_ythadult_y15_64,geo_cov_nat,2021,6.991
blr,sex_m,age_ythadult_y15_64,geo_cov_nat,2022,6.092
blr,sex_m,age_ythadult_y15_64,geo_cov_nat,2023,5.751
blr,sex_m,age_ythadult_y15_64,geo_cov_nat,2024,4.718
blr,sex_m,age_ythadult_y15_64,geo_cov_rur,2017,10.212
blr,sex_m,age_ythadult_y15_64,geo_cov_rur,2018,7.201
blr,sex_m,age_ythadult_y15_64,geo_cov_rur,2019,7.61
blr,sex_m,age_ythadult_y15_64,geo_cov_rur,2020,7.237
blr,sex_m,age_ythadult_y15_64,geo_cov_rur,2021,7.064
blr,sex_m,age_ythadult_y15_64,geo_cov_rur,2022,6.345
blr,sex_m,age_ythadult_y15_64,geo_cov_rur,2023,7.274
blr,sex_m,age_ythadult_y15_64,geo_cov_rur,2024,5.605
blr,sex_m,age_ythadult_y15_64,geo_cov_urb,2017,9.531
blr,sex_m,age_ythadult_y15_64,geo_cov_urb,2018,8.054
blr,sex_m,age_ythadult_y15_64,geo_cov_urb,2019,7.375
blr,sex_m,age_ythadult_y15_64,geo_cov_urb,2020,7.406
blr,sex_m,age_ythadult_y15_64,geo_cov_urb,2021,6.97
blr,sex_m,age_ythadult_y15_64,geo_cov_urb,2022,6.018
blr,sex_m,age_ythadult_y15_64,geo_cov_urb,2023,5.314
blr,sex_m,age_ythadult_y15_64,geo_cov_urb,2024,4.469
blr,sex_m,age_ythadult_yge15,geo_cov_nat,2017,9.889
blr,sex_m,age_ythadult_yge15,geo_cov_nat,2018,8
blr,sex_m,age_ythadult_yge15,geo_cov_nat,2019,7.64
blr,sex_m,age_ythadult_yge15,geo_cov_nat,2020,7.508
blr,sex_m,age_ythadult_yge15,geo_cov_nat,2021,7.17
blr,sex_m,age_ythadult_yge15,geo_cov_nat,2022,6.237
blr,sex_m,age_ythadult_yge15,geo_cov_nat,2023,5.859
blr,sex_m,age_ythadult_yge15,geo_cov_nat,2024,4.799
blr,sex_m,age_ythadult_yge15,geo_cov_rur,2017,10.384
blr,sex_m,age_ythadult_yge15,geo_cov_rur,2018,7.303
blr,sex_m,age_ythadult_yge15,geo_cov_rur,2019,7.68
blr,sex_m,age_ythadult_yge15,geo_cov_rur,2020,7.331
blr,sex_m,age_ythadult_yge15,geo_cov_rur,2021,7.214
blr,sex_m,age_ythadult_yge15,geo_cov_rur,2022,6.587
blr,sex_m,age_ythadult_yge15,geo_cov_rur,2023,7.529
blr,sex_m,age_ythadult_yge15,geo_cov_rur,2024,5.849
blr,sex_m,age_ythadult_yge15,geo_cov_urb,2017,9.746
blr,sex_m,age_ythadult_yge15,geo_cov_urb,2018,8.198
blr,sex_m,age_ythadult_yge15,geo_cov_urb,2019,7.628
blr,sex_m,age_ythadult_yge15,geo_cov_urb,2020,7.556
blr,sex_m,age_ythadult_yge15,geo_cov_urb,2021,7.157
blr,sex_m,age_ythadult_yge15,geo_cov_urb,2022,6.135
blr,sex_m,age_ythadult_yge15,geo_cov_urb,2023,5.377
blr,sex_m,age_ythadult_yge15,geo_cov_urb,2024,4.5
blr,sex_m,age_ythadult_yge25,geo_cov_nat,2017,9.087
blr,sex_m,age_ythadult_yge25,geo_cov_nat,2018,7.105
blr,sex_m,age_ythadult_yge25,geo_cov_nat,2019,6.339
blr,sex_m,age_ythadult_yge25,geo_cov_nat,2020,6.104
blr,sex_m,age_ythadult_yge25,geo_cov_nat,2021,6.307
blr,sex_m,age_ythadult_yge25,geo_cov_nat,2022,5.239
blr,sex_m,age_ythadult_yge25,geo_cov_nat,2023,4.879
blr,sex_m,age_ythadult_yge25,geo_cov_nat,2024,3.924
blr,sex_m,age_ythadult_yge25,geo_cov_rur,2017,9.573
blr,sex_m,age_ythadult_yge25,geo_cov_rur,2018,6.961
blr,sex_m,age_ythadult_yge25,geo_cov_rur,2019,6.5
blr,sex_m,age_ythadult_yge25,geo_cov_rur,2020,6.609
blr,sex_m,age_ythadult_yge25,geo_cov_rur,2021,6.56
blr,sex_m,age_ythadult_yge25,geo_cov_rur,2022,6.018
blr,sex_m,age_ythadult_yge25,geo_cov_rur,2023,6.725
blr,sex_m,age_ythadult_yge25,geo_cov_rur,2024,5.101
blr,sex_m,age_ythadult_yge25,geo_cov_urb,2017,8.946
blr,sex_m,age_ythadult_yge25,geo_cov_urb,2018,7.146
blr,sex_m,age_ythadult_yge25,geo_cov_urb,2019,6.295
blr,sex_m,age_ythadult_yge25,geo_cov_urb,2020,5.964
blr,sex_m,age_ythadult_yge25,geo_cov_urb,2021,6.232
blr,sex_m,age_ythadult_yge25,geo_cov_urb,2022,5.01
blr,sex_m,age_ythadult_yge25,geo_cov_urb,2023,4.344
blr,sex_m,age_ythadult_yge25,geo_cov_urb,2024,3.583
blr,sex_t,age_aggregate_total,geo_cov_nat,2017,8.333
blr,sex_t,age_aggregate_total,geo_cov_nat,2018,7.101
blr,sex_t,age_aggregate_total,geo_cov_nat,2019,6.52
blr,sex_t,age_aggregate_total,geo_cov_nat,2020,6.61
blr,sex_t,age_aggregate_total,geo_cov_nat,2021,6.384
blr,sex_t,age_aggregate_total,geo_cov_nat,2022,5.633
blr,sex_t,age_aggregate_total,geo_cov_nat,2023,5.214
blr,sex_t,age_aggregate_total,geo_cov_nat,2024,4.378
blr,sex_t,age_aggregate_total,geo_cov_rur,2017,8.594
blr,sex_t,age_aggregate_total,geo_cov_rur,2018,6.464
blr,sex_t,age_aggregate_total,geo_cov_rur,2019,6.213
blr,sex_t,age_aggregate_total,geo_cov_rur,2020,6.477
blr,sex_t,age_aggregate_total,geo_cov_rur,2021,6.33
blr,sex_t,age_aggregate_total,geo_cov_rur,2022,6.16
blr,sex_t,age_aggregate_total,geo_cov_rur,2023,6.796
blr,sex_t,age_aggregate_total,geo_cov_rur,2024,5.156
blr,sex_t,age_aggregate_total,geo_cov_urb,2017,8.265
blr,sex_t,age_aggregate_total,geo_cov_urb,2018,7.264
blr,sex_t,age_aggregate_total,geo_cov_urb,2019,6.598
blr,sex_t,age_aggregate_total,geo_cov_urb,2020,6.643
blr,sex_t,age_aggregate_total,geo_cov_urb,2021,6.399
blr,sex_t,age_aggregate_total,geo_cov_urb,2022,5.491
blr,sex_t,age_aggregate_total,geo_cov_urb,2023,4.8
blr,sex_t,age_aggregate_total,geo_cov_urb,2024,4.178
blr,sex_t,age_aggregate_y15_24,geo_cov_nat,2017,14.649
blr,sex_t,age_aggregate_y15_24,geo_cov_nat,2018,15.82
blr,sex_t,age_aggregate_y15_24,geo_cov_nat,2019,17.092
blr,sex_t,age_aggregate_y15_24,geo_cov_nat,2020,19.178
blr,sex_t,age_aggregate_y15_24,geo_cov_nat,2021,15.688
blr,sex_t,age_aggregate_y15_24,geo_cov_nat,2022,15.99
blr,sex_t,age_aggregate_y15_24,geo_cov_nat,2023,15.943
blr,sex_t,age_aggregate_y15_24,geo_cov_nat,2024,13.612
blr,sex_t,age_aggregate_y15_24,geo_cov_rur,2017,13.959
blr,sex_t,age_aggregate_y15_24,geo_cov_rur,2018,10.497
blr,sex_t,age_aggregate_y15_24,geo_cov_rur,2019,16.167
blr,sex_t,age_aggregate_y15_24,geo_cov_rur,2020,14.826
blr,sex_t,age_aggregate_y15_24,geo_cov_rur,2021,13.534
blr,sex_t,age_aggregate_y15_24,geo_cov_rur,2022,12.504
blr,sex_t,age_aggregate_y15_24,geo_cov_rur,2023,16.568
blr,sex_t,age_aggregate_y15_24,geo_cov_rur,2024,14.458
blr,sex_t,age_aggregate_y15_24,geo_cov_urb,2017,14.799
blr,sex_t,age_aggregate_y15_24,geo_cov_urb,2018,17.003
blr,sex_t,age_aggregate_y15_24,geo_cov_urb,2019,17.3
blr,sex_t,age_aggregate_y15_24,geo_cov_urb,2020,20.256
blr,sex_t,age_aggregate_y15_24,geo_cov_urb,2021,16.259
blr,sex_t,age_aggregate_y15_24,geo_cov_urb,2022,16.848
blr,sex_t,age_aggregate_y15_24,geo_cov_urb,2023,15.794
blr,sex_t,age_aggregate_y15_24,geo_cov_urb,2024,13.443
blr,sex_t,age_aggregate_y25_54,geo_cov_nat,2017,6.493
blr,sex_t,age_aggregate_y25_54,geo_cov_nat,2018,5.218
blr,sex_t,age_aggregate_y25_54,geo_cov_nat,2019,4.848
blr,sex_t,age_aggregate_y25_54,geo_cov_nat,2020,4.722
blr,sex_t,age_aggregate_y25_54,geo_cov_nat,2021,4.738
blr,sex_t,age_aggregate_y25_54,geo_cov_nat,2022,4.097
blr,sex_t,age_aggregate_y25_54,geo_cov_nat,2023,3.818
blr,sex_t,age_aggregate_y25_54,geo_cov_nat,2024,3.308
blr,sex_t,age_aggregate_y25_54,geo_cov_rur,2017,7.163
blr,sex_t,age_aggregate_y25_54,geo_cov_rur,2018,5.608
blr,sex_t,age_aggregate_y25_54,geo_cov_rur,2019,5.088
blr,sex_t,age_aggregate_y25_54,geo_cov_rur,2020,5.221
blr,sex_t,age_aggregate_y25_54,geo_cov_rur,2021,4.842
blr,sex_t,age_aggregate_y25_54,geo_cov_rur,2022,4.723
blr,sex_t,age_aggregate_y25_54,geo_cov_rur,2023,5.201
blr,sex_t,age_aggregate_y25_54,geo_cov_rur,2024,3.878
blr,sex_t,age_aggregate_y25_54,geo_cov_urb,2017,6.317
blr,sex_t,age_aggregate_y25_54,geo_cov_urb,2018,5.119
blr,sex_t,age_aggregate_y25_54,geo_cov_urb,2019,4.788
blr,sex_t,age_aggregate_y25_54,geo_cov_urb,2020,4.597
blr,sex_t,age_aggregate_y25_54,geo_cov_urb,2021,4.709
blr,sex_t,age_aggregate_y25_54,geo_cov_urb,2022,3.935
blr,sex_t,age_aggregate_y25_54,geo_cov_urb,2023,3.478
blr,sex_t,age_aggregate_y25_54,geo_cov_urb,2024,3.172
blr,sex_t,age_aggregate_y55_64,geo_cov_nat,2017,12.459
blr,sex_t,age_aggregate_y55_64,geo_cov_nat,2018,10.445
blr,sex_t,age_aggregate_y55_64,geo_cov_nat,2019,7.459
blr,sex_t,age_aggregate_y55_64,geo_cov_nat,2020,7.672
blr,sex_t,age_aggregate_y55_64,geo_cov_nat,2021,8.264
blr,sex_t,age_aggregate_y55_64,geo_cov_nat,2022,6.713
blr,sex_t,age_aggregate_y55_64,geo_cov_nat,2023,5.761
blr,sex_t,age_aggregate_y55_64,geo_cov_nat,2024,4.523
blr,sex_t,age_aggregate_y55_64,geo_cov_rur,2017,11.65
blr,sex_t,age_aggregate_y55_64,geo_cov_rur,2018,7.631
blr,sex_t,age_aggregate_y55_64,geo_cov_rur,2019,6.116
blr,sex_t,age_aggregate_y55_64,geo_cov_rur,2020,6.996
blr,sex_t,age_aggregate_y55_64,geo_cov_rur,2021,8.762
blr,sex_t,age_aggregate_y55_64,geo_cov_rur,2022,7.883
blr,sex_t,age_aggregate_y55_64,geo_cov_rur,2023,7.447
blr,sex_t,age_aggregate_y55_64,geo_cov_rur,2024,5.554
blr,sex_t,age_aggregate_y55_64,geo_cov_urb,2017,12.698
blr,sex_t,age_aggregate_y55_64,geo_cov_urb,2018,11.302
blr,sex_t,age_aggregate_y55_64,geo_cov_urb,2019,7.85
blr,sex_t,age_aggregate_y55_64,geo_cov_urb,2020,7.856
blr,sex_t,age_aggregate_y55_64,geo_cov_urb,2021,8.126
blr,sex_t,age_aggregate_y55_64,geo_cov_urb,2022,6.333
blr,sex_t,age_aggregate_y55_64,geo_cov_urb,2023,5.166
blr,sex_t,age_aggregate_y55_64,geo_cov_urb,2024,4.13
blr,sex_t,age_aggregate_yge65,geo_cov_nat,2017,22.511
blr,sex_t,age_aggregate_yge65,geo_cov_nat,2018,17.506
blr,sex_t,age_aggregate_yge65,geo_cov_nat,2019,17.538
blr,sex_t,age_aggregate_yge65,geo_cov_nat,2020,15.393
blr,sex_t,age_aggregate_yge65,geo_cov_nat,2021,16.544
blr,sex_t,age_aggregate_yge65,geo_cov_nat,2022,12.491
blr,sex_t,age_aggregate_yge65,geo_cov_nat,2023,11.487
blr,sex_t,age_aggregate_yge65,geo_cov_nat,2024,8.169
blr,sex_t,age_aggregate_yge65,geo_cov_rur,2017,27.619
blr,sex_t,age_aggregate_yge65,geo_cov_rur,2018,19.024
blr,sex_t,age_aggregate_yge65,geo_cov_rur,2019,12.003
blr,sex_t,age_aggregate_yge65,geo_cov_rur,2020,17.528
blr,sex_t,age_aggregate_yge65,geo_cov_rur,2021,18.817
blr,sex_t,age_aggregate_yge65,geo_cov_rur,2022,20.204
blr,sex_t,age_aggregate_yge65,geo_cov_rur,2023,20.121
blr,sex_t,age_aggregate_yge65,geo_cov_rur,2024,14.774
blr,sex_t,age_aggregate_yge65,geo_cov_urb,2017,21.763
blr,sex_t,age_aggregate_yge65,geo_cov_urb,2018,17.282
blr,sex_t,age_aggregate_yge65,geo_cov_urb,2019,18.358
blr,sex_t,age_aggregate_yge65,geo_cov_urb,2020,15.055
blr,sex_t,age_aggregate_yge65,geo_cov_urb,2021,16.163
blr,sex_t,age_aggregate_yge65,geo_cov_urb,2022,10.783
blr,sex_t,age_aggregate_yge65,geo_cov_urb,2023,8.939
blr,sex_t,age_aggregate_yge65,geo_cov_urb,2024,6.127
blr,sex_t,age_ythadult_y15_24,geo_cov_nat,2017,14.649
blr,sex_t,age_ythadult_y15_24,geo_cov_nat,2018,15.82
blr,sex_t,age_ythadult_y15_24,geo_cov_nat,2019,17.092
blr,sex_t,age_ythadult_y15_24,geo_cov_nat,2020,19.178
blr,sex_t,age_ythadult_y15_24,geo_cov_nat,2021,15.688
blr,sex_t,age_ythadult_y15_24,geo_cov_nat,2022,15.99
blr,sex_t,age_ythadult_y15_24,geo_cov_nat,2023,15.943
blr,sex_t,age_ythadult_y15_24,geo_cov_nat,2024,13.612
blr,sex_t,age_ythadult_y15_24,geo_cov_rur,2017,13.959
blr,sex_t,age_ythadult_y15_24,geo_cov_rur,2018,10.497
blr,sex_t,age_ythadult_y15_24,geo_cov_rur,2019,16.167
blr,sex_t,age_ythadult_y15_24,geo_cov_rur,2020,14.826
blr,sex_t,age_ythadult_y15_24,geo_cov_rur,2021,13.534
blr,sex_t,age_ythadult_y15_24,geo_cov_rur,2022,12.504
blr,sex_t,age_ythadult_y15_24,geo_cov_rur,2023,16.568
blr,sex_t,age_ythadult_y15_24,geo_cov_rur,2024,14.458
blr,sex_t,age_ythadult_y15_24,geo_cov_urb,2017,14.799
blr,sex_t,age_ythadult_y15_24,geo_cov_urb,2018,17.003
blr,sex_t,age_ythadult_y15_24,geo_cov_urb,2019,17.3
blr,sex_t,age_ythadult_y15_24,geo_cov_urb,2020,20.256
blr,sex_t,age_ythadult_y15_24,geo_cov_urb,2021,16.259
blr,sex_t,age_ythadult_y15_24,geo_cov_urb,2022,16.848
blr,sex_t,age_ythadult_y15_24,geo_cov_urb,2023,15.794
blr,sex_t,age_ythadult_y15_24,geo_cov_urb,2024,13.443
blr,sex_t,age_ythadult_y15_64,geo_cov_nat,2017,8.108
blr,sex_t,age_ythadult_y15_64,geo_cov_nat,2018,6.922
blr,sex_t,age_ythadult_y15_64,geo_cov_nat,2019,6.315
blr,sex_t,age_ythadult_y15_64,geo_cov_nat,2020,6.44
blr,sex_t,age_ythadult_y15_64,geo_cov_nat,2021,6.184
blr,sex_t,age_ythadult_y15_64,geo_cov_nat,2022,5.487
blr,sex_t,age_ythadult_y15_64,geo_cov_nat,2023,5.081
blr,sex_t,age_ythadult_y15_64,geo_cov_nat,2024,4.295
blr,sex_t,age_ythadult_y15_64,geo_cov_rur,2017,8.408
blr,sex_t,age_ythadult_y15_64,geo_cov_rur,2018,6.328
blr,sex_t,age_ythadult_y15_64,geo_cov_rur,2019,6.144
blr,sex_t,age_ythadult_y15_64,geo_cov_rur,2020,6.333
blr,sex_t,age_ythadult_y15_64,geo_cov_rur,2021,6.165
blr,sex_t,age_ythadult_y15_64,geo_cov_rur,2022,5.906
blr,sex_t,age_ythadult_y15_64,geo_cov_rur,2023,6.486
blr,sex_t,age_ythadult_y15_64,geo_cov_rur,2024,4.911
blr,sex_t,age_ythadult_y15_64,geo_cov_urb,2017,8.029
blr,sex_t,age_ythadult_y15_64,geo_cov_urb,2018,7.075
blr,sex_t,age_ythadult_y15_64,geo_cov_urb,2019,6.358
blr,sex_t,age_ythadult_y15_64,geo_cov_urb,2020,6.467
blr,sex_t,age_ythadult_y15_64,geo_cov_urb,2021,6.189
blr,sex_t,age_ythadult_y15_64,geo_cov_urb,2022,5.375
blr,sex_t,age_ythadult_y15_64,geo_cov_urb,2023,4.714
blr,sex_t,age_ythadult_y15_64,geo_cov_urb,2024,4.137
blr,sex_t,age_ythadult_yge15,geo_cov_nat,2017,8.333
blr,sex_t,age_ythadult_yge15,geo_cov_nat,2018,7.101
blr,sex_t,age_ythadult_yge15,geo_cov_nat,2019,6.52
blr,sex_t,age_ythadult_yge15,geo_cov_nat,2020,6.61
blr,sex_t,age_ythadult_yge15,geo_cov_nat,2021,6.384
blr,sex_t,age_ythadult_yge15,geo_cov_nat,2022,5.633
blr,sex_t,age_ythadult_yge15,geo_cov_nat,2023,5.214
blr,sex_t,age_ythadult_yge15,geo_cov_nat,2024,4.378
blr,sex_t,age_ythadult_yge15,geo_cov_rur,2017,8.594
blr,sex_t,age_ythadult_yge15,geo_cov_rur,2018,6.464
blr,sex_t,age_ythadult_yge15,geo_cov_rur,2019,6.213
blr,sex_t,age_ythadult_yge15,geo_cov_rur,2020,6.477
blr,sex_t,age_ythadult_yge15,geo_cov_rur,2021,6.33
blr,sex_t,age_ythadult_yge15,geo_cov_rur,2022,6.16
blr,sex_t,age_ythadult_yge15,geo_cov_rur,2023,6.796
blr,sex_t,age_ythadult_yge15,geo_cov_rur,2024,5.156
blr,sex_t,age_ythadult_yge15,geo_cov_urb,2017,8.265
blr,sex_t,age_ythadult_yge15,geo_cov_urb,2018,7.264
blr,sex_t,age_ythadult_yge15,geo_cov_urb,2019,6.598
blr,sex_t,age_ythadult_yge15,geo_cov_urb,2020,6.643
blr,sex_t,age_ythadult_yge15,geo_cov_urb,2021,6.399
blr,sex_t,age_ythadult_yge15,geo_cov_urb,2022,5.491
blr,sex_t,age_ythadult_yge15,geo_cov_urb,2023,4.8
blr,sex_t,age_ythadult_yge15,geo_cov_urb,2024,4.178
blr,sex_t,age_ythadult_yge25,geo_cov_nat,2017,7.624
blr,sex_t,age_ythadult_yge25,geo_cov_nat,2018,6.245
blr,sex_t,age_ythadult_yge25,geo_cov_nat,2019,5.514
blr,sex_t,age_ythadult_yge25,geo_cov_nat,2020,5.429
blr,sex_t,age_ythadult_yge25,geo_cov_nat,2021,5.592
blr,sex_t,age_ythadult_yge25,geo_cov_nat,2022,4.739
blr,sex_t,age_ythadult_yge25,geo_cov_nat,2023,4.327
blr,sex_t,age_ythadult_yge25,geo_cov_nat,2024,3.632
blr,sex_t,age_ythadult_yge25,geo_cov_rur,2017,8.079
blr,sex_t,age_ythadult_yge25,geo_cov_rur,2018,6.115
blr,sex_t,age_ythadult_yge25,geo_cov_rur,2019,5.356
blr,sex_t,age_ythadult_yge25,geo_cov_rur,2020,5.705
blr,sex_t,age_ythadult_yge25,geo_cov_rur,2021,5.728
blr,sex_t,age_ythadult_yge25,geo_cov_rur,2022,5.651
blr,sex_t,age_ythadult_yge25,geo_cov_rur,2023,6.052
blr,sex_t,age_ythadult_yge25,geo_cov_rur,2024,4.552
blr,sex_t,age_ythadult_yge25,geo_cov_urb,2017,7.503
blr,sex_t,age_ythadult_yge25,geo_cov_urb,2018,6.279
blr,sex_t,age_ythadult_yge25,geo_cov_urb,2019,5.554
blr,sex_t,age_ythadult_yge25,geo_cov_urb,2020,5.36
blr,sex_t,age_ythadult_yge25,geo_cov_urb,2021,5.556
blr,sex_t,age_ythadult_yge25,geo_cov_urb,2022,4.493
blr,sex_t,age_ythadult_yge25,geo_cov_urb,2023,3.871
blr,sex_t,age_ythadult_yge25,geo_cov_urb,2024,3.39
blz,sex_f,age_aggregate_total,geo_cov_nat,2013,21.34
blz,sex_f,age_aggregate_total,geo_cov_nat,2014,20.031
blz,sex_f,age_aggregate_total,geo_cov_nat,2015,15.472
blz,sex_f,age_aggregate_total,geo_cov_nat,2016,15.775
blz,sex_f,age_aggregate_total,geo_cov_nat,2017,14.638
blz,sex_f,age_aggregate_total,geo_cov_rur,2013,25.301
blz,sex_f,age_aggregate_total,geo_cov_rur,2014,21.465
blz,sex_f,age_aggregate_total,geo_cov_rur,2015,16.16
blz,sex_f,age_aggregate_total,geo_cov_rur,2016,16.128
blz,sex_f,age_aggregate_total,geo_cov_rur,2017,17.613
blz,sex_f,age_aggregate_total,geo_cov_urb,2013,18.108
blz,sex_f,age_aggregate_total,geo_cov_urb,2014,18.964
blz,sex_f,age_aggregate_total,geo_cov_urb,2015,14.95
blz,sex_f,age_aggregate_total,geo_cov_urb,2016,15.471
blz,sex_f,age_aggregate_total,geo_cov_urb,2017,12.252
blz,sex_f,age_aggregate_y15_24,geo_cov_nat,2013,38.42
blz,sex_f,age_aggregate_y15_24,geo_cov_nat,2014,36.418
blz,sex_f,age_aggregate_y15_24,geo_cov_nat,2015,33.221
blz,sex_f,age_aggregate_y15_24,geo_cov_nat,2016,33.732
blz,sex_f,age_aggregate_y15_24,geo_cov_nat,2017,31.16
blz,sex_f,age_aggregate_y15_24,geo_cov_rur,2013,43.954
blz,sex_f,age_aggregate_y15_24,geo_cov_rur,2014,40.022
blz,sex_f,age_aggregate_y15_24,geo_cov_rur,2015,33.841
blz,sex_f,age_aggregate_y15_24,geo_cov_rur,2016,34.341
blz,sex_f,age_aggregate_y15_24,geo_cov_rur,2017,33.118
blz,sex_f,age_aggregate_y15_24,geo_cov_urb,2013,33.172
blz,sex_f,age_aggregate_y15_24,geo_cov_urb,2014,33.464
blz,sex_f,age_aggregate_y15_24,geo_cov_urb,2015,32.687
blz,sex_f,age_aggregate_y15_24,geo_cov_urb,2016,33.066
blz,sex_f,age_aggregate_y15_24,geo_cov_urb,2017,29.342
blz,sex_f,age_aggregate_y25_54,geo_cov_nat,2013,16.749
blz,sex_f,age_aggregate_y25_54,geo_cov_nat,2014,15.609
blz,sex_f,age_aggregate_y25_54,geo_cov_nat,2015,10.616
blz,sex_f,age_aggregate_y25_54,geo_cov_nat,2016,11.502
blz,sex_f,age_aggregate_y25_54,geo_cov_nat,2017,10.046
blz,sex_f,age_aggregate_y25_54,geo_cov_rur,2013,20.133
blz,sex_f,age_aggregate_y25_54,geo_cov_rur,2014,16.069
blz,sex_f,age_aggregate_y25_54,geo_cov_rur,2015,11.095
blz,sex_f,age_aggregate_y25_54,geo_cov_rur,2016,10.728
blz,sex_f,age_aggregate_y25_54,geo_cov_rur,2017,12.85
blz,sex_f,age_aggregate_y25_54,geo_cov_urb,2013,14.146
blz,sex_f,age_aggregate_y25_54,geo_cov_urb,2014,15.278
blz,sex_f,age_aggregate_y25_54,geo_cov_urb,2015,10.278
blz,sex_f,age_aggregate_y25_54,geo_cov_urb,2016,12.116
blz,sex_f,age_aggregate_y25_54,geo_cov_urb,2017,7.922
blz,sex_f,age_aggregate_y55_64,geo_cov_nat,2013,11.383
blz,sex_f,age_aggregate_y55_64,geo_cov_nat,2014,7.402
blz,sex_f,age_aggregate_y55_64,geo_cov_nat,2015,7.333
blz,sex_f,age_aggregate_y55_64,geo_cov_nat,2016,2.591
blz,sex_f,age_aggregate_y55_64,geo_cov_nat,2017,7.511
blz,sex_f,age_aggregate_y55_64,geo_cov_rur,2013,10.34
blz,sex_f,age_aggregate_y55_64,geo_cov_rur,2014,8.032
blz,sex_f,age_aggregate_y55_64,geo_cov_rur,2015,5.567
blz,sex_f,age_aggregate_y55_64,geo_cov_rur,2016,4.204
blz,sex_f,age_aggregate_y55_64,geo_cov_rur,2017,11.842
blz,sex_f,age_aggregate_y55_64,geo_cov_urb,2013,12.35
blz,sex_f,age_aggregate_y55_64,geo_cov_urb,2014,6.868
blz,sex_f,age_aggregate_y55_64,geo_cov_urb,2015,9.091
blz,sex_f,age_aggregate_y55_64,geo_cov_urb,2017,4.059
blz,sex_f,age_aggregate_yge65,geo_cov_nat,2014,10.98
blz,sex_f,age_ythadult_y15_24,geo_cov_nat,2013,38.42
blz,sex_f,age_ythadult_y15_24,geo_cov_nat,2014,36.418
blz,sex_f,age_ythadult_y15_24,geo_cov_nat,2015,33.221
blz,sex_f,age_ythadult_y15_24,geo_cov_nat,2016,33.732
blz,sex_f,age_ythadult_y15_24,geo_cov_nat,2017,31.16
blz,sex_f,age_ythadult_y15_24,geo_cov_rur,2013,43.954
blz,sex_f,age_ythadult_y15_24,geo_cov_rur,2014,40.022
blz,sex_f,age_ythadult_y15_24,geo_cov_rur,2015,33.841
blz,sex_f,age_ythadult_y15_24,geo_cov_rur,2016,34.341
blz,sex_f,age_ythadult_y15_24,geo_cov_rur,2017,33.118
blz,sex_f,age_ythadult_y15_24,geo_cov_urb,2013,33.172
blz,sex_f,age_ythadult_y15_24,geo_cov_urb,2014,33.464
blz,sex_f,age_ythadult_y15_24,geo_cov_urb,2015,32.687
blz,sex_f,age_ythadult_y15_24,geo_cov_urb,2016,33.066
blz,sex_f,age_ythadult_y15_24,geo_cov_urb,2017,29.342
blz,sex_f,age_ythadult_y15_64,geo_cov_nat,2013,21.621
blz,sex_f,age_ythadult_y15_64,geo_cov_nat,2014,20.207
blz,sex_f,age_ythadult_y15_64,geo_cov_nat,2015,15.656
blz,sex_f,age_ythadult_y15_64,geo_cov_nat,2016,16.032
blz,sex_f,age_ythadult_y15_64,geo_cov_nat,2017,14.954
blz,sex_f,age_ythadult_y15_64,geo_cov_rur,2013,25.701
blz,sex_f,age_ythadult_y15_64,geo_cov_rur,2014,21.703
blz,sex_f,age_ythadult_y15_64,geo_cov_rur,2015,16.38
blz,sex_f,age_ythadult_y15_64,geo_cov_rur,2016,16.433
blz,sex_f,age_ythadult_y15_64,geo_cov_rur,2017,18.058
blz,sex_f,age_ythadult_y15_64,geo_cov_urb,2013,18.286
blz,sex_f,age_ythadult_y15_64,geo_cov_urb,2014,19.086
blz,sex_f,age_ythadult_y15_64,geo_cov_urb,2015,15.11
blz,sex_f,age_ythadult_y15_64,geo_cov_urb,2017,12.477
blz,sex_f,age_ythadult_yge15,geo_cov_nat,2013,21.34
blz,sex_f,age_ythadult_yge15,geo_cov_nat,2014,20.031
blz,sex_f,age_ythadult_yge15,geo_cov_nat,2015,15.472
blz,sex_f,age_ythadult_yge15,geo_cov_nat,2016,15.775
blz,sex_f,age_ythadult_yge15,geo_cov_nat,2017,14.638
blz,sex_f,age_ythadult_yge15,geo_cov_rur,2013,25.301
blz,sex_f,age_ythadult_yge15,geo_cov_rur,2014,21.465
blz,sex_f,age_ythadult_yge15,geo_cov_rur,2015,16.16
blz,sex_f,age_ythadult_yge15,geo_cov_rur,2016,16.128
blz,sex_f,age_ythadult_yge15,geo_cov_rur,2017,17.613
blz,sex_f,age_ythadult_yge15,geo_cov_urb,2013,18.108
blz,sex_f,age_ythadult_yge15,geo_cov_urb,2014,18.964
blz,sex_f,age_ythadult_yge15,geo_cov_urb,2015,14.95
blz,sex_f,age_ythadult_yge15,geo_cov_urb,2016,15.471
blz,sex_f,age_ythadult_yge15,geo_cov_urb,2017,12.252
blz,sex_f,age_ythadult_yge25,geo_cov_nat,2013,16.112
blz,sex_f,age_ythadult_yge25,geo_cov_nat,2014,14.966
blz,sex_f,age_ythadult_yge25,geo_cov_nat,2015,10.203
blz,sex_f,age_ythadult_yge25,geo_cov_nat,2016,10.616
blz,sex_f,age_ythadult_yge25,geo_cov_nat,2017,9.586
blz,sex_f,age_ythadult_yge25,geo_cov_rur,2013,18.956
blz,sex_f,age_ythadult_yge25,geo_cov_rur,2014,15.3
blz,sex_f,age_ythadult_yge25,geo_cov_rur,2015,10.401
blz,sex_f,age_ythadult_yge25,geo_cov_rur,2016,9.994
blz,sex_f,age_ythadult_yge25,geo_cov_rur,2017,12.349
blz,sex_f,age_ythadult_yge25,geo_cov_urb,2013,13.895
blz,sex_f,age_ythadult_yge25,geo_cov_urb,2014,14.725
blz,sex_f,age_ythadult_yge25,geo_cov_urb,2015,10.059
blz,sex_f,age_ythadult_yge25,geo_cov_urb,2016,11.115
blz,sex_f,age_ythadult_yge25,geo_cov_urb,2017,7.469
blz,sex_m,age_aggregate_total,geo_cov_nat,2013,7.995
blz,sex_m,age_aggregate_total,geo_cov_nat,2014,6.226
blz,sex_m,age_aggregate_total,geo_cov_nat,2015,6.838
blz,sex_m,age_aggregate_total,geo_cov_nat,2016,5.511
blz,sex_m,age_aggregate_total,geo_cov_nat,2017,5.997
blz,sex_m,age_aggregate_total,geo_cov_rur,2013,6.91
blz,sex_m,age_aggregate_total,geo_cov_rur,2014,5.66
blz,sex_m,age_aggregate_total,geo_cov_rur,2015,5.727
blz,sex_m,age_aggregate_total,geo_cov_rur,2016,4.666
blz,sex_m,age_aggregate_total,geo_cov_rur,2017,5.685
blz,sex_m,age_aggregate_total,geo_cov_urb,2013,9.344
blz,sex_m,age_aggregate_total,geo_cov_urb,2014,6.936
blz,sex_m,age_aggregate_total,geo_cov_urb,2015,8.248
blz,sex_m,age_aggregate_total,geo_cov_urb,2016,6.569
blz,sex_m,age_aggregate_total,geo_cov_urb,2017,6.389
blz,sex_m,age_aggregate_y15_24,geo_cov_nat,2013,15.969
blz,sex_m,age_aggregate_y15_24,geo_cov_nat,2014,15.14
blz,sex_m,age_aggregate_y15_24,geo_cov_nat,2015,14.053
blz,sex_m,age_aggregate_y15_24,geo_cov_nat,2016,13.93
blz,sex_m,age_aggregate_y15_24,geo_cov_nat,2017,12.361
blz,sex_m,age_aggregate_y15_24,geo_cov_rur,2013,12.887
blz,sex_m,age_aggregate_y15_24,geo_cov_rur,2014,12.967
blz,sex_m,age_aggregate_y15_24,geo_cov_rur,2015,12.12
blz,sex_m,age_aggregate_y15_24,geo_cov_rur,2016,10.825
blz,sex_m,age_aggregate_y15_24,geo_cov_rur,2017,11.095
blz,sex_m,age_aggregate_y15_24,geo_cov_urb,2013,20.576
blz,sex_m,age_aggregate_y15_24,geo_cov_urb,2014,18.48
blz,sex_m,age_aggregate_y15_24,geo_cov_urb,2015,17.063
blz,sex_m,age_aggregate_y15_24,geo_cov_urb,2016,18.493
blz,sex_m,age_aggregate_y15_24,geo_cov_urb,2017,14.166
blz,sex_m,age_aggregate_y25_54,geo_cov_nat,2013,5.107
blz,sex_m,age_aggregate_y25_54,geo_cov_nat,2014,3.541
blz,sex_m,age_aggregate_y25_54,geo_cov_nat,2015,4.647
blz,sex_m,age_aggregate_y25_54,geo_cov_nat,2016,3.008
blz,sex_m,age_aggregate_y25_54,geo_cov_nat,2017,4.235
blz,sex_m,age_aggregate_y25_54,geo_cov_rur,2013,4.538
blz,sex_m,age_aggregate_y25_54,geo_cov_rur,2014,3.216
blz,sex_m,age_aggregate_y25_54,geo_cov_rur,2015,3.566
blz,sex_m,age_aggregate_y25_54,geo_cov_rur,2016,2.724
blz,sex_m,age_aggregate_y25_54,geo_cov_rur,2017,4.338
blz,sex_m,age_aggregate_y25_54,geo_cov_urb,2013,5.75
blz,sex_m,age_aggregate_y25_54,geo_cov_urb,2014,3.912
blz,sex_m,age_aggregate_y25_54,geo_cov_urb,2015,5.869
blz,sex_m,age_aggregate_y25_54,geo_cov_urb,2016,3.338
blz,sex_m,age_aggregate_y25_54,geo_cov_urb,2017,4.114
blz,sex_m,age_aggregate_y55_64,geo_cov_nat,2013,6.378
blz,sex_m,age_aggregate_y55_64,geo_cov_nat,2014,1.242
blz,sex_m,age_aggregate_y55_64,geo_cov_nat,2015,2.86
blz,sex_m,age_aggregate_y55_64,geo_cov_nat,2016,1.495
blz,sex_m,age_aggregate_y55_64,geo_cov_nat,2017,3.301
blz,sex_m,age_aggregate_y55_64,geo_cov_rur,2013,6.014
blz,sex_m,age_aggregate_y55_64,geo_cov_rur,2015,2.229
blz,sex_m,age_aggregate_y55_64,geo_cov_rur,2017,2.124
blz,sex_m,age_aggregate_y55_64,geo_cov_urb,2013,6.844
blz,sex_m,age_aggregate_y55_64,geo_cov_urb,2015,3.96
blz,sex_m,age_aggregate_y55_64,geo_cov_urb,2017,5.11
blz,sex_m,age_aggregate_yge65,geo_cov_nat,2013,9.016
blz,sex_m,age_aggregate_yge65,geo_cov_nat,2014,4.548
blz,sex_m,age_aggregate_yge65,geo_cov_nat,2015,7.311
blz,sex_m,age_aggregate_yge65,geo_cov_nat,2016,2.845
blz,sex_m,age_aggregate_yge65,geo_cov_rur,2013,5.953
blz,sex_m,age_aggregate_yge65,geo_cov_rur,2014,3.886
blz,sex_m,age_aggregate_yge65,geo_cov_rur,2015,5.367
blz,sex_m,age_aggregate_yge65,geo_cov_urb,2013,14.622
blz,sex_m,age_aggregate_yge65,geo_cov_urb,2015,10.062
blz,sex_m,age_ythadult_y15_24,geo_cov_nat,2013,15.969
blz,sex_m,age_ythadult_y15_24,geo_cov_nat,2014,15.14
blz,sex_m,age_ythadult_y15_24,geo_cov_nat,2015,14.053
blz,sex_m,age_ythadult_y15_24,geo_cov_nat,2016,13.93
blz,sex_m,age_ythadult_y15_24,geo_cov_nat,2017,12.361
blz,sex_m,age_ythadult_y15_24,geo_cov_rur,2013,12.887
blz,sex_m,age_ythadult_y15_24,geo_cov_rur,2014,12.967
blz,sex_m,age_ythadult_y15_24,geo_cov_rur,2015,12.12
blz,sex_m,age_ythadult_y15_24,geo_cov_rur,2016,10.825
blz,sex_m,age_ythadult_y15_24,geo_cov_rur,2017,11.095
blz,sex_m,age_ythadult_y15_24,geo_cov_urb,2013,20.576
blz,sex_m,age_ythadult_y15_24,geo_cov_urb,2014,18.48
blz,sex_m,age_ythadult_y15_24,geo_cov_urb,2015,17.063
blz,sex_m,age_ythadult_y15_24,geo_cov_urb,2016,18.493
blz,sex_m,age_ythadult_y15_24,geo_cov_urb,2017,14.166
blz,sex_m,age_ythadult_y15_64,geo_cov_nat,2013,7.954
blz,sex_m,age_ythadult_y15_64,geo_cov_nat,2014,6.29
blz,sex_m,age_ythadult_y15_64,geo_cov_nat,2015,6.82
blz,sex_m,age_ythadult_y15_64,geo_cov_nat,2016,5.614
blz,sex_m,age_ythadult_y15_64,geo_cov_nat,2017,6.136
blz,sex_m,age_ythadult_y15_64,geo_cov_rur,2013,6.955
blz,sex_m,age_ythadult_y15_64,geo_cov_rur,2014,5.735
blz,sex_m,age_ythadult_y15_64,geo_cov_rur,2015,5.742
blz,sex_m,age_ythadult_y15_64,geo_cov_rur,2016,4.763
blz,sex_m,age_ythadult_y15_64,geo_cov_rur,2017,5.882
blz,sex_m,age_ythadult_y15_64,geo_cov_urb,2013,9.178
blz,sex_m,age_ythadult_y15_64,geo_cov_urb,2014,6.979
blz,sex_m,age_ythadult_y15_64,geo_cov_urb,2015,8.182
blz,sex_m,age_ythadult_y15_64,geo_cov_urb,2017,6.452
blz,sex_m,age_ythadult_yge15,geo_cov_nat,2013,7.995
blz,sex_m,age_ythadult_yge15,geo_cov_nat,2014,6.226
blz,sex_m,age_ythadult_yge15,geo_cov_nat,2015,6.838
blz,sex_m,age_ythadult_yge15,geo_cov_nat,2016,5.511
blz,sex_m,age_ythadult_yge15,geo_cov_nat,2017,5.997
blz,sex_m,age_ythadult_yge15,geo_cov_rur,2013,6.91
blz,sex_m,age_ythadult_yge15,geo_cov_rur,2014,5.66
blz,sex_m,age_ythadult_yge15,geo_cov_rur,2015,5.727
blz,sex_m,age_ythadult_yge15,geo_cov_rur,2016,4.666
blz,sex_m,age_ythadult_yge15,geo_cov_rur,2017,5.685
blz,sex_m,age_ythadult_yge15,geo_cov_urb,2013,9.344
blz,sex_m,age_ythadult_yge15,geo_cov_urb,2014,6.936
blz,sex_m,age_ythadult_yge15,geo_cov_urb,2015,8.248
blz,sex_m,age_ythadult_yge15,geo_cov_urb,2016,6.569
blz,sex_m,age_ythadult_yge15,geo_cov_urb,2017,6.389
blz,sex_m,age_ythadult_yge25,geo_cov_nat,2013,5.428
blz,sex_m,age_ythadult_yge25,geo_cov_nat,2014,3.369
blz,sex_m,age_ythadult_yge25,geo_cov_nat,2015,4.6
blz,sex_m,age_ythadult_yge25,geo_cov_nat,2016,2.851
blz,sex_m,age_ythadult_yge25,geo_cov_nat,2017,4.043
blz,sex_m,age_ythadult_yge25,geo_cov_rur,2013,4.772
blz,sex_m,age_ythadult_yge25,geo_cov_rur,2014,3.031
blz,sex_m,age_ythadult_yge25,geo_cov_rur,2015,3.506
blz,sex_m,age_ythadult_yge25,geo_cov_rur,2016,2.536
blz,sex_m,age_ythadult_yge25,geo_cov_rur,2017,3.898
blz,sex_m,age_ythadult_yge25,geo_cov_urb,2013,6.197
blz,sex_m,age_ythadult_yge25,geo_cov_urb,2014,3.765
blz,sex_m,age_ythadult_yge25,geo_cov_urb,2015,5.903
blz,sex_m,age_ythadult_yge25,geo_cov_urb,2016,3.227
blz,sex_m,age_ythadult_yge25,geo_cov_urb,2017,4.218
blz,sex_t,age_aggregate_total,geo_cov_nat,2013,13.236
blz,sex_t,age_aggregate_total,geo_cov_nat,2014,11.615
blz,sex_t,age_aggregate_total,geo_cov_nat,2015,10.192
blz,sex_t,age_aggregate_total,geo_cov_nat,2016,9.573
blz,sex_t,age_aggregate_total,geo_cov_nat,2017,9.398
blz,sex_t,age_aggregate_total,geo_cov_rur,2013,13.238
blz,sex_t,age_aggregate_total,geo_cov_rur,2014,10.866
blz,sex_t,age_aggregate_total,geo_cov_rur,2015,9.158
blz,sex_t,age_aggregate_total,geo_cov_rur,2016,8.709
blz,sex_t,age_aggregate_total,geo_cov_rur,2017,9.761
blz,sex_t,age_aggregate_total,geo_cov_urb,2013,13.233
blz,sex_t,age_aggregate_total,geo_cov_urb,2014,12.381
blz,sex_t,age_aggregate_total,geo_cov_urb,2015,11.266
blz,sex_t,age_aggregate_total,geo_cov_urb,2016,10.505
blz,sex_t,age_aggregate_total,geo_cov_urb,2017,9.016
blz,sex_t,age_aggregate_y15_24,geo_cov_nat,2013,24.58
blz,sex_t,age_aggregate_y15_24,geo_cov_nat,2014,23.306
blz,sex_t,age_aggregate_y15_24,geo_cov_nat,2015,21.345
blz,sex_t,age_aggregate_y15_24,geo_cov_nat,2016,21.423
blz,sex_t,age_aggregate_y15_24,geo_cov_nat,2017,19.744
blz,sex_t,age_aggregate_y15_24,geo_cov_rur,2013,23.317
blz,sex_t,age_aggregate_y15_24,geo_cov_rur,2014,21.531
blz,sex_t,age_aggregate_y15_24,geo_cov_rur,2015,19.033
blz,sex_t,age_aggregate_y15_24,geo_cov_rur,2016,19.014
blz,sex_t,age_aggregate_y15_24,geo_cov_rur,2017,18.724
blz,sex_t,age_aggregate_y15_24,geo_cov_urb,2013,26.162
blz,sex_t,age_aggregate_y15_24,geo_cov_urb,2014,25.443
blz,sex_t,age_aggregate_y15_24,geo_cov_urb,2015,24.21
blz,sex_t,age_aggregate_y15_24,geo_cov_urb,2016,24.585
blz,sex_t,age_aggregate_y15_24,geo_cov_urb,2017,20.972
blz,sex_t,age_aggregate_y25_54,geo_cov_nat,2013,9.879
blz,sex_t,age_aggregate_y25_54,geo_cov_nat,2014,8.459
blz,sex_t,age_aggregate_y25_54,geo_cov_nat,2015,7.065
blz,sex_t,age_aggregate_y25_54,geo_cov_nat,2016,6.531
blz,sex_t,age_aggregate_y25_54,geo_cov_nat,2017,6.595
blz,sex_t,age_aggregate_y25_54,geo_cov_rur,2013,10.195
blz,sex_t,age_aggregate_y25_54,geo_cov_rur,2014,7.724
blz,sex_t,age_aggregate_y25_54,geo_cov_rur,2015,6.177
blz,sex_t,age_aggregate_y25_54,geo_cov_rur,2016,5.676
blz,sex_t,age_aggregate_y25_54,geo_cov_rur,2017,7.357
blz,sex_t,age_aggregate_y25_54,geo_cov_urb,2013,9.575
blz,sex_t,age_aggregate_y25_54,geo_cov_urb,2014,9.154
blz,sex_t,age_aggregate_y25_54,geo_cov_urb,2015,7.897
blz,sex_t,age_aggregate_y25_54,geo_cov_urb,2016,7.378
blz,sex_t,age_aggregate_y25_54,geo_cov_urb,2017,5.853
blz,sex_t,age_aggregate_y55_64,geo_cov_nat,2013,8.015
blz,sex_t,age_aggregate_y55_64,geo_cov_nat,2014,3.1
blz,sex_t,age_aggregate_y55_64,geo_cov_nat,2015,4.367
blz,sex_t,age_aggregate_y55_64,geo_cov_nat,2016,1.862
blz,sex_t,age_aggregate_y55_64,geo_cov_nat,2017,4.644
blz,sex_t,age_aggregate_y55_64,geo_cov_rur,2013,7.286
blz,sex_t,age_aggregate_y55_64,geo_cov_rur,2014,2.834
blz,sex_t,age_aggregate_y55_64,geo_cov_rur,2015,3.181
blz,sex_t,age_aggregate_y55_64,geo_cov_rur,2016,1.877
blz,sex_t,age_aggregate_y55_64,geo_cov_rur,2017,4.606
blz,sex_t,age_aggregate_y55_64,geo_cov_urb,2013,8.856
blz,sex_t,age_aggregate_y55_64,geo_cov_urb,2014,3.403
blz,sex_t,age_aggregate_y55_64,geo_cov_urb,2015,6.069
blz,sex_t,age_aggregate_y55_64,geo_cov_urb,2016,1.846
blz,sex_t,age_aggregate_y55_64,geo_cov_urb,2017,4.692
blz,sex_t,age_aggregate_yge65,geo_cov_nat,2013,8.262
blz,sex_t,age_aggregate_yge65,geo_cov_nat,2014,6.155
blz,sex_t,age_aggregate_yge65,geo_cov_nat,2015,6.194
blz,sex_t,age_aggregate_yge65,geo_cov_nat,2016,2.611
blz,sex_t,age_aggregate_yge65,geo_cov_rur,2013,5.339
blz,sex_t,age_aggregate_yge65,geo_cov_rur,2014,4.19
blz,sex_t,age_aggregate_yge65,geo_cov_rur,2015,4.821
blz,sex_t,age_aggregate_yge65,geo_cov_rur,2016,2.507
blz,sex_t,age_aggregate_yge65,geo_cov_urb,2013,12.619
blz,sex_t,age_aggregate_yge65,geo_cov_urb,2014,8.518
blz,sex_t,age_aggregate_yge65,geo_cov_urb,2015,8.051
blz,sex_t,age_aggregate_yge65,geo_cov_urb,2016,2.792
blz,sex_t,age_ythadult_y15_24,geo_cov_nat,2013,24.58
blz,sex_t,age_ythadult_y15_24,geo_cov_nat,2014,23.306
blz,sex_t,age_ythadult_y15_24,geo_cov_nat,2015,21.345
blz,sex_t,age_ythadult_y15_24,geo_cov_nat,2016,21.423
blz,sex_t,age_ythadult_y15_24,geo_cov_nat,2017,19.744
blz,sex_t,age_ythadult_y15_24,geo_cov_rur,2013,23.317
blz,sex_t,age_ythadult_y15_24,geo_cov_rur,2014,21.531
blz,sex_t,age_ythadult_y15_24,geo_cov_rur,2015,19.033
blz,sex_t,age_ythadult_y15_24,geo_cov_rur,2016,19.014
blz,sex_t,age_ythadult_y15_24,geo_cov_rur,2017,18.724
blz,sex_t,age_ythadult_y15_24,geo_cov_urb,2013,26.162
blz,sex_t,age_ythadult_y15_24,geo_cov_urb,2014,25.443
blz,sex_t,age_ythadult_y15_24,geo_cov_urb,2015,24.21
blz,sex_t,age_ythadult_y15_24,geo_cov_urb,2016,24.585
blz,sex_t,age_ythadult_y15_24,geo_cov_urb,2017,20.972
blz,sex_t,age_ythadult_y15_64,geo_cov_nat,2013,13.391
blz,sex_t,age_ythadult_y15_64,geo_cov_nat,2014,11.783
blz,sex_t,age_ythadult_y15_64,geo_cov_nat,2015,10.305
blz,sex_t,age_ythadult_y15_64,geo_cov_nat,2016,9.786
blz,sex_t,age_ythadult_y15_64,geo_cov_nat,2017,9.633
blz,sex_t,age_ythadult_y15_64,geo_cov_rur,2013,13.527
blz,sex_t,age_ythadult_y15_64,geo_cov_rur,2014,11.089
blz,sex_t,age_ythadult_y15_64,geo_cov_rur,2015,9.297
blz,sex_t,age_ythadult_y15_64,geo_cov_rur,2016,8.943
blz,sex_t,age_ythadult_y15_64,geo_cov_rur,2017,10.079
blz,sex_t,age_ythadult_y15_64,geo_cov_urb,2013,13.249
blz,sex_t,age_ythadult_y15_64,geo_cov_urb,2014,12.489
blz,sex_t,age_ythadult_y15_64,geo_cov_urb,2015,11.344
blz,sex_t,age_ythadult_y15_64,geo_cov_urb,2017,9.168
blz,sex_t,age_ythadult_yge15,geo_cov_nat,2013,13.236
blz,sex_t,age_ythadult_yge15,geo_cov_nat,2014,11.615
blz,sex_t,age_ythadult_yge15,geo_cov_nat,2015,10.192
blz,sex_t,age_ythadult_yge15,geo_cov_nat,2016,9.573
blz,sex_t,age_ythadult_yge15,geo_cov_nat,2017,9.398
blz,sex_t,age_ythadult_yge15,geo_cov_rur,2013,13.238
blz,sex_t,age_ythadult_yge15,geo_cov_rur,2014,10.866
blz,sex_t,age_ythadult_yge15,geo_cov_rur,2015,9.158
blz,sex_t,age_ythadult_yge15,geo_cov_rur,2016,8.709
blz,sex_t,age_ythadult_yge15,geo_cov_rur,2017,9.761
blz,sex_t,age_ythadult_yge15,geo_cov_urb,2013,13.233
blz,sex_t,age_ythadult_yge15,geo_cov_urb,2014,12.381
blz,sex_t,age_ythadult_yge15,geo_cov_urb,2015,11.266
blz,sex_t,age_ythadult_yge15,geo_cov_urb,2016,10.505
blz,sex_t,age_ythadult_yge15,geo_cov_urb,2017,9.016
blz,sex_t,age_ythadult_yge25,geo_cov_nat,2013,9.654
blz,sex_t,age_ythadult_yge25,geo_cov_nat,2014,7.921
blz,sex_t,age_ythadult_yge25,geo_cov_nat,2015,6.79
blz,sex_t,age_ythadult_yge25,geo_cov_nat,2016,5.965
blz,sex_t,age_ythadult_yge25,geo_cov_nat,2017,6.226
blz,sex_t,age_ythadult_yge25,geo_cov_rur,2013,9.694
blz,sex_t,age_ythadult_yge25,geo_cov_rur,2014,7.128
blz,sex_t,age_ythadult_yge25,geo_cov_rur,2015,5.798
blz,sex_t,age_ythadult_yge25,geo_cov_rur,2016,5.179
blz,sex_t,age_ythadult_yge25,geo_cov_rur,2017,6.773
blz,sex_t,age_ythadult_yge25,geo_cov_urb,2013,9.614
blz,sex_t,age_ythadult_yge25,geo_cov_urb,2014,8.689
blz,sex_t,age_ythadult_yge25,geo_cov_urb,2015,7.767
blz,sex_t,age_ythadult_yge25,geo_cov_urb,2016,6.764
blz,sex_t,age_ythadult_yge25,geo_cov_urb,2017,5.674
bol,sex_f,age_aggregate_total,geo_cov_nat,2000,12.956
bol,sex_f,age_aggregate_total,geo_cov_nat,2001,12.075
bol,sex_f,age_aggregate_total,geo_cov_nat,2002,11.635
bol,sex_f,age_aggregate_total,geo_cov_nat,2004,10.587
bol,sex_f,age_aggregate_total,geo_cov_nat,2005,11.959
bol,sex_f,age_aggregate_total,geo_cov_nat,2006,9.358
bol,sex_f,age_aggregate_total,geo_cov_nat,2007,9.768
bol,sex_f,age_aggregate_total,geo_cov_nat,2008,8.063
bol,sex_f,age_aggregate_total,geo_cov_nat,2009,8.59
bol,sex_f,age_aggregate_total,geo_cov_nat,2011,7.061
bol,sex_f,age_aggregate_total,geo_cov_nat,2012,7.492
bol,sex_f,age_aggregate_total,geo_cov_nat,2013,7.06
bol,sex_f,age_aggregate_total,geo_cov_nat,2014,7.041
bol,sex_f,age_aggregate_total,geo_cov_nat,2015,7.344
bol,sex_f,age_aggregate_total,geo_cov_nat,2016,7.248
bol,sex_f,age_aggregate_total,geo_cov_nat,2017,6.378
bol,sex_f,age_aggregate_total,geo_cov_nat,2018,5.423
bol,sex_f,age_aggregate_total,geo_cov_nat,2019,6.148
bol,sex_f,age_aggregate_total,geo_cov_nat,2020,15.188
bol,sex_f,age_aggregate_total,geo_cov_nat,2021,8.237
bol,sex_f,age_aggregate_total,geo_cov_nat,2022,6.213
bol,sex_f,age_aggregate_total,geo_cov_nat,2023,5.487
bol,sex_f,age_aggregate_total,geo_cov_nat,2024,5.917
bol,sex_f,age_aggregate_total,geo_cov_rur,2000,4.755
bol,sex_f,age_aggregate_total,geo_cov_rur,2001,3.378
bol,sex_f,age_aggregate_total,geo_cov_rur,2002,6.25
bol,sex_f,age_aggregate_total,geo_cov_rur,2004,4.767
bol,sex_f,age_aggregate_total,geo_cov_rur,2005,4.692
bol,sex_f,age_aggregate_total,geo_cov_rur,2006,2.793
bol,sex_f,age_aggregate_total,geo_cov_rur,2007,3.936
bol,sex_f,age_aggregate_total,geo_cov_rur,2008,3.85
bol,sex_f,age_aggregate_total,geo_cov_rur,2009,3.763
bol,sex_f,age_aggregate_total,geo_cov_rur,2011,2.95
bol,sex_f,age_aggregate_total,geo_cov_rur,2012,3.923
bol,sex_f,age_aggregate_total,geo_cov_rur,2013,3.406
bol,sex_f,age_aggregate_total,geo_cov_rur,2014,3.027
bol,sex_f,age_aggregate_total,geo_cov_rur,2015,3.974
bol,sex_f,age_aggregate_total,geo_cov_rur,2016,3.275
bol,sex_f,age_aggregate_total,geo_cov_rur,2017,1.982
bol,sex_f,age_aggregate_total,geo_cov_rur,2018,1.595
bol,sex_f,age_aggregate_total,geo_cov_rur,2019,2.22
bol,sex_f,age_aggregate_total,geo_cov_rur,2020,5.877
bol,sex_f,age_aggregate_total,geo_cov_rur,2021,2.629
bol,sex_f,age_aggregate_total,geo_cov_rur,2022,1.976
bol,sex_f,age_aggregate_total,geo_cov_rur,2023,1.547
bol,sex_f,age_aggregate_total,geo_cov_rur,2024,1.806
bol,sex_f,age_aggregate_total,geo_cov_urb,2000,17.735
bol,sex_f,age_aggregate_total,geo_cov_urb,2001,17.186
bol,sex_f,age_aggregate_total,geo_cov_urb,2002,14.862
bol,sex_f,age_aggregate_total,geo_cov_urb,2004,14.342
bol,sex_f,age_aggregate_total,geo_cov_urb,2005,16.433
bol,sex_f,age_aggregate_total,geo_cov_urb,2006,13.526
bol,sex_f,age_aggregate_total,geo_cov_urb,2007,13.602
bol,sex_f,age_aggregate_total,geo_cov_urb,2008,10.512
bol,sex_f,age_aggregate_total,geo_cov_urb,2009,11.288
bol,sex_f,age_aggregate_total,geo_cov_urb,2011,9.322
bol,sex_f,age_aggregate_total,geo_cov_urb,2012,9.229
bol,sex_f,age_aggregate_total,geo_cov_urb,2013,8.974
bol,sex_f,age_aggregate_total,geo_cov_urb,2014,9.209
bol,sex_f,age_aggregate_total,geo_cov_urb,2015,9.068
bol,sex_f,age_aggregate_total,geo_cov_urb,2016,9.268
bol,sex_f,age_aggregate_total,geo_cov_urb,2017,8.734
bol,sex_f,age_aggregate_total,geo_cov_urb,2018,7.429
bol,sex_f,age_aggregate_total,geo_cov_urb,2019,8.15
bol,sex_f,age_aggregate_total,geo_cov_urb,2020,19.535
bol,sex_f,age_aggregate_total,geo_cov_urb,2021,11
bol,sex_f,age_aggregate_total,geo_cov_urb,2022,8.21
bol,sex_f,age_aggregate_total,geo_cov_urb,2023,7.347
bol,sex_f,age_aggregate_total,geo_cov_urb,2024,7.78
bol,sex_f,age_aggregate_y15_24,geo_cov_nat,2000,22.788
bol,sex_f,age_aggregate_y15_24,geo_cov_nat,2001,18.437
bol,sex_f,age_aggregate_y15_24,geo_cov_nat,2002,18.41
bol,sex_f,age_aggregate_y15_24,geo_cov_nat,2004,19.273
bol,sex_f,age_aggregate_y15_24,geo_cov_nat,2005,18.933
bol,sex_f,age_aggregate_y15_24,geo_cov_nat,2006,15.159
bol,sex_f,age_aggregate_y15_24,geo_cov_nat,2007,19.636
bol,sex_f,age_aggregate_y15_24,geo_cov_nat,2008,15.552
bol,sex_f,age_aggregate_y15_24,geo_cov_nat,2009,14.654
bol,sex_f,age_aggregate_y15_24,geo_cov_nat,2011,13.796
bol,sex_f,age_aggregate_y15_24,geo_cov_nat,2012,13.477
bol,sex_f,age_aggregate_y15_24,geo_cov_nat,2013,12.561
bol,sex_f,age_aggregate_y15_24,geo_cov_nat,2014,14.52
bol,sex_f,age_aggregate_y15_24,geo_cov_nat,2015,15.812
bol,sex_f,age_aggregate_y15_24,geo_cov_nat,2016,13.723
bol,sex_f,age_aggregate_y15_24,geo_cov_nat,2017,11.653
bol,sex_f,age_aggregate_y15_24,geo_cov_nat,2018,10.357
bol,sex_f,age_aggregate_y15_24,geo_cov_nat,2019,11.555
bol,sex_f,age_aggregate_y15_24,geo_cov_nat,2020,25.794
bol,sex_f,age_aggregate_y15_24,geo_cov_nat,2021,12.988
bol,sex_f,age_aggregate_y15_24,geo_cov_nat,2022,10.076
bol,sex_f,age_aggregate_y15_24,geo_cov_nat,2023,9.347
bol,sex_f,age_aggregate_y15_24,geo_cov_nat,2024,9.855
bol,sex_f,age_aggregate_y15_24,geo_cov_rur,2000,7.662
bol,sex_f,age_aggregate_y15_24,geo_cov_rur,2001,5.118
bol,sex_f,age_aggregate_y15_24,geo_cov_rur,2002,9.185
bol,sex_f,age_aggregate_y15_24,geo_cov_rur,2004,10.357
bol,sex_f,age_aggregate_y15_24,geo_cov_rur,2005,10.134
bol,sex_f,age_aggregate_y15_24,geo_cov_rur,2006,5.242
bol,sex_f,age_aggregate_y15_24,geo_cov_rur,2007,4.466
bol,sex_f,age_aggregate_y15_24,geo_cov_rur,2008,6.218
bol,sex_f,age_aggregate_y15_24,geo_cov_rur,2009,8.889
bol,sex_f,age_aggregate_y15_24,geo_cov_rur,2011,5.317
bol,sex_f,age_aggregate_y15_24,geo_cov_rur,2012,7.371
bol,sex_f,age_aggregate_y15_24,geo_cov_rur,2013,6.208
bol,sex_f,age_aggregate_y15_24,geo_cov_rur,2014,5.226
bol,sex_f,age_aggregate_y15_24,geo_cov_rur,2015,8.745
bol,sex_f,age_aggregate_y15_24,geo_cov_rur,2016,7.585
bol,sex_f,age_aggregate_y15_24,geo_cov_rur,2017,3.99
bol,sex_f,age_aggregate_y15_24,geo_cov_rur,2018,3.848
bol,sex_f,age_aggregate_y15_24,geo_cov_rur,2019,4.647
bol,sex_f,age_aggregate_y15_24,geo_cov_rur,2020,10.575
bol,sex_f,age_aggregate_y15_24,geo_cov_rur,2021,5.302
bol,sex_f,age_aggregate_y15_24,geo_cov_rur,2022,3.065
bol,sex_f,age_aggregate_y15_24,geo_cov_rur,2023,3.441
bol,sex_f,age_aggregate_y15_24,geo_cov_rur,2024,4.187
bol,sex_f,age_aggregate_y15_24,geo_cov_urb,2000,31.551
bol,sex_f,age_aggregate_y15_24,geo_cov_urb,2001,25.663
bol,sex_f,age_aggregate_y15_24,geo_cov_urb,2002,24.379
bol,sex_f,age_aggregate_y15_24,geo_cov_urb,2004,24.892
bol,sex_f,age_aggregate_y15_24,geo_cov_urb,2005,23.9
bol,sex_f,age_aggregate_y15_24,geo_cov_urb,2006,21.068
bol,sex_f,age_aggregate_y15_24,geo_cov_urb,2007,31.208
bol,sex_f,age_aggregate_y15_24,geo_cov_urb,2008,20.97
bol,sex_f,age_aggregate_y15_24,geo_cov_urb,2009,18.02
bol,sex_f,age_aggregate_y15_24,geo_cov_urb,2011,18.689
bol,sex_f,age_aggregate_y15_24,geo_cov_urb,2012,16.472
bol,sex_f,age_aggregate_y15_24,geo_cov_urb,2013,15.815
bol,sex_f,age_aggregate_y15_24,geo_cov_urb,2014,19.711
bol,sex_f,age_aggregate_y15_24,geo_cov_urb,2015,19.989
bol,sex_f,age_aggregate_y15_24,geo_cov_urb,2016,17.637
bol,sex_f,age_aggregate_y15_24,geo_cov_urb,2017,16.509
bol,sex_f,age_aggregate_y15_24,geo_cov_urb,2018,13.783
bol,sex_f,age_aggregate_y15_24,geo_cov_urb,2019,14.707
bol,sex_f,age_aggregate_y15_24,geo_cov_urb,2020,33.429
bol,sex_f,age_aggregate_y15_24,geo_cov_urb,2021,16.518
bol,sex_f,age_aggregate_y15_24,geo_cov_urb,2022,13.107
bol,sex_f,age_aggregate_y15_24,geo_cov_urb,2023,11.992
bol,sex_f,age_aggregate_y15_24,geo_cov_urb,2024,12.014
bol,sex_f,age_aggregate_y25_54,geo_cov_nat,2000,10.493
bol,sex_f,age_aggregate_y25_54,geo_cov_nat,2001,10.847
bol,sex_f,age_aggregate_y25_54,geo_cov_nat,2002,10.295
bol,sex_f,age_aggregate_y25_54,geo_cov_nat,2004,9.001
bol,sex_f,age_aggregate_y25_54,geo_cov_nat,2005,11.223
bol,sex_f,age_aggregate_y25_54,geo_cov_nat,2006,8.499
bol,sex_f,age_aggregate_y25_54,geo_cov_nat,2007,7.833
bol,sex_f,age_aggregate_y25_54,geo_cov_nat,2008,6.472
bol,sex_f,age_aggregate_y25_54,geo_cov_nat,2009,7.579
bol,sex_f,age_aggregate_y25_54,geo_cov_nat,2011,5.498
bol,sex_f,age_aggregate_y25_54,geo_cov_nat,2012,6.536
bol,sex_f,age_aggregate_y25_54,geo_cov_nat,2013,6.444
bol,sex_f,age_aggregate_y25_54,geo_cov_nat,2014,5.666
bol,sex_f,age_aggregate_y25_54,geo_cov_nat,2015,6.479
bol,sex_f,age_aggregate_y25_54,geo_cov_nat,2016,6.898
bol,sex_f,age_aggregate_y25_54,geo_cov_nat,2017,6.446
bol,sex_f,age_aggregate_y25_54,geo_cov_nat,2018,5.393
bol,sex_f,age_aggregate_y25_54,geo_cov_nat,2019,6.04
bol,sex_f,age_aggregate_y25_54,geo_cov_nat,2020,14.685
bol,sex_f,age_aggregate_y25_54,geo_cov_nat,2021,8.416
bol,sex_f,age_aggregate_y25_54,geo_cov_nat,2022,6.25
bol,sex_f,age_aggregate_y25_54,geo_cov_nat,2023,5.39
bol,sex_f,age_aggregate_y25_54,geo_cov_nat,2024,5.994
bol,sex_f,age_aggregate_y25_54,geo_cov_rur,2000,4.77
bol,sex_f,age_aggregate_y25_54,geo_cov_rur,2001,3.361
bol,sex_f,age_aggregate_y25_54,geo_cov_rur,2002,6.189
bol,sex_f,age_aggregate_y25_54,geo_cov_rur,2004,3.968
bol,sex_f,age_aggregate_y25_54,geo_cov_rur,2005,3.868
bol,sex_f,age_aggregate_y25_54,geo_cov_rur,2006,2.465
bol,sex_f,age_aggregate_y25_54,geo_cov_rur,2007,4.032
bol,sex_f,age_aggregate_y25_54,geo_cov_rur,2008,3.717
bol,sex_f,age_aggregate_y25_54,geo_cov_rur,2009,2.455
bol,sex_f,age_aggregate_y25_54,geo_cov_rur,2011,2.372
bol,sex_f,age_aggregate_y25_54,geo_cov_rur,2012,3.367
bol,sex_f,age_aggregate_y25_54,geo_cov_rur,2013,3.738
bol,sex_f,age_aggregate_y25_54,geo_cov_rur,2014,2.521
bol,sex_f,age_aggregate_y25_54,geo_cov_rur,2015,3.338
bol,sex_f,age_aggregate_y25_54,geo_cov_rur,2016,2.957
bol,sex_f,age_aggregate_y25_54,geo_cov_rur,2017,2.182
bol,sex_f,age_aggregate_y25_54,geo_cov_rur,2018,1.584
bol,sex_f,age_aggregate_y25_54,geo_cov_rur,2019,2.426
bol,sex_f,age_aggregate_y25_54,geo_cov_rur,2020,5.79
bol,sex_f,age_aggregate_y25_54,geo_cov_rur,2021,2.871
bol,sex_f,age_aggregate_y25_54,geo_cov_rur,2022,2.475
bol,sex_f,age_aggregate_y25_54,geo_cov_rur,2023,1.649
bol,sex_f,age_aggregate_y25_54,geo_cov_rur,2024,1.857
bol,sex_f,age_aggregate_y25_54,geo_cov_urb,2000,13.218
bol,sex_f,age_aggregate_y25_54,geo_cov_urb,2001,14.494
bol,sex_f,age_aggregate_y25_54,geo_cov_urb,2002,12.312
bol,sex_f,age_aggregate_y25_54,geo_cov_urb,2004,11.599
bol,sex_f,age_aggregate_y25_54,geo_cov_urb,2005,14.932
bol,sex_f,age_aggregate_y25_54,geo_cov_urb,2006,11.722
bol,sex_f,age_aggregate_y25_54,geo_cov_urb,2007,9.68
bol,sex_f,age_aggregate_y25_54,geo_cov_urb,2008,7.75
bol,sex_f,age_aggregate_y25_54,geo_cov_urb,2009,9.903
bol,sex_f,age_aggregate_y25_54,geo_cov_urb,2011,6.904
bol,sex_f,age_aggregate_y25_54,geo_cov_urb,2012,7.788
bol,sex_f,age_aggregate_y25_54,geo_cov_urb,2013,7.525
bol,sex_f,age_aggregate_y25_54,geo_cov_urb,2014,6.947
bol,sex_f,age_aggregate_y25_54,geo_cov_urb,2015,7.651
bol,sex_f,age_aggregate_y25_54,geo_cov_urb,2016,8.433
bol,sex_f,age_aggregate_y25_54,geo_cov_urb,2017,8.127
bol,sex_f,age_aggregate_y25_54,geo_cov_urb,2018,6.934
bol,sex_f,age_aggregate_y25_54,geo_cov_urb,2019,7.54
bol,sex_f,age_aggregate_y25_54,geo_cov_urb,2020,17.657
bol,sex_f,age_aggregate_y25_54,geo_cov_urb,2021,10.541
bol,sex_f,age_aggregate_y25_54,geo_cov_urb,2022,7.715
bol,sex_f,age_aggregate_y25_54,geo_cov_urb,2023,6.814
bol,sex_f,age_aggregate_y25_54,geo_cov_urb,2024,7.512
bol,sex_f,age_aggregate_y55_64,geo_cov_nat,2000,6.54
bol,sex_f,age_aggregate_y55_64,geo_cov_nat,2001,4.219
bol,sex_f,age_aggregate_y55_64,geo_cov_nat,2002,5.52
bol,sex_f,age_aggregate_y55_64,geo_cov_nat,2004,3.552
bol,sex_f,age_aggregate_y55_64,geo_cov_nat,2005,5.903
bol,sex_f,age_aggregate_y55_64,geo_cov_nat,2006,4.39
bol,sex_f,age_aggregate_y55_64,geo_cov_nat,2007,4.885
bol,sex_f,age_aggregate_y55_64,geo_cov_nat,2008,3.278
bol,sex_f,age_aggregate_y55_64,geo_cov_nat,2009,3.985
bol,sex_f,age_aggregate_y55_64,geo_cov_nat,2011,3.977
bol,sex_f,age_aggregate_y55_64,geo_cov_nat,2012,4.111
bol,sex_f,age_aggregate_y55_64,geo_cov_nat,2013,3.935
bol,sex_f,age_aggregate_y55_64,geo_cov_nat,2014,3.32
bol,sex_f,age_aggregate_y55_64,geo_cov_nat,2015,3.097
bol,sex_f,age_aggregate_y55_64,geo_cov_nat,2016,2.691
bol,sex_f,age_aggregate_y55_64,geo_cov_nat,2017,2.408
bol,sex_f,age_aggregate_y55_64,geo_cov_nat,2018,1.774
bol,sex_f,age_aggregate_y55_64,geo_cov_nat,2019,1.887
bol,sex_f,age_aggregate_y55_64,geo_cov_nat,2020,8.137
bol,sex_f,age_aggregate_y55_64,geo_cov_nat,2021,3.174
bol,sex_f,age_aggregate_y55_64,geo_cov_nat,2022,2.366
bol,sex_f,age_aggregate_y55_64,geo_cov_nat,2023,2.78
bol,sex_f,age_aggregate_y55_64,geo_cov_nat,2024,2.39
bol,sex_f,age_aggregate_y55_64,geo_cov_rur,2001,1.685
bol,sex_f,age_aggregate_y55_64,geo_cov_rur,2002,2.834
bol,sex_f,age_aggregate_y55_64,geo_cov_rur,2007,4.08
bol,sex_f,age_aggregate_y55_64,geo_cov_rur,2012,1.532
bol,sex_f,age_aggregate_y55_64,geo_cov_rur,2013,2.269
bol,sex_f,age_aggregate_y55_64,geo_cov_rur,2014,2.26
bol,sex_f,age_aggregate_y55_64,geo_cov_rur,2015,2.686
bol,sex_f,age_aggregate_y55_64,geo_cov_rur,2016,0.633
bol,sex_f,age_aggregate_y55_64,geo_cov_rur,2017,0.647
bol,sex_f,age_aggregate_y55_64,geo_cov_rur,2018,0.426
bol,sex_f,age_aggregate_y55_64,geo_cov_rur,2019,0.435
bol,sex_f,age_aggregate_y55_64,geo_cov_rur,2020,2.168
bol,sex_f,age_aggregate_y55_64,geo_cov_rur,2021,0.569
bol,sex_f,age_aggregate_y55_64,geo_cov_rur,2024,0.774
bol,sex_f,age_aggregate_y55_64,geo_cov_urb,2000,12.104
bol,sex_f,age_aggregate_y55_64,geo_cov_urb,2001,7.026
bol,sex_f,age_aggregate_y55_64,geo_cov_urb,2002,8.294
bol,sex_f,age_aggregate_y55_64,geo_cov_urb,2004,7.121
bol,sex_f,age_aggregate_y55_64,geo_cov_urb,2005,10.695
bol,sex_f,age_aggregate_y55_64,geo_cov_urb,2006,7.922
bol,sex_f,age_aggregate_y55_64,geo_cov_urb,2007,5.703
bol,sex_f,age_aggregate_y55_64,geo_cov_urb,2008,5.282
bol,sex_f,age_aggregate_y55_64,geo_cov_urb,2009,6.756
bol,sex_f,age_aggregate_y55_64,geo_cov_urb,2011,6.186
bol,sex_f,age_aggregate_y55_64,geo_cov_urb,2012,6.03
bol,sex_f,age_aggregate_y55_64,geo_cov_urb,2013,5.214
bol,sex_f,age_aggregate_y55_64,geo_cov_urb,2014,4.29
bol,sex_f,age_aggregate_y55_64,geo_cov_urb,2015,3.457
bol,sex_f,age_aggregate_y55_64,geo_cov_urb,2016,4.119
bol,sex_f,age_aggregate_y55_64,geo_cov_urb,2017,3.72
bol,sex_f,age_aggregate_y55_64,geo_cov_urb,2018,2.769
bol,sex_f,age_aggregate_y55_64,geo_cov_urb,2019,2.975
bol,sex_f,age_aggregate_y55_64,geo_cov_urb,2020,12.892
bol,sex_f,age_aggregate_y55_64,geo_cov_urb,2021,5.146
bol,sex_f,age_aggregate_y55_64,geo_cov_urb,2022,3.88
bol,sex_f,age_aggregate_y55_64,geo_cov_urb,2023,4.474
bol,sex_f,age_aggregate_y55_64,geo_cov_urb,2024,3.522
bol,sex_f,age_aggregate_yge65,geo_cov_nat,2000,4.914
bol,sex_f,age_aggregate_yge65,geo_cov_nat,2001,5.296
bol,sex_f,age_aggregate_yge65,geo_cov_nat,2002,4.131
bol,sex_f,age_aggregate_yge65,geo_cov_nat,2004,1.64
bol,sex_f,age_aggregate_yge65,geo_cov_nat,2005,4.534
bol,sex_f,age_aggregate_yge65,geo_cov_nat,2006,2.665
bol,sex_f,age_aggregate_yge65,geo_cov_nat,2007,2.488
bol,sex_f,age_aggregate_yge65,geo_cov_nat,2008,4.398
bol,sex_f,age_aggregate_yge65,geo_cov_nat,2009,4.655
bol,sex_f,age_aggregate_yge65,geo_cov_nat,2011,4.733
bol,sex_f,age_aggregate_yge65,geo_cov_nat,2012,5.623
bol,sex_f,age_aggregate_yge65,geo_cov_nat,2013,3.978
bol,sex_f,age_aggregate_yge65,geo_cov_nat,2014,4.297
bol,sex_f,age_aggregate_yge65,geo_cov_nat,2015,1.242
bol,sex_f,age_aggregate_yge65,geo_cov_nat,2016,1.76
bol,sex_f,age_aggregate_yge65,geo_cov_nat,2017,0.965
bol,sex_f,age_aggregate_yge65,geo_cov_nat,2018,0.686
bol,sex_f,age_aggregate_yge65,geo_cov_nat,2019,1.284
bol,sex_f,age_aggregate_yge65,geo_cov_nat,2020,7.276
bol,sex_f,age_aggregate_yge65,geo_cov_nat,2021,1.563
bol,sex_f,age_aggregate_yge65,geo_cov_nat,2022,1.537
bol,sex_f,age_aggregate_yge65,geo_cov_nat,2023,1.128
bol,sex_f,age_aggregate_yge65,geo_cov_nat,2024,1.516
bol,sex_f,age_aggregate_yge65,geo_cov_rur,2002,1.92
bol,sex_f,age_aggregate_yge65,geo_cov_rur,2005,3.058
bol,sex_f,age_aggregate_yge65,geo_cov_rur,2008,2.685
bol,sex_f,age_aggregate_yge65,geo_cov_rur,2011,3.023
bol,sex_f,age_aggregate_yge65,geo_cov_rur,2012,3.984
bol,sex_f,age_aggregate_yge65,geo_cov_rur,2014,2.535
bol,sex_f,age_aggregate_yge65,geo_cov_rur,2016,0.49
bol,sex_f,age_aggregate_yge65,geo_cov_rur,2019,0.528
bol,sex_f,age_aggregate_yge65,geo_cov_rur,2020,4.851
bol,sex_f,age_aggregate_yge65,geo_cov_rur,2021,0.321
bol,sex_f,age_aggregate_yge65,geo_cov_rur,2022,0.321
bol,sex_f,age_aggregate_yge65,geo_cov_rur,2023,0.181
bol,sex_f,age_aggregate_yge65,geo_cov_urb,2000,12.991
bol,sex_f,age_aggregate_yge65,geo_cov_urb,2001,14.392
bol,sex_f,age_aggregate_yge65,geo_cov_urb,2002,8.064
bol,sex_f,age_aggregate_yge65,geo_cov_urb,2004,3.28
bol,sex_f,age_aggregate_yge65,geo_cov_urb,2005,8.173
bol,sex_f,age_aggregate_yge65,geo_cov_urb,2006,6.402
bol,sex_f,age_aggregate_yge65,geo_cov_urb,2008,7.662
bol,sex_f,age_aggregate_yge65,geo_cov_urb,2009,7.129
bol,sex_f,age_aggregate_yge65,geo_cov_urb,2011,7.184
bol,sex_f,age_aggregate_yge65,geo_cov_urb,2012,8.1
bol,sex_f,age_aggregate_yge65,geo_cov_urb,2013,11.817
bol,sex_f,age_aggregate_yge65,geo_cov_urb,2014,7.576
bol,sex_f,age_aggregate_yge65,geo_cov_urb,2016,3.466
bol,sex_f,age_aggregate_yge65,geo_cov_urb,2017,2.383
bol,sex_f,age_aggregate_yge65,geo_cov_urb,2018,1.498
bol,sex_f,age_aggregate_yge65,geo_cov_urb,2019,2.415
bol,sex_f,age_aggregate_yge65,geo_cov_urb,2020,11.653
bol,sex_f,age_aggregate_yge65,geo_cov_urb,2021,3.718
bol,sex_f,age_aggregate_yge65,geo_cov_urb,2022,3.085
bol,sex_f,age_aggregate_yge65,geo_cov_urb,2023,2.468
bol,sex_f,age_aggregate_yge65,geo_cov_urb,2024,3.384
bol,sex_f,age_ythadult_y15_24,geo_cov_nat,2000,22.788
bol,sex_f,age_ythadult_y15_24,geo_cov_nat,2001,18.437
bol,sex_f,age_ythadult_y15_24,geo_cov_nat,2002,18.41
bol,sex_f,age_ythadult_y15_24,geo_cov_nat,2004,19.273
bol,sex_f,age_ythadult_y15_24,geo_cov_nat,2005,18.933
bol,sex_f,age_ythadult_y15_24,geo_cov_nat,2006,15.159
bol,sex_f,age_ythadult_y15_24,geo_cov_nat,2007,19.636
bol,sex_f,age_ythadult_y15_24,geo_cov_nat,2008,15.552
bol,sex_f,age_ythadult_y15_24,geo_cov_nat,2009,14.654
bol,sex_f,age_ythadult_y15_24,geo_cov_nat,2011,13.796
bol,sex_f,age_ythadult_y15_24,geo_cov_nat,2012,13.477
bol,sex_f,age_ythadult_y15_24,geo_cov_nat,2013,12.561
bol,sex_f,age_ythadult_y15_24,geo_cov_nat,2014,14.52
bol,sex_f,age_ythadult_y15_24,geo_cov_nat,2015,15.812
bol,sex_f,age_ythadult_y15_24,geo_cov_nat,2016,13.723
bol,sex_f,age_ythadult_y15_24,geo_cov_nat,2017,11.653
bol,sex_f,age_ythadult_y15_24,geo_cov_nat,2018,10.357
bol,sex_f,age_ythadult_y15_24,geo_cov_nat,2019,11.555
bol,sex_f,age_ythadult_y15_24,geo_cov_nat,2020,25.794
bol,sex_f,age_ythadult_y15_24,geo_cov_nat,2021,12.988
bol,sex_f,age_ythadult_y15_24,geo_cov_nat,2022,10.076
bol,sex_f,age_ythadult_y15_24,geo_cov_nat,2023,9.347
bol,sex_f,age_ythadult_y15_24,geo_cov_nat,2024,9.855
bol,sex_f,age_ythadult_y15_24,geo_cov_rur,2000,7.662
bol,sex_f,age_ythadult_y15_24,geo_cov_rur,2001,5.118
bol,sex_f,age_ythadult_y15_24,geo_cov_rur,2002,9.185
bol,sex_f,age_ythadult_y15_24,geo_cov_rur,2004,10.357
bol,sex_f,age_ythadult_y15_24,geo_cov_rur,2005,10.134
bol,sex_f,age_ythadult_y15_24,geo_cov_rur,2006,5.242
bol,sex_f,age_ythadult_y15_24,geo_cov_rur,2007,4.466
bol,sex_f,age_ythadult_y15_24,geo_cov_rur,2008,6.218
bol,sex_f,age_ythadult_y15_24,geo_cov_rur,2009,8.889
bol,sex_f,age_ythadult_y15_24,geo_cov_rur,2011,5.317
bol,sex_f,age_ythadult_y15_24,geo_cov_rur,2012,7.371
bol,sex_f,age_ythadult_y15_24,geo_cov_rur,2013,6.208
bol,sex_f,age_ythadult_y15_24,geo_cov_rur,2014,5.226
bol,sex_f,age_ythadult_y15_24,geo_cov_rur,2015,8.745
bol,sex_f,age_ythadult_y15_24,geo_cov_rur,2016,7.585
bol,sex_f,age_ythadult_y15_24,geo_cov_rur,2017,3.99
bol,sex_f,age_ythadult_y15_24,geo_cov_rur,2018,3.848
bol,sex_f,age_ythadult_y15_24,geo_cov_rur,2019,4.647
bol,sex_f,age_ythadult_y15_24,geo_cov_rur,2020,10.575
bol,sex_f,age_ythadult_y15_24,geo_cov_rur,2021,5.302
bol,sex_f,age_ythadult_y15_24,geo_cov_rur,2022,3.065
bol,sex_f,age_ythadult_y15_24,geo_cov_rur,2023,3.441
bol,sex_f,age_ythadult_y15_24,geo_cov_rur,2024,4.187
bol,sex_f,age_ythadult_y15_24,geo_cov_urb,2000,31.551
bol,sex_f,age_ythadult_y15_24,geo_cov_urb,2001,25.663
bol,sex_f,age_ythadult_y15_24,geo_cov_urb,2002,24.379
bol,sex_f,age_ythadult_y15_24,geo_cov_urb,2004,24.892
bol,sex_f,age_ythadult_y15_24,geo_cov_urb,2005,23.9
bol,sex_f,age_ythadult_y15_24,geo_cov_urb,2006,21.068
bol,sex_f,age_ythadult_y15_24,geo_cov_urb,2007,31.208
bol,sex_f,age_ythadult_y15_24,geo_cov_urb,2008,20.97
bol,sex_f,age_ythadult_y15_24,geo_cov_urb,2009,18.02
bol,sex_f,age_ythadult_y15_24,geo_cov_urb,2011,18.689
bol,sex_f,age_ythadult_y15_24,geo_cov_urb,2012,16.472
bol,sex_f,age_ythadult_y15_24,geo_cov_urb,2013,15.815
bol,sex_f,age_ythadult_y15_24,geo_cov_urb,2014,19.711
bol,sex_f,age_ythadult_y15_24,geo_cov_urb,2015,19.989
bol,sex_f,age_ythadult_y15_24,geo_cov_urb,2016,17.637
bol,sex_f,age_ythadult_y15_24,geo_cov_urb,2017,16.509
bol,sex_f,age_ythadult_y15_24,geo_cov_urb,2018,13.783
bol,sex_f,age_ythadult_y15_24,geo_cov_urb,2019,14.707
bol,sex_f,age_ythadult_y15_24,geo_cov_urb,2020,33.429
bol,sex_f,age_ythadult_y15_24,geo_cov_urb,2021,16.518
bol,sex_f,age_ythadult_y15_24,geo_cov_urb,2022,13.107
bol,sex_f,age_ythadult_y15_24,geo_cov_urb,2023,11.992
bol,sex_f,age_ythadult_y15_24,geo_cov_urb,2024,12.014
bol,sex_f,age_ythadult_y15_64,geo_cov_nat,2000,13.4
bol,sex_f,age_ythadult_y15_64,geo_cov_nat,2001,12.523
bol,sex_f,age_ythadult_y15_64,geo_cov_nat,2002,12.057
bol,sex_f,age_ythadult_y15_64,geo_cov_nat,2004,11.193
bol,sex_f,age_ythadult_y15_64,geo_cov_nat,2005,12.507
bol,sex_f,age_ythadult_y15_64,geo_cov_nat,2006,9.771
bol,sex_f,age_ythadult_y15_64,geo_cov_nat,2007,10.376
bol,sex_f,age_ythadult_y15_64,geo_cov_nat,2008,8.307
bol,sex_f,age_ythadult_y15_64,geo_cov_nat,2009,8.832
bol,sex_f,age_ythadult_y15_64,geo_cov_nat,2011,7.209
bol,sex_f,age_ythadult_y15_64,geo_cov_nat,2012,7.62
bol,sex_f,age_ythadult_y15_64,geo_cov_nat,2013,7.327
bol,sex_f,age_ythadult_y15_64,geo_cov_nat,2014,7.248
bol,sex_f,age_ythadult_y15_64,geo_cov_nat,2015,7.828
bol,sex_f,age_ythadult_y15_64,geo_cov_nat,2016,7.685
bol,sex_f,age_ythadult_y15_64,geo_cov_nat,2017,6.879
bol,sex_f,age_ythadult_y15_64,geo_cov_nat,2018,5.868
bol,sex_f,age_ythadult_y15_64,geo_cov_nat,2019,6.556
bol,sex_f,age_ythadult_y15_64,geo_cov_nat,2020,15.852
bol,sex_f,age_ythadult_y15_64,geo_cov_nat,2021,8.807
bol,sex_f,age_ythadult_y15_64,geo_cov_nat,2022,6.586
bol,sex_f,age_ythadult_y15_64,geo_cov_nat,2023,5.87
bol,sex_f,age_ythadult_y15_64,geo_cov_nat,2024,6.317
bol,sex_f,age_ythadult_y15_64,geo_cov_rur,2001,3.678
bol,sex_f,age_ythadult_y15_64,geo_cov_rur,2002,6.683
bol,sex_f,age_ythadult_y15_64,geo_cov_rur,2004,5.252
bol,sex_f,age_ythadult_y15_64,geo_cov_rur,2005,4.933
bol,sex_f,age_ythadult_y15_64,geo_cov_rur,2007,4.16
bol,sex_f,age_ythadult_y15_64,geo_cov_rur,2009,3.849
bol,sex_f,age_ythadult_y15_64,geo_cov_rur,2012,3.915
bol,sex_f,age_ythadult_y15_64,geo_cov_rur,2013,4.001
bol,sex_f,age_ythadult_y15_64,geo_cov_rur,2015,4.43
bol,sex_f,age_ythadult_y15_64,geo_cov_rur,2016,3.674
bol,sex_f,age_ythadult_y15_64,geo_cov_rur,2017,2.316
bol,sex_f,age_ythadult_y15_64,geo_cov_rur,2018,1.852
bol,sex_f,age_ythadult_y15_64,geo_cov_rur,2019,2.49
bol,sex_f,age_ythadult_y15_64,geo_cov_rur,2020,6.067
bol,sex_f,age_ythadult_y15_64,geo_cov_rur,2021,3.041
bol,sex_f,age_ythadult_y15_64,geo_cov_rur,2022,2.221
bol,sex_f,age_ythadult_y15_64,geo_cov_rur,2023,1.784
bol,sex_f,age_ythadult_y15_64,geo_cov_rur,2024,2.113
bol,sex_f,age_ythadult_y15_64,geo_cov_urb,2000,17.883
bol,sex_f,age_ythadult_y15_64,geo_cov_urb,2001,17.276
bol,sex_f,age_ythadult_y15_64,geo_cov_urb,2002,15.077
bol,sex_f,age_ythadult_y15_64,geo_cov_urb,2004,14.714
bol,sex_f,age_ythadult_y15_64,geo_cov_urb,2005,16.707
bol,sex_f,age_ythadult_y15_64,geo_cov_urb,2006,13.736
bol,sex_f,age_ythadult_y15_64,geo_cov_urb,2007,14.026
bol,sex_f,age_ythadult_y15_64,geo_cov_urb,2008,10.612
bol,sex_f,age_ythadult_y15_64,geo_cov_urb,2009,11.448
bol,sex_f,age_ythadult_y15_64,geo_cov_urb,2011,9.407
bol,sex_f,age_ythadult_y15_64,geo_cov_urb,2012,9.273
bol,sex_f,age_ythadult_y15_64,geo_cov_urb,2013,8.857
bol,sex_f,age_ythadult_y15_64,geo_cov_urb,2014,9.273
bol,sex_f,age_ythadult_y15_64,geo_cov_urb,2015,9.396
bol,sex_f,age_ythadult_y15_64,geo_cov_urb,2016,9.557
bol,sex_f,age_ythadult_y15_64,geo_cov_urb,2017,9.051
bol,sex_f,age_ythadult_y15_64,geo_cov_urb,2018,7.742
bol,sex_f,age_ythadult_y15_64,geo_cov_urb,2019,8.431
bol,sex_f,age_ythadult_y15_64,geo_cov_urb,2020,19.868
bol,sex_f,age_ythadult_y15_64,geo_cov_urb,2021,11.328
bol,sex_f,age_ythadult_y15_64,geo_cov_urb,2022,8.467
bol,sex_f,age_ythadult_y15_64,geo_cov_urb,2023,7.6
bol,sex_f,age_ythadult_y15_64,geo_cov_urb,2024,8.023
bol,sex_f,age_ythadult_yge15,geo_cov_nat,2000,12.956
bol,sex_f,age_ythadult_yge15,geo_cov_nat,2001,12.075
bol,sex_f,age_ythadult_yge15,geo_cov_nat,2002,11.635
bol,sex_f,age_ythadult_yge15,geo_cov_nat,2004,10.587
bol,sex_f,age_ythadult_yge15,geo_cov_nat,2005,11.959
bol,sex_f,age_ythadult_yge15,geo_cov_nat,2006,9.358
bol,sex_f,age_ythadult_yge15,geo_cov_nat,2007,9.768
bol,sex_f,age_ythadult_yge15,geo_cov_nat,2008,8.063
bol,sex_f,age_ythadult_yge15,geo_cov_nat,2009,8.59
bol,sex_f,age_ythadult_yge15,geo_cov_nat,2011,7.061
bol,sex_f,age_ythadult_yge15,geo_cov_nat,2012,7.492
bol,sex_f,age_ythadult_yge15,geo_cov_nat,2013,7.06
bol,sex_f,age_ythadult_yge15,geo_cov_nat,2014,7.041
bol,sex_f,age_ythadult_yge15,geo_cov_nat,2015,7.344
bol,sex_f,age_ythadult_yge15,geo_cov_nat,2016,7.248
bol,sex_f,age_ythadult_yge15,geo_cov_nat,2017,6.378
bol,sex_f,age_ythadult_yge15,geo_cov_nat,2018,5.423
bol,sex_f,age_ythadult_yge15,geo_cov_nat,2019,6.148
bol,sex_f,age_ythadult_yge15,geo_cov_nat,2020,15.188
bol,sex_f,age_ythadult_yge15,geo_cov_nat,2021,8.237
bol,sex_f,age_ythadult_yge15,geo_cov_nat,2022,6.213
bol,sex_f,age_ythadult_yge15,geo_cov_nat,2023,5.487
bol,sex_f,age_ythadult_yge15,geo_cov_nat,2024,5.917
bol,sex_f,age_ythadult_yge15,geo_cov_rur,2000,4.755
bol,sex_f,age_ythadult_yge15,geo_cov_rur,2001,3.378
bol,sex_f,age_ythadult_yge15,geo_cov_rur,2002,6.25
bol,sex_f,age_ythadult_yge15,geo_cov_rur,2004,4.767
bol,sex_f,age_ythadult_yge15,geo_cov_rur,2005,4.692
bol,sex_f,age_ythadult_yge15,geo_cov_rur,2006,2.793
bol,sex_f,age_ythadult_yge15,geo_cov_rur,2007,3.936
bol,sex_f,age_ythadult_yge15,geo_cov_rur,2008,3.85
bol,sex_f,age_ythadult_yge15,geo_cov_rur,2009,3.763
bol,sex_f,age_ythadult_yge15,geo_cov_rur,2011,2.95
bol,sex_f,age_ythadult_yge15,geo_cov_rur,2012,3.923
bol,sex_f,age_ythadult_yge15,geo_cov_rur,2013,3.406
bol,sex_f,age_ythadult_yge15,geo_cov_rur,2014,3.027
bol,sex_f,age_ythadult_yge15,geo_cov_rur,2015,3.974
bol,sex_f,age_ythadult_yge15,geo_cov_rur,2016,3.275
bol,sex_f,age_ythadult_yge15,geo_cov_rur,2017,1.982
bol,sex_f,age_ythadult_yge15,geo_cov_rur,2018,1.595
bol,sex_f,age_ythadult_yge15,geo_cov_rur,2019,2.22
bol,sex_f,age_ythadult_yge15,geo_cov_rur,2020,5.877
bol,sex_f,age_ythadult_yge15,geo_cov_rur,2021,2.629
bol,sex_f,age_ythadult_yge15,geo_cov_rur,2022,1.976
bol,sex_f,age_ythadult_yge15,geo_cov_rur,2023,1.547
bol,sex_f,age_ythadult_yge15,geo_cov_rur,2024,1.806
bol,sex_f,age_ythadult_yge15,geo_cov_urb,2000,17.735
bol,sex_f,age_ythadult_yge15,geo_cov_urb,2001,17.186
bol,sex_f,age_ythadult_yge15,geo_cov_urb,2002,14.862
bol,sex_f,age_ythadult_yge15,geo_cov_urb,2004,14.342
bol,sex_f,age_ythadult_yge15,geo_cov_urb,2005,16.433
bol,sex_f,age_ythadult_yge15,geo_cov_urb,2006,13.526
bol,sex_f,age_ythadult_yge15,geo_cov_urb,2007,13.602
bol,sex_f,age_ythadult_yge15,geo_cov_urb,2008,10.512
bol,sex_f,age_ythadult_yge15,geo_cov_urb,2009,11.288
bol,sex_f,age_ythadult_yge15,geo_cov_urb,2011,9.322
bol,sex_f,age_ythadult_yge15,geo_cov_urb,2012,9.229
bol,sex_f,age_ythadult_yge15,geo_cov_urb,2013,8.974
bol,sex_f,age_ythadult_yge15,geo_cov_urb,2014,9.209
bol,sex_f,age_ythadult_yge15,geo_cov_urb,2015,9.068
bol,sex_f,age_ythadult_yge15,geo_cov_urb,2016,9.268
bol,sex_f,age_ythadult_yge15,geo_cov_urb,2017,8.734
bol,sex_f,age_ythadult_yge15,geo_cov_urb,2018,7.429
bol,sex_f,age_ythadult_yge15,geo_cov_urb,2019,8.15
bol,sex_f,age_ythadult_yge15,geo_cov_urb,2020,19.535
bol,sex_f,age_ythadult_yge15,geo_cov_urb,2021,11
bol,sex_f,age_ythadult_yge15,geo_cov_urb,2022,8.21
bol,sex_f,age_ythadult_yge15,geo_cov_urb,2023,7.347
bol,sex_f,age_ythadult_yge15,geo_cov_urb,2024,7.78
bol,sex_f,age_ythadult_yge25,geo_cov_nat,2000,9.685
bol,sex_f,age_ythadult_yge25,geo_cov_nat,2001,9.731
bol,sex_f,age_ythadult_yge25,geo_cov_nat,2002,9.396
bol,sex_f,age_ythadult_yge25,geo_cov_nat,2004,7.747
bol,sex_f,age_ythadult_yge25,geo_cov_nat,2005,9.945
bol,sex_f,age_ythadult_yge25,geo_cov_nat,2006,7.639
bol,sex_f,age_ythadult_yge25,geo_cov_nat,2007,6.956
bol,sex_f,age_ythadult_yge25,geo_cov_nat,2008,5.918
bol,sex_f,age_ythadult_yge25,geo_cov_nat,2009,6.923
bol,sex_f,age_ythadult_yge25,geo_cov_nat,2011,5.234
bol,sex_f,age_ythadult_yge25,geo_cov_nat,2012,6.147
bol,sex_f,age_ythadult_yge25,geo_cov_nat,2013,5.842
bol,sex_f,age_ythadult_yge25,geo_cov_nat,2014,5.201
bol,sex_f,age_ythadult_yge25,geo_cov_nat,2015,5.523
bol,sex_f,age_ythadult_yge25,geo_cov_nat,2016,5.82
bol,sex_f,age_ythadult_yge25,geo_cov_nat,2017,5.271
bol,sex_f,age_ythadult_yge25,geo_cov_nat,2018,4.341
bol,sex_f,age_ythadult_yge25,geo_cov_nat,2019,4.954
bol,sex_f,age_ythadult_yge25,geo_cov_nat,2020,13.041
bol,sex_f,age_ythadult_yge25,geo_cov_nat,2021,6.999
bol,sex_f,age_ythadult_yge25,geo_cov_nat,2022,5.265
bol,sex_f,age_ythadult_yge25,geo_cov_nat,2023,4.594
bol,sex_f,age_ythadult_yge25,geo_cov_nat,2024,5.005
bol,sex_f,age_ythadult_yge25,geo_cov_rur,2000,3.793
bol,sex_f,age_ythadult_yge25,geo_cov_rur,2001,2.78
bol,sex_f,age_ythadult_yge25,geo_cov_rur,2002,5.216
bol,sex_f,age_ythadult_yge25,geo_cov_rur,2004,2.973
bol,sex_f,age_ythadult_yge25,geo_cov_rur,2005,3.228
bol,sex_f,age_ythadult_yge25,geo_cov_rur,2006,2.103
bol,sex_f,age_ythadult_yge25,geo_cov_rur,2007,3.767
bol,sex_f,age_ythadult_yge25,geo_cov_rur,2008,3.173
bol,sex_f,age_ythadult_yge25,geo_cov_rur,2009,2.304
bol,sex_f,age_ythadult_yge25,geo_cov_rur,2011,2.282
bol,sex_f,age_ythadult_yge25,geo_cov_rur,2012,3.143
bol,sex_f,age_ythadult_yge25,geo_cov_rur,2013,2.797
bol,sex_f,age_ythadult_yge25,geo_cov_rur,2014,2.471
bol,sex_f,age_ythadult_yge25,geo_cov_rur,2015,2.824
bol,sex_f,age_ythadult_yge25,geo_cov_rur,2016,2.138
bol,sex_f,age_ythadult_yge25,geo_cov_rur,2017,1.502
bol,sex_f,age_ythadult_yge25,geo_cov_rur,2018,1.099
bol,sex_f,age_ythadult_yge25,geo_cov_rur,2019,1.731
bol,sex_f,age_ythadult_yge25,geo_cov_rur,2020,4.868
bol,sex_f,age_ythadult_yge25,geo_cov_rur,2021,1.973
bol,sex_f,age_ythadult_yge25,geo_cov_rur,2022,1.727
bol,sex_f,age_ythadult_yge25,geo_cov_rur,2023,1.129
bol,sex_f,age_ythadult_yge25,geo_cov_rur,2024,1.332
bol,sex_f,age_ythadult_yge25,geo_cov_urb,2000,13.125
bol,sex_f,age_ythadult_yge25,geo_cov_urb,2001,13.936
bol,sex_f,age_ythadult_yge25,geo_cov_urb,2002,11.838
bol,sex_f,age_ythadult_yge25,geo_cov_urb,2004,10.85
bol,sex_f,age_ythadult_yge25,geo_cov_urb,2005,14.186
bol,sex_f,age_ythadult_yge25,geo_cov_urb,2006,11.22
bol,sex_f,age_ythadult_yge25,geo_cov_urb,2007,8.964
bol,sex_f,age_ythadult_yge25,geo_cov_urb,2008,7.515
bol,sex_f,age_ythadult_yge25,geo_cov_urb,2009,9.474
bol,sex_f,age_ythadult_yge25,geo_cov_urb,2011,6.836
bol,sex_f,age_ythadult_yge25,geo_cov_urb,2012,7.607
bol,sex_f,age_ythadult_yge25,geo_cov_urb,2013,7.445
bol,sex_f,age_ythadult_yge25,geo_cov_urb,2014,6.663
bol,sex_f,age_ythadult_yge25,geo_cov_urb,2015,6.86
bol,sex_f,age_ythadult_yge25,geo_cov_urb,2016,7.598
bol,sex_f,age_ythadult_yge25,geo_cov_urb,2017,7.221
bol,sex_f,age_ythadult_yge25,geo_cov_urb,2018,6.038
bol,sex_f,age_ythadult_yge25,geo_cov_urb,2019,6.636
bol,sex_f,age_ythadult_yge25,geo_cov_urb,2020,16.801
bol,sex_f,age_ythadult_yge25,geo_cov_urb,2021,9.521
bol,sex_f,age_ythadult_yge25,geo_cov_urb,2022,6.967
bol,sex_f,age_ythadult_yge25,geo_cov_urb,2023,6.251
bol,sex_f,age_ythadult_yge25,geo_cov_urb,2024,6.736
bol,sex_m,age_aggregate_total,geo_cov_nat,2000,5.807
bol,sex_m,age_aggregate_total,geo_cov_nat,2001,6.42
bol,sex_m,age_aggregate_total,geo_cov_nat,2002,5.181
bol,sex_m,age_aggregate_total,geo_cov_nat,2004,5.397
bol,sex_m,age_aggregate_total,geo_cov_nat,2005,6.245
bol,sex_m,age_aggregate_total,geo_cov_nat,2006,5.847
bol,sex_m,age_aggregate_total,geo_cov_nat,2007,6.087
bol,sex_m,age_aggregate_total,geo_cov_nat,2008,3.576
bol,sex_m,age_aggregate_total,geo_cov_nat,2009,4.148
bol,sex_m,age_aggregate_total,geo_cov_nat,2011,3.382
bol,sex_m,age_aggregate_total,geo_cov_nat,2012,3.393
bol,sex_m,age_aggregate_total,geo_cov_nat,2013,3.461
bol,sex_m,age_aggregate_total,geo_cov_nat,2014,2.677
bol,sex_m,age_aggregate_total,geo_cov_nat,2015,4.131
bol,sex_m,age_aggregate_total,geo_cov_nat,2016,4.316
bol,sex_m,age_aggregate_total,geo_cov_nat,2017,4.27
bol,sex_m,age_aggregate_total,geo_cov_nat,2018,4.274
bol,sex_m,age_aggregate_total,geo_cov_nat,2019,4.473
bol,sex_m,age_aggregate_total,geo_cov_nat,2020,8.535
bol,sex_m,age_aggregate_total,geo_cov_nat,2021,5.773
bol,sex_m,age_aggregate_total,geo_cov_nat,2022,3.907
bol,sex_m,age_aggregate_total,geo_cov_nat,2023,3.62
bol,sex_m,age_aggregate_total,geo_cov_nat,2024,3.524
bol,sex_m,age_aggregate_total,geo_cov_rur,2000,1.308
bol,sex_m,age_aggregate_total,geo_cov_rur,2001,0.975
bol,sex_m,age_aggregate_total,geo_cov_rur,2002,1.419
bol,sex_m,age_aggregate_total,geo_cov_rur,2004,2.572
bol,sex_m,age_aggregate_total,geo_cov_rur,2005,1.959
bol,sex_m,age_aggregate_total,geo_cov_rur,2006,1.332
bol,sex_m,age_aggregate_total,geo_cov_rur,2007,2.241
bol,sex_m,age_aggregate_total,geo_cov_rur,2008,1.21
bol,sex_m,age_aggregate_total,geo_cov_rur,2009,1.49
bol,sex_m,age_aggregate_total,geo_cov_rur,2011,0.958
bol,sex_m,age_aggregate_total,geo_cov_rur,2012,1.246
bol,sex_m,age_aggregate_total,geo_cov_rur,2013,1.003
bol,sex_m,age_aggregate_total,geo_cov_rur,2014,0.598
bol,sex_m,age_aggregate_total,geo_cov_rur,2015,2.691
bol,sex_m,age_aggregate_total,geo_cov_rur,2016,1.551
bol,sex_m,age_aggregate_total,geo_cov_rur,2017,1.262
bol,sex_m,age_aggregate_total,geo_cov_rur,2018,1.155
bol,sex_m,age_aggregate_total,geo_cov_rur,2019,1.25
bol,sex_m,age_aggregate_total,geo_cov_rur,2020,1.901
bol,sex_m,age_aggregate_total,geo_cov_rur,2021,1.103
bol,sex_m,age_aggregate_total,geo_cov_rur,2022,0.794
bol,sex_m,age_aggregate_total,geo_cov_rur,2023,0.915
bol,sex_m,age_aggregate_total,geo_cov_rur,2024,0.864
bol,sex_m,age_aggregate_total,geo_cov_urb,2000,8.629
bol,sex_m,age_aggregate_total,geo_cov_urb,2001,10.14
bol,sex_m,age_aggregate_total,geo_cov_urb,2002,7.883
bol,sex_m,age_aggregate_total,geo_cov_urb,2004,7.257
bol,sex_m,age_aggregate_total,geo_cov_urb,2005,8.72
bol,sex_m,age_aggregate_total,geo_cov_urb,2006,8.767
bol,sex_m,age_aggregate_total,geo_cov_urb,2007,8.294
bol,sex_m,age_aggregate_total,geo_cov_urb,2008,4.942
bol,sex_m,age_aggregate_total,geo_cov_urb,2009,5.566
bol,sex_m,age_aggregate_total,geo_cov_urb,2011,4.658
bol,sex_m,age_aggregate_total,geo_cov_urb,2012,4.512
bol,sex_m,age_aggregate_total,geo_cov_urb,2013,4.713
bol,sex_m,age_aggregate_total,geo_cov_urb,2014,3.792
bol,sex_m,age_aggregate_total,geo_cov_urb,2015,4.882
bol,sex_m,age_aggregate_total,geo_cov_urb,2016,5.745
bol,sex_m,age_aggregate_total,geo_cov_urb,2017,5.822
bol,sex_m,age_aggregate_total,geo_cov_urb,2018,5.873
bol,sex_m,age_aggregate_total,geo_cov_urb,2019,6.003
bol,sex_m,age_aggregate_total,geo_cov_urb,2020,11.808
bol,sex_m,age_aggregate_total,geo_cov_urb,2021,7.908
bol,sex_m,age_aggregate_total,geo_cov_urb,2022,5.318
bol,sex_m,age_aggregate_total,geo_cov_urb,2023,4.826
bol,sex_m,age_aggregate_total,geo_cov_urb,2024,4.661
bol,sex_m,age_aggregate_y15_24,geo_cov_nat,2000,11.809
bol,sex_m,age_aggregate_y15_24,geo_cov_nat,2001,11.362
bol,sex_m,age_aggregate_y15_24,geo_cov_nat,2002,9.941
bol,sex_m,age_aggregate_y15_24,geo_cov_nat,2004,13.258
bol,sex_m,age_aggregate_y15_24,geo_cov_nat,2005,14.536
bol,sex_m,age_aggregate_y15_24,geo_cov_nat,2006,12.727
bol,sex_m,age_aggregate_y15_24,geo_cov_nat,2007,14.431
bol,sex_m,age_aggregate_y15_24,geo_cov_nat,2008,8.666
bol,sex_m,age_aggregate_y15_24,geo_cov_nat,2009,9.676
bol,sex_m,age_aggregate_y15_24,geo_cov_nat,2011,8.041
bol,sex_m,age_aggregate_y15_24,geo_cov_nat,2012,8.342
bol,sex_m,age_aggregate_y15_24,geo_cov_nat,2013,9.822
bol,sex_m,age_aggregate_y15_24,geo_cov_nat,2014,6.4
bol,sex_m,age_aggregate_y15_24,geo_cov_nat,2015,10.326
bol,sex_m,age_aggregate_y15_24,geo_cov_nat,2016,9.116
bol,sex_m,age_aggregate_y15_24,geo_cov_nat,2017,8.411
bol,sex_m,age_aggregate_y15_24,geo_cov_nat,2018,8.884
bol,sex_m,age_aggregate_y15_24,geo_cov_nat,2019,9.334
bol,sex_m,age_aggregate_y15_24,geo_cov_nat,2020,21.797
bol,sex_m,age_aggregate_y15_24,geo_cov_nat,2021,10.834
bol,sex_m,age_aggregate_y15_24,geo_cov_nat,2022,8.03
bol,sex_m,age_aggregate_y15_24,geo_cov_nat,2023,7.2
bol,sex_m,age_aggregate_y15_24,geo_cov_nat,2024,7.171
bol,sex_m,age_aggregate_y15_24,geo_cov_rur,2000,3.728
bol,sex_m,age_aggregate_y15_24,geo_cov_rur,2001,2.206
bol,sex_m,age_aggregate_y15_24,geo_cov_rur,2002,3.216
bol,sex_m,age_aggregate_y15_24,geo_cov_rur,2004,9.608
bol,sex_m,age_aggregate_y15_24,geo_cov_rur,2005,5.586
bol,sex_m,age_aggregate_y15_24,geo_cov_rur,2006,4.199
bol,sex_m,age_aggregate_y15_24,geo_cov_rur,2007,4.064
bol,sex_m,age_aggregate_y15_24,geo_cov_rur,2008,2.562
bol,sex_m,age_aggregate_y15_24,geo_cov_rur,2009,5.413
bol,sex_m,age_aggregate_y15_24,geo_cov_rur,2011,2.057
bol,sex_m,age_aggregate_y15_24,geo_cov_rur,2012,3.104
bol,sex_m,age_aggregate_y15_24,geo_cov_rur,2013,2.265
bol,sex_m,age_aggregate_y15_24,geo_cov_rur,2015,6.758
bol,sex_m,age_aggregate_y15_24,geo_cov_rur,2016,3.979
bol,sex_m,age_aggregate_y15_24,geo_cov_rur,2017,2.908
bol,sex_m,age_aggregate_y15_24,geo_cov_rur,2018,3.192
bol,sex_m,age_aggregate_y15_24,geo_cov_rur,2019,2.91
bol,sex_m,age_aggregate_y15_24,geo_cov_rur,2020,6.23
bol,sex_m,age_aggregate_y15_24,geo_cov_rur,2021,2.179
bol,sex_m,age_aggregate_y15_24,geo_cov_rur,2022,2.198
bol,sex_m,age_aggregate_y15_24,geo_cov_rur,2023,2.125
bol,sex_m,age_aggregate_y15_24,geo_cov_rur,2024,1.673
bol,sex_m,age_aggregate_y15_24,geo_cov_urb,2000,17.14
bol,sex_m,age_aggregate_y15_24,geo_cov_urb,2001,18.45
bol,sex_m,age_aggregate_y15_24,geo_cov_urb,2002,15.989
bol,sex_m,age_aggregate_y15_24,geo_cov_urb,2004,15.418
bol,sex_m,age_aggregate_y15_24,geo_cov_urb,2005,19.798
bol,sex_m,age_aggregate_y15_24,geo_cov_urb,2006,19.207
bol,sex_m,age_aggregate_y15_24,geo_cov_urb,2007,21.894
bol,sex_m,age_aggregate_y15_24,geo_cov_urb,2008,12.528
bol,sex_m,age_aggregate_y15_24,geo_cov_urb,2009,12.163
bol,sex_m,age_aggregate_y15_24,geo_cov_urb,2011,11.593
bol,sex_m,age_aggregate_y15_24,geo_cov_urb,2012,11.469
bol,sex_m,age_aggregate_y15_24,geo_cov_urb,2013,13.864
bol,sex_m,age_aggregate_y15_24,geo_cov_urb,2014,9.523
bol,sex_m,age_aggregate_y15_24,geo_cov_urb,2015,12.367
bol,sex_m,age_aggregate_y15_24,geo_cov_urb,2016,12.429
bol,sex_m,age_aggregate_y15_24,geo_cov_urb,2017,11.845
bol,sex_m,age_aggregate_y15_24,geo_cov_urb,2018,12.023
bol,sex_m,age_aggregate_y15_24,geo_cov_urb,2019,12.375
bol,sex_m,age_aggregate_y15_24,geo_cov_urb,2020,30.416
bol,sex_m,age_aggregate_y15_24,geo_cov_urb,2021,14.561
bol,sex_m,age_aggregate_y15_24,geo_cov_urb,2022,10.516
bol,sex_m,age_aggregate_y15_24,geo_cov_urb,2023,9.385
bol,sex_m,age_aggregate_y15_24,geo_cov_urb,2024,9.171
bol,sex_m,age_aggregate_y25_54,geo_cov_nat,2000,3.617
bol,sex_m,age_aggregate_y25_54,geo_cov_nat,2001,4.503
bol,sex_m,age_aggregate_y25_54,geo_cov_nat,2002,3.504
bol,sex_m,age_aggregate_y25_54,geo_cov_nat,2004,2.319
bol,sex_m,age_aggregate_y25_54,geo_cov_nat,2005,3.823
bol,sex_m,age_aggregate_y25_54,geo_cov_nat,2006,3.406
bol,sex_m,age_aggregate_y25_54,geo_cov_nat,2007,3.208
bol,sex_m,age_aggregate_y25_54,geo_cov_nat,2008,1.951
bol,sex_m,age_aggregate_y25_54,geo_cov_nat,2009,2.449
bol,sex_m,age_aggregate_y25_54,geo_cov_nat,2011,1.966
bol,sex_m,age_aggregate_y25_54,geo_cov_nat,2012,2.011
bol,sex_m,age_aggregate_y25_54,geo_cov_nat,2013,2.048
bol,sex_m,age_aggregate_y25_54,geo_cov_nat,2014,1.501
bol,sex_m,age_aggregate_y25_54,geo_cov_nat,2015,2.767
bol,sex_m,age_aggregate_y25_54,geo_cov_nat,2016,3.378
bol,sex_m,age_aggregate_y25_54,geo_cov_nat,2017,3.565
bol,sex_m,age_aggregate_y25_54,geo_cov_nat,2018,3.555
bol,sex_m,age_aggregate_y25_54,geo_cov_nat,2019,3.553
bol,sex_m,age_aggregate_y25_54,geo_cov_nat,2020,5.71
bol,sex_m,age_aggregate_y25_54,geo_cov_nat,2021,4.665
bol,sex_m,age_aggregate_y25_54,geo_cov_nat,2022,2.99
bol,sex_m,age_aggregate_y25_54,geo_cov_nat,2023,2.842
bol,sex_m,age_aggregate_y25_54,geo_cov_nat,2024,2.671
bol,sex_m,age_aggregate_y25_54,geo_cov_rur,2000,0.641
bol,sex_m,age_aggregate_y25_54,geo_cov_rur,2001,0.593
bol,sex_m,age_aggregate_y25_54,geo_cov_rur,2002,0.742
bol,sex_m,age_aggregate_y25_54,geo_cov_rur,2004,0.378
bol,sex_m,age_aggregate_y25_54,geo_cov_rur,2005,0.848
bol,sex_m,age_aggregate_y25_54,geo_cov_rur,2007,1.489
bol,sex_m,age_aggregate_y25_54,geo_cov_rur,2009,0.382
bol,sex_m,age_aggregate_y25_54,geo_cov_rur,2011,0.477
bol,sex_m,age_aggregate_y25_54,geo_cov_rur,2012,0.794
bol,sex_m,age_aggregate_y25_54,geo_cov_rur,2013,0.786
bol,sex_m,age_aggregate_y25_54,geo_cov_rur,2014,0.515
bol,sex_m,age_aggregate_y25_54,geo_cov_rur,2015,2.24
bol,sex_m,age_aggregate_y25_54,geo_cov_rur,2016,1.016
bol,sex_m,age_aggregate_y25_54,geo_cov_rur,2017,0.998
bol,sex_m,age_aggregate_y25_54,geo_cov_rur,2018,0.834
bol,sex_m,age_aggregate_y25_54,geo_cov_rur,2019,1.054
bol,sex_m,age_aggregate_y25_54,geo_cov_rur,2020,0.611
bol,sex_m,age_aggregate_y25_54,geo_cov_rur,2021,0.948
bol,sex_m,age_aggregate_y25_54,geo_cov_rur,2022,0.633
bol,sex_m,age_aggregate_y25_54,geo_cov_rur,2023,0.809
bol,sex_m,age_aggregate_y25_54,geo_cov_rur,2024,0.744
bol,sex_m,age_aggregate_y25_54,geo_cov_urb,2000,5.175
bol,sex_m,age_aggregate_y25_54,geo_cov_urb,2001,6.665
bol,sex_m,age_aggregate_y25_54,geo_cov_urb,2002,5.051
bol,sex_m,age_aggregate_y25_54,geo_cov_urb,2004,3.435
bol,sex_m,age_aggregate_y25_54,geo_cov_urb,2005,5.231
bol,sex_m,age_aggregate_y25_54,geo_cov_urb,2006,4.976
bol,sex_m,age_aggregate_y25_54,geo_cov_urb,2007,3.96
bol,sex_m,age_aggregate_y25_54,geo_cov_urb,2008,2.757
bol,sex_m,age_aggregate_y25_54,geo_cov_urb,2009,3.305
bol,sex_m,age_aggregate_y25_54,geo_cov_urb,2011,2.621
bol,sex_m,age_aggregate_y25_54,geo_cov_urb,2012,2.526
bol,sex_m,age_aggregate_y25_54,geo_cov_urb,2013,2.529
bol,sex_m,age_aggregate_y25_54,geo_cov_urb,2014,1.921
bol,sex_m,age_aggregate_y25_54,geo_cov_urb,2015,2.981
bol,sex_m,age_aggregate_y25_54,geo_cov_urb,2016,4.332
bol,sex_m,age_aggregate_y25_54,geo_cov_urb,2017,4.547
bol,sex_m,age_aggregate_y25_54,geo_cov_urb,2018,4.619
bol,sex_m,age_aggregate_y25_54,geo_cov_urb,2019,4.505
bol,sex_m,age_aggregate_y25_54,geo_cov_urb,2020,7.447
bol,sex_m,age_aggregate_y25_54,geo_cov_urb,2021,6.01
bol,sex_m,age_aggregate_y25_54,geo_cov_urb,2022,3.858
bol,sex_m,age_aggregate_y25_54,geo_cov_urb,2023,3.568
bol,sex_m,age_aggregate_y25_54,geo_cov_urb,2024,3.33
bol,sex_m,age_aggregate_y55_64,geo_cov_nat,2000,6.099
bol,sex_m,age_aggregate_y55_64,geo_cov_nat,2001,5.583
bol,sex_m,age_aggregate_y55_64,geo_cov_nat,2002,4.003
bol,sex_m,age_aggregate_y55_64,geo_cov_nat,2004,3.922
bol,sex_m,age_aggregate_y55_64,geo_cov_nat,2005,2.977
bol,sex_m,age_aggregate_y55_64,geo_cov_nat,2006,3.782
bol,sex_m,age_aggregate_y55_64,geo_cov_nat,2007,5.279
bol,sex_m,age_aggregate_y55_64,geo_cov_nat,2008,0.822
bol,sex_m,age_aggregate_y55_64,geo_cov_nat,2009,2.252
bol,sex_m,age_aggregate_y55_64,geo_cov_nat,2011,1.083
bol,sex_m,age_aggregate_y55_64,geo_cov_nat,2012,1.496
bol,sex_m,age_aggregate_y55_64,geo_cov_nat,2013,1.853
bol,sex_m,age_aggregate_y55_64,geo_cov_nat,2014,1.958
bol,sex_m,age_aggregate_y55_64,geo_cov_nat,2015,2.149
bol,sex_m,age_aggregate_y55_64,geo_cov_nat,2016,2.496
bol,sex_m,age_aggregate_y55_64,geo_cov_nat,2017,2.833
bol,sex_m,age_aggregate_y55_64,geo_cov_nat,2018,2.635
bol,sex_m,age_aggregate_y55_64,geo_cov_nat,2019,3.03
bol,sex_m,age_aggregate_y55_64,geo_cov_nat,2020,6.453
bol,sex_m,age_aggregate_y55_64,geo_cov_nat,2021,4.248
bol,sex_m,age_aggregate_y55_64,geo_cov_nat,2022,2.568
bol,sex_m,age_aggregate_y55_64,geo_cov_nat,2023,2.528
bol,sex_m,age_aggregate_y55_64,geo_cov_nat,2024,2.398
bol,sex_m,age_aggregate_y55_64,geo_cov_rur,2016,0.634
bol,sex_m,age_aggregate_y55_64,geo_cov_rur,2017,0.524
bol,sex_m,age_aggregate_y55_64,geo_cov_rur,2018,0.5
bol,sex_m,age_aggregate_y55_64,geo_cov_rur,2019,0.56
bol,sex_m,age_aggregate_y55_64,geo_cov_rur,2021,0.796
bol,sex_m,age_aggregate_y55_64,geo_cov_rur,2023,0.413
bol,sex_m,age_aggregate_y55_64,geo_cov_rur,2024,0.455
bol,sex_m,age_aggregate_y55_64,geo_cov_urb,2000,11.757
bol,sex_m,age_aggregate_y55_64,geo_cov_urb,2001,10.756
bol,sex_m,age_aggregate_y55_64,geo_cov_urb,2002,7.12
bol,sex_m,age_aggregate_y55_64,geo_cov_urb,2004,8.176
bol,sex_m,age_aggregate_y55_64,geo_cov_urb,2005,4.725
bol,sex_m,age_aggregate_y55_64,geo_cov_urb,2006,7.39
bol,sex_m,age_aggregate_y55_64,geo_cov_urb,2007,7.33
bol,sex_m,age_aggregate_y55_64,geo_cov_urb,2008,1.55
bol,sex_m,age_aggregate_y55_64,geo_cov_urb,2009,3.688
bol,sex_m,age_aggregate_y55_64,geo_cov_urb,2011,1.75
bol,sex_m,age_aggregate_y55_64,geo_cov_urb,2012,1.991
bol,sex_m,age_aggregate_y55_64,geo_cov_urb,2013,2.692
bol,sex_m,age_aggregate_y55_64,geo_cov_urb,2014,3.184
bol,sex_m,age_aggregate_y55_64,geo_cov_urb,2015,3.068
bol,sex_m,age_aggregate_y55_64,geo_cov_urb,2016,3.714
bol,sex_m,age_aggregate_y55_64,geo_cov_urb,2017,4.476
bol,sex_m,age_aggregate_y55_64,geo_cov_urb,2018,4.188
bol,sex_m,age_aggregate_y55_64,geo_cov_urb,2019,4.66
bol,sex_m,age_aggregate_y55_64,geo_cov_urb,2020,9.905
bol,sex_m,age_aggregate_y55_64,geo_cov_urb,2021,6.514
bol,sex_m,age_aggregate_y55_64,geo_cov_urb,2022,4.256
bol,sex_m,age_aggregate_y55_64,geo_cov_urb,2023,3.901
bol,sex_m,age_aggregate_y55_64,geo_cov_urb,2024,3.692
bol,sex_m,age_aggregate_yge65,geo_cov_nat,2000,4.204
bol,sex_m,age_aggregate_yge65,geo_cov_nat,2001,4.8
bol,sex_m,age_aggregate_yge65,geo_cov_nat,2002,3.352
bol,sex_m,age_aggregate_yge65,geo_cov_nat,2004,3.697
bol,sex_m,age_aggregate_yge65,geo_cov_nat,2005,5.782
bol,sex_m,age_aggregate_yge65,geo_cov_nat,2006,5.933
bol,sex_m,age_aggregate_yge65,geo_cov_nat,2007,2.691
bol,sex_m,age_aggregate_yge65,geo_cov_nat,2008,6.22
bol,sex_m,age_aggregate_yge65,geo_cov_nat,2009,5.032
bol,sex_m,age_aggregate_yge65,geo_cov_nat,2011,4.415
bol,sex_m,age_aggregate_yge65,geo_cov_nat,2012,4.18
bol,sex_m,age_aggregate_yge65,geo_cov_nat,2013,2.277
bol,sex_m,age_aggregate_yge65,geo_cov_nat,2014,3.017
bol,sex_m,age_aggregate_yge65,geo_cov_nat,2015,2.634
bol,sex_m,age_aggregate_yge65,geo_cov_nat,2016,2.758
bol,sex_m,age_aggregate_yge65,geo_cov_nat,2017,2.104
bol,sex_m,age_aggregate_yge65,geo_cov_nat,2018,1.656
bol,sex_m,age_aggregate_yge65,geo_cov_nat,2019,2.016
bol,sex_m,age_aggregate_yge65,geo_cov_nat,2020,4.372
bol,sex_m,age_aggregate_yge65,geo_cov_nat,2021,3.063
bol,sex_m,age_aggregate_yge65,geo_cov_nat,2022,2.211
bol,sex_m,age_aggregate_yge65,geo_cov_nat,2023,2.264
bol,sex_m,age_aggregate_yge65,geo_cov_nat,2024,2.53
bol,sex_m,age_aggregate_yge65,geo_cov_rur,2008,4.386
bol,sex_m,age_aggregate_yge65,geo_cov_rur,2011,1.976
bol,sex_m,age_aggregate_yge65,geo_cov_rur,2016,0.533
bol,sex_m,age_aggregate_yge65,geo_cov_rur,2017,0.501
bol,sex_m,age_aggregate_yge65,geo_cov_rur,2018,0.232
bol,sex_m,age_aggregate_yge65,geo_cov_rur,2019,0.436
bol,sex_m,age_aggregate_yge65,geo_cov_rur,2020,0.985
bol,sex_m,age_aggregate_yge65,geo_cov_rur,2021,0.492
bol,sex_m,age_aggregate_yge65,geo_cov_rur,2024,0.739
bol,sex_m,age_aggregate_yge65,geo_cov_urb,2000,10.692
bol,sex_m,age_aggregate_yge65,geo_cov_urb,2001,13.015
bol,sex_m,age_aggregate_yge65,geo_cov_urb,2002,10.019
bol,sex_m,age_aggregate_yge65,geo_cov_urb,2004,10.868
bol,sex_m,age_aggregate_yge65,geo_cov_urb,2005,14.635
bol,sex_m,age_aggregate_yge65,geo_cov_urb,2006,16.327
bol,sex_m,age_aggregate_yge65,geo_cov_urb,2007,5.774
bol,sex_m,age_aggregate_yge65,geo_cov_urb,2008,10.236
bol,sex_m,age_aggregate_yge65,geo_cov_urb,2009,13.079
bol,sex_m,age_aggregate_yge65,geo_cov_urb,2011,7.476
bol,sex_m,age_aggregate_yge65,geo_cov_urb,2012,9.502
bol,sex_m,age_aggregate_yge65,geo_cov_urb,2013,5.54
bol,sex_m,age_aggregate_yge65,geo_cov_urb,2014,6.301
bol,sex_m,age_aggregate_yge65,geo_cov_urb,2015,6.384
bol,sex_m,age_aggregate_yge65,geo_cov_urb,2016,5.675
bol,sex_m,age_aggregate_yge65,geo_cov_urb,2017,4.55
bol,sex_m,age_aggregate_yge65,geo_cov_urb,2018,3.692
bol,sex_m,age_aggregate_yge65,geo_cov_urb,2019,3.997
bol,sex_m,age_aggregate_yge65,geo_cov_urb,2020,11.706
bol,sex_m,age_aggregate_yge65,geo_cov_urb,2021,6.709
bol,sex_m,age_aggregate_yge65,geo_cov_urb,2022,4.634
bol,sex_m,age_aggregate_yge65,geo_cov_urb,2023,4.582
bol,sex_m,age_aggregate_yge65,geo_cov_urb,2024,4.604
bol,sex_m,age_ythadult_y15_24,geo_cov_nat,2000,11.809
bol,sex_m,age_ythadult_y15_24,geo_cov_nat,2001,11.362
bol,sex_m,age_ythadult_y15_24,geo_cov_nat,2002,9.941
bol,sex_m,age_ythadult_y15_24,geo_cov_nat,2004,13.258
bol,sex_m,age_ythadult_y15_24,geo_cov_nat,2005,14.536
bol,sex_m,age_ythadult_y15_24,geo_cov_nat,2006,12.727
bol,sex_m,age_ythadult_y15_24,geo_cov_nat,2007,14.431
bol,sex_m,age_ythadult_y15_24,geo_cov_nat,2008,8.666
bol,sex_m,age_ythadult_y15_24,geo_cov_nat,2009,9.676
bol,sex_m,age_ythadult_y15_24,geo_cov_nat,2011,8.041
bol,sex_m,age_ythadult_y15_24,geo_cov_nat,2012,8.342
bol,sex_m,age_ythadult_y15_24,geo_cov_nat,2013,9.822
bol,sex_m,age_ythadult_y15_24,geo_cov_nat,2014,6.4
bol,sex_m,age_ythadult_y15_24,geo_cov_nat,2015,10.326
bol,sex_m,age_ythadult_y15_24,geo_cov_nat,2016,9.116
bol,sex_m,age_ythadult_y15_24,geo_cov_nat,2017,8.411
bol,sex_m,age_ythadult_y15_24,geo_cov_nat,2018,8.884
bol,sex_m,age_ythadult_y15_24,geo_cov_nat,2019,9.334
bol,sex_m,age_ythadult_y15_24,geo_cov_nat,2020,21.797
bol,sex_m,age_ythadult_y15_24,geo_cov_nat,2021,10.834
bol,sex_m,age_ythadult_y15_24,geo_cov_nat,2022,8.03
bol,sex_m,age_ythadult_y15_24,geo_cov_nat,2023,7.2
bol,sex_m,age_ythadult_y15_24,geo_cov_nat,2024,7.171
bol,sex_m,age_ythadult_y15_24,geo_cov_rur,2000,3.728
bol,sex_m,age_ythadult_y15_24,geo_cov_rur,2001,2.206
bol,sex_m,age_ythadult_y15_24,geo_cov_rur,2002,3.216
bol,sex_m,age_ythadult_y15_24,geo_cov_rur,2004,9.608
bol,sex_m,age_ythadult_y15_24,geo_cov_rur,2005,5.586
bol,sex_m,age_ythadult_y15_24,geo_cov_rur,2006,4.199
bol,sex_m,age_ythadult_y15_24,geo_cov_rur,2007,4.064
bol,sex_m,age_ythadult_y15_24,geo_cov_rur,2008,2.562
bol,sex_m,age_ythadult_y15_24,geo_cov_rur,2009,5.413
bol,sex_m,age_ythadult_y15_24,geo_cov_rur,2011,2.057
bol,sex_m,age_ythadult_y15_24,geo_cov_rur,2012,3.104
bol,sex_m,age_ythadult_y15_24,geo_cov_rur,2013,2.265
bol,sex_m,age_ythadult_y15_24,geo_cov_rur,2015,6.758
bol,sex_m,age_ythadult_y15_24,geo_cov_rur,2016,3.979
bol,sex_m,age_ythadult_y15_24,geo_cov_rur,2017,2.908
bol,sex_m,age_ythadult_y15_24,geo_cov_rur,2018,3.192
bol,sex_m,age_ythadult_y15_24,geo_cov_rur,2019,2.91
bol,sex_m,age_ythadult_y15_24,geo_cov_rur,2020,6.23
bol,sex_m,age_ythadult_y15_24,geo_cov_rur,2021,2.179
bol,sex_m,age_ythadult_y15_24,geo_cov_rur,2022,2.198
bol,sex_m,age_ythadult_y15_24,geo_cov_rur,2023,2.125
bol,sex_m,age_ythadult_y15_24,geo_cov_rur,2024,1.673
bol,sex_m,age_ythadult_y15_24,geo_cov_urb,2000,17.14
bol,sex_m,age_ythadult_y15_24,geo_cov_urb,2001,18.45
bol,sex_m,age_ythadult_y15_24,geo_cov_urb,2002,15.989
bol,sex_m,age_ythadult_y15_24,geo_cov_urb,2004,15.418
bol,sex_m,age_ythadult_y15_24,geo_cov_urb,2005,19.798
bol,sex_m,age_ythadult_y15_24,geo_cov_urb,2006,19.207
bol,sex_m,age_ythadult_y15_24,geo_cov_urb,2007,21.894
bol,sex_m,age_ythadult_y15_24,geo_cov_urb,2008,12.528
bol,sex_m,age_ythadult_y15_24,geo_cov_urb,2009,12.163
bol,sex_m,age_ythadult_y15_24,geo_cov_urb,2011,11.593
bol,sex_m,age_ythadult_y15_24,geo_cov_urb,2012,11.469
bol,sex_m,age_ythadult_y15_24,geo_cov_urb,2013,13.864
bol,sex_m,age_ythadult_y15_24,geo_cov_urb,2014,9.523
bol,sex_m,age_ythadult_y15_24,geo_cov_urb,2015,12.367
bol,sex_m,age_ythadult_y15_24,geo_cov_urb,2016,12.429
bol,sex_m,age_ythadult_y15_24,geo_cov_urb,2017,11.845
bol,sex_m,age_ythadult_y15_24,geo_cov_urb,2018,12.023
bol,sex_m,age_ythadult_y15_24,geo_cov_urb,2019,12.375
bol,sex_m,age_ythadult_y15_24,geo_cov_urb,2020,30.416
bol,sex_m,age_ythadult_y15_24,geo_cov_urb,2021,14.561
bol,sex_m,age_ythadult_y15_24,geo_cov_urb,2022,10.516
bol,sex_m,age_ythadult_y15_24,geo_cov_urb,2023,9.385
bol,sex_m,age_ythadult_y15_24,geo_cov_urb,2024,9.171
bol,sex_m,age_ythadult_y15_64,geo_cov_nat,2000,5.909
bol,sex_m,age_ythadult_y15_64,geo_cov_nat,2001,6.524
bol,sex_m,age_ythadult_y15_64,geo_cov_nat,2002,5.291
bol,sex_m,age_ythadult_y15_64,geo_cov_nat,2004,5.499
bol,sex_m,age_ythadult_y15_64,geo_cov_nat,2005,6.282
bol,sex_m,age_ythadult_y15_64,geo_cov_nat,2006,5.842
bol,sex_m,age_ythadult_y15_64,geo_cov_nat,2007,6.334
bol,sex_m,age_ythadult_y15_64,geo_cov_nat,2008,3.376
bol,sex_m,age_ythadult_y15_64,geo_cov_nat,2009,4.083
bol,sex_m,age_ythadult_y15_64,geo_cov_nat,2011,3.309
bol,sex_m,age_ythadult_y15_64,geo_cov_nat,2012,3.332
bol,sex_m,age_ythadult_y15_64,geo_cov_nat,2013,3.572
bol,sex_m,age_ythadult_y15_64,geo_cov_nat,2014,2.65
bol,sex_m,age_ythadult_y15_64,geo_cov_nat,2015,4.247
bol,sex_m,age_ythadult_y15_64,geo_cov_nat,2016,4.439
bol,sex_m,age_ythadult_y15_64,geo_cov_nat,2017,4.461
bol,sex_m,age_ythadult_y15_64,geo_cov_nat,2018,4.524
bol,sex_m,age_ythadult_y15_64,geo_cov_nat,2019,4.688
bol,sex_m,age_ythadult_y15_64,geo_cov_nat,2020,8.95
bol,sex_m,age_ythadult_y15_64,geo_cov_nat,2021,6.014
bol,sex_m,age_ythadult_y15_64,geo_cov_nat,2022,4.054
bol,sex_m,age_ythadult_y15_64,geo_cov_nat,2023,3.748
bol,sex_m,age_ythadult_y15_64,geo_cov_nat,2024,3.623
bol,sex_m,age_ythadult_y15_64,geo_cov_rur,2001,1.057
bol,sex_m,age_ythadult_y15_64,geo_cov_rur,2002,1.537
bol,sex_m,age_ythadult_y15_64,geo_cov_rur,2004,2.836
bol,sex_m,age_ythadult_y15_64,geo_cov_rur,2005,2.018
bol,sex_m,age_ythadult_y15_64,geo_cov_rur,2007,2.414
bol,sex_m,age_ythadult_y15_64,geo_cov_rur,2009,1.695
bol,sex_m,age_ythadult_y15_64,geo_cov_rur,2012,1.363
bol,sex_m,age_ythadult_y15_64,geo_cov_rur,2013,1.101
bol,sex_m,age_ythadult_y15_64,geo_cov_rur,2015,3.068
bol,sex_m,age_ythadult_y15_64,geo_cov_rur,2016,1.692
bol,sex_m,age_ythadult_y15_64,geo_cov_rur,2017,1.39
bol,sex_m,age_ythadult_y15_64,geo_cov_rur,2018,1.319
bol,sex_m,age_ythadult_y15_64,geo_cov_rur,2019,1.381
bol,sex_m,age_ythadult_y15_64,geo_cov_rur,2020,2.112
bol,sex_m,age_ythadult_y15_64,geo_cov_rur,2021,1.213
bol,sex_m,age_ythadult_y15_64,geo_cov_rur,2022,0.891
bol,sex_m,age_ythadult_y15_64,geo_cov_rur,2023,1.041
bol,sex_m,age_ythadult_y15_64,geo_cov_rur,2024,0.888
bol,sex_m,age_ythadult_y15_64,geo_cov_urb,2000,8.553
bol,sex_m,age_ythadult_y15_64,geo_cov_urb,2001,10.031
bol,sex_m,age_ythadult_y15_64,geo_cov_urb,2002,7.815
bol,sex_m,age_ythadult_y15_64,geo_cov_urb,2004,7.139
bol,sex_m,age_ythadult_y15_64,geo_cov_urb,2005,8.489
bol,sex_m,age_ythadult_y15_64,geo_cov_urb,2006,8.497
bol,sex_m,age_ythadult_y15_64,geo_cov_urb,2007,8.395
bol,sex_m,age_ythadult_y15_64,geo_cov_urb,2008,4.751
bol,sex_m,age_ythadult_y15_64,geo_cov_urb,2009,5.249
bol,sex_m,age_ythadult_y15_64,geo_cov_urb,2011,4.527
bol,sex_m,age_ythadult_y15_64,geo_cov_urb,2012,4.276
bol,sex_m,age_ythadult_y15_64,geo_cov_urb,2013,4.673
bol,sex_m,age_ythadult_y15_64,geo_cov_urb,2014,3.674
bol,sex_m,age_ythadult_y15_64,geo_cov_urb,2015,4.811
bol,sex_m,age_ythadult_y15_64,geo_cov_urb,2016,5.749
bol,sex_m,age_ythadult_y15_64,geo_cov_urb,2017,5.886
bol,sex_m,age_ythadult_y15_64,geo_cov_urb,2018,5.997
bol,sex_m,age_ythadult_y15_64,geo_cov_urb,2019,6.114
bol,sex_m,age_ythadult_y15_64,geo_cov_urb,2020,11.813
bol,sex_m,age_ythadult_y15_64,geo_cov_urb,2021,7.97
bol,sex_m,age_ythadult_y15_64,geo_cov_urb,2022,5.356
bol,sex_m,age_ythadult_y15_64,geo_cov_urb,2023,4.841
bol,sex_m,age_ythadult_y15_64,geo_cov_urb,2024,4.665
bol,sex_m,age_ythadult_yge15,geo_cov_nat,2000,5.807
bol,sex_m,age_ythadult_yge15,geo_cov_nat,2001,6.42
bol,sex_m,age_ythadult_yge15,geo_cov_nat,2002,5.181
bol,sex_m,age_ythadult_yge15,geo_cov_nat,2004,5.397
bol,sex_m,age_ythadult_yge15,geo_cov_nat,2005,6.245
bol,sex_m,age_ythadult_yge15,geo_cov_nat,2006,5.847
bol,sex_m,age_ythadult_yge15,geo_cov_nat,2007,6.087
bol,sex_m,age_ythadult_yge15,geo_cov_nat,2008,3.576
bol,sex_m,age_ythadult_yge15,geo_cov_nat,2009,4.148
bol,sex_m,age_ythadult_yge15,geo_cov_nat,2011,3.382
bol,sex_m,age_ythadult_yge15,geo_cov_nat,2012,3.393
bol,sex_m,age_ythadult_yge15,geo_cov_nat,2013,3.461
bol,sex_m,age_ythadult_yge15,geo_cov_nat,2014,2.677
bol,sex_m,age_ythadult_yge15,geo_cov_nat,2015,4.131
bol,sex_m,age_ythadult_yge15,geo_cov_nat,2016,4.316
bol,sex_m,age_ythadult_yge15,geo_cov_nat,2017,4.27
bol,sex_m,age_ythadult_yge15,geo_cov_nat,2018,4.274
bol,sex_m,age_ythadult_yge15,geo_cov_nat,2019,4.473
bol,sex_m,age_ythadult_yge15,geo_cov_nat,2020,8.535
bol,sex_m,age_ythadult_yge15,geo_cov_nat,2021,5.773
bol,sex_m,age_ythadult_yge15,geo_cov_nat,2022,3.907
bol,sex_m,age_ythadult_yge15,geo_cov_nat,2023,3.62
bol,sex_m,age_ythadult_yge15,geo_cov_nat,2024,3.524
bol,sex_m,age_ythadult_yge15,geo_cov_rur,2000,1.308
bol,sex_m,age_ythadult_yge15,geo_cov_rur,2001,0.975
bol,sex_m,age_ythadult_yge15,geo_cov_rur,2002,1.419
bol,sex_m,age_ythadult_yge15,geo_cov_rur,2004,2.572
bol,sex_m,age_ythadult_yge15,geo_cov_rur,2005,1.959
bol,sex_m,age_ythadult_yge15,geo_cov_rur,2006,1.332
bol,sex_m,age_ythadult_yge15,geo_cov_rur,2007,2.241
bol,sex_m,age_ythadult_yge15,geo_cov_rur,2008,1.21
bol,sex_m,age_ythadult_yge15,geo_cov_rur,2009,1.49
bol,sex_m,age_ythadult_yge15,geo_cov_rur,2011,0.958
bol,sex_m,age_ythadult_yge15,geo_cov_rur,2012,1.246
bol,sex_m,age_ythadult_yge15,geo_cov_rur,2013,1.003
bol,sex_m,age_ythadult_yge15,geo_cov_rur,2014,0.598
bol,sex_m,age_ythadult_yge15,geo_cov_rur,2015,2.691
bol,sex_m,age_ythadult_yge15,geo_cov_rur,2016,1.551
bol,sex_m,age_ythadult_yge15,geo_cov_rur,2017,1.262
bol,sex_m,age_ythadult_yge15,geo_cov_rur,2018,1.155
bol,sex_m,age_ythadult_yge15,geo_cov_rur,2019,1.25
bol,sex_m,age_ythadult_yge15,geo_cov_rur,2020,1.901
bol,sex_m,age_ythadult_yge15,geo_cov_rur,2021,1.103
bol,sex_m,age_ythadult_yge15,geo_cov_rur,2022,0.794
bol,sex_m,age_ythadult_yge15,geo_cov_rur,2023,0.915
bol,sex_m,age_ythadult_yge15,geo_cov_rur,2024,0.864
bol,sex_m,age_ythadult_yge15,geo_cov_urb,2000,8.629
bol,sex_m,age_ythadult_yge15,geo_cov_urb,2001,10.14
bol,sex_m,age_ythadult_yge15,geo_cov_urb,2002,7.883
bol,sex_m,age_ythadult_yge15,geo_cov_urb,2004,7.257
bol,sex_m,age_ythadult_yge15,geo_cov_urb,2005,8.72
bol,sex_m,age_ythadult_yge15,geo_cov_urb,2006,8.767
bol,sex_m,age_ythadult_yge15,geo_cov_urb,2007,8.294
bol,sex_m,age_ythadult_yge15,geo_cov_urb,2008,4.942
bol,sex_m,age_ythadult_yge15,geo_cov_urb,2009,5.566
bol,sex_m,age_ythadult_yge15,geo_cov_urb,2011,4.658
bol,sex_m,age_ythadult_yge15,geo_cov_urb,2012,4.512
bol,sex_m,age_ythadult_yge15,geo_cov_urb,2013,4.713
bol,sex_m,age_ythadult_yge15,geo_cov_urb,2014,3.792
bol,sex_m,age_ythadult_yge15,geo_cov_urb,2015,4.882
bol,sex_m,age_ythadult_yge15,geo_cov_urb,2016,5.745
bol,sex_m,age_ythadult_yge15,geo_cov_urb,2017,5.822
bol,sex_m,age_ythadult_yge15,geo_cov_urb,2018,5.873
bol,sex_m,age_ythadult_yge15,geo_cov_urb,2019,6.003
bol,sex_m,age_ythadult_yge15,geo_cov_urb,2020,11.808
bol,sex_m,age_ythadult_yge15,geo_cov_urb,2021,7.908
bol,sex_m,age_ythadult_yge15,geo_cov_urb,2022,5.318
bol,sex_m,age_ythadult_yge15,geo_cov_urb,2023,4.826
bol,sex_m,age_ythadult_yge15,geo_cov_urb,2024,4.661
bol,sex_m,age_ythadult_yge25,geo_cov_nat,2000,3.941
bol,sex_m,age_ythadult_yge25,geo_cov_nat,2001,4.653
bol,sex_m,age_ythadult_yge25,geo_cov_nat,2002,3.549
bol,sex_m,age_ythadult_yge25,geo_cov_nat,2004,2.607
bol,sex_m,age_ythadult_yge25,geo_cov_nat,2005,3.911
bol,sex_m,age_ythadult_yge25,geo_cov_nat,2006,3.664
bol,sex_m,age_ythadult_yge25,geo_cov_nat,2007,3.394
bol,sex_m,age_ythadult_yge25,geo_cov_nat,2008,2.177
bol,sex_m,age_ythadult_yge25,geo_cov_nat,2009,2.648
bol,sex_m,age_ythadult_yge25,geo_cov_nat,2011,2.052
bol,sex_m,age_ythadult_yge25,geo_cov_nat,2012,2.134
bol,sex_m,age_ythadult_yge25,geo_cov_nat,2013,2.044
bol,sex_m,age_ythadult_yge25,geo_cov_nat,2014,1.709
bol,sex_m,age_ythadult_yge25,geo_cov_nat,2015,2.664
bol,sex_m,age_ythadult_yge25,geo_cov_nat,2016,3.194
bol,sex_m,age_ythadult_yge25,geo_cov_nat,2017,3.31
bol,sex_m,age_ythadult_yge25,geo_cov_nat,2018,3.214
bol,sex_m,age_ythadult_yge25,geo_cov_nat,2019,3.323
bol,sex_m,age_ythadult_yge25,geo_cov_nat,2020,5.671
bol,sex_m,age_ythadult_yge25,geo_cov_nat,2021,4.441
bol,sex_m,age_ythadult_yge25,geo_cov_nat,2022,2.853
bol,sex_m,age_ythadult_yge25,geo_cov_nat,2023,2.735
bol,sex_m,age_ythadult_yge25,geo_cov_nat,2024,2.615
bol,sex_m,age_ythadult_yge25,geo_cov_rur,2000,0.524
bol,sex_m,age_ythadult_yge25,geo_cov_rur,2001,0.488
bol,sex_m,age_ythadult_yge25,geo_cov_rur,2002,0.688
bol,sex_m,age_ythadult_yge25,geo_cov_rur,2004,0.285
bol,sex_m,age_ythadult_yge25,geo_cov_rur,2005,0.924
bol,sex_m,age_ythadult_yge25,geo_cov_rur,2006,0.3
bol,sex_m,age_ythadult_yge25,geo_cov_rur,2007,1.532
bol,sex_m,age_ythadult_yge25,geo_cov_rur,2008,0.81
bol,sex_m,age_ythadult_yge25,geo_cov_rur,2009,0.344
bol,sex_m,age_ythadult_yge25,geo_cov_rur,2011,0.612
bol,sex_m,age_ythadult_yge25,geo_cov_rur,2012,0.719
bol,sex_m,age_ythadult_yge25,geo_cov_rur,2013,0.71
bol,sex_m,age_ythadult_yge25,geo_cov_rur,2014,0.555
bol,sex_m,age_ythadult_yge25,geo_cov_rur,2015,1.654
bol,sex_m,age_ythadult_yge25,geo_cov_rur,2016,0.874
bol,sex_m,age_ythadult_yge25,geo_cov_rur,2017,0.818
bol,sex_m,age_ythadult_yge25,geo_cov_rur,2018,0.658
bol,sex_m,age_ythadult_yge25,geo_cov_rur,2019,0.857
bol,sex_m,age_ythadult_yge25,geo_cov_rur,2020,0.875
bol,sex_m,age_ythadult_yge25,geo_cov_rur,2021,0.834
bol,sex_m,age_ythadult_yge25,geo_cov_rur,2022,0.454
bol,sex_m,age_ythadult_yge25,geo_cov_rur,2023,0.624
bol,sex_m,age_ythadult_yge25,geo_cov_rur,2024,0.689
bol,sex_m,age_ythadult_yge25,geo_cov_urb,2000,6.05
bol,sex_m,age_ythadult_yge25,geo_cov_urb,2001,7.371
bol,sex_m,age_ythadult_yge25,geo_cov_urb,2002,5.447
bol,sex_m,age_ythadult_yge25,geo_cov_urb,2004,4.193
bol,sex_m,age_ythadult_yge25,geo_cov_urb,2005,5.628
bol,sex_m,age_ythadult_yge25,geo_cov_urb,2006,5.73
bol,sex_m,age_ythadult_yge25,geo_cov_urb,2007,4.384
bol,sex_m,age_ythadult_yge25,geo_cov_urb,2008,2.946
bol,sex_m,age_ythadult_yge25,geo_cov_urb,2009,3.847
bol,sex_m,age_ythadult_yge25,geo_cov_urb,2011,2.784
bol,sex_m,age_ythadult_yge25,geo_cov_urb,2012,2.847
bol,sex_m,age_ythadult_yge25,geo_cov_urb,2013,2.716
bol,sex_m,age_ythadult_yge25,geo_cov_urb,2014,2.322
bol,sex_m,age_ythadult_yge25,geo_cov_urb,2015,3.18
bol,sex_m,age_ythadult_yge25,geo_cov_urb,2016,4.329
bol,sex_m,age_ythadult_yge25,geo_cov_urb,2017,4.538
bol,sex_m,age_ythadult_yge25,geo_cov_urb,2018,4.502
bol,sex_m,age_ythadult_yge25,geo_cov_urb,2019,4.493
bol,sex_m,age_ythadult_yge25,geo_cov_urb,2020,7.978
bol,sex_m,age_ythadult_yge25,geo_cov_urb,2021,6.116
bol,sex_m,age_ythadult_yge25,geo_cov_urb,2022,3.958
bol,sex_m,age_ythadult_yge25,geo_cov_urb,2023,3.684
bol,sex_m,age_ythadult_yge25,geo_cov_urb,2024,3.471
bol,sex_t,age_aggregate_total,geo_cov_nat,2000,9.087
bol,sex_t,age_aggregate_total,geo_cov_nat,2001,9.066
bol,sex_t,age_aggregate_total,geo_cov_nat,2002,8.103
bol,sex_t,age_aggregate_total,geo_cov_nat,2004,7.826
bol,sex_t,age_aggregate_total,geo_cov_nat,2005,8.889
bol,sex_t,age_aggregate_total,geo_cov_nat,2006,7.45
bol,sex_t,age_aggregate_total,geo_cov_nat,2007,7.784
bol,sex_t,age_aggregate_total,geo_cov_nat,2008,5.656
bol,sex_t,age_aggregate_total,geo_cov_nat,2009,6.186
bol,sex_t,age_aggregate_total,geo_cov_nat,2011,5.04
bol,sex_t,age_aggregate_total,geo_cov_nat,2012,5.237
bol,sex_t,age_aggregate_total,geo_cov_nat,2013,5.083
bol,sex_t,age_aggregate_total,geo_cov_nat,2014,4.642
bol,sex_t,age_aggregate_total,geo_cov_nat,2015,5.495
bol,sex_t,age_aggregate_total,geo_cov_nat,2016,5.599
bol,sex_t,age_aggregate_total,geo_cov_nat,2017,5.211
bol,sex_t,age_aggregate_total,geo_cov_nat,2018,4.803
bol,sex_t,age_aggregate_total,geo_cov_nat,2019,5.244
bol,sex_t,age_aggregate_total,geo_cov_nat,2020,11.544
bol,sex_t,age_aggregate_total,geo_cov_nat,2021,6.941
bol,sex_t,age_aggregate_total,geo_cov_nat,2022,4.999
bol,sex_t,age_aggregate_total,geo_cov_nat,2023,4.514
bol,sex_t,age_aggregate_total,geo_cov_nat,2024,4.682
bol,sex_t,age_aggregate_total,geo_cov_rur,2000,2.85
bol,sex_t,age_aggregate_total,geo_cov_rur,2001,2.045
bol,sex_t,age_aggregate_total,geo_cov_rur,2002,3.476
bol,sex_t,age_aggregate_total,geo_cov_rur,2004,3.593
bol,sex_t,age_aggregate_total,geo_cov_rur,2005,3.252
bol,sex_t,age_aggregate_total,geo_cov_rur,2006,1.995
bol,sex_t,age_aggregate_total,geo_cov_rur,2007,3.058
bol,sex_t,age_aggregate_total,geo_cov_rur,2008,2.436
bol,sex_t,age_aggregate_total,geo_cov_rur,2009,2.55
bol,sex_t,age_aggregate_total,geo_cov_rur,2011,1.87
bol,sex_t,age_aggregate_total,geo_cov_rur,2012,2.42
bol,sex_t,age_aggregate_total,geo_cov_rur,2013,2.098
bol,sex_t,age_aggregate_total,geo_cov_rur,2014,1.694
bol,sex_t,age_aggregate_total,geo_cov_rur,2015,3.232
bol,sex_t,age_aggregate_total,geo_cov_rur,2016,2.301
bol,sex_t,age_aggregate_total,geo_cov_rur,2017,1.588
bol,sex_t,age_aggregate_total,geo_cov_rur,2018,1.359
bol,sex_t,age_aggregate_total,geo_cov_rur,2019,1.708
bol,sex_t,age_aggregate_total,geo_cov_rur,2020,3.663
bol,sex_t,age_aggregate_total,geo_cov_rur,2021,1.846
bol,sex_t,age_aggregate_total,geo_cov_rur,2022,1.361
bol,sex_t,age_aggregate_total,geo_cov_rur,2023,1.224
bol,sex_t,age_aggregate_total,geo_cov_rur,2024,1.329
bol,sex_t,age_aggregate_total,geo_cov_urb,2000,12.87
bol,sex_t,age_aggregate_total,geo_cov_urb,2001,13.54
bol,sex_t,age_aggregate_total,geo_cov_urb,2002,11.166
bol,sex_t,age_aggregate_total,geo_cov_urb,2004,10.587
bol,sex_t,age_aggregate_total,geo_cov_urb,2005,12.245
bol,sex_t,age_aggregate_total,geo_cov_urb,2006,10.948
bol,sex_t,age_aggregate_total,geo_cov_urb,2007,10.673
bol,sex_t,age_aggregate_total,geo_cov_urb,2008,7.52
bol,sex_t,age_aggregate_total,geo_cov_urb,2009,8.168
bol,sex_t,age_aggregate_total,geo_cov_urb,2011,6.743
bol,sex_t,age_aggregate_total,geo_cov_urb,2012,6.662
bol,sex_t,age_aggregate_total,geo_cov_urb,2013,6.623
bol,sex_t,age_aggregate_total,geo_cov_urb,2014,6.228
bol,sex_t,age_aggregate_total,geo_cov_urb,2015,6.665
bol,sex_t,age_aggregate_total,geo_cov_urb,2016,7.292
bol,sex_t,age_aggregate_total,geo_cov_urb,2017,7.113
bol,sex_t,age_aggregate_total,geo_cov_urb,2018,6.585
bol,sex_t,age_aggregate_total,geo_cov_urb,2019,6.978
bol,sex_t,age_aggregate_total,geo_cov_urb,2020,15.338
bol,sex_t,age_aggregate_total,geo_cov_urb,2021,9.355
bol,sex_t,age_aggregate_total,geo_cov_urb,2022,6.679
bol,sex_t,age_aggregate_total,geo_cov_urb,2023,6.022
bol,sex_t,age_aggregate_total,geo_cov_urb,2024,6.156
bol,sex_t,age_aggregate_y15_24,geo_cov_nat,2000,16.986
bol,sex_t,age_aggregate_y15_24,geo_cov_nat,2001,14.711
bol,sex_t,age_aggregate_y15_24,geo_cov_nat,2002,13.716
bol,sex_t,age_aggregate_y15_24,geo_cov_nat,2004,15.982
bol,sex_t,age_aggregate_y15_24,geo_cov_nat,2005,16.592
bol,sex_t,age_aggregate_y15_24,geo_cov_nat,2006,13.806
bol,sex_t,age_aggregate_y15_24,geo_cov_nat,2007,16.708
bol,sex_t,age_aggregate_y15_24,geo_cov_nat,2008,11.913
bol,sex_t,age_aggregate_y15_24,geo_cov_nat,2009,11.973
bol,sex_t,age_aggregate_y15_24,geo_cov_nat,2011,10.579
bol,sex_t,age_aggregate_y15_24,geo_cov_nat,2012,10.527
bol,sex_t,age_aggregate_y15_24,geo_cov_nat,2013,11.053
bol,sex_t,age_aggregate_y15_24,geo_cov_nat,2014,9.966
bol,sex_t,age_aggregate_y15_24,geo_cov_nat,2015,12.549
bol,sex_t,age_aggregate_y15_24,geo_cov_nat,2016,11.078
bol,sex_t,age_aggregate_y15_24,geo_cov_nat,2017,9.793
bol,sex_t,age_aggregate_y15_24,geo_cov_nat,2018,9.547
bol,sex_t,age_aggregate_y15_24,geo_cov_nat,2019,10.324
bol,sex_t,age_aggregate_y15_24,geo_cov_nat,2020,23.552
bol,sex_t,age_aggregate_y15_24,geo_cov_nat,2021,11.851
bol,sex_t,age_aggregate_y15_24,geo_cov_nat,2022,8.983
bol,sex_t,age_aggregate_y15_24,geo_cov_nat,2023,8.199
bol,sex_t,age_aggregate_y15_24,geo_cov_nat,2024,8.429
bol,sex_t,age_aggregate_y15_24,geo_cov_rur,2000,5.505
bol,sex_t,age_aggregate_y15_24,geo_cov_rur,2001,3.43
bol,sex_t,age_aggregate_y15_24,geo_cov_rur,2002,5.605
bol,sex_t,age_aggregate_y15_24,geo_cov_rur,2004,9.955
bol,sex_t,age_aggregate_y15_24,geo_cov_rur,2005,7.684
bol,sex_t,age_aggregate_y15_24,geo_cov_rur,2006,4.625
bol,sex_t,age_aggregate_y15_24,geo_cov_rur,2007,4.243
bol,sex_t,age_aggregate_y15_24,geo_cov_rur,2008,4.236
bol,sex_t,age_aggregate_y15_24,geo_cov_rur,2009,7.018
bol,sex_t,age_aggregate_y15_24,geo_cov_rur,2011,3.48
bol,sex_t,age_aggregate_y15_24,geo_cov_rur,2012,4.788
bol,sex_t,age_aggregate_y15_24,geo_cov_rur,2013,4.01
bol,sex_t,age_aggregate_y15_24,geo_cov_rur,2014,2.728
bol,sex_t,age_aggregate_y15_24,geo_cov_rur,2015,7.573
bol,sex_t,age_aggregate_y15_24,geo_cov_rur,2016,5.508
bol,sex_t,age_aggregate_y15_24,geo_cov_rur,2017,3.372
bol,sex_t,age_aggregate_y15_24,geo_cov_rur,2018,3.482
bol,sex_t,age_aggregate_y15_24,geo_cov_rur,2019,3.674
bol,sex_t,age_aggregate_y15_24,geo_cov_rur,2020,8.069
bol,sex_t,age_aggregate_y15_24,geo_cov_rur,2021,3.688
bol,sex_t,age_aggregate_y15_24,geo_cov_rur,2022,2.604
bol,sex_t,age_aggregate_y15_24,geo_cov_rur,2023,2.747
bol,sex_t,age_aggregate_y15_24,geo_cov_rur,2024,2.873
bol,sex_t,age_aggregate_y15_24,geo_cov_urb,2000,24.113
bol,sex_t,age_aggregate_y15_24,geo_cov_urb,2001,22.117
bol,sex_t,age_aggregate_y15_24,geo_cov_urb,2002,20.026
bol,sex_t,age_aggregate_y15_24,geo_cov_urb,2004,19.652
bol,sex_t,age_aggregate_y15_24,geo_cov_urb,2005,21.731
bol,sex_t,age_aggregate_y15_24,geo_cov_urb,2006,20.078
bol,sex_t,age_aggregate_y15_24,geo_cov_urb,2007,25.911
bol,sex_t,age_aggregate_y15_24,geo_cov_urb,2008,16.576
bol,sex_t,age_aggregate_y15_24,geo_cov_urb,2009,14.865
bol,sex_t,age_aggregate_y15_24,geo_cov_urb,2011,14.74
bol,sex_t,age_aggregate_y15_24,geo_cov_urb,2012,13.682
bol,sex_t,age_aggregate_y15_24,geo_cov_urb,2013,14.748
bol,sex_t,age_aggregate_y15_24,geo_cov_urb,2014,13.99
bol,sex_t,age_aggregate_y15_24,geo_cov_urb,2015,15.434
bol,sex_t,age_aggregate_y15_24,geo_cov_urb,2016,14.652
bol,sex_t,age_aggregate_y15_24,geo_cov_urb,2017,13.827
bol,sex_t,age_aggregate_y15_24,geo_cov_urb,2018,12.822
bol,sex_t,age_aggregate_y15_24,geo_cov_urb,2019,13.422
bol,sex_t,age_aggregate_y15_24,geo_cov_urb,2020,31.764
bol,sex_t,age_aggregate_y15_24,geo_cov_urb,2021,15.475
bol,sex_t,age_aggregate_y15_24,geo_cov_urb,2022,11.72
bol,sex_t,age_aggregate_y15_24,geo_cov_urb,2023,10.591
bol,sex_t,age_aggregate_y15_24,geo_cov_urb,2024,10.495
bol,sex_t,age_aggregate_y25_54,geo_cov_nat,2000,6.774
bol,sex_t,age_aggregate_y25_54,geo_cov_nat,2001,7.49
bol,sex_t,age_aggregate_y25_54,geo_cov_nat,2002,6.637
bol,sex_t,age_aggregate_y25_54,geo_cov_nat,2004,5.46
bol,sex_t,age_aggregate_y25_54,geo_cov_nat,2005,7.225
bol,sex_t,age_aggregate_y25_54,geo_cov_nat,2006,5.798
bol,sex_t,age_aggregate_y25_54,geo_cov_nat,2007,5.352
bol,sex_t,age_aggregate_y25_54,geo_cov_nat,2008,4.076
bol,sex_t,age_aggregate_y25_54,geo_cov_nat,2009,4.843
bol,sex_t,age_aggregate_y25_54,geo_cov_nat,2011,3.579
bol,sex_t,age_aggregate_y25_54,geo_cov_nat,2012,4.101
bol,sex_t,age_aggregate_y25_54,geo_cov_nat,2013,4.037
bol,sex_t,age_aggregate_y25_54,geo_cov_nat,2014,3.387
bol,sex_t,age_aggregate_y25_54,geo_cov_nat,2015,4.362
bol,sex_t,age_aggregate_y25_54,geo_cov_nat,2016,4.927
bol,sex_t,age_aggregate_y25_54,geo_cov_nat,2017,4.859
bol,sex_t,age_aggregate_y25_54,geo_cov_nat,2018,4.403
bol,sex_t,age_aggregate_y25_54,geo_cov_nat,2019,4.706
bol,sex_t,age_aggregate_y25_54,geo_cov_nat,2020,9.847
bol,sex_t,age_aggregate_y25_54,geo_cov_nat,2021,6.449
bol,sex_t,age_aggregate_y25_54,geo_cov_nat,2022,4.546
bol,sex_t,age_aggregate_y25_54,geo_cov_nat,2023,4.076
bol,sex_t,age_aggregate_y25_54,geo_cov_nat,2024,4.299
bol,sex_t,age_aggregate_y25_54,geo_cov_rur,2000,2.472
bol,sex_t,age_aggregate_y25_54,geo_cov_rur,2001,1.839
bol,sex_t,age_aggregate_y25_54,geo_cov_rur,2002,3.138
bol,sex_t,age_aggregate_y25_54,geo_cov_rur,2004,2.003
bol,sex_t,age_aggregate_y25_54,geo_cov_rur,2005,2.268
bol,sex_t,age_aggregate_y25_54,geo_cov_rur,2006,1.318
bol,sex_t,age_aggregate_y25_54,geo_cov_rur,2007,2.714
bol,sex_t,age_aggregate_y25_54,geo_cov_rur,2008,1.838
bol,sex_t,age_aggregate_y25_54,geo_cov_rur,2009,1.382
bol,sex_t,age_aggregate_y25_54,geo_cov_rur,2011,1.349
bol,sex_t,age_aggregate_y25_54,geo_cov_rur,2012,1.952
bol,sex_t,age_aggregate_y25_54,geo_cov_rur,2013,2.147
bol,sex_t,age_aggregate_y25_54,geo_cov_rur,2014,1.407
bol,sex_t,age_aggregate_y25_54,geo_cov_rur,2015,2.696
bol,sex_t,age_aggregate_y25_54,geo_cov_rur,2016,1.857
bol,sex_t,age_aggregate_y25_54,geo_cov_rur,2017,1.536
bol,sex_t,age_aggregate_y25_54,geo_cov_rur,2018,1.185
bol,sex_t,age_aggregate_y25_54,geo_cov_rur,2019,1.711
bol,sex_t,age_aggregate_y25_54,geo_cov_rur,2020,2.979
bol,sex_t,age_aggregate_y25_54,geo_cov_rur,2021,1.883
bol,sex_t,age_aggregate_y25_54,geo_cov_rur,2022,1.53
bol,sex_t,age_aggregate_y25_54,geo_cov_rur,2023,1.226
bol,sex_t,age_aggregate_y25_54,geo_cov_rur,2024,1.303
bol,sex_t,age_aggregate_y25_54,geo_cov_urb,2000,8.932
bol,sex_t,age_aggregate_y25_54,geo_cov_urb,2001,10.435
bol,sex_t,age_aggregate_y25_54,geo_cov_urb,2002,8.483
bol,sex_t,age_aggregate_y25_54,geo_cov_urb,2004,7.351
bol,sex_t,age_aggregate_y25_54,geo_cov_urb,2005,9.641
bol,sex_t,age_aggregate_y25_54,geo_cov_urb,2006,8.106
bol,sex_t,age_aggregate_y25_54,geo_cov_urb,2007,6.563
bol,sex_t,age_aggregate_y25_54,geo_cov_urb,2008,5.077
bol,sex_t,age_aggregate_y25_54,geo_cov_urb,2009,6.338
bol,sex_t,age_aggregate_y25_54,geo_cov_urb,2011,4.57
bol,sex_t,age_aggregate_y25_54,geo_cov_urb,2012,4.982
bol,sex_t,age_aggregate_y25_54,geo_cov_urb,2013,4.773
bol,sex_t,age_aggregate_y25_54,geo_cov_urb,2014,4.214
bol,sex_t,age_aggregate_y25_54,geo_cov_urb,2015,5.013
bol,sex_t,age_aggregate_y25_54,geo_cov_urb,2016,6.148
bol,sex_t,age_aggregate_y25_54,geo_cov_urb,2017,6.148
bol,sex_t,age_aggregate_y25_54,geo_cov_urb,2018,5.681
bol,sex_t,age_aggregate_y25_54,geo_cov_urb,2019,5.893
bol,sex_t,age_aggregate_y25_54,geo_cov_urb,2020,12.165
bol,sex_t,age_aggregate_y25_54,geo_cov_urb,2021,8.148
bol,sex_t,age_aggregate_y25_54,geo_cov_urb,2022,5.685
bol,sex_t,age_aggregate_y25_54,geo_cov_urb,2023,5.127
bol,sex_t,age_aggregate_y25_54,geo_cov_urb,2024,5.359
bol,sex_t,age_aggregate_y55_64,geo_cov_nat,2000,6.293
bol,sex_t,age_aggregate_y55_64,geo_cov_nat,2001,5.006
bol,sex_t,age_aggregate_y55_64,geo_cov_nat,2002,4.637
bol,sex_t,age_aggregate_y55_64,geo_cov_nat,2004,3.745
bol,sex_t,age_aggregate_y55_64,geo_cov_nat,2005,4.398
bol,sex_t,age_aggregate_y55_64,geo_cov_nat,2006,4.034
bol,sex_t,age_aggregate_y55_64,geo_cov_nat,2007,5.089
bol,sex_t,age_aggregate_y55_64,geo_cov_nat,2008,1.872
bol,sex_t,age_aggregate_y55_64,geo_cov_nat,2009,3.001
bol,sex_t,age_aggregate_y55_64,geo_cov_nat,2011,2.388
bol,sex_t,age_aggregate_y55_64,geo_cov_nat,2012,2.652
bol,sex_t,age_aggregate_y55_64,geo_cov_nat,2013,2.802
bol,sex_t,age_aggregate_y55_64,geo_cov_nat,2014,2.596
bol,sex_t,age_aggregate_y55_64,geo_cov_nat,2015,2.551
bol,sex_t,age_aggregate_y55_64,geo_cov_nat,2016,2.582
bol,sex_t,age_aggregate_y55_64,geo_cov_nat,2017,2.64
bol,sex_t,age_aggregate_y55_64,geo_cov_nat,2018,2.231
bol,sex_t,age_aggregate_y55_64,geo_cov_nat,2019,2.492
bol,sex_t,age_aggregate_y55_64,geo_cov_nat,2020,7.219
bol,sex_t,age_aggregate_y55_64,geo_cov_nat,2021,3.737
bol,sex_t,age_aggregate_y55_64,geo_cov_nat,2022,2.471
bol,sex_t,age_aggregate_y55_64,geo_cov_nat,2023,2.65
bol,sex_t,age_aggregate_y55_64,geo_cov_nat,2024,2.394
bol,sex_t,age_aggregate_y55_64,geo_cov_rur,2001,0.874
bol,sex_t,age_aggregate_y55_64,geo_cov_rur,2002,1.664
bol,sex_t,age_aggregate_y55_64,geo_cov_rur,2004,0.319
bol,sex_t,age_aggregate_y55_64,geo_cov_rur,2005,0.554
bol,sex_t,age_aggregate_y55_64,geo_cov_rur,2007,3.308
bol,sex_t,age_aggregate_y55_64,geo_cov_rur,2009,0.832
bol,sex_t,age_aggregate_y55_64,geo_cov_rur,2012,1.09
bol,sex_t,age_aggregate_y55_64,geo_cov_rur,2013,1.421
bol,sex_t,age_aggregate_y55_64,geo_cov_rur,2014,1.289
bol,sex_t,age_aggregate_y55_64,geo_cov_rur,2015,1.734
bol,sex_t,age_aggregate_y55_64,geo_cov_rur,2016,0.634
bol,sex_t,age_aggregate_y55_64,geo_cov_rur,2017,0.581
bol,sex_t,age_aggregate_y55_64,geo_cov_rur,2018,0.465
bol,sex_t,age_aggregate_y55_64,geo_cov_rur,2019,0.499
bol,sex_t,age_aggregate_y55_64,geo_cov_rur,2020,1.848
bol,sex_t,age_aggregate_y55_64,geo_cov_rur,2021,0.683
bol,sex_t,age_aggregate_y55_64,geo_cov_rur,2022,0.143
bol,sex_t,age_aggregate_y55_64,geo_cov_rur,2023,0.298
bol,sex_t,age_aggregate_y55_64,geo_cov_rur,2024,0.614
bol,sex_t,age_aggregate_y55_64,geo_cov_urb,2000,11.898
bol,sex_t,age_aggregate_y55_64,geo_cov_urb,2001,9.24
bol,sex_t,age_aggregate_y55_64,geo_cov_urb,2002,7.602
bol,sex_t,age_aggregate_y55_64,geo_cov_urb,2004,7.686
bol,sex_t,age_aggregate_y55_64,geo_cov_urb,2005,7.431
bol,sex_t,age_aggregate_y55_64,geo_cov_urb,2006,7.601
bol,sex_t,age_aggregate_y55_64,geo_cov_urb,2007,6.61
bol,sex_t,age_aggregate_y55_64,geo_cov_urb,2008,3.07
bol,sex_t,age_aggregate_y55_64,geo_cov_urb,2009,4.944
bol,sex_t,age_aggregate_y55_64,geo_cov_urb,2011,3.598
bol,sex_t,age_aggregate_y55_64,geo_cov_urb,2012,3.703
bol,sex_t,age_aggregate_y55_64,geo_cov_urb,2013,3.822
bol,sex_t,age_aggregate_y55_64,geo_cov_urb,2014,3.679
bol,sex_t,age_aggregate_y55_64,geo_cov_urb,2015,3.229
bol,sex_t,age_aggregate_y55_64,geo_cov_urb,2016,3.89
bol,sex_t,age_aggregate_y55_64,geo_cov_urb,2017,4.136
bol,sex_t,age_aggregate_y55_64,geo_cov_urb,2018,3.524
bol,sex_t,age_aggregate_y55_64,geo_cov_urb,2019,3.889
bol,sex_t,age_aggregate_y55_64,geo_cov_urb,2020,11.226
bol,sex_t,age_aggregate_y55_64,geo_cov_urb,2021,5.884
bol,sex_t,age_aggregate_y55_64,geo_cov_urb,2022,4.077
bol,sex_t,age_aggregate_y55_64,geo_cov_urb,2023,4.179
bol,sex_t,age_aggregate_y55_64,geo_cov_urb,2024,3.609
bol,sex_t,age_aggregate_yge65,geo_cov_nat,2000,4.507
bol,sex_t,age_aggregate_yge65,geo_cov_nat,2001,5.036
bol,sex_t,age_aggregate_yge65,geo_cov_nat,2002,3.693
bol,sex_t,age_aggregate_yge65,geo_cov_nat,2004,2.676
bol,sex_t,age_aggregate_yge65,geo_cov_nat,2005,5.228
bol,sex_t,age_aggregate_yge65,geo_cov_nat,2006,4.516
bol,sex_t,age_aggregate_yge65,geo_cov_nat,2007,2.591
bol,sex_t,age_aggregate_yge65,geo_cov_nat,2008,5.43
bol,sex_t,age_aggregate_yge65,geo_cov_nat,2009,4.874
bol,sex_t,age_aggregate_yge65,geo_cov_nat,2011,4.551
bol,sex_t,age_aggregate_yge65,geo_cov_nat,2012,4.791
bol,sex_t,age_aggregate_yge65,geo_cov_nat,2013,3.015
bol,sex_t,age_aggregate_yge65,geo_cov_nat,2014,3.57
bol,sex_t,age_aggregate_yge65,geo_cov_nat,2015,2.035
bol,sex_t,age_aggregate_yge65,geo_cov_nat,2016,2.319
bol,sex_t,age_aggregate_yge65,geo_cov_nat,2017,1.581
bol,sex_t,age_aggregate_yge65,geo_cov_nat,2018,1.213
bol,sex_t,age_aggregate_yge65,geo_cov_nat,2019,1.686
bol,sex_t,age_aggregate_yge65,geo_cov_nat,2020,5.573
bol,sex_t,age_aggregate_yge65,geo_cov_nat,2021,2.365
bol,sex_t,age_aggregate_yge65,geo_cov_nat,2022,1.905
bol,sex_t,age_aggregate_yge65,geo_cov_nat,2023,1.739
bol,sex_t,age_aggregate_yge65,geo_cov_nat,2024,2.059
bol,sex_t,age_aggregate_yge65,geo_cov_rur,2001,0.615
bol,sex_t,age_aggregate_yge65,geo_cov_rur,2002,0.961
bol,sex_t,age_aggregate_yge65,geo_cov_rur,2004,0.473
bol,sex_t,age_aggregate_yge65,geo_cov_rur,2005,2.261
bol,sex_t,age_aggregate_yge65,geo_cov_rur,2007,1.788
bol,sex_t,age_aggregate_yge65,geo_cov_rur,2008,3.668
bol,sex_t,age_aggregate_yge65,geo_cov_rur,2011,2.439
bol,sex_t,age_aggregate_yge65,geo_cov_rur,2012,1.946
bol,sex_t,age_aggregate_yge65,geo_cov_rur,2014,1.649
bol,sex_t,age_aggregate_yge65,geo_cov_rur,2016,0.514
bol,sex_t,age_aggregate_yge65,geo_cov_rur,2017,0.337
bol,sex_t,age_aggregate_yge65,geo_cov_rur,2018,0.209
bol,sex_t,age_aggregate_yge65,geo_cov_rur,2019,0.479
bol,sex_t,age_aggregate_yge65,geo_cov_rur,2020,2.527
bol,sex_t,age_aggregate_yge65,geo_cov_rur,2021,0.409
bol,sex_t,age_aggregate_yge65,geo_cov_rur,2022,0.251
bol,sex_t,age_aggregate_yge65,geo_cov_rur,2023,0.183
bol,sex_t,age_aggregate_yge65,geo_cov_rur,2024,0.432
bol,sex_t,age_aggregate_yge65,geo_cov_urb,2000,11.669
bol,sex_t,age_aggregate_yge65,geo_cov_urb,2001,13.627
bol,sex_t,age_aggregate_yge65,geo_cov_urb,2002,9.102
bol,sex_t,age_aggregate_yge65,geo_cov_urb,2004,7.249
bol,sex_t,age_aggregate_yge65,geo_cov_urb,2005,11.933
bol,sex_t,age_aggregate_yge65,geo_cov_urb,2006,12.242
bol,sex_t,age_aggregate_yge65,geo_cov_urb,2007,4.279
bol,sex_t,age_aggregate_yge65,geo_cov_urb,2008,9.061
bol,sex_t,age_aggregate_yge65,geo_cov_urb,2009,10.505
bol,sex_t,age_aggregate_yge65,geo_cov_urb,2011,7.356
bol,sex_t,age_aggregate_yge65,geo_cov_urb,2012,8.923
bol,sex_t,age_aggregate_yge65,geo_cov_urb,2013,8.134
bol,sex_t,age_aggregate_yge65,geo_cov_urb,2014,6.819
bol,sex_t,age_aggregate_yge65,geo_cov_urb,2015,4.41
bol,sex_t,age_aggregate_yge65,geo_cov_urb,2016,4.71
bol,sex_t,age_aggregate_yge65,geo_cov_urb,2017,3.601
bol,sex_t,age_aggregate_yge65,geo_cov_urb,2018,2.728
bol,sex_t,age_aggregate_yge65,geo_cov_urb,2019,3.324
bol,sex_t,age_aggregate_yge65,geo_cov_urb,2020,11.682
bol,sex_t,age_aggregate_yge65,geo_cov_urb,2021,5.409
bol,sex_t,age_aggregate_yge65,geo_cov_urb,2022,3.943
bol,sex_t,age_aggregate_yge65,geo_cov_urb,2023,3.674
bol,sex_t,age_aggregate_yge65,geo_cov_urb,2024,4.06
bol,sex_t,age_ythadult_y15_24,geo_cov_nat,2000,16.986
bol,sex_t,age_ythadult_y15_24,geo_cov_nat,2001,14.711
bol,sex_t,age_ythadult_y15_24,geo_cov_nat,2002,13.716
bol,sex_t,age_ythadult_y15_24,geo_cov_nat,2004,15.982
bol,sex_t,age_ythadult_y15_24,geo_cov_nat,2005,16.592
bol,sex_t,age_ythadult_y15_24,geo_cov_nat,2006,13.806
bol,sex_t,age_ythadult_y15_24,geo_cov_nat,2007,16.708
bol,sex_t,age_ythadult_y15_24,geo_cov_nat,2008,11.913
bol,sex_t,age_ythadult_y15_24,geo_cov_nat,2009,11.973
bol,sex_t,age_ythadult_y15_24,geo_cov_nat,2011,10.579
bol,sex_t,age_ythadult_y15_24,geo_cov_nat,2012,10.527
bol,sex_t,age_ythadult_y15_24,geo_cov_nat,2013,11.053
bol,sex_t,age_ythadult_y15_24,geo_cov_nat,2014,9.966
bol,sex_t,age_ythadult_y15_24,geo_cov_nat,2015,12.549
bol,sex_t,age_ythadult_y15_24,geo_cov_nat,2016,11.078
bol,sex_t,age_ythadult_y15_24,geo_cov_nat,2017,9.793
bol,sex_t,age_ythadult_y15_24,geo_cov_nat,2018,9.547
bol,sex_t,age_ythadult_y15_24,geo_cov_nat,2019,10.324
bol,sex_t,age_ythadult_y15_24,geo_cov_nat,2020,23.552
bol,sex_t,age_ythadult_y15_24,geo_cov_nat,2021,11.851
bol,sex_t,age_ythadult_y15_24,geo_cov_nat,2022,8.983
bol,sex_t,age_ythadult_y15_24,geo_cov_nat,2023,8.199
bol,sex_t,age_ythadult_y15_24,geo_cov_nat,2024,8.429
bol,sex_t,age_ythadult_y15_24,geo_cov_rur,2000,5.505
bol,sex_t,age_ythadult_y15_24,geo_cov_rur,2001,3.43
bol,sex_t,age_ythadult_y15_24,geo_cov_rur,2002,5.605
bol,sex_t,age_ythadult_y15_24,geo_cov_rur,2004,9.955
bol,sex_t,age_ythadult_y15_24,geo_cov_rur,2005,7.684
bol,sex_t,age_ythadult_y15_24,geo_cov_rur,2006,4.625
bol,sex_t,age_ythadult_y15_24,geo_cov_rur,2007,4.243
bol,sex_t,age_ythadult_y15_24,geo_cov_rur,2008,4.236
bol,sex_t,age_ythadult_y15_24,geo_cov_rur,2009,7.018
bol,sex_t,age_ythadult_y15_24,geo_cov_rur,2011,3.48
bol,sex_t,age_ythadult_y15_24,geo_cov_rur,2012,4.788
bol,sex_t,age_ythadult_y15_24,geo_cov_rur,2013,4.01
bol,sex_t,age_ythadult_y15_24,geo_cov_rur,2014,2.728
bol,sex_t,age_ythadult_y15_24,geo_cov_rur,2015,7.573
bol,sex_t,age_ythadult_y15_24,geo_cov_rur,2016,5.508
bol,sex_t,age_ythadult_y15_24,geo_cov_rur,2017,3.372
bol,sex_t,age_ythadult_y15_24,geo_cov_rur,2018,3.482
bol,sex_t,age_ythadult_y15_24,geo_cov_rur,2019,3.674
bol,sex_t,age_ythadult_y15_24,geo_cov_rur,2020,8.069
bol,sex_t,age_ythadult_y15_24,geo_cov_rur,2021,3.688
bol,sex_t,age_ythadult_y15_24,geo_cov_rur,2022,2.604
bol,sex_t,age_ythadult_y15_24,geo_cov_rur,2023,2.747
bol,sex_t,age_ythadult_y15_24,geo_cov_rur,2024,2.873
bol,sex_t,age_ythadult_y15_24,geo_cov_urb,2000,24.113
bol,sex_t,age_ythadult_y15_24,geo_cov_urb,2001,22.117
bol,sex_t,age_ythadult_y15_24,geo_cov_urb,2002,20.026
bol,sex_t,age_ythadult_y15_24,geo_cov_urb,2004,19.652
bol,sex_t,age_ythadult_y15_24,geo_cov_urb,2005,21.731
bol,sex_t,age_ythadult_y15_24,geo_cov_urb,2006,20.078
bol,sex_t,age_ythadult_y15_24,geo_cov_urb,2007,25.911
bol,sex_t,age_ythadult_y15_24,geo_cov_urb,2008,16.576
bol,sex_t,age_ythadult_y15_24,geo_cov_urb,2009,14.865
bol,sex_t,age_ythadult_y15_24,geo_cov_urb,2011,14.74
bol,sex_t,age_ythadult_y15_24,geo_cov_urb,2012,13.682
bol,sex_t,age_ythadult_y15_24,geo_cov_urb,2013,14.748
bol,sex_t,age_ythadult_y15_24,geo_cov_urb,2014,13.99
bol,sex_t,age_ythadult_y15_24,geo_cov_urb,2015,15.434
bol,sex_t,age_ythadult_y15_24,geo_cov_urb,2016,14.652
bol,sex_t,age_ythadult_y15_24,geo_cov_urb,2017,13.827
bol,sex_t,age_ythadult_y15_24,geo_cov_urb,2018,12.822
bol,sex_t,age_ythadult_y15_24,geo_cov_urb,2019,13.422
bol,sex_t,age_ythadult_y15_24,geo_cov_urb,2020,31.764
bol,sex_t,age_ythadult_y15_24,geo_cov_urb,2021,15.475
bol,sex_t,age_ythadult_y15_24,geo_cov_urb,2022,11.72
bol,sex_t,age_ythadult_y15_24,geo_cov_urb,2023,10.591
bol,sex_t,age_ythadult_y15_24,geo_cov_urb,2024,10.495
bol,sex_t,age_ythadult_y15_64,geo_cov_nat,2000,9.36
bol,sex_t,age_ythadult_y15_64,geo_cov_nat,2001,9.328
bol,sex_t,age_ythadult_y15_64,geo_cov_nat,2002,8.36
bol,sex_t,age_ythadult_y15_64,geo_cov_nat,2004,8.154
bol,sex_t,age_ythadult_y15_64,geo_cov_nat,2005,9.172
bol,sex_t,age_ythadult_y15_64,geo_cov_nat,2006,7.641
bol,sex_t,age_ythadult_y15_64,geo_cov_nat,2007,8.188
bol,sex_t,age_ythadult_y15_64,geo_cov_nat,2008,5.672
bol,sex_t,age_ythadult_y15_64,geo_cov_nat,2009,6.276
bol,sex_t,age_ythadult_y15_64,geo_cov_nat,2011,5.073
bol,sex_t,age_ythadult_y15_64,geo_cov_nat,2012,5.27
bol,sex_t,age_ythadult_y15_64,geo_cov_nat,2013,5.271
bol,sex_t,age_ythadult_y15_64,geo_cov_nat,2014,4.727
bol,sex_t,age_ythadult_y15_64,geo_cov_nat,2015,5.765
bol,sex_t,age_ythadult_y15_64,geo_cov_nat,2016,5.859
bol,sex_t,age_ythadult_y15_64,geo_cov_nat,2017,5.538
bol,sex_t,age_ythadult_y15_64,geo_cov_nat,2018,5.142
bol,sex_t,age_ythadult_y15_64,geo_cov_nat,2019,5.549
bol,sex_t,age_ythadult_y15_64,geo_cov_nat,2020,12.097
bol,sex_t,age_ythadult_y15_64,geo_cov_nat,2021,7.34
bol,sex_t,age_ythadult_y15_64,geo_cov_nat,2022,5.257
bol,sex_t,age_ythadult_y15_64,geo_cov_nat,2023,4.768
bol,sex_t,age_ythadult_y15_64,geo_cov_nat,2024,4.931
bol,sex_t,age_ythadult_y15_64,geo_cov_rur,2001,2.21
bol,sex_t,age_ythadult_y15_64,geo_cov_rur,2002,3.73
bol,sex_t,age_ythadult_y15_64,geo_cov_rur,2004,3.948
bol,sex_t,age_ythadult_y15_64,geo_cov_rur,2005,3.404
bol,sex_t,age_ythadult_y15_64,geo_cov_rur,2007,3.246
bol,sex_t,age_ythadult_y15_64,geo_cov_rur,2009,2.715
bol,sex_t,age_ythadult_y15_64,geo_cov_rur,2012,2.485
bol,sex_t,age_ythadult_y15_64,geo_cov_rur,2013,2.429
bol,sex_t,age_ythadult_y15_64,geo_cov_rur,2015,3.637
bol,sex_t,age_ythadult_y15_64,geo_cov_rur,2016,2.552
bol,sex_t,age_ythadult_y15_64,geo_cov_rur,2017,1.806
bol,sex_t,age_ythadult_y15_64,geo_cov_rur,2018,1.566
bol,sex_t,age_ythadult_y15_64,geo_cov_rur,2019,1.905
bol,sex_t,age_ythadult_y15_64,geo_cov_rur,2020,3.902
bol,sex_t,age_ythadult_y15_64,geo_cov_rur,2021,2.103
bol,sex_t,age_ythadult_y15_64,geo_cov_rur,2022,1.534
bol,sex_t,age_ythadult_y15_64,geo_cov_rur,2023,1.404
bol,sex_t,age_ythadult_y15_64,geo_cov_rur,2024,1.496
bol,sex_t,age_ythadult_y15_64,geo_cov_urb,2000,12.911
bol,sex_t,age_ythadult_y15_64,geo_cov_urb,2001,13.537
bol,sex_t,age_ythadult_y15_64,geo_cov_urb,2002,11.232
bol,sex_t,age_ythadult_y15_64,geo_cov_urb,2004,10.697
bol,sex_t,age_ythadult_y15_64,geo_cov_urb,2005,12.256
bol,sex_t,age_ythadult_y15_64,geo_cov_urb,2006,10.906
bol,sex_t,age_ythadult_y15_64,geo_cov_urb,2007,10.922
bol,sex_t,age_ythadult_y15_64,geo_cov_urb,2008,7.465
bol,sex_t,age_ythadult_y15_64,geo_cov_urb,2009,8.074
bol,sex_t,age_ythadult_y15_64,geo_cov_urb,2011,6.716
bol,sex_t,age_ythadult_y15_64,geo_cov_urb,2012,6.563
bol,sex_t,age_ythadult_y15_64,geo_cov_urb,2013,6.556
bol,sex_t,age_ythadult_y15_64,geo_cov_urb,2014,6.202
bol,sex_t,age_ythadult_y15_64,geo_cov_urb,2015,6.768
bol,sex_t,age_ythadult_y15_64,geo_cov_urb,2016,7.421
bol,sex_t,age_ythadult_y15_64,geo_cov_urb,2017,7.29
bol,sex_t,age_ythadult_y15_64,geo_cov_urb,2018,6.798
bol,sex_t,age_ythadult_y15_64,geo_cov_urb,2019,7.17
bol,sex_t,age_ythadult_y15_64,geo_cov_urb,2020,15.497
bol,sex_t,age_ythadult_y15_64,geo_cov_urb,2021,9.547
bol,sex_t,age_ythadult_y15_64,geo_cov_urb,2022,6.824
bol,sex_t,age_ythadult_y15_64,geo_cov_urb,2023,6.157
bol,sex_t,age_ythadult_y15_64,geo_cov_urb,2024,6.281
bol,sex_t,age_ythadult_yge15,geo_cov_nat,2000,9.087
bol,sex_t,age_ythadult_yge15,geo_cov_nat,2001,9.066
bol,sex_t,age_ythadult_yge15,geo_cov_nat,2002,8.103
bol,sex_t,age_ythadult_yge15,geo_cov_nat,2004,7.826
bol,sex_t,age_ythadult_yge15,geo_cov_nat,2005,8.889
bol,sex_t,age_ythadult_yge15,geo_cov_nat,2006,7.45
bol,sex_t,age_ythadult_yge15,geo_cov_nat,2007,7.784
bol,sex_t,age_ythadult_yge15,geo_cov_nat,2008,5.656
bol,sex_t,age_ythadult_yge15,geo_cov_nat,2009,6.186
bol,sex_t,age_ythadult_yge15,geo_cov_nat,2011,5.04
bol,sex_t,age_ythadult_yge15,geo_cov_nat,2012,5.237
bol,sex_t,age_ythadult_yge15,geo_cov_nat,2013,5.083
bol,sex_t,age_ythadult_yge15,geo_cov_nat,2014,4.642
bol,sex_t,age_ythadult_yge15,geo_cov_nat,2015,5.495
bol,sex_t,age_ythadult_yge15,geo_cov_nat,2016,5.599
bol,sex_t,age_ythadult_yge15,geo_cov_nat,2017,5.211
bol,sex_t,age_ythadult_yge15,geo_cov_nat,2018,4.803
bol,sex_t,age_ythadult_yge15,geo_cov_nat,2019,5.244
bol,sex_t,age_ythadult_yge15,geo_cov_nat,2020,11.544
bol,sex_t,age_ythadult_yge15,geo_cov_nat,2021,6.941
bol,sex_t,age_ythadult_yge15,geo_cov_nat,2022,4.999
bol,sex_t,age_ythadult_yge15,geo_cov_nat,2023,4.514
bol,sex_t,age_ythadult_yge15,geo_cov_nat,2024,4.682
bol,sex_t,age_ythadult_yge15,geo_cov_rur,2000,2.85
bol,sex_t,age_ythadult_yge15,geo_cov_rur,2001,2.045
bol,sex_t,age_ythadult_yge15,geo_cov_rur,2002,3.476
bol,sex_t,age_ythadult_yge15,geo_cov_rur,2004,3.593
bol,sex_t,age_ythadult_yge15,geo_cov_rur,2005,3.252
bol,sex_t,age_ythadult_yge15,geo_cov_rur,2006,1.995
bol,sex_t,age_ythadult_yge15,geo_cov_rur,2007,3.058
bol,sex_t,age_ythadult_yge15,geo_cov_rur,2008,2.436
bol,sex_t,age_ythadult_yge15,geo_cov_rur,2009,2.55
bol,sex_t,age_ythadult_yge15,geo_cov_rur,2011,1.87
bol,sex_t,age_ythadult_yge15,geo_cov_rur,2012,2.42
bol,sex_t,age_ythadult_yge15,geo_cov_rur,2013,2.098
bol,sex_t,age_ythadult_yge15,geo_cov_rur,2014,1.694
bol,sex_t,age_ythadult_yge15,geo_cov_rur,2015,3.232
bol,sex_t,age_ythadult_yge15,geo_cov_rur,2016,2.301
bol,sex_t,age_ythadult_yge15,geo_cov_rur,2017,1.588
bol,sex_t,age_ythadult_yge15,geo_cov_rur,2018,1.359
bol,sex_t,age_ythadult_yge15,geo_cov_rur,2019,1.708
bol,sex_t,age_ythadult_yge15,geo_cov_rur,2020,3.663
bol,sex_t,age_ythadult_yge15,geo_cov_rur,2021,1.846
bol,sex_t,age_ythadult_yge15,geo_cov_rur,2022,1.361
bol,sex_t,age_ythadult_yge15,geo_cov_rur,2023,1.224
bol,sex_t,age_ythadult_yge15,geo_cov_rur,2024,1.329
bol,sex_t,age_ythadult_yge15,geo_cov_urb,2000,12.87
bol,sex_t,age_ythadult_yge15,geo_cov_urb,2001,13.54
bol,sex_t,age_ythadult_yge15,geo_cov_urb,2002,11.166
bol,sex_t,age_ythadult_yge15,geo_cov_urb,2004,10.587
bol,sex_t,age_ythadult_yge15,geo_cov_urb,2005,12.245
bol,sex_t,age_ythadult_yge15,geo_cov_urb,2006,10.948
bol,sex_t,age_ythadult_yge15,geo_cov_urb,2007,10.673
bol,sex_t,age_ythadult_yge15,geo_cov_urb,2008,7.52
bol,sex_t,age_ythadult_yge15,geo_cov_urb,2009,8.168
bol,sex_t,age_ythadult_yge15,geo_cov_urb,2011,6.743
bol,sex_t,age_ythadult_yge15,geo_cov_urb,2012,6.662
bol,sex_t,age_ythadult_yge15,geo_cov_urb,2013,6.623
bol,sex_t,age_ythadult_yge15,geo_cov_urb,2014,6.228
bol,sex_t,age_ythadult_yge15,geo_cov_urb,2015,6.665
bol,sex_t,age_ythadult_yge15,geo_cov_urb,2016,7.292
bol,sex_t,age_ythadult_yge15,geo_cov_urb,2017,7.113
bol,sex_t,age_ythadult_yge15,geo_cov_urb,2018,6.585
bol,sex_t,age_ythadult_yge15,geo_cov_urb,2019,6.978
bol,sex_t,age_ythadult_yge15,geo_cov_urb,2020,15.338
bol,sex_t,age_ythadult_yge15,geo_cov_urb,2021,9.355
bol,sex_t,age_ythadult_yge15,geo_cov_urb,2022,6.679
bol,sex_t,age_ythadult_yge15,geo_cov_urb,2023,6.022
bol,sex_t,age_ythadult_yge15,geo_cov_urb,2024,6.156
bol,sex_t,age_ythadult_yge25,geo_cov_nat,2000,6.553
bol,sex_t,age_ythadult_yge25,geo_cov_nat,2001,7.019
bol,sex_t,age_ythadult_yge25,geo_cov_nat,2002,6.209
bol,sex_t,age_ythadult_yge25,geo_cov_nat,2004,5.039
bol,sex_t,age_ythadult_yge25,geo_cov_nat,2005,6.696
bol,sex_t,age_ythadult_yge25,geo_cov_nat,2006,5.495
bol,sex_t,age_ythadult_yge25,geo_cov_nat,2007,5.062
bol,sex_t,age_ythadult_yge25,geo_cov_nat,2008,3.903
bol,sex_t,age_ythadult_yge25,geo_cov_nat,2009,4.606
bol,sex_t,age_ythadult_yge25,geo_cov_nat,2011,3.495
bol,sex_t,age_ythadult_yge25,geo_cov_nat,2012,3.964
bol,sex_t,age_ythadult_yge25,geo_cov_nat,2013,3.757
bol,sex_t,age_ythadult_yge25,geo_cov_nat,2014,3.291
bol,sex_t,age_ythadult_yge25,geo_cov_nat,2015,3.89
bol,sex_t,age_ythadult_yge25,geo_cov_nat,2016,4.35
bol,sex_t,age_ythadult_yge25,geo_cov_nat,2017,4.195
bol,sex_t,age_ythadult_yge25,geo_cov_nat,2018,3.735
bol,sex_t,age_ythadult_yge25,geo_cov_nat,2019,4.078
bol,sex_t,age_ythadult_yge25,geo_cov_nat,2020,9.025
bol,sex_t,age_ythadult_yge25,geo_cov_nat,2021,5.655
bol,sex_t,age_ythadult_yge25,geo_cov_nat,2022,4.001
bol,sex_t,age_ythadult_yge25,geo_cov_nat,2023,3.632
bol,sex_t,age_ythadult_yge25,geo_cov_nat,2024,3.78
bol,sex_t,age_ythadult_yge25,geo_cov_rur,2000,1.983
bol,sex_t,age_ythadult_yge25,geo_cov_rur,2001,1.53
bol,sex_t,age_ythadult_yge25,geo_cov_rur,2002,2.66
bol,sex_t,age_ythadult_yge25,geo_cov_rur,2004,1.537
bol,sex_t,age_ythadult_yge25,geo_cov_rur,2005,2.021
bol,sex_t,age_ythadult_yge25,geo_cov_rur,2006,1.145
bol,sex_t,age_ythadult_yge25,geo_cov_rur,2007,2.638
bol,sex_t,age_ythadult_yge25,geo_cov_rur,2008,1.912
bol,sex_t,age_ythadult_yge25,geo_cov_rur,2009,1.261
bol,sex_t,age_ythadult_yge25,geo_cov_rur,2011,1.387
bol,sex_t,age_ythadult_yge25,geo_cov_rur,2012,1.81
bol,sex_t,age_ythadult_yge25,geo_cov_rur,2013,1.667
bol,sex_t,age_ythadult_yge25,geo_cov_rur,2014,1.425
bol,sex_t,age_ythadult_yge25,geo_cov_rur,2015,2.15
bol,sex_t,age_ythadult_yge25,geo_cov_rur,2016,1.428
bol,sex_t,age_ythadult_yge25,geo_cov_rur,2017,1.132
bol,sex_t,age_ythadult_yge25,geo_cov_rur,2018,0.865
bol,sex_t,age_ythadult_yge25,geo_cov_rur,2019,1.276
bol,sex_t,age_ythadult_yge25,geo_cov_rur,2020,2.663
bol,sex_t,age_ythadult_yge25,geo_cov_rur,2021,1.39
bol,sex_t,age_ythadult_yge25,geo_cov_rur,2022,1.069
bol,sex_t,age_ythadult_yge25,geo_cov_rur,2023,0.873
bol,sex_t,age_ythadult_yge25,geo_cov_rur,2024,1.009
bol,sex_t,age_ythadult_yge25,geo_cov_urb,2000,9.304
bol,sex_t,age_ythadult_yge25,geo_cov_urb,2001,10.479
bol,sex_t,age_ythadult_yge25,geo_cov_urb,2002,8.432
bol,sex_t,age_ythadult_yge25,geo_cov_urb,2004,7.376
bol,sex_t,age_ythadult_yge25,geo_cov_urb,2005,9.503
bol,sex_t,age_ythadult_yge25,geo_cov_urb,2006,8.23
bol,sex_t,age_ythadult_yge25,geo_cov_urb,2007,6.459
bol,sex_t,age_ythadult_yge25,geo_cov_urb,2008,5.04
bol,sex_t,age_ythadult_yge25,geo_cov_urb,2009,6.396
bol,sex_t,age_ythadult_yge25,geo_cov_urb,2011,4.599
bol,sex_t,age_ythadult_yge25,geo_cov_urb,2012,5.031
bol,sex_t,age_ythadult_yge25,geo_cov_urb,2013,4.831
bol,sex_t,age_ythadult_yge25,geo_cov_urb,2014,4.286
bol,sex_t,age_ythadult_yge25,geo_cov_urb,2015,4.766
bol,sex_t,age_ythadult_yge25,geo_cov_urb,2016,5.772
bol,sex_t,age_ythadult_yge25,geo_cov_urb,2017,5.737
bol,sex_t,age_ythadult_yge25,geo_cov_urb,2018,5.206
bol,sex_t,age_ythadult_yge25,geo_cov_urb,2019,5.469
bol,sex_t,age_ythadult_yge25,geo_cov_urb,2020,12.025
bol,sex_t,age_ythadult_yge25,geo_cov_urb,2021,7.711
bol,sex_t,age_ythadult_yge25,geo_cov_urb,2022,5.379
bol,sex_t,age_ythadult_yge25,geo_cov_urb,2023,4.909
bol,sex_t,age_ythadult_yge25,geo_cov_urb,2024,5.048
bra,sex_f,age_aggregate_total,geo_cov_nat,2012,16.691
bra,sex_f,age_aggregate_total,geo_cov_nat,2013,15.175
bra,sex_f,age_aggregate_total,geo_cov_nat,2014,13.673
bra,sex_f,age_aggregate_total,geo_cov_nat,2015,15.915
bra,sex_f,age_aggregate_total,geo_cov_nat,2016,20.199
bra,sex_f,age_aggregate_total,geo_cov_nat,2017,22.171
bra,sex_f,age_aggregate_total,geo_cov_nat,2018,22.087
bra,sex_f,age_aggregate_total,geo_cov_nat,2019,22.09
bra,sex_f,age_aggregate_total,geo_cov_nat,2020,27.385
bra,sex_f,age_aggregate_total,geo_cov_nat,2021,26.08
bra,sex_f,age_aggregate_total,geo_cov_nat,2022,19.512
bra,sex_f,age_aggregate_total,geo_cov_nat,2023,16.623
bra,sex_f,age_aggregate_total,geo_cov_nat,2024,15.095
bra,sex_f,age_aggregate_total,geo_cov_rur,2012,23.503
bra,sex_f,age_aggregate_total,geo_cov_rur,2013,22.244
bra,sex_f,age_aggregate_total,geo_cov_rur,2014,19.89
bra,sex_f,age_aggregate_total,geo_cov_rur,2015,22.365
bra,sex_f,age_aggregate_total,geo_cov_rur,2016,28.432
bra,sex_f,age_aggregate_total,geo_cov_rur,2017,32.36
bra,sex_f,age_aggregate_total,geo_cov_rur,2018,33.736
bra,sex_f,age_aggregate_total,geo_cov_rur,2019,33.894
bra,sex_f,age_aggregate_total,geo_cov_rur,2020,37.948
bra,sex_f,age_aggregate_total,geo_cov_rur,2021,36.702
bra,sex_f,age_aggregate_total,geo_cov_rur,2022,30.86
bra,sex_f,age_aggregate_total,geo_cov_rur,2023,27.528
bra,sex_f,age_aggregate_total,geo_cov_rur,2024,26.372
bra,sex_f,age_aggregate_total,geo_cov_urb,2012,15.836
bra,sex_f,age_aggregate_total,geo_cov_urb,2013,14.283
bra,sex_f,age_aggregate_total,geo_cov_urb,2014,12.923
bra,sex_f,age_aggregate_total,geo_cov_urb,2015,15.125
bra,sex_f,age_aggregate_total,geo_cov_urb,2016,19.214
bra,sex_f,age_aggregate_total,geo_cov_urb,2017,20.956
bra,sex_f,age_aggregate_total,geo_cov_urb,2018,20.709
bra,sex_f,age_aggregate_total,geo_cov_urb,2019,20.699
bra,sex_f,age_aggregate_total,geo_cov_urb,2020,26.141
bra,sex_f,age_aggregate_total,geo_cov_urb,2021,24.855
bra,sex_f,age_aggregate_total,geo_cov_urb,2022,18.302
bra,sex_f,age_aggregate_total,geo_cov_urb,2023,15.554
bra,sex_f,age_aggregate_total,geo_cov_urb,2024,14.042
bra,sex_f,age_aggregate_y15_24,geo_cov_nat,2012,30.588
bra,sex_f,age_aggregate_y15_24,geo_cov_nat,2013,28.845
bra,sex_f,age_aggregate_y15_24,geo_cov_nat,2014,27.324
bra,sex_f,age_aggregate_y15_24,geo_cov_nat,2015,32.589
bra,sex_f,age_aggregate_y15_24,geo_cov_nat,2016,40.563
bra,sex_f,age_aggregate_y15_24,geo_cov_nat,2017,43.334
bra,sex_f,age_aggregate_y15_24,geo_cov_nat,2018,43.23
bra,sex_f,age_aggregate_y15_24,geo_cov_nat,2019,42.952
bra,sex_f,age_aggregate_y15_24,geo_cov_nat,2020,49.749
bra,sex_f,age_aggregate_y15_24,geo_cov_nat,2021,46.235
bra,sex_f,age_aggregate_y15_24,geo_cov_nat,2022,36.183
bra,sex_f,age_aggregate_y15_24,geo_cov_nat,2023,31.523
bra,sex_f,age_aggregate_y15_24,geo_cov_nat,2024,29.272
bra,sex_f,age_aggregate_y15_24,geo_cov_rur,2012,39.354
bra,sex_f,age_aggregate_y15_24,geo_cov_rur,2013,38.316
bra,sex_f,age_aggregate_y15_24,geo_cov_rur,2014,35.038
bra,sex_f,age_aggregate_y15_24,geo_cov_rur,2015,39.97
bra,sex_f,age_aggregate_y15_24,geo_cov_rur,2016,48.386
bra,sex_f,age_aggregate_y15_24,geo_cov_rur,2017,52.909
bra,sex_f,age_aggregate_y15_24,geo_cov_rur,2018,54.909
bra,sex_f,age_aggregate_y15_24,geo_cov_rur,2019,54.8
bra,sex_f,age_aggregate_y15_24,geo_cov_rur,2020,59.843
bra,sex_f,age_aggregate_y15_24,geo_cov_rur,2021,58.746
bra,sex_f,age_aggregate_y15_24,geo_cov_rur,2022,50.516
bra,sex_f,age_aggregate_y15_24,geo_cov_rur,2023,47.326
bra,sex_f,age_aggregate_y15_24,geo_cov_rur,2024,44.773
bra,sex_f,age_aggregate_y15_24,geo_cov_urb,2012,29.336
bra,sex_f,age_aggregate_y15_24,geo_cov_urb,2013,27.488
bra,sex_f,age_aggregate_y15_24,geo_cov_urb,2014,26.242
bra,sex_f,age_aggregate_y15_24,geo_cov_urb,2015,31.512
bra,sex_f,age_aggregate_y15_24,geo_cov_urb,2016,39.431
bra,sex_f,age_aggregate_y15_24,geo_cov_urb,2017,41.939
bra,sex_f,age_aggregate_y15_24,geo_cov_urb,2018,41.517
bra,sex_f,age_aggregate_y15_24,geo_cov_urb,2019,41.18
bra,sex_f,age_aggregate_y15_24,geo_cov_urb,2020,48.181
bra,sex_f,age_aggregate_y15_24,geo_cov_urb,2021,44.435
bra,sex_f,age_aggregate_y15_24,geo_cov_urb,2022,34.342
bra,sex_f,age_aggregate_y15_24,geo_cov_urb,2023,29.723
bra,sex_f,age_aggregate_y15_24,geo_cov_urb,2024,27.565
bra,sex_f,age_aggregate_y25_54,geo_cov_nat,2012,13.152
bra,sex_f,age_aggregate_y25_54,geo_cov_nat,2013,12.009
bra,sex_f,age_aggregate_y25_54,geo_cov_nat,2014,10.697
bra,sex_f,age_aggregate_y25_54,geo_cov_nat,2015,12.383
bra,sex_f,age_aggregate_y25_54,geo_cov_nat,2016,15.751
bra,sex_f,age_aggregate_y25_54,geo_cov_nat,2017,17.571
bra,sex_f,age_aggregate_y25_54,geo_cov_nat,2018,17.551
bra,sex_f,age_aggregate_y25_54,geo_cov_nat,2019,17.695
bra,sex_f,age_aggregate_y25_54,geo_cov_nat,2020,22.908
bra,sex_f,age_aggregate_y25_54,geo_cov_nat,2021,21.899
bra,sex_f,age_aggregate_y25_54,geo_cov_nat,2022,16.108
bra,sex_f,age_aggregate_y25_54,geo_cov_nat,2023,13.863
bra,sex_f,age_aggregate_y25_54,geo_cov_nat,2024,12.607
bra,sex_f,age_aggregate_y25_54,geo_cov_rur,2012,19.381
bra,sex_f,age_aggregate_y25_54,geo_cov_rur,2013,18.344
bra,sex_f,age_aggregate_y25_54,geo_cov_rur,2014,16.464
bra,sex_f,age_aggregate_y25_54,geo_cov_rur,2015,18.166
bra,sex_f,age_aggregate_y25_54,geo_cov_rur,2016,23.335
bra,sex_f,age_aggregate_y25_54,geo_cov_rur,2017,27.43
bra,sex_f,age_aggregate_y25_54,geo_cov_rur,2018,28.873
bra,sex_f,age_aggregate_y25_54,geo_cov_rur,2019,28.977
bra,sex_f,age_aggregate_y25_54,geo_cov_rur,2020,33.051
bra,sex_f,age_aggregate_y25_54,geo_cov_rur,2021,32.145
bra,sex_f,age_aggregate_y25_54,geo_cov_rur,2022,27.221
bra,sex_f,age_aggregate_y25_54,geo_cov_rur,2023,24.473
bra,sex_f,age_aggregate_y25_54,geo_cov_rur,2024,23.643
bra,sex_f,age_aggregate_y25_54,geo_cov_urb,2012,12.408
bra,sex_f,age_aggregate_y25_54,geo_cov_urb,2013,11.245
bra,sex_f,age_aggregate_y25_54,geo_cov_urb,2014,10.033
bra,sex_f,age_aggregate_y25_54,geo_cov_urb,2015,11.706
bra,sex_f,age_aggregate_y25_54,geo_cov_urb,2016,14.877
bra,sex_f,age_aggregate_y25_54,geo_cov_urb,2017,16.44
bra,sex_f,age_aggregate_y25_54,geo_cov_urb,2018,16.266
bra,sex_f,age_aggregate_y25_54,geo_cov_urb,2019,16.419
bra,sex_f,age_aggregate_y25_54,geo_cov_urb,2020,21.769
bra,sex_f,age_aggregate_y25_54,geo_cov_urb,2021,20.759
bra,sex_f,age_aggregate_y25_54,geo_cov_urb,2022,14.956
bra,sex_f,age_aggregate_y25_54,geo_cov_urb,2023,12.839
bra,sex_f,age_aggregate_y25_54,geo_cov_urb,2024,11.594
bra,sex_f,age_aggregate_y55_64,geo_cov_nat,2012,9.755
bra,sex_f,age_aggregate_y55_64,geo_cov_nat,2013,7.989
bra,sex_f,age_aggregate_y55_64,geo_cov_nat,2014,6.551
bra,sex_f,age_aggregate_y55_64,geo_cov_nat,2015,7.563
bra,sex_f,age_aggregate_y55_64,geo_cov_nat,2016,10.473
bra,sex_f,age_aggregate_y55_64,geo_cov_nat,2017,12.12
bra,sex_f,age_aggregate_y55_64,geo_cov_nat,2018,12.634
bra,sex_f,age_aggregate_y55_64,geo_cov_nat,2019,13.158
bra,sex_f,age_aggregate_y55_64,geo_cov_nat,2020,18.065
bra,sex_f,age_aggregate_y55_64,geo_cov_nat,2021,19.08
bra,sex_f,age_aggregate_y55_64,geo_cov_nat,2022,14.192
bra,sex_f,age_aggregate_y55_64,geo_cov_nat,2023,11.594
bra,sex_f,age_aggregate_y55_64,geo_cov_nat,2024,10.195
bra,sex_f,age_aggregate_y55_64,geo_cov_rur,2012,11.719
bra,sex_f,age_aggregate_y55_64,geo_cov_rur,2013,10.311
bra,sex_f,age_aggregate_y55_64,geo_cov_rur,2014,7.318
bra,sex_f,age_aggregate_y55_64,geo_cov_rur,2015,9.389
bra,sex_f,age_aggregate_y55_64,geo_cov_rur,2016,13.967
bra,sex_f,age_aggregate_y55_64,geo_cov_rur,2017,15.348
bra,sex_f,age_aggregate_y55_64,geo_cov_rur,2018,15.964
bra,sex_f,age_aggregate_y55_64,geo_cov_rur,2019,16.224
bra,sex_f,age_aggregate_y55_64,geo_cov_rur,2020,17.184
bra,sex_f,age_aggregate_y55_64,geo_cov_rur,2021,17.734
bra,sex_f,age_aggregate_y55_64,geo_cov_rur,2022,15.247
bra,sex_f,age_aggregate_y55_64,geo_cov_rur,2023,12.022
bra,sex_f,age_aggregate_y55_64,geo_cov_rur,2024,12.484
bra,sex_f,age_aggregate_y55_64,geo_cov_urb,2012,9.509
bra,sex_f,age_aggregate_y55_64,geo_cov_urb,2013,7.695
bra,sex_f,age_aggregate_y55_64,geo_cov_urb,2014,6.463
bra,sex_f,age_aggregate_y55_64,geo_cov_urb,2015,7.36
bra,sex_f,age_aggregate_y55_64,geo_cov_urb,2016,10.128
bra,sex_f,age_aggregate_y55_64,geo_cov_urb,2017,11.8
bra,sex_f,age_aggregate_y55_64,geo_cov_urb,2018,12.3
bra,sex_f,age_aggregate_y55_64,geo_cov_urb,2019,12.871
bra,sex_f,age_aggregate_y55_64,geo_cov_urb,2020,18.145
bra,sex_f,age_aggregate_y55_64,geo_cov_urb,2021,19.205
bra,sex_f,age_aggregate_y55_64,geo_cov_urb,2022,14.096
bra,sex_f,age_aggregate_y55_64,geo_cov_urb,2023,11.557
bra,sex_f,age_aggregate_y55_64,geo_cov_urb,2024,10.01
bra,sex_f,age_aggregate_yge65,geo_cov_nat,2012,13.908
bra,sex_f,age_aggregate_yge65,geo_cov_nat,2013,10.229
bra,sex_f,age_aggregate_yge65,geo_cov_nat,2014,8.957
bra,sex_f,age_aggregate_yge65,geo_cov_nat,2015,8.87
bra,sex_f,age_aggregate_yge65,geo_cov_nat,2016,12.105
bra,sex_f,age_aggregate_yge65,geo_cov_nat,2017,14.694
bra,sex_f,age_aggregate_yge65,geo_cov_nat,2018,16.239
bra,sex_f,age_aggregate_yge65,geo_cov_nat,2019,15.128
bra,sex_f,age_aggregate_yge65,geo_cov_nat,2020,19.441
bra,sex_f,age_aggregate_yge65,geo_cov_nat,2021,18.206
bra,sex_f,age_aggregate_yge65,geo_cov_nat,2022,16.07
bra,sex_f,age_aggregate_yge65,geo_cov_nat,2023,14.474
bra,sex_f,age_aggregate_yge65,geo_cov_nat,2024,13.521
bra,sex_f,age_aggregate_yge65,geo_cov_rur,2012,11.673
bra,sex_f,age_aggregate_yge65,geo_cov_rur,2013,11.476
bra,sex_f,age_aggregate_yge65,geo_cov_rur,2014,9.314
bra,sex_f,age_aggregate_yge65,geo_cov_rur,2015,9.359
bra,sex_f,age_aggregate_yge65,geo_cov_rur,2016,13.788
bra,sex_f,age_aggregate_yge65,geo_cov_rur,2017,13.345
bra,sex_f,age_aggregate_yge65,geo_cov_rur,2018,13.181
bra,sex_f,age_aggregate_yge65,geo_cov_rur,2019,13.947
bra,sex_f,age_aggregate_yge65,geo_cov_rur,2020,13.999
bra,sex_f,age_aggregate_yge65,geo_cov_rur,2021,12.879
bra,sex_f,age_aggregate_yge65,geo_cov_rur,2022,14.216
bra,sex_f,age_aggregate_yge65,geo_cov_rur,2023,13.836
bra,sex_f,age_aggregate_yge65,geo_cov_rur,2024,13.818
bra,sex_f,age_aggregate_yge65,geo_cov_urb,2012,14.253
bra,sex_f,age_aggregate_yge65,geo_cov_urb,2013,10.037
bra,sex_f,age_aggregate_yge65,geo_cov_urb,2014,8.903
bra,sex_f,age_aggregate_yge65,geo_cov_urb,2015,8.805
bra,sex_f,age_aggregate_yge65,geo_cov_urb,2016,11.912
bra,sex_f,age_aggregate_yge65,geo_cov_urb,2017,14.84
bra,sex_f,age_aggregate_yge65,geo_cov_urb,2018,16.547
bra,sex_f,age_aggregate_yge65,geo_cov_urb,2019,15.244
bra,sex_f,age_aggregate_yge65,geo_cov_urb,2020,19.985
bra,sex_f,age_aggregate_yge65,geo_cov_urb,2021,18.755
bra,sex_f,age_aggregate_yge65,geo_cov_urb,2022,16.253
bra,sex_f,age_aggregate_yge65,geo_cov_urb,2023,14.531
bra,sex_f,age_aggregate_yge65,geo_cov_urb,2024,13.496
bra,sex_f,age_ythadult_y15_24,geo_cov_nat,2012,30.588
bra,sex_f,age_ythadult_y15_24,geo_cov_nat,2013,28.845
bra,sex_f,age_ythadult_y15_24,geo_cov_nat,2014,27.324
bra,sex_f,age_ythadult_y15_24,geo_cov_nat,2015,32.589
bra,sex_f,age_ythadult_y15_24,geo_cov_nat,2016,40.563
bra,sex_f,age_ythadult_y15_24,geo_cov_nat,2017,43.334
bra,sex_f,age_ythadult_y15_24,geo_cov_nat,2018,43.23
bra,sex_f,age_ythadult_y15_24,geo_cov_nat,2019,42.952
bra,sex_f,age_ythadult_y15_24,geo_cov_nat,2020,49.749
bra,sex_f,age_ythadult_y15_24,geo_cov_nat,2021,46.235
bra,sex_f,age_ythadult_y15_24,geo_cov_nat,2022,36.183
bra,sex_f,age_ythadult_y15_24,geo_cov_nat,2023,31.523
bra,sex_f,age_ythadult_y15_24,geo_cov_nat,2024,29.272
bra,sex_f,age_ythadult_y15_24,geo_cov_rur,2012,39.354
bra,sex_f,age_ythadult_y15_24,geo_cov_rur,2013,38.316
bra,sex_f,age_ythadult_y15_24,geo_cov_rur,2014,35.038
bra,sex_f,age_ythadult_y15_24,geo_cov_rur,2015,39.97
bra,sex_f,age_ythadult_y15_24,geo_cov_rur,2016,48.386
bra,sex_f,age_ythadult_y15_24,geo_cov_rur,2017,52.909
bra,sex_f,age_ythadult_y15_24,geo_cov_rur,2018,54.909
bra,sex_f,age_ythadult_y15_24,geo_cov_rur,2019,54.8
bra,sex_f,age_ythadult_y15_24,geo_cov_rur,2020,59.843
bra,sex_f,age_ythadult_y15_24,geo_cov_rur,2021,58.746
bra,sex_f,age_ythadult_y15_24,geo_cov_rur,2022,50.516
bra,sex_f,age_ythadult_y15_24,geo_cov_rur,2023,47.326
bra,sex_f,age_ythadult_y15_24,geo_cov_rur,2024,44.773
bra,sex_f,age_ythadult_y15_24,geo_cov_urb,2012,29.336
bra,sex_f,age_ythadult_y15_24,geo_cov_urb,2013,27.488
bra,sex_f,age_ythadult_y15_24,geo_cov_urb,2014,26.242
bra,sex_f,age_ythadult_y15_24,geo_cov_urb,2015,31.512
bra,sex_f,age_ythadult_y15_24,geo_cov_urb,2016,39.431
bra,sex_f,age_ythadult_y15_24,geo_cov_urb,2017,41.939
bra,sex_f,age_ythadult_y15_24,geo_cov_urb,2018,41.517
bra,sex_f,age_ythadult_y15_24,geo_cov_urb,2019,41.18
bra,sex_f,age_ythadult_y15_24,geo_cov_urb,2020,48.181
bra,sex_f,age_ythadult_y15_24,geo_cov_urb,2021,44.435
bra,sex_f,age_ythadult_y15_24,geo_cov_urb,2022,34.342
bra,sex_f,age_ythadult_y15_24,geo_cov_urb,2023,29.723
bra,sex_f,age_ythadult_y15_24,geo_cov_urb,2024,27.565
bra,sex_f,age_ythadult_y15_64,geo_cov_nat,2012,16.742
bra,sex_f,age_ythadult_y15_64,geo_cov_nat,2013,15.261
bra,sex_f,age_ythadult_y15_64,geo_cov_nat,2014,13.756
bra,sex_f,age_ythadult_y15_64,geo_cov_nat,2015,16.043
bra,sex_f,age_ythadult_y15_64,geo_cov_nat,2016,20.348
bra,sex_f,age_ythadult_y15_64,geo_cov_nat,2017,22.323
bra,sex_f,age_ythadult_y15_64,geo_cov_nat,2018,22.219
bra,sex_f,age_ythadult_y15_64,geo_cov_nat,2019,22.258
bra,sex_f,age_ythadult_y15_64,geo_cov_nat,2020,27.552
bra,sex_f,age_ythadult_y15_64,geo_cov_nat,2021,26.25
bra,sex_f,age_ythadult_y15_64,geo_cov_nat,2022,19.599
bra,sex_f,age_ythadult_y15_64,geo_cov_nat,2023,16.681
bra,sex_f,age_ythadult_y15_64,geo_cov_nat,2024,15.141
bra,sex_f,age_ythadult_y15_64,geo_cov_rur,2012,23.765
bra,sex_f,age_ythadult_y15_64,geo_cov_rur,2013,22.469
bra,sex_f,age_ythadult_y15_64,geo_cov_rur,2014,20.116
bra,sex_f,age_ythadult_y15_64,geo_cov_rur,2015,22.621
bra,sex_f,age_ythadult_y15_64,geo_cov_rur,2016,28.693
bra,sex_f,age_ythadult_y15_64,geo_cov_rur,2017,32.713
bra,sex_f,age_ythadult_y15_64,geo_cov_rur,2018,34.133
bra,sex_f,age_ythadult_y15_64,geo_cov_rur,2019,34.304
bra,sex_f,age_ythadult_y15_64,geo_cov_rur,2020,38.382
bra,sex_f,age_ythadult_y15_64,geo_cov_rur,2021,37.166
bra,sex_f,age_ythadult_y15_64,geo_cov_rur,2022,31.249
bra,sex_f,age_ythadult_y15_64,geo_cov_rur,2023,27.861
bra,sex_f,age_ythadult_y15_64,geo_cov_rur,2024,26.704
bra,sex_f,age_ythadult_y15_64,geo_cov_urb,2012,15.864
bra,sex_f,age_ythadult_y15_64,geo_cov_urb,2013,14.355
bra,sex_f,age_ythadult_y15_64,geo_cov_urb,2014,12.992
bra,sex_f,age_ythadult_y15_64,geo_cov_urb,2015,15.239
bra,sex_f,age_ythadult_y15_64,geo_cov_urb,2016,19.349
bra,sex_f,age_ythadult_y15_64,geo_cov_urb,2017,21.081
bra,sex_f,age_ythadult_y15_64,geo_cov_urb,2018,20.804
bra,sex_f,age_ythadult_y15_64,geo_cov_urb,2019,20.833
bra,sex_f,age_ythadult_y15_64,geo_cov_urb,2020,26.272
bra,sex_f,age_ythadult_y15_64,geo_cov_urb,2021,24.988
bra,sex_f,age_ythadult_y15_64,geo_cov_urb,2022,18.354
bra,sex_f,age_ythadult_y15_64,geo_cov_urb,2023,15.582
bra,sex_f,age_ythadult_y15_64,geo_cov_urb,2024,14.059
bra,sex_f,age_ythadult_yge15,geo_cov_nat,2012,16.691
bra,sex_f,age_ythadult_yge15,geo_cov_nat,2013,15.175
bra,sex_f,age_ythadult_yge15,geo_cov_nat,2014,13.673
bra,sex_f,age_ythadult_yge15,geo_cov_nat,2015,15.915
bra,sex_f,age_ythadult_yge15,geo_cov_nat,2016,20.199
bra,sex_f,age_ythadult_yge15,geo_cov_nat,2017,22.171
bra,sex_f,age_ythadult_yge15,geo_cov_nat,2018,22.087
bra,sex_f,age_ythadult_yge15,geo_cov_nat,2019,22.09
bra,sex_f,age_ythadult_yge15,geo_cov_nat,2020,27.385
bra,sex_f,age_ythadult_yge15,geo_cov_nat,2021,26.08
bra,sex_f,age_ythadult_yge15,geo_cov_nat,2022,19.512
bra,sex_f,age_ythadult_yge15,geo_cov_nat,2023,16.623
bra,sex_f,age_ythadult_yge15,geo_cov_nat,2024,15.095
bra,sex_f,age_ythadult_yge15,geo_cov_rur,2012,23.503
bra,sex_f,age_ythadult_yge15,geo_cov_rur,2013,22.244
bra,sex_f,age_ythadult_yge15,geo_cov_rur,2014,19.89
bra,sex_f,age_ythadult_yge15,geo_cov_rur,2015,22.365
bra,sex_f,age_ythadult_yge15,geo_cov_rur,2016,28.432
bra,sex_f,age_ythadult_yge15,geo_cov_rur,2017,32.36
bra,sex_f,age_ythadult_yge15,geo_cov_rur,2018,33.736
bra,sex_f,age_ythadult_yge15,geo_cov_rur,2019,33.894
bra,sex_f,age_ythadult_yge15,geo_cov_rur,2020,37.948
bra,sex_f,age_ythadult_yge15,geo_cov_rur,2021,36.702
bra,sex_f,age_ythadult_yge15,geo_cov_rur,2022,30.86
bra,sex_f,age_ythadult_yge15,geo_cov_rur,2023,27.528
bra,sex_f,age_ythadult_yge15,geo_cov_rur,2024,26.372
bra,sex_f,age_ythadult_yge15,geo_cov_urb,2012,15.836
bra,sex_f,age_ythadult_yge15,geo_cov_urb,2013,14.283
bra,sex_f,age_ythadult_yge15,geo_cov_urb,2014,12.923
bra,sex_f,age_ythadult_yge15,geo_cov_urb,2015,15.125
bra,sex_f,age_ythadult_yge15,geo_cov_urb,2016,19.214
bra,sex_f,age_ythadult_yge15,geo_cov_urb,2017,20.956
bra,sex_f,age_ythadult_yge15,geo_cov_urb,2018,20.709
bra,sex_f,age_ythadult_yge15,geo_cov_urb,2019,20.699
bra,sex_f,age_ythadult_yge15,geo_cov_urb,2020,26.141
bra,sex_f,age_ythadult_yge15,geo_cov_urb,2021,24.855
bra,sex_f,age_ythadult_yge15,geo_cov_urb,2022,18.302
bra,sex_f,age_ythadult_yge15,geo_cov_urb,2023,15.554
bra,sex_f,age_ythadult_yge15,geo_cov_urb,2024,14.042
bra,sex_f,age_ythadult_yge25,geo_cov_nat,2012,12.862
bra,sex_f,age_ythadult_yge25,geo_cov_nat,2013,11.595
bra,sex_f,age_ythadult_yge25,geo_cov_nat,2014,10.266
bra,sex_f,age_ythadult_yge25,geo_cov_nat,2015,11.833
bra,sex_f,age_ythadult_yge25,geo_cov_nat,2016,15.143
bra,sex_f,age_ythadult_yge25,geo_cov_nat,2017,16.942
bra,sex_f,age_ythadult_yge25,geo_cov_nat,2018,16.994
bra,sex_f,age_ythadult_yge25,geo_cov_nat,2019,17.132
bra,sex_f,age_ythadult_yge25,geo_cov_nat,2020,22.296
bra,sex_f,age_ythadult_yge25,geo_cov_nat,2021,21.491
bra,sex_f,age_ythadult_yge25,geo_cov_nat,2022,15.886
bra,sex_f,age_ythadult_yge25,geo_cov_nat,2023,13.61
bra,sex_f,age_ythadult_yge25,geo_cov_nat,2024,12.339
bra,sex_f,age_ythadult_yge25,geo_cov_rur,2012,18.442
bra,sex_f,age_ythadult_yge25,geo_cov_rur,2013,17.387
bra,sex_f,age_ythadult_yge25,geo_cov_rur,2014,15.41
bra,sex_f,age_ythadult_yge25,geo_cov_rur,2015,17.124
bra,sex_f,age_ythadult_yge25,geo_cov_rur,2016,22.293
bra,sex_f,age_ythadult_yge25,geo_cov_rur,2017,25.996
bra,sex_f,age_ythadult_yge25,geo_cov_rur,2018,27.245
bra,sex_f,age_ythadult_yge25,geo_cov_rur,2019,27.398
bra,sex_f,age_ythadult_yge25,geo_cov_rur,2020,31.163
bra,sex_f,age_ythadult_yge25,geo_cov_rur,2021,30.282
bra,sex_f,age_ythadult_yge25,geo_cov_rur,2022,25.602
bra,sex_f,age_ythadult_yge25,geo_cov_rur,2023,22.805
bra,sex_f,age_ythadult_yge25,geo_cov_rur,2024,22.08
bra,sex_f,age_ythadult_yge25,geo_cov_urb,2012,12.188
bra,sex_f,age_ythadult_yge25,geo_cov_urb,2013,10.89
bra,sex_f,age_ythadult_yge25,geo_cov_urb,2014,9.67
bra,sex_f,age_ythadult_yge25,geo_cov_urb,2015,11.215
bra,sex_f,age_ythadult_yge25,geo_cov_urb,2016,14.331
bra,sex_f,age_ythadult_yge25,geo_cov_urb,2017,15.92
bra,sex_f,age_ythadult_yge25,geo_cov_urb,2018,15.849
bra,sex_f,age_ythadult_yge25,geo_cov_urb,2019,15.997
bra,sex_f,age_ythadult_yge25,geo_cov_urb,2020,21.324
bra,sex_f,age_ythadult_yge25,geo_cov_urb,2021,20.532
bra,sex_f,age_ythadult_yge25,geo_cov_urb,2022,14.895
bra,sex_f,age_ythadult_yge25,geo_cov_urb,2023,12.738
bra,sex_f,age_ythadult_yge25,geo_cov_urb,2024,11.46
bra,sex_m,age_aggregate_total,geo_cov_nat,2012,8.884
bra,sex_m,age_aggregate_total,geo_cov_nat,2013,8.456
bra,sex_m,age_aggregate_total,geo_cov_nat,2014,8.119
bra,sex_m,age_aggregate_total,geo_cov_nat,2015,9.918
bra,sex_m,age_aggregate_total,geo_cov_nat,2016,13.428
bra,sex_m,age_aggregate_total,geo_cov_nat,2017,15.208
bra,sex_m,age_aggregate_total,geo_cov_nat,2018,15.18
bra,sex_m,age_aggregate_total,geo_cov_nat,2019,14.502
bra,sex_m,age_aggregate_total,geo_cov_nat,2020,18.408
bra,sex_m,age_aggregate_total,geo_cov_nat,2021,16.004
bra,sex_m,age_aggregate_total,geo_cov_nat,2022,11.775
bra,sex_m,age_aggregate_total,geo_cov_nat,2023,10.394
bra,sex_m,age_aggregate_total,geo_cov_nat,2024,9.087
bra,sex_m,age_aggregate_total,geo_cov_rur,2012,9.172
bra,sex_m,age_aggregate_total,geo_cov_rur,2013,9.086
bra,sex_m,age_aggregate_total,geo_cov_rur,2014,8.386
bra,sex_m,age_aggregate_total,geo_cov_rur,2015,9.774
bra,sex_m,age_aggregate_total,geo_cov_rur,2016,13.685
bra,sex_m,age_aggregate_total,geo_cov_rur,2017,16.951
bra,sex_m,age_aggregate_total,geo_cov_rur,2018,18.274
bra,sex_m,age_aggregate_total,geo_cov_rur,2019,17.791
bra,sex_m,age_aggregate_total,geo_cov_rur,2020,20.244
bra,sex_m,age_aggregate_total,geo_cov_rur,2021,17.451
bra,sex_m,age_aggregate_total,geo_cov_rur,2022,14.65
bra,sex_m,age_aggregate_total,geo_cov_rur,2023,13.431
bra,sex_m,age_aggregate_total,geo_cov_rur,2024,12.195
bra,sex_m,age_aggregate_total,geo_cov_urb,2012,8.832
bra,sex_m,age_aggregate_total,geo_cov_urb,2013,8.338
bra,sex_m,age_aggregate_total,geo_cov_urb,2014,8.072
bra,sex_m,age_aggregate_total,geo_cov_urb,2015,9.944
bra,sex_m,age_aggregate_total,geo_cov_urb,2016,13.384
bra,sex_m,age_aggregate_total,geo_cov_urb,2017,14.91
bra,sex_m,age_aggregate_total,geo_cov_urb,2018,14.652
bra,sex_m,age_aggregate_total,geo_cov_urb,2019,13.948
bra,sex_m,age_aggregate_total,geo_cov_urb,2020,18.101
bra,sex_m,age_aggregate_total,geo_cov_urb,2021,15.766
bra,sex_m,age_aggregate_total,geo_cov_urb,2022,11.32
bra,sex_m,age_aggregate_total,geo_cov_urb,2023,9.944
bra,sex_m,age_aggregate_total,geo_cov_urb,2024,8.655
bra,sex_m,age_aggregate_y15_24,geo_cov_nat,2012,19.192
bra,sex_m,age_aggregate_y15_24,geo_cov_nat,2013,18.747
bra,sex_m,age_aggregate_y15_24,geo_cov_nat,2014,18.228
bra,sex_m,age_aggregate_y15_24,geo_cov_nat,2015,22.052
bra,sex_m,age_aggregate_y15_24,geo_cov_nat,2016,30.037
bra,sex_m,age_aggregate_y15_24,geo_cov_nat,2017,32.81
bra,sex_m,age_aggregate_y15_24,geo_cov_nat,2018,33.127
bra,sex_m,age_aggregate_y15_24,geo_cov_nat,2019,31.899
bra,sex_m,age_aggregate_y15_24,geo_cov_nat,2020,37.776
bra,sex_m,age_aggregate_y15_24,geo_cov_nat,2021,34.48
bra,sex_m,age_aggregate_y15_24,geo_cov_nat,2022,26.369
bra,sex_m,age_aggregate_y15_24,geo_cov_nat,2023,23.468
bra,sex_m,age_aggregate_y15_24,geo_cov_nat,2024,21.075
bra,sex_m,age_aggregate_y15_24,geo_cov_rur,2012,17.422
bra,sex_m,age_aggregate_y15_24,geo_cov_rur,2013,17.353
bra,sex_m,age_aggregate_y15_24,geo_cov_rur,2014,16.012
bra,sex_m,age_aggregate_y15_24,geo_cov_rur,2015,18.704
bra,sex_m,age_aggregate_y15_24,geo_cov_rur,2016,26.211
bra,sex_m,age_aggregate_y15_24,geo_cov_rur,2017,29.999
bra,sex_m,age_aggregate_y15_24,geo_cov_rur,2018,32.235
bra,sex_m,age_aggregate_y15_24,geo_cov_rur,2019,32.731
bra,sex_m,age_aggregate_y15_24,geo_cov_rur,2020,36.434
bra,sex_m,age_aggregate_y15_24,geo_cov_rur,2021,32.818
bra,sex_m,age_aggregate_y15_24,geo_cov_rur,2022,27.942
bra,sex_m,age_aggregate_y15_24,geo_cov_rur,2023,25.212
bra,sex_m,age_aggregate_y15_24,geo_cov_rur,2024,22.841
bra,sex_m,age_aggregate_y15_24,geo_cov_urb,2012,19.538
bra,sex_m,age_aggregate_y15_24,geo_cov_urb,2013,19.028
bra,sex_m,age_aggregate_y15_24,geo_cov_urb,2014,18.664
bra,sex_m,age_aggregate_y15_24,geo_cov_urb,2015,22.724
bra,sex_m,age_aggregate_y15_24,geo_cov_urb,2016,30.791
bra,sex_m,age_aggregate_y15_24,geo_cov_urb,2017,33.337
bra,sex_m,age_aggregate_y15_24,geo_cov_urb,2018,33.295
bra,sex_m,age_aggregate_y15_24,geo_cov_urb,2019,31.747
bra,sex_m,age_aggregate_y15_24,geo_cov_urb,2020,38.026
bra,sex_m,age_aggregate_y15_24,geo_cov_urb,2021,34.775
bra,sex_m,age_aggregate_y15_24,geo_cov_urb,2022,26.108
bra,sex_m,age_aggregate_y15_24,geo_cov_urb,2023,23.203
bra,sex_m,age_aggregate_y15_24,geo_cov_urb,2024,20.822
bra,sex_m,age_aggregate_y25_54,geo_cov_nat,2012,6.045
bra,sex_m,age_aggregate_y25_54,geo_cov_nat,2013,5.859
bra,sex_m,age_aggregate_y25_54,geo_cov_nat,2014,5.71
bra,sex_m,age_aggregate_y25_54,geo_cov_nat,2015,7.137
bra,sex_m,age_aggregate_y25_54,geo_cov_nat,2016,9.604
bra,sex_m,age_aggregate_y25_54,geo_cov_nat,2017,11.04
bra,sex_m,age_aggregate_y25_54,geo_cov_nat,2018,10.867
bra,sex_m,age_aggregate_y25_54,geo_cov_nat,2019,10.33
bra,sex_m,age_aggregate_y25_54,geo_cov_nat,2020,14.1
bra,sex_m,age_aggregate_y25_54,geo_cov_nat,2021,11.706
bra,sex_m,age_aggregate_y25_54,geo_cov_nat,2022,8.353
bra,sex_m,age_aggregate_y25_54,geo_cov_nat,2023,7.57
bra,sex_m,age_aggregate_y25_54,geo_cov_nat,2024,6.521
bra,sex_m,age_aggregate_y25_54,geo_cov_rur,2012,7.078
bra,sex_m,age_aggregate_y25_54,geo_cov_rur,2013,7.1
bra,sex_m,age_aggregate_y25_54,geo_cov_rur,2014,6.49
bra,sex_m,age_aggregate_y25_54,geo_cov_rur,2015,7.696
bra,sex_m,age_aggregate_y25_54,geo_cov_rur,2016,10.727
bra,sex_m,age_aggregate_y25_54,geo_cov_rur,2017,14.125
bra,sex_m,age_aggregate_y25_54,geo_cov_rur,2018,15.477
bra,sex_m,age_aggregate_y25_54,geo_cov_rur,2019,14.652
bra,sex_m,age_aggregate_y25_54,geo_cov_rur,2020,17.145
bra,sex_m,age_aggregate_y25_54,geo_cov_rur,2021,14.58
bra,sex_m,age_aggregate_y25_54,geo_cov_rur,2022,12.178
bra,sex_m,age_aggregate_y25_54,geo_cov_rur,2023,11.696
bra,sex_m,age_aggregate_y25_54,geo_cov_rur,2024,10.524
bra,sex_m,age_aggregate_y25_54,geo_cov_urb,2012,5.87
bra,sex_m,age_aggregate_y25_54,geo_cov_urb,2013,5.644
bra,sex_m,age_aggregate_y25_54,geo_cov_urb,2014,5.582
bra,sex_m,age_aggregate_y25_54,geo_cov_urb,2015,7.044
bra,sex_m,age_aggregate_y25_54,geo_cov_urb,2016,9.419
bra,sex_m,age_aggregate_y25_54,geo_cov_urb,2017,10.54
bra,sex_m,age_aggregate_y25_54,geo_cov_urb,2018,10.121
bra,sex_m,age_aggregate_y25_54,geo_cov_urb,2019,9.639
bra,sex_m,age_aggregate_y25_54,geo_cov_urb,2020,13.614
bra,sex_m,age_aggregate_y25_54,geo_cov_urb,2021,11.258
bra,sex_m,age_aggregate_y25_54,geo_cov_urb,2022,7.777
bra,sex_m,age_aggregate_y25_54,geo_cov_urb,2023,6.988
bra,sex_m,age_aggregate_y25_54,geo_cov_urb,2024,5.988
bra,sex_m,age_aggregate_y55_64,geo_cov_nat,2012,5.81
bra,sex_m,age_aggregate_y55_64,geo_cov_nat,2013,5.181
bra,sex_m,age_aggregate_y55_64,geo_cov_nat,2014,4.978
bra,sex_m,age_aggregate_y55_64,geo_cov_nat,2015,5.858
bra,sex_m,age_aggregate_y55_64,geo_cov_nat,2016,8.387
bra,sex_m,age_aggregate_y55_64,geo_cov_nat,2017,10.363
bra,sex_m,age_aggregate_y55_64,geo_cov_nat,2018,10.546
bra,sex_m,age_aggregate_y55_64,geo_cov_nat,2019,10.543
bra,sex_m,age_aggregate_y55_64,geo_cov_nat,2020,13.63
bra,sex_m,age_aggregate_y55_64,geo_cov_nat,2021,12.451
bra,sex_m,age_aggregate_y55_64,geo_cov_nat,2022,9.562
bra,sex_m,age_aggregate_y55_64,geo_cov_nat,2023,8.515
bra,sex_m,age_aggregate_y55_64,geo_cov_nat,2024,7.384
bra,sex_m,age_aggregate_y55_64,geo_cov_rur,2012,5.567
bra,sex_m,age_aggregate_y55_64,geo_cov_rur,2013,5.481
bra,sex_m,age_aggregate_y55_64,geo_cov_rur,2014,5.792
bra,sex_m,age_aggregate_y55_64,geo_cov_rur,2015,5.773
bra,sex_m,age_aggregate_y55_64,geo_cov_rur,2016,8.605
bra,sex_m,age_aggregate_y55_64,geo_cov_rur,2017,11.021
bra,sex_m,age_aggregate_y55_64,geo_cov_rur,2018,11.102
bra,sex_m,age_aggregate_y55_64,geo_cov_rur,2019,11.975
bra,sex_m,age_aggregate_y55_64,geo_cov_rur,2020,12.994
bra,sex_m,age_aggregate_y55_64,geo_cov_rur,2021,11.176
bra,sex_m,age_aggregate_y55_64,geo_cov_rur,2022,10.192
bra,sex_m,age_aggregate_y55_64,geo_cov_rur,2023,8.97
bra,sex_m,age_aggregate_y55_64,geo_cov_rur,2024,9.087
bra,sex_m,age_aggregate_y55_64,geo_cov_urb,2012,5.862
bra,sex_m,age_aggregate_y55_64,geo_cov_urb,2013,5.117
bra,sex_m,age_aggregate_y55_64,geo_cov_urb,2014,4.816
bra,sex_m,age_aggregate_y55_64,geo_cov_urb,2015,5.875
bra,sex_m,age_aggregate_y55_64,geo_cov_urb,2016,8.347
bra,sex_m,age_aggregate_y55_64,geo_cov_urb,2017,10.249
bra,sex_m,age_aggregate_y55_64,geo_cov_urb,2018,10.447
bra,sex_m,age_aggregate_y55_64,geo_cov_urb,2019,10.284
bra,sex_m,age_aggregate_y55_64,geo_cov_urb,2020,13.739
bra,sex_m,age_aggregate_y55_64,geo_cov_urb,2021,12.686
bra,sex_m,age_aggregate_y55_64,geo_cov_urb,2022,9.452
bra,sex_m,age_aggregate_y55_64,geo_cov_urb,2023,8.439
bra,sex_m,age_aggregate_y55_64,geo_cov_urb,2024,7.126
bra,sex_m,age_aggregate_yge65,geo_cov_nat,2012,7.59
bra,sex_m,age_aggregate_yge65,geo_cov_nat,2013,5.842
bra,sex_m,age_aggregate_yge65,geo_cov_nat,2014,5.246
bra,sex_m,age_aggregate_yge65,geo_cov_nat,2015,6.032
bra,sex_m,age_aggregate_yge65,geo_cov_nat,2016,8.03
bra,sex_m,age_aggregate_yge65,geo_cov_nat,2017,10.271
bra,sex_m,age_aggregate_yge65,geo_cov_nat,2018,11.496
bra,sex_m,age_aggregate_yge65,geo_cov_nat,2019,11.024
bra,sex_m,age_aggregate_yge65,geo_cov_nat,2020,13.343
bra,sex_m,age_aggregate_yge65,geo_cov_nat,2021,12.989
bra,sex_m,age_aggregate_yge65,geo_cov_nat,2022,10.502
bra,sex_m,age_aggregate_yge65,geo_cov_nat,2023,8.726
bra,sex_m,age_aggregate_yge65,geo_cov_nat,2024,8.581
bra,sex_m,age_aggregate_yge65,geo_cov_rur,2012,5.057
bra,sex_m,age_aggregate_yge65,geo_cov_rur,2013,4.783
bra,sex_m,age_aggregate_yge65,geo_cov_rur,2014,4.086
bra,sex_m,age_aggregate_yge65,geo_cov_rur,2015,5.217
bra,sex_m,age_aggregate_yge65,geo_cov_rur,2016,6.743
bra,sex_m,age_aggregate_yge65,geo_cov_rur,2017,8.956
bra,sex_m,age_aggregate_yge65,geo_cov_rur,2018,8.754
bra,sex_m,age_aggregate_yge65,geo_cov_rur,2019,8.284
bra,sex_m,age_aggregate_yge65,geo_cov_rur,2020,7.65
bra,sex_m,age_aggregate_yge65,geo_cov_rur,2021,7.645
bra,sex_m,age_aggregate_yge65,geo_cov_rur,2022,7.697
bra,sex_m,age_aggregate_yge65,geo_cov_rur,2023,6.967
bra,sex_m,age_aggregate_yge65,geo_cov_rur,2024,6.321
bra,sex_m,age_aggregate_yge65,geo_cov_urb,2012,8.406
bra,sex_m,age_aggregate_yge65,geo_cov_urb,2013,6.179
bra,sex_m,age_aggregate_yge65,geo_cov_urb,2014,5.577
bra,sex_m,age_aggregate_yge65,geo_cov_urb,2015,6.256
bra,sex_m,age_aggregate_yge65,geo_cov_urb,2016,8.365
bra,sex_m,age_aggregate_yge65,geo_cov_urb,2017,10.589
bra,sex_m,age_aggregate_yge65,geo_cov_urb,2018,12.11
bra,sex_m,age_aggregate_yge65,geo_cov_urb,2019,11.614
bra,sex_m,age_aggregate_yge65,geo_cov_urb,2020,14.518
bra,sex_m,age_aggregate_yge65,geo_cov_urb,2021,14.183
bra,sex_m,age_aggregate_yge65,geo_cov_urb,2022,11.116
bra,sex_m,age_aggregate_yge65,geo_cov_urb,2023,9.086
bra,sex_m,age_aggregate_yge65,geo_cov_urb,2024,9
bra,sex_m,age_ythadult_y15_24,geo_cov_nat,2012,19.192
bra,sex_m,age_ythadult_y15_24,geo_cov_nat,2013,18.747
bra,sex_m,age_ythadult_y15_24,geo_cov_nat,2014,18.228
bra,sex_m,age_ythadult_y15_24,geo_cov_nat,2015,22.052
bra,sex_m,age_ythadult_y15_24,geo_cov_nat,2016,30.037
bra,sex_m,age_ythadult_y15_24,geo_cov_nat,2017,32.81
bra,sex_m,age_ythadult_y15_24,geo_cov_nat,2018,33.127
bra,sex_m,age_ythadult_y15_24,geo_cov_nat,2019,31.899
bra,sex_m,age_ythadult_y15_24,geo_cov_nat,2020,37.776
bra,sex_m,age_ythadult_y15_24,geo_cov_nat,2021,34.48
bra,sex_m,age_ythadult_y15_24,geo_cov_nat,2022,26.369
bra,sex_m,age_ythadult_y15_24,geo_cov_nat,2023,23.468
bra,sex_m,age_ythadult_y15_24,geo_cov_nat,2024,21.075
bra,sex_m,age_ythadult_y15_24,geo_cov_rur,2012,17.422
bra,sex_m,age_ythadult_y15_24,geo_cov_rur,2013,17.353
bra,sex_m,age_ythadult_y15_24,geo_cov_rur,2014,16.012
bra,sex_m,age_ythadult_y15_24,geo_cov_rur,2015,18.704
bra,sex_m,age_ythadult_y15_24,geo_cov_rur,2016,26.211
bra,sex_m,age_ythadult_y15_24,geo_cov_rur,2017,29.999
bra,sex_m,age_ythadult_y15_24,geo_cov_rur,2018,32.235
bra,sex_m,age_ythadult_y15_24,geo_cov_rur,2019,32.731
bra,sex_m,age_ythadult_y15_24,geo_cov_rur,2020,36.434
bra,sex_m,age_ythadult_y15_24,geo_cov_rur,2021,32.818
bra,sex_m,age_ythadult_y15_24,geo_cov_rur,2022,27.942
bra,sex_m,age_ythadult_y15_24,geo_cov_rur,2023,25.212
bra,sex_m,age_ythadult_y15_24,geo_cov_rur,2024,22.841
bra,sex_m,age_ythadult_y15_24,geo_cov_urb,2012,19.538
bra,sex_m,age_ythadult_y15_24,geo_cov_urb,2013,19.028
bra,sex_m,age_ythadult_y15_24,geo_cov_urb,2014,18.664
bra,sex_m,age_ythadult_y15_24,geo_cov_urb,2015,22.724
bra,sex_m,age_ythadult_y15_24,geo_cov_urb,2016,30.791
bra,sex_m,age_ythadult_y15_24,geo_cov_urb,2017,33.337
bra,sex_m,age_ythadult_y15_24,geo_cov_urb,2018,33.295
bra,sex_m,age_ythadult_y15_24,geo_cov_urb,2019,31.747
bra,sex_m,age_ythadult_y15_24,geo_cov_urb,2020,38.026
bra,sex_m,age_ythadult_y15_24,geo_cov_urb,2021,34.775
bra,sex_m,age_ythadult_y15_24,geo_cov_urb,2022,26.108
bra,sex_m,age_ythadult_y15_24,geo_cov_urb,2023,23.203
bra,sex_m,age_ythadult_y15_24,geo_cov_urb,2024,20.822
bra,sex_m,age_ythadult_y15_64,geo_cov_nat,2012,8.922
bra,sex_m,age_ythadult_y15_64,geo_cov_nat,2013,8.534
bra,sex_m,age_ythadult_y15_64,geo_cov_nat,2014,8.204
bra,sex_m,age_ythadult_y15_64,geo_cov_nat,2015,10.036
bra,sex_m,age_ythadult_y15_64,geo_cov_nat,2016,13.595
bra,sex_m,age_ythadult_y15_64,geo_cov_nat,2017,15.371
bra,sex_m,age_ythadult_y15_64,geo_cov_nat,2018,15.309
bra,sex_m,age_ythadult_y15_64,geo_cov_nat,2019,14.63
bra,sex_m,age_ythadult_y15_64,geo_cov_nat,2020,18.58
bra,sex_m,age_ythadult_y15_64,geo_cov_nat,2021,16.105
bra,sex_m,age_ythadult_y15_64,geo_cov_nat,2022,11.824
bra,sex_m,age_ythadult_y15_64,geo_cov_nat,2023,10.461
bra,sex_m,age_ythadult_y15_64,geo_cov_nat,2024,9.108
bra,sex_m,age_ythadult_y15_64,geo_cov_rur,2012,9.367
bra,sex_m,age_ythadult_y15_64,geo_cov_rur,2013,9.285
bra,sex_m,age_ythadult_y15_64,geo_cov_rur,2014,8.577
bra,sex_m,age_ythadult_y15_64,geo_cov_rur,2015,9.973
bra,sex_m,age_ythadult_y15_64,geo_cov_rur,2016,13.985
bra,sex_m,age_ythadult_y15_64,geo_cov_rur,2017,17.308
bra,sex_m,age_ythadult_y15_64,geo_cov_rur,2018,18.698
bra,sex_m,age_ythadult_y15_64,geo_cov_rur,2019,18.225
bra,sex_m,age_ythadult_y15_64,geo_cov_rur,2020,20.757
bra,sex_m,age_ythadult_y15_64,geo_cov_rur,2021,17.88
bra,sex_m,age_ythadult_y15_64,geo_cov_rur,2022,15.002
bra,sex_m,age_ythadult_y15_64,geo_cov_rur,2023,13.779
bra,sex_m,age_ythadult_y15_64,geo_cov_rur,2024,12.517
bra,sex_m,age_ythadult_y15_64,geo_cov_urb,2012,8.843
bra,sex_m,age_ythadult_y15_64,geo_cov_urb,2013,8.396
bra,sex_m,age_ythadult_y15_64,geo_cov_urb,2014,8.139
bra,sex_m,age_ythadult_y15_64,geo_cov_urb,2015,10.048
bra,sex_m,age_ythadult_y15_64,geo_cov_urb,2016,13.527
bra,sex_m,age_ythadult_y15_64,geo_cov_urb,2017,15.044
bra,sex_m,age_ythadult_y15_64,geo_cov_urb,2018,14.737
bra,sex_m,age_ythadult_y15_64,geo_cov_urb,2019,14.031
bra,sex_m,age_ythadult_y15_64,geo_cov_urb,2020,18.218
bra,sex_m,age_ythadult_y15_64,geo_cov_urb,2021,15.816
bra,sex_m,age_ythadult_y15_64,geo_cov_urb,2022,11.327
bra,sex_m,age_ythadult_y15_64,geo_cov_urb,2023,9.977
bra,sex_m,age_ythadult_y15_64,geo_cov_urb,2024,8.641
bra,sex_m,age_ythadult_yge15,geo_cov_nat,2012,8.884
bra,sex_m,age_ythadult_yge15,geo_cov_nat,2013,8.456
bra,sex_m,age_ythadult_yge15,geo_cov_nat,2014,8.119
bra,sex_m,age_ythadult_yge15,geo_cov_nat,2015,9.918
bra,sex_m,age_ythadult_yge15,geo_cov_nat,2016,13.428
bra,sex_m,age_ythadult_yge15,geo_cov_nat,2017,15.208
bra,sex_m,age_ythadult_yge15,geo_cov_nat,2018,15.18
bra,sex_m,age_ythadult_yge15,geo_cov_nat,2019,14.502
bra,sex_m,age_ythadult_yge15,geo_cov_nat,2020,18.408
bra,sex_m,age_ythadult_yge15,geo_cov_nat,2021,16.004
bra,sex_m,age_ythadult_yge15,geo_cov_nat,2022,11.775
bra,sex_m,age_ythadult_yge15,geo_cov_nat,2023,10.394
bra,sex_m,age_ythadult_yge15,geo_cov_nat,2024,9.087
bra,sex_m,age_ythadult_yge15,geo_cov_rur,2012,9.172
bra,sex_m,age_ythadult_yge15,geo_cov_rur,2013,9.086
bra,sex_m,age_ythadult_yge15,geo_cov_rur,2014,8.386
bra,sex_m,age_ythadult_yge15,geo_cov_rur,2015,9.774
bra,sex_m,age_ythadult_yge15,geo_cov_rur,2016,13.685
bra,sex_m,age_ythadult_yge15,geo_cov_rur,2017,16.951
bra,sex_m,age_ythadult_yge15,geo_cov_rur,2018,18.274
bra,sex_m,age_ythadult_yge15,geo_cov_rur,2019,17.791
bra,sex_m,age_ythadult_yge15,geo_cov_rur,2020,20.244
bra,sex_m,age_ythadult_yge15,geo_cov_rur,2021,17.451
bra,sex_m,age_ythadult_yge15,geo_cov_rur,2022,14.65
bra,sex_m,age_ythadult_yge15,geo_cov_rur,2023,13.431
bra,sex_m,age_ythadult_yge15,geo_cov_rur,2024,12.195
bra,sex_m,age_ythadult_yge15,geo_cov_urb,2012,8.832
bra,sex_m,age_ythadult_yge15,geo_cov_urb,2013,8.338
bra,sex_m,age_ythadult_yge15,geo_cov_urb,2014,8.072
bra,sex_m,age_ythadult_yge15,geo_cov_urb,2015,9.944
bra,sex_m,age_ythadult_yge15,geo_cov_urb,2016,13.384
bra,sex_m,age_ythadult_yge15,geo_cov_urb,2017,14.91
bra,sex_m,age_ythadult_yge15,geo_cov_urb,2018,14.652
bra,sex_m,age_ythadult_yge15,geo_cov_urb,2019,13.948
bra,sex_m,age_ythadult_yge15,geo_cov_urb,2020,18.101
bra,sex_m,age_ythadult_yge15,geo_cov_urb,2021,15.766
bra,sex_m,age_ythadult_yge15,geo_cov_urb,2022,11.32
bra,sex_m,age_ythadult_yge15,geo_cov_urb,2023,9.944
bra,sex_m,age_ythadult_yge15,geo_cov_urb,2024,8.655
bra,sex_m,age_ythadult_yge25,geo_cov_nat,2012,6.074
bra,sex_m,age_ythadult_yge25,geo_cov_nat,2013,5.779
bra,sex_m,age_ythadult_yge25,geo_cov_nat,2014,5.606
bra,sex_m,age_ythadult_yge25,geo_cov_nat,2015,6.942
bra,sex_m,age_ythadult_yge25,geo_cov_nat,2016,9.395
bra,sex_m,age_ythadult_yge25,geo_cov_nat,2017,10.925
bra,sex_m,age_ythadult_yge25,geo_cov_nat,2018,10.853
bra,sex_m,age_ythadult_yge25,geo_cov_nat,2019,10.388
bra,sex_m,age_ythadult_yge25,geo_cov_nat,2020,14.008
bra,sex_m,age_ythadult_yge25,geo_cov_nat,2021,11.856
bra,sex_m,age_ythadult_yge25,geo_cov_nat,2022,8.612
bra,sex_m,age_ythadult_yge25,geo_cov_nat,2023,7.754
bra,sex_m,age_ythadult_yge25,geo_cov_nat,2024,6.742
bra,sex_m,age_ythadult_yge25,geo_cov_rur,2012,6.758
bra,sex_m,age_ythadult_yge25,geo_cov_rur,2013,6.753
bra,sex_m,age_ythadult_yge25,geo_cov_rur,2014,6.266
bra,sex_m,age_ythadult_yge25,geo_cov_rur,2015,7.309
bra,sex_m,age_ythadult_yge25,geo_cov_rur,2016,10.238
bra,sex_m,age_ythadult_yge25,geo_cov_rur,2017,13.441
bra,sex_m,age_ythadult_yge25,geo_cov_rur,2018,14.522
bra,sex_m,age_ythadult_yge25,geo_cov_rur,2019,13.925
bra,sex_m,age_ythadult_yge25,geo_cov_rur,2020,16.115
bra,sex_m,age_ythadult_yge25,geo_cov_rur,2021,13.715
bra,sex_m,age_ythadult_yge25,geo_cov_rur,2022,11.62
bra,sex_m,age_ythadult_yge25,geo_cov_rur,2023,10.989
bra,sex_m,age_ythadult_yge25,geo_cov_rur,2024,10.043
bra,sex_m,age_ythadult_yge25,geo_cov_urb,2012,5.952
bra,sex_m,age_ythadult_yge25,geo_cov_urb,2013,5.601
bra,sex_m,age_ythadult_yge25,geo_cov_urb,2014,5.492
bra,sex_m,age_ythadult_yge25,geo_cov_urb,2015,6.879
bra,sex_m,age_ythadult_yge25,geo_cov_urb,2016,9.252
bra,sex_m,age_ythadult_yge25,geo_cov_urb,2017,10.505
bra,sex_m,age_ythadult_yge25,geo_cov_urb,2018,10.242
bra,sex_m,age_ythadult_yge25,geo_cov_urb,2019,9.805
bra,sex_m,age_ythadult_yge25,geo_cov_urb,2020,13.665
bra,sex_m,age_ythadult_yge25,geo_cov_urb,2021,11.554
bra,sex_m,age_ythadult_yge25,geo_cov_urb,2022,8.141
bra,sex_m,age_ythadult_yge25,geo_cov_urb,2023,7.278
bra,sex_m,age_ythadult_yge25,geo_cov_urb,2024,6.286
bra,sex_t,age_aggregate_total,geo_cov_nat,2012,12.302
bra,sex_t,age_aggregate_total,geo_cov_nat,2013,11.382
bra,sex_t,age_aggregate_total,geo_cov_nat,2014,10.531
bra,sex_t,age_aggregate_total,geo_cov_nat,2015,12.546
bra,sex_t,age_aggregate_total,geo_cov_nat,2016,16.416
bra,sex_t,age_aggregate_total,geo_cov_nat,2017,18.319
bra,sex_t,age_aggregate_total,geo_cov_nat,2018,18.279
bra,sex_t,age_aggregate_total,geo_cov_nat,2019,17.933
bra,sex_t,age_aggregate_total,geo_cov_nat,2020,22.42
bra,sex_t,age_aggregate_total,geo_cov_nat,2021,20.539
bra,sex_t,age_aggregate_total,geo_cov_nat,2022,15.262
bra,sex_t,age_aggregate_total,geo_cov_nat,2023,13.179
bra,sex_t,age_aggregate_total,geo_cov_nat,2024,11.773
bra,sex_t,age_aggregate_total,geo_cov_rur,2012,14.328
bra,sex_t,age_aggregate_total,geo_cov_rur,2013,13.745
bra,sex_t,age_aggregate_total,geo_cov_rur,2014,12.465
bra,sex_t,age_aggregate_total,geo_cov_rur,2015,14.291
bra,sex_t,age_aggregate_total,geo_cov_rur,2016,19.013
bra,sex_t,age_aggregate_total,geo_cov_rur,2017,22.671
bra,sex_t,age_aggregate_total,geo_cov_rur,2018,24.015
bra,sex_t,age_aggregate_total,geo_cov_rur,2019,23.854
bra,sex_t,age_aggregate_total,geo_cov_rur,2020,26.838
bra,sex_t,age_aggregate_total,geo_cov_rur,2021,24.657
bra,sex_t,age_aggregate_total,geo_cov_rur,2022,20.588
bra,sex_t,age_aggregate_total,geo_cov_rur,2023,18.491
bra,sex_t,age_aggregate_total,geo_cov_rur,2024,17.317
bra,sex_t,age_aggregate_total,geo_cov_urb,2012,11.983
bra,sex_t,age_aggregate_total,geo_cov_urb,2013,11.004
bra,sex_t,age_aggregate_total,geo_cov_urb,2014,10.238
bra,sex_t,age_aggregate_total,geo_cov_urb,2015,12.277
bra,sex_t,age_aggregate_total,geo_cov_urb,2016,16.027
bra,sex_t,age_aggregate_total,geo_cov_urb,2017,17.679
bra,sex_t,age_aggregate_total,geo_cov_urb,2018,17.438
bra,sex_t,age_aggregate_total,geo_cov_urb,2019,17.075
bra,sex_t,age_aggregate_total,geo_cov_urb,2020,21.78
bra,sex_t,age_aggregate_total,geo_cov_urb,2021,19.954
bra,sex_t,age_aggregate_total,geo_cov_urb,2022,14.546
bra,sex_t,age_aggregate_total,geo_cov_urb,2023,12.515
bra,sex_t,age_aggregate_total,geo_cov_urb,2024,11.118
bra,sex_t,age_aggregate_y15_24,geo_cov_nat,2012,24.205
bra,sex_t,age_aggregate_y15_24,geo_cov_nat,2013,23.157
bra,sex_t,age_aggregate_y15_24,geo_cov_nat,2014,22.186
bra,sex_t,age_aggregate_y15_24,geo_cov_nat,2015,26.664
bra,sex_t,age_aggregate_y15_24,geo_cov_nat,2016,34.728
bra,sex_t,age_aggregate_y15_24,geo_cov_nat,2017,37.545
bra,sex_t,age_aggregate_y15_24,geo_cov_nat,2018,37.657
bra,sex_t,age_aggregate_y15_24,geo_cov_nat,2019,36.909
bra,sex_t,age_aggregate_y15_24,geo_cov_nat,2020,43.131
bra,sex_t,age_aggregate_y15_24,geo_cov_nat,2021,39.803
bra,sex_t,age_aggregate_y15_24,geo_cov_nat,2022,30.799
bra,sex_t,age_aggregate_y15_24,geo_cov_nat,2023,27.072
bra,sex_t,age_aggregate_y15_24,geo_cov_nat,2024,24.73
bra,sex_t,age_aggregate_y15_24,geo_cov_rur,2012,25.653
bra,sex_t,age_aggregate_y15_24,geo_cov_rur,2013,25.033
bra,sex_t,age_aggregate_y15_24,geo_cov_rur,2014,22.969
bra,sex_t,age_aggregate_y15_24,geo_cov_rur,2015,26.621
bra,sex_t,age_aggregate_y15_24,geo_cov_rur,2016,34.67
bra,sex_t,age_aggregate_y15_24,geo_cov_rur,2017,39.096
bra,sex_t,age_aggregate_y15_24,geo_cov_rur,2018,41.203
bra,sex_t,age_aggregate_y15_24,geo_cov_rur,2019,41.791
bra,sex_t,age_aggregate_y15_24,geo_cov_rur,2020,45.999
bra,sex_t,age_aggregate_y15_24,geo_cov_rur,2021,43.402
bra,sex_t,age_aggregate_y15_24,geo_cov_rur,2022,36.894
bra,sex_t,age_aggregate_y15_24,geo_cov_rur,2023,33.744
bra,sex_t,age_aggregate_y15_24,geo_cov_rur,2024,31.37
bra,sex_t,age_aggregate_y15_24,geo_cov_urb,2012,23.956
bra,sex_t,age_aggregate_y15_24,geo_cov_urb,2013,22.827
bra,sex_t,age_aggregate_y15_24,geo_cov_urb,2014,22.052
bra,sex_t,age_aggregate_y15_24,geo_cov_urb,2015,26.672
bra,sex_t,age_aggregate_y15_24,geo_cov_urb,2016,34.738
bra,sex_t,age_aggregate_y15_24,geo_cov_urb,2017,37.283
bra,sex_t,age_aggregate_y15_24,geo_cov_urb,2018,37.056
bra,sex_t,age_aggregate_y15_24,geo_cov_urb,2019,36.09
bra,sex_t,age_aggregate_y15_24,geo_cov_urb,2020,42.636
bra,sex_t,age_aggregate_y15_24,geo_cov_urb,2021,39.219
bra,sex_t,age_aggregate_y15_24,geo_cov_urb,2022,29.892
bra,sex_t,age_aggregate_y15_24,geo_cov_urb,2023,26.174
bra,sex_t,age_aggregate_y15_24,geo_cov_urb,2024,23.878
bra,sex_t,age_aggregate_y25_54,geo_cov_nat,2012,9.227
bra,sex_t,age_aggregate_y25_54,geo_cov_nat,2013,8.602
bra,sex_t,age_aggregate_y25_54,geo_cov_nat,2014,7.929
bra,sex_t,age_aggregate_y25_54,geo_cov_nat,2015,9.492
bra,sex_t,age_aggregate_y25_54,geo_cov_nat,2016,12.379
bra,sex_t,age_aggregate_y25_54,geo_cov_nat,2017,14.027
bra,sex_t,age_aggregate_y25_54,geo_cov_nat,2018,13.937
bra,sex_t,age_aggregate_y25_54,geo_cov_nat,2019,13.739
bra,sex_t,age_aggregate_y25_54,geo_cov_nat,2020,18.13
bra,sex_t,age_aggregate_y25_54,geo_cov_nat,2021,16.394
bra,sex_t,age_aggregate_y25_54,geo_cov_nat,2022,11.925
bra,sex_t,age_aggregate_y25_54,geo_cov_nat,2023,10.445
bra,sex_t,age_aggregate_y25_54,geo_cov_nat,2024,9.299
bra,sex_t,age_aggregate_y25_54,geo_cov_rur,2012,11.681
bra,sex_t,age_aggregate_y25_54,geo_cov_rur,2013,11.247
bra,sex_t,age_aggregate_y25_54,geo_cov_rur,2014,10.178
bra,sex_t,age_aggregate_y25_54,geo_cov_rur,2015,11.605
bra,sex_t,age_aggregate_y25_54,geo_cov_rur,2016,15.46
bra,sex_t,age_aggregate_y25_54,geo_cov_rur,2017,19.221
bra,sex_t,age_aggregate_y25_54,geo_cov_rur,2018,20.615
bra,sex_t,age_aggregate_y25_54,geo_cov_rur,2019,20.215
bra,sex_t,age_aggregate_y25_54,geo_cov_rur,2020,23.22
bra,sex_t,age_aggregate_y25_54,geo_cov_rur,2021,21.389
bra,sex_t,age_aggregate_y25_54,geo_cov_rur,2022,17.889
bra,sex_t,age_aggregate_y25_54,geo_cov_rur,2023,16.479
bra,sex_t,age_aggregate_y25_54,geo_cov_rur,2024,15.451
bra,sex_t,age_aggregate_y25_54,geo_cov_urb,2012,8.868
bra,sex_t,age_aggregate_y25_54,geo_cov_urb,2013,8.206
bra,sex_t,age_aggregate_y25_54,geo_cov_urb,2014,7.61
bra,sex_t,age_aggregate_y25_54,geo_cov_urb,2015,9.187
bra,sex_t,age_aggregate_y25_54,geo_cov_urb,2016,11.942
bra,sex_t,age_aggregate_y25_54,geo_cov_urb,2017,13.299
bra,sex_t,age_aggregate_y25_54,geo_cov_urb,2018,13.008
bra,sex_t,age_aggregate_y25_54,geo_cov_urb,2019,12.847
bra,sex_t,age_aggregate_y25_54,geo_cov_urb,2020,17.43
bra,sex_t,age_aggregate_y25_54,geo_cov_urb,2021,15.72
bra,sex_t,age_aggregate_y25_54,geo_cov_urb,2022,11.158
bra,sex_t,age_aggregate_y25_54,geo_cov_urb,2023,9.72
bra,sex_t,age_aggregate_y25_54,geo_cov_urb,2024,8.598
bra,sex_t,age_aggregate_y55_64,geo_cov_nat,2012,7.313
bra,sex_t,age_aggregate_y55_64,geo_cov_nat,2013,6.249
bra,sex_t,age_aggregate_y55_64,geo_cov_nat,2014,5.576
bra,sex_t,age_aggregate_y55_64,geo_cov_nat,2015,6.519
bra,sex_t,age_aggregate_y55_64,geo_cov_nat,2016,9.195
bra,sex_t,age_aggregate_y55_64,geo_cov_nat,2017,11.058
bra,sex_t,age_aggregate_y55_64,geo_cov_nat,2018,11.389
bra,sex_t,age_aggregate_y55_64,geo_cov_nat,2019,11.605
bra,sex_t,age_aggregate_y55_64,geo_cov_nat,2020,15.415
bra,sex_t,age_aggregate_y55_64,geo_cov_nat,2021,15.136
bra,sex_t,age_aggregate_y55_64,geo_cov_nat,2022,11.475
bra,sex_t,age_aggregate_y55_64,geo_cov_nat,2023,9.787
bra,sex_t,age_aggregate_y55_64,geo_cov_nat,2024,8.557
bra,sex_t,age_aggregate_y55_64,geo_cov_rur,2012,7.285
bra,sex_t,age_aggregate_y55_64,geo_cov_rur,2013,6.836
bra,sex_t,age_aggregate_y55_64,geo_cov_rur,2014,6.212
bra,sex_t,age_aggregate_y55_64,geo_cov_rur,2015,6.783
bra,sex_t,age_aggregate_y55_64,geo_cov_rur,2016,10.051
bra,sex_t,age_aggregate_y55_64,geo_cov_rur,2017,12.257
bra,sex_t,age_aggregate_y55_64,geo_cov_rur,2018,12.508
bra,sex_t,age_aggregate_y55_64,geo_cov_rur,2019,13.15
bra,sex_t,age_aggregate_y55_64,geo_cov_rur,2020,14.151
bra,sex_t,age_aggregate_y55_64,geo_cov_rur,2021,12.962
bra,sex_t,age_aggregate_y55_64,geo_cov_rur,2022,11.622
bra,sex_t,age_aggregate_y55_64,geo_cov_rur,2023,9.827
bra,sex_t,age_aggregate_y55_64,geo_cov_rur,2024,10.067
bra,sex_t,age_aggregate_y55_64,geo_cov_urb,2012,7.318
bra,sex_t,age_aggregate_y55_64,geo_cov_urb,2013,6.144
bra,sex_t,age_aggregate_y55_64,geo_cov_urb,2014,5.47
bra,sex_t,age_aggregate_y55_64,geo_cov_urb,2015,6.476
bra,sex_t,age_aggregate_y55_64,geo_cov_urb,2016,9.068
bra,sex_t,age_aggregate_y55_64,geo_cov_urb,2017,10.887
bra,sex_t,age_aggregate_y55_64,geo_cov_urb,2018,11.226
bra,sex_t,age_aggregate_y55_64,geo_cov_urb,2019,11.382
bra,sex_t,age_aggregate_y55_64,geo_cov_urb,2020,15.589
bra,sex_t,age_aggregate_y55_64,geo_cov_urb,2021,15.453
bra,sex_t,age_aggregate_y55_64,geo_cov_urb,2022,11.455
bra,sex_t,age_aggregate_y55_64,geo_cov_urb,2023,9.782
bra,sex_t,age_aggregate_y55_64,geo_cov_urb,2024,8.374
bra,sex_t,age_aggregate_yge65,geo_cov_nat,2012,9.665
bra,sex_t,age_aggregate_yge65,geo_cov_nat,2013,7.223
bra,sex_t,age_aggregate_yge65,geo_cov_nat,2014,6.418
bra,sex_t,age_aggregate_yge65,geo_cov_nat,2015,6.946
bra,sex_t,age_aggregate_yge65,geo_cov_nat,2016,9.35
bra,sex_t,age_aggregate_yge65,geo_cov_nat,2017,11.751
bra,sex_t,age_aggregate_yge65,geo_cov_nat,2018,13.13
bra,sex_t,age_aggregate_yge65,geo_cov_nat,2019,12.477
bra,sex_t,age_aggregate_yge65,geo_cov_nat,2020,15.396
bra,sex_t,age_aggregate_yge65,geo_cov_nat,2021,14.803
bra,sex_t,age_aggregate_yge65,geo_cov_nat,2022,12.467
bra,sex_t,age_aggregate_yge65,geo_cov_nat,2023,10.753
bra,sex_t,age_aggregate_yge65,geo_cov_nat,2024,10.37
bra,sex_t,age_aggregate_yge65,geo_cov_rur,2012,6.455
bra,sex_t,age_aggregate_yge65,geo_cov_rur,2013,6.138
bra,sex_t,age_aggregate_yge65,geo_cov_rur,2014,5.2
bra,sex_t,age_aggregate_yge65,geo_cov_rur,2015,6.067
bra,sex_t,age_aggregate_yge65,geo_cov_rur,2016,8.104
bra,sex_t,age_aggregate_yge65,geo_cov_rur,2017,9.839
bra,sex_t,age_aggregate_yge65,geo_cov_rur,2018,9.675
bra,sex_t,age_aggregate_yge65,geo_cov_rur,2019,9.516
bra,sex_t,age_aggregate_yge65,geo_cov_rur,2020,8.999
bra,sex_t,age_aggregate_yge65,geo_cov_rur,2021,8.768
bra,sex_t,age_aggregate_yge65,geo_cov_rur,2022,9.096
bra,sex_t,age_aggregate_yge65,geo_cov_rur,2023,8.386
bra,sex_t,age_aggregate_yge65,geo_cov_rur,2024,7.965
bra,sex_t,age_aggregate_yge65,geo_cov_urb,2012,10.506
bra,sex_t,age_aggregate_yge65,geo_cov_urb,2013,7.507
bra,sex_t,age_aggregate_yge65,geo_cov_urb,2014,6.71
bra,sex_t,age_aggregate_yge65,geo_cov_urb,2015,7.144
bra,sex_t,age_aggregate_yge65,geo_cov_urb,2016,9.61
bra,sex_t,age_aggregate_yge65,geo_cov_urb,2017,12.122
bra,sex_t,age_aggregate_yge65,geo_cov_urb,2018,13.746
bra,sex_t,age_aggregate_yge65,geo_cov_urb,2019,12.984
bra,sex_t,age_aggregate_yge65,geo_cov_urb,2020,16.473
bra,sex_t,age_aggregate_yge65,geo_cov_urb,2021,15.882
bra,sex_t,age_aggregate_yge65,geo_cov_urb,2022,13.052
bra,sex_t,age_aggregate_yge65,geo_cov_urb,2023,11.134
bra,sex_t,age_aggregate_yge65,geo_cov_urb,2024,10.723
bra,sex_t,age_ythadult_y15_24,geo_cov_nat,2012,24.205
bra,sex_t,age_ythadult_y15_24,geo_cov_nat,2013,23.157
bra,sex_t,age_ythadult_y15_24,geo_cov_nat,2014,22.186
bra,sex_t,age_ythadult_y15_24,geo_cov_nat,2015,26.664
bra,sex_t,age_ythadult_y15_24,geo_cov_nat,2016,34.728
bra,sex_t,age_ythadult_y15_24,geo_cov_nat,2017,37.545
bra,sex_t,age_ythadult_y15_24,geo_cov_nat,2018,37.657
bra,sex_t,age_ythadult_y15_24,geo_cov_nat,2019,36.909
bra,sex_t,age_ythadult_y15_24,geo_cov_nat,2020,43.131
bra,sex_t,age_ythadult_y15_24,geo_cov_nat,2021,39.803
bra,sex_t,age_ythadult_y15_24,geo_cov_nat,2022,30.799
bra,sex_t,age_ythadult_y15_24,geo_cov_nat,2023,27.072
bra,sex_t,age_ythadult_y15_24,geo_cov_nat,2024,24.73
bra,sex_t,age_ythadult_y15_24,geo_cov_rur,2012,25.653
bra,sex_t,age_ythadult_y15_24,geo_cov_rur,2013,25.033
bra,sex_t,age_ythadult_y15_24,geo_cov_rur,2014,22.969
bra,sex_t,age_ythadult_y15_24,geo_cov_rur,2015,26.621
bra,sex_t,age_ythadult_y15_24,geo_cov_rur,2016,34.67
bra,sex_t,age_ythadult_y15_24,geo_cov_rur,2017,39.096
bra,sex_t,age_ythadult_y15_24,geo_cov_rur,2018,41.203
bra,sex_t,age_ythadult_y15_24,geo_cov_rur,2019,41.791
bra,sex_t,age_ythadult_y15_24,geo_cov_rur,2020,45.999
bra,sex_t,age_ythadult_y15_24,geo_cov_rur,2021,43.402
bra,sex_t,age_ythadult_y15_24,geo_cov_rur,2022,36.894
bra,sex_t,age_ythadult_y15_24,geo_cov_rur,2023,33.744
bra,sex_t,age_ythadult_y15_24,geo_cov_rur,2024,31.37
bra,sex_t,age_ythadult_y15_24,geo_cov_urb,2012,23.956
bra,sex_t,age_ythadult_y15_24,geo_cov_urb,2013,22.827
bra,sex_t,age_ythadult_y15_24,geo_cov_urb,2014,22.052
bra,sex_t,age_ythadult_y15_24,geo_cov_urb,2015,26.672
bra,sex_t,age_ythadult_y15_24,geo_cov_urb,2016,34.738
bra,sex_t,age_ythadult_y15_24,geo_cov_urb,2017,37.283
bra,sex_t,age_ythadult_y15_24,geo_cov_urb,2018,37.056
bra,sex_t,age_ythadult_y15_24,geo_cov_urb,2019,36.09
bra,sex_t,age_ythadult_y15_24,geo_cov_urb,2020,42.636
bra,sex_t,age_ythadult_y15_24,geo_cov_urb,2021,39.219
bra,sex_t,age_ythadult_y15_24,geo_cov_urb,2022,29.892
bra,sex_t,age_ythadult_y15_24,geo_cov_urb,2023,26.174
bra,sex_t,age_ythadult_y15_24,geo_cov_urb,2024,23.878
bra,sex_t,age_ythadult_y15_64,geo_cov_nat,2012,12.367
bra,sex_t,age_ythadult_y15_64,geo_cov_nat,2013,11.483
bra,sex_t,age_ythadult_y15_64,geo_cov_nat,2014,10.631
bra,sex_t,age_ythadult_y15_64,geo_cov_nat,2015,12.686
bra,sex_t,age_ythadult_y15_64,geo_cov_nat,2016,16.595
bra,sex_t,age_ythadult_y15_64,geo_cov_nat,2017,18.498
bra,sex_t,age_ythadult_y15_64,geo_cov_nat,2018,18.43
bra,sex_t,age_ythadult_y15_64,geo_cov_nat,2019,18.103
bra,sex_t,age_ythadult_y15_64,geo_cov_nat,2020,22.618
bra,sex_t,age_ythadult_y15_64,geo_cov_nat,2021,20.7
bra,sex_t,age_ythadult_y15_64,geo_cov_nat,2022,15.352
bra,sex_t,age_ythadult_y15_64,geo_cov_nat,2023,13.262
bra,sex_t,age_ythadult_y15_64,geo_cov_nat,2024,11.824
bra,sex_t,age_ythadult_y15_64,geo_cov_rur,2012,14.629
bra,sex_t,age_ythadult_y15_64,geo_cov_rur,2013,14.027
bra,sex_t,age_ythadult_y15_64,geo_cov_rur,2014,12.727
bra,sex_t,age_ythadult_y15_64,geo_cov_rur,2015,14.579
bra,sex_t,age_ythadult_y15_64,geo_cov_rur,2016,19.382
bra,sex_t,age_ythadult_y15_64,geo_cov_rur,2017,23.118
bra,sex_t,age_ythadult_y15_64,geo_cov_rur,2018,24.518
bra,sex_t,age_ythadult_y15_64,geo_cov_rur,2019,24.37
bra,sex_t,age_ythadult_y15_64,geo_cov_rur,2020,27.413
bra,sex_t,age_ythadult_y15_64,geo_cov_rur,2021,25.205
bra,sex_t,age_ythadult_y15_64,geo_cov_rur,2022,21.053
bra,sex_t,age_ythadult_y15_64,geo_cov_rur,2023,18.926
bra,sex_t,age_ythadult_y15_64,geo_cov_rur,2024,17.733
bra,sex_t,age_ythadult_y15_64,geo_cov_urb,2012,12.017
bra,sex_t,age_ythadult_y15_64,geo_cov_urb,2013,11.082
bra,sex_t,age_ythadult_y15_64,geo_cov_urb,2014,10.317
bra,sex_t,age_ythadult_y15_64,geo_cov_urb,2015,12.398
bra,sex_t,age_ythadult_y15_64,geo_cov_urb,2016,16.181
bra,sex_t,age_ythadult_y15_64,geo_cov_urb,2017,17.824
bra,sex_t,age_ythadult_y15_64,geo_cov_urb,2018,17.543
bra,sex_t,age_ythadult_y15_64,geo_cov_urb,2019,17.199
bra,sex_t,age_ythadult_y15_64,geo_cov_urb,2020,21.927
bra,sex_t,age_ythadult_y15_64,geo_cov_urb,2021,20.065
bra,sex_t,age_ythadult_y15_64,geo_cov_urb,2022,14.592
bra,sex_t,age_ythadult_y15_64,geo_cov_urb,2023,12.56
bra,sex_t,age_ythadult_y15_64,geo_cov_urb,2024,11.132
bra,sex_t,age_ythadult_yge15,geo_cov_nat,2012,12.302
bra,sex_t,age_ythadult_yge15,geo_cov_nat,2013,11.382
bra,sex_t,age_ythadult_yge15,geo_cov_nat,2014,10.531
bra,sex_t,age_ythadult_yge15,geo_cov_nat,2015,12.546
bra,sex_t,age_ythadult_yge15,geo_cov_nat,2016,16.416
bra,sex_t,age_ythadult_yge15,geo_cov_nat,2017,18.319
bra,sex_t,age_ythadult_yge15,geo_cov_nat,2018,18.279
bra,sex_t,age_ythadult_yge15,geo_cov_nat,2019,17.933
bra,sex_t,age_ythadult_yge15,geo_cov_nat,2020,22.42
bra,sex_t,age_ythadult_yge15,geo_cov_nat,2021,20.539
bra,sex_t,age_ythadult_yge15,geo_cov_nat,2022,15.262
bra,sex_t,age_ythadult_yge15,geo_cov_nat,2023,13.179
bra,sex_t,age_ythadult_yge15,geo_cov_nat,2024,11.773
bra,sex_t,age_ythadult_yge15,geo_cov_rur,2012,14.328
bra,sex_t,age_ythadult_yge15,geo_cov_rur,2013,13.745
bra,sex_t,age_ythadult_yge15,geo_cov_rur,2014,12.465
bra,sex_t,age_ythadult_yge15,geo_cov_rur,2015,14.291
bra,sex_t,age_ythadult_yge15,geo_cov_rur,2016,19.013
bra,sex_t,age_ythadult_yge15,geo_cov_rur,2017,22.671
bra,sex_t,age_ythadult_yge15,geo_cov_rur,2018,24.015
bra,sex_t,age_ythadult_yge15,geo_cov_rur,2019,23.854
bra,sex_t,age_ythadult_yge15,geo_cov_rur,2020,26.838
bra,sex_t,age_ythadult_yge15,geo_cov_rur,2021,24.657
bra,sex_t,age_ythadult_yge15,geo_cov_rur,2022,20.588
bra,sex_t,age_ythadult_yge15,geo_cov_rur,2023,18.491
bra,sex_t,age_ythadult_yge15,geo_cov_rur,2024,17.317
bra,sex_t,age_ythadult_yge15,geo_cov_urb,2012,11.983
bra,sex_t,age_ythadult_yge15,geo_cov_urb,2013,11.004
bra,sex_t,age_ythadult_yge15,geo_cov_urb,2014,10.238
bra,sex_t,age_ythadult_yge15,geo_cov_urb,2015,12.277
bra,sex_t,age_ythadult_yge15,geo_cov_urb,2016,16.027
bra,sex_t,age_ythadult_yge15,geo_cov_urb,2017,17.679
bra,sex_t,age_ythadult_yge15,geo_cov_urb,2018,17.438
bra,sex_t,age_ythadult_yge15,geo_cov_urb,2019,17.075
bra,sex_t,age_ythadult_yge15,geo_cov_urb,2020,21.78
bra,sex_t,age_ythadult_yge15,geo_cov_urb,2021,19.954
bra,sex_t,age_ythadult_yge15,geo_cov_urb,2022,14.546
bra,sex_t,age_ythadult_yge15,geo_cov_urb,2023,12.515
bra,sex_t,age_ythadult_yge15,geo_cov_urb,2024,11.118
bra,sex_t,age_ythadult_yge25,geo_cov_nat,2012,9.042
bra,sex_t,age_ythadult_yge25,geo_cov_nat,2013,8.31
bra,sex_t,age_ythadult_yge25,geo_cov_nat,2014,7.629
bra,sex_t,age_ythadult_yge25,geo_cov_nat,2015,9.086
bra,sex_t,age_ythadult_yge25,geo_cov_nat,2016,11.925
bra,sex_t,age_ythadult_yge25,geo_cov_nat,2017,13.609
bra,sex_t,age_ythadult_yge25,geo_cov_nat,2018,13.608
bra,sex_t,age_ythadult_yge25,geo_cov_nat,2019,13.436
bra,sex_t,age_ythadult_yge25,geo_cov_nat,2020,17.712
bra,sex_t,age_ythadult_yge25,geo_cov_nat,2021,16.186
bra,sex_t,age_ythadult_yge25,geo_cov_nat,2022,11.889
bra,sex_t,age_ythadult_yge25,geo_cov_nat,2023,10.372
bra,sex_t,age_ythadult_yge25,geo_cov_nat,2024,9.245
bra,sex_t,age_ythadult_yge25,geo_cov_rur,2012,10.907
bra,sex_t,age_ythadult_yge25,geo_cov_rur,2013,10.481
bra,sex_t,age_ythadult_yge25,geo_cov_rur,2014,9.48
bra,sex_t,age_ythadult_yge25,geo_cov_rur,2015,10.792
bra,sex_t,age_ythadult_yge25,geo_cov_rur,2016,14.524
bra,sex_t,age_ythadult_yge25,geo_cov_rur,2017,18.01
bra,sex_t,age_ythadult_yge25,geo_cov_rur,2018,19.159
bra,sex_t,age_ythadult_yge25,geo_cov_rur,2019,18.87
bra,sex_t,age_ythadult_yge25,geo_cov_rur,2020,21.57
bra,sex_t,age_ythadult_yge25,geo_cov_rur,2021,19.77
bra,sex_t,age_ythadult_yge25,geo_cov_rur,2022,16.639
bra,sex_t,age_ythadult_yge25,geo_cov_rur,2023,15.161
bra,sex_t,age_ythadult_yge25,geo_cov_rur,2024,14.322
bra,sex_t,age_ythadult_yge25,geo_cov_urb,2012,8.756
bra,sex_t,age_ythadult_yge25,geo_cov_urb,2013,7.972
bra,sex_t,age_ythadult_yge25,geo_cov_urb,2014,7.357
bra,sex_t,age_ythadult_yge25,geo_cov_urb,2015,8.833
bra,sex_t,age_ythadult_yge25,geo_cov_urb,2016,11.55
bra,sex_t,age_ythadult_yge25,geo_cov_urb,2017,12.984
bra,sex_t,age_ythadult_yge25,geo_cov_urb,2018,12.825
bra,sex_t,age_ythadult_yge25,geo_cov_urb,2019,12.677
bra,sex_t,age_ythadult_yge25,geo_cov_urb,2020,17.177
bra,sex_t,age_ythadult_yge25,geo_cov_urb,2021,15.693
bra,sex_t,age_ythadult_yge25,geo_cov_urb,2022,11.264
bra,sex_t,age_ythadult_yge25,geo_cov_urb,2023,9.782
bra,sex_t,age_ythadult_yge25,geo_cov_urb,2024,8.656
brn,sex_f,age_aggregate_total,geo_cov_nat,2014,14.521
brn,sex_f,age_aggregate_total,geo_cov_nat,2017,15.444
brn,sex_f,age_aggregate_total,geo_cov_nat,2018,14.525
brn,sex_f,age_aggregate_total,geo_cov_nat,2019,15.763
brn,sex_f,age_aggregate_total,geo_cov_nat,2020,13.552
brn,sex_f,age_aggregate_total,geo_cov_nat,2021,10.663
brn,sex_f,age_aggregate_total,geo_cov_nat,2022,9.715
brn,sex_f,age_aggregate_total,geo_cov_nat,2023,11.403
brn,sex_f,age_aggregate_total,geo_cov_nat,2024,9.084
brn,sex_f,age_aggregate_total,geo_cov_rur,2014,18.103
brn,sex_f,age_aggregate_total,geo_cov_rur,2017,18.442
brn,sex_f,age_aggregate_total,geo_cov_rur,2018,21.438
brn,sex_f,age_aggregate_total,geo_cov_rur,2019,18.603
brn,sex_f,age_aggregate_total,geo_cov_rur,2020,17.11
brn,sex_f,age_aggregate_total,geo_cov_rur,2021,15.099
brn,sex_f,age_aggregate_total,geo_cov_rur,2022,12.042
brn,sex_f,age_aggregate_total,geo_cov_rur,2023,8.566
brn,sex_f,age_aggregate_total,geo_cov_rur,2024,11.909
brn,sex_f,age_aggregate_total,geo_cov_urb,2014,13.489
brn,sex_f,age_aggregate_total,geo_cov_urb,2017,14.512
brn,sex_f,age_aggregate_total,geo_cov_urb,2018,12.889
brn,sex_f,age_aggregate_total,geo_cov_urb,2019,14.843
brn,sex_f,age_aggregate_total,geo_cov_urb,2020,12.372
brn,sex_f,age_aggregate_total,geo_cov_urb,2021,9.492
brn,sex_f,age_aggregate_total,geo_cov_urb,2022,8.396
brn,sex_f,age_aggregate_total,geo_cov_urb,2023,12.57
brn,sex_f,age_aggregate_total,geo_cov_urb,2024,8.206
brn,sex_f,age_aggregate_y15_24,geo_cov_nat,2014,40.001
brn,sex_f,age_aggregate_y15_24,geo_cov_nat,2017,38.711
brn,sex_f,age_aggregate_y15_24,geo_cov_nat,2018,39.536
brn,sex_f,age_aggregate_y15_24,geo_cov_nat,2019,42.05
brn,sex_f,age_aggregate_y15_24,geo_cov_nat,2020,38.529
brn,sex_f,age_aggregate_y15_24,geo_cov_nat,2021,28.529
brn,sex_f,age_aggregate_y15_24,geo_cov_nat,2022,29.255
brn,sex_f,age_aggregate_y15_24,geo_cov_nat,2023,36.041
brn,sex_f,age_aggregate_y15_24,geo_cov_nat,2024,29.248
brn,sex_f,age_aggregate_y15_24,geo_cov_rur,2014,50.072
brn,sex_f,age_aggregate_y15_24,geo_cov_rur,2017,48.438
brn,sex_f,age_aggregate_y15_24,geo_cov_rur,2018,57.336
brn,sex_f,age_aggregate_y15_24,geo_cov_rur,2019,45.621
brn,sex_f,age_aggregate_y15_24,geo_cov_rur,2020,43.459
brn,sex_f,age_aggregate_y15_24,geo_cov_rur,2021,39.117
brn,sex_f,age_aggregate_y15_24,geo_cov_rur,2022,37.711
brn,sex_f,age_aggregate_y15_24,geo_cov_rur,2023,37.319
brn,sex_f,age_aggregate_y15_24,geo_cov_rur,2024,36.409
brn,sex_f,age_aggregate_y15_24,geo_cov_urb,2014,36.067
brn,sex_f,age_aggregate_y15_24,geo_cov_urb,2017,35.556
brn,sex_f,age_aggregate_y15_24,geo_cov_urb,2018,34.121
brn,sex_f,age_aggregate_y15_24,geo_cov_urb,2019,40.693
brn,sex_f,age_aggregate_y15_24,geo_cov_urb,2020,36.947
brn,sex_f,age_aggregate_y15_24,geo_cov_urb,2021,24.906
brn,sex_f,age_aggregate_y15_24,geo_cov_urb,2022,23.28
brn,sex_f,age_aggregate_y15_24,geo_cov_urb,2023,35.575
brn,sex_f,age_aggregate_y15_24,geo_cov_urb,2024,26.806
brn,sex_f,age_aggregate_y25_54,geo_cov_nat,2014,10.402
brn,sex_f,age_aggregate_y25_54,geo_cov_nat,2017,11.554
brn,sex_f,age_aggregate_y25_54,geo_cov_nat,2018,10.655
brn,sex_f,age_aggregate_y25_54,geo_cov_nat,2019,11.792
brn,sex_f,age_aggregate_y25_54,geo_cov_nat,2020,10.148
brn,sex_f,age_aggregate_y25_54,geo_cov_nat,2021,8.804
brn,sex_f,age_aggregate_y25_54,geo_cov_nat,2022,7.701
brn,sex_f,age_aggregate_y25_54,geo_cov_nat,2023,8.902
brn,sex_f,age_aggregate_y25_54,geo_cov_nat,2024,7.399
brn,sex_f,age_aggregate_y25_54,geo_cov_rur,2014,11.424
brn,sex_f,age_aggregate_y25_54,geo_cov_rur,2017,12.798
brn,sex_f,age_aggregate_y25_54,geo_cov_rur,2018,14.355
brn,sex_f,age_aggregate_y25_54,geo_cov_rur,2019,14.814
brn,sex_f,age_aggregate_y25_54,geo_cov_rur,2020,13.834
brn,sex_f,age_aggregate_y25_54,geo_cov_rur,2021,11.608
brn,sex_f,age_aggregate_y25_54,geo_cov_rur,2022,8.637
brn,sex_f,age_aggregate_y25_54,geo_cov_rur,2023,5.609
brn,sex_f,age_aggregate_y25_54,geo_cov_rur,2024,9.526
brn,sex_f,age_aggregate_y25_54,geo_cov_urb,2014,10.128
brn,sex_f,age_aggregate_y25_54,geo_cov_urb,2017,11.178
brn,sex_f,age_aggregate_y25_54,geo_cov_urb,2018,9.805
brn,sex_f,age_aggregate_y25_54,geo_cov_urb,2019,10.833
brn,sex_f,age_aggregate_y25_54,geo_cov_urb,2020,8.99
brn,sex_f,age_aggregate_y25_54,geo_cov_urb,2021,8.117
brn,sex_f,age_aggregate_y25_54,geo_cov_urb,2022,7.185
brn,sex_f,age_aggregate_y25_54,geo_cov_urb,2023,10.229
brn,sex_f,age_aggregate_y25_54,geo_cov_urb,2024,6.736
brn,sex_f,age_aggregate_y55_64,geo_cov_nat,2014,9.199
brn,sex_f,age_aggregate_y55_64,geo_cov_nat,2017,8.973
brn,sex_f,age_aggregate_y55_64,geo_cov_nat,2018,5.025
brn,sex_f,age_aggregate_y55_64,geo_cov_nat,2019,7.721
brn,sex_f,age_aggregate_y55_64,geo_cov_nat,2020,4.413
brn,sex_f,age_aggregate_y55_64,geo_cov_nat,2021,2.168
brn,sex_f,age_aggregate_y55_64,geo_cov_nat,2022,1.423
brn,sex_f,age_aggregate_y55_64,geo_cov_nat,2023,1.907
brn,sex_f,age_aggregate_y55_64,geo_cov_rur,2014,8.798
brn,sex_f,age_aggregate_y55_64,geo_cov_rur,2017,14.765
brn,sex_f,age_aggregate_y55_64,geo_cov_rur,2019,5.125
brn,sex_f,age_aggregate_y55_64,geo_cov_rur,2020,6.868
brn,sex_f,age_aggregate_y55_64,geo_cov_rur,2021,5.682
brn,sex_f,age_aggregate_y55_64,geo_cov_urb,2014,9.321
brn,sex_f,age_aggregate_y55_64,geo_cov_urb,2017,6.965
brn,sex_f,age_aggregate_y55_64,geo_cov_urb,2018,4.833
brn,sex_f,age_aggregate_y55_64,geo_cov_urb,2019,8.448
brn,sex_f,age_aggregate_y55_64,geo_cov_urb,2021,0.914
brn,sex_f,age_aggregate_y55_64,geo_cov_urb,2023,2.202
brn,sex_f,age_aggregate_yge65,geo_cov_nat,2014,10.911
brn,sex_f,age_aggregate_yge65,geo_cov_nat,2018,17.073
brn,sex_f,age_aggregate_yge65,geo_cov_nat,2019,23.11
brn,sex_f,age_aggregate_yge65,geo_cov_urb,2019,30.045
brn,sex_f,age_ythadult_y15_24,geo_cov_nat,2014,40.001
brn,sex_f,age_ythadult_y15_24,geo_cov_nat,2017,38.711
brn,sex_f,age_ythadult_y15_24,geo_cov_nat,2018,39.536
brn,sex_f,age_ythadult_y15_24,geo_cov_nat,2019,42.05
brn,sex_f,age_ythadult_y15_24,geo_cov_nat,2020,38.529
brn,sex_f,age_ythadult_y15_24,geo_cov_nat,2021,28.529
brn,sex_f,age_ythadult_y15_24,geo_cov_nat,2022,29.255
brn,sex_f,age_ythadult_y15_24,geo_cov_nat,2023,36.041
brn,sex_f,age_ythadult_y15_24,geo_cov_nat,2024,29.248
brn,sex_f,age_ythadult_y15_24,geo_cov_rur,2014,50.072
brn,sex_f,age_ythadult_y15_24,geo_cov_rur,2017,48.438
brn,sex_f,age_ythadult_y15_24,geo_cov_rur,2018,57.336
brn,sex_f,age_ythadult_y15_24,geo_cov_rur,2019,45.621
brn,sex_f,age_ythadult_y15_24,geo_cov_rur,2020,43.459
brn,sex_f,age_ythadult_y15_24,geo_cov_rur,2021,39.117
brn,sex_f,age_ythadult_y15_24,geo_cov_rur,2022,37.711
brn,sex_f,age_ythadult_y15_24,geo_cov_rur,2023,37.319
brn,sex_f,age_ythadult_y15_24,geo_cov_rur,2024,36.409
brn,sex_f,age_ythadult_y15_24,geo_cov_urb,2014,36.067
brn,sex_f,age_ythadult_y15_24,geo_cov_urb,2017,35.556
brn,sex_f,age_ythadult_y15_24,geo_cov_urb,2018,34.121
brn,sex_f,age_ythadult_y15_24,geo_cov_urb,2019,40.693
brn,sex_f,age_ythadult_y15_24,geo_cov_urb,2020,36.947
brn,sex_f,age_ythadult_y15_24,geo_cov_urb,2021,24.906
brn,sex_f,age_ythadult_y15_24,geo_cov_urb,2022,23.28
brn,sex_f,age_ythadult_y15_24,geo_cov_urb,2023,35.575
brn,sex_f,age_ythadult_y15_24,geo_cov_urb,2024,26.806
brn,sex_f,age_ythadult_y15_64,geo_cov_nat,2014,14.56
brn,sex_f,age_ythadult_y15_64,geo_cov_nat,2017,15.468
brn,sex_f,age_ythadult_y15_64,geo_cov_nat,2018,14.495
brn,sex_f,age_ythadult_y15_64,geo_cov_nat,2019,15.624
brn,sex_f,age_ythadult_y15_64,geo_cov_nat,2020,13.645
brn,sex_f,age_ythadult_y15_64,geo_cov_nat,2021,10.768
brn,sex_f,age_ythadult_y15_64,geo_cov_nat,2022,9.762
brn,sex_f,age_ythadult_y15_64,geo_cov_nat,2023,11.444
brn,sex_f,age_ythadult_y15_64,geo_cov_nat,2024,9.237
brn,sex_f,age_ythadult_y15_64,geo_cov_rur,2014,18.207
brn,sex_f,age_ythadult_y15_64,geo_cov_rur,2017,18.577
brn,sex_f,age_ythadult_y15_64,geo_cov_rur,2018,21.59
brn,sex_f,age_ythadult_y15_64,geo_cov_rur,2019,18.884
brn,sex_f,age_ythadult_y15_64,geo_cov_rur,2020,17.247
brn,sex_f,age_ythadult_y15_64,geo_cov_rur,2021,15.223
brn,sex_f,age_ythadult_y15_64,geo_cov_rur,2022,12.16
brn,sex_f,age_ythadult_y15_64,geo_cov_rur,2023,8.52
brn,sex_f,age_ythadult_y15_64,geo_cov_rur,2024,12.068
brn,sex_f,age_ythadult_y15_64,geo_cov_urb,2014,13.514
brn,sex_f,age_ythadult_y15_64,geo_cov_urb,2017,14.509
brn,sex_f,age_ythadult_y15_64,geo_cov_urb,2018,12.818
brn,sex_f,age_ythadult_y15_64,geo_cov_urb,2019,14.573
brn,sex_f,age_ythadult_y15_64,geo_cov_urb,2020,12.478
brn,sex_f,age_ythadult_y15_64,geo_cov_urb,2021,9.595
brn,sex_f,age_ythadult_y15_64,geo_cov_urb,2022,8.403
brn,sex_f,age_ythadult_y15_64,geo_cov_urb,2023,12.643
brn,sex_f,age_ythadult_y15_64,geo_cov_urb,2024,8.355
brn,sex_f,age_ythadult_yge15,geo_cov_nat,2014,14.521
brn,sex_f,age_ythadult_yge15,geo_cov_nat,2017,15.444
brn,sex_f,age_ythadult_yge15,geo_cov_nat,2018,14.525
brn,sex_f,age_ythadult_yge15,geo_cov_nat,2019,15.763
brn,sex_f,age_ythadult_yge15,geo_cov_nat,2020,13.552
brn,sex_f,age_ythadult_yge15,geo_cov_nat,2021,10.663
brn,sex_f,age_ythadult_yge15,geo_cov_nat,2022,9.715
brn,sex_f,age_ythadult_yge15,geo_cov_nat,2023,11.403
brn,sex_f,age_ythadult_yge15,geo_cov_nat,2024,9.084
brn,sex_f,age_ythadult_yge15,geo_cov_rur,2014,18.103
brn,sex_f,age_ythadult_yge15,geo_cov_rur,2017,18.442
brn,sex_f,age_ythadult_yge15,geo_cov_rur,2018,21.438
brn,sex_f,age_ythadult_yge15,geo_cov_rur,2019,18.603
brn,sex_f,age_ythadult_yge15,geo_cov_rur,2020,17.11
brn,sex_f,age_ythadult_yge15,geo_cov_rur,2021,15.099
brn,sex_f,age_ythadult_yge15,geo_cov_rur,2022,12.042
brn,sex_f,age_ythadult_yge15,geo_cov_rur,2023,8.566
brn,sex_f,age_ythadult_yge15,geo_cov_rur,2024,11.909
brn,sex_f,age_ythadult_yge15,geo_cov_urb,2014,13.489
brn,sex_f,age_ythadult_yge15,geo_cov_urb,2017,14.512
brn,sex_f,age_ythadult_yge15,geo_cov_urb,2018,12.889
brn,sex_f,age_ythadult_yge15,geo_cov_urb,2019,14.843
brn,sex_f,age_ythadult_yge15,geo_cov_urb,2020,12.372
brn,sex_f,age_ythadult_yge15,geo_cov_urb,2021,9.492
brn,sex_f,age_ythadult_yge15,geo_cov_urb,2022,8.396
brn,sex_f,age_ythadult_yge15,geo_cov_urb,2023,12.57
brn,sex_f,age_ythadult_yge15,geo_cov_urb,2024,8.206
brn,sex_f,age_ythadult_yge25,geo_cov_nat,2014,10.311
brn,sex_f,age_ythadult_yge25,geo_cov_nat,2017,11.319
brn,sex_f,age_ythadult_yge25,geo_cov_nat,2018,10.274
brn,sex_f,age_ythadult_yge25,geo_cov_nat,2019,11.65
brn,sex_f,age_ythadult_yge25,geo_cov_nat,2020,9.646
brn,sex_f,age_ythadult_yge25,geo_cov_nat,2021,8.2
brn,sex_f,age_ythadult_yge25,geo_cov_nat,2022,7.109
brn,sex_f,age_ythadult_yge25,geo_cov_nat,2023,8.282
brn,sex_f,age_ythadult_yge25,geo_cov_nat,2024,6.647
brn,sex_f,age_ythadult_yge25,geo_cov_rur,2014,11.174
brn,sex_f,age_ythadult_yge25,geo_cov_rur,2017,12.918
brn,sex_f,age_ythadult_yge25,geo_cov_rur,2018,13.712
brn,sex_f,age_ythadult_yge25,geo_cov_rur,2019,13.75
brn,sex_f,age_ythadult_yge25,geo_cov_rur,2020,13.108
brn,sex_f,age_ythadult_yge25,geo_cov_rur,2021,10.929
brn,sex_f,age_ythadult_yge25,geo_cov_rur,2022,8.047
brn,sex_f,age_ythadult_yge25,geo_cov_rur,2023,5.261
brn,sex_f,age_ythadult_yge25,geo_cov_rur,2024,8.705
brn,sex_f,age_ythadult_yge25,geo_cov_urb,2014,10.076
brn,sex_f,age_ythadult_yge25,geo_cov_urb,2017,10.826
brn,sex_f,age_ythadult_yge25,geo_cov_urb,2018,9.497
brn,sex_f,age_ythadult_yge25,geo_cov_urb,2019,10.987
brn,sex_f,age_ythadult_yge25,geo_cov_urb,2020,8.492
brn,sex_f,age_ythadult_yge25,geo_cov_urb,2021,7.507
brn,sex_f,age_ythadult_yge25,geo_cov_urb,2022,6.593
brn,sex_f,age_ythadult_yge25,geo_cov_urb,2023,9.543
brn,sex_f,age_ythadult_yge25,geo_cov_urb,2024,6.014
brn,sex_m,age_aggregate_total,geo_cov_nat,2014,10.056
brn,sex_m,age_aggregate_total,geo_cov_nat,2017,12.842
brn,sex_m,age_aggregate_total,geo_cov_nat,2018,10.258
brn,sex_m,age_aggregate_total,geo_cov_nat,2019,8.904
brn,sex_m,age_aggregate_total,geo_cov_nat,2020,8.732
brn,sex_m,age_aggregate_total,geo_cov_nat,2021,7.11
brn,sex_m,age_aggregate_total,geo_cov_nat,2022,7.118
brn,sex_m,age_aggregate_total,geo_cov_nat,2023,8.462
brn,sex_m,age_aggregate_total,geo_cov_nat,2024,6.295
brn,sex_m,age_aggregate_total,geo_cov_rur,2014,11.737
brn,sex_m,age_aggregate_total,geo_cov_rur,2017,13.771
brn,sex_m,age_aggregate_total,geo_cov_rur,2018,17.983
brn,sex_m,age_aggregate_total,geo_cov_rur,2019,13.068
brn,sex_m,age_aggregate_total,geo_cov_rur,2020,10.672
brn,sex_m,age_aggregate_total,geo_cov_rur,2021,9.472
brn,sex_m,age_aggregate_total,geo_cov_rur,2022,9.051
brn,sex_m,age_aggregate_total,geo_cov_rur,2023,4.633
brn,sex_m,age_aggregate_total,geo_cov_rur,2024,6.464
brn,sex_m,age_aggregate_total,geo_cov_urb,2014,9.557
brn,sex_m,age_aggregate_total,geo_cov_urb,2017,12.535
brn,sex_m,age_aggregate_total,geo_cov_urb,2018,8.651
brn,sex_m,age_aggregate_total,geo_cov_urb,2019,7.701
brn,sex_m,age_aggregate_total,geo_cov_urb,2020,8.122
brn,sex_m,age_aggregate_total,geo_cov_urb,2021,6.511
brn,sex_m,age_aggregate_total,geo_cov_urb,2022,5.844
brn,sex_m,age_aggregate_total,geo_cov_urb,2023,10.245
brn,sex_m,age_aggregate_total,geo_cov_urb,2024,6.247
brn,sex_m,age_aggregate_y15_24,geo_cov_nat,2014,33.907
brn,sex_m,age_aggregate_y15_24,geo_cov_nat,2017,36.188
brn,sex_m,age_aggregate_y15_24,geo_cov_nat,2018,33.809
brn,sex_m,age_aggregate_y15_24,geo_cov_nat,2019,27.924
brn,sex_m,age_aggregate_y15_24,geo_cov_nat,2020,29.174
brn,sex_m,age_aggregate_y15_24,geo_cov_nat,2021,19.924
brn,sex_m,age_aggregate_y15_24,geo_cov_nat,2022,23.711
brn,sex_m,age_aggregate_y15_24,geo_cov_nat,2023,25.487
brn,sex_m,age_aggregate_y15_24,geo_cov_nat,2024,20.436
brn,sex_m,age_aggregate_y15_24,geo_cov_rur,2014,39.139
brn,sex_m,age_aggregate_y15_24,geo_cov_rur,2017,37.961
brn,sex_m,age_aggregate_y15_24,geo_cov_rur,2018,51.737
brn,sex_m,age_aggregate_y15_24,geo_cov_rur,2019,32.58
brn,sex_m,age_aggregate_y15_24,geo_cov_rur,2020,31.555
brn,sex_m,age_aggregate_y15_24,geo_cov_rur,2021,21.427
brn,sex_m,age_aggregate_y15_24,geo_cov_rur,2022,27.191
brn,sex_m,age_aggregate_y15_24,geo_cov_rur,2023,19.608
brn,sex_m,age_aggregate_y15_24,geo_cov_rur,2024,21.218
brn,sex_m,age_aggregate_y15_24,geo_cov_urb,2014,32.074
brn,sex_m,age_aggregate_y15_24,geo_cov_urb,2017,35.529
brn,sex_m,age_aggregate_y15_24,geo_cov_urb,2018,29.372
brn,sex_m,age_aggregate_y15_24,geo_cov_urb,2019,26.39
brn,sex_m,age_aggregate_y15_24,geo_cov_urb,2020,28.285
brn,sex_m,age_aggregate_y15_24,geo_cov_urb,2021,19.489
brn,sex_m,age_aggregate_y15_24,geo_cov_urb,2022,21.218
brn,sex_m,age_aggregate_y15_24,geo_cov_urb,2023,27.754
brn,sex_m,age_aggregate_y15_24,geo_cov_urb,2024,20.203
brn,sex_m,age_aggregate_y25_54,geo_cov_nat,2014,5.151
brn,sex_m,age_aggregate_y25_54,geo_cov_nat,2017,7.949
brn,sex_m,age_aggregate_y25_54,geo_cov_nat,2018,5.555
brn,sex_m,age_aggregate_y25_54,geo_cov_nat,2019,5.355
brn,sex_m,age_aggregate_y25_54,geo_cov_nat,2020,5.094
brn,sex_m,age_aggregate_y25_54,geo_cov_nat,2021,5.296
brn,sex_m,age_aggregate_y25_54,geo_cov_nat,2022,5.122
brn,sex_m,age_aggregate_y25_54,geo_cov_nat,2023,5.819
brn,sex_m,age_aggregate_y25_54,geo_cov_nat,2024,4.536
brn,sex_m,age_aggregate_y25_54,geo_cov_rur,2014,5.472
brn,sex_m,age_aggregate_y25_54,geo_cov_rur,2017,7.972
brn,sex_m,age_aggregate_y25_54,geo_cov_rur,2018,10.391
brn,sex_m,age_aggregate_y25_54,geo_cov_rur,2019,9.894
brn,sex_m,age_aggregate_y25_54,geo_cov_rur,2020,6.621
brn,sex_m,age_aggregate_y25_54,geo_cov_rur,2021,7.432
brn,sex_m,age_aggregate_y25_54,geo_cov_rur,2022,6.813
brn,sex_m,age_aggregate_y25_54,geo_cov_rur,2023,2.957
brn,sex_m,age_aggregate_y25_54,geo_cov_rur,2024,4.489
brn,sex_m,age_aggregate_y25_54,geo_cov_urb,2014,5.059
brn,sex_m,age_aggregate_y25_54,geo_cov_urb,2017,7.942
brn,sex_m,age_aggregate_y25_54,geo_cov_urb,2018,4.604
brn,sex_m,age_aggregate_y25_54,geo_cov_urb,2019,4.104
brn,sex_m,age_aggregate_y25_54,geo_cov_urb,2020,4.64
brn,sex_m,age_aggregate_y25_54,geo_cov_urb,2021,4.779
brn,sex_m,age_aggregate_y25_54,geo_cov_urb,2022,3.992
brn,sex_m,age_aggregate_y25_54,geo_cov_urb,2023,7.198
brn,sex_m,age_aggregate_y25_54,geo_cov_urb,2024,4.549
brn,sex_m,age_aggregate_y55_64,geo_cov_nat,2014,10.252
brn,sex_m,age_aggregate_y55_64,geo_cov_nat,2017,12.265
brn,sex_m,age_aggregate_y55_64,geo_cov_nat,2018,7.415
brn,sex_m,age_aggregate_y55_64,geo_cov_nat,2019,6.104
brn,sex_m,age_aggregate_y55_64,geo_cov_nat,2020,6.67
brn,sex_m,age_aggregate_y55_64,geo_cov_nat,2021,3.942
brn,sex_m,age_aggregate_y55_64,geo_cov_nat,2022,1.434
brn,sex_m,age_aggregate_y55_64,geo_cov_nat,2023,6.361
brn,sex_m,age_aggregate_y55_64,geo_cov_nat,2024,3.288
brn,sex_m,age_aggregate_y55_64,geo_cov_rur,2014,9.977
brn,sex_m,age_aggregate_y55_64,geo_cov_rur,2017,12.522
brn,sex_m,age_aggregate_y55_64,geo_cov_rur,2018,11.738
brn,sex_m,age_aggregate_y55_64,geo_cov_rur,2019,3.407
brn,sex_m,age_aggregate_y55_64,geo_cov_rur,2020,4.899
brn,sex_m,age_aggregate_y55_64,geo_cov_rur,2021,6.283
brn,sex_m,age_aggregate_y55_64,geo_cov_rur,2024,4.784
brn,sex_m,age_aggregate_y55_64,geo_cov_urb,2014,10.331
brn,sex_m,age_aggregate_y55_64,geo_cov_urb,2017,12.171
brn,sex_m,age_aggregate_y55_64,geo_cov_urb,2018,6.375
brn,sex_m,age_aggregate_y55_64,geo_cov_urb,2019,6.901
brn,sex_m,age_aggregate_y55_64,geo_cov_urb,2020,7.264
brn,sex_m,age_aggregate_y55_64,geo_cov_urb,2021,3.242
brn,sex_m,age_aggregate_y55_64,geo_cov_urb,2022,1.979
brn,sex_m,age_aggregate_y55_64,geo_cov_urb,2023,8.43
brn,sex_m,age_aggregate_y55_64,geo_cov_urb,2024,2.772
brn,sex_m,age_aggregate_yge65,geo_cov_nat,2014,12.189
brn,sex_m,age_aggregate_yge65,geo_cov_nat,2017,18.558
brn,sex_m,age_aggregate_yge65,geo_cov_nat,2018,6.946
brn,sex_m,age_aggregate_yge65,geo_cov_nat,2019,16.052
brn,sex_m,age_aggregate_yge65,geo_cov_nat,2020,9.754
brn,sex_m,age_aggregate_yge65,geo_cov_nat,2023,13.673
brn,sex_m,age_aggregate_yge65,geo_cov_nat,2024,8.863
brn,sex_m,age_aggregate_yge65,geo_cov_rur,2014,11.206
brn,sex_m,age_aggregate_yge65,geo_cov_rur,2017,20.093
brn,sex_m,age_aggregate_yge65,geo_cov_rur,2019,7.47
brn,sex_m,age_aggregate_yge65,geo_cov_urb,2014,12.543
brn,sex_m,age_aggregate_yge65,geo_cov_urb,2017,17.202
brn,sex_m,age_aggregate_yge65,geo_cov_urb,2019,21.433
brn,sex_m,age_aggregate_yge65,geo_cov_urb,2023,20.987
brn,sex_m,age_aggregate_yge65,geo_cov_urb,2024,9.528
brn,sex_m,age_ythadult_y15_24,geo_cov_nat,2014,33.907
brn,sex_m,age_ythadult_y15_24,geo_cov_nat,2017,36.188
brn,sex_m,age_ythadult_y15_24,geo_cov_nat,2018,33.809
brn,sex_m,age_ythadult_y15_24,geo_cov_nat,2019,27.924
brn,sex_m,age_ythadult_y15_24,geo_cov_nat,2020,29.174
brn,sex_m,age_ythadult_y15_24,geo_cov_nat,2021,19.924
brn,sex_m,age_ythadult_y15_24,geo_cov_nat,2022,23.711
brn,sex_m,age_ythadult_y15_24,geo_cov_nat,2023,25.487
brn,sex_m,age_ythadult_y15_24,geo_cov_nat,2024,20.436
brn,sex_m,age_ythadult_y15_24,geo_cov_rur,2014,39.139
brn,sex_m,age_ythadult_y15_24,geo_cov_rur,2017,37.961
brn,sex_m,age_ythadult_y15_24,geo_cov_rur,2018,51.737
brn,sex_m,age_ythadult_y15_24,geo_cov_rur,2019,32.58
brn,sex_m,age_ythadult_y15_24,geo_cov_rur,2020,31.555
brn,sex_m,age_ythadult_y15_24,geo_cov_rur,2021,21.427
brn,sex_m,age_ythadult_y15_24,geo_cov_rur,2022,27.191
brn,sex_m,age_ythadult_y15_24,geo_cov_rur,2023,19.608
brn,sex_m,age_ythadult_y15_24,geo_cov_rur,2024,21.218
brn,sex_m,age_ythadult_y15_24,geo_cov_urb,2014,32.074
brn,sex_m,age_ythadult_y15_24,geo_cov_urb,2017,35.529
brn,sex_m,age_ythadult_y15_24,geo_cov_urb,2018,29.372
brn,sex_m,age_ythadult_y15_24,geo_cov_urb,2019,26.39
brn,sex_m,age_ythadult_y15_24,geo_cov_urb,2020,28.285
brn,sex_m,age_ythadult_y15_24,geo_cov_urb,2021,19.489
brn,sex_m,age_ythadult_y15_24,geo_cov_urb,2022,21.218
brn,sex_m,age_ythadult_y15_24,geo_cov_urb,2023,27.754
brn,sex_m,age_ythadult_y15_24,geo_cov_urb,2024,20.203
brn,sex_m,age_ythadult_y15_64,geo_cov_nat,2014,10.014
brn,sex_m,age_ythadult_y15_64,geo_cov_nat,2017,12.766
brn,sex_m,age_ythadult_y15_64,geo_cov_nat,2018,10.316
brn,sex_m,age_ythadult_y15_64,geo_cov_nat,2019,8.793
brn,sex_m,age_ythadult_y15_64,geo_cov_nat,2020,8.717
brn,sex_m,age_ythadult_y15_64,geo_cov_nat,2021,7.133
brn,sex_m,age_ythadult_y15_64,geo_cov_nat,2022,7.208
brn,sex_m,age_ythadult_y15_64,geo_cov_nat,2023,8.366
brn,sex_m,age_ythadult_y15_64,geo_cov_nat,2024,6.241
brn,sex_m,age_ythadult_y15_64,geo_cov_rur,2014,11.749
brn,sex_m,age_ythadult_y15_64,geo_cov_rur,2017,13.611
brn,sex_m,age_ythadult_y15_64,geo_cov_rur,2018,18.317
brn,sex_m,age_ythadult_y15_64,geo_cov_rur,2019,13.219
brn,sex_m,age_ythadult_y15_64,geo_cov_rur,2020,10.632
brn,sex_m,age_ythadult_y15_64,geo_cov_rur,2021,9.398
brn,sex_m,age_ythadult_y15_64,geo_cov_rur,2022,9.075
brn,sex_m,age_ythadult_y15_64,geo_cov_rur,2023,4.713
brn,sex_m,age_ythadult_y15_64,geo_cov_rur,2024,6.48
brn,sex_m,age_ythadult_y15_64,geo_cov_urb,2014,9.501
brn,sex_m,age_ythadult_y15_64,geo_cov_urb,2017,12.491
brn,sex_m,age_ythadult_y15_64,geo_cov_urb,2018,8.654
brn,sex_m,age_ythadult_y15_64,geo_cov_urb,2019,7.532
brn,sex_m,age_ythadult_y15_64,geo_cov_urb,2020,8.123
brn,sex_m,age_ythadult_y15_64,geo_cov_urb,2021,6.562
brn,sex_m,age_ythadult_y15_64,geo_cov_urb,2022,5.966
brn,sex_m,age_ythadult_y15_64,geo_cov_urb,2023,10.061
brn,sex_m,age_ythadult_y15_64,geo_cov_urb,2024,6.173
brn,sex_m,age_ythadult_yge15,geo_cov_nat,2014,10.056
brn,sex_m,age_ythadult_yge15,geo_cov_nat,2017,12.842
brn,sex_m,age_ythadult_yge15,geo_cov_nat,2018,10.258
brn,sex_m,age_ythadult_yge15,geo_cov_nat,2019,8.904
brn,sex_m,age_ythadult_yge15,geo_cov_nat,2020,8.732
brn,sex_m,age_ythadult_yge15,geo_cov_nat,2021,7.11
brn,sex_m,age_ythadult_yge15,geo_cov_nat,2022,7.118
brn,sex_m,age_ythadult_yge15,geo_cov_nat,2023,8.462
brn,sex_m,age_ythadult_yge15,geo_cov_nat,2024,6.295
brn,sex_m,age_ythadult_yge15,geo_cov_rur,2014,11.737
brn,sex_m,age_ythadult_yge15,geo_cov_rur,2017,13.771
brn,sex_m,age_ythadult_yge15,geo_cov_rur,2018,17.983
brn,sex_m,age_ythadult_yge15,geo_cov_rur,2019,13.068
brn,sex_m,age_ythadult_yge15,geo_cov_rur,2020,10.672
brn,sex_m,age_ythadult_yge15,geo_cov_rur,2021,9.472
brn,sex_m,age_ythadult_yge15,geo_cov_rur,2022,9.051
brn,sex_m,age_ythadult_yge15,geo_cov_rur,2023,4.633
brn,sex_m,age_ythadult_yge15,geo_cov_rur,2024,6.464
brn,sex_m,age_ythadult_yge15,geo_cov_urb,2014,9.557
brn,sex_m,age_ythadult_yge15,geo_cov_urb,2017,12.535
brn,sex_m,age_ythadult_yge15,geo_cov_urb,2018,8.651
brn,sex_m,age_ythadult_yge15,geo_cov_urb,2019,7.701
brn,sex_m,age_ythadult_yge15,geo_cov_urb,2020,8.122
brn,sex_m,age_ythadult_yge15,geo_cov_urb,2021,6.511
brn,sex_m,age_ythadult_yge15,geo_cov_urb,2022,5.844
brn,sex_m,age_ythadult_yge15,geo_cov_urb,2023,10.245
brn,sex_m,age_ythadult_yge15,geo_cov_urb,2024,6.247
brn,sex_m,age_ythadult_yge25,geo_cov_nat,2014,5.808
brn,sex_m,age_ythadult_yge25,geo_cov_nat,2017,8.543
brn,sex_m,age_ythadult_yge25,geo_cov_nat,2018,5.734
brn,sex_m,age_ythadult_yge25,geo_cov_nat,2019,5.609
brn,sex_m,age_ythadult_yge25,geo_cov_nat,2020,5.315
brn,sex_m,age_ythadult_yge25,geo_cov_nat,2021,5.189
brn,sex_m,age_ythadult_yge25,geo_cov_nat,2022,4.727
brn,sex_m,age_ythadult_yge25,geo_cov_nat,2023,6.025
brn,sex_m,age_ythadult_yge25,geo_cov_nat,2024,4.526
brn,sex_m,age_ythadult_yge25,geo_cov_rur,2014,6.066
brn,sex_m,age_ythadult_yge25,geo_cov_rur,2017,8.831
brn,sex_m,age_ythadult_yge25,geo_cov_rur,2018,10.29
brn,sex_m,age_ythadult_yge25,geo_cov_rur,2019,9.263
brn,sex_m,age_ythadult_yge25,geo_cov_rur,2020,6.612
brn,sex_m,age_ythadult_yge25,geo_cov_rur,2021,7.453
brn,sex_m,age_ythadult_yge25,geo_cov_rur,2022,6.285
brn,sex_m,age_ythadult_yge25,geo_cov_rur,2023,2.788
brn,sex_m,age_ythadult_yge25,geo_cov_rur,2024,4.535
brn,sex_m,age_ythadult_yge25,geo_cov_urb,2014,5.734
brn,sex_m,age_ythadult_yge25,geo_cov_urb,2017,8.45
brn,sex_m,age_ythadult_yge25,geo_cov_urb,2018,4.82
brn,sex_m,age_ythadult_yge25,geo_cov_urb,2019,4.578
brn,sex_m,age_ythadult_yge25,geo_cov_urb,2020,4.92
brn,sex_m,age_ythadult_yge25,geo_cov_urb,2021,4.627
brn,sex_m,age_ythadult_yge25,geo_cov_urb,2022,3.711
brn,sex_m,age_ythadult_yge25,geo_cov_urb,2023,7.572
brn,sex_m,age_ythadult_yge25,geo_cov_urb,2024,4.524
brn,sex_t,age_aggregate_total,geo_cov_nat,2014,12.019
brn,sex_t,age_aggregate_total,geo_cov_nat,2017,14.018
brn,sex_t,age_aggregate_total,geo_cov_nat,2018,12.063
brn,sex_t,age_aggregate_total,geo_cov_nat,2019,11.69
brn,sex_t,age_aggregate_total,geo_cov_nat,2020,10.659
brn,sex_t,age_aggregate_total,geo_cov_nat,2021,8.562
brn,sex_t,age_aggregate_total,geo_cov_nat,2022,8.158
brn,sex_t,age_aggregate_total,geo_cov_nat,2023,9.662
brn,sex_t,age_aggregate_total,geo_cov_nat,2024,7.428
brn,sex_t,age_aggregate_total,geo_cov_rur,2014,14.499
brn,sex_t,age_aggregate_total,geo_cov_rur,2017,15.829
brn,sex_t,age_aggregate_total,geo_cov_rur,2018,19.533
brn,sex_t,age_aggregate_total,geo_cov_rur,2019,15.433
brn,sex_t,age_aggregate_total,geo_cov_rur,2020,13.309
brn,sex_t,age_aggregate_total,geo_cov_rur,2021,11.814
brn,sex_t,age_aggregate_total,geo_cov_rur,2022,10.182
brn,sex_t,age_aggregate_total,geo_cov_rur,2023,6.156
brn,sex_t,age_aggregate_total,geo_cov_rur,2024,8.774
brn,sex_t,age_aggregate_total,geo_cov_urb,2014,11.292
brn,sex_t,age_aggregate_total,geo_cov_urb,2017,13.436
brn,sex_t,age_aggregate_total,geo_cov_urb,2018,10.419
brn,sex_t,age_aggregate_total,geo_cov_urb,2019,10.556
brn,sex_t,age_aggregate_total,geo_cov_urb,2020,9.807
brn,sex_t,age_aggregate_total,geo_cov_urb,2021,7.723
brn,sex_t,age_aggregate_total,geo_cov_urb,2022,6.9
brn,sex_t,age_aggregate_total,geo_cov_urb,2023,11.215
brn,sex_t,age_aggregate_total,geo_cov_urb,2024,7.032
brn,sex_t,age_aggregate_y15_24,geo_cov_nat,2014,36.49
brn,sex_t,age_aggregate_y15_24,geo_cov_nat,2017,37.309
brn,sex_t,age_aggregate_y15_24,geo_cov_nat,2018,36.087
brn,sex_t,age_aggregate_y15_24,geo_cov_nat,2019,33.367
brn,sex_t,age_aggregate_y15_24,geo_cov_nat,2020,32.785
brn,sex_t,age_aggregate_y15_24,geo_cov_nat,2021,23.29
brn,sex_t,age_aggregate_y15_24,geo_cov_nat,2022,25.84
brn,sex_t,age_aggregate_y15_24,geo_cov_nat,2023,29.521
brn,sex_t,age_aggregate_y15_24,geo_cov_nat,2024,23.952
brn,sex_t,age_aggregate_y15_24,geo_cov_rur,2014,43.985
brn,sex_t,age_aggregate_y15_24,geo_cov_rur,2017,42.354
brn,sex_t,age_aggregate_y15_24,geo_cov_rur,2018,54.185
brn,sex_t,age_aggregate_y15_24,geo_cov_rur,2019,37.934
brn,sex_t,age_aggregate_y15_24,geo_cov_rur,2020,35.837
brn,sex_t,age_aggregate_y15_24,geo_cov_rur,2021,28.895
brn,sex_t,age_aggregate_y15_24,geo_cov_rur,2022,31.211
brn,sex_t,age_aggregate_y15_24,geo_cov_rur,2023,26.208
brn,sex_t,age_aggregate_y15_24,geo_cov_rur,2024,27.666
brn,sex_t,age_aggregate_y15_24,geo_cov_urb,2014,33.738
brn,sex_t,age_aggregate_y15_24,geo_cov_urb,2017,35.541
brn,sex_t,age_aggregate_y15_24,geo_cov_urb,2018,31.211
brn,sex_t,age_aggregate_y15_24,geo_cov_urb,2019,31.775
brn,sex_t,age_aggregate_y15_24,geo_cov_urb,2020,31.709
brn,sex_t,age_aggregate_y15_24,geo_cov_urb,2021,21.556
brn,sex_t,age_aggregate_y15_24,geo_cov_urb,2022,22.012
brn,sex_t,age_aggregate_y15_24,geo_cov_urb,2023,30.772
brn,sex_t,age_aggregate_y15_24,geo_cov_urb,2024,22.785
brn,sex_t,age_aggregate_y25_54,geo_cov_nat,2014,7.512
brn,sex_t,age_aggregate_y25_54,geo_cov_nat,2017,9.599
brn,sex_t,age_aggregate_y25_54,geo_cov_nat,2018,7.741
brn,sex_t,age_aggregate_y25_54,geo_cov_nat,2019,7.965
brn,sex_t,age_aggregate_y25_54,geo_cov_nat,2020,7.142
brn,sex_t,age_aggregate_y25_54,geo_cov_nat,2021,6.741
brn,sex_t,age_aggregate_y25_54,geo_cov_nat,2022,6.173
brn,sex_t,age_aggregate_y25_54,geo_cov_nat,2023,7.083
brn,sex_t,age_aggregate_y25_54,geo_cov_nat,2024,5.698
brn,sex_t,age_aggregate_y25_54,geo_cov_rur,2014,8.076
brn,sex_t,age_aggregate_y25_54,geo_cov_rur,2017,10.151
brn,sex_t,age_aggregate_y25_54,geo_cov_rur,2018,12.216
brn,sex_t,age_aggregate_y25_54,geo_cov_rur,2019,12.019
brn,sex_t,age_aggregate_y25_54,geo_cov_rur,2020,9.62
brn,sex_t,age_aggregate_y25_54,geo_cov_rur,2021,9.16
brn,sex_t,age_aggregate_y25_54,geo_cov_rur,2022,7.504
brn,sex_t,age_aggregate_y25_54,geo_cov_rur,2023,3.966
brn,sex_t,age_aggregate_y25_54,geo_cov_rur,2024,6.647
brn,sex_t,age_aggregate_y25_54,geo_cov_urb,2014,7.355
brn,sex_t,age_aggregate_y25_54,geo_cov_urb,2017,9.43
brn,sex_t,age_aggregate_y25_54,geo_cov_urb,2018,6.799
brn,sex_t,age_aggregate_y25_54,geo_cov_urb,2019,6.78
brn,sex_t,age_aggregate_y25_54,geo_cov_urb,2020,6.39
brn,sex_t,age_aggregate_y25_54,geo_cov_urb,2021,6.152
brn,sex_t,age_aggregate_y25_54,geo_cov_urb,2022,5.349
brn,sex_t,age_aggregate_y25_54,geo_cov_urb,2023,8.482
brn,sex_t,age_aggregate_y25_54,geo_cov_urb,2024,5.422
brn,sex_t,age_aggregate_y55_64,geo_cov_nat,2014,9.832
brn,sex_t,age_aggregate_y55_64,geo_cov_nat,2017,10.837
brn,sex_t,age_aggregate_y55_64,geo_cov_nat,2018,6.378
brn,sex_t,age_aggregate_y55_64,geo_cov_nat,2019,6.821
brn,sex_t,age_aggregate_y55_64,geo_cov_nat,2020,5.844
brn,sex_t,age_aggregate_y55_64,geo_cov_nat,2021,3.219
brn,sex_t,age_aggregate_y55_64,geo_cov_nat,2022,1.43
brn,sex_t,age_aggregate_y55_64,geo_cov_nat,2023,4.443
brn,sex_t,age_aggregate_y55_64,geo_cov_nat,2024,2.301
brn,sex_t,age_aggregate_y55_64,geo_cov_rur,2014,9.496
brn,sex_t,age_aggregate_y55_64,geo_cov_rur,2017,13.472
brn,sex_t,age_aggregate_y55_64,geo_cov_rur,2018,9.621
brn,sex_t,age_aggregate_y55_64,geo_cov_rur,2019,4.151
brn,sex_t,age_aggregate_y55_64,geo_cov_rur,2020,5.727
brn,sex_t,age_aggregate_y55_64,geo_cov_rur,2021,6.019
brn,sex_t,age_aggregate_y55_64,geo_cov_rur,2022,1.447
brn,sex_t,age_aggregate_y55_64,geo_cov_rur,2023,1.359
brn,sex_t,age_aggregate_y55_64,geo_cov_rur,2024,3.606
brn,sex_t,age_aggregate_y55_64,geo_cov_urb,2014,9.931
brn,sex_t,age_aggregate_y55_64,geo_cov_urb,2017,9.893
brn,sex_t,age_aggregate_y55_64,geo_cov_urb,2018,5.686
brn,sex_t,age_aggregate_y55_64,geo_cov_urb,2019,7.591
brn,sex_t,age_aggregate_y55_64,geo_cov_urb,2020,5.888
brn,sex_t,age_aggregate_y55_64,geo_cov_urb,2021,2.317
brn,sex_t,age_aggregate_y55_64,geo_cov_urb,2022,1.42
brn,sex_t,age_aggregate_y55_64,geo_cov_urb,2023,5.904
brn,sex_t,age_aggregate_y55_64,geo_cov_urb,2024,1.893
brn,sex_t,age_aggregate_yge65,geo_cov_nat,2014,11.798
brn,sex_t,age_aggregate_yge65,geo_cov_nat,2017,16.536
brn,sex_t,age_aggregate_yge65,geo_cov_nat,2018,10.337
brn,sex_t,age_aggregate_yge65,geo_cov_nat,2019,19.248
brn,sex_t,age_aggregate_yge65,geo_cov_nat,2020,8.703
brn,sex_t,age_aggregate_yge65,geo_cov_nat,2021,3.772
brn,sex_t,age_aggregate_yge65,geo_cov_nat,2023,11.847
brn,sex_t,age_aggregate_yge65,geo_cov_nat,2024,5.761
brn,sex_t,age_aggregate_yge65,geo_cov_rur,2014,10.908
brn,sex_t,age_aggregate_yge65,geo_cov_rur,2017,16.555
brn,sex_t,age_aggregate_yge65,geo_cov_rur,2019,6.923
brn,sex_t,age_aggregate_yge65,geo_cov_rur,2020,12.616
brn,sex_t,age_aggregate_yge65,geo_cov_urb,2014,12.12
brn,sex_t,age_aggregate_yge65,geo_cov_urb,2017,16.521
brn,sex_t,age_aggregate_yge65,geo_cov_urb,2018,11.947
brn,sex_t,age_aggregate_yge65,geo_cov_urb,2019,25.645
brn,sex_t,age_aggregate_yge65,geo_cov_urb,2023,15.781
brn,sex_t,age_aggregate_yge65,geo_cov_urb,2024,6.194
brn,sex_t,age_ythadult_y15_24,geo_cov_nat,2014,36.49
brn,sex_t,age_ythadult_y15_24,geo_cov_nat,2017,37.309
brn,sex_t,age_ythadult_y15_24,geo_cov_nat,2018,36.087
brn,sex_t,age_ythadult_y15_24,geo_cov_nat,2019,33.367
brn,sex_t,age_ythadult_y15_24,geo_cov_nat,2020,32.785
brn,sex_t,age_ythadult_y15_24,geo_cov_nat,2021,23.29
brn,sex_t,age_ythadult_y15_24,geo_cov_nat,2022,25.84
brn,sex_t,age_ythadult_y15_24,geo_cov_nat,2023,29.521
brn,sex_t,age_ythadult_y15_24,geo_cov_nat,2024,23.952
brn,sex_t,age_ythadult_y15_24,geo_cov_rur,2014,43.985
brn,sex_t,age_ythadult_y15_24,geo_cov_rur,2017,42.354
brn,sex_t,age_ythadult_y15_24,geo_cov_rur,2018,54.185
brn,sex_t,age_ythadult_y15_24,geo_cov_rur,2019,37.934
brn,sex_t,age_ythadult_y15_24,geo_cov_rur,2020,35.837
brn,sex_t,age_ythadult_y15_24,geo_cov_rur,2021,28.895
brn,sex_t,age_ythadult_y15_24,geo_cov_rur,2022,31.211
brn,sex_t,age_ythadult_y15_24,geo_cov_rur,2023,26.208
brn,sex_t,age_ythadult_y15_24,geo_cov_rur,2024,27.666
brn,sex_t,age_ythadult_y15_24,geo_cov_urb,2014,33.738
brn,sex_t,age_ythadult_y15_24,geo_cov_urb,2017,35.541
brn,sex_t,age_ythadult_y15_24,geo_cov_urb,2018,31.211
brn,sex_t,age_ythadult_y15_24,geo_cov_urb,2019,31.775
brn,sex_t,age_ythadult_y15_24,geo_cov_urb,2020,31.709
brn,sex_t,age_ythadult_y15_24,geo_cov_urb,2021,21.556
brn,sex_t,age_ythadult_y15_24,geo_cov_urb,2022,22.012
brn,sex_t,age_ythadult_y15_24,geo_cov_urb,2023,30.772
brn,sex_t,age_ythadult_y15_24,geo_cov_urb,2024,22.785
brn,sex_t,age_ythadult_y15_64,geo_cov_nat,2014,12.022
brn,sex_t,age_ythadult_y15_64,geo_cov_nat,2017,13.992
brn,sex_t,age_ythadult_y15_64,geo_cov_nat,2018,12.088
brn,sex_t,age_ythadult_y15_64,geo_cov_nat,2019,11.562
brn,sex_t,age_ythadult_y15_64,geo_cov_nat,2020,10.687
brn,sex_t,age_ythadult_y15_64,geo_cov_nat,2021,8.619
brn,sex_t,age_ythadult_y15_64,geo_cov_nat,2022,8.238
brn,sex_t,age_ythadult_y15_64,geo_cov_nat,2023,9.623
brn,sex_t,age_ythadult_y15_64,geo_cov_nat,2024,7.461
brn,sex_t,age_ythadult_y15_64,geo_cov_rur,2014,14.566
brn,sex_t,age_ythadult_y15_64,geo_cov_rur,2017,15.815
brn,sex_t,age_ythadult_y15_64,geo_cov_rur,2018,19.791
brn,sex_t,age_ythadult_y15_64,geo_cov_rur,2019,15.647
brn,sex_t,age_ythadult_y15_64,geo_cov_rur,2020,13.328
brn,sex_t,age_ythadult_y15_64,geo_cov_rur,2021,11.828
brn,sex_t,age_ythadult_y15_64,geo_cov_rur,2022,10.246
brn,sex_t,age_ythadult_y15_64,geo_cov_rur,2023,6.189
brn,sex_t,age_ythadult_y15_64,geo_cov_rur,2024,8.851
brn,sex_t,age_ythadult_y15_64,geo_cov_urb,2014,11.28
brn,sex_t,age_ythadult_y15_64,geo_cov_urb,2017,13.413
brn,sex_t,age_ythadult_y15_64,geo_cov_urb,2018,10.396
brn,sex_t,age_ythadult_y15_64,geo_cov_urb,2019,10.337
brn,sex_t,age_ythadult_y15_64,geo_cov_urb,2020,9.853
brn,sex_t,age_ythadult_y15_64,geo_cov_urb,2021,7.795
brn,sex_t,age_ythadult_y15_64,geo_cov_urb,2022,6.984
brn,sex_t,age_ythadult_y15_64,geo_cov_urb,2023,11.139
brn,sex_t,age_ythadult_y15_64,geo_cov_urb,2024,7.05
brn,sex_t,age_ythadult_yge15,geo_cov_nat,2014,12.019
brn,sex_t,age_ythadult_yge15,geo_cov_nat,2017,14.018
brn,sex_t,age_ythadult_yge15,geo_cov_nat,2018,12.063
brn,sex_t,age_ythadult_yge15,geo_cov_nat,2019,11.69
brn,sex_t,age_ythadult_yge15,geo_cov_nat,2020,10.659
brn,sex_t,age_ythadult_yge15,geo_cov_nat,2021,8.562
brn,sex_t,age_ythadult_yge15,geo_cov_nat,2022,8.158
brn,sex_t,age_ythadult_yge15,geo_cov_nat,2023,9.662
brn,sex_t,age_ythadult_yge15,geo_cov_nat,2024,7.428
brn,sex_t,age_ythadult_yge15,geo_cov_rur,2014,14.499
brn,sex_t,age_ythadult_yge15,geo_cov_rur,2017,15.829
brn,sex_t,age_ythadult_yge15,geo_cov_rur,2018,19.533
brn,sex_t,age_ythadult_yge15,geo_cov_rur,2019,15.433
brn,sex_t,age_ythadult_yge15,geo_cov_rur,2020,13.309
brn,sex_t,age_ythadult_yge15,geo_cov_rur,2021,11.814
brn,sex_t,age_ythadult_yge15,geo_cov_rur,2022,10.182
brn,sex_t,age_ythadult_yge15,geo_cov_rur,2023,6.156
brn,sex_t,age_ythadult_yge15,geo_cov_rur,2024,8.774
brn,sex_t,age_ythadult_yge15,geo_cov_urb,2014,11.292
brn,sex_t,age_ythadult_yge15,geo_cov_urb,2017,13.436
brn,sex_t,age_ythadult_yge15,geo_cov_urb,2018,10.419
brn,sex_t,age_ythadult_yge15,geo_cov_urb,2019,10.556
brn,sex_t,age_ythadult_yge15,geo_cov_urb,2020,9.807
brn,sex_t,age_ythadult_yge15,geo_cov_urb,2021,7.723
brn,sex_t,age_ythadult_yge15,geo_cov_urb,2022,6.9
brn,sex_t,age_ythadult_yge15,geo_cov_urb,2023,11.215
brn,sex_t,age_ythadult_yge15,geo_cov_urb,2024,7.032
brn,sex_t,age_ythadult_yge25,geo_cov_nat,2014,7.8
brn,sex_t,age_ythadult_yge25,geo_cov_nat,2017,9.803
brn,sex_t,age_ythadult_yge25,geo_cov_nat,2018,7.675
brn,sex_t,age_ythadult_yge25,geo_cov_nat,2019,8.084
brn,sex_t,age_ythadult_yge25,geo_cov_nat,2020,7.056
brn,sex_t,age_ythadult_yge25,geo_cov_nat,2021,6.428
brn,sex_t,age_ythadult_yge25,geo_cov_nat,2022,5.686
brn,sex_t,age_ythadult_yge25,geo_cov_nat,2023,6.954
brn,sex_t,age_ythadult_yge25,geo_cov_nat,2024,5.39
brn,sex_t,age_ythadult_yge25,geo_cov_rur,2014,8.272
brn,sex_t,age_ythadult_yge25,geo_cov_rur,2017,10.648
brn,sex_t,age_ythadult_yge25,geo_cov_rur,2018,11.835
brn,sex_t,age_ythadult_yge25,geo_cov_rur,2019,11.195
brn,sex_t,age_ythadult_yge25,geo_cov_rur,2020,9.33
brn,sex_t,age_ythadult_yge25,geo_cov_rur,2021,8.897
brn,sex_t,age_ythadult_yge25,geo_cov_rur,2022,6.95
brn,sex_t,age_ythadult_yge25,geo_cov_rur,2023,3.75
brn,sex_t,age_ythadult_yge25,geo_cov_rur,2024,6.304
brn,sex_t,age_ythadult_yge25,geo_cov_urb,2014,7.667
brn,sex_t,age_ythadult_yge25,geo_cov_urb,2017,9.535
brn,sex_t,age_ythadult_yge25,geo_cov_urb,2018,6.795
brn,sex_t,age_ythadult_yge25,geo_cov_urb,2019,7.164
brn,sex_t,age_ythadult_yge25,geo_cov_urb,2020,6.337
brn,sex_t,age_ythadult_yge25,geo_cov_urb,2021,5.809
brn,sex_t,age_ythadult_yge25,geo_cov_urb,2022,4.915
brn,sex_t,age_ythadult_yge25,geo_cov_urb,2023,8.403
brn,sex_t,age_ythadult_yge25,geo_cov_urb,2024,5.123
btn,sex_f,age_aggregate_total,geo_cov_nat,2023,10.247
btn,sex_f,age_aggregate_total,geo_cov_nat,2024,4.538
btn,sex_f,age_aggregate_total,geo_cov_rur,2023,6.975
btn,sex_f,age_aggregate_total,geo_cov_rur,2024,2.495
btn,sex_f,age_aggregate_total,geo_cov_urb,2023,16.588
btn,sex_f,age_aggregate_total,geo_cov_urb,2024,8.79
btn,sex_f,age_aggregate_y15_24,geo_cov_nat,2023,27.728
btn,sex_f,age_aggregate_y15_24,geo_cov_nat,2024,20.444
btn,sex_f,age_aggregate_y15_24,geo_cov_rur,2023,21.832
btn,sex_f,age_aggregate_y15_24,geo_cov_rur,2024,16.598
btn,sex_f,age_aggregate_y15_24,geo_cov_urb,2023,34.007
btn,sex_f,age_aggregate_y15_24,geo_cov_urb,2024,24.326
btn,sex_f,age_aggregate_y25_54,geo_cov_nat,2023,8.476
btn,sex_f,age_aggregate_y25_54,geo_cov_nat,2024,2.721
btn,sex_f,age_aggregate_y25_54,geo_cov_rur,2023,6.188
btn,sex_f,age_aggregate_y25_54,geo_cov_rur,2024,1.355
btn,sex_f,age_aggregate_y25_54,geo_cov_urb,2023,12.616
btn,sex_f,age_aggregate_y25_54,geo_cov_urb,2024,5.345
btn,sex_f,age_ythadult_y15_24,geo_cov_nat,2023,27.728
btn,sex_f,age_ythadult_y15_24,geo_cov_nat,2024,20.444
btn,sex_f,age_ythadult_y15_24,geo_cov_rur,2023,21.832
btn,sex_f,age_ythadult_y15_24,geo_cov_rur,2024,16.598
btn,sex_f,age_ythadult_y15_24,geo_cov_urb,2023,34.007
btn,sex_f,age_ythadult_y15_24,geo_cov_urb,2024,24.326
btn,sex_f,age_ythadult_y15_64,geo_cov_nat,2023,10.653
btn,sex_f,age_ythadult_y15_64,geo_cov_rur,2023,7.352
btn,sex_f,age_ythadult_y15_64,geo_cov_urb,2023,16.691
btn,sex_f,age_ythadult_yge15,geo_cov_nat,2023,10.247
btn,sex_f,age_ythadult_yge15,geo_cov_nat,2024,4.538
btn,sex_f,age_ythadult_yge15,geo_cov_rur,2023,6.975
btn,sex_f,age_ythadult_yge15,geo_cov_rur,2024,2.495
btn,sex_f,age_ythadult_yge15,geo_cov_urb,2023,16.588
btn,sex_f,age_ythadult_yge15,geo_cov_urb,2024,8.79
btn,sex_f,age_ythadult_yge25,geo_cov_nat,2023,7.409
btn,sex_f,age_ythadult_yge25,geo_cov_nat,2024,2.3
btn,sex_f,age_ythadult_yge25,geo_cov_rur,2023,5.153
btn,sex_f,age_ythadult_yge25,geo_cov_rur,2024,1.072
btn,sex_f,age_ythadult_yge25,geo_cov_urb,2023,12.268
btn,sex_f,age_ythadult_yge25,geo_cov_urb,2024,5.166
btn,sex_m,age_aggregate_total,geo_cov_nat,2023,5.27
btn,sex_m,age_aggregate_total,geo_cov_nat,2024,2.972
btn,sex_m,age_aggregate_total,geo_cov_rur,2023,4.619
btn,sex_m,age_aggregate_total,geo_cov_rur,2024,2.219
btn,sex_m,age_aggregate_total,geo_cov_urb,2023,6.351
btn,sex_m,age_aggregate_total,geo_cov_urb,2024,4.281
btn,sex_m,age_aggregate_y15_24,geo_cov_nat,2023,22.914
btn,sex_m,age_aggregate_y15_24,geo_cov_nat,2024,17.742
btn,sex_m,age_aggregate_y15_24,geo_cov_rur,2023,17.073
btn,sex_m,age_aggregate_y15_24,geo_cov_rur,2024,15.627
btn,sex_m,age_aggregate_y15_24,geo_cov_urb,2023,30.995
btn,sex_m,age_aggregate_y15_24,geo_cov_urb,2024,20.683
btn,sex_m,age_aggregate_y25_54,geo_cov_nat,2023,3.497
btn,sex_m,age_aggregate_y25_54,geo_cov_nat,2024,1.707
btn,sex_m,age_aggregate_y25_54,geo_cov_rur,2023,3.755
btn,sex_m,age_aggregate_y25_54,geo_cov_rur,2024,1.254
btn,sex_m,age_aggregate_y25_54,geo_cov_urb,2023,3.122
btn,sex_m,age_aggregate_y25_54,geo_cov_urb,2024,2.384
btn,sex_m,age_aggregate_y55_64,geo_cov_nat,2023,1.904
btn,sex_m,age_ythadult_y15_24,geo_cov_nat,2023,22.914
btn,sex_m,age_ythadult_y15_24,geo_cov_nat,2024,17.742
btn,sex_m,age_ythadult_y15_24,geo_cov_rur,2023,17.073
btn,sex_m,age_ythadult_y15_24,geo_cov_rur,2024,15.627
btn,sex_m,age_ythadult_y15_24,geo_cov_urb,2023,30.995
btn,sex_m,age_ythadult_y15_24,geo_cov_urb,2024,20.683
btn,sex_m,age_ythadult_y15_64,geo_cov_nat,2023,5.448
btn,sex_m,age_ythadult_y15_64,geo_cov_rur,2023,4.829
btn,sex_m,age_ythadult_y15_64,geo_cov_urb,2023,6.413
btn,sex_m,age_ythadult_yge15,geo_cov_nat,2023,5.27
btn,sex_m,age_ythadult_yge15,geo_cov_nat,2024,2.972
btn,sex_m,age_ythadult_yge15,geo_cov_rur,2023,4.619
btn,sex_m,age_ythadult_yge15,geo_cov_rur,2024,2.219
btn,sex_m,age_ythadult_yge15,geo_cov_urb,2023,6.351
btn,sex_m,age_ythadult_yge15,geo_cov_urb,2024,4.281
btn,sex_m,age_ythadult_yge25,geo_cov_nat,2023,3.234
btn,sex_m,age_ythadult_yge25,geo_cov_nat,2024,1.476
btn,sex_m,age_ythadult_yge25,geo_cov_rur,2023,3.294
btn,sex_m,age_ythadult_yge25,geo_cov_rur,2024,0.985
btn,sex_m,age_ythadult_yge25,geo_cov_urb,2023,3.133
btn,sex_m,age_ythadult_yge25,geo_cov_urb,2024,2.349
btn,sex_t,age_aggregate_total,geo_cov_nat,2023,7.385
btn,sex_t,age_aggregate_total,geo_cov_nat,2024,3.592
btn,sex_t,age_aggregate_total,geo_cov_rur,2023,5.652
btn,sex_t,age_aggregate_total,geo_cov_rur,2024,2.332
btn,sex_t,age_aggregate_total,geo_cov_urb,2023,10.457
btn,sex_t,age_aggregate_total,geo_cov_urb,2024,5.941
btn,sex_t,age_aggregate_y15_24,geo_cov_nat,2023,25.319
btn,sex_t,age_aggregate_y15_24,geo_cov_nat,2024,19.007
btn,sex_t,age_aggregate_y15_24,geo_cov_rur,2023,19.31
btn,sex_t,age_aggregate_y15_24,geo_cov_rur,2024,16.046
btn,sex_t,age_aggregate_y15_24,geo_cov_urb,2023,32.608
btn,sex_t,age_aggregate_y15_24,geo_cov_urb,2024,22.546
btn,sex_t,age_aggregate_y25_54,geo_cov_nat,2023,5.574
btn,sex_t,age_aggregate_y25_54,geo_cov_nat,2024,2.101
btn,sex_t,age_aggregate_y25_54,geo_cov_rur,2023,4.82
btn,sex_t,age_aggregate_y25_54,geo_cov_rur,2024,1.296
btn,sex_t,age_aggregate_y25_54,geo_cov_urb,2023,6.771
btn,sex_t,age_aggregate_y25_54,geo_cov_urb,2024,3.425
btn,sex_t,age_aggregate_y55_64,geo_cov_nat,2023,1.678
btn,sex_t,age_aggregate_y55_64,geo_cov_urb,2023,4.367
btn,sex_t,age_ythadult_y15_24,geo_cov_nat,2023,25.319
btn,sex_t,age_ythadult_y15_24,geo_cov_nat,2024,19.007
btn,sex_t,age_ythadult_y15_24,geo_cov_rur,2023,19.31
btn,sex_t,age_ythadult_y15_24,geo_cov_rur,2024,16.046
btn,sex_t,age_ythadult_y15_24,geo_cov_urb,2023,32.608
btn,sex_t,age_ythadult_y15_24,geo_cov_urb,2024,22.546
btn,sex_t,age_ythadult_y15_64,geo_cov_nat,2023,7.665
btn,sex_t,age_ythadult_y15_64,geo_cov_rur,2023,5.94
btn,sex_t,age_ythadult_y15_64,geo_cov_urb,2023,10.544
btn,sex_t,age_ythadult_yge15,geo_cov_nat,2023,7.385
btn,sex_t,age_ythadult_yge15,geo_cov_nat,2024,3.592
btn,sex_t,age_ythadult_yge15,geo_cov_rur,2023,5.652
btn,sex_t,age_ythadult_yge15,geo_cov_rur,2024,2.332
btn,sex_t,age_ythadult_yge15,geo_cov_urb,2023,10.457
btn,sex_t,age_ythadult_yge15,geo_cov_urb,2024,5.941
btn,sex_t,age_ythadult_yge25,geo_cov_nat,2023,4.966
btn,sex_t,age_ythadult_yge25,geo_cov_nat,2024,1.796
btn,sex_t,age_ythadult_yge25,geo_cov_rur,2023,4.103
btn,sex_t,age_ythadult_yge25,geo_cov_rur,2024,1.02
btn,sex_t,age_ythadult_yge25,geo_cov_urb,2023,6.582
btn,sex_t,age_ythadult_yge25,geo_cov_urb,2024,3.323
bwa,sex_f,age_aggregate_total,geo_cov_nat,2009,26.626
bwa,sex_f,age_aggregate_total,geo_cov_rur,2009,27.284
bwa,sex_f,age_aggregate_total,geo_cov_urb,2009,26.214
bwa,sex_f,age_aggregate_y15_24,geo_cov_nat,2009,50.889
bwa,sex_f,age_aggregate_y15_24,geo_cov_rur,2009,51.099
bwa,sex_f,age_aggregate_y15_24,geo_cov_urb,2009,50.763
bwa,sex_f,age_aggregate_y25_54,geo_cov_nat,2009,22.406
bwa,sex_f,age_aggregate_y25_54,geo_cov_rur,2009,25.34
bwa,sex_f,age_aggregate_y25_54,geo_cov_urb,2009,20.823
bwa,sex_f,age_aggregate_y55_64,geo_cov_nat,2009,13.97
bwa,sex_f,age_aggregate_y55_64,geo_cov_rur,2009,13.288
bwa,sex_f,age_aggregate_y55_64,geo_cov_urb,2009,15.015
bwa,sex_f,age_aggregate_yge65,geo_cov_nat,2009,4.285
bwa,sex_f,age_aggregate_yge65,geo_cov_urb,2009,10.4
bwa,sex_f,age_ythadult_y15_24,geo_cov_nat,2009,50.889
bwa,sex_f,age_ythadult_y15_24,geo_cov_rur,2009,51.099
bwa,sex_f,age_ythadult_y15_24,geo_cov_urb,2009,50.763
bwa,sex_f,age_ythadult_y15_64,geo_cov_nat,2009,27.497
bwa,sex_f,age_ythadult_y15_64,geo_cov_rur,2009,29.111
bwa,sex_f,age_ythadult_y15_64,geo_cov_urb,2009,26.534
bwa,sex_f,age_ythadult_yge15,geo_cov_nat,2009,26.626
bwa,sex_f,age_ythadult_yge15,geo_cov_rur,2009,27.284
bwa,sex_f,age_ythadult_yge15,geo_cov_urb,2009,26.214
bwa,sex_f,age_ythadult_yge25,geo_cov_nat,2009,20.837
bwa,sex_f,age_ythadult_yge25,geo_cov_rur,2009,21.774
bwa,sex_f,age_ythadult_yge25,geo_cov_urb,2009,20.244
bwa,sex_m,age_aggregate_total,geo_cov_nat,2009,17.513
bwa,sex_m,age_aggregate_total,geo_cov_rur,2009,17.22
bwa,sex_m,age_aggregate_total,geo_cov_urb,2009,17.725
bwa,sex_m,age_aggregate_y15_24,geo_cov_nat,2009,35.577
bwa,sex_m,age_aggregate_y15_24,geo_cov_rur,2009,31.645
bwa,sex_m,age_aggregate_y15_24,geo_cov_urb,2009,39.058
bwa,sex_m,age_aggregate_y25_54,geo_cov_nat,2009,13.735
bwa,sex_m,age_aggregate_y25_54,geo_cov_rur,2009,14.703
bwa,sex_m,age_aggregate_y25_54,geo_cov_urb,2009,13.188
bwa,sex_m,age_aggregate_y55_64,geo_cov_nat,2009,9.871
bwa,sex_m,age_aggregate_y55_64,geo_cov_rur,2009,9.965
bwa,sex_m,age_aggregate_y55_64,geo_cov_urb,2009,9.74
bwa,sex_m,age_aggregate_yge65,geo_cov_nat,2009,6.269
bwa,sex_m,age_aggregate_yge65,geo_cov_rur,2009,5.042
bwa,sex_m,age_aggregate_yge65,geo_cov_urb,2009,9.734
bwa,sex_m,age_ythadult_y15_24,geo_cov_nat,2009,35.577
bwa,sex_m,age_ythadult_y15_24,geo_cov_rur,2009,31.645
bwa,sex_m,age_ythadult_y15_24,geo_cov_urb,2009,39.058
bwa,sex_m,age_ythadult_y15_64,geo_cov_nat,2009,18.076
bwa,sex_m,age_ythadult_y15_64,geo_cov_rur,2009,18.336
bwa,sex_m,age_ythadult_y15_64,geo_cov_urb,2009,17.9
bwa,sex_m,age_ythadult_yge15,geo_cov_nat,2009,17.513
bwa,sex_m,age_ythadult_yge15,geo_cov_rur,2009,17.22
bwa,sex_m,age_ythadult_yge15,geo_cov_urb,2009,17.725
bwa,sex_m,age_ythadult_yge25,geo_cov_nat,2009,12.891
bwa,sex_m,age_ythadult_yge25,geo_cov_rur,2009,12.955
bwa,sex_m,age_ythadult_yge25,geo_cov_urb,2009,12.848
bwa,sex_t,age_aggregate_total,geo_cov_nat,2009,21.976
bwa,sex_t,age_aggregate_total,geo_cov_rur,2009,21.934
bwa,sex_t,age_aggregate_total,geo_cov_urb,2009,22.003
bwa,sex_t,age_aggregate_y15_24,geo_cov_nat,2009,42.861
bwa,sex_t,age_aggregate_y15_24,geo_cov_rur,2009,39.825
bwa,sex_t,age_aggregate_y15_24,geo_cov_urb,2009,45.104
bwa,sex_t,age_aggregate_y25_54,geo_cov_nat,2009,18.087
bwa,sex_t,age_aggregate_y25_54,geo_cov_rur,2009,19.961
bwa,sex_t,age_aggregate_y25_54,geo_cov_urb,2009,17.052
bwa,sex_t,age_aggregate_y55_64,geo_cov_nat,2009,11.714
bwa,sex_t,age_aggregate_y55_64,geo_cov_rur,2009,11.49
bwa,sex_t,age_aggregate_y55_64,geo_cov_urb,2009,12.04
bwa,sex_t,age_aggregate_yge65,geo_cov_nat,2009,5.415
bwa,sex_t,age_aggregate_yge65,geo_cov_rur,2009,3.531
bwa,sex_t,age_aggregate_yge65,geo_cov_urb,2009,10.057
bwa,sex_t,age_ythadult_y15_24,geo_cov_nat,2009,42.861
bwa,sex_t,age_ythadult_y15_24,geo_cov_rur,2009,39.825
bwa,sex_t,age_ythadult_y15_24,geo_cov_urb,2009,45.104
bwa,sex_t,age_ythadult_y15_64,geo_cov_nat,2009,22.714
bwa,sex_t,age_ythadult_y15_64,geo_cov_rur,2009,23.436
bwa,sex_t,age_ythadult_y15_64,geo_cov_urb,2009,22.255
bwa,sex_t,age_ythadult_yge15,geo_cov_nat,2009,21.976
bwa,sex_t,age_ythadult_yge15,geo_cov_rur,2009,21.934
bwa,sex_t,age_ythadult_yge15,geo_cov_urb,2009,22.003
bwa,sex_t,age_ythadult_yge25,geo_cov_nat,2009,16.81
bwa,sex_t,age_ythadult_yge25,geo_cov_rur,2009,17.198
bwa,sex_t,age_ythadult_yge25,geo_cov_urb,2009,16.554
che,sex_f,age_aggregate_total,geo_cov_nat,2010,11.077
che,sex_f,age_aggregate_total,geo_cov_nat,2011,10.034
che,sex_f,age_aggregate_total,geo_cov_nat,2012,10.324
che,sex_f,age_aggregate_total,geo_cov_nat,2013,10.594
che,sex_f,age_aggregate_total,geo_cov_nat,2014,10.528
che,sex_f,age_aggregate_total,geo_cov_nat,2015,10.94
che,sex_f,age_aggregate_total,geo_cov_nat,2016,10.876
che,sex_f,age_aggregate_total,geo_cov_nat,2017,11.187
che,sex_f,age_aggregate_total,geo_cov_nat,2018,10.626
che,sex_f,age_aggregate_total,geo_cov_nat,2019,10.307
che,sex_f,age_aggregate_total,geo_cov_nat,2020,10.884
che,sex_f,age_aggregate_total,geo_cov_nat,2021,10.411
che,sex_f,age_aggregate_total,geo_cov_nat,2022,9.62
che,sex_f,age_aggregate_total,geo_cov_nat,2023,9.29
che,sex_f,age_aggregate_total,geo_cov_nat,2024,9.185
che,sex_f,age_aggregate_total,geo_cov_rur,2010,9.478
che,sex_f,age_aggregate_total,geo_cov_rur,2011,9.296
che,sex_f,age_aggregate_total,geo_cov_rur,2012,8.595
che,sex_f,age_aggregate_total,geo_cov_rur,2013,8.971
che,sex_f,age_aggregate_total,geo_cov_rur,2014,9.437
che,sex_f,age_aggregate_total,geo_cov_rur,2015,9.422
che,sex_f,age_aggregate_total,geo_cov_rur,2016,9.756
che,sex_f,age_aggregate_total,geo_cov_rur,2017,8.615
che,sex_f,age_aggregate_total,geo_cov_rur,2018,8.322
che,sex_f,age_aggregate_total,geo_cov_rur,2019,8.338
che,sex_f,age_aggregate_total,geo_cov_rur,2020,8.77
che,sex_f,age_aggregate_total,geo_cov_rur,2021,7.745
che,sex_f,age_aggregate_total,geo_cov_rur,2022,7.223
che,sex_f,age_aggregate_total,geo_cov_rur,2023,7.907
che,sex_f,age_aggregate_total,geo_cov_rur,2024,6.954
che,sex_f,age_aggregate_total,geo_cov_urb,2010,11.338
che,sex_f,age_aggregate_total,geo_cov_urb,2011,10.155
che,sex_f,age_aggregate_total,geo_cov_urb,2012,10.9
che,sex_f,age_aggregate_total,geo_cov_urb,2013,11.113
che,sex_f,age_aggregate_total,geo_cov_urb,2014,10.873
che,sex_f,age_aggregate_total,geo_cov_urb,2015,11.407
che,sex_f,age_aggregate_total,geo_cov_urb,2016,11.219
che,sex_f,age_aggregate_total,geo_cov_urb,2017,11.787
che,sex_f,age_aggregate_total,geo_cov_urb,2018,11.175
che,sex_f,age_aggregate_total,geo_cov_urb,2019,10.772
che,sex_f,age_aggregate_total,geo_cov_urb,2020,11.365
che,sex_f,age_aggregate_total,geo_cov_urb,2021,10.924
che,sex_f,age_aggregate_total,geo_cov_urb,2022,10.075
che,sex_f,age_aggregate_total,geo_cov_urb,2023,9.554
che,sex_f,age_aggregate_total,geo_cov_urb,2024,9.614
che,sex_f,age_aggregate_y15_24,geo_cov_nat,2010,18.032
che,sex_f,age_aggregate_y15_24,geo_cov_nat,2011,16.803
che,sex_f,age_aggregate_y15_24,geo_cov_nat,2012,18.175
che,sex_f,age_aggregate_y15_24,geo_cov_nat,2013,18.701
che,sex_f,age_aggregate_y15_24,geo_cov_nat,2014,17.569
che,sex_f,age_aggregate_y15_24,geo_cov_nat,2015,17.805
che,sex_f,age_aggregate_y15_24,geo_cov_nat,2016,18.49
che,sex_f,age_aggregate_y15_24,geo_cov_nat,2017,19.054
che,sex_f,age_aggregate_y15_24,geo_cov_nat,2018,17.27
che,sex_f,age_aggregate_y15_24,geo_cov_nat,2019,17.209
che,sex_f,age_aggregate_y15_24,geo_cov_nat,2020,19.127
che,sex_f,age_aggregate_y15_24,geo_cov_nat,2021,17.799
che,sex_f,age_aggregate_y15_24,geo_cov_nat,2022,16.772
che,sex_f,age_aggregate_y15_24,geo_cov_nat,2023,16.956
che,sex_f,age_aggregate_y15_24,geo_cov_nat,2024,18.528
che,sex_f,age_aggregate_y15_24,geo_cov_rur,2010,14.802
che,sex_f,age_aggregate_y15_24,geo_cov_rur,2011,15.725
che,sex_f,age_aggregate_y15_24,geo_cov_rur,2012,14.249
che,sex_f,age_aggregate_y15_24,geo_cov_rur,2013,15.727
che,sex_f,age_aggregate_y15_24,geo_cov_rur,2014,15.585
che,sex_f,age_aggregate_y15_24,geo_cov_rur,2015,15.686
che,sex_f,age_aggregate_y15_24,geo_cov_rur,2016,18.988
che,sex_f,age_aggregate_y15_24,geo_cov_rur,2017,14.479
che,sex_f,age_aggregate_y15_24,geo_cov_rur,2018,12.984
che,sex_f,age_aggregate_y15_24,geo_cov_rur,2019,15.175
che,sex_f,age_aggregate_y15_24,geo_cov_rur,2020,16.689
che,sex_f,age_aggregate_y15_24,geo_cov_rur,2021,10.426
che,sex_f,age_aggregate_y15_24,geo_cov_rur,2022,9.716
che,sex_f,age_aggregate_y15_24,geo_cov_rur,2023,9.715
che,sex_f,age_aggregate_y15_24,geo_cov_rur,2024,10.935
che,sex_f,age_aggregate_y15_24,geo_cov_urb,2010,18.648
che,sex_f,age_aggregate_y15_24,geo_cov_urb,2011,16.989
che,sex_f,age_aggregate_y15_24,geo_cov_urb,2012,19.714
che,sex_f,age_aggregate_y15_24,geo_cov_urb,2013,19.756
che,sex_f,age_aggregate_y15_24,geo_cov_urb,2014,18.24
che,sex_f,age_aggregate_y15_24,geo_cov_urb,2015,18.506
che,sex_f,age_aggregate_y15_24,geo_cov_urb,2016,18.316
che,sex_f,age_aggregate_y15_24,geo_cov_urb,2017,20.266
che,sex_f,age_aggregate_y15_24,geo_cov_urb,2018,18.317
che,sex_f,age_aggregate_y15_24,geo_cov_urb,2019,17.753
che,sex_f,age_aggregate_y15_24,geo_cov_urb,2020,19.78
che,sex_f,age_aggregate_y15_24,geo_cov_urb,2021,19.334
che,sex_f,age_aggregate_y15_24,geo_cov_urb,2022,18.208
che,sex_f,age_aggregate_y15_24,geo_cov_urb,2023,18.434
che,sex_f,age_aggregate_y15_24,geo_cov_urb,2024,20.261
che,sex_f,age_aggregate_y25_54,geo_cov_nat,2010,8.721
che,sex_f,age_aggregate_y25_54,geo_cov_nat,2011,7.774
che,sex_f,age_aggregate_y25_54,geo_cov_nat,2012,7.962
che,sex_f,age_aggregate_y25_54,geo_cov_nat,2013,8.222
che,sex_f,age_aggregate_y25_54,geo_cov_nat,2014,8.212
che,sex_f,age_aggregate_y25_54,geo_cov_nat,2015,8.575
che,sex_f,age_aggregate_y25_54,geo_cov_nat,2016,8.423
che,sex_f,age_aggregate_y25_54,geo_cov_nat,2017,8.765
che,sex_f,age_aggregate_y25_54,geo_cov_nat,2018,8.719
che,sex_f,age_aggregate_y25_54,geo_cov_nat,2019,7.984
che,sex_f,age_aggregate_y25_54,geo_cov_nat,2020,8.569
che,sex_f,age_aggregate_y25_54,geo_cov_nat,2021,8.554
che,sex_f,age_aggregate_y25_54,geo_cov_nat,2022,8.144
che,sex_f,age_aggregate_y25_54,geo_cov_nat,2023,7.599
che,sex_f,age_aggregate_y25_54,geo_cov_nat,2024,7.342
che,sex_f,age_aggregate_y25_54,geo_cov_rur,2010,7.242
che,sex_f,age_aggregate_y25_54,geo_cov_rur,2011,7.22
che,sex_f,age_aggregate_y25_54,geo_cov_rur,2012,6.627
che,sex_f,age_aggregate_y25_54,geo_cov_rur,2013,6.872
che,sex_f,age_aggregate_y25_54,geo_cov_rur,2014,7.217
che,sex_f,age_aggregate_y25_54,geo_cov_rur,2015,7.187
che,sex_f,age_aggregate_y25_54,geo_cov_rur,2016,6.924
che,sex_f,age_aggregate_y25_54,geo_cov_rur,2017,6.202
che,sex_f,age_aggregate_y25_54,geo_cov_rur,2018,6.799
che,sex_f,age_aggregate_y25_54,geo_cov_rur,2019,5.994
che,sex_f,age_aggregate_y25_54,geo_cov_rur,2020,5.964
che,sex_f,age_aggregate_y25_54,geo_cov_rur,2021,6.269
che,sex_f,age_aggregate_y25_54,geo_cov_rur,2022,5.26
che,sex_f,age_aggregate_y25_54,geo_cov_rur,2023,6.089
che,sex_f,age_aggregate_y25_54,geo_cov_rur,2024,6.052
che,sex_f,age_aggregate_y25_54,geo_cov_urb,2010,8.956
che,sex_f,age_aggregate_y25_54,geo_cov_urb,2011,7.863
che,sex_f,age_aggregate_y25_54,geo_cov_urb,2012,8.391
che,sex_f,age_aggregate_y25_54,geo_cov_urb,2013,8.645
che,sex_f,age_aggregate_y25_54,geo_cov_urb,2014,8.516
che,sex_f,age_aggregate_y25_54,geo_cov_urb,2015,8.982
che,sex_f,age_aggregate_y25_54,geo_cov_urb,2016,8.862
che,sex_f,age_aggregate_y25_54,geo_cov_urb,2017,9.337
che,sex_f,age_aggregate_y25_54,geo_cov_urb,2018,9.159
che,sex_f,age_aggregate_y25_54,geo_cov_urb,2019,8.425
che,sex_f,age_aggregate_y25_54,geo_cov_urb,2020,9.116
che,sex_f,age_aggregate_y25_54,geo_cov_urb,2021,8.958
che,sex_f,age_aggregate_y25_54,geo_cov_urb,2022,8.665
che,sex_f,age_aggregate_y25_54,geo_cov_urb,2023,7.868
che,sex_f,age_aggregate_y25_54,geo_cov_urb,2024,7.566
che,sex_f,age_aggregate_y55_64,geo_cov_nat,2010,10.371
che,sex_f,age_aggregate_y55_64,geo_cov_nat,2011,9.746
che,sex_f,age_aggregate_y55_64,geo_cov_nat,2012,9.23
che,sex_f,age_aggregate_y55_64,geo_cov_nat,2013,8.981
che,sex_f,age_aggregate_y55_64,geo_cov_nat,2014,9.609
che,sex_f,age_aggregate_y55_64,geo_cov_nat,2015,9.865
che,sex_f,age_aggregate_y55_64,geo_cov_nat,2016,9.363
che,sex_f,age_aggregate_y55_64,geo_cov_nat,2017,9.743
che,sex_f,age_aggregate_y55_64,geo_cov_nat,2018,9.24
che,sex_f,age_aggregate_y55_64,geo_cov_nat,2019,10.136
che,sex_f,age_aggregate_y55_64,geo_cov_nat,2020,8.739
che,sex_f,age_aggregate_y55_64,geo_cov_nat,2021,9.157
che,sex_f,age_aggregate_y55_64,geo_cov_nat,2022,7.815
che,sex_f,age_aggregate_y55_64,geo_cov_nat,2023,8.009
che,sex_f,age_aggregate_y55_64,geo_cov_nat,2024,7.392
che,sex_f,age_aggregate_y55_64,geo_cov_rur,2010,9.821
che,sex_f,age_aggregate_y55_64,geo_cov_rur,2011,9.649
che,sex_f,age_aggregate_y55_64,geo_cov_rur,2012,7.455
che,sex_f,age_aggregate_y55_64,geo_cov_rur,2013,7.064
che,sex_f,age_aggregate_y55_64,geo_cov_rur,2014,7.585
che,sex_f,age_aggregate_y55_64,geo_cov_rur,2015,7.525
che,sex_f,age_aggregate_y55_64,geo_cov_rur,2016,8.553
che,sex_f,age_aggregate_y55_64,geo_cov_rur,2017,8.273
che,sex_f,age_aggregate_y55_64,geo_cov_rur,2018,7.253
che,sex_f,age_aggregate_y55_64,geo_cov_rur,2019,8.032
che,sex_f,age_aggregate_y55_64,geo_cov_rur,2020,7.341
che,sex_f,age_aggregate_y55_64,geo_cov_rur,2021,7.154
che,sex_f,age_aggregate_y55_64,geo_cov_rur,2022,9.173
che,sex_f,age_aggregate_y55_64,geo_cov_rur,2023,9.99
che,sex_f,age_aggregate_y55_64,geo_cov_rur,2024,4.684
che,sex_f,age_aggregate_y55_64,geo_cov_urb,2010,10.457
che,sex_f,age_aggregate_y55_64,geo_cov_urb,2011,9.761
che,sex_f,age_aggregate_y55_64,geo_cov_urb,2012,9.823
che,sex_f,age_aggregate_y55_64,geo_cov_urb,2013,9.6
che,sex_f,age_aggregate_y55_64,geo_cov_urb,2014,10.29
che,sex_f,age_aggregate_y55_64,geo_cov_urb,2015,10.661
che,sex_f,age_aggregate_y55_64,geo_cov_urb,2016,9.631
che,sex_f,age_aggregate_y55_64,geo_cov_urb,2017,10.118
che,sex_f,age_aggregate_y55_64,geo_cov_urb,2018,9.778
che,sex_f,age_aggregate_y55_64,geo_cov_urb,2019,10.686
che,sex_f,age_aggregate_y55_64,geo_cov_urb,2020,9.09
che,sex_f,age_aggregate_y55_64,geo_cov_urb,2021,9.608
che,sex_f,age_aggregate_y55_64,geo_cov_urb,2022,7.53
che,sex_f,age_aggregate_y55_64,geo_cov_urb,2023,7.565
che,sex_f,age_aggregate_y55_64,geo_cov_urb,2024,8.017
che,sex_f,age_aggregate_yge65,geo_cov_nat,2010,29.883
che,sex_f,age_aggregate_yge65,geo_cov_nat,2011,27.052
che,sex_f,age_aggregate_yge65,geo_cov_nat,2012,27.445
che,sex_f,age_aggregate_yge65,geo_cov_nat,2013,27.265
che,sex_f,age_aggregate_yge65,geo_cov_nat,2014,27.403
che,sex_f,age_aggregate_yge65,geo_cov_nat,2015,29.31
che,sex_f,age_aggregate_yge65,geo_cov_nat,2016,29.34
che,sex_f,age_aggregate_yge65,geo_cov_nat,2017,28.625
che,sex_f,age_aggregate_yge65,geo_cov_nat,2018,25.044
che,sex_f,age_aggregate_yge65,geo_cov_nat,2019,26.499
che,sex_f,age_aggregate_yge65,geo_cov_nat,2020,31.434
che,sex_f,age_aggregate_yge65,geo_cov_nat,2021,23.923
che,sex_f,age_aggregate_yge65,geo_cov_nat,2022,21.213
che,sex_f,age_aggregate_yge65,geo_cov_nat,2023,19.291
che,sex_f,age_aggregate_yge65,geo_cov_nat,2024,17.997
che,sex_f,age_aggregate_yge65,geo_cov_rur,2010,26.508
che,sex_f,age_aggregate_yge65,geo_cov_rur,2011,17.255
che,sex_f,age_aggregate_yge65,geo_cov_rur,2012,25.13
che,sex_f,age_aggregate_yge65,geo_cov_rur,2013,25.709
che,sex_f,age_aggregate_yge65,geo_cov_rur,2014,29.174
che,sex_f,age_aggregate_yge65,geo_cov_rur,2015,27.806
che,sex_f,age_aggregate_yge65,geo_cov_rur,2016,23.662
che,sex_f,age_aggregate_yge65,geo_cov_rur,2017,26.312
che,sex_f,age_aggregate_yge65,geo_cov_rur,2018,20.964
che,sex_f,age_aggregate_yge65,geo_cov_rur,2020,25.584
che,sex_f,age_aggregate_yge65,geo_cov_rur,2021,21.178
che,sex_f,age_aggregate_yge65,geo_cov_rur,2022,21.359
che,sex_f,age_aggregate_yge65,geo_cov_rur,2023,18.702
che,sex_f,age_aggregate_yge65,geo_cov_rur,2024,16.427
che,sex_f,age_aggregate_yge65,geo_cov_urb,2010,30.355
che,sex_f,age_aggregate_yge65,geo_cov_urb,2011,28.916
che,sex_f,age_aggregate_yge65,geo_cov_urb,2012,28.124
che,sex_f,age_aggregate_yge65,geo_cov_urb,2013,27.721
che,sex_f,age_aggregate_yge65,geo_cov_urb,2014,26.82
che,sex_f,age_aggregate_yge65,geo_cov_urb,2015,29.81
che,sex_f,age_aggregate_yge65,geo_cov_urb,2016,30.924
che,sex_f,age_aggregate_yge65,geo_cov_urb,2017,29.118
che,sex_f,age_aggregate_yge65,geo_cov_urb,2018,26.039
che,sex_f,age_aggregate_yge65,geo_cov_urb,2019,28.186
che,sex_f,age_aggregate_yge65,geo_cov_urb,2020,33.148
che,sex_f,age_aggregate_yge65,geo_cov_urb,2021,24.653
che,sex_f,age_aggregate_yge65,geo_cov_urb,2022,21.183
che,sex_f,age_aggregate_yge65,geo_cov_urb,2023,19.412
che,sex_f,age_aggregate_yge65,geo_cov_urb,2024,18.358
che,sex_f,age_ythadult_y15_24,geo_cov_nat,2010,18.032
che,sex_f,age_ythadult_y15_24,geo_cov_nat,2011,16.803
che,sex_f,age_ythadult_y15_24,geo_cov_nat,2012,18.175
che,sex_f,age_ythadult_y15_24,geo_cov_nat,2013,18.701
che,sex_f,age_ythadult_y15_24,geo_cov_nat,2014,17.569
che,sex_f,age_ythadult_y15_24,geo_cov_nat,2015,17.805
che,sex_f,age_ythadult_y15_24,geo_cov_nat,2016,18.49
che,sex_f,age_ythadult_y15_24,geo_cov_nat,2017,19.054
che,sex_f,age_ythadult_y15_24,geo_cov_nat,2018,17.27
che,sex_f,age_ythadult_y15_24,geo_cov_nat,2019,17.209
che,sex_f,age_ythadult_y15_24,geo_cov_nat,2020,19.127
che,sex_f,age_ythadult_y15_24,geo_cov_nat,2021,17.799
che,sex_f,age_ythadult_y15_24,geo_cov_nat,2022,16.772
che,sex_f,age_ythadult_y15_24,geo_cov_nat,2023,16.956
che,sex_f,age_ythadult_y15_24,geo_cov_nat,2024,18.528
che,sex_f,age_ythadult_y15_24,geo_cov_rur,2010,14.802
che,sex_f,age_ythadult_y15_24,geo_cov_rur,2011,15.725
che,sex_f,age_ythadult_y15_24,geo_cov_rur,2012,14.249
che,sex_f,age_ythadult_y15_24,geo_cov_rur,2013,15.727
che,sex_f,age_ythadult_y15_24,geo_cov_rur,2014,15.585
che,sex_f,age_ythadult_y15_24,geo_cov_rur,2015,15.686
che,sex_f,age_ythadult_y15_24,geo_cov_rur,2016,18.988
che,sex_f,age_ythadult_y15_24,geo_cov_rur,2017,14.479
che,sex_f,age_ythadult_y15_24,geo_cov_rur,2018,12.984
che,sex_f,age_ythadult_y15_24,geo_cov_rur,2019,15.175
che,sex_f,age_ythadult_y15_24,geo_cov_rur,2020,16.689
che,sex_f,age_ythadult_y15_24,geo_cov_rur,2021,10.426
che,sex_f,age_ythadult_y15_24,geo_cov_rur,2022,9.716
che,sex_f,age_ythadult_y15_24,geo_cov_rur,2023,9.715
che,sex_f,age_ythadult_y15_24,geo_cov_rur,2024,10.935
che,sex_f,age_ythadult_y15_24,geo_cov_urb,2010,18.648
che,sex_f,age_ythadult_y15_24,geo_cov_urb,2011,16.989
che,sex_f,age_ythadult_y15_24,geo_cov_urb,2012,19.714
che,sex_f,age_ythadult_y15_24,geo_cov_urb,2013,19.756
che,sex_f,age_ythadult_y15_24,geo_cov_urb,2014,18.24
che,sex_f,age_ythadult_y15_24,geo_cov_urb,2015,18.506
che,sex_f,age_ythadult_y15_24,geo_cov_urb,2016,18.316
che,sex_f,age_ythadult_y15_24,geo_cov_urb,2017,20.266
che,sex_f,age_ythadult_y15_24,geo_cov_urb,2018,18.317
che,sex_f,age_ythadult_y15_24,geo_cov_urb,2019,17.753
che,sex_f,age_ythadult_y15_24,geo_cov_urb,2020,19.78
che,sex_f,age_ythadult_y15_24,geo_cov_urb,2021,19.334
che,sex_f,age_ythadult_y15_24,geo_cov_urb,2022,18.208
che,sex_f,age_ythadult_y15_24,geo_cov_urb,2023,18.434
che,sex_f,age_ythadult_y15_24,geo_cov_urb,2024,20.261
che,sex_f,age_ythadult_y15_64,geo_cov_nat,2010,10.476
che,sex_f,age_ythadult_y15_64,geo_cov_nat,2011,9.518
che,sex_f,age_ythadult_y15_64,geo_cov_nat,2012,9.758
che,sex_f,age_ythadult_y15_64,geo_cov_nat,2013,9.984
che,sex_f,age_ythadult_y15_64,geo_cov_nat,2014,9.857
che,sex_f,age_ythadult_y15_64,geo_cov_nat,2015,10.18
che,sex_f,age_ythadult_y15_64,geo_cov_nat,2016,10.095
che,sex_f,age_ythadult_y15_64,geo_cov_nat,2017,10.44
che,sex_f,age_ythadult_y15_64,geo_cov_nat,2018,10.018
che,sex_f,age_ythadult_y15_64,geo_cov_nat,2019,9.625
che,sex_f,age_ythadult_y15_64,geo_cov_nat,2020,10.016
che,sex_f,age_ythadult_y15_64,geo_cov_nat,2021,9.881
che,sex_f,age_ythadult_y15_64,geo_cov_nat,2022,9.212
che,sex_f,age_ythadult_y15_64,geo_cov_nat,2023,8.89
che,sex_f,age_ythadult_y15_64,geo_cov_nat,2024,8.807
che,sex_f,age_ythadult_y15_64,geo_cov_rur,2010,9.003
che,sex_f,age_ythadult_y15_64,geo_cov_rur,2011,9.02
che,sex_f,age_ythadult_y15_64,geo_cov_rur,2012,8.1
che,sex_f,age_ythadult_y15_64,geo_cov_rur,2013,8.401
che,sex_f,age_ythadult_y15_64,geo_cov_rur,2014,8.626
che,sex_f,age_ythadult_y15_64,geo_cov_rur,2015,8.613
che,sex_f,age_ythadult_y15_64,geo_cov_rur,2016,9.21
che,sex_f,age_ythadult_y15_64,geo_cov_rur,2017,7.913
che,sex_f,age_ythadult_y15_64,geo_cov_rur,2018,7.779
che,sex_f,age_ythadult_y15_64,geo_cov_rur,2019,7.782
che,sex_f,age_ythadult_y15_64,geo_cov_rur,2020,7.892
che,sex_f,age_ythadult_y15_64,geo_cov_rur,2021,7.049
che,sex_f,age_ythadult_y15_64,geo_cov_rur,2022,6.68
che,sex_f,age_ythadult_y15_64,geo_cov_rur,2023,7.444
che,sex_f,age_ythadult_y15_64,geo_cov_rur,2024,6.479
che,sex_f,age_ythadult_y15_64,geo_cov_urb,2010,10.717
che,sex_f,age_ythadult_y15_64,geo_cov_urb,2011,9.599
che,sex_f,age_ythadult_y15_64,geo_cov_urb,2012,10.312
che,sex_f,age_ythadult_y15_64,geo_cov_urb,2013,10.492
che,sex_f,age_ythadult_y15_64,geo_cov_urb,2014,10.245
che,sex_f,age_ythadult_y15_64,geo_cov_urb,2015,10.661
che,sex_f,age_ythadult_y15_64,geo_cov_urb,2016,10.367
che,sex_f,age_ythadult_y15_64,geo_cov_urb,2017,11.032
che,sex_f,age_ythadult_y15_64,geo_cov_urb,2018,10.551
che,sex_f,age_ythadult_y15_64,geo_cov_urb,2019,10.058
che,sex_f,age_ythadult_y15_64,geo_cov_urb,2020,10.493
che,sex_f,age_ythadult_y15_64,geo_cov_urb,2021,10.418
che,sex_f,age_ythadult_y15_64,geo_cov_urb,2022,9.69
che,sex_f,age_ythadult_y15_64,geo_cov_urb,2023,9.164
che,sex_f,age_ythadult_y15_64,geo_cov_urb,2024,9.25
che,sex_f,age_ythadult_yge15,geo_cov_nat,2010,11.077
che,sex_f,age_ythadult_yge15,geo_cov_nat,2011,10.034
che,sex_f,age_ythadult_yge15,geo_cov_nat,2012,10.324
che,sex_f,age_ythadult_yge15,geo_cov_nat,2013,10.594
che,sex_f,age_ythadult_yge15,geo_cov_nat,2014,10.528
che,sex_f,age_ythadult_yge15,geo_cov_nat,2015,10.94
che,sex_f,age_ythadult_yge15,geo_cov_nat,2016,10.876
che,sex_f,age_ythadult_yge15,geo_cov_nat,2017,11.187
che,sex_f,age_ythadult_yge15,geo_cov_nat,2018,10.626
che,sex_f,age_ythadult_yge15,geo_cov_nat,2019,10.307
che,sex_f,age_ythadult_yge15,geo_cov_nat,2020,10.884
che,sex_f,age_ythadult_yge15,geo_cov_nat,2021,10.411
che,sex_f,age_ythadult_yge15,geo_cov_nat,2022,9.62
che,sex_f,age_ythadult_yge15,geo_cov_nat,2023,9.29
che,sex_f,age_ythadult_yge15,geo_cov_nat,2024,9.185
che,sex_f,age_ythadult_yge15,geo_cov_rur,2010,9.478
che,sex_f,age_ythadult_yge15,geo_cov_rur,2011,9.296
che,sex_f,age_ythadult_yge15,geo_cov_rur,2012,8.595
che,sex_f,age_ythadult_yge15,geo_cov_rur,2013,8.971
che,sex_f,age_ythadult_yge15,geo_cov_rur,2014,9.437
che,sex_f,age_ythadult_yge15,geo_cov_rur,2015,9.422
che,sex_f,age_ythadult_yge15,geo_cov_rur,2016,9.756
che,sex_f,age_ythadult_yge15,geo_cov_rur,2017,8.615
che,sex_f,age_ythadult_yge15,geo_cov_rur,2018,8.322
che,sex_f,age_ythadult_yge15,geo_cov_rur,2019,8.338
che,sex_f,age_ythadult_yge15,geo_cov_rur,2020,8.77
che,sex_f,age_ythadult_yge15,geo_cov_rur,2021,7.745
che,sex_f,age_ythadult_yge15,geo_cov_rur,2022,7.223
che,sex_f,age_ythadult_yge15,geo_cov_rur,2023,7.907
che,sex_f,age_ythadult_yge15,geo_cov_rur,2024,6.954
che,sex_f,age_ythadult_yge15,geo_cov_urb,2010,11.338
che,sex_f,age_ythadult_yge15,geo_cov_urb,2011,10.155
che,sex_f,age_ythadult_yge15,geo_cov_urb,2012,10.9
che,sex_f,age_ythadult_yge15,geo_cov_urb,2013,11.113
che,sex_f,age_ythadult_yge15,geo_cov_urb,2014,10.873
che,sex_f,age_ythadult_yge15,geo_cov_urb,2015,11.407
che,sex_f,age_ythadult_yge15,geo_cov_urb,2016,11.219
che,sex_f,age_ythadult_yge15,geo_cov_urb,2017,11.787
che,sex_f,age_ythadult_yge15,geo_cov_urb,2018,11.175
che,sex_f,age_ythadult_yge15,geo_cov_urb,2019,10.772
che,sex_f,age_ythadult_yge15,geo_cov_urb,2020,11.365
che,sex_f,age_ythadult_yge15,geo_cov_urb,2021,10.924
che,sex_f,age_ythadult_yge15,geo_cov_urb,2022,10.075
che,sex_f,age_ythadult_yge15,geo_cov_urb,2023,9.554
che,sex_f,age_ythadult_yge15,geo_cov_urb,2024,9.614
che,sex_f,age_ythadult_yge25,geo_cov_nat,2010,9.772
che,sex_f,age_ythadult_yge25,geo_cov_nat,2011,8.777
che,sex_f,age_ythadult_yge25,geo_cov_nat,2012,8.911
che,sex_f,age_ythadult_yge25,geo_cov_nat,2013,9.143
che,sex_f,age_ythadult_yge25,geo_cov_nat,2014,9.314
che,sex_f,age_ythadult_yge25,geo_cov_nat,2015,9.768
che,sex_f,age_ythadult_yge25,geo_cov_nat,2016,9.587
che,sex_f,age_ythadult_yge25,geo_cov_nat,2017,9.897
che,sex_f,age_ythadult_yge25,geo_cov_nat,2018,9.582
che,sex_f,age_ythadult_yge25,geo_cov_nat,2019,9.265
che,sex_f,age_ythadult_yge25,geo_cov_nat,2020,9.667
che,sex_f,age_ythadult_yge25,geo_cov_nat,2021,9.341
che,sex_f,age_ythadult_yge25,geo_cov_nat,2022,8.585
che,sex_f,age_ythadult_yge25,geo_cov_nat,2023,8.2
che,sex_f,age_ythadult_yge25,geo_cov_nat,2024,7.854
che,sex_f,age_ythadult_yge25,geo_cov_rur,2010,8.303
che,sex_f,age_ythadult_yge25,geo_cov_rur,2011,8.028
che,sex_f,age_ythadult_yge25,geo_cov_rur,2012,7.42
che,sex_f,age_ythadult_yge25,geo_cov_rur,2013,7.648
che,sex_f,age_ythadult_yge25,geo_cov_rur,2014,8.31
che,sex_f,age_ythadult_yge25,geo_cov_rur,2015,8.28
che,sex_f,age_ythadult_yge25,geo_cov_rur,2016,7.998
che,sex_f,age_ythadult_yge25,geo_cov_rur,2017,7.532
che,sex_f,age_ythadult_yge25,geo_cov_rur,2018,7.572
che,sex_f,age_ythadult_yge25,geo_cov_rur,2019,7.177
che,sex_f,age_ythadult_yge25,geo_cov_rur,2020,7.408
che,sex_f,age_ythadult_yge25,geo_cov_rur,2021,7.325
che,sex_f,age_ythadult_yge25,geo_cov_rur,2022,6.836
che,sex_f,age_ythadult_yge25,geo_cov_rur,2023,7.632
che,sex_f,age_ythadult_yge25,geo_cov_rur,2024,6.285
che,sex_f,age_ythadult_yge25,geo_cov_urb,2010,10.004
che,sex_f,age_ythadult_yge25,geo_cov_urb,2011,8.898
che,sex_f,age_ythadult_yge25,geo_cov_urb,2012,9.392
che,sex_f,age_ythadult_yge25,geo_cov_urb,2013,9.613
che,sex_f,age_ythadult_yge25,geo_cov_urb,2014,9.627
che,sex_f,age_ythadult_yge25,geo_cov_urb,2015,10.22
che,sex_f,age_ythadult_yge25,geo_cov_urb,2016,10.062
che,sex_f,age_ythadult_yge25,geo_cov_urb,2017,10.437
che,sex_f,age_ythadult_yge25,geo_cov_urb,2018,10.058
che,sex_f,age_ythadult_yge25,geo_cov_urb,2019,9.748
che,sex_f,age_ythadult_yge25,geo_cov_urb,2020,10.168
che,sex_f,age_ythadult_yge25,geo_cov_urb,2021,9.724
che,sex_f,age_ythadult_yge25,geo_cov_urb,2022,8.914
che,sex_f,age_ythadult_yge25,geo_cov_urb,2023,8.307
che,sex_f,age_ythadult_yge25,geo_cov_urb,2024,8.148
che,sex_m,age_aggregate_total,geo_cov_nat,2010,7.792
che,sex_m,age_aggregate_total,geo_cov_nat,2011,7.223
che,sex_m,age_aggregate_total,geo_cov_nat,2012,7.482
che,sex_m,age_aggregate_total,geo_cov_nat,2013,8.057
che,sex_m,age_aggregate_total,geo_cov_nat,2014,8.179
che,sex_m,age_aggregate_total,geo_cov_nat,2015,8.337
che,sex_m,age_aggregate_total,geo_cov_nat,2016,8.89
che,sex_m,age_aggregate_total,geo_cov_nat,2017,8.211
che,sex_m,age_aggregate_total,geo_cov_nat,2018,7.883
che,sex_m,age_aggregate_total,geo_cov_nat,2019,7.652
che,sex_m,age_aggregate_total,geo_cov_nat,2020,8.288
che,sex_m,age_aggregate_total,geo_cov_nat,2021,8.17
che,sex_m,age_aggregate_total,geo_cov_nat,2022,7.074
che,sex_m,age_aggregate_total,geo_cov_nat,2023,7.11
che,sex_m,age_aggregate_total,geo_cov_nat,2024,7.48
che,sex_m,age_aggregate_total,geo_cov_rur,2010,5.072
che,sex_m,age_aggregate_total,geo_cov_rur,2011,5.418
che,sex_m,age_aggregate_total,geo_cov_rur,2012,5.737
che,sex_m,age_aggregate_total,geo_cov_rur,2013,5.853
che,sex_m,age_aggregate_total,geo_cov_rur,2014,5.663
che,sex_m,age_aggregate_total,geo_cov_rur,2015,6.266
che,sex_m,age_aggregate_total,geo_cov_rur,2016,6.636
che,sex_m,age_aggregate_total,geo_cov_rur,2017,6.782
che,sex_m,age_aggregate_total,geo_cov_rur,2018,6.545
che,sex_m,age_aggregate_total,geo_cov_rur,2019,6.41
che,sex_m,age_aggregate_total,geo_cov_rur,2020,6.434
che,sex_m,age_aggregate_total,geo_cov_rur,2021,4.683
che,sex_m,age_aggregate_total,geo_cov_rur,2022,5.095
che,sex_m,age_aggregate_total,geo_cov_rur,2023,4.752
che,sex_m,age_aggregate_total,geo_cov_rur,2024,5.614
che,sex_m,age_aggregate_total,geo_cov_urb,2010,8.271
che,sex_m,age_aggregate_total,geo_cov_urb,2011,7.536
che,sex_m,age_aggregate_total,geo_cov_urb,2012,8.06
che,sex_m,age_aggregate_total,geo_cov_urb,2013,8.77
che,sex_m,age_aggregate_total,geo_cov_urb,2014,8.972
che,sex_m,age_aggregate_total,geo_cov_urb,2015,8.983
che,sex_m,age_aggregate_total,geo_cov_urb,2016,9.589
che,sex_m,age_aggregate_total,geo_cov_urb,2017,8.545
che,sex_m,age_aggregate_total,geo_cov_urb,2018,8.2
che,sex_m,age_aggregate_total,geo_cov_urb,2019,7.947
che,sex_m,age_aggregate_total,geo_cov_urb,2020,8.712
che,sex_m,age_aggregate_total,geo_cov_urb,2021,8.835
che,sex_m,age_aggregate_total,geo_cov_urb,2022,7.458
che,sex_m,age_aggregate_total,geo_cov_urb,2023,7.57
che,sex_m,age_aggregate_total,geo_cov_urb,2024,7.84
che,sex_m,age_aggregate_y15_24,geo_cov_nat,2010,17.135
che,sex_m,age_aggregate_y15_24,geo_cov_nat,2011,16.629
che,sex_m,age_aggregate_y15_24,geo_cov_nat,2012,17.609
che,sex_m,age_aggregate_y15_24,geo_cov_nat,2013,17.736
che,sex_m,age_aggregate_y15_24,geo_cov_nat,2014,18.21
che,sex_m,age_aggregate_y15_24,geo_cov_nat,2015,19.266
che,sex_m,age_aggregate_y15_24,geo_cov_nat,2016,20.034
che,sex_m,age_aggregate_y15_24,geo_cov_nat,2017,17.526
che,sex_m,age_aggregate_y15_24,geo_cov_nat,2018,17.991
che,sex_m,age_aggregate_y15_24,geo_cov_nat,2019,19.195
che,sex_m,age_aggregate_y15_24,geo_cov_nat,2020,20.116
che,sex_m,age_aggregate_y15_24,geo_cov_nat,2021,17.632
che,sex_m,age_aggregate_y15_24,geo_cov_nat,2022,15.406
che,sex_m,age_aggregate_y15_24,geo_cov_nat,2023,16.223
che,sex_m,age_aggregate_y15_24,geo_cov_nat,2024,16.844
che,sex_m,age_aggregate_y15_24,geo_cov_rur,2010,11.561
che,sex_m,age_aggregate_y15_24,geo_cov_rur,2011,13.575
che,sex_m,age_aggregate_y15_24,geo_cov_rur,2012,14.578
che,sex_m,age_aggregate_y15_24,geo_cov_rur,2013,12.509
che,sex_m,age_aggregate_y15_24,geo_cov_rur,2014,13.096
che,sex_m,age_aggregate_y15_24,geo_cov_rur,2015,15.85
che,sex_m,age_aggregate_y15_24,geo_cov_rur,2016,15.838
che,sex_m,age_aggregate_y15_24,geo_cov_rur,2017,15.335
che,sex_m,age_aggregate_y15_24,geo_cov_rur,2018,14.568
che,sex_m,age_aggregate_y15_24,geo_cov_rur,2019,16.203
che,sex_m,age_aggregate_y15_24,geo_cov_rur,2020,16.242
che,sex_m,age_aggregate_y15_24,geo_cov_rur,2021,9.069
che,sex_m,age_aggregate_y15_24,geo_cov_rur,2022,9.506
che,sex_m,age_aggregate_y15_24,geo_cov_rur,2023,9.663
che,sex_m,age_aggregate_y15_24,geo_cov_rur,2024,8.239
che,sex_m,age_aggregate_y15_24,geo_cov_urb,2010,18.272
che,sex_m,age_aggregate_y15_24,geo_cov_urb,2011,17.27
che,sex_m,age_aggregate_y15_24,geo_cov_urb,2012,18.692
che,sex_m,age_aggregate_y15_24,geo_cov_urb,2013,19.729
che,sex_m,age_aggregate_y15_24,geo_cov_urb,2014,20.076
che,sex_m,age_aggregate_y15_24,geo_cov_urb,2015,20.479
che,sex_m,age_aggregate_y15_24,geo_cov_urb,2016,21.529
che,sex_m,age_aggregate_y15_24,geo_cov_urb,2017,18.108
che,sex_m,age_aggregate_y15_24,geo_cov_urb,2018,18.927
che,sex_m,age_aggregate_y15_24,geo_cov_urb,2019,19.978
che,sex_m,age_aggregate_y15_24,geo_cov_urb,2020,21.195
che,sex_m,age_aggregate_y15_24,geo_cov_urb,2021,19.428
che,sex_m,age_aggregate_y15_24,geo_cov_urb,2022,16.728
che,sex_m,age_aggregate_y15_24,geo_cov_urb,2023,17.657
che,sex_m,age_aggregate_y15_24,geo_cov_urb,2024,18.749
che,sex_m,age_aggregate_y25_54,geo_cov_nat,2010,5.274
che,sex_m,age_aggregate_y25_54,geo_cov_nat,2011,4.8
che,sex_m,age_aggregate_y25_54,geo_cov_nat,2012,4.953
che,sex_m,age_aggregate_y25_54,geo_cov_nat,2013,5.594
che,sex_m,age_aggregate_y25_54,geo_cov_nat,2014,5.608
che,sex_m,age_aggregate_y25_54,geo_cov_nat,2015,5.17
che,sex_m,age_aggregate_y25_54,geo_cov_nat,2016,5.945
che,sex_m,age_aggregate_y25_54,geo_cov_nat,2017,5.721
che,sex_m,age_aggregate_y25_54,geo_cov_nat,2018,5.21
che,sex_m,age_aggregate_y25_54,geo_cov_nat,2019,4.768
che,sex_m,age_aggregate_y25_54,geo_cov_nat,2020,5.453
che,sex_m,age_aggregate_y25_54,geo_cov_nat,2021,5.865
che,sex_m,age_aggregate_y25_54,geo_cov_nat,2022,5.039
che,sex_m,age_aggregate_y25_54,geo_cov_nat,2023,4.981
che,sex_m,age_aggregate_y25_54,geo_cov_nat,2024,5.472
che,sex_m,age_aggregate_y25_54,geo_cov_rur,2010,3.3
che,sex_m,age_aggregate_y25_54,geo_cov_rur,2011,3.096
che,sex_m,age_aggregate_y25_54,geo_cov_rur,2012,3.276
che,sex_m,age_aggregate_y25_54,geo_cov_rur,2013,3.71
che,sex_m,age_aggregate_y25_54,geo_cov_rur,2014,3.385
che,sex_m,age_aggregate_y25_54,geo_cov_rur,2015,2.862
che,sex_m,age_aggregate_y25_54,geo_cov_rur,2016,3.532
che,sex_m,age_aggregate_y25_54,geo_cov_rur,2017,3.75
che,sex_m,age_aggregate_y25_54,geo_cov_rur,2018,3.848
che,sex_m,age_aggregate_y25_54,geo_cov_rur,2019,3.981
che,sex_m,age_aggregate_y25_54,geo_cov_rur,2020,3.775
che,sex_m,age_aggregate_y25_54,geo_cov_rur,2021,2.996
che,sex_m,age_aggregate_y25_54,geo_cov_rur,2022,3.628
che,sex_m,age_aggregate_y25_54,geo_cov_rur,2023,3.01
che,sex_m,age_aggregate_y25_54,geo_cov_rur,2024,4.312
che,sex_m,age_aggregate_y25_54,geo_cov_urb,2010,5.607
che,sex_m,age_aggregate_y25_54,geo_cov_urb,2011,5.08
che,sex_m,age_aggregate_y25_54,geo_cov_urb,2012,5.486
che,sex_m,age_aggregate_y25_54,geo_cov_urb,2013,6.158
che,sex_m,age_aggregate_y25_54,geo_cov_urb,2014,6.266
che,sex_m,age_aggregate_y25_54,geo_cov_urb,2015,5.832
che,sex_m,age_aggregate_y25_54,geo_cov_urb,2016,6.623
che,sex_m,age_aggregate_y25_54,geo_cov_urb,2017,6.133
che,sex_m,age_aggregate_y25_54,geo_cov_urb,2018,5.502
che,sex_m,age_aggregate_y25_54,geo_cov_urb,2019,4.942
che,sex_m,age_aggregate_y25_54,geo_cov_urb,2020,5.809
che,sex_m,age_aggregate_y25_54,geo_cov_urb,2021,6.375
che,sex_m,age_aggregate_y25_54,geo_cov_urb,2022,5.295
che,sex_m,age_aggregate_y25_54,geo_cov_urb,2023,5.333
che,sex_m,age_aggregate_y25_54,geo_cov_urb,2024,5.67
che,sex_m,age_aggregate_y55_64,geo_cov_nat,2010,6.732
che,sex_m,age_aggregate_y55_64,geo_cov_nat,2011,6.164
che,sex_m,age_aggregate_y55_64,geo_cov_nat,2012,5.734
che,sex_m,age_aggregate_y55_64,geo_cov_nat,2013,6.187
che,sex_m,age_aggregate_y55_64,geo_cov_nat,2014,6.518
che,sex_m,age_aggregate_y55_64,geo_cov_nat,2015,7.874
che,sex_m,age_aggregate_y55_64,geo_cov_nat,2016,7.672
che,sex_m,age_aggregate_y55_64,geo_cov_nat,2017,6.938
che,sex_m,age_aggregate_y55_64,geo_cov_nat,2018,7.758
che,sex_m,age_aggregate_y55_64,geo_cov_nat,2019,7.3
che,sex_m,age_aggregate_y55_64,geo_cov_nat,2020,7.169
che,sex_m,age_aggregate_y55_64,geo_cov_nat,2021,7.903
che,sex_m,age_aggregate_y55_64,geo_cov_nat,2022,6.787
che,sex_m,age_aggregate_y55_64,geo_cov_nat,2023,6.066
che,sex_m,age_aggregate_y55_64,geo_cov_nat,2024,6.461
che,sex_m,age_aggregate_y55_64,geo_cov_rur,2010,2.906
che,sex_m,age_aggregate_y55_64,geo_cov_rur,2011,4.241
che,sex_m,age_aggregate_y55_64,geo_cov_rur,2012,4.66
che,sex_m,age_aggregate_y55_64,geo_cov_rur,2013,3.915
che,sex_m,age_aggregate_y55_64,geo_cov_rur,2014,3.811
che,sex_m,age_aggregate_y55_64,geo_cov_rur,2015,6.044
che,sex_m,age_aggregate_y55_64,geo_cov_rur,2016,6.114
che,sex_m,age_aggregate_y55_64,geo_cov_rur,2017,6.041
che,sex_m,age_aggregate_y55_64,geo_cov_rur,2018,6.688
che,sex_m,age_aggregate_y55_64,geo_cov_rur,2019,4.923
che,sex_m,age_aggregate_y55_64,geo_cov_rur,2020,4.216
che,sex_m,age_aggregate_y55_64,geo_cov_rur,2021,5.312
che,sex_m,age_aggregate_y55_64,geo_cov_rur,2022,4.471
che,sex_m,age_aggregate_y55_64,geo_cov_rur,2023,3.416
che,sex_m,age_aggregate_y55_64,geo_cov_rur,2024,5.37
che,sex_m,age_aggregate_y55_64,geo_cov_urb,2010,7.432
che,sex_m,age_aggregate_y55_64,geo_cov_urb,2011,6.505
che,sex_m,age_aggregate_y55_64,geo_cov_urb,2012,6.114
che,sex_m,age_aggregate_y55_64,geo_cov_urb,2013,7.015
che,sex_m,age_aggregate_y55_64,geo_cov_urb,2014,7.449
che,sex_m,age_aggregate_y55_64,geo_cov_urb,2015,8.541
che,sex_m,age_aggregate_y55_64,geo_cov_urb,2016,8.257
che,sex_m,age_aggregate_y55_64,geo_cov_urb,2017,7.197
che,sex_m,age_aggregate_y55_64,geo_cov_urb,2018,8.048
che,sex_m,age_aggregate_y55_64,geo_cov_urb,2019,7.928
che,sex_m,age_aggregate_y55_64,geo_cov_urb,2020,7.882
che,sex_m,age_aggregate_y55_64,geo_cov_urb,2021,8.475
che,sex_m,age_aggregate_y55_64,geo_cov_urb,2022,7.276
che,sex_m,age_aggregate_y55_64,geo_cov_urb,2023,6.649
che,sex_m,age_aggregate_y55_64,geo_cov_urb,2024,6.709
che,sex_m,age_aggregate_yge65,geo_cov_nat,2010,20.675
che,sex_m,age_aggregate_yge65,geo_cov_nat,2011,17.785
che,sex_m,age_aggregate_yge65,geo_cov_nat,2012,19.615
che,sex_m,age_aggregate_yge65,geo_cov_nat,2013,20.85
che,sex_m,age_aggregate_yge65,geo_cov_nat,2014,20.281
che,sex_m,age_aggregate_yge65,geo_cov_nat,2015,22.55
che,sex_m,age_aggregate_yge65,geo_cov_nat,2016,20.783
che,sex_m,age_aggregate_yge65,geo_cov_nat,2017,19.922
che,sex_m,age_aggregate_yge65,geo_cov_nat,2018,17.06
che,sex_m,age_aggregate_yge65,geo_cov_nat,2019,17.909
che,sex_m,age_aggregate_yge65,geo_cov_nat,2020,19.795
che,sex_m,age_aggregate_yge65,geo_cov_nat,2021,15.672
che,sex_m,age_aggregate_yge65,geo_cov_nat,2022,14.198
che,sex_m,age_aggregate_yge65,geo_cov_nat,2023,15.376
che,sex_m,age_aggregate_yge65,geo_cov_nat,2024,14.029
che,sex_m,age_aggregate_yge65,geo_cov_rur,2012,14.893
che,sex_m,age_aggregate_yge65,geo_cov_rur,2013,18.443
che,sex_m,age_aggregate_yge65,geo_cov_rur,2014,17.253
che,sex_m,age_aggregate_yge65,geo_cov_rur,2015,19.16
che,sex_m,age_aggregate_yge65,geo_cov_rur,2016,16.517
che,sex_m,age_aggregate_yge65,geo_cov_rur,2017,17.762
che,sex_m,age_aggregate_yge65,geo_cov_rur,2018,13.065
che,sex_m,age_aggregate_yge65,geo_cov_rur,2019,14.377
che,sex_m,age_aggregate_yge65,geo_cov_rur,2020,16.485
che,sex_m,age_aggregate_yge65,geo_cov_rur,2021,10.678
che,sex_m,age_aggregate_yge65,geo_cov_rur,2022,12.78
che,sex_m,age_aggregate_yge65,geo_cov_rur,2023,14.876
che,sex_m,age_aggregate_yge65,geo_cov_rur,2024,11.987
che,sex_m,age_aggregate_yge65,geo_cov_urb,2010,21.452
che,sex_m,age_aggregate_yge65,geo_cov_urb,2011,18.756
che,sex_m,age_aggregate_yge65,geo_cov_urb,2012,21.42
che,sex_m,age_aggregate_yge65,geo_cov_urb,2013,21.746
che,sex_m,age_aggregate_yge65,geo_cov_urb,2014,21.356
che,sex_m,age_aggregate_yge65,geo_cov_urb,2015,23.826
che,sex_m,age_aggregate_yge65,geo_cov_urb,2016,22.412
che,sex_m,age_aggregate_yge65,geo_cov_urb,2017,20.582
che,sex_m,age_aggregate_yge65,geo_cov_urb,2018,18.405
che,sex_m,age_aggregate_yge65,geo_cov_urb,2019,18.942
che,sex_m,age_aggregate_yge65,geo_cov_urb,2020,20.776
che,sex_m,age_aggregate_yge65,geo_cov_urb,2021,16.691
che,sex_m,age_aggregate_yge65,geo_cov_urb,2022,14.517
che,sex_m,age_aggregate_yge65,geo_cov_urb,2023,15.502
che,sex_m,age_aggregate_yge65,geo_cov_urb,2024,14.621
che,sex_m,age_ythadult_y15_24,geo_cov_nat,2010,17.135
che,sex_m,age_ythadult_y15_24,geo_cov_nat,2011,16.629
che,sex_m,age_ythadult_y15_24,geo_cov_nat,2012,17.609
che,sex_m,age_ythadult_y15_24,geo_cov_nat,2013,17.736
che,sex_m,age_ythadult_y15_24,geo_cov_nat,2014,18.21
che,sex_m,age_ythadult_y15_24,geo_cov_nat,2015,19.266
che,sex_m,age_ythadult_y15_24,geo_cov_nat,2016,20.034
che,sex_m,age_ythadult_y15_24,geo_cov_nat,2017,17.526
che,sex_m,age_ythadult_y15_24,geo_cov_nat,2018,17.991
che,sex_m,age_ythadult_y15_24,geo_cov_nat,2019,19.195
che,sex_m,age_ythadult_y15_24,geo_cov_nat,2020,20.116
che,sex_m,age_ythadult_y15_24,geo_cov_nat,2021,17.632
che,sex_m,age_ythadult_y15_24,geo_cov_nat,2022,15.406
che,sex_m,age_ythadult_y15_24,geo_cov_nat,2023,16.223
che,sex_m,age_ythadult_y15_24,geo_cov_nat,2024,16.844
che,sex_m,age_ythadult_y15_24,geo_cov_rur,2010,11.561
che,sex_m,age_ythadult_y15_24,geo_cov_rur,2011,13.575
che,sex_m,age_ythadult_y15_24,geo_cov_rur,2012,14.578
che,sex_m,age_ythadult_y15_24,geo_cov_rur,2013,12.509
che,sex_m,age_ythadult_y15_24,geo_cov_rur,2014,13.096
che,sex_m,age_ythadult_y15_24,geo_cov_rur,2015,15.85
che,sex_m,age_ythadult_y15_24,geo_cov_rur,2016,15.838
che,sex_m,age_ythadult_y15_24,geo_cov_rur,2017,15.335
che,sex_m,age_ythadult_y15_24,geo_cov_rur,2018,14.568
che,sex_m,age_ythadult_y15_24,geo_cov_rur,2019,16.203
che,sex_m,age_ythadult_y15_24,geo_cov_rur,2020,16.242
che,sex_m,age_ythadult_y15_24,geo_cov_rur,2021,9.069
che,sex_m,age_ythadult_y15_24,geo_cov_rur,2022,9.506
che,sex_m,age_ythadult_y15_24,geo_cov_rur,2023,9.663
che,sex_m,age_ythadult_y15_24,geo_cov_rur,2024,8.239
che,sex_m,age_ythadult_y15_24,geo_cov_urb,2010,18.272
che,sex_m,age_ythadult_y15_24,geo_cov_urb,2011,17.27
che,sex_m,age_ythadult_y15_24,geo_cov_urb,2012,18.692
che,sex_m,age_ythadult_y15_24,geo_cov_urb,2013,19.729
che,sex_m,age_ythadult_y15_24,geo_cov_urb,2014,20.076
che,sex_m,age_ythadult_y15_24,geo_cov_urb,2015,20.479
che,sex_m,age_ythadult_y15_24,geo_cov_urb,2016,21.529
che,sex_m,age_ythadult_y15_24,geo_cov_urb,2017,18.108
che,sex_m,age_ythadult_y15_24,geo_cov_urb,2018,18.927
che,sex_m,age_ythadult_y15_24,geo_cov_urb,2019,19.978
che,sex_m,age_ythadult_y15_24,geo_cov_urb,2020,21.195
che,sex_m,age_ythadult_y15_24,geo_cov_urb,2021,19.428
che,sex_m,age_ythadult_y15_24,geo_cov_urb,2022,16.728
che,sex_m,age_ythadult_y15_24,geo_cov_urb,2023,17.657
che,sex_m,age_ythadult_y15_24,geo_cov_urb,2024,18.749
che,sex_m,age_ythadult_y15_64,geo_cov_nat,2010,7.293
che,sex_m,age_ythadult_y15_64,geo_cov_nat,2011,6.789
che,sex_m,age_ythadult_y15_64,geo_cov_nat,2012,6.956
che,sex_m,age_ythadult_y15_64,geo_cov_nat,2013,7.477
che,sex_m,age_ythadult_y15_64,geo_cov_nat,2014,7.586
che,sex_m,age_ythadult_y15_64,geo_cov_nat,2015,7.603
che,sex_m,age_ythadult_y15_64,geo_cov_nat,2016,8.234
che,sex_m,age_ythadult_y15_64,geo_cov_nat,2017,7.58
che,sex_m,age_ythadult_y15_64,geo_cov_nat,2018,7.402
che,sex_m,age_ythadult_y15_64,geo_cov_nat,2019,7.145
che,sex_m,age_ythadult_y15_64,geo_cov_nat,2020,7.683
che,sex_m,age_ythadult_y15_64,geo_cov_nat,2021,7.79
che,sex_m,age_ythadult_y15_64,geo_cov_nat,2022,6.728
che,sex_m,age_ythadult_y15_64,geo_cov_nat,2023,6.664
che,sex_m,age_ythadult_y15_64,geo_cov_nat,2024,7.135
che,sex_m,age_ythadult_y15_64,geo_cov_rur,2010,4.645
che,sex_m,age_ythadult_y15_64,geo_cov_rur,2011,5.127
che,sex_m,age_ythadult_y15_64,geo_cov_rur,2012,5.293
che,sex_m,age_ythadult_y15_64,geo_cov_rur,2013,5.216
che,sex_m,age_ythadult_y15_64,geo_cov_rur,2014,5.039
che,sex_m,age_ythadult_y15_64,geo_cov_rur,2015,5.493
che,sex_m,age_ythadult_y15_64,geo_cov_rur,2016,5.994
che,sex_m,age_ythadult_y15_64,geo_cov_rur,2017,6.043
che,sex_m,age_ythadult_y15_64,geo_cov_rur,2018,6.088
che,sex_m,age_ythadult_y15_64,geo_cov_rur,2019,5.94
che,sex_m,age_ythadult_y15_64,geo_cov_rur,2020,5.778
che,sex_m,age_ythadult_y15_64,geo_cov_rur,2021,4.36
che,sex_m,age_ythadult_y15_64,geo_cov_rur,2022,4.671
che,sex_m,age_ythadult_y15_64,geo_cov_rur,2023,4.067
che,sex_m,age_ythadult_y15_64,geo_cov_rur,2024,5.139
che,sex_m,age_ythadult_y15_64,geo_cov_urb,2010,7.759
che,sex_m,age_ythadult_y15_64,geo_cov_urb,2011,7.076
che,sex_m,age_ythadult_y15_64,geo_cov_urb,2012,7.503
che,sex_m,age_ythadult_y15_64,geo_cov_urb,2013,8.203
che,sex_m,age_ythadult_y15_64,geo_cov_urb,2014,8.384
che,sex_m,age_ythadult_y15_64,geo_cov_urb,2015,8.254
che,sex_m,age_ythadult_y15_64,geo_cov_urb,2016,8.92
che,sex_m,age_ythadult_y15_64,geo_cov_urb,2017,7.934
che,sex_m,age_ythadult_y15_64,geo_cov_urb,2018,7.707
che,sex_m,age_ythadult_y15_64,geo_cov_urb,2019,7.428
che,sex_m,age_ythadult_y15_64,geo_cov_urb,2020,8.112
che,sex_m,age_ythadult_y15_64,geo_cov_urb,2021,8.442
che,sex_m,age_ythadult_y15_64,geo_cov_urb,2022,7.124
che,sex_m,age_ythadult_y15_64,geo_cov_urb,2023,7.162
che,sex_m,age_ythadult_y15_64,geo_cov_urb,2024,7.511
che,sex_m,age_ythadult_yge15,geo_cov_nat,2010,7.792
che,sex_m,age_ythadult_yge15,geo_cov_nat,2011,7.223
che,sex_m,age_ythadult_yge15,geo_cov_nat,2012,7.482
che,sex_m,age_ythadult_yge15,geo_cov_nat,2013,8.057
che,sex_m,age_ythadult_yge15,geo_cov_nat,2014,8.179
che,sex_m,age_ythadult_yge15,geo_cov_nat,2015,8.337
che,sex_m,age_ythadult_yge15,geo_cov_nat,2016,8.89
che,sex_m,age_ythadult_yge15,geo_cov_nat,2017,8.211
che,sex_m,age_ythadult_yge15,geo_cov_nat,2018,7.883
che,sex_m,age_ythadult_yge15,geo_cov_nat,2019,7.652
che,sex_m,age_ythadult_yge15,geo_cov_nat,2020,8.288
che,sex_m,age_ythadult_yge15,geo_cov_nat,2021,8.17
che,sex_m,age_ythadult_yge15,geo_cov_nat,2022,7.074
che,sex_m,age_ythadult_yge15,geo_cov_nat,2023,7.11
che,sex_m,age_ythadult_yge15,geo_cov_nat,2024,7.48
che,sex_m,age_ythadult_yge15,geo_cov_rur,2010,5.072
che,sex_m,age_ythadult_yge15,geo_cov_rur,2011,5.418
che,sex_m,age_ythadult_yge15,geo_cov_rur,2012,5.737
che,sex_m,age_ythadult_yge15,geo_cov_rur,2013,5.853
che,sex_m,age_ythadult_yge15,geo_cov_rur,2014,5.663
che,sex_m,age_ythadult_yge15,geo_cov_rur,2015,6.266
che,sex_m,age_ythadult_yge15,geo_cov_rur,2016,6.636
che,sex_m,age_ythadult_yge15,geo_cov_rur,2017,6.782
che,sex_m,age_ythadult_yge15,geo_cov_rur,2018,6.545
che,sex_m,age_ythadult_yge15,geo_cov_rur,2019,6.41
che,sex_m,age_ythadult_yge15,geo_cov_rur,2020,6.434
che,sex_m,age_ythadult_yge15,geo_cov_rur,2021,4.683
che,sex_m,age_ythadult_yge15,geo_cov_rur,2022,5.095
che,sex_m,age_ythadult_yge15,geo_cov_rur,2023,4.752
che,sex_m,age_ythadult_yge15,geo_cov_rur,2024,5.614
che,sex_m,age_ythadult_yge15,geo_cov_urb,2010,8.271
che,sex_m,age_ythadult_yge15,geo_cov_urb,2011,7.536
che,sex_m,age_ythadult_yge15,geo_cov_urb,2012,8.06
che,sex_m,age_ythadult_yge15,geo_cov_urb,2013,8.77
che,sex_m,age_ythadult_yge15,geo_cov_urb,2014,8.972
che,sex_m,age_ythadult_yge15,geo_cov_urb,2015,8.983
che,sex_m,age_ythadult_yge15,geo_cov_urb,2016,9.589
che,sex_m,age_ythadult_yge15,geo_cov_urb,2017,8.545
che,sex_m,age_ythadult_yge15,geo_cov_urb,2018,8.2
che,sex_m,age_ythadult_yge15,geo_cov_urb,2019,7.947
che,sex_m,age_ythadult_yge15,geo_cov_urb,2020,8.712
che,sex_m,age_ythadult_yge15,geo_cov_urb,2021,8.835
che,sex_m,age_ythadult_yge15,geo_cov_urb,2022,7.458
che,sex_m,age_ythadult_yge15,geo_cov_urb,2023,7.57
che,sex_m,age_ythadult_yge15,geo_cov_urb,2024,7.84
che,sex_m,age_ythadult_yge25,geo_cov_nat,2010,6.206
che,sex_m,age_ythadult_yge25,geo_cov_nat,2011,5.642
che,sex_m,age_ythadult_yge25,geo_cov_nat,2012,5.803
che,sex_m,age_ythadult_yge25,geo_cov_nat,2013,6.472
che,sex_m,age_ythadult_yge25,geo_cov_nat,2014,6.567
che,sex_m,age_ythadult_yge25,geo_cov_nat,2015,6.651
che,sex_m,age_ythadult_yge25,geo_cov_nat,2016,7.161
che,sex_m,age_ythadult_yge25,geo_cov_nat,2017,6.79
che,sex_m,age_ythadult_yge25,geo_cov_nat,2018,6.391
che,sex_m,age_ythadult_yge25,geo_cov_nat,2019,5.991
che,sex_m,age_ythadult_yge25,geo_cov_nat,2020,6.625
che,sex_m,age_ythadult_yge25,geo_cov_nat,2021,6.832
che,sex_m,age_ythadult_yge25,geo_cov_nat,2022,5.897
che,sex_m,age_ythadult_yge25,geo_cov_nat,2023,5.824
che,sex_m,age_ythadult_yge25,geo_cov_nat,2024,6.175
che,sex_m,age_ythadult_yge25,geo_cov_rur,2010,3.796
che,sex_m,age_ythadult_yge25,geo_cov_rur,2011,3.759
che,sex_m,age_ythadult_yge25,geo_cov_rur,2012,4.17
che,sex_m,age_ythadult_yge25,geo_cov_rur,2013,4.595
che,sex_m,age_ythadult_yge25,geo_cov_rur,2014,4.306
che,sex_m,age_ythadult_yge25,geo_cov_rur,2015,4.609
che,sex_m,age_ythadult_yge25,geo_cov_rur,2016,5.025
che,sex_m,age_ythadult_yge25,geo_cov_rur,2017,5.313
che,sex_m,age_ythadult_yge25,geo_cov_rur,2018,5.191
che,sex_m,age_ythadult_yge25,geo_cov_rur,2019,4.863
che,sex_m,age_ythadult_yge25,geo_cov_rur,2020,4.782
che,sex_m,age_ythadult_yge25,geo_cov_rur,2021,4.003
che,sex_m,age_ythadult_yge25,geo_cov_rur,2022,4.381
che,sex_m,age_ythadult_yge25,geo_cov_rur,2023,3.979
che,sex_m,age_ythadult_yge25,geo_cov_rur,2024,5.198
che,sex_m,age_ythadult_yge25,geo_cov_urb,2010,6.619
che,sex_m,age_ythadult_yge25,geo_cov_urb,2011,5.958
che,sex_m,age_ythadult_yge25,geo_cov_urb,2012,6.337
che,sex_m,age_ythadult_yge25,geo_cov_urb,2013,7.062
che,sex_m,age_ythadult_yge25,geo_cov_urb,2014,7.263
che,sex_m,age_ythadult_yge25,geo_cov_urb,2015,7.274
che,sex_m,age_ythadult_yge25,geo_cov_urb,2016,7.809
che,sex_m,age_ythadult_yge25,geo_cov_urb,2017,7.128
che,sex_m,age_ythadult_yge25,geo_cov_urb,2018,6.668
che,sex_m,age_ythadult_yge25,geo_cov_urb,2019,6.254
che,sex_m,age_ythadult_yge25,geo_cov_urb,2020,7.034
che,sex_m,age_ythadult_yge25,geo_cov_urb,2021,7.364
che,sex_m,age_ythadult_yge25,geo_cov_urb,2022,6.185
che,sex_m,age_ythadult_yge25,geo_cov_urb,2023,6.177
che,sex_m,age_ythadult_yge25,geo_cov_urb,2024,6.359
che,sex_t,age_aggregate_total,geo_cov_nat,2010,9.32
che,sex_t,age_aggregate_total,geo_cov_nat,2011,8.529
che,sex_t,age_aggregate_total,geo_cov_nat,2012,8.808
che,sex_t,age_aggregate_total,geo_cov_nat,2013,9.244
che,sex_t,age_aggregate_total,geo_cov_nat,2014,9.283
che,sex_t,age_aggregate_total,geo_cov_nat,2015,9.565
che,sex_t,age_aggregate_total,geo_cov_nat,2016,9.825
che,sex_t,age_aggregate_total,geo_cov_nat,2017,9.615
che,sex_t,age_aggregate_total,geo_cov_nat,2018,9.179
che,sex_t,age_aggregate_total,geo_cov_nat,2019,8.912
che,sex_t,age_aggregate_total,geo_cov_nat,2020,9.518
che,sex_t,age_aggregate_total,geo_cov_nat,2021,9.232
che,sex_t,age_aggregate_total,geo_cov_nat,2022,8.28
che,sex_t,age_aggregate_total,geo_cov_nat,2023,8.141
che,sex_t,age_aggregate_total,geo_cov_nat,2024,8.29
che,sex_t,age_aggregate_total,geo_cov_rur,2010,7.048
che,sex_t,age_aggregate_total,geo_cov_rur,2011,7.171
che,sex_t,age_aggregate_total,geo_cov_rur,2012,7.073
che,sex_t,age_aggregate_total,geo_cov_rur,2013,7.306
che,sex_t,age_aggregate_total,geo_cov_rur,2014,7.437
che,sex_t,age_aggregate_total,geo_cov_rur,2015,7.746
che,sex_t,age_aggregate_total,geo_cov_rur,2016,8.098
che,sex_t,age_aggregate_total,geo_cov_rur,2017,7.646
che,sex_t,age_aggregate_total,geo_cov_rur,2018,7.386
che,sex_t,age_aggregate_total,geo_cov_rur,2019,7.323
che,sex_t,age_aggregate_total,geo_cov_rur,2020,7.538
che,sex_t,age_aggregate_total,geo_cov_rur,2021,6.139
che,sex_t,age_aggregate_total,geo_cov_rur,2022,6.092
che,sex_t,age_aggregate_total,geo_cov_rur,2023,6.229
che,sex_t,age_aggregate_total,geo_cov_rur,2024,6.249
che,sex_t,age_aggregate_total,geo_cov_urb,2010,9.705
che,sex_t,age_aggregate_total,geo_cov_urb,2011,8.758
che,sex_t,age_aggregate_total,geo_cov_urb,2012,9.384
che,sex_t,age_aggregate_total,geo_cov_urb,2013,9.868
che,sex_t,age_aggregate_total,geo_cov_urb,2014,9.865
che,sex_t,age_aggregate_total,geo_cov_urb,2015,10.128
che,sex_t,age_aggregate_total,geo_cov_urb,2016,10.358
che,sex_t,age_aggregate_total,geo_cov_urb,2017,10.075
che,sex_t,age_aggregate_total,geo_cov_urb,2018,9.604
che,sex_t,age_aggregate_total,geo_cov_urb,2019,9.288
che,sex_t,age_aggregate_total,geo_cov_urb,2020,9.97
che,sex_t,age_aggregate_total,geo_cov_urb,2021,9.825
che,sex_t,age_aggregate_total,geo_cov_urb,2022,8.7
che,sex_t,age_aggregate_total,geo_cov_urb,2023,8.51
che,sex_t,age_aggregate_total,geo_cov_urb,2024,8.683
che,sex_t,age_aggregate_y15_24,geo_cov_nat,2010,17.571
che,sex_t,age_aggregate_y15_24,geo_cov_nat,2011,16.713
che,sex_t,age_aggregate_y15_24,geo_cov_nat,2012,17.883
che,sex_t,age_aggregate_y15_24,geo_cov_nat,2013,18.206
che,sex_t,age_aggregate_y15_24,geo_cov_nat,2014,17.899
che,sex_t,age_aggregate_y15_24,geo_cov_nat,2015,18.545
che,sex_t,age_aggregate_y15_24,geo_cov_nat,2016,19.278
che,sex_t,age_aggregate_y15_24,geo_cov_nat,2017,18.271
che,sex_t,age_aggregate_y15_24,geo_cov_nat,2018,17.64
che,sex_t,age_aggregate_y15_24,geo_cov_nat,2019,18.232
che,sex_t,age_aggregate_y15_24,geo_cov_nat,2020,19.637
che,sex_t,age_aggregate_y15_24,geo_cov_nat,2021,17.712
che,sex_t,age_aggregate_y15_24,geo_cov_nat,2022,16.06
che,sex_t,age_aggregate_y15_24,geo_cov_nat,2023,16.571
che,sex_t,age_aggregate_y15_24,geo_cov_nat,2024,17.652
che,sex_t,age_aggregate_y15_24,geo_cov_rur,2010,13.092
che,sex_t,age_aggregate_y15_24,geo_cov_rur,2011,14.533
che,sex_t,age_aggregate_y15_24,geo_cov_rur,2012,14.413
che,sex_t,age_aggregate_y15_24,geo_cov_rur,2013,14.032
che,sex_t,age_aggregate_y15_24,geo_cov_rur,2014,14.268
che,sex_t,age_aggregate_y15_24,geo_cov_rur,2015,15.771
che,sex_t,age_aggregate_y15_24,geo_cov_rur,2016,17.37
che,sex_t,age_aggregate_y15_24,geo_cov_rur,2017,14.918
che,sex_t,age_aggregate_y15_24,geo_cov_rur,2018,13.834
che,sex_t,age_aggregate_y15_24,geo_cov_rur,2019,15.7
che,sex_t,age_aggregate_y15_24,geo_cov_rur,2020,16.455
che,sex_t,age_aggregate_y15_24,geo_cov_rur,2021,9.717
che,sex_t,age_aggregate_y15_24,geo_cov_rur,2022,9.603
che,sex_t,age_aggregate_y15_24,geo_cov_rur,2023,9.687
che,sex_t,age_aggregate_y15_24,geo_cov_rur,2024,9.549
che,sex_t,age_aggregate_y15_24,geo_cov_urb,2010,18.456
che,sex_t,age_aggregate_y15_24,geo_cov_urb,2011,17.132
che,sex_t,age_aggregate_y15_24,geo_cov_urb,2012,19.18
che,sex_t,age_aggregate_y15_24,geo_cov_urb,2013,19.743
che,sex_t,age_aggregate_y15_24,geo_cov_urb,2014,19.176
che,sex_t,age_aggregate_y15_24,geo_cov_urb,2015,19.496
che,sex_t,age_aggregate_y15_24,geo_cov_urb,2016,19.951
che,sex_t,age_aggregate_y15_24,geo_cov_urb,2017,19.16
che,sex_t,age_aggregate_y15_24,geo_cov_urb,2018,18.627
che,sex_t,age_aggregate_y15_24,geo_cov_urb,2019,18.902
che,sex_t,age_aggregate_y15_24,geo_cov_urb,2020,20.507
che,sex_t,age_aggregate_y15_24,geo_cov_urb,2021,19.383
che,sex_t,age_aggregate_y15_24,geo_cov_urb,2022,17.443
che,sex_t,age_aggregate_y15_24,geo_cov_urb,2023,18.028
che,sex_t,age_aggregate_y15_24,geo_cov_urb,2024,19.472
che,sex_t,age_aggregate_y25_54,geo_cov_nat,2010,6.886
che,sex_t,age_aggregate_y25_54,geo_cov_nat,2011,6.191
che,sex_t,age_aggregate_y25_54,geo_cov_nat,2012,6.368
che,sex_t,age_aggregate_y25_54,geo_cov_nat,2013,6.83
che,sex_t,age_aggregate_y25_54,geo_cov_nat,2014,6.839
che,sex_t,age_aggregate_y25_54,geo_cov_nat,2015,6.782
che,sex_t,age_aggregate_y25_54,geo_cov_nat,2016,7.117
che,sex_t,age_aggregate_y25_54,geo_cov_nat,2017,7.166
che,sex_t,age_aggregate_y25_54,geo_cov_nat,2018,6.883
che,sex_t,age_aggregate_y25_54,geo_cov_nat,2019,6.306
che,sex_t,age_aggregate_y25_54,geo_cov_nat,2020,6.944
che,sex_t,age_aggregate_y25_54,geo_cov_nat,2021,7.153
che,sex_t,age_aggregate_y25_54,geo_cov_nat,2022,6.529
che,sex_t,age_aggregate_y25_54,geo_cov_nat,2023,6.237
che,sex_t,age_aggregate_y25_54,geo_cov_nat,2024,6.369
che,sex_t,age_aggregate_y25_54,geo_cov_rur,2010,5.093
che,sex_t,age_aggregate_y25_54,geo_cov_rur,2011,5.003
che,sex_t,age_aggregate_y25_54,geo_cov_rur,2012,4.86
che,sex_t,age_aggregate_y25_54,geo_cov_rur,2013,5.225
che,sex_t,age_aggregate_y25_54,geo_cov_rur,2014,5.22
che,sex_t,age_aggregate_y25_54,geo_cov_rur,2015,4.929
che,sex_t,age_aggregate_y25_54,geo_cov_rur,2016,5.164
che,sex_t,age_aggregate_y25_54,geo_cov_rur,2017,4.947
che,sex_t,age_aggregate_y25_54,geo_cov_rur,2018,5.295
che,sex_t,age_aggregate_y25_54,geo_cov_rur,2019,4.944
che,sex_t,age_aggregate_y25_54,geo_cov_rur,2020,4.818
che,sex_t,age_aggregate_y25_54,geo_cov_rur,2021,4.559
che,sex_t,age_aggregate_y25_54,geo_cov_rur,2022,4.409
che,sex_t,age_aggregate_y25_54,geo_cov_rur,2023,4.484
che,sex_t,age_aggregate_y25_54,geo_cov_rur,2024,5.15
che,sex_t,age_aggregate_y25_54,geo_cov_urb,2010,7.18
che,sex_t,age_aggregate_y25_54,geo_cov_urb,2011,6.384
che,sex_t,age_aggregate_y25_54,geo_cov_urb,2012,6.85
che,sex_t,age_aggregate_y25_54,geo_cov_urb,2013,7.322
che,sex_t,age_aggregate_y25_54,geo_cov_urb,2014,7.326
che,sex_t,age_aggregate_y25_54,geo_cov_urb,2015,7.319
che,sex_t,age_aggregate_y25_54,geo_cov_urb,2016,7.677
che,sex_t,age_aggregate_y25_54,geo_cov_urb,2017,7.645
che,sex_t,age_aggregate_y25_54,geo_cov_urb,2018,7.234
che,sex_t,age_aggregate_y25_54,geo_cov_urb,2019,6.608
che,sex_t,age_aggregate_y25_54,geo_cov_urb,2020,7.392
che,sex_t,age_aggregate_y25_54,geo_cov_urb,2021,7.613
che,sex_t,age_aggregate_y25_54,geo_cov_urb,2022,6.912
che,sex_t,age_aggregate_y25_54,geo_cov_urb,2023,6.55
che,sex_t,age_aggregate_y25_54,geo_cov_urb,2024,6.579
che,sex_t,age_aggregate_y55_64,geo_cov_nat,2010,8.343
che,sex_t,age_aggregate_y55_64,geo_cov_nat,2011,7.758
che,sex_t,age_aggregate_y55_64,geo_cov_nat,2012,7.303
che,sex_t,age_aggregate_y55_64,geo_cov_nat,2013,7.447
che,sex_t,age_aggregate_y55_64,geo_cov_nat,2014,7.931
che,sex_t,age_aggregate_y55_64,geo_cov_nat,2015,8.79
che,sex_t,age_aggregate_y55_64,geo_cov_nat,2016,8.457
che,sex_t,age_aggregate_y55_64,geo_cov_nat,2017,8.236
che,sex_t,age_aggregate_y55_64,geo_cov_nat,2018,8.437
che,sex_t,age_aggregate_y55_64,geo_cov_nat,2019,8.611
che,sex_t,age_aggregate_y55_64,geo_cov_nat,2020,7.896
che,sex_t,age_aggregate_y55_64,geo_cov_nat,2021,8.488
che,sex_t,age_aggregate_y55_64,geo_cov_nat,2022,7.264
che,sex_t,age_aggregate_y55_64,geo_cov_nat,2023,6.97
che,sex_t,age_aggregate_y55_64,geo_cov_nat,2024,6.896
che,sex_t,age_aggregate_y55_64,geo_cov_rur,2010,5.742
che,sex_t,age_aggregate_y55_64,geo_cov_rur,2011,6.542
che,sex_t,age_aggregate_y55_64,geo_cov_rur,2012,5.884
che,sex_t,age_aggregate_y55_64,geo_cov_rur,2013,5.266
che,sex_t,age_aggregate_y55_64,geo_cov_rur,2014,5.521
che,sex_t,age_aggregate_y55_64,geo_cov_rur,2015,6.706
che,sex_t,age_aggregate_y55_64,geo_cov_rur,2016,7.19
che,sex_t,age_aggregate_y55_64,geo_cov_rur,2017,7.019
che,sex_t,age_aggregate_y55_64,geo_cov_rur,2018,6.947
che,sex_t,age_aggregate_y55_64,geo_cov_rur,2019,6.354
che,sex_t,age_aggregate_y55_64,geo_cov_rur,2020,5.69
che,sex_t,age_aggregate_y55_64,geo_cov_rur,2021,6.18
che,sex_t,age_aggregate_y55_64,geo_cov_rur,2022,6.649
che,sex_t,age_aggregate_y55_64,geo_cov_rur,2023,6.5
che,sex_t,age_aggregate_y55_64,geo_cov_rur,2024,5.047
che,sex_t,age_aggregate_y55_64,geo_cov_urb,2010,8.788
che,sex_t,age_aggregate_y55_64,geo_cov_urb,2011,7.965
che,sex_t,age_aggregate_y55_64,geo_cov_urb,2012,7.793
che,sex_t,age_aggregate_y55_64,geo_cov_urb,2013,8.2
che,sex_t,age_aggregate_y55_64,geo_cov_urb,2014,8.752
che,sex_t,age_aggregate_y55_64,geo_cov_urb,2015,9.526
che,sex_t,age_aggregate_y55_64,geo_cov_urb,2016,8.907
che,sex_t,age_aggregate_y55_64,geo_cov_urb,2017,8.568
che,sex_t,age_aggregate_y55_64,geo_cov_urb,2018,8.841
che,sex_t,age_aggregate_y55_64,geo_cov_urb,2019,9.205
che,sex_t,age_aggregate_y55_64,geo_cov_urb,2020,8.439
che,sex_t,age_aggregate_y55_64,geo_cov_urb,2021,9.003
che,sex_t,age_aggregate_y55_64,geo_cov_urb,2022,7.394
che,sex_t,age_aggregate_y55_64,geo_cov_urb,2023,7.074
che,sex_t,age_aggregate_y55_64,geo_cov_urb,2024,7.319
che,sex_t,age_aggregate_yge65,geo_cov_nat,2010,24.533
che,sex_t,age_aggregate_yge65,geo_cov_nat,2011,21.422
che,sex_t,age_aggregate_yge65,geo_cov_nat,2012,22.767
che,sex_t,age_aggregate_yge65,geo_cov_nat,2013,23.523
che,sex_t,age_aggregate_yge65,geo_cov_nat,2014,23.277
che,sex_t,age_aggregate_yge65,geo_cov_nat,2015,25.385
che,sex_t,age_aggregate_yge65,geo_cov_nat,2016,24.281
che,sex_t,age_aggregate_yge65,geo_cov_nat,2017,23.561
che,sex_t,age_aggregate_yge65,geo_cov_nat,2018,20.425
che,sex_t,age_aggregate_yge65,geo_cov_nat,2019,21.659
che,sex_t,age_aggregate_yge65,geo_cov_nat,2020,24.711
che,sex_t,age_aggregate_yge65,geo_cov_nat,2021,19.084
che,sex_t,age_aggregate_yge65,geo_cov_nat,2022,16.989
che,sex_t,age_aggregate_yge65,geo_cov_nat,2023,16.953
che,sex_t,age_aggregate_yge65,geo_cov_nat,2024,15.724
che,sex_t,age_aggregate_yge65,geo_cov_rur,2010,20.054
che,sex_t,age_aggregate_yge65,geo_cov_rur,2011,14.328
che,sex_t,age_aggregate_yge65,geo_cov_rur,2012,18.535
che,sex_t,age_aggregate_yge65,geo_cov_rur,2013,21.159
che,sex_t,age_aggregate_yge65,geo_cov_rur,2014,22.104
che,sex_t,age_aggregate_yge65,geo_cov_rur,2015,22.592
che,sex_t,age_aggregate_yge65,geo_cov_rur,2016,19.039
che,sex_t,age_aggregate_yge65,geo_cov_rur,2017,20.759
che,sex_t,age_aggregate_yge65,geo_cov_rur,2018,15.922
che,sex_t,age_aggregate_yge65,geo_cov_rur,2019,16.824
che,sex_t,age_aggregate_yge65,geo_cov_rur,2020,20.309
che,sex_t,age_aggregate_yge65,geo_cov_rur,2021,15.577
che,sex_t,age_aggregate_yge65,geo_cov_rur,2022,16.074
che,sex_t,age_aggregate_yge65,geo_cov_rur,2023,16.266
che,sex_t,age_aggregate_yge65,geo_cov_rur,2024,13.684
che,sex_t,age_aggregate_yge65,geo_cov_urb,2010,25.247
che,sex_t,age_aggregate_yge65,geo_cov_urb,2011,22.719
che,sex_t,age_aggregate_yge65,geo_cov_urb,2012,24.226
che,sex_t,age_aggregate_yge65,geo_cov_urb,2013,24.322
che,sex_t,age_aggregate_yge65,geo_cov_urb,2014,23.681
che,sex_t,age_aggregate_yge65,geo_cov_urb,2015,26.384
che,sex_t,age_aggregate_yge65,geo_cov_urb,2016,26.052
che,sex_t,age_aggregate_yge65,geo_cov_urb,2017,24.303
che,sex_t,age_aggregate_yge65,geo_cov_urb,2018,21.756
che,sex_t,age_aggregate_yge65,geo_cov_urb,2019,23.022
che,sex_t,age_aggregate_yge65,geo_cov_urb,2020,26.008
che,sex_t,age_aggregate_yge65,geo_cov_urb,2021,19.887
che,sex_t,age_aggregate_yge65,geo_cov_urb,2022,17.189
che,sex_t,age_aggregate_yge65,geo_cov_urb,2023,17.113
che,sex_t,age_aggregate_yge65,geo_cov_urb,2024,16.261
che,sex_t,age_ythadult_y15_24,geo_cov_nat,2010,17.571
che,sex_t,age_ythadult_y15_24,geo_cov_nat,2011,16.713
che,sex_t,age_ythadult_y15_24,geo_cov_nat,2012,17.883
che,sex_t,age_ythadult_y15_24,geo_cov_nat,2013,18.206
che,sex_t,age_ythadult_y15_24,geo_cov_nat,2014,17.899
che,sex_t,age_ythadult_y15_24,geo_cov_nat,2015,18.545
che,sex_t,age_ythadult_y15_24,geo_cov_nat,2016,19.278
che,sex_t,age_ythadult_y15_24,geo_cov_nat,2017,18.271
che,sex_t,age_ythadult_y15_24,geo_cov_nat,2018,17.64
che,sex_t,age_ythadult_y15_24,geo_cov_nat,2019,18.232
che,sex_t,age_ythadult_y15_24,geo_cov_nat,2020,19.637
che,sex_t,age_ythadult_y15_24,geo_cov_nat,2021,17.712
che,sex_t,age_ythadult_y15_24,geo_cov_nat,2022,16.06
che,sex_t,age_ythadult_y15_24,geo_cov_nat,2023,16.571
che,sex_t,age_ythadult_y15_24,geo_cov_nat,2024,17.652
che,sex_t,age_ythadult_y15_24,geo_cov_rur,2010,13.092
che,sex_t,age_ythadult_y15_24,geo_cov_rur,2011,14.533
che,sex_t,age_ythadult_y15_24,geo_cov_rur,2012,14.413
che,sex_t,age_ythadult_y15_24,geo_cov_rur,2013,14.032
che,sex_t,age_ythadult_y15_24,geo_cov_rur,2014,14.268
che,sex_t,age_ythadult_y15_24,geo_cov_rur,2015,15.771
che,sex_t,age_ythadult_y15_24,geo_cov_rur,2016,17.37
che,sex_t,age_ythadult_y15_24,geo_cov_rur,2017,14.918
che,sex_t,age_ythadult_y15_24,geo_cov_rur,2018,13.834
che,sex_t,age_ythadult_y15_24,geo_cov_rur,2019,15.7
che,sex_t,age_ythadult_y15_24,geo_cov_rur,2020,16.455
che,sex_t,age_ythadult_y15_24,geo_cov_rur,2021,9.717
che,sex_t,age_ythadult_y15_24,geo_cov_rur,2022,9.603
che,sex_t,age_ythadult_y15_24,geo_cov_rur,2023,9.687
che,sex_t,age_ythadult_y15_24,geo_cov_rur,2024,9.549
che,sex_t,age_ythadult_y15_24,geo_cov_urb,2010,18.456
che,sex_t,age_ythadult_y15_24,geo_cov_urb,2011,17.132
che,sex_t,age_ythadult_y15_24,geo_cov_urb,2012,19.18
che,sex_t,age_ythadult_y15_24,geo_cov_urb,2013,19.743
che,sex_t,age_ythadult_y15_24,geo_cov_urb,2014,19.176
che,sex_t,age_ythadult_y15_24,geo_cov_urb,2015,19.496
che,sex_t,age_ythadult_y15_24,geo_cov_urb,2016,19.951
che,sex_t,age_ythadult_y15_24,geo_cov_urb,2017,19.16
che,sex_t,age_ythadult_y15_24,geo_cov_urb,2018,18.627
che,sex_t,age_ythadult_y15_24,geo_cov_urb,2019,18.902
che,sex_t,age_ythadult_y15_24,geo_cov_urb,2020,20.507
che,sex_t,age_ythadult_y15_24,geo_cov_urb,2021,19.383
che,sex_t,age_ythadult_y15_24,geo_cov_urb,2022,17.443
che,sex_t,age_ythadult_y15_24,geo_cov_urb,2023,18.028
che,sex_t,age_ythadult_y15_24,geo_cov_urb,2024,19.472
che,sex_t,age_ythadult_y15_64,geo_cov_nat,2010,8.778
che,sex_t,age_ythadult_y15_64,geo_cov_nat,2011,8.064
che,sex_t,age_ythadult_y15_64,geo_cov_nat,2012,8.27
che,sex_t,age_ythadult_y15_64,geo_cov_nat,2013,8.655
che,sex_t,age_ythadult_y15_64,geo_cov_nat,2014,8.658
che,sex_t,age_ythadult_y15_64,geo_cov_nat,2015,8.825
che,sex_t,age_ythadult_y15_64,geo_cov_nat,2016,9.116
che,sex_t,age_ythadult_y15_64,geo_cov_nat,2017,8.937
che,sex_t,age_ythadult_y15_64,geo_cov_nat,2018,8.644
che,sex_t,age_ythadult_y15_64,geo_cov_nat,2019,8.326
che,sex_t,age_ythadult_y15_64,geo_cov_nat,2020,8.794
che,sex_t,age_ythadult_y15_64,geo_cov_nat,2021,8.787
che,sex_t,age_ythadult_y15_64,geo_cov_nat,2022,7.912
che,sex_t,age_ythadult_y15_64,geo_cov_nat,2023,7.724
che,sex_t,age_ythadult_y15_64,geo_cov_nat,2024,7.933
che,sex_t,age_ythadult_y15_64,geo_cov_rur,2010,6.611
che,sex_t,age_ythadult_y15_64,geo_cov_rur,2011,6.894
che,sex_t,age_ythadult_y15_64,geo_cov_rur,2012,6.618
che,sex_t,age_ythadult_y15_64,geo_cov_rur,2013,6.713
che,sex_t,age_ythadult_y15_64,geo_cov_rur,2014,6.737
che,sex_t,age_ythadult_y15_64,geo_cov_rur,2015,6.968
che,sex_t,age_ythadult_y15_64,geo_cov_rur,2016,7.521
che,sex_t,age_ythadult_y15_64,geo_cov_rur,2017,6.937
che,sex_t,age_ythadult_y15_64,geo_cov_rur,2018,6.899
che,sex_t,age_ythadult_y15_64,geo_cov_rur,2019,6.818
che,sex_t,age_ythadult_y15_64,geo_cov_rur,2020,6.784
che,sex_t,age_ythadult_y15_64,geo_cov_rur,2021,5.641
che,sex_t,age_ythadult_y15_64,geo_cov_rur,2022,5.62
che,sex_t,age_ythadult_y15_64,geo_cov_rur,2023,5.668
che,sex_t,age_ythadult_y15_64,geo_cov_rur,2024,5.782
che,sex_t,age_ythadult_y15_64,geo_cov_urb,2010,9.147
che,sex_t,age_ythadult_y15_64,geo_cov_urb,2011,8.26
che,sex_t,age_ythadult_y15_64,geo_cov_urb,2012,8.818
che,sex_t,age_ythadult_y15_64,geo_cov_urb,2013,9.279
che,sex_t,age_ythadult_y15_64,geo_cov_urb,2014,9.262
che,sex_t,age_ythadult_y15_64,geo_cov_urb,2015,9.396
che,sex_t,age_ythadult_y15_64,geo_cov_urb,2016,9.606
che,sex_t,age_ythadult_y15_64,geo_cov_urb,2017,9.401
che,sex_t,age_ythadult_y15_64,geo_cov_urb,2018,9.054
che,sex_t,age_ythadult_y15_64,geo_cov_urb,2019,8.68
che,sex_t,age_ythadult_y15_64,geo_cov_urb,2020,9.247
che,sex_t,age_ythadult_y15_64,geo_cov_urb,2021,9.384
che,sex_t,age_ythadult_y15_64,geo_cov_urb,2022,8.349
che,sex_t,age_ythadult_y15_64,geo_cov_urb,2023,8.116
che,sex_t,age_ythadult_y15_64,geo_cov_urb,2024,8.34
che,sex_t,age_ythadult_yge15,geo_cov_nat,2010,9.32
che,sex_t,age_ythadult_yge15,geo_cov_nat,2011,8.529
che,sex_t,age_ythadult_yge15,geo_cov_nat,2012,8.808
che,sex_t,age_ythadult_yge15,geo_cov_nat,2013,9.244
che,sex_t,age_ythadult_yge15,geo_cov_nat,2014,9.283
che,sex_t,age_ythadult_yge15,geo_cov_nat,2015,9.565
che,sex_t,age_ythadult_yge15,geo_cov_nat,2016,9.825
che,sex_t,age_ythadult_yge15,geo_cov_nat,2017,9.615
che,sex_t,age_ythadult_yge15,geo_cov_nat,2018,9.179
che,sex_t,age_ythadult_yge15,geo_cov_nat,2019,8.912
che,sex_t,age_ythadult_yge15,geo_cov_nat,2020,9.518
che,sex_t,age_ythadult_yge15,geo_cov_nat,2021,9.232
che,sex_t,age_ythadult_yge15,geo_cov_nat,2022,8.28
che,sex_t,age_ythadult_yge15,geo_cov_nat,2023,8.141
che,sex_t,age_ythadult_yge15,geo_cov_nat,2024,8.29
che,sex_t,age_ythadult_yge15,geo_cov_rur,2010,7.048
che,sex_t,age_ythadult_yge15,geo_cov_rur,2011,7.171
che,sex_t,age_ythadult_yge15,geo_cov_rur,2012,7.073
che,sex_t,age_ythadult_yge15,geo_cov_rur,2013,7.306
che,sex_t,age_ythadult_yge15,geo_cov_rur,2014,7.437
che,sex_t,age_ythadult_yge15,geo_cov_rur,2015,7.746
che,sex_t,age_ythadult_yge15,geo_cov_rur,2016,8.098
che,sex_t,age_ythadult_yge15,geo_cov_rur,2017,7.646
che,sex_t,age_ythadult_yge15,geo_cov_rur,2018,7.386
che,sex_t,age_ythadult_yge15,geo_cov_rur,2019,7.323
che,sex_t,age_ythadult_yge15,geo_cov_rur,2020,7.538
che,sex_t,age_ythadult_yge15,geo_cov_rur,2021,6.139
che,sex_t,age_ythadult_yge15,geo_cov_rur,2022,6.092
che,sex_t,age_ythadult_yge15,geo_cov_rur,2023,6.229
che,sex_t,age_ythadult_yge15,geo_cov_rur,2024,6.249
che,sex_t,age_ythadult_yge15,geo_cov_urb,2010,9.705
che,sex_t,age_ythadult_yge15,geo_cov_urb,2011,8.758
che,sex_t,age_ythadult_yge15,geo_cov_urb,2012,9.384
che,sex_t,age_ythadult_yge15,geo_cov_urb,2013,9.868
che,sex_t,age_ythadult_yge15,geo_cov_urb,2014,9.865
che,sex_t,age_ythadult_yge15,geo_cov_urb,2015,10.128
che,sex_t,age_ythadult_yge15,geo_cov_urb,2016,10.358
che,sex_t,age_ythadult_yge15,geo_cov_urb,2017,10.075
che,sex_t,age_ythadult_yge15,geo_cov_urb,2018,9.604
che,sex_t,age_ythadult_yge15,geo_cov_urb,2019,9.288
che,sex_t,age_ythadult_yge15,geo_cov_urb,2020,9.97
che,sex_t,age_ythadult_yge15,geo_cov_urb,2021,9.825
che,sex_t,age_ythadult_yge15,geo_cov_urb,2022,8.7
che,sex_t,age_ythadult_yge15,geo_cov_urb,2023,8.51
che,sex_t,age_ythadult_yge15,geo_cov_urb,2024,8.683
che,sex_t,age_ythadult_yge25,geo_cov_nat,2010,7.851
che,sex_t,age_ythadult_yge25,geo_cov_nat,2011,7.086
che,sex_t,age_ythadult_yge25,geo_cov_nat,2012,7.244
che,sex_t,age_ythadult_yge25,geo_cov_nat,2013,7.713
che,sex_t,age_ythadult_yge25,geo_cov_nat,2014,7.851
che,sex_t,age_ythadult_yge25,geo_cov_nat,2015,8.11
che,sex_t,age_ythadult_yge25,geo_cov_nat,2016,8.297
che,sex_t,age_ythadult_yge25,geo_cov_nat,2017,8.249
che,sex_t,age_ythadult_yge25,geo_cov_nat,2018,7.891
che,sex_t,age_ythadult_yge25,geo_cov_nat,2019,7.539
che,sex_t,age_ythadult_yge25,geo_cov_nat,2020,8.062
che,sex_t,age_ythadult_yge25,geo_cov_nat,2021,8.02
che,sex_t,age_ythadult_yge25,geo_cov_nat,2022,7.168
che,sex_t,age_ythadult_yge25,geo_cov_nat,2023,6.947
che,sex_t,age_ythadult_yge25,geo_cov_nat,2024,6.971
che,sex_t,age_ythadult_yge25,geo_cov_rur,2010,5.796
che,sex_t,age_ythadult_yge25,geo_cov_rur,2011,5.694
che,sex_t,age_ythadult_yge25,geo_cov_rur,2012,5.668
che,sex_t,age_ythadult_yge25,geo_cov_rur,2013,6.013
che,sex_t,age_ythadult_yge25,geo_cov_rur,2014,6.188
che,sex_t,age_ythadult_yge25,geo_cov_rur,2015,6.323
che,sex_t,age_ythadult_yge25,geo_cov_rur,2016,6.408
che,sex_t,age_ythadult_yge25,geo_cov_rur,2017,6.353
che,sex_t,age_ythadult_yge25,geo_cov_rur,2018,6.322
che,sex_t,age_ythadult_yge25,geo_cov_rur,2019,5.953
che,sex_t,age_ythadult_yge25,geo_cov_rur,2020,6.021
che,sex_t,age_ythadult_yge25,geo_cov_rur,2021,5.582
che,sex_t,age_ythadult_yge25,geo_cov_rur,2022,5.535
che,sex_t,age_ythadult_yge25,geo_cov_rur,2023,5.693
che,sex_t,age_ythadult_yge25,geo_cov_rur,2024,5.711
che,sex_t,age_ythadult_yge25,geo_cov_urb,2010,8.19
che,sex_t,age_ythadult_yge25,geo_cov_urb,2011,7.316
che,sex_t,age_ythadult_yge25,geo_cov_urb,2012,7.756
che,sex_t,age_ythadult_yge25,geo_cov_urb,2013,8.248
che,sex_t,age_ythadult_yge25,geo_cov_urb,2014,8.366
che,sex_t,age_ythadult_yge25,geo_cov_urb,2015,8.654
che,sex_t,age_ythadult_yge25,geo_cov_urb,2016,8.866
che,sex_t,age_ythadult_yge25,geo_cov_urb,2017,8.682
che,sex_t,age_ythadult_yge25,geo_cov_urb,2018,8.259
che,sex_t,age_ythadult_yge25,geo_cov_urb,2019,7.908
che,sex_t,age_ythadult_yge25,geo_cov_urb,2020,8.514
che,sex_t,age_ythadult_yge25,geo_cov_urb,2021,8.48
che,sex_t,age_ythadult_yge25,geo_cov_urb,2022,7.476
che,sex_t,age_ythadult_yge25,geo_cov_urb,2023,7.186
che,sex_t,age_ythadult_yge25,geo_cov_urb,2024,7.208
chl,sex_f,age_aggregate_total,geo_cov_nat,2010,25.466
chl,sex_f,age_aggregate_total,geo_cov_nat,2011,22.746
chl,sex_f,age_aggregate_total,geo_cov_nat,2012,21.308
chl,sex_f,age_aggregate_total,geo_cov_nat,2013,19.665
chl,sex_f,age_aggregate_total,geo_cov_nat,2014,18.825
chl,sex_f,age_aggregate_total,geo_cov_nat,2015,18.702
chl,sex_f,age_aggregate_total,geo_cov_nat,2016,18.239
chl,sex_f,age_aggregate_total,geo_cov_nat,2017,17.707
chl,sex_f,age_aggregate_total,geo_cov_nat,2018,17.582
chl,sex_f,age_aggregate_total,geo_cov_nat,2019,17.287
chl,sex_f,age_aggregate_total,geo_cov_nat,2020,28.939
chl,sex_f,age_aggregate_total,geo_cov_nat,2021,21.431
chl,sex_f,age_aggregate_total,geo_cov_nat,2022,18.04
chl,sex_f,age_aggregate_total,geo_cov_nat,2023,18.67
chl,sex_f,age_aggregate_total,geo_cov_nat,2024,19.347
chl,sex_f,age_aggregate_total,geo_cov_nat,2025,19.584
chl,sex_f,age_aggregate_total,geo_cov_rur,2010,34.243
chl,sex_f,age_aggregate_total,geo_cov_rur,2011,31.663
chl,sex_f,age_aggregate_total,geo_cov_rur,2012,29.813
chl,sex_f,age_aggregate_total,geo_cov_rur,2013,27.188
chl,sex_f,age_aggregate_total,geo_cov_rur,2014,26.184
chl,sex_f,age_aggregate_total,geo_cov_rur,2015,25.712
chl,sex_f,age_aggregate_total,geo_cov_rur,2016,23.804
chl,sex_f,age_aggregate_total,geo_cov_rur,2017,24.816
chl,sex_f,age_aggregate_total,geo_cov_rur,2018,23.576
chl,sex_f,age_aggregate_total,geo_cov_rur,2019,23.304
chl,sex_f,age_aggregate_total,geo_cov_rur,2020,36.407
chl,sex_f,age_aggregate_total,geo_cov_rur,2021,28.009
chl,sex_f,age_aggregate_total,geo_cov_rur,2022,24.015
chl,sex_f,age_aggregate_total,geo_cov_rur,2023,26.061
chl,sex_f,age_aggregate_total,geo_cov_rur,2024,27.357
chl,sex_f,age_aggregate_total,geo_cov_rur,2025,26.042
chl,sex_f,age_aggregate_total,geo_cov_urb,2010,24.509
chl,sex_f,age_aggregate_total,geo_cov_urb,2011,21.76
chl,sex_f,age_aggregate_total,geo_cov_urb,2012,20.329
chl,sex_f,age_aggregate_total,geo_cov_urb,2013,18.786
chl,sex_f,age_aggregate_total,geo_cov_urb,2014,17.966
chl,sex_f,age_aggregate_total,geo_cov_urb,2015,17.904
chl,sex_f,age_aggregate_total,geo_cov_urb,2016,17.6
chl,sex_f,age_aggregate_total,geo_cov_urb,2017,16.892
chl,sex_f,age_aggregate_total,geo_cov_urb,2018,16.924
chl,sex_f,age_aggregate_total,geo_cov_urb,2019,16.66
chl,sex_f,age_aggregate_total,geo_cov_urb,2020,28.179
chl,sex_f,age_aggregate_total,geo_cov_urb,2021,20.807
chl,sex_f,age_aggregate_total,geo_cov_urb,2022,17.463
chl,sex_f,age_aggregate_total,geo_cov_urb,2023,17.944
chl,sex_f,age_aggregate_total,geo_cov_urb,2024,18.523
chl,sex_f,age_aggregate_total,geo_cov_urb,2025,18.932
chl,sex_f,age_aggregate_y15_24,geo_cov_nat,2010,44.209
chl,sex_f,age_aggregate_y15_24,geo_cov_nat,2011,41.779
chl,sex_f,age_aggregate_y15_24,geo_cov_nat,2012,39.71
chl,sex_f,age_aggregate_y15_24,geo_cov_nat,2013,39.227
chl,sex_f,age_aggregate_y15_24,geo_cov_nat,2014,38.428
chl,sex_f,age_aggregate_y15_24,geo_cov_nat,2015,37.319
chl,sex_f,age_aggregate_y15_24,geo_cov_nat,2016,35.674
chl,sex_f,age_aggregate_y15_24,geo_cov_nat,2017,36.201
chl,sex_f,age_aggregate_y15_24,geo_cov_nat,2018,36.453
chl,sex_f,age_aggregate_y15_24,geo_cov_nat,2019,35.534
chl,sex_f,age_aggregate_y15_24,geo_cov_nat,2020,54.867
chl,sex_f,age_aggregate_y15_24,geo_cov_nat,2021,42.902
chl,sex_f,age_aggregate_y15_24,geo_cov_nat,2022,36.555
chl,sex_f,age_aggregate_y15_24,geo_cov_nat,2023,39.942
chl,sex_f,age_aggregate_y15_24,geo_cov_nat,2024,40.95
chl,sex_f,age_aggregate_y15_24,geo_cov_nat,2025,44.142
chl,sex_f,age_aggregate_y15_24,geo_cov_rur,2010,51.65
chl,sex_f,age_aggregate_y15_24,geo_cov_rur,2011,48.498
chl,sex_f,age_aggregate_y15_24,geo_cov_rur,2012,46.966
chl,sex_f,age_aggregate_y15_24,geo_cov_rur,2013,46.012
chl,sex_f,age_aggregate_y15_24,geo_cov_rur,2014,44.5
chl,sex_f,age_aggregate_y15_24,geo_cov_rur,2015,44.714
chl,sex_f,age_aggregate_y15_24,geo_cov_rur,2016,39.452
chl,sex_f,age_aggregate_y15_24,geo_cov_rur,2017,41.697
chl,sex_f,age_aggregate_y15_24,geo_cov_rur,2018,39.61
chl,sex_f,age_aggregate_y15_24,geo_cov_rur,2019,39.716
chl,sex_f,age_aggregate_y15_24,geo_cov_rur,2020,59.929
chl,sex_f,age_aggregate_y15_24,geo_cov_rur,2021,47.247
chl,sex_f,age_aggregate_y15_24,geo_cov_rur,2022,40.681
chl,sex_f,age_aggregate_y15_24,geo_cov_rur,2023,44.982
chl,sex_f,age_aggregate_y15_24,geo_cov_rur,2024,47.424
chl,sex_f,age_aggregate_y15_24,geo_cov_rur,2025,44.116
chl,sex_f,age_aggregate_y15_24,geo_cov_urb,2010,43.353
chl,sex_f,age_aggregate_y15_24,geo_cov_urb,2011,41.056
chl,sex_f,age_aggregate_y15_24,geo_cov_urb,2012,38.873
chl,sex_f,age_aggregate_y15_24,geo_cov_urb,2013,38.402
chl,sex_f,age_aggregate_y15_24,geo_cov_urb,2014,37.688
chl,sex_f,age_aggregate_y15_24,geo_cov_urb,2015,36.477
chl,sex_f,age_aggregate_y15_24,geo_cov_urb,2016,35.19
chl,sex_f,age_aggregate_y15_24,geo_cov_urb,2017,35.521
chl,sex_f,age_aggregate_y15_24,geo_cov_urb,2018,36.089
chl,sex_f,age_aggregate_y15_24,geo_cov_urb,2019,35.1
chl,sex_f,age_aggregate_y15_24,geo_cov_urb,2020,54.264
chl,sex_f,age_aggregate_y15_24,geo_cov_urb,2021,42.428
chl,sex_f,age_aggregate_y15_24,geo_cov_urb,2022,36.108
chl,sex_f,age_aggregate_y15_24,geo_cov_urb,2023,39.402
chl,sex_f,age_aggregate_y15_24,geo_cov_urb,2024,40.193
chl,sex_f,age_aggregate_y15_24,geo_cov_urb,2025,44.145
chl,sex_f,age_aggregate_y25_54,geo_cov_nat,2010,21.374
chl,sex_f,age_aggregate_y25_54,geo_cov_nat,2011,18.409
chl,sex_f,age_aggregate_y25_54,geo_cov_nat,2012,17.567
chl,sex_f,age_aggregate_y25_54,geo_cov_nat,2013,15.74
chl,sex_f,age_aggregate_y25_54,geo_cov_nat,2014,15.072
chl,sex_f,age_aggregate_y25_54,geo_cov_nat,2015,15.178
chl,sex_f,age_aggregate_y25_54,geo_cov_nat,2016,14.95
chl,sex_f,age_aggregate_y25_54,geo_cov_nat,2017,14.552
chl,sex_f,age_aggregate_y25_54,geo_cov_nat,2018,14.799
chl,sex_f,age_aggregate_y25_54,geo_cov_nat,2019,14.61
chl,sex_f,age_aggregate_y25_54,geo_cov_nat,2020,24.141
chl,sex_f,age_aggregate_y25_54,geo_cov_nat,2021,17.91
chl,sex_f,age_aggregate_y25_54,geo_cov_nat,2022,15.072
chl,sex_f,age_aggregate_y25_54,geo_cov_nat,2023,15.178
chl,sex_f,age_aggregate_y25_54,geo_cov_nat,2024,15.539
chl,sex_f,age_aggregate_y25_54,geo_cov_nat,2025,15.842
chl,sex_f,age_aggregate_y25_54,geo_cov_rur,2010,31.743
chl,sex_f,age_aggregate_y25_54,geo_cov_rur,2011,29.034
chl,sex_f,age_aggregate_y25_54,geo_cov_rur,2012,27.303
chl,sex_f,age_aggregate_y25_54,geo_cov_rur,2013,24.808
chl,sex_f,age_aggregate_y25_54,geo_cov_rur,2014,23.605
chl,sex_f,age_aggregate_y25_54,geo_cov_rur,2015,23.476
chl,sex_f,age_aggregate_y25_54,geo_cov_rur,2016,21.725
chl,sex_f,age_aggregate_y25_54,geo_cov_rur,2017,22.689
chl,sex_f,age_aggregate_y25_54,geo_cov_rur,2018,21.985
chl,sex_f,age_aggregate_y25_54,geo_cov_rur,2019,21.291
chl,sex_f,age_aggregate_y25_54,geo_cov_rur,2020,31.744
chl,sex_f,age_aggregate_y25_54,geo_cov_rur,2021,25.223
chl,sex_f,age_aggregate_y25_54,geo_cov_rur,2022,21.863
chl,sex_f,age_aggregate_y25_54,geo_cov_rur,2023,23.119
chl,sex_f,age_aggregate_y25_54,geo_cov_rur,2024,23.383
chl,sex_f,age_aggregate_y25_54,geo_cov_rur,2025,22.53
chl,sex_f,age_aggregate_y25_54,geo_cov_urb,2010,20.257
chl,sex_f,age_aggregate_y25_54,geo_cov_urb,2011,17.22
chl,sex_f,age_aggregate_y25_54,geo_cov_urb,2012,16.435
chl,sex_f,age_aggregate_y25_54,geo_cov_urb,2013,14.687
chl,sex_f,age_aggregate_y25_54,geo_cov_urb,2014,14.093
chl,sex_f,age_aggregate_y25_54,geo_cov_urb,2015,14.24
chl,sex_f,age_aggregate_y25_54,geo_cov_urb,2016,14.173
chl,sex_f,age_aggregate_y25_54,geo_cov_urb,2017,13.61
chl,sex_f,age_aggregate_y25_54,geo_cov_urb,2018,13.999
chl,sex_f,age_aggregate_y25_54,geo_cov_urb,2019,13.908
chl,sex_f,age_aggregate_y25_54,geo_cov_urb,2020,23.39
chl,sex_f,age_aggregate_y25_54,geo_cov_urb,2021,17.24
chl,sex_f,age_aggregate_y25_54,geo_cov_urb,2022,14.453
chl,sex_f,age_aggregate_y25_54,geo_cov_urb,2023,14.452
chl,sex_f,age_aggregate_y25_54,geo_cov_urb,2024,14.796
chl,sex_f,age_aggregate_y25_54,geo_cov_urb,2025,15.219
chl,sex_f,age_aggregate_y55_64,geo_cov_nat,2010,21.526
chl,sex_f,age_aggregate_y55_64,geo_cov_nat,2011,20.528
chl,sex_f,age_aggregate_y55_64,geo_cov_nat,2012,17.159
chl,sex_f,age_aggregate_y55_64,geo_cov_nat,2013,16.707
chl,sex_f,age_aggregate_y55_64,geo_cov_nat,2014,15.664
chl,sex_f,age_aggregate_y55_64,geo_cov_nat,2015,16.2
chl,sex_f,age_aggregate_y55_64,geo_cov_nat,2016,16.158
chl,sex_f,age_aggregate_y55_64,geo_cov_nat,2017,15.113
chl,sex_f,age_aggregate_y55_64,geo_cov_nat,2018,14.089
chl,sex_f,age_aggregate_y55_64,geo_cov_nat,2019,14.562
chl,sex_f,age_aggregate_y55_64,geo_cov_nat,2020,27.423
chl,sex_f,age_aggregate_y55_64,geo_cov_nat,2021,21.1
chl,sex_f,age_aggregate_y55_64,geo_cov_nat,2022,18.417
chl,sex_f,age_aggregate_y55_64,geo_cov_nat,2023,19.183
chl,sex_f,age_aggregate_y55_64,geo_cov_nat,2024,19.787
chl,sex_f,age_aggregate_y55_64,geo_cov_nat,2025,18.945
chl,sex_f,age_aggregate_y55_64,geo_cov_rur,2010,26.683
chl,sex_f,age_aggregate_y55_64,geo_cov_rur,2011,27.174
chl,sex_f,age_aggregate_y55_64,geo_cov_rur,2012,24.693
chl,sex_f,age_aggregate_y55_64,geo_cov_rur,2013,20.001
chl,sex_f,age_aggregate_y55_64,geo_cov_rur,2014,21.244
chl,sex_f,age_aggregate_y55_64,geo_cov_rur,2015,19.734
chl,sex_f,age_aggregate_y55_64,geo_cov_rur,2016,19.999
chl,sex_f,age_aggregate_y55_64,geo_cov_rur,2017,21.565
chl,sex_f,age_aggregate_y55_64,geo_cov_rur,2018,19.747
chl,sex_f,age_aggregate_y55_64,geo_cov_rur,2019,21.855
chl,sex_f,age_aggregate_y55_64,geo_cov_rur,2020,36.032
chl,sex_f,age_aggregate_y55_64,geo_cov_rur,2021,26.974
chl,sex_f,age_aggregate_y55_64,geo_cov_rur,2022,22.861
chl,sex_f,age_aggregate_y55_64,geo_cov_rur,2023,26.142
chl,sex_f,age_aggregate_y55_64,geo_cov_rur,2024,27.422
chl,sex_f,age_aggregate_y55_64,geo_cov_rur,2025,26.418
chl,sex_f,age_aggregate_y55_64,geo_cov_urb,2010,20.981
chl,sex_f,age_aggregate_y55_64,geo_cov_urb,2011,19.846
chl,sex_f,age_aggregate_y55_64,geo_cov_urb,2012,16.403
chl,sex_f,age_aggregate_y55_64,geo_cov_urb,2013,16.351
chl,sex_f,age_aggregate_y55_64,geo_cov_urb,2014,15.025
chl,sex_f,age_aggregate_y55_64,geo_cov_urb,2015,15.805
chl,sex_f,age_aggregate_y55_64,geo_cov_urb,2016,15.76
chl,sex_f,age_aggregate_y55_64,geo_cov_urb,2017,14.463
chl,sex_f,age_aggregate_y55_64,geo_cov_urb,2018,13.563
chl,sex_f,age_aggregate_y55_64,geo_cov_urb,2019,13.869
chl,sex_f,age_aggregate_y55_64,geo_cov_urb,2020,26.529
chl,sex_f,age_aggregate_y55_64,geo_cov_urb,2021,20.496
chl,sex_f,age_aggregate_y55_64,geo_cov_urb,2022,17.918
chl,sex_f,age_aggregate_y55_64,geo_cov_urb,2023,18.375
chl,sex_f,age_aggregate_y55_64,geo_cov_urb,2024,18.882
chl,sex_f,age_aggregate_y55_64,geo_cov_urb,2025,18.028
chl,sex_f,age_aggregate_yge65,geo_cov_nat,2010,34.361
chl,sex_f,age_aggregate_yge65,geo_cov_nat,2011,29.712
chl,sex_f,age_aggregate_yge65,geo_cov_nat,2012,29.817
chl,sex_f,age_aggregate_yge65,geo_cov_nat,2013,26.405
chl,sex_f,age_aggregate_yge65,geo_cov_nat,2014,25.421
chl,sex_f,age_aggregate_yge65,geo_cov_nat,2015,26.073
chl,sex_f,age_aggregate_yge65,geo_cov_nat,2016,26.922
chl,sex_f,age_aggregate_yge65,geo_cov_nat,2017,24.601
chl,sex_f,age_aggregate_yge65,geo_cov_nat,2018,22.315
chl,sex_f,age_aggregate_yge65,geo_cov_nat,2019,22.757
chl,sex_f,age_aggregate_yge65,geo_cov_nat,2020,45.395
chl,sex_f,age_aggregate_yge65,geo_cov_nat,2021,34.439
chl,sex_f,age_aggregate_yge65,geo_cov_nat,2022,26.508
chl,sex_f,age_aggregate_yge65,geo_cov_nat,2023,29.069
chl,sex_f,age_aggregate_yge65,geo_cov_nat,2024,32.192
chl,sex_f,age_aggregate_yge65,geo_cov_nat,2025,30.757
chl,sex_f,age_aggregate_yge65,geo_cov_rur,2010,24.894
chl,sex_f,age_aggregate_yge65,geo_cov_rur,2011,25.999
chl,sex_f,age_aggregate_yge65,geo_cov_rur,2012,23.855
chl,sex_f,age_aggregate_yge65,geo_cov_rur,2013,20.425
chl,sex_f,age_aggregate_yge65,geo_cov_rur,2014,21.339
chl,sex_f,age_aggregate_yge65,geo_cov_rur,2015,22.667
chl,sex_f,age_aggregate_yge65,geo_cov_rur,2016,19.814
chl,sex_f,age_aggregate_yge65,geo_cov_rur,2017,19.566
chl,sex_f,age_aggregate_yge65,geo_cov_rur,2018,16.766
chl,sex_f,age_aggregate_yge65,geo_cov_rur,2019,20.756
chl,sex_f,age_aggregate_yge65,geo_cov_rur,2020,43.367
chl,sex_f,age_aggregate_yge65,geo_cov_rur,2021,29.485
chl,sex_f,age_aggregate_yge65,geo_cov_rur,2022,23.208
chl,sex_f,age_aggregate_yge65,geo_cov_rur,2023,28.195
chl,sex_f,age_aggregate_yge65,geo_cov_rur,2024,35.196
chl,sex_f,age_aggregate_yge65,geo_cov_rur,2025,33.968
chl,sex_f,age_aggregate_yge65,geo_cov_urb,2010,35.467
chl,sex_f,age_aggregate_yge65,geo_cov_urb,2011,30.167
chl,sex_f,age_aggregate_yge65,geo_cov_urb,2012,30.632
chl,sex_f,age_aggregate_yge65,geo_cov_urb,2013,27.242
chl,sex_f,age_aggregate_yge65,geo_cov_urb,2014,25.988
chl,sex_f,age_aggregate_yge65,geo_cov_urb,2015,26.516
chl,sex_f,age_aggregate_yge65,geo_cov_urb,2016,27.726
chl,sex_f,age_aggregate_yge65,geo_cov_urb,2017,25.192
chl,sex_f,age_aggregate_yge65,geo_cov_urb,2018,22.982
chl,sex_f,age_aggregate_yge65,geo_cov_urb,2019,22.99
chl,sex_f,age_aggregate_yge65,geo_cov_urb,2020,45.609
chl,sex_f,age_aggregate_yge65,geo_cov_urb,2021,34.904
chl,sex_f,age_aggregate_yge65,geo_cov_urb,2022,26.88
chl,sex_f,age_aggregate_yge65,geo_cov_urb,2023,29.183
chl,sex_f,age_aggregate_yge65,geo_cov_urb,2024,31.748
chl,sex_f,age_aggregate_yge65,geo_cov_urb,2025,30.345
chl,sex_f,age_ythadult_y15_24,geo_cov_nat,2010,44.209
chl,sex_f,age_ythadult_y15_24,geo_cov_nat,2011,41.779
chl,sex_f,age_ythadult_y15_24,geo_cov_nat,2012,39.71
chl,sex_f,age_ythadult_y15_24,geo_cov_nat,2013,39.227
chl,sex_f,age_ythadult_y15_24,geo_cov_nat,2014,38.428
chl,sex_f,age_ythadult_y15_24,geo_cov_nat,2015,37.319
chl,sex_f,age_ythadult_y15_24,geo_cov_nat,2016,35.674
chl,sex_f,age_ythadult_y15_24,geo_cov_nat,2017,36.201
chl,sex_f,age_ythadult_y15_24,geo_cov_nat,2018,36.453
chl,sex_f,age_ythadult_y15_24,geo_cov_nat,2019,35.534
chl,sex_f,age_ythadult_y15_24,geo_cov_nat,2020,54.867
chl,sex_f,age_ythadult_y15_24,geo_cov_nat,2021,42.902
chl,sex_f,age_ythadult_y15_24,geo_cov_nat,2022,36.555
chl,sex_f,age_ythadult_y15_24,geo_cov_nat,2023,39.942
chl,sex_f,age_ythadult_y15_24,geo_cov_nat,2024,40.95
chl,sex_f,age_ythadult_y15_24,geo_cov_nat,2025,44.142
chl,sex_f,age_ythadult_y15_24,geo_cov_rur,2010,51.65
chl,sex_f,age_ythadult_y15_24,geo_cov_rur,2011,48.498
chl,sex_f,age_ythadult_y15_24,geo_cov_rur,2012,46.966
chl,sex_f,age_ythadult_y15_24,geo_cov_rur,2013,46.012
chl,sex_f,age_ythadult_y15_24,geo_cov_rur,2014,44.5
chl,sex_f,age_ythadult_y15_24,geo_cov_rur,2015,44.714
chl,sex_f,age_ythadult_y15_24,geo_cov_rur,2016,39.452
chl,sex_f,age_ythadult_y15_24,geo_cov_rur,2017,41.697
chl,sex_f,age_ythadult_y15_24,geo_cov_rur,2018,39.61
chl,sex_f,age_ythadult_y15_24,geo_cov_rur,2019,39.716
chl,sex_f,age_ythadult_y15_24,geo_cov_rur,2020,59.929
chl,sex_f,age_ythadult_y15_24,geo_cov_rur,2021,47.247
chl,sex_f,age_ythadult_y15_24,geo_cov_rur,2022,40.681
chl,sex_f,age_ythadult_y15_24,geo_cov_rur,2023,44.982
chl,sex_f,age_ythadult_y15_24,geo_cov_rur,2024,47.424
chl,sex_f,age_ythadult_y15_24,geo_cov_rur,2025,44.116
chl,sex_f,age_ythadult_y15_24,geo_cov_urb,2010,43.353
chl,sex_f,age_ythadult_y15_24,geo_cov_urb,2011,41.056
chl,sex_f,age_ythadult_y15_24,geo_cov_urb,2012,38.873
chl,sex_f,age_ythadult_y15_24,geo_cov_urb,2013,38.402
chl,sex_f,age_ythadult_y15_24,geo_cov_urb,2014,37.688
chl,sex_f,age_ythadult_y15_24,geo_cov_urb,2015,36.477
chl,sex_f,age_ythadult_y15_24,geo_cov_urb,2016,35.19
chl,sex_f,age_ythadult_y15_24,geo_cov_urb,2017,35.521
chl,sex_f,age_ythadult_y15_24,geo_cov_urb,2018,36.089
chl,sex_f,age_ythadult_y15_24,geo_cov_urb,2019,35.1
chl,sex_f,age_ythadult_y15_24,geo_cov_urb,2020,54.264
chl,sex_f,age_ythadult_y15_24,geo_cov_urb,2021,42.428
chl,sex_f,age_ythadult_y15_24,geo_cov_urb,2022,36.108
chl,sex_f,age_ythadult_y15_24,geo_cov_urb,2023,39.402
chl,sex_f,age_ythadult_y15_24,geo_cov_urb,2024,40.193
chl,sex_f,age_ythadult_y15_24,geo_cov_urb,2025,44.145
chl,sex_f,age_ythadult_y15_64,geo_cov_nat,2010,25.128
chl,sex_f,age_ythadult_y15_64,geo_cov_nat,2011,22.453
chl,sex_f,age_ythadult_y15_64,geo_cov_nat,2012,20.959
chl,sex_f,age_ythadult_y15_64,geo_cov_nat,2013,19.369
chl,sex_f,age_ythadult_y15_64,geo_cov_nat,2014,18.517
chl,sex_f,age_ythadult_y15_64,geo_cov_nat,2015,18.336
chl,sex_f,age_ythadult_y15_64,geo_cov_nat,2016,17.781
chl,sex_f,age_ythadult_y15_64,geo_cov_nat,2017,17.348
chl,sex_f,age_ythadult_y15_64,geo_cov_nat,2018,17.335
chl,sex_f,age_ythadult_y15_64,geo_cov_nat,2019,16.976
chl,sex_f,age_ythadult_y15_64,geo_cov_nat,2020,28.069
chl,sex_f,age_ythadult_y15_64,geo_cov_nat,2021,20.814
chl,sex_f,age_ythadult_y15_64,geo_cov_nat,2022,17.623
chl,sex_f,age_ythadult_y15_64,geo_cov_nat,2023,18.09
chl,sex_f,age_ythadult_y15_64,geo_cov_nat,2024,18.571
chl,sex_f,age_ythadult_y15_64,geo_cov_nat,2025,18.878
chl,sex_f,age_ythadult_y15_64,geo_cov_rur,2010,34.622
chl,sex_f,age_ythadult_y15_64,geo_cov_rur,2011,31.924
chl,sex_f,age_ythadult_y15_64,geo_cov_rur,2012,30.099
chl,sex_f,age_ythadult_y15_64,geo_cov_rur,2013,27.54
chl,sex_f,age_ythadult_y15_64,geo_cov_rur,2014,26.45
chl,sex_f,age_ythadult_y15_64,geo_cov_rur,2015,25.884
chl,sex_f,age_ythadult_y15_64,geo_cov_rur,2016,24.011
chl,sex_f,age_ythadult_y15_64,geo_cov_rur,2017,25.095
chl,sex_f,age_ythadult_y15_64,geo_cov_rur,2018,23.963
chl,sex_f,age_ythadult_y15_64,geo_cov_rur,2019,23.465
chl,sex_f,age_ythadult_y15_64,geo_cov_rur,2020,36.026
chl,sex_f,age_ythadult_y15_64,geo_cov_rur,2021,27.939
chl,sex_f,age_ythadult_y15_64,geo_cov_rur,2022,24.061
chl,sex_f,age_ythadult_y15_64,geo_cov_rur,2023,25.904
chl,sex_f,age_ythadult_y15_64,geo_cov_rur,2024,26.688
chl,sex_f,age_ythadult_y15_64,geo_cov_rur,2025,25.412
chl,sex_f,age_ythadult_y15_64,geo_cov_urb,2010,24.095
chl,sex_f,age_ythadult_y15_64,geo_cov_urb,2011,21.41
chl,sex_f,age_ythadult_y15_64,geo_cov_urb,2012,19.916
chl,sex_f,age_ythadult_y15_64,geo_cov_urb,2013,18.422
chl,sex_f,age_ythadult_y15_64,geo_cov_urb,2014,17.599
chl,sex_f,age_ythadult_y15_64,geo_cov_urb,2015,17.483
chl,sex_f,age_ythadult_y15_64,geo_cov_urb,2016,17.065
chl,sex_f,age_ythadult_y15_64,geo_cov_urb,2017,16.46
chl,sex_f,age_ythadult_y15_64,geo_cov_urb,2018,16.612
chl,sex_f,age_ythadult_y15_64,geo_cov_urb,2019,16.304
chl,sex_f,age_ythadult_y15_64,geo_cov_urb,2020,27.26
chl,sex_f,age_ythadult_y15_64,geo_cov_urb,2021,20.138
chl,sex_f,age_ythadult_y15_64,geo_cov_urb,2022,17.007
chl,sex_f,age_ythadult_y15_64,geo_cov_urb,2023,17.336
chl,sex_f,age_ythadult_y15_64,geo_cov_urb,2024,17.756
chl,sex_f,age_ythadult_y15_64,geo_cov_urb,2025,18.229
chl,sex_f,age_ythadult_yge15,geo_cov_nat,2010,25.466
chl,sex_f,age_ythadult_yge15,geo_cov_nat,2011,22.746
chl,sex_f,age_ythadult_yge15,geo_cov_nat,2012,21.308
chl,sex_f,age_ythadult_yge15,geo_cov_nat,2013,19.665
chl,sex_f,age_ythadult_yge15,geo_cov_nat,2014,18.825
chl,sex_f,age_ythadult_yge15,geo_cov_nat,2015,18.702
chl,sex_f,age_ythadult_yge15,geo_cov_nat,2016,18.239
chl,sex_f,age_ythadult_yge15,geo_cov_nat,2017,17.707
chl,sex_f,age_ythadult_yge15,geo_cov_nat,2018,17.582
chl,sex_f,age_ythadult_yge15,geo_cov_nat,2019,17.287
chl,sex_f,age_ythadult_yge15,geo_cov_nat,2020,28.939
chl,sex_f,age_ythadult_yge15,geo_cov_nat,2021,21.431
chl,sex_f,age_ythadult_yge15,geo_cov_nat,2022,18.04
chl,sex_f,age_ythadult_yge15,geo_cov_nat,2023,18.67
chl,sex_f,age_ythadult_yge15,geo_cov_nat,2024,19.347
chl,sex_f,age_ythadult_yge15,geo_cov_nat,2025,19.584
chl,sex_f,age_ythadult_yge15,geo_cov_rur,2010,34.243
chl,sex_f,age_ythadult_yge15,geo_cov_rur,2011,31.663
chl,sex_f,age_ythadult_yge15,geo_cov_rur,2012,29.813
chl,sex_f,age_ythadult_yge15,geo_cov_rur,2013,27.188
chl,sex_f,age_ythadult_yge15,geo_cov_rur,2014,26.184
chl,sex_f,age_ythadult_yge15,geo_cov_rur,2015,25.712
chl,sex_f,age_ythadult_yge15,geo_cov_rur,2016,23.804
chl,sex_f,age_ythadult_yge15,geo_cov_rur,2017,24.816
chl,sex_f,age_ythadult_yge15,geo_cov_rur,2018,23.576
chl,sex_f,age_ythadult_yge15,geo_cov_rur,2019,23.304
chl,sex_f,age_ythadult_yge15,geo_cov_rur,2020,36.407
chl,sex_f,age_ythadult_yge15,geo_cov_rur,2021,28.009
chl,sex_f,age_ythadult_yge15,geo_cov_rur,2022,24.015
chl,sex_f,age_ythadult_yge15,geo_cov_rur,2023,26.061
chl,sex_f,age_ythadult_yge15,geo_cov_rur,2024,27.357
chl,sex_f,age_ythadult_yge15,geo_cov_rur,2025,26.042
chl,sex_f,age_ythadult_yge15,geo_cov_urb,2010,24.509
chl,sex_f,age_ythadult_yge15,geo_cov_urb,2011,21.76
chl,sex_f,age_ythadult_yge15,geo_cov_urb,2012,20.329
chl,sex_f,age_ythadult_yge15,geo_cov_urb,2013,18.786
chl,sex_f,age_ythadult_yge15,geo_cov_urb,2014,17.966
chl,sex_f,age_ythadult_yge15,geo_cov_urb,2015,17.904
chl,sex_f,age_ythadult_yge15,geo_cov_urb,2016,17.6
chl,sex_f,age_ythadult_yge15,geo_cov_urb,2017,16.892
chl,sex_f,age_ythadult_yge15,geo_cov_urb,2018,16.924
chl,sex_f,age_ythadult_yge15,geo_cov_urb,2019,16.66
chl,sex_f,age_ythadult_yge15,geo_cov_urb,2020,28.179
chl,sex_f,age_ythadult_yge15,geo_cov_urb,2021,20.807
chl,sex_f,age_ythadult_yge15,geo_cov_urb,2022,17.463
chl,sex_f,age_ythadult_yge15,geo_cov_urb,2023,17.944
chl,sex_f,age_ythadult_yge15,geo_cov_urb,2024,18.523
chl,sex_f,age_ythadult_yge15,geo_cov_urb,2025,18.932
chl,sex_f,age_ythadult_yge25,geo_cov_nat,2010,21.958
chl,sex_f,age_ythadult_yge25,geo_cov_nat,2011,19.23
chl,sex_f,age_ythadult_yge25,geo_cov_nat,2012,18.076
chl,sex_f,age_ythadult_yge25,geo_cov_nat,2013,16.401
chl,sex_f,age_ythadult_yge25,geo_cov_nat,2014,15.694
chl,sex_f,age_ythadult_yge25,geo_cov_nat,2015,15.924
chl,sex_f,age_ythadult_yge25,geo_cov_nat,2016,15.817
chl,sex_f,age_ythadult_yge25,geo_cov_nat,2017,15.206
chl,sex_f,age_ythadult_yge25,geo_cov_nat,2018,15.11
chl,sex_f,age_ythadult_yge25,geo_cov_nat,2019,15.093
chl,sex_f,age_ythadult_yge25,geo_cov_nat,2020,25.837
chl,sex_f,age_ythadult_yge25,geo_cov_nat,2021,19.219
chl,sex_f,age_ythadult_yge25,geo_cov_nat,2022,16.164
chl,sex_f,age_ythadult_yge25,geo_cov_nat,2023,16.604
chl,sex_f,age_ythadult_yge25,geo_cov_nat,2024,17.248
chl,sex_f,age_ythadult_yge25,geo_cov_nat,2025,17.305
chl,sex_f,age_ythadult_yge25,geo_cov_rur,2010,30.794
chl,sex_f,age_ythadult_yge25,geo_cov_rur,2011,28.646
chl,sex_f,age_ythadult_yge25,geo_cov_rur,2012,26.79
chl,sex_f,age_ythadult_yge25,geo_cov_rur,2013,23.914
chl,sex_f,age_ythadult_yge25,geo_cov_rur,2014,23.125
chl,sex_f,age_ythadult_yge25,geo_cov_rur,2015,22.872
chl,sex_f,age_ythadult_yge25,geo_cov_rur,2016,21.373
chl,sex_f,age_ythadult_yge25,geo_cov_rur,2017,22.35
chl,sex_f,age_ythadult_yge25,geo_cov_rur,2018,21.366
chl,sex_f,age_ythadult_yge25,geo_cov_rur,2019,21.337
chl,sex_f,age_ythadult_yge25,geo_cov_rur,2020,33.11
chl,sex_f,age_ythadult_yge25,geo_cov_rur,2021,25.726
chl,sex_f,age_ythadult_yge25,geo_cov_rur,2022,22.117
chl,sex_f,age_ythadult_yge25,geo_cov_rur,2023,24.054
chl,sex_f,age_ythadult_yge25,geo_cov_rur,2024,25.143
chl,sex_f,age_ythadult_yge25,geo_cov_rur,2025,24.202
chl,sex_f,age_ythadult_yge25,geo_cov_urb,2010,21.005
chl,sex_f,age_ythadult_yge25,geo_cov_urb,2011,18.184
chl,sex_f,age_ythadult_yge25,geo_cov_urb,2012,17.074
chl,sex_f,age_ythadult_yge25,geo_cov_urb,2013,15.529
chl,sex_f,age_ythadult_yge25,geo_cov_urb,2014,14.833
chl,sex_f,age_ythadult_yge25,geo_cov_urb,2015,15.134
chl,sex_f,age_ythadult_yge25,geo_cov_urb,2016,15.189
chl,sex_f,age_ythadult_yge25,geo_cov_urb,2017,14.395
chl,sex_f,age_ythadult_yge25,geo_cov_urb,2018,14.428
chl,sex_f,age_ythadult_yge25,geo_cov_urb,2019,14.442
chl,sex_f,age_ythadult_yge25,geo_cov_urb,2020,25.11
chl,sex_f,age_ythadult_yge25,geo_cov_urb,2021,18.611
chl,sex_f,age_ythadult_yge25,geo_cov_urb,2022,15.596
chl,sex_f,age_ythadult_yge25,geo_cov_urb,2023,15.879
chl,sex_f,age_ythadult_yge25,geo_cov_urb,2024,16.446
chl,sex_f,age_ythadult_yge25,geo_cov_urb,2025,16.615
chl,sex_m,age_aggregate_total,geo_cov_nat,2010,13.113
chl,sex_m,age_aggregate_total,geo_cov_nat,2011,11.923
chl,sex_m,age_aggregate_total,geo_cov_nat,2012,10.96
chl,sex_m,age_aggregate_total,geo_cov_nat,2013,10.623
chl,sex_m,age_aggregate_total,geo_cov_nat,2014,11.299
chl,sex_m,age_aggregate_total,geo_cov_nat,2015,10.963
chl,sex_m,age_aggregate_total,geo_cov_nat,2016,11.252
chl,sex_m,age_aggregate_total,geo_cov_nat,2017,11.539
chl,sex_m,age_aggregate_total,geo_cov_nat,2018,11.509
chl,sex_m,age_aggregate_total,geo_cov_nat,2019,11.599
chl,sex_m,age_aggregate_total,geo_cov_nat,2020,21.607
chl,sex_m,age_aggregate_total,geo_cov_nat,2021,16.379
chl,sex_m,age_aggregate_total,geo_cov_nat,2022,13.65
chl,sex_m,age_aggregate_total,geo_cov_nat,2023,14.724
chl,sex_m,age_aggregate_total,geo_cov_nat,2024,14.022
chl,sex_m,age_aggregate_total,geo_cov_nat,2025,14.128
chl,sex_m,age_aggregate_total,geo_cov_rur,2010,11.531
chl,sex_m,age_aggregate_total,geo_cov_rur,2011,10.405
chl,sex_m,age_aggregate_total,geo_cov_rur,2012,10.035
chl,sex_m,age_aggregate_total,geo_cov_rur,2013,9.922
chl,sex_m,age_aggregate_total,geo_cov_rur,2014,9.889
chl,sex_m,age_aggregate_total,geo_cov_rur,2015,9.966
chl,sex_m,age_aggregate_total,geo_cov_rur,2016,9.323
chl,sex_m,age_aggregate_total,geo_cov_rur,2017,10.33
chl,sex_m,age_aggregate_total,geo_cov_rur,2018,10.414
chl,sex_m,age_aggregate_total,geo_cov_rur,2019,10.766
chl,sex_m,age_aggregate_total,geo_cov_rur,2020,21.263
chl,sex_m,age_aggregate_total,geo_cov_rur,2021,17.917
chl,sex_m,age_aggregate_total,geo_cov_rur,2022,14.912
chl,sex_m,age_aggregate_total,geo_cov_rur,2023,15.867
chl,sex_m,age_aggregate_total,geo_cov_rur,2024,15.098
chl,sex_m,age_aggregate_total,geo_cov_rur,2025,13.989
chl,sex_m,age_aggregate_total,geo_cov_urb,2010,13.37
chl,sex_m,age_aggregate_total,geo_cov_urb,2011,12.164
chl,sex_m,age_aggregate_total,geo_cov_urb,2012,11.104
chl,sex_m,age_aggregate_total,geo_cov_urb,2013,10.732
chl,sex_m,age_aggregate_total,geo_cov_urb,2014,11.519
chl,sex_m,age_aggregate_total,geo_cov_urb,2015,11.118
chl,sex_m,age_aggregate_total,geo_cov_urb,2016,11.548
chl,sex_m,age_aggregate_total,geo_cov_urb,2017,11.722
chl,sex_m,age_aggregate_total,geo_cov_urb,2018,11.672
chl,sex_m,age_aggregate_total,geo_cov_urb,2019,11.721
chl,sex_m,age_aggregate_total,geo_cov_urb,2020,21.655
chl,sex_m,age_aggregate_total,geo_cov_urb,2021,16.168
chl,sex_m,age_aggregate_total,geo_cov_urb,2022,13.478
chl,sex_m,age_aggregate_total,geo_cov_urb,2023,14.569
chl,sex_m,age_aggregate_total,geo_cov_urb,2024,13.874
chl,sex_m,age_aggregate_total,geo_cov_urb,2025,14.147
chl,sex_m,age_aggregate_y15_24,geo_cov_nat,2010,32.043
chl,sex_m,age_aggregate_y15_24,geo_cov_nat,2011,30.608
chl,sex_m,age_aggregate_y15_24,geo_cov_nat,2012,29.535
chl,sex_m,age_aggregate_y15_24,geo_cov_nat,2013,28.901
chl,sex_m,age_aggregate_y15_24,geo_cov_nat,2014,28.667
chl,sex_m,age_aggregate_y15_24,geo_cov_nat,2015,27.332
chl,sex_m,age_aggregate_y15_24,geo_cov_nat,2016,27.623
chl,sex_m,age_aggregate_y15_24,geo_cov_nat,2017,29.674
chl,sex_m,age_aggregate_y15_24,geo_cov_nat,2018,29.558
chl,sex_m,age_aggregate_y15_24,geo_cov_nat,2019,32.601
chl,sex_m,age_aggregate_y15_24,geo_cov_nat,2020,47.282
chl,sex_m,age_aggregate_y15_24,geo_cov_nat,2021,36.757
chl,sex_m,age_aggregate_y15_24,geo_cov_nat,2022,30.936
chl,sex_m,age_aggregate_y15_24,geo_cov_nat,2023,34.172
chl,sex_m,age_aggregate_y15_24,geo_cov_nat,2024,34.557
chl,sex_m,age_aggregate_y15_24,geo_cov_nat,2025,35.433
chl,sex_m,age_aggregate_y15_24,geo_cov_rur,2010,25.942
chl,sex_m,age_aggregate_y15_24,geo_cov_rur,2011,24.123
chl,sex_m,age_aggregate_y15_24,geo_cov_rur,2012,25.63
chl,sex_m,age_aggregate_y15_24,geo_cov_rur,2013,27.329
chl,sex_m,age_aggregate_y15_24,geo_cov_rur,2014,24.962
chl,sex_m,age_aggregate_y15_24,geo_cov_rur,2015,23.351
chl,sex_m,age_aggregate_y15_24,geo_cov_rur,2016,22.871
chl,sex_m,age_aggregate_y15_24,geo_cov_rur,2017,26.283
chl,sex_m,age_aggregate_y15_24,geo_cov_rur,2018,28.878
chl,sex_m,age_aggregate_y15_24,geo_cov_rur,2019,27.076
chl,sex_m,age_aggregate_y15_24,geo_cov_rur,2020,43.421
chl,sex_m,age_aggregate_y15_24,geo_cov_rur,2021,36.411
chl,sex_m,age_aggregate_y15_24,geo_cov_rur,2022,29.403
chl,sex_m,age_aggregate_y15_24,geo_cov_rur,2023,33.913
chl,sex_m,age_aggregate_y15_24,geo_cov_rur,2024,34.583
chl,sex_m,age_aggregate_y15_24,geo_cov_rur,2025,33.724
chl,sex_m,age_aggregate_y15_24,geo_cov_urb,2010,32.967
chl,sex_m,age_aggregate_y15_24,geo_cov_urb,2011,31.548
chl,sex_m,age_aggregate_y15_24,geo_cov_urb,2012,30.113
chl,sex_m,age_aggregate_y15_24,geo_cov_urb,2013,29.131
chl,sex_m,age_aggregate_y15_24,geo_cov_urb,2014,29.212
chl,sex_m,age_aggregate_y15_24,geo_cov_urb,2015,27.91
chl,sex_m,age_aggregate_y15_24,geo_cov_urb,2016,28.306
chl,sex_m,age_aggregate_y15_24,geo_cov_urb,2017,30.164
chl,sex_m,age_aggregate_y15_24,geo_cov_urb,2018,29.654
chl,sex_m,age_aggregate_y15_24,geo_cov_urb,2019,33.357
chl,sex_m,age_aggregate_y15_24,geo_cov_urb,2020,47.828
chl,sex_m,age_aggregate_y15_24,geo_cov_urb,2021,36.804
chl,sex_m,age_aggregate_y15_24,geo_cov_urb,2022,31.152
chl,sex_m,age_aggregate_y15_24,geo_cov_urb,2023,34.206
chl,sex_m,age_aggregate_y15_24,geo_cov_urb,2024,34.554
chl,sex_m,age_aggregate_y15_24,geo_cov_urb,2025,35.643
chl,sex_m,age_aggregate_y25_54,geo_cov_nat,2010,8.702
chl,sex_m,age_aggregate_y25_54,geo_cov_nat,2011,7.564
chl,sex_m,age_aggregate_y25_54,geo_cov_nat,2012,7.028
chl,sex_m,age_aggregate_y25_54,geo_cov_nat,2013,7.054
chl,sex_m,age_aggregate_y25_54,geo_cov_nat,2014,8.031
chl,sex_m,age_aggregate_y25_54,geo_cov_nat,2015,8.051
chl,sex_m,age_aggregate_y25_54,geo_cov_nat,2016,8.541
chl,sex_m,age_aggregate_y25_54,geo_cov_nat,2017,8.775
chl,sex_m,age_aggregate_y25_54,geo_cov_nat,2018,9.127
chl,sex_m,age_aggregate_y25_54,geo_cov_nat,2019,8.99
chl,sex_m,age_aggregate_y25_54,geo_cov_nat,2020,18.057
chl,sex_m,age_aggregate_y25_54,geo_cov_nat,2021,13.63
chl,sex_m,age_aggregate_y25_54,geo_cov_nat,2022,11.201
chl,sex_m,age_aggregate_y25_54,geo_cov_nat,2023,11.965
chl,sex_m,age_aggregate_y25_54,geo_cov_nat,2024,10.963
chl,sex_m,age_aggregate_y25_54,geo_cov_nat,2025,11.119
chl,sex_m,age_aggregate_y25_54,geo_cov_rur,2010,8.116
chl,sex_m,age_aggregate_y25_54,geo_cov_rur,2011,7.428
chl,sex_m,age_aggregate_y25_54,geo_cov_rur,2012,7
chl,sex_m,age_aggregate_y25_54,geo_cov_rur,2013,6.669
chl,sex_m,age_aggregate_y25_54,geo_cov_rur,2014,7.028
chl,sex_m,age_aggregate_y25_54,geo_cov_rur,2015,7.535
chl,sex_m,age_aggregate_y25_54,geo_cov_rur,2016,7.333
chl,sex_m,age_aggregate_y25_54,geo_cov_rur,2017,7.71
chl,sex_m,age_aggregate_y25_54,geo_cov_rur,2018,8.148
chl,sex_m,age_aggregate_y25_54,geo_cov_rur,2019,8.643
chl,sex_m,age_aggregate_y25_54,geo_cov_rur,2020,17.633
chl,sex_m,age_aggregate_y25_54,geo_cov_rur,2021,15.934
chl,sex_m,age_aggregate_y25_54,geo_cov_rur,2022,12.908
chl,sex_m,age_aggregate_y25_54,geo_cov_rur,2023,13.544
chl,sex_m,age_aggregate_y25_54,geo_cov_rur,2024,11.972
chl,sex_m,age_aggregate_y25_54,geo_cov_rur,2025,10.97
chl,sex_m,age_aggregate_y25_54,geo_cov_urb,2010,8.794
chl,sex_m,age_aggregate_y25_54,geo_cov_urb,2011,7.584
chl,sex_m,age_aggregate_y25_54,geo_cov_urb,2012,7.032
chl,sex_m,age_aggregate_y25_54,geo_cov_urb,2013,7.113
chl,sex_m,age_aggregate_y25_54,geo_cov_urb,2014,8.18
chl,sex_m,age_aggregate_y25_54,geo_cov_urb,2015,8.127
chl,sex_m,age_aggregate_y25_54,geo_cov_urb,2016,8.718
chl,sex_m,age_aggregate_y25_54,geo_cov_urb,2017,8.928
chl,sex_m,age_aggregate_y25_54,geo_cov_urb,2018,9.265
chl,sex_m,age_aggregate_y25_54,geo_cov_urb,2019,9.038
chl,sex_m,age_aggregate_y25_54,geo_cov_urb,2020,18.112
chl,sex_m,age_aggregate_y25_54,geo_cov_urb,2021,13.346
chl,sex_m,age_aggregate_y25_54,geo_cov_urb,2022,11
chl,sex_m,age_aggregate_y25_54,geo_cov_urb,2023,11.781
chl,sex_m,age_aggregate_y25_54,geo_cov_urb,2024,10.845
chl,sex_m,age_aggregate_y25_54,geo_cov_urb,2025,11.137
chl,sex_m,age_aggregate_y55_64,geo_cov_nat,2010,10.128
chl,sex_m,age_aggregate_y55_64,geo_cov_nat,2011,8.495
chl,sex_m,age_aggregate_y55_64,geo_cov_nat,2012,7.252
chl,sex_m,age_aggregate_y55_64,geo_cov_nat,2013,6.29
chl,sex_m,age_aggregate_y55_64,geo_cov_nat,2014,7.429
chl,sex_m,age_aggregate_y55_64,geo_cov_nat,2015,6.99
chl,sex_m,age_aggregate_y55_64,geo_cov_nat,2016,8.106
chl,sex_m,age_aggregate_y55_64,geo_cov_nat,2017,7.942
chl,sex_m,age_aggregate_y55_64,geo_cov_nat,2018,7.735
chl,sex_m,age_aggregate_y55_64,geo_cov_nat,2019,7.503
chl,sex_m,age_aggregate_y55_64,geo_cov_nat,2020,16.695
chl,sex_m,age_aggregate_y55_64,geo_cov_nat,2021,13.892
chl,sex_m,age_aggregate_y55_64,geo_cov_nat,2022,11.269
chl,sex_m,age_aggregate_y55_64,geo_cov_nat,2023,12.865
chl,sex_m,age_aggregate_y55_64,geo_cov_nat,2024,11.065
chl,sex_m,age_aggregate_y55_64,geo_cov_nat,2025,11.574
chl,sex_m,age_aggregate_y55_64,geo_cov_rur,2010,9.899
chl,sex_m,age_aggregate_y55_64,geo_cov_rur,2011,8.213
chl,sex_m,age_aggregate_y55_64,geo_cov_rur,2012,6.907
chl,sex_m,age_aggregate_y55_64,geo_cov_rur,2013,7.226
chl,sex_m,age_aggregate_y55_64,geo_cov_rur,2014,6.923
chl,sex_m,age_aggregate_y55_64,geo_cov_rur,2015,7.285
chl,sex_m,age_aggregate_y55_64,geo_cov_rur,2016,6.613
chl,sex_m,age_aggregate_y55_64,geo_cov_rur,2017,7.972
chl,sex_m,age_aggregate_y55_64,geo_cov_rur,2018,6.869
chl,sex_m,age_aggregate_y55_64,geo_cov_rur,2019,8.37
chl,sex_m,age_aggregate_y55_64,geo_cov_rur,2020,18.704
chl,sex_m,age_aggregate_y55_64,geo_cov_rur,2021,14.16
chl,sex_m,age_aggregate_y55_64,geo_cov_rur,2022,12.885
chl,sex_m,age_aggregate_y55_64,geo_cov_rur,2023,13.148
chl,sex_m,age_aggregate_y55_64,geo_cov_rur,2024,12.639
chl,sex_m,age_aggregate_y55_64,geo_cov_rur,2025,12.014
chl,sex_m,age_aggregate_y55_64,geo_cov_urb,2010,10.169
chl,sex_m,age_aggregate_y55_64,geo_cov_urb,2011,8.545
chl,sex_m,age_aggregate_y55_64,geo_cov_urb,2012,7.31
chl,sex_m,age_aggregate_y55_64,geo_cov_urb,2013,6.135
chl,sex_m,age_aggregate_y55_64,geo_cov_urb,2014,7.513
chl,sex_m,age_aggregate_y55_64,geo_cov_urb,2015,6.939
chl,sex_m,age_aggregate_y55_64,geo_cov_urb,2016,8.366
chl,sex_m,age_aggregate_y55_64,geo_cov_urb,2017,7.936
chl,sex_m,age_aggregate_y55_64,geo_cov_urb,2018,7.883
chl,sex_m,age_aggregate_y55_64,geo_cov_urb,2019,7.36
chl,sex_m,age_aggregate_y55_64,geo_cov_urb,2020,16.33
chl,sex_m,age_aggregate_y55_64,geo_cov_urb,2021,13.843
chl,sex_m,age_aggregate_y55_64,geo_cov_urb,2022,10.963
chl,sex_m,age_aggregate_y55_64,geo_cov_urb,2023,12.811
chl,sex_m,age_aggregate_y55_64,geo_cov_urb,2024,10.772
chl,sex_m,age_aggregate_y55_64,geo_cov_urb,2025,11.494
chl,sex_m,age_aggregate_yge65,geo_cov_nat,2010,20.286
chl,sex_m,age_aggregate_yge65,geo_cov_nat,2011,20.023
chl,sex_m,age_aggregate_yge65,geo_cov_nat,2012,17.938
chl,sex_m,age_aggregate_yge65,geo_cov_nat,2013,17.752
chl,sex_m,age_aggregate_yge65,geo_cov_nat,2014,17.113
chl,sex_m,age_aggregate_yge65,geo_cov_nat,2015,16.727
chl,sex_m,age_aggregate_yge65,geo_cov_nat,2016,15.152
chl,sex_m,age_aggregate_yge65,geo_cov_nat,2017,15.208
chl,sex_m,age_aggregate_yge65,geo_cov_nat,2018,14.267
chl,sex_m,age_aggregate_yge65,geo_cov_nat,2019,14.722
chl,sex_m,age_aggregate_yge65,geo_cov_nat,2020,28.612
chl,sex_m,age_aggregate_yge65,geo_cov_nat,2021,22.821
chl,sex_m,age_aggregate_yge65,geo_cov_nat,2022,20.789
chl,sex_m,age_aggregate_yge65,geo_cov_nat,2023,20.782
chl,sex_m,age_aggregate_yge65,geo_cov_nat,2024,23.446
chl,sex_m,age_aggregate_yge65,geo_cov_nat,2025,21.547
chl,sex_m,age_aggregate_yge65,geo_cov_rur,2010,15.815
chl,sex_m,age_aggregate_yge65,geo_cov_rur,2011,13.716
chl,sex_m,age_aggregate_yge65,geo_cov_rur,2012,13.036
chl,sex_m,age_aggregate_yge65,geo_cov_rur,2013,12.525
chl,sex_m,age_aggregate_yge65,geo_cov_rur,2014,13.604
chl,sex_m,age_aggregate_yge65,geo_cov_rur,2015,13.718
chl,sex_m,age_aggregate_yge65,geo_cov_rur,2016,11.139
chl,sex_m,age_aggregate_yge65,geo_cov_rur,2017,13.523
chl,sex_m,age_aggregate_yge65,geo_cov_rur,2018,11.932
chl,sex_m,age_aggregate_yge65,geo_cov_rur,2019,12.672
chl,sex_m,age_aggregate_yge65,geo_cov_rur,2020,26.151
chl,sex_m,age_aggregate_yge65,geo_cov_rur,2021,21.423
chl,sex_m,age_aggregate_yge65,geo_cov_rur,2022,17.847
chl,sex_m,age_aggregate_yge65,geo_cov_rur,2023,19.618
chl,sex_m,age_aggregate_yge65,geo_cov_rur,2024,20.683
chl,sex_m,age_aggregate_yge65,geo_cov_rur,2025,19.238
chl,sex_m,age_aggregate_yge65,geo_cov_urb,2010,21.388
chl,sex_m,age_aggregate_yge65,geo_cov_urb,2011,21.562
chl,sex_m,age_aggregate_yge65,geo_cov_urb,2012,19.026
chl,sex_m,age_aggregate_yge65,geo_cov_urb,2013,18.903
chl,sex_m,age_aggregate_yge65,geo_cov_urb,2014,17.955
chl,sex_m,age_aggregate_yge65,geo_cov_urb,2015,17.396
chl,sex_m,age_aggregate_yge65,geo_cov_urb,2016,15.934
chl,sex_m,age_aggregate_yge65,geo_cov_urb,2017,15.528
chl,sex_m,age_aggregate_yge65,geo_cov_urb,2018,14.722
chl,sex_m,age_aggregate_yge65,geo_cov_urb,2019,15.128
chl,sex_m,age_aggregate_yge65,geo_cov_urb,2020,29.085
chl,sex_m,age_aggregate_yge65,geo_cov_urb,2021,23.099
chl,sex_m,age_aggregate_yge65,geo_cov_urb,2022,21.398
chl,sex_m,age_aggregate_yge65,geo_cov_urb,2023,21.03
chl,sex_m,age_aggregate_yge65,geo_cov_urb,2024,24.07
chl,sex_m,age_aggregate_yge65,geo_cov_urb,2025,22.057
chl,sex_m,age_ythadult_y15_24,geo_cov_nat,2010,32.043
chl,sex_m,age_ythadult_y15_24,geo_cov_nat,2011,30.608
chl,sex_m,age_ythadult_y15_24,geo_cov_nat,2012,29.535
chl,sex_m,age_ythadult_y15_24,geo_cov_nat,2013,28.901
chl,sex_m,age_ythadult_y15_24,geo_cov_nat,2014,28.667
chl,sex_m,age_ythadult_y15_24,geo_cov_nat,2015,27.332
chl,sex_m,age_ythadult_y15_24,geo_cov_nat,2016,27.623
chl,sex_m,age_ythadult_y15_24,geo_cov_nat,2017,29.674
chl,sex_m,age_ythadult_y15_24,geo_cov_nat,2018,29.558
chl,sex_m,age_ythadult_y15_24,geo_cov_nat,2019,32.601
chl,sex_m,age_ythadult_y15_24,geo_cov_nat,2020,47.282
chl,sex_m,age_ythadult_y15_24,geo_cov_nat,2021,36.757
chl,sex_m,age_ythadult_y15_24,geo_cov_nat,2022,30.936
chl,sex_m,age_ythadult_y15_24,geo_cov_nat,2023,34.172
chl,sex_m,age_ythadult_y15_24,geo_cov_nat,2024,34.557
chl,sex_m,age_ythadult_y15_24,geo_cov_nat,2025,35.433
chl,sex_m,age_ythadult_y15_24,geo_cov_rur,2010,25.942
chl,sex_m,age_ythadult_y15_24,geo_cov_rur,2011,24.123
chl,sex_m,age_ythadult_y15_24,geo_cov_rur,2012,25.63
chl,sex_m,age_ythadult_y15_24,geo_cov_rur,2013,27.329
chl,sex_m,age_ythadult_y15_24,geo_cov_rur,2014,24.962
chl,sex_m,age_ythadult_y15_24,geo_cov_rur,2015,23.351
chl,sex_m,age_ythadult_y15_24,geo_cov_rur,2016,22.871
chl,sex_m,age_ythadult_y15_24,geo_cov_rur,2017,26.283
chl,sex_m,age_ythadult_y15_24,geo_cov_rur,2018,28.878
chl,sex_m,age_ythadult_y15_24,geo_cov_rur,2019,27.076
chl,sex_m,age_ythadult_y15_24,geo_cov_rur,2020,43.421
chl,sex_m,age_ythadult_y15_24,geo_cov_rur,2021,36.411
chl,sex_m,age_ythadult_y15_24,geo_cov_rur,2022,29.403
chl,sex_m,age_ythadult_y15_24,geo_cov_rur,2023,33.913
chl,sex_m,age_ythadult_y15_24,geo_cov_rur,2024,34.583
chl,sex_m,age_ythadult_y15_24,geo_cov_rur,2025,33.724
chl,sex_m,age_ythadult_y15_24,geo_cov_urb,2010,32.967
chl,sex_m,age_ythadult_y15_24,geo_cov_urb,2011,31.548
chl,sex_m,age_ythadult_y15_24,geo_cov_urb,2012,30.113
chl,sex_m,age_ythadult_y15_24,geo_cov_urb,2013,29.131
chl,sex_m,age_ythadult_y15_24,geo_cov_urb,2014,29.212
chl,sex_m,age_ythadult_y15_24,geo_cov_urb,2015,27.91
chl,sex_m,age_ythadult_y15_24,geo_cov_urb,2016,28.306
chl,sex_m,age_ythadult_y15_24,geo_cov_urb,2017,30.164
chl,sex_m,age_ythadult_y15_24,geo_cov_urb,2018,29.654
chl,sex_m,age_ythadult_y15_24,geo_cov_urb,2019,33.357
chl,sex_m,age_ythadult_y15_24,geo_cov_urb,2020,47.828
chl,sex_m,age_ythadult_y15_24,geo_cov_urb,2021,36.804
chl,sex_m,age_ythadult_y15_24,geo_cov_urb,2022,31.152
chl,sex_m,age_ythadult_y15_24,geo_cov_urb,2023,34.206
chl,sex_m,age_ythadult_y15_24,geo_cov_urb,2024,34.554
chl,sex_m,age_ythadult_y15_24,geo_cov_urb,2025,35.643
chl,sex_m,age_ythadult_y15_64,geo_cov_nat,2010,12.721
chl,sex_m,age_ythadult_y15_64,geo_cov_nat,2011,11.439
chl,sex_m,age_ythadult_y15_64,geo_cov_nat,2012,10.537
chl,sex_m,age_ythadult_y15_64,geo_cov_nat,2013,10.178
chl,sex_m,age_ythadult_y15_64,geo_cov_nat,2014,10.925
chl,sex_m,age_ythadult_y15_64,geo_cov_nat,2015,10.565
chl,sex_m,age_ythadult_y15_64,geo_cov_nat,2016,10.963
chl,sex_m,age_ythadult_y15_64,geo_cov_nat,2017,11.258
chl,sex_m,age_ythadult_y15_64,geo_cov_nat,2018,11.297
chl,sex_m,age_ythadult_y15_64,geo_cov_nat,2019,11.352
chl,sex_m,age_ythadult_y15_64,geo_cov_nat,2020,21.081
chl,sex_m,age_ythadult_y15_64,geo_cov_nat,2021,15.917
chl,sex_m,age_ythadult_y15_64,geo_cov_nat,2022,13.11
chl,sex_m,age_ythadult_y15_64,geo_cov_nat,2023,14.232
chl,sex_m,age_ythadult_y15_64,geo_cov_nat,2024,13.206
chl,sex_m,age_ythadult_y15_64,geo_cov_nat,2025,13.469
chl,sex_m,age_ythadult_y15_64,geo_cov_rur,2010,11.191
chl,sex_m,age_ythadult_y15_64,geo_cov_rur,2011,10.115
chl,sex_m,age_ythadult_y15_64,geo_cov_rur,2012,9.786
chl,sex_m,age_ythadult_y15_64,geo_cov_rur,2013,9.702
chl,sex_m,age_ythadult_y15_64,geo_cov_rur,2014,9.538
chl,sex_m,age_ythadult_y15_64,geo_cov_rur,2015,9.609
chl,sex_m,age_ythadult_y15_64,geo_cov_rur,2016,9.155
chl,sex_m,age_ythadult_y15_64,geo_cov_rur,2017,10.027
chl,sex_m,age_ythadult_y15_64,geo_cov_rur,2018,10.264
chl,sex_m,age_ythadult_y15_64,geo_cov_rur,2019,10.565
chl,sex_m,age_ythadult_y15_64,geo_cov_rur,2020,20.777
chl,sex_m,age_ythadult_y15_64,geo_cov_rur,2021,17.562
chl,sex_m,age_ythadult_y15_64,geo_cov_rur,2022,14.584
chl,sex_m,age_ythadult_y15_64,geo_cov_rur,2023,15.403
chl,sex_m,age_ythadult_y15_64,geo_cov_rur,2024,14.324
chl,sex_m,age_ythadult_y15_64,geo_cov_rur,2025,13.249
chl,sex_m,age_ythadult_y15_64,geo_cov_urb,2010,12.963
chl,sex_m,age_ythadult_y15_64,geo_cov_urb,2011,11.644
chl,sex_m,age_ythadult_y15_64,geo_cov_urb,2012,10.651
chl,sex_m,age_ythadult_y15_64,geo_cov_urb,2013,10.251
chl,sex_m,age_ythadult_y15_64,geo_cov_urb,2014,11.135
chl,sex_m,age_ythadult_y15_64,geo_cov_urb,2015,10.71
chl,sex_m,age_ythadult_y15_64,geo_cov_urb,2016,11.234
chl,sex_m,age_ythadult_y15_64,geo_cov_urb,2017,11.44
chl,sex_m,age_ythadult_y15_64,geo_cov_urb,2018,11.447
chl,sex_m,age_ythadult_y15_64,geo_cov_urb,2019,11.463
chl,sex_m,age_ythadult_y15_64,geo_cov_urb,2020,21.123
chl,sex_m,age_ythadult_y15_64,geo_cov_urb,2021,15.698
chl,sex_m,age_ythadult_y15_64,geo_cov_urb,2022,12.916
chl,sex_m,age_ythadult_y15_64,geo_cov_urb,2023,14.079
chl,sex_m,age_ythadult_y15_64,geo_cov_urb,2024,13.06
chl,sex_m,age_ythadult_y15_64,geo_cov_urb,2025,13.497
chl,sex_m,age_ythadult_yge15,geo_cov_nat,2010,13.113
chl,sex_m,age_ythadult_yge15,geo_cov_nat,2011,11.923
chl,sex_m,age_ythadult_yge15,geo_cov_nat,2012,10.96
chl,sex_m,age_ythadult_yge15,geo_cov_nat,2013,10.623
chl,sex_m,age_ythadult_yge15,geo_cov_nat,2014,11.299
chl,sex_m,age_ythadult_yge15,geo_cov_nat,2015,10.963
chl,sex_m,age_ythadult_yge15,geo_cov_nat,2016,11.252
chl,sex_m,age_ythadult_yge15,geo_cov_nat,2017,11.539
chl,sex_m,age_ythadult_yge15,geo_cov_nat,2018,11.509
chl,sex_m,age_ythadult_yge15,geo_cov_nat,2019,11.599
chl,sex_m,age_ythadult_yge15,geo_cov_nat,2020,21.607
chl,sex_m,age_ythadult_yge15,geo_cov_nat,2021,16.379
chl,sex_m,age_ythadult_yge15,geo_cov_nat,2022,13.65
chl,sex_m,age_ythadult_yge15,geo_cov_nat,2023,14.724
chl,sex_m,age_ythadult_yge15,geo_cov_nat,2024,14.022
chl,sex_m,age_ythadult_yge15,geo_cov_nat,2025,14.128
chl,sex_m,age_ythadult_yge15,geo_cov_rur,2010,11.531
chl,sex_m,age_ythadult_yge15,geo_cov_rur,2011,10.405
chl,sex_m,age_ythadult_yge15,geo_cov_rur,2012,10.035
chl,sex_m,age_ythadult_yge15,geo_cov_rur,2013,9.922
chl,sex_m,age_ythadult_yge15,geo_cov_rur,2014,9.889
chl,sex_m,age_ythadult_yge15,geo_cov_rur,2015,9.966
chl,sex_m,age_ythadult_yge15,geo_cov_rur,2016,9.323
chl,sex_m,age_ythadult_yge15,geo_cov_rur,2017,10.33
chl,sex_m,age_ythadult_yge15,geo_cov_rur,2018,10.414
chl,sex_m,age_ythadult_yge15,geo_cov_rur,2019,10.766
chl,sex_m,age_ythadult_yge15,geo_cov_rur,2020,21.263
chl,sex_m,age_ythadult_yge15,geo_cov_rur,2021,17.917
chl,sex_m,age_ythadult_yge15,geo_cov_rur,2022,14.912
chl,sex_m,age_ythadult_yge15,geo_cov_rur,2023,15.867
chl,sex_m,age_ythadult_yge15,geo_cov_rur,2024,15.098
chl,sex_m,age_ythadult_yge15,geo_cov_rur,2025,13.989
chl,sex_m,age_ythadult_yge15,geo_cov_urb,2010,13.37
chl,sex_m,age_ythadult_yge15,geo_cov_urb,2011,12.164
chl,sex_m,age_ythadult_yge15,geo_cov_urb,2012,11.104
chl,sex_m,age_ythadult_yge15,geo_cov_urb,2013,10.732
chl,sex_m,age_ythadult_yge15,geo_cov_urb,2014,11.519
chl,sex_m,age_ythadult_yge15,geo_cov_urb,2015,11.118
chl,sex_m,age_ythadult_yge15,geo_cov_urb,2016,11.548
chl,sex_m,age_ythadult_yge15,geo_cov_urb,2017,11.722
chl,sex_m,age_ythadult_yge15,geo_cov_urb,2018,11.672
chl,sex_m,age_ythadult_yge15,geo_cov_urb,2019,11.721
chl,sex_m,age_ythadult_yge15,geo_cov_urb,2020,21.655
chl,sex_m,age_ythadult_yge15,geo_cov_urb,2021,16.168
chl,sex_m,age_ythadult_yge15,geo_cov_urb,2022,13.478
chl,sex_m,age_ythadult_yge15,geo_cov_urb,2023,14.569
chl,sex_m,age_ythadult_yge15,geo_cov_urb,2024,13.874
chl,sex_m,age_ythadult_yge15,geo_cov_urb,2025,14.147
chl,sex_m,age_ythadult_yge25,geo_cov_nat,2010,9.625
chl,sex_m,age_ythadult_yge25,geo_cov_nat,2011,8.534
chl,sex_m,age_ythadult_yge25,geo_cov_nat,2012,7.793
chl,sex_m,age_ythadult_yge25,geo_cov_nat,2013,7.66
chl,sex_m,age_ythadult_yge25,geo_cov_nat,2014,8.566
chl,sex_m,age_ythadult_yge25,geo_cov_nat,2015,8.518
chl,sex_m,age_ythadult_yge25,geo_cov_nat,2016,8.988
chl,sex_m,age_ythadult_yge25,geo_cov_nat,2017,9.153
chl,sex_m,age_ythadult_yge25,geo_cov_nat,2018,9.3
chl,sex_m,age_ythadult_yge25,geo_cov_nat,2019,9.205
chl,sex_m,age_ythadult_yge25,geo_cov_nat,2020,18.647
chl,sex_m,age_ythadult_yge25,geo_cov_nat,2021,14.351
chl,sex_m,age_ythadult_yge25,geo_cov_nat,2022,11.954
chl,sex_m,age_ythadult_yge25,geo_cov_nat,2023,12.848
chl,sex_m,age_ythadult_yge25,geo_cov_nat,2024,12.07
chl,sex_m,age_ythadult_yge25,geo_cov_nat,2025,12.13
chl,sex_m,age_ythadult_yge25,geo_cov_rur,2010,9.059
chl,sex_m,age_ythadult_yge25,geo_cov_rur,2011,8.144
chl,sex_m,age_ythadult_yge25,geo_cov_rur,2012,7.521
chl,sex_m,age_ythadult_yge25,geo_cov_rur,2013,7.289
chl,sex_m,age_ythadult_yge25,geo_cov_rur,2014,7.662
chl,sex_m,age_ythadult_yge25,geo_cov_rur,2015,8.104
chl,sex_m,age_ythadult_yge25,geo_cov_rur,2016,7.565
chl,sex_m,age_ythadult_yge25,geo_cov_rur,2017,8.326
chl,sex_m,age_ythadult_yge25,geo_cov_rur,2018,8.281
chl,sex_m,age_ythadult_yge25,geo_cov_rur,2019,9.017
chl,sex_m,age_ythadult_yge25,geo_cov_rur,2020,18.716
chl,sex_m,age_ythadult_yge25,geo_cov_rur,2021,16.105
chl,sex_m,age_ythadult_yge25,geo_cov_rur,2022,13.449
chl,sex_m,age_ythadult_yge25,geo_cov_rur,2023,14.183
chl,sex_m,age_ythadult_yge25,geo_cov_rur,2024,13.283
chl,sex_m,age_ythadult_yge25,geo_cov_rur,2025,12.312
chl,sex_m,age_ythadult_yge25,geo_cov_urb,2010,9.718
chl,sex_m,age_ythadult_yge25,geo_cov_urb,2011,8.597
chl,sex_m,age_ythadult_yge25,geo_cov_urb,2012,7.836
chl,sex_m,age_ythadult_yge25,geo_cov_urb,2013,7.719
chl,sex_m,age_ythadult_yge25,geo_cov_urb,2014,8.709
chl,sex_m,age_ythadult_yge25,geo_cov_urb,2015,8.583
chl,sex_m,age_ythadult_yge25,geo_cov_urb,2016,9.208
chl,sex_m,age_ythadult_yge25,geo_cov_urb,2017,9.278
chl,sex_m,age_ythadult_yge25,geo_cov_urb,2018,9.452
chl,sex_m,age_ythadult_yge25,geo_cov_urb,2019,9.232
chl,sex_m,age_ythadult_yge25,geo_cov_urb,2020,18.637
chl,sex_m,age_ythadult_yge25,geo_cov_urb,2021,14.11
chl,sex_m,age_ythadult_yge25,geo_cov_urb,2022,11.75
chl,sex_m,age_ythadult_yge25,geo_cov_urb,2023,12.665
chl,sex_m,age_ythadult_yge25,geo_cov_urb,2024,11.903
chl,sex_m,age_ythadult_yge25,geo_cov_urb,2025,12.105
chl,sex_t,age_aggregate_total,geo_cov_nat,2010,18.416
chl,sex_t,age_aggregate_total,geo_cov_nat,2011,16.603
chl,sex_t,age_aggregate_total,geo_cov_nat,2012,15.441
chl,sex_t,age_aggregate_total,geo_cov_nat,2013,14.55
chl,sex_t,age_aggregate_total,geo_cov_nat,2014,14.572
chl,sex_t,age_aggregate_total,geo_cov_nat,2015,14.324
chl,sex_t,age_aggregate_total,geo_cov_nat,2016,14.296
chl,sex_t,age_aggregate_total,geo_cov_nat,2017,14.232
chl,sex_t,age_aggregate_total,geo_cov_nat,2018,14.168
chl,sex_t,age_aggregate_total,geo_cov_nat,2019,14.102
chl,sex_t,age_aggregate_total,geo_cov_nat,2020,24.799
chl,sex_t,age_aggregate_total,geo_cov_nat,2021,18.54
chl,sex_t,age_aggregate_total,geo_cov_nat,2022,15.561
chl,sex_t,age_aggregate_total,geo_cov_nat,2023,16.467
chl,sex_t,age_aggregate_total,geo_cov_nat,2024,16.391
chl,sex_t,age_aggregate_total,geo_cov_nat,2025,16.573
chl,sex_t,age_aggregate_total,geo_cov_rur,2010,19.39
chl,sex_t,age_aggregate_total,geo_cov_rur,2011,17.969
chl,sex_t,age_aggregate_total,geo_cov_rur,2012,17.311
chl,sex_t,age_aggregate_total,geo_cov_rur,2013,16.353
chl,sex_t,age_aggregate_total,geo_cov_rur,2014,15.965
chl,sex_t,age_aggregate_total,geo_cov_rur,2015,15.755
chl,sex_t,age_aggregate_total,geo_cov_rur,2016,14.744
chl,sex_t,age_aggregate_total,geo_cov_rur,2017,15.796
chl,sex_t,age_aggregate_total,geo_cov_rur,2018,15.327
chl,sex_t,age_aggregate_total,geo_cov_rur,2019,15.384
chl,sex_t,age_aggregate_total,geo_cov_rur,2020,26.782
chl,sex_t,age_aggregate_total,geo_cov_rur,2021,21.437
chl,sex_t,age_aggregate_total,geo_cov_rur,2022,18.199
chl,sex_t,age_aggregate_total,geo_cov_rur,2023,19.651
chl,sex_t,age_aggregate_total,geo_cov_rur,2024,19.791
chl,sex_t,age_aggregate_total,geo_cov_rur,2025,18.616
chl,sex_t,age_aggregate_total,geo_cov_urb,2010,18.281
chl,sex_t,age_aggregate_total,geo_cov_urb,2011,16.415
chl,sex_t,age_aggregate_total,geo_cov_urb,2012,15.183
chl,sex_t,age_aggregate_total,geo_cov_urb,2013,14.3
chl,sex_t,age_aggregate_total,geo_cov_urb,2014,14.379
chl,sex_t,age_aggregate_total,geo_cov_urb,2015,14.127
chl,sex_t,age_aggregate_total,geo_cov_urb,2016,14.235
chl,sex_t,age_aggregate_total,geo_cov_urb,2017,14.02
chl,sex_t,age_aggregate_total,geo_cov_urb,2018,14.016
chl,sex_t,age_aggregate_total,geo_cov_urb,2019,13.939
chl,sex_t,age_aggregate_total,geo_cov_urb,2020,24.553
chl,sex_t,age_aggregate_total,geo_cov_urb,2021,18.196
chl,sex_t,age_aggregate_total,geo_cov_urb,2022,15.248
chl,sex_t,age_aggregate_total,geo_cov_urb,2023,16.087
chl,sex_t,age_aggregate_total,geo_cov_urb,2024,15.977
chl,sex_t,age_aggregate_total,geo_cov_urb,2025,16.328
chl,sex_t,age_aggregate_y15_24,geo_cov_nat,2010,37.305
chl,sex_t,age_aggregate_y15_24,geo_cov_nat,2011,35.481
chl,sex_t,age_aggregate_y15_24,geo_cov_nat,2012,34.005
chl,sex_t,age_aggregate_y15_24,geo_cov_nat,2013,33.45
chl,sex_t,age_aggregate_y15_24,geo_cov_nat,2014,32.944
chl,sex_t,age_aggregate_y15_24,geo_cov_nat,2015,31.667
chl,sex_t,age_aggregate_y15_24,geo_cov_nat,2016,31.138
chl,sex_t,age_aggregate_y15_24,geo_cov_nat,2017,32.562
chl,sex_t,age_aggregate_y15_24,geo_cov_nat,2018,32.679
chl,sex_t,age_aggregate_y15_24,geo_cov_nat,2019,33.926
chl,sex_t,age_aggregate_y15_24,geo_cov_nat,2020,50.647
chl,sex_t,age_aggregate_y15_24,geo_cov_nat,2021,39.433
chl,sex_t,age_aggregate_y15_24,geo_cov_nat,2022,33.422
chl,sex_t,age_aggregate_y15_24,geo_cov_nat,2023,36.728
chl,sex_t,age_aggregate_y15_24,geo_cov_nat,2024,37.434
chl,sex_t,age_aggregate_y15_24,geo_cov_nat,2025,39.314
chl,sex_t,age_aggregate_y15_24,geo_cov_rur,2010,35.559
chl,sex_t,age_aggregate_y15_24,geo_cov_rur,2011,33.199
chl,sex_t,age_aggregate_y15_24,geo_cov_rur,2012,33.861
chl,sex_t,age_aggregate_y15_24,geo_cov_rur,2013,34.818
chl,sex_t,age_aggregate_y15_24,geo_cov_rur,2014,32.736
chl,sex_t,age_aggregate_y15_24,geo_cov_rur,2015,31.516
chl,sex_t,age_aggregate_y15_24,geo_cov_rur,2016,29.699
chl,sex_t,age_aggregate_y15_24,geo_cov_rur,2017,32.589
chl,sex_t,age_aggregate_y15_24,geo_cov_rur,2018,33.285
chl,sex_t,age_aggregate_y15_24,geo_cov_rur,2019,32.029
chl,sex_t,age_aggregate_y15_24,geo_cov_rur,2020,50.127
chl,sex_t,age_aggregate_y15_24,geo_cov_rur,2021,40.626
chl,sex_t,age_aggregate_y15_24,geo_cov_rur,2022,33.763
chl,sex_t,age_aggregate_y15_24,geo_cov_rur,2023,38.327
chl,sex_t,age_aggregate_y15_24,geo_cov_rur,2024,39.973
chl,sex_t,age_aggregate_y15_24,geo_cov_rur,2025,38.127
chl,sex_t,age_aggregate_y15_24,geo_cov_urb,2010,37.542
chl,sex_t,age_aggregate_y15_24,geo_cov_urb,2011,35.774
chl,sex_t,age_aggregate_y15_24,geo_cov_urb,2012,34.024
chl,sex_t,age_aggregate_y15_24,geo_cov_urb,2013,33.265
chl,sex_t,age_aggregate_y15_24,geo_cov_urb,2014,32.973
chl,sex_t,age_aggregate_y15_24,geo_cov_urb,2015,31.687
chl,sex_t,age_aggregate_y15_24,geo_cov_urb,2016,31.335
chl,sex_t,age_aggregate_y15_24,geo_cov_urb,2017,32.559
chl,sex_t,age_aggregate_y15_24,geo_cov_urb,2018,32.602
chl,sex_t,age_aggregate_y15_24,geo_cov_urb,2019,34.157
chl,sex_t,age_aggregate_y15_24,geo_cov_urb,2020,50.715
chl,sex_t,age_aggregate_y15_24,geo_cov_urb,2021,39.285
chl,sex_t,age_aggregate_y15_24,geo_cov_urb,2022,33.379
chl,sex_t,age_aggregate_y15_24,geo_cov_urb,2023,36.536
chl,sex_t,age_aggregate_y15_24,geo_cov_urb,2024,37.112
chl,sex_t,age_aggregate_y15_24,geo_cov_urb,2025,39.453
chl,sex_t,age_aggregate_y25_54,geo_cov_nat,2010,14.287
chl,sex_t,age_aggregate_y25_54,geo_cov_nat,2011,12.371
chl,sex_t,age_aggregate_y25_54,geo_cov_nat,2012,11.701
chl,sex_t,age_aggregate_y25_54,geo_cov_nat,2013,10.922
chl,sex_t,age_aggregate_y25_54,geo_cov_nat,2014,11.171
chl,sex_t,age_aggregate_y25_54,geo_cov_nat,2015,11.227
chl,sex_t,age_aggregate_y25_54,geo_cov_nat,2016,11.408
chl,sex_t,age_aggregate_y25_54,geo_cov_nat,2017,11.363
chl,sex_t,age_aggregate_y25_54,geo_cov_nat,2018,11.674
chl,sex_t,age_aggregate_y25_54,geo_cov_nat,2019,11.521
chl,sex_t,age_aggregate_y25_54,geo_cov_nat,2020,20.775
chl,sex_t,age_aggregate_y25_54,geo_cov_nat,2021,15.515
chl,sex_t,age_aggregate_y25_54,geo_cov_nat,2022,12.942
chl,sex_t,age_aggregate_y25_54,geo_cov_nat,2023,13.427
chl,sex_t,age_aggregate_y25_54,geo_cov_nat,2024,13.061
chl,sex_t,age_aggregate_y25_54,geo_cov_nat,2025,13.299
chl,sex_t,age_aggregate_y25_54,geo_cov_rur,2010,16.664
chl,sex_t,age_aggregate_y25_54,geo_cov_rur,2011,15.561
chl,sex_t,age_aggregate_y25_54,geo_cov_rur,2012,14.866
chl,sex_t,age_aggregate_y25_54,geo_cov_rur,2013,13.707
chl,sex_t,age_aggregate_y25_54,geo_cov_rur,2014,13.482
chl,sex_t,age_aggregate_y25_54,geo_cov_rur,2015,13.705
chl,sex_t,age_aggregate_y25_54,geo_cov_rur,2016,13.017
chl,sex_t,age_aggregate_y25_54,geo_cov_rur,2017,13.724
chl,sex_t,age_aggregate_y25_54,geo_cov_rur,2018,13.669
chl,sex_t,age_aggregate_y25_54,geo_cov_rur,2019,13.606
chl,sex_t,age_aggregate_y25_54,geo_cov_rur,2020,23.123
chl,sex_t,age_aggregate_y25_54,geo_cov_rur,2021,19.43
chl,sex_t,age_aggregate_y25_54,geo_cov_rur,2022,16.426
chl,sex_t,age_aggregate_y25_54,geo_cov_rur,2023,17.38
chl,sex_t,age_aggregate_y25_54,geo_cov_rur,2024,16.669
chl,sex_t,age_aggregate_y25_54,geo_cov_rur,2025,15.709
chl,sex_t,age_aggregate_y25_54,geo_cov_urb,2010,13.967
chl,sex_t,age_aggregate_y25_54,geo_cov_urb,2011,11.942
chl,sex_t,age_aggregate_y25_54,geo_cov_urb,2012,11.273
chl,sex_t,age_aggregate_y25_54,geo_cov_urb,2013,10.544
chl,sex_t,age_aggregate_y25_54,geo_cov_urb,2014,10.862
chl,sex_t,age_aggregate_y25_54,geo_cov_urb,2015,10.899
chl,sex_t,age_aggregate_y25_54,geo_cov_urb,2016,11.196
chl,sex_t,age_aggregate_y25_54,geo_cov_urb,2017,11.054
chl,sex_t,age_aggregate_y25_54,geo_cov_urb,2018,11.42
chl,sex_t,age_aggregate_y25_54,geo_cov_urb,2019,11.265
chl,sex_t,age_aggregate_y25_54,geo_cov_urb,2020,20.505
chl,sex_t,age_aggregate_y25_54,geo_cov_urb,2021,15.089
chl,sex_t,age_aggregate_y25_54,geo_cov_urb,2022,12.573
chl,sex_t,age_aggregate_y25_54,geo_cov_urb,2023,13.012
chl,sex_t,age_aggregate_y25_54,geo_cov_urb,2024,12.676
chl,sex_t,age_aggregate_y25_54,geo_cov_urb,2025,13.043
chl,sex_t,age_aggregate_y55_64,geo_cov_nat,2010,14.584
chl,sex_t,age_aggregate_y55_64,geo_cov_nat,2011,13.306
chl,sex_t,age_aggregate_y55_64,geo_cov_nat,2012,11.273
chl,sex_t,age_aggregate_y55_64,geo_cov_nat,2013,10.485
chl,sex_t,age_aggregate_y55_64,geo_cov_nat,2014,10.771
chl,sex_t,age_aggregate_y55_64,geo_cov_nat,2015,10.761
chl,sex_t,age_aggregate_y55_64,geo_cov_nat,2016,11.418
chl,sex_t,age_aggregate_y55_64,geo_cov_nat,2017,10.918
chl,sex_t,age_aggregate_y55_64,geo_cov_nat,2018,10.346
chl,sex_t,age_aggregate_y55_64,geo_cov_nat,2019,10.446
chl,sex_t,age_aggregate_y55_64,geo_cov_nat,2020,21.078
chl,sex_t,age_aggregate_y55_64,geo_cov_nat,2021,16.76
chl,sex_t,age_aggregate_y55_64,geo_cov_nat,2022,14.143
chl,sex_t,age_aggregate_y55_64,geo_cov_nat,2023,15.487
chl,sex_t,age_aggregate_y55_64,geo_cov_nat,2024,14.705
chl,sex_t,age_aggregate_y55_64,geo_cov_nat,2025,14.707
chl,sex_t,age_aggregate_y55_64,geo_cov_rur,2010,14.765
chl,sex_t,age_aggregate_y55_64,geo_cov_rur,2011,13.807
chl,sex_t,age_aggregate_y55_64,geo_cov_rur,2012,12.297
chl,sex_t,age_aggregate_y55_64,geo_cov_rur,2013,11.268
chl,sex_t,age_aggregate_y55_64,geo_cov_rur,2014,11.646
chl,sex_t,age_aggregate_y55_64,geo_cov_rur,2015,11.296
chl,sex_t,age_aggregate_y55_64,geo_cov_rur,2016,10.73
chl,sex_t,age_aggregate_y55_64,geo_cov_rur,2017,12.107
chl,sex_t,age_aggregate_y55_64,geo_cov_rur,2018,10.596
chl,sex_t,age_aggregate_y55_64,geo_cov_rur,2019,12.481
chl,sex_t,age_aggregate_y55_64,geo_cov_rur,2020,23.851
chl,sex_t,age_aggregate_y55_64,geo_cov_rur,2021,17.84
chl,sex_t,age_aggregate_y55_64,geo_cov_rur,2022,15.865
chl,sex_t,age_aggregate_y55_64,geo_cov_rur,2023,17.229
chl,sex_t,age_aggregate_y55_64,geo_cov_rur,2024,17.461
chl,sex_t,age_aggregate_y55_64,geo_cov_rur,2025,16.977
chl,sex_t,age_aggregate_y55_64,geo_cov_urb,2010,14.557
chl,sex_t,age_aggregate_y55_64,geo_cov_urb,2011,13.234
chl,sex_t,age_aggregate_y55_64,geo_cov_urb,2012,11.13
chl,sex_t,age_aggregate_y55_64,geo_cov_urb,2013,10.374
chl,sex_t,age_aggregate_y55_64,geo_cov_urb,2014,10.645
chl,sex_t,age_aggregate_y55_64,geo_cov_urb,2015,10.683
chl,sex_t,age_aggregate_y55_64,geo_cov_urb,2016,11.517
chl,sex_t,age_aggregate_y55_64,geo_cov_urb,2017,10.748
chl,sex_t,age_aggregate_y55_64,geo_cov_urb,2018,10.312
chl,sex_t,age_aggregate_y55_64,geo_cov_urb,2019,10.172
chl,sex_t,age_aggregate_y55_64,geo_cov_urb,2020,20.666
chl,sex_t,age_aggregate_y55_64,geo_cov_urb,2021,16.6
chl,sex_t,age_aggregate_y55_64,geo_cov_urb,2022,13.873
chl,sex_t,age_aggregate_y55_64,geo_cov_urb,2023,15.209
chl,sex_t,age_aggregate_y55_64,geo_cov_urb,2024,14.273
chl,sex_t,age_aggregate_y55_64,geo_cov_urb,2025,14.353
chl,sex_t,age_aggregate_yge65,geo_cov_nat,2010,25.169
chl,sex_t,age_aggregate_yge65,geo_cov_nat,2011,23.441
chl,sex_t,age_aggregate_yge65,geo_cov_nat,2012,22.03
chl,sex_t,age_aggregate_yge65,geo_cov_nat,2013,20.825
chl,sex_t,age_aggregate_yge65,geo_cov_nat,2014,20.125
chl,sex_t,age_aggregate_yge65,geo_cov_nat,2015,20.094
chl,sex_t,age_aggregate_yge65,geo_cov_nat,2016,19.374
chl,sex_t,age_aggregate_yge65,geo_cov_nat,2017,18.497
chl,sex_t,age_aggregate_yge65,geo_cov_nat,2018,17.092
chl,sex_t,age_aggregate_yge65,geo_cov_nat,2019,17.652
chl,sex_t,age_aggregate_yge65,geo_cov_nat,2020,34.602
chl,sex_t,age_aggregate_yge65,geo_cov_nat,2021,26.722
chl,sex_t,age_aggregate_yge65,geo_cov_nat,2022,22.729
chl,sex_t,age_aggregate_yge65,geo_cov_nat,2023,23.743
chl,sex_t,age_aggregate_yge65,geo_cov_nat,2024,26.634
chl,sex_t,age_aggregate_yge65,geo_cov_nat,2025,24.969
chl,sex_t,age_aggregate_yge65,geo_cov_rur,2010,17.807
chl,sex_t,age_aggregate_yge65,geo_cov_rur,2011,16.573
chl,sex_t,age_aggregate_yge65,geo_cov_rur,2012,15.828
chl,sex_t,age_aggregate_yge65,geo_cov_rur,2013,14.679
chl,sex_t,age_aggregate_yge65,geo_cov_rur,2014,15.643
chl,sex_t,age_aggregate_yge65,geo_cov_rur,2015,16.068
chl,sex_t,age_aggregate_yge65,geo_cov_rur,2016,13.383
chl,sex_t,age_aggregate_yge65,geo_cov_rur,2017,15.104
chl,sex_t,age_aggregate_yge65,geo_cov_rur,2018,13.203
chl,sex_t,age_aggregate_yge65,geo_cov_rur,2019,14.823
chl,sex_t,age_aggregate_yge65,geo_cov_rur,2020,30.416
chl,sex_t,age_aggregate_yge65,geo_cov_rur,2021,23.094
chl,sex_t,age_aggregate_yge65,geo_cov_rur,2022,19.095
chl,sex_t,age_aggregate_yge65,geo_cov_rur,2023,21.927
chl,sex_t,age_aggregate_yge65,geo_cov_rur,2024,24.835
chl,sex_t,age_aggregate_yge65,geo_cov_rur,2025,23.227
chl,sex_t,age_aggregate_yge65,geo_cov_urb,2010,26.629
chl,sex_t,age_aggregate_yge65,geo_cov_urb,2011,24.802
chl,sex_t,age_aggregate_yge65,geo_cov_urb,2012,23.215
chl,sex_t,age_aggregate_yge65,geo_cov_urb,2013,21.995
chl,sex_t,age_aggregate_yge65,geo_cov_urb,2014,21.026
chl,sex_t,age_aggregate_yge65,geo_cov_urb,2015,20.848
chl,sex_t,age_aggregate_yge65,geo_cov_urb,2016,20.358
chl,sex_t,age_aggregate_yge65,geo_cov_urb,2017,19.052
chl,sex_t,age_aggregate_yge65,geo_cov_urb,2018,17.743
chl,sex_t,age_aggregate_yge65,geo_cov_urb,2019,18.125
chl,sex_t,age_aggregate_yge65,geo_cov_urb,2020,35.27
chl,sex_t,age_aggregate_yge65,geo_cov_urb,2021,27.308
chl,sex_t,age_aggregate_yge65,geo_cov_urb,2022,23.359
chl,sex_t,age_aggregate_yge65,geo_cov_urb,2023,24.074
chl,sex_t,age_aggregate_yge65,geo_cov_urb,2024,26.986
chl,sex_t,age_aggregate_yge65,geo_cov_urb,2025,25.29
chl,sex_t,age_ythadult_y15_24,geo_cov_nat,2010,37.305
chl,sex_t,age_ythadult_y15_24,geo_cov_nat,2011,35.481
chl,sex_t,age_ythadult_y15_24,geo_cov_nat,2012,34.005
chl,sex_t,age_ythadult_y15_24,geo_cov_nat,2013,33.45
chl,sex_t,age_ythadult_y15_24,geo_cov_nat,2014,32.944
chl,sex_t,age_ythadult_y15_24,geo_cov_nat,2015,31.667
chl,sex_t,age_ythadult_y15_24,geo_cov_nat,2016,31.138
chl,sex_t,age_ythadult_y15_24,geo_cov_nat,2017,32.562
chl,sex_t,age_ythadult_y15_24,geo_cov_nat,2018,32.679
chl,sex_t,age_ythadult_y15_24,geo_cov_nat,2019,33.926
chl,sex_t,age_ythadult_y15_24,geo_cov_nat,2020,50.647
chl,sex_t,age_ythadult_y15_24,geo_cov_nat,2021,39.433
chl,sex_t,age_ythadult_y15_24,geo_cov_nat,2022,33.422
chl,sex_t,age_ythadult_y15_24,geo_cov_nat,2023,36.728
chl,sex_t,age_ythadult_y15_24,geo_cov_nat,2024,37.434
chl,sex_t,age_ythadult_y15_24,geo_cov_nat,2025,39.314
chl,sex_t,age_ythadult_y15_24,geo_cov_rur,2010,35.559
chl,sex_t,age_ythadult_y15_24,geo_cov_rur,2011,33.199
chl,sex_t,age_ythadult_y15_24,geo_cov_rur,2012,33.861
chl,sex_t,age_ythadult_y15_24,geo_cov_rur,2013,34.818
chl,sex_t,age_ythadult_y15_24,geo_cov_rur,2014,32.736
chl,sex_t,age_ythadult_y15_24,geo_cov_rur,2015,31.516
chl,sex_t,age_ythadult_y15_24,geo_cov_rur,2016,29.699
chl,sex_t,age_ythadult_y15_24,geo_cov_rur,2017,32.589
chl,sex_t,age_ythadult_y15_24,geo_cov_rur,2018,33.285
chl,sex_t,age_ythadult_y15_24,geo_cov_rur,2019,32.029
chl,sex_t,age_ythadult_y15_24,geo_cov_rur,2020,50.127
chl,sex_t,age_ythadult_y15_24,geo_cov_rur,2021,40.626
chl,sex_t,age_ythadult_y15_24,geo_cov_rur,2022,33.763
chl,sex_t,age_ythadult_y15_24,geo_cov_rur,2023,38.327
chl,sex_t,age_ythadult_y15_24,geo_cov_rur,2024,39.973
chl,sex_t,age_ythadult_y15_24,geo_cov_rur,2025,38.127
chl,sex_t,age_ythadult_y15_24,geo_cov_urb,2010,37.542
chl,sex_t,age_ythadult_y15_24,geo_cov_urb,2011,35.774
chl,sex_t,age_ythadult_y15_24,geo_cov_urb,2012,34.024
chl,sex_t,age_ythadult_y15_24,geo_cov_urb,2013,33.265
chl,sex_t,age_ythadult_y15_24,geo_cov_urb,2014,32.973
chl,sex_t,age_ythadult_y15_24,geo_cov_urb,2015,31.687
chl,sex_t,age_ythadult_y15_24,geo_cov_urb,2016,31.335
chl,sex_t,age_ythadult_y15_24,geo_cov_urb,2017,32.559
chl,sex_t,age_ythadult_y15_24,geo_cov_urb,2018,32.602
chl,sex_t,age_ythadult_y15_24,geo_cov_urb,2019,34.157
chl,sex_t,age_ythadult_y15_24,geo_cov_urb,2020,50.715
chl,sex_t,age_ythadult_y15_24,geo_cov_urb,2021,39.285
chl,sex_t,age_ythadult_y15_24,geo_cov_urb,2022,33.379
chl,sex_t,age_ythadult_y15_24,geo_cov_urb,2023,36.536
chl,sex_t,age_ythadult_y15_24,geo_cov_urb,2024,37.112
chl,sex_t,age_ythadult_y15_24,geo_cov_urb,2025,39.453
chl,sex_t,age_ythadult_y15_64,geo_cov_nat,2010,18.096
chl,sex_t,age_ythadult_y15_64,geo_cov_nat,2011,16.248
chl,sex_t,age_ythadult_y15_64,geo_cov_nat,2012,15.099
chl,sex_t,age_ythadult_y15_64,geo_cov_nat,2013,14.21
chl,sex_t,age_ythadult_y15_64,geo_cov_nat,2014,14.259
chl,sex_t,age_ythadult_y15_64,geo_cov_nat,2015,13.974
chl,sex_t,age_ythadult_y15_64,geo_cov_nat,2016,13.966
chl,sex_t,age_ythadult_y15_64,geo_cov_nat,2017,13.95
chl,sex_t,age_ythadult_y15_64,geo_cov_nat,2018,13.975
chl,sex_t,age_ythadult_y15_64,geo_cov_nat,2019,13.856
chl,sex_t,age_ythadult_y15_64,geo_cov_nat,2020,24.159
chl,sex_t,age_ythadult_y15_64,geo_cov_nat,2021,18.039
chl,sex_t,age_ythadult_y15_64,geo_cov_nat,2022,15.102
chl,sex_t,age_ythadult_y15_64,geo_cov_nat,2023,15.958
chl,sex_t,age_ythadult_y15_64,geo_cov_nat,2024,15.625
chl,sex_t,age_ythadult_y15_64,geo_cov_nat,2025,15.924
chl,sex_t,age_ythadult_y15_64,geo_cov_rur,2010,19.493
chl,sex_t,age_ythadult_y15_64,geo_cov_rur,2011,18.07
chl,sex_t,age_ythadult_y15_64,geo_cov_rur,2012,17.414
chl,sex_t,age_ythadult_y15_64,geo_cov_rur,2013,16.474
chl,sex_t,age_ythadult_y15_64,geo_cov_rur,2014,15.991
chl,sex_t,age_ythadult_y15_64,geo_cov_rur,2015,15.73
chl,sex_t,age_ythadult_y15_64,geo_cov_rur,2016,14.849
chl,sex_t,age_ythadult_y15_64,geo_cov_rur,2017,15.851
chl,sex_t,age_ythadult_y15_64,geo_cov_rur,2018,15.502
chl,sex_t,age_ythadult_y15_64,geo_cov_rur,2019,15.434
chl,sex_t,age_ythadult_y15_64,geo_cov_rur,2020,26.482
chl,sex_t,age_ythadult_y15_64,geo_cov_rur,2021,21.302
chl,sex_t,age_ythadult_y15_64,geo_cov_rur,2022,18.117
chl,sex_t,age_ythadult_y15_64,geo_cov_rur,2023,19.413
chl,sex_t,age_ythadult_y15_64,geo_cov_rur,2024,19.198
chl,sex_t,age_ythadult_y15_64,geo_cov_rur,2025,18.078
chl,sex_t,age_ythadult_y15_64,geo_cov_urb,2010,17.906
chl,sex_t,age_ythadult_y15_64,geo_cov_urb,2011,16.002
chl,sex_t,age_ythadult_y15_64,geo_cov_urb,2012,14.785
chl,sex_t,age_ythadult_y15_64,geo_cov_urb,2013,13.901
chl,sex_t,age_ythadult_y15_64,geo_cov_urb,2014,14.024
chl,sex_t,age_ythadult_y15_64,geo_cov_urb,2015,13.738
chl,sex_t,age_ythadult_y15_64,geo_cov_urb,2016,13.848
chl,sex_t,age_ythadult_y15_64,geo_cov_urb,2017,13.697
chl,sex_t,age_ythadult_y15_64,geo_cov_urb,2018,13.779
chl,sex_t,age_ythadult_y15_64,geo_cov_urb,2019,13.659
chl,sex_t,age_ythadult_y15_64,geo_cov_urb,2020,23.876
chl,sex_t,age_ythadult_y15_64,geo_cov_urb,2021,17.659
chl,sex_t,age_ythadult_y15_64,geo_cov_urb,2022,14.754
chl,sex_t,age_ythadult_y15_64,geo_cov_urb,2023,15.561
chl,sex_t,age_ythadult_y15_64,geo_cov_urb,2024,15.209
chl,sex_t,age_ythadult_y15_64,geo_cov_urb,2025,15.676
chl,sex_t,age_ythadult_yge15,geo_cov_nat,2010,18.416
chl,sex_t,age_ythadult_yge15,geo_cov_nat,2011,16.603
chl,sex_t,age_ythadult_yge15,geo_cov_nat,2012,15.441
chl,sex_t,age_ythadult_yge15,geo_cov_nat,2013,14.55
chl,sex_t,age_ythadult_yge15,geo_cov_nat,2014,14.572
chl,sex_t,age_ythadult_yge15,geo_cov_nat,2015,14.324
chl,sex_t,age_ythadult_yge15,geo_cov_nat,2016,14.296
chl,sex_t,age_ythadult_yge15,geo_cov_nat,2017,14.232
chl,sex_t,age_ythadult_yge15,geo_cov_nat,2018,14.168
chl,sex_t,age_ythadult_yge15,geo_cov_nat,2019,14.102
chl,sex_t,age_ythadult_yge15,geo_cov_nat,2020,24.799
chl,sex_t,age_ythadult_yge15,geo_cov_nat,2021,18.54
chl,sex_t,age_ythadult_yge15,geo_cov_nat,2022,15.561
chl,sex_t,age_ythadult_yge15,geo_cov_nat,2023,16.467
chl,sex_t,age_ythadult_yge15,geo_cov_nat,2024,16.391
chl,sex_t,age_ythadult_yge15,geo_cov_nat,2025,16.573
chl,sex_t,age_ythadult_yge15,geo_cov_rur,2010,19.39
chl,sex_t,age_ythadult_yge15,geo_cov_rur,2011,17.969
chl,sex_t,age_ythadult_yge15,geo_cov_rur,2012,17.311
chl,sex_t,age_ythadult_yge15,geo_cov_rur,2013,16.353
chl,sex_t,age_ythadult_yge15,geo_cov_rur,2014,15.965
chl,sex_t,age_ythadult_yge15,geo_cov_rur,2015,15.755
chl,sex_t,age_ythadult_yge15,geo_cov_rur,2016,14.744
chl,sex_t,age_ythadult_yge15,geo_cov_rur,2017,15.796
chl,sex_t,age_ythadult_yge15,geo_cov_rur,2018,15.327
chl,sex_t,age_ythadult_yge15,geo_cov_rur,2019,15.384
chl,sex_t,age_ythadult_yge15,geo_cov_rur,2020,26.782
chl,sex_t,age_ythadult_yge15,geo_cov_rur,2021,21.437
chl,sex_t,age_ythadult_yge15,geo_cov_rur,2022,18.199
chl,sex_t,age_ythadult_yge15,geo_cov_rur,2023,19.651
chl,sex_t,age_ythadult_yge15,geo_cov_rur,2024,19.791
chl,sex_t,age_ythadult_yge15,geo_cov_rur,2025,18.616
chl,sex_t,age_ythadult_yge15,geo_cov_urb,2010,18.281
chl,sex_t,age_ythadult_yge15,geo_cov_urb,2011,16.415
chl,sex_t,age_ythadult_yge15,geo_cov_urb,2012,15.183
chl,sex_t,age_ythadult_yge15,geo_cov_urb,2013,14.3
chl,sex_t,age_ythadult_yge15,geo_cov_urb,2014,14.379
chl,sex_t,age_ythadult_yge15,geo_cov_urb,2015,14.127
chl,sex_t,age_ythadult_yge15,geo_cov_urb,2016,14.235
chl,sex_t,age_ythadult_yge15,geo_cov_urb,2017,14.02
chl,sex_t,age_ythadult_yge15,geo_cov_urb,2018,14.016
chl,sex_t,age_ythadult_yge15,geo_cov_urb,2019,13.939
chl,sex_t,age_ythadult_yge15,geo_cov_urb,2020,24.553
chl,sex_t,age_ythadult_yge15,geo_cov_urb,2021,18.196
chl,sex_t,age_ythadult_yge15,geo_cov_urb,2022,15.248
chl,sex_t,age_ythadult_yge15,geo_cov_urb,2023,16.087
chl,sex_t,age_ythadult_yge15,geo_cov_urb,2024,15.977
chl,sex_t,age_ythadult_yge15,geo_cov_urb,2025,16.328
chl,sex_t,age_ythadult_yge25,geo_cov_nat,2010,14.913
chl,sex_t,age_ythadult_yge25,geo_cov_nat,2011,13.152
chl,sex_t,age_ythadult_yge25,geo_cov_nat,2012,12.235
chl,sex_t,age_ythadult_yge25,geo_cov_nat,2013,11.448
chl,sex_t,age_ythadult_yge25,geo_cov_nat,2014,11.663
chl,sex_t,age_ythadult_yge25,geo_cov_nat,2015,11.735
chl,sex_t,age_ythadult_yge25,geo_cov_nat,2016,11.962
chl,sex_t,age_ythadult_yge25,geo_cov_nat,2017,11.79
chl,sex_t,age_ythadult_yge25,geo_cov_nat,2018,11.833
chl,sex_t,age_ythadult_yge25,geo_cov_nat,2019,11.787
chl,sex_t,age_ythadult_yge25,geo_cov_nat,2020,21.77
chl,sex_t,age_ythadult_yge25,geo_cov_nat,2021,16.429
chl,sex_t,age_ythadult_yge25,geo_cov_nat,2022,13.784
chl,sex_t,age_ythadult_yge25,geo_cov_nat,2023,14.506
chl,sex_t,age_ythadult_yge25,geo_cov_nat,2024,14.372
chl,sex_t,age_ythadult_yge25,geo_cov_nat,2025,14.45
chl,sex_t,age_ythadult_yge25,geo_cov_rur,2010,16.469
chl,sex_t,age_ythadult_yge25,geo_cov_rur,2011,15.382
chl,sex_t,age_ythadult_yge25,geo_cov_rur,2012,14.552
chl,sex_t,age_ythadult_yge25,geo_cov_rur,2013,13.406
chl,sex_t,age_ythadult_yge25,geo_cov_rur,2014,13.368
chl,sex_t,age_ythadult_yge25,geo_cov_rur,2015,13.502
chl,sex_t,age_ythadult_yge25,geo_cov_rur,2016,12.661
chl,sex_t,age_ythadult_yge25,geo_cov_rur,2017,13.56
chl,sex_t,age_ythadult_yge25,geo_cov_rur,2018,13.105
chl,sex_t,age_ythadult_yge25,geo_cov_rur,2019,13.523
chl,sex_t,age_ythadult_yge25,geo_cov_rur,2020,23.888
chl,sex_t,age_ythadult_yge25,geo_cov_rur,2021,19.42
chl,sex_t,age_ythadult_yge25,geo_cov_rur,2022,16.556
chl,sex_t,age_ythadult_yge25,geo_cov_rur,2023,17.82
chl,sex_t,age_ythadult_yge25,geo_cov_rur,2024,17.78
chl,sex_t,age_ythadult_yge25,geo_cov_rur,2025,16.834
chl,sex_t,age_ythadult_yge25,geo_cov_urb,2010,14.695
chl,sex_t,age_ythadult_yge25,geo_cov_urb,2011,12.841
chl,sex_t,age_ythadult_yge25,geo_cov_urb,2012,11.913
chl,sex_t,age_ythadult_yge25,geo_cov_urb,2013,11.175
chl,sex_t,age_ythadult_yge25,geo_cov_urb,2014,11.426
chl,sex_t,age_ythadult_yge25,geo_cov_urb,2015,11.491
chl,sex_t,age_ythadult_yge25,geo_cov_urb,2016,11.866
chl,sex_t,age_ythadult_yge25,geo_cov_urb,2017,11.551
chl,sex_t,age_ythadult_yge25,geo_cov_urb,2018,11.665
chl,sex_t,age_ythadult_yge25,geo_cov_urb,2019,11.566
chl,sex_t,age_ythadult_yge25,geo_cov_urb,2020,21.509
chl,sex_t,age_ythadult_yge25,geo_cov_urb,2021,16.075
chl,sex_t,age_ythadult_yge25,geo_cov_urb,2022,13.456
chl,sex_t,age_ythadult_yge25,geo_cov_urb,2023,14.112
chl,sex_t,age_ythadult_yge25,geo_cov_urb,2024,13.958
chl,sex_t,age_ythadult_yge25,geo_cov_urb,2025,14.164
civ,sex_f,age_aggregate_total,geo_cov_nat,2012,12.551
civ,sex_f,age_aggregate_total,geo_cov_nat,2013,10.423
civ,sex_f,age_aggregate_total,geo_cov_nat,2016,16.05
civ,sex_f,age_aggregate_total,geo_cov_nat,2017,11.379
civ,sex_f,age_aggregate_total,geo_cov_nat,2019,14.848
civ,sex_f,age_aggregate_total,geo_cov_nat,2022,6.161
civ,sex_f,age_aggregate_total,geo_cov_rur,2012,2.87
civ,sex_f,age_aggregate_total,geo_cov_rur,2013,4.886
civ,sex_f,age_aggregate_total,geo_cov_rur,2016,7.888
civ,sex_f,age_aggregate_total,geo_cov_rur,2017,5.004
civ,sex_f,age_aggregate_total,geo_cov_rur,2019,11.69
civ,sex_f,age_aggregate_total,geo_cov_rur,2022,2.846
civ,sex_f,age_aggregate_total,geo_cov_urb,2012,19.886
civ,sex_f,age_aggregate_total,geo_cov_urb,2013,15.729
civ,sex_f,age_aggregate_total,geo_cov_urb,2016,23.577
civ,sex_f,age_aggregate_total,geo_cov_urb,2017,16
civ,sex_f,age_aggregate_total,geo_cov_urb,2019,17.82
civ,sex_f,age_aggregate_total,geo_cov_urb,2022,9.308
civ,sex_f,age_aggregate_y15_24,geo_cov_nat,2012,15.502
civ,sex_f,age_aggregate_y15_24,geo_cov_nat,2013,14.281
civ,sex_f,age_aggregate_y15_24,geo_cov_nat,2016,24.164
civ,sex_f,age_aggregate_y15_24,geo_cov_nat,2017,19.87
civ,sex_f,age_aggregate_y15_24,geo_cov_nat,2019,23.304
civ,sex_f,age_aggregate_y15_24,geo_cov_nat,2022,11.916
civ,sex_f,age_aggregate_y15_24,geo_cov_rur,2012,4.795
civ,sex_f,age_aggregate_y15_24,geo_cov_rur,2013,8.261
civ,sex_f,age_aggregate_y15_24,geo_cov_rur,2016,15.097
civ,sex_f,age_aggregate_y15_24,geo_cov_rur,2017,10.15
civ,sex_f,age_aggregate_y15_24,geo_cov_rur,2019,20.377
civ,sex_f,age_aggregate_y15_24,geo_cov_rur,2022,7.136
civ,sex_f,age_aggregate_y15_24,geo_cov_urb,2012,22.169
civ,sex_f,age_aggregate_y15_24,geo_cov_urb,2013,19.541
civ,sex_f,age_aggregate_y15_24,geo_cov_urb,2016,31.8
civ,sex_f,age_aggregate_y15_24,geo_cov_urb,2017,26.564
civ,sex_f,age_aggregate_y15_24,geo_cov_urb,2019,25.971
civ,sex_f,age_aggregate_y15_24,geo_cov_urb,2022,16.933
civ,sex_f,age_aggregate_y25_54,geo_cov_nat,2012,11.883
civ,sex_f,age_aggregate_y25_54,geo_cov_nat,2013,9.914
civ,sex_f,age_aggregate_y25_54,geo_cov_nat,2016,13.9
civ,sex_f,age_aggregate_y25_54,geo_cov_nat,2017,9.992
civ,sex_f,age_aggregate_y25_54,geo_cov_nat,2019,12.676
civ,sex_f,age_aggregate_y25_54,geo_cov_nat,2022,5.751
civ,sex_f,age_aggregate_y25_54,geo_cov_rur,2012,2.401
civ,sex_f,age_aggregate_y25_54,geo_cov_rur,2013,4.431
civ,sex_f,age_aggregate_y25_54,geo_cov_rur,2016,6.173
civ,sex_f,age_aggregate_y25_54,geo_cov_rur,2017,4.11
civ,sex_f,age_aggregate_y25_54,geo_cov_rur,2019,9.364
civ,sex_f,age_aggregate_y25_54,geo_cov_rur,2022,2.279
civ,sex_f,age_aggregate_y25_54,geo_cov_urb,2012,19.108
civ,sex_f,age_aggregate_y25_54,geo_cov_urb,2013,15.028
civ,sex_f,age_aggregate_y25_54,geo_cov_urb,2016,20.951
civ,sex_f,age_aggregate_y25_54,geo_cov_urb,2017,14.177
civ,sex_f,age_aggregate_y25_54,geo_cov_urb,2019,15.728
civ,sex_f,age_aggregate_y25_54,geo_cov_urb,2022,8.78
civ,sex_f,age_aggregate_y55_64,geo_cov_nat,2012,4.406
civ,sex_f,age_aggregate_y55_64,geo_cov_nat,2013,5.582
civ,sex_f,age_aggregate_y55_64,geo_cov_nat,2016,5.552
civ,sex_f,age_aggregate_y55_64,geo_cov_nat,2017,1.493
civ,sex_f,age_aggregate_y55_64,geo_cov_nat,2019,6.791
civ,sex_f,age_aggregate_y55_64,geo_cov_nat,2022,0.271
civ,sex_f,age_aggregate_y55_64,geo_cov_rur,2019,6.013
civ,sex_f,age_aggregate_y55_64,geo_cov_urb,2012,11.834
civ,sex_f,age_aggregate_y55_64,geo_cov_urb,2013,12.226
civ,sex_f,age_aggregate_y55_64,geo_cov_urb,2016,13.364
civ,sex_f,age_aggregate_y55_64,geo_cov_urb,2019,7.727
civ,sex_f,age_aggregate_yge65,geo_cov_nat,2016,7.893
civ,sex_f,age_aggregate_yge65,geo_cov_urb,2016,18.417
civ,sex_f,age_ythadult_y15_24,geo_cov_nat,2012,15.502
civ,sex_f,age_ythadult_y15_24,geo_cov_nat,2013,14.281
civ,sex_f,age_ythadult_y15_24,geo_cov_nat,2016,24.164
civ,sex_f,age_ythadult_y15_24,geo_cov_nat,2017,19.87
civ,sex_f,age_ythadult_y15_24,geo_cov_nat,2019,23.304
civ,sex_f,age_ythadult_y15_24,geo_cov_nat,2022,11.916
civ,sex_f,age_ythadult_y15_24,geo_cov_rur,2012,4.795
civ,sex_f,age_ythadult_y15_24,geo_cov_rur,2013,8.261
civ,sex_f,age_ythadult_y15_24,geo_cov_rur,2016,15.097
civ,sex_f,age_ythadult_y15_24,geo_cov_rur,2017,10.15
civ,sex_f,age_ythadult_y15_24,geo_cov_rur,2019,20.377
civ,sex_f,age_ythadult_y15_24,geo_cov_rur,2022,7.136
civ,sex_f,age_ythadult_y15_24,geo_cov_urb,2012,22.169
civ,sex_f,age_ythadult_y15_24,geo_cov_urb,2013,19.541
civ,sex_f,age_ythadult_y15_24,geo_cov_urb,2016,31.8
civ,sex_f,age_ythadult_y15_24,geo_cov_urb,2017,26.564
civ,sex_f,age_ythadult_y15_24,geo_cov_urb,2019,25.971
civ,sex_f,age_ythadult_y15_24,geo_cov_urb,2022,16.933
civ,sex_f,age_ythadult_y15_64,geo_cov_nat,2012,12.751
civ,sex_f,age_ythadult_y15_64,geo_cov_nat,2013,10.667
civ,sex_f,age_ythadult_y15_64,geo_cov_nat,2016,16.222
civ,sex_f,age_ythadult_y15_64,geo_cov_nat,2017,11.554
civ,sex_f,age_ythadult_y15_64,geo_cov_nat,2019,15.031
civ,sex_f,age_ythadult_y15_64,geo_cov_nat,2022,6.322
civ,sex_f,age_ythadult_y15_64,geo_cov_rur,2013,5.024
civ,sex_f,age_ythadult_y15_64,geo_cov_rur,2016,8.087
civ,sex_f,age_ythadult_y15_64,geo_cov_rur,2019,11.893
civ,sex_f,age_ythadult_y15_64,geo_cov_rur,2022,2.935
civ,sex_f,age_ythadult_y15_64,geo_cov_urb,2012,19.999
civ,sex_f,age_ythadult_y15_64,geo_cov_urb,2013,15.98
civ,sex_f,age_ythadult_y15_64,geo_cov_urb,2016,23.666
civ,sex_f,age_ythadult_y15_64,geo_cov_urb,2017,16.136
civ,sex_f,age_ythadult_y15_64,geo_cov_urb,2019,17.955
civ,sex_f,age_ythadult_y15_64,geo_cov_urb,2022,9.473
civ,sex_f,age_ythadult_yge15,geo_cov_nat,2012,12.551
civ,sex_f,age_ythadult_yge15,geo_cov_nat,2013,10.423
civ,sex_f,age_ythadult_yge15,geo_cov_nat,2016,16.05
civ,sex_f,age_ythadult_yge15,geo_cov_nat,2017,11.379
civ,sex_f,age_ythadult_yge15,geo_cov_nat,2019,14.848
civ,sex_f,age_ythadult_yge15,geo_cov_nat,2022,6.161
civ,sex_f,age_ythadult_yge15,geo_cov_rur,2012,2.87
civ,sex_f,age_ythadult_yge15,geo_cov_rur,2013,4.886
civ,sex_f,age_ythadult_yge15,geo_cov_rur,2016,7.888
civ,sex_f,age_ythadult_yge15,geo_cov_rur,2017,5.004
civ,sex_f,age_ythadult_yge15,geo_cov_rur,2019,11.69
civ,sex_f,age_ythadult_yge15,geo_cov_rur,2022,2.846
civ,sex_f,age_ythadult_yge15,geo_cov_urb,2012,19.886
civ,sex_f,age_ythadult_yge15,geo_cov_urb,2013,15.729
civ,sex_f,age_ythadult_yge15,geo_cov_urb,2016,23.577
civ,sex_f,age_ythadult_yge15,geo_cov_urb,2017,16
civ,sex_f,age_ythadult_yge15,geo_cov_urb,2019,17.82
civ,sex_f,age_ythadult_yge15,geo_cov_urb,2022,9.308
civ,sex_f,age_ythadult_yge25,geo_cov_nat,2012,11.057
civ,sex_f,age_ythadult_yge25,geo_cov_nat,2013,9.285
civ,sex_f,age_ythadult_yge25,geo_cov_nat,2016,13.196
civ,sex_f,age_ythadult_yge25,geo_cov_nat,2017,9.236
civ,sex_f,age_ythadult_yge25,geo_cov_nat,2019,12.068
civ,sex_f,age_ythadult_yge25,geo_cov_nat,2022,5.021
civ,sex_f,age_ythadult_yge25,geo_cov_rur,2012,2.048
civ,sex_f,age_ythadult_yge25,geo_cov_rur,2013,3.95
civ,sex_f,age_ythadult_yge25,geo_cov_rur,2016,5.511
civ,sex_f,age_ythadult_yge25,geo_cov_rur,2017,3.753
civ,sex_f,age_ythadult_yge25,geo_cov_rur,2019,8.895
civ,sex_f,age_ythadult_yge25,geo_cov_rur,2022,1.944
civ,sex_f,age_ythadult_yge25,geo_cov_urb,2012,18.578
civ,sex_f,age_ythadult_yge25,geo_cov_urb,2013,14.538
civ,sex_f,age_ythadult_yge25,geo_cov_urb,2016,20.512
civ,sex_f,age_ythadult_yge25,geo_cov_urb,2017,13.262
civ,sex_f,age_ythadult_yge25,geo_cov_urb,2019,15.084
civ,sex_f,age_ythadult_yge25,geo_cov_urb,2022,7.886
civ,sex_m,age_aggregate_total,geo_cov_nat,2012,9.801
civ,sex_m,age_aggregate_total,geo_cov_nat,2013,4.968
civ,sex_m,age_aggregate_total,geo_cov_nat,2016,7.596
civ,sex_m,age_aggregate_total,geo_cov_nat,2017,5.927
civ,sex_m,age_aggregate_total,geo_cov_nat,2019,7.71
civ,sex_m,age_aggregate_total,geo_cov_nat,2022,3.663
civ,sex_m,age_aggregate_total,geo_cov_rur,2012,3.23
civ,sex_m,age_aggregate_total,geo_cov_rur,2013,1.722
civ,sex_m,age_aggregate_total,geo_cov_rur,2016,4.037
civ,sex_m,age_aggregate_total,geo_cov_rur,2017,2.534
civ,sex_m,age_aggregate_total,geo_cov_rur,2019,5.233
civ,sex_m,age_aggregate_total,geo_cov_rur,2022,1.185
civ,sex_m,age_aggregate_total,geo_cov_urb,2012,14.893
civ,sex_m,age_aggregate_total,geo_cov_urb,2013,8.539
civ,sex_m,age_aggregate_total,geo_cov_urb,2016,11.191
civ,sex_m,age_aggregate_total,geo_cov_urb,2017,8.755
civ,sex_m,age_aggregate_total,geo_cov_urb,2019,10.004
civ,sex_m,age_aggregate_total,geo_cov_urb,2022,6.021
civ,sex_m,age_aggregate_y15_24,geo_cov_nat,2012,14.167
civ,sex_m,age_aggregate_y15_24,geo_cov_nat,2013,8.381
civ,sex_m,age_aggregate_y15_24,geo_cov_nat,2016,12.426
civ,sex_m,age_aggregate_y15_24,geo_cov_nat,2017,11.836
civ,sex_m,age_aggregate_y15_24,geo_cov_nat,2019,13.703
civ,sex_m,age_aggregate_y15_24,geo_cov_nat,2022,9.109
civ,sex_m,age_aggregate_y15_24,geo_cov_rur,2012,6.207
civ,sex_m,age_aggregate_y15_24,geo_cov_rur,2013,4.194
civ,sex_m,age_aggregate_y15_24,geo_cov_rur,2016,8.837
civ,sex_m,age_aggregate_y15_24,geo_cov_rur,2017,6.934
civ,sex_m,age_aggregate_y15_24,geo_cov_rur,2019,9.533
civ,sex_m,age_aggregate_y15_24,geo_cov_rur,2022,3.84
civ,sex_m,age_aggregate_y15_24,geo_cov_urb,2012,21.757
civ,sex_m,age_aggregate_y15_24,geo_cov_urb,2013,12.994
civ,sex_m,age_aggregate_y15_24,geo_cov_urb,2016,16.209
civ,sex_m,age_aggregate_y15_24,geo_cov_urb,2017,16.328
civ,sex_m,age_aggregate_y15_24,geo_cov_urb,2019,17.466
civ,sex_m,age_aggregate_y15_24,geo_cov_urb,2022,15.141
civ,sex_m,age_aggregate_y25_54,geo_cov_nat,2012,8.938
civ,sex_m,age_aggregate_y25_54,geo_cov_nat,2013,4.296
civ,sex_m,age_aggregate_y25_54,geo_cov_nat,2016,6.418
civ,sex_m,age_aggregate_y25_54,geo_cov_nat,2017,5.332
civ,sex_m,age_aggregate_y25_54,geo_cov_nat,2019,6.389
civ,sex_m,age_aggregate_y25_54,geo_cov_nat,2022,2.831
civ,sex_m,age_aggregate_y25_54,geo_cov_rur,2012,2.415
civ,sex_m,age_aggregate_y25_54,geo_cov_rur,2013,1.328
civ,sex_m,age_aggregate_y25_54,geo_cov_rur,2016,3.11
civ,sex_m,age_aggregate_y25_54,geo_cov_rur,2017,1.989
civ,sex_m,age_aggregate_y25_54,geo_cov_rur,2019,4.302
civ,sex_m,age_aggregate_y25_54,geo_cov_rur,2022,0.69
civ,sex_m,age_aggregate_y25_54,geo_cov_urb,2012,13.094
civ,sex_m,age_aggregate_y25_54,geo_cov_urb,2013,7.36
civ,sex_m,age_aggregate_y25_54,geo_cov_urb,2016,9.571
civ,sex_m,age_aggregate_y25_54,geo_cov_urb,2017,7.874
civ,sex_m,age_aggregate_y25_54,geo_cov_urb,2019,8.259
civ,sex_m,age_aggregate_y25_54,geo_cov_urb,2022,4.658
civ,sex_m,age_aggregate_y55_64,geo_cov_nat,2012,3.651
civ,sex_m,age_aggregate_y55_64,geo_cov_nat,2013,4.476
civ,sex_m,age_aggregate_y55_64,geo_cov_nat,2016,7.541
civ,sex_m,age_aggregate_y55_64,geo_cov_nat,2017,1.828
civ,sex_m,age_aggregate_y55_64,geo_cov_nat,2019,5.187
civ,sex_m,age_aggregate_y55_64,geo_cov_nat,2022,1.404
civ,sex_m,age_aggregate_y55_64,geo_cov_rur,2019,3.617
civ,sex_m,age_aggregate_y55_64,geo_cov_urb,2012,9.278
civ,sex_m,age_aggregate_y55_64,geo_cov_urb,2013,9.881
civ,sex_m,age_aggregate_y55_64,geo_cov_urb,2016,16.576
civ,sex_m,age_aggregate_y55_64,geo_cov_urb,2017,3.841
civ,sex_m,age_aggregate_y55_64,geo_cov_urb,2019,7.098
civ,sex_m,age_aggregate_y55_64,geo_cov_urb,2022,2.765
civ,sex_m,age_aggregate_yge65,geo_cov_nat,2013,2.86
civ,sex_m,age_aggregate_yge65,geo_cov_nat,2016,2.86
civ,sex_m,age_aggregate_yge65,geo_cov_nat,2019,3.059
civ,sex_m,age_aggregate_yge65,geo_cov_urb,2013,9.373
civ,sex_m,age_aggregate_yge65,geo_cov_urb,2016,5.851
civ,sex_m,age_aggregate_yge65,geo_cov_urb,2019,4.265
civ,sex_m,age_ythadult_y15_24,geo_cov_nat,2012,14.167
civ,sex_m,age_ythadult_y15_24,geo_cov_nat,2013,8.381
civ,sex_m,age_ythadult_y15_24,geo_cov_nat,2016,12.426
civ,sex_m,age_ythadult_y15_24,geo_cov_nat,2017,11.836
civ,sex_m,age_ythadult_y15_24,geo_cov_nat,2019,13.703
civ,sex_m,age_ythadult_y15_24,geo_cov_nat,2022,9.109
civ,sex_m,age_ythadult_y15_24,geo_cov_rur,2012,6.207
civ,sex_m,age_ythadult_y15_24,geo_cov_rur,2013,4.194
civ,sex_m,age_ythadult_y15_24,geo_cov_rur,2016,8.837
civ,sex_m,age_ythadult_y15_24,geo_cov_rur,2017,6.934
civ,sex_m,age_ythadult_y15_24,geo_cov_rur,2019,9.533
civ,sex_m,age_ythadult_y15_24,geo_cov_rur,2022,3.84
civ,sex_m,age_ythadult_y15_24,geo_cov_urb,2012,21.757
civ,sex_m,age_ythadult_y15_24,geo_cov_urb,2013,12.994
civ,sex_m,age_ythadult_y15_24,geo_cov_urb,2016,16.209
civ,sex_m,age_ythadult_y15_24,geo_cov_urb,2017,16.328
civ,sex_m,age_ythadult_y15_24,geo_cov_urb,2019,17.466
civ,sex_m,age_ythadult_y15_24,geo_cov_urb,2022,15.141
civ,sex_m,age_ythadult_y15_64,geo_cov_nat,2012,10.049
civ,sex_m,age_ythadult_y15_64,geo_cov_nat,2013,5.049
civ,sex_m,age_ythadult_y15_64,geo_cov_nat,2016,7.748
civ,sex_m,age_ythadult_y15_64,geo_cov_nat,2017,6.087
civ,sex_m,age_ythadult_y15_64,geo_cov_nat,2019,7.826
civ,sex_m,age_ythadult_y15_64,geo_cov_nat,2022,3.788
civ,sex_m,age_ythadult_y15_64,geo_cov_rur,2013,1.812
civ,sex_m,age_ythadult_y15_64,geo_cov_rur,2016,4.159
civ,sex_m,age_ythadult_y15_64,geo_cov_rur,2019,5.326
civ,sex_m,age_ythadult_y15_64,geo_cov_rur,2022,1.249
civ,sex_m,age_ythadult_y15_64,geo_cov_urb,2012,15.043
civ,sex_m,age_ythadult_y15_64,geo_cov_urb,2013,8.518
civ,sex_m,age_ythadult_y15_64,geo_cov_urb,2016,11.327
civ,sex_m,age_ythadult_y15_64,geo_cov_urb,2017,8.88
civ,sex_m,age_ythadult_y15_64,geo_cov_urb,2019,10.117
civ,sex_m,age_ythadult_y15_64,geo_cov_urb,2022,6.136
civ,sex_m,age_ythadult_yge15,geo_cov_nat,2012,9.801
civ,sex_m,age_ythadult_yge15,geo_cov_nat,2013,4.968
civ,sex_m,age_ythadult_yge15,geo_cov_nat,2016,7.596
civ,sex_m,age_ythadult_yge15,geo_cov_nat,2017,5.927
civ,sex_m,age_ythadult_yge15,geo_cov_nat,2019,7.71
civ,sex_m,age_ythadult_yge15,geo_cov_nat,2022,3.663
civ,sex_m,age_ythadult_yge15,geo_cov_rur,2012,3.23
civ,sex_m,age_ythadult_yge15,geo_cov_rur,2013,1.722
civ,sex_m,age_ythadult_yge15,geo_cov_rur,2016,4.037
civ,sex_m,age_ythadult_yge15,geo_cov_rur,2017,2.534
civ,sex_m,age_ythadult_yge15,geo_cov_rur,2019,5.233
civ,sex_m,age_ythadult_yge15,geo_cov_rur,2022,1.185
civ,sex_m,age_ythadult_yge15,geo_cov_urb,2012,14.893
civ,sex_m,age_ythadult_yge15,geo_cov_urb,2013,8.539
civ,sex_m,age_ythadult_yge15,geo_cov_urb,2016,11.191
civ,sex_m,age_ythadult_yge15,geo_cov_urb,2017,8.755
civ,sex_m,age_ythadult_yge15,geo_cov_urb,2019,10.004
civ,sex_m,age_ythadult_yge15,geo_cov_urb,2022,6.021
civ,sex_m,age_ythadult_yge25,geo_cov_nat,2012,8.243
civ,sex_m,age_ythadult_yge25,geo_cov_nat,2013,4.246
civ,sex_m,age_ythadult_yge25,geo_cov_nat,2016,6.374
civ,sex_m,age_ythadult_yge25,geo_cov_nat,2017,4.86
civ,sex_m,age_ythadult_yge25,geo_cov_nat,2019,6.188
civ,sex_m,age_ythadult_yge25,geo_cov_nat,2022,2.563
civ,sex_m,age_ythadult_yge25,geo_cov_rur,2012,1.99
civ,sex_m,age_ythadult_yge25,geo_cov_rur,2013,1.198
civ,sex_m,age_ythadult_yge25,geo_cov_rur,2016,2.79
civ,sex_m,age_ythadult_yge25,geo_cov_rur,2017,1.69
civ,sex_m,age_ythadult_yge25,geo_cov_rur,2019,4.16
civ,sex_m,age_ythadult_yge25,geo_cov_rur,2022,0.587
civ,sex_m,age_ythadult_yge25,geo_cov_urb,2012,12.739
civ,sex_m,age_ythadult_yge25,geo_cov_urb,2013,7.598
civ,sex_m,age_ythadult_yge25,geo_cov_urb,2016,9.956
civ,sex_m,age_ythadult_yge25,geo_cov_urb,2017,7.457
civ,sex_m,age_ythadult_yge25,geo_cov_urb,2019,8.079
civ,sex_m,age_ythadult_yge25,geo_cov_urb,2022,4.375
civ,sex_t,age_aggregate_total,geo_cov_nat,2012,11.101
civ,sex_t,age_aggregate_total,geo_cov_nat,2013,7.496
civ,sex_t,age_aggregate_total,geo_cov_nat,2016,11.428
civ,sex_t,age_aggregate_total,geo_cov_nat,2017,8.204
civ,sex_t,age_aggregate_total,geo_cov_nat,2019,10.88
civ,sex_t,age_aggregate_total,geo_cov_nat,2022,4.841
civ,sex_t,age_aggregate_total,geo_cov_rur,2012,3.061
civ,sex_t,age_aggregate_total,geo_cov_rur,2013,3.135
civ,sex_t,age_aggregate_total,geo_cov_rur,2016,5.738
civ,sex_t,age_aggregate_total,geo_cov_rur,2017,3.518
civ,sex_t,age_aggregate_total,geo_cov_rur,2019,8.113
civ,sex_t,age_aggregate_total,geo_cov_rur,2022,1.968
civ,sex_t,age_aggregate_total,geo_cov_urb,2012,17.266
civ,sex_t,age_aggregate_total,geo_cov_urb,2013,11.996
civ,sex_t,age_aggregate_total,geo_cov_urb,2016,16.943
civ,sex_t,age_aggregate_total,geo_cov_urb,2017,11.888
civ,sex_t,age_aggregate_total,geo_cov_urb,2019,13.46
civ,sex_t,age_aggregate_total,geo_cov_urb,2022,7.572
civ,sex_t,age_aggregate_y15_24,geo_cov_nat,2012,14.88
civ,sex_t,age_aggregate_y15_24,geo_cov_nat,2013,11.507
civ,sex_t,age_aggregate_y15_24,geo_cov_nat,2016,18.489
civ,sex_t,age_aggregate_y15_24,geo_cov_nat,2017,15.739
civ,sex_t,age_aggregate_y15_24,geo_cov_nat,2019,18.445
civ,sex_t,age_aggregate_y15_24,geo_cov_nat,2022,10.421
civ,sex_t,age_aggregate_y15_24,geo_cov_rur,2012,5.537
civ,sex_t,age_aggregate_y15_24,geo_cov_rur,2013,6.23
civ,sex_t,age_aggregate_y15_24,geo_cov_rur,2016,11.889
civ,sex_t,age_aggregate_y15_24,geo_cov_rur,2017,8.368
civ,sex_t,age_aggregate_y15_24,geo_cov_rur,2019,14.903
civ,sex_t,age_aggregate_y15_24,geo_cov_rur,2022,5.347
civ,sex_t,age_aggregate_y15_24,geo_cov_urb,2012,21.996
civ,sex_t,age_aggregate_y15_24,geo_cov_urb,2013,16.65
civ,sex_t,age_aggregate_y15_24,geo_cov_urb,2016,24.685
civ,sex_t,age_aggregate_y15_24,geo_cov_urb,2017,21.623
civ,sex_t,age_aggregate_y15_24,geo_cov_urb,2019,21.657
civ,sex_t,age_aggregate_y15_24,geo_cov_urb,2022,15.999
civ,sex_t,age_aggregate_y25_54,geo_cov_nat,2012,10.264
civ,sex_t,age_aggregate_y25_54,geo_cov_nat,2013,6.839
civ,sex_t,age_aggregate_y25_54,geo_cov_nat,2016,9.733
civ,sex_t,age_aggregate_y25_54,geo_cov_nat,2017,7.255
civ,sex_t,age_aggregate_y25_54,geo_cov_nat,2019,9.138
civ,sex_t,age_aggregate_y25_54,geo_cov_nat,2022,4.24
civ,sex_t,age_aggregate_y25_54,geo_cov_rur,2012,2.408
civ,sex_t,age_aggregate_y25_54,geo_cov_rur,2013,2.693
civ,sex_t,age_aggregate_y25_54,geo_cov_rur,2016,4.45
civ,sex_t,age_aggregate_y25_54,geo_cov_rur,2017,2.844
civ,sex_t,age_aggregate_y25_54,geo_cov_rur,2019,6.533
civ,sex_t,age_aggregate_y25_54,geo_cov_rur,2022,1.462
civ,sex_t,age_aggregate_y25_54,geo_cov_urb,2012,15.692
civ,sex_t,age_aggregate_y25_54,geo_cov_urb,2013,10.926
civ,sex_t,age_aggregate_y25_54,geo_cov_urb,2016,14.671
civ,sex_t,age_aggregate_y25_54,geo_cov_urb,2017,10.518
civ,sex_t,age_aggregate_y25_54,geo_cov_urb,2019,11.502
civ,sex_t,age_aggregate_y25_54,geo_cov_urb,2022,6.638
civ,sex_t,age_aggregate_y55_64,geo_cov_nat,2012,3.983
civ,sex_t,age_aggregate_y55_64,geo_cov_nat,2013,4.949
civ,sex_t,age_aggregate_y55_64,geo_cov_nat,2016,6.804
civ,sex_t,age_aggregate_y55_64,geo_cov_nat,2017,1.714
civ,sex_t,age_aggregate_y55_64,geo_cov_nat,2019,5.808
civ,sex_t,age_aggregate_y55_64,geo_cov_nat,2022,0.911
civ,sex_t,age_aggregate_y55_64,geo_cov_rur,2013,0.81
civ,sex_t,age_aggregate_y55_64,geo_cov_rur,2016,0.689
civ,sex_t,age_aggregate_y55_64,geo_cov_rur,2017,0.486
civ,sex_t,age_aggregate_y55_64,geo_cov_rur,2019,4.542
civ,sex_t,age_aggregate_y55_64,geo_cov_urb,2012,10.367
civ,sex_t,age_aggregate_y55_64,geo_cov_urb,2013,10.903
civ,sex_t,age_aggregate_y55_64,geo_cov_urb,2016,15.433
civ,sex_t,age_aggregate_y55_64,geo_cov_urb,2017,3.045
civ,sex_t,age_aggregate_y55_64,geo_cov_urb,2019,7.343
civ,sex_t,age_aggregate_y55_64,geo_cov_urb,2022,1.821
civ,sex_t,age_aggregate_yge65,geo_cov_nat,2012,1.723
civ,sex_t,age_aggregate_yge65,geo_cov_nat,2013,2.034
civ,sex_t,age_aggregate_yge65,geo_cov_nat,2016,4.648
civ,sex_t,age_aggregate_yge65,geo_cov_nat,2017,1.616
civ,sex_t,age_aggregate_yge65,geo_cov_nat,2019,2.191
civ,sex_t,age_aggregate_yge65,geo_cov_nat,2022,0.956
civ,sex_t,age_aggregate_yge65,geo_cov_urb,2012,6.043
civ,sex_t,age_aggregate_yge65,geo_cov_urb,2013,5.832
civ,sex_t,age_aggregate_yge65,geo_cov_urb,2016,10.545
civ,sex_t,age_aggregate_yge65,geo_cov_urb,2019,3.26
civ,sex_t,age_ythadult_y15_24,geo_cov_nat,2012,14.88
civ,sex_t,age_ythadult_y15_24,geo_cov_nat,2013,11.507
civ,sex_t,age_ythadult_y15_24,geo_cov_nat,2016,18.489
civ,sex_t,age_ythadult_y15_24,geo_cov_nat,2017,15.739
civ,sex_t,age_ythadult_y15_24,geo_cov_nat,2019,18.445
civ,sex_t,age_ythadult_y15_24,geo_cov_nat,2022,10.421
civ,sex_t,age_ythadult_y15_24,geo_cov_rur,2012,5.537
civ,sex_t,age_ythadult_y15_24,geo_cov_rur,2013,6.23
civ,sex_t,age_ythadult_y15_24,geo_cov_rur,2016,11.889
civ,sex_t,age_ythadult_y15_24,geo_cov_rur,2017,8.368
civ,sex_t,age_ythadult_y15_24,geo_cov_rur,2019,14.903
civ,sex_t,age_ythadult_y15_24,geo_cov_rur,2022,5.347
civ,sex_t,age_ythadult_y15_24,geo_cov_urb,2012,21.996
civ,sex_t,age_ythadult_y15_24,geo_cov_urb,2013,16.65
civ,sex_t,age_ythadult_y15_24,geo_cov_urb,2016,24.685
civ,sex_t,age_ythadult_y15_24,geo_cov_urb,2017,21.623
civ,sex_t,age_ythadult_y15_24,geo_cov_urb,2019,21.657
civ,sex_t,age_ythadult_y15_24,geo_cov_urb,2022,15.999
civ,sex_t,age_ythadult_y15_64,geo_cov_nat,2012,11.333
civ,sex_t,age_ythadult_y15_64,geo_cov_nat,2013,7.672
civ,sex_t,age_ythadult_y15_64,geo_cov_nat,2016,11.611
civ,sex_t,age_ythadult_y15_64,geo_cov_nat,2017,8.387
civ,sex_t,age_ythadult_y15_64,geo_cov_nat,2019,11.048
civ,sex_t,age_ythadult_y15_64,geo_cov_nat,2022,4.993
civ,sex_t,age_ythadult_y15_64,geo_cov_rur,2013,3.26
civ,sex_t,age_ythadult_y15_64,geo_cov_rur,2016,5.907
civ,sex_t,age_ythadult_y15_64,geo_cov_rur,2019,8.276
civ,sex_t,age_ythadult_y15_64,geo_cov_rur,2022,2.052
civ,sex_t,age_ythadult_y15_64,geo_cov_urb,2012,17.404
civ,sex_t,age_ythadult_y15_64,geo_cov_urb,2013,12.122
civ,sex_t,age_ythadult_y15_64,geo_cov_urb,2016,17.081
civ,sex_t,age_ythadult_y15_64,geo_cov_urb,2017,12.03
civ,sex_t,age_ythadult_y15_64,geo_cov_urb,2019,13.606
civ,sex_t,age_ythadult_y15_64,geo_cov_urb,2022,7.72
civ,sex_t,age_ythadult_yge15,geo_cov_nat,2012,11.101
civ,sex_t,age_ythadult_yge15,geo_cov_nat,2013,7.496
civ,sex_t,age_ythadult_yge15,geo_cov_nat,2016,11.428
civ,sex_t,age_ythadult_yge15,geo_cov_nat,2017,8.204
civ,sex_t,age_ythadult_yge15,geo_cov_nat,2019,10.88
civ,sex_t,age_ythadult_yge15,geo_cov_nat,2022,4.841
civ,sex_t,age_ythadult_yge15,geo_cov_rur,2012,3.061
civ,sex_t,age_ythadult_yge15,geo_cov_rur,2013,3.135
civ,sex_t,age_ythadult_yge15,geo_cov_rur,2016,5.738
civ,sex_t,age_ythadult_yge15,geo_cov_rur,2017,3.518
civ,sex_t,age_ythadult_yge15,geo_cov_rur,2019,8.113
civ,sex_t,age_ythadult_yge15,geo_cov_rur,2022,1.968
civ,sex_t,age_ythadult_yge15,geo_cov_urb,2012,17.266
civ,sex_t,age_ythadult_yge15,geo_cov_urb,2013,11.996
civ,sex_t,age_ythadult_yge15,geo_cov_urb,2016,16.943
civ,sex_t,age_ythadult_yge15,geo_cov_urb,2017,11.888
civ,sex_t,age_ythadult_yge15,geo_cov_urb,2019,13.46
civ,sex_t,age_ythadult_yge15,geo_cov_urb,2022,7.572
civ,sex_t,age_ythadult_yge25,geo_cov_nat,2012,9.501
civ,sex_t,age_ythadult_yge25,geo_cov_nat,2013,6.498
civ,sex_t,age_ythadult_yge25,geo_cov_nat,2016,9.338
civ,sex_t,age_ythadult_yge25,geo_cov_nat,2017,6.625
civ,sex_t,age_ythadult_yge25,geo_cov_nat,2019,8.715
civ,sex_t,age_ythadult_yge25,geo_cov_nat,2022,3.724
civ,sex_t,age_ythadult_yge25,geo_cov_rur,2012,2.017
civ,sex_t,age_ythadult_yge25,geo_cov_rur,2013,2.392
civ,sex_t,age_ythadult_yge25,geo_cov_rur,2016,3.956
civ,sex_t,age_ythadult_yge25,geo_cov_rur,2017,2.492
civ,sex_t,age_ythadult_yge25,geo_cov_rur,2019,6.206
civ,sex_t,age_ythadult_yge25,geo_cov_rur,2022,1.23
civ,sex_t,age_ythadult_yge25,geo_cov_urb,2012,15.254
civ,sex_t,age_ythadult_yge25,geo_cov_urb,2013,10.796
civ,sex_t,age_ythadult_yge25,geo_cov_urb,2016,14.605
civ,sex_t,age_ythadult_yge25,geo_cov_urb,2017,9.865
civ,sex_t,age_ythadult_yge25,geo_cov_urb,2019,11.074
civ,sex_t,age_ythadult_yge25,geo_cov_urb,2022,6.027
cmr,sex_f,age_aggregate_total,geo_cov_nat,2007,6.912
cmr,sex_f,age_aggregate_total,geo_cov_nat,2014,7.606
cmr,sex_f,age_aggregate_total,geo_cov_rur,2007,1.635
cmr,sex_f,age_aggregate_total,geo_cov_rur,2014,3.329
cmr,sex_f,age_aggregate_total,geo_cov_urb,2007,18.493
cmr,sex_f,age_aggregate_total,geo_cov_urb,2014,14.483
cmr,sex_f,age_aggregate_y15_24,geo_cov_nat,2007,10.328
cmr,sex_f,age_aggregate_y15_24,geo_cov_nat,2014,13.516
cmr,sex_f,age_aggregate_y15_24,geo_cov_rur,2007,3.29
cmr,sex_f,age_aggregate_y15_24,geo_cov_rur,2014,7.307
cmr,sex_f,age_aggregate_y15_24,geo_cov_urb,2007,26.866
cmr,sex_f,age_aggregate_y15_24,geo_cov_urb,2014,25.273
cmr,sex_f,age_aggregate_y25_54,geo_cov_nat,2007,6.285
cmr,sex_f,age_aggregate_y25_54,geo_cov_nat,2014,6.704
cmr,sex_f,age_aggregate_y25_54,geo_cov_rur,2007,1.02
cmr,sex_f,age_aggregate_y25_54,geo_cov_rur,2014,2.537
cmr,sex_f,age_aggregate_y25_54,geo_cov_urb,2007,15.998
cmr,sex_f,age_aggregate_y25_54,geo_cov_urb,2014,12.368
cmr,sex_f,age_aggregate_y55_64,geo_cov_nat,2007,1.086
cmr,sex_f,age_aggregate_y55_64,geo_cov_nat,2014,2.907
cmr,sex_f,age_aggregate_y55_64,geo_cov_rur,2014,0.592
cmr,sex_f,age_aggregate_y55_64,geo_cov_urb,2007,4.486
cmr,sex_f,age_aggregate_y55_64,geo_cov_urb,2014,7.913
cmr,sex_f,age_aggregate_yge65,geo_cov_nat,2014,0.796
cmr,sex_f,age_ythadult_y15_24,geo_cov_nat,2007,10.328
cmr,sex_f,age_ythadult_y15_24,geo_cov_nat,2014,13.516
cmr,sex_f,age_ythadult_y15_24,geo_cov_rur,2007,3.29
cmr,sex_f,age_ythadult_y15_24,geo_cov_rur,2014,7.307
cmr,sex_f,age_ythadult_y15_24,geo_cov_urb,2007,26.866
cmr,sex_f,age_ythadult_y15_24,geo_cov_urb,2014,25.273
cmr,sex_f,age_ythadult_y15_64,geo_cov_nat,2007,7.244
cmr,sex_f,age_ythadult_y15_64,geo_cov_nat,2014,8.033
cmr,sex_f,age_ythadult_y15_64,geo_cov_rur,2007,1.729
cmr,sex_f,age_ythadult_y15_64,geo_cov_rur,2014,3.599
cmr,sex_f,age_ythadult_y15_64,geo_cov_urb,2007,18.799
cmr,sex_f,age_ythadult_y15_64,geo_cov_urb,2014,14.772
cmr,sex_f,age_ythadult_yge15,geo_cov_nat,2007,6.912
cmr,sex_f,age_ythadult_yge15,geo_cov_nat,2014,7.606
cmr,sex_f,age_ythadult_yge15,geo_cov_rur,2007,1.635
cmr,sex_f,age_ythadult_yge15,geo_cov_rur,2014,3.329
cmr,sex_f,age_ythadult_yge15,geo_cov_urb,2007,18.493
cmr,sex_f,age_ythadult_yge15,geo_cov_urb,2014,14.483
cmr,sex_f,age_ythadult_yge25,geo_cov_nat,2007,5.351
cmr,sex_f,age_ythadult_yge25,geo_cov_nat,2014,5.896
cmr,sex_f,age_ythadult_yge25,geo_cov_rur,2007,0.856
cmr,sex_f,age_ythadult_yge25,geo_cov_rur,2014,2.084
cmr,sex_f,age_ythadult_yge25,geo_cov_urb,2007,14.92
cmr,sex_f,age_ythadult_yge25,geo_cov_urb,2014,11.748
cmr,sex_m,age_aggregate_total,geo_cov_nat,2007,3.807
cmr,sex_m,age_aggregate_total,geo_cov_nat,2014,4.215
cmr,sex_m,age_aggregate_total,geo_cov_rur,2007,1.325
cmr,sex_m,age_aggregate_total,geo_cov_rur,2014,1.728
cmr,sex_m,age_aggregate_total,geo_cov_urb,2007,8.198
cmr,sex_m,age_aggregate_total,geo_cov_urb,2014,7.361
cmr,sex_m,age_aggregate_y15_24,geo_cov_nat,2007,6.659
cmr,sex_m,age_aggregate_y15_24,geo_cov_nat,2014,7.958
cmr,sex_m,age_aggregate_y15_24,geo_cov_rur,2007,2.894
cmr,sex_m,age_aggregate_y15_24,geo_cov_rur,2014,4.485
cmr,sex_m,age_aggregate_y15_24,geo_cov_urb,2007,14.515
cmr,sex_m,age_aggregate_y15_24,geo_cov_urb,2014,12.85
cmr,sex_m,age_aggregate_y25_54,geo_cov_nat,2007,2.692
cmr,sex_m,age_aggregate_y25_54,geo_cov_nat,2014,3.264
cmr,sex_m,age_aggregate_y25_54,geo_cov_rur,2007,0.735
cmr,sex_m,age_aggregate_y25_54,geo_cov_rur,2014,0.986
cmr,sex_m,age_aggregate_y25_54,geo_cov_urb,2007,5.441
cmr,sex_m,age_aggregate_y25_54,geo_cov_urb,2014,5.673
cmr,sex_m,age_aggregate_y55_64,geo_cov_nat,2007,3.516
cmr,sex_m,age_aggregate_y55_64,geo_cov_nat,2014,2.958
cmr,sex_m,age_aggregate_y55_64,geo_cov_urb,2007,15.361
cmr,sex_m,age_aggregate_y55_64,geo_cov_urb,2014,8.027
cmr,sex_m,age_aggregate_yge65,geo_cov_nat,2007,0.702
cmr,sex_m,age_aggregate_yge65,geo_cov_nat,2014,1.464
cmr,sex_m,age_aggregate_yge65,geo_cov_urb,2007,5.23
cmr,sex_m,age_aggregate_yge65,geo_cov_urb,2014,5.625
cmr,sex_m,age_ythadult_y15_24,geo_cov_nat,2007,6.659
cmr,sex_m,age_ythadult_y15_24,geo_cov_nat,2014,7.958
cmr,sex_m,age_ythadult_y15_24,geo_cov_rur,2007,2.894
cmr,sex_m,age_ythadult_y15_24,geo_cov_rur,2014,4.485
cmr,sex_m,age_ythadult_y15_24,geo_cov_urb,2007,14.515
cmr,sex_m,age_ythadult_y15_24,geo_cov_urb,2014,12.85
cmr,sex_m,age_ythadult_y15_64,geo_cov_nat,2007,3.968
cmr,sex_m,age_ythadult_y15_64,geo_cov_nat,2014,4.381
cmr,sex_m,age_ythadult_y15_64,geo_cov_rur,2007,1.419
cmr,sex_m,age_ythadult_y15_64,geo_cov_rur,2014,1.839
cmr,sex_m,age_ythadult_y15_64,geo_cov_urb,2007,8.253
cmr,sex_m,age_ythadult_y15_64,geo_cov_urb,2014,7.404
cmr,sex_m,age_ythadult_yge15,geo_cov_nat,2007,3.807
cmr,sex_m,age_ythadult_yge15,geo_cov_nat,2014,4.215
cmr,sex_m,age_ythadult_yge15,geo_cov_rur,2007,1.325
cmr,sex_m,age_ythadult_yge15,geo_cov_rur,2014,1.728
cmr,sex_m,age_ythadult_yge15,geo_cov_urb,2007,8.198
cmr,sex_m,age_ythadult_yge15,geo_cov_urb,2014,7.361
cmr,sex_m,age_ythadult_yge25,geo_cov_nat,2007,2.632
cmr,sex_m,age_ythadult_yge25,geo_cov_nat,2014,3.101
cmr,sex_m,age_ythadult_yge25,geo_cov_rur,2007,0.623
cmr,sex_m,age_ythadult_yge25,geo_cov_rur,2014,0.856
cmr,sex_m,age_ythadult_yge25,geo_cov_urb,2007,5.958
cmr,sex_m,age_ythadult_yge25,geo_cov_urb,2014,5.85
cmr,sex_t,age_aggregate_total,geo_cov_nat,2007,5.37
cmr,sex_t,age_aggregate_total,geo_cov_nat,2014,5.894
cmr,sex_t,age_aggregate_total,geo_cov_rur,2007,1.487
cmr,sex_t,age_aggregate_total,geo_cov_rur,2014,2.56
cmr,sex_t,age_aggregate_total,geo_cov_urb,2007,13.013
cmr,sex_t,age_aggregate_total,geo_cov_urb,2014,10.636
cmr,sex_t,age_aggregate_y15_24,geo_cov_nat,2007,8.572
cmr,sex_t,age_aggregate_y15_24,geo_cov_nat,2014,10.678
cmr,sex_t,age_aggregate_y15_24,geo_cov_rur,2007,3.104
cmr,sex_t,age_aggregate_y15_24,geo_cov_rur,2014,5.945
cmr,sex_t,age_aggregate_y15_24,geo_cov_urb,2007,20.703
cmr,sex_t,age_aggregate_y15_24,geo_cov_urb,2014,18.362
cmr,sex_t,age_aggregate_y25_54,geo_cov_nat,2007,4.466
cmr,sex_t,age_aggregate_y25_54,geo_cov_nat,2014,4.976
cmr,sex_t,age_aggregate_y25_54,geo_cov_rur,2007,0.883
cmr,sex_t,age_aggregate_y25_54,geo_cov_rur,2014,1.802
cmr,sex_t,age_aggregate_y25_54,geo_cov_urb,2007,10.211
cmr,sex_t,age_aggregate_y25_54,geo_cov_urb,2014,8.777
cmr,sex_t,age_aggregate_y55_64,geo_cov_nat,2007,2.283
cmr,sex_t,age_aggregate_y55_64,geo_cov_nat,2014,2.933
cmr,sex_t,age_aggregate_y55_64,geo_cov_rur,2014,0.472
cmr,sex_t,age_aggregate_y55_64,geo_cov_urb,2007,9.967
cmr,sex_t,age_aggregate_y55_64,geo_cov_urb,2014,7.974
cmr,sex_t,age_aggregate_yge65,geo_cov_nat,2007,0.581
cmr,sex_t,age_aggregate_yge65,geo_cov_nat,2014,1.127
cmr,sex_t,age_aggregate_yge65,geo_cov_urb,2007,3.796
cmr,sex_t,age_aggregate_yge65,geo_cov_urb,2014,4.743
cmr,sex_t,age_ythadult_y15_24,geo_cov_nat,2007,8.572
cmr,sex_t,age_ythadult_y15_24,geo_cov_nat,2014,10.678
cmr,sex_t,age_ythadult_y15_24,geo_cov_rur,2007,3.104
cmr,sex_t,age_ythadult_y15_24,geo_cov_rur,2014,5.945
cmr,sex_t,age_ythadult_y15_24,geo_cov_urb,2007,20.703
cmr,sex_t,age_ythadult_y15_24,geo_cov_urb,2014,18.362
cmr,sex_t,age_ythadult_y15_64,geo_cov_nat,2007,5.618
cmr,sex_t,age_ythadult_y15_64,geo_cov_nat,2014,6.186
cmr,sex_t,age_ythadult_y15_64,geo_cov_rur,2007,1.581
cmr,sex_t,age_ythadult_y15_64,geo_cov_rur,2014,2.755
cmr,sex_t,age_ythadult_y15_64,geo_cov_urb,2007,13.185
cmr,sex_t,age_ythadult_y15_64,geo_cov_urb,2014,10.788
cmr,sex_t,age_ythadult_yge15,geo_cov_nat,2007,5.37
cmr,sex_t,age_ythadult_yge15,geo_cov_nat,2014,5.894
cmr,sex_t,age_ythadult_yge15,geo_cov_rur,2007,1.487
cmr,sex_t,age_ythadult_yge15,geo_cov_rur,2014,2.56
cmr,sex_t,age_ythadult_yge15,geo_cov_urb,2007,13.013
cmr,sex_t,age_ythadult_yge15,geo_cov_urb,2014,10.636
cmr,sex_t,age_ythadult_yge25,geo_cov_nat,2007,3.98
cmr,sex_t,age_ythadult_yge25,geo_cov_nat,2014,4.489
cmr,sex_t,age_ythadult_yge25,geo_cov_rur,2007,0.744
cmr,sex_t,age_ythadult_yge25,geo_cov_rur,2014,1.495
cmr,sex_t,age_ythadult_yge25,geo_cov_urb,2007,10.034
cmr,sex_t,age_ythadult_yge25,geo_cov_urb,2014,8.587
cod,sex_f,age_aggregate_total,geo_cov_nat,2005,5.09
cod,sex_f,age_aggregate_total,geo_cov_nat,2012,8.182
cod,sex_f,age_aggregate_total,geo_cov_rur,2005,2.461
cod,sex_f,age_aggregate_total,geo_cov_rur,2012,2.276
cod,sex_f,age_aggregate_total,geo_cov_urb,2005,20.62
cod,sex_f,age_aggregate_total,geo_cov_urb,2012,20.895
cod,sex_f,age_aggregate_y15_24,geo_cov_nat,2005,8.603
cod,sex_f,age_aggregate_y15_24,geo_cov_nat,2012,14.441
cod,sex_f,age_aggregate_y15_24,geo_cov_rur,2005,4.482
cod,sex_f,age_aggregate_y15_24,geo_cov_rur,2012,4.887
cod,sex_f,age_aggregate_y15_24,geo_cov_urb,2005,36.055
cod,sex_f,age_aggregate_y15_24,geo_cov_urb,2012,39.867
cod,sex_f,age_aggregate_y25_54,geo_cov_nat,2005,4.319
cod,sex_f,age_aggregate_y25_54,geo_cov_nat,2012,7.29
cod,sex_f,age_aggregate_y25_54,geo_cov_rur,2005,1.99
cod,sex_f,age_aggregate_y25_54,geo_cov_rur,2012,1.721
cod,sex_f,age_aggregate_y25_54,geo_cov_urb,2005,17.105
cod,sex_f,age_aggregate_y25_54,geo_cov_urb,2012,18.289
cod,sex_f,age_aggregate_y55_64,geo_cov_nat,2005,1.647
cod,sex_f,age_aggregate_y55_64,geo_cov_nat,2012,2.56
cod,sex_f,age_aggregate_y55_64,geo_cov_rur,2005,0.545
cod,sex_f,age_aggregate_y55_64,geo_cov_urb,2005,10.139
cod,sex_f,age_aggregate_y55_64,geo_cov_urb,2012,7.13
cod,sex_f,age_aggregate_yge65,geo_cov_nat,2005,1.157
cod,sex_f,age_aggregate_yge65,geo_cov_nat,2012,1.847
cod,sex_f,age_aggregate_yge65,geo_cov_urb,2005,5.902
cod,sex_f,age_aggregate_yge65,geo_cov_urb,2012,5.574
cod,sex_f,age_ythadult_y15_24,geo_cov_nat,2005,8.603
cod,sex_f,age_ythadult_y15_24,geo_cov_nat,2012,14.441
cod,sex_f,age_ythadult_y15_24,geo_cov_rur,2005,4.482
cod,sex_f,age_ythadult_y15_24,geo_cov_rur,2012,4.887
cod,sex_f,age_ythadult_y15_24,geo_cov_urb,2005,36.055
cod,sex_f,age_ythadult_y15_24,geo_cov_urb,2012,39.867
cod,sex_f,age_ythadult_y15_64,geo_cov_nat,2005,5.227
cod,sex_f,age_ythadult_y15_64,geo_cov_nat,2012,8.438
cod,sex_f,age_ythadult_y15_64,geo_cov_rur,2005,2.534
cod,sex_f,age_ythadult_y15_64,geo_cov_rur,2012,2.35
cod,sex_f,age_ythadult_y15_64,geo_cov_urb,2005,21.097
cod,sex_f,age_ythadult_y15_64,geo_cov_urb,2012,21.373
cod,sex_f,age_ythadult_yge15,geo_cov_nat,2005,5.09
cod,sex_f,age_ythadult_yge15,geo_cov_nat,2012,8.182
cod,sex_f,age_ythadult_yge15,geo_cov_rur,2005,2.461
cod,sex_f,age_ythadult_yge15,geo_cov_rur,2012,2.276
cod,sex_f,age_ythadult_yge15,geo_cov_urb,2005,20.62
cod,sex_f,age_ythadult_yge15,geo_cov_urb,2012,20.895
cod,sex_f,age_ythadult_yge25,geo_cov_nat,2005,3.923
cod,sex_f,age_ythadult_yge25,geo_cov_nat,2012,6.559
cod,sex_f,age_ythadult_yge25,geo_cov_rur,2005,1.775
cod,sex_f,age_ythadult_yge25,geo_cov_rur,2012,1.543
cod,sex_f,age_ythadult_yge25,geo_cov_urb,2005,16.143
cod,sex_f,age_ythadult_yge25,geo_cov_urb,2012,16.805
cod,sex_m,age_aggregate_total,geo_cov_nat,2005,5.677
cod,sex_m,age_aggregate_total,geo_cov_nat,2012,8.4
cod,sex_m,age_aggregate_total,geo_cov_rur,2005,3
cod,sex_m,age_aggregate_total,geo_cov_rur,2012,3.367
cod,sex_m,age_aggregate_total,geo_cov_urb,2005,17.926
cod,sex_m,age_aggregate_total,geo_cov_urb,2012,17.099
cod,sex_m,age_aggregate_y15_24,geo_cov_nat,2005,11.27
cod,sex_m,age_aggregate_y15_24,geo_cov_nat,2012,18.396
cod,sex_m,age_aggregate_y15_24,geo_cov_rur,2005,7.501
cod,sex_m,age_aggregate_y15_24,geo_cov_rur,2012,8.708
cod,sex_m,age_aggregate_y15_24,geo_cov_urb,2005,32.576
cod,sex_m,age_aggregate_y15_24,geo_cov_urb,2012,36.832
cod,sex_m,age_aggregate_y25_54,geo_cov_nat,2005,4.489
cod,sex_m,age_aggregate_y25_54,geo_cov_nat,2012,7.249
cod,sex_m,age_aggregate_y25_54,geo_cov_rur,2005,1.985
cod,sex_m,age_aggregate_y25_54,geo_cov_rur,2012,2.651
cod,sex_m,age_aggregate_y25_54,geo_cov_urb,2005,15.283
cod,sex_m,age_aggregate_y25_54,geo_cov_urb,2012,14.804
cod,sex_m,age_aggregate_y55_64,geo_cov_nat,2005,4.816
cod,sex_m,age_aggregate_y55_64,geo_cov_nat,2012,3.813
cod,sex_m,age_aggregate_y55_64,geo_cov_rur,2005,2.545
cod,sex_m,age_aggregate_y55_64,geo_cov_rur,2012,1.379
cod,sex_m,age_aggregate_y55_64,geo_cov_urb,2005,14.503
cod,sex_m,age_aggregate_y55_64,geo_cov_urb,2012,8.781
cod,sex_m,age_aggregate_yge65,geo_cov_nat,2005,2.421
cod,sex_m,age_aggregate_yge65,geo_cov_nat,2012,3.949
cod,sex_m,age_aggregate_yge65,geo_cov_rur,2012,1.091
cod,sex_m,age_aggregate_yge65,geo_cov_urb,2005,15.848
cod,sex_m,age_aggregate_yge65,geo_cov_urb,2012,9.5
cod,sex_m,age_ythadult_y15_24,geo_cov_nat,2005,11.27
cod,sex_m,age_ythadult_y15_24,geo_cov_nat,2012,18.396
cod,sex_m,age_ythadult_y15_24,geo_cov_rur,2005,7.501
cod,sex_m,age_ythadult_y15_24,geo_cov_rur,2012,8.708
cod,sex_m,age_ythadult_y15_24,geo_cov_urb,2005,32.576
cod,sex_m,age_ythadult_y15_24,geo_cov_urb,2012,36.832
cod,sex_m,age_ythadult_y15_64,geo_cov_nat,2005,5.848
cod,sex_m,age_ythadult_y15_64,geo_cov_nat,2012,8.631
cod,sex_m,age_ythadult_y15_64,geo_cov_rur,2005,3.158
cod,sex_m,age_ythadult_y15_64,geo_cov_rur,2012,3.491
cod,sex_m,age_ythadult_y15_64,geo_cov_urb,2005,18.015
cod,sex_m,age_ythadult_y15_64,geo_cov_urb,2012,17.463
cod,sex_m,age_ythadult_yge15,geo_cov_nat,2005,5.677
cod,sex_m,age_ythadult_yge15,geo_cov_nat,2012,8.4
cod,sex_m,age_ythadult_yge15,geo_cov_rur,2005,3
cod,sex_m,age_ythadult_yge15,geo_cov_rur,2012,3.367
cod,sex_m,age_ythadult_yge15,geo_cov_urb,2005,17.926
cod,sex_m,age_ythadult_yge15,geo_cov_urb,2012,17.099
cod,sex_m,age_ythadult_yge25,geo_cov_nat,2005,4.399
cod,sex_m,age_ythadult_yge25,geo_cov_nat,2012,6.656
cod,sex_m,age_ythadult_yge25,geo_cov_rur,2005,1.927
cod,sex_m,age_ythadult_yge25,geo_cov_rur,2012,2.397
cod,sex_m,age_ythadult_yge25,geo_cov_urb,2005,15.221
cod,sex_m,age_ythadult_yge25,geo_cov_urb,2012,13.896
cod,sex_t,age_aggregate_total,geo_cov_nat,2005,5.381
cod,sex_t,age_aggregate_total,geo_cov_nat,2012,8.292
cod,sex_t,age_aggregate_total,geo_cov_rur,2005,2.723
cod,sex_t,age_aggregate_total,geo_cov_rur,2012,2.807
cod,sex_t,age_aggregate_total,geo_cov_urb,2005,19.14
cod,sex_t,age_aggregate_total,geo_cov_urb,2012,18.842
cod,sex_t,age_aggregate_y15_24,geo_cov_nat,2005,9.732
cod,sex_t,age_aggregate_y15_24,geo_cov_nat,2012,16.117
cod,sex_t,age_aggregate_y15_24,geo_cov_rur,2005,5.743
cod,sex_t,age_aggregate_y15_24,geo_cov_rur,2012,6.41
cod,sex_t,age_aggregate_y15_24,geo_cov_urb,2005,34.462
cod,sex_t,age_aggregate_y15_24,geo_cov_urb,2012,38.407
cod,sex_t,age_aggregate_y25_54,geo_cov_nat,2005,4.405
cod,sex_t,age_aggregate_y25_54,geo_cov_nat,2012,7.269
cod,sex_t,age_aggregate_y25_54,geo_cov_rur,2005,1.987
cod,sex_t,age_aggregate_y25_54,geo_cov_rur,2012,2.184
cod,sex_t,age_aggregate_y25_54,geo_cov_urb,2005,16.092
cod,sex_t,age_aggregate_y25_54,geo_cov_urb,2012,16.395
cod,sex_t,age_aggregate_y55_64,geo_cov_nat,2005,3.41
cod,sex_t,age_aggregate_y55_64,geo_cov_nat,2012,3.268
cod,sex_t,age_aggregate_y55_64,geo_cov_rur,2005,1.614
cod,sex_t,age_aggregate_y55_64,geo_cov_rur,2012,1.017
cod,sex_t,age_aggregate_y55_64,geo_cov_urb,2005,13.083
cod,sex_t,age_aggregate_y55_64,geo_cov_urb,2012,8.095
cod,sex_t,age_aggregate_yge65,geo_cov_nat,2005,1.908
cod,sex_t,age_aggregate_yge65,geo_cov_nat,2012,3.035
cod,sex_t,age_aggregate_yge65,geo_cov_rur,2005,0.239
cod,sex_t,age_aggregate_yge65,geo_cov_rur,2012,0.87
cod,sex_t,age_aggregate_yge65,geo_cov_urb,2005,11.998
cod,sex_t,age_aggregate_yge65,geo_cov_urb,2012,8.089
cod,sex_t,age_ythadult_y15_24,geo_cov_nat,2005,9.732
cod,sex_t,age_ythadult_y15_24,geo_cov_nat,2012,16.117
cod,sex_t,age_ythadult_y15_24,geo_cov_rur,2005,5.743
cod,sex_t,age_ythadult_y15_24,geo_cov_rur,2012,6.41
cod,sex_t,age_ythadult_y15_24,geo_cov_urb,2005,34.462
cod,sex_t,age_ythadult_y15_24,geo_cov_urb,2012,38.407
cod,sex_t,age_ythadult_y15_64,geo_cov_nat,2005,5.532
cod,sex_t,age_ythadult_y15_64,geo_cov_nat,2012,8.535
cod,sex_t,age_ythadult_y15_64,geo_cov_rur,2005,2.834
cod,sex_t,age_ythadult_y15_64,geo_cov_rur,2012,2.902
cod,sex_t,age_ythadult_y15_64,geo_cov_urb,2005,19.412
cod,sex_t,age_ythadult_y15_64,geo_cov_urb,2012,19.274
cod,sex_t,age_ythadult_yge15,geo_cov_nat,2005,5.381
cod,sex_t,age_ythadult_yge15,geo_cov_nat,2012,8.292
cod,sex_t,age_ythadult_yge15,geo_cov_rur,2005,2.723
cod,sex_t,age_ythadult_yge15,geo_cov_rur,2012,2.807
cod,sex_t,age_ythadult_yge15,geo_cov_urb,2005,19.14
cod,sex_t,age_ythadult_yge15,geo_cov_urb,2012,18.842
cod,sex_t,age_ythadult_yge25,geo_cov_nat,2005,4.169
cod,sex_t,age_ythadult_yge25,geo_cov_nat,2012,6.609
cod,sex_t,age_ythadult_yge25,geo_cov_rur,2005,1.852
cod,sex_t,age_ythadult_yge25,geo_cov_rur,2012,1.975
cod,sex_t,age_ythadult_yge25,geo_cov_urb,2005,15.617
cod,sex_t,age_ythadult_yge25,geo_cov_urb,2012,15.199
col,sex_f,age_aggregate_total,geo_cov_nat,2002,20.232
col,sex_f,age_aggregate_total,geo_cov_nat,2003,18.818
col,sex_f,age_aggregate_total,geo_cov_nat,2004,18.225
col,sex_f,age_aggregate_total,geo_cov_nat,2005,16.062
col,sex_f,age_aggregate_total,geo_cov_nat,2007,15.238
col,sex_f,age_aggregate_total,geo_cov_nat,2008,15.187
col,sex_f,age_aggregate_total,geo_cov_nat,2009,16.145
col,sex_f,age_aggregate_total,geo_cov_nat,2010,16.092
col,sex_f,age_aggregate_total,geo_cov_nat,2011,14.904
col,sex_f,age_aggregate_total,geo_cov_nat,2012,14.289
col,sex_f,age_aggregate_total,geo_cov_nat,2013,13.291
col,sex_f,age_aggregate_total,geo_cov_nat,2014,12.63
col,sex_f,age_aggregate_total,geo_cov_nat,2015,12.47
col,sex_f,age_aggregate_total,geo_cov_nat,2016,12.81
col,sex_f,age_aggregate_total,geo_cov_nat,2017,12.984
col,sex_f,age_aggregate_total,geo_cov_nat,2018,13.343
col,sex_f,age_aggregate_total,geo_cov_nat,2019,14.453
col,sex_f,age_aggregate_total,geo_cov_nat,2020,21.356
col,sex_f,age_aggregate_total,geo_cov_nat,2021,19.539
col,sex_f,age_aggregate_total,geo_cov_nat,2022,14.766
col,sex_f,age_aggregate_total,geo_cov_nat,2023,13.195
col,sex_f,age_aggregate_total,geo_cov_nat,2024,13.033
col,sex_f,age_aggregate_total,geo_cov_nat,2025,11.7
col,sex_f,age_aggregate_total,geo_cov_rur,2002,18.82
col,sex_f,age_aggregate_total,geo_cov_rur,2003,15.366
col,sex_f,age_aggregate_total,geo_cov_rur,2004,16.729
col,sex_f,age_aggregate_total,geo_cov_rur,2005,14.464
col,sex_f,age_aggregate_total,geo_cov_rur,2007,16.159
col,sex_f,age_aggregate_total,geo_cov_rur,2008,17.134
col,sex_f,age_aggregate_total,geo_cov_rur,2009,16.591
col,sex_f,age_aggregate_total,geo_cov_rur,2010,18.627
col,sex_f,age_aggregate_total,geo_cov_rur,2011,15.711
col,sex_f,age_aggregate_total,geo_cov_rur,2012,13.282
col,sex_f,age_aggregate_total,geo_cov_rur,2013,12.403
col,sex_f,age_aggregate_total,geo_cov_rur,2014,11.799
col,sex_f,age_aggregate_total,geo_cov_rur,2015,11.905
col,sex_f,age_aggregate_total,geo_cov_rur,2016,11.014
col,sex_f,age_aggregate_total,geo_cov_rur,2017,10.83
col,sex_f,age_aggregate_total,geo_cov_rur,2018,10.521
col,sex_f,age_aggregate_total,geo_cov_rur,2019,12.403
col,sex_f,age_aggregate_total,geo_cov_rur,2020,16.799
col,sex_f,age_aggregate_total,geo_cov_rur,2021,15.387
col,sex_f,age_aggregate_total,geo_cov_rur,2022,14.235
col,sex_f,age_aggregate_total,geo_cov_rur,2023,13.216
col,sex_f,age_aggregate_total,geo_cov_rur,2024,12.412
col,sex_f,age_aggregate_total,geo_cov_rur,2025,12.009
col,sex_f,age_aggregate_total,geo_cov_urb,2002,20.529
col,sex_f,age_aggregate_total,geo_cov_urb,2003,19.556
col,sex_f,age_aggregate_total,geo_cov_urb,2004,18.537
col,sex_f,age_aggregate_total,geo_cov_urb,2005,16.369
col,sex_f,age_aggregate_total,geo_cov_urb,2007,15.088
col,sex_f,age_aggregate_total,geo_cov_urb,2008,14.871
col,sex_f,age_aggregate_total,geo_cov_urb,2009,16.067
col,sex_f,age_aggregate_total,geo_cov_urb,2010,15.583
col,sex_f,age_aggregate_total,geo_cov_urb,2011,14.749
col,sex_f,age_aggregate_total,geo_cov_urb,2012,14.49
col,sex_f,age_aggregate_total,geo_cov_urb,2013,13.464
col,sex_f,age_aggregate_total,geo_cov_urb,2014,12.788
col,sex_f,age_aggregate_total,geo_cov_urb,2015,12.58
col,sex_f,age_aggregate_total,geo_cov_urb,2016,13.165
col,sex_f,age_aggregate_total,geo_cov_urb,2017,13.412
col,sex_f,age_aggregate_total,geo_cov_urb,2018,13.882
col,sex_f,age_aggregate_total,geo_cov_urb,2019,14.829
col,sex_f,age_aggregate_total,geo_cov_urb,2020,22.151
col,sex_f,age_aggregate_total,geo_cov_urb,2021,20.22
col,sex_f,age_aggregate_total,geo_cov_urb,2022,14.86
col,sex_f,age_aggregate_total,geo_cov_urb,2023,13.192
col,sex_f,age_aggregate_total,geo_cov_urb,2024,13.143
col,sex_f,age_aggregate_total,geo_cov_urb,2025,11.647
col,sex_f,age_aggregate_y15_24,geo_cov_nat,2002,35.934
col,sex_f,age_aggregate_y15_24,geo_cov_nat,2003,34.039
col,sex_f,age_aggregate_y15_24,geo_cov_nat,2004,33.993
col,sex_f,age_aggregate_y15_24,geo_cov_nat,2005,31.548
col,sex_f,age_aggregate_y15_24,geo_cov_nat,2007,29.424
col,sex_f,age_aggregate_y15_24,geo_cov_nat,2008,30.413
col,sex_f,age_aggregate_y15_24,geo_cov_nat,2009,31.457
col,sex_f,age_aggregate_y15_24,geo_cov_nat,2010,31.505
col,sex_f,age_aggregate_y15_24,geo_cov_nat,2011,29.89
col,sex_f,age_aggregate_y15_24,geo_cov_nat,2012,28.49
col,sex_f,age_aggregate_y15_24,geo_cov_nat,2013,26.929
col,sex_f,age_aggregate_y15_24,geo_cov_nat,2014,26.054
col,sex_f,age_aggregate_y15_24,geo_cov_nat,2015,25.432
col,sex_f,age_aggregate_y15_24,geo_cov_nat,2016,25.688
col,sex_f,age_aggregate_y15_24,geo_cov_nat,2017,25.986
col,sex_f,age_aggregate_y15_24,geo_cov_nat,2018,27.175
col,sex_f,age_aggregate_y15_24,geo_cov_nat,2019,28.242
col,sex_f,age_aggregate_y15_24,geo_cov_nat,2020,36.817
col,sex_f,age_aggregate_y15_24,geo_cov_nat,2021,33.428
col,sex_f,age_aggregate_y15_24,geo_cov_nat,2022,28.62
col,sex_f,age_aggregate_y15_24,geo_cov_nat,2023,25.577
col,sex_f,age_aggregate_y15_24,geo_cov_nat,2024,25.72
col,sex_f,age_aggregate_y15_24,geo_cov_nat,2025,23.787
col,sex_f,age_aggregate_y15_24,geo_cov_rur,2002,34.936
col,sex_f,age_aggregate_y15_24,geo_cov_rur,2003,26.899
col,sex_f,age_aggregate_y15_24,geo_cov_rur,2004,31.09
col,sex_f,age_aggregate_y15_24,geo_cov_rur,2005,29.362
col,sex_f,age_aggregate_y15_24,geo_cov_rur,2007,32.643
col,sex_f,age_aggregate_y15_24,geo_cov_rur,2008,34.627
col,sex_f,age_aggregate_y15_24,geo_cov_rur,2009,31.257
col,sex_f,age_aggregate_y15_24,geo_cov_rur,2010,35.204
col,sex_f,age_aggregate_y15_24,geo_cov_rur,2011,30.328
col,sex_f,age_aggregate_y15_24,geo_cov_rur,2012,27.283
col,sex_f,age_aggregate_y15_24,geo_cov_rur,2013,25.129
col,sex_f,age_aggregate_y15_24,geo_cov_rur,2014,24.143
col,sex_f,age_aggregate_y15_24,geo_cov_rur,2015,24.153
col,sex_f,age_aggregate_y15_24,geo_cov_rur,2016,23.867
col,sex_f,age_aggregate_y15_24,geo_cov_rur,2017,22.147
col,sex_f,age_aggregate_y15_24,geo_cov_rur,2018,23.243
col,sex_f,age_aggregate_y15_24,geo_cov_rur,2019,24.012
col,sex_f,age_aggregate_y15_24,geo_cov_rur,2020,29.597
col,sex_f,age_aggregate_y15_24,geo_cov_rur,2021,26.917
col,sex_f,age_aggregate_y15_24,geo_cov_rur,2022,26.491
col,sex_f,age_aggregate_y15_24,geo_cov_rur,2023,24.945
col,sex_f,age_aggregate_y15_24,geo_cov_rur,2024,23.888
col,sex_f,age_aggregate_y15_24,geo_cov_rur,2025,23.229
col,sex_f,age_aggregate_y15_24,geo_cov_urb,2002,36.169
col,sex_f,age_aggregate_y15_24,geo_cov_urb,2003,35.742
col,sex_f,age_aggregate_y15_24,geo_cov_urb,2004,34.709
col,sex_f,age_aggregate_y15_24,geo_cov_urb,2005,32.039
col,sex_f,age_aggregate_y15_24,geo_cov_urb,2007,28.814
col,sex_f,age_aggregate_y15_24,geo_cov_urb,2008,29.602
col,sex_f,age_aggregate_y15_24,geo_cov_urb,2009,31.498
col,sex_f,age_aggregate_y15_24,geo_cov_urb,2010,30.667
col,sex_f,age_aggregate_y15_24,geo_cov_urb,2011,29.798
col,sex_f,age_aggregate_y15_24,geo_cov_urb,2012,28.747
col,sex_f,age_aggregate_y15_24,geo_cov_urb,2013,27.308
col,sex_f,age_aggregate_y15_24,geo_cov_urb,2014,26.445
col,sex_f,age_aggregate_y15_24,geo_cov_urb,2015,25.7
col,sex_f,age_aggregate_y15_24,geo_cov_urb,2016,26.08
col,sex_f,age_aggregate_y15_24,geo_cov_urb,2017,26.794
col,sex_f,age_aggregate_y15_24,geo_cov_urb,2018,28.017
col,sex_f,age_aggregate_y15_24,geo_cov_urb,2019,29.153
col,sex_f,age_aggregate_y15_24,geo_cov_urb,2020,38.347
col,sex_f,age_aggregate_y15_24,geo_cov_urb,2021,34.765
col,sex_f,age_aggregate_y15_24,geo_cov_urb,2022,29.117
col,sex_f,age_aggregate_y15_24,geo_cov_urb,2023,25.73
col,sex_f,age_aggregate_y15_24,geo_cov_urb,2024,26.183
col,sex_f,age_aggregate_y15_24,geo_cov_urb,2025,23.929
col,sex_f,age_aggregate_y25_54,geo_cov_nat,2002,16.228
col,sex_f,age_aggregate_y25_54,geo_cov_nat,2003,15.176
col,sex_f,age_aggregate_y25_54,geo_cov_nat,2004,14.582
col,sex_f,age_aggregate_y25_54,geo_cov_nat,2005,12.597
col,sex_f,age_aggregate_y25_54,geo_cov_nat,2007,12.538
col,sex_f,age_aggregate_y25_54,geo_cov_nat,2008,12.343
col,sex_f,age_aggregate_y25_54,geo_cov_nat,2009,13.345
col,sex_f,age_aggregate_y25_54,geo_cov_nat,2010,13.467
col,sex_f,age_aggregate_y25_54,geo_cov_nat,2011,12.35
col,sex_f,age_aggregate_y25_54,geo_cov_nat,2012,12.05
col,sex_f,age_aggregate_y25_54,geo_cov_nat,2013,11.221
col,sex_f,age_aggregate_y25_54,geo_cov_nat,2014,10.56
col,sex_f,age_aggregate_y25_54,geo_cov_nat,2015,10.63
col,sex_f,age_aggregate_y25_54,geo_cov_nat,2016,11.191
col,sex_f,age_aggregate_y25_54,geo_cov_nat,2017,11.411
col,sex_f,age_aggregate_y25_54,geo_cov_nat,2018,11.782
col,sex_f,age_aggregate_y25_54,geo_cov_nat,2019,13.001
col,sex_f,age_aggregate_y25_54,geo_cov_nat,2020,20.112
col,sex_f,age_aggregate_y25_54,geo_cov_nat,2021,18.134
col,sex_f,age_aggregate_y25_54,geo_cov_nat,2022,13.457
col,sex_f,age_aggregate_y25_54,geo_cov_nat,2023,12.214
col,sex_f,age_aggregate_y25_54,geo_cov_nat,2024,12.224
col,sex_f,age_aggregate_y25_54,geo_cov_nat,2025,10.967
col,sex_f,age_aggregate_y25_54,geo_cov_rur,2002,14.486
col,sex_f,age_aggregate_y25_54,geo_cov_rur,2003,13.009
col,sex_f,age_aggregate_y25_54,geo_cov_rur,2004,13.371
col,sex_f,age_aggregate_y25_54,geo_cov_rur,2005,10.782
col,sex_f,age_aggregate_y25_54,geo_cov_rur,2007,13.092
col,sex_f,age_aggregate_y25_54,geo_cov_rur,2008,13.727
col,sex_f,age_aggregate_y25_54,geo_cov_rur,2009,14.261
col,sex_f,age_aggregate_y25_54,geo_cov_rur,2010,15.911
col,sex_f,age_aggregate_y25_54,geo_cov_rur,2011,13.401
col,sex_f,age_aggregate_y25_54,geo_cov_rur,2012,11.166
col,sex_f,age_aggregate_y25_54,geo_cov_rur,2013,10.968
col,sex_f,age_aggregate_y25_54,geo_cov_rur,2014,10.489
col,sex_f,age_aggregate_y25_54,geo_cov_rur,2015,10.296
col,sex_f,age_aggregate_y25_54,geo_cov_rur,2016,9.537
col,sex_f,age_aggregate_y25_54,geo_cov_rur,2017,9.818
col,sex_f,age_aggregate_y25_54,geo_cov_rur,2018,9.175
col,sex_f,age_aggregate_y25_54,geo_cov_rur,2019,11.564
col,sex_f,age_aggregate_y25_54,geo_cov_rur,2020,16.143
col,sex_f,age_aggregate_y25_54,geo_cov_rur,2021,14.096
col,sex_f,age_aggregate_y25_54,geo_cov_rur,2022,13.25
col,sex_f,age_aggregate_y25_54,geo_cov_rur,2023,12.46
col,sex_f,age_aggregate_y25_54,geo_cov_rur,2024,11.302
col,sex_f,age_aggregate_y25_54,geo_cov_rur,2025,11.117
col,sex_f,age_aggregate_y25_54,geo_cov_urb,2002,16.556
col,sex_f,age_aggregate_y25_54,geo_cov_urb,2003,15.585
col,sex_f,age_aggregate_y25_54,geo_cov_urb,2004,14.803
col,sex_f,age_aggregate_y25_54,geo_cov_urb,2005,12.902
col,sex_f,age_aggregate_y25_54,geo_cov_urb,2007,12.458
col,sex_f,age_aggregate_y25_54,geo_cov_urb,2008,12.142
col,sex_f,age_aggregate_y25_54,geo_cov_urb,2009,13.203
col,sex_f,age_aggregate_y25_54,geo_cov_urb,2010,13.014
col,sex_f,age_aggregate_y25_54,geo_cov_urb,2011,12.163
col,sex_f,age_aggregate_y25_54,geo_cov_urb,2012,12.214
col,sex_f,age_aggregate_y25_54,geo_cov_urb,2013,11.266
col,sex_f,age_aggregate_y25_54,geo_cov_urb,2014,10.573
col,sex_f,age_aggregate_y25_54,geo_cov_urb,2015,10.69
col,sex_f,age_aggregate_y25_54,geo_cov_urb,2016,11.493
col,sex_f,age_aggregate_y25_54,geo_cov_urb,2017,11.703
col,sex_f,age_aggregate_y25_54,geo_cov_urb,2018,12.234
col,sex_f,age_aggregate_y25_54,geo_cov_urb,2019,13.24
col,sex_f,age_aggregate_y25_54,geo_cov_urb,2020,20.734
col,sex_f,age_aggregate_y25_54,geo_cov_urb,2021,18.732
col,sex_f,age_aggregate_y25_54,geo_cov_urb,2022,13.49
col,sex_f,age_aggregate_y25_54,geo_cov_urb,2023,12.175
col,sex_f,age_aggregate_y25_54,geo_cov_urb,2024,12.37
col,sex_f,age_aggregate_y25_54,geo_cov_urb,2025,10.944
col,sex_f,age_aggregate_y55_64,geo_cov_nat,2002,7.134
col,sex_f,age_aggregate_y55_64,geo_cov_nat,2003,7.565
col,sex_f,age_aggregate_y55_64,geo_cov_nat,2004,6.135
col,sex_f,age_aggregate_y55_64,geo_cov_nat,2005,5.991
col,sex_f,age_aggregate_y55_64,geo_cov_nat,2007,5.357
col,sex_f,age_aggregate_y55_64,geo_cov_nat,2008,5.478
col,sex_f,age_aggregate_y55_64,geo_cov_nat,2009,6.469
col,sex_f,age_aggregate_y55_64,geo_cov_nat,2010,6.779
col,sex_f,age_aggregate_y55_64,geo_cov_nat,2011,6.54
col,sex_f,age_aggregate_y55_64,geo_cov_nat,2012,5.959
col,sex_f,age_aggregate_y55_64,geo_cov_nat,2013,5.534
col,sex_f,age_aggregate_y55_64,geo_cov_nat,2014,5.239
col,sex_f,age_aggregate_y55_64,geo_cov_nat,2015,5.567
col,sex_f,age_aggregate_y55_64,geo_cov_nat,2016,5.029
col,sex_f,age_aggregate_y55_64,geo_cov_nat,2017,5.738
col,sex_f,age_aggregate_y55_64,geo_cov_nat,2018,5.388
col,sex_f,age_aggregate_y55_64,geo_cov_nat,2019,6.665
col,sex_f,age_aggregate_y55_64,geo_cov_nat,2020,11.432
col,sex_f,age_aggregate_y55_64,geo_cov_nat,2021,10.116
col,sex_f,age_aggregate_y55_64,geo_cov_nat,2022,7.85
col,sex_f,age_aggregate_y55_64,geo_cov_nat,2023,6.724
col,sex_f,age_aggregate_y55_64,geo_cov_nat,2024,6.6
col,sex_f,age_aggregate_y55_64,geo_cov_nat,2025,5.544
col,sex_f,age_aggregate_y55_64,geo_cov_rur,2002,6.867
col,sex_f,age_aggregate_y55_64,geo_cov_rur,2003,4.328
col,sex_f,age_aggregate_y55_64,geo_cov_rur,2004,3.812
col,sex_f,age_aggregate_y55_64,geo_cov_rur,2005,4.804
col,sex_f,age_aggregate_y55_64,geo_cov_rur,2007,3.684
col,sex_f,age_aggregate_y55_64,geo_cov_rur,2008,3.846
col,sex_f,age_aggregate_y55_64,geo_cov_rur,2009,4.605
col,sex_f,age_aggregate_y55_64,geo_cov_rur,2010,7.001
col,sex_f,age_aggregate_y55_64,geo_cov_rur,2011,7.173
col,sex_f,age_aggregate_y55_64,geo_cov_rur,2012,5.948
col,sex_f,age_aggregate_y55_64,geo_cov_rur,2013,3.449
col,sex_f,age_aggregate_y55_64,geo_cov_rur,2014,2.608
col,sex_f,age_aggregate_y55_64,geo_cov_rur,2015,5.294
col,sex_f,age_aggregate_y55_64,geo_cov_rur,2016,2.796
col,sex_f,age_aggregate_y55_64,geo_cov_rur,2017,4.389
col,sex_f,age_aggregate_y55_64,geo_cov_rur,2018,2.795
col,sex_f,age_aggregate_y55_64,geo_cov_rur,2019,4.423
col,sex_f,age_aggregate_y55_64,geo_cov_rur,2020,7.283
col,sex_f,age_aggregate_y55_64,geo_cov_rur,2021,6.662
col,sex_f,age_aggregate_y55_64,geo_cov_rur,2022,5.278
col,sex_f,age_aggregate_y55_64,geo_cov_rur,2023,4.763
col,sex_f,age_aggregate_y55_64,geo_cov_rur,2024,5.488
col,sex_f,age_aggregate_y55_64,geo_cov_rur,2025,4.767
col,sex_f,age_aggregate_y55_64,geo_cov_urb,2002,7.211
col,sex_f,age_aggregate_y55_64,geo_cov_urb,2003,8.56
col,sex_f,age_aggregate_y55_64,geo_cov_urb,2004,6.857
col,sex_f,age_aggregate_y55_64,geo_cov_urb,2005,6.321
col,sex_f,age_aggregate_y55_64,geo_cov_urb,2007,5.744
col,sex_f,age_aggregate_y55_64,geo_cov_urb,2008,5.825
col,sex_f,age_aggregate_y55_64,geo_cov_urb,2009,6.881
col,sex_f,age_aggregate_y55_64,geo_cov_urb,2010,6.729
col,sex_f,age_aggregate_y55_64,geo_cov_urb,2011,6.398
col,sex_f,age_aggregate_y55_64,geo_cov_urb,2012,5.961
col,sex_f,age_aggregate_y55_64,geo_cov_urb,2013,6.001
col,sex_f,age_aggregate_y55_64,geo_cov_urb,2014,5.813
col,sex_f,age_aggregate_y55_64,geo_cov_urb,2015,5.625
col,sex_f,age_aggregate_y55_64,geo_cov_urb,2016,5.535
col,sex_f,age_aggregate_y55_64,geo_cov_urb,2017,6.05
col,sex_f,age_aggregate_y55_64,geo_cov_urb,2018,5.953
col,sex_f,age_aggregate_y55_64,geo_cov_urb,2019,7.138
col,sex_f,age_aggregate_y55_64,geo_cov_urb,2020,12.267
col,sex_f,age_aggregate_y55_64,geo_cov_urb,2021,10.738
col,sex_f,age_aggregate_y55_64,geo_cov_urb,2022,8.326
col,sex_f,age_aggregate_y55_64,geo_cov_urb,2023,7.107
col,sex_f,age_aggregate_y55_64,geo_cov_urb,2024,6.795
col,sex_f,age_aggregate_y55_64,geo_cov_urb,2025,5.683
col,sex_f,age_aggregate_yge65,geo_cov_nat,2002,5.58
col,sex_f,age_aggregate_yge65,geo_cov_nat,2003,4.357
col,sex_f,age_aggregate_yge65,geo_cov_nat,2004,3.317
col,sex_f,age_aggregate_yge65,geo_cov_nat,2005,2.119
col,sex_f,age_aggregate_yge65,geo_cov_nat,2007,2.619
col,sex_f,age_aggregate_yge65,geo_cov_nat,2008,2.925
col,sex_f,age_aggregate_yge65,geo_cov_nat,2009,2.973
col,sex_f,age_aggregate_yge65,geo_cov_nat,2010,4.33
col,sex_f,age_aggregate_yge65,geo_cov_nat,2011,3.852
col,sex_f,age_aggregate_yge65,geo_cov_nat,2012,2.587
col,sex_f,age_aggregate_yge65,geo_cov_nat,2013,2.212
col,sex_f,age_aggregate_yge65,geo_cov_nat,2014,3.197
col,sex_f,age_aggregate_yge65,geo_cov_nat,2015,2.448
col,sex_f,age_aggregate_yge65,geo_cov_nat,2016,2.939
col,sex_f,age_aggregate_yge65,geo_cov_nat,2017,2.422
col,sex_f,age_aggregate_yge65,geo_cov_nat,2018,3.284
col,sex_f,age_aggregate_yge65,geo_cov_nat,2019,3.339
col,sex_f,age_aggregate_yge65,geo_cov_nat,2020,5.96
col,sex_f,age_aggregate_yge65,geo_cov_nat,2021,5.976
col,sex_f,age_aggregate_yge65,geo_cov_nat,2022,4.386
col,sex_f,age_aggregate_yge65,geo_cov_nat,2023,4.109
col,sex_f,age_aggregate_yge65,geo_cov_nat,2024,2.301
col,sex_f,age_aggregate_yge65,geo_cov_nat,2025,2.605
col,sex_f,age_aggregate_yge65,geo_cov_rur,2003,3.649
col,sex_f,age_aggregate_yge65,geo_cov_rur,2004,1.249
col,sex_f,age_aggregate_yge65,geo_cov_rur,2005,1.722
col,sex_f,age_aggregate_yge65,geo_cov_rur,2008,2.27
col,sex_f,age_aggregate_yge65,geo_cov_rur,2009,1.082
col,sex_f,age_aggregate_yge65,geo_cov_rur,2010,4.485
col,sex_f,age_aggregate_yge65,geo_cov_rur,2011,2.425
col,sex_f,age_aggregate_yge65,geo_cov_rur,2012,0.987
col,sex_f,age_aggregate_yge65,geo_cov_rur,2014,1.111
col,sex_f,age_aggregate_yge65,geo_cov_rur,2015,1.416
col,sex_f,age_aggregate_yge65,geo_cov_rur,2016,1.441
col,sex_f,age_aggregate_yge65,geo_cov_rur,2017,0.666
col,sex_f,age_aggregate_yge65,geo_cov_rur,2018,1.631
col,sex_f,age_aggregate_yge65,geo_cov_rur,2019,0.916
col,sex_f,age_aggregate_yge65,geo_cov_rur,2020,1.946
col,sex_f,age_aggregate_yge65,geo_cov_rur,2021,2.642
col,sex_f,age_aggregate_yge65,geo_cov_rur,2022,2.215
col,sex_f,age_aggregate_yge65,geo_cov_rur,2023,2
col,sex_f,age_aggregate_yge65,geo_cov_rur,2024,1.773
col,sex_f,age_aggregate_yge65,geo_cov_rur,2025,1.246
col,sex_f,age_aggregate_yge65,geo_cov_urb,2002,7.41
col,sex_f,age_aggregate_yge65,geo_cov_urb,2003,4.733
col,sex_f,age_aggregate_yge65,geo_cov_urb,2004,4.124
col,sex_f,age_aggregate_yge65,geo_cov_urb,2005,2.3
col,sex_f,age_aggregate_yge65,geo_cov_urb,2007,3.495
col,sex_f,age_aggregate_yge65,geo_cov_urb,2008,3.13
col,sex_f,age_aggregate_yge65,geo_cov_urb,2009,3.759
col,sex_f,age_aggregate_yge65,geo_cov_urb,2010,4.272
col,sex_f,age_aggregate_yge65,geo_cov_urb,2011,4.343
col,sex_f,age_aggregate_yge65,geo_cov_urb,2012,3.212
col,sex_f,age_aggregate_yge65,geo_cov_urb,2013,2.867
col,sex_f,age_aggregate_yge65,geo_cov_urb,2014,3.931
col,sex_f,age_aggregate_yge65,geo_cov_urb,2015,2.795
col,sex_f,age_aggregate_yge65,geo_cov_urb,2016,3.462
col,sex_f,age_aggregate_yge65,geo_cov_urb,2017,3.097
col,sex_f,age_aggregate_yge65,geo_cov_urb,2018,3.893
col,sex_f,age_aggregate_yge65,geo_cov_urb,2019,4.142
col,sex_f,age_aggregate_yge65,geo_cov_urb,2020,7.282
col,sex_f,age_aggregate_yge65,geo_cov_urb,2021,6.841
col,sex_f,age_aggregate_yge65,geo_cov_urb,2022,5.017
col,sex_f,age_aggregate_yge65,geo_cov_urb,2023,4.75
col,sex_f,age_aggregate_yge65,geo_cov_urb,2024,2.444
col,sex_f,age_aggregate_yge65,geo_cov_urb,2025,2.953
col,sex_f,age_ythadult_y15_24,geo_cov_nat,2002,35.934
col,sex_f,age_ythadult_y15_24,geo_cov_nat,2003,34.039
col,sex_f,age_ythadult_y15_24,geo_cov_nat,2004,33.993
col,sex_f,age_ythadult_y15_24,geo_cov_nat,2005,31.548
col,sex_f,age_ythadult_y15_24,geo_cov_nat,2007,29.424
col,sex_f,age_ythadult_y15_24,geo_cov_nat,2008,30.413
col,sex_f,age_ythadult_y15_24,geo_cov_nat,2009,31.457
col,sex_f,age_ythadult_y15_24,geo_cov_nat,2010,31.505
col,sex_f,age_ythadult_y15_24,geo_cov_nat,2011,29.89
col,sex_f,age_ythadult_y15_24,geo_cov_nat,2012,28.49
col,sex_f,age_ythadult_y15_24,geo_cov_nat,2013,26.929
col,sex_f,age_ythadult_y15_24,geo_cov_nat,2014,26.054
col,sex_f,age_ythadult_y15_24,geo_cov_nat,2015,25.432
col,sex_f,age_ythadult_y15_24,geo_cov_nat,2016,25.688
col,sex_f,age_ythadult_y15_24,geo_cov_nat,2017,25.986
col,sex_f,age_ythadult_y15_24,geo_cov_nat,2018,27.175
col,sex_f,age_ythadult_y15_24,geo_cov_nat,2019,28.242
col,sex_f,age_ythadult_y15_24,geo_cov_nat,2020,36.817
col,sex_f,age_ythadult_y15_24,geo_cov_nat,2021,33.428
col,sex_f,age_ythadult_y15_24,geo_cov_nat,2022,28.62
col,sex_f,age_ythadult_y15_24,geo_cov_nat,2023,25.577
col,sex_f,age_ythadult_y15_24,geo_cov_nat,2024,25.72
col,sex_f,age_ythadult_y15_24,geo_cov_nat,2025,23.787
col,sex_f,age_ythadult_y15_24,geo_cov_rur,2002,34.936
col,sex_f,age_ythadult_y15_24,geo_cov_rur,2003,26.899
col,sex_f,age_ythadult_y15_24,geo_cov_rur,2004,31.09
col,sex_f,age_ythadult_y15_24,geo_cov_rur,2005,29.362
col,sex_f,age_ythadult_y15_24,geo_cov_rur,2007,32.643
col,sex_f,age_ythadult_y15_24,geo_cov_rur,2008,34.627
col,sex_f,age_ythadult_y15_24,geo_cov_rur,2009,31.257
col,sex_f,age_ythadult_y15_24,geo_cov_rur,2010,35.204
col,sex_f,age_ythadult_y15_24,geo_cov_rur,2011,30.328
col,sex_f,age_ythadult_y15_24,geo_cov_rur,2012,27.283
col,sex_f,age_ythadult_y15_24,geo_cov_rur,2013,25.129
col,sex_f,age_ythadult_y15_24,geo_cov_rur,2014,24.143
col,sex_f,age_ythadult_y15_24,geo_cov_rur,2015,24.153
col,sex_f,age_ythadult_y15_24,geo_cov_rur,2016,23.867
col,sex_f,age_ythadult_y15_24,geo_cov_rur,2017,22.147
col,sex_f,age_ythadult_y15_24,geo_cov_rur,2018,23.243
col,sex_f,age_ythadult_y15_24,geo_cov_rur,2019,24.012
col,sex_f,age_ythadult_y15_24,geo_cov_rur,2020,29.597
col,sex_f,age_ythadult_y15_24,geo_cov_rur,2021,26.917
col,sex_f,age_ythadult_y15_24,geo_cov_rur,2022,26.491
col,sex_f,age_ythadult_y15_24,geo_cov_rur,2023,24.945
col,sex_f,age_ythadult_y15_24,geo_cov_rur,2024,23.888
col,sex_f,age_ythadult_y15_24,geo_cov_rur,2025,23.229
col,sex_f,age_ythadult_y15_24,geo_cov_urb,2002,36.169
col,sex_f,age_ythadult_y15_24,geo_cov_urb,2003,35.742
col,sex_f,age_ythadult_y15_24,geo_cov_urb,2004,34.709
col,sex_f,age_ythadult_y15_24,geo_cov_urb,2005,32.039
col,sex_f,age_ythadult_y15_24,geo_cov_urb,2007,28.814
col,sex_f,age_ythadult_y15_24,geo_cov_urb,2008,29.602
col,sex_f,age_ythadult_y15_24,geo_cov_urb,2009,31.498
col,sex_f,age_ythadult_y15_24,geo_cov_urb,2010,30.667
col,sex_f,age_ythadult_y15_24,geo_cov_urb,2011,29.798
col,sex_f,age_ythadult_y15_24,geo_cov_urb,2012,28.747
col,sex_f,age_ythadult_y15_24,geo_cov_urb,2013,27.308
col,sex_f,age_ythadult_y15_24,geo_cov_urb,2014,26.445
col,sex_f,age_ythadult_y15_24,geo_cov_urb,2015,25.7
col,sex_f,age_ythadult_y15_24,geo_cov_urb,2016,26.08
col,sex_f,age_ythadult_y15_24,geo_cov_urb,2017,26.794
col,sex_f,age_ythadult_y15_24,geo_cov_urb,2018,28.017
col,sex_f,age_ythadult_y15_24,geo_cov_urb,2019,29.153
col,sex_f,age_ythadult_y15_24,geo_cov_urb,2020,38.347
col,sex_f,age_ythadult_y15_24,geo_cov_urb,2021,34.765
col,sex_f,age_ythadult_y15_24,geo_cov_urb,2022,29.117
col,sex_f,age_ythadult_y15_24,geo_cov_urb,2023,25.73
col,sex_f,age_ythadult_y15_24,geo_cov_urb,2024,26.183
col,sex_f,age_ythadult_y15_24,geo_cov_urb,2025,23.929
col,sex_f,age_ythadult_y15_64,geo_cov_nat,2002,20.6
col,sex_f,age_ythadult_y15_64,geo_cov_nat,2003,19.192
col,sex_f,age_ythadult_y15_64,geo_cov_nat,2004,18.617
col,sex_f,age_ythadult_y15_64,geo_cov_nat,2005,16.422
col,sex_f,age_ythadult_y15_64,geo_cov_nat,2007,15.543
col,sex_f,age_ythadult_y15_64,geo_cov_nat,2008,15.491
col,sex_f,age_ythadult_y15_64,geo_cov_nat,2009,16.492
col,sex_f,age_ythadult_y15_64,geo_cov_nat,2010,16.439
col,sex_f,age_ythadult_y15_64,geo_cov_nat,2011,15.241
col,sex_f,age_ythadult_y15_64,geo_cov_nat,2012,14.669
col,sex_f,age_ythadult_y15_64,geo_cov_nat,2013,13.665
col,sex_f,age_ythadult_y15_64,geo_cov_nat,2014,12.959
col,sex_f,age_ythadult_y15_64,geo_cov_nat,2015,12.837
col,sex_f,age_ythadult_y15_64,geo_cov_nat,2016,13.192
col,sex_f,age_ythadult_y15_64,geo_cov_nat,2017,13.394
col,sex_f,age_ythadult_y15_64,geo_cov_nat,2018,13.739
col,sex_f,age_ythadult_y15_64,geo_cov_nat,2019,14.897
col,sex_f,age_ythadult_y15_64,geo_cov_nat,2020,21.898
col,sex_f,age_ythadult_y15_64,geo_cov_nat,2021,19.985
col,sex_f,age_ythadult_y15_64,geo_cov_nat,2022,15.153
col,sex_f,age_ythadult_y15_64,geo_cov_nat,2023,13.555
col,sex_f,age_ythadult_y15_64,geo_cov_nat,2024,13.486
col,sex_f,age_ythadult_y15_64,geo_cov_nat,2025,12.101
col,sex_f,age_ythadult_y15_64,geo_cov_rur,2002,19.609
col,sex_f,age_ythadult_y15_64,geo_cov_rur,2003,15.979
col,sex_f,age_ythadult_y15_64,geo_cov_rur,2004,17.401
col,sex_f,age_ythadult_y15_64,geo_cov_rur,2005,15.119
col,sex_f,age_ythadult_y15_64,geo_cov_rur,2007,16.926
col,sex_f,age_ythadult_y15_64,geo_cov_rur,2008,17.772
col,sex_f,age_ythadult_y15_64,geo_cov_rur,2009,17.412
col,sex_f,age_ythadult_y15_64,geo_cov_rur,2010,19.319
col,sex_f,age_ythadult_y15_64,geo_cov_rur,2011,16.368
col,sex_f,age_ythadult_y15_64,geo_cov_rur,2012,13.969
col,sex_f,age_ythadult_y15_64,geo_cov_rur,2013,13.098
col,sex_f,age_ythadult_y15_64,geo_cov_rur,2014,12.421
col,sex_f,age_ythadult_y15_64,geo_cov_rur,2015,12.511
col,sex_f,age_ythadult_y15_64,geo_cov_rur,2016,11.608
col,sex_f,age_ythadult_y15_64,geo_cov_rur,2017,11.509
col,sex_f,age_ythadult_y15_64,geo_cov_rur,2018,11.124
col,sex_f,age_ythadult_y15_64,geo_cov_rur,2019,13.158
col,sex_f,age_ythadult_y15_64,geo_cov_rur,2020,17.693
col,sex_f,age_ythadult_y15_64,geo_cov_rur,2021,16.009
col,sex_f,age_ythadult_y15_64,geo_cov_rur,2022,14.921
col,sex_f,age_ythadult_y15_64,geo_cov_rur,2023,13.91
col,sex_f,age_ythadult_y15_64,geo_cov_rur,2024,13.057
col,sex_f,age_ythadult_y15_64,geo_cov_rur,2025,12.677
col,sex_f,age_ythadult_y15_64,geo_cov_urb,2002,20.804
col,sex_f,age_ythadult_y15_64,geo_cov_urb,2003,19.858
col,sex_f,age_ythadult_y15_64,geo_cov_urb,2004,18.865
col,sex_f,age_ythadult_y15_64,geo_cov_urb,2005,16.665
col,sex_f,age_ythadult_y15_64,geo_cov_urb,2007,15.324
col,sex_f,age_ythadult_y15_64,geo_cov_urb,2008,15.127
col,sex_f,age_ythadult_y15_64,geo_cov_urb,2009,16.335
col,sex_f,age_ythadult_y15_64,geo_cov_urb,2010,15.873
col,sex_f,age_ythadult_y15_64,geo_cov_urb,2011,15.03
col,sex_f,age_ythadult_y15_64,geo_cov_urb,2012,14.805
col,sex_f,age_ythadult_y15_64,geo_cov_urb,2013,13.773
col,sex_f,age_ythadult_y15_64,geo_cov_urb,2014,13.058
col,sex_f,age_ythadult_y15_64,geo_cov_urb,2015,12.899
col,sex_f,age_ythadult_y15_64,geo_cov_urb,2016,13.497
col,sex_f,age_ythadult_y15_64,geo_cov_urb,2017,13.757
col,sex_f,age_ythadult_y15_64,geo_cov_urb,2018,14.222
col,sex_f,age_ythadult_y15_64,geo_cov_urb,2019,15.208
col,sex_f,age_ythadult_y15_64,geo_cov_urb,2020,22.612
col,sex_f,age_ythadult_y15_64,geo_cov_urb,2021,20.626
col,sex_f,age_ythadult_y15_64,geo_cov_urb,2022,15.193
col,sex_f,age_ythadult_y15_64,geo_cov_urb,2023,13.493
col,sex_f,age_ythadult_y15_64,geo_cov_urb,2024,13.56
col,sex_f,age_ythadult_y15_64,geo_cov_urb,2025,12.003
col,sex_f,age_ythadult_yge15,geo_cov_nat,2002,20.232
col,sex_f,age_ythadult_yge15,geo_cov_nat,2003,18.818
col,sex_f,age_ythadult_yge15,geo_cov_nat,2004,18.225
col,sex_f,age_ythadult_yge15,geo_cov_nat,2005,16.062
col,sex_f,age_ythadult_yge15,geo_cov_nat,2007,15.238
col,sex_f,age_ythadult_yge15,geo_cov_nat,2008,15.187
col,sex_f,age_ythadult_yge15,geo_cov_nat,2009,16.145
col,sex_f,age_ythadult_yge15,geo_cov_nat,2010,16.092
col,sex_f,age_ythadult_yge15,geo_cov_nat,2011,14.904
col,sex_f,age_ythadult_yge15,geo_cov_nat,2012,14.289
col,sex_f,age_ythadult_yge15,geo_cov_nat,2013,13.291
col,sex_f,age_ythadult_yge15,geo_cov_nat,2014,12.63
col,sex_f,age_ythadult_yge15,geo_cov_nat,2015,12.47
col,sex_f,age_ythadult_yge15,geo_cov_nat,2016,12.81
col,sex_f,age_ythadult_yge15,geo_cov_nat,2017,12.984
col,sex_f,age_ythadult_yge15,geo_cov_nat,2018,13.343
col,sex_f,age_ythadult_yge15,geo_cov_nat,2019,14.453
col,sex_f,age_ythadult_yge15,geo_cov_nat,2020,21.356
col,sex_f,age_ythadult_yge15,geo_cov_nat,2021,19.539
col,sex_f,age_ythadult_yge15,geo_cov_nat,2022,14.766
col,sex_f,age_ythadult_yge15,geo_cov_nat,2023,13.195
col,sex_f,age_ythadult_yge15,geo_cov_nat,2024,13.033
col,sex_f,age_ythadult_yge15,geo_cov_nat,2025,11.7
col,sex_f,age_ythadult_yge15,geo_cov_rur,2002,18.82
col,sex_f,age_ythadult_yge15,geo_cov_rur,2003,15.366
col,sex_f,age_ythadult_yge15,geo_cov_rur,2004,16.729
col,sex_f,age_ythadult_yge15,geo_cov_rur,2005,14.464
col,sex_f,age_ythadult_yge15,geo_cov_rur,2007,16.159
col,sex_f,age_ythadult_yge15,geo_cov_rur,2008,17.134
col,sex_f,age_ythadult_yge15,geo_cov_rur,2009,16.591
col,sex_f,age_ythadult_yge15,geo_cov_rur,2010,18.627
col,sex_f,age_ythadult_yge15,geo_cov_rur,2011,15.711
col,sex_f,age_ythadult_yge15,geo_cov_rur,2012,13.282
col,sex_f,age_ythadult_yge15,geo_cov_rur,2013,12.403
col,sex_f,age_ythadult_yge15,geo_cov_rur,2014,11.799
col,sex_f,age_ythadult_yge15,geo_cov_rur,2015,11.905
col,sex_f,age_ythadult_yge15,geo_cov_rur,2016,11.014
col,sex_f,age_ythadult_yge15,geo_cov_rur,2017,10.83
col,sex_f,age_ythadult_yge15,geo_cov_rur,2018,10.521
col,sex_f,age_ythadult_yge15,geo_cov_rur,2019,12.403
col,sex_f,age_ythadult_yge15,geo_cov_rur,2020,16.799
col,sex_f,age_ythadult_yge15,geo_cov_rur,2021,15.387
col,sex_f,age_ythadult_yge15,geo_cov_rur,2022,14.235
col,sex_f,age_ythadult_yge15,geo_cov_rur,2023,13.216
col,sex_f,age_ythadult_yge15,geo_cov_rur,2024,12.412
col,sex_f,age_ythadult_yge15,geo_cov_rur,2025,12.009
col,sex_f,age_ythadult_yge15,geo_cov_urb,2002,20.529
col,sex_f,age_ythadult_yge15,geo_cov_urb,2003,19.556
col,sex_f,age_ythadult_yge15,geo_cov_urb,2004,18.537
col,sex_f,age_ythadult_yge15,geo_cov_urb,2005,16.369
col,sex_f,age_ythadult_yge15,geo_cov_urb,2007,15.088
col,sex_f,age_ythadult_yge15,geo_cov_urb,2008,14.871
col,sex_f,age_ythadult_yge15,geo_cov_urb,2009,16.067
col,sex_f,age_ythadult_yge15,geo_cov_urb,2010,15.583
col,sex_f,age_ythadult_yge15,geo_cov_urb,2011,14.749
col,sex_f,age_ythadult_yge15,geo_cov_urb,2012,14.49
col,sex_f,age_ythadult_yge15,geo_cov_urb,2013,13.464
col,sex_f,age_ythadult_yge15,geo_cov_urb,2014,12.788
col,sex_f,age_ythadult_yge15,geo_cov_urb,2015,12.58
col,sex_f,age_ythadult_yge15,geo_cov_urb,2016,13.165
col,sex_f,age_ythadult_yge15,geo_cov_urb,2017,13.412
col,sex_f,age_ythadult_yge15,geo_cov_urb,2018,13.882
col,sex_f,age_ythadult_yge15,geo_cov_urb,2019,14.829
col,sex_f,age_ythadult_yge15,geo_cov_urb,2020,22.151
col,sex_f,age_ythadult_yge15,geo_cov_urb,2021,20.22
col,sex_f,age_ythadult_yge15,geo_cov_urb,2022,14.86
col,sex_f,age_ythadult_yge15,geo_cov_urb,2023,13.192
col,sex_f,age_ythadult_yge15,geo_cov_urb,2024,13.143
col,sex_f,age_ythadult_yge15,geo_cov_urb,2025,11.647
col,sex_f,age_ythadult_yge25,geo_cov_nat,2002,15.212
col,sex_f,age_ythadult_yge25,geo_cov_nat,2003,14.218
col,sex_f,age_ythadult_yge25,geo_cov_nat,2004,13.553
col,sex_f,age_ythadult_yge25,geo_cov_nat,2005,11.74
col,sex_f,age_ythadult_yge25,geo_cov_nat,2007,11.654
col,sex_f,age_ythadult_yge25,geo_cov_nat,2008,11.472
col,sex_f,age_ythadult_yge25,geo_cov_nat,2009,12.382
col,sex_f,age_ythadult_yge25,geo_cov_nat,2010,12.501
col,sex_f,age_ythadult_yge25,geo_cov_nat,2011,11.448
col,sex_f,age_ythadult_yge25,geo_cov_nat,2012,11.03
col,sex_f,age_ythadult_yge25,geo_cov_nat,2013,10.241
col,sex_f,age_ythadult_yge25,geo_cov_nat,2014,9.672
col,sex_f,age_ythadult_yge25,geo_cov_nat,2015,9.71
col,sex_f,age_ythadult_yge25,geo_cov_nat,2016,10.114
col,sex_f,age_ythadult_yge25,geo_cov_nat,2017,10.345
col,sex_f,age_ythadult_yge25,geo_cov_nat,2018,10.631
col,sex_f,age_ythadult_yge25,geo_cov_nat,2019,11.817
col,sex_f,age_ythadult_yge25,geo_cov_nat,2020,18.535
col,sex_f,age_ythadult_yge25,geo_cov_nat,2021,16.667
col,sex_f,age_ythadult_yge25,geo_cov_nat,2022,12.399
col,sex_f,age_ythadult_yge25,geo_cov_nat,2023,11.15
col,sex_f,age_ythadult_yge25,geo_cov_nat,2024,11.045
col,sex_f,age_ythadult_yge25,geo_cov_nat,2025,9.867
col,sex_f,age_ythadult_yge25,geo_cov_rur,2002,12.969
col,sex_f,age_ythadult_yge25,geo_cov_rur,2003,11.441
col,sex_f,age_ythadult_yge25,geo_cov_rur,2004,11.62
col,sex_f,age_ythadult_yge25,geo_cov_rur,2005,9.532
col,sex_f,age_ythadult_yge25,geo_cov_rur,2007,11.253
col,sex_f,age_ythadult_yge25,geo_cov_rur,2008,12.012
col,sex_f,age_ythadult_yge25,geo_cov_rur,2009,12.289
col,sex_f,age_ythadult_yge25,geo_cov_rur,2010,14.261
col,sex_f,age_ythadult_yge25,geo_cov_rur,2011,12.019
col,sex_f,age_ythadult_yge25,geo_cov_rur,2012,9.862
col,sex_f,age_ythadult_yge25,geo_cov_rur,2013,9.313
col,sex_f,age_ythadult_yge25,geo_cov_rur,2014,8.863
col,sex_f,age_ythadult_yge25,geo_cov_rur,2015,9.08
col,sex_f,age_ythadult_yge25,geo_cov_rur,2016,8.079
col,sex_f,age_ythadult_yge25,geo_cov_rur,2017,8.399
col,sex_f,age_ythadult_yge25,geo_cov_rur,2018,7.72
col,sex_f,age_ythadult_yge25,geo_cov_rur,2019,9.797
col,sex_f,age_ythadult_yge25,geo_cov_rur,2020,13.96
col,sex_f,age_ythadult_yge25,geo_cov_rur,2021,12.375
col,sex_f,age_ythadult_yge25,geo_cov_rur,2022,11.47
col,sex_f,age_ythadult_yge25,geo_cov_rur,2023,10.606
col,sex_f,age_ythadult_yge25,geo_cov_rur,2024,9.861
col,sex_f,age_ythadult_yge25,geo_cov_rur,2025,9.528
col,sex_f,age_ythadult_yge25,geo_cov_urb,2002,15.666
col,sex_f,age_ythadult_yge25,geo_cov_urb,2003,14.791
col,sex_f,age_ythadult_yge25,geo_cov_urb,2004,13.935
col,sex_f,age_ythadult_yge25,geo_cov_urb,2005,12.145
col,sex_f,age_ythadult_yge25,geo_cov_urb,2007,11.717
col,sex_f,age_ythadult_yge25,geo_cov_urb,2008,11.388
col,sex_f,age_ythadult_yge25,geo_cov_urb,2009,12.398
col,sex_f,age_ythadult_yge25,geo_cov_urb,2010,12.157
col,sex_f,age_ythadult_yge25,geo_cov_urb,2011,11.341
col,sex_f,age_ythadult_yge25,geo_cov_urb,2012,11.26
col,sex_f,age_ythadult_yge25,geo_cov_urb,2013,10.417
col,sex_f,age_ythadult_yge25,geo_cov_urb,2014,9.823
col,sex_f,age_ythadult_yge25,geo_cov_urb,2015,9.83
col,sex_f,age_ythadult_yge25,geo_cov_urb,2016,10.509
col,sex_f,age_ythadult_yge25,geo_cov_urb,2017,10.728
col,sex_f,age_ythadult_yge25,geo_cov_urb,2018,11.174
col,sex_f,age_ythadult_yge25,geo_cov_urb,2019,12.176
col,sex_f,age_ythadult_yge25,geo_cov_urb,2020,19.303
col,sex_f,age_ythadult_yge25,geo_cov_urb,2021,17.336
col,sex_f,age_ythadult_yge25,geo_cov_urb,2022,12.554
col,sex_f,age_ythadult_yge25,geo_cov_urb,2023,11.243
col,sex_f,age_ythadult_yge25,geo_cov_urb,2024,11.241
col,sex_f,age_ythadult_yge25,geo_cov_urb,2025,9.922
col,sex_m,age_aggregate_total,geo_cov_nat,2002,12.714
col,sex_m,age_aggregate_total,geo_cov_nat,2003,11.102
col,sex_m,age_aggregate_total,geo_cov_nat,2004,10.81
col,sex_m,age_aggregate_total,geo_cov_nat,2005,9.21
col,sex_m,age_aggregate_total,geo_cov_nat,2007,8.985
col,sex_m,age_aggregate_total,geo_cov_nat,2008,9.061
col,sex_m,age_aggregate_total,geo_cov_nat,2009,9.548
col,sex_m,age_aggregate_total,geo_cov_nat,2010,9.345
col,sex_m,age_aggregate_total,geo_cov_nat,2011,8.59
col,sex_m,age_aggregate_total,geo_cov_nat,2012,8.283
col,sex_m,age_aggregate_total,geo_cov_nat,2013,7.832
col,sex_m,age_aggregate_total,geo_cov_nat,2014,7.464
col,sex_m,age_aggregate_total,geo_cov_nat,2015,7.173
col,sex_m,age_aggregate_total,geo_cov_nat,2016,7.533
col,sex_m,age_aggregate_total,geo_cov_nat,2017,7.643
col,sex_m,age_aggregate_total,geo_cov_nat,2018,7.901
col,sex_m,age_aggregate_total,geo_cov_nat,2019,8.72
col,sex_m,age_aggregate_total,geo_cov_nat,2020,13.575
col,sex_m,age_aggregate_total,geo_cov_nat,2021,11.381
col,sex_m,age_aggregate_total,geo_cov_nat,2022,9.243
col,sex_m,age_aggregate_total,geo_cov_nat,2023,8.395
col,sex_m,age_aggregate_total,geo_cov_nat,2024,8.473
col,sex_m,age_aggregate_total,geo_cov_nat,2025,7.15
col,sex_m,age_aggregate_total,geo_cov_rur,2002,7.878
col,sex_m,age_aggregate_total,geo_cov_rur,2003,6.202
col,sex_m,age_aggregate_total,geo_cov_rur,2004,6.206
col,sex_m,age_aggregate_total,geo_cov_rur,2005,4.399
col,sex_m,age_aggregate_total,geo_cov_rur,2007,5.009
col,sex_m,age_aggregate_total,geo_cov_rur,2008,5.162
col,sex_m,age_aggregate_total,geo_cov_rur,2009,4.654
col,sex_m,age_aggregate_total,geo_cov_rur,2010,4.757
col,sex_m,age_aggregate_total,geo_cov_rur,2011,4.45
col,sex_m,age_aggregate_total,geo_cov_rur,2012,4.202
col,sex_m,age_aggregate_total,geo_cov_rur,2013,3.74
col,sex_m,age_aggregate_total,geo_cov_rur,2014,3.927
col,sex_m,age_aggregate_total,geo_cov_rur,2015,3.497
col,sex_m,age_aggregate_total,geo_cov_rur,2016,3.363
col,sex_m,age_aggregate_total,geo_cov_rur,2017,3.118
col,sex_m,age_aggregate_total,geo_cov_rur,2018,3.334
col,sex_m,age_aggregate_total,geo_cov_rur,2019,4.68
col,sex_m,age_aggregate_total,geo_cov_rur,2020,6.274
col,sex_m,age_aggregate_total,geo_cov_rur,2021,5.42
col,sex_m,age_aggregate_total,geo_cov_rur,2022,5.512
col,sex_m,age_aggregate_total,geo_cov_rur,2023,4.791
col,sex_m,age_aggregate_total,geo_cov_rur,2024,5.306
col,sex_m,age_aggregate_total,geo_cov_rur,2025,4.426
col,sex_m,age_aggregate_total,geo_cov_urb,2002,14.652
col,sex_m,age_aggregate_total,geo_cov_urb,2003,13.005
col,sex_m,age_aggregate_total,geo_cov_urb,2004,12.566
col,sex_m,age_aggregate_total,geo_cov_urb,2005,11.051
col,sex_m,age_aggregate_total,geo_cov_urb,2007,10.425
col,sex_m,age_aggregate_total,geo_cov_urb,2008,10.437
col,sex_m,age_aggregate_total,geo_cov_urb,2009,11.279
col,sex_m,age_aggregate_total,geo_cov_urb,2010,11.026
col,sex_m,age_aggregate_total,geo_cov_urb,2011,10.086
col,sex_m,age_aggregate_total,geo_cov_urb,2012,9.744
col,sex_m,age_aggregate_total,geo_cov_urb,2013,9.286
col,sex_m,age_aggregate_total,geo_cov_urb,2014,8.689
col,sex_m,age_aggregate_total,geo_cov_urb,2015,8.449
col,sex_m,age_aggregate_total,geo_cov_urb,2016,8.972
col,sex_m,age_aggregate_total,geo_cov_urb,2017,9.225
col,sex_m,age_aggregate_total,geo_cov_urb,2018,9.49
col,sex_m,age_aggregate_total,geo_cov_urb,2019,10.087
col,sex_m,age_aggregate_total,geo_cov_urb,2020,16.016
col,sex_m,age_aggregate_total,geo_cov_urb,2021,13.267
col,sex_m,age_aggregate_total,geo_cov_urb,2022,10.432
col,sex_m,age_aggregate_total,geo_cov_urb,2023,9.532
col,sex_m,age_aggregate_total,geo_cov_urb,2024,9.457
col,sex_m,age_aggregate_total,geo_cov_urb,2025,7.997
col,sex_m,age_aggregate_y15_24,geo_cov_nat,2002,23.337
col,sex_m,age_aggregate_y15_24,geo_cov_nat,2003,21.334
col,sex_m,age_aggregate_y15_24,geo_cov_nat,2004,21.172
col,sex_m,age_aggregate_y15_24,geo_cov_nat,2005,18.815
col,sex_m,age_aggregate_y15_24,geo_cov_nat,2007,18.375
col,sex_m,age_aggregate_y15_24,geo_cov_nat,2008,18.557
col,sex_m,age_aggregate_y15_24,geo_cov_nat,2009,18.748
col,sex_m,age_aggregate_y15_24,geo_cov_nat,2010,19.327
col,sex_m,age_aggregate_y15_24,geo_cov_nat,2011,17.928
col,sex_m,age_aggregate_y15_24,geo_cov_nat,2012,16.74
col,sex_m,age_aggregate_y15_24,geo_cov_nat,2013,15.72
col,sex_m,age_aggregate_y15_24,geo_cov_nat,2014,15.687
col,sex_m,age_aggregate_y15_24,geo_cov_nat,2015,14.17
col,sex_m,age_aggregate_y15_24,geo_cov_nat,2016,15.51
col,sex_m,age_aggregate_y15_24,geo_cov_nat,2017,15.481
col,sex_m,age_aggregate_y15_24,geo_cov_nat,2018,16.642
col,sex_m,age_aggregate_y15_24,geo_cov_nat,2019,17.699
col,sex_m,age_aggregate_y15_24,geo_cov_nat,2020,23.239
col,sex_m,age_aggregate_y15_24,geo_cov_nat,2021,20.204
col,sex_m,age_aggregate_y15_24,geo_cov_nat,2022,18.145
col,sex_m,age_aggregate_y15_24,geo_cov_nat,2023,17.059
col,sex_m,age_aggregate_y15_24,geo_cov_nat,2024,16.983
col,sex_m,age_aggregate_y15_24,geo_cov_nat,2025,14.82
col,sex_m,age_aggregate_y15_24,geo_cov_rur,2002,12.512
col,sex_m,age_aggregate_y15_24,geo_cov_rur,2003,11.338
col,sex_m,age_aggregate_y15_24,geo_cov_rur,2004,11.726
col,sex_m,age_aggregate_y15_24,geo_cov_rur,2005,8.644
col,sex_m,age_aggregate_y15_24,geo_cov_rur,2007,10.51
col,sex_m,age_aggregate_y15_24,geo_cov_rur,2008,11.083
col,sex_m,age_aggregate_y15_24,geo_cov_rur,2009,8.842
col,sex_m,age_aggregate_y15_24,geo_cov_rur,2010,10.124
col,sex_m,age_aggregate_y15_24,geo_cov_rur,2011,10.072
col,sex_m,age_aggregate_y15_24,geo_cov_rur,2012,9.07
col,sex_m,age_aggregate_y15_24,geo_cov_rur,2013,7.972
col,sex_m,age_aggregate_y15_24,geo_cov_rur,2014,9.04
col,sex_m,age_aggregate_y15_24,geo_cov_rur,2015,7.546
col,sex_m,age_aggregate_y15_24,geo_cov_rur,2016,8.435
col,sex_m,age_aggregate_y15_24,geo_cov_rur,2017,6.473
col,sex_m,age_aggregate_y15_24,geo_cov_rur,2018,7.968
col,sex_m,age_aggregate_y15_24,geo_cov_rur,2019,9.879
col,sex_m,age_aggregate_y15_24,geo_cov_rur,2020,11.311
col,sex_m,age_aggregate_y15_24,geo_cov_rur,2021,9.53
col,sex_m,age_aggregate_y15_24,geo_cov_rur,2022,10.55
col,sex_m,age_aggregate_y15_24,geo_cov_rur,2023,9.556
col,sex_m,age_aggregate_y15_24,geo_cov_rur,2024,9.92
col,sex_m,age_aggregate_y15_24,geo_cov_rur,2025,9.446
col,sex_m,age_aggregate_y15_24,geo_cov_urb,2002,28.727
col,sex_m,age_aggregate_y15_24,geo_cov_urb,2003,26.101
col,sex_m,age_aggregate_y15_24,geo_cov_urb,2004,25.431
col,sex_m,age_aggregate_y15_24,geo_cov_urb,2005,23.533
col,sex_m,age_aggregate_y15_24,geo_cov_urb,2007,21.768
col,sex_m,age_aggregate_y15_24,geo_cov_urb,2008,21.694
col,sex_m,age_aggregate_y15_24,geo_cov_urb,2009,22.876
col,sex_m,age_aggregate_y15_24,geo_cov_urb,2010,23.169
col,sex_m,age_aggregate_y15_24,geo_cov_urb,2011,21.082
col,sex_m,age_aggregate_y15_24,geo_cov_urb,2012,19.729
col,sex_m,age_aggregate_y15_24,geo_cov_urb,2013,18.756
col,sex_m,age_aggregate_y15_24,geo_cov_urb,2014,18.174
col,sex_m,age_aggregate_y15_24,geo_cov_urb,2015,16.681
col,sex_m,age_aggregate_y15_24,geo_cov_urb,2016,18.16
col,sex_m,age_aggregate_y15_24,geo_cov_urb,2017,19.087
col,sex_m,age_aggregate_y15_24,geo_cov_urb,2018,20.092
col,sex_m,age_aggregate_y15_24,geo_cov_urb,2019,20.775
col,sex_m,age_aggregate_y15_24,geo_cov_urb,2020,28.156
col,sex_m,age_aggregate_y15_24,geo_cov_urb,2021,24.384
col,sex_m,age_aggregate_y15_24,geo_cov_urb,2022,21.375
col,sex_m,age_aggregate_y15_24,geo_cov_urb,2023,20.22
col,sex_m,age_aggregate_y15_24,geo_cov_urb,2024,20.083
col,sex_m,age_aggregate_y15_24,geo_cov_urb,2025,17.21
col,sex_m,age_aggregate_y25_54,geo_cov_nat,2002,9.841
col,sex_m,age_aggregate_y25_54,geo_cov_nat,2003,8.252
col,sex_m,age_aggregate_y25_54,geo_cov_nat,2004,8.133
col,sex_m,age_aggregate_y25_54,geo_cov_nat,2005,6.744
col,sex_m,age_aggregate_y25_54,geo_cov_nat,2007,6.735
col,sex_m,age_aggregate_y25_54,geo_cov_nat,2008,6.922
col,sex_m,age_aggregate_y25_54,geo_cov_nat,2009,7.245
col,sex_m,age_aggregate_y25_54,geo_cov_nat,2010,6.952
col,sex_m,age_aggregate_y25_54,geo_cov_nat,2011,6.253
col,sex_m,age_aggregate_y25_54,geo_cov_nat,2012,6.148
col,sex_m,age_aggregate_y25_54,geo_cov_nat,2013,5.934
col,sex_m,age_aggregate_y25_54,geo_cov_nat,2014,5.491
col,sex_m,age_aggregate_y25_54,geo_cov_nat,2015,5.507
col,sex_m,age_aggregate_y25_54,geo_cov_nat,2016,5.755
col,sex_m,age_aggregate_y25_54,geo_cov_nat,2017,6.124
col,sex_m,age_aggregate_y25_54,geo_cov_nat,2018,6.272
col,sex_m,age_aggregate_y25_54,geo_cov_nat,2019,6.996
col,sex_m,age_aggregate_y25_54,geo_cov_nat,2020,12.13
col,sex_m,age_aggregate_y25_54,geo_cov_nat,2021,9.809
col,sex_m,age_aggregate_y25_54,geo_cov_nat,2022,7.726
col,sex_m,age_aggregate_y25_54,geo_cov_nat,2023,7.084
col,sex_m,age_aggregate_y25_54,geo_cov_nat,2024,7.273
col,sex_m,age_aggregate_y25_54,geo_cov_nat,2025,6.083
col,sex_m,age_aggregate_y25_54,geo_cov_rur,2002,6.617
col,sex_m,age_aggregate_y25_54,geo_cov_rur,2003,4.417
col,sex_m,age_aggregate_y25_54,geo_cov_rur,2004,4.662
col,sex_m,age_aggregate_y25_54,geo_cov_rur,2005,3.255
col,sex_m,age_aggregate_y25_54,geo_cov_rur,2007,3.494
col,sex_m,age_aggregate_y25_54,geo_cov_rur,2008,3.811
col,sex_m,age_aggregate_y25_54,geo_cov_rur,2009,3.656
col,sex_m,age_aggregate_y25_54,geo_cov_rur,2010,3.41
col,sex_m,age_aggregate_y25_54,geo_cov_rur,2011,2.97
col,sex_m,age_aggregate_y25_54,geo_cov_rur,2012,2.984
col,sex_m,age_aggregate_y25_54,geo_cov_rur,2013,2.71
col,sex_m,age_aggregate_y25_54,geo_cov_rur,2014,2.724
col,sex_m,age_aggregate_y25_54,geo_cov_rur,2015,2.676
col,sex_m,age_aggregate_y25_54,geo_cov_rur,2016,2.273
col,sex_m,age_aggregate_y25_54,geo_cov_rur,2017,2.514
col,sex_m,age_aggregate_y25_54,geo_cov_rur,2018,2.45
col,sex_m,age_aggregate_y25_54,geo_cov_rur,2019,3.679
col,sex_m,age_aggregate_y25_54,geo_cov_rur,2020,5.637
col,sex_m,age_aggregate_y25_54,geo_cov_rur,2021,4.7
col,sex_m,age_aggregate_y25_54,geo_cov_rur,2022,4.627
col,sex_m,age_aggregate_y25_54,geo_cov_rur,2023,3.989
col,sex_m,age_aggregate_y25_54,geo_cov_rur,2024,4.632
col,sex_m,age_aggregate_y25_54,geo_cov_rur,2025,3.629
col,sex_m,age_aggregate_y25_54,geo_cov_urb,2002,10.941
col,sex_m,age_aggregate_y25_54,geo_cov_urb,2003,9.531
col,sex_m,age_aggregate_y25_54,geo_cov_urb,2004,9.28
col,sex_m,age_aggregate_y25_54,geo_cov_urb,2005,7.883
col,sex_m,age_aggregate_y25_54,geo_cov_urb,2007,7.76
col,sex_m,age_aggregate_y25_54,geo_cov_urb,2008,7.886
col,sex_m,age_aggregate_y25_54,geo_cov_urb,2009,8.346
col,sex_m,age_aggregate_y25_54,geo_cov_urb,2010,8.094
col,sex_m,age_aggregate_y25_54,geo_cov_urb,2011,7.297
col,sex_m,age_aggregate_y25_54,geo_cov_urb,2012,7.155
col,sex_m,age_aggregate_y25_54,geo_cov_urb,2013,6.95
col,sex_m,age_aggregate_y25_54,geo_cov_urb,2014,6.348
col,sex_m,age_aggregate_y25_54,geo_cov_urb,2015,6.378
col,sex_m,age_aggregate_y25_54,geo_cov_urb,2016,6.831
col,sex_m,age_aggregate_y25_54,geo_cov_urb,2017,7.234
col,sex_m,age_aggregate_y25_54,geo_cov_urb,2018,7.444
col,sex_m,age_aggregate_y25_54,geo_cov_urb,2019,7.991
col,sex_m,age_aggregate_y25_54,geo_cov_urb,2020,14.036
col,sex_m,age_aggregate_y25_54,geo_cov_urb,2021,11.262
col,sex_m,age_aggregate_y25_54,geo_cov_urb,2022,8.589
col,sex_m,age_aggregate_y25_54,geo_cov_urb,2023,7.939
col,sex_m,age_aggregate_y25_54,geo_cov_urb,2024,7.989
col,sex_m,age_aggregate_y25_54,geo_cov_urb,2025,6.744
col,sex_m,age_aggregate_y55_64,geo_cov_nat,2002,9.219
col,sex_m,age_aggregate_y55_64,geo_cov_nat,2003,7.809
col,sex_m,age_aggregate_y55_64,geo_cov_nat,2004,7.763
col,sex_m,age_aggregate_y55_64,geo_cov_nat,2005,6.315
col,sex_m,age_aggregate_y55_64,geo_cov_nat,2007,6.564
col,sex_m,age_aggregate_y55_64,geo_cov_nat,2008,6.391
col,sex_m,age_aggregate_y55_64,geo_cov_nat,2009,7.615
col,sex_m,age_aggregate_y55_64,geo_cov_nat,2010,7.159
col,sex_m,age_aggregate_y55_64,geo_cov_nat,2011,6.36
col,sex_m,age_aggregate_y55_64,geo_cov_nat,2012,6.454
col,sex_m,age_aggregate_y55_64,geo_cov_nat,2013,6.05
col,sex_m,age_aggregate_y55_64,geo_cov_nat,2014,5.909
col,sex_m,age_aggregate_y55_64,geo_cov_nat,2015,5.905
col,sex_m,age_aggregate_y55_64,geo_cov_nat,2016,6.251
col,sex_m,age_aggregate_y55_64,geo_cov_nat,2017,5.726
col,sex_m,age_aggregate_y55_64,geo_cov_nat,2018,5.579
col,sex_m,age_aggregate_y55_64,geo_cov_nat,2019,7
col,sex_m,age_aggregate_y55_64,geo_cov_nat,2020,11.004
col,sex_m,age_aggregate_y55_64,geo_cov_nat,2021,9.288
col,sex_m,age_aggregate_y55_64,geo_cov_nat,2022,7.713
col,sex_m,age_aggregate_y55_64,geo_cov_nat,2023,6.719
col,sex_m,age_aggregate_y55_64,geo_cov_nat,2024,6.712
col,sex_m,age_aggregate_y55_64,geo_cov_nat,2025,5.529
col,sex_m,age_aggregate_y55_64,geo_cov_rur,2002,4.521
col,sex_m,age_aggregate_y55_64,geo_cov_rur,2003,3.903
col,sex_m,age_aggregate_y55_64,geo_cov_rur,2004,4.186
col,sex_m,age_aggregate_y55_64,geo_cov_rur,2005,2.05
col,sex_m,age_aggregate_y55_64,geo_cov_rur,2007,3.465
col,sex_m,age_aggregate_y55_64,geo_cov_rur,2008,2.61
col,sex_m,age_aggregate_y55_64,geo_cov_rur,2009,2.818
col,sex_m,age_aggregate_y55_64,geo_cov_rur,2010,3.042
col,sex_m,age_aggregate_y55_64,geo_cov_rur,2011,2.865
col,sex_m,age_aggregate_y55_64,geo_cov_rur,2012,2.491
col,sex_m,age_aggregate_y55_64,geo_cov_rur,2013,2.725
col,sex_m,age_aggregate_y55_64,geo_cov_rur,2014,2.597
col,sex_m,age_aggregate_y55_64,geo_cov_rur,2015,2.098
col,sex_m,age_aggregate_y55_64,geo_cov_rur,2016,2.006
col,sex_m,age_aggregate_y55_64,geo_cov_rur,2017,1.723
col,sex_m,age_aggregate_y55_64,geo_cov_rur,2018,1.863
col,sex_m,age_aggregate_y55_64,geo_cov_rur,2019,3.18
col,sex_m,age_aggregate_y55_64,geo_cov_rur,2020,3.658
col,sex_m,age_aggregate_y55_64,geo_cov_rur,2021,4.045
col,sex_m,age_aggregate_y55_64,geo_cov_rur,2022,4.106
col,sex_m,age_aggregate_y55_64,geo_cov_rur,2023,3.541
col,sex_m,age_aggregate_y55_64,geo_cov_rur,2024,3.885
col,sex_m,age_aggregate_y55_64,geo_cov_rur,2025,2.798
col,sex_m,age_aggregate_y55_64,geo_cov_urb,2002,11.541
col,sex_m,age_aggregate_y55_64,geo_cov_urb,2003,9.627
col,sex_m,age_aggregate_y55_64,geo_cov_urb,2004,9.5
col,sex_m,age_aggregate_y55_64,geo_cov_urb,2005,8.414
col,sex_m,age_aggregate_y55_64,geo_cov_urb,2007,7.891
col,sex_m,age_aggregate_y55_64,geo_cov_urb,2008,8.039
col,sex_m,age_aggregate_y55_64,geo_cov_urb,2009,9.587
col,sex_m,age_aggregate_y55_64,geo_cov_urb,2010,8.967
col,sex_m,age_aggregate_y55_64,geo_cov_urb,2011,7.891
col,sex_m,age_aggregate_y55_64,geo_cov_urb,2012,8.077
col,sex_m,age_aggregate_y55_64,geo_cov_urb,2013,7.424
col,sex_m,age_aggregate_y55_64,geo_cov_urb,2014,7.195
col,sex_m,age_aggregate_y55_64,geo_cov_urb,2015,7.446
col,sex_m,age_aggregate_y55_64,geo_cov_urb,2016,7.918
col,sex_m,age_aggregate_y55_64,geo_cov_urb,2017,7.245
col,sex_m,age_aggregate_y55_64,geo_cov_urb,2018,7.014
col,sex_m,age_aggregate_y55_64,geo_cov_urb,2019,8.396
col,sex_m,age_aggregate_y55_64,geo_cov_urb,2020,13.682
col,sex_m,age_aggregate_y55_64,geo_cov_urb,2021,10.92
col,sex_m,age_aggregate_y55_64,geo_cov_urb,2022,8.904
col,sex_m,age_aggregate_y55_64,geo_cov_urb,2023,7.756
col,sex_m,age_aggregate_y55_64,geo_cov_urb,2024,7.588
col,sex_m,age_aggregate_y55_64,geo_cov_urb,2025,6.406
col,sex_m,age_aggregate_yge65,geo_cov_nat,2002,7.137
col,sex_m,age_aggregate_yge65,geo_cov_nat,2003,7.991
col,sex_m,age_aggregate_yge65,geo_cov_nat,2004,5.155
col,sex_m,age_aggregate_yge65,geo_cov_nat,2005,5.053
col,sex_m,age_aggregate_yge65,geo_cov_nat,2007,5.45
col,sex_m,age_aggregate_yge65,geo_cov_nat,2008,5.154
col,sex_m,age_aggregate_yge65,geo_cov_nat,2009,6.229
col,sex_m,age_aggregate_yge65,geo_cov_nat,2010,5.766
col,sex_m,age_aggregate_yge65,geo_cov_nat,2011,6.266
col,sex_m,age_aggregate_yge65,geo_cov_nat,2012,5.845
col,sex_m,age_aggregate_yge65,geo_cov_nat,2013,5.538
col,sex_m,age_aggregate_yge65,geo_cov_nat,2014,4.94
col,sex_m,age_aggregate_yge65,geo_cov_nat,2015,5.124
col,sex_m,age_aggregate_yge65,geo_cov_nat,2016,4.9
col,sex_m,age_aggregate_yge65,geo_cov_nat,2017,4.63
col,sex_m,age_aggregate_yge65,geo_cov_nat,2018,4.915
col,sex_m,age_aggregate_yge65,geo_cov_nat,2019,6.182
col,sex_m,age_aggregate_yge65,geo_cov_nat,2020,8.851
col,sex_m,age_aggregate_yge65,geo_cov_nat,2021,8.243
col,sex_m,age_aggregate_yge65,geo_cov_nat,2022,7.139
col,sex_m,age_aggregate_yge65,geo_cov_nat,2023,5.633
col,sex_m,age_aggregate_yge65,geo_cov_nat,2024,6.017
col,sex_m,age_aggregate_yge65,geo_cov_nat,2025,5.217
col,sex_m,age_aggregate_yge65,geo_cov_rur,2002,5.274
col,sex_m,age_aggregate_yge65,geo_cov_rur,2003,5.308
col,sex_m,age_aggregate_yge65,geo_cov_rur,2004,2.548
col,sex_m,age_aggregate_yge65,geo_cov_rur,2005,2.5
col,sex_m,age_aggregate_yge65,geo_cov_rur,2007,2.51
col,sex_m,age_aggregate_yge65,geo_cov_rur,2008,1.912
col,sex_m,age_aggregate_yge65,geo_cov_rur,2009,2.512
col,sex_m,age_aggregate_yge65,geo_cov_rur,2010,2.628
col,sex_m,age_aggregate_yge65,geo_cov_rur,2011,2.535
col,sex_m,age_aggregate_yge65,geo_cov_rur,2012,2.737
col,sex_m,age_aggregate_yge65,geo_cov_rur,2013,1.831
col,sex_m,age_aggregate_yge65,geo_cov_rur,2014,1.957
col,sex_m,age_aggregate_yge65,geo_cov_rur,2015,1.59
col,sex_m,age_aggregate_yge65,geo_cov_rur,2016,1.519
col,sex_m,age_aggregate_yge65,geo_cov_rur,2017,1.734
col,sex_m,age_aggregate_yge65,geo_cov_rur,2018,1.435
col,sex_m,age_aggregate_yge65,geo_cov_rur,2019,2.774
col,sex_m,age_aggregate_yge65,geo_cov_rur,2020,3.759
col,sex_m,age_aggregate_yge65,geo_cov_rur,2021,2.918
col,sex_m,age_aggregate_yge65,geo_cov_rur,2022,3.024
col,sex_m,age_aggregate_yge65,geo_cov_rur,2023,2.459
col,sex_m,age_aggregate_yge65,geo_cov_rur,2024,2.666
col,sex_m,age_aggregate_yge65,geo_cov_rur,2025,2.257
col,sex_m,age_aggregate_yge65,geo_cov_urb,2002,8.504
col,sex_m,age_aggregate_yge65,geo_cov_urb,2003,9.927
col,sex_m,age_aggregate_yge65,geo_cov_urb,2004,6.951
col,sex_m,age_aggregate_yge65,geo_cov_urb,2005,6.964
col,sex_m,age_aggregate_yge65,geo_cov_urb,2007,7.609
col,sex_m,age_aggregate_yge65,geo_cov_urb,2008,7.215
col,sex_m,age_aggregate_yge65,geo_cov_urb,2009,8.997
col,sex_m,age_aggregate_yge65,geo_cov_urb,2010,7.914
col,sex_m,age_aggregate_yge65,geo_cov_urb,2011,8.799
col,sex_m,age_aggregate_yge65,geo_cov_urb,2012,8.081
col,sex_m,age_aggregate_yge65,geo_cov_urb,2013,8.066
col,sex_m,age_aggregate_yge65,geo_cov_urb,2014,6.985
col,sex_m,age_aggregate_yge65,geo_cov_urb,2015,7.458
col,sex_m,age_aggregate_yge65,geo_cov_urb,2016,7.053
col,sex_m,age_aggregate_yge65,geo_cov_urb,2017,6.64
col,sex_m,age_aggregate_yge65,geo_cov_urb,2018,7.235
col,sex_m,age_aggregate_yge65,geo_cov_urb,2019,8.381
col,sex_m,age_aggregate_yge65,geo_cov_urb,2020,12.097
col,sex_m,age_aggregate_yge65,geo_cov_urb,2021,11.16
col,sex_m,age_aggregate_yge65,geo_cov_urb,2022,9.373
col,sex_m,age_aggregate_yge65,geo_cov_urb,2023,7.327
col,sex_m,age_aggregate_yge65,geo_cov_urb,2024,7.702
col,sex_m,age_aggregate_yge65,geo_cov_urb,2025,6.68
col,sex_m,age_ythadult_y15_24,geo_cov_nat,2002,23.337
col,sex_m,age_ythadult_y15_24,geo_cov_nat,2003,21.334
col,sex_m,age_ythadult_y15_24,geo_cov_nat,2004,21.172
col,sex_m,age_ythadult_y15_24,geo_cov_nat,2005,18.815
col,sex_m,age_ythadult_y15_24,geo_cov_nat,2007,18.375
col,sex_m,age_ythadult_y15_24,geo_cov_nat,2008,18.557
col,sex_m,age_ythadult_y15_24,geo_cov_nat,2009,18.748
col,sex_m,age_ythadult_y15_24,geo_cov_nat,2010,19.327
col,sex_m,age_ythadult_y15_24,geo_cov_nat,2011,17.928
col,sex_m,age_ythadult_y15_24,geo_cov_nat,2012,16.74
col,sex_m,age_ythadult_y15_24,geo_cov_nat,2013,15.72
col,sex_m,age_ythadult_y15_24,geo_cov_nat,2014,15.687
col,sex_m,age_ythadult_y15_24,geo_cov_nat,2015,14.17
col,sex_m,age_ythadult_y15_24,geo_cov_nat,2016,15.51
col,sex_m,age_ythadult_y15_24,geo_cov_nat,2017,15.481
col,sex_m,age_ythadult_y15_24,geo_cov_nat,2018,16.642
col,sex_m,age_ythadult_y15_24,geo_cov_nat,2019,17.699
col,sex_m,age_ythadult_y15_24,geo_cov_nat,2020,23.239
col,sex_m,age_ythadult_y15_24,geo_cov_nat,2021,20.204
col,sex_m,age_ythadult_y15_24,geo_cov_nat,2022,18.145
col,sex_m,age_ythadult_y15_24,geo_cov_nat,2023,17.059
col,sex_m,age_ythadult_y15_24,geo_cov_nat,2024,16.983
col,sex_m,age_ythadult_y15_24,geo_cov_nat,2025,14.82
col,sex_m,age_ythadult_y15_24,geo_cov_rur,2002,12.512
col,sex_m,age_ythadult_y15_24,geo_cov_rur,2003,11.338
col,sex_m,age_ythadult_y15_24,geo_cov_rur,2004,11.726
col,sex_m,age_ythadult_y15_24,geo_cov_rur,2005,8.644
col,sex_m,age_ythadult_y15_24,geo_cov_rur,2007,10.51
col,sex_m,age_ythadult_y15_24,geo_cov_rur,2008,11.083
col,sex_m,age_ythadult_y15_24,geo_cov_rur,2009,8.842
col,sex_m,age_ythadult_y15_24,geo_cov_rur,2010,10.124
col,sex_m,age_ythadult_y15_24,geo_cov_rur,2011,10.072
col,sex_m,age_ythadult_y15_24,geo_cov_rur,2012,9.07
col,sex_m,age_ythadult_y15_24,geo_cov_rur,2013,7.972
col,sex_m,age_ythadult_y15_24,geo_cov_rur,2014,9.04
col,sex_m,age_ythadult_y15_24,geo_cov_rur,2015,7.546
col,sex_m,age_ythadult_y15_24,geo_cov_rur,2016,8.435
col,sex_m,age_ythadult_y15_24,geo_cov_rur,2017,6.473
col,sex_m,age_ythadult_y15_24,geo_cov_rur,2018,7.968
col,sex_m,age_ythadult_y15_24,geo_cov_rur,2019,9.879
col,sex_m,age_ythadult_y15_24,geo_cov_rur,2020,11.311
col,sex_m,age_ythadult_y15_24,geo_cov_rur,2021,9.53
col,sex_m,age_ythadult_y15_24,geo_cov_rur,2022,10.55
col,sex_m,age_ythadult_y15_24,geo_cov_rur,2023,9.556
col,sex_m,age_ythadult_y15_24,geo_cov_rur,2024,9.92
col,sex_m,age_ythadult_y15_24,geo_cov_rur,2025,9.446
col,sex_m,age_ythadult_y15_24,geo_cov_urb,2002,28.727
col,sex_m,age_ythadult_y15_24,geo_cov_urb,2003,26.101
col,sex_m,age_ythadult_y15_24,geo_cov_urb,2004,25.431
col,sex_m,age_ythadult_y15_24,geo_cov_urb,2005,23.533
col,sex_m,age_ythadult_y15_24,geo_cov_urb,2007,21.768
col,sex_m,age_ythadult_y15_24,geo_cov_urb,2008,21.694
col,sex_m,age_ythadult_y15_24,geo_cov_urb,2009,22.876
col,sex_m,age_ythadult_y15_24,geo_cov_urb,2010,23.169
col,sex_m,age_ythadult_y15_24,geo_cov_urb,2011,21.082
col,sex_m,age_ythadult_y15_24,geo_cov_urb,2012,19.729
col,sex_m,age_ythadult_y15_24,geo_cov_urb,2013,18.756
col,sex_m,age_ythadult_y15_24,geo_cov_urb,2014,18.174
col,sex_m,age_ythadult_y15_24,geo_cov_urb,2015,16.681
col,sex_m,age_ythadult_y15_24,geo_cov_urb,2016,18.16
col,sex_m,age_ythadult_y15_24,geo_cov_urb,2017,19.087
col,sex_m,age_ythadult_y15_24,geo_cov_urb,2018,20.092
col,sex_m,age_ythadult_y15_24,geo_cov_urb,2019,20.775
col,sex_m,age_ythadult_y15_24,geo_cov_urb,2020,28.156
col,sex_m,age_ythadult_y15_24,geo_cov_urb,2021,24.384
col,sex_m,age_ythadult_y15_24,geo_cov_urb,2022,21.375
col,sex_m,age_ythadult_y15_24,geo_cov_urb,2023,20.22
col,sex_m,age_ythadult_y15_24,geo_cov_urb,2024,20.083
col,sex_m,age_ythadult_y15_24,geo_cov_urb,2025,17.21
col,sex_m,age_ythadult_y15_64,geo_cov_nat,2002,12.989
col,sex_m,age_ythadult_y15_64,geo_cov_nat,2003,11.256
col,sex_m,age_ythadult_y15_64,geo_cov_nat,2004,11.085
col,sex_m,age_ythadult_y15_64,geo_cov_nat,2005,9.413
col,sex_m,age_ythadult_y15_64,geo_cov_nat,2007,9.148
col,sex_m,age_ythadult_y15_64,geo_cov_nat,2008,9.244
col,sex_m,age_ythadult_y15_64,geo_cov_nat,2009,9.713
col,sex_m,age_ythadult_y15_64,geo_cov_nat,2010,9.535
col,sex_m,age_ythadult_y15_64,geo_cov_nat,2011,8.719
col,sex_m,age_ythadult_y15_64,geo_cov_nat,2012,8.418
col,sex_m,age_ythadult_y15_64,geo_cov_nat,2013,7.96
col,sex_m,age_ythadult_y15_64,geo_cov_nat,2014,7.608
col,sex_m,age_ythadult_y15_64,geo_cov_nat,2015,7.293
col,sex_m,age_ythadult_y15_64,geo_cov_nat,2016,7.694
col,sex_m,age_ythadult_y15_64,geo_cov_nat,2017,7.832
col,sex_m,age_ythadult_y15_64,geo_cov_nat,2018,8.086
col,sex_m,age_ythadult_y15_64,geo_cov_nat,2019,8.876
col,sex_m,age_ythadult_y15_64,geo_cov_nat,2020,13.841
col,sex_m,age_ythadult_y15_64,geo_cov_nat,2021,11.555
col,sex_m,age_ythadult_y15_64,geo_cov_nat,2022,9.374
col,sex_m,age_ythadult_y15_64,geo_cov_nat,2023,8.576
col,sex_m,age_ythadult_y15_64,geo_cov_nat,2024,8.643
col,sex_m,age_ythadult_y15_64,geo_cov_nat,2025,7.288
col,sex_m,age_ythadult_y15_64,geo_cov_rur,2002,8.072
col,sex_m,age_ythadult_y15_64,geo_cov_rur,2003,6.271
col,sex_m,age_ythadult_y15_64,geo_cov_rur,2004,6.475
col,sex_m,age_ythadult_y15_64,geo_cov_rur,2005,4.547
col,sex_m,age_ythadult_y15_64,geo_cov_rur,2007,5.197
col,sex_m,age_ythadult_y15_64,geo_cov_rur,2008,5.395
col,sex_m,age_ythadult_y15_64,geo_cov_rur,2009,4.834
col,sex_m,age_ythadult_y15_64,geo_cov_rur,2010,4.933
col,sex_m,age_ythadult_y15_64,geo_cov_rur,2011,4.616
col,sex_m,age_ythadult_y15_64,geo_cov_rur,2012,4.335
col,sex_m,age_ythadult_y15_64,geo_cov_rur,2013,3.911
col,sex_m,age_ythadult_y15_64,geo_cov_rur,2014,4.111
col,sex_m,age_ythadult_y15_64,geo_cov_rur,2015,3.675
col,sex_m,age_ythadult_y15_64,geo_cov_rur,2016,3.54
col,sex_m,age_ythadult_y15_64,geo_cov_rur,2017,3.26
col,sex_m,age_ythadult_y15_64,geo_cov_rur,2018,3.523
col,sex_m,age_ythadult_y15_64,geo_cov_rur,2019,4.869
col,sex_m,age_ythadult_y15_64,geo_cov_rur,2020,6.502
col,sex_m,age_ythadult_y15_64,geo_cov_rur,2021,5.629
col,sex_m,age_ythadult_y15_64,geo_cov_rur,2022,5.744
col,sex_m,age_ythadult_y15_64,geo_cov_rur,2023,5.02
col,sex_m,age_ythadult_y15_64,geo_cov_rur,2024,5.57
col,sex_m,age_ythadult_y15_64,geo_cov_rur,2025,4.649
col,sex_m,age_ythadult_y15_64,geo_cov_urb,2002,14.894
col,sex_m,age_ythadult_y15_64,geo_cov_urb,2003,13.127
col,sex_m,age_ythadult_y15_64,geo_cov_urb,2004,12.787
col,sex_m,age_ythadult_y15_64,geo_cov_urb,2005,11.207
col,sex_m,age_ythadult_y15_64,geo_cov_urb,2007,10.526
col,sex_m,age_ythadult_y15_64,geo_cov_urb,2008,10.561
col,sex_m,age_ythadult_y15_64,geo_cov_urb,2009,11.366
col,sex_m,age_ythadult_y15_64,geo_cov_urb,2010,11.159
col,sex_m,age_ythadult_y15_64,geo_cov_urb,2011,10.143
col,sex_m,age_ythadult_y15_64,geo_cov_urb,2012,9.816
col,sex_m,age_ythadult_y15_64,geo_cov_urb,2013,9.34
col,sex_m,age_ythadult_y15_64,geo_cov_urb,2014,8.766
col,sex_m,age_ythadult_y15_64,geo_cov_urb,2015,8.496
col,sex_m,age_ythadult_y15_64,geo_cov_urb,2016,9.068
col,sex_m,age_ythadult_y15_64,geo_cov_urb,2017,9.352
col,sex_m,age_ythadult_y15_64,geo_cov_urb,2018,9.601
col,sex_m,age_ythadult_y15_64,geo_cov_urb,2019,10.172
col,sex_m,age_ythadult_y15_64,geo_cov_urb,2020,16.194
col,sex_m,age_ythadult_y15_64,geo_cov_urb,2021,13.365
col,sex_m,age_ythadult_y15_64,geo_cov_urb,2022,10.488
col,sex_m,age_ythadult_y15_64,geo_cov_urb,2023,9.655
col,sex_m,age_ythadult_y15_64,geo_cov_urb,2024,9.562
col,sex_m,age_ythadult_y15_64,geo_cov_urb,2025,8.079
col,sex_m,age_ythadult_yge15,geo_cov_nat,2002,12.714
col,sex_m,age_ythadult_yge15,geo_cov_nat,2003,11.102
col,sex_m,age_ythadult_yge15,geo_cov_nat,2004,10.81
col,sex_m,age_ythadult_yge15,geo_cov_nat,2005,9.21
col,sex_m,age_ythadult_yge15,geo_cov_nat,2007,8.985
col,sex_m,age_ythadult_yge15,geo_cov_nat,2008,9.061
col,sex_m,age_ythadult_yge15,geo_cov_nat,2009,9.548
col,sex_m,age_ythadult_yge15,geo_cov_nat,2010,9.345
col,sex_m,age_ythadult_yge15,geo_cov_nat,2011,8.59
col,sex_m,age_ythadult_yge15,geo_cov_nat,2012,8.283
col,sex_m,age_ythadult_yge15,geo_cov_nat,2013,7.832
col,sex_m,age_ythadult_yge15,geo_cov_nat,2014,7.464
col,sex_m,age_ythadult_yge15,geo_cov_nat,2015,7.173
col,sex_m,age_ythadult_yge15,geo_cov_nat,2016,7.533
col,sex_m,age_ythadult_yge15,geo_cov_nat,2017,7.643
col,sex_m,age_ythadult_yge15,geo_cov_nat,2018,7.901
col,sex_m,age_ythadult_yge15,geo_cov_nat,2019,8.72
col,sex_m,age_ythadult_yge15,geo_cov_nat,2020,13.575
col,sex_m,age_ythadult_yge15,geo_cov_nat,2021,11.381
col,sex_m,age_ythadult_yge15,geo_cov_nat,2022,9.243
col,sex_m,age_ythadult_yge15,geo_cov_nat,2023,8.395
col,sex_m,age_ythadult_yge15,geo_cov_nat,2024,8.473
col,sex_m,age_ythadult_yge15,geo_cov_nat,2025,7.15
col,sex_m,age_ythadult_yge15,geo_cov_rur,2002,7.878
col,sex_m,age_ythadult_yge15,geo_cov_rur,2003,6.202
col,sex_m,age_ythadult_yge15,geo_cov_rur,2004,6.206
col,sex_m,age_ythadult_yge15,geo_cov_rur,2005,4.399
col,sex_m,age_ythadult_yge15,geo_cov_rur,2007,5.009
col,sex_m,age_ythadult_yge15,geo_cov_rur,2008,5.162
col,sex_m,age_ythadult_yge15,geo_cov_rur,2009,4.654
col,sex_m,age_ythadult_yge15,geo_cov_rur,2010,4.757
col,sex_m,age_ythadult_yge15,geo_cov_rur,2011,4.45
col,sex_m,age_ythadult_yge15,geo_cov_rur,2012,4.202
col,sex_m,age_ythadult_yge15,geo_cov_rur,2013,3.74
col,sex_m,age_ythadult_yge15,geo_cov_rur,2014,3.927
col,sex_m,age_ythadult_yge15,geo_cov_rur,2015,3.497
col,sex_m,age_ythadult_yge15,geo_cov_rur,2016,3.363
col,sex_m,age_ythadult_yge15,geo_cov_rur,2017,3.118
col,sex_m,age_ythadult_yge15,geo_cov_rur,2018,3.334
col,sex_m,age_ythadult_yge15,geo_cov_rur,2019,4.68
col,sex_m,age_ythadult_yge15,geo_cov_rur,2020,6.274
col,sex_m,age_ythadult_yge15,geo_cov_rur,2021,5.42
col,sex_m,age_ythadult_yge15,geo_cov_rur,2022,5.512
col,sex_m,age_ythadult_yge15,geo_cov_rur,2023,4.791
col,sex_m,age_ythadult_yge15,geo_cov_rur,2024,5.306
col,sex_m,age_ythadult_yge15,geo_cov_rur,2025,4.426
col,sex_m,age_ythadult_yge15,geo_cov_urb,2002,14.652
col,sex_m,age_ythadult_yge15,geo_cov_urb,2003,13.005
col,sex_m,age_ythadult_yge15,geo_cov_urb,2004,12.566
col,sex_m,age_ythadult_yge15,geo_cov_urb,2005,11.051
col,sex_m,age_ythadult_yge15,geo_cov_urb,2007,10.425
col,sex_m,age_ythadult_yge15,geo_cov_urb,2008,10.437
col,sex_m,age_ythadult_yge15,geo_cov_urb,2009,11.279
col,sex_m,age_ythadult_yge15,geo_cov_urb,2010,11.026
col,sex_m,age_ythadult_yge15,geo_cov_urb,2011,10.086
col,sex_m,age_ythadult_yge15,geo_cov_urb,2012,9.744
col,sex_m,age_ythadult_yge15,geo_cov_urb,2013,9.286
col,sex_m,age_ythadult_yge15,geo_cov_urb,2014,8.689
col,sex_m,age_ythadult_yge15,geo_cov_urb,2015,8.449
col,sex_m,age_ythadult_yge15,geo_cov_urb,2016,8.972
col,sex_m,age_ythadult_yge15,geo_cov_urb,2017,9.225
col,sex_m,age_ythadult_yge15,geo_cov_urb,2018,9.49
col,sex_m,age_ythadult_yge15,geo_cov_urb,2019,10.087
col,sex_m,age_ythadult_yge15,geo_cov_urb,2020,16.016
col,sex_m,age_ythadult_yge15,geo_cov_urb,2021,13.267
col,sex_m,age_ythadult_yge15,geo_cov_urb,2022,10.432
col,sex_m,age_ythadult_yge15,geo_cov_urb,2023,9.532
col,sex_m,age_ythadult_yge15,geo_cov_urb,2024,9.457
col,sex_m,age_ythadult_yge15,geo_cov_urb,2025,7.997
col,sex_m,age_ythadult_yge25,geo_cov_nat,2002,9.613
col,sex_m,age_ythadult_yge25,geo_cov_nat,2003,8.19
col,sex_m,age_ythadult_yge25,geo_cov_nat,2004,7.917
col,sex_m,age_ythadult_yge25,geo_cov_nat,2005,6.598
col,sex_m,age_ythadult_yge25,geo_cov_nat,2007,6.645
col,sex_m,age_ythadult_yge25,geo_cov_nat,2008,6.763
col,sex_m,age_ythadult_yge25,geo_cov_nat,2009,7.228
col,sex_m,age_ythadult_yge25,geo_cov_nat,2010,6.904
col,sex_m,age_ythadult_yge25,geo_cov_nat,2011,6.267
col,sex_m,age_ythadult_yge25,geo_cov_nat,2012,6.168
col,sex_m,age_ythadult_yge25,geo_cov_nat,2013,5.924
col,sex_m,age_ythadult_yge25,geo_cov_nat,2014,5.51
col,sex_m,age_ythadult_yge25,geo_cov_nat,2015,5.535
col,sex_m,age_ythadult_yge25,geo_cov_nat,2016,5.763
col,sex_m,age_ythadult_yge25,geo_cov_nat,2017,5.961
col,sex_m,age_ythadult_yge25,geo_cov_nat,2018,6.078
col,sex_m,age_ythadult_yge25,geo_cov_nat,2019,6.94
col,sex_m,age_ythadult_yge25,geo_cov_nat,2020,11.764
col,sex_m,age_ythadult_yge25,geo_cov_nat,2021,9.635
col,sex_m,age_ythadult_yge25,geo_cov_nat,2022,7.683
col,sex_m,age_ythadult_yge25,geo_cov_nat,2023,6.925
col,sex_m,age_ythadult_yge25,geo_cov_nat,2024,7.095
col,sex_m,age_ythadult_yge25,geo_cov_nat,2025,5.934
col,sex_m,age_ythadult_yge25,geo_cov_rur,2002,6.228
col,sex_m,age_ythadult_yge25,geo_cov_rur,2003,4.438
col,sex_m,age_ythadult_yge25,geo_cov_rur,2004,4.407
col,sex_m,age_ythadult_yge25,geo_cov_rur,2005,3.023
col,sex_m,age_ythadult_yge25,geo_cov_rur,2007,3.402
col,sex_m,age_ythadult_yge25,geo_cov_rur,2008,3.486
col,sex_m,age_ythadult_yge25,geo_cov_rur,2009,3.426
col,sex_m,age_ythadult_yge25,geo_cov_rur,2010,3.279
col,sex_m,age_ythadult_yge25,geo_cov_rur,2011,2.91
col,sex_m,age_ythadult_yge25,geo_cov_rur,2012,2.886
col,sex_m,age_ythadult_yge25,geo_cov_rur,2013,2.621
col,sex_m,age_ythadult_yge25,geo_cov_rur,2014,2.623
col,sex_m,age_ythadult_yge25,geo_cov_rur,2015,2.47
col,sex_m,age_ythadult_yge25,geo_cov_rur,2016,2.151
col,sex_m,age_ythadult_yge25,geo_cov_rur,2017,2.305
col,sex_m,age_ythadult_yge25,geo_cov_rur,2018,2.245
col,sex_m,age_ythadult_yge25,geo_cov_rur,2019,3.503
col,sex_m,age_ythadult_yge25,geo_cov_rur,2020,5.14
col,sex_m,age_ythadult_yge25,geo_cov_rur,2021,4.433
col,sex_m,age_ythadult_yge25,geo_cov_rur,2022,4.375
col,sex_m,age_ythadult_yge25,geo_cov_rur,2023,3.75
col,sex_m,age_ythadult_yge25,geo_cov_rur,2024,4.297
col,sex_m,age_ythadult_yge25,geo_cov_rur,2025,3.341
col,sex_m,age_ythadult_yge25,geo_cov_urb,2002,10.882
col,sex_m,age_ythadult_yge25,geo_cov_urb,2003,9.56
col,sex_m,age_ythadult_yge25,geo_cov_urb,2004,9.19
col,sex_m,age_ythadult_yge25,geo_cov_urb,2005,7.893
col,sex_m,age_ythadult_yge25,geo_cov_urb,2007,7.767
col,sex_m,age_ythadult_yge25,geo_cov_urb,2008,7.871
col,sex_m,age_ythadult_yge25,geo_cov_urb,2009,8.516
col,sex_m,age_ythadult_yge25,geo_cov_urb,2010,8.189
col,sex_m,age_ythadult_yge25,geo_cov_urb,2011,7.448
col,sex_m,age_ythadult_yge25,geo_cov_urb,2012,7.318
col,sex_m,age_ythadult_yge25,geo_cov_urb,2013,7.069
col,sex_m,age_ythadult_yge25,geo_cov_urb,2014,6.492
col,sex_m,age_ythadult_yge25,geo_cov_urb,2015,6.577
col,sex_m,age_ythadult_yge25,geo_cov_urb,2016,6.986
col,sex_m,age_ythadult_yge25,geo_cov_urb,2017,7.201
col,sex_m,age_ythadult_yge25,geo_cov_urb,2018,7.374
col,sex_m,age_ythadult_yge25,geo_cov_urb,2019,8.068
col,sex_m,age_ythadult_yge25,geo_cov_urb,2020,13.888
col,sex_m,age_ythadult_yge25,geo_cov_urb,2021,11.207
col,sex_m,age_ythadult_yge25,geo_cov_urb,2022,8.681
col,sex_m,age_ythadult_yge25,geo_cov_urb,2023,7.875
col,sex_m,age_ythadult_yge25,geo_cov_urb,2024,7.912
col,sex_m,age_ythadult_yge25,geo_cov_urb,2025,6.69
col,sex_t,age_aggregate_total,geo_cov_nat,2002,15.813
col,sex_t,age_aggregate_total,geo_cov_nat,2003,14.319
col,sex_t,age_aggregate_total,geo_cov_nat,2004,13.864
col,sex_t,age_aggregate_total,geo_cov_nat,2005,12.012
col,sex_t,age_aggregate_total,geo_cov_nat,2007,11.527
col,sex_t,age_aggregate_total,geo_cov_nat,2008,11.56
col,sex_t,age_aggregate_total,geo_cov_nat,2009,12.302
col,sex_t,age_aggregate_total,geo_cov_nat,2010,12.218
col,sex_t,age_aggregate_total,geo_cov_nat,2011,11.284
col,sex_t,age_aggregate_total,geo_cov_nat,2012,10.87
col,sex_t,age_aggregate_total,geo_cov_nat,2013,10.179
col,sex_t,age_aggregate_total,geo_cov_nat,2014,9.682
col,sex_t,age_aggregate_total,geo_cov_nat,2015,9.457
col,sex_t,age_aggregate_total,geo_cov_nat,2016,9.808
col,sex_t,age_aggregate_total,geo_cov_nat,2017,9.942
col,sex_t,age_aggregate_total,geo_cov_nat,2018,10.229
col,sex_t,age_aggregate_total,geo_cov_nat,2019,11.168
col,sex_t,age_aggregate_total,geo_cov_nat,2020,16.802
col,sex_t,age_aggregate_total,geo_cov_nat,2021,14.789
col,sex_t,age_aggregate_total,geo_cov_nat,2022,11.582
col,sex_t,age_aggregate_total,geo_cov_nat,2023,10.445
col,sex_t,age_aggregate_total,geo_cov_nat,2024,10.42
col,sex_t,age_aggregate_total,geo_cov_nat,2025,9.095
col,sex_t,age_aggregate_total,geo_cov_rur,2002,11.149
col,sex_t,age_aggregate_total,geo_cov_rur,2003,9.046
col,sex_t,age_aggregate_total,geo_cov_rur,2004,9.409
col,sex_t,age_aggregate_total,geo_cov_rur,2005,7.289
col,sex_t,age_aggregate_total,geo_cov_rur,2007,7.968
col,sex_t,age_aggregate_total,geo_cov_rur,2008,8.389
col,sex_t,age_aggregate_total,geo_cov_rur,2009,8.128
col,sex_t,age_aggregate_total,geo_cov_rur,2010,9.144
col,sex_t,age_aggregate_total,geo_cov_rur,2011,7.954
col,sex_t,age_aggregate_total,geo_cov_rur,2012,7.137
col,sex_t,age_aggregate_total,geo_cov_rur,2013,6.5
col,sex_t,age_aggregate_total,geo_cov_rur,2014,6.429
col,sex_t,age_aggregate_total,geo_cov_rur,2015,6.218
col,sex_t,age_aggregate_total,geo_cov_rur,2016,5.871
col,sex_t,age_aggregate_total,geo_cov_rur,2017,5.634
col,sex_t,age_aggregate_total,geo_cov_rur,2018,5.613
col,sex_t,age_aggregate_total,geo_cov_rur,2019,7.105
col,sex_t,age_aggregate_total,geo_cov_rur,2020,9.388
col,sex_t,age_aggregate_total,geo_cov_rur,2021,8.372
col,sex_t,age_aggregate_total,geo_cov_rur,2022,8.243
col,sex_t,age_aggregate_total,geo_cov_rur,2023,7.499
col,sex_t,age_aggregate_total,geo_cov_rur,2024,7.586
col,sex_t,age_aggregate_total,geo_cov_rur,2025,6.828
col,sex_t,age_aggregate_total,geo_cov_urb,2002,17.285
col,sex_t,age_aggregate_total,geo_cov_urb,2003,15.953
col,sex_t,age_aggregate_total,geo_cov_urb,2004,15.221
col,sex_t,age_aggregate_total,geo_cov_urb,2005,13.418
col,sex_t,age_aggregate_total,geo_cov_urb,2007,12.501
col,sex_t,age_aggregate_total,geo_cov_urb,2008,12.411
col,sex_t,age_aggregate_total,geo_cov_urb,2009,13.443
col,sex_t,age_aggregate_total,geo_cov_urb,2010,13.111
col,sex_t,age_aggregate_total,geo_cov_urb,2011,12.229
col,sex_t,age_aggregate_total,geo_cov_urb,2012,11.934
col,sex_t,age_aggregate_total,geo_cov_urb,2013,11.213
col,sex_t,age_aggregate_total,geo_cov_urb,2014,10.574
col,sex_t,age_aggregate_total,geo_cov_urb,2015,10.354
col,sex_t,age_aggregate_total,geo_cov_urb,2016,10.9
col,sex_t,age_aggregate_total,geo_cov_urb,2017,11.15
col,sex_t,age_aggregate_total,geo_cov_urb,2018,11.503
col,sex_t,age_aggregate_total,geo_cov_urb,2019,12.256
col,sex_t,age_aggregate_total,geo_cov_urb,2020,18.752
col,sex_t,age_aggregate_total,geo_cov_urb,2021,16.381
col,sex_t,age_aggregate_total,geo_cov_urb,2022,12.431
col,sex_t,age_aggregate_total,geo_cov_urb,2023,11.193
col,sex_t,age_aggregate_total,geo_cov_urb,2024,11.128
col,sex_t,age_aggregate_total,geo_cov_urb,2025,9.657
col,sex_t,age_aggregate_y15_24,geo_cov_nat,2002,28.743
col,sex_t,age_aggregate_y15_24,geo_cov_nat,2003,26.775
col,sex_t,age_aggregate_y15_24,geo_cov_nat,2004,26.596
col,sex_t,age_aggregate_y15_24,geo_cov_nat,2005,24.083
col,sex_t,age_aggregate_y15_24,geo_cov_nat,2007,22.896
col,sex_t,age_aggregate_y15_24,geo_cov_nat,2008,23.414
col,sex_t,age_aggregate_y15_24,geo_cov_nat,2009,23.991
col,sex_t,age_aggregate_y15_24,geo_cov_nat,2010,24.396
col,sex_t,age_aggregate_y15_24,geo_cov_nat,2011,22.854
col,sex_t,age_aggregate_y15_24,geo_cov_nat,2012,21.601
col,sex_t,age_aggregate_y15_24,geo_cov_nat,2013,20.366
col,sex_t,age_aggregate_y15_24,geo_cov_nat,2014,19.983
col,sex_t,age_aggregate_y15_24,geo_cov_nat,2015,18.814
col,sex_t,age_aggregate_y15_24,geo_cov_nat,2016,19.777
col,sex_t,age_aggregate_y15_24,geo_cov_nat,2017,19.885
col,sex_t,age_aggregate_y15_24,geo_cov_nat,2018,21.017
col,sex_t,age_aggregate_y15_24,geo_cov_nat,2019,22.124
col,sex_t,age_aggregate_y15_24,geo_cov_nat,2020,28.797
col,sex_t,age_aggregate_y15_24,geo_cov_nat,2021,25.846
col,sex_t,age_aggregate_y15_24,geo_cov_nat,2022,22.526
col,sex_t,age_aggregate_y15_24,geo_cov_nat,2023,20.649
col,sex_t,age_aggregate_y15_24,geo_cov_nat,2024,20.651
col,sex_t,age_aggregate_y15_24,geo_cov_nat,2025,18.568
col,sex_t,age_aggregate_y15_24,geo_cov_rur,2002,19.283
col,sex_t,age_aggregate_y15_24,geo_cov_rur,2003,16.144
col,sex_t,age_aggregate_y15_24,geo_cov_rur,2004,17.892
col,sex_t,age_aggregate_y15_24,geo_cov_rur,2005,14.658
col,sex_t,age_aggregate_y15_24,geo_cov_rur,2007,16.444
col,sex_t,age_aggregate_y15_24,geo_cov_rur,2008,17.551
col,sex_t,age_aggregate_y15_24,geo_cov_rur,2009,15.369
col,sex_t,age_aggregate_y15_24,geo_cov_rur,2010,17.871
col,sex_t,age_aggregate_y15_24,geo_cov_rur,2011,16.1
col,sex_t,age_aggregate_y15_24,geo_cov_rur,2012,14.639
col,sex_t,age_aggregate_y15_24,geo_cov_rur,2013,13.189
col,sex_t,age_aggregate_y15_24,geo_cov_rur,2014,13.659
col,sex_t,age_aggregate_y15_24,geo_cov_rur,2015,12.646
col,sex_t,age_aggregate_y15_24,geo_cov_rur,2016,13.367
col,sex_t,age_aggregate_y15_24,geo_cov_rur,2017,11.256
col,sex_t,age_aggregate_y15_24,geo_cov_rur,2018,12.639
col,sex_t,age_aggregate_y15_24,geo_cov_rur,2019,14.294
col,sex_t,age_aggregate_y15_24,geo_cov_rur,2020,16.675
col,sex_t,age_aggregate_y15_24,geo_cov_rur,2021,14.93
col,sex_t,age_aggregate_y15_24,geo_cov_rur,2022,15.54
col,sex_t,age_aggregate_y15_24,geo_cov_rur,2023,14.554
col,sex_t,age_aggregate_y15_24,geo_cov_rur,2024,14.443
col,sex_t,age_aggregate_y15_24,geo_cov_rur,2025,13.868
col,sex_t,age_aggregate_y15_24,geo_cov_urb,2002,32.274
col,sex_t,age_aggregate_y15_24,geo_cov_urb,2003,30.65
col,sex_t,age_aggregate_y15_24,geo_cov_urb,2004,29.703
col,sex_t,age_aggregate_y15_24,geo_cov_urb,2005,27.424
col,sex_t,age_aggregate_y15_24,geo_cov_urb,2007,24.971
col,sex_t,age_aggregate_y15_24,geo_cov_urb,2008,25.272
col,sex_t,age_aggregate_y15_24,geo_cov_urb,2009,26.77
col,sex_t,age_aggregate_y15_24,geo_cov_urb,2010,26.558
col,sex_t,age_aggregate_y15_24,geo_cov_urb,2011,24.986
col,sex_t,age_aggregate_y15_24,geo_cov_urb,2012,23.762
col,sex_t,age_aggregate_y15_24,geo_cov_urb,2013,22.594
col,sex_t,age_aggregate_y15_24,geo_cov_urb,2014,21.869
col,sex_t,age_aggregate_y15_24,geo_cov_urb,2015,20.689
col,sex_t,age_aggregate_y15_24,geo_cov_urb,2016,21.72
col,sex_t,age_aggregate_y15_24,geo_cov_urb,2017,22.594
col,sex_t,age_aggregate_y15_24,geo_cov_urb,2018,23.658
col,sex_t,age_aggregate_y15_24,geo_cov_urb,2019,24.573
col,sex_t,age_aggregate_y15_24,geo_cov_urb,2020,32.709
col,sex_t,age_aggregate_y15_24,geo_cov_urb,2021,29.181
col,sex_t,age_aggregate_y15_24,geo_cov_urb,2022,24.888
col,sex_t,age_aggregate_y15_24,geo_cov_urb,2023,22.723
col,sex_t,age_aggregate_y15_24,geo_cov_urb,2024,22.852
col,sex_t,age_aggregate_y15_24,geo_cov_urb,2025,20.253
col,sex_t,age_aggregate_y25_54,geo_cov_nat,2002,12.545
col,sex_t,age_aggregate_y25_54,geo_cov_nat,2003,11.219
col,sex_t,age_aggregate_y25_54,geo_cov_nat,2004,10.869
col,sex_t,age_aggregate_y25_54,geo_cov_nat,2005,9.22
col,sex_t,age_aggregate_y25_54,geo_cov_nat,2007,9.176
col,sex_t,age_aggregate_y25_54,geo_cov_nat,2008,9.213
col,sex_t,age_aggregate_y25_54,geo_cov_nat,2009,9.895
col,sex_t,age_aggregate_y25_54,geo_cov_nat,2010,9.852
col,sex_t,age_aggregate_y25_54,geo_cov_nat,2011,8.976
col,sex_t,age_aggregate_y25_54,geo_cov_nat,2012,8.801
col,sex_t,age_aggregate_y25_54,geo_cov_nat,2013,8.304
col,sex_t,age_aggregate_y25_54,geo_cov_nat,2014,7.761
col,sex_t,age_aggregate_y25_54,geo_cov_nat,2015,7.814
col,sex_t,age_aggregate_y25_54,geo_cov_nat,2016,8.189
col,sex_t,age_aggregate_y25_54,geo_cov_nat,2017,8.491
col,sex_t,age_aggregate_y25_54,geo_cov_nat,2018,8.721
col,sex_t,age_aggregate_y25_54,geo_cov_nat,2019,9.655
col,sex_t,age_aggregate_y25_54,geo_cov_nat,2020,15.562
col,sex_t,age_aggregate_y25_54,geo_cov_nat,2021,13.381
col,sex_t,age_aggregate_y25_54,geo_cov_nat,2022,10.256
col,sex_t,age_aggregate_y25_54,geo_cov_nat,2023,9.358
col,sex_t,age_aggregate_y25_54,geo_cov_nat,2024,9.468
col,sex_t,age_aggregate_y25_54,geo_cov_nat,2025,8.252
col,sex_t,age_aggregate_y25_54,geo_cov_rur,2002,9.089
col,sex_t,age_aggregate_y25_54,geo_cov_rur,2003,7.187
col,sex_t,age_aggregate_y25_54,geo_cov_rur,2004,7.396
col,sex_t,age_aggregate_y25_54,geo_cov_rur,2005,5.509
col,sex_t,age_aggregate_y25_54,geo_cov_rur,2007,6.139
col,sex_t,age_aggregate_y25_54,geo_cov_rur,2008,6.608
col,sex_t,age_aggregate_y25_54,geo_cov_rur,2009,6.902
col,sex_t,age_aggregate_y25_54,geo_cov_rur,2010,7.657
col,sex_t,age_aggregate_y25_54,geo_cov_rur,2011,6.471
col,sex_t,age_aggregate_y25_54,geo_cov_rur,2012,5.817
col,sex_t,age_aggregate_y25_54,geo_cov_rur,2013,5.514
col,sex_t,age_aggregate_y25_54,geo_cov_rur,2014,5.352
col,sex_t,age_aggregate_y25_54,geo_cov_rur,2015,5.331
col,sex_t,age_aggregate_y25_54,geo_cov_rur,2016,4.791
col,sex_t,age_aggregate_y25_54,geo_cov_rur,2017,5.056
col,sex_t,age_aggregate_y25_54,geo_cov_rur,2018,4.705
col,sex_t,age_aggregate_y25_54,geo_cov_rur,2019,6.275
col,sex_t,age_aggregate_y25_54,geo_cov_rur,2020,8.9
col,sex_t,age_aggregate_y25_54,geo_cov_rur,2021,7.56
col,sex_t,age_aggregate_y25_54,geo_cov_rur,2022,7.494
col,sex_t,age_aggregate_y25_54,geo_cov_rur,2023,6.838
col,sex_t,age_aggregate_y25_54,geo_cov_rur,2024,6.891
col,sex_t,age_aggregate_y25_54,geo_cov_rur,2025,6.128
col,sex_t,age_aggregate_y25_54,geo_cov_urb,2002,13.485
col,sex_t,age_aggregate_y25_54,geo_cov_urb,2003,12.297
col,sex_t,age_aggregate_y25_54,geo_cov_urb,2004,11.784
col,sex_t,age_aggregate_y25_54,geo_cov_urb,2005,10.164
col,sex_t,age_aggregate_y25_54,geo_cov_urb,2007,9.899
col,sex_t,age_aggregate_y25_54,geo_cov_urb,2008,9.825
col,sex_t,age_aggregate_y25_54,geo_cov_urb,2009,10.604
col,sex_t,age_aggregate_y25_54,geo_cov_urb,2010,10.417
col,sex_t,age_aggregate_y25_54,geo_cov_urb,2011,9.606
col,sex_t,age_aggregate_y25_54,geo_cov_urb,2012,9.563
col,sex_t,age_aggregate_y25_54,geo_cov_urb,2013,9.002
col,sex_t,age_aggregate_y25_54,geo_cov_urb,2014,8.353
col,sex_t,age_aggregate_y25_54,geo_cov_urb,2015,8.429
col,sex_t,age_aggregate_y25_54,geo_cov_urb,2016,9.036
col,sex_t,age_aggregate_y25_54,geo_cov_urb,2017,9.345
col,sex_t,age_aggregate_y25_54,geo_cov_urb,2018,9.701
col,sex_t,age_aggregate_y25_54,geo_cov_urb,2019,10.456
col,sex_t,age_aggregate_y25_54,geo_cov_urb,2020,17.1
col,sex_t,age_aggregate_y25_54,geo_cov_urb,2021,14.674
col,sex_t,age_aggregate_y25_54,geo_cov_urb,2022,10.872
col,sex_t,age_aggregate_y25_54,geo_cov_urb,2023,9.916
col,sex_t,age_aggregate_y25_54,geo_cov_urb,2024,10.032
col,sex_t,age_aggregate_y25_54,geo_cov_urb,2025,8.708
col,sex_t,age_aggregate_y55_64,geo_cov_nat,2002,8.534
col,sex_t,age_aggregate_y55_64,geo_cov_nat,2003,7.723
col,sex_t,age_aggregate_y55_64,geo_cov_nat,2004,7.219
col,sex_t,age_aggregate_y55_64,geo_cov_nat,2005,6.206
col,sex_t,age_aggregate_y55_64,geo_cov_nat,2007,6.156
col,sex_t,age_aggregate_y55_64,geo_cov_nat,2008,6.078
col,sex_t,age_aggregate_y55_64,geo_cov_nat,2009,7.205
col,sex_t,age_aggregate_y55_64,geo_cov_nat,2010,7.021
col,sex_t,age_aggregate_y55_64,geo_cov_nat,2011,6.428
col,sex_t,age_aggregate_y55_64,geo_cov_nat,2012,6.262
col,sex_t,age_aggregate_y55_64,geo_cov_nat,2013,5.851
col,sex_t,age_aggregate_y55_64,geo_cov_nat,2014,5.651
col,sex_t,age_aggregate_y55_64,geo_cov_nat,2015,5.774
col,sex_t,age_aggregate_y55_64,geo_cov_nat,2016,5.772
col,sex_t,age_aggregate_y55_64,geo_cov_nat,2017,5.73
col,sex_t,age_aggregate_y55_64,geo_cov_nat,2018,5.505
col,sex_t,age_aggregate_y55_64,geo_cov_nat,2019,6.871
col,sex_t,age_aggregate_y55_64,geo_cov_nat,2020,11.162
col,sex_t,age_aggregate_y55_64,geo_cov_nat,2021,9.604
col,sex_t,age_aggregate_y55_64,geo_cov_nat,2022,7.764
col,sex_t,age_aggregate_y55_64,geo_cov_nat,2023,6.721
col,sex_t,age_aggregate_y55_64,geo_cov_nat,2024,6.668
col,sex_t,age_aggregate_y55_64,geo_cov_nat,2025,5.535
col,sex_t,age_aggregate_y55_64,geo_cov_rur,2002,5.103
col,sex_t,age_aggregate_y55_64,geo_cov_rur,2003,4.024
col,sex_t,age_aggregate_y55_64,geo_cov_rur,2004,4.086
col,sex_t,age_aggregate_y55_64,geo_cov_rur,2005,2.74
col,sex_t,age_aggregate_y55_64,geo_cov_rur,2007,3.518
col,sex_t,age_aggregate_y55_64,geo_cov_rur,2008,2.897
col,sex_t,age_aggregate_y55_64,geo_cov_rur,2009,3.277
col,sex_t,age_aggregate_y55_64,geo_cov_rur,2010,4.06
col,sex_t,age_aggregate_y55_64,geo_cov_rur,2011,4.008
col,sex_t,age_aggregate_y55_64,geo_cov_rur,2012,3.485
col,sex_t,age_aggregate_y55_64,geo_cov_rur,2013,2.93
col,sex_t,age_aggregate_y55_64,geo_cov_rur,2014,2.6
col,sex_t,age_aggregate_y55_64,geo_cov_rur,2015,2.994
col,sex_t,age_aggregate_y55_64,geo_cov_rur,2016,2.241
col,sex_t,age_aggregate_y55_64,geo_cov_rur,2017,2.535
col,sex_t,age_aggregate_y55_64,geo_cov_rur,2018,2.135
col,sex_t,age_aggregate_y55_64,geo_cov_rur,2019,3.539
col,sex_t,age_aggregate_y55_64,geo_cov_rur,2020,4.635
col,sex_t,age_aggregate_y55_64,geo_cov_rur,2021,4.787
col,sex_t,age_aggregate_y55_64,geo_cov_rur,2022,4.424
col,sex_t,age_aggregate_y55_64,geo_cov_rur,2023,3.905
col,sex_t,age_aggregate_y55_64,geo_cov_rur,2024,4.345
col,sex_t,age_aggregate_y55_64,geo_cov_rur,2025,3.365
col,sex_t,age_aggregate_y55_64,geo_cov_urb,2002,9.972
col,sex_t,age_aggregate_y55_64,geo_cov_urb,2003,9.226
col,sex_t,age_aggregate_y55_64,geo_cov_urb,2004,8.542
col,sex_t,age_aggregate_y55_64,geo_cov_urb,2005,7.636
col,sex_t,age_aggregate_y55_64,geo_cov_urb,2007,7.092
col,sex_t,age_aggregate_y55_64,geo_cov_urb,2008,7.194
col,sex_t,age_aggregate_y55_64,geo_cov_urb,2009,8.528
col,sex_t,age_aggregate_y55_64,geo_cov_urb,2010,8.073
col,sex_t,age_aggregate_y55_64,geo_cov_urb,2011,7.274
col,sex_t,age_aggregate_y55_64,geo_cov_urb,2012,7.188
col,sex_t,age_aggregate_y55_64,geo_cov_urb,2013,6.824
col,sex_t,age_aggregate_y55_64,geo_cov_urb,2014,6.619
col,sex_t,age_aggregate_y55_64,geo_cov_urb,2015,6.674
col,sex_t,age_aggregate_y55_64,geo_cov_urb,2016,6.912
col,sex_t,age_aggregate_y55_64,geo_cov_urb,2017,6.745
col,sex_t,age_aggregate_y55_64,geo_cov_urb,2018,6.567
col,sex_t,age_aggregate_y55_64,geo_cov_urb,2019,7.876
col,sex_t,age_aggregate_y55_64,geo_cov_urb,2020,13.116
col,sex_t,age_aggregate_y55_64,geo_cov_urb,2021,10.846
col,sex_t,age_aggregate_y55_64,geo_cov_urb,2022,8.674
col,sex_t,age_aggregate_y55_64,geo_cov_urb,2023,7.487
col,sex_t,age_aggregate_y55_64,geo_cov_urb,2024,7.259
col,sex_t,age_aggregate_y55_64,geo_cov_urb,2025,6.102
col,sex_t,age_aggregate_yge65,geo_cov_nat,2002,6.719
col,sex_t,age_aggregate_yge65,geo_cov_nat,2003,6.986
col,sex_t,age_aggregate_yge65,geo_cov_nat,2004,4.643
col,sex_t,age_aggregate_yge65,geo_cov_nat,2005,4.254
col,sex_t,age_aggregate_yge65,geo_cov_nat,2007,4.688
col,sex_t,age_aggregate_yge65,geo_cov_nat,2008,4.551
col,sex_t,age_aggregate_yge65,geo_cov_nat,2009,5.322
col,sex_t,age_aggregate_yge65,geo_cov_nat,2010,5.341
col,sex_t,age_aggregate_yge65,geo_cov_nat,2011,5.551
col,sex_t,age_aggregate_yge65,geo_cov_nat,2012,4.826
col,sex_t,age_aggregate_yge65,geo_cov_nat,2013,4.483
col,sex_t,age_aggregate_yge65,geo_cov_nat,2014,4.383
col,sex_t,age_aggregate_yge65,geo_cov_nat,2015,4.252
col,sex_t,age_aggregate_yge65,geo_cov_nat,2016,4.256
col,sex_t,age_aggregate_yge65,geo_cov_nat,2017,3.915
col,sex_t,age_aggregate_yge65,geo_cov_nat,2018,4.382
col,sex_t,age_aggregate_yge65,geo_cov_nat,2019,5.242
col,sex_t,age_aggregate_yge65,geo_cov_nat,2020,7.952
col,sex_t,age_aggregate_yge65,geo_cov_nat,2021,7.555
col,sex_t,age_aggregate_yge65,geo_cov_nat,2022,6.283
col,sex_t,age_aggregate_yge65,geo_cov_nat,2023,5.151
col,sex_t,age_aggregate_yge65,geo_cov_nat,2024,4.832
col,sex_t,age_aggregate_yge65,geo_cov_nat,2025,4.381
col,sex_t,age_aggregate_yge65,geo_cov_rur,2002,4.473
col,sex_t,age_aggregate_yge65,geo_cov_rur,2003,4.909
col,sex_t,age_aggregate_yge65,geo_cov_rur,2004,2.275
col,sex_t,age_aggregate_yge65,geo_cov_rur,2005,2.333
col,sex_t,age_aggregate_yge65,geo_cov_rur,2007,2.084
col,sex_t,age_aggregate_yge65,geo_cov_rur,2008,1.979
col,sex_t,age_aggregate_yge65,geo_cov_rur,2009,2.212
col,sex_t,age_aggregate_yge65,geo_cov_rur,2010,3.037
col,sex_t,age_aggregate_yge65,geo_cov_rur,2011,2.512
col,sex_t,age_aggregate_yge65,geo_cov_rur,2012,2.328
col,sex_t,age_aggregate_yge65,geo_cov_rur,2013,1.508
col,sex_t,age_aggregate_yge65,geo_cov_rur,2014,1.761
col,sex_t,age_aggregate_yge65,geo_cov_rur,2015,1.549
col,sex_t,age_aggregate_yge65,geo_cov_rur,2016,1.5
col,sex_t,age_aggregate_yge65,geo_cov_rur,2017,1.472
col,sex_t,age_aggregate_yge65,geo_cov_rur,2018,1.483
col,sex_t,age_aggregate_yge65,geo_cov_rur,2019,2.33
col,sex_t,age_aggregate_yge65,geo_cov_rur,2020,3.355
col,sex_t,age_aggregate_yge65,geo_cov_rur,2021,2.862
col,sex_t,age_aggregate_yge65,geo_cov_rur,2022,2.843
col,sex_t,age_aggregate_yge65,geo_cov_rur,2023,2.351
col,sex_t,age_aggregate_yge65,geo_cov_rur,2024,2.462
col,sex_t,age_aggregate_yge65,geo_cov_rur,2025,2.03
col,sex_t,age_aggregate_yge65,geo_cov_urb,2002,8.17
col,sex_t,age_aggregate_yge65,geo_cov_urb,2003,8.366
col,sex_t,age_aggregate_yge65,geo_cov_urb,2004,6.047
col,sex_t,age_aggregate_yge65,geo_cov_urb,2005,5.516
col,sex_t,age_aggregate_yge65,geo_cov_urb,2007,6.306
col,sex_t,age_aggregate_yge65,geo_cov_urb,2008,5.923
col,sex_t,age_aggregate_yge65,geo_cov_urb,2009,7.309
col,sex_t,age_aggregate_yge65,geo_cov_urb,2010,6.676
col,sex_t,age_aggregate_yge65,geo_cov_urb,2011,7.265
col,sex_t,age_aggregate_yge65,geo_cov_urb,2012,6.327
col,sex_t,age_aggregate_yge65,geo_cov_urb,2013,6.184
col,sex_t,age_aggregate_yge65,geo_cov_urb,2014,5.858
col,sex_t,age_aggregate_yge65,geo_cov_urb,2015,5.709
col,sex_t,age_aggregate_yge65,geo_cov_urb,2016,5.717
col,sex_t,age_aggregate_yge65,geo_cov_urb,2017,5.331
col,sex_t,age_aggregate_yge65,geo_cov_urb,2018,5.994
col,sex_t,age_aggregate_yge65,geo_cov_urb,2019,6.775
col,sex_t,age_aggregate_yge65,geo_cov_urb,2020,10.377
col,sex_t,age_aggregate_yge65,geo_cov_urb,2021,9.654
col,sex_t,age_aggregate_yge65,geo_cov_urb,2022,7.847
col,sex_t,age_aggregate_yge65,geo_cov_urb,2023,6.419
col,sex_t,age_aggregate_yge65,geo_cov_urb,2024,5.827
col,sex_t,age_aggregate_yge65,geo_cov_urb,2025,5.342
col,sex_t,age_ythadult_y15_24,geo_cov_nat,2002,28.743
col,sex_t,age_ythadult_y15_24,geo_cov_nat,2003,26.775
col,sex_t,age_ythadult_y15_24,geo_cov_nat,2004,26.596
col,sex_t,age_ythadult_y15_24,geo_cov_nat,2005,24.083
col,sex_t,age_ythadult_y15_24,geo_cov_nat,2007,22.896
col,sex_t,age_ythadult_y15_24,geo_cov_nat,2008,23.414
col,sex_t,age_ythadult_y15_24,geo_cov_nat,2009,23.991
col,sex_t,age_ythadult_y15_24,geo_cov_nat,2010,24.396
col,sex_t,age_ythadult_y15_24,geo_cov_nat,2011,22.854
col,sex_t,age_ythadult_y15_24,geo_cov_nat,2012,21.601
col,sex_t,age_ythadult_y15_24,geo_cov_nat,2013,20.366
col,sex_t,age_ythadult_y15_24,geo_cov_nat,2014,19.983
col,sex_t,age_ythadult_y15_24,geo_cov_nat,2015,18.814
col,sex_t,age_ythadult_y15_24,geo_cov_nat,2016,19.777
col,sex_t,age_ythadult_y15_24,geo_cov_nat,2017,19.885
col,sex_t,age_ythadult_y15_24,geo_cov_nat,2018,21.017
col,sex_t,age_ythadult_y15_24,geo_cov_nat,2019,22.124
col,sex_t,age_ythadult_y15_24,geo_cov_nat,2020,28.797
col,sex_t,age_ythadult_y15_24,geo_cov_nat,2021,25.846
col,sex_t,age_ythadult_y15_24,geo_cov_nat,2022,22.526
col,sex_t,age_ythadult_y15_24,geo_cov_nat,2023,20.649
col,sex_t,age_ythadult_y15_24,geo_cov_nat,2024,20.651
col,sex_t,age_ythadult_y15_24,geo_cov_nat,2025,18.568
col,sex_t,age_ythadult_y15_24,geo_cov_rur,2002,19.283
col,sex_t,age_ythadult_y15_24,geo_cov_rur,2003,16.144
col,sex_t,age_ythadult_y15_24,geo_cov_rur,2004,17.892
col,sex_t,age_ythadult_y15_24,geo_cov_rur,2005,14.658
col,sex_t,age_ythadult_y15_24,geo_cov_rur,2007,16.444
col,sex_t,age_ythadult_y15_24,geo_cov_rur,2008,17.551
col,sex_t,age_ythadult_y15_24,geo_cov_rur,2009,15.369
col,sex_t,age_ythadult_y15_24,geo_cov_rur,2010,17.871
col,sex_t,age_ythadult_y15_24,geo_cov_rur,2011,16.1
col,sex_t,age_ythadult_y15_24,geo_cov_rur,2012,14.639
col,sex_t,age_ythadult_y15_24,geo_cov_rur,2013,13.189
col,sex_t,age_ythadult_y15_24,geo_cov_rur,2014,13.659
col,sex_t,age_ythadult_y15_24,geo_cov_rur,2015,12.646
col,sex_t,age_ythadult_y15_24,geo_cov_rur,2016,13.367
col,sex_t,age_ythadult_y15_24,geo_cov_rur,2017,11.256
col,sex_t,age_ythadult_y15_24,geo_cov_rur,2018,12.639
col,sex_t,age_ythadult_y15_24,geo_cov_rur,2019,14.294
col,sex_t,age_ythadult_y15_24,geo_cov_rur,2020,16.675
col,sex_t,age_ythadult_y15_24,geo_cov_rur,2021,14.93
col,sex_t,age_ythadult_y15_24,geo_cov_rur,2022,15.54
col,sex_t,age_ythadult_y15_24,geo_cov_rur,2023,14.554
col,sex_t,age_ythadult_y15_24,geo_cov_rur,2024,14.443
col,sex_t,age_ythadult_y15_24,geo_cov_rur,2025,13.868
col,sex_t,age_ythadult_y15_24,geo_cov_urb,2002,32.274
col,sex_t,age_ythadult_y15_24,geo_cov_urb,2003,30.65
col,sex_t,age_ythadult_y15_24,geo_cov_urb,2004,29.703
col,sex_t,age_ythadult_y15_24,geo_cov_urb,2005,27.424
col,sex_t,age_ythadult_y15_24,geo_cov_urb,2007,24.971
col,sex_t,age_ythadult_y15_24,geo_cov_urb,2008,25.272
col,sex_t,age_ythadult_y15_24,geo_cov_urb,2009,26.77
col,sex_t,age_ythadult_y15_24,geo_cov_urb,2010,26.558
col,sex_t,age_ythadult_y15_24,geo_cov_urb,2011,24.986
col,sex_t,age_ythadult_y15_24,geo_cov_urb,2012,23.762
col,sex_t,age_ythadult_y15_24,geo_cov_urb,2013,22.594
col,sex_t,age_ythadult_y15_24,geo_cov_urb,2014,21.869
col,sex_t,age_ythadult_y15_24,geo_cov_urb,2015,20.689
col,sex_t,age_ythadult_y15_24,geo_cov_urb,2016,21.72
col,sex_t,age_ythadult_y15_24,geo_cov_urb,2017,22.594
col,sex_t,age_ythadult_y15_24,geo_cov_urb,2018,23.658
col,sex_t,age_ythadult_y15_24,geo_cov_urb,2019,24.573
col,sex_t,age_ythadult_y15_24,geo_cov_urb,2020,32.709
col,sex_t,age_ythadult_y15_24,geo_cov_urb,2021,29.181
col,sex_t,age_ythadult_y15_24,geo_cov_urb,2022,24.888
col,sex_t,age_ythadult_y15_24,geo_cov_urb,2023,22.723
col,sex_t,age_ythadult_y15_24,geo_cov_urb,2024,22.852
col,sex_t,age_ythadult_y15_24,geo_cov_urb,2025,20.253
col,sex_t,age_ythadult_y15_64,geo_cov_nat,2002,16.169
col,sex_t,age_ythadult_y15_64,geo_cov_nat,2003,14.609
col,sex_t,age_ythadult_y15_64,geo_cov_nat,2004,14.226
col,sex_t,age_ythadult_y15_64,geo_cov_nat,2005,12.316
col,sex_t,age_ythadult_y15_64,geo_cov_nat,2007,11.78
col,sex_t,age_ythadult_y15_64,geo_cov_nat,2008,11.825
col,sex_t,age_ythadult_y15_64,geo_cov_nat,2009,12.581
col,sex_t,age_ythadult_y15_64,geo_cov_nat,2010,12.513
col,sex_t,age_ythadult_y15_64,geo_cov_nat,2011,11.54
col,sex_t,age_ythadult_y15_64,geo_cov_nat,2012,11.143
col,sex_t,age_ythadult_y15_64,geo_cov_nat,2013,10.443
col,sex_t,age_ythadult_y15_64,geo_cov_nat,2014,9.933
col,sex_t,age_ythadult_y15_64,geo_cov_nat,2015,9.713
col,sex_t,age_ythadult_y15_64,geo_cov_nat,2016,10.093
col,sex_t,age_ythadult_y15_64,geo_cov_nat,2017,10.258
col,sex_t,age_ythadult_y15_64,geo_cov_nat,2018,10.534
col,sex_t,age_ythadult_y15_64,geo_cov_nat,2019,11.478
col,sex_t,age_ythadult_y15_64,geo_cov_nat,2020,17.223
col,sex_t,age_ythadult_y15_64,geo_cov_nat,2021,15.121
col,sex_t,age_ythadult_y15_64,geo_cov_nat,2022,11.854
col,sex_t,age_ythadult_y15_64,geo_cov_nat,2023,10.732
col,sex_t,age_ythadult_y15_64,geo_cov_nat,2024,10.74
col,sex_t,age_ythadult_y15_64,geo_cov_nat,2025,9.376
col,sex_t,age_ythadult_y15_64,geo_cov_rur,2002,11.587
col,sex_t,age_ythadult_y15_64,geo_cov_rur,2003,9.33
col,sex_t,age_ythadult_y15_64,geo_cov_rur,2004,9.867
col,sex_t,age_ythadult_y15_64,geo_cov_rur,2005,7.635
col,sex_t,age_ythadult_y15_64,geo_cov_rur,2007,8.368
col,sex_t,age_ythadult_y15_64,geo_cov_rur,2008,8.797
col,sex_t,age_ythadult_y15_64,geo_cov_rur,2009,8.571
col,sex_t,age_ythadult_y15_64,geo_cov_rur,2010,9.583
col,sex_t,age_ythadult_y15_64,geo_cov_rur,2011,8.361
col,sex_t,age_ythadult_y15_64,geo_cov_rur,2012,7.517
col,sex_t,age_ythadult_y15_64,geo_cov_rur,2013,6.896
col,sex_t,age_ythadult_y15_64,geo_cov_rur,2014,6.811
col,sex_t,age_ythadult_y15_64,geo_cov_rur,2015,6.6
col,sex_t,age_ythadult_y15_64,geo_cov_rur,2016,6.24
col,sex_t,age_ythadult_y15_64,geo_cov_rur,2017,6.012
col,sex_t,age_ythadult_y15_64,geo_cov_rur,2018,5.981
col,sex_t,age_ythadult_y15_64,geo_cov_rur,2019,7.526
col,sex_t,age_ythadult_y15_64,geo_cov_rur,2020,9.879
col,sex_t,age_ythadult_y15_64,geo_cov_rur,2021,8.775
col,sex_t,age_ythadult_y15_64,geo_cov_rur,2022,8.684
col,sex_t,age_ythadult_y15_64,geo_cov_rur,2023,7.942
col,sex_t,age_ythadult_y15_64,geo_cov_rur,2024,8.033
col,sex_t,age_ythadult_y15_64,geo_cov_rur,2025,7.258
col,sex_t,age_ythadult_y15_64,geo_cov_urb,2002,17.568
col,sex_t,age_ythadult_y15_64,geo_cov_urb,2003,16.187
col,sex_t,age_ythadult_y15_64,geo_cov_urb,2004,15.514
col,sex_t,age_ythadult_y15_64,geo_cov_urb,2005,13.659
col,sex_t,age_ythadult_y15_64,geo_cov_urb,2007,12.679
col,sex_t,age_ythadult_y15_64,geo_cov_urb,2008,12.612
col,sex_t,age_ythadult_y15_64,geo_cov_urb,2009,13.632
col,sex_t,age_ythadult_y15_64,geo_cov_urb,2010,13.335
col,sex_t,age_ythadult_y15_64,geo_cov_urb,2011,12.409
col,sex_t,age_ythadult_y15_64,geo_cov_urb,2012,12.135
col,sex_t,age_ythadult_y15_64,geo_cov_urb,2013,11.401
col,sex_t,age_ythadult_y15_64,geo_cov_urb,2014,10.755
col,sex_t,age_ythadult_y15_64,geo_cov_urb,2015,10.541
col,sex_t,age_ythadult_y15_64,geo_cov_urb,2016,11.12
col,sex_t,age_ythadult_y15_64,geo_cov_urb,2017,11.394
col,sex_t,age_ythadult_y15_64,geo_cov_urb,2018,11.736
col,sex_t,age_ythadult_y15_64,geo_cov_urb,2019,12.492
col,sex_t,age_ythadult_y15_64,geo_cov_urb,2020,19.079
col,sex_t,age_ythadult_y15_64,geo_cov_urb,2021,16.645
col,sex_t,age_ythadult_y15_64,geo_cov_urb,2022,12.633
col,sex_t,age_ythadult_y15_64,geo_cov_urb,2023,11.415
col,sex_t,age_ythadult_y15_64,geo_cov_urb,2024,11.394
col,sex_t,age_ythadult_y15_64,geo_cov_urb,2025,9.884
col,sex_t,age_ythadult_yge15,geo_cov_nat,2002,15.813
col,sex_t,age_ythadult_yge15,geo_cov_nat,2003,14.319
col,sex_t,age_ythadult_yge15,geo_cov_nat,2004,13.864
col,sex_t,age_ythadult_yge15,geo_cov_nat,2005,12.012
col,sex_t,age_ythadult_yge15,geo_cov_nat,2007,11.527
col,sex_t,age_ythadult_yge15,geo_cov_nat,2008,11.56
col,sex_t,age_ythadult_yge15,geo_cov_nat,2009,12.302
col,sex_t,age_ythadult_yge15,geo_cov_nat,2010,12.218
col,sex_t,age_ythadult_yge15,geo_cov_nat,2011,11.284
col,sex_t,age_ythadult_yge15,geo_cov_nat,2012,10.87
col,sex_t,age_ythadult_yge15,geo_cov_nat,2013,10.179
col,sex_t,age_ythadult_yge15,geo_cov_nat,2014,9.682
col,sex_t,age_ythadult_yge15,geo_cov_nat,2015,9.457
col,sex_t,age_ythadult_yge15,geo_cov_nat,2016,9.808
col,sex_t,age_ythadult_yge15,geo_cov_nat,2017,9.942
col,sex_t,age_ythadult_yge15,geo_cov_nat,2018,10.229
col,sex_t,age_ythadult_yge15,geo_cov_nat,2019,11.168
col,sex_t,age_ythadult_yge15,geo_cov_nat,2020,16.802
col,sex_t,age_ythadult_yge15,geo_cov_nat,2021,14.789
col,sex_t,age_ythadult_yge15,geo_cov_nat,2022,11.582
col,sex_t,age_ythadult_yge15,geo_cov_nat,2023,10.445
col,sex_t,age_ythadult_yge15,geo_cov_nat,2024,10.42
col,sex_t,age_ythadult_yge15,geo_cov_nat,2025,9.095
col,sex_t,age_ythadult_yge15,geo_cov_rur,2002,11.149
col,sex_t,age_ythadult_yge15,geo_cov_rur,2003,9.046
col,sex_t,age_ythadult_yge15,geo_cov_rur,2004,9.409
col,sex_t,age_ythadult_yge15,geo_cov_rur,2005,7.289
col,sex_t,age_ythadult_yge15,geo_cov_rur,2007,7.968
col,sex_t,age_ythadult_yge15,geo_cov_rur,2008,8.389
col,sex_t,age_ythadult_yge15,geo_cov_rur,2009,8.128
col,sex_t,age_ythadult_yge15,geo_cov_rur,2010,9.144
col,sex_t,age_ythadult_yge15,geo_cov_rur,2011,7.954
col,sex_t,age_ythadult_yge15,geo_cov_rur,2012,7.137
col,sex_t,age_ythadult_yge15,geo_cov_rur,2013,6.5
col,sex_t,age_ythadult_yge15,geo_cov_rur,2014,6.429
col,sex_t,age_ythadult_yge15,geo_cov_rur,2015,6.218
col,sex_t,age_ythadult_yge15,geo_cov_rur,2016,5.871
col,sex_t,age_ythadult_yge15,geo_cov_rur,2017,5.634
col,sex_t,age_ythadult_yge15,geo_cov_rur,2018,5.613
col,sex_t,age_ythadult_yge15,geo_cov_rur,2019,7.105
col,sex_t,age_ythadult_yge15,geo_cov_rur,2020,9.388
col,sex_t,age_ythadult_yge15,geo_cov_rur,2021,8.372
col,sex_t,age_ythadult_yge15,geo_cov_rur,2022,8.243
col,sex_t,age_ythadult_yge15,geo_cov_rur,2023,7.499
col,sex_t,age_ythadult_yge15,geo_cov_rur,2024,7.586
col,sex_t,age_ythadult_yge15,geo_cov_rur,2025,6.828
col,sex_t,age_ythadult_yge15,geo_cov_urb,2002,17.285
col,sex_t,age_ythadult_yge15,geo_cov_urb,2003,15.953
col,sex_t,age_ythadult_yge15,geo_cov_urb,2004,15.221
col,sex_t,age_ythadult_yge15,geo_cov_urb,2005,13.418
col,sex_t,age_ythadult_yge15,geo_cov_urb,2007,12.501
col,sex_t,age_ythadult_yge15,geo_cov_urb,2008,12.411
col,sex_t,age_ythadult_yge15,geo_cov_urb,2009,13.443
col,sex_t,age_ythadult_yge15,geo_cov_urb,2010,13.111
col,sex_t,age_ythadult_yge15,geo_cov_urb,2011,12.229
col,sex_t,age_ythadult_yge15,geo_cov_urb,2012,11.934
col,sex_t,age_ythadult_yge15,geo_cov_urb,2013,11.213
col,sex_t,age_ythadult_yge15,geo_cov_urb,2014,10.574
col,sex_t,age_ythadult_yge15,geo_cov_urb,2015,10.354
col,sex_t,age_ythadult_yge15,geo_cov_urb,2016,10.9
col,sex_t,age_ythadult_yge15,geo_cov_urb,2017,11.15
col,sex_t,age_ythadult_yge15,geo_cov_urb,2018,11.503
col,sex_t,age_ythadult_yge15,geo_cov_urb,2019,12.256
col,sex_t,age_ythadult_yge15,geo_cov_urb,2020,18.752
col,sex_t,age_ythadult_yge15,geo_cov_urb,2021,16.381
col,sex_t,age_ythadult_yge15,geo_cov_urb,2022,12.431
col,sex_t,age_ythadult_yge15,geo_cov_urb,2023,11.193
col,sex_t,age_ythadult_yge15,geo_cov_urb,2024,11.128
col,sex_t,age_ythadult_yge15,geo_cov_urb,2025,9.657
col,sex_t,age_ythadult_yge25,geo_cov_nat,2002,11.892
col,sex_t,age_ythadult_yge25,geo_cov_nat,2003,10.684
col,sex_t,age_ythadult_yge25,geo_cov_nat,2004,10.22
col,sex_t,age_ythadult_yge25,geo_cov_nat,2005,8.694
col,sex_t,age_ythadult_yge25,geo_cov_nat,2007,8.678
col,sex_t,age_ythadult_yge25,geo_cov_nat,2008,8.683
col,sex_t,age_ythadult_yge25,geo_cov_nat,2009,9.386
col,sex_t,age_ythadult_yge25,geo_cov_nat,2010,9.3
col,sex_t,age_ythadult_yge25,geo_cov_nat,2011,8.496
col,sex_t,age_ythadult_yge25,geo_cov_nat,2012,8.282
col,sex_t,age_ythadult_yge25,geo_cov_nat,2013,7.795
col,sex_t,age_ythadult_yge25,geo_cov_nat,2014,7.311
col,sex_t,age_ythadult_yge25,geo_cov_nat,2015,7.353
col,sex_t,age_ythadult_yge25,geo_cov_nat,2016,7.649
col,sex_t,age_ythadult_yge25,geo_cov_nat,2017,7.859
col,sex_t,age_ythadult_yge25,geo_cov_nat,2018,8.037
col,sex_t,age_ythadult_yge25,geo_cov_nat,2019,9.03
col,sex_t,age_ythadult_yge25,geo_cov_nat,2020,14.579
col,sex_t,age_ythadult_yge25,geo_cov_nat,2021,12.56
col,sex_t,age_ythadult_yge25,geo_cov_nat,2022,9.684
col,sex_t,age_ythadult_yge25,geo_cov_nat,2023,8.733
col,sex_t,age_ythadult_yge25,geo_cov_nat,2024,8.786
col,sex_t,age_ythadult_yge25,geo_cov_nat,2025,7.621
col,sex_t,age_ythadult_yge25,geo_cov_rur,2002,8.236
col,sex_t,age_ythadult_yge25,geo_cov_rur,2003,6.615
col,sex_t,age_ythadult_yge25,geo_cov_rur,2004,6.569
col,sex_t,age_ythadult_yge25,geo_cov_rur,2005,4.885
col,sex_t,age_ythadult_yge25,geo_cov_rur,2007,5.479
col,sex_t,age_ythadult_yge25,geo_cov_rur,2008,5.771
col,sex_t,age_ythadult_yge25,geo_cov_rur,2009,6.005
col,sex_t,age_ythadult_yge25,geo_cov_rur,2010,6.775
col,sex_t,age_ythadult_yge25,geo_cov_rur,2011,5.777
col,sex_t,age_ythadult_yge25,geo_cov_rur,2012,5.172
col,sex_t,age_ythadult_yge25,geo_cov_rur,2013,4.778
col,sex_t,age_ythadult_yge25,geo_cov_rur,2014,4.625
col,sex_t,age_ythadult_yge25,geo_cov_rur,2015,4.636
col,sex_t,age_ythadult_yge25,geo_cov_rur,2016,4.105
col,sex_t,age_ythadult_yge25,geo_cov_rur,2017,4.323
col,sex_t,age_ythadult_yge25,geo_cov_rur,2018,3.995
col,sex_t,age_ythadult_yge25,geo_cov_rur,2019,5.481
col,sex_t,age_ythadult_yge25,geo_cov_rur,2020,7.754
col,sex_t,age_ythadult_yge25,geo_cov_rur,2021,6.758
col,sex_t,age_ythadult_yge25,geo_cov_rur,2022,6.597
col,sex_t,age_ythadult_yge25,geo_cov_rur,2023,5.949
col,sex_t,age_ythadult_yge25,geo_cov_rur,2024,6.079
col,sex_t,age_ythadult_yge25,geo_cov_rur,2025,5.295
col,sex_t,age_ythadult_yge25,geo_cov_urb,2002,12.986
col,sex_t,age_ythadult_yge25,geo_cov_urb,2003,11.882
col,sex_t,age_ythadult_yge25,geo_cov_urb,2004,11.279
col,sex_t,age_ythadult_yge25,geo_cov_urb,2005,9.771
col,sex_t,age_ythadult_yge25,geo_cov_urb,2007,9.516
col,sex_t,age_ythadult_yge25,geo_cov_urb,2008,9.431
col,sex_t,age_ythadult_yge25,geo_cov_urb,2009,10.271
col,sex_t,age_ythadult_yge25,geo_cov_urb,2010,10.01
col,sex_t,age_ythadult_yge25,geo_cov_urb,2011,9.247
col,sex_t,age_ythadult_yge25,geo_cov_urb,2012,9.149
col,sex_t,age_ythadult_yge25,geo_cov_urb,2013,8.623
col,sex_t,age_ythadult_yge25,geo_cov_urb,2014,8.034
col,sex_t,age_ythadult_yge25,geo_cov_urb,2015,8.088
col,sex_t,age_ythadult_yge25,geo_cov_urb,2016,8.613
col,sex_t,age_ythadult_yge25,geo_cov_urb,2017,8.826
col,sex_t,age_ythadult_yge25,geo_cov_urb,2018,9.122
col,sex_t,age_ythadult_yge25,geo_cov_urb,2019,9.95
col,sex_t,age_ythadult_yge25,geo_cov_urb,2020,16.303
col,sex_t,age_ythadult_yge25,geo_cov_urb,2021,13.936
col,sex_t,age_ythadult_yge25,geo_cov_urb,2022,10.428
col,sex_t,age_ythadult_yge25,geo_cov_urb,2023,9.403
col,sex_t,age_ythadult_yge25,geo_cov_urb,2024,9.421
col,sex_t,age_ythadult_yge25,geo_cov_urb,2025,8.162
com,sex_f,age_aggregate_total,geo_cov_nat,2014,35.978
com,sex_f,age_aggregate_total,geo_cov_nat,2021,21.378
com,sex_f,age_aggregate_total,geo_cov_rur,2014,38.063
com,sex_f,age_aggregate_total,geo_cov_rur,2021,19.544
com,sex_f,age_aggregate_total,geo_cov_urb,2014,32.738
com,sex_f,age_aggregate_total,geo_cov_urb,2021,25.021
com,sex_f,age_aggregate_y15_24,geo_cov_nat,2014,61.418
com,sex_f,age_aggregate_y15_24,geo_cov_nat,2021,40.364
com,sex_f,age_aggregate_y15_24,geo_cov_rur,2014,60.001
com,sex_f,age_aggregate_y15_24,geo_cov_rur,2021,35.292
com,sex_f,age_aggregate_y15_24,geo_cov_urb,2014,65.298
com,sex_f,age_aggregate_y15_24,geo_cov_urb,2021,52.045
com,sex_f,age_aggregate_y25_54,geo_cov_nat,2014,33.396
com,sex_f,age_aggregate_y25_54,geo_cov_nat,2021,20.51
com,sex_f,age_aggregate_y25_54,geo_cov_rur,2014,36.158
com,sex_f,age_aggregate_y25_54,geo_cov_rur,2021,19.252
com,sex_f,age_aggregate_y25_54,geo_cov_urb,2014,29.756
com,sex_f,age_aggregate_y25_54,geo_cov_urb,2021,22.81
com,sex_f,age_aggregate_y55_64,geo_cov_nat,2014,10.372
com,sex_f,age_aggregate_y55_64,geo_cov_nat,2021,4.287
com,sex_f,age_aggregate_y55_64,geo_cov_rur,2014,7.469
com,sex_f,age_aggregate_y55_64,geo_cov_rur,2021,3.672
com,sex_f,age_aggregate_y55_64,geo_cov_urb,2014,17.274
com,sex_f,age_aggregate_y55_64,geo_cov_urb,2021,5.741
com,sex_f,age_aggregate_yge65,geo_cov_nat,2014,9.656
com,sex_f,age_ythadult_y15_24,geo_cov_nat,2014,61.418
com,sex_f,age_ythadult_y15_24,geo_cov_nat,2021,40.364
com,sex_f,age_ythadult_y15_24,geo_cov_rur,2014,60.001
com,sex_f,age_ythadult_y15_24,geo_cov_rur,2021,35.292
com,sex_f,age_ythadult_y15_24,geo_cov_urb,2014,65.298
com,sex_f,age_ythadult_y15_24,geo_cov_urb,2021,52.045
com,sex_f,age_ythadult_y15_64,geo_cov_nat,2014,36.841
com,sex_f,age_ythadult_y15_64,geo_cov_nat,2021,22.474
com,sex_f,age_ythadult_y15_64,geo_cov_rur,2014,39.065
com,sex_f,age_ythadult_y15_64,geo_cov_rur,2021,20.716
com,sex_f,age_ythadult_y15_64,geo_cov_urb,2014,33.416
com,sex_f,age_ythadult_y15_64,geo_cov_urb,2021,25.871
com,sex_f,age_ythadult_yge15,geo_cov_nat,2014,35.978
com,sex_f,age_ythadult_yge15,geo_cov_nat,2021,21.378
com,sex_f,age_ythadult_yge15,geo_cov_rur,2014,38.063
com,sex_f,age_ythadult_yge15,geo_cov_rur,2021,19.544
com,sex_f,age_ythadult_yge15,geo_cov_urb,2014,32.738
com,sex_f,age_ythadult_yge15,geo_cov_urb,2021,25.021
com,sex_f,age_ythadult_yge25,geo_cov_nat,2014,30.717
com,sex_f,age_ythadult_yge25,geo_cov_nat,2021,17.912
com,sex_f,age_ythadult_yge25,geo_cov_rur,2014,32.362
com,sex_f,age_ythadult_yge25,geo_cov_rur,2021,16.503
com,sex_f,age_ythadult_yge25,geo_cov_urb,2014,28.417
com,sex_f,age_ythadult_yge25,geo_cov_urb,2021,20.637
com,sex_m,age_aggregate_total,geo_cov_nat,2014,16.391
com,sex_m,age_aggregate_total,geo_cov_nat,2021,11.498
com,sex_m,age_aggregate_total,geo_cov_rur,2014,17.113
com,sex_m,age_aggregate_total,geo_cov_rur,2021,10.29
com,sex_m,age_aggregate_total,geo_cov_urb,2014,15.403
com,sex_m,age_aggregate_total,geo_cov_urb,2021,13.9
com,sex_m,age_aggregate_y15_24,geo_cov_nat,2014,40.637
com,sex_m,age_aggregate_y15_24,geo_cov_nat,2021,31.716
com,sex_m,age_aggregate_y15_24,geo_cov_rur,2014,43.986
com,sex_m,age_aggregate_y15_24,geo_cov_rur,2021,29.596
com,sex_m,age_aggregate_y15_24,geo_cov_urb,2014,35.492
com,sex_m,age_aggregate_y15_24,geo_cov_urb,2021,36.346
com,sex_m,age_aggregate_y25_54,geo_cov_nat,2014,15.222
com,sex_m,age_aggregate_y25_54,geo_cov_nat,2021,8.695
com,sex_m,age_aggregate_y25_54,geo_cov_rur,2014,15.621
com,sex_m,age_aggregate_y25_54,geo_cov_rur,2021,7.411
com,sex_m,age_aggregate_y25_54,geo_cov_urb,2014,14.723
com,sex_m,age_aggregate_y25_54,geo_cov_urb,2021,11.078
com,sex_m,age_aggregate_y55_64,geo_cov_nat,2014,6.116
com,sex_m,age_aggregate_y55_64,geo_cov_nat,2021,3.486
com,sex_m,age_aggregate_y55_64,geo_cov_rur,2014,6.993
com,sex_m,age_aggregate_y55_64,geo_cov_rur,2021,3.701
com,sex_m,age_aggregate_y55_64,geo_cov_urb,2014,4.413
com,sex_m,age_aggregate_yge65,geo_cov_nat,2014,5.276
com,sex_m,age_aggregate_yge65,geo_cov_rur,2014,5.593
com,sex_m,age_aggregate_yge65,geo_cov_urb,2014,4.718
com,sex_m,age_ythadult_y15_24,geo_cov_nat,2014,40.637
com,sex_m,age_ythadult_y15_24,geo_cov_nat,2021,31.716
com,sex_m,age_ythadult_y15_24,geo_cov_rur,2014,43.986
com,sex_m,age_ythadult_y15_24,geo_cov_rur,2021,29.596
com,sex_m,age_ythadult_y15_24,geo_cov_urb,2014,35.492
com,sex_m,age_ythadult_y15_24,geo_cov_urb,2021,36.346
com,sex_m,age_ythadult_y15_64,geo_cov_nat,2014,17.144
com,sex_m,age_ythadult_y15_64,geo_cov_nat,2021,12.147
com,sex_m,age_ythadult_y15_64,geo_cov_rur,2014,17.979
com,sex_m,age_ythadult_y15_64,geo_cov_rur,2021,11.017
com,sex_m,age_ythadult_y15_64,geo_cov_urb,2014,16.018
com,sex_m,age_ythadult_y15_64,geo_cov_urb,2021,14.344
com,sex_m,age_ythadult_yge15,geo_cov_nat,2014,16.391
com,sex_m,age_ythadult_yge15,geo_cov_nat,2021,11.498
com,sex_m,age_ythadult_yge15,geo_cov_rur,2014,17.113
com,sex_m,age_ythadult_yge15,geo_cov_rur,2021,10.29
com,sex_m,age_ythadult_yge15,geo_cov_urb,2014,15.403
com,sex_m,age_ythadult_yge15,geo_cov_urb,2021,13.9
com,sex_m,age_ythadult_yge25,geo_cov_nat,2014,13.386
com,sex_m,age_ythadult_yge25,geo_cov_nat,2021,7.53
com,sex_m,age_ythadult_yge25,geo_cov_rur,2014,13.601
com,sex_m,age_ythadult_yge25,geo_cov_rur,2021,6.361
com,sex_m,age_ythadult_yge25,geo_cov_urb,2014,13.094
com,sex_m,age_ythadult_yge25,geo_cov_urb,2021,9.814
com,sex_t,age_aggregate_total,geo_cov_nat,2014,25.079
com,sex_t,age_aggregate_total,geo_cov_nat,2021,16.081
com,sex_t,age_aggregate_total,geo_cov_rur,2014,26.671
com,sex_t,age_aggregate_total,geo_cov_rur,2021,14.582
com,sex_t,age_aggregate_total,geo_cov_urb,2014,22.772
com,sex_t,age_aggregate_total,geo_cov_urb,2021,19.061
com,sex_t,age_aggregate_y15_24,geo_cov_nat,2014,52.135
com,sex_t,age_aggregate_y15_24,geo_cov_nat,2021,35.597
com,sex_t,age_aggregate_y15_24,geo_cov_rur,2014,53.588
com,sex_t,age_aggregate_y15_24,geo_cov_rur,2021,32.176
com,sex_t,age_aggregate_y15_24,geo_cov_urb,2014,49.105
com,sex_t,age_aggregate_y15_24,geo_cov_urb,2021,43.249
com,sex_t,age_aggregate_y25_54,geo_cov_nat,2014,23.388
com,sex_t,age_aggregate_y25_54,geo_cov_nat,2021,14.383
com,sex_t,age_aggregate_y25_54,geo_cov_rur,2014,24.962
com,sex_t,age_aggregate_y25_54,geo_cov_rur,2021,13.096
com,sex_t,age_aggregate_y25_54,geo_cov_urb,2014,21.372
com,sex_t,age_aggregate_y25_54,geo_cov_urb,2021,16.753
com,sex_t,age_aggregate_y55_64,geo_cov_nat,2014,7.458
com,sex_t,age_aggregate_y55_64,geo_cov_nat,2021,3.793
com,sex_t,age_aggregate_y55_64,geo_cov_rur,2014,7.15
com,sex_t,age_aggregate_y55_64,geo_cov_rur,2021,3.69
com,sex_t,age_aggregate_y55_64,geo_cov_urb,2014,8.094
com,sex_t,age_aggregate_y55_64,geo_cov_urb,2021,4.027
com,sex_t,age_aggregate_yge65,geo_cov_nat,2014,6.525
com,sex_t,age_aggregate_yge65,geo_cov_nat,2021,1.101
com,sex_t,age_aggregate_yge65,geo_cov_rur,2014,7.055
com,sex_t,age_aggregate_yge65,geo_cov_urb,2014,5.549
com,sex_t,age_ythadult_y15_24,geo_cov_nat,2014,52.135
com,sex_t,age_ythadult_y15_24,geo_cov_nat,2021,35.597
com,sex_t,age_ythadult_y15_24,geo_cov_rur,2014,53.588
com,sex_t,age_ythadult_y15_24,geo_cov_rur,2021,32.176
com,sex_t,age_ythadult_y15_24,geo_cov_urb,2014,49.105
com,sex_t,age_ythadult_y15_24,geo_cov_urb,2021,43.249
com,sex_t,age_ythadult_y15_64,geo_cov_nat,2014,26.042
com,sex_t,age_ythadult_y15_64,geo_cov_nat,2021,16.966
com,sex_t,age_ythadult_y15_64,geo_cov_rur,2014,27.792
com,sex_t,age_ythadult_y15_64,geo_cov_rur,2021,15.539
com,sex_t,age_ythadult_y15_64,geo_cov_urb,2014,23.539
com,sex_t,age_ythadult_y15_64,geo_cov_urb,2021,19.732
com,sex_t,age_ythadult_yge15,geo_cov_nat,2014,25.079
com,sex_t,age_ythadult_yge15,geo_cov_nat,2021,16.081
com,sex_t,age_ythadult_yge15,geo_cov_rur,2014,26.671
com,sex_t,age_ythadult_yge15,geo_cov_rur,2021,14.582
com,sex_t,age_ythadult_yge15,geo_cov_urb,2014,22.772
com,sex_t,age_ythadult_yge15,geo_cov_urb,2021,19.061
com,sex_t,age_ythadult_yge25,geo_cov_nat,2014,20.77
com,sex_t,age_ythadult_yge25,geo_cov_nat,2021,12.376
com,sex_t,age_ythadult_yge25,geo_cov_rur,2014,21.66
com,sex_t,age_ythadult_yge25,geo_cov_rur,2021,11.087
com,sex_t,age_ythadult_yge25,geo_cov_urb,2014,19.549
com,sex_t,age_ythadult_yge25,geo_cov_urb,2021,14.883
cpv,sex_f,age_aggregate_total,geo_cov_nat,2009,34.233
cpv,sex_f,age_aggregate_total,geo_cov_nat,2015,43.223
cpv,sex_f,age_aggregate_total,geo_cov_rur,2009,37.007
cpv,sex_f,age_aggregate_total,geo_cov_rur,2015,47.704
cpv,sex_f,age_aggregate_total,geo_cov_urb,2009,32.504
cpv,sex_f,age_aggregate_total,geo_cov_urb,2015,40.881
cpv,sex_f,age_aggregate_y15_24,geo_cov_nat,2009,55.664
cpv,sex_f,age_aggregate_y15_24,geo_cov_nat,2015,77.381
cpv,sex_f,age_aggregate_y15_24,geo_cov_rur,2009,56.682
cpv,sex_f,age_aggregate_y15_24,geo_cov_rur,2015,75.188
cpv,sex_f,age_aggregate_y15_24,geo_cov_urb,2009,54.932
cpv,sex_f,age_aggregate_y15_24,geo_cov_urb,2015,78.613
cpv,sex_f,age_aggregate_y25_54,geo_cov_nat,2009,26.491
cpv,sex_f,age_aggregate_y25_54,geo_cov_nat,2015,30.672
cpv,sex_f,age_aggregate_y25_54,geo_cov_rur,2009,30.053
cpv,sex_f,age_aggregate_y25_54,geo_cov_rur,2015,37.786
cpv,sex_f,age_aggregate_y25_54,geo_cov_urb,2009,24.552
cpv,sex_f,age_aggregate_y25_54,geo_cov_urb,2015,27.064
cpv,sex_f,age_aggregate_y55_64,geo_cov_nat,2009,23.515
cpv,sex_f,age_aggregate_y55_64,geo_cov_nat,2015,35.029
cpv,sex_f,age_aggregate_y55_64,geo_cov_rur,2009,21.945
cpv,sex_f,age_aggregate_y55_64,geo_cov_rur,2015,41.28
cpv,sex_f,age_aggregate_y55_64,geo_cov_urb,2009,24.901
cpv,sex_f,age_aggregate_y55_64,geo_cov_urb,2015,31.859
cpv,sex_f,age_aggregate_yge65,geo_cov_nat,2009,25.586
cpv,sex_f,age_aggregate_yge65,geo_cov_nat,2015,44.327
cpv,sex_f,age_aggregate_yge65,geo_cov_rur,2009,23.688
cpv,sex_f,age_aggregate_yge65,geo_cov_rur,2015,22.143
cpv,sex_f,age_aggregate_yge65,geo_cov_urb,2009,27.596
cpv,sex_f,age_aggregate_yge65,geo_cov_urb,2015,57.562
cpv,sex_f,age_ythadult_y15_24,geo_cov_nat,2009,55.664
cpv,sex_f,age_ythadult_y15_24,geo_cov_nat,2015,77.381
cpv,sex_f,age_ythadult_y15_24,geo_cov_rur,2009,56.682
cpv,sex_f,age_ythadult_y15_24,geo_cov_rur,2015,75.188
cpv,sex_f,age_ythadult_y15_24,geo_cov_urb,2009,54.932
cpv,sex_f,age_ythadult_y15_24,geo_cov_urb,2015,78.613
cpv,sex_f,age_ythadult_y15_64,geo_cov_nat,2009,34.596
cpv,sex_f,age_ythadult_y15_64,geo_cov_nat,2015,43.199
cpv,sex_f,age_ythadult_y15_64,geo_cov_rur,2009,37.766
cpv,sex_f,age_ythadult_y15_64,geo_cov_rur,2015,48.302
cpv,sex_f,age_ythadult_y15_64,geo_cov_urb,2009,32.665
cpv,sex_f,age_ythadult_y15_64,geo_cov_urb,2015,40.541
cpv,sex_f,age_ythadult_yge15,geo_cov_nat,2009,34.233
cpv,sex_f,age_ythadult_yge15,geo_cov_nat,2015,43.223
cpv,sex_f,age_ythadult_yge15,geo_cov_rur,2009,37.007
cpv,sex_f,age_ythadult_yge15,geo_cov_rur,2015,47.704
cpv,sex_f,age_ythadult_yge15,geo_cov_urb,2009,32.504
cpv,sex_f,age_ythadult_yge15,geo_cov_urb,2015,40.881
cpv,sex_f,age_ythadult_yge25,geo_cov_nat,2009,26.188
cpv,sex_f,age_ythadult_yge25,geo_cov_nat,2015,31.522
cpv,sex_f,age_ythadult_yge25,geo_cov_rur,2009,28.695
cpv,sex_f,age_ythadult_yge25,geo_cov_rur,2015,37.67
cpv,sex_f,age_ythadult_yge25,geo_cov_urb,2009,24.707
cpv,sex_f,age_ythadult_yge25,geo_cov_urb,2015,28.39
cpv,sex_m,age_aggregate_total,geo_cov_nat,2009,25.315
cpv,sex_m,age_aggregate_total,geo_cov_nat,2015,37.281
cpv,sex_m,age_aggregate_total,geo_cov_rur,2009,24.024
cpv,sex_m,age_aggregate_total,geo_cov_rur,2015,38.836
cpv,sex_m,age_aggregate_total,geo_cov_urb,2009,26.097
cpv,sex_m,age_aggregate_total,geo_cov_urb,2015,36.438
cpv,sex_m,age_aggregate_y15_24,geo_cov_nat,2009,46.133
cpv,sex_m,age_aggregate_y15_24,geo_cov_nat,2015,66.705
cpv,sex_m,age_aggregate_y15_24,geo_cov_rur,2009,40.112
cpv,sex_m,age_aggregate_y15_24,geo_cov_rur,2015,63.181
cpv,sex_m,age_aggregate_y15_24,geo_cov_urb,2009,50.823
cpv,sex_m,age_aggregate_y15_24,geo_cov_urb,2015,69.212
cpv,sex_m,age_aggregate_y25_54,geo_cov_nat,2009,15.415
cpv,sex_m,age_aggregate_y25_54,geo_cov_nat,2015,26.47
cpv,sex_m,age_aggregate_y25_54,geo_cov_rur,2009,15.85
cpv,sex_m,age_aggregate_y25_54,geo_cov_rur,2015,27.26
cpv,sex_m,age_aggregate_y25_54,geo_cov_urb,2009,15.199
cpv,sex_m,age_aggregate_y25_54,geo_cov_urb,2015,26.068
cpv,sex_m,age_aggregate_y55_64,geo_cov_nat,2009,14.697
cpv,sex_m,age_aggregate_y55_64,geo_cov_nat,2015,25.178
cpv,sex_m,age_aggregate_y55_64,geo_cov_rur,2009,11.084
cpv,sex_m,age_aggregate_y55_64,geo_cov_rur,2015,35.284
cpv,sex_m,age_aggregate_y55_64,geo_cov_urb,2009,17.068
cpv,sex_m,age_aggregate_y55_64,geo_cov_urb,2015,21.482
cpv,sex_m,age_aggregate_yge65,geo_cov_nat,2009,22.308
cpv,sex_m,age_aggregate_yge65,geo_cov_nat,2015,28.247
cpv,sex_m,age_aggregate_yge65,geo_cov_rur,2009,10.323
cpv,sex_m,age_aggregate_yge65,geo_cov_urb,2009,34.437
cpv,sex_m,age_aggregate_yge65,geo_cov_urb,2015,36.023
cpv,sex_m,age_ythadult_y15_24,geo_cov_nat,2009,46.133
cpv,sex_m,age_ythadult_y15_24,geo_cov_nat,2015,66.705
cpv,sex_m,age_ythadult_y15_24,geo_cov_rur,2009,40.112
cpv,sex_m,age_ythadult_y15_24,geo_cov_rur,2015,63.181
cpv,sex_m,age_ythadult_y15_24,geo_cov_urb,2009,50.823
cpv,sex_m,age_ythadult_y15_24,geo_cov_urb,2015,69.212
cpv,sex_m,age_ythadult_y15_64,geo_cov_nat,2009,25.475
cpv,sex_m,age_ythadult_y15_64,geo_cov_nat,2015,37.497
cpv,sex_m,age_ythadult_y15_64,geo_cov_rur,2009,25.012
cpv,sex_m,age_ythadult_y15_64,geo_cov_rur,2015,39.415
cpv,sex_m,age_ythadult_y15_64,geo_cov_urb,2009,25.747
cpv,sex_m,age_ythadult_y15_64,geo_cov_urb,2015,36.449
cpv,sex_m,age_ythadult_yge15,geo_cov_nat,2009,25.315
cpv,sex_m,age_ythadult_yge15,geo_cov_nat,2015,37.281
cpv,sex_m,age_ythadult_yge15,geo_cov_rur,2009,24.024
cpv,sex_m,age_ythadult_yge15,geo_cov_rur,2015,38.836
cpv,sex_m,age_ythadult_yge15,geo_cov_urb,2009,26.097
cpv,sex_m,age_ythadult_yge15,geo_cov_urb,2015,36.438
cpv,sex_m,age_ythadult_yge25,geo_cov_nat,2009,15.869
cpv,sex_m,age_ythadult_yge25,geo_cov_nat,2015,26.393
cpv,sex_m,age_ythadult_yge25,geo_cov_rur,2009,14.879
cpv,sex_m,age_ythadult_yge25,geo_cov_rur,2015,27.417
cpv,sex_m,age_ythadult_yge25,geo_cov_urb,2009,16.401
cpv,sex_m,age_ythadult_yge25,geo_cov_urb,2015,25.893
cpv,sex_t,age_aggregate_total,geo_cov_nat,2009,29.683
cpv,sex_t,age_aggregate_total,geo_cov_nat,2015,40.334
cpv,sex_t,age_aggregate_total,geo_cov_rur,2009,30.443
cpv,sex_t,age_aggregate_total,geo_cov_rur,2015,43.338
cpv,sex_t,age_aggregate_total,geo_cov_urb,2009,29.216
cpv,sex_t,age_aggregate_total,geo_cov_urb,2015,38.735
cpv,sex_t,age_aggregate_y15_24,geo_cov_nat,2009,50.482
cpv,sex_t,age_aggregate_y15_24,geo_cov_nat,2015,72.038
cpv,sex_t,age_aggregate_y15_24,geo_cov_rur,2009,47.483
cpv,sex_t,age_aggregate_y15_24,geo_cov_rur,2015,68.746
cpv,sex_t,age_aggregate_y15_24,geo_cov_urb,2009,52.733
cpv,sex_t,age_aggregate_y15_24,geo_cov_urb,2015,74.123
cpv,sex_t,age_aggregate_y25_54,geo_cov_nat,2009,21.008
cpv,sex_t,age_aggregate_y25_54,geo_cov_nat,2015,28.65
cpv,sex_t,age_aggregate_y25_54,geo_cov_rur,2009,23.231
cpv,sex_t,age_aggregate_y25_54,geo_cov_rur,2015,32.719
cpv,sex_t,age_aggregate_y25_54,geo_cov_urb,2009,19.85
cpv,sex_t,age_aggregate_y25_54,geo_cov_urb,2015,26.585
cpv,sex_t,age_aggregate_y55_64,geo_cov_nat,2009,19.513
cpv,sex_t,age_aggregate_y55_64,geo_cov_nat,2015,30.373
cpv,sex_t,age_aggregate_y55_64,geo_cov_rur,2009,17.463
cpv,sex_t,age_aggregate_y55_64,geo_cov_rur,2015,38.783
cpv,sex_t,age_aggregate_y55_64,geo_cov_urb,2009,21.096
cpv,sex_t,age_aggregate_y55_64,geo_cov_urb,2015,26.699
cpv,sex_t,age_aggregate_yge65,geo_cov_nat,2009,23.731
cpv,sex_t,age_aggregate_yge65,geo_cov_nat,2015,36.082
cpv,sex_t,age_aggregate_yge65,geo_cov_rur,2009,16.196
cpv,sex_t,age_aggregate_yge65,geo_cov_rur,2015,16.004
cpv,sex_t,age_aggregate_yge65,geo_cov_urb,2009,31.507
cpv,sex_t,age_aggregate_yge65,geo_cov_urb,2015,45.767
cpv,sex_t,age_ythadult_y15_24,geo_cov_nat,2009,50.482
cpv,sex_t,age_ythadult_y15_24,geo_cov_nat,2015,72.038
cpv,sex_t,age_ythadult_y15_24,geo_cov_rur,2009,47.483
cpv,sex_t,age_ythadult_y15_24,geo_cov_rur,2015,68.746
cpv,sex_t,age_ythadult_y15_24,geo_cov_urb,2009,52.733
cpv,sex_t,age_ythadult_y15_24,geo_cov_urb,2015,74.123
cpv,sex_t,age_ythadult_y15_64,geo_cov_nat,2009,29.966
cpv,sex_t,age_ythadult_y15_64,geo_cov_nat,2015,40.43
cpv,sex_t,age_ythadult_y15_64,geo_cov_rur,2009,31.363
cpv,sex_t,age_ythadult_y15_64,geo_cov_rur,2015,43.917
cpv,sex_t,age_ythadult_y15_64,geo_cov_urb,2009,29.13
cpv,sex_t,age_ythadult_y15_64,geo_cov_urb,2015,38.57
cpv,sex_t,age_ythadult_yge15,geo_cov_nat,2009,29.683
cpv,sex_t,age_ythadult_yge15,geo_cov_nat,2015,40.334
cpv,sex_t,age_ythadult_yge15,geo_cov_rur,2009,30.443
cpv,sex_t,age_ythadult_yge15,geo_cov_rur,2015,43.338
cpv,sex_t,age_ythadult_yge15,geo_cov_urb,2009,29.216
cpv,sex_t,age_ythadult_yge15,geo_cov_urb,2015,38.735
cpv,sex_t,age_ythadult_yge25,geo_cov_nat,2009,21.066
cpv,sex_t,age_ythadult_yge25,geo_cov_nat,2015,29.054
cpv,sex_t,age_ythadult_yge25,geo_cov_rur,2009,22.047
cpv,sex_t,age_ythadult_yge25,geo_cov_rur,2015,32.811
cpv,sex_t,age_ythadult_yge25,geo_cov_urb,2009,20.513
cpv,sex_t,age_ythadult_yge25,geo_cov_urb,2015,27.18
cri,sex_f,age_aggregate_total,geo_cov_nat,2012,22.214
cri,sex_f,age_aggregate_total,geo_cov_nat,2013,23.14
cri,sex_f,age_aggregate_total,geo_cov_nat,2014,21.201
cri,sex_f,age_aggregate_total,geo_cov_nat,2015,20.228
cri,sex_f,age_aggregate_total,geo_cov_nat,2016,21.474
cri,sex_f,age_aggregate_total,geo_cov_nat,2017,18.358
cri,sex_f,age_aggregate_total,geo_cov_nat,2018,18.879
cri,sex_f,age_aggregate_total,geo_cov_nat,2019,19.898
cri,sex_f,age_aggregate_total,geo_cov_nat,2020,31.833
cri,sex_f,age_aggregate_total,geo_cov_nat,2021,21.622
cri,sex_f,age_aggregate_total,geo_cov_nat,2022,16.35
cri,sex_f,age_aggregate_total,geo_cov_rur,2012,30.773
cri,sex_f,age_aggregate_total,geo_cov_rur,2013,28.839
cri,sex_f,age_aggregate_total,geo_cov_rur,2014,27.142
cri,sex_f,age_aggregate_total,geo_cov_rur,2015,25.313
cri,sex_f,age_aggregate_total,geo_cov_rur,2016,25.815
cri,sex_f,age_aggregate_total,geo_cov_rur,2017,24.106
cri,sex_f,age_aggregate_total,geo_cov_rur,2018,22.574
cri,sex_f,age_aggregate_total,geo_cov_rur,2019,25.008
cri,sex_f,age_aggregate_total,geo_cov_rur,2020,35.388
cri,sex_f,age_aggregate_total,geo_cov_rur,2021,27.187
cri,sex_f,age_aggregate_total,geo_cov_rur,2022,21.801
cri,sex_f,age_aggregate_total,geo_cov_urb,2012,20.006
cri,sex_f,age_aggregate_total,geo_cov_urb,2013,21.682
cri,sex_f,age_aggregate_total,geo_cov_urb,2014,19.646
cri,sex_f,age_aggregate_total,geo_cov_urb,2015,18.833
cri,sex_f,age_aggregate_total,geo_cov_urb,2016,20.297
cri,sex_f,age_aggregate_total,geo_cov_urb,2017,16.78
cri,sex_f,age_aggregate_total,geo_cov_urb,2018,17.931
cri,sex_f,age_aggregate_total,geo_cov_urb,2019,18.541
cri,sex_f,age_aggregate_total,geo_cov_urb,2020,30.895
cri,sex_f,age_aggregate_total,geo_cov_urb,2021,20.16
cri,sex_f,age_aggregate_total,geo_cov_urb,2022,14.948
cri,sex_f,age_aggregate_y15_24,geo_cov_nat,2012,39.448
cri,sex_f,age_aggregate_y15_24,geo_cov_nat,2013,40.042
cri,sex_f,age_aggregate_y15_24,geo_cov_nat,2014,40.916
cri,sex_f,age_aggregate_y15_24,geo_cov_nat,2015,36.728
cri,sex_f,age_aggregate_y15_24,geo_cov_nat,2016,38.308
cri,sex_f,age_aggregate_y15_24,geo_cov_nat,2017,33.511
cri,sex_f,age_aggregate_y15_24,geo_cov_nat,2018,34.312
cri,sex_f,age_aggregate_y15_24,geo_cov_nat,2019,37.315
cri,sex_f,age_aggregate_y15_24,geo_cov_nat,2020,58.528
cri,sex_f,age_aggregate_y15_24,geo_cov_nat,2021,39.785
cri,sex_f,age_aggregate_y15_24,geo_cov_nat,2022,33.26
cri,sex_f,age_aggregate_y15_24,geo_cov_rur,2012,49.675
cri,sex_f,age_aggregate_y15_24,geo_cov_rur,2013,47.84
cri,sex_f,age_aggregate_y15_24,geo_cov_rur,2014,49.185
cri,sex_f,age_aggregate_y15_24,geo_cov_rur,2015,43.615
cri,sex_f,age_aggregate_y15_24,geo_cov_rur,2016,45.568
cri,sex_f,age_aggregate_y15_24,geo_cov_rur,2017,40.795
cri,sex_f,age_aggregate_y15_24,geo_cov_rur,2018,42.512
cri,sex_f,age_aggregate_y15_24,geo_cov_rur,2019,44.729
cri,sex_f,age_aggregate_y15_24,geo_cov_rur,2020,59.814
cri,sex_f,age_aggregate_y15_24,geo_cov_rur,2021,46.048
cri,sex_f,age_aggregate_y15_24,geo_cov_rur,2022,48.014
cri,sex_f,age_aggregate_y15_24,geo_cov_urb,2012,36.272
cri,sex_f,age_aggregate_y15_24,geo_cov_urb,2013,37.859
cri,sex_f,age_aggregate_y15_24,geo_cov_urb,2014,38.277
cri,sex_f,age_aggregate_y15_24,geo_cov_urb,2015,34.329
cri,sex_f,age_aggregate_y15_24,geo_cov_urb,2016,36.167
cri,sex_f,age_aggregate_y15_24,geo_cov_urb,2017,31.055
cri,sex_f,age_aggregate_y15_24,geo_cov_urb,2018,31.916
cri,sex_f,age_aggregate_y15_24,geo_cov_urb,2019,35.144
cri,sex_f,age_aggregate_y15_24,geo_cov_urb,2020,58.129
cri,sex_f,age_aggregate_y15_24,geo_cov_urb,2021,38.144
cri,sex_f,age_aggregate_y15_24,geo_cov_urb,2022,29.522
cri,sex_f,age_aggregate_y25_54,geo_cov_nat,2012,17.504
cri,sex_f,age_aggregate_y25_54,geo_cov_nat,2013,18.869
cri,sex_f,age_aggregate_y25_54,geo_cov_nat,2014,17.149
cri,sex_f,age_aggregate_y25_54,geo_cov_nat,2015,16.663
cri,sex_f,age_aggregate_y25_54,geo_cov_nat,2016,17.761
cri,sex_f,age_aggregate_y25_54,geo_cov_nat,2017,15.145
cri,sex_f,age_aggregate_y25_54,geo_cov_nat,2018,16.255
cri,sex_f,age_aggregate_y25_54,geo_cov_nat,2019,16.895
cri,sex_f,age_aggregate_y25_54,geo_cov_nat,2020,27.883
cri,sex_f,age_aggregate_y25_54,geo_cov_nat,2021,19.167
cri,sex_f,age_aggregate_y25_54,geo_cov_nat,2022,13.711
cri,sex_f,age_aggregate_y25_54,geo_cov_rur,2012,24.973
cri,sex_f,age_aggregate_y25_54,geo_cov_rur,2013,24.113
cri,sex_f,age_aggregate_y25_54,geo_cov_rur,2014,21.591
cri,sex_f,age_aggregate_y25_54,geo_cov_rur,2015,21.101
cri,sex_f,age_aggregate_y25_54,geo_cov_rur,2016,21.542
cri,sex_f,age_aggregate_y25_54,geo_cov_rur,2017,21.379
cri,sex_f,age_aggregate_y25_54,geo_cov_rur,2018,19.513
cri,sex_f,age_aggregate_y25_54,geo_cov_rur,2019,21.86
cri,sex_f,age_aggregate_y25_54,geo_cov_rur,2020,31.884
cri,sex_f,age_aggregate_y25_54,geo_cov_rur,2021,25.206
cri,sex_f,age_aggregate_y25_54,geo_cov_rur,2022,17.781
cri,sex_f,age_aggregate_y25_54,geo_cov_urb,2012,15.559
cri,sex_f,age_aggregate_y25_54,geo_cov_urb,2013,17.485
cri,sex_f,age_aggregate_y25_54,geo_cov_urb,2014,15.992
cri,sex_f,age_aggregate_y25_54,geo_cov_urb,2015,15.459
cri,sex_f,age_aggregate_y25_54,geo_cov_urb,2016,16.7
cri,sex_f,age_aggregate_y25_54,geo_cov_urb,2017,13.424
cri,sex_f,age_aggregate_y25_54,geo_cov_urb,2018,15.396
cri,sex_f,age_aggregate_y25_54,geo_cov_urb,2019,15.554
cri,sex_f,age_aggregate_y25_54,geo_cov_urb,2020,26.811
cri,sex_f,age_aggregate_y25_54,geo_cov_urb,2021,17.51
cri,sex_f,age_aggregate_y25_54,geo_cov_urb,2022,12.619
cri,sex_f,age_aggregate_y55_64,geo_cov_nat,2012,21.228
cri,sex_f,age_aggregate_y55_64,geo_cov_nat,2013,18.715
cri,sex_f,age_aggregate_y55_64,geo_cov_nat,2014,16.659
cri,sex_f,age_aggregate_y55_64,geo_cov_nat,2015,16.739
cri,sex_f,age_aggregate_y55_64,geo_cov_nat,2016,17.882
cri,sex_f,age_aggregate_y55_64,geo_cov_nat,2017,16.821
cri,sex_f,age_aggregate_y55_64,geo_cov_nat,2018,14.464
cri,sex_f,age_aggregate_y55_64,geo_cov_nat,2019,18.434
cri,sex_f,age_aggregate_y55_64,geo_cov_nat,2020,28.546
cri,sex_f,age_aggregate_y55_64,geo_cov_nat,2021,16.597
cri,sex_f,age_aggregate_y55_64,geo_cov_nat,2022,13.362
cri,sex_f,age_aggregate_y55_64,geo_cov_rur,2012,30.458
cri,sex_f,age_aggregate_y55_64,geo_cov_rur,2013,24.693
cri,sex_f,age_aggregate_y55_64,geo_cov_rur,2014,22.031
cri,sex_f,age_aggregate_y55_64,geo_cov_rur,2015,19.154
cri,sex_f,age_aggregate_y55_64,geo_cov_rur,2016,17.514
cri,sex_f,age_aggregate_y55_64,geo_cov_rur,2017,14.201
cri,sex_f,age_aggregate_y55_64,geo_cov_rur,2018,15.578
cri,sex_f,age_aggregate_y55_64,geo_cov_rur,2019,21.276
cri,sex_f,age_aggregate_y55_64,geo_cov_rur,2020,29.427
cri,sex_f,age_aggregate_y55_64,geo_cov_rur,2021,19.489
cri,sex_f,age_aggregate_y55_64,geo_cov_rur,2022,19.586
cri,sex_f,age_aggregate_y55_64,geo_cov_urb,2012,19.674
cri,sex_f,age_aggregate_y55_64,geo_cov_urb,2013,17.665
cri,sex_f,age_aggregate_y55_64,geo_cov_urb,2014,15.586
cri,sex_f,age_aggregate_y55_64,geo_cov_urb,2015,16.247
cri,sex_f,age_aggregate_y55_64,geo_cov_urb,2016,17.955
cri,sex_f,age_aggregate_y55_64,geo_cov_urb,2017,17.393
cri,sex_f,age_aggregate_y55_64,geo_cov_urb,2018,14.232
cri,sex_f,age_aggregate_y55_64,geo_cov_urb,2019,17.801
cri,sex_f,age_aggregate_y55_64,geo_cov_urb,2020,28.359
cri,sex_f,age_aggregate_y55_64,geo_cov_urb,2021,16.009
cri,sex_f,age_aggregate_y55_64,geo_cov_urb,2022,11.939
cri,sex_f,age_aggregate_yge65,geo_cov_nat,2012,24.868
cri,sex_f,age_aggregate_yge65,geo_cov_nat,2013,40.255
cri,sex_f,age_aggregate_yge65,geo_cov_nat,2014,20.357
cri,sex_f,age_aggregate_yge65,geo_cov_nat,2015,23.718
cri,sex_f,age_aggregate_yge65,geo_cov_nat,2016,21.923
cri,sex_f,age_aggregate_yge65,geo_cov_nat,2017,21.503
cri,sex_f,age_aggregate_yge65,geo_cov_nat,2018,25.814
cri,sex_f,age_aggregate_yge65,geo_cov_nat,2019,18.382
cri,sex_f,age_aggregate_yge65,geo_cov_nat,2020,27.229
cri,sex_f,age_aggregate_yge65,geo_cov_nat,2021,17.983
cri,sex_f,age_aggregate_yge65,geo_cov_nat,2022,18.191
cri,sex_f,age_aggregate_yge65,geo_cov_rur,2012,23.036
cri,sex_f,age_aggregate_yge65,geo_cov_rur,2013,26.582
cri,sex_f,age_aggregate_yge65,geo_cov_rur,2014,25.442
cri,sex_f,age_aggregate_yge65,geo_cov_rur,2016,27.682
cri,sex_f,age_aggregate_yge65,geo_cov_rur,2020,19.66
cri,sex_f,age_aggregate_yge65,geo_cov_urb,2012,25.164
cri,sex_f,age_aggregate_yge65,geo_cov_urb,2013,42.778
cri,sex_f,age_aggregate_yge65,geo_cov_urb,2014,19.523
cri,sex_f,age_aggregate_yge65,geo_cov_urb,2015,26.058
cri,sex_f,age_aggregate_yge65,geo_cov_urb,2016,20.793
cri,sex_f,age_aggregate_yge65,geo_cov_urb,2017,22.833
cri,sex_f,age_aggregate_yge65,geo_cov_urb,2018,27.775
cri,sex_f,age_aggregate_yge65,geo_cov_urb,2019,19.395
cri,sex_f,age_aggregate_yge65,geo_cov_urb,2020,28.724
cri,sex_f,age_aggregate_yge65,geo_cov_urb,2021,19.286
cri,sex_f,age_aggregate_yge65,geo_cov_urb,2022,19.19
cri,sex_f,age_ythadult_y15_24,geo_cov_nat,2012,39.448
cri,sex_f,age_ythadult_y15_24,geo_cov_nat,2013,40.042
cri,sex_f,age_ythadult_y15_24,geo_cov_nat,2014,40.916
cri,sex_f,age_ythadult_y15_24,geo_cov_nat,2015,36.728
cri,sex_f,age_ythadult_y15_24,geo_cov_nat,2016,38.308
cri,sex_f,age_ythadult_y15_24,geo_cov_nat,2017,33.511
cri,sex_f,age_ythadult_y15_24,geo_cov_nat,2018,34.312
cri,sex_f,age_ythadult_y15_24,geo_cov_nat,2019,37.315
cri,sex_f,age_ythadult_y15_24,geo_cov_nat,2020,58.528
cri,sex_f,age_ythadult_y15_24,geo_cov_nat,2021,39.785
cri,sex_f,age_ythadult_y15_24,geo_cov_nat,2022,33.26
cri,sex_f,age_ythadult_y15_24,geo_cov_rur,2012,49.675
cri,sex_f,age_ythadult_y15_24,geo_cov_rur,2013,47.84
cri,sex_f,age_ythadult_y15_24,geo_cov_rur,2014,49.185
cri,sex_f,age_ythadult_y15_24,geo_cov_rur,2015,43.615
cri,sex_f,age_ythadult_y15_24,geo_cov_rur,2016,45.568
cri,sex_f,age_ythadult_y15_24,geo_cov_rur,2017,40.795
cri,sex_f,age_ythadult_y15_24,geo_cov_rur,2018,42.512
cri,sex_f,age_ythadult_y15_24,geo_cov_rur,2019,44.729
cri,sex_f,age_ythadult_y15_24,geo_cov_rur,2020,59.814
cri,sex_f,age_ythadult_y15_24,geo_cov_rur,2021,46.048
cri,sex_f,age_ythadult_y15_24,geo_cov_rur,2022,48.014
cri,sex_f,age_ythadult_y15_24,geo_cov_urb,2012,36.272
cri,sex_f,age_ythadult_y15_24,geo_cov_urb,2013,37.859
cri,sex_f,age_ythadult_y15_24,geo_cov_urb,2014,38.277
cri,sex_f,age_ythadult_y15_24,geo_cov_urb,2015,34.329
cri,sex_f,age_ythadult_y15_24,geo_cov_urb,2016,36.167
cri,sex_f,age_ythadult_y15_24,geo_cov_urb,2017,31.055
cri,sex_f,age_ythadult_y15_24,geo_cov_urb,2018,31.916
cri,sex_f,age_ythadult_y15_24,geo_cov_urb,2019,35.144
cri,sex_f,age_ythadult_y15_24,geo_cov_urb,2020,58.129
cri,sex_f,age_ythadult_y15_24,geo_cov_urb,2021,38.144
cri,sex_f,age_ythadult_y15_24,geo_cov_urb,2022,29.522
cri,sex_f,age_ythadult_y15_64,geo_cov_nat,2012,22.157
cri,sex_f,age_ythadult_y15_64,geo_cov_nat,2013,22.793
cri,sex_f,age_ythadult_y15_64,geo_cov_nat,2014,21.218
cri,sex_f,age_ythadult_y15_64,geo_cov_nat,2015,20.136
cri,sex_f,age_ythadult_y15_64,geo_cov_nat,2016,21.462
cri,sex_f,age_ythadult_y15_64,geo_cov_nat,2017,18.276
cri,sex_f,age_ythadult_y15_64,geo_cov_nat,2018,18.666
cri,sex_f,age_ythadult_y15_64,geo_cov_nat,2019,19.934
cri,sex_f,age_ythadult_y15_64,geo_cov_nat,2020,31.966
cri,sex_f,age_ythadult_y15_64,geo_cov_nat,2021,21.714
cri,sex_f,age_ythadult_y15_64,geo_cov_nat,2022,16.302
cri,sex_f,age_ythadult_y15_64,geo_cov_rur,2012,30.886
cri,sex_f,age_ythadult_y15_64,geo_cov_rur,2013,28.874
cri,sex_f,age_ythadult_y15_64,geo_cov_rur,2014,27.165
cri,sex_f,age_ythadult_y15_64,geo_cov_rur,2015,25.584
cri,sex_f,age_ythadult_y15_64,geo_cov_rur,2016,25.778
cri,sex_f,age_ythadult_y15_64,geo_cov_rur,2017,24.284
cri,sex_f,age_ythadult_y15_64,geo_cov_rur,2018,22.776
cri,sex_f,age_ythadult_y15_64,geo_cov_rur,2019,25.23
cri,sex_f,age_ythadult_y15_64,geo_cov_rur,2020,35.744
cri,sex_f,age_ythadult_y15_64,geo_cov_rur,2021,27.521
cri,sex_f,age_ythadult_y15_64,geo_cov_rur,2022,21.964
cri,sex_f,age_ythadult_y15_64,geo_cov_urb,2012,19.884
cri,sex_f,age_ythadult_y15_64,geo_cov_urb,2013,21.228
cri,sex_f,age_ythadult_y15_64,geo_cov_urb,2014,19.648
cri,sex_f,age_ythadult_y15_64,geo_cov_urb,2015,18.628
cri,sex_f,age_ythadult_y15_64,geo_cov_urb,2016,20.283
cri,sex_f,age_ythadult_y15_64,geo_cov_urb,2017,16.604
cri,sex_f,age_ythadult_y15_64,geo_cov_urb,2018,17.595
cri,sex_f,age_ythadult_y15_64,geo_cov_urb,2019,18.519
cri,sex_f,age_ythadult_y15_64,geo_cov_urb,2020,30.961
cri,sex_f,age_ythadult_y15_64,geo_cov_urb,2021,20.183
cri,sex_f,age_ythadult_y15_64,geo_cov_urb,2022,14.823
cri,sex_f,age_ythadult_yge15,geo_cov_nat,2012,22.214
cri,sex_f,age_ythadult_yge15,geo_cov_nat,2013,23.14
cri,sex_f,age_ythadult_yge15,geo_cov_nat,2014,21.201
cri,sex_f,age_ythadult_yge15,geo_cov_nat,2015,20.228
cri,sex_f,age_ythadult_yge15,geo_cov_nat,2016,21.474
cri,sex_f,age_ythadult_yge15,geo_cov_nat,2017,18.358
cri,sex_f,age_ythadult_yge15,geo_cov_nat,2018,18.879
cri,sex_f,age_ythadult_yge15,geo_cov_nat,2019,19.898
cri,sex_f,age_ythadult_yge15,geo_cov_nat,2020,31.833
cri,sex_f,age_ythadult_yge15,geo_cov_nat,2021,21.622
cri,sex_f,age_ythadult_yge15,geo_cov_nat,2022,16.35
cri,sex_f,age_ythadult_yge15,geo_cov_rur,2012,30.773
cri,sex_f,age_ythadult_yge15,geo_cov_rur,2013,28.839
cri,sex_f,age_ythadult_yge15,geo_cov_rur,2014,27.142
cri,sex_f,age_ythadult_yge15,geo_cov_rur,2015,25.313
cri,sex_f,age_ythadult_yge15,geo_cov_rur,2016,25.815
cri,sex_f,age_ythadult_yge15,geo_cov_rur,2017,24.106
cri,sex_f,age_ythadult_yge15,geo_cov_rur,2018,22.574
cri,sex_f,age_ythadult_yge15,geo_cov_rur,2019,25.008
cri,sex_f,age_ythadult_yge15,geo_cov_rur,2020,35.388
cri,sex_f,age_ythadult_yge15,geo_cov_rur,2021,27.187
cri,sex_f,age_ythadult_yge15,geo_cov_rur,2022,21.801
cri,sex_f,age_ythadult_yge15,geo_cov_urb,2012,20.006
cri,sex_f,age_ythadult_yge15,geo_cov_urb,2013,21.682
cri,sex_f,age_ythadult_yge15,geo_cov_urb,2014,19.646
cri,sex_f,age_ythadult_yge15,geo_cov_urb,2015,18.833
cri,sex_f,age_ythadult_yge15,geo_cov_urb,2016,20.297
cri,sex_f,age_ythadult_yge15,geo_cov_urb,2017,16.78
cri,sex_f,age_ythadult_yge15,geo_cov_urb,2018,17.931
cri,sex_f,age_ythadult_yge15,geo_cov_urb,2019,18.541
cri,sex_f,age_ythadult_yge15,geo_cov_urb,2020,30.895
cri,sex_f,age_ythadult_yge15,geo_cov_urb,2021,20.16
cri,sex_f,age_ythadult_yge15,geo_cov_urb,2022,14.948
cri,sex_f,age_ythadult_yge25,geo_cov_nat,2012,18.131
cri,sex_f,age_ythadult_yge25,geo_cov_nat,2013,19.371
cri,sex_f,age_ythadult_yge25,geo_cov_nat,2014,17.167
cri,sex_f,age_ythadult_yge25,geo_cov_nat,2015,16.89
cri,sex_f,age_ythadult_yge25,geo_cov_nat,2016,17.907
cri,sex_f,age_ythadult_yge25,geo_cov_nat,2017,15.561
cri,sex_f,age_ythadult_yge25,geo_cov_nat,2018,16.345
cri,sex_f,age_ythadult_yge25,geo_cov_nat,2019,17.146
cri,sex_f,age_ythadult_yge25,geo_cov_nat,2020,27.952
cri,sex_f,age_ythadult_yge25,geo_cov_nat,2021,18.785
cri,sex_f,age_ythadult_yge25,geo_cov_nat,2022,13.794
cri,sex_f,age_ythadult_yge25,geo_cov_rur,2012,25.403
cri,sex_f,age_ythadult_yge25,geo_cov_rur,2013,24.212
cri,sex_f,age_ythadult_yge25,geo_cov_rur,2014,21.698
cri,sex_f,age_ythadult_yge25,geo_cov_rur,2015,20.684
cri,sex_f,age_ythadult_yge25,geo_cov_rur,2016,21.281
cri,sex_f,age_ythadult_yge25,geo_cov_rur,2017,20.384
cri,sex_f,age_ythadult_yge25,geo_cov_rur,2018,18.884
cri,sex_f,age_ythadult_yge25,geo_cov_rur,2019,21.602
cri,sex_f,age_ythadult_yge25,geo_cov_rur,2020,31.279
cri,sex_f,age_ythadult_yge25,geo_cov_rur,2021,24.248
cri,sex_f,age_ythadult_yge25,geo_cov_rur,2022,17.891
cri,sex_f,age_ythadult_yge25,geo_cov_urb,2012,16.34
cri,sex_f,age_ythadult_yge25,geo_cov_urb,2013,18.158
cri,sex_f,age_ythadult_yge25,geo_cov_urb,2014,16.031
cri,sex_f,age_ythadult_yge25,geo_cov_urb,2015,15.902
cri,sex_f,age_ythadult_yge25,geo_cov_urb,2016,17.009
cri,sex_f,age_ythadult_yge25,geo_cov_urb,2017,14.289
cri,sex_f,age_ythadult_yge25,geo_cov_urb,2018,15.708
cri,sex_f,age_ythadult_yge25,geo_cov_urb,2019,15.983
cri,sex_f,age_ythadult_yge25,geo_cov_urb,2020,27.095
cri,sex_f,age_ythadult_yge25,geo_cov_urb,2021,17.349
cri,sex_f,age_ythadult_yge25,geo_cov_urb,2022,12.738
cri,sex_m,age_aggregate_total,geo_cov_nat,2012,10.39
cri,sex_m,age_aggregate_total,geo_cov_nat,2013,10.718
cri,sex_m,age_aggregate_total,geo_cov_nat,2014,10.261
cri,sex_m,age_aggregate_total,geo_cov_nat,2015,9.966
cri,sex_m,age_aggregate_total,geo_cov_nat,2016,9.576
cri,sex_m,age_aggregate_total,geo_cov_nat,2017,9.155
cri,sex_m,age_aggregate_total,geo_cov_nat,2018,9.919
cri,sex_m,age_aggregate_total,geo_cov_nat,2019,10.361
cri,sex_m,age_aggregate_total,geo_cov_nat,2020,19.82
cri,sex_m,age_aggregate_total,geo_cov_nat,2021,11.981
cri,sex_m,age_aggregate_total,geo_cov_nat,2022,9.556
cri,sex_m,age_aggregate_total,geo_cov_rur,2012,9.821
cri,sex_m,age_aggregate_total,geo_cov_rur,2013,11.133
cri,sex_m,age_aggregate_total,geo_cov_rur,2014,10.442
cri,sex_m,age_aggregate_total,geo_cov_rur,2015,10.177
cri,sex_m,age_aggregate_total,geo_cov_rur,2016,9.35
cri,sex_m,age_aggregate_total,geo_cov_rur,2017,8.656
cri,sex_m,age_aggregate_total,geo_cov_rur,2018,9.368
cri,sex_m,age_aggregate_total,geo_cov_rur,2019,9.302
cri,sex_m,age_aggregate_total,geo_cov_rur,2020,17.014
cri,sex_m,age_aggregate_total,geo_cov_rur,2021,10.224
cri,sex_m,age_aggregate_total,geo_cov_rur,2022,9.746
cri,sex_m,age_aggregate_total,geo_cov_urb,2012,10.608
cri,sex_m,age_aggregate_total,geo_cov_urb,2013,10.56
cri,sex_m,age_aggregate_total,geo_cov_urb,2014,10.192
cri,sex_m,age_aggregate_total,geo_cov_urb,2015,9.884
cri,sex_m,age_aggregate_total,geo_cov_urb,2016,9.662
cri,sex_m,age_aggregate_total,geo_cov_urb,2017,9.344
cri,sex_m,age_aggregate_total,geo_cov_urb,2018,10.131
cri,sex_m,age_aggregate_total,geo_cov_urb,2019,10.763
cri,sex_m,age_aggregate_total,geo_cov_urb,2020,20.894
cri,sex_m,age_aggregate_total,geo_cov_urb,2021,12.671
cri,sex_m,age_aggregate_total,geo_cov_urb,2022,9.481
cri,sex_m,age_aggregate_y15_24,geo_cov_nat,2012,24.743
cri,sex_m,age_aggregate_y15_24,geo_cov_nat,2013,25.29
cri,sex_m,age_aggregate_y15_24,geo_cov_nat,2014,23.66
cri,sex_m,age_aggregate_y15_24,geo_cov_nat,2015,25.331
cri,sex_m,age_aggregate_y15_24,geo_cov_nat,2016,25.331
cri,sex_m,age_aggregate_y15_24,geo_cov_nat,2017,22.82
cri,sex_m,age_aggregate_y15_24,geo_cov_nat,2018,23.858
cri,sex_m,age_aggregate_y15_24,geo_cov_nat,2019,24.815
cri,sex_m,age_aggregate_y15_24,geo_cov_nat,2020,40.086
cri,sex_m,age_aggregate_y15_24,geo_cov_nat,2021,29.848
cri,sex_m,age_aggregate_y15_24,geo_cov_nat,2022,27.419
cri,sex_m,age_aggregate_y15_24,geo_cov_rur,2012,21.079
cri,sex_m,age_aggregate_y15_24,geo_cov_rur,2013,24.674
cri,sex_m,age_aggregate_y15_24,geo_cov_rur,2014,23.997
cri,sex_m,age_aggregate_y15_24,geo_cov_rur,2015,23.59
cri,sex_m,age_aggregate_y15_24,geo_cov_rur,2016,22.428
cri,sex_m,age_aggregate_y15_24,geo_cov_rur,2017,19.563
cri,sex_m,age_aggregate_y15_24,geo_cov_rur,2018,22.208
cri,sex_m,age_aggregate_y15_24,geo_cov_rur,2019,22.707
cri,sex_m,age_aggregate_y15_24,geo_cov_rur,2020,33.925
cri,sex_m,age_aggregate_y15_24,geo_cov_rur,2021,26.404
cri,sex_m,age_aggregate_y15_24,geo_cov_rur,2022,29.785
cri,sex_m,age_aggregate_y15_24,geo_cov_urb,2012,26.475
cri,sex_m,age_aggregate_y15_24,geo_cov_urb,2013,25.588
cri,sex_m,age_aggregate_y15_24,geo_cov_urb,2014,23.505
cri,sex_m,age_aggregate_y15_24,geo_cov_urb,2015,26.08
cri,sex_m,age_aggregate_y15_24,geo_cov_urb,2016,26.61
cri,sex_m,age_aggregate_y15_24,geo_cov_urb,2017,24.114
cri,sex_m,age_aggregate_y15_24,geo_cov_urb,2018,24.534
cri,sex_m,age_aggregate_y15_24,geo_cov_urb,2019,25.662
cri,sex_m,age_aggregate_y15_24,geo_cov_urb,2020,42.406
cri,sex_m,age_aggregate_y15_24,geo_cov_urb,2021,31.335
cri,sex_m,age_aggregate_y15_24,geo_cov_urb,2022,26.523
cri,sex_m,age_aggregate_y25_54,geo_cov_nat,2012,5.764
cri,sex_m,age_aggregate_y25_54,geo_cov_nat,2013,6.031
cri,sex_m,age_aggregate_y25_54,geo_cov_nat,2014,6.644
cri,sex_m,age_aggregate_y25_54,geo_cov_nat,2015,6.241
cri,sex_m,age_aggregate_y25_54,geo_cov_nat,2016,5.262
cri,sex_m,age_aggregate_y25_54,geo_cov_nat,2017,5.422
cri,sex_m,age_aggregate_y25_54,geo_cov_nat,2018,6.816
cri,sex_m,age_aggregate_y25_54,geo_cov_nat,2019,7.612
cri,sex_m,age_aggregate_y25_54,geo_cov_nat,2020,15.869
cri,sex_m,age_aggregate_y25_54,geo_cov_nat,2021,8.864
cri,sex_m,age_aggregate_y25_54,geo_cov_nat,2022,6.738
cri,sex_m,age_aggregate_y25_54,geo_cov_rur,2012,5.645
cri,sex_m,age_aggregate_y25_54,geo_cov_rur,2013,6.698
cri,sex_m,age_aggregate_y25_54,geo_cov_rur,2014,6.207
cri,sex_m,age_aggregate_y25_54,geo_cov_rur,2015,6.417
cri,sex_m,age_aggregate_y25_54,geo_cov_rur,2016,5.674
cri,sex_m,age_aggregate_y25_54,geo_cov_rur,2017,5.469
cri,sex_m,age_aggregate_y25_54,geo_cov_rur,2018,6.527
cri,sex_m,age_aggregate_y25_54,geo_cov_rur,2019,6.604
cri,sex_m,age_aggregate_y25_54,geo_cov_rur,2020,13.931
cri,sex_m,age_aggregate_y25_54,geo_cov_rur,2021,7.269
cri,sex_m,age_aggregate_y25_54,geo_cov_rur,2022,7.044
cri,sex_m,age_aggregate_y25_54,geo_cov_urb,2012,5.808
cri,sex_m,age_aggregate_y25_54,geo_cov_urb,2013,5.789
cri,sex_m,age_aggregate_y25_54,geo_cov_urb,2014,6.802
cri,sex_m,age_aggregate_y25_54,geo_cov_urb,2015,6.176
cri,sex_m,age_aggregate_y25_54,geo_cov_urb,2016,5.112
cri,sex_m,age_aggregate_y25_54,geo_cov_urb,2017,5.405
cri,sex_m,age_aggregate_y25_54,geo_cov_urb,2018,6.924
cri,sex_m,age_aggregate_y25_54,geo_cov_urb,2019,7.972
cri,sex_m,age_aggregate_y25_54,geo_cov_urb,2020,16.586
cri,sex_m,age_aggregate_y25_54,geo_cov_urb,2021,9.459
cri,sex_m,age_aggregate_y25_54,geo_cov_urb,2022,6.621
cri,sex_m,age_aggregate_y55_64,geo_cov_nat,2012,7.962
cri,sex_m,age_aggregate_y55_64,geo_cov_nat,2013,10.309
cri,sex_m,age_aggregate_y55_64,geo_cov_nat,2014,8.264
cri,sex_m,age_aggregate_y55_64,geo_cov_nat,2015,8.408
cri,sex_m,age_aggregate_y55_64,geo_cov_nat,2016,8.121
cri,sex_m,age_aggregate_y55_64,geo_cov_nat,2017,8.133
cri,sex_m,age_aggregate_y55_64,geo_cov_nat,2018,6.819
cri,sex_m,age_aggregate_y55_64,geo_cov_nat,2019,6.798
cri,sex_m,age_aggregate_y55_64,geo_cov_nat,2020,16.148
cri,sex_m,age_aggregate_y55_64,geo_cov_nat,2021,9.39
cri,sex_m,age_aggregate_y55_64,geo_cov_nat,2022,6.812
cri,sex_m,age_aggregate_y55_64,geo_cov_rur,2012,7.08
cri,sex_m,age_aggregate_y55_64,geo_cov_rur,2013,8.09
cri,sex_m,age_aggregate_y55_64,geo_cov_rur,2014,8.221
cri,sex_m,age_aggregate_y55_64,geo_cov_rur,2015,8.755
cri,sex_m,age_aggregate_y55_64,geo_cov_rur,2016,6.919
cri,sex_m,age_aggregate_y55_64,geo_cov_rur,2017,8.468
cri,sex_m,age_aggregate_y55_64,geo_cov_rur,2018,7.134
cri,sex_m,age_aggregate_y55_64,geo_cov_rur,2019,6.535
cri,sex_m,age_aggregate_y55_64,geo_cov_rur,2020,14.077
cri,sex_m,age_aggregate_y55_64,geo_cov_rur,2021,8.172
cri,sex_m,age_aggregate_y55_64,geo_cov_rur,2022,5.685
cri,sex_m,age_aggregate_y55_64,geo_cov_urb,2012,8.234
cri,sex_m,age_aggregate_y55_64,geo_cov_urb,2013,11.057
cri,sex_m,age_aggregate_y55_64,geo_cov_urb,2014,8.279
cri,sex_m,age_aggregate_y55_64,geo_cov_urb,2015,8.265
cri,sex_m,age_aggregate_y55_64,geo_cov_urb,2016,8.576
cri,sex_m,age_aggregate_y55_64,geo_cov_urb,2017,8
cri,sex_m,age_aggregate_y55_64,geo_cov_urb,2018,6.695
cri,sex_m,age_aggregate_y55_64,geo_cov_urb,2019,6.911
cri,sex_m,age_aggregate_y55_64,geo_cov_urb,2020,17.006
cri,sex_m,age_aggregate_y55_64,geo_cov_urb,2021,9.862
cri,sex_m,age_aggregate_y55_64,geo_cov_urb,2022,7.27
cri,sex_m,age_aggregate_yge65,geo_cov_nat,2012,19.05
cri,sex_m,age_aggregate_yge65,geo_cov_nat,2013,18.999
cri,sex_m,age_aggregate_yge65,geo_cov_nat,2014,16.031
cri,sex_m,age_aggregate_yge65,geo_cov_nat,2015,9.806
cri,sex_m,age_aggregate_yge65,geo_cov_nat,2016,14.463
cri,sex_m,age_aggregate_yge65,geo_cov_nat,2017,13.671
cri,sex_m,age_aggregate_yge65,geo_cov_nat,2018,13.621
cri,sex_m,age_aggregate_yge65,geo_cov_nat,2019,12.299
cri,sex_m,age_aggregate_yge65,geo_cov_nat,2020,23.013
cri,sex_m,age_aggregate_yge65,geo_cov_nat,2021,10.538
cri,sex_m,age_aggregate_yge65,geo_cov_nat,2022,8.386
cri,sex_m,age_aggregate_yge65,geo_cov_rur,2012,14.953
cri,sex_m,age_aggregate_yge65,geo_cov_rur,2013,13.948
cri,sex_m,age_aggregate_yge65,geo_cov_rur,2014,14.654
cri,sex_m,age_aggregate_yge65,geo_cov_rur,2015,11.654
cri,sex_m,age_aggregate_yge65,geo_cov_rur,2016,10.6
cri,sex_m,age_aggregate_yge65,geo_cov_rur,2017,11.369
cri,sex_m,age_aggregate_yge65,geo_cov_rur,2018,8.527
cri,sex_m,age_aggregate_yge65,geo_cov_rur,2019,8.923
cri,sex_m,age_aggregate_yge65,geo_cov_rur,2020,16.454
cri,sex_m,age_aggregate_yge65,geo_cov_rur,2021,5.972
cri,sex_m,age_aggregate_yge65,geo_cov_rur,2022,7.129
cri,sex_m,age_aggregate_yge65,geo_cov_urb,2012,20.854
cri,sex_m,age_aggregate_yge65,geo_cov_urb,2013,20.843
cri,sex_m,age_aggregate_yge65,geo_cov_urb,2014,16.619
cri,sex_m,age_aggregate_yge65,geo_cov_urb,2015,9.003
cri,sex_m,age_aggregate_yge65,geo_cov_urb,2016,16.17
cri,sex_m,age_aggregate_yge65,geo_cov_urb,2017,14.523
cri,sex_m,age_aggregate_yge65,geo_cov_urb,2018,15.818
cri,sex_m,age_aggregate_yge65,geo_cov_urb,2019,13.924
cri,sex_m,age_aggregate_yge65,geo_cov_urb,2020,26.306
cri,sex_m,age_aggregate_yge65,geo_cov_urb,2021,13.395
cri,sex_m,age_aggregate_yge65,geo_cov_urb,2022,9.126
cri,sex_m,age_ythadult_y15_24,geo_cov_nat,2012,24.743
cri,sex_m,age_ythadult_y15_24,geo_cov_nat,2013,25.29
cri,sex_m,age_ythadult_y15_24,geo_cov_nat,2014,23.66
cri,sex_m,age_ythadult_y15_24,geo_cov_nat,2015,25.331
cri,sex_m,age_ythadult_y15_24,geo_cov_nat,2016,25.331
cri,sex_m,age_ythadult_y15_24,geo_cov_nat,2017,22.82
cri,sex_m,age_ythadult_y15_24,geo_cov_nat,2018,23.858
cri,sex_m,age_ythadult_y15_24,geo_cov_nat,2019,24.815
cri,sex_m,age_ythadult_y15_24,geo_cov_nat,2020,40.086
cri,sex_m,age_ythadult_y15_24,geo_cov_nat,2021,29.848
cri,sex_m,age_ythadult_y15_24,geo_cov_nat,2022,27.419
cri,sex_m,age_ythadult_y15_24,geo_cov_rur,2012,21.079
cri,sex_m,age_ythadult_y15_24,geo_cov_rur,2013,24.674
cri,sex_m,age_ythadult_y15_24,geo_cov_rur,2014,23.997
cri,sex_m,age_ythadult_y15_24,geo_cov_rur,2015,23.59
cri,sex_m,age_ythadult_y15_24,geo_cov_rur,2016,22.428
cri,sex_m,age_ythadult_y15_24,geo_cov_rur,2017,19.563
cri,sex_m,age_ythadult_y15_24,geo_cov_rur,2018,22.208
cri,sex_m,age_ythadult_y15_24,geo_cov_rur,2019,22.707
cri,sex_m,age_ythadult_y15_24,geo_cov_rur,2020,33.925
cri,sex_m,age_ythadult_y15_24,geo_cov_rur,2021,26.404
cri,sex_m,age_ythadult_y15_24,geo_cov_rur,2022,29.785
cri,sex_m,age_ythadult_y15_24,geo_cov_urb,2012,26.475
cri,sex_m,age_ythadult_y15_24,geo_cov_urb,2013,25.588
cri,sex_m,age_ythadult_y15_24,geo_cov_urb,2014,23.505
cri,sex_m,age_ythadult_y15_24,geo_cov_urb,2015,26.08
cri,sex_m,age_ythadult_y15_24,geo_cov_urb,2016,26.61
cri,sex_m,age_ythadult_y15_24,geo_cov_urb,2017,24.114
cri,sex_m,age_ythadult_y15_24,geo_cov_urb,2018,24.534
cri,sex_m,age_ythadult_y15_24,geo_cov_urb,2019,25.662
cri,sex_m,age_ythadult_y15_24,geo_cov_urb,2020,42.406
cri,sex_m,age_ythadult_y15_24,geo_cov_urb,2021,31.335
cri,sex_m,age_ythadult_y15_24,geo_cov_urb,2022,26.523
cri,sex_m,age_ythadult_y15_64,geo_cov_nat,2012,10.03
cri,sex_m,age_ythadult_y15_64,geo_cov_nat,2013,10.328
cri,sex_m,age_ythadult_y15_64,geo_cov_nat,2014,9.992
cri,sex_m,age_ythadult_y15_64,geo_cov_nat,2015,9.973
cri,sex_m,age_ythadult_y15_64,geo_cov_nat,2016,9.341
cri,sex_m,age_ythadult_y15_64,geo_cov_nat,2017,8.917
cri,sex_m,age_ythadult_y15_64,geo_cov_nat,2018,9.711
cri,sex_m,age_ythadult_y15_64,geo_cov_nat,2019,10.263
cri,sex_m,age_ythadult_y15_64,geo_cov_nat,2020,19.667
cri,sex_m,age_ythadult_y15_64,geo_cov_nat,2021,12.046
cri,sex_m,age_ythadult_y15_64,geo_cov_nat,2022,9.614
cri,sex_m,age_ythadult_y15_64,geo_cov_rur,2012,9.584
cri,sex_m,age_ythadult_y15_64,geo_cov_rur,2013,11.004
cri,sex_m,age_ythadult_y15_64,geo_cov_rur,2014,10.228
cri,sex_m,age_ythadult_y15_64,geo_cov_rur,2015,10.104
cri,sex_m,age_ythadult_y15_64,geo_cov_rur,2016,9.283
cri,sex_m,age_ythadult_y15_64,geo_cov_rur,2017,8.515
cri,sex_m,age_ythadult_y15_64,geo_cov_rur,2018,9.419
cri,sex_m,age_ythadult_y15_64,geo_cov_rur,2019,9.325
cri,sex_m,age_ythadult_y15_64,geo_cov_rur,2020,17.047
cri,sex_m,age_ythadult_y15_64,geo_cov_rur,2021,10.487
cri,sex_m,age_ythadult_y15_64,geo_cov_rur,2022,9.919
cri,sex_m,age_ythadult_y15_64,geo_cov_urb,2012,10.2
cri,sex_m,age_ythadult_y15_64,geo_cov_urb,2013,10.069
cri,sex_m,age_ythadult_y15_64,geo_cov_urb,2014,9.904
cri,sex_m,age_ythadult_y15_64,geo_cov_urb,2015,9.923
cri,sex_m,age_ythadult_y15_64,geo_cov_urb,2016,9.363
cri,sex_m,age_ythadult_y15_64,geo_cov_urb,2017,9.07
cri,sex_m,age_ythadult_y15_64,geo_cov_urb,2018,9.823
cri,sex_m,age_ythadult_y15_64,geo_cov_urb,2019,10.614
cri,sex_m,age_ythadult_y15_64,geo_cov_urb,2020,20.657
cri,sex_m,age_ythadult_y15_64,geo_cov_urb,2021,12.643
cri,sex_m,age_ythadult_y15_64,geo_cov_urb,2022,9.497
cri,sex_m,age_ythadult_yge15,geo_cov_nat,2012,10.39
cri,sex_m,age_ythadult_yge15,geo_cov_nat,2013,10.718
cri,sex_m,age_ythadult_yge15,geo_cov_nat,2014,10.261
cri,sex_m,age_ythadult_yge15,geo_cov_nat,2015,9.966
cri,sex_m,age_ythadult_yge15,geo_cov_nat,2016,9.576
cri,sex_m,age_ythadult_yge15,geo_cov_nat,2017,9.155
cri,sex_m,age_ythadult_yge15,geo_cov_nat,2018,9.919
cri,sex_m,age_ythadult_yge15,geo_cov_nat,2019,10.361
cri,sex_m,age_ythadult_yge15,geo_cov_nat,2020,19.82
cri,sex_m,age_ythadult_yge15,geo_cov_nat,2021,11.981
cri,sex_m,age_ythadult_yge15,geo_cov_nat,2022,9.556
cri,sex_m,age_ythadult_yge15,geo_cov_rur,2012,9.821
cri,sex_m,age_ythadult_yge15,geo_cov_rur,2013,11.133
cri,sex_m,age_ythadult_yge15,geo_cov_rur,2014,10.442
cri,sex_m,age_ythadult_yge15,geo_cov_rur,2015,10.177
cri,sex_m,age_ythadult_yge15,geo_cov_rur,2016,9.35
cri,sex_m,age_ythadult_yge15,geo_cov_rur,2017,8.656
cri,sex_m,age_ythadult_yge15,geo_cov_rur,2018,9.368
cri,sex_m,age_ythadult_yge15,geo_cov_rur,2019,9.302
cri,sex_m,age_ythadult_yge15,geo_cov_rur,2020,17.014
cri,sex_m,age_ythadult_yge15,geo_cov_rur,2021,10.224
cri,sex_m,age_ythadult_yge15,geo_cov_rur,2022,9.746
cri,sex_m,age_ythadult_yge15,geo_cov_urb,2012,10.608
cri,sex_m,age_ythadult_yge15,geo_cov_urb,2013,10.56
cri,sex_m,age_ythadult_yge15,geo_cov_urb,2014,10.192
cri,sex_m,age_ythadult_yge15,geo_cov_urb,2015,9.884
cri,sex_m,age_ythadult_yge15,geo_cov_urb,2016,9.662
cri,sex_m,age_ythadult_yge15,geo_cov_urb,2017,9.344
cri,sex_m,age_ythadult_yge15,geo_cov_urb,2018,10.131
cri,sex_m,age_ythadult_yge15,geo_cov_urb,2019,10.763
cri,sex_m,age_ythadult_yge15,geo_cov_urb,2020,20.894
cri,sex_m,age_ythadult_yge15,geo_cov_urb,2021,12.671
cri,sex_m,age_ythadult_yge15,geo_cov_urb,2022,9.481
cri,sex_m,age_ythadult_yge25,geo_cov_nat,2012,6.749
cri,sex_m,age_ythadult_yge25,geo_cov_nat,2013,7.375
cri,sex_m,age_ythadult_yge25,geo_cov_nat,2014,7.4
cri,sex_m,age_ythadult_yge25,geo_cov_nat,2015,6.751
cri,sex_m,age_ythadult_yge25,geo_cov_nat,2016,6.224
cri,sex_m,age_ythadult_yge25,geo_cov_nat,2017,6.375
cri,sex_m,age_ythadult_yge25,geo_cov_nat,2018,7.247
cri,sex_m,age_ythadult_yge25,geo_cov_nat,2019,7.738
cri,sex_m,age_ythadult_yge25,geo_cov_nat,2020,16.301
cri,sex_m,age_ythadult_yge25,geo_cov_nat,2021,9.041
cri,sex_m,age_ythadult_yge25,geo_cov_nat,2022,6.841
cri,sex_m,age_ythadult_yge25,geo_cov_rur,2012,6.368
cri,sex_m,age_ythadult_yge25,geo_cov_rur,2013,7.298
cri,sex_m,age_ythadult_yge25,geo_cov_rur,2014,7.024
cri,sex_m,age_ythadult_yge25,geo_cov_rur,2015,7.092
cri,sex_m,age_ythadult_yge25,geo_cov_rur,2016,6.186
cri,sex_m,age_ythadult_yge25,geo_cov_rur,2017,6.344
cri,sex_m,age_ythadult_yge25,geo_cov_rur,2018,6.77
cri,sex_m,age_ythadult_yge25,geo_cov_rur,2019,6.748
cri,sex_m,age_ythadult_yge25,geo_cov_rur,2020,14.121
cri,sex_m,age_ythadult_yge25,geo_cov_rur,2021,7.34
cri,sex_m,age_ythadult_yge25,geo_cov_rur,2022,6.795
cri,sex_m,age_ythadult_yge25,geo_cov_urb,2012,6.887
cri,sex_m,age_ythadult_yge25,geo_cov_urb,2013,7.403
cri,sex_m,age_ythadult_yge25,geo_cov_urb,2014,7.537
cri,sex_m,age_ythadult_yge25,geo_cov_urb,2015,6.623
cri,sex_m,age_ythadult_yge25,geo_cov_urb,2016,6.237
cri,sex_m,age_ythadult_yge25,geo_cov_urb,2017,6.387
cri,sex_m,age_ythadult_yge25,geo_cov_urb,2018,7.429
cri,sex_m,age_ythadult_yge25,geo_cov_urb,2019,8.11
cri,sex_m,age_ythadult_yge25,geo_cov_urb,2020,17.139
cri,sex_m,age_ythadult_yge25,geo_cov_urb,2021,9.698
cri,sex_m,age_ythadult_yge25,geo_cov_urb,2022,6.86
cri,sex_t,age_aggregate_total,geo_cov_nat,2012,15.391
cri,sex_t,age_aggregate_total,geo_cov_nat,2013,16.059
cri,sex_t,age_aggregate_total,geo_cov_nat,2014,14.82
cri,sex_t,age_aggregate_total,geo_cov_nat,2015,14.295
cri,sex_t,age_aggregate_total,geo_cov_nat,2016,14.715
cri,sex_t,age_aggregate_total,geo_cov_nat,2017,13.002
cri,sex_t,age_aggregate_total,geo_cov_nat,2018,13.7
cri,sex_t,age_aggregate_total,geo_cov_nat,2019,14.376
cri,sex_t,age_aggregate_total,geo_cov_nat,2020,24.845
cri,sex_t,age_aggregate_total,geo_cov_nat,2021,16.042
cri,sex_t,age_aggregate_total,geo_cov_nat,2022,12.424
cri,sex_t,age_aggregate_total,geo_cov_rur,2012,17.197
cri,sex_t,age_aggregate_total,geo_cov_rur,2013,17.461
cri,sex_t,age_aggregate_total,geo_cov_rur,2014,16.294
cri,sex_t,age_aggregate_total,geo_cov_rur,2015,15.639
cri,sex_t,age_aggregate_total,geo_cov_rur,2016,15.451
cri,sex_t,age_aggregate_total,geo_cov_rur,2017,14.219
cri,sex_t,age_aggregate_total,geo_cov_rur,2018,13.981
cri,sex_t,age_aggregate_total,geo_cov_rur,2019,14.901
cri,sex_t,age_aggregate_total,geo_cov_rur,2020,23.476
cri,sex_t,age_aggregate_total,geo_cov_rur,2021,16.152
cri,sex_t,age_aggregate_total,geo_cov_rur,2022,13.917
cri,sex_t,age_aggregate_total,geo_cov_urb,2012,14.8
cri,sex_t,age_aggregate_total,geo_cov_urb,2013,15.604
cri,sex_t,age_aggregate_total,geo_cov_urb,2014,14.337
cri,sex_t,age_aggregate_total,geo_cov_urb,2015,13.843
cri,sex_t,age_aggregate_total,geo_cov_urb,2016,14.471
cri,sex_t,age_aggregate_total,geo_cov_urb,2017,12.596
cri,sex_t,age_aggregate_total,geo_cov_urb,2018,13.608
cri,sex_t,age_aggregate_total,geo_cov_urb,2019,14.203
cri,sex_t,age_aggregate_total,geo_cov_urb,2020,25.297
cri,sex_t,age_aggregate_total,geo_cov_urb,2021,16.005
cri,sex_t,age_aggregate_total,geo_cov_urb,2022,11.928
cri,sex_t,age_aggregate_y15_24,geo_cov_nat,2012,30.766
cri,sex_t,age_aggregate_y15_24,geo_cov_nat,2013,31.549
cri,sex_t,age_aggregate_y15_24,geo_cov_nat,2014,30.703
cri,sex_t,age_aggregate_y15_24,geo_cov_nat,2015,30.062
cri,sex_t,age_aggregate_y15_24,geo_cov_nat,2016,30.925
cri,sex_t,age_aggregate_y15_24,geo_cov_nat,2017,27.078
cri,sex_t,age_aggregate_y15_24,geo_cov_nat,2018,27.938
cri,sex_t,age_aggregate_y15_24,geo_cov_nat,2019,29.719
cri,sex_t,age_aggregate_y15_24,geo_cov_nat,2020,47.124
cri,sex_t,age_aggregate_y15_24,geo_cov_nat,2021,33.925
cri,sex_t,age_aggregate_y15_24,geo_cov_nat,2022,29.878
cri,sex_t,age_aggregate_y15_24,geo_cov_rur,2012,30.762
cri,sex_t,age_aggregate_y15_24,geo_cov_rur,2013,32.33
cri,sex_t,age_aggregate_y15_24,geo_cov_rur,2014,32.728
cri,sex_t,age_aggregate_y15_24,geo_cov_rur,2015,31.173
cri,sex_t,age_aggregate_y15_24,geo_cov_rur,2016,30.774
cri,sex_t,age_aggregate_y15_24,geo_cov_rur,2017,27.415
cri,sex_t,age_aggregate_y15_24,geo_cov_rur,2018,28.961
cri,sex_t,age_aggregate_y15_24,geo_cov_rur,2019,30.144
cri,sex_t,age_aggregate_y15_24,geo_cov_rur,2020,42.945
cri,sex_t,age_aggregate_y15_24,geo_cov_rur,2021,32.766
cri,sex_t,age_aggregate_y15_24,geo_cov_rur,2022,36.138
cri,sex_t,age_aggregate_y15_24,geo_cov_urb,2012,30.767
cri,sex_t,age_aggregate_y15_24,geo_cov_urb,2013,31.244
cri,sex_t,age_aggregate_y15_24,geo_cov_urb,2014,29.897
cri,sex_t,age_aggregate_y15_24,geo_cov_urb,2015,29.623
cri,sex_t,age_aggregate_y15_24,geo_cov_urb,2016,30.981
cri,sex_t,age_aggregate_y15_24,geo_cov_urb,2017,26.953
cri,sex_t,age_aggregate_y15_24,geo_cov_urb,2018,27.569
cri,sex_t,age_aggregate_y15_24,geo_cov_urb,2019,29.567
cri,sex_t,age_aggregate_y15_24,geo_cov_urb,2020,48.588
cri,sex_t,age_aggregate_y15_24,geo_cov_urb,2021,34.339
cri,sex_t,age_aggregate_y15_24,geo_cov_urb,2022,27.856
cri,sex_t,age_aggregate_y25_54,geo_cov_nat,2012,10.951
cri,sex_t,age_aggregate_y25_54,geo_cov_nat,2013,11.786
cri,sex_t,age_aggregate_y25_54,geo_cov_nat,2014,11.248
cri,sex_t,age_aggregate_y25_54,geo_cov_nat,2015,10.822
cri,sex_t,age_aggregate_y25_54,geo_cov_nat,2016,10.857
cri,sex_t,age_aggregate_y25_54,geo_cov_nat,2017,9.714
cri,sex_t,age_aggregate_y25_54,geo_cov_nat,2018,11.036
cri,sex_t,age_aggregate_y25_54,geo_cov_nat,2019,11.756
cri,sex_t,age_aggregate_y25_54,geo_cov_nat,2020,21.206
cri,sex_t,age_aggregate_y25_54,geo_cov_nat,2021,13.42
cri,sex_t,age_aggregate_y25_54,geo_cov_nat,2022,9.829
cri,sex_t,age_aggregate_y25_54,geo_cov_rur,2012,12.967
cri,sex_t,age_aggregate_y25_54,geo_cov_rur,2013,13.467
cri,sex_t,age_aggregate_y25_54,geo_cov_rur,2014,12.027
cri,sex_t,age_aggregate_y25_54,geo_cov_rur,2015,12.056
cri,sex_t,age_aggregate_y25_54,geo_cov_rur,2016,12.036
cri,sex_t,age_aggregate_y25_54,geo_cov_rur,2017,11.623
cri,sex_t,age_aggregate_y25_54,geo_cov_rur,2018,11.502
cri,sex_t,age_aggregate_y25_54,geo_cov_rur,2019,12.622
cri,sex_t,age_aggregate_y25_54,geo_cov_rur,2020,20.838
cri,sex_t,age_aggregate_y25_54,geo_cov_rur,2021,14.194
cri,sex_t,age_aggregate_y25_54,geo_cov_rur,2022,11.112
cri,sex_t,age_aggregate_y25_54,geo_cov_urb,2012,10.311
cri,sex_t,age_aggregate_y25_54,geo_cov_urb,2013,11.252
cri,sex_t,age_aggregate_y25_54,geo_cov_urb,2014,11.002
cri,sex_t,age_aggregate_y25_54,geo_cov_urb,2015,10.424
cri,sex_t,age_aggregate_y25_54,geo_cov_urb,2016,10.475
cri,sex_t,age_aggregate_y25_54,geo_cov_urb,2017,9.088
cri,sex_t,age_aggregate_y25_54,geo_cov_urb,2018,10.886
cri,sex_t,age_aggregate_y25_54,geo_cov_urb,2019,11.481
cri,sex_t,age_aggregate_y25_54,geo_cov_urb,2020,21.324
cri,sex_t,age_aggregate_y25_54,geo_cov_urb,2021,13.167
cri,sex_t,age_aggregate_y25_54,geo_cov_urb,2022,9.407
cri,sex_t,age_aggregate_y55_64,geo_cov_nat,2012,12.908
cri,sex_t,age_aggregate_y55_64,geo_cov_nat,2013,13.537
cri,sex_t,age_aggregate_y55_64,geo_cov_nat,2014,11.248
cri,sex_t,age_aggregate_y55_64,geo_cov_nat,2015,11.434
cri,sex_t,age_aggregate_y55_64,geo_cov_nat,2016,11.895
cri,sex_t,age_aggregate_y55_64,geo_cov_nat,2017,11.332
cri,sex_t,age_aggregate_y55_64,geo_cov_nat,2018,9.674
cri,sex_t,age_aggregate_y55_64,geo_cov_nat,2019,11.086
cri,sex_t,age_aggregate_y55_64,geo_cov_nat,2020,20.59
cri,sex_t,age_aggregate_y55_64,geo_cov_nat,2021,11.979
cri,sex_t,age_aggregate_y55_64,geo_cov_nat,2022,9.164
cri,sex_t,age_aggregate_y55_64,geo_cov_rur,2012,13.306
cri,sex_t,age_aggregate_y55_64,geo_cov_rur,2013,12.569
cri,sex_t,age_aggregate_y55_64,geo_cov_rur,2014,11.808
cri,sex_t,age_aggregate_y55_64,geo_cov_rur,2015,11.347
cri,sex_t,age_aggregate_y55_64,geo_cov_rur,2016,9.823
cri,sex_t,age_aggregate_y55_64,geo_cov_rur,2017,10.014
cri,sex_t,age_aggregate_y55_64,geo_cov_rur,2018,9.392
cri,sex_t,age_aggregate_y55_64,geo_cov_rur,2019,10.391
cri,sex_t,age_aggregate_y55_64,geo_cov_rur,2020,17.928
cri,sex_t,age_aggregate_y55_64,geo_cov_rur,2021,11.037
cri,sex_t,age_aggregate_y55_64,geo_cov_rur,2022,9.373
cri,sex_t,age_aggregate_y55_64,geo_cov_urb,2012,12.807
cri,sex_t,age_aggregate_y55_64,geo_cov_urb,2013,13.799
cri,sex_t,age_aggregate_y55_64,geo_cov_urb,2014,11.083
cri,sex_t,age_aggregate_y55_64,geo_cov_urb,2015,11.462
cri,sex_t,age_aggregate_y55_64,geo_cov_urb,2016,12.52
cri,sex_t,age_aggregate_y55_64,geo_cov_urb,2017,11.76
cri,sex_t,age_aggregate_y55_64,geo_cov_urb,2018,9.764
cri,sex_t,age_aggregate_y55_64,geo_cov_urb,2019,11.326
cri,sex_t,age_aggregate_y55_64,geo_cov_urb,2020,21.482
cri,sex_t,age_aggregate_y55_64,geo_cov_urb,2021,12.276
cri,sex_t,age_aggregate_y55_64,geo_cov_urb,2022,9.094
cri,sex_t,age_aggregate_yge65,geo_cov_nat,2012,20.68
cri,sex_t,age_aggregate_yge65,geo_cov_nat,2013,24.312
cri,sex_t,age_aggregate_yge65,geo_cov_nat,2014,17.064
cri,sex_t,age_aggregate_yge65,geo_cov_nat,2015,13.999
cri,sex_t,age_aggregate_yge65,geo_cov_nat,2016,16.699
cri,sex_t,age_aggregate_yge65,geo_cov_nat,2017,15.759
cri,sex_t,age_aggregate_yge65,geo_cov_nat,2018,17.159
cri,sex_t,age_aggregate_yge65,geo_cov_nat,2019,13.896
cri,sex_t,age_aggregate_yge65,geo_cov_nat,2020,24.308
cri,sex_t,age_aggregate_yge65,geo_cov_nat,2021,12.75
cri,sex_t,age_aggregate_yge65,geo_cov_nat,2022,11.168
cri,sex_t,age_aggregate_yge65,geo_cov_rur,2012,16.168
cri,sex_t,age_aggregate_yge65,geo_cov_rur,2013,16.002
cri,sex_t,age_aggregate_yge65,geo_cov_rur,2014,16.043
cri,sex_t,age_aggregate_yge65,geo_cov_rur,2015,11.595
cri,sex_t,age_aggregate_yge65,geo_cov_rur,2016,13.785
cri,sex_t,age_aggregate_yge65,geo_cov_rur,2017,11.501
cri,sex_t,age_aggregate_yge65,geo_cov_rur,2018,8.836
cri,sex_t,age_aggregate_yge65,geo_cov_rur,2019,9.566
cri,sex_t,age_aggregate_yge65,geo_cov_rur,2020,17.03
cri,sex_t,age_aggregate_yge65,geo_cov_rur,2021,6.992
cri,sex_t,age_aggregate_yge65,geo_cov_rur,2022,7.437
cri,sex_t,age_aggregate_yge65,geo_cov_urb,2012,22.257
cri,sex_t,age_aggregate_yge65,geo_cov_urb,2013,26.928
cri,sex_t,age_aggregate_yge65,geo_cov_urb,2014,17.425
cri,sex_t,age_aggregate_yge65,geo_cov_urb,2015,14.841
cri,sex_t,age_aggregate_yge65,geo_cov_urb,2016,17.743
cri,sex_t,age_aggregate_yge65,geo_cov_urb,2017,17.043
cri,sex_t,age_aggregate_yge65,geo_cov_urb,2018,19.896
cri,sex_t,age_aggregate_yge65,geo_cov_urb,2019,15.6
cri,sex_t,age_aggregate_yge65,geo_cov_urb,2020,27.17
cri,sex_t,age_aggregate_yge65,geo_cov_urb,2021,15.515
cri,sex_t,age_aggregate_yge65,geo_cov_urb,2022,12.741
cri,sex_t,age_ythadult_y15_24,geo_cov_nat,2012,30.766
cri,sex_t,age_ythadult_y15_24,geo_cov_nat,2013,31.549
cri,sex_t,age_ythadult_y15_24,geo_cov_nat,2014,30.703
cri,sex_t,age_ythadult_y15_24,geo_cov_nat,2015,30.062
cri,sex_t,age_ythadult_y15_24,geo_cov_nat,2016,30.925
cri,sex_t,age_ythadult_y15_24,geo_cov_nat,2017,27.078
cri,sex_t,age_ythadult_y15_24,geo_cov_nat,2018,27.938
cri,sex_t,age_ythadult_y15_24,geo_cov_nat,2019,29.719
cri,sex_t,age_ythadult_y15_24,geo_cov_nat,2020,47.124
cri,sex_t,age_ythadult_y15_24,geo_cov_nat,2021,33.925
cri,sex_t,age_ythadult_y15_24,geo_cov_nat,2022,29.878
cri,sex_t,age_ythadult_y15_24,geo_cov_rur,2012,30.762
cri,sex_t,age_ythadult_y15_24,geo_cov_rur,2013,32.33
cri,sex_t,age_ythadult_y15_24,geo_cov_rur,2014,32.728
cri,sex_t,age_ythadult_y15_24,geo_cov_rur,2015,31.173
cri,sex_t,age_ythadult_y15_24,geo_cov_rur,2016,30.774
cri,sex_t,age_ythadult_y15_24,geo_cov_rur,2017,27.415
cri,sex_t,age_ythadult_y15_24,geo_cov_rur,2018,28.961
cri,sex_t,age_ythadult_y15_24,geo_cov_rur,2019,30.144
cri,sex_t,age_ythadult_y15_24,geo_cov_rur,2020,42.945
cri,sex_t,age_ythadult_y15_24,geo_cov_rur,2021,32.766
cri,sex_t,age_ythadult_y15_24,geo_cov_rur,2022,36.138
cri,sex_t,age_ythadult_y15_24,geo_cov_urb,2012,30.767
cri,sex_t,age_ythadult_y15_24,geo_cov_urb,2013,31.244
cri,sex_t,age_ythadult_y15_24,geo_cov_urb,2014,29.897
cri,sex_t,age_ythadult_y15_24,geo_cov_urb,2015,29.623
cri,sex_t,age_ythadult_y15_24,geo_cov_urb,2016,30.981
cri,sex_t,age_ythadult_y15_24,geo_cov_urb,2017,26.953
cri,sex_t,age_ythadult_y15_24,geo_cov_urb,2018,27.569
cri,sex_t,age_ythadult_y15_24,geo_cov_urb,2019,29.567
cri,sex_t,age_ythadult_y15_24,geo_cov_urb,2020,48.588
cri,sex_t,age_ythadult_y15_24,geo_cov_urb,2021,34.339
cri,sex_t,age_ythadult_y15_24,geo_cov_urb,2022,27.856
cri,sex_t,age_ythadult_y15_64,geo_cov_nat,2012,15.216
cri,sex_t,age_ythadult_y15_64,geo_cov_nat,2013,15.767
cri,sex_t,age_ythadult_y15_64,geo_cov_nat,2014,14.741
cri,sex_t,age_ythadult_y15_64,geo_cov_nat,2015,14.306
cri,sex_t,age_ythadult_y15_64,geo_cov_nat,2016,14.638
cri,sex_t,age_ythadult_y15_64,geo_cov_nat,2017,12.888
cri,sex_t,age_ythadult_y15_64,geo_cov_nat,2018,13.544
cri,sex_t,age_ythadult_y15_64,geo_cov_nat,2019,14.395
cri,sex_t,age_ythadult_y15_64,geo_cov_nat,2020,24.866
cri,sex_t,age_ythadult_y15_64,geo_cov_nat,2021,16.162
cri,sex_t,age_ythadult_y15_64,geo_cov_nat,2022,12.474
cri,sex_t,age_ythadult_y15_64,geo_cov_rur,2012,17.233
cri,sex_t,age_ythadult_y15_64,geo_cov_rur,2013,17.512
cri,sex_t,age_ythadult_y15_64,geo_cov_rur,2014,16.304
cri,sex_t,age_ythadult_y15_64,geo_cov_rur,2015,15.795
cri,sex_t,age_ythadult_y15_64,geo_cov_rur,2016,15.52
cri,sex_t,age_ythadult_y15_64,geo_cov_rur,2017,14.322
cri,sex_t,age_ythadult_y15_64,geo_cov_rur,2018,14.214
cri,sex_t,age_ythadult_y15_64,geo_cov_rur,2019,15.142
cri,sex_t,age_ythadult_y15_64,geo_cov_rur,2020,23.769
cri,sex_t,age_ythadult_y15_64,geo_cov_rur,2021,16.59
cri,sex_t,age_ythadult_y15_64,geo_cov_rur,2022,14.225
cri,sex_t,age_ythadult_y15_64,geo_cov_urb,2012,14.557
cri,sex_t,age_ythadult_y15_64,geo_cov_urb,2013,15.2
cri,sex_t,age_ythadult_y15_64,geo_cov_urb,2014,14.23
cri,sex_t,age_ythadult_y15_64,geo_cov_urb,2015,13.806
cri,sex_t,age_ythadult_y15_64,geo_cov_urb,2016,14.347
cri,sex_t,age_ythadult_y15_64,geo_cov_urb,2017,12.408
cri,sex_t,age_ythadult_y15_64,geo_cov_urb,2018,13.324
cri,sex_t,age_ythadult_y15_64,geo_cov_urb,2019,14.15
cri,sex_t,age_ythadult_y15_64,geo_cov_urb,2020,25.226
cri,sex_t,age_ythadult_y15_64,geo_cov_urb,2021,16.022
cri,sex_t,age_ythadult_y15_64,geo_cov_urb,2022,11.897
cri,sex_t,age_ythadult_yge15,geo_cov_nat,2012,15.391
cri,sex_t,age_ythadult_yge15,geo_cov_nat,2013,16.059
cri,sex_t,age_ythadult_yge15,geo_cov_nat,2014,14.82
cri,sex_t,age_ythadult_yge15,geo_cov_nat,2015,14.295
cri,sex_t,age_ythadult_yge15,geo_cov_nat,2016,14.715
cri,sex_t,age_ythadult_yge15,geo_cov_nat,2017,13.002
cri,sex_t,age_ythadult_yge15,geo_cov_nat,2018,13.7
cri,sex_t,age_ythadult_yge15,geo_cov_nat,2019,14.376
cri,sex_t,age_ythadult_yge15,geo_cov_nat,2020,24.845
cri,sex_t,age_ythadult_yge15,geo_cov_nat,2021,16.042
cri,sex_t,age_ythadult_yge15,geo_cov_nat,2022,12.424
cri,sex_t,age_ythadult_yge15,geo_cov_rur,2012,17.197
cri,sex_t,age_ythadult_yge15,geo_cov_rur,2013,17.461
cri,sex_t,age_ythadult_yge15,geo_cov_rur,2014,16.294
cri,sex_t,age_ythadult_yge15,geo_cov_rur,2015,15.639
cri,sex_t,age_ythadult_yge15,geo_cov_rur,2016,15.451
cri,sex_t,age_ythadult_yge15,geo_cov_rur,2017,14.219
cri,sex_t,age_ythadult_yge15,geo_cov_rur,2018,13.981
cri,sex_t,age_ythadult_yge15,geo_cov_rur,2019,14.901
cri,sex_t,age_ythadult_yge15,geo_cov_rur,2020,23.476
cri,sex_t,age_ythadult_yge15,geo_cov_rur,2021,16.152
cri,sex_t,age_ythadult_yge15,geo_cov_rur,2022,13.917
cri,sex_t,age_ythadult_yge15,geo_cov_urb,2012,14.8
cri,sex_t,age_ythadult_yge15,geo_cov_urb,2013,15.604
cri,sex_t,age_ythadult_yge15,geo_cov_urb,2014,14.337
cri,sex_t,age_ythadult_yge15,geo_cov_urb,2015,13.843
cri,sex_t,age_ythadult_yge15,geo_cov_urb,2016,14.471
cri,sex_t,age_ythadult_yge15,geo_cov_urb,2017,12.596
cri,sex_t,age_ythadult_yge15,geo_cov_urb,2018,13.608
cri,sex_t,age_ythadult_yge15,geo_cov_urb,2019,14.203
cri,sex_t,age_ythadult_yge15,geo_cov_urb,2020,25.297
cri,sex_t,age_ythadult_yge15,geo_cov_urb,2021,16.005
cri,sex_t,age_ythadult_yge15,geo_cov_urb,2022,11.928
cri,sex_t,age_ythadult_yge25,geo_cov_nat,2012,11.6
cri,sex_t,age_ythadult_yge25,geo_cov_nat,2013,12.548
cri,sex_t,age_ythadult_yge25,geo_cov_nat,2014,11.488
cri,sex_t,age_ythadult_yge25,geo_cov_nat,2015,11.043
cri,sex_t,age_ythadult_yge25,geo_cov_nat,2016,11.272
cri,sex_t,age_ythadult_yge25,geo_cov_nat,2017,10.25
cri,sex_t,age_ythadult_yge25,geo_cov_nat,2018,11.139
cri,sex_t,age_ythadult_yge25,geo_cov_nat,2019,11.745
cri,sex_t,age_ythadult_yge25,geo_cov_nat,2020,21.244
cri,sex_t,age_ythadult_yge25,geo_cov_nat,2021,13.163
cri,sex_t,age_ythadult_yge25,geo_cov_nat,2022,9.777
cri,sex_t,age_ythadult_yge25,geo_cov_rur,2012,13.145
cri,sex_t,age_ythadult_yge25,geo_cov_rur,2013,13.466
cri,sex_t,age_ythadult_yge25,geo_cov_rur,2014,12.179
cri,sex_t,age_ythadult_yge25,geo_cov_rur,2015,11.939
cri,sex_t,age_ythadult_yge25,geo_cov_rur,2016,11.815
cri,sex_t,age_ythadult_yge25,geo_cov_rur,2017,11.37
cri,sex_t,age_ythadult_yge25,geo_cov_rur,2018,11.041
cri,sex_t,age_ythadult_yge25,geo_cov_rur,2019,12.095
cri,sex_t,age_ythadult_yge25,geo_cov_rur,2020,20.166
cri,sex_t,age_ythadult_yge25,geo_cov_rur,2021,13.323
cri,sex_t,age_ythadult_yge25,geo_cov_rur,2022,10.63
cri,sex_t,age_ythadult_yge25,geo_cov_urb,2012,11.121
cri,sex_t,age_ythadult_yge25,geo_cov_urb,2013,12.263
cri,sex_t,age_ythadult_yge25,geo_cov_urb,2014,11.27
cri,sex_t,age_ythadult_yge25,geo_cov_urb,2015,10.752
cri,sex_t,age_ythadult_yge25,geo_cov_urb,2016,11.097
cri,sex_t,age_ythadult_yge25,geo_cov_urb,2017,9.885
cri,sex_t,age_ythadult_yge25,geo_cov_urb,2018,11.17
cri,sex_t,age_ythadult_yge25,geo_cov_urb,2019,11.631
cri,sex_t,age_ythadult_yge25,geo_cov_urb,2020,21.597
cri,sex_t,age_ythadult_yge25,geo_cov_urb,2021,13.109
cri,sex_t,age_ythadult_yge25,geo_cov_urb,2022,9.493
cyp,sex_f,age_aggregate_total,geo_cov_nat,1999,13.036
cyp,sex_f,age_aggregate_total,geo_cov_nat,2000,10.693
cyp,sex_f,age_aggregate_total,geo_cov_nat,2001,7.786
cyp,sex_f,age_aggregate_total,geo_cov_nat,2002,5.274
cyp,sex_f,age_aggregate_total,geo_cov_nat,2003,6.201
cyp,sex_f,age_aggregate_total,geo_cov_nat,2004,9.188
cyp,sex_f,age_aggregate_total,geo_cov_nat,2005,10.302
cyp,sex_f,age_aggregate_total,geo_cov_nat,2006,8.293
cyp,sex_f,age_aggregate_total,geo_cov_nat,2007,6.928
cyp,sex_f,age_aggregate_total,geo_cov_nat,2008,6.298
cyp,sex_f,age_aggregate_total,geo_cov_nat,2009,7.596
cyp,sex_f,age_aggregate_total,geo_cov_nat,2010,9.091
cyp,sex_f,age_aggregate_total,geo_cov_nat,2011,11.589
cyp,sex_f,age_aggregate_total,geo_cov_nat,2012,15.226
cyp,sex_f,age_aggregate_total,geo_cov_nat,2013,20.287
cyp,sex_f,age_aggregate_total,geo_cov_nat,2014,20.082
cyp,sex_f,age_aggregate_total,geo_cov_nat,2015,19.766
cyp,sex_f,age_aggregate_total,geo_cov_nat,2016,17.413
cyp,sex_f,age_aggregate_total,geo_cov_nat,2017,14.755
cyp,sex_f,age_aggregate_total,geo_cov_nat,2018,11.653
cyp,sex_f,age_aggregate_total,geo_cov_nat,2019,10.07
cyp,sex_f,age_aggregate_total,geo_cov_nat,2020,9.539
cyp,sex_f,age_aggregate_total,geo_cov_nat,2021,11.237
cyp,sex_f,age_aggregate_total,geo_cov_nat,2022,9.781
cyp,sex_f,age_aggregate_total,geo_cov_nat,2023,7.793
cyp,sex_f,age_aggregate_total,geo_cov_nat,2024,6.721
cyp,sex_f,age_aggregate_total,geo_cov_rur,1999,10.695
cyp,sex_f,age_aggregate_total,geo_cov_rur,2000,9.494
cyp,sex_f,age_aggregate_total,geo_cov_rur,2001,8.163
cyp,sex_f,age_aggregate_total,geo_cov_rur,2002,6.152
cyp,sex_f,age_aggregate_total,geo_cov_rur,2003,6.704
cyp,sex_f,age_aggregate_total,geo_cov_rur,2004,9.077
cyp,sex_f,age_aggregate_total,geo_cov_rur,2005,11.499
cyp,sex_f,age_aggregate_total,geo_cov_rur,2006,8.676
cyp,sex_f,age_aggregate_total,geo_cov_rur,2007,7.803
cyp,sex_f,age_aggregate_total,geo_cov_rur,2008,8.523
cyp,sex_f,age_aggregate_total,geo_cov_rur,2009,10.26
cyp,sex_f,age_aggregate_total,geo_cov_rur,2010,10.176
cyp,sex_f,age_aggregate_total,geo_cov_rur,2011,13.127
cyp,sex_f,age_aggregate_total,geo_cov_rur,2012,17.358
cyp,sex_f,age_aggregate_total,geo_cov_rur,2013,19.95
cyp,sex_f,age_aggregate_total,geo_cov_rur,2014,20.186
cyp,sex_f,age_aggregate_total,geo_cov_rur,2015,23.18
cyp,sex_f,age_aggregate_total,geo_cov_rur,2016,18.24
cyp,sex_f,age_aggregate_total,geo_cov_rur,2017,14.882
cyp,sex_f,age_aggregate_total,geo_cov_rur,2018,12.245
cyp,sex_f,age_aggregate_total,geo_cov_rur,2019,10.577
cyp,sex_f,age_aggregate_total,geo_cov_rur,2020,11.895
cyp,sex_f,age_aggregate_total,geo_cov_rur,2021,12.529
cyp,sex_f,age_aggregate_total,geo_cov_rur,2022,8.412
cyp,sex_f,age_aggregate_total,geo_cov_rur,2023,6.936
cyp,sex_f,age_aggregate_total,geo_cov_rur,2024,7.176
cyp,sex_f,age_aggregate_total,geo_cov_urb,1999,14.083
cyp,sex_f,age_aggregate_total,geo_cov_urb,2000,11.25
cyp,sex_f,age_aggregate_total,geo_cov_urb,2001,7.613
cyp,sex_f,age_aggregate_total,geo_cov_urb,2002,4.831
cyp,sex_f,age_aggregate_total,geo_cov_urb,2003,5.93
cyp,sex_f,age_aggregate_total,geo_cov_urb,2004,9.228
cyp,sex_f,age_aggregate_total,geo_cov_urb,2005,9.897
cyp,sex_f,age_aggregate_total,geo_cov_urb,2006,8.173
cyp,sex_f,age_aggregate_total,geo_cov_urb,2007,6.638
cyp,sex_f,age_aggregate_total,geo_cov_urb,2008,5.516
cyp,sex_f,age_aggregate_total,geo_cov_urb,2009,6.625
cyp,sex_f,age_aggregate_total,geo_cov_urb,2010,8.703
cyp,sex_f,age_aggregate_total,geo_cov_urb,2011,11.052
cyp,sex_f,age_aggregate_total,geo_cov_urb,2012,14.579
cyp,sex_f,age_aggregate_total,geo_cov_urb,2013,20.391
cyp,sex_f,age_aggregate_total,geo_cov_urb,2014,20.05
cyp,sex_f,age_aggregate_total,geo_cov_urb,2015,18.74
cyp,sex_f,age_aggregate_total,geo_cov_urb,2016,17.174
cyp,sex_f,age_aggregate_total,geo_cov_urb,2017,14.725
cyp,sex_f,age_aggregate_total,geo_cov_urb,2018,11.523
cyp,sex_f,age_aggregate_total,geo_cov_urb,2019,9.961
cyp,sex_f,age_aggregate_total,geo_cov_urb,2020,9
cyp,sex_f,age_aggregate_total,geo_cov_urb,2021,10.923
cyp,sex_f,age_aggregate_total,geo_cov_urb,2022,10.079
cyp,sex_f,age_aggregate_total,geo_cov_urb,2023,7.968
cyp,sex_f,age_aggregate_total,geo_cov_urb,2024,6.631
cyp,sex_f,age_aggregate_y15_24,geo_cov_nat,1999,15.627
cyp,sex_f,age_aggregate_y15_24,geo_cov_nat,2000,14.493
cyp,sex_f,age_aggregate_y15_24,geo_cov_nat,2001,12.703
cyp,sex_f,age_aggregate_y15_24,geo_cov_nat,2002,8.479
cyp,sex_f,age_aggregate_y15_24,geo_cov_nat,2003,11.126
cyp,sex_f,age_aggregate_y15_24,geo_cov_nat,2004,15.556
cyp,sex_f,age_aggregate_y15_24,geo_cov_nat,2005,19.388
cyp,sex_f,age_aggregate_y15_24,geo_cov_nat,2006,14.425
cyp,sex_f,age_aggregate_y15_24,geo_cov_nat,2007,11.58
cyp,sex_f,age_aggregate_y15_24,geo_cov_nat,2008,12.049
cyp,sex_f,age_aggregate_y15_24,geo_cov_nat,2009,17.141
cyp,sex_f,age_aggregate_y15_24,geo_cov_nat,2010,20.522
cyp,sex_f,age_aggregate_y15_24,geo_cov_nat,2011,26.806
cyp,sex_f,age_aggregate_y15_24,geo_cov_nat,2012,33.039
cyp,sex_f,age_aggregate_y15_24,geo_cov_nat,2013,46.188
cyp,sex_f,age_aggregate_y15_24,geo_cov_nat,2014,42.981
cyp,sex_f,age_aggregate_y15_24,geo_cov_nat,2015,37.797
cyp,sex_f,age_aggregate_y15_24,geo_cov_nat,2016,37.35
cyp,sex_f,age_aggregate_y15_24,geo_cov_nat,2017,27.361
cyp,sex_f,age_aggregate_y15_24,geo_cov_nat,2018,19.24
cyp,sex_f,age_aggregate_y15_24,geo_cov_nat,2019,16.644
cyp,sex_f,age_aggregate_y15_24,geo_cov_nat,2020,15.829
cyp,sex_f,age_aggregate_y15_24,geo_cov_nat,2021,21.326
cyp,sex_f,age_aggregate_y15_24,geo_cov_nat,2022,22.041
cyp,sex_f,age_aggregate_y15_24,geo_cov_nat,2023,19.673
cyp,sex_f,age_aggregate_y15_24,geo_cov_nat,2024,16.181
cyp,sex_f,age_aggregate_y15_24,geo_cov_rur,1999,10.877
cyp,sex_f,age_aggregate_y15_24,geo_cov_rur,2000,14.82
cyp,sex_f,age_aggregate_y15_24,geo_cov_rur,2001,7.465
cyp,sex_f,age_aggregate_y15_24,geo_cov_rur,2002,8.912
cyp,sex_f,age_aggregate_y15_24,geo_cov_rur,2003,10.393
cyp,sex_f,age_aggregate_y15_24,geo_cov_rur,2004,17.523
cyp,sex_f,age_aggregate_y15_24,geo_cov_rur,2005,20.437
cyp,sex_f,age_aggregate_y15_24,geo_cov_rur,2006,12.614
cyp,sex_f,age_aggregate_y15_24,geo_cov_rur,2007,14.168
cyp,sex_f,age_aggregate_y15_24,geo_cov_rur,2008,14.191
cyp,sex_f,age_aggregate_y15_24,geo_cov_rur,2009,19.369
cyp,sex_f,age_aggregate_y15_24,geo_cov_rur,2010,16.031
cyp,sex_f,age_aggregate_y15_24,geo_cov_rur,2011,31.642
cyp,sex_f,age_aggregate_y15_24,geo_cov_rur,2012,38.069
cyp,sex_f,age_aggregate_y15_24,geo_cov_rur,2013,47.497
cyp,sex_f,age_aggregate_y15_24,geo_cov_rur,2014,44.237
cyp,sex_f,age_aggregate_y15_24,geo_cov_rur,2015,37.682
cyp,sex_f,age_aggregate_y15_24,geo_cov_rur,2016,39.018
cyp,sex_f,age_aggregate_y15_24,geo_cov_rur,2017,23.27
cyp,sex_f,age_aggregate_y15_24,geo_cov_rur,2018,16.133
cyp,sex_f,age_aggregate_y15_24,geo_cov_rur,2019,15.757
cyp,sex_f,age_aggregate_y15_24,geo_cov_rur,2020,11.358
cyp,sex_f,age_aggregate_y15_24,geo_cov_rur,2021,27.006
cyp,sex_f,age_aggregate_y15_24,geo_cov_rur,2022,23.923
cyp,sex_f,age_aggregate_y15_24,geo_cov_rur,2023,24.159
cyp,sex_f,age_aggregate_y15_24,geo_cov_rur,2024,16.636
cyp,sex_f,age_aggregate_y15_24,geo_cov_urb,1999,17.89
cyp,sex_f,age_aggregate_y15_24,geo_cov_urb,2000,14.359
cyp,sex_f,age_aggregate_y15_24,geo_cov_urb,2001,15.305
cyp,sex_f,age_aggregate_y15_24,geo_cov_urb,2002,8.188
cyp,sex_f,age_aggregate_y15_24,geo_cov_urb,2003,11.697
cyp,sex_f,age_aggregate_y15_24,geo_cov_urb,2004,14.602
cyp,sex_f,age_aggregate_y15_24,geo_cov_urb,2005,19.011
cyp,sex_f,age_aggregate_y15_24,geo_cov_urb,2006,14.901
cyp,sex_f,age_aggregate_y15_24,geo_cov_urb,2007,10.698
cyp,sex_f,age_aggregate_y15_24,geo_cov_urb,2008,11.208
cyp,sex_f,age_aggregate_y15_24,geo_cov_urb,2009,16.294
cyp,sex_f,age_aggregate_y15_24,geo_cov_urb,2010,22.056
cyp,sex_f,age_aggregate_y15_24,geo_cov_urb,2011,25.215
cyp,sex_f,age_aggregate_y15_24,geo_cov_urb,2012,31.573
cyp,sex_f,age_aggregate_y15_24,geo_cov_urb,2013,45.807
cyp,sex_f,age_aggregate_y15_24,geo_cov_urb,2014,42.53
cyp,sex_f,age_aggregate_y15_24,geo_cov_urb,2015,37.846
cyp,sex_f,age_aggregate_y15_24,geo_cov_urb,2016,36.926
cyp,sex_f,age_aggregate_y15_24,geo_cov_urb,2017,28.332
cyp,sex_f,age_aggregate_y15_24,geo_cov_urb,2018,19.962
cyp,sex_f,age_aggregate_y15_24,geo_cov_urb,2019,16.837
cyp,sex_f,age_aggregate_y15_24,geo_cov_urb,2020,17.064
cyp,sex_f,age_aggregate_y15_24,geo_cov_urb,2021,19.816
cyp,sex_f,age_aggregate_y15_24,geo_cov_urb,2022,21.619
cyp,sex_f,age_aggregate_y15_24,geo_cov_urb,2023,18.838
cyp,sex_f,age_aggregate_y15_24,geo_cov_urb,2024,16.09
cyp,sex_f,age_aggregate_y25_54,geo_cov_nat,1999,12.897
cyp,sex_f,age_aggregate_y25_54,geo_cov_nat,2000,10.402
cyp,sex_f,age_aggregate_y25_54,geo_cov_nat,2001,6.67
cyp,sex_f,age_aggregate_y25_54,geo_cov_nat,2002,4.674
cyp,sex_f,age_aggregate_y25_54,geo_cov_nat,2003,5.707
cyp,sex_f,age_aggregate_y25_54,geo_cov_nat,2004,8.436
cyp,sex_f,age_aggregate_y25_54,geo_cov_nat,2005,8.953
cyp,sex_f,age_aggregate_y25_54,geo_cov_nat,2006,7.463
cyp,sex_f,age_aggregate_y25_54,geo_cov_nat,2007,6.548
cyp,sex_f,age_aggregate_y25_54,geo_cov_nat,2008,5.406
cyp,sex_f,age_aggregate_y25_54,geo_cov_nat,2009,6.397
cyp,sex_f,age_aggregate_y25_54,geo_cov_nat,2010,7.594
cyp,sex_f,age_aggregate_y25_54,geo_cov_nat,2011,9.732
cyp,sex_f,age_aggregate_y25_54,geo_cov_nat,2012,13.063
cyp,sex_f,age_aggregate_y25_54,geo_cov_nat,2013,17.125
cyp,sex_f,age_aggregate_y25_54,geo_cov_nat,2014,16.395
cyp,sex_f,age_aggregate_y25_54,geo_cov_nat,2015,17.038
cyp,sex_f,age_aggregate_y25_54,geo_cov_nat,2016,15.3
cyp,sex_f,age_aggregate_y25_54,geo_cov_nat,2017,14.004
cyp,sex_f,age_aggregate_y25_54,geo_cov_nat,2018,11.136
cyp,sex_f,age_aggregate_y25_54,geo_cov_nat,2019,9.572
cyp,sex_f,age_aggregate_y25_54,geo_cov_nat,2020,9.166
cyp,sex_f,age_aggregate_y25_54,geo_cov_nat,2021,10.251
cyp,sex_f,age_aggregate_y25_54,geo_cov_nat,2022,8.929
cyp,sex_f,age_aggregate_y25_54,geo_cov_nat,2023,7.374
cyp,sex_f,age_aggregate_y25_54,geo_cov_nat,2024,6.454
cyp,sex_f,age_aggregate_y25_54,geo_cov_rur,1999,10.874
cyp,sex_f,age_aggregate_y25_54,geo_cov_rur,2000,9.332
cyp,sex_f,age_aggregate_y25_54,geo_cov_rur,2001,8.041
cyp,sex_f,age_aggregate_y25_54,geo_cov_rur,2002,5.519
cyp,sex_f,age_aggregate_y25_54,geo_cov_rur,2003,6.696
cyp,sex_f,age_aggregate_y25_54,geo_cov_rur,2004,8.186
cyp,sex_f,age_aggregate_y25_54,geo_cov_rur,2005,10.67
cyp,sex_f,age_aggregate_y25_54,geo_cov_rur,2006,7.901
cyp,sex_f,age_aggregate_y25_54,geo_cov_rur,2007,6.971
cyp,sex_f,age_aggregate_y25_54,geo_cov_rur,2008,7.088
cyp,sex_f,age_aggregate_y25_54,geo_cov_rur,2009,9.242
cyp,sex_f,age_aggregate_y25_54,geo_cov_rur,2010,9.761
cyp,sex_f,age_aggregate_y25_54,geo_cov_rur,2011,10.983
cyp,sex_f,age_aggregate_y25_54,geo_cov_rur,2012,14.681
cyp,sex_f,age_aggregate_y25_54,geo_cov_rur,2013,16.839
cyp,sex_f,age_aggregate_y25_54,geo_cov_rur,2014,16.611
cyp,sex_f,age_aggregate_y25_54,geo_cov_rur,2015,20.515
cyp,sex_f,age_aggregate_y25_54,geo_cov_rur,2016,15.794
cyp,sex_f,age_aggregate_y25_54,geo_cov_rur,2017,13.921
cyp,sex_f,age_aggregate_y25_54,geo_cov_rur,2018,11.34
cyp,sex_f,age_aggregate_y25_54,geo_cov_rur,2019,10.175
cyp,sex_f,age_aggregate_y25_54,geo_cov_rur,2020,12.635
cyp,sex_f,age_aggregate_y25_54,geo_cov_rur,2021,11.705
cyp,sex_f,age_aggregate_y25_54,geo_cov_rur,2022,7.14
cyp,sex_f,age_aggregate_y25_54,geo_cov_rur,2023,6.224
cyp,sex_f,age_aggregate_y25_54,geo_cov_rur,2024,7.25
cyp,sex_f,age_aggregate_y25_54,geo_cov_urb,1999,13.765
cyp,sex_f,age_aggregate_y25_54,geo_cov_urb,2000,10.884
cyp,sex_f,age_aggregate_y25_54,geo_cov_urb,2001,6.078
cyp,sex_f,age_aggregate_y25_54,geo_cov_urb,2002,4.294
cyp,sex_f,age_aggregate_y25_54,geo_cov_urb,2003,5.232
cyp,sex_f,age_aggregate_y25_54,geo_cov_urb,2004,8.515
cyp,sex_f,age_aggregate_y25_54,geo_cov_urb,2005,8.409
cyp,sex_f,age_aggregate_y25_54,geo_cov_urb,2006,7.331
cyp,sex_f,age_aggregate_y25_54,geo_cov_urb,2007,6.415
cyp,sex_f,age_aggregate_y25_54,geo_cov_urb,2008,4.848
cyp,sex_f,age_aggregate_y25_54,geo_cov_urb,2009,5.41
cyp,sex_f,age_aggregate_y25_54,geo_cov_urb,2010,6.85
cyp,sex_f,age_aggregate_y25_54,geo_cov_urb,2011,9.314
cyp,sex_f,age_aggregate_y25_54,geo_cov_urb,2012,12.584
cyp,sex_f,age_aggregate_y25_54,geo_cov_urb,2013,17.211
cyp,sex_f,age_aggregate_y25_54,geo_cov_urb,2014,16.33
cyp,sex_f,age_aggregate_y25_54,geo_cov_urb,2015,16.062
cyp,sex_f,age_aggregate_y25_54,geo_cov_urb,2016,15.158
cyp,sex_f,age_aggregate_y25_54,geo_cov_urb,2017,14.024
cyp,sex_f,age_aggregate_y25_54,geo_cov_urb,2018,11.093
cyp,sex_f,age_aggregate_y25_54,geo_cov_urb,2019,9.444
cyp,sex_f,age_aggregate_y25_54,geo_cov_urb,2020,8.382
cyp,sex_f,age_aggregate_y25_54,geo_cov_urb,2021,9.901
cyp,sex_f,age_aggregate_y25_54,geo_cov_urb,2022,9.325
cyp,sex_f,age_aggregate_y25_54,geo_cov_urb,2023,7.608
cyp,sex_f,age_aggregate_y25_54,geo_cov_urb,2024,6.295
cyp,sex_f,age_aggregate_y55_64,geo_cov_nat,1999,10.708
cyp,sex_f,age_aggregate_y55_64,geo_cov_nat,2000,7.633
cyp,sex_f,age_aggregate_y55_64,geo_cov_nat,2001,10.234
cyp,sex_f,age_aggregate_y55_64,geo_cov_nat,2002,7.015
cyp,sex_f,age_aggregate_y55_64,geo_cov_nat,2003,4.104
cyp,sex_f,age_aggregate_y55_64,geo_cov_nat,2004,8.431
cyp,sex_f,age_aggregate_y55_64,geo_cov_nat,2005,10.918
cyp,sex_f,age_aggregate_y55_64,geo_cov_nat,2006,8.742
cyp,sex_f,age_aggregate_y55_64,geo_cov_nat,2007,5.499
cyp,sex_f,age_aggregate_y55_64,geo_cov_nat,2008,7.083
cyp,sex_f,age_aggregate_y55_64,geo_cov_nat,2009,7.065
cyp,sex_f,age_aggregate_y55_64,geo_cov_nat,2010,9.197
cyp,sex_f,age_aggregate_y55_64,geo_cov_nat,2011,11.468
cyp,sex_f,age_aggregate_y55_64,geo_cov_nat,2012,15.027
cyp,sex_f,age_aggregate_y55_64,geo_cov_nat,2013,17.02
cyp,sex_f,age_aggregate_y55_64,geo_cov_nat,2014,22.538
cyp,sex_f,age_aggregate_y55_64,geo_cov_nat,2015,21.902
cyp,sex_f,age_aggregate_y55_64,geo_cov_nat,2016,15.517
cyp,sex_f,age_aggregate_y55_64,geo_cov_nat,2017,10.14
cyp,sex_f,age_aggregate_y55_64,geo_cov_nat,2018,9.709
cyp,sex_f,age_aggregate_y55_64,geo_cov_nat,2019,8.977
cyp,sex_f,age_aggregate_y55_64,geo_cov_nat,2020,8.449
cyp,sex_f,age_aggregate_y55_64,geo_cov_nat,2021,10.402
cyp,sex_f,age_aggregate_y55_64,geo_cov_nat,2022,7.363
cyp,sex_f,age_aggregate_y55_64,geo_cov_nat,2023,5.014
cyp,sex_f,age_aggregate_y55_64,geo_cov_nat,2024,4.37
cyp,sex_f,age_aggregate_y55_64,geo_cov_rur,1999,10.427
cyp,sex_f,age_aggregate_y55_64,geo_cov_rur,2001,12.188
cyp,sex_f,age_aggregate_y55_64,geo_cov_rur,2002,8.237
cyp,sex_f,age_aggregate_y55_64,geo_cov_rur,2004,6.139
cyp,sex_f,age_aggregate_y55_64,geo_cov_rur,2005,9.617
cyp,sex_f,age_aggregate_y55_64,geo_cov_rur,2006,12.039
cyp,sex_f,age_aggregate_y55_64,geo_cov_rur,2007,8.36
cyp,sex_f,age_aggregate_y55_64,geo_cov_rur,2008,13.226
cyp,sex_f,age_aggregate_y55_64,geo_cov_rur,2009,10.737
cyp,sex_f,age_aggregate_y55_64,geo_cov_rur,2010,10.35
cyp,sex_f,age_aggregate_y55_64,geo_cov_rur,2011,13.709
cyp,sex_f,age_aggregate_y55_64,geo_cov_rur,2012,19.315
cyp,sex_f,age_aggregate_y55_64,geo_cov_rur,2013,16.163
cyp,sex_f,age_aggregate_y55_64,geo_cov_rur,2014,18.888
cyp,sex_f,age_aggregate_y55_64,geo_cov_rur,2015,25.097
cyp,sex_f,age_aggregate_y55_64,geo_cov_rur,2016,20.167
cyp,sex_f,age_aggregate_y55_64,geo_cov_rur,2017,15.015
cyp,sex_f,age_aggregate_y55_64,geo_cov_rur,2018,14.41
cyp,sex_f,age_aggregate_y55_64,geo_cov_rur,2019,8.98
cyp,sex_f,age_aggregate_y55_64,geo_cov_rur,2020,9.152
cyp,sex_f,age_aggregate_y55_64,geo_cov_rur,2021,7.722
cyp,sex_f,age_aggregate_y55_64,geo_cov_rur,2022,6.028
cyp,sex_f,age_aggregate_y55_64,geo_cov_rur,2023,4.464
cyp,sex_f,age_aggregate_y55_64,geo_cov_rur,2024,3.487
cyp,sex_f,age_aggregate_y55_64,geo_cov_urb,1999,10.86
cyp,sex_f,age_aggregate_y55_64,geo_cov_urb,2000,8.644
cyp,sex_f,age_aggregate_y55_64,geo_cov_urb,2001,9.132
cyp,sex_f,age_aggregate_y55_64,geo_cov_urb,2002,6.124
cyp,sex_f,age_aggregate_y55_64,geo_cov_urb,2003,6.023
cyp,sex_f,age_aggregate_y55_64,geo_cov_urb,2004,9.608
cyp,sex_f,age_aggregate_y55_64,geo_cov_urb,2005,11.493
cyp,sex_f,age_aggregate_y55_64,geo_cov_urb,2006,7.26
cyp,sex_f,age_aggregate_y55_64,geo_cov_urb,2007,4.335
cyp,sex_f,age_aggregate_y55_64,geo_cov_urb,2008,4.534
cyp,sex_f,age_aggregate_y55_64,geo_cov_urb,2009,5.626
cyp,sex_f,age_aggregate_y55_64,geo_cov_urb,2010,8.732
cyp,sex_f,age_aggregate_y55_64,geo_cov_urb,2011,10.538
cyp,sex_f,age_aggregate_y55_64,geo_cov_urb,2012,13.574
cyp,sex_f,age_aggregate_y55_64,geo_cov_urb,2013,17.34
cyp,sex_f,age_aggregate_y55_64,geo_cov_urb,2014,23.647
cyp,sex_f,age_aggregate_y55_64,geo_cov_urb,2015,20.916
cyp,sex_f,age_aggregate_y55_64,geo_cov_urb,2016,14.074
cyp,sex_f,age_aggregate_y55_64,geo_cov_urb,2017,9.014
cyp,sex_f,age_aggregate_y55_64,geo_cov_urb,2018,8.591
cyp,sex_f,age_aggregate_y55_64,geo_cov_urb,2019,8.977
cyp,sex_f,age_aggregate_y55_64,geo_cov_urb,2020,8.312
cyp,sex_f,age_aggregate_y55_64,geo_cov_urb,2021,10.994
cyp,sex_f,age_aggregate_y55_64,geo_cov_urb,2022,7.621
cyp,sex_f,age_aggregate_y55_64,geo_cov_urb,2023,5.135
cyp,sex_f,age_aggregate_y55_64,geo_cov_urb,2024,4.546
cyp,sex_f,age_aggregate_yge65,geo_cov_nat,2005,3.719
cyp,sex_f,age_aggregate_yge65,geo_cov_nat,2009,2.784
cyp,sex_f,age_aggregate_yge65,geo_cov_nat,2010,0
cyp,sex_f,age_aggregate_yge65,geo_cov_nat,2011,6.682
cyp,sex_f,age_aggregate_yge65,geo_cov_nat,2012,8.92
cyp,sex_f,age_aggregate_yge65,geo_cov_nat,2013,16.587
cyp,sex_f,age_aggregate_yge65,geo_cov_nat,2014,20.612
cyp,sex_f,age_aggregate_yge65,geo_cov_nat,2015,20.681
cyp,sex_f,age_aggregate_yge65,geo_cov_nat,2016,8.511
cyp,sex_f,age_aggregate_yge65,geo_cov_nat,2017,7.048
cyp,sex_f,age_aggregate_yge65,geo_cov_nat,2019,4.094
cyp,sex_f,age_aggregate_yge65,geo_cov_nat,2020,2.765
cyp,sex_f,age_aggregate_yge65,geo_cov_nat,2021,8.854
cyp,sex_f,age_aggregate_yge65,geo_cov_nat,2022,2.688
cyp,sex_f,age_aggregate_yge65,geo_cov_nat,2023,4.185
cyp,sex_f,age_aggregate_yge65,geo_cov_nat,2024,4.58
cyp,sex_f,age_aggregate_yge65,geo_cov_rur,2011,5.683
cyp,sex_f,age_aggregate_yge65,geo_cov_rur,2012,9.558
cyp,sex_f,age_aggregate_yge65,geo_cov_rur,2013,16.076
cyp,sex_f,age_aggregate_yge65,geo_cov_rur,2014,8.361
cyp,sex_f,age_aggregate_yge65,geo_cov_rur,2015,13.484
cyp,sex_f,age_aggregate_yge65,geo_cov_rur,2016,7.658
cyp,sex_f,age_aggregate_yge65,geo_cov_urb,2005,7.567
cyp,sex_f,age_aggregate_yge65,geo_cov_urb,2009,4.971
cyp,sex_f,age_aggregate_yge65,geo_cov_urb,2011,7.727
cyp,sex_f,age_aggregate_yge65,geo_cov_urb,2012,8.503
cyp,sex_f,age_aggregate_yge65,geo_cov_urb,2013,16.932
cyp,sex_f,age_aggregate_yge65,geo_cov_urb,2014,28.566
cyp,sex_f,age_aggregate_yge65,geo_cov_urb,2015,24.474
cyp,sex_f,age_aggregate_yge65,geo_cov_urb,2016,8.989
cyp,sex_f,age_aggregate_yge65,geo_cov_urb,2017,5.91
cyp,sex_f,age_aggregate_yge65,geo_cov_urb,2021,10.138
cyp,sex_f,age_aggregate_yge65,geo_cov_urb,2022,3.317
cyp,sex_f,age_aggregate_yge65,geo_cov_urb,2023,5.078
cyp,sex_f,age_aggregate_yge65,geo_cov_urb,2024,4.96
cyp,sex_f,age_ythadult_y15_24,geo_cov_nat,1999,15.627
cyp,sex_f,age_ythadult_y15_24,geo_cov_nat,2000,14.493
cyp,sex_f,age_ythadult_y15_24,geo_cov_nat,2001,12.703
cyp,sex_f,age_ythadult_y15_24,geo_cov_nat,2002,8.479
cyp,sex_f,age_ythadult_y15_24,geo_cov_nat,2003,11.126
cyp,sex_f,age_ythadult_y15_24,geo_cov_nat,2004,15.556
cyp,sex_f,age_ythadult_y15_24,geo_cov_nat,2005,19.388
cyp,sex_f,age_ythadult_y15_24,geo_cov_nat,2006,14.425
cyp,sex_f,age_ythadult_y15_24,geo_cov_nat,2007,11.58
cyp,sex_f,age_ythadult_y15_24,geo_cov_nat,2008,12.049
cyp,sex_f,age_ythadult_y15_24,geo_cov_nat,2009,17.141
cyp,sex_f,age_ythadult_y15_24,geo_cov_nat,2010,20.522
cyp,sex_f,age_ythadult_y15_24,geo_cov_nat,2011,26.806
cyp,sex_f,age_ythadult_y15_24,geo_cov_nat,2012,33.039
cyp,sex_f,age_ythadult_y15_24,geo_cov_nat,2013,46.188
cyp,sex_f,age_ythadult_y15_24,geo_cov_nat,2014,42.981
cyp,sex_f,age_ythadult_y15_24,geo_cov_nat,2015,37.797
cyp,sex_f,age_ythadult_y15_24,geo_cov_nat,2016,37.35
cyp,sex_f,age_ythadult_y15_24,geo_cov_nat,2017,27.361
cyp,sex_f,age_ythadult_y15_24,geo_cov_nat,2018,19.24
cyp,sex_f,age_ythadult_y15_24,geo_cov_nat,2019,16.644
cyp,sex_f,age_ythadult_y15_24,geo_cov_nat,2020,15.829
cyp,sex_f,age_ythadult_y15_24,geo_cov_nat,2021,21.326
cyp,sex_f,age_ythadult_y15_24,geo_cov_nat,2022,22.041
cyp,sex_f,age_ythadult_y15_24,geo_cov_nat,2023,19.673
cyp,sex_f,age_ythadult_y15_24,geo_cov_nat,2024,16.181
cyp,sex_f,age_ythadult_y15_24,geo_cov_rur,1999,10.877
cyp,sex_f,age_ythadult_y15_24,geo_cov_rur,2000,14.82
cyp,sex_f,age_ythadult_y15_24,geo_cov_rur,2001,7.465
cyp,sex_f,age_ythadult_y15_24,geo_cov_rur,2002,8.912
cyp,sex_f,age_ythadult_y15_24,geo_cov_rur,2003,10.393
cyp,sex_f,age_ythadult_y15_24,geo_cov_rur,2004,17.523
cyp,sex_f,age_ythadult_y15_24,geo_cov_rur,2005,20.437
cyp,sex_f,age_ythadult_y15_24,geo_cov_rur,2006,12.614
cyp,sex_f,age_ythadult_y15_24,geo_cov_rur,2007,14.168
cyp,sex_f,age_ythadult_y15_24,geo_cov_rur,2008,14.191
cyp,sex_f,age_ythadult_y15_24,geo_cov_rur,2009,19.369
cyp,sex_f,age_ythadult_y15_24,geo_cov_rur,2010,16.031
cyp,sex_f,age_ythadult_y15_24,geo_cov_rur,2011,31.642
cyp,sex_f,age_ythadult_y15_24,geo_cov_rur,2012,38.069
cyp,sex_f,age_ythadult_y15_24,geo_cov_rur,2013,47.497
cyp,sex_f,age_ythadult_y15_24,geo_cov_rur,2014,44.237
cyp,sex_f,age_ythadult_y15_24,geo_cov_rur,2015,37.682
cyp,sex_f,age_ythadult_y15_24,geo_cov_rur,2016,39.018
cyp,sex_f,age_ythadult_y15_24,geo_cov_rur,2017,23.27
cyp,sex_f,age_ythadult_y15_24,geo_cov_rur,2018,16.133
cyp,sex_f,age_ythadult_y15_24,geo_cov_rur,2019,15.757
cyp,sex_f,age_ythadult_y15_24,geo_cov_rur,2020,11.358
cyp,sex_f,age_ythadult_y15_24,geo_cov_rur,2021,27.006
cyp,sex_f,age_ythadult_y15_24,geo_cov_rur,2022,23.923
cyp,sex_f,age_ythadult_y15_24,geo_cov_rur,2023,24.159
cyp,sex_f,age_ythadult_y15_24,geo_cov_rur,2024,16.636
cyp,sex_f,age_ythadult_y15_24,geo_cov_urb,1999,17.89
cyp,sex_f,age_ythadult_y15_24,geo_cov_urb,2000,14.359
cyp,sex_f,age_ythadult_y15_24,geo_cov_urb,2001,15.305
cyp,sex_f,age_ythadult_y15_24,geo_cov_urb,2002,8.188
cyp,sex_f,age_ythadult_y15_24,geo_cov_urb,2003,11.697
cyp,sex_f,age_ythadult_y15_24,geo_cov_urb,2004,14.602
cyp,sex_f,age_ythadult_y15_24,geo_cov_urb,2005,19.011
cyp,sex_f,age_ythadult_y15_24,geo_cov_urb,2006,14.901
cyp,sex_f,age_ythadult_y15_24,geo_cov_urb,2007,10.698
cyp,sex_f,age_ythadult_y15_24,geo_cov_urb,2008,11.208
cyp,sex_f,age_ythadult_y15_24,geo_cov_urb,2009,16.294
cyp,sex_f,age_ythadult_y15_24,geo_cov_urb,2010,22.056
cyp,sex_f,age_ythadult_y15_24,geo_cov_urb,2011,25.215
cyp,sex_f,age_ythadult_y15_24,geo_cov_urb,2012,31.573
cyp,sex_f,age_ythadult_y15_24,geo_cov_urb,2013,45.807
cyp,sex_f,age_ythadult_y15_24,geo_cov_urb,2014,42.53
cyp,sex_f,age_ythadult_y15_24,geo_cov_urb,2015,37.846
cyp,sex_f,age_ythadult_y15_24,geo_cov_urb,2016,36.926
cyp,sex_f,age_ythadult_y15_24,geo_cov_urb,2017,28.332
cyp,sex_f,age_ythadult_y15_24,geo_cov_urb,2018,19.962
cyp,sex_f,age_ythadult_y15_24,geo_cov_urb,2019,16.837
cyp,sex_f,age_ythadult_y15_24,geo_cov_urb,2020,17.064
cyp,sex_f,age_ythadult_y15_24,geo_cov_urb,2021,19.816
cyp,sex_f,age_ythadult_y15_24,geo_cov_urb,2022,21.619
cyp,sex_f,age_ythadult_y15_24,geo_cov_urb,2023,18.838
cyp,sex_f,age_ythadult_y15_24,geo_cov_urb,2024,16.09
cyp,sex_f,age_ythadult_y15_64,geo_cov_nat,1999,13.138
cyp,sex_f,age_ythadult_y15_64,geo_cov_nat,2000,10.758
cyp,sex_f,age_ythadult_y15_64,geo_cov_nat,2001,7.812
cyp,sex_f,age_ythadult_y15_64,geo_cov_nat,2002,5.336
cyp,sex_f,age_ythadult_y15_64,geo_cov_nat,2003,6.245
cyp,sex_f,age_ythadult_y15_64,geo_cov_nat,2004,9.277
cyp,sex_f,age_ythadult_y15_64,geo_cov_nat,2005,10.395
cyp,sex_f,age_ythadult_y15_64,geo_cov_nat,2006,8.39
cyp,sex_f,age_ythadult_y15_64,geo_cov_nat,2007,7.015
cyp,sex_f,age_ythadult_y15_64,geo_cov_nat,2008,6.352
cyp,sex_f,age_ythadult_y15_64,geo_cov_nat,2009,7.685
cyp,sex_f,age_ythadult_y15_64,geo_cov_nat,2010,9.245
cyp,sex_f,age_ythadult_y15_64,geo_cov_nat,2011,11.672
cyp,sex_f,age_ythadult_y15_64,geo_cov_nat,2012,15.32
cyp,sex_f,age_ythadult_y15_64,geo_cov_nat,2013,20.333
cyp,sex_f,age_ythadult_y15_64,geo_cov_nat,2014,20.076
cyp,sex_f,age_ythadult_y15_64,geo_cov_nat,2015,19.752
cyp,sex_f,age_ythadult_y15_64,geo_cov_nat,2016,17.548
cyp,sex_f,age_ythadult_y15_64,geo_cov_nat,2017,14.86
cyp,sex_f,age_ythadult_y15_64,geo_cov_nat,2018,11.752
cyp,sex_f,age_ythadult_y15_64,geo_cov_nat,2019,10.156
cyp,sex_f,age_ythadult_y15_64,geo_cov_nat,2020,9.652
cyp,sex_f,age_ythadult_y15_64,geo_cov_nat,2021,11.274
cyp,sex_f,age_ythadult_y15_64,geo_cov_nat,2022,9.914
cyp,sex_f,age_ythadult_y15_64,geo_cov_nat,2023,7.877
cyp,sex_f,age_ythadult_y15_64,geo_cov_nat,2024,6.769
cyp,sex_f,age_ythadult_y15_64,geo_cov_rur,1999,10.834
cyp,sex_f,age_ythadult_y15_64,geo_cov_rur,2000,9.724
cyp,sex_f,age_ythadult_y15_64,geo_cov_rur,2001,8.364
cyp,sex_f,age_ythadult_y15_64,geo_cov_rur,2002,6.311
cyp,sex_f,age_ythadult_y15_64,geo_cov_rur,2004,9.366
cyp,sex_f,age_ythadult_y15_64,geo_cov_rur,2005,11.832
cyp,sex_f,age_ythadult_y15_64,geo_cov_rur,2006,8.894
cyp,sex_f,age_ythadult_y15_64,geo_cov_rur,2007,7.983
cyp,sex_f,age_ythadult_y15_64,geo_cov_rur,2008,8.712
cyp,sex_f,age_ythadult_y15_64,geo_cov_rur,2009,10.615
cyp,sex_f,age_ythadult_y15_64,geo_cov_rur,2010,10.536
cyp,sex_f,age_ythadult_y15_64,geo_cov_rur,2011,13.379
cyp,sex_f,age_ythadult_y15_64,geo_cov_rur,2012,17.556
cyp,sex_f,age_ythadult_y15_64,geo_cov_rur,2013,20.034
cyp,sex_f,age_ythadult_y15_64,geo_cov_rur,2014,20.423
cyp,sex_f,age_ythadult_y15_64,geo_cov_rur,2015,23.389
cyp,sex_f,age_ythadult_y15_64,geo_cov_rur,2016,18.5
cyp,sex_f,age_ythadult_y15_64,geo_cov_rur,2017,14.986
cyp,sex_f,age_ythadult_y15_64,geo_cov_rur,2018,12.314
cyp,sex_f,age_ythadult_y15_64,geo_cov_rur,2019,10.544
cyp,sex_f,age_ythadult_y15_64,geo_cov_rur,2020,12.08
cyp,sex_f,age_ythadult_y15_64,geo_cov_rur,2021,12.694
cyp,sex_f,age_ythadult_y15_64,geo_cov_rur,2022,8.58
cyp,sex_f,age_ythadult_y15_64,geo_cov_rur,2023,7.103
cyp,sex_f,age_ythadult_y15_64,geo_cov_rur,2024,7.28
cyp,sex_f,age_ythadult_y15_64,geo_cov_urb,1999,14.161
cyp,sex_f,age_ythadult_y15_64,geo_cov_urb,2000,11.231
cyp,sex_f,age_ythadult_y15_64,geo_cov_urb,2001,7.563
cyp,sex_f,age_ythadult_y15_64,geo_cov_urb,2002,4.854
cyp,sex_f,age_ythadult_y15_64,geo_cov_urb,2003,5.97
cyp,sex_f,age_ythadult_y15_64,geo_cov_urb,2004,9.245
cyp,sex_f,age_ythadult_y15_64,geo_cov_urb,2005,9.919
cyp,sex_f,age_ythadult_y15_64,geo_cov_urb,2006,8.234
cyp,sex_f,age_ythadult_y15_64,geo_cov_urb,2007,6.699
cyp,sex_f,age_ythadult_y15_64,geo_cov_urb,2008,5.533
cyp,sex_f,age_ythadult_y15_64,geo_cov_urb,2009,6.645
cyp,sex_f,age_ythadult_y15_64,geo_cov_urb,2010,8.794
cyp,sex_f,age_ythadult_y15_64,geo_cov_urb,2011,11.088
cyp,sex_f,age_ythadult_y15_64,geo_cov_urb,2012,14.65
cyp,sex_f,age_ythadult_y15_64,geo_cov_urb,2013,20.425
cyp,sex_f,age_ythadult_y15_64,geo_cov_urb,2014,19.97
cyp,sex_f,age_ythadult_y15_64,geo_cov_urb,2015,18.67
cyp,sex_f,age_ythadult_y15_64,geo_cov_urb,2016,17.276
cyp,sex_f,age_ythadult_y15_64,geo_cov_urb,2017,14.829
cyp,sex_f,age_ythadult_y15_64,geo_cov_urb,2018,11.63
cyp,sex_f,age_ythadult_y15_64,geo_cov_urb,2019,10.074
cyp,sex_f,age_ythadult_y15_64,geo_cov_urb,2020,9.103
cyp,sex_f,age_ythadult_y15_64,geo_cov_urb,2021,10.934
cyp,sex_f,age_ythadult_y15_64,geo_cov_urb,2022,10.204
cyp,sex_f,age_ythadult_y15_64,geo_cov_urb,2023,8.035
cyp,sex_f,age_ythadult_y15_64,geo_cov_urb,2024,6.668
cyp,sex_f,age_ythadult_yge15,geo_cov_nat,1999,13.036
cyp,sex_f,age_ythadult_yge15,geo_cov_nat,2000,10.693
cyp,sex_f,age_ythadult_yge15,geo_cov_nat,2001,7.786
cyp,sex_f,age_ythadult_yge15,geo_cov_nat,2002,5.274
cyp,sex_f,age_ythadult_yge15,geo_cov_nat,2003,6.201
cyp,sex_f,age_ythadult_yge15,geo_cov_nat,2004,9.188
cyp,sex_f,age_ythadult_yge15,geo_cov_nat,2005,10.302
cyp,sex_f,age_ythadult_yge15,geo_cov_nat,2006,8.293
cyp,sex_f,age_ythadult_yge15,geo_cov_nat,2007,6.928
cyp,sex_f,age_ythadult_yge15,geo_cov_nat,2008,6.298
cyp,sex_f,age_ythadult_yge15,geo_cov_nat,2009,7.596
cyp,sex_f,age_ythadult_yge15,geo_cov_nat,2010,9.091
cyp,sex_f,age_ythadult_yge15,geo_cov_nat,2011,11.589
cyp,sex_f,age_ythadult_yge15,geo_cov_nat,2012,15.226
cyp,sex_f,age_ythadult_yge15,geo_cov_nat,2013,20.287
cyp,sex_f,age_ythadult_yge15,geo_cov_nat,2014,20.082
cyp,sex_f,age_ythadult_yge15,geo_cov_nat,2015,19.766
cyp,sex_f,age_ythadult_yge15,geo_cov_nat,2016,17.413
cyp,sex_f,age_ythadult_yge15,geo_cov_nat,2017,14.755
cyp,sex_f,age_ythadult_yge15,geo_cov_nat,2018,11.653
cyp,sex_f,age_ythadult_yge15,geo_cov_nat,2019,10.07
cyp,sex_f,age_ythadult_yge15,geo_cov_nat,2020,9.539
cyp,sex_f,age_ythadult_yge15,geo_cov_nat,2021,11.237
cyp,sex_f,age_ythadult_yge15,geo_cov_nat,2022,9.781
cyp,sex_f,age_ythadult_yge15,geo_cov_nat,2023,7.793
cyp,sex_f,age_ythadult_yge15,geo_cov_nat,2024,6.721
cyp,sex_f,age_ythadult_yge15,geo_cov_rur,1999,10.695
cyp,sex_f,age_ythadult_yge15,geo_cov_rur,2000,9.494
cyp,sex_f,age_ythadult_yge15,geo_cov_rur,2001,8.163
cyp,sex_f,age_ythadult_yge15,geo_cov_rur,2002,6.152
cyp,sex_f,age_ythadult_yge15,geo_cov_rur,2003,6.704
cyp,sex_f,age_ythadult_yge15,geo_cov_rur,2004,9.077
cyp,sex_f,age_ythadult_yge15,geo_cov_rur,2005,11.499
cyp,sex_f,age_ythadult_yge15,geo_cov_rur,2006,8.676
cyp,sex_f,age_ythadult_yge15,geo_cov_rur,2007,7.803
cyp,sex_f,age_ythadult_yge15,geo_cov_rur,2008,8.523
cyp,sex_f,age_ythadult_yge15,geo_cov_rur,2009,10.26
cyp,sex_f,age_ythadult_yge15,geo_cov_rur,2010,10.176
cyp,sex_f,age_ythadult_yge15,geo_cov_rur,2011,13.127
cyp,sex_f,age_ythadult_yge15,geo_cov_rur,2012,17.358
cyp,sex_f,age_ythadult_yge15,geo_cov_rur,2013,19.95
cyp,sex_f,age_ythadult_yge15,geo_cov_rur,2014,20.186
cyp,sex_f,age_ythadult_yge15,geo_cov_rur,2015,23.18
cyp,sex_f,age_ythadult_yge15,geo_cov_rur,2016,18.24
cyp,sex_f,age_ythadult_yge15,geo_cov_rur,2017,14.882
cyp,sex_f,age_ythadult_yge15,geo_cov_rur,2018,12.245
cyp,sex_f,age_ythadult_yge15,geo_cov_rur,2019,10.577
cyp,sex_f,age_ythadult_yge15,geo_cov_rur,2020,11.895
cyp,sex_f,age_ythadult_yge15,geo_cov_rur,2021,12.529
cyp,sex_f,age_ythadult_yge15,geo_cov_rur,2022,8.412
cyp,sex_f,age_ythadult_yge15,geo_cov_rur,2023,6.936
cyp,sex_f,age_ythadult_yge15,geo_cov_rur,2024,7.176
cyp,sex_f,age_ythadult_yge15,geo_cov_urb,1999,14.083
cyp,sex_f,age_ythadult_yge15,geo_cov_urb,2000,11.25
cyp,sex_f,age_ythadult_yge15,geo_cov_urb,2001,7.613
cyp,sex_f,age_ythadult_yge15,geo_cov_urb,2002,4.831
cyp,sex_f,age_ythadult_yge15,geo_cov_urb,2003,5.93
cyp,sex_f,age_ythadult_yge15,geo_cov_urb,2004,9.228
cyp,sex_f,age_ythadult_yge15,geo_cov_urb,2005,9.897
cyp,sex_f,age_ythadult_yge15,geo_cov_urb,2006,8.173
cyp,sex_f,age_ythadult_yge15,geo_cov_urb,2007,6.638
cyp,sex_f,age_ythadult_yge15,geo_cov_urb,2008,5.516
cyp,sex_f,age_ythadult_yge15,geo_cov_urb,2009,6.625
cyp,sex_f,age_ythadult_yge15,geo_cov_urb,2010,8.703
cyp,sex_f,age_ythadult_yge15,geo_cov_urb,2011,11.052
cyp,sex_f,age_ythadult_yge15,geo_cov_urb,2012,14.579
cyp,sex_f,age_ythadult_yge15,geo_cov_urb,2013,20.391
cyp,sex_f,age_ythadult_yge15,geo_cov_urb,2014,20.05
cyp,sex_f,age_ythadult_yge15,geo_cov_urb,2015,18.74
cyp,sex_f,age_ythadult_yge15,geo_cov_urb,2016,17.174
cyp,sex_f,age_ythadult_yge15,geo_cov_urb,2017,14.725
cyp,sex_f,age_ythadult_yge15,geo_cov_urb,2018,11.523
cyp,sex_f,age_ythadult_yge15,geo_cov_urb,2019,9.961
cyp,sex_f,age_ythadult_yge15,geo_cov_urb,2020,9
cyp,sex_f,age_ythadult_yge15,geo_cov_urb,2021,10.923
cyp,sex_f,age_ythadult_yge15,geo_cov_urb,2022,10.079
cyp,sex_f,age_ythadult_yge15,geo_cov_urb,2023,7.968
cyp,sex_f,age_ythadult_yge15,geo_cov_urb,2024,6.631
cyp,sex_f,age_ythadult_yge25,geo_cov_nat,1999,12.575
cyp,sex_f,age_ythadult_yge25,geo_cov_nat,2000,10.062
cyp,sex_f,age_ythadult_yge25,geo_cov_nat,2001,7.004
cyp,sex_f,age_ythadult_yge25,geo_cov_nat,2002,4.827
cyp,sex_f,age_ythadult_yge25,geo_cov_nat,2003,5.522
cyp,sex_f,age_ythadult_yge25,geo_cov_nat,2004,8.349
cyp,sex_f,age_ythadult_yge25,geo_cov_nat,2005,9.054
cyp,sex_f,age_ythadult_yge25,geo_cov_nat,2006,7.501
cyp,sex_f,age_ythadult_yge25,geo_cov_nat,2007,6.338
cyp,sex_f,age_ythadult_yge25,geo_cov_nat,2008,5.552
cyp,sex_f,age_ythadult_yge25,geo_cov_nat,2009,6.399
cyp,sex_f,age_ythadult_yge25,geo_cov_nat,2010,7.643
cyp,sex_f,age_ythadult_yge25,geo_cov_nat,2011,9.874
cyp,sex_f,age_ythadult_yge25,geo_cov_nat,2012,13.215
cyp,sex_f,age_ythadult_yge25,geo_cov_nat,2013,17.106
cyp,sex_f,age_ythadult_yge25,geo_cov_nat,2014,17.158
cyp,sex_f,age_ythadult_yge25,geo_cov_nat,2015,17.712
cyp,sex_f,age_ythadult_yge25,geo_cov_nat,2016,15.216
cyp,sex_f,age_ythadult_yge25,geo_cov_nat,2017,13.373
cyp,sex_f,age_ythadult_yge25,geo_cov_nat,2018,10.812
cyp,sex_f,age_ythadult_yge25,geo_cov_nat,2019,9.396
cyp,sex_f,age_ythadult_yge25,geo_cov_nat,2020,8.946
cyp,sex_f,age_ythadult_yge25,geo_cov_nat,2021,10.249
cyp,sex_f,age_ythadult_yge25,geo_cov_nat,2022,8.572
cyp,sex_f,age_ythadult_yge25,geo_cov_nat,2023,6.923
cyp,sex_f,age_ythadult_yge25,geo_cov_nat,2024,6.063
cyp,sex_f,age_ythadult_yge25,geo_cov_rur,1999,10.662
cyp,sex_f,age_ythadult_yge25,geo_cov_rur,2000,8.691
cyp,sex_f,age_ythadult_yge25,geo_cov_rur,2001,8.282
cyp,sex_f,age_ythadult_yge25,geo_cov_rur,2002,5.679
cyp,sex_f,age_ythadult_yge25,geo_cov_rur,2003,6.045
cyp,sex_f,age_ythadult_yge25,geo_cov_rur,2004,7.655
cyp,sex_f,age_ythadult_yge25,geo_cov_rur,2005,10.206
cyp,sex_f,age_ythadult_yge25,geo_cov_rur,2006,8.239
cyp,sex_f,age_ythadult_yge25,geo_cov_rur,2007,6.976
cyp,sex_f,age_ythadult_yge25,geo_cov_rur,2008,7.716
cyp,sex_f,age_ythadult_yge25,geo_cov_rur,2009,9.077
cyp,sex_f,age_ythadult_yge25,geo_cov_rur,2010,9.463
cyp,sex_f,age_ythadult_yge25,geo_cov_rur,2011,11.141
cyp,sex_f,age_ythadult_yge25,geo_cov_rur,2012,15.1
cyp,sex_f,age_ythadult_yge25,geo_cov_rur,2013,16.733
cyp,sex_f,age_ythadult_yge25,geo_cov_rur,2014,16.689
cyp,sex_f,age_ythadult_yge25,geo_cov_rur,2015,20.958
cyp,sex_f,age_ythadult_yge25,geo_cov_rur,2016,16.192
cyp,sex_f,age_ythadult_yge25,geo_cov_rur,2017,13.974
cyp,sex_f,age_ythadult_yge25,geo_cov_rur,2018,11.79
cyp,sex_f,age_ythadult_yge25,geo_cov_rur,2019,10.041
cyp,sex_f,age_ythadult_yge25,geo_cov_rur,2020,11.955
cyp,sex_f,age_ythadult_yge25,geo_cov_rur,2021,10.993
cyp,sex_f,age_ythadult_yge25,geo_cov_rur,2022,6.837
cyp,sex_f,age_ythadult_yge25,geo_cov_rur,2023,5.775
cyp,sex_f,age_ythadult_yge25,geo_cov_rur,2024,6.514
cyp,sex_f,age_ythadult_yge25,geo_cov_urb,1999,13.422
cyp,sex_f,age_ythadult_yge25,geo_cov_urb,2000,10.712
cyp,sex_f,age_ythadult_yge25,geo_cov_urb,2001,6.427
cyp,sex_f,age_ythadult_yge25,geo_cov_urb,2002,4.415
cyp,sex_f,age_ythadult_yge25,geo_cov_urb,2003,5.255
cyp,sex_f,age_ythadult_yge25,geo_cov_urb,2004,8.588
cyp,sex_f,age_ythadult_yge25,geo_cov_urb,2005,8.668
cyp,sex_f,age_ythadult_yge25,geo_cov_urb,2006,7.264
cyp,sex_f,age_ythadult_yge25,geo_cov_urb,2007,6.128
cyp,sex_f,age_ythadult_yge25,geo_cov_urb,2008,4.803
cyp,sex_f,age_ythadult_yge25,geo_cov_urb,2009,5.428
cyp,sex_f,age_ythadult_yge25,geo_cov_urb,2010,6.988
cyp,sex_f,age_ythadult_yge25,geo_cov_urb,2011,9.428
cyp,sex_f,age_ythadult_yge25,geo_cov_urb,2012,12.64
cyp,sex_f,age_ythadult_yge25,geo_cov_urb,2013,17.222
cyp,sex_f,age_ythadult_yge25,geo_cov_urb,2014,17.3
cyp,sex_f,age_ythadult_yge25,geo_cov_urb,2015,16.779
cyp,sex_f,age_ythadult_yge25,geo_cov_urb,2016,14.93
cyp,sex_f,age_ythadult_yge25,geo_cov_urb,2017,13.228
cyp,sex_f,age_ythadult_yge25,geo_cov_urb,2018,10.6
cyp,sex_f,age_ythadult_yge25,geo_cov_urb,2019,9.258
cyp,sex_f,age_ythadult_yge25,geo_cov_urb,2020,8.27
cyp,sex_f,age_ythadult_yge25,geo_cov_urb,2021,10.071
cyp,sex_f,age_ythadult_yge25,geo_cov_urb,2022,8.948
cyp,sex_f,age_ythadult_yge25,geo_cov_urb,2023,7.159
cyp,sex_f,age_ythadult_yge25,geo_cov_urb,2024,5.973
cyp,sex_m,age_aggregate_total,geo_cov_nat,1999,5.605
cyp,sex_m,age_aggregate_total,geo_cov_nat,2000,3.858
cyp,sex_m,age_aggregate_total,geo_cov_nat,2001,3.341
cyp,sex_m,age_aggregate_total,geo_cov_nat,2002,3.004
cyp,sex_m,age_aggregate_total,geo_cov_nat,2003,4.34
cyp,sex_m,age_aggregate_total,geo_cov_nat,2004,4.268
cyp,sex_m,age_aggregate_total,geo_cov_nat,2005,5.626
cyp,sex_m,age_aggregate_total,geo_cov_nat,2006,4.744
cyp,sex_m,age_aggregate_total,geo_cov_nat,2007,4.097
cyp,sex_m,age_aggregate_total,geo_cov_nat,2008,3.868
cyp,sex_m,age_aggregate_total,geo_cov_nat,2009,6.407
cyp,sex_m,age_aggregate_total,geo_cov_nat,2010,8.284
cyp,sex_m,age_aggregate_total,geo_cov_nat,2011,10.509
cyp,sex_m,age_aggregate_total,geo_cov_nat,2012,14.998
cyp,sex_m,age_aggregate_total,geo_cov_nat,2013,19.476
cyp,sex_m,age_aggregate_total,geo_cov_nat,2014,19.95
cyp,sex_m,age_aggregate_total,geo_cov_nat,2015,18.093
cyp,sex_m,age_aggregate_total,geo_cov_nat,2016,14.96
cyp,sex_m,age_aggregate_total,geo_cov_nat,2017,13.16
cyp,sex_m,age_aggregate_total,geo_cov_nat,2018,10.068
cyp,sex_m,age_aggregate_total,geo_cov_nat,2019,7.502
cyp,sex_m,age_aggregate_total,geo_cov_nat,2020,8.946
cyp,sex_m,age_aggregate_total,geo_cov_nat,2021,8.932
cyp,sex_m,age_aggregate_total,geo_cov_nat,2022,7.133
cyp,sex_m,age_aggregate_total,geo_cov_nat,2023,6.792
cyp,sex_m,age_aggregate_total,geo_cov_nat,2024,5.55
cyp,sex_m,age_aggregate_total,geo_cov_rur,1999,5.269
cyp,sex_m,age_aggregate_total,geo_cov_rur,2000,3.251
cyp,sex_m,age_aggregate_total,geo_cov_rur,2001,2.443
cyp,sex_m,age_aggregate_total,geo_cov_rur,2002,2.332
cyp,sex_m,age_aggregate_total,geo_cov_rur,2003,3.64
cyp,sex_m,age_aggregate_total,geo_cov_rur,2004,4.042
cyp,sex_m,age_aggregate_total,geo_cov_rur,2005,6.39
cyp,sex_m,age_aggregate_total,geo_cov_rur,2006,4.792
cyp,sex_m,age_aggregate_total,geo_cov_rur,2007,3.857
cyp,sex_m,age_aggregate_total,geo_cov_rur,2008,3.776
cyp,sex_m,age_aggregate_total,geo_cov_rur,2009,6.594
cyp,sex_m,age_aggregate_total,geo_cov_rur,2010,9.63
cyp,sex_m,age_aggregate_total,geo_cov_rur,2011,12.023
cyp,sex_m,age_aggregate_total,geo_cov_rur,2012,16.44
cyp,sex_m,age_aggregate_total,geo_cov_rur,2013,19.786
cyp,sex_m,age_aggregate_total,geo_cov_rur,2014,21.326
cyp,sex_m,age_aggregate_total,geo_cov_rur,2015,18.235
cyp,sex_m,age_aggregate_total,geo_cov_rur,2016,15.175
cyp,sex_m,age_aggregate_total,geo_cov_rur,2017,14.333
cyp,sex_m,age_aggregate_total,geo_cov_rur,2018,10.758
cyp,sex_m,age_aggregate_total,geo_cov_rur,2019,6.652
cyp,sex_m,age_aggregate_total,geo_cov_rur,2020,6.983
cyp,sex_m,age_aggregate_total,geo_cov_rur,2021,7.051
cyp,sex_m,age_aggregate_total,geo_cov_rur,2022,5.617
cyp,sex_m,age_aggregate_total,geo_cov_rur,2023,5.97
cyp,sex_m,age_aggregate_total,geo_cov_rur,2024,5.455
cyp,sex_m,age_aggregate_total,geo_cov_urb,1999,5.794
cyp,sex_m,age_aggregate_total,geo_cov_urb,2000,4.195
cyp,sex_m,age_aggregate_total,geo_cov_urb,2001,3.831
cyp,sex_m,age_aggregate_total,geo_cov_urb,2002,3.407
cyp,sex_m,age_aggregate_total,geo_cov_urb,2003,4.767
cyp,sex_m,age_aggregate_total,geo_cov_urb,2004,4.358
cyp,sex_m,age_aggregate_total,geo_cov_urb,2005,5.326
cyp,sex_m,age_aggregate_total,geo_cov_urb,2006,4.725
cyp,sex_m,age_aggregate_total,geo_cov_urb,2007,4.188
cyp,sex_m,age_aggregate_total,geo_cov_urb,2008,3.904
cyp,sex_m,age_aggregate_total,geo_cov_urb,2009,6.334
cyp,sex_m,age_aggregate_total,geo_cov_urb,2010,7.767
cyp,sex_m,age_aggregate_total,geo_cov_urb,2011,9.933
cyp,sex_m,age_aggregate_total,geo_cov_urb,2012,14.516
cyp,sex_m,age_aggregate_total,geo_cov_urb,2013,19.37
cyp,sex_m,age_aggregate_total,geo_cov_urb,2014,19.472
cyp,sex_m,age_aggregate_total,geo_cov_urb,2015,18.047
cyp,sex_m,age_aggregate_total,geo_cov_urb,2016,14.895
cyp,sex_m,age_aggregate_total,geo_cov_urb,2017,12.87
cyp,sex_m,age_aggregate_total,geo_cov_urb,2018,9.914
cyp,sex_m,age_aggregate_total,geo_cov_urb,2019,7.698
cyp,sex_m,age_aggregate_total,geo_cov_urb,2020,9.429
cyp,sex_m,age_aggregate_total,geo_cov_urb,2021,9.393
cyp,sex_m,age_aggregate_total,geo_cov_urb,2022,7.483
cyp,sex_m,age_aggregate_total,geo_cov_urb,2023,6.971
cyp,sex_m,age_aggregate_total,geo_cov_urb,2024,5.57
cyp,sex_m,age_aggregate_y15_24,geo_cov_nat,1999,13.597
cyp,sex_m,age_aggregate_y15_24,geo_cov_nat,2000,7.724
cyp,sex_m,age_aggregate_y15_24,geo_cov_nat,2001,7.449
cyp,sex_m,age_aggregate_y15_24,geo_cov_nat,2002,8.261
cyp,sex_m,age_aggregate_y15_24,geo_cov_nat,2003,9.292
cyp,sex_m,age_aggregate_y15_24,geo_cov_nat,2004,11.051
cyp,sex_m,age_aggregate_y15_24,geo_cov_nat,2005,15.162
cyp,sex_m,age_aggregate_y15_24,geo_cov_nat,2006,11.869
cyp,sex_m,age_aggregate_y15_24,geo_cov_nat,2007,12.977
cyp,sex_m,age_aggregate_y15_24,geo_cov_nat,2008,10.495
cyp,sex_m,age_aggregate_y15_24,geo_cov_nat,2009,16.491
cyp,sex_m,age_aggregate_y15_24,geo_cov_nat,2010,21.631
cyp,sex_m,age_aggregate_y15_24,geo_cov_nat,2011,28.023
cyp,sex_m,age_aggregate_y15_24,geo_cov_nat,2012,34.85
cyp,sex_m,age_aggregate_y15_24,geo_cov_nat,2013,48.037
cyp,sex_m,age_aggregate_y15_24,geo_cov_nat,2014,44.386
cyp,sex_m,age_aggregate_y15_24,geo_cov_nat,2015,39.771
cyp,sex_m,age_aggregate_y15_24,geo_cov_nat,2016,31.916
cyp,sex_m,age_aggregate_y15_24,geo_cov_nat,2017,32.374
cyp,sex_m,age_aggregate_y15_24,geo_cov_nat,2018,28.604
cyp,sex_m,age_aggregate_y15_24,geo_cov_nat,2019,22.056
cyp,sex_m,age_aggregate_y15_24,geo_cov_nat,2020,26.893
cyp,sex_m,age_aggregate_y15_24,geo_cov_nat,2021,21.932
cyp,sex_m,age_aggregate_y15_24,geo_cov_nat,2022,22.301
cyp,sex_m,age_aggregate_y15_24,geo_cov_nat,2023,20.079
cyp,sex_m,age_aggregate_y15_24,geo_cov_nat,2024,15.074
cyp,sex_m,age_aggregate_y15_24,geo_cov_rur,1999,8.207
cyp,sex_m,age_aggregate_y15_24,geo_cov_rur,2000,6.549
cyp,sex_m,age_aggregate_y15_24,geo_cov_rur,2001,6.492
cyp,sex_m,age_aggregate_y15_24,geo_cov_rur,2002,8.261
cyp,sex_m,age_aggregate_y15_24,geo_cov_rur,2003,3.866
cyp,sex_m,age_aggregate_y15_24,geo_cov_rur,2004,12.259
cyp,sex_m,age_aggregate_y15_24,geo_cov_rur,2005,16.31
cyp,sex_m,age_aggregate_y15_24,geo_cov_rur,2006,10.133
cyp,sex_m,age_aggregate_y15_24,geo_cov_rur,2007,8.966
cyp,sex_m,age_aggregate_y15_24,geo_cov_rur,2008,8.248
cyp,sex_m,age_aggregate_y15_24,geo_cov_rur,2009,14.72
cyp,sex_m,age_aggregate_y15_24,geo_cov_rur,2010,20.587
cyp,sex_m,age_aggregate_y15_24,geo_cov_rur,2011,26.521
cyp,sex_m,age_aggregate_y15_24,geo_cov_rur,2012,34.953
cyp,sex_m,age_aggregate_y15_24,geo_cov_rur,2013,49.822
cyp,sex_m,age_aggregate_y15_24,geo_cov_rur,2014,48.827
cyp,sex_m,age_aggregate_y15_24,geo_cov_rur,2015,37.228
cyp,sex_m,age_aggregate_y15_24,geo_cov_rur,2016,25.218
cyp,sex_m,age_aggregate_y15_24,geo_cov_rur,2017,32.703
cyp,sex_m,age_aggregate_y15_24,geo_cov_rur,2018,26.121
cyp,sex_m,age_aggregate_y15_24,geo_cov_rur,2019,18.873
cyp,sex_m,age_aggregate_y15_24,geo_cov_rur,2020,26.996
cyp,sex_m,age_aggregate_y15_24,geo_cov_rur,2021,16.093
cyp,sex_m,age_aggregate_y15_24,geo_cov_rur,2022,18.464
cyp,sex_m,age_aggregate_y15_24,geo_cov_rur,2023,11.938
cyp,sex_m,age_aggregate_y15_24,geo_cov_rur,2024,12.459
cyp,sex_m,age_aggregate_y15_24,geo_cov_urb,1999,17.689
cyp,sex_m,age_aggregate_y15_24,geo_cov_urb,2000,8.476
cyp,sex_m,age_aggregate_y15_24,geo_cov_urb,2001,7.989
cyp,sex_m,age_aggregate_y15_24,geo_cov_urb,2002,8.261
cyp,sex_m,age_aggregate_y15_24,geo_cov_urb,2003,13.914
cyp,sex_m,age_aggregate_y15_24,geo_cov_urb,2004,10.419
cyp,sex_m,age_aggregate_y15_24,geo_cov_urb,2005,14.584
cyp,sex_m,age_aggregate_y15_24,geo_cov_urb,2006,12.633
cyp,sex_m,age_aggregate_y15_24,geo_cov_urb,2007,15.034
cyp,sex_m,age_aggregate_y15_24,geo_cov_urb,2008,11.488
cyp,sex_m,age_aggregate_y15_24,geo_cov_urb,2009,17.167
cyp,sex_m,age_aggregate_y15_24,geo_cov_urb,2010,22.08
cyp,sex_m,age_aggregate_y15_24,geo_cov_urb,2011,28.679
cyp,sex_m,age_aggregate_y15_24,geo_cov_urb,2012,34.807
cyp,sex_m,age_aggregate_y15_24,geo_cov_urb,2013,47.272
cyp,sex_m,age_aggregate_y15_24,geo_cov_urb,2014,42.469
cyp,sex_m,age_aggregate_y15_24,geo_cov_urb,2015,40.84
cyp,sex_m,age_aggregate_y15_24,geo_cov_urb,2016,34.668
cyp,sex_m,age_aggregate_y15_24,geo_cov_urb,2017,32.259
cyp,sex_m,age_aggregate_y15_24,geo_cov_urb,2018,29.254
cyp,sex_m,age_aggregate_y15_24,geo_cov_urb,2019,22.929
cyp,sex_m,age_aggregate_y15_24,geo_cov_urb,2020,26.863
cyp,sex_m,age_aggregate_y15_24,geo_cov_urb,2021,23.917
cyp,sex_m,age_aggregate_y15_24,geo_cov_urb,2022,23.549
cyp,sex_m,age_aggregate_y15_24,geo_cov_urb,2023,21.832
cyp,sex_m,age_aggregate_y15_24,geo_cov_urb,2024,15.593
cyp,sex_m,age_aggregate_y25_54,geo_cov_nat,1999,4.307
cyp,sex_m,age_aggregate_y25_54,geo_cov_nat,2000,2.968
cyp,sex_m,age_aggregate_y25_54,geo_cov_nat,2001,2.284
cyp,sex_m,age_aggregate_y25_54,geo_cov_nat,2002,2.364
cyp,sex_m,age_aggregate_y25_54,geo_cov_nat,2003,3.502
cyp,sex_m,age_aggregate_y25_54,geo_cov_nat,2004,3.041
cyp,sex_m,age_aggregate_y25_54,geo_cov_nat,2005,4.425
cyp,sex_m,age_aggregate_y25_54,geo_cov_nat,2006,3.936
cyp,sex_m,age_aggregate_y25_54,geo_cov_nat,2007,3.198
cyp,sex_m,age_aggregate_y25_54,geo_cov_nat,2008,3.292
cyp,sex_m,age_aggregate_y25_54,geo_cov_nat,2009,5.444
cyp,sex_m,age_aggregate_y25_54,geo_cov_nat,2010,6.843
cyp,sex_m,age_aggregate_y25_54,geo_cov_nat,2011,8.675
cyp,sex_m,age_aggregate_y25_54,geo_cov_nat,2012,12.474
cyp,sex_m,age_aggregate_y25_54,geo_cov_nat,2013,15.586
cyp,sex_m,age_aggregate_y25_54,geo_cov_nat,2014,15.768
cyp,sex_m,age_aggregate_y25_54,geo_cov_nat,2015,14.397
cyp,sex_m,age_aggregate_y25_54,geo_cov_nat,2016,12.274
cyp,sex_m,age_aggregate_y25_54,geo_cov_nat,2017,11.072
cyp,sex_m,age_aggregate_y25_54,geo_cov_nat,2018,8.207
cyp,sex_m,age_aggregate_y25_54,geo_cov_nat,2019,6.11
cyp,sex_m,age_aggregate_y25_54,geo_cov_nat,2020,7.61
cyp,sex_m,age_aggregate_y25_54,geo_cov_nat,2021,8.115
cyp,sex_m,age_aggregate_y25_54,geo_cov_nat,2022,5.681
cyp,sex_m,age_aggregate_y25_54,geo_cov_nat,2023,5.792
cyp,sex_m,age_aggregate_y25_54,geo_cov_nat,2024,5.213
cyp,sex_m,age_aggregate_y25_54,geo_cov_rur,1999,4.399
cyp,sex_m,age_aggregate_y25_54,geo_cov_rur,2000,2.64
cyp,sex_m,age_aggregate_y25_54,geo_cov_rur,2001,1.532
cyp,sex_m,age_aggregate_y25_54,geo_cov_rur,2002,1.436
cyp,sex_m,age_aggregate_y25_54,geo_cov_rur,2003,3.459
cyp,sex_m,age_aggregate_y25_54,geo_cov_rur,2004,2.782
cyp,sex_m,age_aggregate_y25_54,geo_cov_rur,2005,4.951
cyp,sex_m,age_aggregate_y25_54,geo_cov_rur,2006,4.409
cyp,sex_m,age_aggregate_y25_54,geo_cov_rur,2007,3.535
cyp,sex_m,age_aggregate_y25_54,geo_cov_rur,2008,3.574
cyp,sex_m,age_aggregate_y25_54,geo_cov_rur,2009,6.509
cyp,sex_m,age_aggregate_y25_54,geo_cov_rur,2010,8.658
cyp,sex_m,age_aggregate_y25_54,geo_cov_rur,2011,10.271
cyp,sex_m,age_aggregate_y25_54,geo_cov_rur,2012,13.908
cyp,sex_m,age_aggregate_y25_54,geo_cov_rur,2013,15.245
cyp,sex_m,age_aggregate_y25_54,geo_cov_rur,2014,16.968
cyp,sex_m,age_aggregate_y25_54,geo_cov_rur,2015,14.441
cyp,sex_m,age_aggregate_y25_54,geo_cov_rur,2016,13.068
cyp,sex_m,age_aggregate_y25_54,geo_cov_rur,2017,12.222
cyp,sex_m,age_aggregate_y25_54,geo_cov_rur,2018,9.699
cyp,sex_m,age_aggregate_y25_54,geo_cov_rur,2019,5.506
cyp,sex_m,age_aggregate_y25_54,geo_cov_rur,2020,5.076
cyp,sex_m,age_aggregate_y25_54,geo_cov_rur,2021,5.471
cyp,sex_m,age_aggregate_y25_54,geo_cov_rur,2022,3.08
cyp,sex_m,age_aggregate_y25_54,geo_cov_rur,2023,5.42
cyp,sex_m,age_aggregate_y25_54,geo_cov_rur,2024,5.2
cyp,sex_m,age_aggregate_y25_54,geo_cov_urb,1999,4.256
cyp,sex_m,age_aggregate_y25_54,geo_cov_urb,2000,3.147
cyp,sex_m,age_aggregate_y25_54,geo_cov_urb,2001,2.69
cyp,sex_m,age_aggregate_y25_54,geo_cov_urb,2002,2.891
cyp,sex_m,age_aggregate_y25_54,geo_cov_urb,2003,3.526
cyp,sex_m,age_aggregate_y25_54,geo_cov_urb,2004,3.136
cyp,sex_m,age_aggregate_y25_54,geo_cov_urb,2005,4.236
cyp,sex_m,age_aggregate_y25_54,geo_cov_urb,2006,3.775
cyp,sex_m,age_aggregate_y25_54,geo_cov_urb,2007,3.085
cyp,sex_m,age_aggregate_y25_54,geo_cov_urb,2008,3.185
cyp,sex_m,age_aggregate_y25_54,geo_cov_urb,2009,5.052
cyp,sex_m,age_aggregate_y25_54,geo_cov_urb,2010,6.2
cyp,sex_m,age_aggregate_y25_54,geo_cov_urb,2011,8.141
cyp,sex_m,age_aggregate_y25_54,geo_cov_urb,2012,12.04
cyp,sex_m,age_aggregate_y25_54,geo_cov_urb,2013,15.694
cyp,sex_m,age_aggregate_y25_54,geo_cov_urb,2014,15.371
cyp,sex_m,age_aggregate_y25_54,geo_cov_urb,2015,14.383
cyp,sex_m,age_aggregate_y25_54,geo_cov_urb,2016,12.056
cyp,sex_m,age_aggregate_y25_54,geo_cov_urb,2017,10.8
cyp,sex_m,age_aggregate_y25_54,geo_cov_urb,2018,7.88
cyp,sex_m,age_aggregate_y25_54,geo_cov_urb,2019,6.243
cyp,sex_m,age_aggregate_y25_54,geo_cov_urb,2020,8.213
cyp,sex_m,age_aggregate_y25_54,geo_cov_urb,2021,8.72
cyp,sex_m,age_aggregate_y25_54,geo_cov_urb,2022,6.252
cyp,sex_m,age_aggregate_y25_54,geo_cov_urb,2023,5.87
cyp,sex_m,age_aggregate_y25_54,geo_cov_urb,2024,5.216
cyp,sex_m,age_aggregate_y55_64,geo_cov_nat,1999,6.565
cyp,sex_m,age_aggregate_y55_64,geo_cov_nat,2000,5.843
cyp,sex_m,age_aggregate_y55_64,geo_cov_nat,2001,6.184
cyp,sex_m,age_aggregate_y55_64,geo_cov_nat,2002,3.725
cyp,sex_m,age_aggregate_y55_64,geo_cov_nat,2003,6.983
cyp,sex_m,age_aggregate_y55_64,geo_cov_nat,2004,6.863
cyp,sex_m,age_aggregate_y55_64,geo_cov_nat,2005,6.125
cyp,sex_m,age_aggregate_y55_64,geo_cov_nat,2006,4.753
cyp,sex_m,age_aggregate_y55_64,geo_cov_nat,2007,3.906
cyp,sex_m,age_aggregate_y55_64,geo_cov_nat,2008,3.918
cyp,sex_m,age_aggregate_y55_64,geo_cov_nat,2009,5.977
cyp,sex_m,age_aggregate_y55_64,geo_cov_nat,2010,8.252
cyp,sex_m,age_aggregate_y55_64,geo_cov_nat,2011,9.667
cyp,sex_m,age_aggregate_y55_64,geo_cov_nat,2012,15.589
cyp,sex_m,age_aggregate_y55_64,geo_cov_nat,2013,19.676
cyp,sex_m,age_aggregate_y55_64,geo_cov_nat,2014,23.945
cyp,sex_m,age_aggregate_y55_64,geo_cov_nat,2015,23.921
cyp,sex_m,age_aggregate_y55_64,geo_cov_nat,2016,18.743
cyp,sex_m,age_aggregate_y55_64,geo_cov_nat,2017,14.72
cyp,sex_m,age_aggregate_y55_64,geo_cov_nat,2018,10.312
cyp,sex_m,age_aggregate_y55_64,geo_cov_nat,2019,8.054
cyp,sex_m,age_aggregate_y55_64,geo_cov_nat,2020,8.241
cyp,sex_m,age_aggregate_y55_64,geo_cov_nat,2021,7.266
cyp,sex_m,age_aggregate_y55_64,geo_cov_nat,2022,6.993
cyp,sex_m,age_aggregate_y55_64,geo_cov_nat,2023,6.588
cyp,sex_m,age_aggregate_y55_64,geo_cov_nat,2024,3.591
cyp,sex_m,age_aggregate_y55_64,geo_cov_rur,1999,8.53
cyp,sex_m,age_aggregate_y55_64,geo_cov_rur,2000,5.091
cyp,sex_m,age_aggregate_y55_64,geo_cov_rur,2001,5.404
cyp,sex_m,age_aggregate_y55_64,geo_cov_rur,2002,3.326
cyp,sex_m,age_aggregate_y55_64,geo_cov_rur,2003,5.769
cyp,sex_m,age_aggregate_y55_64,geo_cov_rur,2004,4.219
cyp,sex_m,age_aggregate_y55_64,geo_cov_rur,2005,7.353
cyp,sex_m,age_aggregate_y55_64,geo_cov_rur,2006,3.659
cyp,sex_m,age_aggregate_y55_64,geo_cov_rur,2007,2.785
cyp,sex_m,age_aggregate_y55_64,geo_cov_rur,2008,3.269
cyp,sex_m,age_aggregate_y55_64,geo_cov_rur,2009,4.257
cyp,sex_m,age_aggregate_y55_64,geo_cov_rur,2010,9.292
cyp,sex_m,age_aggregate_y55_64,geo_cov_rur,2011,11.643
cyp,sex_m,age_aggregate_y55_64,geo_cov_rur,2012,17.981
cyp,sex_m,age_aggregate_y55_64,geo_cov_rur,2013,19.53
cyp,sex_m,age_aggregate_y55_64,geo_cov_rur,2014,23.951
cyp,sex_m,age_aggregate_y55_64,geo_cov_rur,2015,24.502
cyp,sex_m,age_aggregate_y55_64,geo_cov_rur,2016,18.447
cyp,sex_m,age_aggregate_y55_64,geo_cov_rur,2017,14.042
cyp,sex_m,age_aggregate_y55_64,geo_cov_rur,2018,9.275
cyp,sex_m,age_aggregate_y55_64,geo_cov_rur,2019,6.979
cyp,sex_m,age_aggregate_y55_64,geo_cov_rur,2020,5.508
cyp,sex_m,age_aggregate_y55_64,geo_cov_rur,2021,8.185
cyp,sex_m,age_aggregate_y55_64,geo_cov_rur,2022,8.724
cyp,sex_m,age_aggregate_y55_64,geo_cov_rur,2023,6.464
cyp,sex_m,age_aggregate_y55_64,geo_cov_rur,2024,5.218
cyp,sex_m,age_aggregate_y55_64,geo_cov_urb,1999,5.665
cyp,sex_m,age_aggregate_y55_64,geo_cov_urb,2000,6.238
cyp,sex_m,age_aggregate_y55_64,geo_cov_urb,2001,6.602
cyp,sex_m,age_aggregate_y55_64,geo_cov_urb,2002,3.993
cyp,sex_m,age_aggregate_y55_64,geo_cov_urb,2003,7.729
cyp,sex_m,age_aggregate_y55_64,geo_cov_urb,2004,8.045
cyp,sex_m,age_aggregate_y55_64,geo_cov_urb,2005,5.574
cyp,sex_m,age_aggregate_y55_64,geo_cov_urb,2006,5.273
cyp,sex_m,age_aggregate_y55_64,geo_cov_urb,2007,4.408
cyp,sex_m,age_aggregate_y55_64,geo_cov_urb,2008,4.178
cyp,sex_m,age_aggregate_y55_64,geo_cov_urb,2009,6.726
cyp,sex_m,age_aggregate_y55_64,geo_cov_urb,2010,7.775
cyp,sex_m,age_aggregate_y55_64,geo_cov_urb,2011,8.658
cyp,sex_m,age_aggregate_y55_64,geo_cov_urb,2012,14.674
cyp,sex_m,age_aggregate_y55_64,geo_cov_urb,2013,19.731
cyp,sex_m,age_aggregate_y55_64,geo_cov_urb,2014,23.943
cyp,sex_m,age_aggregate_y55_64,geo_cov_urb,2015,23.732
cyp,sex_m,age_aggregate_y55_64,geo_cov_urb,2016,18.836
cyp,sex_m,age_aggregate_y55_64,geo_cov_urb,2017,14.885
cyp,sex_m,age_aggregate_y55_64,geo_cov_urb,2018,10.536
cyp,sex_m,age_aggregate_y55_64,geo_cov_urb,2019,8.312
cyp,sex_m,age_aggregate_y55_64,geo_cov_urb,2020,8.881
cyp,sex_m,age_aggregate_y55_64,geo_cov_urb,2021,7.042
cyp,sex_m,age_aggregate_y55_64,geo_cov_urb,2022,6.574
cyp,sex_m,age_aggregate_y55_64,geo_cov_urb,2023,6.622
cyp,sex_m,age_aggregate_y55_64,geo_cov_urb,2024,3.102
cyp,sex_m,age_aggregate_yge65,geo_cov_nat,1999,6.38
cyp,sex_m,age_aggregate_yge65,geo_cov_nat,2000,4.849
cyp,sex_m,age_aggregate_yge65,geo_cov_nat,2001,4.065
cyp,sex_m,age_aggregate_yge65,geo_cov_nat,2005,1.657
cyp,sex_m,age_aggregate_yge65,geo_cov_nat,2006,1.175
cyp,sex_m,age_aggregate_yge65,geo_cov_nat,2007,1.082
cyp,sex_m,age_aggregate_yge65,geo_cov_nat,2009,1.052
cyp,sex_m,age_aggregate_yge65,geo_cov_nat,2010,2.784
cyp,sex_m,age_aggregate_yge65,geo_cov_nat,2011,6.006
cyp,sex_m,age_aggregate_yge65,geo_cov_nat,2012,8.555
cyp,sex_m,age_aggregate_yge65,geo_cov_nat,2013,20.177
cyp,sex_m,age_aggregate_yge65,geo_cov_nat,2014,20.146
cyp,sex_m,age_aggregate_yge65,geo_cov_nat,2015,16.515
cyp,sex_m,age_aggregate_yge65,geo_cov_nat,2016,14.37
cyp,sex_m,age_aggregate_yge65,geo_cov_nat,2017,8.811
cyp,sex_m,age_aggregate_yge65,geo_cov_nat,2018,6.746
cyp,sex_m,age_aggregate_yge65,geo_cov_nat,2019,4.312
cyp,sex_m,age_aggregate_yge65,geo_cov_nat,2020,2.881
cyp,sex_m,age_aggregate_yge65,geo_cov_nat,2021,3.888
cyp,sex_m,age_aggregate_yge65,geo_cov_nat,2022,3.185
cyp,sex_m,age_aggregate_yge65,geo_cov_nat,2023,3.02
cyp,sex_m,age_aggregate_yge65,geo_cov_nat,2024,4.191
cyp,sex_m,age_aggregate_yge65,geo_cov_rur,2010,2.225
cyp,sex_m,age_aggregate_yge65,geo_cov_rur,2011,7.639
cyp,sex_m,age_aggregate_yge65,geo_cov_rur,2012,4.26
cyp,sex_m,age_aggregate_yge65,geo_cov_rur,2013,13.315
cyp,sex_m,age_aggregate_yge65,geo_cov_rur,2014,7.112
cyp,sex_m,age_aggregate_yge65,geo_cov_rur,2015,12.486
cyp,sex_m,age_aggregate_yge65,geo_cov_rur,2016,12.27
cyp,sex_m,age_aggregate_yge65,geo_cov_rur,2017,7.626
cyp,sex_m,age_aggregate_yge65,geo_cov_rur,2020,4.563
cyp,sex_m,age_aggregate_yge65,geo_cov_rur,2021,5.173
cyp,sex_m,age_aggregate_yge65,geo_cov_urb,2000,8.035
cyp,sex_m,age_aggregate_yge65,geo_cov_urb,2001,6.703
cyp,sex_m,age_aggregate_yge65,geo_cov_urb,2005,2.765
cyp,sex_m,age_aggregate_yge65,geo_cov_urb,2010,3.1
cyp,sex_m,age_aggregate_yge65,geo_cov_urb,2011,4.794
cyp,sex_m,age_aggregate_yge65,geo_cov_urb,2012,11.587
cyp,sex_m,age_aggregate_yge65,geo_cov_urb,2013,23.462
cyp,sex_m,age_aggregate_yge65,geo_cov_urb,2014,26.413
cyp,sex_m,age_aggregate_yge65,geo_cov_urb,2015,18.573
cyp,sex_m,age_aggregate_yge65,geo_cov_urb,2016,15.363
cyp,sex_m,age_aggregate_yge65,geo_cov_urb,2017,9.122
cyp,sex_m,age_aggregate_yge65,geo_cov_urb,2018,7.752
cyp,sex_m,age_aggregate_yge65,geo_cov_urb,2019,5.123
cyp,sex_m,age_aggregate_yge65,geo_cov_urb,2020,2.266
cyp,sex_m,age_aggregate_yge65,geo_cov_urb,2021,3.426
cyp,sex_m,age_aggregate_yge65,geo_cov_urb,2022,3.626
cyp,sex_m,age_aggregate_yge65,geo_cov_urb,2023,3.102
cyp,sex_m,age_aggregate_yge65,geo_cov_urb,2024,5.006
cyp,sex_m,age_ythadult_y15_24,geo_cov_nat,1999,13.597
cyp,sex_m,age_ythadult_y15_24,geo_cov_nat,2000,7.724
cyp,sex_m,age_ythadult_y15_24,geo_cov_nat,2001,7.449
cyp,sex_m,age_ythadult_y15_24,geo_cov_nat,2002,8.261
cyp,sex_m,age_ythadult_y15_24,geo_cov_nat,2003,9.292
cyp,sex_m,age_ythadult_y15_24,geo_cov_nat,2004,11.051
cyp,sex_m,age_ythadult_y15_24,geo_cov_nat,2005,15.162
cyp,sex_m,age_ythadult_y15_24,geo_cov_nat,2006,11.869
cyp,sex_m,age_ythadult_y15_24,geo_cov_nat,2007,12.977
cyp,sex_m,age_ythadult_y15_24,geo_cov_nat,2008,10.495
cyp,sex_m,age_ythadult_y15_24,geo_cov_nat,2009,16.491
cyp,sex_m,age_ythadult_y15_24,geo_cov_nat,2010,21.631
cyp,sex_m,age_ythadult_y15_24,geo_cov_nat,2011,28.023
cyp,sex_m,age_ythadult_y15_24,geo_cov_nat,2012,34.85
cyp,sex_m,age_ythadult_y15_24,geo_cov_nat,2013,48.037
cyp,sex_m,age_ythadult_y15_24,geo_cov_nat,2014,44.386
cyp,sex_m,age_ythadult_y15_24,geo_cov_nat,2015,39.771
cyp,sex_m,age_ythadult_y15_24,geo_cov_nat,2016,31.916
cyp,sex_m,age_ythadult_y15_24,geo_cov_nat,2017,32.374
cyp,sex_m,age_ythadult_y15_24,geo_cov_nat,2018,28.604
cyp,sex_m,age_ythadult_y15_24,geo_cov_nat,2019,22.056
cyp,sex_m,age_ythadult_y15_24,geo_cov_nat,2020,26.893
cyp,sex_m,age_ythadult_y15_24,geo_cov_nat,2021,21.932
cyp,sex_m,age_ythadult_y15_24,geo_cov_nat,2022,22.301
cyp,sex_m,age_ythadult_y15_24,geo_cov_nat,2023,20.079
cyp,sex_m,age_ythadult_y15_24,geo_cov_nat,2024,15.074
cyp,sex_m,age_ythadult_y15_24,geo_cov_rur,1999,8.207
cyp,sex_m,age_ythadult_y15_24,geo_cov_rur,2000,6.549
cyp,sex_m,age_ythadult_y15_24,geo_cov_rur,2001,6.492
cyp,sex_m,age_ythadult_y15_24,geo_cov_rur,2002,8.261
cyp,sex_m,age_ythadult_y15_24,geo_cov_rur,2003,3.866
cyp,sex_m,age_ythadult_y15_24,geo_cov_rur,2004,12.259
cyp,sex_m,age_ythadult_y15_24,geo_cov_rur,2005,16.31
cyp,sex_m,age_ythadult_y15_24,geo_cov_rur,2006,10.133
cyp,sex_m,age_ythadult_y15_24,geo_cov_rur,2007,8.966
cyp,sex_m,age_ythadult_y15_24,geo_cov_rur,2008,8.248
cyp,sex_m,age_ythadult_y15_24,geo_cov_rur,2009,14.72
cyp,sex_m,age_ythadult_y15_24,geo_cov_rur,2010,20.587
cyp,sex_m,age_ythadult_y15_24,geo_cov_rur,2011,26.521
cyp,sex_m,age_ythadult_y15_24,geo_cov_rur,2012,34.953
cyp,sex_m,age_ythadult_y15_24,geo_cov_rur,2013,49.822
cyp,sex_m,age_ythadult_y15_24,geo_cov_rur,2014,48.827
cyp,sex_m,age_ythadult_y15_24,geo_cov_rur,2015,37.228
cyp,sex_m,age_ythadult_y15_24,geo_cov_rur,2016,25.218
cyp,sex_m,age_ythadult_y15_24,geo_cov_rur,2017,32.703
cyp,sex_m,age_ythadult_y15_24,geo_cov_rur,2018,26.121
cyp,sex_m,age_ythadult_y15_24,geo_cov_rur,2019,18.873
cyp,sex_m,age_ythadult_y15_24,geo_cov_rur,2020,26.996
cyp,sex_m,age_ythadult_y15_24,geo_cov_rur,2021,16.093
cyp,sex_m,age_ythadult_y15_24,geo_cov_rur,2022,18.464
cyp,sex_m,age_ythadult_y15_24,geo_cov_rur,2023,11.938
cyp,sex_m,age_ythadult_y15_24,geo_cov_rur,2024,12.459
cyp,sex_m,age_ythadult_y15_24,geo_cov_urb,1999,17.689
cyp,sex_m,age_ythadult_y15_24,geo_cov_urb,2000,8.476
cyp,sex_m,age_ythadult_y15_24,geo_cov_urb,2001,7.989
cyp,sex_m,age_ythadult_y15_24,geo_cov_urb,2002,8.261
cyp,sex_m,age_ythadult_y15_24,geo_cov_urb,2003,13.914
cyp,sex_m,age_ythadult_y15_24,geo_cov_urb,2004,10.419
cyp,sex_m,age_ythadult_y15_24,geo_cov_urb,2005,14.584
cyp,sex_m,age_ythadult_y15_24,geo_cov_urb,2006,12.633
cyp,sex_m,age_ythadult_y15_24,geo_cov_urb,2007,15.034
cyp,sex_m,age_ythadult_y15_24,geo_cov_urb,2008,11.488
cyp,sex_m,age_ythadult_y15_24,geo_cov_urb,2009,17.167
cyp,sex_m,age_ythadult_y15_24,geo_cov_urb,2010,22.08
cyp,sex_m,age_ythadult_y15_24,geo_cov_urb,2011,28.679
cyp,sex_m,age_ythadult_y15_24,geo_cov_urb,2012,34.807
cyp,sex_m,age_ythadult_y15_24,geo_cov_urb,2013,47.272
cyp,sex_m,age_ythadult_y15_24,geo_cov_urb,2014,42.469
cyp,sex_m,age_ythadult_y15_24,geo_cov_urb,2015,40.84
cyp,sex_m,age_ythadult_y15_24,geo_cov_urb,2016,34.668
cyp,sex_m,age_ythadult_y15_24,geo_cov_urb,2017,32.259
cyp,sex_m,age_ythadult_y15_24,geo_cov_urb,2018,29.254
cyp,sex_m,age_ythadult_y15_24,geo_cov_urb,2019,22.929
cyp,sex_m,age_ythadult_y15_24,geo_cov_urb,2020,26.863
cyp,sex_m,age_ythadult_y15_24,geo_cov_urb,2021,23.917
cyp,sex_m,age_ythadult_y15_24,geo_cov_urb,2022,23.549
cyp,sex_m,age_ythadult_y15_24,geo_cov_urb,2023,21.832
cyp,sex_m,age_ythadult_y15_24,geo_cov_urb,2024,15.593
cyp,sex_m,age_ythadult_y15_64,geo_cov_nat,1999,5.582
cyp,sex_m,age_ythadult_y15_64,geo_cov_nat,2000,3.822
cyp,sex_m,age_ythadult_y15_64,geo_cov_nat,2001,3.314
cyp,sex_m,age_ythadult_y15_64,geo_cov_nat,2002,3.097
cyp,sex_m,age_ythadult_y15_64,geo_cov_nat,2003,4.532
cyp,sex_m,age_ythadult_y15_64,geo_cov_nat,2004,4.399
cyp,sex_m,age_ythadult_y15_64,geo_cov_nat,2005,5.782
cyp,sex_m,age_ythadult_y15_64,geo_cov_nat,2006,4.865
cyp,sex_m,age_ythadult_y15_64,geo_cov_nat,2007,4.21
cyp,sex_m,age_ythadult_y15_64,geo_cov_nat,2008,4.032
cyp,sex_m,age_ythadult_y15_64,geo_cov_nat,2009,6.626
cyp,sex_m,age_ythadult_y15_64,geo_cov_nat,2010,8.532
cyp,sex_m,age_ythadult_y15_64,geo_cov_nat,2011,10.693
cyp,sex_m,age_ythadult_y15_64,geo_cov_nat,2012,15.225
cyp,sex_m,age_ythadult_y15_64,geo_cov_nat,2013,19.453
cyp,sex_m,age_ythadult_y15_64,geo_cov_nat,2014,19.944
cyp,sex_m,age_ythadult_y15_64,geo_cov_nat,2015,18.143
cyp,sex_m,age_ythadult_y15_64,geo_cov_nat,2016,14.98
cyp,sex_m,age_ythadult_y15_64,geo_cov_nat,2017,13.315
cyp,sex_m,age_ythadult_y15_64,geo_cov_nat,2018,10.207
cyp,sex_m,age_ythadult_y15_64,geo_cov_nat,2019,7.648
cyp,sex_m,age_ythadult_y15_64,geo_cov_nat,2020,9.189
cyp,sex_m,age_ythadult_y15_64,geo_cov_nat,2021,9.183
cyp,sex_m,age_ythadult_y15_64,geo_cov_nat,2022,7.323
cyp,sex_m,age_ythadult_y15_64,geo_cov_nat,2023,6.964
cyp,sex_m,age_ythadult_y15_64,geo_cov_nat,2024,5.611
cyp,sex_m,age_ythadult_y15_64,geo_cov_rur,1999,5.347
cyp,sex_m,age_ythadult_y15_64,geo_cov_rur,2000,3.382
cyp,sex_m,age_ythadult_y15_64,geo_cov_rur,2001,2.547
cyp,sex_m,age_ythadult_y15_64,geo_cov_rur,2002,2.433
cyp,sex_m,age_ythadult_y15_64,geo_cov_rur,2004,4.183
cyp,sex_m,age_ythadult_y15_64,geo_cov_rur,2005,6.75
cyp,sex_m,age_ythadult_y15_64,geo_cov_rur,2006,4.954
cyp,sex_m,age_ythadult_y15_64,geo_cov_rur,2007,4.05
cyp,sex_m,age_ythadult_y15_64,geo_cov_rur,2008,3.992
cyp,sex_m,age_ythadult_y15_64,geo_cov_rur,2009,6.937
cyp,sex_m,age_ythadult_y15_64,geo_cov_rur,2010,10.072
cyp,sex_m,age_ythadult_y15_64,geo_cov_rur,2011,12.304
cyp,sex_m,age_ythadult_y15_64,geo_cov_rur,2012,17.164
cyp,sex_m,age_ythadult_y15_64,geo_cov_rur,2013,20.067
cyp,sex_m,age_ythadult_y15_64,geo_cov_rur,2014,21.887
cyp,sex_m,age_ythadult_y15_64,geo_cov_rur,2015,18.488
cyp,sex_m,age_ythadult_y15_64,geo_cov_rur,2016,15.316
cyp,sex_m,age_ythadult_y15_64,geo_cov_rur,2017,14.586
cyp,sex_m,age_ythadult_y15_64,geo_cov_rur,2018,11.129
cyp,sex_m,age_ythadult_y15_64,geo_cov_rur,2019,6.946
cyp,sex_m,age_ythadult_y15_64,geo_cov_rur,2020,7.116
cyp,sex_m,age_ythadult_y15_64,geo_cov_rur,2021,7.178
cyp,sex_m,age_ythadult_y15_64,geo_cov_rur,2022,5.819
cyp,sex_m,age_ythadult_y15_64,geo_cov_rur,2023,6.104
cyp,sex_m,age_ythadult_y15_64,geo_cov_rur,2024,5.688
cyp,sex_m,age_ythadult_y15_64,geo_cov_urb,1999,5.713
cyp,sex_m,age_ythadult_y15_64,geo_cov_urb,2000,4.065
cyp,sex_m,age_ythadult_y15_64,geo_cov_urb,2001,3.729
cyp,sex_m,age_ythadult_y15_64,geo_cov_urb,2002,3.493
cyp,sex_m,age_ythadult_y15_64,geo_cov_urb,2003,4.955
cyp,sex_m,age_ythadult_y15_64,geo_cov_urb,2004,4.483
cyp,sex_m,age_ythadult_y15_64,geo_cov_urb,2005,5.409
cyp,sex_m,age_ythadult_y15_64,geo_cov_urb,2006,4.833
cyp,sex_m,age_ythadult_y15_64,geo_cov_urb,2007,4.269
cyp,sex_m,age_ythadult_y15_64,geo_cov_urb,2008,4.048
cyp,sex_m,age_ythadult_y15_64,geo_cov_urb,2009,6.508
cyp,sex_m,age_ythadult_y15_64,geo_cov_urb,2010,7.952
cyp,sex_m,age_ythadult_y15_64,geo_cov_urb,2011,10.097
cyp,sex_m,age_ythadult_y15_64,geo_cov_urb,2012,14.596
cyp,sex_m,age_ythadult_y15_64,geo_cov_urb,2013,19.246
cyp,sex_m,age_ythadult_y15_64,geo_cov_urb,2014,19.276
cyp,sex_m,age_ythadult_y15_64,geo_cov_urb,2015,18.032
cyp,sex_m,age_ythadult_y15_64,geo_cov_urb,2016,14.881
cyp,sex_m,age_ythadult_y15_64,geo_cov_urb,2017,13.002
cyp,sex_m,age_ythadult_y15_64,geo_cov_urb,2018,10.003
cyp,sex_m,age_ythadult_y15_64,geo_cov_urb,2019,7.807
cyp,sex_m,age_ythadult_y15_64,geo_cov_urb,2020,9.69
cyp,sex_m,age_ythadult_y15_64,geo_cov_urb,2021,9.665
cyp,sex_m,age_ythadult_y15_64,geo_cov_urb,2022,7.672
cyp,sex_m,age_ythadult_y15_64,geo_cov_urb,2023,7.153
cyp,sex_m,age_ythadult_y15_64,geo_cov_urb,2024,5.595
cyp,sex_m,age_ythadult_yge15,geo_cov_nat,1999,5.605
cyp,sex_m,age_ythadult_yge15,geo_cov_nat,2000,3.858
cyp,sex_m,age_ythadult_yge15,geo_cov_nat,2001,3.341
cyp,sex_m,age_ythadult_yge15,geo_cov_nat,2002,3.004
cyp,sex_m,age_ythadult_yge15,geo_cov_nat,2003,4.34
cyp,sex_m,age_ythadult_yge15,geo_cov_nat,2004,4.268
cyp,sex_m,age_ythadult_yge15,geo_cov_nat,2005,5.626
cyp,sex_m,age_ythadult_yge15,geo_cov_nat,2006,4.744
cyp,sex_m,age_ythadult_yge15,geo_cov_nat,2007,4.097
cyp,sex_m,age_ythadult_yge15,geo_cov_nat,2008,3.868
cyp,sex_m,age_ythadult_yge15,geo_cov_nat,2009,6.407
cyp,sex_m,age_ythadult_yge15,geo_cov_nat,2010,8.284
cyp,sex_m,age_ythadult_yge15,geo_cov_nat,2011,10.509
cyp,sex_m,age_ythadult_yge15,geo_cov_nat,2012,14.998
cyp,sex_m,age_ythadult_yge15,geo_cov_nat,2013,19.476
cyp,sex_m,age_ythadult_yge15,geo_cov_nat,2014,19.95
cyp,sex_m,age_ythadult_yge15,geo_cov_nat,2015,18.093
cyp,sex_m,age_ythadult_yge15,geo_cov_nat,2016,14.96
cyp,sex_m,age_ythadult_yge15,geo_cov_nat,2017,13.16
cyp,sex_m,age_ythadult_yge15,geo_cov_nat,2018,10.068
cyp,sex_m,age_ythadult_yge15,geo_cov_nat,2019,7.502
cyp,sex_m,age_ythadult_yge15,geo_cov_nat,2020,8.946
cyp,sex_m,age_ythadult_yge15,geo_cov_nat,2021,8.932
cyp,sex_m,age_ythadult_yge15,geo_cov_nat,2022,7.133
cyp,sex_m,age_ythadult_yge15,geo_cov_nat,2023,6.792
cyp,sex_m,age_ythadult_yge15,geo_cov_nat,2024,5.55
cyp,sex_m,age_ythadult_yge15,geo_cov_rur,1999,5.269
cyp,sex_m,age_ythadult_yge15,geo_cov_rur,2000,3.251
cyp,sex_m,age_ythadult_yge15,geo_cov_rur,2001,2.443
cyp,sex_m,age_ythadult_yge15,geo_cov_rur,2002,2.332
cyp,sex_m,age_ythadult_yge15,geo_cov_rur,2003,3.64
cyp,sex_m,age_ythadult_yge15,geo_cov_rur,2004,4.042
cyp,sex_m,age_ythadult_yge15,geo_cov_rur,2005,6.39
cyp,sex_m,age_ythadult_yge15,geo_cov_rur,2006,4.792
cyp,sex_m,age_ythadult_yge15,geo_cov_rur,2007,3.857
cyp,sex_m,age_ythadult_yge15,geo_cov_rur,2008,3.776
cyp,sex_m,age_ythadult_yge15,geo_cov_rur,2009,6.594
cyp,sex_m,age_ythadult_yge15,geo_cov_rur,2010,9.63
cyp,sex_m,age_ythadult_yge15,geo_cov_rur,2011,12.023
cyp,sex_m,age_ythadult_yge15,geo_cov_rur,2012,16.44
cyp,sex_m,age_ythadult_yge15,geo_cov_rur,2013,19.786
cyp,sex_m,age_ythadult_yge15,geo_cov_rur,2014,21.326
cyp,sex_m,age_ythadult_yge15,geo_cov_rur,2015,18.235
cyp,sex_m,age_ythadult_yge15,geo_cov_rur,2016,15.175
cyp,sex_m,age_ythadult_yge15,geo_cov_rur,2017,14.333
cyp,sex_m,age_ythadult_yge15,geo_cov_rur,2018,10.758
cyp,sex_m,age_ythadult_yge15,geo_cov_rur,2019,6.652
cyp,sex_m,age_ythadult_yge15,geo_cov_rur,2020,6.983
cyp,sex_m,age_ythadult_yge15,geo_cov_rur,2021,7.051
cyp,sex_m,age_ythadult_yge15,geo_cov_rur,2022,5.617
cyp,sex_m,age_ythadult_yge15,geo_cov_rur,2023,5.97
cyp,sex_m,age_ythadult_yge15,geo_cov_rur,2024,5.455
cyp,sex_m,age_ythadult_yge15,geo_cov_urb,1999,5.794
cyp,sex_m,age_ythadult_yge15,geo_cov_urb,2000,4.195
cyp,sex_m,age_ythadult_yge15,geo_cov_urb,2001,3.831
cyp,sex_m,age_ythadult_yge15,geo_cov_urb,2002,3.407
cyp,sex_m,age_ythadult_yge15,geo_cov_urb,2003,4.767
cyp,sex_m,age_ythadult_yge15,geo_cov_urb,2004,4.358
cyp,sex_m,age_ythadult_yge15,geo_cov_urb,2005,5.326
cyp,sex_m,age_ythadult_yge15,geo_cov_urb,2006,4.725
cyp,sex_m,age_ythadult_yge15,geo_cov_urb,2007,4.188
cyp,sex_m,age_ythadult_yge15,geo_cov_urb,2008,3.904
cyp,sex_m,age_ythadult_yge15,geo_cov_urb,2009,6.334
cyp,sex_m,age_ythadult_yge15,geo_cov_urb,2010,7.767
cyp,sex_m,age_ythadult_yge15,geo_cov_urb,2011,9.933
cyp,sex_m,age_ythadult_yge15,geo_cov_urb,2012,14.516
cyp,sex_m,age_ythadult_yge15,geo_cov_urb,2013,19.37
cyp,sex_m,age_ythadult_yge15,geo_cov_urb,2014,19.472
cyp,sex_m,age_ythadult_yge15,geo_cov_urb,2015,18.047
cyp,sex_m,age_ythadult_yge15,geo_cov_urb,2016,14.895
cyp,sex_m,age_ythadult_yge15,geo_cov_urb,2017,12.87
cyp,sex_m,age_ythadult_yge15,geo_cov_urb,2018,9.914
cyp,sex_m,age_ythadult_yge15,geo_cov_urb,2019,7.698
cyp,sex_m,age_ythadult_yge15,geo_cov_urb,2020,9.429
cyp,sex_m,age_ythadult_yge15,geo_cov_urb,2021,9.393
cyp,sex_m,age_ythadult_yge15,geo_cov_urb,2022,7.483
cyp,sex_m,age_ythadult_yge15,geo_cov_urb,2023,6.971
cyp,sex_m,age_ythadult_yge15,geo_cov_urb,2024,5.57
cyp,sex_m,age_ythadult_yge25,geo_cov_nat,1999,4.684
cyp,sex_m,age_ythadult_yge25,geo_cov_nat,2000,3.446
cyp,sex_m,age_ythadult_yge25,geo_cov_nat,2001,2.9
cyp,sex_m,age_ythadult_yge25,geo_cov_nat,2002,2.479
cyp,sex_m,age_ythadult_yge25,geo_cov_nat,2003,3.846
cyp,sex_m,age_ythadult_yge25,geo_cov_nat,2004,3.526
cyp,sex_m,age_ythadult_yge25,geo_cov_nat,2005,4.561
cyp,sex_m,age_ythadult_yge25,geo_cov_nat,2006,3.957
cyp,sex_m,age_ythadult_yge25,geo_cov_nat,2007,3.222
cyp,sex_m,age_ythadult_yge25,geo_cov_nat,2008,3.241
cyp,sex_m,age_ythadult_yge25,geo_cov_nat,2009,5.343
cyp,sex_m,age_ythadult_yge25,geo_cov_nat,2010,6.887
cyp,sex_m,age_ythadult_yge25,geo_cov_nat,2011,8.727
cyp,sex_m,age_ythadult_yge25,geo_cov_nat,2012,12.843
cyp,sex_m,age_ythadult_yge25,geo_cov_nat,2013,16.437
cyp,sex_m,age_ythadult_yge25,geo_cov_nat,2014,17.283
cyp,sex_m,age_ythadult_yge25,geo_cov_nat,2015,16.132
cyp,sex_m,age_ythadult_yge25,geo_cov_nat,2016,13.494
cyp,sex_m,age_ythadult_yge25,geo_cov_nat,2017,11.633
cyp,sex_m,age_ythadult_yge25,geo_cov_nat,2018,8.525
cyp,sex_m,age_ythadult_yge25,geo_cov_nat,2019,6.375
cyp,sex_m,age_ythadult_yge25,geo_cov_nat,2020,7.528
cyp,sex_m,age_ythadult_yge25,geo_cov_nat,2021,7.74
cyp,sex_m,age_ythadult_yge25,geo_cov_nat,2022,5.799
cyp,sex_m,age_ythadult_yge25,geo_cov_nat,2023,5.807
cyp,sex_m,age_ythadult_yge25,geo_cov_nat,2024,4.864
cyp,sex_m,age_ythadult_yge25,geo_cov_rur,1999,4.854
cyp,sex_m,age_ythadult_yge25,geo_cov_rur,2000,2.863
cyp,sex_m,age_ythadult_yge25,geo_cov_rur,2001,1.998
cyp,sex_m,age_ythadult_yge25,geo_cov_rur,2002,1.651
cyp,sex_m,age_ythadult_yge25,geo_cov_rur,2003,3.613
cyp,sex_m,age_ythadult_yge25,geo_cov_rur,2004,2.935
cyp,sex_m,age_ythadult_yge25,geo_cov_rur,2005,5.05
cyp,sex_m,age_ythadult_yge25,geo_cov_rur,2006,4.129
cyp,sex_m,age_ythadult_yge25,geo_cov_rur,2007,3.216
cyp,sex_m,age_ythadult_yge25,geo_cov_rur,2008,3.316
cyp,sex_m,age_ythadult_yge25,geo_cov_rur,2009,5.751
cyp,sex_m,age_ythadult_yge25,geo_cov_rur,2010,8.377
cyp,sex_m,age_ythadult_yge25,geo_cov_rur,2011,10.38
cyp,sex_m,age_ythadult_yge25,geo_cov_rur,2012,14.056
cyp,sex_m,age_ythadult_yge25,geo_cov_rur,2013,15.942
cyp,sex_m,age_ythadult_yge25,geo_cov_rur,2014,17.752
cyp,sex_m,age_ythadult_yge25,geo_cov_rur,2015,16.135
cyp,sex_m,age_ythadult_yge25,geo_cov_rur,2016,14.047
cyp,sex_m,age_ythadult_yge25,geo_cov_rur,2017,12.364
cyp,sex_m,age_ythadult_yge25,geo_cov_rur,2018,9.286
cyp,sex_m,age_ythadult_yge25,geo_cov_rur,2019,5.553
cyp,sex_m,age_ythadult_yge25,geo_cov_rur,2020,5.124
cyp,sex_m,age_ythadult_yge25,geo_cov_rur,2021,5.956
cyp,sex_m,age_ythadult_yge25,geo_cov_rur,2022,4.098
cyp,sex_m,age_ythadult_yge25,geo_cov_rur,2023,5.532
cyp,sex_m,age_ythadult_yge25,geo_cov_rur,2024,4.98
cyp,sex_m,age_ythadult_yge25,geo_cov_urb,1999,4.591
cyp,sex_m,age_ythadult_yge25,geo_cov_urb,2000,3.765
cyp,sex_m,age_ythadult_yge25,geo_cov_urb,2001,3.39
cyp,sex_m,age_ythadult_yge25,geo_cov_urb,2002,2.964
cyp,sex_m,age_ythadult_yge25,geo_cov_urb,2003,3.984
cyp,sex_m,age_ythadult_yge25,geo_cov_urb,2004,3.754
cyp,sex_m,age_ythadult_yge25,geo_cov_urb,2005,4.374
cyp,sex_m,age_ythadult_yge25,geo_cov_urb,2006,3.892
cyp,sex_m,age_ythadult_yge25,geo_cov_urb,2007,3.224
cyp,sex_m,age_ythadult_yge25,geo_cov_urb,2008,3.212
cyp,sex_m,age_ythadult_yge25,geo_cov_urb,2009,5.183
cyp,sex_m,age_ythadult_yge25,geo_cov_urb,2010,6.322
cyp,sex_m,age_ythadult_yge25,geo_cov_urb,2011,8.106
cyp,sex_m,age_ythadult_yge25,geo_cov_urb,2012,12.447
cyp,sex_m,age_ythadult_yge25,geo_cov_urb,2013,16.602
cyp,sex_m,age_ythadult_yge25,geo_cov_urb,2014,17.124
cyp,sex_m,age_ythadult_yge25,geo_cov_urb,2015,16.131
cyp,sex_m,age_ythadult_yge25,geo_cov_urb,2016,13.335
cyp,sex_m,age_ythadult_yge25,geo_cov_urb,2017,11.458
cyp,sex_m,age_ythadult_yge25,geo_cov_urb,2018,8.358
cyp,sex_m,age_ythadult_yge25,geo_cov_urb,2019,6.562
cyp,sex_m,age_ythadult_yge25,geo_cov_urb,2020,8.11
cyp,sex_m,age_ythadult_yge25,geo_cov_urb,2021,8.164
cyp,sex_m,age_ythadult_yge25,geo_cov_urb,2022,6.179
cyp,sex_m,age_ythadult_yge25,geo_cov_urb,2023,5.867
cyp,sex_m,age_ythadult_yge25,geo_cov_urb,2024,4.839
cyp,sex_t,age_aggregate_total,geo_cov_nat,1999,8.764
cyp,sex_t,age_aggregate_total,geo_cov_nat,2000,6.822
cyp,sex_t,age_aggregate_total,geo_cov_nat,2001,5.307
cyp,sex_t,age_aggregate_total,geo_cov_nat,2002,4.015
cyp,sex_t,age_aggregate_total,geo_cov_nat,2003,5.177
cyp,sex_t,age_aggregate_total,geo_cov_nat,2004,6.474
cyp,sex_t,age_aggregate_total,geo_cov_nat,2005,7.709
cyp,sex_t,age_aggregate_total,geo_cov_nat,2006,6.336
cyp,sex_t,age_aggregate_total,geo_cov_nat,2007,5.38
cyp,sex_t,age_aggregate_total,geo_cov_nat,2008,4.966
cyp,sex_t,age_aggregate_total,geo_cov_nat,2009,6.964
cyp,sex_t,age_aggregate_total,geo_cov_nat,2010,8.666
cyp,sex_t,age_aggregate_total,geo_cov_nat,2011,11.026
cyp,sex_t,age_aggregate_total,geo_cov_nat,2012,15.107
cyp,sex_t,age_aggregate_total,geo_cov_nat,2013,19.867
cyp,sex_t,age_aggregate_total,geo_cov_nat,2014,20.015
cyp,sex_t,age_aggregate_total,geo_cov_nat,2015,18.917
cyp,sex_t,age_aggregate_total,geo_cov_nat,2016,16.158
cyp,sex_t,age_aggregate_total,geo_cov_nat,2017,13.932
cyp,sex_t,age_aggregate_total,geo_cov_nat,2018,10.829
cyp,sex_t,age_aggregate_total,geo_cov_nat,2019,8.723
cyp,sex_t,age_aggregate_total,geo_cov_nat,2020,9.224
cyp,sex_t,age_aggregate_total,geo_cov_nat,2021,10.027
cyp,sex_t,age_aggregate_total,geo_cov_nat,2022,8.403
cyp,sex_t,age_aggregate_total,geo_cov_nat,2023,7.28
cyp,sex_t,age_aggregate_total,geo_cov_nat,2024,6.118
cyp,sex_t,age_aggregate_total,geo_cov_rur,1999,7.374
cyp,sex_t,age_aggregate_total,geo_cov_rur,2000,5.779
cyp,sex_t,age_aggregate_total,geo_cov_rur,2001,4.81
cyp,sex_t,age_aggregate_total,geo_cov_rur,2002,3.93
cyp,sex_t,age_aggregate_total,geo_cov_rur,2003,4.958
cyp,sex_t,age_aggregate_total,geo_cov_rur,2004,6.202
cyp,sex_t,age_aggregate_total,geo_cov_rur,2005,8.525
cyp,sex_t,age_aggregate_total,geo_cov_rur,2006,6.401
cyp,sex_t,age_aggregate_total,geo_cov_rur,2007,5.555
cyp,sex_t,age_aggregate_total,geo_cov_rur,2008,5.818
cyp,sex_t,age_aggregate_total,geo_cov_rur,2009,8.267
cyp,sex_t,age_aggregate_total,geo_cov_rur,2010,9.882
cyp,sex_t,age_aggregate_total,geo_cov_rur,2011,12.534
cyp,sex_t,age_aggregate_total,geo_cov_rur,2012,16.862
cyp,sex_t,age_aggregate_total,geo_cov_rur,2013,19.862
cyp,sex_t,age_aggregate_total,geo_cov_rur,2014,20.793
cyp,sex_t,age_aggregate_total,geo_cov_rur,2015,20.59
cyp,sex_t,age_aggregate_total,geo_cov_rur,2016,16.656
cyp,sex_t,age_aggregate_total,geo_cov_rur,2017,14.596
cyp,sex_t,age_aggregate_total,geo_cov_rur,2018,11.466
cyp,sex_t,age_aggregate_total,geo_cov_rur,2019,8.46
cyp,sex_t,age_aggregate_total,geo_cov_rur,2020,9.216
cyp,sex_t,age_aggregate_total,geo_cov_rur,2021,9.639
cyp,sex_t,age_aggregate_total,geo_cov_rur,2022,6.924
cyp,sex_t,age_aggregate_total,geo_cov_rur,2023,6.429
cyp,sex_t,age_aggregate_total,geo_cov_rur,2024,6.267
cyp,sex_t,age_aggregate_total,geo_cov_urb,1999,9.475
cyp,sex_t,age_aggregate_total,geo_cov_urb,2000,7.359
cyp,sex_t,age_aggregate_total,geo_cov_urb,2001,5.559
cyp,sex_t,age_aggregate_total,geo_cov_urb,2002,4.062
cyp,sex_t,age_aggregate_total,geo_cov_urb,2003,5.303
cyp,sex_t,age_aggregate_total,geo_cov_urb,2004,6.578
cyp,sex_t,age_aggregate_total,geo_cov_urb,2005,7.408
cyp,sex_t,age_aggregate_total,geo_cov_urb,2006,6.313
cyp,sex_t,age_aggregate_total,geo_cov_urb,2007,5.318
cyp,sex_t,age_aggregate_total,geo_cov_urb,2008,4.646
cyp,sex_t,age_aggregate_total,geo_cov_urb,2009,6.472
cyp,sex_t,age_aggregate_total,geo_cov_urb,2010,8.215
cyp,sex_t,age_aggregate_total,geo_cov_urb,2011,10.475
cyp,sex_t,age_aggregate_total,geo_cov_urb,2012,14.546
cyp,sex_t,age_aggregate_total,geo_cov_urb,2013,19.868
cyp,sex_t,age_aggregate_total,geo_cov_urb,2014,19.76
cyp,sex_t,age_aggregate_total,geo_cov_urb,2015,18.392
cyp,sex_t,age_aggregate_total,geo_cov_urb,2016,16.011
cyp,sex_t,age_aggregate_total,geo_cov_urb,2017,13.77
cyp,sex_t,age_aggregate_total,geo_cov_urb,2018,10.688
cyp,sex_t,age_aggregate_total,geo_cov_urb,2019,8.782
cyp,sex_t,age_aggregate_total,geo_cov_urb,2020,9.226
cyp,sex_t,age_aggregate_total,geo_cov_urb,2021,10.121
cyp,sex_t,age_aggregate_total,geo_cov_urb,2022,8.735
cyp,sex_t,age_aggregate_total,geo_cov_urb,2023,7.46
cyp,sex_t,age_aggregate_total,geo_cov_urb,2024,6.087
cyp,sex_t,age_aggregate_y15_24,geo_cov_nat,1999,14.652
cyp,sex_t,age_aggregate_y15_24,geo_cov_nat,2000,11.319
cyp,sex_t,age_aggregate_y15_24,geo_cov_nat,2001,10.227
cyp,sex_t,age_aggregate_y15_24,geo_cov_nat,2002,8.374
cyp,sex_t,age_aggregate_y15_24,geo_cov_nat,2003,10.249
cyp,sex_t,age_aggregate_y15_24,geo_cov_nat,2004,13.257
cyp,sex_t,age_aggregate_y15_24,geo_cov_nat,2005,17.238
cyp,sex_t,age_aggregate_y15_24,geo_cov_nat,2006,13.104
cyp,sex_t,age_aggregate_y15_24,geo_cov_nat,2007,12.265
cyp,sex_t,age_aggregate_y15_24,geo_cov_nat,2008,11.308
cyp,sex_t,age_aggregate_y15_24,geo_cov_nat,2009,16.821
cyp,sex_t,age_aggregate_y15_24,geo_cov_nat,2010,21.058
cyp,sex_t,age_aggregate_y15_24,geo_cov_nat,2011,27.412
cyp,sex_t,age_aggregate_y15_24,geo_cov_nat,2012,33.969
cyp,sex_t,age_aggregate_y15_24,geo_cov_nat,2013,47.087
cyp,sex_t,age_aggregate_y15_24,geo_cov_nat,2014,43.648
cyp,sex_t,age_aggregate_y15_24,geo_cov_nat,2015,38.696
cyp,sex_t,age_aggregate_y15_24,geo_cov_nat,2016,34.87
cyp,sex_t,age_aggregate_y15_24,geo_cov_nat,2017,29.581
cyp,sex_t,age_aggregate_y15_24,geo_cov_nat,2018,23.5
cyp,sex_t,age_aggregate_y15_24,geo_cov_nat,2019,19.135
cyp,sex_t,age_aggregate_y15_24,geo_cov_nat,2020,21.248
cyp,sex_t,age_aggregate_y15_24,geo_cov_nat,2021,21.635
cyp,sex_t,age_aggregate_y15_24,geo_cov_nat,2022,22.17
cyp,sex_t,age_aggregate_y15_24,geo_cov_nat,2023,19.882
cyp,sex_t,age_aggregate_y15_24,geo_cov_nat,2024,15.602
cyp,sex_t,age_aggregate_y15_24,geo_cov_rur,1999,9.4
cyp,sex_t,age_aggregate_y15_24,geo_cov_rur,2000,10.342
cyp,sex_t,age_aggregate_y15_24,geo_cov_rur,2001,6.987
cyp,sex_t,age_aggregate_y15_24,geo_cov_rur,2002,8.59
cyp,sex_t,age_aggregate_y15_24,geo_cov_rur,2003,7.192
cyp,sex_t,age_aggregate_y15_24,geo_cov_rur,2004,14.77
cyp,sex_t,age_aggregate_y15_24,geo_cov_rur,2005,18.096
cyp,sex_t,age_aggregate_y15_24,geo_cov_rur,2006,11.1
cyp,sex_t,age_aggregate_y15_24,geo_cov_rur,2007,11.244
cyp,sex_t,age_aggregate_y15_24,geo_cov_rur,2008,11.234
cyp,sex_t,age_aggregate_y15_24,geo_cov_rur,2009,17.076
cyp,sex_t,age_aggregate_y15_24,geo_cov_rur,2010,18.421
cyp,sex_t,age_aggregate_y15_24,geo_cov_rur,2011,28.828
cyp,sex_t,age_aggregate_y15_24,geo_cov_rur,2012,36.27
cyp,sex_t,age_aggregate_y15_24,geo_cov_rur,2013,48.793
cyp,sex_t,age_aggregate_y15_24,geo_cov_rur,2014,46.568
cyp,sex_t,age_aggregate_y15_24,geo_cov_rur,2015,37.477
cyp,sex_t,age_aggregate_y15_24,geo_cov_rur,2016,31.477
cyp,sex_t,age_aggregate_y15_24,geo_cov_rur,2017,28.161
cyp,sex_t,age_aggregate_y15_24,geo_cov_rur,2018,20.913
cyp,sex_t,age_aggregate_y15_24,geo_cov_rur,2019,17.338
cyp,sex_t,age_aggregate_y15_24,geo_cov_rur,2020,19.24
cyp,sex_t,age_aggregate_y15_24,geo_cov_rur,2021,20.929
cyp,sex_t,age_aggregate_y15_24,geo_cov_rur,2022,20.83
cyp,sex_t,age_aggregate_y15_24,geo_cov_rur,2023,17.5
cyp,sex_t,age_aggregate_y15_24,geo_cov_rur,2024,14.458
cyp,sex_t,age_aggregate_y15_24,geo_cov_urb,1999,17.802
cyp,sex_t,age_aggregate_y15_24,geo_cov_urb,2000,11.817
cyp,sex_t,age_aggregate_y15_24,geo_cov_urb,2001,11.937
cyp,sex_t,age_aggregate_y15_24,geo_cov_urb,2002,8.223
cyp,sex_t,age_aggregate_y15_24,geo_cov_urb,2003,12.735
cyp,sex_t,age_aggregate_y15_24,geo_cov_urb,2004,12.494
cyp,sex_t,age_aggregate_y15_24,geo_cov_urb,2005,16.87
cyp,sex_t,age_aggregate_y15_24,geo_cov_urb,2006,13.804
cyp,sex_t,age_aggregate_y15_24,geo_cov_urb,2007,12.694
cyp,sex_t,age_aggregate_y15_24,geo_cov_urb,2008,11.339
cyp,sex_t,age_aggregate_y15_24,geo_cov_urb,2009,16.724
cyp,sex_t,age_aggregate_y15_24,geo_cov_urb,2010,22.067
cyp,sex_t,age_aggregate_y15_24,geo_cov_urb,2011,26.874
cyp,sex_t,age_aggregate_y15_24,geo_cov_urb,2012,33.162
cyp,sex_t,age_aggregate_y15_24,geo_cov_urb,2013,46.482
cyp,sex_t,age_aggregate_y15_24,geo_cov_urb,2014,42.502
cyp,sex_t,age_aggregate_y15_24,geo_cov_urb,2015,39.214
cyp,sex_t,age_aggregate_y15_24,geo_cov_urb,2016,35.961
cyp,sex_t,age_aggregate_y15_24,geo_cov_urb,2017,29.986
cyp,sex_t,age_aggregate_y15_24,geo_cov_urb,2018,24.135
cyp,sex_t,age_aggregate_y15_24,geo_cov_urb,2019,19.571
cyp,sex_t,age_aggregate_y15_24,geo_cov_urb,2020,21.823
cyp,sex_t,age_aggregate_y15_24,geo_cov_urb,2021,21.849
cyp,sex_t,age_aggregate_y15_24,geo_cov_urb,2022,22.535
cyp,sex_t,age_aggregate_y15_24,geo_cov_urb,2023,20.361
cyp,sex_t,age_aggregate_y15_24,geo_cov_urb,2024,15.83
cyp,sex_t,age_aggregate_y25_54,geo_cov_nat,1999,8.008
cyp,sex_t,age_aggregate_y25_54,geo_cov_nat,2000,6.235
cyp,sex_t,age_aggregate_y25_54,geo_cov_nat,2001,4.259
cyp,sex_t,age_aggregate_y25_54,geo_cov_nat,2002,3.422
cyp,sex_t,age_aggregate_y25_54,geo_cov_nat,2003,4.531
cyp,sex_t,age_aggregate_y25_54,geo_cov_nat,2004,5.569
cyp,sex_t,age_aggregate_y25_54,geo_cov_nat,2005,6.523
cyp,sex_t,age_aggregate_y25_54,geo_cov_nat,2006,5.572
cyp,sex_t,age_aggregate_y25_54,geo_cov_nat,2007,4.76
cyp,sex_t,age_aggregate_y25_54,geo_cov_nat,2008,4.274
cyp,sex_t,age_aggregate_y25_54,geo_cov_nat,2009,5.909
cyp,sex_t,age_aggregate_y25_54,geo_cov_nat,2010,7.213
cyp,sex_t,age_aggregate_y25_54,geo_cov_nat,2011,9.204
cyp,sex_t,age_aggregate_y25_54,geo_cov_nat,2012,12.768
cyp,sex_t,age_aggregate_y25_54,geo_cov_nat,2013,16.356
cyp,sex_t,age_aggregate_y25_54,geo_cov_nat,2014,16.086
cyp,sex_t,age_aggregate_y25_54,geo_cov_nat,2015,15.736
cyp,sex_t,age_aggregate_y25_54,geo_cov_nat,2016,13.793
cyp,sex_t,age_aggregate_y25_54,geo_cov_nat,2017,12.527
cyp,sex_t,age_aggregate_y25_54,geo_cov_nat,2018,9.647
cyp,sex_t,age_aggregate_y25_54,geo_cov_nat,2019,7.804
cyp,sex_t,age_aggregate_y25_54,geo_cov_nat,2020,8.363
cyp,sex_t,age_aggregate_y25_54,geo_cov_nat,2021,9.172
cyp,sex_t,age_aggregate_y25_54,geo_cov_nat,2022,7.299
cyp,sex_t,age_aggregate_y25_54,geo_cov_nat,2023,6.588
cyp,sex_t,age_aggregate_y25_54,geo_cov_nat,2024,5.832
cyp,sex_t,age_aggregate_y25_54,geo_cov_rur,1999,6.923
cyp,sex_t,age_aggregate_y25_54,geo_cov_rur,2000,5.375
cyp,sex_t,age_aggregate_y25_54,geo_cov_rur,2001,4.223
cyp,sex_t,age_aggregate_y25_54,geo_cov_rur,2002,3.151
cyp,sex_t,age_aggregate_y25_54,geo_cov_rur,2003,4.874
cyp,sex_t,age_aggregate_y25_54,geo_cov_rur,2004,5.172
cyp,sex_t,age_aggregate_y25_54,geo_cov_rur,2005,7.467
cyp,sex_t,age_aggregate_y25_54,geo_cov_rur,2006,5.948
cyp,sex_t,age_aggregate_y25_54,geo_cov_rur,2007,5.097
cyp,sex_t,age_aggregate_y25_54,geo_cov_rur,2008,5.125
cyp,sex_t,age_aggregate_y25_54,geo_cov_rur,2009,7.811
cyp,sex_t,age_aggregate_y25_54,geo_cov_rur,2010,9.196
cyp,sex_t,age_aggregate_y25_54,geo_cov_rur,2011,10.626
cyp,sex_t,age_aggregate_y25_54,geo_cov_rur,2012,14.291
cyp,sex_t,age_aggregate_y25_54,geo_cov_rur,2013,16.025
cyp,sex_t,age_aggregate_y25_54,geo_cov_rur,2014,16.794
cyp,sex_t,age_aggregate_y25_54,geo_cov_rur,2015,17.4
cyp,sex_t,age_aggregate_y25_54,geo_cov_rur,2016,14.457
cyp,sex_t,age_aggregate_y25_54,geo_cov_rur,2017,13.07
cyp,sex_t,age_aggregate_y25_54,geo_cov_rur,2018,10.495
cyp,sex_t,age_aggregate_y25_54,geo_cov_rur,2019,7.759
cyp,sex_t,age_aggregate_y25_54,geo_cov_rur,2020,8.653
cyp,sex_t,age_aggregate_y25_54,geo_cov_rur,2021,8.618
cyp,sex_t,age_aggregate_y25_54,geo_cov_rur,2022,5.107
cyp,sex_t,age_aggregate_y25_54,geo_cov_rur,2023,5.82
cyp,sex_t,age_aggregate_y25_54,geo_cov_rur,2024,6.235
cyp,sex_t,age_aggregate_y25_54,geo_cov_urb,1999,8.546
cyp,sex_t,age_aggregate_y25_54,geo_cov_urb,2000,6.668
cyp,sex_t,age_aggregate_y25_54,geo_cov_urb,2001,4.277
cyp,sex_t,age_aggregate_y25_54,geo_cov_urb,2002,3.561
cyp,sex_t,age_aggregate_y25_54,geo_cov_urb,2003,4.349
cyp,sex_t,age_aggregate_y25_54,geo_cov_urb,2004,5.705
cyp,sex_t,age_aggregate_y25_54,geo_cov_urb,2005,6.203
cyp,sex_t,age_aggregate_y25_54,geo_cov_urb,2006,5.451
cyp,sex_t,age_aggregate_y25_54,geo_cov_urb,2007,4.65
cyp,sex_t,age_aggregate_y25_54,geo_cov_urb,2008,3.972
cyp,sex_t,age_aggregate_y25_54,geo_cov_urb,2009,5.228
cyp,sex_t,age_aggregate_y25_54,geo_cov_urb,2010,6.522
cyp,sex_t,age_aggregate_y25_54,geo_cov_urb,2011,8.728
cyp,sex_t,age_aggregate_y25_54,geo_cov_urb,2012,12.313
cyp,sex_t,age_aggregate_y25_54,geo_cov_urb,2013,16.459
cyp,sex_t,age_aggregate_y25_54,geo_cov_urb,2014,15.864
cyp,sex_t,age_aggregate_y25_54,geo_cov_urb,2015,15.244
cyp,sex_t,age_aggregate_y25_54,geo_cov_urb,2016,13.606
cyp,sex_t,age_aggregate_y25_54,geo_cov_urb,2017,12.397
cyp,sex_t,age_aggregate_y25_54,geo_cov_urb,2018,9.464
cyp,sex_t,age_aggregate_y25_54,geo_cov_urb,2019,7.813
cyp,sex_t,age_aggregate_y25_54,geo_cov_urb,2020,8.295
cyp,sex_t,age_aggregate_y25_54,geo_cov_urb,2021,9.302
cyp,sex_t,age_aggregate_y25_54,geo_cov_urb,2022,7.782
cyp,sex_t,age_aggregate_y25_54,geo_cov_urb,2023,6.745
cyp,sex_t,age_aggregate_y25_54,geo_cov_urb,2024,5.753
cyp,sex_t,age_aggregate_y55_64,geo_cov_nat,1999,7.897
cyp,sex_t,age_aggregate_y55_64,geo_cov_nat,2000,6.442
cyp,sex_t,age_aggregate_y55_64,geo_cov_nat,2001,7.581
cyp,sex_t,age_aggregate_y55_64,geo_cov_nat,2002,4.851
cyp,sex_t,age_aggregate_y55_64,geo_cov_nat,2003,6.044
cyp,sex_t,age_aggregate_y55_64,geo_cov_nat,2004,7.356
cyp,sex_t,age_aggregate_y55_64,geo_cov_nat,2005,7.714
cyp,sex_t,age_aggregate_y55_64,geo_cov_nat,2006,6.192
cyp,sex_t,age_aggregate_y55_64,geo_cov_nat,2007,4.503
cyp,sex_t,age_aggregate_y55_64,geo_cov_nat,2008,5.11
cyp,sex_t,age_aggregate_y55_64,geo_cov_nat,2009,6.381
cyp,sex_t,age_aggregate_y55_64,geo_cov_nat,2010,8.615
cyp,sex_t,age_aggregate_y55_64,geo_cov_nat,2011,10.353
cyp,sex_t,age_aggregate_y55_64,geo_cov_nat,2012,15.375
cyp,sex_t,age_aggregate_y55_64,geo_cov_nat,2013,18.656
cyp,sex_t,age_aggregate_y55_64,geo_cov_nat,2014,23.39
cyp,sex_t,age_aggregate_y55_64,geo_cov_nat,2015,23.098
cyp,sex_t,age_aggregate_y55_64,geo_cov_nat,2016,17.406
cyp,sex_t,age_aggregate_y55_64,geo_cov_nat,2017,12.826
cyp,sex_t,age_aggregate_y55_64,geo_cov_nat,2018,10.05
cyp,sex_t,age_aggregate_y55_64,geo_cov_nat,2019,8.446
cyp,sex_t,age_aggregate_y55_64,geo_cov_nat,2020,8.327
cyp,sex_t,age_aggregate_y55_64,geo_cov_nat,2021,8.594
cyp,sex_t,age_aggregate_y55_64,geo_cov_nat,2022,7.149
cyp,sex_t,age_aggregate_y55_64,geo_cov_nat,2023,5.874
cyp,sex_t,age_aggregate_y55_64,geo_cov_nat,2024,3.948
cyp,sex_t,age_aggregate_y55_64,geo_cov_rur,1999,9.187
cyp,sex_t,age_aggregate_y55_64,geo_cov_rur,2000,5.411
cyp,sex_t,age_aggregate_y55_64,geo_cov_rur,2001,7.796
cyp,sex_t,age_aggregate_y55_64,geo_cov_rur,2002,5.06
cyp,sex_t,age_aggregate_y55_64,geo_cov_rur,2003,4.26
cyp,sex_t,age_aggregate_y55_64,geo_cov_rur,2004,4.862
cyp,sex_t,age_aggregate_y55_64,geo_cov_rur,2005,8.098
cyp,sex_t,age_aggregate_y55_64,geo_cov_rur,2006,6.61
cyp,sex_t,age_aggregate_y55_64,geo_cov_rur,2007,4.785
cyp,sex_t,age_aggregate_y55_64,geo_cov_rur,2008,7.076
cyp,sex_t,age_aggregate_y55_64,geo_cov_rur,2009,6.553
cyp,sex_t,age_aggregate_y55_64,geo_cov_rur,2010,9.677
cyp,sex_t,age_aggregate_y55_64,geo_cov_rur,2011,12.362
cyp,sex_t,age_aggregate_y55_64,geo_cov_rur,2012,18.46
cyp,sex_t,age_aggregate_y55_64,geo_cov_rur,2013,18.242
cyp,sex_t,age_aggregate_y55_64,geo_cov_rur,2014,22.091
cyp,sex_t,age_aggregate_y55_64,geo_cov_rur,2015,24.739
cyp,sex_t,age_aggregate_y55_64,geo_cov_rur,2016,19.154
cyp,sex_t,age_aggregate_y55_64,geo_cov_rur,2017,14.434
cyp,sex_t,age_aggregate_y55_64,geo_cov_rur,2018,11.607
cyp,sex_t,age_aggregate_y55_64,geo_cov_rur,2019,7.784
cyp,sex_t,age_aggregate_y55_64,geo_cov_rur,2020,6.888
cyp,sex_t,age_aggregate_y55_64,geo_cov_rur,2021,7.997
cyp,sex_t,age_aggregate_y55_64,geo_cov_rur,2022,7.707
cyp,sex_t,age_aggregate_y55_64,geo_cov_rur,2023,5.644
cyp,sex_t,age_aggregate_y55_64,geo_cov_rur,2024,4.566
cyp,sex_t,age_aggregate_y55_64,geo_cov_urb,1999,7.273
cyp,sex_t,age_aggregate_y55_64,geo_cov_urb,2000,7.013
cyp,sex_t,age_aggregate_y55_64,geo_cov_urb,2001,7.464
cyp,sex_t,age_aggregate_y55_64,geo_cov_urb,2002,4.707
cyp,sex_t,age_aggregate_y55_64,geo_cov_urb,2003,7.194
cyp,sex_t,age_aggregate_y55_64,geo_cov_urb,2004,8.521
cyp,sex_t,age_aggregate_y55_64,geo_cov_urb,2005,7.542
cyp,sex_t,age_aggregate_y55_64,geo_cov_urb,2006,5.998
cyp,sex_t,age_aggregate_y55_64,geo_cov_urb,2007,4.38
cyp,sex_t,age_aggregate_y55_64,geo_cov_urb,2008,4.311
cyp,sex_t,age_aggregate_y55_64,geo_cov_urb,2009,6.309
cyp,sex_t,age_aggregate_y55_64,geo_cov_urb,2010,8.151
cyp,sex_t,age_aggregate_y55_64,geo_cov_urb,2011,9.404
cyp,sex_t,age_aggregate_y55_64,geo_cov_urb,2012,14.248
cyp,sex_t,age_aggregate_y55_64,geo_cov_urb,2013,18.812
cyp,sex_t,age_aggregate_y55_64,geo_cov_urb,2014,23.824
cyp,sex_t,age_aggregate_y55_64,geo_cov_urb,2015,22.574
cyp,sex_t,age_aggregate_y55_64,geo_cov_urb,2016,16.858
cyp,sex_t,age_aggregate_y55_64,geo_cov_urb,2017,12.443
cyp,sex_t,age_aggregate_y55_64,geo_cov_urb,2018,9.699
cyp,sex_t,age_aggregate_y55_64,geo_cov_urb,2019,8.598
cyp,sex_t,age_aggregate_y55_64,geo_cov_urb,2020,8.64
cyp,sex_t,age_aggregate_y55_64,geo_cov_urb,2021,8.733
cyp,sex_t,age_aggregate_y55_64,geo_cov_urb,2022,7.026
cyp,sex_t,age_aggregate_y55_64,geo_cov_urb,2023,5.931
cyp,sex_t,age_aggregate_y55_64,geo_cov_urb,2024,3.792
cyp,sex_t,age_aggregate_yge65,geo_cov_nat,1999,5.31
cyp,sex_t,age_aggregate_yge65,geo_cov_nat,2000,5.205
cyp,sex_t,age_aggregate_yge65,geo_cov_nat,2001,4.516
cyp,sex_t,age_aggregate_yge65,geo_cov_nat,2004,1.406
cyp,sex_t,age_aggregate_yge65,geo_cov_nat,2005,2.131
cyp,sex_t,age_aggregate_yge65,geo_cov_nat,2006,1.058
cyp,sex_t,age_aggregate_yge65,geo_cov_nat,2007,0.844
cyp,sex_t,age_aggregate_yge65,geo_cov_nat,2009,1.556
cyp,sex_t,age_aggregate_yge65,geo_cov_nat,2010,2.067
cyp,sex_t,age_aggregate_yge65,geo_cov_nat,2011,6.195
cyp,sex_t,age_aggregate_yge65,geo_cov_nat,2012,8.658
cyp,sex_t,age_aggregate_yge65,geo_cov_nat,2013,19.244
cyp,sex_t,age_aggregate_yge65,geo_cov_nat,2014,20.274
cyp,sex_t,age_aggregate_yge65,geo_cov_nat,2015,17.802
cyp,sex_t,age_aggregate_yge65,geo_cov_nat,2016,12.599
cyp,sex_t,age_aggregate_yge65,geo_cov_nat,2017,8.341
cyp,sex_t,age_aggregate_yge65,geo_cov_nat,2018,6
cyp,sex_t,age_aggregate_yge65,geo_cov_nat,2019,4.262
cyp,sex_t,age_aggregate_yge65,geo_cov_nat,2020,2.849
cyp,sex_t,age_aggregate_yge65,geo_cov_nat,2021,5.026
cyp,sex_t,age_aggregate_yge65,geo_cov_nat,2022,3.051
cyp,sex_t,age_aggregate_yge65,geo_cov_nat,2023,3.405
cyp,sex_t,age_aggregate_yge65,geo_cov_nat,2024,4.317
cyp,sex_t,age_aggregate_yge65,geo_cov_rur,2010,1.465
cyp,sex_t,age_aggregate_yge65,geo_cov_rur,2011,7.016
cyp,sex_t,age_aggregate_yge65,geo_cov_rur,2012,5.705
cyp,sex_t,age_aggregate_yge65,geo_cov_rur,2013,14.156
cyp,sex_t,age_aggregate_yge65,geo_cov_rur,2014,7.504
cyp,sex_t,age_aggregate_yge65,geo_cov_rur,2015,12.799
cyp,sex_t,age_aggregate_yge65,geo_cov_rur,2016,10.765
cyp,sex_t,age_aggregate_yge65,geo_cov_rur,2017,8.364
cyp,sex_t,age_aggregate_yge65,geo_cov_rur,2018,3.986
cyp,sex_t,age_aggregate_yge65,geo_cov_rur,2019,4.185
cyp,sex_t,age_aggregate_yge65,geo_cov_rur,2020,4.723
cyp,sex_t,age_aggregate_yge65,geo_cov_rur,2021,5.362
cyp,sex_t,age_aggregate_yge65,geo_cov_urb,2000,9.07
cyp,sex_t,age_aggregate_yge65,geo_cov_urb,2001,7.856
cyp,sex_t,age_aggregate_yge65,geo_cov_urb,2004,1.88
cyp,sex_t,age_aggregate_yge65,geo_cov_urb,2005,3.709
cyp,sex_t,age_aggregate_yge65,geo_cov_urb,2009,2.035
cyp,sex_t,age_aggregate_yge65,geo_cov_urb,2010,2.483
cyp,sex_t,age_aggregate_yge65,geo_cov_urb,2011,5.525
cyp,sex_t,age_aggregate_yge65,geo_cov_urb,2012,10.698
cyp,sex_t,age_aggregate_yge65,geo_cov_urb,2013,21.916
cyp,sex_t,age_aggregate_yge65,geo_cov_urb,2014,26.957
cyp,sex_t,age_aggregate_yge65,geo_cov_urb,2015,20.382
cyp,sex_t,age_aggregate_yge65,geo_cov_urb,2016,13.514
cyp,sex_t,age_aggregate_yge65,geo_cov_urb,2017,8.334
cyp,sex_t,age_aggregate_yge65,geo_cov_urb,2018,6.531
cyp,sex_t,age_aggregate_yge65,geo_cov_urb,2019,4.287
cyp,sex_t,age_aggregate_yge65,geo_cov_urb,2020,2.131
cyp,sex_t,age_aggregate_yge65,geo_cov_urb,2021,4.9
cyp,sex_t,age_aggregate_yge65,geo_cov_urb,2022,3.544
cyp,sex_t,age_aggregate_yge65,geo_cov_urb,2023,3.744
cyp,sex_t,age_aggregate_yge65,geo_cov_urb,2024,4.991
cyp,sex_t,age_ythadult_y15_24,geo_cov_nat,1999,14.652
cyp,sex_t,age_ythadult_y15_24,geo_cov_nat,2000,11.319
cyp,sex_t,age_ythadult_y15_24,geo_cov_nat,2001,10.227
cyp,sex_t,age_ythadult_y15_24,geo_cov_nat,2002,8.374
cyp,sex_t,age_ythadult_y15_24,geo_cov_nat,2003,10.249
cyp,sex_t,age_ythadult_y15_24,geo_cov_nat,2004,13.257
cyp,sex_t,age_ythadult_y15_24,geo_cov_nat,2005,17.238
cyp,sex_t,age_ythadult_y15_24,geo_cov_nat,2006,13.104
cyp,sex_t,age_ythadult_y15_24,geo_cov_nat,2007,12.265
cyp,sex_t,age_ythadult_y15_24,geo_cov_nat,2008,11.308
cyp,sex_t,age_ythadult_y15_24,geo_cov_nat,2009,16.821
cyp,sex_t,age_ythadult_y15_24,geo_cov_nat,2010,21.058
cyp,sex_t,age_ythadult_y15_24,geo_cov_nat,2011,27.412
cyp,sex_t,age_ythadult_y15_24,geo_cov_nat,2012,33.969
cyp,sex_t,age_ythadult_y15_24,geo_cov_nat,2013,47.087
cyp,sex_t,age_ythadult_y15_24,geo_cov_nat,2014,43.648
cyp,sex_t,age_ythadult_y15_24,geo_cov_nat,2015,38.696
cyp,sex_t,age_ythadult_y15_24,geo_cov_nat,2016,34.87
cyp,sex_t,age_ythadult_y15_24,geo_cov_nat,2017,29.581
cyp,sex_t,age_ythadult_y15_24,geo_cov_nat,2018,23.5
cyp,sex_t,age_ythadult_y15_24,geo_cov_nat,2019,19.135
cyp,sex_t,age_ythadult_y15_24,geo_cov_nat,2020,21.248
cyp,sex_t,age_ythadult_y15_24,geo_cov_nat,2021,21.635
cyp,sex_t,age_ythadult_y15_24,geo_cov_nat,2022,22.17
cyp,sex_t,age_ythadult_y15_24,geo_cov_nat,2023,19.882
cyp,sex_t,age_ythadult_y15_24,geo_cov_nat,2024,15.602
cyp,sex_t,age_ythadult_y15_24,geo_cov_rur,1999,9.4
cyp,sex_t,age_ythadult_y15_24,geo_cov_rur,2000,10.342
cyp,sex_t,age_ythadult_y15_24,geo_cov_rur,2001,6.987
cyp,sex_t,age_ythadult_y15_24,geo_cov_rur,2002,8.59
cyp,sex_t,age_ythadult_y15_24,geo_cov_rur,2003,7.192
cyp,sex_t,age_ythadult_y15_24,geo_cov_rur,2004,14.77
cyp,sex_t,age_ythadult_y15_24,geo_cov_rur,2005,18.096
cyp,sex_t,age_ythadult_y15_24,geo_cov_rur,2006,11.1
cyp,sex_t,age_ythadult_y15_24,geo_cov_rur,2007,11.244
cyp,sex_t,age_ythadult_y15_24,geo_cov_rur,2008,11.234
cyp,sex_t,age_ythadult_y15_24,geo_cov_rur,2009,17.076
cyp,sex_t,age_ythadult_y15_24,geo_cov_rur,2010,18.421
cyp,sex_t,age_ythadult_y15_24,geo_cov_rur,2011,28.828
cyp,sex_t,age_ythadult_y15_24,geo_cov_rur,2012,36.27
cyp,sex_t,age_ythadult_y15_24,geo_cov_rur,2013,48.793
cyp,sex_t,age_ythadult_y15_24,geo_cov_rur,2014,46.568
cyp,sex_t,age_ythadult_y15_24,geo_cov_rur,2015,37.477
cyp,sex_t,age_ythadult_y15_24,geo_cov_rur,2016,31.477
cyp,sex_t,age_ythadult_y15_24,geo_cov_rur,2017,28.161
cyp,sex_t,age_ythadult_y15_24,geo_cov_rur,2018,20.913
cyp,sex_t,age_ythadult_y15_24,geo_cov_rur,2019,17.338
cyp,sex_t,age_ythadult_y15_24,geo_cov_rur,2020,19.24
cyp,sex_t,age_ythadult_y15_24,geo_cov_rur,2021,20.929
cyp,sex_t,age_ythadult_y15_24,geo_cov_rur,2022,20.83
cyp,sex_t,age_ythadult_y15_24,geo_cov_rur,2023,17.5
cyp,sex_t,age_ythadult_y15_24,geo_cov_rur,2024,14.458
cyp,sex_t,age_ythadult_y15_24,geo_cov_urb,1999,17.802
cyp,sex_t,age_ythadult_y15_24,geo_cov_urb,2000,11.817
cyp,sex_t,age_ythadult_y15_24,geo_cov_urb,2001,11.937
cyp,sex_t,age_ythadult_y15_24,geo_cov_urb,2002,8.223
cyp,sex_t,age_ythadult_y15_24,geo_cov_urb,2003,12.735
cyp,sex_t,age_ythadult_y15_24,geo_cov_urb,2004,12.494
cyp,sex_t,age_ythadult_y15_24,geo_cov_urb,2005,16.87
cyp,sex_t,age_ythadult_y15_24,geo_cov_urb,2006,13.804
cyp,sex_t,age_ythadult_y15_24,geo_cov_urb,2007,12.694
cyp,sex_t,age_ythadult_y15_24,geo_cov_urb,2008,11.339
cyp,sex_t,age_ythadult_y15_24,geo_cov_urb,2009,16.724
cyp,sex_t,age_ythadult_y15_24,geo_cov_urb,2010,22.067
cyp,sex_t,age_ythadult_y15_24,geo_cov_urb,2011,26.874
cyp,sex_t,age_ythadult_y15_24,geo_cov_urb,2012,33.162
cyp,sex_t,age_ythadult_y15_24,geo_cov_urb,2013,46.482
cyp,sex_t,age_ythadult_y15_24,geo_cov_urb,2014,42.502
cyp,sex_t,age_ythadult_y15_24,geo_cov_urb,2015,39.214
cyp,sex_t,age_ythadult_y15_24,geo_cov_urb,2016,35.961
cyp,sex_t,age_ythadult_y15_24,geo_cov_urb,2017,29.986
cyp,sex_t,age_ythadult_y15_24,geo_cov_urb,2018,24.135
cyp,sex_t,age_ythadult_y15_24,geo_cov_urb,2019,19.571
cyp,sex_t,age_ythadult_y15_24,geo_cov_urb,2020,21.823
cyp,sex_t,age_ythadult_y15_24,geo_cov_urb,2021,21.849
cyp,sex_t,age_ythadult_y15_24,geo_cov_urb,2022,22.535
cyp,sex_t,age_ythadult_y15_24,geo_cov_urb,2023,20.361
cyp,sex_t,age_ythadult_y15_24,geo_cov_urb,2024,15.83
cyp,sex_t,age_ythadult_y15_64,geo_cov_nat,1999,8.833
cyp,sex_t,age_ythadult_y15_64,geo_cov_nat,2000,6.865
cyp,sex_t,age_ythadult_y15_64,geo_cov_nat,2001,5.329
cyp,sex_t,age_ythadult_y15_64,geo_cov_nat,2002,4.11
cyp,sex_t,age_ythadult_y15_64,geo_cov_nat,2003,5.314
cyp,sex_t,age_ythadult_y15_64,geo_cov_nat,2004,6.611
cyp,sex_t,age_ythadult_y15_64,geo_cov_nat,2005,7.865
cyp,sex_t,age_ythadult_y15_64,geo_cov_nat,2006,6.465
cyp,sex_t,age_ythadult_y15_64,geo_cov_nat,2007,5.498
cyp,sex_t,age_ythadult_y15_64,geo_cov_nat,2008,5.098
cyp,sex_t,age_ythadult_y15_64,geo_cov_nat,2009,7.128
cyp,sex_t,age_ythadult_y15_64,geo_cov_nat,2010,8.875
cyp,sex_t,age_ythadult_y15_64,geo_cov_nat,2011,11.167
cyp,sex_t,age_ythadult_y15_64,geo_cov_nat,2012,15.271
cyp,sex_t,age_ythadult_y15_64,geo_cov_nat,2013,19.881
cyp,sex_t,age_ythadult_y15_64,geo_cov_nat,2014,20.009
cyp,sex_t,age_ythadult_y15_64,geo_cov_nat,2015,18.943
cyp,sex_t,age_ythadult_y15_64,geo_cov_nat,2016,16.246
cyp,sex_t,age_ythadult_y15_64,geo_cov_nat,2017,14.07
cyp,sex_t,age_ythadult_y15_64,geo_cov_nat,2018,10.96
cyp,sex_t,age_ythadult_y15_64,geo_cov_nat,2019,8.86
cyp,sex_t,age_ythadult_y15_64,geo_cov_nat,2020,9.409
cyp,sex_t,age_ythadult_y15_64,geo_cov_nat,2021,10.194
cyp,sex_t,age_ythadult_y15_64,geo_cov_nat,2022,8.584
cyp,sex_t,age_ythadult_y15_64,geo_cov_nat,2023,7.415
cyp,sex_t,age_ythadult_y15_64,geo_cov_nat,2024,6.179
cyp,sex_t,age_ythadult_y15_64,geo_cov_rur,1999,7.505
cyp,sex_t,age_ythadult_y15_64,geo_cov_rur,2000,5.973
cyp,sex_t,age_ythadult_y15_64,geo_cov_rur,2001,4.978
cyp,sex_t,age_ythadult_y15_64,geo_cov_rur,2002,4.071
cyp,sex_t,age_ythadult_y15_64,geo_cov_rur,2003,5.109
cyp,sex_t,age_ythadult_y15_64,geo_cov_rur,2004,6.427
cyp,sex_t,age_ythadult_y15_64,geo_cov_rur,2005,8.907
cyp,sex_t,age_ythadult_y15_64,geo_cov_rur,2006,6.617
cyp,sex_t,age_ythadult_y15_64,geo_cov_rur,2007,5.775
cyp,sex_t,age_ythadult_y15_64,geo_cov_rur,2008,6.07
cyp,sex_t,age_ythadult_y15_64,geo_cov_rur,2009,8.637
cyp,sex_t,age_ythadult_y15_64,geo_cov_rur,2010,10.289
cyp,sex_t,age_ythadult_y15_64,geo_cov_rur,2011,12.809
cyp,sex_t,age_ythadult_y15_64,geo_cov_rur,2012,17.347
cyp,sex_t,age_ythadult_y15_64,geo_cov_rur,2013,20.052
cyp,sex_t,age_ythadult_y15_64,geo_cov_rur,2014,21.195
cyp,sex_t,age_ythadult_y15_64,geo_cov_rur,2015,20.848
cyp,sex_t,age_ythadult_y15_64,geo_cov_rur,2016,16.873
cyp,sex_t,age_ythadult_y15_64,geo_cov_rur,2017,14.779
cyp,sex_t,age_ythadult_y15_64,geo_cov_rur,2018,11.702
cyp,sex_t,age_ythadult_y15_64,geo_cov_rur,2019,8.638
cyp,sex_t,age_ythadult_y15_64,geo_cov_rur,2020,9.406
cyp,sex_t,age_ythadult_y15_64,geo_cov_rur,2021,9.841
cyp,sex_t,age_ythadult_y15_64,geo_cov_rur,2022,7.126
cyp,sex_t,age_ythadult_y15_64,geo_cov_rur,2023,6.582
cyp,sex_t,age_ythadult_y15_64,geo_cov_rur,2024,6.448
cyp,sex_t,age_ythadult_y15_64,geo_cov_urb,1999,9.507
cyp,sex_t,age_ythadult_y15_64,geo_cov_urb,2000,7.319
cyp,sex_t,age_ythadult_y15_64,geo_cov_urb,2001,5.505
cyp,sex_t,age_ythadult_y15_64,geo_cov_urb,2002,4.131
cyp,sex_t,age_ythadult_y15_64,geo_cov_urb,2003,5.431
cyp,sex_t,age_ythadult_y15_64,geo_cov_urb,2004,6.68
cyp,sex_t,age_ythadult_y15_64,geo_cov_urb,2005,7.489
cyp,sex_t,age_ythadult_y15_64,geo_cov_urb,2006,6.413
cyp,sex_t,age_ythadult_y15_64,geo_cov_urb,2007,5.402
cyp,sex_t,age_ythadult_y15_64,geo_cov_urb,2008,4.741
cyp,sex_t,age_ythadult_y15_64,geo_cov_urb,2009,6.574
cyp,sex_t,age_ythadult_y15_64,geo_cov_urb,2010,8.361
cyp,sex_t,age_ythadult_y15_64,geo_cov_urb,2011,10.582
cyp,sex_t,age_ythadult_y15_64,geo_cov_urb,2012,14.622
cyp,sex_t,age_ythadult_y15_64,geo_cov_urb,2013,19.826
cyp,sex_t,age_ythadult_y15_64,geo_cov_urb,2014,19.625
cyp,sex_t,age_ythadult_y15_64,geo_cov_urb,2015,18.352
cyp,sex_t,age_ythadult_y15_64,geo_cov_urb,2016,16.065
cyp,sex_t,age_ythadult_y15_64,geo_cov_urb,2017,13.899
cyp,sex_t,age_ythadult_y15_64,geo_cov_urb,2018,10.797
cyp,sex_t,age_ythadult_y15_64,geo_cov_urb,2019,8.909
cyp,sex_t,age_ythadult_y15_64,geo_cov_urb,2020,9.409
cyp,sex_t,age_ythadult_y15_64,geo_cov_urb,2021,10.279
cyp,sex_t,age_ythadult_y15_64,geo_cov_urb,2022,8.912
cyp,sex_t,age_ythadult_y15_64,geo_cov_urb,2023,7.591
cyp,sex_t,age_ythadult_y15_64,geo_cov_urb,2024,6.124
cyp,sex_t,age_ythadult_yge15,geo_cov_nat,1999,8.764
cyp,sex_t,age_ythadult_yge15,geo_cov_nat,2000,6.822
cyp,sex_t,age_ythadult_yge15,geo_cov_nat,2001,5.307
cyp,sex_t,age_ythadult_yge15,geo_cov_nat,2002,4.015
cyp,sex_t,age_ythadult_yge15,geo_cov_nat,2003,5.177
cyp,sex_t,age_ythadult_yge15,geo_cov_nat,2004,6.474
cyp,sex_t,age_ythadult_yge15,geo_cov_nat,2005,7.709
cyp,sex_t,age_ythadult_yge15,geo_cov_nat,2006,6.336
cyp,sex_t,age_ythadult_yge15,geo_cov_nat,2007,5.38
cyp,sex_t,age_ythadult_yge15,geo_cov_nat,2008,4.966
cyp,sex_t,age_ythadult_yge15,geo_cov_nat,2009,6.964
cyp,sex_t,age_ythadult_yge15,geo_cov_nat,2010,8.666
cyp,sex_t,age_ythadult_yge15,geo_cov_nat,2011,11.026
cyp,sex_t,age_ythadult_yge15,geo_cov_nat,2012,15.107
cyp,sex_t,age_ythadult_yge15,geo_cov_nat,2013,19.867
cyp,sex_t,age_ythadult_yge15,geo_cov_nat,2014,20.015
cyp,sex_t,age_ythadult_yge15,geo_cov_nat,2015,18.917
cyp,sex_t,age_ythadult_yge15,geo_cov_nat,2016,16.158
cyp,sex_t,age_ythadult_yge15,geo_cov_nat,2017,13.932
cyp,sex_t,age_ythadult_yge15,geo_cov_nat,2018,10.829
cyp,sex_t,age_ythadult_yge15,geo_cov_nat,2019,8.723
cyp,sex_t,age_ythadult_yge15,geo_cov_nat,2020,9.224
cyp,sex_t,age_ythadult_yge15,geo_cov_nat,2021,10.027
cyp,sex_t,age_ythadult_yge15,geo_cov_nat,2022,8.403
cyp,sex_t,age_ythadult_yge15,geo_cov_nat,2023,7.28
cyp,sex_t,age_ythadult_yge15,geo_cov_nat,2024,6.118
cyp,sex_t,age_ythadult_yge15,geo_cov_rur,1999,7.374
cyp,sex_t,age_ythadult_yge15,geo_cov_rur,2000,5.779
cyp,sex_t,age_ythadult_yge15,geo_cov_rur,2001,4.81
cyp,sex_t,age_ythadult_yge15,geo_cov_rur,2002,3.93
cyp,sex_t,age_ythadult_yge15,geo_cov_rur,2003,4.958
cyp,sex_t,age_ythadult_yge15,geo_cov_rur,2004,6.202
cyp,sex_t,age_ythadult_yge15,geo_cov_rur,2005,8.525
cyp,sex_t,age_ythadult_yge15,geo_cov_rur,2006,6.401
cyp,sex_t,age_ythadult_yge15,geo_cov_rur,2007,5.555
cyp,sex_t,age_ythadult_yge15,geo_cov_rur,2008,5.818
cyp,sex_t,age_ythadult_yge15,geo_cov_rur,2009,8.267
cyp,sex_t,age_ythadult_yge15,geo_cov_rur,2010,9.882
cyp,sex_t,age_ythadult_yge15,geo_cov_rur,2011,12.534
cyp,sex_t,age_ythadult_yge15,geo_cov_rur,2012,16.862
cyp,sex_t,age_ythadult_yge15,geo_cov_rur,2013,19.862
cyp,sex_t,age_ythadult_yge15,geo_cov_rur,2014,20.793
cyp,sex_t,age_ythadult_yge15,geo_cov_rur,2015,20.59
cyp,sex_t,age_ythadult_yge15,geo_cov_rur,2016,16.656
cyp,sex_t,age_ythadult_yge15,geo_cov_rur,2017,14.596
cyp,sex_t,age_ythadult_yge15,geo_cov_rur,2018,11.466
cyp,sex_t,age_ythadult_yge15,geo_cov_rur,2019,8.46
cyp,sex_t,age_ythadult_yge15,geo_cov_rur,2020,9.216
cyp,sex_t,age_ythadult_yge15,geo_cov_rur,2021,9.639
cyp,sex_t,age_ythadult_yge15,geo_cov_rur,2022,6.924
cyp,sex_t,age_ythadult_yge15,geo_cov_rur,2023,6.429
cyp,sex_t,age_ythadult_yge15,geo_cov_rur,2024,6.267
cyp,sex_t,age_ythadult_yge15,geo_cov_urb,1999,9.475
cyp,sex_t,age_ythadult_yge15,geo_cov_urb,2000,7.359
cyp,sex_t,age_ythadult_yge15,geo_cov_urb,2001,5.559
cyp,sex_t,age_ythadult_yge15,geo_cov_urb,2002,4.062
cyp,sex_t,age_ythadult_yge15,geo_cov_urb,2003,5.303
cyp,sex_t,age_ythadult_yge15,geo_cov_urb,2004,6.578
cyp,sex_t,age_ythadult_yge15,geo_cov_urb,2005,7.408
cyp,sex_t,age_ythadult_yge15,geo_cov_urb,2006,6.313
cyp,sex_t,age_ythadult_yge15,geo_cov_urb,2007,5.318
cyp,sex_t,age_ythadult_yge15,geo_cov_urb,2008,4.646
cyp,sex_t,age_ythadult_yge15,geo_cov_urb,2009,6.472
cyp,sex_t,age_ythadult_yge15,geo_cov_urb,2010,8.215
cyp,sex_t,age_ythadult_yge15,geo_cov_urb,2011,10.475
cyp,sex_t,age_ythadult_yge15,geo_cov_urb,2012,14.546
cyp,sex_t,age_ythadult_yge15,geo_cov_urb,2013,19.868
cyp,sex_t,age_ythadult_yge15,geo_cov_urb,2014,19.76
cyp,sex_t,age_ythadult_yge15,geo_cov_urb,2015,18.392
cyp,sex_t,age_ythadult_yge15,geo_cov_urb,2016,16.011
cyp,sex_t,age_ythadult_yge15,geo_cov_urb,2017,13.77
cyp,sex_t,age_ythadult_yge15,geo_cov_urb,2018,10.688
cyp,sex_t,age_ythadult_yge15,geo_cov_urb,2019,8.782
cyp,sex_t,age_ythadult_yge15,geo_cov_urb,2020,9.226
cyp,sex_t,age_ythadult_yge15,geo_cov_urb,2021,10.121
cyp,sex_t,age_ythadult_yge15,geo_cov_urb,2022,8.735
cyp,sex_t,age_ythadult_yge15,geo_cov_urb,2023,7.46
cyp,sex_t,age_ythadult_yge15,geo_cov_urb,2024,6.087
cyp,sex_t,age_ythadult_yge25,geo_cov_nat,1999,7.934
cyp,sex_t,age_ythadult_yge25,geo_cov_nat,2000,6.23
cyp,sex_t,age_ythadult_yge25,geo_cov_nat,2001,4.669
cyp,sex_t,age_ythadult_yge25,geo_cov_nat,2002,3.504
cyp,sex_t,age_ythadult_yge25,geo_cov_nat,2003,4.585
cyp,sex_t,age_ythadult_yge25,geo_cov_nat,2004,5.665
cyp,sex_t,age_ythadult_yge25,geo_cov_nat,2005,6.537
cyp,sex_t,age_ythadult_yge25,geo_cov_nat,2006,5.532
cyp,sex_t,age_ythadult_yge25,geo_cov_nat,2007,4.615
cyp,sex_t,age_ythadult_yge25,geo_cov_nat,2008,4.268
cyp,sex_t,age_ythadult_yge25,geo_cov_nat,2009,5.833
cyp,sex_t,age_ythadult_yge25,geo_cov_nat,2010,7.242
cyp,sex_t,age_ythadult_yge25,geo_cov_nat,2011,9.273
cyp,sex_t,age_ythadult_yge25,geo_cov_nat,2012,13.02
cyp,sex_t,age_ythadult_yge25,geo_cov_nat,2013,16.757
cyp,sex_t,age_ythadult_yge25,geo_cov_nat,2014,17.223
cyp,sex_t,age_ythadult_yge25,geo_cov_nat,2015,16.902
cyp,sex_t,age_ythadult_yge25,geo_cov_nat,2016,14.326
cyp,sex_t,age_ythadult_yge25,geo_cov_nat,2017,12.463
cyp,sex_t,age_ythadult_yge25,geo_cov_nat,2018,9.609
cyp,sex_t,age_ythadult_yge25,geo_cov_nat,2019,7.795
cyp,sex_t,age_ythadult_yge25,geo_cov_nat,2020,8.188
cyp,sex_t,age_ythadult_yge25,geo_cov_nat,2021,8.929
cyp,sex_t,age_ythadult_yge25,geo_cov_nat,2022,7.122
cyp,sex_t,age_ythadult_yge25,geo_cov_nat,2023,6.352
cyp,sex_t,age_ythadult_yge25,geo_cov_nat,2024,5.446
cyp,sex_t,age_ythadult_yge25,geo_cov_rur,1999,7.054
cyp,sex_t,age_ythadult_yge25,geo_cov_rur,2000,5.182
cyp,sex_t,age_ythadult_yge25,geo_cov_rur,2001,4.518
cyp,sex_t,age_ythadult_yge25,geo_cov_rur,2002,3.288
cyp,sex_t,age_ythadult_yge25,geo_cov_rur,2003,4.63
cyp,sex_t,age_ythadult_yge25,geo_cov_rur,2004,4.926
cyp,sex_t,age_ythadult_yge25,geo_cov_rur,2005,7.194
cyp,sex_t,age_ythadult_yge25,geo_cov_rur,2006,5.843
cyp,sex_t,age_ythadult_yge25,geo_cov_rur,2007,4.831
cyp,sex_t,age_ythadult_yge25,geo_cov_rur,2008,5.171
cyp,sex_t,age_ythadult_yge25,geo_cov_rur,2009,7.25
cyp,sex_t,age_ythadult_yge25,geo_cov_rur,2010,8.876
cyp,sex_t,age_ythadult_yge25,geo_cov_rur,2011,10.733
cyp,sex_t,age_ythadult_yge25,geo_cov_rur,2012,14.54
cyp,sex_t,age_ythadult_yge25,geo_cov_rur,2013,16.31
cyp,sex_t,age_ythadult_yge25,geo_cov_rur,2014,17.258
cyp,sex_t,age_ythadult_yge25,geo_cov_rur,2015,18.387
cyp,sex_t,age_ythadult_yge25,geo_cov_rur,2016,15.09
cyp,sex_t,age_ythadult_yge25,geo_cov_rur,2017,13.135
cyp,sex_t,age_ythadult_yge25,geo_cov_rur,2018,10.467
cyp,sex_t,age_ythadult_yge25,geo_cov_rur,2019,7.606
cyp,sex_t,age_ythadult_yge25,geo_cov_rur,2020,8.201
cyp,sex_t,age_ythadult_yge25,geo_cov_rur,2021,8.353
cyp,sex_t,age_ythadult_yge25,geo_cov_rur,2022,5.389
cyp,sex_t,age_ythadult_yge25,geo_cov_rur,2023,5.648
cyp,sex_t,age_ythadult_yge25,geo_cov_rur,2024,5.702
cyp,sex_t,age_ythadult_yge25,geo_cov_urb,1999,8.374
cyp,sex_t,age_ythadult_yge25,geo_cov_urb,2000,6.77
cyp,sex_t,age_ythadult_yge25,geo_cov_urb,2001,4.745
cyp,sex_t,age_ythadult_yge25,geo_cov_urb,2002,3.621
cyp,sex_t,age_ythadult_yge25,geo_cov_urb,2003,4.561
cyp,sex_t,age_ythadult_yge25,geo_cov_urb,2004,5.937
cyp,sex_t,age_ythadult_yge25,geo_cov_urb,2005,6.3
cyp,sex_t,age_ythadult_yge25,geo_cov_urb,2006,5.423
cyp,sex_t,age_ythadult_yge25,geo_cov_urb,2007,4.539
cyp,sex_t,age_ythadult_yge25,geo_cov_urb,2008,3.932
cyp,sex_t,age_ythadult_yge25,geo_cov_urb,2009,5.298
cyp,sex_t,age_ythadult_yge25,geo_cov_urb,2010,6.637
cyp,sex_t,age_ythadult_yge25,geo_cov_urb,2011,8.742
cyp,sex_t,age_ythadult_yge25,geo_cov_urb,2012,12.54
cyp,sex_t,age_ythadult_yge25,geo_cov_urb,2013,16.901
cyp,sex_t,age_ythadult_yge25,geo_cov_urb,2014,17.211
cyp,sex_t,age_ythadult_yge25,geo_cov_urb,2015,16.451
cyp,sex_t,age_ythadult_yge25,geo_cov_urb,2016,14.104
cyp,sex_t,age_ythadult_yge25,geo_cov_urb,2017,12.302
cyp,sex_t,age_ythadult_yge25,geo_cov_urb,2018,9.421
cyp,sex_t,age_ythadult_yge25,geo_cov_urb,2019,7.837
cyp,sex_t,age_ythadult_yge25,geo_cov_urb,2020,8.185
cyp,sex_t,age_ythadult_yge25,geo_cov_urb,2021,9.066
cyp,sex_t,age_ythadult_yge25,geo_cov_urb,2022,7.504
cyp,sex_t,age_ythadult_yge25,geo_cov_urb,2023,6.501
cyp,sex_t,age_ythadult_yge25,geo_cov_urb,2024,5.393
cze,sex_f,age_aggregate_total,geo_cov_nat,2019,3.376
cze,sex_f,age_aggregate_total,geo_cov_nat,2020,3.989
cze,sex_f,age_aggregate_total,geo_cov_nat,2021,4.364
cze,sex_f,age_aggregate_total,geo_cov_nat,2022,3.935
cze,sex_f,age_aggregate_total,geo_cov_nat,2023,4.044
cze,sex_f,age_aggregate_total,geo_cov_nat,2024,3.799
cze,sex_f,age_aggregate_total,geo_cov_rur,2019,3.354
cze,sex_f,age_aggregate_total,geo_cov_rur,2020,4.036
cze,sex_f,age_aggregate_total,geo_cov_rur,2021,3.815
cze,sex_f,age_aggregate_total,geo_cov_rur,2022,4.02
cze,sex_f,age_aggregate_total,geo_cov_rur,2023,3.756
cze,sex_f,age_aggregate_total,geo_cov_rur,2024,3.375
cze,sex_f,age_aggregate_total,geo_cov_urb,2019,3.388
cze,sex_f,age_aggregate_total,geo_cov_urb,2020,3.965
cze,sex_f,age_aggregate_total,geo_cov_urb,2021,4.642
cze,sex_f,age_aggregate_total,geo_cov_urb,2022,3.891
cze,sex_f,age_aggregate_total,geo_cov_urb,2023,4.208
cze,sex_f,age_aggregate_total,geo_cov_urb,2024,4.044
cze,sex_f,age_aggregate_y15_24,geo_cov_nat,2019,8.159
cze,sex_f,age_aggregate_y15_24,geo_cov_nat,2020,11.621
cze,sex_f,age_aggregate_y15_24,geo_cov_nat,2021,11.197
cze,sex_f,age_aggregate_y15_24,geo_cov_nat,2022,10.394
cze,sex_f,age_aggregate_y15_24,geo_cov_nat,2023,12.137
cze,sex_f,age_aggregate_y15_24,geo_cov_nat,2024,10.633
cze,sex_f,age_aggregate_y15_24,geo_cov_rur,2019,8.129
cze,sex_f,age_aggregate_y15_24,geo_cov_rur,2020,13.857
cze,sex_f,age_aggregate_y15_24,geo_cov_rur,2021,8.58
cze,sex_f,age_aggregate_y15_24,geo_cov_rur,2022,12.496
cze,sex_f,age_aggregate_y15_24,geo_cov_rur,2023,11.892
cze,sex_f,age_aggregate_y15_24,geo_cov_rur,2024,8.12
cze,sex_f,age_aggregate_y15_24,geo_cov_urb,2019,8.175
cze,sex_f,age_aggregate_y15_24,geo_cov_urb,2020,10.371
cze,sex_f,age_aggregate_y15_24,geo_cov_urb,2021,12.546
cze,sex_f,age_aggregate_y15_24,geo_cov_urb,2022,9.463
cze,sex_f,age_aggregate_y15_24,geo_cov_urb,2023,12.267
cze,sex_f,age_aggregate_y15_24,geo_cov_urb,2024,12.001
cze,sex_f,age_aggregate_y25_54,geo_cov_nat,2019,3.076
cze,sex_f,age_aggregate_y25_54,geo_cov_nat,2020,3.804
cze,sex_f,age_aggregate_y25_54,geo_cov_nat,2021,4.197
cze,sex_f,age_aggregate_y25_54,geo_cov_nat,2022,3.85
cze,sex_f,age_aggregate_y25_54,geo_cov_nat,2023,3.769
cze,sex_f,age_aggregate_y25_54,geo_cov_nat,2024,3.47
cze,sex_f,age_aggregate_y25_54,geo_cov_rur,2019,2.94
cze,sex_f,age_aggregate_y25_54,geo_cov_rur,2020,3.539
cze,sex_f,age_aggregate_y25_54,geo_cov_rur,2021,3.576
cze,sex_f,age_aggregate_y25_54,geo_cov_rur,2022,3.877
cze,sex_f,age_aggregate_y25_54,geo_cov_rur,2023,3.381
cze,sex_f,age_aggregate_y25_54,geo_cov_rur,2024,3.075
cze,sex_f,age_aggregate_y25_54,geo_cov_urb,2019,3.147
cze,sex_f,age_aggregate_y25_54,geo_cov_urb,2020,3.938
cze,sex_f,age_aggregate_y25_54,geo_cov_urb,2021,4.508
cze,sex_f,age_aggregate_y25_54,geo_cov_urb,2022,3.836
cze,sex_f,age_aggregate_y25_54,geo_cov_urb,2023,3.985
cze,sex_f,age_aggregate_y25_54,geo_cov_urb,2024,3.696
cze,sex_f,age_aggregate_y55_64,geo_cov_nat,2019,3.131
cze,sex_f,age_aggregate_y55_64,geo_cov_nat,2020,3.079
cze,sex_f,age_aggregate_y55_64,geo_cov_nat,2021,3.623
cze,sex_f,age_aggregate_y55_64,geo_cov_nat,2022,2.806
cze,sex_f,age_aggregate_y55_64,geo_cov_nat,2023,2.967
cze,sex_f,age_aggregate_y55_64,geo_cov_nat,2024,2.823
cze,sex_f,age_aggregate_y55_64,geo_cov_rur,2019,3.246
cze,sex_f,age_aggregate_y55_64,geo_cov_rur,2020,3.67
cze,sex_f,age_aggregate_y55_64,geo_cov_rur,2021,3.709
cze,sex_f,age_aggregate_y55_64,geo_cov_rur,2022,3.032
cze,sex_f,age_aggregate_y55_64,geo_cov_rur,2023,3.071
cze,sex_f,age_aggregate_y55_64,geo_cov_rur,2024,2.713
cze,sex_f,age_aggregate_y55_64,geo_cov_urb,2019,3.069
cze,sex_f,age_aggregate_y55_64,geo_cov_urb,2020,2.737
cze,sex_f,age_aggregate_y55_64,geo_cov_urb,2021,3.574
cze,sex_f,age_aggregate_y55_64,geo_cov_urb,2022,2.666
cze,sex_f,age_aggregate_y55_64,geo_cov_urb,2023,2.896
cze,sex_f,age_aggregate_y55_64,geo_cov_urb,2024,2.897
cze,sex_f,age_aggregate_yge65,geo_cov_nat,2019,4.252
cze,sex_f,age_aggregate_yge65,geo_cov_nat,2020,2.888
cze,sex_f,age_aggregate_yge65,geo_cov_nat,2021,2.602
cze,sex_f,age_aggregate_yge65,geo_cov_nat,2022,2.552
cze,sex_f,age_aggregate_yge65,geo_cov_nat,2023,2.084
cze,sex_f,age_aggregate_yge65,geo_cov_nat,2024,5.021
cze,sex_f,age_aggregate_yge65,geo_cov_rur,2019,7.908
cze,sex_f,age_aggregate_yge65,geo_cov_rur,2020,3.894
cze,sex_f,age_aggregate_yge65,geo_cov_rur,2021,2.912
cze,sex_f,age_aggregate_yge65,geo_cov_rur,2024,7.774
cze,sex_f,age_aggregate_yge65,geo_cov_urb,2019,3.198
cze,sex_f,age_aggregate_yge65,geo_cov_urb,2020,2.615
cze,sex_f,age_aggregate_yge65,geo_cov_urb,2021,2.514
cze,sex_f,age_aggregate_yge65,geo_cov_urb,2022,2.965
cze,sex_f,age_aggregate_yge65,geo_cov_urb,2023,1.934
cze,sex_f,age_aggregate_yge65,geo_cov_urb,2024,4.129
cze,sex_f,age_ythadult_y15_24,geo_cov_nat,2019,8.159
cze,sex_f,age_ythadult_y15_24,geo_cov_nat,2020,11.621
cze,sex_f,age_ythadult_y15_24,geo_cov_nat,2021,11.197
cze,sex_f,age_ythadult_y15_24,geo_cov_nat,2022,10.394
cze,sex_f,age_ythadult_y15_24,geo_cov_nat,2023,12.137
cze,sex_f,age_ythadult_y15_24,geo_cov_nat,2024,10.633
cze,sex_f,age_ythadult_y15_24,geo_cov_rur,2019,8.129
cze,sex_f,age_ythadult_y15_24,geo_cov_rur,2020,13.857
cze,sex_f,age_ythadult_y15_24,geo_cov_rur,2021,8.58
cze,sex_f,age_ythadult_y15_24,geo_cov_rur,2022,12.496
cze,sex_f,age_ythadult_y15_24,geo_cov_rur,2023,11.892
cze,sex_f,age_ythadult_y15_24,geo_cov_rur,2024,8.12
cze,sex_f,age_ythadult_y15_24,geo_cov_urb,2019,8.175
cze,sex_f,age_ythadult_y15_24,geo_cov_urb,2020,10.371
cze,sex_f,age_ythadult_y15_24,geo_cov_urb,2021,12.546
cze,sex_f,age_ythadult_y15_24,geo_cov_urb,2022,9.463
cze,sex_f,age_ythadult_y15_24,geo_cov_urb,2023,12.267
cze,sex_f,age_ythadult_y15_24,geo_cov_urb,2024,12.001
cze,sex_f,age_ythadult_y15_64,geo_cov_nat,2019,3.351
cze,sex_f,age_ythadult_y15_64,geo_cov_nat,2020,4.019
cze,sex_f,age_ythadult_y15_64,geo_cov_nat,2021,4.41
cze,sex_f,age_ythadult_y15_64,geo_cov_nat,2022,3.976
cze,sex_f,age_ythadult_y15_64,geo_cov_nat,2023,4.113
cze,sex_f,age_ythadult_y15_64,geo_cov_nat,2024,3.758
cze,sex_f,age_ythadult_y15_64,geo_cov_rur,2019,3.27
cze,sex_f,age_ythadult_y15_64,geo_cov_rur,2020,4.038
cze,sex_f,age_ythadult_y15_64,geo_cov_rur,2021,3.83
cze,sex_f,age_ythadult_y15_64,geo_cov_rur,2022,4.077
cze,sex_f,age_ythadult_y15_64,geo_cov_rur,2023,3.794
cze,sex_f,age_ythadult_y15_64,geo_cov_rur,2024,3.276
cze,sex_f,age_ythadult_y15_64,geo_cov_urb,2019,3.394
cze,sex_f,age_ythadult_y15_64,geo_cov_urb,2020,4.009
cze,sex_f,age_ythadult_y15_64,geo_cov_urb,2021,4.708
cze,sex_f,age_ythadult_y15_64,geo_cov_urb,2022,3.922
cze,sex_f,age_ythadult_y15_64,geo_cov_urb,2023,4.296
cze,sex_f,age_ythadult_y15_64,geo_cov_urb,2024,4.041
cze,sex_f,age_ythadult_yge15,geo_cov_nat,2019,3.376
cze,sex_f,age_ythadult_yge15,geo_cov_nat,2020,3.989
cze,sex_f,age_ythadult_yge15,geo_cov_nat,2021,4.364
cze,sex_f,age_ythadult_yge15,geo_cov_nat,2022,3.935
cze,sex_f,age_ythadult_yge15,geo_cov_nat,2023,4.044
cze,sex_f,age_ythadult_yge15,geo_cov_nat,2024,3.799
cze,sex_f,age_ythadult_yge15,geo_cov_rur,2019,3.354
cze,sex_f,age_ythadult_yge15,geo_cov_rur,2020,4.036
cze,sex_f,age_ythadult_yge15,geo_cov_rur,2021,3.815
cze,sex_f,age_ythadult_yge15,geo_cov_rur,2022,4.02
cze,sex_f,age_ythadult_yge15,geo_cov_rur,2023,3.756
cze,sex_f,age_ythadult_yge15,geo_cov_rur,2024,3.375
cze,sex_f,age_ythadult_yge15,geo_cov_urb,2019,3.388
cze,sex_f,age_ythadult_yge15,geo_cov_urb,2020,3.965
cze,sex_f,age_ythadult_yge15,geo_cov_urb,2021,4.642
cze,sex_f,age_ythadult_yge15,geo_cov_urb,2022,3.891
cze,sex_f,age_ythadult_yge15,geo_cov_urb,2023,4.208
cze,sex_f,age_ythadult_yge15,geo_cov_urb,2024,4.044
cze,sex_f,age_ythadult_yge25,geo_cov_nat,2019,3.12
cze,sex_f,age_ythadult_yge25,geo_cov_nat,2020,3.647
cze,sex_f,age_ythadult_yge25,geo_cov_nat,2021,4.047
cze,sex_f,age_ythadult_yge25,geo_cov_nat,2022,3.608
cze,sex_f,age_ythadult_yge25,geo_cov_nat,2023,3.549
cze,sex_f,age_ythadult_yge25,geo_cov_nat,2024,3.394
cze,sex_f,age_ythadult_yge25,geo_cov_rur,2019,3.09
cze,sex_f,age_ythadult_yge25,geo_cov_rur,2020,3.571
cze,sex_f,age_ythadult_yge25,geo_cov_rur,2021,3.591
cze,sex_f,age_ythadult_yge25,geo_cov_rur,2022,3.64
cze,sex_f,age_ythadult_yge25,geo_cov_rur,2023,3.284
cze,sex_f,age_ythadult_yge25,geo_cov_rur,2024,3.104
cze,sex_f,age_ythadult_yge25,geo_cov_urb,2019,3.135
cze,sex_f,age_ythadult_yge25,geo_cov_urb,2020,3.686
cze,sex_f,age_ythadult_yge25,geo_cov_urb,2021,4.278
cze,sex_f,age_ythadult_yge25,geo_cov_urb,2022,3.592
cze,sex_f,age_ythadult_yge25,geo_cov_urb,2023,3.7
cze,sex_f,age_ythadult_yge25,geo_cov_urb,2024,3.561
cze,sex_m,age_aggregate_total,geo_cov_nat,2019,2.26
cze,sex_m,age_aggregate_total,geo_cov_nat,2020,2.793
cze,sex_m,age_aggregate_total,geo_cov_nat,2021,2.821
cze,sex_m,age_aggregate_total,geo_cov_nat,2022,2.465
cze,sex_m,age_aggregate_total,geo_cov_nat,2023,2.558
cze,sex_m,age_aggregate_total,geo_cov_nat,2024,2.674
cze,sex_m,age_aggregate_total,geo_cov_rur,2019,2.162
cze,sex_m,age_aggregate_total,geo_cov_rur,2020,2.367
cze,sex_m,age_aggregate_total,geo_cov_rur,2021,2.31
cze,sex_m,age_aggregate_total,geo_cov_rur,2022,2.388
cze,sex_m,age_aggregate_total,geo_cov_rur,2023,2.398
cze,sex_m,age_aggregate_total,geo_cov_rur,2024,2.74
cze,sex_m,age_aggregate_total,geo_cov_urb,2019,2.316
cze,sex_m,age_aggregate_total,geo_cov_urb,2020,3.033
cze,sex_m,age_aggregate_total,geo_cov_urb,2021,3.108
cze,sex_m,age_aggregate_total,geo_cov_urb,2022,2.51
cze,sex_m,age_aggregate_total,geo_cov_urb,2023,2.656
cze,sex_m,age_aggregate_total,geo_cov_urb,2024,2.634
cze,sex_m,age_aggregate_y15_24,geo_cov_nat,2019,6.834
cze,sex_m,age_aggregate_y15_24,geo_cov_nat,2020,8.765
cze,sex_m,age_aggregate_y15_24,geo_cov_nat,2021,8.881
cze,sex_m,age_aggregate_y15_24,geo_cov_nat,2022,8.17
cze,sex_m,age_aggregate_y15_24,geo_cov_nat,2023,9.815
cze,sex_m,age_aggregate_y15_24,geo_cov_nat,2024,9.57
cze,sex_m,age_aggregate_y15_24,geo_cov_rur,2019,5.818
cze,sex_m,age_aggregate_y15_24,geo_cov_rur,2020,8.441
cze,sex_m,age_aggregate_y15_24,geo_cov_rur,2021,6.872
cze,sex_m,age_aggregate_y15_24,geo_cov_rur,2022,6.324
cze,sex_m,age_aggregate_y15_24,geo_cov_rur,2023,7.479
cze,sex_m,age_aggregate_y15_24,geo_cov_rur,2024,11.098
cze,sex_m,age_aggregate_y15_24,geo_cov_urb,2019,7.546
cze,sex_m,age_aggregate_y15_24,geo_cov_urb,2020,8.984
cze,sex_m,age_aggregate_y15_24,geo_cov_urb,2021,10.211
cze,sex_m,age_aggregate_y15_24,geo_cov_urb,2022,9.493
cze,sex_m,age_aggregate_y15_24,geo_cov_urb,2023,11.238
cze,sex_m,age_aggregate_y15_24,geo_cov_urb,2024,8.547
cze,sex_m,age_aggregate_y25_54,geo_cov_nat,2019,1.906
cze,sex_m,age_aggregate_y25_54,geo_cov_nat,2020,2.522
cze,sex_m,age_aggregate_y25_54,geo_cov_nat,2021,2.468
cze,sex_m,age_aggregate_y25_54,geo_cov_nat,2022,2.051
cze,sex_m,age_aggregate_y25_54,geo_cov_nat,2023,2.113
cze,sex_m,age_aggregate_y25_54,geo_cov_nat,2024,2.183
cze,sex_m,age_aggregate_y25_54,geo_cov_rur,2019,1.812
cze,sex_m,age_aggregate_y25_54,geo_cov_rur,2020,1.934
cze,sex_m,age_aggregate_y25_54,geo_cov_rur,2021,2.021
cze,sex_m,age_aggregate_y25_54,geo_cov_rur,2022,1.852
cze,sex_m,age_aggregate_y25_54,geo_cov_rur,2023,2.224
cze,sex_m,age_aggregate_y25_54,geo_cov_rur,2024,2.214
cze,sex_m,age_aggregate_y25_54,geo_cov_urb,2019,1.958
cze,sex_m,age_aggregate_y25_54,geo_cov_urb,2020,2.843
cze,sex_m,age_aggregate_y25_54,geo_cov_urb,2021,2.712
cze,sex_m,age_aggregate_y25_54,geo_cov_urb,2022,2.161
cze,sex_m,age_aggregate_y25_54,geo_cov_urb,2023,2.047
cze,sex_m,age_aggregate_y25_54,geo_cov_urb,2024,2.165
cze,sex_m,age_aggregate_y55_64,geo_cov_nat,2019,2.487
cze,sex_m,age_aggregate_y55_64,geo_cov_nat,2020,2.215
cze,sex_m,age_aggregate_y55_64,geo_cov_nat,2021,2.688
cze,sex_m,age_aggregate_y55_64,geo_cov_nat,2022,2.497
cze,sex_m,age_aggregate_y55_64,geo_cov_nat,2023,2.055
cze,sex_m,age_aggregate_y55_64,geo_cov_nat,2024,2.382
cze,sex_m,age_aggregate_y55_64,geo_cov_rur,2019,2.341
cze,sex_m,age_aggregate_y55_64,geo_cov_rur,2020,2.224
cze,sex_m,age_aggregate_y55_64,geo_cov_rur,2021,2.126
cze,sex_m,age_aggregate_y55_64,geo_cov_rur,2022,3.294
cze,sex_m,age_aggregate_y55_64,geo_cov_rur,2023,1.265
cze,sex_m,age_aggregate_y55_64,geo_cov_rur,2024,1.907
cze,sex_m,age_aggregate_y55_64,geo_cov_urb,2019,2.582
cze,sex_m,age_aggregate_y55_64,geo_cov_urb,2020,2.209
cze,sex_m,age_aggregate_y55_64,geo_cov_urb,2021,3.044
cze,sex_m,age_aggregate_y55_64,geo_cov_urb,2022,1.965
cze,sex_m,age_aggregate_y55_64,geo_cov_urb,2023,2.674
cze,sex_m,age_aggregate_y55_64,geo_cov_urb,2024,2.751
cze,sex_m,age_aggregate_yge65,geo_cov_nat,2019,1.397
cze,sex_m,age_aggregate_yge65,geo_cov_nat,2020,1.775
cze,sex_m,age_aggregate_yge65,geo_cov_nat,2021,1.439
cze,sex_m,age_aggregate_yge65,geo_cov_nat,2022,1.815
cze,sex_m,age_aggregate_yge65,geo_cov_nat,2023,2.295
cze,sex_m,age_aggregate_yge65,geo_cov_nat,2024,2.627
cze,sex_m,age_aggregate_yge65,geo_cov_rur,2019,1.914
cze,sex_m,age_aggregate_yge65,geo_cov_rur,2020,1.173
cze,sex_m,age_aggregate_yge65,geo_cov_rur,2021,1.208
cze,sex_m,age_aggregate_yge65,geo_cov_rur,2023,4.307
cze,sex_m,age_aggregate_yge65,geo_cov_rur,2024,3.265
cze,sex_m,age_aggregate_yge65,geo_cov_urb,2019,1.188
cze,sex_m,age_aggregate_yge65,geo_cov_urb,2020,2.033
cze,sex_m,age_aggregate_yge65,geo_cov_urb,2021,1.54
cze,sex_m,age_aggregate_yge65,geo_cov_urb,2022,2.23
cze,sex_m,age_aggregate_yge65,geo_cov_urb,2024,2.327
cze,sex_m,age_ythadult_y15_24,geo_cov_nat,2019,6.834
cze,sex_m,age_ythadult_y15_24,geo_cov_nat,2020,8.765
cze,sex_m,age_ythadult_y15_24,geo_cov_nat,2021,8.881
cze,sex_m,age_ythadult_y15_24,geo_cov_nat,2022,8.17
cze,sex_m,age_ythadult_y15_24,geo_cov_nat,2023,9.815
cze,sex_m,age_ythadult_y15_24,geo_cov_nat,2024,9.57
cze,sex_m,age_ythadult_y15_24,geo_cov_rur,2019,5.818
cze,sex_m,age_ythadult_y15_24,geo_cov_rur,2020,8.441
cze,sex_m,age_ythadult_y15_24,geo_cov_rur,2021,6.872
cze,sex_m,age_ythadult_y15_24,geo_cov_rur,2022,6.324
cze,sex_m,age_ythadult_y15_24,geo_cov_rur,2023,7.479
cze,sex_m,age_ythadult_y15_24,geo_cov_rur,2024,11.098
cze,sex_m,age_ythadult_y15_24,geo_cov_urb,2019,7.546
cze,sex_m,age_ythadult_y15_24,geo_cov_urb,2020,8.984
cze,sex_m,age_ythadult_y15_24,geo_cov_urb,2021,10.211
cze,sex_m,age_ythadult_y15_24,geo_cov_urb,2022,9.493
cze,sex_m,age_ythadult_y15_24,geo_cov_urb,2023,11.238
cze,sex_m,age_ythadult_y15_24,geo_cov_urb,2024,8.547
cze,sex_m,age_ythadult_y15_64,geo_cov_nat,2019,2.286
cze,sex_m,age_ythadult_y15_64,geo_cov_nat,2020,2.824
cze,sex_m,age_ythadult_y15_64,geo_cov_nat,2021,2.863
cze,sex_m,age_ythadult_y15_64,geo_cov_nat,2022,2.485
cze,sex_m,age_ythadult_y15_64,geo_cov_nat,2023,2.566
cze,sex_m,age_ythadult_y15_64,geo_cov_nat,2024,2.676
cze,sex_m,age_ythadult_y15_64,geo_cov_rur,2019,2.168
cze,sex_m,age_ythadult_y15_64,geo_cov_rur,2020,2.397
cze,sex_m,age_ythadult_y15_64,geo_cov_rur,2021,2.338
cze,sex_m,age_ythadult_y15_64,geo_cov_rur,2022,2.425
cze,sex_m,age_ythadult_y15_64,geo_cov_rur,2023,2.344
cze,sex_m,age_ythadult_y15_64,geo_cov_rur,2024,2.725
cze,sex_m,age_ythadult_y15_64,geo_cov_urb,2019,2.354
cze,sex_m,age_ythadult_y15_64,geo_cov_urb,2020,3.066
cze,sex_m,age_ythadult_y15_64,geo_cov_urb,2021,3.16
cze,sex_m,age_ythadult_y15_64,geo_cov_urb,2022,2.519
cze,sex_m,age_ythadult_y15_64,geo_cov_urb,2023,2.705
cze,sex_m,age_ythadult_y15_64,geo_cov_urb,2024,2.646
cze,sex_m,age_ythadult_yge15,geo_cov_nat,2019,2.26
cze,sex_m,age_ythadult_yge15,geo_cov_nat,2020,2.793
cze,sex_m,age_ythadult_yge15,geo_cov_nat,2021,2.821
cze,sex_m,age_ythadult_yge15,geo_cov_nat,2022,2.465
cze,sex_m,age_ythadult_yge15,geo_cov_nat,2023,2.558
cze,sex_m,age_ythadult_yge15,geo_cov_nat,2024,2.674
cze,sex_m,age_ythadult_yge15,geo_cov_rur,2019,2.162
cze,sex_m,age_ythadult_yge15,geo_cov_rur,2020,2.367
cze,sex_m,age_ythadult_yge15,geo_cov_rur,2021,2.31
cze,sex_m,age_ythadult_yge15,geo_cov_rur,2022,2.388
cze,sex_m,age_ythadult_yge15,geo_cov_rur,2023,2.398
cze,sex_m,age_ythadult_yge15,geo_cov_rur,2024,2.74
cze,sex_m,age_ythadult_yge15,geo_cov_urb,2019,2.316
cze,sex_m,age_ythadult_yge15,geo_cov_urb,2020,3.033
cze,sex_m,age_ythadult_yge15,geo_cov_urb,2021,3.108
cze,sex_m,age_ythadult_yge15,geo_cov_urb,2022,2.51
cze,sex_m,age_ythadult_yge15,geo_cov_urb,2023,2.656
cze,sex_m,age_ythadult_yge15,geo_cov_urb,2024,2.634
cze,sex_m,age_ythadult_yge25,geo_cov_nat,2019,1.991
cze,sex_m,age_ythadult_yge25,geo_cov_nat,2020,2.446
cze,sex_m,age_ythadult_yge25,geo_cov_nat,2021,2.475
cze,sex_m,age_ythadult_yge25,geo_cov_nat,2022,2.126
cze,sex_m,age_ythadult_yge25,geo_cov_nat,2023,2.109
cze,sex_m,age_ythadult_yge25,geo_cov_nat,2024,2.236
cze,sex_m,age_ythadult_yge25,geo_cov_rur,2019,1.915
cze,sex_m,age_ythadult_yge25,geo_cov_rur,2020,1.969
cze,sex_m,age_ythadult_yge25,geo_cov_rur,2021,2.02
cze,sex_m,age_ythadult_yge25,geo_cov_rur,2022,2.118
cze,sex_m,age_ythadult_yge25,geo_cov_rur,2023,2.086
cze,sex_m,age_ythadult_yge25,geo_cov_rur,2024,2.18
cze,sex_m,age_ythadult_yge25,geo_cov_urb,2019,2.033
cze,sex_m,age_ythadult_yge25,geo_cov_urb,2020,2.711
cze,sex_m,age_ythadult_yge25,geo_cov_urb,2021,2.728
cze,sex_m,age_ythadult_yge25,geo_cov_urb,2022,2.13
cze,sex_m,age_ythadult_yge25,geo_cov_urb,2023,2.123
cze,sex_m,age_ythadult_yge25,geo_cov_urb,2024,2.27
cze,sex_t,age_aggregate_total,geo_cov_nat,2019,2.758
cze,sex_t,age_aggregate_total,geo_cov_nat,2020,3.324
cze,sex_t,age_aggregate_total,geo_cov_nat,2021,3.507
cze,sex_t,age_aggregate_total,geo_cov_nat,2022,3.121
cze,sex_t,age_aggregate_total,geo_cov_nat,2023,3.216
cze,sex_t,age_aggregate_total,geo_cov_nat,2024,3.186
cze,sex_t,age_aggregate_total,geo_cov_rur,2019,2.675
cze,sex_t,age_aggregate_total,geo_cov_rur,2020,3.084
cze,sex_t,age_aggregate_total,geo_cov_rur,2021,2.954
cze,sex_t,age_aggregate_total,geo_cov_rur,2022,3.091
cze,sex_t,age_aggregate_total,geo_cov_rur,2023,2.983
cze,sex_t,age_aggregate_total,geo_cov_rur,2024,3.022
cze,sex_t,age_aggregate_total,geo_cov_urb,2019,2.804
cze,sex_t,age_aggregate_total,geo_cov_urb,2020,3.454
cze,sex_t,age_aggregate_total,geo_cov_urb,2021,3.804
cze,sex_t,age_aggregate_total,geo_cov_urb,2022,3.138
cze,sex_t,age_aggregate_total,geo_cov_urb,2023,3.355
cze,sex_t,age_aggregate_total,geo_cov_urb,2024,3.284
cze,sex_t,age_aggregate_y15_24,geo_cov_nat,2019,7.397
cze,sex_t,age_aggregate_y15_24,geo_cov_nat,2020,9.86
cze,sex_t,age_aggregate_y15_24,geo_cov_nat,2021,9.799
cze,sex_t,age_aggregate_y15_24,geo_cov_nat,2022,9.078
cze,sex_t,age_aggregate_y15_24,geo_cov_nat,2023,10.839
cze,sex_t,age_aggregate_y15_24,geo_cov_nat,2024,10.036
cze,sex_t,age_aggregate_y15_24,geo_cov_rur,2019,6.709
cze,sex_t,age_aggregate_y15_24,geo_cov_rur,2020,10.37
cze,sex_t,age_aggregate_y15_24,geo_cov_rur,2021,7.486
cze,sex_t,age_aggregate_y15_24,geo_cov_rur,2022,8.402
cze,sex_t,age_aggregate_y15_24,geo_cov_rur,2023,9.324
cze,sex_t,age_aggregate_y15_24,geo_cov_rur,2024,9.886
cze,sex_t,age_aggregate_y15_24,geo_cov_urb,2019,7.829
cze,sex_t,age_aggregate_y15_24,geo_cov_urb,2020,9.539
cze,sex_t,age_aggregate_y15_24,geo_cov_urb,2021,11.188
cze,sex_t,age_aggregate_y15_24,geo_cov_urb,2022,9.479
cze,sex_t,age_aggregate_y15_24,geo_cov_urb,2023,11.705
cze,sex_t,age_aggregate_y15_24,geo_cov_urb,2024,10.129
cze,sex_t,age_aggregate_y25_54,geo_cov_nat,2019,2.43
cze,sex_t,age_aggregate_y25_54,geo_cov_nat,2020,3.093
cze,sex_t,age_aggregate_y25_54,geo_cov_nat,2021,3.239
cze,sex_t,age_aggregate_y25_54,geo_cov_nat,2022,2.852
cze,sex_t,age_aggregate_y25_54,geo_cov_nat,2023,2.837
cze,sex_t,age_aggregate_y25_54,geo_cov_nat,2024,2.764
cze,sex_t,age_aggregate_y25_54,geo_cov_rur,2019,2.307
cze,sex_t,age_aggregate_y25_54,geo_cov_rur,2020,2.632
cze,sex_t,age_aggregate_y25_54,geo_cov_rur,2021,2.693
cze,sex_t,age_aggregate_y25_54,geo_cov_rur,2022,2.731
cze,sex_t,age_aggregate_y25_54,geo_cov_rur,2023,2.719
cze,sex_t,age_aggregate_y25_54,geo_cov_rur,2024,2.6
cze,sex_t,age_aggregate_y25_54,geo_cov_urb,2019,2.496
cze,sex_t,age_aggregate_y25_54,geo_cov_urb,2020,3.337
cze,sex_t,age_aggregate_y25_54,geo_cov_urb,2021,3.525
cze,sex_t,age_aggregate_y25_54,geo_cov_urb,2022,2.917
cze,sex_t,age_aggregate_y25_54,geo_cov_urb,2023,2.904
cze,sex_t,age_aggregate_y25_54,geo_cov_urb,2024,2.859
cze,sex_t,age_aggregate_y55_64,geo_cov_nat,2019,2.777
cze,sex_t,age_aggregate_y55_64,geo_cov_nat,2020,2.61
cze,sex_t,age_aggregate_y55_64,geo_cov_nat,2021,3.118
cze,sex_t,age_aggregate_y55_64,geo_cov_nat,2022,2.64
cze,sex_t,age_aggregate_y55_64,geo_cov_nat,2023,2.482
cze,sex_t,age_aggregate_y55_64,geo_cov_nat,2024,2.592
cze,sex_t,age_aggregate_y55_64,geo_cov_rur,2019,2.72
cze,sex_t,age_aggregate_y55_64,geo_cov_rur,2020,2.86
cze,sex_t,age_aggregate_y55_64,geo_cov_rur,2021,2.827
cze,sex_t,age_aggregate_y55_64,geo_cov_rur,2022,3.176
cze,sex_t,age_aggregate_y55_64,geo_cov_rur,2023,2.073
cze,sex_t,age_aggregate_y55_64,geo_cov_rur,2024,2.272
cze,sex_t,age_aggregate_y55_64,geo_cov_urb,2019,2.81
cze,sex_t,age_aggregate_y55_64,geo_cov_urb,2020,2.455
cze,sex_t,age_aggregate_y55_64,geo_cov_urb,2021,3.293
cze,sex_t,age_aggregate_y55_64,geo_cov_urb,2022,2.293
cze,sex_t,age_aggregate_y55_64,geo_cov_urb,2023,2.781
cze,sex_t,age_aggregate_y55_64,geo_cov_urb,2024,2.823
cze,sex_t,age_aggregate_yge65,geo_cov_nat,2019,2.623
cze,sex_t,age_aggregate_yge65,geo_cov_nat,2020,2.242
cze,sex_t,age_aggregate_yge65,geo_cov_nat,2021,1.916
cze,sex_t,age_aggregate_yge65,geo_cov_nat,2022,2.142
cze,sex_t,age_aggregate_yge65,geo_cov_nat,2023,2.199
cze,sex_t,age_aggregate_yge65,geo_cov_nat,2024,3.704
cze,sex_t,age_aggregate_yge65,geo_cov_rur,2019,4.124
cze,sex_t,age_aggregate_yge65,geo_cov_rur,2020,2.097
cze,sex_t,age_aggregate_yge65,geo_cov_rur,2021,1.781
cze,sex_t,age_aggregate_yge65,geo_cov_rur,2023,3.483
cze,sex_t,age_aggregate_yge65,geo_cov_rur,2024,5
cze,sex_t,age_aggregate_yge65,geo_cov_urb,2019,2.094
cze,sex_t,age_aggregate_yge65,geo_cov_urb,2020,2.294
cze,sex_t,age_aggregate_yge65,geo_cov_urb,2021,1.966
cze,sex_t,age_aggregate_yge65,geo_cov_urb,2022,2.568
cze,sex_t,age_aggregate_yge65,geo_cov_urb,2023,1.612
cze,sex_t,age_aggregate_yge65,geo_cov_urb,2024,3.185
cze,sex_t,age_ythadult_y15_24,geo_cov_nat,2019,7.397
cze,sex_t,age_ythadult_y15_24,geo_cov_nat,2020,9.86
cze,sex_t,age_ythadult_y15_24,geo_cov_nat,2021,9.799
cze,sex_t,age_ythadult_y15_24,geo_cov_nat,2022,9.078
cze,sex_t,age_ythadult_y15_24,geo_cov_nat,2023,10.839
cze,sex_t,age_ythadult_y15_24,geo_cov_nat,2024,10.036
cze,sex_t,age_ythadult_y15_24,geo_cov_rur,2019,6.709
cze,sex_t,age_ythadult_y15_24,geo_cov_rur,2020,10.37
cze,sex_t,age_ythadult_y15_24,geo_cov_rur,2021,7.486
cze,sex_t,age_ythadult_y15_24,geo_cov_rur,2022,8.402
cze,sex_t,age_ythadult_y15_24,geo_cov_rur,2023,9.324
cze,sex_t,age_ythadult_y15_24,geo_cov_rur,2024,9.886
cze,sex_t,age_ythadult_y15_24,geo_cov_urb,2019,7.829
cze,sex_t,age_ythadult_y15_24,geo_cov_urb,2020,9.539
cze,sex_t,age_ythadult_y15_24,geo_cov_urb,2021,11.188
cze,sex_t,age_ythadult_y15_24,geo_cov_urb,2022,9.479
cze,sex_t,age_ythadult_y15_24,geo_cov_urb,2023,11.705
cze,sex_t,age_ythadult_y15_24,geo_cov_urb,2024,10.129
cze,sex_t,age_ythadult_y15_64,geo_cov_nat,2019,2.762
cze,sex_t,age_ythadult_y15_64,geo_cov_nat,2020,3.355
cze,sex_t,age_ythadult_y15_64,geo_cov_nat,2021,3.553
cze,sex_t,age_ythadult_y15_64,geo_cov_nat,2022,3.15
cze,sex_t,age_ythadult_y15_64,geo_cov_nat,2023,3.251
cze,sex_t,age_ythadult_y15_64,geo_cov_nat,2024,3.168
cze,sex_t,age_ythadult_y15_64,geo_cov_rur,2019,2.644
cze,sex_t,age_ythadult_y15_64,geo_cov_rur,2020,3.105
cze,sex_t,age_ythadult_y15_64,geo_cov_rur,2021,2.98
cze,sex_t,age_ythadult_y15_64,geo_cov_rur,2022,3.139
cze,sex_t,age_ythadult_y15_64,geo_cov_rur,2023,2.969
cze,sex_t,age_ythadult_y15_64,geo_cov_rur,2024,2.971
cze,sex_t,age_ythadult_y15_64,geo_cov_urb,2019,2.828
cze,sex_t,age_ythadult_y15_64,geo_cov_urb,2020,3.492
cze,sex_t,age_ythadult_y15_64,geo_cov_urb,2021,3.863
cze,sex_t,age_ythadult_y15_64,geo_cov_urb,2022,3.157
cze,sex_t,age_ythadult_y15_64,geo_cov_urb,2023,3.421
cze,sex_t,age_ythadult_y15_64,geo_cov_urb,2024,3.288
cze,sex_t,age_ythadult_yge15,geo_cov_nat,2019,2.758
cze,sex_t,age_ythadult_yge15,geo_cov_nat,2020,3.324
cze,sex_t,age_ythadult_yge15,geo_cov_nat,2021,3.507
cze,sex_t,age_ythadult_yge15,geo_cov_nat,2022,3.121
cze,sex_t,age_ythadult_yge15,geo_cov_nat,2023,3.216
cze,sex_t,age_ythadult_yge15,geo_cov_nat,2024,3.186
cze,sex_t,age_ythadult_yge15,geo_cov_rur,2019,2.675
cze,sex_t,age_ythadult_yge15,geo_cov_rur,2020,3.084
cze,sex_t,age_ythadult_yge15,geo_cov_rur,2021,2.954
cze,sex_t,age_ythadult_yge15,geo_cov_rur,2022,3.091
cze,sex_t,age_ythadult_yge15,geo_cov_rur,2023,2.983
cze,sex_t,age_ythadult_yge15,geo_cov_rur,2024,3.022
cze,sex_t,age_ythadult_yge15,geo_cov_urb,2019,2.804
cze,sex_t,age_ythadult_yge15,geo_cov_urb,2020,3.454
cze,sex_t,age_ythadult_yge15,geo_cov_urb,2021,3.804
cze,sex_t,age_ythadult_yge15,geo_cov_urb,2022,3.138
cze,sex_t,age_ythadult_yge15,geo_cov_urb,2023,3.355
cze,sex_t,age_ythadult_yge15,geo_cov_urb,2024,3.284
cze,sex_t,age_ythadult_yge25,geo_cov_nat,2019,2.496
cze,sex_t,age_ythadult_yge25,geo_cov_nat,2020,2.982
cze,sex_t,age_ythadult_yge25,geo_cov_nat,2021,3.178
cze,sex_t,age_ythadult_yge25,geo_cov_nat,2022,2.79
cze,sex_t,age_ythadult_yge25,geo_cov_nat,2023,2.747
cze,sex_t,age_ythadult_yge25,geo_cov_nat,2024,2.764
cze,sex_t,age_ythadult_yge25,geo_cov_rur,2019,2.424
cze,sex_t,age_ythadult_yge25,geo_cov_rur,2020,2.664
cze,sex_t,age_ythadult_yge25,geo_cov_rur,2021,2.698
cze,sex_t,age_ythadult_yge25,geo_cov_rur,2022,2.783
cze,sex_t,age_ythadult_yge25,geo_cov_rur,2023,2.604
cze,sex_t,age_ythadult_yge25,geo_cov_rur,2024,2.593
cze,sex_t,age_ythadult_yge25,geo_cov_urb,2019,2.535
cze,sex_t,age_ythadult_yge25,geo_cov_urb,2020,3.154
cze,sex_t,age_ythadult_yge25,geo_cov_urb,2021,3.434
cze,sex_t,age_ythadult_yge25,geo_cov_urb,2022,2.795
cze,sex_t,age_ythadult_yge25,geo_cov_urb,2023,2.833
cze,sex_t,age_ythadult_yge25,geo_cov_urb,2024,2.866
deu,sex_f,age_aggregate_total,geo_cov_nat,1998,13.285
deu,sex_f,age_aggregate_total,geo_cov_nat,1999,12.102
deu,sex_f,age_aggregate_total,geo_cov_nat,2000,11.112
deu,sex_f,age_aggregate_total,geo_cov_nat,2001,10.596
deu,sex_f,age_aggregate_total,geo_cov_nat,2002,11.025
deu,sex_f,age_aggregate_total,geo_cov_nat,2003,12.275
deu,sex_f,age_aggregate_total,geo_cov_nat,2004,13.004
deu,sex_f,age_aggregate_total,geo_cov_nat,2005,15.114
deu,sex_f,age_aggregate_total,geo_cov_nat,2006,14.22
deu,sex_f,age_aggregate_total,geo_cov_nat,2007,12.654
deu,sex_f,age_aggregate_total,geo_cov_nat,2008,11.259
deu,sex_f,age_aggregate_total,geo_cov_nat,2009,10.36
deu,sex_f,age_aggregate_total,geo_cov_nat,2010,9.198
deu,sex_f,age_aggregate_total,geo_cov_nat,2011,8.578
deu,sex_f,age_aggregate_total,geo_cov_nat,2012,7.767
deu,sex_f,age_aggregate_total,geo_cov_nat,2013,7.414
deu,sex_f,age_aggregate_total,geo_cov_nat,2014,6.932
deu,sex_f,age_aggregate_total,geo_cov_nat,2015,6.543
deu,sex_f,age_aggregate_total,geo_cov_nat,2016,5.948
deu,sex_f,age_aggregate_total,geo_cov_nat,2017,5.471
deu,sex_f,age_aggregate_total,geo_cov_nat,2018,4.86
deu,sex_f,age_aggregate_total,geo_cov_nat,2019,4.692
deu,sex_f,age_aggregate_total,geo_cov_nat,2020,7.096
deu,sex_f,age_aggregate_total,geo_cov_nat,2021,5.712
deu,sex_f,age_aggregate_total,geo_cov_nat,2022,5.442
deu,sex_f,age_aggregate_total,geo_cov_nat,2023,5.455
deu,sex_f,age_aggregate_total,geo_cov_nat,2024,5.856
deu,sex_f,age_aggregate_total,geo_cov_rur,1998,15.403
deu,sex_f,age_aggregate_total,geo_cov_rur,1999,14.137
deu,sex_f,age_aggregate_total,geo_cov_rur,2000,13.346
deu,sex_f,age_aggregate_total,geo_cov_rur,2001,12.49
deu,sex_f,age_aggregate_total,geo_cov_rur,2002,13.426
deu,sex_f,age_aggregate_total,geo_cov_rur,2003,13.834
deu,sex_f,age_aggregate_total,geo_cov_rur,2004,14.612
deu,sex_f,age_aggregate_total,geo_cov_rur,2005,15.824
deu,sex_f,age_aggregate_total,geo_cov_rur,2006,13.744
deu,sex_f,age_aggregate_total,geo_cov_rur,2007,14.143
deu,sex_f,age_aggregate_total,geo_cov_rur,2008,12.465
deu,sex_f,age_aggregate_total,geo_cov_rur,2009,11.017
deu,sex_f,age_aggregate_total,geo_cov_rur,2010,8.803
deu,sex_f,age_aggregate_total,geo_cov_rur,2011,7.442
deu,sex_f,age_aggregate_total,geo_cov_rur,2012,6.62
deu,sex_f,age_aggregate_total,geo_cov_rur,2013,6.004
deu,sex_f,age_aggregate_total,geo_cov_rur,2014,5.479
deu,sex_f,age_aggregate_total,geo_cov_rur,2015,5.259
deu,sex_f,age_aggregate_total,geo_cov_rur,2016,4.803
deu,sex_f,age_aggregate_total,geo_cov_rur,2017,4.344
deu,sex_f,age_aggregate_total,geo_cov_rur,2018,3.658
deu,sex_f,age_aggregate_total,geo_cov_rur,2019,3.401
deu,sex_f,age_aggregate_total,geo_cov_rur,2020,5.23
deu,sex_f,age_aggregate_total,geo_cov_rur,2021,3.92
deu,sex_f,age_aggregate_total,geo_cov_rur,2022,3.827
deu,sex_f,age_aggregate_total,geo_cov_rur,2023,3.688
deu,sex_f,age_aggregate_total,geo_cov_rur,2024,4.224
deu,sex_f,age_aggregate_total,geo_cov_urb,1998,12.773
deu,sex_f,age_aggregate_total,geo_cov_urb,1999,11.617
deu,sex_f,age_aggregate_total,geo_cov_urb,2000,10.591
deu,sex_f,age_aggregate_total,geo_cov_urb,2001,10.143
deu,sex_f,age_aggregate_total,geo_cov_urb,2002,10.447
deu,sex_f,age_aggregate_total,geo_cov_urb,2003,11.909
deu,sex_f,age_aggregate_total,geo_cov_urb,2004,12.626
deu,sex_f,age_aggregate_total,geo_cov_urb,2005,14.95
deu,sex_f,age_aggregate_total,geo_cov_urb,2006,14.308
deu,sex_f,age_aggregate_total,geo_cov_urb,2007,12.385
deu,sex_f,age_aggregate_total,geo_cov_urb,2008,11.057
deu,sex_f,age_aggregate_total,geo_cov_urb,2009,10.25
deu,sex_f,age_aggregate_total,geo_cov_urb,2010,9.27
deu,sex_f,age_aggregate_total,geo_cov_urb,2011,8.769
deu,sex_f,age_aggregate_total,geo_cov_urb,2012,8.101
deu,sex_f,age_aggregate_total,geo_cov_urb,2013,7.823
deu,sex_f,age_aggregate_total,geo_cov_urb,2014,7.35
deu,sex_f,age_aggregate_total,geo_cov_urb,2015,6.914
deu,sex_f,age_aggregate_total,geo_cov_urb,2016,6.282
deu,sex_f,age_aggregate_total,geo_cov_urb,2017,5.8
deu,sex_f,age_aggregate_total,geo_cov_urb,2018,5.213
deu,sex_f,age_aggregate_total,geo_cov_urb,2019,5.067
deu,sex_f,age_aggregate_total,geo_cov_urb,2020,7.564
deu,sex_f,age_aggregate_total,geo_cov_urb,2021,6.161
deu,sex_f,age_aggregate_total,geo_cov_urb,2022,5.85
deu,sex_f,age_aggregate_total,geo_cov_urb,2023,5.872
deu,sex_f,age_aggregate_total,geo_cov_urb,2024,6.246
deu,sex_f,age_aggregate_y15_24,geo_cov_nat,1998,11.884
deu,sex_f,age_aggregate_y15_24,geo_cov_nat,1999,11
deu,sex_f,age_aggregate_y15_24,geo_cov_nat,2000,10.302
deu,sex_f,age_aggregate_y15_24,geo_cov_nat,2001,9.574
deu,sex_f,age_aggregate_y15_24,geo_cov_nat,2002,10.554
deu,sex_f,age_aggregate_y15_24,geo_cov_nat,2003,12.276
deu,sex_f,age_aggregate_y15_24,geo_cov_nat,2004,14.223
deu,sex_f,age_aggregate_y15_24,geo_cov_nat,2005,20.67
deu,sex_f,age_aggregate_y15_24,geo_cov_nat,2006,19.342
deu,sex_f,age_aggregate_y15_24,geo_cov_nat,2007,16.639
deu,sex_f,age_aggregate_y15_24,geo_cov_nat,2008,16.012
deu,sex_f,age_aggregate_y15_24,geo_cov_nat,2009,15.319
deu,sex_f,age_aggregate_y15_24,geo_cov_nat,2010,13.535
deu,sex_f,age_aggregate_y15_24,geo_cov_nat,2011,13.152
deu,sex_f,age_aggregate_y15_24,geo_cov_nat,2012,11.984
deu,sex_f,age_aggregate_y15_24,geo_cov_nat,2013,10.962
deu,sex_f,age_aggregate_y15_24,geo_cov_nat,2014,11.179
deu,sex_f,age_aggregate_y15_24,geo_cov_nat,2015,10.534
deu,sex_f,age_aggregate_y15_24,geo_cov_nat,2016,10.365
deu,sex_f,age_aggregate_y15_24,geo_cov_nat,2017,9.695
deu,sex_f,age_aggregate_y15_24,geo_cov_nat,2018,8.849
deu,sex_f,age_aggregate_y15_24,geo_cov_nat,2019,8.68
deu,sex_f,age_aggregate_y15_24,geo_cov_nat,2020,16.772
deu,sex_f,age_aggregate_y15_24,geo_cov_nat,2021,12.485
deu,sex_f,age_aggregate_y15_24,geo_cov_nat,2022,11.973
deu,sex_f,age_aggregate_y15_24,geo_cov_nat,2023,11.051
deu,sex_f,age_aggregate_y15_24,geo_cov_nat,2024,12.526
deu,sex_f,age_aggregate_y15_24,geo_cov_rur,1998,10.369
deu,sex_f,age_aggregate_y15_24,geo_cov_rur,1999,10.064
deu,sex_f,age_aggregate_y15_24,geo_cov_rur,2000,9.256
deu,sex_f,age_aggregate_y15_24,geo_cov_rur,2001,8.248
deu,sex_f,age_aggregate_y15_24,geo_cov_rur,2002,10.426
deu,sex_f,age_aggregate_y15_24,geo_cov_rur,2003,11.945
deu,sex_f,age_aggregate_y15_24,geo_cov_rur,2004,13.713
deu,sex_f,age_aggregate_y15_24,geo_cov_rur,2005,20.785
deu,sex_f,age_aggregate_y15_24,geo_cov_rur,2006,18.185
deu,sex_f,age_aggregate_y15_24,geo_cov_rur,2007,16.142
deu,sex_f,age_aggregate_y15_24,geo_cov_rur,2008,16.196
deu,sex_f,age_aggregate_y15_24,geo_cov_rur,2009,12.206
deu,sex_f,age_aggregate_y15_24,geo_cov_rur,2010,12.175
deu,sex_f,age_aggregate_y15_24,geo_cov_rur,2011,9.7
deu,sex_f,age_aggregate_y15_24,geo_cov_rur,2012,9.988
deu,sex_f,age_aggregate_y15_24,geo_cov_rur,2013,8.242
deu,sex_f,age_aggregate_y15_24,geo_cov_rur,2014,8.876
deu,sex_f,age_aggregate_y15_24,geo_cov_rur,2015,8.311
deu,sex_f,age_aggregate_y15_24,geo_cov_rur,2016,9.046
deu,sex_f,age_aggregate_y15_24,geo_cov_rur,2017,7.784
deu,sex_f,age_aggregate_y15_24,geo_cov_rur,2018,7.002
deu,sex_f,age_aggregate_y15_24,geo_cov_rur,2019,6.153
deu,sex_f,age_aggregate_y15_24,geo_cov_rur,2020,13.39
deu,sex_f,age_aggregate_y15_24,geo_cov_rur,2021,9.322
deu,sex_f,age_aggregate_y15_24,geo_cov_rur,2022,8.566
deu,sex_f,age_aggregate_y15_24,geo_cov_rur,2023,9.268
deu,sex_f,age_aggregate_y15_24,geo_cov_rur,2024,12.251
deu,sex_f,age_aggregate_y15_24,geo_cov_urb,1998,12.319
deu,sex_f,age_aggregate_y15_24,geo_cov_urb,1999,11.254
deu,sex_f,age_aggregate_y15_24,geo_cov_urb,2000,10.58
deu,sex_f,age_aggregate_y15_24,geo_cov_urb,2001,9.933
deu,sex_f,age_aggregate_y15_24,geo_cov_urb,2002,10.587
deu,sex_f,age_aggregate_y15_24,geo_cov_urb,2003,12.363
deu,sex_f,age_aggregate_y15_24,geo_cov_urb,2004,14.351
deu,sex_f,age_aggregate_y15_24,geo_cov_urb,2005,20.643
deu,sex_f,age_aggregate_y15_24,geo_cov_urb,2006,19.552
deu,sex_f,age_aggregate_y15_24,geo_cov_urb,2007,16.738
deu,sex_f,age_aggregate_y15_24,geo_cov_urb,2008,15.983
deu,sex_f,age_aggregate_y15_24,geo_cov_urb,2009,15.831
deu,sex_f,age_aggregate_y15_24,geo_cov_urb,2010,13.785
deu,sex_f,age_aggregate_y15_24,geo_cov_urb,2011,13.65
deu,sex_f,age_aggregate_y15_24,geo_cov_urb,2012,12.512
deu,sex_f,age_aggregate_y15_24,geo_cov_urb,2013,11.68
deu,sex_f,age_aggregate_y15_24,geo_cov_urb,2014,11.804
deu,sex_f,age_aggregate_y15_24,geo_cov_urb,2015,11.151
deu,sex_f,age_aggregate_y15_24,geo_cov_urb,2016,10.727
deu,sex_f,age_aggregate_y15_24,geo_cov_urb,2017,10.217
deu,sex_f,age_aggregate_y15_24,geo_cov_urb,2018,9.364
deu,sex_f,age_aggregate_y15_24,geo_cov_urb,2019,9.371
deu,sex_f,age_aggregate_y15_24,geo_cov_urb,2020,17.544
deu,sex_f,age_aggregate_y15_24,geo_cov_urb,2021,13.197
deu,sex_f,age_aggregate_y15_24,geo_cov_urb,2022,12.817
deu,sex_f,age_aggregate_y15_24,geo_cov_urb,2023,11.43
deu,sex_f,age_aggregate_y15_24,geo_cov_urb,2024,12.581
deu,sex_f,age_aggregate_y25_54,geo_cov_nat,1998,12.184
deu,sex_f,age_aggregate_y25_54,geo_cov_nat,1999,11.076
deu,sex_f,age_aggregate_y25_54,geo_cov_nat,2000,9.996
deu,sex_f,age_aggregate_y25_54,geo_cov_nat,2001,9.678
deu,sex_f,age_aggregate_y25_54,geo_cov_nat,2002,10.277
deu,sex_f,age_aggregate_y25_54,geo_cov_nat,2003,11.469
deu,sex_f,age_aggregate_y25_54,geo_cov_nat,2004,12.162
deu,sex_f,age_aggregate_y25_54,geo_cov_nat,2005,13.578
deu,sex_f,age_aggregate_y25_54,geo_cov_nat,2006,12.82
deu,sex_f,age_aggregate_y25_54,geo_cov_nat,2007,11.489
deu,sex_f,age_aggregate_y25_54,geo_cov_nat,2008,10.241
deu,sex_f,age_aggregate_y25_54,geo_cov_nat,2009,9.286
deu,sex_f,age_aggregate_y25_54,geo_cov_nat,2010,8.23
deu,sex_f,age_aggregate_y25_54,geo_cov_nat,2011,7.439
deu,sex_f,age_aggregate_y25_54,geo_cov_nat,2012,6.912
deu,sex_f,age_aggregate_y25_54,geo_cov_nat,2013,6.693
deu,sex_f,age_aggregate_y25_54,geo_cov_nat,2014,6.262
deu,sex_f,age_aggregate_y25_54,geo_cov_nat,2015,5.996
deu,sex_f,age_aggregate_y25_54,geo_cov_nat,2016,5.346
deu,sex_f,age_aggregate_y25_54,geo_cov_nat,2017,4.973
deu,sex_f,age_aggregate_y25_54,geo_cov_nat,2018,4.427
deu,sex_f,age_aggregate_y25_54,geo_cov_nat,2019,4.31
deu,sex_f,age_aggregate_y25_54,geo_cov_nat,2020,6.154
deu,sex_f,age_aggregate_y25_54,geo_cov_nat,2021,5.026
deu,sex_f,age_aggregate_y25_54,geo_cov_nat,2022,4.865
deu,sex_f,age_aggregate_y25_54,geo_cov_nat,2023,5.034
deu,sex_f,age_aggregate_y25_54,geo_cov_nat,2024,5.481
deu,sex_f,age_aggregate_y25_54,geo_cov_rur,1998,14.712
deu,sex_f,age_aggregate_y25_54,geo_cov_rur,1999,13.403
deu,sex_f,age_aggregate_y25_54,geo_cov_rur,2000,12.727
deu,sex_f,age_aggregate_y25_54,geo_cov_rur,2001,12.108
deu,sex_f,age_aggregate_y25_54,geo_cov_rur,2002,12.876
deu,sex_f,age_aggregate_y25_54,geo_cov_rur,2003,13.348
deu,sex_f,age_aggregate_y25_54,geo_cov_rur,2004,14.09
deu,sex_f,age_aggregate_y25_54,geo_cov_rur,2005,14.388
deu,sex_f,age_aggregate_y25_54,geo_cov_rur,2006,13.06
deu,sex_f,age_aggregate_y25_54,geo_cov_rur,2007,12.648
deu,sex_f,age_aggregate_y25_54,geo_cov_rur,2008,11.478
deu,sex_f,age_aggregate_y25_54,geo_cov_rur,2009,10.369
deu,sex_f,age_aggregate_y25_54,geo_cov_rur,2010,7.755
deu,sex_f,age_aggregate_y25_54,geo_cov_rur,2011,6.69
deu,sex_f,age_aggregate_y25_54,geo_cov_rur,2012,5.861
deu,sex_f,age_aggregate_y25_54,geo_cov_rur,2013,5.305
deu,sex_f,age_aggregate_y25_54,geo_cov_rur,2014,4.671
deu,sex_f,age_aggregate_y25_54,geo_cov_rur,2015,4.568
deu,sex_f,age_aggregate_y25_54,geo_cov_rur,2016,4.168
deu,sex_f,age_aggregate_y25_54,geo_cov_rur,2017,3.816
deu,sex_f,age_aggregate_y25_54,geo_cov_rur,2018,3.221
deu,sex_f,age_aggregate_y25_54,geo_cov_rur,2019,2.97
deu,sex_f,age_aggregate_y25_54,geo_cov_rur,2020,4.273
deu,sex_f,age_aggregate_y25_54,geo_cov_rur,2021,3.313
deu,sex_f,age_aggregate_y25_54,geo_cov_rur,2022,3.22
deu,sex_f,age_aggregate_y25_54,geo_cov_rur,2023,2.922
deu,sex_f,age_aggregate_y25_54,geo_cov_rur,2024,3.274
deu,sex_f,age_aggregate_y25_54,geo_cov_urb,1998,11.582
deu,sex_f,age_aggregate_y25_54,geo_cov_urb,1999,10.532
deu,sex_f,age_aggregate_y25_54,geo_cov_urb,2000,9.363
deu,sex_f,age_aggregate_y25_54,geo_cov_urb,2001,9.102
deu,sex_f,age_aggregate_y25_54,geo_cov_urb,2002,9.653
deu,sex_f,age_aggregate_y25_54,geo_cov_urb,2003,11.024
deu,sex_f,age_aggregate_y25_54,geo_cov_urb,2004,11.703
deu,sex_f,age_aggregate_y25_54,geo_cov_urb,2005,13.391
deu,sex_f,age_aggregate_y25_54,geo_cov_urb,2006,12.775
deu,sex_f,age_aggregate_y25_54,geo_cov_urb,2007,11.283
deu,sex_f,age_aggregate_y25_54,geo_cov_urb,2008,10.03
deu,sex_f,age_aggregate_y25_54,geo_cov_urb,2009,9.106
deu,sex_f,age_aggregate_y25_54,geo_cov_urb,2010,8.316
deu,sex_f,age_aggregate_y25_54,geo_cov_urb,2011,7.567
deu,sex_f,age_aggregate_y25_54,geo_cov_urb,2012,7.218
deu,sex_f,age_aggregate_y25_54,geo_cov_urb,2013,7.092
deu,sex_f,age_aggregate_y25_54,geo_cov_urb,2014,6.715
deu,sex_f,age_aggregate_y25_54,geo_cov_urb,2015,6.398
deu,sex_f,age_aggregate_y25_54,geo_cov_urb,2016,5.681
deu,sex_f,age_aggregate_y25_54,geo_cov_urb,2017,5.297
deu,sex_f,age_aggregate_y25_54,geo_cov_urb,2018,4.769
deu,sex_f,age_aggregate_y25_54,geo_cov_urb,2019,4.683
deu,sex_f,age_aggregate_y25_54,geo_cov_urb,2020,6.613
deu,sex_f,age_aggregate_y25_54,geo_cov_urb,2021,5.438
deu,sex_f,age_aggregate_y25_54,geo_cov_urb,2022,5.258
deu,sex_f,age_aggregate_y25_54,geo_cov_urb,2023,5.507
deu,sex_f,age_aggregate_y25_54,geo_cov_urb,2024,5.979
deu,sex_f,age_aggregate_y55_64,geo_cov_nat,1998,22.117
deu,sex_f,age_aggregate_y55_64,geo_cov_nat,1999,20.144
deu,sex_f,age_aggregate_y55_64,geo_cov_nat,2000,19.489
deu,sex_f,age_aggregate_y55_64,geo_cov_nat,2001,18.24
deu,sex_f,age_aggregate_y55_64,geo_cov_nat,2002,16.921
deu,sex_f,age_aggregate_y55_64,geo_cov_nat,2003,17.906
deu,sex_f,age_aggregate_y55_64,geo_cov_nat,2004,17.612
deu,sex_f,age_aggregate_y55_64,geo_cov_nat,2005,18.862
deu,sex_f,age_aggregate_y55_64,geo_cov_nat,2006,17.568
deu,sex_f,age_aggregate_y55_64,geo_cov_nat,2007,15.627
deu,sex_f,age_aggregate_y55_64,geo_cov_nat,2008,12.451
deu,sex_f,age_aggregate_y55_64,geo_cov_nat,2009,11.754
deu,sex_f,age_aggregate_y55_64,geo_cov_nat,2010,10.463
deu,sex_f,age_aggregate_y55_64,geo_cov_nat,2011,10.302
deu,sex_f,age_aggregate_y55_64,geo_cov_nat,2012,8.486
deu,sex_f,age_aggregate_y55_64,geo_cov_nat,2013,8.064
deu,sex_f,age_aggregate_y55_64,geo_cov_nat,2014,7.069
deu,sex_f,age_aggregate_y55_64,geo_cov_nat,2015,6.383
deu,sex_f,age_aggregate_y55_64,geo_cov_nat,2016,5.718
deu,sex_f,age_aggregate_y55_64,geo_cov_nat,2017,4.951
deu,sex_f,age_aggregate_y55_64,geo_cov_nat,2018,4.289
deu,sex_f,age_aggregate_y55_64,geo_cov_nat,2019,4.036
deu,sex_f,age_aggregate_y55_64,geo_cov_nat,2020,4.959
deu,sex_f,age_aggregate_y55_64,geo_cov_nat,2021,4.56
deu,sex_f,age_aggregate_y55_64,geo_cov_nat,2022,4.04
deu,sex_f,age_aggregate_y55_64,geo_cov_nat,2023,3.992
deu,sex_f,age_aggregate_y55_64,geo_cov_nat,2024,3.9
deu,sex_f,age_aggregate_y55_64,geo_cov_rur,1998,27.141
deu,sex_f,age_aggregate_y55_64,geo_cov_rur,1999,24.971
deu,sex_f,age_aggregate_y55_64,geo_cov_rur,2000,23.642
deu,sex_f,age_aggregate_y55_64,geo_cov_rur,2001,21.34
deu,sex_f,age_aggregate_y55_64,geo_cov_rur,2002,22.515
deu,sex_f,age_aggregate_y55_64,geo_cov_rur,2003,21.187
deu,sex_f,age_aggregate_y55_64,geo_cov_rur,2004,20.397
deu,sex_f,age_aggregate_y55_64,geo_cov_rur,2005,19.869
deu,sex_f,age_aggregate_y55_64,geo_cov_rur,2006,14.203
deu,sex_f,age_aggregate_y55_64,geo_cov_rur,2007,20.942
deu,sex_f,age_aggregate_y55_64,geo_cov_rur,2008,14.59
deu,sex_f,age_aggregate_y55_64,geo_cov_rur,2009,13.768
deu,sex_f,age_aggregate_y55_64,geo_cov_rur,2010,11.143
deu,sex_f,age_aggregate_y55_64,geo_cov_rur,2011,9.288
deu,sex_f,age_aggregate_y55_64,geo_cov_rur,2012,7.783
deu,sex_f,age_aggregate_y55_64,geo_cov_rur,2013,7.443
deu,sex_f,age_aggregate_y55_64,geo_cov_rur,2014,6.708
deu,sex_f,age_aggregate_y55_64,geo_cov_rur,2015,6.295
deu,sex_f,age_aggregate_y55_64,geo_cov_rur,2016,4.916
deu,sex_f,age_aggregate_y55_64,geo_cov_rur,2017,4.404
deu,sex_f,age_aggregate_y55_64,geo_cov_rur,2018,3.526
deu,sex_f,age_aggregate_y55_64,geo_cov_rur,2019,3.409
deu,sex_f,age_aggregate_y55_64,geo_cov_rur,2020,4.22
deu,sex_f,age_aggregate_y55_64,geo_cov_rur,2021,3.335
deu,sex_f,age_aggregate_y55_64,geo_cov_rur,2022,3.205
deu,sex_f,age_aggregate_y55_64,geo_cov_rur,2023,3.501
deu,sex_f,age_aggregate_y55_64,geo_cov_rur,2024,3.337
deu,sex_f,age_aggregate_y55_64,geo_cov_urb,1998,21.008
deu,sex_f,age_aggregate_y55_64,geo_cov_urb,1999,19.054
deu,sex_f,age_aggregate_y55_64,geo_cov_urb,2000,18.621
deu,sex_f,age_aggregate_y55_64,geo_cov_urb,2001,17.562
deu,sex_f,age_aggregate_y55_64,geo_cov_urb,2002,15.717
deu,sex_f,age_aggregate_y55_64,geo_cov_urb,2003,17.267
deu,sex_f,age_aggregate_y55_64,geo_cov_urb,2004,17.052
deu,sex_f,age_aggregate_y55_64,geo_cov_urb,2005,18.647
deu,sex_f,age_aggregate_y55_64,geo_cov_urb,2006,18.155
deu,sex_f,age_aggregate_y55_64,geo_cov_urb,2007,14.686
deu,sex_f,age_aggregate_y55_64,geo_cov_urb,2008,12.123
deu,sex_f,age_aggregate_y55_64,geo_cov_urb,2009,11.406
deu,sex_f,age_aggregate_y55_64,geo_cov_urb,2010,10.334
deu,sex_f,age_aggregate_y55_64,geo_cov_urb,2011,10.48
deu,sex_f,age_aggregate_y55_64,geo_cov_urb,2012,8.702
deu,sex_f,age_aggregate_y55_64,geo_cov_urb,2013,8.26
deu,sex_f,age_aggregate_y55_64,geo_cov_urb,2014,7.181
deu,sex_f,age_aggregate_y55_64,geo_cov_urb,2015,6.411
deu,sex_f,age_aggregate_y55_64,geo_cov_urb,2016,5.982
deu,sex_f,age_aggregate_y55_64,geo_cov_urb,2017,5.138
deu,sex_f,age_aggregate_y55_64,geo_cov_urb,2018,4.544
deu,sex_f,age_aggregate_y55_64,geo_cov_urb,2019,4.248
deu,sex_f,age_aggregate_y55_64,geo_cov_urb,2020,5.166
deu,sex_f,age_aggregate_y55_64,geo_cov_urb,2021,4.917
deu,sex_f,age_aggregate_y55_64,geo_cov_urb,2022,4.289
deu,sex_f,age_aggregate_y55_64,geo_cov_urb,2023,4.128
deu,sex_f,age_aggregate_y55_64,geo_cov_urb,2024,4.061
deu,sex_f,age_aggregate_yge65,geo_cov_nat,1998,8.187
deu,sex_f,age_aggregate_yge65,geo_cov_nat,1999,9.465
deu,sex_f,age_aggregate_yge65,geo_cov_nat,2000,9.99
deu,sex_f,age_aggregate_yge65,geo_cov_nat,2001,8.599
deu,sex_f,age_aggregate_yge65,geo_cov_nat,2002,10.565
deu,sex_f,age_aggregate_yge65,geo_cov_nat,2003,11.583
deu,sex_f,age_aggregate_yge65,geo_cov_nat,2004,10.171
deu,sex_f,age_aggregate_yge65,geo_cov_nat,2005,15.263
deu,sex_f,age_aggregate_yge65,geo_cov_nat,2006,13.101
deu,sex_f,age_aggregate_yge65,geo_cov_nat,2007,11.406
deu,sex_f,age_aggregate_yge65,geo_cov_nat,2008,11.325
deu,sex_f,age_aggregate_yge65,geo_cov_nat,2009,8.806
deu,sex_f,age_aggregate_yge65,geo_cov_nat,2010,10.996
deu,sex_f,age_aggregate_yge65,geo_cov_nat,2011,9.615
deu,sex_f,age_aggregate_yge65,geo_cov_nat,2012,9.98
deu,sex_f,age_aggregate_yge65,geo_cov_nat,2013,8.558
deu,sex_f,age_aggregate_yge65,geo_cov_nat,2014,7.29
deu,sex_f,age_aggregate_yge65,geo_cov_nat,2015,7.213
deu,sex_f,age_aggregate_yge65,geo_cov_nat,2016,6.98
deu,sex_f,age_aggregate_yge65,geo_cov_nat,2017,6.46
deu,sex_f,age_aggregate_yge65,geo_cov_nat,2018,5.559
deu,sex_f,age_aggregate_yge65,geo_cov_nat,2019,4.833
deu,sex_f,age_aggregate_yge65,geo_cov_nat,2020,9.53
deu,sex_f,age_aggregate_yge65,geo_cov_nat,2021,5.505
deu,sex_f,age_aggregate_yge65,geo_cov_nat,2022,5.701
deu,sex_f,age_aggregate_yge65,geo_cov_nat,2023,6.094
deu,sex_f,age_aggregate_yge65,geo_cov_nat,2024,5.182
deu,sex_f,age_aggregate_yge65,geo_cov_rur,1998,4.691
deu,sex_f,age_aggregate_yge65,geo_cov_rur,1999,3.192
deu,sex_f,age_aggregate_yge65,geo_cov_rur,2000,4.982
deu,sex_f,age_aggregate_yge65,geo_cov_rur,2001,6.814
deu,sex_f,age_aggregate_yge65,geo_cov_rur,2002,6.441
deu,sex_f,age_aggregate_yge65,geo_cov_rur,2003,6.574
deu,sex_f,age_aggregate_yge65,geo_cov_rur,2004,7.202
deu,sex_f,age_aggregate_yge65,geo_cov_rur,2005,14.278
deu,sex_f,age_aggregate_yge65,geo_cov_rur,2008,14.859
deu,sex_f,age_aggregate_yge65,geo_cov_rur,2012,7.035
deu,sex_f,age_aggregate_yge65,geo_cov_rur,2013,6.349
deu,sex_f,age_aggregate_yge65,geo_cov_rur,2014,5.28
deu,sex_f,age_aggregate_yge65,geo_cov_rur,2015,3.994
deu,sex_f,age_aggregate_yge65,geo_cov_rur,2016,5.128
deu,sex_f,age_aggregate_yge65,geo_cov_rur,2017,4.849
deu,sex_f,age_aggregate_yge65,geo_cov_rur,2018,3.677
deu,sex_f,age_aggregate_yge65,geo_cov_rur,2019,4.08
deu,sex_f,age_aggregate_yge65,geo_cov_rur,2020,7.114
deu,sex_f,age_aggregate_yge65,geo_cov_rur,2021,4.26
deu,sex_f,age_aggregate_yge65,geo_cov_rur,2022,5.427
deu,sex_f,age_aggregate_yge65,geo_cov_rur,2023,3.302
deu,sex_f,age_aggregate_yge65,geo_cov_rur,2024,5.767
deu,sex_f,age_aggregate_yge65,geo_cov_urb,1998,9.045
deu,sex_f,age_aggregate_yge65,geo_cov_urb,1999,11.384
deu,sex_f,age_aggregate_yge65,geo_cov_urb,2000,11.192
deu,sex_f,age_aggregate_yge65,geo_cov_urb,2001,9.102
deu,sex_f,age_aggregate_yge65,geo_cov_urb,2002,11.901
deu,sex_f,age_aggregate_yge65,geo_cov_urb,2003,12.9
deu,sex_f,age_aggregate_yge65,geo_cov_urb,2004,10.834
deu,sex_f,age_aggregate_yge65,geo_cov_urb,2005,15.512
deu,sex_f,age_aggregate_yge65,geo_cov_urb,2006,14.204
deu,sex_f,age_aggregate_yge65,geo_cov_urb,2007,11.501
deu,sex_f,age_aggregate_yge65,geo_cov_urb,2008,10.514
deu,sex_f,age_aggregate_yge65,geo_cov_urb,2009,9.328
deu,sex_f,age_aggregate_yge65,geo_cov_urb,2010,11.318
deu,sex_f,age_aggregate_yge65,geo_cov_urb,2011,9.782
deu,sex_f,age_aggregate_yge65,geo_cov_urb,2012,10.882
deu,sex_f,age_aggregate_yge65,geo_cov_urb,2013,9.244
deu,sex_f,age_aggregate_yge65,geo_cov_urb,2014,7.894
deu,sex_f,age_aggregate_yge65,geo_cov_urb,2015,8.188
deu,sex_f,age_aggregate_yge65,geo_cov_urb,2016,7.546
deu,sex_f,age_aggregate_yge65,geo_cov_urb,2017,6.955
deu,sex_f,age_aggregate_yge65,geo_cov_urb,2018,6.14
deu,sex_f,age_aggregate_yge65,geo_cov_urb,2019,5.058
deu,sex_f,age_aggregate_yge65,geo_cov_urb,2020,10.231
deu,sex_f,age_aggregate_yge65,geo_cov_urb,2021,5.849
deu,sex_f,age_aggregate_yge65,geo_cov_urb,2022,5.764
deu,sex_f,age_aggregate_yge65,geo_cov_urb,2023,6.812
deu,sex_f,age_aggregate_yge65,geo_cov_urb,2024,5.017
deu,sex_f,age_ythadult_y15_24,geo_cov_nat,1998,11.884
deu,sex_f,age_ythadult_y15_24,geo_cov_nat,1999,11
deu,sex_f,age_ythadult_y15_24,geo_cov_nat,2000,10.302
deu,sex_f,age_ythadult_y15_24,geo_cov_nat,2001,9.574
deu,sex_f,age_ythadult_y15_24,geo_cov_nat,2002,10.554
deu,sex_f,age_ythadult_y15_24,geo_cov_nat,2003,12.276
deu,sex_f,age_ythadult_y15_24,geo_cov_nat,2004,14.223
deu,sex_f,age_ythadult_y15_24,geo_cov_nat,2005,20.67
deu,sex_f,age_ythadult_y15_24,geo_cov_nat,2006,19.342
deu,sex_f,age_ythadult_y15_24,geo_cov_nat,2007,16.639
deu,sex_f,age_ythadult_y15_24,geo_cov_nat,2008,16.012
deu,sex_f,age_ythadult_y15_24,geo_cov_nat,2009,15.319
deu,sex_f,age_ythadult_y15_24,geo_cov_nat,2010,13.535
deu,sex_f,age_ythadult_y15_24,geo_cov_nat,2011,13.152
deu,sex_f,age_ythadult_y15_24,geo_cov_nat,2012,11.984
deu,sex_f,age_ythadult_y15_24,geo_cov_nat,2013,10.962
deu,sex_f,age_ythadult_y15_24,geo_cov_nat,2014,11.179
deu,sex_f,age_ythadult_y15_24,geo_cov_nat,2015,10.534
deu,sex_f,age_ythadult_y15_24,geo_cov_nat,2016,10.365
deu,sex_f,age_ythadult_y15_24,geo_cov_nat,2017,9.695
deu,sex_f,age_ythadult_y15_24,geo_cov_nat,2018,8.849
deu,sex_f,age_ythadult_y15_24,geo_cov_nat,2019,8.68
deu,sex_f,age_ythadult_y15_24,geo_cov_nat,2020,16.772
deu,sex_f,age_ythadult_y15_24,geo_cov_nat,2021,12.485
deu,sex_f,age_ythadult_y15_24,geo_cov_nat,2022,11.973
deu,sex_f,age_ythadult_y15_24,geo_cov_nat,2023,11.051
deu,sex_f,age_ythadult_y15_24,geo_cov_nat,2024,12.526
deu,sex_f,age_ythadult_y15_24,geo_cov_rur,1998,10.369
deu,sex_f,age_ythadult_y15_24,geo_cov_rur,1999,10.064
deu,sex_f,age_ythadult_y15_24,geo_cov_rur,2000,9.256
deu,sex_f,age_ythadult_y15_24,geo_cov_rur,2001,8.248
deu,sex_f,age_ythadult_y15_24,geo_cov_rur,2002,10.426
deu,sex_f,age_ythadult_y15_24,geo_cov_rur,2003,11.945
deu,sex_f,age_ythadult_y15_24,geo_cov_rur,2004,13.713
deu,sex_f,age_ythadult_y15_24,geo_cov_rur,2005,20.785
deu,sex_f,age_ythadult_y15_24,geo_cov_rur,2006,18.185
deu,sex_f,age_ythadult_y15_24,geo_cov_rur,2007,16.142
deu,sex_f,age_ythadult_y15_24,geo_cov_rur,2008,16.196
deu,sex_f,age_ythadult_y15_24,geo_cov_rur,2009,12.206
deu,sex_f,age_ythadult_y15_24,geo_cov_rur,2010,12.175
deu,sex_f,age_ythadult_y15_24,geo_cov_rur,2011,9.7
deu,sex_f,age_ythadult_y15_24,geo_cov_rur,2012,9.988
deu,sex_f,age_ythadult_y15_24,geo_cov_rur,2013,8.242
deu,sex_f,age_ythadult_y15_24,geo_cov_rur,2014,8.876
deu,sex_f,age_ythadult_y15_24,geo_cov_rur,2015,8.311
deu,sex_f,age_ythadult_y15_24,geo_cov_rur,2016,9.046
deu,sex_f,age_ythadult_y15_24,geo_cov_rur,2017,7.784
deu,sex_f,age_ythadult_y15_24,geo_cov_rur,2018,7.002
deu,sex_f,age_ythadult_y15_24,geo_cov_rur,2019,6.153
deu,sex_f,age_ythadult_y15_24,geo_cov_rur,2020,13.39
deu,sex_f,age_ythadult_y15_24,geo_cov_rur,2021,9.322
deu,sex_f,age_ythadult_y15_24,geo_cov_rur,2022,8.566
deu,sex_f,age_ythadult_y15_24,geo_cov_rur,2023,9.268
deu,sex_f,age_ythadult_y15_24,geo_cov_rur,2024,12.251
deu,sex_f,age_ythadult_y15_24,geo_cov_urb,1998,12.319
deu,sex_f,age_ythadult_y15_24,geo_cov_urb,1999,11.254
deu,sex_f,age_ythadult_y15_24,geo_cov_urb,2000,10.58
deu,sex_f,age_ythadult_y15_24,geo_cov_urb,2001,9.933
deu,sex_f,age_ythadult_y15_24,geo_cov_urb,2002,10.587
deu,sex_f,age_ythadult_y15_24,geo_cov_urb,2003,12.363
deu,sex_f,age_ythadult_y15_24,geo_cov_urb,2004,14.351
deu,sex_f,age_ythadult_y15_24,geo_cov_urb,2005,20.643
deu,sex_f,age_ythadult_y15_24,geo_cov_urb,2006,19.552
deu,sex_f,age_ythadult_y15_24,geo_cov_urb,2007,16.738
deu,sex_f,age_ythadult_y15_24,geo_cov_urb,2008,15.983
deu,sex_f,age_ythadult_y15_24,geo_cov_urb,2009,15.831
deu,sex_f,age_ythadult_y15_24,geo_cov_urb,2010,13.785
deu,sex_f,age_ythadult_y15_24,geo_cov_urb,2011,13.65
deu,sex_f,age_ythadult_y15_24,geo_cov_urb,2012,12.512
deu,sex_f,age_ythadult_y15_24,geo_cov_urb,2013,11.68
deu,sex_f,age_ythadult_y15_24,geo_cov_urb,2014,11.804
deu,sex_f,age_ythadult_y15_24,geo_cov_urb,2015,11.151
deu,sex_f,age_ythadult_y15_24,geo_cov_urb,2016,10.727
deu,sex_f,age_ythadult_y15_24,geo_cov_urb,2017,10.217
deu,sex_f,age_ythadult_y15_24,geo_cov_urb,2018,9.364
deu,sex_f,age_ythadult_y15_24,geo_cov_urb,2019,9.371
deu,sex_f,age_ythadult_y15_24,geo_cov_urb,2020,17.544
deu,sex_f,age_ythadult_y15_24,geo_cov_urb,2021,13.197
deu,sex_f,age_ythadult_y15_24,geo_cov_urb,2022,12.817
deu,sex_f,age_ythadult_y15_24,geo_cov_urb,2023,11.43
deu,sex_f,age_ythadult_y15_24,geo_cov_urb,2024,12.581
deu,sex_f,age_ythadult_y15_64,geo_cov_nat,1998,13.324
deu,sex_f,age_ythadult_y15_64,geo_cov_nat,1999,12.122
deu,sex_f,age_ythadult_y15_64,geo_cov_nat,2000,11.12
deu,sex_f,age_ythadult_y15_64,geo_cov_nat,2001,10.613
deu,sex_f,age_ythadult_y15_64,geo_cov_nat,2002,11.029
deu,sex_f,age_ythadult_y15_64,geo_cov_nat,2003,12.282
deu,sex_f,age_ythadult_y15_64,geo_cov_nat,2004,13.032
deu,sex_f,age_ythadult_y15_64,geo_cov_nat,2005,15.112
deu,sex_f,age_ythadult_y15_64,geo_cov_nat,2006,14.234
deu,sex_f,age_ythadult_y15_64,geo_cov_nat,2007,12.669
deu,sex_f,age_ythadult_y15_64,geo_cov_nat,2008,11.258
deu,sex_f,age_ythadult_y15_64,geo_cov_nat,2009,10.381
deu,sex_f,age_ythadult_y15_64,geo_cov_nat,2010,9.174
deu,sex_f,age_ythadult_y15_64,geo_cov_nat,2011,8.562
deu,sex_f,age_ythadult_y15_64,geo_cov_nat,2012,7.729
deu,sex_f,age_ythadult_y15_64,geo_cov_nat,2013,7.393
deu,sex_f,age_ythadult_y15_64,geo_cov_nat,2014,6.924
deu,sex_f,age_ythadult_y15_64,geo_cov_nat,2015,6.529
deu,sex_f,age_ythadult_y15_64,geo_cov_nat,2016,5.925
deu,sex_f,age_ythadult_y15_64,geo_cov_nat,2017,5.448
deu,sex_f,age_ythadult_y15_64,geo_cov_nat,2018,4.842
deu,sex_f,age_ythadult_y15_64,geo_cov_nat,2019,4.688
deu,sex_f,age_ythadult_y15_64,geo_cov_nat,2020,7.026
deu,sex_f,age_ythadult_y15_64,geo_cov_nat,2021,5.717
deu,sex_f,age_ythadult_y15_64,geo_cov_nat,2022,5.433
deu,sex_f,age_ythadult_y15_64,geo_cov_nat,2023,5.432
deu,sex_f,age_ythadult_y15_64,geo_cov_nat,2024,5.881
deu,sex_f,age_ythadult_y15_64,geo_cov_rur,1998,15.487
deu,sex_f,age_ythadult_y15_64,geo_cov_rur,1999,14.242
deu,sex_f,age_ythadult_y15_64,geo_cov_rur,2000,13.406
deu,sex_f,age_ythadult_y15_64,geo_cov_rur,2001,12.546
deu,sex_f,age_ythadult_y15_64,geo_cov_rur,2002,13.509
deu,sex_f,age_ythadult_y15_64,geo_cov_rur,2003,13.909
deu,sex_f,age_ythadult_y15_64,geo_cov_rur,2004,14.683
deu,sex_f,age_ythadult_y15_64,geo_cov_rur,2005,15.844
deu,sex_f,age_ythadult_y15_64,geo_cov_rur,2006,13.829
deu,sex_f,age_ythadult_y15_64,geo_cov_rur,2007,14.188
deu,sex_f,age_ythadult_y15_64,geo_cov_rur,2008,12.422
deu,sex_f,age_ythadult_y15_64,geo_cov_rur,2009,11.085
deu,sex_f,age_ythadult_y15_64,geo_cov_rur,2010,8.789
deu,sex_f,age_ythadult_y15_64,geo_cov_rur,2011,7.427
deu,sex_f,age_ythadult_y15_64,geo_cov_rur,2012,6.613
deu,sex_f,age_ythadult_y15_64,geo_cov_rur,2013,5.998
deu,sex_f,age_ythadult_y15_64,geo_cov_rur,2014,5.484
deu,sex_f,age_ythadult_y15_64,geo_cov_rur,2015,5.287
deu,sex_f,age_ythadult_y15_64,geo_cov_rur,2016,4.796
deu,sex_f,age_ythadult_y15_64,geo_cov_rur,2017,4.332
deu,sex_f,age_ythadult_y15_64,geo_cov_rur,2018,3.657
deu,sex_f,age_ythadult_y15_64,geo_cov_rur,2019,3.383
deu,sex_f,age_ythadult_y15_64,geo_cov_rur,2020,5.169
deu,sex_f,age_ythadult_y15_64,geo_cov_rur,2021,3.909
deu,sex_f,age_ythadult_y15_64,geo_cov_rur,2022,3.779
deu,sex_f,age_ythadult_y15_64,geo_cov_rur,2023,3.703
deu,sex_f,age_ythadult_y15_64,geo_cov_rur,2024,4.158
deu,sex_f,age_ythadult_y15_64,geo_cov_urb,1998,12.801
deu,sex_f,age_ythadult_y15_64,geo_cov_urb,1999,11.619
deu,sex_f,age_ythadult_y15_64,geo_cov_urb,2000,10.586
deu,sex_f,age_ythadult_y15_64,geo_cov_urb,2001,10.151
deu,sex_f,age_ythadult_y15_64,geo_cov_urb,2002,10.434
deu,sex_f,age_ythadult_y15_64,geo_cov_urb,2003,11.9
deu,sex_f,age_ythadult_y15_64,geo_cov_urb,2004,12.644
deu,sex_f,age_ythadult_y15_64,geo_cov_urb,2005,14.944
deu,sex_f,age_ythadult_y15_64,geo_cov_urb,2006,14.31
deu,sex_f,age_ythadult_y15_64,geo_cov_urb,2007,12.395
deu,sex_f,age_ythadult_y15_64,geo_cov_urb,2008,11.064
deu,sex_f,age_ythadult_y15_64,geo_cov_urb,2009,10.263
deu,sex_f,age_ythadult_y15_64,geo_cov_urb,2010,9.244
deu,sex_f,age_ythadult_y15_64,geo_cov_urb,2011,8.753
deu,sex_f,age_ythadult_y15_64,geo_cov_urb,2012,8.053
deu,sex_f,age_ythadult_y15_64,geo_cov_urb,2013,7.798
deu,sex_f,age_ythadult_y15_64,geo_cov_urb,2014,7.339
deu,sex_f,age_ythadult_y15_64,geo_cov_urb,2015,6.887
deu,sex_f,age_ythadult_y15_64,geo_cov_urb,2016,6.255
deu,sex_f,age_ythadult_y15_64,geo_cov_urb,2017,5.773
deu,sex_f,age_ythadult_y15_64,geo_cov_urb,2018,5.189
deu,sex_f,age_ythadult_y15_64,geo_cov_urb,2019,5.067
deu,sex_f,age_ythadult_y15_64,geo_cov_urb,2020,7.49
deu,sex_f,age_ythadult_y15_64,geo_cov_urb,2021,6.17
deu,sex_f,age_ythadult_y15_64,geo_cov_urb,2022,5.853
deu,sex_f,age_ythadult_y15_64,geo_cov_urb,2023,5.839
deu,sex_f,age_ythadult_y15_64,geo_cov_urb,2024,6.29
deu,sex_f,age_ythadult_yge15,geo_cov_nat,1998,13.285
deu,sex_f,age_ythadult_yge15,geo_cov_nat,1999,12.102
deu,sex_f,age_ythadult_yge15,geo_cov_nat,2000,11.112
deu,sex_f,age_ythadult_yge15,geo_cov_nat,2001,10.596
deu,sex_f,age_ythadult_yge15,geo_cov_nat,2002,11.025
deu,sex_f,age_ythadult_yge15,geo_cov_nat,2003,12.275
deu,sex_f,age_ythadult_yge15,geo_cov_nat,2004,13.004
deu,sex_f,age_ythadult_yge15,geo_cov_nat,2005,15.114
deu,sex_f,age_ythadult_yge15,geo_cov_nat,2006,14.22
deu,sex_f,age_ythadult_yge15,geo_cov_nat,2007,12.654
deu,sex_f,age_ythadult_yge15,geo_cov_nat,2008,11.259
deu,sex_f,age_ythadult_yge15,geo_cov_nat,2009,10.36
deu,sex_f,age_ythadult_yge15,geo_cov_nat,2010,9.198
deu,sex_f,age_ythadult_yge15,geo_cov_nat,2011,8.578
deu,sex_f,age_ythadult_yge15,geo_cov_nat,2012,7.767
deu,sex_f,age_ythadult_yge15,geo_cov_nat,2013,7.414
deu,sex_f,age_ythadult_yge15,geo_cov_nat,2014,6.932
deu,sex_f,age_ythadult_yge15,geo_cov_nat,2015,6.543
deu,sex_f,age_ythadult_yge15,geo_cov_nat,2016,5.948
deu,sex_f,age_ythadult_yge15,geo_cov_nat,2017,5.471
deu,sex_f,age_ythadult_yge15,geo_cov_nat,2018,4.86
deu,sex_f,age_ythadult_yge15,geo_cov_nat,2019,4.692
deu,sex_f,age_ythadult_yge15,geo_cov_nat,2020,7.096
deu,sex_f,age_ythadult_yge15,geo_cov_nat,2021,5.712
deu,sex_f,age_ythadult_yge15,geo_cov_nat,2022,5.442
deu,sex_f,age_ythadult_yge15,geo_cov_nat,2023,5.455
deu,sex_f,age_ythadult_yge15,geo_cov_nat,2024,5.856
deu,sex_f,age_ythadult_yge15,geo_cov_rur,1998,15.403
deu,sex_f,age_ythadult_yge15,geo_cov_rur,1999,14.137
deu,sex_f,age_ythadult_yge15,geo_cov_rur,2000,13.346
deu,sex_f,age_ythadult_yge15,geo_cov_rur,2001,12.49
deu,sex_f,age_ythadult_yge15,geo_cov_rur,2002,13.426
deu,sex_f,age_ythadult_yge15,geo_cov_rur,2003,13.834
deu,sex_f,age_ythadult_yge15,geo_cov_rur,2004,14.612
deu,sex_f,age_ythadult_yge15,geo_cov_rur,2005,15.824
deu,sex_f,age_ythadult_yge15,geo_cov_rur,2006,13.744
deu,sex_f,age_ythadult_yge15,geo_cov_rur,2007,14.143
deu,sex_f,age_ythadult_yge15,geo_cov_rur,2008,12.465
deu,sex_f,age_ythadult_yge15,geo_cov_rur,2009,11.017
deu,sex_f,age_ythadult_yge15,geo_cov_rur,2010,8.803
deu,sex_f,age_ythadult_yge15,geo_cov_rur,2011,7.442
deu,sex_f,age_ythadult_yge15,geo_cov_rur,2012,6.62
deu,sex_f,age_ythadult_yge15,geo_cov_rur,2013,6.004
deu,sex_f,age_ythadult_yge15,geo_cov_rur,2014,5.479
deu,sex_f,age_ythadult_yge15,geo_cov_rur,2015,5.259
deu,sex_f,age_ythadult_yge15,geo_cov_rur,2016,4.803
deu,sex_f,age_ythadult_yge15,geo_cov_rur,2017,4.344
deu,sex_f,age_ythadult_yge15,geo_cov_rur,2018,3.658
deu,sex_f,age_ythadult_yge15,geo_cov_rur,2019,3.401
deu,sex_f,age_ythadult_yge15,geo_cov_rur,2020,5.23
deu,sex_f,age_ythadult_yge15,geo_cov_rur,2021,3.92
deu,sex_f,age_ythadult_yge15,geo_cov_rur,2022,3.827
deu,sex_f,age_ythadult_yge15,geo_cov_rur,2023,3.688
deu,sex_f,age_ythadult_yge15,geo_cov_rur,2024,4.224
deu,sex_f,age_ythadult_yge15,geo_cov_urb,1998,12.773
deu,sex_f,age_ythadult_yge15,geo_cov_urb,1999,11.617
deu,sex_f,age_ythadult_yge15,geo_cov_urb,2000,10.591
deu,sex_f,age_ythadult_yge15,geo_cov_urb,2001,10.143
deu,sex_f,age_ythadult_yge15,geo_cov_urb,2002,10.447
deu,sex_f,age_ythadult_yge15,geo_cov_urb,2003,11.909
deu,sex_f,age_ythadult_yge15,geo_cov_urb,2004,12.626
deu,sex_f,age_ythadult_yge15,geo_cov_urb,2005,14.95
deu,sex_f,age_ythadult_yge15,geo_cov_urb,2006,14.308
deu,sex_f,age_ythadult_yge15,geo_cov_urb,2007,12.385
deu,sex_f,age_ythadult_yge15,geo_cov_urb,2008,11.057
deu,sex_f,age_ythadult_yge15,geo_cov_urb,2009,10.25
deu,sex_f,age_ythadult_yge15,geo_cov_urb,2010,9.27
deu,sex_f,age_ythadult_yge15,geo_cov_urb,2011,8.769
deu,sex_f,age_ythadult_yge15,geo_cov_urb,2012,8.101
deu,sex_f,age_ythadult_yge15,geo_cov_urb,2013,7.823
deu,sex_f,age_ythadult_yge15,geo_cov_urb,2014,7.35
deu,sex_f,age_ythadult_yge15,geo_cov_urb,2015,6.914
deu,sex_f,age_ythadult_yge15,geo_cov_urb,2016,6.282
deu,sex_f,age_ythadult_yge15,geo_cov_urb,2017,5.8
deu,sex_f,age_ythadult_yge15,geo_cov_urb,2018,5.213
deu,sex_f,age_ythadult_yge15,geo_cov_urb,2019,5.067
deu,sex_f,age_ythadult_yge15,geo_cov_urb,2020,7.564
deu,sex_f,age_ythadult_yge15,geo_cov_urb,2021,6.161
deu,sex_f,age_ythadult_yge15,geo_cov_urb,2022,5.85
deu,sex_f,age_ythadult_yge15,geo_cov_urb,2023,5.872
deu,sex_f,age_ythadult_yge15,geo_cov_urb,2024,6.246
deu,sex_f,age_ythadult_yge25,geo_cov_nat,1998,13.472
deu,sex_f,age_ythadult_yge25,geo_cov_nat,1999,12.254
deu,sex_f,age_ythadult_yge25,geo_cov_nat,2000,11.222
deu,sex_f,age_ythadult_yge25,geo_cov_nat,2001,10.734
deu,sex_f,age_ythadult_yge25,geo_cov_nat,2002,11.089
deu,sex_f,age_ythadult_yge25,geo_cov_nat,2003,12.275
deu,sex_f,age_ythadult_yge25,geo_cov_nat,2004,12.845
deu,sex_f,age_ythadult_yge25,geo_cov_nat,2005,14.319
deu,sex_f,age_ythadult_yge25,geo_cov_nat,2006,13.495
deu,sex_f,age_ythadult_yge25,geo_cov_nat,2007,12.097
deu,sex_f,age_ythadult_yge25,geo_cov_nat,2008,10.594
deu,sex_f,age_ythadult_yge25,geo_cov_nat,2009,9.669
deu,sex_f,age_ythadult_yge25,geo_cov_nat,2010,8.635
deu,sex_f,age_ythadult_yge25,geo_cov_nat,2011,7.986
deu,sex_f,age_ythadult_yge25,geo_cov_nat,2012,7.256
deu,sex_f,age_ythadult_yge25,geo_cov_nat,2013,6.993
deu,sex_f,age_ythadult_yge25,geo_cov_nat,2014,6.444
deu,sex_f,age_ythadult_yge25,geo_cov_nat,2015,6.103
deu,sex_f,age_ythadult_yge25,geo_cov_nat,2016,5.463
deu,sex_f,age_ythadult_yge25,geo_cov_nat,2017,5.006
deu,sex_f,age_ythadult_yge25,geo_cov_nat,2018,4.427
deu,sex_f,age_ythadult_yge25,geo_cov_nat,2019,4.261
deu,sex_f,age_ythadult_yge25,geo_cov_nat,2020,5.967
deu,sex_f,age_ythadult_yge25,geo_cov_nat,2021,4.925
deu,sex_f,age_ythadult_yge25,geo_cov_nat,2022,4.684
deu,sex_f,age_ythadult_yge25,geo_cov_nat,2023,4.809
deu,sex_f,age_ythadult_yge25,geo_cov_nat,2024,5.065
deu,sex_f,age_ythadult_yge25,geo_cov_rur,1998,16.192
deu,sex_f,age_ythadult_yge25,geo_cov_rur,1999,14.77
deu,sex_f,age_ythadult_yge25,geo_cov_rur,2000,13.971
deu,sex_f,age_ythadult_yge25,geo_cov_rur,2001,13.133
deu,sex_f,age_ythadult_yge25,geo_cov_rur,2002,13.871
deu,sex_f,age_ythadult_yge25,geo_cov_rur,2003,14.119
deu,sex_f,age_ythadult_yge25,geo_cov_rur,2004,14.738
deu,sex_f,age_ythadult_yge25,geo_cov_rur,2005,15.089
deu,sex_f,age_ythadult_yge25,geo_cov_rur,2006,13.124
deu,sex_f,age_ythadult_yge25,geo_cov_rur,2007,13.836
deu,sex_f,age_ythadult_yge25,geo_cov_rur,2008,11.982
deu,sex_f,age_ythadult_yge25,geo_cov_rur,2009,10.854
deu,sex_f,age_ythadult_yge25,geo_cov_rur,2010,8.361
deu,sex_f,age_ythadult_yge25,geo_cov_rur,2011,7.19
deu,sex_f,age_ythadult_yge25,geo_cov_rur,2012,6.245
deu,sex_f,age_ythadult_yge25,geo_cov_rur,2013,5.76
deu,sex_f,age_ythadult_yge25,geo_cov_rur,2014,5.109
deu,sex_f,age_ythadult_yge25,geo_cov_rur,2015,4.933
deu,sex_f,age_ythadult_yge25,geo_cov_rur,2016,4.362
deu,sex_f,age_ythadult_yge25,geo_cov_rur,2017,3.987
deu,sex_f,age_ythadult_yge25,geo_cov_rur,2018,3.31
deu,sex_f,age_ythadult_yge25,geo_cov_rur,2019,3.119
deu,sex_f,age_ythadult_yge25,geo_cov_rur,2020,4.357
deu,sex_f,age_ythadult_yge25,geo_cov_rur,2021,3.35
deu,sex_f,age_ythadult_yge25,geo_cov_rur,2022,3.288
deu,sex_f,age_ythadult_yge25,geo_cov_rur,2023,3.103
deu,sex_f,age_ythadult_yge25,geo_cov_rur,2024,3.404
deu,sex_f,age_ythadult_yge25,geo_cov_urb,1998,12.831
deu,sex_f,age_ythadult_yge25,geo_cov_urb,1999,11.666
deu,sex_f,age_ythadult_yge25,geo_cov_urb,2000,10.592
deu,sex_f,age_ythadult_yge25,geo_cov_urb,2001,10.17
deu,sex_f,age_ythadult_yge25,geo_cov_urb,2002,10.428
deu,sex_f,age_ythadult_yge25,geo_cov_urb,2003,11.848
deu,sex_f,age_ythadult_yge25,geo_cov_urb,2004,12.403
deu,sex_f,age_ythadult_yge25,geo_cov_urb,2005,14.143
deu,sex_f,age_ythadult_yge25,geo_cov_urb,2006,13.563
deu,sex_f,age_ythadult_yge25,geo_cov_urb,2007,11.787
deu,sex_f,age_ythadult_yge25,geo_cov_urb,2008,10.36
deu,sex_f,age_ythadult_yge25,geo_cov_urb,2009,9.471
deu,sex_f,age_ythadult_yge25,geo_cov_urb,2010,8.685
deu,sex_f,age_ythadult_yge25,geo_cov_urb,2011,8.122
deu,sex_f,age_ythadult_yge25,geo_cov_urb,2012,7.554
deu,sex_f,age_ythadult_yge25,geo_cov_urb,2013,7.355
deu,sex_f,age_ythadult_yge25,geo_cov_urb,2014,6.831
deu,sex_f,age_ythadult_yge25,geo_cov_urb,2015,6.442
deu,sex_f,age_ythadult_yge25,geo_cov_urb,2016,5.787
deu,sex_f,age_ythadult_yge25,geo_cov_urb,2017,5.306
deu,sex_f,age_ythadult_yge25,geo_cov_urb,2018,4.757
deu,sex_f,age_ythadult_yge25,geo_cov_urb,2019,4.594
deu,sex_f,age_ythadult_yge25,geo_cov_urb,2020,6.376
deu,sex_f,age_ythadult_yge25,geo_cov_urb,2021,5.325
deu,sex_f,age_ythadult_yge25,geo_cov_urb,2022,5.038
deu,sex_f,age_ythadult_yge25,geo_cov_urb,2023,5.216
deu,sex_f,age_ythadult_yge25,geo_cov_urb,2024,5.469
deu,sex_m,age_aggregate_total,geo_cov_nat,1998,11.057
deu,sex_m,age_aggregate_total,geo_cov_nat,1999,10.456
deu,sex_m,age_aggregate_total,geo_cov_nat,2000,9.464
deu,sex_m,age_aggregate_total,geo_cov_nat,2001,9.614
deu,sex_m,age_aggregate_total,geo_cov_nat,2002,10.563
deu,sex_m,age_aggregate_total,geo_cov_nat,2003,12.155
deu,sex_m,age_aggregate_total,geo_cov_nat,2004,13.159
deu,sex_m,age_aggregate_total,geo_cov_nat,2005,13.791
deu,sex_m,age_aggregate_total,geo_cov_nat,2006,12.444
deu,sex_m,age_aggregate_total,geo_cov_nat,2007,11.003
deu,sex_m,age_aggregate_total,geo_cov_nat,2008,9.631
deu,sex_m,age_aggregate_total,geo_cov_nat,2009,10.278
deu,sex_m,age_aggregate_total,geo_cov_nat,2010,9.07
deu,sex_m,age_aggregate_total,geo_cov_nat,2011,7.853
deu,sex_m,age_aggregate_total,geo_cov_nat,2012,7.239
deu,sex_m,age_aggregate_total,geo_cov_nat,2013,7.335
deu,sex_m,age_aggregate_total,geo_cov_nat,2014,6.961
deu,sex_m,age_aggregate_total,geo_cov_nat,2015,6.695
deu,sex_m,age_aggregate_total,geo_cov_nat,2016,6.318
deu,sex_m,age_aggregate_total,geo_cov_nat,2017,5.988
deu,sex_m,age_aggregate_total,geo_cov_nat,2018,5.499
deu,sex_m,age_aggregate_total,geo_cov_nat,2019,5.132
deu,sex_m,age_aggregate_total,geo_cov_nat,2020,6.949
deu,sex_m,age_aggregate_total,geo_cov_nat,2021,6.242
deu,sex_m,age_aggregate_total,geo_cov_nat,2022,5.611
deu,sex_m,age_aggregate_total,geo_cov_nat,2023,5.398
deu,sex_m,age_aggregate_total,geo_cov_nat,2024,5.888
deu,sex_m,age_aggregate_total,geo_cov_rur,1998,10.331
deu,sex_m,age_aggregate_total,geo_cov_rur,1999,10.353
deu,sex_m,age_aggregate_total,geo_cov_rur,2000,9.424
deu,sex_m,age_aggregate_total,geo_cov_rur,2001,10.144
deu,sex_m,age_aggregate_total,geo_cov_rur,2002,11.029
deu,sex_m,age_aggregate_total,geo_cov_rur,2003,12.369
deu,sex_m,age_aggregate_total,geo_cov_rur,2004,13.735
deu,sex_m,age_aggregate_total,geo_cov_rur,2005,13.44
deu,sex_m,age_aggregate_total,geo_cov_rur,2006,12.285
deu,sex_m,age_aggregate_total,geo_cov_rur,2007,10.364
deu,sex_m,age_aggregate_total,geo_cov_rur,2008,9.652
deu,sex_m,age_aggregate_total,geo_cov_rur,2009,8.443
deu,sex_m,age_aggregate_total,geo_cov_rur,2010,8.464
deu,sex_m,age_aggregate_total,geo_cov_rur,2011,7.721
deu,sex_m,age_aggregate_total,geo_cov_rur,2012,5.164
deu,sex_m,age_aggregate_total,geo_cov_rur,2013,5.232
deu,sex_m,age_aggregate_total,geo_cov_rur,2014,4.958
deu,sex_m,age_aggregate_total,geo_cov_rur,2015,4.764
deu,sex_m,age_aggregate_total,geo_cov_rur,2016,4.272
deu,sex_m,age_aggregate_total,geo_cov_rur,2017,4.078
deu,sex_m,age_aggregate_total,geo_cov_rur,2018,3.412
deu,sex_m,age_aggregate_total,geo_cov_rur,2019,3.471
deu,sex_m,age_aggregate_total,geo_cov_rur,2020,4.811
deu,sex_m,age_aggregate_total,geo_cov_rur,2021,3.696
deu,sex_m,age_aggregate_total,geo_cov_rur,2022,3.144
deu,sex_m,age_aggregate_total,geo_cov_rur,2023,3.421
deu,sex_m,age_aggregate_total,geo_cov_rur,2024,3.498
deu,sex_m,age_aggregate_total,geo_cov_urb,1998,11.234
deu,sex_m,age_aggregate_total,geo_cov_urb,1999,10.481
deu,sex_m,age_aggregate_total,geo_cov_urb,2000,9.474
deu,sex_m,age_aggregate_total,geo_cov_urb,2001,9.487
deu,sex_m,age_aggregate_total,geo_cov_urb,2002,10.45
deu,sex_m,age_aggregate_total,geo_cov_urb,2003,12.104
deu,sex_m,age_aggregate_total,geo_cov_urb,2004,13.021
deu,sex_m,age_aggregate_total,geo_cov_urb,2005,13.874
deu,sex_m,age_aggregate_total,geo_cov_urb,2006,12.474
deu,sex_m,age_aggregate_total,geo_cov_urb,2007,11.12
deu,sex_m,age_aggregate_total,geo_cov_urb,2008,9.627
deu,sex_m,age_aggregate_total,geo_cov_urb,2009,10.586
deu,sex_m,age_aggregate_total,geo_cov_urb,2010,9.185
deu,sex_m,age_aggregate_total,geo_cov_urb,2011,7.876
deu,sex_m,age_aggregate_total,geo_cov_urb,2012,7.878
deu,sex_m,age_aggregate_total,geo_cov_urb,2013,7.977
deu,sex_m,age_aggregate_total,geo_cov_urb,2014,7.569
deu,sex_m,age_aggregate_total,geo_cov_urb,2015,7.276
deu,sex_m,age_aggregate_total,geo_cov_urb,2016,6.93
deu,sex_m,age_aggregate_total,geo_cov_urb,2017,6.552
deu,sex_m,age_aggregate_total,geo_cov_urb,2018,6.116
deu,sex_m,age_aggregate_total,geo_cov_urb,2019,5.625
deu,sex_m,age_aggregate_total,geo_cov_urb,2020,7.492
deu,sex_m,age_aggregate_total,geo_cov_urb,2021,6.883
deu,sex_m,age_aggregate_total,geo_cov_urb,2022,6.226
deu,sex_m,age_aggregate_total,geo_cov_urb,2023,5.866
deu,sex_m,age_aggregate_total,geo_cov_urb,2024,6.452
deu,sex_m,age_aggregate_y15_24,geo_cov_nat,1998,13.164
deu,sex_m,age_aggregate_y15_24,geo_cov_nat,1999,12.048
deu,sex_m,age_aggregate_y15_24,geo_cov_nat,2000,11.68
deu,sex_m,age_aggregate_y15_24,geo_cov_nat,2001,11.318
deu,sex_m,age_aggregate_y15_24,geo_cov_nat,2002,13.455
deu,sex_m,age_aggregate_y15_24,geo_cov_nat,2003,16.258
deu,sex_m,age_aggregate_y15_24,geo_cov_nat,2004,18.468
deu,sex_m,age_aggregate_y15_24,geo_cov_nat,2005,21.439
deu,sex_m,age_aggregate_y15_24,geo_cov_nat,2006,17.914
deu,sex_m,age_aggregate_y15_24,geo_cov_nat,2007,17.099
deu,sex_m,age_aggregate_y15_24,geo_cov_nat,2008,15.182
deu,sex_m,age_aggregate_y15_24,geo_cov_nat,2009,16.628
deu,sex_m,age_aggregate_y15_24,geo_cov_nat,2010,14.901
deu,sex_m,age_aggregate_y15_24,geo_cov_nat,2011,12.979
deu,sex_m,age_aggregate_y15_24,geo_cov_nat,2012,12.094
deu,sex_m,age_aggregate_y15_24,geo_cov_nat,2013,12.083
deu,sex_m,age_aggregate_y15_24,geo_cov_nat,2014,11.075
deu,sex_m,age_aggregate_y15_24,geo_cov_nat,2015,11.848
deu,sex_m,age_aggregate_y15_24,geo_cov_nat,2016,11.979
deu,sex_m,age_aggregate_y15_24,geo_cov_nat,2017,11.652
deu,sex_m,age_aggregate_y15_24,geo_cov_nat,2018,10.789
deu,sex_m,age_aggregate_y15_24,geo_cov_nat,2019,10.051
deu,sex_m,age_aggregate_y15_24,geo_cov_nat,2020,15.581
deu,sex_m,age_aggregate_y15_24,geo_cov_nat,2021,12.603
deu,sex_m,age_aggregate_y15_24,geo_cov_nat,2022,11.546
deu,sex_m,age_aggregate_y15_24,geo_cov_nat,2023,11.615
deu,sex_m,age_aggregate_y15_24,geo_cov_nat,2024,13.751
deu,sex_m,age_aggregate_y15_24,geo_cov_rur,1998,10.255
deu,sex_m,age_aggregate_y15_24,geo_cov_rur,1999,10.52
deu,sex_m,age_aggregate_y15_24,geo_cov_rur,2000,10.714
deu,sex_m,age_aggregate_y15_24,geo_cov_rur,2001,10.438
deu,sex_m,age_aggregate_y15_24,geo_cov_rur,2002,12.147
deu,sex_m,age_aggregate_y15_24,geo_cov_rur,2003,16.003
deu,sex_m,age_aggregate_y15_24,geo_cov_rur,2004,16.507
deu,sex_m,age_aggregate_y15_24,geo_cov_rur,2005,18.949
deu,sex_m,age_aggregate_y15_24,geo_cov_rur,2006,15.852
deu,sex_m,age_aggregate_y15_24,geo_cov_rur,2007,16.367
deu,sex_m,age_aggregate_y15_24,geo_cov_rur,2008,16.361
deu,sex_m,age_aggregate_y15_24,geo_cov_rur,2009,14.501
deu,sex_m,age_aggregate_y15_24,geo_cov_rur,2010,8.94
deu,sex_m,age_aggregate_y15_24,geo_cov_rur,2011,11.038
deu,sex_m,age_aggregate_y15_24,geo_cov_rur,2012,8.83
deu,sex_m,age_aggregate_y15_24,geo_cov_rur,2013,8.719
deu,sex_m,age_aggregate_y15_24,geo_cov_rur,2014,8.146
deu,sex_m,age_aggregate_y15_24,geo_cov_rur,2015,8.192
deu,sex_m,age_aggregate_y15_24,geo_cov_rur,2016,8.516
deu,sex_m,age_aggregate_y15_24,geo_cov_rur,2017,7.516
deu,sex_m,age_aggregate_y15_24,geo_cov_rur,2018,5.922
deu,sex_m,age_aggregate_y15_24,geo_cov_rur,2019,7.043
deu,sex_m,age_aggregate_y15_24,geo_cov_rur,2020,10.565
deu,sex_m,age_aggregate_y15_24,geo_cov_rur,2021,7.779
deu,sex_m,age_aggregate_y15_24,geo_cov_rur,2022,6.833
deu,sex_m,age_aggregate_y15_24,geo_cov_rur,2023,6.901
deu,sex_m,age_aggregate_y15_24,geo_cov_rur,2024,7.842
deu,sex_m,age_aggregate_y15_24,geo_cov_urb,1998,14.084
deu,sex_m,age_aggregate_y15_24,geo_cov_urb,1999,12.509
deu,sex_m,age_aggregate_y15_24,geo_cov_urb,2000,11.964
deu,sex_m,age_aggregate_y15_24,geo_cov_urb,2001,11.578
deu,sex_m,age_aggregate_y15_24,geo_cov_urb,2002,13.844
deu,sex_m,age_aggregate_y15_24,geo_cov_urb,2003,16.335
deu,sex_m,age_aggregate_y15_24,geo_cov_urb,2004,19.043
deu,sex_m,age_aggregate_y15_24,geo_cov_urb,2005,22.128
deu,sex_m,age_aggregate_y15_24,geo_cov_urb,2006,18.425
deu,sex_m,age_aggregate_y15_24,geo_cov_urb,2007,17.253
deu,sex_m,age_aggregate_y15_24,geo_cov_urb,2008,14.923
deu,sex_m,age_aggregate_y15_24,geo_cov_urb,2009,17.035
deu,sex_m,age_aggregate_y15_24,geo_cov_urb,2010,16.113
deu,sex_m,age_aggregate_y15_24,geo_cov_urb,2011,13.335
deu,sex_m,age_aggregate_y15_24,geo_cov_urb,2012,13.169
deu,sex_m,age_aggregate_y15_24,geo_cov_urb,2013,13.161
deu,sex_m,age_aggregate_y15_24,geo_cov_urb,2014,11.992
deu,sex_m,age_aggregate_y15_24,geo_cov_urb,2015,13.012
deu,sex_m,age_aggregate_y15_24,geo_cov_urb,2016,13.087
deu,sex_m,age_aggregate_y15_24,geo_cov_urb,2017,12.956
deu,sex_m,age_aggregate_y15_24,geo_cov_urb,2018,12.271
deu,sex_m,age_aggregate_y15_24,geo_cov_urb,2019,10.972
deu,sex_m,age_aggregate_y15_24,geo_cov_urb,2020,16.816
deu,sex_m,age_aggregate_y15_24,geo_cov_urb,2021,13.804
deu,sex_m,age_aggregate_y15_24,geo_cov_urb,2022,12.722
deu,sex_m,age_aggregate_y15_24,geo_cov_urb,2023,12.662
deu,sex_m,age_aggregate_y15_24,geo_cov_urb,2024,15.184
deu,sex_m,age_aggregate_y25_54,geo_cov_nat,1998,9.443
deu,sex_m,age_aggregate_y25_54,geo_cov_nat,1999,8.803
deu,sex_m,age_aggregate_y25_54,geo_cov_nat,2000,7.972
deu,sex_m,age_aggregate_y25_54,geo_cov_nat,2001,8.344
deu,sex_m,age_aggregate_y25_54,geo_cov_nat,2002,9.515
deu,sex_m,age_aggregate_y25_54,geo_cov_nat,2003,10.848
deu,sex_m,age_aggregate_y25_54,geo_cov_nat,2004,11.852
deu,sex_m,age_aggregate_y25_54,geo_cov_nat,2005,12.053
deu,sex_m,age_aggregate_y25_54,geo_cov_nat,2006,10.934
deu,sex_m,age_aggregate_y25_54,geo_cov_nat,2007,9.579
deu,sex_m,age_aggregate_y25_54,geo_cov_nat,2008,8.298
deu,sex_m,age_aggregate_y25_54,geo_cov_nat,2009,9.09
deu,sex_m,age_aggregate_y25_54,geo_cov_nat,2010,7.874
deu,sex_m,age_aggregate_y25_54,geo_cov_nat,2011,6.787
deu,sex_m,age_aggregate_y25_54,geo_cov_nat,2012,6.189
deu,sex_m,age_aggregate_y25_54,geo_cov_nat,2013,6.386
deu,sex_m,age_aggregate_y25_54,geo_cov_nat,2014,6.202
deu,sex_m,age_aggregate_y25_54,geo_cov_nat,2015,5.879
deu,sex_m,age_aggregate_y25_54,geo_cov_nat,2016,5.641
deu,sex_m,age_aggregate_y25_54,geo_cov_nat,2017,5.332
deu,sex_m,age_aggregate_y25_54,geo_cov_nat,2018,4.969
deu,sex_m,age_aggregate_y25_54,geo_cov_nat,2019,4.614
deu,sex_m,age_aggregate_y25_54,geo_cov_nat,2020,5.866
deu,sex_m,age_aggregate_y25_54,geo_cov_nat,2021,5.46
deu,sex_m,age_aggregate_y25_54,geo_cov_nat,2022,4.952
deu,sex_m,age_aggregate_y25_54,geo_cov_nat,2023,4.737
deu,sex_m,age_aggregate_y25_54,geo_cov_nat,2024,5.18
deu,sex_m,age_aggregate_y25_54,geo_cov_rur,1998,8.684
deu,sex_m,age_aggregate_y25_54,geo_cov_rur,1999,8.705
deu,sex_m,age_aggregate_y25_54,geo_cov_rur,2000,7.997
deu,sex_m,age_aggregate_y25_54,geo_cov_rur,2001,9.061
deu,sex_m,age_aggregate_y25_54,geo_cov_rur,2002,10.389
deu,sex_m,age_aggregate_y25_54,geo_cov_rur,2003,10.961
deu,sex_m,age_aggregate_y25_54,geo_cov_rur,2004,12.658
deu,sex_m,age_aggregate_y25_54,geo_cov_rur,2005,12.046
deu,sex_m,age_aggregate_y25_54,geo_cov_rur,2006,10.767
deu,sex_m,age_aggregate_y25_54,geo_cov_rur,2007,8.848
deu,sex_m,age_aggregate_y25_54,geo_cov_rur,2008,7.242
deu,sex_m,age_aggregate_y25_54,geo_cov_rur,2009,6.486
deu,sex_m,age_aggregate_y25_54,geo_cov_rur,2010,8.071
deu,sex_m,age_aggregate_y25_54,geo_cov_rur,2011,6.898
deu,sex_m,age_aggregate_y25_54,geo_cov_rur,2012,4.03
deu,sex_m,age_aggregate_y25_54,geo_cov_rur,2013,4.234
deu,sex_m,age_aggregate_y25_54,geo_cov_rur,2014,3.948
deu,sex_m,age_aggregate_y25_54,geo_cov_rur,2015,3.871
deu,sex_m,age_aggregate_y25_54,geo_cov_rur,2016,3.584
deu,sex_m,age_aggregate_y25_54,geo_cov_rur,2017,3.332
deu,sex_m,age_aggregate_y25_54,geo_cov_rur,2018,2.872
deu,sex_m,age_aggregate_y25_54,geo_cov_rur,2019,2.892
deu,sex_m,age_aggregate_y25_54,geo_cov_rur,2020,3.634
deu,sex_m,age_aggregate_y25_54,geo_cov_rur,2021,2.812
deu,sex_m,age_aggregate_y25_54,geo_cov_rur,2022,2.415
deu,sex_m,age_aggregate_y25_54,geo_cov_rur,2023,3.028
deu,sex_m,age_aggregate_y25_54,geo_cov_rur,2024,3.05
deu,sex_m,age_aggregate_y25_54,geo_cov_urb,1998,9.625
deu,sex_m,age_aggregate_y25_54,geo_cov_urb,1999,8.827
deu,sex_m,age_aggregate_y25_54,geo_cov_urb,2000,7.967
deu,sex_m,age_aggregate_y25_54,geo_cov_urb,2001,8.175
deu,sex_m,age_aggregate_y25_54,geo_cov_urb,2002,9.306
deu,sex_m,age_aggregate_y25_54,geo_cov_urb,2003,10.821
deu,sex_m,age_aggregate_y25_54,geo_cov_urb,2004,11.661
deu,sex_m,age_aggregate_y25_54,geo_cov_urb,2005,12.054
deu,sex_m,age_aggregate_y25_54,geo_cov_urb,2006,10.965
deu,sex_m,age_aggregate_y25_54,geo_cov_urb,2007,9.709
deu,sex_m,age_aggregate_y25_54,geo_cov_urb,2008,8.478
deu,sex_m,age_aggregate_y25_54,geo_cov_urb,2009,9.512
deu,sex_m,age_aggregate_y25_54,geo_cov_urb,2010,7.839
deu,sex_m,age_aggregate_y25_54,geo_cov_urb,2011,6.768
deu,sex_m,age_aggregate_y25_54,geo_cov_urb,2012,6.826
deu,sex_m,age_aggregate_y25_54,geo_cov_urb,2013,7.016
deu,sex_m,age_aggregate_y25_54,geo_cov_urb,2014,6.858
deu,sex_m,age_aggregate_y25_54,geo_cov_urb,2015,6.452
deu,sex_m,age_aggregate_y25_54,geo_cov_urb,2016,6.222
deu,sex_m,age_aggregate_y25_54,geo_cov_urb,2017,5.887
deu,sex_m,age_aggregate_y25_54,geo_cov_urb,2018,5.55
deu,sex_m,age_aggregate_y25_54,geo_cov_urb,2019,5.091
deu,sex_m,age_aggregate_y25_54,geo_cov_urb,2020,6.407
deu,sex_m,age_aggregate_y25_54,geo_cov_urb,2021,6.089
deu,sex_m,age_aggregate_y25_54,geo_cov_urb,2022,5.546
deu,sex_m,age_aggregate_y25_54,geo_cov_urb,2023,5.116
deu,sex_m,age_aggregate_y25_54,geo_cov_urb,2024,5.64
deu,sex_m,age_aggregate_y55_64,geo_cov_nat,1998,18.017
deu,sex_m,age_aggregate_y55_64,geo_cov_nat,1999,18.024
deu,sex_m,age_aggregate_y55_64,geo_cov_nat,2000,15.994
deu,sex_m,age_aggregate_y55_64,geo_cov_nat,2001,15.634
deu,sex_m,age_aggregate_y55_64,geo_cov_nat,2002,14.466
deu,sex_m,age_aggregate_y55_64,geo_cov_nat,2003,16.296
deu,sex_m,age_aggregate_y55_64,geo_cov_nat,2004,16.354
deu,sex_m,age_aggregate_y55_64,geo_cov_nat,2005,16.547
deu,sex_m,age_aggregate_y55_64,geo_cov_nat,2006,16.048
deu,sex_m,age_aggregate_y55_64,geo_cov_nat,2007,13.023
deu,sex_m,age_aggregate_y55_64,geo_cov_nat,2008,11.709
deu,sex_m,age_aggregate_y55_64,geo_cov_nat,2009,11.276
deu,sex_m,age_aggregate_y55_64,geo_cov_nat,2010,10.706
deu,sex_m,age_aggregate_y55_64,geo_cov_nat,2011,9.112
deu,sex_m,age_aggregate_y55_64,geo_cov_nat,2012,8.591
deu,sex_m,age_aggregate_y55_64,geo_cov_nat,2013,8.399
deu,sex_m,age_aggregate_y55_64,geo_cov_nat,2014,7.723
deu,sex_m,age_aggregate_y55_64,geo_cov_nat,2015,7.138
deu,sex_m,age_aggregate_y55_64,geo_cov_nat,2016,5.935
deu,sex_m,age_aggregate_y55_64,geo_cov_nat,2017,5.506
deu,sex_m,age_aggregate_y55_64,geo_cov_nat,2018,4.81
deu,sex_m,age_aggregate_y55_64,geo_cov_nat,2019,4.559
deu,sex_m,age_aggregate_y55_64,geo_cov_nat,2020,5.156
deu,sex_m,age_aggregate_y55_64,geo_cov_nat,2021,5.374
deu,sex_m,age_aggregate_y55_64,geo_cov_nat,2022,4.484
deu,sex_m,age_aggregate_y55_64,geo_cov_nat,2023,4.233
deu,sex_m,age_aggregate_y55_64,geo_cov_nat,2024,3.88
deu,sex_m,age_aggregate_y55_64,geo_cov_rur,1998,20.188
deu,sex_m,age_aggregate_y55_64,geo_cov_rur,1999,20.002
deu,sex_m,age_aggregate_y55_64,geo_cov_rur,2000,16.758
deu,sex_m,age_aggregate_y55_64,geo_cov_rur,2001,16.994
deu,sex_m,age_aggregate_y55_64,geo_cov_rur,2002,14.821
deu,sex_m,age_aggregate_y55_64,geo_cov_rur,2003,17.691
deu,sex_m,age_aggregate_y55_64,geo_cov_rur,2004,17.784
deu,sex_m,age_aggregate_y55_64,geo_cov_rur,2005,15.886
deu,sex_m,age_aggregate_y55_64,geo_cov_rur,2006,16.687
deu,sex_m,age_aggregate_y55_64,geo_cov_rur,2007,11.651
deu,sex_m,age_aggregate_y55_64,geo_cov_rur,2008,14.451
deu,sex_m,age_aggregate_y55_64,geo_cov_rur,2009,12.181
deu,sex_m,age_aggregate_y55_64,geo_cov_rur,2010,9.579
deu,sex_m,age_aggregate_y55_64,geo_cov_rur,2011,8.326
deu,sex_m,age_aggregate_y55_64,geo_cov_rur,2012,7.056
deu,sex_m,age_aggregate_y55_64,geo_cov_rur,2013,6.669
deu,sex_m,age_aggregate_y55_64,geo_cov_rur,2014,6.782
deu,sex_m,age_aggregate_y55_64,geo_cov_rur,2015,5.919
deu,sex_m,age_aggregate_y55_64,geo_cov_rur,2016,4.417
deu,sex_m,age_aggregate_y55_64,geo_cov_rur,2017,4.566
deu,sex_m,age_aggregate_y55_64,geo_cov_rur,2018,3.825
deu,sex_m,age_aggregate_y55_64,geo_cov_rur,2019,3.579
deu,sex_m,age_aggregate_y55_64,geo_cov_rur,2020,4.293
deu,sex_m,age_aggregate_y55_64,geo_cov_rur,2021,4.082
deu,sex_m,age_aggregate_y55_64,geo_cov_rur,2022,3.004
deu,sex_m,age_aggregate_y55_64,geo_cov_rur,2023,2.786
deu,sex_m,age_aggregate_y55_64,geo_cov_rur,2024,2.323
deu,sex_m,age_aggregate_y55_64,geo_cov_urb,1998,17.559
deu,sex_m,age_aggregate_y55_64,geo_cov_urb,1999,17.608
deu,sex_m,age_aggregate_y55_64,geo_cov_urb,2000,15.836
deu,sex_m,age_aggregate_y55_64,geo_cov_urb,2001,15.347
deu,sex_m,age_aggregate_y55_64,geo_cov_urb,2002,14.39
deu,sex_m,age_aggregate_y55_64,geo_cov_urb,2003,16.005
deu,sex_m,age_aggregate_y55_64,geo_cov_urb,2004,16.052
deu,sex_m,age_aggregate_y55_64,geo_cov_urb,2005,16.69
deu,sex_m,age_aggregate_y55_64,geo_cov_urb,2006,15.93
deu,sex_m,age_aggregate_y55_64,geo_cov_urb,2007,13.266
deu,sex_m,age_aggregate_y55_64,geo_cov_urb,2008,11.254
deu,sex_m,age_aggregate_y55_64,geo_cov_urb,2009,11.114
deu,sex_m,age_aggregate_y55_64,geo_cov_urb,2010,10.957
deu,sex_m,age_aggregate_y55_64,geo_cov_urb,2011,9.248
deu,sex_m,age_aggregate_y55_64,geo_cov_urb,2012,9.121
deu,sex_m,age_aggregate_y55_64,geo_cov_urb,2013,8.991
deu,sex_m,age_aggregate_y55_64,geo_cov_urb,2014,8.051
deu,sex_m,age_aggregate_y55_64,geo_cov_urb,2015,7.559
deu,sex_m,age_aggregate_y55_64,geo_cov_urb,2016,6.465
deu,sex_m,age_aggregate_y55_64,geo_cov_urb,2017,5.833
deu,sex_m,age_aggregate_y55_64,geo_cov_urb,2018,5.154
deu,sex_m,age_aggregate_y55_64,geo_cov_urb,2019,4.903
deu,sex_m,age_aggregate_y55_64,geo_cov_urb,2020,5.406
deu,sex_m,age_aggregate_y55_64,geo_cov_urb,2021,5.754
deu,sex_m,age_aggregate_y55_64,geo_cov_urb,2022,4.915
deu,sex_m,age_aggregate_y55_64,geo_cov_urb,2023,4.634
deu,sex_m,age_aggregate_y55_64,geo_cov_urb,2024,4.316
deu,sex_m,age_aggregate_yge65,geo_cov_nat,1998,6.918
deu,sex_m,age_aggregate_yge65,geo_cov_nat,1999,6.607
deu,sex_m,age_aggregate_yge65,geo_cov_nat,2000,6.093
deu,sex_m,age_aggregate_yge65,geo_cov_nat,2001,6.423
deu,sex_m,age_aggregate_yge65,geo_cov_nat,2002,6.647
deu,sex_m,age_aggregate_yge65,geo_cov_nat,2003,10.019
deu,sex_m,age_aggregate_yge65,geo_cov_nat,2004,9.586
deu,sex_m,age_aggregate_yge65,geo_cov_nat,2005,13.227
deu,sex_m,age_aggregate_yge65,geo_cov_nat,2006,9.635
deu,sex_m,age_aggregate_yge65,geo_cov_nat,2007,11.64
deu,sex_m,age_aggregate_yge65,geo_cov_nat,2008,9.657
deu,sex_m,age_aggregate_yge65,geo_cov_nat,2009,8.315
deu,sex_m,age_aggregate_yge65,geo_cov_nat,2010,6.089
deu,sex_m,age_aggregate_yge65,geo_cov_nat,2011,7.158
deu,sex_m,age_aggregate_yge65,geo_cov_nat,2012,6.744
deu,sex_m,age_aggregate_yge65,geo_cov_nat,2013,6.233
deu,sex_m,age_aggregate_yge65,geo_cov_nat,2014,5.692
deu,sex_m,age_aggregate_yge65,geo_cov_nat,2015,5.717
deu,sex_m,age_aggregate_yge65,geo_cov_nat,2016,5.094
deu,sex_m,age_aggregate_yge65,geo_cov_nat,2017,4.892
deu,sex_m,age_aggregate_yge65,geo_cov_nat,2018,4.173
deu,sex_m,age_aggregate_yge65,geo_cov_nat,2019,3.745
deu,sex_m,age_aggregate_yge65,geo_cov_nat,2020,11.133
deu,sex_m,age_aggregate_yge65,geo_cov_nat,2021,6.694
deu,sex_m,age_aggregate_yge65,geo_cov_nat,2022,6.523
deu,sex_m,age_aggregate_yge65,geo_cov_nat,2023,5.586
deu,sex_m,age_aggregate_yge65,geo_cov_nat,2024,6.653
deu,sex_m,age_aggregate_yge65,geo_cov_rur,1998,4.184
deu,sex_m,age_aggregate_yge65,geo_cov_rur,1999,5.186
deu,sex_m,age_aggregate_yge65,geo_cov_rur,2000,7.126
deu,sex_m,age_aggregate_yge65,geo_cov_rur,2001,5.359
deu,sex_m,age_aggregate_yge65,geo_cov_rur,2002,2.232
deu,sex_m,age_aggregate_yge65,geo_cov_rur,2003,6.485
deu,sex_m,age_aggregate_yge65,geo_cov_rur,2004,8.974
deu,sex_m,age_aggregate_yge65,geo_cov_rur,2005,11.188
deu,sex_m,age_aggregate_yge65,geo_cov_rur,2007,15.286
deu,sex_m,age_aggregate_yge65,geo_cov_rur,2008,13.878
deu,sex_m,age_aggregate_yge65,geo_cov_rur,2010,9.027
deu,sex_m,age_aggregate_yge65,geo_cov_rur,2011,12.261
deu,sex_m,age_aggregate_yge65,geo_cov_rur,2012,5.53
deu,sex_m,age_aggregate_yge65,geo_cov_rur,2013,5.806
deu,sex_m,age_aggregate_yge65,geo_cov_rur,2014,4.196
deu,sex_m,age_aggregate_yge65,geo_cov_rur,2015,4.891
deu,sex_m,age_aggregate_yge65,geo_cov_rur,2016,3.284
deu,sex_m,age_aggregate_yge65,geo_cov_rur,2017,4.368
deu,sex_m,age_aggregate_yge65,geo_cov_rur,2018,3.071
deu,sex_m,age_aggregate_yge65,geo_cov_rur,2019,2.409
deu,sex_m,age_aggregate_yge65,geo_cov_rur,2020,10.929
deu,sex_m,age_aggregate_yge65,geo_cov_rur,2021,4.166
deu,sex_m,age_aggregate_yge65,geo_cov_rur,2022,5.017
deu,sex_m,age_aggregate_yge65,geo_cov_rur,2023,4.246
deu,sex_m,age_aggregate_yge65,geo_cov_rur,2024,4.964
deu,sex_m,age_aggregate_yge65,geo_cov_urb,1998,7.594
deu,sex_m,age_aggregate_yge65,geo_cov_urb,1999,6.985
deu,sex_m,age_aggregate_yge65,geo_cov_urb,2000,5.834
deu,sex_m,age_aggregate_yge65,geo_cov_urb,2001,6.713
deu,sex_m,age_aggregate_yge65,geo_cov_urb,2002,7.92
deu,sex_m,age_aggregate_yge65,geo_cov_urb,2003,10.898
deu,sex_m,age_aggregate_yge65,geo_cov_urb,2004,9.728
deu,sex_m,age_aggregate_yge65,geo_cov_urb,2005,13.723
deu,sex_m,age_aggregate_yge65,geo_cov_urb,2006,9.753
deu,sex_m,age_aggregate_yge65,geo_cov_urb,2007,10.932
deu,sex_m,age_aggregate_yge65,geo_cov_urb,2008,9.035
deu,sex_m,age_aggregate_yge65,geo_cov_urb,2009,8.521
deu,sex_m,age_aggregate_yge65,geo_cov_urb,2010,5.397
deu,sex_m,age_aggregate_yge65,geo_cov_urb,2011,6.305
deu,sex_m,age_aggregate_yge65,geo_cov_urb,2012,7.147
deu,sex_m,age_aggregate_yge65,geo_cov_urb,2013,6.382
deu,sex_m,age_aggregate_yge65,geo_cov_urb,2014,6.173
deu,sex_m,age_aggregate_yge65,geo_cov_urb,2015,5.991
deu,sex_m,age_aggregate_yge65,geo_cov_urb,2016,5.672
deu,sex_m,age_aggregate_yge65,geo_cov_urb,2017,5.06
deu,sex_m,age_aggregate_yge65,geo_cov_urb,2018,4.545
deu,sex_m,age_aggregate_yge65,geo_cov_urb,2019,4.207
deu,sex_m,age_aggregate_yge65,geo_cov_urb,2020,11.193
deu,sex_m,age_aggregate_yge65,geo_cov_urb,2021,7.371
deu,sex_m,age_aggregate_yge65,geo_cov_urb,2022,6.932
deu,sex_m,age_aggregate_yge65,geo_cov_urb,2023,5.967
deu,sex_m,age_aggregate_yge65,geo_cov_urb,2024,7.143
deu,sex_m,age_ythadult_y15_24,geo_cov_nat,1998,13.164
deu,sex_m,age_ythadult_y15_24,geo_cov_nat,1999,12.048
deu,sex_m,age_ythadult_y15_24,geo_cov_nat,2000,11.68
deu,sex_m,age_ythadult_y15_24,geo_cov_nat,2001,11.318
deu,sex_m,age_ythadult_y15_24,geo_cov_nat,2002,13.455
deu,sex_m,age_ythadult_y15_24,geo_cov_nat,2003,16.258
deu,sex_m,age_ythadult_y15_24,geo_cov_nat,2004,18.468
deu,sex_m,age_ythadult_y15_24,geo_cov_nat,2005,21.439
deu,sex_m,age_ythadult_y15_24,geo_cov_nat,2006,17.914
deu,sex_m,age_ythadult_y15_24,geo_cov_nat,2007,17.099
deu,sex_m,age_ythadult_y15_24,geo_cov_nat,2008,15.182
deu,sex_m,age_ythadult_y15_24,geo_cov_nat,2009,16.628
deu,sex_m,age_ythadult_y15_24,geo_cov_nat,2010,14.901
deu,sex_m,age_ythadult_y15_24,geo_cov_nat,2011,12.979
deu,sex_m,age_ythadult_y15_24,geo_cov_nat,2012,12.094
deu,sex_m,age_ythadult_y15_24,geo_cov_nat,2013,12.083
deu,sex_m,age_ythadult_y15_24,geo_cov_nat,2014,11.075
deu,sex_m,age_ythadult_y15_24,geo_cov_nat,2015,11.848
deu,sex_m,age_ythadult_y15_24,geo_cov_nat,2016,11.979
deu,sex_m,age_ythadult_y15_24,geo_cov_nat,2017,11.652
deu,sex_m,age_ythadult_y15_24,geo_cov_nat,2018,10.789
deu,sex_m,age_ythadult_y15_24,geo_cov_nat,2019,10.051
deu,sex_m,age_ythadult_y15_24,geo_cov_nat,2020,15.581
deu,sex_m,age_ythadult_y15_24,geo_cov_nat,2021,12.603
deu,sex_m,age_ythadult_y15_24,geo_cov_nat,2022,11.546
deu,sex_m,age_ythadult_y15_24,geo_cov_nat,2023,11.615
deu,sex_m,age_ythadult_y15_24,geo_cov_nat,2024,13.751
deu,sex_m,age_ythadult_y15_24,geo_cov_rur,1998,10.255
deu,sex_m,age_ythadult_y15_24,geo_cov_rur,1999,10.52
deu,sex_m,age_ythadult_y15_24,geo_cov_rur,2000,10.714
deu,sex_m,age_ythadult_y15_24,geo_cov_rur,2001,10.438
deu,sex_m,age_ythadult_y15_24,geo_cov_rur,2002,12.147
deu,sex_m,age_ythadult_y15_24,geo_cov_rur,2003,16.003
deu,sex_m,age_ythadult_y15_24,geo_cov_rur,2004,16.507
deu,sex_m,age_ythadult_y15_24,geo_cov_rur,2005,18.949
deu,sex_m,age_ythadult_y15_24,geo_cov_rur,2006,15.852
deu,sex_m,age_ythadult_y15_24,geo_cov_rur,2007,16.367
deu,sex_m,age_ythadult_y15_24,geo_cov_rur,2008,16.361
deu,sex_m,age_ythadult_y15_24,geo_cov_rur,2009,14.501
deu,sex_m,age_ythadult_y15_24,geo_cov_rur,2010,8.94
deu,sex_m,age_ythadult_y15_24,geo_cov_rur,2011,11.038
deu,sex_m,age_ythadult_y15_24,geo_cov_rur,2012,8.83
deu,sex_m,age_ythadult_y15_24,geo_cov_rur,2013,8.719
deu,sex_m,age_ythadult_y15_24,geo_cov_rur,2014,8.146
deu,sex_m,age_ythadult_y15_24,geo_cov_rur,2015,8.192
deu,sex_m,age_ythadult_y15_24,geo_cov_rur,2016,8.516
deu,sex_m,age_ythadult_y15_24,geo_cov_rur,2017,7.516
deu,sex_m,age_ythadult_y15_24,geo_cov_rur,2018,5.922
deu,sex_m,age_ythadult_y15_24,geo_cov_rur,2019,7.043
deu,sex_m,age_ythadult_y15_24,geo_cov_rur,2020,10.565
deu,sex_m,age_ythadult_y15_24,geo_cov_rur,2021,7.779
deu,sex_m,age_ythadult_y15_24,geo_cov_rur,2022,6.833
deu,sex_m,age_ythadult_y15_24,geo_cov_rur,2023,6.901
deu,sex_m,age_ythadult_y15_24,geo_cov_rur,2024,7.842
deu,sex_m,age_ythadult_y15_24,geo_cov_urb,1998,14.084
deu,sex_m,age_ythadult_y15_24,geo_cov_urb,1999,12.509
deu,sex_m,age_ythadult_y15_24,geo_cov_urb,2000,11.964
deu,sex_m,age_ythadult_y15_24,geo_cov_urb,2001,11.578
deu,sex_m,age_ythadult_y15_24,geo_cov_urb,2002,13.844
deu,sex_m,age_ythadult_y15_24,geo_cov_urb,2003,16.335
deu,sex_m,age_ythadult_y15_24,geo_cov_urb,2004,19.043
deu,sex_m,age_ythadult_y15_24,geo_cov_urb,2005,22.128
deu,sex_m,age_ythadult_y15_24,geo_cov_urb,2006,18.425
deu,sex_m,age_ythadult_y15_24,geo_cov_urb,2007,17.253
deu,sex_m,age_ythadult_y15_24,geo_cov_urb,2008,14.923
deu,sex_m,age_ythadult_y15_24,geo_cov_urb,2009,17.035
deu,sex_m,age_ythadult_y15_24,geo_cov_urb,2010,16.113
deu,sex_m,age_ythadult_y15_24,geo_cov_urb,2011,13.335
deu,sex_m,age_ythadult_y15_24,geo_cov_urb,2012,13.169
deu,sex_m,age_ythadult_y15_24,geo_cov_urb,2013,13.161
deu,sex_m,age_ythadult_y15_24,geo_cov_urb,2014,11.992
deu,sex_m,age_ythadult_y15_24,geo_cov_urb,2015,13.012
deu,sex_m,age_ythadult_y15_24,geo_cov_urb,2016,13.087
deu,sex_m,age_ythadult_y15_24,geo_cov_urb,2017,12.956
deu,sex_m,age_ythadult_y15_24,geo_cov_urb,2018,12.271
deu,sex_m,age_ythadult_y15_24,geo_cov_urb,2019,10.972
deu,sex_m,age_ythadult_y15_24,geo_cov_urb,2020,16.816
deu,sex_m,age_ythadult_y15_24,geo_cov_urb,2021,13.804
deu,sex_m,age_ythadult_y15_24,geo_cov_urb,2022,12.722
deu,sex_m,age_ythadult_y15_24,geo_cov_urb,2023,12.662
deu,sex_m,age_ythadult_y15_24,geo_cov_urb,2024,15.184
deu,sex_m,age_ythadult_y15_64,geo_cov_nat,1998,11.1
deu,sex_m,age_ythadult_y15_64,geo_cov_nat,1999,10.496
deu,sex_m,age_ythadult_y15_64,geo_cov_nat,2000,9.502
deu,sex_m,age_ythadult_y15_64,geo_cov_nat,2001,9.651
deu,sex_m,age_ythadult_y15_64,geo_cov_nat,2002,10.611
deu,sex_m,age_ythadult_y15_64,geo_cov_nat,2003,12.182
deu,sex_m,age_ythadult_y15_64,geo_cov_nat,2004,13.208
deu,sex_m,age_ythadult_y15_64,geo_cov_nat,2005,13.8
deu,sex_m,age_ythadult_y15_64,geo_cov_nat,2006,12.491
deu,sex_m,age_ythadult_y15_64,geo_cov_nat,2007,10.993
deu,sex_m,age_ythadult_y15_64,geo_cov_nat,2008,9.63
deu,sex_m,age_ythadult_y15_64,geo_cov_nat,2009,10.319
deu,sex_m,age_ythadult_y15_64,geo_cov_nat,2010,9.134
deu,sex_m,age_ythadult_y15_64,geo_cov_nat,2011,7.869
deu,sex_m,age_ythadult_y15_64,geo_cov_nat,2012,7.252
deu,sex_m,age_ythadult_y15_64,geo_cov_nat,2013,7.364
deu,sex_m,age_ythadult_y15_64,geo_cov_nat,2014,6.997
deu,sex_m,age_ythadult_y15_64,geo_cov_nat,2015,6.725
deu,sex_m,age_ythadult_y15_64,geo_cov_nat,2016,6.357
deu,sex_m,age_ythadult_y15_64,geo_cov_nat,2017,6.025
deu,sex_m,age_ythadult_y15_64,geo_cov_nat,2018,5.547
deu,sex_m,age_ythadult_y15_64,geo_cov_nat,2019,5.182
deu,sex_m,age_ythadult_y15_64,geo_cov_nat,2020,6.789
deu,sex_m,age_ythadult_y15_64,geo_cov_nat,2021,6.225
deu,sex_m,age_ythadult_y15_64,geo_cov_nat,2022,5.571
deu,sex_m,age_ythadult_y15_64,geo_cov_nat,2023,5.39
deu,sex_m,age_ythadult_y15_64,geo_cov_nat,2024,5.852
deu,sex_m,age_ythadult_y15_64,geo_cov_rur,1998,10.395
deu,sex_m,age_ythadult_y15_64,geo_cov_rur,1999,10.411
deu,sex_m,age_ythadult_y15_64,geo_cov_rur,2000,9.452
deu,sex_m,age_ythadult_y15_64,geo_cov_rur,2001,10.205
deu,sex_m,age_ythadult_y15_64,geo_cov_rur,2002,11.152
deu,sex_m,age_ythadult_y15_64,geo_cov_rur,2003,12.445
deu,sex_m,age_ythadult_y15_64,geo_cov_rur,2004,13.8
deu,sex_m,age_ythadult_y15_64,geo_cov_rur,2005,13.477
deu,sex_m,age_ythadult_y15_64,geo_cov_rur,2006,12.329
deu,sex_m,age_ythadult_y15_64,geo_cov_rur,2007,10.277
deu,sex_m,age_ythadult_y15_64,geo_cov_rur,2008,9.581
deu,sex_m,age_ythadult_y15_64,geo_cov_rur,2009,8.471
deu,sex_m,age_ythadult_y15_64,geo_cov_rur,2010,8.45
deu,sex_m,age_ythadult_y15_64,geo_cov_rur,2011,7.619
deu,sex_m,age_ythadult_y15_64,geo_cov_rur,2012,5.154
deu,sex_m,age_ythadult_y15_64,geo_cov_rur,2013,5.215
deu,sex_m,age_ythadult_y15_64,geo_cov_rur,2014,4.981
deu,sex_m,age_ythadult_y15_64,geo_cov_rur,2015,4.759
deu,sex_m,age_ythadult_y15_64,geo_cov_rur,2016,4.305
deu,sex_m,age_ythadult_y15_64,geo_cov_rur,2017,4.068
deu,sex_m,age_ythadult_y15_64,geo_cov_rur,2018,3.425
deu,sex_m,age_ythadult_y15_64,geo_cov_rur,2019,3.515
deu,sex_m,age_ythadult_y15_64,geo_cov_rur,2020,4.546
deu,sex_m,age_ythadult_y15_64,geo_cov_rur,2021,3.676
deu,sex_m,age_ythadult_y15_64,geo_cov_rur,2022,3.056
deu,sex_m,age_ythadult_y15_64,geo_cov_rur,2023,3.379
deu,sex_m,age_ythadult_y15_64,geo_cov_rur,2024,3.416
deu,sex_m,age_ythadult_y15_64,geo_cov_urb,1998,11.271
deu,sex_m,age_ythadult_y15_64,geo_cov_urb,1999,10.516
deu,sex_m,age_ythadult_y15_64,geo_cov_urb,2000,9.514
deu,sex_m,age_ythadult_y15_64,geo_cov_urb,2001,9.518
deu,sex_m,age_ythadult_y15_64,geo_cov_urb,2002,10.48
deu,sex_m,age_ythadult_y15_64,geo_cov_urb,2003,12.119
deu,sex_m,age_ythadult_y15_64,geo_cov_urb,2004,13.067
deu,sex_m,age_ythadult_y15_64,geo_cov_urb,2005,13.877
deu,sex_m,age_ythadult_y15_64,geo_cov_urb,2006,12.522
deu,sex_m,age_ythadult_y15_64,geo_cov_urb,2007,11.123
deu,sex_m,age_ythadult_y15_64,geo_cov_urb,2008,9.639
deu,sex_m,age_ythadult_y15_64,geo_cov_urb,2009,10.629
deu,sex_m,age_ythadult_y15_64,geo_cov_urb,2010,9.263
deu,sex_m,age_ythadult_y15_64,geo_cov_urb,2011,7.913
deu,sex_m,age_ythadult_y15_64,geo_cov_urb,2012,7.896
deu,sex_m,age_ythadult_y15_64,geo_cov_urb,2013,8.018
deu,sex_m,age_ythadult_y15_64,geo_cov_urb,2014,7.609
deu,sex_m,age_ythadult_y15_64,geo_cov_urb,2015,7.314
deu,sex_m,age_ythadult_y15_64,geo_cov_urb,2016,6.969
deu,sex_m,age_ythadult_y15_64,geo_cov_urb,2017,6.601
deu,sex_m,age_ythadult_y15_64,geo_cov_urb,2018,6.17
deu,sex_m,age_ythadult_y15_64,geo_cov_urb,2019,5.675
deu,sex_m,age_ythadult_y15_64,geo_cov_urb,2020,7.356
deu,sex_m,age_ythadult_y15_64,geo_cov_urb,2021,6.864
deu,sex_m,age_ythadult_y15_64,geo_cov_urb,2022,6.196
deu,sex_m,age_ythadult_y15_64,geo_cov_urb,2023,5.861
deu,sex_m,age_ythadult_y15_64,geo_cov_urb,2024,6.421
deu,sex_m,age_ythadult_yge15,geo_cov_nat,1998,11.057
deu,sex_m,age_ythadult_yge15,geo_cov_nat,1999,10.456
deu,sex_m,age_ythadult_yge15,geo_cov_nat,2000,9.464
deu,sex_m,age_ythadult_yge15,geo_cov_nat,2001,9.614
deu,sex_m,age_ythadult_yge15,geo_cov_nat,2002,10.563
deu,sex_m,age_ythadult_yge15,geo_cov_nat,2003,12.155
deu,sex_m,age_ythadult_yge15,geo_cov_nat,2004,13.159
deu,sex_m,age_ythadult_yge15,geo_cov_nat,2005,13.791
deu,sex_m,age_ythadult_yge15,geo_cov_nat,2006,12.444
deu,sex_m,age_ythadult_yge15,geo_cov_nat,2007,11.003
deu,sex_m,age_ythadult_yge15,geo_cov_nat,2008,9.631
deu,sex_m,age_ythadult_yge15,geo_cov_nat,2009,10.278
deu,sex_m,age_ythadult_yge15,geo_cov_nat,2010,9.07
deu,sex_m,age_ythadult_yge15,geo_cov_nat,2011,7.853
deu,sex_m,age_ythadult_yge15,geo_cov_nat,2012,7.239
deu,sex_m,age_ythadult_yge15,geo_cov_nat,2013,7.335
deu,sex_m,age_ythadult_yge15,geo_cov_nat,2014,6.961
deu,sex_m,age_ythadult_yge15,geo_cov_nat,2015,6.695
deu,sex_m,age_ythadult_yge15,geo_cov_nat,2016,6.318
deu,sex_m,age_ythadult_yge15,geo_cov_nat,2017,5.988
deu,sex_m,age_ythadult_yge15,geo_cov_nat,2018,5.499
deu,sex_m,age_ythadult_yge15,geo_cov_nat,2019,5.132
deu,sex_m,age_ythadult_yge15,geo_cov_nat,2020,6.949
deu,sex_m,age_ythadult_yge15,geo_cov_nat,2021,6.242
deu,sex_m,age_ythadult_yge15,geo_cov_nat,2022,5.611
deu,sex_m,age_ythadult_yge15,geo_cov_nat,2023,5.398
deu,sex_m,age_ythadult_yge15,geo_cov_nat,2024,5.888
deu,sex_m,age_ythadult_yge15,geo_cov_rur,1998,10.331
deu,sex_m,age_ythadult_yge15,geo_cov_rur,1999,10.353
deu,sex_m,age_ythadult_yge15,geo_cov_rur,2000,9.424
deu,sex_m,age_ythadult_yge15,geo_cov_rur,2001,10.144
deu,sex_m,age_ythadult_yge15,geo_cov_rur,2002,11.029
deu,sex_m,age_ythadult_yge15,geo_cov_rur,2003,12.369
deu,sex_m,age_ythadult_yge15,geo_cov_rur,2004,13.735
deu,sex_m,age_ythadult_yge15,geo_cov_rur,2005,13.44
deu,sex_m,age_ythadult_yge15,geo_cov_rur,2006,12.285
deu,sex_m,age_ythadult_yge15,geo_cov_rur,2007,10.364
deu,sex_m,age_ythadult_yge15,geo_cov_rur,2008,9.652
deu,sex_m,age_ythadult_yge15,geo_cov_rur,2009,8.443
deu,sex_m,age_ythadult_yge15,geo_cov_rur,2010,8.464
deu,sex_m,age_ythadult_yge15,geo_cov_rur,2011,7.721
deu,sex_m,age_ythadult_yge15,geo_cov_rur,2012,5.164
deu,sex_m,age_ythadult_yge15,geo_cov_rur,2013,5.232
deu,sex_m,age_ythadult_yge15,geo_cov_rur,2014,4.958
deu,sex_m,age_ythadult_yge15,geo_cov_rur,2015,4.764
deu,sex_m,age_ythadult_yge15,geo_cov_rur,2016,4.272
deu,sex_m,age_ythadult_yge15,geo_cov_rur,2017,4.078
deu,sex_m,age_ythadult_yge15,geo_cov_rur,2018,3.412
deu,sex_m,age_ythadult_yge15,geo_cov_rur,2019,3.471
deu,sex_m,age_ythadult_yge15,geo_cov_rur,2020,4.811
deu,sex_m,age_ythadult_yge15,geo_cov_rur,2021,3.696
deu,sex_m,age_ythadult_yge15,geo_cov_rur,2022,3.144
deu,sex_m,age_ythadult_yge15,geo_cov_rur,2023,3.421
deu,sex_m,age_ythadult_yge15,geo_cov_rur,2024,3.498
deu,sex_m,age_ythadult_yge15,geo_cov_urb,1998,11.234
deu,sex_m,age_ythadult_yge15,geo_cov_urb,1999,10.481
deu,sex_m,age_ythadult_yge15,geo_cov_urb,2000,9.474
deu,sex_m,age_ythadult_yge15,geo_cov_urb,2001,9.487
deu,sex_m,age_ythadult_yge15,geo_cov_urb,2002,10.45
deu,sex_m,age_ythadult_yge15,geo_cov_urb,2003,12.104
deu,sex_m,age_ythadult_yge15,geo_cov_urb,2004,13.021
deu,sex_m,age_ythadult_yge15,geo_cov_urb,2005,13.874
deu,sex_m,age_ythadult_yge15,geo_cov_urb,2006,12.474
deu,sex_m,age_ythadult_yge15,geo_cov_urb,2007,11.12
deu,sex_m,age_ythadult_yge15,geo_cov_urb,2008,9.627
deu,sex_m,age_ythadult_yge15,geo_cov_urb,2009,10.586
deu,sex_m,age_ythadult_yge15,geo_cov_urb,2010,9.185
deu,sex_m,age_ythadult_yge15,geo_cov_urb,2011,7.876
deu,sex_m,age_ythadult_yge15,geo_cov_urb,2012,7.878
deu,sex_m,age_ythadult_yge15,geo_cov_urb,2013,7.977
deu,sex_m,age_ythadult_yge15,geo_cov_urb,2014,7.569
deu,sex_m,age_ythadult_yge15,geo_cov_urb,2015,7.276
deu,sex_m,age_ythadult_yge15,geo_cov_urb,2016,6.93
deu,sex_m,age_ythadult_yge15,geo_cov_urb,2017,6.552
deu,sex_m,age_ythadult_yge15,geo_cov_urb,2018,6.116
deu,sex_m,age_ythadult_yge15,geo_cov_urb,2019,5.625
deu,sex_m,age_ythadult_yge15,geo_cov_urb,2020,7.492
deu,sex_m,age_ythadult_yge15,geo_cov_urb,2021,6.883
deu,sex_m,age_ythadult_yge15,geo_cov_urb,2022,6.226
deu,sex_m,age_ythadult_yge15,geo_cov_urb,2023,5.866
deu,sex_m,age_ythadult_yge15,geo_cov_urb,2024,6.452
deu,sex_m,age_ythadult_yge25,geo_cov_nat,1998,10.806
deu,sex_m,age_ythadult_yge25,geo_cov_nat,1999,10.266
deu,sex_m,age_ythadult_yge25,geo_cov_nat,2000,9.193
deu,sex_m,age_ythadult_yge25,geo_cov_nat,2001,9.405
deu,sex_m,age_ythadult_yge25,geo_cov_nat,2002,10.209
deu,sex_m,age_ythadult_yge25,geo_cov_nat,2003,11.654
deu,sex_m,age_ythadult_yge25,geo_cov_nat,2004,12.509
deu,sex_m,age_ythadult_yge25,geo_cov_nat,2005,12.758
deu,sex_m,age_ythadult_yge25,geo_cov_nat,2006,11.709
deu,sex_m,age_ythadult_yge25,geo_cov_nat,2007,10.174
deu,sex_m,age_ythadult_yge25,geo_cov_nat,2008,8.888
deu,sex_m,age_ythadult_yge25,geo_cov_nat,2009,9.445
deu,sex_m,age_ythadult_yge25,geo_cov_nat,2010,8.325
deu,sex_m,age_ythadult_yge25,geo_cov_nat,2011,7.215
deu,sex_m,age_ythadult_yge25,geo_cov_nat,2012,6.653
deu,sex_m,age_ythadult_yge25,geo_cov_nat,2013,6.771
deu,sex_m,age_ythadult_yge25,geo_cov_nat,2014,6.489
deu,sex_m,age_ythadult_yge25,geo_cov_nat,2015,6.126
deu,sex_m,age_ythadult_yge25,geo_cov_nat,2016,5.684
deu,sex_m,age_ythadult_yge25,geo_cov_nat,2017,5.353
deu,sex_m,age_ythadult_yge25,geo_cov_nat,2018,4.903
deu,sex_m,age_ythadult_yge25,geo_cov_nat,2019,4.567
deu,sex_m,age_ythadult_yge25,geo_cov_nat,2020,5.915
deu,sex_m,age_ythadult_yge25,geo_cov_nat,2021,5.492
deu,sex_m,age_ythadult_yge25,geo_cov_nat,2022,4.911
deu,sex_m,age_ythadult_yge25,geo_cov_nat,2023,4.653
deu,sex_m,age_ythadult_yge25,geo_cov_nat,2024,4.932
deu,sex_m,age_ythadult_yge25,geo_cov_rur,1998,10.342
deu,sex_m,age_ythadult_yge25,geo_cov_rur,1999,10.328
deu,sex_m,age_ythadult_yge25,geo_cov_rur,2000,9.232
deu,sex_m,age_ythadult_yge25,geo_cov_rur,2001,10.101
deu,sex_m,age_ythadult_yge25,geo_cov_rur,2002,10.865
deu,sex_m,age_ythadult_yge25,geo_cov_rur,2003,11.819
deu,sex_m,age_ythadult_yge25,geo_cov_rur,2004,13.329
deu,sex_m,age_ythadult_yge25,geo_cov_rur,2005,12.583
deu,sex_m,age_ythadult_yge25,geo_cov_rur,2006,11.669
deu,sex_m,age_ythadult_yge25,geo_cov_rur,2007,9.429
deu,sex_m,age_ythadult_yge25,geo_cov_rur,2008,8.535
deu,sex_m,age_ythadult_yge25,geo_cov_rur,2009,7.541
deu,sex_m,age_ythadult_yge25,geo_cov_rur,2010,8.4
deu,sex_m,age_ythadult_yge25,geo_cov_rur,2011,7.288
deu,sex_m,age_ythadult_yge25,geo_cov_rur,2012,4.695
deu,sex_m,age_ythadult_yge25,geo_cov_rur,2013,4.8
deu,sex_m,age_ythadult_yge25,geo_cov_rur,2014,4.584
deu,sex_m,age_ythadult_yge25,geo_cov_rur,2015,4.366
deu,sex_m,age_ythadult_yge25,geo_cov_rur,2016,3.768
deu,sex_m,age_ythadult_yge25,geo_cov_rur,2017,3.671
deu,sex_m,age_ythadult_yge25,geo_cov_rur,2018,3.121
deu,sex_m,age_ythadult_yge25,geo_cov_rur,2019,3.051
deu,sex_m,age_ythadult_yge25,geo_cov_rur,2020,4.142
deu,sex_m,age_ythadult_yge25,geo_cov_rur,2021,3.219
deu,sex_m,age_ythadult_yge25,geo_cov_rur,2022,2.709
deu,sex_m,age_ythadult_yge25,geo_cov_rur,2023,3.027
deu,sex_m,age_ythadult_yge25,geo_cov_rur,2024,2.957
deu,sex_m,age_ythadult_yge25,geo_cov_urb,1998,10.915
deu,sex_m,age_ythadult_yge25,geo_cov_urb,1999,10.252
deu,sex_m,age_ythadult_yge25,geo_cov_urb,2000,9.184
deu,sex_m,age_ythadult_yge25,geo_cov_urb,2001,9.243
deu,sex_m,age_ythadult_yge25,geo_cov_urb,2002,10.055
deu,sex_m,age_ythadult_yge25,geo_cov_urb,2003,11.615
deu,sex_m,age_ythadult_yge25,geo_cov_urb,2004,12.318
deu,sex_m,age_ythadult_yge25,geo_cov_urb,2005,12.799
deu,sex_m,age_ythadult_yge25,geo_cov_urb,2006,11.716
deu,sex_m,age_ythadult_yge25,geo_cov_urb,2007,10.307
deu,sex_m,age_ythadult_yge25,geo_cov_urb,2008,8.948
deu,sex_m,age_ythadult_yge25,geo_cov_urb,2009,9.759
deu,sex_m,age_ythadult_yge25,geo_cov_urb,2010,8.311
deu,sex_m,age_ythadult_yge25,geo_cov_urb,2011,7.202
deu,sex_m,age_ythadult_yge25,geo_cov_urb,2012,7.251
deu,sex_m,age_ythadult_yge25,geo_cov_urb,2013,7.369
deu,sex_m,age_ythadult_yge25,geo_cov_urb,2014,7.066
deu,sex_m,age_ythadult_yge25,geo_cov_urb,2015,6.652
deu,sex_m,age_ythadult_yge25,geo_cov_urb,2016,6.252
deu,sex_m,age_ythadult_yge25,geo_cov_urb,2017,5.846
deu,sex_m,age_ythadult_yge25,geo_cov_urb,2018,5.428
deu,sex_m,age_ythadult_yge25,geo_cov_urb,2019,5.016
deu,sex_m,age_ythadult_yge25,geo_cov_urb,2020,6.368
deu,sex_m,age_ythadult_yge25,geo_cov_urb,2021,6.064
deu,sex_m,age_ythadult_yge25,geo_cov_urb,2022,5.46
deu,sex_m,age_ythadult_yge25,geo_cov_urb,2023,5.04
deu,sex_m,age_ythadult_yge25,geo_cov_urb,2024,5.396
deu,sex_t,age_aggregate_total,geo_cov_nat,1998,12.031
deu,sex_t,age_aggregate_total,geo_cov_nat,1999,11.18
deu,sex_t,age_aggregate_total,geo_cov_nat,2000,10.193
deu,sex_t,age_aggregate_total,geo_cov_nat,2001,10.051
deu,sex_t,age_aggregate_total,geo_cov_nat,2002,10.769
deu,sex_t,age_aggregate_total,geo_cov_nat,2003,12.209
deu,sex_t,age_aggregate_total,geo_cov_nat,2004,13.089
deu,sex_t,age_aggregate_total,geo_cov_nat,2005,14.392
deu,sex_t,age_aggregate_total,geo_cov_nat,2006,13.256
deu,sex_t,age_aggregate_total,geo_cov_nat,2007,11.765
deu,sex_t,age_aggregate_total,geo_cov_nat,2008,10.376
deu,sex_t,age_aggregate_total,geo_cov_nat,2009,10.316
deu,sex_t,age_aggregate_total,geo_cov_nat,2010,9.129
deu,sex_t,age_aggregate_total,geo_cov_nat,2011,8.192
deu,sex_t,age_aggregate_total,geo_cov_nat,2012,7.484
deu,sex_t,age_aggregate_total,geo_cov_nat,2013,7.372
deu,sex_t,age_aggregate_total,geo_cov_nat,2014,6.947
deu,sex_t,age_aggregate_total,geo_cov_nat,2015,6.624
deu,sex_t,age_aggregate_total,geo_cov_nat,2016,6.146
deu,sex_t,age_aggregate_total,geo_cov_nat,2017,5.748
deu,sex_t,age_aggregate_total,geo_cov_nat,2018,5.203
deu,sex_t,age_aggregate_total,geo_cov_nat,2019,4.927
deu,sex_t,age_aggregate_total,geo_cov_nat,2020,7.017
deu,sex_t,age_aggregate_total,geo_cov_nat,2021,5.995
deu,sex_t,age_aggregate_total,geo_cov_nat,2022,5.532
deu,sex_t,age_aggregate_total,geo_cov_nat,2023,5.425
deu,sex_t,age_aggregate_total,geo_cov_nat,2024,5.873
deu,sex_t,age_aggregate_total,geo_cov_rur,1998,12.543
deu,sex_t,age_aggregate_total,geo_cov_rur,1999,12.007
deu,sex_t,age_aggregate_total,geo_cov_rur,2000,11.152
deu,sex_t,age_aggregate_total,geo_cov_rur,2001,11.189
deu,sex_t,age_aggregate_total,geo_cov_rur,2002,12.096
deu,sex_t,age_aggregate_total,geo_cov_rur,2003,13.022
deu,sex_t,age_aggregate_total,geo_cov_rur,2004,14.126
deu,sex_t,age_aggregate_total,geo_cov_rur,2005,14.51
deu,sex_t,age_aggregate_total,geo_cov_rur,2006,12.944
deu,sex_t,age_aggregate_total,geo_cov_rur,2007,12.104
deu,sex_t,age_aggregate_total,geo_cov_rur,2008,10.912
deu,sex_t,age_aggregate_total,geo_cov_rur,2009,9.627
deu,sex_t,age_aggregate_total,geo_cov_rur,2010,8.618
deu,sex_t,age_aggregate_total,geo_cov_rur,2011,7.593
deu,sex_t,age_aggregate_total,geo_cov_rur,2012,5.824
deu,sex_t,age_aggregate_total,geo_cov_rur,2013,5.584
deu,sex_t,age_aggregate_total,geo_cov_rur,2014,5.196
deu,sex_t,age_aggregate_total,geo_cov_rur,2015,4.991
deu,sex_t,age_aggregate_total,geo_cov_rur,2016,4.516
deu,sex_t,age_aggregate_total,geo_cov_rur,2017,4.201
deu,sex_t,age_aggregate_total,geo_cov_rur,2018,3.525
deu,sex_t,age_aggregate_total,geo_cov_rur,2019,3.439
deu,sex_t,age_aggregate_total,geo_cov_rur,2020,5.006
deu,sex_t,age_aggregate_total,geo_cov_rur,2021,3.8
deu,sex_t,age_aggregate_total,geo_cov_rur,2022,3.466
deu,sex_t,age_aggregate_total,geo_cov_rur,2023,3.547
deu,sex_t,age_aggregate_total,geo_cov_rur,2024,3.839
deu,sex_t,age_aggregate_total,geo_cov_urb,1998,11.907
deu,sex_t,age_aggregate_total,geo_cov_urb,1999,10.982
deu,sex_t,age_aggregate_total,geo_cov_urb,2000,9.968
deu,sex_t,age_aggregate_total,geo_cov_urb,2001,9.779
deu,sex_t,age_aggregate_total,geo_cov_urb,2002,10.449
deu,sex_t,age_aggregate_total,geo_cov_urb,2003,12.016
deu,sex_t,age_aggregate_total,geo_cov_urb,2004,12.843
deu,sex_t,age_aggregate_total,geo_cov_urb,2005,14.365
deu,sex_t,age_aggregate_total,geo_cov_urb,2006,13.315
deu,sex_t,age_aggregate_total,geo_cov_urb,2007,11.704
deu,sex_t,age_aggregate_total,geo_cov_urb,2008,10.284
deu,sex_t,age_aggregate_total,geo_cov_urb,2009,10.431
deu,sex_t,age_aggregate_total,geo_cov_urb,2010,9.224
deu,sex_t,age_aggregate_total,geo_cov_urb,2011,8.295
deu,sex_t,age_aggregate_total,geo_cov_urb,2012,7.983
deu,sex_t,age_aggregate_total,geo_cov_urb,2013,7.905
deu,sex_t,age_aggregate_total,geo_cov_urb,2014,7.467
deu,sex_t,age_aggregate_total,geo_cov_urb,2015,7.106
deu,sex_t,age_aggregate_total,geo_cov_urb,2016,6.628
deu,sex_t,age_aggregate_total,geo_cov_urb,2017,6.203
deu,sex_t,age_aggregate_total,geo_cov_urb,2018,5.697
deu,sex_t,age_aggregate_total,geo_cov_urb,2019,5.364
deu,sex_t,age_aggregate_total,geo_cov_urb,2020,7.526
deu,sex_t,age_aggregate_total,geo_cov_urb,2021,6.546
deu,sex_t,age_aggregate_total,geo_cov_urb,2022,6.051
deu,sex_t,age_aggregate_total,geo_cov_urb,2023,5.868
deu,sex_t,age_aggregate_total,geo_cov_urb,2024,6.356
deu,sex_t,age_aggregate_y15_24,geo_cov_nat,1998,12.571
deu,sex_t,age_aggregate_y15_24,geo_cov_nat,1999,11.553
deu,sex_t,age_aggregate_y15_24,geo_cov_nat,2000,11.039
deu,sex_t,age_aggregate_y15_24,geo_cov_nat,2001,10.505
deu,sex_t,age_aggregate_y15_24,geo_cov_nat,2002,12.085
deu,sex_t,age_aggregate_y15_24,geo_cov_nat,2003,14.37
deu,sex_t,age_aggregate_y15_24,geo_cov_nat,2004,16.497
deu,sex_t,age_aggregate_y15_24,geo_cov_nat,2005,21.08
deu,sex_t,age_aggregate_y15_24,geo_cov_nat,2006,18.584
deu,sex_t,age_aggregate_y15_24,geo_cov_nat,2007,16.884
deu,sex_t,age_aggregate_y15_24,geo_cov_nat,2008,15.57
deu,sex_t,age_aggregate_y15_24,geo_cov_nat,2009,16.008
deu,sex_t,age_aggregate_y15_24,geo_cov_nat,2010,14.266
deu,sex_t,age_aggregate_y15_24,geo_cov_nat,2011,13.061
deu,sex_t,age_aggregate_y15_24,geo_cov_nat,2012,12.043
deu,sex_t,age_aggregate_y15_24,geo_cov_nat,2013,11.561
deu,sex_t,age_aggregate_y15_24,geo_cov_nat,2014,11.124
deu,sex_t,age_aggregate_y15_24,geo_cov_nat,2015,11.236
deu,sex_t,age_aggregate_y15_24,geo_cov_nat,2016,11.237
deu,sex_t,age_aggregate_y15_24,geo_cov_nat,2017,10.752
deu,sex_t,age_aggregate_y15_24,geo_cov_nat,2018,9.906
deu,sex_t,age_aggregate_y15_24,geo_cov_nat,2019,9.431
deu,sex_t,age_aggregate_y15_24,geo_cov_nat,2020,16.131
deu,sex_t,age_aggregate_y15_24,geo_cov_nat,2021,12.549
deu,sex_t,age_aggregate_y15_24,geo_cov_nat,2022,11.745
deu,sex_t,age_aggregate_y15_24,geo_cov_nat,2023,11.355
deu,sex_t,age_aggregate_y15_24,geo_cov_nat,2024,13.184
deu,sex_t,age_aggregate_y15_24,geo_cov_rur,1998,10.306
deu,sex_t,age_aggregate_y15_24,geo_cov_rur,1999,10.314
deu,sex_t,age_aggregate_y15_24,geo_cov_rur,2000,10.065
deu,sex_t,age_aggregate_y15_24,geo_cov_rur,2001,9.452
deu,sex_t,age_aggregate_y15_24,geo_cov_rur,2002,11.377
deu,sex_t,age_aggregate_y15_24,geo_cov_rur,2003,14.199
deu,sex_t,age_aggregate_y15_24,geo_cov_rur,2004,15.292
deu,sex_t,age_aggregate_y15_24,geo_cov_rur,2005,19.754
deu,sex_t,age_aggregate_y15_24,geo_cov_rur,2006,16.8
deu,sex_t,age_aggregate_y15_24,geo_cov_rur,2007,16.264
deu,sex_t,age_aggregate_y15_24,geo_cov_rur,2008,16.296
deu,sex_t,age_aggregate_y15_24,geo_cov_rur,2009,13.486
deu,sex_t,age_aggregate_y15_24,geo_cov_rur,2010,10.376
deu,sex_t,age_aggregate_y15_24,geo_cov_rur,2011,10.469
deu,sex_t,age_aggregate_y15_24,geo_cov_rur,2012,9.32
deu,sex_t,age_aggregate_y15_24,geo_cov_rur,2013,8.515
deu,sex_t,age_aggregate_y15_24,geo_cov_rur,2014,8.466
deu,sex_t,age_aggregate_y15_24,geo_cov_rur,2015,8.244
deu,sex_t,age_aggregate_y15_24,geo_cov_rur,2016,8.744
deu,sex_t,age_aggregate_y15_24,geo_cov_rur,2017,7.632
deu,sex_t,age_aggregate_y15_24,geo_cov_rur,2018,6.396
deu,sex_t,age_aggregate_y15_24,geo_cov_rur,2019,6.659
deu,sex_t,age_aggregate_y15_24,geo_cov_rur,2020,11.826
deu,sex_t,age_aggregate_y15_24,geo_cov_rur,2021,8.461
deu,sex_t,age_aggregate_y15_24,geo_cov_rur,2022,7.635
deu,sex_t,age_aggregate_y15_24,geo_cov_rur,2023,7.97
deu,sex_t,age_aggregate_y15_24,geo_cov_rur,2024,9.719
deu,sex_t,age_aggregate_y15_24,geo_cov_urb,1998,13.257
deu,sex_t,age_aggregate_y15_24,geo_cov_urb,1999,11.908
deu,sex_t,age_aggregate_y15_24,geo_cov_urb,2000,11.312
deu,sex_t,age_aggregate_y15_24,geo_cov_urb,2001,10.803
deu,sex_t,age_aggregate_y15_24,geo_cov_urb,2002,12.284
deu,sex_t,age_aggregate_y15_24,geo_cov_urb,2003,14.418
deu,sex_t,age_aggregate_y15_24,geo_cov_urb,2004,16.827
deu,sex_t,age_aggregate_y15_24,geo_cov_urb,2005,21.424
deu,sex_t,age_aggregate_y15_24,geo_cov_urb,2006,18.969
deu,sex_t,age_aggregate_y15_24,geo_cov_urb,2007,17.011
deu,sex_t,age_aggregate_y15_24,geo_cov_urb,2008,15.433
deu,sex_t,age_aggregate_y15_24,geo_cov_urb,2009,16.458
deu,sex_t,age_aggregate_y15_24,geo_cov_urb,2010,15.021
deu,sex_t,age_aggregate_y15_24,geo_cov_urb,2011,13.488
deu,sex_t,age_aggregate_y15_24,geo_cov_urb,2012,12.855
deu,sex_t,age_aggregate_y15_24,geo_cov_urb,2013,12.456
deu,sex_t,age_aggregate_y15_24,geo_cov_urb,2014,11.903
deu,sex_t,age_aggregate_y15_24,geo_cov_urb,2015,12.131
deu,sex_t,age_aggregate_y15_24,geo_cov_urb,2016,11.981
deu,sex_t,age_aggregate_y15_24,geo_cov_urb,2017,11.674
deu,sex_t,age_aggregate_y15_24,geo_cov_urb,2018,10.934
deu,sex_t,age_aggregate_y15_24,geo_cov_urb,2019,10.238
deu,sex_t,age_aggregate_y15_24,geo_cov_urb,2020,17.155
deu,sex_t,age_aggregate_y15_24,geo_cov_urb,2021,13.52
deu,sex_t,age_aggregate_y15_24,geo_cov_urb,2022,12.766
deu,sex_t,age_aggregate_y15_24,geo_cov_urb,2023,12.092
deu,sex_t,age_aggregate_y15_24,geo_cov_urb,2024,13.959
deu,sex_t,age_aggregate_y25_54,geo_cov_nat,1998,10.658
deu,sex_t,age_aggregate_y25_54,geo_cov_nat,1999,9.816
deu,sex_t,age_aggregate_y25_54,geo_cov_nat,2000,8.88
deu,sex_t,age_aggregate_y25_54,geo_cov_nat,2001,8.944
deu,sex_t,age_aggregate_y25_54,geo_cov_nat,2002,9.859
deu,sex_t,age_aggregate_y25_54,geo_cov_nat,2003,11.13
deu,sex_t,age_aggregate_y25_54,geo_cov_nat,2004,11.993
deu,sex_t,age_aggregate_y25_54,geo_cov_nat,2005,12.753
deu,sex_t,age_aggregate_y25_54,geo_cov_nat,2006,11.805
deu,sex_t,age_aggregate_y25_54,geo_cov_nat,2007,10.47
deu,sex_t,age_aggregate_y25_54,geo_cov_nat,2008,9.196
deu,sex_t,age_aggregate_y25_54,geo_cov_nat,2009,9.182
deu,sex_t,age_aggregate_y25_54,geo_cov_nat,2010,8.041
deu,sex_t,age_aggregate_y25_54,geo_cov_nat,2011,7.093
deu,sex_t,age_aggregate_y25_54,geo_cov_nat,2012,6.527
deu,sex_t,age_aggregate_y25_54,geo_cov_nat,2013,6.53
deu,sex_t,age_aggregate_y25_54,geo_cov_nat,2014,6.23
deu,sex_t,age_aggregate_y25_54,geo_cov_nat,2015,5.933
deu,sex_t,age_aggregate_y25_54,geo_cov_nat,2016,5.503
deu,sex_t,age_aggregate_y25_54,geo_cov_nat,2017,5.164
deu,sex_t,age_aggregate_y25_54,geo_cov_nat,2018,4.717
deu,sex_t,age_aggregate_y25_54,geo_cov_nat,2019,4.471
deu,sex_t,age_aggregate_y25_54,geo_cov_nat,2020,6.001
deu,sex_t,age_aggregate_y25_54,geo_cov_nat,2021,5.257
deu,sex_t,age_aggregate_y25_54,geo_cov_nat,2022,4.911
deu,sex_t,age_aggregate_y25_54,geo_cov_nat,2023,4.877
deu,sex_t,age_aggregate_y25_54,geo_cov_nat,2024,5.321
deu,sex_t,age_aggregate_y25_54,geo_cov_rur,1998,11.351
deu,sex_t,age_aggregate_y25_54,geo_cov_rur,1999,10.778
deu,sex_t,age_aggregate_y25_54,geo_cov_rur,2000,10.114
deu,sex_t,age_aggregate_y25_54,geo_cov_rur,2001,10.437
deu,sex_t,age_aggregate_y25_54,geo_cov_rur,2002,11.514
deu,sex_t,age_aggregate_y25_54,geo_cov_rur,2003,12.047
deu,sex_t,age_aggregate_y25_54,geo_cov_rur,2004,13.312
deu,sex_t,age_aggregate_y25_54,geo_cov_rur,2005,13.115
deu,sex_t,age_aggregate_y25_54,geo_cov_rur,2006,11.837
deu,sex_t,age_aggregate_y25_54,geo_cov_rur,2007,10.621
deu,sex_t,age_aggregate_y25_54,geo_cov_rur,2008,9.2
deu,sex_t,age_aggregate_y25_54,geo_cov_rur,2009,8.317
deu,sex_t,age_aggregate_y25_54,geo_cov_rur,2010,7.924
deu,sex_t,age_aggregate_y25_54,geo_cov_rur,2011,6.801
deu,sex_t,age_aggregate_y25_54,geo_cov_rur,2012,4.883
deu,sex_t,age_aggregate_y25_54,geo_cov_rur,2013,4.732
deu,sex_t,age_aggregate_y25_54,geo_cov_rur,2014,4.284
deu,sex_t,age_aggregate_y25_54,geo_cov_rur,2015,4.196
deu,sex_t,age_aggregate_y25_54,geo_cov_rur,2016,3.858
deu,sex_t,age_aggregate_y25_54,geo_cov_rur,2017,3.559
deu,sex_t,age_aggregate_y25_54,geo_cov_rur,2018,3.036
deu,sex_t,age_aggregate_y25_54,geo_cov_rur,2019,2.929
deu,sex_t,age_aggregate_y25_54,geo_cov_rur,2020,3.934
deu,sex_t,age_aggregate_y25_54,geo_cov_rur,2021,3.048
deu,sex_t,age_aggregate_y25_54,geo_cov_rur,2022,2.796
deu,sex_t,age_aggregate_y25_54,geo_cov_rur,2023,2.978
deu,sex_t,age_aggregate_y25_54,geo_cov_rur,2024,3.157
deu,sex_t,age_aggregate_y25_54,geo_cov_urb,1998,10.493
deu,sex_t,age_aggregate_y25_54,geo_cov_urb,1999,9.588
deu,sex_t,age_aggregate_y25_54,geo_cov_urb,2000,8.593
deu,sex_t,age_aggregate_y25_54,geo_cov_urb,2001,8.592
deu,sex_t,age_aggregate_y25_54,geo_cov_urb,2002,9.463
deu,sex_t,age_aggregate_y25_54,geo_cov_urb,2003,10.913
deu,sex_t,age_aggregate_y25_54,geo_cov_urb,2004,11.68
deu,sex_t,age_aggregate_y25_54,geo_cov_urb,2005,12.668
deu,sex_t,age_aggregate_y25_54,geo_cov_urb,2006,11.799
deu,sex_t,age_aggregate_y25_54,geo_cov_urb,2007,10.443
deu,sex_t,age_aggregate_y25_54,geo_cov_urb,2008,9.195
deu,sex_t,age_aggregate_y25_54,geo_cov_urb,2009,9.323
deu,sex_t,age_aggregate_y25_54,geo_cov_urb,2010,8.062
deu,sex_t,age_aggregate_y25_54,geo_cov_urb,2011,7.143
deu,sex_t,age_aggregate_y25_54,geo_cov_urb,2012,7.01
deu,sex_t,age_aggregate_y25_54,geo_cov_urb,2013,7.052
deu,sex_t,age_aggregate_y25_54,geo_cov_urb,2014,6.79
deu,sex_t,age_aggregate_y25_54,geo_cov_urb,2015,6.427
deu,sex_t,age_aggregate_y25_54,geo_cov_urb,2016,5.969
deu,sex_t,age_aggregate_y25_54,geo_cov_urb,2017,5.612
deu,sex_t,age_aggregate_y25_54,geo_cov_urb,2018,5.187
deu,sex_t,age_aggregate_y25_54,geo_cov_urb,2019,4.9
deu,sex_t,age_aggregate_y25_54,geo_cov_urb,2020,6.503
deu,sex_t,age_aggregate_y25_54,geo_cov_urb,2021,5.784
deu,sex_t,age_aggregate_y25_54,geo_cov_urb,2022,5.411
deu,sex_t,age_aggregate_y25_54,geo_cov_urb,2023,5.3
deu,sex_t,age_aggregate_y25_54,geo_cov_urb,2024,5.799
deu,sex_t,age_aggregate_y55_64,geo_cov_nat,1998,19.6
deu,sex_t,age_aggregate_y55_64,geo_cov_nat,1999,18.843
deu,sex_t,age_aggregate_y55_64,geo_cov_nat,2000,17.374
deu,sex_t,age_aggregate_y55_64,geo_cov_nat,2001,16.673
deu,sex_t,age_aggregate_y55_64,geo_cov_nat,2002,15.438
deu,sex_t,age_aggregate_y55_64,geo_cov_nat,2003,16.943
deu,sex_t,age_aggregate_y55_64,geo_cov_nat,2004,16.864
deu,sex_t,age_aggregate_y55_64,geo_cov_nat,2005,17.531
deu,sex_t,age_aggregate_y55_64,geo_cov_nat,2006,16.703
deu,sex_t,age_aggregate_y55_64,geo_cov_nat,2007,14.162
deu,sex_t,age_aggregate_y55_64,geo_cov_nat,2008,12.034
deu,sex_t,age_aggregate_y55_64,geo_cov_nat,2009,11.487
deu,sex_t,age_aggregate_y55_64,geo_cov_nat,2010,10.598
deu,sex_t,age_aggregate_y55_64,geo_cov_nat,2011,9.662
deu,sex_t,age_aggregate_y55_64,geo_cov_nat,2012,8.543
deu,sex_t,age_aggregate_y55_64,geo_cov_nat,2013,8.243
deu,sex_t,age_aggregate_y55_64,geo_cov_nat,2014,7.42
deu,sex_t,age_aggregate_y55_64,geo_cov_nat,2015,6.783
deu,sex_t,age_aggregate_y55_64,geo_cov_nat,2016,5.834
deu,sex_t,age_aggregate_y55_64,geo_cov_nat,2017,5.246
deu,sex_t,age_aggregate_y55_64,geo_cov_nat,2018,4.565
deu,sex_t,age_aggregate_y55_64,geo_cov_nat,2019,4.312
deu,sex_t,age_aggregate_y55_64,geo_cov_nat,2020,5.061
deu,sex_t,age_aggregate_y55_64,geo_cov_nat,2021,4.99
deu,sex_t,age_aggregate_y55_64,geo_cov_nat,2022,4.272
deu,sex_t,age_aggregate_y55_64,geo_cov_nat,2023,4.117
deu,sex_t,age_aggregate_y55_64,geo_cov_nat,2024,3.889
deu,sex_t,age_aggregate_y55_64,geo_cov_rur,1998,22.935
deu,sex_t,age_aggregate_y55_64,geo_cov_rur,1999,21.989
deu,sex_t,age_aggregate_y55_64,geo_cov_rur,2000,19.496
deu,sex_t,age_aggregate_y55_64,geo_cov_rur,2001,18.758
deu,sex_t,age_aggregate_y55_64,geo_cov_rur,2002,17.879
deu,sex_t,age_aggregate_y55_64,geo_cov_rur,2003,19.05
deu,sex_t,age_aggregate_y55_64,geo_cov_rur,2004,18.817
deu,sex_t,age_aggregate_y55_64,geo_cov_rur,2005,17.566
deu,sex_t,age_aggregate_y55_64,geo_cov_rur,2006,15.645
deu,sex_t,age_aggregate_y55_64,geo_cov_rur,2007,15.71
deu,sex_t,age_aggregate_y55_64,geo_cov_rur,2008,14.51
deu,sex_t,age_aggregate_y55_64,geo_cov_rur,2009,12.868
deu,sex_t,age_aggregate_y55_64,geo_cov_rur,2010,10.223
deu,sex_t,age_aggregate_y55_64,geo_cov_rur,2011,8.774
deu,sex_t,age_aggregate_y55_64,geo_cov_rur,2012,7.373
deu,sex_t,age_aggregate_y55_64,geo_cov_rur,2013,7.016
deu,sex_t,age_aggregate_y55_64,geo_cov_rur,2014,6.749
deu,sex_t,age_aggregate_y55_64,geo_cov_rur,2015,6.09
deu,sex_t,age_aggregate_y55_64,geo_cov_rur,2016,4.644
deu,sex_t,age_aggregate_y55_64,geo_cov_rur,2017,4.49
deu,sex_t,age_aggregate_y55_64,geo_cov_rur,2018,3.687
deu,sex_t,age_aggregate_y55_64,geo_cov_rur,2019,3.499
deu,sex_t,age_aggregate_y55_64,geo_cov_rur,2020,4.258
deu,sex_t,age_aggregate_y55_64,geo_cov_rur,2021,3.731
deu,sex_t,age_aggregate_y55_64,geo_cov_rur,2022,3.101
deu,sex_t,age_aggregate_y55_64,geo_cov_rur,2023,3.127
deu,sex_t,age_aggregate_y55_64,geo_cov_rur,2024,2.811
deu,sex_t,age_aggregate_y55_64,geo_cov_urb,1998,18.884
deu,sex_t,age_aggregate_y55_64,geo_cov_urb,1999,18.162
deu,sex_t,age_aggregate_y55_64,geo_cov_urb,2000,16.934
deu,sex_t,age_aggregate_y55_64,geo_cov_urb,2001,16.227
deu,sex_t,age_aggregate_y55_64,geo_cov_urb,2002,14.916
deu,sex_t,age_aggregate_y55_64,geo_cov_urb,2003,16.516
deu,sex_t,age_aggregate_y55_64,geo_cov_urb,2004,16.459
deu,sex_t,age_aggregate_y55_64,geo_cov_urb,2005,17.523
deu,sex_t,age_aggregate_y55_64,geo_cov_urb,2006,16.893
deu,sex_t,age_aggregate_y55_64,geo_cov_urb,2007,13.888
deu,sex_t,age_aggregate_y55_64,geo_cov_urb,2008,11.637
deu,sex_t,age_aggregate_y55_64,geo_cov_urb,2009,11.243
deu,sex_t,age_aggregate_y55_64,geo_cov_urb,2010,10.676
deu,sex_t,age_aggregate_y55_64,geo_cov_urb,2011,9.817
deu,sex_t,age_aggregate_y55_64,geo_cov_urb,2012,8.927
deu,sex_t,age_aggregate_y55_64,geo_cov_urb,2013,8.649
deu,sex_t,age_aggregate_y55_64,geo_cov_urb,2014,7.641
deu,sex_t,age_aggregate_y55_64,geo_cov_urb,2015,7.013
deu,sex_t,age_aggregate_y55_64,geo_cov_urb,2016,6.237
deu,sex_t,age_aggregate_y55_64,geo_cov_urb,2017,5.506
deu,sex_t,age_aggregate_y55_64,geo_cov_urb,2018,4.865
deu,sex_t,age_aggregate_y55_64,geo_cov_urb,2019,4.592
deu,sex_t,age_aggregate_y55_64,geo_cov_urb,2020,5.291
deu,sex_t,age_aggregate_y55_64,geo_cov_urb,2021,5.358
deu,sex_t,age_aggregate_y55_64,geo_cov_urb,2022,4.617
deu,sex_t,age_aggregate_y55_64,geo_cov_urb,2023,4.392
deu,sex_t,age_aggregate_y55_64,geo_cov_urb,2024,4.195
deu,sex_t,age_aggregate_yge65,geo_cov_nat,1998,7.383
deu,sex_t,age_aggregate_yge65,geo_cov_nat,1999,7.674
deu,sex_t,age_aggregate_yge65,geo_cov_nat,2000,7.39
deu,sex_t,age_aggregate_yge65,geo_cov_nat,2001,7.245
deu,sex_t,age_aggregate_yge65,geo_cov_nat,2002,8.16
deu,sex_t,age_aggregate_yge65,geo_cov_nat,2003,10.617
deu,sex_t,age_aggregate_yge65,geo_cov_nat,2004,9.803
deu,sex_t,age_aggregate_yge65,geo_cov_nat,2005,14.002
deu,sex_t,age_aggregate_yge65,geo_cov_nat,2006,10.99
deu,sex_t,age_aggregate_yge65,geo_cov_nat,2007,11.549
deu,sex_t,age_aggregate_yge65,geo_cov_nat,2008,10.277
deu,sex_t,age_aggregate_yge65,geo_cov_nat,2009,8.493
deu,sex_t,age_aggregate_yge65,geo_cov_nat,2010,7.81
deu,sex_t,age_aggregate_yge65,geo_cov_nat,2011,8.079
deu,sex_t,age_aggregate_yge65,geo_cov_nat,2012,7.968
deu,sex_t,age_aggregate_yge65,geo_cov_nat,2013,7.11
deu,sex_t,age_aggregate_yge65,geo_cov_nat,2014,6.294
deu,sex_t,age_aggregate_yge65,geo_cov_nat,2015,6.29
deu,sex_t,age_aggregate_yge65,geo_cov_nat,2016,5.806
deu,sex_t,age_aggregate_yge65,geo_cov_nat,2017,5.49
deu,sex_t,age_aggregate_yge65,geo_cov_nat,2018,4.707
deu,sex_t,age_aggregate_yge65,geo_cov_nat,2019,4.169
deu,sex_t,age_aggregate_yge65,geo_cov_nat,2020,10.492
deu,sex_t,age_aggregate_yge65,geo_cov_nat,2021,6.231
deu,sex_t,age_aggregate_yge65,geo_cov_nat,2022,6.195
deu,sex_t,age_aggregate_yge65,geo_cov_nat,2023,5.797
deu,sex_t,age_aggregate_yge65,geo_cov_nat,2024,6.052
deu,sex_t,age_aggregate_yge65,geo_cov_rur,1998,4.369
deu,sex_t,age_aggregate_yge65,geo_cov_rur,1999,4.391
deu,sex_t,age_aggregate_yge65,geo_cov_rur,2000,6.431
deu,sex_t,age_aggregate_yge65,geo_cov_rur,2001,5.918
deu,sex_t,age_aggregate_yge65,geo_cov_rur,2002,3.947
deu,sex_t,age_aggregate_yge65,geo_cov_rur,2003,6.52
deu,sex_t,age_aggregate_yge65,geo_cov_rur,2004,8.33
deu,sex_t,age_aggregate_yge65,geo_cov_rur,2005,12.386
deu,sex_t,age_aggregate_yge65,geo_cov_rur,2007,13.537
deu,sex_t,age_aggregate_yge65,geo_cov_rur,2008,14.332
deu,sex_t,age_aggregate_yge65,geo_cov_rur,2010,9.243
deu,sex_t,age_aggregate_yge65,geo_cov_rur,2011,10.928
deu,sex_t,age_aggregate_yge65,geo_cov_rur,2012,6.077
deu,sex_t,age_aggregate_yge65,geo_cov_rur,2013,6
deu,sex_t,age_aggregate_yge65,geo_cov_rur,2014,4.591
deu,sex_t,age_aggregate_yge65,geo_cov_rur,2015,4.562
deu,sex_t,age_aggregate_yge65,geo_cov_rur,2016,3.966
deu,sex_t,age_aggregate_yge65,geo_cov_rur,2017,4.548
deu,sex_t,age_aggregate_yge65,geo_cov_rur,2018,3.294
deu,sex_t,age_aggregate_yge65,geo_cov_rur,2019,3.018
deu,sex_t,age_aggregate_yge65,geo_cov_rur,2020,9.42
deu,sex_t,age_aggregate_yge65,geo_cov_rur,2021,4.203
deu,sex_t,age_aggregate_yge65,geo_cov_rur,2022,5.168
deu,sex_t,age_aggregate_yge65,geo_cov_rur,2023,3.872
deu,sex_t,age_aggregate_yge65,geo_cov_rur,2024,5.288
deu,sex_t,age_aggregate_yge65,geo_cov_urb,1998,8.125
deu,sex_t,age_aggregate_yge65,geo_cov_urb,1999,8.595
deu,sex_t,age_aggregate_yge65,geo_cov_urb,2000,7.627
deu,sex_t,age_aggregate_yge65,geo_cov_urb,2001,7.611
deu,sex_t,age_aggregate_yge65,geo_cov_urb,2002,9.432
deu,sex_t,age_aggregate_yge65,geo_cov_urb,2003,11.658
deu,sex_t,age_aggregate_yge65,geo_cov_urb,2004,10.141
deu,sex_t,age_aggregate_yge65,geo_cov_urb,2005,14.401
deu,sex_t,age_aggregate_yge65,geo_cov_urb,2006,11.494
deu,sex_t,age_aggregate_yge65,geo_cov_urb,2007,11.152
deu,sex_t,age_aggregate_yge65,geo_cov_urb,2008,9.561
deu,sex_t,age_aggregate_yge65,geo_cov_urb,2009,8.817
deu,sex_t,age_aggregate_yge65,geo_cov_urb,2010,7.471
deu,sex_t,age_aggregate_yge65,geo_cov_urb,2011,7.619
deu,sex_t,age_aggregate_yge65,geo_cov_urb,2012,8.577
deu,sex_t,age_aggregate_yge65,geo_cov_urb,2013,7.481
deu,sex_t,age_aggregate_yge65,geo_cov_urb,2014,6.828
deu,sex_t,age_aggregate_yge65,geo_cov_urb,2015,6.844
deu,sex_t,age_aggregate_yge65,geo_cov_urb,2016,6.385
deu,sex_t,age_aggregate_yge65,geo_cov_urb,2017,5.786
deu,sex_t,age_aggregate_yge65,geo_cov_urb,2018,5.168
deu,sex_t,age_aggregate_yge65,geo_cov_urb,2019,4.547
deu,sex_t,age_aggregate_yge65,geo_cov_urb,2020,10.807
deu,sex_t,age_aggregate_yge65,geo_cov_urb,2021,6.78
deu,sex_t,age_aggregate_yge65,geo_cov_urb,2022,6.456
deu,sex_t,age_aggregate_yge65,geo_cov_urb,2023,6.322
deu,sex_t,age_aggregate_yge65,geo_cov_urb,2024,6.271
deu,sex_t,age_ythadult_y15_24,geo_cov_nat,1998,12.571
deu,sex_t,age_ythadult_y15_24,geo_cov_nat,1999,11.553
deu,sex_t,age_ythadult_y15_24,geo_cov_nat,2000,11.039
deu,sex_t,age_ythadult_y15_24,geo_cov_nat,2001,10.505
deu,sex_t,age_ythadult_y15_24,geo_cov_nat,2002,12.085
deu,sex_t,age_ythadult_y15_24,geo_cov_nat,2003,14.37
deu,sex_t,age_ythadult_y15_24,geo_cov_nat,2004,16.497
deu,sex_t,age_ythadult_y15_24,geo_cov_nat,2005,21.08
deu,sex_t,age_ythadult_y15_24,geo_cov_nat,2006,18.584
deu,sex_t,age_ythadult_y15_24,geo_cov_nat,2007,16.884
deu,sex_t,age_ythadult_y15_24,geo_cov_nat,2008,15.57
deu,sex_t,age_ythadult_y15_24,geo_cov_nat,2009,16.008
deu,sex_t,age_ythadult_y15_24,geo_cov_nat,2010,14.266
deu,sex_t,age_ythadult_y15_24,geo_cov_nat,2011,13.061
deu,sex_t,age_ythadult_y15_24,geo_cov_nat,2012,12.043
deu,sex_t,age_ythadult_y15_24,geo_cov_nat,2013,11.561
deu,sex_t,age_ythadult_y15_24,geo_cov_nat,2014,11.124
deu,sex_t,age_ythadult_y15_24,geo_cov_nat,2015,11.236
deu,sex_t,age_ythadult_y15_24,geo_cov_nat,2016,11.237
deu,sex_t,age_ythadult_y15_24,geo_cov_nat,2017,10.752
deu,sex_t,age_ythadult_y15_24,geo_cov_nat,2018,9.906
deu,sex_t,age_ythadult_y15_24,geo_cov_nat,2019,9.431
deu,sex_t,age_ythadult_y15_24,geo_cov_nat,2020,16.131
deu,sex_t,age_ythadult_y15_24,geo_cov_nat,2021,12.549
deu,sex_t,age_ythadult_y15_24,geo_cov_nat,2022,11.745
deu,sex_t,age_ythadult_y15_24,geo_cov_nat,2023,11.355
deu,sex_t,age_ythadult_y15_24,geo_cov_nat,2024,13.184
deu,sex_t,age_ythadult_y15_24,geo_cov_rur,1998,10.306
deu,sex_t,age_ythadult_y15_24,geo_cov_rur,1999,10.314
deu,sex_t,age_ythadult_y15_24,geo_cov_rur,2000,10.065
deu,sex_t,age_ythadult_y15_24,geo_cov_rur,2001,9.452
deu,sex_t,age_ythadult_y15_24,geo_cov_rur,2002,11.377
deu,sex_t,age_ythadult_y15_24,geo_cov_rur,2003,14.199
deu,sex_t,age_ythadult_y15_24,geo_cov_rur,2004,15.292
deu,sex_t,age_ythadult_y15_24,geo_cov_rur,2005,19.754
deu,sex_t,age_ythadult_y15_24,geo_cov_rur,2006,16.8
deu,sex_t,age_ythadult_y15_24,geo_cov_rur,2007,16.264
deu,sex_t,age_ythadult_y15_24,geo_cov_rur,2008,16.296
deu,sex_t,age_ythadult_y15_24,geo_cov_rur,2009,13.486
deu,sex_t,age_ythadult_y15_24,geo_cov_rur,2010,10.376
deu,sex_t,age_ythadult_y15_24,geo_cov_rur,2011,10.469
deu,sex_t,age_ythadult_y15_24,geo_cov_rur,2012,9.32
deu,sex_t,age_ythadult_y15_24,geo_cov_rur,2013,8.515
deu,sex_t,age_ythadult_y15_24,geo_cov_rur,2014,8.466
deu,sex_t,age_ythadult_y15_24,geo_cov_rur,2015,8.244
deu,sex_t,age_ythadult_y15_24,geo_cov_rur,2016,8.744
deu,sex_t,age_ythadult_y15_24,geo_cov_rur,2017,7.632
deu,sex_t,age_ythadult_y15_24,geo_cov_rur,2018,6.396
deu,sex_t,age_ythadult_y15_24,geo_cov_rur,2019,6.659
deu,sex_t,age_ythadult_y15_24,geo_cov_rur,2020,11.826
deu,sex_t,age_ythadult_y15_24,geo_cov_rur,2021,8.461
deu,sex_t,age_ythadult_y15_24,geo_cov_rur,2022,7.635
deu,sex_t,age_ythadult_y15_24,geo_cov_rur,2023,7.97
deu,sex_t,age_ythadult_y15_24,geo_cov_rur,2024,9.719
deu,sex_t,age_ythadult_y15_24,geo_cov_urb,1998,13.257
deu,sex_t,age_ythadult_y15_24,geo_cov_urb,1999,11.908
deu,sex_t,age_ythadult_y15_24,geo_cov_urb,2000,11.312
deu,sex_t,age_ythadult_y15_24,geo_cov_urb,2001,10.803
deu,sex_t,age_ythadult_y15_24,geo_cov_urb,2002,12.284
deu,sex_t,age_ythadult_y15_24,geo_cov_urb,2003,14.418
deu,sex_t,age_ythadult_y15_24,geo_cov_urb,2004,16.827
deu,sex_t,age_ythadult_y15_24,geo_cov_urb,2005,21.424
deu,sex_t,age_ythadult_y15_24,geo_cov_urb,2006,18.969
deu,sex_t,age_ythadult_y15_24,geo_cov_urb,2007,17.011
deu,sex_t,age_ythadult_y15_24,geo_cov_urb,2008,15.433
deu,sex_t,age_ythadult_y15_24,geo_cov_urb,2009,16.458
deu,sex_t,age_ythadult_y15_24,geo_cov_urb,2010,15.021
deu,sex_t,age_ythadult_y15_24,geo_cov_urb,2011,13.488
deu,sex_t,age_ythadult_y15_24,geo_cov_urb,2012,12.855
deu,sex_t,age_ythadult_y15_24,geo_cov_urb,2013,12.456
deu,sex_t,age_ythadult_y15_24,geo_cov_urb,2014,11.903
deu,sex_t,age_ythadult_y15_24,geo_cov_urb,2015,12.131
deu,sex_t,age_ythadult_y15_24,geo_cov_urb,2016,11.981
deu,sex_t,age_ythadult_y15_24,geo_cov_urb,2017,11.674
deu,sex_t,age_ythadult_y15_24,geo_cov_urb,2018,10.934
deu,sex_t,age_ythadult_y15_24,geo_cov_urb,2019,10.238
deu,sex_t,age_ythadult_y15_24,geo_cov_urb,2020,17.155
deu,sex_t,age_ythadult_y15_24,geo_cov_urb,2021,13.52
deu,sex_t,age_ythadult_y15_24,geo_cov_urb,2022,12.766
deu,sex_t,age_ythadult_y15_24,geo_cov_urb,2023,12.092
deu,sex_t,age_ythadult_y15_24,geo_cov_urb,2024,13.959
deu,sex_t,age_ythadult_y15_64,geo_cov_nat,1998,12.074
deu,sex_t,age_ythadult_y15_64,geo_cov_nat,1999,11.213
deu,sex_t,age_ythadult_y15_64,geo_cov_nat,2000,10.219
deu,sex_t,age_ythadult_y15_64,geo_cov_nat,2001,10.08
deu,sex_t,age_ythadult_y15_64,geo_cov_nat,2002,10.798
deu,sex_t,age_ythadult_y15_64,geo_cov_nat,2003,12.227
deu,sex_t,age_ythadult_y15_64,geo_cov_nat,2004,13.129
deu,sex_t,age_ythadult_y15_64,geo_cov_nat,2005,14.398
deu,sex_t,age_ythadult_y15_64,geo_cov_nat,2006,13.29
deu,sex_t,age_ythadult_y15_64,geo_cov_nat,2007,11.769
deu,sex_t,age_ythadult_y15_64,geo_cov_nat,2008,10.378
deu,sex_t,age_ythadult_y15_64,geo_cov_nat,2009,10.348
deu,sex_t,age_ythadult_y15_64,geo_cov_nat,2010,9.152
deu,sex_t,age_ythadult_y15_64,geo_cov_nat,2011,8.194
deu,sex_t,age_ythadult_y15_64,geo_cov_nat,2012,7.474
deu,sex_t,age_ythadult_y15_64,geo_cov_nat,2013,7.378
deu,sex_t,age_ythadult_y15_64,geo_cov_nat,2014,6.963
deu,sex_t,age_ythadult_y15_64,geo_cov_nat,2015,6.633
deu,sex_t,age_ythadult_y15_64,geo_cov_nat,2016,6.155
deu,sex_t,age_ythadult_y15_64,geo_cov_nat,2017,5.756
deu,sex_t,age_ythadult_y15_64,geo_cov_nat,2018,5.218
deu,sex_t,age_ythadult_y15_64,geo_cov_nat,2019,4.951
deu,sex_t,age_ythadult_y15_64,geo_cov_nat,2020,6.9
deu,sex_t,age_ythadult_y15_64,geo_cov_nat,2021,5.987
deu,sex_t,age_ythadult_y15_64,geo_cov_nat,2022,5.506
deu,sex_t,age_ythadult_y15_64,geo_cov_nat,2023,5.41
deu,sex_t,age_ythadult_y15_64,geo_cov_nat,2024,5.866
deu,sex_t,age_ythadult_y15_64,geo_cov_rur,1998,12.62
deu,sex_t,age_ythadult_y15_64,geo_cov_rur,1999,12.087
deu,sex_t,age_ythadult_y15_64,geo_cov_rur,2000,11.198
deu,sex_t,age_ythadult_y15_64,geo_cov_rur,2001,11.25
deu,sex_t,age_ythadult_y15_64,geo_cov_rur,2002,12.203
deu,sex_t,age_ythadult_y15_64,geo_cov_rur,2003,13.099
deu,sex_t,age_ythadult_y15_64,geo_cov_rur,2004,14.194
deu,sex_t,age_ythadult_y15_64,geo_cov_rur,2005,14.542
deu,sex_t,age_ythadult_y15_64,geo_cov_rur,2006,13.007
deu,sex_t,age_ythadult_y15_64,geo_cov_rur,2007,12.081
deu,sex_t,age_ythadult_y15_64,geo_cov_rur,2008,10.853
deu,sex_t,age_ythadult_y15_64,geo_cov_rur,2009,9.679
deu,sex_t,age_ythadult_y15_64,geo_cov_rur,2010,8.604
deu,sex_t,age_ythadult_y15_64,geo_cov_rur,2011,7.53
deu,sex_t,age_ythadult_y15_64,geo_cov_rur,2012,5.819
deu,sex_t,age_ythadult_y15_64,geo_cov_rur,2013,5.574
deu,sex_t,age_ythadult_y15_64,geo_cov_rur,2014,5.211
deu,sex_t,age_ythadult_y15_64,geo_cov_rur,2015,5.003
deu,sex_t,age_ythadult_y15_64,geo_cov_rur,2016,4.532
deu,sex_t,age_ythadult_y15_64,geo_cov_rur,2017,4.19
deu,sex_t,age_ythadult_y15_64,geo_cov_rur,2018,3.533
deu,sex_t,age_ythadult_y15_64,geo_cov_rur,2019,3.454
deu,sex_t,age_ythadult_y15_64,geo_cov_rur,2020,4.838
deu,sex_t,age_ythadult_y15_64,geo_cov_rur,2021,3.785
deu,sex_t,age_ythadult_y15_64,geo_cov_rur,2022,3.4
deu,sex_t,age_ythadult_y15_64,geo_cov_rur,2023,3.532
deu,sex_t,age_ythadult_y15_64,geo_cov_rur,2024,3.767
deu,sex_t,age_ythadult_y15_64,geo_cov_urb,1998,11.942
deu,sex_t,age_ythadult_y15_64,geo_cov_urb,1999,11.003
deu,sex_t,age_ythadult_y15_64,geo_cov_urb,2000,9.99
deu,sex_t,age_ythadult_y15_64,geo_cov_urb,2001,9.8
deu,sex_t,age_ythadult_y15_64,geo_cov_urb,2002,10.459
deu,sex_t,age_ythadult_y15_64,geo_cov_urb,2003,12.02
deu,sex_t,age_ythadult_y15_64,geo_cov_urb,2004,12.876
deu,sex_t,age_ythadult_y15_64,geo_cov_urb,2005,14.364
deu,sex_t,age_ythadult_y15_64,geo_cov_urb,2006,13.343
deu,sex_t,age_ythadult_y15_64,geo_cov_urb,2007,11.712
deu,sex_t,age_ythadult_y15_64,geo_cov_urb,2008,10.296
deu,sex_t,age_ythadult_y15_64,geo_cov_urb,2009,10.46
deu,sex_t,age_ythadult_y15_64,geo_cov_urb,2010,9.254
deu,sex_t,age_ythadult_y15_64,geo_cov_urb,2011,8.308
deu,sex_t,age_ythadult_y15_64,geo_cov_urb,2012,7.97
deu,sex_t,age_ythadult_y15_64,geo_cov_urb,2013,7.915
deu,sex_t,age_ythadult_y15_64,geo_cov_urb,2014,7.482
deu,sex_t,age_ythadult_y15_64,geo_cov_urb,2015,7.113
deu,sex_t,age_ythadult_y15_64,geo_cov_urb,2016,6.635
deu,sex_t,age_ythadult_y15_64,geo_cov_urb,2017,6.215
deu,sex_t,age_ythadult_y15_64,geo_cov_urb,2018,5.713
deu,sex_t,age_ythadult_y15_64,geo_cov_urb,2019,5.39
deu,sex_t,age_ythadult_y15_64,geo_cov_urb,2020,7.419
deu,sex_t,age_ythadult_y15_64,geo_cov_urb,2021,6.538
deu,sex_t,age_ythadult_y15_64,geo_cov_urb,2022,6.035
deu,sex_t,age_ythadult_y15_64,geo_cov_urb,2023,5.851
deu,sex_t,age_ythadult_y15_64,geo_cov_urb,2024,6.359
deu,sex_t,age_ythadult_yge15,geo_cov_nat,1998,12.031
deu,sex_t,age_ythadult_yge15,geo_cov_nat,1999,11.18
deu,sex_t,age_ythadult_yge15,geo_cov_nat,2000,10.193
deu,sex_t,age_ythadult_yge15,geo_cov_nat,2001,10.051
deu,sex_t,age_ythadult_yge15,geo_cov_nat,2002,10.769
deu,sex_t,age_ythadult_yge15,geo_cov_nat,2003,12.209
deu,sex_t,age_ythadult_yge15,geo_cov_nat,2004,13.089
deu,sex_t,age_ythadult_yge15,geo_cov_nat,2005,14.392
deu,sex_t,age_ythadult_yge15,geo_cov_nat,2006,13.256
deu,sex_t,age_ythadult_yge15,geo_cov_nat,2007,11.765
deu,sex_t,age_ythadult_yge15,geo_cov_nat,2008,10.376
deu,sex_t,age_ythadult_yge15,geo_cov_nat,2009,10.316
deu,sex_t,age_ythadult_yge15,geo_cov_nat,2010,9.129
deu,sex_t,age_ythadult_yge15,geo_cov_nat,2011,8.192
deu,sex_t,age_ythadult_yge15,geo_cov_nat,2012,7.484
deu,sex_t,age_ythadult_yge15,geo_cov_nat,2013,7.372
deu,sex_t,age_ythadult_yge15,geo_cov_nat,2014,6.947
deu,sex_t,age_ythadult_yge15,geo_cov_nat,2015,6.624
deu,sex_t,age_ythadult_yge15,geo_cov_nat,2016,6.146
deu,sex_t,age_ythadult_yge15,geo_cov_nat,2017,5.748
deu,sex_t,age_ythadult_yge15,geo_cov_nat,2018,5.203
deu,sex_t,age_ythadult_yge15,geo_cov_nat,2019,4.927
deu,sex_t,age_ythadult_yge15,geo_cov_nat,2020,7.017
deu,sex_t,age_ythadult_yge15,geo_cov_nat,2021,5.995
deu,sex_t,age_ythadult_yge15,geo_cov_nat,2022,5.532
deu,sex_t,age_ythadult_yge15,geo_cov_nat,2023,5.425
deu,sex_t,age_ythadult_yge15,geo_cov_nat,2024,5.873
deu,sex_t,age_ythadult_yge15,geo_cov_rur,1998,12.543
deu,sex_t,age_ythadult_yge15,geo_cov_rur,1999,12.007
deu,sex_t,age_ythadult_yge15,geo_cov_rur,2000,11.152
deu,sex_t,age_ythadult_yge15,geo_cov_rur,2001,11.189
deu,sex_t,age_ythadult_yge15,geo_cov_rur,2002,12.096
deu,sex_t,age_ythadult_yge15,geo_cov_rur,2003,13.022
deu,sex_t,age_ythadult_yge15,geo_cov_rur,2004,14.126
deu,sex_t,age_ythadult_yge15,geo_cov_rur,2005,14.51
deu,sex_t,age_ythadult_yge15,geo_cov_rur,2006,12.944
deu,sex_t,age_ythadult_yge15,geo_cov_rur,2007,12.104
deu,sex_t,age_ythadult_yge15,geo_cov_rur,2008,10.912
deu,sex_t,age_ythadult_yge15,geo_cov_rur,2009,9.627
deu,sex_t,age_ythadult_yge15,geo_cov_rur,2010,8.618
deu,sex_t,age_ythadult_yge15,geo_cov_rur,2011,7.593
deu,sex_t,age_ythadult_yge15,geo_cov_rur,2012,5.824
deu,sex_t,age_ythadult_yge15,geo_cov_rur,2013,5.584
deu,sex_t,age_ythadult_yge15,geo_cov_rur,2014,5.196
deu,sex_t,age_ythadult_yge15,geo_cov_rur,2015,4.991
deu,sex_t,age_ythadult_yge15,geo_cov_rur,2016,4.516
deu,sex_t,age_ythadult_yge15,geo_cov_rur,2017,4.201
deu,sex_t,age_ythadult_yge15,geo_cov_rur,2018,3.525
deu,sex_t,age_ythadult_yge15,geo_cov_rur,2019,3.439
deu,sex_t,age_ythadult_yge15,geo_cov_rur,2020,5.006
deu,sex_t,age_ythadult_yge15,geo_cov_rur,2021,3.8
deu,sex_t,age_ythadult_yge15,geo_cov_rur,2022,3.466
deu,sex_t,age_ythadult_yge15,geo_cov_rur,2023,3.547
deu,sex_t,age_ythadult_yge15,geo_cov_rur,2024,3.839
deu,sex_t,age_ythadult_yge15,geo_cov_urb,1998,11.907
deu,sex_t,age_ythadult_yge15,geo_cov_urb,1999,10.982
deu,sex_t,age_ythadult_yge15,geo_cov_urb,2000,9.968
deu,sex_t,age_ythadult_yge15,geo_cov_urb,2001,9.779
deu,sex_t,age_ythadult_yge15,geo_cov_urb,2002,10.449
deu,sex_t,age_ythadult_yge15,geo_cov_urb,2003,12.016
deu,sex_t,age_ythadult_yge15,geo_cov_urb,2004,12.843
deu,sex_t,age_ythadult_yge15,geo_cov_urb,2005,14.365
deu,sex_t,age_ythadult_yge15,geo_cov_urb,2006,13.315
deu,sex_t,age_ythadult_yge15,geo_cov_urb,2007,11.704
deu,sex_t,age_ythadult_yge15,geo_cov_urb,2008,10.284
deu,sex_t,age_ythadult_yge15,geo_cov_urb,2009,10.431
deu,sex_t,age_ythadult_yge15,geo_cov_urb,2010,9.224
deu,sex_t,age_ythadult_yge15,geo_cov_urb,2011,8.295
deu,sex_t,age_ythadult_yge15,geo_cov_urb,2012,7.983
deu,sex_t,age_ythadult_yge15,geo_cov_urb,2013,7.905
deu,sex_t,age_ythadult_yge15,geo_cov_urb,2014,7.467
deu,sex_t,age_ythadult_yge15,geo_cov_urb,2015,7.106
deu,sex_t,age_ythadult_yge15,geo_cov_urb,2016,6.628
deu,sex_t,age_ythadult_yge15,geo_cov_urb,2017,6.203
deu,sex_t,age_ythadult_yge15,geo_cov_urb,2018,5.697
deu,sex_t,age_ythadult_yge15,geo_cov_urb,2019,5.364
deu,sex_t,age_ythadult_yge15,geo_cov_urb,2020,7.526
deu,sex_t,age_ythadult_yge15,geo_cov_urb,2021,6.546
deu,sex_t,age_ythadult_yge15,geo_cov_urb,2022,6.051
deu,sex_t,age_ythadult_yge15,geo_cov_urb,2023,5.868
deu,sex_t,age_ythadult_yge15,geo_cov_urb,2024,6.356
deu,sex_t,age_ythadult_yge25,geo_cov_nat,1998,11.963
deu,sex_t,age_ythadult_yge25,geo_cov_nat,1999,11.133
deu,sex_t,age_ythadult_yge25,geo_cov_nat,2000,10.084
deu,sex_t,age_ythadult_yge25,geo_cov_nat,2001,9.993
deu,sex_t,age_ythadult_yge25,geo_cov_nat,2002,10.6
deu,sex_t,age_ythadult_yge25,geo_cov_nat,2003,11.931
deu,sex_t,age_ythadult_yge25,geo_cov_nat,2004,12.659
deu,sex_t,age_ythadult_yge25,geo_cov_nat,2005,13.465
deu,sex_t,age_ythadult_yge25,geo_cov_nat,2006,12.523
deu,sex_t,age_ythadult_yge25,geo_cov_nat,2007,11.061
deu,sex_t,age_ythadult_yge25,geo_cov_nat,2008,9.667
deu,sex_t,age_ythadult_yge25,geo_cov_nat,2009,9.548
deu,sex_t,age_ythadult_yge25,geo_cov_nat,2010,8.468
deu,sex_t,age_ythadult_yge25,geo_cov_nat,2011,7.574
deu,sex_t,age_ythadult_yge25,geo_cov_nat,2012,6.933
deu,sex_t,age_ythadult_yge25,geo_cov_nat,2013,6.874
deu,sex_t,age_ythadult_yge25,geo_cov_nat,2014,6.468
deu,sex_t,age_ythadult_yge25,geo_cov_nat,2015,6.116
deu,sex_t,age_ythadult_yge25,geo_cov_nat,2016,5.581
deu,sex_t,age_ythadult_yge25,geo_cov_nat,2017,5.192
deu,sex_t,age_ythadult_yge25,geo_cov_nat,2018,4.682
deu,sex_t,age_ythadult_yge25,geo_cov_nat,2019,4.424
deu,sex_t,age_ythadult_yge25,geo_cov_nat,2020,5.94
deu,sex_t,age_ythadult_yge25,geo_cov_nat,2021,5.227
deu,sex_t,age_ythadult_yge25,geo_cov_nat,2022,4.805
deu,sex_t,age_ythadult_yge25,geo_cov_nat,2023,4.726
deu,sex_t,age_ythadult_yge25,geo_cov_nat,2024,4.994
deu,sex_t,age_ythadult_yge25,geo_cov_rur,1998,12.886
deu,sex_t,age_ythadult_yge25,geo_cov_rur,1999,12.26
deu,sex_t,age_ythadult_yge25,geo_cov_rur,2000,11.315
deu,sex_t,age_ythadult_yge25,geo_cov_rur,2001,11.45
deu,sex_t,age_ythadult_yge25,geo_cov_rur,2002,12.203
deu,sex_t,age_ythadult_yge25,geo_cov_rur,2003,12.844
deu,sex_t,age_ythadult_yge25,geo_cov_rur,2004,13.959
deu,sex_t,age_ythadult_yge25,geo_cov_rur,2005,13.712
deu,sex_t,age_ythadult_yge25,geo_cov_rur,2006,12.337
deu,sex_t,age_ythadult_yge25,geo_cov_rur,2007,11.46
deu,sex_t,age_ythadult_yge25,geo_cov_rur,2008,10.107
deu,sex_t,age_ythadult_yge25,geo_cov_rur,2009,9.072
deu,sex_t,age_ythadult_yge25,geo_cov_rur,2010,8.382
deu,sex_t,age_ythadult_yge25,geo_cov_rur,2011,7.243
deu,sex_t,age_ythadult_yge25,geo_cov_rur,2012,5.404
deu,sex_t,age_ythadult_yge25,geo_cov_rur,2013,5.24
deu,sex_t,age_ythadult_yge25,geo_cov_rur,2014,4.824
deu,sex_t,age_ythadult_yge25,geo_cov_rur,2015,4.627
deu,sex_t,age_ythadult_yge25,geo_cov_rur,2016,4.043
deu,sex_t,age_ythadult_yge25,geo_cov_rur,2017,3.818
deu,sex_t,age_ythadult_yge25,geo_cov_rur,2018,3.209
deu,sex_t,age_ythadult_yge25,geo_cov_rur,2019,3.082
deu,sex_t,age_ythadult_yge25,geo_cov_rur,2020,4.242
deu,sex_t,age_ythadult_yge25,geo_cov_rur,2021,3.28
deu,sex_t,age_ythadult_yge25,geo_cov_rur,2022,2.982
deu,sex_t,age_ythadult_yge25,geo_cov_rur,2023,3.063
deu,sex_t,age_ythadult_yge25,geo_cov_rur,2024,3.17
deu,sex_t,age_ythadult_yge25,geo_cov_urb,1998,11.746
deu,sex_t,age_ythadult_yge25,geo_cov_urb,1999,10.869
deu,sex_t,age_ythadult_yge25,geo_cov_urb,2000,9.803
deu,sex_t,age_ythadult_yge25,geo_cov_urb,2001,9.652
deu,sex_t,age_ythadult_yge25,geo_cov_urb,2002,10.22
deu,sex_t,age_ythadult_yge25,geo_cov_urb,2003,11.72
deu,sex_t,age_ythadult_yge25,geo_cov_urb,2004,12.356
deu,sex_t,age_ythadult_yge25,geo_cov_urb,2005,13.408
deu,sex_t,age_ythadult_yge25,geo_cov_urb,2006,12.557
deu,sex_t,age_ythadult_yge25,geo_cov_urb,2007,10.989
deu,sex_t,age_ythadult_yge25,geo_cov_urb,2008,9.593
deu,sex_t,age_ythadult_yge25,geo_cov_urb,2009,9.627
deu,sex_t,age_ythadult_yge25,geo_cov_urb,2010,8.484
deu,sex_t,age_ythadult_yge25,geo_cov_urb,2011,7.631
deu,sex_t,age_ythadult_yge25,geo_cov_urb,2012,7.392
deu,sex_t,age_ythadult_yge25,geo_cov_urb,2013,7.362
deu,sex_t,age_ythadult_yge25,geo_cov_urb,2014,6.956
deu,sex_t,age_ythadult_yge25,geo_cov_urb,2015,6.554
deu,sex_t,age_ythadult_yge25,geo_cov_urb,2016,6.035
deu,sex_t,age_ythadult_yge25,geo_cov_urb,2017,5.596
deu,sex_t,age_ythadult_yge25,geo_cov_urb,2018,5.117
deu,sex_t,age_ythadult_yge25,geo_cov_urb,2019,4.819
deu,sex_t,age_ythadult_yge25,geo_cov_urb,2020,6.372
deu,sex_t,age_ythadult_yge25,geo_cov_urb,2021,5.72
deu,sex_t,age_ythadult_yge25,geo_cov_urb,2022,5.263
deu,sex_t,age_ythadult_yge25,geo_cov_urb,2023,5.123
deu,sex_t,age_ythadult_yge25,geo_cov_urb,2024,5.43
dji,sex_f,age_aggregate_total,geo_cov_nat,2017,63.026
dji,sex_f,age_aggregate_total,geo_cov_rur,2017,73.744
dji,sex_f,age_aggregate_total,geo_cov_urb,2017,61.769
dji,sex_f,age_aggregate_y15_24,geo_cov_nat,2017,88.47
dji,sex_f,age_aggregate_y15_24,geo_cov_rur,2017,84.834
dji,sex_f,age_aggregate_y15_24,geo_cov_urb,2017,88.968
dji,sex_f,age_aggregate_y25_54,geo_cov_nat,2017,56.267
dji,sex_f,age_aggregate_y25_54,geo_cov_rur,2017,70.259
dji,sex_f,age_aggregate_y25_54,geo_cov_urb,2017,54.645
dji,sex_f,age_aggregate_y55_64,geo_cov_nat,2017,40.821
dji,sex_f,age_aggregate_y55_64,geo_cov_rur,2017,64.209
dji,sex_f,age_aggregate_y55_64,geo_cov_urb,2017,39.885
dji,sex_f,age_aggregate_yge65,geo_cov_nat,2017,25.828
dji,sex_f,age_aggregate_yge65,geo_cov_urb,2017,23.84
dji,sex_f,age_ythadult_y15_24,geo_cov_nat,2017,88.47
dji,sex_f,age_ythadult_y15_24,geo_cov_rur,2017,84.834
dji,sex_f,age_ythadult_y15_24,geo_cov_urb,2017,88.968
dji,sex_f,age_ythadult_y15_64,geo_cov_nat,2017,63.49
dji,sex_f,age_ythadult_y15_64,geo_cov_rur,2017,74.342
dji,sex_f,age_ythadult_y15_64,geo_cov_urb,2017,62.224
dji,sex_f,age_ythadult_yge15,geo_cov_nat,2017,63.026
dji,sex_f,age_ythadult_yge15,geo_cov_rur,2017,73.744
dji,sex_f,age_ythadult_yge15,geo_cov_urb,2017,61.769
dji,sex_f,age_ythadult_yge25,geo_cov_nat,2017,54.683
dji,sex_f,age_ythadult_yge25,geo_cov_rur,2017,69.354
dji,sex_f,age_ythadult_yge25,geo_cov_urb,2017,53.055
dji,sex_m,age_aggregate_total,geo_cov_nat,2017,37.306
dji,sex_m,age_aggregate_total,geo_cov_rur,2017,41.789
dji,sex_m,age_aggregate_total,geo_cov_urb,2017,36.754
dji,sex_m,age_aggregate_y15_24,geo_cov_nat,2017,84.254
dji,sex_m,age_aggregate_y15_24,geo_cov_rur,2017,76.594
dji,sex_m,age_aggregate_y15_24,geo_cov_urb,2017,84.924
dji,sex_m,age_aggregate_y25_54,geo_cov_nat,2017,28.664
dji,sex_m,age_aggregate_y25_54,geo_cov_rur,2017,37.028
dji,sex_m,age_aggregate_y25_54,geo_cov_urb,2017,27.562
dji,sex_m,age_aggregate_y55_64,geo_cov_nat,2017,17.353
dji,sex_m,age_aggregate_y55_64,geo_cov_rur,2017,39.695
dji,sex_m,age_aggregate_y55_64,geo_cov_urb,2017,14.719
dji,sex_m,age_aggregate_yge65,geo_cov_nat,2017,27.891
dji,sex_m,age_aggregate_yge65,geo_cov_rur,2017,20.126
dji,sex_m,age_aggregate_yge65,geo_cov_urb,2017,28.943
dji,sex_m,age_ythadult_y15_24,geo_cov_nat,2017,84.254
dji,sex_m,age_ythadult_y15_24,geo_cov_rur,2017,76.594
dji,sex_m,age_ythadult_y15_24,geo_cov_urb,2017,84.924
dji,sex_m,age_ythadult_y15_64,geo_cov_nat,2017,37.483
dji,sex_m,age_ythadult_y15_64,geo_cov_rur,2017,42.234
dji,sex_m,age_ythadult_y15_64,geo_cov_urb,2017,36.899
dji,sex_m,age_ythadult_yge15,geo_cov_nat,2017,37.306
dji,sex_m,age_ythadult_yge15,geo_cov_rur,2017,41.789
dji,sex_m,age_ythadult_yge15,geo_cov_urb,2017,36.754
dji,sex_m,age_ythadult_yge25,geo_cov_nat,2017,27.716
dji,sex_m,age_ythadult_yge25,geo_cov_rur,2017,36.841
dji,sex_m,age_ythadult_yge25,geo_cov_urb,2017,26.524
dji,sex_t,age_aggregate_total,geo_cov_nat,2017,46.602
dji,sex_t,age_aggregate_total,geo_cov_rur,2017,53.024
dji,sex_t,age_aggregate_total,geo_cov_urb,2017,45.825
dji,sex_t,age_aggregate_y15_24,geo_cov_nat,2017,86.158
dji,sex_t,age_aggregate_y15_24,geo_cov_rur,2017,81.148
dji,sex_t,age_aggregate_y15_24,geo_cov_urb,2017,86.706
dji,sex_t,age_aggregate_y25_54,geo_cov_nat,2017,38.15
dji,sex_t,age_aggregate_y25_54,geo_cov_rur,2017,47.611
dji,sex_t,age_aggregate_y25_54,geo_cov_urb,2017,36.956
dji,sex_t,age_aggregate_y55_64,geo_cov_nat,2017,24.503
dji,sex_t,age_aggregate_y55_64,geo_cov_rur,2017,43.074
dji,sex_t,age_aggregate_y55_64,geo_cov_urb,2017,22.777
dji,sex_t,age_aggregate_yge65,geo_cov_nat,2017,27.325
dji,sex_t,age_aggregate_yge65,geo_cov_rur,2017,25.632
dji,sex_t,age_aggregate_yge65,geo_cov_urb,2017,27.567
dji,sex_t,age_ythadult_y15_24,geo_cov_nat,2017,86.158
dji,sex_t,age_ythadult_y15_24,geo_cov_rur,2017,81.148
dji,sex_t,age_ythadult_y15_24,geo_cov_urb,2017,86.706
dji,sex_t,age_ythadult_y15_64,geo_cov_nat,2017,46.92
dji,sex_t,age_ythadult_y15_64,geo_cov_rur,2017,53.549
dji,sex_t,age_ythadult_y15_64,geo_cov_urb,2017,46.121
dji,sex_t,age_ythadult_yge15,geo_cov_nat,2017,46.602
dji,sex_t,age_ythadult_yge15,geo_cov_rur,2017,53.024
dji,sex_t,age_ythadult_yge15,geo_cov_urb,2017,45.825
dji,sex_t,age_ythadult_yge25,geo_cov_nat,2017,36.863
dji,sex_t,age_ythadult_yge25,geo_cov_rur,2017,46.832
dji,sex_t,age_ythadult_yge25,geo_cov_urb,2017,35.628
dnk,sex_f,age_aggregate_total,geo_cov_nat,1998,9.28
dnk,sex_f,age_aggregate_total,geo_cov_nat,1999,7.997
dnk,sex_f,age_aggregate_total,geo_cov_nat,2000,7.883
dnk,sex_f,age_aggregate_total,geo_cov_nat,2001,7.515
dnk,sex_f,age_aggregate_total,geo_cov_nat,2002,6.391
dnk,sex_f,age_aggregate_total,geo_cov_nat,2003,7.828
dnk,sex_f,age_aggregate_total,geo_cov_nat,2004,7.705
dnk,sex_f,age_aggregate_total,geo_cov_nat,2005,7.432
dnk,sex_f,age_aggregate_total,geo_cov_nat,2006,6.388
dnk,sex_f,age_aggregate_total,geo_cov_nat,2007,6.794
dnk,sex_f,age_aggregate_total,geo_cov_nat,2008,6.378
dnk,sex_f,age_aggregate_total,geo_cov_nat,2009,8.04
dnk,sex_f,age_aggregate_total,geo_cov_nat,2010,9.423
dnk,sex_f,age_aggregate_total,geo_cov_nat,2011,10.911
dnk,sex_f,age_aggregate_total,geo_cov_nat,2012,10.801
dnk,sex_f,age_aggregate_total,geo_cov_nat,2013,10.538
dnk,sex_f,age_aggregate_total,geo_cov_nat,2014,9.834
dnk,sex_f,age_aggregate_total,geo_cov_nat,2015,8.627
dnk,sex_f,age_aggregate_total,geo_cov_nat,2016,11.189
dnk,sex_f,age_aggregate_total,geo_cov_nat,2017,9.468
dnk,sex_f,age_aggregate_total,geo_cov_nat,2018,8.015
dnk,sex_f,age_aggregate_total,geo_cov_nat,2019,8.001
dnk,sex_f,age_aggregate_total,geo_cov_nat,2020,9.37
dnk,sex_f,age_aggregate_total,geo_cov_nat,2021,7.839
dnk,sex_f,age_aggregate_total,geo_cov_nat,2022,6.708
dnk,sex_f,age_aggregate_total,geo_cov_nat,2023,7.393
dnk,sex_f,age_aggregate_total,geo_cov_nat,2024,9.163
dnk,sex_f,age_aggregate_total,geo_cov_rur,1998,9.529
dnk,sex_f,age_aggregate_total,geo_cov_rur,1999,8.528
dnk,sex_f,age_aggregate_total,geo_cov_rur,2000,8.361
dnk,sex_f,age_aggregate_total,geo_cov_rur,2001,7.391
dnk,sex_f,age_aggregate_total,geo_cov_rur,2002,5.801
dnk,sex_f,age_aggregate_total,geo_cov_rur,2003,7.589
dnk,sex_f,age_aggregate_total,geo_cov_rur,2004,7.521
dnk,sex_f,age_aggregate_total,geo_cov_rur,2005,7.81
dnk,sex_f,age_aggregate_total,geo_cov_rur,2006,6.309
dnk,sex_f,age_aggregate_total,geo_cov_rur,2007,6.684
dnk,sex_f,age_aggregate_total,geo_cov_rur,2008,5.863
dnk,sex_f,age_aggregate_total,geo_cov_rur,2009,8.522
dnk,sex_f,age_aggregate_total,geo_cov_rur,2010,9.123
dnk,sex_f,age_aggregate_total,geo_cov_rur,2011,10.307
dnk,sex_f,age_aggregate_total,geo_cov_rur,2012,9.754
dnk,sex_f,age_aggregate_total,geo_cov_rur,2013,9.909
dnk,sex_f,age_aggregate_total,geo_cov_rur,2014,9.012
dnk,sex_f,age_aggregate_total,geo_cov_rur,2015,7.883
dnk,sex_f,age_aggregate_total,geo_cov_rur,2016,10.401
dnk,sex_f,age_aggregate_total,geo_cov_rur,2017,8.64
dnk,sex_f,age_aggregate_total,geo_cov_rur,2018,6.838
dnk,sex_f,age_aggregate_total,geo_cov_rur,2019,6.939
dnk,sex_f,age_aggregate_total,geo_cov_rur,2020,7.827
dnk,sex_f,age_aggregate_total,geo_cov_rur,2021,6.002
dnk,sex_f,age_aggregate_total,geo_cov_rur,2022,5.749
dnk,sex_f,age_aggregate_total,geo_cov_rur,2023,6.328
dnk,sex_f,age_aggregate_total,geo_cov_rur,2024,8.055
dnk,sex_f,age_aggregate_total,geo_cov_urb,1998,9.122
dnk,sex_f,age_aggregate_total,geo_cov_urb,1999,7.672
dnk,sex_f,age_aggregate_total,geo_cov_urb,2000,7.581
dnk,sex_f,age_aggregate_total,geo_cov_urb,2001,7.592
dnk,sex_f,age_aggregate_total,geo_cov_urb,2002,6.769
dnk,sex_f,age_aggregate_total,geo_cov_urb,2003,7.972
dnk,sex_f,age_aggregate_total,geo_cov_urb,2004,7.826
dnk,sex_f,age_aggregate_total,geo_cov_urb,2005,7.222
dnk,sex_f,age_aggregate_total,geo_cov_urb,2006,6.432
dnk,sex_f,age_aggregate_total,geo_cov_urb,2007,6.849
dnk,sex_f,age_aggregate_total,geo_cov_urb,2008,6.649
dnk,sex_f,age_aggregate_total,geo_cov_urb,2009,7.786
dnk,sex_f,age_aggregate_total,geo_cov_urb,2010,9.569
dnk,sex_f,age_aggregate_total,geo_cov_urb,2011,11.195
dnk,sex_f,age_aggregate_total,geo_cov_urb,2012,11.534
dnk,sex_f,age_aggregate_total,geo_cov_urb,2013,10.994
dnk,sex_f,age_aggregate_total,geo_cov_urb,2014,10.419
dnk,sex_f,age_aggregate_total,geo_cov_urb,2015,9.155
dnk,sex_f,age_aggregate_total,geo_cov_urb,2016,11.662
dnk,sex_f,age_aggregate_total,geo_cov_urb,2017,9.946
dnk,sex_f,age_aggregate_total,geo_cov_urb,2018,8.691
dnk,sex_f,age_aggregate_total,geo_cov_urb,2019,8.601
dnk,sex_f,age_aggregate_total,geo_cov_urb,2020,10.227
dnk,sex_f,age_aggregate_total,geo_cov_urb,2021,8.643
dnk,sex_f,age_aggregate_total,geo_cov_urb,2022,7.125
dnk,sex_f,age_aggregate_total,geo_cov_urb,2023,7.853
dnk,sex_f,age_aggregate_total,geo_cov_urb,2024,9.623
dnk,sex_f,age_aggregate_y15_24,geo_cov_nat,1998,12.718
dnk,sex_f,age_aggregate_y15_24,geo_cov_nat,1999,14.307
dnk,sex_f,age_aggregate_y15_24,geo_cov_nat,2000,12.522
dnk,sex_f,age_aggregate_y15_24,geo_cov_nat,2001,14.323
dnk,sex_f,age_aggregate_y15_24,geo_cov_nat,2002,9.406
dnk,sex_f,age_aggregate_y15_24,geo_cov_nat,2003,14.116
dnk,sex_f,age_aggregate_y15_24,geo_cov_nat,2004,12.543
dnk,sex_f,age_aggregate_y15_24,geo_cov_nat,2005,13.291
dnk,sex_f,age_aggregate_y15_24,geo_cov_nat,2006,11.358
dnk,sex_f,age_aggregate_y15_24,geo_cov_nat,2007,11.998
dnk,sex_f,age_aggregate_y15_24,geo_cov_nat,2008,16.495
dnk,sex_f,age_aggregate_y15_24,geo_cov_nat,2009,17.717
dnk,sex_f,age_aggregate_y15_24,geo_cov_nat,2010,19.933
dnk,sex_f,age_aggregate_y15_24,geo_cov_nat,2011,23.284
dnk,sex_f,age_aggregate_y15_24,geo_cov_nat,2012,22.819
dnk,sex_f,age_aggregate_y15_24,geo_cov_nat,2013,20.936
dnk,sex_f,age_aggregate_y15_24,geo_cov_nat,2014,19.887
dnk,sex_f,age_aggregate_y15_24,geo_cov_nat,2015,16.295
dnk,sex_f,age_aggregate_y15_24,geo_cov_nat,2016,23.033
dnk,sex_f,age_aggregate_y15_24,geo_cov_nat,2017,20.494
dnk,sex_f,age_aggregate_y15_24,geo_cov_nat,2018,16.199
dnk,sex_f,age_aggregate_y15_24,geo_cov_nat,2019,16.726
dnk,sex_f,age_aggregate_y15_24,geo_cov_nat,2020,19.062
dnk,sex_f,age_aggregate_y15_24,geo_cov_nat,2021,18.459
dnk,sex_f,age_aggregate_y15_24,geo_cov_nat,2022,15.88
dnk,sex_f,age_aggregate_y15_24,geo_cov_nat,2023,16.088
dnk,sex_f,age_aggregate_y15_24,geo_cov_nat,2024,20.617
dnk,sex_f,age_aggregate_y15_24,geo_cov_rur,1998,15.397
dnk,sex_f,age_aggregate_y15_24,geo_cov_rur,1999,16.667
dnk,sex_f,age_aggregate_y15_24,geo_cov_rur,2000,13.91
dnk,sex_f,age_aggregate_y15_24,geo_cov_rur,2001,14.371
dnk,sex_f,age_aggregate_y15_24,geo_cov_rur,2002,13.027
dnk,sex_f,age_aggregate_y15_24,geo_cov_rur,2003,16.116
dnk,sex_f,age_aggregate_y15_24,geo_cov_rur,2004,14.858
dnk,sex_f,age_aggregate_y15_24,geo_cov_rur,2005,13.552
dnk,sex_f,age_aggregate_y15_24,geo_cov_rur,2006,12.488
dnk,sex_f,age_aggregate_y15_24,geo_cov_rur,2007,12.228
dnk,sex_f,age_aggregate_y15_24,geo_cov_rur,2008,14.71
dnk,sex_f,age_aggregate_y15_24,geo_cov_rur,2009,18.787
dnk,sex_f,age_aggregate_y15_24,geo_cov_rur,2010,20.533
dnk,sex_f,age_aggregate_y15_24,geo_cov_rur,2011,25.203
dnk,sex_f,age_aggregate_y15_24,geo_cov_rur,2012,21.761
dnk,sex_f,age_aggregate_y15_24,geo_cov_rur,2013,22.488
dnk,sex_f,age_aggregate_y15_24,geo_cov_rur,2014,21.516
dnk,sex_f,age_aggregate_y15_24,geo_cov_rur,2015,18.16
dnk,sex_f,age_aggregate_y15_24,geo_cov_rur,2016,24.702
dnk,sex_f,age_aggregate_y15_24,geo_cov_rur,2017,20.642
dnk,sex_f,age_aggregate_y15_24,geo_cov_rur,2018,15.96
dnk,sex_f,age_aggregate_y15_24,geo_cov_rur,2019,16.036
dnk,sex_f,age_aggregate_y15_24,geo_cov_rur,2020,16.39
dnk,sex_f,age_aggregate_y15_24,geo_cov_rur,2021,18.215
dnk,sex_f,age_aggregate_y15_24,geo_cov_rur,2022,15.352
dnk,sex_f,age_aggregate_y15_24,geo_cov_rur,2023,14.483
dnk,sex_f,age_aggregate_y15_24,geo_cov_rur,2024,21.224
dnk,sex_f,age_aggregate_y15_24,geo_cov_urb,1998,11.011
dnk,sex_f,age_aggregate_y15_24,geo_cov_urb,1999,13.06
dnk,sex_f,age_aggregate_y15_24,geo_cov_urb,2000,11.686
dnk,sex_f,age_aggregate_y15_24,geo_cov_urb,2001,14.296
dnk,sex_f,age_aggregate_y15_24,geo_cov_urb,2002,7.32
dnk,sex_f,age_aggregate_y15_24,geo_cov_urb,2003,13.042
dnk,sex_f,age_aggregate_y15_24,geo_cov_urb,2004,11.116
dnk,sex_f,age_aggregate_y15_24,geo_cov_urb,2005,13.143
dnk,sex_f,age_aggregate_y15_24,geo_cov_urb,2006,10.801
dnk,sex_f,age_aggregate_y15_24,geo_cov_urb,2007,11.893
dnk,sex_f,age_aggregate_y15_24,geo_cov_urb,2008,17.279
dnk,sex_f,age_aggregate_y15_24,geo_cov_urb,2009,17.254
dnk,sex_f,age_aggregate_y15_24,geo_cov_urb,2010,19.693
dnk,sex_f,age_aggregate_y15_24,geo_cov_urb,2011,22.568
dnk,sex_f,age_aggregate_y15_24,geo_cov_urb,2012,23.383
dnk,sex_f,age_aggregate_y15_24,geo_cov_urb,2013,20.077
dnk,sex_f,age_aggregate_y15_24,geo_cov_urb,2014,19.041
dnk,sex_f,age_aggregate_y15_24,geo_cov_urb,2015,15.289
dnk,sex_f,age_aggregate_y15_24,geo_cov_urb,2016,22.194
dnk,sex_f,age_aggregate_y15_24,geo_cov_urb,2017,20.424
dnk,sex_f,age_aggregate_y15_24,geo_cov_urb,2018,16.312
dnk,sex_f,age_aggregate_y15_24,geo_cov_urb,2019,17.06
dnk,sex_f,age_aggregate_y15_24,geo_cov_urb,2020,20.328
dnk,sex_f,age_aggregate_y15_24,geo_cov_urb,2021,18.55
dnk,sex_f,age_aggregate_y15_24,geo_cov_urb,2022,16.073
dnk,sex_f,age_aggregate_y15_24,geo_cov_urb,2023,16.656
dnk,sex_f,age_aggregate_y15_24,geo_cov_urb,2024,20.406
dnk,sex_f,age_aggregate_y25_54,geo_cov_nat,1998,8.541
dnk,sex_f,age_aggregate_y25_54,geo_cov_nat,1999,6.794
dnk,sex_f,age_aggregate_y25_54,geo_cov_nat,2000,6.862
dnk,sex_f,age_aggregate_y25_54,geo_cov_nat,2001,6.226
dnk,sex_f,age_aggregate_y25_54,geo_cov_nat,2002,5.859
dnk,sex_f,age_aggregate_y25_54,geo_cov_nat,2003,7.062
dnk,sex_f,age_aggregate_y25_54,geo_cov_nat,2004,6.936
dnk,sex_f,age_aggregate_y25_54,geo_cov_nat,2005,6.199
dnk,sex_f,age_aggregate_y25_54,geo_cov_nat,2006,5.385
dnk,sex_f,age_aggregate_y25_54,geo_cov_nat,2007,5.427
dnk,sex_f,age_aggregate_y25_54,geo_cov_nat,2008,4.215
dnk,sex_f,age_aggregate_y25_54,geo_cov_nat,2009,6.233
dnk,sex_f,age_aggregate_y25_54,geo_cov_nat,2010,7.607
dnk,sex_f,age_aggregate_y25_54,geo_cov_nat,2011,8.717
dnk,sex_f,age_aggregate_y25_54,geo_cov_nat,2012,8.607
dnk,sex_f,age_aggregate_y25_54,geo_cov_nat,2013,8.919
dnk,sex_f,age_aggregate_y25_54,geo_cov_nat,2014,8.46
dnk,sex_f,age_aggregate_y25_54,geo_cov_nat,2015,7.521
dnk,sex_f,age_aggregate_y25_54,geo_cov_nat,2016,9.021
dnk,sex_f,age_aggregate_y25_54,geo_cov_nat,2017,7.818
dnk,sex_f,age_aggregate_y25_54,geo_cov_nat,2018,6.824
dnk,sex_f,age_aggregate_y25_54,geo_cov_nat,2019,6.707
dnk,sex_f,age_aggregate_y25_54,geo_cov_nat,2020,7.894
dnk,sex_f,age_aggregate_y25_54,geo_cov_nat,2021,6.127
dnk,sex_f,age_aggregate_y25_54,geo_cov_nat,2022,5.282
dnk,sex_f,age_aggregate_y25_54,geo_cov_nat,2023,6.198
dnk,sex_f,age_aggregate_y25_54,geo_cov_nat,2024,7.206
dnk,sex_f,age_aggregate_y25_54,geo_cov_rur,1998,8.351
dnk,sex_f,age_aggregate_y25_54,geo_cov_rur,1999,7.01
dnk,sex_f,age_aggregate_y25_54,geo_cov_rur,2000,7.05
dnk,sex_f,age_aggregate_y25_54,geo_cov_rur,2001,6.182
dnk,sex_f,age_aggregate_y25_54,geo_cov_rur,2002,4.139
dnk,sex_f,age_aggregate_y25_54,geo_cov_rur,2003,6.089
dnk,sex_f,age_aggregate_y25_54,geo_cov_rur,2004,5.899
dnk,sex_f,age_aggregate_y25_54,geo_cov_rur,2005,6.329
dnk,sex_f,age_aggregate_y25_54,geo_cov_rur,2006,4.705
dnk,sex_f,age_aggregate_y25_54,geo_cov_rur,2007,5.019
dnk,sex_f,age_aggregate_y25_54,geo_cov_rur,2008,4.114
dnk,sex_f,age_aggregate_y25_54,geo_cov_rur,2009,6.994
dnk,sex_f,age_aggregate_y25_54,geo_cov_rur,2010,7.32
dnk,sex_f,age_aggregate_y25_54,geo_cov_rur,2011,8.025
dnk,sex_f,age_aggregate_y25_54,geo_cov_rur,2012,7.86
dnk,sex_f,age_aggregate_y25_54,geo_cov_rur,2013,8.131
dnk,sex_f,age_aggregate_y25_54,geo_cov_rur,2014,7.685
dnk,sex_f,age_aggregate_y25_54,geo_cov_rur,2015,6.523
dnk,sex_f,age_aggregate_y25_54,geo_cov_rur,2016,7.943
dnk,sex_f,age_aggregate_y25_54,geo_cov_rur,2017,7.161
dnk,sex_f,age_aggregate_y25_54,geo_cov_rur,2018,5.576
dnk,sex_f,age_aggregate_y25_54,geo_cov_rur,2019,5.66
dnk,sex_f,age_aggregate_y25_54,geo_cov_rur,2020,6.463
dnk,sex_f,age_aggregate_y25_54,geo_cov_rur,2021,3.98
dnk,sex_f,age_aggregate_y25_54,geo_cov_rur,2022,4.476
dnk,sex_f,age_aggregate_y25_54,geo_cov_rur,2023,5.508
dnk,sex_f,age_aggregate_y25_54,geo_cov_rur,2024,5.556
dnk,sex_f,age_aggregate_y25_54,geo_cov_urb,1998,8.661
dnk,sex_f,age_aggregate_y25_54,geo_cov_urb,1999,6.649
dnk,sex_f,age_aggregate_y25_54,geo_cov_urb,2000,6.737
dnk,sex_f,age_aggregate_y25_54,geo_cov_urb,2001,6.254
dnk,sex_f,age_aggregate_y25_54,geo_cov_urb,2002,6.968
dnk,sex_f,age_aggregate_y25_54,geo_cov_urb,2003,7.646
dnk,sex_f,age_aggregate_y25_54,geo_cov_urb,2004,7.61
dnk,sex_f,age_aggregate_y25_54,geo_cov_urb,2005,6.128
dnk,sex_f,age_aggregate_y25_54,geo_cov_urb,2006,5.77
dnk,sex_f,age_aggregate_y25_54,geo_cov_urb,2007,5.626
dnk,sex_f,age_aggregate_y25_54,geo_cov_urb,2008,4.27
dnk,sex_f,age_aggregate_y25_54,geo_cov_urb,2009,5.826
dnk,sex_f,age_aggregate_y25_54,geo_cov_urb,2010,7.747
dnk,sex_f,age_aggregate_y25_54,geo_cov_urb,2011,9.046
dnk,sex_f,age_aggregate_y25_54,geo_cov_urb,2012,9.137
dnk,sex_f,age_aggregate_y25_54,geo_cov_urb,2013,9.499
dnk,sex_f,age_aggregate_y25_54,geo_cov_urb,2014,9.022
dnk,sex_f,age_aggregate_y25_54,geo_cov_urb,2015,8.22
dnk,sex_f,age_aggregate_y25_54,geo_cov_urb,2016,9.648
dnk,sex_f,age_aggregate_y25_54,geo_cov_urb,2017,8.184
dnk,sex_f,age_aggregate_y25_54,geo_cov_urb,2018,7.521
dnk,sex_f,age_aggregate_y25_54,geo_cov_urb,2019,7.286
dnk,sex_f,age_aggregate_y25_54,geo_cov_urb,2020,8.661
dnk,sex_f,age_aggregate_y25_54,geo_cov_urb,2021,7.016
dnk,sex_f,age_aggregate_y25_54,geo_cov_urb,2022,5.615
dnk,sex_f,age_aggregate_y25_54,geo_cov_urb,2023,6.487
dnk,sex_f,age_aggregate_y25_54,geo_cov_urb,2024,7.866
dnk,sex_f,age_aggregate_y55_64,geo_cov_nat,1998,7.941
dnk,sex_f,age_aggregate_y55_64,geo_cov_nat,1999,6.426
dnk,sex_f,age_aggregate_y55_64,geo_cov_nat,2000,7.93
dnk,sex_f,age_aggregate_y55_64,geo_cov_nat,2001,7.564
dnk,sex_f,age_aggregate_y55_64,geo_cov_nat,2002,6.402
dnk,sex_f,age_aggregate_y55_64,geo_cov_nat,2003,5.231
dnk,sex_f,age_aggregate_y55_64,geo_cov_nat,2004,6.957
dnk,sex_f,age_aggregate_y55_64,geo_cov_nat,2005,7.444
dnk,sex_f,age_aggregate_y55_64,geo_cov_nat,2006,5.98
dnk,sex_f,age_aggregate_y55_64,geo_cov_nat,2007,6.953
dnk,sex_f,age_aggregate_y55_64,geo_cov_nat,2008,4.597
dnk,sex_f,age_aggregate_y55_64,geo_cov_nat,2009,5.357
dnk,sex_f,age_aggregate_y55_64,geo_cov_nat,2010,6.269
dnk,sex_f,age_aggregate_y55_64,geo_cov_nat,2011,6.857
dnk,sex_f,age_aggregate_y55_64,geo_cov_nat,2012,7.555
dnk,sex_f,age_aggregate_y55_64,geo_cov_nat,2013,6.952
dnk,sex_f,age_aggregate_y55_64,geo_cov_nat,2014,6.039
dnk,sex_f,age_aggregate_y55_64,geo_cov_nat,2015,6.106
dnk,sex_f,age_aggregate_y55_64,geo_cov_nat,2016,6.426
dnk,sex_f,age_aggregate_y55_64,geo_cov_nat,2017,5.153
dnk,sex_f,age_aggregate_y55_64,geo_cov_nat,2018,5.219
dnk,sex_f,age_aggregate_y55_64,geo_cov_nat,2019,4.965
dnk,sex_f,age_aggregate_y55_64,geo_cov_nat,2020,6.18
dnk,sex_f,age_aggregate_y55_64,geo_cov_nat,2021,5.143
dnk,sex_f,age_aggregate_y55_64,geo_cov_nat,2022,3.866
dnk,sex_f,age_aggregate_y55_64,geo_cov_nat,2023,4.273
dnk,sex_f,age_aggregate_y55_64,geo_cov_nat,2024,5.264
dnk,sex_f,age_aggregate_y55_64,geo_cov_rur,1998,7.396
dnk,sex_f,age_aggregate_y55_64,geo_cov_rur,1999,8
dnk,sex_f,age_aggregate_y55_64,geo_cov_rur,2000,9.694
dnk,sex_f,age_aggregate_y55_64,geo_cov_rur,2001,7.88
dnk,sex_f,age_aggregate_y55_64,geo_cov_rur,2002,8.195
dnk,sex_f,age_aggregate_y55_64,geo_cov_rur,2003,7.132
dnk,sex_f,age_aggregate_y55_64,geo_cov_rur,2004,8.642
dnk,sex_f,age_aggregate_y55_64,geo_cov_rur,2005,8.985
dnk,sex_f,age_aggregate_y55_64,geo_cov_rur,2006,7.952
dnk,sex_f,age_aggregate_y55_64,geo_cov_rur,2007,8.042
dnk,sex_f,age_aggregate_y55_64,geo_cov_rur,2008,5.031
dnk,sex_f,age_aggregate_y55_64,geo_cov_rur,2009,5.849
dnk,sex_f,age_aggregate_y55_64,geo_cov_rur,2010,6.843
dnk,sex_f,age_aggregate_y55_64,geo_cov_rur,2011,6.74
dnk,sex_f,age_aggregate_y55_64,geo_cov_rur,2012,7.058
dnk,sex_f,age_aggregate_y55_64,geo_cov_rur,2013,7.064
dnk,sex_f,age_aggregate_y55_64,geo_cov_rur,2014,5.264
dnk,sex_f,age_aggregate_y55_64,geo_cov_rur,2015,5.744
dnk,sex_f,age_aggregate_y55_64,geo_cov_rur,2016,6.761
dnk,sex_f,age_aggregate_y55_64,geo_cov_rur,2017,4.661
dnk,sex_f,age_aggregate_y55_64,geo_cov_rur,2018,4.628
dnk,sex_f,age_aggregate_y55_64,geo_cov_rur,2019,4.519
dnk,sex_f,age_aggregate_y55_64,geo_cov_rur,2020,5.978
dnk,sex_f,age_aggregate_y55_64,geo_cov_rur,2021,4.007
dnk,sex_f,age_aggregate_y55_64,geo_cov_rur,2022,3.408
dnk,sex_f,age_aggregate_y55_64,geo_cov_rur,2023,3.437
dnk,sex_f,age_aggregate_y55_64,geo_cov_rur,2024,5.07
dnk,sex_f,age_aggregate_y55_64,geo_cov_urb,1998,8.276
dnk,sex_f,age_aggregate_y55_64,geo_cov_urb,1999,5.757
dnk,sex_f,age_aggregate_y55_64,geo_cov_urb,2000,7.124
dnk,sex_f,age_aggregate_y55_64,geo_cov_urb,2001,7.395
dnk,sex_f,age_aggregate_y55_64,geo_cov_urb,2002,5.223
dnk,sex_f,age_aggregate_y55_64,geo_cov_urb,2003,3.916
dnk,sex_f,age_aggregate_y55_64,geo_cov_urb,2004,5.699
dnk,sex_f,age_aggregate_y55_64,geo_cov_urb,2005,6.58
dnk,sex_f,age_aggregate_y55_64,geo_cov_urb,2006,4.847
dnk,sex_f,age_aggregate_y55_64,geo_cov_urb,2007,6.312
dnk,sex_f,age_aggregate_y55_64,geo_cov_urb,2008,4.337
dnk,sex_f,age_aggregate_y55_64,geo_cov_urb,2009,5.05
dnk,sex_f,age_aggregate_y55_64,geo_cov_urb,2010,5.919
dnk,sex_f,age_aggregate_y55_64,geo_cov_urb,2011,6.922
dnk,sex_f,age_aggregate_y55_64,geo_cov_urb,2012,7.995
dnk,sex_f,age_aggregate_y55_64,geo_cov_urb,2013,6.851
dnk,sex_f,age_aggregate_y55_64,geo_cov_urb,2014,6.723
dnk,sex_f,age_aggregate_y55_64,geo_cov_urb,2015,6.449
dnk,sex_f,age_aggregate_y55_64,geo_cov_urb,2016,6.155
dnk,sex_f,age_aggregate_y55_64,geo_cov_urb,2017,5.529
dnk,sex_f,age_aggregate_y55_64,geo_cov_urb,2018,5.659
dnk,sex_f,age_aggregate_y55_64,geo_cov_urb,2019,5.273
dnk,sex_f,age_aggregate_y55_64,geo_cov_urb,2020,6.323
dnk,sex_f,age_aggregate_y55_64,geo_cov_urb,2021,5.79
dnk,sex_f,age_aggregate_y55_64,geo_cov_urb,2022,4.129
dnk,sex_f,age_aggregate_y55_64,geo_cov_urb,2023,4.71
dnk,sex_f,age_aggregate_y55_64,geo_cov_urb,2024,5.363
dnk,sex_f,age_aggregate_yge65,geo_cov_nat,1998,12.696
dnk,sex_f,age_aggregate_yge65,geo_cov_nat,2005,6.53
dnk,sex_f,age_aggregate_yge65,geo_cov_nat,2006,4.013
dnk,sex_f,age_aggregate_yge65,geo_cov_nat,2007,16.878
dnk,sex_f,age_aggregate_yge65,geo_cov_nat,2008,12.572
dnk,sex_f,age_aggregate_yge65,geo_cov_nat,2009,7.414
dnk,sex_f,age_aggregate_yge65,geo_cov_nat,2010,6.544
dnk,sex_f,age_aggregate_yge65,geo_cov_nat,2011,8.78
dnk,sex_f,age_aggregate_yge65,geo_cov_nat,2012,9.117
dnk,sex_f,age_aggregate_yge65,geo_cov_nat,2013,7.402
dnk,sex_f,age_aggregate_yge65,geo_cov_nat,2014,3.465
dnk,sex_f,age_aggregate_yge65,geo_cov_nat,2015,3.45
dnk,sex_f,age_aggregate_yge65,geo_cov_nat,2016,15.501
dnk,sex_f,age_aggregate_yge65,geo_cov_nat,2017,6.624
dnk,sex_f,age_aggregate_yge65,geo_cov_nat,2018,4.279
dnk,sex_f,age_aggregate_yge65,geo_cov_nat,2019,6.059
dnk,sex_f,age_aggregate_yge65,geo_cov_nat,2020,9.341
dnk,sex_f,age_aggregate_yge65,geo_cov_nat,2021,6.714
dnk,sex_f,age_aggregate_yge65,geo_cov_nat,2022,7.719
dnk,sex_f,age_aggregate_yge65,geo_cov_nat,2023,6.18
dnk,sex_f,age_aggregate_yge65,geo_cov_nat,2024,9.805
dnk,sex_f,age_aggregate_yge65,geo_cov_rur,2005,6.771
dnk,sex_f,age_aggregate_yge65,geo_cov_rur,2007,15.334
dnk,sex_f,age_aggregate_yge65,geo_cov_rur,2008,12.189
dnk,sex_f,age_aggregate_yge65,geo_cov_rur,2009,5.481
dnk,sex_f,age_aggregate_yge65,geo_cov_rur,2010,6.977
dnk,sex_f,age_aggregate_yge65,geo_cov_rur,2011,9.297
dnk,sex_f,age_aggregate_yge65,geo_cov_rur,2012,12.466
dnk,sex_f,age_aggregate_yge65,geo_cov_rur,2013,7.773
dnk,sex_f,age_aggregate_yge65,geo_cov_rur,2014,3.345
dnk,sex_f,age_aggregate_yge65,geo_cov_rur,2015,3.356
dnk,sex_f,age_aggregate_yge65,geo_cov_rur,2016,11.803
dnk,sex_f,age_aggregate_yge65,geo_cov_rur,2017,6.976
dnk,sex_f,age_aggregate_yge65,geo_cov_rur,2018,4.385
dnk,sex_f,age_aggregate_yge65,geo_cov_rur,2019,5.357
dnk,sex_f,age_aggregate_yge65,geo_cov_rur,2020,9.016
dnk,sex_f,age_aggregate_yge65,geo_cov_rur,2021,7.066
dnk,sex_f,age_aggregate_yge65,geo_cov_rur,2022,5.72
dnk,sex_f,age_aggregate_yge65,geo_cov_rur,2023,6.47
dnk,sex_f,age_aggregate_yge65,geo_cov_rur,2024,12.494
dnk,sex_f,age_aggregate_yge65,geo_cov_urb,2005,6.358
dnk,sex_f,age_aggregate_yge65,geo_cov_urb,2007,17.715
dnk,sex_f,age_aggregate_yge65,geo_cov_urb,2008,12.722
dnk,sex_f,age_aggregate_yge65,geo_cov_urb,2009,8.119
dnk,sex_f,age_aggregate_yge65,geo_cov_urb,2010,6.372
dnk,sex_f,age_aggregate_yge65,geo_cov_urb,2011,8.512
dnk,sex_f,age_aggregate_yge65,geo_cov_urb,2012,6.704
dnk,sex_f,age_aggregate_yge65,geo_cov_urb,2013,7.107
dnk,sex_f,age_aggregate_yge65,geo_cov_urb,2014,3.561
dnk,sex_f,age_aggregate_yge65,geo_cov_urb,2015,3.536
dnk,sex_f,age_aggregate_yge65,geo_cov_urb,2016,17.951
dnk,sex_f,age_aggregate_yge65,geo_cov_urb,2017,6.328
dnk,sex_f,age_aggregate_yge65,geo_cov_urb,2018,4.21
dnk,sex_f,age_aggregate_yge65,geo_cov_urb,2019,6.442
dnk,sex_f,age_aggregate_yge65,geo_cov_urb,2020,9.561
dnk,sex_f,age_aggregate_yge65,geo_cov_urb,2021,6.498
dnk,sex_f,age_aggregate_yge65,geo_cov_urb,2022,8.786
dnk,sex_f,age_aggregate_yge65,geo_cov_urb,2023,6
dnk,sex_f,age_aggregate_yge65,geo_cov_urb,2024,8.256
dnk,sex_f,age_ythadult_y15_24,geo_cov_nat,1998,12.718
dnk,sex_f,age_ythadult_y15_24,geo_cov_nat,1999,14.307
dnk,sex_f,age_ythadult_y15_24,geo_cov_nat,2000,12.522
dnk,sex_f,age_ythadult_y15_24,geo_cov_nat,2001,14.323
dnk,sex_f,age_ythadult_y15_24,geo_cov_nat,2002,9.406
dnk,sex_f,age_ythadult_y15_24,geo_cov_nat,2003,14.116
dnk,sex_f,age_ythadult_y15_24,geo_cov_nat,2004,12.543
dnk,sex_f,age_ythadult_y15_24,geo_cov_nat,2005,13.291
dnk,sex_f,age_ythadult_y15_24,geo_cov_nat,2006,11.358
dnk,sex_f,age_ythadult_y15_24,geo_cov_nat,2007,11.998
dnk,sex_f,age_ythadult_y15_24,geo_cov_nat,2008,16.495
dnk,sex_f,age_ythadult_y15_24,geo_cov_nat,2009,17.717
dnk,sex_f,age_ythadult_y15_24,geo_cov_nat,2010,19.933
dnk,sex_f,age_ythadult_y15_24,geo_cov_nat,2011,23.284
dnk,sex_f,age_ythadult_y15_24,geo_cov_nat,2012,22.819
dnk,sex_f,age_ythadult_y15_24,geo_cov_nat,2013,20.936
dnk,sex_f,age_ythadult_y15_24,geo_cov_nat,2014,19.887
dnk,sex_f,age_ythadult_y15_24,geo_cov_nat,2015,16.295
dnk,sex_f,age_ythadult_y15_24,geo_cov_nat,2016,23.033
dnk,sex_f,age_ythadult_y15_24,geo_cov_nat,2017,20.494
dnk,sex_f,age_ythadult_y15_24,geo_cov_nat,2018,16.199
dnk,sex_f,age_ythadult_y15_24,geo_cov_nat,2019,16.726
dnk,sex_f,age_ythadult_y15_24,geo_cov_nat,2020,19.062
dnk,sex_f,age_ythadult_y15_24,geo_cov_nat,2021,18.459
dnk,sex_f,age_ythadult_y15_24,geo_cov_nat,2022,15.88
dnk,sex_f,age_ythadult_y15_24,geo_cov_nat,2023,16.088
dnk,sex_f,age_ythadult_y15_24,geo_cov_nat,2024,20.617
dnk,sex_f,age_ythadult_y15_24,geo_cov_rur,1998,15.397
dnk,sex_f,age_ythadult_y15_24,geo_cov_rur,1999,16.667
dnk,sex_f,age_ythadult_y15_24,geo_cov_rur,2000,13.91
dnk,sex_f,age_ythadult_y15_24,geo_cov_rur,2001,14.371
dnk,sex_f,age_ythadult_y15_24,geo_cov_rur,2002,13.027
dnk,sex_f,age_ythadult_y15_24,geo_cov_rur,2003,16.116
dnk,sex_f,age_ythadult_y15_24,geo_cov_rur,2004,14.858
dnk,sex_f,age_ythadult_y15_24,geo_cov_rur,2005,13.552
dnk,sex_f,age_ythadult_y15_24,geo_cov_rur,2006,12.488
dnk,sex_f,age_ythadult_y15_24,geo_cov_rur,2007,12.228
dnk,sex_f,age_ythadult_y15_24,geo_cov_rur,2008,14.71
dnk,sex_f,age_ythadult_y15_24,geo_cov_rur,2009,18.787
dnk,sex_f,age_ythadult_y15_24,geo_cov_rur,2010,20.533
dnk,sex_f,age_ythadult_y15_24,geo_cov_rur,2011,25.203
dnk,sex_f,age_ythadult_y15_24,geo_cov_rur,2012,21.761
dnk,sex_f,age_ythadult_y15_24,geo_cov_rur,2013,22.488
dnk,sex_f,age_ythadult_y15_24,geo_cov_rur,2014,21.516
dnk,sex_f,age_ythadult_y15_24,geo_cov_rur,2015,18.16
dnk,sex_f,age_ythadult_y15_24,geo_cov_rur,2016,24.702
dnk,sex_f,age_ythadult_y15_24,geo_cov_rur,2017,20.642
dnk,sex_f,age_ythadult_y15_24,geo_cov_rur,2018,15.96
dnk,sex_f,age_ythadult_y15_24,geo_cov_rur,2019,16.036
dnk,sex_f,age_ythadult_y15_24,geo_cov_rur,2020,16.39
dnk,sex_f,age_ythadult_y15_24,geo_cov_rur,2021,18.215
dnk,sex_f,age_ythadult_y15_24,geo_cov_rur,2022,15.352
dnk,sex_f,age_ythadult_y15_24,geo_cov_rur,2023,14.483
dnk,sex_f,age_ythadult_y15_24,geo_cov_rur,2024,21.224
dnk,sex_f,age_ythadult_y15_24,geo_cov_urb,1998,11.011
dnk,sex_f,age_ythadult_y15_24,geo_cov_urb,1999,13.06
dnk,sex_f,age_ythadult_y15_24,geo_cov_urb,2000,11.686
dnk,sex_f,age_ythadult_y15_24,geo_cov_urb,2001,14.296
dnk,sex_f,age_ythadult_y15_24,geo_cov_urb,2002,7.32
dnk,sex_f,age_ythadult_y15_24,geo_cov_urb,2003,13.042
dnk,sex_f,age_ythadult_y15_24,geo_cov_urb,2004,11.116
dnk,sex_f,age_ythadult_y15_24,geo_cov_urb,2005,13.143
dnk,sex_f,age_ythadult_y15_24,geo_cov_urb,2006,10.801
dnk,sex_f,age_ythadult_y15_24,geo_cov_urb,2007,11.893
dnk,sex_f,age_ythadult_y15_24,geo_cov_urb,2008,17.279
dnk,sex_f,age_ythadult_y15_24,geo_cov_urb,2009,17.254
dnk,sex_f,age_ythadult_y15_24,geo_cov_urb,2010,19.693
dnk,sex_f,age_ythadult_y15_24,geo_cov_urb,2011,22.568
dnk,sex_f,age_ythadult_y15_24,geo_cov_urb,2012,23.383
dnk,sex_f,age_ythadult_y15_24,geo_cov_urb,2013,20.077
dnk,sex_f,age_ythadult_y15_24,geo_cov_urb,2014,19.041
dnk,sex_f,age_ythadult_y15_24,geo_cov_urb,2015,15.289
dnk,sex_f,age_ythadult_y15_24,geo_cov_urb,2016,22.194
dnk,sex_f,age_ythadult_y15_24,geo_cov_urb,2017,20.424
dnk,sex_f,age_ythadult_y15_24,geo_cov_urb,2018,16.312
dnk,sex_f,age_ythadult_y15_24,geo_cov_urb,2019,17.06
dnk,sex_f,age_ythadult_y15_24,geo_cov_urb,2020,20.328
dnk,sex_f,age_ythadult_y15_24,geo_cov_urb,2021,18.55
dnk,sex_f,age_ythadult_y15_24,geo_cov_urb,2022,16.073
dnk,sex_f,age_ythadult_y15_24,geo_cov_urb,2023,16.656
dnk,sex_f,age_ythadult_y15_24,geo_cov_urb,2024,20.406
dnk,sex_f,age_ythadult_y15_64,geo_cov_nat,1998,9.259
dnk,sex_f,age_ythadult_y15_64,geo_cov_nat,1999,8.028
dnk,sex_f,age_ythadult_y15_64,geo_cov_nat,2000,7.92
dnk,sex_f,age_ythadult_y15_64,geo_cov_nat,2001,7.591
dnk,sex_f,age_ythadult_y15_64,geo_cov_nat,2002,6.447
dnk,sex_f,age_ythadult_y15_64,geo_cov_nat,2003,7.826
dnk,sex_f,age_ythadult_y15_64,geo_cov_nat,2004,7.754
dnk,sex_f,age_ythadult_y15_64,geo_cov_nat,2005,7.441
dnk,sex_f,age_ythadult_y15_64,geo_cov_nat,2006,6.41
dnk,sex_f,age_ythadult_y15_64,geo_cov_nat,2007,6.681
dnk,sex_f,age_ythadult_y15_64,geo_cov_nat,2008,6.296
dnk,sex_f,age_ythadult_y15_64,geo_cov_nat,2009,8.049
dnk,sex_f,age_ythadult_y15_64,geo_cov_nat,2010,9.466
dnk,sex_f,age_ythadult_y15_64,geo_cov_nat,2011,10.952
dnk,sex_f,age_ythadult_y15_64,geo_cov_nat,2012,10.837
dnk,sex_f,age_ythadult_y15_64,geo_cov_nat,2013,10.602
dnk,sex_f,age_ythadult_y15_64,geo_cov_nat,2014,9.98
dnk,sex_f,age_ythadult_y15_64,geo_cov_nat,2015,8.727
dnk,sex_f,age_ythadult_y15_64,geo_cov_nat,2016,11.081
dnk,sex_f,age_ythadult_y15_64,geo_cov_nat,2017,9.529
dnk,sex_f,age_ythadult_y15_64,geo_cov_nat,2018,8.09
dnk,sex_f,age_ythadult_y15_64,geo_cov_nat,2019,8.042
dnk,sex_f,age_ythadult_y15_64,geo_cov_nat,2020,9.37
dnk,sex_f,age_ythadult_y15_64,geo_cov_nat,2021,7.868
dnk,sex_f,age_ythadult_y15_64,geo_cov_nat,2022,6.677
dnk,sex_f,age_ythadult_y15_64,geo_cov_nat,2023,7.433
dnk,sex_f,age_ythadult_y15_64,geo_cov_nat,2024,9.138
dnk,sex_f,age_ythadult_y15_64,geo_cov_rur,1998,9.573
dnk,sex_f,age_ythadult_y15_64,geo_cov_rur,1999,8.572
dnk,sex_f,age_ythadult_y15_64,geo_cov_rur,2000,8.383
dnk,sex_f,age_ythadult_y15_64,geo_cov_rur,2001,7.498
dnk,sex_f,age_ythadult_y15_64,geo_cov_rur,2002,5.87
dnk,sex_f,age_ythadult_y15_64,geo_cov_rur,2003,7.602
dnk,sex_f,age_ythadult_y15_64,geo_cov_rur,2004,7.576
dnk,sex_f,age_ythadult_y15_64,geo_cov_rur,2005,7.822
dnk,sex_f,age_ythadult_y15_64,geo_cov_rur,2006,6.321
dnk,sex_f,age_ythadult_y15_64,geo_cov_rur,2007,6.581
dnk,sex_f,age_ythadult_y15_64,geo_cov_rur,2008,5.795
dnk,sex_f,age_ythadult_y15_64,geo_cov_rur,2009,8.558
dnk,sex_f,age_ythadult_y15_64,geo_cov_rur,2010,9.151
dnk,sex_f,age_ythadult_y15_64,geo_cov_rur,2011,10.327
dnk,sex_f,age_ythadult_y15_64,geo_cov_rur,2012,9.696
dnk,sex_f,age_ythadult_y15_64,geo_cov_rur,2013,9.955
dnk,sex_f,age_ythadult_y15_64,geo_cov_rur,2014,9.152
dnk,sex_f,age_ythadult_y15_64,geo_cov_rur,2015,7.984
dnk,sex_f,age_ythadult_y15_64,geo_cov_rur,2016,10.364
dnk,sex_f,age_ythadult_y15_64,geo_cov_rur,2017,8.685
dnk,sex_f,age_ythadult_y15_64,geo_cov_rur,2018,6.891
dnk,sex_f,age_ythadult_y15_64,geo_cov_rur,2019,6.971
dnk,sex_f,age_ythadult_y15_64,geo_cov_rur,2020,7.796
dnk,sex_f,age_ythadult_y15_64,geo_cov_rur,2021,5.968
dnk,sex_f,age_ythadult_y15_64,geo_cov_rur,2022,5.75
dnk,sex_f,age_ythadult_y15_64,geo_cov_rur,2023,6.322
dnk,sex_f,age_ythadult_y15_64,geo_cov_rur,2024,7.841
dnk,sex_f,age_ythadult_y15_64,geo_cov_urb,1998,9.06
dnk,sex_f,age_ythadult_y15_64,geo_cov_urb,1999,7.694
dnk,sex_f,age_ythadult_y15_64,geo_cov_urb,2000,7.627
dnk,sex_f,age_ythadult_y15_64,geo_cov_urb,2001,7.649
dnk,sex_f,age_ythadult_y15_64,geo_cov_urb,2002,6.814
dnk,sex_f,age_ythadult_y15_64,geo_cov_urb,2003,7.962
dnk,sex_f,age_ythadult_y15_64,geo_cov_urb,2004,7.87
dnk,sex_f,age_ythadult_y15_64,geo_cov_urb,2005,7.23
dnk,sex_f,age_ythadult_y15_64,geo_cov_urb,2006,6.459
dnk,sex_f,age_ythadult_y15_64,geo_cov_urb,2007,6.73
dnk,sex_f,age_ythadult_y15_64,geo_cov_urb,2008,6.561
dnk,sex_f,age_ythadult_y15_64,geo_cov_urb,2009,7.78
dnk,sex_f,age_ythadult_y15_64,geo_cov_urb,2010,9.619
dnk,sex_f,age_ythadult_y15_64,geo_cov_urb,2011,11.244
dnk,sex_f,age_ythadult_y15_64,geo_cov_urb,2012,11.635
dnk,sex_f,age_ythadult_y15_64,geo_cov_urb,2013,11.07
dnk,sex_f,age_ythadult_y15_64,geo_cov_urb,2014,10.568
dnk,sex_f,age_ythadult_y15_64,geo_cov_urb,2015,9.251
dnk,sex_f,age_ythadult_y15_64,geo_cov_urb,2016,11.511
dnk,sex_f,age_ythadult_y15_64,geo_cov_urb,2017,10.012
dnk,sex_f,age_ythadult_y15_64,geo_cov_urb,2018,8.776
dnk,sex_f,age_ythadult_y15_64,geo_cov_urb,2019,8.647
dnk,sex_f,age_ythadult_y15_64,geo_cov_urb,2020,10.242
dnk,sex_f,age_ythadult_y15_64,geo_cov_urb,2021,8.691
dnk,sex_f,age_ythadult_y15_64,geo_cov_urb,2022,7.077
dnk,sex_f,age_ythadult_y15_64,geo_cov_urb,2023,7.906
dnk,sex_f,age_ythadult_y15_64,geo_cov_urb,2024,9.67
dnk,sex_f,age_ythadult_yge15,geo_cov_nat,1998,9.28
dnk,sex_f,age_ythadult_yge15,geo_cov_nat,1999,7.997
dnk,sex_f,age_ythadult_yge15,geo_cov_nat,2000,7.883
dnk,sex_f,age_ythadult_yge15,geo_cov_nat,2001,7.515
dnk,sex_f,age_ythadult_yge15,geo_cov_nat,2002,6.391
dnk,sex_f,age_ythadult_yge15,geo_cov_nat,2003,7.828
dnk,sex_f,age_ythadult_yge15,geo_cov_nat,2004,7.705
dnk,sex_f,age_ythadult_yge15,geo_cov_nat,2005,7.432
dnk,sex_f,age_ythadult_yge15,geo_cov_nat,2006,6.388
dnk,sex_f,age_ythadult_yge15,geo_cov_nat,2007,6.794
dnk,sex_f,age_ythadult_yge15,geo_cov_nat,2008,6.378
dnk,sex_f,age_ythadult_yge15,geo_cov_nat,2009,8.04
dnk,sex_f,age_ythadult_yge15,geo_cov_nat,2010,9.423
dnk,sex_f,age_ythadult_yge15,geo_cov_nat,2011,10.911
dnk,sex_f,age_ythadult_yge15,geo_cov_nat,2012,10.801
dnk,sex_f,age_ythadult_yge15,geo_cov_nat,2013,10.538
dnk,sex_f,age_ythadult_yge15,geo_cov_nat,2014,9.834
dnk,sex_f,age_ythadult_yge15,geo_cov_nat,2015,8.627
dnk,sex_f,age_ythadult_yge15,geo_cov_nat,2016,11.189
dnk,sex_f,age_ythadult_yge15,geo_cov_nat,2017,9.468
dnk,sex_f,age_ythadult_yge15,geo_cov_nat,2018,8.015
dnk,sex_f,age_ythadult_yge15,geo_cov_nat,2019,8.001
dnk,sex_f,age_ythadult_yge15,geo_cov_nat,2020,9.37
dnk,sex_f,age_ythadult_yge15,geo_cov_nat,2021,7.839
dnk,sex_f,age_ythadult_yge15,geo_cov_nat,2022,6.708
dnk,sex_f,age_ythadult_yge15,geo_cov_nat,2023,7.393
dnk,sex_f,age_ythadult_yge15,geo_cov_nat,2024,9.163
dnk,sex_f,age_ythadult_yge15,geo_cov_rur,1998,9.529
dnk,sex_f,age_ythadult_yge15,geo_cov_rur,1999,8.528
dnk,sex_f,age_ythadult_yge15,geo_cov_rur,2000,8.361
dnk,sex_f,age_ythadult_yge15,geo_cov_rur,2001,7.391
dnk,sex_f,age_ythadult_yge15,geo_cov_rur,2002,5.801
dnk,sex_f,age_ythadult_yge15,geo_cov_rur,2003,7.589
dnk,sex_f,age_ythadult_yge15,geo_cov_rur,2004,7.521
dnk,sex_f,age_ythadult_yge15,geo_cov_rur,2005,7.81
dnk,sex_f,age_ythadult_yge15,geo_cov_rur,2006,6.309
dnk,sex_f,age_ythadult_yge15,geo_cov_rur,2007,6.684
dnk,sex_f,age_ythadult_yge15,geo_cov_rur,2008,5.863
dnk,sex_f,age_ythadult_yge15,geo_cov_rur,2009,8.522
dnk,sex_f,age_ythadult_yge15,geo_cov_rur,2010,9.123
dnk,sex_f,age_ythadult_yge15,geo_cov_rur,2011,10.307
dnk,sex_f,age_ythadult_yge15,geo_cov_rur,2012,9.754
dnk,sex_f,age_ythadult_yge15,geo_cov_rur,2013,9.909
dnk,sex_f,age_ythadult_yge15,geo_cov_rur,2014,9.012
dnk,sex_f,age_ythadult_yge15,geo_cov_rur,2015,7.883
dnk,sex_f,age_ythadult_yge15,geo_cov_rur,2016,10.401
dnk,sex_f,age_ythadult_yge15,geo_cov_rur,2017,8.64
dnk,sex_f,age_ythadult_yge15,geo_cov_rur,2018,6.838
dnk,sex_f,age_ythadult_yge15,geo_cov_rur,2019,6.939
dnk,sex_f,age_ythadult_yge15,geo_cov_rur,2020,7.827
dnk,sex_f,age_ythadult_yge15,geo_cov_rur,2021,6.002
dnk,sex_f,age_ythadult_yge15,geo_cov_rur,2022,5.749
dnk,sex_f,age_ythadult_yge15,geo_cov_rur,2023,6.328
dnk,sex_f,age_ythadult_yge15,geo_cov_rur,2024,8.055
dnk,sex_f,age_ythadult_yge15,geo_cov_urb,1998,9.122
dnk,sex_f,age_ythadult_yge15,geo_cov_urb,1999,7.672
dnk,sex_f,age_ythadult_yge15,geo_cov_urb,2000,7.581
dnk,sex_f,age_ythadult_yge15,geo_cov_urb,2001,7.592
dnk,sex_f,age_ythadult_yge15,geo_cov_urb,2002,6.769
dnk,sex_f,age_ythadult_yge15,geo_cov_urb,2003,7.972
dnk,sex_f,age_ythadult_yge15,geo_cov_urb,2004,7.826
dnk,sex_f,age_ythadult_yge15,geo_cov_urb,2005,7.222
dnk,sex_f,age_ythadult_yge15,geo_cov_urb,2006,6.432
dnk,sex_f,age_ythadult_yge15,geo_cov_urb,2007,6.849
dnk,sex_f,age_ythadult_yge15,geo_cov_urb,2008,6.649
dnk,sex_f,age_ythadult_yge15,geo_cov_urb,2009,7.786
dnk,sex_f,age_ythadult_yge15,geo_cov_urb,2010,9.569
dnk,sex_f,age_ythadult_yge15,geo_cov_urb,2011,11.195
dnk,sex_f,age_ythadult_yge15,geo_cov_urb,2012,11.534
dnk,sex_f,age_ythadult_yge15,geo_cov_urb,2013,10.994
dnk,sex_f,age_ythadult_yge15,geo_cov_urb,2014,10.419
dnk,sex_f,age_ythadult_yge15,geo_cov_urb,2015,9.155
dnk,sex_f,age_ythadult_yge15,geo_cov_urb,2016,11.662
dnk,sex_f,age_ythadult_yge15,geo_cov_urb,2017,9.946
dnk,sex_f,age_ythadult_yge15,geo_cov_urb,2018,8.691
dnk,sex_f,age_ythadult_yge15,geo_cov_urb,2019,8.601
dnk,sex_f,age_ythadult_yge15,geo_cov_urb,2020,10.227
dnk,sex_f,age_ythadult_yge15,geo_cov_urb,2021,8.643
dnk,sex_f,age_ythadult_yge15,geo_cov_urb,2022,7.125
dnk,sex_f,age_ythadult_yge15,geo_cov_urb,2023,7.853
dnk,sex_f,age_ythadult_yge15,geo_cov_urb,2024,9.623
dnk,sex_f,age_ythadult_yge25,geo_cov_nat,1998,8.509
dnk,sex_f,age_ythadult_yge25,geo_cov_nat,1999,6.72
dnk,sex_f,age_ythadult_yge25,geo_cov_nat,2000,6.953
dnk,sex_f,age_ythadult_yge25,geo_cov_nat,2001,6.341
dnk,sex_f,age_ythadult_yge25,geo_cov_nat,2002,5.876
dnk,sex_f,age_ythadult_yge25,geo_cov_nat,2003,6.775
dnk,sex_f,age_ythadult_yge25,geo_cov_nat,2004,6.888
dnk,sex_f,age_ythadult_yge25,geo_cov_nat,2005,6.418
dnk,sex_f,age_ythadult_yge25,geo_cov_nat,2006,5.473
dnk,sex_f,age_ythadult_yge25,geo_cov_nat,2007,5.843
dnk,sex_f,age_ythadult_yge25,geo_cov_nat,2008,4.407
dnk,sex_f,age_ythadult_yge25,geo_cov_nat,2009,6.114
dnk,sex_f,age_ythadult_yge25,geo_cov_nat,2010,7.365
dnk,sex_f,age_ythadult_yge25,geo_cov_nat,2011,8.402
dnk,sex_f,age_ythadult_yge25,geo_cov_nat,2012,8.441
dnk,sex_f,age_ythadult_yge25,geo_cov_nat,2013,8.544
dnk,sex_f,age_ythadult_yge25,geo_cov_nat,2014,7.904
dnk,sex_f,age_ythadult_yge25,geo_cov_nat,2015,7.169
dnk,sex_f,age_ythadult_yge25,geo_cov_nat,2016,8.716
dnk,sex_f,age_ythadult_yge25,geo_cov_nat,2017,7.257
dnk,sex_f,age_ythadult_yge25,geo_cov_nat,2018,6.442
dnk,sex_f,age_ythadult_yge25,geo_cov_nat,2019,6.327
dnk,sex_f,age_ythadult_yge25,geo_cov_nat,2020,7.566
dnk,sex_f,age_ythadult_yge25,geo_cov_nat,2021,5.931
dnk,sex_f,age_ythadult_yge25,geo_cov_nat,2022,5.063
dnk,sex_f,age_ythadult_yge25,geo_cov_nat,2023,5.773
dnk,sex_f,age_ythadult_yge25,geo_cov_nat,2024,6.89
dnk,sex_f,age_ythadult_yge25,geo_cov_rur,1998,8.21
dnk,sex_f,age_ythadult_yge25,geo_cov_rur,1999,7.059
dnk,sex_f,age_ythadult_yge25,geo_cov_rur,2000,7.287
dnk,sex_f,age_ythadult_yge25,geo_cov_rur,2001,6.292
dnk,sex_f,age_ythadult_yge25,geo_cov_rur,2002,4.655
dnk,sex_f,age_ythadult_yge25,geo_cov_rur,2003,6.28
dnk,sex_f,age_ythadult_yge25,geo_cov_rur,2004,6.341
dnk,sex_f,age_ythadult_yge25,geo_cov_rur,2005,6.797
dnk,sex_f,age_ythadult_yge25,geo_cov_rur,2006,5.271
dnk,sex_f,age_ythadult_yge25,geo_cov_rur,2007,5.741
dnk,sex_f,age_ythadult_yge25,geo_cov_rur,2008,4.371
dnk,sex_f,age_ythadult_yge25,geo_cov_rur,2009,6.776
dnk,sex_f,age_ythadult_yge25,geo_cov_rur,2010,7.225
dnk,sex_f,age_ythadult_yge25,geo_cov_rur,2011,7.814
dnk,sex_f,age_ythadult_yge25,geo_cov_rur,2012,7.822
dnk,sex_f,age_ythadult_yge25,geo_cov_rur,2013,7.922
dnk,sex_f,age_ythadult_yge25,geo_cov_rur,2014,7.104
dnk,sex_f,age_ythadult_yge25,geo_cov_rur,2015,6.28
dnk,sex_f,age_ythadult_yge25,geo_cov_rur,2016,7.799
dnk,sex_f,age_ythadult_yge25,geo_cov_rur,2017,6.58
dnk,sex_f,age_ythadult_yge25,geo_cov_rur,2018,5.329
dnk,sex_f,age_ythadult_yge25,geo_cov_rur,2019,5.388
dnk,sex_f,age_ythadult_yge25,geo_cov_rur,2020,6.42
dnk,sex_f,age_ythadult_yge25,geo_cov_rur,2021,4.097
dnk,sex_f,age_ythadult_yge25,geo_cov_rur,2022,4.255
dnk,sex_f,age_ythadult_yge25,geo_cov_rur,2023,5.046
dnk,sex_f,age_ythadult_yge25,geo_cov_rur,2024,5.809
dnk,sex_f,age_ythadult_yge25,geo_cov_urb,1998,8.699
dnk,sex_f,age_ythadult_yge25,geo_cov_urb,1999,6.505
dnk,sex_f,age_ythadult_yge25,geo_cov_urb,2000,6.74
dnk,sex_f,age_ythadult_yge25,geo_cov_urb,2001,6.373
dnk,sex_f,age_ythadult_yge25,geo_cov_urb,2002,6.67
dnk,sex_f,age_ythadult_yge25,geo_cov_urb,2003,7.079
dnk,sex_f,age_ythadult_yge25,geo_cov_urb,2004,7.253
dnk,sex_f,age_ythadult_yge25,geo_cov_urb,2005,6.208
dnk,sex_f,age_ythadult_yge25,geo_cov_urb,2006,5.587
dnk,sex_f,age_ythadult_yge25,geo_cov_urb,2007,5.895
dnk,sex_f,age_ythadult_yge25,geo_cov_urb,2008,4.427
dnk,sex_f,age_ythadult_yge25,geo_cov_urb,2009,5.754
dnk,sex_f,age_ythadult_yge25,geo_cov_urb,2010,7.436
dnk,sex_f,age_ythadult_yge25,geo_cov_urb,2011,8.691
dnk,sex_f,age_ythadult_yge25,geo_cov_urb,2012,8.898
dnk,sex_f,age_ythadult_yge25,geo_cov_urb,2013,9.018
dnk,sex_f,age_ythadult_yge25,geo_cov_urb,2014,8.507
dnk,sex_f,age_ythadult_yge25,geo_cov_urb,2015,7.832
dnk,sex_f,age_ythadult_yge25,geo_cov_urb,2016,9.287
dnk,sex_f,age_ythadult_yge25,geo_cov_urb,2017,7.663
dnk,sex_f,age_ythadult_yge25,geo_cov_urb,2018,7.105
dnk,sex_f,age_ythadult_yge25,geo_cov_urb,2019,6.871
dnk,sex_f,age_ythadult_yge25,geo_cov_urb,2020,8.222
dnk,sex_f,age_ythadult_yge25,geo_cov_urb,2021,6.757
dnk,sex_f,age_ythadult_yge25,geo_cov_urb,2022,5.426
dnk,sex_f,age_ythadult_yge25,geo_cov_urb,2023,6.099
dnk,sex_f,age_ythadult_yge25,geo_cov_urb,2024,7.355
dnk,sex_m,age_aggregate_total,geo_cov_nat,1998,5.482
dnk,sex_m,age_aggregate_total,geo_cov_nat,1999,5.514
dnk,sex_m,age_aggregate_total,geo_cov_nat,2000,5.887
dnk,sex_m,age_aggregate_total,geo_cov_nat,2001,5.595
dnk,sex_m,age_aggregate_total,geo_cov_nat,2002,5.648
dnk,sex_m,age_aggregate_total,geo_cov_nat,2003,6.591
dnk,sex_m,age_aggregate_total,geo_cov_nat,2004,6.202
dnk,sex_m,age_aggregate_total,geo_cov_nat,2005,5.986
dnk,sex_m,age_aggregate_total,geo_cov_nat,2006,4.77
dnk,sex_m,age_aggregate_total,geo_cov_nat,2007,5.511
dnk,sex_m,age_aggregate_total,geo_cov_nat,2008,5.387
dnk,sex_m,age_aggregate_total,geo_cov_nat,2009,9.446
dnk,sex_m,age_aggregate_total,geo_cov_nat,2010,10.949
dnk,sex_m,age_aggregate_total,geo_cov_nat,2011,10.939
dnk,sex_m,age_aggregate_total,geo_cov_nat,2012,10.591
dnk,sex_m,age_aggregate_total,geo_cov_nat,2013,10.043
dnk,sex_m,age_aggregate_total,geo_cov_nat,2014,9.184
dnk,sex_m,age_aggregate_total,geo_cov_nat,2015,8.164
dnk,sex_m,age_aggregate_total,geo_cov_nat,2016,10.334
dnk,sex_m,age_aggregate_total,geo_cov_nat,2017,8.771
dnk,sex_m,age_aggregate_total,geo_cov_nat,2018,7.539
dnk,sex_m,age_aggregate_total,geo_cov_nat,2019,7.457
dnk,sex_m,age_aggregate_total,geo_cov_nat,2020,8.349
dnk,sex_m,age_aggregate_total,geo_cov_nat,2021,7.285
dnk,sex_m,age_aggregate_total,geo_cov_nat,2022,6.502
dnk,sex_m,age_aggregate_total,geo_cov_nat,2023,6.908
dnk,sex_m,age_aggregate_total,geo_cov_nat,2024,8.547
dnk,sex_m,age_aggregate_total,geo_cov_rur,1998,4.386
dnk,sex_m,age_aggregate_total,geo_cov_rur,1999,4.915
dnk,sex_m,age_aggregate_total,geo_cov_rur,2000,4.626
dnk,sex_m,age_aggregate_total,geo_cov_rur,2001,5.638
dnk,sex_m,age_aggregate_total,geo_cov_rur,2002,4.995
dnk,sex_m,age_aggregate_total,geo_cov_rur,2003,5.884
dnk,sex_m,age_aggregate_total,geo_cov_rur,2004,5.579
dnk,sex_m,age_aggregate_total,geo_cov_rur,2005,4.917
dnk,sex_m,age_aggregate_total,geo_cov_rur,2006,4.371
dnk,sex_m,age_aggregate_total,geo_cov_rur,2007,4.302
dnk,sex_m,age_aggregate_total,geo_cov_rur,2008,4.381
dnk,sex_m,age_aggregate_total,geo_cov_rur,2009,8.758
dnk,sex_m,age_aggregate_total,geo_cov_rur,2010,10.258
dnk,sex_m,age_aggregate_total,geo_cov_rur,2011,9.882
dnk,sex_m,age_aggregate_total,geo_cov_rur,2012,9.23
dnk,sex_m,age_aggregate_total,geo_cov_rur,2013,9.178
dnk,sex_m,age_aggregate_total,geo_cov_rur,2014,8.13
dnk,sex_m,age_aggregate_total,geo_cov_rur,2015,7.432
dnk,sex_m,age_aggregate_total,geo_cov_rur,2016,9.474
dnk,sex_m,age_aggregate_total,geo_cov_rur,2017,7.728
dnk,sex_m,age_aggregate_total,geo_cov_rur,2018,6.57
dnk,sex_m,age_aggregate_total,geo_cov_rur,2019,6.355
dnk,sex_m,age_aggregate_total,geo_cov_rur,2020,7.113
dnk,sex_m,age_aggregate_total,geo_cov_rur,2021,5.491
dnk,sex_m,age_aggregate_total,geo_cov_rur,2022,5.149
dnk,sex_m,age_aggregate_total,geo_cov_rur,2023,5.822
dnk,sex_m,age_aggregate_total,geo_cov_rur,2024,6.972
dnk,sex_m,age_aggregate_total,geo_cov_urb,1998,6.172
dnk,sex_m,age_aggregate_total,geo_cov_urb,1999,5.888
dnk,sex_m,age_aggregate_total,geo_cov_urb,2000,6.777
dnk,sex_m,age_aggregate_total,geo_cov_urb,2001,5.566
dnk,sex_m,age_aggregate_total,geo_cov_urb,2002,6.059
dnk,sex_m,age_aggregate_total,geo_cov_urb,2003,7.069
dnk,sex_m,age_aggregate_total,geo_cov_urb,2004,6.618
dnk,sex_m,age_aggregate_total,geo_cov_urb,2005,6.634
dnk,sex_m,age_aggregate_total,geo_cov_urb,2006,5.02
dnk,sex_m,age_aggregate_total,geo_cov_urb,2007,6.137
dnk,sex_m,age_aggregate_total,geo_cov_urb,2008,5.931
dnk,sex_m,age_aggregate_total,geo_cov_urb,2009,9.838
dnk,sex_m,age_aggregate_total,geo_cov_urb,2010,11.318
dnk,sex_m,age_aggregate_total,geo_cov_urb,2011,11.482
dnk,sex_m,age_aggregate_total,geo_cov_urb,2012,11.639
dnk,sex_m,age_aggregate_total,geo_cov_urb,2013,10.725
dnk,sex_m,age_aggregate_total,geo_cov_urb,2014,9.995
dnk,sex_m,age_aggregate_total,geo_cov_urb,2015,8.724
dnk,sex_m,age_aggregate_total,geo_cov_urb,2016,10.895
dnk,sex_m,age_aggregate_total,geo_cov_urb,2017,9.417
dnk,sex_m,age_aggregate_total,geo_cov_urb,2018,8.133
dnk,sex_m,age_aggregate_total,geo_cov_urb,2019,8.111
dnk,sex_m,age_aggregate_total,geo_cov_urb,2020,9.087
dnk,sex_m,age_aggregate_total,geo_cov_urb,2021,8.169
dnk,sex_m,age_aggregate_total,geo_cov_urb,2022,7.185
dnk,sex_m,age_aggregate_total,geo_cov_urb,2023,7.441
dnk,sex_m,age_aggregate_total,geo_cov_urb,2024,9.27
dnk,sex_m,age_aggregate_y15_24,geo_cov_nat,1998,11.102
dnk,sex_m,age_aggregate_y15_24,geo_cov_nat,1999,11.786
dnk,sex_m,age_aggregate_y15_24,geo_cov_nat,2000,9.756
dnk,sex_m,age_aggregate_y15_24,geo_cov_nat,2001,12.097
dnk,sex_m,age_aggregate_y15_24,geo_cov_nat,2002,12.371
dnk,sex_m,age_aggregate_y15_24,geo_cov_nat,2003,15.301
dnk,sex_m,age_aggregate_y15_24,geo_cov_nat,2004,12.214
dnk,sex_m,age_aggregate_y15_24,geo_cov_nat,2005,12.826
dnk,sex_m,age_aggregate_y15_24,geo_cov_nat,2006,11.508
dnk,sex_m,age_aggregate_y15_24,geo_cov_nat,2007,13.752
dnk,sex_m,age_aggregate_y15_24,geo_cov_nat,2008,14.894
dnk,sex_m,age_aggregate_y15_24,geo_cov_nat,2009,22.143
dnk,sex_m,age_aggregate_y15_24,geo_cov_nat,2010,25.84
dnk,sex_m,age_aggregate_y15_24,geo_cov_nat,2011,27.544
dnk,sex_m,age_aggregate_y15_24,geo_cov_nat,2012,25.734
dnk,sex_m,age_aggregate_y15_24,geo_cov_nat,2013,25.287
dnk,sex_m,age_aggregate_y15_24,geo_cov_nat,2014,23.992
dnk,sex_m,age_aggregate_y15_24,geo_cov_nat,2015,19.721
dnk,sex_m,age_aggregate_y15_24,geo_cov_nat,2016,27.559
dnk,sex_m,age_aggregate_y15_24,geo_cov_nat,2017,22.122
dnk,sex_m,age_aggregate_y15_24,geo_cov_nat,2018,19.74
dnk,sex_m,age_aggregate_y15_24,geo_cov_nat,2019,18.645
dnk,sex_m,age_aggregate_y15_24,geo_cov_nat,2020,21.21
dnk,sex_m,age_aggregate_y15_24,geo_cov_nat,2021,18.053
dnk,sex_m,age_aggregate_y15_24,geo_cov_nat,2022,17.246
dnk,sex_m,age_aggregate_y15_24,geo_cov_nat,2023,17.623
dnk,sex_m,age_aggregate_y15_24,geo_cov_nat,2024,22.975
dnk,sex_m,age_aggregate_y15_24,geo_cov_rur,1998,14.121
dnk,sex_m,age_aggregate_y15_24,geo_cov_rur,1999,10.405
dnk,sex_m,age_aggregate_y15_24,geo_cov_rur,2000,7.276
dnk,sex_m,age_aggregate_y15_24,geo_cov_rur,2001,13.787
dnk,sex_m,age_aggregate_y15_24,geo_cov_rur,2002,10.53
dnk,sex_m,age_aggregate_y15_24,geo_cov_rur,2003,14.989
dnk,sex_m,age_aggregate_y15_24,geo_cov_rur,2004,11.72
dnk,sex_m,age_aggregate_y15_24,geo_cov_rur,2005,11.005
dnk,sex_m,age_aggregate_y15_24,geo_cov_rur,2006,11.629
dnk,sex_m,age_aggregate_y15_24,geo_cov_rur,2007,12.514
dnk,sex_m,age_aggregate_y15_24,geo_cov_rur,2008,12.31
dnk,sex_m,age_aggregate_y15_24,geo_cov_rur,2009,21.508
dnk,sex_m,age_aggregate_y15_24,geo_cov_rur,2010,24.895
dnk,sex_m,age_aggregate_y15_24,geo_cov_rur,2011,25.254
dnk,sex_m,age_aggregate_y15_24,geo_cov_rur,2012,24.789
dnk,sex_m,age_aggregate_y15_24,geo_cov_rur,2013,24.941
dnk,sex_m,age_aggregate_y15_24,geo_cov_rur,2014,22.395
dnk,sex_m,age_aggregate_y15_24,geo_cov_rur,2015,21.106
dnk,sex_m,age_aggregate_y15_24,geo_cov_rur,2016,27.857
dnk,sex_m,age_aggregate_y15_24,geo_cov_rur,2017,21.209
dnk,sex_m,age_aggregate_y15_24,geo_cov_rur,2018,17.865
dnk,sex_m,age_aggregate_y15_24,geo_cov_rur,2019,17.14
dnk,sex_m,age_aggregate_y15_24,geo_cov_rur,2020,19.11
dnk,sex_m,age_aggregate_y15_24,geo_cov_rur,2021,15.949
dnk,sex_m,age_aggregate_y15_24,geo_cov_rur,2022,15.385
dnk,sex_m,age_aggregate_y15_24,geo_cov_rur,2023,17.542
dnk,sex_m,age_aggregate_y15_24,geo_cov_rur,2024,21.55
dnk,sex_m,age_aggregate_y15_24,geo_cov_urb,1998,9.444
dnk,sex_m,age_aggregate_y15_24,geo_cov_urb,1999,12.691
dnk,sex_m,age_aggregate_y15_24,geo_cov_urb,2000,11.485
dnk,sex_m,age_aggregate_y15_24,geo_cov_urb,2001,10.987
dnk,sex_m,age_aggregate_y15_24,geo_cov_urb,2002,13.581
dnk,sex_m,age_aggregate_y15_24,geo_cov_urb,2003,15.491
dnk,sex_m,age_aggregate_y15_24,geo_cov_urb,2004,12.566
dnk,sex_m,age_aggregate_y15_24,geo_cov_urb,2005,13.982
dnk,sex_m,age_aggregate_y15_24,geo_cov_urb,2006,11.421
dnk,sex_m,age_aggregate_y15_24,geo_cov_urb,2007,14.405
dnk,sex_m,age_aggregate_y15_24,geo_cov_urb,2008,16.198
dnk,sex_m,age_aggregate_y15_24,geo_cov_urb,2009,22.477
dnk,sex_m,age_aggregate_y15_24,geo_cov_urb,2010,26.28
dnk,sex_m,age_aggregate_y15_24,geo_cov_urb,2011,28.575
dnk,sex_m,age_aggregate_y15_24,geo_cov_urb,2012,26.363
dnk,sex_m,age_aggregate_y15_24,geo_cov_urb,2013,25.523
dnk,sex_m,age_aggregate_y15_24,geo_cov_urb,2014,25.021
dnk,sex_m,age_aggregate_y15_24,geo_cov_urb,2015,18.813
dnk,sex_m,age_aggregate_y15_24,geo_cov_urb,2016,27.389
dnk,sex_m,age_aggregate_y15_24,geo_cov_urb,2017,22.633
dnk,sex_m,age_aggregate_y15_24,geo_cov_urb,2018,20.791
dnk,sex_m,age_aggregate_y15_24,geo_cov_urb,2019,19.485
dnk,sex_m,age_aggregate_y15_24,geo_cov_urb,2020,22.376
dnk,sex_m,age_aggregate_y15_24,geo_cov_urb,2021,19.07
dnk,sex_m,age_aggregate_y15_24,geo_cov_urb,2022,18.084
dnk,sex_m,age_aggregate_y15_24,geo_cov_urb,2023,17.657
dnk,sex_m,age_aggregate_y15_24,geo_cov_urb,2024,23.569
dnk,sex_m,age_aggregate_y25_54,geo_cov_nat,1998,4.379
dnk,sex_m,age_aggregate_y25_54,geo_cov_nat,1999,4.483
dnk,sex_m,age_aggregate_y25_54,geo_cov_nat,2000,4.837
dnk,sex_m,age_aggregate_y25_54,geo_cov_nat,2001,4.21
dnk,sex_m,age_aggregate_y25_54,geo_cov_nat,2002,4.327
dnk,sex_m,age_aggregate_y25_54,geo_cov_nat,2003,5.153
dnk,sex_m,age_aggregate_y25_54,geo_cov_nat,2004,5.189
dnk,sex_m,age_aggregate_y25_54,geo_cov_nat,2005,4.648
dnk,sex_m,age_aggregate_y25_54,geo_cov_nat,2006,3.225
dnk,sex_m,age_aggregate_y25_54,geo_cov_nat,2007,3.598
dnk,sex_m,age_aggregate_y25_54,geo_cov_nat,2008,3.483
dnk,sex_m,age_aggregate_y25_54,geo_cov_nat,2009,7.208
dnk,sex_m,age_aggregate_y25_54,geo_cov_nat,2010,8.335
dnk,sex_m,age_aggregate_y25_54,geo_cov_nat,2011,7.606
dnk,sex_m,age_aggregate_y25_54,geo_cov_nat,2012,8.008
dnk,sex_m,age_aggregate_y25_54,geo_cov_nat,2013,7.466
dnk,sex_m,age_aggregate_y25_54,geo_cov_nat,2014,6.784
dnk,sex_m,age_aggregate_y25_54,geo_cov_nat,2015,6.563
dnk,sex_m,age_aggregate_y25_54,geo_cov_nat,2016,6.9
dnk,sex_m,age_aggregate_y25_54,geo_cov_nat,2017,6.437
dnk,sex_m,age_aggregate_y25_54,geo_cov_nat,2018,5.616
dnk,sex_m,age_aggregate_y25_54,geo_cov_nat,2019,5.749
dnk,sex_m,age_aggregate_y25_54,geo_cov_nat,2020,6.22
dnk,sex_m,age_aggregate_y25_54,geo_cov_nat,2021,5.503
dnk,sex_m,age_aggregate_y25_54,geo_cov_nat,2022,4.807
dnk,sex_m,age_aggregate_y25_54,geo_cov_nat,2023,5.395
dnk,sex_m,age_aggregate_y25_54,geo_cov_nat,2024,5.854
dnk,sex_m,age_aggregate_y25_54,geo_cov_rur,1998,2.664
dnk,sex_m,age_aggregate_y25_54,geo_cov_rur,1999,4.066
dnk,sex_m,age_aggregate_y25_54,geo_cov_rur,2000,3.864
dnk,sex_m,age_aggregate_y25_54,geo_cov_rur,2001,4.084
dnk,sex_m,age_aggregate_y25_54,geo_cov_rur,2002,3.95
dnk,sex_m,age_aggregate_y25_54,geo_cov_rur,2003,4.39
dnk,sex_m,age_aggregate_y25_54,geo_cov_rur,2004,4.172
dnk,sex_m,age_aggregate_y25_54,geo_cov_rur,2005,3.483
dnk,sex_m,age_aggregate_y25_54,geo_cov_rur,2006,2.57
dnk,sex_m,age_aggregate_y25_54,geo_cov_rur,2007,2.179
dnk,sex_m,age_aggregate_y25_54,geo_cov_rur,2008,2.79
dnk,sex_m,age_aggregate_y25_54,geo_cov_rur,2009,6.493
dnk,sex_m,age_aggregate_y25_54,geo_cov_rur,2010,7.853
dnk,sex_m,age_aggregate_y25_54,geo_cov_rur,2011,6.736
dnk,sex_m,age_aggregate_y25_54,geo_cov_rur,2012,6.681
dnk,sex_m,age_aggregate_y25_54,geo_cov_rur,2013,6.905
dnk,sex_m,age_aggregate_y25_54,geo_cov_rur,2014,6.078
dnk,sex_m,age_aggregate_y25_54,geo_cov_rur,2015,5.685
dnk,sex_m,age_aggregate_y25_54,geo_cov_rur,2016,6.136
dnk,sex_m,age_aggregate_y25_54,geo_cov_rur,2017,5.569
dnk,sex_m,age_aggregate_y25_54,geo_cov_rur,2018,4.823
dnk,sex_m,age_aggregate_y25_54,geo_cov_rur,2019,4.677
dnk,sex_m,age_aggregate_y25_54,geo_cov_rur,2020,4.958
dnk,sex_m,age_aggregate_y25_54,geo_cov_rur,2021,3.769
dnk,sex_m,age_aggregate_y25_54,geo_cov_rur,2022,3.807
dnk,sex_m,age_aggregate_y25_54,geo_cov_rur,2023,4.372
dnk,sex_m,age_aggregate_y25_54,geo_cov_rur,2024,4.543
dnk,sex_m,age_aggregate_y25_54,geo_cov_urb,1998,5.459
dnk,sex_m,age_aggregate_y25_54,geo_cov_urb,1999,4.741
dnk,sex_m,age_aggregate_y25_54,geo_cov_urb,2000,5.508
dnk,sex_m,age_aggregate_y25_54,geo_cov_urb,2001,4.297
dnk,sex_m,age_aggregate_y25_54,geo_cov_urb,2002,4.557
dnk,sex_m,age_aggregate_y25_54,geo_cov_urb,2003,5.676
dnk,sex_m,age_aggregate_y25_54,geo_cov_urb,2004,5.847
dnk,sex_m,age_aggregate_y25_54,geo_cov_urb,2005,5.338
dnk,sex_m,age_aggregate_y25_54,geo_cov_urb,2006,3.61
dnk,sex_m,age_aggregate_y25_54,geo_cov_urb,2007,4.305
dnk,sex_m,age_aggregate_y25_54,geo_cov_urb,2008,3.851
dnk,sex_m,age_aggregate_y25_54,geo_cov_urb,2009,7.612
dnk,sex_m,age_aggregate_y25_54,geo_cov_urb,2010,8.592
dnk,sex_m,age_aggregate_y25_54,geo_cov_urb,2011,8.044
dnk,sex_m,age_aggregate_y25_54,geo_cov_urb,2012,8.997
dnk,sex_m,age_aggregate_y25_54,geo_cov_urb,2013,7.894
dnk,sex_m,age_aggregate_y25_54,geo_cov_urb,2014,7.308
dnk,sex_m,age_aggregate_y25_54,geo_cov_urb,2015,7.202
dnk,sex_m,age_aggregate_y25_54,geo_cov_urb,2016,7.376
dnk,sex_m,age_aggregate_y25_54,geo_cov_urb,2017,6.943
dnk,sex_m,age_aggregate_y25_54,geo_cov_urb,2018,6.07
dnk,sex_m,age_aggregate_y25_54,geo_cov_urb,2019,6.335
dnk,sex_m,age_aggregate_y25_54,geo_cov_urb,2020,6.911
dnk,sex_m,age_aggregate_y25_54,geo_cov_urb,2021,6.291
dnk,sex_m,age_aggregate_y25_54,geo_cov_urb,2022,5.286
dnk,sex_m,age_aggregate_y25_54,geo_cov_urb,2023,5.874
dnk,sex_m,age_aggregate_y25_54,geo_cov_urb,2024,6.397
dnk,sex_m,age_aggregate_y55_64,geo_cov_nat,1998,5.066
dnk,sex_m,age_aggregate_y55_64,geo_cov_nat,1999,3.9
dnk,sex_m,age_aggregate_y55_64,geo_cov_nat,2000,6.89
dnk,sex_m,age_aggregate_y55_64,geo_cov_nat,2001,6.133
dnk,sex_m,age_aggregate_y55_64,geo_cov_nat,2002,6.02
dnk,sex_m,age_aggregate_y55_64,geo_cov_nat,2003,5.119
dnk,sex_m,age_aggregate_y55_64,geo_cov_nat,2004,5.754
dnk,sex_m,age_aggregate_y55_64,geo_cov_nat,2005,6.001
dnk,sex_m,age_aggregate_y55_64,geo_cov_nat,2006,4.939
dnk,sex_m,age_aggregate_y55_64,geo_cov_nat,2007,5.004
dnk,sex_m,age_aggregate_y55_64,geo_cov_nat,2008,3.906
dnk,sex_m,age_aggregate_y55_64,geo_cov_nat,2009,6.71
dnk,sex_m,age_aggregate_y55_64,geo_cov_nat,2010,8.278
dnk,sex_m,age_aggregate_y55_64,geo_cov_nat,2011,8.934
dnk,sex_m,age_aggregate_y55_64,geo_cov_nat,2012,7.461
dnk,sex_m,age_aggregate_y55_64,geo_cov_nat,2013,7.07
dnk,sex_m,age_aggregate_y55_64,geo_cov_nat,2014,6.632
dnk,sex_m,age_aggregate_y55_64,geo_cov_nat,2015,4.892
dnk,sex_m,age_aggregate_y55_64,geo_cov_nat,2016,7.326
dnk,sex_m,age_aggregate_y55_64,geo_cov_nat,2017,6.084
dnk,sex_m,age_aggregate_y55_64,geo_cov_nat,2018,4.909
dnk,sex_m,age_aggregate_y55_64,geo_cov_nat,2019,4.751
dnk,sex_m,age_aggregate_y55_64,geo_cov_nat,2020,5.773
dnk,sex_m,age_aggregate_y55_64,geo_cov_nat,2021,5.408
dnk,sex_m,age_aggregate_y55_64,geo_cov_nat,2022,4.085
dnk,sex_m,age_aggregate_y55_64,geo_cov_nat,2023,3.923
dnk,sex_m,age_aggregate_y55_64,geo_cov_nat,2024,5.511
dnk,sex_m,age_aggregate_y55_64,geo_cov_rur,1998,3.612
dnk,sex_m,age_aggregate_y55_64,geo_cov_rur,1999,3.206
dnk,sex_m,age_aggregate_y55_64,geo_cov_rur,2000,5.842
dnk,sex_m,age_aggregate_y55_64,geo_cov_rur,2001,6.023
dnk,sex_m,age_aggregate_y55_64,geo_cov_rur,2002,5.185
dnk,sex_m,age_aggregate_y55_64,geo_cov_rur,2003,5.12
dnk,sex_m,age_aggregate_y55_64,geo_cov_rur,2004,6.424
dnk,sex_m,age_aggregate_y55_64,geo_cov_rur,2005,5.622
dnk,sex_m,age_aggregate_y55_64,geo_cov_rur,2006,4.663
dnk,sex_m,age_aggregate_y55_64,geo_cov_rur,2007,3.932
dnk,sex_m,age_aggregate_y55_64,geo_cov_rur,2008,3.618
dnk,sex_m,age_aggregate_y55_64,geo_cov_rur,2009,6.593
dnk,sex_m,age_aggregate_y55_64,geo_cov_rur,2010,8.621
dnk,sex_m,age_aggregate_y55_64,geo_cov_rur,2011,9.156
dnk,sex_m,age_aggregate_y55_64,geo_cov_rur,2012,6.87
dnk,sex_m,age_aggregate_y55_64,geo_cov_rur,2013,5.597
dnk,sex_m,age_aggregate_y55_64,geo_cov_rur,2014,6.096
dnk,sex_m,age_aggregate_y55_64,geo_cov_rur,2015,4.407
dnk,sex_m,age_aggregate_y55_64,geo_cov_rur,2016,5.828
dnk,sex_m,age_aggregate_y55_64,geo_cov_rur,2017,4.975
dnk,sex_m,age_aggregate_y55_64,geo_cov_rur,2018,4.338
dnk,sex_m,age_aggregate_y55_64,geo_cov_rur,2019,4.07
dnk,sex_m,age_aggregate_y55_64,geo_cov_rur,2020,5.463
dnk,sex_m,age_aggregate_y55_64,geo_cov_rur,2021,3.702
dnk,sex_m,age_aggregate_y55_64,geo_cov_rur,2022,3.168
dnk,sex_m,age_aggregate_y55_64,geo_cov_rur,2023,2.925
dnk,sex_m,age_aggregate_y55_64,geo_cov_rur,2024,3.962
dnk,sex_m,age_aggregate_y55_64,geo_cov_urb,1998,6.127
dnk,sex_m,age_aggregate_y55_64,geo_cov_urb,1999,4.334
dnk,sex_m,age_aggregate_y55_64,geo_cov_urb,2000,7.73
dnk,sex_m,age_aggregate_y55_64,geo_cov_urb,2001,6.214
dnk,sex_m,age_aggregate_y55_64,geo_cov_urb,2002,6.597
dnk,sex_m,age_aggregate_y55_64,geo_cov_urb,2003,5.118
dnk,sex_m,age_aggregate_y55_64,geo_cov_urb,2004,5.288
dnk,sex_m,age_aggregate_y55_64,geo_cov_urb,2005,6.24
dnk,sex_m,age_aggregate_y55_64,geo_cov_urb,2006,5.133
dnk,sex_m,age_aggregate_y55_64,geo_cov_urb,2007,5.617
dnk,sex_m,age_aggregate_y55_64,geo_cov_urb,2008,4.084
dnk,sex_m,age_aggregate_y55_64,geo_cov_urb,2009,6.785
dnk,sex_m,age_aggregate_y55_64,geo_cov_urb,2010,8.073
dnk,sex_m,age_aggregate_y55_64,geo_cov_urb,2011,8.795
dnk,sex_m,age_aggregate_y55_64,geo_cov_urb,2012,8.064
dnk,sex_m,age_aggregate_y55_64,geo_cov_urb,2013,8.582
dnk,sex_m,age_aggregate_y55_64,geo_cov_urb,2014,7.153
dnk,sex_m,age_aggregate_y55_64,geo_cov_urb,2015,5.361
dnk,sex_m,age_aggregate_y55_64,geo_cov_urb,2016,8.513
dnk,sex_m,age_aggregate_y55_64,geo_cov_urb,2017,6.943
dnk,sex_m,age_aggregate_y55_64,geo_cov_urb,2018,5.36
dnk,sex_m,age_aggregate_y55_64,geo_cov_urb,2019,5.274
dnk,sex_m,age_aggregate_y55_64,geo_cov_urb,2020,6.015
dnk,sex_m,age_aggregate_y55_64,geo_cov_urb,2021,6.435
dnk,sex_m,age_aggregate_y55_64,geo_cov_urb,2022,4.642
dnk,sex_m,age_aggregate_y55_64,geo_cov_urb,2023,4.489
dnk,sex_m,age_aggregate_y55_64,geo_cov_urb,2024,6.375
dnk,sex_m,age_aggregate_yge65,geo_cov_nat,2001,4.96
dnk,sex_m,age_aggregate_yge65,geo_cov_nat,2003,9.445
dnk,sex_m,age_aggregate_yge65,geo_cov_nat,2005,3.418
dnk,sex_m,age_aggregate_yge65,geo_cov_nat,2006,6.443
dnk,sex_m,age_aggregate_yge65,geo_cov_nat,2007,9.889
dnk,sex_m,age_aggregate_yge65,geo_cov_nat,2008,6.919
dnk,sex_m,age_aggregate_yge65,geo_cov_nat,2009,5.253
dnk,sex_m,age_aggregate_yge65,geo_cov_nat,2010,5.027
dnk,sex_m,age_aggregate_yge65,geo_cov_nat,2011,6.086
dnk,sex_m,age_aggregate_yge65,geo_cov_nat,2012,4.754
dnk,sex_m,age_aggregate_yge65,geo_cov_nat,2013,6.074
dnk,sex_m,age_aggregate_yge65,geo_cov_nat,2014,1.851
dnk,sex_m,age_aggregate_yge65,geo_cov_nat,2015,4.746
dnk,sex_m,age_aggregate_yge65,geo_cov_nat,2016,9.365
dnk,sex_m,age_aggregate_yge65,geo_cov_nat,2017,6.101
dnk,sex_m,age_aggregate_yge65,geo_cov_nat,2018,4.158
dnk,sex_m,age_aggregate_yge65,geo_cov_nat,2019,4.999
dnk,sex_m,age_aggregate_yge65,geo_cov_nat,2020,6.531
dnk,sex_m,age_aggregate_yge65,geo_cov_nat,2021,5.603
dnk,sex_m,age_aggregate_yge65,geo_cov_nat,2022,5.229
dnk,sex_m,age_aggregate_yge65,geo_cov_nat,2023,5.737
dnk,sex_m,age_aggregate_yge65,geo_cov_nat,2024,7.571
dnk,sex_m,age_aggregate_yge65,geo_cov_rur,2005,3.497
dnk,sex_m,age_aggregate_yge65,geo_cov_rur,2006,3.188
dnk,sex_m,age_aggregate_yge65,geo_cov_rur,2007,10.782
dnk,sex_m,age_aggregate_yge65,geo_cov_rur,2008,4.888
dnk,sex_m,age_aggregate_yge65,geo_cov_rur,2009,6.051
dnk,sex_m,age_aggregate_yge65,geo_cov_rur,2010,3.239
dnk,sex_m,age_aggregate_yge65,geo_cov_rur,2011,7.594
dnk,sex_m,age_aggregate_yge65,geo_cov_rur,2012,4.063
dnk,sex_m,age_aggregate_yge65,geo_cov_rur,2013,7.112
dnk,sex_m,age_aggregate_yge65,geo_cov_rur,2014,2.079
dnk,sex_m,age_aggregate_yge65,geo_cov_rur,2015,3.65
dnk,sex_m,age_aggregate_yge65,geo_cov_rur,2016,10.804
dnk,sex_m,age_aggregate_yge65,geo_cov_rur,2017,6.048
dnk,sex_m,age_aggregate_yge65,geo_cov_rur,2018,4.976
dnk,sex_m,age_aggregate_yge65,geo_cov_rur,2019,5.08
dnk,sex_m,age_aggregate_yge65,geo_cov_rur,2020,6.254
dnk,sex_m,age_aggregate_yge65,geo_cov_rur,2021,4.017
dnk,sex_m,age_aggregate_yge65,geo_cov_rur,2022,2.633
dnk,sex_m,age_aggregate_yge65,geo_cov_rur,2023,4.524
dnk,sex_m,age_aggregate_yge65,geo_cov_rur,2024,5.572
dnk,sex_m,age_aggregate_yge65,geo_cov_urb,2001,7.968
dnk,sex_m,age_aggregate_yge65,geo_cov_urb,2005,3.362
dnk,sex_m,age_aggregate_yge65,geo_cov_urb,2006,8.757
dnk,sex_m,age_aggregate_yge65,geo_cov_urb,2007,9.283
dnk,sex_m,age_aggregate_yge65,geo_cov_urb,2008,8.199
dnk,sex_m,age_aggregate_yge65,geo_cov_urb,2009,4.817
dnk,sex_m,age_aggregate_yge65,geo_cov_urb,2010,6.026
dnk,sex_m,age_aggregate_yge65,geo_cov_urb,2011,5.224
dnk,sex_m,age_aggregate_yge65,geo_cov_urb,2012,5.295
dnk,sex_m,age_aggregate_yge65,geo_cov_urb,2013,5.164
dnk,sex_m,age_aggregate_yge65,geo_cov_urb,2014,1.604
dnk,sex_m,age_aggregate_yge65,geo_cov_urb,2015,5.999
dnk,sex_m,age_aggregate_yge65,geo_cov_urb,2016,7.932
dnk,sex_m,age_aggregate_yge65,geo_cov_urb,2017,6.149
dnk,sex_m,age_aggregate_yge65,geo_cov_urb,2018,3.477
dnk,sex_m,age_aggregate_yge65,geo_cov_urb,2019,4.933
dnk,sex_m,age_aggregate_yge65,geo_cov_urb,2020,6.763
dnk,sex_m,age_aggregate_yge65,geo_cov_urb,2021,6.637
dnk,sex_m,age_aggregate_yge65,geo_cov_urb,2022,6.96
dnk,sex_m,age_aggregate_yge65,geo_cov_urb,2023,6.584
dnk,sex_m,age_aggregate_yge65,geo_cov_urb,2024,9.165
dnk,sex_m,age_ythadult_y15_24,geo_cov_nat,1998,11.102
dnk,sex_m,age_ythadult_y15_24,geo_cov_nat,1999,11.786
dnk,sex_m,age_ythadult_y15_24,geo_cov_nat,2000,9.756
dnk,sex_m,age_ythadult_y15_24,geo_cov_nat,2001,12.097
dnk,sex_m,age_ythadult_y15_24,geo_cov_nat,2002,12.371
dnk,sex_m,age_ythadult_y15_24,geo_cov_nat,2003,15.301
dnk,sex_m,age_ythadult_y15_24,geo_cov_nat,2004,12.214
dnk,sex_m,age_ythadult_y15_24,geo_cov_nat,2005,12.826
dnk,sex_m,age_ythadult_y15_24,geo_cov_nat,2006,11.508
dnk,sex_m,age_ythadult_y15_24,geo_cov_nat,2007,13.752
dnk,sex_m,age_ythadult_y15_24,geo_cov_nat,2008,14.894
dnk,sex_m,age_ythadult_y15_24,geo_cov_nat,2009,22.143
dnk,sex_m,age_ythadult_y15_24,geo_cov_nat,2010,25.84
dnk,sex_m,age_ythadult_y15_24,geo_cov_nat,2011,27.544
dnk,sex_m,age_ythadult_y15_24,geo_cov_nat,2012,25.734
dnk,sex_m,age_ythadult_y15_24,geo_cov_nat,2013,25.287
dnk,sex_m,age_ythadult_y15_24,geo_cov_nat,2014,23.992
dnk,sex_m,age_ythadult_y15_24,geo_cov_nat,2015,19.721
dnk,sex_m,age_ythadult_y15_24,geo_cov_nat,2016,27.559
dnk,sex_m,age_ythadult_y15_24,geo_cov_nat,2017,22.122
dnk,sex_m,age_ythadult_y15_24,geo_cov_nat,2018,19.74
dnk,sex_m,age_ythadult_y15_24,geo_cov_nat,2019,18.645
dnk,sex_m,age_ythadult_y15_24,geo_cov_nat,2020,21.21
dnk,sex_m,age_ythadult_y15_24,geo_cov_nat,2021,18.053
dnk,sex_m,age_ythadult_y15_24,geo_cov_nat,2022,17.246
dnk,sex_m,age_ythadult_y15_24,geo_cov_nat,2023,17.623
dnk,sex_m,age_ythadult_y15_24,geo_cov_nat,2024,22.975
dnk,sex_m,age_ythadult_y15_24,geo_cov_rur,1998,14.121
dnk,sex_m,age_ythadult_y15_24,geo_cov_rur,1999,10.405
dnk,sex_m,age_ythadult_y15_24,geo_cov_rur,2000,7.276
dnk,sex_m,age_ythadult_y15_24,geo_cov_rur,2001,13.787
dnk,sex_m,age_ythadult_y15_24,geo_cov_rur,2002,10.53
dnk,sex_m,age_ythadult_y15_24,geo_cov_rur,2003,14.989
dnk,sex_m,age_ythadult_y15_24,geo_cov_rur,2004,11.72
dnk,sex_m,age_ythadult_y15_24,geo_cov_rur,2005,11.005
dnk,sex_m,age_ythadult_y15_24,geo_cov_rur,2006,11.629
dnk,sex_m,age_ythadult_y15_24,geo_cov_rur,2007,12.514
dnk,sex_m,age_ythadult_y15_24,geo_cov_rur,2008,12.31
dnk,sex_m,age_ythadult_y15_24,geo_cov_rur,2009,21.508
dnk,sex_m,age_ythadult_y15_24,geo_cov_rur,2010,24.895
dnk,sex_m,age_ythadult_y15_24,geo_cov_rur,2011,25.254
dnk,sex_m,age_ythadult_y15_24,geo_cov_rur,2012,24.789
dnk,sex_m,age_ythadult_y15_24,geo_cov_rur,2013,24.941
dnk,sex_m,age_ythadult_y15_24,geo_cov_rur,2014,22.395
dnk,sex_m,age_ythadult_y15_24,geo_cov_rur,2015,21.106
dnk,sex_m,age_ythadult_y15_24,geo_cov_rur,2016,27.857
dnk,sex_m,age_ythadult_y15_24,geo_cov_rur,2017,21.209
dnk,sex_m,age_ythadult_y15_24,geo_cov_rur,2018,17.865
dnk,sex_m,age_ythadult_y15_24,geo_cov_rur,2019,17.14
dnk,sex_m,age_ythadult_y15_24,geo_cov_rur,2020,19.11
dnk,sex_m,age_ythadult_y15_24,geo_cov_rur,2021,15.949
dnk,sex_m,age_ythadult_y15_24,geo_cov_rur,2022,15.385
dnk,sex_m,age_ythadult_y15_24,geo_cov_rur,2023,17.542
dnk,sex_m,age_ythadult_y15_24,geo_cov_rur,2024,21.55
dnk,sex_m,age_ythadult_y15_24,geo_cov_urb,1998,9.444
dnk,sex_m,age_ythadult_y15_24,geo_cov_urb,1999,12.691
dnk,sex_m,age_ythadult_y15_24,geo_cov_urb,2000,11.485
dnk,sex_m,age_ythadult_y15_24,geo_cov_urb,2001,10.987
dnk,sex_m,age_ythadult_y15_24,geo_cov_urb,2002,13.581
dnk,sex_m,age_ythadult_y15_24,geo_cov_urb,2003,15.491
dnk,sex_m,age_ythadult_y15_24,geo_cov_urb,2004,12.566
dnk,sex_m,age_ythadult_y15_24,geo_cov_urb,2005,13.982
dnk,sex_m,age_ythadult_y15_24,geo_cov_urb,2006,11.421
dnk,sex_m,age_ythadult_y15_24,geo_cov_urb,2007,14.405
dnk,sex_m,age_ythadult_y15_24,geo_cov_urb,2008,16.198
dnk,sex_m,age_ythadult_y15_24,geo_cov_urb,2009,22.477
dnk,sex_m,age_ythadult_y15_24,geo_cov_urb,2010,26.28
dnk,sex_m,age_ythadult_y15_24,geo_cov_urb,2011,28.575
dnk,sex_m,age_ythadult_y15_24,geo_cov_urb,2012,26.363
dnk,sex_m,age_ythadult_y15_24,geo_cov_urb,2013,25.523
dnk,sex_m,age_ythadult_y15_24,geo_cov_urb,2014,25.021
dnk,sex_m,age_ythadult_y15_24,geo_cov_urb,2015,18.813
dnk,sex_m,age_ythadult_y15_24,geo_cov_urb,2016,27.389
dnk,sex_m,age_ythadult_y15_24,geo_cov_urb,2017,22.633
dnk,sex_m,age_ythadult_y15_24,geo_cov_urb,2018,20.791
dnk,sex_m,age_ythadult_y15_24,geo_cov_urb,2019,19.485
dnk,sex_m,age_ythadult_y15_24,geo_cov_urb,2020,22.376
dnk,sex_m,age_ythadult_y15_24,geo_cov_urb,2021,19.07
dnk,sex_m,age_ythadult_y15_24,geo_cov_urb,2022,18.084
dnk,sex_m,age_ythadult_y15_24,geo_cov_urb,2023,17.657
dnk,sex_m,age_ythadult_y15_24,geo_cov_urb,2024,23.569
dnk,sex_m,age_ythadult_y15_64,geo_cov_nat,1998,5.507
dnk,sex_m,age_ythadult_y15_64,geo_cov_nat,1999,5.52
dnk,sex_m,age_ythadult_y15_64,geo_cov_nat,2000,5.867
dnk,sex_m,age_ythadult_y15_64,geo_cov_nat,2001,5.605
dnk,sex_m,age_ythadult_y15_64,geo_cov_nat,2002,5.7
dnk,sex_m,age_ythadult_y15_64,geo_cov_nat,2003,6.541
dnk,sex_m,age_ythadult_y15_64,geo_cov_nat,2004,6.24
dnk,sex_m,age_ythadult_y15_64,geo_cov_nat,2005,6.044
dnk,sex_m,age_ythadult_y15_64,geo_cov_nat,2006,4.733
dnk,sex_m,age_ythadult_y15_64,geo_cov_nat,2007,5.411
dnk,sex_m,age_ythadult_y15_64,geo_cov_nat,2008,5.346
dnk,sex_m,age_ythadult_y15_64,geo_cov_nat,2009,9.565
dnk,sex_m,age_ythadult_y15_64,geo_cov_nat,2010,11.128
dnk,sex_m,age_ythadult_y15_64,geo_cov_nat,2011,11.102
dnk,sex_m,age_ythadult_y15_64,geo_cov_nat,2012,10.809
dnk,sex_m,age_ythadult_y15_64,geo_cov_nat,2013,10.194
dnk,sex_m,age_ythadult_y15_64,geo_cov_nat,2014,9.459
dnk,sex_m,age_ythadult_y15_64,geo_cov_nat,2015,8.31
dnk,sex_m,age_ythadult_y15_64,geo_cov_nat,2016,10.377
dnk,sex_m,age_ythadult_y15_64,geo_cov_nat,2017,8.884
dnk,sex_m,age_ythadult_y15_64,geo_cov_nat,2018,7.688
dnk,sex_m,age_ythadult_y15_64,geo_cov_nat,2019,7.572
dnk,sex_m,age_ythadult_y15_64,geo_cov_nat,2020,8.435
dnk,sex_m,age_ythadult_y15_64,geo_cov_nat,2021,7.375
dnk,sex_m,age_ythadult_y15_64,geo_cov_nat,2022,6.576
dnk,sex_m,age_ythadult_y15_64,geo_cov_nat,2023,6.978
dnk,sex_m,age_ythadult_y15_64,geo_cov_nat,2024,8.614
dnk,sex_m,age_ythadult_y15_64,geo_cov_rur,1998,4.428
dnk,sex_m,age_ythadult_y15_64,geo_cov_rur,1999,4.953
dnk,sex_m,age_ythadult_y15_64,geo_cov_rur,2000,4.67
dnk,sex_m,age_ythadult_y15_64,geo_cov_rur,2001,5.715
dnk,sex_m,age_ythadult_y15_64,geo_cov_rur,2002,5.086
dnk,sex_m,age_ythadult_y15_64,geo_cov_rur,2003,5.881
dnk,sex_m,age_ythadult_y15_64,geo_cov_rur,2004,5.628
dnk,sex_m,age_ythadult_y15_64,geo_cov_rur,2005,4.952
dnk,sex_m,age_ythadult_y15_64,geo_cov_rur,2006,4.399
dnk,sex_m,age_ythadult_y15_64,geo_cov_rur,2007,4.125
dnk,sex_m,age_ythadult_y15_64,geo_cov_rur,2008,4.366
dnk,sex_m,age_ythadult_y15_64,geo_cov_rur,2009,8.832
dnk,sex_m,age_ythadult_y15_64,geo_cov_rur,2010,10.477
dnk,sex_m,age_ythadult_y15_64,geo_cov_rur,2011,9.965
dnk,sex_m,age_ythadult_y15_64,geo_cov_rur,2012,9.425
dnk,sex_m,age_ythadult_y15_64,geo_cov_rur,2013,9.261
dnk,sex_m,age_ythadult_y15_64,geo_cov_rur,2014,8.403
dnk,sex_m,age_ythadult_y15_64,geo_cov_rur,2015,7.632
dnk,sex_m,age_ythadult_y15_64,geo_cov_rur,2016,9.399
dnk,sex_m,age_ythadult_y15_64,geo_cov_rur,2017,7.819
dnk,sex_m,age_ythadult_y15_64,geo_cov_rur,2018,6.655
dnk,sex_m,age_ythadult_y15_64,geo_cov_rur,2019,6.428
dnk,sex_m,age_ythadult_y15_64,geo_cov_rur,2020,7.164
dnk,sex_m,age_ythadult_y15_64,geo_cov_rur,2021,5.585
dnk,sex_m,age_ythadult_y15_64,geo_cov_rur,2022,5.327
dnk,sex_m,age_ythadult_y15_64,geo_cov_rur,2023,5.92
dnk,sex_m,age_ythadult_y15_64,geo_cov_rur,2024,7.112
dnk,sex_m,age_ythadult_y15_64,geo_cov_urb,1998,6.185
dnk,sex_m,age_ythadult_y15_64,geo_cov_urb,1999,5.874
dnk,sex_m,age_ythadult_y15_64,geo_cov_urb,2000,6.71
dnk,sex_m,age_ythadult_y15_64,geo_cov_urb,2001,5.529
dnk,sex_m,age_ythadult_y15_64,geo_cov_urb,2002,6.087
dnk,sex_m,age_ythadult_y15_64,geo_cov_urb,2003,6.984
dnk,sex_m,age_ythadult_y15_64,geo_cov_urb,2004,6.646
dnk,sex_m,age_ythadult_y15_64,geo_cov_urb,2005,6.704
dnk,sex_m,age_ythadult_y15_64,geo_cov_urb,2006,4.942
dnk,sex_m,age_ythadult_y15_64,geo_cov_urb,2007,6.072
dnk,sex_m,age_ythadult_y15_64,geo_cov_urb,2008,5.874
dnk,sex_m,age_ythadult_y15_64,geo_cov_urb,2009,9.983
dnk,sex_m,age_ythadult_y15_64,geo_cov_urb,2010,11.474
dnk,sex_m,age_ythadult_y15_64,geo_cov_urb,2011,11.685
dnk,sex_m,age_ythadult_y15_64,geo_cov_urb,2012,11.874
dnk,sex_m,age_ythadult_y15_64,geo_cov_urb,2013,10.927
dnk,sex_m,age_ythadult_y15_64,geo_cov_urb,2014,10.261
dnk,sex_m,age_ythadult_y15_64,geo_cov_urb,2015,8.818
dnk,sex_m,age_ythadult_y15_64,geo_cov_urb,2016,11.003
dnk,sex_m,age_ythadult_y15_64,geo_cov_urb,2017,9.533
dnk,sex_m,age_ythadult_y15_64,geo_cov_urb,2018,8.314
dnk,sex_m,age_ythadult_y15_64,geo_cov_urb,2019,8.241
dnk,sex_m,age_ythadult_y15_64,geo_cov_urb,2020,9.182
dnk,sex_m,age_ythadult_y15_64,geo_cov_urb,2021,8.242
dnk,sex_m,age_ythadult_y15_64,geo_cov_urb,2022,7.197
dnk,sex_m,age_ythadult_y15_64,geo_cov_urb,2023,7.486
dnk,sex_m,age_ythadult_y15_64,geo_cov_urb,2024,9.276
dnk,sex_m,age_ythadult_yge15,geo_cov_nat,1998,5.482
dnk,sex_m,age_ythadult_yge15,geo_cov_nat,1999,5.514
dnk,sex_m,age_ythadult_yge15,geo_cov_nat,2000,5.887
dnk,sex_m,age_ythadult_yge15,geo_cov_nat,2001,5.595
dnk,sex_m,age_ythadult_yge15,geo_cov_nat,2002,5.648
dnk,sex_m,age_ythadult_yge15,geo_cov_nat,2003,6.591
dnk,sex_m,age_ythadult_yge15,geo_cov_nat,2004,6.202
dnk,sex_m,age_ythadult_yge15,geo_cov_nat,2005,5.986
dnk,sex_m,age_ythadult_yge15,geo_cov_nat,2006,4.77
dnk,sex_m,age_ythadult_yge15,geo_cov_nat,2007,5.511
dnk,sex_m,age_ythadult_yge15,geo_cov_nat,2008,5.387
dnk,sex_m,age_ythadult_yge15,geo_cov_nat,2009,9.446
dnk,sex_m,age_ythadult_yge15,geo_cov_nat,2010,10.949
dnk,sex_m,age_ythadult_yge15,geo_cov_nat,2011,10.939
dnk,sex_m,age_ythadult_yge15,geo_cov_nat,2012,10.591
dnk,sex_m,age_ythadult_yge15,geo_cov_nat,2013,10.043
dnk,sex_m,age_ythadult_yge15,geo_cov_nat,2014,9.184
dnk,sex_m,age_ythadult_yge15,geo_cov_nat,2015,8.164
dnk,sex_m,age_ythadult_yge15,geo_cov_nat,2016,10.334
dnk,sex_m,age_ythadult_yge15,geo_cov_nat,2017,8.771
dnk,sex_m,age_ythadult_yge15,geo_cov_nat,2018,7.539
dnk,sex_m,age_ythadult_yge15,geo_cov_nat,2019,7.457
dnk,sex_m,age_ythadult_yge15,geo_cov_nat,2020,8.349
dnk,sex_m,age_ythadult_yge15,geo_cov_nat,2021,7.285
dnk,sex_m,age_ythadult_yge15,geo_cov_nat,2022,6.502
dnk,sex_m,age_ythadult_yge15,geo_cov_nat,2023,6.908
dnk,sex_m,age_ythadult_yge15,geo_cov_nat,2024,8.547
dnk,sex_m,age_ythadult_yge15,geo_cov_rur,1998,4.386
dnk,sex_m,age_ythadult_yge15,geo_cov_rur,1999,4.915
dnk,sex_m,age_ythadult_yge15,geo_cov_rur,2000,4.626
dnk,sex_m,age_ythadult_yge15,geo_cov_rur,2001,5.638
dnk,sex_m,age_ythadult_yge15,geo_cov_rur,2002,4.995
dnk,sex_m,age_ythadult_yge15,geo_cov_rur,2003,5.884
dnk,sex_m,age_ythadult_yge15,geo_cov_rur,2004,5.579
dnk,sex_m,age_ythadult_yge15,geo_cov_rur,2005,4.917
dnk,sex_m,age_ythadult_yge15,geo_cov_rur,2006,4.371
dnk,sex_m,age_ythadult_yge15,geo_cov_rur,2007,4.302
dnk,sex_m,age_ythadult_yge15,geo_cov_rur,2008,4.381
dnk,sex_m,age_ythadult_yge15,geo_cov_rur,2009,8.758
dnk,sex_m,age_ythadult_yge15,geo_cov_rur,2010,10.258
dnk,sex_m,age_ythadult_yge15,geo_cov_rur,2011,9.882
dnk,sex_m,age_ythadult_yge15,geo_cov_rur,2012,9.23
dnk,sex_m,age_ythadult_yge15,geo_cov_rur,2013,9.178
dnk,sex_m,age_ythadult_yge15,geo_cov_rur,2014,8.13
dnk,sex_m,age_ythadult_yge15,geo_cov_rur,2015,7.432
dnk,sex_m,age_ythadult_yge15,geo_cov_rur,2016,9.474
dnk,sex_m,age_ythadult_yge15,geo_cov_rur,2017,7.728
dnk,sex_m,age_ythadult_yge15,geo_cov_rur,2018,6.57
dnk,sex_m,age_ythadult_yge15,geo_cov_rur,2019,6.355
dnk,sex_m,age_ythadult_yge15,geo_cov_rur,2020,7.113
dnk,sex_m,age_ythadult_yge15,geo_cov_rur,2021,5.491
dnk,sex_m,age_ythadult_yge15,geo_cov_rur,2022,5.149
dnk,sex_m,age_ythadult_yge15,geo_cov_rur,2023,5.822
dnk,sex_m,age_ythadult_yge15,geo_cov_rur,2024,6.972
dnk,sex_m,age_ythadult_yge15,geo_cov_urb,1998,6.172
dnk,sex_m,age_ythadult_yge15,geo_cov_urb,1999,5.888
dnk,sex_m,age_ythadult_yge15,geo_cov_urb,2000,6.777
dnk,sex_m,age_ythadult_yge15,geo_cov_urb,2001,5.566
dnk,sex_m,age_ythadult_yge15,geo_cov_urb,2002,6.059
dnk,sex_m,age_ythadult_yge15,geo_cov_urb,2003,7.069
dnk,sex_m,age_ythadult_yge15,geo_cov_urb,2004,6.618
dnk,sex_m,age_ythadult_yge15,geo_cov_urb,2005,6.634
dnk,sex_m,age_ythadult_yge15,geo_cov_urb,2006,5.02
dnk,sex_m,age_ythadult_yge15,geo_cov_urb,2007,6.137
dnk,sex_m,age_ythadult_yge15,geo_cov_urb,2008,5.931
dnk,sex_m,age_ythadult_yge15,geo_cov_urb,2009,9.838
dnk,sex_m,age_ythadult_yge15,geo_cov_urb,2010,11.318
dnk,sex_m,age_ythadult_yge15,geo_cov_urb,2011,11.482
dnk,sex_m,age_ythadult_yge15,geo_cov_urb,2012,11.639
dnk,sex_m,age_ythadult_yge15,geo_cov_urb,2013,10.725
dnk,sex_m,age_ythadult_yge15,geo_cov_urb,2014,9.995
dnk,sex_m,age_ythadult_yge15,geo_cov_urb,2015,8.724
dnk,sex_m,age_ythadult_yge15,geo_cov_urb,2016,10.895
dnk,sex_m,age_ythadult_yge15,geo_cov_urb,2017,9.417
dnk,sex_m,age_ythadult_yge15,geo_cov_urb,2018,8.133
dnk,sex_m,age_ythadult_yge15,geo_cov_urb,2019,8.111
dnk,sex_m,age_ythadult_yge15,geo_cov_urb,2020,9.087
dnk,sex_m,age_ythadult_yge15,geo_cov_urb,2021,8.169
dnk,sex_m,age_ythadult_yge15,geo_cov_urb,2022,7.185
dnk,sex_m,age_ythadult_yge15,geo_cov_urb,2023,7.441
dnk,sex_m,age_ythadult_yge15,geo_cov_urb,2024,9.27
dnk,sex_m,age_ythadult_yge25,geo_cov_nat,1998,4.458
dnk,sex_m,age_ythadult_yge25,geo_cov_nat,1999,4.402
dnk,sex_m,age_ythadult_yge25,geo_cov_nat,2000,5.197
dnk,sex_m,age_ythadult_yge25,geo_cov_nat,2001,4.525
dnk,sex_m,age_ythadult_yge25,geo_cov_nat,2002,4.582
dnk,sex_m,age_ythadult_yge25,geo_cov_nat,2003,5.233
dnk,sex_m,age_ythadult_yge25,geo_cov_nat,2004,5.273
dnk,sex_m,age_ythadult_yge25,geo_cov_nat,2005,4.862
dnk,sex_m,age_ythadult_yge25,geo_cov_nat,2006,3.625
dnk,sex_m,age_ythadult_yge25,geo_cov_nat,2007,4.027
dnk,sex_m,age_ythadult_yge25,geo_cov_nat,2008,3.665
dnk,sex_m,age_ythadult_yge25,geo_cov_nat,2009,7.055
dnk,sex_m,age_ythadult_yge25,geo_cov_nat,2010,8.21
dnk,sex_m,age_ythadult_yge25,geo_cov_nat,2011,7.785
dnk,sex_m,age_ythadult_yge25,geo_cov_nat,2012,7.77
dnk,sex_m,age_ythadult_yge25,geo_cov_nat,2013,7.334
dnk,sex_m,age_ythadult_yge25,geo_cov_nat,2014,6.545
dnk,sex_m,age_ythadult_yge25,geo_cov_nat,2015,6.167
dnk,sex_m,age_ythadult_yge25,geo_cov_nat,2016,7.106
dnk,sex_m,age_ythadult_yge25,geo_cov_nat,2017,6.351
dnk,sex_m,age_ythadult_yge25,geo_cov_nat,2018,5.403
dnk,sex_m,age_ythadult_yge25,geo_cov_nat,2019,5.506
dnk,sex_m,age_ythadult_yge25,geo_cov_nat,2020,6.143
dnk,sex_m,age_ythadult_yge25,geo_cov_nat,2021,5.489
dnk,sex_m,age_ythadult_yge25,geo_cov_nat,2022,4.681
dnk,sex_m,age_ythadult_yge25,geo_cov_nat,2023,5.097
dnk,sex_m,age_ythadult_yge25,geo_cov_nat,2024,5.909
dnk,sex_m,age_ythadult_yge25,geo_cov_rur,1998,2.784
dnk,sex_m,age_ythadult_yge25,geo_cov_rur,1999,3.908
dnk,sex_m,age_ythadult_yge25,geo_cov_rur,2000,4.157
dnk,sex_m,age_ythadult_yge25,geo_cov_rur,2001,4.339
dnk,sex_m,age_ythadult_yge25,geo_cov_rur,2002,4.092
dnk,sex_m,age_ythadult_yge25,geo_cov_rur,2003,4.564
dnk,sex_m,age_ythadult_yge25,geo_cov_rur,2004,4.585
dnk,sex_m,age_ythadult_yge25,geo_cov_rur,2005,3.883
dnk,sex_m,age_ythadult_yge25,geo_cov_rur,2006,3.011
dnk,sex_m,age_ythadult_yge25,geo_cov_rur,2007,2.799
dnk,sex_m,age_ythadult_yge25,geo_cov_rur,2008,3.019
dnk,sex_m,age_ythadult_yge25,geo_cov_rur,2009,6.498
dnk,sex_m,age_ythadult_yge25,geo_cov_rur,2010,7.837
dnk,sex_m,age_ythadult_yge25,geo_cov_rur,2011,7.254
dnk,sex_m,age_ythadult_yge25,geo_cov_rur,2012,6.609
dnk,sex_m,age_ythadult_yge25,geo_cov_rur,2013,6.646
dnk,sex_m,age_ythadult_yge25,geo_cov_rur,2014,5.882
dnk,sex_m,age_ythadult_yge25,geo_cov_rur,2015,5.302
dnk,sex_m,age_ythadult_yge25,geo_cov_rur,2016,6.363
dnk,sex_m,age_ythadult_yge25,geo_cov_rur,2017,5.466
dnk,sex_m,age_ythadult_yge25,geo_cov_rur,2018,4.721
dnk,sex_m,age_ythadult_yge25,geo_cov_rur,2019,4.559
dnk,sex_m,age_ythadult_yge25,geo_cov_rur,2020,5.165
dnk,sex_m,age_ythadult_yge25,geo_cov_rur,2021,3.77
dnk,sex_m,age_ythadult_yge25,geo_cov_rur,2022,3.566
dnk,sex_m,age_ythadult_yge25,geo_cov_rur,2023,4.043
dnk,sex_m,age_ythadult_yge25,geo_cov_rur,2024,4.51
dnk,sex_m,age_ythadult_yge25,geo_cov_urb,1998,5.539
dnk,sex_m,age_ythadult_yge25,geo_cov_urb,1999,4.709
dnk,sex_m,age_ythadult_yge25,geo_cov_urb,2000,5.932
dnk,sex_m,age_ythadult_yge25,geo_cov_urb,2001,4.654
dnk,sex_m,age_ythadult_yge25,geo_cov_urb,2002,4.889
dnk,sex_m,age_ythadult_yge25,geo_cov_urb,2003,5.692
dnk,sex_m,age_ythadult_yge25,geo_cov_urb,2004,5.727
dnk,sex_m,age_ythadult_yge25,geo_cov_urb,2005,5.452
dnk,sex_m,age_ythadult_yge25,geo_cov_urb,2006,4
dnk,sex_m,age_ythadult_yge25,geo_cov_urb,2007,4.659
dnk,sex_m,age_ythadult_yge25,geo_cov_urb,2008,4.018
dnk,sex_m,age_ythadult_yge25,geo_cov_urb,2009,7.377
dnk,sex_m,age_ythadult_yge25,geo_cov_urb,2010,8.414
dnk,sex_m,age_ythadult_yge25,geo_cov_urb,2011,8.065
dnk,sex_m,age_ythadult_yge25,geo_cov_urb,2012,8.688
dnk,sex_m,age_ythadult_yge25,geo_cov_urb,2013,7.891
dnk,sex_m,age_ythadult_yge25,geo_cov_urb,2014,7.072
dnk,sex_m,age_ythadult_yge25,geo_cov_urb,2015,6.845
dnk,sex_m,age_ythadult_yge25,geo_cov_urb,2016,7.603
dnk,sex_m,age_ythadult_yge25,geo_cov_urb,2017,6.91
dnk,sex_m,age_ythadult_yge25,geo_cov_urb,2018,5.828
dnk,sex_m,age_ythadult_yge25,geo_cov_urb,2019,6.074
dnk,sex_m,age_ythadult_yge25,geo_cov_urb,2020,6.734
dnk,sex_m,age_ythadult_yge25,geo_cov_urb,2021,6.338
dnk,sex_m,age_ythadult_yge25,geo_cov_urb,2022,5.255
dnk,sex_m,age_ythadult_yge25,geo_cov_urb,2023,5.626
dnk,sex_m,age_ythadult_yge25,geo_cov_urb,2024,6.564
dnk,sex_t,age_aggregate_total,geo_cov_nat,1998,7.264
dnk,sex_t,age_aggregate_total,geo_cov_nat,1999,6.674
dnk,sex_t,age_aggregate_total,geo_cov_nat,2000,6.828
dnk,sex_t,age_aggregate_total,geo_cov_nat,2001,6.495
dnk,sex_t,age_aggregate_total,geo_cov_nat,2002,5.997
dnk,sex_t,age_aggregate_total,geo_cov_nat,2003,7.167
dnk,sex_t,age_aggregate_total,geo_cov_nat,2004,6.907
dnk,sex_t,age_aggregate_total,geo_cov_nat,2005,6.665
dnk,sex_t,age_aggregate_total,geo_cov_nat,2006,5.532
dnk,sex_t,age_aggregate_total,geo_cov_nat,2007,6.116
dnk,sex_t,age_aggregate_total,geo_cov_nat,2008,5.852
dnk,sex_t,age_aggregate_total,geo_cov_nat,2009,8.784
dnk,sex_t,age_aggregate_total,geo_cov_nat,2010,10.229
dnk,sex_t,age_aggregate_total,geo_cov_nat,2011,10.926
dnk,sex_t,age_aggregate_total,geo_cov_nat,2012,10.69
dnk,sex_t,age_aggregate_total,geo_cov_nat,2013,10.279
dnk,sex_t,age_aggregate_total,geo_cov_nat,2014,9.491
dnk,sex_t,age_aggregate_total,geo_cov_nat,2015,8.381
dnk,sex_t,age_aggregate_total,geo_cov_nat,2016,10.738
dnk,sex_t,age_aggregate_total,geo_cov_nat,2017,9.1
dnk,sex_t,age_aggregate_total,geo_cov_nat,2018,7.763
dnk,sex_t,age_aggregate_total,geo_cov_nat,2019,7.713
dnk,sex_t,age_aggregate_total,geo_cov_nat,2020,8.831
dnk,sex_t,age_aggregate_total,geo_cov_nat,2021,7.546
dnk,sex_t,age_aggregate_total,geo_cov_nat,2022,6.599
dnk,sex_t,age_aggregate_total,geo_cov_nat,2023,7.138
dnk,sex_t,age_aggregate_total,geo_cov_nat,2024,8.838
dnk,sex_t,age_aggregate_total,geo_cov_rur,1998,6.805
dnk,sex_t,age_aggregate_total,geo_cov_rur,1999,6.594
dnk,sex_t,age_aggregate_total,geo_cov_rur,2000,6.324
dnk,sex_t,age_aggregate_total,geo_cov_rur,2001,6.437
dnk,sex_t,age_aggregate_total,geo_cov_rur,2002,5.375
dnk,sex_t,age_aggregate_total,geo_cov_rur,2003,6.649
dnk,sex_t,age_aggregate_total,geo_cov_rur,2004,6.486
dnk,sex_t,age_aggregate_total,geo_cov_rur,2005,6.237
dnk,sex_t,age_aggregate_total,geo_cov_rur,2006,5.247
dnk,sex_t,age_aggregate_total,geo_cov_rur,2007,5.41
dnk,sex_t,age_aggregate_total,geo_cov_rur,2008,5.069
dnk,sex_t,age_aggregate_total,geo_cov_rur,2009,8.65
dnk,sex_t,age_aggregate_total,geo_cov_rur,2010,9.74
dnk,sex_t,age_aggregate_total,geo_cov_rur,2011,10.076
dnk,sex_t,age_aggregate_total,geo_cov_rur,2012,9.472
dnk,sex_t,age_aggregate_total,geo_cov_rur,2013,9.517
dnk,sex_t,age_aggregate_total,geo_cov_rur,2014,8.537
dnk,sex_t,age_aggregate_total,geo_cov_rur,2015,7.638
dnk,sex_t,age_aggregate_total,geo_cov_rur,2016,9.9
dnk,sex_t,age_aggregate_total,geo_cov_rur,2017,8.149
dnk,sex_t,age_aggregate_total,geo_cov_rur,2018,6.693
dnk,sex_t,age_aggregate_total,geo_cov_rur,2019,6.625
dnk,sex_t,age_aggregate_total,geo_cov_rur,2020,7.442
dnk,sex_t,age_aggregate_total,geo_cov_rur,2021,5.721
dnk,sex_t,age_aggregate_total,geo_cov_rur,2022,5.419
dnk,sex_t,age_aggregate_total,geo_cov_rur,2023,6.052
dnk,sex_t,age_aggregate_total,geo_cov_rur,2024,7.465
dnk,sex_t,age_aggregate_total,geo_cov_urb,1998,7.555
dnk,sex_t,age_aggregate_total,geo_cov_urb,1999,6.725
dnk,sex_t,age_aggregate_total,geo_cov_urb,2000,7.165
dnk,sex_t,age_aggregate_total,geo_cov_urb,2001,6.533
dnk,sex_t,age_aggregate_total,geo_cov_urb,2002,6.392
dnk,sex_t,age_aggregate_total,geo_cov_urb,2003,7.5
dnk,sex_t,age_aggregate_total,geo_cov_urb,2004,7.186
dnk,sex_t,age_aggregate_total,geo_cov_urb,2005,6.915
dnk,sex_t,age_aggregate_total,geo_cov_urb,2006,5.701
dnk,sex_t,age_aggregate_total,geo_cov_urb,2007,6.475
dnk,sex_t,age_aggregate_total,geo_cov_urb,2008,6.27
dnk,sex_t,age_aggregate_total,geo_cov_urb,2009,8.857
dnk,sex_t,age_aggregate_total,geo_cov_urb,2010,10.479
dnk,sex_t,age_aggregate_total,geo_cov_urb,2011,11.344
dnk,sex_t,age_aggregate_total,geo_cov_urb,2012,11.588
dnk,sex_t,age_aggregate_total,geo_cov_urb,2013,10.856
dnk,sex_t,age_aggregate_total,geo_cov_urb,2014,10.199
dnk,sex_t,age_aggregate_total,geo_cov_urb,2015,8.929
dnk,sex_t,age_aggregate_total,geo_cov_urb,2016,11.264
dnk,sex_t,age_aggregate_total,geo_cov_urb,2017,9.671
dnk,sex_t,age_aggregate_total,geo_cov_urb,2018,8.4
dnk,sex_t,age_aggregate_total,geo_cov_urb,2019,8.344
dnk,sex_t,age_aggregate_total,geo_cov_urb,2020,9.633
dnk,sex_t,age_aggregate_total,geo_cov_urb,2021,8.397
dnk,sex_t,age_aggregate_total,geo_cov_urb,2022,7.156
dnk,sex_t,age_aggregate_total,geo_cov_urb,2023,7.641
dnk,sex_t,age_aggregate_total,geo_cov_urb,2024,9.44
dnk,sex_t,age_aggregate_y15_24,geo_cov_nat,1998,11.93
dnk,sex_t,age_aggregate_y15_24,geo_cov_nat,1999,13.035
dnk,sex_t,age_aggregate_y15_24,geo_cov_nat,2000,11.127
dnk,sex_t,age_aggregate_y15_24,geo_cov_nat,2001,13.162
dnk,sex_t,age_aggregate_y15_24,geo_cov_nat,2002,10.93
dnk,sex_t,age_aggregate_y15_24,geo_cov_nat,2003,14.73
dnk,sex_t,age_aggregate_y15_24,geo_cov_nat,2004,12.374
dnk,sex_t,age_aggregate_y15_24,geo_cov_nat,2005,13.05
dnk,sex_t,age_aggregate_y15_24,geo_cov_nat,2006,11.434
dnk,sex_t,age_aggregate_y15_24,geo_cov_nat,2007,12.92
dnk,sex_t,age_aggregate_y15_24,geo_cov_nat,2008,15.669
dnk,sex_t,age_aggregate_y15_24,geo_cov_nat,2009,20.009
dnk,sex_t,age_aggregate_y15_24,geo_cov_nat,2010,22.976
dnk,sex_t,age_aggregate_y15_24,geo_cov_nat,2011,25.472
dnk,sex_t,age_aggregate_y15_24,geo_cov_nat,2012,24.319
dnk,sex_t,age_aggregate_y15_24,geo_cov_nat,2013,23.147
dnk,sex_t,age_aggregate_y15_24,geo_cov_nat,2014,21.986
dnk,sex_t,age_aggregate_y15_24,geo_cov_nat,2015,18.047
dnk,sex_t,age_aggregate_y15_24,geo_cov_nat,2016,25.318
dnk,sex_t,age_aggregate_y15_24,geo_cov_nat,2017,21.318
dnk,sex_t,age_aggregate_y15_24,geo_cov_nat,2018,18.003
dnk,sex_t,age_aggregate_y15_24,geo_cov_nat,2019,17.704
dnk,sex_t,age_aggregate_y15_24,geo_cov_nat,2020,20.159
dnk,sex_t,age_aggregate_y15_24,geo_cov_nat,2021,18.251
dnk,sex_t,age_aggregate_y15_24,geo_cov_nat,2022,16.581
dnk,sex_t,age_aggregate_y15_24,geo_cov_nat,2023,16.862
dnk,sex_t,age_aggregate_y15_24,geo_cov_nat,2024,21.821
dnk,sex_t,age_aggregate_y15_24,geo_cov_rur,1998,14.805
dnk,sex_t,age_aggregate_y15_24,geo_cov_rur,1999,13.295
dnk,sex_t,age_aggregate_y15_24,geo_cov_rur,2000,10.416
dnk,sex_t,age_aggregate_y15_24,geo_cov_rur,2001,14.052
dnk,sex_t,age_aggregate_y15_24,geo_cov_rur,2002,11.693
dnk,sex_t,age_aggregate_y15_24,geo_cov_rur,2003,15.509
dnk,sex_t,age_aggregate_y15_24,geo_cov_rur,2004,13.182
dnk,sex_t,age_aggregate_y15_24,geo_cov_rur,2005,12.188
dnk,sex_t,age_aggregate_y15_24,geo_cov_rur,2006,11.998
dnk,sex_t,age_aggregate_y15_24,geo_cov_rur,2007,12.386
dnk,sex_t,age_aggregate_y15_24,geo_cov_rur,2008,13.415
dnk,sex_t,age_aggregate_y15_24,geo_cov_rur,2009,20.287
dnk,sex_t,age_aggregate_y15_24,geo_cov_rur,2010,22.898
dnk,sex_t,age_aggregate_y15_24,geo_cov_rur,2011,25.231
dnk,sex_t,age_aggregate_y15_24,geo_cov_rur,2012,23.424
dnk,sex_t,age_aggregate_y15_24,geo_cov_rur,2013,23.811
dnk,sex_t,age_aggregate_y15_24,geo_cov_rur,2014,21.996
dnk,sex_t,age_aggregate_y15_24,geo_cov_rur,2015,19.756
dnk,sex_t,age_aggregate_y15_24,geo_cov_rur,2016,26.358
dnk,sex_t,age_aggregate_y15_24,geo_cov_rur,2017,20.944
dnk,sex_t,age_aggregate_y15_24,geo_cov_rur,2018,16.984
dnk,sex_t,age_aggregate_y15_24,geo_cov_rur,2019,16.625
dnk,sex_t,age_aggregate_y15_24,geo_cov_rur,2020,17.85
dnk,sex_t,age_aggregate_y15_24,geo_cov_rur,2021,16.945
dnk,sex_t,age_aggregate_y15_24,geo_cov_rur,2022,15.37
dnk,sex_t,age_aggregate_y15_24,geo_cov_rur,2023,16.132
dnk,sex_t,age_aggregate_y15_24,geo_cov_rur,2024,21.401
dnk,sex_t,age_aggregate_y15_24,geo_cov_urb,1998,10.225
dnk,sex_t,age_aggregate_y15_24,geo_cov_urb,1999,12.881
dnk,sex_t,age_aggregate_y15_24,geo_cov_urb,2000,11.588
dnk,sex_t,age_aggregate_y15_24,geo_cov_urb,2001,12.622
dnk,sex_t,age_aggregate_y15_24,geo_cov_urb,2002,10.459
dnk,sex_t,age_aggregate_y15_24,geo_cov_urb,2003,14.284
dnk,sex_t,age_aggregate_y15_24,geo_cov_urb,2004,11.838
dnk,sex_t,age_aggregate_y15_24,geo_cov_urb,2005,13.57
dnk,sex_t,age_aggregate_y15_24,geo_cov_urb,2006,11.097
dnk,sex_t,age_aggregate_y15_24,geo_cov_urb,2007,13.184
dnk,sex_t,age_aggregate_y15_24,geo_cov_urb,2008,16.734
dnk,sex_t,age_aggregate_y15_24,geo_cov_urb,2009,19.876
dnk,sex_t,age_aggregate_y15_24,geo_cov_urb,2010,23.01
dnk,sex_t,age_aggregate_y15_24,geo_cov_urb,2011,25.571
dnk,sex_t,age_aggregate_y15_24,geo_cov_urb,2012,24.855
dnk,sex_t,age_aggregate_y15_24,geo_cov_urb,2013,22.739
dnk,sex_t,age_aggregate_y15_24,geo_cov_urb,2014,21.981
dnk,sex_t,age_aggregate_y15_24,geo_cov_urb,2015,17.027
dnk,sex_t,age_aggregate_y15_24,geo_cov_urb,2016,24.762
dnk,sex_t,age_aggregate_y15_24,geo_cov_urb,2017,21.51
dnk,sex_t,age_aggregate_y15_24,geo_cov_urb,2018,18.529
dnk,sex_t,age_aggregate_y15_24,geo_cov_urb,2019,18.266
dnk,sex_t,age_aggregate_y15_24,geo_cov_urb,2020,21.346
dnk,sex_t,age_aggregate_y15_24,geo_cov_urb,2021,18.806
dnk,sex_t,age_aggregate_y15_24,geo_cov_urb,2022,17.076
dnk,sex_t,age_aggregate_y15_24,geo_cov_urb,2023,17.147
dnk,sex_t,age_aggregate_y15_24,geo_cov_urb,2024,21.982
dnk,sex_t,age_aggregate_y25_54,geo_cov_nat,1998,6.342
dnk,sex_t,age_aggregate_y25_54,geo_cov_nat,1999,5.566
dnk,sex_t,age_aggregate_y25_54,geo_cov_nat,2000,5.807
dnk,sex_t,age_aggregate_y25_54,geo_cov_nat,2001,5.165
dnk,sex_t,age_aggregate_y25_54,geo_cov_nat,2002,5.061
dnk,sex_t,age_aggregate_y25_54,geo_cov_nat,2003,6.055
dnk,sex_t,age_aggregate_y25_54,geo_cov_nat,2004,6.021
dnk,sex_t,age_aggregate_y25_54,geo_cov_nat,2005,5.385
dnk,sex_t,age_aggregate_y25_54,geo_cov_nat,2006,4.255
dnk,sex_t,age_aggregate_y25_54,geo_cov_nat,2007,4.473
dnk,sex_t,age_aggregate_y25_54,geo_cov_nat,2008,3.832
dnk,sex_t,age_aggregate_y25_54,geo_cov_nat,2009,6.741
dnk,sex_t,age_aggregate_y25_54,geo_cov_nat,2010,7.987
dnk,sex_t,age_aggregate_y25_54,geo_cov_nat,2011,8.137
dnk,sex_t,age_aggregate_y25_54,geo_cov_nat,2012,8.296
dnk,sex_t,age_aggregate_y25_54,geo_cov_nat,2013,8.166
dnk,sex_t,age_aggregate_y25_54,geo_cov_nat,2014,7.586
dnk,sex_t,age_aggregate_y25_54,geo_cov_nat,2015,7.016
dnk,sex_t,age_aggregate_y25_54,geo_cov_nat,2016,7.907
dnk,sex_t,age_aggregate_y25_54,geo_cov_nat,2017,7.093
dnk,sex_t,age_aggregate_y25_54,geo_cov_nat,2018,6.19
dnk,sex_t,age_aggregate_y25_54,geo_cov_nat,2019,6.203
dnk,sex_t,age_aggregate_y25_54,geo_cov_nat,2020,7.019
dnk,sex_t,age_aggregate_y25_54,geo_cov_nat,2021,5.8
dnk,sex_t,age_aggregate_y25_54,geo_cov_nat,2022,5.036
dnk,sex_t,age_aggregate_y25_54,geo_cov_nat,2023,5.781
dnk,sex_t,age_aggregate_y25_54,geo_cov_nat,2024,6.501
dnk,sex_t,age_aggregate_y25_54,geo_cov_rur,1998,5.355
dnk,sex_t,age_aggregate_y25_54,geo_cov_rur,1999,5.479
dnk,sex_t,age_aggregate_y25_54,geo_cov_rur,2000,5.374
dnk,sex_t,age_aggregate_y25_54,geo_cov_rur,2001,5.066
dnk,sex_t,age_aggregate_y25_54,geo_cov_rur,2002,4.042
dnk,sex_t,age_aggregate_y25_54,geo_cov_rur,2003,5.158
dnk,sex_t,age_aggregate_y25_54,geo_cov_rur,2004,4.995
dnk,sex_t,age_aggregate_y25_54,geo_cov_rur,2005,4.802
dnk,sex_t,age_aggregate_y25_54,geo_cov_rur,2006,3.576
dnk,sex_t,age_aggregate_y25_54,geo_cov_rur,2007,3.531
dnk,sex_t,age_aggregate_y25_54,geo_cov_rur,2008,3.423
dnk,sex_t,age_aggregate_y25_54,geo_cov_rur,2009,6.729
dnk,sex_t,age_aggregate_y25_54,geo_cov_rur,2010,7.606
dnk,sex_t,age_aggregate_y25_54,geo_cov_rur,2011,7.339
dnk,sex_t,age_aggregate_y25_54,geo_cov_rur,2012,7.24
dnk,sex_t,age_aggregate_y25_54,geo_cov_rur,2013,7.489
dnk,sex_t,age_aggregate_y25_54,geo_cov_rur,2014,6.842
dnk,sex_t,age_aggregate_y25_54,geo_cov_rur,2015,6.077
dnk,sex_t,age_aggregate_y25_54,geo_cov_rur,2016,6.975
dnk,sex_t,age_aggregate_y25_54,geo_cov_rur,2017,6.314
dnk,sex_t,age_aggregate_y25_54,geo_cov_rur,2018,5.178
dnk,sex_t,age_aggregate_y25_54,geo_cov_rur,2019,5.146
dnk,sex_t,age_aggregate_y25_54,geo_cov_rur,2020,5.67
dnk,sex_t,age_aggregate_y25_54,geo_cov_rur,2021,3.866
dnk,sex_t,age_aggregate_y25_54,geo_cov_rur,2022,4.112
dnk,sex_t,age_aggregate_y25_54,geo_cov_rur,2023,4.895
dnk,sex_t,age_aggregate_y25_54,geo_cov_rur,2024,5.021
dnk,sex_t,age_aggregate_y25_54,geo_cov_urb,1998,6.967
dnk,sex_t,age_aggregate_y25_54,geo_cov_urb,1999,5.621
dnk,sex_t,age_aggregate_y25_54,geo_cov_urb,2000,6.101
dnk,sex_t,age_aggregate_y25_54,geo_cov_urb,2001,5.231
dnk,sex_t,age_aggregate_y25_54,geo_cov_urb,2002,5.701
dnk,sex_t,age_aggregate_y25_54,geo_cov_urb,2003,6.633
dnk,sex_t,age_aggregate_y25_54,geo_cov_urb,2004,6.686
dnk,sex_t,age_aggregate_y25_54,geo_cov_urb,2005,5.719
dnk,sex_t,age_aggregate_y25_54,geo_cov_urb,2006,4.647
dnk,sex_t,age_aggregate_y25_54,geo_cov_urb,2007,4.939
dnk,sex_t,age_aggregate_y25_54,geo_cov_urb,2008,4.05
dnk,sex_t,age_aggregate_y25_54,geo_cov_urb,2009,6.747
dnk,sex_t,age_aggregate_y25_54,geo_cov_urb,2010,8.181
dnk,sex_t,age_aggregate_y25_54,geo_cov_urb,2011,8.528
dnk,sex_t,age_aggregate_y25_54,geo_cov_urb,2012,9.065
dnk,sex_t,age_aggregate_y25_54,geo_cov_urb,2013,8.673
dnk,sex_t,age_aggregate_y25_54,geo_cov_urb,2014,8.133
dnk,sex_t,age_aggregate_y25_54,geo_cov_urb,2015,7.688
dnk,sex_t,age_aggregate_y25_54,geo_cov_urb,2016,8.47
dnk,sex_t,age_aggregate_y25_54,geo_cov_urb,2017,7.538
dnk,sex_t,age_aggregate_y25_54,geo_cov_urb,2018,6.763
dnk,sex_t,age_aggregate_y25_54,geo_cov_urb,2019,6.785
dnk,sex_t,age_aggregate_y25_54,geo_cov_urb,2020,7.749
dnk,sex_t,age_aggregate_y25_54,geo_cov_urb,2021,6.641
dnk,sex_t,age_aggregate_y25_54,geo_cov_urb,2022,5.448
dnk,sex_t,age_aggregate_y25_54,geo_cov_urb,2023,6.174
dnk,sex_t,age_aggregate_y25_54,geo_cov_urb,2024,7.103
dnk,sex_t,age_aggregate_y55_64,geo_cov_nat,1998,6.213
dnk,sex_t,age_aggregate_y55_64,geo_cov_nat,1999,4.968
dnk,sex_t,age_aggregate_y55_64,geo_cov_nat,2000,7.305
dnk,sex_t,age_aggregate_y55_64,geo_cov_nat,2001,6.761
dnk,sex_t,age_aggregate_y55_64,geo_cov_nat,2002,6.181
dnk,sex_t,age_aggregate_y55_64,geo_cov_nat,2003,5.167
dnk,sex_t,age_aggregate_y55_64,geo_cov_nat,2004,6.282
dnk,sex_t,age_aggregate_y55_64,geo_cov_nat,2005,6.657
dnk,sex_t,age_aggregate_y55_64,geo_cov_nat,2006,5.406
dnk,sex_t,age_aggregate_y55_64,geo_cov_nat,2007,5.89
dnk,sex_t,age_aggregate_y55_64,geo_cov_nat,2008,4.211
dnk,sex_t,age_aggregate_y55_64,geo_cov_nat,2009,6.114
dnk,sex_t,age_aggregate_y55_64,geo_cov_nat,2010,7.371
dnk,sex_t,age_aggregate_y55_64,geo_cov_nat,2011,7.985
dnk,sex_t,age_aggregate_y55_64,geo_cov_nat,2012,7.504
dnk,sex_t,age_aggregate_y55_64,geo_cov_nat,2013,7.016
dnk,sex_t,age_aggregate_y55_64,geo_cov_nat,2014,6.363
dnk,sex_t,age_aggregate_y55_64,geo_cov_nat,2015,5.455
dnk,sex_t,age_aggregate_y55_64,geo_cov_nat,2016,6.905
dnk,sex_t,age_aggregate_y55_64,geo_cov_nat,2017,5.644
dnk,sex_t,age_aggregate_y55_64,geo_cov_nat,2018,5.054
dnk,sex_t,age_aggregate_y55_64,geo_cov_nat,2019,4.852
dnk,sex_t,age_aggregate_y55_64,geo_cov_nat,2020,5.965
dnk,sex_t,age_aggregate_y55_64,geo_cov_nat,2021,5.283
dnk,sex_t,age_aggregate_y55_64,geo_cov_nat,2022,3.981
dnk,sex_t,age_aggregate_y55_64,geo_cov_nat,2023,4.089
dnk,sex_t,age_aggregate_y55_64,geo_cov_nat,2024,5.394
dnk,sex_t,age_aggregate_y55_64,geo_cov_rur,1998,5.029
dnk,sex_t,age_aggregate_y55_64,geo_cov_rur,1999,4.943
dnk,sex_t,age_aggregate_y55_64,geo_cov_rur,2000,7.069
dnk,sex_t,age_aggregate_y55_64,geo_cov_rur,2001,6.751
dnk,sex_t,age_aggregate_y55_64,geo_cov_rur,2002,6.432
dnk,sex_t,age_aggregate_y55_64,geo_cov_rur,2003,6.001
dnk,sex_t,age_aggregate_y55_64,geo_cov_rur,2004,7.42
dnk,sex_t,age_aggregate_y55_64,geo_cov_rur,2005,7.091
dnk,sex_t,age_aggregate_y55_64,geo_cov_rur,2006,6.04
dnk,sex_t,age_aggregate_y55_64,geo_cov_rur,2007,5.819
dnk,sex_t,age_aggregate_y55_64,geo_cov_rur,2008,4.235
dnk,sex_t,age_aggregate_y55_64,geo_cov_rur,2009,6.269
dnk,sex_t,age_aggregate_y55_64,geo_cov_rur,2010,7.813
dnk,sex_t,age_aggregate_y55_64,geo_cov_rur,2011,8.089
dnk,sex_t,age_aggregate_y55_64,geo_cov_rur,2012,6.953
dnk,sex_t,age_aggregate_y55_64,geo_cov_rur,2013,6.246
dnk,sex_t,age_aggregate_y55_64,geo_cov_rur,2014,5.73
dnk,sex_t,age_aggregate_y55_64,geo_cov_rur,2015,5.024
dnk,sex_t,age_aggregate_y55_64,geo_cov_rur,2016,6.267
dnk,sex_t,age_aggregate_y55_64,geo_cov_rur,2017,4.827
dnk,sex_t,age_aggregate_y55_64,geo_cov_rur,2018,4.472
dnk,sex_t,age_aggregate_y55_64,geo_cov_rur,2019,4.275
dnk,sex_t,age_aggregate_y55_64,geo_cov_rur,2020,5.699
dnk,sex_t,age_aggregate_y55_64,geo_cov_rur,2021,3.844
dnk,sex_t,age_aggregate_y55_64,geo_cov_rur,2022,3.28
dnk,sex_t,age_aggregate_y55_64,geo_cov_rur,2023,3.161
dnk,sex_t,age_aggregate_y55_64,geo_cov_rur,2024,4.47
dnk,sex_t,age_aggregate_y55_64,geo_cov_urb,1998,7.02
dnk,sex_t,age_aggregate_y55_64,geo_cov_urb,1999,4.981
dnk,sex_t,age_aggregate_y55_64,geo_cov_urb,2000,7.457
dnk,sex_t,age_aggregate_y55_64,geo_cov_urb,2001,6.767
dnk,sex_t,age_aggregate_y55_64,geo_cov_urb,2002,6.011
dnk,sex_t,age_aggregate_y55_64,geo_cov_urb,2003,4.604
dnk,sex_t,age_aggregate_y55_64,geo_cov_urb,2004,5.465
dnk,sex_t,age_aggregate_y55_64,geo_cov_urb,2005,6.398
dnk,sex_t,age_aggregate_y55_64,geo_cov_urb,2006,4.999
dnk,sex_t,age_aggregate_y55_64,geo_cov_urb,2007,5.931
dnk,sex_t,age_aggregate_y55_64,geo_cov_urb,2008,4.196
dnk,sex_t,age_aggregate_y55_64,geo_cov_urb,2009,6.016
dnk,sex_t,age_aggregate_y55_64,geo_cov_urb,2010,7.105
dnk,sex_t,age_aggregate_y55_64,geo_cov_urb,2011,7.923
dnk,sex_t,age_aggregate_y55_64,geo_cov_urb,2012,8.031
dnk,sex_t,age_aggregate_y55_64,geo_cov_urb,2013,7.756
dnk,sex_t,age_aggregate_y55_64,geo_cov_urb,2014,6.953
dnk,sex_t,age_aggregate_y55_64,geo_cov_urb,2015,5.868
dnk,sex_t,age_aggregate_y55_64,geo_cov_urb,2016,7.415
dnk,sex_t,age_aggregate_y55_64,geo_cov_urb,2017,6.274
dnk,sex_t,age_aggregate_y55_64,geo_cov_urb,2018,5.502
dnk,sex_t,age_aggregate_y55_64,geo_cov_urb,2019,5.273
dnk,sex_t,age_aggregate_y55_64,geo_cov_urb,2020,6.164
dnk,sex_t,age_aggregate_y55_64,geo_cov_urb,2021,6.127
dnk,sex_t,age_aggregate_y55_64,geo_cov_urb,2022,4.396
dnk,sex_t,age_aggregate_y55_64,geo_cov_urb,2023,4.596
dnk,sex_t,age_aggregate_y55_64,geo_cov_urb,2024,5.887
dnk,sex_t,age_aggregate_yge65,geo_cov_nat,1998,6.144
dnk,sex_t,age_aggregate_yge65,geo_cov_nat,2000,5.663
dnk,sex_t,age_aggregate_yge65,geo_cov_nat,2001,3.33
dnk,sex_t,age_aggregate_yge65,geo_cov_nat,2003,8.874
dnk,sex_t,age_aggregate_yge65,geo_cov_nat,2005,4.293
dnk,sex_t,age_aggregate_yge65,geo_cov_nat,2006,5.788
dnk,sex_t,age_aggregate_yge65,geo_cov_nat,2007,12.029
dnk,sex_t,age_aggregate_yge65,geo_cov_nat,2008,8.649
dnk,sex_t,age_aggregate_yge65,geo_cov_nat,2009,5.95
dnk,sex_t,age_aggregate_yge65,geo_cov_nat,2010,5.496
dnk,sex_t,age_aggregate_yge65,geo_cov_nat,2011,6.997
dnk,sex_t,age_aggregate_yge65,geo_cov_nat,2012,6.246
dnk,sex_t,age_aggregate_yge65,geo_cov_nat,2013,6.512
dnk,sex_t,age_aggregate_yge65,geo_cov_nat,2014,2.428
dnk,sex_t,age_aggregate_yge65,geo_cov_nat,2015,4.37
dnk,sex_t,age_aggregate_yge65,geo_cov_nat,2016,11.455
dnk,sex_t,age_aggregate_yge65,geo_cov_nat,2017,6.267
dnk,sex_t,age_aggregate_yge65,geo_cov_nat,2018,4.193
dnk,sex_t,age_aggregate_yge65,geo_cov_nat,2019,5.306
dnk,sex_t,age_aggregate_yge65,geo_cov_nat,2020,7.387
dnk,sex_t,age_aggregate_yge65,geo_cov_nat,2021,5.941
dnk,sex_t,age_aggregate_yge65,geo_cov_nat,2022,6.045
dnk,sex_t,age_aggregate_yge65,geo_cov_nat,2023,5.887
dnk,sex_t,age_aggregate_yge65,geo_cov_nat,2024,8.33
dnk,sex_t,age_aggregate_yge65,geo_cov_rur,2005,4.424
dnk,sex_t,age_aggregate_yge65,geo_cov_rur,2006,3.589
dnk,sex_t,age_aggregate_yge65,geo_cov_rur,2007,12.045
dnk,sex_t,age_aggregate_yge65,geo_cov_rur,2008,6.665
dnk,sex_t,age_aggregate_yge65,geo_cov_rur,2009,5.9
dnk,sex_t,age_aggregate_yge65,geo_cov_rur,2010,4.22
dnk,sex_t,age_aggregate_yge65,geo_cov_rur,2011,8.146
dnk,sex_t,age_aggregate_yge65,geo_cov_rur,2012,6.848
dnk,sex_t,age_aggregate_yge65,geo_cov_rur,2013,7.323
dnk,sex_t,age_aggregate_yge65,geo_cov_rur,2014,2.488
dnk,sex_t,age_aggregate_yge65,geo_cov_rur,2015,3.571
dnk,sex_t,age_aggregate_yge65,geo_cov_rur,2016,11.096
dnk,sex_t,age_aggregate_yge65,geo_cov_rur,2017,6.332
dnk,sex_t,age_aggregate_yge65,geo_cov_rur,2018,4.82
dnk,sex_t,age_aggregate_yge65,geo_cov_rur,2019,5.148
dnk,sex_t,age_aggregate_yge65,geo_cov_rur,2020,7.027
dnk,sex_t,age_aggregate_yge65,geo_cov_rur,2021,4.92
dnk,sex_t,age_aggregate_yge65,geo_cov_rur,2022,3.553
dnk,sex_t,age_aggregate_yge65,geo_cov_rur,2023,5.151
dnk,sex_t,age_aggregate_yge65,geo_cov_rur,2024,7.633
dnk,sex_t,age_aggregate_yge65,geo_cov_urb,1998,9.487
dnk,sex_t,age_aggregate_yge65,geo_cov_urb,2001,5.634
dnk,sex_t,age_aggregate_yge65,geo_cov_urb,2003,11.323
dnk,sex_t,age_aggregate_yge65,geo_cov_urb,2005,4.2
dnk,sex_t,age_aggregate_yge65,geo_cov_urb,2006,7.242
dnk,sex_t,age_aggregate_yge65,geo_cov_urb,2007,12.019
dnk,sex_t,age_aggregate_yge65,geo_cov_urb,2008,9.739
dnk,sex_t,age_aggregate_yge65,geo_cov_urb,2009,5.974
dnk,sex_t,age_aggregate_yge65,geo_cov_urb,2010,6.141
dnk,sex_t,age_aggregate_yge65,geo_cov_urb,2011,6.362
dnk,sex_t,age_aggregate_yge65,geo_cov_urb,2012,5.788
dnk,sex_t,age_aggregate_yge65,geo_cov_urb,2013,5.824
dnk,sex_t,age_aggregate_yge65,geo_cov_urb,2014,2.369
dnk,sex_t,age_aggregate_yge65,geo_cov_urb,2015,5.228
dnk,sex_t,age_aggregate_yge65,geo_cov_urb,2016,11.767
dnk,sex_t,age_aggregate_yge65,geo_cov_urb,2017,6.208
dnk,sex_t,age_aggregate_yge65,geo_cov_urb,2018,3.706
dnk,sex_t,age_aggregate_yge65,geo_cov_urb,2019,5.422
dnk,sex_t,age_aggregate_yge65,geo_cov_urb,2020,7.67
dnk,sex_t,age_aggregate_yge65,geo_cov_urb,2021,6.594
dnk,sex_t,age_aggregate_yge65,geo_cov_urb,2022,7.593
dnk,sex_t,age_aggregate_yge65,geo_cov_urb,2023,6.381
dnk,sex_t,age_aggregate_yge65,geo_cov_urb,2024,8.829
dnk,sex_t,age_ythadult_y15_24,geo_cov_nat,1998,11.93
dnk,sex_t,age_ythadult_y15_24,geo_cov_nat,1999,13.035
dnk,sex_t,age_ythadult_y15_24,geo_cov_nat,2000,11.127
dnk,sex_t,age_ythadult_y15_24,geo_cov_nat,2001,13.162
dnk,sex_t,age_ythadult_y15_24,geo_cov_nat,2002,10.93
dnk,sex_t,age_ythadult_y15_24,geo_cov_nat,2003,14.73
dnk,sex_t,age_ythadult_y15_24,geo_cov_nat,2004,12.374
dnk,sex_t,age_ythadult_y15_24,geo_cov_nat,2005,13.05
dnk,sex_t,age_ythadult_y15_24,geo_cov_nat,2006,11.434
dnk,sex_t,age_ythadult_y15_24,geo_cov_nat,2007,12.92
dnk,sex_t,age_ythadult_y15_24,geo_cov_nat,2008,15.669
dnk,sex_t,age_ythadult_y15_24,geo_cov_nat,2009,20.009
dnk,sex_t,age_ythadult_y15_24,geo_cov_nat,2010,22.976
dnk,sex_t,age_ythadult_y15_24,geo_cov_nat,2011,25.472
dnk,sex_t,age_ythadult_y15_24,geo_cov_nat,2012,24.319
dnk,sex_t,age_ythadult_y15_24,geo_cov_nat,2013,23.147
dnk,sex_t,age_ythadult_y15_24,geo_cov_nat,2014,21.986
dnk,sex_t,age_ythadult_y15_24,geo_cov_nat,2015,18.047
dnk,sex_t,age_ythadult_y15_24,geo_cov_nat,2016,25.318
dnk,sex_t,age_ythadult_y15_24,geo_cov_nat,2017,21.318
dnk,sex_t,age_ythadult_y15_24,geo_cov_nat,2018,18.003
dnk,sex_t,age_ythadult_y15_24,geo_cov_nat,2019,17.704
dnk,sex_t,age_ythadult_y15_24,geo_cov_nat,2020,20.159
dnk,sex_t,age_ythadult_y15_24,geo_cov_nat,2021,18.251
dnk,sex_t,age_ythadult_y15_24,geo_cov_nat,2022,16.581
dnk,sex_t,age_ythadult_y15_24,geo_cov_nat,2023,16.862
dnk,sex_t,age_ythadult_y15_24,geo_cov_nat,2024,21.821
dnk,sex_t,age_ythadult_y15_24,geo_cov_rur,1998,14.805
dnk,sex_t,age_ythadult_y15_24,geo_cov_rur,1999,13.295
dnk,sex_t,age_ythadult_y15_24,geo_cov_rur,2000,10.416
dnk,sex_t,age_ythadult_y15_24,geo_cov_rur,2001,14.052
dnk,sex_t,age_ythadult_y15_24,geo_cov_rur,2002,11.693
dnk,sex_t,age_ythadult_y15_24,geo_cov_rur,2003,15.509
dnk,sex_t,age_ythadult_y15_24,geo_cov_rur,2004,13.182
dnk,sex_t,age_ythadult_y15_24,geo_cov_rur,2005,12.188
dnk,sex_t,age_ythadult_y15_24,geo_cov_rur,2006,11.998
dnk,sex_t,age_ythadult_y15_24,geo_cov_rur,2007,12.386
dnk,sex_t,age_ythadult_y15_24,geo_cov_rur,2008,13.415
dnk,sex_t,age_ythadult_y15_24,geo_cov_rur,2009,20.287
dnk,sex_t,age_ythadult_y15_24,geo_cov_rur,2010,22.898
dnk,sex_t,age_ythadult_y15_24,geo_cov_rur,2011,25.231
dnk,sex_t,age_ythadult_y15_24,geo_cov_rur,2012,23.424
dnk,sex_t,age_ythadult_y15_24,geo_cov_rur,2013,23.811
dnk,sex_t,age_ythadult_y15_24,geo_cov_rur,2014,21.996
dnk,sex_t,age_ythadult_y15_24,geo_cov_rur,2015,19.756
dnk,sex_t,age_ythadult_y15_24,geo_cov_rur,2016,26.358
dnk,sex_t,age_ythadult_y15_24,geo_cov_rur,2017,20.944
dnk,sex_t,age_ythadult_y15_24,geo_cov_rur,2018,16.984
dnk,sex_t,age_ythadult_y15_24,geo_cov_rur,2019,16.625
dnk,sex_t,age_ythadult_y15_24,geo_cov_rur,2020,17.85
dnk,sex_t,age_ythadult_y15_24,geo_cov_rur,2021,16.945
dnk,sex_t,age_ythadult_y15_24,geo_cov_rur,2022,15.37
dnk,sex_t,age_ythadult_y15_24,geo_cov_rur,2023,16.132
dnk,sex_t,age_ythadult_y15_24,geo_cov_rur,2024,21.401
dnk,sex_t,age_ythadult_y15_24,geo_cov_urb,1998,10.225
dnk,sex_t,age_ythadult_y15_24,geo_cov_urb,1999,12.881
dnk,sex_t,age_ythadult_y15_24,geo_cov_urb,2000,11.588
dnk,sex_t,age_ythadult_y15_24,geo_cov_urb,2001,12.622
dnk,sex_t,age_ythadult_y15_24,geo_cov_urb,2002,10.459
dnk,sex_t,age_ythadult_y15_24,geo_cov_urb,2003,14.284
dnk,sex_t,age_ythadult_y15_24,geo_cov_urb,2004,11.838
dnk,sex_t,age_ythadult_y15_24,geo_cov_urb,2005,13.57
dnk,sex_t,age_ythadult_y15_24,geo_cov_urb,2006,11.097
dnk,sex_t,age_ythadult_y15_24,geo_cov_urb,2007,13.184
dnk,sex_t,age_ythadult_y15_24,geo_cov_urb,2008,16.734
dnk,sex_t,age_ythadult_y15_24,geo_cov_urb,2009,19.876
dnk,sex_t,age_ythadult_y15_24,geo_cov_urb,2010,23.01
dnk,sex_t,age_ythadult_y15_24,geo_cov_urb,2011,25.571
dnk,sex_t,age_ythadult_y15_24,geo_cov_urb,2012,24.855
dnk,sex_t,age_ythadult_y15_24,geo_cov_urb,2013,22.739
dnk,sex_t,age_ythadult_y15_24,geo_cov_urb,2014,21.981
dnk,sex_t,age_ythadult_y15_24,geo_cov_urb,2015,17.027
dnk,sex_t,age_ythadult_y15_24,geo_cov_urb,2016,24.762
dnk,sex_t,age_ythadult_y15_24,geo_cov_urb,2017,21.51
dnk,sex_t,age_ythadult_y15_24,geo_cov_urb,2018,18.529
dnk,sex_t,age_ythadult_y15_24,geo_cov_urb,2019,18.266
dnk,sex_t,age_ythadult_y15_24,geo_cov_urb,2020,21.346
dnk,sex_t,age_ythadult_y15_24,geo_cov_urb,2021,18.806
dnk,sex_t,age_ythadult_y15_24,geo_cov_urb,2022,17.076
dnk,sex_t,age_ythadult_y15_24,geo_cov_urb,2023,17.147
dnk,sex_t,age_ythadult_y15_24,geo_cov_urb,2024,21.982
dnk,sex_t,age_ythadult_y15_64,geo_cov_nat,1998,7.276
dnk,sex_t,age_ythadult_y15_64,geo_cov_nat,1999,6.694
dnk,sex_t,age_ythadult_y15_64,geo_cov_nat,2000,6.836
dnk,sex_t,age_ythadult_y15_64,geo_cov_nat,2001,6.538
dnk,sex_t,age_ythadult_y15_64,geo_cov_nat,2002,6.053
dnk,sex_t,age_ythadult_y15_64,geo_cov_nat,2003,7.142
dnk,sex_t,age_ythadult_y15_64,geo_cov_nat,2004,6.955
dnk,sex_t,age_ythadult_y15_64,geo_cov_nat,2005,6.705
dnk,sex_t,age_ythadult_y15_64,geo_cov_nat,2006,5.528
dnk,sex_t,age_ythadult_y15_64,geo_cov_nat,2007,6.013
dnk,sex_t,age_ythadult_y15_64,geo_cov_nat,2008,5.794
dnk,sex_t,age_ythadult_y15_64,geo_cov_nat,2009,8.846
dnk,sex_t,age_ythadult_y15_64,geo_cov_nat,2010,10.338
dnk,sex_t,age_ythadult_y15_64,geo_cov_nat,2011,11.03
dnk,sex_t,age_ythadult_y15_64,geo_cov_nat,2012,10.822
dnk,sex_t,age_ythadult_y15_64,geo_cov_nat,2013,10.39
dnk,sex_t,age_ythadult_y15_64,geo_cov_nat,2014,9.707
dnk,sex_t,age_ythadult_y15_64,geo_cov_nat,2015,8.508
dnk,sex_t,age_ythadult_y15_64,geo_cov_nat,2016,10.713
dnk,sex_t,age_ythadult_y15_64,geo_cov_nat,2017,9.192
dnk,sex_t,age_ythadult_y15_64,geo_cov_nat,2018,7.88
dnk,sex_t,age_ythadult_y15_64,geo_cov_nat,2019,7.796
dnk,sex_t,age_ythadult_y15_64,geo_cov_nat,2020,8.882
dnk,sex_t,age_ythadult_y15_64,geo_cov_nat,2021,7.61
dnk,sex_t,age_ythadult_y15_64,geo_cov_nat,2022,6.625
dnk,sex_t,age_ythadult_y15_64,geo_cov_nat,2023,7.197
dnk,sex_t,age_ythadult_y15_64,geo_cov_nat,2024,8.865
dnk,sex_t,age_ythadult_y15_64,geo_cov_rur,1998,6.861
dnk,sex_t,age_ythadult_y15_64,geo_cov_rur,1999,6.637
dnk,sex_t,age_ythadult_y15_64,geo_cov_rur,2000,6.362
dnk,sex_t,age_ythadult_y15_64,geo_cov_rur,2001,6.528
dnk,sex_t,age_ythadult_y15_64,geo_cov_rur,2002,5.458
dnk,sex_t,age_ythadult_y15_64,geo_cov_rur,2003,6.657
dnk,sex_t,age_ythadult_y15_64,geo_cov_rur,2004,6.545
dnk,sex_t,age_ythadult_y15_64,geo_cov_rur,2005,6.271
dnk,sex_t,age_ythadult_y15_64,geo_cov_rur,2006,5.276
dnk,sex_t,age_ythadult_y15_64,geo_cov_rur,2007,5.277
dnk,sex_t,age_ythadult_y15_64,geo_cov_rur,2008,5.036
dnk,sex_t,age_ythadult_y15_64,geo_cov_rur,2009,8.706
dnk,sex_t,age_ythadult_y15_64,geo_cov_rur,2010,9.865
dnk,sex_t,age_ythadult_y15_64,geo_cov_rur,2011,10.132
dnk,sex_t,age_ythadult_y15_64,geo_cov_rur,2012,9.551
dnk,sex_t,age_ythadult_y15_64,geo_cov_rur,2013,9.586
dnk,sex_t,age_ythadult_y15_64,geo_cov_rur,2014,8.752
dnk,sex_t,age_ythadult_y15_64,geo_cov_rur,2015,7.796
dnk,sex_t,age_ythadult_y15_64,geo_cov_rur,2016,9.85
dnk,sex_t,age_ythadult_y15_64,geo_cov_rur,2017,8.224
dnk,sex_t,age_ythadult_y15_64,geo_cov_rur,2018,6.765
dnk,sex_t,age_ythadult_y15_64,geo_cov_rur,2019,6.684
dnk,sex_t,age_ythadult_y15_64,geo_cov_rur,2020,7.46
dnk,sex_t,age_ythadult_y15_64,geo_cov_rur,2021,5.761
dnk,sex_t,age_ythadult_y15_64,geo_cov_rur,2022,5.52
dnk,sex_t,age_ythadult_y15_64,geo_cov_rur,2023,6.106
dnk,sex_t,age_ythadult_y15_64,geo_cov_rur,2024,7.452
dnk,sex_t,age_ythadult_y15_64,geo_cov_urb,1998,7.537
dnk,sex_t,age_ythadult_y15_64,geo_cov_urb,1999,6.729
dnk,sex_t,age_ythadult_y15_64,geo_cov_urb,2000,7.154
dnk,sex_t,age_ythadult_y15_64,geo_cov_urb,2001,6.545
dnk,sex_t,age_ythadult_y15_64,geo_cov_urb,2002,6.43
dnk,sex_t,age_ythadult_y15_64,geo_cov_urb,2003,7.451
dnk,sex_t,age_ythadult_y15_64,geo_cov_urb,2004,7.225
dnk,sex_t,age_ythadult_y15_64,geo_cov_urb,2005,6.957
dnk,sex_t,age_ythadult_y15_64,geo_cov_urb,2006,5.678
dnk,sex_t,age_ythadult_y15_64,geo_cov_urb,2007,6.386
dnk,sex_t,age_ythadult_y15_64,geo_cov_urb,2008,6.199
dnk,sex_t,age_ythadult_y15_64,geo_cov_urb,2009,8.924
dnk,sex_t,age_ythadult_y15_64,geo_cov_urb,2010,10.579
dnk,sex_t,age_ythadult_y15_64,geo_cov_urb,2011,11.472
dnk,sex_t,age_ythadult_y15_64,geo_cov_urb,2012,11.757
dnk,sex_t,age_ythadult_y15_64,geo_cov_urb,2013,10.997
dnk,sex_t,age_ythadult_y15_64,geo_cov_urb,2014,10.409
dnk,sex_t,age_ythadult_y15_64,geo_cov_urb,2015,9.026
dnk,sex_t,age_ythadult_y15_64,geo_cov_urb,2016,11.248
dnk,sex_t,age_ythadult_y15_64,geo_cov_urb,2017,9.765
dnk,sex_t,age_ythadult_y15_64,geo_cov_urb,2018,8.537
dnk,sex_t,age_ythadult_y15_64,geo_cov_urb,2019,8.435
dnk,sex_t,age_ythadult_y15_64,geo_cov_urb,2020,9.694
dnk,sex_t,age_ythadult_y15_64,geo_cov_urb,2021,8.46
dnk,sex_t,age_ythadult_y15_64,geo_cov_urb,2022,7.138
dnk,sex_t,age_ythadult_y15_64,geo_cov_urb,2023,7.692
dnk,sex_t,age_ythadult_y15_64,geo_cov_urb,2024,9.467
dnk,sex_t,age_ythadult_yge15,geo_cov_nat,1998,7.264
dnk,sex_t,age_ythadult_yge15,geo_cov_nat,1999,6.674
dnk,sex_t,age_ythadult_yge15,geo_cov_nat,2000,6.828
dnk,sex_t,age_ythadult_yge15,geo_cov_nat,2001,6.495
dnk,sex_t,age_ythadult_yge15,geo_cov_nat,2002,5.997
dnk,sex_t,age_ythadult_yge15,geo_cov_nat,2003,7.167
dnk,sex_t,age_ythadult_yge15,geo_cov_nat,2004,6.907
dnk,sex_t,age_ythadult_yge15,geo_cov_nat,2005,6.665
dnk,sex_t,age_ythadult_yge15,geo_cov_nat,2006,5.532
dnk,sex_t,age_ythadult_yge15,geo_cov_nat,2007,6.116
dnk,sex_t,age_ythadult_yge15,geo_cov_nat,2008,5.852
dnk,sex_t,age_ythadult_yge15,geo_cov_nat,2009,8.784
dnk,sex_t,age_ythadult_yge15,geo_cov_nat,2010,10.229
dnk,sex_t,age_ythadult_yge15,geo_cov_nat,2011,10.926
dnk,sex_t,age_ythadult_yge15,geo_cov_nat,2012,10.69
dnk,sex_t,age_ythadult_yge15,geo_cov_nat,2013,10.279
dnk,sex_t,age_ythadult_yge15,geo_cov_nat,2014,9.491
dnk,sex_t,age_ythadult_yge15,geo_cov_nat,2015,8.381
dnk,sex_t,age_ythadult_yge15,geo_cov_nat,2016,10.738
dnk,sex_t,age_ythadult_yge15,geo_cov_nat,2017,9.1
dnk,sex_t,age_ythadult_yge15,geo_cov_nat,2018,7.763
dnk,sex_t,age_ythadult_yge15,geo_cov_nat,2019,7.713
dnk,sex_t,age_ythadult_yge15,geo_cov_nat,2020,8.831
dnk,sex_t,age_ythadult_yge15,geo_cov_nat,2021,7.546
dnk,sex_t,age_ythadult_yge15,geo_cov_nat,2022,6.599
dnk,sex_t,age_ythadult_yge15,geo_cov_nat,2023,7.138
dnk,sex_t,age_ythadult_yge15,geo_cov_nat,2024,8.838
dnk,sex_t,age_ythadult_yge15,geo_cov_rur,1998,6.805
dnk,sex_t,age_ythadult_yge15,geo_cov_rur,1999,6.594
dnk,sex_t,age_ythadult_yge15,geo_cov_rur,2000,6.324
dnk,sex_t,age_ythadult_yge15,geo_cov_rur,2001,6.437
dnk,sex_t,age_ythadult_yge15,geo_cov_rur,2002,5.375
dnk,sex_t,age_ythadult_yge15,geo_cov_rur,2003,6.649
dnk,sex_t,age_ythadult_yge15,geo_cov_rur,2004,6.486
dnk,sex_t,age_ythadult_yge15,geo_cov_rur,2005,6.237
dnk,sex_t,age_ythadult_yge15,geo_cov_rur,2006,5.247
dnk,sex_t,age_ythadult_yge15,geo_cov_rur,2007,5.41
dnk,sex_t,age_ythadult_yge15,geo_cov_rur,2008,5.069
dnk,sex_t,age_ythadult_yge15,geo_cov_rur,2009,8.65
dnk,sex_t,age_ythadult_yge15,geo_cov_rur,2010,9.74
dnk,sex_t,age_ythadult_yge15,geo_cov_rur,2011,10.076
dnk,sex_t,age_ythadult_yge15,geo_cov_rur,2012,9.472
dnk,sex_t,age_ythadult_yge15,geo_cov_rur,2013,9.517
dnk,sex_t,age_ythadult_yge15,geo_cov_rur,2014,8.537
dnk,sex_t,age_ythadult_yge15,geo_cov_rur,2015,7.638
dnk,sex_t,age_ythadult_yge15,geo_cov_rur,2016,9.9
dnk,sex_t,age_ythadult_yge15,geo_cov_rur,2017,8.149
dnk,sex_t,age_ythadult_yge15,geo_cov_rur,2018,6.693
dnk,sex_t,age_ythadult_yge15,geo_cov_rur,2019,6.625
dnk,sex_t,age_ythadult_yge15,geo_cov_rur,2020,7.442
dnk,sex_t,age_ythadult_yge15,geo_cov_rur,2021,5.721
dnk,sex_t,age_ythadult_yge15,geo_cov_rur,2022,5.419
dnk,sex_t,age_ythadult_yge15,geo_cov_rur,2023,6.052
dnk,sex_t,age_ythadult_yge15,geo_cov_rur,2024,7.465
dnk,sex_t,age_ythadult_yge15,geo_cov_urb,1998,7.555
dnk,sex_t,age_ythadult_yge15,geo_cov_urb,1999,6.725
dnk,sex_t,age_ythadult_yge15,geo_cov_urb,2000,7.165
dnk,sex_t,age_ythadult_yge15,geo_cov_urb,2001,6.533
dnk,sex_t,age_ythadult_yge15,geo_cov_urb,2002,6.392
dnk,sex_t,age_ythadult_yge15,geo_cov_urb,2003,7.5
dnk,sex_t,age_ythadult_yge15,geo_cov_urb,2004,7.186
dnk,sex_t,age_ythadult_yge15,geo_cov_urb,2005,6.915
dnk,sex_t,age_ythadult_yge15,geo_cov_urb,2006,5.701
dnk,sex_t,age_ythadult_yge15,geo_cov_urb,2007,6.475
dnk,sex_t,age_ythadult_yge15,geo_cov_urb,2008,6.27
dnk,sex_t,age_ythadult_yge15,geo_cov_urb,2009,8.857
dnk,sex_t,age_ythadult_yge15,geo_cov_urb,2010,10.479
dnk,sex_t,age_ythadult_yge15,geo_cov_urb,2011,11.344
dnk,sex_t,age_ythadult_yge15,geo_cov_urb,2012,11.588
dnk,sex_t,age_ythadult_yge15,geo_cov_urb,2013,10.856
dnk,sex_t,age_ythadult_yge15,geo_cov_urb,2014,10.199
dnk,sex_t,age_ythadult_yge15,geo_cov_urb,2015,8.929
dnk,sex_t,age_ythadult_yge15,geo_cov_urb,2016,11.264
dnk,sex_t,age_ythadult_yge15,geo_cov_urb,2017,9.671
dnk,sex_t,age_ythadult_yge15,geo_cov_urb,2018,8.4
dnk,sex_t,age_ythadult_yge15,geo_cov_urb,2019,8.344
dnk,sex_t,age_ythadult_yge15,geo_cov_urb,2020,9.633
dnk,sex_t,age_ythadult_yge15,geo_cov_urb,2021,8.397
dnk,sex_t,age_ythadult_yge15,geo_cov_urb,2022,7.156
dnk,sex_t,age_ythadult_yge15,geo_cov_urb,2023,7.641
dnk,sex_t,age_ythadult_yge15,geo_cov_urb,2024,9.44
dnk,sex_t,age_ythadult_yge25,geo_cov_nat,1998,6.324
dnk,sex_t,age_ythadult_yge25,geo_cov_nat,1999,5.473
dnk,sex_t,age_ythadult_yge25,geo_cov_nat,2000,6.016
dnk,sex_t,age_ythadult_yge25,geo_cov_nat,2001,5.374
dnk,sex_t,age_ythadult_yge25,geo_cov_nat,2002,5.187
dnk,sex_t,age_ythadult_yge25,geo_cov_nat,2003,5.947
dnk,sex_t,age_ythadult_yge25,geo_cov_nat,2004,6.026
dnk,sex_t,age_ythadult_yge25,geo_cov_nat,2005,5.59
dnk,sex_t,age_ythadult_yge25,geo_cov_nat,2006,4.49
dnk,sex_t,age_ythadult_yge25,geo_cov_nat,2007,4.882
dnk,sex_t,age_ythadult_yge25,geo_cov_nat,2008,4.011
dnk,sex_t,age_ythadult_yge25,geo_cov_nat,2009,6.614
dnk,sex_t,age_ythadult_yge25,geo_cov_nat,2010,7.814
dnk,sex_t,age_ythadult_yge25,geo_cov_nat,2011,8.075
dnk,sex_t,age_ythadult_yge25,geo_cov_nat,2012,8.087
dnk,sex_t,age_ythadult_yge25,geo_cov_nat,2013,7.906
dnk,sex_t,age_ythadult_yge25,geo_cov_nat,2014,7.183
dnk,sex_t,age_ythadult_yge25,geo_cov_nat,2015,6.633
dnk,sex_t,age_ythadult_yge25,geo_cov_nat,2016,7.859
dnk,sex_t,age_ythadult_yge25,geo_cov_nat,2017,6.776
dnk,sex_t,age_ythadult_yge25,geo_cov_nat,2018,5.888
dnk,sex_t,age_ythadult_yge25,geo_cov_nat,2019,5.889
dnk,sex_t,age_ythadult_yge25,geo_cov_nat,2020,6.81
dnk,sex_t,age_ythadult_yge25,geo_cov_nat,2021,5.696
dnk,sex_t,age_ythadult_yge25,geo_cov_nat,2022,4.862
dnk,sex_t,age_ythadult_yge25,geo_cov_nat,2023,5.416
dnk,sex_t,age_ythadult_yge25,geo_cov_nat,2024,6.369
dnk,sex_t,age_ythadult_yge25,geo_cov_rur,1998,5.269
dnk,sex_t,age_ythadult_yge25,geo_cov_rur,1999,5.374
dnk,sex_t,age_ythadult_yge25,geo_cov_rur,2000,5.569
dnk,sex_t,age_ythadult_yge25,geo_cov_rur,2001,5.23
dnk,sex_t,age_ythadult_yge25,geo_cov_rur,2002,4.358
dnk,sex_t,age_ythadult_yge25,geo_cov_rur,2003,5.332
dnk,sex_t,age_ythadult_yge25,geo_cov_rur,2004,5.406
dnk,sex_t,age_ythadult_yge25,geo_cov_rur,2005,5.208
dnk,sex_t,age_ythadult_yge25,geo_cov_rur,2006,4.043
dnk,sex_t,age_ythadult_yge25,geo_cov_rur,2007,4.176
dnk,sex_t,age_ythadult_yge25,geo_cov_rur,2008,3.648
dnk,sex_t,age_ythadult_yge25,geo_cov_rur,2009,6.626
dnk,sex_t,age_ythadult_yge25,geo_cov_rur,2010,7.557
dnk,sex_t,age_ythadult_yge25,geo_cov_rur,2011,7.511
dnk,sex_t,age_ythadult_yge25,geo_cov_rur,2012,7.17
dnk,sex_t,age_ythadult_yge25,geo_cov_rur,2013,7.238
dnk,sex_t,age_ythadult_yge25,geo_cov_rur,2014,6.447
dnk,sex_t,age_ythadult_yge25,geo_cov_rur,2015,5.75
dnk,sex_t,age_ythadult_yge25,geo_cov_rur,2016,7.02
dnk,sex_t,age_ythadult_yge25,geo_cov_rur,2017,5.979
dnk,sex_t,age_ythadult_yge25,geo_cov_rur,2018,5.001
dnk,sex_t,age_ythadult_yge25,geo_cov_rur,2019,4.941
dnk,sex_t,age_ythadult_yge25,geo_cov_rur,2020,5.743
dnk,sex_t,age_ythadult_yge25,geo_cov_rur,2021,3.918
dnk,sex_t,age_ythadult_yge25,geo_cov_rur,2022,3.875
dnk,sex_t,age_ythadult_yge25,geo_cov_rur,2023,4.496
dnk,sex_t,age_ythadult_yge25,geo_cov_rur,2024,5.1
dnk,sex_t,age_ythadult_yge25,geo_cov_urb,1998,7
dnk,sex_t,age_ythadult_yge25,geo_cov_urb,1999,5.535
dnk,sex_t,age_ythadult_yge25,geo_cov_urb,2000,6.318
dnk,sex_t,age_ythadult_yge25,geo_cov_urb,2001,5.469
dnk,sex_t,age_ythadult_yge25,geo_cov_urb,2002,5.715
dnk,sex_t,age_ythadult_yge25,geo_cov_urb,2003,6.35
dnk,sex_t,age_ythadult_yge25,geo_cov_urb,2004,6.437
dnk,sex_t,age_ythadult_yge25,geo_cov_urb,2005,5.811
dnk,sex_t,age_ythadult_yge25,geo_cov_urb,2006,4.754
dnk,sex_t,age_ythadult_yge25,geo_cov_urb,2007,5.243
dnk,sex_t,age_ythadult_yge25,geo_cov_urb,2008,4.209
dnk,sex_t,age_ythadult_yge25,geo_cov_urb,2009,6.608
dnk,sex_t,age_ythadult_yge25,geo_cov_urb,2010,7.948
dnk,sex_t,age_ythadult_yge25,geo_cov_urb,2011,8.363
dnk,sex_t,age_ythadult_yge25,geo_cov_urb,2012,8.789
dnk,sex_t,age_ythadult_yge25,geo_cov_urb,2013,8.432
dnk,sex_t,age_ythadult_yge25,geo_cov_urb,2014,7.755
dnk,sex_t,age_ythadult_yge25,geo_cov_urb,2015,7.309
dnk,sex_t,age_ythadult_yge25,geo_cov_urb,2016,8.403
dnk,sex_t,age_ythadult_yge25,geo_cov_urb,2017,7.267
dnk,sex_t,age_ythadult_yge25,geo_cov_urb,2018,6.43
dnk,sex_t,age_ythadult_yge25,geo_cov_urb,2019,6.448
dnk,sex_t,age_ythadult_yge25,geo_cov_urb,2020,7.44
dnk,sex_t,age_ythadult_yge25,geo_cov_urb,2021,6.537
dnk,sex_t,age_ythadult_yge25,geo_cov_urb,2022,5.338
dnk,sex_t,age_ythadult_yge25,geo_cov_urb,2023,5.854
dnk,sex_t,age_ythadult_yge25,geo_cov_urb,2024,6.94
dom,sex_f,age_aggregate_total,geo_cov_nat,2015,22.418
dom,sex_f,age_aggregate_total,geo_cov_nat,2016,20.836
dom,sex_f,age_aggregate_total,geo_cov_nat,2017,18.115
dom,sex_f,age_aggregate_total,geo_cov_nat,2018,16.943
dom,sex_f,age_aggregate_total,geo_cov_nat,2019,16.354
dom,sex_f,age_aggregate_total,geo_cov_nat,2020,22.122
dom,sex_f,age_aggregate_total,geo_cov_nat,2021,22.182
dom,sex_f,age_aggregate_total,geo_cov_nat,2022,18.577
dom,sex_f,age_aggregate_total,geo_cov_nat,2023,17.571
dom,sex_f,age_aggregate_total,geo_cov_nat,2024,16.017
dom,sex_f,age_aggregate_total,geo_cov_rur,2015,22.656
dom,sex_f,age_aggregate_total,geo_cov_rur,2016,21.186
dom,sex_f,age_aggregate_total,geo_cov_rur,2017,19.447
dom,sex_f,age_aggregate_total,geo_cov_rur,2018,16.837
dom,sex_f,age_aggregate_total,geo_cov_rur,2019,17.852
dom,sex_f,age_aggregate_total,geo_cov_rur,2020,21.754
dom,sex_f,age_aggregate_total,geo_cov_rur,2021,22.425
dom,sex_f,age_aggregate_total,geo_cov_rur,2022,17.885
dom,sex_f,age_aggregate_total,geo_cov_rur,2023,18.469
dom,sex_f,age_aggregate_total,geo_cov_rur,2024,16.735
dom,sex_f,age_aggregate_total,geo_cov_urb,2015,22.366
dom,sex_f,age_aggregate_total,geo_cov_urb,2016,20.765
dom,sex_f,age_aggregate_total,geo_cov_urb,2017,17.872
dom,sex_f,age_aggregate_total,geo_cov_urb,2018,16.963
dom,sex_f,age_aggregate_total,geo_cov_urb,2019,16.093
dom,sex_f,age_aggregate_total,geo_cov_urb,2020,22.186
dom,sex_f,age_aggregate_total,geo_cov_urb,2021,22.142
dom,sex_f,age_aggregate_total,geo_cov_urb,2022,18.683
dom,sex_f,age_aggregate_total,geo_cov_urb,2023,17.434
dom,sex_f,age_aggregate_total,geo_cov_urb,2024,15.91
dom,sex_f,age_aggregate_y15_24,geo_cov_nat,2015,41.854
dom,sex_f,age_aggregate_y15_24,geo_cov_nat,2016,41.153
dom,sex_f,age_aggregate_y15_24,geo_cov_nat,2017,36.28
dom,sex_f,age_aggregate_y15_24,geo_cov_nat,2018,35.514
dom,sex_f,age_aggregate_y15_24,geo_cov_nat,2019,34.792
dom,sex_f,age_aggregate_y15_24,geo_cov_nat,2020,41.824
dom,sex_f,age_aggregate_y15_24,geo_cov_nat,2021,39.738
dom,sex_f,age_aggregate_y15_24,geo_cov_nat,2022,33.017
dom,sex_f,age_aggregate_y15_24,geo_cov_nat,2023,30.253
dom,sex_f,age_aggregate_y15_24,geo_cov_nat,2024,29.467
dom,sex_f,age_aggregate_y15_24,geo_cov_rur,2015,44.501
dom,sex_f,age_aggregate_y15_24,geo_cov_rur,2016,43.43
dom,sex_f,age_aggregate_y15_24,geo_cov_rur,2017,37.338
dom,sex_f,age_aggregate_y15_24,geo_cov_rur,2018,40.802
dom,sex_f,age_aggregate_y15_24,geo_cov_rur,2019,35.963
dom,sex_f,age_aggregate_y15_24,geo_cov_rur,2020,37.12
dom,sex_f,age_aggregate_y15_24,geo_cov_rur,2021,38.656
dom,sex_f,age_aggregate_y15_24,geo_cov_rur,2022,33.295
dom,sex_f,age_aggregate_y15_24,geo_cov_rur,2023,35.877
dom,sex_f,age_aggregate_y15_24,geo_cov_rur,2024,29.573
dom,sex_f,age_aggregate_y15_24,geo_cov_urb,2015,41.329
dom,sex_f,age_aggregate_y15_24,geo_cov_urb,2016,40.734
dom,sex_f,age_aggregate_y15_24,geo_cov_urb,2017,36.099
dom,sex_f,age_aggregate_y15_24,geo_cov_urb,2018,34.595
dom,sex_f,age_aggregate_y15_24,geo_cov_urb,2019,34.592
dom,sex_f,age_aggregate_y15_24,geo_cov_urb,2020,42.65
dom,sex_f,age_aggregate_y15_24,geo_cov_urb,2021,39.91
dom,sex_f,age_aggregate_y15_24,geo_cov_urb,2022,32.979
dom,sex_f,age_aggregate_y15_24,geo_cov_urb,2023,29.436
dom,sex_f,age_aggregate_y15_24,geo_cov_urb,2024,29.45
dom,sex_f,age_aggregate_y25_54,geo_cov_nat,2015,19.572
dom,sex_f,age_aggregate_y25_54,geo_cov_nat,2016,17.77
dom,sex_f,age_aggregate_y25_54,geo_cov_nat,2017,15.857
dom,sex_f,age_aggregate_y25_54,geo_cov_nat,2018,14.596
dom,sex_f,age_aggregate_y25_54,geo_cov_nat,2019,14.333
dom,sex_f,age_aggregate_y25_54,geo_cov_nat,2020,20.393
dom,sex_f,age_aggregate_y25_54,geo_cov_nat,2021,20.584
dom,sex_f,age_aggregate_y25_54,geo_cov_nat,2022,17.533
dom,sex_f,age_aggregate_y25_54,geo_cov_nat,2023,16.691
dom,sex_f,age_aggregate_y25_54,geo_cov_nat,2024,15.081
dom,sex_f,age_aggregate_y25_54,geo_cov_rur,2015,20.178
dom,sex_f,age_aggregate_y25_54,geo_cov_rur,2016,18.799
dom,sex_f,age_aggregate_y25_54,geo_cov_rur,2017,17.932
dom,sex_f,age_aggregate_y25_54,geo_cov_rur,2018,13.763
dom,sex_f,age_aggregate_y25_54,geo_cov_rur,2019,16.144
dom,sex_f,age_aggregate_y25_54,geo_cov_rur,2020,20.902
dom,sex_f,age_aggregate_y25_54,geo_cov_rur,2021,20.962
dom,sex_f,age_aggregate_y25_54,geo_cov_rur,2022,16.902
dom,sex_f,age_aggregate_y25_54,geo_cov_rur,2023,17.006
dom,sex_f,age_aggregate_y25_54,geo_cov_rur,2024,16.197
dom,sex_f,age_aggregate_y25_54,geo_cov_urb,2015,19.44
dom,sex_f,age_aggregate_y25_54,geo_cov_urb,2016,17.557
dom,sex_f,age_aggregate_y25_54,geo_cov_urb,2017,15.483
dom,sex_f,age_aggregate_y25_54,geo_cov_urb,2018,14.748
dom,sex_f,age_aggregate_y25_54,geo_cov_urb,2019,14.014
dom,sex_f,age_aggregate_y25_54,geo_cov_urb,2020,20.305
dom,sex_f,age_aggregate_y25_54,geo_cov_urb,2021,20.522
dom,sex_f,age_aggregate_y25_54,geo_cov_urb,2022,17.634
dom,sex_f,age_aggregate_y25_54,geo_cov_urb,2023,16.643
dom,sex_f,age_aggregate_y25_54,geo_cov_urb,2024,14.919
dom,sex_f,age_aggregate_y55_64,geo_cov_nat,2015,9.232
dom,sex_f,age_aggregate_y55_64,geo_cov_nat,2016,8.916
dom,sex_f,age_aggregate_y55_64,geo_cov_nat,2017,5.395
dom,sex_f,age_aggregate_y55_64,geo_cov_nat,2018,5.727
dom,sex_f,age_aggregate_y55_64,geo_cov_nat,2019,4.692
dom,sex_f,age_aggregate_y55_64,geo_cov_nat,2020,8.086
dom,sex_f,age_aggregate_y55_64,geo_cov_nat,2021,9.906
dom,sex_f,age_aggregate_y55_64,geo_cov_nat,2022,7.16
dom,sex_f,age_aggregate_y55_64,geo_cov_nat,2023,9.253
dom,sex_f,age_aggregate_y55_64,geo_cov_nat,2024,8.078
dom,sex_f,age_aggregate_y55_64,geo_cov_rur,2015,7.322
dom,sex_f,age_aggregate_y55_64,geo_cov_rur,2016,4.388
dom,sex_f,age_aggregate_y55_64,geo_cov_rur,2017,4.306
dom,sex_f,age_aggregate_y55_64,geo_cov_rur,2018,5.048
dom,sex_f,age_aggregate_y55_64,geo_cov_rur,2019,6.432
dom,sex_f,age_aggregate_y55_64,geo_cov_rur,2020,11.389
dom,sex_f,age_aggregate_y55_64,geo_cov_rur,2021,12.668
dom,sex_f,age_aggregate_y55_64,geo_cov_rur,2022,6.136
dom,sex_f,age_aggregate_y55_64,geo_cov_rur,2023,8.959
dom,sex_f,age_aggregate_y55_64,geo_cov_rur,2024,7.43
dom,sex_f,age_aggregate_y55_64,geo_cov_urb,2015,9.693
dom,sex_f,age_aggregate_y55_64,geo_cov_urb,2016,9.919
dom,sex_f,age_aggregate_y55_64,geo_cov_urb,2017,5.649
dom,sex_f,age_aggregate_y55_64,geo_cov_urb,2018,5.861
dom,sex_f,age_aggregate_y55_64,geo_cov_urb,2019,4.431
dom,sex_f,age_aggregate_y55_64,geo_cov_urb,2020,7.545
dom,sex_f,age_aggregate_y55_64,geo_cov_urb,2021,9.452
dom,sex_f,age_aggregate_y55_64,geo_cov_urb,2022,7.3
dom,sex_f,age_aggregate_y55_64,geo_cov_urb,2023,9.295
dom,sex_f,age_aggregate_y55_64,geo_cov_urb,2024,8.176
dom,sex_f,age_aggregate_yge65,geo_cov_nat,2015,7.166
dom,sex_f,age_aggregate_yge65,geo_cov_nat,2016,3.868
dom,sex_f,age_aggregate_yge65,geo_cov_nat,2017,2.917
dom,sex_f,age_aggregate_yge65,geo_cov_nat,2018,3.239
dom,sex_f,age_aggregate_yge65,geo_cov_nat,2019,2.622
dom,sex_f,age_aggregate_yge65,geo_cov_nat,2020,8.819
dom,sex_f,age_aggregate_yge65,geo_cov_nat,2021,5.294
dom,sex_f,age_aggregate_yge65,geo_cov_nat,2022,6.491
dom,sex_f,age_aggregate_yge65,geo_cov_nat,2023,5.467
dom,sex_f,age_aggregate_yge65,geo_cov_nat,2024,4.073
dom,sex_f,age_aggregate_yge65,geo_cov_rur,2015,7.158
dom,sex_f,age_aggregate_yge65,geo_cov_rur,2016,5.084
dom,sex_f,age_aggregate_yge65,geo_cov_rur,2017,8.018
dom,sex_f,age_aggregate_yge65,geo_cov_rur,2018,3.151
dom,sex_f,age_aggregate_yge65,geo_cov_rur,2020,4.656
dom,sex_f,age_aggregate_yge65,geo_cov_rur,2021,7.685
dom,sex_f,age_aggregate_yge65,geo_cov_rur,2022,6.082
dom,sex_f,age_aggregate_yge65,geo_cov_rur,2023,5.738
dom,sex_f,age_aggregate_yge65,geo_cov_rur,2024,2.836
dom,sex_f,age_aggregate_yge65,geo_cov_urb,2015,7.168
dom,sex_f,age_aggregate_yge65,geo_cov_urb,2016,3.64
dom,sex_f,age_aggregate_yge65,geo_cov_urb,2017,2.134
dom,sex_f,age_aggregate_yge65,geo_cov_urb,2018,3.26
dom,sex_f,age_aggregate_yge65,geo_cov_urb,2019,2.837
dom,sex_f,age_aggregate_yge65,geo_cov_urb,2020,9.713
dom,sex_f,age_aggregate_yge65,geo_cov_urb,2021,4.811
dom,sex_f,age_aggregate_yge65,geo_cov_urb,2022,6.561
dom,sex_f,age_aggregate_yge65,geo_cov_urb,2023,5.415
dom,sex_f,age_aggregate_yge65,geo_cov_urb,2024,4.277
dom,sex_f,age_ythadult_y15_24,geo_cov_nat,2015,41.854
dom,sex_f,age_ythadult_y15_24,geo_cov_nat,2016,41.153
dom,sex_f,age_ythadult_y15_24,geo_cov_nat,2017,36.28
dom,sex_f,age_ythadult_y15_24,geo_cov_nat,2018,35.514
dom,sex_f,age_ythadult_y15_24,geo_cov_nat,2019,34.792
dom,sex_f,age_ythadult_y15_24,geo_cov_nat,2020,41.824
dom,sex_f,age_ythadult_y15_24,geo_cov_nat,2021,39.738
dom,sex_f,age_ythadult_y15_24,geo_cov_nat,2022,33.017
dom,sex_f,age_ythadult_y15_24,geo_cov_nat,2023,30.253
dom,sex_f,age_ythadult_y15_24,geo_cov_nat,2024,29.467
dom,sex_f,age_ythadult_y15_24,geo_cov_rur,2015,44.501
dom,sex_f,age_ythadult_y15_24,geo_cov_rur,2016,43.43
dom,sex_f,age_ythadult_y15_24,geo_cov_rur,2017,37.338
dom,sex_f,age_ythadult_y15_24,geo_cov_rur,2018,40.802
dom,sex_f,age_ythadult_y15_24,geo_cov_rur,2019,35.963
dom,sex_f,age_ythadult_y15_24,geo_cov_rur,2020,37.12
dom,sex_f,age_ythadult_y15_24,geo_cov_rur,2021,38.656
dom,sex_f,age_ythadult_y15_24,geo_cov_rur,2022,33.295
dom,sex_f,age_ythadult_y15_24,geo_cov_rur,2023,35.877
dom,sex_f,age_ythadult_y15_24,geo_cov_rur,2024,29.573
dom,sex_f,age_ythadult_y15_24,geo_cov_urb,2015,41.329
dom,sex_f,age_ythadult_y15_24,geo_cov_urb,2016,40.734
dom,sex_f,age_ythadult_y15_24,geo_cov_urb,2017,36.099
dom,sex_f,age_ythadult_y15_24,geo_cov_urb,2018,34.595
dom,sex_f,age_ythadult_y15_24,geo_cov_urb,2019,34.592
dom,sex_f,age_ythadult_y15_24,geo_cov_urb,2020,42.65
dom,sex_f,age_ythadult_y15_24,geo_cov_urb,2021,39.91
dom,sex_f,age_ythadult_y15_24,geo_cov_urb,2022,32.979
dom,sex_f,age_ythadult_y15_24,geo_cov_urb,2023,29.436
dom,sex_f,age_ythadult_y15_24,geo_cov_urb,2024,29.45
dom,sex_f,age_ythadult_y15_64,geo_cov_nat,2015,22.916
dom,sex_f,age_ythadult_y15_64,geo_cov_nat,2016,21.463
dom,sex_f,age_ythadult_y15_64,geo_cov_nat,2017,18.699
dom,sex_f,age_ythadult_y15_64,geo_cov_nat,2018,17.411
dom,sex_f,age_ythadult_y15_64,geo_cov_nat,2019,17.009
dom,sex_f,age_ythadult_y15_64,geo_cov_nat,2020,22.78
dom,sex_f,age_ythadult_y15_64,geo_cov_nat,2021,22.915
dom,sex_f,age_ythadult_y15_64,geo_cov_nat,2022,19.11
dom,sex_f,age_ythadult_y15_64,geo_cov_nat,2023,18.077
dom,sex_f,age_ythadult_y15_64,geo_cov_nat,2024,16.579
dom,sex_f,age_ythadult_y15_64,geo_cov_rur,2015,23.255
dom,sex_f,age_ythadult_y15_64,geo_cov_rur,2016,21.74
dom,sex_f,age_ythadult_y15_64,geo_cov_rur,2017,19.824
dom,sex_f,age_ythadult_y15_64,geo_cov_rur,2018,17.415
dom,sex_f,age_ythadult_y15_64,geo_cov_rur,2019,18.78
dom,sex_f,age_ythadult_y15_64,geo_cov_rur,2020,22.77
dom,sex_f,age_ythadult_y15_64,geo_cov_rur,2021,23.188
dom,sex_f,age_ythadult_y15_64,geo_cov_rur,2022,18.45
dom,sex_f,age_ythadult_y15_64,geo_cov_rur,2023,19.126
dom,sex_f,age_ythadult_y15_64,geo_cov_rur,2024,17.45
dom,sex_f,age_ythadult_y15_64,geo_cov_urb,2015,22.842
dom,sex_f,age_ythadult_y15_64,geo_cov_urb,2016,21.407
dom,sex_f,age_ythadult_y15_64,geo_cov_urb,2017,18.492
dom,sex_f,age_ythadult_y15_64,geo_cov_urb,2018,17.41
dom,sex_f,age_ythadult_y15_64,geo_cov_urb,2019,16.703
dom,sex_f,age_ythadult_y15_64,geo_cov_urb,2020,22.782
dom,sex_f,age_ythadult_y15_64,geo_cov_urb,2021,22.87
dom,sex_f,age_ythadult_y15_64,geo_cov_urb,2022,19.211
dom,sex_f,age_ythadult_y15_64,geo_cov_urb,2023,17.919
dom,sex_f,age_ythadult_y15_64,geo_cov_urb,2024,16.45
dom,sex_f,age_ythadult_yge15,geo_cov_nat,2015,22.418
dom,sex_f,age_ythadult_yge15,geo_cov_nat,2016,20.836
dom,sex_f,age_ythadult_yge15,geo_cov_nat,2017,18.115
dom,sex_f,age_ythadult_yge15,geo_cov_nat,2018,16.943
dom,sex_f,age_ythadult_yge15,geo_cov_nat,2019,16.354
dom,sex_f,age_ythadult_yge15,geo_cov_nat,2020,22.122
dom,sex_f,age_ythadult_yge15,geo_cov_nat,2021,22.182
dom,sex_f,age_ythadult_yge15,geo_cov_nat,2022,18.577
dom,sex_f,age_ythadult_yge15,geo_cov_nat,2023,17.571
dom,sex_f,age_ythadult_yge15,geo_cov_nat,2024,16.017
dom,sex_f,age_ythadult_yge15,geo_cov_rur,2015,22.656
dom,sex_f,age_ythadult_yge15,geo_cov_rur,2016,21.186
dom,sex_f,age_ythadult_yge15,geo_cov_rur,2017,19.447
dom,sex_f,age_ythadult_yge15,geo_cov_rur,2018,16.837
dom,sex_f,age_ythadult_yge15,geo_cov_rur,2019,17.852
dom,sex_f,age_ythadult_yge15,geo_cov_rur,2020,21.754
dom,sex_f,age_ythadult_yge15,geo_cov_rur,2021,22.425
dom,sex_f,age_ythadult_yge15,geo_cov_rur,2022,17.885
dom,sex_f,age_ythadult_yge15,geo_cov_rur,2023,18.469
dom,sex_f,age_ythadult_yge15,geo_cov_rur,2024,16.735
dom,sex_f,age_ythadult_yge15,geo_cov_urb,2015,22.366
dom,sex_f,age_ythadult_yge15,geo_cov_urb,2016,20.765
dom,sex_f,age_ythadult_yge15,geo_cov_urb,2017,17.872
dom,sex_f,age_ythadult_yge15,geo_cov_urb,2018,16.963
dom,sex_f,age_ythadult_yge15,geo_cov_urb,2019,16.093
dom,sex_f,age_ythadult_yge15,geo_cov_urb,2020,22.186
dom,sex_f,age_ythadult_yge15,geo_cov_urb,2021,22.142
dom,sex_f,age_ythadult_yge15,geo_cov_urb,2022,18.683
dom,sex_f,age_ythadult_yge15,geo_cov_urb,2023,17.434
dom,sex_f,age_ythadult_yge15,geo_cov_urb,2024,15.91
dom,sex_f,age_ythadult_yge25,geo_cov_nat,2015,17.993
dom,sex_f,age_ythadult_yge25,geo_cov_nat,2016,16.2
dom,sex_f,age_ythadult_yge25,geo_cov_nat,2017,14.147
dom,sex_f,age_ythadult_yge25,geo_cov_nat,2018,13.164
dom,sex_f,age_ythadult_yge25,geo_cov_nat,2019,12.649
dom,sex_f,age_ythadult_yge25,geo_cov_nat,2020,18.436
dom,sex_f,age_ythadult_yge25,geo_cov_nat,2021,18.605
dom,sex_f,age_ythadult_yge25,geo_cov_nat,2022,15.735
dom,sex_f,age_ythadult_yge25,geo_cov_nat,2023,15.2
dom,sex_f,age_ythadult_yge25,geo_cov_nat,2024,13.558
dom,sex_f,age_ythadult_yge25,geo_cov_rur,2015,18.132
dom,sex_f,age_ythadult_yge25,geo_cov_rur,2016,16.601
dom,sex_f,age_ythadult_yge25,geo_cov_rur,2017,15.771
dom,sex_f,age_ythadult_yge25,geo_cov_rur,2018,12.237
dom,sex_f,age_ythadult_yge25,geo_cov_rur,2019,14.284
dom,sex_f,age_ythadult_yge25,geo_cov_rur,2020,18.86
dom,sex_f,age_ythadult_yge25,geo_cov_rur,2021,19.25
dom,sex_f,age_ythadult_yge25,geo_cov_rur,2022,15.178
dom,sex_f,age_ythadult_yge25,geo_cov_rur,2023,15.366
dom,sex_f,age_ythadult_yge25,geo_cov_rur,2024,14.215
dom,sex_f,age_ythadult_yge25,geo_cov_urb,2015,17.962
dom,sex_f,age_ythadult_yge25,geo_cov_urb,2016,16.117
dom,sex_f,age_ythadult_yge25,geo_cov_urb,2017,13.848
dom,sex_f,age_ythadult_yge25,geo_cov_urb,2018,13.336
dom,sex_f,age_ythadult_yge25,geo_cov_urb,2019,12.362
dom,sex_f,age_ythadult_yge25,geo_cov_urb,2020,18.362
dom,sex_f,age_ythadult_yge25,geo_cov_urb,2021,18.497
dom,sex_f,age_ythadult_yge25,geo_cov_urb,2022,15.822
dom,sex_f,age_ythadult_yge25,geo_cov_urb,2023,15.174
dom,sex_f,age_ythadult_yge25,geo_cov_urb,2024,13.461
dom,sex_m,age_aggregate_total,geo_cov_nat,2015,9.369
dom,sex_m,age_aggregate_total,geo_cov_nat,2016,8.636
dom,sex_m,age_aggregate_total,geo_cov_nat,2017,8.137
dom,sex_m,age_aggregate_total,geo_cov_nat,2018,6.233
dom,sex_m,age_aggregate_total,geo_cov_nat,2019,6.178
dom,sex_m,age_aggregate_total,geo_cov_nat,2020,9.395
dom,sex_m,age_aggregate_total,geo_cov_nat,2021,8.054
dom,sex_m,age_aggregate_total,geo_cov_nat,2022,6.286
dom,sex_m,age_aggregate_total,geo_cov_nat,2023,6.684
dom,sex_m,age_aggregate_total,geo_cov_nat,2024,5.652
dom,sex_m,age_aggregate_total,geo_cov_rur,2015,7.219
dom,sex_m,age_aggregate_total,geo_cov_rur,2016,5.59
dom,sex_m,age_aggregate_total,geo_cov_rur,2017,5.361
dom,sex_m,age_aggregate_total,geo_cov_rur,2018,3.894
dom,sex_m,age_aggregate_total,geo_cov_rur,2019,3.749
dom,sex_m,age_aggregate_total,geo_cov_rur,2020,6.106
dom,sex_m,age_aggregate_total,geo_cov_rur,2021,6.06
dom,sex_m,age_aggregate_total,geo_cov_rur,2022,4.637
dom,sex_m,age_aggregate_total,geo_cov_rur,2023,4.969
dom,sex_m,age_aggregate_total,geo_cov_rur,2024,3.464
dom,sex_m,age_aggregate_total,geo_cov_urb,2015,10.005
dom,sex_m,age_aggregate_total,geo_cov_urb,2016,9.504
dom,sex_m,age_aggregate_total,geo_cov_urb,2017,8.916
dom,sex_m,age_aggregate_total,geo_cov_urb,2018,6.849
dom,sex_m,age_aggregate_total,geo_cov_urb,2019,6.77
dom,sex_m,age_aggregate_total,geo_cov_urb,2020,10.181
dom,sex_m,age_aggregate_total,geo_cov_urb,2021,8.522
dom,sex_m,age_aggregate_total,geo_cov_urb,2022,6.649
dom,sex_m,age_aggregate_total,geo_cov_urb,2023,7.049
dom,sex_m,age_aggregate_total,geo_cov_urb,2024,6.104
dom,sex_m,age_aggregate_y15_24,geo_cov_nat,2015,20.41
dom,sex_m,age_aggregate_y15_24,geo_cov_nat,2016,19.369
dom,sex_m,age_aggregate_y15_24,geo_cov_nat,2017,18.855
dom,sex_m,age_aggregate_y15_24,geo_cov_nat,2018,16.973
dom,sex_m,age_aggregate_y15_24,geo_cov_nat,2019,17.054
dom,sex_m,age_aggregate_y15_24,geo_cov_nat,2020,23.58
dom,sex_m,age_aggregate_y15_24,geo_cov_nat,2021,19.471
dom,sex_m,age_aggregate_y15_24,geo_cov_nat,2022,17.079
dom,sex_m,age_aggregate_y15_24,geo_cov_nat,2023,17.584
dom,sex_m,age_aggregate_y15_24,geo_cov_nat,2024,16.346
dom,sex_m,age_aggregate_y15_24,geo_cov_rur,2015,16.655
dom,sex_m,age_aggregate_y15_24,geo_cov_rur,2016,14.324
dom,sex_m,age_aggregate_y15_24,geo_cov_rur,2017,13.993
dom,sex_m,age_aggregate_y15_24,geo_cov_rur,2018,10.668
dom,sex_m,age_aggregate_y15_24,geo_cov_rur,2019,12.044
dom,sex_m,age_aggregate_y15_24,geo_cov_rur,2020,16.056
dom,sex_m,age_aggregate_y15_24,geo_cov_rur,2021,16.167
dom,sex_m,age_aggregate_y15_24,geo_cov_rur,2022,10.704
dom,sex_m,age_aggregate_y15_24,geo_cov_rur,2023,14.537
dom,sex_m,age_aggregate_y15_24,geo_cov_rur,2024,11.466
dom,sex_m,age_aggregate_y15_24,geo_cov_urb,2015,21.46
dom,sex_m,age_aggregate_y15_24,geo_cov_urb,2016,20.72
dom,sex_m,age_aggregate_y15_24,geo_cov_urb,2017,20.067
dom,sex_m,age_aggregate_y15_24,geo_cov_urb,2018,18.539
dom,sex_m,age_aggregate_y15_24,geo_cov_urb,2019,18.168
dom,sex_m,age_aggregate_y15_24,geo_cov_urb,2020,25.192
dom,sex_m,age_aggregate_y15_24,geo_cov_urb,2021,20.2
dom,sex_m,age_aggregate_y15_24,geo_cov_urb,2022,18.388
dom,sex_m,age_aggregate_y15_24,geo_cov_urb,2023,18.201
dom,sex_m,age_aggregate_y15_24,geo_cov_urb,2024,17.234
dom,sex_m,age_aggregate_y25_54,geo_cov_nat,2015,6.412
dom,sex_m,age_aggregate_y25_54,geo_cov_nat,2016,5.902
dom,sex_m,age_aggregate_y25_54,geo_cov_nat,2017,5.802
dom,sex_m,age_aggregate_y25_54,geo_cov_nat,2018,3.814
dom,sex_m,age_aggregate_y25_54,geo_cov_nat,2019,3.936
dom,sex_m,age_aggregate_y25_54,geo_cov_nat,2020,6.72
dom,sex_m,age_aggregate_y25_54,geo_cov_nat,2021,5.494
dom,sex_m,age_aggregate_y25_54,geo_cov_nat,2022,3.996
dom,sex_m,age_aggregate_y25_54,geo_cov_nat,2023,4.556
dom,sex_m,age_aggregate_y25_54,geo_cov_nat,2024,3.603
dom,sex_m,age_aggregate_y25_54,geo_cov_rur,2015,5.043
dom,sex_m,age_aggregate_y25_54,geo_cov_rur,2016,3.711
dom,sex_m,age_aggregate_y25_54,geo_cov_rur,2017,3.633
dom,sex_m,age_aggregate_y25_54,geo_cov_rur,2018,2.517
dom,sex_m,age_aggregate_y25_54,geo_cov_rur,2019,1.868
dom,sex_m,age_aggregate_y25_54,geo_cov_rur,2020,4.861
dom,sex_m,age_aggregate_y25_54,geo_cov_rur,2021,4.177
dom,sex_m,age_aggregate_y25_54,geo_cov_rur,2022,3.491
dom,sex_m,age_aggregate_y25_54,geo_cov_rur,2023,2.957
dom,sex_m,age_aggregate_y25_54,geo_cov_rur,2024,2.206
dom,sex_m,age_aggregate_y25_54,geo_cov_urb,2015,6.796
dom,sex_m,age_aggregate_y25_54,geo_cov_urb,2016,6.491
dom,sex_m,age_aggregate_y25_54,geo_cov_urb,2017,6.385
dom,sex_m,age_aggregate_y25_54,geo_cov_urb,2018,4.134
dom,sex_m,age_aggregate_y25_54,geo_cov_urb,2019,4.406
dom,sex_m,age_aggregate_y25_54,geo_cov_urb,2020,7.153
dom,sex_m,age_aggregate_y25_54,geo_cov_urb,2021,5.792
dom,sex_m,age_aggregate_y25_54,geo_cov_urb,2022,4.101
dom,sex_m,age_aggregate_y25_54,geo_cov_urb,2023,4.879
dom,sex_m,age_aggregate_y25_54,geo_cov_urb,2024,3.883
dom,sex_m,age_aggregate_y55_64,geo_cov_nat,2015,6.688
dom,sex_m,age_aggregate_y55_64,geo_cov_nat,2016,5.766
dom,sex_m,age_aggregate_y55_64,geo_cov_nat,2017,3.441
dom,sex_m,age_aggregate_y55_64,geo_cov_nat,2018,2.871
dom,sex_m,age_aggregate_y55_64,geo_cov_nat,2019,3.374
dom,sex_m,age_aggregate_y55_64,geo_cov_nat,2020,5.177
dom,sex_m,age_aggregate_y55_64,geo_cov_nat,2021,6.129
dom,sex_m,age_aggregate_y55_64,geo_cov_nat,2022,3.535
dom,sex_m,age_aggregate_y55_64,geo_cov_nat,2023,4.013
dom,sex_m,age_aggregate_y55_64,geo_cov_nat,2024,3.467
dom,sex_m,age_aggregate_y55_64,geo_cov_rur,2015,4.511
dom,sex_m,age_aggregate_y55_64,geo_cov_rur,2016,2.291
dom,sex_m,age_aggregate_y55_64,geo_cov_rur,2017,3.408
dom,sex_m,age_aggregate_y55_64,geo_cov_rur,2018,2.344
dom,sex_m,age_aggregate_y55_64,geo_cov_rur,2019,3.31
dom,sex_m,age_aggregate_y55_64,geo_cov_rur,2020,2.215
dom,sex_m,age_aggregate_y55_64,geo_cov_rur,2021,2.892
dom,sex_m,age_aggregate_y55_64,geo_cov_rur,2022,2.97
dom,sex_m,age_aggregate_y55_64,geo_cov_rur,2023,2.868
dom,sex_m,age_aggregate_y55_64,geo_cov_rur,2024,1.513
dom,sex_m,age_aggregate_y55_64,geo_cov_urb,2015,7.422
dom,sex_m,age_aggregate_y55_64,geo_cov_urb,2016,6.862
dom,sex_m,age_aggregate_y55_64,geo_cov_urb,2017,3.452
dom,sex_m,age_aggregate_y55_64,geo_cov_urb,2018,3.032
dom,sex_m,age_aggregate_y55_64,geo_cov_urb,2019,3.393
dom,sex_m,age_aggregate_y55_64,geo_cov_urb,2020,5.863
dom,sex_m,age_aggregate_y55_64,geo_cov_urb,2021,6.88
dom,sex_m,age_aggregate_y55_64,geo_cov_urb,2022,3.689
dom,sex_m,age_aggregate_y55_64,geo_cov_urb,2023,4.298
dom,sex_m,age_aggregate_y55_64,geo_cov_urb,2024,3.927
dom,sex_m,age_aggregate_yge65,geo_cov_nat,2015,6.289
dom,sex_m,age_aggregate_yge65,geo_cov_nat,2016,4.093
dom,sex_m,age_aggregate_yge65,geo_cov_nat,2017,4.877
dom,sex_m,age_aggregate_yge65,geo_cov_nat,2018,3.375
dom,sex_m,age_aggregate_yge65,geo_cov_nat,2019,1.625
dom,sex_m,age_aggregate_yge65,geo_cov_nat,2020,3.661
dom,sex_m,age_aggregate_yge65,geo_cov_nat,2021,3.671
dom,sex_m,age_aggregate_yge65,geo_cov_nat,2022,3.851
dom,sex_m,age_aggregate_yge65,geo_cov_nat,2023,3.7
dom,sex_m,age_aggregate_yge65,geo_cov_nat,2024,2.209
dom,sex_m,age_aggregate_yge65,geo_cov_rur,2015,3.855
dom,sex_m,age_aggregate_yge65,geo_cov_rur,2016,2.609
dom,sex_m,age_aggregate_yge65,geo_cov_rur,2017,1.844
dom,sex_m,age_aggregate_yge65,geo_cov_rur,2018,1.256
dom,sex_m,age_aggregate_yge65,geo_cov_rur,2019,1.019
dom,sex_m,age_aggregate_yge65,geo_cov_rur,2020,1.633
dom,sex_m,age_aggregate_yge65,geo_cov_rur,2021,3.274
dom,sex_m,age_aggregate_yge65,geo_cov_rur,2022,3.426
dom,sex_m,age_aggregate_yge65,geo_cov_rur,2023,4
dom,sex_m,age_aggregate_yge65,geo_cov_rur,2024,1.576
dom,sex_m,age_aggregate_yge65,geo_cov_urb,2015,7.415
dom,sex_m,age_aggregate_yge65,geo_cov_urb,2016,4.85
dom,sex_m,age_aggregate_yge65,geo_cov_urb,2017,6.265
dom,sex_m,age_aggregate_yge65,geo_cov_urb,2018,4.245
dom,sex_m,age_aggregate_yge65,geo_cov_urb,2019,1.861
dom,sex_m,age_aggregate_yge65,geo_cov_urb,2020,4.451
dom,sex_m,age_aggregate_yge65,geo_cov_urb,2021,3.819
dom,sex_m,age_aggregate_yge65,geo_cov_urb,2022,3.976
dom,sex_m,age_aggregate_yge65,geo_cov_urb,2023,3.62
dom,sex_m,age_aggregate_yge65,geo_cov_urb,2024,2.381
dom,sex_m,age_ythadult_y15_24,geo_cov_nat,2015,20.41
dom,sex_m,age_ythadult_y15_24,geo_cov_nat,2016,19.369
dom,sex_m,age_ythadult_y15_24,geo_cov_nat,2017,18.855
dom,sex_m,age_ythadult_y15_24,geo_cov_nat,2018,16.973
dom,sex_m,age_ythadult_y15_24,geo_cov_nat,2019,17.054
dom,sex_m,age_ythadult_y15_24,geo_cov_nat,2020,23.58
dom,sex_m,age_ythadult_y15_24,geo_cov_nat,2021,19.471
dom,sex_m,age_ythadult_y15_24,geo_cov_nat,2022,17.079
dom,sex_m,age_ythadult_y15_24,geo_cov_nat,2023,17.584
dom,sex_m,age_ythadult_y15_24,geo_cov_nat,2024,16.346
dom,sex_m,age_ythadult_y15_24,geo_cov_rur,2015,16.655
dom,sex_m,age_ythadult_y15_24,geo_cov_rur,2016,14.324
dom,sex_m,age_ythadult_y15_24,geo_cov_rur,2017,13.993
dom,sex_m,age_ythadult_y15_24,geo_cov_rur,2018,10.668
dom,sex_m,age_ythadult_y15_24,geo_cov_rur,2019,12.044
dom,sex_m,age_ythadult_y15_24,geo_cov_rur,2020,16.056
dom,sex_m,age_ythadult_y15_24,geo_cov_rur,2021,16.167
dom,sex_m,age_ythadult_y15_24,geo_cov_rur,2022,10.704
dom,sex_m,age_ythadult_y15_24,geo_cov_rur,2023,14.537
dom,sex_m,age_ythadult_y15_24,geo_cov_rur,2024,11.466
dom,sex_m,age_ythadult_y15_24,geo_cov_urb,2015,21.46
dom,sex_m,age_ythadult_y15_24,geo_cov_urb,2016,20.72
dom,sex_m,age_ythadult_y15_24,geo_cov_urb,2017,20.067
dom,sex_m,age_ythadult_y15_24,geo_cov_urb,2018,18.539
dom,sex_m,age_ythadult_y15_24,geo_cov_urb,2019,18.168
dom,sex_m,age_ythadult_y15_24,geo_cov_urb,2020,25.192
dom,sex_m,age_ythadult_y15_24,geo_cov_urb,2021,20.2
dom,sex_m,age_ythadult_y15_24,geo_cov_urb,2022,18.388
dom,sex_m,age_ythadult_y15_24,geo_cov_urb,2023,18.201
dom,sex_m,age_ythadult_y15_24,geo_cov_urb,2024,17.234
dom,sex_m,age_ythadult_y15_64,geo_cov_nat,2015,9.559
dom,sex_m,age_ythadult_y15_64,geo_cov_nat,2016,8.904
dom,sex_m,age_ythadult_y15_64,geo_cov_nat,2017,8.346
dom,sex_m,age_ythadult_y15_64,geo_cov_nat,2018,6.428
dom,sex_m,age_ythadult_y15_64,geo_cov_nat,2019,6.494
dom,sex_m,age_ythadult_y15_64,geo_cov_nat,2020,9.816
dom,sex_m,age_ythadult_y15_64,geo_cov_nat,2021,8.378
dom,sex_m,age_ythadult_y15_64,geo_cov_nat,2022,6.484
dom,sex_m,age_ythadult_y15_64,geo_cov_nat,2023,6.925
dom,sex_m,age_ythadult_y15_64,geo_cov_nat,2024,5.937
dom,sex_m,age_ythadult_y15_64,geo_cov_rur,2015,7.512
dom,sex_m,age_ythadult_y15_64,geo_cov_rur,2016,5.866
dom,sex_m,age_ythadult_y15_64,geo_cov_rur,2017,5.694
dom,sex_m,age_ythadult_y15_64,geo_cov_rur,2018,4.153
dom,sex_m,age_ythadult_y15_64,geo_cov_rur,2019,4.028
dom,sex_m,age_ythadult_y15_64,geo_cov_rur,2020,6.599
dom,sex_m,age_ythadult_y15_64,geo_cov_rur,2021,6.364
dom,sex_m,age_ythadult_y15_64,geo_cov_rur,2022,4.765
dom,sex_m,age_ythadult_y15_64,geo_cov_rur,2023,5.065
dom,sex_m,age_ythadult_y15_64,geo_cov_rur,2024,3.664
dom,sex_m,age_ythadult_y15_64,geo_cov_urb,2015,10.145
dom,sex_m,age_ythadult_y15_64,geo_cov_urb,2016,9.736
dom,sex_m,age_ythadult_y15_64,geo_cov_urb,2017,9.064
dom,sex_m,age_ythadult_y15_64,geo_cov_urb,2018,7.007
dom,sex_m,age_ythadult_y15_64,geo_cov_urb,2019,7.072
dom,sex_m,age_ythadult_y15_64,geo_cov_urb,2020,10.553
dom,sex_m,age_ythadult_y15_64,geo_cov_urb,2021,8.833
dom,sex_m,age_ythadult_y15_64,geo_cov_urb,2022,6.853
dom,sex_m,age_ythadult_y15_64,geo_cov_urb,2023,7.313
dom,sex_m,age_ythadult_y15_64,geo_cov_urb,2024,6.395
dom,sex_m,age_ythadult_yge15,geo_cov_nat,2015,9.369
dom,sex_m,age_ythadult_yge15,geo_cov_nat,2016,8.636
dom,sex_m,age_ythadult_yge15,geo_cov_nat,2017,8.137
dom,sex_m,age_ythadult_yge15,geo_cov_nat,2018,6.233
dom,sex_m,age_ythadult_yge15,geo_cov_nat,2019,6.178
dom,sex_m,age_ythadult_yge15,geo_cov_nat,2020,9.395
dom,sex_m,age_ythadult_yge15,geo_cov_nat,2021,8.054
dom,sex_m,age_ythadult_yge15,geo_cov_nat,2022,6.286
dom,sex_m,age_ythadult_yge15,geo_cov_nat,2023,6.684
dom,sex_m,age_ythadult_yge15,geo_cov_nat,2024,5.652
dom,sex_m,age_ythadult_yge15,geo_cov_rur,2015,7.219
dom,sex_m,age_ythadult_yge15,geo_cov_rur,2016,5.59
dom,sex_m,age_ythadult_yge15,geo_cov_rur,2017,5.361
dom,sex_m,age_ythadult_yge15,geo_cov_rur,2018,3.894
dom,sex_m,age_ythadult_yge15,geo_cov_rur,2019,3.749
dom,sex_m,age_ythadult_yge15,geo_cov_rur,2020,6.106
dom,sex_m,age_ythadult_yge15,geo_cov_rur,2021,6.06
dom,sex_m,age_ythadult_yge15,geo_cov_rur,2022,4.637
dom,sex_m,age_ythadult_yge15,geo_cov_rur,2023,4.969
dom,sex_m,age_ythadult_yge15,geo_cov_rur,2024,3.464
dom,sex_m,age_ythadult_yge15,geo_cov_urb,2015,10.005
dom,sex_m,age_ythadult_yge15,geo_cov_urb,2016,9.504
dom,sex_m,age_ythadult_yge15,geo_cov_urb,2017,8.916
dom,sex_m,age_ythadult_yge15,geo_cov_urb,2018,6.849
dom,sex_m,age_ythadult_yge15,geo_cov_urb,2019,6.77
dom,sex_m,age_ythadult_yge15,geo_cov_urb,2020,10.181
dom,sex_m,age_ythadult_yge15,geo_cov_urb,2021,8.522
dom,sex_m,age_ythadult_yge15,geo_cov_urb,2022,6.649
dom,sex_m,age_ythadult_yge15,geo_cov_urb,2023,7.049
dom,sex_m,age_ythadult_yge15,geo_cov_urb,2024,6.104
dom,sex_m,age_ythadult_yge25,geo_cov_nat,2015,6.44
dom,sex_m,age_ythadult_yge25,geo_cov_nat,2016,5.755
dom,sex_m,age_ythadult_yge25,geo_cov_nat,2017,5.417
dom,sex_m,age_ythadult_yge25,geo_cov_nat,2018,3.646
dom,sex_m,age_ythadult_yge25,geo_cov_nat,2019,3.674
dom,sex_m,age_ythadult_yge25,geo_cov_nat,2020,6.249
dom,sex_m,age_ythadult_yge25,geo_cov_nat,2021,5.434
dom,sex_m,age_ythadult_yge25,geo_cov_nat,2022,3.916
dom,sex_m,age_ythadult_yge25,geo_cov_nat,2023,4.394
dom,sex_m,age_ythadult_yge25,geo_cov_nat,2024,3.453
dom,sex_m,age_ythadult_yge25,geo_cov_rur,2015,4.846
dom,sex_m,age_ythadult_yge25,geo_cov_rur,2016,3.385
dom,sex_m,age_ythadult_yge25,geo_cov_rur,2017,3.41
dom,sex_m,age_ythadult_yge25,geo_cov_rur,2018,2.351
dom,sex_m,age_ythadult_yge25,geo_cov_rur,2019,2.004
dom,sex_m,age_ythadult_yge25,geo_cov_rur,2020,4.123
dom,sex_m,age_ythadult_yge25,geo_cov_rur,2021,3.882
dom,sex_m,age_ythadult_yge25,geo_cov_rur,2022,3.394
dom,sex_m,age_ythadult_yge25,geo_cov_rur,2023,3.054
dom,sex_m,age_ythadult_yge25,geo_cov_rur,2024,2.014
dom,sex_m,age_ythadult_yge25,geo_cov_urb,2015,6.918
dom,sex_m,age_ythadult_yge25,geo_cov_urb,2016,6.442
dom,sex_m,age_ythadult_yge25,geo_cov_urb,2017,5.997
dom,sex_m,age_ythadult_yge25,geo_cov_urb,2018,3.991
dom,sex_m,age_ythadult_yge25,geo_cov_urb,2019,4.089
dom,sex_m,age_ythadult_yge25,geo_cov_urb,2020,6.769
dom,sex_m,age_ythadult_yge25,geo_cov_urb,2021,5.804
dom,sex_m,age_ythadult_yge25,geo_cov_urb,2022,4.032
dom,sex_m,age_ythadult_yge25,geo_cov_urb,2023,4.682
dom,sex_m,age_ythadult_yge25,geo_cov_urb,2024,3.757
dom,sex_t,age_aggregate_total,geo_cov_nat,2015,14.902
dom,sex_t,age_aggregate_total,geo_cov_nat,2016,13.818
dom,sex_t,age_aggregate_total,geo_cov_nat,2017,12.376
dom,sex_t,age_aggregate_total,geo_cov_nat,2018,10.775
dom,sex_t,age_aggregate_total,geo_cov_nat,2019,10.591
dom,sex_t,age_aggregate_total,geo_cov_nat,2020,14.947
dom,sex_t,age_aggregate_total,geo_cov_nat,2021,14.31
dom,sex_t,age_aggregate_total,geo_cov_nat,2022,11.742
dom,sex_t,age_aggregate_total,geo_cov_nat,2023,11.55
dom,sex_t,age_aggregate_total,geo_cov_nat,2024,10.271
dom,sex_t,age_aggregate_total,geo_cov_rur,2015,12.871
dom,sex_t,age_aggregate_total,geo_cov_rur,2016,11.207
dom,sex_t,age_aggregate_total,geo_cov_rur,2017,10.181
dom,sex_t,age_aggregate_total,geo_cov_rur,2018,8.485
dom,sex_t,age_aggregate_total,geo_cov_rur,2019,8.934
dom,sex_t,age_aggregate_total,geo_cov_rur,2020,11.95
dom,sex_t,age_aggregate_total,geo_cov_rur,2021,12.159
dom,sex_t,age_aggregate_total,geo_cov_rur,2022,9.56
dom,sex_t,age_aggregate_total,geo_cov_rur,2023,10.075
dom,sex_t,age_aggregate_total,geo_cov_rur,2024,8.495
dom,sex_t,age_aggregate_total,geo_cov_urb,2015,15.433
dom,sex_t,age_aggregate_total,geo_cov_urb,2016,14.468
dom,sex_t,age_aggregate_total,geo_cov_urb,2017,12.897
dom,sex_t,age_aggregate_total,geo_cov_urb,2018,11.299
dom,sex_t,age_aggregate_total,geo_cov_urb,2019,10.944
dom,sex_t,age_aggregate_total,geo_cov_urb,2020,15.577
dom,sex_t,age_aggregate_total,geo_cov_urb,2021,14.747
dom,sex_t,age_aggregate_total,geo_cov_urb,2022,12.157
dom,sex_t,age_aggregate_total,geo_cov_urb,2023,11.822
dom,sex_t,age_aggregate_total,geo_cov_urb,2024,10.592
dom,sex_t,age_aggregate_y15_24,geo_cov_nat,2015,28.866
dom,sex_t,age_aggregate_y15_24,geo_cov_nat,2016,27.938
dom,sex_t,age_aggregate_y15_24,geo_cov_nat,2017,25.747
dom,sex_t,age_aggregate_y15_24,geo_cov_nat,2018,24.218
dom,sex_t,age_aggregate_y15_24,geo_cov_nat,2019,24.262
dom,sex_t,age_aggregate_y15_24,geo_cov_nat,2020,30.911
dom,sex_t,age_aggregate_y15_24,geo_cov_nat,2021,27.96
dom,sex_t,age_aggregate_y15_24,geo_cov_nat,2022,23.8
dom,sex_t,age_aggregate_y15_24,geo_cov_nat,2023,22.943
dom,sex_t,age_aggregate_y15_24,geo_cov_nat,2024,21.877
dom,sex_t,age_aggregate_y15_24,geo_cov_rur,2015,25.852
dom,sex_t,age_aggregate_y15_24,geo_cov_rur,2016,23.728
dom,sex_t,age_aggregate_y15_24,geo_cov_rur,2017,21.574
dom,sex_t,age_aggregate_y15_24,geo_cov_rur,2018,20.405
dom,sex_t,age_aggregate_y15_24,geo_cov_rur,2019,20.534
dom,sex_t,age_aggregate_y15_24,geo_cov_rur,2020,23.69
dom,sex_t,age_aggregate_y15_24,geo_cov_rur,2021,24.131
dom,sex_t,age_aggregate_y15_24,geo_cov_rur,2022,18.427
dom,sex_t,age_aggregate_y15_24,geo_cov_rur,2023,22.124
dom,sex_t,age_aggregate_y15_24,geo_cov_rur,2024,18.621
dom,sex_t,age_aggregate_y15_24,geo_cov_urb,2015,29.609
dom,sex_t,age_aggregate_y15_24,geo_cov_urb,2016,28.921
dom,sex_t,age_aggregate_y15_24,geo_cov_urb,2017,26.655
dom,sex_t,age_aggregate_y15_24,geo_cov_urb,2018,25.05
dom,sex_t,age_aggregate_y15_24,geo_cov_urb,2019,25.012
dom,sex_t,age_aggregate_y15_24,geo_cov_urb,2020,32.344
dom,sex_t,age_aggregate_y15_24,geo_cov_urb,2021,28.703
dom,sex_t,age_aggregate_y15_24,geo_cov_urb,2022,24.746
dom,sex_t,age_aggregate_y15_24,geo_cov_urb,2023,23.088
dom,sex_t,age_aggregate_y15_24,geo_cov_urb,2024,22.439
dom,sex_t,age_aggregate_y25_54,geo_cov_nat,2015,12.337
dom,sex_t,age_aggregate_y25_54,geo_cov_nat,2016,11.237
dom,sex_t,age_aggregate_y25_54,geo_cov_nat,2017,10.315
dom,sex_t,age_aggregate_y25_54,geo_cov_nat,2018,8.697
dom,sex_t,age_aggregate_y25_54,geo_cov_nat,2019,8.681
dom,sex_t,age_aggregate_y25_54,geo_cov_nat,2020,13.037
dom,sex_t,age_aggregate_y25_54,geo_cov_nat,2021,12.58
dom,sex_t,age_aggregate_y25_54,geo_cov_nat,2022,10.356
dom,sex_t,age_aggregate_y25_54,geo_cov_nat,2023,10.305
dom,sex_t,age_aggregate_y25_54,geo_cov_nat,2024,9.01
dom,sex_t,age_aggregate_y25_54,geo_cov_rur,2015,11.113
dom,sex_t,age_aggregate_y25_54,geo_cov_rur,2016,9.721
dom,sex_t,age_aggregate_y25_54,geo_cov_rur,2017,8.926
dom,sex_t,age_aggregate_y25_54,geo_cov_rur,2018,6.927
dom,sex_t,age_aggregate_y25_54,geo_cov_rur,2019,7.642
dom,sex_t,age_aggregate_y25_54,geo_cov_rur,2020,11.298
dom,sex_t,age_aggregate_y25_54,geo_cov_rur,2021,10.977
dom,sex_t,age_aggregate_y25_54,geo_cov_rur,2022,9.073
dom,sex_t,age_aggregate_y25_54,geo_cov_rur,2023,8.783
dom,sex_t,age_aggregate_y25_54,geo_cov_rur,2024,7.87
dom,sex_t,age_aggregate_y25_54,geo_cov_urb,2015,12.645
dom,sex_t,age_aggregate_y25_54,geo_cov_urb,2016,11.602
dom,sex_t,age_aggregate_y25_54,geo_cov_urb,2017,10.631
dom,sex_t,age_aggregate_y25_54,geo_cov_urb,2018,9.081
dom,sex_t,age_aggregate_y25_54,geo_cov_urb,2019,8.893
dom,sex_t,age_aggregate_y25_54,geo_cov_urb,2020,13.393
dom,sex_t,age_aggregate_y25_54,geo_cov_urb,2021,12.896
dom,sex_t,age_aggregate_y25_54,geo_cov_urb,2022,10.592
dom,sex_t,age_aggregate_y25_54,geo_cov_urb,2023,10.576
dom,sex_t,age_aggregate_y25_54,geo_cov_urb,2024,9.208
dom,sex_t,age_aggregate_y55_64,geo_cov_nat,2015,7.641
dom,sex_t,age_aggregate_y55_64,geo_cov_nat,2016,6.948
dom,sex_t,age_aggregate_y55_64,geo_cov_nat,2017,4.184
dom,sex_t,age_aggregate_y55_64,geo_cov_nat,2018,3.936
dom,sex_t,age_aggregate_y55_64,geo_cov_nat,2019,3.875
dom,sex_t,age_aggregate_y55_64,geo_cov_nat,2020,6.275
dom,sex_t,age_aggregate_y55_64,geo_cov_nat,2021,7.576
dom,sex_t,age_aggregate_y55_64,geo_cov_nat,2022,4.984
dom,sex_t,age_aggregate_y55_64,geo_cov_nat,2023,6.133
dom,sex_t,age_aggregate_y55_64,geo_cov_nat,2024,5.347
dom,sex_t,age_aggregate_y55_64,geo_cov_rur,2015,5.4
dom,sex_t,age_aggregate_y55_64,geo_cov_rur,2016,2.946
dom,sex_t,age_aggregate_y55_64,geo_cov_rur,2017,3.696
dom,sex_t,age_aggregate_y55_64,geo_cov_rur,2018,3.143
dom,sex_t,age_aggregate_y55_64,geo_cov_rur,2019,4.115
dom,sex_t,age_aggregate_y55_64,geo_cov_rur,2020,5.08
dom,sex_t,age_aggregate_y55_64,geo_cov_rur,2021,5.999
dom,sex_t,age_aggregate_y55_64,geo_cov_rur,2022,3.834
dom,sex_t,age_aggregate_y55_64,geo_cov_rur,2023,4.71
dom,sex_t,age_aggregate_y55_64,geo_cov_rur,2024,3.417
dom,sex_t,age_aggregate_y55_64,geo_cov_urb,2015,8.312
dom,sex_t,age_aggregate_y55_64,geo_cov_urb,2016,8.063
dom,sex_t,age_aggregate_y55_64,geo_cov_urb,2017,4.326
dom,sex_t,age_aggregate_y55_64,geo_cov_urb,2018,4.145
dom,sex_t,age_aggregate_y55_64,geo_cov_urb,2019,3.818
dom,sex_t,age_aggregate_y55_64,geo_cov_urb,2020,6.52
dom,sex_t,age_aggregate_y55_64,geo_cov_urb,2021,7.899
dom,sex_t,age_aggregate_y55_64,geo_cov_urb,2022,5.231
dom,sex_t,age_aggregate_y55_64,geo_cov_urb,2023,6.424
dom,sex_t,age_aggregate_y55_64,geo_cov_urb,2024,5.732
dom,sex_t,age_aggregate_yge65,geo_cov_nat,2015,6.54
dom,sex_t,age_aggregate_yge65,geo_cov_nat,2016,4.021
dom,sex_t,age_aggregate_yge65,geo_cov_nat,2017,4.265
dom,sex_t,age_aggregate_yge65,geo_cov_nat,2018,3.337
dom,sex_t,age_aggregate_yge65,geo_cov_nat,2019,1.974
dom,sex_t,age_aggregate_yge65,geo_cov_nat,2020,5.456
dom,sex_t,age_aggregate_yge65,geo_cov_nat,2021,4.198
dom,sex_t,age_aggregate_yge65,geo_cov_nat,2022,4.668
dom,sex_t,age_aggregate_yge65,geo_cov_nat,2023,4.236
dom,sex_t,age_aggregate_yge65,geo_cov_nat,2024,2.806
dom,sex_t,age_aggregate_yge65,geo_cov_rur,2015,4.553
dom,sex_t,age_aggregate_yge65,geo_cov_rur,2016,3.056
dom,sex_t,age_aggregate_yge65,geo_cov_rur,2017,2.84
dom,sex_t,age_aggregate_yge65,geo_cov_rur,2018,1.634
dom,sex_t,age_aggregate_yge65,geo_cov_rur,2019,1.171
dom,sex_t,age_aggregate_yge65,geo_cov_rur,2020,2.394
dom,sex_t,age_aggregate_yge65,geo_cov_rur,2021,4.285
dom,sex_t,age_aggregate_yge65,geo_cov_rur,2022,4.014
dom,sex_t,age_aggregate_yge65,geo_cov_rur,2023,4.434
dom,sex_t,age_aggregate_yge65,geo_cov_rur,2024,1.876
dom,sex_t,age_aggregate_yge65,geo_cov_urb,2015,7.337
dom,sex_t,age_aggregate_yge65,geo_cov_urb,2016,4.396
dom,sex_t,age_aggregate_yge65,geo_cov_urb,2017,4.76
dom,sex_t,age_aggregate_yge65,geo_cov_urb,2018,3.947
dom,sex_t,age_aggregate_yge65,geo_cov_urb,2019,2.233
dom,sex_t,age_aggregate_yge65,geo_cov_urb,2020,6.446
dom,sex_t,age_aggregate_yge65,geo_cov_urb,2021,4.17
dom,sex_t,age_aggregate_yge65,geo_cov_urb,2022,4.833
dom,sex_t,age_aggregate_yge65,geo_cov_urb,2023,4.187
dom,sex_t,age_aggregate_yge65,geo_cov_urb,2024,3.026
dom,sex_t,age_ythadult_y15_24,geo_cov_nat,2015,28.866
dom,sex_t,age_ythadult_y15_24,geo_cov_nat,2016,27.938
dom,sex_t,age_ythadult_y15_24,geo_cov_nat,2017,25.747
dom,sex_t,age_ythadult_y15_24,geo_cov_nat,2018,24.218
dom,sex_t,age_ythadult_y15_24,geo_cov_nat,2019,24.262
dom,sex_t,age_ythadult_y15_24,geo_cov_nat,2020,30.911
dom,sex_t,age_ythadult_y15_24,geo_cov_nat,2021,27.96
dom,sex_t,age_ythadult_y15_24,geo_cov_nat,2022,23.8
dom,sex_t,age_ythadult_y15_24,geo_cov_nat,2023,22.943
dom,sex_t,age_ythadult_y15_24,geo_cov_nat,2024,21.877
dom,sex_t,age_ythadult_y15_24,geo_cov_rur,2015,25.852
dom,sex_t,age_ythadult_y15_24,geo_cov_rur,2016,23.728
dom,sex_t,age_ythadult_y15_24,geo_cov_rur,2017,21.574
dom,sex_t,age_ythadult_y15_24,geo_cov_rur,2018,20.405
dom,sex_t,age_ythadult_y15_24,geo_cov_rur,2019,20.534
dom,sex_t,age_ythadult_y15_24,geo_cov_rur,2020,23.69
dom,sex_t,age_ythadult_y15_24,geo_cov_rur,2021,24.131
dom,sex_t,age_ythadult_y15_24,geo_cov_rur,2022,18.427
dom,sex_t,age_ythadult_y15_24,geo_cov_rur,2023,22.124
dom,sex_t,age_ythadult_y15_24,geo_cov_rur,2024,18.621
dom,sex_t,age_ythadult_y15_24,geo_cov_urb,2015,29.609
dom,sex_t,age_ythadult_y15_24,geo_cov_urb,2016,28.921
dom,sex_t,age_ythadult_y15_24,geo_cov_urb,2017,26.655
dom,sex_t,age_ythadult_y15_24,geo_cov_urb,2018,25.05
dom,sex_t,age_ythadult_y15_24,geo_cov_urb,2019,25.012
dom,sex_t,age_ythadult_y15_24,geo_cov_urb,2020,32.344
dom,sex_t,age_ythadult_y15_24,geo_cov_urb,2021,28.703
dom,sex_t,age_ythadult_y15_24,geo_cov_urb,2022,24.746
dom,sex_t,age_ythadult_y15_24,geo_cov_urb,2023,23.088
dom,sex_t,age_ythadult_y15_24,geo_cov_urb,2024,22.439
dom,sex_t,age_ythadult_y15_64,geo_cov_nat,2015,15.312
dom,sex_t,age_ythadult_y15_64,geo_cov_nat,2016,14.303
dom,sex_t,age_ythadult_y15_64,geo_cov_nat,2017,12.807
dom,sex_t,age_ythadult_y15_64,geo_cov_nat,2018,11.174
dom,sex_t,age_ythadult_y15_64,geo_cov_nat,2019,11.106
dom,sex_t,age_ythadult_y15_64,geo_cov_nat,2020,15.543
dom,sex_t,age_ythadult_y15_64,geo_cov_nat,2021,14.919
dom,sex_t,age_ythadult_y15_64,geo_cov_nat,2022,12.199
dom,sex_t,age_ythadult_y15_64,geo_cov_nat,2023,12.01
dom,sex_t,age_ythadult_y15_64,geo_cov_nat,2024,10.769
dom,sex_t,age_ythadult_y15_64,geo_cov_rur,2015,13.445
dom,sex_t,age_ythadult_y15_64,geo_cov_rur,2016,11.785
dom,sex_t,age_ythadult_y15_64,geo_cov_rur,2017,10.714
dom,sex_t,age_ythadult_y15_64,geo_cov_rur,2018,9.017
dom,sex_t,age_ythadult_y15_64,geo_cov_rur,2019,9.594
dom,sex_t,age_ythadult_y15_64,geo_cov_rur,2020,12.816
dom,sex_t,age_ythadult_y15_64,geo_cov_rur,2021,12.843
dom,sex_t,age_ythadult_y15_64,geo_cov_rur,2022,10.021
dom,sex_t,age_ythadult_y15_64,geo_cov_rur,2023,10.528
dom,sex_t,age_ythadult_y15_64,geo_cov_rur,2024,9.055
dom,sex_t,age_ythadult_y15_64,geo_cov_urb,2015,15.789
dom,sex_t,age_ythadult_y15_64,geo_cov_urb,2016,14.915
dom,sex_t,age_ythadult_y15_64,geo_cov_urb,2017,13.292
dom,sex_t,age_ythadult_y15_64,geo_cov_urb,2018,11.653
dom,sex_t,age_ythadult_y15_64,geo_cov_urb,2019,11.418
dom,sex_t,age_ythadult_y15_64,geo_cov_urb,2020,16.098
dom,sex_t,age_ythadult_y15_64,geo_cov_urb,2021,15.328
dom,sex_t,age_ythadult_y15_64,geo_cov_urb,2022,12.604
dom,sex_t,age_ythadult_y15_64,geo_cov_urb,2023,12.279
dom,sex_t,age_ythadult_y15_64,geo_cov_urb,2024,11.072
dom,sex_t,age_ythadult_yge15,geo_cov_nat,2015,14.902
dom,sex_t,age_ythadult_yge15,geo_cov_nat,2016,13.818
dom,sex_t,age_ythadult_yge15,geo_cov_nat,2017,12.376
dom,sex_t,age_ythadult_yge15,geo_cov_nat,2018,10.775
dom,sex_t,age_ythadult_yge15,geo_cov_nat,2019,10.591
dom,sex_t,age_ythadult_yge15,geo_cov_nat,2020,14.947
dom,sex_t,age_ythadult_yge15,geo_cov_nat,2021,14.31
dom,sex_t,age_ythadult_yge15,geo_cov_nat,2022,11.742
dom,sex_t,age_ythadult_yge15,geo_cov_nat,2023,11.55
dom,sex_t,age_ythadult_yge15,geo_cov_nat,2024,10.271
dom,sex_t,age_ythadult_yge15,geo_cov_rur,2015,12.871
dom,sex_t,age_ythadult_yge15,geo_cov_rur,2016,11.207
dom,sex_t,age_ythadult_yge15,geo_cov_rur,2017,10.181
dom,sex_t,age_ythadult_yge15,geo_cov_rur,2018,8.485
dom,sex_t,age_ythadult_yge15,geo_cov_rur,2019,8.934
dom,sex_t,age_ythadult_yge15,geo_cov_rur,2020,11.95
dom,sex_t,age_ythadult_yge15,geo_cov_rur,2021,12.159
dom,sex_t,age_ythadult_yge15,geo_cov_rur,2022,9.56
dom,sex_t,age_ythadult_yge15,geo_cov_rur,2023,10.075
dom,sex_t,age_ythadult_yge15,geo_cov_rur,2024,8.495
dom,sex_t,age_ythadult_yge15,geo_cov_urb,2015,15.433
dom,sex_t,age_ythadult_yge15,geo_cov_urb,2016,14.468
dom,sex_t,age_ythadult_yge15,geo_cov_urb,2017,12.897
dom,sex_t,age_ythadult_yge15,geo_cov_urb,2018,11.299
dom,sex_t,age_ythadult_yge15,geo_cov_urb,2019,10.944
dom,sex_t,age_ythadult_yge15,geo_cov_urb,2020,15.577
dom,sex_t,age_ythadult_yge15,geo_cov_urb,2021,14.747
dom,sex_t,age_ythadult_yge15,geo_cov_urb,2022,12.157
dom,sex_t,age_ythadult_yge15,geo_cov_urb,2023,11.822
dom,sex_t,age_ythadult_yge15,geo_cov_urb,2024,10.592
dom,sex_t,age_ythadult_yge25,geo_cov_nat,2015,11.424
dom,sex_t,age_ythadult_yge25,geo_cov_nat,2016,10.274
dom,sex_t,age_ythadult_yge25,geo_cov_nat,2017,9.188
dom,sex_t,age_ythadult_yge25,geo_cov_nat,2018,7.754
dom,sex_t,age_ythadult_yge25,geo_cov_nat,2019,7.619
dom,sex_t,age_ythadult_yge25,geo_cov_nat,2020,11.652
dom,sex_t,age_ythadult_yge25,geo_cov_nat,2021,11.335
dom,sex_t,age_ythadult_yge25,geo_cov_nat,2022,9.218
dom,sex_t,age_ythadult_yge25,geo_cov_nat,2023,9.275
dom,sex_t,age_ythadult_yge25,geo_cov_nat,2024,8.004
dom,sex_t,age_ythadult_yge25,geo_cov_rur,2015,9.822
dom,sex_t,age_ythadult_yge25,geo_cov_rur,2016,8.26
dom,sex_t,age_ythadult_yge25,geo_cov_rur,2017,7.686
dom,sex_t,age_ythadult_yge25,geo_cov_rur,2018,5.926
dom,sex_t,age_ythadult_yge25,geo_cov_rur,2019,6.55
dom,sex_t,age_ythadult_yge25,geo_cov_rur,2020,9.658
dom,sex_t,age_ythadult_yge25,geo_cov_rur,2021,9.669
dom,sex_t,age_ythadult_yge25,geo_cov_rur,2022,7.841
dom,sex_t,age_ythadult_yge25,geo_cov_rur,2023,7.764
dom,sex_t,age_ythadult_yge25,geo_cov_rur,2024,6.603
dom,sex_t,age_ythadult_yge25,geo_cov_urb,2015,11.849
dom,sex_t,age_ythadult_yge25,geo_cov_urb,2016,10.784
dom,sex_t,age_ythadult_yge25,geo_cov_urb,2017,9.551
dom,sex_t,age_ythadult_yge25,geo_cov_urb,2018,8.175
dom,sex_t,age_ythadult_yge25,geo_cov_urb,2019,7.849
dom,sex_t,age_ythadult_yge25,geo_cov_urb,2020,12.075
dom,sex_t,age_ythadult_yge25,geo_cov_urb,2021,11.677
dom,sex_t,age_ythadult_yge25,geo_cov_urb,2022,9.483
dom,sex_t,age_ythadult_yge25,geo_cov_urb,2023,9.556
dom,sex_t,age_ythadult_yge25,geo_cov_urb,2024,8.259
esp,sex_f,age_aggregate_total,geo_cov_nat,1998,28.744
esp,sex_f,age_aggregate_total,geo_cov_nat,1999,25.776
esp,sex_f,age_aggregate_total,geo_cov_nat,2000,22.729
esp,sex_f,age_aggregate_total,geo_cov_nat,2001,17.43
esp,sex_f,age_aggregate_total,geo_cov_nat,2002,18.479
esp,sex_f,age_aggregate_total,geo_cov_nat,2003,17.775
esp,sex_f,age_aggregate_total,geo_cov_nat,2004,17.246
esp,sex_f,age_aggregate_total,geo_cov_nat,2005,19.807
esp,sex_f,age_aggregate_total,geo_cov_nat,2006,18.125
esp,sex_f,age_aggregate_total,geo_cov_nat,2007,16.608
esp,sex_f,age_aggregate_total,geo_cov_nat,2008,18.182
esp,sex_f,age_aggregate_total,geo_cov_nat,2009,23.56
esp,sex_f,age_aggregate_total,geo_cov_nat,2010,25.986
esp,sex_f,age_aggregate_total,geo_cov_nat,2011,26.902
esp,sex_f,age_aggregate_total,geo_cov_nat,2012,30.425
esp,sex_f,age_aggregate_total,geo_cov_nat,2013,32.313
esp,sex_f,age_aggregate_total,geo_cov_nat,2014,30.831
esp,sex_f,age_aggregate_total,geo_cov_nat,2015,28.484
esp,sex_f,age_aggregate_total,geo_cov_nat,2016,26.257
esp,sex_f,age_aggregate_total,geo_cov_nat,2017,23.587
esp,sex_f,age_aggregate_total,geo_cov_nat,2018,21.478
esp,sex_f,age_aggregate_total,geo_cov_nat,2019,20.189
esp,sex_f,age_aggregate_total,geo_cov_nat,2020,23.024
esp,sex_f,age_aggregate_total,geo_cov_nat,2021,21.851
esp,sex_f,age_aggregate_total,geo_cov_nat,2022,19.286
esp,sex_f,age_aggregate_total,geo_cov_nat,2023,17.682
esp,sex_f,age_aggregate_total,geo_cov_nat,2024,16.892
esp,sex_f,age_aggregate_total,geo_cov_rur,1998,29.891
esp,sex_f,age_aggregate_total,geo_cov_rur,1999,28.318
esp,sex_f,age_aggregate_total,geo_cov_rur,2000,25.83
esp,sex_f,age_aggregate_total,geo_cov_rur,2001,20.008
esp,sex_f,age_aggregate_total,geo_cov_rur,2002,21.994
esp,sex_f,age_aggregate_total,geo_cov_rur,2003,22.443
esp,sex_f,age_aggregate_total,geo_cov_rur,2004,21.94
esp,sex_f,age_aggregate_total,geo_cov_rur,2005,24.575
esp,sex_f,age_aggregate_total,geo_cov_rur,2006,21.9
esp,sex_f,age_aggregate_total,geo_cov_rur,2007,21.447
esp,sex_f,age_aggregate_total,geo_cov_rur,2008,22.167
esp,sex_f,age_aggregate_total,geo_cov_rur,2009,27.063
esp,sex_f,age_aggregate_total,geo_cov_rur,2010,30.569
esp,sex_f,age_aggregate_total,geo_cov_rur,2011,30.747
esp,sex_f,age_aggregate_total,geo_cov_rur,2012,36.008
esp,sex_f,age_aggregate_total,geo_cov_rur,2013,38.12
esp,sex_f,age_aggregate_total,geo_cov_rur,2014,34.882
esp,sex_f,age_aggregate_total,geo_cov_rur,2015,35.069
esp,sex_f,age_aggregate_total,geo_cov_rur,2016,31.873
esp,sex_f,age_aggregate_total,geo_cov_rur,2017,25.541
esp,sex_f,age_aggregate_total,geo_cov_rur,2018,24.114
esp,sex_f,age_aggregate_total,geo_cov_rur,2019,21.527
esp,sex_f,age_aggregate_total,geo_cov_rur,2020,24.56
esp,sex_f,age_aggregate_total,geo_cov_rur,2021,23.643
esp,sex_f,age_aggregate_total,geo_cov_rur,2022,19.926
esp,sex_f,age_aggregate_total,geo_cov_rur,2023,20.717
esp,sex_f,age_aggregate_total,geo_cov_rur,2024,17.826
esp,sex_f,age_aggregate_total,geo_cov_urb,1998,28.353
esp,sex_f,age_aggregate_total,geo_cov_urb,1999,24.926
esp,sex_f,age_aggregate_total,geo_cov_urb,2000,21.693
esp,sex_f,age_aggregate_total,geo_cov_urb,2001,16.61
esp,sex_f,age_aggregate_total,geo_cov_urb,2002,17.365
esp,sex_f,age_aggregate_total,geo_cov_urb,2003,16.289
esp,sex_f,age_aggregate_total,geo_cov_urb,2004,15.751
esp,sex_f,age_aggregate_total,geo_cov_urb,2005,18.344
esp,sex_f,age_aggregate_total,geo_cov_urb,2006,16.984
esp,sex_f,age_aggregate_total,geo_cov_urb,2007,15.216
esp,sex_f,age_aggregate_total,geo_cov_urb,2008,17.067
esp,sex_f,age_aggregate_total,geo_cov_urb,2009,22.474
esp,sex_f,age_aggregate_total,geo_cov_urb,2010,24.622
esp,sex_f,age_aggregate_total,geo_cov_urb,2011,25.782
esp,sex_f,age_aggregate_total,geo_cov_urb,2012,28.662
esp,sex_f,age_aggregate_total,geo_cov_urb,2013,30.483
esp,sex_f,age_aggregate_total,geo_cov_urb,2014,29.576
esp,sex_f,age_aggregate_total,geo_cov_urb,2015,26.476
esp,sex_f,age_aggregate_total,geo_cov_urb,2016,24.465
esp,sex_f,age_aggregate_total,geo_cov_urb,2017,23.321
esp,sex_f,age_aggregate_total,geo_cov_urb,2018,21.134
esp,sex_f,age_aggregate_total,geo_cov_urb,2019,20.011
esp,sex_f,age_aggregate_total,geo_cov_urb,2020,22.819
esp,sex_f,age_aggregate_total,geo_cov_urb,2021,21.613
esp,sex_f,age_aggregate_total,geo_cov_urb,2022,19.201
esp,sex_f,age_aggregate_total,geo_cov_urb,2023,17.271
esp,sex_f,age_aggregate_total,geo_cov_urb,2024,16.768
esp,sex_f,age_aggregate_y15_24,geo_cov_nat,1998,44.929
esp,sex_f,age_aggregate_y15_24,geo_cov_nat,1999,40.033
esp,sex_f,age_aggregate_y15_24,geo_cov_nat,2000,34.911
esp,sex_f,age_aggregate_y15_24,geo_cov_nat,2001,29.038
esp,sex_f,age_aggregate_y15_24,geo_cov_nat,2002,30.515
esp,sex_f,age_aggregate_y15_24,geo_cov_nat,2003,28.928
esp,sex_f,age_aggregate_y15_24,geo_cov_nat,2004,28.751
esp,sex_f,age_aggregate_y15_24,geo_cov_nat,2005,30.896
esp,sex_f,age_aggregate_y15_24,geo_cov_nat,2006,27.869
esp,sex_f,age_aggregate_y15_24,geo_cov_nat,2007,28.77
esp,sex_f,age_aggregate_y15_24,geo_cov_nat,2008,31.436
esp,sex_f,age_aggregate_y15_24,geo_cov_nat,2009,42.792
esp,sex_f,age_aggregate_y15_24,geo_cov_nat,2010,45.601
esp,sex_f,age_aggregate_y15_24,geo_cov_nat,2011,49.482
esp,sex_f,age_aggregate_y15_24,geo_cov_nat,2012,57.325
esp,sex_f,age_aggregate_y15_24,geo_cov_nat,2013,61.242
esp,sex_f,age_aggregate_y15_24,geo_cov_nat,2014,59.242
esp,sex_f,age_aggregate_y15_24,geo_cov_nat,2015,54.986
esp,sex_f,age_aggregate_y15_24,geo_cov_nat,2016,51.144
esp,sex_f,age_aggregate_y15_24,geo_cov_nat,2017,43.785
esp,sex_f,age_aggregate_y15_24,geo_cov_nat,2018,40.495
esp,sex_f,age_aggregate_y15_24,geo_cov_nat,2019,40.718
esp,sex_f,age_aggregate_y15_24,geo_cov_nat,2020,49.123
esp,sex_f,age_aggregate_y15_24,geo_cov_nat,2021,44.716
esp,sex_f,age_aggregate_y15_24,geo_cov_nat,2022,38.885
esp,sex_f,age_aggregate_y15_24,geo_cov_nat,2023,35.198
esp,sex_f,age_aggregate_y15_24,geo_cov_nat,2024,35.913
esp,sex_f,age_aggregate_y15_24,geo_cov_rur,1998,43.116
esp,sex_f,age_aggregate_y15_24,geo_cov_rur,1999,40.266
esp,sex_f,age_aggregate_y15_24,geo_cov_rur,2000,35.913
esp,sex_f,age_aggregate_y15_24,geo_cov_rur,2001,29.87
esp,sex_f,age_aggregate_y15_24,geo_cov_rur,2002,34.747
esp,sex_f,age_aggregate_y15_24,geo_cov_rur,2003,35.148
esp,sex_f,age_aggregate_y15_24,geo_cov_rur,2004,34.873
esp,sex_f,age_aggregate_y15_24,geo_cov_rur,2005,34.564
esp,sex_f,age_aggregate_y15_24,geo_cov_rur,2006,26.36
esp,sex_f,age_aggregate_y15_24,geo_cov_rur,2007,36.78
esp,sex_f,age_aggregate_y15_24,geo_cov_rur,2008,31.916
esp,sex_f,age_aggregate_y15_24,geo_cov_rur,2009,46.256
esp,sex_f,age_aggregate_y15_24,geo_cov_rur,2010,48.95
esp,sex_f,age_aggregate_y15_24,geo_cov_rur,2011,55.388
esp,sex_f,age_aggregate_y15_24,geo_cov_rur,2012,59.8
esp,sex_f,age_aggregate_y15_24,geo_cov_rur,2013,59.836
esp,sex_f,age_aggregate_y15_24,geo_cov_rur,2014,61.691
esp,sex_f,age_aggregate_y15_24,geo_cov_rur,2015,59.178
esp,sex_f,age_aggregate_y15_24,geo_cov_rur,2016,55.434
esp,sex_f,age_aggregate_y15_24,geo_cov_rur,2017,41.761
esp,sex_f,age_aggregate_y15_24,geo_cov_rur,2018,42.167
esp,sex_f,age_aggregate_y15_24,geo_cov_rur,2019,47.5
esp,sex_f,age_aggregate_y15_24,geo_cov_rur,2020,53.915
esp,sex_f,age_aggregate_y15_24,geo_cov_rur,2021,52.141
esp,sex_f,age_aggregate_y15_24,geo_cov_rur,2022,36.391
esp,sex_f,age_aggregate_y15_24,geo_cov_rur,2023,40.363
esp,sex_f,age_aggregate_y15_24,geo_cov_rur,2024,33.023
esp,sex_f,age_aggregate_y15_24,geo_cov_urb,1998,45.538
esp,sex_f,age_aggregate_y15_24,geo_cov_urb,1999,39.954
esp,sex_f,age_aggregate_y15_24,geo_cov_urb,2000,34.572
esp,sex_f,age_aggregate_y15_24,geo_cov_urb,2001,28.764
esp,sex_f,age_aggregate_y15_24,geo_cov_urb,2002,29.124
esp,sex_f,age_aggregate_y15_24,geo_cov_urb,2003,26.822
esp,sex_f,age_aggregate_y15_24,geo_cov_urb,2004,26.529
esp,sex_f,age_aggregate_y15_24,geo_cov_urb,2005,29.688
esp,sex_f,age_aggregate_y15_24,geo_cov_urb,2006,28.33
esp,sex_f,age_aggregate_y15_24,geo_cov_urb,2007,26.147
esp,sex_f,age_aggregate_y15_24,geo_cov_urb,2008,31.289
esp,sex_f,age_aggregate_y15_24,geo_cov_urb,2009,41.557
esp,sex_f,age_aggregate_y15_24,geo_cov_urb,2010,44.434
esp,sex_f,age_aggregate_y15_24,geo_cov_urb,2011,47.646
esp,sex_f,age_aggregate_y15_24,geo_cov_urb,2012,56.482
esp,sex_f,age_aggregate_y15_24,geo_cov_urb,2013,61.755
esp,sex_f,age_aggregate_y15_24,geo_cov_urb,2014,58.376
esp,sex_f,age_aggregate_y15_24,geo_cov_urb,2015,53.369
esp,sex_f,age_aggregate_y15_24,geo_cov_urb,2016,49.48
esp,sex_f,age_aggregate_y15_24,geo_cov_urb,2017,44.061
esp,sex_f,age_aggregate_y15_24,geo_cov_urb,2018,40.246
esp,sex_f,age_aggregate_y15_24,geo_cov_urb,2019,39.765
esp,sex_f,age_aggregate_y15_24,geo_cov_urb,2020,48.481
esp,sex_f,age_aggregate_y15_24,geo_cov_urb,2021,43.823
esp,sex_f,age_aggregate_y15_24,geo_cov_urb,2022,39.218
esp,sex_f,age_aggregate_y15_24,geo_cov_urb,2023,34.548
esp,sex_f,age_aggregate_y15_24,geo_cov_urb,2024,36.33
esp,sex_f,age_aggregate_y25_54,geo_cov_nat,1998,26.464
esp,sex_f,age_aggregate_y25_54,geo_cov_nat,1999,23.731
esp,sex_f,age_aggregate_y25_54,geo_cov_nat,2000,20.996
esp,sex_f,age_aggregate_y25_54,geo_cov_nat,2001,15.78
esp,sex_f,age_aggregate_y25_54,geo_cov_nat,2002,16.837
esp,sex_f,age_aggregate_y25_54,geo_cov_nat,2003,16.474
esp,sex_f,age_aggregate_y25_54,geo_cov_nat,2004,15.868
esp,sex_f,age_aggregate_y25_54,geo_cov_nat,2005,17.66
esp,sex_f,age_aggregate_y25_54,geo_cov_nat,2006,16.028
esp,sex_f,age_aggregate_y25_54,geo_cov_nat,2007,14.455
esp,sex_f,age_aggregate_y25_54,geo_cov_nat,2008,16.051
esp,sex_f,age_aggregate_y25_54,geo_cov_nat,2009,21.105
esp,sex_f,age_aggregate_y25_54,geo_cov_nat,2010,23.832
esp,sex_f,age_aggregate_y25_54,geo_cov_nat,2011,24.786
esp,sex_f,age_aggregate_y25_54,geo_cov_nat,2012,28.041
esp,sex_f,age_aggregate_y25_54,geo_cov_nat,2013,29.66
esp,sex_f,age_aggregate_y25_54,geo_cov_nat,2014,28.388
esp,sex_f,age_aggregate_y25_54,geo_cov_nat,2015,26.296
esp,sex_f,age_aggregate_y25_54,geo_cov_nat,2016,24.114
esp,sex_f,age_aggregate_y25_54,geo_cov_nat,2017,21.762
esp,sex_f,age_aggregate_y25_54,geo_cov_nat,2018,19.68
esp,sex_f,age_aggregate_y25_54,geo_cov_nat,2019,18.122
esp,sex_f,age_aggregate_y25_54,geo_cov_nat,2020,21.076
esp,sex_f,age_aggregate_y25_54,geo_cov_nat,2021,19.659
esp,sex_f,age_aggregate_y25_54,geo_cov_nat,2022,17.444
esp,sex_f,age_aggregate_y25_54,geo_cov_nat,2023,15.765
esp,sex_f,age_aggregate_y25_54,geo_cov_nat,2024,14.672
esp,sex_f,age_aggregate_y25_54,geo_cov_rur,1998,28.939
esp,sex_f,age_aggregate_y25_54,geo_cov_rur,1999,27.422
esp,sex_f,age_aggregate_y25_54,geo_cov_rur,2000,24.805
esp,sex_f,age_aggregate_y25_54,geo_cov_rur,2001,18.882
esp,sex_f,age_aggregate_y25_54,geo_cov_rur,2002,20.359
esp,sex_f,age_aggregate_y25_54,geo_cov_rur,2003,20.951
esp,sex_f,age_aggregate_y25_54,geo_cov_rur,2004,20.377
esp,sex_f,age_aggregate_y25_54,geo_cov_rur,2005,22.647
esp,sex_f,age_aggregate_y25_54,geo_cov_rur,2006,20.856
esp,sex_f,age_aggregate_y25_54,geo_cov_rur,2007,18.692
esp,sex_f,age_aggregate_y25_54,geo_cov_rur,2008,20.259
esp,sex_f,age_aggregate_y25_54,geo_cov_rur,2009,24.032
esp,sex_f,age_aggregate_y25_54,geo_cov_rur,2010,28.512
esp,sex_f,age_aggregate_y25_54,geo_cov_rur,2011,28.405
esp,sex_f,age_aggregate_y25_54,geo_cov_rur,2012,33.905
esp,sex_f,age_aggregate_y25_54,geo_cov_rur,2013,36.033
esp,sex_f,age_aggregate_y25_54,geo_cov_rur,2014,32.258
esp,sex_f,age_aggregate_y25_54,geo_cov_rur,2015,32.397
esp,sex_f,age_aggregate_y25_54,geo_cov_rur,2016,29.396
esp,sex_f,age_aggregate_y25_54,geo_cov_rur,2017,24.428
esp,sex_f,age_aggregate_y25_54,geo_cov_rur,2018,22.191
esp,sex_f,age_aggregate_y25_54,geo_cov_rur,2019,19.172
esp,sex_f,age_aggregate_y25_54,geo_cov_rur,2020,21.715
esp,sex_f,age_aggregate_y25_54,geo_cov_rur,2021,20.247
esp,sex_f,age_aggregate_y25_54,geo_cov_rur,2022,18.884
esp,sex_f,age_aggregate_y25_54,geo_cov_rur,2023,17.987
esp,sex_f,age_aggregate_y25_54,geo_cov_rur,2024,15.363
esp,sex_f,age_aggregate_y25_54,geo_cov_urb,1998,25.66
esp,sex_f,age_aggregate_y25_54,geo_cov_urb,1999,22.553
esp,sex_f,age_aggregate_y25_54,geo_cov_urb,2000,19.762
esp,sex_f,age_aggregate_y25_54,geo_cov_urb,2001,14.816
esp,sex_f,age_aggregate_y25_54,geo_cov_urb,2002,15.745
esp,sex_f,age_aggregate_y25_54,geo_cov_urb,2003,15.099
esp,sex_f,age_aggregate_y25_54,geo_cov_urb,2004,14.478
esp,sex_f,age_aggregate_y25_54,geo_cov_urb,2005,16.157
esp,sex_f,age_aggregate_y25_54,geo_cov_urb,2006,14.582
esp,sex_f,age_aggregate_y25_54,geo_cov_urb,2007,13.26
esp,sex_f,age_aggregate_y25_54,geo_cov_urb,2008,14.886
esp,sex_f,age_aggregate_y25_54,geo_cov_urb,2009,20.212
esp,sex_f,age_aggregate_y25_54,geo_cov_urb,2010,22.471
esp,sex_f,age_aggregate_y25_54,geo_cov_urb,2011,23.745
esp,sex_f,age_aggregate_y25_54,geo_cov_urb,2012,26.209
esp,sex_f,age_aggregate_y25_54,geo_cov_urb,2013,27.675
esp,sex_f,age_aggregate_y25_54,geo_cov_urb,2014,27.209
esp,sex_f,age_aggregate_y25_54,geo_cov_urb,2015,24.456
esp,sex_f,age_aggregate_y25_54,geo_cov_urb,2016,22.435
esp,sex_f,age_aggregate_y25_54,geo_cov_urb,2017,21.406
esp,sex_f,age_aggregate_y25_54,geo_cov_urb,2018,19.37
esp,sex_f,age_aggregate_y25_54,geo_cov_urb,2019,17.984
esp,sex_f,age_aggregate_y25_54,geo_cov_urb,2020,20.992
esp,sex_f,age_aggregate_y25_54,geo_cov_urb,2021,19.584
esp,sex_f,age_aggregate_y25_54,geo_cov_urb,2022,17.254
esp,sex_f,age_aggregate_y25_54,geo_cov_urb,2023,15.466
esp,sex_f,age_aggregate_y25_54,geo_cov_urb,2024,14.583
esp,sex_f,age_aggregate_y55_64,geo_cov_nat,1998,15.591
esp,sex_f,age_aggregate_y55_64,geo_cov_nat,1999,15.509
esp,sex_f,age_aggregate_y55_64,geo_cov_nat,2000,14.476
esp,sex_f,age_aggregate_y55_64,geo_cov_nat,2001,11.669
esp,sex_f,age_aggregate_y55_64,geo_cov_nat,2002,13.673
esp,sex_f,age_aggregate_y55_64,geo_cov_nat,2003,12.259
esp,sex_f,age_aggregate_y55_64,geo_cov_nat,2004,13.454
esp,sex_f,age_aggregate_y55_64,geo_cov_nat,2005,21.932
esp,sex_f,age_aggregate_y55_64,geo_cov_nat,2006,22.458
esp,sex_f,age_aggregate_y55_64,geo_cov_nat,2007,19.353
esp,sex_f,age_aggregate_y55_64,geo_cov_nat,2008,20.06
esp,sex_f,age_aggregate_y55_64,geo_cov_nat,2009,23.93
esp,sex_f,age_aggregate_y55_64,geo_cov_nat,2010,25.428
esp,sex_f,age_aggregate_y55_64,geo_cov_nat,2011,24.767
esp,sex_f,age_aggregate_y55_64,geo_cov_nat,2012,28.583
esp,sex_f,age_aggregate_y55_64,geo_cov_nat,2013,31.624
esp,sex_f,age_aggregate_y55_64,geo_cov_nat,2014,30.075
esp,sex_f,age_aggregate_y55_64,geo_cov_nat,2015,27.69
esp,sex_f,age_aggregate_y55_64,geo_cov_nat,2016,26.787
esp,sex_f,age_aggregate_y55_64,geo_cov_nat,2017,24.483
esp,sex_f,age_aggregate_y55_64,geo_cov_nat,2018,22.483
esp,sex_f,age_aggregate_y55_64,geo_cov_nat,2019,21.808
esp,sex_f,age_aggregate_y55_64,geo_cov_nat,2020,22.064
esp,sex_f,age_aggregate_y55_64,geo_cov_nat,2021,22.883
esp,sex_f,age_aggregate_y55_64,geo_cov_nat,2022,19.68
esp,sex_f,age_aggregate_y55_64,geo_cov_nat,2023,18.93
esp,sex_f,age_aggregate_y55_64,geo_cov_nat,2024,17.925
esp,sex_f,age_aggregate_y55_64,geo_cov_rur,1998,16.192
esp,sex_f,age_aggregate_y55_64,geo_cov_rur,1999,15.053
esp,sex_f,age_aggregate_y55_64,geo_cov_rur,2000,16.778
esp,sex_f,age_aggregate_y55_64,geo_cov_rur,2001,13.04
esp,sex_f,age_aggregate_y55_64,geo_cov_rur,2002,15.883
esp,sex_f,age_aggregate_y55_64,geo_cov_rur,2003,16.352
esp,sex_f,age_aggregate_y55_64,geo_cov_rur,2004,16.066
esp,sex_f,age_aggregate_y55_64,geo_cov_rur,2005,25.732
esp,sex_f,age_aggregate_y55_64,geo_cov_rur,2006,24.645
esp,sex_f,age_aggregate_y55_64,geo_cov_rur,2007,23.28
esp,sex_f,age_aggregate_y55_64,geo_cov_rur,2008,25.908
esp,sex_f,age_aggregate_y55_64,geo_cov_rur,2009,29.992
esp,sex_f,age_aggregate_y55_64,geo_cov_rur,2010,28.185
esp,sex_f,age_aggregate_y55_64,geo_cov_rur,2011,27.998
esp,sex_f,age_aggregate_y55_64,geo_cov_rur,2012,33.762
esp,sex_f,age_aggregate_y55_64,geo_cov_rur,2013,37.04
esp,sex_f,age_aggregate_y55_64,geo_cov_rur,2014,34.55
esp,sex_f,age_aggregate_y55_64,geo_cov_rur,2015,35.806
esp,sex_f,age_aggregate_y55_64,geo_cov_rur,2016,32.843
esp,sex_f,age_aggregate_y55_64,geo_cov_rur,2017,25.164
esp,sex_f,age_aggregate_y55_64,geo_cov_rur,2018,24.634
esp,sex_f,age_aggregate_y55_64,geo_cov_rur,2019,22.066
esp,sex_f,age_aggregate_y55_64,geo_cov_rur,2020,25.557
esp,sex_f,age_aggregate_y55_64,geo_cov_rur,2021,27.423
esp,sex_f,age_aggregate_y55_64,geo_cov_rur,2022,19.079
esp,sex_f,age_aggregate_y55_64,geo_cov_rur,2023,24.66
esp,sex_f,age_aggregate_y55_64,geo_cov_rur,2024,20.32
esp,sex_f,age_aggregate_y55_64,geo_cov_urb,1998,15.267
esp,sex_f,age_aggregate_y55_64,geo_cov_urb,1999,15.742
esp,sex_f,age_aggregate_y55_64,geo_cov_urb,2000,13.487
esp,sex_f,age_aggregate_y55_64,geo_cov_urb,2001,11.171
esp,sex_f,age_aggregate_y55_64,geo_cov_urb,2002,12.865
esp,sex_f,age_aggregate_y55_64,geo_cov_urb,2003,10.636
esp,sex_f,age_aggregate_y55_64,geo_cov_urb,2004,12.538
esp,sex_f,age_aggregate_y55_64,geo_cov_urb,2005,20.721
esp,sex_f,age_aggregate_y55_64,geo_cov_urb,2006,21.764
esp,sex_f,age_aggregate_y55_64,geo_cov_urb,2007,18.241
esp,sex_f,age_aggregate_y55_64,geo_cov_urb,2008,18.439
esp,sex_f,age_aggregate_y55_64,geo_cov_urb,2009,22.123
esp,sex_f,age_aggregate_y55_64,geo_cov_urb,2010,24.609
esp,sex_f,age_aggregate_y55_64,geo_cov_urb,2011,23.79
esp,sex_f,age_aggregate_y55_64,geo_cov_urb,2012,26.94
esp,sex_f,age_aggregate_y55_64,geo_cov_urb,2013,29.961
esp,sex_f,age_aggregate_y55_64,geo_cov_urb,2014,28.659
esp,sex_f,age_aggregate_y55_64,geo_cov_urb,2015,25.369
esp,sex_f,age_aggregate_y55_64,geo_cov_urb,2016,24.94
esp,sex_f,age_aggregate_y55_64,geo_cov_urb,2017,24.383
esp,sex_f,age_aggregate_y55_64,geo_cov_urb,2018,22.141
esp,sex_f,age_aggregate_y55_64,geo_cov_urb,2019,21.773
esp,sex_f,age_aggregate_y55_64,geo_cov_urb,2020,21.57
esp,sex_f,age_aggregate_y55_64,geo_cov_urb,2021,22.164
esp,sex_f,age_aggregate_y55_64,geo_cov_urb,2022,19.767
esp,sex_f,age_aggregate_y55_64,geo_cov_urb,2023,18.1
esp,sex_f,age_aggregate_y55_64,geo_cov_urb,2024,17.575
esp,sex_f,age_aggregate_yge65,geo_cov_nat,1998,1.764
esp,sex_f,age_aggregate_yge65,geo_cov_nat,1999,2.049
esp,sex_f,age_aggregate_yge65,geo_cov_nat,2000,6.742
esp,sex_f,age_aggregate_yge65,geo_cov_nat,2001,6.343
esp,sex_f,age_aggregate_yge65,geo_cov_nat,2002,3.736
esp,sex_f,age_aggregate_yge65,geo_cov_nat,2003,5.973
esp,sex_f,age_aggregate_yge65,geo_cov_nat,2004,3.732
esp,sex_f,age_aggregate_yge65,geo_cov_nat,2005,32.055
esp,sex_f,age_aggregate_yge65,geo_cov_nat,2006,30.425
esp,sex_f,age_aggregate_yge65,geo_cov_nat,2007,21.643
esp,sex_f,age_aggregate_yge65,geo_cov_nat,2008,22.505
esp,sex_f,age_aggregate_yge65,geo_cov_nat,2009,10.271
esp,sex_f,age_aggregate_yge65,geo_cov_nat,2010,10.725
esp,sex_f,age_aggregate_yge65,geo_cov_nat,2011,11.089
esp,sex_f,age_aggregate_yge65,geo_cov_nat,2012,4.823
esp,sex_f,age_aggregate_yge65,geo_cov_nat,2013,5.895
esp,sex_f,age_aggregate_yge65,geo_cov_nat,2014,12.606
esp,sex_f,age_aggregate_yge65,geo_cov_nat,2015,7.915
esp,sex_f,age_aggregate_yge65,geo_cov_nat,2016,8.582
esp,sex_f,age_aggregate_yge65,geo_cov_nat,2017,5.232
esp,sex_f,age_aggregate_yge65,geo_cov_nat,2018,7.946
esp,sex_f,age_aggregate_yge65,geo_cov_nat,2019,8.548
esp,sex_f,age_aggregate_yge65,geo_cov_nat,2020,10.787
esp,sex_f,age_aggregate_yge65,geo_cov_nat,2021,7.466
esp,sex_f,age_aggregate_yge65,geo_cov_nat,2022,9.07
esp,sex_f,age_aggregate_yge65,geo_cov_nat,2023,10.608
esp,sex_f,age_aggregate_yge65,geo_cov_nat,2024,14.031
esp,sex_f,age_aggregate_yge65,geo_cov_rur,2000,4.906
esp,sex_f,age_aggregate_yge65,geo_cov_rur,2003,7.6
esp,sex_f,age_aggregate_yge65,geo_cov_rur,2005,29.661
esp,sex_f,age_aggregate_yge65,geo_cov_rur,2006,22.931
esp,sex_f,age_aggregate_yge65,geo_cov_rur,2007,20.034
esp,sex_f,age_aggregate_yge65,geo_cov_rur,2008,17.903
esp,sex_f,age_aggregate_yge65,geo_cov_rur,2010,16.844
esp,sex_f,age_aggregate_yge65,geo_cov_rur,2012,8.345
esp,sex_f,age_aggregate_yge65,geo_cov_rur,2014,10.007
esp,sex_f,age_aggregate_yge65,geo_cov_rur,2023,6.91
esp,sex_f,age_aggregate_yge65,geo_cov_rur,2024,14.547
esp,sex_f,age_aggregate_yge65,geo_cov_urb,2000,7.723
esp,sex_f,age_aggregate_yge65,geo_cov_urb,2001,7.897
esp,sex_f,age_aggregate_yge65,geo_cov_urb,2003,5.096
esp,sex_f,age_aggregate_yge65,geo_cov_urb,2004,3.626
esp,sex_f,age_aggregate_yge65,geo_cov_urb,2005,32.995
esp,sex_f,age_aggregate_yge65,geo_cov_urb,2006,33.67
esp,sex_f,age_aggregate_yge65,geo_cov_urb,2007,22.222
esp,sex_f,age_aggregate_yge65,geo_cov_urb,2008,23.482
esp,sex_f,age_aggregate_yge65,geo_cov_urb,2009,10.424
esp,sex_f,age_aggregate_yge65,geo_cov_urb,2010,7.865
esp,sex_f,age_aggregate_yge65,geo_cov_urb,2011,12.644
esp,sex_f,age_aggregate_yge65,geo_cov_urb,2012,3.446
esp,sex_f,age_aggregate_yge65,geo_cov_urb,2013,5.611
esp,sex_f,age_aggregate_yge65,geo_cov_urb,2014,13.321
esp,sex_f,age_aggregate_yge65,geo_cov_urb,2015,7.878
esp,sex_f,age_aggregate_yge65,geo_cov_urb,2016,8.35
esp,sex_f,age_aggregate_yge65,geo_cov_urb,2017,6.164
esp,sex_f,age_aggregate_yge65,geo_cov_urb,2018,8
esp,sex_f,age_aggregate_yge65,geo_cov_urb,2019,9.151
esp,sex_f,age_aggregate_yge65,geo_cov_urb,2020,9.363
esp,sex_f,age_aggregate_yge65,geo_cov_urb,2021,7.823
esp,sex_f,age_aggregate_yge65,geo_cov_urb,2022,10.128
esp,sex_f,age_aggregate_yge65,geo_cov_urb,2023,10.955
esp,sex_f,age_aggregate_yge65,geo_cov_urb,2024,13.968
esp,sex_f,age_ythadult_y15_24,geo_cov_nat,1998,44.929
esp,sex_f,age_ythadult_y15_24,geo_cov_nat,1999,40.033
esp,sex_f,age_ythadult_y15_24,geo_cov_nat,2000,34.911
esp,sex_f,age_ythadult_y15_24,geo_cov_nat,2001,29.038
esp,sex_f,age_ythadult_y15_24,geo_cov_nat,2002,30.515
esp,sex_f,age_ythadult_y15_24,geo_cov_nat,2003,28.928
esp,sex_f,age_ythadult_y15_24,geo_cov_nat,2004,28.751
esp,sex_f,age_ythadult_y15_24,geo_cov_nat,2005,30.896
esp,sex_f,age_ythadult_y15_24,geo_cov_nat,2006,27.869
esp,sex_f,age_ythadult_y15_24,geo_cov_nat,2007,28.77
esp,sex_f,age_ythadult_y15_24,geo_cov_nat,2008,31.436
esp,sex_f,age_ythadult_y15_24,geo_cov_nat,2009,42.792
esp,sex_f,age_ythadult_y15_24,geo_cov_nat,2010,45.601
esp,sex_f,age_ythadult_y15_24,geo_cov_nat,2011,49.482
esp,sex_f,age_ythadult_y15_24,geo_cov_nat,2012,57.325
esp,sex_f,age_ythadult_y15_24,geo_cov_nat,2013,61.242
esp,sex_f,age_ythadult_y15_24,geo_cov_nat,2014,59.242
esp,sex_f,age_ythadult_y15_24,geo_cov_nat,2015,54.986
esp,sex_f,age_ythadult_y15_24,geo_cov_nat,2016,51.144
esp,sex_f,age_ythadult_y15_24,geo_cov_nat,2017,43.785
esp,sex_f,age_ythadult_y15_24,geo_cov_nat,2018,40.495
esp,sex_f,age_ythadult_y15_24,geo_cov_nat,2019,40.718
esp,sex_f,age_ythadult_y15_24,geo_cov_nat,2020,49.123
esp,sex_f,age_ythadult_y15_24,geo_cov_nat,2021,44.716
esp,sex_f,age_ythadult_y15_24,geo_cov_nat,2022,38.885
esp,sex_f,age_ythadult_y15_24,geo_cov_nat,2023,35.198
esp,sex_f,age_ythadult_y15_24,geo_cov_nat,2024,35.913
esp,sex_f,age_ythadult_y15_24,geo_cov_rur,1998,43.116
esp,sex_f,age_ythadult_y15_24,geo_cov_rur,1999,40.266
esp,sex_f,age_ythadult_y15_24,geo_cov_rur,2000,35.913
esp,sex_f,age_ythadult_y15_24,geo_cov_rur,2001,29.87
esp,sex_f,age_ythadult_y15_24,geo_cov_rur,2002,34.747
esp,sex_f,age_ythadult_y15_24,geo_cov_rur,2003,35.148
esp,sex_f,age_ythadult_y15_24,geo_cov_rur,2004,34.873
esp,sex_f,age_ythadult_y15_24,geo_cov_rur,2005,34.564
esp,sex_f,age_ythadult_y15_24,geo_cov_rur,2006,26.36
esp,sex_f,age_ythadult_y15_24,geo_cov_rur,2007,36.78
esp,sex_f,age_ythadult_y15_24,geo_cov_rur,2008,31.916
esp,sex_f,age_ythadult_y15_24,geo_cov_rur,2009,46.256
esp,sex_f,age_ythadult_y15_24,geo_cov_rur,2010,48.95
esp,sex_f,age_ythadult_y15_24,geo_cov_rur,2011,55.388
esp,sex_f,age_ythadult_y15_24,geo_cov_rur,2012,59.8
esp,sex_f,age_ythadult_y15_24,geo_cov_rur,2013,59.836
esp,sex_f,age_ythadult_y15_24,geo_cov_rur,2014,61.691
esp,sex_f,age_ythadult_y15_24,geo_cov_rur,2015,59.178
esp,sex_f,age_ythadult_y15_24,geo_cov_rur,2016,55.434
esp,sex_f,age_ythadult_y15_24,geo_cov_rur,2017,41.761
esp,sex_f,age_ythadult_y15_24,geo_cov_rur,2018,42.167
esp,sex_f,age_ythadult_y15_24,geo_cov_rur,2019,47.5
esp,sex_f,age_ythadult_y15_24,geo_cov_rur,2020,53.915
esp,sex_f,age_ythadult_y15_24,geo_cov_rur,2021,52.141
esp,sex_f,age_ythadult_y15_24,geo_cov_rur,2022,36.391
esp,sex_f,age_ythadult_y15_24,geo_cov_rur,2023,40.363
esp,sex_f,age_ythadult_y15_24,geo_cov_rur,2024,33.023
esp,sex_f,age_ythadult_y15_24,geo_cov_urb,1998,45.538
esp,sex_f,age_ythadult_y15_24,geo_cov_urb,1999,39.954
esp,sex_f,age_ythadult_y15_24,geo_cov_urb,2000,34.572
esp,sex_f,age_ythadult_y15_24,geo_cov_urb,2001,28.764
esp,sex_f,age_ythadult_y15_24,geo_cov_urb,2002,29.124
esp,sex_f,age_ythadult_y15_24,geo_cov_urb,2003,26.822
esp,sex_f,age_ythadult_y15_24,geo_cov_urb,2004,26.529
esp,sex_f,age_ythadult_y15_24,geo_cov_urb,2005,29.688
esp,sex_f,age_ythadult_y15_24,geo_cov_urb,2006,28.33
esp,sex_f,age_ythadult_y15_24,geo_cov_urb,2007,26.147
esp,sex_f,age_ythadult_y15_24,geo_cov_urb,2008,31.289
esp,sex_f,age_ythadult_y15_24,geo_cov_urb,2009,41.557
esp,sex_f,age_ythadult_y15_24,geo_cov_urb,2010,44.434
esp,sex_f,age_ythadult_y15_24,geo_cov_urb,2011,47.646
esp,sex_f,age_ythadult_y15_24,geo_cov_urb,2012,56.482
esp,sex_f,age_ythadult_y15_24,geo_cov_urb,2013,61.755
esp,sex_f,age_ythadult_y15_24,geo_cov_urb,2014,58.376
esp,sex_f,age_ythadult_y15_24,geo_cov_urb,2015,53.369
esp,sex_f,age_ythadult_y15_24,geo_cov_urb,2016,49.48
esp,sex_f,age_ythadult_y15_24,geo_cov_urb,2017,44.061
esp,sex_f,age_ythadult_y15_24,geo_cov_urb,2018,40.246
esp,sex_f,age_ythadult_y15_24,geo_cov_urb,2019,39.765
esp,sex_f,age_ythadult_y15_24,geo_cov_urb,2020,48.481
esp,sex_f,age_ythadult_y15_24,geo_cov_urb,2021,43.823
esp,sex_f,age_ythadult_y15_24,geo_cov_urb,2022,39.218
esp,sex_f,age_ythadult_y15_24,geo_cov_urb,2023,34.548
esp,sex_f,age_ythadult_y15_24,geo_cov_urb,2024,36.33
esp,sex_f,age_ythadult_y15_64,geo_cov_nat,1998,28.882
esp,sex_f,age_ythadult_y15_64,geo_cov_nat,1999,25.915
esp,sex_f,age_ythadult_y15_64,geo_cov_nat,2000,22.815
esp,sex_f,age_ythadult_y15_64,geo_cov_nat,2001,17.485
esp,sex_f,age_ythadult_y15_64,geo_cov_nat,2002,18.549
esp,sex_f,age_ythadult_y15_64,geo_cov_nat,2003,17.835
esp,sex_f,age_ythadult_y15_64,geo_cov_nat,2004,17.312
esp,sex_f,age_ythadult_y15_64,geo_cov_nat,2005,19.723
esp,sex_f,age_ythadult_y15_64,geo_cov_nat,2006,18.058
esp,sex_f,age_ythadult_y15_64,geo_cov_nat,2007,16.583
esp,sex_f,age_ythadult_y15_64,geo_cov_nat,2008,18.155
esp,sex_f,age_ythadult_y15_64,geo_cov_nat,2009,23.644
esp,sex_f,age_ythadult_y15_64,geo_cov_nat,2010,26.062
esp,sex_f,age_ythadult_y15_64,geo_cov_nat,2011,27.004
esp,sex_f,age_ythadult_y15_64,geo_cov_nat,2012,30.586
esp,sex_f,age_ythadult_y15_64,geo_cov_nat,2013,32.473
esp,sex_f,age_ythadult_y15_64,geo_cov_nat,2014,30.946
esp,sex_f,age_ythadult_y15_64,geo_cov_nat,2015,28.618
esp,sex_f,age_ythadult_y15_64,geo_cov_nat,2016,26.366
esp,sex_f,age_ythadult_y15_64,geo_cov_nat,2017,23.707
esp,sex_f,age_ythadult_y15_64,geo_cov_nat,2018,21.571
esp,sex_f,age_ythadult_y15_64,geo_cov_nat,2019,20.295
esp,sex_f,age_ythadult_y15_64,geo_cov_nat,2020,23.134
esp,sex_f,age_ythadult_y15_64,geo_cov_nat,2021,22
esp,sex_f,age_ythadult_y15_64,geo_cov_nat,2022,19.403
esp,sex_f,age_ythadult_y15_64,geo_cov_nat,2023,17.783
esp,sex_f,age_ythadult_y15_64,geo_cov_nat,2024,16.931
esp,sex_f,age_ythadult_y15_64,geo_cov_rur,1998,30.145
esp,sex_f,age_ythadult_y15_64,geo_cov_rur,1999,28.511
esp,sex_f,age_ythadult_y15_64,geo_cov_rur,2000,25.988
esp,sex_f,age_ythadult_y15_64,geo_cov_rur,2001,20.127
esp,sex_f,age_ythadult_y15_64,geo_cov_rur,2002,22.103
esp,sex_f,age_ythadult_y15_64,geo_cov_rur,2003,22.554
esp,sex_f,age_ythadult_y15_64,geo_cov_rur,2004,22.044
esp,sex_f,age_ythadult_y15_64,geo_cov_rur,2005,24.532
esp,sex_f,age_ythadult_y15_64,geo_cov_rur,2006,21.893
esp,sex_f,age_ythadult_y15_64,geo_cov_rur,2007,21.456
esp,sex_f,age_ythadult_y15_64,geo_cov_rur,2008,22.188
esp,sex_f,age_ythadult_y15_64,geo_cov_rur,2009,27.176
esp,sex_f,age_ythadult_y15_64,geo_cov_rur,2010,30.664
esp,sex_f,age_ythadult_y15_64,geo_cov_rur,2011,30.91
esp,sex_f,age_ythadult_y15_64,geo_cov_rur,2012,36.212
esp,sex_f,age_ythadult_y15_64,geo_cov_rur,2013,38.316
esp,sex_f,age_ythadult_y15_64,geo_cov_rur,2014,35.025
esp,sex_f,age_ythadult_y15_64,geo_cov_rur,2015,35.212
esp,sex_f,age_ythadult_y15_64,geo_cov_rur,2016,31.951
esp,sex_f,age_ythadult_y15_64,geo_cov_rur,2017,25.752
esp,sex_f,age_ythadult_y15_64,geo_cov_rur,2018,24.206
esp,sex_f,age_ythadult_y15_64,geo_cov_rur,2019,21.706
esp,sex_f,age_ythadult_y15_64,geo_cov_rur,2020,24.615
esp,sex_f,age_ythadult_y15_64,geo_cov_rur,2021,23.835
esp,sex_f,age_ythadult_y15_64,geo_cov_rur,2022,20.174
esp,sex_f,age_ythadult_y15_64,geo_cov_rur,2023,20.858
esp,sex_f,age_ythadult_y15_64,geo_cov_rur,2024,17.867
esp,sex_f,age_ythadult_y15_64,geo_cov_urb,1998,28.453
esp,sex_f,age_ythadult_y15_64,geo_cov_urb,1999,25.048
esp,sex_f,age_ythadult_y15_64,geo_cov_urb,2000,21.759
esp,sex_f,age_ythadult_y15_64,geo_cov_urb,2001,16.647
esp,sex_f,age_ythadult_y15_64,geo_cov_urb,2002,17.424
esp,sex_f,age_ythadult_y15_64,geo_cov_urb,2003,16.338
esp,sex_f,age_ythadult_y15_64,geo_cov_urb,2004,15.806
esp,sex_f,age_ythadult_y15_64,geo_cov_urb,2005,18.25
esp,sex_f,age_ythadult_y15_64,geo_cov_urb,2006,16.901
esp,sex_f,age_ythadult_y15_64,geo_cov_urb,2007,15.184
esp,sex_f,age_ythadult_y15_64,geo_cov_urb,2008,17.025
esp,sex_f,age_ythadult_y15_64,geo_cov_urb,2009,22.549
esp,sex_f,age_ythadult_y15_64,geo_cov_urb,2010,24.695
esp,sex_f,age_ythadult_y15_64,geo_cov_urb,2011,25.866
esp,sex_f,age_ythadult_y15_64,geo_cov_urb,2012,28.812
esp,sex_f,age_ythadult_y15_64,geo_cov_urb,2013,30.632
esp,sex_f,age_ythadult_y15_64,geo_cov_urb,2014,29.682
esp,sex_f,age_ythadult_y15_64,geo_cov_urb,2015,26.605
esp,sex_f,age_ythadult_y15_64,geo_cov_urb,2016,24.578
esp,sex_f,age_ythadult_y15_64,geo_cov_urb,2017,23.43
esp,sex_f,age_ythadult_y15_64,geo_cov_urb,2018,21.227
esp,sex_f,age_ythadult_y15_64,geo_cov_urb,2019,20.107
esp,sex_f,age_ythadult_y15_64,geo_cov_urb,2020,22.937
esp,sex_f,age_ythadult_y15_64,geo_cov_urb,2021,21.757
esp,sex_f,age_ythadult_y15_64,geo_cov_urb,2022,19.3
esp,sex_f,age_ythadult_y15_64,geo_cov_urb,2023,17.364
esp,sex_f,age_ythadult_y15_64,geo_cov_urb,2024,16.806
esp,sex_f,age_ythadult_yge15,geo_cov_nat,1998,28.744
esp,sex_f,age_ythadult_yge15,geo_cov_nat,1999,25.776
esp,sex_f,age_ythadult_yge15,geo_cov_nat,2000,22.729
esp,sex_f,age_ythadult_yge15,geo_cov_nat,2001,17.43
esp,sex_f,age_ythadult_yge15,geo_cov_nat,2002,18.479
esp,sex_f,age_ythadult_yge15,geo_cov_nat,2003,17.775
esp,sex_f,age_ythadult_yge15,geo_cov_nat,2004,17.246
esp,sex_f,age_ythadult_yge15,geo_cov_nat,2005,19.807
esp,sex_f,age_ythadult_yge15,geo_cov_nat,2006,18.125
esp,sex_f,age_ythadult_yge15,geo_cov_nat,2007,16.608
esp,sex_f,age_ythadult_yge15,geo_cov_nat,2008,18.182
esp,sex_f,age_ythadult_yge15,geo_cov_nat,2009,23.56
esp,sex_f,age_ythadult_yge15,geo_cov_nat,2010,25.986
esp,sex_f,age_ythadult_yge15,geo_cov_nat,2011,26.902
esp,sex_f,age_ythadult_yge15,geo_cov_nat,2012,30.425
esp,sex_f,age_ythadult_yge15,geo_cov_nat,2013,32.313
esp,sex_f,age_ythadult_yge15,geo_cov_nat,2014,30.831
esp,sex_f,age_ythadult_yge15,geo_cov_nat,2015,28.484
esp,sex_f,age_ythadult_yge15,geo_cov_nat,2016,26.257
esp,sex_f,age_ythadult_yge15,geo_cov_nat,2017,23.587
esp,sex_f,age_ythadult_yge15,geo_cov_nat,2018,21.478
esp,sex_f,age_ythadult_yge15,geo_cov_nat,2019,20.189
esp,sex_f,age_ythadult_yge15,geo_cov_nat,2020,23.024
esp,sex_f,age_ythadult_yge15,geo_cov_nat,2021,21.851
esp,sex_f,age_ythadult_yge15,geo_cov_nat,2022,19.286
esp,sex_f,age_ythadult_yge15,geo_cov_nat,2023,17.682
esp,sex_f,age_ythadult_yge15,geo_cov_nat,2024,16.892
esp,sex_f,age_ythadult_yge15,geo_cov_rur,1998,29.891
esp,sex_f,age_ythadult_yge15,geo_cov_rur,1999,28.318
esp,sex_f,age_ythadult_yge15,geo_cov_rur,2000,25.83
esp,sex_f,age_ythadult_yge15,geo_cov_rur,2001,20.008
esp,sex_f,age_ythadult_yge15,geo_cov_rur,2002,21.994
esp,sex_f,age_ythadult_yge15,geo_cov_rur,2003,22.443
esp,sex_f,age_ythadult_yge15,geo_cov_rur,2004,21.94
esp,sex_f,age_ythadult_yge15,geo_cov_rur,2005,24.575
esp,sex_f,age_ythadult_yge15,geo_cov_rur,2006,21.9
esp,sex_f,age_ythadult_yge15,geo_cov_rur,2007,21.447
esp,sex_f,age_ythadult_yge15,geo_cov_rur,2008,22.167
esp,sex_f,age_ythadult_yge15,geo_cov_rur,2009,27.063
esp,sex_f,age_ythadult_yge15,geo_cov_rur,2010,30.569
esp,sex_f,age_ythadult_yge15,geo_cov_rur,2011,30.747
esp,sex_f,age_ythadult_yge15,geo_cov_rur,2012,36.008
esp,sex_f,age_ythadult_yge15,geo_cov_rur,2013,38.12
esp,sex_f,age_ythadult_yge15,geo_cov_rur,2014,34.882
esp,sex_f,age_ythadult_yge15,geo_cov_rur,2015,35.069
esp,sex_f,age_ythadult_yge15,geo_cov_rur,2016,31.873
esp,sex_f,age_ythadult_yge15,geo_cov_rur,2017,25.541
esp,sex_f,age_ythadult_yge15,geo_cov_rur,2018,24.114
esp,sex_f,age_ythadult_yge15,geo_cov_rur,2019,21.527
esp,sex_f,age_ythadult_yge15,geo_cov_rur,2020,24.56
esp,sex_f,age_ythadult_yge15,geo_cov_rur,2021,23.643
esp,sex_f,age_ythadult_yge15,geo_cov_rur,2022,19.926
esp,sex_f,age_ythadult_yge15,geo_cov_rur,2023,20.717
esp,sex_f,age_ythadult_yge15,geo_cov_rur,2024,17.826
esp,sex_f,age_ythadult_yge15,geo_cov_urb,1998,28.353
esp,sex_f,age_ythadult_yge15,geo_cov_urb,1999,24.926
esp,sex_f,age_ythadult_yge15,geo_cov_urb,2000,21.693
esp,sex_f,age_ythadult_yge15,geo_cov_urb,2001,16.61
esp,sex_f,age_ythadult_yge15,geo_cov_urb,2002,17.365
esp,sex_f,age_ythadult_yge15,geo_cov_urb,2003,16.289
esp,sex_f,age_ythadult_yge15,geo_cov_urb,2004,15.751
esp,sex_f,age_ythadult_yge15,geo_cov_urb,2005,18.344
esp,sex_f,age_ythadult_yge15,geo_cov_urb,2006,16.984
esp,sex_f,age_ythadult_yge15,geo_cov_urb,2007,15.216
esp,sex_f,age_ythadult_yge15,geo_cov_urb,2008,17.067
esp,sex_f,age_ythadult_yge15,geo_cov_urb,2009,22.474
esp,sex_f,age_ythadult_yge15,geo_cov_urb,2010,24.622
esp,sex_f,age_ythadult_yge15,geo_cov_urb,2011,25.782
esp,sex_f,age_ythadult_yge15,geo_cov_urb,2012,28.662
esp,sex_f,age_ythadult_yge15,geo_cov_urb,2013,30.483
esp,sex_f,age_ythadult_yge15,geo_cov_urb,2014,29.576
esp,sex_f,age_ythadult_yge15,geo_cov_urb,2015,26.476
esp,sex_f,age_ythadult_yge15,geo_cov_urb,2016,24.465
esp,sex_f,age_ythadult_yge15,geo_cov_urb,2017,23.321
esp,sex_f,age_ythadult_yge15,geo_cov_urb,2018,21.134
esp,sex_f,age_ythadult_yge15,geo_cov_urb,2019,20.011
esp,sex_f,age_ythadult_yge15,geo_cov_urb,2020,22.819
esp,sex_f,age_ythadult_yge15,geo_cov_urb,2021,21.613
esp,sex_f,age_ythadult_yge15,geo_cov_urb,2022,19.201
esp,sex_f,age_ythadult_yge15,geo_cov_urb,2023,17.271
esp,sex_f,age_ythadult_yge15,geo_cov_urb,2024,16.768
esp,sex_f,age_ythadult_yge25,geo_cov_nat,1998,25.422
esp,sex_f,age_ythadult_yge25,geo_cov_nat,1999,22.94
esp,sex_f,age_ythadult_yge25,geo_cov_nat,2000,20.396
esp,sex_f,age_ythadult_yge25,geo_cov_nat,2001,15.387
esp,sex_f,age_ythadult_yge25,geo_cov_nat,2002,16.506
esp,sex_f,age_ythadult_yge25,geo_cov_nat,2003,16.064
esp,sex_f,age_ythadult_yge25,geo_cov_nat,2004,15.592
esp,sex_f,age_ythadult_yge25,geo_cov_nat,2005,18.194
esp,sex_f,age_ythadult_yge25,geo_cov_nat,2006,16.779
esp,sex_f,age_ythadult_yge25,geo_cov_nat,2007,14.998
esp,sex_f,age_ythadult_yge25,geo_cov_nat,2008,16.516
esp,sex_f,age_ythadult_yge25,geo_cov_nat,2009,21.338
esp,sex_f,age_ythadult_yge25,geo_cov_nat,2010,23.944
esp,sex_f,age_ythadult_yge25,geo_cov_nat,2011,24.687
esp,sex_f,age_ythadult_yge25,geo_cov_nat,2012,27.951
esp,sex_f,age_ythadult_yge25,geo_cov_nat,2013,29.769
esp,sex_f,age_ythadult_yge25,geo_cov_nat,2014,28.518
esp,sex_f,age_ythadult_yge25,geo_cov_nat,2015,26.375
esp,sex_f,age_ythadult_yge25,geo_cov_nat,2016,24.444
esp,sex_f,age_ythadult_yge25,geo_cov_nat,2017,22.096
esp,sex_f,age_ythadult_yge25,geo_cov_nat,2018,20.073
esp,sex_f,age_ythadult_yge25,geo_cov_nat,2019,18.688
esp,sex_f,age_ythadult_yge25,geo_cov_nat,2020,21.164
esp,sex_f,age_ythadult_yge25,geo_cov_nat,2021,20.158
esp,sex_f,age_ythadult_yge25,geo_cov_nat,2022,17.79
esp,sex_f,age_ythadult_yge25,geo_cov_nat,2023,16.336
esp,sex_f,age_ythadult_yge25,geo_cov_nat,2024,15.351
esp,sex_f,age_ythadult_yge25,geo_cov_rur,1998,27.212
esp,sex_f,age_ythadult_yge25,geo_cov_rur,1999,25.898
esp,sex_f,age_ythadult_yge25,geo_cov_rur,2000,23.874
esp,sex_f,age_ythadult_yge25,geo_cov_rur,2001,18.219
esp,sex_f,age_ythadult_yge25,geo_cov_rur,2002,19.835
esp,sex_f,age_ythadult_yge25,geo_cov_rur,2003,20.387
esp,sex_f,age_ythadult_yge25,geo_cov_rur,2004,19.86
esp,sex_f,age_ythadult_yge25,geo_cov_rur,2005,23.029
esp,sex_f,age_ythadult_yge25,geo_cov_rur,2006,21.279
esp,sex_f,age_ythadult_yge25,geo_cov_rur,2007,19.173
esp,sex_f,age_ythadult_yge25,geo_cov_rur,2008,20.84
esp,sex_f,age_ythadult_yge25,geo_cov_rur,2009,24.568
esp,sex_f,age_ythadult_yge25,geo_cov_rur,2010,28.385
esp,sex_f,age_ythadult_yge25,geo_cov_rur,2011,28.192
esp,sex_f,age_ythadult_yge25,geo_cov_rur,2012,33.681
esp,sex_f,age_ythadult_yge25,geo_cov_rur,2013,35.968
esp,sex_f,age_ythadult_yge25,geo_cov_rur,2014,32.449
esp,sex_f,age_ythadult_yge25,geo_cov_rur,2015,32.747
esp,sex_f,age_ythadult_yge25,geo_cov_rur,2016,29.866
esp,sex_f,age_ythadult_yge25,geo_cov_rur,2017,24.343
esp,sex_f,age_ythadult_yge25,geo_cov_rur,2018,22.605
esp,sex_f,age_ythadult_yge25,geo_cov_rur,2019,19.53
esp,sex_f,age_ythadult_yge25,geo_cov_rur,2020,22.458
esp,sex_f,age_ythadult_yge25,geo_cov_rur,2021,21.717
esp,sex_f,age_ythadult_yge25,geo_cov_rur,2022,18.678
esp,sex_f,age_ythadult_yge25,geo_cov_rur,2023,19.31
esp,sex_f,age_ythadult_yge25,geo_cov_rur,2024,16.495
esp,sex_f,age_ythadult_yge25,geo_cov_urb,1998,24.809
esp,sex_f,age_ythadult_yge25,geo_cov_urb,1999,21.954
esp,sex_f,age_ythadult_yge25,geo_cov_urb,2000,19.238
esp,sex_f,age_ythadult_yge25,geo_cov_urb,2001,14.492
esp,sex_f,age_ythadult_yge25,geo_cov_urb,2002,15.457
esp,sex_f,age_ythadult_yge25,geo_cov_urb,2003,14.702
esp,sex_f,age_ythadult_yge25,geo_cov_urb,2004,14.259
esp,sex_f,age_ythadult_yge25,geo_cov_urb,2005,16.726
esp,sex_f,age_ythadult_yge25,geo_cov_urb,2006,15.421
esp,sex_f,age_ythadult_yge25,geo_cov_urb,2007,13.818
esp,sex_f,age_ythadult_yge25,geo_cov_urb,2008,15.32
esp,sex_f,age_ythadult_yge25,geo_cov_urb,2009,20.354
esp,sex_f,age_ythadult_yge25,geo_cov_urb,2010,22.644
esp,sex_f,age_ythadult_yge25,geo_cov_urb,2011,23.673
esp,sex_f,age_ythadult_yge25,geo_cov_urb,2012,26.155
esp,sex_f,age_ythadult_yge25,geo_cov_urb,2013,27.841
esp,sex_f,age_ythadult_yge25,geo_cov_urb,2014,27.314
esp,sex_f,age_ythadult_yge25,geo_cov_urb,2015,24.471
esp,sex_f,age_ythadult_yge25,geo_cov_urb,2016,22.739
esp,sex_f,age_ythadult_yge25,geo_cov_urb,2017,21.79
esp,sex_f,age_ythadult_yge25,geo_cov_urb,2018,19.746
esp,sex_f,age_ythadult_yge25,geo_cov_urb,2019,18.576
esp,sex_f,age_ythadult_yge25,geo_cov_urb,2020,20.992
esp,sex_f,age_ythadult_yge25,geo_cov_urb,2021,19.95
esp,sex_f,age_ythadult_yge25,geo_cov_urb,2022,17.67
esp,sex_f,age_ythadult_yge25,geo_cov_urb,2023,15.931
esp,sex_f,age_ythadult_yge25,geo_cov_urb,2024,15.199
esp,sex_m,age_aggregate_total,geo_cov_nat,1998,14.303
esp,sex_m,age_aggregate_total,geo_cov_nat,1999,11.727
esp,sex_m,age_aggregate_total,geo_cov_nat,2000,10.246
esp,sex_m,age_aggregate_total,geo_cov_nat,2001,8.075
esp,sex_m,age_aggregate_total,geo_cov_nat,2002,8.722
esp,sex_m,age_aggregate_total,geo_cov_nat,2003,8.907
esp,sex_m,age_aggregate_total,geo_cov_nat,2004,9.081
esp,sex_m,age_aggregate_total,geo_cov_nat,2005,9.633
esp,sex_m,age_aggregate_total,geo_cov_nat,2006,8.455
esp,sex_m,age_aggregate_total,geo_cov_nat,2007,8.199
esp,sex_m,age_aggregate_total,geo_cov_nat,2008,11.863
esp,sex_m,age_aggregate_total,geo_cov_nat,2009,19.646
esp,sex_m,age_aggregate_total,geo_cov_nat,2010,21.879
esp,sex_m,age_aggregate_total,geo_cov_nat,2011,23.211
esp,sex_m,age_aggregate_total,geo_cov_nat,2012,26.858
esp,sex_m,age_aggregate_total,geo_cov_nat,2013,27.948
esp,sex_m,age_aggregate_total,geo_cov_nat,2014,26.045
esp,sex_m,age_aggregate_total,geo_cov_nat,2015,22.894
esp,sex_m,age_aggregate_total,geo_cov_nat,2016,20.287
esp,sex_m,age_aggregate_total,geo_cov_nat,2017,17.849
esp,sex_m,age_aggregate_total,geo_cov_nat,2018,15.818
esp,sex_m,age_aggregate_total,geo_cov_nat,2019,14.482
esp,sex_m,age_aggregate_total,geo_cov_nat,2020,17.375
esp,sex_m,age_aggregate_total,geo_cov_nat,2021,16.287
esp,sex_m,age_aggregate_total,geo_cov_nat,2022,13.711
esp,sex_m,age_aggregate_total,geo_cov_nat,2023,12.815
esp,sex_m,age_aggregate_total,geo_cov_nat,2024,12.463
esp,sex_m,age_aggregate_total,geo_cov_rur,1998,14.399
esp,sex_m,age_aggregate_total,geo_cov_rur,1999,11.544
esp,sex_m,age_aggregate_total,geo_cov_rur,2000,11.086
esp,sex_m,age_aggregate_total,geo_cov_rur,2001,8.484
esp,sex_m,age_aggregate_total,geo_cov_rur,2002,9.283
esp,sex_m,age_aggregate_total,geo_cov_rur,2003,8.977
esp,sex_m,age_aggregate_total,geo_cov_rur,2004,8.959
esp,sex_m,age_aggregate_total,geo_cov_rur,2005,9.25
esp,sex_m,age_aggregate_total,geo_cov_rur,2006,8.761
esp,sex_m,age_aggregate_total,geo_cov_rur,2007,7.846
esp,sex_m,age_aggregate_total,geo_cov_rur,2008,11.771
esp,sex_m,age_aggregate_total,geo_cov_rur,2009,19.453
esp,sex_m,age_aggregate_total,geo_cov_rur,2010,22.744
esp,sex_m,age_aggregate_total,geo_cov_rur,2011,23.919
esp,sex_m,age_aggregate_total,geo_cov_rur,2012,27.951
esp,sex_m,age_aggregate_total,geo_cov_rur,2013,30.053
esp,sex_m,age_aggregate_total,geo_cov_rur,2014,27.948
esp,sex_m,age_aggregate_total,geo_cov_rur,2015,24.957
esp,sex_m,age_aggregate_total,geo_cov_rur,2016,20.785
esp,sex_m,age_aggregate_total,geo_cov_rur,2017,17.609
esp,sex_m,age_aggregate_total,geo_cov_rur,2018,15.307
esp,sex_m,age_aggregate_total,geo_cov_rur,2019,14.611
esp,sex_m,age_aggregate_total,geo_cov_rur,2020,16.622
esp,sex_m,age_aggregate_total,geo_cov_rur,2021,14.366
esp,sex_m,age_aggregate_total,geo_cov_rur,2022,12.315
esp,sex_m,age_aggregate_total,geo_cov_rur,2023,13.181
esp,sex_m,age_aggregate_total,geo_cov_rur,2024,10.71
esp,sex_m,age_aggregate_total,geo_cov_urb,1998,14.265
esp,sex_m,age_aggregate_total,geo_cov_urb,1999,11.799
esp,sex_m,age_aggregate_total,geo_cov_urb,2000,9.924
esp,sex_m,age_aggregate_total,geo_cov_urb,2001,7.919
esp,sex_m,age_aggregate_total,geo_cov_urb,2002,8.509
esp,sex_m,age_aggregate_total,geo_cov_urb,2003,8.88
esp,sex_m,age_aggregate_total,geo_cov_urb,2004,9.126
esp,sex_m,age_aggregate_total,geo_cov_urb,2005,9.767
esp,sex_m,age_aggregate_total,geo_cov_urb,2006,8.348
esp,sex_m,age_aggregate_total,geo_cov_urb,2007,8.316
esp,sex_m,age_aggregate_total,geo_cov_urb,2008,11.893
esp,sex_m,age_aggregate_total,geo_cov_urb,2009,19.714
esp,sex_m,age_aggregate_total,geo_cov_urb,2010,21.588
esp,sex_m,age_aggregate_total,geo_cov_urb,2011,22.98
esp,sex_m,age_aggregate_total,geo_cov_urb,2012,26.476
esp,sex_m,age_aggregate_total,geo_cov_urb,2013,27.206
esp,sex_m,age_aggregate_total,geo_cov_urb,2014,25.38
esp,sex_m,age_aggregate_total,geo_cov_urb,2015,22.186
esp,sex_m,age_aggregate_total,geo_cov_urb,2016,20.111
esp,sex_m,age_aggregate_total,geo_cov_urb,2017,17.885
esp,sex_m,age_aggregate_total,geo_cov_urb,2018,15.892
esp,sex_m,age_aggregate_total,geo_cov_urb,2019,14.463
esp,sex_m,age_aggregate_total,geo_cov_urb,2020,17.49
esp,sex_m,age_aggregate_total,geo_cov_urb,2021,16.568
esp,sex_m,age_aggregate_total,geo_cov_urb,2022,13.924
esp,sex_m,age_aggregate_total,geo_cov_urb,2023,12.761
esp,sex_m,age_aggregate_total,geo_cov_urb,2024,12.716
esp,sex_m,age_aggregate_y15_24,geo_cov_nat,1998,30.527
esp,sex_m,age_aggregate_y15_24,geo_cov_nat,1999,25.369
esp,sex_m,age_aggregate_y15_24,geo_cov_nat,2000,21.703
esp,sex_m,age_aggregate_y15_24,geo_cov_nat,2001,18.117
esp,sex_m,age_aggregate_y15_24,geo_cov_nat,2002,18.973
esp,sex_m,age_aggregate_y15_24,geo_cov_nat,2003,20.566
esp,sex_m,age_aggregate_y15_24,geo_cov_nat,2004,21.195
esp,sex_m,age_aggregate_y15_24,geo_cov_nat,2005,22.198
esp,sex_m,age_aggregate_y15_24,geo_cov_nat,2006,20.588
esp,sex_m,age_aggregate_y15_24,geo_cov_nat,2007,19.508
esp,sex_m,age_aggregate_y15_24,geo_cov_nat,2008,28.627
esp,sex_m,age_aggregate_y15_24,geo_cov_nat,2009,43.769
esp,sex_m,age_aggregate_y15_24,geo_cov_nat,2010,48.842
esp,sex_m,age_aggregate_y15_24,geo_cov_nat,2011,53.302
esp,sex_m,age_aggregate_y15_24,geo_cov_nat,2012,59.528
esp,sex_m,age_aggregate_y15_24,geo_cov_nat,2013,61.833
esp,sex_m,age_aggregate_y15_24,geo_cov_nat,2014,59.579
esp,sex_m,age_aggregate_y15_24,geo_cov_nat,2015,54.356
esp,sex_m,age_aggregate_y15_24,geo_cov_nat,2016,50.043
esp,sex_m,age_aggregate_y15_24,geo_cov_nat,2017,45.337
esp,sex_m,age_aggregate_y15_24,geo_cov_nat,2018,41.749
esp,sex_m,age_aggregate_y15_24,geo_cov_nat,2019,36.764
esp,sex_m,age_aggregate_y15_24,geo_cov_nat,2020,46.714
esp,sex_m,age_aggregate_y15_24,geo_cov_nat,2021,43.329
esp,sex_m,age_aggregate_y15_24,geo_cov_nat,2022,35.313
esp,sex_m,age_aggregate_y15_24,geo_cov_nat,2023,34.689
esp,sex_m,age_aggregate_y15_24,geo_cov_nat,2024,32.446
esp,sex_m,age_aggregate_y15_24,geo_cov_rur,1998,26.438
esp,sex_m,age_aggregate_y15_24,geo_cov_rur,1999,21.062
esp,sex_m,age_aggregate_y15_24,geo_cov_rur,2000,18.366
esp,sex_m,age_aggregate_y15_24,geo_cov_rur,2001,14.435
esp,sex_m,age_aggregate_y15_24,geo_cov_rur,2002,15.658
esp,sex_m,age_aggregate_y15_24,geo_cov_rur,2003,16.683
esp,sex_m,age_aggregate_y15_24,geo_cov_rur,2004,17.826
esp,sex_m,age_aggregate_y15_24,geo_cov_rur,2005,18.375
esp,sex_m,age_aggregate_y15_24,geo_cov_rur,2006,16.13
esp,sex_m,age_aggregate_y15_24,geo_cov_rur,2007,16.446
esp,sex_m,age_aggregate_y15_24,geo_cov_rur,2008,25.092
esp,sex_m,age_aggregate_y15_24,geo_cov_rur,2009,44.945
esp,sex_m,age_aggregate_y15_24,geo_cov_rur,2010,46.45
esp,sex_m,age_aggregate_y15_24,geo_cov_rur,2011,47.411
esp,sex_m,age_aggregate_y15_24,geo_cov_rur,2012,59.778
esp,sex_m,age_aggregate_y15_24,geo_cov_rur,2013,62.766
esp,sex_m,age_aggregate_y15_24,geo_cov_rur,2014,56.679
esp,sex_m,age_aggregate_y15_24,geo_cov_rur,2015,49.916
esp,sex_m,age_aggregate_y15_24,geo_cov_rur,2016,48.001
esp,sex_m,age_aggregate_y15_24,geo_cov_rur,2017,36.209
esp,sex_m,age_aggregate_y15_24,geo_cov_rur,2018,35.733
esp,sex_m,age_aggregate_y15_24,geo_cov_rur,2019,35.833
esp,sex_m,age_aggregate_y15_24,geo_cov_rur,2020,40.066
esp,sex_m,age_aggregate_y15_24,geo_cov_rur,2021,34.85
esp,sex_m,age_aggregate_y15_24,geo_cov_rur,2022,31.043
esp,sex_m,age_aggregate_y15_24,geo_cov_rur,2023,34.582
esp,sex_m,age_aggregate_y15_24,geo_cov_rur,2024,20.463
esp,sex_m,age_aggregate_y15_24,geo_cov_urb,1998,32.202
esp,sex_m,age_aggregate_y15_24,geo_cov_urb,1999,27.105
esp,sex_m,age_aggregate_y15_24,geo_cov_urb,2000,23.075
esp,sex_m,age_aggregate_y15_24,geo_cov_urb,2001,19.564
esp,sex_m,age_aggregate_y15_24,geo_cov_urb,2002,20.348
esp,sex_m,age_aggregate_y15_24,geo_cov_urb,2003,22.131
esp,sex_m,age_aggregate_y15_24,geo_cov_urb,2004,22.554
esp,sex_m,age_aggregate_y15_24,geo_cov_urb,2005,23.747
esp,sex_m,age_aggregate_y15_24,geo_cov_urb,2006,22.208
esp,sex_m,age_aggregate_y15_24,geo_cov_urb,2007,20.575
esp,sex_m,age_aggregate_y15_24,geo_cov_urb,2008,29.976
esp,sex_m,age_aggregate_y15_24,geo_cov_urb,2009,43.296
esp,sex_m,age_aggregate_y15_24,geo_cov_urb,2010,49.778
esp,sex_m,age_aggregate_y15_24,geo_cov_urb,2011,55.642
esp,sex_m,age_aggregate_y15_24,geo_cov_urb,2012,59.43
esp,sex_m,age_aggregate_y15_24,geo_cov_urb,2013,61.444
esp,sex_m,age_aggregate_y15_24,geo_cov_urb,2014,60.746
esp,sex_m,age_aggregate_y15_24,geo_cov_urb,2015,56.129
esp,sex_m,age_aggregate_y15_24,geo_cov_urb,2016,50.827
esp,sex_m,age_aggregate_y15_24,geo_cov_urb,2017,46.84
esp,sex_m,age_aggregate_y15_24,geo_cov_urb,2018,42.6
esp,sex_m,age_aggregate_y15_24,geo_cov_urb,2019,36.905
esp,sex_m,age_aggregate_y15_24,geo_cov_urb,2020,47.932
esp,sex_m,age_aggregate_y15_24,geo_cov_urb,2021,44.791
esp,sex_m,age_aggregate_y15_24,geo_cov_urb,2022,35.971
esp,sex_m,age_aggregate_y15_24,geo_cov_urb,2023,34.703
esp,sex_m,age_aggregate_y15_24,geo_cov_urb,2024,34.28
esp,sex_m,age_aggregate_y25_54,geo_cov_nat,1998,12.07
esp,sex_m,age_aggregate_y25_54,geo_cov_nat,1999,9.614
esp,sex_m,age_aggregate_y25_54,geo_cov_nat,2000,8.385
esp,sex_m,age_aggregate_y25_54,geo_cov_nat,2001,6.655
esp,sex_m,age_aggregate_y25_54,geo_cov_nat,2002,7.346
esp,sex_m,age_aggregate_y25_54,geo_cov_nat,2003,7.419
esp,sex_m,age_aggregate_y25_54,geo_cov_nat,2004,7.527
esp,sex_m,age_aggregate_y25_54,geo_cov_nat,2005,7.608
esp,sex_m,age_aggregate_y25_54,geo_cov_nat,2006,6.707
esp,sex_m,age_aggregate_y25_54,geo_cov_nat,2007,6.765
esp,sex_m,age_aggregate_y25_54,geo_cov_nat,2008,10.061
esp,sex_m,age_aggregate_y25_54,geo_cov_nat,2009,17.501
esp,sex_m,age_aggregate_y25_54,geo_cov_nat,2010,19.484
esp,sex_m,age_aggregate_y25_54,geo_cov_nat,2011,20.732
esp,sex_m,age_aggregate_y25_54,geo_cov_nat,2012,24.422
esp,sex_m,age_aggregate_y25_54,geo_cov_nat,2013,25.253
esp,sex_m,age_aggregate_y25_54,geo_cov_nat,2014,23.237
esp,sex_m,age_aggregate_y25_54,geo_cov_nat,2015,20.21
esp,sex_m,age_aggregate_y25_54,geo_cov_nat,2016,17.697
esp,sex_m,age_aggregate_y25_54,geo_cov_nat,2017,15.365
esp,sex_m,age_aggregate_y25_54,geo_cov_nat,2018,13.371
esp,sex_m,age_aggregate_y25_54,geo_cov_nat,2019,12.44
esp,sex_m,age_aggregate_y25_54,geo_cov_nat,2020,15.033
esp,sex_m,age_aggregate_y25_54,geo_cov_nat,2021,14.016
esp,sex_m,age_aggregate_y25_54,geo_cov_nat,2022,11.677
esp,sex_m,age_aggregate_y25_54,geo_cov_nat,2023,10.724
esp,sex_m,age_aggregate_y25_54,geo_cov_nat,2024,10.604
esp,sex_m,age_aggregate_y25_54,geo_cov_rur,1998,12.703
esp,sex_m,age_aggregate_y25_54,geo_cov_rur,1999,9.909
esp,sex_m,age_aggregate_y25_54,geo_cov_rur,2000,9.686
esp,sex_m,age_aggregate_y25_54,geo_cov_rur,2001,7.519
esp,sex_m,age_aggregate_y25_54,geo_cov_rur,2002,8.208
esp,sex_m,age_aggregate_y25_54,geo_cov_rur,2003,7.76
esp,sex_m,age_aggregate_y25_54,geo_cov_rur,2004,7.282
esp,sex_m,age_aggregate_y25_54,geo_cov_rur,2005,7.351
esp,sex_m,age_aggregate_y25_54,geo_cov_rur,2006,7.166
esp,sex_m,age_aggregate_y25_54,geo_cov_rur,2007,6.551
esp,sex_m,age_aggregate_y25_54,geo_cov_rur,2008,9.995
esp,sex_m,age_aggregate_y25_54,geo_cov_rur,2009,16.496
esp,sex_m,age_aggregate_y25_54,geo_cov_rur,2010,20.072
esp,sex_m,age_aggregate_y25_54,geo_cov_rur,2011,21.69
esp,sex_m,age_aggregate_y25_54,geo_cov_rur,2012,24.789
esp,sex_m,age_aggregate_y25_54,geo_cov_rur,2013,26.524
esp,sex_m,age_aggregate_y25_54,geo_cov_rur,2014,25.109
esp,sex_m,age_aggregate_y25_54,geo_cov_rur,2015,22.326
esp,sex_m,age_aggregate_y25_54,geo_cov_rur,2016,17.796
esp,sex_m,age_aggregate_y25_54,geo_cov_rur,2017,15.006
esp,sex_m,age_aggregate_y25_54,geo_cov_rur,2018,12.929
esp,sex_m,age_aggregate_y25_54,geo_cov_rur,2019,12.103
esp,sex_m,age_aggregate_y25_54,geo_cov_rur,2020,13.432
esp,sex_m,age_aggregate_y25_54,geo_cov_rur,2021,11.414
esp,sex_m,age_aggregate_y25_54,geo_cov_rur,2022,9.538
esp,sex_m,age_aggregate_y25_54,geo_cov_rur,2023,11.113
esp,sex_m,age_aggregate_y25_54,geo_cov_rur,2024,8.908
esp,sex_m,age_aggregate_y25_54,geo_cov_urb,1998,11.825
esp,sex_m,age_aggregate_y25_54,geo_cov_urb,1999,9.501
esp,sex_m,age_aggregate_y25_54,geo_cov_urb,2000,7.899
esp,sex_m,age_aggregate_y25_54,geo_cov_urb,2001,6.329
esp,sex_m,age_aggregate_y25_54,geo_cov_urb,2002,7.025
esp,sex_m,age_aggregate_y25_54,geo_cov_urb,2003,7.295
esp,sex_m,age_aggregate_y25_54,geo_cov_urb,2004,7.616
esp,sex_m,age_aggregate_y25_54,geo_cov_urb,2005,7.694
esp,sex_m,age_aggregate_y25_54,geo_cov_urb,2006,6.55
esp,sex_m,age_aggregate_y25_54,geo_cov_urb,2007,6.833
esp,sex_m,age_aggregate_y25_54,geo_cov_urb,2008,10.081
esp,sex_m,age_aggregate_y25_54,geo_cov_urb,2009,17.841
esp,sex_m,age_aggregate_y25_54,geo_cov_urb,2010,19.294
esp,sex_m,age_aggregate_y25_54,geo_cov_urb,2011,20.431
esp,sex_m,age_aggregate_y25_54,geo_cov_urb,2012,24.295
esp,sex_m,age_aggregate_y25_54,geo_cov_urb,2013,24.82
esp,sex_m,age_aggregate_y25_54,geo_cov_urb,2014,22.607
esp,sex_m,age_aggregate_y25_54,geo_cov_urb,2015,19.506
esp,sex_m,age_aggregate_y25_54,geo_cov_urb,2016,17.662
esp,sex_m,age_aggregate_y25_54,geo_cov_urb,2017,15.417
esp,sex_m,age_aggregate_y25_54,geo_cov_urb,2018,13.432
esp,sex_m,age_aggregate_y25_54,geo_cov_urb,2019,12.488
esp,sex_m,age_aggregate_y25_54,geo_cov_urb,2020,15.259
esp,sex_m,age_aggregate_y25_54,geo_cov_urb,2021,14.366
esp,sex_m,age_aggregate_y25_54,geo_cov_urb,2022,11.991
esp,sex_m,age_aggregate_y25_54,geo_cov_urb,2023,10.668
esp,sex_m,age_aggregate_y25_54,geo_cov_urb,2024,10.841
esp,sex_m,age_aggregate_y55_64,geo_cov_nat,1998,10.582
esp,sex_m,age_aggregate_y55_64,geo_cov_nat,1999,10.203
esp,sex_m,age_aggregate_y55_64,geo_cov_nat,2000,10.15
esp,sex_m,age_aggregate_y55_64,geo_cov_nat,2001,6.739
esp,sex_m,age_aggregate_y55_64,geo_cov_nat,2002,6.908
esp,sex_m,age_aggregate_y55_64,geo_cov_nat,2003,6.815
esp,sex_m,age_aggregate_y55_64,geo_cov_nat,2004,7.565
esp,sex_m,age_aggregate_y55_64,geo_cov_nat,2005,9.215
esp,sex_m,age_aggregate_y55_64,geo_cov_nat,2006,7.915
esp,sex_m,age_aggregate_y55_64,geo_cov_nat,2007,7.341
esp,sex_m,age_aggregate_y55_64,geo_cov_nat,2008,8.911
esp,sex_m,age_aggregate_y55_64,geo_cov_nat,2009,14.35
esp,sex_m,age_aggregate_y55_64,geo_cov_nat,2010,17.303
esp,sex_m,age_aggregate_y55_64,geo_cov_nat,2011,19.033
esp,sex_m,age_aggregate_y55_64,geo_cov_nat,2012,22.079
esp,sex_m,age_aggregate_y55_64,geo_cov_nat,2013,24.225
esp,sex_m,age_aggregate_y55_64,geo_cov_nat,2014,23.93
esp,sex_m,age_aggregate_y55_64,geo_cov_nat,2015,22.178
esp,sex_m,age_aggregate_y55_64,geo_cov_nat,2016,20.098
esp,sex_m,age_aggregate_y55_64,geo_cov_nat,2017,18.049
esp,sex_m,age_aggregate_y55_64,geo_cov_nat,2018,15.995
esp,sex_m,age_aggregate_y55_64,geo_cov_nat,2019,14.344
esp,sex_m,age_aggregate_y55_64,geo_cov_nat,2020,15.598
esp,sex_m,age_aggregate_y55_64,geo_cov_nat,2021,15.249
esp,sex_m,age_aggregate_y55_64,geo_cov_nat,2022,13.499
esp,sex_m,age_aggregate_y55_64,geo_cov_nat,2023,12.229
esp,sex_m,age_aggregate_y55_64,geo_cov_nat,2024,11.079
esp,sex_m,age_aggregate_y55_64,geo_cov_rur,1998,12.178
esp,sex_m,age_aggregate_y55_64,geo_cov_rur,1999,11.781
esp,sex_m,age_aggregate_y55_64,geo_cov_rur,2000,12.281
esp,sex_m,age_aggregate_y55_64,geo_cov_rur,2001,8.633
esp,sex_m,age_aggregate_y55_64,geo_cov_rur,2002,9.466
esp,sex_m,age_aggregate_y55_64,geo_cov_rur,2003,8.801
esp,sex_m,age_aggregate_y55_64,geo_cov_rur,2004,10.574
esp,sex_m,age_aggregate_y55_64,geo_cov_rur,2005,10.594
esp,sex_m,age_aggregate_y55_64,geo_cov_rur,2006,10.95
esp,sex_m,age_aggregate_y55_64,geo_cov_rur,2007,8.11
esp,sex_m,age_aggregate_y55_64,geo_cov_rur,2008,9.832
esp,sex_m,age_aggregate_y55_64,geo_cov_rur,2009,15.957
esp,sex_m,age_aggregate_y55_64,geo_cov_rur,2010,20.041
esp,sex_m,age_aggregate_y55_64,geo_cov_rur,2011,20.265
esp,sex_m,age_aggregate_y55_64,geo_cov_rur,2012,26.11
esp,sex_m,age_aggregate_y55_64,geo_cov_rur,2013,29.506
esp,sex_m,age_aggregate_y55_64,geo_cov_rur,2014,26.768
esp,sex_m,age_aggregate_y55_64,geo_cov_rur,2015,25.154
esp,sex_m,age_aggregate_y55_64,geo_cov_rur,2016,22.861
esp,sex_m,age_aggregate_y55_64,geo_cov_rur,2017,20.761
esp,sex_m,age_aggregate_y55_64,geo_cov_rur,2018,16.631
esp,sex_m,age_aggregate_y55_64,geo_cov_rur,2019,16.765
esp,sex_m,age_aggregate_y55_64,geo_cov_rur,2020,18.02
esp,sex_m,age_aggregate_y55_64,geo_cov_rur,2021,16.097
esp,sex_m,age_aggregate_y55_64,geo_cov_rur,2022,15.26
esp,sex_m,age_aggregate_y55_64,geo_cov_rur,2023,13.426
esp,sex_m,age_aggregate_y55_64,geo_cov_rur,2024,12.989
esp,sex_m,age_aggregate_y55_64,geo_cov_urb,1998,9.884
esp,sex_m,age_aggregate_y55_64,geo_cov_urb,1999,9.554
esp,sex_m,age_aggregate_y55_64,geo_cov_urb,2000,9.28
esp,sex_m,age_aggregate_y55_64,geo_cov_urb,2001,6.013
esp,sex_m,age_aggregate_y55_64,geo_cov_urb,2002,5.912
esp,sex_m,age_aggregate_y55_64,geo_cov_urb,2003,6.055
esp,sex_m,age_aggregate_y55_64,geo_cov_urb,2004,6.36
esp,sex_m,age_aggregate_y55_64,geo_cov_urb,2005,8.711
esp,sex_m,age_aggregate_y55_64,geo_cov_urb,2006,6.776
esp,sex_m,age_aggregate_y55_64,geo_cov_urb,2007,7.058
esp,sex_m,age_aggregate_y55_64,geo_cov_urb,2008,8.576
esp,sex_m,age_aggregate_y55_64,geo_cov_urb,2009,13.686
esp,sex_m,age_aggregate_y55_64,geo_cov_urb,2010,16.285
esp,sex_m,age_aggregate_y55_64,geo_cov_urb,2011,18.603
esp,sex_m,age_aggregate_y55_64,geo_cov_urb,2012,20.681
esp,sex_m,age_aggregate_y55_64,geo_cov_urb,2013,22.195
esp,sex_m,age_aggregate_y55_64,geo_cov_urb,2014,22.827
esp,sex_m,age_aggregate_y55_64,geo_cov_urb,2015,21.04
esp,sex_m,age_aggregate_y55_64,geo_cov_urb,2016,19.027
esp,sex_m,age_aggregate_y55_64,geo_cov_urb,2017,17.525
esp,sex_m,age_aggregate_y55_64,geo_cov_urb,2018,15.881
esp,sex_m,age_aggregate_y55_64,geo_cov_urb,2019,13.914
esp,sex_m,age_aggregate_y55_64,geo_cov_urb,2020,15.131
esp,sex_m,age_aggregate_y55_64,geo_cov_urb,2021,15.091
esp,sex_m,age_aggregate_y55_64,geo_cov_urb,2022,13.191
esp,sex_m,age_aggregate_y55_64,geo_cov_urb,2023,12.028
esp,sex_m,age_aggregate_y55_64,geo_cov_urb,2024,10.777
esp,sex_m,age_aggregate_yge65,geo_cov_nat,1999,2.672
esp,sex_m,age_aggregate_yge65,geo_cov_nat,2002,2.039
esp,sex_m,age_aggregate_yge65,geo_cov_nat,2003,2.198
esp,sex_m,age_aggregate_yge65,geo_cov_nat,2004,2.039
esp,sex_m,age_aggregate_yge65,geo_cov_nat,2005,18.315
esp,sex_m,age_aggregate_yge65,geo_cov_nat,2006,8.981
esp,sex_m,age_aggregate_yge65,geo_cov_nat,2007,2.75
esp,sex_m,age_aggregate_yge65,geo_cov_nat,2008,3.043
esp,sex_m,age_aggregate_yge65,geo_cov_nat,2009,4.839
esp,sex_m,age_aggregate_yge65,geo_cov_nat,2010,9.325
esp,sex_m,age_aggregate_yge65,geo_cov_nat,2011,3.211
esp,sex_m,age_aggregate_yge65,geo_cov_nat,2013,6.939
esp,sex_m,age_aggregate_yge65,geo_cov_nat,2014,10.843
esp,sex_m,age_aggregate_yge65,geo_cov_nat,2015,5.314
esp,sex_m,age_aggregate_yge65,geo_cov_nat,2016,5.6
esp,sex_m,age_aggregate_yge65,geo_cov_nat,2017,5.928
esp,sex_m,age_aggregate_yge65,geo_cov_nat,2018,7.604
esp,sex_m,age_aggregate_yge65,geo_cov_nat,2019,6.344
esp,sex_m,age_aggregate_yge65,geo_cov_nat,2020,5.596
esp,sex_m,age_aggregate_yge65,geo_cov_nat,2021,4.283
esp,sex_m,age_aggregate_yge65,geo_cov_nat,2022,6.324
esp,sex_m,age_aggregate_yge65,geo_cov_nat,2023,7.342
esp,sex_m,age_aggregate_yge65,geo_cov_nat,2024,9.615
esp,sex_m,age_aggregate_yge65,geo_cov_rur,2005,11.838
esp,sex_m,age_aggregate_yge65,geo_cov_rur,2006,14.686
esp,sex_m,age_aggregate_yge65,geo_cov_rur,2014,14.321
esp,sex_m,age_aggregate_yge65,geo_cov_rur,2024,5.943
esp,sex_m,age_aggregate_yge65,geo_cov_urb,1999,3.821
esp,sex_m,age_aggregate_yge65,geo_cov_urb,2005,21.415
esp,sex_m,age_aggregate_yge65,geo_cov_urb,2006,6.383
esp,sex_m,age_aggregate_yge65,geo_cov_urb,2010,8.895
esp,sex_m,age_aggregate_yge65,geo_cov_urb,2013,9.273
esp,sex_m,age_aggregate_yge65,geo_cov_urb,2014,8.995
esp,sex_m,age_aggregate_yge65,geo_cov_urb,2015,5.038
esp,sex_m,age_aggregate_yge65,geo_cov_urb,2016,7.619
esp,sex_m,age_aggregate_yge65,geo_cov_urb,2017,6.221
esp,sex_m,age_aggregate_yge65,geo_cov_urb,2018,6.406
esp,sex_m,age_aggregate_yge65,geo_cov_urb,2019,7.633
esp,sex_m,age_aggregate_yge65,geo_cov_urb,2020,6.077
esp,sex_m,age_aggregate_yge65,geo_cov_urb,2021,4.198
esp,sex_m,age_aggregate_yge65,geo_cov_urb,2022,6.504
esp,sex_m,age_aggregate_yge65,geo_cov_urb,2023,7.648
esp,sex_m,age_aggregate_yge65,geo_cov_urb,2024,10.172
esp,sex_m,age_ythadult_y15_24,geo_cov_nat,1998,30.527
esp,sex_m,age_ythadult_y15_24,geo_cov_nat,1999,25.369
esp,sex_m,age_ythadult_y15_24,geo_cov_nat,2000,21.703
esp,sex_m,age_ythadult_y15_24,geo_cov_nat,2001,18.117
esp,sex_m,age_ythadult_y15_24,geo_cov_nat,2002,18.973
esp,sex_m,age_ythadult_y15_24,geo_cov_nat,2003,20.566
esp,sex_m,age_ythadult_y15_24,geo_cov_nat,2004,21.195
esp,sex_m,age_ythadult_y15_24,geo_cov_nat,2005,22.198
esp,sex_m,age_ythadult_y15_24,geo_cov_nat,2006,20.588
esp,sex_m,age_ythadult_y15_24,geo_cov_nat,2007,19.508
esp,sex_m,age_ythadult_y15_24,geo_cov_nat,2008,28.627
esp,sex_m,age_ythadult_y15_24,geo_cov_nat,2009,43.769
esp,sex_m,age_ythadult_y15_24,geo_cov_nat,2010,48.842
esp,sex_m,age_ythadult_y15_24,geo_cov_nat,2011,53.302
esp,sex_m,age_ythadult_y15_24,geo_cov_nat,2012,59.528
esp,sex_m,age_ythadult_y15_24,geo_cov_nat,2013,61.833
esp,sex_m,age_ythadult_y15_24,geo_cov_nat,2014,59.579
esp,sex_m,age_ythadult_y15_24,geo_cov_nat,2015,54.356
esp,sex_m,age_ythadult_y15_24,geo_cov_nat,2016,50.043
esp,sex_m,age_ythadult_y15_24,geo_cov_nat,2017,45.337
esp,sex_m,age_ythadult_y15_24,geo_cov_nat,2018,41.749
esp,sex_m,age_ythadult_y15_24,geo_cov_nat,2019,36.764
esp,sex_m,age_ythadult_y15_24,geo_cov_nat,2020,46.714
esp,sex_m,age_ythadult_y15_24,geo_cov_nat,2021,43.329
esp,sex_m,age_ythadult_y15_24,geo_cov_nat,2022,35.313
esp,sex_m,age_ythadult_y15_24,geo_cov_nat,2023,34.689
esp,sex_m,age_ythadult_y15_24,geo_cov_nat,2024,32.446
esp,sex_m,age_ythadult_y15_24,geo_cov_rur,1998,26.438
esp,sex_m,age_ythadult_y15_24,geo_cov_rur,1999,21.062
esp,sex_m,age_ythadult_y15_24,geo_cov_rur,2000,18.366
esp,sex_m,age_ythadult_y15_24,geo_cov_rur,2001,14.435
esp,sex_m,age_ythadult_y15_24,geo_cov_rur,2002,15.658
esp,sex_m,age_ythadult_y15_24,geo_cov_rur,2003,16.683
esp,sex_m,age_ythadult_y15_24,geo_cov_rur,2004,17.826
esp,sex_m,age_ythadult_y15_24,geo_cov_rur,2005,18.375
esp,sex_m,age_ythadult_y15_24,geo_cov_rur,2006,16.13
esp,sex_m,age_ythadult_y15_24,geo_cov_rur,2007,16.446
esp,sex_m,age_ythadult_y15_24,geo_cov_rur,2008,25.092
esp,sex_m,age_ythadult_y15_24,geo_cov_rur,2009,44.945
esp,sex_m,age_ythadult_y15_24,geo_cov_rur,2010,46.45
esp,sex_m,age_ythadult_y15_24,geo_cov_rur,2011,47.411
esp,sex_m,age_ythadult_y15_24,geo_cov_rur,2012,59.778
esp,sex_m,age_ythadult_y15_24,geo_cov_rur,2013,62.766
esp,sex_m,age_ythadult_y15_24,geo_cov_rur,2014,56.679
esp,sex_m,age_ythadult_y15_24,geo_cov_rur,2015,49.916
esp,sex_m,age_ythadult_y15_24,geo_cov_rur,2016,48.001
esp,sex_m,age_ythadult_y15_24,geo_cov_rur,2017,36.209
esp,sex_m,age_ythadult_y15_24,geo_cov_rur,2018,35.733
esp,sex_m,age_ythadult_y15_24,geo_cov_rur,2019,35.833
esp,sex_m,age_ythadult_y15_24,geo_cov_rur,2020,40.066
esp,sex_m,age_ythadult_y15_24,geo_cov_rur,2021,34.85
esp,sex_m,age_ythadult_y15_24,geo_cov_rur,2022,31.043
esp,sex_m,age_ythadult_y15_24,geo_cov_rur,2023,34.582
esp,sex_m,age_ythadult_y15_24,geo_cov_rur,2024,20.463
esp,sex_m,age_ythadult_y15_24,geo_cov_urb,1998,32.202
esp,sex_m,age_ythadult_y15_24,geo_cov_urb,1999,27.105
esp,sex_m,age_ythadult_y15_24,geo_cov_urb,2000,23.075
esp,sex_m,age_ythadult_y15_24,geo_cov_urb,2001,19.564
esp,sex_m,age_ythadult_y15_24,geo_cov_urb,2002,20.348
esp,sex_m,age_ythadult_y15_24,geo_cov_urb,2003,22.131
esp,sex_m,age_ythadult_y15_24,geo_cov_urb,2004,22.554
esp,sex_m,age_ythadult_y15_24,geo_cov_urb,2005,23.747
esp,sex_m,age_ythadult_y15_24,geo_cov_urb,2006,22.208
esp,sex_m,age_ythadult_y15_24,geo_cov_urb,2007,20.575
esp,sex_m,age_ythadult_y15_24,geo_cov_urb,2008,29.976
esp,sex_m,age_ythadult_y15_24,geo_cov_urb,2009,43.296
esp,sex_m,age_ythadult_y15_24,geo_cov_urb,2010,49.778
esp,sex_m,age_ythadult_y15_24,geo_cov_urb,2011,55.642
esp,sex_m,age_ythadult_y15_24,geo_cov_urb,2012,59.43
esp,sex_m,age_ythadult_y15_24,geo_cov_urb,2013,61.444
esp,sex_m,age_ythadult_y15_24,geo_cov_urb,2014,60.746
esp,sex_m,age_ythadult_y15_24,geo_cov_urb,2015,56.129
esp,sex_m,age_ythadult_y15_24,geo_cov_urb,2016,50.827
esp,sex_m,age_ythadult_y15_24,geo_cov_urb,2017,46.84
esp,sex_m,age_ythadult_y15_24,geo_cov_urb,2018,42.6
esp,sex_m,age_ythadult_y15_24,geo_cov_urb,2019,36.905
esp,sex_m,age_ythadult_y15_24,geo_cov_urb,2020,47.932
esp,sex_m,age_ythadult_y15_24,geo_cov_urb,2021,44.791
esp,sex_m,age_ythadult_y15_24,geo_cov_urb,2022,35.971
esp,sex_m,age_ythadult_y15_24,geo_cov_urb,2023,34.703
esp,sex_m,age_ythadult_y15_24,geo_cov_urb,2024,34.28
esp,sex_m,age_ythadult_y15_64,geo_cov_nat,1998,14.374
esp,sex_m,age_ythadult_y15_64,geo_cov_nat,1999,11.788
esp,sex_m,age_ythadult_y15_64,geo_cov_nat,2000,10.309
esp,sex_m,age_ythadult_y15_64,geo_cov_nat,2001,8.125
esp,sex_m,age_ythadult_y15_64,geo_cov_nat,2002,8.764
esp,sex_m,age_ythadult_y15_64,geo_cov_nat,2003,8.949
esp,sex_m,age_ythadult_y15_64,geo_cov_nat,2004,9.126
esp,sex_m,age_ythadult_y15_64,geo_cov_nat,2005,9.553
esp,sex_m,age_ythadult_y15_64,geo_cov_nat,2006,8.45
esp,sex_m,age_ythadult_y15_64,geo_cov_nat,2007,8.244
esp,sex_m,age_ythadult_y15_64,geo_cov_nat,2008,11.932
esp,sex_m,age_ythadult_y15_64,geo_cov_nat,2009,19.762
esp,sex_m,age_ythadult_y15_64,geo_cov_nat,2010,21.969
esp,sex_m,age_ythadult_y15_64,geo_cov_nat,2011,23.338
esp,sex_m,age_ythadult_y15_64,geo_cov_nat,2012,27.029
esp,sex_m,age_ythadult_y15_64,geo_cov_nat,2013,28.114
esp,sex_m,age_ythadult_y15_64,geo_cov_nat,2014,26.157
esp,sex_m,age_ythadult_y15_64,geo_cov_nat,2015,23.044
esp,sex_m,age_ythadult_y15_64,geo_cov_nat,2016,20.385
esp,sex_m,age_ythadult_y15_64,geo_cov_nat,2017,17.961
esp,sex_m,age_ythadult_y15_64,geo_cov_nat,2018,15.897
esp,sex_m,age_ythadult_y15_64,geo_cov_nat,2019,14.567
esp,sex_m,age_ythadult_y15_64,geo_cov_nat,2020,17.509
esp,sex_m,age_ythadult_y15_64,geo_cov_nat,2021,16.452
esp,sex_m,age_ythadult_y15_64,geo_cov_nat,2022,13.828
esp,sex_m,age_ythadult_y15_64,geo_cov_nat,2023,12.899
esp,sex_m,age_ythadult_y15_64,geo_cov_nat,2024,12.51
esp,sex_m,age_ythadult_y15_64,geo_cov_rur,1998,14.521
esp,sex_m,age_ythadult_y15_64,geo_cov_rur,1999,11.645
esp,sex_m,age_ythadult_y15_64,geo_cov_rur,2000,11.172
esp,sex_m,age_ythadult_y15_64,geo_cov_rur,2001,8.547
esp,sex_m,age_ythadult_y15_64,geo_cov_rur,2002,9.351
esp,sex_m,age_ythadult_y15_64,geo_cov_rur,2003,9.03
esp,sex_m,age_ythadult_y15_64,geo_cov_rur,2004,8.99
esp,sex_m,age_ythadult_y15_64,geo_cov_rur,2005,9.221
esp,sex_m,age_ythadult_y15_64,geo_cov_rur,2006,8.693
esp,sex_m,age_ythadult_y15_64,geo_cov_rur,2007,7.891
esp,sex_m,age_ythadult_y15_64,geo_cov_rur,2008,11.819
esp,sex_m,age_ythadult_y15_64,geo_cov_rur,2009,19.566
esp,sex_m,age_ythadult_y15_64,geo_cov_rur,2010,22.831
esp,sex_m,age_ythadult_y15_64,geo_cov_rur,2011,24.078
esp,sex_m,age_ythadult_y15_64,geo_cov_rur,2012,28.122
esp,sex_m,age_ythadult_y15_64,geo_cov_rur,2013,30.295
esp,sex_m,age_ythadult_y15_64,geo_cov_rur,2014,28.083
esp,sex_m,age_ythadult_y15_64,geo_cov_rur,2015,25.065
esp,sex_m,age_ythadult_y15_64,geo_cov_rur,2016,20.924
esp,sex_m,age_ythadult_y15_64,geo_cov_rur,2017,17.763
esp,sex_m,age_ythadult_y15_64,geo_cov_rur,2018,15.322
esp,sex_m,age_ythadult_y15_64,geo_cov_rur,2019,14.817
esp,sex_m,age_ythadult_y15_64,geo_cov_rur,2020,16.766
esp,sex_m,age_ythadult_y15_64,geo_cov_rur,2021,14.509
esp,sex_m,age_ythadult_y15_64,geo_cov_rur,2022,12.414
esp,sex_m,age_ythadult_y15_64,geo_cov_rur,2023,13.305
esp,sex_m,age_ythadult_y15_64,geo_cov_rur,2024,10.792
esp,sex_m,age_ythadult_y15_64,geo_cov_urb,1998,14.316
esp,sex_m,age_ythadult_y15_64,geo_cov_urb,1999,11.843
esp,sex_m,age_ythadult_y15_64,geo_cov_urb,2000,9.979
esp,sex_m,age_ythadult_y15_64,geo_cov_urb,2001,7.965
esp,sex_m,age_ythadult_y15_64,geo_cov_urb,2002,8.541
esp,sex_m,age_ythadult_y15_64,geo_cov_urb,2003,8.919
esp,sex_m,age_ythadult_y15_64,geo_cov_urb,2004,9.177
esp,sex_m,age_ythadult_y15_64,geo_cov_urb,2005,9.669
esp,sex_m,age_ythadult_y15_64,geo_cov_urb,2006,8.365
esp,sex_m,age_ythadult_y15_64,geo_cov_urb,2007,8.36
esp,sex_m,age_ythadult_y15_64,geo_cov_urb,2008,11.969
esp,sex_m,age_ythadult_y15_64,geo_cov_urb,2009,19.831
esp,sex_m,age_ythadult_y15_64,geo_cov_urb,2010,21.679
esp,sex_m,age_ythadult_y15_64,geo_cov_urb,2011,23.096
esp,sex_m,age_ythadult_y15_64,geo_cov_urb,2012,26.648
esp,sex_m,age_ythadult_y15_64,geo_cov_urb,2013,27.345
esp,sex_m,age_ythadult_y15_64,geo_cov_urb,2014,25.486
esp,sex_m,age_ythadult_y15_64,geo_cov_urb,2015,22.347
esp,sex_m,age_ythadult_y15_64,geo_cov_urb,2016,20.194
esp,sex_m,age_ythadult_y15_64,geo_cov_urb,2017,17.991
esp,sex_m,age_ythadult_y15_64,geo_cov_urb,2018,15.98
esp,sex_m,age_ythadult_y15_64,geo_cov_urb,2019,14.53
esp,sex_m,age_ythadult_y15_64,geo_cov_urb,2020,17.623
esp,sex_m,age_ythadult_y15_64,geo_cov_urb,2021,16.737
esp,sex_m,age_ythadult_y15_64,geo_cov_urb,2022,14.044
esp,sex_m,age_ythadult_y15_64,geo_cov_urb,2023,12.839
esp,sex_m,age_ythadult_y15_64,geo_cov_urb,2024,12.758
esp,sex_m,age_ythadult_yge15,geo_cov_nat,1998,14.303
esp,sex_m,age_ythadult_yge15,geo_cov_nat,1999,11.727
esp,sex_m,age_ythadult_yge15,geo_cov_nat,2000,10.246
esp,sex_m,age_ythadult_yge15,geo_cov_nat,2001,8.075
esp,sex_m,age_ythadult_yge15,geo_cov_nat,2002,8.722
esp,sex_m,age_ythadult_yge15,geo_cov_nat,2003,8.907
esp,sex_m,age_ythadult_yge15,geo_cov_nat,2004,9.081
esp,sex_m,age_ythadult_yge15,geo_cov_nat,2005,9.633
esp,sex_m,age_ythadult_yge15,geo_cov_nat,2006,8.455
esp,sex_m,age_ythadult_yge15,geo_cov_nat,2007,8.199
esp,sex_m,age_ythadult_yge15,geo_cov_nat,2008,11.863
esp,sex_m,age_ythadult_yge15,geo_cov_nat,2009,19.646
esp,sex_m,age_ythadult_yge15,geo_cov_nat,2010,21.879
esp,sex_m,age_ythadult_yge15,geo_cov_nat,2011,23.211
esp,sex_m,age_ythadult_yge15,geo_cov_nat,2012,26.858
esp,sex_m,age_ythadult_yge15,geo_cov_nat,2013,27.948
esp,sex_m,age_ythadult_yge15,geo_cov_nat,2014,26.045
esp,sex_m,age_ythadult_yge15,geo_cov_nat,2015,22.894
esp,sex_m,age_ythadult_yge15,geo_cov_nat,2016,20.287
esp,sex_m,age_ythadult_yge15,geo_cov_nat,2017,17.849
esp,sex_m,age_ythadult_yge15,geo_cov_nat,2018,15.818
esp,sex_m,age_ythadult_yge15,geo_cov_nat,2019,14.482
esp,sex_m,age_ythadult_yge15,geo_cov_nat,2020,17.375
esp,sex_m,age_ythadult_yge15,geo_cov_nat,2021,16.287
esp,sex_m,age_ythadult_yge15,geo_cov_nat,2022,13.711
esp,sex_m,age_ythadult_yge15,geo_cov_nat,2023,12.815
esp,sex_m,age_ythadult_yge15,geo_cov_nat,2024,12.463
esp,sex_m,age_ythadult_yge15,geo_cov_rur,1998,14.399
esp,sex_m,age_ythadult_yge15,geo_cov_rur,1999,11.544
esp,sex_m,age_ythadult_yge15,geo_cov_rur,2000,11.086
esp,sex_m,age_ythadult_yge15,geo_cov_rur,2001,8.484
esp,sex_m,age_ythadult_yge15,geo_cov_rur,2002,9.283
esp,sex_m,age_ythadult_yge15,geo_cov_rur,2003,8.977
esp,sex_m,age_ythadult_yge15,geo_cov_rur,2004,8.959
esp,sex_m,age_ythadult_yge15,geo_cov_rur,2005,9.25
esp,sex_m,age_ythadult_yge15,geo_cov_rur,2006,8.761
esp,sex_m,age_ythadult_yge15,geo_cov_rur,2007,7.846
esp,sex_m,age_ythadult_yge15,geo_cov_rur,2008,11.771
esp,sex_m,age_ythadult_yge15,geo_cov_rur,2009,19.453
esp,sex_m,age_ythadult_yge15,geo_cov_rur,2010,22.744
esp,sex_m,age_ythadult_yge15,geo_cov_rur,2011,23.919
esp,sex_m,age_ythadult_yge15,geo_cov_rur,2012,27.951
esp,sex_m,age_ythadult_yge15,geo_cov_rur,2013,30.053
esp,sex_m,age_ythadult_yge15,geo_cov_rur,2014,27.948
esp,sex_m,age_ythadult_yge15,geo_cov_rur,2015,24.957
esp,sex_m,age_ythadult_yge15,geo_cov_rur,2016,20.785
esp,sex_m,age_ythadult_yge15,geo_cov_rur,2017,17.609
esp,sex_m,age_ythadult_yge15,geo_cov_rur,2018,15.307
esp,sex_m,age_ythadult_yge15,geo_cov_rur,2019,14.611
esp,sex_m,age_ythadult_yge15,geo_cov_rur,2020,16.622
esp,sex_m,age_ythadult_yge15,geo_cov_rur,2021,14.366
esp,sex_m,age_ythadult_yge15,geo_cov_rur,2022,12.315
esp,sex_m,age_ythadult_yge15,geo_cov_rur,2023,13.181
esp,sex_m,age_ythadult_yge15,geo_cov_rur,2024,10.71
esp,sex_m,age_ythadult_yge15,geo_cov_urb,1998,14.265
esp,sex_m,age_ythadult_yge15,geo_cov_urb,1999,11.799
esp,sex_m,age_ythadult_yge15,geo_cov_urb,2000,9.924
esp,sex_m,age_ythadult_yge15,geo_cov_urb,2001,7.919
esp,sex_m,age_ythadult_yge15,geo_cov_urb,2002,8.509
esp,sex_m,age_ythadult_yge15,geo_cov_urb,2003,8.88
esp,sex_m,age_ythadult_yge15,geo_cov_urb,2004,9.126
esp,sex_m,age_ythadult_yge15,geo_cov_urb,2005,9.767
esp,sex_m,age_ythadult_yge15,geo_cov_urb,2006,8.348
esp,sex_m,age_ythadult_yge15,geo_cov_urb,2007,8.316
esp,sex_m,age_ythadult_yge15,geo_cov_urb,2008,11.893
esp,sex_m,age_ythadult_yge15,geo_cov_urb,2009,19.714
esp,sex_m,age_ythadult_yge15,geo_cov_urb,2010,21.588
esp,sex_m,age_ythadult_yge15,geo_cov_urb,2011,22.98
esp,sex_m,age_ythadult_yge15,geo_cov_urb,2012,26.476
esp,sex_m,age_ythadult_yge15,geo_cov_urb,2013,27.206
esp,sex_m,age_ythadult_yge15,geo_cov_urb,2014,25.38
esp,sex_m,age_ythadult_yge15,geo_cov_urb,2015,22.186
esp,sex_m,age_ythadult_yge15,geo_cov_urb,2016,20.111
esp,sex_m,age_ythadult_yge15,geo_cov_urb,2017,17.885
esp,sex_m,age_ythadult_yge15,geo_cov_urb,2018,15.892
esp,sex_m,age_ythadult_yge15,geo_cov_urb,2019,14.463
esp,sex_m,age_ythadult_yge15,geo_cov_urb,2020,17.49
esp,sex_m,age_ythadult_yge15,geo_cov_urb,2021,16.568
esp,sex_m,age_ythadult_yge15,geo_cov_urb,2022,13.924
esp,sex_m,age_ythadult_yge15,geo_cov_urb,2023,12.761
esp,sex_m,age_ythadult_yge15,geo_cov_urb,2024,12.716
esp,sex_m,age_ythadult_yge25,geo_cov_nat,1998,11.817
esp,sex_m,age_ythadult_yge25,geo_cov_nat,1999,9.632
esp,sex_m,age_ythadult_yge25,geo_cov_nat,2000,8.546
esp,sex_m,age_ythadult_yge25,geo_cov_nat,2001,6.62
esp,sex_m,age_ythadult_yge25,geo_cov_nat,2002,7.254
esp,sex_m,age_ythadult_yge25,geo_cov_nat,2003,7.305
esp,sex_m,age_ythadult_yge25,geo_cov_nat,2004,7.492
esp,sex_m,age_ythadult_yge25,geo_cov_nat,2005,7.926
esp,sex_m,age_ythadult_yge25,geo_cov_nat,2006,6.887
esp,sex_m,age_ythadult_yge25,geo_cov_nat,2007,6.802
esp,sex_m,age_ythadult_yge25,geo_cov_nat,2008,9.848
esp,sex_m,age_ythadult_yge25,geo_cov_nat,2009,16.977
esp,sex_m,age_ythadult_yge25,geo_cov_nat,2010,19.113
esp,sex_m,age_ythadult_yge25,geo_cov_nat,2011,20.378
esp,sex_m,age_ythadult_yge25,geo_cov_nat,2012,23.922
esp,sex_m,age_ythadult_yge25,geo_cov_nat,2013,24.95
esp,sex_m,age_ythadult_yge25,geo_cov_nat,2014,23.242
esp,sex_m,age_ythadult_yge25,geo_cov_nat,2015,20.386
esp,sex_m,age_ythadult_yge25,geo_cov_nat,2016,18.013
esp,sex_m,age_ythadult_yge25,geo_cov_nat,2017,15.733
esp,sex_m,age_ythadult_yge25,geo_cov_nat,2018,13.782
esp,sex_m,age_ythadult_yge25,geo_cov_nat,2019,12.723
esp,sex_m,age_ythadult_yge25,geo_cov_nat,2020,15.027
esp,sex_m,age_ythadult_yge25,geo_cov_nat,2021,14.116
esp,sex_m,age_ythadult_yge25,geo_cov_nat,2022,11.954
esp,sex_m,age_ythadult_yge25,geo_cov_nat,2023,10.981
esp,sex_m,age_ythadult_yge25,geo_cov_nat,2024,10.688
esp,sex_m,age_ythadult_yge25,geo_cov_rur,1998,12.509
esp,sex_m,age_ythadult_yge25,geo_cov_rur,1999,10.046
esp,sex_m,age_ythadult_yge25,geo_cov_rur,2000,9.94
esp,sex_m,age_ythadult_yge25,geo_cov_rur,2001,7.599
esp,sex_m,age_ythadult_yge25,geo_cov_rur,2002,8.302
esp,sex_m,age_ythadult_yge25,geo_cov_rur,2003,7.846
esp,sex_m,age_ythadult_yge25,geo_cov_rur,2004,7.706
esp,sex_m,age_ythadult_yge25,geo_cov_rur,2005,7.851
esp,sex_m,age_ythadult_yge25,geo_cov_rur,2006,7.778
esp,sex_m,age_ythadult_yge25,geo_cov_rur,2007,6.731
esp,sex_m,age_ythadult_yge25,geo_cov_rur,2008,9.937
esp,sex_m,age_ythadult_yge25,geo_cov_rur,2009,16.314
esp,sex_m,age_ythadult_yge25,geo_cov_rur,2010,19.992
esp,sex_m,age_ythadult_yge25,geo_cov_rur,2011,21.324
esp,sex_m,age_ythadult_yge25,geo_cov_rur,2012,24.811
esp,sex_m,age_ythadult_yge25,geo_cov_rur,2013,26.754
esp,sex_m,age_ythadult_yge25,geo_cov_rur,2014,25.264
esp,sex_m,age_ythadult_yge25,geo_cov_rur,2015,22.715
esp,sex_m,age_ythadult_yge25,geo_cov_rur,2016,18.575
esp,sex_m,age_ythadult_yge25,geo_cov_rur,2017,16.084
esp,sex_m,age_ythadult_yge25,geo_cov_rur,2018,13.74
esp,sex_m,age_ythadult_yge25,geo_cov_rur,2019,12.922
esp,sex_m,age_ythadult_yge25,geo_cov_rur,2020,14.406
esp,sex_m,age_ythadult_yge25,geo_cov_rur,2021,12.453
esp,sex_m,age_ythadult_yge25,geo_cov_rur,2022,10.775
esp,sex_m,age_ythadult_yge25,geo_cov_rur,2023,11.552
esp,sex_m,age_ythadult_yge25,geo_cov_rur,2024,9.795
esp,sex_m,age_ythadult_yge25,geo_cov_urb,1998,11.544
esp,sex_m,age_ythadult_yge25,geo_cov_urb,1999,9.471
esp,sex_m,age_ythadult_yge25,geo_cov_urb,2000,8.018
esp,sex_m,age_ythadult_yge25,geo_cov_urb,2001,6.249
esp,sex_m,age_ythadult_yge25,geo_cov_urb,2002,6.86
esp,sex_m,age_ythadult_yge25,geo_cov_urb,2003,7.106
esp,sex_m,age_ythadult_yge25,geo_cov_urb,2004,7.415
esp,sex_m,age_ythadult_yge25,geo_cov_urb,2005,7.952
esp,sex_m,age_ythadult_yge25,geo_cov_urb,2006,6.577
esp,sex_m,age_ythadult_yge25,geo_cov_urb,2007,6.825
esp,sex_m,age_ythadult_yge25,geo_cov_urb,2008,9.819
esp,sex_m,age_ythadult_yge25,geo_cov_urb,2009,17.207
esp,sex_m,age_ythadult_yge25,geo_cov_urb,2010,18.822
esp,sex_m,age_ythadult_yge25,geo_cov_urb,2011,20.075
esp,sex_m,age_ythadult_yge25,geo_cov_urb,2012,23.615
esp,sex_m,age_ythadult_yge25,geo_cov_urb,2013,24.323
esp,sex_m,age_ythadult_yge25,geo_cov_urb,2014,22.544
esp,sex_m,age_ythadult_yge25,geo_cov_urb,2015,19.596
esp,sex_m,age_ythadult_yge25,geo_cov_urb,2016,17.814
esp,sex_m,age_ythadult_yge25,geo_cov_urb,2017,15.679
esp,sex_m,age_ythadult_yge25,geo_cov_urb,2018,13.788
esp,sex_m,age_ythadult_yge25,geo_cov_urb,2019,12.693
esp,sex_m,age_ythadult_yge25,geo_cov_urb,2020,15.121
esp,sex_m,age_ythadult_yge25,geo_cov_urb,2021,14.357
esp,sex_m,age_ythadult_yge25,geo_cov_urb,2022,12.134
esp,sex_m,age_ythadult_yge25,geo_cov_urb,2023,10.897
esp,sex_m,age_ythadult_yge25,geo_cov_urb,2024,10.816
esp,sex_t,age_aggregate_total,geo_cov_nat,1998,19.979
esp,sex_t,age_aggregate_total,geo_cov_nat,1999,17.317
esp,sex_t,age_aggregate_total,geo_cov_nat,2000,15.268
esp,sex_t,age_aggregate_total,geo_cov_nat,2001,11.772
esp,sex_t,age_aggregate_total,geo_cov_nat,2002,12.689
esp,sex_t,age_aggregate_total,geo_cov_nat,2003,12.548
esp,sex_t,age_aggregate_total,geo_cov_nat,2004,12.48
esp,sex_t,age_aggregate_total,geo_cov_nat,2005,14.018
esp,sex_t,age_aggregate_total,geo_cov_nat,2006,12.661
esp,sex_t,age_aggregate_total,geo_cov_nat,2007,11.875
esp,sex_t,age_aggregate_total,geo_cov_nat,2008,14.653
esp,sex_t,age_aggregate_total,geo_cov_nat,2009,21.409
esp,sex_t,age_aggregate_total,geo_cov_nat,2010,23.755
esp,sex_t,age_aggregate_total,geo_cov_nat,2011,24.913
esp,sex_t,age_aggregate_total,geo_cov_nat,2012,28.526
esp,sex_t,age_aggregate_total,geo_cov_nat,2013,30.008
esp,sex_t,age_aggregate_total,geo_cov_nat,2014,28.305
esp,sex_t,age_aggregate_total,geo_cov_nat,2015,25.535
esp,sex_t,age_aggregate_total,geo_cov_nat,2016,23.118
esp,sex_t,age_aggregate_total,geo_cov_nat,2017,20.561
esp,sex_t,age_aggregate_total,geo_cov_nat,2018,18.492
esp,sex_t,age_aggregate_total,geo_cov_nat,2019,17.187
esp,sex_t,age_aggregate_total,geo_cov_nat,2020,20.055
esp,sex_t,age_aggregate_total,geo_cov_nat,2021,18.935
esp,sex_t,age_aggregate_total,geo_cov_nat,2022,16.363
esp,sex_t,age_aggregate_total,geo_cov_nat,2023,15.138
esp,sex_t,age_aggregate_total,geo_cov_nat,2024,14.576
esp,sex_t,age_aggregate_total,geo_cov_rur,1998,20.078
esp,sex_t,age_aggregate_total,geo_cov_rur,1999,17.761
esp,sex_t,age_aggregate_total,geo_cov_rur,2000,16.666
esp,sex_t,age_aggregate_total,geo_cov_rur,2001,12.68
esp,sex_t,age_aggregate_total,geo_cov_rur,2002,14.042
esp,sex_t,age_aggregate_total,geo_cov_rur,2003,14.133
esp,sex_t,age_aggregate_total,geo_cov_rur,2004,14.024
esp,sex_t,age_aggregate_total,geo_cov_rur,2005,15.486
esp,sex_t,age_aggregate_total,geo_cov_rur,2006,14.126
esp,sex_t,age_aggregate_total,geo_cov_rur,2007,13.448
esp,sex_t,age_aggregate_total,geo_cov_rur,2008,16.072
esp,sex_t,age_aggregate_total,geo_cov_rur,2009,22.701
esp,sex_t,age_aggregate_total,geo_cov_rur,2010,26.138
esp,sex_t,age_aggregate_total,geo_cov_rur,2011,26.921
esp,sex_t,age_aggregate_total,geo_cov_rur,2012,31.568
esp,sex_t,age_aggregate_total,geo_cov_rur,2013,33.691
esp,sex_t,age_aggregate_total,geo_cov_rur,2014,31.065
esp,sex_t,age_aggregate_total,geo_cov_rur,2015,29.508
esp,sex_t,age_aggregate_total,geo_cov_rur,2016,25.82
esp,sex_t,age_aggregate_total,geo_cov_rur,2017,21.146
esp,sex_t,age_aggregate_total,geo_cov_rur,2018,19.267
esp,sex_t,age_aggregate_total,geo_cov_rur,2019,17.715
esp,sex_t,age_aggregate_total,geo_cov_rur,2020,20.148
esp,sex_t,age_aggregate_total,geo_cov_rur,2021,18.576
esp,sex_t,age_aggregate_total,geo_cov_rur,2022,15.73
esp,sex_t,age_aggregate_total,geo_cov_rur,2023,16.652
esp,sex_t,age_aggregate_total,geo_cov_rur,2024,13.98
esp,sex_t,age_aggregate_total,geo_cov_urb,1998,19.941
esp,sex_t,age_aggregate_total,geo_cov_urb,1999,17.153
esp,sex_t,age_aggregate_total,geo_cov_urb,2000,14.762
esp,sex_t,age_aggregate_total,geo_cov_urb,2001,11.45
esp,sex_t,age_aggregate_total,geo_cov_urb,2002,12.21
esp,sex_t,age_aggregate_total,geo_cov_urb,2003,11.994
esp,sex_t,age_aggregate_total,geo_cov_urb,2004,11.944
esp,sex_t,age_aggregate_total,geo_cov_urb,2005,13.533
esp,sex_t,age_aggregate_total,geo_cov_urb,2006,12.18
esp,sex_t,age_aggregate_total,geo_cov_urb,2007,11.386
esp,sex_t,age_aggregate_total,geo_cov_urb,2008,14.221
esp,sex_t,age_aggregate_total,geo_cov_urb,2009,20.979
esp,sex_t,age_aggregate_total,geo_cov_urb,2010,22.996
esp,sex_t,age_aggregate_total,geo_cov_urb,2011,24.29
esp,sex_t,age_aggregate_total,geo_cov_urb,2012,27.512
esp,sex_t,age_aggregate_total,geo_cov_urb,2013,28.776
esp,sex_t,age_aggregate_total,geo_cov_urb,2014,27.393
esp,sex_t,age_aggregate_total,geo_cov_urb,2015,24.244
esp,sex_t,age_aggregate_total,geo_cov_urb,2016,22.205
esp,sex_t,age_aggregate_total,geo_cov_urb,2017,20.476
esp,sex_t,age_aggregate_total,geo_cov_urb,2018,18.385
esp,sex_t,age_aggregate_total,geo_cov_urb,2019,17.112
esp,sex_t,age_aggregate_total,geo_cov_urb,2020,20.042
esp,sex_t,age_aggregate_total,geo_cov_urb,2021,18.985
esp,sex_t,age_aggregate_total,geo_cov_urb,2022,16.454
esp,sex_t,age_aggregate_total,geo_cov_urb,2023,14.924
esp,sex_t,age_aggregate_total,geo_cov_urb,2024,14.659
esp,sex_t,age_aggregate_y15_24,geo_cov_nat,1998,37.059
esp,sex_t,age_aggregate_y15_24,geo_cov_nat,1999,31.991
esp,sex_t,age_aggregate_y15_24,geo_cov_nat,2000,27.722
esp,sex_t,age_aggregate_y15_24,geo_cov_nat,2001,22.877
esp,sex_t,age_aggregate_y15_24,geo_cov_nat,2002,23.994
esp,sex_t,age_aggregate_y15_24,geo_cov_nat,2003,24.196
esp,sex_t,age_aggregate_y15_24,geo_cov_nat,2004,24.491
esp,sex_t,age_aggregate_y15_24,geo_cov_nat,2005,26.076
esp,sex_t,age_aggregate_y15_24,geo_cov_nat,2006,23.861
esp,sex_t,age_aggregate_y15_24,geo_cov_nat,2007,23.696
esp,sex_t,age_aggregate_y15_24,geo_cov_nat,2008,29.895
esp,sex_t,age_aggregate_y15_24,geo_cov_nat,2009,43.319
esp,sex_t,age_aggregate_y15_24,geo_cov_nat,2010,47.351
esp,sex_t,age_aggregate_y15_24,geo_cov_nat,2011,51.505
esp,sex_t,age_aggregate_y15_24,geo_cov_nat,2012,58.486
esp,sex_t,age_aggregate_y15_24,geo_cov_nat,2013,61.555
esp,sex_t,age_aggregate_y15_24,geo_cov_nat,2014,59.422
esp,sex_t,age_aggregate_y15_24,geo_cov_nat,2015,54.654
esp,sex_t,age_aggregate_y15_24,geo_cov_nat,2016,50.553
esp,sex_t,age_aggregate_y15_24,geo_cov_nat,2017,44.618
esp,sex_t,age_aggregate_y15_24,geo_cov_nat,2018,41.174
esp,sex_t,age_aggregate_y15_24,geo_cov_nat,2019,38.568
esp,sex_t,age_aggregate_y15_24,geo_cov_nat,2020,47.792
esp,sex_t,age_aggregate_y15_24,geo_cov_nat,2021,43.964
esp,sex_t,age_aggregate_y15_24,geo_cov_nat,2022,36.961
esp,sex_t,age_aggregate_y15_24,geo_cov_nat,2023,34.922
esp,sex_t,age_aggregate_y15_24,geo_cov_nat,2024,34.028
esp,sex_t,age_aggregate_y15_24,geo_cov_rur,1998,33.411
esp,sex_t,age_aggregate_y15_24,geo_cov_rur,1999,29.162
esp,sex_t,age_aggregate_y15_24,geo_cov_rur,2000,25.752
esp,sex_t,age_aggregate_y15_24,geo_cov_rur,2001,20.674
esp,sex_t,age_aggregate_y15_24,geo_cov_rur,2002,23.176
esp,sex_t,age_aggregate_y15_24,geo_cov_rur,2003,24.125
esp,sex_t,age_aggregate_y15_24,geo_cov_rur,2004,24.942
esp,sex_t,age_aggregate_y15_24,geo_cov_rur,2005,24.991
esp,sex_t,age_aggregate_y15_24,geo_cov_rur,2006,20.401
esp,sex_t,age_aggregate_y15_24,geo_cov_rur,2007,25.407
esp,sex_t,age_aggregate_y15_24,geo_cov_rur,2008,27.898
esp,sex_t,age_aggregate_y15_24,geo_cov_rur,2009,45.52
esp,sex_t,age_aggregate_y15_24,geo_cov_rur,2010,47.547
esp,sex_t,age_aggregate_y15_24,geo_cov_rur,2011,50.806
esp,sex_t,age_aggregate_y15_24,geo_cov_rur,2012,59.788
esp,sex_t,age_aggregate_y15_24,geo_cov_rur,2013,61.456
esp,sex_t,age_aggregate_y15_24,geo_cov_rur,2014,58.9
esp,sex_t,age_aggregate_y15_24,geo_cov_rur,2015,54.231
esp,sex_t,age_aggregate_y15_24,geo_cov_rur,2016,51.459
esp,sex_t,age_aggregate_y15_24,geo_cov_rur,2017,38.553
esp,sex_t,age_aggregate_y15_24,geo_cov_rur,2018,38.753
esp,sex_t,age_aggregate_y15_24,geo_cov_rur,2019,40.976
esp,sex_t,age_aggregate_y15_24,geo_cov_rur,2020,45.357
esp,sex_t,age_aggregate_y15_24,geo_cov_rur,2021,41.437
esp,sex_t,age_aggregate_y15_24,geo_cov_rur,2022,33.344
esp,sex_t,age_aggregate_y15_24,geo_cov_rur,2023,37.164
esp,sex_t,age_aggregate_y15_24,geo_cov_rur,2024,26.038
esp,sex_t,age_aggregate_y15_24,geo_cov_urb,1998,38.428
esp,sex_t,age_aggregate_y15_24,geo_cov_urb,1999,33.051
esp,sex_t,age_aggregate_y15_24,geo_cov_urb,2000,28.465
esp,sex_t,age_aggregate_y15_24,geo_cov_urb,2001,23.68
esp,sex_t,age_aggregate_y15_24,geo_cov_urb,2002,24.302
esp,sex_t,age_aggregate_y15_24,geo_cov_urb,2003,24.222
esp,sex_t,age_aggregate_y15_24,geo_cov_urb,2004,24.317
esp,sex_t,age_aggregate_y15_24,geo_cov_urb,2005,26.478
esp,sex_t,age_aggregate_y15_24,geo_cov_urb,2006,25.026
esp,sex_t,age_aggregate_y15_24,geo_cov_urb,2007,23.116
esp,sex_t,age_aggregate_y15_24,geo_cov_urb,2008,30.587
esp,sex_t,age_aggregate_y15_24,geo_cov_urb,2009,42.481
esp,sex_t,age_aggregate_y15_24,geo_cov_urb,2010,47.278
esp,sex_t,age_aggregate_y15_24,geo_cov_urb,2011,51.753
esp,sex_t,age_aggregate_y15_24,geo_cov_urb,2012,58.008
esp,sex_t,age_aggregate_y15_24,geo_cov_urb,2013,61.593
esp,sex_t,age_aggregate_y15_24,geo_cov_urb,2014,59.62
esp,sex_t,age_aggregate_y15_24,geo_cov_urb,2015,54.82
esp,sex_t,age_aggregate_y15_24,geo_cov_urb,2016,50.204
esp,sex_t,age_aggregate_y15_24,geo_cov_urb,2017,45.536
esp,sex_t,age_aggregate_y15_24,geo_cov_urb,2018,41.525
esp,sex_t,age_aggregate_y15_24,geo_cov_urb,2019,38.216
esp,sex_t,age_aggregate_y15_24,geo_cov_urb,2020,48.184
esp,sex_t,age_aggregate_y15_24,geo_cov_urb,2021,44.337
esp,sex_t,age_aggregate_y15_24,geo_cov_urb,2022,37.483
esp,sex_t,age_aggregate_y15_24,geo_cov_urb,2023,34.632
esp,sex_t,age_aggregate_y15_24,geo_cov_urb,2024,35.219
esp,sex_t,age_aggregate_y25_54,geo_cov_nat,1998,17.745
esp,sex_t,age_aggregate_y25_54,geo_cov_nat,1999,15.266
esp,sex_t,age_aggregate_y25_54,geo_cov_nat,2000,13.508
esp,sex_t,age_aggregate_y25_54,geo_cov_nat,2001,10.316
esp,sex_t,age_aggregate_y25_54,geo_cov_nat,2002,11.277
esp,sex_t,age_aggregate_y25_54,geo_cov_nat,2003,11.217
esp,sex_t,age_aggregate_y25_54,geo_cov_nat,2004,11.073
esp,sex_t,age_aggregate_y25_54,geo_cov_nat,2005,12.014
esp,sex_t,age_aggregate_y25_54,geo_cov_nat,2006,10.822
esp,sex_t,age_aggregate_y25_54,geo_cov_nat,2007,10.174
esp,sex_t,age_aggregate_y25_54,geo_cov_nat,2008,12.748
esp,sex_t,age_aggregate_y25_54,geo_cov_nat,2009,19.146
esp,sex_t,age_aggregate_y25_54,geo_cov_nat,2010,21.495
esp,sex_t,age_aggregate_y25_54,geo_cov_nat,2011,22.618
esp,sex_t,age_aggregate_y25_54,geo_cov_nat,2012,26.127
esp,sex_t,age_aggregate_y25_54,geo_cov_nat,2013,27.348
esp,sex_t,age_aggregate_y25_54,geo_cov_nat,2014,25.689
esp,sex_t,age_aggregate_y25_54,geo_cov_nat,2015,23.106
esp,sex_t,age_aggregate_y25_54,geo_cov_nat,2016,20.757
esp,sex_t,age_aggregate_y25_54,geo_cov_nat,2017,18.414
esp,sex_t,age_aggregate_y25_54,geo_cov_nat,2018,16.38
esp,sex_t,age_aggregate_y25_54,geo_cov_nat,2019,15.153
esp,sex_t,age_aggregate_y25_54,geo_cov_nat,2020,17.926
esp,sex_t,age_aggregate_y25_54,geo_cov_nat,2021,16.718
esp,sex_t,age_aggregate_y25_54,geo_cov_nat,2022,14.439
esp,sex_t,age_aggregate_y25_54,geo_cov_nat,2023,13.145
esp,sex_t,age_aggregate_y25_54,geo_cov_nat,2024,12.558
esp,sex_t,age_aggregate_y25_54,geo_cov_rur,1998,18.599
esp,sex_t,age_aggregate_y25_54,geo_cov_rur,1999,16.35
esp,sex_t,age_aggregate_y25_54,geo_cov_rur,2000,15.448
esp,sex_t,age_aggregate_y25_54,geo_cov_rur,2001,11.693
esp,sex_t,age_aggregate_y25_54,geo_cov_rur,2002,12.846
esp,sex_t,age_aggregate_y25_54,geo_cov_rur,2003,12.886
esp,sex_t,age_aggregate_y25_54,geo_cov_rur,2004,12.487
esp,sex_t,age_aggregate_y25_54,geo_cov_rur,2005,13.729
esp,sex_t,age_aggregate_y25_54,geo_cov_rur,2006,12.868
esp,sex_t,age_aggregate_y25_54,geo_cov_rur,2007,11.639
esp,sex_t,age_aggregate_y25_54,geo_cov_rur,2008,14.38
esp,sex_t,age_aggregate_y25_54,geo_cov_rur,2009,19.794
esp,sex_t,age_aggregate_y25_54,geo_cov_rur,2010,23.8
esp,sex_t,age_aggregate_y25_54,geo_cov_rur,2011,24.698
esp,sex_t,age_aggregate_y25_54,geo_cov_rur,2012,28.916
esp,sex_t,age_aggregate_y25_54,geo_cov_rur,2013,30.882
esp,sex_t,age_aggregate_y25_54,geo_cov_rur,2014,28.379
esp,sex_t,age_aggregate_y25_54,geo_cov_rur,2015,26.932
esp,sex_t,age_aggregate_y25_54,geo_cov_rur,2016,23.14
esp,sex_t,age_aggregate_y25_54,geo_cov_rur,2017,19.336
esp,sex_t,age_aggregate_y25_54,geo_cov_rur,2018,17.128
esp,sex_t,age_aggregate_y25_54,geo_cov_rur,2019,15.365
esp,sex_t,age_aggregate_y25_54,geo_cov_rur,2020,17.256
esp,sex_t,age_aggregate_y25_54,geo_cov_rur,2021,15.538
esp,sex_t,age_aggregate_y25_54,geo_cov_rur,2022,13.791
esp,sex_t,age_aggregate_y25_54,geo_cov_rur,2023,14.334
esp,sex_t,age_aggregate_y25_54,geo_cov_rur,2024,11.895
esp,sex_t,age_aggregate_y25_54,geo_cov_urb,1998,17.435
esp,sex_t,age_aggregate_y25_54,geo_cov_urb,1999,14.878
esp,sex_t,age_aggregate_y25_54,geo_cov_urb,2000,12.823
esp,sex_t,age_aggregate_y25_54,geo_cov_urb,2001,9.834
esp,sex_t,age_aggregate_y25_54,geo_cov_urb,2002,10.735
esp,sex_t,age_aggregate_y25_54,geo_cov_urb,2003,10.65
esp,sex_t,age_aggregate_y25_54,geo_cov_urb,2004,10.597
esp,sex_t,age_aggregate_y25_54,geo_cov_urb,2005,11.463
esp,sex_t,age_aggregate_y25_54,geo_cov_urb,2006,10.161
esp,sex_t,age_aggregate_y25_54,geo_cov_urb,2007,9.729
esp,sex_t,age_aggregate_y25_54,geo_cov_urb,2008,12.267
esp,sex_t,age_aggregate_y25_54,geo_cov_urb,2009,18.937
esp,sex_t,age_aggregate_y25_54,geo_cov_urb,2010,20.783
esp,sex_t,age_aggregate_y25_54,geo_cov_urb,2011,21.989
esp,sex_t,age_aggregate_y25_54,geo_cov_urb,2012,25.209
esp,sex_t,age_aggregate_y25_54,geo_cov_urb,2013,26.193
esp,sex_t,age_aggregate_y25_54,geo_cov_urb,2014,24.825
esp,sex_t,age_aggregate_y25_54,geo_cov_urb,2015,21.89
esp,sex_t,age_aggregate_y25_54,geo_cov_urb,2016,19.964
esp,sex_t,age_aggregate_y25_54,geo_cov_urb,2017,18.285
esp,sex_t,age_aggregate_y25_54,geo_cov_urb,2018,16.282
esp,sex_t,age_aggregate_y25_54,geo_cov_urb,2019,15.124
esp,sex_t,age_aggregate_y25_54,geo_cov_urb,2020,18.018
esp,sex_t,age_aggregate_y25_54,geo_cov_urb,2021,16.872
esp,sex_t,age_aggregate_y25_54,geo_cov_urb,2022,14.529
esp,sex_t,age_aggregate_y25_54,geo_cov_urb,2023,12.98
esp,sex_t,age_aggregate_y25_54,geo_cov_urb,2024,12.647
esp,sex_t,age_aggregate_y55_64,geo_cov_nat,1998,12.028
esp,sex_t,age_aggregate_y55_64,geo_cov_nat,1999,11.745
esp,sex_t,age_aggregate_y55_64,geo_cov_nat,2000,11.404
esp,sex_t,age_aggregate_y55_64,geo_cov_nat,2001,8.185
esp,sex_t,age_aggregate_y55_64,geo_cov_nat,2002,8.982
esp,sex_t,age_aggregate_y55_64,geo_cov_nat,2003,8.504
esp,sex_t,age_aggregate_y55_64,geo_cov_nat,2004,9.481
esp,sex_t,age_aggregate_y55_64,geo_cov_nat,2005,13.84
esp,sex_t,age_aggregate_y55_64,geo_cov_nat,2006,13.44
esp,sex_t,age_aggregate_y55_64,geo_cov_nat,2007,11.93
esp,sex_t,age_aggregate_y55_64,geo_cov_nat,2008,13.192
esp,sex_t,age_aggregate_y55_64,geo_cov_nat,2009,18.218
esp,sex_t,age_aggregate_y55_64,geo_cov_nat,2010,20.703
esp,sex_t,age_aggregate_y55_64,geo_cov_nat,2011,21.484
esp,sex_t,age_aggregate_y55_64,geo_cov_nat,2012,24.947
esp,sex_t,age_aggregate_y55_64,geo_cov_nat,2013,27.598
esp,sex_t,age_aggregate_y55_64,geo_cov_nat,2014,26.73
esp,sex_t,age_aggregate_y55_64,geo_cov_nat,2015,24.7
esp,sex_t,age_aggregate_y55_64,geo_cov_nat,2016,23.215
esp,sex_t,age_aggregate_y55_64,geo_cov_nat,2017,21.025
esp,sex_t,age_aggregate_y55_64,geo_cov_nat,2018,18.99
esp,sex_t,age_aggregate_y55_64,geo_cov_nat,2019,17.832
esp,sex_t,age_aggregate_y55_64,geo_cov_nat,2020,18.639
esp,sex_t,age_aggregate_y55_64,geo_cov_nat,2021,18.887
esp,sex_t,age_aggregate_y55_64,geo_cov_nat,2022,16.433
esp,sex_t,age_aggregate_y55_64,geo_cov_nat,2023,15.414
esp,sex_t,age_aggregate_y55_64,geo_cov_nat,2024,14.352
esp,sex_t,age_aggregate_y55_64,geo_cov_rur,1998,13.455
esp,sex_t,age_aggregate_y55_64,geo_cov_rur,1999,12.834
esp,sex_t,age_aggregate_y55_64,geo_cov_rur,2000,13.618
esp,sex_t,age_aggregate_y55_64,geo_cov_rur,2001,9.892
esp,sex_t,age_aggregate_y55_64,geo_cov_rur,2002,11.371
esp,sex_t,age_aggregate_y55_64,geo_cov_rur,2003,11.184
esp,sex_t,age_aggregate_y55_64,geo_cov_rur,2004,12.246
esp,sex_t,age_aggregate_y55_64,geo_cov_rur,2005,15.747
esp,sex_t,age_aggregate_y55_64,geo_cov_rur,2006,15.758
esp,sex_t,age_aggregate_y55_64,geo_cov_rur,2007,13.208
esp,sex_t,age_aggregate_y55_64,geo_cov_rur,2008,15.242
esp,sex_t,age_aggregate_y55_64,geo_cov_rur,2009,20.833
esp,sex_t,age_aggregate_y55_64,geo_cov_rur,2010,23.119
esp,sex_t,age_aggregate_y55_64,geo_cov_rur,2011,23.366
esp,sex_t,age_aggregate_y55_64,geo_cov_rur,2012,29.358
esp,sex_t,age_aggregate_y55_64,geo_cov_rur,2013,32.631
esp,sex_t,age_aggregate_y55_64,geo_cov_rur,2014,30.022
esp,sex_t,age_aggregate_y55_64,geo_cov_rur,2015,29.459
esp,sex_t,age_aggregate_y55_64,geo_cov_rur,2016,27.072
esp,sex_t,age_aggregate_y55_64,geo_cov_rur,2017,22.543
esp,sex_t,age_aggregate_y55_64,geo_cov_rur,2018,20.123
esp,sex_t,age_aggregate_y55_64,geo_cov_rur,2019,18.924
esp,sex_t,age_aggregate_y55_64,geo_cov_rur,2020,21.078
esp,sex_t,age_aggregate_y55_64,geo_cov_rur,2021,21.108
esp,sex_t,age_aggregate_y55_64,geo_cov_rur,2022,16.907
esp,sex_t,age_aggregate_y55_64,geo_cov_rur,2023,18.42
esp,sex_t,age_aggregate_y55_64,geo_cov_rur,2024,16.367
esp,sex_t,age_aggregate_y55_64,geo_cov_urb,1998,11.364
esp,sex_t,age_aggregate_y55_64,geo_cov_urb,1999,11.267
esp,sex_t,age_aggregate_y55_64,geo_cov_urb,2000,10.486
esp,sex_t,age_aggregate_y55_64,geo_cov_urb,2001,7.542
esp,sex_t,age_aggregate_y55_64,geo_cov_urb,2002,8.07
esp,sex_t,age_aggregate_y55_64,geo_cov_urb,2003,7.466
esp,sex_t,age_aggregate_y55_64,geo_cov_urb,2004,8.419
esp,sex_t,age_aggregate_y55_64,geo_cov_urb,2005,13.176
esp,sex_t,age_aggregate_y55_64,geo_cov_urb,2006,12.623
esp,sex_t,age_aggregate_y55_64,geo_cov_urb,2007,11.502
esp,sex_t,age_aggregate_y55_64,geo_cov_urb,2008,12.518
esp,sex_t,age_aggregate_y55_64,geo_cov_urb,2009,17.266
esp,sex_t,age_aggregate_y55_64,geo_cov_urb,2010,19.882
esp,sex_t,age_aggregate_y55_64,geo_cov_urb,2011,20.865
esp,sex_t,age_aggregate_y55_64,geo_cov_urb,2012,23.475
esp,sex_t,age_aggregate_y55_64,geo_cov_urb,2013,25.847
esp,sex_t,age_aggregate_y55_64,geo_cov_urb,2014,25.562
esp,sex_t,age_aggregate_y55_64,geo_cov_urb,2015,23.098
esp,sex_t,age_aggregate_y55_64,geo_cov_urb,2016,21.873
esp,sex_t,age_aggregate_y55_64,geo_cov_urb,2017,20.765
esp,sex_t,age_aggregate_y55_64,geo_cov_urb,2018,18.797
esp,sex_t,age_aggregate_y55_64,geo_cov_urb,2019,17.66
esp,sex_t,age_aggregate_y55_64,geo_cov_urb,2020,18.229
esp,sex_t,age_aggregate_y55_64,geo_cov_urb,2021,18.503
esp,sex_t,age_aggregate_y55_64,geo_cov_urb,2022,16.358
esp,sex_t,age_aggregate_y55_64,geo_cov_urb,2023,14.944
esp,sex_t,age_aggregate_y55_64,geo_cov_urb,2024,14.045
esp,sex_t,age_aggregate_yge65,geo_cov_nat,1998,2.063
esp,sex_t,age_aggregate_yge65,geo_cov_nat,1999,2.444
esp,sex_t,age_aggregate_yge65,geo_cov_nat,2000,2.763
esp,sex_t,age_aggregate_yge65,geo_cov_nat,2001,2.62
esp,sex_t,age_aggregate_yge65,geo_cov_nat,2002,2.624
esp,sex_t,age_aggregate_yge65,geo_cov_nat,2003,3.559
esp,sex_t,age_aggregate_yge65,geo_cov_nat,2004,2.631
esp,sex_t,age_aggregate_yge65,geo_cov_nat,2005,23.305
esp,sex_t,age_aggregate_yge65,geo_cov_nat,2006,15.523
esp,sex_t,age_aggregate_yge65,geo_cov_nat,2007,8.742
esp,sex_t,age_aggregate_yge65,geo_cov_nat,2008,10.5
esp,sex_t,age_aggregate_yge65,geo_cov_nat,2009,7.001
esp,sex_t,age_aggregate_yge65,geo_cov_nat,2010,9.84
esp,sex_t,age_aggregate_yge65,geo_cov_nat,2011,6.873
esp,sex_t,age_aggregate_yge65,geo_cov_nat,2012,2.741
esp,sex_t,age_aggregate_yge65,geo_cov_nat,2013,6.514
esp,sex_t,age_aggregate_yge65,geo_cov_nat,2014,11.605
esp,sex_t,age_aggregate_yge65,geo_cov_nat,2015,6.375
esp,sex_t,age_aggregate_yge65,geo_cov_nat,2016,6.955
esp,sex_t,age_aggregate_yge65,geo_cov_nat,2017,5.661
esp,sex_t,age_aggregate_yge65,geo_cov_nat,2018,7.737
esp,sex_t,age_aggregate_yge65,geo_cov_nat,2019,7.311
esp,sex_t,age_aggregate_yge65,geo_cov_nat,2020,7.757
esp,sex_t,age_aggregate_yge65,geo_cov_nat,2021,5.577
esp,sex_t,age_aggregate_yge65,geo_cov_nat,2022,7.412
esp,sex_t,age_aggregate_yge65,geo_cov_nat,2023,8.841
esp,sex_t,age_aggregate_yge65,geo_cov_nat,2024,11.511
esp,sex_t,age_aggregate_yge65,geo_cov_rur,2000,1.822
esp,sex_t,age_aggregate_yge65,geo_cov_rur,2002,2.156
esp,sex_t,age_aggregate_yge65,geo_cov_rur,2003,4.26
esp,sex_t,age_aggregate_yge65,geo_cov_rur,2004,4.024
esp,sex_t,age_aggregate_yge65,geo_cov_rur,2005,17.754
esp,sex_t,age_aggregate_yge65,geo_cov_rur,2006,17.142
esp,sex_t,age_aggregate_yge65,geo_cov_rur,2007,8.181
esp,sex_t,age_aggregate_yge65,geo_cov_rur,2008,9.804
esp,sex_t,age_aggregate_yge65,geo_cov_rur,2009,6.413
esp,sex_t,age_aggregate_yge65,geo_cov_rur,2010,13.246
esp,sex_t,age_aggregate_yge65,geo_cov_rur,2011,4.125
esp,sex_t,age_aggregate_yge65,geo_cov_rur,2012,4.127
esp,sex_t,age_aggregate_yge65,geo_cov_rur,2013,3.023
esp,sex_t,age_aggregate_yge65,geo_cov_rur,2014,12.935
esp,sex_t,age_aggregate_yge65,geo_cov_rur,2020,10.118
esp,sex_t,age_aggregate_yge65,geo_cov_rur,2022,4.103
esp,sex_t,age_aggregate_yge65,geo_cov_rur,2023,5.885
esp,sex_t,age_aggregate_yge65,geo_cov_rur,2024,9.237
esp,sex_t,age_aggregate_yge65,geo_cov_urb,1998,3.049
esp,sex_t,age_aggregate_yge65,geo_cov_urb,1999,3.192
esp,sex_t,age_aggregate_yge65,geo_cov_urb,2000,3.237
esp,sex_t,age_aggregate_yge65,geo_cov_urb,2001,3.028
esp,sex_t,age_aggregate_yge65,geo_cov_urb,2002,2.88
esp,sex_t,age_aggregate_yge65,geo_cov_urb,2003,3.193
esp,sex_t,age_aggregate_yge65,geo_cov_urb,2004,2.104
esp,sex_t,age_aggregate_yge65,geo_cov_urb,2005,25.783
esp,sex_t,age_aggregate_yge65,geo_cov_urb,2006,14.798
esp,sex_t,age_aggregate_yge65,geo_cov_urb,2007,8.936
esp,sex_t,age_aggregate_yge65,geo_cov_urb,2008,10.74
esp,sex_t,age_aggregate_yge65,geo_cov_urb,2009,7.193
esp,sex_t,age_aggregate_yge65,geo_cov_urb,2010,8.538
esp,sex_t,age_aggregate_yge65,geo_cov_urb,2011,7.856
esp,sex_t,age_aggregate_yge65,geo_cov_urb,2012,2.259
esp,sex_t,age_aggregate_yge65,geo_cov_urb,2013,7.751
esp,sex_t,age_aggregate_yge65,geo_cov_urb,2014,11.061
esp,sex_t,age_aggregate_yge65,geo_cov_urb,2015,6.185
esp,sex_t,age_aggregate_yge65,geo_cov_urb,2016,7.98
esp,sex_t,age_aggregate_yge65,geo_cov_urb,2017,6.199
esp,sex_t,age_aggregate_yge65,geo_cov_urb,2018,7.055
esp,sex_t,age_aggregate_yge65,geo_cov_urb,2019,8.318
esp,sex_t,age_aggregate_yge65,geo_cov_urb,2020,7.42
esp,sex_t,age_aggregate_yge65,geo_cov_urb,2021,5.696
esp,sex_t,age_aggregate_yge65,geo_cov_urb,2022,7.898
esp,sex_t,age_aggregate_yge65,geo_cov_urb,2023,9.208
esp,sex_t,age_aggregate_yge65,geo_cov_urb,2024,11.827
esp,sex_t,age_ythadult_y15_24,geo_cov_nat,1998,37.059
esp,sex_t,age_ythadult_y15_24,geo_cov_nat,1999,31.991
esp,sex_t,age_ythadult_y15_24,geo_cov_nat,2000,27.722
esp,sex_t,age_ythadult_y15_24,geo_cov_nat,2001,22.877
esp,sex_t,age_ythadult_y15_24,geo_cov_nat,2002,23.994
esp,sex_t,age_ythadult_y15_24,geo_cov_nat,2003,24.196
esp,sex_t,age_ythadult_y15_24,geo_cov_nat,2004,24.491
esp,sex_t,age_ythadult_y15_24,geo_cov_nat,2005,26.076
esp,sex_t,age_ythadult_y15_24,geo_cov_nat,2006,23.861
esp,sex_t,age_ythadult_y15_24,geo_cov_nat,2007,23.696
esp,sex_t,age_ythadult_y15_24,geo_cov_nat,2008,29.895
esp,sex_t,age_ythadult_y15_24,geo_cov_nat,2009,43.319
esp,sex_t,age_ythadult_y15_24,geo_cov_nat,2010,47.351
esp,sex_t,age_ythadult_y15_24,geo_cov_nat,2011,51.505
esp,sex_t,age_ythadult_y15_24,geo_cov_nat,2012,58.486
esp,sex_t,age_ythadult_y15_24,geo_cov_nat,2013,61.555
esp,sex_t,age_ythadult_y15_24,geo_cov_nat,2014,59.422
esp,sex_t,age_ythadult_y15_24,geo_cov_nat,2015,54.654
esp,sex_t,age_ythadult_y15_24,geo_cov_nat,2016,50.553
esp,sex_t,age_ythadult_y15_24,geo_cov_nat,2017,44.618
esp,sex_t,age_ythadult_y15_24,geo_cov_nat,2018,41.174
esp,sex_t,age_ythadult_y15_24,geo_cov_nat,2019,38.568
esp,sex_t,age_ythadult_y15_24,geo_cov_nat,2020,47.792
esp,sex_t,age_ythadult_y15_24,geo_cov_nat,2021,43.964
esp,sex_t,age_ythadult_y15_24,geo_cov_nat,2022,36.961
esp,sex_t,age_ythadult_y15_24,geo_cov_nat,2023,34.922
esp,sex_t,age_ythadult_y15_24,geo_cov_nat,2024,34.028
esp,sex_t,age_ythadult_y15_24,geo_cov_rur,1998,33.411
esp,sex_t,age_ythadult_y15_24,geo_cov_rur,1999,29.162
esp,sex_t,age_ythadult_y15_24,geo_cov_rur,2000,25.752
esp,sex_t,age_ythadult_y15_24,geo_cov_rur,2001,20.674
esp,sex_t,age_ythadult_y15_24,geo_cov_rur,2002,23.176
esp,sex_t,age_ythadult_y15_24,geo_cov_rur,2003,24.125
esp,sex_t,age_ythadult_y15_24,geo_cov_rur,2004,24.942
esp,sex_t,age_ythadult_y15_24,geo_cov_rur,2005,24.991
esp,sex_t,age_ythadult_y15_24,geo_cov_rur,2006,20.401
esp,sex_t,age_ythadult_y15_24,geo_cov_rur,2007,25.407
esp,sex_t,age_ythadult_y15_24,geo_cov_rur,2008,27.898
esp,sex_t,age_ythadult_y15_24,geo_cov_rur,2009,45.52
esp,sex_t,age_ythadult_y15_24,geo_cov_rur,2010,47.547
esp,sex_t,age_ythadult_y15_24,geo_cov_rur,2011,50.806
esp,sex_t,age_ythadult_y15_24,geo_cov_rur,2012,59.788
esp,sex_t,age_ythadult_y15_24,geo_cov_rur,2013,61.456
esp,sex_t,age_ythadult_y15_24,geo_cov_rur,2014,58.9
esp,sex_t,age_ythadult_y15_24,geo_cov_rur,2015,54.231
esp,sex_t,age_ythadult_y15_24,geo_cov_rur,2016,51.459
esp,sex_t,age_ythadult_y15_24,geo_cov_rur,2017,38.553
esp,sex_t,age_ythadult_y15_24,geo_cov_rur,2018,38.753
esp,sex_t,age_ythadult_y15_24,geo_cov_rur,2019,40.976
esp,sex_t,age_ythadult_y15_24,geo_cov_rur,2020,45.357
esp,sex_t,age_ythadult_y15_24,geo_cov_rur,2021,41.437
esp,sex_t,age_ythadult_y15_24,geo_cov_rur,2022,33.344
esp,sex_t,age_ythadult_y15_24,geo_cov_rur,2023,37.164
esp,sex_t,age_ythadult_y15_24,geo_cov_rur,2024,26.038
esp,sex_t,age_ythadult_y15_24,geo_cov_urb,1998,38.428
esp,sex_t,age_ythadult_y15_24,geo_cov_urb,1999,33.051
esp,sex_t,age_ythadult_y15_24,geo_cov_urb,2000,28.465
esp,sex_t,age_ythadult_y15_24,geo_cov_urb,2001,23.68
esp,sex_t,age_ythadult_y15_24,geo_cov_urb,2002,24.302
esp,sex_t,age_ythadult_y15_24,geo_cov_urb,2003,24.222
esp,sex_t,age_ythadult_y15_24,geo_cov_urb,2004,24.317
esp,sex_t,age_ythadult_y15_24,geo_cov_urb,2005,26.478
esp,sex_t,age_ythadult_y15_24,geo_cov_urb,2006,25.026
esp,sex_t,age_ythadult_y15_24,geo_cov_urb,2007,23.116
esp,sex_t,age_ythadult_y15_24,geo_cov_urb,2008,30.587
esp,sex_t,age_ythadult_y15_24,geo_cov_urb,2009,42.481
esp,sex_t,age_ythadult_y15_24,geo_cov_urb,2010,47.278
esp,sex_t,age_ythadult_y15_24,geo_cov_urb,2011,51.753
esp,sex_t,age_ythadult_y15_24,geo_cov_urb,2012,58.008
esp,sex_t,age_ythadult_y15_24,geo_cov_urb,2013,61.593
esp,sex_t,age_ythadult_y15_24,geo_cov_urb,2014,59.62
esp,sex_t,age_ythadult_y15_24,geo_cov_urb,2015,54.82
esp,sex_t,age_ythadult_y15_24,geo_cov_urb,2016,50.204
esp,sex_t,age_ythadult_y15_24,geo_cov_urb,2017,45.536
esp,sex_t,age_ythadult_y15_24,geo_cov_urb,2018,41.525
esp,sex_t,age_ythadult_y15_24,geo_cov_urb,2019,38.216
esp,sex_t,age_ythadult_y15_24,geo_cov_urb,2020,48.184
esp,sex_t,age_ythadult_y15_24,geo_cov_urb,2021,44.337
esp,sex_t,age_ythadult_y15_24,geo_cov_urb,2022,37.483
esp,sex_t,age_ythadult_y15_24,geo_cov_urb,2023,34.632
esp,sex_t,age_ythadult_y15_24,geo_cov_urb,2024,35.219
esp,sex_t,age_ythadult_y15_64,geo_cov_nat,1998,20.079
esp,sex_t,age_ythadult_y15_64,geo_cov_nat,1999,17.411
esp,sex_t,age_ythadult_y15_64,geo_cov_nat,2000,15.344
esp,sex_t,age_ythadult_y15_64,geo_cov_nat,2001,11.829
esp,sex_t,age_ythadult_y15_64,geo_cov_nat,2002,12.745
esp,sex_t,age_ythadult_y15_64,geo_cov_nat,2003,12.601
esp,sex_t,age_ythadult_y15_64,geo_cov_nat,2004,12.537
esp,sex_t,age_ythadult_y15_64,geo_cov_nat,2005,13.943
esp,sex_t,age_ythadult_y15_64,geo_cov_nat,2006,12.639
esp,sex_t,age_ythadult_y15_64,geo_cov_nat,2007,11.896
esp,sex_t,age_ythadult_y15_64,geo_cov_nat,2008,14.683
esp,sex_t,age_ythadult_y15_64,geo_cov_nat,2009,21.512
esp,sex_t,age_ythadult_y15_64,geo_cov_nat,2010,23.84
esp,sex_t,age_ythadult_y15_64,geo_cov_nat,2011,25.028
esp,sex_t,age_ythadult_y15_64,geo_cov_nat,2012,28.693
esp,sex_t,age_ythadult_y15_64,geo_cov_nat,2013,30.173
esp,sex_t,age_ythadult_y15_64,geo_cov_nat,2014,28.42
esp,sex_t,age_ythadult_y15_64,geo_cov_nat,2015,25.68
esp,sex_t,age_ythadult_y15_64,geo_cov_nat,2016,23.222
esp,sex_t,age_ythadult_y15_64,geo_cov_nat,2017,20.681
esp,sex_t,age_ythadult_y15_64,geo_cov_nat,2018,18.581
esp,sex_t,age_ythadult_y15_64,geo_cov_nat,2019,17.283
esp,sex_t,age_ythadult_y15_64,geo_cov_nat,2020,20.181
esp,sex_t,age_ythadult_y15_64,geo_cov_nat,2021,19.097
esp,sex_t,age_ythadult_y15_64,geo_cov_nat,2022,16.487
esp,sex_t,age_ythadult_y15_64,geo_cov_nat,2023,15.231
esp,sex_t,age_ythadult_y15_64,geo_cov_nat,2024,14.623
esp,sex_t,age_ythadult_y15_64,geo_cov_rur,1998,20.246
esp,sex_t,age_ythadult_y15_64,geo_cov_rur,1999,17.905
esp,sex_t,age_ythadult_y15_64,geo_cov_rur,2000,16.78
esp,sex_t,age_ythadult_y15_64,geo_cov_rur,2001,12.766
esp,sex_t,age_ythadult_y15_64,geo_cov_rur,2002,14.132
esp,sex_t,age_ythadult_y15_64,geo_cov_rur,2003,14.21
esp,sex_t,age_ythadult_y15_64,geo_cov_rur,2004,14.085
esp,sex_t,age_ythadult_y15_64,geo_cov_rur,2005,15.463
esp,sex_t,age_ythadult_y15_64,geo_cov_rur,2006,14.097
esp,sex_t,age_ythadult_y15_64,geo_cov_rur,2007,13.486
esp,sex_t,age_ythadult_y15_64,geo_cov_rur,2008,16.121
esp,sex_t,age_ythadult_y15_64,geo_cov_rur,2009,22.816
esp,sex_t,age_ythadult_y15_64,geo_cov_rur,2010,26.229
esp,sex_t,age_ythadult_y15_64,geo_cov_rur,2011,27.084
esp,sex_t,age_ythadult_y15_64,geo_cov_rur,2012,31.752
esp,sex_t,age_ythadult_y15_64,geo_cov_rur,2013,33.916
esp,sex_t,age_ythadult_y15_64,geo_cov_rur,2014,31.211
esp,sex_t,age_ythadult_y15_64,geo_cov_rur,2015,29.633
esp,sex_t,age_ythadult_y15_64,geo_cov_rur,2016,25.941
esp,sex_t,age_ythadult_y15_64,geo_cov_rur,2017,21.333
esp,sex_t,age_ythadult_y15_64,geo_cov_rur,2018,19.33
esp,sex_t,age_ythadult_y15_64,geo_cov_rur,2019,17.915
esp,sex_t,age_ythadult_y15_64,geo_cov_rur,2020,20.25
esp,sex_t,age_ythadult_y15_64,geo_cov_rur,2021,18.751
esp,sex_t,age_ythadult_y15_64,geo_cov_rur,2022,15.893
esp,sex_t,age_ythadult_y15_64,geo_cov_rur,2023,16.794
esp,sex_t,age_ythadult_y15_64,geo_cov_rur,2024,14.051
esp,sex_t,age_ythadult_y15_64,geo_cov_urb,1998,20.016
esp,sex_t,age_ythadult_y15_64,geo_cov_urb,1999,17.23
esp,sex_t,age_ythadult_y15_64,geo_cov_urb,2000,14.825
esp,sex_t,age_ythadult_y15_64,geo_cov_urb,2001,11.497
esp,sex_t,age_ythadult_y15_64,geo_cov_urb,2002,12.256
esp,sex_t,age_ythadult_y15_64,geo_cov_urb,2003,12.04
esp,sex_t,age_ythadult_y15_64,geo_cov_urb,2004,12
esp,sex_t,age_ythadult_y15_64,geo_cov_urb,2005,13.44
esp,sex_t,age_ythadult_y15_64,geo_cov_urb,2006,12.161
esp,sex_t,age_ythadult_y15_64,geo_cov_urb,2007,11.402
esp,sex_t,age_ythadult_y15_64,geo_cov_urb,2008,14.245
esp,sex_t,age_ythadult_y15_64,geo_cov_urb,2009,21.078
esp,sex_t,age_ythadult_y15_64,geo_cov_urb,2010,23.081
esp,sex_t,age_ythadult_y15_64,geo_cov_urb,2011,24.392
esp,sex_t,age_ythadult_y15_64,geo_cov_urb,2012,27.674
esp,sex_t,age_ythadult_y15_64,geo_cov_urb,2013,28.921
esp,sex_t,age_ythadult_y15_64,geo_cov_urb,2014,27.499
esp,sex_t,age_ythadult_y15_64,geo_cov_urb,2015,24.392
esp,sex_t,age_ythadult_y15_64,geo_cov_urb,2016,22.301
esp,sex_t,age_ythadult_y15_64,geo_cov_urb,2017,20.587
esp,sex_t,age_ythadult_y15_64,geo_cov_urb,2018,18.478
esp,sex_t,age_ythadult_y15_64,geo_cov_urb,2019,17.194
esp,sex_t,age_ythadult_y15_64,geo_cov_urb,2020,20.171
esp,sex_t,age_ythadult_y15_64,geo_cov_urb,2021,19.145
esp,sex_t,age_ythadult_y15_64,geo_cov_urb,2022,16.572
esp,sex_t,age_ythadult_y15_64,geo_cov_urb,2023,15.01
esp,sex_t,age_ythadult_y15_64,geo_cov_urb,2024,14.702
esp,sex_t,age_ythadult_yge15,geo_cov_nat,1998,19.979
esp,sex_t,age_ythadult_yge15,geo_cov_nat,1999,17.317
esp,sex_t,age_ythadult_yge15,geo_cov_nat,2000,15.268
esp,sex_t,age_ythadult_yge15,geo_cov_nat,2001,11.772
esp,sex_t,age_ythadult_yge15,geo_cov_nat,2002,12.689
esp,sex_t,age_ythadult_yge15,geo_cov_nat,2003,12.548
esp,sex_t,age_ythadult_yge15,geo_cov_nat,2004,12.48
esp,sex_t,age_ythadult_yge15,geo_cov_nat,2005,14.018
esp,sex_t,age_ythadult_yge15,geo_cov_nat,2006,12.661
esp,sex_t,age_ythadult_yge15,geo_cov_nat,2007,11.875
esp,sex_t,age_ythadult_yge15,geo_cov_nat,2008,14.653
esp,sex_t,age_ythadult_yge15,geo_cov_nat,2009,21.409
esp,sex_t,age_ythadult_yge15,geo_cov_nat,2010,23.755
esp,sex_t,age_ythadult_yge15,geo_cov_nat,2011,24.913
esp,sex_t,age_ythadult_yge15,geo_cov_nat,2012,28.526
esp,sex_t,age_ythadult_yge15,geo_cov_nat,2013,30.008
esp,sex_t,age_ythadult_yge15,geo_cov_nat,2014,28.305
esp,sex_t,age_ythadult_yge15,geo_cov_nat,2015,25.535
esp,sex_t,age_ythadult_yge15,geo_cov_nat,2016,23.118
esp,sex_t,age_ythadult_yge15,geo_cov_nat,2017,20.561
esp,sex_t,age_ythadult_yge15,geo_cov_nat,2018,18.492
esp,sex_t,age_ythadult_yge15,geo_cov_nat,2019,17.187
esp,sex_t,age_ythadult_yge15,geo_cov_nat,2020,20.055
esp,sex_t,age_ythadult_yge15,geo_cov_nat,2021,18.935
esp,sex_t,age_ythadult_yge15,geo_cov_nat,2022,16.363
esp,sex_t,age_ythadult_yge15,geo_cov_nat,2023,15.138
esp,sex_t,age_ythadult_yge15,geo_cov_nat,2024,14.576
esp,sex_t,age_ythadult_yge15,geo_cov_rur,1998,20.078
esp,sex_t,age_ythadult_yge15,geo_cov_rur,1999,17.761
esp,sex_t,age_ythadult_yge15,geo_cov_rur,2000,16.666
esp,sex_t,age_ythadult_yge15,geo_cov_rur,2001,12.68
esp,sex_t,age_ythadult_yge15,geo_cov_rur,2002,14.042
esp,sex_t,age_ythadult_yge15,geo_cov_rur,2003,14.133
esp,sex_t,age_ythadult_yge15,geo_cov_rur,2004,14.024
esp,sex_t,age_ythadult_yge15,geo_cov_rur,2005,15.486
esp,sex_t,age_ythadult_yge15,geo_cov_rur,2006,14.126
esp,sex_t,age_ythadult_yge15,geo_cov_rur,2007,13.448
esp,sex_t,age_ythadult_yge15,geo_cov_rur,2008,16.072
esp,sex_t,age_ythadult_yge15,geo_cov_rur,2009,22.701
esp,sex_t,age_ythadult_yge15,geo_cov_rur,2010,26.138
esp,sex_t,age_ythadult_yge15,geo_cov_rur,2011,26.921
esp,sex_t,age_ythadult_yge15,geo_cov_rur,2012,31.568
esp,sex_t,age_ythadult_yge15,geo_cov_rur,2013,33.691
esp,sex_t,age_ythadult_yge15,geo_cov_rur,2014,31.065
esp,sex_t,age_ythadult_yge15,geo_cov_rur,2015,29.508
esp,sex_t,age_ythadult_yge15,geo_cov_rur,2016,25.82
esp,sex_t,age_ythadult_yge15,geo_cov_rur,2017,21.146
esp,sex_t,age_ythadult_yge15,geo_cov_rur,2018,19.267
esp,sex_t,age_ythadult_yge15,geo_cov_rur,2019,17.715
esp,sex_t,age_ythadult_yge15,geo_cov_rur,2020,20.148
esp,sex_t,age_ythadult_yge15,geo_cov_rur,2021,18.576
esp,sex_t,age_ythadult_yge15,geo_cov_rur,2022,15.73
esp,sex_t,age_ythadult_yge15,geo_cov_rur,2023,16.652
esp,sex_t,age_ythadult_yge15,geo_cov_rur,2024,13.98
esp,sex_t,age_ythadult_yge15,geo_cov_urb,1998,19.941
esp,sex_t,age_ythadult_yge15,geo_cov_urb,1999,17.153
esp,sex_t,age_ythadult_yge15,geo_cov_urb,2000,14.762
esp,sex_t,age_ythadult_yge15,geo_cov_urb,2001,11.45
esp,sex_t,age_ythadult_yge15,geo_cov_urb,2002,12.21
esp,sex_t,age_ythadult_yge15,geo_cov_urb,2003,11.994
esp,sex_t,age_ythadult_yge15,geo_cov_urb,2004,11.944
esp,sex_t,age_ythadult_yge15,geo_cov_urb,2005,13.533
esp,sex_t,age_ythadult_yge15,geo_cov_urb,2006,12.18
esp,sex_t,age_ythadult_yge15,geo_cov_urb,2007,11.386
esp,sex_t,age_ythadult_yge15,geo_cov_urb,2008,14.221
esp,sex_t,age_ythadult_yge15,geo_cov_urb,2009,20.979
esp,sex_t,age_ythadult_yge15,geo_cov_urb,2010,22.996
esp,sex_t,age_ythadult_yge15,geo_cov_urb,2011,24.29
esp,sex_t,age_ythadult_yge15,geo_cov_urb,2012,27.512
esp,sex_t,age_ythadult_yge15,geo_cov_urb,2013,28.776
esp,sex_t,age_ythadult_yge15,geo_cov_urb,2014,27.393
esp,sex_t,age_ythadult_yge15,geo_cov_urb,2015,24.244
esp,sex_t,age_ythadult_yge15,geo_cov_urb,2016,22.205
esp,sex_t,age_ythadult_yge15,geo_cov_urb,2017,20.476
esp,sex_t,age_ythadult_yge15,geo_cov_urb,2018,18.385
esp,sex_t,age_ythadult_yge15,geo_cov_urb,2019,17.112
esp,sex_t,age_ythadult_yge15,geo_cov_urb,2020,20.042
esp,sex_t,age_ythadult_yge15,geo_cov_urb,2021,18.985
esp,sex_t,age_ythadult_yge15,geo_cov_urb,2022,16.454
esp,sex_t,age_ythadult_yge15,geo_cov_urb,2023,14.924
esp,sex_t,age_ythadult_yge15,geo_cov_urb,2024,14.659
esp,sex_t,age_ythadult_yge25,geo_cov_nat,1998,17.022
esp,sex_t,age_ythadult_yge25,geo_cov_nat,1999,14.804
esp,sex_t,age_ythadult_yge25,geo_cov_nat,2000,13.209
esp,sex_t,age_ythadult_yge25,geo_cov_nat,2001,10.029
esp,sex_t,age_ythadult_yge25,geo_cov_nat,2002,10.975
esp,sex_t,age_ythadult_yge25,geo_cov_nat,2003,10.872
esp,sex_t,age_ythadult_yge25,geo_cov_nat,2004,10.843
esp,sex_t,age_ythadult_yge25,geo_cov_nat,2005,12.331
esp,sex_t,age_ythadult_yge25,geo_cov_nat,2006,11.171
esp,sex_t,age_ythadult_yge25,geo_cov_nat,2007,10.368
esp,sex_t,age_ythadult_yge25,geo_cov_nat,2008,12.784
esp,sex_t,age_ythadult_yge25,geo_cov_nat,2009,18.937
esp,sex_t,age_ythadult_yge25,geo_cov_nat,2010,21.317
esp,sex_t,age_ythadult_yge25,geo_cov_nat,2011,22.361
esp,sex_t,age_ythadult_yge25,geo_cov_nat,2012,25.804
esp,sex_t,age_ythadult_yge25,geo_cov_nat,2013,27.225
esp,sex_t,age_ythadult_yge25,geo_cov_nat,2014,25.736
esp,sex_t,age_ythadult_yge25,geo_cov_nat,2015,23.215
esp,sex_t,age_ythadult_yge25,geo_cov_nat,2016,21.067
esp,sex_t,age_ythadult_yge25,geo_cov_nat,2017,18.745
esp,sex_t,age_ythadult_yge25,geo_cov_nat,2018,16.76
esp,sex_t,age_ythadult_yge25,geo_cov_nat,2019,15.558
esp,sex_t,age_ythadult_yge25,geo_cov_nat,2020,17.952
esp,sex_t,age_ythadult_yge25,geo_cov_nat,2021,17
esp,sex_t,age_ythadult_yge25,geo_cov_nat,2022,14.737
esp,sex_t,age_ythadult_yge25,geo_cov_nat,2023,13.545
esp,sex_t,age_ythadult_yge25,geo_cov_nat,2024,12.921
esp,sex_t,age_ythadult_yge25,geo_cov_rur,1998,17.767
esp,sex_t,age_ythadult_yge25,geo_cov_rur,1999,15.781
esp,sex_t,age_ythadult_yge25,geo_cov_rur,2000,15.112
esp,sex_t,age_ythadult_yge25,geo_cov_rur,2001,11.396
esp,sex_t,age_ythadult_yge25,geo_cov_rur,2002,12.584
esp,sex_t,age_ythadult_yge25,geo_cov_rur,2003,12.609
esp,sex_t,age_ythadult_yge25,geo_cov_rur,2004,12.399
esp,sex_t,age_ythadult_yge25,geo_cov_rur,2005,14.023
esp,sex_t,age_ythadult_yge25,geo_cov_rur,2006,13.274
esp,sex_t,age_ythadult_yge25,geo_cov_rur,2007,11.806
esp,sex_t,age_ythadult_yge25,geo_cov_rur,2008,14.451
esp,sex_t,age_ythadult_yge25,geo_cov_rur,2009,19.825
esp,sex_t,age_ythadult_yge25,geo_cov_rur,2010,23.627
esp,sex_t,age_ythadult_yge25,geo_cov_rur,2011,24.354
esp,sex_t,age_ythadult_yge25,geo_cov_rur,2012,28.795
esp,sex_t,age_ythadult_yge25,geo_cov_rur,2013,30.913
esp,sex_t,age_ythadult_yge25,geo_cov_rur,2014,28.498
esp,sex_t,age_ythadult_yge25,geo_cov_rur,2015,27.215
esp,sex_t,age_ythadult_yge25,geo_cov_rur,2016,23.693
esp,sex_t,age_ythadult_yge25,geo_cov_rur,2017,19.783
esp,sex_t,age_ythadult_yge25,geo_cov_rur,2018,17.711
esp,sex_t,age_ythadult_yge25,geo_cov_rur,2019,15.892
esp,sex_t,age_ythadult_yge25,geo_cov_rur,2020,18.024
esp,sex_t,age_ythadult_yge25,geo_cov_rur,2021,16.711
esp,sex_t,age_ythadult_yge25,geo_cov_rur,2022,14.333
esp,sex_t,age_ythadult_yge25,geo_cov_rur,2023,15.133
esp,sex_t,age_ythadult_yge25,geo_cov_rur,2024,12.884
esp,sex_t,age_ythadult_yge25,geo_cov_urb,1998,16.742
esp,sex_t,age_ythadult_yge25,geo_cov_urb,1999,14.446
esp,sex_t,age_ythadult_yge25,geo_cov_urb,2000,12.524
esp,sex_t,age_ythadult_yge25,geo_cov_urb,2001,9.545
esp,sex_t,age_ythadult_yge25,geo_cov_urb,2002,10.411
esp,sex_t,age_ythadult_yge25,geo_cov_urb,2003,10.272
esp,sex_t,age_ythadult_yge25,geo_cov_urb,2004,10.31
esp,sex_t,age_ythadult_yge25,geo_cov_urb,2005,11.78
esp,sex_t,age_ythadult_yge25,geo_cov_urb,2006,10.482
esp,sex_t,age_ythadult_yge25,geo_cov_urb,2007,9.927
esp,sex_t,age_ythadult_yge25,geo_cov_urb,2008,12.285
esp,sex_t,age_ythadult_yge25,geo_cov_urb,2009,18.646
esp,sex_t,age_ythadult_yge25,geo_cov_urb,2010,20.594
esp,sex_t,age_ythadult_yge25,geo_cov_urb,2011,21.752
esp,sex_t,age_ythadult_yge25,geo_cov_urb,2012,24.816
esp,sex_t,age_ythadult_yge25,geo_cov_urb,2013,26.008
esp,sex_t,age_ythadult_yge25,geo_cov_urb,2014,24.834
esp,sex_t,age_ythadult_yge25,geo_cov_urb,2015,21.936
esp,sex_t,age_ythadult_yge25,geo_cov_urb,2016,20.189
esp,sex_t,age_ythadult_yge25,geo_cov_urb,2017,18.595
esp,sex_t,age_ythadult_yge25,geo_cov_urb,2018,16.629
esp,sex_t,age_ythadult_yge25,geo_cov_urb,2019,15.511
esp,sex_t,age_ythadult_yge25,geo_cov_urb,2020,17.941
esp,sex_t,age_ythadult_yge25,geo_cov_urb,2021,17.041
esp,sex_t,age_ythadult_yge25,geo_cov_urb,2022,14.795
esp,sex_t,age_ythadult_yge25,geo_cov_urb,2023,13.319
esp,sex_t,age_ythadult_yge25,geo_cov_urb,2024,12.926
est,sex_f,age_aggregate_total,geo_cov_nat,1998,16.456
est,sex_f,age_aggregate_total,geo_cov_nat,1999,17.852
est,sex_f,age_aggregate_total,geo_cov_nat,2000,20.381
est,sex_f,age_aggregate_total,geo_cov_nat,2001,21.608
est,sex_f,age_aggregate_total,geo_cov_nat,2002,17.477
est,sex_f,age_aggregate_total,geo_cov_nat,2003,17.587
est,sex_f,age_aggregate_total,geo_cov_nat,2004,17.38
est,sex_f,age_aggregate_total,geo_cov_nat,2005,12.372
est,sex_f,age_aggregate_total,geo_cov_nat,2006,10.153
est,sex_f,age_aggregate_total,geo_cov_nat,2007,7.574
est,sex_f,age_aggregate_total,geo_cov_nat,2008,8.173
est,sex_f,age_aggregate_total,geo_cov_nat,2009,14.99
est,sex_f,age_aggregate_total,geo_cov_nat,2010,19.484
est,sex_f,age_aggregate_total,geo_cov_nat,2011,17.431
est,sex_f,age_aggregate_total,geo_cov_nat,2012,14.662
est,sex_f,age_aggregate_total,geo_cov_nat,2013,13.232
est,sex_f,age_aggregate_total,geo_cov_nat,2014,11.866
est,sex_f,age_aggregate_total,geo_cov_nat,2015,10.812
est,sex_f,age_aggregate_total,geo_cov_nat,2016,11.106
est,sex_f,age_aggregate_total,geo_cov_nat,2017,10.001
est,sex_f,age_aggregate_total,geo_cov_nat,2018,10.279
est,sex_f,age_aggregate_total,geo_cov_nat,2019,9.572
est,sex_f,age_aggregate_total,geo_cov_nat,2020,11.586
est,sex_f,age_aggregate_total,geo_cov_nat,2021,9.661
est,sex_f,age_aggregate_total,geo_cov_nat,2022,9.172
est,sex_f,age_aggregate_total,geo_cov_nat,2023,10.706
est,sex_f,age_aggregate_total,geo_cov_nat,2024,11.168
est,sex_f,age_aggregate_total,geo_cov_rur,1998,16.456
est,sex_f,age_aggregate_total,geo_cov_rur,1999,17.852
est,sex_f,age_aggregate_total,geo_cov_rur,2000,20.381
est,sex_f,age_aggregate_total,geo_cov_rur,2001,21.608
est,sex_f,age_aggregate_total,geo_cov_rur,2002,17.477
est,sex_f,age_aggregate_total,geo_cov_rur,2003,17.587
est,sex_f,age_aggregate_total,geo_cov_rur,2004,17.38
est,sex_f,age_aggregate_total,geo_cov_rur,2005,12.596
est,sex_f,age_aggregate_total,geo_cov_rur,2006,11.021
est,sex_f,age_aggregate_total,geo_cov_rur,2007,8.575
est,sex_f,age_aggregate_total,geo_cov_rur,2008,8.637
est,sex_f,age_aggregate_total,geo_cov_rur,2009,14.652
est,sex_f,age_aggregate_total,geo_cov_rur,2010,17.432
est,sex_f,age_aggregate_total,geo_cov_rur,2011,15.63
est,sex_f,age_aggregate_total,geo_cov_rur,2012,14.343
est,sex_f,age_aggregate_total,geo_cov_rur,2013,13.176
est,sex_f,age_aggregate_total,geo_cov_rur,2014,12.337
est,sex_f,age_aggregate_total,geo_cov_rur,2015,11.977
est,sex_f,age_aggregate_total,geo_cov_rur,2016,11.701
est,sex_f,age_aggregate_total,geo_cov_rur,2017,10.554
est,sex_f,age_aggregate_total,geo_cov_rur,2018,11.304
est,sex_f,age_aggregate_total,geo_cov_rur,2019,10.404
est,sex_f,age_aggregate_total,geo_cov_rur,2020,12.606
est,sex_f,age_aggregate_total,geo_cov_rur,2021,9.459
est,sex_f,age_aggregate_total,geo_cov_rur,2022,9.2
est,sex_f,age_aggregate_total,geo_cov_rur,2023,10.097
est,sex_f,age_aggregate_total,geo_cov_rur,2024,10.603
est,sex_f,age_aggregate_total,geo_cov_urb,2005,12.172
est,sex_f,age_aggregate_total,geo_cov_urb,2006,9.341
est,sex_f,age_aggregate_total,geo_cov_urb,2007,6.697
est,sex_f,age_aggregate_total,geo_cov_urb,2008,7.732
est,sex_f,age_aggregate_total,geo_cov_urb,2009,15.297
est,sex_f,age_aggregate_total,geo_cov_urb,2010,21.218
est,sex_f,age_aggregate_total,geo_cov_urb,2011,19.017
est,sex_f,age_aggregate_total,geo_cov_urb,2012,14.855
est,sex_f,age_aggregate_total,geo_cov_urb,2013,13.265
est,sex_f,age_aggregate_total,geo_cov_urb,2014,11.582
est,sex_f,age_aggregate_total,geo_cov_urb,2015,10.113
est,sex_f,age_aggregate_total,geo_cov_urb,2016,10.744
est,sex_f,age_aggregate_total,geo_cov_urb,2017,9.756
est,sex_f,age_aggregate_total,geo_cov_urb,2018,9.752
est,sex_f,age_aggregate_total,geo_cov_urb,2019,9.176
est,sex_f,age_aggregate_total,geo_cov_urb,2020,11.103
est,sex_f,age_aggregate_total,geo_cov_urb,2021,9.771
est,sex_f,age_aggregate_total,geo_cov_urb,2022,9.157
est,sex_f,age_aggregate_total,geo_cov_urb,2023,11.024
est,sex_f,age_aggregate_total,geo_cov_urb,2024,11.464
est,sex_f,age_aggregate_y15_24,geo_cov_nat,1998,24.418
est,sex_f,age_aggregate_y15_24,geo_cov_nat,1999,36.425
est,sex_f,age_aggregate_y15_24,geo_cov_nat,2000,41.249
est,sex_f,age_aggregate_y15_24,geo_cov_nat,2001,42.166
est,sex_f,age_aggregate_y15_24,geo_cov_nat,2002,44.591
est,sex_f,age_aggregate_y15_24,geo_cov_nat,2003,42.355
est,sex_f,age_aggregate_y15_24,geo_cov_nat,2004,42.186
est,sex_f,age_aggregate_y15_24,geo_cov_nat,2005,23.841
est,sex_f,age_aggregate_y15_24,geo_cov_nat,2006,27.455
est,sex_f,age_aggregate_y15_24,geo_cov_nat,2007,18.046
est,sex_f,age_aggregate_y15_24,geo_cov_nat,2008,17.699
est,sex_f,age_aggregate_y15_24,geo_cov_nat,2009,32.981
est,sex_f,age_aggregate_y15_24,geo_cov_nat,2010,41.059
est,sex_f,age_aggregate_y15_24,geo_cov_nat,2011,34.801
est,sex_f,age_aggregate_y15_24,geo_cov_nat,2012,29.359
est,sex_f,age_aggregate_y15_24,geo_cov_nat,2013,27.279
est,sex_f,age_aggregate_y15_24,geo_cov_nat,2014,20.884
est,sex_f,age_aggregate_y15_24,geo_cov_nat,2015,22.196
est,sex_f,age_aggregate_y15_24,geo_cov_nat,2016,17.026
est,sex_f,age_aggregate_y15_24,geo_cov_nat,2017,16.987
est,sex_f,age_aggregate_y15_24,geo_cov_nat,2018,19.084
est,sex_f,age_aggregate_y15_24,geo_cov_nat,2019,21.906
est,sex_f,age_aggregate_y15_24,geo_cov_nat,2020,29.534
est,sex_f,age_aggregate_y15_24,geo_cov_nat,2021,24.922
est,sex_f,age_aggregate_y15_24,geo_cov_nat,2022,25.19
est,sex_f,age_aggregate_y15_24,geo_cov_nat,2023,27.104
est,sex_f,age_aggregate_y15_24,geo_cov_nat,2024,27.439
est,sex_f,age_aggregate_y15_24,geo_cov_rur,1998,24.418
est,sex_f,age_aggregate_y15_24,geo_cov_rur,1999,36.425
est,sex_f,age_aggregate_y15_24,geo_cov_rur,2000,41.249
est,sex_f,age_aggregate_y15_24,geo_cov_rur,2001,42.166
est,sex_f,age_aggregate_y15_24,geo_cov_rur,2002,44.591
est,sex_f,age_aggregate_y15_24,geo_cov_rur,2003,42.355
est,sex_f,age_aggregate_y15_24,geo_cov_rur,2004,42.186
est,sex_f,age_aggregate_y15_24,geo_cov_rur,2005,29.525
est,sex_f,age_aggregate_y15_24,geo_cov_rur,2006,33.935
est,sex_f,age_aggregate_y15_24,geo_cov_rur,2007,19.803
est,sex_f,age_aggregate_y15_24,geo_cov_rur,2008,23.396
est,sex_f,age_aggregate_y15_24,geo_cov_rur,2009,30.997
est,sex_f,age_aggregate_y15_24,geo_cov_rur,2010,43.087
est,sex_f,age_aggregate_y15_24,geo_cov_rur,2011,37.248
est,sex_f,age_aggregate_y15_24,geo_cov_rur,2012,33.275
est,sex_f,age_aggregate_y15_24,geo_cov_rur,2013,29.016
est,sex_f,age_aggregate_y15_24,geo_cov_rur,2014,20.402
est,sex_f,age_aggregate_y15_24,geo_cov_rur,2015,26.789
est,sex_f,age_aggregate_y15_24,geo_cov_rur,2016,20.367
est,sex_f,age_aggregate_y15_24,geo_cov_rur,2017,19.988
est,sex_f,age_aggregate_y15_24,geo_cov_rur,2018,27.33
est,sex_f,age_aggregate_y15_24,geo_cov_rur,2019,24.084
est,sex_f,age_aggregate_y15_24,geo_cov_rur,2020,36.579
est,sex_f,age_aggregate_y15_24,geo_cov_rur,2021,28.125
est,sex_f,age_aggregate_y15_24,geo_cov_rur,2022,30.736
est,sex_f,age_aggregate_y15_24,geo_cov_rur,2023,26.711
est,sex_f,age_aggregate_y15_24,geo_cov_rur,2024,28.585
est,sex_f,age_aggregate_y15_24,geo_cov_urb,2005,19.581
est,sex_f,age_aggregate_y15_24,geo_cov_urb,2006,20.974
est,sex_f,age_aggregate_y15_24,geo_cov_urb,2007,16.576
est,sex_f,age_aggregate_y15_24,geo_cov_urb,2008,13.759
est,sex_f,age_aggregate_y15_24,geo_cov_urb,2009,34.403
est,sex_f,age_aggregate_y15_24,geo_cov_urb,2010,39.883
est,sex_f,age_aggregate_y15_24,geo_cov_urb,2011,33.059
est,sex_f,age_aggregate_y15_24,geo_cov_urb,2012,26.811
est,sex_f,age_aggregate_y15_24,geo_cov_urb,2013,26.413
est,sex_f,age_aggregate_y15_24,geo_cov_urb,2014,21.164
est,sex_f,age_aggregate_y15_24,geo_cov_urb,2015,19.604
est,sex_f,age_aggregate_y15_24,geo_cov_urb,2016,15.362
est,sex_f,age_aggregate_y15_24,geo_cov_urb,2017,15.656
est,sex_f,age_aggregate_y15_24,geo_cov_urb,2018,15.46
est,sex_f,age_aggregate_y15_24,geo_cov_urb,2019,21.105
est,sex_f,age_aggregate_y15_24,geo_cov_urb,2020,27.312
est,sex_f,age_aggregate_y15_24,geo_cov_urb,2021,23.356
est,sex_f,age_aggregate_y15_24,geo_cov_urb,2022,23.127
est,sex_f,age_aggregate_y15_24,geo_cov_urb,2023,27.293
est,sex_f,age_aggregate_y15_24,geo_cov_urb,2024,27.042
est,sex_f,age_aggregate_y25_54,geo_cov_nat,1998,13.475
est,sex_f,age_aggregate_y25_54,geo_cov_nat,1999,14.476
est,sex_f,age_aggregate_y25_54,geo_cov_nat,2000,16.285
est,sex_f,age_aggregate_y25_54,geo_cov_nat,2001,17.707
est,sex_f,age_aggregate_y25_54,geo_cov_nat,2002,13.846
est,sex_f,age_aggregate_y25_54,geo_cov_nat,2003,13.47
est,sex_f,age_aggregate_y25_54,geo_cov_nat,2004,12.235
est,sex_f,age_aggregate_y25_54,geo_cov_nat,2005,10.36
est,sex_f,age_aggregate_y25_54,geo_cov_nat,2006,8.038
est,sex_f,age_aggregate_y25_54,geo_cov_nat,2007,6.276
est,sex_f,age_aggregate_y25_54,geo_cov_nat,2008,6.801
est,sex_f,age_aggregate_y25_54,geo_cov_nat,2009,12.531
est,sex_f,age_aggregate_y25_54,geo_cov_nat,2010,15.469
est,sex_f,age_aggregate_y25_54,geo_cov_nat,2011,14.261
est,sex_f,age_aggregate_y25_54,geo_cov_nat,2012,12.416
est,sex_f,age_aggregate_y25_54,geo_cov_nat,2013,11.153
est,sex_f,age_aggregate_y25_54,geo_cov_nat,2014,10.229
est,sex_f,age_aggregate_y25_54,geo_cov_nat,2015,8.557
est,sex_f,age_aggregate_y25_54,geo_cov_nat,2016,8.621
est,sex_f,age_aggregate_y25_54,geo_cov_nat,2017,7.828
est,sex_f,age_aggregate_y25_54,geo_cov_nat,2018,8.221
est,sex_f,age_aggregate_y25_54,geo_cov_nat,2019,7.577
est,sex_f,age_aggregate_y25_54,geo_cov_nat,2020,9.008
est,sex_f,age_aggregate_y25_54,geo_cov_nat,2021,7.353
est,sex_f,age_aggregate_y25_54,geo_cov_nat,2022,6.614
est,sex_f,age_aggregate_y25_54,geo_cov_nat,2023,8.141
est,sex_f,age_aggregate_y25_54,geo_cov_nat,2024,9.086
est,sex_f,age_aggregate_y25_54,geo_cov_rur,1998,13.475
est,sex_f,age_aggregate_y25_54,geo_cov_rur,1999,14.476
est,sex_f,age_aggregate_y25_54,geo_cov_rur,2000,16.285
est,sex_f,age_aggregate_y25_54,geo_cov_rur,2001,17.707
est,sex_f,age_aggregate_y25_54,geo_cov_rur,2002,13.846
est,sex_f,age_aggregate_y25_54,geo_cov_rur,2003,13.47
est,sex_f,age_aggregate_y25_54,geo_cov_rur,2004,12.235
est,sex_f,age_aggregate_y25_54,geo_cov_rur,2005,10.012
est,sex_f,age_aggregate_y25_54,geo_cov_rur,2006,8.245
est,sex_f,age_aggregate_y25_54,geo_cov_rur,2007,7.325
est,sex_f,age_aggregate_y25_54,geo_cov_rur,2008,6.896
est,sex_f,age_aggregate_y25_54,geo_cov_rur,2009,12.527
est,sex_f,age_aggregate_y25_54,geo_cov_rur,2010,14.556
est,sex_f,age_aggregate_y25_54,geo_cov_rur,2011,13.356
est,sex_f,age_aggregate_y25_54,geo_cov_rur,2012,11.471
est,sex_f,age_aggregate_y25_54,geo_cov_rur,2013,11.073
est,sex_f,age_aggregate_y25_54,geo_cov_rur,2014,10.578
est,sex_f,age_aggregate_y25_54,geo_cov_rur,2015,9.726
est,sex_f,age_aggregate_y25_54,geo_cov_rur,2016,9.365
est,sex_f,age_aggregate_y25_54,geo_cov_rur,2017,8.324
est,sex_f,age_aggregate_y25_54,geo_cov_rur,2018,9.663
est,sex_f,age_aggregate_y25_54,geo_cov_rur,2019,7.917
est,sex_f,age_aggregate_y25_54,geo_cov_rur,2020,9.614
est,sex_f,age_aggregate_y25_54,geo_cov_rur,2021,6.231
est,sex_f,age_aggregate_y25_54,geo_cov_rur,2022,5.862
est,sex_f,age_aggregate_y25_54,geo_cov_rur,2023,7.461
est,sex_f,age_aggregate_y25_54,geo_cov_rur,2024,8.182
est,sex_f,age_aggregate_y25_54,geo_cov_urb,2005,10.693
est,sex_f,age_aggregate_y25_54,geo_cov_urb,2006,7.85
est,sex_f,age_aggregate_y25_54,geo_cov_urb,2007,5.362
est,sex_f,age_aggregate_y25_54,geo_cov_urb,2008,6.707
est,sex_f,age_aggregate_y25_54,geo_cov_urb,2009,12.535
est,sex_f,age_aggregate_y25_54,geo_cov_urb,2010,16.307
est,sex_f,age_aggregate_y25_54,geo_cov_urb,2011,15.088
est,sex_f,age_aggregate_y25_54,geo_cov_urb,2012,12.981
est,sex_f,age_aggregate_y25_54,geo_cov_urb,2013,11.2
est,sex_f,age_aggregate_y25_54,geo_cov_urb,2014,10.016
est,sex_f,age_aggregate_y25_54,geo_cov_urb,2015,7.876
est,sex_f,age_aggregate_y25_54,geo_cov_urb,2016,8.18
est,sex_f,age_aggregate_y25_54,geo_cov_urb,2017,7.618
est,sex_f,age_aggregate_y25_54,geo_cov_urb,2018,7.5
est,sex_f,age_aggregate_y25_54,geo_cov_urb,2019,7.424
est,sex_f,age_aggregate_y25_54,geo_cov_urb,2020,8.726
est,sex_f,age_aggregate_y25_54,geo_cov_urb,2021,7.947
est,sex_f,age_aggregate_y25_54,geo_cov_urb,2022,6.984
est,sex_f,age_aggregate_y25_54,geo_cov_urb,2023,8.478
est,sex_f,age_aggregate_y25_54,geo_cov_urb,2024,9.537
est,sex_f,age_aggregate_y55_64,geo_cov_nat,1998,19.015
est,sex_f,age_aggregate_y55_64,geo_cov_nat,1999,19.412
est,sex_f,age_aggregate_y55_64,geo_cov_nat,2000,20.735
est,sex_f,age_aggregate_y55_64,geo_cov_nat,2001,24.893
est,sex_f,age_aggregate_y55_64,geo_cov_nat,2002,18.557
est,sex_f,age_aggregate_y55_64,geo_cov_nat,2003,20.105
est,sex_f,age_aggregate_y55_64,geo_cov_nat,2004,15.953
est,sex_f,age_aggregate_y55_64,geo_cov_nat,2005,13.517
est,sex_f,age_aggregate_y55_64,geo_cov_nat,2006,7.756
est,sex_f,age_aggregate_y55_64,geo_cov_nat,2007,5.47
est,sex_f,age_aggregate_y55_64,geo_cov_nat,2008,7.582
est,sex_f,age_aggregate_y55_64,geo_cov_nat,2009,13.457
est,sex_f,age_aggregate_y55_64,geo_cov_nat,2010,21.206
est,sex_f,age_aggregate_y55_64,geo_cov_nat,2011,16.712
est,sex_f,age_aggregate_y55_64,geo_cov_nat,2012,12.654
est,sex_f,age_aggregate_y55_64,geo_cov_nat,2013,11.11
est,sex_f,age_aggregate_y55_64,geo_cov_nat,2014,10.774
est,sex_f,age_aggregate_y55_64,geo_cov_nat,2015,10.993
est,sex_f,age_aggregate_y55_64,geo_cov_nat,2016,12.461
est,sex_f,age_aggregate_y55_64,geo_cov_nat,2017,10.434
est,sex_f,age_aggregate_y55_64,geo_cov_nat,2018,9.531
est,sex_f,age_aggregate_y55_64,geo_cov_nat,2019,7.065
est,sex_f,age_aggregate_y55_64,geo_cov_nat,2020,9.721
est,sex_f,age_aggregate_y55_64,geo_cov_nat,2021,8.919
est,sex_f,age_aggregate_y55_64,geo_cov_nat,2022,6.801
est,sex_f,age_aggregate_y55_64,geo_cov_nat,2023,8.876
est,sex_f,age_aggregate_y55_64,geo_cov_nat,2024,7.973
est,sex_f,age_aggregate_y55_64,geo_cov_rur,1998,19.015
est,sex_f,age_aggregate_y55_64,geo_cov_rur,1999,19.412
est,sex_f,age_aggregate_y55_64,geo_cov_rur,2000,20.735
est,sex_f,age_aggregate_y55_64,geo_cov_rur,2001,24.893
est,sex_f,age_aggregate_y55_64,geo_cov_rur,2002,18.557
est,sex_f,age_aggregate_y55_64,geo_cov_rur,2003,20.105
est,sex_f,age_aggregate_y55_64,geo_cov_rur,2004,15.953
est,sex_f,age_aggregate_y55_64,geo_cov_rur,2005,14.807
est,sex_f,age_aggregate_y55_64,geo_cov_rur,2006,8.774
est,sex_f,age_aggregate_y55_64,geo_cov_rur,2007,6.894
est,sex_f,age_aggregate_y55_64,geo_cov_rur,2008,7.711
est,sex_f,age_aggregate_y55_64,geo_cov_rur,2009,12.957
est,sex_f,age_aggregate_y55_64,geo_cov_rur,2010,17.942
est,sex_f,age_aggregate_y55_64,geo_cov_rur,2011,13.777
est,sex_f,age_aggregate_y55_64,geo_cov_rur,2012,12.702
est,sex_f,age_aggregate_y55_64,geo_cov_rur,2013,12.458
est,sex_f,age_aggregate_y55_64,geo_cov_rur,2014,12.458
est,sex_f,age_aggregate_y55_64,geo_cov_rur,2015,12.352
est,sex_f,age_aggregate_y55_64,geo_cov_rur,2016,11.365
est,sex_f,age_aggregate_y55_64,geo_cov_rur,2017,9.752
est,sex_f,age_aggregate_y55_64,geo_cov_rur,2018,7.23
est,sex_f,age_aggregate_y55_64,geo_cov_rur,2019,8.942
est,sex_f,age_aggregate_y55_64,geo_cov_rur,2020,10.842
est,sex_f,age_aggregate_y55_64,geo_cov_rur,2021,9.142
est,sex_f,age_aggregate_y55_64,geo_cov_rur,2022,6.274
est,sex_f,age_aggregate_y55_64,geo_cov_rur,2023,8.174
est,sex_f,age_aggregate_y55_64,geo_cov_rur,2024,8.789
est,sex_f,age_aggregate_y55_64,geo_cov_urb,2005,12.492
est,sex_f,age_aggregate_y55_64,geo_cov_urb,2006,6.781
est,sex_f,age_aggregate_y55_64,geo_cov_urb,2007,4.138
est,sex_f,age_aggregate_y55_64,geo_cov_urb,2008,7.455
est,sex_f,age_aggregate_y55_64,geo_cov_urb,2009,13.903
est,sex_f,age_aggregate_y55_64,geo_cov_urb,2010,23.668
est,sex_f,age_aggregate_y55_64,geo_cov_urb,2011,19.404
est,sex_f,age_aggregate_y55_64,geo_cov_urb,2012,12.623
est,sex_f,age_aggregate_y55_64,geo_cov_urb,2013,10.275
est,sex_f,age_aggregate_y55_64,geo_cov_urb,2014,9.73
est,sex_f,age_aggregate_y55_64,geo_cov_urb,2015,10.026
est,sex_f,age_aggregate_y55_64,geo_cov_urb,2016,13.298
est,sex_f,age_aggregate_y55_64,geo_cov_urb,2017,10.795
est,sex_f,age_aggregate_y55_64,geo_cov_urb,2018,10.939
est,sex_f,age_aggregate_y55_64,geo_cov_urb,2019,5.907
est,sex_f,age_aggregate_y55_64,geo_cov_urb,2020,9.073
est,sex_f,age_aggregate_y55_64,geo_cov_urb,2021,8.783
est,sex_f,age_aggregate_y55_64,geo_cov_urb,2022,7.118
est,sex_f,age_aggregate_y55_64,geo_cov_urb,2023,9.327
est,sex_f,age_aggregate_y55_64,geo_cov_urb,2024,7.424
est,sex_f,age_aggregate_yge65,geo_cov_nat,1998,45.941
est,sex_f,age_aggregate_yge65,geo_cov_nat,1999,26.771
est,sex_f,age_aggregate_yge65,geo_cov_nat,2000,36.57
est,sex_f,age_aggregate_yge65,geo_cov_nat,2001,35.306
est,sex_f,age_aggregate_yge65,geo_cov_nat,2002,13.183
est,sex_f,age_aggregate_yge65,geo_cov_nat,2003,22.515
est,sex_f,age_aggregate_yge65,geo_cov_nat,2004,36.782
est,sex_f,age_aggregate_yge65,geo_cov_nat,2005,15.776
est,sex_f,age_aggregate_yge65,geo_cov_nat,2006,14.662
est,sex_f,age_aggregate_yge65,geo_cov_nat,2007,11.735
est,sex_f,age_aggregate_yge65,geo_cov_nat,2008,8.747
est,sex_f,age_aggregate_yge65,geo_cov_nat,2009,18.586
est,sex_f,age_aggregate_yge65,geo_cov_nat,2010,26.116
est,sex_f,age_aggregate_yge65,geo_cov_nat,2011,26.563
est,sex_f,age_aggregate_yge65,geo_cov_nat,2012,23.458
est,sex_f,age_aggregate_yge65,geo_cov_nat,2013,22.902
est,sex_f,age_aggregate_yge65,geo_cov_nat,2014,21.974
est,sex_f,age_aggregate_yge65,geo_cov_nat,2015,19.843
est,sex_f,age_aggregate_yge65,geo_cov_nat,2016,22.56
est,sex_f,age_aggregate_yge65,geo_cov_nat,2017,21.182
est,sex_f,age_aggregate_yge65,geo_cov_nat,2018,20.647
est,sex_f,age_aggregate_yge65,geo_cov_nat,2019,19.81
est,sex_f,age_aggregate_yge65,geo_cov_nat,2020,19.509
est,sex_f,age_aggregate_yge65,geo_cov_nat,2021,15.779
est,sex_f,age_aggregate_yge65,geo_cov_nat,2022,16.83
est,sex_f,age_aggregate_yge65,geo_cov_nat,2023,16.919
est,sex_f,age_aggregate_yge65,geo_cov_nat,2024,16.448
est,sex_f,age_aggregate_yge65,geo_cov_rur,1998,45.941
est,sex_f,age_aggregate_yge65,geo_cov_rur,1999,26.771
est,sex_f,age_aggregate_yge65,geo_cov_rur,2000,36.57
est,sex_f,age_aggregate_yge65,geo_cov_rur,2001,35.306
est,sex_f,age_aggregate_yge65,geo_cov_rur,2002,13.183
est,sex_f,age_aggregate_yge65,geo_cov_rur,2003,22.515
est,sex_f,age_aggregate_yge65,geo_cov_rur,2004,36.782
est,sex_f,age_aggregate_yge65,geo_cov_rur,2005,15.415
est,sex_f,age_aggregate_yge65,geo_cov_rur,2006,10.945
est,sex_f,age_aggregate_yge65,geo_cov_rur,2007,9.716
est,sex_f,age_aggregate_yge65,geo_cov_rur,2008,10.128
est,sex_f,age_aggregate_yge65,geo_cov_rur,2009,23.205
est,sex_f,age_aggregate_yge65,geo_cov_rur,2010,15.659
est,sex_f,age_aggregate_yge65,geo_cov_rur,2011,14.054
est,sex_f,age_aggregate_yge65,geo_cov_rur,2012,20.935
est,sex_f,age_aggregate_yge65,geo_cov_rur,2013,19.04
est,sex_f,age_aggregate_yge65,geo_cov_rur,2014,22.763
est,sex_f,age_aggregate_yge65,geo_cov_rur,2015,16.301
est,sex_f,age_aggregate_yge65,geo_cov_rur,2016,26.199
est,sex_f,age_aggregate_yge65,geo_cov_rur,2017,24.077
est,sex_f,age_aggregate_yge65,geo_cov_rur,2018,22.694
est,sex_f,age_aggregate_yge65,geo_cov_rur,2019,23.311
est,sex_f,age_aggregate_yge65,geo_cov_rur,2020,24.379
est,sex_f,age_aggregate_yge65,geo_cov_rur,2021,19.088
est,sex_f,age_aggregate_yge65,geo_cov_rur,2022,22.402
est,sex_f,age_aggregate_yge65,geo_cov_rur,2023,17.977
est,sex_f,age_aggregate_yge65,geo_cov_rur,2024,17.567
est,sex_f,age_aggregate_yge65,geo_cov_urb,2005,15.998
est,sex_f,age_aggregate_yge65,geo_cov_urb,2006,19.177
est,sex_f,age_aggregate_yge65,geo_cov_urb,2007,13.438
est,sex_f,age_aggregate_yge65,geo_cov_urb,2008,7.567
est,sex_f,age_aggregate_yge65,geo_cov_urb,2009,14.09
est,sex_f,age_aggregate_yge65,geo_cov_urb,2010,35.182
est,sex_f,age_aggregate_yge65,geo_cov_urb,2011,35.44
est,sex_f,age_aggregate_yge65,geo_cov_urb,2012,24.784
est,sex_f,age_aggregate_yge65,geo_cov_urb,2013,24.681
est,sex_f,age_aggregate_yge65,geo_cov_urb,2014,21.58
est,sex_f,age_aggregate_yge65,geo_cov_urb,2015,21.594
est,sex_f,age_aggregate_yge65,geo_cov_urb,2016,20.755
est,sex_f,age_aggregate_yge65,geo_cov_urb,2017,20.072
est,sex_f,age_aggregate_yge65,geo_cov_urb,2018,19.691
est,sex_f,age_aggregate_yge65,geo_cov_urb,2019,18.227
est,sex_f,age_aggregate_yge65,geo_cov_urb,2020,17.221
est,sex_f,age_aggregate_yge65,geo_cov_urb,2021,13.775
est,sex_f,age_aggregate_yge65,geo_cov_urb,2022,13.813
est,sex_f,age_aggregate_yge65,geo_cov_urb,2023,16.381
est,sex_f,age_aggregate_yge65,geo_cov_urb,2024,15.756
est,sex_f,age_ythadult_y15_24,geo_cov_nat,1998,24.418
est,sex_f,age_ythadult_y15_24,geo_cov_nat,1999,36.425
est,sex_f,age_ythadult_y15_24,geo_cov_nat,2000,41.249
est,sex_f,age_ythadult_y15_24,geo_cov_nat,2001,42.166
est,sex_f,age_ythadult_y15_24,geo_cov_nat,2002,44.591
est,sex_f,age_ythadult_y15_24,geo_cov_nat,2003,42.355
est,sex_f,age_ythadult_y15_24,geo_cov_nat,2004,42.186
est,sex_f,age_ythadult_y15_24,geo_cov_nat,2005,23.841
est,sex_f,age_ythadult_y15_24,geo_cov_nat,2006,27.455
est,sex_f,age_ythadult_y15_24,geo_cov_nat,2007,18.046
est,sex_f,age_ythadult_y15_24,geo_cov_nat,2008,17.699
est,sex_f,age_ythadult_y15_24,geo_cov_nat,2009,32.981
est,sex_f,age_ythadult_y15_24,geo_cov_nat,2010,41.059
est,sex_f,age_ythadult_y15_24,geo_cov_nat,2011,34.801
est,sex_f,age_ythadult_y15_24,geo_cov_nat,2012,29.359
est,sex_f,age_ythadult_y15_24,geo_cov_nat,2013,27.279
est,sex_f,age_ythadult_y15_24,geo_cov_nat,2014,20.884
est,sex_f,age_ythadult_y15_24,geo_cov_nat,2015,22.196
est,sex_f,age_ythadult_y15_24,geo_cov_nat,2016,17.026
est,sex_f,age_ythadult_y15_24,geo_cov_nat,2017,16.987
est,sex_f,age_ythadult_y15_24,geo_cov_nat,2018,19.084
est,sex_f,age_ythadult_y15_24,geo_cov_nat,2019,21.906
est,sex_f,age_ythadult_y15_24,geo_cov_nat,2020,29.534
est,sex_f,age_ythadult_y15_24,geo_cov_nat,2021,24.922
est,sex_f,age_ythadult_y15_24,geo_cov_nat,2022,25.19
est,sex_f,age_ythadult_y15_24,geo_cov_nat,2023,27.104
est,sex_f,age_ythadult_y15_24,geo_cov_nat,2024,27.439
est,sex_f,age_ythadult_y15_24,geo_cov_rur,1998,24.418
est,sex_f,age_ythadult_y15_24,geo_cov_rur,1999,36.425
est,sex_f,age_ythadult_y15_24,geo_cov_rur,2000,41.249
est,sex_f,age_ythadult_y15_24,geo_cov_rur,2001,42.166
est,sex_f,age_ythadult_y15_24,geo_cov_rur,2002,44.591
est,sex_f,age_ythadult_y15_24,geo_cov_rur,2003,42.355
est,sex_f,age_ythadult_y15_24,geo_cov_rur,2004,42.186
est,sex_f,age_ythadult_y15_24,geo_cov_rur,2005,29.525
est,sex_f,age_ythadult_y15_24,geo_cov_rur,2006,33.935
est,sex_f,age_ythadult_y15_24,geo_cov_rur,2007,19.803
est,sex_f,age_ythadult_y15_24,geo_cov_rur,2008,23.396
est,sex_f,age_ythadult_y15_24,geo_cov_rur,2009,30.997
est,sex_f,age_ythadult_y15_24,geo_cov_rur,2010,43.087
est,sex_f,age_ythadult_y15_24,geo_cov_rur,2011,37.248
est,sex_f,age_ythadult_y15_24,geo_cov_rur,2012,33.275
est,sex_f,age_ythadult_y15_24,geo_cov_rur,2013,29.016
est,sex_f,age_ythadult_y15_24,geo_cov_rur,2014,20.402
est,sex_f,age_ythadult_y15_24,geo_cov_rur,2015,26.789
est,sex_f,age_ythadult_y15_24,geo_cov_rur,2016,20.367
est,sex_f,age_ythadult_y15_24,geo_cov_rur,2017,19.988
est,sex_f,age_ythadult_y15_24,geo_cov_rur,2018,27.33
est,sex_f,age_ythadult_y15_24,geo_cov_rur,2019,24.084
est,sex_f,age_ythadult_y15_24,geo_cov_rur,2020,36.579
est,sex_f,age_ythadult_y15_24,geo_cov_rur,2021,28.125
est,sex_f,age_ythadult_y15_24,geo_cov_rur,2022,30.736
est,sex_f,age_ythadult_y15_24,geo_cov_rur,2023,26.711
est,sex_f,age_ythadult_y15_24,geo_cov_rur,2024,28.585
est,sex_f,age_ythadult_y15_24,geo_cov_urb,2005,19.581
est,sex_f,age_ythadult_y15_24,geo_cov_urb,2006,20.974
est,sex_f,age_ythadult_y15_24,geo_cov_urb,2007,16.576
est,sex_f,age_ythadult_y15_24,geo_cov_urb,2008,13.759
est,sex_f,age_ythadult_y15_24,geo_cov_urb,2009,34.403
est,sex_f,age_ythadult_y15_24,geo_cov_urb,2010,39.883
est,sex_f,age_ythadult_y15_24,geo_cov_urb,2011,33.059
est,sex_f,age_ythadult_y15_24,geo_cov_urb,2012,26.811
est,sex_f,age_ythadult_y15_24,geo_cov_urb,2013,26.413
est,sex_f,age_ythadult_y15_24,geo_cov_urb,2014,21.164
est,sex_f,age_ythadult_y15_24,geo_cov_urb,2015,19.604
est,sex_f,age_ythadult_y15_24,geo_cov_urb,2016,15.362
est,sex_f,age_ythadult_y15_24,geo_cov_urb,2017,15.656
est,sex_f,age_ythadult_y15_24,geo_cov_urb,2018,15.46
est,sex_f,age_ythadult_y15_24,geo_cov_urb,2019,21.105
est,sex_f,age_ythadult_y15_24,geo_cov_urb,2020,27.312
est,sex_f,age_ythadult_y15_24,geo_cov_urb,2021,23.356
est,sex_f,age_ythadult_y15_24,geo_cov_urb,2022,23.127
est,sex_f,age_ythadult_y15_24,geo_cov_urb,2023,27.293
est,sex_f,age_ythadult_y15_24,geo_cov_urb,2024,27.042
est,sex_f,age_ythadult_y15_64,geo_cov_nat,1998,15.477
est,sex_f,age_ythadult_y15_64,geo_cov_nat,1999,17.552
est,sex_f,age_ythadult_y15_64,geo_cov_nat,2000,19.76
est,sex_f,age_ythadult_y15_64,geo_cov_nat,2001,21.141
est,sex_f,age_ythadult_y15_64,geo_cov_nat,2002,17.638
est,sex_f,age_ythadult_y15_64,geo_cov_nat,2003,17.392
est,sex_f,age_ythadult_y15_64,geo_cov_nat,2004,16.397
est,sex_f,age_ythadult_y15_64,geo_cov_nat,2005,12.222
est,sex_f,age_ythadult_y15_64,geo_cov_nat,2006,9.949
est,sex_f,age_ythadult_y15_64,geo_cov_nat,2007,7.373
est,sex_f,age_ythadult_y15_64,geo_cov_nat,2008,8.149
est,sex_f,age_ythadult_y15_64,geo_cov_nat,2009,14.852
est,sex_f,age_ythadult_y15_64,geo_cov_nat,2010,19.184
est,sex_f,age_ythadult_y15_64,geo_cov_nat,2011,16.935
est,sex_f,age_ythadult_y15_64,geo_cov_nat,2012,14.178
est,sex_f,age_ythadult_y15_64,geo_cov_nat,2013,12.68
est,sex_f,age_ythadult_y15_64,geo_cov_nat,2014,11.312
est,sex_f,age_ythadult_y15_64,geo_cov_nat,2015,10.245
est,sex_f,age_ythadult_y15_64,geo_cov_nat,2016,10.188
est,sex_f,age_ythadult_y15_64,geo_cov_nat,2017,9.2
est,sex_f,age_ythadult_y15_64,geo_cov_nat,2018,9.502
est,sex_f,age_ythadult_y15_64,geo_cov_nat,2019,8.739
est,sex_f,age_ythadult_y15_64,geo_cov_nat,2020,10.972
est,sex_f,age_ythadult_y15_64,geo_cov_nat,2021,9.178
est,sex_f,age_ythadult_y15_64,geo_cov_nat,2022,8.484
est,sex_f,age_ythadult_y15_64,geo_cov_nat,2023,10.168
est,sex_f,age_ythadult_y15_64,geo_cov_nat,2024,10.67
est,sex_f,age_ythadult_y15_64,geo_cov_rur,1998,15.477
est,sex_f,age_ythadult_y15_64,geo_cov_rur,1999,17.552
est,sex_f,age_ythadult_y15_64,geo_cov_rur,2000,19.76
est,sex_f,age_ythadult_y15_64,geo_cov_rur,2001,21.141
est,sex_f,age_ythadult_y15_64,geo_cov_rur,2002,17.638
est,sex_f,age_ythadult_y15_64,geo_cov_rur,2003,17.392
est,sex_f,age_ythadult_y15_64,geo_cov_rur,2004,16.397
est,sex_f,age_ythadult_y15_64,geo_cov_rur,2005,12.496
est,sex_f,age_ythadult_y15_64,geo_cov_rur,2006,11.025
est,sex_f,age_ythadult_y15_64,geo_cov_rur,2007,8.521
est,sex_f,age_ythadult_y15_64,geo_cov_rur,2008,8.578
est,sex_f,age_ythadult_y15_64,geo_cov_rur,2009,14.311
est,sex_f,age_ythadult_y15_64,geo_cov_rur,2010,17.513
est,sex_f,age_ythadult_y15_64,geo_cov_rur,2011,15.705
est,sex_f,age_ythadult_y15_64,geo_cov_rur,2012,14.013
est,sex_f,age_ythadult_y15_64,geo_cov_rur,2013,12.892
est,sex_f,age_ythadult_y15_64,geo_cov_rur,2014,11.835
est,sex_f,age_ythadult_y15_64,geo_cov_rur,2015,11.739
est,sex_f,age_ythadult_y15_64,geo_cov_rur,2016,10.693
est,sex_f,age_ythadult_y15_64,geo_cov_rur,2017,9.686
est,sex_f,age_ythadult_y15_64,geo_cov_rur,2018,10.507
est,sex_f,age_ythadult_y15_64,geo_cov_rur,2019,9.393
est,sex_f,age_ythadult_y15_64,geo_cov_rur,2020,11.699
est,sex_f,age_ythadult_y15_64,geo_cov_rur,2021,8.644
est,sex_f,age_ythadult_y15_64,geo_cov_rur,2022,7.952
est,sex_f,age_ythadult_y15_64,geo_cov_rur,2023,9.427
est,sex_f,age_ythadult_y15_64,geo_cov_rur,2024,9.865
est,sex_f,age_ythadult_y15_64,geo_cov_urb,2005,11.973
est,sex_f,age_ythadult_y15_64,geo_cov_urb,2006,8.953
est,sex_f,age_ythadult_y15_64,geo_cov_urb,2007,6.364
est,sex_f,age_ythadult_y15_64,geo_cov_urb,2008,7.74
est,sex_f,age_ythadult_y15_64,geo_cov_urb,2009,15.342
est,sex_f,age_ythadult_y15_64,geo_cov_urb,2010,20.594
est,sex_f,age_ythadult_y15_64,geo_cov_urb,2011,18.03
est,sex_f,age_ythadult_y15_64,geo_cov_urb,2012,14.279
est,sex_f,age_ythadult_y15_64,geo_cov_urb,2013,12.555
est,sex_f,age_ythadult_y15_64,geo_cov_urb,2014,10.993
est,sex_f,age_ythadult_y15_64,geo_cov_urb,2015,9.338
est,sex_f,age_ythadult_y15_64,geo_cov_urb,2016,9.877
est,sex_f,age_ythadult_y15_64,geo_cov_urb,2017,8.982
est,sex_f,age_ythadult_y15_64,geo_cov_urb,2018,8.981
est,sex_f,age_ythadult_y15_64,geo_cov_urb,2019,8.428
est,sex_f,age_ythadult_y15_64,geo_cov_urb,2020,10.627
est,sex_f,age_ythadult_y15_64,geo_cov_urb,2021,9.468
est,sex_f,age_ythadult_y15_64,geo_cov_urb,2022,8.75
est,sex_f,age_ythadult_y15_64,geo_cov_urb,2023,10.556
est,sex_f,age_ythadult_y15_64,geo_cov_urb,2024,11.085
est,sex_f,age_ythadult_yge15,geo_cov_nat,1998,16.456
est,sex_f,age_ythadult_yge15,geo_cov_nat,1999,17.852
est,sex_f,age_ythadult_yge15,geo_cov_nat,2000,20.381
est,sex_f,age_ythadult_yge15,geo_cov_nat,2001,21.608
est,sex_f,age_ythadult_yge15,geo_cov_nat,2002,17.477
est,sex_f,age_ythadult_yge15,geo_cov_nat,2003,17.587
est,sex_f,age_ythadult_yge15,geo_cov_nat,2004,17.38
est,sex_f,age_ythadult_yge15,geo_cov_nat,2005,12.372
est,sex_f,age_ythadult_yge15,geo_cov_nat,2006,10.153
est,sex_f,age_ythadult_yge15,geo_cov_nat,2007,7.574
est,sex_f,age_ythadult_yge15,geo_cov_nat,2008,8.173
est,sex_f,age_ythadult_yge15,geo_cov_nat,2009,14.99
est,sex_f,age_ythadult_yge15,geo_cov_nat,2010,19.484
est,sex_f,age_ythadult_yge15,geo_cov_nat,2011,17.431
est,sex_f,age_ythadult_yge15,geo_cov_nat,2012,14.662
est,sex_f,age_ythadult_yge15,geo_cov_nat,2013,13.232
est,sex_f,age_ythadult_yge15,geo_cov_nat,2014,11.866
est,sex_f,age_ythadult_yge15,geo_cov_nat,2015,10.812
est,sex_f,age_ythadult_yge15,geo_cov_nat,2016,11.106
est,sex_f,age_ythadult_yge15,geo_cov_nat,2017,10.001
est,sex_f,age_ythadult_yge15,geo_cov_nat,2018,10.279
est,sex_f,age_ythadult_yge15,geo_cov_nat,2019,9.572
est,sex_f,age_ythadult_yge15,geo_cov_nat,2020,11.586
est,sex_f,age_ythadult_yge15,geo_cov_nat,2021,9.661
est,sex_f,age_ythadult_yge15,geo_cov_nat,2022,9.172
est,sex_f,age_ythadult_yge15,geo_cov_nat,2023,10.706
est,sex_f,age_ythadult_yge15,geo_cov_nat,2024,11.168
est,sex_f,age_ythadult_yge15,geo_cov_rur,1998,16.456
est,sex_f,age_ythadult_yge15,geo_cov_rur,1999,17.852
est,sex_f,age_ythadult_yge15,geo_cov_rur,2000,20.381
est,sex_f,age_ythadult_yge15,geo_cov_rur,2001,21.608
est,sex_f,age_ythadult_yge15,geo_cov_rur,2002,17.477
est,sex_f,age_ythadult_yge15,geo_cov_rur,2003,17.587
est,sex_f,age_ythadult_yge15,geo_cov_rur,2004,17.38
est,sex_f,age_ythadult_yge15,geo_cov_rur,2005,12.596
est,sex_f,age_ythadult_yge15,geo_cov_rur,2006,11.021
est,sex_f,age_ythadult_yge15,geo_cov_rur,2007,8.575
est,sex_f,age_ythadult_yge15,geo_cov_rur,2008,8.637
est,sex_f,age_ythadult_yge15,geo_cov_rur,2009,14.652
est,sex_f,age_ythadult_yge15,geo_cov_rur,2010,17.432
est,sex_f,age_ythadult_yge15,geo_cov_rur,2011,15.63
est,sex_f,age_ythadult_yge15,geo_cov_rur,2012,14.343
est,sex_f,age_ythadult_yge15,geo_cov_rur,2013,13.176
est,sex_f,age_ythadult_yge15,geo_cov_rur,2014,12.337
est,sex_f,age_ythadult_yge15,geo_cov_rur,2015,11.977
est,sex_f,age_ythadult_yge15,geo_cov_rur,2016,11.701
est,sex_f,age_ythadult_yge15,geo_cov_rur,2017,10.554
est,sex_f,age_ythadult_yge15,geo_cov_rur,2018,11.304
est,sex_f,age_ythadult_yge15,geo_cov_rur,2019,10.404
est,sex_f,age_ythadult_yge15,geo_cov_rur,2020,12.606
est,sex_f,age_ythadult_yge15,geo_cov_rur,2021,9.459
est,sex_f,age_ythadult_yge15,geo_cov_rur,2022,9.2
est,sex_f,age_ythadult_yge15,geo_cov_rur,2023,10.097
est,sex_f,age_ythadult_yge15,geo_cov_rur,2024,10.603
est,sex_f,age_ythadult_yge15,geo_cov_urb,2005,12.172
est,sex_f,age_ythadult_yge15,geo_cov_urb,2006,9.341
est,sex_f,age_ythadult_yge15,geo_cov_urb,2007,6.697
est,sex_f,age_ythadult_yge15,geo_cov_urb,2008,7.732
est,sex_f,age_ythadult_yge15,geo_cov_urb,2009,15.297
est,sex_f,age_ythadult_yge15,geo_cov_urb,2010,21.218
est,sex_f,age_ythadult_yge15,geo_cov_urb,2011,19.017
est,sex_f,age_ythadult_yge15,geo_cov_urb,2012,14.855
est,sex_f,age_ythadult_yge15,geo_cov_urb,2013,13.265
est,sex_f,age_ythadult_yge15,geo_cov_urb,2014,11.582
est,sex_f,age_ythadult_yge15,geo_cov_urb,2015,10.113
est,sex_f,age_ythadult_yge15,geo_cov_urb,2016,10.744
est,sex_f,age_ythadult_yge15,geo_cov_urb,2017,9.756
est,sex_f,age_ythadult_yge15,geo_cov_urb,2018,9.752
est,sex_f,age_ythadult_yge15,geo_cov_urb,2019,9.176
est,sex_f,age_ythadult_yge15,geo_cov_urb,2020,11.103
est,sex_f,age_ythadult_yge15,geo_cov_urb,2021,9.771
est,sex_f,age_ythadult_yge15,geo_cov_urb,2022,9.157
est,sex_f,age_ythadult_yge15,geo_cov_urb,2023,11.024
est,sex_f,age_ythadult_yge15,geo_cov_urb,2024,11.464
est,sex_f,age_ythadult_yge25,geo_cov_nat,1998,15.49
est,sex_f,age_ythadult_yge25,geo_cov_nat,1999,15.636
est,sex_f,age_ythadult_yge25,geo_cov_nat,2000,17.755
est,sex_f,age_ythadult_yge25,geo_cov_nat,2001,19.435
est,sex_f,age_ythadult_yge25,geo_cov_nat,2002,14.576
est,sex_f,age_ythadult_yge25,geo_cov_nat,2003,14.95
est,sex_f,age_ythadult_yge25,geo_cov_nat,2004,14.194
est,sex_f,age_ythadult_yge25,geo_cov_nat,2005,11.152
est,sex_f,age_ythadult_yge25,geo_cov_nat,2006,8.308
est,sex_f,age_ythadult_yge25,geo_cov_nat,2007,6.416
est,sex_f,age_ythadult_yge25,geo_cov_nat,2008,7.03
est,sex_f,age_ythadult_yge25,geo_cov_nat,2009,12.962
est,sex_f,age_ythadult_yge25,geo_cov_nat,2010,17.113
est,sex_f,age_ythadult_yge25,geo_cov_nat,2011,15.457
est,sex_f,age_ythadult_yge25,geo_cov_nat,2012,13.102
est,sex_f,age_ythadult_yge25,geo_cov_nat,2013,11.841
est,sex_f,age_ythadult_yge25,geo_cov_nat,2014,11.013
est,sex_f,age_ythadult_yge25,geo_cov_nat,2015,9.808
est,sex_f,age_ythadult_yge25,geo_cov_nat,2016,10.588
est,sex_f,age_ythadult_yge25,geo_cov_nat,2017,9.381
est,sex_f,age_ythadult_yge25,geo_cov_nat,2018,9.463
est,sex_f,age_ythadult_yge25,geo_cov_nat,2019,8.463
est,sex_f,age_ythadult_yge25,geo_cov_nat,2020,9.996
est,sex_f,age_ythadult_yge25,geo_cov_nat,2021,8.37
est,sex_f,age_ythadult_yge25,geo_cov_nat,2022,7.581
est,sex_f,age_ythadult_yge25,geo_cov_nat,2023,9.07
est,sex_f,age_ythadult_yge25,geo_cov_nat,2024,9.548
est,sex_f,age_ythadult_yge25,geo_cov_rur,1998,15.49
est,sex_f,age_ythadult_yge25,geo_cov_rur,1999,15.636
est,sex_f,age_ythadult_yge25,geo_cov_rur,2000,17.755
est,sex_f,age_ythadult_yge25,geo_cov_rur,2001,19.435
est,sex_f,age_ythadult_yge25,geo_cov_rur,2002,14.576
est,sex_f,age_ythadult_yge25,geo_cov_rur,2003,14.95
est,sex_f,age_ythadult_yge25,geo_cov_rur,2004,14.194
est,sex_f,age_ythadult_yge25,geo_cov_rur,2005,10.976
est,sex_f,age_ythadult_yge25,geo_cov_rur,2006,8.484
est,sex_f,age_ythadult_yge25,geo_cov_rur,2007,7.367
est,sex_f,age_ythadult_yge25,geo_cov_rur,2008,7.179
est,sex_f,age_ythadult_yge25,geo_cov_rur,2009,13.059
est,sex_f,age_ythadult_yge25,geo_cov_rur,2010,15.222
est,sex_f,age_ythadult_yge25,geo_cov_rur,2011,13.476
est,sex_f,age_ythadult_yge25,geo_cov_rur,2012,12.236
est,sex_f,age_ythadult_yge25,geo_cov_rur,2013,11.775
est,sex_f,age_ythadult_yge25,geo_cov_rur,2014,11.594
est,sex_f,age_ythadult_yge25,geo_cov_rur,2015,10.724
est,sex_f,age_ythadult_yge25,geo_cov_rur,2016,11.041
est,sex_f,age_ythadult_yge25,geo_cov_rur,2017,9.717
est,sex_f,age_ythadult_yge25,geo_cov_rur,2018,9.98
est,sex_f,age_ythadult_yge25,geo_cov_rur,2019,9.392
est,sex_f,age_ythadult_yge25,geo_cov_rur,2020,11.057
est,sex_f,age_ythadult_yge25,geo_cov_rur,2021,8.001
est,sex_f,age_ythadult_yge25,geo_cov_rur,2022,7.502
est,sex_f,age_ythadult_yge25,geo_cov_rur,2023,8.538
est,sex_f,age_ythadult_yge25,geo_cov_rur,2024,9.295
est,sex_f,age_ythadult_yge25,geo_cov_urb,2005,11.312
est,sex_f,age_ythadult_yge25,geo_cov_urb,2006,8.144
est,sex_f,age_ythadult_yge25,geo_cov_urb,2007,5.578
est,sex_f,age_ythadult_yge25,geo_cov_urb,2008,6.883
est,sex_f,age_ythadult_yge25,geo_cov_urb,2009,12.872
est,sex_f,age_ythadult_yge25,geo_cov_urb,2010,18.777
est,sex_f,age_ythadult_yge25,geo_cov_urb,2011,17.243
est,sex_f,age_ythadult_yge25,geo_cov_urb,2012,13.623
est,sex_f,age_ythadult_yge25,geo_cov_urb,2013,11.881
est,sex_f,age_ythadult_yge25,geo_cov_urb,2014,10.66
est,sex_f,age_ythadult_yge25,geo_cov_urb,2015,9.256
est,sex_f,age_ythadult_yge25,geo_cov_urb,2016,10.308
est,sex_f,age_ythadult_yge25,geo_cov_urb,2017,9.232
est,sex_f,age_ythadult_yge25,geo_cov_urb,2018,9.193
est,sex_f,age_ythadult_yge25,geo_cov_urb,2019,8.011
est,sex_f,age_ythadult_yge25,geo_cov_urb,2020,9.477
est,sex_f,age_ythadult_yge25,geo_cov_urb,2021,8.573
est,sex_f,age_ythadult_yge25,geo_cov_urb,2022,7.622
est,sex_f,age_ythadult_yge25,geo_cov_urb,2023,9.35
est,sex_f,age_ythadult_yge25,geo_cov_urb,2024,9.685
est,sex_m,age_aggregate_total,geo_cov_nat,1998,15.906
est,sex_m,age_aggregate_total,geo_cov_nat,1999,18.39
est,sex_m,age_aggregate_total,geo_cov_nat,2000,21.494
est,sex_m,age_aggregate_total,geo_cov_nat,2001,20.751
est,sex_m,age_aggregate_total,geo_cov_nat,2002,19.086
est,sex_m,age_aggregate_total,geo_cov_nat,2003,18.116
est,sex_m,age_aggregate_total,geo_cov_nat,2004,18.823
est,sex_m,age_aggregate_total,geo_cov_nat,2005,15.176
est,sex_m,age_aggregate_total,geo_cov_nat,2006,10.226
est,sex_m,age_aggregate_total,geo_cov_nat,2007,9.38
est,sex_m,age_aggregate_total,geo_cov_nat,2008,8.948
est,sex_m,age_aggregate_total,geo_cov_nat,2009,21.036
est,sex_m,age_aggregate_total,geo_cov_nat,2010,23.693
est,sex_m,age_aggregate_total,geo_cov_nat,2011,18.131
est,sex_m,age_aggregate_total,geo_cov_nat,2012,16.113
est,sex_m,age_aggregate_total,geo_cov_nat,2013,13.353
est,sex_m,age_aggregate_total,geo_cov_nat,2014,11.828
est,sex_m,age_aggregate_total,geo_cov_nat,2015,9.964
est,sex_m,age_aggregate_total,geo_cov_nat,2016,11.903
est,sex_m,age_aggregate_total,geo_cov_nat,2017,10.422
est,sex_m,age_aggregate_total,geo_cov_nat,2018,9.735
est,sex_m,age_aggregate_total,geo_cov_nat,2019,8.069
est,sex_m,age_aggregate_total,geo_cov_nat,2020,11.204
est,sex_m,age_aggregate_total,geo_cov_nat,2021,10.131
est,sex_m,age_aggregate_total,geo_cov_nat,2022,9.196
est,sex_m,age_aggregate_total,geo_cov_nat,2023,9.612
est,sex_m,age_aggregate_total,geo_cov_nat,2024,11.432
est,sex_m,age_aggregate_total,geo_cov_rur,1998,15.906
est,sex_m,age_aggregate_total,geo_cov_rur,1999,18.39
est,sex_m,age_aggregate_total,geo_cov_rur,2000,21.494
est,sex_m,age_aggregate_total,geo_cov_rur,2001,20.751
est,sex_m,age_aggregate_total,geo_cov_rur,2002,19.086
est,sex_m,age_aggregate_total,geo_cov_rur,2003,18.116
est,sex_m,age_aggregate_total,geo_cov_rur,2004,18.823
est,sex_m,age_aggregate_total,geo_cov_rur,2005,15.341
est,sex_m,age_aggregate_total,geo_cov_rur,2006,11.372
est,sex_m,age_aggregate_total,geo_cov_rur,2007,11.188
est,sex_m,age_aggregate_total,geo_cov_rur,2008,9.502
est,sex_m,age_aggregate_total,geo_cov_rur,2009,21.394
est,sex_m,age_aggregate_total,geo_cov_rur,2010,21.902
est,sex_m,age_aggregate_total,geo_cov_rur,2011,17.522
est,sex_m,age_aggregate_total,geo_cov_rur,2012,16.731
est,sex_m,age_aggregate_total,geo_cov_rur,2013,13.746
est,sex_m,age_aggregate_total,geo_cov_rur,2014,13.356
est,sex_m,age_aggregate_total,geo_cov_rur,2015,12.384
est,sex_m,age_aggregate_total,geo_cov_rur,2016,12.749
est,sex_m,age_aggregate_total,geo_cov_rur,2017,11.112
est,sex_m,age_aggregate_total,geo_cov_rur,2018,10.734
est,sex_m,age_aggregate_total,geo_cov_rur,2019,10.281
est,sex_m,age_aggregate_total,geo_cov_rur,2020,11.582
est,sex_m,age_aggregate_total,geo_cov_rur,2021,9.963
est,sex_m,age_aggregate_total,geo_cov_rur,2022,8.965
est,sex_m,age_aggregate_total,geo_cov_rur,2023,9.747
est,sex_m,age_aggregate_total,geo_cov_rur,2024,12.053
est,sex_m,age_aggregate_total,geo_cov_urb,2005,15.014
est,sex_m,age_aggregate_total,geo_cov_urb,2006,9.045
est,sex_m,age_aggregate_total,geo_cov_urb,2007,7.543
est,sex_m,age_aggregate_total,geo_cov_urb,2008,8.383
est,sex_m,age_aggregate_total,geo_cov_urb,2009,20.66
est,sex_m,age_aggregate_total,geo_cov_urb,2010,25.541
est,sex_m,age_aggregate_total,geo_cov_urb,2011,18.747
est,sex_m,age_aggregate_total,geo_cov_urb,2012,15.683
est,sex_m,age_aggregate_total,geo_cov_urb,2013,13.084
est,sex_m,age_aggregate_total,geo_cov_urb,2014,10.798
est,sex_m,age_aggregate_total,geo_cov_urb,2015,8.354
est,sex_m,age_aggregate_total,geo_cov_urb,2016,11.371
est,sex_m,age_aggregate_total,geo_cov_urb,2017,10.077
est,sex_m,age_aggregate_total,geo_cov_urb,2018,9.162
est,sex_m,age_aggregate_total,geo_cov_urb,2019,6.802
est,sex_m,age_aggregate_total,geo_cov_urb,2020,10.987
est,sex_m,age_aggregate_total,geo_cov_urb,2021,10.23
est,sex_m,age_aggregate_total,geo_cov_urb,2022,9.321
est,sex_m,age_aggregate_total,geo_cov_urb,2023,9.534
est,sex_m,age_aggregate_total,geo_cov_urb,2024,11.08
est,sex_m,age_aggregate_y15_24,geo_cov_nat,1998,27.086
est,sex_m,age_aggregate_y15_24,geo_cov_nat,1999,30.582
est,sex_m,age_aggregate_y15_24,geo_cov_nat,2000,31.818
est,sex_m,age_aggregate_y15_24,geo_cov_nat,2001,31.214
est,sex_m,age_aggregate_y15_24,geo_cov_nat,2002,30.896
est,sex_m,age_aggregate_y15_24,geo_cov_nat,2003,29.03
est,sex_m,age_aggregate_y15_24,geo_cov_nat,2004,36.161
est,sex_m,age_aggregate_y15_24,geo_cov_nat,2005,22.786
est,sex_m,age_aggregate_y15_24,geo_cov_nat,2006,17.83
est,sex_m,age_aggregate_y15_24,geo_cov_nat,2007,21.468
est,sex_m,age_aggregate_y15_24,geo_cov_nat,2008,19.132
est,sex_m,age_aggregate_y15_24,geo_cov_nat,2009,40.017
est,sex_m,age_aggregate_y15_24,geo_cov_nat,2010,44.627
est,sex_m,age_aggregate_y15_24,geo_cov_nat,2011,36.637
est,sex_m,age_aggregate_y15_24,geo_cov_nat,2012,32.381
est,sex_m,age_aggregate_y15_24,geo_cov_nat,2013,27.105
est,sex_m,age_aggregate_y15_24,geo_cov_nat,2014,26.68
est,sex_m,age_aggregate_y15_24,geo_cov_nat,2015,20.749
est,sex_m,age_aggregate_y15_24,geo_cov_nat,2016,23.586
est,sex_m,age_aggregate_y15_24,geo_cov_nat,2017,21.088
est,sex_m,age_aggregate_y15_24,geo_cov_nat,2018,21.634
est,sex_m,age_aggregate_y15_24,geo_cov_nat,2019,20.683
est,sex_m,age_aggregate_y15_24,geo_cov_nat,2020,29.044
est,sex_m,age_aggregate_y15_24,geo_cov_nat,2021,28.767
est,sex_m,age_aggregate_y15_24,geo_cov_nat,2022,29.944
est,sex_m,age_aggregate_y15_24,geo_cov_nat,2023,29.991
est,sex_m,age_aggregate_y15_24,geo_cov_nat,2024,31.095
est,sex_m,age_aggregate_y15_24,geo_cov_rur,1998,27.086
est,sex_m,age_aggregate_y15_24,geo_cov_rur,1999,30.582
est,sex_m,age_aggregate_y15_24,geo_cov_rur,2000,31.818
est,sex_m,age_aggregate_y15_24,geo_cov_rur,2001,31.214
est,sex_m,age_aggregate_y15_24,geo_cov_rur,2002,30.896
est,sex_m,age_aggregate_y15_24,geo_cov_rur,2003,29.03
est,sex_m,age_aggregate_y15_24,geo_cov_rur,2004,36.161
est,sex_m,age_aggregate_y15_24,geo_cov_rur,2005,21.184
est,sex_m,age_aggregate_y15_24,geo_cov_rur,2006,20.994
est,sex_m,age_aggregate_y15_24,geo_cov_rur,2007,23.493
est,sex_m,age_aggregate_y15_24,geo_cov_rur,2008,19.722
est,sex_m,age_aggregate_y15_24,geo_cov_rur,2009,35.64
est,sex_m,age_aggregate_y15_24,geo_cov_rur,2010,42.033
est,sex_m,age_aggregate_y15_24,geo_cov_rur,2011,33.791
est,sex_m,age_aggregate_y15_24,geo_cov_rur,2012,29.462
est,sex_m,age_aggregate_y15_24,geo_cov_rur,2013,27.772
est,sex_m,age_aggregate_y15_24,geo_cov_rur,2014,27.782
est,sex_m,age_aggregate_y15_24,geo_cov_rur,2015,17.941
est,sex_m,age_aggregate_y15_24,geo_cov_rur,2016,24.457
est,sex_m,age_aggregate_y15_24,geo_cov_rur,2017,24.219
est,sex_m,age_aggregate_y15_24,geo_cov_rur,2018,25.289
est,sex_m,age_aggregate_y15_24,geo_cov_rur,2019,21.588
est,sex_m,age_aggregate_y15_24,geo_cov_rur,2020,29.652
est,sex_m,age_aggregate_y15_24,geo_cov_rur,2021,36.024
est,sex_m,age_aggregate_y15_24,geo_cov_rur,2022,36.945
est,sex_m,age_aggregate_y15_24,geo_cov_rur,2023,31.913
est,sex_m,age_aggregate_y15_24,geo_cov_rur,2024,34.869
est,sex_m,age_aggregate_y15_24,geo_cov_urb,2005,24.035
est,sex_m,age_aggregate_y15_24,geo_cov_urb,2006,14.421
est,sex_m,age_aggregate_y15_24,geo_cov_urb,2007,19.35
est,sex_m,age_aggregate_y15_24,geo_cov_urb,2008,18.56
est,sex_m,age_aggregate_y15_24,geo_cov_urb,2009,44.392
est,sex_m,age_aggregate_y15_24,geo_cov_urb,2010,47.262
est,sex_m,age_aggregate_y15_24,geo_cov_urb,2011,38.924
est,sex_m,age_aggregate_y15_24,geo_cov_urb,2012,34.318
est,sex_m,age_aggregate_y15_24,geo_cov_urb,2013,26.643
est,sex_m,age_aggregate_y15_24,geo_cov_urb,2014,25.832
est,sex_m,age_aggregate_y15_24,geo_cov_urb,2015,23.517
est,sex_m,age_aggregate_y15_24,geo_cov_urb,2016,23.085
est,sex_m,age_aggregate_y15_24,geo_cov_urb,2017,19.621
est,sex_m,age_aggregate_y15_24,geo_cov_urb,2018,19.529
est,sex_m,age_aggregate_y15_24,geo_cov_urb,2019,20.147
est,sex_m,age_aggregate_y15_24,geo_cov_urb,2020,28.711
est,sex_m,age_aggregate_y15_24,geo_cov_urb,2021,25.487
est,sex_m,age_aggregate_y15_24,geo_cov_urb,2022,26.575
est,sex_m,age_aggregate_y15_24,geo_cov_urb,2023,29.054
est,sex_m,age_aggregate_y15_24,geo_cov_urb,2024,29.08
est,sex_m,age_aggregate_y25_54,geo_cov_nat,1998,12.965
est,sex_m,age_aggregate_y25_54,geo_cov_nat,1999,15.878
est,sex_m,age_aggregate_y25_54,geo_cov_nat,2000,18.401
est,sex_m,age_aggregate_y25_54,geo_cov_nat,2001,18.634
est,sex_m,age_aggregate_y25_54,geo_cov_nat,2002,15.771
est,sex_m,age_aggregate_y25_54,geo_cov_nat,2003,15.652
est,sex_m,age_aggregate_y25_54,geo_cov_nat,2004,14.489
est,sex_m,age_aggregate_y25_54,geo_cov_nat,2005,13.002
est,sex_m,age_aggregate_y25_54,geo_cov_nat,2006,8.139
est,sex_m,age_aggregate_y25_54,geo_cov_nat,2007,6.183
est,sex_m,age_aggregate_y25_54,geo_cov_nat,2008,6.699
est,sex_m,age_aggregate_y25_54,geo_cov_nat,2009,17.803
est,sex_m,age_aggregate_y25_54,geo_cov_nat,2010,19.332
est,sex_m,age_aggregate_y25_54,geo_cov_nat,2011,13.594
est,sex_m,age_aggregate_y25_54,geo_cov_nat,2012,12.221
est,sex_m,age_aggregate_y25_54,geo_cov_nat,2013,10.509
est,sex_m,age_aggregate_y25_54,geo_cov_nat,2014,9.343
est,sex_m,age_aggregate_y25_54,geo_cov_nat,2015,7.44
est,sex_m,age_aggregate_y25_54,geo_cov_nat,2016,8.482
est,sex_m,age_aggregate_y25_54,geo_cov_nat,2017,7.499
est,sex_m,age_aggregate_y25_54,geo_cov_nat,2018,6.588
est,sex_m,age_aggregate_y25_54,geo_cov_nat,2019,5.4
est,sex_m,age_aggregate_y25_54,geo_cov_nat,2020,8.099
est,sex_m,age_aggregate_y25_54,geo_cov_nat,2021,7.536
est,sex_m,age_aggregate_y25_54,geo_cov_nat,2022,6.485
est,sex_m,age_aggregate_y25_54,geo_cov_nat,2023,6.988
est,sex_m,age_aggregate_y25_54,geo_cov_nat,2024,8.421
est,sex_m,age_aggregate_y25_54,geo_cov_rur,1998,12.965
est,sex_m,age_aggregate_y25_54,geo_cov_rur,1999,15.878
est,sex_m,age_aggregate_y25_54,geo_cov_rur,2000,18.401
est,sex_m,age_aggregate_y25_54,geo_cov_rur,2001,18.634
est,sex_m,age_aggregate_y25_54,geo_cov_rur,2002,15.771
est,sex_m,age_aggregate_y25_54,geo_cov_rur,2003,15.652
est,sex_m,age_aggregate_y25_54,geo_cov_rur,2004,14.489
est,sex_m,age_aggregate_y25_54,geo_cov_rur,2005,13.496
est,sex_m,age_aggregate_y25_54,geo_cov_rur,2006,9.277
est,sex_m,age_aggregate_y25_54,geo_cov_rur,2007,8.312
est,sex_m,age_aggregate_y25_54,geo_cov_rur,2008,7.559
est,sex_m,age_aggregate_y25_54,geo_cov_rur,2009,19.506
est,sex_m,age_aggregate_y25_54,geo_cov_rur,2010,18.617
est,sex_m,age_aggregate_y25_54,geo_cov_rur,2011,14.004
est,sex_m,age_aggregate_y25_54,geo_cov_rur,2012,12.883
est,sex_m,age_aggregate_y25_54,geo_cov_rur,2013,11.067
est,sex_m,age_aggregate_y25_54,geo_cov_rur,2014,10.513
est,sex_m,age_aggregate_y25_54,geo_cov_rur,2015,10.602
est,sex_m,age_aggregate_y25_54,geo_cov_rur,2016,9.243
est,sex_m,age_aggregate_y25_54,geo_cov_rur,2017,7.256
est,sex_m,age_aggregate_y25_54,geo_cov_rur,2018,6.937
est,sex_m,age_aggregate_y25_54,geo_cov_rur,2019,6.891
est,sex_m,age_aggregate_y25_54,geo_cov_rur,2020,8.529
est,sex_m,age_aggregate_y25_54,geo_cov_rur,2021,6.426
est,sex_m,age_aggregate_y25_54,geo_cov_rur,2022,5.594
est,sex_m,age_aggregate_y25_54,geo_cov_rur,2023,6.621
est,sex_m,age_aggregate_y25_54,geo_cov_rur,2024,8.53
est,sex_m,age_aggregate_y25_54,geo_cov_urb,2005,12.493
est,sex_m,age_aggregate_y25_54,geo_cov_urb,2006,7.001
est,sex_m,age_aggregate_y25_54,geo_cov_urb,2007,4.06
est,sex_m,age_aggregate_y25_54,geo_cov_urb,2008,5.803
est,sex_m,age_aggregate_y25_54,geo_cov_urb,2009,15.902
est,sex_m,age_aggregate_y25_54,geo_cov_urb,2010,20.109
est,sex_m,age_aggregate_y25_54,geo_cov_urb,2011,13.171
est,sex_m,age_aggregate_y25_54,geo_cov_urb,2012,11.771
est,sex_m,age_aggregate_y25_54,geo_cov_urb,2013,10.14
est,sex_m,age_aggregate_y25_54,geo_cov_urb,2014,8.568
est,sex_m,age_aggregate_y25_54,geo_cov_urb,2015,5.478
est,sex_m,age_aggregate_y25_54,geo_cov_urb,2016,8.029
est,sex_m,age_aggregate_y25_54,geo_cov_urb,2017,7.616
est,sex_m,age_aggregate_y25_54,geo_cov_urb,2018,6.396
est,sex_m,age_aggregate_y25_54,geo_cov_urb,2019,4.586
est,sex_m,age_aggregate_y25_54,geo_cov_urb,2020,7.863
est,sex_m,age_aggregate_y25_54,geo_cov_urb,2021,8.167
est,sex_m,age_aggregate_y25_54,geo_cov_urb,2022,6.943
est,sex_m,age_aggregate_y25_54,geo_cov_urb,2023,7.189
est,sex_m,age_aggregate_y25_54,geo_cov_urb,2024,8.364
est,sex_m,age_aggregate_y55_64,geo_cov_nat,1998,16.095
est,sex_m,age_aggregate_y55_64,geo_cov_nat,1999,16.905
est,sex_m,age_aggregate_y55_64,geo_cov_nat,2000,27.011
est,sex_m,age_aggregate_y55_64,geo_cov_nat,2001,22.506
est,sex_m,age_aggregate_y55_64,geo_cov_nat,2002,25.487
est,sex_m,age_aggregate_y55_64,geo_cov_nat,2003,19.144
est,sex_m,age_aggregate_y55_64,geo_cov_nat,2004,23.907
est,sex_m,age_aggregate_y55_64,geo_cov_nat,2005,17.341
est,sex_m,age_aggregate_y55_64,geo_cov_nat,2006,14.497
est,sex_m,age_aggregate_y55_64,geo_cov_nat,2007,13.447
est,sex_m,age_aggregate_y55_64,geo_cov_nat,2008,10.105
est,sex_m,age_aggregate_y55_64,geo_cov_nat,2009,18.744
est,sex_m,age_aggregate_y55_64,geo_cov_nat,2010,26.924
est,sex_m,age_aggregate_y55_64,geo_cov_nat,2011,21.89
est,sex_m,age_aggregate_y55_64,geo_cov_nat,2012,18.005
est,sex_m,age_aggregate_y55_64,geo_cov_nat,2013,14.511
est,sex_m,age_aggregate_y55_64,geo_cov_nat,2014,11.686
est,sex_m,age_aggregate_y55_64,geo_cov_nat,2015,13.165
est,sex_m,age_aggregate_y55_64,geo_cov_nat,2016,16.755
est,sex_m,age_aggregate_y55_64,geo_cov_nat,2017,14.191
est,sex_m,age_aggregate_y55_64,geo_cov_nat,2018,13.994
est,sex_m,age_aggregate_y55_64,geo_cov_nat,2019,9.479
est,sex_m,age_aggregate_y55_64,geo_cov_nat,2020,12.419
est,sex_m,age_aggregate_y55_64,geo_cov_nat,2021,11.302
est,sex_m,age_aggregate_y55_64,geo_cov_nat,2022,8.744
est,sex_m,age_aggregate_y55_64,geo_cov_nat,2023,8.54
est,sex_m,age_aggregate_y55_64,geo_cov_nat,2024,12.134
est,sex_m,age_aggregate_y55_64,geo_cov_rur,1998,16.095
est,sex_m,age_aggregate_y55_64,geo_cov_rur,1999,16.905
est,sex_m,age_aggregate_y55_64,geo_cov_rur,2000,27.011
est,sex_m,age_aggregate_y55_64,geo_cov_rur,2001,22.506
est,sex_m,age_aggregate_y55_64,geo_cov_rur,2002,25.487
est,sex_m,age_aggregate_y55_64,geo_cov_rur,2003,19.144
est,sex_m,age_aggregate_y55_64,geo_cov_rur,2004,23.907
est,sex_m,age_aggregate_y55_64,geo_cov_rur,2005,19.774
est,sex_m,age_aggregate_y55_64,geo_cov_rur,2006,14.078
est,sex_m,age_aggregate_y55_64,geo_cov_rur,2007,12.748
est,sex_m,age_aggregate_y55_64,geo_cov_rur,2008,10.337
est,sex_m,age_aggregate_y55_64,geo_cov_rur,2009,19.722
est,sex_m,age_aggregate_y55_64,geo_cov_rur,2010,22.563
est,sex_m,age_aggregate_y55_64,geo_cov_rur,2011,21.34
est,sex_m,age_aggregate_y55_64,geo_cov_rur,2012,22.193
est,sex_m,age_aggregate_y55_64,geo_cov_rur,2013,14.269
est,sex_m,age_aggregate_y55_64,geo_cov_rur,2014,13.078
est,sex_m,age_aggregate_y55_64,geo_cov_rur,2015,14.036
est,sex_m,age_aggregate_y55_64,geo_cov_rur,2016,16.291
est,sex_m,age_aggregate_y55_64,geo_cov_rur,2017,17.814
est,sex_m,age_aggregate_y55_64,geo_cov_rur,2018,15.634
est,sex_m,age_aggregate_y55_64,geo_cov_rur,2019,13.436
est,sex_m,age_aggregate_y55_64,geo_cov_rur,2020,11.912
est,sex_m,age_aggregate_y55_64,geo_cov_rur,2021,12.946
est,sex_m,age_aggregate_y55_64,geo_cov_rur,2022,7.067
est,sex_m,age_aggregate_y55_64,geo_cov_rur,2023,9.182
est,sex_m,age_aggregate_y55_64,geo_cov_rur,2024,12.77
est,sex_m,age_aggregate_y55_64,geo_cov_urb,2005,14.771
est,sex_m,age_aggregate_y55_64,geo_cov_urb,2006,15.042
est,sex_m,age_aggregate_y55_64,geo_cov_urb,2007,14.285
est,sex_m,age_aggregate_y55_64,geo_cov_urb,2008,9.843
est,sex_m,age_aggregate_y55_64,geo_cov_urb,2009,17.852
est,sex_m,age_aggregate_y55_64,geo_cov_urb,2010,30.496
est,sex_m,age_aggregate_y55_64,geo_cov_urb,2011,22.513
est,sex_m,age_aggregate_y55_64,geo_cov_urb,2012,14.476
est,sex_m,age_aggregate_y55_64,geo_cov_urb,2013,14.701
est,sex_m,age_aggregate_y55_64,geo_cov_urb,2014,10.738
est,sex_m,age_aggregate_y55_64,geo_cov_urb,2015,12.488
est,sex_m,age_aggregate_y55_64,geo_cov_urb,2016,17.138
est,sex_m,age_aggregate_y55_64,geo_cov_urb,2017,11.96
est,sex_m,age_aggregate_y55_64,geo_cov_urb,2018,12.802
est,sex_m,age_aggregate_y55_64,geo_cov_urb,2019,6.91
est,sex_m,age_aggregate_y55_64,geo_cov_urb,2020,12.77
est,sex_m,age_aggregate_y55_64,geo_cov_urb,2021,10.074
est,sex_m,age_aggregate_y55_64,geo_cov_urb,2022,9.888
est,sex_m,age_aggregate_y55_64,geo_cov_urb,2023,8.021
est,sex_m,age_aggregate_y55_64,geo_cov_urb,2024,11.604
est,sex_m,age_aggregate_yge65,geo_cov_nat,1998,32.312
est,sex_m,age_aggregate_yge65,geo_cov_nat,1999,30.709
est,sex_m,age_aggregate_yge65,geo_cov_nat,2000,29.407
est,sex_m,age_aggregate_yge65,geo_cov_nat,2001,21.238
est,sex_m,age_aggregate_yge65,geo_cov_nat,2002,26.433
est,sex_m,age_aggregate_yge65,geo_cov_nat,2003,21.793
est,sex_m,age_aggregate_yge65,geo_cov_nat,2004,16.275
est,sex_m,age_aggregate_yge65,geo_cov_nat,2005,25.121
est,sex_m,age_aggregate_yge65,geo_cov_nat,2006,11.508
est,sex_m,age_aggregate_yge65,geo_cov_nat,2007,15.241
est,sex_m,age_aggregate_yge65,geo_cov_nat,2008,13.151
est,sex_m,age_aggregate_yge65,geo_cov_nat,2009,25.543
est,sex_m,age_aggregate_yge65,geo_cov_nat,2010,28.645
est,sex_m,age_aggregate_yge65,geo_cov_nat,2011,30.142
est,sex_m,age_aggregate_yge65,geo_cov_nat,2012,32.774
est,sex_m,age_aggregate_yge65,geo_cov_nat,2013,26.338
est,sex_m,age_aggregate_yge65,geo_cov_nat,2014,22.743
est,sex_m,age_aggregate_yge65,geo_cov_nat,2015,19.989
est,sex_m,age_aggregate_yge65,geo_cov_nat,2016,27.255
est,sex_m,age_aggregate_yge65,geo_cov_nat,2017,21.881
est,sex_m,age_aggregate_yge65,geo_cov_nat,2018,20.055
est,sex_m,age_aggregate_yge65,geo_cov_nat,2019,20.505
est,sex_m,age_aggregate_yge65,geo_cov_nat,2020,22.026
est,sex_m,age_aggregate_yge65,geo_cov_nat,2021,13.866
est,sex_m,age_aggregate_yge65,geo_cov_nat,2022,15.503
est,sex_m,age_aggregate_yge65,geo_cov_nat,2023,14.808
est,sex_m,age_aggregate_yge65,geo_cov_nat,2024,16.121
est,sex_m,age_aggregate_yge65,geo_cov_rur,1998,32.312
est,sex_m,age_aggregate_yge65,geo_cov_rur,1999,30.709
est,sex_m,age_aggregate_yge65,geo_cov_rur,2000,29.407
est,sex_m,age_aggregate_yge65,geo_cov_rur,2001,21.238
est,sex_m,age_aggregate_yge65,geo_cov_rur,2002,26.433
est,sex_m,age_aggregate_yge65,geo_cov_rur,2003,21.793
est,sex_m,age_aggregate_yge65,geo_cov_rur,2004,16.275
est,sex_m,age_aggregate_yge65,geo_cov_rur,2005,20.477
est,sex_m,age_aggregate_yge65,geo_cov_rur,2006,8.467
est,sex_m,age_aggregate_yge65,geo_cov_rur,2007,17.607
est,sex_m,age_aggregate_yge65,geo_cov_rur,2008,9.776
est,sex_m,age_aggregate_yge65,geo_cov_rur,2009,14.364
est,sex_m,age_aggregate_yge65,geo_cov_rur,2010,19.669
est,sex_m,age_aggregate_yge65,geo_cov_rur,2011,22.242
est,sex_m,age_aggregate_yge65,geo_cov_rur,2012,28.812
est,sex_m,age_aggregate_yge65,geo_cov_rur,2013,23.782
est,sex_m,age_aggregate_yge65,geo_cov_rur,2014,29.315
est,sex_m,age_aggregate_yge65,geo_cov_rur,2015,23.186
est,sex_m,age_aggregate_yge65,geo_cov_rur,2016,30.465
est,sex_m,age_aggregate_yge65,geo_cov_rur,2017,19.045
est,sex_m,age_aggregate_yge65,geo_cov_rur,2018,20.577
est,sex_m,age_aggregate_yge65,geo_cov_rur,2019,24.683
est,sex_m,age_aggregate_yge65,geo_cov_rur,2020,23.443
est,sex_m,age_aggregate_yge65,geo_cov_rur,2021,12.89
est,sex_m,age_aggregate_yge65,geo_cov_rur,2022,19.195
est,sex_m,age_aggregate_yge65,geo_cov_rur,2023,18.843
est,sex_m,age_aggregate_yge65,geo_cov_rur,2024,17.158
est,sex_m,age_aggregate_yge65,geo_cov_urb,2005,28.227
est,sex_m,age_aggregate_yge65,geo_cov_urb,2006,13.727
est,sex_m,age_aggregate_yge65,geo_cov_urb,2007,13.466
est,sex_m,age_aggregate_yge65,geo_cov_urb,2008,14.812
est,sex_m,age_aggregate_yge65,geo_cov_urb,2009,33.318
est,sex_m,age_aggregate_yge65,geo_cov_urb,2010,36.98
est,sex_m,age_aggregate_yge65,geo_cov_urb,2011,37.859
est,sex_m,age_aggregate_yge65,geo_cov_urb,2012,34.962
est,sex_m,age_aggregate_yge65,geo_cov_urb,2013,28.125
est,sex_m,age_aggregate_yge65,geo_cov_urb,2014,18.441
est,sex_m,age_aggregate_yge65,geo_cov_urb,2015,18.352
est,sex_m,age_aggregate_yge65,geo_cov_urb,2016,25.09
est,sex_m,age_aggregate_yge65,geo_cov_urb,2017,23.154
est,sex_m,age_aggregate_yge65,geo_cov_urb,2018,19.804
est,sex_m,age_aggregate_yge65,geo_cov_urb,2019,17.552
est,sex_m,age_aggregate_yge65,geo_cov_urb,2020,21.178
est,sex_m,age_aggregate_yge65,geo_cov_urb,2021,14.548
est,sex_m,age_aggregate_yge65,geo_cov_urb,2022,13.305
est,sex_m,age_aggregate_yge65,geo_cov_urb,2023,12.472
est,sex_m,age_aggregate_yge65,geo_cov_urb,2024,15.59
est,sex_m,age_ythadult_y15_24,geo_cov_nat,1998,27.086
est,sex_m,age_ythadult_y15_24,geo_cov_nat,1999,30.582
est,sex_m,age_ythadult_y15_24,geo_cov_nat,2000,31.818
est,sex_m,age_ythadult_y15_24,geo_cov_nat,2001,31.214
est,sex_m,age_ythadult_y15_24,geo_cov_nat,2002,30.896
est,sex_m,age_ythadult_y15_24,geo_cov_nat,2003,29.03
est,sex_m,age_ythadult_y15_24,geo_cov_nat,2004,36.161
est,sex_m,age_ythadult_y15_24,geo_cov_nat,2005,22.786
est,sex_m,age_ythadult_y15_24,geo_cov_nat,2006,17.83
est,sex_m,age_ythadult_y15_24,geo_cov_nat,2007,21.468
est,sex_m,age_ythadult_y15_24,geo_cov_nat,2008,19.132
est,sex_m,age_ythadult_y15_24,geo_cov_nat,2009,40.017
est,sex_m,age_ythadult_y15_24,geo_cov_nat,2010,44.627
est,sex_m,age_ythadult_y15_24,geo_cov_nat,2011,36.637
est,sex_m,age_ythadult_y15_24,geo_cov_nat,2012,32.381
est,sex_m,age_ythadult_y15_24,geo_cov_nat,2013,27.105
est,sex_m,age_ythadult_y15_24,geo_cov_nat,2014,26.68
est,sex_m,age_ythadult_y15_24,geo_cov_nat,2015,20.749
est,sex_m,age_ythadult_y15_24,geo_cov_nat,2016,23.586
est,sex_m,age_ythadult_y15_24,geo_cov_nat,2017,21.088
est,sex_m,age_ythadult_y15_24,geo_cov_nat,2018,21.634
est,sex_m,age_ythadult_y15_24,geo_cov_nat,2019,20.683
est,sex_m,age_ythadult_y15_24,geo_cov_nat,2020,29.044
est,sex_m,age_ythadult_y15_24,geo_cov_nat,2021,28.767
est,sex_m,age_ythadult_y15_24,geo_cov_nat,2022,29.944
est,sex_m,age_ythadult_y15_24,geo_cov_nat,2023,29.991
est,sex_m,age_ythadult_y15_24,geo_cov_nat,2024,31.095
est,sex_m,age_ythadult_y15_24,geo_cov_rur,1998,27.086
est,sex_m,age_ythadult_y15_24,geo_cov_rur,1999,30.582
est,sex_m,age_ythadult_y15_24,geo_cov_rur,2000,31.818
est,sex_m,age_ythadult_y15_24,geo_cov_rur,2001,31.214
est,sex_m,age_ythadult_y15_24,geo_cov_rur,2002,30.896
est,sex_m,age_ythadult_y15_24,geo_cov_rur,2003,29.03
est,sex_m,age_ythadult_y15_24,geo_cov_rur,2004,36.161
est,sex_m,age_ythadult_y15_24,geo_cov_rur,2005,21.184
est,sex_m,age_ythadult_y15_24,geo_cov_rur,2006,20.994
est,sex_m,age_ythadult_y15_24,geo_cov_rur,2007,23.493
est,sex_m,age_ythadult_y15_24,geo_cov_rur,2008,19.722
est,sex_m,age_ythadult_y15_24,geo_cov_rur,2009,35.64
est,sex_m,age_ythadult_y15_24,geo_cov_rur,2010,42.033
est,sex_m,age_ythadult_y15_24,geo_cov_rur,2011,33.791
est,sex_m,age_ythadult_y15_24,geo_cov_rur,2012,29.462
est,sex_m,age_ythadult_y15_24,geo_cov_rur,2013,27.772
est,sex_m,age_ythadult_y15_24,geo_cov_rur,2014,27.782
est,sex_m,age_ythadult_y15_24,geo_cov_rur,2015,17.941
est,sex_m,age_ythadult_y15_24,geo_cov_rur,2016,24.457
est,sex_m,age_ythadult_y15_24,geo_cov_rur,2017,24.219
est,sex_m,age_ythadult_y15_24,geo_cov_rur,2018,25.289
est,sex_m,age_ythadult_y15_24,geo_cov_rur,2019,21.588
est,sex_m,age_ythadult_y15_24,geo_cov_rur,2020,29.652
est,sex_m,age_ythadult_y15_24,geo_cov_rur,2021,36.024
est,sex_m,age_ythadult_y15_24,geo_cov_rur,2022,36.945
est,sex_m,age_ythadult_y15_24,geo_cov_rur,2023,31.913
est,sex_m,age_ythadult_y15_24,geo_cov_rur,2024,34.869
est,sex_m,age_ythadult_y15_24,geo_cov_urb,2005,24.035
est,sex_m,age_ythadult_y15_24,geo_cov_urb,2006,14.421
est,sex_m,age_ythadult_y15_24,geo_cov_urb,2007,19.35
est,sex_m,age_ythadult_y15_24,geo_cov_urb,2008,18.56
est,sex_m,age_ythadult_y15_24,geo_cov_urb,2009,44.392
est,sex_m,age_ythadult_y15_24,geo_cov_urb,2010,47.262
est,sex_m,age_ythadult_y15_24,geo_cov_urb,2011,38.924
est,sex_m,age_ythadult_y15_24,geo_cov_urb,2012,34.318
est,sex_m,age_ythadult_y15_24,geo_cov_urb,2013,26.643
est,sex_m,age_ythadult_y15_24,geo_cov_urb,2014,25.832
est,sex_m,age_ythadult_y15_24,geo_cov_urb,2015,23.517
est,sex_m,age_ythadult_y15_24,geo_cov_urb,2016,23.085
est,sex_m,age_ythadult_y15_24,geo_cov_urb,2017,19.621
est,sex_m,age_ythadult_y15_24,geo_cov_urb,2018,19.529
est,sex_m,age_ythadult_y15_24,geo_cov_urb,2019,20.147
est,sex_m,age_ythadult_y15_24,geo_cov_urb,2020,28.711
est,sex_m,age_ythadult_y15_24,geo_cov_urb,2021,25.487
est,sex_m,age_ythadult_y15_24,geo_cov_urb,2022,26.575
est,sex_m,age_ythadult_y15_24,geo_cov_urb,2023,29.054
est,sex_m,age_ythadult_y15_24,geo_cov_urb,2024,29.08
est,sex_m,age_ythadult_y15_64,geo_cov_nat,1998,15.421
est,sex_m,age_ythadult_y15_64,geo_cov_nat,1999,17.999
est,sex_m,age_ythadult_y15_64,geo_cov_nat,2000,21.287
est,sex_m,age_ythadult_y15_64,geo_cov_nat,2001,20.737
est,sex_m,age_ythadult_y15_64,geo_cov_nat,2002,18.927
est,sex_m,age_ythadult_y15_64,geo_cov_nat,2003,17.995
est,sex_m,age_ythadult_y15_64,geo_cov_nat,2004,18.921
est,sex_m,age_ythadult_y15_64,geo_cov_nat,2005,14.824
est,sex_m,age_ythadult_y15_64,geo_cov_nat,2006,10.175
est,sex_m,age_ythadult_y15_64,geo_cov_nat,2007,9.166
est,sex_m,age_ythadult_y15_64,geo_cov_nat,2008,8.798
est,sex_m,age_ythadult_y15_64,geo_cov_nat,2009,20.872
est,sex_m,age_ythadult_y15_64,geo_cov_nat,2010,23.531
est,sex_m,age_ythadult_y15_64,geo_cov_nat,2011,17.752
est,sex_m,age_ythadult_y15_64,geo_cov_nat,2012,15.438
est,sex_m,age_ythadult_y15_64,geo_cov_nat,2013,12.85
est,sex_m,age_ythadult_y15_64,geo_cov_nat,2014,11.371
est,sex_m,age_ythadult_y15_64,geo_cov_nat,2015,9.573
est,sex_m,age_ythadult_y15_64,geo_cov_nat,2016,11.199
est,sex_m,age_ythadult_y15_64,geo_cov_nat,2017,9.844
est,sex_m,age_ythadult_y15_64,geo_cov_nat,2018,9.213
est,sex_m,age_ythadult_y15_64,geo_cov_nat,2019,7.411
est,sex_m,age_ythadult_y15_64,geo_cov_nat,2020,10.63
est,sex_m,age_ythadult_y15_64,geo_cov_nat,2021,9.931
est,sex_m,age_ythadult_y15_64,geo_cov_nat,2022,8.8
est,sex_m,age_ythadult_y15_64,geo_cov_nat,2023,9.251
est,sex_m,age_ythadult_y15_64,geo_cov_nat,2024,11.112
est,sex_m,age_ythadult_y15_64,geo_cov_rur,1998,15.421
est,sex_m,age_ythadult_y15_64,geo_cov_rur,1999,17.999
est,sex_m,age_ythadult_y15_64,geo_cov_rur,2000,21.287
est,sex_m,age_ythadult_y15_64,geo_cov_rur,2001,20.737
est,sex_m,age_ythadult_y15_64,geo_cov_rur,2002,18.927
est,sex_m,age_ythadult_y15_64,geo_cov_rur,2003,17.995
est,sex_m,age_ythadult_y15_64,geo_cov_rur,2004,18.921
est,sex_m,age_ythadult_y15_64,geo_cov_rur,2005,15.195
est,sex_m,age_ythadult_y15_64,geo_cov_rur,2006,11.467
est,sex_m,age_ythadult_y15_64,geo_cov_rur,2007,10.991
est,sex_m,age_ythadult_y15_64,geo_cov_rur,2008,9.496
est,sex_m,age_ythadult_y15_64,geo_cov_rur,2009,21.598
est,sex_m,age_ythadult_y15_64,geo_cov_rur,2010,21.971
est,sex_m,age_ythadult_y15_64,geo_cov_rur,2011,17.376
est,sex_m,age_ythadult_y15_64,geo_cov_rur,2012,16.309
est,sex_m,age_ythadult_y15_64,geo_cov_rur,2013,13.352
est,sex_m,age_ythadult_y15_64,geo_cov_rur,2014,12.699
est,sex_m,age_ythadult_y15_64,geo_cov_rur,2015,12.029
est,sex_m,age_ythadult_y15_64,geo_cov_rur,2016,11.899
est,sex_m,age_ythadult_y15_64,geo_cov_rur,2017,10.742
est,sex_m,age_ythadult_y15_64,geo_cov_rur,2018,10.292
est,sex_m,age_ythadult_y15_64,geo_cov_rur,2019,9.408
est,sex_m,age_ythadult_y15_64,geo_cov_rur,2020,10.936
est,sex_m,age_ythadult_y15_64,geo_cov_rur,2021,9.788
est,sex_m,age_ythadult_y15_64,geo_cov_rur,2022,8.28
est,sex_m,age_ythadult_y15_64,geo_cov_rur,2023,9.118
est,sex_m,age_ythadult_y15_64,geo_cov_rur,2024,11.729
est,sex_m,age_ythadult_y15_64,geo_cov_urb,2005,14.454
est,sex_m,age_ythadult_y15_64,geo_cov_urb,2006,8.828
est,sex_m,age_ythadult_y15_64,geo_cov_urb,2007,7.294
est,sex_m,age_ythadult_y15_64,geo_cov_urb,2008,8.07
est,sex_m,age_ythadult_y15_64,geo_cov_urb,2009,20.096
est,sex_m,age_ythadult_y15_64,geo_cov_urb,2010,25.145
est,sex_m,age_ythadult_y15_64,geo_cov_urb,2011,18.134
est,sex_m,age_ythadult_y15_64,geo_cov_urb,2012,14.828
est,sex_m,age_ythadult_y15_64,geo_cov_urb,2013,12.507
est,sex_m,age_ythadult_y15_64,geo_cov_urb,2014,10.473
est,sex_m,age_ythadult_y15_64,geo_cov_urb,2015,7.923
est,sex_m,age_ythadult_y15_64,geo_cov_urb,2016,10.76
est,sex_m,age_ythadult_y15_64,geo_cov_urb,2017,9.395
est,sex_m,age_ythadult_y15_64,geo_cov_urb,2018,8.588
est,sex_m,age_ythadult_y15_64,geo_cov_urb,2019,6.28
est,sex_m,age_ythadult_y15_64,geo_cov_urb,2020,10.455
est,sex_m,age_ythadult_y15_64,geo_cov_urb,2021,10.014
est,sex_m,age_ythadult_y15_64,geo_cov_urb,2022,9.08
est,sex_m,age_ythadult_y15_64,geo_cov_urb,2023,9.329
est,sex_m,age_ythadult_y15_64,geo_cov_urb,2024,10.76
est,sex_m,age_ythadult_yge15,geo_cov_nat,1998,15.906
est,sex_m,age_ythadult_yge15,geo_cov_nat,1999,18.39
est,sex_m,age_ythadult_yge15,geo_cov_nat,2000,21.494
est,sex_m,age_ythadult_yge15,geo_cov_nat,2001,20.751
est,sex_m,age_ythadult_yge15,geo_cov_nat,2002,19.086
est,sex_m,age_ythadult_yge15,geo_cov_nat,2003,18.116
est,sex_m,age_ythadult_yge15,geo_cov_nat,2004,18.823
est,sex_m,age_ythadult_yge15,geo_cov_nat,2005,15.176
est,sex_m,age_ythadult_yge15,geo_cov_nat,2006,10.226
est,sex_m,age_ythadult_yge15,geo_cov_nat,2007,9.38
est,sex_m,age_ythadult_yge15,geo_cov_nat,2008,8.948
est,sex_m,age_ythadult_yge15,geo_cov_nat,2009,21.036
est,sex_m,age_ythadult_yge15,geo_cov_nat,2010,23.693
est,sex_m,age_ythadult_yge15,geo_cov_nat,2011,18.131
est,sex_m,age_ythadult_yge15,geo_cov_nat,2012,16.113
est,sex_m,age_ythadult_yge15,geo_cov_nat,2013,13.353
est,sex_m,age_ythadult_yge15,geo_cov_nat,2014,11.828
est,sex_m,age_ythadult_yge15,geo_cov_nat,2015,9.964
est,sex_m,age_ythadult_yge15,geo_cov_nat,2016,11.903
est,sex_m,age_ythadult_yge15,geo_cov_nat,2017,10.422
est,sex_m,age_ythadult_yge15,geo_cov_nat,2018,9.735
est,sex_m,age_ythadult_yge15,geo_cov_nat,2019,8.069
est,sex_m,age_ythadult_yge15,geo_cov_nat,2020,11.204
est,sex_m,age_ythadult_yge15,geo_cov_nat,2021,10.131
est,sex_m,age_ythadult_yge15,geo_cov_nat,2022,9.196
est,sex_m,age_ythadult_yge15,geo_cov_nat,2023,9.612
est,sex_m,age_ythadult_yge15,geo_cov_nat,2024,11.432
est,sex_m,age_ythadult_yge15,geo_cov_rur,1998,15.906
est,sex_m,age_ythadult_yge15,geo_cov_rur,1999,18.39
est,sex_m,age_ythadult_yge15,geo_cov_rur,2000,21.494
est,sex_m,age_ythadult_yge15,geo_cov_rur,2001,20.751
est,sex_m,age_ythadult_yge15,geo_cov_rur,2002,19.086
est,sex_m,age_ythadult_yge15,geo_cov_rur,2003,18.116
est,sex_m,age_ythadult_yge15,geo_cov_rur,2004,18.823
est,sex_m,age_ythadult_yge15,geo_cov_rur,2005,15.341
est,sex_m,age_ythadult_yge15,geo_cov_rur,2006,11.372
est,sex_m,age_ythadult_yge15,geo_cov_rur,2007,11.188
est,sex_m,age_ythadult_yge15,geo_cov_rur,2008,9.502
est,sex_m,age_ythadult_yge15,geo_cov_rur,2009,21.394
est,sex_m,age_ythadult_yge15,geo_cov_rur,2010,21.902
est,sex_m,age_ythadult_yge15,geo_cov_rur,2011,17.522
est,sex_m,age_ythadult_yge15,geo_cov_rur,2012,16.731
est,sex_m,age_ythadult_yge15,geo_cov_rur,2013,13.746
est,sex_m,age_ythadult_yge15,geo_cov_rur,2014,13.356
est,sex_m,age_ythadult_yge15,geo_cov_rur,2015,12.384
est,sex_m,age_ythadult_yge15,geo_cov_rur,2016,12.749
est,sex_m,age_ythadult_yge15,geo_cov_rur,2017,11.112
est,sex_m,age_ythadult_yge15,geo_cov_rur,2018,10.734
est,sex_m,age_ythadult_yge15,geo_cov_rur,2019,10.281
est,sex_m,age_ythadult_yge15,geo_cov_rur,2020,11.582
est,sex_m,age_ythadult_yge15,geo_cov_rur,2021,9.963
est,sex_m,age_ythadult_yge15,geo_cov_rur,2022,8.965
est,sex_m,age_ythadult_yge15,geo_cov_rur,2023,9.747
est,sex_m,age_ythadult_yge15,geo_cov_rur,2024,12.053
est,sex_m,age_ythadult_yge15,geo_cov_urb,2005,15.014
est,sex_m,age_ythadult_yge15,geo_cov_urb,2006,9.045
est,sex_m,age_ythadult_yge15,geo_cov_urb,2007,7.543
est,sex_m,age_ythadult_yge15,geo_cov_urb,2008,8.383
est,sex_m,age_ythadult_yge15,geo_cov_urb,2009,20.66
est,sex_m,age_ythadult_yge15,geo_cov_urb,2010,25.541
est,sex_m,age_ythadult_yge15,geo_cov_urb,2011,18.747
est,sex_m,age_ythadult_yge15,geo_cov_urb,2012,15.683
est,sex_m,age_ythadult_yge15,geo_cov_urb,2013,13.084
est,sex_m,age_ythadult_yge15,geo_cov_urb,2014,10.798
est,sex_m,age_ythadult_yge15,geo_cov_urb,2015,8.354
est,sex_m,age_ythadult_yge15,geo_cov_urb,2016,11.371
est,sex_m,age_ythadult_yge15,geo_cov_urb,2017,10.077
est,sex_m,age_ythadult_yge15,geo_cov_urb,2018,9.162
est,sex_m,age_ythadult_yge15,geo_cov_urb,2019,6.802
est,sex_m,age_ythadult_yge15,geo_cov_urb,2020,10.987
est,sex_m,age_ythadult_yge15,geo_cov_urb,2021,10.23
est,sex_m,age_ythadult_yge15,geo_cov_urb,2022,9.321
est,sex_m,age_ythadult_yge15,geo_cov_urb,2023,9.534
est,sex_m,age_ythadult_yge15,geo_cov_urb,2024,11.08
est,sex_m,age_ythadult_yge25,geo_cov_nat,1998,14.117
est,sex_m,age_ythadult_yge25,geo_cov_nat,1999,16.565
est,sex_m,age_ythadult_yge25,geo_cov_nat,2000,19.903
est,sex_m,age_ythadult_yge25,geo_cov_nat,2001,19.266
est,sex_m,age_ythadult_yge25,geo_cov_nat,2002,17.447
est,sex_m,age_ythadult_yge25,geo_cov_nat,2003,16.357
est,sex_m,age_ythadult_yge25,geo_cov_nat,2004,15.842
est,sex_m,age_ythadult_yge25,geo_cov_nat,2005,14.086
est,sex_m,age_ythadult_yge25,geo_cov_nat,2006,9.156
est,sex_m,age_ythadult_yge25,geo_cov_nat,2007,7.552
est,sex_m,age_ythadult_yge25,geo_cov_nat,2008,7.463
est,sex_m,age_ythadult_yge25,geo_cov_nat,2009,18.262
est,sex_m,age_ythadult_yge25,geo_cov_nat,2010,20.863
est,sex_m,age_ythadult_yge25,geo_cov_nat,2011,15.539
est,sex_m,age_ythadult_yge25,geo_cov_nat,2012,14.066
est,sex_m,age_ythadult_yge25,geo_cov_nat,2013,11.826
est,sex_m,age_ythadult_yge25,geo_cov_nat,2014,10.335
est,sex_m,age_ythadult_yge25,geo_cov_nat,2015,8.916
est,sex_m,age_ythadult_yge25,geo_cov_nat,2016,10.818
est,sex_m,age_ythadult_yge25,geo_cov_nat,2017,9.432
est,sex_m,age_ythadult_yge25,geo_cov_nat,2018,8.595
est,sex_m,age_ythadult_yge25,geo_cov_nat,2019,6.948
est,sex_m,age_ythadult_yge25,geo_cov_nat,2020,9.638
est,sex_m,age_ythadult_yge25,geo_cov_nat,2021,8.57
est,sex_m,age_ythadult_yge25,geo_cov_nat,2022,7.46
est,sex_m,age_ythadult_yge25,geo_cov_nat,2023,7.817
est,sex_m,age_ythadult_yge25,geo_cov_nat,2024,9.628
est,sex_m,age_ythadult_yge25,geo_cov_rur,1998,14.117
est,sex_m,age_ythadult_yge25,geo_cov_rur,1999,16.565
est,sex_m,age_ythadult_yge25,geo_cov_rur,2000,19.903
est,sex_m,age_ythadult_yge25,geo_cov_rur,2001,19.266
est,sex_m,age_ythadult_yge25,geo_cov_rur,2002,17.447
est,sex_m,age_ythadult_yge25,geo_cov_rur,2003,16.357
est,sex_m,age_ythadult_yge25,geo_cov_rur,2004,15.842
est,sex_m,age_ythadult_yge25,geo_cov_rur,2005,14.614
est,sex_m,age_ythadult_yge25,geo_cov_rur,2006,9.985
est,sex_m,age_ythadult_yge25,geo_cov_rur,2007,9.297
est,sex_m,age_ythadult_yge25,geo_cov_rur,2008,8.052
est,sex_m,age_ythadult_yge25,geo_cov_rur,2009,19.371
est,sex_m,age_ythadult_yge25,geo_cov_rur,2010,19.204
est,sex_m,age_ythadult_yge25,geo_cov_rur,2011,15.538
est,sex_m,age_ythadult_yge25,geo_cov_rur,2012,15.177
est,sex_m,age_ythadult_yge25,geo_cov_rur,2013,12.175
est,sex_m,age_ythadult_yge25,geo_cov_rur,2014,11.778
est,sex_m,age_ythadult_yge25,geo_cov_rur,2015,11.696
est,sex_m,age_ythadult_yge25,geo_cov_rur,2016,11.726
est,sex_m,age_ythadult_yge25,geo_cov_rur,2017,9.951
est,sex_m,age_ythadult_yge25,geo_cov_rur,2018,9.336
est,sex_m,age_ythadult_yge25,geo_cov_rur,2019,9.254
est,sex_m,age_ythadult_yge25,geo_cov_rur,2020,10.046
est,sex_m,age_ythadult_yge25,geo_cov_rur,2021,8.161
est,sex_m,age_ythadult_yge25,geo_cov_rur,2022,6.811
est,sex_m,age_ythadult_yge25,geo_cov_rur,2023,8.022
est,sex_m,age_ythadult_yge25,geo_cov_rur,2024,10.048
est,sex_m,age_ythadult_yge25,geo_cov_urb,2005,13.551
est,sex_m,age_ythadult_yge25,geo_cov_urb,2006,8.309
est,sex_m,age_ythadult_yge25,geo_cov_urb,2007,5.788
est,sex_m,age_ythadult_yge25,geo_cov_urb,2008,6.859
est,sex_m,age_ythadult_yge25,geo_cov_urb,2009,17.085
est,sex_m,age_ythadult_yge25,geo_cov_urb,2010,22.579
est,sex_m,age_ythadult_yge25,geo_cov_urb,2011,15.54
est,sex_m,age_ythadult_yge25,geo_cov_urb,2012,13.29
est,sex_m,age_ythadult_yge25,geo_cov_urb,2013,11.587
est,sex_m,age_ythadult_yge25,geo_cov_urb,2014,9.373
est,sex_m,age_ythadult_yge25,geo_cov_urb,2015,7.137
est,sex_m,age_ythadult_yge25,geo_cov_urb,2016,10.242
est,sex_m,age_ythadult_yge25,geo_cov_urb,2017,9.172
est,sex_m,age_ythadult_yge25,geo_cov_urb,2018,8.169
est,sex_m,age_ythadult_yge25,geo_cov_urb,2019,5.631
est,sex_m,age_ythadult_yge25,geo_cov_urb,2020,9.404
est,sex_m,age_ythadult_yge25,geo_cov_urb,2021,8.818
est,sex_m,age_ythadult_yge25,geo_cov_urb,2022,7.814
est,sex_m,age_ythadult_yge25,geo_cov_urb,2023,7.695
est,sex_m,age_ythadult_yge25,geo_cov_urb,2024,9.389
est,sex_t,age_aggregate_total,geo_cov_nat,1998,16.176
est,sex_t,age_aggregate_total,geo_cov_nat,1999,18.125
est,sex_t,age_aggregate_total,geo_cov_nat,2000,20.944
est,sex_t,age_aggregate_total,geo_cov_nat,2001,21.17
est,sex_t,age_aggregate_total,geo_cov_nat,2002,18.296
est,sex_t,age_aggregate_total,geo_cov_nat,2003,17.857
est,sex_t,age_aggregate_total,geo_cov_nat,2004,18.106
est,sex_t,age_aggregate_total,geo_cov_nat,2005,13.781
est,sex_t,age_aggregate_total,geo_cov_nat,2006,10.19
est,sex_t,age_aggregate_total,geo_cov_nat,2007,8.502
est,sex_t,age_aggregate_total,geo_cov_nat,2008,8.569
est,sex_t,age_aggregate_total,geo_cov_nat,2009,18.067
est,sex_t,age_aggregate_total,geo_cov_nat,2010,21.597
est,sex_t,age_aggregate_total,geo_cov_nat,2011,17.784
est,sex_t,age_aggregate_total,geo_cov_nat,2012,15.398
est,sex_t,age_aggregate_total,geo_cov_nat,2013,13.294
est,sex_t,age_aggregate_total,geo_cov_nat,2014,11.847
est,sex_t,age_aggregate_total,geo_cov_nat,2015,10.382
est,sex_t,age_aggregate_total,geo_cov_nat,2016,11.513
est,sex_t,age_aggregate_total,geo_cov_nat,2017,10.215
est,sex_t,age_aggregate_total,geo_cov_nat,2018,10.002
est,sex_t,age_aggregate_total,geo_cov_nat,2019,8.807
est,sex_t,age_aggregate_total,geo_cov_nat,2020,11.391
est,sex_t,age_aggregate_total,geo_cov_nat,2021,9.9
est,sex_t,age_aggregate_total,geo_cov_nat,2022,9.184
est,sex_t,age_aggregate_total,geo_cov_nat,2023,10.161
est,sex_t,age_aggregate_total,geo_cov_nat,2024,11.3
est,sex_t,age_aggregate_total,geo_cov_rur,1998,16.176
est,sex_t,age_aggregate_total,geo_cov_rur,1999,18.125
est,sex_t,age_aggregate_total,geo_cov_rur,2000,20.944
est,sex_t,age_aggregate_total,geo_cov_rur,2001,21.17
est,sex_t,age_aggregate_total,geo_cov_rur,2002,18.296
est,sex_t,age_aggregate_total,geo_cov_rur,2003,17.857
est,sex_t,age_aggregate_total,geo_cov_rur,2004,18.106
est,sex_t,age_aggregate_total,geo_cov_rur,2005,14.009
est,sex_t,age_aggregate_total,geo_cov_rur,2006,11.203
est,sex_t,age_aggregate_total,geo_cov_rur,2007,9.967
est,sex_t,age_aggregate_total,geo_cov_rur,2008,9.087
est,sex_t,age_aggregate_total,geo_cov_rur,2009,18.207
est,sex_t,age_aggregate_total,geo_cov_rur,2010,19.791
est,sex_t,age_aggregate_total,geo_cov_rur,2011,16.618
est,sex_t,age_aggregate_total,geo_cov_rur,2012,15.603
est,sex_t,age_aggregate_total,geo_cov_rur,2013,13.479
est,sex_t,age_aggregate_total,geo_cov_rur,2014,12.876
est,sex_t,age_aggregate_total,geo_cov_rur,2015,12.19
est,sex_t,age_aggregate_total,geo_cov_rur,2016,12.242
est,sex_t,age_aggregate_total,geo_cov_rur,2017,10.85
est,sex_t,age_aggregate_total,geo_cov_rur,2018,11.003
est,sex_t,age_aggregate_total,geo_cov_rur,2019,10.338
est,sex_t,age_aggregate_total,geo_cov_rur,2020,12.051
est,sex_t,age_aggregate_total,geo_cov_rur,2021,9.722
est,sex_t,age_aggregate_total,geo_cov_rur,2022,9.079
est,sex_t,age_aggregate_total,geo_cov_rur,2023,9.917
est,sex_t,age_aggregate_total,geo_cov_rur,2024,11.345
est,sex_t,age_aggregate_total,geo_cov_urb,2005,13.567
est,sex_t,age_aggregate_total,geo_cov_urb,2006,9.195
est,sex_t,age_aggregate_total,geo_cov_urb,2007,7.117
est,sex_t,age_aggregate_total,geo_cov_urb,2008,8.06
est,sex_t,age_aggregate_total,geo_cov_urb,2009,17.93
est,sex_t,age_aggregate_total,geo_cov_urb,2010,23.285
est,sex_t,age_aggregate_total,geo_cov_urb,2011,18.886
est,sex_t,age_aggregate_total,geo_cov_urb,2012,15.264
est,sex_t,age_aggregate_total,geo_cov_urb,2013,13.176
est,sex_t,age_aggregate_total,geo_cov_urb,2014,11.189
est,sex_t,age_aggregate_total,geo_cov_urb,2015,9.239
est,sex_t,age_aggregate_total,geo_cov_urb,2016,11.063
est,sex_t,age_aggregate_total,geo_cov_urb,2017,9.916
est,sex_t,age_aggregate_total,geo_cov_urb,2018,9.457
est,sex_t,age_aggregate_total,geo_cov_urb,2019,8.007
est,sex_t,age_aggregate_total,geo_cov_urb,2020,11.046
est,sex_t,age_aggregate_total,geo_cov_urb,2021,10.001
est,sex_t,age_aggregate_total,geo_cov_urb,2022,9.239
est,sex_t,age_aggregate_total,geo_cov_urb,2023,10.295
est,sex_t,age_aggregate_total,geo_cov_urb,2024,11.275
est,sex_t,age_aggregate_y15_24,geo_cov_nat,1998,25.938
est,sex_t,age_aggregate_y15_24,geo_cov_nat,1999,33.17
est,sex_t,age_aggregate_y15_24,geo_cov_nat,2000,36.061
est,sex_t,age_aggregate_y15_24,geo_cov_nat,2001,35.861
est,sex_t,age_aggregate_y15_24,geo_cov_nat,2002,36.836
est,sex_t,age_aggregate_y15_24,geo_cov_nat,2003,34.343
est,sex_t,age_aggregate_y15_24,geo_cov_nat,2004,38.776
est,sex_t,age_aggregate_y15_24,geo_cov_nat,2005,23.242
est,sex_t,age_aggregate_y15_24,geo_cov_nat,2006,21.995
est,sex_t,age_aggregate_y15_24,geo_cov_nat,2007,20.04
est,sex_t,age_aggregate_y15_24,geo_cov_nat,2008,18.494
est,sex_t,age_aggregate_y15_24,geo_cov_nat,2009,36.964
est,sex_t,age_aggregate_y15_24,geo_cov_nat,2010,43.015
est,sex_t,age_aggregate_y15_24,geo_cov_nat,2011,35.811
est,sex_t,age_aggregate_y15_24,geo_cov_nat,2012,31.007
est,sex_t,age_aggregate_y15_24,geo_cov_nat,2013,27.186
est,sex_t,age_aggregate_y15_24,geo_cov_nat,2014,23.932
est,sex_t,age_aggregate_y15_24,geo_cov_nat,2015,21.431
est,sex_t,age_aggregate_y15_24,geo_cov_nat,2016,20.466
est,sex_t,age_aggregate_y15_24,geo_cov_nat,2017,19.12
est,sex_t,age_aggregate_y15_24,geo_cov_nat,2018,20.404
est,sex_t,age_aggregate_y15_24,geo_cov_nat,2019,21.287
est,sex_t,age_aggregate_y15_24,geo_cov_nat,2020,29.285
est,sex_t,age_aggregate_y15_24,geo_cov_nat,2021,26.867
est,sex_t,age_aggregate_y15_24,geo_cov_nat,2022,27.402
est,sex_t,age_aggregate_y15_24,geo_cov_nat,2023,28.461
est,sex_t,age_aggregate_y15_24,geo_cov_nat,2024,29.192
est,sex_t,age_aggregate_y15_24,geo_cov_rur,1998,25.938
est,sex_t,age_aggregate_y15_24,geo_cov_rur,1999,33.17
est,sex_t,age_aggregate_y15_24,geo_cov_rur,2000,36.061
est,sex_t,age_aggregate_y15_24,geo_cov_rur,2001,35.861
est,sex_t,age_aggregate_y15_24,geo_cov_rur,2002,36.836
est,sex_t,age_aggregate_y15_24,geo_cov_rur,2003,34.343
est,sex_t,age_aggregate_y15_24,geo_cov_rur,2004,38.776
est,sex_t,age_aggregate_y15_24,geo_cov_rur,2005,24.741
est,sex_t,age_aggregate_y15_24,geo_cov_rur,2006,26.478
est,sex_t,age_aggregate_y15_24,geo_cov_rur,2007,22.055
est,sex_t,age_aggregate_y15_24,geo_cov_rur,2008,21.191
est,sex_t,age_aggregate_y15_24,geo_cov_rur,2009,33.827
est,sex_t,age_aggregate_y15_24,geo_cov_rur,2010,42.429
est,sex_t,age_aggregate_y15_24,geo_cov_rur,2011,35.287
est,sex_t,age_aggregate_y15_24,geo_cov_rur,2012,31.184
est,sex_t,age_aggregate_y15_24,geo_cov_rur,2013,28.29
est,sex_t,age_aggregate_y15_24,geo_cov_rur,2014,24.591
est,sex_t,age_aggregate_y15_24,geo_cov_rur,2015,21.418
est,sex_t,age_aggregate_y15_24,geo_cov_rur,2016,22.606
est,sex_t,age_aggregate_y15_24,geo_cov_rur,2017,22.229
est,sex_t,age_aggregate_y15_24,geo_cov_rur,2018,26.183
est,sex_t,age_aggregate_y15_24,geo_cov_rur,2019,22.622
est,sex_t,age_aggregate_y15_24,geo_cov_rur,2020,32.388
est,sex_t,age_aggregate_y15_24,geo_cov_rur,2021,32.017
est,sex_t,age_aggregate_y15_24,geo_cov_rur,2022,33.906
est,sex_t,age_aggregate_y15_24,geo_cov_rur,2023,29.169
est,sex_t,age_aggregate_y15_24,geo_cov_rur,2024,32.072
est,sex_t,age_aggregate_y15_24,geo_cov_urb,2005,22.093
est,sex_t,age_aggregate_y15_24,geo_cov_urb,2006,17.318
est,sex_t,age_aggregate_y15_24,geo_cov_urb,2007,18.119
est,sex_t,age_aggregate_y15_24,geo_cov_urb,2008,16.239
est,sex_t,age_aggregate_y15_24,geo_cov_urb,2009,39.681
est,sex_t,age_aggregate_y15_24,geo_cov_urb,2010,43.479
est,sex_t,age_aggregate_y15_24,geo_cov_urb,2011,36.21
est,sex_t,age_aggregate_y15_24,geo_cov_urb,2012,30.89
est,sex_t,age_aggregate_y15_24,geo_cov_urb,2013,26.529
est,sex_t,age_aggregate_y15_24,geo_cov_urb,2014,23.488
est,sex_t,age_aggregate_y15_24,geo_cov_urb,2015,21.441
est,sex_t,age_aggregate_y15_24,geo_cov_urb,2016,19.316
est,sex_t,age_aggregate_y15_24,geo_cov_urb,2017,17.701
est,sex_t,age_aggregate_y15_24,geo_cov_urb,2018,17.474
est,sex_t,age_aggregate_y15_24,geo_cov_urb,2019,20.656
est,sex_t,age_aggregate_y15_24,geo_cov_urb,2020,27.967
est,sex_t,age_aggregate_y15_24,geo_cov_urb,2021,24.448
est,sex_t,age_aggregate_y15_24,geo_cov_urb,2022,24.665
est,sex_t,age_aggregate_y15_24,geo_cov_urb,2023,28.119
est,sex_t,age_aggregate_y15_24,geo_cov_urb,2024,27.953
est,sex_t,age_aggregate_y25_54,geo_cov_nat,1998,13.221
est,sex_t,age_aggregate_y25_54,geo_cov_nat,1999,15.172
est,sex_t,age_aggregate_y25_54,geo_cov_nat,2000,17.353
est,sex_t,age_aggregate_y25_54,geo_cov_nat,2001,18.177
est,sex_t,age_aggregate_y25_54,geo_cov_nat,2002,14.829
est,sex_t,age_aggregate_y25_54,geo_cov_nat,2003,14.582
est,sex_t,age_aggregate_y25_54,geo_cov_nat,2004,13.378
est,sex_t,age_aggregate_y25_54,geo_cov_nat,2005,11.696
est,sex_t,age_aggregate_y25_54,geo_cov_nat,2006,8.09
est,sex_t,age_aggregate_y25_54,geo_cov_nat,2007,6.228
est,sex_t,age_aggregate_y25_54,geo_cov_nat,2008,6.748
est,sex_t,age_aggregate_y25_54,geo_cov_nat,2009,15.244
est,sex_t,age_aggregate_y25_54,geo_cov_nat,2010,17.451
est,sex_t,age_aggregate_y25_54,geo_cov_nat,2011,13.916
est,sex_t,age_aggregate_y25_54,geo_cov_nat,2012,12.314
est,sex_t,age_aggregate_y25_54,geo_cov_nat,2013,10.815
est,sex_t,age_aggregate_y25_54,geo_cov_nat,2014,9.761
est,sex_t,age_aggregate_y25_54,geo_cov_nat,2015,7.967
est,sex_t,age_aggregate_y25_54,geo_cov_nat,2016,8.546
est,sex_t,age_aggregate_y25_54,geo_cov_nat,2017,7.653
est,sex_t,age_aggregate_y25_54,geo_cov_nat,2018,7.348
est,sex_t,age_aggregate_y25_54,geo_cov_nat,2019,6.411
est,sex_t,age_aggregate_y25_54,geo_cov_nat,2020,8.52
est,sex_t,age_aggregate_y25_54,geo_cov_nat,2021,7.45
est,sex_t,age_aggregate_y25_54,geo_cov_nat,2022,6.546
est,sex_t,age_aggregate_y25_54,geo_cov_nat,2023,7.54
est,sex_t,age_aggregate_y25_54,geo_cov_nat,2024,8.74
est,sex_t,age_aggregate_y25_54,geo_cov_rur,1998,13.221
est,sex_t,age_aggregate_y25_54,geo_cov_rur,1999,15.172
est,sex_t,age_aggregate_y25_54,geo_cov_rur,2000,17.353
est,sex_t,age_aggregate_y25_54,geo_cov_rur,2001,18.177
est,sex_t,age_aggregate_y25_54,geo_cov_rur,2002,14.829
est,sex_t,age_aggregate_y25_54,geo_cov_rur,2003,14.582
est,sex_t,age_aggregate_y25_54,geo_cov_rur,2004,13.378
est,sex_t,age_aggregate_y25_54,geo_cov_rur,2005,11.806
est,sex_t,age_aggregate_y25_54,geo_cov_rur,2006,8.785
est,sex_t,age_aggregate_y25_54,geo_cov_rur,2007,7.855
est,sex_t,age_aggregate_y25_54,geo_cov_rur,2008,7.243
est,sex_t,age_aggregate_y25_54,geo_cov_rur,2009,16.262
est,sex_t,age_aggregate_y25_54,geo_cov_rur,2010,16.725
est,sex_t,age_aggregate_y25_54,geo_cov_rur,2011,13.701
est,sex_t,age_aggregate_y25_54,geo_cov_rur,2012,12.236
est,sex_t,age_aggregate_y25_54,geo_cov_rur,2013,11.07
est,sex_t,age_aggregate_y25_54,geo_cov_rur,2014,10.543
est,sex_t,age_aggregate_y25_54,geo_cov_rur,2015,10.197
est,sex_t,age_aggregate_y25_54,geo_cov_rur,2016,9.3
est,sex_t,age_aggregate_y25_54,geo_cov_rur,2017,7.733
est,sex_t,age_aggregate_y25_54,geo_cov_rur,2018,8.165
est,sex_t,age_aggregate_y25_54,geo_cov_rur,2019,7.335
est,sex_t,age_aggregate_y25_54,geo_cov_rur,2020,9.001
est,sex_t,age_aggregate_y25_54,geo_cov_rur,2021,6.337
est,sex_t,age_aggregate_y25_54,geo_cov_rur,2022,5.717
est,sex_t,age_aggregate_y25_54,geo_cov_rur,2023,7.01
est,sex_t,age_aggregate_y25_54,geo_cov_rur,2024,8.366
est,sex_t,age_aggregate_y25_54,geo_cov_urb,2005,11.587
est,sex_t,age_aggregate_y25_54,geo_cov_urb,2006,7.426
est,sex_t,age_aggregate_y25_54,geo_cov_urb,2007,4.706
est,sex_t,age_aggregate_y25_54,geo_cov_urb,2008,6.244
est,sex_t,age_aggregate_y25_54,geo_cov_urb,2009,14.196
est,sex_t,age_aggregate_y25_54,geo_cov_urb,2010,18.177
est,sex_t,age_aggregate_y25_54,geo_cov_urb,2011,14.126
est,sex_t,age_aggregate_y25_54,geo_cov_urb,2012,12.365
est,sex_t,age_aggregate_y25_54,geo_cov_urb,2013,10.654
est,sex_t,age_aggregate_y25_54,geo_cov_urb,2014,9.262
est,sex_t,age_aggregate_y25_54,geo_cov_urb,2015,6.623
est,sex_t,age_aggregate_y25_54,geo_cov_urb,2016,8.099
est,sex_t,age_aggregate_y25_54,geo_cov_urb,2017,7.617
est,sex_t,age_aggregate_y25_54,geo_cov_urb,2018,6.919
est,sex_t,age_aggregate_y25_54,geo_cov_urb,2019,5.948
est,sex_t,age_aggregate_y25_54,geo_cov_urb,2020,8.274
est,sex_t,age_aggregate_y25_54,geo_cov_urb,2021,8.062
est,sex_t,age_aggregate_y25_54,geo_cov_urb,2022,6.963
est,sex_t,age_aggregate_y25_54,geo_cov_urb,2023,7.818
est,sex_t,age_aggregate_y25_54,geo_cov_urb,2024,8.932
est,sex_t,age_aggregate_y55_64,geo_cov_nat,1998,17.506
est,sex_t,age_aggregate_y55_64,geo_cov_nat,1999,18.099
est,sex_t,age_aggregate_y55_64,geo_cov_nat,2000,23.823
est,sex_t,age_aggregate_y55_64,geo_cov_nat,2001,23.73
est,sex_t,age_aggregate_y55_64,geo_cov_nat,2002,21.869
est,sex_t,age_aggregate_y55_64,geo_cov_nat,2003,19.671
est,sex_t,age_aggregate_y55_64,geo_cov_nat,2004,19.454
est,sex_t,age_aggregate_y55_64,geo_cov_nat,2005,15.225
est,sex_t,age_aggregate_y55_64,geo_cov_nat,2006,10.75
est,sex_t,age_aggregate_y55_64,geo_cov_nat,2007,9.04
est,sex_t,age_aggregate_y55_64,geo_cov_nat,2008,8.74
est,sex_t,age_aggregate_y55_64,geo_cov_nat,2009,15.805
est,sex_t,age_aggregate_y55_64,geo_cov_nat,2010,23.724
est,sex_t,age_aggregate_y55_64,geo_cov_nat,2011,19.042
est,sex_t,age_aggregate_y55_64,geo_cov_nat,2012,15.032
est,sex_t,age_aggregate_y55_64,geo_cov_nat,2013,12.613
est,sex_t,age_aggregate_y55_64,geo_cov_nat,2014,11.188
est,sex_t,age_aggregate_y55_64,geo_cov_nat,2015,11.953
est,sex_t,age_aggregate_y55_64,geo_cov_nat,2016,14.399
est,sex_t,age_aggregate_y55_64,geo_cov_nat,2017,12.123
est,sex_t,age_aggregate_y55_64,geo_cov_nat,2018,11.525
est,sex_t,age_aggregate_y55_64,geo_cov_nat,2019,8.139
est,sex_t,age_aggregate_y55_64,geo_cov_nat,2020,10.928
est,sex_t,age_aggregate_y55_64,geo_cov_nat,2021,10.011
est,sex_t,age_aggregate_y55_64,geo_cov_nat,2022,7.688
est,sex_t,age_aggregate_y55_64,geo_cov_nat,2023,8.725
est,sex_t,age_aggregate_y55_64,geo_cov_nat,2024,9.883
est,sex_t,age_aggregate_y55_64,geo_cov_rur,1998,17.506
est,sex_t,age_aggregate_y55_64,geo_cov_rur,1999,18.099
est,sex_t,age_aggregate_y55_64,geo_cov_rur,2000,23.823
est,sex_t,age_aggregate_y55_64,geo_cov_rur,2001,23.73
est,sex_t,age_aggregate_y55_64,geo_cov_rur,2002,21.869
est,sex_t,age_aggregate_y55_64,geo_cov_rur,2003,19.671
est,sex_t,age_aggregate_y55_64,geo_cov_rur,2004,19.454
est,sex_t,age_aggregate_y55_64,geo_cov_rur,2005,17.209
est,sex_t,age_aggregate_y55_64,geo_cov_rur,2006,11.323
est,sex_t,age_aggregate_y55_64,geo_cov_rur,2007,9.69
est,sex_t,age_aggregate_y55_64,geo_cov_rur,2008,8.959
est,sex_t,age_aggregate_y55_64,geo_cov_rur,2009,15.982
est,sex_t,age_aggregate_y55_64,geo_cov_rur,2010,20.03
est,sex_t,age_aggregate_y55_64,geo_cov_rur,2011,17.378
est,sex_t,age_aggregate_y55_64,geo_cov_rur,2012,17.294
est,sex_t,age_aggregate_y55_64,geo_cov_rur,2013,13.321
est,sex_t,age_aggregate_y55_64,geo_cov_rur,2014,12.748
est,sex_t,age_aggregate_y55_64,geo_cov_rur,2015,13.117
est,sex_t,age_aggregate_y55_64,geo_cov_rur,2016,13.641
est,sex_t,age_aggregate_y55_64,geo_cov_rur,2017,13.57
est,sex_t,age_aggregate_y55_64,geo_cov_rur,2018,11.2
est,sex_t,age_aggregate_y55_64,geo_cov_rur,2019,10.975
est,sex_t,age_aggregate_y55_64,geo_cov_rur,2020,11.35
est,sex_t,age_aggregate_y55_64,geo_cov_rur,2021,11.003
est,sex_t,age_aggregate_y55_64,geo_cov_rur,2022,6.651
est,sex_t,age_aggregate_y55_64,geo_cov_rur,2023,8.662
est,sex_t,age_aggregate_y55_64,geo_cov_rur,2024,10.736
est,sex_t,age_aggregate_y55_64,geo_cov_urb,2005,13.434
est,sex_t,age_aggregate_y55_64,geo_cov_urb,2006,10.122
est,sex_t,age_aggregate_y55_64,geo_cov_urb,2007,8.362
est,sex_t,age_aggregate_y55_64,geo_cov_urb,2008,8.509
est,sex_t,age_aggregate_y55_64,geo_cov_urb,2009,15.647
est,sex_t,age_aggregate_y55_64,geo_cov_urb,2010,26.613
est,sex_t,age_aggregate_y55_64,geo_cov_urb,2011,20.721
est,sex_t,age_aggregate_y55_64,geo_cov_urb,2012,13.393
est,sex_t,age_aggregate_y55_64,geo_cov_urb,2013,12.126
est,sex_t,age_aggregate_y55_64,geo_cov_urb,2014,10.179
est,sex_t,age_aggregate_y55_64,geo_cov_urb,2015,11.092
est,sex_t,age_aggregate_y55_64,geo_cov_urb,2016,14.998
est,sex_t,age_aggregate_y55_64,geo_cov_urb,2017,11.303
est,sex_t,age_aggregate_y55_64,geo_cov_urb,2018,11.74
est,sex_t,age_aggregate_y55_64,geo_cov_urb,2019,6.349
est,sex_t,age_aggregate_y55_64,geo_cov_urb,2020,10.664
est,sex_t,age_aggregate_y55_64,geo_cov_urb,2021,9.348
est,sex_t,age_aggregate_y55_64,geo_cov_urb,2022,8.347
est,sex_t,age_aggregate_y55_64,geo_cov_urb,2023,8.769
est,sex_t,age_aggregate_y55_64,geo_cov_urb,2024,9.248
est,sex_t,age_aggregate_yge65,geo_cov_nat,1998,39.383
est,sex_t,age_aggregate_yge65,geo_cov_nat,1999,28.713
est,sex_t,age_aggregate_yge65,geo_cov_nat,2000,33.607
est,sex_t,age_aggregate_yge65,geo_cov_nat,2001,28.77
est,sex_t,age_aggregate_yge65,geo_cov_nat,2002,18.209
est,sex_t,age_aggregate_yge65,geo_cov_nat,2003,22.178
est,sex_t,age_aggregate_yge65,geo_cov_nat,2004,27.837
est,sex_t,age_aggregate_yge65,geo_cov_nat,2005,19.972
est,sex_t,age_aggregate_yge65,geo_cov_nat,2006,13.174
est,sex_t,age_aggregate_yge65,geo_cov_nat,2007,13.296
est,sex_t,age_aggregate_yge65,geo_cov_nat,2008,10.828
est,sex_t,age_aggregate_yge65,geo_cov_nat,2009,22.039
est,sex_t,age_aggregate_yge65,geo_cov_nat,2010,27.192
est,sex_t,age_aggregate_yge65,geo_cov_nat,2011,27.909
est,sex_t,age_aggregate_yge65,geo_cov_nat,2012,27.508
est,sex_t,age_aggregate_yge65,geo_cov_nat,2013,24.328
est,sex_t,age_aggregate_yge65,geo_cov_nat,2014,22.319
est,sex_t,age_aggregate_yge65,geo_cov_nat,2015,19.901
est,sex_t,age_aggregate_yge65,geo_cov_nat,2016,24.353
est,sex_t,age_aggregate_yge65,geo_cov_nat,2017,21.481
est,sex_t,age_aggregate_yge65,geo_cov_nat,2018,20.4
est,sex_t,age_aggregate_yge65,geo_cov_nat,2019,20.094
est,sex_t,age_aggregate_yge65,geo_cov_nat,2020,20.572
est,sex_t,age_aggregate_yge65,geo_cov_nat,2021,14.978
est,sex_t,age_aggregate_yge65,geo_cov_nat,2022,16.271
est,sex_t,age_aggregate_yge65,geo_cov_nat,2023,15.975
est,sex_t,age_aggregate_yge65,geo_cov_nat,2024,16.309
est,sex_t,age_aggregate_yge65,geo_cov_rur,1998,39.383
est,sex_t,age_aggregate_yge65,geo_cov_rur,1999,28.713
est,sex_t,age_aggregate_yge65,geo_cov_rur,2000,33.607
est,sex_t,age_aggregate_yge65,geo_cov_rur,2001,28.77
est,sex_t,age_aggregate_yge65,geo_cov_rur,2002,18.209
est,sex_t,age_aggregate_yge65,geo_cov_rur,2003,22.178
est,sex_t,age_aggregate_yge65,geo_cov_rur,2004,27.837
est,sex_t,age_aggregate_yge65,geo_cov_rur,2005,17.749
est,sex_t,age_aggregate_yge65,geo_cov_rur,2006,9.936
est,sex_t,age_aggregate_yge65,geo_cov_rur,2007,13.102
est,sex_t,age_aggregate_yge65,geo_cov_rur,2008,9.991
est,sex_t,age_aggregate_yge65,geo_cov_rur,2009,19.224
est,sex_t,age_aggregate_yge65,geo_cov_rur,2010,17.4
est,sex_t,age_aggregate_yge65,geo_cov_rur,2011,17.473
est,sex_t,age_aggregate_yge65,geo_cov_rur,2012,24.42
est,sex_t,age_aggregate_yge65,geo_cov_rur,2013,21.321
est,sex_t,age_aggregate_yge65,geo_cov_rur,2014,25.984
est,sex_t,age_aggregate_yge65,geo_cov_rur,2015,19.059
est,sex_t,age_aggregate_yge65,geo_cov_rur,2016,28.028
est,sex_t,age_aggregate_yge65,geo_cov_rur,2017,21.789
est,sex_t,age_aggregate_yge65,geo_cov_rur,2018,21.797
est,sex_t,age_aggregate_yge65,geo_cov_rur,2019,23.968
est,sex_t,age_aggregate_yge65,geo_cov_rur,2020,23.947
est,sex_t,age_aggregate_yge65,geo_cov_rur,2021,16.362
est,sex_t,age_aggregate_yge65,geo_cov_rur,2022,21.002
est,sex_t,age_aggregate_yge65,geo_cov_rur,2023,18.382
est,sex_t,age_aggregate_yge65,geo_cov_rur,2024,17.405
est,sex_t,age_aggregate_yge65,geo_cov_urb,2005,21.396
est,sex_t,age_aggregate_yge65,geo_cov_urb,2006,16.269
est,sex_t,age_aggregate_yge65,geo_cov_urb,2007,13.451
est,sex_t,age_aggregate_yge65,geo_cov_urb,2008,11.384
est,sex_t,age_aggregate_yge65,geo_cov_urb,2009,24.361
est,sex_t,age_aggregate_yge65,geo_cov_urb,2010,35.933
est,sex_t,age_aggregate_yge65,geo_cov_urb,2011,36.269
est,sex_t,age_aggregate_yge65,geo_cov_urb,2012,29.166
est,sex_t,age_aggregate_yge65,geo_cov_urb,2013,25.986
est,sex_t,age_aggregate_yge65,geo_cov_urb,2014,20.248
est,sex_t,age_aggregate_yge65,geo_cov_urb,2015,20.323
est,sex_t,age_aggregate_yge65,geo_cov_urb,2016,22.297
est,sex_t,age_aggregate_yge65,geo_cov_urb,2017,21.354
est,sex_t,age_aggregate_yge65,geo_cov_urb,2018,19.738
est,sex_t,age_aggregate_yge65,geo_cov_urb,2019,17.977
est,sex_t,age_aggregate_yge65,geo_cov_urb,2020,18.813
est,sex_t,age_aggregate_yge65,geo_cov_urb,2021,14.088
est,sex_t,age_aggregate_yge65,geo_cov_urb,2022,13.603
est,sex_t,age_aggregate_yge65,geo_cov_urb,2023,14.675
est,sex_t,age_aggregate_yge65,geo_cov_urb,2024,15.683
est,sex_t,age_ythadult_y15_24,geo_cov_nat,1998,25.938
est,sex_t,age_ythadult_y15_24,geo_cov_nat,1999,33.17
est,sex_t,age_ythadult_y15_24,geo_cov_nat,2000,36.061
est,sex_t,age_ythadult_y15_24,geo_cov_nat,2001,35.861
est,sex_t,age_ythadult_y15_24,geo_cov_nat,2002,36.836
est,sex_t,age_ythadult_y15_24,geo_cov_nat,2003,34.343
est,sex_t,age_ythadult_y15_24,geo_cov_nat,2004,38.776
est,sex_t,age_ythadult_y15_24,geo_cov_nat,2005,23.242
est,sex_t,age_ythadult_y15_24,geo_cov_nat,2006,21.995
est,sex_t,age_ythadult_y15_24,geo_cov_nat,2007,20.04
est,sex_t,age_ythadult_y15_24,geo_cov_nat,2008,18.494
est,sex_t,age_ythadult_y15_24,geo_cov_nat,2009,36.964
est,sex_t,age_ythadult_y15_24,geo_cov_nat,2010,43.015
est,sex_t,age_ythadult_y15_24,geo_cov_nat,2011,35.811
est,sex_t,age_ythadult_y15_24,geo_cov_nat,2012,31.007
est,sex_t,age_ythadult_y15_24,geo_cov_nat,2013,27.186
est,sex_t,age_ythadult_y15_24,geo_cov_nat,2014,23.932
est,sex_t,age_ythadult_y15_24,geo_cov_nat,2015,21.431
est,sex_t,age_ythadult_y15_24,geo_cov_nat,2016,20.466
est,sex_t,age_ythadult_y15_24,geo_cov_nat,2017,19.12
est,sex_t,age_ythadult_y15_24,geo_cov_nat,2018,20.404
est,sex_t,age_ythadult_y15_24,geo_cov_nat,2019,21.287
est,sex_t,age_ythadult_y15_24,geo_cov_nat,2020,29.285
est,sex_t,age_ythadult_y15_24,geo_cov_nat,2021,26.867
est,sex_t,age_ythadult_y15_24,geo_cov_nat,2022,27.402
est,sex_t,age_ythadult_y15_24,geo_cov_nat,2023,28.461
est,sex_t,age_ythadult_y15_24,geo_cov_nat,2024,29.192
est,sex_t,age_ythadult_y15_24,geo_cov_rur,1998,25.938
est,sex_t,age_ythadult_y15_24,geo_cov_rur,1999,33.17
est,sex_t,age_ythadult_y15_24,geo_cov_rur,2000,36.061
est,sex_t,age_ythadult_y15_24,geo_cov_rur,2001,35.861
est,sex_t,age_ythadult_y15_24,geo_cov_rur,2002,36.836
est,sex_t,age_ythadult_y15_24,geo_cov_rur,2003,34.343
est,sex_t,age_ythadult_y15_24,geo_cov_rur,2004,38.776
est,sex_t,age_ythadult_y15_24,geo_cov_rur,2005,24.741
est,sex_t,age_ythadult_y15_24,geo_cov_rur,2006,26.478
est,sex_t,age_ythadult_y15_24,geo_cov_rur,2007,22.055
est,sex_t,age_ythadult_y15_24,geo_cov_rur,2008,21.191
est,sex_t,age_ythadult_y15_24,geo_cov_rur,2009,33.827
est,sex_t,age_ythadult_y15_24,geo_cov_rur,2010,42.429
est,sex_t,age_ythadult_y15_24,geo_cov_rur,2011,35.287
est,sex_t,age_ythadult_y15_24,geo_cov_rur,2012,31.184
est,sex_t,age_ythadult_y15_24,geo_cov_rur,2013,28.29
est,sex_t,age_ythadult_y15_24,geo_cov_rur,2014,24.591
est,sex_t,age_ythadult_y15_24,geo_cov_rur,2015,21.418
est,sex_t,age_ythadult_y15_24,geo_cov_rur,2016,22.606
est,sex_t,age_ythadult_y15_24,geo_cov_rur,2017,22.229
est,sex_t,age_ythadult_y15_24,geo_cov_rur,2018,26.183
est,sex_t,age_ythadult_y15_24,geo_cov_rur,2019,22.622
est,sex_t,age_ythadult_y15_24,geo_cov_rur,2020,32.388
est,sex_t,age_ythadult_y15_24,geo_cov_rur,2021,32.017
est,sex_t,age_ythadult_y15_24,geo_cov_rur,2022,33.906
est,sex_t,age_ythadult_y15_24,geo_cov_rur,2023,29.169
est,sex_t,age_ythadult_y15_24,geo_cov_rur,2024,32.072
est,sex_t,age_ythadult_y15_24,geo_cov_urb,2005,22.093
est,sex_t,age_ythadult_y15_24,geo_cov_urb,2006,17.318
est,sex_t,age_ythadult_y15_24,geo_cov_urb,2007,18.119
est,sex_t,age_ythadult_y15_24,geo_cov_urb,2008,16.239
est,sex_t,age_ythadult_y15_24,geo_cov_urb,2009,39.681
est,sex_t,age_ythadult_y15_24,geo_cov_urb,2010,43.479
est,sex_t,age_ythadult_y15_24,geo_cov_urb,2011,36.21
est,sex_t,age_ythadult_y15_24,geo_cov_urb,2012,30.89
est,sex_t,age_ythadult_y15_24,geo_cov_urb,2013,26.529
est,sex_t,age_ythadult_y15_24,geo_cov_urb,2014,23.488
est,sex_t,age_ythadult_y15_24,geo_cov_urb,2015,21.441
est,sex_t,age_ythadult_y15_24,geo_cov_urb,2016,19.316
est,sex_t,age_ythadult_y15_24,geo_cov_urb,2017,17.701
est,sex_t,age_ythadult_y15_24,geo_cov_urb,2018,17.474
est,sex_t,age_ythadult_y15_24,geo_cov_urb,2019,20.656
est,sex_t,age_ythadult_y15_24,geo_cov_urb,2020,27.967
est,sex_t,age_ythadult_y15_24,geo_cov_urb,2021,24.448
est,sex_t,age_ythadult_y15_24,geo_cov_urb,2022,24.665
est,sex_t,age_ythadult_y15_24,geo_cov_urb,2023,28.119
est,sex_t,age_ythadult_y15_24,geo_cov_urb,2024,27.953
est,sex_t,age_ythadult_y15_64,geo_cov_nat,1998,15.449
est,sex_t,age_ythadult_y15_64,geo_cov_nat,1999,17.779
est,sex_t,age_ythadult_y15_64,geo_cov_nat,2000,20.537
est,sex_t,age_ythadult_y15_64,geo_cov_nat,2001,20.934
est,sex_t,age_ythadult_y15_64,geo_cov_nat,2002,18.299
est,sex_t,age_ythadult_y15_64,geo_cov_nat,2003,17.701
est,sex_t,age_ythadult_y15_64,geo_cov_nat,2004,17.674
est,sex_t,age_ythadult_y15_64,geo_cov_nat,2005,13.535
est,sex_t,age_ythadult_y15_64,geo_cov_nat,2006,10.064
est,sex_t,age_ythadult_y15_64,geo_cov_nat,2007,8.3
est,sex_t,age_ythadult_y15_64,geo_cov_nat,2008,8.482
est,sex_t,age_ythadult_y15_64,geo_cov_nat,2009,17.918
est,sex_t,age_ythadult_y15_64,geo_cov_nat,2010,21.38
est,sex_t,age_ythadult_y15_64,geo_cov_nat,2011,17.351
est,sex_t,age_ythadult_y15_64,geo_cov_nat,2012,14.822
est,sex_t,age_ythadult_y15_64,geo_cov_nat,2013,12.767
est,sex_t,age_ythadult_y15_64,geo_cov_nat,2014,11.343
est,sex_t,age_ythadult_y15_64,geo_cov_nat,2015,9.901
est,sex_t,age_ythadult_y15_64,geo_cov_nat,2016,10.713
est,sex_t,age_ythadult_y15_64,geo_cov_nat,2017,9.532
est,sex_t,age_ythadult_y15_64,geo_cov_nat,2018,9.352
est,sex_t,age_ythadult_y15_64,geo_cov_nat,2019,8.055
est,sex_t,age_ythadult_y15_64,geo_cov_nat,2020,10.795
est,sex_t,age_ythadult_y15_64,geo_cov_nat,2021,9.565
est,sex_t,age_ythadult_y15_64,geo_cov_nat,2022,8.646
est,sex_t,age_ythadult_y15_64,geo_cov_nat,2023,9.707
est,sex_t,age_ythadult_y15_64,geo_cov_nat,2024,10.893
est,sex_t,age_ythadult_y15_64,geo_cov_rur,1998,15.449
est,sex_t,age_ythadult_y15_64,geo_cov_rur,1999,17.779
est,sex_t,age_ythadult_y15_64,geo_cov_rur,2000,20.537
est,sex_t,age_ythadult_y15_64,geo_cov_rur,2001,20.934
est,sex_t,age_ythadult_y15_64,geo_cov_rur,2002,18.299
est,sex_t,age_ythadult_y15_64,geo_cov_rur,2003,17.701
est,sex_t,age_ythadult_y15_64,geo_cov_rur,2004,17.674
est,sex_t,age_ythadult_y15_64,geo_cov_rur,2005,13.89
est,sex_t,age_ythadult_y15_64,geo_cov_rur,2006,11.256
est,sex_t,age_ythadult_y15_64,geo_cov_rur,2007,9.847
est,sex_t,age_ythadult_y15_64,geo_cov_rur,2008,9.059
est,sex_t,age_ythadult_y15_64,geo_cov_rur,2009,18.172
est,sex_t,age_ythadult_y15_64,geo_cov_rur,2010,19.882
est,sex_t,age_ythadult_y15_64,geo_cov_rur,2011,16.584
est,sex_t,age_ythadult_y15_64,geo_cov_rur,2012,15.233
est,sex_t,age_ythadult_y15_64,geo_cov_rur,2013,13.137
est,sex_t,age_ythadult_y15_64,geo_cov_rur,2014,12.294
est,sex_t,age_ythadult_y15_64,geo_cov_rur,2015,11.892
est,sex_t,age_ythadult_y15_64,geo_cov_rur,2016,11.321
est,sex_t,age_ythadult_y15_64,geo_cov_rur,2017,10.25
est,sex_t,age_ythadult_y15_64,geo_cov_rur,2018,10.392
est,sex_t,age_ythadult_y15_64,geo_cov_rur,2019,9.401
est,sex_t,age_ythadult_y15_64,geo_cov_rur,2020,11.281
est,sex_t,age_ythadult_y15_64,geo_cov_rur,2021,9.247
est,sex_t,age_ythadult_y15_64,geo_cov_rur,2022,8.123
est,sex_t,age_ythadult_y15_64,geo_cov_rur,2023,9.266
est,sex_t,age_ythadult_y15_64,geo_cov_rur,2024,10.836
est,sex_t,age_ythadult_y15_64,geo_cov_urb,2005,13.197
est,sex_t,age_ythadult_y15_64,geo_cov_urb,2006,8.891
est,sex_t,age_ythadult_y15_64,geo_cov_urb,2007,6.827
est,sex_t,age_ythadult_y15_64,geo_cov_urb,2008,7.906
est,sex_t,age_ythadult_y15_64,geo_cov_urb,2009,17.667
est,sex_t,age_ythadult_y15_64,geo_cov_urb,2010,22.781
est,sex_t,age_ythadult_y15_64,geo_cov_urb,2011,18.081
est,sex_t,age_ythadult_y15_64,geo_cov_urb,2012,14.552
est,sex_t,age_ythadult_y15_64,geo_cov_urb,2013,12.531
est,sex_t,age_ythadult_y15_64,geo_cov_urb,2014,10.731
est,sex_t,age_ythadult_y15_64,geo_cov_urb,2015,8.627
est,sex_t,age_ythadult_y15_64,geo_cov_urb,2016,10.334
est,sex_t,age_ythadult_y15_64,geo_cov_urb,2017,9.191
est,sex_t,age_ythadult_y15_64,geo_cov_urb,2018,8.782
est,sex_t,age_ythadult_y15_64,geo_cov_urb,2019,7.352
est,sex_t,age_ythadult_y15_64,geo_cov_urb,2020,10.541
est,sex_t,age_ythadult_y15_64,geo_cov_urb,2021,9.745
est,sex_t,age_ythadult_y15_64,geo_cov_urb,2022,8.917
est,sex_t,age_ythadult_y15_64,geo_cov_urb,2023,9.951
est,sex_t,age_ythadult_y15_64,geo_cov_urb,2024,10.924
est,sex_t,age_ythadult_yge15,geo_cov_nat,1998,16.176
est,sex_t,age_ythadult_yge15,geo_cov_nat,1999,18.125
est,sex_t,age_ythadult_yge15,geo_cov_nat,2000,20.944
est,sex_t,age_ythadult_yge15,geo_cov_nat,2001,21.17
est,sex_t,age_ythadult_yge15,geo_cov_nat,2002,18.296
est,sex_t,age_ythadult_yge15,geo_cov_nat,2003,17.857
est,sex_t,age_ythadult_yge15,geo_cov_nat,2004,18.106
est,sex_t,age_ythadult_yge15,geo_cov_nat,2005,13.781
est,sex_t,age_ythadult_yge15,geo_cov_nat,2006,10.19
est,sex_t,age_ythadult_yge15,geo_cov_nat,2007,8.502
est,sex_t,age_ythadult_yge15,geo_cov_nat,2008,8.569
est,sex_t,age_ythadult_yge15,geo_cov_nat,2009,18.067
est,sex_t,age_ythadult_yge15,geo_cov_nat,2010,21.597
est,sex_t,age_ythadult_yge15,geo_cov_nat,2011,17.784
est,sex_t,age_ythadult_yge15,geo_cov_nat,2012,15.398
est,sex_t,age_ythadult_yge15,geo_cov_nat,2013,13.294
est,sex_t,age_ythadult_yge15,geo_cov_nat,2014,11.847
est,sex_t,age_ythadult_yge15,geo_cov_nat,2015,10.382
est,sex_t,age_ythadult_yge15,geo_cov_nat,2016,11.513
est,sex_t,age_ythadult_yge15,geo_cov_nat,2017,10.215
est,sex_t,age_ythadult_yge15,geo_cov_nat,2018,10.002
est,sex_t,age_ythadult_yge15,geo_cov_nat,2019,8.807
est,sex_t,age_ythadult_yge15,geo_cov_nat,2020,11.391
est,sex_t,age_ythadult_yge15,geo_cov_nat,2021,9.9
est,sex_t,age_ythadult_yge15,geo_cov_nat,2022,9.184
est,sex_t,age_ythadult_yge15,geo_cov_nat,2023,10.161
est,sex_t,age_ythadult_yge15,geo_cov_nat,2024,11.3
est,sex_t,age_ythadult_yge15,geo_cov_rur,1998,16.176
est,sex_t,age_ythadult_yge15,geo_cov_rur,1999,18.125
est,sex_t,age_ythadult_yge15,geo_cov_rur,2000,20.944
est,sex_t,age_ythadult_yge15,geo_cov_rur,2001,21.17
est,sex_t,age_ythadult_yge15,geo_cov_rur,2002,18.296
est,sex_t,age_ythadult_yge15,geo_cov_rur,2003,17.857
est,sex_t,age_ythadult_yge15,geo_cov_rur,2004,18.106
est,sex_t,age_ythadult_yge15,geo_cov_rur,2005,14.009
est,sex_t,age_ythadult_yge15,geo_cov_rur,2006,11.203
est,sex_t,age_ythadult_yge15,geo_cov_rur,2007,9.967
est,sex_t,age_ythadult_yge15,geo_cov_rur,2008,9.087
est,sex_t,age_ythadult_yge15,geo_cov_rur,2009,18.207
est,sex_t,age_ythadult_yge15,geo_cov_rur,2010,19.791
est,sex_t,age_ythadult_yge15,geo_cov_rur,2011,16.618
est,sex_t,age_ythadult_yge15,geo_cov_rur,2012,15.603
est,sex_t,age_ythadult_yge15,geo_cov_rur,2013,13.479
est,sex_t,age_ythadult_yge15,geo_cov_rur,2014,12.876
est,sex_t,age_ythadult_yge15,geo_cov_rur,2015,12.19
est,sex_t,age_ythadult_yge15,geo_cov_rur,2016,12.242
est,sex_t,age_ythadult_yge15,geo_cov_rur,2017,10.85
est,sex_t,age_ythadult_yge15,geo_cov_rur,2018,11.003
est,sex_t,age_ythadult_yge15,geo_cov_rur,2019,10.338
est,sex_t,age_ythadult_yge15,geo_cov_rur,2020,12.051
est,sex_t,age_ythadult_yge15,geo_cov_rur,2021,9.722
est,sex_t,age_ythadult_yge15,geo_cov_rur,2022,9.079
est,sex_t,age_ythadult_yge15,geo_cov_rur,2023,9.917
est,sex_t,age_ythadult_yge15,geo_cov_rur,2024,11.345
est,sex_t,age_ythadult_yge15,geo_cov_urb,2005,13.567
est,sex_t,age_ythadult_yge15,geo_cov_urb,2006,9.195
est,sex_t,age_ythadult_yge15,geo_cov_urb,2007,7.117
est,sex_t,age_ythadult_yge15,geo_cov_urb,2008,8.06
est,sex_t,age_ythadult_yge15,geo_cov_urb,2009,17.93
est,sex_t,age_ythadult_yge15,geo_cov_urb,2010,23.285
est,sex_t,age_ythadult_yge15,geo_cov_urb,2011,18.886
est,sex_t,age_ythadult_yge15,geo_cov_urb,2012,15.264
est,sex_t,age_ythadult_yge15,geo_cov_urb,2013,13.176
est,sex_t,age_ythadult_yge15,geo_cov_urb,2014,11.189
est,sex_t,age_ythadult_yge15,geo_cov_urb,2015,9.239
est,sex_t,age_ythadult_yge15,geo_cov_urb,2016,11.063
est,sex_t,age_ythadult_yge15,geo_cov_urb,2017,9.916
est,sex_t,age_ythadult_yge15,geo_cov_urb,2018,9.457
est,sex_t,age_ythadult_yge15,geo_cov_urb,2019,8.007
est,sex_t,age_ythadult_yge15,geo_cov_urb,2020,11.046
est,sex_t,age_ythadult_yge15,geo_cov_urb,2021,10.001
est,sex_t,age_ythadult_yge15,geo_cov_urb,2022,9.239
est,sex_t,age_ythadult_yge15,geo_cov_urb,2023,10.295
est,sex_t,age_ythadult_yge15,geo_cov_urb,2024,11.275
est,sex_t,age_ythadult_yge25,geo_cov_nat,1998,14.802
est,sex_t,age_ythadult_yge25,geo_cov_nat,1999,16.101
est,sex_t,age_ythadult_yge25,geo_cov_nat,2000,18.828
est,sex_t,age_ythadult_yge25,geo_cov_nat,2001,19.35
est,sex_t,age_ythadult_yge25,geo_cov_nat,2002,16.016
est,sex_t,age_ythadult_yge25,geo_cov_nat,2003,15.652
est,sex_t,age_ythadult_yge25,geo_cov_nat,2004,15.007
est,sex_t,age_ythadult_yge25,geo_cov_nat,2005,12.602
est,sex_t,age_ythadult_yge25,geo_cov_nat,2006,8.731
est,sex_t,age_ythadult_yge25,geo_cov_nat,2007,6.99
est,sex_t,age_ythadult_yge25,geo_cov_nat,2008,7.249
est,sex_t,age_ythadult_yge25,geo_cov_nat,2009,15.62
est,sex_t,age_ythadult_yge25,geo_cov_nat,2010,18.975
est,sex_t,age_ythadult_yge25,geo_cov_nat,2011,15.498
est,sex_t,age_ythadult_yge25,geo_cov_nat,2012,13.587
est,sex_t,age_ythadult_yge25,geo_cov_nat,2013,11.833
est,sex_t,age_ythadult_yge25,geo_cov_nat,2014,10.666
est,sex_t,age_ythadult_yge25,geo_cov_nat,2015,9.358
est,sex_t,age_ythadult_yge25,geo_cov_nat,2016,10.705
est,sex_t,age_ythadult_yge25,geo_cov_nat,2017,9.407
est,sex_t,age_ythadult_yge25,geo_cov_nat,2018,9.021
est,sex_t,age_ythadult_yge25,geo_cov_nat,2019,7.692
est,sex_t,age_ythadult_yge25,geo_cov_nat,2020,9.813
est,sex_t,age_ythadult_yge25,geo_cov_nat,2021,8.472
est,sex_t,age_ythadult_yge25,geo_cov_nat,2022,7.519
est,sex_t,age_ythadult_yge25,geo_cov_nat,2023,8.442
est,sex_t,age_ythadult_yge25,geo_cov_nat,2024,9.588
est,sex_t,age_ythadult_yge25,geo_cov_rur,1998,14.802
est,sex_t,age_ythadult_yge25,geo_cov_rur,1999,16.101
est,sex_t,age_ythadult_yge25,geo_cov_rur,2000,18.828
est,sex_t,age_ythadult_yge25,geo_cov_rur,2001,19.35
est,sex_t,age_ythadult_yge25,geo_cov_rur,2002,16.016
est,sex_t,age_ythadult_yge25,geo_cov_rur,2003,15.652
est,sex_t,age_ythadult_yge25,geo_cov_rur,2004,15.007
est,sex_t,age_ythadult_yge25,geo_cov_rur,2005,12.825
est,sex_t,age_ythadult_yge25,geo_cov_rur,2006,9.251
est,sex_t,age_ythadult_yge25,geo_cov_rur,2007,8.376
est,sex_t,age_ythadult_yge25,geo_cov_rur,2008,7.625
est,sex_t,age_ythadult_yge25,geo_cov_rur,2009,16.325
est,sex_t,age_ythadult_yge25,geo_cov_rur,2010,17.28
est,sex_t,age_ythadult_yge25,geo_cov_rur,2011,14.542
est,sex_t,age_ythadult_yge25,geo_cov_rur,2012,13.781
est,sex_t,age_ythadult_yge25,geo_cov_rur,2013,11.985
est,sex_t,age_ythadult_yge25,geo_cov_rur,2014,11.691
est,sex_t,age_ythadult_yge25,geo_cov_rur,2015,11.224
est,sex_t,age_ythadult_yge25,geo_cov_rur,2016,11.393
est,sex_t,age_ythadult_yge25,geo_cov_rur,2017,9.841
est,sex_t,age_ythadult_yge25,geo_cov_rur,2018,9.642
est,sex_t,age_ythadult_yge25,geo_cov_rur,2019,9.318
est,sex_t,age_ythadult_yge25,geo_cov_rur,2020,10.513
est,sex_t,age_ythadult_yge25,geo_cov_rur,2021,8.085
est,sex_t,age_ythadult_yge25,geo_cov_rur,2022,7.145
est,sex_t,age_ythadult_yge25,geo_cov_rur,2023,8.27
est,sex_t,age_ythadult_yge25,geo_cov_rur,2024,9.678
est,sex_t,age_ythadult_yge25,geo_cov_urb,2005,12.388
est,sex_t,age_ythadult_yge25,geo_cov_urb,2006,8.225
est,sex_t,age_ythadult_yge25,geo_cov_urb,2007,5.681
est,sex_t,age_ythadult_yge25,geo_cov_urb,2008,6.871
est,sex_t,age_ythadult_yge25,geo_cov_urb,2009,14.918
est,sex_t,age_ythadult_yge25,geo_cov_urb,2010,20.59
est,sex_t,age_ythadult_yge25,geo_cov_urb,2011,16.426
est,sex_t,age_ythadult_yge25,geo_cov_urb,2012,13.46
est,sex_t,age_ythadult_yge25,geo_cov_urb,2013,11.737
est,sex_t,age_ythadult_yge25,geo_cov_urb,2014,10.014
est,sex_t,age_ythadult_yge25,geo_cov_urb,2015,8.198
est,sex_t,age_ythadult_yge25,geo_cov_urb,2016,10.275
est,sex_t,age_ythadult_yge25,geo_cov_urb,2017,9.202
est,sex_t,age_ythadult_yge25,geo_cov_urb,2018,8.68
est,sex_t,age_ythadult_yge25,geo_cov_urb,2019,6.834
est,sex_t,age_ythadult_yge25,geo_cov_urb,2020,9.441
est,sex_t,age_ythadult_yge25,geo_cov_urb,2021,8.696
est,sex_t,age_ythadult_yge25,geo_cov_urb,2022,7.718
est,sex_t,age_ythadult_yge25,geo_cov_urb,2023,8.538
est,sex_t,age_ythadult_yge25,geo_cov_urb,2024,9.538
eth,sex_f,age_aggregate_total,geo_cov_nat,1999,15.461
eth,sex_f,age_aggregate_total,geo_cov_nat,2013,7.547
eth,sex_f,age_aggregate_total,geo_cov_nat,2021,13.297
eth,sex_f,age_aggregate_total,geo_cov_rur,1999,10.652
eth,sex_f,age_aggregate_total,geo_cov_rur,2013,3.394
eth,sex_f,age_aggregate_total,geo_cov_rur,2021,8.68
eth,sex_f,age_aggregate_total,geo_cov_urb,1999,36.288
eth,sex_f,age_aggregate_total,geo_cov_urb,2013,24.117
eth,sex_f,age_aggregate_total,geo_cov_urb,2021,26.878
eth,sex_f,age_aggregate_y15_24,geo_cov_nat,1999,21.278
eth,sex_f,age_aggregate_y15_24,geo_cov_nat,2013,9.876
eth,sex_f,age_aggregate_y15_24,geo_cov_nat,2021,17.217
eth,sex_f,age_aggregate_y15_24,geo_cov_rur,1999,14.742
eth,sex_f,age_aggregate_y15_24,geo_cov_rur,2013,5.209
eth,sex_f,age_aggregate_y15_24,geo_cov_rur,2021,12.438
eth,sex_f,age_aggregate_y15_24,geo_cov_urb,1999,47.112
eth,sex_f,age_aggregate_y15_24,geo_cov_urb,2013,28.327
eth,sex_f,age_aggregate_y15_24,geo_cov_urb,2021,31.434
eth,sex_f,age_aggregate_y25_54,geo_cov_nat,1999,13.03
eth,sex_f,age_aggregate_y25_54,geo_cov_nat,2013,6.688
eth,sex_f,age_aggregate_y25_54,geo_cov_nat,2021,12.531
eth,sex_f,age_aggregate_y25_54,geo_cov_rur,1999,9.021
eth,sex_f,age_aggregate_y25_54,geo_cov_rur,2013,2.551
eth,sex_f,age_aggregate_y25_54,geo_cov_rur,2021,7.723
eth,sex_f,age_aggregate_y25_54,geo_cov_urb,1999,30.948
eth,sex_f,age_aggregate_y25_54,geo_cov_urb,2013,22.442
eth,sex_f,age_aggregate_y25_54,geo_cov_urb,2021,25.619
eth,sex_f,age_aggregate_y55_64,geo_cov_nat,1999,6.545
eth,sex_f,age_aggregate_y55_64,geo_cov_nat,2013,4.437
eth,sex_f,age_aggregate_y55_64,geo_cov_nat,2021,6.133
eth,sex_f,age_aggregate_y55_64,geo_cov_rur,1999,4.379
eth,sex_f,age_aggregate_y55_64,geo_cov_rur,2013,2.123
eth,sex_f,age_aggregate_y55_64,geo_cov_rur,2021,3.638
eth,sex_f,age_aggregate_y55_64,geo_cov_urb,1999,18.806
eth,sex_f,age_aggregate_y55_64,geo_cov_urb,2013,19.099
eth,sex_f,age_aggregate_y55_64,geo_cov_urb,2021,18.375
eth,sex_f,age_aggregate_yge65,geo_cov_nat,1999,5.198
eth,sex_f,age_aggregate_yge65,geo_cov_nat,2013,4.807
eth,sex_f,age_aggregate_yge65,geo_cov_nat,2021,5.006
eth,sex_f,age_aggregate_yge65,geo_cov_rur,1999,3.644
eth,sex_f,age_aggregate_yge65,geo_cov_rur,2013,2.99
eth,sex_f,age_aggregate_yge65,geo_cov_rur,2021,3.796
eth,sex_f,age_aggregate_yge65,geo_cov_urb,1999,12.942
eth,sex_f,age_aggregate_yge65,geo_cov_urb,2013,15.878
eth,sex_f,age_aggregate_yge65,geo_cov_urb,2021,15.79
eth,sex_f,age_ythadult_y15_24,geo_cov_nat,1999,21.278
eth,sex_f,age_ythadult_y15_24,geo_cov_nat,2013,9.876
eth,sex_f,age_ythadult_y15_24,geo_cov_nat,2021,17.217
eth,sex_f,age_ythadult_y15_24,geo_cov_rur,1999,14.742
eth,sex_f,age_ythadult_y15_24,geo_cov_rur,2013,5.209
eth,sex_f,age_ythadult_y15_24,geo_cov_rur,2021,12.438
eth,sex_f,age_ythadult_y15_24,geo_cov_urb,1999,47.112
eth,sex_f,age_ythadult_y15_24,geo_cov_urb,2013,28.327
eth,sex_f,age_ythadult_y15_24,geo_cov_urb,2021,31.434
eth,sex_f,age_ythadult_y15_64,geo_cov_nat,1999,15.681
eth,sex_f,age_ythadult_y15_64,geo_cov_nat,2013,7.617
eth,sex_f,age_ythadult_y15_64,geo_cov_nat,2021,13.552
eth,sex_f,age_ythadult_y15_64,geo_cov_rur,1999,10.805
eth,sex_f,age_ythadult_y15_64,geo_cov_rur,2013,3.406
eth,sex_f,age_ythadult_y15_64,geo_cov_rur,2021,8.861
eth,sex_f,age_ythadult_y15_64,geo_cov_urb,1999,36.732
eth,sex_f,age_ythadult_y15_64,geo_cov_urb,2013,24.263
eth,sex_f,age_ythadult_y15_64,geo_cov_urb,2021,27.01
eth,sex_f,age_ythadult_yge15,geo_cov_nat,1999,15.461
eth,sex_f,age_ythadult_yge15,geo_cov_nat,2013,7.547
eth,sex_f,age_ythadult_yge15,geo_cov_nat,2021,13.297
eth,sex_f,age_ythadult_yge15,geo_cov_rur,1999,10.652
eth,sex_f,age_ythadult_yge15,geo_cov_rur,2013,3.394
eth,sex_f,age_ythadult_yge15,geo_cov_rur,2021,8.68
eth,sex_f,age_ythadult_yge15,geo_cov_urb,1999,36.288
eth,sex_f,age_ythadult_yge15,geo_cov_urb,2013,24.117
eth,sex_f,age_ythadult_yge15,geo_cov_urb,2021,26.878
eth,sex_f,age_ythadult_yge25,geo_cov_nat,1999,12.262
eth,sex_f,age_ythadult_yge25,geo_cov_nat,2013,6.436
eth,sex_f,age_ythadult_yge25,geo_cov_nat,2021,11.762
eth,sex_f,age_ythadult_yge25,geo_cov_rur,1999,8.462
eth,sex_f,age_ythadult_yge25,geo_cov_rur,2013,2.531
eth,sex_f,age_ythadult_yge25,geo_cov_rur,2021,7.201
eth,sex_f,age_ythadult_yge25,geo_cov_urb,1999,29.6
eth,sex_f,age_ythadult_yge25,geo_cov_urb,2013,22.087
eth,sex_f,age_ythadult_yge25,geo_cov_urb,2021,25.113
eth,sex_m,age_aggregate_total,geo_cov_nat,1999,5.011
eth,sex_m,age_aggregate_total,geo_cov_nat,2013,3.052
eth,sex_m,age_aggregate_total,geo_cov_nat,2021,5.604
eth,sex_m,age_aggregate_total,geo_cov_rur,1999,2.655
eth,sex_m,age_aggregate_total,geo_cov_rur,2013,1.248
eth,sex_m,age_aggregate_total,geo_cov_rur,2021,3.825
eth,sex_m,age_aggregate_total,geo_cov_urb,1999,19.464
eth,sex_m,age_aggregate_total,geo_cov_urb,2013,10.676
eth,sex_m,age_aggregate_total,geo_cov_urb,2021,11.685
eth,sex_m,age_aggregate_y15_24,geo_cov_nat,1999,7.688
eth,sex_m,age_aggregate_y15_24,geo_cov_nat,2013,5.189
eth,sex_m,age_aggregate_y15_24,geo_cov_nat,2021,8.401
eth,sex_m,age_aggregate_y15_24,geo_cov_rur,1999,3.835
eth,sex_m,age_aggregate_y15_24,geo_cov_rur,2013,2.323
eth,sex_m,age_aggregate_y15_24,geo_cov_rur,2021,5.637
eth,sex_m,age_aggregate_y15_24,geo_cov_urb,1999,32.5
eth,sex_m,age_aggregate_y15_24,geo_cov_urb,2013,21.212
eth,sex_m,age_aggregate_y15_24,geo_cov_urb,2021,23.483
eth,sex_m,age_aggregate_y25_54,geo_cov_nat,1999,3.76
eth,sex_m,age_aggregate_y25_54,geo_cov_nat,2013,2.208
eth,sex_m,age_aggregate_y25_54,geo_cov_nat,2021,4.823
eth,sex_m,age_aggregate_y25_54,geo_cov_rur,1999,2.244
eth,sex_m,age_aggregate_y25_54,geo_cov_rur,2013,0.766
eth,sex_m,age_aggregate_y25_54,geo_cov_rur,2021,3.303
eth,sex_m,age_aggregate_y25_54,geo_cov_urb,1999,12.204
eth,sex_m,age_aggregate_y25_54,geo_cov_urb,2013,7.208
eth,sex_m,age_aggregate_y25_54,geo_cov_urb,2021,8.879
eth,sex_m,age_aggregate_y55_64,geo_cov_nat,1999,3.621
eth,sex_m,age_aggregate_y55_64,geo_cov_nat,2013,1.782
eth,sex_m,age_aggregate_y55_64,geo_cov_nat,2021,4.493
eth,sex_m,age_aggregate_y55_64,geo_cov_rur,1999,1.417
eth,sex_m,age_aggregate_y55_64,geo_cov_rur,2013,0.555
eth,sex_m,age_aggregate_y55_64,geo_cov_rur,2021,2.908
eth,sex_m,age_aggregate_y55_64,geo_cov_urb,1999,21.427
eth,sex_m,age_aggregate_y55_64,geo_cov_urb,2013,8.302
eth,sex_m,age_aggregate_y55_64,geo_cov_urb,2021,12.371
eth,sex_m,age_aggregate_yge65,geo_cov_nat,1999,3.458
eth,sex_m,age_aggregate_yge65,geo_cov_nat,2013,1.748
eth,sex_m,age_aggregate_yge65,geo_cov_nat,2021,3.878
eth,sex_m,age_aggregate_yge65,geo_cov_rur,1999,1.465
eth,sex_m,age_aggregate_yge65,geo_cov_rur,2013,0.844
eth,sex_m,age_aggregate_yge65,geo_cov_rur,2021,2.432
eth,sex_m,age_aggregate_yge65,geo_cov_urb,1999,21.977
eth,sex_m,age_aggregate_yge65,geo_cov_urb,2013,8.728
eth,sex_m,age_aggregate_yge65,geo_cov_urb,2021,15.948
eth,sex_m,age_ythadult_y15_24,geo_cov_nat,1999,7.688
eth,sex_m,age_ythadult_y15_24,geo_cov_nat,2013,5.189
eth,sex_m,age_ythadult_y15_24,geo_cov_nat,2021,8.401
eth,sex_m,age_ythadult_y15_24,geo_cov_rur,1999,3.835
eth,sex_m,age_ythadult_y15_24,geo_cov_rur,2013,2.323
eth,sex_m,age_ythadult_y15_24,geo_cov_rur,2021,5.637
eth,sex_m,age_ythadult_y15_24,geo_cov_urb,1999,32.5
eth,sex_m,age_ythadult_y15_24,geo_cov_urb,2013,21.212
eth,sex_m,age_ythadult_y15_24,geo_cov_urb,2021,23.483
eth,sex_m,age_ythadult_y15_64,geo_cov_nat,1999,5.098
eth,sex_m,age_ythadult_y15_64,geo_cov_nat,2013,3.127
eth,sex_m,age_ythadult_y15_64,geo_cov_nat,2021,5.716
eth,sex_m,age_ythadult_y15_64,geo_cov_rur,1999,2.725
eth,sex_m,age_ythadult_y15_64,geo_cov_rur,2013,1.273
eth,sex_m,age_ythadult_y15_64,geo_cov_rur,2021,3.931
eth,sex_m,age_ythadult_y15_64,geo_cov_urb,1999,19.368
eth,sex_m,age_ythadult_y15_64,geo_cov_urb,2013,10.741
eth,sex_m,age_ythadult_y15_64,geo_cov_urb,2021,11.559
eth,sex_m,age_ythadult_yge15,geo_cov_nat,1999,5.011
eth,sex_m,age_ythadult_yge15,geo_cov_nat,2013,3.052
eth,sex_m,age_ythadult_yge15,geo_cov_nat,2021,5.604
eth,sex_m,age_ythadult_yge15,geo_cov_rur,1999,2.655
eth,sex_m,age_ythadult_yge15,geo_cov_rur,2013,1.248
eth,sex_m,age_ythadult_yge15,geo_cov_rur,2021,3.825
eth,sex_m,age_ythadult_yge15,geo_cov_urb,1999,19.464
eth,sex_m,age_ythadult_yge15,geo_cov_urb,2013,10.676
eth,sex_m,age_ythadult_yge15,geo_cov_urb,2021,11.685
eth,sex_m,age_ythadult_yge25,geo_cov_nat,1999,3.72
eth,sex_m,age_ythadult_yge25,geo_cov_nat,2013,2.128
eth,sex_m,age_ythadult_yge25,geo_cov_nat,2021,4.715
eth,sex_m,age_ythadult_yge25,geo_cov_rur,1999,2.08
eth,sex_m,age_ythadult_yge25,geo_cov_rur,2013,0.749
eth,sex_m,age_ythadult_yge25,geo_cov_rur,2021,3.177
eth,sex_m,age_ythadult_yge25,geo_cov_urb,1999,13.555
eth,sex_m,age_ythadult_yge25,geo_cov_urb,2013,7.36
eth,sex_m,age_ythadult_yge25,geo_cov_urb,2021,9.352
eth,sex_t,age_aggregate_total,geo_cov_nat,1999,9.681
eth,sex_t,age_aggregate_total,geo_cov_nat,2013,5.177
eth,sex_t,age_aggregate_total,geo_cov_nat,2021,9.01
eth,sex_t,age_aggregate_total,geo_cov_rur,1999,6.116
eth,sex_t,age_aggregate_total,geo_cov_rur,2013,2.257
eth,sex_t,age_aggregate_total,geo_cov_rur,2021,5.931
eth,sex_t,age_aggregate_total,geo_cov_urb,1999,28.204
eth,sex_t,age_aggregate_total,geo_cov_urb,2013,17.184
eth,sex_t,age_aggregate_total,geo_cov_urb,2021,18.842
eth,sex_t,age_aggregate_y15_24,geo_cov_nat,1999,14.054
eth,sex_t,age_aggregate_y15_24,geo_cov_nat,2013,7.483
eth,sex_t,age_aggregate_y15_24,geo_cov_nat,2021,12.641
eth,sex_t,age_aggregate_y15_24,geo_cov_rur,1999,8.725
eth,sex_t,age_aggregate_y15_24,geo_cov_rur,2013,3.692
eth,sex_t,age_aggregate_y15_24,geo_cov_rur,2021,8.702
eth,sex_t,age_aggregate_y15_24,geo_cov_urb,1999,40.824
eth,sex_t,age_aggregate_y15_24,geo_cov_urb,2013,25.201
eth,sex_t,age_aggregate_y15_24,geo_cov_urb,2021,28.26
eth,sex_t,age_aggregate_y25_54,geo_cov_nat,1999,8.027
eth,sex_t,age_aggregate_y25_54,geo_cov_nat,2013,4.376
eth,sex_t,age_aggregate_y25_54,geo_cov_nat,2021,8.277
eth,sex_t,age_aggregate_y25_54,geo_cov_rur,1999,5.301
eth,sex_t,age_aggregate_y25_54,geo_cov_rur,2013,1.639
eth,sex_t,age_aggregate_y25_54,geo_cov_rur,2021,5.29
eth,sex_t,age_aggregate_y25_54,geo_cov_urb,1999,21.689
eth,sex_t,age_aggregate_y25_54,geo_cov_urb,2013,14.3
eth,sex_t,age_aggregate_y25_54,geo_cov_urb,2021,16.319
eth,sex_t,age_aggregate_y55_64,geo_cov_nat,1999,4.629
eth,sex_t,age_aggregate_y55_64,geo_cov_nat,2013,2.853
eth,sex_t,age_aggregate_y55_64,geo_cov_nat,2021,5.074
eth,sex_t,age_aggregate_y55_64,geo_cov_rur,1999,2.408
eth,sex_t,age_aggregate_y55_64,geo_cov_rur,2013,1.197
eth,sex_t,age_aggregate_y55_64,geo_cov_rur,2021,3.166
eth,sex_t,age_aggregate_y55_64,geo_cov_urb,1999,20.333
eth,sex_t,age_aggregate_y55_64,geo_cov_urb,2013,12.273
eth,sex_t,age_aggregate_y55_64,geo_cov_urb,2021,14.513
eth,sex_t,age_aggregate_yge65,geo_cov_nat,1999,3.878
eth,sex_t,age_aggregate_yge65,geo_cov_nat,2013,2.64
eth,sex_t,age_aggregate_yge65,geo_cov_nat,2021,4.194
eth,sex_t,age_aggregate_yge65,geo_cov_rur,1999,1.96
eth,sex_t,age_aggregate_yge65,geo_cov_rur,2013,1.456
eth,sex_t,age_aggregate_yge65,geo_cov_rur,2021,2.816
eth,sex_t,age_aggregate_yge65,geo_cov_urb,1999,18.779
eth,sex_t,age_aggregate_yge65,geo_cov_urb,2013,11.129
eth,sex_t,age_aggregate_yge65,geo_cov_urb,2021,15.906
eth,sex_t,age_ythadult_y15_24,geo_cov_nat,1999,14.054
eth,sex_t,age_ythadult_y15_24,geo_cov_nat,2013,7.483
eth,sex_t,age_ythadult_y15_24,geo_cov_nat,2021,12.641
eth,sex_t,age_ythadult_y15_24,geo_cov_rur,1999,8.725
eth,sex_t,age_ythadult_y15_24,geo_cov_rur,2013,3.692
eth,sex_t,age_ythadult_y15_24,geo_cov_rur,2021,8.702
eth,sex_t,age_ythadult_y15_24,geo_cov_urb,1999,40.824
eth,sex_t,age_ythadult_y15_24,geo_cov_urb,2013,25.201
eth,sex_t,age_ythadult_y15_24,geo_cov_urb,2021,28.26
eth,sex_t,age_ythadult_y15_64,geo_cov_nat,1999,9.915
eth,sex_t,age_ythadult_y15_64,geo_cov_nat,2013,5.284
eth,sex_t,age_ythadult_y15_64,geo_cov_nat,2021,9.248
eth,sex_t,age_ythadult_y15_64,geo_cov_rur,1999,6.294
eth,sex_t,age_ythadult_y15_64,geo_cov_rur,2013,2.293
eth,sex_t,age_ythadult_y15_64,geo_cov_rur,2021,6.114
eth,sex_t,age_ythadult_y15_64,geo_cov_urb,1999,28.469
eth,sex_t,age_ythadult_y15_64,geo_cov_urb,2013,17.34
eth,sex_t,age_ythadult_y15_64,geo_cov_urb,2021,18.904
eth,sex_t,age_ythadult_yge15,geo_cov_nat,1999,9.681
eth,sex_t,age_ythadult_yge15,geo_cov_nat,2013,5.177
eth,sex_t,age_ythadult_yge15,geo_cov_nat,2021,9.01
eth,sex_t,age_ythadult_yge15,geo_cov_rur,1999,6.116
eth,sex_t,age_ythadult_yge15,geo_cov_rur,2013,2.257
eth,sex_t,age_ythadult_yge15,geo_cov_rur,2021,5.931
eth,sex_t,age_ythadult_yge15,geo_cov_urb,1999,28.204
eth,sex_t,age_ythadult_yge15,geo_cov_urb,2013,17.184
eth,sex_t,age_ythadult_yge15,geo_cov_urb,2021,18.842
eth,sex_t,age_ythadult_yge25,geo_cov_nat,1999,7.443
eth,sex_t,age_ythadult_yge25,geo_cov_nat,2013,4.132
eth,sex_t,age_ythadult_yge25,geo_cov_nat,2021,7.74
eth,sex_t,age_ythadult_yge25,geo_cov_rur,1999,4.793
eth,sex_t,age_ythadult_yge25,geo_cov_rur,2013,1.583
eth,sex_t,age_ythadult_yge25,geo_cov_rur,2021,4.898
eth,sex_t,age_ythadult_yge25,geo_cov_urb,1999,21.46
eth,sex_t,age_ythadult_yge25,geo_cov_urb,2013,14.051
eth,sex_t,age_ythadult_yge25,geo_cov_urb,2021,16.204
fin,sex_f,age_aggregate_total,geo_cov_nat,1998,21.971
fin,sex_f,age_aggregate_total,geo_cov_nat,1999,18.549
fin,sex_f,age_aggregate_total,geo_cov_nat,2000,17.696
fin,sex_f,age_aggregate_total,geo_cov_nat,2001,15.616
fin,sex_f,age_aggregate_total,geo_cov_nat,2002,15.143
fin,sex_f,age_aggregate_total,geo_cov_nat,2003,14.572
fin,sex_f,age_aggregate_total,geo_cov_nat,2004,15.253
fin,sex_f,age_aggregate_total,geo_cov_nat,2005,14.334
fin,sex_f,age_aggregate_total,geo_cov_nat,2006,13.694
fin,sex_f,age_aggregate_total,geo_cov_nat,2007,11.837
fin,sex_f,age_aggregate_total,geo_cov_nat,2008,10.664
fin,sex_f,age_aggregate_total,geo_cov_nat,2009,11.538
fin,sex_f,age_aggregate_total,geo_cov_nat,2010,12.369
fin,sex_f,age_aggregate_total,geo_cov_nat,2011,11.952
fin,sex_f,age_aggregate_total,geo_cov_nat,2012,12.181
fin,sex_f,age_aggregate_total,geo_cov_nat,2013,12.778
fin,sex_f,age_aggregate_total,geo_cov_nat,2014,13.636
fin,sex_f,age_aggregate_total,geo_cov_nat,2015,14.316
fin,sex_f,age_aggregate_total,geo_cov_nat,2016,14.267
fin,sex_f,age_aggregate_total,geo_cov_nat,2017,14.179
fin,sex_f,age_aggregate_total,geo_cov_nat,2018,12.844
fin,sex_f,age_aggregate_total,geo_cov_nat,2019,10.915
fin,sex_f,age_aggregate_total,geo_cov_nat,2020,12.957
fin,sex_f,age_aggregate_total,geo_cov_nat,2021,10.938
fin,sex_f,age_aggregate_total,geo_cov_nat,2022,10.634
fin,sex_f,age_aggregate_total,geo_cov_nat,2023,10.639
fin,sex_f,age_aggregate_total,geo_cov_nat,2024,12.271
fin,sex_f,age_aggregate_total,geo_cov_rur,1998,23.038
fin,sex_f,age_aggregate_total,geo_cov_rur,1999,21.004
fin,sex_f,age_aggregate_total,geo_cov_rur,2000,19.831
fin,sex_f,age_aggregate_total,geo_cov_rur,2001,17.578
fin,sex_f,age_aggregate_total,geo_cov_rur,2002,16.808
fin,sex_f,age_aggregate_total,geo_cov_rur,2003,15.887
fin,sex_f,age_aggregate_total,geo_cov_rur,2004,16.287
fin,sex_f,age_aggregate_total,geo_cov_rur,2005,15.049
fin,sex_f,age_aggregate_total,geo_cov_rur,2006,14.846
fin,sex_f,age_aggregate_total,geo_cov_rur,2007,12.937
fin,sex_f,age_aggregate_total,geo_cov_rur,2008,11.462
fin,sex_f,age_aggregate_total,geo_cov_rur,2009,12.866
fin,sex_f,age_aggregate_total,geo_cov_rur,2010,13.552
fin,sex_f,age_aggregate_total,geo_cov_rur,2011,12.461
fin,sex_f,age_aggregate_total,geo_cov_rur,2012,11.693
fin,sex_f,age_aggregate_total,geo_cov_rur,2013,11.602
fin,sex_f,age_aggregate_total,geo_cov_rur,2014,12.896
fin,sex_f,age_aggregate_total,geo_cov_rur,2015,14.649
fin,sex_f,age_aggregate_total,geo_cov_rur,2016,13.978
fin,sex_f,age_aggregate_total,geo_cov_rur,2017,13.467
fin,sex_f,age_aggregate_total,geo_cov_rur,2018,11.643
fin,sex_f,age_aggregate_total,geo_cov_rur,2019,8.834
fin,sex_f,age_aggregate_total,geo_cov_rur,2020,11.594
fin,sex_f,age_aggregate_total,geo_cov_rur,2021,9.116
fin,sex_f,age_aggregate_total,geo_cov_rur,2022,8.805
fin,sex_f,age_aggregate_total,geo_cov_rur,2023,8.367
fin,sex_f,age_aggregate_total,geo_cov_rur,2024,9.579
fin,sex_f,age_aggregate_total,geo_cov_urb,1998,20.509
fin,sex_f,age_aggregate_total,geo_cov_urb,1999,15.627
fin,sex_f,age_aggregate_total,geo_cov_urb,2000,15.223
fin,sex_f,age_aggregate_total,geo_cov_urb,2001,13.274
fin,sex_f,age_aggregate_total,geo_cov_urb,2002,13.388
fin,sex_f,age_aggregate_total,geo_cov_urb,2003,13.184
fin,sex_f,age_aggregate_total,geo_cov_urb,2004,14.124
fin,sex_f,age_aggregate_total,geo_cov_urb,2005,13.519
fin,sex_f,age_aggregate_total,geo_cov_urb,2006,12.394
fin,sex_f,age_aggregate_total,geo_cov_urb,2007,10.631
fin,sex_f,age_aggregate_total,geo_cov_urb,2008,9.787
fin,sex_f,age_aggregate_total,geo_cov_urb,2009,9.78
fin,sex_f,age_aggregate_total,geo_cov_urb,2010,10.858
fin,sex_f,age_aggregate_total,geo_cov_urb,2011,11.284
fin,sex_f,age_aggregate_total,geo_cov_urb,2012,12.384
fin,sex_f,age_aggregate_total,geo_cov_urb,2013,13.221
fin,sex_f,age_aggregate_total,geo_cov_urb,2014,13.936
fin,sex_f,age_aggregate_total,geo_cov_urb,2015,14.185
fin,sex_f,age_aggregate_total,geo_cov_urb,2016,14.377
fin,sex_f,age_aggregate_total,geo_cov_urb,2017,14.447
fin,sex_f,age_aggregate_total,geo_cov_urb,2018,13.271
fin,sex_f,age_aggregate_total,geo_cov_urb,2019,11.697
fin,sex_f,age_aggregate_total,geo_cov_urb,2020,13.431
fin,sex_f,age_aggregate_total,geo_cov_urb,2021,11.53
fin,sex_f,age_aggregate_total,geo_cov_urb,2022,11.232
fin,sex_f,age_aggregate_total,geo_cov_urb,2023,11.367
fin,sex_f,age_aggregate_total,geo_cov_urb,2024,13.114
fin,sex_f,age_aggregate_total,geo_cov_x,1998,23.467
fin,sex_f,age_aggregate_total,geo_cov_x,1999,11.437
fin,sex_f,age_aggregate_total,geo_cov_x,2000,10.866
fin,sex_f,age_aggregate_total,geo_cov_x,2001,12.494
fin,sex_f,age_aggregate_total,geo_cov_x,2005,25.654
fin,sex_f,age_aggregate_y15_24,geo_cov_nat,1998,54.559
fin,sex_f,age_aggregate_y15_24,geo_cov_nat,1999,43.108
fin,sex_f,age_aggregate_y15_24,geo_cov_nat,2000,41.938
fin,sex_f,age_aggregate_y15_24,geo_cov_nat,2001,38.786
fin,sex_f,age_aggregate_y15_24,geo_cov_nat,2002,39.696
fin,sex_f,age_aggregate_y15_24,geo_cov_nat,2003,39.162
fin,sex_f,age_aggregate_y15_24,geo_cov_nat,2004,38.034
fin,sex_f,age_aggregate_y15_24,geo_cov_nat,2005,36.751
fin,sex_f,age_aggregate_y15_24,geo_cov_nat,2006,35.752
fin,sex_f,age_aggregate_y15_24,geo_cov_nat,2007,30.905
fin,sex_f,age_aggregate_y15_24,geo_cov_nat,2008,27.418
fin,sex_f,age_aggregate_y15_24,geo_cov_nat,2009,30.255
fin,sex_f,age_aggregate_y15_24,geo_cov_nat,2010,32.776
fin,sex_f,age_aggregate_y15_24,geo_cov_nat,2011,30.792
fin,sex_f,age_aggregate_y15_24,geo_cov_nat,2012,31.593
fin,sex_f,age_aggregate_y15_24,geo_cov_nat,2013,31.231
fin,sex_f,age_aggregate_y15_24,geo_cov_nat,2014,31.004
fin,sex_f,age_aggregate_y15_24,geo_cov_nat,2015,31.847
fin,sex_f,age_aggregate_y15_24,geo_cov_nat,2016,31.484
fin,sex_f,age_aggregate_y15_24,geo_cov_nat,2017,31.448
fin,sex_f,age_aggregate_y15_24,geo_cov_nat,2018,30.671
fin,sex_f,age_aggregate_y15_24,geo_cov_nat,2019,27.915
fin,sex_f,age_aggregate_y15_24,geo_cov_nat,2020,32.26
fin,sex_f,age_aggregate_y15_24,geo_cov_nat,2021,28.196
fin,sex_f,age_aggregate_y15_24,geo_cov_nat,2022,27.754
fin,sex_f,age_aggregate_y15_24,geo_cov_nat,2023,24.855
fin,sex_f,age_aggregate_y15_24,geo_cov_nat,2024,31.481
fin,sex_f,age_aggregate_y15_24,geo_cov_rur,1998,61.685
fin,sex_f,age_aggregate_y15_24,geo_cov_rur,1999,50.208
fin,sex_f,age_aggregate_y15_24,geo_cov_rur,2000,47.811
fin,sex_f,age_aggregate_y15_24,geo_cov_rur,2001,44.729
fin,sex_f,age_aggregate_y15_24,geo_cov_rur,2002,45.435
fin,sex_f,age_aggregate_y15_24,geo_cov_rur,2003,45.007
fin,sex_f,age_aggregate_y15_24,geo_cov_rur,2004,43.603
fin,sex_f,age_aggregate_y15_24,geo_cov_rur,2005,41.969
fin,sex_f,age_aggregate_y15_24,geo_cov_rur,2006,40.776
fin,sex_f,age_aggregate_y15_24,geo_cov_rur,2007,33.869
fin,sex_f,age_aggregate_y15_24,geo_cov_rur,2008,31.04
fin,sex_f,age_aggregate_y15_24,geo_cov_rur,2009,35.311
fin,sex_f,age_aggregate_y15_24,geo_cov_rur,2010,38.448
fin,sex_f,age_aggregate_y15_24,geo_cov_rur,2011,35.726
fin,sex_f,age_aggregate_y15_24,geo_cov_rur,2012,37.307
fin,sex_f,age_aggregate_y15_24,geo_cov_rur,2013,33.41
fin,sex_f,age_aggregate_y15_24,geo_cov_rur,2014,34.31
fin,sex_f,age_aggregate_y15_24,geo_cov_rur,2015,44.804
fin,sex_f,age_aggregate_y15_24,geo_cov_rur,2016,34.622
fin,sex_f,age_aggregate_y15_24,geo_cov_rur,2017,31.955
fin,sex_f,age_aggregate_y15_24,geo_cov_rur,2018,34.506
fin,sex_f,age_aggregate_y15_24,geo_cov_rur,2019,23.845
fin,sex_f,age_aggregate_y15_24,geo_cov_rur,2020,36.802
fin,sex_f,age_aggregate_y15_24,geo_cov_rur,2021,31.338
fin,sex_f,age_aggregate_y15_24,geo_cov_rur,2022,26.829
fin,sex_f,age_aggregate_y15_24,geo_cov_rur,2023,22.722
fin,sex_f,age_aggregate_y15_24,geo_cov_rur,2024,33.892
fin,sex_f,age_aggregate_y15_24,geo_cov_urb,1998,46.935
fin,sex_f,age_aggregate_y15_24,geo_cov_urb,1999,35.002
fin,sex_f,age_aggregate_y15_24,geo_cov_urb,2000,35.31
fin,sex_f,age_aggregate_y15_24,geo_cov_urb,2001,32.211
fin,sex_f,age_aggregate_y15_24,geo_cov_urb,2002,34.295
fin,sex_f,age_aggregate_y15_24,geo_cov_urb,2003,33.698
fin,sex_f,age_aggregate_y15_24,geo_cov_urb,2004,33.021
fin,sex_f,age_aggregate_y15_24,geo_cov_urb,2005,31.731
fin,sex_f,age_aggregate_y15_24,geo_cov_urb,2006,30.604
fin,sex_f,age_aggregate_y15_24,geo_cov_urb,2007,28.043
fin,sex_f,age_aggregate_y15_24,geo_cov_urb,2008,23.998
fin,sex_f,age_aggregate_y15_24,geo_cov_urb,2009,24.496
fin,sex_f,age_aggregate_y15_24,geo_cov_urb,2010,26.623
fin,sex_f,age_aggregate_y15_24,geo_cov_urb,2011,25.249
fin,sex_f,age_aggregate_y15_24,geo_cov_urb,2012,29.799
fin,sex_f,age_aggregate_y15_24,geo_cov_urb,2013,30.699
fin,sex_f,age_aggregate_y15_24,geo_cov_urb,2014,30.038
fin,sex_f,age_aggregate_y15_24,geo_cov_urb,2015,28.022
fin,sex_f,age_aggregate_y15_24,geo_cov_urb,2016,30.53
fin,sex_f,age_aggregate_y15_24,geo_cov_urb,2017,31.305
fin,sex_f,age_aggregate_y15_24,geo_cov_urb,2018,29.68
fin,sex_f,age_aggregate_y15_24,geo_cov_urb,2019,29.1
fin,sex_f,age_aggregate_y15_24,geo_cov_urb,2020,31.026
fin,sex_f,age_aggregate_y15_24,geo_cov_urb,2021,27.576
fin,sex_f,age_aggregate_y15_24,geo_cov_urb,2022,27.968
fin,sex_f,age_aggregate_y15_24,geo_cov_urb,2023,25.405
fin,sex_f,age_aggregate_y15_24,geo_cov_urb,2024,30.946
fin,sex_f,age_aggregate_y15_24,geo_cov_x,1998,49.763
fin,sex_f,age_aggregate_y15_24,geo_cov_x,1999,18.251
fin,sex_f,age_aggregate_y15_24,geo_cov_x,2000,31.993
fin,sex_f,age_aggregate_y15_24,geo_cov_x,2001,41.212
fin,sex_f,age_aggregate_y25_54,geo_cov_nat,1998,14.498
fin,sex_f,age_aggregate_y25_54,geo_cov_nat,1999,12.504
fin,sex_f,age_aggregate_y25_54,geo_cov_nat,2000,11.802
fin,sex_f,age_aggregate_y25_54,geo_cov_nat,2001,10.21
fin,sex_f,age_aggregate_y25_54,geo_cov_nat,2002,9.708
fin,sex_f,age_aggregate_y25_54,geo_cov_nat,2003,8.984
fin,sex_f,age_aggregate_y25_54,geo_cov_nat,2004,10.242
fin,sex_f,age_aggregate_y25_54,geo_cov_nat,2005,9.696
fin,sex_f,age_aggregate_y25_54,geo_cov_nat,2006,8.854
fin,sex_f,age_aggregate_y25_54,geo_cov_nat,2007,7.819
fin,sex_f,age_aggregate_y25_54,geo_cov_nat,2008,7.051
fin,sex_f,age_aggregate_y25_54,geo_cov_nat,2009,7.953
fin,sex_f,age_aggregate_y25_54,geo_cov_nat,2010,8.248
fin,sex_f,age_aggregate_y25_54,geo_cov_nat,2011,8.089
fin,sex_f,age_aggregate_y25_54,geo_cov_nat,2012,8.003
fin,sex_f,age_aggregate_y25_54,geo_cov_nat,2013,8.614
fin,sex_f,age_aggregate_y25_54,geo_cov_nat,2014,9.606
fin,sex_f,age_aggregate_y25_54,geo_cov_nat,2015,10.354
fin,sex_f,age_aggregate_y25_54,geo_cov_nat,2016,10.335
fin,sex_f,age_aggregate_y25_54,geo_cov_nat,2017,10.077
fin,sex_f,age_aggregate_y25_54,geo_cov_nat,2018,9.198
fin,sex_f,age_aggregate_y25_54,geo_cov_nat,2019,7.085
fin,sex_f,age_aggregate_y25_54,geo_cov_nat,2020,8.278
fin,sex_f,age_aggregate_y25_54,geo_cov_nat,2021,7.578
fin,sex_f,age_aggregate_y25_54,geo_cov_nat,2022,7.693
fin,sex_f,age_aggregate_y25_54,geo_cov_nat,2023,7.859
fin,sex_f,age_aggregate_y25_54,geo_cov_nat,2024,8.826
fin,sex_f,age_aggregate_y25_54,geo_cov_rur,1998,15.272
fin,sex_f,age_aggregate_y25_54,geo_cov_rur,1999,13.926
fin,sex_f,age_aggregate_y25_54,geo_cov_rur,2000,13.382
fin,sex_f,age_aggregate_y25_54,geo_cov_rur,2001,11.716
fin,sex_f,age_aggregate_y25_54,geo_cov_rur,2002,10.81
fin,sex_f,age_aggregate_y25_54,geo_cov_rur,2003,9.651
fin,sex_f,age_aggregate_y25_54,geo_cov_rur,2004,10.864
fin,sex_f,age_aggregate_y25_54,geo_cov_rur,2005,9.874
fin,sex_f,age_aggregate_y25_54,geo_cov_rur,2006,9.702
fin,sex_f,age_aggregate_y25_54,geo_cov_rur,2007,8.932
fin,sex_f,age_aggregate_y25_54,geo_cov_rur,2008,7.7
fin,sex_f,age_aggregate_y25_54,geo_cov_rur,2009,9.258
fin,sex_f,age_aggregate_y25_54,geo_cov_rur,2010,9.186
fin,sex_f,age_aggregate_y25_54,geo_cov_rur,2011,7.8
fin,sex_f,age_aggregate_y25_54,geo_cov_rur,2012,7.383
fin,sex_f,age_aggregate_y25_54,geo_cov_rur,2013,8.548
fin,sex_f,age_aggregate_y25_54,geo_cov_rur,2014,8.967
fin,sex_f,age_aggregate_y25_54,geo_cov_rur,2015,9.756
fin,sex_f,age_aggregate_y25_54,geo_cov_rur,2016,10.686
fin,sex_f,age_aggregate_y25_54,geo_cov_rur,2017,10.195
fin,sex_f,age_aggregate_y25_54,geo_cov_rur,2018,7.516
fin,sex_f,age_aggregate_y25_54,geo_cov_rur,2019,6.12
fin,sex_f,age_aggregate_y25_54,geo_cov_rur,2020,6.077
fin,sex_f,age_aggregate_y25_54,geo_cov_rur,2021,5.768
fin,sex_f,age_aggregate_y25_54,geo_cov_rur,2022,5.417
fin,sex_f,age_aggregate_y25_54,geo_cov_rur,2023,5.602
fin,sex_f,age_aggregate_y25_54,geo_cov_rur,2024,5.698
fin,sex_f,age_aggregate_y25_54,geo_cov_urb,1998,13.112
fin,sex_f,age_aggregate_y25_54,geo_cov_urb,1999,10.675
fin,sex_f,age_aggregate_y25_54,geo_cov_urb,2000,9.862
fin,sex_f,age_aggregate_y25_54,geo_cov_urb,2001,8.362
fin,sex_f,age_aggregate_y25_54,geo_cov_urb,2002,8.535
fin,sex_f,age_aggregate_y25_54,geo_cov_urb,2003,8.276
fin,sex_f,age_aggregate_y25_54,geo_cov_urb,2004,9.543
fin,sex_f,age_aggregate_y25_54,geo_cov_urb,2005,9.43
fin,sex_f,age_aggregate_y25_54,geo_cov_urb,2006,7.89
fin,sex_f,age_aggregate_y25_54,geo_cov_urb,2007,6.598
fin,sex_f,age_aggregate_y25_54,geo_cov_urb,2008,6.333
fin,sex_f,age_aggregate_y25_54,geo_cov_urb,2009,6.21
fin,sex_f,age_aggregate_y25_54,geo_cov_urb,2010,7.055
fin,sex_f,age_aggregate_y25_54,geo_cov_urb,2011,8.459
fin,sex_f,age_aggregate_y25_54,geo_cov_urb,2012,8.258
fin,sex_f,age_aggregate_y25_54,geo_cov_urb,2013,8.639
fin,sex_f,age_aggregate_y25_54,geo_cov_urb,2014,9.86
fin,sex_f,age_aggregate_y25_54,geo_cov_urb,2015,10.583
fin,sex_f,age_aggregate_y25_54,geo_cov_urb,2016,10.205
fin,sex_f,age_aggregate_y25_54,geo_cov_urb,2017,10.034
fin,sex_f,age_aggregate_y25_54,geo_cov_urb,2018,9.774
fin,sex_f,age_aggregate_y25_54,geo_cov_urb,2019,7.434
fin,sex_f,age_aggregate_y25_54,geo_cov_urb,2020,9.014
fin,sex_f,age_aggregate_y25_54,geo_cov_urb,2021,8.139
fin,sex_f,age_aggregate_y25_54,geo_cov_urb,2022,8.397
fin,sex_f,age_aggregate_y25_54,geo_cov_urb,2023,8.529
fin,sex_f,age_aggregate_y25_54,geo_cov_urb,2024,9.746
fin,sex_f,age_aggregate_y25_54,geo_cov_x,1998,21.178
fin,sex_f,age_aggregate_y25_54,geo_cov_x,1999,11.166
fin,sex_f,age_aggregate_y25_54,geo_cov_x,2000,8.55
fin,sex_f,age_aggregate_y25_54,geo_cov_x,2001,8.056
fin,sex_f,age_aggregate_y55_64,geo_cov_nat,1998,24.518
fin,sex_f,age_aggregate_y55_64,geo_cov_nat,1999,18.615
fin,sex_f,age_aggregate_y55_64,geo_cov_nat,2000,16.257
fin,sex_f,age_aggregate_y55_64,geo_cov_nat,2001,14.23
fin,sex_f,age_aggregate_y55_64,geo_cov_nat,2002,12.211
fin,sex_f,age_aggregate_y55_64,geo_cov_nat,2003,11.785
fin,sex_f,age_aggregate_y55_64,geo_cov_nat,2004,12.873
fin,sex_f,age_aggregate_y55_64,geo_cov_nat,2005,10.668
fin,sex_f,age_aggregate_y55_64,geo_cov_nat,2006,10.735
fin,sex_f,age_aggregate_y55_64,geo_cov_nat,2007,9.737
fin,sex_f,age_aggregate_y55_64,geo_cov_nat,2008,9.425
fin,sex_f,age_aggregate_y55_64,geo_cov_nat,2009,9.267
fin,sex_f,age_aggregate_y55_64,geo_cov_nat,2010,10.4
fin,sex_f,age_aggregate_y55_64,geo_cov_nat,2011,10.328
fin,sex_f,age_aggregate_y55_64,geo_cov_nat,2012,9.289
fin,sex_f,age_aggregate_y55_64,geo_cov_nat,2013,10.215
fin,sex_f,age_aggregate_y55_64,geo_cov_nat,2014,12.406
fin,sex_f,age_aggregate_y55_64,geo_cov_nat,2015,11.716
fin,sex_f,age_aggregate_y55_64,geo_cov_nat,2016,11.31
fin,sex_f,age_aggregate_y55_64,geo_cov_nat,2017,12.443
fin,sex_f,age_aggregate_y55_64,geo_cov_nat,2018,9.674
fin,sex_f,age_aggregate_y55_64,geo_cov_nat,2019,8.932
fin,sex_f,age_aggregate_y55_64,geo_cov_nat,2020,11.487
fin,sex_f,age_aggregate_y55_64,geo_cov_nat,2021,9.469
fin,sex_f,age_aggregate_y55_64,geo_cov_nat,2022,7.878
fin,sex_f,age_aggregate_y55_64,geo_cov_nat,2023,9.341
fin,sex_f,age_aggregate_y55_64,geo_cov_nat,2024,8.455
fin,sex_f,age_aggregate_y55_64,geo_cov_rur,1998,24.406
fin,sex_f,age_aggregate_y55_64,geo_cov_rur,1999,21.845
fin,sex_f,age_aggregate_y55_64,geo_cov_rur,2000,18.924
fin,sex_f,age_aggregate_y55_64,geo_cov_rur,2001,15.736
fin,sex_f,age_aggregate_y55_64,geo_cov_rur,2002,14.273
fin,sex_f,age_aggregate_y55_64,geo_cov_rur,2003,13.067
fin,sex_f,age_aggregate_y55_64,geo_cov_rur,2004,14.436
fin,sex_f,age_aggregate_y55_64,geo_cov_rur,2005,11.031
fin,sex_f,age_aggregate_y55_64,geo_cov_rur,2006,10.87
fin,sex_f,age_aggregate_y55_64,geo_cov_rur,2007,9.769
fin,sex_f,age_aggregate_y55_64,geo_cov_rur,2008,9.882
fin,sex_f,age_aggregate_y55_64,geo_cov_rur,2009,9.249
fin,sex_f,age_aggregate_y55_64,geo_cov_rur,2010,11.063
fin,sex_f,age_aggregate_y55_64,geo_cov_rur,2011,11.381
fin,sex_f,age_aggregate_y55_64,geo_cov_rur,2012,9.022
fin,sex_f,age_aggregate_y55_64,geo_cov_rur,2013,9.387
fin,sex_f,age_aggregate_y55_64,geo_cov_rur,2014,12.14
fin,sex_f,age_aggregate_y55_64,geo_cov_rur,2015,11.556
fin,sex_f,age_aggregate_y55_64,geo_cov_rur,2016,9.639
fin,sex_f,age_aggregate_y55_64,geo_cov_rur,2017,11.068
fin,sex_f,age_aggregate_y55_64,geo_cov_rur,2018,10.773
fin,sex_f,age_aggregate_y55_64,geo_cov_rur,2019,6.21
fin,sex_f,age_aggregate_y55_64,geo_cov_rur,2020,10.157
fin,sex_f,age_aggregate_y55_64,geo_cov_rur,2021,8.478
fin,sex_f,age_aggregate_y55_64,geo_cov_rur,2022,7.212
fin,sex_f,age_aggregate_y55_64,geo_cov_rur,2023,6.959
fin,sex_f,age_aggregate_y55_64,geo_cov_rur,2024,7.814
fin,sex_f,age_aggregate_y55_64,geo_cov_urb,1998,25.247
fin,sex_f,age_aggregate_y55_64,geo_cov_urb,1999,14.923
fin,sex_f,age_aggregate_y55_64,geo_cov_urb,2000,13.377
fin,sex_f,age_aggregate_y55_64,geo_cov_urb,2001,12.339
fin,sex_f,age_aggregate_y55_64,geo_cov_urb,2002,9.845
fin,sex_f,age_aggregate_y55_64,geo_cov_urb,2003,10.267
fin,sex_f,age_aggregate_y55_64,geo_cov_urb,2004,11.097
fin,sex_f,age_aggregate_y55_64,geo_cov_urb,2005,10.31
fin,sex_f,age_aggregate_y55_64,geo_cov_urb,2006,10.574
fin,sex_f,age_aggregate_y55_64,geo_cov_urb,2007,9.698
fin,sex_f,age_aggregate_y55_64,geo_cov_urb,2008,8.881
fin,sex_f,age_aggregate_y55_64,geo_cov_urb,2009,9.293
fin,sex_f,age_aggregate_y55_64,geo_cov_urb,2010,9.443
fin,sex_f,age_aggregate_y55_64,geo_cov_urb,2011,8.639
fin,sex_f,age_aggregate_y55_64,geo_cov_urb,2012,9.429
fin,sex_f,age_aggregate_y55_64,geo_cov_urb,2013,10.604
fin,sex_f,age_aggregate_y55_64,geo_cov_urb,2014,12.545
fin,sex_f,age_aggregate_y55_64,geo_cov_urb,2015,11.797
fin,sex_f,age_aggregate_y55_64,geo_cov_urb,2016,12.092
fin,sex_f,age_aggregate_y55_64,geo_cov_urb,2017,13.063
fin,sex_f,age_aggregate_y55_64,geo_cov_urb,2018,9.156
fin,sex_f,age_aggregate_y55_64,geo_cov_urb,2019,10.236
fin,sex_f,age_aggregate_y55_64,geo_cov_urb,2020,12.052
fin,sex_f,age_aggregate_y55_64,geo_cov_urb,2021,9.909
fin,sex_f,age_aggregate_y55_64,geo_cov_urb,2022,8.163
fin,sex_f,age_aggregate_y55_64,geo_cov_urb,2023,10.334
fin,sex_f,age_aggregate_y55_64,geo_cov_urb,2024,8.734
fin,sex_f,age_aggregate_yge65,geo_cov_nat,1998,37.351
fin,sex_f,age_aggregate_yge65,geo_cov_nat,1999,21.659
fin,sex_f,age_aggregate_yge65,geo_cov_nat,2000,25.862
fin,sex_f,age_aggregate_yge65,geo_cov_nat,2001,21.012
fin,sex_f,age_aggregate_yge65,geo_cov_nat,2002,13.048
fin,sex_f,age_aggregate_yge65,geo_cov_nat,2003,29.602
fin,sex_f,age_aggregate_yge65,geo_cov_nat,2004,32.6
fin,sex_f,age_aggregate_yge65,geo_cov_nat,2005,18.627
fin,sex_f,age_aggregate_yge65,geo_cov_nat,2006,22.097
fin,sex_f,age_aggregate_yge65,geo_cov_nat,2007,23.215
fin,sex_f,age_aggregate_yge65,geo_cov_nat,2008,26.602
fin,sex_f,age_aggregate_yge65,geo_cov_nat,2009,24.843
fin,sex_f,age_aggregate_yge65,geo_cov_nat,2010,30.341
fin,sex_f,age_aggregate_yge65,geo_cov_nat,2011,24.679
fin,sex_f,age_aggregate_yge65,geo_cov_nat,2012,31.305
fin,sex_f,age_aggregate_yge65,geo_cov_nat,2013,31.751
fin,sex_f,age_aggregate_yge65,geo_cov_nat,2014,29.192
fin,sex_f,age_aggregate_yge65,geo_cov_nat,2015,35.767
fin,sex_f,age_aggregate_yge65,geo_cov_nat,2016,35.541
fin,sex_f,age_aggregate_yge65,geo_cov_nat,2017,33.469
fin,sex_f,age_aggregate_yge65,geo_cov_nat,2018,28.576
fin,sex_f,age_aggregate_yge65,geo_cov_nat,2019,30.115
fin,sex_f,age_aggregate_yge65,geo_cov_nat,2020,38.752
fin,sex_f,age_aggregate_yge65,geo_cov_nat,2021,17.074
fin,sex_f,age_aggregate_yge65,geo_cov_nat,2022,14.198
fin,sex_f,age_aggregate_yge65,geo_cov_nat,2023,14.395
fin,sex_f,age_aggregate_yge65,geo_cov_nat,2024,19.938
fin,sex_f,age_aggregate_yge65,geo_cov_rur,2001,22.773
fin,sex_f,age_aggregate_yge65,geo_cov_rur,2003,33.279
fin,sex_f,age_aggregate_yge65,geo_cov_rur,2004,19.88
fin,sex_f,age_aggregate_yge65,geo_cov_rur,2005,15.532
fin,sex_f,age_aggregate_yge65,geo_cov_rur,2006,16.827
fin,sex_f,age_aggregate_yge65,geo_cov_rur,2007,28.735
fin,sex_f,age_aggregate_yge65,geo_cov_rur,2008,22.452
fin,sex_f,age_aggregate_yge65,geo_cov_rur,2009,24.64
fin,sex_f,age_aggregate_yge65,geo_cov_rur,2010,21.987
fin,sex_f,age_aggregate_yge65,geo_cov_rur,2011,24.704
fin,sex_f,age_aggregate_yge65,geo_cov_rur,2012,23.949
fin,sex_f,age_aggregate_yge65,geo_cov_rur,2013,18.723
fin,sex_f,age_aggregate_yge65,geo_cov_rur,2014,25.395
fin,sex_f,age_aggregate_yge65,geo_cov_rur,2015,26.451
fin,sex_f,age_aggregate_yge65,geo_cov_rur,2016,28.645
fin,sex_f,age_aggregate_yge65,geo_cov_rur,2017,27.697
fin,sex_f,age_aggregate_yge65,geo_cov_rur,2018,19.121
fin,sex_f,age_aggregate_yge65,geo_cov_rur,2019,28.531
fin,sex_f,age_aggregate_yge65,geo_cov_rur,2020,38.607
fin,sex_f,age_aggregate_yge65,geo_cov_rur,2021,15.205
fin,sex_f,age_aggregate_yge65,geo_cov_rur,2022,20.591
fin,sex_f,age_aggregate_yge65,geo_cov_rur,2023,15.66
fin,sex_f,age_aggregate_yge65,geo_cov_rur,2024,14.753
fin,sex_f,age_aggregate_yge65,geo_cov_urb,1999,48.045
fin,sex_f,age_aggregate_yge65,geo_cov_urb,2000,55.142
fin,sex_f,age_aggregate_yge65,geo_cov_urb,2003,25.606
fin,sex_f,age_aggregate_yge65,geo_cov_urb,2004,47.151
fin,sex_f,age_aggregate_yge65,geo_cov_urb,2005,21.686
fin,sex_f,age_aggregate_yge65,geo_cov_urb,2006,31.637
fin,sex_f,age_aggregate_yge65,geo_cov_urb,2008,33.71
fin,sex_f,age_aggregate_yge65,geo_cov_urb,2009,25.082
fin,sex_f,age_aggregate_yge65,geo_cov_urb,2010,44.443
fin,sex_f,age_aggregate_yge65,geo_cov_urb,2011,24.64
fin,sex_f,age_aggregate_yge65,geo_cov_urb,2012,35.106
fin,sex_f,age_aggregate_yge65,geo_cov_urb,2013,36.498
fin,sex_f,age_aggregate_yge65,geo_cov_urb,2014,30.646
fin,sex_f,age_aggregate_yge65,geo_cov_urb,2015,39.815
fin,sex_f,age_aggregate_yge65,geo_cov_urb,2016,39.217
fin,sex_f,age_aggregate_yge65,geo_cov_urb,2017,36.662
fin,sex_f,age_aggregate_yge65,geo_cov_urb,2018,32.86
fin,sex_f,age_aggregate_yge65,geo_cov_urb,2019,30.811
fin,sex_f,age_aggregate_yge65,geo_cov_urb,2020,38.823
fin,sex_f,age_aggregate_yge65,geo_cov_urb,2021,18.144
fin,sex_f,age_aggregate_yge65,geo_cov_urb,2022,10.733
fin,sex_f,age_aggregate_yge65,geo_cov_urb,2023,13.775
fin,sex_f,age_aggregate_yge65,geo_cov_urb,2024,22
fin,sex_f,age_ythadult_y15_24,geo_cov_nat,1998,54.559
fin,sex_f,age_ythadult_y15_24,geo_cov_nat,1999,43.108
fin,sex_f,age_ythadult_y15_24,geo_cov_nat,2000,41.938
fin,sex_f,age_ythadult_y15_24,geo_cov_nat,2001,38.786
fin,sex_f,age_ythadult_y15_24,geo_cov_nat,2002,39.696
fin,sex_f,age_ythadult_y15_24,geo_cov_nat,2003,39.162
fin,sex_f,age_ythadult_y15_24,geo_cov_nat,2004,38.034
fin,sex_f,age_ythadult_y15_24,geo_cov_nat,2005,36.751
fin,sex_f,age_ythadult_y15_24,geo_cov_nat,2006,35.752
fin,sex_f,age_ythadult_y15_24,geo_cov_nat,2007,30.905
fin,sex_f,age_ythadult_y15_24,geo_cov_nat,2008,27.418
fin,sex_f,age_ythadult_y15_24,geo_cov_nat,2009,30.255
fin,sex_f,age_ythadult_y15_24,geo_cov_nat,2010,32.776
fin,sex_f,age_ythadult_y15_24,geo_cov_nat,2011,30.792
fin,sex_f,age_ythadult_y15_24,geo_cov_nat,2012,31.593
fin,sex_f,age_ythadult_y15_24,geo_cov_nat,2013,31.231
fin,sex_f,age_ythadult_y15_24,geo_cov_nat,2014,31.004
fin,sex_f,age_ythadult_y15_24,geo_cov_nat,2015,31.847
fin,sex_f,age_ythadult_y15_24,geo_cov_nat,2016,31.484
fin,sex_f,age_ythadult_y15_24,geo_cov_nat,2017,31.448
fin,sex_f,age_ythadult_y15_24,geo_cov_nat,2018,30.671
fin,sex_f,age_ythadult_y15_24,geo_cov_nat,2019,27.915
fin,sex_f,age_ythadult_y15_24,geo_cov_nat,2020,32.26
fin,sex_f,age_ythadult_y15_24,geo_cov_nat,2021,28.196
fin,sex_f,age_ythadult_y15_24,geo_cov_nat,2022,27.754
fin,sex_f,age_ythadult_y15_24,geo_cov_nat,2023,24.855
fin,sex_f,age_ythadult_y15_24,geo_cov_nat,2024,31.481
fin,sex_f,age_ythadult_y15_24,geo_cov_rur,1998,61.685
fin,sex_f,age_ythadult_y15_24,geo_cov_rur,1999,50.208
fin,sex_f,age_ythadult_y15_24,geo_cov_rur,2000,47.811
fin,sex_f,age_ythadult_y15_24,geo_cov_rur,2001,44.729
fin,sex_f,age_ythadult_y15_24,geo_cov_rur,2002,45.435
fin,sex_f,age_ythadult_y15_24,geo_cov_rur,2003,45.007
fin,sex_f,age_ythadult_y15_24,geo_cov_rur,2004,43.603
fin,sex_f,age_ythadult_y15_24,geo_cov_rur,2005,41.969
fin,sex_f,age_ythadult_y15_24,geo_cov_rur,2006,40.776
fin,sex_f,age_ythadult_y15_24,geo_cov_rur,2007,33.869
fin,sex_f,age_ythadult_y15_24,geo_cov_rur,2008,31.04
fin,sex_f,age_ythadult_y15_24,geo_cov_rur,2009,35.311
fin,sex_f,age_ythadult_y15_24,geo_cov_rur,2010,38.448
fin,sex_f,age_ythadult_y15_24,geo_cov_rur,2011,35.726
fin,sex_f,age_ythadult_y15_24,geo_cov_rur,2012,37.307
fin,sex_f,age_ythadult_y15_24,geo_cov_rur,2013,33.41
fin,sex_f,age_ythadult_y15_24,geo_cov_rur,2014,34.31
fin,sex_f,age_ythadult_y15_24,geo_cov_rur,2015,44.804
fin,sex_f,age_ythadult_y15_24,geo_cov_rur,2016,34.622
fin,sex_f,age_ythadult_y15_24,geo_cov_rur,2017,31.955
fin,sex_f,age_ythadult_y15_24,geo_cov_rur,2018,34.506
fin,sex_f,age_ythadult_y15_24,geo_cov_rur,2019,23.845
fin,sex_f,age_ythadult_y15_24,geo_cov_rur,2020,36.802
fin,sex_f,age_ythadult_y15_24,geo_cov_rur,2021,31.338
fin,sex_f,age_ythadult_y15_24,geo_cov_rur,2022,26.829
fin,sex_f,age_ythadult_y15_24,geo_cov_rur,2023,22.722
fin,sex_f,age_ythadult_y15_24,geo_cov_rur,2024,33.892
fin,sex_f,age_ythadult_y15_24,geo_cov_urb,1998,46.935
fin,sex_f,age_ythadult_y15_24,geo_cov_urb,1999,35.002
fin,sex_f,age_ythadult_y15_24,geo_cov_urb,2000,35.31
fin,sex_f,age_ythadult_y15_24,geo_cov_urb,2001,32.211
fin,sex_f,age_ythadult_y15_24,geo_cov_urb,2002,34.295
fin,sex_f,age_ythadult_y15_24,geo_cov_urb,2003,33.698
fin,sex_f,age_ythadult_y15_24,geo_cov_urb,2004,33.021
fin,sex_f,age_ythadult_y15_24,geo_cov_urb,2005,31.731
fin,sex_f,age_ythadult_y15_24,geo_cov_urb,2006,30.604
fin,sex_f,age_ythadult_y15_24,geo_cov_urb,2007,28.043
fin,sex_f,age_ythadult_y15_24,geo_cov_urb,2008,23.998
fin,sex_f,age_ythadult_y15_24,geo_cov_urb,2009,24.496
fin,sex_f,age_ythadult_y15_24,geo_cov_urb,2010,26.623
fin,sex_f,age_ythadult_y15_24,geo_cov_urb,2011,25.249
fin,sex_f,age_ythadult_y15_24,geo_cov_urb,2012,29.799
fin,sex_f,age_ythadult_y15_24,geo_cov_urb,2013,30.699
fin,sex_f,age_ythadult_y15_24,geo_cov_urb,2014,30.038
fin,sex_f,age_ythadult_y15_24,geo_cov_urb,2015,28.022
fin,sex_f,age_ythadult_y15_24,geo_cov_urb,2016,30.53
fin,sex_f,age_ythadult_y15_24,geo_cov_urb,2017,31.305
fin,sex_f,age_ythadult_y15_24,geo_cov_urb,2018,29.68
fin,sex_f,age_ythadult_y15_24,geo_cov_urb,2019,29.1
fin,sex_f,age_ythadult_y15_24,geo_cov_urb,2020,31.026
fin,sex_f,age_ythadult_y15_24,geo_cov_urb,2021,27.576
fin,sex_f,age_ythadult_y15_24,geo_cov_urb,2022,27.968
fin,sex_f,age_ythadult_y15_24,geo_cov_urb,2023,25.405
fin,sex_f,age_ythadult_y15_24,geo_cov_urb,2024,30.946
fin,sex_f,age_ythadult_y15_24,geo_cov_x,1998,49.763
fin,sex_f,age_ythadult_y15_24,geo_cov_x,1999,18.251
fin,sex_f,age_ythadult_y15_24,geo_cov_x,2000,31.993
fin,sex_f,age_ythadult_y15_24,geo_cov_x,2001,41.212
fin,sex_f,age_ythadult_y15_64,geo_cov_nat,1998,21.881
fin,sex_f,age_ythadult_y15_64,geo_cov_nat,1999,18.538
fin,sex_f,age_ythadult_y15_64,geo_cov_nat,2000,17.657
fin,sex_f,age_ythadult_y15_64,geo_cov_nat,2001,15.595
fin,sex_f,age_ythadult_y15_64,geo_cov_nat,2002,15.152
fin,sex_f,age_ythadult_y15_64,geo_cov_nat,2003,14.489
fin,sex_f,age_ythadult_y15_64,geo_cov_nat,2004,15.182
fin,sex_f,age_ythadult_y15_64,geo_cov_nat,2005,14.305
fin,sex_f,age_ythadult_y15_64,geo_cov_nat,2006,13.617
fin,sex_f,age_ythadult_y15_64,geo_cov_nat,2007,11.709
fin,sex_f,age_ythadult_y15_64,geo_cov_nat,2008,10.491
fin,sex_f,age_ythadult_y15_64,geo_cov_nat,2009,11.365
fin,sex_f,age_ythadult_y15_64,geo_cov_nat,2010,12.156
fin,sex_f,age_ythadult_y15_64,geo_cov_nat,2011,11.768
fin,sex_f,age_ythadult_y15_64,geo_cov_nat,2012,11.775
fin,sex_f,age_ythadult_y15_64,geo_cov_nat,2013,12.368
fin,sex_f,age_ythadult_y15_64,geo_cov_nat,2014,13.288
fin,sex_f,age_ythadult_y15_64,geo_cov_nat,2015,13.764
fin,sex_f,age_ythadult_y15_64,geo_cov_nat,2016,13.62
fin,sex_f,age_ythadult_y15_64,geo_cov_nat,2017,13.635
fin,sex_f,age_ythadult_y15_64,geo_cov_nat,2018,12.403
fin,sex_f,age_ythadult_y15_64,geo_cov_nat,2019,10.332
fin,sex_f,age_ythadult_y15_64,geo_cov_nat,2020,12.13
fin,sex_f,age_ythadult_y15_64,geo_cov_nat,2021,10.743
fin,sex_f,age_ythadult_y15_64,geo_cov_nat,2022,10.498
fin,sex_f,age_ythadult_y15_64,geo_cov_nat,2023,10.481
fin,sex_f,age_ythadult_y15_64,geo_cov_nat,2024,11.956
fin,sex_f,age_ythadult_y15_64,geo_cov_rur,1998,23.072
fin,sex_f,age_ythadult_y15_64,geo_cov_rur,1999,21.048
fin,sex_f,age_ythadult_y15_64,geo_cov_rur,2000,19.892
fin,sex_f,age_ythadult_y15_64,geo_cov_rur,2001,17.552
fin,sex_f,age_ythadult_y15_64,geo_cov_rur,2002,16.864
fin,sex_f,age_ythadult_y15_64,geo_cov_rur,2003,15.79
fin,sex_f,age_ythadult_y15_64,geo_cov_rur,2004,16.271
fin,sex_f,age_ythadult_y15_64,geo_cov_rur,2005,15.046
fin,sex_f,age_ythadult_y15_64,geo_cov_rur,2006,14.823
fin,sex_f,age_ythadult_y15_64,geo_cov_rur,2007,12.709
fin,sex_f,age_ythadult_y15_64,geo_cov_rur,2008,11.317
fin,sex_f,age_ythadult_y15_64,geo_cov_rur,2009,12.721
fin,sex_f,age_ythadult_y15_64,geo_cov_rur,2010,13.44
fin,sex_f,age_ythadult_y15_64,geo_cov_rur,2011,12.271
fin,sex_f,age_ythadult_y15_64,geo_cov_rur,2012,11.391
fin,sex_f,age_ythadult_y15_64,geo_cov_rur,2013,11.452
fin,sex_f,age_ythadult_y15_64,geo_cov_rur,2014,12.627
fin,sex_f,age_ythadult_y15_64,geo_cov_rur,2015,14.322
fin,sex_f,age_ythadult_y15_64,geo_cov_rur,2016,13.414
fin,sex_f,age_ythadult_y15_64,geo_cov_rur,2017,12.939
fin,sex_f,age_ythadult_y15_64,geo_cov_rur,2018,11.393
fin,sex_f,age_ythadult_y15_64,geo_cov_rur,2019,8.163
fin,sex_f,age_ythadult_y15_64,geo_cov_rur,2020,10.479
fin,sex_f,age_ythadult_y15_64,geo_cov_rur,2021,8.826
fin,sex_f,age_ythadult_y15_64,geo_cov_rur,2022,8.157
fin,sex_f,age_ythadult_y15_64,geo_cov_rur,2023,7.946
fin,sex_f,age_ythadult_y15_64,geo_cov_rur,2024,9.322
fin,sex_f,age_ythadult_y15_64,geo_cov_urb,1998,20.26
fin,sex_f,age_ythadult_y15_64,geo_cov_urb,1999,15.551
fin,sex_f,age_ythadult_y15_64,geo_cov_urb,2000,15.051
fin,sex_f,age_ythadult_y15_64,geo_cov_urb,2001,13.262
fin,sex_f,age_ythadult_y15_64,geo_cov_urb,2002,13.352
fin,sex_f,age_ythadult_y15_64,geo_cov_urb,2003,13.117
fin,sex_f,age_ythadult_y15_64,geo_cov_urb,2004,13.993
fin,sex_f,age_ythadult_y15_64,geo_cov_urb,2005,13.461
fin,sex_f,age_ythadult_y15_64,geo_cov_urb,2006,12.259
fin,sex_f,age_ythadult_y15_64,geo_cov_urb,2007,10.619
fin,sex_f,age_ythadult_y15_64,geo_cov_urb,2008,9.586
fin,sex_f,age_ythadult_y15_64,geo_cov_urb,2009,9.568
fin,sex_f,age_ythadult_y15_64,geo_cov_urb,2010,10.522
fin,sex_f,age_ythadult_y15_64,geo_cov_urb,2011,11.107
fin,sex_f,age_ythadult_y15_64,geo_cov_urb,2012,11.934
fin,sex_f,age_ythadult_y15_64,geo_cov_urb,2013,12.713
fin,sex_f,age_ythadult_y15_64,geo_cov_urb,2014,13.556
fin,sex_f,age_ythadult_y15_64,geo_cov_urb,2015,13.545
fin,sex_f,age_ythadult_y15_64,geo_cov_urb,2016,13.698
fin,sex_f,age_ythadult_y15_64,geo_cov_urb,2017,13.893
fin,sex_f,age_ythadult_y15_64,geo_cov_urb,2018,12.759
fin,sex_f,age_ythadult_y15_64,geo_cov_urb,2019,11.143
fin,sex_f,age_ythadult_y15_64,geo_cov_urb,2020,12.697
fin,sex_f,age_ythadult_y15_64,geo_cov_urb,2021,11.354
fin,sex_f,age_ythadult_y15_64,geo_cov_urb,2022,11.249
fin,sex_f,age_ythadult_y15_64,geo_cov_urb,2023,11.278
fin,sex_f,age_ythadult_y15_64,geo_cov_urb,2024,12.771
fin,sex_f,age_ythadult_y15_64,geo_cov_x,1998,23.467
fin,sex_f,age_ythadult_y15_64,geo_cov_x,1999,11.437
fin,sex_f,age_ythadult_y15_64,geo_cov_x,2000,10.906
fin,sex_f,age_ythadult_y15_64,geo_cov_x,2001,12.553
fin,sex_f,age_ythadult_yge15,geo_cov_nat,1998,21.971
fin,sex_f,age_ythadult_yge15,geo_cov_nat,1999,18.549
fin,sex_f,age_ythadult_yge15,geo_cov_nat,2000,17.696
fin,sex_f,age_ythadult_yge15,geo_cov_nat,2001,15.616
fin,sex_f,age_ythadult_yge15,geo_cov_nat,2002,15.143
fin,sex_f,age_ythadult_yge15,geo_cov_nat,2003,14.572
fin,sex_f,age_ythadult_yge15,geo_cov_nat,2004,15.253
fin,sex_f,age_ythadult_yge15,geo_cov_nat,2005,14.334
fin,sex_f,age_ythadult_yge15,geo_cov_nat,2006,13.694
fin,sex_f,age_ythadult_yge15,geo_cov_nat,2007,11.837
fin,sex_f,age_ythadult_yge15,geo_cov_nat,2008,10.664
fin,sex_f,age_ythadult_yge15,geo_cov_nat,2009,11.538
fin,sex_f,age_ythadult_yge15,geo_cov_nat,2010,12.369
fin,sex_f,age_ythadult_yge15,geo_cov_nat,2011,11.952
fin,sex_f,age_ythadult_yge15,geo_cov_nat,2012,12.181
fin,sex_f,age_ythadult_yge15,geo_cov_nat,2013,12.778
fin,sex_f,age_ythadult_yge15,geo_cov_nat,2014,13.636
fin,sex_f,age_ythadult_yge15,geo_cov_nat,2015,14.316
fin,sex_f,age_ythadult_yge15,geo_cov_nat,2016,14.267
fin,sex_f,age_ythadult_yge15,geo_cov_nat,2017,14.179
fin,sex_f,age_ythadult_yge15,geo_cov_nat,2018,12.844
fin,sex_f,age_ythadult_yge15,geo_cov_nat,2019,10.915
fin,sex_f,age_ythadult_yge15,geo_cov_nat,2020,12.957
fin,sex_f,age_ythadult_yge15,geo_cov_nat,2021,10.938
fin,sex_f,age_ythadult_yge15,geo_cov_nat,2022,10.634
fin,sex_f,age_ythadult_yge15,geo_cov_nat,2023,10.639
fin,sex_f,age_ythadult_yge15,geo_cov_nat,2024,12.271
fin,sex_f,age_ythadult_yge15,geo_cov_rur,1998,23.038
fin,sex_f,age_ythadult_yge15,geo_cov_rur,1999,21.004
fin,sex_f,age_ythadult_yge15,geo_cov_rur,2000,19.831
fin,sex_f,age_ythadult_yge15,geo_cov_rur,2001,17.578
fin,sex_f,age_ythadult_yge15,geo_cov_rur,2002,16.808
fin,sex_f,age_ythadult_yge15,geo_cov_rur,2003,15.887
fin,sex_f,age_ythadult_yge15,geo_cov_rur,2004,16.287
fin,sex_f,age_ythadult_yge15,geo_cov_rur,2005,15.049
fin,sex_f,age_ythadult_yge15,geo_cov_rur,2006,14.846
fin,sex_f,age_ythadult_yge15,geo_cov_rur,2007,12.937
fin,sex_f,age_ythadult_yge15,geo_cov_rur,2008,11.462
fin,sex_f,age_ythadult_yge15,geo_cov_rur,2009,12.866
fin,sex_f,age_ythadult_yge15,geo_cov_rur,2010,13.552
fin,sex_f,age_ythadult_yge15,geo_cov_rur,2011,12.461
fin,sex_f,age_ythadult_yge15,geo_cov_rur,2012,11.693
fin,sex_f,age_ythadult_yge15,geo_cov_rur,2013,11.602
fin,sex_f,age_ythadult_yge15,geo_cov_rur,2014,12.896
fin,sex_f,age_ythadult_yge15,geo_cov_rur,2015,14.649
fin,sex_f,age_ythadult_yge15,geo_cov_rur,2016,13.978
fin,sex_f,age_ythadult_yge15,geo_cov_rur,2017,13.467
fin,sex_f,age_ythadult_yge15,geo_cov_rur,2018,11.643
fin,sex_f,age_ythadult_yge15,geo_cov_rur,2019,8.834
fin,sex_f,age_ythadult_yge15,geo_cov_rur,2020,11.594
fin,sex_f,age_ythadult_yge15,geo_cov_rur,2021,9.116
fin,sex_f,age_ythadult_yge15,geo_cov_rur,2022,8.805
fin,sex_f,age_ythadult_yge15,geo_cov_rur,2023,8.367
fin,sex_f,age_ythadult_yge15,geo_cov_rur,2024,9.579
fin,sex_f,age_ythadult_yge15,geo_cov_urb,1998,20.509
fin,sex_f,age_ythadult_yge15,geo_cov_urb,1999,15.627
fin,sex_f,age_ythadult_yge15,geo_cov_urb,2000,15.223
fin,sex_f,age_ythadult_yge15,geo_cov_urb,2001,13.274
fin,sex_f,age_ythadult_yge15,geo_cov_urb,2002,13.388
fin,sex_f,age_ythadult_yge15,geo_cov_urb,2003,13.184
fin,sex_f,age_ythadult_yge15,geo_cov_urb,2004,14.124
fin,sex_f,age_ythadult_yge15,geo_cov_urb,2005,13.519
fin,sex_f,age_ythadult_yge15,geo_cov_urb,2006,12.394
fin,sex_f,age_ythadult_yge15,geo_cov_urb,2007,10.631
fin,sex_f,age_ythadult_yge15,geo_cov_urb,2008,9.787
fin,sex_f,age_ythadult_yge15,geo_cov_urb,2009,9.78
fin,sex_f,age_ythadult_yge15,geo_cov_urb,2010,10.858
fin,sex_f,age_ythadult_yge15,geo_cov_urb,2011,11.284
fin,sex_f,age_ythadult_yge15,geo_cov_urb,2012,12.384
fin,sex_f,age_ythadult_yge15,geo_cov_urb,2013,13.221
fin,sex_f,age_ythadult_yge15,geo_cov_urb,2014,13.936
fin,sex_f,age_ythadult_yge15,geo_cov_urb,2015,14.185
fin,sex_f,age_ythadult_yge15,geo_cov_urb,2016,14.377
fin,sex_f,age_ythadult_yge15,geo_cov_urb,2017,14.447
fin,sex_f,age_ythadult_yge15,geo_cov_urb,2018,13.271
fin,sex_f,age_ythadult_yge15,geo_cov_urb,2019,11.697
fin,sex_f,age_ythadult_yge15,geo_cov_urb,2020,13.431
fin,sex_f,age_ythadult_yge15,geo_cov_urb,2021,11.53
fin,sex_f,age_ythadult_yge15,geo_cov_urb,2022,11.232
fin,sex_f,age_ythadult_yge15,geo_cov_urb,2023,11.367
fin,sex_f,age_ythadult_yge15,geo_cov_urb,2024,13.114
fin,sex_f,age_ythadult_yge15,geo_cov_x,1998,23.467
fin,sex_f,age_ythadult_yge15,geo_cov_x,1999,11.437
fin,sex_f,age_ythadult_yge15,geo_cov_x,2000,10.866
fin,sex_f,age_ythadult_yge15,geo_cov_x,2001,12.494
fin,sex_f,age_ythadult_yge15,geo_cov_x,2005,25.654
fin,sex_f,age_ythadult_yge25,geo_cov_nat,1998,15.698
fin,sex_f,age_ythadult_yge25,geo_cov_nat,1999,13.25
fin,sex_f,age_ythadult_yge25,geo_cov_nat,2000,12.427
fin,sex_f,age_ythadult_yge25,geo_cov_nat,2001,10.816
fin,sex_f,age_ythadult_yge25,geo_cov_nat,2002,10.096
fin,sex_f,age_ythadult_yge25,geo_cov_nat,2003,9.567
fin,sex_f,age_ythadult_yge25,geo_cov_nat,2004,10.806
fin,sex_f,age_ythadult_yge25,geo_cov_nat,2005,9.945
fin,sex_f,age_ythadult_yge25,geo_cov_nat,2006,9.353
fin,sex_f,age_ythadult_yge25,geo_cov_nat,2007,8.397
fin,sex_f,age_ythadult_yge25,geo_cov_nat,2008,7.782
fin,sex_f,age_ythadult_yge25,geo_cov_nat,2009,8.479
fin,sex_f,age_ythadult_yge25,geo_cov_nat,2010,9.022
fin,sex_f,age_ythadult_yge25,geo_cov_nat,2011,8.855
fin,sex_f,age_ythadult_yge25,geo_cov_nat,2012,8.853
fin,sex_f,age_ythadult_yge25,geo_cov_nat,2013,9.547
fin,sex_f,age_ythadult_yge25,geo_cov_nat,2014,10.74
fin,sex_f,age_ythadult_yge25,geo_cov_nat,2015,11.408
fin,sex_f,age_ythadult_yge25,geo_cov_nat,2016,11.422
fin,sex_f,age_ythadult_yge25,geo_cov_nat,2017,11.362
fin,sex_f,age_ythadult_yge25,geo_cov_nat,2018,9.921
fin,sex_f,age_ythadult_yge25,geo_cov_nat,2019,8.297
fin,sex_f,age_ythadult_yge25,geo_cov_nat,2020,10.116
fin,sex_f,age_ythadult_yge25,geo_cov_nat,2021,8.345
fin,sex_f,age_ythadult_yge25,geo_cov_nat,2022,8.01
fin,sex_f,age_ythadult_yge25,geo_cov_nat,2023,8.506
fin,sex_f,age_ythadult_yge25,geo_cov_nat,2024,9.25
fin,sex_f,age_ythadult_yge25,geo_cov_rur,1998,16.23
fin,sex_f,age_ythadult_yge25,geo_cov_rur,1999,14.834
fin,sex_f,age_ythadult_yge25,geo_cov_rur,2000,14.026
fin,sex_f,age_ythadult_yge25,geo_cov_rur,2001,12.34
fin,sex_f,age_ythadult_yge25,geo_cov_rur,2002,11.311
fin,sex_f,age_ythadult_yge25,geo_cov_rur,2003,10.376
fin,sex_f,age_ythadult_yge25,geo_cov_rur,2004,11.538
fin,sex_f,age_ythadult_yge25,geo_cov_rur,2005,10.13
fin,sex_f,age_ythadult_yge25,geo_cov_rur,2006,10.019
fin,sex_f,age_ythadult_yge25,geo_cov_rur,2007,9.429
fin,sex_f,age_ythadult_yge25,geo_cov_rur,2008,8.377
fin,sex_f,age_ythadult_yge25,geo_cov_rur,2009,9.472
fin,sex_f,age_ythadult_yge25,geo_cov_rur,2010,9.808
fin,sex_f,age_ythadult_yge25,geo_cov_rur,2011,8.937
fin,sex_f,age_ythadult_yge25,geo_cov_rur,2012,8.242
fin,sex_f,age_ythadult_yge25,geo_cov_rur,2013,8.992
fin,sex_f,age_ythadult_yge25,geo_cov_rur,2014,10.187
fin,sex_f,age_ythadult_yge25,geo_cov_rur,2015,10.735
fin,sex_f,age_ythadult_yge25,geo_cov_rur,2016,11.176
fin,sex_f,age_ythadult_yge25,geo_cov_rur,2017,11.119
fin,sex_f,age_ythadult_yge25,geo_cov_rur,2018,8.811
fin,sex_f,age_ythadult_yge25,geo_cov_rur,2019,6.975
fin,sex_f,age_ythadult_yge25,geo_cov_rur,2020,8.596
fin,sex_f,age_ythadult_yge25,geo_cov_rur,2021,6.979
fin,sex_f,age_ythadult_yge25,geo_cov_rur,2022,6.779
fin,sex_f,age_ythadult_yge25,geo_cov_rur,2023,6.592
fin,sex_f,age_ythadult_yge25,geo_cov_rur,2024,6.77
fin,sex_f,age_ythadult_yge25,geo_cov_urb,1998,14.737
fin,sex_f,age_ythadult_yge25,geo_cov_urb,1999,11.271
fin,sex_f,age_ythadult_yge25,geo_cov_urb,2000,10.53
fin,sex_f,age_ythadult_yge25,geo_cov_urb,2001,8.94
fin,sex_f,age_ythadult_yge25,geo_cov_urb,2002,8.786
fin,sex_f,age_ythadult_yge25,geo_cov_urb,2003,8.693
fin,sex_f,age_ythadult_yge25,geo_cov_urb,2004,9.986
fin,sex_f,age_ythadult_yge25,geo_cov_urb,2005,9.692
fin,sex_f,age_ythadult_yge25,geo_cov_urb,2006,8.587
fin,sex_f,age_ythadult_yge25,geo_cov_urb,2007,7.239
fin,sex_f,age_ythadult_yge25,geo_cov_urb,2008,7.11
fin,sex_f,age_ythadult_yge25,geo_cov_urb,2009,7.13
fin,sex_f,age_ythadult_yge25,geo_cov_urb,2010,7.989
fin,sex_f,age_ythadult_yge25,geo_cov_urb,2011,8.744
fin,sex_f,age_ythadult_yge25,geo_cov_urb,2012,9.12
fin,sex_f,age_ythadult_yge25,geo_cov_urb,2013,9.77
fin,sex_f,age_ythadult_yge25,geo_cov_urb,2014,10.975
fin,sex_f,age_ythadult_yge25,geo_cov_urb,2015,11.684
fin,sex_f,age_ythadult_yge25,geo_cov_urb,2016,11.519
fin,sex_f,age_ythadult_yge25,geo_cov_urb,2017,11.457
fin,sex_f,age_ythadult_yge25,geo_cov_urb,2018,10.336
fin,sex_f,age_ythadult_yge25,geo_cov_urb,2019,8.812
fin,sex_f,age_ythadult_yge25,geo_cov_urb,2020,10.662
fin,sex_f,age_ythadult_yge25,geo_cov_urb,2021,8.819
fin,sex_f,age_ythadult_yge25,geo_cov_urb,2022,8.433
fin,sex_f,age_ythadult_yge25,geo_cov_urb,2023,9.139
fin,sex_f,age_ythadult_yge25,geo_cov_urb,2024,10.065
fin,sex_f,age_ythadult_yge25,geo_cov_x,1998,20.403
fin,sex_f,age_ythadult_yge25,geo_cov_x,1999,10.395
fin,sex_f,age_ythadult_yge25,geo_cov_x,2000,7.617
fin,sex_f,age_ythadult_yge25,geo_cov_x,2001,8.539
fin,sex_m,age_aggregate_total,geo_cov_nat,1998,19.104
fin,sex_m,age_aggregate_total,geo_cov_nat,1999,15.992
fin,sex_m,age_aggregate_total,geo_cov_nat,2000,15.108
fin,sex_m,age_aggregate_total,geo_cov_nat,2001,14.162
fin,sex_m,age_aggregate_total,geo_cov_nat,2002,14.981
fin,sex_m,age_aggregate_total,geo_cov_nat,2003,15.065
fin,sex_m,age_aggregate_total,geo_cov_nat,2004,14.193
fin,sex_m,age_aggregate_total,geo_cov_nat,2005,13.69
fin,sex_m,age_aggregate_total,geo_cov_nat,2006,12.86
fin,sex_m,age_aggregate_total,geo_cov_nat,2007,10.269
fin,sex_m,age_aggregate_total,geo_cov_nat,2008,9.518
fin,sex_m,age_aggregate_total,geo_cov_nat,2009,12.471
fin,sex_m,age_aggregate_total,geo_cov_nat,2010,13.093
fin,sex_m,age_aggregate_total,geo_cov_nat,2011,12.772
fin,sex_m,age_aggregate_total,geo_cov_nat,2012,12.662
fin,sex_m,age_aggregate_total,geo_cov_nat,2013,13.594
fin,sex_m,age_aggregate_total,geo_cov_nat,2014,14.921
fin,sex_m,age_aggregate_total,geo_cov_nat,2015,15.399
fin,sex_m,age_aggregate_total,geo_cov_nat,2016,15.155
fin,sex_m,age_aggregate_total,geo_cov_nat,2017,14.579
fin,sex_m,age_aggregate_total,geo_cov_nat,2018,12.782
fin,sex_m,age_aggregate_total,geo_cov_nat,2019,11.766
fin,sex_m,age_aggregate_total,geo_cov_nat,2020,13.281
fin,sex_m,age_aggregate_total,geo_cov_nat,2021,11.943
fin,sex_m,age_aggregate_total,geo_cov_nat,2022,11.178
fin,sex_m,age_aggregate_total,geo_cov_nat,2023,12.159
fin,sex_m,age_aggregate_total,geo_cov_nat,2024,13.426
fin,sex_m,age_aggregate_total,geo_cov_rur,1998,19.808
fin,sex_m,age_aggregate_total,geo_cov_rur,1999,16.817
fin,sex_m,age_aggregate_total,geo_cov_rur,2000,15.395
fin,sex_m,age_aggregate_total,geo_cov_rur,2001,15.068
fin,sex_m,age_aggregate_total,geo_cov_rur,2002,15.532
fin,sex_m,age_aggregate_total,geo_cov_rur,2003,15.167
fin,sex_m,age_aggregate_total,geo_cov_rur,2004,14.451
fin,sex_m,age_aggregate_total,geo_cov_rur,2005,13.884
fin,sex_m,age_aggregate_total,geo_cov_rur,2006,12.464
fin,sex_m,age_aggregate_total,geo_cov_rur,2007,10.453
fin,sex_m,age_aggregate_total,geo_cov_rur,2008,9.686
fin,sex_m,age_aggregate_total,geo_cov_rur,2009,13.25
fin,sex_m,age_aggregate_total,geo_cov_rur,2010,13.561
fin,sex_m,age_aggregate_total,geo_cov_rur,2011,13.339
fin,sex_m,age_aggregate_total,geo_cov_rur,2012,10.434
fin,sex_m,age_aggregate_total,geo_cov_rur,2013,13.738
fin,sex_m,age_aggregate_total,geo_cov_rur,2014,14.173
fin,sex_m,age_aggregate_total,geo_cov_rur,2015,13.994
fin,sex_m,age_aggregate_total,geo_cov_rur,2016,14.055
fin,sex_m,age_aggregate_total,geo_cov_rur,2017,12.644
fin,sex_m,age_aggregate_total,geo_cov_rur,2018,11.394
fin,sex_m,age_aggregate_total,geo_cov_rur,2019,11.259
fin,sex_m,age_aggregate_total,geo_cov_rur,2020,11.607
fin,sex_m,age_aggregate_total,geo_cov_rur,2021,9.327
fin,sex_m,age_aggregate_total,geo_cov_rur,2022,9.415
fin,sex_m,age_aggregate_total,geo_cov_rur,2023,10.196
fin,sex_m,age_aggregate_total,geo_cov_rur,2024,10.214
fin,sex_m,age_aggregate_total,geo_cov_urb,1998,17.788
fin,sex_m,age_aggregate_total,geo_cov_urb,1999,15.045
fin,sex_m,age_aggregate_total,geo_cov_urb,2000,14.891
fin,sex_m,age_aggregate_total,geo_cov_urb,2001,13.164
fin,sex_m,age_aggregate_total,geo_cov_urb,2002,14.282
fin,sex_m,age_aggregate_total,geo_cov_urb,2003,14.938
fin,sex_m,age_aggregate_total,geo_cov_urb,2004,13.876
fin,sex_m,age_aggregate_total,geo_cov_urb,2005,13.477
fin,sex_m,age_aggregate_total,geo_cov_urb,2006,13.359
fin,sex_m,age_aggregate_total,geo_cov_urb,2007,10.041
fin,sex_m,age_aggregate_total,geo_cov_urb,2008,9.31
fin,sex_m,age_aggregate_total,geo_cov_urb,2009,11.366
fin,sex_m,age_aggregate_total,geo_cov_urb,2010,12.412
fin,sex_m,age_aggregate_total,geo_cov_urb,2011,11.956
fin,sex_m,age_aggregate_total,geo_cov_urb,2012,13.692
fin,sex_m,age_aggregate_total,geo_cov_urb,2013,13.531
fin,sex_m,age_aggregate_total,geo_cov_urb,2014,15.254
fin,sex_m,age_aggregate_total,geo_cov_urb,2015,16.011
fin,sex_m,age_aggregate_total,geo_cov_urb,2016,15.613
fin,sex_m,age_aggregate_total,geo_cov_urb,2017,15.383
fin,sex_m,age_aggregate_total,geo_cov_urb,2018,13.332
fin,sex_m,age_aggregate_total,geo_cov_urb,2019,11.968
fin,sex_m,age_aggregate_total,geo_cov_urb,2020,13.867
fin,sex_m,age_aggregate_total,geo_cov_urb,2021,12.905
fin,sex_m,age_aggregate_total,geo_cov_urb,2022,11.827
fin,sex_m,age_aggregate_total,geo_cov_urb,2023,12.861
fin,sex_m,age_aggregate_total,geo_cov_urb,2024,14.561
fin,sex_m,age_aggregate_total,geo_cov_x,1998,24.071
fin,sex_m,age_aggregate_total,geo_cov_x,1999,10.051
fin,sex_m,age_aggregate_total,geo_cov_x,2000,10.768
fin,sex_m,age_aggregate_total,geo_cov_x,2001,7.979
fin,sex_m,age_aggregate_y15_24,geo_cov_nat,1998,49.109
fin,sex_m,age_aggregate_y15_24,geo_cov_nat,1999,39.871
fin,sex_m,age_aggregate_y15_24,geo_cov_nat,2000,40.005
fin,sex_m,age_aggregate_y15_24,geo_cov_nat,2001,37.375
fin,sex_m,age_aggregate_y15_24,geo_cov_nat,2002,40.281
fin,sex_m,age_aggregate_y15_24,geo_cov_nat,2003,38.858
fin,sex_m,age_aggregate_y15_24,geo_cov_nat,2004,39.384
fin,sex_m,age_aggregate_y15_24,geo_cov_nat,2005,39.518
fin,sex_m,age_aggregate_y15_24,geo_cov_nat,2006,38.25
fin,sex_m,age_aggregate_y15_24,geo_cov_nat,2007,28.716
fin,sex_m,age_aggregate_y15_24,geo_cov_nat,2008,28.252
fin,sex_m,age_aggregate_y15_24,geo_cov_nat,2009,35.227
fin,sex_m,age_aggregate_y15_24,geo_cov_nat,2010,34.08
fin,sex_m,age_aggregate_y15_24,geo_cov_nat,2011,34.642
fin,sex_m,age_aggregate_y15_24,geo_cov_nat,2012,31.507
fin,sex_m,age_aggregate_y15_24,geo_cov_nat,2013,36.227
fin,sex_m,age_aggregate_y15_24,geo_cov_nat,2014,35.798
fin,sex_m,age_aggregate_y15_24,geo_cov_nat,2015,38.057
fin,sex_m,age_aggregate_y15_24,geo_cov_nat,2016,36.758
fin,sex_m,age_aggregate_y15_24,geo_cov_nat,2017,33.438
fin,sex_m,age_aggregate_y15_24,geo_cov_nat,2018,32.29
fin,sex_m,age_aggregate_y15_24,geo_cov_nat,2019,29.711
fin,sex_m,age_aggregate_y15_24,geo_cov_nat,2020,36.056
fin,sex_m,age_aggregate_y15_24,geo_cov_nat,2021,28.587
fin,sex_m,age_aggregate_y15_24,geo_cov_nat,2022,27.206
fin,sex_m,age_aggregate_y15_24,geo_cov_nat,2023,29.895
fin,sex_m,age_aggregate_y15_24,geo_cov_nat,2024,31.987
fin,sex_m,age_aggregate_y15_24,geo_cov_rur,1998,53.27
fin,sex_m,age_aggregate_y15_24,geo_cov_rur,1999,42.234
fin,sex_m,age_aggregate_y15_24,geo_cov_rur,2000,42.995
fin,sex_m,age_aggregate_y15_24,geo_cov_rur,2001,40.601
fin,sex_m,age_aggregate_y15_24,geo_cov_rur,2002,41.386
fin,sex_m,age_aggregate_y15_24,geo_cov_rur,2003,38.959
fin,sex_m,age_aggregate_y15_24,geo_cov_rur,2004,38.998
fin,sex_m,age_aggregate_y15_24,geo_cov_rur,2005,40.002
fin,sex_m,age_aggregate_y15_24,geo_cov_rur,2006,37.34
fin,sex_m,age_aggregate_y15_24,geo_cov_rur,2007,28.987
fin,sex_m,age_aggregate_y15_24,geo_cov_rur,2008,28.185
fin,sex_m,age_aggregate_y15_24,geo_cov_rur,2009,38.64
fin,sex_m,age_aggregate_y15_24,geo_cov_rur,2010,35.378
fin,sex_m,age_aggregate_y15_24,geo_cov_rur,2011,35.784
fin,sex_m,age_aggregate_y15_24,geo_cov_rur,2012,26.338
fin,sex_m,age_aggregate_y15_24,geo_cov_rur,2013,36.929
fin,sex_m,age_aggregate_y15_24,geo_cov_rur,2014,37.329
fin,sex_m,age_aggregate_y15_24,geo_cov_rur,2015,36.127
fin,sex_m,age_aggregate_y15_24,geo_cov_rur,2016,33.937
fin,sex_m,age_aggregate_y15_24,geo_cov_rur,2017,28.338
fin,sex_m,age_aggregate_y15_24,geo_cov_rur,2018,29.035
fin,sex_m,age_aggregate_y15_24,geo_cov_rur,2019,30.957
fin,sex_m,age_aggregate_y15_24,geo_cov_rur,2020,25.928
fin,sex_m,age_aggregate_y15_24,geo_cov_rur,2021,24.078
fin,sex_m,age_aggregate_y15_24,geo_cov_rur,2022,23.587
fin,sex_m,age_aggregate_y15_24,geo_cov_rur,2023,27.429
fin,sex_m,age_aggregate_y15_24,geo_cov_rur,2024,26.675
fin,sex_m,age_aggregate_y15_24,geo_cov_urb,1998,42.389
fin,sex_m,age_aggregate_y15_24,geo_cov_urb,1999,36.925
fin,sex_m,age_aggregate_y15_24,geo_cov_urb,2000,36.508
fin,sex_m,age_aggregate_y15_24,geo_cov_urb,2001,33.797
fin,sex_m,age_aggregate_y15_24,geo_cov_urb,2002,39.027
fin,sex_m,age_aggregate_y15_24,geo_cov_urb,2003,38.735
fin,sex_m,age_aggregate_y15_24,geo_cov_urb,2004,39.74
fin,sex_m,age_aggregate_y15_24,geo_cov_urb,2005,39.038
fin,sex_m,age_aggregate_y15_24,geo_cov_urb,2006,39.338
fin,sex_m,age_aggregate_y15_24,geo_cov_urb,2007,28.404
fin,sex_m,age_aggregate_y15_24,geo_cov_urb,2008,28.332
fin,sex_m,age_aggregate_y15_24,geo_cov_urb,2009,30.93
fin,sex_m,age_aggregate_y15_24,geo_cov_urb,2010,32.326
fin,sex_m,age_aggregate_y15_24,geo_cov_urb,2011,33.156
fin,sex_m,age_aggregate_y15_24,geo_cov_urb,2012,33.599
fin,sex_m,age_aggregate_y15_24,geo_cov_urb,2013,35.968
fin,sex_m,age_aggregate_y15_24,geo_cov_urb,2014,35.17
fin,sex_m,age_aggregate_y15_24,geo_cov_urb,2015,38.883
fin,sex_m,age_aggregate_y15_24,geo_cov_urb,2016,37.835
fin,sex_m,age_aggregate_y15_24,geo_cov_urb,2017,35.352
fin,sex_m,age_aggregate_y15_24,geo_cov_urb,2018,33.396
fin,sex_m,age_aggregate_y15_24,geo_cov_urb,2019,29.283
fin,sex_m,age_aggregate_y15_24,geo_cov_urb,2020,39.25
fin,sex_m,age_aggregate_y15_24,geo_cov_urb,2021,30.224
fin,sex_m,age_aggregate_y15_24,geo_cov_urb,2022,28.469
fin,sex_m,age_aggregate_y15_24,geo_cov_urb,2023,30.598
fin,sex_m,age_aggregate_y15_24,geo_cov_urb,2024,33.589
fin,sex_m,age_aggregate_y15_24,geo_cov_x,1998,72.856
fin,sex_m,age_aggregate_y15_24,geo_cov_x,1999,31.481
fin,sex_m,age_aggregate_y15_24,geo_cov_x,2000,24.294
fin,sex_m,age_aggregate_y15_24,geo_cov_x,2001,20.436
fin,sex_m,age_aggregate_y25_54,geo_cov_nat,1998,12.741
fin,sex_m,age_aggregate_y25_54,geo_cov_nat,1999,10.301
fin,sex_m,age_aggregate_y25_54,geo_cov_nat,2000,9.081
fin,sex_m,age_aggregate_y25_54,geo_cov_nat,2001,8.704
fin,sex_m,age_aggregate_y25_54,geo_cov_nat,2002,9.352
fin,sex_m,age_aggregate_y25_54,geo_cov_nat,2003,10.083
fin,sex_m,age_aggregate_y25_54,geo_cov_nat,2004,9.02
fin,sex_m,age_aggregate_y25_54,geo_cov_nat,2005,8.429
fin,sex_m,age_aggregate_y25_54,geo_cov_nat,2006,7.522
fin,sex_m,age_aggregate_y25_54,geo_cov_nat,2007,6.492
fin,sex_m,age_aggregate_y25_54,geo_cov_nat,2008,5.71
fin,sex_m,age_aggregate_y25_54,geo_cov_nat,2009,8.6
fin,sex_m,age_aggregate_y25_54,geo_cov_nat,2010,9.441
fin,sex_m,age_aggregate_y25_54,geo_cov_nat,2011,8.445
fin,sex_m,age_aggregate_y25_54,geo_cov_nat,2012,8.312
fin,sex_m,age_aggregate_y25_54,geo_cov_nat,2013,8.751
fin,sex_m,age_aggregate_y25_54,geo_cov_nat,2014,9.956
fin,sex_m,age_aggregate_y25_54,geo_cov_nat,2015,10.594
fin,sex_m,age_aggregate_y25_54,geo_cov_nat,2016,10.405
fin,sex_m,age_aggregate_y25_54,geo_cov_nat,2017,10.025
fin,sex_m,age_aggregate_y25_54,geo_cov_nat,2018,8.217
fin,sex_m,age_aggregate_y25_54,geo_cov_nat,2019,7.332
fin,sex_m,age_aggregate_y25_54,geo_cov_nat,2020,8.089
fin,sex_m,age_aggregate_y25_54,geo_cov_nat,2021,8.912
fin,sex_m,age_aggregate_y25_54,geo_cov_nat,2022,7.951
fin,sex_m,age_aggregate_y25_54,geo_cov_nat,2023,8.607
fin,sex_m,age_aggregate_y25_54,geo_cov_nat,2024,10.281
fin,sex_m,age_aggregate_y25_54,geo_cov_rur,1998,13.262
fin,sex_m,age_aggregate_y25_54,geo_cov_rur,1999,10.945
fin,sex_m,age_aggregate_y25_54,geo_cov_rur,2000,8.98
fin,sex_m,age_aggregate_y25_54,geo_cov_rur,2001,9.345
fin,sex_m,age_aggregate_y25_54,geo_cov_rur,2002,10.347
fin,sex_m,age_aggregate_y25_54,geo_cov_rur,2003,10.211
fin,sex_m,age_aggregate_y25_54,geo_cov_rur,2004,9.379
fin,sex_m,age_aggregate_y25_54,geo_cov_rur,2005,8.434
fin,sex_m,age_aggregate_y25_54,geo_cov_rur,2006,7.261
fin,sex_m,age_aggregate_y25_54,geo_cov_rur,2007,7.094
fin,sex_m,age_aggregate_y25_54,geo_cov_rur,2008,5.857
fin,sex_m,age_aggregate_y25_54,geo_cov_rur,2009,9.001
fin,sex_m,age_aggregate_y25_54,geo_cov_rur,2010,10.184
fin,sex_m,age_aggregate_y25_54,geo_cov_rur,2011,9.107
fin,sex_m,age_aggregate_y25_54,geo_cov_rur,2012,6.987
fin,sex_m,age_aggregate_y25_54,geo_cov_rur,2013,9.253
fin,sex_m,age_aggregate_y25_54,geo_cov_rur,2014,8.194
fin,sex_m,age_aggregate_y25_54,geo_cov_rur,2015,8.694
fin,sex_m,age_aggregate_y25_54,geo_cov_rur,2016,9.944
fin,sex_m,age_aggregate_y25_54,geo_cov_rur,2017,7.823
fin,sex_m,age_aggregate_y25_54,geo_cov_rur,2018,7.101
fin,sex_m,age_aggregate_y25_54,geo_cov_rur,2019,6.256
fin,sex_m,age_aggregate_y25_54,geo_cov_rur,2020,7.204
fin,sex_m,age_aggregate_y25_54,geo_cov_rur,2021,4.918
fin,sex_m,age_aggregate_y25_54,geo_cov_rur,2022,6.072
fin,sex_m,age_aggregate_y25_54,geo_cov_rur,2023,7.116
fin,sex_m,age_aggregate_y25_54,geo_cov_rur,2024,7.721
fin,sex_m,age_aggregate_y25_54,geo_cov_urb,1998,11.806
fin,sex_m,age_aggregate_y25_54,geo_cov_urb,1999,9.586
fin,sex_m,age_aggregate_y25_54,geo_cov_urb,2000,9.332
fin,sex_m,age_aggregate_y25_54,geo_cov_urb,2001,7.985
fin,sex_m,age_aggregate_y25_54,geo_cov_urb,2002,8.085
fin,sex_m,age_aggregate_y25_54,geo_cov_urb,2003,9.924
fin,sex_m,age_aggregate_y25_54,geo_cov_urb,2004,8.607
fin,sex_m,age_aggregate_y25_54,geo_cov_urb,2005,8.433
fin,sex_m,age_aggregate_y25_54,geo_cov_urb,2006,7.841
fin,sex_m,age_aggregate_y25_54,geo_cov_urb,2007,5.766
fin,sex_m,age_aggregate_y25_54,geo_cov_urb,2008,5.535
fin,sex_m,age_aggregate_y25_54,geo_cov_urb,2009,8.047
fin,sex_m,age_aggregate_y25_54,geo_cov_urb,2010,8.424
fin,sex_m,age_aggregate_y25_54,geo_cov_urb,2011,7.54
fin,sex_m,age_aggregate_y25_54,geo_cov_urb,2012,8.885
fin,sex_m,age_aggregate_y25_54,geo_cov_urb,2013,8.548
fin,sex_m,age_aggregate_y25_54,geo_cov_urb,2014,10.675
fin,sex_m,age_aggregate_y25_54,geo_cov_urb,2015,11.368
fin,sex_m,age_aggregate_y25_54,geo_cov_urb,2016,10.584
fin,sex_m,age_aggregate_y25_54,geo_cov_urb,2017,10.862
fin,sex_m,age_aggregate_y25_54,geo_cov_urb,2018,8.611
fin,sex_m,age_aggregate_y25_54,geo_cov_urb,2019,7.717
fin,sex_m,age_aggregate_y25_54,geo_cov_urb,2020,8.367
fin,sex_m,age_aggregate_y25_54,geo_cov_urb,2021,10.197
fin,sex_m,age_aggregate_y25_54,geo_cov_urb,2022,8.531
fin,sex_m,age_aggregate_y25_54,geo_cov_urb,2023,9.065
fin,sex_m,age_aggregate_y25_54,geo_cov_urb,2024,11.07
fin,sex_m,age_aggregate_y25_54,geo_cov_x,1998,15.348
fin,sex_m,age_aggregate_y25_54,geo_cov_x,1999,5.205
fin,sex_m,age_aggregate_y25_54,geo_cov_x,2000,6.738
fin,sex_m,age_aggregate_y25_54,geo_cov_x,2001,4.666
fin,sex_m,age_aggregate_y55_64,geo_cov_nat,1998,23.406
fin,sex_m,age_aggregate_y55_64,geo_cov_nat,1999,17.876
fin,sex_m,age_aggregate_y55_64,geo_cov_nat,2000,17.53
fin,sex_m,age_aggregate_y55_64,geo_cov_nat,2001,15.08
fin,sex_m,age_aggregate_y55_64,geo_cov_nat,2002,13.816
fin,sex_m,age_aggregate_y55_64,geo_cov_nat,2003,13.461
fin,sex_m,age_aggregate_y55_64,geo_cov_nat,2004,12.77
fin,sex_m,age_aggregate_y55_64,geo_cov_nat,2005,11.297
fin,sex_m,age_aggregate_y55_64,geo_cov_nat,2006,11.098
fin,sex_m,age_aggregate_y55_64,geo_cov_nat,2007,10.326
fin,sex_m,age_aggregate_y55_64,geo_cov_nat,2008,9.597
fin,sex_m,age_aggregate_y55_64,geo_cov_nat,2009,10.574
fin,sex_m,age_aggregate_y55_64,geo_cov_nat,2010,12.176
fin,sex_m,age_aggregate_y55_64,geo_cov_nat,2011,12.406
fin,sex_m,age_aggregate_y55_64,geo_cov_nat,2012,13.932
fin,sex_m,age_aggregate_y55_64,geo_cov_nat,2013,13.73
fin,sex_m,age_aggregate_y55_64,geo_cov_nat,2014,16.66
fin,sex_m,age_aggregate_y55_64,geo_cov_nat,2015,15.062
fin,sex_m,age_aggregate_y55_64,geo_cov_nat,2016,15.185
fin,sex_m,age_aggregate_y55_64,geo_cov_nat,2017,14.96
fin,sex_m,age_aggregate_y55_64,geo_cov_nat,2018,12.726
fin,sex_m,age_aggregate_y55_64,geo_cov_nat,2019,11.874
fin,sex_m,age_aggregate_y55_64,geo_cov_nat,2020,13.748
fin,sex_m,age_aggregate_y55_64,geo_cov_nat,2021,10.873
fin,sex_m,age_aggregate_y55_64,geo_cov_nat,2022,12.08
fin,sex_m,age_aggregate_y55_64,geo_cov_nat,2023,11.737
fin,sex_m,age_aggregate_y55_64,geo_cov_nat,2024,11.959
fin,sex_m,age_aggregate_y55_64,geo_cov_rur,1998,23.483
fin,sex_m,age_aggregate_y55_64,geo_cov_rur,1999,18.679
fin,sex_m,age_aggregate_y55_64,geo_cov_rur,2000,16.548
fin,sex_m,age_aggregate_y55_64,geo_cov_rur,2001,15.987
fin,sex_m,age_aggregate_y55_64,geo_cov_rur,2002,13.126
fin,sex_m,age_aggregate_y55_64,geo_cov_rur,2003,13.923
fin,sex_m,age_aggregate_y55_64,geo_cov_rur,2004,13.347
fin,sex_m,age_aggregate_y55_64,geo_cov_rur,2005,12.274
fin,sex_m,age_aggregate_y55_64,geo_cov_rur,2006,10.771
fin,sex_m,age_aggregate_y55_64,geo_cov_rur,2007,9.636
fin,sex_m,age_aggregate_y55_64,geo_cov_rur,2008,10.103
fin,sex_m,age_aggregate_y55_64,geo_cov_rur,2009,11.77
fin,sex_m,age_aggregate_y55_64,geo_cov_rur,2010,11.502
fin,sex_m,age_aggregate_y55_64,geo_cov_rur,2011,13.29
fin,sex_m,age_aggregate_y55_64,geo_cov_rur,2012,11.716
fin,sex_m,age_aggregate_y55_64,geo_cov_rur,2013,13.675
fin,sex_m,age_aggregate_y55_64,geo_cov_rur,2014,15.366
fin,sex_m,age_aggregate_y55_64,geo_cov_rur,2015,14.545
fin,sex_m,age_aggregate_y55_64,geo_cov_rur,2016,12.443
fin,sex_m,age_aggregate_y55_64,geo_cov_rur,2017,15.495
fin,sex_m,age_aggregate_y55_64,geo_cov_rur,2018,10.781
fin,sex_m,age_aggregate_y55_64,geo_cov_rur,2019,12.021
fin,sex_m,age_aggregate_y55_64,geo_cov_rur,2020,14.6
fin,sex_m,age_aggregate_y55_64,geo_cov_rur,2021,11.126
fin,sex_m,age_aggregate_y55_64,geo_cov_rur,2022,11.35
fin,sex_m,age_aggregate_y55_64,geo_cov_rur,2023,9.602
fin,sex_m,age_aggregate_y55_64,geo_cov_rur,2024,9.527
fin,sex_m,age_aggregate_y55_64,geo_cov_urb,1998,24.106
fin,sex_m,age_aggregate_y55_64,geo_cov_urb,1999,16.984
fin,sex_m,age_aggregate_y55_64,geo_cov_urb,2000,19.188
fin,sex_m,age_aggregate_y55_64,geo_cov_urb,2001,13.789
fin,sex_m,age_aggregate_y55_64,geo_cov_urb,2002,14.76
fin,sex_m,age_aggregate_y55_64,geo_cov_urb,2003,12.887
fin,sex_m,age_aggregate_y55_64,geo_cov_urb,2004,12.01
fin,sex_m,age_aggregate_y55_64,geo_cov_urb,2005,9.955
fin,sex_m,age_aggregate_y55_64,geo_cov_urb,2006,11.589
fin,sex_m,age_aggregate_y55_64,geo_cov_urb,2007,11.338
fin,sex_m,age_aggregate_y55_64,geo_cov_urb,2008,8.867
fin,sex_m,age_aggregate_y55_64,geo_cov_urb,2009,8.581
fin,sex_m,age_aggregate_y55_64,geo_cov_urb,2010,13.409
fin,sex_m,age_aggregate_y55_64,geo_cov_urb,2011,10.734
fin,sex_m,age_aggregate_y55_64,geo_cov_urb,2012,15.273
fin,sex_m,age_aggregate_y55_64,geo_cov_urb,2013,13.762
fin,sex_m,age_aggregate_y55_64,geo_cov_urb,2014,17.438
fin,sex_m,age_aggregate_y55_64,geo_cov_urb,2015,15.352
fin,sex_m,age_aggregate_y55_64,geo_cov_urb,2016,16.579
fin,sex_m,age_aggregate_y55_64,geo_cov_urb,2017,14.663
fin,sex_m,age_aggregate_y55_64,geo_cov_urb,2018,13.801
fin,sex_m,age_aggregate_y55_64,geo_cov_urb,2019,11.795
fin,sex_m,age_aggregate_y55_64,geo_cov_urb,2020,13.347
fin,sex_m,age_aggregate_y55_64,geo_cov_urb,2021,10.754
fin,sex_m,age_aggregate_y55_64,geo_cov_urb,2022,12.461
fin,sex_m,age_aggregate_y55_64,geo_cov_urb,2023,12.808
fin,sex_m,age_aggregate_y55_64,geo_cov_urb,2024,13.118
fin,sex_m,age_aggregate_yge65,geo_cov_nat,1998,12.826
fin,sex_m,age_aggregate_yge65,geo_cov_nat,1999,5.063
fin,sex_m,age_aggregate_yge65,geo_cov_nat,2000,7.87
fin,sex_m,age_aggregate_yge65,geo_cov_nat,2001,13.325
fin,sex_m,age_aggregate_yge65,geo_cov_nat,2002,14.452
fin,sex_m,age_aggregate_yge65,geo_cov_nat,2003,11.767
fin,sex_m,age_aggregate_yge65,geo_cov_nat,2004,4.724
fin,sex_m,age_aggregate_yge65,geo_cov_nat,2005,10.528
fin,sex_m,age_aggregate_yge65,geo_cov_nat,2006,12.599
fin,sex_m,age_aggregate_yge65,geo_cov_nat,2007,14.115
fin,sex_m,age_aggregate_yge65,geo_cov_nat,2008,13.721
fin,sex_m,age_aggregate_yge65,geo_cov_nat,2009,14.441
fin,sex_m,age_aggregate_yge65,geo_cov_nat,2010,13.181
fin,sex_m,age_aggregate_yge65,geo_cov_nat,2011,17.865
fin,sex_m,age_aggregate_yge65,geo_cov_nat,2012,20.976
fin,sex_m,age_aggregate_yge65,geo_cov_nat,2013,20.181
fin,sex_m,age_aggregate_yge65,geo_cov_nat,2014,21.914
fin,sex_m,age_aggregate_yge65,geo_cov_nat,2015,23.945
fin,sex_m,age_aggregate_yge65,geo_cov_nat,2016,22.883
fin,sex_m,age_aggregate_yge65,geo_cov_nat,2017,28.628
fin,sex_m,age_aggregate_yge65,geo_cov_nat,2018,26.505
fin,sex_m,age_aggregate_yge65,geo_cov_nat,2019,27.131
fin,sex_m,age_aggregate_yge65,geo_cov_nat,2020,24.371
fin,sex_m,age_aggregate_yge65,geo_cov_nat,2021,15.405
fin,sex_m,age_aggregate_yge65,geo_cov_nat,2022,10.421
fin,sex_m,age_aggregate_yge65,geo_cov_nat,2023,15.868
fin,sex_m,age_aggregate_yge65,geo_cov_nat,2024,14.645
fin,sex_m,age_aggregate_yge65,geo_cov_rur,2000,5.73
fin,sex_m,age_aggregate_yge65,geo_cov_rur,2001,10.451
fin,sex_m,age_aggregate_yge65,geo_cov_rur,2002,12.077
fin,sex_m,age_aggregate_yge65,geo_cov_rur,2003,9.993
fin,sex_m,age_aggregate_yge65,geo_cov_rur,2005,9.439
fin,sex_m,age_aggregate_yge65,geo_cov_rur,2006,14.697
fin,sex_m,age_aggregate_yge65,geo_cov_rur,2007,8.769
fin,sex_m,age_aggregate_yge65,geo_cov_rur,2008,11.666
fin,sex_m,age_aggregate_yge65,geo_cov_rur,2009,14.772
fin,sex_m,age_aggregate_yge65,geo_cov_rur,2010,12.05
fin,sex_m,age_aggregate_yge65,geo_cov_rur,2011,12.739
fin,sex_m,age_aggregate_yge65,geo_cov_rur,2012,11.718
fin,sex_m,age_aggregate_yge65,geo_cov_rur,2013,16.951
fin,sex_m,age_aggregate_yge65,geo_cov_rur,2014,28.819
fin,sex_m,age_aggregate_yge65,geo_cov_rur,2015,24.696
fin,sex_m,age_aggregate_yge65,geo_cov_rur,2016,22.42
fin,sex_m,age_aggregate_yge65,geo_cov_rur,2017,22.718
fin,sex_m,age_aggregate_yge65,geo_cov_rur,2018,23.585
fin,sex_m,age_aggregate_yge65,geo_cov_rur,2019,22.17
fin,sex_m,age_aggregate_yge65,geo_cov_rur,2020,16.872
fin,sex_m,age_aggregate_yge65,geo_cov_rur,2021,15.019
fin,sex_m,age_aggregate_yge65,geo_cov_rur,2022,6.681
fin,sex_m,age_aggregate_yge65,geo_cov_rur,2023,11.655
fin,sex_m,age_aggregate_yge65,geo_cov_rur,2024,8.467
fin,sex_m,age_aggregate_yge65,geo_cov_urb,2001,21.743
fin,sex_m,age_aggregate_yge65,geo_cov_urb,2002,22.01
fin,sex_m,age_aggregate_yge65,geo_cov_urb,2003,15.759
fin,sex_m,age_aggregate_yge65,geo_cov_urb,2007,22.456
fin,sex_m,age_aggregate_yge65,geo_cov_urb,2008,17.502
fin,sex_m,age_aggregate_yge65,geo_cov_urb,2009,13.632
fin,sex_m,age_aggregate_yge65,geo_cov_urb,2010,16.393
fin,sex_m,age_aggregate_yge65,geo_cov_urb,2011,26.281
fin,sex_m,age_aggregate_yge65,geo_cov_urb,2012,27.58
fin,sex_m,age_aggregate_yge65,geo_cov_urb,2013,22.147
fin,sex_m,age_aggregate_yge65,geo_cov_urb,2014,17.525
fin,sex_m,age_aggregate_yge65,geo_cov_urb,2015,23.594
fin,sex_m,age_aggregate_yge65,geo_cov_urb,2016,23.202
fin,sex_m,age_aggregate_yge65,geo_cov_urb,2017,32.388
fin,sex_m,age_aggregate_yge65,geo_cov_urb,2018,28.669
fin,sex_m,age_aggregate_yge65,geo_cov_urb,2019,30.575
fin,sex_m,age_aggregate_yge65,geo_cov_urb,2020,28.602
fin,sex_m,age_aggregate_yge65,geo_cov_urb,2021,15.674
fin,sex_m,age_aggregate_yge65,geo_cov_urb,2022,13.433
fin,sex_m,age_aggregate_yge65,geo_cov_urb,2023,19.538
fin,sex_m,age_aggregate_yge65,geo_cov_urb,2024,19.137
fin,sex_m,age_ythadult_y15_24,geo_cov_nat,1998,49.109
fin,sex_m,age_ythadult_y15_24,geo_cov_nat,1999,39.871
fin,sex_m,age_ythadult_y15_24,geo_cov_nat,2000,40.005
fin,sex_m,age_ythadult_y15_24,geo_cov_nat,2001,37.375
fin,sex_m,age_ythadult_y15_24,geo_cov_nat,2002,40.281
fin,sex_m,age_ythadult_y15_24,geo_cov_nat,2003,38.858
fin,sex_m,age_ythadult_y15_24,geo_cov_nat,2004,39.384
fin,sex_m,age_ythadult_y15_24,geo_cov_nat,2005,39.518
fin,sex_m,age_ythadult_y15_24,geo_cov_nat,2006,38.25
fin,sex_m,age_ythadult_y15_24,geo_cov_nat,2007,28.716
fin,sex_m,age_ythadult_y15_24,geo_cov_nat,2008,28.252
fin,sex_m,age_ythadult_y15_24,geo_cov_nat,2009,35.227
fin,sex_m,age_ythadult_y15_24,geo_cov_nat,2010,34.08
fin,sex_m,age_ythadult_y15_24,geo_cov_nat,2011,34.642
fin,sex_m,age_ythadult_y15_24,geo_cov_nat,2012,31.507
fin,sex_m,age_ythadult_y15_24,geo_cov_nat,2013,36.227
fin,sex_m,age_ythadult_y15_24,geo_cov_nat,2014,35.798
fin,sex_m,age_ythadult_y15_24,geo_cov_nat,2015,38.057
fin,sex_m,age_ythadult_y15_24,geo_cov_nat,2016,36.758
fin,sex_m,age_ythadult_y15_24,geo_cov_nat,2017,33.438
fin,sex_m,age_ythadult_y15_24,geo_cov_nat,2018,32.29
fin,sex_m,age_ythadult_y15_24,geo_cov_nat,2019,29.711
fin,sex_m,age_ythadult_y15_24,geo_cov_nat,2020,36.056
fin,sex_m,age_ythadult_y15_24,geo_cov_nat,2021,28.587
fin,sex_m,age_ythadult_y15_24,geo_cov_nat,2022,27.206
fin,sex_m,age_ythadult_y15_24,geo_cov_nat,2023,29.895
fin,sex_m,age_ythadult_y15_24,geo_cov_nat,2024,31.987
fin,sex_m,age_ythadult_y15_24,geo_cov_rur,1998,53.27
fin,sex_m,age_ythadult_y15_24,geo_cov_rur,1999,42.234
fin,sex_m,age_ythadult_y15_24,geo_cov_rur,2000,42.995
fin,sex_m,age_ythadult_y15_24,geo_cov_rur,2001,40.601
fin,sex_m,age_ythadult_y15_24,geo_cov_rur,2002,41.386
fin,sex_m,age_ythadult_y15_24,geo_cov_rur,2003,38.959
fin,sex_m,age_ythadult_y15_24,geo_cov_rur,2004,38.998
fin,sex_m,age_ythadult_y15_24,geo_cov_rur,2005,40.002
fin,sex_m,age_ythadult_y15_24,geo_cov_rur,2006,37.34
fin,sex_m,age_ythadult_y15_24,geo_cov_rur,2007,28.987
fin,sex_m,age_ythadult_y15_24,geo_cov_rur,2008,28.185
fin,sex_m,age_ythadult_y15_24,geo_cov_rur,2009,38.64
fin,sex_m,age_ythadult_y15_24,geo_cov_rur,2010,35.378
fin,sex_m,age_ythadult_y15_24,geo_cov_rur,2011,35.784
fin,sex_m,age_ythadult_y15_24,geo_cov_rur,2012,26.338
fin,sex_m,age_ythadult_y15_24,geo_cov_rur,2013,36.929
fin,sex_m,age_ythadult_y15_24,geo_cov_rur,2014,37.329
fin,sex_m,age_ythadult_y15_24,geo_cov_rur,2015,36.127
fin,sex_m,age_ythadult_y15_24,geo_cov_rur,2016,33.937
fin,sex_m,age_ythadult_y15_24,geo_cov_rur,2017,28.338
fin,sex_m,age_ythadult_y15_24,geo_cov_rur,2018,29.035
fin,sex_m,age_ythadult_y15_24,geo_cov_rur,2019,30.957
fin,sex_m,age_ythadult_y15_24,geo_cov_rur,2020,25.928
fin,sex_m,age_ythadult_y15_24,geo_cov_rur,2021,24.078
fin,sex_m,age_ythadult_y15_24,geo_cov_rur,2022,23.587
fin,sex_m,age_ythadult_y15_24,geo_cov_rur,2023,27.429
fin,sex_m,age_ythadult_y15_24,geo_cov_rur,2024,26.675
fin,sex_m,age_ythadult_y15_24,geo_cov_urb,1998,42.389
fin,sex_m,age_ythadult_y15_24,geo_cov_urb,1999,36.925
fin,sex_m,age_ythadult_y15_24,geo_cov_urb,2000,36.508
fin,sex_m,age_ythadult_y15_24,geo_cov_urb,2001,33.797
fin,sex_m,age_ythadult_y15_24,geo_cov_urb,2002,39.027
fin,sex_m,age_ythadult_y15_24,geo_cov_urb,2003,38.735
fin,sex_m,age_ythadult_y15_24,geo_cov_urb,2004,39.74
fin,sex_m,age_ythadult_y15_24,geo_cov_urb,2005,39.038
fin,sex_m,age_ythadult_y15_24,geo_cov_urb,2006,39.338
fin,sex_m,age_ythadult_y15_24,geo_cov_urb,2007,28.404
fin,sex_m,age_ythadult_y15_24,geo_cov_urb,2008,28.332
fin,sex_m,age_ythadult_y15_24,geo_cov_urb,2009,30.93
fin,sex_m,age_ythadult_y15_24,geo_cov_urb,2010,32.326
fin,sex_m,age_ythadult_y15_24,geo_cov_urb,2011,33.156
fin,sex_m,age_ythadult_y15_24,geo_cov_urb,2012,33.599
fin,sex_m,age_ythadult_y15_24,geo_cov_urb,2013,35.968
fin,sex_m,age_ythadult_y15_24,geo_cov_urb,2014,35.17
fin,sex_m,age_ythadult_y15_24,geo_cov_urb,2015,38.883
fin,sex_m,age_ythadult_y15_24,geo_cov_urb,2016,37.835
fin,sex_m,age_ythadult_y15_24,geo_cov_urb,2017,35.352
fin,sex_m,age_ythadult_y15_24,geo_cov_urb,2018,33.396
fin,sex_m,age_ythadult_y15_24,geo_cov_urb,2019,29.283
fin,sex_m,age_ythadult_y15_24,geo_cov_urb,2020,39.25
fin,sex_m,age_ythadult_y15_24,geo_cov_urb,2021,30.224
fin,sex_m,age_ythadult_y15_24,geo_cov_urb,2022,28.469
fin,sex_m,age_ythadult_y15_24,geo_cov_urb,2023,30.598
fin,sex_m,age_ythadult_y15_24,geo_cov_urb,2024,33.589
fin,sex_m,age_ythadult_y15_24,geo_cov_x,1998,72.856
fin,sex_m,age_ythadult_y15_24,geo_cov_x,1999,31.481
fin,sex_m,age_ythadult_y15_24,geo_cov_x,2000,24.294
fin,sex_m,age_ythadult_y15_24,geo_cov_x,2001,20.436
fin,sex_m,age_ythadult_y15_64,geo_cov_nat,1998,19.16
fin,sex_m,age_ythadult_y15_64,geo_cov_nat,1999,16.079
fin,sex_m,age_ythadult_y15_64,geo_cov_nat,2000,15.176
fin,sex_m,age_ythadult_y15_64,geo_cov_nat,2001,14.171
fin,sex_m,age_ythadult_y15_64,geo_cov_nat,2002,14.986
fin,sex_m,age_ythadult_y15_64,geo_cov_nat,2003,15.103
fin,sex_m,age_ythadult_y15_64,geo_cov_nat,2004,14.283
fin,sex_m,age_ythadult_y15_64,geo_cov_nat,2005,13.725
fin,sex_m,age_ythadult_y15_64,geo_cov_nat,2006,12.863
fin,sex_m,age_ythadult_y15_64,geo_cov_nat,2007,10.207
fin,sex_m,age_ythadult_y15_64,geo_cov_nat,2008,9.435
fin,sex_m,age_ythadult_y15_64,geo_cov_nat,2009,12.433
fin,sex_m,age_ythadult_y15_64,geo_cov_nat,2010,13.091
fin,sex_m,age_ythadult_y15_64,geo_cov_nat,2011,12.655
fin,sex_m,age_ythadult_y15_64,geo_cov_nat,2012,12.421
fin,sex_m,age_ythadult_y15_64,geo_cov_nat,2013,13.396
fin,sex_m,age_ythadult_y15_64,geo_cov_nat,2014,14.696
fin,sex_m,age_ythadult_y15_64,geo_cov_nat,2015,15.062
fin,sex_m,age_ythadult_y15_64,geo_cov_nat,2016,14.848
fin,sex_m,age_ythadult_y15_64,geo_cov_nat,2017,14.02
fin,sex_m,age_ythadult_y15_64,geo_cov_nat,2018,12.195
fin,sex_m,age_ythadult_y15_64,geo_cov_nat,2019,11.092
fin,sex_m,age_ythadult_y15_64,geo_cov_nat,2020,12.813
fin,sex_m,age_ythadult_y15_64,geo_cov_nat,2021,11.748
fin,sex_m,age_ythadult_y15_64,geo_cov_nat,2022,11.219
fin,sex_m,age_ythadult_y15_64,geo_cov_nat,2023,11.961
fin,sex_m,age_ythadult_y15_64,geo_cov_nat,2024,13.358
fin,sex_m,age_ythadult_y15_64,geo_cov_rur,1998,19.873
fin,sex_m,age_ythadult_y15_64,geo_cov_rur,1999,16.953
fin,sex_m,age_ythadult_y15_64,geo_cov_rur,2000,15.504
fin,sex_m,age_ythadult_y15_64,geo_cov_rur,2001,15.129
fin,sex_m,age_ythadult_y15_64,geo_cov_rur,2002,15.578
fin,sex_m,age_ythadult_y15_64,geo_cov_rur,2003,15.242
fin,sex_m,age_ythadult_y15_64,geo_cov_rur,2004,14.575
fin,sex_m,age_ythadult_y15_64,geo_cov_rur,2005,13.948
fin,sex_m,age_ythadult_y15_64,geo_cov_rur,2006,12.431
fin,sex_m,age_ythadult_y15_64,geo_cov_rur,2007,10.483
fin,sex_m,age_ythadult_y15_64,geo_cov_rur,2008,9.64
fin,sex_m,age_ythadult_y15_64,geo_cov_rur,2009,13.214
fin,sex_m,age_ythadult_y15_64,geo_cov_rur,2010,13.603
fin,sex_m,age_ythadult_y15_64,geo_cov_rur,2011,13.353
fin,sex_m,age_ythadult_y15_64,geo_cov_rur,2012,10.384
fin,sex_m,age_ythadult_y15_64,geo_cov_rur,2013,13.616
fin,sex_m,age_ythadult_y15_64,geo_cov_rur,2014,13.573
fin,sex_m,age_ythadult_y15_64,geo_cov_rur,2015,13.55
fin,sex_m,age_ythadult_y15_64,geo_cov_rur,2016,13.585
fin,sex_m,age_ythadult_y15_64,geo_cov_rur,2017,12.107
fin,sex_m,age_ythadult_y15_64,geo_cov_rur,2018,10.594
fin,sex_m,age_ythadult_y15_64,geo_cov_rur,2019,10.555
fin,sex_m,age_ythadult_y15_64,geo_cov_rur,2020,11.293
fin,sex_m,age_ythadult_y15_64,geo_cov_rur,2021,8.822
fin,sex_m,age_ythadult_y15_64,geo_cov_rur,2022,9.665
fin,sex_m,age_ythadult_y15_64,geo_cov_rur,2023,10.052
fin,sex_m,age_ythadult_y15_64,geo_cov_rur,2024,10.378
fin,sex_m,age_ythadult_y15_64,geo_cov_urb,1998,17.835
fin,sex_m,age_ythadult_y15_64,geo_cov_urb,1999,15.069
fin,sex_m,age_ythadult_y15_64,geo_cov_urb,2000,14.906
fin,sex_m,age_ythadult_y15_64,geo_cov_urb,2001,13.109
fin,sex_m,age_ythadult_y15_64,geo_cov_urb,2002,14.242
fin,sex_m,age_ythadult_y15_64,geo_cov_urb,2003,14.931
fin,sex_m,age_ythadult_y15_64,geo_cov_urb,2004,13.927
fin,sex_m,age_ythadult_y15_64,geo_cov_urb,2005,13.496
fin,sex_m,age_ythadult_y15_64,geo_cov_urb,2006,13.406
fin,sex_m,age_ythadult_y15_64,geo_cov_urb,2007,9.866
fin,sex_m,age_ythadult_y15_64,geo_cov_urb,2008,9.183
fin,sex_m,age_ythadult_y15_64,geo_cov_urb,2009,11.335
fin,sex_m,age_ythadult_y15_64,geo_cov_urb,2010,12.356
fin,sex_m,age_ythadult_y15_64,geo_cov_urb,2011,11.651
fin,sex_m,age_ythadult_y15_64,geo_cov_urb,2012,13.35
fin,sex_m,age_ythadult_y15_64,geo_cov_urb,2013,13.301
fin,sex_m,age_ythadult_y15_64,geo_cov_urb,2014,15.19
fin,sex_m,age_ythadult_y15_64,geo_cov_urb,2015,15.719
fin,sex_m,age_ythadult_y15_64,geo_cov_urb,2016,15.361
fin,sex_m,age_ythadult_y15_64,geo_cov_urb,2017,14.801
fin,sex_m,age_ythadult_y15_64,geo_cov_urb,2018,12.81
fin,sex_m,age_ythadult_y15_64,geo_cov_urb,2019,11.299
fin,sex_m,age_ythadult_y15_64,geo_cov_urb,2020,13.334
fin,sex_m,age_ythadult_y15_64,geo_cov_urb,2021,12.781
fin,sex_m,age_ythadult_y15_64,geo_cov_urb,2022,11.764
fin,sex_m,age_ythadult_y15_64,geo_cov_urb,2023,12.606
fin,sex_m,age_ythadult_y15_64,geo_cov_urb,2024,14.361
fin,sex_m,age_ythadult_y15_64,geo_cov_x,1998,24.071
fin,sex_m,age_ythadult_y15_64,geo_cov_x,1999,10.051
fin,sex_m,age_ythadult_y15_64,geo_cov_x,2000,10.768
fin,sex_m,age_ythadult_y15_64,geo_cov_x,2001,7.979
fin,sex_m,age_ythadult_yge15,geo_cov_nat,1998,19.104
fin,sex_m,age_ythadult_yge15,geo_cov_nat,1999,15.992
fin,sex_m,age_ythadult_yge15,geo_cov_nat,2000,15.108
fin,sex_m,age_ythadult_yge15,geo_cov_nat,2001,14.162
fin,sex_m,age_ythadult_yge15,geo_cov_nat,2002,14.981
fin,sex_m,age_ythadult_yge15,geo_cov_nat,2003,15.065
fin,sex_m,age_ythadult_yge15,geo_cov_nat,2004,14.193
fin,sex_m,age_ythadult_yge15,geo_cov_nat,2005,13.69
fin,sex_m,age_ythadult_yge15,geo_cov_nat,2006,12.86
fin,sex_m,age_ythadult_yge15,geo_cov_nat,2007,10.269
fin,sex_m,age_ythadult_yge15,geo_cov_nat,2008,9.518
fin,sex_m,age_ythadult_yge15,geo_cov_nat,2009,12.471
fin,sex_m,age_ythadult_yge15,geo_cov_nat,2010,13.093
fin,sex_m,age_ythadult_yge15,geo_cov_nat,2011,12.772
fin,sex_m,age_ythadult_yge15,geo_cov_nat,2012,12.662
fin,sex_m,age_ythadult_yge15,geo_cov_nat,2013,13.594
fin,sex_m,age_ythadult_yge15,geo_cov_nat,2014,14.921
fin,sex_m,age_ythadult_yge15,geo_cov_nat,2015,15.399
fin,sex_m,age_ythadult_yge15,geo_cov_nat,2016,15.155
fin,sex_m,age_ythadult_yge15,geo_cov_nat,2017,14.579
fin,sex_m,age_ythadult_yge15,geo_cov_nat,2018,12.782
fin,sex_m,age_ythadult_yge15,geo_cov_nat,2019,11.766
fin,sex_m,age_ythadult_yge15,geo_cov_nat,2020,13.281
fin,sex_m,age_ythadult_yge15,geo_cov_nat,2021,11.943
fin,sex_m,age_ythadult_yge15,geo_cov_nat,2022,11.178
fin,sex_m,age_ythadult_yge15,geo_cov_nat,2023,12.159
fin,sex_m,age_ythadult_yge15,geo_cov_nat,2024,13.426
fin,sex_m,age_ythadult_yge15,geo_cov_rur,1998,19.808
fin,sex_m,age_ythadult_yge15,geo_cov_rur,1999,16.817
fin,sex_m,age_ythadult_yge15,geo_cov_rur,2000,15.395
fin,sex_m,age_ythadult_yge15,geo_cov_rur,2001,15.068
fin,sex_m,age_ythadult_yge15,geo_cov_rur,2002,15.532
fin,sex_m,age_ythadult_yge15,geo_cov_rur,2003,15.167
fin,sex_m,age_ythadult_yge15,geo_cov_rur,2004,14.451
fin,sex_m,age_ythadult_yge15,geo_cov_rur,2005,13.884
fin,sex_m,age_ythadult_yge15,geo_cov_rur,2006,12.464
fin,sex_m,age_ythadult_yge15,geo_cov_rur,2007,10.453
fin,sex_m,age_ythadult_yge15,geo_cov_rur,2008,9.686
fin,sex_m,age_ythadult_yge15,geo_cov_rur,2009,13.25
fin,sex_m,age_ythadult_yge15,geo_cov_rur,2010,13.561
fin,sex_m,age_ythadult_yge15,geo_cov_rur,2011,13.339
fin,sex_m,age_ythadult_yge15,geo_cov_rur,2012,10.434
fin,sex_m,age_ythadult_yge15,geo_cov_rur,2013,13.738
fin,sex_m,age_ythadult_yge15,geo_cov_rur,2014,14.173
fin,sex_m,age_ythadult_yge15,geo_cov_rur,2015,13.994
fin,sex_m,age_ythadult_yge15,geo_cov_rur,2016,14.055
fin,sex_m,age_ythadult_yge15,geo_cov_rur,2017,12.644
fin,sex_m,age_ythadult_yge15,geo_cov_rur,2018,11.394
fin,sex_m,age_ythadult_yge15,geo_cov_rur,2019,11.259
fin,sex_m,age_ythadult_yge15,geo_cov_rur,2020,11.607
fin,sex_m,age_ythadult_yge15,geo_cov_rur,2021,9.327
fin,sex_m,age_ythadult_yge15,geo_cov_rur,2022,9.415
fin,sex_m,age_ythadult_yge15,geo_cov_rur,2023,10.196
fin,sex_m,age_ythadult_yge15,geo_cov_rur,2024,10.214
fin,sex_m,age_ythadult_yge15,geo_cov_urb,1998,17.788
fin,sex_m,age_ythadult_yge15,geo_cov_urb,1999,15.045
fin,sex_m,age_ythadult_yge15,geo_cov_urb,2000,14.891
fin,sex_m,age_ythadult_yge15,geo_cov_urb,2001,13.164
fin,sex_m,age_ythadult_yge15,geo_cov_urb,2002,14.282
fin,sex_m,age_ythadult_yge15,geo_cov_urb,2003,14.938
fin,sex_m,age_ythadult_yge15,geo_cov_urb,2004,13.876
fin,sex_m,age_ythadult_yge15,geo_cov_urb,2005,13.477
fin,sex_m,age_ythadult_yge15,geo_cov_urb,2006,13.359
fin,sex_m,age_ythadult_yge15,geo_cov_urb,2007,10.041
fin,sex_m,age_ythadult_yge15,geo_cov_urb,2008,9.31
fin,sex_m,age_ythadult_yge15,geo_cov_urb,2009,11.366
fin,sex_m,age_ythadult_yge15,geo_cov_urb,2010,12.412
fin,sex_m,age_ythadult_yge15,geo_cov_urb,2011,11.956
fin,sex_m,age_ythadult_yge15,geo_cov_urb,2012,13.692
fin,sex_m,age_ythadult_yge15,geo_cov_urb,2013,13.531
fin,sex_m,age_ythadult_yge15,geo_cov_urb,2014,15.254
fin,sex_m,age_ythadult_yge15,geo_cov_urb,2015,16.011
fin,sex_m,age_ythadult_yge15,geo_cov_urb,2016,15.613
fin,sex_m,age_ythadult_yge15,geo_cov_urb,2017,15.383
fin,sex_m,age_ythadult_yge15,geo_cov_urb,2018,13.332
fin,sex_m,age_ythadult_yge15,geo_cov_urb,2019,11.968
fin,sex_m,age_ythadult_yge15,geo_cov_urb,2020,13.867
fin,sex_m,age_ythadult_yge15,geo_cov_urb,2021,12.905
fin,sex_m,age_ythadult_yge15,geo_cov_urb,2022,11.827
fin,sex_m,age_ythadult_yge15,geo_cov_urb,2023,12.861
fin,sex_m,age_ythadult_yge15,geo_cov_urb,2024,14.561
fin,sex_m,age_ythadult_yge15,geo_cov_x,1998,24.071
fin,sex_m,age_ythadult_yge15,geo_cov_x,1999,10.051
fin,sex_m,age_ythadult_yge15,geo_cov_x,2000,10.768
fin,sex_m,age_ythadult_yge15,geo_cov_x,2001,7.979
fin,sex_m,age_ythadult_yge25,geo_cov_nat,1998,13.903
fin,sex_m,age_ythadult_yge25,geo_cov_nat,1999,11.065
fin,sex_m,age_ythadult_yge25,geo_cov_nat,2000,10.006
fin,sex_m,age_ythadult_yge25,geo_cov_nat,2001,9.558
fin,sex_m,age_ythadult_yge25,geo_cov_nat,2002,10.02
fin,sex_m,age_ythadult_yge25,geo_cov_nat,2003,10.614
fin,sex_m,age_ythadult_yge25,geo_cov_nat,2004,9.577
fin,sex_m,age_ythadult_yge25,geo_cov_nat,2005,8.93
fin,sex_m,age_ythadult_yge25,geo_cov_nat,2006,8.234
fin,sex_m,age_ythadult_yge25,geo_cov_nat,2007,7.335
fin,sex_m,age_ythadult_yge25,geo_cov_nat,2008,6.62
fin,sex_m,age_ythadult_yge25,geo_cov_nat,2009,9.097
fin,sex_m,age_ythadult_yge25,geo_cov_nat,2010,10.062
fin,sex_m,age_ythadult_yge25,geo_cov_nat,2011,9.473
fin,sex_m,age_ythadult_yge25,geo_cov_nat,2012,9.834
fin,sex_m,age_ythadult_yge25,geo_cov_nat,2013,10.102
fin,sex_m,age_ythadult_yge25,geo_cov_nat,2014,11.728
fin,sex_m,age_ythadult_yge25,geo_cov_nat,2015,12.036
fin,sex_m,age_ythadult_yge25,geo_cov_nat,2016,11.888
fin,sex_m,age_ythadult_yge25,geo_cov_nat,2017,11.842
fin,sex_m,age_ythadult_yge25,geo_cov_nat,2018,9.988
fin,sex_m,age_ythadult_yge25,geo_cov_nat,2019,9.21
fin,sex_m,age_ythadult_yge25,geo_cov_nat,2020,10.047
fin,sex_m,age_ythadult_yge25,geo_cov_nat,2021,9.707
fin,sex_m,age_ythadult_yge25,geo_cov_nat,2022,8.966
fin,sex_m,age_ythadult_yge25,geo_cov_nat,2023,9.687
fin,sex_m,age_ythadult_yge25,geo_cov_nat,2024,10.894
fin,sex_m,age_ythadult_yge25,geo_cov_rur,1998,14.412
fin,sex_m,age_ythadult_yge25,geo_cov_rur,1999,11.716
fin,sex_m,age_ythadult_yge25,geo_cov_rur,2000,9.79
fin,sex_m,age_ythadult_yge25,geo_cov_rur,2001,10.214
fin,sex_m,age_ythadult_yge25,geo_cov_rur,2002,10.761
fin,sex_m,age_ythadult_yge25,geo_cov_rur,2003,10.763
fin,sex_m,age_ythadult_yge25,geo_cov_rur,2004,9.993
fin,sex_m,age_ythadult_yge25,geo_cov_rur,2005,9.136
fin,sex_m,age_ythadult_yge25,geo_cov_rur,2006,8.059
fin,sex_m,age_ythadult_yge25,geo_cov_rur,2007,7.625
fin,sex_m,age_ythadult_yge25,geo_cov_rur,2008,6.859
fin,sex_m,age_ythadult_yge25,geo_cov_rur,2009,9.7
fin,sex_m,age_ythadult_yge25,geo_cov_rur,2010,10.518
fin,sex_m,age_ythadult_yge25,geo_cov_rur,2011,10.117
fin,sex_m,age_ythadult_yge25,geo_cov_rur,2012,8.287
fin,sex_m,age_ythadult_yge25,geo_cov_rur,2013,10.614
fin,sex_m,age_ythadult_yge25,geo_cov_rur,2014,10.858
fin,sex_m,age_ythadult_yge25,geo_cov_rur,2015,10.755
fin,sex_m,age_ythadult_yge25,geo_cov_rur,2016,11.255
fin,sex_m,age_ythadult_yge25,geo_cov_rur,2017,10.549
fin,sex_m,age_ythadult_yge25,geo_cov_rur,2018,9.167
fin,sex_m,age_ythadult_yge25,geo_cov_rur,2019,8.767
fin,sex_m,age_ythadult_yge25,geo_cov_rur,2020,9.746
fin,sex_m,age_ythadult_yge25,geo_cov_rur,2021,7.367
fin,sex_m,age_ythadult_yge25,geo_cov_rur,2022,7.545
fin,sex_m,age_ythadult_yge25,geo_cov_rur,2023,8.219
fin,sex_m,age_ythadult_yge25,geo_cov_rur,2024,8.25
fin,sex_m,age_ythadult_yge25,geo_cov_urb,1998,13.097
fin,sex_m,age_ythadult_yge25,geo_cov_urb,1999,10.334
fin,sex_m,age_ythadult_yge25,geo_cov_urb,2000,10.424
fin,sex_m,age_ythadult_yge25,geo_cov_urb,2001,8.781
fin,sex_m,age_ythadult_yge25,geo_cov_urb,2002,9.057
fin,sex_m,age_ythadult_yge25,geo_cov_urb,2003,10.426
fin,sex_m,age_ythadult_yge25,geo_cov_urb,2004,9.086
fin,sex_m,age_ythadult_yge25,geo_cov_urb,2005,8.679
fin,sex_m,age_ythadult_yge25,geo_cov_urb,2006,8.458
fin,sex_m,age_ythadult_yge25,geo_cov_urb,2007,6.97
fin,sex_m,age_ythadult_yge25,geo_cov_urb,2008,6.323
fin,sex_m,age_ythadult_yge25,geo_cov_urb,2009,8.226
fin,sex_m,age_ythadult_yge25,geo_cov_urb,2010,9.39
fin,sex_m,age_ythadult_yge25,geo_cov_urb,2011,8.532
fin,sex_m,age_ythadult_yge25,geo_cov_urb,2012,10.564
fin,sex_m,age_ythadult_yge25,geo_cov_urb,2013,9.874
fin,sex_m,age_ythadult_yge25,geo_cov_urb,2014,12.119
fin,sex_m,age_ythadult_yge25,geo_cov_urb,2015,12.595
fin,sex_m,age_ythadult_yge25,geo_cov_urb,2016,12.155
fin,sex_m,age_ythadult_yge25,geo_cov_urb,2017,12.387
fin,sex_m,age_ythadult_yge25,geo_cov_urb,2018,10.32
fin,sex_m,age_ythadult_yge25,geo_cov_urb,2019,9.389
fin,sex_m,age_ythadult_yge25,geo_cov_urb,2020,10.154
fin,sex_m,age_ythadult_yge25,geo_cov_urb,2021,10.57
fin,sex_m,age_ythadult_yge25,geo_cov_urb,2022,9.493
fin,sex_m,age_ythadult_yge25,geo_cov_urb,2023,10.227
fin,sex_m,age_ythadult_yge25,geo_cov_urb,2024,11.847
fin,sex_m,age_ythadult_yge25,geo_cov_x,1998,14.179
fin,sex_m,age_ythadult_yge25,geo_cov_x,1999,5.864
fin,sex_m,age_ythadult_yge25,geo_cov_x,2000,7.702
fin,sex_m,age_ythadult_yge25,geo_cov_x,2001,6.041
fin,sex_t,age_aggregate_total,geo_cov_nat,1998,20.489
fin,sex_t,age_aggregate_total,geo_cov_nat,1999,17.228
fin,sex_t,age_aggregate_total,geo_cov_nat,2000,16.356
fin,sex_t,age_aggregate_total,geo_cov_nat,2001,14.862
fin,sex_t,age_aggregate_total,geo_cov_nat,2002,15.059
fin,sex_t,age_aggregate_total,geo_cov_nat,2003,14.828
fin,sex_t,age_aggregate_total,geo_cov_nat,2004,14.706
fin,sex_t,age_aggregate_total,geo_cov_nat,2005,14.002
fin,sex_t,age_aggregate_total,geo_cov_nat,2006,13.265
fin,sex_t,age_aggregate_total,geo_cov_nat,2007,11.032
fin,sex_t,age_aggregate_total,geo_cov_nat,2008,10.072
fin,sex_t,age_aggregate_total,geo_cov_nat,2009,12.017
fin,sex_t,age_aggregate_total,geo_cov_nat,2010,12.743
fin,sex_t,age_aggregate_total,geo_cov_nat,2011,12.378
fin,sex_t,age_aggregate_total,geo_cov_nat,2012,12.429
fin,sex_t,age_aggregate_total,geo_cov_nat,2013,13.199
fin,sex_t,age_aggregate_total,geo_cov_nat,2014,14.3
fin,sex_t,age_aggregate_total,geo_cov_nat,2015,14.875
fin,sex_t,age_aggregate_total,geo_cov_nat,2016,14.729
fin,sex_t,age_aggregate_total,geo_cov_nat,2017,14.387
fin,sex_t,age_aggregate_total,geo_cov_nat,2018,12.812
fin,sex_t,age_aggregate_total,geo_cov_nat,2019,11.357
fin,sex_t,age_aggregate_total,geo_cov_nat,2020,13.126
fin,sex_t,age_aggregate_total,geo_cov_nat,2021,11.464
fin,sex_t,age_aggregate_total,geo_cov_nat,2022,10.915
fin,sex_t,age_aggregate_total,geo_cov_nat,2023,11.422
fin,sex_t,age_aggregate_total,geo_cov_nat,2024,12.869
fin,sex_t,age_aggregate_total,geo_cov_rur,1998,21.317
fin,sex_t,age_aggregate_total,geo_cov_rur,1999,18.79
fin,sex_t,age_aggregate_total,geo_cov_rur,2000,17.482
fin,sex_t,age_aggregate_total,geo_cov_rur,2001,16.245
fin,sex_t,age_aggregate_total,geo_cov_rur,2002,16.121
fin,sex_t,age_aggregate_total,geo_cov_rur,2003,15.5
fin,sex_t,age_aggregate_total,geo_cov_rur,2004,15.314
fin,sex_t,age_aggregate_total,geo_cov_rur,2005,14.437
fin,sex_t,age_aggregate_total,geo_cov_rur,2006,13.591
fin,sex_t,age_aggregate_total,geo_cov_rur,2007,11.627
fin,sex_t,age_aggregate_total,geo_cov_rur,2008,10.52
fin,sex_t,age_aggregate_total,geo_cov_rur,2009,13.066
fin,sex_t,age_aggregate_total,geo_cov_rur,2010,13.556
fin,sex_t,age_aggregate_total,geo_cov_rur,2011,12.925
fin,sex_t,age_aggregate_total,geo_cov_rur,2012,11.021
fin,sex_t,age_aggregate_total,geo_cov_rur,2013,12.758
fin,sex_t,age_aggregate_total,geo_cov_rur,2014,13.576
fin,sex_t,age_aggregate_total,geo_cov_rur,2015,14.3
fin,sex_t,age_aggregate_total,geo_cov_rur,2016,14.019
fin,sex_t,age_aggregate_total,geo_cov_rur,2017,13.025
fin,sex_t,age_aggregate_total,geo_cov_rur,2018,11.509
fin,sex_t,age_aggregate_total,geo_cov_rur,2019,10.118
fin,sex_t,age_aggregate_total,geo_cov_rur,2020,11.601
fin,sex_t,age_aggregate_total,geo_cov_rur,2021,9.231
fin,sex_t,age_aggregate_total,geo_cov_rur,2022,9.134
fin,sex_t,age_aggregate_total,geo_cov_rur,2023,9.346
fin,sex_t,age_aggregate_total,geo_cov_rur,2024,9.922
fin,sex_t,age_aggregate_total,geo_cov_urb,1998,19.163
fin,sex_t,age_aggregate_total,geo_cov_urb,1999,15.335
fin,sex_t,age_aggregate_total,geo_cov_urb,2000,15.056
fin,sex_t,age_aggregate_total,geo_cov_urb,2001,13.219
fin,sex_t,age_aggregate_total,geo_cov_urb,2002,13.828
fin,sex_t,age_aggregate_total,geo_cov_urb,2003,14.053
fin,sex_t,age_aggregate_total,geo_cov_urb,2004,13.999
fin,sex_t,age_aggregate_total,geo_cov_urb,2005,13.498
fin,sex_t,age_aggregate_total,geo_cov_urb,2006,12.875
fin,sex_t,age_aggregate_total,geo_cov_urb,2007,10.338
fin,sex_t,age_aggregate_total,geo_cov_urb,2008,9.549
fin,sex_t,age_aggregate_total,geo_cov_urb,2009,10.578
fin,sex_t,age_aggregate_total,geo_cov_urb,2010,11.631
fin,sex_t,age_aggregate_total,geo_cov_urb,2011,11.623
fin,sex_t,age_aggregate_total,geo_cov_urb,2012,13.048
fin,sex_t,age_aggregate_total,geo_cov_urb,2013,13.378
fin,sex_t,age_aggregate_total,geo_cov_urb,2014,14.607
fin,sex_t,age_aggregate_total,geo_cov_urb,2015,15.113
fin,sex_t,age_aggregate_total,geo_cov_urb,2016,15.012
fin,sex_t,age_aggregate_total,geo_cov_urb,2017,14.927
fin,sex_t,age_aggregate_total,geo_cov_urb,2018,13.302
fin,sex_t,age_aggregate_total,geo_cov_urb,2019,11.837
fin,sex_t,age_aggregate_total,geo_cov_urb,2020,13.658
fin,sex_t,age_aggregate_total,geo_cov_urb,2021,12.239
fin,sex_t,age_aggregate_total,geo_cov_urb,2022,11.536
fin,sex_t,age_aggregate_total,geo_cov_urb,2023,12.126
fin,sex_t,age_aggregate_total,geo_cov_urb,2024,13.852
fin,sex_t,age_aggregate_total,geo_cov_x,1998,23.772
fin,sex_t,age_aggregate_total,geo_cov_x,1999,10.74
fin,sex_t,age_aggregate_total,geo_cov_x,2000,10.816
fin,sex_t,age_aggregate_total,geo_cov_x,2001,10.094
fin,sex_t,age_aggregate_total,geo_cov_x,2004,21.102
fin,sex_t,age_aggregate_total,geo_cov_x,2005,18.199
fin,sex_t,age_aggregate_y15_24,geo_cov_nat,1998,51.862
fin,sex_t,age_aggregate_y15_24,geo_cov_nat,1999,41.465
fin,sex_t,age_aggregate_y15_24,geo_cov_nat,2000,40.96
fin,sex_t,age_aggregate_y15_24,geo_cov_nat,2001,38.067
fin,sex_t,age_aggregate_y15_24,geo_cov_nat,2002,39.992
fin,sex_t,age_aggregate_y15_24,geo_cov_nat,2003,39.01
fin,sex_t,age_aggregate_y15_24,geo_cov_nat,2004,38.712
fin,sex_t,age_aggregate_y15_24,geo_cov_nat,2005,38.141
fin,sex_t,age_aggregate_y15_24,geo_cov_nat,2006,36.996
fin,sex_t,age_aggregate_y15_24,geo_cov_nat,2007,29.84
fin,sex_t,age_aggregate_y15_24,geo_cov_nat,2008,27.829
fin,sex_t,age_aggregate_y15_24,geo_cov_nat,2009,32.702
fin,sex_t,age_aggregate_y15_24,geo_cov_nat,2010,33.414
fin,sex_t,age_aggregate_y15_24,geo_cov_nat,2011,32.718
fin,sex_t,age_aggregate_y15_24,geo_cov_nat,2012,31.551
fin,sex_t,age_aggregate_y15_24,geo_cov_nat,2013,33.672
fin,sex_t,age_aggregate_y15_24,geo_cov_nat,2014,33.389
fin,sex_t,age_aggregate_y15_24,geo_cov_nat,2015,34.9
fin,sex_t,age_aggregate_y15_24,geo_cov_nat,2016,34.126
fin,sex_t,age_aggregate_y15_24,geo_cov_nat,2017,32.432
fin,sex_t,age_aggregate_y15_24,geo_cov_nat,2018,31.463
fin,sex_t,age_aggregate_y15_24,geo_cov_nat,2019,28.817
fin,sex_t,age_aggregate_y15_24,geo_cov_nat,2020,34.207
fin,sex_t,age_aggregate_y15_24,geo_cov_nat,2021,28.391
fin,sex_t,age_aggregate_y15_24,geo_cov_nat,2022,27.484
fin,sex_t,age_aggregate_y15_24,geo_cov_nat,2023,27.37
fin,sex_t,age_aggregate_y15_24,geo_cov_nat,2024,31.727
fin,sex_t,age_aggregate_y15_24,geo_cov_rur,1998,57.358
fin,sex_t,age_aggregate_y15_24,geo_cov_rur,1999,46.077
fin,sex_t,age_aggregate_y15_24,geo_cov_rur,2000,45.283
fin,sex_t,age_aggregate_y15_24,geo_cov_rur,2001,42.548
fin,sex_t,age_aggregate_y15_24,geo_cov_rur,2002,43.289
fin,sex_t,age_aggregate_y15_24,geo_cov_rur,2003,41.783
fin,sex_t,age_aggregate_y15_24,geo_cov_rur,2004,41.12
fin,sex_t,age_aggregate_y15_24,geo_cov_rur,2005,40.938
fin,sex_t,age_aggregate_y15_24,geo_cov_rur,2006,39.002
fin,sex_t,age_aggregate_y15_24,geo_cov_rur,2007,31.394
fin,sex_t,age_aggregate_y15_24,geo_cov_rur,2008,29.545
fin,sex_t,age_aggregate_y15_24,geo_cov_rur,2009,36.987
fin,sex_t,age_aggregate_y15_24,geo_cov_rur,2010,36.87
fin,sex_t,age_aggregate_y15_24,geo_cov_rur,2011,35.756
fin,sex_t,age_aggregate_y15_24,geo_cov_rur,2012,31.453
fin,sex_t,age_aggregate_y15_24,geo_cov_rur,2013,35.406
fin,sex_t,age_aggregate_y15_24,geo_cov_rur,2014,36
fin,sex_t,age_aggregate_y15_24,geo_cov_rur,2015,39.948
fin,sex_t,age_aggregate_y15_24,geo_cov_rur,2016,34.25
fin,sex_t,age_aggregate_y15_24,geo_cov_rur,2017,29.972
fin,sex_t,age_aggregate_y15_24,geo_cov_rur,2018,31.543
fin,sex_t,age_aggregate_y15_24,geo_cov_rur,2019,27.643
fin,sex_t,age_aggregate_y15_24,geo_cov_rur,2020,30.912
fin,sex_t,age_aggregate_y15_24,geo_cov_rur,2021,26.86
fin,sex_t,age_aggregate_y15_24,geo_cov_rur,2022,24.969
fin,sex_t,age_aggregate_y15_24,geo_cov_rur,2023,25.162
fin,sex_t,age_aggregate_y15_24,geo_cov_rur,2024,29.942
fin,sex_t,age_aggregate_y15_24,geo_cov_urb,1998,44.815
fin,sex_t,age_aggregate_y15_24,geo_cov_urb,1999,35.947
fin,sex_t,age_aggregate_y15_24,geo_cov_urb,2000,35.882
fin,sex_t,age_aggregate_y15_24,geo_cov_urb,2001,32.98
fin,sex_t,age_aggregate_y15_24,geo_cov_urb,2002,36.582
fin,sex_t,age_aggregate_y15_24,geo_cov_urb,2003,36.044
fin,sex_t,age_aggregate_y15_24,geo_cov_urb,2004,36.148
fin,sex_t,age_aggregate_y15_24,geo_cov_urb,2005,35.24
fin,sex_t,age_aggregate_y15_24,geo_cov_urb,2006,34.774
fin,sex_t,age_aggregate_y15_24,geo_cov_urb,2007,28.211
fin,sex_t,age_aggregate_y15_24,geo_cov_urb,2008,25.996
fin,sex_t,age_aggregate_y15_24,geo_cov_urb,2009,27.576
fin,sex_t,age_aggregate_y15_24,geo_cov_urb,2010,29.24
fin,sex_t,age_aggregate_y15_24,geo_cov_urb,2011,29.047
fin,sex_t,age_aggregate_y15_24,geo_cov_urb,2012,31.586
fin,sex_t,age_aggregate_y15_24,geo_cov_urb,2013,33.149
fin,sex_t,age_aggregate_y15_24,geo_cov_urb,2014,32.48
fin,sex_t,age_aggregate_y15_24,geo_cov_urb,2015,33.097
fin,sex_t,age_aggregate_y15_24,geo_cov_urb,2016,34.084
fin,sex_t,age_aggregate_y15_24,geo_cov_urb,2017,33.234
fin,sex_t,age_aggregate_y15_24,geo_cov_urb,2018,31.439
fin,sex_t,age_aggregate_y15_24,geo_cov_urb,2019,29.19
fin,sex_t,age_aggregate_y15_24,geo_cov_urb,2020,35.175
fin,sex_t,age_aggregate_y15_24,geo_cov_urb,2021,28.811
fin,sex_t,age_aggregate_y15_24,geo_cov_urb,2022,28.204
fin,sex_t,age_aggregate_y15_24,geo_cov_urb,2023,27.968
fin,sex_t,age_aggregate_y15_24,geo_cov_urb,2024,32.19
fin,sex_t,age_aggregate_y15_24,geo_cov_x,1998,64.124
fin,sex_t,age_aggregate_y15_24,geo_cov_x,1999,25.596
fin,sex_t,age_aggregate_y15_24,geo_cov_x,2000,27.466
fin,sex_t,age_aggregate_y15_24,geo_cov_x,2001,29.623
fin,sex_t,age_aggregate_y25_54,geo_cov_nat,1998,13.587
fin,sex_t,age_aggregate_y25_54,geo_cov_nat,1999,11.359
fin,sex_t,age_aggregate_y25_54,geo_cov_nat,2000,10.382
fin,sex_t,age_aggregate_y25_54,geo_cov_nat,2001,9.424
fin,sex_t,age_aggregate_y25_54,geo_cov_nat,2002,9.523
fin,sex_t,age_aggregate_y25_54,geo_cov_nat,2003,9.558
fin,sex_t,age_aggregate_y25_54,geo_cov_nat,2004,9.606
fin,sex_t,age_aggregate_y25_54,geo_cov_nat,2005,9.036
fin,sex_t,age_aggregate_y25_54,geo_cov_nat,2006,8.162
fin,sex_t,age_aggregate_y25_54,geo_cov_nat,2007,7.129
fin,sex_t,age_aggregate_y25_54,geo_cov_nat,2008,6.351
fin,sex_t,age_aggregate_y25_54,geo_cov_nat,2009,8.29
fin,sex_t,age_aggregate_y25_54,geo_cov_nat,2010,8.876
fin,sex_t,age_aggregate_y25_54,geo_cov_nat,2011,8.276
fin,sex_t,age_aggregate_y25_54,geo_cov_nat,2012,8.165
fin,sex_t,age_aggregate_y25_54,geo_cov_nat,2013,8.686
fin,sex_t,age_aggregate_y25_54,geo_cov_nat,2014,9.789
fin,sex_t,age_aggregate_y25_54,geo_cov_nat,2015,10.48
fin,sex_t,age_aggregate_y25_54,geo_cov_nat,2016,10.372
fin,sex_t,age_aggregate_y25_54,geo_cov_nat,2017,10.05
fin,sex_t,age_aggregate_y25_54,geo_cov_nat,2018,8.682
fin,sex_t,age_aggregate_y25_54,geo_cov_nat,2019,7.215
fin,sex_t,age_aggregate_y25_54,geo_cov_nat,2020,8.179
fin,sex_t,age_aggregate_y25_54,geo_cov_nat,2021,8.28
fin,sex_t,age_aggregate_y25_54,geo_cov_nat,2022,7.827
fin,sex_t,age_aggregate_y25_54,geo_cov_nat,2023,8.248
fin,sex_t,age_aggregate_y25_54,geo_cov_nat,2024,9.589
fin,sex_t,age_aggregate_y25_54,geo_cov_rur,1998,14.201
fin,sex_t,age_aggregate_y25_54,geo_cov_rur,1999,12.345
fin,sex_t,age_aggregate_y25_54,geo_cov_rur,2000,11.045
fin,sex_t,age_aggregate_y25_54,geo_cov_rur,2001,10.454
fin,sex_t,age_aggregate_y25_54,geo_cov_rur,2002,10.56
fin,sex_t,age_aggregate_y25_54,geo_cov_rur,2003,9.954
fin,sex_t,age_aggregate_y25_54,geo_cov_rur,2004,10.082
fin,sex_t,age_aggregate_y25_54,geo_cov_rur,2005,9.119
fin,sex_t,age_aggregate_y25_54,geo_cov_rur,2006,8.414
fin,sex_t,age_aggregate_y25_54,geo_cov_rur,2007,7.956
fin,sex_t,age_aggregate_y25_54,geo_cov_rur,2008,6.722
fin,sex_t,age_aggregate_y25_54,geo_cov_rur,2009,9.124
fin,sex_t,age_aggregate_y25_54,geo_cov_rur,2010,9.719
fin,sex_t,age_aggregate_y25_54,geo_cov_rur,2011,8.496
fin,sex_t,age_aggregate_y25_54,geo_cov_rur,2012,7.172
fin,sex_t,age_aggregate_y25_54,geo_cov_rur,2013,8.926
fin,sex_t,age_aggregate_y25_54,geo_cov_rur,2014,8.559
fin,sex_t,age_aggregate_y25_54,geo_cov_rur,2015,9.186
fin,sex_t,age_aggregate_y25_54,geo_cov_rur,2016,10.286
fin,sex_t,age_aggregate_y25_54,geo_cov_rur,2017,8.932
fin,sex_t,age_aggregate_y25_54,geo_cov_rur,2018,7.296
fin,sex_t,age_aggregate_y25_54,geo_cov_rur,2019,6.192
fin,sex_t,age_aggregate_y25_54,geo_cov_rur,2020,6.656
fin,sex_t,age_aggregate_y25_54,geo_cov_rur,2021,5.315
fin,sex_t,age_aggregate_y25_54,geo_cov_rur,2022,5.758
fin,sex_t,age_aggregate_y25_54,geo_cov_rur,2023,6.4
fin,sex_t,age_aggregate_y25_54,geo_cov_rur,2024,6.777
fin,sex_t,age_aggregate_y25_54,geo_cov_urb,1998,12.46
fin,sex_t,age_aggregate_y25_54,geo_cov_urb,1999,10.124
fin,sex_t,age_aggregate_y25_54,geo_cov_urb,2000,9.591
fin,sex_t,age_aggregate_y25_54,geo_cov_urb,2001,8.171
fin,sex_t,age_aggregate_y25_54,geo_cov_urb,2002,8.312
fin,sex_t,age_aggregate_y25_54,geo_cov_urb,2003,9.102
fin,sex_t,age_aggregate_y25_54,geo_cov_urb,2004,9.063
fin,sex_t,age_aggregate_y25_54,geo_cov_urb,2005,8.915
fin,sex_t,age_aggregate_y25_54,geo_cov_urb,2006,7.865
fin,sex_t,age_aggregate_y25_54,geo_cov_urb,2007,6.176
fin,sex_t,age_aggregate_y25_54,geo_cov_urb,2008,5.924
fin,sex_t,age_aggregate_y25_54,geo_cov_urb,2009,7.159
fin,sex_t,age_aggregate_y25_54,geo_cov_urb,2010,7.76
fin,sex_t,age_aggregate_y25_54,geo_cov_urb,2011,7.985
fin,sex_t,age_aggregate_y25_54,geo_cov_urb,2012,8.585
fin,sex_t,age_aggregate_y25_54,geo_cov_urb,2013,8.591
fin,sex_t,age_aggregate_y25_54,geo_cov_urb,2014,10.286
fin,sex_t,age_aggregate_y25_54,geo_cov_urb,2015,10.993
fin,sex_t,age_aggregate_y25_54,geo_cov_urb,2016,10.405
fin,sex_t,age_aggregate_y25_54,geo_cov_urb,2017,10.469
fin,sex_t,age_aggregate_y25_54,geo_cov_urb,2018,9.164
fin,sex_t,age_aggregate_y25_54,geo_cov_urb,2019,7.583
fin,sex_t,age_aggregate_y25_54,geo_cov_urb,2020,8.671
fin,sex_t,age_aggregate_y25_54,geo_cov_urb,2021,9.217
fin,sex_t,age_aggregate_y25_54,geo_cov_urb,2022,8.467
fin,sex_t,age_aggregate_y25_54,geo_cov_urb,2023,8.807
fin,sex_t,age_aggregate_y25_54,geo_cov_urb,2024,10.436
fin,sex_t,age_aggregate_y25_54,geo_cov_x,1998,18.266
fin,sex_t,age_aggregate_y25_54,geo_cov_x,1999,8.248
fin,sex_t,age_aggregate_y25_54,geo_cov_x,2000,7.666
fin,sex_t,age_aggregate_y25_54,geo_cov_x,2001,6.301
fin,sex_t,age_aggregate_y55_64,geo_cov_nat,1998,23.926
fin,sex_t,age_aggregate_y55_64,geo_cov_nat,1999,18.246
fin,sex_t,age_aggregate_y55_64,geo_cov_nat,2000,16.891
fin,sex_t,age_aggregate_y55_64,geo_cov_nat,2001,14.651
fin,sex_t,age_aggregate_y55_64,geo_cov_nat,2002,13.01
fin,sex_t,age_aggregate_y55_64,geo_cov_nat,2003,12.635
fin,sex_t,age_aggregate_y55_64,geo_cov_nat,2004,12.821
fin,sex_t,age_aggregate_y55_64,geo_cov_nat,2005,10.979
fin,sex_t,age_aggregate_y55_64,geo_cov_nat,2006,10.918
fin,sex_t,age_aggregate_y55_64,geo_cov_nat,2007,10.032
fin,sex_t,age_aggregate_y55_64,geo_cov_nat,2008,9.511
fin,sex_t,age_aggregate_y55_64,geo_cov_nat,2009,9.907
fin,sex_t,age_aggregate_y55_64,geo_cov_nat,2010,11.267
fin,sex_t,age_aggregate_y55_64,geo_cov_nat,2011,11.36
fin,sex_t,age_aggregate_y55_64,geo_cov_nat,2012,11.582
fin,sex_t,age_aggregate_y55_64,geo_cov_nat,2013,11.918
fin,sex_t,age_aggregate_y55_64,geo_cov_nat,2014,14.484
fin,sex_t,age_aggregate_y55_64,geo_cov_nat,2015,13.312
fin,sex_t,age_aggregate_y55_64,geo_cov_nat,2016,13.194
fin,sex_t,age_aggregate_y55_64,geo_cov_nat,2017,13.689
fin,sex_t,age_aggregate_y55_64,geo_cov_nat,2018,11.181
fin,sex_t,age_aggregate_y55_64,geo_cov_nat,2019,10.374
fin,sex_t,age_aggregate_y55_64,geo_cov_nat,2020,12.614
fin,sex_t,age_aggregate_y55_64,geo_cov_nat,2021,10.172
fin,sex_t,age_aggregate_y55_64,geo_cov_nat,2022,9.977
fin,sex_t,age_aggregate_y55_64,geo_cov_nat,2023,10.524
fin,sex_t,age_aggregate_y55_64,geo_cov_nat,2024,10.199
fin,sex_t,age_aggregate_y55_64,geo_cov_rur,1998,23.889
fin,sex_t,age_aggregate_y55_64,geo_cov_rur,1999,20.197
fin,sex_t,age_aggregate_y55_64,geo_cov_rur,2000,17.711
fin,sex_t,age_aggregate_y55_64,geo_cov_rur,2001,15.864
fin,sex_t,age_aggregate_y55_64,geo_cov_rur,2002,13.679
fin,sex_t,age_aggregate_y55_64,geo_cov_rur,2003,13.506
fin,sex_t,age_aggregate_y55_64,geo_cov_rur,2004,13.865
fin,sex_t,age_aggregate_y55_64,geo_cov_rur,2005,11.675
fin,sex_t,age_aggregate_y55_64,geo_cov_rur,2006,10.818
fin,sex_t,age_aggregate_y55_64,geo_cov_rur,2007,9.699
fin,sex_t,age_aggregate_y55_64,geo_cov_rur,2008,9.997
fin,sex_t,age_aggregate_y55_64,geo_cov_rur,2009,10.517
fin,sex_t,age_aggregate_y55_64,geo_cov_rur,2010,11.287
fin,sex_t,age_aggregate_y55_64,geo_cov_rur,2011,12.358
fin,sex_t,age_aggregate_y55_64,geo_cov_rur,2012,10.413
fin,sex_t,age_aggregate_y55_64,geo_cov_rur,2013,11.635
fin,sex_t,age_aggregate_y55_64,geo_cov_rur,2014,13.785
fin,sex_t,age_aggregate_y55_64,geo_cov_rur,2015,13.034
fin,sex_t,age_aggregate_y55_64,geo_cov_rur,2016,11.041
fin,sex_t,age_aggregate_y55_64,geo_cov_rur,2017,13.411
fin,sex_t,age_aggregate_y55_64,geo_cov_rur,2018,10.777
fin,sex_t,age_aggregate_y55_64,geo_cov_rur,2019,9.166
fin,sex_t,age_aggregate_y55_64,geo_cov_rur,2020,12.451
fin,sex_t,age_aggregate_y55_64,geo_cov_rur,2021,9.83
fin,sex_t,age_aggregate_y55_64,geo_cov_rur,2022,9.419
fin,sex_t,age_aggregate_y55_64,geo_cov_rur,2023,8.348
fin,sex_t,age_aggregate_y55_64,geo_cov_rur,2024,8.693
fin,sex_t,age_aggregate_y55_64,geo_cov_urb,1998,24.677
fin,sex_t,age_aggregate_y55_64,geo_cov_urb,1999,15.887
fin,sex_t,age_aggregate_y55_64,geo_cov_urb,2000,16.151
fin,sex_t,age_aggregate_y55_64,geo_cov_urb,2001,13.016
fin,sex_t,age_aggregate_y55_64,geo_cov_urb,2002,12.173
fin,sex_t,age_aggregate_y55_64,geo_cov_urb,2003,11.577
fin,sex_t,age_aggregate_y55_64,geo_cov_urb,2004,11.529
fin,sex_t,age_aggregate_y55_64,geo_cov_urb,2005,10.144
fin,sex_t,age_aggregate_y55_64,geo_cov_urb,2006,11.05
fin,sex_t,age_aggregate_y55_64,geo_cov_urb,2007,10.47
fin,sex_t,age_aggregate_y55_64,geo_cov_urb,2008,8.874
fin,sex_t,age_aggregate_y55_64,geo_cov_urb,2009,8.96
fin,sex_t,age_aggregate_y55_64,geo_cov_urb,2010,11.234
fin,sex_t,age_aggregate_y55_64,geo_cov_urb,2011,9.625
fin,sex_t,age_aggregate_y55_64,geo_cov_urb,2012,12.241
fin,sex_t,age_aggregate_y55_64,geo_cov_urb,2013,12.068
fin,sex_t,age_aggregate_y55_64,geo_cov_urb,2014,14.877
fin,sex_t,age_aggregate_y55_64,geo_cov_urb,2015,13.46
fin,sex_t,age_aggregate_y55_64,geo_cov_urb,2016,14.243
fin,sex_t,age_aggregate_y55_64,geo_cov_urb,2017,13.828
fin,sex_t,age_aggregate_y55_64,geo_cov_urb,2018,11.387
fin,sex_t,age_aggregate_y55_64,geo_cov_urb,2019,10.985
fin,sex_t,age_aggregate_y55_64,geo_cov_urb,2020,12.686
fin,sex_t,age_aggregate_y55_64,geo_cov_urb,2021,10.328
fin,sex_t,age_aggregate_y55_64,geo_cov_urb,2022,10.242
fin,sex_t,age_aggregate_y55_64,geo_cov_urb,2023,11.52
fin,sex_t,age_aggregate_y55_64,geo_cov_urb,2024,10.885
fin,sex_t,age_aggregate_y55_64,geo_cov_x,2001,12.816
fin,sex_t,age_aggregate_yge65,geo_cov_nat,1998,22.171
fin,sex_t,age_aggregate_yge65,geo_cov_nat,1999,9.949
fin,sex_t,age_aggregate_yge65,geo_cov_nat,2000,13.722
fin,sex_t,age_aggregate_yge65,geo_cov_nat,2001,15.343
fin,sex_t,age_aggregate_yge65,geo_cov_nat,2002,14.037
fin,sex_t,age_aggregate_yge65,geo_cov_nat,2003,17.272
fin,sex_t,age_aggregate_yge65,geo_cov_nat,2004,12.778
fin,sex_t,age_aggregate_yge65,geo_cov_nat,2005,13.555
fin,sex_t,age_aggregate_yge65,geo_cov_nat,2006,16.472
fin,sex_t,age_aggregate_yge65,geo_cov_nat,2007,17.758
fin,sex_t,age_aggregate_yge65,geo_cov_nat,2008,18.141
fin,sex_t,age_aggregate_yge65,geo_cov_nat,2009,18.463
fin,sex_t,age_aggregate_yge65,geo_cov_nat,2010,18.94
fin,sex_t,age_aggregate_yge65,geo_cov_nat,2011,20.386
fin,sex_t,age_aggregate_yge65,geo_cov_nat,2012,25.203
fin,sex_t,age_aggregate_yge65,geo_cov_nat,2013,24.87
fin,sex_t,age_aggregate_yge65,geo_cov_nat,2014,24.804
fin,sex_t,age_aggregate_yge65,geo_cov_nat,2015,28.477
fin,sex_t,age_aggregate_yge65,geo_cov_nat,2016,28.142
fin,sex_t,age_aggregate_yge65,geo_cov_nat,2017,30.559
fin,sex_t,age_aggregate_yge65,geo_cov_nat,2018,27.296
fin,sex_t,age_aggregate_yge65,geo_cov_nat,2019,28.305
fin,sex_t,age_aggregate_yge65,geo_cov_nat,2020,30.323
fin,sex_t,age_aggregate_yge65,geo_cov_nat,2021,15.979
fin,sex_t,age_aggregate_yge65,geo_cov_nat,2022,11.947
fin,sex_t,age_aggregate_yge65,geo_cov_nat,2023,15.237
fin,sex_t,age_aggregate_yge65,geo_cov_nat,2024,16.812
fin,sex_t,age_aggregate_yge65,geo_cov_rur,1998,15.525
fin,sex_t,age_aggregate_yge65,geo_cov_rur,1999,5.48
fin,sex_t,age_aggregate_yge65,geo_cov_rur,2000,6.48
fin,sex_t,age_aggregate_yge65,geo_cov_rur,2001,13.564
fin,sex_t,age_aggregate_yge65,geo_cov_rur,2002,10.608
fin,sex_t,age_aggregate_yge65,geo_cov_rur,2003,15.848
fin,sex_t,age_aggregate_yge65,geo_cov_rur,2004,7.923
fin,sex_t,age_aggregate_yge65,geo_cov_rur,2005,11.237
fin,sex_t,age_aggregate_yge65,geo_cov_rur,2006,15.562
fin,sex_t,age_aggregate_yge65,geo_cov_rur,2007,17.2
fin,sex_t,age_aggregate_yge65,geo_cov_rur,2008,15.305
fin,sex_t,age_aggregate_yge65,geo_cov_rur,2009,17.98
fin,sex_t,age_aggregate_yge65,geo_cov_rur,2010,15.033
fin,sex_t,age_aggregate_yge65,geo_cov_rur,2011,17.099
fin,sex_t,age_aggregate_yge65,geo_cov_rur,2012,16.143
fin,sex_t,age_aggregate_yge65,geo_cov_rur,2013,17.527
fin,sex_t,age_aggregate_yge65,geo_cov_rur,2014,27.725
fin,sex_t,age_aggregate_yge65,geo_cov_rur,2015,25.348
fin,sex_t,age_aggregate_yge65,geo_cov_rur,2016,24.77
fin,sex_t,age_aggregate_yge65,geo_cov_rur,2017,24.6
fin,sex_t,age_aggregate_yge65,geo_cov_rur,2018,22.193
fin,sex_t,age_aggregate_yge65,geo_cov_rur,2019,24.243
fin,sex_t,age_aggregate_yge65,geo_cov_rur,2020,25.384
fin,sex_t,age_aggregate_yge65,geo_cov_rur,2021,15.078
fin,sex_t,age_aggregate_yge65,geo_cov_rur,2022,11.523
fin,sex_t,age_aggregate_yge65,geo_cov_rur,2023,13.041
fin,sex_t,age_aggregate_yge65,geo_cov_rur,2024,10.472
fin,sex_t,age_aggregate_yge65,geo_cov_urb,1998,37.442
fin,sex_t,age_aggregate_yge65,geo_cov_urb,1999,21.811
fin,sex_t,age_aggregate_yge65,geo_cov_urb,2000,28.744
fin,sex_t,age_aggregate_yge65,geo_cov_urb,2001,20.755
fin,sex_t,age_aggregate_yge65,geo_cov_urb,2002,23.228
fin,sex_t,age_aggregate_yge65,geo_cov_urb,2003,19.799
fin,sex_t,age_aggregate_yge65,geo_cov_urb,2004,21.56
fin,sex_t,age_aggregate_yge65,geo_cov_urb,2005,16.303
fin,sex_t,age_aggregate_yge65,geo_cov_urb,2006,18.139
fin,sex_t,age_aggregate_yge65,geo_cov_urb,2007,18.718
fin,sex_t,age_aggregate_yge65,geo_cov_urb,2008,23.233
fin,sex_t,age_aggregate_yge65,geo_cov_urb,2009,19.34
fin,sex_t,age_aggregate_yge65,geo_cov_urb,2010,28.151
fin,sex_t,age_aggregate_yge65,geo_cov_urb,2011,25.659
fin,sex_t,age_aggregate_yge65,geo_cov_urb,2012,30.884
fin,sex_t,age_aggregate_yge65,geo_cov_urb,2013,28.541
fin,sex_t,age_aggregate_yge65,geo_cov_urb,2014,23.271
fin,sex_t,age_aggregate_yge65,geo_cov_urb,2015,29.901
fin,sex_t,age_aggregate_yge65,geo_cov_urb,2016,30.234
fin,sex_t,age_aggregate_yge65,geo_cov_urb,2017,34.146
fin,sex_t,age_aggregate_yge65,geo_cov_urb,2018,30.452
fin,sex_t,age_aggregate_yge65,geo_cov_urb,2019,30.677
fin,sex_t,age_aggregate_yge65,geo_cov_urb,2020,32.953
fin,sex_t,age_aggregate_yge65,geo_cov_urb,2021,16.567
fin,sex_t,age_aggregate_yge65,geo_cov_urb,2022,12.238
fin,sex_t,age_aggregate_yge65,geo_cov_urb,2023,16.745
fin,sex_t,age_aggregate_yge65,geo_cov_urb,2024,20.458
fin,sex_t,age_ythadult_y15_24,geo_cov_nat,1998,51.862
fin,sex_t,age_ythadult_y15_24,geo_cov_nat,1999,41.465
fin,sex_t,age_ythadult_y15_24,geo_cov_nat,2000,40.96
fin,sex_t,age_ythadult_y15_24,geo_cov_nat,2001,38.067
fin,sex_t,age_ythadult_y15_24,geo_cov_nat,2002,39.992
fin,sex_t,age_ythadult_y15_24,geo_cov_nat,2003,39.01
fin,sex_t,age_ythadult_y15_24,geo_cov_nat,2004,38.712
fin,sex_t,age_ythadult_y15_24,geo_cov_nat,2005,38.141
fin,sex_t,age_ythadult_y15_24,geo_cov_nat,2006,36.996
fin,sex_t,age_ythadult_y15_24,geo_cov_nat,2007,29.84
fin,sex_t,age_ythadult_y15_24,geo_cov_nat,2008,27.829
fin,sex_t,age_ythadult_y15_24,geo_cov_nat,2009,32.702
fin,sex_t,age_ythadult_y15_24,geo_cov_nat,2010,33.414
fin,sex_t,age_ythadult_y15_24,geo_cov_nat,2011,32.718
fin,sex_t,age_ythadult_y15_24,geo_cov_nat,2012,31.551
fin,sex_t,age_ythadult_y15_24,geo_cov_nat,2013,33.672
fin,sex_t,age_ythadult_y15_24,geo_cov_nat,2014,33.389
fin,sex_t,age_ythadult_y15_24,geo_cov_nat,2015,34.9
fin,sex_t,age_ythadult_y15_24,geo_cov_nat,2016,34.126
fin,sex_t,age_ythadult_y15_24,geo_cov_nat,2017,32.432
fin,sex_t,age_ythadult_y15_24,geo_cov_nat,2018,31.463
fin,sex_t,age_ythadult_y15_24,geo_cov_nat,2019,28.817
fin,sex_t,age_ythadult_y15_24,geo_cov_nat,2020,34.207
fin,sex_t,age_ythadult_y15_24,geo_cov_nat,2021,28.391
fin,sex_t,age_ythadult_y15_24,geo_cov_nat,2022,27.484
fin,sex_t,age_ythadult_y15_24,geo_cov_nat,2023,27.37
fin,sex_t,age_ythadult_y15_24,geo_cov_nat,2024,31.727
fin,sex_t,age_ythadult_y15_24,geo_cov_rur,1998,57.358
fin,sex_t,age_ythadult_y15_24,geo_cov_rur,1999,46.077
fin,sex_t,age_ythadult_y15_24,geo_cov_rur,2000,45.283
fin,sex_t,age_ythadult_y15_24,geo_cov_rur,2001,42.548
fin,sex_t,age_ythadult_y15_24,geo_cov_rur,2002,43.289
fin,sex_t,age_ythadult_y15_24,geo_cov_rur,2003,41.783
fin,sex_t,age_ythadult_y15_24,geo_cov_rur,2004,41.12
fin,sex_t,age_ythadult_y15_24,geo_cov_rur,2005,40.938
fin,sex_t,age_ythadult_y15_24,geo_cov_rur,2006,39.002
fin,sex_t,age_ythadult_y15_24,geo_cov_rur,2007,31.394
fin,sex_t,age_ythadult_y15_24,geo_cov_rur,2008,29.545
fin,sex_t,age_ythadult_y15_24,geo_cov_rur,2009,36.987
fin,sex_t,age_ythadult_y15_24,geo_cov_rur,2010,36.87
fin,sex_t,age_ythadult_y15_24,geo_cov_rur,2011,35.756
fin,sex_t,age_ythadult_y15_24,geo_cov_rur,2012,31.453
fin,sex_t,age_ythadult_y15_24,geo_cov_rur,2013,35.406
fin,sex_t,age_ythadult_y15_24,geo_cov_rur,2014,36
fin,sex_t,age_ythadult_y15_24,geo_cov_rur,2015,39.948
fin,sex_t,age_ythadult_y15_24,geo_cov_rur,2016,34.25
fin,sex_t,age_ythadult_y15_24,geo_cov_rur,2017,29.972
fin,sex_t,age_ythadult_y15_24,geo_cov_rur,2018,31.543
fin,sex_t,age_ythadult_y15_24,geo_cov_rur,2019,27.643
fin,sex_t,age_ythadult_y15_24,geo_cov_rur,2020,30.912
fin,sex_t,age_ythadult_y15_24,geo_cov_rur,2021,26.86
fin,sex_t,age_ythadult_y15_24,geo_cov_rur,2022,24.969
fin,sex_t,age_ythadult_y15_24,geo_cov_rur,2023,25.162
fin,sex_t,age_ythadult_y15_24,geo_cov_rur,2024,29.942
fin,sex_t,age_ythadult_y15_24,geo_cov_urb,1998,44.815
fin,sex_t,age_ythadult_y15_24,geo_cov_urb,1999,35.947
fin,sex_t,age_ythadult_y15_24,geo_cov_urb,2000,35.882
fin,sex_t,age_ythadult_y15_24,geo_cov_urb,2001,32.98
fin,sex_t,age_ythadult_y15_24,geo_cov_urb,2002,36.582
fin,sex_t,age_ythadult_y15_24,geo_cov_urb,2003,36.044
fin,sex_t,age_ythadult_y15_24,geo_cov_urb,2004,36.148
fin,sex_t,age_ythadult_y15_24,geo_cov_urb,2005,35.24
fin,sex_t,age_ythadult_y15_24,geo_cov_urb,2006,34.774
fin,sex_t,age_ythadult_y15_24,geo_cov_urb,2007,28.211
fin,sex_t,age_ythadult_y15_24,geo_cov_urb,2008,25.996
fin,sex_t,age_ythadult_y15_24,geo_cov_urb,2009,27.576
fin,sex_t,age_ythadult_y15_24,geo_cov_urb,2010,29.24
fin,sex_t,age_ythadult_y15_24,geo_cov_urb,2011,29.047
fin,sex_t,age_ythadult_y15_24,geo_cov_urb,2012,31.586
fin,sex_t,age_ythadult_y15_24,geo_cov_urb,2013,33.149
fin,sex_t,age_ythadult_y15_24,geo_cov_urb,2014,32.48
fin,sex_t,age_ythadult_y15_24,geo_cov_urb,2015,33.097
fin,sex_t,age_ythadult_y15_24,geo_cov_urb,2016,34.084
fin,sex_t,age_ythadult_y15_24,geo_cov_urb,2017,33.234
fin,sex_t,age_ythadult_y15_24,geo_cov_urb,2018,31.439
fin,sex_t,age_ythadult_y15_24,geo_cov_urb,2019,29.19
fin,sex_t,age_ythadult_y15_24,geo_cov_urb,2020,35.175
fin,sex_t,age_ythadult_y15_24,geo_cov_urb,2021,28.811
fin,sex_t,age_ythadult_y15_24,geo_cov_urb,2022,28.204
fin,sex_t,age_ythadult_y15_24,geo_cov_urb,2023,27.968
fin,sex_t,age_ythadult_y15_24,geo_cov_urb,2024,32.19
fin,sex_t,age_ythadult_y15_24,geo_cov_x,1998,64.124
fin,sex_t,age_ythadult_y15_24,geo_cov_x,1999,25.596
fin,sex_t,age_ythadult_y15_24,geo_cov_x,2000,27.466
fin,sex_t,age_ythadult_y15_24,geo_cov_x,2001,29.623
fin,sex_t,age_ythadult_y15_64,geo_cov_nat,1998,20.477
fin,sex_t,age_ythadult_y15_64,geo_cov_nat,1999,17.27
fin,sex_t,age_ythadult_y15_64,geo_cov_nat,2000,16.375
fin,sex_t,age_ythadult_y15_64,geo_cov_nat,2001,14.859
fin,sex_t,age_ythadult_y15_64,geo_cov_nat,2002,15.067
fin,sex_t,age_ythadult_y15_64,geo_cov_nat,2003,14.806
fin,sex_t,age_ythadult_y15_64,geo_cov_nat,2004,14.719
fin,sex_t,age_ythadult_y15_64,geo_cov_nat,2005,14.007
fin,sex_t,age_ythadult_y15_64,geo_cov_nat,2006,13.23
fin,sex_t,age_ythadult_y15_64,geo_cov_nat,2007,10.94
fin,sex_t,age_ythadult_y15_64,geo_cov_nat,2008,9.948
fin,sex_t,age_ythadult_y15_64,geo_cov_nat,2009,11.911
fin,sex_t,age_ythadult_y15_64,geo_cov_nat,2010,12.637
fin,sex_t,age_ythadult_y15_64,geo_cov_nat,2011,12.226
fin,sex_t,age_ythadult_y15_64,geo_cov_nat,2012,12.107
fin,sex_t,age_ythadult_y15_64,geo_cov_nat,2013,12.896
fin,sex_t,age_ythadult_y15_64,geo_cov_nat,2014,14.011
fin,sex_t,age_ythadult_y15_64,geo_cov_nat,2015,14.429
fin,sex_t,age_ythadult_y15_64,geo_cov_nat,2016,14.255
fin,sex_t,age_ythadult_y15_64,geo_cov_nat,2017,13.834
fin,sex_t,age_ythadult_y15_64,geo_cov_nat,2018,12.296
fin,sex_t,age_ythadult_y15_64,geo_cov_nat,2019,10.724
fin,sex_t,age_ythadult_y15_64,geo_cov_nat,2020,12.484
fin,sex_t,age_ythadult_y15_64,geo_cov_nat,2021,11.263
fin,sex_t,age_ythadult_y15_64,geo_cov_nat,2022,10.868
fin,sex_t,age_ythadult_y15_64,geo_cov_nat,2023,11.239
fin,sex_t,age_ythadult_y15_64,geo_cov_nat,2024,12.676
fin,sex_t,age_ythadult_y15_64,geo_cov_rur,1998,21.369
fin,sex_t,age_ythadult_y15_64,geo_cov_rur,1999,18.888
fin,sex_t,age_ythadult_y15_64,geo_cov_rur,2000,17.576
fin,sex_t,age_ythadult_y15_64,geo_cov_rur,2001,16.27
fin,sex_t,age_ythadult_y15_64,geo_cov_rur,2002,16.174
fin,sex_t,age_ythadult_y15_64,geo_cov_rur,2003,15.496
fin,sex_t,age_ythadult_y15_64,geo_cov_rur,2004,15.376
fin,sex_t,age_ythadult_y15_64,geo_cov_rur,2005,14.471
fin,sex_t,age_ythadult_y15_64,geo_cov_rur,2006,13.565
fin,sex_t,age_ythadult_y15_64,geo_cov_rur,2007,11.537
fin,sex_t,age_ythadult_y15_64,geo_cov_rur,2008,10.432
fin,sex_t,age_ythadult_y15_64,geo_cov_rur,2009,12.976
fin,sex_t,age_ythadult_y15_64,geo_cov_rur,2010,13.526
fin,sex_t,age_ythadult_y15_64,geo_cov_rur,2011,12.841
fin,sex_t,age_ythadult_y15_64,geo_cov_rur,2012,10.858
fin,sex_t,age_ythadult_y15_64,geo_cov_rur,2013,12.614
fin,sex_t,age_ythadult_y15_64,geo_cov_rur,2014,13.126
fin,sex_t,age_ythadult_y15_64,geo_cov_rur,2015,13.913
fin,sex_t,age_ythadult_y15_64,geo_cov_rur,2016,13.505
fin,sex_t,age_ythadult_y15_64,geo_cov_rur,2017,12.495
fin,sex_t,age_ythadult_y15_64,geo_cov_rur,2018,10.969
fin,sex_t,age_ythadult_y15_64,geo_cov_rur,2019,9.412
fin,sex_t,age_ythadult_y15_64,geo_cov_rur,2020,10.9
fin,sex_t,age_ythadult_y15_64,geo_cov_rur,2021,8.824
fin,sex_t,age_ythadult_y15_64,geo_cov_rur,2022,8.956
fin,sex_t,age_ythadult_y15_64,geo_cov_rur,2023,9.053
fin,sex_t,age_ythadult_y15_64,geo_cov_rur,2024,9.882
fin,sex_t,age_ythadult_y15_64,geo_cov_urb,1998,19.062
fin,sex_t,age_ythadult_y15_64,geo_cov_urb,1999,15.31
fin,sex_t,age_ythadult_y15_64,geo_cov_urb,2000,14.978
fin,sex_t,age_ythadult_y15_64,geo_cov_urb,2001,13.186
fin,sex_t,age_ythadult_y15_64,geo_cov_urb,2002,13.789
fin,sex_t,age_ythadult_y15_64,geo_cov_urb,2003,14.015
fin,sex_t,age_ythadult_y15_64,geo_cov_urb,2004,13.96
fin,sex_t,age_ythadult_y15_64,geo_cov_urb,2005,13.479
fin,sex_t,age_ythadult_y15_64,geo_cov_urb,2006,12.83
fin,sex_t,age_ythadult_y15_64,geo_cov_urb,2007,10.246
fin,sex_t,age_ythadult_y15_64,geo_cov_urb,2008,9.385
fin,sex_t,age_ythadult_y15_64,geo_cov_urb,2009,10.457
fin,sex_t,age_ythadult_y15_64,geo_cov_urb,2010,11.433
fin,sex_t,age_ythadult_y15_64,geo_cov_urb,2011,11.381
fin,sex_t,age_ythadult_y15_64,geo_cov_urb,2012,12.652
fin,sex_t,age_ythadult_y15_64,geo_cov_urb,2013,13.01
fin,sex_t,age_ythadult_y15_64,geo_cov_urb,2014,14.385
fin,sex_t,age_ythadult_y15_64,geo_cov_urb,2015,14.642
fin,sex_t,age_ythadult_y15_64,geo_cov_urb,2016,14.55
fin,sex_t,age_ythadult_y15_64,geo_cov_urb,2017,14.357
fin,sex_t,age_ythadult_y15_64,geo_cov_urb,2018,12.785
fin,sex_t,age_ythadult_y15_64,geo_cov_urb,2019,11.223
fin,sex_t,age_ythadult_y15_64,geo_cov_urb,2020,13.027
fin,sex_t,age_ythadult_y15_64,geo_cov_urb,2021,12.083
fin,sex_t,age_ythadult_y15_64,geo_cov_urb,2022,11.51
fin,sex_t,age_ythadult_y15_64,geo_cov_urb,2023,11.952
fin,sex_t,age_ythadult_y15_64,geo_cov_urb,2024,13.58
fin,sex_t,age_ythadult_y15_64,geo_cov_x,1998,23.772
fin,sex_t,age_ythadult_y15_64,geo_cov_x,1999,10.74
fin,sex_t,age_ythadult_y15_64,geo_cov_x,2000,10.836
fin,sex_t,age_ythadult_y15_64,geo_cov_x,2001,10.116
fin,sex_t,age_ythadult_yge15,geo_cov_nat,1998,20.489
fin,sex_t,age_ythadult_yge15,geo_cov_nat,1999,17.228
fin,sex_t,age_ythadult_yge15,geo_cov_nat,2000,16.356
fin,sex_t,age_ythadult_yge15,geo_cov_nat,2001,14.862
fin,sex_t,age_ythadult_yge15,geo_cov_nat,2002,15.059
fin,sex_t,age_ythadult_yge15,geo_cov_nat,2003,14.828
fin,sex_t,age_ythadult_yge15,geo_cov_nat,2004,14.706
fin,sex_t,age_ythadult_yge15,geo_cov_nat,2005,14.002
fin,sex_t,age_ythadult_yge15,geo_cov_nat,2006,13.265
fin,sex_t,age_ythadult_yge15,geo_cov_nat,2007,11.032
fin,sex_t,age_ythadult_yge15,geo_cov_nat,2008,10.072
fin,sex_t,age_ythadult_yge15,geo_cov_nat,2009,12.017
fin,sex_t,age_ythadult_yge15,geo_cov_nat,2010,12.743
fin,sex_t,age_ythadult_yge15,geo_cov_nat,2011,12.378
fin,sex_t,age_ythadult_yge15,geo_cov_nat,2012,12.429
fin,sex_t,age_ythadult_yge15,geo_cov_nat,2013,13.199
fin,sex_t,age_ythadult_yge15,geo_cov_nat,2014,14.3
fin,sex_t,age_ythadult_yge15,geo_cov_nat,2015,14.875
fin,sex_t,age_ythadult_yge15,geo_cov_nat,2016,14.729
fin,sex_t,age_ythadult_yge15,geo_cov_nat,2017,14.387
fin,sex_t,age_ythadult_yge15,geo_cov_nat,2018,12.812
fin,sex_t,age_ythadult_yge15,geo_cov_nat,2019,11.357
fin,sex_t,age_ythadult_yge15,geo_cov_nat,2020,13.126
fin,sex_t,age_ythadult_yge15,geo_cov_nat,2021,11.464
fin,sex_t,age_ythadult_yge15,geo_cov_nat,2022,10.915
fin,sex_t,age_ythadult_yge15,geo_cov_nat,2023,11.422
fin,sex_t,age_ythadult_yge15,geo_cov_nat,2024,12.869
fin,sex_t,age_ythadult_yge15,geo_cov_rur,1998,21.317
fin,sex_t,age_ythadult_yge15,geo_cov_rur,1999,18.79
fin,sex_t,age_ythadult_yge15,geo_cov_rur,2000,17.482
fin,sex_t,age_ythadult_yge15,geo_cov_rur,2001,16.245
fin,sex_t,age_ythadult_yge15,geo_cov_rur,2002,16.121
fin,sex_t,age_ythadult_yge15,geo_cov_rur,2003,15.5
fin,sex_t,age_ythadult_yge15,geo_cov_rur,2004,15.314
fin,sex_t,age_ythadult_yge15,geo_cov_rur,2005,14.437
fin,sex_t,age_ythadult_yge15,geo_cov_rur,2006,13.591
fin,sex_t,age_ythadult_yge15,geo_cov_rur,2007,11.627
fin,sex_t,age_ythadult_yge15,geo_cov_rur,2008,10.52
fin,sex_t,age_ythadult_yge15,geo_cov_rur,2009,13.066
fin,sex_t,age_ythadult_yge15,geo_cov_rur,2010,13.556
fin,sex_t,age_ythadult_yge15,geo_cov_rur,2011,12.925
fin,sex_t,age_ythadult_yge15,geo_cov_rur,2012,11.021
fin,sex_t,age_ythadult_yge15,geo_cov_rur,2013,12.758
fin,sex_t,age_ythadult_yge15,geo_cov_rur,2014,13.576
fin,sex_t,age_ythadult_yge15,geo_cov_rur,2015,14.3
fin,sex_t,age_ythadult_yge15,geo_cov_rur,2016,14.019
fin,sex_t,age_ythadult_yge15,geo_cov_rur,2017,13.025
fin,sex_t,age_ythadult_yge15,geo_cov_rur,2018,11.509
fin,sex_t,age_ythadult_yge15,geo_cov_rur,2019,10.118
fin,sex_t,age_ythadult_yge15,geo_cov_rur,2020,11.601
fin,sex_t,age_ythadult_yge15,geo_cov_rur,2021,9.231
fin,sex_t,age_ythadult_yge15,geo_cov_rur,2022,9.134
fin,sex_t,age_ythadult_yge15,geo_cov_rur,2023,9.346
fin,sex_t,age_ythadult_yge15,geo_cov_rur,2024,9.922
fin,sex_t,age_ythadult_yge15,geo_cov_urb,1998,19.163
fin,sex_t,age_ythadult_yge15,geo_cov_urb,1999,15.335
fin,sex_t,age_ythadult_yge15,geo_cov_urb,2000,15.056
fin,sex_t,age_ythadult_yge15,geo_cov_urb,2001,13.219
fin,sex_t,age_ythadult_yge15,geo_cov_urb,2002,13.828
fin,sex_t,age_ythadult_yge15,geo_cov_urb,2003,14.053
fin,sex_t,age_ythadult_yge15,geo_cov_urb,2004,13.999
fin,sex_t,age_ythadult_yge15,geo_cov_urb,2005,13.498
fin,sex_t,age_ythadult_yge15,geo_cov_urb,2006,12.875
fin,sex_t,age_ythadult_yge15,geo_cov_urb,2007,10.338
fin,sex_t,age_ythadult_yge15,geo_cov_urb,2008,9.549
fin,sex_t,age_ythadult_yge15,geo_cov_urb,2009,10.578
fin,sex_t,age_ythadult_yge15,geo_cov_urb,2010,11.631
fin,sex_t,age_ythadult_yge15,geo_cov_urb,2011,11.623
fin,sex_t,age_ythadult_yge15,geo_cov_urb,2012,13.048
fin,sex_t,age_ythadult_yge15,geo_cov_urb,2013,13.378
fin,sex_t,age_ythadult_yge15,geo_cov_urb,2014,14.607
fin,sex_t,age_ythadult_yge15,geo_cov_urb,2015,15.113
fin,sex_t,age_ythadult_yge15,geo_cov_urb,2016,15.012
fin,sex_t,age_ythadult_yge15,geo_cov_urb,2017,14.927
fin,sex_t,age_ythadult_yge15,geo_cov_urb,2018,13.302
fin,sex_t,age_ythadult_yge15,geo_cov_urb,2019,11.837
fin,sex_t,age_ythadult_yge15,geo_cov_urb,2020,13.658
fin,sex_t,age_ythadult_yge15,geo_cov_urb,2021,12.239
fin,sex_t,age_ythadult_yge15,geo_cov_urb,2022,11.536
fin,sex_t,age_ythadult_yge15,geo_cov_urb,2023,12.126
fin,sex_t,age_ythadult_yge15,geo_cov_urb,2024,13.852
fin,sex_t,age_ythadult_yge15,geo_cov_x,1998,23.772
fin,sex_t,age_ythadult_yge15,geo_cov_x,1999,10.74
fin,sex_t,age_ythadult_yge15,geo_cov_x,2000,10.816
fin,sex_t,age_ythadult_yge15,geo_cov_x,2001,10.094
fin,sex_t,age_ythadult_yge15,geo_cov_x,2004,21.102
fin,sex_t,age_ythadult_yge15,geo_cov_x,2005,18.199
fin,sex_t,age_ythadult_yge25,geo_cov_nat,1998,14.763
fin,sex_t,age_ythadult_yge25,geo_cov_nat,1999,12.117
fin,sex_t,age_ythadult_yge25,geo_cov_nat,2000,11.167
fin,sex_t,age_ythadult_yge25,geo_cov_nat,2001,10.162
fin,sex_t,age_ythadult_yge25,geo_cov_nat,2002,10.056
fin,sex_t,age_ythadult_yge25,geo_cov_nat,2003,10.113
fin,sex_t,age_ythadult_yge25,geo_cov_nat,2004,10.168
fin,sex_t,age_ythadult_yge25,geo_cov_nat,2005,9.42
fin,sex_t,age_ythadult_yge25,geo_cov_nat,2006,8.775
fin,sex_t,age_ythadult_yge25,geo_cov_nat,2007,7.847
fin,sex_t,age_ythadult_yge25,geo_cov_nat,2008,7.178
fin,sex_t,age_ythadult_yge25,geo_cov_nat,2009,8.798
fin,sex_t,age_ythadult_yge25,geo_cov_nat,2010,9.563
fin,sex_t,age_ythadult_yge25,geo_cov_nat,2011,9.178
fin,sex_t,age_ythadult_yge25,geo_cov_nat,2012,9.364
fin,sex_t,age_ythadult_yge25,geo_cov_nat,2013,9.836
fin,sex_t,age_ythadult_yge25,geo_cov_nat,2014,11.253
fin,sex_t,age_ythadult_yge25,geo_cov_nat,2015,11.734
fin,sex_t,age_ythadult_yge25,geo_cov_nat,2016,11.666
fin,sex_t,age_ythadult_yge25,geo_cov_nat,2017,11.613
fin,sex_t,age_ythadult_yge25,geo_cov_nat,2018,9.956
fin,sex_t,age_ythadult_yge25,geo_cov_nat,2019,8.774
fin,sex_t,age_ythadult_yge25,geo_cov_nat,2020,10.08
fin,sex_t,age_ythadult_yge25,geo_cov_nat,2021,9.063
fin,sex_t,age_ythadult_yge25,geo_cov_nat,2022,8.507
fin,sex_t,age_ythadult_yge25,geo_cov_nat,2023,9.117
fin,sex_t,age_ythadult_yge25,geo_cov_nat,2024,10.108
fin,sex_t,age_ythadult_yge25,geo_cov_rur,1998,15.255
fin,sex_t,age_ythadult_yge25,geo_cov_rur,1999,13.178
fin,sex_t,age_ythadult_yge25,geo_cov_rur,2000,11.78
fin,sex_t,age_ythadult_yge25,geo_cov_rur,2001,11.209
fin,sex_t,age_ythadult_yge25,geo_cov_rur,2002,11.014
fin,sex_t,age_ythadult_yge25,geo_cov_rur,2003,10.584
fin,sex_t,age_ythadult_yge25,geo_cov_rur,2004,10.722
fin,sex_t,age_ythadult_yge25,geo_cov_rur,2005,9.608
fin,sex_t,age_ythadult_yge25,geo_cov_rur,2006,8.983
fin,sex_t,age_ythadult_yge25,geo_cov_rur,2007,8.472
fin,sex_t,age_ythadult_yge25,geo_cov_rur,2008,7.571
fin,sex_t,age_ythadult_yge25,geo_cov_rur,2009,9.592
fin,sex_t,age_ythadult_yge25,geo_cov_rur,2010,10.186
fin,sex_t,age_ythadult_yge25,geo_cov_rur,2011,9.563
fin,sex_t,age_ythadult_yge25,geo_cov_rur,2012,8.266
fin,sex_t,age_ythadult_yge25,geo_cov_rur,2013,9.864
fin,sex_t,age_ythadult_yge25,geo_cov_rur,2014,10.542
fin,sex_t,age_ythadult_yge25,geo_cov_rur,2015,10.746
fin,sex_t,age_ythadult_yge25,geo_cov_rur,2016,11.218
fin,sex_t,age_ythadult_yge25,geo_cov_rur,2017,10.813
fin,sex_t,age_ythadult_yge25,geo_cov_rur,2018,9.002
fin,sex_t,age_ythadult_yge25,geo_cov_rur,2019,7.923
fin,sex_t,age_ythadult_yge25,geo_cov_rur,2020,9.193
fin,sex_t,age_ythadult_yge25,geo_cov_rur,2021,7.188
fin,sex_t,age_ythadult_yge25,geo_cov_rur,2022,7.188
fin,sex_t,age_ythadult_yge25,geo_cov_rur,2023,7.466
fin,sex_t,age_ythadult_yge25,geo_cov_rur,2024,7.568
fin,sex_t,age_ythadult_yge25,geo_cov_urb,1998,13.916
fin,sex_t,age_ythadult_yge25,geo_cov_urb,1999,10.8
fin,sex_t,age_ythadult_yge25,geo_cov_urb,2000,10.476
fin,sex_t,age_ythadult_yge25,geo_cov_urb,2001,8.86
fin,sex_t,age_ythadult_yge25,geo_cov_urb,2002,8.92
fin,sex_t,age_ythadult_yge25,geo_cov_urb,2003,9.562
fin,sex_t,age_ythadult_yge25,geo_cov_urb,2004,9.529
fin,sex_t,age_ythadult_yge25,geo_cov_urb,2005,9.177
fin,sex_t,age_ythadult_yge25,geo_cov_urb,2006,8.522
fin,sex_t,age_ythadult_yge25,geo_cov_urb,2007,7.104
fin,sex_t,age_ythadult_yge25,geo_cov_urb,2008,6.711
fin,sex_t,age_ythadult_yge25,geo_cov_urb,2009,7.686
fin,sex_t,age_ythadult_yge25,geo_cov_urb,2010,8.696
fin,sex_t,age_ythadult_yge25,geo_cov_urb,2011,8.636
fin,sex_t,age_ythadult_yge25,geo_cov_urb,2012,9.862
fin,sex_t,age_ythadult_yge25,geo_cov_urb,2013,9.824
fin,sex_t,age_ythadult_yge25,geo_cov_urb,2014,11.564
fin,sex_t,age_ythadult_yge25,geo_cov_urb,2015,12.153
fin,sex_t,age_ythadult_yge25,geo_cov_urb,2016,11.848
fin,sex_t,age_ythadult_yge25,geo_cov_urb,2017,11.939
fin,sex_t,age_ythadult_yge25,geo_cov_urb,2018,10.328
fin,sex_t,age_ythadult_yge25,geo_cov_urb,2019,9.112
fin,sex_t,age_ythadult_yge25,geo_cov_urb,2020,10.396
fin,sex_t,age_ythadult_yge25,geo_cov_urb,2021,9.734
fin,sex_t,age_ythadult_yge25,geo_cov_urb,2022,8.979
fin,sex_t,age_ythadult_yge25,geo_cov_urb,2023,9.694
fin,sex_t,age_ythadult_yge25,geo_cov_urb,2024,10.984
fin,sex_t,age_ythadult_yge25,geo_cov_x,1998,17.379
fin,sex_t,age_ythadult_yge25,geo_cov_x,1999,8.156
fin,sex_t,age_ythadult_yge25,geo_cov_x,2000,7.659
fin,sex_t,age_ythadult_yge25,geo_cov_x,2001,7.221
fin,sex_t,age_ythadult_yge25,geo_cov_x,2005,16.298
fji,sex_f,age_aggregate_total,geo_cov_nat,2005,6.102
fji,sex_f,age_aggregate_total,geo_cov_nat,2016,6.477
fji,sex_f,age_aggregate_total,geo_cov_rur,2005,5.435
fji,sex_f,age_aggregate_total,geo_cov_rur,2016,5.228
fji,sex_f,age_aggregate_total,geo_cov_urb,2005,6.636
fji,sex_f,age_aggregate_total,geo_cov_urb,2016,7.447
fji,sex_f,age_aggregate_y15_24,geo_cov_nat,2005,18.857
fji,sex_f,age_aggregate_y15_24,geo_cov_nat,2016,25.425
fji,sex_f,age_aggregate_y15_24,geo_cov_rur,2005,17.771
fji,sex_f,age_aggregate_y15_24,geo_cov_rur,2016,26.812
fji,sex_f,age_aggregate_y15_24,geo_cov_urb,2005,19.976
fji,sex_f,age_aggregate_y15_24,geo_cov_urb,2016,24.603
fji,sex_f,age_aggregate_y25_54,geo_cov_nat,2005,3.527
fji,sex_f,age_aggregate_y25_54,geo_cov_nat,2016,3.2
fji,sex_f,age_aggregate_y25_54,geo_cov_rur,2005,2.477
fji,sex_f,age_aggregate_y25_54,geo_cov_rur,2016,2.107
fji,sex_f,age_aggregate_y25_54,geo_cov_urb,2005,4.276
fji,sex_f,age_aggregate_y25_54,geo_cov_urb,2016,4.016
fji,sex_f,age_ythadult_y15_24,geo_cov_nat,2005,18.857
fji,sex_f,age_ythadult_y15_24,geo_cov_nat,2016,25.425
fji,sex_f,age_ythadult_y15_24,geo_cov_rur,2005,17.771
fji,sex_f,age_ythadult_y15_24,geo_cov_rur,2016,26.812
fji,sex_f,age_ythadult_y15_24,geo_cov_urb,2005,19.976
fji,sex_f,age_ythadult_y15_24,geo_cov_urb,2016,24.603
fji,sex_f,age_ythadult_y15_64,geo_cov_nat,2005,6.278
fji,sex_f,age_ythadult_y15_64,geo_cov_nat,2016,6.675
fji,sex_f,age_ythadult_y15_64,geo_cov_urb,2005,6.748
fji,sex_f,age_ythadult_y15_64,geo_cov_urb,2016,7.596
fji,sex_f,age_ythadult_yge15,geo_cov_nat,2005,6.102
fji,sex_f,age_ythadult_yge15,geo_cov_nat,2016,6.477
fji,sex_f,age_ythadult_yge15,geo_cov_rur,2005,5.435
fji,sex_f,age_ythadult_yge15,geo_cov_rur,2016,5.228
fji,sex_f,age_ythadult_yge15,geo_cov_urb,2005,6.636
fji,sex_f,age_ythadult_yge15,geo_cov_urb,2016,7.447
fji,sex_f,age_ythadult_yge25,geo_cov_nat,2005,3.149
fji,sex_f,age_ythadult_yge25,geo_cov_nat,2016,2.759
fji,sex_f,age_ythadult_yge25,geo_cov_rur,2005,2.06
fji,sex_f,age_ythadult_yge25,geo_cov_rur,2016,1.726
fji,sex_f,age_ythadult_yge25,geo_cov_urb,2005,3.969
fji,sex_f,age_ythadult_yge25,geo_cov_urb,2016,3.604
fji,sex_m,age_aggregate_total,geo_cov_nat,2005,4.134
fji,sex_m,age_aggregate_total,geo_cov_nat,2016,4.361
fji,sex_m,age_aggregate_total,geo_cov_rur,2005,2.184
fji,sex_m,age_aggregate_total,geo_cov_rur,2016,2.617
fji,sex_m,age_aggregate_total,geo_cov_urb,2005,6.218
fji,sex_m,age_aggregate_total,geo_cov_urb,2016,6.142
fji,sex_m,age_aggregate_y15_24,geo_cov_nat,2005,8.333
fji,sex_m,age_aggregate_y15_24,geo_cov_nat,2016,13.218
fji,sex_m,age_aggregate_y15_24,geo_cov_rur,2005,5.237
fji,sex_m,age_aggregate_y15_24,geo_cov_rur,2016,8.064
fji,sex_m,age_aggregate_y15_24,geo_cov_urb,2005,11.951
fji,sex_m,age_aggregate_y15_24,geo_cov_urb,2016,18.287
fji,sex_m,age_aggregate_y25_54,geo_cov_nat,2005,3.485
fji,sex_m,age_aggregate_y25_54,geo_cov_nat,2016,3.09
fji,sex_m,age_aggregate_y25_54,geo_cov_rur,2005,1.698
fji,sex_m,age_aggregate_y25_54,geo_cov_rur,2016,1.931
fji,sex_m,age_aggregate_y25_54,geo_cov_urb,2005,5.254
fji,sex_m,age_aggregate_y25_54,geo_cov_urb,2016,4.188
fji,sex_m,age_aggregate_y55_64,geo_cov_nat,2005,1.877
fji,sex_m,age_aggregate_y55_64,geo_cov_urb,2005,3.763
fji,sex_m,age_ythadult_y15_24,geo_cov_nat,2005,8.333
fji,sex_m,age_ythadult_y15_24,geo_cov_nat,2016,13.218
fji,sex_m,age_ythadult_y15_24,geo_cov_rur,2005,5.237
fji,sex_m,age_ythadult_y15_24,geo_cov_rur,2016,8.064
fji,sex_m,age_ythadult_y15_24,geo_cov_urb,2005,11.951
fji,sex_m,age_ythadult_y15_24,geo_cov_urb,2016,18.287
fji,sex_m,age_ythadult_y15_64,geo_cov_nat,2005,4.263
fji,sex_m,age_ythadult_y15_64,geo_cov_nat,2016,4.52
fji,sex_m,age_ythadult_y15_64,geo_cov_urb,2005,6.341
fji,sex_m,age_ythadult_y15_64,geo_cov_urb,2016,6.301
fji,sex_m,age_ythadult_yge15,geo_cov_nat,2005,4.134
fji,sex_m,age_ythadult_yge15,geo_cov_nat,2016,4.361
fji,sex_m,age_ythadult_yge15,geo_cov_rur,2005,2.184
fji,sex_m,age_ythadult_yge15,geo_cov_rur,2016,2.617
fji,sex_m,age_ythadult_yge15,geo_cov_urb,2005,6.218
fji,sex_m,age_ythadult_yge15,geo_cov_urb,2016,6.142
fji,sex_m,age_ythadult_yge25,geo_cov_nat,2005,3.192
fji,sex_m,age_ythadult_yge25,geo_cov_nat,2016,2.662
fji,sex_m,age_ythadult_yge25,geo_cov_rur,2005,1.464
fji,sex_m,age_ythadult_yge25,geo_cov_rur,2016,1.595
fji,sex_m,age_ythadult_yge25,geo_cov_urb,2005,5.005
fji,sex_m,age_ythadult_yge25,geo_cov_urb,2016,3.759
fji,sex_t,age_aggregate_total,geo_cov_nat,2005,4.731
fji,sex_t,age_aggregate_total,geo_cov_nat,2016,5.078
fji,sex_t,age_aggregate_total,geo_cov_rur,2005,3.069
fji,sex_t,age_aggregate_total,geo_cov_rur,2016,3.419
fji,sex_t,age_aggregate_total,geo_cov_urb,2005,6.358
fji,sex_t,age_aggregate_total,geo_cov_urb,2016,6.623
fji,sex_t,age_aggregate_y15_24,geo_cov_nat,2005,11.583
fji,sex_t,age_aggregate_y15_24,geo_cov_nat,2016,17.405
fji,sex_t,age_aggregate_y15_24,geo_cov_rur,2005,8.949
fji,sex_t,age_aggregate_y15_24,geo_cov_rur,2016,13.342
fji,sex_t,age_aggregate_y15_24,geo_cov_urb,2005,14.544
fji,sex_t,age_aggregate_y15_24,geo_cov_urb,2016,20.775
fji,sex_t,age_aggregate_y25_54,geo_cov_nat,2005,3.498
fji,sex_t,age_aggregate_y25_54,geo_cov_nat,2016,3.128
fji,sex_t,age_aggregate_y25_54,geo_cov_rur,2005,1.906
fji,sex_t,age_aggregate_y25_54,geo_cov_rur,2016,1.986
fji,sex_t,age_aggregate_y25_54,geo_cov_urb,2005,4.925
fji,sex_t,age_aggregate_y25_54,geo_cov_urb,2016,4.124
fji,sex_t,age_aggregate_y55_64,geo_cov_nat,2005,1.643
fji,sex_t,age_aggregate_y55_64,geo_cov_urb,2005,3.158
fji,sex_t,age_ythadult_y15_24,geo_cov_nat,2005,11.583
fji,sex_t,age_ythadult_y15_24,geo_cov_nat,2016,17.405
fji,sex_t,age_ythadult_y15_24,geo_cov_rur,2005,8.949
fji,sex_t,age_ythadult_y15_24,geo_cov_rur,2016,13.342
fji,sex_t,age_ythadult_y15_24,geo_cov_urb,2005,14.544
fji,sex_t,age_ythadult_y15_24,geo_cov_urb,2016,20.775
fji,sex_t,age_ythadult_y15_64,geo_cov_nat,2005,4.877
fji,sex_t,age_ythadult_y15_64,geo_cov_nat,2016,5.254
fji,sex_t,age_ythadult_y15_64,geo_cov_urb,2005,6.478
fji,sex_t,age_ythadult_y15_64,geo_cov_urb,2016,6.779
fji,sex_t,age_ythadult_yge15,geo_cov_nat,2005,4.731
fji,sex_t,age_ythadult_yge15,geo_cov_nat,2016,5.078
fji,sex_t,age_ythadult_yge15,geo_cov_rur,2005,3.069
fji,sex_t,age_ythadult_yge15,geo_cov_rur,2016,3.419
fji,sex_t,age_ythadult_yge15,geo_cov_urb,2005,6.358
fji,sex_t,age_ythadult_yge15,geo_cov_urb,2016,6.623
fji,sex_t,age_ythadult_yge25,geo_cov_nat,2005,3.179
fji,sex_t,age_ythadult_yge25,geo_cov_nat,2016,2.695
fji,sex_t,age_ythadult_yge25,geo_cov_rur,2005,1.623
fji,sex_t,age_ythadult_yge25,geo_cov_rur,2016,1.636
fji,sex_t,age_ythadult_yge25,geo_cov_urb,2005,4.657
fji,sex_t,age_ythadult_yge25,geo_cov_urb,2016,3.703
fra,sex_f,age_aggregate_total,geo_cov_nat,1998,15.87
fra,sex_f,age_aggregate_total,geo_cov_nat,1999,15.57
fra,sex_f,age_aggregate_total,geo_cov_nat,2000,14.096
fra,sex_f,age_aggregate_total,geo_cov_nat,2001,12.323
fra,sex_f,age_aggregate_total,geo_cov_nat,2002,11.667
fra,sex_f,age_aggregate_total,geo_cov_nat,2003,11.873
fra,sex_f,age_aggregate_total,geo_cov_nat,2004,12.773
fra,sex_f,age_aggregate_total,geo_cov_nat,2005,12.336
fra,sex_f,age_aggregate_total,geo_cov_nat,2006,12.214
fra,sex_f,age_aggregate_total,geo_cov_nat,2007,11.07
fra,sex_f,age_aggregate_total,geo_cov_nat,2008,10.262
fra,sex_f,age_aggregate_total,geo_cov_nat,2009,11.782
fra,sex_f,age_aggregate_total,geo_cov_nat,2010,12.021
fra,sex_f,age_aggregate_total,geo_cov_nat,2011,12.2
fra,sex_f,age_aggregate_total,geo_cov_nat,2012,12.394
fra,sex_f,age_aggregate_total,geo_cov_nat,2013,11.71
fra,sex_f,age_aggregate_total,geo_cov_nat,2014,13.313
fra,sex_f,age_aggregate_total,geo_cov_nat,2015,13.144
fra,sex_f,age_aggregate_total,geo_cov_nat,2016,13.145
fra,sex_f,age_aggregate_total,geo_cov_nat,2017,12.684
fra,sex_f,age_aggregate_total,geo_cov_nat,2018,12.35
fra,sex_f,age_aggregate_total,geo_cov_nat,2019,11.522
fra,sex_f,age_aggregate_total,geo_cov_nat,2020,11.756
fra,sex_f,age_aggregate_total,geo_cov_nat,2021,11.757
fra,sex_f,age_aggregate_total,geo_cov_nat,2022,10.731
fra,sex_f,age_aggregate_total,geo_cov_nat,2023,10.748
fra,sex_f,age_aggregate_total,geo_cov_nat,2024,10.989
fra,sex_f,age_aggregate_total,geo_cov_rur,1998,15.533
fra,sex_f,age_aggregate_total,geo_cov_rur,1999,15.257
fra,sex_f,age_aggregate_total,geo_cov_rur,2000,13.598
fra,sex_f,age_aggregate_total,geo_cov_rur,2001,11.559
fra,sex_f,age_aggregate_total,geo_cov_rur,2002,11.158
fra,sex_f,age_aggregate_total,geo_cov_rur,2003,10.7
fra,sex_f,age_aggregate_total,geo_cov_rur,2004,11.803
fra,sex_f,age_aggregate_total,geo_cov_rur,2005,12.158
fra,sex_f,age_aggregate_total,geo_cov_rur,2006,12.209
fra,sex_f,age_aggregate_total,geo_cov_rur,2007,11.367
fra,sex_f,age_aggregate_total,geo_cov_rur,2008,11.508
fra,sex_f,age_aggregate_total,geo_cov_rur,2009,12.949
fra,sex_f,age_aggregate_total,geo_cov_rur,2010,11.892
fra,sex_f,age_aggregate_total,geo_cov_rur,2011,11.631
fra,sex_f,age_aggregate_total,geo_cov_rur,2012,12.23
fra,sex_f,age_aggregate_total,geo_cov_rur,2013,12.466
fra,sex_f,age_aggregate_total,geo_cov_rur,2014,13.126
fra,sex_f,age_aggregate_total,geo_cov_rur,2015,13.421
fra,sex_f,age_aggregate_total,geo_cov_rur,2016,14.082
fra,sex_f,age_aggregate_total,geo_cov_rur,2017,12.922
fra,sex_f,age_aggregate_total,geo_cov_rur,2018,12.928
fra,sex_f,age_aggregate_total,geo_cov_rur,2019,12.797
fra,sex_f,age_aggregate_total,geo_cov_rur,2020,12.293
fra,sex_f,age_aggregate_total,geo_cov_rur,2021,8.891
fra,sex_f,age_aggregate_total,geo_cov_rur,2022,7.828
fra,sex_f,age_aggregate_total,geo_cov_rur,2023,7.457
fra,sex_f,age_aggregate_total,geo_cov_rur,2024,7.233
fra,sex_f,age_aggregate_total,geo_cov_urb,1998,16.073
fra,sex_f,age_aggregate_total,geo_cov_urb,1999,15.759
fra,sex_f,age_aggregate_total,geo_cov_urb,2000,14.393
fra,sex_f,age_aggregate_total,geo_cov_urb,2001,12.777
fra,sex_f,age_aggregate_total,geo_cov_urb,2002,11.98
fra,sex_f,age_aggregate_total,geo_cov_urb,2003,12.11
fra,sex_f,age_aggregate_total,geo_cov_urb,2004,12.961
fra,sex_f,age_aggregate_total,geo_cov_urb,2005,12.37
fra,sex_f,age_aggregate_total,geo_cov_urb,2006,12.214
fra,sex_f,age_aggregate_total,geo_cov_urb,2007,11.013
fra,sex_f,age_aggregate_total,geo_cov_urb,2008,10.024
fra,sex_f,age_aggregate_total,geo_cov_urb,2009,11.552
fra,sex_f,age_aggregate_total,geo_cov_urb,2010,12.046
fra,sex_f,age_aggregate_total,geo_cov_urb,2011,12.299
fra,sex_f,age_aggregate_total,geo_cov_urb,2012,12.423
fra,sex_f,age_aggregate_total,geo_cov_urb,2013,11.58
fra,sex_f,age_aggregate_total,geo_cov_urb,2014,13.346
fra,sex_f,age_aggregate_total,geo_cov_urb,2015,13.097
fra,sex_f,age_aggregate_total,geo_cov_urb,2016,12.986
fra,sex_f,age_aggregate_total,geo_cov_urb,2017,12.643
fra,sex_f,age_aggregate_total,geo_cov_urb,2018,12.253
fra,sex_f,age_aggregate_total,geo_cov_urb,2019,11.303
fra,sex_f,age_aggregate_total,geo_cov_urb,2020,11.659
fra,sex_f,age_aggregate_total,geo_cov_urb,2021,12.528
fra,sex_f,age_aggregate_total,geo_cov_urb,2022,11.504
fra,sex_f,age_aggregate_total,geo_cov_urb,2023,11.616
fra,sex_f,age_aggregate_total,geo_cov_urb,2024,11.959
fra,sex_f,age_aggregate_y15_24,geo_cov_nat,1998,30.797
fra,sex_f,age_aggregate_y15_24,geo_cov_nat,1999,30.445
fra,sex_f,age_aggregate_y15_24,geo_cov_nat,2000,25.391
fra,sex_f,age_aggregate_y15_24,geo_cov_nat,2001,23.063
fra,sex_f,age_aggregate_y15_24,geo_cov_nat,2002,23.619
fra,sex_f,age_aggregate_y15_24,geo_cov_nat,2003,22.733
fra,sex_f,age_aggregate_y15_24,geo_cov_nat,2004,25.037
fra,sex_f,age_aggregate_y15_24,geo_cov_nat,2005,27.114
fra,sex_f,age_aggregate_y15_24,geo_cov_nat,2006,29.046
fra,sex_f,age_aggregate_y15_24,geo_cov_nat,2007,25.195
fra,sex_f,age_aggregate_y15_24,geo_cov_nat,2008,24.265
fra,sex_f,age_aggregate_y15_24,geo_cov_nat,2009,27.357
fra,sex_f,age_aggregate_y15_24,geo_cov_nat,2010,29.213
fra,sex_f,age_aggregate_y15_24,geo_cov_nat,2011,29.549
fra,sex_f,age_aggregate_y15_24,geo_cov_nat,2012,29.666
fra,sex_f,age_aggregate_y15_24,geo_cov_nat,2013,29.365
fra,sex_f,age_aggregate_y15_24,geo_cov_nat,2014,30.04
fra,sex_f,age_aggregate_y15_24,geo_cov_nat,2015,29.992
fra,sex_f,age_aggregate_y15_24,geo_cov_nat,2016,31.162
fra,sex_f,age_aggregate_y15_24,geo_cov_nat,2017,27.561
fra,sex_f,age_aggregate_y15_24,geo_cov_nat,2018,25.456
fra,sex_f,age_aggregate_y15_24,geo_cov_nat,2019,24.197
fra,sex_f,age_aggregate_y15_24,geo_cov_nat,2020,27.465
fra,sex_f,age_aggregate_y15_24,geo_cov_nat,2021,27.936
fra,sex_f,age_aggregate_y15_24,geo_cov_nat,2022,24.461
fra,sex_f,age_aggregate_y15_24,geo_cov_nat,2023,25.04
fra,sex_f,age_aggregate_y15_24,geo_cov_nat,2024,27.866
fra,sex_f,age_aggregate_y15_24,geo_cov_rur,1998,32.631
fra,sex_f,age_aggregate_y15_24,geo_cov_rur,1999,32.556
fra,sex_f,age_aggregate_y15_24,geo_cov_rur,2000,26.15
fra,sex_f,age_aggregate_y15_24,geo_cov_rur,2001,23.703
fra,sex_f,age_aggregate_y15_24,geo_cov_rur,2002,24.441
fra,sex_f,age_aggregate_y15_24,geo_cov_rur,2003,24.625
fra,sex_f,age_aggregate_y15_24,geo_cov_rur,2004,25.806
fra,sex_f,age_aggregate_y15_24,geo_cov_rur,2005,29.401
fra,sex_f,age_aggregate_y15_24,geo_cov_rur,2006,32.934
fra,sex_f,age_aggregate_y15_24,geo_cov_rur,2007,25.311
fra,sex_f,age_aggregate_y15_24,geo_cov_rur,2008,24.235
fra,sex_f,age_aggregate_y15_24,geo_cov_rur,2009,31.807
fra,sex_f,age_aggregate_y15_24,geo_cov_rur,2010,30.762
fra,sex_f,age_aggregate_y15_24,geo_cov_rur,2011,30.892
fra,sex_f,age_aggregate_y15_24,geo_cov_rur,2012,31.092
fra,sex_f,age_aggregate_y15_24,geo_cov_rur,2013,33.822
fra,sex_f,age_aggregate_y15_24,geo_cov_rur,2014,32.603
fra,sex_f,age_aggregate_y15_24,geo_cov_rur,2015,32.039
fra,sex_f,age_aggregate_y15_24,geo_cov_rur,2016,36.509
fra,sex_f,age_aggregate_y15_24,geo_cov_rur,2017,32.066
fra,sex_f,age_aggregate_y15_24,geo_cov_rur,2018,28.15
fra,sex_f,age_aggregate_y15_24,geo_cov_rur,2019,26.24
fra,sex_f,age_aggregate_y15_24,geo_cov_rur,2020,31.14
fra,sex_f,age_aggregate_y15_24,geo_cov_rur,2021,25.808
fra,sex_f,age_aggregate_y15_24,geo_cov_rur,2022,21.455
fra,sex_f,age_aggregate_y15_24,geo_cov_rur,2023,22.561
fra,sex_f,age_aggregate_y15_24,geo_cov_rur,2024,22.311
fra,sex_f,age_aggregate_y15_24,geo_cov_urb,1998,29.812
fra,sex_f,age_aggregate_y15_24,geo_cov_urb,1999,29.331
fra,sex_f,age_aggregate_y15_24,geo_cov_urb,2000,24.984
fra,sex_f,age_aggregate_y15_24,geo_cov_urb,2001,22.729
fra,sex_f,age_aggregate_y15_24,geo_cov_urb,2002,23.182
fra,sex_f,age_aggregate_y15_24,geo_cov_urb,2003,22.419
fra,sex_f,age_aggregate_y15_24,geo_cov_urb,2004,24.903
fra,sex_f,age_aggregate_y15_24,geo_cov_urb,2005,26.719
fra,sex_f,age_aggregate_y15_24,geo_cov_urb,2006,28.436
fra,sex_f,age_aggregate_y15_24,geo_cov_urb,2007,25.176
fra,sex_f,age_aggregate_y15_24,geo_cov_urb,2008,24.27
fra,sex_f,age_aggregate_y15_24,geo_cov_urb,2009,26.627
fra,sex_f,age_aggregate_y15_24,geo_cov_urb,2010,28.97
fra,sex_f,age_aggregate_y15_24,geo_cov_urb,2011,29.325
fra,sex_f,age_aggregate_y15_24,geo_cov_urb,2012,29.422
fra,sex_f,age_aggregate_y15_24,geo_cov_urb,2013,28.707
fra,sex_f,age_aggregate_y15_24,geo_cov_urb,2014,29.653
fra,sex_f,age_aggregate_y15_24,geo_cov_urb,2015,29.662
fra,sex_f,age_aggregate_y15_24,geo_cov_urb,2016,30.357
fra,sex_f,age_aggregate_y15_24,geo_cov_urb,2017,26.879
fra,sex_f,age_aggregate_y15_24,geo_cov_urb,2018,25.045
fra,sex_f,age_aggregate_y15_24,geo_cov_urb,2019,23.869
fra,sex_f,age_aggregate_y15_24,geo_cov_urb,2020,26.828
fra,sex_f,age_aggregate_y15_24,geo_cov_urb,2021,28.367
fra,sex_f,age_aggregate_y15_24,geo_cov_urb,2022,25.086
fra,sex_f,age_aggregate_y15_24,geo_cov_urb,2023,25.548
fra,sex_f,age_aggregate_y15_24,geo_cov_urb,2024,29.021
fra,sex_f,age_aggregate_y25_54,geo_cov_nat,1998,14.547
fra,sex_f,age_aggregate_y25_54,geo_cov_nat,1999,14.22
fra,sex_f,age_aggregate_y25_54,geo_cov_nat,2000,13.145
fra,sex_f,age_aggregate_y25_54,geo_cov_nat,2001,11.384
fra,sex_f,age_aggregate_y25_54,geo_cov_nat,2002,10.656
fra,sex_f,age_aggregate_y25_54,geo_cov_nat,2003,11.013
fra,sex_f,age_aggregate_y25_54,geo_cov_nat,2004,11.623
fra,sex_f,age_aggregate_y25_54,geo_cov_nat,2005,11.378
fra,sex_f,age_aggregate_y25_54,geo_cov_nat,2006,10.892
fra,sex_f,age_aggregate_y25_54,geo_cov_nat,2007,9.972
fra,sex_f,age_aggregate_y25_54,geo_cov_nat,2008,9.153
fra,sex_f,age_aggregate_y25_54,geo_cov_nat,2009,10.562
fra,sex_f,age_aggregate_y25_54,geo_cov_nat,2010,10.572
fra,sex_f,age_aggregate_y25_54,geo_cov_nat,2011,10.88
fra,sex_f,age_aggregate_y25_54,geo_cov_nat,2012,11.181
fra,sex_f,age_aggregate_y25_54,geo_cov_nat,2013,10.512
fra,sex_f,age_aggregate_y25_54,geo_cov_nat,2014,12.235
fra,sex_f,age_aggregate_y25_54,geo_cov_nat,2015,12.009
fra,sex_f,age_aggregate_y25_54,geo_cov_nat,2016,12.008
fra,sex_f,age_aggregate_y25_54,geo_cov_nat,2017,11.955
fra,sex_f,age_aggregate_y25_54,geo_cov_nat,2018,11.569
fra,sex_f,age_aggregate_y25_54,geo_cov_nat,2019,10.524
fra,sex_f,age_aggregate_y25_54,geo_cov_nat,2020,10.595
fra,sex_f,age_aggregate_y25_54,geo_cov_nat,2021,10.255
fra,sex_f,age_aggregate_y25_54,geo_cov_nat,2022,9.444
fra,sex_f,age_aggregate_y25_54,geo_cov_nat,2023,9.571
fra,sex_f,age_aggregate_y25_54,geo_cov_nat,2024,9.511
fra,sex_f,age_aggregate_y25_54,geo_cov_rur,1998,14.118
fra,sex_f,age_aggregate_y25_54,geo_cov_rur,1999,13.784
fra,sex_f,age_aggregate_y25_54,geo_cov_rur,2000,12.602
fra,sex_f,age_aggregate_y25_54,geo_cov_rur,2001,10.661
fra,sex_f,age_aggregate_y25_54,geo_cov_rur,2002,10.213
fra,sex_f,age_aggregate_y25_54,geo_cov_rur,2003,9.6
fra,sex_f,age_aggregate_y25_54,geo_cov_rur,2004,10.348
fra,sex_f,age_aggregate_y25_54,geo_cov_rur,2005,11.384
fra,sex_f,age_aggregate_y25_54,geo_cov_rur,2006,11.044
fra,sex_f,age_aggregate_y25_54,geo_cov_rur,2007,10.437
fra,sex_f,age_aggregate_y25_54,geo_cov_rur,2008,10.651
fra,sex_f,age_aggregate_y25_54,geo_cov_rur,2009,11.668
fra,sex_f,age_aggregate_y25_54,geo_cov_rur,2010,10.571
fra,sex_f,age_aggregate_y25_54,geo_cov_rur,2011,10.098
fra,sex_f,age_aggregate_y25_54,geo_cov_rur,2012,11.066
fra,sex_f,age_aggregate_y25_54,geo_cov_rur,2013,11.223
fra,sex_f,age_aggregate_y25_54,geo_cov_rur,2014,11.974
fra,sex_f,age_aggregate_y25_54,geo_cov_rur,2015,12.376
fra,sex_f,age_aggregate_y25_54,geo_cov_rur,2016,12.769
fra,sex_f,age_aggregate_y25_54,geo_cov_rur,2017,11.682
fra,sex_f,age_aggregate_y25_54,geo_cov_rur,2018,11.833
fra,sex_f,age_aggregate_y25_54,geo_cov_rur,2019,11.831
fra,sex_f,age_aggregate_y25_54,geo_cov_rur,2020,10.701
fra,sex_f,age_aggregate_y25_54,geo_cov_rur,2021,7.413
fra,sex_f,age_aggregate_y25_54,geo_cov_rur,2022,6.549
fra,sex_f,age_aggregate_y25_54,geo_cov_rur,2023,6.077
fra,sex_f,age_aggregate_y25_54,geo_cov_rur,2024,5.722
fra,sex_f,age_aggregate_y25_54,geo_cov_urb,1998,14.806
fra,sex_f,age_aggregate_y25_54,geo_cov_urb,1999,14.485
fra,sex_f,age_aggregate_y25_54,geo_cov_urb,2000,13.471
fra,sex_f,age_aggregate_y25_54,geo_cov_urb,2001,11.816
fra,sex_f,age_aggregate_y25_54,geo_cov_urb,2002,10.93
fra,sex_f,age_aggregate_y25_54,geo_cov_urb,2003,11.301
fra,sex_f,age_aggregate_y25_54,geo_cov_urb,2004,11.872
fra,sex_f,age_aggregate_y25_54,geo_cov_urb,2005,11.376
fra,sex_f,age_aggregate_y25_54,geo_cov_urb,2006,10.862
fra,sex_f,age_aggregate_y25_54,geo_cov_urb,2007,9.882
fra,sex_f,age_aggregate_y25_54,geo_cov_urb,2008,8.869
fra,sex_f,age_aggregate_y25_54,geo_cov_urb,2009,10.346
fra,sex_f,age_aggregate_y25_54,geo_cov_urb,2010,10.572
fra,sex_f,age_aggregate_y25_54,geo_cov_urb,2011,11.013
fra,sex_f,age_aggregate_y25_54,geo_cov_urb,2012,11.201
fra,sex_f,age_aggregate_y25_54,geo_cov_urb,2013,10.391
fra,sex_f,age_aggregate_y25_54,geo_cov_urb,2014,12.279
fra,sex_f,age_aggregate_y25_54,geo_cov_urb,2015,11.948
fra,sex_f,age_aggregate_y25_54,geo_cov_urb,2016,11.88
fra,sex_f,age_aggregate_y25_54,geo_cov_urb,2017,12.002
fra,sex_f,age_aggregate_y25_54,geo_cov_urb,2018,11.526
fra,sex_f,age_aggregate_y25_54,geo_cov_urb,2019,10.306
fra,sex_f,age_aggregate_y25_54,geo_cov_urb,2020,10.577
fra,sex_f,age_aggregate_y25_54,geo_cov_urb,2021,11.019
fra,sex_f,age_aggregate_y25_54,geo_cov_urb,2022,10.199
fra,sex_f,age_aggregate_y25_54,geo_cov_urb,2023,10.494
fra,sex_f,age_aggregate_y25_54,geo_cov_urb,2024,10.496
fra,sex_f,age_aggregate_y55_64,geo_cov_nat,1998,10.627
fra,sex_f,age_aggregate_y55_64,geo_cov_nat,1999,10.539
fra,sex_f,age_aggregate_y55_64,geo_cov_nat,2000,9.624
fra,sex_f,age_aggregate_y55_64,geo_cov_nat,2001,8.43
fra,sex_f,age_aggregate_y55_64,geo_cov_nat,2002,6.812
fra,sex_f,age_aggregate_y55_64,geo_cov_nat,2003,7.075
fra,sex_f,age_aggregate_y55_64,geo_cov_nat,2004,9.414
fra,sex_f,age_aggregate_y55_64,geo_cov_nat,2005,7.373
fra,sex_f,age_aggregate_y55_64,geo_cov_nat,2006,8.157
fra,sex_f,age_aggregate_y55_64,geo_cov_nat,2007,7.612
fra,sex_f,age_aggregate_y55_64,geo_cov_nat,2008,7.33
fra,sex_f,age_aggregate_y55_64,geo_cov_nat,2009,8.277
fra,sex_f,age_aggregate_y55_64,geo_cov_nat,2010,9.119
fra,sex_f,age_aggregate_y55_64,geo_cov_nat,2011,9.075
fra,sex_f,age_aggregate_y55_64,geo_cov_nat,2012,9.439
fra,sex_f,age_aggregate_y55_64,geo_cov_nat,2013,8.354
fra,sex_f,age_aggregate_y55_64,geo_cov_nat,2014,9.904
fra,sex_f,age_aggregate_y55_64,geo_cov_nat,2015,9.866
fra,sex_f,age_aggregate_y55_64,geo_cov_nat,2016,9.14
fra,sex_f,age_aggregate_y55_64,geo_cov_nat,2017,8.893
fra,sex_f,age_aggregate_y55_64,geo_cov_nat,2018,9.221
fra,sex_f,age_aggregate_y55_64,geo_cov_nat,2019,9.446
fra,sex_f,age_aggregate_y55_64,geo_cov_nat,2020,8.955
fra,sex_f,age_aggregate_y55_64,geo_cov_nat,2021,9.145
fra,sex_f,age_aggregate_y55_64,geo_cov_nat,2022,8.275
fra,sex_f,age_aggregate_y55_64,geo_cov_nat,2023,7.742
fra,sex_f,age_aggregate_y55_64,geo_cov_nat,2024,7.822
fra,sex_f,age_aggregate_y55_64,geo_cov_rur,1998,10.227
fra,sex_f,age_aggregate_y55_64,geo_cov_rur,1999,10.546
fra,sex_f,age_aggregate_y55_64,geo_cov_rur,2000,9.392
fra,sex_f,age_aggregate_y55_64,geo_cov_rur,2001,6.966
fra,sex_f,age_aggregate_y55_64,geo_cov_rur,2002,5.655
fra,sex_f,age_aggregate_y55_64,geo_cov_rur,2003,7.249
fra,sex_f,age_aggregate_y55_64,geo_cov_rur,2004,10.799
fra,sex_f,age_aggregate_y55_64,geo_cov_rur,2005,5.988
fra,sex_f,age_aggregate_y55_64,geo_cov_rur,2006,7.303
fra,sex_f,age_aggregate_y55_64,geo_cov_rur,2007,8.359
fra,sex_f,age_aggregate_y55_64,geo_cov_rur,2008,9.018
fra,sex_f,age_aggregate_y55_64,geo_cov_rur,2009,10.039
fra,sex_f,age_aggregate_y55_64,geo_cov_rur,2010,9.589
fra,sex_f,age_aggregate_y55_64,geo_cov_rur,2011,9.11
fra,sex_f,age_aggregate_y55_64,geo_cov_rur,2012,8.743
fra,sex_f,age_aggregate_y55_64,geo_cov_rur,2013,9.012
fra,sex_f,age_aggregate_y55_64,geo_cov_rur,2014,10.049
fra,sex_f,age_aggregate_y55_64,geo_cov_rur,2015,9.681
fra,sex_f,age_aggregate_y55_64,geo_cov_rur,2016,10.789
fra,sex_f,age_aggregate_y55_64,geo_cov_rur,2017,10.51
fra,sex_f,age_aggregate_y55_64,geo_cov_rur,2018,10.899
fra,sex_f,age_aggregate_y55_64,geo_cov_rur,2019,10.852
fra,sex_f,age_aggregate_y55_64,geo_cov_rur,2020,10.394
fra,sex_f,age_aggregate_y55_64,geo_cov_rur,2021,7.876
fra,sex_f,age_aggregate_y55_64,geo_cov_rur,2022,6.622
fra,sex_f,age_aggregate_y55_64,geo_cov_rur,2023,6.173
fra,sex_f,age_aggregate_y55_64,geo_cov_rur,2024,6.283
fra,sex_f,age_aggregate_y55_64,geo_cov_urb,1998,10.864
fra,sex_f,age_aggregate_y55_64,geo_cov_urb,1999,10.534
fra,sex_f,age_aggregate_y55_64,geo_cov_urb,2000,9.771
fra,sex_f,age_aggregate_y55_64,geo_cov_urb,2001,9.384
fra,sex_f,age_aggregate_y55_64,geo_cov_urb,2002,7.548
fra,sex_f,age_aggregate_y55_64,geo_cov_urb,2003,7.037
fra,sex_f,age_aggregate_y55_64,geo_cov_urb,2004,9.128
fra,sex_f,age_aggregate_y55_64,geo_cov_urb,2005,7.686
fra,sex_f,age_aggregate_y55_64,geo_cov_urb,2006,8.345
fra,sex_f,age_aggregate_y55_64,geo_cov_urb,2007,7.468
fra,sex_f,age_aggregate_y55_64,geo_cov_urb,2008,6.966
fra,sex_f,age_aggregate_y55_64,geo_cov_urb,2009,7.862
fra,sex_f,age_aggregate_y55_64,geo_cov_urb,2010,9.011
fra,sex_f,age_aggregate_y55_64,geo_cov_urb,2011,9.068
fra,sex_f,age_aggregate_y55_64,geo_cov_urb,2012,9.574
fra,sex_f,age_aggregate_y55_64,geo_cov_urb,2013,8.229
fra,sex_f,age_aggregate_y55_64,geo_cov_urb,2014,9.875
fra,sex_f,age_aggregate_y55_64,geo_cov_urb,2015,9.903
fra,sex_f,age_aggregate_y55_64,geo_cov_urb,2016,8.83
fra,sex_f,age_aggregate_y55_64,geo_cov_urb,2017,8.581
fra,sex_f,age_aggregate_y55_64,geo_cov_urb,2018,8.892
fra,sex_f,age_aggregate_y55_64,geo_cov_urb,2019,9.168
fra,sex_f,age_aggregate_y55_64,geo_cov_urb,2020,8.659
fra,sex_f,age_aggregate_y55_64,geo_cov_urb,2021,9.533
fra,sex_f,age_aggregate_y55_64,geo_cov_urb,2022,8.799
fra,sex_f,age_aggregate_y55_64,geo_cov_urb,2023,8.201
fra,sex_f,age_aggregate_y55_64,geo_cov_urb,2024,8.258
fra,sex_f,age_aggregate_yge65,geo_cov_nat,2001,4.245
fra,sex_f,age_aggregate_yge65,geo_cov_nat,2002,9.106
fra,sex_f,age_aggregate_yge65,geo_cov_nat,2006,3.675
fra,sex_f,age_aggregate_yge65,geo_cov_nat,2007,3.084
fra,sex_f,age_aggregate_yge65,geo_cov_nat,2008,2.438
fra,sex_f,age_aggregate_yge65,geo_cov_nat,2009,3.205
fra,sex_f,age_aggregate_yge65,geo_cov_nat,2010,3.577
fra,sex_f,age_aggregate_yge65,geo_cov_nat,2011,2.97
fra,sex_f,age_aggregate_yge65,geo_cov_nat,2012,2.145
fra,sex_f,age_aggregate_yge65,geo_cov_nat,2013,6.063
fra,sex_f,age_aggregate_yge65,geo_cov_nat,2014,12.503
fra,sex_f,age_aggregate_yge65,geo_cov_nat,2015,11.683
fra,sex_f,age_aggregate_yge65,geo_cov_nat,2016,12.873
fra,sex_f,age_aggregate_yge65,geo_cov_nat,2017,9.912
fra,sex_f,age_aggregate_yge65,geo_cov_nat,2018,13.606
fra,sex_f,age_aggregate_yge65,geo_cov_nat,2019,13.971
fra,sex_f,age_aggregate_yge65,geo_cov_nat,2020,12.973
fra,sex_f,age_aggregate_yge65,geo_cov_nat,2021,12.402
fra,sex_f,age_aggregate_yge65,geo_cov_nat,2022,10.98
fra,sex_f,age_aggregate_yge65,geo_cov_nat,2023,8.502
fra,sex_f,age_aggregate_yge65,geo_cov_nat,2024,8.351
fra,sex_f,age_aggregate_yge65,geo_cov_rur,2013,8.01
fra,sex_f,age_aggregate_yge65,geo_cov_rur,2014,12.578
fra,sex_f,age_aggregate_yge65,geo_cov_rur,2015,12.348
fra,sex_f,age_aggregate_yge65,geo_cov_rur,2016,5.048
fra,sex_f,age_aggregate_yge65,geo_cov_rur,2017,9.82
fra,sex_f,age_aggregate_yge65,geo_cov_rur,2018,13.916
fra,sex_f,age_aggregate_yge65,geo_cov_rur,2019,13.675
fra,sex_f,age_aggregate_yge65,geo_cov_rur,2020,10.26
fra,sex_f,age_aggregate_yge65,geo_cov_rur,2021,8.018
fra,sex_f,age_aggregate_yge65,geo_cov_rur,2022,9.743
fra,sex_f,age_aggregate_yge65,geo_cov_rur,2023,7.334
fra,sex_f,age_aggregate_yge65,geo_cov_rur,2024,6.751
fra,sex_f,age_aggregate_yge65,geo_cov_urb,2002,11.11
fra,sex_f,age_aggregate_yge65,geo_cov_urb,2006,3.058
fra,sex_f,age_aggregate_yge65,geo_cov_urb,2007,3.46
fra,sex_f,age_aggregate_yge65,geo_cov_urb,2008,2.165
fra,sex_f,age_aggregate_yge65,geo_cov_urb,2009,3.799
fra,sex_f,age_aggregate_yge65,geo_cov_urb,2010,4.121
fra,sex_f,age_aggregate_yge65,geo_cov_urb,2011,2.98
fra,sex_f,age_aggregate_yge65,geo_cov_urb,2012,2.367
fra,sex_f,age_aggregate_yge65,geo_cov_urb,2013,5.661
fra,sex_f,age_aggregate_yge65,geo_cov_urb,2014,12.486
fra,sex_f,age_aggregate_yge65,geo_cov_urb,2015,11.546
fra,sex_f,age_aggregate_yge65,geo_cov_urb,2016,14.412
fra,sex_f,age_aggregate_yge65,geo_cov_urb,2017,9.93
fra,sex_f,age_aggregate_yge65,geo_cov_urb,2018,13.549
fra,sex_f,age_aggregate_yge65,geo_cov_urb,2019,14.034
fra,sex_f,age_aggregate_yge65,geo_cov_urb,2020,13.64
fra,sex_f,age_aggregate_yge65,geo_cov_urb,2021,13.714
fra,sex_f,age_aggregate_yge65,geo_cov_urb,2022,11.376
fra,sex_f,age_aggregate_yge65,geo_cov_urb,2023,8.85
fra,sex_f,age_aggregate_yge65,geo_cov_urb,2024,8.738
fra,sex_f,age_ythadult_y15_24,geo_cov_nat,1998,30.797
fra,sex_f,age_ythadult_y15_24,geo_cov_nat,1999,30.445
fra,sex_f,age_ythadult_y15_24,geo_cov_nat,2000,25.391
fra,sex_f,age_ythadult_y15_24,geo_cov_nat,2001,23.063
fra,sex_f,age_ythadult_y15_24,geo_cov_nat,2002,23.619
fra,sex_f,age_ythadult_y15_24,geo_cov_nat,2003,22.733
fra,sex_f,age_ythadult_y15_24,geo_cov_nat,2004,25.037
fra,sex_f,age_ythadult_y15_24,geo_cov_nat,2005,27.114
fra,sex_f,age_ythadult_y15_24,geo_cov_nat,2006,29.046
fra,sex_f,age_ythadult_y15_24,geo_cov_nat,2007,25.195
fra,sex_f,age_ythadult_y15_24,geo_cov_nat,2008,24.265
fra,sex_f,age_ythadult_y15_24,geo_cov_nat,2009,27.357
fra,sex_f,age_ythadult_y15_24,geo_cov_nat,2010,29.213
fra,sex_f,age_ythadult_y15_24,geo_cov_nat,2011,29.549
fra,sex_f,age_ythadult_y15_24,geo_cov_nat,2012,29.666
fra,sex_f,age_ythadult_y15_24,geo_cov_nat,2013,29.365
fra,sex_f,age_ythadult_y15_24,geo_cov_nat,2014,30.04
fra,sex_f,age_ythadult_y15_24,geo_cov_nat,2015,29.992
fra,sex_f,age_ythadult_y15_24,geo_cov_nat,2016,31.162
fra,sex_f,age_ythadult_y15_24,geo_cov_nat,2017,27.561
fra,sex_f,age_ythadult_y15_24,geo_cov_nat,2018,25.456
fra,sex_f,age_ythadult_y15_24,geo_cov_nat,2019,24.197
fra,sex_f,age_ythadult_y15_24,geo_cov_nat,2020,27.465
fra,sex_f,age_ythadult_y15_24,geo_cov_nat,2021,27.936
fra,sex_f,age_ythadult_y15_24,geo_cov_nat,2022,24.461
fra,sex_f,age_ythadult_y15_24,geo_cov_nat,2023,25.04
fra,sex_f,age_ythadult_y15_24,geo_cov_nat,2024,27.866
fra,sex_f,age_ythadult_y15_24,geo_cov_rur,1998,32.631
fra,sex_f,age_ythadult_y15_24,geo_cov_rur,1999,32.556
fra,sex_f,age_ythadult_y15_24,geo_cov_rur,2000,26.15
fra,sex_f,age_ythadult_y15_24,geo_cov_rur,2001,23.703
fra,sex_f,age_ythadult_y15_24,geo_cov_rur,2002,24.441
fra,sex_f,age_ythadult_y15_24,geo_cov_rur,2003,24.625
fra,sex_f,age_ythadult_y15_24,geo_cov_rur,2004,25.806
fra,sex_f,age_ythadult_y15_24,geo_cov_rur,2005,29.401
fra,sex_f,age_ythadult_y15_24,geo_cov_rur,2006,32.934
fra,sex_f,age_ythadult_y15_24,geo_cov_rur,2007,25.311
fra,sex_f,age_ythadult_y15_24,geo_cov_rur,2008,24.235
fra,sex_f,age_ythadult_y15_24,geo_cov_rur,2009,31.807
fra,sex_f,age_ythadult_y15_24,geo_cov_rur,2010,30.762
fra,sex_f,age_ythadult_y15_24,geo_cov_rur,2011,30.892
fra,sex_f,age_ythadult_y15_24,geo_cov_rur,2012,31.092
fra,sex_f,age_ythadult_y15_24,geo_cov_rur,2013,33.822
fra,sex_f,age_ythadult_y15_24,geo_cov_rur,2014,32.603
fra,sex_f,age_ythadult_y15_24,geo_cov_rur,2015,32.039
fra,sex_f,age_ythadult_y15_24,geo_cov_rur,2016,36.509
fra,sex_f,age_ythadult_y15_24,geo_cov_rur,2017,32.066
fra,sex_f,age_ythadult_y15_24,geo_cov_rur,2018,28.15
fra,sex_f,age_ythadult_y15_24,geo_cov_rur,2019,26.24
fra,sex_f,age_ythadult_y15_24,geo_cov_rur,2020,31.14
fra,sex_f,age_ythadult_y15_24,geo_cov_rur,2021,25.808
fra,sex_f,age_ythadult_y15_24,geo_cov_rur,2022,21.455
fra,sex_f,age_ythadult_y15_24,geo_cov_rur,2023,22.561
fra,sex_f,age_ythadult_y15_24,geo_cov_rur,2024,22.311
fra,sex_f,age_ythadult_y15_24,geo_cov_urb,1998,29.812
fra,sex_f,age_ythadult_y15_24,geo_cov_urb,1999,29.331
fra,sex_f,age_ythadult_y15_24,geo_cov_urb,2000,24.984
fra,sex_f,age_ythadult_y15_24,geo_cov_urb,2001,22.729
fra,sex_f,age_ythadult_y15_24,geo_cov_urb,2002,23.182
fra,sex_f,age_ythadult_y15_24,geo_cov_urb,2003,22.419
fra,sex_f,age_ythadult_y15_24,geo_cov_urb,2004,24.903
fra,sex_f,age_ythadult_y15_24,geo_cov_urb,2005,26.719
fra,sex_f,age_ythadult_y15_24,geo_cov_urb,2006,28.436
fra,sex_f,age_ythadult_y15_24,geo_cov_urb,2007,25.176
fra,sex_f,age_ythadult_y15_24,geo_cov_urb,2008,24.27
fra,sex_f,age_ythadult_y15_24,geo_cov_urb,2009,26.627
fra,sex_f,age_ythadult_y15_24,geo_cov_urb,2010,28.97
fra,sex_f,age_ythadult_y15_24,geo_cov_urb,2011,29.325
fra,sex_f,age_ythadult_y15_24,geo_cov_urb,2012,29.422
fra,sex_f,age_ythadult_y15_24,geo_cov_urb,2013,28.707
fra,sex_f,age_ythadult_y15_24,geo_cov_urb,2014,29.653
fra,sex_f,age_ythadult_y15_24,geo_cov_urb,2015,29.662
fra,sex_f,age_ythadult_y15_24,geo_cov_urb,2016,30.357
fra,sex_f,age_ythadult_y15_24,geo_cov_urb,2017,26.879
fra,sex_f,age_ythadult_y15_24,geo_cov_urb,2018,25.045
fra,sex_f,age_ythadult_y15_24,geo_cov_urb,2019,23.869
fra,sex_f,age_ythadult_y15_24,geo_cov_urb,2020,26.828
fra,sex_f,age_ythadult_y15_24,geo_cov_urb,2021,28.367
fra,sex_f,age_ythadult_y15_24,geo_cov_urb,2022,25.086
fra,sex_f,age_ythadult_y15_24,geo_cov_urb,2023,25.548
fra,sex_f,age_ythadult_y15_24,geo_cov_urb,2024,29.021
fra,sex_f,age_ythadult_y15_64,geo_cov_nat,1998,15.917
fra,sex_f,age_ythadult_y15_64,geo_cov_nat,1999,15.609
fra,sex_f,age_ythadult_y15_64,geo_cov_nat,2000,14.126
fra,sex_f,age_ythadult_y15_64,geo_cov_nat,2001,12.35
fra,sex_f,age_ythadult_y15_64,geo_cov_nat,2002,11.676
fra,sex_f,age_ythadult_y15_64,geo_cov_nat,2003,11.882
fra,sex_f,age_ythadult_y15_64,geo_cov_nat,2004,12.808
fra,sex_f,age_ythadult_y15_64,geo_cov_nat,2005,12.383
fra,sex_f,age_ythadult_y15_64,geo_cov_nat,2006,12.244
fra,sex_f,age_ythadult_y15_64,geo_cov_nat,2007,11.107
fra,sex_f,age_ythadult_y15_64,geo_cov_nat,2008,10.3
fra,sex_f,age_ythadult_y15_64,geo_cov_nat,2009,11.823
fra,sex_f,age_ythadult_y15_64,geo_cov_nat,2010,12.064
fra,sex_f,age_ythadult_y15_64,geo_cov_nat,2011,12.271
fra,sex_f,age_ythadult_y15_64,geo_cov_nat,2012,12.479
fra,sex_f,age_ythadult_y15_64,geo_cov_nat,2013,11.761
fra,sex_f,age_ythadult_y15_64,geo_cov_nat,2014,13.322
fra,sex_f,age_ythadult_y15_64,geo_cov_nat,2015,13.162
fra,sex_f,age_ythadult_y15_64,geo_cov_nat,2016,13.149
fra,sex_f,age_ythadult_y15_64,geo_cov_nat,2017,12.724
fra,sex_f,age_ythadult_y15_64,geo_cov_nat,2018,12.332
fra,sex_f,age_ythadult_y15_64,geo_cov_nat,2019,11.484
fra,sex_f,age_ythadult_y15_64,geo_cov_nat,2020,11.735
fra,sex_f,age_ythadult_y15_64,geo_cov_nat,2021,11.745
fra,sex_f,age_ythadult_y15_64,geo_cov_nat,2022,10.727
fra,sex_f,age_ythadult_y15_64,geo_cov_nat,2023,10.795
fra,sex_f,age_ythadult_y15_64,geo_cov_nat,2024,11.046
fra,sex_f,age_ythadult_y15_64,geo_cov_rur,1998,15.594
fra,sex_f,age_ythadult_y15_64,geo_cov_rur,1999,15.305
fra,sex_f,age_ythadult_y15_64,geo_cov_rur,2000,13.639
fra,sex_f,age_ythadult_y15_64,geo_cov_rur,2001,11.594
fra,sex_f,age_ythadult_y15_64,geo_cov_rur,2002,11.177
fra,sex_f,age_ythadult_y15_64,geo_cov_rur,2003,10.694
fra,sex_f,age_ythadult_y15_64,geo_cov_rur,2004,11.85
fra,sex_f,age_ythadult_y15_64,geo_cov_rur,2005,12.216
fra,sex_f,age_ythadult_y15_64,geo_cov_rur,2006,12.24
fra,sex_f,age_ythadult_y15_64,geo_cov_rur,2007,11.425
fra,sex_f,age_ythadult_y15_64,geo_cov_rur,2008,11.554
fra,sex_f,age_ythadult_y15_64,geo_cov_rur,2009,13.022
fra,sex_f,age_ythadult_y15_64,geo_cov_rur,2010,11.954
fra,sex_f,age_ythadult_y15_64,geo_cov_rur,2011,11.714
fra,sex_f,age_ythadult_y15_64,geo_cov_rur,2012,12.349
fra,sex_f,age_ythadult_y15_64,geo_cov_rur,2013,12.512
fra,sex_f,age_ythadult_y15_64,geo_cov_rur,2014,13.133
fra,sex_f,age_ythadult_y15_64,geo_cov_rur,2015,13.436
fra,sex_f,age_ythadult_y15_64,geo_cov_rur,2016,14.216
fra,sex_f,age_ythadult_y15_64,geo_cov_rur,2017,12.97
fra,sex_f,age_ythadult_y15_64,geo_cov_rur,2018,12.912
fra,sex_f,age_ythadult_y15_64,geo_cov_rur,2019,12.78
fra,sex_f,age_ythadult_y15_64,geo_cov_rur,2020,12.337
fra,sex_f,age_ythadult_y15_64,geo_cov_rur,2021,8.908
fra,sex_f,age_ythadult_y15_64,geo_cov_rur,2022,7.786
fra,sex_f,age_ythadult_y15_64,geo_cov_rur,2023,7.46
fra,sex_f,age_ythadult_y15_64,geo_cov_rur,2024,7.242
fra,sex_f,age_ythadult_y15_64,geo_cov_urb,1998,16.11
fra,sex_f,age_ythadult_y15_64,geo_cov_urb,1999,15.792
fra,sex_f,age_ythadult_y15_64,geo_cov_urb,2000,14.417
fra,sex_f,age_ythadult_y15_64,geo_cov_urb,2001,12.798
fra,sex_f,age_ythadult_y15_64,geo_cov_urb,2002,11.982
fra,sex_f,age_ythadult_y15_64,geo_cov_urb,2003,12.121
fra,sex_f,age_ythadult_y15_64,geo_cov_urb,2004,12.994
fra,sex_f,age_ythadult_y15_64,geo_cov_urb,2005,12.415
fra,sex_f,age_ythadult_y15_64,geo_cov_urb,2006,12.245
fra,sex_f,age_ythadult_y15_64,geo_cov_urb,2007,11.046
fra,sex_f,age_ythadult_y15_64,geo_cov_urb,2008,10.06
fra,sex_f,age_ythadult_y15_64,geo_cov_urb,2009,11.586
fra,sex_f,age_ythadult_y15_64,geo_cov_urb,2010,12.085
fra,sex_f,age_ythadult_y15_64,geo_cov_urb,2011,12.367
fra,sex_f,age_ythadult_y15_64,geo_cov_urb,2012,12.501
fra,sex_f,age_ythadult_y15_64,geo_cov_urb,2013,11.632
fra,sex_f,age_ythadult_y15_64,geo_cov_urb,2014,13.354
fra,sex_f,age_ythadult_y15_64,geo_cov_urb,2015,13.115
fra,sex_f,age_ythadult_y15_64,geo_cov_urb,2016,12.967
fra,sex_f,age_ythadult_y15_64,geo_cov_urb,2017,12.681
fra,sex_f,age_ythadult_y15_64,geo_cov_urb,2018,12.234
fra,sex_f,age_ythadult_y15_64,geo_cov_urb,2019,11.262
fra,sex_f,age_ythadult_y15_64,geo_cov_urb,2020,11.628
fra,sex_f,age_ythadult_y15_64,geo_cov_urb,2021,12.508
fra,sex_f,age_ythadult_y15_64,geo_cov_urb,2022,11.507
fra,sex_f,age_ythadult_y15_64,geo_cov_urb,2023,11.672
fra,sex_f,age_ythadult_y15_64,geo_cov_urb,2024,12.03
fra,sex_f,age_ythadult_yge15,geo_cov_nat,1998,15.87
fra,sex_f,age_ythadult_yge15,geo_cov_nat,1999,15.57
fra,sex_f,age_ythadult_yge15,geo_cov_nat,2000,14.096
fra,sex_f,age_ythadult_yge15,geo_cov_nat,2001,12.323
fra,sex_f,age_ythadult_yge15,geo_cov_nat,2002,11.667
fra,sex_f,age_ythadult_yge15,geo_cov_nat,2003,11.873
fra,sex_f,age_ythadult_yge15,geo_cov_nat,2004,12.773
fra,sex_f,age_ythadult_yge15,geo_cov_nat,2005,12.336
fra,sex_f,age_ythadult_yge15,geo_cov_nat,2006,12.214
fra,sex_f,age_ythadult_yge15,geo_cov_nat,2007,11.07
fra,sex_f,age_ythadult_yge15,geo_cov_nat,2008,10.262
fra,sex_f,age_ythadult_yge15,geo_cov_nat,2009,11.782
fra,sex_f,age_ythadult_yge15,geo_cov_nat,2010,12.021
fra,sex_f,age_ythadult_yge15,geo_cov_nat,2011,12.2
fra,sex_f,age_ythadult_yge15,geo_cov_nat,2012,12.394
fra,sex_f,age_ythadult_yge15,geo_cov_nat,2013,11.71
fra,sex_f,age_ythadult_yge15,geo_cov_nat,2014,13.313
fra,sex_f,age_ythadult_yge15,geo_cov_nat,2015,13.144
fra,sex_f,age_ythadult_yge15,geo_cov_nat,2016,13.145
fra,sex_f,age_ythadult_yge15,geo_cov_nat,2017,12.684
fra,sex_f,age_ythadult_yge15,geo_cov_nat,2018,12.35
fra,sex_f,age_ythadult_yge15,geo_cov_nat,2019,11.522
fra,sex_f,age_ythadult_yge15,geo_cov_nat,2020,11.756
fra,sex_f,age_ythadult_yge15,geo_cov_nat,2021,11.757
fra,sex_f,age_ythadult_yge15,geo_cov_nat,2022,10.731
fra,sex_f,age_ythadult_yge15,geo_cov_nat,2023,10.748
fra,sex_f,age_ythadult_yge15,geo_cov_nat,2024,10.989
fra,sex_f,age_ythadult_yge15,geo_cov_rur,1998,15.533
fra,sex_f,age_ythadult_yge15,geo_cov_rur,1999,15.257
fra,sex_f,age_ythadult_yge15,geo_cov_rur,2000,13.598
fra,sex_f,age_ythadult_yge15,geo_cov_rur,2001,11.559
fra,sex_f,age_ythadult_yge15,geo_cov_rur,2002,11.158
fra,sex_f,age_ythadult_yge15,geo_cov_rur,2003,10.7
fra,sex_f,age_ythadult_yge15,geo_cov_rur,2004,11.803
fra,sex_f,age_ythadult_yge15,geo_cov_rur,2005,12.158
fra,sex_f,age_ythadult_yge15,geo_cov_rur,2006,12.209
fra,sex_f,age_ythadult_yge15,geo_cov_rur,2007,11.367
fra,sex_f,age_ythadult_yge15,geo_cov_rur,2008,11.508
fra,sex_f,age_ythadult_yge15,geo_cov_rur,2009,12.949
fra,sex_f,age_ythadult_yge15,geo_cov_rur,2010,11.892
fra,sex_f,age_ythadult_yge15,geo_cov_rur,2011,11.631
fra,sex_f,age_ythadult_yge15,geo_cov_rur,2012,12.23
fra,sex_f,age_ythadult_yge15,geo_cov_rur,2013,12.466
fra,sex_f,age_ythadult_yge15,geo_cov_rur,2014,13.126
fra,sex_f,age_ythadult_yge15,geo_cov_rur,2015,13.421
fra,sex_f,age_ythadult_yge15,geo_cov_rur,2016,14.082
fra,sex_f,age_ythadult_yge15,geo_cov_rur,2017,12.922
fra,sex_f,age_ythadult_yge15,geo_cov_rur,2018,12.928
fra,sex_f,age_ythadult_yge15,geo_cov_rur,2019,12.797
fra,sex_f,age_ythadult_yge15,geo_cov_rur,2020,12.293
fra,sex_f,age_ythadult_yge15,geo_cov_rur,2021,8.891
fra,sex_f,age_ythadult_yge15,geo_cov_rur,2022,7.828
fra,sex_f,age_ythadult_yge15,geo_cov_rur,2023,7.457
fra,sex_f,age_ythadult_yge15,geo_cov_rur,2024,7.233
fra,sex_f,age_ythadult_yge15,geo_cov_urb,1998,16.073
fra,sex_f,age_ythadult_yge15,geo_cov_urb,1999,15.759
fra,sex_f,age_ythadult_yge15,geo_cov_urb,2000,14.393
fra,sex_f,age_ythadult_yge15,geo_cov_urb,2001,12.777
fra,sex_f,age_ythadult_yge15,geo_cov_urb,2002,11.98
fra,sex_f,age_ythadult_yge15,geo_cov_urb,2003,12.11
fra,sex_f,age_ythadult_yge15,geo_cov_urb,2004,12.961
fra,sex_f,age_ythadult_yge15,geo_cov_urb,2005,12.37
fra,sex_f,age_ythadult_yge15,geo_cov_urb,2006,12.214
fra,sex_f,age_ythadult_yge15,geo_cov_urb,2007,11.013
fra,sex_f,age_ythadult_yge15,geo_cov_urb,2008,10.024
fra,sex_f,age_ythadult_yge15,geo_cov_urb,2009,11.552
fra,sex_f,age_ythadult_yge15,geo_cov_urb,2010,12.046
fra,sex_f,age_ythadult_yge15,geo_cov_urb,2011,12.299
fra,sex_f,age_ythadult_yge15,geo_cov_urb,2012,12.423
fra,sex_f,age_ythadult_yge15,geo_cov_urb,2013,11.58
fra,sex_f,age_ythadult_yge15,geo_cov_urb,2014,13.346
fra,sex_f,age_ythadult_yge15,geo_cov_urb,2015,13.097
fra,sex_f,age_ythadult_yge15,geo_cov_urb,2016,12.986
fra,sex_f,age_ythadult_yge15,geo_cov_urb,2017,12.643
fra,sex_f,age_ythadult_yge15,geo_cov_urb,2018,12.253
fra,sex_f,age_ythadult_yge15,geo_cov_urb,2019,11.303
fra,sex_f,age_ythadult_yge15,geo_cov_urb,2020,11.659
fra,sex_f,age_ythadult_yge15,geo_cov_urb,2021,12.528
fra,sex_f,age_ythadult_yge15,geo_cov_urb,2022,11.504
fra,sex_f,age_ythadult_yge15,geo_cov_urb,2023,11.616
fra,sex_f,age_ythadult_yge15,geo_cov_urb,2024,11.959
fra,sex_f,age_ythadult_yge25,geo_cov_nat,1998,14.225
fra,sex_f,age_ythadult_yge25,geo_cov_nat,1999,13.917
fra,sex_f,age_ythadult_yge25,geo_cov_nat,2000,12.856
fra,sex_f,age_ythadult_yge25,geo_cov_nat,2001,11.138
fra,sex_f,age_ythadult_yge25,geo_cov_nat,2002,10.327
fra,sex_f,age_ythadult_yge25,geo_cov_nat,2003,10.632
fra,sex_f,age_ythadult_yge25,geo_cov_nat,2004,11.369
fra,sex_f,age_ythadult_yge25,geo_cov_nat,2005,10.844
fra,sex_f,age_ythadult_yge25,geo_cov_nat,2006,10.516
fra,sex_f,age_ythadult_yge25,geo_cov_nat,2007,9.627
fra,sex_f,age_ythadult_yge25,geo_cov_nat,2008,8.876
fra,sex_f,age_ythadult_yge25,geo_cov_nat,2009,10.21
fra,sex_f,age_ythadult_yge25,geo_cov_nat,2010,10.324
fra,sex_f,age_ythadult_yge25,geo_cov_nat,2011,10.543
fra,sex_f,age_ythadult_yge25,geo_cov_nat,2012,10.82
fra,sex_f,age_ythadult_yge25,geo_cov_nat,2013,10.115
fra,sex_f,age_ythadult_yge25,geo_cov_nat,2014,11.842
fra,sex_f,age_ythadult_yge25,geo_cov_nat,2015,11.629
fra,sex_f,age_ythadult_yge25,geo_cov_nat,2016,11.507
fra,sex_f,age_ythadult_yge25,geo_cov_nat,2017,11.36
fra,sex_f,age_ythadult_yge25,geo_cov_nat,2018,11.164
fra,sex_f,age_ythadult_yge25,geo_cov_nat,2019,10.377
fra,sex_f,age_ythadult_yge25,geo_cov_nat,2020,10.32
fra,sex_f,age_ythadult_yge25,geo_cov_nat,2021,10.076
fra,sex_f,age_ythadult_yge25,geo_cov_nat,2022,9.24
fra,sex_f,age_ythadult_yge25,geo_cov_nat,2023,9.173
fra,sex_f,age_ythadult_yge25,geo_cov_nat,2024,9.135
fra,sex_f,age_ythadult_yge25,geo_cov_rur,1998,13.789
fra,sex_f,age_ythadult_yge25,geo_cov_rur,1999,13.504
fra,sex_f,age_ythadult_yge25,geo_cov_rur,2000,12.317
fra,sex_f,age_ythadult_yge25,geo_cov_rur,2001,10.337
fra,sex_f,age_ythadult_yge25,geo_cov_rur,2002,9.81
fra,sex_f,age_ythadult_yge25,geo_cov_rur,2003,9.376
fra,sex_f,age_ythadult_yge25,geo_cov_rur,2004,10.352
fra,sex_f,age_ythadult_yge25,geo_cov_rur,2005,10.584
fra,sex_f,age_ythadult_yge25,geo_cov_rur,2006,10.497
fra,sex_f,age_ythadult_yge25,geo_cov_rur,2007,10.109
fra,sex_f,age_ythadult_yge25,geo_cov_rur,2008,10.369
fra,sex_f,age_ythadult_yge25,geo_cov_rur,2009,11.343
fra,sex_f,age_ythadult_yge25,geo_cov_rur,2010,10.35
fra,sex_f,age_ythadult_yge25,geo_cov_rur,2011,9.86
fra,sex_f,age_ythadult_yge25,geo_cov_rur,2012,10.542
fra,sex_f,age_ythadult_yge25,geo_cov_rur,2013,10.796
fra,sex_f,age_ythadult_yge25,geo_cov_rur,2014,11.613
fra,sex_f,age_ythadult_yge25,geo_cov_rur,2015,11.835
fra,sex_f,age_ythadult_yge25,geo_cov_rur,2016,12.264
fra,sex_f,age_ythadult_yge25,geo_cov_rur,2017,11.417
fra,sex_f,age_ythadult_yge25,geo_cov_rur,2018,11.672
fra,sex_f,age_ythadult_yge25,geo_cov_rur,2019,11.661
fra,sex_f,age_ythadult_yge25,geo_cov_rur,2020,10.625
fra,sex_f,age_ythadult_yge25,geo_cov_rur,2021,7.525
fra,sex_f,age_ythadult_yge25,geo_cov_rur,2022,6.64
fra,sex_f,age_ythadult_yge25,geo_cov_rur,2023,6.129
fra,sex_f,age_ythadult_yge25,geo_cov_rur,2024,5.867
fra,sex_f,age_ythadult_yge25,geo_cov_urb,1998,14.489
fra,sex_f,age_ythadult_yge25,geo_cov_urb,1999,14.169
fra,sex_f,age_ythadult_yge25,geo_cov_urb,2000,13.18
fra,sex_f,age_ythadult_yge25,geo_cov_urb,2001,11.62
fra,sex_f,age_ythadult_yge25,geo_cov_urb,2002,10.649
fra,sex_f,age_ythadult_yge25,geo_cov_urb,2003,10.89
fra,sex_f,age_ythadult_yge25,geo_cov_urb,2004,11.569
fra,sex_f,age_ythadult_yge25,geo_cov_urb,2005,10.895
fra,sex_f,age_ythadult_yge25,geo_cov_urb,2006,10.52
fra,sex_f,age_ythadult_yge25,geo_cov_urb,2007,9.534
fra,sex_f,age_ythadult_yge25,geo_cov_urb,2008,8.587
fra,sex_f,age_ythadult_yge25,geo_cov_urb,2009,9.983
fra,sex_f,age_ythadult_yge25,geo_cov_urb,2010,10.319
fra,sex_f,age_ythadult_yge25,geo_cov_urb,2011,10.662
fra,sex_f,age_ythadult_yge25,geo_cov_urb,2012,10.868
fra,sex_f,age_ythadult_yge25,geo_cov_urb,2013,9.996
fra,sex_f,age_ythadult_yge25,geo_cov_urb,2014,11.882
fra,sex_f,age_ythadult_yge25,geo_cov_urb,2015,11.593
fra,sex_f,age_ythadult_yge25,geo_cov_urb,2016,11.376
fra,sex_f,age_ythadult_yge25,geo_cov_urb,2017,11.35
fra,sex_f,age_ythadult_yge25,geo_cov_urb,2018,11.078
fra,sex_f,age_ythadult_yge25,geo_cov_urb,2019,10.155
fra,sex_f,age_ythadult_yge25,geo_cov_urb,2020,10.265
fra,sex_f,age_ythadult_yge25,geo_cov_urb,2021,10.781
fra,sex_f,age_ythadult_yge25,geo_cov_urb,2022,9.95
fra,sex_f,age_ythadult_yge25,geo_cov_urb,2023,9.997
fra,sex_f,age_ythadult_yge25,geo_cov_urb,2024,9.997
fra,sex_m,age_aggregate_total,geo_cov_nat,1998,11.236
fra,sex_m,age_aggregate_total,geo_cov_nat,1999,11.154
fra,sex_m,age_aggregate_total,geo_cov_nat,2000,9.345
fra,sex_m,age_aggregate_total,geo_cov_nat,2001,7.861
fra,sex_m,age_aggregate_total,geo_cov_nat,2002,8.774
fra,sex_m,age_aggregate_total,geo_cov_nat,2003,9.087
fra,sex_m,age_aggregate_total,geo_cov_nat,2004,9.519
fra,sex_m,age_aggregate_total,geo_cov_nat,2005,9.553
fra,sex_m,age_aggregate_total,geo_cov_nat,2006,9.61
fra,sex_m,age_aggregate_total,geo_cov_nat,2007,8.931
fra,sex_m,age_aggregate_total,geo_cov_nat,2008,8.356
fra,sex_m,age_aggregate_total,geo_cov_nat,2009,10.457
fra,sex_m,age_aggregate_total,geo_cov_nat,2010,10.574
fra,sex_m,age_aggregate_total,geo_cov_nat,2011,10.502
fra,sex_m,age_aggregate_total,geo_cov_nat,2012,11.416
fra,sex_m,age_aggregate_total,geo_cov_nat,2013,11.497
fra,sex_m,age_aggregate_total,geo_cov_nat,2014,13.058
fra,sex_m,age_aggregate_total,geo_cov_nat,2015,13.448
fra,sex_m,age_aggregate_total,geo_cov_nat,2016,12.935
fra,sex_m,age_aggregate_total,geo_cov_nat,2017,12.021
fra,sex_m,age_aggregate_total,geo_cov_nat,2018,11.543
fra,sex_m,age_aggregate_total,geo_cov_nat,2019,11.024
fra,sex_m,age_aggregate_total,geo_cov_nat,2020,11.504
fra,sex_m,age_aggregate_total,geo_cov_nat,2021,11.299
fra,sex_m,age_aggregate_total,geo_cov_nat,2022,10.535
fra,sex_m,age_aggregate_total,geo_cov_nat,2023,10.603
fra,sex_m,age_aggregate_total,geo_cov_nat,2024,10.536
fra,sex_m,age_aggregate_total,geo_cov_rur,1998,8.611
fra,sex_m,age_aggregate_total,geo_cov_rur,1999,8.982
fra,sex_m,age_aggregate_total,geo_cov_rur,2000,7.114
fra,sex_m,age_aggregate_total,geo_cov_rur,2001,5.761
fra,sex_m,age_aggregate_total,geo_cov_rur,2002,6.71
fra,sex_m,age_aggregate_total,geo_cov_rur,2003,5.519
fra,sex_m,age_aggregate_total,geo_cov_rur,2004,7.029
fra,sex_m,age_aggregate_total,geo_cov_rur,2005,7.534
fra,sex_m,age_aggregate_total,geo_cov_rur,2006,7.948
fra,sex_m,age_aggregate_total,geo_cov_rur,2007,6.899
fra,sex_m,age_aggregate_total,geo_cov_rur,2008,6.723
fra,sex_m,age_aggregate_total,geo_cov_rur,2009,8.391
fra,sex_m,age_aggregate_total,geo_cov_rur,2010,8.908
fra,sex_m,age_aggregate_total,geo_cov_rur,2011,9.377
fra,sex_m,age_aggregate_total,geo_cov_rur,2012,11.002
fra,sex_m,age_aggregate_total,geo_cov_rur,2013,10.711
fra,sex_m,age_aggregate_total,geo_cov_rur,2014,11.807
fra,sex_m,age_aggregate_total,geo_cov_rur,2015,12.283
fra,sex_m,age_aggregate_total,geo_cov_rur,2016,11.851
fra,sex_m,age_aggregate_total,geo_cov_rur,2017,11.422
fra,sex_m,age_aggregate_total,geo_cov_rur,2018,11.118
fra,sex_m,age_aggregate_total,geo_cov_rur,2019,10.385
fra,sex_m,age_aggregate_total,geo_cov_rur,2020,10.198
fra,sex_m,age_aggregate_total,geo_cov_rur,2021,7.294
fra,sex_m,age_aggregate_total,geo_cov_rur,2022,6.867
fra,sex_m,age_aggregate_total,geo_cov_rur,2023,7.321
fra,sex_m,age_aggregate_total,geo_cov_rur,2024,6.617
fra,sex_m,age_aggregate_total,geo_cov_urb,1998,12.938
fra,sex_m,age_aggregate_total,geo_cov_urb,1999,12.555
fra,sex_m,age_aggregate_total,geo_cov_urb,2000,10.785
fra,sex_m,age_aggregate_total,geo_cov_urb,2001,9.202
fra,sex_m,age_aggregate_total,geo_cov_urb,2002,10.122
fra,sex_m,age_aggregate_total,geo_cov_urb,2003,9.89
fra,sex_m,age_aggregate_total,geo_cov_urb,2004,10.059
fra,sex_m,age_aggregate_total,geo_cov_urb,2005,9.965
fra,sex_m,age_aggregate_total,geo_cov_urb,2006,9.956
fra,sex_m,age_aggregate_total,geo_cov_urb,2007,9.35
fra,sex_m,age_aggregate_total,geo_cov_urb,2008,8.688
fra,sex_m,age_aggregate_total,geo_cov_urb,2009,10.878
fra,sex_m,age_aggregate_total,geo_cov_urb,2010,10.904
fra,sex_m,age_aggregate_total,geo_cov_urb,2011,10.706
fra,sex_m,age_aggregate_total,geo_cov_urb,2012,11.49
fra,sex_m,age_aggregate_total,geo_cov_urb,2013,11.636
fra,sex_m,age_aggregate_total,geo_cov_urb,2014,13.283
fra,sex_m,age_aggregate_total,geo_cov_urb,2015,13.655
fra,sex_m,age_aggregate_total,geo_cov_urb,2016,13.131
fra,sex_m,age_aggregate_total,geo_cov_urb,2017,12.127
fra,sex_m,age_aggregate_total,geo_cov_urb,2018,11.617
fra,sex_m,age_aggregate_total,geo_cov_urb,2019,11.138
fra,sex_m,age_aggregate_total,geo_cov_urb,2020,11.755
fra,sex_m,age_aggregate_total,geo_cov_urb,2021,12.447
fra,sex_m,age_aggregate_total,geo_cov_urb,2022,11.549
fra,sex_m,age_aggregate_total,geo_cov_urb,2023,11.514
fra,sex_m,age_aggregate_total,geo_cov_urb,2024,11.603
fra,sex_m,age_aggregate_y15_24,geo_cov_nat,1998,25.82
fra,sex_m,age_aggregate_y15_24,geo_cov_nat,1999,26.089
fra,sex_m,age_aggregate_y15_24,geo_cov_nat,2000,20.437
fra,sex_m,age_aggregate_y15_24,geo_cov_nat,2001,17.63
fra,sex_m,age_aggregate_y15_24,geo_cov_nat,2002,19.499
fra,sex_m,age_aggregate_y15_24,geo_cov_nat,2003,19.976
fra,sex_m,age_aggregate_y15_24,geo_cov_nat,2004,22.575
fra,sex_m,age_aggregate_y15_24,geo_cov_nat,2005,23.463
fra,sex_m,age_aggregate_y15_24,geo_cov_nat,2006,24.443
fra,sex_m,age_aggregate_y15_24,geo_cov_nat,2007,22.445
fra,sex_m,age_aggregate_y15_24,geo_cov_nat,2008,22.663
fra,sex_m,age_aggregate_y15_24,geo_cov_nat,2009,28.919
fra,sex_m,age_aggregate_y15_24,geo_cov_nat,2010,26.282
fra,sex_m,age_aggregate_y15_24,geo_cov_nat,2011,26.315
fra,sex_m,age_aggregate_y15_24,geo_cov_nat,2012,29.312
fra,sex_m,age_aggregate_y15_24,geo_cov_nat,2013,27.354
fra,sex_m,age_aggregate_y15_24,geo_cov_nat,2014,30.721
fra,sex_m,age_aggregate_y15_24,geo_cov_nat,2015,31.575
fra,sex_m,age_aggregate_y15_24,geo_cov_nat,2016,30.763
fra,sex_m,age_aggregate_y15_24,geo_cov_nat,2017,28.548
fra,sex_m,age_aggregate_y15_24,geo_cov_nat,2018,26.579
fra,sex_m,age_aggregate_y15_24,geo_cov_nat,2019,26.033
fra,sex_m,age_aggregate_y15_24,geo_cov_nat,2020,27.405
fra,sex_m,age_aggregate_y15_24,geo_cov_nat,2021,27.518
fra,sex_m,age_aggregate_y15_24,geo_cov_nat,2022,26.148
fra,sex_m,age_aggregate_y15_24,geo_cov_nat,2023,26.236
fra,sex_m,age_aggregate_y15_24,geo_cov_nat,2024,27.243
fra,sex_m,age_aggregate_y15_24,geo_cov_rur,1998,21.54
fra,sex_m,age_aggregate_y15_24,geo_cov_rur,1999,23.087
fra,sex_m,age_aggregate_y15_24,geo_cov_rur,2000,16.451
fra,sex_m,age_aggregate_y15_24,geo_cov_rur,2001,13.268
fra,sex_m,age_aggregate_y15_24,geo_cov_rur,2002,16.145
fra,sex_m,age_aggregate_y15_24,geo_cov_rur,2003,14.166
fra,sex_m,age_aggregate_y15_24,geo_cov_rur,2004,16.958
fra,sex_m,age_aggregate_y15_24,geo_cov_rur,2005,18.102
fra,sex_m,age_aggregate_y15_24,geo_cov_rur,2006,20.989
fra,sex_m,age_aggregate_y15_24,geo_cov_rur,2007,18.377
fra,sex_m,age_aggregate_y15_24,geo_cov_rur,2008,16.802
fra,sex_m,age_aggregate_y15_24,geo_cov_rur,2009,27.357
fra,sex_m,age_aggregate_y15_24,geo_cov_rur,2010,22.089
fra,sex_m,age_aggregate_y15_24,geo_cov_rur,2011,24.523
fra,sex_m,age_aggregate_y15_24,geo_cov_rur,2012,27.259
fra,sex_m,age_aggregate_y15_24,geo_cov_rur,2013,26.378
fra,sex_m,age_aggregate_y15_24,geo_cov_rur,2014,28.55
fra,sex_m,age_aggregate_y15_24,geo_cov_rur,2015,27.665
fra,sex_m,age_aggregate_y15_24,geo_cov_rur,2016,29.733
fra,sex_m,age_aggregate_y15_24,geo_cov_rur,2017,27.113
fra,sex_m,age_aggregate_y15_24,geo_cov_rur,2018,27.011
fra,sex_m,age_aggregate_y15_24,geo_cov_rur,2019,24.996
fra,sex_m,age_aggregate_y15_24,geo_cov_rur,2020,22.599
fra,sex_m,age_aggregate_y15_24,geo_cov_rur,2021,20.446
fra,sex_m,age_aggregate_y15_24,geo_cov_rur,2022,19.191
fra,sex_m,age_aggregate_y15_24,geo_cov_rur,2023,20.584
fra,sex_m,age_aggregate_y15_24,geo_cov_rur,2024,20.689
fra,sex_m,age_aggregate_y15_24,geo_cov_urb,1998,28.634
fra,sex_m,age_aggregate_y15_24,geo_cov_urb,1999,28.095
fra,sex_m,age_aggregate_y15_24,geo_cov_urb,2000,23.177
fra,sex_m,age_aggregate_y15_24,geo_cov_urb,2001,20.461
fra,sex_m,age_aggregate_y15_24,geo_cov_urb,2002,21.638
fra,sex_m,age_aggregate_y15_24,geo_cov_urb,2003,21.255
fra,sex_m,age_aggregate_y15_24,geo_cov_urb,2004,23.735
fra,sex_m,age_aggregate_y15_24,geo_cov_urb,2005,24.417
fra,sex_m,age_aggregate_y15_24,geo_cov_urb,2006,25.104
fra,sex_m,age_aggregate_y15_24,geo_cov_urb,2007,23.244
fra,sex_m,age_aggregate_y15_24,geo_cov_urb,2008,23.825
fra,sex_m,age_aggregate_y15_24,geo_cov_urb,2009,29.205
fra,sex_m,age_aggregate_y15_24,geo_cov_urb,2010,27.105
fra,sex_m,age_aggregate_y15_24,geo_cov_urb,2011,26.646
fra,sex_m,age_aggregate_y15_24,geo_cov_urb,2012,29.688
fra,sex_m,age_aggregate_y15_24,geo_cov_urb,2013,27.527
fra,sex_m,age_aggregate_y15_24,geo_cov_urb,2014,31.136
fra,sex_m,age_aggregate_y15_24,geo_cov_urb,2015,32.303
fra,sex_m,age_aggregate_y15_24,geo_cov_urb,2016,30.952
fra,sex_m,age_aggregate_y15_24,geo_cov_urb,2017,28.799
fra,sex_m,age_aggregate_y15_24,geo_cov_urb,2018,26.504
fra,sex_m,age_aggregate_y15_24,geo_cov_urb,2019,26.219
fra,sex_m,age_aggregate_y15_24,geo_cov_urb,2020,28.419
fra,sex_m,age_aggregate_y15_24,geo_cov_urb,2021,29.452
fra,sex_m,age_aggregate_y15_24,geo_cov_urb,2022,27.948
fra,sex_m,age_aggregate_y15_24,geo_cov_urb,2023,27.693
fra,sex_m,age_aggregate_y15_24,geo_cov_urb,2024,28.793
fra,sex_m,age_aggregate_y25_54,geo_cov_nat,1998,9.771
fra,sex_m,age_aggregate_y25_54,geo_cov_nat,1999,9.483
fra,sex_m,age_aggregate_y25_54,geo_cov_nat,2000,8.06
fra,sex_m,age_aggregate_y25_54,geo_cov_nat,2001,6.69
fra,sex_m,age_aggregate_y25_54,geo_cov_nat,2002,7.508
fra,sex_m,age_aggregate_y25_54,geo_cov_nat,2003,7.791
fra,sex_m,age_aggregate_y25_54,geo_cov_nat,2004,8.147
fra,sex_m,age_aggregate_y25_54,geo_cov_nat,2005,8.095
fra,sex_m,age_aggregate_y25_54,geo_cov_nat,2006,7.976
fra,sex_m,age_aggregate_y25_54,geo_cov_nat,2007,7.486
fra,sex_m,age_aggregate_y25_54,geo_cov_nat,2008,6.758
fra,sex_m,age_aggregate_y25_54,geo_cov_nat,2009,8.374
fra,sex_m,age_aggregate_y25_54,geo_cov_nat,2010,8.819
fra,sex_m,age_aggregate_y25_54,geo_cov_nat,2011,8.943
fra,sex_m,age_aggregate_y25_54,geo_cov_nat,2012,9.774
fra,sex_m,age_aggregate_y25_54,geo_cov_nat,2013,10.06
fra,sex_m,age_aggregate_y25_54,geo_cov_nat,2014,11.376
fra,sex_m,age_aggregate_y25_54,geo_cov_nat,2015,11.798
fra,sex_m,age_aggregate_y25_54,geo_cov_nat,2016,11.207
fra,sex_m,age_aggregate_y25_54,geo_cov_nat,2017,10.384
fra,sex_m,age_aggregate_y25_54,geo_cov_nat,2018,9.937
fra,sex_m,age_aggregate_y25_54,geo_cov_nat,2019,9.513
fra,sex_m,age_aggregate_y25_54,geo_cov_nat,2020,10.006
fra,sex_m,age_aggregate_y25_54,geo_cov_nat,2021,9.4
fra,sex_m,age_aggregate_y25_54,geo_cov_nat,2022,8.681
fra,sex_m,age_aggregate_y25_54,geo_cov_nat,2023,8.675
fra,sex_m,age_aggregate_y25_54,geo_cov_nat,2024,8.697
fra,sex_m,age_aggregate_y25_54,geo_cov_rur,1998,7.321
fra,sex_m,age_aggregate_y25_54,geo_cov_rur,1999,7.347
fra,sex_m,age_aggregate_y25_54,geo_cov_rur,2000,6.043
fra,sex_m,age_aggregate_y25_54,geo_cov_rur,2001,4.872
fra,sex_m,age_aggregate_y25_54,geo_cov_rur,2002,5.627
fra,sex_m,age_aggregate_y25_54,geo_cov_rur,2003,4.59
fra,sex_m,age_aggregate_y25_54,geo_cov_rur,2004,5.871
fra,sex_m,age_aggregate_y25_54,geo_cov_rur,2005,6.517
fra,sex_m,age_aggregate_y25_54,geo_cov_rur,2006,6.614
fra,sex_m,age_aggregate_y25_54,geo_cov_rur,2007,5.859
fra,sex_m,age_aggregate_y25_54,geo_cov_rur,2008,5.742
fra,sex_m,age_aggregate_y25_54,geo_cov_rur,2009,6.178
fra,sex_m,age_aggregate_y25_54,geo_cov_rur,2010,7.329
fra,sex_m,age_aggregate_y25_54,geo_cov_rur,2011,7.626
fra,sex_m,age_aggregate_y25_54,geo_cov_rur,2012,9.533
fra,sex_m,age_aggregate_y25_54,geo_cov_rur,2013,9.361
fra,sex_m,age_aggregate_y25_54,geo_cov_rur,2014,10.15
fra,sex_m,age_aggregate_y25_54,geo_cov_rur,2015,10.985
fra,sex_m,age_aggregate_y25_54,geo_cov_rur,2016,10.018
fra,sex_m,age_aggregate_y25_54,geo_cov_rur,2017,9.76
fra,sex_m,age_aggregate_y25_54,geo_cov_rur,2018,9.138
fra,sex_m,age_aggregate_y25_54,geo_cov_rur,2019,8.855
fra,sex_m,age_aggregate_y25_54,geo_cov_rur,2020,8.541
fra,sex_m,age_aggregate_y25_54,geo_cov_rur,2021,5.54
fra,sex_m,age_aggregate_y25_54,geo_cov_rur,2022,5.286
fra,sex_m,age_aggregate_y25_54,geo_cov_rur,2023,5.663
fra,sex_m,age_aggregate_y25_54,geo_cov_rur,2024,5.077
fra,sex_m,age_aggregate_y25_54,geo_cov_urb,1998,11.358
fra,sex_m,age_aggregate_y25_54,geo_cov_urb,1999,10.852
fra,sex_m,age_aggregate_y25_54,geo_cov_urb,2000,9.356
fra,sex_m,age_aggregate_y25_54,geo_cov_urb,2001,7.855
fra,sex_m,age_aggregate_y25_54,geo_cov_urb,2002,8.744
fra,sex_m,age_aggregate_y25_54,geo_cov_urb,2003,8.509
fra,sex_m,age_aggregate_y25_54,geo_cov_urb,2004,8.634
fra,sex_m,age_aggregate_y25_54,geo_cov_urb,2005,8.416
fra,sex_m,age_aggregate_y25_54,geo_cov_urb,2006,8.259
fra,sex_m,age_aggregate_y25_54,geo_cov_urb,2007,7.819
fra,sex_m,age_aggregate_y25_54,geo_cov_urb,2008,6.96
fra,sex_m,age_aggregate_y25_54,geo_cov_urb,2009,8.822
fra,sex_m,age_aggregate_y25_54,geo_cov_urb,2010,9.11
fra,sex_m,age_aggregate_y25_54,geo_cov_urb,2011,9.171
fra,sex_m,age_aggregate_y25_54,geo_cov_urb,2012,9.816
fra,sex_m,age_aggregate_y25_54,geo_cov_urb,2013,10.18
fra,sex_m,age_aggregate_y25_54,geo_cov_urb,2014,11.586
fra,sex_m,age_aggregate_y25_54,geo_cov_urb,2015,11.937
fra,sex_m,age_aggregate_y25_54,geo_cov_urb,2016,11.416
fra,sex_m,age_aggregate_y25_54,geo_cov_urb,2017,10.493
fra,sex_m,age_aggregate_y25_54,geo_cov_urb,2018,10.07
fra,sex_m,age_aggregate_y25_54,geo_cov_urb,2019,9.626
fra,sex_m,age_aggregate_y25_54,geo_cov_urb,2020,10.27
fra,sex_m,age_aggregate_y25_54,geo_cov_urb,2021,10.466
fra,sex_m,age_aggregate_y25_54,geo_cov_urb,2022,9.588
fra,sex_m,age_aggregate_y25_54,geo_cov_urb,2023,9.48
fra,sex_m,age_aggregate_y25_54,geo_cov_urb,2024,9.661
fra,sex_m,age_aggregate_y55_64,geo_cov_nat,1998,9.89
fra,sex_m,age_aggregate_y55_64,geo_cov_nat,1999,9.844
fra,sex_m,age_aggregate_y55_64,geo_cov_nat,2000,9.302
fra,sex_m,age_aggregate_y55_64,geo_cov_nat,2001,7.404
fra,sex_m,age_aggregate_y55_64,geo_cov_nat,2002,7.257
fra,sex_m,age_aggregate_y55_64,geo_cov_nat,2003,7.901
fra,sex_m,age_aggregate_y55_64,geo_cov_nat,2004,6.707
fra,sex_m,age_aggregate_y55_64,geo_cov_nat,2005,7.477
fra,sex_m,age_aggregate_y55_64,geo_cov_nat,2006,7.969
fra,sex_m,age_aggregate_y55_64,geo_cov_nat,2007,7.201
fra,sex_m,age_aggregate_y55_64,geo_cov_nat,2008,6.712
fra,sex_m,age_aggregate_y55_64,geo_cov_nat,2009,8.415
fra,sex_m,age_aggregate_y55_64,geo_cov_nat,2010,9.272
fra,sex_m,age_aggregate_y55_64,geo_cov_nat,2011,8.553
fra,sex_m,age_aggregate_y55_64,geo_cov_nat,2012,9.14
fra,sex_m,age_aggregate_y55_64,geo_cov_nat,2013,9.082
fra,sex_m,age_aggregate_y55_64,geo_cov_nat,2014,10.828
fra,sex_m,age_aggregate_y55_64,geo_cov_nat,2015,10.931
fra,sex_m,age_aggregate_y55_64,geo_cov_nat,2016,11.064
fra,sex_m,age_aggregate_y55_64,geo_cov_nat,2017,9.998
fra,sex_m,age_aggregate_y55_64,geo_cov_nat,2018,9.723
fra,sex_m,age_aggregate_y55_64,geo_cov_nat,2019,9.108
fra,sex_m,age_aggregate_y55_64,geo_cov_nat,2020,8.894
fra,sex_m,age_aggregate_y55_64,geo_cov_nat,2021,9.176
fra,sex_m,age_aggregate_y55_64,geo_cov_nat,2022,8.229
fra,sex_m,age_aggregate_y55_64,geo_cov_nat,2023,8.047
fra,sex_m,age_aggregate_y55_64,geo_cov_nat,2024,7.235
fra,sex_m,age_aggregate_y55_64,geo_cov_rur,1998,7.283
fra,sex_m,age_aggregate_y55_64,geo_cov_rur,1999,8.089
fra,sex_m,age_aggregate_y55_64,geo_cov_rur,2000,6.53
fra,sex_m,age_aggregate_y55_64,geo_cov_rur,2001,5.427
fra,sex_m,age_aggregate_y55_64,geo_cov_rur,2002,5.4
fra,sex_m,age_aggregate_y55_64,geo_cov_rur,2003,3.976
fra,sex_m,age_aggregate_y55_64,geo_cov_rur,2004,6.502
fra,sex_m,age_aggregate_y55_64,geo_cov_rur,2005,6.517
fra,sex_m,age_aggregate_y55_64,geo_cov_rur,2006,6.744
fra,sex_m,age_aggregate_y55_64,geo_cov_rur,2007,4.618
fra,sex_m,age_aggregate_y55_64,geo_cov_rur,2008,4.943
fra,sex_m,age_aggregate_y55_64,geo_cov_rur,2009,8.285
fra,sex_m,age_aggregate_y55_64,geo_cov_rur,2010,8.553
fra,sex_m,age_aggregate_y55_64,geo_cov_rur,2011,8.504
fra,sex_m,age_aggregate_y55_64,geo_cov_rur,2012,8.854
fra,sex_m,age_aggregate_y55_64,geo_cov_rur,2013,7.9
fra,sex_m,age_aggregate_y55_64,geo_cov_rur,2014,9.538
fra,sex_m,age_aggregate_y55_64,geo_cov_rur,2015,9.487
fra,sex_m,age_aggregate_y55_64,geo_cov_rur,2016,10.454
fra,sex_m,age_aggregate_y55_64,geo_cov_rur,2017,9.819
fra,sex_m,age_aggregate_y55_64,geo_cov_rur,2018,10.076
fra,sex_m,age_aggregate_y55_64,geo_cov_rur,2019,8.876
fra,sex_m,age_aggregate_y55_64,geo_cov_rur,2020,9.543
fra,sex_m,age_aggregate_y55_64,geo_cov_rur,2021,6.601
fra,sex_m,age_aggregate_y55_64,geo_cov_rur,2022,5.658
fra,sex_m,age_aggregate_y55_64,geo_cov_rur,2023,5.782
fra,sex_m,age_aggregate_y55_64,geo_cov_rur,2024,4.908
fra,sex_m,age_aggregate_y55_64,geo_cov_urb,1998,11.476
fra,sex_m,age_aggregate_y55_64,geo_cov_urb,1999,10.944
fra,sex_m,age_aggregate_y55_64,geo_cov_urb,2000,10.985
fra,sex_m,age_aggregate_y55_64,geo_cov_urb,2001,8.57
fra,sex_m,age_aggregate_y55_64,geo_cov_urb,2002,8.387
fra,sex_m,age_aggregate_y55_64,geo_cov_urb,2003,8.796
fra,sex_m,age_aggregate_y55_64,geo_cov_urb,2004,6.757
fra,sex_m,age_aggregate_y55_64,geo_cov_urb,2005,7.699
fra,sex_m,age_aggregate_y55_64,geo_cov_urb,2006,8.238
fra,sex_m,age_aggregate_y55_64,geo_cov_urb,2007,7.778
fra,sex_m,age_aggregate_y55_64,geo_cov_urb,2008,7.113
fra,sex_m,age_aggregate_y55_64,geo_cov_urb,2009,8.442
fra,sex_m,age_aggregate_y55_64,geo_cov_urb,2010,9.426
fra,sex_m,age_aggregate_y55_64,geo_cov_urb,2011,8.564
fra,sex_m,age_aggregate_y55_64,geo_cov_urb,2012,9.202
fra,sex_m,age_aggregate_y55_64,geo_cov_urb,2013,9.319
fra,sex_m,age_aggregate_y55_64,geo_cov_urb,2014,11.107
fra,sex_m,age_aggregate_y55_64,geo_cov_urb,2015,11.221
fra,sex_m,age_aggregate_y55_64,geo_cov_urb,2016,11.182
fra,sex_m,age_aggregate_y55_64,geo_cov_urb,2017,10.032
fra,sex_m,age_aggregate_y55_64,geo_cov_urb,2018,9.65
fra,sex_m,age_aggregate_y55_64,geo_cov_urb,2019,9.154
fra,sex_m,age_aggregate_y55_64,geo_cov_urb,2020,8.751
fra,sex_m,age_aggregate_y55_64,geo_cov_urb,2021,10.05
fra,sex_m,age_aggregate_y55_64,geo_cov_urb,2022,9.071
fra,sex_m,age_aggregate_y55_64,geo_cov_urb,2023,8.798
fra,sex_m,age_aggregate_y55_64,geo_cov_urb,2024,7.962
fra,sex_m,age_aggregate_yge65,geo_cov_nat,1999,2.677
fra,sex_m,age_aggregate_yge65,geo_cov_nat,2001,4.827
fra,sex_m,age_aggregate_yge65,geo_cov_nat,2002,4.135
fra,sex_m,age_aggregate_yge65,geo_cov_nat,2006,1.172
fra,sex_m,age_aggregate_yge65,geo_cov_nat,2007,1.745
fra,sex_m,age_aggregate_yge65,geo_cov_nat,2008,4.279
fra,sex_m,age_aggregate_yge65,geo_cov_nat,2009,4.736
fra,sex_m,age_aggregate_yge65,geo_cov_nat,2010,2.749
fra,sex_m,age_aggregate_yge65,geo_cov_nat,2011,1.902
fra,sex_m,age_aggregate_yge65,geo_cov_nat,2012,1.211
fra,sex_m,age_aggregate_yge65,geo_cov_nat,2013,6.41
fra,sex_m,age_aggregate_yge65,geo_cov_nat,2014,8.479
fra,sex_m,age_aggregate_yge65,geo_cov_nat,2015,8.509
fra,sex_m,age_aggregate_yge65,geo_cov_nat,2016,6.697
fra,sex_m,age_aggregate_yge65,geo_cov_nat,2017,8.454
fra,sex_m,age_aggregate_yge65,geo_cov_nat,2018,11.173
fra,sex_m,age_aggregate_yge65,geo_cov_nat,2019,9.73
fra,sex_m,age_aggregate_yge65,geo_cov_nat,2020,11.297
fra,sex_m,age_aggregate_yge65,geo_cov_nat,2021,12.274
fra,sex_m,age_aggregate_yge65,geo_cov_nat,2022,9.494
fra,sex_m,age_aggregate_yge65,geo_cov_nat,2023,10.961
fra,sex_m,age_aggregate_yge65,geo_cov_nat,2024,10.175
fra,sex_m,age_aggregate_yge65,geo_cov_rur,2011,2.607
fra,sex_m,age_aggregate_yge65,geo_cov_rur,2013,9.096
fra,sex_m,age_aggregate_yge65,geo_cov_rur,2014,7.495
fra,sex_m,age_aggregate_yge65,geo_cov_rur,2015,8.186
fra,sex_m,age_aggregate_yge65,geo_cov_rur,2016,4.833
fra,sex_m,age_aggregate_yge65,geo_cov_rur,2017,10.831
fra,sex_m,age_aggregate_yge65,geo_cov_rur,2018,13.053
fra,sex_m,age_aggregate_yge65,geo_cov_rur,2019,7.751
fra,sex_m,age_aggregate_yge65,geo_cov_rur,2020,9.107
fra,sex_m,age_aggregate_yge65,geo_cov_rur,2021,8.336
fra,sex_m,age_aggregate_yge65,geo_cov_rur,2022,8.046
fra,sex_m,age_aggregate_yge65,geo_cov_rur,2023,7.466
fra,sex_m,age_aggregate_yge65,geo_cov_rur,2024,5.807
fra,sex_m,age_aggregate_yge65,geo_cov_urb,2001,8.652
fra,sex_m,age_aggregate_yge65,geo_cov_urb,2002,7.175
fra,sex_m,age_aggregate_yge65,geo_cov_urb,2006,1.492
fra,sex_m,age_aggregate_yge65,geo_cov_urb,2007,1.726
fra,sex_m,age_aggregate_yge65,geo_cov_urb,2008,4.592
fra,sex_m,age_aggregate_yge65,geo_cov_urb,2009,5.701
fra,sex_m,age_aggregate_yge65,geo_cov_urb,2010,3.218
fra,sex_m,age_aggregate_yge65,geo_cov_urb,2011,1.768
fra,sex_m,age_aggregate_yge65,geo_cov_urb,2012,1.048
fra,sex_m,age_aggregate_yge65,geo_cov_urb,2013,5.807
fra,sex_m,age_aggregate_yge65,geo_cov_urb,2014,8.698
fra,sex_m,age_aggregate_yge65,geo_cov_urb,2015,8.589
fra,sex_m,age_aggregate_yge65,geo_cov_urb,2016,7.166
fra,sex_m,age_aggregate_yge65,geo_cov_urb,2017,7.985
fra,sex_m,age_aggregate_yge65,geo_cov_urb,2018,10.792
fra,sex_m,age_aggregate_yge65,geo_cov_urb,2019,10.203
fra,sex_m,age_aggregate_yge65,geo_cov_urb,2020,11.872
fra,sex_m,age_aggregate_yge65,geo_cov_urb,2021,13.452
fra,sex_m,age_aggregate_yge65,geo_cov_urb,2022,9.906
fra,sex_m,age_aggregate_yge65,geo_cov_urb,2023,12.015
fra,sex_m,age_aggregate_yge65,geo_cov_urb,2024,11.614
fra,sex_m,age_ythadult_y15_24,geo_cov_nat,1998,25.82
fra,sex_m,age_ythadult_y15_24,geo_cov_nat,1999,26.089
fra,sex_m,age_ythadult_y15_24,geo_cov_nat,2000,20.437
fra,sex_m,age_ythadult_y15_24,geo_cov_nat,2001,17.63
fra,sex_m,age_ythadult_y15_24,geo_cov_nat,2002,19.499
fra,sex_m,age_ythadult_y15_24,geo_cov_nat,2003,19.976
fra,sex_m,age_ythadult_y15_24,geo_cov_nat,2004,22.575
fra,sex_m,age_ythadult_y15_24,geo_cov_nat,2005,23.463
fra,sex_m,age_ythadult_y15_24,geo_cov_nat,2006,24.443
fra,sex_m,age_ythadult_y15_24,geo_cov_nat,2007,22.445
fra,sex_m,age_ythadult_y15_24,geo_cov_nat,2008,22.663
fra,sex_m,age_ythadult_y15_24,geo_cov_nat,2009,28.919
fra,sex_m,age_ythadult_y15_24,geo_cov_nat,2010,26.282
fra,sex_m,age_ythadult_y15_24,geo_cov_nat,2011,26.315
fra,sex_m,age_ythadult_y15_24,geo_cov_nat,2012,29.312
fra,sex_m,age_ythadult_y15_24,geo_cov_nat,2013,27.354
fra,sex_m,age_ythadult_y15_24,geo_cov_nat,2014,30.721
fra,sex_m,age_ythadult_y15_24,geo_cov_nat,2015,31.575
fra,sex_m,age_ythadult_y15_24,geo_cov_nat,2016,30.763
fra,sex_m,age_ythadult_y15_24,geo_cov_nat,2017,28.548
fra,sex_m,age_ythadult_y15_24,geo_cov_nat,2018,26.579
fra,sex_m,age_ythadult_y15_24,geo_cov_nat,2019,26.033
fra,sex_m,age_ythadult_y15_24,geo_cov_nat,2020,27.405
fra,sex_m,age_ythadult_y15_24,geo_cov_nat,2021,27.518
fra,sex_m,age_ythadult_y15_24,geo_cov_nat,2022,26.148
fra,sex_m,age_ythadult_y15_24,geo_cov_nat,2023,26.236
fra,sex_m,age_ythadult_y15_24,geo_cov_nat,2024,27.243
fra,sex_m,age_ythadult_y15_24,geo_cov_rur,1998,21.54
fra,sex_m,age_ythadult_y15_24,geo_cov_rur,1999,23.087
fra,sex_m,age_ythadult_y15_24,geo_cov_rur,2000,16.451
fra,sex_m,age_ythadult_y15_24,geo_cov_rur,2001,13.268
fra,sex_m,age_ythadult_y15_24,geo_cov_rur,2002,16.145
fra,sex_m,age_ythadult_y15_24,geo_cov_rur,2003,14.166
fra,sex_m,age_ythadult_y15_24,geo_cov_rur,2004,16.958
fra,sex_m,age_ythadult_y15_24,geo_cov_rur,2005,18.102
fra,sex_m,age_ythadult_y15_24,geo_cov_rur,2006,20.989
fra,sex_m,age_ythadult_y15_24,geo_cov_rur,2007,18.377
fra,sex_m,age_ythadult_y15_24,geo_cov_rur,2008,16.802
fra,sex_m,age_ythadult_y15_24,geo_cov_rur,2009,27.357
fra,sex_m,age_ythadult_y15_24,geo_cov_rur,2010,22.089
fra,sex_m,age_ythadult_y15_24,geo_cov_rur,2011,24.523
fra,sex_m,age_ythadult_y15_24,geo_cov_rur,2012,27.259
fra,sex_m,age_ythadult_y15_24,geo_cov_rur,2013,26.378
fra,sex_m,age_ythadult_y15_24,geo_cov_rur,2014,28.55
fra,sex_m,age_ythadult_y15_24,geo_cov_rur,2015,27.665
fra,sex_m,age_ythadult_y15_24,geo_cov_rur,2016,29.733
fra,sex_m,age_ythadult_y15_24,geo_cov_rur,2017,27.113
fra,sex_m,age_ythadult_y15_24,geo_cov_rur,2018,27.011
fra,sex_m,age_ythadult_y15_24,geo_cov_rur,2019,24.996
fra,sex_m,age_ythadult_y15_24,geo_cov_rur,2020,22.599
fra,sex_m,age_ythadult_y15_24,geo_cov_rur,2021,20.446
fra,sex_m,age_ythadult_y15_24,geo_cov_rur,2022,19.191
fra,sex_m,age_ythadult_y15_24,geo_cov_rur,2023,20.584
fra,sex_m,age_ythadult_y15_24,geo_cov_rur,2024,20.689
fra,sex_m,age_ythadult_y15_24,geo_cov_urb,1998,28.634
fra,sex_m,age_ythadult_y15_24,geo_cov_urb,1999,28.095
fra,sex_m,age_ythadult_y15_24,geo_cov_urb,2000,23.177
fra,sex_m,age_ythadult_y15_24,geo_cov_urb,2001,20.461
fra,sex_m,age_ythadult_y15_24,geo_cov_urb,2002,21.638
fra,sex_m,age_ythadult_y15_24,geo_cov_urb,2003,21.255
fra,sex_m,age_ythadult_y15_24,geo_cov_urb,2004,23.735
fra,sex_m,age_ythadult_y15_24,geo_cov_urb,2005,24.417
fra,sex_m,age_ythadult_y15_24,geo_cov_urb,2006,25.104
fra,sex_m,age_ythadult_y15_24,geo_cov_urb,2007,23.244
fra,sex_m,age_ythadult_y15_24,geo_cov_urb,2008,23.825
fra,sex_m,age_ythadult_y15_24,geo_cov_urb,2009,29.205
fra,sex_m,age_ythadult_y15_24,geo_cov_urb,2010,27.105
fra,sex_m,age_ythadult_y15_24,geo_cov_urb,2011,26.646
fra,sex_m,age_ythadult_y15_24,geo_cov_urb,2012,29.688
fra,sex_m,age_ythadult_y15_24,geo_cov_urb,2013,27.527
fra,sex_m,age_ythadult_y15_24,geo_cov_urb,2014,31.136
fra,sex_m,age_ythadult_y15_24,geo_cov_urb,2015,32.303
fra,sex_m,age_ythadult_y15_24,geo_cov_urb,2016,30.952
fra,sex_m,age_ythadult_y15_24,geo_cov_urb,2017,28.799
fra,sex_m,age_ythadult_y15_24,geo_cov_urb,2018,26.504
fra,sex_m,age_ythadult_y15_24,geo_cov_urb,2019,26.219
fra,sex_m,age_ythadult_y15_24,geo_cov_urb,2020,28.419
fra,sex_m,age_ythadult_y15_24,geo_cov_urb,2021,29.452
fra,sex_m,age_ythadult_y15_24,geo_cov_urb,2022,27.948
fra,sex_m,age_ythadult_y15_24,geo_cov_urb,2023,27.693
fra,sex_m,age_ythadult_y15_24,geo_cov_urb,2024,28.793
fra,sex_m,age_ythadult_y15_64,geo_cov_nat,1998,11.284
fra,sex_m,age_ythadult_y15_64,geo_cov_nat,1999,11.192
fra,sex_m,age_ythadult_y15_64,geo_cov_nat,2000,9.378
fra,sex_m,age_ythadult_y15_64,geo_cov_nat,2001,7.873
fra,sex_m,age_ythadult_y15_64,geo_cov_nat,2002,8.795
fra,sex_m,age_ythadult_y15_64,geo_cov_nat,2003,9.129
fra,sex_m,age_ythadult_y15_64,geo_cov_nat,2004,9.55
fra,sex_m,age_ythadult_y15_64,geo_cov_nat,2005,9.596
fra,sex_m,age_ythadult_y15_64,geo_cov_nat,2006,9.648
fra,sex_m,age_ythadult_y15_64,geo_cov_nat,2007,8.973
fra,sex_m,age_ythadult_y15_64,geo_cov_nat,2008,8.382
fra,sex_m,age_ythadult_y15_64,geo_cov_nat,2009,10.494
fra,sex_m,age_ythadult_y15_64,geo_cov_nat,2010,10.634
fra,sex_m,age_ythadult_y15_64,geo_cov_nat,2011,10.582
fra,sex_m,age_ythadult_y15_64,geo_cov_nat,2012,11.527
fra,sex_m,age_ythadult_y15_64,geo_cov_nat,2013,11.557
fra,sex_m,age_ythadult_y15_64,geo_cov_nat,2014,13.118
fra,sex_m,age_ythadult_y15_64,geo_cov_nat,2015,13.519
fra,sex_m,age_ythadult_y15_64,geo_cov_nat,2016,13.033
fra,sex_m,age_ythadult_y15_64,geo_cov_nat,2017,12.079
fra,sex_m,age_ythadult_y15_64,geo_cov_nat,2018,11.549
fra,sex_m,age_ythadult_y15_64,geo_cov_nat,2019,11.051
fra,sex_m,age_ythadult_y15_64,geo_cov_nat,2020,11.508
fra,sex_m,age_ythadult_y15_64,geo_cov_nat,2021,11.279
fra,sex_m,age_ythadult_y15_64,geo_cov_nat,2022,10.56
fra,sex_m,age_ythadult_y15_64,geo_cov_nat,2023,10.594
fra,sex_m,age_ythadult_y15_64,geo_cov_nat,2024,10.546
fra,sex_m,age_ythadult_y15_64,geo_cov_rur,1998,8.667
fra,sex_m,age_ythadult_y15_64,geo_cov_rur,1999,9.03
fra,sex_m,age_ythadult_y15_64,geo_cov_rur,2000,7.153
fra,sex_m,age_ythadult_y15_64,geo_cov_rur,2001,5.788
fra,sex_m,age_ythadult_y15_64,geo_cov_rur,2002,6.742
fra,sex_m,age_ythadult_y15_64,geo_cov_rur,2003,5.564
fra,sex_m,age_ythadult_y15_64,geo_cov_rur,2004,7.078
fra,sex_m,age_ythadult_y15_64,geo_cov_rur,2005,7.572
fra,sex_m,age_ythadult_y15_64,geo_cov_rur,2006,7.992
fra,sex_m,age_ythadult_y15_64,geo_cov_rur,2007,6.929
fra,sex_m,age_ythadult_y15_64,geo_cov_rur,2008,6.751
fra,sex_m,age_ythadult_y15_64,geo_cov_rur,2009,8.451
fra,sex_m,age_ythadult_y15_64,geo_cov_rur,2010,8.973
fra,sex_m,age_ythadult_y15_64,geo_cov_rur,2011,9.443
fra,sex_m,age_ythadult_y15_64,geo_cov_rur,2012,11.12
fra,sex_m,age_ythadult_y15_64,geo_cov_rur,2013,10.734
fra,sex_m,age_ythadult_y15_64,geo_cov_rur,2014,11.875
fra,sex_m,age_ythadult_y15_64,geo_cov_rur,2015,12.361
fra,sex_m,age_ythadult_y15_64,geo_cov_rur,2016,11.996
fra,sex_m,age_ythadult_y15_64,geo_cov_rur,2017,11.432
fra,sex_m,age_ythadult_y15_64,geo_cov_rur,2018,11.079
fra,sex_m,age_ythadult_y15_64,geo_cov_rur,2019,10.454
fra,sex_m,age_ythadult_y15_64,geo_cov_rur,2020,10.227
fra,sex_m,age_ythadult_y15_64,geo_cov_rur,2021,7.272
fra,sex_m,age_ythadult_y15_64,geo_cov_rur,2022,6.838
fra,sex_m,age_ythadult_y15_64,geo_cov_rur,2023,7.317
fra,sex_m,age_ythadult_y15_64,geo_cov_rur,2024,6.64
fra,sex_m,age_ythadult_y15_64,geo_cov_urb,1998,12.975
fra,sex_m,age_ythadult_y15_64,geo_cov_urb,1999,12.581
fra,sex_m,age_ythadult_y15_64,geo_cov_urb,2000,10.812
fra,sex_m,age_ythadult_y15_64,geo_cov_urb,2001,9.204
fra,sex_m,age_ythadult_y15_64,geo_cov_urb,2002,10.133
fra,sex_m,age_ythadult_y15_64,geo_cov_urb,2003,9.928
fra,sex_m,age_ythadult_y15_64,geo_cov_urb,2004,10.084
fra,sex_m,age_ythadult_y15_64,geo_cov_urb,2005,10.008
fra,sex_m,age_ythadult_y15_64,geo_cov_urb,2006,9.992
fra,sex_m,age_ythadult_y15_64,geo_cov_urb,2007,9.394
fra,sex_m,age_ythadult_y15_64,geo_cov_urb,2008,8.712
fra,sex_m,age_ythadult_y15_64,geo_cov_urb,2009,10.909
fra,sex_m,age_ythadult_y15_64,geo_cov_urb,2010,10.962
fra,sex_m,age_ythadult_y15_64,geo_cov_urb,2011,10.789
fra,sex_m,age_ythadult_y15_64,geo_cov_urb,2012,11.6
fra,sex_m,age_ythadult_y15_64,geo_cov_urb,2013,11.703
fra,sex_m,age_ythadult_y15_64,geo_cov_urb,2014,13.341
fra,sex_m,age_ythadult_y15_64,geo_cov_urb,2015,13.724
fra,sex_m,age_ythadult_y15_64,geo_cov_urb,2016,13.219
fra,sex_m,age_ythadult_y15_64,geo_cov_urb,2017,12.194
fra,sex_m,age_ythadult_y15_64,geo_cov_urb,2018,11.631
fra,sex_m,age_ythadult_y15_64,geo_cov_urb,2019,11.156
fra,sex_m,age_ythadult_y15_64,geo_cov_urb,2020,11.752
fra,sex_m,age_ythadult_y15_64,geo_cov_urb,2021,12.426
fra,sex_m,age_ythadult_y15_64,geo_cov_urb,2022,11.588
fra,sex_m,age_ythadult_y15_64,geo_cov_urb,2023,11.502
fra,sex_m,age_ythadult_y15_64,geo_cov_urb,2024,11.603
fra,sex_m,age_ythadult_yge15,geo_cov_nat,1998,11.236
fra,sex_m,age_ythadult_yge15,geo_cov_nat,1999,11.154
fra,sex_m,age_ythadult_yge15,geo_cov_nat,2000,9.345
fra,sex_m,age_ythadult_yge15,geo_cov_nat,2001,7.861
fra,sex_m,age_ythadult_yge15,geo_cov_nat,2002,8.774
fra,sex_m,age_ythadult_yge15,geo_cov_nat,2003,9.087
fra,sex_m,age_ythadult_yge15,geo_cov_nat,2004,9.519
fra,sex_m,age_ythadult_yge15,geo_cov_nat,2005,9.553
fra,sex_m,age_ythadult_yge15,geo_cov_nat,2006,9.61
fra,sex_m,age_ythadult_yge15,geo_cov_nat,2007,8.931
fra,sex_m,age_ythadult_yge15,geo_cov_nat,2008,8.356
fra,sex_m,age_ythadult_yge15,geo_cov_nat,2009,10.457
fra,sex_m,age_ythadult_yge15,geo_cov_nat,2010,10.574
fra,sex_m,age_ythadult_yge15,geo_cov_nat,2011,10.502
fra,sex_m,age_ythadult_yge15,geo_cov_nat,2012,11.416
fra,sex_m,age_ythadult_yge15,geo_cov_nat,2013,11.497
fra,sex_m,age_ythadult_yge15,geo_cov_nat,2014,13.058
fra,sex_m,age_ythadult_yge15,geo_cov_nat,2015,13.448
fra,sex_m,age_ythadult_yge15,geo_cov_nat,2016,12.935
fra,sex_m,age_ythadult_yge15,geo_cov_nat,2017,12.021
fra,sex_m,age_ythadult_yge15,geo_cov_nat,2018,11.543
fra,sex_m,age_ythadult_yge15,geo_cov_nat,2019,11.024
fra,sex_m,age_ythadult_yge15,geo_cov_nat,2020,11.504
fra,sex_m,age_ythadult_yge15,geo_cov_nat,2021,11.299
fra,sex_m,age_ythadult_yge15,geo_cov_nat,2022,10.535
fra,sex_m,age_ythadult_yge15,geo_cov_nat,2023,10.603
fra,sex_m,age_ythadult_yge15,geo_cov_nat,2024,10.536
fra,sex_m,age_ythadult_yge15,geo_cov_rur,1998,8.611
fra,sex_m,age_ythadult_yge15,geo_cov_rur,1999,8.982
fra,sex_m,age_ythadult_yge15,geo_cov_rur,2000,7.114
fra,sex_m,age_ythadult_yge15,geo_cov_rur,2001,5.761
fra,sex_m,age_ythadult_yge15,geo_cov_rur,2002,6.71
fra,sex_m,age_ythadult_yge15,geo_cov_rur,2003,5.519
fra,sex_m,age_ythadult_yge15,geo_cov_rur,2004,7.029
fra,sex_m,age_ythadult_yge15,geo_cov_rur,2005,7.534
fra,sex_m,age_ythadult_yge15,geo_cov_rur,2006,7.948
fra,sex_m,age_ythadult_yge15,geo_cov_rur,2007,6.899
fra,sex_m,age_ythadult_yge15,geo_cov_rur,2008,6.723
fra,sex_m,age_ythadult_yge15,geo_cov_rur,2009,8.391
fra,sex_m,age_ythadult_yge15,geo_cov_rur,2010,8.908
fra,sex_m,age_ythadult_yge15,geo_cov_rur,2011,9.377
fra,sex_m,age_ythadult_yge15,geo_cov_rur,2012,11.002
fra,sex_m,age_ythadult_yge15,geo_cov_rur,2013,10.711
fra,sex_m,age_ythadult_yge15,geo_cov_rur,2014,11.807
fra,sex_m,age_ythadult_yge15,geo_cov_rur,2015,12.283
fra,sex_m,age_ythadult_yge15,geo_cov_rur,2016,11.851
fra,sex_m,age_ythadult_yge15,geo_cov_rur,2017,11.422
fra,sex_m,age_ythadult_yge15,geo_cov_rur,2018,11.118
fra,sex_m,age_ythadult_yge15,geo_cov_rur,2019,10.385
fra,sex_m,age_ythadult_yge15,geo_cov_rur,2020,10.198
fra,sex_m,age_ythadult_yge15,geo_cov_rur,2021,7.294
fra,sex_m,age_ythadult_yge15,geo_cov_rur,2022,6.867
fra,sex_m,age_ythadult_yge15,geo_cov_rur,2023,7.321
fra,sex_m,age_ythadult_yge15,geo_cov_rur,2024,6.617
fra,sex_m,age_ythadult_yge15,geo_cov_urb,1998,12.938
fra,sex_m,age_ythadult_yge15,geo_cov_urb,1999,12.555
fra,sex_m,age_ythadult_yge15,geo_cov_urb,2000,10.785
fra,sex_m,age_ythadult_yge15,geo_cov_urb,2001,9.202
fra,sex_m,age_ythadult_yge15,geo_cov_urb,2002,10.122
fra,sex_m,age_ythadult_yge15,geo_cov_urb,2003,9.89
fra,sex_m,age_ythadult_yge15,geo_cov_urb,2004,10.059
fra,sex_m,age_ythadult_yge15,geo_cov_urb,2005,9.965
fra,sex_m,age_ythadult_yge15,geo_cov_urb,2006,9.956
fra,sex_m,age_ythadult_yge15,geo_cov_urb,2007,9.35
fra,sex_m,age_ythadult_yge15,geo_cov_urb,2008,8.688
fra,sex_m,age_ythadult_yge15,geo_cov_urb,2009,10.878
fra,sex_m,age_ythadult_yge15,geo_cov_urb,2010,10.904
fra,sex_m,age_ythadult_yge15,geo_cov_urb,2011,10.706
fra,sex_m,age_ythadult_yge15,geo_cov_urb,2012,11.49
fra,sex_m,age_ythadult_yge15,geo_cov_urb,2013,11.636
fra,sex_m,age_ythadult_yge15,geo_cov_urb,2014,13.283
fra,sex_m,age_ythadult_yge15,geo_cov_urb,2015,13.655
fra,sex_m,age_ythadult_yge15,geo_cov_urb,2016,13.131
fra,sex_m,age_ythadult_yge15,geo_cov_urb,2017,12.127
fra,sex_m,age_ythadult_yge15,geo_cov_urb,2018,11.617
fra,sex_m,age_ythadult_yge15,geo_cov_urb,2019,11.138
fra,sex_m,age_ythadult_yge15,geo_cov_urb,2020,11.755
fra,sex_m,age_ythadult_yge15,geo_cov_urb,2021,12.447
fra,sex_m,age_ythadult_yge15,geo_cov_urb,2022,11.549
fra,sex_m,age_ythadult_yge15,geo_cov_urb,2023,11.514
fra,sex_m,age_ythadult_yge15,geo_cov_urb,2024,11.603
fra,sex_m,age_ythadult_yge25,geo_cov_nat,1998,9.735
fra,sex_m,age_ythadult_yge25,geo_cov_nat,1999,9.476
fra,sex_m,age_ythadult_yge25,geo_cov_nat,2000,8.123
fra,sex_m,age_ythadult_yge25,geo_cov_nat,2001,6.738
fra,sex_m,age_ythadult_yge25,geo_cov_nat,2002,7.469
fra,sex_m,age_ythadult_yge25,geo_cov_nat,2003,7.761
fra,sex_m,age_ythadult_yge25,geo_cov_nat,2004,7.965
fra,sex_m,age_ythadult_yge25,geo_cov_nat,2005,7.981
fra,sex_m,age_ythadult_yge25,geo_cov_nat,2006,7.941
fra,sex_m,age_ythadult_yge25,geo_cov_nat,2007,7.413
fra,sex_m,age_ythadult_yge25,geo_cov_nat,2008,6.734
fra,sex_m,age_ythadult_yge25,geo_cov_nat,2009,8.354
fra,sex_m,age_ythadult_yge25,geo_cov_nat,2010,8.833
fra,sex_m,age_ythadult_yge25,geo_cov_nat,2011,8.813
fra,sex_m,age_ythadult_yge25,geo_cov_nat,2012,9.572
fra,sex_m,age_ythadult_yge25,geo_cov_nat,2013,9.857
fra,sex_m,age_ythadult_yge25,geo_cov_nat,2014,11.246
fra,sex_m,age_ythadult_yge25,geo_cov_nat,2015,11.601
fra,sex_m,age_ythadult_yge25,geo_cov_nat,2016,11.106
fra,sex_m,age_ythadult_yge25,geo_cov_nat,2017,10.282
fra,sex_m,age_ythadult_yge25,geo_cov_nat,2018,9.922
fra,sex_m,age_ythadult_yge25,geo_cov_nat,2019,9.444
fra,sex_m,age_ythadult_yge25,geo_cov_nat,2020,9.827
fra,sex_m,age_ythadult_yge25,geo_cov_nat,2021,9.422
fra,sex_m,age_ythadult_yge25,geo_cov_nat,2022,8.616
fra,sex_m,age_ythadult_yge25,geo_cov_nat,2023,8.614
fra,sex_m,age_ythadult_yge25,geo_cov_nat,2024,8.445
fra,sex_m,age_ythadult_yge25,geo_cov_rur,1998,7.266
fra,sex_m,age_ythadult_yge25,geo_cov_rur,1999,7.359
fra,sex_m,age_ythadult_yge25,geo_cov_rur,2000,6.042
fra,sex_m,age_ythadult_yge25,geo_cov_rur,2001,4.888
fra,sex_m,age_ythadult_yge25,geo_cov_rur,2002,5.579
fra,sex_m,age_ythadult_yge25,geo_cov_rur,2003,4.488
fra,sex_m,age_ythadult_yge25,geo_cov_rur,2004,5.9
fra,sex_m,age_ythadult_yge25,geo_cov_rur,2005,6.481
fra,sex_m,age_ythadult_yge25,geo_cov_rur,2006,6.59
fra,sex_m,age_ythadult_yge25,geo_cov_rur,2007,5.664
fra,sex_m,age_ythadult_yge25,geo_cov_rur,2008,5.606
fra,sex_m,age_ythadult_yge25,geo_cov_rur,2009,6.433
fra,sex_m,age_ythadult_yge25,geo_cov_rur,2010,7.455
fra,sex_m,age_ythadult_yge25,geo_cov_rur,2011,7.725
fra,sex_m,age_ythadult_yge25,geo_cov_rur,2012,9.299
fra,sex_m,age_ythadult_yge25,geo_cov_rur,2013,9.098
fra,sex_m,age_ythadult_yge25,geo_cov_rur,2014,9.987
fra,sex_m,age_ythadult_yge25,geo_cov_rur,2015,10.648
fra,sex_m,age_ythadult_yge25,geo_cov_rur,2016,9.981
fra,sex_m,age_ythadult_yge25,geo_cov_rur,2017,9.792
fra,sex_m,age_ythadult_yge25,geo_cov_rur,2018,9.416
fra,sex_m,age_ythadult_yge25,geo_cov_rur,2019,8.828
fra,sex_m,age_ythadult_yge25,geo_cov_rur,2020,8.77
fra,sex_m,age_ythadult_yge25,geo_cov_rur,2021,5.834
fra,sex_m,age_ythadult_yge25,geo_cov_rur,2022,5.44
fra,sex_m,age_ythadult_yge25,geo_cov_rur,2023,5.741
fra,sex_m,age_ythadult_yge25,geo_cov_rur,2024,5.063
fra,sex_m,age_ythadult_yge25,geo_cov_urb,1998,11.333
fra,sex_m,age_ythadult_yge25,geo_cov_urb,1999,10.836
fra,sex_m,age_ythadult_yge25,geo_cov_urb,2000,9.457
fra,sex_m,age_ythadult_yge25,geo_cov_urb,2001,7.917
fra,sex_m,age_ythadult_yge25,geo_cov_urb,2002,8.705
fra,sex_m,age_ythadult_yge25,geo_cov_urb,2003,8.501
fra,sex_m,age_ythadult_yge25,geo_cov_urb,2004,8.416
fra,sex_m,age_ythadult_yge25,geo_cov_urb,2005,8.292
fra,sex_m,age_ythadult_yge25,geo_cov_urb,2006,8.225
fra,sex_m,age_ythadult_yge25,geo_cov_urb,2007,7.775
fra,sex_m,age_ythadult_yge25,geo_cov_urb,2008,6.964
fra,sex_m,age_ythadult_yge25,geo_cov_urb,2009,8.75
fra,sex_m,age_ythadult_yge25,geo_cov_urb,2010,9.106
fra,sex_m,age_ythadult_yge25,geo_cov_urb,2011,9.01
fra,sex_m,age_ythadult_yge25,geo_cov_urb,2012,9.622
fra,sex_m,age_ythadult_yge25,geo_cov_urb,2013,9.991
fra,sex_m,age_ythadult_yge25,geo_cov_urb,2014,11.47
fra,sex_m,age_ythadult_yge25,geo_cov_urb,2015,11.77
fra,sex_m,age_ythadult_yge25,geo_cov_urb,2016,11.309
fra,sex_m,age_ythadult_yge25,geo_cov_urb,2017,10.369
fra,sex_m,age_ythadult_yge25,geo_cov_urb,2018,10.011
fra,sex_m,age_ythadult_yge25,geo_cov_urb,2019,9.553
fra,sex_m,age_ythadult_yge25,geo_cov_urb,2020,10.027
fra,sex_m,age_ythadult_yge25,geo_cov_urb,2021,10.456
fra,sex_m,age_ythadult_yge25,geo_cov_urb,2022,9.502
fra,sex_m,age_ythadult_yge25,geo_cov_urb,2023,9.419
fra,sex_m,age_ythadult_yge25,geo_cov_urb,2024,9.382
fra,sex_t,age_aggregate_total,geo_cov_nat,1998,13.373
fra,sex_t,age_aggregate_total,geo_cov_nat,1999,13.191
fra,sex_t,age_aggregate_total,geo_cov_nat,2000,11.545
fra,sex_t,age_aggregate_total,geo_cov_nat,2001,9.92
fra,sex_t,age_aggregate_total,geo_cov_nat,2002,10.108
fra,sex_t,age_aggregate_total,geo_cov_nat,2003,10.395
fra,sex_t,age_aggregate_total,geo_cov_nat,2004,11.048
fra,sex_t,age_aggregate_total,geo_cov_nat,2005,10.87
fra,sex_t,age_aggregate_total,geo_cov_nat,2006,10.846
fra,sex_t,age_aggregate_total,geo_cov_nat,2007,9.951
fra,sex_t,age_aggregate_total,geo_cov_nat,2008,9.266
fra,sex_t,age_aggregate_total,geo_cov_nat,2009,11.092
fra,sex_t,age_aggregate_total,geo_cov_nat,2010,11.267
fra,sex_t,age_aggregate_total,geo_cov_nat,2011,11.317
fra,sex_t,age_aggregate_total,geo_cov_nat,2012,11.885
fra,sex_t,age_aggregate_total,geo_cov_nat,2013,11.599
fra,sex_t,age_aggregate_total,geo_cov_nat,2014,13.181
fra,sex_t,age_aggregate_total,geo_cov_nat,2015,13.302
fra,sex_t,age_aggregate_total,geo_cov_nat,2016,13.037
fra,sex_t,age_aggregate_total,geo_cov_nat,2017,12.342
fra,sex_t,age_aggregate_total,geo_cov_nat,2018,11.935
fra,sex_t,age_aggregate_total,geo_cov_nat,2019,11.267
fra,sex_t,age_aggregate_total,geo_cov_nat,2020,11.627
fra,sex_t,age_aggregate_total,geo_cov_nat,2021,11.523
fra,sex_t,age_aggregate_total,geo_cov_nat,2022,10.631
fra,sex_t,age_aggregate_total,geo_cov_nat,2023,10.674
fra,sex_t,age_aggregate_total,geo_cov_nat,2024,10.758
fra,sex_t,age_aggregate_total,geo_cov_rur,1998,11.72
fra,sex_t,age_aggregate_total,geo_cov_rur,1999,11.81
fra,sex_t,age_aggregate_total,geo_cov_rur,2000,10.036
fra,sex_t,age_aggregate_total,geo_cov_rur,2001,8.371
fra,sex_t,age_aggregate_total,geo_cov_rur,2002,8.719
fra,sex_t,age_aggregate_total,geo_cov_rur,2003,7.837
fra,sex_t,age_aggregate_total,geo_cov_rur,2004,9.166
fra,sex_t,age_aggregate_total,geo_cov_rur,2005,9.666
fra,sex_t,age_aggregate_total,geo_cov_rur,2006,9.911
fra,sex_t,age_aggregate_total,geo_cov_rur,2007,8.959
fra,sex_t,age_aggregate_total,geo_cov_rur,2008,8.949
fra,sex_t,age_aggregate_total,geo_cov_rur,2009,10.543
fra,sex_t,age_aggregate_total,geo_cov_rur,2010,10.318
fra,sex_t,age_aggregate_total,geo_cov_rur,2011,10.44
fra,sex_t,age_aggregate_total,geo_cov_rur,2012,11.583
fra,sex_t,age_aggregate_total,geo_cov_rur,2013,11.541
fra,sex_t,age_aggregate_total,geo_cov_rur,2014,12.432
fra,sex_t,age_aggregate_total,geo_cov_rur,2015,12.823
fra,sex_t,age_aggregate_total,geo_cov_rur,2016,12.901
fra,sex_t,age_aggregate_total,geo_cov_rur,2017,12.139
fra,sex_t,age_aggregate_total,geo_cov_rur,2018,11.983
fra,sex_t,age_aggregate_total,geo_cov_rur,2019,11.544
fra,sex_t,age_aggregate_total,geo_cov_rur,2020,11.187
fra,sex_t,age_aggregate_total,geo_cov_rur,2021,8.057
fra,sex_t,age_aggregate_total,geo_cov_rur,2022,7.33
fra,sex_t,age_aggregate_total,geo_cov_rur,2023,7.386
fra,sex_t,age_aggregate_total,geo_cov_rur,2024,6.912
fra,sex_t,age_aggregate_total,geo_cov_urb,1998,14.407
fra,sex_t,age_aggregate_total,geo_cov_urb,1999,14.054
fra,sex_t,age_aggregate_total,geo_cov_urb,2000,12.483
fra,sex_t,age_aggregate_total,geo_cov_urb,2001,10.876
fra,sex_t,age_aggregate_total,geo_cov_urb,2002,10.99
fra,sex_t,age_aggregate_total,geo_cov_urb,2003,10.943
fra,sex_t,age_aggregate_total,geo_cov_urb,2004,11.436
fra,sex_t,age_aggregate_total,geo_cov_urb,2005,11.109
fra,sex_t,age_aggregate_total,geo_cov_urb,2006,11.034
fra,sex_t,age_aggregate_total,geo_cov_urb,2007,10.148
fra,sex_t,age_aggregate_total,geo_cov_urb,2008,9.329
fra,sex_t,age_aggregate_total,geo_cov_urb,2009,11.201
fra,sex_t,age_aggregate_total,geo_cov_urb,2010,11.452
fra,sex_t,age_aggregate_total,geo_cov_urb,2011,11.473
fra,sex_t,age_aggregate_total,geo_cov_urb,2012,11.938
fra,sex_t,age_aggregate_total,geo_cov_urb,2013,11.609
fra,sex_t,age_aggregate_total,geo_cov_urb,2014,13.313
fra,sex_t,age_aggregate_total,geo_cov_urb,2015,13.385
fra,sex_t,age_aggregate_total,geo_cov_urb,2016,13.06
fra,sex_t,age_aggregate_total,geo_cov_urb,2017,12.377
fra,sex_t,age_aggregate_total,geo_cov_urb,2018,11.927
fra,sex_t,age_aggregate_total,geo_cov_urb,2019,11.218
fra,sex_t,age_aggregate_total,geo_cov_urb,2020,11.708
fra,sex_t,age_aggregate_total,geo_cov_urb,2021,12.487
fra,sex_t,age_aggregate_total,geo_cov_urb,2022,11.527
fra,sex_t,age_aggregate_total,geo_cov_urb,2023,11.564
fra,sex_t,age_aggregate_total,geo_cov_urb,2024,11.778
fra,sex_t,age_aggregate_y15_24,geo_cov_nat,1998,28.192
fra,sex_t,age_aggregate_y15_24,geo_cov_nat,1999,28.088
fra,sex_t,age_aggregate_y15_24,geo_cov_nat,2000,22.728
fra,sex_t,age_aggregate_y15_24,geo_cov_nat,2001,20.088
fra,sex_t,age_aggregate_y15_24,geo_cov_nat,2002,21.324
fra,sex_t,age_aggregate_y15_24,geo_cov_nat,2003,21.232
fra,sex_t,age_aggregate_y15_24,geo_cov_nat,2004,23.711
fra,sex_t,age_aggregate_y15_24,geo_cov_nat,2005,25.098
fra,sex_t,age_aggregate_y15_24,geo_cov_nat,2006,26.515
fra,sex_t,age_aggregate_y15_24,geo_cov_nat,2007,23.697
fra,sex_t,age_aggregate_y15_24,geo_cov_nat,2008,23.379
fra,sex_t,age_aggregate_y15_24,geo_cov_nat,2009,28.214
fra,sex_t,age_aggregate_y15_24,geo_cov_nat,2010,27.609
fra,sex_t,age_aggregate_y15_24,geo_cov_nat,2011,27.785
fra,sex_t,age_aggregate_y15_24,geo_cov_nat,2012,29.472
fra,sex_t,age_aggregate_y15_24,geo_cov_nat,2013,28.257
fra,sex_t,age_aggregate_y15_24,geo_cov_nat,2014,30.416
fra,sex_t,age_aggregate_y15_24,geo_cov_nat,2015,30.856
fra,sex_t,age_aggregate_y15_24,geo_cov_nat,2016,30.945
fra,sex_t,age_aggregate_y15_24,geo_cov_nat,2017,28.108
fra,sex_t,age_aggregate_y15_24,geo_cov_nat,2018,26.078
fra,sex_t,age_aggregate_y15_24,geo_cov_nat,2019,25.203
fra,sex_t,age_aggregate_y15_24,geo_cov_nat,2020,27.432
fra,sex_t,age_aggregate_y15_24,geo_cov_nat,2021,27.713
fra,sex_t,age_aggregate_y15_24,geo_cov_nat,2022,25.369
fra,sex_t,age_aggregate_y15_24,geo_cov_nat,2023,25.688
fra,sex_t,age_aggregate_y15_24,geo_cov_nat,2024,27.53
fra,sex_t,age_aggregate_y15_24,geo_cov_rur,1998,26.474
fra,sex_t,age_aggregate_y15_24,geo_cov_rur,1999,27.086
fra,sex_t,age_aggregate_y15_24,geo_cov_rur,2000,20.567
fra,sex_t,age_aggregate_y15_24,geo_cov_rur,2001,17.634
fra,sex_t,age_aggregate_y15_24,geo_cov_rur,2002,19.587
fra,sex_t,age_aggregate_y15_24,geo_cov_rur,2003,18.324
fra,sex_t,age_aggregate_y15_24,geo_cov_rur,2004,20.736
fra,sex_t,age_aggregate_y15_24,geo_cov_rur,2005,23.089
fra,sex_t,age_aggregate_y15_24,geo_cov_rur,2006,25.871
fra,sex_t,age_aggregate_y15_24,geo_cov_rur,2007,21.3
fra,sex_t,age_aggregate_y15_24,geo_cov_rur,2008,19.904
fra,sex_t,age_aggregate_y15_24,geo_cov_rur,2009,29.264
fra,sex_t,age_aggregate_y15_24,geo_cov_rur,2010,25.607
fra,sex_t,age_aggregate_y15_24,geo_cov_rur,2011,27.279
fra,sex_t,age_aggregate_y15_24,geo_cov_rur,2012,28.936
fra,sex_t,age_aggregate_y15_24,geo_cov_rur,2013,29.44
fra,sex_t,age_aggregate_y15_24,geo_cov_rur,2014,30.165
fra,sex_t,age_aggregate_y15_24,geo_cov_rur,2015,29.522
fra,sex_t,age_aggregate_y15_24,geo_cov_rur,2016,32.532
fra,sex_t,age_aggregate_y15_24,geo_cov_rur,2017,29.168
fra,sex_t,age_aggregate_y15_24,geo_cov_rur,2018,27.488
fra,sex_t,age_aggregate_y15_24,geo_cov_rur,2019,25.528
fra,sex_t,age_aggregate_y15_24,geo_cov_rur,2020,26.129
fra,sex_t,age_aggregate_y15_24,geo_cov_rur,2021,22.623
fra,sex_t,age_aggregate_y15_24,geo_cov_rur,2022,20.138
fra,sex_t,age_aggregate_y15_24,geo_cov_rur,2023,21.4
fra,sex_t,age_aggregate_y15_24,geo_cov_rur,2024,21.394
fra,sex_t,age_aggregate_y15_24,geo_cov_urb,1998,29.218
fra,sex_t,age_aggregate_y15_24,geo_cov_urb,1999,28.689
fra,sex_t,age_aggregate_y15_24,geo_cov_urb,2000,24.055
fra,sex_t,age_aggregate_y15_24,geo_cov_urb,2001,21.532
fra,sex_t,age_aggregate_y15_24,geo_cov_urb,2002,22.347
fra,sex_t,age_aggregate_y15_24,geo_cov_urb,2003,21.799
fra,sex_t,age_aggregate_y15_24,geo_cov_urb,2004,24.282
fra,sex_t,age_aggregate_y15_24,geo_cov_urb,2005,25.45
fra,sex_t,age_aggregate_y15_24,geo_cov_urb,2006,26.628
fra,sex_t,age_aggregate_y15_24,geo_cov_urb,2007,24.135
fra,sex_t,age_aggregate_y15_24,geo_cov_urb,2008,24.026
fra,sex_t,age_aggregate_y15_24,geo_cov_urb,2009,28.031
fra,sex_t,age_aggregate_y15_24,geo_cov_urb,2010,27.965
fra,sex_t,age_aggregate_y15_24,geo_cov_urb,2011,27.874
fra,sex_t,age_aggregate_y15_24,geo_cov_urb,2012,29.567
fra,sex_t,age_aggregate_y15_24,geo_cov_urb,2013,28.064
fra,sex_t,age_aggregate_y15_24,geo_cov_urb,2014,30.459
fra,sex_t,age_aggregate_y15_24,geo_cov_urb,2015,31.09
fra,sex_t,age_aggregate_y15_24,geo_cov_urb,2016,30.677
fra,sex_t,age_aggregate_y15_24,geo_cov_urb,2017,27.933
fra,sex_t,age_aggregate_y15_24,geo_cov_urb,2018,25.847
fra,sex_t,age_aggregate_y15_24,geo_cov_urb,2019,25.148
fra,sex_t,age_aggregate_y15_24,geo_cov_urb,2020,27.684
fra,sex_t,age_aggregate_y15_24,geo_cov_urb,2021,28.931
fra,sex_t,age_aggregate_y15_24,geo_cov_urb,2022,26.597
fra,sex_t,age_aggregate_y15_24,geo_cov_urb,2023,26.686
fra,sex_t,age_aggregate_y15_24,geo_cov_urb,2024,28.9
fra,sex_t,age_aggregate_y25_54,geo_cov_nat,1998,11.974
fra,sex_t,age_aggregate_y25_54,geo_cov_nat,1999,11.675
fra,sex_t,age_aggregate_y25_54,geo_cov_nat,2000,10.419
fra,sex_t,age_aggregate_y25_54,geo_cov_nat,2001,8.868
fra,sex_t,age_aggregate_y25_54,geo_cov_nat,2002,8.972
fra,sex_t,age_aggregate_y25_54,geo_cov_nat,2003,9.312
fra,sex_t,age_aggregate_y25_54,geo_cov_nat,2004,9.792
fra,sex_t,age_aggregate_y25_54,geo_cov_nat,2005,9.659
fra,sex_t,age_aggregate_y25_54,geo_cov_nat,2006,9.367
fra,sex_t,age_aggregate_y25_54,geo_cov_nat,2007,8.675
fra,sex_t,age_aggregate_y25_54,geo_cov_nat,2008,7.908
fra,sex_t,age_aggregate_y25_54,geo_cov_nat,2009,9.429
fra,sex_t,age_aggregate_y25_54,geo_cov_nat,2010,9.664
fra,sex_t,age_aggregate_y25_54,geo_cov_nat,2011,9.876
fra,sex_t,age_aggregate_y25_54,geo_cov_nat,2012,10.452
fra,sex_t,age_aggregate_y25_54,geo_cov_nat,2013,10.278
fra,sex_t,age_aggregate_y25_54,geo_cov_nat,2014,11.793
fra,sex_t,age_aggregate_y25_54,geo_cov_nat,2015,11.9
fra,sex_t,age_aggregate_y25_54,geo_cov_nat,2016,11.594
fra,sex_t,age_aggregate_y25_54,geo_cov_nat,2017,11.146
fra,sex_t,age_aggregate_y25_54,geo_cov_nat,2018,10.733
fra,sex_t,age_aggregate_y25_54,geo_cov_nat,2019,10.008
fra,sex_t,age_aggregate_y25_54,geo_cov_nat,2020,10.294
fra,sex_t,age_aggregate_y25_54,geo_cov_nat,2021,9.82
fra,sex_t,age_aggregate_y25_54,geo_cov_nat,2022,9.056
fra,sex_t,age_aggregate_y25_54,geo_cov_nat,2023,9.116
fra,sex_t,age_aggregate_y25_54,geo_cov_nat,2024,9.098
fra,sex_t,age_aggregate_y25_54,geo_cov_rur,1998,10.388
fra,sex_t,age_aggregate_y25_54,geo_cov_rur,1999,10.275
fra,sex_t,age_aggregate_y25_54,geo_cov_rur,2000,9.016
fra,sex_t,age_aggregate_y25_54,geo_cov_rur,2001,7.496
fra,sex_t,age_aggregate_y25_54,geo_cov_rur,2002,7.719
fra,sex_t,age_aggregate_y25_54,geo_cov_rur,2003,6.858
fra,sex_t,age_aggregate_y25_54,geo_cov_rur,2004,7.904
fra,sex_t,age_aggregate_y25_54,geo_cov_rur,2005,8.765
fra,sex_t,age_aggregate_y25_54,geo_cov_rur,2006,8.665
fra,sex_t,age_aggregate_y25_54,geo_cov_rur,2007,7.995
fra,sex_t,age_aggregate_y25_54,geo_cov_rur,2008,8.048
fra,sex_t,age_aggregate_y25_54,geo_cov_rur,2009,8.774
fra,sex_t,age_aggregate_y25_54,geo_cov_rur,2010,8.871
fra,sex_t,age_aggregate_y25_54,geo_cov_rur,2011,8.807
fra,sex_t,age_aggregate_y25_54,geo_cov_rur,2012,10.269
fra,sex_t,age_aggregate_y25_54,geo_cov_rur,2013,10.255
fra,sex_t,age_aggregate_y25_54,geo_cov_rur,2014,11.028
fra,sex_t,age_aggregate_y25_54,geo_cov_rur,2015,11.648
fra,sex_t,age_aggregate_y25_54,geo_cov_rur,2016,11.322
fra,sex_t,age_aggregate_y25_54,geo_cov_rur,2017,10.683
fra,sex_t,age_aggregate_y25_54,geo_cov_rur,2018,10.44
fra,sex_t,age_aggregate_y25_54,geo_cov_rur,2019,10.297
fra,sex_t,age_aggregate_y25_54,geo_cov_rur,2020,9.575
fra,sex_t,age_aggregate_y25_54,geo_cov_rur,2021,6.449
fra,sex_t,age_aggregate_y25_54,geo_cov_rur,2022,5.9
fra,sex_t,age_aggregate_y25_54,geo_cov_rur,2023,5.866
fra,sex_t,age_aggregate_y25_54,geo_cov_rur,2024,5.391
fra,sex_t,age_aggregate_y25_54,geo_cov_urb,1998,12.971
fra,sex_t,age_aggregate_y25_54,geo_cov_urb,1999,12.551
fra,sex_t,age_aggregate_y25_54,geo_cov_urb,2000,11.293
fra,sex_t,age_aggregate_y25_54,geo_cov_urb,2001,9.719
fra,sex_t,age_aggregate_y25_54,geo_cov_urb,2002,9.773
fra,sex_t,age_aggregate_y25_54,geo_cov_urb,2003,9.839
fra,sex_t,age_aggregate_y25_54,geo_cov_urb,2004,10.179
fra,sex_t,age_aggregate_y25_54,geo_cov_urb,2005,9.835
fra,sex_t,age_aggregate_y25_54,geo_cov_urb,2006,9.509
fra,sex_t,age_aggregate_y25_54,geo_cov_urb,2007,8.811
fra,sex_t,age_aggregate_y25_54,geo_cov_urb,2008,7.881
fra,sex_t,age_aggregate_y25_54,geo_cov_urb,2009,9.56
fra,sex_t,age_aggregate_y25_54,geo_cov_urb,2010,9.816
fra,sex_t,age_aggregate_y25_54,geo_cov_urb,2011,10.06
fra,sex_t,age_aggregate_y25_54,geo_cov_urb,2012,10.484
fra,sex_t,age_aggregate_y25_54,geo_cov_urb,2013,10.282
fra,sex_t,age_aggregate_y25_54,geo_cov_urb,2014,11.922
fra,sex_t,age_aggregate_y25_54,geo_cov_urb,2015,11.942
fra,sex_t,age_aggregate_y25_54,geo_cov_urb,2016,11.641
fra,sex_t,age_aggregate_y25_54,geo_cov_urb,2017,11.226
fra,sex_t,age_aggregate_y25_54,geo_cov_urb,2018,10.782
fra,sex_t,age_aggregate_y25_54,geo_cov_urb,2019,9.959
fra,sex_t,age_aggregate_y25_54,geo_cov_urb,2020,10.421
fra,sex_t,age_aggregate_y25_54,geo_cov_urb,2021,10.738
fra,sex_t,age_aggregate_y25_54,geo_cov_urb,2022,9.889
fra,sex_t,age_aggregate_y25_54,geo_cov_urb,2023,9.98
fra,sex_t,age_aggregate_y25_54,geo_cov_urb,2024,10.073
fra,sex_t,age_aggregate_y55_64,geo_cov_nat,1998,10.216
fra,sex_t,age_aggregate_y55_64,geo_cov_nat,1999,10.16
fra,sex_t,age_aggregate_y55_64,geo_cov_nat,2000,9.45
fra,sex_t,age_aggregate_y55_64,geo_cov_nat,2001,7.863
fra,sex_t,age_aggregate_y55_64,geo_cov_nat,2002,7.058
fra,sex_t,age_aggregate_y55_64,geo_cov_nat,2003,7.514
fra,sex_t,age_aggregate_y55_64,geo_cov_nat,2004,7.936
fra,sex_t,age_aggregate_y55_64,geo_cov_nat,2005,7.427
fra,sex_t,age_aggregate_y55_64,geo_cov_nat,2006,8.059
fra,sex_t,age_aggregate_y55_64,geo_cov_nat,2007,7.4
fra,sex_t,age_aggregate_y55_64,geo_cov_nat,2008,7.013
fra,sex_t,age_aggregate_y55_64,geo_cov_nat,2009,8.348
fra,sex_t,age_aggregate_y55_64,geo_cov_nat,2010,9.198
fra,sex_t,age_aggregate_y55_64,geo_cov_nat,2011,8.808
fra,sex_t,age_aggregate_y55_64,geo_cov_nat,2012,9.286
fra,sex_t,age_aggregate_y55_64,geo_cov_nat,2013,8.726
fra,sex_t,age_aggregate_y55_64,geo_cov_nat,2014,10.368
fra,sex_t,age_aggregate_y55_64,geo_cov_nat,2015,10.403
fra,sex_t,age_aggregate_y55_64,geo_cov_nat,2016,10.107
fra,sex_t,age_aggregate_y55_64,geo_cov_nat,2017,9.444
fra,sex_t,age_aggregate_y55_64,geo_cov_nat,2018,9.472
fra,sex_t,age_aggregate_y55_64,geo_cov_nat,2019,9.277
fra,sex_t,age_aggregate_y55_64,geo_cov_nat,2020,8.925
fra,sex_t,age_aggregate_y55_64,geo_cov_nat,2021,9.161
fra,sex_t,age_aggregate_y55_64,geo_cov_nat,2022,8.252
fra,sex_t,age_aggregate_y55_64,geo_cov_nat,2023,7.893
fra,sex_t,age_aggregate_y55_64,geo_cov_nat,2024,7.53
fra,sex_t,age_aggregate_y55_64,geo_cov_rur,1998,8.574
fra,sex_t,age_aggregate_y55_64,geo_cov_rur,1999,9.196
fra,sex_t,age_aggregate_y55_64,geo_cov_rur,2000,7.859
fra,sex_t,age_aggregate_y55_64,geo_cov_rur,2001,6.139
fra,sex_t,age_aggregate_y55_64,geo_cov_rur,2002,5.516
fra,sex_t,age_aggregate_y55_64,geo_cov_rur,2003,5.488
fra,sex_t,age_aggregate_y55_64,geo_cov_rur,2004,8.301
fra,sex_t,age_aggregate_y55_64,geo_cov_rur,2005,6.268
fra,sex_t,age_aggregate_y55_64,geo_cov_rur,2006,7.014
fra,sex_t,age_aggregate_y55_64,geo_cov_rur,2007,6.322
fra,sex_t,age_aggregate_y55_64,geo_cov_rur,2008,6.884
fra,sex_t,age_aggregate_y55_64,geo_cov_rur,2009,9.164
fra,sex_t,age_aggregate_y55_64,geo_cov_rur,2010,9.071
fra,sex_t,age_aggregate_y55_64,geo_cov_rur,2011,8.785
fra,sex_t,age_aggregate_y55_64,geo_cov_rur,2012,8.803
fra,sex_t,age_aggregate_y55_64,geo_cov_rur,2013,8.433
fra,sex_t,age_aggregate_y55_64,geo_cov_rur,2014,9.785
fra,sex_t,age_aggregate_y55_64,geo_cov_rur,2015,9.584
fra,sex_t,age_aggregate_y55_64,geo_cov_rur,2016,10.619
fra,sex_t,age_aggregate_y55_64,geo_cov_rur,2017,10.166
fra,sex_t,age_aggregate_y55_64,geo_cov_rur,2018,10.48
fra,sex_t,age_aggregate_y55_64,geo_cov_rur,2019,9.86
fra,sex_t,age_aggregate_y55_64,geo_cov_rur,2020,9.954
fra,sex_t,age_aggregate_y55_64,geo_cov_rur,2021,7.218
fra,sex_t,age_aggregate_y55_64,geo_cov_rur,2022,6.14
fra,sex_t,age_aggregate_y55_64,geo_cov_rur,2023,5.971
fra,sex_t,age_aggregate_y55_64,geo_cov_rur,2024,5.572
fra,sex_t,age_aggregate_y55_64,geo_cov_urb,1998,11.204
fra,sex_t,age_aggregate_y55_64,geo_cov_urb,1999,10.757
fra,sex_t,age_aggregate_y55_64,geo_cov_urb,2000,10.434
fra,sex_t,age_aggregate_y55_64,geo_cov_urb,2001,8.926
fra,sex_t,age_aggregate_y55_64,geo_cov_urb,2002,8.015
fra,sex_t,age_aggregate_y55_64,geo_cov_urb,2003,7.97
fra,sex_t,age_aggregate_y55_64,geo_cov_urb,2004,7.853
fra,sex_t,age_aggregate_y55_64,geo_cov_urb,2005,7.693
fra,sex_t,age_aggregate_y55_64,geo_cov_urb,2006,8.289
fra,sex_t,age_aggregate_y55_64,geo_cov_urb,2007,7.625
fra,sex_t,age_aggregate_y55_64,geo_cov_urb,2008,7.041
fra,sex_t,age_aggregate_y55_64,geo_cov_urb,2009,8.165
fra,sex_t,age_aggregate_y55_64,geo_cov_urb,2010,9.226
fra,sex_t,age_aggregate_y55_64,geo_cov_urb,2011,8.812
fra,sex_t,age_aggregate_y55_64,geo_cov_urb,2012,9.385
fra,sex_t,age_aggregate_y55_64,geo_cov_urb,2013,8.783
fra,sex_t,age_aggregate_y55_64,geo_cov_urb,2014,10.49
fra,sex_t,age_aggregate_y55_64,geo_cov_urb,2015,10.568
fra,sex_t,age_aggregate_y55_64,geo_cov_urb,2016,10.009
fra,sex_t,age_aggregate_y55_64,geo_cov_urb,2017,9.305
fra,sex_t,age_aggregate_y55_64,geo_cov_urb,2018,9.269
fra,sex_t,age_aggregate_y55_64,geo_cov_urb,2019,9.161
fra,sex_t,age_aggregate_y55_64,geo_cov_urb,2020,8.705
fra,sex_t,age_aggregate_y55_64,geo_cov_urb,2021,9.787
fra,sex_t,age_aggregate_y55_64,geo_cov_urb,2022,8.933
fra,sex_t,age_aggregate_y55_64,geo_cov_urb,2023,8.491
fra,sex_t,age_aggregate_y55_64,geo_cov_urb,2024,8.112
fra,sex_t,age_aggregate_yge65,geo_cov_nat,1998,1.932
fra,sex_t,age_aggregate_yge65,geo_cov_nat,1999,2.205
fra,sex_t,age_aggregate_yge65,geo_cov_nat,2000,2.375
fra,sex_t,age_aggregate_yge65,geo_cov_nat,2001,4.593
fra,sex_t,age_aggregate_yge65,geo_cov_nat,2002,6.141
fra,sex_t,age_aggregate_yge65,geo_cov_nat,2005,0.761
fra,sex_t,age_aggregate_yge65,geo_cov_nat,2006,2.222
fra,sex_t,age_aggregate_yge65,geo_cov_nat,2007,2.305
fra,sex_t,age_aggregate_yge65,geo_cov_nat,2008,3.525
fra,sex_t,age_aggregate_yge65,geo_cov_nat,2009,4.119
fra,sex_t,age_aggregate_yge65,geo_cov_nat,2010,3.065
fra,sex_t,age_aggregate_yge65,geo_cov_nat,2011,2.362
fra,sex_t,age_aggregate_yge65,geo_cov_nat,2012,1.597
fra,sex_t,age_aggregate_yge65,geo_cov_nat,2013,6.267
fra,sex_t,age_aggregate_yge65,geo_cov_nat,2014,10.195
fra,sex_t,age_aggregate_yge65,geo_cov_nat,2015,9.886
fra,sex_t,age_aggregate_yge65,geo_cov_nat,2016,9.423
fra,sex_t,age_aggregate_yge65,geo_cov_nat,2017,9.114
fra,sex_t,age_aggregate_yge65,geo_cov_nat,2018,12.248
fra,sex_t,age_aggregate_yge65,geo_cov_nat,2019,11.528
fra,sex_t,age_aggregate_yge65,geo_cov_nat,2020,12.028
fra,sex_t,age_aggregate_yge65,geo_cov_nat,2021,12.332
fra,sex_t,age_aggregate_yge65,geo_cov_nat,2022,10.136
fra,sex_t,age_aggregate_yge65,geo_cov_nat,2023,9.844
fra,sex_t,age_aggregate_yge65,geo_cov_nat,2024,9.343
fra,sex_t,age_aggregate_yge65,geo_cov_rur,2002,3.47
fra,sex_t,age_aggregate_yge65,geo_cov_rur,2008,3.3
fra,sex_t,age_aggregate_yge65,geo_cov_rur,2011,2.756
fra,sex_t,age_aggregate_yge65,geo_cov_rur,2012,1.635
fra,sex_t,age_aggregate_yge65,geo_cov_rur,2013,8.665
fra,sex_t,age_aggregate_yge65,geo_cov_rur,2014,9.681
fra,sex_t,age_aggregate_yge65,geo_cov_rur,2015,9.841
fra,sex_t,age_aggregate_yge65,geo_cov_rur,2016,4.917
fra,sex_t,age_aggregate_yge65,geo_cov_rur,2017,10.381
fra,sex_t,age_aggregate_yge65,geo_cov_rur,2018,13.418
fra,sex_t,age_aggregate_yge65,geo_cov_rur,2019,10.134
fra,sex_t,age_aggregate_yge65,geo_cov_rur,2020,9.595
fra,sex_t,age_aggregate_yge65,geo_cov_rur,2021,8.191
fra,sex_t,age_aggregate_yge65,geo_cov_rur,2022,8.817
fra,sex_t,age_aggregate_yge65,geo_cov_rur,2023,7.406
fra,sex_t,age_aggregate_yge65,geo_cov_rur,2024,6.182
fra,sex_t,age_aggregate_yge65,geo_cov_urb,2000,4.359
fra,sex_t,age_aggregate_yge65,geo_cov_urb,2001,7.516
fra,sex_t,age_aggregate_yge65,geo_cov_urb,2002,8.788
fra,sex_t,age_aggregate_yge65,geo_cov_urb,2005,0.931
fra,sex_t,age_aggregate_yge65,geo_cov_urb,2006,2.147
fra,sex_t,age_aggregate_yge65,geo_cov_urb,2007,2.436
fra,sex_t,age_aggregate_yge65,geo_cov_urb,2008,3.583
fra,sex_t,age_aggregate_yge65,geo_cov_urb,2009,4.928
fra,sex_t,age_aggregate_yge65,geo_cov_urb,2010,3.558
fra,sex_t,age_aggregate_yge65,geo_cov_urb,2011,2.281
fra,sex_t,age_aggregate_yge65,geo_cov_urb,2012,1.588
fra,sex_t,age_aggregate_yge65,geo_cov_urb,2013,5.746
fra,sex_t,age_aggregate_yge65,geo_cov_urb,2014,10.31
fra,sex_t,age_aggregate_yge65,geo_cov_urb,2015,9.896
fra,sex_t,age_aggregate_yge65,geo_cov_urb,2016,10.445
fra,sex_t,age_aggregate_yge65,geo_cov_urb,2017,8.867
fra,sex_t,age_aggregate_yge65,geo_cov_urb,2018,12.02
fra,sex_t,age_aggregate_yge65,geo_cov_urb,2019,11.846
fra,sex_t,age_aggregate_yge65,geo_cov_urb,2020,12.649
fra,sex_t,age_aggregate_yge65,geo_cov_urb,2021,13.572
fra,sex_t,age_aggregate_yge65,geo_cov_urb,2022,10.531
fra,sex_t,age_aggregate_yge65,geo_cov_urb,2023,10.575
fra,sex_t,age_aggregate_yge65,geo_cov_urb,2024,10.253
fra,sex_t,age_ythadult_y15_24,geo_cov_nat,1998,28.192
fra,sex_t,age_ythadult_y15_24,geo_cov_nat,1999,28.088
fra,sex_t,age_ythadult_y15_24,geo_cov_nat,2000,22.728
fra,sex_t,age_ythadult_y15_24,geo_cov_nat,2001,20.088
fra,sex_t,age_ythadult_y15_24,geo_cov_nat,2002,21.324
fra,sex_t,age_ythadult_y15_24,geo_cov_nat,2003,21.232
fra,sex_t,age_ythadult_y15_24,geo_cov_nat,2004,23.711
fra,sex_t,age_ythadult_y15_24,geo_cov_nat,2005,25.098
fra,sex_t,age_ythadult_y15_24,geo_cov_nat,2006,26.515
fra,sex_t,age_ythadult_y15_24,geo_cov_nat,2007,23.697
fra,sex_t,age_ythadult_y15_24,geo_cov_nat,2008,23.379
fra,sex_t,age_ythadult_y15_24,geo_cov_nat,2009,28.214
fra,sex_t,age_ythadult_y15_24,geo_cov_nat,2010,27.609
fra,sex_t,age_ythadult_y15_24,geo_cov_nat,2011,27.785
fra,sex_t,age_ythadult_y15_24,geo_cov_nat,2012,29.472
fra,sex_t,age_ythadult_y15_24,geo_cov_nat,2013,28.257
fra,sex_t,age_ythadult_y15_24,geo_cov_nat,2014,30.416
fra,sex_t,age_ythadult_y15_24,geo_cov_nat,2015,30.856
fra,sex_t,age_ythadult_y15_24,geo_cov_nat,2016,30.945
fra,sex_t,age_ythadult_y15_24,geo_cov_nat,2017,28.108
fra,sex_t,age_ythadult_y15_24,geo_cov_nat,2018,26.078
fra,sex_t,age_ythadult_y15_24,geo_cov_nat,2019,25.203
fra,sex_t,age_ythadult_y15_24,geo_cov_nat,2020,27.432
fra,sex_t,age_ythadult_y15_24,geo_cov_nat,2021,27.713
fra,sex_t,age_ythadult_y15_24,geo_cov_nat,2022,25.369
fra,sex_t,age_ythadult_y15_24,geo_cov_nat,2023,25.688
fra,sex_t,age_ythadult_y15_24,geo_cov_nat,2024,27.53
fra,sex_t,age_ythadult_y15_24,geo_cov_rur,1998,26.474
fra,sex_t,age_ythadult_y15_24,geo_cov_rur,1999,27.086
fra,sex_t,age_ythadult_y15_24,geo_cov_rur,2000,20.567
fra,sex_t,age_ythadult_y15_24,geo_cov_rur,2001,17.634
fra,sex_t,age_ythadult_y15_24,geo_cov_rur,2002,19.587
fra,sex_t,age_ythadult_y15_24,geo_cov_rur,2003,18.324
fra,sex_t,age_ythadult_y15_24,geo_cov_rur,2004,20.736
fra,sex_t,age_ythadult_y15_24,geo_cov_rur,2005,23.089
fra,sex_t,age_ythadult_y15_24,geo_cov_rur,2006,25.871
fra,sex_t,age_ythadult_y15_24,geo_cov_rur,2007,21.3
fra,sex_t,age_ythadult_y15_24,geo_cov_rur,2008,19.904
fra,sex_t,age_ythadult_y15_24,geo_cov_rur,2009,29.264
fra,sex_t,age_ythadult_y15_24,geo_cov_rur,2010,25.607
fra,sex_t,age_ythadult_y15_24,geo_cov_rur,2011,27.279
fra,sex_t,age_ythadult_y15_24,geo_cov_rur,2012,28.936
fra,sex_t,age_ythadult_y15_24,geo_cov_rur,2013,29.44
fra,sex_t,age_ythadult_y15_24,geo_cov_rur,2014,30.165
fra,sex_t,age_ythadult_y15_24,geo_cov_rur,2015,29.522
fra,sex_t,age_ythadult_y15_24,geo_cov_rur,2016,32.532
fra,sex_t,age_ythadult_y15_24,geo_cov_rur,2017,29.168
fra,sex_t,age_ythadult_y15_24,geo_cov_rur,2018,27.488
fra,sex_t,age_ythadult_y15_24,geo_cov_rur,2019,25.528
fra,sex_t,age_ythadult_y15_24,geo_cov_rur,2020,26.129
fra,sex_t,age_ythadult_y15_24,geo_cov_rur,2021,22.623
fra,sex_t,age_ythadult_y15_24,geo_cov_rur,2022,20.138
fra,sex_t,age_ythadult_y15_24,geo_cov_rur,2023,21.4
fra,sex_t,age_ythadult_y15_24,geo_cov_rur,2024,21.394
fra,sex_t,age_ythadult_y15_24,geo_cov_urb,1998,29.218
fra,sex_t,age_ythadult_y15_24,geo_cov_urb,1999,28.689
fra,sex_t,age_ythadult_y15_24,geo_cov_urb,2000,24.055
fra,sex_t,age_ythadult_y15_24,geo_cov_urb,2001,21.532
fra,sex_t,age_ythadult_y15_24,geo_cov_urb,2002,22.347
fra,sex_t,age_ythadult_y15_24,geo_cov_urb,2003,21.799
fra,sex_t,age_ythadult_y15_24,geo_cov_urb,2004,24.282
fra,sex_t,age_ythadult_y15_24,geo_cov_urb,2005,25.45
fra,sex_t,age_ythadult_y15_24,geo_cov_urb,2006,26.628
fra,sex_t,age_ythadult_y15_24,geo_cov_urb,2007,24.135
fra,sex_t,age_ythadult_y15_24,geo_cov_urb,2008,24.026
fra,sex_t,age_ythadult_y15_24,geo_cov_urb,2009,28.031
fra,sex_t,age_ythadult_y15_24,geo_cov_urb,2010,27.965
fra,sex_t,age_ythadult_y15_24,geo_cov_urb,2011,27.874
fra,sex_t,age_ythadult_y15_24,geo_cov_urb,2012,29.567
fra,sex_t,age_ythadult_y15_24,geo_cov_urb,2013,28.064
fra,sex_t,age_ythadult_y15_24,geo_cov_urb,2014,30.459
fra,sex_t,age_ythadult_y15_24,geo_cov_urb,2015,31.09
fra,sex_t,age_ythadult_y15_24,geo_cov_urb,2016,30.677
fra,sex_t,age_ythadult_y15_24,geo_cov_urb,2017,27.933
fra,sex_t,age_ythadult_y15_24,geo_cov_urb,2018,25.847
fra,sex_t,age_ythadult_y15_24,geo_cov_urb,2019,25.148
fra,sex_t,age_ythadult_y15_24,geo_cov_urb,2020,27.684
fra,sex_t,age_ythadult_y15_24,geo_cov_urb,2021,28.931
fra,sex_t,age_ythadult_y15_24,geo_cov_urb,2022,26.597
fra,sex_t,age_ythadult_y15_24,geo_cov_urb,2023,26.686
fra,sex_t,age_ythadult_y15_24,geo_cov_urb,2024,28.9
fra,sex_t,age_ythadult_y15_64,geo_cov_nat,1998,13.423
fra,sex_t,age_ythadult_y15_64,geo_cov_nat,1999,13.232
fra,sex_t,age_ythadult_y15_64,geo_cov_nat,2000,11.578
fra,sex_t,age_ythadult_y15_64,geo_cov_nat,2001,9.94
fra,sex_t,age_ythadult_y15_64,geo_cov_nat,2002,10.124
fra,sex_t,age_ythadult_y15_64,geo_cov_nat,2003,10.423
fra,sex_t,age_ythadult_y15_64,geo_cov_nat,2004,11.082
fra,sex_t,age_ythadult_y15_64,geo_cov_nat,2005,10.915
fra,sex_t,age_ythadult_y15_64,geo_cov_nat,2006,10.881
fra,sex_t,age_ythadult_y15_64,geo_cov_nat,2007,9.991
fra,sex_t,age_ythadult_y15_64,geo_cov_nat,2008,9.298
fra,sex_t,age_ythadult_y15_64,geo_cov_nat,2009,11.131
fra,sex_t,age_ythadult_y15_64,geo_cov_nat,2010,11.319
fra,sex_t,age_ythadult_y15_64,geo_cov_nat,2011,11.393
fra,sex_t,age_ythadult_y15_64,geo_cov_nat,2012,11.984
fra,sex_t,age_ythadult_y15_64,geo_cov_nat,2013,11.655
fra,sex_t,age_ythadult_y15_64,geo_cov_nat,2014,13.217
fra,sex_t,age_ythadult_y15_64,geo_cov_nat,2015,13.346
fra,sex_t,age_ythadult_y15_64,geo_cov_nat,2016,13.089
fra,sex_t,age_ythadult_y15_64,geo_cov_nat,2017,12.392
fra,sex_t,age_ythadult_y15_64,geo_cov_nat,2018,11.93
fra,sex_t,age_ythadult_y15_64,geo_cov_nat,2019,11.262
fra,sex_t,age_ythadult_y15_64,geo_cov_nat,2020,11.619
fra,sex_t,age_ythadult_y15_64,geo_cov_nat,2021,11.508
fra,sex_t,age_ythadult_y15_64,geo_cov_nat,2022,10.642
fra,sex_t,age_ythadult_y15_64,geo_cov_nat,2023,10.693
fra,sex_t,age_ythadult_y15_64,geo_cov_nat,2024,10.791
fra,sex_t,age_ythadult_y15_64,geo_cov_rur,1998,11.783
fra,sex_t,age_ythadult_y15_64,geo_cov_rur,1999,11.863
fra,sex_t,age_ythadult_y15_64,geo_cov_rur,2000,10.079
fra,sex_t,age_ythadult_y15_64,geo_cov_rur,2001,8.404
fra,sex_t,age_ythadult_y15_64,geo_cov_rur,2002,8.746
fra,sex_t,age_ythadult_y15_64,geo_cov_rur,2003,7.863
fra,sex_t,age_ythadult_y15_64,geo_cov_rur,2004,9.215
fra,sex_t,age_ythadult_y15_64,geo_cov_rur,2005,9.713
fra,sex_t,age_ythadult_y15_64,geo_cov_rur,2006,9.95
fra,sex_t,age_ythadult_y15_64,geo_cov_rur,2007,9.002
fra,sex_t,age_ythadult_y15_64,geo_cov_rur,2008,8.988
fra,sex_t,age_ythadult_y15_64,geo_cov_rur,2009,10.612
fra,sex_t,age_ythadult_y15_64,geo_cov_rur,2010,10.384
fra,sex_t,age_ythadult_y15_64,geo_cov_rur,2011,10.513
fra,sex_t,age_ythadult_y15_64,geo_cov_rur,2012,11.702
fra,sex_t,age_ythadult_y15_64,geo_cov_rur,2013,11.578
fra,sex_t,age_ythadult_y15_64,geo_cov_rur,2014,12.472
fra,sex_t,age_ythadult_y15_64,geo_cov_rur,2015,12.872
fra,sex_t,age_ythadult_y15_64,geo_cov_rur,2016,13.044
fra,sex_t,age_ythadult_y15_64,geo_cov_rur,2017,12.168
fra,sex_t,age_ythadult_y15_64,geo_cov_rur,2018,11.956
fra,sex_t,age_ythadult_y15_64,geo_cov_rur,2019,11.575
fra,sex_t,age_ythadult_y15_64,geo_cov_rur,2020,11.226
fra,sex_t,age_ythadult_y15_64,geo_cov_rur,2021,8.054
fra,sex_t,age_ythadult_y15_64,geo_cov_rur,2022,7.296
fra,sex_t,age_ythadult_y15_64,geo_cov_rur,2023,7.386
fra,sex_t,age_ythadult_y15_64,geo_cov_rur,2024,6.93
fra,sex_t,age_ythadult_y15_64,geo_cov_urb,1998,14.446
fra,sex_t,age_ythadult_y15_64,geo_cov_urb,1999,14.085
fra,sex_t,age_ythadult_y15_64,geo_cov_urb,2000,12.51
fra,sex_t,age_ythadult_y15_64,geo_cov_urb,2001,10.888
fra,sex_t,age_ythadult_y15_64,geo_cov_urb,2002,10.997
fra,sex_t,age_ythadult_y15_64,geo_cov_urb,2003,10.97
fra,sex_t,age_ythadult_y15_64,geo_cov_urb,2004,11.466
fra,sex_t,age_ythadult_y15_64,geo_cov_urb,2005,11.154
fra,sex_t,age_ythadult_y15_64,geo_cov_urb,2006,11.069
fra,sex_t,age_ythadult_y15_64,geo_cov_urb,2007,10.188
fra,sex_t,age_ythadult_y15_64,geo_cov_urb,2008,9.359
fra,sex_t,age_ythadult_y15_64,geo_cov_urb,2009,11.235
fra,sex_t,age_ythadult_y15_64,geo_cov_urb,2010,11.502
fra,sex_t,age_ythadult_y15_64,geo_cov_urb,2011,11.549
fra,sex_t,age_ythadult_y15_64,geo_cov_urb,2012,12.034
fra,sex_t,age_ythadult_y15_64,geo_cov_urb,2013,11.669
fra,sex_t,age_ythadult_y15_64,geo_cov_urb,2014,13.347
fra,sex_t,age_ythadult_y15_64,geo_cov_urb,2015,13.429
fra,sex_t,age_ythadult_y15_64,geo_cov_urb,2016,13.097
fra,sex_t,age_ythadult_y15_64,geo_cov_urb,2017,12.431
fra,sex_t,age_ythadult_y15_64,geo_cov_urb,2018,11.925
fra,sex_t,age_ythadult_y15_64,geo_cov_urb,2019,11.207
fra,sex_t,age_ythadult_y15_64,geo_cov_urb,2020,11.692
fra,sex_t,age_ythadult_y15_64,geo_cov_urb,2021,12.466
fra,sex_t,age_ythadult_y15_64,geo_cov_urb,2022,11.548
fra,sex_t,age_ythadult_y15_64,geo_cov_urb,2023,11.586
fra,sex_t,age_ythadult_y15_64,geo_cov_urb,2024,11.813
fra,sex_t,age_ythadult_yge15,geo_cov_nat,1998,13.373
fra,sex_t,age_ythadult_yge15,geo_cov_nat,1999,13.191
fra,sex_t,age_ythadult_yge15,geo_cov_nat,2000,11.545
fra,sex_t,age_ythadult_yge15,geo_cov_nat,2001,9.92
fra,sex_t,age_ythadult_yge15,geo_cov_nat,2002,10.108
fra,sex_t,age_ythadult_yge15,geo_cov_nat,2003,10.395
fra,sex_t,age_ythadult_yge15,geo_cov_nat,2004,11.048
fra,sex_t,age_ythadult_yge15,geo_cov_nat,2005,10.87
fra,sex_t,age_ythadult_yge15,geo_cov_nat,2006,10.846
fra,sex_t,age_ythadult_yge15,geo_cov_nat,2007,9.951
fra,sex_t,age_ythadult_yge15,geo_cov_nat,2008,9.266
fra,sex_t,age_ythadult_yge15,geo_cov_nat,2009,11.092
fra,sex_t,age_ythadult_yge15,geo_cov_nat,2010,11.267
fra,sex_t,age_ythadult_yge15,geo_cov_nat,2011,11.317
fra,sex_t,age_ythadult_yge15,geo_cov_nat,2012,11.885
fra,sex_t,age_ythadult_yge15,geo_cov_nat,2013,11.599
fra,sex_t,age_ythadult_yge15,geo_cov_nat,2014,13.181
fra,sex_t,age_ythadult_yge15,geo_cov_nat,2015,13.302
fra,sex_t,age_ythadult_yge15,geo_cov_nat,2016,13.037
fra,sex_t,age_ythadult_yge15,geo_cov_nat,2017,12.342
fra,sex_t,age_ythadult_yge15,geo_cov_nat,2018,11.935
fra,sex_t,age_ythadult_yge15,geo_cov_nat,2019,11.267
fra,sex_t,age_ythadult_yge15,geo_cov_nat,2020,11.627
fra,sex_t,age_ythadult_yge15,geo_cov_nat,2021,11.523
fra,sex_t,age_ythadult_yge15,geo_cov_nat,2022,10.631
fra,sex_t,age_ythadult_yge15,geo_cov_nat,2023,10.674
fra,sex_t,age_ythadult_yge15,geo_cov_nat,2024,10.758
fra,sex_t,age_ythadult_yge15,geo_cov_rur,1998,11.72
fra,sex_t,age_ythadult_yge15,geo_cov_rur,1999,11.81
fra,sex_t,age_ythadult_yge15,geo_cov_rur,2000,10.036
fra,sex_t,age_ythadult_yge15,geo_cov_rur,2001,8.371
fra,sex_t,age_ythadult_yge15,geo_cov_rur,2002,8.719
fra,sex_t,age_ythadult_yge15,geo_cov_rur,2003,7.837
fra,sex_t,age_ythadult_yge15,geo_cov_rur,2004,9.166
fra,sex_t,age_ythadult_yge15,geo_cov_rur,2005,9.666
fra,sex_t,age_ythadult_yge15,geo_cov_rur,2006,9.911
fra,sex_t,age_ythadult_yge15,geo_cov_rur,2007,8.959
fra,sex_t,age_ythadult_yge15,geo_cov_rur,2008,8.949
fra,sex_t,age_ythadult_yge15,geo_cov_rur,2009,10.543
fra,sex_t,age_ythadult_yge15,geo_cov_rur,2010,10.318
fra,sex_t,age_ythadult_yge15,geo_cov_rur,2011,10.44
fra,sex_t,age_ythadult_yge15,geo_cov_rur,2012,11.583
fra,sex_t,age_ythadult_yge15,geo_cov_rur,2013,11.541
fra,sex_t,age_ythadult_yge15,geo_cov_rur,2014,12.432
fra,sex_t,age_ythadult_yge15,geo_cov_rur,2015,12.823
fra,sex_t,age_ythadult_yge15,geo_cov_rur,2016,12.901
fra,sex_t,age_ythadult_yge15,geo_cov_rur,2017,12.139
fra,sex_t,age_ythadult_yge15,geo_cov_rur,2018,11.983
fra,sex_t,age_ythadult_yge15,geo_cov_rur,2019,11.544
fra,sex_t,age_ythadult_yge15,geo_cov_rur,2020,11.187
fra,sex_t,age_ythadult_yge15,geo_cov_rur,2021,8.057
fra,sex_t,age_ythadult_yge15,geo_cov_rur,2022,7.33
fra,sex_t,age_ythadult_yge15,geo_cov_rur,2023,7.386
fra,sex_t,age_ythadult_yge15,geo_cov_rur,2024,6.912
fra,sex_t,age_ythadult_yge15,geo_cov_urb,1998,14.407
fra,sex_t,age_ythadult_yge15,geo_cov_urb,1999,14.054
fra,sex_t,age_ythadult_yge15,geo_cov_urb,2000,12.483
fra,sex_t,age_ythadult_yge15,geo_cov_urb,2001,10.876
fra,sex_t,age_ythadult_yge15,geo_cov_urb,2002,10.99
fra,sex_t,age_ythadult_yge15,geo_cov_urb,2003,10.943
fra,sex_t,age_ythadult_yge15,geo_cov_urb,2004,11.436
fra,sex_t,age_ythadult_yge15,geo_cov_urb,2005,11.109
fra,sex_t,age_ythadult_yge15,geo_cov_urb,2006,11.034
fra,sex_t,age_ythadult_yge15,geo_cov_urb,2007,10.148
fra,sex_t,age_ythadult_yge15,geo_cov_urb,2008,9.329
fra,sex_t,age_ythadult_yge15,geo_cov_urb,2009,11.201
fra,sex_t,age_ythadult_yge15,geo_cov_urb,2010,11.452
fra,sex_t,age_ythadult_yge15,geo_cov_urb,2011,11.473
fra,sex_t,age_ythadult_yge15,geo_cov_urb,2012,11.938
fra,sex_t,age_ythadult_yge15,geo_cov_urb,2013,11.609
fra,sex_t,age_ythadult_yge15,geo_cov_urb,2014,13.313
fra,sex_t,age_ythadult_yge15,geo_cov_urb,2015,13.385
fra,sex_t,age_ythadult_yge15,geo_cov_urb,2016,13.06
fra,sex_t,age_ythadult_yge15,geo_cov_urb,2017,12.377
fra,sex_t,age_ythadult_yge15,geo_cov_urb,2018,11.927
fra,sex_t,age_ythadult_yge15,geo_cov_urb,2019,11.218
fra,sex_t,age_ythadult_yge15,geo_cov_urb,2020,11.708
fra,sex_t,age_ythadult_yge15,geo_cov_urb,2021,12.487
fra,sex_t,age_ythadult_yge15,geo_cov_urb,2022,11.527
fra,sex_t,age_ythadult_yge15,geo_cov_urb,2023,11.564
fra,sex_t,age_ythadult_yge15,geo_cov_urb,2024,11.778
fra,sex_t,age_ythadult_yge25,geo_cov_nat,1998,11.798
fra,sex_t,age_ythadult_yge25,geo_cov_nat,1999,11.526
fra,sex_t,age_ythadult_yge25,geo_cov_nat,2000,10.315
fra,sex_t,age_ythadult_yge25,geo_cov_nat,2001,8.773
fra,sex_t,age_ythadult_yge25,geo_cov_nat,2002,8.793
fra,sex_t,age_ythadult_yge25,geo_cov_nat,2003,9.114
fra,sex_t,age_ythadult_yge25,geo_cov_nat,2004,9.568
fra,sex_t,age_ythadult_yge25,geo_cov_nat,2005,9.344
fra,sex_t,age_ythadult_yge25,geo_cov_nat,2006,9.17
fra,sex_t,age_ythadult_yge25,geo_cov_nat,2007,8.474
fra,sex_t,age_ythadult_yge25,geo_cov_nat,2008,7.763
fra,sex_t,age_ythadult_yge25,geo_cov_nat,2009,9.248
fra,sex_t,age_ythadult_yge25,geo_cov_nat,2010,9.551
fra,sex_t,age_ythadult_yge25,geo_cov_nat,2011,9.647
fra,sex_t,age_ythadult_yge25,geo_cov_nat,2012,10.174
fra,sex_t,age_ythadult_yge25,geo_cov_nat,2013,9.981
fra,sex_t,age_ythadult_yge25,geo_cov_nat,2014,11.535
fra,sex_t,age_ythadult_yge25,geo_cov_nat,2015,11.614
fra,sex_t,age_ythadult_yge25,geo_cov_nat,2016,11.3
fra,sex_t,age_ythadult_yge25,geo_cov_nat,2017,10.808
fra,sex_t,age_ythadult_yge25,geo_cov_nat,2018,10.53
fra,sex_t,age_ythadult_yge25,geo_cov_nat,2019,9.901
fra,sex_t,age_ythadult_yge25,geo_cov_nat,2020,10.068
fra,sex_t,age_ythadult_yge25,geo_cov_nat,2021,9.744
fra,sex_t,age_ythadult_yge25,geo_cov_nat,2022,8.924
fra,sex_t,age_ythadult_yge25,geo_cov_nat,2023,8.89
fra,sex_t,age_ythadult_yge25,geo_cov_nat,2024,8.785
fra,sex_t,age_ythadult_yge25,geo_cov_rur,1998,10.198
fra,sex_t,age_ythadult_yge25,geo_cov_rur,1999,10.147
fra,sex_t,age_ythadult_yge25,geo_cov_rur,2000,8.887
fra,sex_t,age_ythadult_yge25,geo_cov_rur,2001,7.36
fra,sex_t,age_ythadult_yge25,geo_cov_rur,2002,7.507
fra,sex_t,age_ythadult_yge25,geo_cov_rur,2003,6.701
fra,sex_t,age_ythadult_yge25,geo_cov_rur,2004,7.903
fra,sex_t,age_ythadult_yge25,geo_cov_rur,2005,8.38
fra,sex_t,age_ythadult_yge25,geo_cov_rur,2006,8.409
fra,sex_t,age_ythadult_yge25,geo_cov_rur,2007,7.731
fra,sex_t,age_ythadult_yge25,geo_cov_rur,2008,7.844
fra,sex_t,age_ythadult_yge25,geo_cov_rur,2009,8.771
fra,sex_t,age_ythadult_yge25,geo_cov_rur,2010,8.843
fra,sex_t,age_ythadult_yge25,geo_cov_rur,2011,8.74
fra,sex_t,age_ythadult_yge25,geo_cov_rur,2012,9.892
fra,sex_t,age_ythadult_yge25,geo_cov_rur,2013,9.912
fra,sex_t,age_ythadult_yge25,geo_cov_rur,2014,10.769
fra,sex_t,age_ythadult_yge25,geo_cov_rur,2015,11.217
fra,sex_t,age_ythadult_yge25,geo_cov_rur,2016,11.068
fra,sex_t,age_ythadult_yge25,geo_cov_rur,2017,10.578
fra,sex_t,age_ythadult_yge25,geo_cov_rur,2018,10.506
fra,sex_t,age_ythadult_yge25,geo_cov_rur,2019,10.203
fra,sex_t,age_ythadult_yge25,geo_cov_rur,2020,9.657
fra,sex_t,age_ythadult_yge25,geo_cov_rur,2021,6.653
fra,sex_t,age_ythadult_yge25,geo_cov_rur,2022,6.026
fra,sex_t,age_ythadult_yge25,geo_cov_rur,2023,5.93
fra,sex_t,age_ythadult_yge25,geo_cov_rur,2024,5.452
fra,sex_t,age_ythadult_yge25,geo_cov_urb,1998,12.803
fra,sex_t,age_ythadult_yge25,geo_cov_urb,1999,12.391
fra,sex_t,age_ythadult_yge25,geo_cov_urb,2000,11.204
fra,sex_t,age_ythadult_yge25,geo_cov_urb,2001,9.65
fra,sex_t,age_ythadult_yge25,geo_cov_urb,2002,9.615
fra,sex_t,age_ythadult_yge25,geo_cov_urb,2003,9.636
fra,sex_t,age_ythadult_yge25,geo_cov_urb,2004,9.915
fra,sex_t,age_ythadult_yge25,geo_cov_urb,2005,9.538
fra,sex_t,age_ythadult_yge25,geo_cov_urb,2006,9.326
fra,sex_t,age_ythadult_yge25,geo_cov_urb,2007,8.623
fra,sex_t,age_ythadult_yge25,geo_cov_urb,2008,7.747
fra,sex_t,age_ythadult_yge25,geo_cov_urb,2009,9.345
fra,sex_t,age_ythadult_yge25,geo_cov_urb,2010,9.69
fra,sex_t,age_ythadult_yge25,geo_cov_urb,2011,9.809
fra,sex_t,age_ythadult_yge25,geo_cov_urb,2012,10.224
fra,sex_t,age_ythadult_yge25,geo_cov_urb,2013,9.994
fra,sex_t,age_ythadult_yge25,geo_cov_urb,2014,11.671
fra,sex_t,age_ythadult_yge25,geo_cov_urb,2015,11.684
fra,sex_t,age_ythadult_yge25,geo_cov_urb,2016,11.342
fra,sex_t,age_ythadult_yge25,geo_cov_urb,2017,10.848
fra,sex_t,age_ythadult_yge25,geo_cov_urb,2018,10.534
fra,sex_t,age_ythadult_yge25,geo_cov_urb,2019,9.848
fra,sex_t,age_ythadult_yge25,geo_cov_urb,2020,10.144
fra,sex_t,age_ythadult_yge25,geo_cov_urb,2021,10.616
fra,sex_t,age_ythadult_yge25,geo_cov_urb,2022,9.723
fra,sex_t,age_ythadult_yge25,geo_cov_urb,2023,9.706
fra,sex_t,age_ythadult_yge25,geo_cov_urb,2024,9.687
gbr,sex_f,age_aggregate_total,geo_cov_nat,1998,9.647
gbr,sex_f,age_aggregate_total,geo_cov_nat,1999,9.122
gbr,sex_f,age_aggregate_total,geo_cov_nat,2000,8.751
gbr,sex_f,age_aggregate_total,geo_cov_nat,2001,7.626
gbr,sex_f,age_aggregate_total,geo_cov_nat,2002,7.742
gbr,sex_f,age_aggregate_total,geo_cov_nat,2003,7.372
gbr,sex_f,age_aggregate_total,geo_cov_nat,2004,7.341
gbr,sex_f,age_aggregate_total,geo_cov_nat,2005,7.376
gbr,sex_f,age_aggregate_total,geo_cov_nat,2006,8.13
gbr,sex_f,age_aggregate_total,geo_cov_nat,2007,8.22
gbr,sex_f,age_aggregate_total,geo_cov_nat,2008,7.625
gbr,sex_f,age_aggregate_total,geo_cov_nat,2009,9.019
gbr,sex_f,age_aggregate_total,geo_cov_nat,2010,9.48
gbr,sex_f,age_aggregate_total,geo_cov_nat,2011,9.981
gbr,sex_f,age_aggregate_total,geo_cov_nat,2012,10.08
gbr,sex_f,age_aggregate_total,geo_cov_nat,2013,9.578
gbr,sex_f,age_aggregate_total,geo_cov_nat,2014,8.284
gbr,sex_f,age_aggregate_total,geo_cov_nat,2015,7.39
gbr,sex_f,age_aggregate_total,geo_cov_nat,2016,7.059
gbr,sex_f,age_aggregate_total,geo_cov_nat,2017,6.257
gbr,sex_f,age_aggregate_total,geo_cov_nat,2018,5.898
gbr,sex_f,age_aggregate_total,geo_cov_nat,2019,5.527
gbr,sex_f,age_aggregate_total,geo_cov_rur,1998,8.216
gbr,sex_f,age_aggregate_total,geo_cov_rur,1999,8.099
gbr,sex_f,age_aggregate_total,geo_cov_rur,2000,7.113
gbr,sex_f,age_aggregate_total,geo_cov_rur,2001,6.512
gbr,sex_f,age_aggregate_total,geo_cov_rur,2002,6.29
gbr,sex_f,age_aggregate_total,geo_cov_rur,2003,5.356
gbr,sex_f,age_aggregate_total,geo_cov_rur,2004,5.292
gbr,sex_f,age_aggregate_total,geo_cov_rur,2005,5.464
gbr,sex_f,age_aggregate_total,geo_cov_rur,2006,6.454
gbr,sex_f,age_aggregate_total,geo_cov_rur,2007,6.306
gbr,sex_f,age_aggregate_total,geo_cov_rur,2008,5.843
gbr,sex_f,age_aggregate_total,geo_cov_rur,2009,7.007
gbr,sex_f,age_aggregate_total,geo_cov_rur,2010,6.553
gbr,sex_f,age_aggregate_total,geo_cov_rur,2011,7.948
gbr,sex_f,age_aggregate_total,geo_cov_rur,2012,6.503
gbr,sex_f,age_aggregate_total,geo_cov_rur,2013,6.449
gbr,sex_f,age_aggregate_total,geo_cov_rur,2014,5.815
gbr,sex_f,age_aggregate_total,geo_cov_rur,2015,5.532
gbr,sex_f,age_aggregate_total,geo_cov_rur,2016,5.313
gbr,sex_f,age_aggregate_total,geo_cov_rur,2017,4.629
gbr,sex_f,age_aggregate_total,geo_cov_rur,2018,4.629
gbr,sex_f,age_aggregate_total,geo_cov_rur,2019,4.493
gbr,sex_f,age_aggregate_total,geo_cov_urb,1998,9.851
gbr,sex_f,age_aggregate_total,geo_cov_urb,1999,9.243
gbr,sex_f,age_aggregate_total,geo_cov_urb,2000,8.794
gbr,sex_f,age_aggregate_total,geo_cov_urb,2001,7.663
gbr,sex_f,age_aggregate_total,geo_cov_urb,2002,7.846
gbr,sex_f,age_aggregate_total,geo_cov_urb,2003,7.549
gbr,sex_f,age_aggregate_total,geo_cov_urb,2004,7.722
gbr,sex_f,age_aggregate_total,geo_cov_urb,2005,7.611
gbr,sex_f,age_aggregate_total,geo_cov_urb,2006,8.424
gbr,sex_f,age_aggregate_total,geo_cov_urb,2007,8.565
gbr,sex_f,age_aggregate_total,geo_cov_urb,2008,7.878
gbr,sex_f,age_aggregate_total,geo_cov_urb,2009,9.383
gbr,sex_f,age_aggregate_total,geo_cov_urb,2010,10.001
gbr,sex_f,age_aggregate_total,geo_cov_urb,2011,10.346
gbr,sex_f,age_aggregate_total,geo_cov_urb,2012,10.594
gbr,sex_f,age_aggregate_total,geo_cov_urb,2013,10.047
gbr,sex_f,age_aggregate_total,geo_cov_urb,2014,8.65
gbr,sex_f,age_aggregate_total,geo_cov_urb,2015,7.665
gbr,sex_f,age_aggregate_total,geo_cov_urb,2016,7.31
gbr,sex_f,age_aggregate_total,geo_cov_urb,2017,6.488
gbr,sex_f,age_aggregate_total,geo_cov_urb,2018,6.077
gbr,sex_f,age_aggregate_total,geo_cov_urb,2019,5.676
gbr,sex_f,age_aggregate_total,geo_cov_x,1998,5.333
gbr,sex_f,age_aggregate_total,geo_cov_x,1999,16.968
gbr,sex_f,age_aggregate_total,geo_cov_x,2000,10.865
gbr,sex_f,age_aggregate_total,geo_cov_x,2001,8.946
gbr,sex_f,age_aggregate_total,geo_cov_x,2002,9.053
gbr,sex_f,age_aggregate_total,geo_cov_x,2003,8.888
gbr,sex_f,age_aggregate_total,geo_cov_x,2004,7.357
gbr,sex_f,age_aggregate_total,geo_cov_x,2005,8.278
gbr,sex_f,age_aggregate_y15_24,geo_cov_nat,1998,17.138
gbr,sex_f,age_aggregate_y15_24,geo_cov_nat,1999,16.549
gbr,sex_f,age_aggregate_y15_24,geo_cov_nat,2000,16.223
gbr,sex_f,age_aggregate_y15_24,geo_cov_nat,2001,14.059
gbr,sex_f,age_aggregate_y15_24,geo_cov_nat,2002,13.977
gbr,sex_f,age_aggregate_y15_24,geo_cov_nat,2003,14.756
gbr,sex_f,age_aggregate_y15_24,geo_cov_nat,2004,15.207
gbr,sex_f,age_aggregate_y15_24,geo_cov_nat,2005,15.473
gbr,sex_f,age_aggregate_y15_24,geo_cov_nat,2006,17.366
gbr,sex_f,age_aggregate_y15_24,geo_cov_nat,2007,18.421
gbr,sex_f,age_aggregate_y15_24,geo_cov_nat,2008,16.95
gbr,sex_f,age_aggregate_y15_24,geo_cov_nat,2009,20.085
gbr,sex_f,age_aggregate_y15_24,geo_cov_nat,2010,21.688
gbr,sex_f,age_aggregate_y15_24,geo_cov_nat,2011,22.786
gbr,sex_f,age_aggregate_y15_24,geo_cov_nat,2012,22.7
gbr,sex_f,age_aggregate_y15_24,geo_cov_nat,2013,22.268
gbr,sex_f,age_aggregate_y15_24,geo_cov_nat,2014,19.301
gbr,sex_f,age_aggregate_y15_24,geo_cov_nat,2015,16.817
gbr,sex_f,age_aggregate_y15_24,geo_cov_nat,2016,15.524
gbr,sex_f,age_aggregate_y15_24,geo_cov_nat,2017,14.45
gbr,sex_f,age_aggregate_y15_24,geo_cov_nat,2018,13.703
gbr,sex_f,age_aggregate_y15_24,geo_cov_nat,2019,13.396
gbr,sex_f,age_aggregate_y15_24,geo_cov_rur,1998,15.797
gbr,sex_f,age_aggregate_y15_24,geo_cov_rur,1999,16.283
gbr,sex_f,age_aggregate_y15_24,geo_cov_rur,2000,12.337
gbr,sex_f,age_aggregate_y15_24,geo_cov_rur,2001,13.145
gbr,sex_f,age_aggregate_y15_24,geo_cov_rur,2002,11.964
gbr,sex_f,age_aggregate_y15_24,geo_cov_rur,2003,9.738
gbr,sex_f,age_aggregate_y15_24,geo_cov_rur,2004,8.92
gbr,sex_f,age_aggregate_y15_24,geo_cov_rur,2005,11.807
gbr,sex_f,age_aggregate_y15_24,geo_cov_rur,2006,14.785
gbr,sex_f,age_aggregate_y15_24,geo_cov_rur,2007,14.582
gbr,sex_f,age_aggregate_y15_24,geo_cov_rur,2008,13.194
gbr,sex_f,age_aggregate_y15_24,geo_cov_rur,2009,16.149
gbr,sex_f,age_aggregate_y15_24,geo_cov_rur,2010,16.892
gbr,sex_f,age_aggregate_y15_24,geo_cov_rur,2011,17.108
gbr,sex_f,age_aggregate_y15_24,geo_cov_rur,2012,14.59
gbr,sex_f,age_aggregate_y15_24,geo_cov_rur,2013,16.988
gbr,sex_f,age_aggregate_y15_24,geo_cov_rur,2014,13.712
gbr,sex_f,age_aggregate_y15_24,geo_cov_rur,2015,14.099
gbr,sex_f,age_aggregate_y15_24,geo_cov_rur,2016,13.139
gbr,sex_f,age_aggregate_y15_24,geo_cov_rur,2017,12.89
gbr,sex_f,age_aggregate_y15_24,geo_cov_rur,2018,10.501
gbr,sex_f,age_aggregate_y15_24,geo_cov_rur,2019,11.85
gbr,sex_f,age_aggregate_y15_24,geo_cov_urb,1998,17.353
gbr,sex_f,age_aggregate_y15_24,geo_cov_urb,1999,16.553
gbr,sex_f,age_aggregate_y15_24,geo_cov_urb,2000,16.011
gbr,sex_f,age_aggregate_y15_24,geo_cov_urb,2001,14.067
gbr,sex_f,age_aggregate_y15_24,geo_cov_urb,2002,14.036
gbr,sex_f,age_aggregate_y15_24,geo_cov_urb,2003,14.875
gbr,sex_f,age_aggregate_y15_24,geo_cov_urb,2004,16.257
gbr,sex_f,age_aggregate_y15_24,geo_cov_urb,2005,15.975
gbr,sex_f,age_aggregate_y15_24,geo_cov_urb,2006,17.735
gbr,sex_f,age_aggregate_y15_24,geo_cov_urb,2007,18.983
gbr,sex_f,age_aggregate_y15_24,geo_cov_urb,2008,17.39
gbr,sex_f,age_aggregate_y15_24,geo_cov_urb,2009,20.662
gbr,sex_f,age_aggregate_y15_24,geo_cov_urb,2010,22.416
gbr,sex_f,age_aggregate_y15_24,geo_cov_urb,2011,23.608
gbr,sex_f,age_aggregate_y15_24,geo_cov_urb,2012,23.581
gbr,sex_f,age_aggregate_y15_24,geo_cov_urb,2013,22.879
gbr,sex_f,age_aggregate_y15_24,geo_cov_urb,2014,20.019
gbr,sex_f,age_aggregate_y15_24,geo_cov_urb,2015,17.159
gbr,sex_f,age_aggregate_y15_24,geo_cov_urb,2016,15.796
gbr,sex_f,age_aggregate_y15_24,geo_cov_urb,2017,14.625
gbr,sex_f,age_aggregate_y15_24,geo_cov_urb,2018,14.052
gbr,sex_f,age_aggregate_y15_24,geo_cov_urb,2019,13.584
gbr,sex_f,age_aggregate_y15_24,geo_cov_x,2000,22.726
gbr,sex_f,age_aggregate_y15_24,geo_cov_x,2001,15.082
gbr,sex_f,age_aggregate_y15_24,geo_cov_x,2002,15.914
gbr,sex_f,age_aggregate_y15_24,geo_cov_x,2003,19.298
gbr,sex_f,age_aggregate_y15_24,geo_cov_x,2004,15.041
gbr,sex_f,age_aggregate_y15_24,geo_cov_x,2005,15.65
gbr,sex_f,age_aggregate_y25_54,geo_cov_nat,1998,8.246
gbr,sex_f,age_aggregate_y25_54,geo_cov_nat,1999,7.779
gbr,sex_f,age_aggregate_y25_54,geo_cov_nat,2000,7.364
gbr,sex_f,age_aggregate_y25_54,geo_cov_nat,2001,6.591
gbr,sex_f,age_aggregate_y25_54,geo_cov_nat,2002,6.734
gbr,sex_f,age_aggregate_y25_54,geo_cov_nat,2003,6.149
gbr,sex_f,age_aggregate_y25_54,geo_cov_nat,2004,6
gbr,sex_f,age_aggregate_y25_54,geo_cov_nat,2005,6.132
gbr,sex_f,age_aggregate_y25_54,geo_cov_nat,2006,6.604
gbr,sex_f,age_aggregate_y25_54,geo_cov_nat,2007,6.481
gbr,sex_f,age_aggregate_y25_54,geo_cov_nat,2008,6.061
gbr,sex_f,age_aggregate_y25_54,geo_cov_nat,2009,7.349
gbr,sex_f,age_aggregate_y25_54,geo_cov_nat,2010,7.659
gbr,sex_f,age_aggregate_y25_54,geo_cov_nat,2011,7.974
gbr,sex_f,age_aggregate_y25_54,geo_cov_nat,2012,8.115
gbr,sex_f,age_aggregate_y25_54,geo_cov_nat,2013,7.6
gbr,sex_f,age_aggregate_y25_54,geo_cov_nat,2014,6.553
gbr,sex_f,age_aggregate_y25_54,geo_cov_nat,2015,5.991
gbr,sex_f,age_aggregate_y25_54,geo_cov_nat,2016,5.859
gbr,sex_f,age_aggregate_y25_54,geo_cov_nat,2017,4.986
gbr,sex_f,age_aggregate_y25_54,geo_cov_nat,2018,4.705
gbr,sex_f,age_aggregate_y25_54,geo_cov_nat,2019,4.432
gbr,sex_f,age_aggregate_y25_54,geo_cov_rur,1998,6.846
gbr,sex_f,age_aggregate_y25_54,geo_cov_rur,1999,6.925
gbr,sex_f,age_aggregate_y25_54,geo_cov_rur,2000,6.281
gbr,sex_f,age_aggregate_y25_54,geo_cov_rur,2001,5.465
gbr,sex_f,age_aggregate_y25_54,geo_cov_rur,2002,5.328
gbr,sex_f,age_aggregate_y25_54,geo_cov_rur,2003,4.714
gbr,sex_f,age_aggregate_y25_54,geo_cov_rur,2004,4.812
gbr,sex_f,age_aggregate_y25_54,geo_cov_rur,2005,4.633
gbr,sex_f,age_aggregate_y25_54,geo_cov_rur,2006,5.241
gbr,sex_f,age_aggregate_y25_54,geo_cov_rur,2007,4.967
gbr,sex_f,age_aggregate_y25_54,geo_cov_rur,2008,4.915
gbr,sex_f,age_aggregate_y25_54,geo_cov_rur,2009,5.84
gbr,sex_f,age_aggregate_y25_54,geo_cov_rur,2010,5.263
gbr,sex_f,age_aggregate_y25_54,geo_cov_rur,2011,7.011
gbr,sex_f,age_aggregate_y25_54,geo_cov_rur,2012,5.55
gbr,sex_f,age_aggregate_y25_54,geo_cov_rur,2013,5.414
gbr,sex_f,age_aggregate_y25_54,geo_cov_rur,2014,4.742
gbr,sex_f,age_aggregate_y25_54,geo_cov_rur,2015,4.402
gbr,sex_f,age_aggregate_y25_54,geo_cov_rur,2016,4.068
gbr,sex_f,age_aggregate_y25_54,geo_cov_rur,2017,3.506
gbr,sex_f,age_aggregate_y25_54,geo_cov_rur,2018,3.856
gbr,sex_f,age_aggregate_y25_54,geo_cov_rur,2019,3.351
gbr,sex_f,age_aggregate_y25_54,geo_cov_urb,1998,8.439
gbr,sex_f,age_aggregate_y25_54,geo_cov_urb,1999,7.886
gbr,sex_f,age_aggregate_y25_54,geo_cov_urb,2000,7.466
gbr,sex_f,age_aggregate_y25_54,geo_cov_urb,2001,6.631
gbr,sex_f,age_aggregate_y25_54,geo_cov_urb,2002,6.843
gbr,sex_f,age_aggregate_y25_54,geo_cov_urb,2003,6.318
gbr,sex_f,age_aggregate_y25_54,geo_cov_urb,2004,6.215
gbr,sex_f,age_aggregate_y25_54,geo_cov_urb,2005,6.27
gbr,sex_f,age_aggregate_y25_54,geo_cov_urb,2006,6.833
gbr,sex_f,age_aggregate_y25_54,geo_cov_urb,2007,6.749
gbr,sex_f,age_aggregate_y25_54,geo_cov_urb,2008,6.22
gbr,sex_f,age_aggregate_y25_54,geo_cov_urb,2009,7.61
gbr,sex_f,age_aggregate_y25_54,geo_cov_urb,2010,8.063
gbr,sex_f,age_aggregate_y25_54,geo_cov_urb,2011,8.138
gbr,sex_f,age_aggregate_y25_54,geo_cov_urb,2012,8.464
gbr,sex_f,age_aggregate_y25_54,geo_cov_urb,2013,7.907
gbr,sex_f,age_aggregate_y25_54,geo_cov_urb,2014,6.804
gbr,sex_f,age_aggregate_y25_54,geo_cov_urb,2015,6.207
gbr,sex_f,age_aggregate_y25_54,geo_cov_urb,2016,6.096
gbr,sex_f,age_aggregate_y25_54,geo_cov_urb,2017,5.183
gbr,sex_f,age_aggregate_y25_54,geo_cov_urb,2018,4.817
gbr,sex_f,age_aggregate_y25_54,geo_cov_urb,2019,4.572
gbr,sex_f,age_aggregate_y25_54,geo_cov_x,1998,5.5
gbr,sex_f,age_aggregate_y25_54,geo_cov_x,2000,8.141
gbr,sex_f,age_aggregate_y25_54,geo_cov_x,2001,7.894
gbr,sex_f,age_aggregate_y25_54,geo_cov_x,2002,7.906
gbr,sex_f,age_aggregate_y25_54,geo_cov_x,2003,6.921
gbr,sex_f,age_aggregate_y25_54,geo_cov_x,2004,6.014
gbr,sex_f,age_aggregate_y25_54,geo_cov_x,2005,7.17
gbr,sex_f,age_aggregate_y55_64,geo_cov_nat,1998,8.757
gbr,sex_f,age_aggregate_y55_64,geo_cov_nat,1999,8.114
gbr,sex_f,age_aggregate_y55_64,geo_cov_nat,2000,7.989
gbr,sex_f,age_aggregate_y55_64,geo_cov_nat,2001,5.948
gbr,sex_f,age_aggregate_y55_64,geo_cov_nat,2002,6.108
gbr,sex_f,age_aggregate_y55_64,geo_cov_nat,2003,5.465
gbr,sex_f,age_aggregate_y55_64,geo_cov_nat,2004,5.309
gbr,sex_f,age_aggregate_y55_64,geo_cov_nat,2005,4.844
gbr,sex_f,age_aggregate_y55_64,geo_cov_nat,2006,5.531
gbr,sex_f,age_aggregate_y55_64,geo_cov_nat,2007,5.669
gbr,sex_f,age_aggregate_y55_64,geo_cov_nat,2008,5.039
gbr,sex_f,age_aggregate_y55_64,geo_cov_nat,2009,5.597
gbr,sex_f,age_aggregate_y55_64,geo_cov_nat,2010,6.212
gbr,sex_f,age_aggregate_y55_64,geo_cov_nat,2011,7.074
gbr,sex_f,age_aggregate_y55_64,geo_cov_nat,2012,7.285
gbr,sex_f,age_aggregate_y55_64,geo_cov_nat,2013,7.374
gbr,sex_f,age_aggregate_y55_64,geo_cov_nat,2014,6.574
gbr,sex_f,age_aggregate_y55_64,geo_cov_nat,2015,5.71
gbr,sex_f,age_aggregate_y55_64,geo_cov_nat,2016,5.471
gbr,sex_f,age_aggregate_y55_64,geo_cov_nat,2017,5.441
gbr,sex_f,age_aggregate_y55_64,geo_cov_nat,2018,5.532
gbr,sex_f,age_aggregate_y55_64,geo_cov_nat,2019,4.685
gbr,sex_f,age_aggregate_y55_64,geo_cov_rur,1998,8.27
gbr,sex_f,age_aggregate_y55_64,geo_cov_rur,1999,6.508
gbr,sex_f,age_aggregate_y55_64,geo_cov_rur,2000,7.23
gbr,sex_f,age_aggregate_y55_64,geo_cov_rur,2001,6.555
gbr,sex_f,age_aggregate_y55_64,geo_cov_rur,2002,6.281
gbr,sex_f,age_aggregate_y55_64,geo_cov_rur,2003,5.347
gbr,sex_f,age_aggregate_y55_64,geo_cov_rur,2004,4.751
gbr,sex_f,age_aggregate_y55_64,geo_cov_rur,2005,4.446
gbr,sex_f,age_aggregate_y55_64,geo_cov_rur,2006,5.409
gbr,sex_f,age_aggregate_y55_64,geo_cov_rur,2007,5.679
gbr,sex_f,age_aggregate_y55_64,geo_cov_rur,2008,4.278
gbr,sex_f,age_aggregate_y55_64,geo_cov_rur,2009,5.076
gbr,sex_f,age_aggregate_y55_64,geo_cov_rur,2010,4.798
gbr,sex_f,age_aggregate_y55_64,geo_cov_rur,2011,6.375
gbr,sex_f,age_aggregate_y55_64,geo_cov_rur,2012,6.145
gbr,sex_f,age_aggregate_y55_64,geo_cov_rur,2013,5.04
gbr,sex_f,age_aggregate_y55_64,geo_cov_rur,2014,4.762
gbr,sex_f,age_aggregate_y55_64,geo_cov_rur,2015,4.675
gbr,sex_f,age_aggregate_y55_64,geo_cov_rur,2016,5.856
gbr,sex_f,age_aggregate_y55_64,geo_cov_rur,2017,4.703
gbr,sex_f,age_aggregate_y55_64,geo_cov_rur,2018,4.803
gbr,sex_f,age_aggregate_y55_64,geo_cov_rur,2019,5.075
gbr,sex_f,age_aggregate_y55_64,geo_cov_urb,1998,8.86
gbr,sex_f,age_aggregate_y55_64,geo_cov_urb,1999,8.33
gbr,sex_f,age_aggregate_y55_64,geo_cov_urb,2000,7.657
gbr,sex_f,age_aggregate_y55_64,geo_cov_urb,2001,5.701
gbr,sex_f,age_aggregate_y55_64,geo_cov_urb,2002,6.019
gbr,sex_f,age_aggregate_y55_64,geo_cov_urb,2003,5.37
gbr,sex_f,age_aggregate_y55_64,geo_cov_urb,2004,5.469
gbr,sex_f,age_aggregate_y55_64,geo_cov_urb,2005,4.883
gbr,sex_f,age_aggregate_y55_64,geo_cov_urb,2006,5.561
gbr,sex_f,age_aggregate_y55_64,geo_cov_urb,2007,5.666
gbr,sex_f,age_aggregate_y55_64,geo_cov_urb,2008,5.179
gbr,sex_f,age_aggregate_y55_64,geo_cov_urb,2009,5.725
gbr,sex_f,age_aggregate_y55_64,geo_cov_urb,2010,6.55
gbr,sex_f,age_aggregate_y55_64,geo_cov_urb,2011,7.256
gbr,sex_f,age_aggregate_y55_64,geo_cov_urb,2012,7.522
gbr,sex_f,age_aggregate_y55_64,geo_cov_urb,2013,7.857
gbr,sex_f,age_aggregate_y55_64,geo_cov_urb,2014,6.937
gbr,sex_f,age_aggregate_y55_64,geo_cov_urb,2015,5.925
gbr,sex_f,age_aggregate_y55_64,geo_cov_urb,2016,5.391
gbr,sex_f,age_aggregate_y55_64,geo_cov_urb,2017,5.573
gbr,sex_f,age_aggregate_y55_64,geo_cov_urb,2018,5.668
gbr,sex_f,age_aggregate_y55_64,geo_cov_urb,2019,4.607
gbr,sex_f,age_aggregate_y55_64,geo_cov_x,2000,12.257
gbr,sex_f,age_aggregate_y55_64,geo_cov_x,2001,6.931
gbr,sex_f,age_aggregate_y55_64,geo_cov_x,2002,6.513
gbr,sex_f,age_aggregate_y55_64,geo_cov_x,2003,6.436
gbr,sex_f,age_aggregate_y55_64,geo_cov_x,2004,5.066
gbr,sex_f,age_aggregate_y55_64,geo_cov_x,2005,5.27
gbr,sex_f,age_aggregate_yge65,geo_cov_nat,1998,1.903
gbr,sex_f,age_aggregate_yge65,geo_cov_nat,1999,1.349
gbr,sex_f,age_aggregate_yge65,geo_cov_nat,2000,1.297
gbr,sex_f,age_aggregate_yge65,geo_cov_nat,2001,1.284
gbr,sex_f,age_aggregate_yge65,geo_cov_nat,2002,2.024
gbr,sex_f,age_aggregate_yge65,geo_cov_nat,2003,1.794
gbr,sex_f,age_aggregate_yge65,geo_cov_nat,2004,1.257
gbr,sex_f,age_aggregate_yge65,geo_cov_nat,2005,1.293
gbr,sex_f,age_aggregate_yge65,geo_cov_nat,2006,1.617
gbr,sex_f,age_aggregate_yge65,geo_cov_nat,2007,1.94
gbr,sex_f,age_aggregate_yge65,geo_cov_nat,2008,2.738
gbr,sex_f,age_aggregate_yge65,geo_cov_nat,2009,2.927
gbr,sex_f,age_aggregate_yge65,geo_cov_nat,2010,1.567
gbr,sex_f,age_aggregate_yge65,geo_cov_nat,2011,2.542
gbr,sex_f,age_aggregate_yge65,geo_cov_nat,2012,2.233
gbr,sex_f,age_aggregate_yge65,geo_cov_nat,2013,1.429
gbr,sex_f,age_aggregate_yge65,geo_cov_nat,2014,2.29
gbr,sex_f,age_aggregate_yge65,geo_cov_nat,2015,2.035
gbr,sex_f,age_aggregate_yge65,geo_cov_nat,2016,2.066
gbr,sex_f,age_aggregate_yge65,geo_cov_nat,2017,2.02
gbr,sex_f,age_aggregate_yge65,geo_cov_nat,2018,1.162
gbr,sex_f,age_aggregate_yge65,geo_cov_nat,2019,1.688
gbr,sex_f,age_aggregate_yge65,geo_cov_rur,2001,0
gbr,sex_f,age_aggregate_yge65,geo_cov_rur,2009,4.356
gbr,sex_f,age_aggregate_yge65,geo_cov_rur,2012,0
gbr,sex_f,age_aggregate_yge65,geo_cov_urb,1998,2.185
gbr,sex_f,age_aggregate_yge65,geo_cov_urb,2000,1.499
gbr,sex_f,age_aggregate_yge65,geo_cov_urb,2002,1.593
gbr,sex_f,age_aggregate_yge65,geo_cov_urb,2003,2.423
gbr,sex_f,age_aggregate_yge65,geo_cov_urb,2004,1.537
gbr,sex_f,age_aggregate_yge65,geo_cov_urb,2006,1.875
gbr,sex_f,age_aggregate_yge65,geo_cov_urb,2007,1.763
gbr,sex_f,age_aggregate_yge65,geo_cov_urb,2008,3.053
gbr,sex_f,age_aggregate_yge65,geo_cov_urb,2009,2.449
gbr,sex_f,age_aggregate_yge65,geo_cov_urb,2010,2.049
gbr,sex_f,age_aggregate_yge65,geo_cov_urb,2011,3.094
gbr,sex_f,age_aggregate_yge65,geo_cov_urb,2012,2.844
gbr,sex_f,age_aggregate_yge65,geo_cov_urb,2013,1.77
gbr,sex_f,age_aggregate_yge65,geo_cov_urb,2014,2.14
gbr,sex_f,age_aggregate_yge65,geo_cov_urb,2015,2.037
gbr,sex_f,age_aggregate_yge65,geo_cov_urb,2016,2.378
gbr,sex_f,age_aggregate_yge65,geo_cov_urb,2017,2.313
gbr,sex_f,age_aggregate_yge65,geo_cov_urb,2018,0.955
gbr,sex_f,age_aggregate_yge65,geo_cov_urb,2019,1.993
gbr,sex_f,age_ythadult_y15_24,geo_cov_nat,1998,17.138
gbr,sex_f,age_ythadult_y15_24,geo_cov_nat,1999,16.549
gbr,sex_f,age_ythadult_y15_24,geo_cov_nat,2000,16.223
gbr,sex_f,age_ythadult_y15_24,geo_cov_nat,2001,14.059
gbr,sex_f,age_ythadult_y15_24,geo_cov_nat,2002,13.977
gbr,sex_f,age_ythadult_y15_24,geo_cov_nat,2003,14.756
gbr,sex_f,age_ythadult_y15_24,geo_cov_nat,2004,15.207
gbr,sex_f,age_ythadult_y15_24,geo_cov_nat,2005,15.473
gbr,sex_f,age_ythadult_y15_24,geo_cov_nat,2006,17.366
gbr,sex_f,age_ythadult_y15_24,geo_cov_nat,2007,18.421
gbr,sex_f,age_ythadult_y15_24,geo_cov_nat,2008,16.95
gbr,sex_f,age_ythadult_y15_24,geo_cov_nat,2009,20.085
gbr,sex_f,age_ythadult_y15_24,geo_cov_nat,2010,21.688
gbr,sex_f,age_ythadult_y15_24,geo_cov_nat,2011,22.786
gbr,sex_f,age_ythadult_y15_24,geo_cov_nat,2012,22.7
gbr,sex_f,age_ythadult_y15_24,geo_cov_nat,2013,22.268
gbr,sex_f,age_ythadult_y15_24,geo_cov_nat,2014,19.301
gbr,sex_f,age_ythadult_y15_24,geo_cov_nat,2015,16.817
gbr,sex_f,age_ythadult_y15_24,geo_cov_nat,2016,15.524
gbr,sex_f,age_ythadult_y15_24,geo_cov_nat,2017,14.45
gbr,sex_f,age_ythadult_y15_24,geo_cov_nat,2018,13.703
gbr,sex_f,age_ythadult_y15_24,geo_cov_nat,2019,13.396
gbr,sex_f,age_ythadult_y15_24,geo_cov_rur,1998,15.797
gbr,sex_f,age_ythadult_y15_24,geo_cov_rur,1999,16.283
gbr,sex_f,age_ythadult_y15_24,geo_cov_rur,2000,12.337
gbr,sex_f,age_ythadult_y15_24,geo_cov_rur,2001,13.145
gbr,sex_f,age_ythadult_y15_24,geo_cov_rur,2002,11.964
gbr,sex_f,age_ythadult_y15_24,geo_cov_rur,2003,9.738
gbr,sex_f,age_ythadult_y15_24,geo_cov_rur,2004,8.92
gbr,sex_f,age_ythadult_y15_24,geo_cov_rur,2005,11.807
gbr,sex_f,age_ythadult_y15_24,geo_cov_rur,2006,14.785
gbr,sex_f,age_ythadult_y15_24,geo_cov_rur,2007,14.582
gbr,sex_f,age_ythadult_y15_24,geo_cov_rur,2008,13.194
gbr,sex_f,age_ythadult_y15_24,geo_cov_rur,2009,16.149
gbr,sex_f,age_ythadult_y15_24,geo_cov_rur,2010,16.892
gbr,sex_f,age_ythadult_y15_24,geo_cov_rur,2011,17.108
gbr,sex_f,age_ythadult_y15_24,geo_cov_rur,2012,14.59
gbr,sex_f,age_ythadult_y15_24,geo_cov_rur,2013,16.988
gbr,sex_f,age_ythadult_y15_24,geo_cov_rur,2014,13.712
gbr,sex_f,age_ythadult_y15_24,geo_cov_rur,2015,14.099
gbr,sex_f,age_ythadult_y15_24,geo_cov_rur,2016,13.139
gbr,sex_f,age_ythadult_y15_24,geo_cov_rur,2017,12.89
gbr,sex_f,age_ythadult_y15_24,geo_cov_rur,2018,10.501
gbr,sex_f,age_ythadult_y15_24,geo_cov_rur,2019,11.85
gbr,sex_f,age_ythadult_y15_24,geo_cov_urb,1998,17.353
gbr,sex_f,age_ythadult_y15_24,geo_cov_urb,1999,16.553
gbr,sex_f,age_ythadult_y15_24,geo_cov_urb,2000,16.011
gbr,sex_f,age_ythadult_y15_24,geo_cov_urb,2001,14.067
gbr,sex_f,age_ythadult_y15_24,geo_cov_urb,2002,14.036
gbr,sex_f,age_ythadult_y15_24,geo_cov_urb,2003,14.875
gbr,sex_f,age_ythadult_y15_24,geo_cov_urb,2004,16.257
gbr,sex_f,age_ythadult_y15_24,geo_cov_urb,2005,15.975
gbr,sex_f,age_ythadult_y15_24,geo_cov_urb,2006,17.735
gbr,sex_f,age_ythadult_y15_24,geo_cov_urb,2007,18.983
gbr,sex_f,age_ythadult_y15_24,geo_cov_urb,2008,17.39
gbr,sex_f,age_ythadult_y15_24,geo_cov_urb,2009,20.662
gbr,sex_f,age_ythadult_y15_24,geo_cov_urb,2010,22.416
gbr,sex_f,age_ythadult_y15_24,geo_cov_urb,2011,23.608
gbr,sex_f,age_ythadult_y15_24,geo_cov_urb,2012,23.581
gbr,sex_f,age_ythadult_y15_24,geo_cov_urb,2013,22.879
gbr,sex_f,age_ythadult_y15_24,geo_cov_urb,2014,20.019
gbr,sex_f,age_ythadult_y15_24,geo_cov_urb,2015,17.159
gbr,sex_f,age_ythadult_y15_24,geo_cov_urb,2016,15.796
gbr,sex_f,age_ythadult_y15_24,geo_cov_urb,2017,14.625
gbr,sex_f,age_ythadult_y15_24,geo_cov_urb,2018,14.052
gbr,sex_f,age_ythadult_y15_24,geo_cov_urb,2019,13.584
gbr,sex_f,age_ythadult_y15_24,geo_cov_x,2000,22.726
gbr,sex_f,age_ythadult_y15_24,geo_cov_x,2001,15.082
gbr,sex_f,age_ythadult_y15_24,geo_cov_x,2002,15.914
gbr,sex_f,age_ythadult_y15_24,geo_cov_x,2003,19.298
gbr,sex_f,age_ythadult_y15_24,geo_cov_x,2004,15.041
gbr,sex_f,age_ythadult_y15_24,geo_cov_x,2005,15.65
gbr,sex_f,age_ythadult_y15_64,geo_cov_nat,1998,9.748
gbr,sex_f,age_ythadult_y15_64,geo_cov_nat,1999,9.226
gbr,sex_f,age_ythadult_y15_64,geo_cov_nat,2000,8.847
gbr,sex_f,age_ythadult_y15_64,geo_cov_nat,2001,7.699
gbr,sex_f,age_ythadult_y15_64,geo_cov_nat,2002,7.822
gbr,sex_f,age_ythadult_y15_64,geo_cov_nat,2003,7.449
gbr,sex_f,age_ythadult_y15_64,geo_cov_nat,2004,7.431
gbr,sex_f,age_ythadult_y15_64,geo_cov_nat,2005,7.471
gbr,sex_f,age_ythadult_y15_64,geo_cov_nat,2006,8.237
gbr,sex_f,age_ythadult_y15_64,geo_cov_nat,2007,8.321
gbr,sex_f,age_ythadult_y15_64,geo_cov_nat,2008,7.717
gbr,sex_f,age_ythadult_y15_64,geo_cov_nat,2009,9.156
gbr,sex_f,age_ythadult_y15_64,geo_cov_nat,2010,9.668
gbr,sex_f,age_ythadult_y15_64,geo_cov_nat,2011,10.157
gbr,sex_f,age_ythadult_y15_64,geo_cov_nat,2012,10.272
gbr,sex_f,age_ythadult_y15_64,geo_cov_nat,2013,9.811
gbr,sex_f,age_ythadult_y15_64,geo_cov_nat,2014,8.469
gbr,sex_f,age_ythadult_y15_64,geo_cov_nat,2015,7.556
gbr,sex_f,age_ythadult_y15_64,geo_cov_nat,2016,7.218
gbr,sex_f,age_ythadult_y15_64,geo_cov_nat,2017,6.383
gbr,sex_f,age_ythadult_y15_64,geo_cov_nat,2018,6.052
gbr,sex_f,age_ythadult_y15_64,geo_cov_nat,2019,5.663
gbr,sex_f,age_ythadult_y15_64,geo_cov_rur,1998,8.338
gbr,sex_f,age_ythadult_y15_64,geo_cov_rur,1999,8.21
gbr,sex_f,age_ythadult_y15_64,geo_cov_rur,2000,7.232
gbr,sex_f,age_ythadult_y15_64,geo_cov_rur,2001,6.628
gbr,sex_f,age_ythadult_y15_64,geo_cov_rur,2002,6.368
gbr,sex_f,age_ythadult_y15_64,geo_cov_rur,2003,5.456
gbr,sex_f,age_ythadult_y15_64,geo_cov_rur,2004,5.408
gbr,sex_f,age_ythadult_y15_64,geo_cov_rur,2005,5.545
gbr,sex_f,age_ythadult_y15_64,geo_cov_rur,2006,6.602
gbr,sex_f,age_ythadult_y15_64,geo_cov_rur,2007,6.403
gbr,sex_f,age_ythadult_y15_64,geo_cov_rur,2008,5.968
gbr,sex_f,age_ythadult_y15_64,geo_cov_rur,2009,7.106
gbr,sex_f,age_ythadult_y15_64,geo_cov_rur,2010,6.798
gbr,sex_f,age_ythadult_y15_64,geo_cov_rur,2011,8.211
gbr,sex_f,age_ythadult_y15_64,geo_cov_rur,2012,6.78
gbr,sex_f,age_ythadult_y15_64,geo_cov_rur,2013,6.792
gbr,sex_f,age_ythadult_y15_64,geo_cov_rur,2014,5.953
gbr,sex_f,age_ythadult_y15_64,geo_cov_rur,2015,5.729
gbr,sex_f,age_ythadult_y15_64,geo_cov_rur,2016,5.548
gbr,sex_f,age_ythadult_y15_64,geo_cov_rur,2017,4.84
gbr,sex_f,age_ythadult_y15_64,geo_cov_rur,2018,4.787
gbr,sex_f,age_ythadult_y15_64,geo_cov_rur,2019,4.749
gbr,sex_f,age_ythadult_y15_64,geo_cov_urb,1998,9.949
gbr,sex_f,age_ythadult_y15_64,geo_cov_urb,1999,9.345
gbr,sex_f,age_ythadult_y15_64,geo_cov_urb,2000,8.883
gbr,sex_f,age_ythadult_y15_64,geo_cov_urb,2001,7.735
gbr,sex_f,age_ythadult_y15_64,geo_cov_urb,2002,7.928
gbr,sex_f,age_ythadult_y15_64,geo_cov_urb,2003,7.618
gbr,sex_f,age_ythadult_y15_64,geo_cov_urb,2004,7.804
gbr,sex_f,age_ythadult_y15_64,geo_cov_urb,2005,7.71
gbr,sex_f,age_ythadult_y15_64,geo_cov_urb,2006,8.52
gbr,sex_f,age_ythadult_y15_64,geo_cov_urb,2007,8.663
gbr,sex_f,age_ythadult_y15_64,geo_cov_urb,2008,7.963
gbr,sex_f,age_ythadult_y15_64,geo_cov_urb,2009,9.52
gbr,sex_f,age_ythadult_y15_64,geo_cov_urb,2010,10.17
gbr,sex_f,age_ythadult_y15_64,geo_cov_urb,2011,10.502
gbr,sex_f,age_ythadult_y15_64,geo_cov_urb,2012,10.764
gbr,sex_f,age_ythadult_y15_64,geo_cov_urb,2013,10.25
gbr,sex_f,age_ythadult_y15_64,geo_cov_urb,2014,8.835
gbr,sex_f,age_ythadult_y15_64,geo_cov_urb,2015,7.819
gbr,sex_f,age_ythadult_y15_64,geo_cov_urb,2016,7.454
gbr,sex_f,age_ythadult_y15_64,geo_cov_urb,2017,6.594
gbr,sex_f,age_ythadult_y15_64,geo_cov_urb,2018,6.225
gbr,sex_f,age_ythadult_y15_64,geo_cov_urb,2019,5.791
gbr,sex_f,age_ythadult_y15_64,geo_cov_x,2000,10.967
gbr,sex_f,age_ythadult_y15_64,geo_cov_x,2001,8.96
gbr,sex_f,age_ythadult_y15_64,geo_cov_x,2002,9.086
gbr,sex_f,age_ythadult_y15_64,geo_cov_x,2003,8.977
gbr,sex_f,age_ythadult_y15_64,geo_cov_x,2004,7.443
gbr,sex_f,age_ythadult_y15_64,geo_cov_x,2005,8.336
gbr,sex_f,age_ythadult_yge15,geo_cov_nat,1998,9.647
gbr,sex_f,age_ythadult_yge15,geo_cov_nat,1999,9.122
gbr,sex_f,age_ythadult_yge15,geo_cov_nat,2000,8.751
gbr,sex_f,age_ythadult_yge15,geo_cov_nat,2001,7.626
gbr,sex_f,age_ythadult_yge15,geo_cov_nat,2002,7.742
gbr,sex_f,age_ythadult_yge15,geo_cov_nat,2003,7.372
gbr,sex_f,age_ythadult_yge15,geo_cov_nat,2004,7.341
gbr,sex_f,age_ythadult_yge15,geo_cov_nat,2005,7.376
gbr,sex_f,age_ythadult_yge15,geo_cov_nat,2006,8.13
gbr,sex_f,age_ythadult_yge15,geo_cov_nat,2007,8.22
gbr,sex_f,age_ythadult_yge15,geo_cov_nat,2008,7.625
gbr,sex_f,age_ythadult_yge15,geo_cov_nat,2009,9.019
gbr,sex_f,age_ythadult_yge15,geo_cov_nat,2010,9.48
gbr,sex_f,age_ythadult_yge15,geo_cov_nat,2011,9.981
gbr,sex_f,age_ythadult_yge15,geo_cov_nat,2012,10.08
gbr,sex_f,age_ythadult_yge15,geo_cov_nat,2013,9.578
gbr,sex_f,age_ythadult_yge15,geo_cov_nat,2014,8.284
gbr,sex_f,age_ythadult_yge15,geo_cov_nat,2015,7.39
gbr,sex_f,age_ythadult_yge15,geo_cov_nat,2016,7.059
gbr,sex_f,age_ythadult_yge15,geo_cov_nat,2017,6.257
gbr,sex_f,age_ythadult_yge15,geo_cov_nat,2018,5.898
gbr,sex_f,age_ythadult_yge15,geo_cov_nat,2019,5.527
gbr,sex_f,age_ythadult_yge15,geo_cov_rur,1998,8.216
gbr,sex_f,age_ythadult_yge15,geo_cov_rur,1999,8.099
gbr,sex_f,age_ythadult_yge15,geo_cov_rur,2000,7.113
gbr,sex_f,age_ythadult_yge15,geo_cov_rur,2001,6.512
gbr,sex_f,age_ythadult_yge15,geo_cov_rur,2002,6.29
gbr,sex_f,age_ythadult_yge15,geo_cov_rur,2003,5.356
gbr,sex_f,age_ythadult_yge15,geo_cov_rur,2004,5.292
gbr,sex_f,age_ythadult_yge15,geo_cov_rur,2005,5.464
gbr,sex_f,age_ythadult_yge15,geo_cov_rur,2006,6.454
gbr,sex_f,age_ythadult_yge15,geo_cov_rur,2007,6.306
gbr,sex_f,age_ythadult_yge15,geo_cov_rur,2008,5.843
gbr,sex_f,age_ythadult_yge15,geo_cov_rur,2009,7.007
gbr,sex_f,age_ythadult_yge15,geo_cov_rur,2010,6.553
gbr,sex_f,age_ythadult_yge15,geo_cov_rur,2011,7.948
gbr,sex_f,age_ythadult_yge15,geo_cov_rur,2012,6.503
gbr,sex_f,age_ythadult_yge15,geo_cov_rur,2013,6.449
gbr,sex_f,age_ythadult_yge15,geo_cov_rur,2014,5.815
gbr,sex_f,age_ythadult_yge15,geo_cov_rur,2015,5.532
gbr,sex_f,age_ythadult_yge15,geo_cov_rur,2016,5.313
gbr,sex_f,age_ythadult_yge15,geo_cov_rur,2017,4.629
gbr,sex_f,age_ythadult_yge15,geo_cov_rur,2018,4.629
gbr,sex_f,age_ythadult_yge15,geo_cov_rur,2019,4.493
gbr,sex_f,age_ythadult_yge15,geo_cov_urb,1998,9.851
gbr,sex_f,age_ythadult_yge15,geo_cov_urb,1999,9.243
gbr,sex_f,age_ythadult_yge15,geo_cov_urb,2000,8.794
gbr,sex_f,age_ythadult_yge15,geo_cov_urb,2001,7.663
gbr,sex_f,age_ythadult_yge15,geo_cov_urb,2002,7.846
gbr,sex_f,age_ythadult_yge15,geo_cov_urb,2003,7.549
gbr,sex_f,age_ythadult_yge15,geo_cov_urb,2004,7.722
gbr,sex_f,age_ythadult_yge15,geo_cov_urb,2005,7.611
gbr,sex_f,age_ythadult_yge15,geo_cov_urb,2006,8.424
gbr,sex_f,age_ythadult_yge15,geo_cov_urb,2007,8.565
gbr,sex_f,age_ythadult_yge15,geo_cov_urb,2008,7.878
gbr,sex_f,age_ythadult_yge15,geo_cov_urb,2009,9.383
gbr,sex_f,age_ythadult_yge15,geo_cov_urb,2010,10.001
gbr,sex_f,age_ythadult_yge15,geo_cov_urb,2011,10.346
gbr,sex_f,age_ythadult_yge15,geo_cov_urb,2012,10.594
gbr,sex_f,age_ythadult_yge15,geo_cov_urb,2013,10.047
gbr,sex_f,age_ythadult_yge15,geo_cov_urb,2014,8.65
gbr,sex_f,age_ythadult_yge15,geo_cov_urb,2015,7.665
gbr,sex_f,age_ythadult_yge15,geo_cov_urb,2016,7.31
gbr,sex_f,age_ythadult_yge15,geo_cov_urb,2017,6.488
gbr,sex_f,age_ythadult_yge15,geo_cov_urb,2018,6.077
gbr,sex_f,age_ythadult_yge15,geo_cov_urb,2019,5.676
gbr,sex_f,age_ythadult_yge15,geo_cov_x,1998,5.333
gbr,sex_f,age_ythadult_yge15,geo_cov_x,1999,16.968
gbr,sex_f,age_ythadult_yge15,geo_cov_x,2000,10.865
gbr,sex_f,age_ythadult_yge15,geo_cov_x,2001,8.946
gbr,sex_f,age_ythadult_yge15,geo_cov_x,2002,9.053
gbr,sex_f,age_ythadult_yge15,geo_cov_x,2003,8.888
gbr,sex_f,age_ythadult_yge15,geo_cov_x,2004,7.357
gbr,sex_f,age_ythadult_yge15,geo_cov_x,2005,8.278
gbr,sex_f,age_ythadult_yge25,geo_cov_nat,1998,8.205
gbr,sex_f,age_ythadult_yge25,geo_cov_nat,1999,7.717
gbr,sex_f,age_ythadult_yge25,geo_cov_nat,2000,7.348
gbr,sex_f,age_ythadult_yge25,geo_cov_nat,2001,6.438
gbr,sex_f,age_ythadult_yge25,geo_cov_nat,2002,6.574
gbr,sex_f,age_ythadult_yge25,geo_cov_nat,2003,5.982
gbr,sex_f,age_ythadult_yge25,geo_cov_nat,2004,5.816
gbr,sex_f,age_ythadult_yge25,geo_cov_nat,2005,5.85
gbr,sex_f,age_ythadult_yge25,geo_cov_nat,2006,6.344
gbr,sex_f,age_ythadult_yge25,geo_cov_nat,2007,6.269
gbr,sex_f,age_ythadult_yge25,geo_cov_nat,2008,5.833
gbr,sex_f,age_ythadult_yge25,geo_cov_nat,2009,6.969
gbr,sex_f,age_ythadult_yge25,geo_cov_nat,2010,7.27
gbr,sex_f,age_ythadult_yge25,geo_cov_nat,2011,7.687
gbr,sex_f,age_ythadult_yge25,geo_cov_nat,2012,7.818
gbr,sex_f,age_ythadult_yge25,geo_cov_nat,2013,7.362
gbr,sex_f,age_ythadult_yge25,geo_cov_nat,2014,6.407
gbr,sex_f,age_ythadult_yge25,geo_cov_nat,2015,5.805
gbr,sex_f,age_ythadult_yge25,geo_cov_nat,2016,5.656
gbr,sex_f,age_ythadult_yge25,geo_cov_nat,2017,4.968
gbr,sex_f,age_ythadult_yge25,geo_cov_nat,2018,4.728
gbr,sex_f,age_ythadult_yge25,geo_cov_nat,2019,4.372
gbr,sex_f,age_ythadult_yge25,geo_cov_rur,1998,6.897
gbr,sex_f,age_ythadult_yge25,geo_cov_rur,1999,6.772
gbr,sex_f,age_ythadult_yge25,geo_cov_rur,2000,6.301
gbr,sex_f,age_ythadult_yge25,geo_cov_rur,2001,5.513
gbr,sex_f,age_ythadult_yge25,geo_cov_rur,2002,5.414
gbr,sex_f,age_ythadult_yge25,geo_cov_rur,2003,4.717
gbr,sex_f,age_ythadult_yge25,geo_cov_rur,2004,4.681
gbr,sex_f,age_ythadult_yge25,geo_cov_rur,2005,4.532
gbr,sex_f,age_ythadult_yge25,geo_cov_rur,2006,5.143
gbr,sex_f,age_ythadult_yge25,geo_cov_rur,2007,5.025
gbr,sex_f,age_ythadult_yge25,geo_cov_rur,2008,4.685
gbr,sex_f,age_ythadult_yge25,geo_cov_rur,2009,5.634
gbr,sex_f,age_ythadult_yge25,geo_cov_rur,2010,4.954
gbr,sex_f,age_ythadult_yge25,geo_cov_rur,2011,6.628
gbr,sex_f,age_ythadult_yge25,geo_cov_rur,2012,5.416
gbr,sex_f,age_ythadult_yge25,geo_cov_rur,2013,5.034
gbr,sex_f,age_ythadult_yge25,geo_cov_rur,2014,4.651
gbr,sex_f,age_ythadult_yge25,geo_cov_rur,2015,4.316
gbr,sex_f,age_ythadult_yge25,geo_cov_rur,2016,4.287
gbr,sex_f,age_ythadult_yge25,geo_cov_rur,2017,3.607
gbr,sex_f,age_ythadult_yge25,geo_cov_rur,2018,3.951
gbr,sex_f,age_ythadult_yge25,geo_cov_rur,2019,3.582
gbr,sex_f,age_ythadult_yge25,geo_cov_urb,1998,8.391
gbr,sex_f,age_ythadult_yge25,geo_cov_urb,1999,7.835
gbr,sex_f,age_ythadult_yge25,geo_cov_urb,2000,7.403
gbr,sex_f,age_ythadult_yge25,geo_cov_urb,2001,6.446
gbr,sex_f,age_ythadult_yge25,geo_cov_urb,2002,6.654
gbr,sex_f,age_ythadult_yge25,geo_cov_urb,2003,6.124
gbr,sex_f,age_ythadult_yge25,geo_cov_urb,2004,6.035
gbr,sex_f,age_ythadult_yge25,geo_cov_urb,2005,5.975
gbr,sex_f,age_ythadult_yge25,geo_cov_urb,2006,6.562
gbr,sex_f,age_ythadult_yge25,geo_cov_urb,2007,6.502
gbr,sex_f,age_ythadult_yge25,geo_cov_urb,2008,6.001
gbr,sex_f,age_ythadult_yge25,geo_cov_urb,2009,7.219
gbr,sex_f,age_ythadult_yge25,geo_cov_urb,2010,7.693
gbr,sex_f,age_ythadult_yge25,geo_cov_urb,2011,7.884
gbr,sex_f,age_ythadult_yge25,geo_cov_urb,2012,8.179
gbr,sex_f,age_ythadult_yge25,geo_cov_urb,2013,7.726
gbr,sex_f,age_ythadult_yge25,geo_cov_urb,2014,6.673
gbr,sex_f,age_ythadult_yge25,geo_cov_urb,2015,6.032
gbr,sex_f,age_ythadult_yge25,geo_cov_urb,2016,5.859
gbr,sex_f,age_ythadult_yge25,geo_cov_urb,2017,5.168
gbr,sex_f,age_ythadult_yge25,geo_cov_urb,2018,4.841
gbr,sex_f,age_ythadult_yge25,geo_cov_urb,2019,4.488
gbr,sex_f,age_ythadult_yge25,geo_cov_x,1998,4.948
gbr,sex_f,age_ythadult_yge25,geo_cov_x,2000,8.526
gbr,sex_f,age_ythadult_yge25,geo_cov_x,2001,7.775
gbr,sex_f,age_ythadult_yge25,geo_cov_x,2002,7.699
gbr,sex_f,age_ythadult_yge25,geo_cov_x,2003,6.772
gbr,sex_f,age_ythadult_yge25,geo_cov_x,2004,5.805
gbr,sex_f,age_ythadult_yge25,geo_cov_x,2005,6.848
gbr,sex_m,age_aggregate_total,geo_cov_nat,1998,9.274
gbr,sex_m,age_aggregate_total,geo_cov_nat,1999,9.078
gbr,sex_m,age_aggregate_total,geo_cov_nat,2000,8.304
gbr,sex_m,age_aggregate_total,geo_cov_nat,2001,7.409
gbr,sex_m,age_aggregate_total,geo_cov_nat,2002,7.775
gbr,sex_m,age_aggregate_total,geo_cov_nat,2003,7.518
gbr,sex_m,age_aggregate_total,geo_cov_nat,2004,7.028
gbr,sex_m,age_aggregate_total,geo_cov_nat,2005,7.088
gbr,sex_m,age_aggregate_total,geo_cov_nat,2006,7.903
gbr,sex_m,age_aggregate_total,geo_cov_nat,2007,7.641
gbr,sex_m,age_aggregate_total,geo_cov_nat,2008,7.728
gbr,sex_m,age_aggregate_total,geo_cov_nat,2009,10.319
gbr,sex_m,age_aggregate_total,geo_cov_nat,2010,10.61
gbr,sex_m,age_aggregate_total,geo_cov_nat,2011,10.602
gbr,sex_m,age_aggregate_total,geo_cov_nat,2012,10.239
gbr,sex_m,age_aggregate_total,geo_cov_nat,2013,9.706
gbr,sex_m,age_aggregate_total,geo_cov_nat,2014,8.099
gbr,sex_m,age_aggregate_total,geo_cov_nat,2015,7.179
gbr,sex_m,age_aggregate_total,geo_cov_nat,2016,6.623
gbr,sex_m,age_aggregate_total,geo_cov_nat,2017,6.139
gbr,sex_m,age_aggregate_total,geo_cov_nat,2018,5.73
gbr,sex_m,age_aggregate_total,geo_cov_nat,2019,5.428
gbr,sex_m,age_aggregate_total,geo_cov_rur,1998,8.639
gbr,sex_m,age_aggregate_total,geo_cov_rur,1999,8.068
gbr,sex_m,age_aggregate_total,geo_cov_rur,2000,5.779
gbr,sex_m,age_aggregate_total,geo_cov_rur,2001,5.767
gbr,sex_m,age_aggregate_total,geo_cov_rur,2002,5.431
gbr,sex_m,age_aggregate_total,geo_cov_rur,2003,5.548
gbr,sex_m,age_aggregate_total,geo_cov_rur,2004,4.584
gbr,sex_m,age_aggregate_total,geo_cov_rur,2005,4.911
gbr,sex_m,age_aggregate_total,geo_cov_rur,2006,5.303
gbr,sex_m,age_aggregate_total,geo_cov_rur,2007,5.243
gbr,sex_m,age_aggregate_total,geo_cov_rur,2008,4.967
gbr,sex_m,age_aggregate_total,geo_cov_rur,2009,7.22
gbr,sex_m,age_aggregate_total,geo_cov_rur,2010,8.094
gbr,sex_m,age_aggregate_total,geo_cov_rur,2011,7.71
gbr,sex_m,age_aggregate_total,geo_cov_rur,2012,7.772
gbr,sex_m,age_aggregate_total,geo_cov_rur,2013,6.995
gbr,sex_m,age_aggregate_total,geo_cov_rur,2014,6.062
gbr,sex_m,age_aggregate_total,geo_cov_rur,2015,5.259
gbr,sex_m,age_aggregate_total,geo_cov_rur,2016,5.408
gbr,sex_m,age_aggregate_total,geo_cov_rur,2017,4.898
gbr,sex_m,age_aggregate_total,geo_cov_rur,2018,4.367
gbr,sex_m,age_aggregate_total,geo_cov_rur,2019,3.546
gbr,sex_m,age_aggregate_total,geo_cov_urb,1998,9.343
gbr,sex_m,age_aggregate_total,geo_cov_urb,1999,9.2
gbr,sex_m,age_aggregate_total,geo_cov_urb,2000,8.44
gbr,sex_m,age_aggregate_total,geo_cov_urb,2001,7.425
gbr,sex_m,age_aggregate_total,geo_cov_urb,2002,7.899
gbr,sex_m,age_aggregate_total,geo_cov_urb,2003,7.826
gbr,sex_m,age_aggregate_total,geo_cov_urb,2004,7.219
gbr,sex_m,age_aggregate_total,geo_cov_urb,2005,7.37
gbr,sex_m,age_aggregate_total,geo_cov_urb,2006,8.375
gbr,sex_m,age_aggregate_total,geo_cov_urb,2007,8.077
gbr,sex_m,age_aggregate_total,geo_cov_urb,2008,8.122
gbr,sex_m,age_aggregate_total,geo_cov_urb,2009,10.892
gbr,sex_m,age_aggregate_total,geo_cov_urb,2010,11.051
gbr,sex_m,age_aggregate_total,geo_cov_urb,2011,11.126
gbr,sex_m,age_aggregate_total,geo_cov_urb,2012,10.587
gbr,sex_m,age_aggregate_total,geo_cov_urb,2013,10.12
gbr,sex_m,age_aggregate_total,geo_cov_urb,2014,8.405
gbr,sex_m,age_aggregate_total,geo_cov_urb,2015,7.451
gbr,sex_m,age_aggregate_total,geo_cov_urb,2016,6.803
gbr,sex_m,age_aggregate_total,geo_cov_urb,2017,6.316
gbr,sex_m,age_aggregate_total,geo_cov_urb,2018,5.92
gbr,sex_m,age_aggregate_total,geo_cov_urb,2019,5.697
gbr,sex_m,age_aggregate_total,geo_cov_x,1998,12.106
gbr,sex_m,age_aggregate_total,geo_cov_x,1999,14.738
gbr,sex_m,age_aggregate_total,geo_cov_x,2000,11.211
gbr,sex_m,age_aggregate_total,geo_cov_x,2001,9.855
gbr,sex_m,age_aggregate_total,geo_cov_x,2002,10.444
gbr,sex_m,age_aggregate_total,geo_cov_x,2003,8.054
gbr,sex_m,age_aggregate_total,geo_cov_x,2004,9.29
gbr,sex_m,age_aggregate_total,geo_cov_x,2005,8.125
gbr,sex_m,age_aggregate_y15_24,geo_cov_nat,1998,18.71
gbr,sex_m,age_aggregate_y15_24,geo_cov_nat,1999,18.694
gbr,sex_m,age_aggregate_y15_24,geo_cov_nat,2000,17.586
gbr,sex_m,age_aggregate_y15_24,geo_cov_nat,2001,16.616
gbr,sex_m,age_aggregate_y15_24,geo_cov_nat,2002,17.083
gbr,sex_m,age_aggregate_y15_24,geo_cov_nat,2003,17.642
gbr,sex_m,age_aggregate_y15_24,geo_cov_nat,2004,16.122
gbr,sex_m,age_aggregate_y15_24,geo_cov_nat,2005,18.006
gbr,sex_m,age_aggregate_y15_24,geo_cov_nat,2006,20.588
gbr,sex_m,age_aggregate_y15_24,geo_cov_nat,2007,20.772
gbr,sex_m,age_aggregate_y15_24,geo_cov_nat,2008,19.969
gbr,sex_m,age_aggregate_y15_24,geo_cov_nat,2009,25.588
gbr,sex_m,age_aggregate_y15_24,geo_cov_nat,2010,25.844
gbr,sex_m,age_aggregate_y15_24,geo_cov_nat,2011,27.251
gbr,sex_m,age_aggregate_y15_24,geo_cov_nat,2012,27.577
gbr,sex_m,age_aggregate_y15_24,geo_cov_nat,2013,26.725
gbr,sex_m,age_aggregate_y15_24,geo_cov_nat,2014,22.852
gbr,sex_m,age_aggregate_y15_24,geo_cov_nat,2015,19.679
gbr,sex_m,age_aggregate_y15_24,geo_cov_nat,2016,18.656
gbr,sex_m,age_aggregate_y15_24,geo_cov_nat,2017,17.608
gbr,sex_m,age_aggregate_y15_24,geo_cov_nat,2018,16.818
gbr,sex_m,age_aggregate_y15_24,geo_cov_nat,2019,17.226
gbr,sex_m,age_aggregate_y15_24,geo_cov_rur,1998,17.384
gbr,sex_m,age_aggregate_y15_24,geo_cov_rur,1999,15.322
gbr,sex_m,age_aggregate_y15_24,geo_cov_rur,2000,12.707
gbr,sex_m,age_aggregate_y15_24,geo_cov_rur,2001,12.533
gbr,sex_m,age_aggregate_y15_24,geo_cov_rur,2002,11.732
gbr,sex_m,age_aggregate_y15_24,geo_cov_rur,2003,12.884
gbr,sex_m,age_aggregate_y15_24,geo_cov_rur,2004,10.201
gbr,sex_m,age_aggregate_y15_24,geo_cov_rur,2005,11.238
gbr,sex_m,age_aggregate_y15_24,geo_cov_rur,2006,14.766
gbr,sex_m,age_aggregate_y15_24,geo_cov_rur,2007,15.807
gbr,sex_m,age_aggregate_y15_24,geo_cov_rur,2008,14.621
gbr,sex_m,age_aggregate_y15_24,geo_cov_rur,2009,18.956
gbr,sex_m,age_aggregate_y15_24,geo_cov_rur,2010,24.106
gbr,sex_m,age_aggregate_y15_24,geo_cov_rur,2011,20.496
gbr,sex_m,age_aggregate_y15_24,geo_cov_rur,2012,23.899
gbr,sex_m,age_aggregate_y15_24,geo_cov_rur,2013,24.911
gbr,sex_m,age_aggregate_y15_24,geo_cov_rur,2014,21.187
gbr,sex_m,age_aggregate_y15_24,geo_cov_rur,2015,17.094
gbr,sex_m,age_aggregate_y15_24,geo_cov_rur,2016,17.203
gbr,sex_m,age_aggregate_y15_24,geo_cov_rur,2017,13.257
gbr,sex_m,age_aggregate_y15_24,geo_cov_rur,2018,11.059
gbr,sex_m,age_aggregate_y15_24,geo_cov_rur,2019,11.715
gbr,sex_m,age_aggregate_y15_24,geo_cov_urb,1998,18.884
gbr,sex_m,age_aggregate_y15_24,geo_cov_urb,1999,19.051
gbr,sex_m,age_aggregate_y15_24,geo_cov_urb,2000,18.139
gbr,sex_m,age_aggregate_y15_24,geo_cov_urb,2001,16.465
gbr,sex_m,age_aggregate_y15_24,geo_cov_urb,2002,17.491
gbr,sex_m,age_aggregate_y15_24,geo_cov_urb,2003,18.467
gbr,sex_m,age_aggregate_y15_24,geo_cov_urb,2004,16.628
gbr,sex_m,age_aggregate_y15_24,geo_cov_urb,2005,18.895
gbr,sex_m,age_aggregate_y15_24,geo_cov_urb,2006,21.444
gbr,sex_m,age_aggregate_y15_24,geo_cov_urb,2007,21.564
gbr,sex_m,age_aggregate_y15_24,geo_cov_urb,2008,20.642
gbr,sex_m,age_aggregate_y15_24,geo_cov_urb,2009,26.619
gbr,sex_m,age_aggregate_y15_24,geo_cov_urb,2010,26.092
gbr,sex_m,age_aggregate_y15_24,geo_cov_urb,2011,28.396
gbr,sex_m,age_aggregate_y15_24,geo_cov_urb,2012,28.009
gbr,sex_m,age_aggregate_y15_24,geo_cov_urb,2013,26.959
gbr,sex_m,age_aggregate_y15_24,geo_cov_urb,2014,23.06
gbr,sex_m,age_aggregate_y15_24,geo_cov_urb,2015,19.981
gbr,sex_m,age_aggregate_y15_24,geo_cov_urb,2016,18.872
gbr,sex_m,age_aggregate_y15_24,geo_cov_urb,2017,18.172
gbr,sex_m,age_aggregate_y15_24,geo_cov_urb,2018,17.462
gbr,sex_m,age_aggregate_y15_24,geo_cov_urb,2019,17.934
gbr,sex_m,age_aggregate_y15_24,geo_cov_x,1998,18.41
gbr,sex_m,age_aggregate_y15_24,geo_cov_x,2000,19.393
gbr,sex_m,age_aggregate_y15_24,geo_cov_x,2001,22.85
gbr,sex_m,age_aggregate_y15_24,geo_cov_x,2002,20.589
gbr,sex_m,age_aggregate_y15_24,geo_cov_x,2003,17.444
gbr,sex_m,age_aggregate_y15_24,geo_cov_x,2004,19.55
gbr,sex_m,age_aggregate_y15_24,geo_cov_x,2005,19.008
gbr,sex_m,age_aggregate_y25_54,geo_cov_nat,1998,6.749
gbr,sex_m,age_aggregate_y25_54,geo_cov_nat,1999,6.661
gbr,sex_m,age_aggregate_y25_54,geo_cov_nat,2000,5.988
gbr,sex_m,age_aggregate_y25_54,geo_cov_nat,2001,5.214
gbr,sex_m,age_aggregate_y25_54,geo_cov_nat,2002,5.62
gbr,sex_m,age_aggregate_y25_54,geo_cov_nat,2003,5.315
gbr,sex_m,age_aggregate_y25_54,geo_cov_nat,2004,4.981
gbr,sex_m,age_aggregate_y25_54,geo_cov_nat,2005,4.792
gbr,sex_m,age_aggregate_y25_54,geo_cov_nat,2006,5.394
gbr,sex_m,age_aggregate_y25_54,geo_cov_nat,2007,4.791
gbr,sex_m,age_aggregate_y25_54,geo_cov_nat,2008,5.332
gbr,sex_m,age_aggregate_y25_54,geo_cov_nat,2009,7.524
gbr,sex_m,age_aggregate_y25_54,geo_cov_nat,2010,7.837
gbr,sex_m,age_aggregate_y25_54,geo_cov_nat,2011,7.287
gbr,sex_m,age_aggregate_y25_54,geo_cov_nat,2012,6.692
gbr,sex_m,age_aggregate_y25_54,geo_cov_nat,2013,6.577
gbr,sex_m,age_aggregate_y25_54,geo_cov_nat,2014,5.283
gbr,sex_m,age_aggregate_y25_54,geo_cov_nat,2015,4.853
gbr,sex_m,age_aggregate_y25_54,geo_cov_nat,2016,4.361
gbr,sex_m,age_aggregate_y25_54,geo_cov_nat,2017,3.909
gbr,sex_m,age_aggregate_y25_54,geo_cov_nat,2018,3.743
gbr,sex_m,age_aggregate_y25_54,geo_cov_nat,2019,3.373
gbr,sex_m,age_aggregate_y25_54,geo_cov_rur,1998,6.149
gbr,sex_m,age_aggregate_y25_54,geo_cov_rur,1999,6.462
gbr,sex_m,age_aggregate_y25_54,geo_cov_rur,2000,4.112
gbr,sex_m,age_aggregate_y25_54,geo_cov_rur,2001,4.025
gbr,sex_m,age_aggregate_y25_54,geo_cov_rur,2002,3.817
gbr,sex_m,age_aggregate_y25_54,geo_cov_rur,2003,3.892
gbr,sex_m,age_aggregate_y25_54,geo_cov_rur,2004,3.532
gbr,sex_m,age_aggregate_y25_54,geo_cov_rur,2005,3.487
gbr,sex_m,age_aggregate_y25_54,geo_cov_rur,2006,3.629
gbr,sex_m,age_aggregate_y25_54,geo_cov_rur,2007,2.929
gbr,sex_m,age_aggregate_y25_54,geo_cov_rur,2008,3.061
gbr,sex_m,age_aggregate_y25_54,geo_cov_rur,2009,5.327
gbr,sex_m,age_aggregate_y25_54,geo_cov_rur,2010,5.35
gbr,sex_m,age_aggregate_y25_54,geo_cov_rur,2011,5.025
gbr,sex_m,age_aggregate_y25_54,geo_cov_rur,2012,4.277
gbr,sex_m,age_aggregate_y25_54,geo_cov_rur,2013,3.688
gbr,sex_m,age_aggregate_y25_54,geo_cov_rur,2014,3.469
gbr,sex_m,age_aggregate_y25_54,geo_cov_rur,2015,3.633
gbr,sex_m,age_aggregate_y25_54,geo_cov_rur,2016,3.124
gbr,sex_m,age_aggregate_y25_54,geo_cov_rur,2017,2.966
gbr,sex_m,age_aggregate_y25_54,geo_cov_rur,2018,3.292
gbr,sex_m,age_aggregate_y25_54,geo_cov_rur,2019,1.87
gbr,sex_m,age_aggregate_y25_54,geo_cov_urb,1998,6.809
gbr,sex_m,age_aggregate_y25_54,geo_cov_urb,1999,6.691
gbr,sex_m,age_aggregate_y25_54,geo_cov_urb,2000,6.061
gbr,sex_m,age_aggregate_y25_54,geo_cov_urb,2001,5.288
gbr,sex_m,age_aggregate_y25_54,geo_cov_urb,2002,5.709
gbr,sex_m,age_aggregate_y25_54,geo_cov_urb,2003,5.502
gbr,sex_m,age_aggregate_y25_54,geo_cov_urb,2004,5.056
gbr,sex_m,age_aggregate_y25_54,geo_cov_urb,2005,4.913
gbr,sex_m,age_aggregate_y25_54,geo_cov_urb,2006,5.695
gbr,sex_m,age_aggregate_y25_54,geo_cov_urb,2007,5.106
gbr,sex_m,age_aggregate_y25_54,geo_cov_urb,2008,5.632
gbr,sex_m,age_aggregate_y25_54,geo_cov_urb,2009,7.897
gbr,sex_m,age_aggregate_y25_54,geo_cov_urb,2010,8.247
gbr,sex_m,age_aggregate_y25_54,geo_cov_urb,2011,7.649
gbr,sex_m,age_aggregate_y25_54,geo_cov_urb,2012,6.999
gbr,sex_m,age_aggregate_y25_54,geo_cov_urb,2013,6.965
gbr,sex_m,age_aggregate_y25_54,geo_cov_urb,2014,5.53
gbr,sex_m,age_aggregate_y25_54,geo_cov_urb,2015,5.006
gbr,sex_m,age_aggregate_y25_54,geo_cov_urb,2016,4.516
gbr,sex_m,age_aggregate_y25_54,geo_cov_urb,2017,4.025
gbr,sex_m,age_aggregate_y25_54,geo_cov_urb,2018,3.799
gbr,sex_m,age_aggregate_y25_54,geo_cov_urb,2019,3.559
gbr,sex_m,age_aggregate_y25_54,geo_cov_x,1998,9.772
gbr,sex_m,age_aggregate_y25_54,geo_cov_x,2000,8.387
gbr,sex_m,age_aggregate_y25_54,geo_cov_x,2001,6.426
gbr,sex_m,age_aggregate_y25_54,geo_cov_x,2002,7.616
gbr,sex_m,age_aggregate_y25_54,geo_cov_x,2003,5.877
gbr,sex_m,age_aggregate_y25_54,geo_cov_x,2004,6.562
gbr,sex_m,age_aggregate_y25_54,geo_cov_x,2005,5.752
gbr,sex_m,age_aggregate_y55_64,geo_cov_nat,1998,11.322
gbr,sex_m,age_aggregate_y55_64,geo_cov_nat,1999,10.349
gbr,sex_m,age_aggregate_y55_64,geo_cov_nat,2000,9.478
gbr,sex_m,age_aggregate_y55_64,geo_cov_nat,2001,7.74
gbr,sex_m,age_aggregate_y55_64,geo_cov_nat,2002,7.787
gbr,sex_m,age_aggregate_y55_64,geo_cov_nat,2003,6.935
gbr,sex_m,age_aggregate_y55_64,geo_cov_nat,2004,6.388
gbr,sex_m,age_aggregate_y55_64,geo_cov_nat,2005,6.001
gbr,sex_m,age_aggregate_y55_64,geo_cov_nat,2006,6.038
gbr,sex_m,age_aggregate_y55_64,geo_cov_nat,2007,6.731
gbr,sex_m,age_aggregate_y55_64,geo_cov_nat,2008,6.181
gbr,sex_m,age_aggregate_y55_64,geo_cov_nat,2009,8.564
gbr,sex_m,age_aggregate_y55_64,geo_cov_nat,2010,8.708
gbr,sex_m,age_aggregate_y55_64,geo_cov_nat,2011,9.938
gbr,sex_m,age_aggregate_y55_64,geo_cov_nat,2012,9.026
gbr,sex_m,age_aggregate_y55_64,geo_cov_nat,2013,8.244
gbr,sex_m,age_aggregate_y55_64,geo_cov_nat,2014,7.04
gbr,sex_m,age_aggregate_y55_64,geo_cov_nat,2015,6.326
gbr,sex_m,age_aggregate_y55_64,geo_cov_nat,2016,6.375
gbr,sex_m,age_aggregate_y55_64,geo_cov_nat,2017,6.353
gbr,sex_m,age_aggregate_y55_64,geo_cov_nat,2018,5.326
gbr,sex_m,age_aggregate_y55_64,geo_cov_nat,2019,5.008
gbr,sex_m,age_aggregate_y55_64,geo_cov_rur,1998,11.516
gbr,sex_m,age_aggregate_y55_64,geo_cov_rur,1999,9.037
gbr,sex_m,age_aggregate_y55_64,geo_cov_rur,2000,7.119
gbr,sex_m,age_aggregate_y55_64,geo_cov_rur,2001,6.733
gbr,sex_m,age_aggregate_y55_64,geo_cov_rur,2002,6.421
gbr,sex_m,age_aggregate_y55_64,geo_cov_rur,2003,5.819
gbr,sex_m,age_aggregate_y55_64,geo_cov_rur,2004,4.254
gbr,sex_m,age_aggregate_y55_64,geo_cov_rur,2005,5.065
gbr,sex_m,age_aggregate_y55_64,geo_cov_rur,2006,4.358
gbr,sex_m,age_aggregate_y55_64,geo_cov_rur,2007,4.723
gbr,sex_m,age_aggregate_y55_64,geo_cov_rur,2008,4.537
gbr,sex_m,age_aggregate_y55_64,geo_cov_rur,2009,6.232
gbr,sex_m,age_aggregate_y55_64,geo_cov_rur,2010,7.396
gbr,sex_m,age_aggregate_y55_64,geo_cov_rur,2011,7.344
gbr,sex_m,age_aggregate_y55_64,geo_cov_rur,2012,7.531
gbr,sex_m,age_aggregate_y55_64,geo_cov_rur,2013,7.156
gbr,sex_m,age_aggregate_y55_64,geo_cov_rur,2014,5.185
gbr,sex_m,age_aggregate_y55_64,geo_cov_rur,2015,4.392
gbr,sex_m,age_aggregate_y55_64,geo_cov_rur,2016,4.531
gbr,sex_m,age_aggregate_y55_64,geo_cov_rur,2017,6.049
gbr,sex_m,age_aggregate_y55_64,geo_cov_rur,2018,4.876
gbr,sex_m,age_aggregate_y55_64,geo_cov_rur,2019,3.835
gbr,sex_m,age_aggregate_y55_64,geo_cov_urb,1998,11.288
gbr,sex_m,age_aggregate_y55_64,geo_cov_urb,1999,10.494
gbr,sex_m,age_aggregate_y55_64,geo_cov_urb,2000,9.366
gbr,sex_m,age_aggregate_y55_64,geo_cov_urb,2001,7.614
gbr,sex_m,age_aggregate_y55_64,geo_cov_urb,2002,7.834
gbr,sex_m,age_aggregate_y55_64,geo_cov_urb,2003,7.252
gbr,sex_m,age_aggregate_y55_64,geo_cov_urb,2004,6.506
gbr,sex_m,age_aggregate_y55_64,geo_cov_urb,2005,6.144
gbr,sex_m,age_aggregate_y55_64,geo_cov_urb,2006,6.464
gbr,sex_m,age_aggregate_y55_64,geo_cov_urb,2007,7.218
gbr,sex_m,age_aggregate_y55_64,geo_cov_urb,2008,6.497
gbr,sex_m,age_aggregate_y55_64,geo_cov_urb,2009,9.166
gbr,sex_m,age_aggregate_y55_64,geo_cov_urb,2010,9.014
gbr,sex_m,age_aggregate_y55_64,geo_cov_urb,2011,10.61
gbr,sex_m,age_aggregate_y55_64,geo_cov_urb,2012,9.323
gbr,sex_m,age_aggregate_y55_64,geo_cov_urb,2013,8.493
gbr,sex_m,age_aggregate_y55_64,geo_cov_urb,2014,7.415
gbr,sex_m,age_aggregate_y55_64,geo_cov_urb,2015,6.723
gbr,sex_m,age_aggregate_y55_64,geo_cov_urb,2016,6.776
gbr,sex_m,age_aggregate_y55_64,geo_cov_urb,2017,6.412
gbr,sex_m,age_aggregate_y55_64,geo_cov_urb,2018,5.411
gbr,sex_m,age_aggregate_y55_64,geo_cov_urb,2019,5.242
gbr,sex_m,age_aggregate_y55_64,geo_cov_x,2000,15.016
gbr,sex_m,age_aggregate_y55_64,geo_cov_x,2001,10.687
gbr,sex_m,age_aggregate_y55_64,geo_cov_x,2002,10.336
gbr,sex_m,age_aggregate_y55_64,geo_cov_x,2003,6.684
gbr,sex_m,age_aggregate_y55_64,geo_cov_x,2004,9.651
gbr,sex_m,age_aggregate_y55_64,geo_cov_x,2005,6.677
gbr,sex_m,age_aggregate_yge65,geo_cov_nat,1998,16.397
gbr,sex_m,age_aggregate_yge65,geo_cov_nat,1999,15.208
gbr,sex_m,age_aggregate_yge65,geo_cov_nat,2000,14.289
gbr,sex_m,age_aggregate_yge65,geo_cov_nat,2001,14.745
gbr,sex_m,age_aggregate_yge65,geo_cov_nat,2002,12.81
gbr,sex_m,age_aggregate_yge65,geo_cov_nat,2003,11.008
gbr,sex_m,age_aggregate_yge65,geo_cov_nat,2004,11.927
gbr,sex_m,age_aggregate_yge65,geo_cov_nat,2005,10.082
gbr,sex_m,age_aggregate_yge65,geo_cov_nat,2006,9.961
gbr,sex_m,age_aggregate_yge65,geo_cov_nat,2007,10.863
gbr,sex_m,age_aggregate_yge65,geo_cov_nat,2008,7.444
gbr,sex_m,age_aggregate_yge65,geo_cov_nat,2009,7.752
gbr,sex_m,age_aggregate_yge65,geo_cov_nat,2010,8.721
gbr,sex_m,age_aggregate_yge65,geo_cov_nat,2011,8.312
gbr,sex_m,age_aggregate_yge65,geo_cov_nat,2012,11.42
gbr,sex_m,age_aggregate_yge65,geo_cov_nat,2013,7.22
gbr,sex_m,age_aggregate_yge65,geo_cov_nat,2014,8.223
gbr,sex_m,age_aggregate_yge65,geo_cov_nat,2015,6.471
gbr,sex_m,age_aggregate_yge65,geo_cov_nat,2016,5.449
gbr,sex_m,age_aggregate_yge65,geo_cov_nat,2017,5.586
gbr,sex_m,age_aggregate_yge65,geo_cov_nat,2018,4.879
gbr,sex_m,age_aggregate_yge65,geo_cov_nat,2019,4.505
gbr,sex_m,age_aggregate_yge65,geo_cov_rur,1998,8.864
gbr,sex_m,age_aggregate_yge65,geo_cov_rur,1999,8.169
gbr,sex_m,age_aggregate_yge65,geo_cov_rur,2000,8.683
gbr,sex_m,age_aggregate_yge65,geo_cov_rur,2001,12.349
gbr,sex_m,age_aggregate_yge65,geo_cov_rur,2002,8.394
gbr,sex_m,age_aggregate_yge65,geo_cov_rur,2003,6.99
gbr,sex_m,age_aggregate_yge65,geo_cov_rur,2004,5.417
gbr,sex_m,age_aggregate_yge65,geo_cov_rur,2005,8.082
gbr,sex_m,age_aggregate_yge65,geo_cov_rur,2006,6.802
gbr,sex_m,age_aggregate_yge65,geo_cov_rur,2007,8.826
gbr,sex_m,age_aggregate_yge65,geo_cov_rur,2008,4.365
gbr,sex_m,age_aggregate_yge65,geo_cov_rur,2009,5.344
gbr,sex_m,age_aggregate_yge65,geo_cov_rur,2010,7.037
gbr,sex_m,age_aggregate_yge65,geo_cov_rur,2011,6.908
gbr,sex_m,age_aggregate_yge65,geo_cov_rur,2012,10.581
gbr,sex_m,age_aggregate_yge65,geo_cov_rur,2013,3.51
gbr,sex_m,age_aggregate_yge65,geo_cov_rur,2014,5.826
gbr,sex_m,age_aggregate_yge65,geo_cov_rur,2015,2.525
gbr,sex_m,age_aggregate_yge65,geo_cov_rur,2016,4.474
gbr,sex_m,age_aggregate_yge65,geo_cov_rur,2017,3.764
gbr,sex_m,age_aggregate_yge65,geo_cov_rur,2018,2.434
gbr,sex_m,age_aggregate_yge65,geo_cov_rur,2019,3.372
gbr,sex_m,age_aggregate_yge65,geo_cov_urb,1998,17.854
gbr,sex_m,age_aggregate_yge65,geo_cov_urb,1999,16.413
gbr,sex_m,age_aggregate_yge65,geo_cov_urb,2000,15.173
gbr,sex_m,age_aggregate_yge65,geo_cov_urb,2001,14.72
gbr,sex_m,age_aggregate_yge65,geo_cov_urb,2002,12.472
gbr,sex_m,age_aggregate_yge65,geo_cov_urb,2003,11.296
gbr,sex_m,age_aggregate_yge65,geo_cov_urb,2004,13.427
gbr,sex_m,age_aggregate_yge65,geo_cov_urb,2005,10.583
gbr,sex_m,age_aggregate_yge65,geo_cov_urb,2006,10.961
gbr,sex_m,age_aggregate_yge65,geo_cov_urb,2007,11.523
gbr,sex_m,age_aggregate_yge65,geo_cov_urb,2008,8.222
gbr,sex_m,age_aggregate_yge65,geo_cov_urb,2009,8.601
gbr,sex_m,age_aggregate_yge65,geo_cov_urb,2010,9.268
gbr,sex_m,age_aggregate_yge65,geo_cov_urb,2011,8.857
gbr,sex_m,age_aggregate_yge65,geo_cov_urb,2012,11.67
gbr,sex_m,age_aggregate_yge65,geo_cov_urb,2013,8.401
gbr,sex_m,age_aggregate_yge65,geo_cov_urb,2014,8.962
gbr,sex_m,age_aggregate_yge65,geo_cov_urb,2015,7.667
gbr,sex_m,age_aggregate_yge65,geo_cov_urb,2016,5.759
gbr,sex_m,age_aggregate_yge65,geo_cov_urb,2017,6.16
gbr,sex_m,age_aggregate_yge65,geo_cov_urb,2018,5.673
gbr,sex_m,age_aggregate_yge65,geo_cov_urb,2019,4.847
gbr,sex_m,age_aggregate_yge65,geo_cov_x,2000,18.846
gbr,sex_m,age_aggregate_yge65,geo_cov_x,2001,22.923
gbr,sex_m,age_aggregate_yge65,geo_cov_x,2002,27.066
gbr,sex_m,age_aggregate_yge65,geo_cov_x,2003,17.51
gbr,sex_m,age_aggregate_yge65,geo_cov_x,2004,17.294
gbr,sex_m,age_aggregate_yge65,geo_cov_x,2005,11.336
gbr,sex_m,age_ythadult_y15_24,geo_cov_nat,1998,18.71
gbr,sex_m,age_ythadult_y15_24,geo_cov_nat,1999,18.694
gbr,sex_m,age_ythadult_y15_24,geo_cov_nat,2000,17.586
gbr,sex_m,age_ythadult_y15_24,geo_cov_nat,2001,16.616
gbr,sex_m,age_ythadult_y15_24,geo_cov_nat,2002,17.083
gbr,sex_m,age_ythadult_y15_24,geo_cov_nat,2003,17.642
gbr,sex_m,age_ythadult_y15_24,geo_cov_nat,2004,16.122
gbr,sex_m,age_ythadult_y15_24,geo_cov_nat,2005,18.006
gbr,sex_m,age_ythadult_y15_24,geo_cov_nat,2006,20.588
gbr,sex_m,age_ythadult_y15_24,geo_cov_nat,2007,20.772
gbr,sex_m,age_ythadult_y15_24,geo_cov_nat,2008,19.969
gbr,sex_m,age_ythadult_y15_24,geo_cov_nat,2009,25.588
gbr,sex_m,age_ythadult_y15_24,geo_cov_nat,2010,25.844
gbr,sex_m,age_ythadult_y15_24,geo_cov_nat,2011,27.251
gbr,sex_m,age_ythadult_y15_24,geo_cov_nat,2012,27.577
gbr,sex_m,age_ythadult_y15_24,geo_cov_nat,2013,26.725
gbr,sex_m,age_ythadult_y15_24,geo_cov_nat,2014,22.852
gbr,sex_m,age_ythadult_y15_24,geo_cov_nat,2015,19.679
gbr,sex_m,age_ythadult_y15_24,geo_cov_nat,2016,18.656
gbr,sex_m,age_ythadult_y15_24,geo_cov_nat,2017,17.608
gbr,sex_m,age_ythadult_y15_24,geo_cov_nat,2018,16.818
gbr,sex_m,age_ythadult_y15_24,geo_cov_nat,2019,17.226
gbr,sex_m,age_ythadult_y15_24,geo_cov_rur,1998,17.384
gbr,sex_m,age_ythadult_y15_24,geo_cov_rur,1999,15.322
gbr,sex_m,age_ythadult_y15_24,geo_cov_rur,2000,12.707
gbr,sex_m,age_ythadult_y15_24,geo_cov_rur,2001,12.533
gbr,sex_m,age_ythadult_y15_24,geo_cov_rur,2002,11.732
gbr,sex_m,age_ythadult_y15_24,geo_cov_rur,2003,12.884
gbr,sex_m,age_ythadult_y15_24,geo_cov_rur,2004,10.201
gbr,sex_m,age_ythadult_y15_24,geo_cov_rur,2005,11.238
gbr,sex_m,age_ythadult_y15_24,geo_cov_rur,2006,14.766
gbr,sex_m,age_ythadult_y15_24,geo_cov_rur,2007,15.807
gbr,sex_m,age_ythadult_y15_24,geo_cov_rur,2008,14.621
gbr,sex_m,age_ythadult_y15_24,geo_cov_rur,2009,18.956
gbr,sex_m,age_ythadult_y15_24,geo_cov_rur,2010,24.106
gbr,sex_m,age_ythadult_y15_24,geo_cov_rur,2011,20.496
gbr,sex_m,age_ythadult_y15_24,geo_cov_rur,2012,23.899
gbr,sex_m,age_ythadult_y15_24,geo_cov_rur,2013,24.911
gbr,sex_m,age_ythadult_y15_24,geo_cov_rur,2014,21.187
gbr,sex_m,age_ythadult_y15_24,geo_cov_rur,2015,17.094
gbr,sex_m,age_ythadult_y15_24,geo_cov_rur,2016,17.203
gbr,sex_m,age_ythadult_y15_24,geo_cov_rur,2017,13.257
gbr,sex_m,age_ythadult_y15_24,geo_cov_rur,2018,11.059
gbr,sex_m,age_ythadult_y15_24,geo_cov_rur,2019,11.715
gbr,sex_m,age_ythadult_y15_24,geo_cov_urb,1998,18.884
gbr,sex_m,age_ythadult_y15_24,geo_cov_urb,1999,19.051
gbr,sex_m,age_ythadult_y15_24,geo_cov_urb,2000,18.139
gbr,sex_m,age_ythadult_y15_24,geo_cov_urb,2001,16.465
gbr,sex_m,age_ythadult_y15_24,geo_cov_urb,2002,17.491
gbr,sex_m,age_ythadult_y15_24,geo_cov_urb,2003,18.467
gbr,sex_m,age_ythadult_y15_24,geo_cov_urb,2004,16.628
gbr,sex_m,age_ythadult_y15_24,geo_cov_urb,2005,18.895
gbr,sex_m,age_ythadult_y15_24,geo_cov_urb,2006,21.444
gbr,sex_m,age_ythadult_y15_24,geo_cov_urb,2007,21.564
gbr,sex_m,age_ythadult_y15_24,geo_cov_urb,2008,20.642
gbr,sex_m,age_ythadult_y15_24,geo_cov_urb,2009,26.619
gbr,sex_m,age_ythadult_y15_24,geo_cov_urb,2010,26.092
gbr,sex_m,age_ythadult_y15_24,geo_cov_urb,2011,28.396
gbr,sex_m,age_ythadult_y15_24,geo_cov_urb,2012,28.009
gbr,sex_m,age_ythadult_y15_24,geo_cov_urb,2013,26.959
gbr,sex_m,age_ythadult_y15_24,geo_cov_urb,2014,23.06
gbr,sex_m,age_ythadult_y15_24,geo_cov_urb,2015,19.981
gbr,sex_m,age_ythadult_y15_24,geo_cov_urb,2016,18.872
gbr,sex_m,age_ythadult_y15_24,geo_cov_urb,2017,18.172
gbr,sex_m,age_ythadult_y15_24,geo_cov_urb,2018,17.462
gbr,sex_m,age_ythadult_y15_24,geo_cov_urb,2019,17.934
gbr,sex_m,age_ythadult_y15_24,geo_cov_x,1998,18.41
gbr,sex_m,age_ythadult_y15_24,geo_cov_x,2000,19.393
gbr,sex_m,age_ythadult_y15_24,geo_cov_x,2001,22.85
gbr,sex_m,age_ythadult_y15_24,geo_cov_x,2002,20.589
gbr,sex_m,age_ythadult_y15_24,geo_cov_x,2003,17.444
gbr,sex_m,age_ythadult_y15_24,geo_cov_x,2004,19.55
gbr,sex_m,age_ythadult_y15_24,geo_cov_x,2005,19.008
gbr,sex_m,age_ythadult_y15_64,geo_cov_nat,1998,9.13
gbr,sex_m,age_ythadult_y15_64,geo_cov_nat,1999,8.946
gbr,sex_m,age_ythadult_y15_64,geo_cov_nat,2000,8.178
gbr,sex_m,age_ythadult_y15_64,geo_cov_nat,2001,7.264
gbr,sex_m,age_ythadult_y15_64,geo_cov_nat,2002,7.669
gbr,sex_m,age_ythadult_y15_64,geo_cov_nat,2003,7.435
gbr,sex_m,age_ythadult_y15_64,geo_cov_nat,2004,6.911
gbr,sex_m,age_ythadult_y15_64,geo_cov_nat,2005,7.014
gbr,sex_m,age_ythadult_y15_64,geo_cov_nat,2006,7.85
gbr,sex_m,age_ythadult_y15_64,geo_cov_nat,2007,7.554
gbr,sex_m,age_ythadult_y15_64,geo_cov_nat,2008,7.736
gbr,sex_m,age_ythadult_y15_64,geo_cov_nat,2009,10.396
gbr,sex_m,age_ythadult_y15_64,geo_cov_nat,2010,10.673
gbr,sex_m,age_ythadult_y15_64,geo_cov_nat,2011,10.681
gbr,sex_m,age_ythadult_y15_64,geo_cov_nat,2012,10.191
gbr,sex_m,age_ythadult_y15_64,geo_cov_nat,2013,9.807
gbr,sex_m,age_ythadult_y15_64,geo_cov_nat,2014,8.094
gbr,sex_m,age_ythadult_y15_64,geo_cov_nat,2015,7.21
gbr,sex_m,age_ythadult_y15_64,geo_cov_nat,2016,6.677
gbr,sex_m,age_ythadult_y15_64,geo_cov_nat,2017,6.165
gbr,sex_m,age_ythadult_y15_64,geo_cov_nat,2018,5.769
gbr,sex_m,age_ythadult_y15_64,geo_cov_nat,2019,5.47
gbr,sex_m,age_ythadult_y15_64,geo_cov_rur,1998,8.633
gbr,sex_m,age_ythadult_y15_64,geo_cov_rur,1999,8.065
gbr,sex_m,age_ythadult_y15_64,geo_cov_rur,2000,5.698
gbr,sex_m,age_ythadult_y15_64,geo_cov_rur,2001,5.561
gbr,sex_m,age_ythadult_y15_64,geo_cov_rur,2002,5.334
gbr,sex_m,age_ythadult_y15_64,geo_cov_rur,2003,5.5
gbr,sex_m,age_ythadult_y15_64,geo_cov_rur,2004,4.552
gbr,sex_m,age_ythadult_y15_64,geo_cov_rur,2005,4.784
gbr,sex_m,age_ythadult_y15_64,geo_cov_rur,2006,5.241
gbr,sex_m,age_ythadult_y15_64,geo_cov_rur,2007,5.087
gbr,sex_m,age_ythadult_y15_64,geo_cov_rur,2008,4.995
gbr,sex_m,age_ythadult_y15_64,geo_cov_rur,2009,7.315
gbr,sex_m,age_ythadult_y15_64,geo_cov_rur,2010,8.153
gbr,sex_m,age_ythadult_y15_64,geo_cov_rur,2011,7.762
gbr,sex_m,age_ythadult_y15_64,geo_cov_rur,2012,7.556
gbr,sex_m,age_ythadult_y15_64,geo_cov_rur,2013,7.261
gbr,sex_m,age_ythadult_y15_64,geo_cov_rur,2014,6.081
gbr,sex_m,age_ythadult_y15_64,geo_cov_rur,2015,5.496
gbr,sex_m,age_ythadult_y15_64,geo_cov_rur,2016,5.491
gbr,sex_m,age_ythadult_y15_64,geo_cov_rur,2017,5.002
gbr,sex_m,age_ythadult_y15_64,geo_cov_rur,2018,4.552
gbr,sex_m,age_ythadult_y15_64,geo_cov_rur,2019,3.561
gbr,sex_m,age_ythadult_y15_64,geo_cov_urb,1998,9.181
gbr,sex_m,age_ythadult_y15_64,geo_cov_urb,1999,9.049
gbr,sex_m,age_ythadult_y15_64,geo_cov_urb,2000,8.306
gbr,sex_m,age_ythadult_y15_64,geo_cov_urb,2001,7.292
gbr,sex_m,age_ythadult_y15_64,geo_cov_urb,2002,7.812
gbr,sex_m,age_ythadult_y15_64,geo_cov_urb,2003,7.749
gbr,sex_m,age_ythadult_y15_64,geo_cov_urb,2004,7.086
gbr,sex_m,age_ythadult_y15_64,geo_cov_urb,2005,7.3
gbr,sex_m,age_ythadult_y15_64,geo_cov_urb,2006,8.314
gbr,sex_m,age_ythadult_y15_64,geo_cov_urb,2007,7.994
gbr,sex_m,age_ythadult_y15_64,geo_cov_urb,2008,8.119
gbr,sex_m,age_ythadult_y15_64,geo_cov_urb,2009,10.952
gbr,sex_m,age_ythadult_y15_64,geo_cov_urb,2010,11.104
gbr,sex_m,age_ythadult_y15_64,geo_cov_urb,2011,11.193
gbr,sex_m,age_ythadult_y15_64,geo_cov_urb,2012,10.549
gbr,sex_m,age_ythadult_y15_64,geo_cov_urb,2013,10.181
gbr,sex_m,age_ythadult_y15_64,geo_cov_urb,2014,8.384
gbr,sex_m,age_ythadult_y15_64,geo_cov_urb,2015,7.443
gbr,sex_m,age_ythadult_y15_64,geo_cov_urb,2016,6.845
gbr,sex_m,age_ythadult_y15_64,geo_cov_urb,2017,6.322
gbr,sex_m,age_ythadult_y15_64,geo_cov_urb,2018,5.93
gbr,sex_m,age_ythadult_y15_64,geo_cov_urb,2019,5.731
gbr,sex_m,age_ythadult_y15_64,geo_cov_x,2000,11.046
gbr,sex_m,age_ythadult_y15_64,geo_cov_x,2001,9.662
gbr,sex_m,age_ythadult_y15_64,geo_cov_x,2002,10.119
gbr,sex_m,age_ythadult_y15_64,geo_cov_x,2003,7.835
gbr,sex_m,age_ythadult_y15_64,geo_cov_x,2004,9.111
gbr,sex_m,age_ythadult_y15_64,geo_cov_x,2005,8.044
gbr,sex_m,age_ythadult_yge15,geo_cov_nat,1998,9.274
gbr,sex_m,age_ythadult_yge15,geo_cov_nat,1999,9.078
gbr,sex_m,age_ythadult_yge15,geo_cov_nat,2000,8.304
gbr,sex_m,age_ythadult_yge15,geo_cov_nat,2001,7.409
gbr,sex_m,age_ythadult_yge15,geo_cov_nat,2002,7.775
gbr,sex_m,age_ythadult_yge15,geo_cov_nat,2003,7.518
gbr,sex_m,age_ythadult_yge15,geo_cov_nat,2004,7.028
gbr,sex_m,age_ythadult_yge15,geo_cov_nat,2005,7.088
gbr,sex_m,age_ythadult_yge15,geo_cov_nat,2006,7.903
gbr,sex_m,age_ythadult_yge15,geo_cov_nat,2007,7.641
gbr,sex_m,age_ythadult_yge15,geo_cov_nat,2008,7.728
gbr,sex_m,age_ythadult_yge15,geo_cov_nat,2009,10.319
gbr,sex_m,age_ythadult_yge15,geo_cov_nat,2010,10.61
gbr,sex_m,age_ythadult_yge15,geo_cov_nat,2011,10.602
gbr,sex_m,age_ythadult_yge15,geo_cov_nat,2012,10.239
gbr,sex_m,age_ythadult_yge15,geo_cov_nat,2013,9.706
gbr,sex_m,age_ythadult_yge15,geo_cov_nat,2014,8.099
gbr,sex_m,age_ythadult_yge15,geo_cov_nat,2015,7.179
gbr,sex_m,age_ythadult_yge15,geo_cov_nat,2016,6.623
gbr,sex_m,age_ythadult_yge15,geo_cov_nat,2017,6.139
gbr,sex_m,age_ythadult_yge15,geo_cov_nat,2018,5.73
gbr,sex_m,age_ythadult_yge15,geo_cov_nat,2019,5.428
gbr,sex_m,age_ythadult_yge15,geo_cov_rur,1998,8.639
gbr,sex_m,age_ythadult_yge15,geo_cov_rur,1999,8.068
gbr,sex_m,age_ythadult_yge15,geo_cov_rur,2000,5.779
gbr,sex_m,age_ythadult_yge15,geo_cov_rur,2001,5.767
gbr,sex_m,age_ythadult_yge15,geo_cov_rur,2002,5.431
gbr,sex_m,age_ythadult_yge15,geo_cov_rur,2003,5.548
gbr,sex_m,age_ythadult_yge15,geo_cov_rur,2004,4.584
gbr,sex_m,age_ythadult_yge15,geo_cov_rur,2005,4.911
gbr,sex_m,age_ythadult_yge15,geo_cov_rur,2006,5.303
gbr,sex_m,age_ythadult_yge15,geo_cov_rur,2007,5.243
gbr,sex_m,age_ythadult_yge15,geo_cov_rur,2008,4.967
gbr,sex_m,age_ythadult_yge15,geo_cov_rur,2009,7.22
gbr,sex_m,age_ythadult_yge15,geo_cov_rur,2010,8.094
gbr,sex_m,age_ythadult_yge15,geo_cov_rur,2011,7.71
gbr,sex_m,age_ythadult_yge15,geo_cov_rur,2012,7.772
gbr,sex_m,age_ythadult_yge15,geo_cov_rur,2013,6.995
gbr,sex_m,age_ythadult_yge15,geo_cov_rur,2014,6.062
gbr,sex_m,age_ythadult_yge15,geo_cov_rur,2015,5.259
gbr,sex_m,age_ythadult_yge15,geo_cov_rur,2016,5.408
gbr,sex_m,age_ythadult_yge15,geo_cov_rur,2017,4.898
gbr,sex_m,age_ythadult_yge15,geo_cov_rur,2018,4.367
gbr,sex_m,age_ythadult_yge15,geo_cov_rur,2019,3.546
gbr,sex_m,age_ythadult_yge15,geo_cov_urb,1998,9.343
gbr,sex_m,age_ythadult_yge15,geo_cov_urb,1999,9.2
gbr,sex_m,age_ythadult_yge15,geo_cov_urb,2000,8.44
gbr,sex_m,age_ythadult_yge15,geo_cov_urb,2001,7.425
gbr,sex_m,age_ythadult_yge15,geo_cov_urb,2002,7.899
gbr,sex_m,age_ythadult_yge15,geo_cov_urb,2003,7.826
gbr,sex_m,age_ythadult_yge15,geo_cov_urb,2004,7.219
gbr,sex_m,age_ythadult_yge15,geo_cov_urb,2005,7.37
gbr,sex_m,age_ythadult_yge15,geo_cov_urb,2006,8.375
gbr,sex_m,age_ythadult_yge15,geo_cov_urb,2007,8.077
gbr,sex_m,age_ythadult_yge15,geo_cov_urb,2008,8.122
gbr,sex_m,age_ythadult_yge15,geo_cov_urb,2009,10.892
gbr,sex_m,age_ythadult_yge15,geo_cov_urb,2010,11.051
gbr,sex_m,age_ythadult_yge15,geo_cov_urb,2011,11.126
gbr,sex_m,age_ythadult_yge15,geo_cov_urb,2012,10.587
gbr,sex_m,age_ythadult_yge15,geo_cov_urb,2013,10.12
gbr,sex_m,age_ythadult_yge15,geo_cov_urb,2014,8.405
gbr,sex_m,age_ythadult_yge15,geo_cov_urb,2015,7.451
gbr,sex_m,age_ythadult_yge15,geo_cov_urb,2016,6.803
gbr,sex_m,age_ythadult_yge15,geo_cov_urb,2017,6.316
gbr,sex_m,age_ythadult_yge15,geo_cov_urb,2018,5.92
gbr,sex_m,age_ythadult_yge15,geo_cov_urb,2019,5.697
gbr,sex_m,age_ythadult_yge15,geo_cov_x,1998,12.106
gbr,sex_m,age_ythadult_yge15,geo_cov_x,1999,14.738
gbr,sex_m,age_ythadult_yge15,geo_cov_x,2000,11.211
gbr,sex_m,age_ythadult_yge15,geo_cov_x,2001,9.855
gbr,sex_m,age_ythadult_yge15,geo_cov_x,2002,10.444
gbr,sex_m,age_ythadult_yge15,geo_cov_x,2003,8.054
gbr,sex_m,age_ythadult_yge15,geo_cov_x,2004,9.29
gbr,sex_m,age_ythadult_yge15,geo_cov_x,2005,8.125
gbr,sex_m,age_ythadult_yge25,geo_cov_nat,1998,7.589
gbr,sex_m,age_ythadult_yge25,geo_cov_nat,1999,7.398
gbr,sex_m,age_ythadult_yge25,geo_cov_nat,2000,6.692
gbr,sex_m,age_ythadult_yge25,geo_cov_nat,2001,5.806
gbr,sex_m,age_ythadult_yge25,geo_cov_nat,2002,6.13
gbr,sex_m,age_ythadult_yge25,geo_cov_nat,2003,5.736
gbr,sex_m,age_ythadult_yge25,geo_cov_nat,2004,5.408
gbr,sex_m,age_ythadult_yge25,geo_cov_nat,2005,5.147
gbr,sex_m,age_ythadult_yge25,geo_cov_nat,2006,5.642
gbr,sex_m,age_ythadult_yge25,geo_cov_nat,2007,5.314
gbr,sex_m,age_ythadult_yge25,geo_cov_nat,2008,5.55
gbr,sex_m,age_ythadult_yge25,geo_cov_nat,2009,7.713
gbr,sex_m,age_ythadult_yge25,geo_cov_nat,2010,8.02
gbr,sex_m,age_ythadult_yge25,geo_cov_nat,2011,7.782
gbr,sex_m,age_ythadult_yge25,geo_cov_nat,2012,7.298
gbr,sex_m,age_ythadult_yge25,geo_cov_nat,2013,6.891
gbr,sex_m,age_ythadult_yge25,geo_cov_nat,2014,5.722
gbr,sex_m,age_ythadult_yge25,geo_cov_nat,2015,5.188
gbr,sex_m,age_ythadult_yge25,geo_cov_nat,2016,4.769
gbr,sex_m,age_ythadult_yge25,geo_cov_nat,2017,4.426
gbr,sex_m,age_ythadult_yge25,geo_cov_nat,2018,4.088
gbr,sex_m,age_ythadult_yge25,geo_cov_nat,2019,3.735
gbr,sex_m,age_ythadult_yge25,geo_cov_rur,1998,7.083
gbr,sex_m,age_ythadult_yge25,geo_cov_rur,1999,6.914
gbr,sex_m,age_ythadult_yge25,geo_cov_rur,2000,4.764
gbr,sex_m,age_ythadult_yge25,geo_cov_rur,2001,4.783
gbr,sex_m,age_ythadult_yge25,geo_cov_rur,2002,4.495
gbr,sex_m,age_ythadult_yge25,geo_cov_rur,2003,4.404
gbr,sex_m,age_ythadult_yge25,geo_cov_rur,2004,3.761
gbr,sex_m,age_ythadult_yge25,geo_cov_rur,2005,4.014
gbr,sex_m,age_ythadult_yge25,geo_cov_rur,2006,3.934
gbr,sex_m,age_ythadult_yge25,geo_cov_rur,2007,3.599
gbr,sex_m,age_ythadult_yge25,geo_cov_rur,2008,3.455
gbr,sex_m,age_ythadult_yge25,geo_cov_rur,2009,5.531
gbr,sex_m,age_ythadult_yge25,geo_cov_rur,2010,5.884
gbr,sex_m,age_ythadult_yge25,geo_cov_rur,2011,5.685
gbr,sex_m,age_ythadult_yge25,geo_cov_rur,2012,5.507
gbr,sex_m,age_ythadult_yge25,geo_cov_rur,2013,4.485
gbr,sex_m,age_ythadult_yge25,geo_cov_rur,2014,4.036
gbr,sex_m,age_ythadult_yge25,geo_cov_rur,2015,3.709
gbr,sex_m,age_ythadult_yge25,geo_cov_rur,2016,3.592
gbr,sex_m,age_ythadult_yge25,geo_cov_rur,2017,3.757
gbr,sex_m,age_ythadult_yge25,geo_cov_rur,2018,3.574
gbr,sex_m,age_ythadult_yge25,geo_cov_rur,2019,2.49
gbr,sex_m,age_ythadult_yge25,geo_cov_urb,1998,7.641
gbr,sex_m,age_ythadult_yge25,geo_cov_urb,1999,7.459
gbr,sex_m,age_ythadult_yge25,geo_cov_urb,2000,6.728
gbr,sex_m,age_ythadult_yge25,geo_cov_urb,2001,5.822
gbr,sex_m,age_ythadult_yge25,geo_cov_urb,2002,6.172
gbr,sex_m,age_ythadult_yge25,geo_cov_urb,2003,5.923
gbr,sex_m,age_ythadult_yge25,geo_cov_urb,2004,5.495
gbr,sex_m,age_ythadult_yge25,geo_cov_urb,2005,5.255
gbr,sex_m,age_ythadult_yge25,geo_cov_urb,2006,5.963
gbr,sex_m,age_ythadult_yge25,geo_cov_urb,2007,5.632
gbr,sex_m,age_ythadult_yge25,geo_cov_urb,2008,5.855
gbr,sex_m,age_ythadult_yge25,geo_cov_urb,2009,8.127
gbr,sex_m,age_ythadult_yge25,geo_cov_urb,2010,8.408
gbr,sex_m,age_ythadult_yge25,geo_cov_urb,2011,8.166
gbr,sex_m,age_ythadult_yge25,geo_cov_urb,2012,7.558
gbr,sex_m,age_ythadult_yge25,geo_cov_urb,2013,7.267
gbr,sex_m,age_ythadult_yge25,geo_cov_urb,2014,5.983
gbr,sex_m,age_ythadult_yge25,geo_cov_urb,2015,5.404
gbr,sex_m,age_ythadult_yge25,geo_cov_urb,2016,4.944
gbr,sex_m,age_ythadult_yge25,geo_cov_urb,2017,4.522
gbr,sex_m,age_ythadult_yge25,geo_cov_urb,2018,4.162
gbr,sex_m,age_ythadult_yge25,geo_cov_urb,2019,3.915
gbr,sex_m,age_ythadult_yge25,geo_cov_x,1998,10.499
gbr,sex_m,age_ythadult_yge25,geo_cov_x,2000,9.618
gbr,sex_m,age_ythadult_yge25,geo_cov_x,2001,7.348
gbr,sex_m,age_ythadult_yge25,geo_cov_x,2002,8.47
gbr,sex_m,age_ythadult_yge25,geo_cov_x,2003,6.319
gbr,sex_m,age_ythadult_yge25,geo_cov_x,2004,7.371
gbr,sex_m,age_ythadult_yge25,geo_cov_x,2005,6.077
gbr,sex_t,age_aggregate_total,geo_cov_nat,1998,9.441
gbr,sex_t,age_aggregate_total,geo_cov_nat,1999,9.098
gbr,sex_t,age_aggregate_total,geo_cov_nat,2000,8.509
gbr,sex_t,age_aggregate_total,geo_cov_nat,2001,7.508
gbr,sex_t,age_aggregate_total,geo_cov_nat,2002,7.76
gbr,sex_t,age_aggregate_total,geo_cov_nat,2003,7.451
gbr,sex_t,age_aggregate_total,geo_cov_nat,2004,7.172
gbr,sex_t,age_aggregate_total,geo_cov_nat,2005,7.221
gbr,sex_t,age_aggregate_total,geo_cov_nat,2006,8.008
gbr,sex_t,age_aggregate_total,geo_cov_nat,2007,7.908
gbr,sex_t,age_aggregate_total,geo_cov_nat,2008,7.68
gbr,sex_t,age_aggregate_total,geo_cov_nat,2009,9.716
gbr,sex_t,age_aggregate_total,geo_cov_nat,2010,10.085
gbr,sex_t,age_aggregate_total,geo_cov_nat,2011,10.313
gbr,sex_t,age_aggregate_total,geo_cov_nat,2012,10.165
gbr,sex_t,age_aggregate_total,geo_cov_nat,2013,9.646
gbr,sex_t,age_aggregate_total,geo_cov_nat,2014,8.186
gbr,sex_t,age_aggregate_total,geo_cov_nat,2015,7.277
gbr,sex_t,age_aggregate_total,geo_cov_nat,2016,6.827
gbr,sex_t,age_aggregate_total,geo_cov_nat,2017,6.195
gbr,sex_t,age_aggregate_total,geo_cov_nat,2018,5.809
gbr,sex_t,age_aggregate_total,geo_cov_nat,2019,5.475
gbr,sex_t,age_aggregate_total,geo_cov_rur,1998,8.452
gbr,sex_t,age_aggregate_total,geo_cov_rur,1999,8.082
gbr,sex_t,age_aggregate_total,geo_cov_rur,2000,6.381
gbr,sex_t,age_aggregate_total,geo_cov_rur,2001,6.103
gbr,sex_t,age_aggregate_total,geo_cov_rur,2002,5.822
gbr,sex_t,age_aggregate_total,geo_cov_rur,2003,5.461
gbr,sex_t,age_aggregate_total,geo_cov_rur,2004,4.908
gbr,sex_t,age_aggregate_total,geo_cov_rur,2005,5.163
gbr,sex_t,age_aggregate_total,geo_cov_rur,2006,5.828
gbr,sex_t,age_aggregate_total,geo_cov_rur,2007,5.731
gbr,sex_t,age_aggregate_total,geo_cov_rur,2008,5.37
gbr,sex_t,age_aggregate_total,geo_cov_rur,2009,7.122
gbr,sex_t,age_aggregate_total,geo_cov_rur,2010,7.375
gbr,sex_t,age_aggregate_total,geo_cov_rur,2011,7.82
gbr,sex_t,age_aggregate_total,geo_cov_rur,2012,7.176
gbr,sex_t,age_aggregate_total,geo_cov_rur,2013,6.742
gbr,sex_t,age_aggregate_total,geo_cov_rur,2014,5.947
gbr,sex_t,age_aggregate_total,geo_cov_rur,2015,5.389
gbr,sex_t,age_aggregate_total,geo_cov_rur,2016,5.364
gbr,sex_t,age_aggregate_total,geo_cov_rur,2017,4.772
gbr,sex_t,age_aggregate_total,geo_cov_rur,2018,4.491
gbr,sex_t,age_aggregate_total,geo_cov_rur,2019,3.995
gbr,sex_t,age_aggregate_total,geo_cov_urb,1998,9.57
gbr,sex_t,age_aggregate_total,geo_cov_urb,1999,9.219
gbr,sex_t,age_aggregate_total,geo_cov_urb,2000,8.603
gbr,sex_t,age_aggregate_total,geo_cov_urb,2001,7.534
gbr,sex_t,age_aggregate_total,geo_cov_urb,2002,7.875
gbr,sex_t,age_aggregate_total,geo_cov_urb,2003,7.699
gbr,sex_t,age_aggregate_total,geo_cov_urb,2004,7.45
gbr,sex_t,age_aggregate_total,geo_cov_urb,2005,7.481
gbr,sex_t,age_aggregate_total,geo_cov_urb,2006,8.398
gbr,sex_t,age_aggregate_total,geo_cov_urb,2007,8.302
gbr,sex_t,age_aggregate_total,geo_cov_urb,2008,8.009
gbr,sex_t,age_aggregate_total,geo_cov_urb,2009,10.191
gbr,sex_t,age_aggregate_total,geo_cov_urb,2010,10.564
gbr,sex_t,age_aggregate_total,geo_cov_urb,2011,10.763
gbr,sex_t,age_aggregate_total,geo_cov_urb,2012,10.59
gbr,sex_t,age_aggregate_total,geo_cov_urb,2013,10.086
gbr,sex_t,age_aggregate_total,geo_cov_urb,2014,8.52
gbr,sex_t,age_aggregate_total,geo_cov_urb,2015,7.551
gbr,sex_t,age_aggregate_total,geo_cov_urb,2016,7.042
gbr,sex_t,age_aggregate_total,geo_cov_urb,2017,6.397
gbr,sex_t,age_aggregate_total,geo_cov_urb,2018,5.994
gbr,sex_t,age_aggregate_total,geo_cov_urb,2019,5.687
gbr,sex_t,age_aggregate_total,geo_cov_x,1998,9.03
gbr,sex_t,age_aggregate_total,geo_cov_x,1999,15.606
gbr,sex_t,age_aggregate_total,geo_cov_x,2000,11.049
gbr,sex_t,age_aggregate_total,geo_cov_x,2001,9.428
gbr,sex_t,age_aggregate_total,geo_cov_x,2002,9.787
gbr,sex_t,age_aggregate_total,geo_cov_x,2003,8.448
gbr,sex_t,age_aggregate_total,geo_cov_x,2004,8.376
gbr,sex_t,age_aggregate_total,geo_cov_x,2005,8.198
gbr,sex_t,age_aggregate_y15_24,geo_cov_nat,1998,17.982
gbr,sex_t,age_aggregate_y15_24,geo_cov_nat,1999,17.679
gbr,sex_t,age_aggregate_y15_24,geo_cov_nat,2000,16.939
gbr,sex_t,age_aggregate_y15_24,geo_cov_nat,2001,15.412
gbr,sex_t,age_aggregate_y15_24,geo_cov_nat,2002,15.615
gbr,sex_t,age_aggregate_y15_24,geo_cov_nat,2003,16.279
gbr,sex_t,age_aggregate_y15_24,geo_cov_nat,2004,15.684
gbr,sex_t,age_aggregate_y15_24,geo_cov_nat,2005,16.803
gbr,sex_t,age_aggregate_y15_24,geo_cov_nat,2006,19.041
gbr,sex_t,age_aggregate_y15_24,geo_cov_nat,2007,19.649
gbr,sex_t,age_aggregate_y15_24,geo_cov_nat,2008,18.527
gbr,sex_t,age_aggregate_y15_24,geo_cov_nat,2009,22.941
gbr,sex_t,age_aggregate_y15_24,geo_cov_nat,2010,23.86
gbr,sex_t,age_aggregate_y15_24,geo_cov_nat,2011,25.121
gbr,sex_t,age_aggregate_y15_24,geo_cov_nat,2012,25.249
gbr,sex_t,age_aggregate_y15_24,geo_cov_nat,2013,24.592
gbr,sex_t,age_aggregate_y15_24,geo_cov_nat,2014,21.146
gbr,sex_t,age_aggregate_y15_24,geo_cov_nat,2015,18.307
gbr,sex_t,age_aggregate_y15_24,geo_cov_nat,2016,17.138
gbr,sex_t,age_aggregate_y15_24,geo_cov_nat,2017,16.088
gbr,sex_t,age_aggregate_y15_24,geo_cov_nat,2018,15.344
gbr,sex_t,age_aggregate_y15_24,geo_cov_nat,2019,15.397
gbr,sex_t,age_aggregate_y15_24,geo_cov_rur,1998,16.689
gbr,sex_t,age_aggregate_y15_24,geo_cov_rur,1999,15.762
gbr,sex_t,age_aggregate_y15_24,geo_cov_rur,2000,12.535
gbr,sex_t,age_aggregate_y15_24,geo_cov_rur,2001,12.814
gbr,sex_t,age_aggregate_y15_24,geo_cov_rur,2002,11.839
gbr,sex_t,age_aggregate_y15_24,geo_cov_rur,2003,11.509
gbr,sex_t,age_aggregate_y15_24,geo_cov_rur,2004,9.576
gbr,sex_t,age_aggregate_y15_24,geo_cov_rur,2005,11.502
gbr,sex_t,age_aggregate_y15_24,geo_cov_rur,2006,14.775
gbr,sex_t,age_aggregate_y15_24,geo_cov_rur,2007,15.245
gbr,sex_t,age_aggregate_y15_24,geo_cov_rur,2008,13.962
gbr,sex_t,age_aggregate_y15_24,geo_cov_rur,2009,17.642
gbr,sex_t,age_aggregate_y15_24,geo_cov_rur,2010,20.561
gbr,sex_t,age_aggregate_y15_24,geo_cov_rur,2011,18.995
gbr,sex_t,age_aggregate_y15_24,geo_cov_rur,2012,19.615
gbr,sex_t,age_aggregate_y15_24,geo_cov_rur,2013,21.315
gbr,sex_t,age_aggregate_y15_24,geo_cov_rur,2014,17.553
gbr,sex_t,age_aggregate_y15_24,geo_cov_rur,2015,15.611
gbr,sex_t,age_aggregate_y15_24,geo_cov_rur,2016,15.469
gbr,sex_t,age_aggregate_y15_24,geo_cov_rur,2017,13.092
gbr,sex_t,age_aggregate_y15_24,geo_cov_rur,2018,10.798
gbr,sex_t,age_aggregate_y15_24,geo_cov_rur,2019,11.778
gbr,sex_t,age_aggregate_y15_24,geo_cov_urb,1998,18.17
gbr,sex_t,age_aggregate_y15_24,geo_cov_urb,1999,17.864
gbr,sex_t,age_aggregate_y15_24,geo_cov_urb,2000,17.124
gbr,sex_t,age_aggregate_y15_24,geo_cov_urb,2001,15.331
gbr,sex_t,age_aggregate_y15_24,geo_cov_urb,2002,15.855
gbr,sex_t,age_aggregate_y15_24,geo_cov_urb,2003,16.759
gbr,sex_t,age_aggregate_y15_24,geo_cov_urb,2004,16.451
gbr,sex_t,age_aggregate_y15_24,geo_cov_urb,2005,17.507
gbr,sex_t,age_aggregate_y15_24,geo_cov_urb,2006,19.66
gbr,sex_t,age_aggregate_y15_24,geo_cov_urb,2007,20.324
gbr,sex_t,age_aggregate_y15_24,geo_cov_urb,2008,19.082
gbr,sex_t,age_aggregate_y15_24,geo_cov_urb,2009,23.742
gbr,sex_t,age_aggregate_y15_24,geo_cov_urb,2010,24.345
gbr,sex_t,age_aggregate_y15_24,geo_cov_urb,2011,26.086
gbr,sex_t,age_aggregate_y15_24,geo_cov_urb,2012,25.887
gbr,sex_t,age_aggregate_y15_24,geo_cov_urb,2013,24.994
gbr,sex_t,age_aggregate_y15_24,geo_cov_urb,2014,21.601
gbr,sex_t,age_aggregate_y15_24,geo_cov_urb,2015,18.633
gbr,sex_t,age_aggregate_y15_24,geo_cov_urb,2016,17.358
gbr,sex_t,age_aggregate_y15_24,geo_cov_urb,2017,16.451
gbr,sex_t,age_aggregate_y15_24,geo_cov_urb,2018,15.847
gbr,sex_t,age_aggregate_y15_24,geo_cov_urb,2019,15.85
gbr,sex_t,age_aggregate_y15_24,geo_cov_x,1998,13.439
gbr,sex_t,age_aggregate_y15_24,geo_cov_x,1999,40.676
gbr,sex_t,age_aggregate_y15_24,geo_cov_x,2000,20.959
gbr,sex_t,age_aggregate_y15_24,geo_cov_x,2001,19.215
gbr,sex_t,age_aggregate_y15_24,geo_cov_x,2002,18.366
gbr,sex_t,age_aggregate_y15_24,geo_cov_x,2003,18.357
gbr,sex_t,age_aggregate_y15_24,geo_cov_x,2004,17.346
gbr,sex_t,age_aggregate_y15_24,geo_cov_x,2005,17.393
gbr,sex_t,age_aggregate_y25_54,geo_cov_nat,1998,7.428
gbr,sex_t,age_aggregate_y25_54,geo_cov_nat,1999,7.18
gbr,sex_t,age_aggregate_y25_54,geo_cov_nat,2000,6.627
gbr,sex_t,age_aggregate_y25_54,geo_cov_nat,2001,5.855
gbr,sex_t,age_aggregate_y25_54,geo_cov_nat,2002,6.14
gbr,sex_t,age_aggregate_y25_54,geo_cov_nat,2003,5.704
gbr,sex_t,age_aggregate_y25_54,geo_cov_nat,2004,5.457
gbr,sex_t,age_aggregate_y25_54,geo_cov_nat,2005,5.421
gbr,sex_t,age_aggregate_y25_54,geo_cov_nat,2006,5.961
gbr,sex_t,age_aggregate_y25_54,geo_cov_nat,2007,5.582
gbr,sex_t,age_aggregate_y25_54,geo_cov_nat,2008,5.674
gbr,sex_t,age_aggregate_y25_54,geo_cov_nat,2009,7.441
gbr,sex_t,age_aggregate_y25_54,geo_cov_nat,2010,7.753
gbr,sex_t,age_aggregate_y25_54,geo_cov_nat,2011,7.611
gbr,sex_t,age_aggregate_y25_54,geo_cov_nat,2012,7.364
gbr,sex_t,age_aggregate_y25_54,geo_cov_nat,2013,7.061
gbr,sex_t,age_aggregate_y25_54,geo_cov_nat,2014,5.884
gbr,sex_t,age_aggregate_y25_54,geo_cov_nat,2015,5.391
gbr,sex_t,age_aggregate_y25_54,geo_cov_nat,2016,5.069
gbr,sex_t,age_aggregate_y25_54,geo_cov_nat,2017,4.419
gbr,sex_t,age_aggregate_y25_54,geo_cov_nat,2018,4.199
gbr,sex_t,age_aggregate_y25_54,geo_cov_nat,2019,3.877
gbr,sex_t,age_aggregate_y25_54,geo_cov_rur,1998,6.47
gbr,sex_t,age_aggregate_y25_54,geo_cov_rur,1999,6.676
gbr,sex_t,age_aggregate_y25_54,geo_cov_rur,2000,5.11
gbr,sex_t,age_aggregate_y25_54,geo_cov_rur,2001,4.692
gbr,sex_t,age_aggregate_y25_54,geo_cov_rur,2002,4.527
gbr,sex_t,age_aggregate_y25_54,geo_cov_rur,2003,4.281
gbr,sex_t,age_aggregate_y25_54,geo_cov_rur,2004,4.132
gbr,sex_t,age_aggregate_y25_54,geo_cov_rur,2005,4.025
gbr,sex_t,age_aggregate_y25_54,geo_cov_rur,2006,4.381
gbr,sex_t,age_aggregate_y25_54,geo_cov_rur,2007,3.901
gbr,sex_t,age_aggregate_y25_54,geo_cov_rur,2008,3.95
gbr,sex_t,age_aggregate_y25_54,geo_cov_rur,2009,5.57
gbr,sex_t,age_aggregate_y25_54,geo_cov_rur,2010,5.309
gbr,sex_t,age_aggregate_y25_54,geo_cov_rur,2011,5.988
gbr,sex_t,age_aggregate_y25_54,geo_cov_rur,2012,4.898
gbr,sex_t,age_aggregate_y25_54,geo_cov_rur,2013,4.522
gbr,sex_t,age_aggregate_y25_54,geo_cov_rur,2014,4.076
gbr,sex_t,age_aggregate_y25_54,geo_cov_rur,2015,4.011
gbr,sex_t,age_aggregate_y25_54,geo_cov_rur,2016,3.583
gbr,sex_t,age_aggregate_y25_54,geo_cov_rur,2017,3.232
gbr,sex_t,age_aggregate_y25_54,geo_cov_rur,2018,3.568
gbr,sex_t,age_aggregate_y25_54,geo_cov_rur,2019,2.588
gbr,sex_t,age_aggregate_y25_54,geo_cov_urb,1998,7.547
gbr,sex_t,age_aggregate_y25_54,geo_cov_urb,1999,7.245
gbr,sex_t,age_aggregate_y25_54,geo_cov_urb,2000,6.713
gbr,sex_t,age_aggregate_y25_54,geo_cov_urb,2001,5.911
gbr,sex_t,age_aggregate_y25_54,geo_cov_urb,2002,6.235
gbr,sex_t,age_aggregate_y25_54,geo_cov_urb,2003,5.879
gbr,sex_t,age_aggregate_y25_54,geo_cov_urb,2004,5.595
gbr,sex_t,age_aggregate_y25_54,geo_cov_urb,2005,5.547
gbr,sex_t,age_aggregate_y25_54,geo_cov_urb,2006,6.229
gbr,sex_t,age_aggregate_y25_54,geo_cov_urb,2007,5.873
gbr,sex_t,age_aggregate_y25_54,geo_cov_urb,2008,5.907
gbr,sex_t,age_aggregate_y25_54,geo_cov_urb,2009,7.762
gbr,sex_t,age_aggregate_y25_54,geo_cov_urb,2010,8.161
gbr,sex_t,age_aggregate_y25_54,geo_cov_urb,2011,7.879
gbr,sex_t,age_aggregate_y25_54,geo_cov_urb,2012,7.688
gbr,sex_t,age_aggregate_y25_54,geo_cov_urb,2013,7.409
gbr,sex_t,age_aggregate_y25_54,geo_cov_urb,2014,6.132
gbr,sex_t,age_aggregate_y25_54,geo_cov_urb,2015,5.571
gbr,sex_t,age_aggregate_y25_54,geo_cov_urb,2016,5.26
gbr,sex_t,age_aggregate_y25_54,geo_cov_urb,2017,4.571
gbr,sex_t,age_aggregate_y25_54,geo_cov_urb,2018,4.28
gbr,sex_t,age_aggregate_y25_54,geo_cov_urb,2019,4.039
gbr,sex_t,age_aggregate_y25_54,geo_cov_x,1998,7.775
gbr,sex_t,age_aggregate_y25_54,geo_cov_x,2000,8.269
gbr,sex_t,age_aggregate_y25_54,geo_cov_x,2001,7.134
gbr,sex_t,age_aggregate_y25_54,geo_cov_x,2002,7.756
gbr,sex_t,age_aggregate_y25_54,geo_cov_x,2003,6.378
gbr,sex_t,age_aggregate_y25_54,geo_cov_x,2004,6.298
gbr,sex_t,age_aggregate_y25_54,geo_cov_x,2005,6.445
gbr,sex_t,age_aggregate_y55_64,geo_cov_nat,1998,10.299
gbr,sex_t,age_aggregate_y55_64,geo_cov_nat,1999,9.449
gbr,sex_t,age_aggregate_y55_64,geo_cov_nat,2000,8.862
gbr,sex_t,age_aggregate_y55_64,geo_cov_nat,2001,6.996
gbr,sex_t,age_aggregate_y55_64,geo_cov_nat,2002,7.079
gbr,sex_t,age_aggregate_y55_64,geo_cov_nat,2003,6.317
gbr,sex_t,age_aggregate_y55_64,geo_cov_nat,2004,5.929
gbr,sex_t,age_aggregate_y55_64,geo_cov_nat,2005,5.506
gbr,sex_t,age_aggregate_y55_64,geo_cov_nat,2006,5.819
gbr,sex_t,age_aggregate_y55_64,geo_cov_nat,2007,6.273
gbr,sex_t,age_aggregate_y55_64,geo_cov_nat,2008,5.695
gbr,sex_t,age_aggregate_y55_64,geo_cov_nat,2009,7.302
gbr,sex_t,age_aggregate_y55_64,geo_cov_nat,2010,7.625
gbr,sex_t,age_aggregate_y55_64,geo_cov_nat,2011,8.684
gbr,sex_t,age_aggregate_y55_64,geo_cov_nat,2012,8.249
gbr,sex_t,age_aggregate_y55_64,geo_cov_nat,2013,7.855
gbr,sex_t,age_aggregate_y55_64,geo_cov_nat,2014,6.829
gbr,sex_t,age_aggregate_y55_64,geo_cov_nat,2015,6.046
gbr,sex_t,age_aggregate_y55_64,geo_cov_nat,2016,5.96
gbr,sex_t,age_aggregate_y55_64,geo_cov_nat,2017,5.924
gbr,sex_t,age_aggregate_y55_64,geo_cov_nat,2018,5.423
gbr,sex_t,age_aggregate_y55_64,geo_cov_nat,2019,4.855
gbr,sex_t,age_aggregate_y55_64,geo_cov_rur,1998,10.297
gbr,sex_t,age_aggregate_y55_64,geo_cov_rur,1999,7.996
gbr,sex_t,age_aggregate_y55_64,geo_cov_rur,2000,7.165
gbr,sex_t,age_aggregate_y55_64,geo_cov_rur,2001,6.66
gbr,sex_t,age_aggregate_y55_64,geo_cov_rur,2002,6.366
gbr,sex_t,age_aggregate_y55_64,geo_cov_rur,2003,5.634
gbr,sex_t,age_aggregate_y55_64,geo_cov_rur,2004,4.458
gbr,sex_t,age_aggregate_y55_64,geo_cov_rur,2005,4.807
gbr,sex_t,age_aggregate_y55_64,geo_cov_rur,2006,4.805
gbr,sex_t,age_aggregate_y55_64,geo_cov_rur,2007,5.123
gbr,sex_t,age_aggregate_y55_64,geo_cov_rur,2008,4.429
gbr,sex_t,age_aggregate_y55_64,geo_cov_rur,2009,5.752
gbr,sex_t,age_aggregate_y55_64,geo_cov_rur,2010,6.255
gbr,sex_t,age_aggregate_y55_64,geo_cov_rur,2011,6.918
gbr,sex_t,age_aggregate_y55_64,geo_cov_rur,2012,6.899
gbr,sex_t,age_aggregate_y55_64,geo_cov_rur,2013,6.253
gbr,sex_t,age_aggregate_y55_64,geo_cov_rur,2014,4.995
gbr,sex_t,age_aggregate_y55_64,geo_cov_rur,2015,4.522
gbr,sex_t,age_aggregate_y55_64,geo_cov_rur,2016,5.126
gbr,sex_t,age_aggregate_y55_64,geo_cov_rur,2017,5.444
gbr,sex_t,age_aggregate_y55_64,geo_cov_rur,2018,4.842
gbr,sex_t,age_aggregate_y55_64,geo_cov_rur,2019,4.423
gbr,sex_t,age_aggregate_y55_64,geo_cov_urb,1998,10.311
gbr,sex_t,age_aggregate_y55_64,geo_cov_urb,1999,9.624
gbr,sex_t,age_aggregate_y55_64,geo_cov_urb,2000,8.658
gbr,sex_t,age_aggregate_y55_64,geo_cov_urb,2001,6.815
gbr,sex_t,age_aggregate_y55_64,geo_cov_urb,2002,7.059
gbr,sex_t,age_aggregate_y55_64,geo_cov_urb,2003,6.449
gbr,sex_t,age_aggregate_y55_64,geo_cov_urb,2004,6.061
gbr,sex_t,age_aggregate_y55_64,geo_cov_urb,2005,5.6
gbr,sex_t,age_aggregate_y55_64,geo_cov_urb,2006,6.072
gbr,sex_t,age_aggregate_y55_64,geo_cov_urb,2007,6.544
gbr,sex_t,age_aggregate_y55_64,geo_cov_urb,2008,5.934
gbr,sex_t,age_aggregate_y55_64,geo_cov_urb,2009,7.694
gbr,sex_t,age_aggregate_y55_64,geo_cov_urb,2010,7.948
gbr,sex_t,age_aggregate_y55_64,geo_cov_urb,2011,9.141
gbr,sex_t,age_aggregate_y55_64,geo_cov_urb,2012,8.522
gbr,sex_t,age_aggregate_y55_64,geo_cov_urb,2013,8.206
gbr,sex_t,age_aggregate_y55_64,geo_cov_urb,2014,7.198
gbr,sex_t,age_aggregate_y55_64,geo_cov_urb,2015,6.36
gbr,sex_t,age_aggregate_y55_64,geo_cov_urb,2016,6.138
gbr,sex_t,age_aggregate_y55_64,geo_cov_urb,2017,6.015
gbr,sex_t,age_aggregate_y55_64,geo_cov_urb,2018,5.532
gbr,sex_t,age_aggregate_y55_64,geo_cov_urb,2019,4.942
gbr,sex_t,age_aggregate_y55_64,geo_cov_x,2000,13.885
gbr,sex_t,age_aggregate_y55_64,geo_cov_x,2001,9.146
gbr,sex_t,age_aggregate_y55_64,geo_cov_x,2002,8.689
gbr,sex_t,age_aggregate_y55_64,geo_cov_x,2003,6.576
gbr,sex_t,age_aggregate_y55_64,geo_cov_x,2004,7.723
gbr,sex_t,age_aggregate_y55_64,geo_cov_x,2005,6.087
gbr,sex_t,age_aggregate_yge65,geo_cov_nat,1998,11.398
gbr,sex_t,age_aggregate_yge65,geo_cov_nat,1999,10.432
gbr,sex_t,age_aggregate_yge65,geo_cov_nat,2000,9.834
gbr,sex_t,age_aggregate_yge65,geo_cov_nat,2001,10.264
gbr,sex_t,age_aggregate_yge65,geo_cov_nat,2002,8.912
gbr,sex_t,age_aggregate_yge65,geo_cov_nat,2003,7.938
gbr,sex_t,age_aggregate_yge65,geo_cov_nat,2004,8.21
gbr,sex_t,age_aggregate_yge65,geo_cov_nat,2005,6.947
gbr,sex_t,age_aggregate_yge65,geo_cov_nat,2006,7.024
gbr,sex_t,age_aggregate_yge65,geo_cov_nat,2007,7.813
gbr,sex_t,age_aggregate_yge65,geo_cov_nat,2008,5.742
gbr,sex_t,age_aggregate_yge65,geo_cov_nat,2009,5.839
gbr,sex_t,age_aggregate_yge65,geo_cov_nat,2010,5.986
gbr,sex_t,age_aggregate_yge65,geo_cov_nat,2011,6.145
gbr,sex_t,age_aggregate_yge65,geo_cov_nat,2012,8.187
gbr,sex_t,age_aggregate_yge65,geo_cov_nat,2013,4.99
gbr,sex_t,age_aggregate_yge65,geo_cov_nat,2014,5.908
gbr,sex_t,age_aggregate_yge65,geo_cov_nat,2015,4.768
gbr,sex_t,age_aggregate_yge65,geo_cov_nat,2016,4.151
gbr,sex_t,age_aggregate_yge65,geo_cov_nat,2017,4.267
gbr,sex_t,age_aggregate_yge65,geo_cov_nat,2018,3.427
gbr,sex_t,age_aggregate_yge65,geo_cov_nat,2019,3.336
gbr,sex_t,age_aggregate_yge65,geo_cov_rur,1998,6.338
gbr,sex_t,age_aggregate_yge65,geo_cov_rur,1999,6.088
gbr,sex_t,age_aggregate_yge65,geo_cov_rur,2000,5.855
gbr,sex_t,age_aggregate_yge65,geo_cov_rur,2001,8.374
gbr,sex_t,age_aggregate_yge65,geo_cov_rur,2002,6.354
gbr,sex_t,age_aggregate_yge65,geo_cov_rur,2003,4.734
gbr,sex_t,age_aggregate_yge65,geo_cov_rur,2004,3.63
gbr,sex_t,age_aggregate_yge65,geo_cov_rur,2005,6.061
gbr,sex_t,age_aggregate_yge65,geo_cov_rur,2006,4.713
gbr,sex_t,age_aggregate_yge65,geo_cov_rur,2007,6.691
gbr,sex_t,age_aggregate_yge65,geo_cov_rur,2008,3.336
gbr,sex_t,age_aggregate_yge65,geo_cov_rur,2009,4.962
gbr,sex_t,age_aggregate_yge65,geo_cov_rur,2010,4.415
gbr,sex_t,age_aggregate_yge65,geo_cov_rur,2011,4.849
gbr,sex_t,age_aggregate_yge65,geo_cov_rur,2012,7.02
gbr,sex_t,age_aggregate_yge65,geo_cov_rur,2013,2.288
gbr,sex_t,age_aggregate_yge65,geo_cov_rur,2014,4.813
gbr,sex_t,age_aggregate_yge65,geo_cov_rur,2015,2.337
gbr,sex_t,age_aggregate_yge65,geo_cov_rur,2016,3.227
gbr,sex_t,age_aggregate_yge65,geo_cov_rur,2017,2.773
gbr,sex_t,age_aggregate_yge65,geo_cov_rur,2018,2.246
gbr,sex_t,age_aggregate_yge65,geo_cov_rur,2019,2.256
gbr,sex_t,age_aggregate_yge65,geo_cov_urb,1998,12.274
gbr,sex_t,age_aggregate_yge65,geo_cov_urb,1999,11.23
gbr,sex_t,age_aggregate_yge65,geo_cov_urb,2000,10.482
gbr,sex_t,age_aggregate_yge65,geo_cov_urb,2001,10.138
gbr,sex_t,age_aggregate_yge65,geo_cov_urb,2002,8.441
gbr,sex_t,age_aggregate_yge65,geo_cov_urb,2003,8.261
gbr,sex_t,age_aggregate_yge65,geo_cov_urb,2004,9.281
gbr,sex_t,age_aggregate_yge65,geo_cov_urb,2005,6.986
gbr,sex_t,age_aggregate_yge65,geo_cov_urb,2006,7.747
gbr,sex_t,age_aggregate_yge65,geo_cov_urb,2007,8.173
gbr,sex_t,age_aggregate_yge65,geo_cov_urb,2008,6.324
gbr,sex_t,age_aggregate_yge65,geo_cov_urb,2009,6.141
gbr,sex_t,age_aggregate_yge65,geo_cov_urb,2010,6.486
gbr,sex_t,age_aggregate_yge65,geo_cov_urb,2011,6.603
gbr,sex_t,age_aggregate_yge65,geo_cov_urb,2012,8.525
gbr,sex_t,age_aggregate_yge65,geo_cov_urb,2013,5.868
gbr,sex_t,age_aggregate_yge65,geo_cov_urb,2014,6.217
gbr,sex_t,age_aggregate_yge65,geo_cov_urb,2015,5.498
gbr,sex_t,age_aggregate_yge65,geo_cov_urb,2016,4.422
gbr,sex_t,age_aggregate_yge65,geo_cov_urb,2017,4.741
gbr,sex_t,age_aggregate_yge65,geo_cov_urb,2018,3.787
gbr,sex_t,age_aggregate_yge65,geo_cov_urb,2019,3.661
gbr,sex_t,age_aggregate_yge65,geo_cov_x,2000,13.574
gbr,sex_t,age_aggregate_yge65,geo_cov_x,2001,17.806
gbr,sex_t,age_aggregate_yge65,geo_cov_x,2002,21.468
gbr,sex_t,age_aggregate_yge65,geo_cov_x,2003,12.589
gbr,sex_t,age_aggregate_yge65,geo_cov_x,2004,11.313
gbr,sex_t,age_aggregate_yge65,geo_cov_x,2005,8.935
gbr,sex_t,age_ythadult_y15_24,geo_cov_nat,1998,17.982
gbr,sex_t,age_ythadult_y15_24,geo_cov_nat,1999,17.679
gbr,sex_t,age_ythadult_y15_24,geo_cov_nat,2000,16.939
gbr,sex_t,age_ythadult_y15_24,geo_cov_nat,2001,15.412
gbr,sex_t,age_ythadult_y15_24,geo_cov_nat,2002,15.615
gbr,sex_t,age_ythadult_y15_24,geo_cov_nat,2003,16.279
gbr,sex_t,age_ythadult_y15_24,geo_cov_nat,2004,15.684
gbr,sex_t,age_ythadult_y15_24,geo_cov_nat,2005,16.803
gbr,sex_t,age_ythadult_y15_24,geo_cov_nat,2006,19.041
gbr,sex_t,age_ythadult_y15_24,geo_cov_nat,2007,19.649
gbr,sex_t,age_ythadult_y15_24,geo_cov_nat,2008,18.527
gbr,sex_t,age_ythadult_y15_24,geo_cov_nat,2009,22.941
gbr,sex_t,age_ythadult_y15_24,geo_cov_nat,2010,23.86
gbr,sex_t,age_ythadult_y15_24,geo_cov_nat,2011,25.121
gbr,sex_t,age_ythadult_y15_24,geo_cov_nat,2012,25.249
gbr,sex_t,age_ythadult_y15_24,geo_cov_nat,2013,24.592
gbr,sex_t,age_ythadult_y15_24,geo_cov_nat,2014,21.146
gbr,sex_t,age_ythadult_y15_24,geo_cov_nat,2015,18.307
gbr,sex_t,age_ythadult_y15_24,geo_cov_nat,2016,17.138
gbr,sex_t,age_ythadult_y15_24,geo_cov_nat,2017,16.088
gbr,sex_t,age_ythadult_y15_24,geo_cov_nat,2018,15.344
gbr,sex_t,age_ythadult_y15_24,geo_cov_nat,2019,15.397
gbr,sex_t,age_ythadult_y15_24,geo_cov_rur,1998,16.689
gbr,sex_t,age_ythadult_y15_24,geo_cov_rur,1999,15.762
gbr,sex_t,age_ythadult_y15_24,geo_cov_rur,2000,12.535
gbr,sex_t,age_ythadult_y15_24,geo_cov_rur,2001,12.814
gbr,sex_t,age_ythadult_y15_24,geo_cov_rur,2002,11.839
gbr,sex_t,age_ythadult_y15_24,geo_cov_rur,2003,11.509
gbr,sex_t,age_ythadult_y15_24,geo_cov_rur,2004,9.576
gbr,sex_t,age_ythadult_y15_24,geo_cov_rur,2005,11.502
gbr,sex_t,age_ythadult_y15_24,geo_cov_rur,2006,14.775
gbr,sex_t,age_ythadult_y15_24,geo_cov_rur,2007,15.245
gbr,sex_t,age_ythadult_y15_24,geo_cov_rur,2008,13.962
gbr,sex_t,age_ythadult_y15_24,geo_cov_rur,2009,17.642
gbr,sex_t,age_ythadult_y15_24,geo_cov_rur,2010,20.561
gbr,sex_t,age_ythadult_y15_24,geo_cov_rur,2011,18.995
gbr,sex_t,age_ythadult_y15_24,geo_cov_rur,2012,19.615
gbr,sex_t,age_ythadult_y15_24,geo_cov_rur,2013,21.315
gbr,sex_t,age_ythadult_y15_24,geo_cov_rur,2014,17.553
gbr,sex_t,age_ythadult_y15_24,geo_cov_rur,2015,15.611
gbr,sex_t,age_ythadult_y15_24,geo_cov_rur,2016,15.469
gbr,sex_t,age_ythadult_y15_24,geo_cov_rur,2017,13.092
gbr,sex_t,age_ythadult_y15_24,geo_cov_rur,2018,10.798
gbr,sex_t,age_ythadult_y15_24,geo_cov_rur,2019,11.778
gbr,sex_t,age_ythadult_y15_24,geo_cov_urb,1998,18.17
gbr,sex_t,age_ythadult_y15_24,geo_cov_urb,1999,17.864
gbr,sex_t,age_ythadult_y15_24,geo_cov_urb,2000,17.124
gbr,sex_t,age_ythadult_y15_24,geo_cov_urb,2001,15.331
gbr,sex_t,age_ythadult_y15_24,geo_cov_urb,2002,15.855
gbr,sex_t,age_ythadult_y15_24,geo_cov_urb,2003,16.759
gbr,sex_t,age_ythadult_y15_24,geo_cov_urb,2004,16.451
gbr,sex_t,age_ythadult_y15_24,geo_cov_urb,2005,17.507
gbr,sex_t,age_ythadult_y15_24,geo_cov_urb,2006,19.66
gbr,sex_t,age_ythadult_y15_24,geo_cov_urb,2007,20.324
gbr,sex_t,age_ythadult_y15_24,geo_cov_urb,2008,19.082
gbr,sex_t,age_ythadult_y15_24,geo_cov_urb,2009,23.742
gbr,sex_t,age_ythadult_y15_24,geo_cov_urb,2010,24.345
gbr,sex_t,age_ythadult_y15_24,geo_cov_urb,2011,26.086
gbr,sex_t,age_ythadult_y15_24,geo_cov_urb,2012,25.887
gbr,sex_t,age_ythadult_y15_24,geo_cov_urb,2013,24.994
gbr,sex_t,age_ythadult_y15_24,geo_cov_urb,2014,21.601
gbr,sex_t,age_ythadult_y15_24,geo_cov_urb,2015,18.633
gbr,sex_t,age_ythadult_y15_24,geo_cov_urb,2016,17.358
gbr,sex_t,age_ythadult_y15_24,geo_cov_urb,2017,16.451
gbr,sex_t,age_ythadult_y15_24,geo_cov_urb,2018,15.847
gbr,sex_t,age_ythadult_y15_24,geo_cov_urb,2019,15.85
gbr,sex_t,age_ythadult_y15_24,geo_cov_x,1998,13.439
gbr,sex_t,age_ythadult_y15_24,geo_cov_x,1999,40.676
gbr,sex_t,age_ythadult_y15_24,geo_cov_x,2000,20.959
gbr,sex_t,age_ythadult_y15_24,geo_cov_x,2001,19.215
gbr,sex_t,age_ythadult_y15_24,geo_cov_x,2002,18.366
gbr,sex_t,age_ythadult_y15_24,geo_cov_x,2003,18.357
gbr,sex_t,age_ythadult_y15_24,geo_cov_x,2004,17.346
gbr,sex_t,age_ythadult_y15_24,geo_cov_x,2005,17.393
gbr,sex_t,age_ythadult_y15_64,geo_cov_nat,1998,9.408
gbr,sex_t,age_ythadult_y15_64,geo_cov_nat,1999,9.074
gbr,sex_t,age_ythadult_y15_64,geo_cov_nat,2000,8.486
gbr,sex_t,age_ythadult_y15_64,geo_cov_nat,2001,7.464
gbr,sex_t,age_ythadult_y15_64,geo_cov_nat,2002,7.74
gbr,sex_t,age_ythadult_y15_64,geo_cov_nat,2003,7.442
gbr,sex_t,age_ythadult_y15_64,geo_cov_nat,2004,7.152
gbr,sex_t,age_ythadult_y15_64,geo_cov_nat,2005,7.227
gbr,sex_t,age_ythadult_y15_64,geo_cov_nat,2006,8.03
gbr,sex_t,age_ythadult_y15_64,geo_cov_nat,2007,7.91
gbr,sex_t,age_ythadult_y15_64,geo_cov_nat,2008,7.727
gbr,sex_t,age_ythadult_y15_64,geo_cov_nat,2009,9.819
gbr,sex_t,age_ythadult_y15_64,geo_cov_nat,2010,10.204
gbr,sex_t,age_ythadult_y15_64,geo_cov_nat,2011,10.436
gbr,sex_t,age_ythadult_y15_64,geo_cov_nat,2012,10.23
gbr,sex_t,age_ythadult_y15_64,geo_cov_nat,2013,9.809
gbr,sex_t,age_ythadult_y15_64,geo_cov_nat,2014,8.271
gbr,sex_t,age_ythadult_y15_64,geo_cov_nat,2015,7.373
gbr,sex_t,age_ythadult_y15_64,geo_cov_nat,2016,6.933
gbr,sex_t,age_ythadult_y15_64,geo_cov_nat,2017,6.268
gbr,sex_t,age_ythadult_y15_64,geo_cov_nat,2018,5.903
gbr,sex_t,age_ythadult_y15_64,geo_cov_nat,2019,5.562
gbr,sex_t,age_ythadult_y15_64,geo_cov_rur,1998,8.501
gbr,sex_t,age_ythadult_y15_64,geo_cov_rur,1999,8.131
gbr,sex_t,age_ythadult_y15_64,geo_cov_rur,2000,6.393
gbr,sex_t,age_ythadult_y15_64,geo_cov_rur,2001,6.046
gbr,sex_t,age_ythadult_y15_64,geo_cov_rur,2002,5.806
gbr,sex_t,age_ythadult_y15_64,geo_cov_rur,2003,5.48
gbr,sex_t,age_ythadult_y15_64,geo_cov_rur,2004,4.947
gbr,sex_t,age_ythadult_y15_64,geo_cov_rur,2005,5.134
gbr,sex_t,age_ythadult_y15_64,geo_cov_rur,2006,5.867
gbr,sex_t,age_ythadult_y15_64,geo_cov_rur,2007,5.698
gbr,sex_t,age_ythadult_y15_64,geo_cov_rur,2008,5.448
gbr,sex_t,age_ythadult_y15_64,geo_cov_rur,2009,7.219
gbr,sex_t,age_ythadult_y15_64,geo_cov_rur,2010,7.515
gbr,sex_t,age_ythadult_y15_64,geo_cov_rur,2011,7.973
gbr,sex_t,age_ythadult_y15_64,geo_cov_rur,2012,7.185
gbr,sex_t,age_ythadult_y15_64,geo_cov_rur,2013,7.042
gbr,sex_t,age_ythadult_y15_64,geo_cov_rur,2014,6.02
gbr,sex_t,age_ythadult_y15_64,geo_cov_rur,2015,5.609
gbr,sex_t,age_ythadult_y15_64,geo_cov_rur,2016,5.518
gbr,sex_t,age_ythadult_y15_64,geo_cov_rur,2017,4.924
gbr,sex_t,age_ythadult_y15_64,geo_cov_rur,2018,4.665
gbr,sex_t,age_ythadult_y15_64,geo_cov_rur,2019,4.13
gbr,sex_t,age_ythadult_y15_64,geo_cov_urb,1998,9.527
gbr,sex_t,age_ythadult_y15_64,geo_cov_urb,1999,9.185
gbr,sex_t,age_ythadult_y15_64,geo_cov_urb,2000,8.572
gbr,sex_t,age_ythadult_y15_64,geo_cov_urb,2001,7.496
gbr,sex_t,age_ythadult_y15_64,geo_cov_urb,2002,7.865
gbr,sex_t,age_ythadult_y15_64,geo_cov_urb,2003,7.689
gbr,sex_t,age_ythadult_y15_64,geo_cov_urb,2004,7.418
gbr,sex_t,age_ythadult_y15_64,geo_cov_urb,2005,7.49
gbr,sex_t,age_ythadult_y15_64,geo_cov_urb,2006,8.41
gbr,sex_t,age_ythadult_y15_64,geo_cov_urb,2007,8.305
gbr,sex_t,age_ythadult_y15_64,geo_cov_urb,2008,8.046
gbr,sex_t,age_ythadult_y15_64,geo_cov_urb,2009,10.285
gbr,sex_t,age_ythadult_y15_64,geo_cov_urb,2010,10.669
gbr,sex_t,age_ythadult_y15_64,geo_cov_urb,2011,10.87
gbr,sex_t,age_ythadult_y15_64,geo_cov_urb,2012,10.65
gbr,sex_t,age_ythadult_y15_64,geo_cov_urb,2013,10.214
gbr,sex_t,age_ythadult_y15_64,geo_cov_urb,2014,8.596
gbr,sex_t,age_ythadult_y15_64,geo_cov_urb,2015,7.619
gbr,sex_t,age_ythadult_y15_64,geo_cov_urb,2016,7.133
gbr,sex_t,age_ythadult_y15_64,geo_cov_urb,2017,6.451
gbr,sex_t,age_ythadult_y15_64,geo_cov_urb,2018,6.069
gbr,sex_t,age_ythadult_y15_64,geo_cov_urb,2019,5.759
gbr,sex_t,age_ythadult_y15_64,geo_cov_x,2000,11.009
gbr,sex_t,age_ythadult_y15_64,geo_cov_x,2001,9.331
gbr,sex_t,age_ythadult_y15_64,geo_cov_x,2002,9.628
gbr,sex_t,age_ythadult_y15_64,geo_cov_x,2003,8.378
gbr,sex_t,age_ythadult_y15_64,geo_cov_x,2004,8.319
gbr,sex_t,age_ythadult_y15_64,geo_cov_x,2005,8.184
gbr,sex_t,age_ythadult_yge15,geo_cov_nat,1998,9.441
gbr,sex_t,age_ythadult_yge15,geo_cov_nat,1999,9.098
gbr,sex_t,age_ythadult_yge15,geo_cov_nat,2000,8.509
gbr,sex_t,age_ythadult_yge15,geo_cov_nat,2001,7.508
gbr,sex_t,age_ythadult_yge15,geo_cov_nat,2002,7.76
gbr,sex_t,age_ythadult_yge15,geo_cov_nat,2003,7.451
gbr,sex_t,age_ythadult_yge15,geo_cov_nat,2004,7.172
gbr,sex_t,age_ythadult_yge15,geo_cov_nat,2005,7.221
gbr,sex_t,age_ythadult_yge15,geo_cov_nat,2006,8.008
gbr,sex_t,age_ythadult_yge15,geo_cov_nat,2007,7.908
gbr,sex_t,age_ythadult_yge15,geo_cov_nat,2008,7.68
gbr,sex_t,age_ythadult_yge15,geo_cov_nat,2009,9.716
gbr,sex_t,age_ythadult_yge15,geo_cov_nat,2010,10.085
gbr,sex_t,age_ythadult_yge15,geo_cov_nat,2011,10.313
gbr,sex_t,age_ythadult_yge15,geo_cov_nat,2012,10.165
gbr,sex_t,age_ythadult_yge15,geo_cov_nat,2013,9.646
gbr,sex_t,age_ythadult_yge15,geo_cov_nat,2014,8.186
gbr,sex_t,age_ythadult_yge15,geo_cov_nat,2015,7.277
gbr,sex_t,age_ythadult_yge15,geo_cov_nat,2016,6.827
gbr,sex_t,age_ythadult_yge15,geo_cov_nat,2017,6.195
gbr,sex_t,age_ythadult_yge15,geo_cov_nat,2018,5.809
gbr,sex_t,age_ythadult_yge15,geo_cov_nat,2019,5.475
gbr,sex_t,age_ythadult_yge15,geo_cov_rur,1998,8.452
gbr,sex_t,age_ythadult_yge15,geo_cov_rur,1999,8.082
gbr,sex_t,age_ythadult_yge15,geo_cov_rur,2000,6.381
gbr,sex_t,age_ythadult_yge15,geo_cov_rur,2001,6.103
gbr,sex_t,age_ythadult_yge15,geo_cov_rur,2002,5.822
gbr,sex_t,age_ythadult_yge15,geo_cov_rur,2003,5.461
gbr,sex_t,age_ythadult_yge15,geo_cov_rur,2004,4.908
gbr,sex_t,age_ythadult_yge15,geo_cov_rur,2005,5.163
gbr,sex_t,age_ythadult_yge15,geo_cov_rur,2006,5.828
gbr,sex_t,age_ythadult_yge15,geo_cov_rur,2007,5.731
gbr,sex_t,age_ythadult_yge15,geo_cov_rur,2008,5.37
gbr,sex_t,age_ythadult_yge15,geo_cov_rur,2009,7.122
gbr,sex_t,age_ythadult_yge15,geo_cov_rur,2010,7.375
gbr,sex_t,age_ythadult_yge15,geo_cov_rur,2011,7.82
gbr,sex_t,age_ythadult_yge15,geo_cov_rur,2012,7.176
gbr,sex_t,age_ythadult_yge15,geo_cov_rur,2013,6.742
gbr,sex_t,age_ythadult_yge15,geo_cov_rur,2014,5.947
gbr,sex_t,age_ythadult_yge15,geo_cov_rur,2015,5.389
gbr,sex_t,age_ythadult_yge15,geo_cov_rur,2016,5.364
gbr,sex_t,age_ythadult_yge15,geo_cov_rur,2017,4.772
gbr,sex_t,age_ythadult_yge15,geo_cov_rur,2018,4.491
gbr,sex_t,age_ythadult_yge15,geo_cov_rur,2019,3.995
gbr,sex_t,age_ythadult_yge15,geo_cov_urb,1998,9.57
gbr,sex_t,age_ythadult_yge15,geo_cov_urb,1999,9.219
gbr,sex_t,age_ythadult_yge15,geo_cov_urb,2000,8.603
gbr,sex_t,age_ythadult_yge15,geo_cov_urb,2001,7.534
gbr,sex_t,age_ythadult_yge15,geo_cov_urb,2002,7.875
gbr,sex_t,age_ythadult_yge15,geo_cov_urb,2003,7.699
gbr,sex_t,age_ythadult_yge15,geo_cov_urb,2004,7.45
gbr,sex_t,age_ythadult_yge15,geo_cov_urb,2005,7.481
gbr,sex_t,age_ythadult_yge15,geo_cov_urb,2006,8.398
gbr,sex_t,age_ythadult_yge15,geo_cov_urb,2007,8.302
gbr,sex_t,age_ythadult_yge15,geo_cov_urb,2008,8.009
gbr,sex_t,age_ythadult_yge15,geo_cov_urb,2009,10.191
gbr,sex_t,age_ythadult_yge15,geo_cov_urb,2010,10.564
gbr,sex_t,age_ythadult_yge15,geo_cov_urb,2011,10.763
gbr,sex_t,age_ythadult_yge15,geo_cov_urb,2012,10.59
gbr,sex_t,age_ythadult_yge15,geo_cov_urb,2013,10.086
gbr,sex_t,age_ythadult_yge15,geo_cov_urb,2014,8.52
gbr,sex_t,age_ythadult_yge15,geo_cov_urb,2015,7.551
gbr,sex_t,age_ythadult_yge15,geo_cov_urb,2016,7.042
gbr,sex_t,age_ythadult_yge15,geo_cov_urb,2017,6.397
gbr,sex_t,age_ythadult_yge15,geo_cov_urb,2018,5.994
gbr,sex_t,age_ythadult_yge15,geo_cov_urb,2019,5.687
gbr,sex_t,age_ythadult_yge15,geo_cov_x,1998,9.03
gbr,sex_t,age_ythadult_yge15,geo_cov_x,1999,15.606
gbr,sex_t,age_ythadult_yge15,geo_cov_x,2000,11.049
gbr,sex_t,age_ythadult_yge15,geo_cov_x,2001,9.428
gbr,sex_t,age_ythadult_yge15,geo_cov_x,2002,9.787
gbr,sex_t,age_ythadult_yge15,geo_cov_x,2003,8.448
gbr,sex_t,age_ythadult_yge15,geo_cov_x,2004,8.376
gbr,sex_t,age_ythadult_yge15,geo_cov_x,2005,8.198
gbr,sex_t,age_ythadult_yge25,geo_cov_nat,1998,7.863
gbr,sex_t,age_ythadult_yge25,geo_cov_nat,1999,7.543
gbr,sex_t,age_ythadult_yge25,geo_cov_nat,2000,6.99
gbr,sex_t,age_ythadult_yge25,geo_cov_nat,2001,6.095
gbr,sex_t,age_ythadult_yge25,geo_cov_nat,2002,6.333
gbr,sex_t,age_ythadult_yge25,geo_cov_nat,2003,5.848
gbr,sex_t,age_ythadult_yge25,geo_cov_nat,2004,5.595
gbr,sex_t,age_ythadult_yge25,geo_cov_nat,2005,5.471
gbr,sex_t,age_ythadult_yge25,geo_cov_nat,2006,5.965
gbr,sex_t,age_ythadult_yge25,geo_cov_nat,2007,5.752
gbr,sex_t,age_ythadult_yge25,geo_cov_nat,2008,5.679
gbr,sex_t,age_ythadult_yge25,geo_cov_nat,2009,7.37
gbr,sex_t,age_ythadult_yge25,geo_cov_nat,2010,7.674
gbr,sex_t,age_ythadult_yge25,geo_cov_nat,2011,7.738
gbr,sex_t,age_ythadult_yge25,geo_cov_nat,2012,7.539
gbr,sex_t,age_ythadult_yge25,geo_cov_nat,2013,7.11
gbr,sex_t,age_ythadult_yge25,geo_cov_nat,2014,6.042
gbr,sex_t,age_ythadult_yge25,geo_cov_nat,2015,5.476
gbr,sex_t,age_ythadult_yge25,geo_cov_nat,2016,5.182
gbr,sex_t,age_ythadult_yge25,geo_cov_nat,2017,4.68
gbr,sex_t,age_ythadult_yge25,geo_cov_nat,2018,4.389
gbr,sex_t,age_ythadult_yge25,geo_cov_nat,2019,4.036
gbr,sex_t,age_ythadult_yge25,geo_cov_rur,1998,7.001
gbr,sex_t,age_ythadult_yge25,geo_cov_rur,1999,6.85
gbr,sex_t,age_ythadult_yge25,geo_cov_rur,2000,5.455
gbr,sex_t,age_ythadult_yge25,geo_cov_rur,2001,5.112
gbr,sex_t,age_ythadult_yge25,geo_cov_rur,2002,4.912
gbr,sex_t,age_ythadult_yge25,geo_cov_rur,2003,4.546
gbr,sex_t,age_ythadult_yge25,geo_cov_rur,2004,4.177
gbr,sex_t,age_ythadult_yge25,geo_cov_rur,2005,4.25
gbr,sex_t,age_ythadult_yge25,geo_cov_rur,2006,4.482
gbr,sex_t,age_ythadult_yge25,geo_cov_rur,2007,4.255
gbr,sex_t,age_ythadult_yge25,geo_cov_rur,2008,4.022
gbr,sex_t,age_ythadult_yge25,geo_cov_rur,2009,5.578
gbr,sex_t,age_ythadult_yge25,geo_cov_rur,2010,5.454
gbr,sex_t,age_ythadult_yge25,geo_cov_rur,2011,6.125
gbr,sex_t,age_ythadult_yge25,geo_cov_rur,2012,5.464
gbr,sex_t,age_ythadult_yge25,geo_cov_rur,2013,4.74
gbr,sex_t,age_ythadult_yge25,geo_cov_rur,2014,4.32
gbr,sex_t,age_ythadult_yge25,geo_cov_rur,2015,3.998
gbr,sex_t,age_ythadult_yge25,geo_cov_rur,2016,3.916
gbr,sex_t,age_ythadult_yge25,geo_cov_rur,2017,3.686
gbr,sex_t,age_ythadult_yge25,geo_cov_rur,2018,3.753
gbr,sex_t,age_ythadult_yge25,geo_cov_rur,2019,3.01
gbr,sex_t,age_ythadult_yge25,geo_cov_urb,1998,7.974
gbr,sex_t,age_ythadult_yge25,geo_cov_urb,1999,7.63
gbr,sex_t,age_ythadult_yge25,geo_cov_urb,2000,7.035
gbr,sex_t,age_ythadult_yge25,geo_cov_urb,2001,6.106
gbr,sex_t,age_ythadult_yge25,geo_cov_urb,2002,6.392
gbr,sex_t,age_ythadult_yge25,geo_cov_urb,2003,6.014
gbr,sex_t,age_ythadult_yge25,geo_cov_urb,2004,5.742
gbr,sex_t,age_ythadult_yge25,geo_cov_urb,2005,5.586
gbr,sex_t,age_ythadult_yge25,geo_cov_urb,2006,6.239
gbr,sex_t,age_ythadult_yge25,geo_cov_urb,2007,6.031
gbr,sex_t,age_ythadult_yge25,geo_cov_urb,2008,5.922
gbr,sex_t,age_ythadult_yge25,geo_cov_urb,2009,7.708
gbr,sex_t,age_ythadult_yge25,geo_cov_urb,2010,8.078
gbr,sex_t,age_ythadult_yge25,geo_cov_urb,2011,8.036
gbr,sex_t,age_ythadult_yge25,geo_cov_urb,2012,7.845
gbr,sex_t,age_ythadult_yge25,geo_cov_urb,2013,7.48
gbr,sex_t,age_ythadult_yge25,geo_cov_urb,2014,6.305
gbr,sex_t,age_ythadult_yge25,geo_cov_urb,2015,5.696
gbr,sex_t,age_ythadult_yge25,geo_cov_urb,2016,5.371
gbr,sex_t,age_ythadult_yge25,geo_cov_urb,2017,4.824
gbr,sex_t,age_ythadult_yge25,geo_cov_urb,2018,4.481
gbr,sex_t,age_ythadult_yge25,geo_cov_urb,2019,4.185
gbr,sex_t,age_ythadult_yge25,geo_cov_x,1998,7.952
gbr,sex_t,age_ythadult_yge25,geo_cov_x,1999,9.938
gbr,sex_t,age_ythadult_yge25,geo_cov_x,2000,9.108
gbr,sex_t,age_ythadult_yge25,geo_cov_x,2001,7.549
gbr,sex_t,age_ythadult_yge25,geo_cov_x,2002,8.106
gbr,sex_t,age_ythadult_yge25,geo_cov_x,2003,6.531
gbr,sex_t,age_ythadult_yge25,geo_cov_x,2004,6.635
gbr,sex_t,age_ythadult_yge25,geo_cov_x,2005,6.442
geo,sex_f,age_aggregate_total,geo_cov_nat,2019,15.959
geo,sex_f,age_aggregate_total,geo_cov_nat,2020,19.786
geo,sex_f,age_aggregate_total,geo_cov_nat,2021,25.203
geo,sex_f,age_aggregate_total,geo_cov_nat,2022,23.715
geo,sex_f,age_aggregate_total,geo_cov_nat,2023,20.753
geo,sex_f,age_aggregate_total,geo_cov_nat,2024,18.054
geo,sex_f,age_aggregate_total,geo_cov_rur,2019,7.636
geo,sex_f,age_aggregate_total,geo_cov_rur,2020,8.528
geo,sex_f,age_aggregate_total,geo_cov_rur,2021,9.905
geo,sex_f,age_aggregate_total,geo_cov_rur,2022,9.443
geo,sex_f,age_aggregate_total,geo_cov_rur,2023,8.424
geo,sex_f,age_aggregate_total,geo_cov_rur,2024,7.896
geo,sex_f,age_aggregate_total,geo_cov_urb,2019,23.51
geo,sex_f,age_aggregate_total,geo_cov_urb,2020,29.322
geo,sex_f,age_aggregate_total,geo_cov_urb,2021,37.389
geo,sex_f,age_aggregate_total,geo_cov_urb,2022,34.842
geo,sex_f,age_aggregate_total,geo_cov_urb,2023,30.372
geo,sex_f,age_aggregate_total,geo_cov_urb,2024,25.995
geo,sex_f,age_aggregate_y15_24,geo_cov_nat,2019,41.851
geo,sex_f,age_aggregate_y15_24,geo_cov_nat,2020,48.923
geo,sex_f,age_aggregate_y15_24,geo_cov_nat,2021,55.373
geo,sex_f,age_aggregate_y15_24,geo_cov_nat,2022,56.828
geo,sex_f,age_aggregate_y15_24,geo_cov_nat,2023,50.146
geo,sex_f,age_aggregate_y15_24,geo_cov_nat,2024,42.291
geo,sex_f,age_aggregate_y15_24,geo_cov_rur,2019,37.893
geo,sex_f,age_aggregate_y15_24,geo_cov_rur,2020,41.081
geo,sex_f,age_aggregate_y15_24,geo_cov_rur,2021,43.919
geo,sex_f,age_aggregate_y15_24,geo_cov_rur,2022,47.924
geo,sex_f,age_aggregate_y15_24,geo_cov_rur,2023,40.479
geo,sex_f,age_aggregate_y15_24,geo_cov_rur,2024,40.17
geo,sex_f,age_aggregate_y15_24,geo_cov_urb,2019,43.958
geo,sex_f,age_aggregate_y15_24,geo_cov_urb,2020,52.613
geo,sex_f,age_aggregate_y15_24,geo_cov_urb,2021,60.929
geo,sex_f,age_aggregate_y15_24,geo_cov_urb,2022,61.26
geo,sex_f,age_aggregate_y15_24,geo_cov_urb,2023,54.549
geo,sex_f,age_aggregate_y15_24,geo_cov_urb,2024,43.232
geo,sex_f,age_aggregate_y25_54,geo_cov_nat,2019,17.686
geo,sex_f,age_aggregate_y25_54,geo_cov_nat,2020,21.654
geo,sex_f,age_aggregate_y25_54,geo_cov_nat,2021,27.561
geo,sex_f,age_aggregate_y25_54,geo_cov_nat,2022,25.946
geo,sex_f,age_aggregate_y25_54,geo_cov_nat,2023,23.325
geo,sex_f,age_aggregate_y25_54,geo_cov_nat,2024,20.591
geo,sex_f,age_aggregate_y25_54,geo_cov_rur,2019,9.565
geo,sex_f,age_aggregate_y25_54,geo_cov_rur,2020,11.173
geo,sex_f,age_aggregate_y25_54,geo_cov_rur,2021,13.229
geo,sex_f,age_aggregate_y25_54,geo_cov_rur,2022,12.484
geo,sex_f,age_aggregate_y25_54,geo_cov_rur,2023,12.004
geo,sex_f,age_aggregate_y25_54,geo_cov_rur,2024,11.479
geo,sex_f,age_aggregate_y25_54,geo_cov_urb,2019,23.535
geo,sex_f,age_aggregate_y25_54,geo_cov_urb,2020,28.539
geo,sex_f,age_aggregate_y25_54,geo_cov_urb,2021,36.415
geo,sex_f,age_aggregate_y25_54,geo_cov_urb,2022,33.998
geo,sex_f,age_aggregate_y25_54,geo_cov_urb,2023,30.014
geo,sex_f,age_aggregate_y25_54,geo_cov_urb,2024,25.769
geo,sex_f,age_aggregate_y55_64,geo_cov_nat,2019,10.816
geo,sex_f,age_aggregate_y55_64,geo_cov_nat,2020,13.543
geo,sex_f,age_aggregate_y55_64,geo_cov_nat,2021,18.679
geo,sex_f,age_aggregate_y55_64,geo_cov_nat,2022,18.062
geo,sex_f,age_aggregate_y55_64,geo_cov_nat,2023,15.846
geo,sex_f,age_aggregate_y55_64,geo_cov_nat,2024,14.938
geo,sex_f,age_aggregate_y55_64,geo_cov_rur,2019,2.898
geo,sex_f,age_aggregate_y55_64,geo_cov_rur,2020,3.336
geo,sex_f,age_aggregate_y55_64,geo_cov_rur,2021,3.213
geo,sex_f,age_aggregate_y55_64,geo_cov_rur,2022,2.372
geo,sex_f,age_aggregate_y55_64,geo_cov_rur,2023,2.897
geo,sex_f,age_aggregate_y55_64,geo_cov_rur,2024,2.74
geo,sex_f,age_aggregate_y55_64,geo_cov_urb,2019,19.685
geo,sex_f,age_aggregate_y55_64,geo_cov_urb,2020,24.997
geo,sex_f,age_aggregate_y55_64,geo_cov_urb,2021,34.048
geo,sex_f,age_aggregate_y55_64,geo_cov_urb,2022,33.003
geo,sex_f,age_aggregate_y55_64,geo_cov_urb,2023,28.201
geo,sex_f,age_aggregate_y55_64,geo_cov_urb,2024,27.228
geo,sex_f,age_aggregate_yge65,geo_cov_nat,2019,4.421
geo,sex_f,age_aggregate_yge65,geo_cov_nat,2020,7.511
geo,sex_f,age_aggregate_yge65,geo_cov_nat,2021,8.736
geo,sex_f,age_aggregate_yge65,geo_cov_nat,2022,7.652
geo,sex_f,age_aggregate_yge65,geo_cov_nat,2023,7.337
geo,sex_f,age_aggregate_yge65,geo_cov_nat,2024,5.292
geo,sex_f,age_aggregate_yge65,geo_cov_rur,2019,1.069
geo,sex_f,age_aggregate_yge65,geo_cov_rur,2020,0.805
geo,sex_f,age_aggregate_yge65,geo_cov_rur,2021,0.406
geo,sex_f,age_aggregate_yge65,geo_cov_rur,2022,0.936
geo,sex_f,age_aggregate_yge65,geo_cov_rur,2023,0.957
geo,sex_f,age_aggregate_yge65,geo_cov_rur,2024,0.838
geo,sex_f,age_aggregate_yge65,geo_cov_urb,2019,11.78
geo,sex_f,age_aggregate_yge65,geo_cov_urb,2020,20.552
geo,sex_f,age_aggregate_yge65,geo_cov_urb,2021,25.124
geo,sex_f,age_aggregate_yge65,geo_cov_urb,2022,20.038
geo,sex_f,age_aggregate_yge65,geo_cov_urb,2023,18.465
geo,sex_f,age_aggregate_yge65,geo_cov_urb,2024,13.197
geo,sex_f,age_ythadult_y15_24,geo_cov_nat,2019,41.851
geo,sex_f,age_ythadult_y15_24,geo_cov_nat,2020,48.923
geo,sex_f,age_ythadult_y15_24,geo_cov_nat,2021,55.373
geo,sex_f,age_ythadult_y15_24,geo_cov_nat,2022,56.828
geo,sex_f,age_ythadult_y15_24,geo_cov_nat,2023,50.146
geo,sex_f,age_ythadult_y15_24,geo_cov_nat,2024,42.291
geo,sex_f,age_ythadult_y15_24,geo_cov_rur,2019,37.893
geo,sex_f,age_ythadult_y15_24,geo_cov_rur,2020,41.081
geo,sex_f,age_ythadult_y15_24,geo_cov_rur,2021,43.919
geo,sex_f,age_ythadult_y15_24,geo_cov_rur,2022,47.924
geo,sex_f,age_ythadult_y15_24,geo_cov_rur,2023,40.479
geo,sex_f,age_ythadult_y15_24,geo_cov_rur,2024,40.17
geo,sex_f,age_ythadult_y15_24,geo_cov_urb,2019,43.958
geo,sex_f,age_ythadult_y15_24,geo_cov_urb,2020,52.613
geo,sex_f,age_ythadult_y15_24,geo_cov_urb,2021,60.929
geo,sex_f,age_ythadult_y15_24,geo_cov_urb,2022,61.26
geo,sex_f,age_ythadult_y15_24,geo_cov_urb,2023,54.549
geo,sex_f,age_ythadult_y15_24,geo_cov_urb,2024,43.232
geo,sex_f,age_ythadult_y15_64,geo_cov_nat,2019,17.918
geo,sex_f,age_ythadult_y15_64,geo_cov_nat,2020,21.981
geo,sex_f,age_ythadult_y15_64,geo_cov_nat,2021,28.115
geo,sex_f,age_ythadult_y15_64,geo_cov_nat,2022,26.729
geo,sex_f,age_ythadult_y15_64,geo_cov_nat,2023,23.578
geo,sex_f,age_ythadult_y15_64,geo_cov_nat,2024,20.949
geo,sex_f,age_ythadult_y15_64,geo_cov_rur,2019,9.378
geo,sex_f,age_ythadult_y15_64,geo_cov_rur,2020,10.687
geo,sex_f,age_ythadult_y15_64,geo_cov_rur,2021,12.658
geo,sex_f,age_ythadult_y15_64,geo_cov_rur,2022,12.039
geo,sex_f,age_ythadult_y15_64,geo_cov_rur,2023,10.943
geo,sex_f,age_ythadult_y15_64,geo_cov_rur,2024,10.5
geo,sex_f,age_ythadult_y15_64,geo_cov_urb,2019,24.622
geo,sex_f,age_ythadult_y15_64,geo_cov_urb,2020,30.244
geo,sex_f,age_ythadult_y15_64,geo_cov_urb,2021,38.617
geo,sex_f,age_ythadult_y15_64,geo_cov_urb,2022,36.466
geo,sex_f,age_ythadult_y15_64,geo_cov_urb,2023,31.887
geo,sex_f,age_ythadult_y15_64,geo_cov_urb,2024,27.719
geo,sex_f,age_ythadult_yge15,geo_cov_nat,2019,15.959
geo,sex_f,age_ythadult_yge15,geo_cov_nat,2020,19.786
geo,sex_f,age_ythadult_yge15,geo_cov_nat,2021,25.203
geo,sex_f,age_ythadult_yge15,geo_cov_nat,2022,23.715
geo,sex_f,age_ythadult_yge15,geo_cov_nat,2023,20.753
geo,sex_f,age_ythadult_yge15,geo_cov_nat,2024,18.054
geo,sex_f,age_ythadult_yge15,geo_cov_rur,2019,7.636
geo,sex_f,age_ythadult_yge15,geo_cov_rur,2020,8.528
geo,sex_f,age_ythadult_yge15,geo_cov_rur,2021,9.905
geo,sex_f,age_ythadult_yge15,geo_cov_rur,2022,9.443
geo,sex_f,age_ythadult_yge15,geo_cov_rur,2023,8.424
geo,sex_f,age_ythadult_yge15,geo_cov_rur,2024,7.896
geo,sex_f,age_ythadult_yge15,geo_cov_urb,2019,23.51
geo,sex_f,age_ythadult_yge15,geo_cov_urb,2020,29.322
geo,sex_f,age_ythadult_yge15,geo_cov_urb,2021,37.389
geo,sex_f,age_ythadult_yge15,geo_cov_urb,2022,34.842
geo,sex_f,age_ythadult_yge15,geo_cov_urb,2023,30.372
geo,sex_f,age_ythadult_yge15,geo_cov_urb,2024,25.995
geo,sex_f,age_ythadult_yge25,geo_cov_nat,2019,14.085
geo,sex_f,age_ythadult_yge25,geo_cov_nat,2020,17.514
geo,sex_f,age_ythadult_yge25,geo_cov_nat,2021,22.501
geo,sex_f,age_ythadult_yge25,geo_cov_nat,2022,21.051
geo,sex_f,age_ythadult_yge25,geo_cov_nat,2023,18.64
geo,sex_f,age_ythadult_yge25,geo_cov_nat,2024,16.305
geo,sex_f,age_ythadult_yge25,geo_cov_rur,2019,6.067
geo,sex_f,age_ythadult_yge25,geo_cov_rur,2020,6.799
geo,sex_f,age_ythadult_yge25,geo_cov_rur,2021,7.713
geo,sex_f,age_ythadult_yge25,geo_cov_rur,2022,7.139
geo,sex_f,age_ythadult_yge25,geo_cov_rur,2023,6.811
geo,sex_f,age_ythadult_yge25,geo_cov_rur,2024,6.3
geo,sex_f,age_ythadult_yge25,geo_cov_urb,2019,21.635
geo,sex_f,age_ythadult_yge25,geo_cov_urb,2020,26.994
geo,sex_f,age_ythadult_yge25,geo_cov_urb,2021,34.79
geo,sex_f,age_ythadult_yge25,geo_cov_urb,2022,32.277
geo,sex_f,age_ythadult_yge25,geo_cov_urb,2023,28.211
geo,sex_f,age_ythadult_yge25,geo_cov_urb,2024,24.433
geo,sex_m,age_aggregate_total,geo_cov_nat,2019,17.256
geo,sex_m,age_aggregate_total,geo_cov_nat,2020,20.072
geo,sex_m,age_aggregate_total,geo_cov_nat,2021,22.28
geo,sex_m,age_aggregate_total,geo_cov_nat,2022,20.239
geo,sex_m,age_aggregate_total,geo_cov_nat,2023,18.502
geo,sex_m,age_aggregate_total,geo_cov_nat,2024,16.911
geo,sex_m,age_aggregate_total,geo_cov_rur,2019,8.889
geo,sex_m,age_aggregate_total,geo_cov_rur,2020,9.372
geo,sex_m,age_aggregate_total,geo_cov_rur,2021,9.011
geo,sex_m,age_aggregate_total,geo_cov_rur,2022,8.945
geo,sex_m,age_aggregate_total,geo_cov_rur,2023,8.323
geo,sex_m,age_aggregate_total,geo_cov_rur,2024,7.192
geo,sex_m,age_aggregate_total,geo_cov_urb,2019,25.064
geo,sex_m,age_aggregate_total,geo_cov_urb,2020,29.917
geo,sex_m,age_aggregate_total,geo_cov_urb,2021,34.299
geo,sex_m,age_aggregate_total,geo_cov_urb,2022,30.342
geo,sex_m,age_aggregate_total,geo_cov_urb,2023,27.421
geo,sex_m,age_aggregate_total,geo_cov_urb,2024,25.338
geo,sex_m,age_aggregate_y15_24,geo_cov_nat,2019,35.811
geo,sex_m,age_aggregate_y15_24,geo_cov_nat,2020,42.135
geo,sex_m,age_aggregate_y15_24,geo_cov_nat,2021,45.784
geo,sex_m,age_aggregate_y15_24,geo_cov_nat,2022,45.775
geo,sex_m,age_aggregate_y15_24,geo_cov_nat,2023,41.108
geo,sex_m,age_aggregate_y15_24,geo_cov_nat,2024,38.594
geo,sex_m,age_aggregate_y15_24,geo_cov_rur,2019,25.442
geo,sex_m,age_aggregate_y15_24,geo_cov_rur,2020,24.99
geo,sex_m,age_aggregate_y15_24,geo_cov_rur,2021,28.678
geo,sex_m,age_aggregate_y15_24,geo_cov_rur,2022,29.706
geo,sex_m,age_aggregate_y15_24,geo_cov_rur,2023,26.445
geo,sex_m,age_aggregate_y15_24,geo_cov_rur,2024,23.879
geo,sex_m,age_aggregate_y15_24,geo_cov_urb,2019,45.511
geo,sex_m,age_aggregate_y15_24,geo_cov_urb,2020,55.309
geo,sex_m,age_aggregate_y15_24,geo_cov_urb,2021,60.664
geo,sex_m,age_aggregate_y15_24,geo_cov_urb,2022,58.655
geo,sex_m,age_aggregate_y15_24,geo_cov_urb,2023,52.234
geo,sex_m,age_aggregate_y15_24,geo_cov_urb,2024,49.227
geo,sex_m,age_aggregate_y25_54,geo_cov_nat,2019,17.204
geo,sex_m,age_aggregate_y25_54,geo_cov_nat,2020,19.94
geo,sex_m,age_aggregate_y25_54,geo_cov_nat,2021,22.248
geo,sex_m,age_aggregate_y25_54,geo_cov_nat,2022,20.157
geo,sex_m,age_aggregate_y25_54,geo_cov_nat,2023,19.222
geo,sex_m,age_aggregate_y25_54,geo_cov_nat,2024,16.977
geo,sex_m,age_aggregate_y25_54,geo_cov_rur,2019,9.74
geo,sex_m,age_aggregate_y25_54,geo_cov_rur,2020,10.628
geo,sex_m,age_aggregate_y25_54,geo_cov_rur,2021,9.818
geo,sex_m,age_aggregate_y25_54,geo_cov_rur,2022,9.599
geo,sex_m,age_aggregate_y25_54,geo_cov_rur,2023,9.843
geo,sex_m,age_aggregate_y25_54,geo_cov_rur,2024,8.283
geo,sex_m,age_aggregate_y25_54,geo_cov_urb,2019,23.108
geo,sex_m,age_aggregate_y25_54,geo_cov_urb,2020,27.563
geo,sex_m,age_aggregate_y25_54,geo_cov_urb,2021,31.92
geo,sex_m,age_aggregate_y25_54,geo_cov_urb,2022,28.292
geo,sex_m,age_aggregate_y25_54,geo_cov_urb,2023,26.122
geo,sex_m,age_aggregate_y25_54,geo_cov_urb,2024,23.207
geo,sex_m,age_aggregate_y55_64,geo_cov_nat,2019,13.135
geo,sex_m,age_aggregate_y55_64,geo_cov_nat,2020,14.761
geo,sex_m,age_aggregate_y55_64,geo_cov_nat,2021,17.192
geo,sex_m,age_aggregate_y55_64,geo_cov_nat,2022,15.628
geo,sex_m,age_aggregate_y55_64,geo_cov_nat,2023,13.745
geo,sex_m,age_aggregate_y55_64,geo_cov_nat,2024,12.589
geo,sex_m,age_aggregate_y55_64,geo_cov_rur,2019,3.848
geo,sex_m,age_aggregate_y55_64,geo_cov_rur,2020,4.344
geo,sex_m,age_aggregate_y55_64,geo_cov_rur,2021,3.146
geo,sex_m,age_aggregate_y55_64,geo_cov_rur,2022,3.863
geo,sex_m,age_aggregate_y55_64,geo_cov_rur,2023,3.047
geo,sex_m,age_aggregate_y55_64,geo_cov_rur,2024,3.049
geo,sex_m,age_aggregate_y55_64,geo_cov_urb,2019,23.361
geo,sex_m,age_aggregate_y55_64,geo_cov_urb,2020,25.349
geo,sex_m,age_aggregate_y55_64,geo_cov_urb,2021,31.823
geo,sex_m,age_aggregate_y55_64,geo_cov_urb,2022,27.474
geo,sex_m,age_aggregate_y55_64,geo_cov_urb,2023,24.525
geo,sex_m,age_aggregate_y55_64,geo_cov_urb,2024,22.679
geo,sex_m,age_aggregate_yge65,geo_cov_nat,2019,7.173
geo,sex_m,age_aggregate_yge65,geo_cov_nat,2020,9.448
geo,sex_m,age_aggregate_yge65,geo_cov_nat,2021,10.249
geo,sex_m,age_aggregate_yge65,geo_cov_nat,2022,7.373
geo,sex_m,age_aggregate_yge65,geo_cov_nat,2023,6.461
geo,sex_m,age_aggregate_yge65,geo_cov_nat,2024,7.683
geo,sex_m,age_aggregate_yge65,geo_cov_rur,2019,0.882
geo,sex_m,age_aggregate_yge65,geo_cov_rur,2020,1.517
geo,sex_m,age_aggregate_yge65,geo_cov_rur,2021,0.981
geo,sex_m,age_aggregate_yge65,geo_cov_rur,2022,1.096
geo,sex_m,age_aggregate_yge65,geo_cov_rur,2023,1.157
geo,sex_m,age_aggregate_yge65,geo_cov_rur,2024,1.154
geo,sex_m,age_aggregate_yge65,geo_cov_urb,2019,18.428
geo,sex_m,age_aggregate_yge65,geo_cov_urb,2020,22.829
geo,sex_m,age_aggregate_yge65,geo_cov_urb,2021,24.759
geo,sex_m,age_aggregate_yge65,geo_cov_urb,2022,17.421
geo,sex_m,age_aggregate_yge65,geo_cov_urb,2023,15.253
geo,sex_m,age_aggregate_yge65,geo_cov_urb,2024,18.039
geo,sex_m,age_ythadult_y15_24,geo_cov_nat,2019,35.811
geo,sex_m,age_ythadult_y15_24,geo_cov_nat,2020,42.135
geo,sex_m,age_ythadult_y15_24,geo_cov_nat,2021,45.784
geo,sex_m,age_ythadult_y15_24,geo_cov_nat,2022,45.775
geo,sex_m,age_ythadult_y15_24,geo_cov_nat,2023,41.108
geo,sex_m,age_ythadult_y15_24,geo_cov_nat,2024,38.594
geo,sex_m,age_ythadult_y15_24,geo_cov_rur,2019,25.442
geo,sex_m,age_ythadult_y15_24,geo_cov_rur,2020,24.99
geo,sex_m,age_ythadult_y15_24,geo_cov_rur,2021,28.678
geo,sex_m,age_ythadult_y15_24,geo_cov_rur,2022,29.706
geo,sex_m,age_ythadult_y15_24,geo_cov_rur,2023,26.445
geo,sex_m,age_ythadult_y15_24,geo_cov_rur,2024,23.879
geo,sex_m,age_ythadult_y15_24,geo_cov_urb,2019,45.511
geo,sex_m,age_ythadult_y15_24,geo_cov_urb,2020,55.309
geo,sex_m,age_ythadult_y15_24,geo_cov_urb,2021,60.664
geo,sex_m,age_ythadult_y15_24,geo_cov_urb,2022,58.655
geo,sex_m,age_ythadult_y15_24,geo_cov_urb,2023,52.234
geo,sex_m,age_ythadult_y15_24,geo_cov_urb,2024,49.227
geo,sex_m,age_ythadult_y15_64,geo_cov_nat,2019,18.505
geo,sex_m,age_ythadult_y15_64,geo_cov_nat,2020,21.481
geo,sex_m,age_ythadult_y15_64,geo_cov_nat,2021,23.976
geo,sex_m,age_ythadult_y15_64,geo_cov_nat,2022,22.208
geo,sex_m,age_ythadult_y15_64,geo_cov_nat,2023,20.462
geo,sex_m,age_ythadult_y15_64,geo_cov_nat,2024,18.453
geo,sex_m,age_ythadult_y15_64,geo_cov_rur,2019,10.262
geo,sex_m,age_ythadult_y15_64,geo_cov_rur,2020,10.796
geo,sex_m,age_ythadult_y15_64,geo_cov_rur,2021,10.525
geo,sex_m,age_ythadult_y15_64,geo_cov_rur,2022,10.587
geo,sex_m,age_ythadult_y15_64,geo_cov_rur,2023,9.971
geo,sex_m,age_ythadult_y15_64,geo_cov_rur,2024,8.6
geo,sex_m,age_ythadult_y15_64,geo_cov_urb,2019,25.613
geo,sex_m,age_ythadult_y15_64,geo_cov_urb,2020,30.564
geo,sex_m,age_ythadult_y15_64,geo_cov_urb,2021,35.263
geo,sex_m,age_ythadult_y15_64,geo_cov_urb,2022,31.725
geo,sex_m,age_ythadult_y15_64,geo_cov_urb,2023,28.756
geo,sex_m,age_ythadult_y15_64,geo_cov_urb,2024,26.18
geo,sex_m,age_ythadult_yge15,geo_cov_nat,2019,17.256
geo,sex_m,age_ythadult_yge15,geo_cov_nat,2020,20.072
geo,sex_m,age_ythadult_yge15,geo_cov_nat,2021,22.28
geo,sex_m,age_ythadult_yge15,geo_cov_nat,2022,20.239
geo,sex_m,age_ythadult_yge15,geo_cov_nat,2023,18.502
geo,sex_m,age_ythadult_yge15,geo_cov_nat,2024,16.911
geo,sex_m,age_ythadult_yge15,geo_cov_rur,2019,8.889
geo,sex_m,age_ythadult_yge15,geo_cov_rur,2020,9.372
geo,sex_m,age_ythadult_yge15,geo_cov_rur,2021,9.011
geo,sex_m,age_ythadult_yge15,geo_cov_rur,2022,8.945
geo,sex_m,age_ythadult_yge15,geo_cov_rur,2023,8.323
geo,sex_m,age_ythadult_yge15,geo_cov_rur,2024,7.192
geo,sex_m,age_ythadult_yge15,geo_cov_urb,2019,25.064
geo,sex_m,age_ythadult_yge15,geo_cov_urb,2020,29.917
geo,sex_m,age_ythadult_yge15,geo_cov_urb,2021,34.299
geo,sex_m,age_ythadult_yge15,geo_cov_urb,2022,30.342
geo,sex_m,age_ythadult_yge15,geo_cov_urb,2023,27.421
geo,sex_m,age_ythadult_yge15,geo_cov_urb,2024,25.338
geo,sex_m,age_ythadult_yge25,geo_cov_nat,2019,15.159
geo,sex_m,age_ythadult_yge25,geo_cov_nat,2020,17.507
geo,sex_m,age_ythadult_yge25,geo_cov_nat,2021,19.546
geo,sex_m,age_ythadult_yge25,geo_cov_nat,2022,17.354
geo,sex_m,age_ythadult_yge25,geo_cov_nat,2023,16.124
geo,sex_m,age_ythadult_yge25,geo_cov_nat,2024,14.561
geo,sex_m,age_ythadult_yge25,geo_cov_rur,2019,7.015
geo,sex_m,age_ythadult_yge25,geo_cov_rur,2020,7.744
geo,sex_m,age_ythadult_yge25,geo_cov_rur,2021,6.777
geo,sex_m,age_ythadult_yge25,geo_cov_rur,2022,6.749
geo,sex_m,age_ythadult_yge25,geo_cov_rur,2023,6.577
geo,sex_m,age_ythadult_yge25,geo_cov_rur,2024,5.575
geo,sex_m,age_ythadult_yge25,geo_cov_urb,2019,22.756
geo,sex_m,age_ythadult_yge25,geo_cov_urb,2020,26.68
geo,sex_m,age_ythadult_yge25,geo_cov_urb,2021,31.166
geo,sex_m,age_ythadult_yge25,geo_cov_urb,2022,26.958
geo,sex_m,age_ythadult_yge25,geo_cov_urb,2023,24.618
geo,sex_m,age_ythadult_yge25,geo_cov_urb,2024,22.506
geo,sex_t,age_aggregate_total,geo_cov_nat,2019,16.65
geo,sex_t,age_aggregate_total,geo_cov_nat,2020,19.937
geo,sex_t,age_aggregate_total,geo_cov_nat,2021,23.698
geo,sex_t,age_aggregate_total,geo_cov_nat,2022,21.932
geo,sex_t,age_aggregate_total,geo_cov_nat,2023,19.594
geo,sex_t,age_aggregate_total,geo_cov_nat,2024,17.468
geo,sex_t,age_aggregate_total,geo_cov_rur,2019,8.308
geo,sex_t,age_aggregate_total,geo_cov_rur,2020,8.984
geo,sex_t,age_aggregate_total,geo_cov_rur,2021,9.429
geo,sex_t,age_aggregate_total,geo_cov_rur,2022,9.178
geo,sex_t,age_aggregate_total,geo_cov_rur,2023,8.37
geo,sex_t,age_aggregate_total,geo_cov_rur,2024,7.525
geo,sex_t,age_aggregate_total,geo_cov_urb,2019,24.333
geo,sex_t,age_aggregate_total,geo_cov_urb,2020,29.631
geo,sex_t,age_aggregate_total,geo_cov_urb,2021,35.844
geo,sex_t,age_aggregate_total,geo_cov_urb,2022,32.604
geo,sex_t,age_aggregate_total,geo_cov_urb,2023,28.892
geo,sex_t,age_aggregate_total,geo_cov_urb,2024,25.666
geo,sex_t,age_aggregate_y15_24,geo_cov_nat,2019,38.035
geo,sex_t,age_aggregate_y15_24,geo_cov_nat,2020,44.728
geo,sex_t,age_aggregate_y15_24,geo_cov_nat,2021,49.872
geo,sex_t,age_aggregate_y15_24,geo_cov_nat,2022,50.313
geo,sex_t,age_aggregate_y15_24,geo_cov_nat,2023,44.717
geo,sex_t,age_aggregate_y15_24,geo_cov_nat,2024,40.057
geo,sex_t,age_aggregate_y15_24,geo_cov_rur,2019,29.119
geo,sex_t,age_aggregate_y15_24,geo_cov_rur,2020,30.024
geo,sex_t,age_aggregate_y15_24,geo_cov_rur,2021,33.904
geo,sex_t,age_aggregate_y15_24,geo_cov_rur,2022,35.94
geo,sex_t,age_aggregate_y15_24,geo_cov_rur,2023,31.01
geo,sex_t,age_aggregate_y15_24,geo_cov_rur,2024,29.158
geo,sex_t,age_aggregate_y15_24,geo_cov_urb,2019,44.853
geo,sex_t,age_aggregate_y15_24,geo_cov_urb,2020,54.16
geo,sex_t,age_aggregate_y15_24,geo_cov_urb,2021,60.792
geo,sex_t,age_aggregate_y15_24,geo_cov_urb,2022,59.843
geo,sex_t,age_aggregate_y15_24,geo_cov_urb,2023,53.266
geo,sex_t,age_aggregate_y15_24,geo_cov_urb,2024,46.597
geo,sex_t,age_aggregate_y25_54,geo_cov_nat,2019,17.423
geo,sex_t,age_aggregate_y25_54,geo_cov_nat,2020,20.727
geo,sex_t,age_aggregate_y25_54,geo_cov_nat,2021,24.772
geo,sex_t,age_aggregate_y25_54,geo_cov_nat,2022,22.914
geo,sex_t,age_aggregate_y25_54,geo_cov_nat,2023,21.153
geo,sex_t,age_aggregate_y25_54,geo_cov_nat,2024,18.699
geo,sex_t,age_aggregate_y25_54,geo_cov_rur,2019,9.663
geo,sex_t,age_aggregate_y25_54,geo_cov_rur,2020,10.861
geo,sex_t,age_aggregate_y25_54,geo_cov_rur,2021,11.323
geo,sex_t,age_aggregate_y25_54,geo_cov_rur,2022,10.866
geo,sex_t,age_aggregate_y25_54,geo_cov_rur,2023,10.789
geo,sex_t,age_aggregate_y25_54,geo_cov_rur,2024,9.693
geo,sex_t,age_aggregate_y25_54,geo_cov_urb,2019,23.306
geo,sex_t,age_aggregate_y25_54,geo_cov_urb,2020,28.034
geo,sex_t,age_aggregate_y25_54,geo_cov_urb,2021,34.161
geo,sex_t,age_aggregate_y25_54,geo_cov_urb,2022,31.155
geo,sex_t,age_aggregate_y25_54,geo_cov_urb,2023,28.038
geo,sex_t,age_aggregate_y25_54,geo_cov_urb,2024,24.486
geo,sex_t,age_aggregate_y55_64,geo_cov_nat,2019,11.966
geo,sex_t,age_aggregate_y55_64,geo_cov_nat,2020,14.148
geo,sex_t,age_aggregate_y55_64,geo_cov_nat,2021,17.95
geo,sex_t,age_aggregate_y55_64,geo_cov_nat,2022,16.897
geo,sex_t,age_aggregate_y55_64,geo_cov_nat,2023,14.836
geo,sex_t,age_aggregate_y55_64,geo_cov_nat,2024,13.773
geo,sex_t,age_aggregate_y55_64,geo_cov_rur,2019,3.367
geo,sex_t,age_aggregate_y55_64,geo_cov_rur,2020,3.825
geo,sex_t,age_aggregate_y55_64,geo_cov_rur,2021,3.18
geo,sex_t,age_aggregate_y55_64,geo_cov_rur,2022,3.096
geo,sex_t,age_aggregate_y55_64,geo_cov_rur,2023,2.97
geo,sex_t,age_aggregate_y55_64,geo_cov_rur,2024,2.895
geo,sex_t,age_aggregate_y55_64,geo_cov_urb,2019,21.516
geo,sex_t,age_aggregate_y55_64,geo_cov_urb,2020,25.176
geo,sex_t,age_aggregate_y55_64,geo_cov_urb,2021,32.969
geo,sex_t,age_aggregate_y55_64,geo_cov_urb,2022,30.394
geo,sex_t,age_aggregate_y55_64,geo_cov_urb,2023,26.459
geo,sex_t,age_aggregate_y55_64,geo_cov_urb,2024,25
geo,sex_t,age_aggregate_yge65,geo_cov_nat,2019,5.698
geo,sex_t,age_aggregate_yge65,geo_cov_nat,2020,8.411
geo,sex_t,age_aggregate_yge65,geo_cov_nat,2021,9.441
geo,sex_t,age_aggregate_yge65,geo_cov_nat,2022,7.521
geo,sex_t,age_aggregate_yge65,geo_cov_nat,2023,6.934
geo,sex_t,age_aggregate_yge65,geo_cov_nat,2024,6.365
geo,sex_t,age_aggregate_yge65,geo_cov_rur,2019,0.986
geo,sex_t,age_aggregate_yge65,geo_cov_rur,2020,1.127
geo,sex_t,age_aggregate_yge65,geo_cov_rur,2021,0.662
geo,sex_t,age_aggregate_yge65,geo_cov_rur,2022,1.009
geo,sex_t,age_aggregate_yge65,geo_cov_rur,2023,1.048
geo,sex_t,age_aggregate_yge65,geo_cov_rur,2024,0.976
geo,sex_t,age_aggregate_yge65,geo_cov_urb,2019,15.091
geo,sex_t,age_aggregate_yge65,geo_cov_urb,2020,21.661
geo,sex_t,age_aggregate_yge65,geo_cov_urb,2021,24.94
geo,sex_t,age_aggregate_yge65,geo_cov_urb,2022,18.751
geo,sex_t,age_aggregate_yge65,geo_cov_urb,2023,16.96
geo,sex_t,age_aggregate_yge65,geo_cov_urb,2024,15.455
geo,sex_t,age_ythadult_y15_24,geo_cov_nat,2019,38.035
geo,sex_t,age_ythadult_y15_24,geo_cov_nat,2020,44.728
geo,sex_t,age_ythadult_y15_24,geo_cov_nat,2021,49.872
geo,sex_t,age_ythadult_y15_24,geo_cov_nat,2022,50.313
geo,sex_t,age_ythadult_y15_24,geo_cov_nat,2023,44.717
geo,sex_t,age_ythadult_y15_24,geo_cov_nat,2024,40.057
geo,sex_t,age_ythadult_y15_24,geo_cov_rur,2019,29.119
geo,sex_t,age_ythadult_y15_24,geo_cov_rur,2020,30.024
geo,sex_t,age_ythadult_y15_24,geo_cov_rur,2021,33.904
geo,sex_t,age_ythadult_y15_24,geo_cov_rur,2022,35.94
geo,sex_t,age_ythadult_y15_24,geo_cov_rur,2023,31.01
geo,sex_t,age_ythadult_y15_24,geo_cov_rur,2024,29.158
geo,sex_t,age_ythadult_y15_24,geo_cov_urb,2019,44.853
geo,sex_t,age_ythadult_y15_24,geo_cov_urb,2020,54.16
geo,sex_t,age_ythadult_y15_24,geo_cov_urb,2021,60.792
geo,sex_t,age_ythadult_y15_24,geo_cov_urb,2022,59.843
geo,sex_t,age_ythadult_y15_24,geo_cov_urb,2023,53.266
geo,sex_t,age_ythadult_y15_24,geo_cov_urb,2024,46.597
geo,sex_t,age_ythadult_y15_64,geo_cov_nat,2019,18.236
geo,sex_t,age_ythadult_y15_64,geo_cov_nat,2020,21.711
geo,sex_t,age_ythadult_y15_64,geo_cov_nat,2021,25.952
geo,sex_t,age_ythadult_y15_64,geo_cov_nat,2022,24.376
geo,sex_t,age_ythadult_y15_64,geo_cov_nat,2023,21.943
geo,sex_t,age_ythadult_y15_64,geo_cov_nat,2024,19.639
geo,sex_t,age_ythadult_y15_64,geo_cov_rur,2019,9.869
geo,sex_t,age_ythadult_y15_64,geo_cov_rur,2020,10.748
geo,sex_t,age_ythadult_y15_64,geo_cov_rur,2021,11.48
geo,sex_t,age_ythadult_y15_64,geo_cov_rur,2022,11.24
geo,sex_t,age_ythadult_y15_64,geo_cov_rur,2023,10.407
geo,sex_t,age_ythadult_y15_64,geo_cov_rur,2024,9.45
geo,sex_t,age_ythadult_y15_64,geo_cov_urb,2019,25.15
geo,sex_t,age_ythadult_y15_64,geo_cov_urb,2020,30.411
geo,sex_t,age_ythadult_y15_64,geo_cov_urb,2021,36.941
geo,sex_t,age_ythadult_y15_64,geo_cov_urb,2022,34.105
geo,sex_t,age_ythadult_y15_64,geo_cov_urb,2023,30.304
geo,sex_t,age_ythadult_y15_64,geo_cov_urb,2024,26.941
geo,sex_t,age_ythadult_yge15,geo_cov_nat,2019,16.65
geo,sex_t,age_ythadult_yge15,geo_cov_nat,2020,19.937
geo,sex_t,age_ythadult_yge15,geo_cov_nat,2021,23.698
geo,sex_t,age_ythadult_yge15,geo_cov_nat,2022,21.932
geo,sex_t,age_ythadult_yge15,geo_cov_nat,2023,19.594
geo,sex_t,age_ythadult_yge15,geo_cov_nat,2024,17.468
geo,sex_t,age_ythadult_yge15,geo_cov_rur,2019,8.308
geo,sex_t,age_ythadult_yge15,geo_cov_rur,2020,8.984
geo,sex_t,age_ythadult_yge15,geo_cov_rur,2021,9.429
geo,sex_t,age_ythadult_yge15,geo_cov_rur,2022,9.178
geo,sex_t,age_ythadult_yge15,geo_cov_rur,2023,8.37
geo,sex_t,age_ythadult_yge15,geo_cov_rur,2024,7.525
geo,sex_t,age_ythadult_yge15,geo_cov_urb,2019,24.333
geo,sex_t,age_ythadult_yge15,geo_cov_urb,2020,29.631
geo,sex_t,age_ythadult_yge15,geo_cov_urb,2021,35.844
geo,sex_t,age_ythadult_yge15,geo_cov_urb,2022,32.604
geo,sex_t,age_ythadult_yge15,geo_cov_urb,2023,28.892
geo,sex_t,age_ythadult_yge15,geo_cov_urb,2024,25.666
geo,sex_t,age_ythadult_yge25,geo_cov_nat,2019,14.647
geo,sex_t,age_ythadult_yge25,geo_cov_nat,2020,17.51
geo,sex_t,age_ythadult_yge25,geo_cov_nat,2021,20.998
geo,sex_t,age_ythadult_yge25,geo_cov_nat,2022,19.182
geo,sex_t,age_ythadult_yge25,geo_cov_nat,2023,17.364
geo,sex_t,age_ythadult_yge25,geo_cov_nat,2024,15.426
geo,sex_t,age_ythadult_yge25,geo_cov_rur,2019,6.562
geo,sex_t,age_ythadult_yge25,geo_cov_rur,2020,7.298
geo,sex_t,age_ythadult_yge25,geo_cov_rur,2021,7.225
geo,sex_t,age_ythadult_yge25,geo_cov_rur,2022,6.936
geo,sex_t,age_ythadult_yge25,geo_cov_rur,2023,6.689
geo,sex_t,age_ythadult_yge25,geo_cov_rur,2024,5.926
geo,sex_t,age_ythadult_yge25,geo_cov_urb,2019,22.223
geo,sex_t,age_ythadult_yge25,geo_cov_urb,2020,26.833
geo,sex_t,age_ythadult_yge25,geo_cov_urb,2021,32.985
geo,sex_t,age_ythadult_yge25,geo_cov_urb,2022,29.659
geo,sex_t,age_ythadult_yge25,geo_cov_urb,2023,26.428
geo,sex_t,age_ythadult_yge25,geo_cov_urb,2024,23.48
gha,sex_f,age_aggregate_total,geo_cov_nat,2015,13.448
gha,sex_f,age_aggregate_total,geo_cov_nat,2023,16.716
gha,sex_f,age_aggregate_total,geo_cov_nat,2024,15.18
gha,sex_f,age_aggregate_total,geo_cov_rur,2015,11.929
gha,sex_f,age_aggregate_total,geo_cov_rur,2023,12.901
gha,sex_f,age_aggregate_total,geo_cov_rur,2024,12.331
gha,sex_f,age_aggregate_total,geo_cov_urb,2015,14.759
gha,sex_f,age_aggregate_total,geo_cov_urb,2023,19.351
gha,sex_f,age_aggregate_total,geo_cov_urb,2024,17.16
gha,sex_f,age_aggregate_y15_24,geo_cov_nat,2015,26.906
gha,sex_f,age_aggregate_y15_24,geo_cov_nat,2023,29.517
gha,sex_f,age_aggregate_y15_24,geo_cov_nat,2024,30.483
gha,sex_f,age_aggregate_y15_24,geo_cov_rur,2015,25.384
gha,sex_f,age_aggregate_y15_24,geo_cov_rur,2023,21.907
gha,sex_f,age_aggregate_y15_24,geo_cov_rur,2024,23.683
gha,sex_f,age_aggregate_y15_24,geo_cov_urb,2015,28.57
gha,sex_f,age_aggregate_y15_24,geo_cov_urb,2023,36.214
gha,sex_f,age_aggregate_y15_24,geo_cov_urb,2024,36.311
gha,sex_f,age_aggregate_y25_54,geo_cov_nat,2015,11.296
gha,sex_f,age_aggregate_y25_54,geo_cov_nat,2023,13.616
gha,sex_f,age_aggregate_y25_54,geo_cov_nat,2024,12.379
gha,sex_f,age_aggregate_y25_54,geo_cov_rur,2015,9.648
gha,sex_f,age_aggregate_y25_54,geo_cov_rur,2023,10.452
gha,sex_f,age_aggregate_y25_54,geo_cov_rur,2024,9.951
gha,sex_f,age_aggregate_y25_54,geo_cov_urb,2015,12.605
gha,sex_f,age_aggregate_y25_54,geo_cov_urb,2023,15.612
gha,sex_f,age_aggregate_y25_54,geo_cov_urb,2024,13.936
gha,sex_f,age_aggregate_y55_64,geo_cov_nat,2015,7.636
gha,sex_f,age_aggregate_y55_64,geo_cov_nat,2023,14.929
gha,sex_f,age_aggregate_y55_64,geo_cov_nat,2024,12.116
gha,sex_f,age_aggregate_y55_64,geo_cov_rur,2015,3.907
gha,sex_f,age_aggregate_y55_64,geo_cov_rur,2023,10.648
gha,sex_f,age_aggregate_y55_64,geo_cov_rur,2024,9.762
gha,sex_f,age_aggregate_y55_64,geo_cov_urb,2015,10.78
gha,sex_f,age_aggregate_y55_64,geo_cov_urb,2023,17.856
gha,sex_f,age_aggregate_y55_64,geo_cov_urb,2024,13.775
gha,sex_f,age_aggregate_yge65,geo_cov_nat,2015,11.437
gha,sex_f,age_aggregate_yge65,geo_cov_nat,2023,9.04
gha,sex_f,age_aggregate_yge65,geo_cov_nat,2024,2.35
gha,sex_f,age_aggregate_yge65,geo_cov_rur,2015,9.255
gha,sex_f,age_aggregate_yge65,geo_cov_rur,2023,6.68
gha,sex_f,age_aggregate_yge65,geo_cov_rur,2024,2.099
gha,sex_f,age_aggregate_yge65,geo_cov_urb,2015,14.475
gha,sex_f,age_aggregate_yge65,geo_cov_urb,2023,11.004
gha,sex_f,age_aggregate_yge65,geo_cov_urb,2024,2.566
gha,sex_f,age_ythadult_y15_24,geo_cov_nat,2015,26.906
gha,sex_f,age_ythadult_y15_24,geo_cov_nat,2023,29.517
gha,sex_f,age_ythadult_y15_24,geo_cov_nat,2024,30.483
gha,sex_f,age_ythadult_y15_24,geo_cov_rur,2015,25.384
gha,sex_f,age_ythadult_y15_24,geo_cov_rur,2023,21.907
gha,sex_f,age_ythadult_y15_24,geo_cov_rur,2024,23.683
gha,sex_f,age_ythadult_y15_24,geo_cov_urb,2015,28.57
gha,sex_f,age_ythadult_y15_24,geo_cov_urb,2023,36.214
gha,sex_f,age_ythadult_y15_24,geo_cov_urb,2024,36.311
gha,sex_f,age_ythadult_y15_64,geo_cov_nat,2015,13.552
gha,sex_f,age_ythadult_y15_64,geo_cov_nat,2023,17.122
gha,sex_f,age_ythadult_y15_64,geo_cov_nat,2024,15.896
gha,sex_f,age_ythadult_y15_64,geo_cov_rur,2015,12.106
gha,sex_f,age_ythadult_y15_64,geo_cov_rur,2023,13.268
gha,sex_f,age_ythadult_y15_64,geo_cov_rur,2024,12.979
gha,sex_f,age_ythadult_y15_64,geo_cov_urb,2015,14.77
gha,sex_f,age_ythadult_y15_64,geo_cov_urb,2023,19.756
gha,sex_f,age_ythadult_y15_64,geo_cov_urb,2024,17.898
gha,sex_f,age_ythadult_yge15,geo_cov_nat,2015,13.448
gha,sex_f,age_ythadult_yge15,geo_cov_nat,2023,16.716
gha,sex_f,age_ythadult_yge15,geo_cov_nat,2024,15.18
gha,sex_f,age_ythadult_yge15,geo_cov_rur,2015,11.929
gha,sex_f,age_ythadult_yge15,geo_cov_rur,2023,12.901
gha,sex_f,age_ythadult_yge15,geo_cov_rur,2024,12.331
gha,sex_f,age_ythadult_yge15,geo_cov_urb,2015,14.759
gha,sex_f,age_ythadult_yge15,geo_cov_urb,2023,19.351
gha,sex_f,age_ythadult_yge15,geo_cov_urb,2024,17.16
gha,sex_f,age_ythadult_yge25,geo_cov_nat,2015,10.926
gha,sex_f,age_ythadult_yge25,geo_cov_nat,2023,13.495
gha,sex_f,age_ythadult_yge25,geo_cov_nat,2024,11.694
gha,sex_f,age_ythadult_yge25,geo_cov_rur,2015,9.02
gha,sex_f,age_ythadult_yge25,geo_cov_rur,2023,10.204
gha,sex_f,age_ythadult_yge25,geo_cov_rur,2024,9.335
gha,sex_f,age_ythadult_yge25,geo_cov_urb,2015,12.502
gha,sex_f,age_ythadult_yge25,geo_cov_urb,2023,15.63
gha,sex_f,age_ythadult_yge25,geo_cov_urb,2024,13.256
gha,sex_m,age_aggregate_total,geo_cov_nat,2015,10.659
gha,sex_m,age_aggregate_total,geo_cov_nat,2023,10.964
gha,sex_m,age_aggregate_total,geo_cov_nat,2024,11.038
gha,sex_m,age_aggregate_total,geo_cov_rur,2015,7.391
gha,sex_m,age_aggregate_total,geo_cov_rur,2023,7.569
gha,sex_m,age_aggregate_total,geo_cov_rur,2024,7.971
gha,sex_m,age_aggregate_total,geo_cov_urb,2015,13.743
gha,sex_m,age_aggregate_total,geo_cov_urb,2023,13.669
gha,sex_m,age_aggregate_total,geo_cov_urb,2024,13.516
gha,sex_m,age_aggregate_y15_24,geo_cov_nat,2015,22.541
gha,sex_m,age_aggregate_y15_24,geo_cov_nat,2023,22.325
gha,sex_m,age_aggregate_y15_24,geo_cov_nat,2024,26.303
gha,sex_m,age_aggregate_y15_24,geo_cov_rur,2015,13.302
gha,sex_m,age_aggregate_y15_24,geo_cov_rur,2023,14.649
gha,sex_m,age_aggregate_y15_24,geo_cov_rur,2024,17.115
gha,sex_m,age_aggregate_y15_24,geo_cov_urb,2015,31.628
gha,sex_m,age_aggregate_y15_24,geo_cov_urb,2023,31.144
gha,sex_m,age_aggregate_y15_24,geo_cov_urb,2024,36.58
gha,sex_m,age_aggregate_y25_54,geo_cov_nat,2015,8.134
gha,sex_m,age_aggregate_y25_54,geo_cov_nat,2023,7.293
gha,sex_m,age_aggregate_y25_54,geo_cov_nat,2024,7.255
gha,sex_m,age_aggregate_y25_54,geo_cov_rur,2015,6.364
gha,sex_m,age_aggregate_y25_54,geo_cov_rur,2023,4.779
gha,sex_m,age_aggregate_y25_54,geo_cov_rur,2024,5.135
gha,sex_m,age_aggregate_y25_54,geo_cov_urb,2015,9.67
gha,sex_m,age_aggregate_y25_54,geo_cov_urb,2023,8.994
gha,sex_m,age_aggregate_y25_54,geo_cov_urb,2024,8.728
gha,sex_m,age_aggregate_y55_64,geo_cov_nat,2015,9.988
gha,sex_m,age_aggregate_y55_64,geo_cov_nat,2023,9.687
gha,sex_m,age_aggregate_y55_64,geo_cov_nat,2024,5.773
gha,sex_m,age_aggregate_y55_64,geo_cov_rur,2015,5.949
gha,sex_m,age_aggregate_y55_64,geo_cov_rur,2023,5.807
gha,sex_m,age_aggregate_y55_64,geo_cov_rur,2024,4.38
gha,sex_m,age_aggregate_y55_64,geo_cov_urb,2015,14.431
gha,sex_m,age_aggregate_y55_64,geo_cov_urb,2023,12.652
gha,sex_m,age_aggregate_y55_64,geo_cov_urb,2024,6.91
gha,sex_m,age_aggregate_yge65,geo_cov_nat,2015,8.764
gha,sex_m,age_aggregate_yge65,geo_cov_nat,2023,4.641
gha,sex_m,age_aggregate_yge65,geo_cov_nat,2024,2.074
gha,sex_m,age_aggregate_yge65,geo_cov_rur,2015,5.444
gha,sex_m,age_aggregate_yge65,geo_cov_rur,2023,2.58
gha,sex_m,age_aggregate_yge65,geo_cov_rur,2024,1.663
gha,sex_m,age_aggregate_yge65,geo_cov_urb,2015,14.656
gha,sex_m,age_aggregate_yge65,geo_cov_urb,2023,6.86
gha,sex_m,age_aggregate_yge65,geo_cov_urb,2024,2.521
gha,sex_m,age_ythadult_y15_24,geo_cov_nat,2015,22.541
gha,sex_m,age_ythadult_y15_24,geo_cov_nat,2023,22.325
gha,sex_m,age_ythadult_y15_24,geo_cov_nat,2024,26.303
gha,sex_m,age_ythadult_y15_24,geo_cov_rur,2015,13.302
gha,sex_m,age_ythadult_y15_24,geo_cov_rur,2023,14.649
gha,sex_m,age_ythadult_y15_24,geo_cov_rur,2024,17.115
gha,sex_m,age_ythadult_y15_24,geo_cov_urb,2015,31.628
gha,sex_m,age_ythadult_y15_24,geo_cov_urb,2023,31.144
gha,sex_m,age_ythadult_y15_24,geo_cov_urb,2024,36.58
gha,sex_m,age_ythadult_y15_64,geo_cov_nat,2015,10.78
gha,sex_m,age_ythadult_y15_64,geo_cov_nat,2023,11.303
gha,sex_m,age_ythadult_y15_64,geo_cov_nat,2024,11.583
gha,sex_m,age_ythadult_y15_64,geo_cov_rur,2015,7.558
gha,sex_m,age_ythadult_y15_64,geo_cov_rur,2023,7.885
gha,sex_m,age_ythadult_y15_64,geo_cov_rur,2024,8.424
gha,sex_m,age_ythadult_y15_64,geo_cov_urb,2015,13.703
gha,sex_m,age_ythadult_y15_64,geo_cov_urb,2023,13.983
gha,sex_m,age_ythadult_y15_64,geo_cov_urb,2024,14.09
gha,sex_m,age_ythadult_yge15,geo_cov_nat,2015,10.659
gha,sex_m,age_ythadult_yge15,geo_cov_nat,2023,10.964
gha,sex_m,age_ythadult_yge15,geo_cov_nat,2024,11.038
gha,sex_m,age_ythadult_yge15,geo_cov_rur,2015,7.391
gha,sex_m,age_ythadult_yge15,geo_cov_rur,2023,7.569
gha,sex_m,age_ythadult_yge15,geo_cov_rur,2024,7.971
gha,sex_m,age_ythadult_yge15,geo_cov_urb,2015,13.743
gha,sex_m,age_ythadult_yge15,geo_cov_urb,2023,13.669
gha,sex_m,age_ythadult_yge15,geo_cov_urb,2024,13.516
gha,sex_m,age_ythadult_yge25,geo_cov_nat,2015,8.38
gha,sex_m,age_ythadult_yge25,geo_cov_nat,2023,7.438
gha,sex_m,age_ythadult_yge25,geo_cov_nat,2024,6.666
gha,sex_m,age_ythadult_yge25,geo_cov_rur,2015,6.229
gha,sex_m,age_ythadult_yge25,geo_cov_rur,2023,4.74
gha,sex_m,age_ythadult_yge25,geo_cov_rur,2024,4.708
gha,sex_m,age_ythadult_yge25,geo_cov_urb,2015,10.394
gha,sex_m,age_ythadult_yge25,geo_cov_urb,2023,9.354
gha,sex_m,age_ythadult_yge25,geo_cov_urb,2024,8.105
gha,sex_t,age_aggregate_total,geo_cov_nat,2015,12.168
gha,sex_t,age_aggregate_total,geo_cov_nat,2023,14.182
gha,sex_t,age_aggregate_total,geo_cov_nat,2024,13.358
gha,sex_t,age_aggregate_total,geo_cov_rur,2015,9.795
gha,sex_t,age_aggregate_total,geo_cov_rur,2023,10.443
gha,sex_t,age_aggregate_total,geo_cov_rur,2024,10.32
gha,sex_t,age_aggregate_total,geo_cov_urb,2015,14.303
gha,sex_t,age_aggregate_total,geo_cov_urb,2023,16.933
gha,sex_t,age_aggregate_total,geo_cov_urb,2024,15.615
gha,sex_t,age_aggregate_y15_24,geo_cov_nat,2015,24.882
gha,sex_t,age_aggregate_y15_24,geo_cov_nat,2023,26.056
gha,sex_t,age_aggregate_y15_24,geo_cov_nat,2024,28.455
gha,sex_t,age_aggregate_y15_24,geo_cov_rur,2015,19.937
gha,sex_t,age_aggregate_y15_24,geo_cov_rur,2023,18.173
gha,sex_t,age_aggregate_y15_24,geo_cov_rur,2024,20.276
gha,sex_t,age_aggregate_y15_24,geo_cov_urb,2015,30.029
gha,sex_t,age_aggregate_y15_24,geo_cov_urb,2023,33.943
gha,sex_t,age_aggregate_y15_24,geo_cov_urb,2024,36.433
gha,sex_t,age_aggregate_y25_54,geo_cov_nat,2015,9.865
gha,sex_t,age_aggregate_y25_54,geo_cov_nat,2023,10.924
gha,sex_t,age_aggregate_y25_54,geo_cov_nat,2024,10.213
gha,sex_t,age_aggregate_y25_54,geo_cov_rur,2015,8.123
gha,sex_t,age_aggregate_y25_54,geo_cov_rur,2023,7.978
gha,sex_t,age_aggregate_y25_54,geo_cov_rur,2024,7.859
gha,sex_t,age_aggregate_y25_54,geo_cov_urb,2015,11.306
gha,sex_t,age_aggregate_y25_54,geo_cov_urb,2023,12.839
gha,sex_t,age_aggregate_y25_54,geo_cov_urb,2024,11.776
gha,sex_t,age_aggregate_y55_64,geo_cov_nat,2015,8.742
gha,sex_t,age_aggregate_y55_64,geo_cov_nat,2023,12.601
gha,sex_t,age_aggregate_y55_64,geo_cov_nat,2024,9.283
gha,sex_t,age_aggregate_y55_64,geo_cov_rur,2015,4.936
gha,sex_t,age_aggregate_y55_64,geo_cov_rur,2023,8.421
gha,sex_t,age_aggregate_y55_64,geo_cov_rur,2024,7.246
gha,sex_t,age_aggregate_y55_64,geo_cov_urb,2015,12.378
gha,sex_t,age_aggregate_y55_64,geo_cov_urb,2023,15.605
gha,sex_t,age_aggregate_y55_64,geo_cov_urb,2024,10.815
gha,sex_t,age_aggregate_yge65,geo_cov_nat,2015,10.083
gha,sex_t,age_aggregate_yge65,geo_cov_nat,2023,7.086
gha,sex_t,age_aggregate_yge65,geo_cov_nat,2024,2.223
gha,sex_t,age_aggregate_yge65,geo_cov_rur,2015,7.235
gha,sex_t,age_aggregate_yge65,geo_cov_rur,2023,4.724
gha,sex_t,age_aggregate_yge65,geo_cov_rur,2024,1.886
gha,sex_t,age_aggregate_yge65,geo_cov_urb,2015,14.56
gha,sex_t,age_aggregate_yge65,geo_cov_urb,2023,9.29
gha,sex_t,age_aggregate_yge65,geo_cov_urb,2024,2.547
gha,sex_t,age_ythadult_y15_24,geo_cov_nat,2015,24.882
gha,sex_t,age_ythadult_y15_24,geo_cov_nat,2023,26.056
gha,sex_t,age_ythadult_y15_24,geo_cov_nat,2024,28.455
gha,sex_t,age_ythadult_y15_24,geo_cov_rur,2015,19.937
gha,sex_t,age_ythadult_y15_24,geo_cov_rur,2023,18.173
gha,sex_t,age_ythadult_y15_24,geo_cov_rur,2024,20.276
gha,sex_t,age_ythadult_y15_24,geo_cov_urb,2015,30.029
gha,sex_t,age_ythadult_y15_24,geo_cov_urb,2023,33.943
gha,sex_t,age_ythadult_y15_24,geo_cov_urb,2024,36.433
gha,sex_t,age_ythadult_y15_64,geo_cov_nat,2015,12.288
gha,sex_t,age_ythadult_y15_64,geo_cov_nat,2023,14.559
gha,sex_t,age_ythadult_y15_64,geo_cov_nat,2024,14.004
gha,sex_t,age_ythadult_y15_64,geo_cov_rur,2015,9.987
gha,sex_t,age_ythadult_y15_64,geo_cov_rur,2023,10.792
gha,sex_t,age_ythadult_y15_64,geo_cov_rur,2024,10.887
gha,sex_t,age_ythadult_y15_64,geo_cov_urb,2015,14.293
gha,sex_t,age_ythadult_y15_64,geo_cov_urb,2023,17.296
gha,sex_t,age_ythadult_y15_64,geo_cov_urb,2024,16.285
gha,sex_t,age_ythadult_yge15,geo_cov_nat,2015,12.168
gha,sex_t,age_ythadult_yge15,geo_cov_nat,2023,14.182
gha,sex_t,age_ythadult_yge15,geo_cov_nat,2024,13.358
gha,sex_t,age_ythadult_yge15,geo_cov_rur,2015,9.795
gha,sex_t,age_ythadult_yge15,geo_cov_rur,2023,10.443
gha,sex_t,age_ythadult_yge15,geo_cov_rur,2024,10.32
gha,sex_t,age_ythadult_yge15,geo_cov_urb,2015,14.303
gha,sex_t,age_ythadult_yge15,geo_cov_urb,2023,16.933
gha,sex_t,age_ythadult_yge15,geo_cov_urb,2024,15.615
gha,sex_t,age_ythadult_yge25,geo_cov_nat,2015,9.76
gha,sex_t,age_ythadult_yge25,geo_cov_nat,2023,10.895
gha,sex_t,age_ythadult_yge25,geo_cov_nat,2024,9.54
gha,sex_t,age_ythadult_yge25,geo_cov_rur,2015,7.696
gha,sex_t,age_ythadult_yge25,geo_cov_rur,2023,7.786
gha,sex_t,age_ythadult_yge25,geo_cov_rur,2024,7.282
gha,sex_t,age_ythadult_yge25,geo_cov_urb,2015,11.567
gha,sex_t,age_ythadult_yge25,geo_cov_urb,2023,12.991
gha,sex_t,age_ythadult_yge25,geo_cov_urb,2024,11.104
gin,sex_f,age_aggregate_total,geo_cov_nat,2019,20.37
gin,sex_f,age_aggregate_total,geo_cov_rur,2019,20.659
gin,sex_f,age_aggregate_total,geo_cov_urb,2019,19.855
gin,sex_f,age_aggregate_y15_24,geo_cov_nat,2019,28.869
gin,sex_f,age_aggregate_y15_24,geo_cov_rur,2019,28.946
gin,sex_f,age_aggregate_y15_24,geo_cov_urb,2019,28.702
gin,sex_f,age_aggregate_y25_54,geo_cov_nat,2019,19.513
gin,sex_f,age_aggregate_y25_54,geo_cov_rur,2019,19.849
gin,sex_f,age_aggregate_y25_54,geo_cov_urb,2019,18.945
gin,sex_f,age_aggregate_y55_64,geo_cov_nat,2019,10.924
gin,sex_f,age_aggregate_y55_64,geo_cov_rur,2019,10.683
gin,sex_f,age_aggregate_y55_64,geo_cov_urb,2019,11.318
gin,sex_f,age_ythadult_y15_24,geo_cov_nat,2019,28.869
gin,sex_f,age_ythadult_y15_24,geo_cov_rur,2019,28.946
gin,sex_f,age_ythadult_y15_24,geo_cov_urb,2019,28.702
gin,sex_f,age_ythadult_y15_64,geo_cov_nat,2019,20.81
gin,sex_f,age_ythadult_y15_64,geo_cov_rur,2019,21.206
gin,sex_f,age_ythadult_y15_64,geo_cov_urb,2019,20.107
gin,sex_f,age_ythadult_yge15,geo_cov_nat,2019,20.37
gin,sex_f,age_ythadult_yge15,geo_cov_rur,2019,20.659
gin,sex_f,age_ythadult_yge15,geo_cov_urb,2019,19.855
gin,sex_f,age_ythadult_yge25,geo_cov_nat,2019,18.297
gin,sex_f,age_ythadult_yge25,geo_cov_rur,2019,18.457
gin,sex_f,age_ythadult_yge25,geo_cov_urb,2019,18.023
gin,sex_m,age_aggregate_total,geo_cov_nat,2019,12.3
gin,sex_m,age_aggregate_total,geo_cov_rur,2019,10.035
gin,sex_m,age_aggregate_total,geo_cov_urb,2019,16.584
gin,sex_m,age_aggregate_y15_24,geo_cov_nat,2019,25.495
gin,sex_m,age_aggregate_y15_24,geo_cov_rur,2019,21.863
gin,sex_m,age_aggregate_y15_24,geo_cov_urb,2019,37.738
gin,sex_m,age_aggregate_y25_54,geo_cov_nat,2019,10.155
gin,sex_m,age_aggregate_y25_54,geo_cov_rur,2019,7.272
gin,sex_m,age_aggregate_y25_54,geo_cov_urb,2019,14.334
gin,sex_m,age_aggregate_y55_64,geo_cov_nat,2019,7.737
gin,sex_m,age_aggregate_y55_64,geo_cov_rur,2019,5.954
gin,sex_m,age_aggregate_y55_64,geo_cov_urb,2019,13.306
gin,sex_m,age_aggregate_yge65,geo_cov_nat,2019,15.95
gin,sex_m,age_aggregate_yge65,geo_cov_rur,2019,14.484
gin,sex_m,age_aggregate_yge65,geo_cov_urb,2019,21.591
gin,sex_m,age_ythadult_y15_24,geo_cov_nat,2019,25.495
gin,sex_m,age_ythadult_y15_24,geo_cov_rur,2019,21.863
gin,sex_m,age_ythadult_y15_24,geo_cov_urb,2019,37.738
gin,sex_m,age_ythadult_y15_64,geo_cov_nat,2019,11.936
gin,sex_m,age_ythadult_y15_64,geo_cov_rur,2019,9.485
gin,sex_m,age_ythadult_y15_64,geo_cov_urb,2019,16.298
gin,sex_m,age_ythadult_yge15,geo_cov_nat,2019,12.3
gin,sex_m,age_ythadult_yge15,geo_cov_rur,2019,10.035
gin,sex_m,age_ythadult_yge15,geo_cov_urb,2019,16.584
gin,sex_m,age_ythadult_yge25,geo_cov_nat,2019,10.396
gin,sex_m,age_ythadult_yge25,geo_cov_rur,2019,7.97
gin,sex_m,age_ythadult_yge25,geo_cov_urb,2019,14.659
gin,sex_t,age_aggregate_total,geo_cov_nat,2019,16.1
gin,sex_t,age_aggregate_total,geo_cov_rur,2019,14.983
gin,sex_t,age_aggregate_total,geo_cov_urb,2019,18.156
gin,sex_t,age_aggregate_y15_24,geo_cov_nat,2019,27.454
gin,sex_t,age_aggregate_y15_24,geo_cov_rur,2019,25.771
gin,sex_t,age_aggregate_y15_24,geo_cov_urb,2019,31.815
gin,sex_t,age_aggregate_y25_54,geo_cov_nat,2019,14.772
gin,sex_t,age_aggregate_y25_54,geo_cov_rur,2019,13.664
gin,sex_t,age_aggregate_y25_54,geo_cov_urb,2019,16.502
gin,sex_t,age_aggregate_y55_64,geo_cov_nat,2019,8.729
gin,sex_t,age_aggregate_y55_64,geo_cov_rur,2019,7.232
gin,sex_t,age_aggregate_y55_64,geo_cov_urb,2019,12.482
gin,sex_t,age_aggregate_yge65,geo_cov_nat,2019,13.335
gin,sex_t,age_aggregate_yge65,geo_cov_rur,2019,12.022
gin,sex_t,age_aggregate_yge65,geo_cov_urb,2019,17.957
gin,sex_t,age_ythadult_y15_24,geo_cov_nat,2019,27.454
gin,sex_t,age_ythadult_y15_24,geo_cov_rur,2019,25.771
gin,sex_t,age_ythadult_y15_24,geo_cov_urb,2019,31.815
gin,sex_t,age_ythadult_y15_64,geo_cov_nat,2019,16.273
gin,sex_t,age_ythadult_y15_64,geo_cov_rur,2019,15.209
gin,sex_t,age_ythadult_y15_64,geo_cov_urb,2019,18.164
gin,sex_t,age_ythadult_yge15,geo_cov_nat,2019,16.1
gin,sex_t,age_ythadult_yge15,geo_cov_rur,2019,14.983
gin,sex_t,age_ythadult_yge15,geo_cov_urb,2019,18.156
gin,sex_t,age_ythadult_yge25,geo_cov_nat,2019,13.953
gin,sex_t,age_ythadult_yge25,geo_cov_rur,2019,12.661
gin,sex_t,age_ythadult_yge25,geo_cov_urb,2019,16.191
gmb,sex_f,age_aggregate_total,geo_cov_nat,2012,34.603
gmb,sex_f,age_aggregate_total,geo_cov_nat,2018,14.807
gmb,sex_f,age_aggregate_total,geo_cov_nat,2023,29.609
gmb,sex_f,age_aggregate_total,geo_cov_rur,2012,32.908
gmb,sex_f,age_aggregate_total,geo_cov_rur,2018,9.379
gmb,sex_f,age_aggregate_total,geo_cov_rur,2023,27.464
gmb,sex_f,age_aggregate_total,geo_cov_urb,2012,36.641
gmb,sex_f,age_aggregate_total,geo_cov_urb,2018,19.279
gmb,sex_f,age_aggregate_total,geo_cov_urb,2023,31.335
gmb,sex_f,age_aggregate_y15_24,geo_cov_nat,2012,44.85
gmb,sex_f,age_aggregate_y15_24,geo_cov_nat,2018,24.544
gmb,sex_f,age_aggregate_y15_24,geo_cov_nat,2023,44.387
gmb,sex_f,age_aggregate_y15_24,geo_cov_rur,2012,39.449
gmb,sex_f,age_aggregate_y15_24,geo_cov_rur,2018,16.692
gmb,sex_f,age_aggregate_y15_24,geo_cov_rur,2023,37.618
gmb,sex_f,age_aggregate_y15_24,geo_cov_urb,2012,51.475
gmb,sex_f,age_aggregate_y15_24,geo_cov_urb,2018,31.045
gmb,sex_f,age_aggregate_y15_24,geo_cov_urb,2023,50.752
gmb,sex_f,age_aggregate_y25_54,geo_cov_nat,2012,30.196
gmb,sex_f,age_aggregate_y25_54,geo_cov_nat,2018,11.03
gmb,sex_f,age_aggregate_y25_54,geo_cov_nat,2023,25.085
gmb,sex_f,age_aggregate_y25_54,geo_cov_rur,2012,29.854
gmb,sex_f,age_aggregate_y25_54,geo_cov_rur,2018,6.588
gmb,sex_f,age_aggregate_y25_54,geo_cov_rur,2023,23.86
gmb,sex_f,age_aggregate_y25_54,geo_cov_urb,2012,30.597
gmb,sex_f,age_aggregate_y25_54,geo_cov_urb,2018,14.586
gmb,sex_f,age_aggregate_y25_54,geo_cov_urb,2023,25.963
gmb,sex_f,age_aggregate_y55_64,geo_cov_nat,2012,28.968
gmb,sex_f,age_aggregate_y55_64,geo_cov_nat,2018,6.608
gmb,sex_f,age_aggregate_y55_64,geo_cov_nat,2023,14.351
gmb,sex_f,age_aggregate_y55_64,geo_cov_rur,2012,28.484
gmb,sex_f,age_aggregate_y55_64,geo_cov_rur,2018,2.002
gmb,sex_f,age_aggregate_y55_64,geo_cov_rur,2023,18.819
gmb,sex_f,age_aggregate_y55_64,geo_cov_urb,2012,29.58
gmb,sex_f,age_aggregate_y55_64,geo_cov_urb,2018,10.84
gmb,sex_f,age_aggregate_y55_64,geo_cov_urb,2023,9.654
gmb,sex_f,age_aggregate_yge65,geo_cov_nat,2012,30.046
gmb,sex_f,age_aggregate_yge65,geo_cov_nat,2018,8.066
gmb,sex_f,age_aggregate_yge65,geo_cov_nat,2023,18.578
gmb,sex_f,age_aggregate_yge65,geo_cov_rur,2012,36.85
gmb,sex_f,age_aggregate_yge65,geo_cov_rur,2018,5.891
gmb,sex_f,age_aggregate_yge65,geo_cov_rur,2023,18.869
gmb,sex_f,age_aggregate_yge65,geo_cov_urb,2012,17.344
gmb,sex_f,age_aggregate_yge65,geo_cov_urb,2018,10.948
gmb,sex_f,age_aggregate_yge65,geo_cov_urb,2023,18.115
gmb,sex_f,age_ythadult_y15_24,geo_cov_nat,2012,44.85
gmb,sex_f,age_ythadult_y15_24,geo_cov_nat,2018,24.544
gmb,sex_f,age_ythadult_y15_24,geo_cov_nat,2023,44.387
gmb,sex_f,age_ythadult_y15_24,geo_cov_rur,2012,39.449
gmb,sex_f,age_ythadult_y15_24,geo_cov_rur,2018,16.692
gmb,sex_f,age_ythadult_y15_24,geo_cov_rur,2023,37.618
gmb,sex_f,age_ythadult_y15_24,geo_cov_urb,2012,51.475
gmb,sex_f,age_ythadult_y15_24,geo_cov_urb,2018,31.045
gmb,sex_f,age_ythadult_y15_24,geo_cov_urb,2023,50.752
gmb,sex_f,age_ythadult_y15_64,geo_cov_nat,2012,34.697
gmb,sex_f,age_ythadult_y15_64,geo_cov_nat,2018,14.969
gmb,sex_f,age_ythadult_y15_64,geo_cov_nat,2023,29.881
gmb,sex_f,age_ythadult_y15_64,geo_cov_rur,2012,32.811
gmb,sex_f,age_ythadult_y15_64,geo_cov_rur,2018,9.485
gmb,sex_f,age_ythadult_y15_64,geo_cov_rur,2023,27.758
gmb,sex_f,age_ythadult_y15_64,geo_cov_urb,2012,36.945
gmb,sex_f,age_ythadult_y15_64,geo_cov_urb,2018,19.436
gmb,sex_f,age_ythadult_y15_64,geo_cov_urb,2023,31.56
gmb,sex_f,age_ythadult_yge15,geo_cov_nat,2012,34.603
gmb,sex_f,age_ythadult_yge15,geo_cov_nat,2018,14.807
gmb,sex_f,age_ythadult_yge15,geo_cov_nat,2023,29.609
gmb,sex_f,age_ythadult_yge15,geo_cov_rur,2012,32.908
gmb,sex_f,age_ythadult_yge15,geo_cov_rur,2018,9.379
gmb,sex_f,age_ythadult_yge15,geo_cov_rur,2023,27.464
gmb,sex_f,age_ythadult_yge15,geo_cov_urb,2012,36.641
gmb,sex_f,age_ythadult_yge15,geo_cov_urb,2018,19.279
gmb,sex_f,age_ythadult_yge15,geo_cov_urb,2023,31.335
gmb,sex_f,age_ythadult_yge25,geo_cov_nat,2012,30.108
gmb,sex_f,age_ythadult_yge25,geo_cov_nat,2018,10.632
gmb,sex_f,age_ythadult_yge25,geo_cov_nat,2023,24.035
gmb,sex_f,age_ythadult_yge25,geo_cov_rur,2012,30.001
gmb,sex_f,age_ythadult_yge25,geo_cov_rur,2018,6.229
gmb,sex_f,age_ythadult_yge25,geo_cov_rur,2023,23.159
gmb,sex_f,age_ythadult_yge25,geo_cov_urb,2012,30.236
gmb,sex_f,age_ythadult_yge25,geo_cov_urb,2018,14.25
gmb,sex_f,age_ythadult_yge25,geo_cov_urb,2023,24.7
gmb,sex_m,age_aggregate_total,geo_cov_nat,2012,15.833
gmb,sex_m,age_aggregate_total,geo_cov_nat,2018,13.289
gmb,sex_m,age_aggregate_total,geo_cov_nat,2023,22.185
gmb,sex_m,age_aggregate_total,geo_cov_rur,2012,13.786
gmb,sex_m,age_aggregate_total,geo_cov_rur,2018,9.77
gmb,sex_m,age_aggregate_total,geo_cov_rur,2023,24.444
gmb,sex_m,age_aggregate_total,geo_cov_urb,2012,17.734
gmb,sex_m,age_aggregate_total,geo_cov_urb,2018,16.02
gmb,sex_m,age_aggregate_total,geo_cov_urb,2023,20.62
gmb,sex_m,age_aggregate_y15_24,geo_cov_nat,2012,26.526
gmb,sex_m,age_aggregate_y15_24,geo_cov_nat,2018,25.658
gmb,sex_m,age_aggregate_y15_24,geo_cov_nat,2023,35.372
gmb,sex_m,age_aggregate_y15_24,geo_cov_rur,2012,23.554
gmb,sex_m,age_aggregate_y15_24,geo_cov_rur,2018,16.795
gmb,sex_m,age_aggregate_y15_24,geo_cov_rur,2023,36.61
gmb,sex_m,age_aggregate_y15_24,geo_cov_urb,2012,29.811
gmb,sex_m,age_aggregate_y15_24,geo_cov_urb,2018,34.062
gmb,sex_m,age_aggregate_y15_24,geo_cov_urb,2023,34.388
gmb,sex_m,age_aggregate_y25_54,geo_cov_nat,2012,11.033
gmb,sex_m,age_aggregate_y25_54,geo_cov_nat,2018,9.661
gmb,sex_m,age_aggregate_y25_54,geo_cov_nat,2023,16.73
gmb,sex_m,age_aggregate_y25_54,geo_cov_rur,2012,8.741
gmb,sex_m,age_aggregate_y25_54,geo_cov_rur,2018,7.854
gmb,sex_m,age_aggregate_y25_54,geo_cov_rur,2023,17.465
gmb,sex_m,age_aggregate_y25_54,geo_cov_urb,2012,12.823
gmb,sex_m,age_aggregate_y25_54,geo_cov_urb,2018,10.908
gmb,sex_m,age_aggregate_y25_54,geo_cov_urb,2023,16.285
gmb,sex_m,age_aggregate_y55_64,geo_cov_nat,2012,14.453
gmb,sex_m,age_aggregate_y55_64,geo_cov_nat,2018,5.315
gmb,sex_m,age_aggregate_y55_64,geo_cov_nat,2023,14.627
gmb,sex_m,age_aggregate_y55_64,geo_cov_rur,2012,9.782
gmb,sex_m,age_aggregate_y55_64,geo_cov_rur,2018,3.562
gmb,sex_m,age_aggregate_y55_64,geo_cov_rur,2023,21.795
gmb,sex_m,age_aggregate_y55_64,geo_cov_urb,2012,19.754
gmb,sex_m,age_aggregate_y55_64,geo_cov_urb,2018,6.812
gmb,sex_m,age_aggregate_y55_64,geo_cov_urb,2023,8.376
gmb,sex_m,age_aggregate_yge65,geo_cov_nat,2012,15.941
gmb,sex_m,age_aggregate_yge65,geo_cov_nat,2018,6.154
gmb,sex_m,age_aggregate_yge65,geo_cov_nat,2023,20.14
gmb,sex_m,age_aggregate_yge65,geo_cov_rur,2012,15.459
gmb,sex_m,age_aggregate_yge65,geo_cov_rur,2018,1.871
gmb,sex_m,age_aggregate_yge65,geo_cov_rur,2023,28.715
gmb,sex_m,age_aggregate_yge65,geo_cov_urb,2012,17.112
gmb,sex_m,age_aggregate_yge65,geo_cov_urb,2018,10.917
gmb,sex_m,age_aggregate_yge65,geo_cov_urb,2023,8.396
gmb,sex_m,age_ythadult_y15_24,geo_cov_nat,2012,26.526
gmb,sex_m,age_ythadult_y15_24,geo_cov_nat,2018,25.658
gmb,sex_m,age_ythadult_y15_24,geo_cov_nat,2023,35.372
gmb,sex_m,age_ythadult_y15_24,geo_cov_rur,2012,23.554
gmb,sex_m,age_ythadult_y15_24,geo_cov_rur,2018,16.795
gmb,sex_m,age_ythadult_y15_24,geo_cov_rur,2023,36.61
gmb,sex_m,age_ythadult_y15_24,geo_cov_urb,2012,29.811
gmb,sex_m,age_ythadult_y15_24,geo_cov_urb,2018,34.062
gmb,sex_m,age_ythadult_y15_24,geo_cov_urb,2023,34.388
gmb,sex_m,age_ythadult_y15_64,geo_cov_nat,2012,15.828
gmb,sex_m,age_ythadult_y15_64,geo_cov_nat,2018,13.603
gmb,sex_m,age_ythadult_y15_64,geo_cov_nat,2023,22.256
gmb,sex_m,age_ythadult_y15_64,geo_cov_rur,2012,13.667
gmb,sex_m,age_ythadult_y15_64,geo_cov_rur,2018,10.192
gmb,sex_m,age_ythadult_y15_64,geo_cov_rur,2023,24.232
gmb,sex_m,age_ythadult_y15_64,geo_cov_urb,2012,17.75
gmb,sex_m,age_ythadult_y15_64,geo_cov_urb,2018,16.208
gmb,sex_m,age_ythadult_y15_64,geo_cov_urb,2023,20.92
gmb,sex_m,age_ythadult_yge15,geo_cov_nat,2012,15.833
gmb,sex_m,age_ythadult_yge15,geo_cov_nat,2018,13.289
gmb,sex_m,age_ythadult_yge15,geo_cov_nat,2023,22.185
gmb,sex_m,age_ythadult_yge15,geo_cov_rur,2012,13.786
gmb,sex_m,age_ythadult_yge15,geo_cov_rur,2018,9.77
gmb,sex_m,age_ythadult_yge15,geo_cov_rur,2023,24.444
gmb,sex_m,age_ythadult_yge15,geo_cov_urb,2012,17.734
gmb,sex_m,age_ythadult_yge15,geo_cov_urb,2018,16.02
gmb,sex_m,age_ythadult_yge15,geo_cov_urb,2023,20.62
gmb,sex_m,age_ythadult_yge25,geo_cov_nat,2012,11.681
gmb,sex_m,age_ythadult_yge25,geo_cov_nat,2018,9.043
gmb,sex_m,age_ythadult_yge25,geo_cov_nat,2023,16.682
gmb,sex_m,age_ythadult_yge25,geo_cov_rur,2012,9.503
gmb,sex_m,age_ythadult_yge25,geo_cov_rur,2018,6.976
gmb,sex_m,age_ythadult_yge25,geo_cov_rur,2023,18.755
gmb,sex_m,age_ythadult_yge25,geo_cov_urb,2012,13.572
gmb,sex_m,age_ythadult_yge25,geo_cov_urb,2018,10.54
gmb,sex_m,age_ythadult_yge25,geo_cov_urb,2023,15.327
gmb,sex_t,age_aggregate_total,geo_cov_nat,2012,25.194
gmb,sex_t,age_aggregate_total,geo_cov_nat,2018,14.033
gmb,sex_t,age_aggregate_total,geo_cov_nat,2023,26.206
gmb,sex_t,age_aggregate_total,geo_cov_rur,2012,23.921
gmb,sex_t,age_aggregate_total,geo_cov_rur,2018,9.575
gmb,sex_t,age_aggregate_total,geo_cov_rur,2023,26.143
gmb,sex_t,age_aggregate_total,geo_cov_urb,2012,26.538
gmb,sex_t,age_aggregate_total,geo_cov_urb,2018,17.596
gmb,sex_t,age_aggregate_total,geo_cov_urb,2023,26.253
gmb,sex_t,age_aggregate_y15_24,geo_cov_nat,2012,36.06
gmb,sex_t,age_aggregate_y15_24,geo_cov_nat,2018,25.067
gmb,sex_t,age_aggregate_y15_24,geo_cov_nat,2023,40.092
gmb,sex_t,age_aggregate_y15_24,geo_cov_rur,2012,32.015
gmb,sex_t,age_aggregate_y15_24,geo_cov_rur,2018,16.742
gmb,sex_t,age_aggregate_y15_24,geo_cov_rur,2023,37.16
gmb,sex_t,age_aggregate_y15_24,geo_cov_urb,2012,40.778
gmb,sex_t,age_aggregate_y15_24,geo_cov_urb,2018,32.414
gmb,sex_t,age_aggregate_y15_24,geo_cov_urb,2023,42.636
gmb,sex_t,age_aggregate_y25_54,geo_cov_nat,2012,20.779
gmb,sex_t,age_aggregate_y25_54,geo_cov_nat,2018,10.331
gmb,sex_t,age_aggregate_y25_54,geo_cov_nat,2023,21.401
gmb,sex_t,age_aggregate_y25_54,geo_cov_rur,2012,20.563
gmb,sex_t,age_aggregate_y25_54,geo_cov_rur,2018,7.207
gmb,sex_t,age_aggregate_y25_54,geo_cov_rur,2023,21.2
gmb,sex_t,age_aggregate_y25_54,geo_cov_urb,2012,20.986
gmb,sex_t,age_aggregate_y25_54,geo_cov_urb,2018,12.65
gmb,sex_t,age_aggregate_y25_54,geo_cov_urb,2023,21.534
gmb,sex_t,age_aggregate_y55_64,geo_cov_nat,2012,20.198
gmb,sex_t,age_aggregate_y55_64,geo_cov_nat,2018,5.816
gmb,sex_t,age_aggregate_y55_64,geo_cov_nat,2023,14.493
gmb,sex_t,age_aggregate_y55_64,geo_cov_rur,2012,17.406
gmb,sex_t,age_aggregate_y55_64,geo_cov_rur,2018,2.943
gmb,sex_t,age_aggregate_y55_64,geo_cov_rur,2023,20.276
gmb,sex_t,age_aggregate_y55_64,geo_cov_urb,2012,23.506
gmb,sex_t,age_aggregate_y55_64,geo_cov_urb,2018,8.339
gmb,sex_t,age_aggregate_y55_64,geo_cov_urb,2023,8.969
gmb,sex_t,age_aggregate_yge65,geo_cov_nat,2012,20.272
gmb,sex_t,age_aggregate_yge65,geo_cov_nat,2018,6.821
gmb,sex_t,age_aggregate_yge65,geo_cov_nat,2023,19.424
gmb,sex_t,age_aggregate_yge65,geo_cov_rur,2012,21.649
gmb,sex_t,age_aggregate_yge65,geo_cov_rur,2018,3.347
gmb,sex_t,age_aggregate_yge65,geo_cov_rur,2023,24.051
gmb,sex_t,age_aggregate_yge65,geo_cov_urb,2012,17.192
gmb,sex_t,age_aggregate_yge65,geo_cov_urb,2018,10.927
gmb,sex_t,age_aggregate_yge65,geo_cov_urb,2023,12.639
gmb,sex_t,age_ythadult_y15_24,geo_cov_nat,2012,36.06
gmb,sex_t,age_ythadult_y15_24,geo_cov_nat,2018,25.067
gmb,sex_t,age_ythadult_y15_24,geo_cov_nat,2023,40.092
gmb,sex_t,age_ythadult_y15_24,geo_cov_rur,2012,32.015
gmb,sex_t,age_ythadult_y15_24,geo_cov_rur,2018,16.742
gmb,sex_t,age_ythadult_y15_24,geo_cov_rur,2023,37.16
gmb,sex_t,age_ythadult_y15_24,geo_cov_urb,2012,40.778
gmb,sex_t,age_ythadult_y15_24,geo_cov_urb,2018,32.414
gmb,sex_t,age_ythadult_y15_24,geo_cov_urb,2023,42.636
gmb,sex_t,age_ythadult_y15_64,geo_cov_nat,2012,25.36
gmb,sex_t,age_ythadult_y15_64,geo_cov_nat,2018,14.279
gmb,sex_t,age_ythadult_y15_64,geo_cov_nat,2023,26.404
gmb,sex_t,age_ythadult_y15_64,geo_cov_rur,2012,24.026
gmb,sex_t,age_ythadult_y15_64,geo_cov_rur,2018,9.836
gmb,sex_t,age_ythadult_y15_64,geo_cov_rur,2023,26.229
gmb,sex_t,age_ythadult_y15_64,geo_cov_urb,2012,26.736
gmb,sex_t,age_ythadult_y15_64,geo_cov_urb,2018,17.782
gmb,sex_t,age_ythadult_y15_64,geo_cov_urb,2023,26.532
gmb,sex_t,age_ythadult_yge15,geo_cov_nat,2012,25.194
gmb,sex_t,age_ythadult_yge15,geo_cov_nat,2018,14.033
gmb,sex_t,age_ythadult_yge15,geo_cov_nat,2023,26.206
gmb,sex_t,age_ythadult_yge15,geo_cov_rur,2012,23.921
gmb,sex_t,age_ythadult_yge15,geo_cov_rur,2018,9.575
gmb,sex_t,age_ythadult_yge15,geo_cov_rur,2023,26.143
gmb,sex_t,age_ythadult_yge15,geo_cov_urb,2012,26.538
gmb,sex_t,age_ythadult_yge15,geo_cov_urb,2018,17.596
gmb,sex_t,age_ythadult_yge15,geo_cov_urb,2023,26.253
gmb,sex_t,age_ythadult_yge25,geo_cov_nat,2012,20.706
gmb,sex_t,age_ythadult_yge25,geo_cov_nat,2018,9.797
gmb,sex_t,age_ythadult_yge25,geo_cov_nat,2023,20.717
gmb,sex_t,age_ythadult_yge25,geo_cov_rur,2012,20.346
gmb,sex_t,age_ythadult_yge25,geo_cov_rur,2018,6.608
gmb,sex_t,age_ythadult_yge25,geo_cov_rur,2023,21.266
gmb,sex_t,age_ythadult_yge25,geo_cov_urb,2012,21.071
gmb,sex_t,age_ythadult_yge25,geo_cov_urb,2018,12.25
gmb,sex_t,age_ythadult_yge25,geo_cov_urb,2023,20.327
gnb,sex_f,age_aggregate_total,geo_cov_nat,2019,10.825
gnb,sex_f,age_aggregate_total,geo_cov_nat,2022,9.804
gnb,sex_f,age_aggregate_total,geo_cov_rur,2019,2.831
gnb,sex_f,age_aggregate_total,geo_cov_rur,2022,3.61
gnb,sex_f,age_aggregate_total,geo_cov_urb,2019,22.519
gnb,sex_f,age_aggregate_total,geo_cov_urb,2022,20.398
gnb,sex_f,age_aggregate_y15_24,geo_cov_nat,2019,11.637
gnb,sex_f,age_aggregate_y15_24,geo_cov_nat,2022,13.89
gnb,sex_f,age_aggregate_y15_24,geo_cov_rur,2019,2.911
gnb,sex_f,age_aggregate_y15_24,geo_cov_rur,2022,5.356
gnb,sex_f,age_aggregate_y15_24,geo_cov_urb,2019,24.499
gnb,sex_f,age_aggregate_y15_24,geo_cov_urb,2022,34.413
gnb,sex_f,age_aggregate_y25_54,geo_cov_nat,2019,10.338
gnb,sex_f,age_aggregate_y25_54,geo_cov_nat,2022,9.948
gnb,sex_f,age_aggregate_y25_54,geo_cov_rur,2019,2.985
gnb,sex_f,age_aggregate_y25_54,geo_cov_rur,2022,3.486
gnb,sex_f,age_aggregate_y25_54,geo_cov_urb,2019,20.428
gnb,sex_f,age_aggregate_y25_54,geo_cov_urb,2022,19.606
gnb,sex_f,age_aggregate_y55_64,geo_cov_nat,2022,1.105
gnb,sex_f,age_aggregate_y55_64,geo_cov_rur,2022,0.769
gnb,sex_f,age_aggregate_yge65,geo_cov_nat,2022,1.403
gnb,sex_f,age_ythadult_y15_24,geo_cov_nat,2019,11.637
gnb,sex_f,age_ythadult_y15_24,geo_cov_nat,2022,13.89
gnb,sex_f,age_ythadult_y15_24,geo_cov_rur,2019,2.911
gnb,sex_f,age_ythadult_y15_24,geo_cov_rur,2022,5.356
gnb,sex_f,age_ythadult_y15_24,geo_cov_urb,2019,24.499
gnb,sex_f,age_ythadult_y15_24,geo_cov_urb,2022,34.413
gnb,sex_f,age_ythadult_y15_64,geo_cov_nat,2019,10.933
gnb,sex_f,age_ythadult_y15_64,geo_cov_nat,2022,10.165
gnb,sex_f,age_ythadult_y15_64,geo_cov_rur,2022,3.751
gnb,sex_f,age_ythadult_y15_64,geo_cov_urb,2019,22.643
gnb,sex_f,age_ythadult_y15_64,geo_cov_urb,2022,20.975
gnb,sex_f,age_ythadult_yge15,geo_cov_nat,2019,10.825
gnb,sex_f,age_ythadult_yge15,geo_cov_nat,2022,9.804
gnb,sex_f,age_ythadult_yge15,geo_cov_rur,2019,2.831
gnb,sex_f,age_ythadult_yge15,geo_cov_rur,2022,3.61
gnb,sex_f,age_ythadult_yge15,geo_cov_urb,2019,22.519
gnb,sex_f,age_ythadult_yge15,geo_cov_urb,2022,20.398
gnb,sex_f,age_ythadult_yge25,geo_cov_nat,2019,9.659
gnb,sex_f,age_ythadult_yge25,geo_cov_nat,2022,8.646
gnb,sex_f,age_ythadult_yge25,geo_cov_rur,2019,2.715
gnb,sex_f,age_ythadult_yge25,geo_cov_rur,2022,3.037
gnb,sex_f,age_ythadult_yge25,geo_cov_urb,2019,19.705
gnb,sex_f,age_ythadult_yge25,geo_cov_urb,2022,17.41
gnb,sex_m,age_aggregate_total,geo_cov_nat,2019,8.442
gnb,sex_m,age_aggregate_total,geo_cov_nat,2022,10.459
gnb,sex_m,age_aggregate_total,geo_cov_rur,2019,2.62
gnb,sex_m,age_aggregate_total,geo_cov_rur,2022,3.679
gnb,sex_m,age_aggregate_total,geo_cov_urb,2019,16.417
gnb,sex_m,age_aggregate_total,geo_cov_urb,2022,19.56
gnb,sex_m,age_aggregate_y15_24,geo_cov_nat,2019,8.094
gnb,sex_m,age_aggregate_y15_24,geo_cov_nat,2022,16.128
gnb,sex_m,age_aggregate_y15_24,geo_cov_rur,2019,2.664
gnb,sex_m,age_aggregate_y15_24,geo_cov_rur,2022,5.64
gnb,sex_m,age_aggregate_y15_24,geo_cov_urb,2019,16.357
gnb,sex_m,age_aggregate_y15_24,geo_cov_urb,2022,37.262
gnb,sex_m,age_aggregate_y25_54,geo_cov_nat,2019,9.353
gnb,sex_m,age_aggregate_y25_54,geo_cov_nat,2022,9.767
gnb,sex_m,age_aggregate_y25_54,geo_cov_rur,2019,2.701
gnb,sex_m,age_aggregate_y25_54,geo_cov_rur,2022,3.304
gnb,sex_m,age_aggregate_y25_54,geo_cov_urb,2019,16.911
gnb,sex_m,age_aggregate_y25_54,geo_cov_urb,2022,16.954
gnb,sex_m,age_aggregate_y55_64,geo_cov_nat,2022,1.946
gnb,sex_m,age_aggregate_y55_64,geo_cov_urb,2022,3.408
gnb,sex_m,age_aggregate_yge65,geo_cov_nat,2022,1.756
gnb,sex_m,age_ythadult_y15_24,geo_cov_nat,2019,8.094
gnb,sex_m,age_ythadult_y15_24,geo_cov_nat,2022,16.128
gnb,sex_m,age_ythadult_y15_24,geo_cov_rur,2019,2.664
gnb,sex_m,age_ythadult_y15_24,geo_cov_rur,2022,5.64
gnb,sex_m,age_ythadult_y15_24,geo_cov_urb,2019,16.357
gnb,sex_m,age_ythadult_y15_24,geo_cov_urb,2022,37.262
gnb,sex_m,age_ythadult_y15_64,geo_cov_nat,2019,8.484
gnb,sex_m,age_ythadult_y15_64,geo_cov_nat,2022,10.845
gnb,sex_m,age_ythadult_y15_64,geo_cov_rur,2022,3.845
gnb,sex_m,age_ythadult_y15_64,geo_cov_urb,2019,16.43
gnb,sex_m,age_ythadult_y15_64,geo_cov_urb,2022,20.007
gnb,sex_m,age_ythadult_yge15,geo_cov_nat,2019,8.442
gnb,sex_m,age_ythadult_yge15,geo_cov_nat,2022,10.459
gnb,sex_m,age_ythadult_yge15,geo_cov_rur,2019,2.62
gnb,sex_m,age_ythadult_yge15,geo_cov_rur,2022,3.679
gnb,sex_m,age_ythadult_yge15,geo_cov_urb,2019,16.417
gnb,sex_m,age_ythadult_yge15,geo_cov_urb,2022,19.56
gnb,sex_m,age_ythadult_yge25,geo_cov_nat,2019,9.008
gnb,sex_m,age_ythadult_yge25,geo_cov_nat,2022,8.487
gnb,sex_m,age_ythadult_yge25,geo_cov_rur,2019,2.538
gnb,sex_m,age_ythadult_yge25,geo_cov_rur,2022,2.834
gnb,sex_m,age_ythadult_yge25,geo_cov_urb,2019,16.5
gnb,sex_m,age_ythadult_yge25,geo_cov_urb,2022,15.122
gnb,sex_t,age_aggregate_total,geo_cov_nat,2019,9.606
gnb,sex_t,age_aggregate_total,geo_cov_nat,2022,10.135
gnb,sex_t,age_aggregate_total,geo_cov_rur,2019,2.724
gnb,sex_t,age_aggregate_total,geo_cov_rur,2022,3.643
gnb,sex_t,age_aggregate_total,geo_cov_urb,2019,19.338
gnb,sex_t,age_aggregate_total,geo_cov_urb,2022,19.945
gnb,sex_t,age_aggregate_y15_24,geo_cov_nat,2019,9.781
gnb,sex_t,age_aggregate_y15_24,geo_cov_nat,2022,15.107
gnb,sex_t,age_aggregate_y15_24,geo_cov_rur,2019,2.781
gnb,sex_t,age_aggregate_y15_24,geo_cov_rur,2022,5.506
gnb,sex_t,age_aggregate_y15_24,geo_cov_urb,2019,20.273
gnb,sex_t,age_aggregate_y15_24,geo_cov_urb,2022,36.048
gnb,sex_t,age_aggregate_y25_54,geo_cov_nat,2019,9.848
gnb,sex_t,age_aggregate_y25_54,geo_cov_nat,2022,9.86
gnb,sex_t,age_aggregate_y25_54,geo_cov_rur,2019,2.85
gnb,sex_t,age_aggregate_y25_54,geo_cov_rur,2022,3.403
gnb,sex_t,age_aggregate_y25_54,geo_cov_urb,2019,18.584
gnb,sex_t,age_aggregate_y25_54,geo_cov_urb,2022,18.2
gnb,sex_t,age_aggregate_y55_64,geo_cov_nat,2022,1.538
gnb,sex_t,age_aggregate_y55_64,geo_cov_rur,2022,0.766
gnb,sex_t,age_aggregate_y55_64,geo_cov_urb,2022,2.69
gnb,sex_t,age_aggregate_yge65,geo_cov_nat,2022,1.584
gnb,sex_t,age_aggregate_yge65,geo_cov_rur,2022,0.703
gnb,sex_t,age_aggregate_yge65,geo_cov_urb,2022,3.762
gnb,sex_t,age_ythadult_y15_24,geo_cov_nat,2019,9.781
gnb,sex_t,age_ythadult_y15_24,geo_cov_nat,2022,15.107
gnb,sex_t,age_ythadult_y15_24,geo_cov_rur,2019,2.781
gnb,sex_t,age_ythadult_y15_24,geo_cov_rur,2022,5.506
gnb,sex_t,age_ythadult_y15_24,geo_cov_urb,2019,20.273
gnb,sex_t,age_ythadult_y15_24,geo_cov_urb,2022,36.048
gnb,sex_t,age_ythadult_y15_64,geo_cov_nat,2019,9.679
gnb,sex_t,age_ythadult_y15_64,geo_cov_nat,2022,10.508
gnb,sex_t,age_ythadult_y15_64,geo_cov_rur,2022,3.796
gnb,sex_t,age_ythadult_y15_64,geo_cov_urb,2019,19.405
gnb,sex_t,age_ythadult_y15_64,geo_cov_urb,2022,20.45
gnb,sex_t,age_ythadult_yge15,geo_cov_nat,2019,9.606
gnb,sex_t,age_ythadult_yge15,geo_cov_nat,2022,10.135
gnb,sex_t,age_ythadult_yge15,geo_cov_rur,2019,2.724
gnb,sex_t,age_ythadult_yge15,geo_cov_rur,2022,3.643
gnb,sex_t,age_ythadult_yge15,geo_cov_urb,2019,19.338
gnb,sex_t,age_ythadult_yge15,geo_cov_urb,2022,19.945
gnb,sex_t,age_ythadult_yge25,geo_cov_nat,2019,9.338
gnb,sex_t,age_ythadult_yge25,geo_cov_nat,2022,8.568
gnb,sex_t,age_ythadult_yge25,geo_cov_rur,2019,2.632
gnb,sex_t,age_ythadult_yge25,geo_cov_rur,2022,2.943
gnb,sex_t,age_ythadult_yge25,geo_cov_urb,2019,18.024
gnb,sex_t,age_ythadult_yge25,geo_cov_urb,2022,16.189
grc,sex_f,age_aggregate_total,geo_cov_nat,1987,12.081
grc,sex_f,age_aggregate_total,geo_cov_nat,1988,13.309
grc,sex_f,age_aggregate_total,geo_cov_nat,1989,13.02
grc,sex_f,age_aggregate_total,geo_cov_nat,1990,12.333
grc,sex_f,age_aggregate_total,geo_cov_nat,1991,13.309
grc,sex_f,age_aggregate_total,geo_cov_nat,1992,17.704
grc,sex_f,age_aggregate_total,geo_cov_nat,1993,18.7
grc,sex_f,age_aggregate_total,geo_cov_nat,1994,17.477
grc,sex_f,age_aggregate_total,geo_cov_nat,1995,17.493
grc,sex_f,age_aggregate_total,geo_cov_nat,1996,18.775
grc,sex_f,age_aggregate_total,geo_cov_nat,1997,18.227
grc,sex_f,age_aggregate_total,geo_cov_nat,1998,21.605
grc,sex_f,age_aggregate_total,geo_cov_nat,1999,21.308
grc,sex_f,age_aggregate_total,geo_cov_nat,2000,19.827
grc,sex_f,age_aggregate_total,geo_cov_nat,2001,18.815
grc,sex_f,age_aggregate_total,geo_cov_nat,2002,18.478
grc,sex_f,age_aggregate_total,geo_cov_nat,2003,17.246
grc,sex_f,age_aggregate_total,geo_cov_nat,2004,18.526
grc,sex_f,age_aggregate_total,geo_cov_nat,2005,17.316
grc,sex_f,age_aggregate_total,geo_cov_nat,2006,15.634
grc,sex_f,age_aggregate_total,geo_cov_nat,2007,14.81
grc,sex_f,age_aggregate_total,geo_cov_nat,2008,13.456
grc,sex_f,age_aggregate_total,geo_cov_nat,2009,15.652
grc,sex_f,age_aggregate_total,geo_cov_nat,2010,18.565
grc,sex_f,age_aggregate_total,geo_cov_nat,2011,23.98
grc,sex_f,age_aggregate_total,geo_cov_nat,2012,31.272
grc,sex_f,age_aggregate_total,geo_cov_nat,2013,34.661
grc,sex_f,age_aggregate_total,geo_cov_nat,2014,33.391
grc,sex_f,age_aggregate_total,geo_cov_nat,2015,32.068
grc,sex_f,age_aggregate_total,geo_cov_nat,2016,31.403
grc,sex_f,age_aggregate_total,geo_cov_nat,2017,29.745
grc,sex_f,age_aggregate_total,geo_cov_nat,2018,27.982
grc,sex_f,age_aggregate_total,geo_cov_nat,2019,24.828
grc,sex_f,age_aggregate_total,geo_cov_nat,2020,24.103
grc,sex_f,age_aggregate_total,geo_cov_nat,2021,23.489
grc,sex_f,age_aggregate_total,geo_cov_nat,2022,19.927
grc,sex_f,age_aggregate_total,geo_cov_nat,2023,17.515
grc,sex_f,age_aggregate_total,geo_cov_nat,2024,15.143
grc,sex_f,age_aggregate_total,geo_cov_rur,1987,4.353
grc,sex_f,age_aggregate_total,geo_cov_rur,1988,5.214
grc,sex_f,age_aggregate_total,geo_cov_rur,1989,4.562
grc,sex_f,age_aggregate_total,geo_cov_rur,1990,5.505
grc,sex_f,age_aggregate_total,geo_cov_rur,1991,6.129
grc,sex_f,age_aggregate_total,geo_cov_rur,1992,10.084
grc,sex_f,age_aggregate_total,geo_cov_rur,1993,10.45
grc,sex_f,age_aggregate_total,geo_cov_rur,1994,8.439
grc,sex_f,age_aggregate_total,geo_cov_rur,1995,9.807
grc,sex_f,age_aggregate_total,geo_cov_rur,1996,10.423
grc,sex_f,age_aggregate_total,geo_cov_rur,1997,10.128
grc,sex_f,age_aggregate_total,geo_cov_rur,1998,14.524
grc,sex_f,age_aggregate_total,geo_cov_rur,1999,15.265
grc,sex_f,age_aggregate_total,geo_cov_rur,2000,14.247
grc,sex_f,age_aggregate_total,geo_cov_rur,2001,14.087
grc,sex_f,age_aggregate_total,geo_cov_rur,2002,14.833
grc,sex_f,age_aggregate_total,geo_cov_rur,2003,14.257
grc,sex_f,age_aggregate_total,geo_cov_rur,2004,17.785
grc,sex_f,age_aggregate_total,geo_cov_rur,2005,16.508
grc,sex_f,age_aggregate_total,geo_cov_rur,2006,15.642
grc,sex_f,age_aggregate_total,geo_cov_rur,2007,14.311
grc,sex_f,age_aggregate_total,geo_cov_rur,2008,13.064
grc,sex_f,age_aggregate_total,geo_cov_rur,2009,14.478
grc,sex_f,age_aggregate_total,geo_cov_rur,2010,17.321
grc,sex_f,age_aggregate_total,geo_cov_rur,2011,20.617
grc,sex_f,age_aggregate_total,geo_cov_rur,2012,26.795
grc,sex_f,age_aggregate_total,geo_cov_rur,2013,30.226
grc,sex_f,age_aggregate_total,geo_cov_rur,2014,28.985
grc,sex_f,age_aggregate_total,geo_cov_rur,2015,27.466
grc,sex_f,age_aggregate_total,geo_cov_rur,2016,25.907
grc,sex_f,age_aggregate_total,geo_cov_rur,2017,24.652
grc,sex_f,age_aggregate_total,geo_cov_rur,2018,23.487
grc,sex_f,age_aggregate_total,geo_cov_rur,2019,21.939
grc,sex_f,age_aggregate_total,geo_cov_rur,2020,24.383
grc,sex_f,age_aggregate_total,geo_cov_rur,2021,23.039
grc,sex_f,age_aggregate_total,geo_cov_rur,2022,20.395
grc,sex_f,age_aggregate_total,geo_cov_rur,2023,17.814
grc,sex_f,age_aggregate_total,geo_cov_rur,2024,15.125
grc,sex_f,age_aggregate_total,geo_cov_urb,1987,15.744
grc,sex_f,age_aggregate_total,geo_cov_urb,1988,17.001
grc,sex_f,age_aggregate_total,geo_cov_urb,1989,16.704
grc,sex_f,age_aggregate_total,geo_cov_urb,1990,15.191
grc,sex_f,age_aggregate_total,geo_cov_urb,1991,15.988
grc,sex_f,age_aggregate_total,geo_cov_urb,1992,20.45
grc,sex_f,age_aggregate_total,geo_cov_urb,1993,21.14
grc,sex_f,age_aggregate_total,geo_cov_urb,1994,20.302
grc,sex_f,age_aggregate_total,geo_cov_urb,1995,19.791
grc,sex_f,age_aggregate_total,geo_cov_urb,1996,21.328
grc,sex_f,age_aggregate_total,geo_cov_urb,1997,20.707
grc,sex_f,age_aggregate_total,geo_cov_urb,1998,23.573
grc,sex_f,age_aggregate_total,geo_cov_urb,1999,23.004
grc,sex_f,age_aggregate_total,geo_cov_urb,2000,21.326
grc,sex_f,age_aggregate_total,geo_cov_urb,2001,20.011
grc,sex_f,age_aggregate_total,geo_cov_urb,2002,19.384
grc,sex_f,age_aggregate_total,geo_cov_urb,2003,17.988
grc,sex_f,age_aggregate_total,geo_cov_urb,2004,18.69
grc,sex_f,age_aggregate_total,geo_cov_urb,2005,17.487
grc,sex_f,age_aggregate_total,geo_cov_urb,2006,15.632
grc,sex_f,age_aggregate_total,geo_cov_urb,2007,14.912
grc,sex_f,age_aggregate_total,geo_cov_urb,2008,13.536
grc,sex_f,age_aggregate_total,geo_cov_urb,2009,15.902
grc,sex_f,age_aggregate_total,geo_cov_urb,2010,18.844
grc,sex_f,age_aggregate_total,geo_cov_urb,2011,24.699
grc,sex_f,age_aggregate_total,geo_cov_urb,2012,32.256
grc,sex_f,age_aggregate_total,geo_cov_urb,2013,35.635
grc,sex_f,age_aggregate_total,geo_cov_urb,2014,34.329
grc,sex_f,age_aggregate_total,geo_cov_urb,2015,33.038
grc,sex_f,age_aggregate_total,geo_cov_urb,2016,32.555
grc,sex_f,age_aggregate_total,geo_cov_urb,2017,30.826
grc,sex_f,age_aggregate_total,geo_cov_urb,2018,28.924
grc,sex_f,age_aggregate_total,geo_cov_urb,2019,25.435
grc,sex_f,age_aggregate_total,geo_cov_urb,2020,24.045
grc,sex_f,age_aggregate_total,geo_cov_urb,2021,23.59
grc,sex_f,age_aggregate_total,geo_cov_urb,2022,19.823
grc,sex_f,age_aggregate_total,geo_cov_urb,2023,17.444
grc,sex_f,age_aggregate_total,geo_cov_urb,2024,15.147
grc,sex_f,age_aggregate_y15_24,geo_cov_nat,1987,35.318
grc,sex_f,age_aggregate_y15_24,geo_cov_nat,1988,37.306
grc,sex_f,age_aggregate_y15_24,geo_cov_nat,1989,35.073
grc,sex_f,age_aggregate_y15_24,geo_cov_nat,1990,33.641
grc,sex_f,age_aggregate_y15_24,geo_cov_nat,1991,34.27
grc,sex_f,age_aggregate_y15_24,geo_cov_nat,1992,40.887
grc,sex_f,age_aggregate_y15_24,geo_cov_nat,1993,44.222
grc,sex_f,age_aggregate_y15_24,geo_cov_nat,1994,41.713
grc,sex_f,age_aggregate_y15_24,geo_cov_nat,1995,44.721
grc,sex_f,age_aggregate_y15_24,geo_cov_nat,1996,45.007
grc,sex_f,age_aggregate_y15_24,geo_cov_nat,1997,45.311
grc,sex_f,age_aggregate_y15_24,geo_cov_nat,1998,46.306
grc,sex_f,age_aggregate_y15_24,geo_cov_nat,1999,44.702
grc,sex_f,age_aggregate_y15_24,geo_cov_nat,2000,40.899
grc,sex_f,age_aggregate_y15_24,geo_cov_nat,2001,38.901
grc,sex_f,age_aggregate_y15_24,geo_cov_nat,2002,38.462
grc,sex_f,age_aggregate_y15_24,geo_cov_nat,2003,38.783
grc,sex_f,age_aggregate_y15_24,geo_cov_nat,2004,38.257
grc,sex_f,age_aggregate_y15_24,geo_cov_nat,2005,36.343
grc,sex_f,age_aggregate_y15_24,geo_cov_nat,2006,37.17
grc,sex_f,age_aggregate_y15_24,geo_cov_nat,2007,34.382
grc,sex_f,age_aggregate_y15_24,geo_cov_nat,2008,31.033
grc,sex_f,age_aggregate_y15_24,geo_cov_nat,2009,36.286
grc,sex_f,age_aggregate_y15_24,geo_cov_nat,2010,42.94
grc,sex_f,age_aggregate_y15_24,geo_cov_nat,2011,54.425
grc,sex_f,age_aggregate_y15_24,geo_cov_nat,2012,65.744
grc,sex_f,age_aggregate_y15_24,geo_cov_nat,2013,67.046
grc,sex_f,age_aggregate_y15_24,geo_cov_nat,2014,61.696
grc,sex_f,age_aggregate_y15_24,geo_cov_nat,2015,58.972
grc,sex_f,age_aggregate_y15_24,geo_cov_nat,2016,56.004
grc,sex_f,age_aggregate_y15_24,geo_cov_nat,2017,52.691
grc,sex_f,age_aggregate_y15_24,geo_cov_nat,2018,49.172
grc,sex_f,age_aggregate_y15_24,geo_cov_nat,2019,42.071
grc,sex_f,age_aggregate_y15_24,geo_cov_nat,2020,44.467
grc,sex_f,age_aggregate_y15_24,geo_cov_nat,2021,48.143
grc,sex_f,age_aggregate_y15_24,geo_cov_nat,2022,43.64
grc,sex_f,age_aggregate_y15_24,geo_cov_nat,2023,34.876
grc,sex_f,age_aggregate_y15_24,geo_cov_nat,2024,28.838
grc,sex_f,age_aggregate_y15_24,geo_cov_rur,1987,26.997
grc,sex_f,age_aggregate_y15_24,geo_cov_rur,1988,28.141
grc,sex_f,age_aggregate_y15_24,geo_cov_rur,1989,24.062
grc,sex_f,age_aggregate_y15_24,geo_cov_rur,1990,28.07
grc,sex_f,age_aggregate_y15_24,geo_cov_rur,1991,29.412
grc,sex_f,age_aggregate_y15_24,geo_cov_rur,1992,38.537
grc,sex_f,age_aggregate_y15_24,geo_cov_rur,1993,43.675
grc,sex_f,age_aggregate_y15_24,geo_cov_rur,1994,37.243
grc,sex_f,age_aggregate_y15_24,geo_cov_rur,1995,44.936
grc,sex_f,age_aggregate_y15_24,geo_cov_rur,1996,41.519
grc,sex_f,age_aggregate_y15_24,geo_cov_rur,1997,42.749
grc,sex_f,age_aggregate_y15_24,geo_cov_rur,1998,47.771
grc,sex_f,age_aggregate_y15_24,geo_cov_rur,1999,43.58
grc,sex_f,age_aggregate_y15_24,geo_cov_rur,2000,41.393
grc,sex_f,age_aggregate_y15_24,geo_cov_rur,2001,37.306
grc,sex_f,age_aggregate_y15_24,geo_cov_rur,2002,42.669
grc,sex_f,age_aggregate_y15_24,geo_cov_rur,2003,43.917
grc,sex_f,age_aggregate_y15_24,geo_cov_rur,2004,43.505
grc,sex_f,age_aggregate_y15_24,geo_cov_rur,2005,42.786
grc,sex_f,age_aggregate_y15_24,geo_cov_rur,2006,41.383
grc,sex_f,age_aggregate_y15_24,geo_cov_rur,2007,38.047
grc,sex_f,age_aggregate_y15_24,geo_cov_rur,2008,38.777
grc,sex_f,age_aggregate_y15_24,geo_cov_rur,2009,41.368
grc,sex_f,age_aggregate_y15_24,geo_cov_rur,2010,46.604
grc,sex_f,age_aggregate_y15_24,geo_cov_rur,2011,54.532
grc,sex_f,age_aggregate_y15_24,geo_cov_rur,2012,66.587
grc,sex_f,age_aggregate_y15_24,geo_cov_rur,2013,69.453
grc,sex_f,age_aggregate_y15_24,geo_cov_rur,2014,64.854
grc,sex_f,age_aggregate_y15_24,geo_cov_rur,2015,70.142
grc,sex_f,age_aggregate_y15_24,geo_cov_rur,2016,60.6
grc,sex_f,age_aggregate_y15_24,geo_cov_rur,2017,51.379
grc,sex_f,age_aggregate_y15_24,geo_cov_rur,2018,51.928
grc,sex_f,age_aggregate_y15_24,geo_cov_rur,2019,49.59
grc,sex_f,age_aggregate_y15_24,geo_cov_rur,2020,54.81
grc,sex_f,age_aggregate_y15_24,geo_cov_rur,2021,51.191
grc,sex_f,age_aggregate_y15_24,geo_cov_rur,2022,55.137
grc,sex_f,age_aggregate_y15_24,geo_cov_rur,2023,45.59
grc,sex_f,age_aggregate_y15_24,geo_cov_rur,2024,33.488
grc,sex_f,age_aggregate_y15_24,geo_cov_urb,1987,37.584
grc,sex_f,age_aggregate_y15_24,geo_cov_urb,1988,39.774
grc,sex_f,age_aggregate_y15_24,geo_cov_urb,1989,38.04
grc,sex_f,age_aggregate_y15_24,geo_cov_urb,1990,35.184
grc,sex_f,age_aggregate_y15_24,geo_cov_urb,1991,35.484
grc,sex_f,age_aggregate_y15_24,geo_cov_urb,1992,41.458
grc,sex_f,age_aggregate_y15_24,geo_cov_urb,1993,44.348
grc,sex_f,age_aggregate_y15_24,geo_cov_urb,1994,42.624
grc,sex_f,age_aggregate_y15_24,geo_cov_urb,1995,44.676
grc,sex_f,age_aggregate_y15_24,geo_cov_urb,1996,45.824
grc,sex_f,age_aggregate_y15_24,geo_cov_urb,1997,45.907
grc,sex_f,age_aggregate_y15_24,geo_cov_urb,1998,45.971
grc,sex_f,age_aggregate_y15_24,geo_cov_urb,1999,44.972
grc,sex_f,age_aggregate_y15_24,geo_cov_urb,2000,40.789
grc,sex_f,age_aggregate_y15_24,geo_cov_urb,2001,39.258
grc,sex_f,age_aggregate_y15_24,geo_cov_urb,2002,37.536
grc,sex_f,age_aggregate_y15_24,geo_cov_urb,2003,37.584
grc,sex_f,age_aggregate_y15_24,geo_cov_urb,2004,37.101
grc,sex_f,age_aggregate_y15_24,geo_cov_urb,2005,34.938
grc,sex_f,age_aggregate_y15_24,geo_cov_urb,2006,36.284
grc,sex_f,age_aggregate_y15_24,geo_cov_urb,2007,33.677
grc,sex_f,age_aggregate_y15_24,geo_cov_urb,2008,29.557
grc,sex_f,age_aggregate_y15_24,geo_cov_urb,2009,35.145
grc,sex_f,age_aggregate_y15_24,geo_cov_urb,2010,42.056
grc,sex_f,age_aggregate_y15_24,geo_cov_urb,2011,54.402
grc,sex_f,age_aggregate_y15_24,geo_cov_urb,2012,65.547
grc,sex_f,age_aggregate_y15_24,geo_cov_urb,2013,66.518
grc,sex_f,age_aggregate_y15_24,geo_cov_urb,2014,61.038
grc,sex_f,age_aggregate_y15_24,geo_cov_urb,2015,56.703
grc,sex_f,age_aggregate_y15_24,geo_cov_urb,2016,55.008
grc,sex_f,age_aggregate_y15_24,geo_cov_urb,2017,52.965
grc,sex_f,age_aggregate_y15_24,geo_cov_urb,2018,48.56
grc,sex_f,age_aggregate_y15_24,geo_cov_urb,2019,40.421
grc,sex_f,age_aggregate_y15_24,geo_cov_urb,2020,42.457
grc,sex_f,age_aggregate_y15_24,geo_cov_urb,2021,47.514
grc,sex_f,age_aggregate_y15_24,geo_cov_urb,2022,40.64
grc,sex_f,age_aggregate_y15_24,geo_cov_urb,2023,32.098
grc,sex_f,age_aggregate_y15_24,geo_cov_urb,2024,27.694
grc,sex_f,age_aggregate_y25_54,geo_cov_nat,1987,8.701
grc,sex_f,age_aggregate_y25_54,geo_cov_nat,1988,9.878
grc,sex_f,age_aggregate_y25_54,geo_cov_nat,1989,9.737
grc,sex_f,age_aggregate_y25_54,geo_cov_nat,1990,9.093
grc,sex_f,age_aggregate_y25_54,geo_cov_nat,1991,10.007
grc,sex_f,age_aggregate_y25_54,geo_cov_nat,1992,14.283
grc,sex_f,age_aggregate_y25_54,geo_cov_nat,1993,14.796
grc,sex_f,age_aggregate_y25_54,geo_cov_nat,1994,14.326
grc,sex_f,age_aggregate_y25_54,geo_cov_nat,1995,14.011
grc,sex_f,age_aggregate_y25_54,geo_cov_nat,1996,15.524
grc,sex_f,age_aggregate_y25_54,geo_cov_nat,1997,15.057
grc,sex_f,age_aggregate_y25_54,geo_cov_nat,1998,18.317
grc,sex_f,age_aggregate_y25_54,geo_cov_nat,1999,18.513
grc,sex_f,age_aggregate_y25_54,geo_cov_nat,2000,17.661
grc,sex_f,age_aggregate_y25_54,geo_cov_nat,2001,16.871
grc,sex_f,age_aggregate_y25_54,geo_cov_nat,2002,16.518
grc,sex_f,age_aggregate_y25_54,geo_cov_nat,2003,15.546
grc,sex_f,age_aggregate_y25_54,geo_cov_nat,2004,16.847
grc,sex_f,age_aggregate_y25_54,geo_cov_nat,2005,16.077
grc,sex_f,age_aggregate_y25_54,geo_cov_nat,2006,14.121
grc,sex_f,age_aggregate_y25_54,geo_cov_nat,2007,13.726
grc,sex_f,age_aggregate_y25_54,geo_cov_nat,2008,12.661
grc,sex_f,age_aggregate_y25_54,geo_cov_nat,2009,14.594
grc,sex_f,age_aggregate_y25_54,geo_cov_nat,2010,17.571
grc,sex_f,age_aggregate_y25_54,geo_cov_nat,2011,22.875
grc,sex_f,age_aggregate_y25_54,geo_cov_nat,2012,29.86
grc,sex_f,age_aggregate_y25_54,geo_cov_nat,2013,33.75
grc,sex_f,age_aggregate_y25_54,geo_cov_nat,2014,32.402
grc,sex_f,age_aggregate_y25_54,geo_cov_nat,2015,31.14
grc,sex_f,age_aggregate_y25_54,geo_cov_nat,2016,30.728
grc,sex_f,age_aggregate_y25_54,geo_cov_nat,2017,28.797
grc,sex_f,age_aggregate_y25_54,geo_cov_nat,2018,27.288
grc,sex_f,age_aggregate_y25_54,geo_cov_nat,2019,24.451
grc,sex_f,age_aggregate_y25_54,geo_cov_nat,2020,23.881
grc,sex_f,age_aggregate_y25_54,geo_cov_nat,2021,22.909
grc,sex_f,age_aggregate_y25_54,geo_cov_nat,2022,19.116
grc,sex_f,age_aggregate_y25_54,geo_cov_nat,2023,17.298
grc,sex_f,age_aggregate_y25_54,geo_cov_nat,2024,14.935
grc,sex_f,age_aggregate_y25_54,geo_cov_rur,1987,2.17
grc,sex_f,age_aggregate_y25_54,geo_cov_rur,1988,3.215
grc,sex_f,age_aggregate_y25_54,geo_cov_rur,1989,2.788
grc,sex_f,age_aggregate_y25_54,geo_cov_rur,1990,3.25
grc,sex_f,age_aggregate_y25_54,geo_cov_rur,1991,3.806
grc,sex_f,age_aggregate_y25_54,geo_cov_rur,1992,8.385
grc,sex_f,age_aggregate_y25_54,geo_cov_rur,1993,6.932
grc,sex_f,age_aggregate_y25_54,geo_cov_rur,1994,6.483
grc,sex_f,age_aggregate_y25_54,geo_cov_rur,1995,7.601
grc,sex_f,age_aggregate_y25_54,geo_cov_rur,1996,8.607
grc,sex_f,age_aggregate_y25_54,geo_cov_rur,1997,8.216
grc,sex_f,age_aggregate_y25_54,geo_cov_rur,1998,12.342
grc,sex_f,age_aggregate_y25_54,geo_cov_rur,1999,14.015
grc,sex_f,age_aggregate_y25_54,geo_cov_rur,2000,13.503
grc,sex_f,age_aggregate_y25_54,geo_cov_rur,2001,13.861
grc,sex_f,age_aggregate_y25_54,geo_cov_rur,2002,14.149
grc,sex_f,age_aggregate_y25_54,geo_cov_rur,2003,13.376
grc,sex_f,age_aggregate_y25_54,geo_cov_rur,2004,17.456
grc,sex_f,age_aggregate_y25_54,geo_cov_rur,2005,16.295
grc,sex_f,age_aggregate_y25_54,geo_cov_rur,2006,15.384
grc,sex_f,age_aggregate_y25_54,geo_cov_rur,2007,14.711
grc,sex_f,age_aggregate_y25_54,geo_cov_rur,2008,13.074
grc,sex_f,age_aggregate_y25_54,geo_cov_rur,2009,14.438
grc,sex_f,age_aggregate_y25_54,geo_cov_rur,2010,17.384
grc,sex_f,age_aggregate_y25_54,geo_cov_rur,2011,21.068
grc,sex_f,age_aggregate_y25_54,geo_cov_rur,2012,26.66
grc,sex_f,age_aggregate_y25_54,geo_cov_rur,2013,31.569
grc,sex_f,age_aggregate_y25_54,geo_cov_rur,2014,30.265
grc,sex_f,age_aggregate_y25_54,geo_cov_rur,2015,28.143
grc,sex_f,age_aggregate_y25_54,geo_cov_rur,2016,27.836
grc,sex_f,age_aggregate_y25_54,geo_cov_rur,2017,26.806
grc,sex_f,age_aggregate_y25_54,geo_cov_rur,2018,25.289
grc,sex_f,age_aggregate_y25_54,geo_cov_rur,2019,23.475
grc,sex_f,age_aggregate_y25_54,geo_cov_rur,2020,26.823
grc,sex_f,age_aggregate_y25_54,geo_cov_rur,2021,25.128
grc,sex_f,age_aggregate_y25_54,geo_cov_rur,2022,21.211
grc,sex_f,age_aggregate_y25_54,geo_cov_rur,2023,18.869
grc,sex_f,age_aggregate_y25_54,geo_cov_rur,2024,16.364
grc,sex_f,age_aggregate_y25_54,geo_cov_urb,1987,11.255
grc,sex_f,age_aggregate_y25_54,geo_cov_urb,1988,12.317
grc,sex_f,age_aggregate_y25_54,geo_cov_urb,1989,12.18
grc,sex_f,age_aggregate_y25_54,geo_cov_urb,1990,11.013
grc,sex_f,age_aggregate_y25_54,geo_cov_urb,1991,11.848
grc,sex_f,age_aggregate_y25_54,geo_cov_urb,1992,15.931
grc,sex_f,age_aggregate_y25_54,geo_cov_urb,1993,16.537
grc,sex_f,age_aggregate_y25_54,geo_cov_urb,1994,16.208
grc,sex_f,age_aggregate_y25_54,geo_cov_urb,1995,15.408
grc,sex_f,age_aggregate_y25_54,geo_cov_urb,1996,17.086
grc,sex_f,age_aggregate_y25_54,geo_cov_urb,1997,16.618
grc,sex_f,age_aggregate_y25_54,geo_cov_urb,1998,19.617
grc,sex_f,age_aggregate_y25_54,geo_cov_urb,1999,19.514
grc,sex_f,age_aggregate_y25_54,geo_cov_urb,2000,18.571
grc,sex_f,age_aggregate_y25_54,geo_cov_urb,2001,17.488
grc,sex_f,age_aggregate_y25_54,geo_cov_urb,2002,17.005
grc,sex_f,age_aggregate_y25_54,geo_cov_urb,2003,15.992
grc,sex_f,age_aggregate_y25_54,geo_cov_urb,2004,16.732
grc,sex_f,age_aggregate_y25_54,geo_cov_urb,2005,16.038
grc,sex_f,age_aggregate_y25_54,geo_cov_urb,2006,13.899
grc,sex_f,age_aggregate_y25_54,geo_cov_urb,2007,13.554
grc,sex_f,age_aggregate_y25_54,geo_cov_urb,2008,12.589
grc,sex_f,age_aggregate_y25_54,geo_cov_urb,2009,14.623
grc,sex_f,age_aggregate_y25_54,geo_cov_urb,2010,17.607
grc,sex_f,age_aggregate_y25_54,geo_cov_urb,2011,23.216
grc,sex_f,age_aggregate_y25_54,geo_cov_urb,2012,30.496
grc,sex_f,age_aggregate_y25_54,geo_cov_urb,2013,34.176
grc,sex_f,age_aggregate_y25_54,geo_cov_urb,2014,32.798
grc,sex_f,age_aggregate_y25_54,geo_cov_urb,2015,31.697
grc,sex_f,age_aggregate_y25_54,geo_cov_urb,2016,31.261
grc,sex_f,age_aggregate_y25_54,geo_cov_urb,2017,29.166
grc,sex_f,age_aggregate_y25_54,geo_cov_urb,2018,27.65
grc,sex_f,age_aggregate_y25_54,geo_cov_urb,2019,24.63
grc,sex_f,age_aggregate_y25_54,geo_cov_urb,2020,23.352
grc,sex_f,age_aggregate_y25_54,geo_cov_urb,2021,22.466
grc,sex_f,age_aggregate_y25_54,geo_cov_urb,2022,18.706
grc,sex_f,age_aggregate_y25_54,geo_cov_urb,2023,16.968
grc,sex_f,age_aggregate_y25_54,geo_cov_urb,2024,14.664
grc,sex_f,age_aggregate_y55_64,geo_cov_nat,1987,1.469
grc,sex_f,age_aggregate_y55_64,geo_cov_nat,1988,1.453
grc,sex_f,age_aggregate_y55_64,geo_cov_nat,1989,1.763
grc,sex_f,age_aggregate_y55_64,geo_cov_nat,1990,1.417
grc,sex_f,age_aggregate_y55_64,geo_cov_nat,1991,1.954
grc,sex_f,age_aggregate_y55_64,geo_cov_nat,1992,5.641
grc,sex_f,age_aggregate_y55_64,geo_cov_nat,1993,4.783
grc,sex_f,age_aggregate_y55_64,geo_cov_nat,1994,4.785
grc,sex_f,age_aggregate_y55_64,geo_cov_nat,1995,3.537
grc,sex_f,age_aggregate_y55_64,geo_cov_nat,1996,4.968
grc,sex_f,age_aggregate_y55_64,geo_cov_nat,1997,4.585
grc,sex_f,age_aggregate_y55_64,geo_cov_nat,1998,6.782
grc,sex_f,age_aggregate_y55_64,geo_cov_nat,1999,6.914
grc,sex_f,age_aggregate_y55_64,geo_cov_nat,2000,5.937
grc,sex_f,age_aggregate_y55_64,geo_cov_nat,2001,6.024
grc,sex_f,age_aggregate_y55_64,geo_cov_nat,2002,7.565
grc,sex_f,age_aggregate_y55_64,geo_cov_nat,2003,5.399
grc,sex_f,age_aggregate_y55_64,geo_cov_nat,2004,7.206
grc,sex_f,age_aggregate_y55_64,geo_cov_nat,2005,6.666
grc,sex_f,age_aggregate_y55_64,geo_cov_nat,2006,7.411
grc,sex_f,age_aggregate_y55_64,geo_cov_nat,2007,6.601
grc,sex_f,age_aggregate_y55_64,geo_cov_nat,2008,6.262
grc,sex_f,age_aggregate_y55_64,geo_cov_nat,2009,8.228
grc,sex_f,age_aggregate_y55_64,geo_cov_nat,2010,8.974
grc,sex_f,age_aggregate_y55_64,geo_cov_nat,2011,10.945
grc,sex_f,age_aggregate_y55_64,geo_cov_nat,2012,17.683
grc,sex_f,age_aggregate_y55_64,geo_cov_nat,2013,21.141
grc,sex_f,age_aggregate_y55_64,geo_cov_nat,2014,22.777
grc,sex_f,age_aggregate_y55_64,geo_cov_nat,2015,24.186
grc,sex_f,age_aggregate_y55_64,geo_cov_nat,2016,24.451
grc,sex_f,age_aggregate_y55_64,geo_cov_nat,2017,25.622
grc,sex_f,age_aggregate_y55_64,geo_cov_nat,2018,24.405
grc,sex_f,age_aggregate_y55_64,geo_cov_nat,2019,20.914
grc,sex_f,age_aggregate_y55_64,geo_cov_nat,2020,18.93
grc,sex_f,age_aggregate_y55_64,geo_cov_nat,2021,19.457
grc,sex_f,age_aggregate_y55_64,geo_cov_nat,2022,16.544
grc,sex_f,age_aggregate_y55_64,geo_cov_nat,2023,12.921
grc,sex_f,age_aggregate_y55_64,geo_cov_nat,2024,11.972
grc,sex_f,age_aggregate_y55_64,geo_cov_rur,1988,0.389
grc,sex_f,age_aggregate_y55_64,geo_cov_rur,1992,1.379
grc,sex_f,age_aggregate_y55_64,geo_cov_rur,1993,1.068
grc,sex_f,age_aggregate_y55_64,geo_cov_rur,1994,1.61
grc,sex_f,age_aggregate_y55_64,geo_cov_rur,1995,1.067
grc,sex_f,age_aggregate_y55_64,geo_cov_rur,1996,0.971
grc,sex_f,age_aggregate_y55_64,geo_cov_rur,1997,1.092
grc,sex_f,age_aggregate_y55_64,geo_cov_rur,1998,2.281
grc,sex_f,age_aggregate_y55_64,geo_cov_rur,1999,3.12
grc,sex_f,age_aggregate_y55_64,geo_cov_rur,2000,2.038
grc,sex_f,age_aggregate_y55_64,geo_cov_rur,2001,2.304
grc,sex_f,age_aggregate_y55_64,geo_cov_rur,2002,2.017
grc,sex_f,age_aggregate_y55_64,geo_cov_rur,2003,2.069
grc,sex_f,age_aggregate_y55_64,geo_cov_rur,2004,2.995
grc,sex_f,age_aggregate_y55_64,geo_cov_rur,2005,3.482
grc,sex_f,age_aggregate_y55_64,geo_cov_rur,2006,4.12
grc,sex_f,age_aggregate_y55_64,geo_cov_rur,2007,3.007
grc,sex_f,age_aggregate_y55_64,geo_cov_rur,2008,3.46
grc,sex_f,age_aggregate_y55_64,geo_cov_rur,2009,3.637
grc,sex_f,age_aggregate_y55_64,geo_cov_rur,2010,5.174
grc,sex_f,age_aggregate_y55_64,geo_cov_rur,2011,5.836
grc,sex_f,age_aggregate_y55_64,geo_cov_rur,2012,9.098
grc,sex_f,age_aggregate_y55_64,geo_cov_rur,2013,10.468
grc,sex_f,age_aggregate_y55_64,geo_cov_rur,2014,12.21
grc,sex_f,age_aggregate_y55_64,geo_cov_rur,2015,12.069
grc,sex_f,age_aggregate_y55_64,geo_cov_rur,2016,9.117
grc,sex_f,age_aggregate_y55_64,geo_cov_rur,2017,10.974
grc,sex_f,age_aggregate_y55_64,geo_cov_rur,2018,12.102
grc,sex_f,age_aggregate_y55_64,geo_cov_rur,2019,11.729
grc,sex_f,age_aggregate_y55_64,geo_cov_rur,2020,12.187
grc,sex_f,age_aggregate_y55_64,geo_cov_rur,2021,12.866
grc,sex_f,age_aggregate_y55_64,geo_cov_rur,2022,10.986
grc,sex_f,age_aggregate_y55_64,geo_cov_rur,2023,9.218
grc,sex_f,age_aggregate_y55_64,geo_cov_rur,2024,8.752
grc,sex_f,age_aggregate_y55_64,geo_cov_urb,1987,3.433
grc,sex_f,age_aggregate_y55_64,geo_cov_urb,1988,3.215
grc,sex_f,age_aggregate_y55_64,geo_cov_urb,1989,4.718
grc,sex_f,age_aggregate_y55_64,geo_cov_urb,1990,3.663
grc,sex_f,age_aggregate_y55_64,geo_cov_urb,1991,4.518
grc,sex_f,age_aggregate_y55_64,geo_cov_urb,1992,11.87
grc,sex_f,age_aggregate_y55_64,geo_cov_urb,1993,9.403
grc,sex_f,age_aggregate_y55_64,geo_cov_urb,1994,8.92
grc,sex_f,age_aggregate_y55_64,geo_cov_urb,1995,6.761
grc,sex_f,age_aggregate_y55_64,geo_cov_urb,1996,9.774
grc,sex_f,age_aggregate_y55_64,geo_cov_urb,1997,8.865
grc,sex_f,age_aggregate_y55_64,geo_cov_urb,1998,11.836
grc,sex_f,age_aggregate_y55_64,geo_cov_urb,1999,10.912
grc,sex_f,age_aggregate_y55_64,geo_cov_urb,2000,9.511
grc,sex_f,age_aggregate_y55_64,geo_cov_urb,2001,9.325
grc,sex_f,age_aggregate_y55_64,geo_cov_urb,2002,11.887
grc,sex_f,age_aggregate_y55_64,geo_cov_urb,2003,7.852
grc,sex_f,age_aggregate_y55_64,geo_cov_urb,2004,9.738
grc,sex_f,age_aggregate_y55_64,geo_cov_urb,2005,8.476
grc,sex_f,age_aggregate_y55_64,geo_cov_urb,2006,9.083
grc,sex_f,age_aggregate_y55_64,geo_cov_urb,2007,8.339
grc,sex_f,age_aggregate_y55_64,geo_cov_urb,2008,7.555
grc,sex_f,age_aggregate_y55_64,geo_cov_urb,2009,10.437
grc,sex_f,age_aggregate_y55_64,geo_cov_urb,2010,10.747
grc,sex_f,age_aggregate_y55_64,geo_cov_urb,2011,13.15
grc,sex_f,age_aggregate_y55_64,geo_cov_urb,2012,21.055
grc,sex_f,age_aggregate_y55_64,geo_cov_urb,2013,25.732
grc,sex_f,age_aggregate_y55_64,geo_cov_urb,2014,27.455
grc,sex_f,age_aggregate_y55_64,geo_cov_urb,2015,29.135
grc,sex_f,age_aggregate_y55_64,geo_cov_urb,2016,30.05
grc,sex_f,age_aggregate_y55_64,geo_cov_urb,2017,31.012
grc,sex_f,age_aggregate_y55_64,geo_cov_urb,2018,28.99
grc,sex_f,age_aggregate_y55_64,geo_cov_urb,2019,24.108
grc,sex_f,age_aggregate_y55_64,geo_cov_urb,2020,21.11
grc,sex_f,age_aggregate_y55_64,geo_cov_urb,2021,21.491
grc,sex_f,age_aggregate_y55_64,geo_cov_urb,2022,18.241
grc,sex_f,age_aggregate_y55_64,geo_cov_urb,2023,14.078
grc,sex_f,age_aggregate_y55_64,geo_cov_urb,2024,12.854
grc,sex_f,age_aggregate_yge65,geo_cov_nat,1992,3.279
grc,sex_f,age_aggregate_yge65,geo_cov_nat,1993,1.949
grc,sex_f,age_aggregate_yge65,geo_cov_nat,1994,1.367
grc,sex_f,age_aggregate_yge65,geo_cov_nat,1995,3.042
grc,sex_f,age_aggregate_yge65,geo_cov_nat,1996,2.887
grc,sex_f,age_aggregate_yge65,geo_cov_nat,1997,1.939
grc,sex_f,age_aggregate_yge65,geo_cov_nat,1998,4.354
grc,sex_f,age_aggregate_yge65,geo_cov_nat,1999,3.14
grc,sex_f,age_aggregate_yge65,geo_cov_nat,2000,2.072
grc,sex_f,age_aggregate_yge65,geo_cov_nat,2001,1.749
grc,sex_f,age_aggregate_yge65,geo_cov_nat,2002,3.462
grc,sex_f,age_aggregate_yge65,geo_cov_nat,2003,2.361
grc,sex_f,age_aggregate_yge65,geo_cov_nat,2004,5.615
grc,sex_f,age_aggregate_yge65,geo_cov_nat,2005,7.174
grc,sex_f,age_aggregate_yge65,geo_cov_nat,2006,5.71
grc,sex_f,age_aggregate_yge65,geo_cov_nat,2007,3.605
grc,sex_f,age_aggregate_yge65,geo_cov_nat,2008,1.733
grc,sex_f,age_aggregate_yge65,geo_cov_nat,2009,4.061
grc,sex_f,age_aggregate_yge65,geo_cov_nat,2010,5.247
grc,sex_f,age_aggregate_yge65,geo_cov_nat,2011,9.887
grc,sex_f,age_aggregate_yge65,geo_cov_nat,2012,13.613
grc,sex_f,age_aggregate_yge65,geo_cov_nat,2013,12.717
grc,sex_f,age_aggregate_yge65,geo_cov_nat,2014,20.218
grc,sex_f,age_aggregate_yge65,geo_cov_nat,2015,17.018
grc,sex_f,age_aggregate_yge65,geo_cov_nat,2016,18.055
grc,sex_f,age_aggregate_yge65,geo_cov_nat,2017,17.697
grc,sex_f,age_aggregate_yge65,geo_cov_nat,2018,17.16
grc,sex_f,age_aggregate_yge65,geo_cov_nat,2019,16.983
grc,sex_f,age_aggregate_yge65,geo_cov_nat,2020,15.202
grc,sex_f,age_aggregate_yge65,geo_cov_nat,2021,13.975
grc,sex_f,age_aggregate_yge65,geo_cov_nat,2022,13.048
grc,sex_f,age_aggregate_yge65,geo_cov_nat,2023,13.848
grc,sex_f,age_aggregate_yge65,geo_cov_nat,2024,13.422
grc,sex_f,age_aggregate_yge65,geo_cov_rur,1996,0.872
grc,sex_f,age_aggregate_yge65,geo_cov_rur,1998,0.421
grc,sex_f,age_aggregate_yge65,geo_cov_rur,1999,0.796
grc,sex_f,age_aggregate_yge65,geo_cov_rur,2000,0.963
grc,sex_f,age_aggregate_yge65,geo_cov_rur,2001,0.855
grc,sex_f,age_aggregate_yge65,geo_cov_rur,2002,0.978
grc,sex_f,age_aggregate_yge65,geo_cov_rur,2006,4.656
grc,sex_f,age_aggregate_yge65,geo_cov_rur,2007,3.263
grc,sex_f,age_aggregate_yge65,geo_cov_rur,2011,2.326
grc,sex_f,age_aggregate_yge65,geo_cov_rur,2012,3.113
grc,sex_f,age_aggregate_yge65,geo_cov_rur,2013,5.433
grc,sex_f,age_aggregate_yge65,geo_cov_rur,2014,9.033
grc,sex_f,age_aggregate_yge65,geo_cov_rur,2015,6.596
grc,sex_f,age_aggregate_yge65,geo_cov_rur,2016,5.535
grc,sex_f,age_aggregate_yge65,geo_cov_rur,2017,5.846
grc,sex_f,age_aggregate_yge65,geo_cov_rur,2018,4.489
grc,sex_f,age_aggregate_yge65,geo_cov_rur,2019,3.061
grc,sex_f,age_aggregate_yge65,geo_cov_rur,2020,3.343
grc,sex_f,age_aggregate_yge65,geo_cov_rur,2021,5.795
grc,sex_f,age_aggregate_yge65,geo_cov_rur,2022,3.728
grc,sex_f,age_aggregate_yge65,geo_cov_rur,2023,4.372
grc,sex_f,age_aggregate_yge65,geo_cov_rur,2024,4.144
grc,sex_f,age_aggregate_yge65,geo_cov_urb,1992,10.489
grc,sex_f,age_aggregate_yge65,geo_cov_urb,1993,4.601
grc,sex_f,age_aggregate_yge65,geo_cov_urb,1994,3.589
grc,sex_f,age_aggregate_yge65,geo_cov_urb,1995,11.365
grc,sex_f,age_aggregate_yge65,geo_cov_urb,1996,8.391
grc,sex_f,age_aggregate_yge65,geo_cov_urb,1997,7.192
grc,sex_f,age_aggregate_yge65,geo_cov_urb,1998,12.725
grc,sex_f,age_aggregate_yge65,geo_cov_urb,1999,7.745
grc,sex_f,age_aggregate_yge65,geo_cov_urb,2000,4.574
grc,sex_f,age_aggregate_yge65,geo_cov_urb,2001,3.302
grc,sex_f,age_aggregate_yge65,geo_cov_urb,2002,8.537
grc,sex_f,age_aggregate_yge65,geo_cov_urb,2003,6.279
grc,sex_f,age_aggregate_yge65,geo_cov_urb,2004,11.087
grc,sex_f,age_aggregate_yge65,geo_cov_urb,2005,13.037
grc,sex_f,age_aggregate_yge65,geo_cov_urb,2006,6.873
grc,sex_f,age_aggregate_yge65,geo_cov_urb,2007,3.994
grc,sex_f,age_aggregate_yge65,geo_cov_urb,2008,2.654
grc,sex_f,age_aggregate_yge65,geo_cov_urb,2009,7.105
grc,sex_f,age_aggregate_yge65,geo_cov_urb,2010,8.526
grc,sex_f,age_aggregate_yge65,geo_cov_urb,2011,15.05
grc,sex_f,age_aggregate_yge65,geo_cov_urb,2012,19.653
grc,sex_f,age_aggregate_yge65,geo_cov_urb,2013,17.412
grc,sex_f,age_aggregate_yge65,geo_cov_urb,2014,30.301
grc,sex_f,age_aggregate_yge65,geo_cov_urb,2015,24.544
grc,sex_f,age_aggregate_yge65,geo_cov_urb,2016,27.909
grc,sex_f,age_aggregate_yge65,geo_cov_urb,2017,27.51
grc,sex_f,age_aggregate_yge65,geo_cov_urb,2018,24.976
grc,sex_f,age_aggregate_yge65,geo_cov_urb,2019,25.706
grc,sex_f,age_aggregate_yge65,geo_cov_urb,2020,22.663
grc,sex_f,age_aggregate_yge65,geo_cov_urb,2021,19.581
grc,sex_f,age_aggregate_yge65,geo_cov_urb,2022,19.103
grc,sex_f,age_aggregate_yge65,geo_cov_urb,2023,19.952
grc,sex_f,age_aggregate_yge65,geo_cov_urb,2024,18.452
grc,sex_f,age_ythadult_y15_24,geo_cov_nat,1987,35.318
grc,sex_f,age_ythadult_y15_24,geo_cov_nat,1988,37.306
grc,sex_f,age_ythadult_y15_24,geo_cov_nat,1989,35.073
grc,sex_f,age_ythadult_y15_24,geo_cov_nat,1990,33.641
grc,sex_f,age_ythadult_y15_24,geo_cov_nat,1991,34.27
grc,sex_f,age_ythadult_y15_24,geo_cov_nat,1992,40.887
grc,sex_f,age_ythadult_y15_24,geo_cov_nat,1993,44.222
grc,sex_f,age_ythadult_y15_24,geo_cov_nat,1994,41.713
grc,sex_f,age_ythadult_y15_24,geo_cov_nat,1995,44.721
grc,sex_f,age_ythadult_y15_24,geo_cov_nat,1996,45.007
grc,sex_f,age_ythadult_y15_24,geo_cov_nat,1997,45.311
grc,sex_f,age_ythadult_y15_24,geo_cov_nat,1998,46.306
grc,sex_f,age_ythadult_y15_24,geo_cov_nat,1999,44.702
grc,sex_f,age_ythadult_y15_24,geo_cov_nat,2000,40.899
grc,sex_f,age_ythadult_y15_24,geo_cov_nat,2001,38.901
grc,sex_f,age_ythadult_y15_24,geo_cov_nat,2002,38.462
grc,sex_f,age_ythadult_y15_24,geo_cov_nat,2003,38.783
grc,sex_f,age_ythadult_y15_24,geo_cov_nat,2004,38.257
grc,sex_f,age_ythadult_y15_24,geo_cov_nat,2005,36.343
grc,sex_f,age_ythadult_y15_24,geo_cov_nat,2006,37.17
grc,sex_f,age_ythadult_y15_24,geo_cov_nat,2007,34.382
grc,sex_f,age_ythadult_y15_24,geo_cov_nat,2008,31.033
grc,sex_f,age_ythadult_y15_24,geo_cov_nat,2009,36.286
grc,sex_f,age_ythadult_y15_24,geo_cov_nat,2010,42.94
grc,sex_f,age_ythadult_y15_24,geo_cov_nat,2011,54.425
grc,sex_f,age_ythadult_y15_24,geo_cov_nat,2012,65.744
grc,sex_f,age_ythadult_y15_24,geo_cov_nat,2013,67.046
grc,sex_f,age_ythadult_y15_24,geo_cov_nat,2014,61.696
grc,sex_f,age_ythadult_y15_24,geo_cov_nat,2015,58.972
grc,sex_f,age_ythadult_y15_24,geo_cov_nat,2016,56.004
grc,sex_f,age_ythadult_y15_24,geo_cov_nat,2017,52.691
grc,sex_f,age_ythadult_y15_24,geo_cov_nat,2018,49.172
grc,sex_f,age_ythadult_y15_24,geo_cov_nat,2019,42.071
grc,sex_f,age_ythadult_y15_24,geo_cov_nat,2020,44.467
grc,sex_f,age_ythadult_y15_24,geo_cov_nat,2021,48.143
grc,sex_f,age_ythadult_y15_24,geo_cov_nat,2022,43.64
grc,sex_f,age_ythadult_y15_24,geo_cov_nat,2023,34.876
grc,sex_f,age_ythadult_y15_24,geo_cov_nat,2024,28.838
grc,sex_f,age_ythadult_y15_24,geo_cov_rur,1987,26.997
grc,sex_f,age_ythadult_y15_24,geo_cov_rur,1988,28.141
grc,sex_f,age_ythadult_y15_24,geo_cov_rur,1989,24.062
grc,sex_f,age_ythadult_y15_24,geo_cov_rur,1990,28.07
grc,sex_f,age_ythadult_y15_24,geo_cov_rur,1991,29.412
grc,sex_f,age_ythadult_y15_24,geo_cov_rur,1992,38.537
grc,sex_f,age_ythadult_y15_24,geo_cov_rur,1993,43.675
grc,sex_f,age_ythadult_y15_24,geo_cov_rur,1994,37.243
grc,sex_f,age_ythadult_y15_24,geo_cov_rur,1995,44.936
grc,sex_f,age_ythadult_y15_24,geo_cov_rur,1996,41.519
grc,sex_f,age_ythadult_y15_24,geo_cov_rur,1997,42.749
grc,sex_f,age_ythadult_y15_24,geo_cov_rur,1998,47.771
grc,sex_f,age_ythadult_y15_24,geo_cov_rur,1999,43.58
grc,sex_f,age_ythadult_y15_24,geo_cov_rur,2000,41.393
grc,sex_f,age_ythadult_y15_24,geo_cov_rur,2001,37.306
grc,sex_f,age_ythadult_y15_24,geo_cov_rur,2002,42.669
grc,sex_f,age_ythadult_y15_24,geo_cov_rur,2003,43.917
grc,sex_f,age_ythadult_y15_24,geo_cov_rur,2004,43.505
grc,sex_f,age_ythadult_y15_24,geo_cov_rur,2005,42.786
grc,sex_f,age_ythadult_y15_24,geo_cov_rur,2006,41.383
grc,sex_f,age_ythadult_y15_24,geo_cov_rur,2007,38.047
grc,sex_f,age_ythadult_y15_24,geo_cov_rur,2008,38.777
grc,sex_f,age_ythadult_y15_24,geo_cov_rur,2009,41.368
grc,sex_f,age_ythadult_y15_24,geo_cov_rur,2010,46.604
grc,sex_f,age_ythadult_y15_24,geo_cov_rur,2011,54.532
grc,sex_f,age_ythadult_y15_24,geo_cov_rur,2012,66.587
grc,sex_f,age_ythadult_y15_24,geo_cov_rur,2013,69.453
grc,sex_f,age_ythadult_y15_24,geo_cov_rur,2014,64.854
grc,sex_f,age_ythadult_y15_24,geo_cov_rur,2015,70.142
grc,sex_f,age_ythadult_y15_24,geo_cov_rur,2016,60.6
grc,sex_f,age_ythadult_y15_24,geo_cov_rur,2017,51.379
grc,sex_f,age_ythadult_y15_24,geo_cov_rur,2018,51.928
grc,sex_f,age_ythadult_y15_24,geo_cov_rur,2019,49.59
grc,sex_f,age_ythadult_y15_24,geo_cov_rur,2020,54.81
grc,sex_f,age_ythadult_y15_24,geo_cov_rur,2021,51.191
grc,sex_f,age_ythadult_y15_24,geo_cov_rur,2022,55.137
grc,sex_f,age_ythadult_y15_24,geo_cov_rur,2023,45.59
grc,sex_f,age_ythadult_y15_24,geo_cov_rur,2024,33.488
grc,sex_f,age_ythadult_y15_24,geo_cov_urb,1987,37.584
grc,sex_f,age_ythadult_y15_24,geo_cov_urb,1988,39.774
grc,sex_f,age_ythadult_y15_24,geo_cov_urb,1989,38.04
grc,sex_f,age_ythadult_y15_24,geo_cov_urb,1990,35.184
grc,sex_f,age_ythadult_y15_24,geo_cov_urb,1991,35.484
grc,sex_f,age_ythadult_y15_24,geo_cov_urb,1992,41.458
grc,sex_f,age_ythadult_y15_24,geo_cov_urb,1993,44.348
grc,sex_f,age_ythadult_y15_24,geo_cov_urb,1994,42.624
grc,sex_f,age_ythadult_y15_24,geo_cov_urb,1995,44.676
grc,sex_f,age_ythadult_y15_24,geo_cov_urb,1996,45.824
grc,sex_f,age_ythadult_y15_24,geo_cov_urb,1997,45.907
grc,sex_f,age_ythadult_y15_24,geo_cov_urb,1998,45.971
grc,sex_f,age_ythadult_y15_24,geo_cov_urb,1999,44.972
grc,sex_f,age_ythadult_y15_24,geo_cov_urb,2000,40.789
grc,sex_f,age_ythadult_y15_24,geo_cov_urb,2001,39.258
grc,sex_f,age_ythadult_y15_24,geo_cov_urb,2002,37.536
grc,sex_f,age_ythadult_y15_24,geo_cov_urb,2003,37.584
grc,sex_f,age_ythadult_y15_24,geo_cov_urb,2004,37.101
grc,sex_f,age_ythadult_y15_24,geo_cov_urb,2005,34.938
grc,sex_f,age_ythadult_y15_24,geo_cov_urb,2006,36.284
grc,sex_f,age_ythadult_y15_24,geo_cov_urb,2007,33.677
grc,sex_f,age_ythadult_y15_24,geo_cov_urb,2008,29.557
grc,sex_f,age_ythadult_y15_24,geo_cov_urb,2009,35.145
grc,sex_f,age_ythadult_y15_24,geo_cov_urb,2010,42.056
grc,sex_f,age_ythadult_y15_24,geo_cov_urb,2011,54.402
grc,sex_f,age_ythadult_y15_24,geo_cov_urb,2012,65.547
grc,sex_f,age_ythadult_y15_24,geo_cov_urb,2013,66.518
grc,sex_f,age_ythadult_y15_24,geo_cov_urb,2014,61.038
grc,sex_f,age_ythadult_y15_24,geo_cov_urb,2015,56.703
grc,sex_f,age_ythadult_y15_24,geo_cov_urb,2016,55.008
grc,sex_f,age_ythadult_y15_24,geo_cov_urb,2017,52.965
grc,sex_f,age_ythadult_y15_24,geo_cov_urb,2018,48.56
grc,sex_f,age_ythadult_y15_24,geo_cov_urb,2019,40.421
grc,sex_f,age_ythadult_y15_24,geo_cov_urb,2020,42.457
grc,sex_f,age_ythadult_y15_24,geo_cov_urb,2021,47.514
grc,sex_f,age_ythadult_y15_24,geo_cov_urb,2022,40.64
grc,sex_f,age_ythadult_y15_24,geo_cov_urb,2023,32.098
grc,sex_f,age_ythadult_y15_24,geo_cov_urb,2024,27.694
grc,sex_f,age_ythadult_y15_64,geo_cov_nat,1987,12.414
grc,sex_f,age_ythadult_y15_64,geo_cov_nat,1988,13.639
grc,sex_f,age_ythadult_y15_64,geo_cov_nat,1989,13.293
grc,sex_f,age_ythadult_y15_64,geo_cov_nat,1990,12.616
grc,sex_f,age_ythadult_y15_64,geo_cov_nat,1991,13.587
grc,sex_f,age_ythadult_y15_64,geo_cov_nat,1992,18.046
grc,sex_f,age_ythadult_y15_64,geo_cov_nat,1993,19.042
grc,sex_f,age_ythadult_y15_64,geo_cov_nat,1994,17.832
grc,sex_f,age_ythadult_y15_64,geo_cov_nat,1995,17.825
grc,sex_f,age_ythadult_y15_64,geo_cov_nat,1996,19.167
grc,sex_f,age_ythadult_y15_64,geo_cov_nat,1997,18.569
grc,sex_f,age_ythadult_y15_64,geo_cov_nat,1998,21.907
grc,sex_f,age_ythadult_y15_64,geo_cov_nat,1999,21.582
grc,sex_f,age_ythadult_y15_64,geo_cov_nat,2000,20.084
grc,sex_f,age_ythadult_y15_64,geo_cov_nat,2001,19.065
grc,sex_f,age_ythadult_y15_64,geo_cov_nat,2002,18.662
grc,sex_f,age_ythadult_y15_64,geo_cov_nat,2003,17.432
grc,sex_f,age_ythadult_y15_64,geo_cov_nat,2004,18.657
grc,sex_f,age_ythadult_y15_64,geo_cov_nat,2005,17.423
grc,sex_f,age_ythadult_y15_64,geo_cov_nat,2006,15.742
grc,sex_f,age_ythadult_y15_64,geo_cov_nat,2007,14.937
grc,sex_f,age_ythadult_y15_64,geo_cov_nat,2008,13.58
grc,sex_f,age_ythadult_y15_64,geo_cov_nat,2009,15.786
grc,sex_f,age_ythadult_y15_64,geo_cov_nat,2010,18.712
grc,sex_f,age_ythadult_y15_64,geo_cov_nat,2011,24.134
grc,sex_f,age_ythadult_y15_64,geo_cov_nat,2012,31.421
grc,sex_f,age_ythadult_y15_64,geo_cov_nat,2013,34.841
grc,sex_f,age_ythadult_y15_64,geo_cov_nat,2014,33.517
grc,sex_f,age_ythadult_y15_64,geo_cov_nat,2015,32.255
grc,sex_f,age_ythadult_y15_64,geo_cov_nat,2016,31.584
grc,sex_f,age_ythadult_y15_64,geo_cov_nat,2017,29.92
grc,sex_f,age_ythadult_y15_64,geo_cov_nat,2018,28.14
grc,sex_f,age_ythadult_y15_64,geo_cov_nat,2019,24.95
grc,sex_f,age_ythadult_y15_64,geo_cov_nat,2020,24.25
grc,sex_f,age_ythadult_y15_64,geo_cov_nat,2021,23.674
grc,sex_f,age_ythadult_y15_64,geo_cov_nat,2022,20.072
grc,sex_f,age_ythadult_y15_64,geo_cov_nat,2023,17.605
grc,sex_f,age_ythadult_y15_64,geo_cov_nat,2024,15.187
grc,sex_f,age_ythadult_y15_64,geo_cov_rur,1988,5.572
grc,sex_f,age_ythadult_y15_64,geo_cov_rur,1992,10.728
grc,sex_f,age_ythadult_y15_64,geo_cov_rur,1993,11.086
grc,sex_f,age_ythadult_y15_64,geo_cov_rur,1994,8.992
grc,sex_f,age_ythadult_y15_64,geo_cov_rur,1995,10.557
grc,sex_f,age_ythadult_y15_64,geo_cov_rur,1996,11.201
grc,sex_f,age_ythadult_y15_64,geo_cov_rur,1997,10.821
grc,sex_f,age_ythadult_y15_64,geo_cov_rur,1998,15.327
grc,sex_f,age_ythadult_y15_64,geo_cov_rur,1999,15.946
grc,sex_f,age_ythadult_y15_64,geo_cov_rur,2000,14.897
grc,sex_f,age_ythadult_y15_64,geo_cov_rur,2001,14.715
grc,sex_f,age_ythadult_y15_64,geo_cov_rur,2002,15.423
grc,sex_f,age_ythadult_y15_64,geo_cov_rur,2003,14.844
grc,sex_f,age_ythadult_y15_64,geo_cov_rur,2004,18.286
grc,sex_f,age_ythadult_y15_64,geo_cov_rur,2005,16.969
grc,sex_f,age_ythadult_y15_64,geo_cov_rur,2006,16.014
grc,sex_f,age_ythadult_y15_64,geo_cov_rur,2007,14.715
grc,sex_f,age_ythadult_y15_64,geo_cov_rur,2008,13.445
grc,sex_f,age_ythadult_y15_64,geo_cov_rur,2009,14.916
grc,sex_f,age_ythadult_y15_64,geo_cov_rur,2010,17.749
grc,sex_f,age_ythadult_y15_64,geo_cov_rur,2011,21.085
grc,sex_f,age_ythadult_y15_64,geo_cov_rur,2012,27.203
grc,sex_f,age_ythadult_y15_64,geo_cov_rur,2013,30.673
grc,sex_f,age_ythadult_y15_64,geo_cov_rur,2014,29.51
grc,sex_f,age_ythadult_y15_64,geo_cov_rur,2015,28.102
grc,sex_f,age_ythadult_y15_64,geo_cov_rur,2016,26.624
grc,sex_f,age_ythadult_y15_64,geo_cov_rur,2017,25.376
grc,sex_f,age_ythadult_y15_64,geo_cov_rur,2018,24.106
grc,sex_f,age_ythadult_y15_64,geo_cov_rur,2019,22.598
grc,sex_f,age_ythadult_y15_64,geo_cov_rur,2020,25.196
grc,sex_f,age_ythadult_y15_64,geo_cov_rur,2021,23.806
grc,sex_f,age_ythadult_y15_64,geo_cov_rur,2022,21.174
grc,sex_f,age_ythadult_y15_64,geo_cov_rur,2023,18.5
grc,sex_f,age_ythadult_y15_64,geo_cov_rur,2024,15.695
grc,sex_f,age_ythadult_y15_64,geo_cov_urb,1987,15.86
grc,sex_f,age_ythadult_y15_64,geo_cov_urb,1988,17.109
grc,sex_f,age_ythadult_y15_64,geo_cov_urb,1989,16.797
grc,sex_f,age_ythadult_y15_64,geo_cov_urb,1990,15.289
grc,sex_f,age_ythadult_y15_64,geo_cov_urb,1991,16.087
grc,sex_f,age_ythadult_y15_64,geo_cov_urb,1992,20.542
grc,sex_f,age_ythadult_y15_64,geo_cov_urb,1993,21.265
grc,sex_f,age_ythadult_y15_64,geo_cov_urb,1994,20.436
grc,sex_f,age_ythadult_y15_64,geo_cov_urb,1995,19.85
grc,sex_f,age_ythadult_y15_64,geo_cov_urb,1996,21.438
grc,sex_f,age_ythadult_y15_64,geo_cov_urb,1997,20.806
grc,sex_f,age_ythadult_y15_64,geo_cov_urb,1998,23.65
grc,sex_f,age_ythadult_y15_64,geo_cov_urb,1999,23.102
grc,sex_f,age_ythadult_y15_64,geo_cov_urb,2000,21.419
grc,sex_f,age_ythadult_y15_64,geo_cov_urb,2001,20.122
grc,sex_f,age_ythadult_y15_64,geo_cov_urb,2002,19.438
grc,sex_f,age_ythadult_y15_64,geo_cov_urb,2003,18.052
grc,sex_f,age_ythadult_y15_64,geo_cov_urb,2004,18.737
grc,sex_f,age_ythadult_y15_64,geo_cov_urb,2005,17.517
grc,sex_f,age_ythadult_y15_64,geo_cov_urb,2006,15.687
grc,sex_f,age_ythadult_y15_64,geo_cov_urb,2007,14.981
grc,sex_f,age_ythadult_y15_64,geo_cov_urb,2008,13.607
grc,sex_f,age_ythadult_y15_64,geo_cov_urb,2009,15.967
grc,sex_f,age_ythadult_y15_64,geo_cov_urb,2010,18.924
grc,sex_f,age_ythadult_y15_64,geo_cov_urb,2011,24.775
grc,sex_f,age_ythadult_y15_64,geo_cov_urb,2012,32.338
grc,sex_f,age_ythadult_y15_64,geo_cov_urb,2013,35.746
grc,sex_f,age_ythadult_y15_64,geo_cov_urb,2014,34.354
grc,sex_f,age_ythadult_y15_64,geo_cov_urb,2015,33.111
grc,sex_f,age_ythadult_y15_64,geo_cov_urb,2016,32.598
grc,sex_f,age_ythadult_y15_64,geo_cov_urb,2017,30.858
grc,sex_f,age_ythadult_y15_64,geo_cov_urb,2018,28.967
grc,sex_f,age_ythadult_y15_64,geo_cov_urb,2019,25.432
grc,sex_f,age_ythadult_y15_64,geo_cov_urb,2020,24.062
grc,sex_f,age_ythadult_y15_64,geo_cov_urb,2021,23.646
grc,sex_f,age_ythadult_y15_64,geo_cov_urb,2022,19.834
grc,sex_f,age_ythadult_y15_64,geo_cov_urb,2023,17.398
grc,sex_f,age_ythadult_y15_64,geo_cov_urb,2024,15.081
grc,sex_f,age_ythadult_yge15,geo_cov_nat,1987,12.081
grc,sex_f,age_ythadult_yge15,geo_cov_nat,1988,13.309
grc,sex_f,age_ythadult_yge15,geo_cov_nat,1989,13.02
grc,sex_f,age_ythadult_yge15,geo_cov_nat,1990,12.333
grc,sex_f,age_ythadult_yge15,geo_cov_nat,1991,13.309
grc,sex_f,age_ythadult_yge15,geo_cov_nat,1992,17.704
grc,sex_f,age_ythadult_yge15,geo_cov_nat,1993,18.7
grc,sex_f,age_ythadult_yge15,geo_cov_nat,1994,17.477
grc,sex_f,age_ythadult_yge15,geo_cov_nat,1995,17.493
grc,sex_f,age_ythadult_yge15,geo_cov_nat,1996,18.775
grc,sex_f,age_ythadult_yge15,geo_cov_nat,1997,18.227
grc,sex_f,age_ythadult_yge15,geo_cov_nat,1998,21.605
grc,sex_f,age_ythadult_yge15,geo_cov_nat,1999,21.308
grc,sex_f,age_ythadult_yge15,geo_cov_nat,2000,19.827
grc,sex_f,age_ythadult_yge15,geo_cov_nat,2001,18.815
grc,sex_f,age_ythadult_yge15,geo_cov_nat,2002,18.478
grc,sex_f,age_ythadult_yge15,geo_cov_nat,2003,17.246
grc,sex_f,age_ythadult_yge15,geo_cov_nat,2004,18.526
grc,sex_f,age_ythadult_yge15,geo_cov_nat,2005,17.316
grc,sex_f,age_ythadult_yge15,geo_cov_nat,2006,15.634
grc,sex_f,age_ythadult_yge15,geo_cov_nat,2007,14.81
grc,sex_f,age_ythadult_yge15,geo_cov_nat,2008,13.456
grc,sex_f,age_ythadult_yge15,geo_cov_nat,2009,15.652
grc,sex_f,age_ythadult_yge15,geo_cov_nat,2010,18.565
grc,sex_f,age_ythadult_yge15,geo_cov_nat,2011,23.98
grc,sex_f,age_ythadult_yge15,geo_cov_nat,2012,31.272
grc,sex_f,age_ythadult_yge15,geo_cov_nat,2013,34.661
grc,sex_f,age_ythadult_yge15,geo_cov_nat,2014,33.391
grc,sex_f,age_ythadult_yge15,geo_cov_nat,2015,32.068
grc,sex_f,age_ythadult_yge15,geo_cov_nat,2016,31.403
grc,sex_f,age_ythadult_yge15,geo_cov_nat,2017,29.745
grc,sex_f,age_ythadult_yge15,geo_cov_nat,2018,27.982
grc,sex_f,age_ythadult_yge15,geo_cov_nat,2019,24.828
grc,sex_f,age_ythadult_yge15,geo_cov_nat,2020,24.103
grc,sex_f,age_ythadult_yge15,geo_cov_nat,2021,23.489
grc,sex_f,age_ythadult_yge15,geo_cov_nat,2022,19.927
grc,sex_f,age_ythadult_yge15,geo_cov_nat,2023,17.515
grc,sex_f,age_ythadult_yge15,geo_cov_nat,2024,15.143
grc,sex_f,age_ythadult_yge15,geo_cov_rur,1987,4.353
grc,sex_f,age_ythadult_yge15,geo_cov_rur,1988,5.214
grc,sex_f,age_ythadult_yge15,geo_cov_rur,1989,4.562
grc,sex_f,age_ythadult_yge15,geo_cov_rur,1990,5.505
grc,sex_f,age_ythadult_yge15,geo_cov_rur,1991,6.129
grc,sex_f,age_ythadult_yge15,geo_cov_rur,1992,10.084
grc,sex_f,age_ythadult_yge15,geo_cov_rur,1993,10.45
grc,sex_f,age_ythadult_yge15,geo_cov_rur,1994,8.439
grc,sex_f,age_ythadult_yge15,geo_cov_rur,1995,9.807
grc,sex_f,age_ythadult_yge15,geo_cov_rur,1996,10.423
grc,sex_f,age_ythadult_yge15,geo_cov_rur,1997,10.128
grc,sex_f,age_ythadult_yge15,geo_cov_rur,1998,14.524
grc,sex_f,age_ythadult_yge15,geo_cov_rur,1999,15.265
grc,sex_f,age_ythadult_yge15,geo_cov_rur,2000,14.247
grc,sex_f,age_ythadult_yge15,geo_cov_rur,2001,14.087
grc,sex_f,age_ythadult_yge15,geo_cov_rur,2002,14.833
grc,sex_f,age_ythadult_yge15,geo_cov_rur,2003,14.257
grc,sex_f,age_ythadult_yge15,geo_cov_rur,2004,17.785
grc,sex_f,age_ythadult_yge15,geo_cov_rur,2005,16.508
grc,sex_f,age_ythadult_yge15,geo_cov_rur,2006,15.642
grc,sex_f,age_ythadult_yge15,geo_cov_rur,2007,14.311
grc,sex_f,age_ythadult_yge15,geo_cov_rur,2008,13.064
grc,sex_f,age_ythadult_yge15,geo_cov_rur,2009,14.478
grc,sex_f,age_ythadult_yge15,geo_cov_rur,2010,17.321
grc,sex_f,age_ythadult_yge15,geo_cov_rur,2011,20.617
grc,sex_f,age_ythadult_yge15,geo_cov_rur,2012,26.795
grc,sex_f,age_ythadult_yge15,geo_cov_rur,2013,30.226
grc,sex_f,age_ythadult_yge15,geo_cov_rur,2014,28.985
grc,sex_f,age_ythadult_yge15,geo_cov_rur,2015,27.466
grc,sex_f,age_ythadult_yge15,geo_cov_rur,2016,25.907
grc,sex_f,age_ythadult_yge15,geo_cov_rur,2017,24.652
grc,sex_f,age_ythadult_yge15,geo_cov_rur,2018,23.487
grc,sex_f,age_ythadult_yge15,geo_cov_rur,2019,21.939
grc,sex_f,age_ythadult_yge15,geo_cov_rur,2020,24.383
grc,sex_f,age_ythadult_yge15,geo_cov_rur,2021,23.039
grc,sex_f,age_ythadult_yge15,geo_cov_rur,2022,20.395
grc,sex_f,age_ythadult_yge15,geo_cov_rur,2023,17.814
grc,sex_f,age_ythadult_yge15,geo_cov_rur,2024,15.125
grc,sex_f,age_ythadult_yge15,geo_cov_urb,1987,15.744
grc,sex_f,age_ythadult_yge15,geo_cov_urb,1988,17.001
grc,sex_f,age_ythadult_yge15,geo_cov_urb,1989,16.704
grc,sex_f,age_ythadult_yge15,geo_cov_urb,1990,15.191
grc,sex_f,age_ythadult_yge15,geo_cov_urb,1991,15.988
grc,sex_f,age_ythadult_yge15,geo_cov_urb,1992,20.45
grc,sex_f,age_ythadult_yge15,geo_cov_urb,1993,21.14
grc,sex_f,age_ythadult_yge15,geo_cov_urb,1994,20.302
grc,sex_f,age_ythadult_yge15,geo_cov_urb,1995,19.791
grc,sex_f,age_ythadult_yge15,geo_cov_urb,1996,21.328
grc,sex_f,age_ythadult_yge15,geo_cov_urb,1997,20.707
grc,sex_f,age_ythadult_yge15,geo_cov_urb,1998,23.573
grc,sex_f,age_ythadult_yge15,geo_cov_urb,1999,23.004
grc,sex_f,age_ythadult_yge15,geo_cov_urb,2000,21.326
grc,sex_f,age_ythadult_yge15,geo_cov_urb,2001,20.011
grc,sex_f,age_ythadult_yge15,geo_cov_urb,2002,19.384
grc,sex_f,age_ythadult_yge15,geo_cov_urb,2003,17.988
grc,sex_f,age_ythadult_yge15,geo_cov_urb,2004,18.69
grc,sex_f,age_ythadult_yge15,geo_cov_urb,2005,17.487
grc,sex_f,age_ythadult_yge15,geo_cov_urb,2006,15.632
grc,sex_f,age_ythadult_yge15,geo_cov_urb,2007,14.912
grc,sex_f,age_ythadult_yge15,geo_cov_urb,2008,13.536
grc,sex_f,age_ythadult_yge15,geo_cov_urb,2009,15.902
grc,sex_f,age_ythadult_yge15,geo_cov_urb,2010,18.844
grc,sex_f,age_ythadult_yge15,geo_cov_urb,2011,24.699
grc,sex_f,age_ythadult_yge15,geo_cov_urb,2012,32.256
grc,sex_f,age_ythadult_yge15,geo_cov_urb,2013,35.635
grc,sex_f,age_ythadult_yge15,geo_cov_urb,2014,34.329
grc,sex_f,age_ythadult_yge15,geo_cov_urb,2015,33.038
grc,sex_f,age_ythadult_yge15,geo_cov_urb,2016,32.555
grc,sex_f,age_ythadult_yge15,geo_cov_urb,2017,30.826
grc,sex_f,age_ythadult_yge15,geo_cov_urb,2018,28.924
grc,sex_f,age_ythadult_yge15,geo_cov_urb,2019,25.435
grc,sex_f,age_ythadult_yge15,geo_cov_urb,2020,24.045
grc,sex_f,age_ythadult_yge15,geo_cov_urb,2021,23.59
grc,sex_f,age_ythadult_yge15,geo_cov_urb,2022,19.823
grc,sex_f,age_ythadult_yge15,geo_cov_urb,2023,17.444
grc,sex_f,age_ythadult_yge15,geo_cov_urb,2024,15.147
grc,sex_f,age_ythadult_yge25,geo_cov_nat,1987,7.437
grc,sex_f,age_ythadult_yge25,geo_cov_nat,1988,8.412
grc,sex_f,age_ythadult_yge25,geo_cov_nat,1989,8.438
grc,sex_f,age_ythadult_yge25,geo_cov_nat,1990,7.821
grc,sex_f,age_ythadult_yge25,geo_cov_nat,1991,8.765
grc,sex_f,age_ythadult_yge25,geo_cov_nat,1992,12.89
grc,sex_f,age_ythadult_yge25,geo_cov_nat,1993,13.339
grc,sex_f,age_ythadult_yge25,geo_cov_nat,1994,12.86
grc,sex_f,age_ythadult_yge25,geo_cov_nat,1995,12.467
grc,sex_f,age_ythadult_yge25,geo_cov_nat,1996,13.924
grc,sex_f,age_ythadult_yge25,geo_cov_nat,1997,13.491
grc,sex_f,age_ythadult_yge25,geo_cov_nat,1998,16.892
grc,sex_f,age_ythadult_yge25,geo_cov_nat,1999,17.079
grc,sex_f,age_ythadult_yge25,geo_cov_nat,2000,16.274
grc,sex_f,age_ythadult_yge25,geo_cov_nat,2001,15.648
grc,sex_f,age_ythadult_yge25,geo_cov_nat,2002,15.526
grc,sex_f,age_ythadult_yge25,geo_cov_nat,2003,14.438
grc,sex_f,age_ythadult_yge25,geo_cov_nat,2004,15.904
grc,sex_f,age_ythadult_yge25,geo_cov_nat,2005,15.127
grc,sex_f,age_ythadult_yge25,geo_cov_nat,2006,13.397
grc,sex_f,age_ythadult_yge25,geo_cov_nat,2007,12.927
grc,sex_f,age_ythadult_yge25,geo_cov_nat,2008,11.916
grc,sex_f,age_ythadult_yge25,geo_cov_nat,2009,13.835
grc,sex_f,age_ythadult_yge25,geo_cov_nat,2010,16.536
grc,sex_f,age_ythadult_yge25,geo_cov_nat,2011,21.51
grc,sex_f,age_ythadult_yge25,geo_cov_nat,2012,28.453
grc,sex_f,age_ythadult_yge25,geo_cov_nat,2013,32.199
grc,sex_f,age_ythadult_yge25,geo_cov_nat,2014,31.252
grc,sex_f,age_ythadult_yge25,geo_cov_nat,2015,30.215
grc,sex_f,age_ythadult_yge25,geo_cov_nat,2016,29.799
grc,sex_f,age_ythadult_yge25,geo_cov_nat,2017,28.226
grc,sex_f,age_ythadult_yge25,geo_cov_nat,2018,26.737
grc,sex_f,age_ythadult_yge25,geo_cov_nat,2019,23.833
grc,sex_f,age_ythadult_yge25,geo_cov_nat,2020,23.004
grc,sex_f,age_ythadult_yge25,geo_cov_nat,2021,22.15
grc,sex_f,age_ythadult_yge25,geo_cov_nat,2022,18.531
grc,sex_f,age_ythadult_yge25,geo_cov_nat,2023,16.403
grc,sex_f,age_ythadult_yge25,geo_cov_nat,2024,14.304
grc,sex_f,age_ythadult_yge25,geo_cov_rur,1987,1.529
grc,sex_f,age_ythadult_yge25,geo_cov_rur,1988,2.241
grc,sex_f,age_ythadult_yge25,geo_cov_rur,1989,1.894
grc,sex_f,age_ythadult_yge25,geo_cov_rur,1990,2.179
grc,sex_f,age_ythadult_yge25,geo_cov_rur,1991,2.618
grc,sex_f,age_ythadult_yge25,geo_cov_rur,1992,5.94
grc,sex_f,age_ythadult_yge25,geo_cov_rur,1993,4.921
grc,sex_f,age_ythadult_yge25,geo_cov_rur,1994,4.74
grc,sex_f,age_ythadult_yge25,geo_cov_rur,1995,5.162
grc,sex_f,age_ythadult_yge25,geo_cov_rur,1996,5.918
grc,sex_f,age_ythadult_yge25,geo_cov_rur,1997,5.688
grc,sex_f,age_ythadult_yge25,geo_cov_rur,1998,9.247
grc,sex_f,age_ythadult_yge25,geo_cov_rur,1999,10.817
grc,sex_f,age_ythadult_yge25,geo_cov_rur,2000,10.402
grc,sex_f,age_ythadult_yge25,geo_cov_rur,2001,10.815
grc,sex_f,age_ythadult_yge25,geo_cov_rur,2002,11.158
grc,sex_f,age_ythadult_yge25,geo_cov_rur,2003,10.603
grc,sex_f,age_ythadult_yge25,geo_cov_rur,2004,14.376
grc,sex_f,age_ythadult_yge25,geo_cov_rur,2005,13.407
grc,sex_f,age_ythadult_yge25,geo_cov_rur,2006,12.937
grc,sex_f,age_ythadult_yge25,geo_cov_rur,2007,12.148
grc,sex_f,age_ythadult_yge25,geo_cov_rur,2008,10.928
grc,sex_f,age_ythadult_yge25,geo_cov_rur,2009,12.003
grc,sex_f,age_ythadult_yge25,geo_cov_rur,2010,14.726
grc,sex_f,age_ythadult_yge25,geo_cov_rur,2011,17.92
grc,sex_f,age_ythadult_yge25,geo_cov_rur,2012,23.368
grc,sex_f,age_ythadult_yge25,geo_cov_rur,2013,27.25
grc,sex_f,age_ythadult_yge25,geo_cov_rur,2014,26.324
grc,sex_f,age_ythadult_yge25,geo_cov_rur,2015,24.62
grc,sex_f,age_ythadult_yge25,geo_cov_rur,2016,23.578
grc,sex_f,age_ythadult_yge25,geo_cov_rur,2017,22.904
grc,sex_f,age_ythadult_yge25,geo_cov_rur,2018,21.731
grc,sex_f,age_ythadult_yge25,geo_cov_rur,2019,20.278
grc,sex_f,age_ythadult_yge25,geo_cov_rur,2020,22.81
grc,sex_f,age_ythadult_yge25,geo_cov_rur,2021,21.61
grc,sex_f,age_ythadult_yge25,geo_cov_rur,2022,18.055
grc,sex_f,age_ythadult_yge25,geo_cov_rur,2023,15.897
grc,sex_f,age_ythadult_yge25,geo_cov_rur,2024,13.861
grc,sex_f,age_ythadult_yge25,geo_cov_urb,1987,10.521
grc,sex_f,age_ythadult_yge25,geo_cov_urb,1988,11.505
grc,sex_f,age_ythadult_yge25,geo_cov_urb,1989,11.552
grc,sex_f,age_ythadult_yge25,geo_cov_urb,1990,10.374
grc,sex_f,age_ythadult_yge25,geo_cov_urb,1991,11.244
grc,sex_f,age_ythadult_yge25,geo_cov_urb,1992,15.581
grc,sex_f,age_ythadult_yge25,geo_cov_urb,1993,15.95
grc,sex_f,age_ythadult_yge25,geo_cov_urb,1994,15.584
grc,sex_f,age_ythadult_yge25,geo_cov_urb,1995,14.783
grc,sex_f,age_ythadult_yge25,geo_cov_urb,1996,16.483
grc,sex_f,age_ythadult_yge25,geo_cov_urb,1997,15.989
grc,sex_f,age_ythadult_yge25,geo_cov_urb,1998,19.093
grc,sex_f,age_ythadult_yge25,geo_cov_urb,1999,18.882
grc,sex_f,age_ythadult_yge25,geo_cov_urb,2000,17.899
grc,sex_f,age_ythadult_yge25,geo_cov_urb,2001,16.893
grc,sex_f,age_ythadult_yge25,geo_cov_urb,2002,16.63
grc,sex_f,age_ythadult_yge25,geo_cov_urb,2003,15.399
grc,sex_f,age_ythadult_yge25,geo_cov_urb,2004,16.242
grc,sex_f,age_ythadult_yge25,geo_cov_urb,2005,15.49
grc,sex_f,age_ythadult_yge25,geo_cov_urb,2006,13.492
grc,sex_f,age_ythadult_yge25,geo_cov_urb,2007,13.086
grc,sex_f,age_ythadult_yge25,geo_cov_urb,2008,12.116
grc,sex_f,age_ythadult_yge25,geo_cov_urb,2009,14.225
grc,sex_f,age_ythadult_yge25,geo_cov_urb,2010,16.94
grc,sex_f,age_ythadult_yge25,geo_cov_urb,2011,22.28
grc,sex_f,age_ythadult_yge25,geo_cov_urb,2012,29.564
grc,sex_f,age_ythadult_yge25,geo_cov_urb,2013,33.286
grc,sex_f,age_ythadult_yge25,geo_cov_urb,2014,32.303
grc,sex_f,age_ythadult_yge25,geo_cov_urb,2015,31.396
grc,sex_f,age_ythadult_yge25,geo_cov_urb,2016,31.1
grc,sex_f,age_ythadult_yge25,geo_cov_urb,2017,29.356
grc,sex_f,age_ythadult_yge25,geo_cov_urb,2018,27.782
grc,sex_f,age_ythadult_yge25,geo_cov_urb,2019,24.577
grc,sex_f,age_ythadult_yge25,geo_cov_urb,2020,23.043
grc,sex_f,age_ythadult_yge25,geo_cov_urb,2021,22.271
grc,sex_f,age_ythadult_yge25,geo_cov_urb,2022,18.636
grc,sex_f,age_ythadult_yge25,geo_cov_urb,2023,16.523
grc,sex_f,age_ythadult_yge25,geo_cov_urb,2024,14.398
grc,sex_m,age_aggregate_total,geo_cov_nat,1987,5.266
grc,sex_m,age_aggregate_total,geo_cov_nat,1988,5.001
grc,sex_m,age_aggregate_total,geo_cov_nat,1989,4.638
grc,sex_m,age_aggregate_total,geo_cov_nat,1990,4.318
grc,sex_m,age_aggregate_total,geo_cov_nat,1991,4.737
grc,sex_m,age_aggregate_total,geo_cov_nat,1992,6.058
grc,sex_m,age_aggregate_total,geo_cov_nat,1993,7.22
grc,sex_m,age_aggregate_total,geo_cov_nat,1994,6.938
grc,sex_m,age_aggregate_total,geo_cov_nat,1995,7.017
grc,sex_m,age_aggregate_total,geo_cov_nat,1996,6.663
grc,sex_m,age_aggregate_total,geo_cov_nat,1997,7.111
grc,sex_m,age_aggregate_total,geo_cov_nat,1998,8.387
grc,sex_m,age_aggregate_total,geo_cov_nat,1999,8.867
grc,sex_m,age_aggregate_total,geo_cov_nat,2000,8.273
grc,sex_m,age_aggregate_total,geo_cov_nat,2001,8.109
grc,sex_m,age_aggregate_total,geo_cov_nat,2002,7.673
grc,sex_m,age_aggregate_total,geo_cov_nat,2003,6.949
grc,sex_m,age_aggregate_total,geo_cov_nat,2004,7.474
grc,sex_m,age_aggregate_total,geo_cov_nat,2005,6.937
grc,sex_m,age_aggregate_total,geo_cov_nat,2006,6.249
grc,sex_m,age_aggregate_total,geo_cov_nat,2007,5.883
grc,sex_m,age_aggregate_total,geo_cov_nat,2008,5.693
grc,sex_m,age_aggregate_total,geo_cov_nat,2009,7.665
grc,sex_m,age_aggregate_total,geo_cov_nat,2010,10.737
grc,sex_m,age_aggregate_total,geo_cov_nat,2011,16.006
grc,sex_m,age_aggregate_total,geo_cov_nat,2012,22.924
grc,sex_m,age_aggregate_total,geo_cov_nat,2013,25.83
grc,sex_m,age_aggregate_total,geo_cov_nat,2014,24.851
grc,sex_m,age_aggregate_total,geo_cov_nat,2015,23.183
grc,sex_m,age_aggregate_total,geo_cov_nat,2016,21.49
grc,sex_m,age_aggregate_total,geo_cov_nat,2017,19.276
grc,sex_m,age_aggregate_total,geo_cov_nat,2018,16.832
grc,sex_m,age_aggregate_total,geo_cov_nat,2019,15.445
grc,sex_m,age_aggregate_total,geo_cov_nat,2020,15.714
grc,sex_m,age_aggregate_total,geo_cov_nat,2021,13.925
grc,sex_m,age_aggregate_total,geo_cov_nat,2022,10.801
grc,sex_m,age_aggregate_total,geo_cov_nat,2023,9.829
grc,sex_m,age_aggregate_total,geo_cov_nat,2024,8.968
grc,sex_m,age_aggregate_total,geo_cov_rur,1987,2.921
grc,sex_m,age_aggregate_total,geo_cov_rur,1988,2.622
grc,sex_m,age_aggregate_total,geo_cov_rur,1989,2.278
grc,sex_m,age_aggregate_total,geo_cov_rur,1990,2.69
grc,sex_m,age_aggregate_total,geo_cov_rur,1991,2.528
grc,sex_m,age_aggregate_total,geo_cov_rur,1992,3.167
grc,sex_m,age_aggregate_total,geo_cov_rur,1993,4.026
grc,sex_m,age_aggregate_total,geo_cov_rur,1994,3.272
grc,sex_m,age_aggregate_total,geo_cov_rur,1995,3.464
grc,sex_m,age_aggregate_total,geo_cov_rur,1996,3.141
grc,sex_m,age_aggregate_total,geo_cov_rur,1997,3.409
grc,sex_m,age_aggregate_total,geo_cov_rur,1998,5.524
grc,sex_m,age_aggregate_total,geo_cov_rur,1999,6.077
grc,sex_m,age_aggregate_total,geo_cov_rur,2000,5.825
grc,sex_m,age_aggregate_total,geo_cov_rur,2001,5.985
grc,sex_m,age_aggregate_total,geo_cov_rur,2002,5.781
grc,sex_m,age_aggregate_total,geo_cov_rur,2003,5.678
grc,sex_m,age_aggregate_total,geo_cov_rur,2004,7.048
grc,sex_m,age_aggregate_total,geo_cov_rur,2005,6.391
grc,sex_m,age_aggregate_total,geo_cov_rur,2006,5.391
grc,sex_m,age_aggregate_total,geo_cov_rur,2007,5.011
grc,sex_m,age_aggregate_total,geo_cov_rur,2008,5.017
grc,sex_m,age_aggregate_total,geo_cov_rur,2009,6.26
grc,sex_m,age_aggregate_total,geo_cov_rur,2010,8.55
grc,sex_m,age_aggregate_total,geo_cov_rur,2011,12.397
grc,sex_m,age_aggregate_total,geo_cov_rur,2012,17.233
grc,sex_m,age_aggregate_total,geo_cov_rur,2013,20.492
grc,sex_m,age_aggregate_total,geo_cov_rur,2014,20.625
grc,sex_m,age_aggregate_total,geo_cov_rur,2015,19.022
grc,sex_m,age_aggregate_total,geo_cov_rur,2016,18.116
grc,sex_m,age_aggregate_total,geo_cov_rur,2017,16.869
grc,sex_m,age_aggregate_total,geo_cov_rur,2018,14.638
grc,sex_m,age_aggregate_total,geo_cov_rur,2019,13.408
grc,sex_m,age_aggregate_total,geo_cov_rur,2020,15.338
grc,sex_m,age_aggregate_total,geo_cov_rur,2021,14.439
grc,sex_m,age_aggregate_total,geo_cov_rur,2022,10.773
grc,sex_m,age_aggregate_total,geo_cov_rur,2023,9.725
grc,sex_m,age_aggregate_total,geo_cov_rur,2024,7.482
grc,sex_m,age_aggregate_total,geo_cov_urb,1987,6.179
grc,sex_m,age_aggregate_total,geo_cov_urb,1988,5.92
grc,sex_m,age_aggregate_total,geo_cov_urb,1989,5.529
grc,sex_m,age_aggregate_total,geo_cov_urb,1990,4.909
grc,sex_m,age_aggregate_total,geo_cov_urb,1991,5.511
grc,sex_m,age_aggregate_total,geo_cov_urb,1992,7.049
grc,sex_m,age_aggregate_total,geo_cov_urb,1993,8.137
grc,sex_m,age_aggregate_total,geo_cov_urb,1994,8.061
grc,sex_m,age_aggregate_total,geo_cov_urb,1995,8.088
grc,sex_m,age_aggregate_total,geo_cov_urb,1996,7.732
grc,sex_m,age_aggregate_total,geo_cov_urb,1997,8.246
grc,sex_m,age_aggregate_total,geo_cov_urb,1998,9.281
grc,sex_m,age_aggregate_total,geo_cov_urb,1999,9.727
grc,sex_m,age_aggregate_total,geo_cov_urb,2000,9.019
grc,sex_m,age_aggregate_total,geo_cov_urb,2001,8.739
grc,sex_m,age_aggregate_total,geo_cov_urb,2002,8.217
grc,sex_m,age_aggregate_total,geo_cov_urb,2003,7.311
grc,sex_m,age_aggregate_total,geo_cov_urb,2004,7.583
grc,sex_m,age_aggregate_total,geo_cov_urb,2005,7.072
grc,sex_m,age_aggregate_total,geo_cov_urb,2006,6.458
grc,sex_m,age_aggregate_total,geo_cov_urb,2007,6.088
grc,sex_m,age_aggregate_total,geo_cov_urb,2008,5.854
grc,sex_m,age_aggregate_total,geo_cov_urb,2009,8.018
grc,sex_m,age_aggregate_total,geo_cov_urb,2010,11.304
grc,sex_m,age_aggregate_total,geo_cov_urb,2011,16.901
grc,sex_m,age_aggregate_total,geo_cov_urb,2012,24.392
grc,sex_m,age_aggregate_total,geo_cov_urb,2013,27.251
grc,sex_m,age_aggregate_total,geo_cov_urb,2014,25.954
grc,sex_m,age_aggregate_total,geo_cov_urb,2015,24.287
grc,sex_m,age_aggregate_total,geo_cov_urb,2016,22.402
grc,sex_m,age_aggregate_total,geo_cov_urb,2017,19.912
grc,sex_m,age_aggregate_total,geo_cov_urb,2018,17.408
grc,sex_m,age_aggregate_total,geo_cov_urb,2019,15.97
grc,sex_m,age_aggregate_total,geo_cov_urb,2020,15.806
grc,sex_m,age_aggregate_total,geo_cov_urb,2021,13.779
grc,sex_m,age_aggregate_total,geo_cov_urb,2022,10.809
grc,sex_m,age_aggregate_total,geo_cov_urb,2023,9.86
grc,sex_m,age_aggregate_total,geo_cov_urb,2024,9.376
grc,sex_m,age_aggregate_y15_24,geo_cov_nat,1987,18.5
grc,sex_m,age_aggregate_y15_24,geo_cov_nat,1988,18.005
grc,sex_m,age_aggregate_y15_24,geo_cov_nat,1989,17.508
grc,sex_m,age_aggregate_y15_24,geo_cov_nat,1990,15.682
grc,sex_m,age_aggregate_y15_24,geo_cov_nat,1991,17.181
grc,sex_m,age_aggregate_y15_24,geo_cov_nat,1992,20.787
grc,sex_m,age_aggregate_y15_24,geo_cov_nat,1993,23.884
grc,sex_m,age_aggregate_y15_24,geo_cov_nat,1994,22.863
grc,sex_m,age_aggregate_y15_24,geo_cov_nat,1995,22.265
grc,sex_m,age_aggregate_y15_24,geo_cov_nat,1996,23.65
grc,sex_m,age_aggregate_y15_24,geo_cov_nat,1997,25.018
grc,sex_m,age_aggregate_y15_24,geo_cov_nat,1998,24.423
grc,sex_m,age_aggregate_y15_24,geo_cov_nat,1999,25.193
grc,sex_m,age_aggregate_y15_24,geo_cov_nat,2000,24.437
grc,sex_m,age_aggregate_y15_24,geo_cov_nat,2001,24.391
grc,sex_m,age_aggregate_y15_24,geo_cov_nat,2002,21.707
grc,sex_m,age_aggregate_y15_24,geo_cov_nat,2003,20.745
grc,sex_m,age_aggregate_y15_24,geo_cov_nat,2004,21.362
grc,sex_m,age_aggregate_y15_24,geo_cov_nat,2005,20.896
grc,sex_m,age_aggregate_y15_24,geo_cov_nat,2006,19.457
grc,sex_m,age_aggregate_y15_24,geo_cov_nat,2007,17.407
grc,sex_m,age_aggregate_y15_24,geo_cov_nat,2008,18.452
grc,sex_m,age_aggregate_y15_24,geo_cov_nat,2009,21.597
grc,sex_m,age_aggregate_y15_24,geo_cov_nat,2010,28.99
grc,sex_m,age_aggregate_y15_24,geo_cov_nat,2011,41.766
grc,sex_m,age_aggregate_y15_24,geo_cov_nat,2012,52.013
grc,sex_m,age_aggregate_y15_24,geo_cov_nat,2013,56.831
grc,sex_m,age_aggregate_y15_24,geo_cov_nat,2014,51.298
grc,sex_m,age_aggregate_y15_24,geo_cov_nat,2015,50.388
grc,sex_m,age_aggregate_y15_24,geo_cov_nat,2016,50.036
grc,sex_m,age_aggregate_y15_24,geo_cov_nat,2017,43.174
grc,sex_m,age_aggregate_y15_24,geo_cov_nat,2018,40.443
grc,sex_m,age_aggregate_y15_24,geo_cov_nat,2019,37.045
grc,sex_m,age_aggregate_y15_24,geo_cov_nat,2020,35.778
grc,sex_m,age_aggregate_y15_24,geo_cov_nat,2021,38.587
grc,sex_m,age_aggregate_y15_24,geo_cov_nat,2022,30.333
grc,sex_m,age_aggregate_y15_24,geo_cov_nat,2023,28.293
grc,sex_m,age_aggregate_y15_24,geo_cov_nat,2024,24.817
grc,sex_m,age_aggregate_y15_24,geo_cov_rur,1987,11.385
grc,sex_m,age_aggregate_y15_24,geo_cov_rur,1988,10.748
grc,sex_m,age_aggregate_y15_24,geo_cov_rur,1989,10.233
grc,sex_m,age_aggregate_y15_24,geo_cov_rur,1990,10.31
grc,sex_m,age_aggregate_y15_24,geo_cov_rur,1991,10.18
grc,sex_m,age_aggregate_y15_24,geo_cov_rur,1992,12.375
grc,sex_m,age_aggregate_y15_24,geo_cov_rur,1993,16.777
grc,sex_m,age_aggregate_y15_24,geo_cov_rur,1994,12.838
grc,sex_m,age_aggregate_y15_24,geo_cov_rur,1995,11.985
grc,sex_m,age_aggregate_y15_24,geo_cov_rur,1996,12.66
grc,sex_m,age_aggregate_y15_24,geo_cov_rur,1997,12.59
grc,sex_m,age_aggregate_y15_24,geo_cov_rur,1998,16.072
grc,sex_m,age_aggregate_y15_24,geo_cov_rur,1999,17.539
grc,sex_m,age_aggregate_y15_24,geo_cov_rur,2000,17.776
grc,sex_m,age_aggregate_y15_24,geo_cov_rur,2001,17.142
grc,sex_m,age_aggregate_y15_24,geo_cov_rur,2002,17.623
grc,sex_m,age_aggregate_y15_24,geo_cov_rur,2003,15.954
grc,sex_m,age_aggregate_y15_24,geo_cov_rur,2004,19.361
grc,sex_m,age_aggregate_y15_24,geo_cov_rur,2005,18.454
grc,sex_m,age_aggregate_y15_24,geo_cov_rur,2006,16.241
grc,sex_m,age_aggregate_y15_24,geo_cov_rur,2007,14.192
grc,sex_m,age_aggregate_y15_24,geo_cov_rur,2008,16.394
grc,sex_m,age_aggregate_y15_24,geo_cov_rur,2009,20.579
grc,sex_m,age_aggregate_y15_24,geo_cov_rur,2010,25.489
grc,sex_m,age_aggregate_y15_24,geo_cov_rur,2011,34.228
grc,sex_m,age_aggregate_y15_24,geo_cov_rur,2012,43.15
grc,sex_m,age_aggregate_y15_24,geo_cov_rur,2013,46.833
grc,sex_m,age_aggregate_y15_24,geo_cov_rur,2014,44.078
grc,sex_m,age_aggregate_y15_24,geo_cov_rur,2015,40.024
grc,sex_m,age_aggregate_y15_24,geo_cov_rur,2016,44.252
grc,sex_m,age_aggregate_y15_24,geo_cov_rur,2017,39.008
grc,sex_m,age_aggregate_y15_24,geo_cov_rur,2018,34.952
grc,sex_m,age_aggregate_y15_24,geo_cov_rur,2019,32.161
grc,sex_m,age_aggregate_y15_24,geo_cov_rur,2020,39.239
grc,sex_m,age_aggregate_y15_24,geo_cov_rur,2021,37.035
grc,sex_m,age_aggregate_y15_24,geo_cov_rur,2022,27.667
grc,sex_m,age_aggregate_y15_24,geo_cov_rur,2023,31.457
grc,sex_m,age_aggregate_y15_24,geo_cov_rur,2024,28.742
grc,sex_m,age_aggregate_y15_24,geo_cov_urb,1987,21.96
grc,sex_m,age_aggregate_y15_24,geo_cov_urb,1988,21.314
grc,sex_m,age_aggregate_y15_24,geo_cov_urb,1989,20.946
grc,sex_m,age_aggregate_y15_24,geo_cov_urb,1990,18.121
grc,sex_m,age_aggregate_y15_24,geo_cov_urb,1991,20.363
grc,sex_m,age_aggregate_y15_24,geo_cov_urb,1992,24.294
grc,sex_m,age_aggregate_y15_24,geo_cov_urb,1993,26.189
grc,sex_m,age_aggregate_y15_24,geo_cov_urb,1994,26.141
grc,sex_m,age_aggregate_y15_24,geo_cov_urb,1995,25.678
grc,sex_m,age_aggregate_y15_24,geo_cov_urb,1996,27.327
grc,sex_m,age_aggregate_y15_24,geo_cov_urb,1997,29.048
grc,sex_m,age_aggregate_y15_24,geo_cov_urb,1998,27.476
grc,sex_m,age_aggregate_y15_24,geo_cov_urb,1999,27.953
grc,sex_m,age_aggregate_y15_24,geo_cov_urb,2000,26.899
grc,sex_m,age_aggregate_y15_24,geo_cov_urb,2001,26.811
grc,sex_m,age_aggregate_y15_24,geo_cov_urb,2002,22.96
grc,sex_m,age_aggregate_y15_24,geo_cov_urb,2003,22.36
grc,sex_m,age_aggregate_y15_24,geo_cov_urb,2004,21.906
grc,sex_m,age_aggregate_y15_24,geo_cov_urb,2005,21.586
grc,sex_m,age_aggregate_y15_24,geo_cov_urb,2006,20.345
grc,sex_m,age_aggregate_y15_24,geo_cov_urb,2007,18.281
grc,sex_m,age_aggregate_y15_24,geo_cov_urb,2008,19.013
grc,sex_m,age_aggregate_y15_24,geo_cov_urb,2009,21.915
grc,sex_m,age_aggregate_y15_24,geo_cov_urb,2010,30.093
grc,sex_m,age_aggregate_y15_24,geo_cov_urb,2011,43.977
grc,sex_m,age_aggregate_y15_24,geo_cov_urb,2012,54.869
grc,sex_m,age_aggregate_y15_24,geo_cov_urb,2013,59.987
grc,sex_m,age_aggregate_y15_24,geo_cov_urb,2014,53.805
grc,sex_m,age_aggregate_y15_24,geo_cov_urb,2015,53.961
grc,sex_m,age_aggregate_y15_24,geo_cov_urb,2016,51.894
grc,sex_m,age_aggregate_y15_24,geo_cov_urb,2017,44.474
grc,sex_m,age_aggregate_y15_24,geo_cov_urb,2018,42.063
grc,sex_m,age_aggregate_y15_24,geo_cov_urb,2019,38.462
grc,sex_m,age_aggregate_y15_24,geo_cov_urb,2020,34.929
grc,sex_m,age_aggregate_y15_24,geo_cov_urb,2021,39.194
grc,sex_m,age_aggregate_y15_24,geo_cov_urb,2022,31.41
grc,sex_m,age_aggregate_y15_24,geo_cov_urb,2023,27.116
grc,sex_m,age_aggregate_y15_24,geo_cov_urb,2024,23.58
grc,sex_m,age_aggregate_y25_54,geo_cov_nat,1987,4.046
grc,sex_m,age_aggregate_y25_54,geo_cov_nat,1988,3.816
grc,sex_m,age_aggregate_y25_54,geo_cov_nat,1989,3.329
grc,sex_m,age_aggregate_y25_54,geo_cov_nat,1990,3.156
grc,sex_m,age_aggregate_y25_54,geo_cov_nat,1991,3.522
grc,sex_m,age_aggregate_y25_54,geo_cov_nat,1992,4.423
grc,sex_m,age_aggregate_y25_54,geo_cov_nat,1993,5.335
grc,sex_m,age_aggregate_y25_54,geo_cov_nat,1994,5.374
grc,sex_m,age_aggregate_y25_54,geo_cov_nat,1995,5.641
grc,sex_m,age_aggregate_y25_54,geo_cov_nat,1996,5.174
grc,sex_m,age_aggregate_y25_54,geo_cov_nat,1997,5.533
grc,sex_m,age_aggregate_y25_54,geo_cov_nat,1998,6.572
grc,sex_m,age_aggregate_y25_54,geo_cov_nat,1999,7.183
grc,sex_m,age_aggregate_y25_54,geo_cov_nat,2000,6.587
grc,sex_m,age_aggregate_y25_54,geo_cov_nat,2001,6.495
grc,sex_m,age_aggregate_y25_54,geo_cov_nat,2002,6.424
grc,sex_m,age_aggregate_y25_54,geo_cov_nat,2003,5.88
grc,sex_m,age_aggregate_y25_54,geo_cov_nat,2004,6.233
grc,sex_m,age_aggregate_y25_54,geo_cov_nat,2005,5.939
grc,sex_m,age_aggregate_y25_54,geo_cov_nat,2006,5.372
grc,sex_m,age_aggregate_y25_54,geo_cov_nat,2007,5.235
grc,sex_m,age_aggregate_y25_54,geo_cov_nat,2008,4.946
grc,sex_m,age_aggregate_y25_54,geo_cov_nat,2009,6.965
grc,sex_m,age_aggregate_y25_54,geo_cov_nat,2010,9.966
grc,sex_m,age_aggregate_y25_54,geo_cov_nat,2011,15.162
grc,sex_m,age_aggregate_y25_54,geo_cov_nat,2012,21.886
grc,sex_m,age_aggregate_y25_54,geo_cov_nat,2013,24.609
grc,sex_m,age_aggregate_y25_54,geo_cov_nat,2014,23.667
grc,sex_m,age_aggregate_y25_54,geo_cov_nat,2015,21.761
grc,sex_m,age_aggregate_y25_54,geo_cov_nat,2016,19.448
grc,sex_m,age_aggregate_y25_54,geo_cov_nat,2017,17.729
grc,sex_m,age_aggregate_y25_54,geo_cov_nat,2018,15.695
grc,sex_m,age_aggregate_y25_54,geo_cov_nat,2019,14.343
grc,sex_m,age_aggregate_y25_54,geo_cov_nat,2020,14.895
grc,sex_m,age_aggregate_y25_54,geo_cov_nat,2021,12.959
grc,sex_m,age_aggregate_y25_54,geo_cov_nat,2022,9.912
grc,sex_m,age_aggregate_y25_54,geo_cov_nat,2023,9.446
grc,sex_m,age_aggregate_y25_54,geo_cov_nat,2024,8.716
grc,sex_m,age_aggregate_y25_54,geo_cov_rur,1987,2.238
grc,sex_m,age_aggregate_y25_54,geo_cov_rur,1988,2.01
grc,sex_m,age_aggregate_y25_54,geo_cov_rur,1989,1.458
grc,sex_m,age_aggregate_y25_54,geo_cov_rur,1990,2.099
grc,sex_m,age_aggregate_y25_54,geo_cov_rur,1991,1.796
grc,sex_m,age_aggregate_y25_54,geo_cov_rur,1992,2.254
grc,sex_m,age_aggregate_y25_54,geo_cov_rur,1993,2.757
grc,sex_m,age_aggregate_y25_54,geo_cov_rur,1994,2.673
grc,sex_m,age_aggregate_y25_54,geo_cov_rur,1995,3.083
grc,sex_m,age_aggregate_y25_54,geo_cov_rur,1996,2.636
grc,sex_m,age_aggregate_y25_54,geo_cov_rur,1997,3.053
grc,sex_m,age_aggregate_y25_54,geo_cov_rur,1998,4.865
grc,sex_m,age_aggregate_y25_54,geo_cov_rur,1999,5.137
grc,sex_m,age_aggregate_y25_54,geo_cov_rur,2000,4.785
grc,sex_m,age_aggregate_y25_54,geo_cov_rur,2001,5.304
grc,sex_m,age_aggregate_y25_54,geo_cov_rur,2002,5.189
grc,sex_m,age_aggregate_y25_54,geo_cov_rur,2003,5.296
grc,sex_m,age_aggregate_y25_54,geo_cov_rur,2004,6.377
grc,sex_m,age_aggregate_y25_54,geo_cov_rur,2005,5.756
grc,sex_m,age_aggregate_y25_54,geo_cov_rur,2006,4.824
grc,sex_m,age_aggregate_y25_54,geo_cov_rur,2007,4.675
grc,sex_m,age_aggregate_y25_54,geo_cov_rur,2008,4.495
grc,sex_m,age_aggregate_y25_54,geo_cov_rur,2009,5.5
grc,sex_m,age_aggregate_y25_54,geo_cov_rur,2010,8.16
grc,sex_m,age_aggregate_y25_54,geo_cov_rur,2011,12.249
grc,sex_m,age_aggregate_y25_54,geo_cov_rur,2012,16.864
grc,sex_m,age_aggregate_y25_54,geo_cov_rur,2013,20.126
grc,sex_m,age_aggregate_y25_54,geo_cov_rur,2014,20.255
grc,sex_m,age_aggregate_y25_54,geo_cov_rur,2015,18.946
grc,sex_m,age_aggregate_y25_54,geo_cov_rur,2016,17.02
grc,sex_m,age_aggregate_y25_54,geo_cov_rur,2017,16.02
grc,sex_m,age_aggregate_y25_54,geo_cov_rur,2018,14.724
grc,sex_m,age_aggregate_y25_54,geo_cov_rur,2019,13.459
grc,sex_m,age_aggregate_y25_54,geo_cov_rur,2020,15.611
grc,sex_m,age_aggregate_y25_54,geo_cov_rur,2021,14.077
grc,sex_m,age_aggregate_y25_54,geo_cov_rur,2022,10.269
grc,sex_m,age_aggregate_y25_54,geo_cov_rur,2023,9.299
grc,sex_m,age_aggregate_y25_54,geo_cov_rur,2024,7.021
grc,sex_m,age_aggregate_y25_54,geo_cov_urb,1987,4.592
grc,sex_m,age_aggregate_y25_54,geo_cov_urb,1988,4.357
grc,sex_m,age_aggregate_y25_54,geo_cov_urb,1989,3.873
grc,sex_m,age_aggregate_y25_54,geo_cov_urb,1990,3.456
grc,sex_m,age_aggregate_y25_54,geo_cov_urb,1991,3.997
grc,sex_m,age_aggregate_y25_54,geo_cov_urb,1992,4.992
grc,sex_m,age_aggregate_y25_54,geo_cov_urb,1993,5.912
grc,sex_m,age_aggregate_y25_54,geo_cov_urb,1994,6.023
grc,sex_m,age_aggregate_y25_54,geo_cov_urb,1995,6.234
grc,sex_m,age_aggregate_y25_54,geo_cov_urb,1996,5.774
grc,sex_m,age_aggregate_y25_54,geo_cov_urb,1997,6.132
grc,sex_m,age_aggregate_y25_54,geo_cov_urb,1998,7.002
grc,sex_m,age_aggregate_y25_54,geo_cov_urb,1999,7.7
grc,sex_m,age_aggregate_y25_54,geo_cov_urb,2000,7.05
grc,sex_m,age_aggregate_y25_54,geo_cov_urb,2001,6.799
grc,sex_m,age_aggregate_y25_54,geo_cov_urb,2002,6.733
grc,sex_m,age_aggregate_y25_54,geo_cov_urb,2003,6.021
grc,sex_m,age_aggregate_y25_54,geo_cov_urb,2004,6.2
grc,sex_m,age_aggregate_y25_54,geo_cov_urb,2005,5.98
grc,sex_m,age_aggregate_y25_54,geo_cov_urb,2006,5.492
grc,sex_m,age_aggregate_y25_54,geo_cov_urb,2007,5.352
grc,sex_m,age_aggregate_y25_54,geo_cov_urb,2008,5.043
grc,sex_m,age_aggregate_y25_54,geo_cov_urb,2009,7.291
grc,sex_m,age_aggregate_y25_54,geo_cov_urb,2010,10.384
grc,sex_m,age_aggregate_y25_54,geo_cov_urb,2011,15.801
grc,sex_m,age_aggregate_y25_54,geo_cov_urb,2012,23.044
grc,sex_m,age_aggregate_y25_54,geo_cov_urb,2013,25.683
grc,sex_m,age_aggregate_y25_54,geo_cov_urb,2014,24.46
grc,sex_m,age_aggregate_y25_54,geo_cov_urb,2015,22.434
grc,sex_m,age_aggregate_y25_54,geo_cov_urb,2016,20.041
grc,sex_m,age_aggregate_y25_54,geo_cov_urb,2017,18.134
grc,sex_m,age_aggregate_y25_54,geo_cov_urb,2018,15.921
grc,sex_m,age_aggregate_y25_54,geo_cov_urb,2019,14.547
grc,sex_m,age_aggregate_y25_54,geo_cov_urb,2020,14.737
grc,sex_m,age_aggregate_y25_54,geo_cov_urb,2021,12.67
grc,sex_m,age_aggregate_y25_54,geo_cov_urb,2022,9.822
grc,sex_m,age_aggregate_y25_54,geo_cov_urb,2023,9.485
grc,sex_m,age_aggregate_y25_54,geo_cov_urb,2024,9.135
grc,sex_m,age_aggregate_y55_64,geo_cov_nat,1987,2.392
grc,sex_m,age_aggregate_y55_64,geo_cov_nat,1988,2.025
grc,sex_m,age_aggregate_y55_64,geo_cov_nat,1989,1.719
grc,sex_m,age_aggregate_y55_64,geo_cov_nat,1990,1.766
grc,sex_m,age_aggregate_y55_64,geo_cov_nat,1991,1.631
grc,sex_m,age_aggregate_y55_64,geo_cov_nat,1992,3.131
grc,sex_m,age_aggregate_y55_64,geo_cov_nat,1993,4.112
grc,sex_m,age_aggregate_y55_64,geo_cov_nat,1994,4.02
grc,sex_m,age_aggregate_y55_64,geo_cov_nat,1995,4.307
grc,sex_m,age_aggregate_y55_64,geo_cov_nat,1996,3.568
grc,sex_m,age_aggregate_y55_64,geo_cov_nat,1997,3.932
grc,sex_m,age_aggregate_y55_64,geo_cov_nat,1998,4.115
grc,sex_m,age_aggregate_y55_64,geo_cov_nat,1999,4.728
grc,sex_m,age_aggregate_y55_64,geo_cov_nat,2000,4.468
grc,sex_m,age_aggregate_y55_64,geo_cov_nat,2001,4.766
grc,sex_m,age_aggregate_y55_64,geo_cov_nat,2002,4.721
grc,sex_m,age_aggregate_y55_64,geo_cov_nat,2003,4.014
grc,sex_m,age_aggregate_y55_64,geo_cov_nat,2004,4.925
grc,sex_m,age_aggregate_y55_64,geo_cov_nat,2005,4.025
grc,sex_m,age_aggregate_y55_64,geo_cov_nat,2006,3.777
grc,sex_m,age_aggregate_y55_64,geo_cov_nat,2007,3.597
grc,sex_m,age_aggregate_y55_64,geo_cov_nat,2008,3.569
grc,sex_m,age_aggregate_y55_64,geo_cov_nat,2009,4.879
grc,sex_m,age_aggregate_y55_64,geo_cov_nat,2010,6.826
grc,sex_m,age_aggregate_y55_64,geo_cov_nat,2011,9.576
grc,sex_m,age_aggregate_y55_64,geo_cov_nat,2012,15.743
grc,sex_m,age_aggregate_y55_64,geo_cov_nat,2013,18.567
grc,sex_m,age_aggregate_y55_64,geo_cov_nat,2014,19.823
grc,sex_m,age_aggregate_y55_64,geo_cov_nat,2015,20.046
grc,sex_m,age_aggregate_y55_64,geo_cov_nat,2016,21.531
grc,sex_m,age_aggregate_y55_64,geo_cov_nat,2017,19.06
grc,sex_m,age_aggregate_y55_64,geo_cov_nat,2018,14.683
grc,sex_m,age_aggregate_y55_64,geo_cov_nat,2019,14.562
grc,sex_m,age_aggregate_y55_64,geo_cov_nat,2020,13.94
grc,sex_m,age_aggregate_y55_64,geo_cov_nat,2021,11.297
grc,sex_m,age_aggregate_y55_64,geo_cov_nat,2022,8.38
grc,sex_m,age_aggregate_y55_64,geo_cov_nat,2023,5.683
grc,sex_m,age_aggregate_y55_64,geo_cov_nat,2024,5.771
grc,sex_m,age_aggregate_y55_64,geo_cov_rur,1987,0.664
grc,sex_m,age_aggregate_y55_64,geo_cov_rur,1988,0.497
grc,sex_m,age_aggregate_y55_64,geo_cov_rur,1989,0.228
grc,sex_m,age_aggregate_y55_64,geo_cov_rur,1990,0.293
grc,sex_m,age_aggregate_y55_64,geo_cov_rur,1991,0.253
grc,sex_m,age_aggregate_y55_64,geo_cov_rur,1992,0.988
grc,sex_m,age_aggregate_y55_64,geo_cov_rur,1993,1.132
grc,sex_m,age_aggregate_y55_64,geo_cov_rur,1994,1.057
grc,sex_m,age_aggregate_y55_64,geo_cov_rur,1995,1.364
grc,sex_m,age_aggregate_y55_64,geo_cov_rur,1996,0.964
grc,sex_m,age_aggregate_y55_64,geo_cov_rur,1997,1.242
grc,sex_m,age_aggregate_y55_64,geo_cov_rur,1998,1.576
grc,sex_m,age_aggregate_y55_64,geo_cov_rur,1999,2.594
grc,sex_m,age_aggregate_y55_64,geo_cov_rur,2000,1.99
grc,sex_m,age_aggregate_y55_64,geo_cov_rur,2001,2.274
grc,sex_m,age_aggregate_y55_64,geo_cov_rur,2002,2.267
grc,sex_m,age_aggregate_y55_64,geo_cov_rur,2003,2.258
grc,sex_m,age_aggregate_y55_64,geo_cov_rur,2004,3.362
grc,sex_m,age_aggregate_y55_64,geo_cov_rur,2005,2.999
grc,sex_m,age_aggregate_y55_64,geo_cov_rur,2006,3.095
grc,sex_m,age_aggregate_y55_64,geo_cov_rur,2007,2.86
grc,sex_m,age_aggregate_y55_64,geo_cov_rur,2008,3.01
grc,sex_m,age_aggregate_y55_64,geo_cov_rur,2009,3.753
grc,sex_m,age_aggregate_y55_64,geo_cov_rur,2010,3.958
grc,sex_m,age_aggregate_y55_64,geo_cov_rur,2011,6.088
grc,sex_m,age_aggregate_y55_64,geo_cov_rur,2012,9.156
grc,sex_m,age_aggregate_y55_64,geo_cov_rur,2013,13.048
grc,sex_m,age_aggregate_y55_64,geo_cov_rur,2014,13.846
grc,sex_m,age_aggregate_y55_64,geo_cov_rur,2015,12.369
grc,sex_m,age_aggregate_y55_64,geo_cov_rur,2016,14.591
grc,sex_m,age_aggregate_y55_64,geo_cov_rur,2017,14.663
grc,sex_m,age_aggregate_y55_64,geo_cov_rur,2018,10.114
grc,sex_m,age_aggregate_y55_64,geo_cov_rur,2019,9.765
grc,sex_m,age_aggregate_y55_64,geo_cov_rur,2020,10.544
grc,sex_m,age_aggregate_y55_64,geo_cov_rur,2021,10.158
grc,sex_m,age_aggregate_y55_64,geo_cov_rur,2022,7.626
grc,sex_m,age_aggregate_y55_64,geo_cov_rur,2023,4.903
grc,sex_m,age_aggregate_y55_64,geo_cov_rur,2024,4.048
grc,sex_m,age_aggregate_y55_64,geo_cov_urb,1987,3.53
grc,sex_m,age_aggregate_y55_64,geo_cov_urb,1988,3.042
grc,sex_m,age_aggregate_y55_64,geo_cov_urb,1989,2.717
grc,sex_m,age_aggregate_y55_64,geo_cov_urb,1990,2.659
grc,sex_m,age_aggregate_y55_64,geo_cov_urb,1991,2.426
grc,sex_m,age_aggregate_y55_64,geo_cov_urb,1992,4.417
grc,sex_m,age_aggregate_y55_64,geo_cov_urb,1993,5.663
grc,sex_m,age_aggregate_y55_64,geo_cov_urb,1994,5.579
grc,sex_m,age_aggregate_y55_64,geo_cov_urb,1995,5.883
grc,sex_m,age_aggregate_y55_64,geo_cov_urb,1996,4.943
grc,sex_m,age_aggregate_y55_64,geo_cov_urb,1997,5.385
grc,sex_m,age_aggregate_y55_64,geo_cov_urb,1998,5.587
grc,sex_m,age_aggregate_y55_64,geo_cov_urb,1999,5.897
grc,sex_m,age_aggregate_y55_64,geo_cov_urb,2000,5.68
grc,sex_m,age_aggregate_y55_64,geo_cov_urb,2001,5.951
grc,sex_m,age_aggregate_y55_64,geo_cov_urb,2002,5.842
grc,sex_m,age_aggregate_y55_64,geo_cov_urb,2003,4.79
grc,sex_m,age_aggregate_y55_64,geo_cov_urb,2004,5.452
grc,sex_m,age_aggregate_y55_64,geo_cov_urb,2005,4.347
grc,sex_m,age_aggregate_y55_64,geo_cov_urb,2006,3.999
grc,sex_m,age_aggregate_y55_64,geo_cov_urb,2007,3.83
grc,sex_m,age_aggregate_y55_64,geo_cov_urb,2008,3.74
grc,sex_m,age_aggregate_y55_64,geo_cov_urb,2009,5.252
grc,sex_m,age_aggregate_y55_64,geo_cov_urb,2010,7.836
grc,sex_m,age_aggregate_y55_64,geo_cov_urb,2011,10.802
grc,sex_m,age_aggregate_y55_64,geo_cov_urb,2012,18.162
grc,sex_m,age_aggregate_y55_64,geo_cov_urb,2013,20.684
grc,sex_m,age_aggregate_y55_64,geo_cov_urb,2014,22.103
grc,sex_m,age_aggregate_y55_64,geo_cov_urb,2015,22.851
grc,sex_m,age_aggregate_y55_64,geo_cov_urb,2016,24.131
grc,sex_m,age_aggregate_y55_64,geo_cov_urb,2017,20.661
grc,sex_m,age_aggregate_y55_64,geo_cov_urb,2018,16.446
grc,sex_m,age_aggregate_y55_64,geo_cov_urb,2019,16.219
grc,sex_m,age_aggregate_y55_64,geo_cov_urb,2020,15.04
grc,sex_m,age_aggregate_y55_64,geo_cov_urb,2021,11.686
grc,sex_m,age_aggregate_y55_64,geo_cov_urb,2022,8.649
grc,sex_m,age_aggregate_y55_64,geo_cov_urb,2023,5.984
grc,sex_m,age_aggregate_y55_64,geo_cov_urb,2024,6.362
grc,sex_m,age_aggregate_yge65,geo_cov_nat,1987,0.416
grc,sex_m,age_aggregate_yge65,geo_cov_nat,1988,0.513
grc,sex_m,age_aggregate_yge65,geo_cov_nat,1989,0.485
grc,sex_m,age_aggregate_yge65,geo_cov_nat,1990,0.467
grc,sex_m,age_aggregate_yge65,geo_cov_nat,1991,0.583
grc,sex_m,age_aggregate_yge65,geo_cov_nat,1992,2.069
grc,sex_m,age_aggregate_yge65,geo_cov_nat,1993,2.154
grc,sex_m,age_aggregate_yge65,geo_cov_nat,1994,1.45
grc,sex_m,age_aggregate_yge65,geo_cov_nat,1995,1.085
grc,sex_m,age_aggregate_yge65,geo_cov_nat,1996,1.022
grc,sex_m,age_aggregate_yge65,geo_cov_nat,1997,1.256
grc,sex_m,age_aggregate_yge65,geo_cov_nat,1998,3.71
grc,sex_m,age_aggregate_yge65,geo_cov_nat,1999,2.779
grc,sex_m,age_aggregate_yge65,geo_cov_nat,2000,2.632
grc,sex_m,age_aggregate_yge65,geo_cov_nat,2001,3.756
grc,sex_m,age_aggregate_yge65,geo_cov_nat,2002,2.786
grc,sex_m,age_aggregate_yge65,geo_cov_nat,2003,1.594
grc,sex_m,age_aggregate_yge65,geo_cov_nat,2004,2.842
grc,sex_m,age_aggregate_yge65,geo_cov_nat,2005,2.594
grc,sex_m,age_aggregate_yge65,geo_cov_nat,2006,1.808
grc,sex_m,age_aggregate_yge65,geo_cov_nat,2007,1.552
grc,sex_m,age_aggregate_yge65,geo_cov_nat,2008,2.08
grc,sex_m,age_aggregate_yge65,geo_cov_nat,2009,3.267
grc,sex_m,age_aggregate_yge65,geo_cov_nat,2010,3.795
grc,sex_m,age_aggregate_yge65,geo_cov_nat,2011,3.308
grc,sex_m,age_aggregate_yge65,geo_cov_nat,2012,9.505
grc,sex_m,age_aggregate_yge65,geo_cov_nat,2013,14.016
grc,sex_m,age_aggregate_yge65,geo_cov_nat,2014,17.823
grc,sex_m,age_aggregate_yge65,geo_cov_nat,2015,17.619
grc,sex_m,age_aggregate_yge65,geo_cov_nat,2016,19.362
grc,sex_m,age_aggregate_yge65,geo_cov_nat,2017,16.52
grc,sex_m,age_aggregate_yge65,geo_cov_nat,2018,14.605
grc,sex_m,age_aggregate_yge65,geo_cov_nat,2019,12.461
grc,sex_m,age_aggregate_yge65,geo_cov_nat,2020,13.219
grc,sex_m,age_aggregate_yge65,geo_cov_nat,2021,11.543
grc,sex_m,age_aggregate_yge65,geo_cov_nat,2022,12.158
grc,sex_m,age_aggregate_yge65,geo_cov_nat,2023,9.601
grc,sex_m,age_aggregate_yge65,geo_cov_nat,2024,7.009
grc,sex_m,age_aggregate_yge65,geo_cov_rur,1999,1.271
grc,sex_m,age_aggregate_yge65,geo_cov_rur,2000,0.896
grc,sex_m,age_aggregate_yge65,geo_cov_rur,2001,1.474
grc,sex_m,age_aggregate_yge65,geo_cov_rur,2002,0.581
grc,sex_m,age_aggregate_yge65,geo_cov_rur,2003,0.628
grc,sex_m,age_aggregate_yge65,geo_cov_rur,2004,1.072
grc,sex_m,age_aggregate_yge65,geo_cov_rur,2005,1.433
grc,sex_m,age_aggregate_yge65,geo_cov_rur,2006,0.705
grc,sex_m,age_aggregate_yge65,geo_cov_rur,2007,0.796
grc,sex_m,age_aggregate_yge65,geo_cov_rur,2009,0.519
grc,sex_m,age_aggregate_yge65,geo_cov_rur,2010,1.19
grc,sex_m,age_aggregate_yge65,geo_cov_rur,2011,0.723
grc,sex_m,age_aggregate_yge65,geo_cov_rur,2012,3.136
grc,sex_m,age_aggregate_yge65,geo_cov_rur,2013,3.516
grc,sex_m,age_aggregate_yge65,geo_cov_rur,2014,5.026
grc,sex_m,age_aggregate_yge65,geo_cov_rur,2015,6.45
grc,sex_m,age_aggregate_yge65,geo_cov_rur,2016,8.801
grc,sex_m,age_aggregate_yge65,geo_cov_rur,2017,6.824
grc,sex_m,age_aggregate_yge65,geo_cov_rur,2018,5.805
grc,sex_m,age_aggregate_yge65,geo_cov_rur,2019,5.752
grc,sex_m,age_aggregate_yge65,geo_cov_rur,2020,7.252
grc,sex_m,age_aggregate_yge65,geo_cov_rur,2021,6.417
grc,sex_m,age_aggregate_yge65,geo_cov_rur,2022,6.68
grc,sex_m,age_aggregate_yge65,geo_cov_rur,2023,7.574
grc,sex_m,age_aggregate_yge65,geo_cov_rur,2024,3.656
grc,sex_m,age_aggregate_yge65,geo_cov_urb,1988,1.216
grc,sex_m,age_aggregate_yge65,geo_cov_urb,1989,1.216
grc,sex_m,age_aggregate_yge65,geo_cov_urb,1990,1.096
grc,sex_m,age_aggregate_yge65,geo_cov_urb,1991,1.258
grc,sex_m,age_aggregate_yge65,geo_cov_urb,1992,4.598
grc,sex_m,age_aggregate_yge65,geo_cov_urb,1993,3.962
grc,sex_m,age_aggregate_yge65,geo_cov_urb,1994,3.151
grc,sex_m,age_aggregate_yge65,geo_cov_urb,1995,1.992
grc,sex_m,age_aggregate_yge65,geo_cov_urb,1996,2.333
grc,sex_m,age_aggregate_yge65,geo_cov_urb,1997,2.747
grc,sex_m,age_aggregate_yge65,geo_cov_urb,1998,8.039
grc,sex_m,age_aggregate_yge65,geo_cov_urb,1999,4.685
grc,sex_m,age_aggregate_yge65,geo_cov_urb,2000,4.625
grc,sex_m,age_aggregate_yge65,geo_cov_urb,2001,6.065
grc,sex_m,age_aggregate_yge65,geo_cov_urb,2002,4.948
grc,sex_m,age_aggregate_yge65,geo_cov_urb,2003,2.537
grc,sex_m,age_aggregate_yge65,geo_cov_urb,2004,4.036
grc,sex_m,age_aggregate_yge65,geo_cov_urb,2005,3.367
grc,sex_m,age_aggregate_yge65,geo_cov_urb,2006,2.608
grc,sex_m,age_aggregate_yge65,geo_cov_urb,2007,2.154
grc,sex_m,age_aggregate_yge65,geo_cov_urb,2008,3.516
grc,sex_m,age_aggregate_yge65,geo_cov_urb,2009,5.626
grc,sex_m,age_aggregate_yge65,geo_cov_urb,2010,5.829
grc,sex_m,age_aggregate_yge65,geo_cov_urb,2011,5.522
grc,sex_m,age_aggregate_yge65,geo_cov_urb,2012,13.924
grc,sex_m,age_aggregate_yge65,geo_cov_urb,2013,20.833
grc,sex_m,age_aggregate_yge65,geo_cov_urb,2014,24.788
grc,sex_m,age_aggregate_yge65,geo_cov_urb,2015,23.92
grc,sex_m,age_aggregate_yge65,geo_cov_urb,2016,26.135
grc,sex_m,age_aggregate_yge65,geo_cov_urb,2017,22.531
grc,sex_m,age_aggregate_yge65,geo_cov_urb,2018,20.155
grc,sex_m,age_aggregate_yge65,geo_cov_urb,2019,16.386
grc,sex_m,age_aggregate_yge65,geo_cov_urb,2020,16.041
grc,sex_m,age_aggregate_yge65,geo_cov_urb,2021,14.026
grc,sex_m,age_aggregate_yge65,geo_cov_urb,2022,14.651
grc,sex_m,age_aggregate_yge65,geo_cov_urb,2023,10.791
grc,sex_m,age_aggregate_yge65,geo_cov_urb,2024,8.62
grc,sex_m,age_ythadult_y15_24,geo_cov_nat,1987,18.5
grc,sex_m,age_ythadult_y15_24,geo_cov_nat,1988,18.005
grc,sex_m,age_ythadult_y15_24,geo_cov_nat,1989,17.508
grc,sex_m,age_ythadult_y15_24,geo_cov_nat,1990,15.682
grc,sex_m,age_ythadult_y15_24,geo_cov_nat,1991,17.181
grc,sex_m,age_ythadult_y15_24,geo_cov_nat,1992,20.787
grc,sex_m,age_ythadult_y15_24,geo_cov_nat,1993,23.884
grc,sex_m,age_ythadult_y15_24,geo_cov_nat,1994,22.863
grc,sex_m,age_ythadult_y15_24,geo_cov_nat,1995,22.265
grc,sex_m,age_ythadult_y15_24,geo_cov_nat,1996,23.65
grc,sex_m,age_ythadult_y15_24,geo_cov_nat,1997,25.018
grc,sex_m,age_ythadult_y15_24,geo_cov_nat,1998,24.423
grc,sex_m,age_ythadult_y15_24,geo_cov_nat,1999,25.193
grc,sex_m,age_ythadult_y15_24,geo_cov_nat,2000,24.437
grc,sex_m,age_ythadult_y15_24,geo_cov_nat,2001,24.391
grc,sex_m,age_ythadult_y15_24,geo_cov_nat,2002,21.707
grc,sex_m,age_ythadult_y15_24,geo_cov_nat,2003,20.745
grc,sex_m,age_ythadult_y15_24,geo_cov_nat,2004,21.362
grc,sex_m,age_ythadult_y15_24,geo_cov_nat,2005,20.896
grc,sex_m,age_ythadult_y15_24,geo_cov_nat,2006,19.457
grc,sex_m,age_ythadult_y15_24,geo_cov_nat,2007,17.407
grc,sex_m,age_ythadult_y15_24,geo_cov_nat,2008,18.452
grc,sex_m,age_ythadult_y15_24,geo_cov_nat,2009,21.597
grc,sex_m,age_ythadult_y15_24,geo_cov_nat,2010,28.99
grc,sex_m,age_ythadult_y15_24,geo_cov_nat,2011,41.766
grc,sex_m,age_ythadult_y15_24,geo_cov_nat,2012,52.013
grc,sex_m,age_ythadult_y15_24,geo_cov_nat,2013,56.831
grc,sex_m,age_ythadult_y15_24,geo_cov_nat,2014,51.298
grc,sex_m,age_ythadult_y15_24,geo_cov_nat,2015,50.388
grc,sex_m,age_ythadult_y15_24,geo_cov_nat,2016,50.036
grc,sex_m,age_ythadult_y15_24,geo_cov_nat,2017,43.174
grc,sex_m,age_ythadult_y15_24,geo_cov_nat,2018,40.443
grc,sex_m,age_ythadult_y15_24,geo_cov_nat,2019,37.045
grc,sex_m,age_ythadult_y15_24,geo_cov_nat,2020,35.778
grc,sex_m,age_ythadult_y15_24,geo_cov_nat,2021,38.587
grc,sex_m,age_ythadult_y15_24,geo_cov_nat,2022,30.333
grc,sex_m,age_ythadult_y15_24,geo_cov_nat,2023,28.293
grc,sex_m,age_ythadult_y15_24,geo_cov_nat,2024,24.817
grc,sex_m,age_ythadult_y15_24,geo_cov_rur,1987,11.385
grc,sex_m,age_ythadult_y15_24,geo_cov_rur,1988,10.748
grc,sex_m,age_ythadult_y15_24,geo_cov_rur,1989,10.233
grc,sex_m,age_ythadult_y15_24,geo_cov_rur,1990,10.31
grc,sex_m,age_ythadult_y15_24,geo_cov_rur,1991,10.18
grc,sex_m,age_ythadult_y15_24,geo_cov_rur,1992,12.375
grc,sex_m,age_ythadult_y15_24,geo_cov_rur,1993,16.777
grc,sex_m,age_ythadult_y15_24,geo_cov_rur,1994,12.838
grc,sex_m,age_ythadult_y15_24,geo_cov_rur,1995,11.985
grc,sex_m,age_ythadult_y15_24,geo_cov_rur,1996,12.66
grc,sex_m,age_ythadult_y15_24,geo_cov_rur,1997,12.59
grc,sex_m,age_ythadult_y15_24,geo_cov_rur,1998,16.072
grc,sex_m,age_ythadult_y15_24,geo_cov_rur,1999,17.539
grc,sex_m,age_ythadult_y15_24,geo_cov_rur,2000,17.776
grc,sex_m,age_ythadult_y15_24,geo_cov_rur,2001,17.142
grc,sex_m,age_ythadult_y15_24,geo_cov_rur,2002,17.623
grc,sex_m,age_ythadult_y15_24,geo_cov_rur,2003,15.954
grc,sex_m,age_ythadult_y15_24,geo_cov_rur,2004,19.361
grc,sex_m,age_ythadult_y15_24,geo_cov_rur,2005,18.454
grc,sex_m,age_ythadult_y15_24,geo_cov_rur,2006,16.241
grc,sex_m,age_ythadult_y15_24,geo_cov_rur,2007,14.192
grc,sex_m,age_ythadult_y15_24,geo_cov_rur,2008,16.394
grc,sex_m,age_ythadult_y15_24,geo_cov_rur,2009,20.579
grc,sex_m,age_ythadult_y15_24,geo_cov_rur,2010,25.489
grc,sex_m,age_ythadult_y15_24,geo_cov_rur,2011,34.228
grc,sex_m,age_ythadult_y15_24,geo_cov_rur,2012,43.15
grc,sex_m,age_ythadult_y15_24,geo_cov_rur,2013,46.833
grc,sex_m,age_ythadult_y15_24,geo_cov_rur,2014,44.078
grc,sex_m,age_ythadult_y15_24,geo_cov_rur,2015,40.024
grc,sex_m,age_ythadult_y15_24,geo_cov_rur,2016,44.252
grc,sex_m,age_ythadult_y15_24,geo_cov_rur,2017,39.008
grc,sex_m,age_ythadult_y15_24,geo_cov_rur,2018,34.952
grc,sex_m,age_ythadult_y15_24,geo_cov_rur,2019,32.161
grc,sex_m,age_ythadult_y15_24,geo_cov_rur,2020,39.239
grc,sex_m,age_ythadult_y15_24,geo_cov_rur,2021,37.035
grc,sex_m,age_ythadult_y15_24,geo_cov_rur,2022,27.667
grc,sex_m,age_ythadult_y15_24,geo_cov_rur,2023,31.457
grc,sex_m,age_ythadult_y15_24,geo_cov_rur,2024,28.742
grc,sex_m,age_ythadult_y15_24,geo_cov_urb,1987,21.96
grc,sex_m,age_ythadult_y15_24,geo_cov_urb,1988,21.314
grc,sex_m,age_ythadult_y15_24,geo_cov_urb,1989,20.946
grc,sex_m,age_ythadult_y15_24,geo_cov_urb,1990,18.121
grc,sex_m,age_ythadult_y15_24,geo_cov_urb,1991,20.363
grc,sex_m,age_ythadult_y15_24,geo_cov_urb,1992,24.294
grc,sex_m,age_ythadult_y15_24,geo_cov_urb,1993,26.189
grc,sex_m,age_ythadult_y15_24,geo_cov_urb,1994,26.141
grc,sex_m,age_ythadult_y15_24,geo_cov_urb,1995,25.678
grc,sex_m,age_ythadult_y15_24,geo_cov_urb,1996,27.327
grc,sex_m,age_ythadult_y15_24,geo_cov_urb,1997,29.048
grc,sex_m,age_ythadult_y15_24,geo_cov_urb,1998,27.476
grc,sex_m,age_ythadult_y15_24,geo_cov_urb,1999,27.953
grc,sex_m,age_ythadult_y15_24,geo_cov_urb,2000,26.899
grc,sex_m,age_ythadult_y15_24,geo_cov_urb,2001,26.811
grc,sex_m,age_ythadult_y15_24,geo_cov_urb,2002,22.96
grc,sex_m,age_ythadult_y15_24,geo_cov_urb,2003,22.36
grc,sex_m,age_ythadult_y15_24,geo_cov_urb,2004,21.906
grc,sex_m,age_ythadult_y15_24,geo_cov_urb,2005,21.586
grc,sex_m,age_ythadult_y15_24,geo_cov_urb,2006,20.345
grc,sex_m,age_ythadult_y15_24,geo_cov_urb,2007,18.281
grc,sex_m,age_ythadult_y15_24,geo_cov_urb,2008,19.013
grc,sex_m,age_ythadult_y15_24,geo_cov_urb,2009,21.915
grc,sex_m,age_ythadult_y15_24,geo_cov_urb,2010,30.093
grc,sex_m,age_ythadult_y15_24,geo_cov_urb,2011,43.977
grc,sex_m,age_ythadult_y15_24,geo_cov_urb,2012,54.869
grc,sex_m,age_ythadult_y15_24,geo_cov_urb,2013,59.987
grc,sex_m,age_ythadult_y15_24,geo_cov_urb,2014,53.805
grc,sex_m,age_ythadult_y15_24,geo_cov_urb,2015,53.961
grc,sex_m,age_ythadult_y15_24,geo_cov_urb,2016,51.894
grc,sex_m,age_ythadult_y15_24,geo_cov_urb,2017,44.474
grc,sex_m,age_ythadult_y15_24,geo_cov_urb,2018,42.063
grc,sex_m,age_ythadult_y15_24,geo_cov_urb,2019,38.462
grc,sex_m,age_ythadult_y15_24,geo_cov_urb,2020,34.929
grc,sex_m,age_ythadult_y15_24,geo_cov_urb,2021,39.194
grc,sex_m,age_ythadult_y15_24,geo_cov_urb,2022,31.41
grc,sex_m,age_ythadult_y15_24,geo_cov_urb,2023,27.116
grc,sex_m,age_ythadult_y15_24,geo_cov_urb,2024,23.58
grc,sex_m,age_ythadult_y15_64,geo_cov_nat,1987,5.432
grc,sex_m,age_ythadult_y15_64,geo_cov_nat,1988,5.149
grc,sex_m,age_ythadult_y15_64,geo_cov_nat,1989,4.761
grc,sex_m,age_ythadult_y15_64,geo_cov_nat,1990,4.437
grc,sex_m,age_ythadult_y15_64,geo_cov_nat,1991,4.862
grc,sex_m,age_ythadult_y15_64,geo_cov_nat,1992,6.196
grc,sex_m,age_ythadult_y15_64,geo_cov_nat,1993,7.375
grc,sex_m,age_ythadult_y15_64,geo_cov_nat,1994,7.132
grc,sex_m,age_ythadult_y15_64,geo_cov_nat,1995,7.239
grc,sex_m,age_ythadult_y15_64,geo_cov_nat,1996,6.868
grc,sex_m,age_ythadult_y15_64,geo_cov_nat,1997,7.326
grc,sex_m,age_ythadult_y15_64,geo_cov_nat,1998,8.51
grc,sex_m,age_ythadult_y15_64,geo_cov_nat,1999,9.019
grc,sex_m,age_ythadult_y15_64,geo_cov_nat,2000,8.41
grc,sex_m,age_ythadult_y15_64,geo_cov_nat,2001,8.206
grc,sex_m,age_ythadult_y15_64,geo_cov_nat,2002,7.787
grc,sex_m,age_ythadult_y15_64,geo_cov_nat,2003,7.078
grc,sex_m,age_ythadult_y15_64,geo_cov_nat,2004,7.569
grc,sex_m,age_ythadult_y15_64,geo_cov_nat,2005,7.03
grc,sex_m,age_ythadult_y15_64,geo_cov_nat,2006,6.349
grc,sex_m,age_ythadult_y15_64,geo_cov_nat,2007,5.978
grc,sex_m,age_ythadult_y15_64,geo_cov_nat,2008,5.773
grc,sex_m,age_ythadult_y15_64,geo_cov_nat,2009,7.761
grc,sex_m,age_ythadult_y15_64,geo_cov_nat,2010,10.88
grc,sex_m,age_ythadult_y15_64,geo_cov_nat,2011,16.247
grc,sex_m,age_ythadult_y15_64,geo_cov_nat,2012,23.145
grc,sex_m,age_ythadult_y15_64,geo_cov_nat,2013,26.017
grc,sex_m,age_ythadult_y15_64,geo_cov_nat,2014,24.975
grc,sex_m,age_ythadult_y15_64,geo_cov_nat,2015,23.279
grc,sex_m,age_ythadult_y15_64,geo_cov_nat,2016,21.526
grc,sex_m,age_ythadult_y15_64,geo_cov_nat,2017,19.328
grc,sex_m,age_ythadult_y15_64,geo_cov_nat,2018,16.879
grc,sex_m,age_ythadult_y15_64,geo_cov_nat,2019,15.519
grc,sex_m,age_ythadult_y15_64,geo_cov_nat,2020,15.787
grc,sex_m,age_ythadult_y15_64,geo_cov_nat,2021,13.998
grc,sex_m,age_ythadult_y15_64,geo_cov_nat,2022,10.759
grc,sex_m,age_ythadult_y15_64,geo_cov_nat,2023,9.836
grc,sex_m,age_ythadult_y15_64,geo_cov_nat,2024,9.036
grc,sex_m,age_ythadult_y15_64,geo_cov_rur,1988,2.823
grc,sex_m,age_ythadult_y15_64,geo_cov_rur,1992,3.413
grc,sex_m,age_ythadult_y15_64,geo_cov_rur,1993,4.29
grc,sex_m,age_ythadult_y15_64,geo_cov_rur,1994,3.553
grc,sex_m,age_ythadult_y15_64,geo_cov_rur,1995,3.758
grc,sex_m,age_ythadult_y15_64,geo_cov_rur,1996,3.43
grc,sex_m,age_ythadult_y15_64,geo_cov_rur,1997,3.714
grc,sex_m,age_ythadult_y15_64,geo_cov_rur,1998,5.861
grc,sex_m,age_ythadult_y15_64,geo_cov_rur,1999,6.371
grc,sex_m,age_ythadult_y15_64,geo_cov_rur,2000,6.108
grc,sex_m,age_ythadult_y15_64,geo_cov_rur,2001,6.211
grc,sex_m,age_ythadult_y15_64,geo_cov_rur,2002,6.058
grc,sex_m,age_ythadult_y15_64,geo_cov_rur,2003,5.959
grc,sex_m,age_ythadult_y15_64,geo_cov_rur,2004,7.295
grc,sex_m,age_ythadult_y15_64,geo_cov_rur,2005,6.61
grc,sex_m,age_ythadult_y15_64,geo_cov_rur,2006,5.624
grc,sex_m,age_ythadult_y15_64,geo_cov_rur,2007,5.232
grc,sex_m,age_ythadult_y15_64,geo_cov_rur,2008,5.266
grc,sex_m,age_ythadult_y15_64,geo_cov_rur,2009,6.554
grc,sex_m,age_ythadult_y15_64,geo_cov_rur,2010,8.881
grc,sex_m,age_ythadult_y15_64,geo_cov_rur,2011,12.925
grc,sex_m,age_ythadult_y15_64,geo_cov_rur,2012,17.706
grc,sex_m,age_ythadult_y15_64,geo_cov_rur,2013,21.002
grc,sex_m,age_ythadult_y15_64,geo_cov_rur,2014,21.1
grc,sex_m,age_ythadult_y15_64,geo_cov_rur,2015,19.398
grc,sex_m,age_ythadult_y15_64,geo_cov_rur,2016,18.413
grc,sex_m,age_ythadult_y15_64,geo_cov_rur,2017,17.221
grc,sex_m,age_ythadult_y15_64,geo_cov_rur,2018,14.993
grc,sex_m,age_ythadult_y15_64,geo_cov_rur,2019,13.759
grc,sex_m,age_ythadult_y15_64,geo_cov_rur,2020,15.733
grc,sex_m,age_ythadult_y15_64,geo_cov_rur,2021,14.808
grc,sex_m,age_ythadult_y15_64,geo_cov_rur,2022,10.957
grc,sex_m,age_ythadult_y15_64,geo_cov_rur,2023,9.832
grc,sex_m,age_ythadult_y15_64,geo_cov_rur,2024,7.686
grc,sex_m,age_ythadult_y15_64,geo_cov_urb,1987,6.266
grc,sex_m,age_ythadult_y15_64,geo_cov_urb,1988,5.994
grc,sex_m,age_ythadult_y15_64,geo_cov_urb,1989,5.599
grc,sex_m,age_ythadult_y15_64,geo_cov_urb,1990,4.976
grc,sex_m,age_ythadult_y15_64,geo_cov_urb,1991,5.59
grc,sex_m,age_ythadult_y15_64,geo_cov_urb,1992,7.1
grc,sex_m,age_ythadult_y15_64,geo_cov_urb,1993,8.216
grc,sex_m,age_ythadult_y15_64,geo_cov_urb,1994,8.158
grc,sex_m,age_ythadult_y15_64,geo_cov_urb,1995,8.217
grc,sex_m,age_ythadult_y15_64,geo_cov_urb,1996,7.842
grc,sex_m,age_ythadult_y15_64,geo_cov_urb,1997,8.365
grc,sex_m,age_ythadult_y15_64,geo_cov_urb,1998,9.3
grc,sex_m,age_ythadult_y15_64,geo_cov_urb,1999,9.798
grc,sex_m,age_ythadult_y15_64,geo_cov_urb,2000,9.084
grc,sex_m,age_ythadult_y15_64,geo_cov_urb,2001,8.777
grc,sex_m,age_ythadult_y15_64,geo_cov_urb,2002,8.267
grc,sex_m,age_ythadult_y15_64,geo_cov_urb,2003,7.385
grc,sex_m,age_ythadult_y15_64,geo_cov_urb,2004,7.637
grc,sex_m,age_ythadult_y15_64,geo_cov_urb,2005,7.132
grc,sex_m,age_ythadult_y15_64,geo_cov_urb,2006,6.521
grc,sex_m,age_ythadult_y15_64,geo_cov_urb,2007,6.147
grc,sex_m,age_ythadult_y15_64,geo_cov_urb,2008,5.891
grc,sex_m,age_ythadult_y15_64,geo_cov_urb,2009,8.052
grc,sex_m,age_ythadult_y15_64,geo_cov_urb,2010,11.384
grc,sex_m,age_ythadult_y15_64,geo_cov_urb,2011,17.046
grc,sex_m,age_ythadult_y15_64,geo_cov_urb,2012,24.519
grc,sex_m,age_ythadult_y15_64,geo_cov_urb,2013,27.329
grc,sex_m,age_ythadult_y15_64,geo_cov_urb,2014,25.971
grc,sex_m,age_ythadult_y15_64,geo_cov_urb,2015,24.292
grc,sex_m,age_ythadult_y15_64,geo_cov_urb,2016,22.353
grc,sex_m,age_ythadult_y15_64,geo_cov_urb,2017,19.874
grc,sex_m,age_ythadult_y15_64,geo_cov_urb,2018,17.363
grc,sex_m,age_ythadult_y15_64,geo_cov_urb,2019,15.961
grc,sex_m,age_ythadult_y15_64,geo_cov_urb,2020,15.8
grc,sex_m,age_ythadult_y15_64,geo_cov_urb,2021,13.773
grc,sex_m,age_ythadult_y15_64,geo_cov_urb,2022,10.704
grc,sex_m,age_ythadult_y15_64,geo_cov_urb,2023,9.838
grc,sex_m,age_ythadult_y15_64,geo_cov_urb,2024,9.399
grc,sex_m,age_ythadult_yge15,geo_cov_nat,1987,5.266
grc,sex_m,age_ythadult_yge15,geo_cov_nat,1988,5.001
grc,sex_m,age_ythadult_yge15,geo_cov_nat,1989,4.638
grc,sex_m,age_ythadult_yge15,geo_cov_nat,1990,4.318
grc,sex_m,age_ythadult_yge15,geo_cov_nat,1991,4.737
grc,sex_m,age_ythadult_yge15,geo_cov_nat,1992,6.058
grc,sex_m,age_ythadult_yge15,geo_cov_nat,1993,7.22
grc,sex_m,age_ythadult_yge15,geo_cov_nat,1994,6.938
grc,sex_m,age_ythadult_yge15,geo_cov_nat,1995,7.017
grc,sex_m,age_ythadult_yge15,geo_cov_nat,1996,6.663
grc,sex_m,age_ythadult_yge15,geo_cov_nat,1997,7.111
grc,sex_m,age_ythadult_yge15,geo_cov_nat,1998,8.387
grc,sex_m,age_ythadult_yge15,geo_cov_nat,1999,8.867
grc,sex_m,age_ythadult_yge15,geo_cov_nat,2000,8.273
grc,sex_m,age_ythadult_yge15,geo_cov_nat,2001,8.109
grc,sex_m,age_ythadult_yge15,geo_cov_nat,2002,7.673
grc,sex_m,age_ythadult_yge15,geo_cov_nat,2003,6.949
grc,sex_m,age_ythadult_yge15,geo_cov_nat,2004,7.474
grc,sex_m,age_ythadult_yge15,geo_cov_nat,2005,6.937
grc,sex_m,age_ythadult_yge15,geo_cov_nat,2006,6.249
grc,sex_m,age_ythadult_yge15,geo_cov_nat,2007,5.883
grc,sex_m,age_ythadult_yge15,geo_cov_nat,2008,5.693
grc,sex_m,age_ythadult_yge15,geo_cov_nat,2009,7.665
grc,sex_m,age_ythadult_yge15,geo_cov_nat,2010,10.737
grc,sex_m,age_ythadult_yge15,geo_cov_nat,2011,16.006
grc,sex_m,age_ythadult_yge15,geo_cov_nat,2012,22.924
grc,sex_m,age_ythadult_yge15,geo_cov_nat,2013,25.83
grc,sex_m,age_ythadult_yge15,geo_cov_nat,2014,24.851
grc,sex_m,age_ythadult_yge15,geo_cov_nat,2015,23.183
grc,sex_m,age_ythadult_yge15,geo_cov_nat,2016,21.49
grc,sex_m,age_ythadult_yge15,geo_cov_nat,2017,19.276
grc,sex_m,age_ythadult_yge15,geo_cov_nat,2018,16.832
grc,sex_m,age_ythadult_yge15,geo_cov_nat,2019,15.445
grc,sex_m,age_ythadult_yge15,geo_cov_nat,2020,15.714
grc,sex_m,age_ythadult_yge15,geo_cov_nat,2021,13.925
grc,sex_m,age_ythadult_yge15,geo_cov_nat,2022,10.801
grc,sex_m,age_ythadult_yge15,geo_cov_nat,2023,9.829
grc,sex_m,age_ythadult_yge15,geo_cov_nat,2024,8.968
grc,sex_m,age_ythadult_yge15,geo_cov_rur,1987,2.921
grc,sex_m,age_ythadult_yge15,geo_cov_rur,1988,2.622
grc,sex_m,age_ythadult_yge15,geo_cov_rur,1989,2.278
grc,sex_m,age_ythadult_yge15,geo_cov_rur,1990,2.69
grc,sex_m,age_ythadult_yge15,geo_cov_rur,1991,2.528
grc,sex_m,age_ythadult_yge15,geo_cov_rur,1992,3.167
grc,sex_m,age_ythadult_yge15,geo_cov_rur,1993,4.026
grc,sex_m,age_ythadult_yge15,geo_cov_rur,1994,3.272
grc,sex_m,age_ythadult_yge15,geo_cov_rur,1995,3.464
grc,sex_m,age_ythadult_yge15,geo_cov_rur,1996,3.141
grc,sex_m,age_ythadult_yge15,geo_cov_rur,1997,3.409
grc,sex_m,age_ythadult_yge15,geo_cov_rur,1998,5.524
grc,sex_m,age_ythadult_yge15,geo_cov_rur,1999,6.077
grc,sex_m,age_ythadult_yge15,geo_cov_rur,2000,5.825
grc,sex_m,age_ythadult_yge15,geo_cov_rur,2001,5.985
grc,sex_m,age_ythadult_yge15,geo_cov_rur,2002,5.781
grc,sex_m,age_ythadult_yge15,geo_cov_rur,2003,5.678
grc,sex_m,age_ythadult_yge15,geo_cov_rur,2004,7.048
grc,sex_m,age_ythadult_yge15,geo_cov_rur,2005,6.391
grc,sex_m,age_ythadult_yge15,geo_cov_rur,2006,5.391
grc,sex_m,age_ythadult_yge15,geo_cov_rur,2007,5.011
grc,sex_m,age_ythadult_yge15,geo_cov_rur,2008,5.017
grc,sex_m,age_ythadult_yge15,geo_cov_rur,2009,6.26
grc,sex_m,age_ythadult_yge15,geo_cov_rur,2010,8.55
grc,sex_m,age_ythadult_yge15,geo_cov_rur,2011,12.397
grc,sex_m,age_ythadult_yge15,geo_cov_rur,2012,17.233
grc,sex_m,age_ythadult_yge15,geo_cov_rur,2013,20.492
grc,sex_m,age_ythadult_yge15,geo_cov_rur,2014,20.625
grc,sex_m,age_ythadult_yge15,geo_cov_rur,2015,19.022
grc,sex_m,age_ythadult_yge15,geo_cov_rur,2016,18.116
grc,sex_m,age_ythadult_yge15,geo_cov_rur,2017,16.869
grc,sex_m,age_ythadult_yge15,geo_cov_rur,2018,14.638
grc,sex_m,age_ythadult_yge15,geo_cov_rur,2019,13.408
grc,sex_m,age_ythadult_yge15,geo_cov_rur,2020,15.338
grc,sex_m,age_ythadult_yge15,geo_cov_rur,2021,14.439
grc,sex_m,age_ythadult_yge15,geo_cov_rur,2022,10.773
grc,sex_m,age_ythadult_yge15,geo_cov_rur,2023,9.725
grc,sex_m,age_ythadult_yge15,geo_cov_rur,2024,7.482
grc,sex_m,age_ythadult_yge15,geo_cov_urb,1987,6.179
grc,sex_m,age_ythadult_yge15,geo_cov_urb,1988,5.92
grc,sex_m,age_ythadult_yge15,geo_cov_urb,1989,5.529
grc,sex_m,age_ythadult_yge15,geo_cov_urb,1990,4.909
grc,sex_m,age_ythadult_yge15,geo_cov_urb,1991,5.511
grc,sex_m,age_ythadult_yge15,geo_cov_urb,1992,7.049
grc,sex_m,age_ythadult_yge15,geo_cov_urb,1993,8.137
grc,sex_m,age_ythadult_yge15,geo_cov_urb,1994,8.061
grc,sex_m,age_ythadult_yge15,geo_cov_urb,1995,8.088
grc,sex_m,age_ythadult_yge15,geo_cov_urb,1996,7.732
grc,sex_m,age_ythadult_yge15,geo_cov_urb,1997,8.246
grc,sex_m,age_ythadult_yge15,geo_cov_urb,1998,9.281
grc,sex_m,age_ythadult_yge15,geo_cov_urb,1999,9.727
grc,sex_m,age_ythadult_yge15,geo_cov_urb,2000,9.019
grc,sex_m,age_ythadult_yge15,geo_cov_urb,2001,8.739
grc,sex_m,age_ythadult_yge15,geo_cov_urb,2002,8.217
grc,sex_m,age_ythadult_yge15,geo_cov_urb,2003,7.311
grc,sex_m,age_ythadult_yge15,geo_cov_urb,2004,7.583
grc,sex_m,age_ythadult_yge15,geo_cov_urb,2005,7.072
grc,sex_m,age_ythadult_yge15,geo_cov_urb,2006,6.458
grc,sex_m,age_ythadult_yge15,geo_cov_urb,2007,6.088
grc,sex_m,age_ythadult_yge15,geo_cov_urb,2008,5.854
grc,sex_m,age_ythadult_yge15,geo_cov_urb,2009,8.018
grc,sex_m,age_ythadult_yge15,geo_cov_urb,2010,11.304
grc,sex_m,age_ythadult_yge15,geo_cov_urb,2011,16.901
grc,sex_m,age_ythadult_yge15,geo_cov_urb,2012,24.392
grc,sex_m,age_ythadult_yge15,geo_cov_urb,2013,27.251
grc,sex_m,age_ythadult_yge15,geo_cov_urb,2014,25.954
grc,sex_m,age_ythadult_yge15,geo_cov_urb,2015,24.287
grc,sex_m,age_ythadult_yge15,geo_cov_urb,2016,22.402
grc,sex_m,age_ythadult_yge15,geo_cov_urb,2017,19.912
grc,sex_m,age_ythadult_yge15,geo_cov_urb,2018,17.408
grc,sex_m,age_ythadult_yge15,geo_cov_urb,2019,15.97
grc,sex_m,age_ythadult_yge15,geo_cov_urb,2020,15.806
grc,sex_m,age_ythadult_yge15,geo_cov_urb,2021,13.779
grc,sex_m,age_ythadult_yge15,geo_cov_urb,2022,10.809
grc,sex_m,age_ythadult_yge15,geo_cov_urb,2023,9.86
grc,sex_m,age_ythadult_yge15,geo_cov_urb,2024,9.376
grc,sex_m,age_ythadult_yge25,geo_cov_nat,1987,3.639
grc,sex_m,age_ythadult_yge25,geo_cov_nat,1988,3.392
grc,sex_m,age_ythadult_yge25,geo_cov_nat,1989,2.959
grc,sex_m,age_ythadult_yge25,geo_cov_nat,1990,2.824
grc,sex_m,age_ythadult_yge25,geo_cov_nat,1991,3.094
grc,sex_m,age_ythadult_yge25,geo_cov_nat,1992,4.106
grc,sex_m,age_ythadult_yge25,geo_cov_nat,1993,5.027
grc,sex_m,age_ythadult_yge25,geo_cov_nat,1994,4.999
grc,sex_m,age_ythadult_yge25,geo_cov_nat,1995,5.236
grc,sex_m,age_ythadult_yge25,geo_cov_nat,1996,4.749
grc,sex_m,age_ythadult_yge25,geo_cov_nat,1997,5.104
grc,sex_m,age_ythadult_yge25,geo_cov_nat,1998,6.156
grc,sex_m,age_ythadult_yge25,geo_cov_nat,1999,6.736
grc,sex_m,age_ythadult_yge25,geo_cov_nat,2000,6.208
grc,sex_m,age_ythadult_yge25,geo_cov_nat,2001,6.206
grc,sex_m,age_ythadult_yge25,geo_cov_nat,2002,6.108
grc,sex_m,age_ythadult_yge25,geo_cov_nat,2003,5.516
grc,sex_m,age_ythadult_yge25,geo_cov_nat,2004,5.987
grc,sex_m,age_ythadult_yge25,geo_cov_nat,2005,5.603
grc,sex_m,age_ythadult_yge25,geo_cov_nat,2006,5.069
grc,sex_m,age_ythadult_yge25,geo_cov_nat,2007,4.925
grc,sex_m,age_ythadult_yge25,geo_cov_nat,2008,4.687
grc,sex_m,age_ythadult_yge25,geo_cov_nat,2009,6.593
grc,sex_m,age_ythadult_yge25,geo_cov_nat,2010,9.392
grc,sex_m,age_ythadult_yge25,geo_cov_nat,2011,14.158
grc,sex_m,age_ythadult_yge25,geo_cov_nat,2012,20.839
grc,sex_m,age_ythadult_yge25,geo_cov_nat,2013,23.608
grc,sex_m,age_ythadult_yge25,geo_cov_nat,2014,23.038
grc,sex_m,age_ythadult_yge25,geo_cov_nat,2015,21.446
grc,sex_m,age_ythadult_yge25,geo_cov_nat,2016,19.754
grc,sex_m,age_ythadult_yge25,geo_cov_nat,2017,17.912
grc,sex_m,age_ythadult_yge25,geo_cov_nat,2018,15.513
grc,sex_m,age_ythadult_yge25,geo_cov_nat,2019,14.331
grc,sex_m,age_ythadult_yge25,geo_cov_nat,2020,14.678
grc,sex_m,age_ythadult_yge25,geo_cov_nat,2021,12.613
grc,sex_m,age_ythadult_yge25,geo_cov_nat,2022,9.694
grc,sex_m,age_ythadult_yge25,geo_cov_nat,2023,8.729
grc,sex_m,age_ythadult_yge25,geo_cov_nat,2024,8.07
grc,sex_m,age_ythadult_yge25,geo_cov_rur,1987,1.68
grc,sex_m,age_ythadult_yge25,geo_cov_rur,1988,1.474
grc,sex_m,age_ythadult_yge25,geo_cov_rur,1989,1.035
grc,sex_m,age_ythadult_yge25,geo_cov_rur,1990,1.49
grc,sex_m,age_ythadult_yge25,geo_cov_rur,1991,1.279
grc,sex_m,age_ythadult_yge25,geo_cov_rur,1992,1.733
grc,sex_m,age_ythadult_yge25,geo_cov_rur,1993,2.16
grc,sex_m,age_ythadult_yge25,geo_cov_rur,1994,2.041
grc,sex_m,age_ythadult_yge25,geo_cov_rur,1995,2.384
grc,sex_m,age_ythadult_yge25,geo_cov_rur,1996,1.976
grc,sex_m,age_ythadult_yge25,geo_cov_rur,1997,2.331
grc,sex_m,age_ythadult_yge25,geo_cov_rur,1998,3.846
grc,sex_m,age_ythadult_yge25,geo_cov_rur,1999,4.366
grc,sex_m,age_ythadult_yge25,geo_cov_rur,2000,4.025
grc,sex_m,age_ythadult_yge25,geo_cov_rur,2001,4.541
grc,sex_m,age_ythadult_yge25,geo_cov_rur,2002,4.387
grc,sex_m,age_ythadult_yge25,geo_cov_rur,2003,4.446
grc,sex_m,age_ythadult_yge25,geo_cov_rur,2004,5.647
grc,sex_m,age_ythadult_yge25,geo_cov_rur,2005,5.101
grc,sex_m,age_ythadult_yge25,geo_cov_rur,2006,4.312
grc,sex_m,age_ythadult_yge25,geo_cov_rur,2007,4.146
grc,sex_m,age_ythadult_yge25,geo_cov_rur,2008,4.014
grc,sex_m,age_ythadult_yge25,geo_cov_rur,2009,4.93
grc,sex_m,age_ythadult_yge25,geo_cov_rur,2010,7.079
grc,sex_m,age_ythadult_yge25,geo_cov_rur,2011,10.591
grc,sex_m,age_ythadult_yge25,geo_cov_rur,2012,14.995
grc,sex_m,age_ythadult_yge25,geo_cov_rur,2013,18.315
grc,sex_m,age_ythadult_yge25,geo_cov_rur,2014,18.588
grc,sex_m,age_ythadult_yge25,geo_cov_rur,2015,17.357
grc,sex_m,age_ythadult_yge25,geo_cov_rur,2016,16.285
grc,sex_m,age_ythadult_yge25,geo_cov_rur,2017,15.416
grc,sex_m,age_ythadult_yge25,geo_cov_rur,2018,13.388
grc,sex_m,age_ythadult_yge25,geo_cov_rur,2019,12.34
grc,sex_m,age_ythadult_yge25,geo_cov_rur,2020,14.1
grc,sex_m,age_ythadult_yge25,geo_cov_rur,2021,12.889
grc,sex_m,age_ythadult_yge25,geo_cov_rur,2022,9.496
grc,sex_m,age_ythadult_yge25,geo_cov_rur,2023,8.179
grc,sex_m,age_ythadult_yge25,geo_cov_rur,2024,6.133
grc,sex_m,age_ythadult_yge25,geo_cov_urb,1987,4.38
grc,sex_m,age_ythadult_yge25,geo_cov_urb,1988,4.117
grc,sex_m,age_ythadult_yge25,geo_cov_urb,1989,3.663
grc,sex_m,age_ythadult_yge25,geo_cov_urb,1990,3.294
grc,sex_m,age_ythadult_yge25,geo_cov_urb,1991,3.708
grc,sex_m,age_ythadult_yge25,geo_cov_urb,1992,4.899
grc,sex_m,age_ythadult_yge25,geo_cov_urb,1993,5.837
grc,sex_m,age_ythadult_yge25,geo_cov_urb,1994,5.898
grc,sex_m,age_ythadult_yge25,geo_cov_urb,1995,6.086
grc,sex_m,age_ythadult_yge25,geo_cov_urb,1996,5.581
grc,sex_m,age_ythadult_yge25,geo_cov_urb,1997,5.949
grc,sex_m,age_ythadult_yge25,geo_cov_urb,1998,6.862
grc,sex_m,age_ythadult_yge25,geo_cov_urb,1999,7.451
grc,sex_m,age_ythadult_yge25,geo_cov_urb,2000,6.857
grc,sex_m,age_ythadult_yge25,geo_cov_urb,2001,6.692
grc,sex_m,age_ythadult_yge25,geo_cov_urb,2002,6.6
grc,sex_m,age_ythadult_yge25,geo_cov_urb,2003,5.815
grc,sex_m,age_ythadult_yge25,geo_cov_urb,2004,6.072
grc,sex_m,age_ythadult_yge25,geo_cov_urb,2005,5.726
grc,sex_m,age_ythadult_yge25,geo_cov_urb,2006,5.251
grc,sex_m,age_ythadult_yge25,geo_cov_urb,2007,5.106
grc,sex_m,age_ythadult_yge25,geo_cov_urb,2008,4.847
grc,sex_m,age_ythadult_yge25,geo_cov_urb,2009,7.002
grc,sex_m,age_ythadult_yge25,geo_cov_urb,2010,9.982
grc,sex_m,age_ythadult_yge25,geo_cov_urb,2011,15.032
grc,sex_m,age_ythadult_yge25,geo_cov_urb,2012,22.32
grc,sex_m,age_ythadult_yge25,geo_cov_urb,2013,24.999
grc,sex_m,age_ythadult_yge25,geo_cov_urb,2014,24.175
grc,sex_m,age_ythadult_yge25,geo_cov_urb,2015,22.51
grc,sex_m,age_ythadult_yge25,geo_cov_urb,2016,20.682
grc,sex_m,age_ythadult_yge25,geo_cov_urb,2017,18.564
grc,sex_m,age_ythadult_yge25,geo_cov_urb,2018,16.067
grc,sex_m,age_ythadult_yge25,geo_cov_urb,2019,14.84
grc,sex_m,age_ythadult_yge25,geo_cov_urb,2020,14.819
grc,sex_m,age_ythadult_yge25,geo_cov_urb,2021,12.537
grc,sex_m,age_ythadult_yge25,geo_cov_urb,2022,9.749
grc,sex_m,age_ythadult_yge25,geo_cov_urb,2023,8.891
grc,sex_m,age_ythadult_yge25,geo_cov_urb,2024,8.597
grc,sex_t,age_aggregate_total,geo_cov_nat,1987,7.716
grc,sex_t,age_aggregate_total,geo_cov_nat,1988,8.062
grc,sex_t,age_aggregate_total,geo_cov_nat,1989,7.748
grc,sex_t,age_aggregate_total,geo_cov_nat,1990,7.298
grc,sex_t,age_aggregate_total,geo_cov_nat,1991,7.809
grc,sex_t,age_aggregate_total,geo_cov_nat,1992,10.461
grc,sex_t,age_aggregate_total,geo_cov_nat,1993,11.57
grc,sex_t,age_aggregate_total,geo_cov_nat,1994,10.949
grc,sex_t,age_aggregate_total,geo_cov_nat,1995,11.083
grc,sex_t,age_aggregate_total,geo_cov_nat,1996,11.448
grc,sex_t,age_aggregate_total,geo_cov_nat,1997,11.52
grc,sex_t,age_aggregate_total,geo_cov_nat,1998,13.667
grc,sex_t,age_aggregate_total,geo_cov_nat,1999,13.864
grc,sex_t,age_aggregate_total,geo_cov_nat,2000,12.908
grc,sex_t,age_aggregate_total,geo_cov_nat,2001,12.367
grc,sex_t,age_aggregate_total,geo_cov_nat,2002,12.013
grc,sex_t,age_aggregate_total,geo_cov_nat,2003,11.101
grc,sex_t,age_aggregate_total,geo_cov_nat,2004,12.014
grc,sex_t,age_aggregate_total,geo_cov_nat,2005,11.205
grc,sex_t,age_aggregate_total,geo_cov_nat,2006,10.13
grc,sex_t,age_aggregate_total,geo_cov_nat,2007,9.575
grc,sex_t,age_aggregate_total,geo_cov_nat,2008,8.912
grc,sex_t,age_aggregate_total,geo_cov_nat,2009,11.041
grc,sex_t,age_aggregate_total,geo_cov_nat,2010,14.087
grc,sex_t,age_aggregate_total,geo_cov_nat,2011,19.46
grc,sex_t,age_aggregate_total,geo_cov_nat,2012,26.594
grc,sex_t,age_aggregate_total,geo_cov_nat,2013,29.727
grc,sex_t,age_aggregate_total,geo_cov_nat,2014,28.665
grc,sex_t,age_aggregate_total,geo_cov_nat,2015,27.19
grc,sex_t,age_aggregate_total,geo_cov_nat,2016,25.972
grc,sex_t,age_aggregate_total,geo_cov_nat,2017,24.005
grc,sex_t,age_aggregate_total,geo_cov_nat,2018,21.836
grc,sex_t,age_aggregate_total,geo_cov_nat,2019,19.692
grc,sex_t,age_aggregate_total,geo_cov_nat,2020,19.531
grc,sex_t,age_aggregate_total,geo_cov_nat,2021,18.239
grc,sex_t,age_aggregate_total,geo_cov_nat,2022,14.897
grc,sex_t,age_aggregate_total,geo_cov_nat,2023,13.29
grc,sex_t,age_aggregate_total,geo_cov_nat,2024,11.733
grc,sex_t,age_aggregate_total,geo_cov_rur,1987,3.482
grc,sex_t,age_aggregate_total,geo_cov_rur,1988,3.649
grc,sex_t,age_aggregate_total,geo_cov_rur,1989,3.18
grc,sex_t,age_aggregate_total,geo_cov_rur,1990,3.804
grc,sex_t,age_aggregate_total,geo_cov_rur,1991,3.857
grc,sex_t,age_aggregate_total,geo_cov_rur,1992,5.842
grc,sex_t,age_aggregate_total,geo_cov_rur,1993,6.495
grc,sex_t,age_aggregate_total,geo_cov_rur,1994,5.257
grc,sex_t,age_aggregate_total,geo_cov_rur,1995,5.916
grc,sex_t,age_aggregate_total,geo_cov_rur,1996,6.027
grc,sex_t,age_aggregate_total,geo_cov_rur,1997,6.073
grc,sex_t,age_aggregate_total,geo_cov_rur,1998,8.926
grc,sex_t,age_aggregate_total,geo_cov_rur,1999,9.61
grc,sex_t,age_aggregate_total,geo_cov_rur,2000,9.008
grc,sex_t,age_aggregate_total,geo_cov_rur,2001,8.969
grc,sex_t,age_aggregate_total,geo_cov_rur,2002,9.166
grc,sex_t,age_aggregate_total,geo_cov_rur,2003,8.918
grc,sex_t,age_aggregate_total,geo_cov_rur,2004,11.164
grc,sex_t,age_aggregate_total,geo_cov_rur,2005,10.24
grc,sex_t,age_aggregate_total,geo_cov_rur,2006,9.302
grc,sex_t,age_aggregate_total,geo_cov_rur,2007,8.597
grc,sex_t,age_aggregate_total,geo_cov_rur,2008,8.087
grc,sex_t,age_aggregate_total,geo_cov_rur,2009,9.475
grc,sex_t,age_aggregate_total,geo_cov_rur,2010,12.057
grc,sex_t,age_aggregate_total,geo_cov_rur,2011,15.718
grc,sex_t,age_aggregate_total,geo_cov_rur,2012,21.134
grc,sex_t,age_aggregate_total,geo_cov_rur,2013,24.419
grc,sex_t,age_aggregate_total,geo_cov_rur,2014,24.023
grc,sex_t,age_aggregate_total,geo_cov_rur,2015,22.446
grc,sex_t,age_aggregate_total,geo_cov_rur,2016,21.247
grc,sex_t,age_aggregate_total,geo_cov_rur,2017,20.049
grc,sex_t,age_aggregate_total,geo_cov_rur,2018,18.214
grc,sex_t,age_aggregate_total,geo_cov_rur,2019,16.92
grc,sex_t,age_aggregate_total,geo_cov_rur,2020,19.126
grc,sex_t,age_aggregate_total,geo_cov_rur,2021,17.91
grc,sex_t,age_aggregate_total,geo_cov_rur,2022,14.656
grc,sex_t,age_aggregate_total,geo_cov_rur,2023,13.013
grc,sex_t,age_aggregate_total,geo_cov_rur,2024,10.538
grc,sex_t,age_aggregate_total,geo_cov_urb,1987,9.488
grc,sex_t,age_aggregate_total,geo_cov_urb,1988,9.876
grc,sex_t,age_aggregate_total,geo_cov_urb,1989,9.569
grc,sex_t,age_aggregate_total,geo_cov_urb,1990,8.637
grc,sex_t,age_aggregate_total,geo_cov_urb,1991,9.226
grc,sex_t,age_aggregate_total,geo_cov_urb,1992,12.074
grc,sex_t,age_aggregate_total,geo_cov_urb,1993,13.044
grc,sex_t,age_aggregate_total,geo_cov_urb,1994,12.706
grc,sex_t,age_aggregate_total,geo_cov_urb,1995,12.635
grc,sex_t,age_aggregate_total,geo_cov_urb,1996,13.098
grc,sex_t,age_aggregate_total,geo_cov_urb,1997,13.19
grc,sex_t,age_aggregate_total,geo_cov_urb,1998,15.082
grc,sex_t,age_aggregate_total,geo_cov_urb,1999,15.127
grc,sex_t,age_aggregate_total,geo_cov_urb,2000,14.04
grc,sex_t,age_aggregate_total,geo_cov_urb,2001,13.315
grc,sex_t,age_aggregate_total,geo_cov_urb,2002,12.786
grc,sex_t,age_aggregate_total,geo_cov_urb,2003,11.69
grc,sex_t,age_aggregate_total,geo_cov_urb,2004,12.218
grc,sex_t,age_aggregate_total,geo_cov_urb,2005,11.43
grc,sex_t,age_aggregate_total,geo_cov_urb,2006,10.319
grc,sex_t,age_aggregate_total,geo_cov_urb,2007,9.793
grc,sex_t,age_aggregate_total,geo_cov_urb,2008,9.096
grc,sex_t,age_aggregate_total,geo_cov_urb,2009,11.408
grc,sex_t,age_aggregate_total,geo_cov_urb,2010,14.583
grc,sex_t,age_aggregate_total,geo_cov_urb,2011,20.332
grc,sex_t,age_aggregate_total,geo_cov_urb,2012,27.908
grc,sex_t,age_aggregate_total,geo_cov_urb,2013,31.028
grc,sex_t,age_aggregate_total,geo_cov_urb,2014,29.774
grc,sex_t,age_aggregate_total,geo_cov_urb,2015,28.328
grc,sex_t,age_aggregate_total,geo_cov_urb,2016,27.116
grc,sex_t,age_aggregate_total,geo_cov_urb,2017,24.954
grc,sex_t,age_aggregate_total,geo_cov_urb,2018,22.699
grc,sex_t,age_aggregate_total,geo_cov_urb,2019,20.345
grc,sex_t,age_aggregate_total,geo_cov_urb,2020,19.622
grc,sex_t,age_aggregate_total,geo_cov_urb,2021,18.323
grc,sex_t,age_aggregate_total,geo_cov_urb,2022,14.959
grc,sex_t,age_aggregate_total,geo_cov_urb,2023,13.365
grc,sex_t,age_aggregate_total,geo_cov_urb,2024,12.029
grc,sex_t,age_aggregate_y15_24,geo_cov_nat,1987,26.246
grc,sex_t,age_aggregate_y15_24,geo_cov_nat,1988,27.135
grc,sex_t,age_aggregate_y15_24,geo_cov_nat,1989,25.726
grc,sex_t,age_aggregate_y15_24,geo_cov_nat,1990,24.142
grc,sex_t,age_aggregate_y15_24,geo_cov_nat,1991,25.049
grc,sex_t,age_aggregate_y15_24,geo_cov_nat,1992,30.272
grc,sex_t,age_aggregate_y15_24,geo_cov_nat,1993,33.58
grc,sex_t,age_aggregate_y15_24,geo_cov_nat,1994,31.823
grc,sex_t,age_aggregate_y15_24,geo_cov_nat,1995,33.176
grc,sex_t,age_aggregate_y15_24,geo_cov_nat,1996,34.364
grc,sex_t,age_aggregate_y15_24,geo_cov_nat,1997,35.016
grc,sex_t,age_aggregate_y15_24,geo_cov_nat,1998,34.622
grc,sex_t,age_aggregate_y15_24,geo_cov_nat,1999,34.38
grc,sex_t,age_aggregate_y15_24,geo_cov_nat,2000,32.017
grc,sex_t,age_aggregate_y15_24,geo_cov_nat,2001,31.098
grc,sex_t,age_aggregate_y15_24,geo_cov_nat,2002,29.46
grc,sex_t,age_aggregate_y15_24,geo_cov_nat,2003,28.916
grc,sex_t,age_aggregate_y15_24,geo_cov_nat,2004,29.1
grc,sex_t,age_aggregate_y15_24,geo_cov_nat,2005,27.884
grc,sex_t,age_aggregate_y15_24,geo_cov_nat,2006,27.377
grc,sex_t,age_aggregate_y15_24,geo_cov_nat,2007,24.986
grc,sex_t,age_aggregate_y15_24,geo_cov_nat,2008,23.971
grc,sex_t,age_aggregate_y15_24,geo_cov_nat,2009,28.252
grc,sex_t,age_aggregate_y15_24,geo_cov_nat,2010,35.347
grc,sex_t,age_aggregate_y15_24,geo_cov_nat,2011,47.607
grc,sex_t,age_aggregate_y15_24,geo_cov_nat,2012,58.465
grc,sex_t,age_aggregate_y15_24,geo_cov_nat,2013,61.477
grc,sex_t,age_aggregate_y15_24,geo_cov_nat,2014,56.176
grc,sex_t,age_aggregate_y15_24,geo_cov_nat,2015,54.41
grc,sex_t,age_aggregate_y15_24,geo_cov_nat,2016,52.832
grc,sex_t,age_aggregate_y15_24,geo_cov_nat,2017,47.803
grc,sex_t,age_aggregate_y15_24,geo_cov_nat,2018,44.464
grc,sex_t,age_aggregate_y15_24,geo_cov_nat,2019,39.454
grc,sex_t,age_aggregate_y15_24,geo_cov_nat,2020,39.822
grc,sex_t,age_aggregate_y15_24,geo_cov_nat,2021,42.943
grc,sex_t,age_aggregate_y15_24,geo_cov_nat,2022,36.425
grc,sex_t,age_aggregate_y15_24,geo_cov_nat,2023,31.368
grc,sex_t,age_aggregate_y15_24,geo_cov_nat,2024,26.691
grc,sex_t,age_aggregate_y15_24,geo_cov_rur,1987,16.979
grc,sex_t,age_aggregate_y15_24,geo_cov_rur,1988,17.327
grc,sex_t,age_aggregate_y15_24,geo_cov_rur,1989,15.319
grc,sex_t,age_aggregate_y15_24,geo_cov_rur,1990,17.098
grc,sex_t,age_aggregate_y15_24,geo_cov_rur,1991,16.971
grc,sex_t,age_aggregate_y15_24,geo_cov_rur,1992,22.129
grc,sex_t,age_aggregate_y15_24,geo_cov_rur,1993,27.831
grc,sex_t,age_aggregate_y15_24,geo_cov_rur,1994,22.203
grc,sex_t,age_aggregate_y15_24,geo_cov_rur,1995,25.012
grc,sex_t,age_aggregate_y15_24,geo_cov_rur,1996,25.14
grc,sex_t,age_aggregate_y15_24,geo_cov_rur,1997,25.504
grc,sex_t,age_aggregate_y15_24,geo_cov_rur,1998,28.036
grc,sex_t,age_aggregate_y15_24,geo_cov_rur,1999,27.823
grc,sex_t,age_aggregate_y15_24,geo_cov_rur,2000,26.405
grc,sex_t,age_aggregate_y15_24,geo_cov_rur,2001,24.924
grc,sex_t,age_aggregate_y15_24,geo_cov_rur,2002,27.595
grc,sex_t,age_aggregate_y15_24,geo_cov_rur,2003,26.677
grc,sex_t,age_aggregate_y15_24,geo_cov_rur,2004,29.408
grc,sex_t,age_aggregate_y15_24,geo_cov_rur,2005,28.224
grc,sex_t,age_aggregate_y15_24,geo_cov_rur,2006,26.133
grc,sex_t,age_aggregate_y15_24,geo_cov_rur,2007,23.217
grc,sex_t,age_aggregate_y15_24,geo_cov_rur,2008,24.646
grc,sex_t,age_aggregate_y15_24,geo_cov_rur,2009,28.673
grc,sex_t,age_aggregate_y15_24,geo_cov_rur,2010,34.026
grc,sex_t,age_aggregate_y15_24,geo_cov_rur,2011,42.254
grc,sex_t,age_aggregate_y15_24,geo_cov_rur,2012,52.694
grc,sex_t,age_aggregate_y15_24,geo_cov_rur,2013,55.532
grc,sex_t,age_aggregate_y15_24,geo_cov_rur,2014,51.801
grc,sex_t,age_aggregate_y15_24,geo_cov_rur,2015,51.087
grc,sex_t,age_aggregate_y15_24,geo_cov_rur,2016,50.665
grc,sex_t,age_aggregate_y15_24,geo_cov_rur,2017,44.055
grc,sex_t,age_aggregate_y15_24,geo_cov_rur,2018,41.826
grc,sex_t,age_aggregate_y15_24,geo_cov_rur,2019,39.552
grc,sex_t,age_aggregate_y15_24,geo_cov_rur,2020,45.754
grc,sex_t,age_aggregate_y15_24,geo_cov_rur,2021,41.811
grc,sex_t,age_aggregate_y15_24,geo_cov_rur,2022,38.048
grc,sex_t,age_aggregate_y15_24,geo_cov_rur,2023,37.105
grc,sex_t,age_aggregate_y15_24,geo_cov_rur,2024,30.727
grc,sex_t,age_aggregate_y15_24,geo_cov_urb,1987,29.762
grc,sex_t,age_aggregate_y15_24,geo_cov_urb,1988,30.68
grc,sex_t,age_aggregate_y15_24,geo_cov_urb,1989,29.578
grc,sex_t,age_aggregate_y15_24,geo_cov_urb,1990,26.712
grc,sex_t,age_aggregate_y15_24,geo_cov_urb,1991,27.898
grc,sex_t,age_aggregate_y15_24,geo_cov_urb,1992,32.953
grc,sex_t,age_aggregate_y15_24,geo_cov_urb,1993,35.178
grc,sex_t,age_aggregate_y15_24,geo_cov_urb,1994,34.377
grc,sex_t,age_aggregate_y15_24,geo_cov_urb,1995,35.371
grc,sex_t,age_aggregate_y15_24,geo_cov_urb,1996,36.967
grc,sex_t,age_aggregate_y15_24,geo_cov_urb,1997,37.656
grc,sex_t,age_aggregate_y15_24,geo_cov_urb,1998,36.584
grc,sex_t,age_aggregate_y15_24,geo_cov_urb,1999,36.358
grc,sex_t,age_aggregate_y15_24,geo_cov_urb,2000,33.688
grc,sex_t,age_aggregate_y15_24,geo_cov_urb,2001,32.831
grc,sex_t,age_aggregate_y15_24,geo_cov_urb,2002,29.955
grc,sex_t,age_aggregate_y15_24,geo_cov_urb,2003,29.562
grc,sex_t,age_aggregate_y15_24,geo_cov_urb,2004,29.024
grc,sex_t,age_aggregate_y15_24,geo_cov_urb,2005,27.798
grc,sex_t,age_aggregate_y15_24,geo_cov_urb,2006,27.682
grc,sex_t,age_aggregate_y15_24,geo_cov_urb,2007,25.402
grc,sex_t,age_aggregate_y15_24,geo_cov_urb,2008,23.812
grc,sex_t,age_aggregate_y15_24,geo_cov_urb,2009,28.137
grc,sex_t,age_aggregate_y15_24,geo_cov_urb,2010,35.717
grc,sex_t,age_aggregate_y15_24,geo_cov_urb,2011,48.962
grc,sex_t,age_aggregate_y15_24,geo_cov_urb,2012,60.074
grc,sex_t,age_aggregate_y15_24,geo_cov_urb,2013,63.082
grc,sex_t,age_aggregate_y15_24,geo_cov_urb,2014,57.393
grc,sex_t,age_aggregate_y15_24,geo_cov_urb,2015,55.322
grc,sex_t,age_aggregate_y15_24,geo_cov_urb,2016,53.417
grc,sex_t,age_aggregate_y15_24,geo_cov_urb,2017,48.777
grc,sex_t,age_aggregate_y15_24,geo_cov_urb,2018,45.151
grc,sex_t,age_aggregate_y15_24,geo_cov_urb,2019,39.428
grc,sex_t,age_aggregate_y15_24,geo_cov_urb,2020,38.511
grc,sex_t,age_aggregate_y15_24,geo_cov_urb,2021,43.283
grc,sex_t,age_aggregate_y15_24,geo_cov_urb,2022,35.882
grc,sex_t,age_aggregate_y15_24,geo_cov_urb,2023,29.55
grc,sex_t,age_aggregate_y15_24,geo_cov_urb,2024,25.552
grc,sex_t,age_aggregate_y25_54,geo_cov_nat,1987,5.691
grc,sex_t,age_aggregate_y25_54,geo_cov_nat,1988,6.015
grc,sex_t,age_aggregate_y25_54,geo_cov_nat,1989,5.693
grc,sex_t,age_aggregate_y25_54,geo_cov_nat,1990,5.344
grc,sex_t,age_aggregate_y25_54,geo_cov_nat,1991,5.841
grc,sex_t,age_aggregate_y25_54,geo_cov_nat,1992,8.172
grc,sex_t,age_aggregate_y25_54,geo_cov_nat,1993,8.93
grc,sex_t,age_aggregate_y25_54,geo_cov_nat,1994,8.809
grc,sex_t,age_aggregate_y25_54,geo_cov_nat,1995,8.917
grc,sex_t,age_aggregate_y25_54,geo_cov_nat,1996,9.278
grc,sex_t,age_aggregate_y25_54,geo_cov_nat,1997,9.347
grc,sex_t,age_aggregate_y25_54,geo_cov_nat,1998,11.287
grc,sex_t,age_aggregate_y25_54,geo_cov_nat,1999,11.749
grc,sex_t,age_aggregate_y25_54,geo_cov_nat,2000,11.067
grc,sex_t,age_aggregate_y25_54,geo_cov_nat,2001,10.667
grc,sex_t,age_aggregate_y25_54,geo_cov_nat,2002,10.547
grc,sex_t,age_aggregate_y25_54,geo_cov_nat,2003,9.873
grc,sex_t,age_aggregate_y25_54,geo_cov_nat,2004,10.703
grc,sex_t,age_aggregate_y25_54,geo_cov_nat,2005,10.225
grc,sex_t,age_aggregate_y25_54,geo_cov_nat,2006,9.098
grc,sex_t,age_aggregate_y25_54,geo_cov_nat,2007,8.849
grc,sex_t,age_aggregate_y25_54,geo_cov_nat,2008,8.246
grc,sex_t,age_aggregate_y25_54,geo_cov_nat,2009,10.279
grc,sex_t,age_aggregate_y25_54,geo_cov_nat,2010,13.306
grc,sex_t,age_aggregate_y25_54,geo_cov_nat,2011,18.582
grc,sex_t,age_aggregate_y25_54,geo_cov_nat,2012,25.464
grc,sex_t,age_aggregate_y25_54,geo_cov_nat,2013,28.727
grc,sex_t,age_aggregate_y25_54,geo_cov_nat,2014,27.647
grc,sex_t,age_aggregate_y25_54,geo_cov_nat,2015,26.085
grc,sex_t,age_aggregate_y25_54,geo_cov_nat,2016,24.643
grc,sex_t,age_aggregate_y25_54,geo_cov_nat,2017,22.813
grc,sex_t,age_aggregate_y25_54,geo_cov_nat,2018,20.976
grc,sex_t,age_aggregate_y25_54,geo_cov_nat,2019,19.002
grc,sex_t,age_aggregate_y25_54,geo_cov_nat,2020,19.089
grc,sex_t,age_aggregate_y25_54,geo_cov_nat,2021,17.521
grc,sex_t,age_aggregate_y25_54,geo_cov_nat,2022,14.104
grc,sex_t,age_aggregate_y25_54,geo_cov_nat,2023,13.006
grc,sex_t,age_aggregate_y25_54,geo_cov_nat,2024,11.512
grc,sex_t,age_aggregate_y25_54,geo_cov_rur,1987,2.211
grc,sex_t,age_aggregate_y25_54,geo_cov_rur,1988,2.49
grc,sex_t,age_aggregate_y25_54,geo_cov_rur,1989,1.994
grc,sex_t,age_aggregate_y25_54,geo_cov_rur,1990,2.553
grc,sex_t,age_aggregate_y25_54,geo_cov_rur,1991,2.542
grc,sex_t,age_aggregate_y25_54,geo_cov_rur,1992,4.657
grc,sex_t,age_aggregate_y25_54,geo_cov_rur,1993,4.335
grc,sex_t,age_aggregate_y25_54,geo_cov_rur,1994,4.133
grc,sex_t,age_aggregate_y25_54,geo_cov_rur,1995,4.799
grc,sex_t,age_aggregate_y25_54,geo_cov_rur,1996,4.951
grc,sex_t,age_aggregate_y25_54,geo_cov_rur,1997,5.064
grc,sex_t,age_aggregate_y25_54,geo_cov_rur,1998,7.654
grc,sex_t,age_aggregate_y25_54,geo_cov_rur,1999,8.498
grc,sex_t,age_aggregate_y25_54,geo_cov_rur,2000,8.046
grc,sex_t,age_aggregate_y25_54,geo_cov_rur,2001,8.385
grc,sex_t,age_aggregate_y25_54,geo_cov_rur,2002,8.511
grc,sex_t,age_aggregate_y25_54,geo_cov_rur,2003,8.368
grc,sex_t,age_aggregate_y25_54,geo_cov_rur,2004,10.586
grc,sex_t,age_aggregate_y25_54,geo_cov_rur,2005,9.718
grc,sex_t,age_aggregate_y25_54,geo_cov_rur,2006,8.856
grc,sex_t,age_aggregate_y25_54,geo_cov_rur,2007,8.581
grc,sex_t,age_aggregate_y25_54,geo_cov_rur,2008,7.801
grc,sex_t,age_aggregate_y25_54,geo_cov_rur,2009,9.029
grc,sex_t,age_aggregate_y25_54,geo_cov_rur,2010,11.897
grc,sex_t,age_aggregate_y25_54,geo_cov_rur,2011,15.894
grc,sex_t,age_aggregate_y25_54,geo_cov_rur,2012,20.961
grc,sex_t,age_aggregate_y25_54,geo_cov_rur,2013,24.806
grc,sex_t,age_aggregate_y25_54,geo_cov_rur,2014,24.359
grc,sex_t,age_aggregate_y25_54,geo_cov_rur,2015,22.716
grc,sex_t,age_aggregate_y25_54,geo_cov_rur,2016,21.386
grc,sex_t,age_aggregate_y25_54,geo_cov_rur,2017,20.438
grc,sex_t,age_aggregate_y25_54,geo_cov_rur,2018,18.997
grc,sex_t,age_aggregate_y25_54,geo_cov_rur,2019,17.598
grc,sex_t,age_aggregate_y25_54,geo_cov_rur,2020,20.365
grc,sex_t,age_aggregate_y25_54,geo_cov_rur,2021,18.573
grc,sex_t,age_aggregate_y25_54,geo_cov_rur,2022,14.708
grc,sex_t,age_aggregate_y25_54,geo_cov_rur,2023,13.204
grc,sex_t,age_aggregate_y25_54,geo_cov_rur,2024,10.728
grc,sex_t,age_aggregate_y25_54,geo_cov_urb,1987,6.847
grc,sex_t,age_aggregate_y25_54,geo_cov_urb,1988,7.152
grc,sex_t,age_aggregate_y25_54,geo_cov_urb,1989,6.851
grc,sex_t,age_aggregate_y25_54,geo_cov_urb,1990,6.183
grc,sex_t,age_aggregate_y25_54,geo_cov_urb,1991,6.774
grc,sex_t,age_aggregate_y25_54,geo_cov_urb,1992,9.116
grc,sex_t,age_aggregate_y25_54,geo_cov_urb,1993,9.954
grc,sex_t,age_aggregate_y25_54,geo_cov_urb,1994,9.932
grc,sex_t,age_aggregate_y25_54,geo_cov_urb,1995,9.849
grc,sex_t,age_aggregate_y25_54,geo_cov_urb,1996,10.281
grc,sex_t,age_aggregate_y25_54,geo_cov_urb,1997,10.358
grc,sex_t,age_aggregate_y25_54,geo_cov_urb,1998,12.152
grc,sex_t,age_aggregate_y25_54,geo_cov_urb,1999,12.53
grc,sex_t,age_aggregate_y25_54,geo_cov_urb,2000,11.795
grc,sex_t,age_aggregate_y25_54,geo_cov_urb,2001,11.203
grc,sex_t,age_aggregate_y25_54,geo_cov_urb,2002,11.018
grc,sex_t,age_aggregate_y25_54,geo_cov_urb,2003,10.216
grc,sex_t,age_aggregate_y25_54,geo_cov_urb,2004,10.728
grc,sex_t,age_aggregate_y25_54,geo_cov_urb,2005,10.33
grc,sex_t,age_aggregate_y25_54,geo_cov_urb,2006,9.146
grc,sex_t,age_aggregate_y25_54,geo_cov_urb,2007,8.901
grc,sex_t,age_aggregate_y25_54,geo_cov_urb,2008,8.334
grc,sex_t,age_aggregate_y25_54,geo_cov_urb,2009,10.535
grc,sex_t,age_aggregate_y25_54,geo_cov_urb,2010,13.609
grc,sex_t,age_aggregate_y25_54,geo_cov_urb,2011,19.136
grc,sex_t,age_aggregate_y25_54,geo_cov_urb,2012,26.436
grc,sex_t,age_aggregate_y25_54,geo_cov_urb,2013,29.587
grc,sex_t,age_aggregate_y25_54,geo_cov_urb,2014,28.339
grc,sex_t,age_aggregate_y25_54,geo_cov_urb,2015,26.806
grc,sex_t,age_aggregate_y25_54,geo_cov_urb,2016,25.346
grc,sex_t,age_aggregate_y25_54,geo_cov_urb,2017,23.318
grc,sex_t,age_aggregate_y25_54,geo_cov_urb,2018,21.388
grc,sex_t,age_aggregate_y25_54,geo_cov_urb,2019,19.294
grc,sex_t,age_aggregate_y25_54,geo_cov_urb,2020,18.832
grc,sex_t,age_aggregate_y25_54,geo_cov_urb,2021,17.278
grc,sex_t,age_aggregate_y25_54,geo_cov_urb,2022,13.969
grc,sex_t,age_aggregate_y25_54,geo_cov_urb,2023,12.958
grc,sex_t,age_aggregate_y25_54,geo_cov_urb,2024,11.685
grc,sex_t,age_aggregate_y55_64,geo_cov_nat,1987,2.112
grc,sex_t,age_aggregate_y55_64,geo_cov_nat,1988,1.848
grc,sex_t,age_aggregate_y55_64,geo_cov_nat,1989,1.732
grc,sex_t,age_aggregate_y55_64,geo_cov_nat,1990,1.662
grc,sex_t,age_aggregate_y55_64,geo_cov_nat,1991,1.718
grc,sex_t,age_aggregate_y55_64,geo_cov_nat,1992,3.857
grc,sex_t,age_aggregate_y55_64,geo_cov_nat,1993,4.303
grc,sex_t,age_aggregate_y55_64,geo_cov_nat,1994,4.244
grc,sex_t,age_aggregate_y55_64,geo_cov_nat,1995,4.075
grc,sex_t,age_aggregate_y55_64,geo_cov_nat,1996,3.995
grc,sex_t,age_aggregate_y55_64,geo_cov_nat,1997,4.137
grc,sex_t,age_aggregate_y55_64,geo_cov_nat,1998,4.961
grc,sex_t,age_aggregate_y55_64,geo_cov_nat,1999,5.443
grc,sex_t,age_aggregate_y55_64,geo_cov_nat,2000,4.946
grc,sex_t,age_aggregate_y55_64,geo_cov_nat,2001,5.152
grc,sex_t,age_aggregate_y55_64,geo_cov_nat,2002,5.6
grc,sex_t,age_aggregate_y55_64,geo_cov_nat,2003,4.441
grc,sex_t,age_aggregate_y55_64,geo_cov_nat,2004,5.621
grc,sex_t,age_aggregate_y55_64,geo_cov_nat,2005,4.853
grc,sex_t,age_aggregate_y55_64,geo_cov_nat,2006,4.948
grc,sex_t,age_aggregate_y55_64,geo_cov_nat,2007,4.573
grc,sex_t,age_aggregate_y55_64,geo_cov_nat,2008,4.458
grc,sex_t,age_aggregate_y55_64,geo_cov_nat,2009,6.021
grc,sex_t,age_aggregate_y55_64,geo_cov_nat,2010,7.585
grc,sex_t,age_aggregate_y55_64,geo_cov_nat,2011,10.068
grc,sex_t,age_aggregate_y55_64,geo_cov_nat,2012,16.466
grc,sex_t,age_aggregate_y55_64,geo_cov_nat,2013,19.557
grc,sex_t,age_aggregate_y55_64,geo_cov_nat,2014,20.965
grc,sex_t,age_aggregate_y55_64,geo_cov_nat,2015,21.629
grc,sex_t,age_aggregate_y55_64,geo_cov_nat,2016,22.694
grc,sex_t,age_aggregate_y55_64,geo_cov_nat,2017,21.68
grc,sex_t,age_aggregate_y55_64,geo_cov_nat,2018,18.742
grc,sex_t,age_aggregate_y55_64,geo_cov_nat,2019,17.195
grc,sex_t,age_aggregate_y55_64,geo_cov_nat,2020,15.998
grc,sex_t,age_aggregate_y55_64,geo_cov_nat,2021,14.819
grc,sex_t,age_aggregate_y55_64,geo_cov_nat,2022,11.897
grc,sex_t,age_aggregate_y55_64,geo_cov_nat,2023,8.865
grc,sex_t,age_aggregate_y55_64,geo_cov_nat,2024,8.546
grc,sex_t,age_aggregate_y55_64,geo_cov_rur,1987,0.483
grc,sex_t,age_aggregate_y55_64,geo_cov_rur,1988,0.453
grc,sex_t,age_aggregate_y55_64,geo_cov_rur,1989,0.137
grc,sex_t,age_aggregate_y55_64,geo_cov_rur,1990,0.172
grc,sex_t,age_aggregate_y55_64,geo_cov_rur,1991,0.222
grc,sex_t,age_aggregate_y55_64,geo_cov_rur,1992,1.141
grc,sex_t,age_aggregate_y55_64,geo_cov_rur,1993,1.107
grc,sex_t,age_aggregate_y55_64,geo_cov_rur,1994,1.281
grc,sex_t,age_aggregate_y55_64,geo_cov_rur,1995,1.242
grc,sex_t,age_aggregate_y55_64,geo_cov_rur,1996,0.967
grc,sex_t,age_aggregate_y55_64,geo_cov_rur,1997,1.179
grc,sex_t,age_aggregate_y55_64,geo_cov_rur,1998,1.859
grc,sex_t,age_aggregate_y55_64,geo_cov_rur,1999,2.812
grc,sex_t,age_aggregate_y55_64,geo_cov_rur,2000,2.01
grc,sex_t,age_aggregate_y55_64,geo_cov_rur,2001,2.286
grc,sex_t,age_aggregate_y55_64,geo_cov_rur,2002,2.171
grc,sex_t,age_aggregate_y55_64,geo_cov_rur,2003,2.186
grc,sex_t,age_aggregate_y55_64,geo_cov_rur,2004,3.217
grc,sex_t,age_aggregate_y55_64,geo_cov_rur,2005,3.197
grc,sex_t,age_aggregate_y55_64,geo_cov_rur,2006,3.499
grc,sex_t,age_aggregate_y55_64,geo_cov_rur,2007,2.918
grc,sex_t,age_aggregate_y55_64,geo_cov_rur,2008,3.19
grc,sex_t,age_aggregate_y55_64,geo_cov_rur,2009,3.707
grc,sex_t,age_aggregate_y55_64,geo_cov_rur,2010,4.445
grc,sex_t,age_aggregate_y55_64,geo_cov_rur,2011,5.989
grc,sex_t,age_aggregate_y55_64,geo_cov_rur,2012,9.134
grc,sex_t,age_aggregate_y55_64,geo_cov_rur,2013,12.005
grc,sex_t,age_aggregate_y55_64,geo_cov_rur,2014,13.172
grc,sex_t,age_aggregate_y55_64,geo_cov_rur,2015,12.248
grc,sex_t,age_aggregate_y55_64,geo_cov_rur,2016,12.435
grc,sex_t,age_aggregate_y55_64,geo_cov_rur,2017,13.183
grc,sex_t,age_aggregate_y55_64,geo_cov_rur,2018,10.932
grc,sex_t,age_aggregate_y55_64,geo_cov_rur,2019,10.581
grc,sex_t,age_aggregate_y55_64,geo_cov_rur,2020,11.221
grc,sex_t,age_aggregate_y55_64,geo_cov_rur,2021,11.277
grc,sex_t,age_aggregate_y55_64,geo_cov_rur,2022,8.98
grc,sex_t,age_aggregate_y55_64,geo_cov_rur,2023,6.637
grc,sex_t,age_aggregate_y55_64,geo_cov_rur,2024,5.954
grc,sex_t,age_aggregate_y55_64,geo_cov_urb,1987,3.509
grc,sex_t,age_aggregate_y55_64,geo_cov_urb,1988,3.08
grc,sex_t,age_aggregate_y55_64,geo_cov_urb,1989,3.136
grc,sex_t,age_aggregate_y55_64,geo_cov_urb,1990,2.87
grc,sex_t,age_aggregate_y55_64,geo_cov_urb,1991,2.83
grc,sex_t,age_aggregate_y55_64,geo_cov_urb,1992,5.978
grc,sex_t,age_aggregate_y55_64,geo_cov_urb,1993,6.457
grc,sex_t,age_aggregate_y55_64,geo_cov_urb,1994,6.298
grc,sex_t,age_aggregate_y55_64,geo_cov_urb,1995,6.078
grc,sex_t,age_aggregate_y55_64,geo_cov_urb,1996,6.072
grc,sex_t,age_aggregate_y55_64,geo_cov_urb,1997,6.222
grc,sex_t,age_aggregate_y55_64,geo_cov_urb,1998,7.192
grc,sex_t,age_aggregate_y55_64,geo_cov_urb,1999,7.241
grc,sex_t,age_aggregate_y55_64,geo_cov_urb,2000,6.725
grc,sex_t,age_aggregate_y55_64,geo_cov_urb,2001,6.818
grc,sex_t,age_aggregate_y55_64,geo_cov_urb,2002,7.463
grc,sex_t,age_aggregate_y55_64,geo_cov_urb,2003,5.617
grc,sex_t,age_aggregate_y55_64,geo_cov_urb,2004,6.602
grc,sex_t,age_aggregate_y55_64,geo_cov_urb,2005,5.489
grc,sex_t,age_aggregate_y55_64,geo_cov_urb,2006,5.498
grc,sex_t,age_aggregate_y55_64,geo_cov_urb,2007,5.181
grc,sex_t,age_aggregate_y55_64,geo_cov_urb,2008,4.906
grc,sex_t,age_aggregate_y55_64,geo_cov_urb,2009,6.898
grc,sex_t,age_aggregate_y55_64,geo_cov_urb,2010,8.812
grc,sex_t,age_aggregate_y55_64,geo_cov_urb,2011,11.615
grc,sex_t,age_aggregate_y55_64,geo_cov_urb,2012,19.228
grc,sex_t,age_aggregate_y55_64,geo_cov_urb,2013,22.587
grc,sex_t,age_aggregate_y55_64,geo_cov_urb,2014,24.117
grc,sex_t,age_aggregate_y55_64,geo_cov_urb,2015,25.207
grc,sex_t,age_aggregate_y55_64,geo_cov_urb,2016,26.499
grc,sex_t,age_aggregate_y55_64,geo_cov_urb,2017,24.787
grc,sex_t,age_aggregate_y55_64,geo_cov_urb,2018,21.712
grc,sex_t,age_aggregate_y55_64,geo_cov_urb,2019,19.485
grc,sex_t,age_aggregate_y55_64,geo_cov_urb,2020,17.543
grc,sex_t,age_aggregate_y55_64,geo_cov_urb,2021,15.976
grc,sex_t,age_aggregate_y55_64,geo_cov_urb,2022,12.869
grc,sex_t,age_aggregate_y55_64,geo_cov_urb,2023,9.65
grc,sex_t,age_aggregate_y55_64,geo_cov_urb,2024,9.354
grc,sex_t,age_aggregate_yge65,geo_cov_nat,1987,0.342
grc,sex_t,age_aggregate_yge65,geo_cov_nat,1988,0.527
grc,sex_t,age_aggregate_yge65,geo_cov_nat,1989,0.407
grc,sex_t,age_aggregate_yge65,geo_cov_nat,1990,0.449
grc,sex_t,age_aggregate_yge65,geo_cov_nat,1991,0.685
grc,sex_t,age_aggregate_yge65,geo_cov_nat,1992,2.427
grc,sex_t,age_aggregate_yge65,geo_cov_nat,1993,2.094
grc,sex_t,age_aggregate_yge65,geo_cov_nat,1994,1.427
grc,sex_t,age_aggregate_yge65,geo_cov_nat,1995,1.639
grc,sex_t,age_aggregate_yge65,geo_cov_nat,1996,1.6
grc,sex_t,age_aggregate_yge65,geo_cov_nat,1997,1.444
grc,sex_t,age_aggregate_yge65,geo_cov_nat,1998,3.909
grc,sex_t,age_aggregate_yge65,geo_cov_nat,1999,2.884
grc,sex_t,age_aggregate_yge65,geo_cov_nat,2000,2.471
grc,sex_t,age_aggregate_yge65,geo_cov_nat,2001,3.143
grc,sex_t,age_aggregate_yge65,geo_cov_nat,2002,2.963
grc,sex_t,age_aggregate_yge65,geo_cov_nat,2003,1.794
grc,sex_t,age_aggregate_yge65,geo_cov_nat,2004,3.56
grc,sex_t,age_aggregate_yge65,geo_cov_nat,2005,3.771
grc,sex_t,age_aggregate_yge65,geo_cov_nat,2006,2.804
grc,sex_t,age_aggregate_yge65,geo_cov_nat,2007,2.106
grc,sex_t,age_aggregate_yge65,geo_cov_nat,2008,1.992
grc,sex_t,age_aggregate_yge65,geo_cov_nat,2009,3.492
grc,sex_t,age_aggregate_yge65,geo_cov_nat,2010,4.213
grc,sex_t,age_aggregate_yge65,geo_cov_nat,2011,5.331
grc,sex_t,age_aggregate_yge65,geo_cov_nat,2012,10.687
grc,sex_t,age_aggregate_yge65,geo_cov_nat,2013,13.637
grc,sex_t,age_aggregate_yge65,geo_cov_nat,2014,18.557
grc,sex_t,age_aggregate_yge65,geo_cov_nat,2015,17.395
grc,sex_t,age_aggregate_yge65,geo_cov_nat,2016,18.844
grc,sex_t,age_aggregate_yge65,geo_cov_nat,2017,16.979
grc,sex_t,age_aggregate_yge65,geo_cov_nat,2018,15.524
grc,sex_t,age_aggregate_yge65,geo_cov_nat,2019,14
grc,sex_t,age_aggregate_yge65,geo_cov_nat,2020,13.861
grc,sex_t,age_aggregate_yge65,geo_cov_nat,2021,12.381
grc,sex_t,age_aggregate_yge65,geo_cov_nat,2022,12.476
grc,sex_t,age_aggregate_yge65,geo_cov_nat,2023,11.295
grc,sex_t,age_aggregate_yge65,geo_cov_nat,2024,9.414
grc,sex_t,age_aggregate_yge65,geo_cov_rur,1993,0.601
grc,sex_t,age_aggregate_yge65,geo_cov_rur,1995,0.398
grc,sex_t,age_aggregate_yge65,geo_cov_rur,1996,0.322
grc,sex_t,age_aggregate_yge65,geo_cov_rur,1998,0.274
grc,sex_t,age_aggregate_yge65,geo_cov_rur,1999,1.115
grc,sex_t,age_aggregate_yge65,geo_cov_rur,2000,0.919
grc,sex_t,age_aggregate_yge65,geo_cov_rur,2001,1.253
grc,sex_t,age_aggregate_yge65,geo_cov_rur,2002,0.71
grc,sex_t,age_aggregate_yge65,geo_cov_rur,2003,0.501
grc,sex_t,age_aggregate_yge65,geo_cov_rur,2004,0.751
grc,sex_t,age_aggregate_yge65,geo_cov_rur,2005,1.19
grc,sex_t,age_aggregate_yge65,geo_cov_rur,2006,1.888
grc,sex_t,age_aggregate_yge65,geo_cov_rur,2007,1.554
grc,sex_t,age_aggregate_yge65,geo_cov_rur,2008,0.369
grc,sex_t,age_aggregate_yge65,geo_cov_rur,2009,0.558
grc,sex_t,age_aggregate_yge65,geo_cov_rur,2010,1.09
grc,sex_t,age_aggregate_yge65,geo_cov_rur,2011,1.173
grc,sex_t,age_aggregate_yge65,geo_cov_rur,2012,3.13
grc,sex_t,age_aggregate_yge65,geo_cov_rur,2013,4.073
grc,sex_t,age_aggregate_yge65,geo_cov_rur,2014,6.519
grc,sex_t,age_aggregate_yge65,geo_cov_rur,2015,6.51
grc,sex_t,age_aggregate_yge65,geo_cov_rur,2016,7.412
grc,sex_t,age_aggregate_yge65,geo_cov_rur,2017,6.403
grc,sex_t,age_aggregate_yge65,geo_cov_rur,2018,5.336
grc,sex_t,age_aggregate_yge65,geo_cov_rur,2019,4.81
grc,sex_t,age_aggregate_yge65,geo_cov_rur,2020,5.823
grc,sex_t,age_aggregate_yge65,geo_cov_rur,2021,6.171
grc,sex_t,age_aggregate_yge65,geo_cov_rur,2022,5.463
grc,sex_t,age_aggregate_yge65,geo_cov_rur,2023,6.253
grc,sex_t,age_aggregate_yge65,geo_cov_rur,2024,3.848
grc,sex_t,age_aggregate_yge65,geo_cov_urb,1987,0.935
grc,sex_t,age_aggregate_yge65,geo_cov_urb,1988,1.538
grc,sex_t,age_aggregate_yge65,geo_cov_urb,1989,1.202
grc,sex_t,age_aggregate_yge65,geo_cov_urb,1990,1.077
grc,sex_t,age_aggregate_yge65,geo_cov_urb,1991,1.698
grc,sex_t,age_aggregate_yge65,geo_cov_urb,1992,5.865
grc,sex_t,age_aggregate_yge65,geo_cov_urb,1993,4.088
grc,sex_t,age_aggregate_yge65,geo_cov_urb,1994,3.239
grc,sex_t,age_aggregate_yge65,geo_cov_urb,1995,3.625
grc,sex_t,age_aggregate_yge65,geo_cov_urb,1996,3.637
grc,sex_t,age_aggregate_yge65,geo_cov_urb,1997,3.562
grc,sex_t,age_aggregate_yge65,geo_cov_urb,1998,9.171
grc,sex_t,age_aggregate_yge65,geo_cov_urb,1999,5.415
grc,sex_t,age_aggregate_yge65,geo_cov_urb,2000,4.614
grc,sex_t,age_aggregate_yge65,geo_cov_urb,2001,5.39
grc,sex_t,age_aggregate_yge65,geo_cov_urb,2002,5.623
grc,sex_t,age_aggregate_yge65,geo_cov_urb,2003,3.275
grc,sex_t,age_aggregate_yge65,geo_cov_urb,2004,5.648
grc,sex_t,age_aggregate_yge65,geo_cov_urb,2005,5.624
grc,sex_t,age_aggregate_yge65,geo_cov_urb,2006,3.546
grc,sex_t,age_aggregate_yge65,geo_cov_urb,2007,2.59
grc,sex_t,age_aggregate_yge65,geo_cov_urb,2008,3.312
grc,sex_t,age_aggregate_yge65,geo_cov_urb,2009,6.04
grc,sex_t,age_aggregate_yge65,geo_cov_urb,2010,6.617
grc,sex_t,age_aggregate_yge65,geo_cov_urb,2011,8.654
grc,sex_t,age_aggregate_yge65,geo_cov_urb,2012,15.659
grc,sex_t,age_aggregate_yge65,geo_cov_urb,2013,19.833
grc,sex_t,age_aggregate_yge65,geo_cov_urb,2014,26.244
grc,sex_t,age_aggregate_yge65,geo_cov_urb,2015,24.14
grc,sex_t,age_aggregate_yge65,geo_cov_urb,2016,26.803
grc,sex_t,age_aggregate_yge65,geo_cov_urb,2017,24.331
grc,sex_t,age_aggregate_yge65,geo_cov_urb,2018,21.899
grc,sex_t,age_aggregate_yge65,geo_cov_urb,2019,19.505
grc,sex_t,age_aggregate_yge65,geo_cov_urb,2020,18.042
grc,sex_t,age_aggregate_yge65,geo_cov_urb,2021,15.785
grc,sex_t,age_aggregate_yge65,geo_cov_urb,2022,16.118
grc,sex_t,age_aggregate_yge65,geo_cov_urb,2023,14.367
grc,sex_t,age_aggregate_yge65,geo_cov_urb,2024,12.213
grc,sex_t,age_ythadult_y15_24,geo_cov_nat,1987,26.246
grc,sex_t,age_ythadult_y15_24,geo_cov_nat,1988,27.135
grc,sex_t,age_ythadult_y15_24,geo_cov_nat,1989,25.726
grc,sex_t,age_ythadult_y15_24,geo_cov_nat,1990,24.142
grc,sex_t,age_ythadult_y15_24,geo_cov_nat,1991,25.049
grc,sex_t,age_ythadult_y15_24,geo_cov_nat,1992,30.272
grc,sex_t,age_ythadult_y15_24,geo_cov_nat,1993,33.58
grc,sex_t,age_ythadult_y15_24,geo_cov_nat,1994,31.823
grc,sex_t,age_ythadult_y15_24,geo_cov_nat,1995,33.176
grc,sex_t,age_ythadult_y15_24,geo_cov_nat,1996,34.364
grc,sex_t,age_ythadult_y15_24,geo_cov_nat,1997,35.016
grc,sex_t,age_ythadult_y15_24,geo_cov_nat,1998,34.622
grc,sex_t,age_ythadult_y15_24,geo_cov_nat,1999,34.38
grc,sex_t,age_ythadult_y15_24,geo_cov_nat,2000,32.017
grc,sex_t,age_ythadult_y15_24,geo_cov_nat,2001,31.098
grc,sex_t,age_ythadult_y15_24,geo_cov_nat,2002,29.46
grc,sex_t,age_ythadult_y15_24,geo_cov_nat,2003,28.916
grc,sex_t,age_ythadult_y15_24,geo_cov_nat,2004,29.1
grc,sex_t,age_ythadult_y15_24,geo_cov_nat,2005,27.884
grc,sex_t,age_ythadult_y15_24,geo_cov_nat,2006,27.377
grc,sex_t,age_ythadult_y15_24,geo_cov_nat,2007,24.986
grc,sex_t,age_ythadult_y15_24,geo_cov_nat,2008,23.971
grc,sex_t,age_ythadult_y15_24,geo_cov_nat,2009,28.252
grc,sex_t,age_ythadult_y15_24,geo_cov_nat,2010,35.347
grc,sex_t,age_ythadult_y15_24,geo_cov_nat,2011,47.607
grc,sex_t,age_ythadult_y15_24,geo_cov_nat,2012,58.465
grc,sex_t,age_ythadult_y15_24,geo_cov_nat,2013,61.477
grc,sex_t,age_ythadult_y15_24,geo_cov_nat,2014,56.176
grc,sex_t,age_ythadult_y15_24,geo_cov_nat,2015,54.41
grc,sex_t,age_ythadult_y15_24,geo_cov_nat,2016,52.832
grc,sex_t,age_ythadult_y15_24,geo_cov_nat,2017,47.803
grc,sex_t,age_ythadult_y15_24,geo_cov_nat,2018,44.464
grc,sex_t,age_ythadult_y15_24,geo_cov_nat,2019,39.454
grc,sex_t,age_ythadult_y15_24,geo_cov_nat,2020,39.822
grc,sex_t,age_ythadult_y15_24,geo_cov_nat,2021,42.943
grc,sex_t,age_ythadult_y15_24,geo_cov_nat,2022,36.425
grc,sex_t,age_ythadult_y15_24,geo_cov_nat,2023,31.368
grc,sex_t,age_ythadult_y15_24,geo_cov_nat,2024,26.691
grc,sex_t,age_ythadult_y15_24,geo_cov_rur,1987,16.979
grc,sex_t,age_ythadult_y15_24,geo_cov_rur,1988,17.327
grc,sex_t,age_ythadult_y15_24,geo_cov_rur,1989,15.319
grc,sex_t,age_ythadult_y15_24,geo_cov_rur,1990,17.098
grc,sex_t,age_ythadult_y15_24,geo_cov_rur,1991,16.971
grc,sex_t,age_ythadult_y15_24,geo_cov_rur,1992,22.129
grc,sex_t,age_ythadult_y15_24,geo_cov_rur,1993,27.831
grc,sex_t,age_ythadult_y15_24,geo_cov_rur,1994,22.203
grc,sex_t,age_ythadult_y15_24,geo_cov_rur,1995,25.012
grc,sex_t,age_ythadult_y15_24,geo_cov_rur,1996,25.14
grc,sex_t,age_ythadult_y15_24,geo_cov_rur,1997,25.504
grc,sex_t,age_ythadult_y15_24,geo_cov_rur,1998,28.036
grc,sex_t,age_ythadult_y15_24,geo_cov_rur,1999,27.823
grc,sex_t,age_ythadult_y15_24,geo_cov_rur,2000,26.405
grc,sex_t,age_ythadult_y15_24,geo_cov_rur,2001,24.924
grc,sex_t,age_ythadult_y15_24,geo_cov_rur,2002,27.595
grc,sex_t,age_ythadult_y15_24,geo_cov_rur,2003,26.677
grc,sex_t,age_ythadult_y15_24,geo_cov_rur,2004,29.408
grc,sex_t,age_ythadult_y15_24,geo_cov_rur,2005,28.224
grc,sex_t,age_ythadult_y15_24,geo_cov_rur,2006,26.133
grc,sex_t,age_ythadult_y15_24,geo_cov_rur,2007,23.217
grc,sex_t,age_ythadult_y15_24,geo_cov_rur,2008,24.646
grc,sex_t,age_ythadult_y15_24,geo_cov_rur,2009,28.673
grc,sex_t,age_ythadult_y15_24,geo_cov_rur,2010,34.026
grc,sex_t,age_ythadult_y15_24,geo_cov_rur,2011,42.254
grc,sex_t,age_ythadult_y15_24,geo_cov_rur,2012,52.694
grc,sex_t,age_ythadult_y15_24,geo_cov_rur,2013,55.532
grc,sex_t,age_ythadult_y15_24,geo_cov_rur,2014,51.801
grc,sex_t,age_ythadult_y15_24,geo_cov_rur,2015,51.087
grc,sex_t,age_ythadult_y15_24,geo_cov_rur,2016,50.665
grc,sex_t,age_ythadult_y15_24,geo_cov_rur,2017,44.055
grc,sex_t,age_ythadult_y15_24,geo_cov_rur,2018,41.826
grc,sex_t,age_ythadult_y15_24,geo_cov_rur,2019,39.552
grc,sex_t,age_ythadult_y15_24,geo_cov_rur,2020,45.754
grc,sex_t,age_ythadult_y15_24,geo_cov_rur,2021,41.811
grc,sex_t,age_ythadult_y15_24,geo_cov_rur,2022,38.048
grc,sex_t,age_ythadult_y15_24,geo_cov_rur,2023,37.105
grc,sex_t,age_ythadult_y15_24,geo_cov_rur,2024,30.727
grc,sex_t,age_ythadult_y15_24,geo_cov_urb,1987,29.762
grc,sex_t,age_ythadult_y15_24,geo_cov_urb,1988,30.68
grc,sex_t,age_ythadult_y15_24,geo_cov_urb,1989,29.578
grc,sex_t,age_ythadult_y15_24,geo_cov_urb,1990,26.712
grc,sex_t,age_ythadult_y15_24,geo_cov_urb,1991,27.898
grc,sex_t,age_ythadult_y15_24,geo_cov_urb,1992,32.953
grc,sex_t,age_ythadult_y15_24,geo_cov_urb,1993,35.178
grc,sex_t,age_ythadult_y15_24,geo_cov_urb,1994,34.377
grc,sex_t,age_ythadult_y15_24,geo_cov_urb,1995,35.371
grc,sex_t,age_ythadult_y15_24,geo_cov_urb,1996,36.967
grc,sex_t,age_ythadult_y15_24,geo_cov_urb,1997,37.656
grc,sex_t,age_ythadult_y15_24,geo_cov_urb,1998,36.584
grc,sex_t,age_ythadult_y15_24,geo_cov_urb,1999,36.358
grc,sex_t,age_ythadult_y15_24,geo_cov_urb,2000,33.688
grc,sex_t,age_ythadult_y15_24,geo_cov_urb,2001,32.831
grc,sex_t,age_ythadult_y15_24,geo_cov_urb,2002,29.955
grc,sex_t,age_ythadult_y15_24,geo_cov_urb,2003,29.562
grc,sex_t,age_ythadult_y15_24,geo_cov_urb,2004,29.024
grc,sex_t,age_ythadult_y15_24,geo_cov_urb,2005,27.798
grc,sex_t,age_ythadult_y15_24,geo_cov_urb,2006,27.682
grc,sex_t,age_ythadult_y15_24,geo_cov_urb,2007,25.402
grc,sex_t,age_ythadult_y15_24,geo_cov_urb,2008,23.812
grc,sex_t,age_ythadult_y15_24,geo_cov_urb,2009,28.137
grc,sex_t,age_ythadult_y15_24,geo_cov_urb,2010,35.717
grc,sex_t,age_ythadult_y15_24,geo_cov_urb,2011,48.962
grc,sex_t,age_ythadult_y15_24,geo_cov_urb,2012,60.074
grc,sex_t,age_ythadult_y15_24,geo_cov_urb,2013,63.082
grc,sex_t,age_ythadult_y15_24,geo_cov_urb,2014,57.393
grc,sex_t,age_ythadult_y15_24,geo_cov_urb,2015,55.322
grc,sex_t,age_ythadult_y15_24,geo_cov_urb,2016,53.417
grc,sex_t,age_ythadult_y15_24,geo_cov_urb,2017,48.777
grc,sex_t,age_ythadult_y15_24,geo_cov_urb,2018,45.151
grc,sex_t,age_ythadult_y15_24,geo_cov_urb,2019,39.428
grc,sex_t,age_ythadult_y15_24,geo_cov_urb,2020,38.511
grc,sex_t,age_ythadult_y15_24,geo_cov_urb,2021,43.283
grc,sex_t,age_ythadult_y15_24,geo_cov_urb,2022,35.882
grc,sex_t,age_ythadult_y15_24,geo_cov_urb,2023,29.55
grc,sex_t,age_ythadult_y15_24,geo_cov_urb,2024,25.552
grc,sex_t,age_ythadult_y15_64,geo_cov_nat,1987,7.952
grc,sex_t,age_ythadult_y15_64,geo_cov_nat,1988,8.291
grc,sex_t,age_ythadult_y15_64,geo_cov_nat,1989,7.943
grc,sex_t,age_ythadult_y15_64,geo_cov_nat,1990,7.492
grc,sex_t,age_ythadult_y15_64,geo_cov_nat,1991,8.004
grc,sex_t,age_ythadult_y15_64,geo_cov_nat,1992,10.705
grc,sex_t,age_ythadult_y15_64,geo_cov_nat,1993,11.824
grc,sex_t,age_ythadult_y15_64,geo_cov_nat,1994,11.237
grc,sex_t,age_ythadult_y15_64,geo_cov_nat,1995,11.382
grc,sex_t,age_ythadult_y15_64,geo_cov_nat,1996,11.76
grc,sex_t,age_ythadult_y15_64,geo_cov_nat,1997,11.827
grc,sex_t,age_ythadult_y15_64,geo_cov_nat,1998,13.889
grc,sex_t,age_ythadult_y15_64,geo_cov_nat,1999,14.094
grc,sex_t,age_ythadult_y15_64,geo_cov_nat,2000,13.121
grc,sex_t,age_ythadult_y15_64,geo_cov_nat,2001,12.544
grc,sex_t,age_ythadult_y15_64,geo_cov_nat,2002,12.184
grc,sex_t,age_ythadult_y15_64,geo_cov_nat,2003,11.282
grc,sex_t,age_ythadult_y15_64,geo_cov_nat,2004,12.15
grc,sex_t,age_ythadult_y15_64,geo_cov_nat,2005,11.331
grc,sex_t,age_ythadult_y15_64,geo_cov_nat,2006,10.259
grc,sex_t,age_ythadult_y15_64,geo_cov_nat,2007,9.706
grc,sex_t,age_ythadult_y15_64,geo_cov_nat,2008,9.032
grc,sex_t,age_ythadult_y15_64,geo_cov_nat,2009,11.172
grc,sex_t,age_ythadult_y15_64,geo_cov_nat,2010,14.25
grc,sex_t,age_ythadult_y15_64,geo_cov_nat,2011,19.679
grc,sex_t,age_ythadult_y15_64,geo_cov_nat,2012,26.799
grc,sex_t,age_ythadult_y15_64,geo_cov_nat,2013,29.927
grc,sex_t,age_ythadult_y15_64,geo_cov_nat,2014,28.807
grc,sex_t,age_ythadult_y15_64,geo_cov_nat,2015,27.337
grc,sex_t,age_ythadult_y15_64,geo_cov_nat,2016,26.082
grc,sex_t,age_ythadult_y15_64,geo_cov_nat,2017,24.124
grc,sex_t,age_ythadult_y15_64,geo_cov_nat,2018,21.951
grc,sex_t,age_ythadult_y15_64,geo_cov_nat,2019,19.81
grc,sex_t,age_ythadult_y15_64,geo_cov_nat,2020,19.664
grc,sex_t,age_ythadult_y15_64,geo_cov_nat,2021,18.389
grc,sex_t,age_ythadult_y15_64,geo_cov_nat,2022,14.962
grc,sex_t,age_ythadult_y15_64,geo_cov_nat,2023,13.345
grc,sex_t,age_ythadult_y15_64,geo_cov_nat,2024,11.804
grc,sex_t,age_ythadult_y15_64,geo_cov_rur,1988,3.919
grc,sex_t,age_ythadult_y15_64,geo_cov_rur,1992,6.26
grc,sex_t,age_ythadult_y15_64,geo_cov_rur,1993,6.913
grc,sex_t,age_ythadult_y15_64,geo_cov_rur,1994,5.666
grc,sex_t,age_ythadult_y15_64,geo_cov_rur,1995,6.407
grc,sex_t,age_ythadult_y15_64,geo_cov_rur,1996,6.529
grc,sex_t,age_ythadult_y15_64,geo_cov_rur,1997,6.566
grc,sex_t,age_ythadult_y15_64,geo_cov_rur,1998,9.452
grc,sex_t,age_ythadult_y15_64,geo_cov_rur,1999,10.083
grc,sex_t,age_ythadult_y15_64,geo_cov_rur,2000,9.447
grc,sex_t,age_ythadult_y15_64,geo_cov_rur,2001,9.348
grc,sex_t,age_ythadult_y15_64,geo_cov_rur,2002,9.582
grc,sex_t,age_ythadult_y15_64,geo_cov_rur,2003,9.342
grc,sex_t,age_ythadult_y15_64,geo_cov_rur,2004,11.542
grc,sex_t,age_ythadult_y15_64,geo_cov_rur,2005,10.587
grc,sex_t,age_ythadult_y15_64,geo_cov_rur,2006,9.624
grc,sex_t,age_ythadult_y15_64,geo_cov_rur,2007,8.923
grc,sex_t,age_ythadult_y15_64,geo_cov_rur,2008,8.425
grc,sex_t,age_ythadult_y15_64,geo_cov_rur,2009,9.863
grc,sex_t,age_ythadult_y15_64,geo_cov_rur,2010,12.465
grc,sex_t,age_ythadult_y15_64,geo_cov_rur,2011,16.259
grc,sex_t,age_ythadult_y15_64,geo_cov_rur,2012,21.617
grc,sex_t,age_ythadult_y15_64,geo_cov_rur,2013,24.932
grc,sex_t,age_ythadult_y15_64,geo_cov_rur,2014,24.526
grc,sex_t,age_ythadult_y15_64,geo_cov_rur,2015,22.927
grc,sex_t,age_ythadult_y15_64,geo_cov_rur,2016,21.706
grc,sex_t,age_ythadult_y15_64,geo_cov_rur,2017,20.547
grc,sex_t,age_ythadult_y15_64,geo_cov_rur,2018,18.692
grc,sex_t,age_ythadult_y15_64,geo_cov_rur,2019,17.421
grc,sex_t,age_ythadult_y15_64,geo_cov_rur,2020,19.718
grc,sex_t,age_ythadult_y15_64,geo_cov_rur,2021,18.443
grc,sex_t,age_ythadult_y15_64,geo_cov_rur,2022,15.076
grc,sex_t,age_ythadult_y15_64,geo_cov_rur,2023,13.352
grc,sex_t,age_ythadult_y15_64,geo_cov_rur,2024,10.891
grc,sex_t,age_ythadult_y15_64,geo_cov_urb,1987,9.604
grc,sex_t,age_ythadult_y15_64,geo_cov_urb,1988,9.984
grc,sex_t,age_ythadult_y15_64,geo_cov_urb,1989,9.673
grc,sex_t,age_ythadult_y15_64,geo_cov_urb,1990,8.741
grc,sex_t,age_ythadult_y15_64,geo_cov_urb,1991,9.338
grc,sex_t,age_ythadult_y15_64,geo_cov_urb,1992,12.176
grc,sex_t,age_ythadult_y15_64,geo_cov_urb,1993,13.175
grc,sex_t,age_ythadult_y15_64,geo_cov_urb,1994,12.852
grc,sex_t,age_ythadult_y15_64,geo_cov_urb,1995,12.775
grc,sex_t,age_ythadult_y15_64,geo_cov_urb,1996,13.246
grc,sex_t,age_ythadult_y15_64,geo_cov_urb,1997,13.343
grc,sex_t,age_ythadult_y15_64,geo_cov_urb,1998,15.153
grc,sex_t,age_ythadult_y15_64,geo_cov_urb,1999,15.235
grc,sex_t,age_ythadult_y15_64,geo_cov_urb,2000,14.143
grc,sex_t,age_ythadult_y15_64,geo_cov_urb,2001,13.403
grc,sex_t,age_ythadult_y15_64,geo_cov_urb,2002,12.865
grc,sex_t,age_ythadult_y15_64,geo_cov_urb,2003,11.787
grc,sex_t,age_ythadult_y15_64,geo_cov_urb,2004,12.293
grc,sex_t,age_ythadult_y15_64,geo_cov_urb,2005,11.5
grc,sex_t,age_ythadult_y15_64,geo_cov_urb,2006,10.4
grc,sex_t,age_ythadult_y15_64,geo_cov_urb,2007,9.874
grc,sex_t,age_ythadult_y15_64,geo_cov_urb,2008,9.164
grc,sex_t,age_ythadult_y15_64,geo_cov_urb,2009,11.47
grc,sex_t,age_ythadult_y15_64,geo_cov_urb,2010,14.675
grc,sex_t,age_ythadult_y15_64,geo_cov_urb,2011,20.456
grc,sex_t,age_ythadult_y15_64,geo_cov_urb,2012,28.026
grc,sex_t,age_ythadult_y15_64,geo_cov_urb,2013,31.134
grc,sex_t,age_ythadult_y15_64,geo_cov_urb,2014,29.812
grc,sex_t,age_ythadult_y15_64,geo_cov_urb,2015,28.376
grc,sex_t,age_ythadult_y15_64,geo_cov_urb,2016,27.12
grc,sex_t,age_ythadult_y15_64,geo_cov_urb,2017,24.962
grc,sex_t,age_ythadult_y15_64,geo_cov_urb,2018,22.71
grc,sex_t,age_ythadult_y15_64,geo_cov_urb,2019,20.358
grc,sex_t,age_ythadult_y15_64,geo_cov_urb,2020,19.652
grc,sex_t,age_ythadult_y15_64,geo_cov_urb,2021,18.375
grc,sex_t,age_ythadult_y15_64,geo_cov_urb,2022,14.933
grc,sex_t,age_ythadult_y15_64,geo_cov_urb,2023,13.343
grc,sex_t,age_ythadult_y15_64,geo_cov_urb,2024,12.024
grc,sex_t,age_ythadult_yge15,geo_cov_nat,1987,7.716
grc,sex_t,age_ythadult_yge15,geo_cov_nat,1988,8.062
grc,sex_t,age_ythadult_yge15,geo_cov_nat,1989,7.748
grc,sex_t,age_ythadult_yge15,geo_cov_nat,1990,7.298
grc,sex_t,age_ythadult_yge15,geo_cov_nat,1991,7.809
grc,sex_t,age_ythadult_yge15,geo_cov_nat,1992,10.461
grc,sex_t,age_ythadult_yge15,geo_cov_nat,1993,11.57
grc,sex_t,age_ythadult_yge15,geo_cov_nat,1994,10.949
grc,sex_t,age_ythadult_yge15,geo_cov_nat,1995,11.083
grc,sex_t,age_ythadult_yge15,geo_cov_nat,1996,11.448
grc,sex_t,age_ythadult_yge15,geo_cov_nat,1997,11.52
grc,sex_t,age_ythadult_yge15,geo_cov_nat,1998,13.667
grc,sex_t,age_ythadult_yge15,geo_cov_nat,1999,13.864
grc,sex_t,age_ythadult_yge15,geo_cov_nat,2000,12.908
grc,sex_t,age_ythadult_yge15,geo_cov_nat,2001,12.367
grc,sex_t,age_ythadult_yge15,geo_cov_nat,2002,12.013
grc,sex_t,age_ythadult_yge15,geo_cov_nat,2003,11.101
grc,sex_t,age_ythadult_yge15,geo_cov_nat,2004,12.014
grc,sex_t,age_ythadult_yge15,geo_cov_nat,2005,11.205
grc,sex_t,age_ythadult_yge15,geo_cov_nat,2006,10.13
grc,sex_t,age_ythadult_yge15,geo_cov_nat,2007,9.575
grc,sex_t,age_ythadult_yge15,geo_cov_nat,2008,8.912
grc,sex_t,age_ythadult_yge15,geo_cov_nat,2009,11.041
grc,sex_t,age_ythadult_yge15,geo_cov_nat,2010,14.087
grc,sex_t,age_ythadult_yge15,geo_cov_nat,2011,19.46
grc,sex_t,age_ythadult_yge15,geo_cov_nat,2012,26.594
grc,sex_t,age_ythadult_yge15,geo_cov_nat,2013,29.727
grc,sex_t,age_ythadult_yge15,geo_cov_nat,2014,28.665
grc,sex_t,age_ythadult_yge15,geo_cov_nat,2015,27.19
grc,sex_t,age_ythadult_yge15,geo_cov_nat,2016,25.972
grc,sex_t,age_ythadult_yge15,geo_cov_nat,2017,24.005
grc,sex_t,age_ythadult_yge15,geo_cov_nat,2018,21.836
grc,sex_t,age_ythadult_yge15,geo_cov_nat,2019,19.692
grc,sex_t,age_ythadult_yge15,geo_cov_nat,2020,19.531
grc,sex_t,age_ythadult_yge15,geo_cov_nat,2021,18.239
grc,sex_t,age_ythadult_yge15,geo_cov_nat,2022,14.897
grc,sex_t,age_ythadult_yge15,geo_cov_nat,2023,13.29
grc,sex_t,age_ythadult_yge15,geo_cov_nat,2024,11.733
grc,sex_t,age_ythadult_yge15,geo_cov_rur,1987,3.482
grc,sex_t,age_ythadult_yge15,geo_cov_rur,1988,3.649
grc,sex_t,age_ythadult_yge15,geo_cov_rur,1989,3.18
grc,sex_t,age_ythadult_yge15,geo_cov_rur,1990,3.804
grc,sex_t,age_ythadult_yge15,geo_cov_rur,1991,3.857
grc,sex_t,age_ythadult_yge15,geo_cov_rur,1992,5.842
grc,sex_t,age_ythadult_yge15,geo_cov_rur,1993,6.495
grc,sex_t,age_ythadult_yge15,geo_cov_rur,1994,5.257
grc,sex_t,age_ythadult_yge15,geo_cov_rur,1995,5.916
grc,sex_t,age_ythadult_yge15,geo_cov_rur,1996,6.027
grc,sex_t,age_ythadult_yge15,geo_cov_rur,1997,6.073
grc,sex_t,age_ythadult_yge15,geo_cov_rur,1998,8.926
grc,sex_t,age_ythadult_yge15,geo_cov_rur,1999,9.61
grc,sex_t,age_ythadult_yge15,geo_cov_rur,2000,9.008
grc,sex_t,age_ythadult_yge15,geo_cov_rur,2001,8.969
grc,sex_t,age_ythadult_yge15,geo_cov_rur,2002,9.166
grc,sex_t,age_ythadult_yge15,geo_cov_rur,2003,8.918
grc,sex_t,age_ythadult_yge15,geo_cov_rur,2004,11.164
grc,sex_t,age_ythadult_yge15,geo_cov_rur,2005,10.24
grc,sex_t,age_ythadult_yge15,geo_cov_rur,2006,9.302
grc,sex_t,age_ythadult_yge15,geo_cov_rur,2007,8.597
grc,sex_t,age_ythadult_yge15,geo_cov_rur,2008,8.087
grc,sex_t,age_ythadult_yge15,geo_cov_rur,2009,9.475
grc,sex_t,age_ythadult_yge15,geo_cov_rur,2010,12.057
grc,sex_t,age_ythadult_yge15,geo_cov_rur,2011,15.718
grc,sex_t,age_ythadult_yge15,geo_cov_rur,2012,21.134
grc,sex_t,age_ythadult_yge15,geo_cov_rur,2013,24.419
grc,sex_t,age_ythadult_yge15,geo_cov_rur,2014,24.023
grc,sex_t,age_ythadult_yge15,geo_cov_rur,2015,22.446
grc,sex_t,age_ythadult_yge15,geo_cov_rur,2016,21.247
grc,sex_t,age_ythadult_yge15,geo_cov_rur,2017,20.049
grc,sex_t,age_ythadult_yge15,geo_cov_rur,2018,18.214
grc,sex_t,age_ythadult_yge15,geo_cov_rur,2019,16.92
grc,sex_t,age_ythadult_yge15,geo_cov_rur,2020,19.126
grc,sex_t,age_ythadult_yge15,geo_cov_rur,2021,17.91
grc,sex_t,age_ythadult_yge15,geo_cov_rur,2022,14.656
grc,sex_t,age_ythadult_yge15,geo_cov_rur,2023,13.013
grc,sex_t,age_ythadult_yge15,geo_cov_rur,2024,10.538
grc,sex_t,age_ythadult_yge15,geo_cov_urb,1987,9.488
grc,sex_t,age_ythadult_yge15,geo_cov_urb,1988,9.876
grc,sex_t,age_ythadult_yge15,geo_cov_urb,1989,9.569
grc,sex_t,age_ythadult_yge15,geo_cov_urb,1990,8.637
grc,sex_t,age_ythadult_yge15,geo_cov_urb,1991,9.226
grc,sex_t,age_ythadult_yge15,geo_cov_urb,1992,12.074
grc,sex_t,age_ythadult_yge15,geo_cov_urb,1993,13.044
grc,sex_t,age_ythadult_yge15,geo_cov_urb,1994,12.706
grc,sex_t,age_ythadult_yge15,geo_cov_urb,1995,12.635
grc,sex_t,age_ythadult_yge15,geo_cov_urb,1996,13.098
grc,sex_t,age_ythadult_yge15,geo_cov_urb,1997,13.19
grc,sex_t,age_ythadult_yge15,geo_cov_urb,1998,15.082
grc,sex_t,age_ythadult_yge15,geo_cov_urb,1999,15.127
grc,sex_t,age_ythadult_yge15,geo_cov_urb,2000,14.04
grc,sex_t,age_ythadult_yge15,geo_cov_urb,2001,13.315
grc,sex_t,age_ythadult_yge15,geo_cov_urb,2002,12.786
grc,sex_t,age_ythadult_yge15,geo_cov_urb,2003,11.69
grc,sex_t,age_ythadult_yge15,geo_cov_urb,2004,12.218
grc,sex_t,age_ythadult_yge15,geo_cov_urb,2005,11.43
grc,sex_t,age_ythadult_yge15,geo_cov_urb,2006,10.319
grc,sex_t,age_ythadult_yge15,geo_cov_urb,2007,9.793
grc,sex_t,age_ythadult_yge15,geo_cov_urb,2008,9.096
grc,sex_t,age_ythadult_yge15,geo_cov_urb,2009,11.408
grc,sex_t,age_ythadult_yge15,geo_cov_urb,2010,14.583
grc,sex_t,age_ythadult_yge15,geo_cov_urb,2011,20.332
grc,sex_t,age_ythadult_yge15,geo_cov_urb,2012,27.908
grc,sex_t,age_ythadult_yge15,geo_cov_urb,2013,31.028
grc,sex_t,age_ythadult_yge15,geo_cov_urb,2014,29.774
grc,sex_t,age_ythadult_yge15,geo_cov_urb,2015,28.328
grc,sex_t,age_ythadult_yge15,geo_cov_urb,2016,27.116
grc,sex_t,age_ythadult_yge15,geo_cov_urb,2017,24.954
grc,sex_t,age_ythadult_yge15,geo_cov_urb,2018,22.699
grc,sex_t,age_ythadult_yge15,geo_cov_urb,2019,20.345
grc,sex_t,age_ythadult_yge15,geo_cov_urb,2020,19.622
grc,sex_t,age_ythadult_yge15,geo_cov_urb,2021,18.323
grc,sex_t,age_ythadult_yge15,geo_cov_urb,2022,14.959
grc,sex_t,age_ythadult_yge15,geo_cov_urb,2023,13.365
grc,sex_t,age_ythadult_yge15,geo_cov_urb,2024,12.029
grc,sex_t,age_ythadult_yge25,geo_cov_nat,1987,4.947
grc,sex_t,age_ythadult_yge25,geo_cov_nat,1988,5.161
grc,sex_t,age_ythadult_yge25,geo_cov_nat,1989,4.908
grc,sex_t,age_ythadult_yge25,geo_cov_nat,1990,4.602
grc,sex_t,age_ythadult_yge25,geo_cov_nat,1991,5.033
grc,sex_t,age_ythadult_yge25,geo_cov_nat,1992,7.295
grc,sex_t,age_ythadult_yge25,geo_cov_nat,1993,8.047
grc,sex_t,age_ythadult_yge25,geo_cov_nat,1994,7.881
grc,sex_t,age_ythadult_yge25,geo_cov_nat,1995,7.942
grc,sex_t,age_ythadult_yge25,geo_cov_nat,1996,8.236
grc,sex_t,age_ythadult_yge25,geo_cov_nat,1997,8.321
grc,sex_t,age_ythadult_yge25,geo_cov_nat,1998,10.331
grc,sex_t,age_ythadult_yge25,geo_cov_nat,1999,10.783
grc,sex_t,age_ythadult_yge25,geo_cov_nat,2000,10.161
grc,sex_t,age_ythadult_yge25,geo_cov_nat,2001,9.88
grc,sex_t,age_ythadult_yge25,geo_cov_nat,2002,9.818
grc,sex_t,age_ythadult_yge25,geo_cov_nat,2003,9.063
grc,sex_t,age_ythadult_yge25,geo_cov_nat,2004,10.005
grc,sex_t,age_ythadult_yge25,geo_cov_nat,2005,9.479
grc,sex_t,age_ythadult_yge25,geo_cov_nat,2006,8.486
grc,sex_t,age_ythadult_yge25,geo_cov_nat,2007,8.211
grc,sex_t,age_ythadult_yge25,geo_cov_nat,2008,7.67
grc,sex_t,age_ythadult_yge25,geo_cov_nat,2009,9.636
grc,sex_t,age_ythadult_yge25,geo_cov_nat,2010,12.434
grc,sex_t,age_ythadult_yge25,geo_cov_nat,2011,17.327
grc,sex_t,age_ythadult_yge25,geo_cov_nat,2012,24.168
grc,sex_t,age_ythadult_yge25,geo_cov_nat,2013,27.39
grc,sex_t,age_ythadult_yge25,geo_cov_nat,2014,26.693
grc,sex_t,age_ythadult_yge25,geo_cov_nat,2015,25.39
grc,sex_t,age_ythadult_yge25,geo_cov_nat,2016,24.286
grc,sex_t,age_ythadult_yge25,geo_cov_nat,2017,22.549
grc,sex_t,age_ythadult_yge25,geo_cov_nat,2018,20.542
grc,sex_t,age_ythadult_yge25,geo_cov_nat,2019,18.618
grc,sex_t,age_ythadult_yge25,geo_cov_nat,2020,18.462
grc,sex_t,age_ythadult_yge25,geo_cov_nat,2021,16.912
grc,sex_t,age_ythadult_yge25,geo_cov_nat,2022,13.656
grc,sex_t,age_ythadult_yge25,geo_cov_nat,2023,12.176
grc,sex_t,age_ythadult_yge25,geo_cov_nat,2024,10.855
grc,sex_t,age_ythadult_yge25,geo_cov_rur,1987,1.62
grc,sex_t,age_ythadult_yge25,geo_cov_rur,1988,1.779
grc,sex_t,age_ythadult_yge25,geo_cov_rur,1989,1.378
grc,sex_t,age_ythadult_yge25,geo_cov_rur,1990,1.764
grc,sex_t,age_ythadult_yge25,geo_cov_rur,1991,1.776
grc,sex_t,age_ythadult_yge25,geo_cov_rur,1992,3.368
grc,sex_t,age_ythadult_yge25,geo_cov_rur,1993,3.21
grc,sex_t,age_ythadult_yge25,geo_cov_rur,1994,3.078
grc,sex_t,age_ythadult_yge25,geo_cov_rur,1995,3.455
grc,sex_t,age_ythadult_yge25,geo_cov_rur,1996,3.52
grc,sex_t,age_ythadult_yge25,geo_cov_rur,1997,3.648
grc,sex_t,age_ythadult_yge25,geo_cov_rur,1998,5.888
grc,sex_t,age_ythadult_yge25,geo_cov_rur,1999,6.836
grc,sex_t,age_ythadult_yge25,geo_cov_rur,2000,6.447
grc,sex_t,age_ythadult_yge25,geo_cov_rur,2001,6.837
grc,sex_t,age_ythadult_yge25,geo_cov_rur,2002,6.899
grc,sex_t,age_ythadult_yge25,geo_cov_rur,2003,6.767
grc,sex_t,age_ythadult_yge25,geo_cov_rur,2004,8.959
grc,sex_t,age_ythadult_yge25,geo_cov_rur,2005,8.241
grc,sex_t,age_ythadult_yge25,geo_cov_rur,2006,7.592
grc,sex_t,age_ythadult_yge25,geo_cov_rur,2007,7.237
grc,sex_t,age_ythadult_yge25,geo_cov_rur,2008,6.66
grc,sex_t,age_ythadult_yge25,geo_cov_rur,2009,7.699
grc,sex_t,age_ythadult_yge25,geo_cov_rur,2010,10.133
grc,sex_t,age_ythadult_yge25,geo_cov_rur,2011,13.557
grc,sex_t,age_ythadult_yge25,geo_cov_rur,2012,18.412
grc,sex_t,age_ythadult_yge25,geo_cov_rur,2013,21.934
grc,sex_t,age_ythadult_yge25,geo_cov_rur,2014,21.754
grc,sex_t,age_ythadult_yge25,geo_cov_rur,2015,20.323
grc,sex_t,age_ythadult_yge25,geo_cov_rur,2016,19.221
grc,sex_t,age_ythadult_yge25,geo_cov_rur,2017,18.476
grc,sex_t,age_ythadult_yge25,geo_cov_rur,2018,16.759
grc,sex_t,age_ythadult_yge25,geo_cov_rur,2019,15.603
grc,sex_t,age_ythadult_yge25,geo_cov_rur,2020,17.748
grc,sex_t,age_ythadult_yge25,geo_cov_rur,2021,16.445
grc,sex_t,age_ythadult_yge25,geo_cov_rur,2022,12.965
grc,sex_t,age_ythadult_yge25,geo_cov_rur,2023,11.319
grc,sex_t,age_ythadult_yge25,geo_cov_rur,2024,9.214
grc,sex_t,age_ythadult_yge25,geo_cov_urb,1987,6.359
grc,sex_t,age_ythadult_yge25,geo_cov_urb,1988,6.579
grc,sex_t,age_ythadult_yge25,geo_cov_urb,1989,6.332
grc,sex_t,age_ythadult_yge25,geo_cov_urb,1990,5.699
grc,sex_t,age_ythadult_yge25,geo_cov_urb,1991,6.205
grc,sex_t,age_ythadult_yge25,geo_cov_urb,1992,8.68
grc,sex_t,age_ythadult_yge25,geo_cov_urb,1993,9.461
grc,sex_t,age_ythadult_yge25,geo_cov_urb,1994,9.396
grc,sex_t,age_ythadult_yge25,geo_cov_urb,1995,9.311
grc,sex_t,age_ythadult_yge25,geo_cov_urb,1996,9.687
grc,sex_t,age_ythadult_yge25,geo_cov_urb,1997,9.773
grc,sex_t,age_ythadult_yge25,geo_cov_urb,1998,11.658
grc,sex_t,age_ythadult_yge25,geo_cov_urb,1999,11.951
grc,sex_t,age_ythadult_yge25,geo_cov_urb,2000,11.234
grc,sex_t,age_ythadult_yge25,geo_cov_urb,2001,10.728
grc,sex_t,age_ythadult_yge25,geo_cov_urb,2002,10.614
grc,sex_t,age_ythadult_yge25,geo_cov_urb,2003,9.678
grc,sex_t,age_ythadult_yge25,geo_cov_urb,2004,10.255
grc,sex_t,age_ythadult_yge25,geo_cov_urb,2005,9.765
grc,sex_t,age_ythadult_yge25,geo_cov_urb,2006,8.689
grc,sex_t,age_ythadult_yge25,geo_cov_urb,2007,8.427
grc,sex_t,age_ythadult_yge25,geo_cov_urb,2008,7.895
grc,sex_t,age_ythadult_yge25,geo_cov_urb,2009,10.085
grc,sex_t,age_ythadult_yge25,geo_cov_urb,2010,12.989
grc,sex_t,age_ythadult_yge25,geo_cov_urb,2011,18.2
grc,sex_t,age_ythadult_yge25,geo_cov_urb,2012,25.538
grc,sex_t,age_ythadult_yge25,geo_cov_urb,2013,28.719
grc,sex_t,age_ythadult_yge25,geo_cov_urb,2014,27.86
grc,sex_t,age_ythadult_yge25,geo_cov_urb,2015,26.594
grc,sex_t,age_ythadult_yge25,geo_cov_urb,2016,25.503
grc,sex_t,age_ythadult_yge25,geo_cov_urb,2017,23.521
grc,sex_t,age_ythadult_yge25,geo_cov_urb,2018,21.439
grc,sex_t,age_ythadult_yge25,geo_cov_urb,2019,19.325
grc,sex_t,age_ythadult_yge25,geo_cov_urb,2020,18.623
grc,sex_t,age_ythadult_yge25,geo_cov_urb,2021,17.031
grc,sex_t,age_ythadult_yge25,geo_cov_urb,2022,13.829
grc,sex_t,age_ythadult_yge25,geo_cov_urb,2023,12.405
grc,sex_t,age_ythadult_yge25,geo_cov_urb,2024,11.258
gtm,sex_f,age_aggregate_total,geo_cov_nat,2010,4.873
gtm,sex_f,age_aggregate_total,geo_cov_nat,2011,7.569
gtm,sex_f,age_aggregate_total,geo_cov_nat,2012,4.296
gtm,sex_f,age_aggregate_total,geo_cov_nat,2013,4.351
gtm,sex_f,age_aggregate_total,geo_cov_nat,2014,3.949
gtm,sex_f,age_aggregate_total,geo_cov_nat,2015,3.89
gtm,sex_f,age_aggregate_total,geo_cov_nat,2016,3.684
gtm,sex_f,age_aggregate_total,geo_cov_nat,2017,3.712
gtm,sex_f,age_aggregate_total,geo_cov_nat,2018,3.135
gtm,sex_f,age_aggregate_total,geo_cov_nat,2019,3.229
gtm,sex_f,age_aggregate_total,geo_cov_nat,2021,3.4
gtm,sex_f,age_aggregate_total,geo_cov_nat,2023,13.245
gtm,sex_f,age_aggregate_total,geo_cov_nat,2024,24.465
gtm,sex_f,age_aggregate_total,geo_cov_rur,2010,2.966
gtm,sex_f,age_aggregate_total,geo_cov_rur,2011,10.499
gtm,sex_f,age_aggregate_total,geo_cov_rur,2012,2.996
gtm,sex_f,age_aggregate_total,geo_cov_rur,2013,4.478
gtm,sex_f,age_aggregate_total,geo_cov_rur,2014,2.713
gtm,sex_f,age_aggregate_total,geo_cov_rur,2015,4.405
gtm,sex_f,age_aggregate_total,geo_cov_rur,2016,3.116
gtm,sex_f,age_aggregate_total,geo_cov_rur,2017,3.091
gtm,sex_f,age_aggregate_total,geo_cov_rur,2018,1.984
gtm,sex_f,age_aggregate_total,geo_cov_rur,2019,2.035
gtm,sex_f,age_aggregate_total,geo_cov_rur,2021,2.044
gtm,sex_f,age_aggregate_total,geo_cov_rur,2023,13.023
gtm,sex_f,age_aggregate_total,geo_cov_rur,2024,26.947
gtm,sex_f,age_aggregate_total,geo_cov_urb,2010,6.025
gtm,sex_f,age_aggregate_total,geo_cov_urb,2011,5.227
gtm,sex_f,age_aggregate_total,geo_cov_urb,2012,5.279
gtm,sex_f,age_aggregate_total,geo_cov_urb,2013,4.263
gtm,sex_f,age_aggregate_total,geo_cov_urb,2014,4.643
gtm,sex_f,age_aggregate_total,geo_cov_urb,2015,3.687
gtm,sex_f,age_aggregate_total,geo_cov_urb,2016,4.028
gtm,sex_f,age_aggregate_total,geo_cov_urb,2017,4.058
gtm,sex_f,age_aggregate_total,geo_cov_urb,2018,3.952
gtm,sex_f,age_aggregate_total,geo_cov_urb,2019,4.078
gtm,sex_f,age_aggregate_total,geo_cov_urb,2021,4.839
gtm,sex_f,age_aggregate_total,geo_cov_urb,2023,13.396
gtm,sex_f,age_aggregate_total,geo_cov_urb,2024,22.885
gtm,sex_f,age_aggregate_y15_24,geo_cov_nat,2010,9.342
gtm,sex_f,age_aggregate_y15_24,geo_cov_nat,2011,15.147
gtm,sex_f,age_aggregate_y15_24,geo_cov_nat,2012,8.018
gtm,sex_f,age_aggregate_y15_24,geo_cov_nat,2013,7.403
gtm,sex_f,age_aggregate_y15_24,geo_cov_nat,2014,9.697
gtm,sex_f,age_aggregate_y15_24,geo_cov_nat,2015,10.423
gtm,sex_f,age_aggregate_y15_24,geo_cov_nat,2016,8.859
gtm,sex_f,age_aggregate_y15_24,geo_cov_nat,2017,8.341
gtm,sex_f,age_aggregate_y15_24,geo_cov_nat,2018,7.377
gtm,sex_f,age_aggregate_y15_24,geo_cov_nat,2019,6.256
gtm,sex_f,age_aggregate_y15_24,geo_cov_nat,2021,6.989
gtm,sex_f,age_aggregate_y15_24,geo_cov_nat,2023,21.192
gtm,sex_f,age_aggregate_y15_24,geo_cov_nat,2024,34.701
gtm,sex_f,age_aggregate_y15_24,geo_cov_rur,2010,6.59
gtm,sex_f,age_aggregate_y15_24,geo_cov_rur,2011,18.274
gtm,sex_f,age_aggregate_y15_24,geo_cov_rur,2012,5.609
gtm,sex_f,age_aggregate_y15_24,geo_cov_rur,2013,5.933
gtm,sex_f,age_aggregate_y15_24,geo_cov_rur,2014,5.925
gtm,sex_f,age_aggregate_y15_24,geo_cov_rur,2015,13.503
gtm,sex_f,age_aggregate_y15_24,geo_cov_rur,2016,7.375
gtm,sex_f,age_aggregate_y15_24,geo_cov_rur,2017,7.002
gtm,sex_f,age_aggregate_y15_24,geo_cov_rur,2018,4.11
gtm,sex_f,age_aggregate_y15_24,geo_cov_rur,2019,3.76
gtm,sex_f,age_aggregate_y15_24,geo_cov_rur,2021,4.431
gtm,sex_f,age_aggregate_y15_24,geo_cov_rur,2023,21.262
gtm,sex_f,age_aggregate_y15_24,geo_cov_rur,2024,35.967
gtm,sex_f,age_aggregate_y15_24,geo_cov_urb,2010,11.529
gtm,sex_f,age_aggregate_y15_24,geo_cov_urb,2011,11.639
gtm,sex_f,age_aggregate_y15_24,geo_cov_urb,2012,10.333
gtm,sex_f,age_aggregate_y15_24,geo_cov_urb,2013,8.63
gtm,sex_f,age_aggregate_y15_24,geo_cov_urb,2014,12.75
gtm,sex_f,age_aggregate_y15_24,geo_cov_urb,2015,8.896
gtm,sex_f,age_aggregate_y15_24,geo_cov_urb,2016,10.094
gtm,sex_f,age_aggregate_y15_24,geo_cov_urb,2017,9.347
gtm,sex_f,age_aggregate_y15_24,geo_cov_urb,2018,10.534
gtm,sex_f,age_aggregate_y15_24,geo_cov_urb,2019,8.771
gtm,sex_f,age_aggregate_y15_24,geo_cov_urb,2021,10.712
gtm,sex_f,age_aggregate_y15_24,geo_cov_urb,2023,21.131
gtm,sex_f,age_aggregate_y15_24,geo_cov_urb,2024,33.741
gtm,sex_f,age_aggregate_y25_54,geo_cov_nat,2010,3.643
gtm,sex_f,age_aggregate_y25_54,geo_cov_nat,2011,4.822
gtm,sex_f,age_aggregate_y25_54,geo_cov_nat,2012,3.155
gtm,sex_f,age_aggregate_y25_54,geo_cov_nat,2013,3.61
gtm,sex_f,age_aggregate_y25_54,geo_cov_nat,2014,2.204
gtm,sex_f,age_aggregate_y25_54,geo_cov_nat,2015,1.91
gtm,sex_f,age_aggregate_y25_54,geo_cov_nat,2016,2.061
gtm,sex_f,age_aggregate_y25_54,geo_cov_nat,2017,2.549
gtm,sex_f,age_aggregate_y25_54,geo_cov_nat,2018,1.886
gtm,sex_f,age_aggregate_y25_54,geo_cov_nat,2019,2.504
gtm,sex_f,age_aggregate_y25_54,geo_cov_nat,2021,2.539
gtm,sex_f,age_aggregate_y25_54,geo_cov_nat,2023,10.723
gtm,sex_f,age_aggregate_y25_54,geo_cov_nat,2024,20.896
gtm,sex_f,age_aggregate_y25_54,geo_cov_rur,2010,1.583
gtm,sex_f,age_aggregate_y25_54,geo_cov_rur,2011,6.745
gtm,sex_f,age_aggregate_y25_54,geo_cov_rur,2012,1.712
gtm,sex_f,age_aggregate_y25_54,geo_cov_rur,2013,4.562
gtm,sex_f,age_aggregate_y25_54,geo_cov_rur,2014,1.273
gtm,sex_f,age_aggregate_y25_54,geo_cov_rur,2015,0.668
gtm,sex_f,age_aggregate_y25_54,geo_cov_rur,2016,1.242
gtm,sex_f,age_aggregate_y25_54,geo_cov_rur,2017,1.759
gtm,sex_f,age_aggregate_y25_54,geo_cov_rur,2018,1.156
gtm,sex_f,age_aggregate_y25_54,geo_cov_rur,2019,1.361
gtm,sex_f,age_aggregate_y25_54,geo_cov_rur,2021,1.333
gtm,sex_f,age_aggregate_y25_54,geo_cov_rur,2023,10.248
gtm,sex_f,age_aggregate_y25_54,geo_cov_rur,2024,24.421
gtm,sex_f,age_aggregate_y25_54,geo_cov_urb,2010,4.827
gtm,sex_f,age_aggregate_y25_54,geo_cov_urb,2011,3.468
gtm,sex_f,age_aggregate_y25_54,geo_cov_urb,2012,4.128
gtm,sex_f,age_aggregate_y25_54,geo_cov_urb,2013,2.997
gtm,sex_f,age_aggregate_y25_54,geo_cov_urb,2014,2.655
gtm,sex_f,age_aggregate_y25_54,geo_cov_urb,2015,2.361
gtm,sex_f,age_aggregate_y25_54,geo_cov_urb,2016,2.503
gtm,sex_f,age_aggregate_y25_54,geo_cov_urb,2017,2.95
gtm,sex_f,age_aggregate_y25_54,geo_cov_urb,2018,2.347
gtm,sex_f,age_aggregate_y25_54,geo_cov_urb,2019,3.22
gtm,sex_f,age_aggregate_y25_54,geo_cov_urb,2021,3.723
gtm,sex_f,age_aggregate_y25_54,geo_cov_urb,2023,11.022
gtm,sex_f,age_aggregate_y25_54,geo_cov_urb,2024,18.641
gtm,sex_f,age_aggregate_y55_64,geo_cov_nat,2013,1.076
gtm,sex_f,age_aggregate_y55_64,geo_cov_nat,2016,0.631
gtm,sex_f,age_aggregate_y55_64,geo_cov_nat,2017,0.425
gtm,sex_f,age_aggregate_y55_64,geo_cov_nat,2019,0.928
gtm,sex_f,age_aggregate_y55_64,geo_cov_nat,2021,1.032
gtm,sex_f,age_aggregate_y55_64,geo_cov_nat,2023,8.268
gtm,sex_f,age_aggregate_y55_64,geo_cov_nat,2024,18.229
gtm,sex_f,age_aggregate_y55_64,geo_cov_rur,2023,6.214
gtm,sex_f,age_aggregate_y55_64,geo_cov_rur,2024,16.504
gtm,sex_f,age_aggregate_y55_64,geo_cov_urb,2013,1.777
gtm,sex_f,age_aggregate_y55_64,geo_cov_urb,2017,0.637
gtm,sex_f,age_aggregate_y55_64,geo_cov_urb,2021,1.945
gtm,sex_f,age_aggregate_y55_64,geo_cov_urb,2023,9.403
gtm,sex_f,age_aggregate_y55_64,geo_cov_urb,2024,19.024
gtm,sex_f,age_aggregate_yge65,geo_cov_nat,2011,6.164
gtm,sex_f,age_aggregate_yge65,geo_cov_nat,2023,12.583
gtm,sex_f,age_aggregate_yge65,geo_cov_nat,2024,24.878
gtm,sex_f,age_aggregate_yge65,geo_cov_rur,2023,6.797
gtm,sex_f,age_aggregate_yge65,geo_cov_rur,2024,16.461
gtm,sex_f,age_aggregate_yge65,geo_cov_urb,2023,16.092
gtm,sex_f,age_aggregate_yge65,geo_cov_urb,2024,28.103
gtm,sex_f,age_ythadult_y15_24,geo_cov_nat,2010,9.342
gtm,sex_f,age_ythadult_y15_24,geo_cov_nat,2011,15.147
gtm,sex_f,age_ythadult_y15_24,geo_cov_nat,2012,8.018
gtm,sex_f,age_ythadult_y15_24,geo_cov_nat,2013,7.403
gtm,sex_f,age_ythadult_y15_24,geo_cov_nat,2014,9.697
gtm,sex_f,age_ythadult_y15_24,geo_cov_nat,2015,10.423
gtm,sex_f,age_ythadult_y15_24,geo_cov_nat,2016,8.859
gtm,sex_f,age_ythadult_y15_24,geo_cov_nat,2017,8.341
gtm,sex_f,age_ythadult_y15_24,geo_cov_nat,2018,7.377
gtm,sex_f,age_ythadult_y15_24,geo_cov_nat,2019,6.256
gtm,sex_f,age_ythadult_y15_24,geo_cov_nat,2021,6.989
gtm,sex_f,age_ythadult_y15_24,geo_cov_nat,2023,21.192
gtm,sex_f,age_ythadult_y15_24,geo_cov_nat,2024,34.701
gtm,sex_f,age_ythadult_y15_24,geo_cov_rur,2010,6.59
gtm,sex_f,age_ythadult_y15_24,geo_cov_rur,2011,18.274
gtm,sex_f,age_ythadult_y15_24,geo_cov_rur,2012,5.609
gtm,sex_f,age_ythadult_y15_24,geo_cov_rur,2013,5.933
gtm,sex_f,age_ythadult_y15_24,geo_cov_rur,2014,5.925
gtm,sex_f,age_ythadult_y15_24,geo_cov_rur,2015,13.503
gtm,sex_f,age_ythadult_y15_24,geo_cov_rur,2016,7.375
gtm,sex_f,age_ythadult_y15_24,geo_cov_rur,2017,7.002
gtm,sex_f,age_ythadult_y15_24,geo_cov_rur,2018,4.11
gtm,sex_f,age_ythadult_y15_24,geo_cov_rur,2019,3.76
gtm,sex_f,age_ythadult_y15_24,geo_cov_rur,2021,4.431
gtm,sex_f,age_ythadult_y15_24,geo_cov_rur,2023,21.262
gtm,sex_f,age_ythadult_y15_24,geo_cov_rur,2024,35.967
gtm,sex_f,age_ythadult_y15_24,geo_cov_urb,2010,11.529
gtm,sex_f,age_ythadult_y15_24,geo_cov_urb,2011,11.639
gtm,sex_f,age_ythadult_y15_24,geo_cov_urb,2012,10.333
gtm,sex_f,age_ythadult_y15_24,geo_cov_urb,2013,8.63
gtm,sex_f,age_ythadult_y15_24,geo_cov_urb,2014,12.75
gtm,sex_f,age_ythadult_y15_24,geo_cov_urb,2015,8.896
gtm,sex_f,age_ythadult_y15_24,geo_cov_urb,2016,10.094
gtm,sex_f,age_ythadult_y15_24,geo_cov_urb,2017,9.347
gtm,sex_f,age_ythadult_y15_24,geo_cov_urb,2018,10.534
gtm,sex_f,age_ythadult_y15_24,geo_cov_urb,2019,8.771
gtm,sex_f,age_ythadult_y15_24,geo_cov_urb,2021,10.712
gtm,sex_f,age_ythadult_y15_24,geo_cov_urb,2023,21.131
gtm,sex_f,age_ythadult_y15_24,geo_cov_urb,2024,33.741
gtm,sex_f,age_ythadult_y15_64,geo_cov_nat,2010,5.081
gtm,sex_f,age_ythadult_y15_64,geo_cov_nat,2012,4.416
gtm,sex_f,age_ythadult_y15_64,geo_cov_nat,2013,4.445
gtm,sex_f,age_ythadult_y15_64,geo_cov_nat,2016,3.82
gtm,sex_f,age_ythadult_y15_64,geo_cov_nat,2017,3.844
gtm,sex_f,age_ythadult_y15_64,geo_cov_nat,2018,3.27
gtm,sex_f,age_ythadult_y15_64,geo_cov_nat,2019,3.352
gtm,sex_f,age_ythadult_y15_64,geo_cov_nat,2023,13.276
gtm,sex_f,age_ythadult_y15_64,geo_cov_nat,2024,24.445
gtm,sex_f,age_ythadult_y15_64,geo_cov_rur,2010,3.08
gtm,sex_f,age_ythadult_y15_64,geo_cov_rur,2017,3.213
gtm,sex_f,age_ythadult_y15_64,geo_cov_rur,2019,2.118
gtm,sex_f,age_ythadult_y15_64,geo_cov_rur,2023,13.294
gtm,sex_f,age_ythadult_y15_64,geo_cov_rur,2024,27.317
gtm,sex_f,age_ythadult_y15_64,geo_cov_urb,2010,6.298
gtm,sex_f,age_ythadult_y15_64,geo_cov_urb,2012,5.427
gtm,sex_f,age_ythadult_y15_64,geo_cov_urb,2013,4.306
gtm,sex_f,age_ythadult_y15_64,geo_cov_urb,2016,4.185
gtm,sex_f,age_ythadult_y15_64,geo_cov_urb,2017,4.198
gtm,sex_f,age_ythadult_y15_64,geo_cov_urb,2018,4.128
gtm,sex_f,age_ythadult_y15_64,geo_cov_urb,2019,4.23
gtm,sex_f,age_ythadult_y15_64,geo_cov_urb,2023,13.264
gtm,sex_f,age_ythadult_y15_64,geo_cov_urb,2024,22.572
gtm,sex_f,age_ythadult_yge15,geo_cov_nat,2010,4.873
gtm,sex_f,age_ythadult_yge15,geo_cov_nat,2011,7.569
gtm,sex_f,age_ythadult_yge15,geo_cov_nat,2012,4.296
gtm,sex_f,age_ythadult_yge15,geo_cov_nat,2013,4.351
gtm,sex_f,age_ythadult_yge15,geo_cov_nat,2014,3.949
gtm,sex_f,age_ythadult_yge15,geo_cov_nat,2015,3.89
gtm,sex_f,age_ythadult_yge15,geo_cov_nat,2016,3.684
gtm,sex_f,age_ythadult_yge15,geo_cov_nat,2017,3.712
gtm,sex_f,age_ythadult_yge15,geo_cov_nat,2018,3.135
gtm,sex_f,age_ythadult_yge15,geo_cov_nat,2019,3.229
gtm,sex_f,age_ythadult_yge15,geo_cov_nat,2021,3.4
gtm,sex_f,age_ythadult_yge15,geo_cov_nat,2023,13.245
gtm,sex_f,age_ythadult_yge15,geo_cov_nat,2024,24.465
gtm,sex_f,age_ythadult_yge15,geo_cov_rur,2010,2.966
gtm,sex_f,age_ythadult_yge15,geo_cov_rur,2011,10.499
gtm,sex_f,age_ythadult_yge15,geo_cov_rur,2012,2.996
gtm,sex_f,age_ythadult_yge15,geo_cov_rur,2013,4.478
gtm,sex_f,age_ythadult_yge15,geo_cov_rur,2014,2.713
gtm,sex_f,age_ythadult_yge15,geo_cov_rur,2015,4.405
gtm,sex_f,age_ythadult_yge15,geo_cov_rur,2016,3.116
gtm,sex_f,age_ythadult_yge15,geo_cov_rur,2017,3.091
gtm,sex_f,age_ythadult_yge15,geo_cov_rur,2018,1.984
gtm,sex_f,age_ythadult_yge15,geo_cov_rur,2019,2.035
gtm,sex_f,age_ythadult_yge15,geo_cov_rur,2021,2.044
gtm,sex_f,age_ythadult_yge15,geo_cov_rur,2023,13.023
gtm,sex_f,age_ythadult_yge15,geo_cov_rur,2024,26.947
gtm,sex_f,age_ythadult_yge15,geo_cov_urb,2010,6.025
gtm,sex_f,age_ythadult_yge15,geo_cov_urb,2011,5.227
gtm,sex_f,age_ythadult_yge15,geo_cov_urb,2012,5.279
gtm,sex_f,age_ythadult_yge15,geo_cov_urb,2013,4.263
gtm,sex_f,age_ythadult_yge15,geo_cov_urb,2014,4.643
gtm,sex_f,age_ythadult_yge15,geo_cov_urb,2015,3.687
gtm,sex_f,age_ythadult_yge15,geo_cov_urb,2016,4.028
gtm,sex_f,age_ythadult_yge15,geo_cov_urb,2017,4.058
gtm,sex_f,age_ythadult_yge15,geo_cov_urb,2018,3.952
gtm,sex_f,age_ythadult_yge15,geo_cov_urb,2019,4.078
gtm,sex_f,age_ythadult_yge15,geo_cov_urb,2021,4.839
gtm,sex_f,age_ythadult_yge15,geo_cov_urb,2023,13.396
gtm,sex_f,age_ythadult_yge15,geo_cov_urb,2024,22.885
gtm,sex_f,age_ythadult_yge25,geo_cov_nat,2010,3.317
gtm,sex_f,age_ythadult_yge25,geo_cov_nat,2011,4.409
gtm,sex_f,age_ythadult_yge25,geo_cov_nat,2012,2.87
gtm,sex_f,age_ythadult_yge25,geo_cov_nat,2013,3.277
gtm,sex_f,age_ythadult_yge25,geo_cov_nat,2014,1.97
gtm,sex_f,age_ythadult_yge25,geo_cov_nat,2015,1.686
gtm,sex_f,age_ythadult_yge25,geo_cov_nat,2016,1.829
gtm,sex_f,age_ythadult_yge25,geo_cov_nat,2017,2.215
gtm,sex_f,age_ythadult_yge25,geo_cov_nat,2018,1.617
gtm,sex_f,age_ythadult_yge25,geo_cov_nat,2019,2.213
gtm,sex_f,age_ythadult_yge25,geo_cov_nat,2021,2.271
gtm,sex_f,age_ythadult_yge25,geo_cov_nat,2023,10.545
gtm,sex_f,age_ythadult_yge25,geo_cov_nat,2024,20.845
gtm,sex_f,age_ythadult_yge25,geo_cov_rur,2010,1.386
gtm,sex_f,age_ythadult_yge25,geo_cov_rur,2011,6.307
gtm,sex_f,age_ythadult_yge25,geo_cov_rur,2012,1.791
gtm,sex_f,age_ythadult_yge25,geo_cov_rur,2013,3.888
gtm,sex_f,age_ythadult_yge25,geo_cov_rur,2014,1.212
gtm,sex_f,age_ythadult_yge25,geo_cov_rur,2015,0.575
gtm,sex_f,age_ythadult_yge25,geo_cov_rur,2016,1.131
gtm,sex_f,age_ythadult_yge25,geo_cov_rur,2017,1.477
gtm,sex_f,age_ythadult_yge25,geo_cov_rur,2018,1.022
gtm,sex_f,age_ythadult_yge25,geo_cov_rur,2019,1.284
gtm,sex_f,age_ythadult_yge25,geo_cov_rur,2021,1.135
gtm,sex_f,age_ythadult_yge25,geo_cov_rur,2023,9.602
gtm,sex_f,age_ythadult_yge25,geo_cov_rur,2024,23.267
gtm,sex_f,age_ythadult_yge25,geo_cov_urb,2010,4.374
gtm,sex_f,age_ythadult_yge25,geo_cov_urb,2011,3.095
gtm,sex_f,age_ythadult_yge25,geo_cov_urb,2012,3.612
gtm,sex_f,age_ythadult_yge25,geo_cov_urb,2013,2.88
gtm,sex_f,age_ythadult_yge25,geo_cov_urb,2014,2.343
gtm,sex_f,age_ythadult_yge25,geo_cov_urb,2015,2.087
gtm,sex_f,age_ythadult_yge25,geo_cov_urb,2016,2.204
gtm,sex_f,age_ythadult_yge25,geo_cov_urb,2017,2.589
gtm,sex_f,age_ythadult_yge25,geo_cov_urb,2018,1.995
gtm,sex_f,age_ythadult_yge25,geo_cov_urb,2019,2.799
gtm,sex_f,age_ythadult_yge25,geo_cov_urb,2021,3.362
gtm,sex_f,age_ythadult_yge25,geo_cov_urb,2023,11.13
gtm,sex_f,age_ythadult_yge25,geo_cov_urb,2024,19.397
gtm,sex_m,age_aggregate_total,geo_cov_nat,2010,3.891
gtm,sex_m,age_aggregate_total,geo_cov_nat,2011,3.336
gtm,sex_m,age_aggregate_total,geo_cov_nat,2012,2.671
gtm,sex_m,age_aggregate_total,geo_cov_nat,2013,3.086
gtm,sex_m,age_aggregate_total,geo_cov_nat,2014,2.699
gtm,sex_m,age_aggregate_total,geo_cov_nat,2015,2.162
gtm,sex_m,age_aggregate_total,geo_cov_nat,2016,2.444
gtm,sex_m,age_aggregate_total,geo_cov_nat,2017,2.064
gtm,sex_m,age_aggregate_total,geo_cov_nat,2018,2.237
gtm,sex_m,age_aggregate_total,geo_cov_nat,2019,1.991
gtm,sex_m,age_aggregate_total,geo_cov_nat,2021,1.995
gtm,sex_m,age_aggregate_total,geo_cov_nat,2023,3.967
gtm,sex_m,age_aggregate_total,geo_cov_nat,2024,6.593
gtm,sex_m,age_aggregate_total,geo_cov_rur,2010,2.715
gtm,sex_m,age_aggregate_total,geo_cov_rur,2011,3.149
gtm,sex_m,age_aggregate_total,geo_cov_rur,2012,1.386
gtm,sex_m,age_aggregate_total,geo_cov_rur,2013,1.952
gtm,sex_m,age_aggregate_total,geo_cov_rur,2014,1.427
gtm,sex_m,age_aggregate_total,geo_cov_rur,2015,0.974
gtm,sex_m,age_aggregate_total,geo_cov_rur,2016,1.537
gtm,sex_m,age_aggregate_total,geo_cov_rur,2017,1.238
gtm,sex_m,age_aggregate_total,geo_cov_rur,2018,1.16
gtm,sex_m,age_aggregate_total,geo_cov_rur,2019,1.274
gtm,sex_m,age_aggregate_total,geo_cov_rur,2021,1.033
gtm,sex_m,age_aggregate_total,geo_cov_rur,2023,1.906
gtm,sex_m,age_aggregate_total,geo_cov_rur,2024,4.716
gtm,sex_m,age_aggregate_total,geo_cov_urb,2010,5.125
gtm,sex_m,age_aggregate_total,geo_cov_urb,2011,3.569
gtm,sex_m,age_aggregate_total,geo_cov_urb,2012,4.034
gtm,sex_m,age_aggregate_total,geo_cov_urb,2013,4.257
gtm,sex_m,age_aggregate_total,geo_cov_urb,2014,3.995
gtm,sex_m,age_aggregate_total,geo_cov_urb,2015,2.928
gtm,sex_m,age_aggregate_total,geo_cov_urb,2016,3.38
gtm,sex_m,age_aggregate_total,geo_cov_urb,2017,2.918
gtm,sex_m,age_aggregate_total,geo_cov_urb,2018,3.57
gtm,sex_m,age_aggregate_total,geo_cov_urb,2019,2.765
gtm,sex_m,age_aggregate_total,geo_cov_urb,2021,3.43
gtm,sex_m,age_aggregate_total,geo_cov_urb,2023,5.654
gtm,sex_m,age_aggregate_total,geo_cov_urb,2024,8.011
gtm,sex_m,age_aggregate_y15_24,geo_cov_nat,2010,5.661
gtm,sex_m,age_aggregate_y15_24,geo_cov_nat,2011,5.396
gtm,sex_m,age_aggregate_y15_24,geo_cov_nat,2012,4.064
gtm,sex_m,age_aggregate_y15_24,geo_cov_nat,2013,6.185
gtm,sex_m,age_aggregate_y15_24,geo_cov_nat,2014,5.503
gtm,sex_m,age_aggregate_y15_24,geo_cov_nat,2015,4.126
gtm,sex_m,age_aggregate_y15_24,geo_cov_nat,2016,5.258
gtm,sex_m,age_aggregate_y15_24,geo_cov_nat,2017,3.976
gtm,sex_m,age_aggregate_y15_24,geo_cov_nat,2018,4.262
gtm,sex_m,age_aggregate_y15_24,geo_cov_nat,2019,4.398
gtm,sex_m,age_aggregate_y15_24,geo_cov_nat,2021,3.409
gtm,sex_m,age_aggregate_y15_24,geo_cov_nat,2023,8.28
gtm,sex_m,age_aggregate_y15_24,geo_cov_nat,2024,13.78
gtm,sex_m,age_aggregate_y15_24,geo_cov_rur,2010,3.61
gtm,sex_m,age_aggregate_y15_24,geo_cov_rur,2011,3.785
gtm,sex_m,age_aggregate_y15_24,geo_cov_rur,2012,1.674
gtm,sex_m,age_aggregate_y15_24,geo_cov_rur,2013,3.691
gtm,sex_m,age_aggregate_y15_24,geo_cov_rur,2014,2.975
gtm,sex_m,age_aggregate_y15_24,geo_cov_rur,2015,1.768
gtm,sex_m,age_aggregate_y15_24,geo_cov_rur,2016,3.424
gtm,sex_m,age_aggregate_y15_24,geo_cov_rur,2017,2.338
gtm,sex_m,age_aggregate_y15_24,geo_cov_rur,2018,2.152
gtm,sex_m,age_aggregate_y15_24,geo_cov_rur,2019,2.587
gtm,sex_m,age_aggregate_y15_24,geo_cov_rur,2021,1.827
gtm,sex_m,age_aggregate_y15_24,geo_cov_rur,2023,3.804
gtm,sex_m,age_aggregate_y15_24,geo_cov_rur,2024,9.929
gtm,sex_m,age_aggregate_y15_24,geo_cov_urb,2010,8.437
gtm,sex_m,age_aggregate_y15_24,geo_cov_urb,2011,8.063
gtm,sex_m,age_aggregate_y15_24,geo_cov_urb,2012,7.444
gtm,sex_m,age_aggregate_y15_24,geo_cov_urb,2013,9.2
gtm,sex_m,age_aggregate_y15_24,geo_cov_urb,2014,9.038
gtm,sex_m,age_aggregate_y15_24,geo_cov_urb,2015,6.012
gtm,sex_m,age_aggregate_y15_24,geo_cov_urb,2016,7.582
gtm,sex_m,age_aggregate_y15_24,geo_cov_urb,2017,6.222
gtm,sex_m,age_aggregate_y15_24,geo_cov_urb,2018,7.732
gtm,sex_m,age_aggregate_y15_24,geo_cov_urb,2019,6.86
gtm,sex_m,age_aggregate_y15_24,geo_cov_urb,2021,6.632
gtm,sex_m,age_aggregate_y15_24,geo_cov_urb,2023,12.674
gtm,sex_m,age_aggregate_y15_24,geo_cov_urb,2024,16.765
gtm,sex_m,age_aggregate_y25_54,geo_cov_nat,2010,3.289
gtm,sex_m,age_aggregate_y25_54,geo_cov_nat,2011,2.76
gtm,sex_m,age_aggregate_y25_54,geo_cov_nat,2012,2.352
gtm,sex_m,age_aggregate_y25_54,geo_cov_nat,2013,2.058
gtm,sex_m,age_aggregate_y25_54,geo_cov_nat,2014,1.861
gtm,sex_m,age_aggregate_y25_54,geo_cov_nat,2015,1.492
gtm,sex_m,age_aggregate_y25_54,geo_cov_nat,2016,1.454
gtm,sex_m,age_aggregate_y25_54,geo_cov_nat,2017,1.508
gtm,sex_m,age_aggregate_y25_54,geo_cov_nat,2018,1.614
gtm,sex_m,age_aggregate_y25_54,geo_cov_nat,2019,1.245
gtm,sex_m,age_aggregate_y25_54,geo_cov_nat,2021,1.747
gtm,sex_m,age_aggregate_y25_54,geo_cov_nat,2023,1.744
gtm,sex_m,age_aggregate_y25_54,geo_cov_nat,2024,2.71
gtm,sex_m,age_aggregate_y25_54,geo_cov_rur,2010,2.488
gtm,sex_m,age_aggregate_y25_54,geo_cov_rur,2011,3.329
gtm,sex_m,age_aggregate_y25_54,geo_cov_rur,2012,1.504
gtm,sex_m,age_aggregate_y25_54,geo_cov_rur,2013,1.282
gtm,sex_m,age_aggregate_y25_54,geo_cov_rur,2014,0.827
gtm,sex_m,age_aggregate_y25_54,geo_cov_rur,2015,0.712
gtm,sex_m,age_aggregate_y25_54,geo_cov_rur,2016,0.729
gtm,sex_m,age_aggregate_y25_54,geo_cov_rur,2017,0.826
gtm,sex_m,age_aggregate_y25_54,geo_cov_rur,2018,0.919
gtm,sex_m,age_aggregate_y25_54,geo_cov_rur,2019,0.847
gtm,sex_m,age_aggregate_y25_54,geo_cov_rur,2021,0.916
gtm,sex_m,age_aggregate_y25_54,geo_cov_rur,2023,0.904
gtm,sex_m,age_aggregate_y25_54,geo_cov_rur,2024,2.054
gtm,sex_m,age_aggregate_y25_54,geo_cov_urb,2010,4.019
gtm,sex_m,age_aggregate_y25_54,geo_cov_urb,2011,2.174
gtm,sex_m,age_aggregate_y25_54,geo_cov_urb,2012,3.104
gtm,sex_m,age_aggregate_y25_54,geo_cov_urb,2013,2.784
gtm,sex_m,age_aggregate_y25_54,geo_cov_urb,2014,2.761
gtm,sex_m,age_aggregate_y25_54,geo_cov_urb,2015,1.925
gtm,sex_m,age_aggregate_y25_54,geo_cov_urb,2016,2.119
gtm,sex_m,age_aggregate_y25_54,geo_cov_urb,2017,2.119
gtm,sex_m,age_aggregate_y25_54,geo_cov_urb,2018,2.353
gtm,sex_m,age_aggregate_y25_54,geo_cov_urb,2019,1.631
gtm,sex_m,age_aggregate_y25_54,geo_cov_urb,2021,2.827
gtm,sex_m,age_aggregate_y25_54,geo_cov_urb,2023,2.373
gtm,sex_m,age_aggregate_y25_54,geo_cov_urb,2024,3.191
gtm,sex_m,age_aggregate_y55_64,geo_cov_nat,2010,2.392
gtm,sex_m,age_aggregate_y55_64,geo_cov_nat,2011,1.692
gtm,sex_m,age_aggregate_y55_64,geo_cov_nat,2012,1.05
gtm,sex_m,age_aggregate_y55_64,geo_cov_nat,2013,0.659
gtm,sex_m,age_aggregate_y55_64,geo_cov_nat,2015,0.857
gtm,sex_m,age_aggregate_y55_64,geo_cov_nat,2016,0.867
gtm,sex_m,age_aggregate_y55_64,geo_cov_nat,2017,0.546
gtm,sex_m,age_aggregate_y55_64,geo_cov_nat,2018,1.056
gtm,sex_m,age_aggregate_y55_64,geo_cov_nat,2019,0.766
gtm,sex_m,age_aggregate_y55_64,geo_cov_nat,2021,0.651
gtm,sex_m,age_aggregate_y55_64,geo_cov_nat,2023,3.274
gtm,sex_m,age_aggregate_y55_64,geo_cov_nat,2024,6.036
gtm,sex_m,age_aggregate_y55_64,geo_cov_rur,2023,1.249
gtm,sex_m,age_aggregate_y55_64,geo_cov_rur,2024,5.054
gtm,sex_m,age_aggregate_y55_64,geo_cov_urb,2010,3.336
gtm,sex_m,age_aggregate_y55_64,geo_cov_urb,2012,2.119
gtm,sex_m,age_aggregate_y55_64,geo_cov_urb,2013,0.879
gtm,sex_m,age_aggregate_y55_64,geo_cov_urb,2015,1.412
gtm,sex_m,age_aggregate_y55_64,geo_cov_urb,2016,1.085
gtm,sex_m,age_aggregate_y55_64,geo_cov_urb,2017,0.795
gtm,sex_m,age_aggregate_y55_64,geo_cov_urb,2018,2.255
gtm,sex_m,age_aggregate_y55_64,geo_cov_urb,2019,1.439
gtm,sex_m,age_aggregate_y55_64,geo_cov_urb,2021,1.562
gtm,sex_m,age_aggregate_y55_64,geo_cov_urb,2023,4.657
gtm,sex_m,age_aggregate_y55_64,geo_cov_urb,2024,6.772
gtm,sex_m,age_aggregate_yge65,geo_cov_nat,2010,3.014
gtm,sex_m,age_aggregate_yge65,geo_cov_nat,2013,1.812
gtm,sex_m,age_aggregate_yge65,geo_cov_nat,2014,0.625
gtm,sex_m,age_aggregate_yge65,geo_cov_nat,2016,0.361
gtm,sex_m,age_aggregate_yge65,geo_cov_nat,2017,0.424
gtm,sex_m,age_aggregate_yge65,geo_cov_nat,2018,0.558
gtm,sex_m,age_aggregate_yge65,geo_cov_nat,2021,0.541
gtm,sex_m,age_aggregate_yge65,geo_cov_nat,2023,5.225
gtm,sex_m,age_aggregate_yge65,geo_cov_nat,2024,11.334
gtm,sex_m,age_aggregate_yge65,geo_cov_rur,2023,1.919
gtm,sex_m,age_aggregate_yge65,geo_cov_rur,2024,5.684
gtm,sex_m,age_aggregate_yge65,geo_cov_urb,2010,4.598
gtm,sex_m,age_aggregate_yge65,geo_cov_urb,2013,2.257
gtm,sex_m,age_aggregate_yge65,geo_cov_urb,2014,1.401
gtm,sex_m,age_aggregate_yge65,geo_cov_urb,2016,0.816
gtm,sex_m,age_aggregate_yge65,geo_cov_urb,2017,0.604
gtm,sex_m,age_aggregate_yge65,geo_cov_urb,2018,1.414
gtm,sex_m,age_aggregate_yge65,geo_cov_urb,2021,1.426
gtm,sex_m,age_aggregate_yge65,geo_cov_urb,2023,8.507
gtm,sex_m,age_aggregate_yge65,geo_cov_urb,2024,16.191
gtm,sex_m,age_ythadult_y15_24,geo_cov_nat,2010,5.661
gtm,sex_m,age_ythadult_y15_24,geo_cov_nat,2011,5.396
gtm,sex_m,age_ythadult_y15_24,geo_cov_nat,2012,4.064
gtm,sex_m,age_ythadult_y15_24,geo_cov_nat,2013,6.185
gtm,sex_m,age_ythadult_y15_24,geo_cov_nat,2014,5.503
gtm,sex_m,age_ythadult_y15_24,geo_cov_nat,2015,4.126
gtm,sex_m,age_ythadult_y15_24,geo_cov_nat,2016,5.258
gtm,sex_m,age_ythadult_y15_24,geo_cov_nat,2017,3.976
gtm,sex_m,age_ythadult_y15_24,geo_cov_nat,2018,4.262
gtm,sex_m,age_ythadult_y15_24,geo_cov_nat,2019,4.398
gtm,sex_m,age_ythadult_y15_24,geo_cov_nat,2021,3.409
gtm,sex_m,age_ythadult_y15_24,geo_cov_nat,2023,8.28
gtm,sex_m,age_ythadult_y15_24,geo_cov_nat,2024,13.78
gtm,sex_m,age_ythadult_y15_24,geo_cov_rur,2010,3.61
gtm,sex_m,age_ythadult_y15_24,geo_cov_rur,2011,3.785
gtm,sex_m,age_ythadult_y15_24,geo_cov_rur,2012,1.674
gtm,sex_m,age_ythadult_y15_24,geo_cov_rur,2013,3.691
gtm,sex_m,age_ythadult_y15_24,geo_cov_rur,2014,2.975
gtm,sex_m,age_ythadult_y15_24,geo_cov_rur,2015,1.768
gtm,sex_m,age_ythadult_y15_24,geo_cov_rur,2016,3.424
gtm,sex_m,age_ythadult_y15_24,geo_cov_rur,2017,2.338
gtm,sex_m,age_ythadult_y15_24,geo_cov_rur,2018,2.152
gtm,sex_m,age_ythadult_y15_24,geo_cov_rur,2019,2.587
gtm,sex_m,age_ythadult_y15_24,geo_cov_rur,2021,1.827
gtm,sex_m,age_ythadult_y15_24,geo_cov_rur,2023,3.804
gtm,sex_m,age_ythadult_y15_24,geo_cov_rur,2024,9.929
gtm,sex_m,age_ythadult_y15_24,geo_cov_urb,2010,8.437
gtm,sex_m,age_ythadult_y15_24,geo_cov_urb,2011,8.063
gtm,sex_m,age_ythadult_y15_24,geo_cov_urb,2012,7.444
gtm,sex_m,age_ythadult_y15_24,geo_cov_urb,2013,9.2
gtm,sex_m,age_ythadult_y15_24,geo_cov_urb,2014,9.038
gtm,sex_m,age_ythadult_y15_24,geo_cov_urb,2015,6.012
gtm,sex_m,age_ythadult_y15_24,geo_cov_urb,2016,7.582
gtm,sex_m,age_ythadult_y15_24,geo_cov_urb,2017,6.222
gtm,sex_m,age_ythadult_y15_24,geo_cov_urb,2018,7.732
gtm,sex_m,age_ythadult_y15_24,geo_cov_urb,2019,6.86
gtm,sex_m,age_ythadult_y15_24,geo_cov_urb,2021,6.632
gtm,sex_m,age_ythadult_y15_24,geo_cov_urb,2023,12.674
gtm,sex_m,age_ythadult_y15_24,geo_cov_urb,2024,16.765
gtm,sex_m,age_ythadult_y15_64,geo_cov_nat,2010,3.951
gtm,sex_m,age_ythadult_y15_64,geo_cov_nat,2012,2.777
gtm,sex_m,age_ythadult_y15_64,geo_cov_nat,2013,3.162
gtm,sex_m,age_ythadult_y15_64,geo_cov_nat,2016,2.577
gtm,sex_m,age_ythadult_y15_64,geo_cov_nat,2017,2.18
gtm,sex_m,age_ythadult_y15_64,geo_cov_nat,2018,2.355
gtm,sex_m,age_ythadult_y15_64,geo_cov_nat,2019,2.116
gtm,sex_m,age_ythadult_y15_64,geo_cov_nat,2023,3.866
gtm,sex_m,age_ythadult_y15_64,geo_cov_nat,2024,6.15
gtm,sex_m,age_ythadult_y15_64,geo_cov_rur,2010,2.79
gtm,sex_m,age_ythadult_y15_64,geo_cov_rur,2017,1.311
gtm,sex_m,age_ythadult_y15_64,geo_cov_rur,2019,1.339
gtm,sex_m,age_ythadult_y15_64,geo_cov_rur,2023,1.905
gtm,sex_m,age_ythadult_y15_64,geo_cov_rur,2024,4.618
gtm,sex_m,age_ythadult_y15_64,geo_cov_urb,2010,5.158
gtm,sex_m,age_ythadult_y15_64,geo_cov_urb,2012,4.178
gtm,sex_m,age_ythadult_y15_64,geo_cov_urb,2013,4.362
gtm,sex_m,age_ythadult_y15_64,geo_cov_urb,2016,3.525
gtm,sex_m,age_ythadult_y15_64,geo_cov_urb,2017,3.07
gtm,sex_m,age_ythadult_y15_64,geo_cov_urb,2018,3.702
gtm,sex_m,age_ythadult_y15_64,geo_cov_urb,2019,2.958
gtm,sex_m,age_ythadult_y15_64,geo_cov_urb,2023,5.446
gtm,sex_m,age_ythadult_y15_64,geo_cov_urb,2024,7.294
gtm,sex_m,age_ythadult_yge15,geo_cov_nat,2010,3.891
gtm,sex_m,age_ythadult_yge15,geo_cov_nat,2011,3.336
gtm,sex_m,age_ythadult_yge15,geo_cov_nat,2012,2.671
gtm,sex_m,age_ythadult_yge15,geo_cov_nat,2013,3.086
gtm,sex_m,age_ythadult_yge15,geo_cov_nat,2014,2.699
gtm,sex_m,age_ythadult_yge15,geo_cov_nat,2015,2.162
gtm,sex_m,age_ythadult_yge15,geo_cov_nat,2016,2.444
gtm,sex_m,age_ythadult_yge15,geo_cov_nat,2017,2.064
gtm,sex_m,age_ythadult_yge15,geo_cov_nat,2018,2.237
gtm,sex_m,age_ythadult_yge15,geo_cov_nat,2019,1.991
gtm,sex_m,age_ythadult_yge15,geo_cov_nat,2021,1.995
gtm,sex_m,age_ythadult_yge15,geo_cov_nat,2023,3.967
gtm,sex_m,age_ythadult_yge15,geo_cov_nat,2024,6.593
gtm,sex_m,age_ythadult_yge15,geo_cov_rur,2010,2.715
gtm,sex_m,age_ythadult_yge15,geo_cov_rur,2011,3.149
gtm,sex_m,age_ythadult_yge15,geo_cov_rur,2012,1.386
gtm,sex_m,age_ythadult_yge15,geo_cov_rur,2013,1.952
gtm,sex_m,age_ythadult_yge15,geo_cov_rur,2014,1.427
gtm,sex_m,age_ythadult_yge15,geo_cov_rur,2015,0.974
gtm,sex_m,age_ythadult_yge15,geo_cov_rur,2016,1.537
gtm,sex_m,age_ythadult_yge15,geo_cov_rur,2017,1.238
gtm,sex_m,age_ythadult_yge15,geo_cov_rur,2018,1.16
gtm,sex_m,age_ythadult_yge15,geo_cov_rur,2019,1.274
gtm,sex_m,age_ythadult_yge15,geo_cov_rur,2021,1.033
gtm,sex_m,age_ythadult_yge15,geo_cov_rur,2023,1.906
gtm,sex_m,age_ythadult_yge15,geo_cov_rur,2024,4.716
gtm,sex_m,age_ythadult_yge15,geo_cov_urb,2010,5.125
gtm,sex_m,age_ythadult_yge15,geo_cov_urb,2011,3.569
gtm,sex_m,age_ythadult_yge15,geo_cov_urb,2012,4.034
gtm,sex_m,age_ythadult_yge15,geo_cov_urb,2013,4.257
gtm,sex_m,age_ythadult_yge15,geo_cov_urb,2014,3.995
gtm,sex_m,age_ythadult_yge15,geo_cov_urb,2015,2.928
gtm,sex_m,age_ythadult_yge15,geo_cov_urb,2016,3.38
gtm,sex_m,age_ythadult_yge15,geo_cov_urb,2017,2.918
gtm,sex_m,age_ythadult_yge15,geo_cov_urb,2018,3.57
gtm,sex_m,age_ythadult_yge15,geo_cov_urb,2019,2.765
gtm,sex_m,age_ythadult_yge15,geo_cov_urb,2021,3.43
gtm,sex_m,age_ythadult_yge15,geo_cov_urb,2023,5.654
gtm,sex_m,age_ythadult_yge15,geo_cov_urb,2024,8.011
gtm,sex_m,age_ythadult_yge25,geo_cov_nat,2010,3.152
gtm,sex_m,age_ythadult_yge25,geo_cov_nat,2011,2.455
gtm,sex_m,age_ythadult_yge25,geo_cov_nat,2012,2.083
gtm,sex_m,age_ythadult_yge25,geo_cov_nat,2013,1.872
gtm,sex_m,age_ythadult_yge25,geo_cov_nat,2014,1.555
gtm,sex_m,age_ythadult_yge25,geo_cov_nat,2015,1.319
gtm,sex_m,age_ythadult_yge25,geo_cov_nat,2016,1.29
gtm,sex_m,age_ythadult_yge25,geo_cov_nat,2017,1.284
gtm,sex_m,age_ythadult_yge25,geo_cov_nat,2018,1.444
gtm,sex_m,age_ythadult_yge25,geo_cov_nat,2019,1.093
gtm,sex_m,age_ythadult_yge25,geo_cov_nat,2021,1.491
gtm,sex_m,age_ythadult_yge25,geo_cov_nat,2023,2.298
gtm,sex_m,age_ythadult_yge25,geo_cov_nat,2024,4.143
gtm,sex_m,age_ythadult_yge25,geo_cov_rur,2010,2.271
gtm,sex_m,age_ythadult_yge25,geo_cov_rur,2011,2.826
gtm,sex_m,age_ythadult_yge25,geo_cov_rur,2012,1.239
gtm,sex_m,age_ythadult_yge25,geo_cov_rur,2013,1.194
gtm,sex_m,age_ythadult_yge25,geo_cov_rur,2014,0.648
gtm,sex_m,age_ythadult_yge25,geo_cov_rur,2015,0.565
gtm,sex_m,age_ythadult_yge25,geo_cov_rur,2016,0.648
gtm,sex_m,age_ythadult_yge25,geo_cov_rur,2017,0.697
gtm,sex_m,age_ythadult_yge25,geo_cov_rur,2018,0.7
gtm,sex_m,age_ythadult_yge25,geo_cov_rur,2019,0.706
gtm,sex_m,age_ythadult_yge25,geo_cov_rur,2021,0.701
gtm,sex_m,age_ythadult_yge25,geo_cov_rur,2023,1.066
gtm,sex_m,age_ythadult_yge25,geo_cov_rur,2024,2.905
gtm,sex_m,age_ythadult_yge25,geo_cov_urb,2010,3.982
gtm,sex_m,age_ythadult_yge25,geo_cov_urb,2011,2.045
gtm,sex_m,age_ythadult_yge25,geo_cov_urb,2012,2.876
gtm,sex_m,age_ythadult_yge25,geo_cov_urb,2013,2.53
gtm,sex_m,age_ythadult_yge25,geo_cov_urb,2014,2.368
gtm,sex_m,age_ythadult_yge25,geo_cov_urb,2015,1.762
gtm,sex_m,age_ythadult_yge25,geo_cov_urb,2016,1.899
gtm,sex_m,age_ythadult_yge25,geo_cov_urb,2017,1.825
gtm,sex_m,age_ythadult_yge25,geo_cov_urb,2018,2.268
gtm,sex_m,age_ythadult_yge25,geo_cov_urb,2019,1.477
gtm,sex_m,age_ythadult_yge25,geo_cov_urb,2021,2.549
gtm,sex_m,age_ythadult_yge25,geo_cov_urb,2023,3.238
gtm,sex_m,age_ythadult_yge25,geo_cov_urb,2024,5.071
gtm,sex_t,age_aggregate_total,geo_cov_nat,2010,4.25
gtm,sex_t,age_aggregate_total,geo_cov_nat,2011,4.772
gtm,sex_t,age_aggregate_total,geo_cov_nat,2012,3.275
gtm,sex_t,age_aggregate_total,geo_cov_nat,2013,3.538
gtm,sex_t,age_aggregate_total,geo_cov_nat,2014,3.142
gtm,sex_t,age_aggregate_total,geo_cov_nat,2015,2.743
gtm,sex_t,age_aggregate_total,geo_cov_nat,2016,2.877
gtm,sex_t,age_aggregate_total,geo_cov_nat,2017,2.624
gtm,sex_t,age_aggregate_total,geo_cov_nat,2018,2.546
gtm,sex_t,age_aggregate_total,geo_cov_nat,2019,2.415
gtm,sex_t,age_aggregate_total,geo_cov_nat,2021,2.512
gtm,sex_t,age_aggregate_total,geo_cov_nat,2023,8.044
gtm,sex_t,age_aggregate_total,geo_cov_nat,2024,15.25
gtm,sex_t,age_aggregate_total,geo_cov_rur,2010,2.789
gtm,sex_t,age_aggregate_total,geo_cov_rur,2011,5.292
gtm,sex_t,age_aggregate_total,geo_cov_rur,2012,1.919
gtm,sex_t,age_aggregate_total,geo_cov_rur,2013,2.734
gtm,sex_t,age_aggregate_total,geo_cov_rur,2014,1.789
gtm,sex_t,age_aggregate_total,geo_cov_rur,2015,1.891
gtm,sex_t,age_aggregate_total,geo_cov_rur,2016,1.987
gtm,sex_t,age_aggregate_total,geo_cov_rur,2017,1.731
gtm,sex_t,age_aggregate_total,geo_cov_rur,2018,1.393
gtm,sex_t,age_aggregate_total,geo_cov_rur,2019,1.497
gtm,sex_t,age_aggregate_total,geo_cov_rur,2021,1.37
gtm,sex_t,age_aggregate_total,geo_cov_rur,2023,6.496
gtm,sex_t,age_aggregate_total,geo_cov_rur,2024,14.925
gtm,sex_t,age_aggregate_total,geo_cov_urb,2010,5.506
gtm,sex_t,age_aggregate_total,geo_cov_urb,2011,4.216
gtm,sex_t,age_aggregate_total,geo_cov_urb,2012,4.544
gtm,sex_t,age_aggregate_total,geo_cov_urb,2013,4.259
gtm,sex_t,age_aggregate_total,geo_cov_urb,2014,4.264
gtm,sex_t,age_aggregate_total,geo_cov_urb,2015,3.212
gtm,sex_t,age_aggregate_total,geo_cov_urb,2016,3.642
gtm,sex_t,age_aggregate_total,geo_cov_urb,2017,3.376
gtm,sex_t,age_aggregate_total,geo_cov_urb,2018,3.726
gtm,sex_t,age_aggregate_total,geo_cov_urb,2019,3.273
gtm,sex_t,age_aggregate_total,geo_cov_urb,2021,4.011
gtm,sex_t,age_aggregate_total,geo_cov_urb,2023,9.21
gtm,sex_t,age_aggregate_total,geo_cov_urb,2024,15.475
gtm,sex_t,age_aggregate_y15_24,geo_cov_nat,2010,6.895
gtm,sex_t,age_aggregate_y15_24,geo_cov_nat,2011,8.664
gtm,sex_t,age_aggregate_y15_24,geo_cov_nat,2012,5.471
gtm,sex_t,age_aggregate_y15_24,geo_cov_nat,2013,6.598
gtm,sex_t,age_aggregate_y15_24,geo_cov_nat,2014,6.874
gtm,sex_t,age_aggregate_y15_24,geo_cov_nat,2015,6.008
gtm,sex_t,age_aggregate_y15_24,geo_cov_nat,2016,6.436
gtm,sex_t,age_aggregate_y15_24,geo_cov_nat,2017,5.296
gtm,sex_t,age_aggregate_y15_24,geo_cov_nat,2018,5.289
gtm,sex_t,age_aggregate_y15_24,geo_cov_nat,2019,5.001
gtm,sex_t,age_aggregate_y15_24,geo_cov_nat,2021,4.647
gtm,sex_t,age_aggregate_y15_24,geo_cov_nat,2023,13.652
gtm,sex_t,age_aggregate_y15_24,geo_cov_nat,2024,24.056
gtm,sex_t,age_aggregate_y15_24,geo_cov_rur,2010,4.444
gtm,sex_t,age_aggregate_y15_24,geo_cov_rur,2011,8.124
gtm,sex_t,age_aggregate_y15_24,geo_cov_rur,2012,2.917
gtm,sex_t,age_aggregate_y15_24,geo_cov_rur,2013,4.362
gtm,sex_t,age_aggregate_y15_24,geo_cov_rur,2014,3.776
gtm,sex_t,age_aggregate_y15_24,geo_cov_rur,2015,4.598
gtm,sex_t,age_aggregate_y15_24,geo_cov_rur,2016,4.544
gtm,sex_t,age_aggregate_y15_24,geo_cov_rur,2017,3.473
gtm,sex_t,age_aggregate_y15_24,geo_cov_rur,2018,2.7
gtm,sex_t,age_aggregate_y15_24,geo_cov_rur,2019,2.933
gtm,sex_t,age_aggregate_y15_24,geo_cov_rur,2021,2.656
gtm,sex_t,age_aggregate_y15_24,geo_cov_rur,2023,10.822
gtm,sex_t,age_aggregate_y15_24,geo_cov_rur,2024,22.641
gtm,sex_t,age_aggregate_y15_24,geo_cov_urb,2010,9.668
gtm,sex_t,age_aggregate_y15_24,geo_cov_urb,2011,9.446
gtm,sex_t,age_aggregate_y15_24,geo_cov_urb,2012,8.613
gtm,sex_t,age_aggregate_y15_24,geo_cov_urb,2013,8.982
gtm,sex_t,age_aggregate_y15_24,geo_cov_urb,2014,10.492
gtm,sex_t,age_aggregate_y15_24,geo_cov_urb,2015,6.99
gtm,sex_t,age_aggregate_y15_24,geo_cov_urb,2016,8.526
gtm,sex_t,age_aggregate_y15_24,geo_cov_urb,2017,7.378
gtm,sex_t,age_aggregate_y15_24,geo_cov_urb,2018,8.848
gtm,sex_t,age_aggregate_y15_24,geo_cov_urb,2019,7.55
gtm,sex_t,age_aggregate_y15_24,geo_cov_urb,2021,8.246
gtm,sex_t,age_aggregate_y15_24,geo_cov_urb,2023,16.304
gtm,sex_t,age_aggregate_y15_24,geo_cov_urb,2024,25.141
gtm,sex_t,age_aggregate_y25_54,geo_cov_nat,2010,3.429
gtm,sex_t,age_aggregate_y25_54,geo_cov_nat,2011,3.501
gtm,sex_t,age_aggregate_y25_54,geo_cov_nat,2012,2.671
gtm,sex_t,age_aggregate_y25_54,geo_cov_nat,2013,2.646
gtm,sex_t,age_aggregate_y25_54,geo_cov_nat,2014,1.992
gtm,sex_t,age_aggregate_y25_54,geo_cov_nat,2015,1.646
gtm,sex_t,age_aggregate_y25_54,geo_cov_nat,2016,1.682
gtm,sex_t,age_aggregate_y25_54,geo_cov_nat,2017,1.894
gtm,sex_t,age_aggregate_y25_54,geo_cov_nat,2018,1.714
gtm,sex_t,age_aggregate_y25_54,geo_cov_nat,2019,1.705
gtm,sex_t,age_aggregate_y25_54,geo_cov_nat,2021,2.059
gtm,sex_t,age_aggregate_y25_54,geo_cov_nat,2023,5.915
gtm,sex_t,age_aggregate_y25_54,geo_cov_nat,2024,11.869
gtm,sex_t,age_aggregate_y25_54,geo_cov_rur,2010,2.186
gtm,sex_t,age_aggregate_y25_54,geo_cov_rur,2011,4.401
gtm,sex_t,age_aggregate_y25_54,geo_cov_rur,2012,1.579
gtm,sex_t,age_aggregate_y25_54,geo_cov_rur,2013,2.368
gtm,sex_t,age_aggregate_y25_54,geo_cov_rur,2014,0.962
gtm,sex_t,age_aggregate_y25_54,geo_cov_rur,2015,0.699
gtm,sex_t,age_aggregate_y25_54,geo_cov_rur,2016,0.886
gtm,sex_t,age_aggregate_y25_54,geo_cov_rur,2017,1.102
gtm,sex_t,age_aggregate_y25_54,geo_cov_rur,2018,0.991
gtm,sex_t,age_aggregate_y25_54,geo_cov_rur,2019,1.007
gtm,sex_t,age_aggregate_y25_54,geo_cov_rur,2021,1.068
gtm,sex_t,age_aggregate_y25_54,geo_cov_rur,2023,5.006
gtm,sex_t,age_aggregate_y25_54,geo_cov_rur,2024,12.865
gtm,sex_t,age_aggregate_y25_54,geo_cov_urb,2010,4.377
gtm,sex_t,age_aggregate_y25_54,geo_cov_urb,2011,2.692
gtm,sex_t,age_aggregate_y25_54,geo_cov_urb,2012,3.541
gtm,sex_t,age_aggregate_y25_54,geo_cov_urb,2013,2.873
gtm,sex_t,age_aggregate_y25_54,geo_cov_urb,2014,2.715
gtm,sex_t,age_aggregate_y25_54,geo_cov_urb,2015,2.1
gtm,sex_t,age_aggregate_y25_54,geo_cov_urb,2016,2.283
gtm,sex_t,age_aggregate_y25_54,geo_cov_urb,2017,2.473
gtm,sex_t,age_aggregate_y25_54,geo_cov_urb,2018,2.35
gtm,sex_t,age_aggregate_y25_54,geo_cov_urb,2019,2.285
gtm,sex_t,age_aggregate_y25_54,geo_cov_urb,2021,3.213
gtm,sex_t,age_aggregate_y25_54,geo_cov_urb,2023,6.543
gtm,sex_t,age_aggregate_y25_54,geo_cov_urb,2024,11.187
gtm,sex_t,age_aggregate_y55_64,geo_cov_nat,2010,2.379
gtm,sex_t,age_aggregate_y55_64,geo_cov_nat,2011,1.193
gtm,sex_t,age_aggregate_y55_64,geo_cov_nat,2012,1.258
gtm,sex_t,age_aggregate_y55_64,geo_cov_nat,2013,0.791
gtm,sex_t,age_aggregate_y55_64,geo_cov_nat,2015,0.631
gtm,sex_t,age_aggregate_y55_64,geo_cov_nat,2016,0.796
gtm,sex_t,age_aggregate_y55_64,geo_cov_nat,2017,0.508
gtm,sex_t,age_aggregate_y55_64,geo_cov_nat,2018,0.837
gtm,sex_t,age_aggregate_y55_64,geo_cov_nat,2019,0.816
gtm,sex_t,age_aggregate_y55_64,geo_cov_nat,2021,0.773
gtm,sex_t,age_aggregate_y55_64,geo_cov_nat,2023,5.412
gtm,sex_t,age_aggregate_y55_64,geo_cov_nat,2024,11.471
gtm,sex_t,age_aggregate_y55_64,geo_cov_rur,2016,0.654
gtm,sex_t,age_aggregate_y55_64,geo_cov_rur,2023,3.218
gtm,sex_t,age_aggregate_y55_64,geo_cov_rur,2024,9.312
gtm,sex_t,age_aggregate_y55_64,geo_cov_urb,2010,3.272
gtm,sex_t,age_aggregate_y55_64,geo_cov_urb,2012,1.536
gtm,sex_t,age_aggregate_y55_64,geo_cov_urb,2013,1.208
gtm,sex_t,age_aggregate_y55_64,geo_cov_urb,2015,0.975
gtm,sex_t,age_aggregate_y55_64,geo_cov_urb,2016,0.911
gtm,sex_t,age_aggregate_y55_64,geo_cov_urb,2017,0.737
gtm,sex_t,age_aggregate_y55_64,geo_cov_urb,2018,1.522
gtm,sex_t,age_aggregate_y55_64,geo_cov_urb,2019,1.152
gtm,sex_t,age_aggregate_y55_64,geo_cov_urb,2021,1.706
gtm,sex_t,age_aggregate_y55_64,geo_cov_urb,2023,6.784
gtm,sex_t,age_aggregate_y55_64,geo_cov_urb,2024,12.783
gtm,sex_t,age_aggregate_yge65,geo_cov_nat,2010,2.196
gtm,sex_t,age_aggregate_yge65,geo_cov_nat,2011,1.616
gtm,sex_t,age_aggregate_yge65,geo_cov_nat,2013,1.792
gtm,sex_t,age_aggregate_yge65,geo_cov_nat,2014,0.849
gtm,sex_t,age_aggregate_yge65,geo_cov_nat,2015,0.449
gtm,sex_t,age_aggregate_yge65,geo_cov_nat,2016,0.31
gtm,sex_t,age_aggregate_yge65,geo_cov_nat,2017,0.47
gtm,sex_t,age_aggregate_yge65,geo_cov_nat,2018,0.419
gtm,sex_t,age_aggregate_yge65,geo_cov_nat,2021,0.503
gtm,sex_t,age_aggregate_yge65,geo_cov_nat,2023,7.577
gtm,sex_t,age_aggregate_yge65,geo_cov_nat,2024,16.003
gtm,sex_t,age_aggregate_yge65,geo_cov_rur,2011,2.154
gtm,sex_t,age_aggregate_yge65,geo_cov_rur,2023,3.199
gtm,sex_t,age_aggregate_yge65,geo_cov_rur,2024,8.267
gtm,sex_t,age_aggregate_yge65,geo_cov_urb,2010,2.998
gtm,sex_t,age_aggregate_yge65,geo_cov_urb,2013,2.495
gtm,sex_t,age_aggregate_yge65,geo_cov_urb,2014,1.269
gtm,sex_t,age_aggregate_yge65,geo_cov_urb,2015,0.661
gtm,sex_t,age_aggregate_yge65,geo_cov_urb,2016,0.622
gtm,sex_t,age_aggregate_yge65,geo_cov_urb,2017,0.705
gtm,sex_t,age_aggregate_yge65,geo_cov_urb,2018,0.941
gtm,sex_t,age_aggregate_yge65,geo_cov_urb,2021,1.186
gtm,sex_t,age_aggregate_yge65,geo_cov_urb,2023,11.3
gtm,sex_t,age_aggregate_yge65,geo_cov_urb,2024,21.126
gtm,sex_t,age_ythadult_y15_24,geo_cov_nat,2010,6.895
gtm,sex_t,age_ythadult_y15_24,geo_cov_nat,2011,8.664
gtm,sex_t,age_ythadult_y15_24,geo_cov_nat,2012,5.471
gtm,sex_t,age_ythadult_y15_24,geo_cov_nat,2013,6.598
gtm,sex_t,age_ythadult_y15_24,geo_cov_nat,2014,6.874
gtm,sex_t,age_ythadult_y15_24,geo_cov_nat,2015,6.008
gtm,sex_t,age_ythadult_y15_24,geo_cov_nat,2016,6.436
gtm,sex_t,age_ythadult_y15_24,geo_cov_nat,2017,5.296
gtm,sex_t,age_ythadult_y15_24,geo_cov_nat,2018,5.289
gtm,sex_t,age_ythadult_y15_24,geo_cov_nat,2019,5.001
gtm,sex_t,age_ythadult_y15_24,geo_cov_nat,2021,4.647
gtm,sex_t,age_ythadult_y15_24,geo_cov_nat,2023,13.652
gtm,sex_t,age_ythadult_y15_24,geo_cov_nat,2024,24.056
gtm,sex_t,age_ythadult_y15_24,geo_cov_rur,2010,4.444
gtm,sex_t,age_ythadult_y15_24,geo_cov_rur,2011,8.124
gtm,sex_t,age_ythadult_y15_24,geo_cov_rur,2012,2.917
gtm,sex_t,age_ythadult_y15_24,geo_cov_rur,2013,4.362
gtm,sex_t,age_ythadult_y15_24,geo_cov_rur,2014,3.776
gtm,sex_t,age_ythadult_y15_24,geo_cov_rur,2015,4.598
gtm,sex_t,age_ythadult_y15_24,geo_cov_rur,2016,4.544
gtm,sex_t,age_ythadult_y15_24,geo_cov_rur,2017,3.473
gtm,sex_t,age_ythadult_y15_24,geo_cov_rur,2018,2.7
gtm,sex_t,age_ythadult_y15_24,geo_cov_rur,2019,2.933
gtm,sex_t,age_ythadult_y15_24,geo_cov_rur,2021,2.656
gtm,sex_t,age_ythadult_y15_24,geo_cov_rur,2023,10.822
gtm,sex_t,age_ythadult_y15_24,geo_cov_rur,2024,22.641
gtm,sex_t,age_ythadult_y15_24,geo_cov_urb,2010,9.668
gtm,sex_t,age_ythadult_y15_24,geo_cov_urb,2011,9.446
gtm,sex_t,age_ythadult_y15_24,geo_cov_urb,2012,8.613
gtm,sex_t,age_ythadult_y15_24,geo_cov_urb,2013,8.982
gtm,sex_t,age_ythadult_y15_24,geo_cov_urb,2014,10.492
gtm,sex_t,age_ythadult_y15_24,geo_cov_urb,2015,6.99
gtm,sex_t,age_ythadult_y15_24,geo_cov_urb,2016,8.526
gtm,sex_t,age_ythadult_y15_24,geo_cov_urb,2017,7.378
gtm,sex_t,age_ythadult_y15_24,geo_cov_urb,2018,8.848
gtm,sex_t,age_ythadult_y15_24,geo_cov_urb,2019,7.55
gtm,sex_t,age_ythadult_y15_24,geo_cov_urb,2021,8.246
gtm,sex_t,age_ythadult_y15_24,geo_cov_urb,2023,16.304
gtm,sex_t,age_ythadult_y15_24,geo_cov_urb,2024,25.141
gtm,sex_t,age_ythadult_y15_64,geo_cov_nat,2010,4.37
gtm,sex_t,age_ythadult_y15_64,geo_cov_nat,2012,3.402
gtm,sex_t,age_ythadult_y15_64,geo_cov_nat,2013,3.627
gtm,sex_t,age_ythadult_y15_64,geo_cov_nat,2016,3.017
gtm,sex_t,age_ythadult_y15_64,geo_cov_nat,2017,2.755
gtm,sex_t,age_ythadult_y15_64,geo_cov_nat,2018,2.676
gtm,sex_t,age_ythadult_y15_64,geo_cov_nat,2019,2.547
gtm,sex_t,age_ythadult_y15_64,geo_cov_nat,2023,8.074
gtm,sex_t,age_ythadult_y15_64,geo_cov_nat,2024,15.195
gtm,sex_t,age_ythadult_y15_64,geo_cov_rur,2010,2.878
gtm,sex_t,age_ythadult_y15_64,geo_cov_rur,2017,1.83
gtm,sex_t,age_ythadult_y15_64,geo_cov_rur,2019,1.572
gtm,sex_t,age_ythadult_y15_64,geo_cov_rur,2023,6.728
gtm,sex_t,age_ythadult_y15_64,geo_cov_rur,2024,15.39
gtm,sex_t,age_ythadult_y15_64,geo_cov_urb,2010,5.645
gtm,sex_t,age_ythadult_y15_64,geo_cov_urb,2012,4.699
gtm,sex_t,age_ythadult_y15_64,geo_cov_urb,2013,4.34
gtm,sex_t,age_ythadult_y15_64,geo_cov_urb,2016,3.794
gtm,sex_t,age_ythadult_y15_64,geo_cov_urb,2017,3.528
gtm,sex_t,age_ythadult_y15_64,geo_cov_urb,2018,3.877
gtm,sex_t,age_ythadult_y15_64,geo_cov_urb,2019,3.46
gtm,sex_t,age_ythadult_y15_64,geo_cov_urb,2023,9.081
gtm,sex_t,age_ythadult_y15_64,geo_cov_urb,2024,15.059
gtm,sex_t,age_ythadult_yge15,geo_cov_nat,2010,4.25
gtm,sex_t,age_ythadult_yge15,geo_cov_nat,2011,4.772
gtm,sex_t,age_ythadult_yge15,geo_cov_nat,2012,3.275
gtm,sex_t,age_ythadult_yge15,geo_cov_nat,2013,3.538
gtm,sex_t,age_ythadult_yge15,geo_cov_nat,2014,3.142
gtm,sex_t,age_ythadult_yge15,geo_cov_nat,2015,2.743
gtm,sex_t,age_ythadult_yge15,geo_cov_nat,2016,2.877
gtm,sex_t,age_ythadult_yge15,geo_cov_nat,2017,2.624
gtm,sex_t,age_ythadult_yge15,geo_cov_nat,2018,2.546
gtm,sex_t,age_ythadult_yge15,geo_cov_nat,2019,2.415
gtm,sex_t,age_ythadult_yge15,geo_cov_nat,2021,2.512
gtm,sex_t,age_ythadult_yge15,geo_cov_nat,2023,8.044
gtm,sex_t,age_ythadult_yge15,geo_cov_nat,2024,15.25
gtm,sex_t,age_ythadult_yge15,geo_cov_rur,2010,2.789
gtm,sex_t,age_ythadult_yge15,geo_cov_rur,2011,5.292
gtm,sex_t,age_ythadult_yge15,geo_cov_rur,2012,1.919
gtm,sex_t,age_ythadult_yge15,geo_cov_rur,2013,2.734
gtm,sex_t,age_ythadult_yge15,geo_cov_rur,2014,1.789
gtm,sex_t,age_ythadult_yge15,geo_cov_rur,2015,1.891
gtm,sex_t,age_ythadult_yge15,geo_cov_rur,2016,1.987
gtm,sex_t,age_ythadult_yge15,geo_cov_rur,2017,1.731
gtm,sex_t,age_ythadult_yge15,geo_cov_rur,2018,1.393
gtm,sex_t,age_ythadult_yge15,geo_cov_rur,2019,1.497
gtm,sex_t,age_ythadult_yge15,geo_cov_rur,2021,1.37
gtm,sex_t,age_ythadult_yge15,geo_cov_rur,2023,6.496
gtm,sex_t,age_ythadult_yge15,geo_cov_rur,2024,14.925
gtm,sex_t,age_ythadult_yge15,geo_cov_urb,2010,5.506
gtm,sex_t,age_ythadult_yge15,geo_cov_urb,2011,4.216
gtm,sex_t,age_ythadult_yge15,geo_cov_urb,2012,4.544
gtm,sex_t,age_ythadult_yge15,geo_cov_urb,2013,4.259
gtm,sex_t,age_ythadult_yge15,geo_cov_urb,2014,4.264
gtm,sex_t,age_ythadult_yge15,geo_cov_urb,2015,3.212
gtm,sex_t,age_ythadult_yge15,geo_cov_urb,2016,3.642
gtm,sex_t,age_ythadult_yge15,geo_cov_urb,2017,3.376
gtm,sex_t,age_ythadult_yge15,geo_cov_urb,2018,3.726
gtm,sex_t,age_ythadult_yge15,geo_cov_urb,2019,3.273
gtm,sex_t,age_ythadult_yge15,geo_cov_urb,2021,4.011
gtm,sex_t,age_ythadult_yge15,geo_cov_urb,2023,9.21
gtm,sex_t,age_ythadult_yge15,geo_cov_urb,2024,15.475
gtm,sex_t,age_ythadult_yge25,geo_cov_nat,2010,3.214
gtm,sex_t,age_ythadult_yge25,geo_cov_nat,2011,3.121
gtm,sex_t,age_ythadult_yge25,geo_cov_nat,2012,2.38
gtm,sex_t,age_ythadult_yge25,geo_cov_nat,2013,2.383
gtm,sex_t,age_ythadult_yge25,geo_cov_nat,2014,1.707
gtm,sex_t,age_ythadult_yge25,geo_cov_nat,2015,1.448
gtm,sex_t,age_ythadult_yge25,geo_cov_nat,2016,1.482
gtm,sex_t,age_ythadult_yge25,geo_cov_nat,2017,1.613
gtm,sex_t,age_ythadult_yge25,geo_cov_nat,2018,1.504
gtm,sex_t,age_ythadult_yge25,geo_cov_nat,2019,1.483
gtm,sex_t,age_ythadult_yge25,geo_cov_nat,2021,1.783
gtm,sex_t,age_ythadult_yge25,geo_cov_nat,2023,5.992
gtm,sex_t,age_ythadult_yge25,geo_cov_nat,2024,12.193
gtm,sex_t,age_ythadult_yge25,geo_cov_rur,2010,2
gtm,sex_t,age_ythadult_yge25,geo_cov_rur,2011,3.827
gtm,sex_t,age_ythadult_yge25,geo_cov_rur,2012,1.426
gtm,sex_t,age_ythadult_yge25,geo_cov_rur,2013,2.04
gtm,sex_t,age_ythadult_yge25,geo_cov_rur,2014,0.81
gtm,sex_t,age_ythadult_yge25,geo_cov_rur,2015,0.568
gtm,sex_t,age_ythadult_yge25,geo_cov_rur,2016,0.786
gtm,sex_t,age_ythadult_yge25,geo_cov_rur,2017,0.913
gtm,sex_t,age_ythadult_yge25,geo_cov_rur,2018,0.791
gtm,sex_t,age_ythadult_yge25,geo_cov_rur,2019,0.875
gtm,sex_t,age_ythadult_yge25,geo_cov_rur,2021,0.848
gtm,sex_t,age_ythadult_yge25,geo_cov_rur,2023,4.63
gtm,sex_t,age_ythadult_yge25,geo_cov_rur,2024,12.035
gtm,sex_t,age_ythadult_yge25,geo_cov_urb,2010,4.152
gtm,sex_t,age_ythadult_yge25,geo_cov_urb,2011,2.456
gtm,sex_t,age_ythadult_yge25,geo_cov_urb,2012,3.179
gtm,sex_t,age_ythadult_yge25,geo_cov_urb,2013,2.672
gtm,sex_t,age_ythadult_yge25,geo_cov_urb,2014,2.357
gtm,sex_t,age_ythadult_yge25,geo_cov_urb,2015,1.888
gtm,sex_t,age_ythadult_yge25,geo_cov_urb,2016,2.025
gtm,sex_t,age_ythadult_yge25,geo_cov_urb,2017,2.139
gtm,sex_t,age_ythadult_yge25,geo_cov_urb,2018,2.156
gtm,sex_t,age_ythadult_yge25,geo_cov_urb,2019,1.998
gtm,sex_t,age_ythadult_yge25,geo_cov_urb,2021,2.888
gtm,sex_t,age_ythadult_yge25,geo_cov_urb,2023,6.939
gtm,sex_t,age_ythadult_yge25,geo_cov_urb,2024,12.3
guy,sex_f,age_aggregate_total,geo_cov_nat,2018,32.364
guy,sex_f,age_aggregate_total,geo_cov_nat,2019,29.156
guy,sex_f,age_aggregate_total,geo_cov_rur,2018,32.689
guy,sex_f,age_aggregate_total,geo_cov_rur,2019,29.692
guy,sex_f,age_aggregate_total,geo_cov_urb,2018,31.681
guy,sex_f,age_aggregate_total,geo_cov_urb,2019,27.99
guy,sex_f,age_aggregate_y15_24,geo_cov_nat,2018,49.813
guy,sex_f,age_aggregate_y15_24,geo_cov_nat,2019,48.795
guy,sex_f,age_aggregate_y15_24,geo_cov_rur,2018,49.515
guy,sex_f,age_aggregate_y15_24,geo_cov_rur,2019,49.185
guy,sex_f,age_aggregate_y15_24,geo_cov_urb,2018,50.535
guy,sex_f,age_aggregate_y15_24,geo_cov_urb,2019,47.86
guy,sex_f,age_aggregate_y25_54,geo_cov_nat,2018,26.961
guy,sex_f,age_aggregate_y25_54,geo_cov_nat,2019,23.646
guy,sex_f,age_aggregate_y25_54,geo_cov_rur,2018,27.444
guy,sex_f,age_aggregate_y25_54,geo_cov_rur,2019,23.951
guy,sex_f,age_aggregate_y25_54,geo_cov_urb,2018,25.95
guy,sex_f,age_aggregate_y25_54,geo_cov_urb,2019,22.986
guy,sex_f,age_aggregate_y55_64,geo_cov_nat,2018,22.738
guy,sex_f,age_aggregate_y55_64,geo_cov_nat,2019,15.974
guy,sex_f,age_aggregate_y55_64,geo_cov_rur,2018,22.662
guy,sex_f,age_aggregate_y55_64,geo_cov_rur,2019,16.711
guy,sex_f,age_aggregate_y55_64,geo_cov_urb,2018,22.868
guy,sex_f,age_aggregate_y55_64,geo_cov_urb,2019,14.666
guy,sex_f,age_aggregate_yge65,geo_cov_nat,2018,21.797
guy,sex_f,age_aggregate_yge65,geo_cov_nat,2019,14.595
guy,sex_f,age_aggregate_yge65,geo_cov_rur,2018,14.242
guy,sex_f,age_aggregate_yge65,geo_cov_rur,2019,12.505
guy,sex_f,age_aggregate_yge65,geo_cov_urb,2018,33.554
guy,sex_f,age_aggregate_yge65,geo_cov_urb,2019,19.113
guy,sex_f,age_ythadult_y15_24,geo_cov_nat,2018,49.813
guy,sex_f,age_ythadult_y15_24,geo_cov_nat,2019,48.795
guy,sex_f,age_ythadult_y15_24,geo_cov_rur,2018,49.515
guy,sex_f,age_ythadult_y15_24,geo_cov_rur,2019,49.185
guy,sex_f,age_ythadult_y15_24,geo_cov_urb,2018,50.535
guy,sex_f,age_ythadult_y15_24,geo_cov_urb,2019,47.86
guy,sex_f,age_ythadult_y15_64,geo_cov_nat,2018,32.669
guy,sex_f,age_ythadult_y15_64,geo_cov_nat,2019,29.594
guy,sex_f,age_ythadult_y15_64,geo_cov_rur,2018,33.165
guy,sex_f,age_ythadult_y15_64,geo_cov_rur,2019,30.208
guy,sex_f,age_ythadult_y15_64,geo_cov_urb,2018,31.615
guy,sex_f,age_ythadult_y15_64,geo_cov_urb,2019,28.258
guy,sex_f,age_ythadult_yge15,geo_cov_nat,2018,32.364
guy,sex_f,age_ythadult_yge15,geo_cov_nat,2019,29.156
guy,sex_f,age_ythadult_yge15,geo_cov_rur,2018,32.689
guy,sex_f,age_ythadult_yge15,geo_cov_rur,2019,29.692
guy,sex_f,age_ythadult_yge15,geo_cov_urb,2018,31.681
guy,sex_f,age_ythadult_yge15,geo_cov_urb,2019,27.99
guy,sex_f,age_ythadult_yge25,geo_cov_nat,2018,26.225
guy,sex_f,age_ythadult_yge25,geo_cov_nat,2019,22.302
guy,sex_f,age_ythadult_yge25,geo_cov_rur,2018,26.413
guy,sex_f,age_ythadult_yge25,geo_cov_rur,2019,22.618
guy,sex_f,age_ythadult_yge25,geo_cov_urb,2018,25.847
guy,sex_f,age_ythadult_yge25,geo_cov_urb,2019,21.637
guy,sex_m,age_aggregate_total,geo_cov_nat,2018,18.981
guy,sex_m,age_aggregate_total,geo_cov_nat,2019,18.695
guy,sex_m,age_aggregate_total,geo_cov_rur,2018,18.458
guy,sex_m,age_aggregate_total,geo_cov_rur,2019,18.367
guy,sex_m,age_aggregate_total,geo_cov_urb,2018,20.634
guy,sex_m,age_aggregate_total,geo_cov_urb,2019,19.732
guy,sex_m,age_aggregate_y15_24,geo_cov_nat,2018,30.712
guy,sex_m,age_aggregate_y15_24,geo_cov_nat,2019,31.706
guy,sex_m,age_aggregate_y15_24,geo_cov_rur,2018,29.36
guy,sex_m,age_aggregate_y15_24,geo_cov_rur,2019,30.774
guy,sex_m,age_aggregate_y15_24,geo_cov_urb,2018,34.918
guy,sex_m,age_aggregate_y15_24,geo_cov_urb,2019,34.684
guy,sex_m,age_aggregate_y25_54,geo_cov_nat,2018,14.366
guy,sex_m,age_aggregate_y25_54,geo_cov_nat,2019,14.677
guy,sex_m,age_aggregate_y25_54,geo_cov_rur,2018,14.512
guy,sex_m,age_aggregate_y25_54,geo_cov_rur,2019,14.761
guy,sex_m,age_aggregate_y25_54,geo_cov_urb,2018,13.893
guy,sex_m,age_aggregate_y25_54,geo_cov_urb,2019,14.405
guy,sex_m,age_aggregate_y55_64,geo_cov_nat,2018,16.906
guy,sex_m,age_aggregate_y55_64,geo_cov_nat,2019,16.086
guy,sex_m,age_aggregate_y55_64,geo_cov_rur,2018,15.732
guy,sex_m,age_aggregate_y55_64,geo_cov_rur,2019,14.926
guy,sex_m,age_aggregate_y55_64,geo_cov_urb,2018,20.68
guy,sex_m,age_aggregate_y55_64,geo_cov_urb,2019,19.575
guy,sex_m,age_aggregate_yge65,geo_cov_nat,2018,19.901
guy,sex_m,age_aggregate_yge65,geo_cov_nat,2019,12.642
guy,sex_m,age_aggregate_yge65,geo_cov_rur,2018,16.907
guy,sex_m,age_aggregate_yge65,geo_cov_rur,2019,11.354
guy,sex_m,age_aggregate_yge65,geo_cov_urb,2018,26.822
guy,sex_m,age_aggregate_yge65,geo_cov_urb,2019,15.776
guy,sex_m,age_ythadult_y15_24,geo_cov_nat,2018,30.712
guy,sex_m,age_ythadult_y15_24,geo_cov_nat,2019,31.706
guy,sex_m,age_ythadult_y15_24,geo_cov_rur,2018,29.36
guy,sex_m,age_ythadult_y15_24,geo_cov_rur,2019,30.774
guy,sex_m,age_ythadult_y15_24,geo_cov_urb,2018,34.918
guy,sex_m,age_ythadult_y15_24,geo_cov_urb,2019,34.684
guy,sex_m,age_ythadult_y15_64,geo_cov_nat,2018,18.943
guy,sex_m,age_ythadult_y15_64,geo_cov_nat,2019,18.933
guy,sex_m,age_ythadult_y15_64,geo_cov_rur,2018,18.517
guy,sex_m,age_ythadult_y15_64,geo_cov_rur,2019,18.624
guy,sex_m,age_ythadult_y15_64,geo_cov_urb,2018,20.309
guy,sex_m,age_ythadult_y15_64,geo_cov_urb,2019,19.923
guy,sex_m,age_ythadult_yge15,geo_cov_nat,2018,18.981
guy,sex_m,age_ythadult_yge15,geo_cov_nat,2019,18.695
guy,sex_m,age_ythadult_yge15,geo_cov_rur,2018,18.458
guy,sex_m,age_ythadult_yge15,geo_cov_rur,2019,18.367
guy,sex_m,age_ythadult_yge15,geo_cov_urb,2018,20.634
guy,sex_m,age_ythadult_yge15,geo_cov_urb,2019,19.732
guy,sex_m,age_ythadult_yge25,geo_cov_nat,2018,15.032
guy,sex_m,age_ythadult_yge25,geo_cov_nat,2019,14.788
guy,sex_m,age_ythadult_yge25,geo_cov_rur,2018,14.808
guy,sex_m,age_ythadult_yge25,geo_cov_rur,2019,14.629
guy,sex_m,age_ythadult_yge25,geo_cov_urb,2018,15.745
guy,sex_m,age_ythadult_yge25,geo_cov_urb,2019,15.291
guy,sex_t,age_aggregate_total,geo_cov_nat,2018,24.873
guy,sex_t,age_aggregate_total,geo_cov_nat,2019,23.281
guy,sex_t,age_aggregate_total,geo_cov_rur,2018,24.328
guy,sex_t,age_aggregate_total,geo_cov_rur,2019,23.046
guy,sex_t,age_aggregate_total,geo_cov_urb,2018,26.302
guy,sex_t,age_aggregate_total,geo_cov_urb,2019,23.906
guy,sex_t,age_aggregate_y15_24,geo_cov_nat,2018,39.277
guy,sex_t,age_aggregate_y15_24,geo_cov_nat,2019,39.677
guy,sex_t,age_aggregate_y15_24,geo_cov_rur,2018,38.066
guy,sex_t,age_aggregate_y15_24,geo_cov_rur,2019,39.011
guy,sex_t,age_aggregate_y15_24,geo_cov_urb,2018,42.634
guy,sex_t,age_aggregate_y15_24,geo_cov_urb,2019,41.529
guy,sex_t,age_aggregate_y25_54,geo_cov_nat,2018,20.004
guy,sex_t,age_aggregate_y25_54,geo_cov_nat,2019,18.612
guy,sex_t,age_aggregate_y25_54,geo_cov_rur,2018,19.913
guy,sex_t,age_aggregate_y25_54,geo_cov_rur,2019,18.546
guy,sex_t,age_aggregate_y25_54,geo_cov_urb,2018,20.246
guy,sex_t,age_aggregate_y25_54,geo_cov_urb,2019,18.792
guy,sex_t,age_aggregate_y55_64,geo_cov_nat,2018,19.266
guy,sex_t,age_aggregate_y55_64,geo_cov_nat,2019,16.042
guy,sex_t,age_aggregate_y55_64,geo_cov_rur,2018,18.218
guy,sex_t,age_aggregate_y55_64,geo_cov_rur,2019,15.558
guy,sex_t,age_aggregate_y55_64,geo_cov_urb,2018,21.809
guy,sex_t,age_aggregate_y55_64,geo_cov_urb,2019,17.209
guy,sex_t,age_aggregate_yge65,geo_cov_nat,2018,20.576
guy,sex_t,age_aggregate_yge65,geo_cov_nat,2019,13.377
guy,sex_t,age_aggregate_yge65,geo_cov_rur,2018,16.04
guy,sex_t,age_aggregate_yge65,geo_cov_rur,2019,11.777
guy,sex_t,age_aggregate_yge65,geo_cov_urb,2018,29.632
guy,sex_t,age_aggregate_yge65,geo_cov_urb,2019,17.096
guy,sex_t,age_ythadult_y15_24,geo_cov_nat,2018,39.277
guy,sex_t,age_ythadult_y15_24,geo_cov_nat,2019,39.677
guy,sex_t,age_ythadult_y15_24,geo_cov_rur,2018,38.066
guy,sex_t,age_ythadult_y15_24,geo_cov_rur,2019,39.011
guy,sex_t,age_ythadult_y15_24,geo_cov_urb,2018,42.634
guy,sex_t,age_ythadult_y15_24,geo_cov_urb,2019,41.529
guy,sex_t,age_ythadult_y15_64,geo_cov_nat,2018,25.027
guy,sex_t,age_ythadult_y15_64,geo_cov_nat,2019,23.63
guy,sex_t,age_ythadult_y15_64,geo_cov_rur,2018,24.6
guy,sex_t,age_ythadult_y15_64,geo_cov_rur,2019,23.427
guy,sex_t,age_ythadult_y15_64,geo_cov_urb,2018,26.157
guy,sex_t,age_ythadult_y15_64,geo_cov_urb,2019,24.172
guy,sex_t,age_ythadult_yge15,geo_cov_nat,2018,24.873
guy,sex_t,age_ythadult_yge15,geo_cov_nat,2019,23.281
guy,sex_t,age_ythadult_yge15,geo_cov_rur,2018,24.328
guy,sex_t,age_ythadult_yge15,geo_cov_rur,2019,23.046
guy,sex_t,age_ythadult_yge15,geo_cov_urb,2018,26.302
guy,sex_t,age_ythadult_yge15,geo_cov_urb,2019,23.906
guy,sex_t,age_ythadult_yge25,geo_cov_nat,2018,19.929
guy,sex_t,age_ythadult_yge25,geo_cov_nat,2019,18.014
guy,sex_t,age_ythadult_yge25,geo_cov_rur,2018,19.516
guy,sex_t,age_ythadult_yge25,geo_cov_rur,2019,17.841
guy,sex_t,age_ythadult_yge25,geo_cov_urb,2018,20.991
guy,sex_t,age_ythadult_yge25,geo_cov_urb,2019,18.471
hnd,sex_f,age_aggregate_total,geo_cov_nat,2018,21.603
hnd,sex_f,age_aggregate_total,geo_cov_nat,2019,19.127
hnd,sex_f,age_aggregate_total,geo_cov_nat,2020,43.533
hnd,sex_f,age_aggregate_total,geo_cov_nat,2021,41.472
hnd,sex_f,age_aggregate_total,geo_cov_nat,2022,36.943
hnd,sex_f,age_aggregate_total,geo_cov_nat,2023,21.076
hnd,sex_f,age_aggregate_total,geo_cov_nat,2024,21.14
hnd,sex_f,age_aggregate_total,geo_cov_nat,2025,16.175
hnd,sex_f,age_aggregate_total,geo_cov_rur,2018,25.459
hnd,sex_f,age_aggregate_total,geo_cov_rur,2019,20.624
hnd,sex_f,age_aggregate_total,geo_cov_rur,2020,49.698
hnd,sex_f,age_aggregate_total,geo_cov_rur,2021,51.454
hnd,sex_f,age_aggregate_total,geo_cov_rur,2022,43.599
hnd,sex_f,age_aggregate_total,geo_cov_rur,2023,25.22
hnd,sex_f,age_aggregate_total,geo_cov_rur,2024,26.912
hnd,sex_f,age_aggregate_total,geo_cov_rur,2025,19.77
hnd,sex_f,age_aggregate_total,geo_cov_urb,2018,19.38
hnd,sex_f,age_aggregate_total,geo_cov_urb,2019,18.312
hnd,sex_f,age_aggregate_total,geo_cov_urb,2020,38.993
hnd,sex_f,age_aggregate_total,geo_cov_urb,2021,34.955
hnd,sex_f,age_aggregate_total,geo_cov_urb,2022,32.897
hnd,sex_f,age_aggregate_total,geo_cov_urb,2023,18.718
hnd,sex_f,age_aggregate_total,geo_cov_urb,2024,18.111
hnd,sex_f,age_aggregate_total,geo_cov_urb,2025,14.422
hnd,sex_f,age_aggregate_y15_24,geo_cov_nat,2018,35.509
hnd,sex_f,age_aggregate_y15_24,geo_cov_nat,2019,33.506
hnd,sex_f,age_aggregate_y15_24,geo_cov_nat,2020,57.074
hnd,sex_f,age_aggregate_y15_24,geo_cov_nat,2021,50.343
hnd,sex_f,age_aggregate_y15_24,geo_cov_nat,2022,47.59
hnd,sex_f,age_aggregate_y15_24,geo_cov_nat,2023,32.212
hnd,sex_f,age_aggregate_y15_24,geo_cov_nat,2024,31.576
hnd,sex_f,age_aggregate_y15_24,geo_cov_nat,2025,25.934
hnd,sex_f,age_aggregate_y15_24,geo_cov_rur,2018,40.86
hnd,sex_f,age_aggregate_y15_24,geo_cov_rur,2019,34.072
hnd,sex_f,age_aggregate_y15_24,geo_cov_rur,2020,63.497
hnd,sex_f,age_aggregate_y15_24,geo_cov_rur,2021,60.59
hnd,sex_f,age_aggregate_y15_24,geo_cov_rur,2022,58.006
hnd,sex_f,age_aggregate_y15_24,geo_cov_rur,2023,39.496
hnd,sex_f,age_aggregate_y15_24,geo_cov_rur,2024,39.546
hnd,sex_f,age_aggregate_y15_24,geo_cov_rur,2025,29.897
hnd,sex_f,age_aggregate_y15_24,geo_cov_urb,2018,31.942
hnd,sex_f,age_aggregate_y15_24,geo_cov_urb,2019,33.157
hnd,sex_f,age_aggregate_y15_24,geo_cov_urb,2020,51.954
hnd,sex_f,age_aggregate_y15_24,geo_cov_urb,2021,42.751
hnd,sex_f,age_aggregate_y15_24,geo_cov_urb,2022,40.248
hnd,sex_f,age_aggregate_y15_24,geo_cov_urb,2023,27.091
hnd,sex_f,age_aggregate_y15_24,geo_cov_urb,2024,26.357
hnd,sex_f,age_aggregate_y15_24,geo_cov_urb,2025,23.528
hnd,sex_f,age_aggregate_y25_54,geo_cov_nat,2018,18.949
hnd,sex_f,age_aggregate_y25_54,geo_cov_nat,2019,16.217
hnd,sex_f,age_aggregate_y25_54,geo_cov_nat,2020,38.983
hnd,sex_f,age_aggregate_y25_54,geo_cov_nat,2021,36.376
hnd,sex_f,age_aggregate_y25_54,geo_cov_nat,2022,33.737
hnd,sex_f,age_aggregate_y25_54,geo_cov_nat,2023,19.969
hnd,sex_f,age_aggregate_y25_54,geo_cov_nat,2024,19.268
hnd,sex_f,age_aggregate_y25_54,geo_cov_nat,2025,15.212
hnd,sex_f,age_aggregate_y25_54,geo_cov_rur,2018,22.499
hnd,sex_f,age_aggregate_y25_54,geo_cov_rur,2019,18.621
hnd,sex_f,age_aggregate_y25_54,geo_cov_rur,2020,44.633
hnd,sex_f,age_aggregate_y25_54,geo_cov_rur,2021,47.192
hnd,sex_f,age_aggregate_y25_54,geo_cov_rur,2022,39.605
hnd,sex_f,age_aggregate_y25_54,geo_cov_rur,2023,23.41
hnd,sex_f,age_aggregate_y25_54,geo_cov_rur,2024,24.959
hnd,sex_f,age_aggregate_y25_54,geo_cov_rur,2025,18.771
hnd,sex_f,age_aggregate_y25_54,geo_cov_urb,2018,17.068
hnd,sex_f,age_aggregate_y25_54,geo_cov_urb,2019,14.991
hnd,sex_f,age_aggregate_y25_54,geo_cov_urb,2020,34.86
hnd,sex_f,age_aggregate_y25_54,geo_cov_urb,2021,29.434
hnd,sex_f,age_aggregate_y25_54,geo_cov_urb,2022,30.295
hnd,sex_f,age_aggregate_y25_54,geo_cov_urb,2023,18.067
hnd,sex_f,age_aggregate_y25_54,geo_cov_urb,2024,16.424
hnd,sex_f,age_aggregate_y25_54,geo_cov_urb,2025,13.589
hnd,sex_f,age_aggregate_y55_64,geo_cov_nat,2018,11.13
hnd,sex_f,age_aggregate_y55_64,geo_cov_nat,2019,7.755
hnd,sex_f,age_aggregate_y55_64,geo_cov_nat,2020,41.394
hnd,sex_f,age_aggregate_y55_64,geo_cov_nat,2021,41.257
hnd,sex_f,age_aggregate_y55_64,geo_cov_nat,2022,30.295
hnd,sex_f,age_aggregate_y55_64,geo_cov_nat,2023,11.155
hnd,sex_f,age_aggregate_y55_64,geo_cov_nat,2024,16.722
hnd,sex_f,age_aggregate_y55_64,geo_cov_nat,2025,11.145
hnd,sex_f,age_aggregate_y55_64,geo_cov_rur,2018,12.2
hnd,sex_f,age_aggregate_y55_64,geo_cov_rur,2019,7.349
hnd,sex_f,age_aggregate_y55_64,geo_cov_rur,2020,54.397
hnd,sex_f,age_aggregate_y55_64,geo_cov_rur,2021,44.69
hnd,sex_f,age_aggregate_y55_64,geo_cov_rur,2022,30.392
hnd,sex_f,age_aggregate_y55_64,geo_cov_rur,2023,8.293
hnd,sex_f,age_aggregate_y55_64,geo_cov_rur,2024,20.714
hnd,sex_f,age_aggregate_y55_64,geo_cov_rur,2025,15.252
hnd,sex_f,age_aggregate_y55_64,geo_cov_urb,2018,10.46
hnd,sex_f,age_aggregate_y55_64,geo_cov_urb,2019,7.97
hnd,sex_f,age_aggregate_y55_64,geo_cov_urb,2020,33.278
hnd,sex_f,age_aggregate_y55_64,geo_cov_urb,2021,39.412
hnd,sex_f,age_aggregate_y55_64,geo_cov_urb,2022,30.241
hnd,sex_f,age_aggregate_y55_64,geo_cov_urb,2023,12.309
hnd,sex_f,age_aggregate_y55_64,geo_cov_urb,2024,15.074
hnd,sex_f,age_aggregate_y55_64,geo_cov_urb,2025,9.223
hnd,sex_f,age_aggregate_yge65,geo_cov_nat,2018,6.804
hnd,sex_f,age_aggregate_yge65,geo_cov_nat,2019,8.344
hnd,sex_f,age_aggregate_yge65,geo_cov_nat,2020,40.117
hnd,sex_f,age_aggregate_yge65,geo_cov_nat,2021,48.302
hnd,sex_f,age_aggregate_yge65,geo_cov_nat,2022,34.263
hnd,sex_f,age_aggregate_yge65,geo_cov_nat,2023,7.55
hnd,sex_f,age_aggregate_yge65,geo_cov_nat,2024,13.243
hnd,sex_f,age_aggregate_yge65,geo_cov_nat,2025,5.952
hnd,sex_f,age_aggregate_yge65,geo_cov_rur,2018,6.643
hnd,sex_f,age_aggregate_yge65,geo_cov_rur,2020,38.199
hnd,sex_f,age_aggregate_yge65,geo_cov_rur,2021,55.639
hnd,sex_f,age_aggregate_yge65,geo_cov_rur,2022,33.646
hnd,sex_f,age_aggregate_yge65,geo_cov_rur,2024,7.265
hnd,sex_f,age_aggregate_yge65,geo_cov_rur,2025,4.086
hnd,sex_f,age_aggregate_yge65,geo_cov_urb,2018,6.91
hnd,sex_f,age_aggregate_yge65,geo_cov_urb,2019,12.254
hnd,sex_f,age_aggregate_yge65,geo_cov_urb,2020,41.627
hnd,sex_f,age_aggregate_yge65,geo_cov_urb,2021,44.026
hnd,sex_f,age_aggregate_yge65,geo_cov_urb,2022,34.587
hnd,sex_f,age_aggregate_yge65,geo_cov_urb,2023,8.213
hnd,sex_f,age_aggregate_yge65,geo_cov_urb,2024,17.072
hnd,sex_f,age_aggregate_yge65,geo_cov_urb,2025,6.948
hnd,sex_f,age_ythadult_y15_24,geo_cov_nat,2018,35.509
hnd,sex_f,age_ythadult_y15_24,geo_cov_nat,2019,33.506
hnd,sex_f,age_ythadult_y15_24,geo_cov_nat,2020,57.074
hnd,sex_f,age_ythadult_y15_24,geo_cov_nat,2021,50.343
hnd,sex_f,age_ythadult_y15_24,geo_cov_nat,2022,47.59
hnd,sex_f,age_ythadult_y15_24,geo_cov_nat,2023,32.212
hnd,sex_f,age_ythadult_y15_24,geo_cov_nat,2024,31.576
hnd,sex_f,age_ythadult_y15_24,geo_cov_nat,2025,25.934
hnd,sex_f,age_ythadult_y15_24,geo_cov_rur,2018,40.86
hnd,sex_f,age_ythadult_y15_24,geo_cov_rur,2019,34.072
hnd,sex_f,age_ythadult_y15_24,geo_cov_rur,2020,63.497
hnd,sex_f,age_ythadult_y15_24,geo_cov_rur,2021,60.59
hnd,sex_f,age_ythadult_y15_24,geo_cov_rur,2022,58.006
hnd,sex_f,age_ythadult_y15_24,geo_cov_rur,2023,39.496
hnd,sex_f,age_ythadult_y15_24,geo_cov_rur,2024,39.546
hnd,sex_f,age_ythadult_y15_24,geo_cov_rur,2025,29.897
hnd,sex_f,age_ythadult_y15_24,geo_cov_urb,2018,31.942
hnd,sex_f,age_ythadult_y15_24,geo_cov_urb,2019,33.157
hnd,sex_f,age_ythadult_y15_24,geo_cov_urb,2020,51.954
hnd,sex_f,age_ythadult_y15_24,geo_cov_urb,2021,42.751
hnd,sex_f,age_ythadult_y15_24,geo_cov_urb,2022,40.248
hnd,sex_f,age_ythadult_y15_24,geo_cov_urb,2023,27.091
hnd,sex_f,age_ythadult_y15_24,geo_cov_urb,2024,26.357
hnd,sex_f,age_ythadult_y15_24,geo_cov_urb,2025,23.528
hnd,sex_f,age_ythadult_y15_64,geo_cov_nat,2018,22.452
hnd,sex_f,age_ythadult_y15_64,geo_cov_nat,2019,19.714
hnd,sex_f,age_ythadult_y15_64,geo_cov_nat,2020,43.809
hnd,sex_f,age_ythadult_y15_64,geo_cov_nat,2021,41.055
hnd,sex_f,age_ythadult_y15_64,geo_cov_nat,2022,37.084
hnd,sex_f,age_ythadult_y15_64,geo_cov_nat,2023,21.772
hnd,sex_f,age_ythadult_y15_64,geo_cov_nat,2024,21.55
hnd,sex_f,age_ythadult_y15_64,geo_cov_nat,2025,16.893
hnd,sex_f,age_ythadult_y15_64,geo_cov_rur,2018,26.634
hnd,sex_f,age_ythadult_y15_64,geo_cov_rur,2019,21.769
hnd,sex_f,age_ythadult_y15_64,geo_cov_rur,2020,50.668
hnd,sex_f,age_ythadult_y15_64,geo_cov_rur,2021,51.216
hnd,sex_f,age_ythadult_y15_64,geo_cov_rur,2022,44.075
hnd,sex_f,age_ythadult_y15_64,geo_cov_rur,2023,26.243
hnd,sex_f,age_ythadult_y15_64,geo_cov_rur,2024,28.076
hnd,sex_f,age_ythadult_y15_64,geo_cov_rur,2025,20.944
hnd,sex_f,age_ythadult_y15_64,geo_cov_urb,2018,20.06
hnd,sex_f,age_ythadult_y15_64,geo_cov_urb,2019,18.611
hnd,sex_f,age_ythadult_y15_64,geo_cov_urb,2020,38.786
hnd,sex_f,age_ythadult_y15_64,geo_cov_urb,2021,34.374
hnd,sex_f,age_ythadult_y15_64,geo_cov_urb,2022,32.803
hnd,sex_f,age_ythadult_y15_64,geo_cov_urb,2023,19.241
hnd,sex_f,age_ythadult_y15_64,geo_cov_urb,2024,18.161
hnd,sex_f,age_ythadult_y15_64,geo_cov_urb,2025,14.93
hnd,sex_f,age_ythadult_yge15,geo_cov_nat,2018,21.603
hnd,sex_f,age_ythadult_yge15,geo_cov_nat,2019,19.127
hnd,sex_f,age_ythadult_yge15,geo_cov_nat,2020,43.533
hnd,sex_f,age_ythadult_yge15,geo_cov_nat,2021,41.472
hnd,sex_f,age_ythadult_yge15,geo_cov_nat,2022,36.943
hnd,sex_f,age_ythadult_yge15,geo_cov_nat,2023,21.076
hnd,sex_f,age_ythadult_yge15,geo_cov_nat,2024,21.14
hnd,sex_f,age_ythadult_yge15,geo_cov_nat,2025,16.175
hnd,sex_f,age_ythadult_yge15,geo_cov_rur,2018,25.459
hnd,sex_f,age_ythadult_yge15,geo_cov_rur,2019,20.624
hnd,sex_f,age_ythadult_yge15,geo_cov_rur,2020,49.698
hnd,sex_f,age_ythadult_yge15,geo_cov_rur,2021,51.454
hnd,sex_f,age_ythadult_yge15,geo_cov_rur,2022,43.599
hnd,sex_f,age_ythadult_yge15,geo_cov_rur,2023,25.22
hnd,sex_f,age_ythadult_yge15,geo_cov_rur,2024,26.912
hnd,sex_f,age_ythadult_yge15,geo_cov_rur,2025,19.77
hnd,sex_f,age_ythadult_yge15,geo_cov_urb,2018,19.38
hnd,sex_f,age_ythadult_yge15,geo_cov_urb,2019,18.312
hnd,sex_f,age_ythadult_yge15,geo_cov_urb,2020,38.993
hnd,sex_f,age_ythadult_yge15,geo_cov_urb,2021,34.955
hnd,sex_f,age_ythadult_yge15,geo_cov_urb,2022,32.897
hnd,sex_f,age_ythadult_yge15,geo_cov_urb,2023,18.718
hnd,sex_f,age_ythadult_yge15,geo_cov_urb,2024,18.111
hnd,sex_f,age_ythadult_yge15,geo_cov_urb,2025,14.422
hnd,sex_f,age_ythadult_yge25,geo_cov_nat,2018,17.121
hnd,sex_f,age_ythadult_yge25,geo_cov_nat,2019,14.735
hnd,sex_f,age_ythadult_yge25,geo_cov_nat,2020,39.445
hnd,sex_f,age_ythadult_yge25,geo_cov_nat,2021,38.029
hnd,sex_f,age_ythadult_yge25,geo_cov_nat,2022,33.325
hnd,sex_f,age_ythadult_yge25,geo_cov_nat,2023,18.063
hnd,sex_f,age_ythadult_yge25,geo_cov_nat,2024,18.577
hnd,sex_f,age_ythadult_yge25,geo_cov_nat,2025,13.972
hnd,sex_f,age_ythadult_yge25,geo_cov_rur,2018,19.86
hnd,sex_f,age_ythadult_yge25,geo_cov_rur,2019,16.063
hnd,sex_f,age_ythadult_yge25,geo_cov_rur,2020,45.28
hnd,sex_f,age_ythadult_yge25,geo_cov_rur,2021,47.514
hnd,sex_f,age_ythadult_yge25,geo_cov_rur,2022,38.07
hnd,sex_f,age_ythadult_yge25,geo_cov_rur,2023,20.651
hnd,sex_f,age_ythadult_yge25,geo_cov_rur,2024,23.209
hnd,sex_f,age_ythadult_yge25,geo_cov_rur,2025,17.042
hnd,sex_f,age_ythadult_yge25,geo_cov_urb,2018,15.616
hnd,sex_f,age_ythadult_yge25,geo_cov_urb,2019,14.04
hnd,sex_f,age_ythadult_yge25,geo_cov_urb,2020,35.251
hnd,sex_f,age_ythadult_yge25,geo_cov_urb,2021,32.136
hnd,sex_f,age_ythadult_yge25,geo_cov_urb,2022,30.585
hnd,sex_f,age_ythadult_yge25,geo_cov_urb,2023,16.675
hnd,sex_f,age_ythadult_yge25,geo_cov_urb,2024,16.281
hnd,sex_f,age_ythadult_yge25,geo_cov_urb,2025,12.55
hnd,sex_m,age_aggregate_total,geo_cov_nat,2018,7.628
hnd,sex_m,age_aggregate_total,geo_cov_nat,2019,6.758
hnd,sex_m,age_aggregate_total,geo_cov_nat,2020,20.646
hnd,sex_m,age_aggregate_total,geo_cov_nat,2021,20.925
hnd,sex_m,age_aggregate_total,geo_cov_nat,2022,14.682
hnd,sex_m,age_aggregate_total,geo_cov_nat,2023,7.728
hnd,sex_m,age_aggregate_total,geo_cov_nat,2024,7.883
hnd,sex_m,age_aggregate_total,geo_cov_nat,2025,6.362
hnd,sex_m,age_aggregate_total,geo_cov_rur,2018,3.056
hnd,sex_m,age_aggregate_total,geo_cov_rur,2019,3.332
hnd,sex_m,age_aggregate_total,geo_cov_rur,2020,21.109
hnd,sex_m,age_aggregate_total,geo_cov_rur,2021,21.597
hnd,sex_m,age_aggregate_total,geo_cov_rur,2022,14.929
hnd,sex_m,age_aggregate_total,geo_cov_rur,2023,5.87
hnd,sex_m,age_aggregate_total,geo_cov_rur,2024,7.149
hnd,sex_m,age_aggregate_total,geo_cov_rur,2025,5.141
hnd,sex_m,age_aggregate_total,geo_cov_urb,2018,11.905
hnd,sex_m,age_aggregate_total,geo_cov_urb,2019,9.986
hnd,sex_m,age_aggregate_total,geo_cov_urb,2020,20.236
hnd,sex_m,age_aggregate_total,geo_cov_urb,2021,20.393
hnd,sex_m,age_aggregate_total,geo_cov_urb,2022,14.485
hnd,sex_m,age_aggregate_total,geo_cov_urb,2023,9.286
hnd,sex_m,age_aggregate_total,geo_cov_urb,2024,8.518
hnd,sex_m,age_aggregate_total,geo_cov_urb,2025,7.368
hnd,sex_m,age_aggregate_y15_24,geo_cov_nat,2018,13.403
hnd,sex_m,age_aggregate_y15_24,geo_cov_nat,2019,11.869
hnd,sex_m,age_aggregate_y15_24,geo_cov_nat,2020,29.808
hnd,sex_m,age_aggregate_y15_24,geo_cov_nat,2021,29.326
hnd,sex_m,age_aggregate_y15_24,geo_cov_nat,2022,20.172
hnd,sex_m,age_aggregate_y15_24,geo_cov_nat,2023,13.057
hnd,sex_m,age_aggregate_y15_24,geo_cov_nat,2024,12.304
hnd,sex_m,age_aggregate_y15_24,geo_cov_nat,2025,9.56
hnd,sex_m,age_aggregate_y15_24,geo_cov_rur,2018,6.558
hnd,sex_m,age_aggregate_y15_24,geo_cov_rur,2019,5.852
hnd,sex_m,age_aggregate_y15_24,geo_cov_rur,2020,24.581
hnd,sex_m,age_aggregate_y15_24,geo_cov_rur,2021,24.608
hnd,sex_m,age_aggregate_y15_24,geo_cov_rur,2022,14.812
hnd,sex_m,age_aggregate_y15_24,geo_cov_rur,2023,9.03
hnd,sex_m,age_aggregate_y15_24,geo_cov_rur,2024,9.84
hnd,sex_m,age_aggregate_y15_24,geo_cov_rur,2025,6.44
hnd,sex_m,age_aggregate_y15_24,geo_cov_urb,2018,20.865
hnd,sex_m,age_aggregate_y15_24,geo_cov_urb,2019,19.724
hnd,sex_m,age_aggregate_y15_24,geo_cov_urb,2020,34.946
hnd,sex_m,age_aggregate_y15_24,geo_cov_urb,2021,33.341
hnd,sex_m,age_aggregate_y15_24,geo_cov_urb,2022,25.495
hnd,sex_m,age_aggregate_y15_24,geo_cov_urb,2023,17.094
hnd,sex_m,age_aggregate_y15_24,geo_cov_urb,2024,14.828
hnd,sex_m,age_aggregate_y15_24,geo_cov_urb,2025,12.73
hnd,sex_m,age_aggregate_y25_54,geo_cov_nat,2018,4.833
hnd,sex_m,age_aggregate_y25_54,geo_cov_nat,2019,4.776
hnd,sex_m,age_aggregate_y25_54,geo_cov_nat,2020,13.857
hnd,sex_m,age_aggregate_y25_54,geo_cov_nat,2021,13.444
hnd,sex_m,age_aggregate_y25_54,geo_cov_nat,2022,10.117
hnd,sex_m,age_aggregate_y25_54,geo_cov_nat,2023,5.496
hnd,sex_m,age_aggregate_y25_54,geo_cov_nat,2024,5.753
hnd,sex_m,age_aggregate_y25_54,geo_cov_nat,2025,5.216
hnd,sex_m,age_aggregate_y25_54,geo_cov_rur,2018,1.552
hnd,sex_m,age_aggregate_y25_54,geo_cov_rur,2019,2.186
hnd,sex_m,age_aggregate_y25_54,geo_cov_rur,2020,17.308
hnd,sex_m,age_aggregate_y25_54,geo_cov_rur,2021,16.77
hnd,sex_m,age_aggregate_y25_54,geo_cov_rur,2022,13.051
hnd,sex_m,age_aggregate_y25_54,geo_cov_rur,2023,4.868
hnd,sex_m,age_aggregate_y25_54,geo_cov_rur,2024,5.749
hnd,sex_m,age_aggregate_y25_54,geo_cov_rur,2025,4.641
hnd,sex_m,age_aggregate_y25_54,geo_cov_urb,2018,7.576
hnd,sex_m,age_aggregate_y25_54,geo_cov_urb,2019,6.81
hnd,sex_m,age_aggregate_y25_54,geo_cov_urb,2020,10.951
hnd,sex_m,age_aggregate_y25_54,geo_cov_urb,2021,10.993
hnd,sex_m,age_aggregate_y25_54,geo_cov_urb,2022,7.975
hnd,sex_m,age_aggregate_y25_54,geo_cov_urb,2023,5.974
hnd,sex_m,age_aggregate_y25_54,geo_cov_urb,2024,5.756
hnd,sex_m,age_aggregate_y25_54,geo_cov_urb,2025,5.659
hnd,sex_m,age_aggregate_y55_64,geo_cov_nat,2018,7.095
hnd,sex_m,age_aggregate_y55_64,geo_cov_nat,2019,5.121
hnd,sex_m,age_aggregate_y55_64,geo_cov_nat,2020,22.566
hnd,sex_m,age_aggregate_y55_64,geo_cov_nat,2021,21.914
hnd,sex_m,age_aggregate_y55_64,geo_cov_nat,2022,16.964
hnd,sex_m,age_aggregate_y55_64,geo_cov_nat,2023,6.623
hnd,sex_m,age_aggregate_y55_64,geo_cov_nat,2024,8.505
hnd,sex_m,age_aggregate_y55_64,geo_cov_nat,2025,6.886
hnd,sex_m,age_aggregate_y55_64,geo_cov_rur,2018,1.353
hnd,sex_m,age_aggregate_y55_64,geo_cov_rur,2019,2.16
hnd,sex_m,age_aggregate_y55_64,geo_cov_rur,2020,25.916
hnd,sex_m,age_aggregate_y55_64,geo_cov_rur,2021,27.143
hnd,sex_m,age_aggregate_y55_64,geo_cov_rur,2022,21.275
hnd,sex_m,age_aggregate_y55_64,geo_cov_rur,2023,4.674
hnd,sex_m,age_aggregate_y55_64,geo_cov_rur,2024,8.517
hnd,sex_m,age_aggregate_y55_64,geo_cov_rur,2025,6.774
hnd,sex_m,age_aggregate_y55_64,geo_cov_urb,2018,11.67
hnd,sex_m,age_aggregate_y55_64,geo_cov_urb,2019,7.535
hnd,sex_m,age_aggregate_y55_64,geo_cov_urb,2020,19.666
hnd,sex_m,age_aggregate_y55_64,geo_cov_urb,2021,17.582
hnd,sex_m,age_aggregate_y55_64,geo_cov_urb,2022,13.584
hnd,sex_m,age_aggregate_y55_64,geo_cov_urb,2023,8.212
hnd,sex_m,age_aggregate_y55_64,geo_cov_urb,2024,8.495
hnd,sex_m,age_aggregate_y55_64,geo_cov_urb,2025,6.958
hnd,sex_m,age_aggregate_yge65,geo_cov_nat,2018,5.641
hnd,sex_m,age_aggregate_yge65,geo_cov_nat,2019,4.336
hnd,sex_m,age_aggregate_yge65,geo_cov_nat,2020,29.367
hnd,sex_m,age_aggregate_yge65,geo_cov_nat,2021,37.482
hnd,sex_m,age_aggregate_yge65,geo_cov_nat,2022,27.044
hnd,sex_m,age_aggregate_yge65,geo_cov_nat,2023,8.822
hnd,sex_m,age_aggregate_yge65,geo_cov_nat,2024,9.938
hnd,sex_m,age_aggregate_yge65,geo_cov_nat,2025,5.614
hnd,sex_m,age_aggregate_yge65,geo_cov_rur,2019,1.667
hnd,sex_m,age_aggregate_yge65,geo_cov_rur,2020,25.315
hnd,sex_m,age_aggregate_yge65,geo_cov_rur,2021,32.669
hnd,sex_m,age_aggregate_yge65,geo_cov_rur,2022,21.082
hnd,sex_m,age_aggregate_yge65,geo_cov_rur,2023,3.669
hnd,sex_m,age_aggregate_yge65,geo_cov_rur,2024,7.013
hnd,sex_m,age_aggregate_yge65,geo_cov_rur,2025,3.201
hnd,sex_m,age_aggregate_yge65,geo_cov_urb,2018,12.653
hnd,sex_m,age_aggregate_yge65,geo_cov_urb,2019,7.706
hnd,sex_m,age_aggregate_yge65,geo_cov_urb,2020,32.961
hnd,sex_m,age_aggregate_yge65,geo_cov_urb,2021,41.877
hnd,sex_m,age_aggregate_yge65,geo_cov_urb,2022,31.55
hnd,sex_m,age_aggregate_yge65,geo_cov_urb,2023,13.987
hnd,sex_m,age_aggregate_yge65,geo_cov_urb,2024,12.602
hnd,sex_m,age_aggregate_yge65,geo_cov_urb,2025,8.219
hnd,sex_m,age_ythadult_y15_24,geo_cov_nat,2018,13.403
hnd,sex_m,age_ythadult_y15_24,geo_cov_nat,2019,11.869
hnd,sex_m,age_ythadult_y15_24,geo_cov_nat,2020,29.808
hnd,sex_m,age_ythadult_y15_24,geo_cov_nat,2021,29.326
hnd,sex_m,age_ythadult_y15_24,geo_cov_nat,2022,20.172
hnd,sex_m,age_ythadult_y15_24,geo_cov_nat,2023,13.057
hnd,sex_m,age_ythadult_y15_24,geo_cov_nat,2024,12.304
hnd,sex_m,age_ythadult_y15_24,geo_cov_nat,2025,9.56
hnd,sex_m,age_ythadult_y15_24,geo_cov_rur,2018,6.558
hnd,sex_m,age_ythadult_y15_24,geo_cov_rur,2019,5.852
hnd,sex_m,age_ythadult_y15_24,geo_cov_rur,2020,24.581
hnd,sex_m,age_ythadult_y15_24,geo_cov_rur,2021,24.608
hnd,sex_m,age_ythadult_y15_24,geo_cov_rur,2022,14.812
hnd,sex_m,age_ythadult_y15_24,geo_cov_rur,2023,9.03
hnd,sex_m,age_ythadult_y15_24,geo_cov_rur,2024,9.84
hnd,sex_m,age_ythadult_y15_24,geo_cov_rur,2025,6.44
hnd,sex_m,age_ythadult_y15_24,geo_cov_urb,2018,20.865
hnd,sex_m,age_ythadult_y15_24,geo_cov_urb,2019,19.724
hnd,sex_m,age_ythadult_y15_24,geo_cov_urb,2020,34.946
hnd,sex_m,age_ythadult_y15_24,geo_cov_urb,2021,33.341
hnd,sex_m,age_ythadult_y15_24,geo_cov_urb,2022,25.495
hnd,sex_m,age_ythadult_y15_24,geo_cov_urb,2023,17.094
hnd,sex_m,age_ythadult_y15_24,geo_cov_urb,2024,14.828
hnd,sex_m,age_ythadult_y15_24,geo_cov_urb,2025,12.73
hnd,sex_m,age_ythadult_y15_64,geo_cov_nat,2018,7.779
hnd,sex_m,age_ythadult_y15_64,geo_cov_nat,2019,6.957
hnd,sex_m,age_ythadult_y15_64,geo_cov_nat,2020,19.617
hnd,sex_m,age_ythadult_y15_64,geo_cov_nat,2021,19.472
hnd,sex_m,age_ythadult_y15_64,geo_cov_nat,2022,13.749
hnd,sex_m,age_ythadult_y15_64,geo_cov_nat,2023,7.64
hnd,sex_m,age_ythadult_y15_64,geo_cov_nat,2024,7.702
hnd,sex_m,age_ythadult_y15_64,geo_cov_nat,2025,6.428
hnd,sex_m,age_ythadult_y15_64,geo_cov_rur,2018,3.265
hnd,sex_m,age_ythadult_y15_64,geo_cov_rur,2019,3.492
hnd,sex_m,age_ythadult_y15_64,geo_cov_rur,2020,20.612
hnd,sex_m,age_ythadult_y15_64,geo_cov_rur,2021,20.54
hnd,sex_m,age_ythadult_y15_64,geo_cov_rur,2022,14.481
hnd,sex_m,age_ythadult_y15_64,geo_cov_rur,2023,6.068
hnd,sex_m,age_ythadult_y15_64,geo_cov_rur,2024,7.162
hnd,sex_m,age_ythadult_y15_64,geo_cov_rur,2025,5.341
hnd,sex_m,age_ythadult_y15_64,geo_cov_urb,2018,11.861
hnd,sex_m,age_ythadult_y15_64,geo_cov_urb,2019,10.146
hnd,sex_m,age_ythadult_y15_64,geo_cov_urb,2020,18.737
hnd,sex_m,age_ythadult_y15_64,geo_cov_urb,2021,18.637
hnd,sex_m,age_ythadult_y15_64,geo_cov_urb,2022,13.16
hnd,sex_m,age_ythadult_y15_64,geo_cov_urb,2023,8.939
hnd,sex_m,age_ythadult_y15_64,geo_cov_urb,2024,8.168
hnd,sex_m,age_ythadult_y15_64,geo_cov_urb,2025,7.302
hnd,sex_m,age_ythadult_yge15,geo_cov_nat,2018,7.628
hnd,sex_m,age_ythadult_yge15,geo_cov_nat,2019,6.758
hnd,sex_m,age_ythadult_yge15,geo_cov_nat,2020,20.646
hnd,sex_m,age_ythadult_yge15,geo_cov_nat,2021,20.925
hnd,sex_m,age_ythadult_yge15,geo_cov_nat,2022,14.682
hnd,sex_m,age_ythadult_yge15,geo_cov_nat,2023,7.728
hnd,sex_m,age_ythadult_yge15,geo_cov_nat,2024,7.883
hnd,sex_m,age_ythadult_yge15,geo_cov_nat,2025,6.362
hnd,sex_m,age_ythadult_yge15,geo_cov_rur,2018,3.056
hnd,sex_m,age_ythadult_yge15,geo_cov_rur,2019,3.332
hnd,sex_m,age_ythadult_yge15,geo_cov_rur,2020,21.109
hnd,sex_m,age_ythadult_yge15,geo_cov_rur,2021,21.597
hnd,sex_m,age_ythadult_yge15,geo_cov_rur,2022,14.929
hnd,sex_m,age_ythadult_yge15,geo_cov_rur,2023,5.87
hnd,sex_m,age_ythadult_yge15,geo_cov_rur,2024,7.149
hnd,sex_m,age_ythadult_yge15,geo_cov_rur,2025,5.141
hnd,sex_m,age_ythadult_yge15,geo_cov_urb,2018,11.905
hnd,sex_m,age_ythadult_yge15,geo_cov_urb,2019,9.986
hnd,sex_m,age_ythadult_yge15,geo_cov_urb,2020,20.236
hnd,sex_m,age_ythadult_yge15,geo_cov_urb,2021,20.393
hnd,sex_m,age_ythadult_yge15,geo_cov_urb,2022,14.485
hnd,sex_m,age_ythadult_yge15,geo_cov_urb,2023,9.286
hnd,sex_m,age_ythadult_yge15,geo_cov_urb,2024,8.518
hnd,sex_m,age_ythadult_yge15,geo_cov_urb,2025,7.368
hnd,sex_m,age_ythadult_yge25,geo_cov_nat,2018,5.234
hnd,sex_m,age_ythadult_yge25,geo_cov_nat,2019,4.78
hnd,sex_m,age_ythadult_yge25,geo_cov_nat,2020,17.375
hnd,sex_m,age_ythadult_yge25,geo_cov_nat,2021,17.353
hnd,sex_m,age_ythadult_yge25,geo_cov_nat,2022,12.667
hnd,sex_m,age_ythadult_yge25,geo_cov_nat,2023,5.992
hnd,sex_m,age_ythadult_yge25,geo_cov_nat,2024,6.594
hnd,sex_m,age_ythadult_yge25,geo_cov_nat,2025,5.494
hnd,sex_m,age_ythadult_yge25,geo_cov_rur,2018,1.437
hnd,sex_m,age_ythadult_yge25,geo_cov_rur,2019,2.115
hnd,sex_m,age_ythadult_yge25,geo_cov_rur,2020,19.773
hnd,sex_m,age_ythadult_yge25,geo_cov_rur,2021,20.242
hnd,sex_m,age_ythadult_yge25,geo_cov_rur,2022,14.98
hnd,sex_m,age_ythadult_yge25,geo_cov_rur,2023,4.704
hnd,sex_m,age_ythadult_yge25,geo_cov_rur,2024,6.271
hnd,sex_m,age_ythadult_yge25,geo_cov_rur,2025,4.735
hnd,sex_m,age_ythadult_yge25,geo_cov_urb,2018,8.569
hnd,sex_m,age_ythadult_yge25,geo_cov_urb,2019,6.993
hnd,sex_m,age_ythadult_yge25,geo_cov_urb,2020,15.333
hnd,sex_m,age_ythadult_yge25,geo_cov_urb,2021,15.135
hnd,sex_m,age_ythadult_yge25,geo_cov_urb,2022,10.956
hnd,sex_m,age_ythadult_yge25,geo_cov_urb,2023,7.011
hnd,sex_m,age_ythadult_yge25,geo_cov_urb,2024,6.86
hnd,sex_m,age_ythadult_yge25,geo_cov_urb,2025,6.084
hnd,sex_t,age_aggregate_total,geo_cov_nat,2018,13.729
hnd,sex_t,age_aggregate_total,geo_cov_nat,2019,11.818
hnd,sex_t,age_aggregate_total,geo_cov_nat,2020,32.229
hnd,sex_t,age_aggregate_total,geo_cov_nat,2021,30.998
hnd,sex_t,age_aggregate_total,geo_cov_nat,2022,25.176
hnd,sex_t,age_aggregate_total,geo_cov_nat,2023,13.221
hnd,sex_t,age_aggregate_total,geo_cov_nat,2024,13.618
hnd,sex_t,age_aggregate_total,geo_cov_nat,2025,10.508
hnd,sex_t,age_aggregate_total,geo_cov_rur,2018,11.335
hnd,sex_t,age_aggregate_total,geo_cov_rur,2019,9.118
hnd,sex_t,age_aggregate_total,geo_cov_rur,2020,34.853
hnd,sex_t,age_aggregate_total,geo_cov_rur,2021,35.4
hnd,sex_t,age_aggregate_total,geo_cov_rur,2022,27.291
hnd,sex_t,age_aggregate_total,geo_cov_rur,2023,12.784
hnd,sex_t,age_aggregate_total,geo_cov_rur,2024,14.287
hnd,sex_t,age_aggregate_total,geo_cov_rur,2025,10.214
hnd,sex_t,age_aggregate_total,geo_cov_urb,2018,15.55
hnd,sex_t,age_aggregate_total,geo_cov_urb,2019,13.861
hnd,sex_t,age_aggregate_total,geo_cov_urb,2020,30.113
hnd,sex_t,age_aggregate_total,geo_cov_urb,2021,27.825
hnd,sex_t,age_aggregate_total,geo_cov_urb,2022,23.686
hnd,sex_t,age_aggregate_total,geo_cov_urb,2023,13.534
hnd,sex_t,age_aggregate_total,geo_cov_urb,2024,13.149
hnd,sex_t,age_aggregate_total,geo_cov_urb,2025,10.703
hnd,sex_t,age_aggregate_y15_24,geo_cov_nat,2018,22.068
hnd,sex_t,age_aggregate_y15_24,geo_cov_nat,2019,19.816
hnd,sex_t,age_aggregate_y15_24,geo_cov_nat,2020,42.747
hnd,sex_t,age_aggregate_y15_24,geo_cov_nat,2021,39.29
hnd,sex_t,age_aggregate_y15_24,geo_cov_nat,2022,32.708
hnd,sex_t,age_aggregate_y15_24,geo_cov_nat,2023,20.285
hnd,sex_t,age_aggregate_y15_24,geo_cov_nat,2024,20.007
hnd,sex_t,age_aggregate_y15_24,geo_cov_nat,2025,15.895
hnd,sex_t,age_aggregate_y15_24,geo_cov_rur,2018,17.906
hnd,sex_t,age_aggregate_y15_24,geo_cov_rur,2019,13.786
hnd,sex_t,age_aggregate_y15_24,geo_cov_rur,2020,41.972
hnd,sex_t,age_aggregate_y15_24,geo_cov_rur,2021,40.976
hnd,sex_t,age_aggregate_y15_24,geo_cov_rur,2022,32.582
hnd,sex_t,age_aggregate_y15_24,geo_cov_rur,2023,19.183
hnd,sex_t,age_aggregate_y15_24,geo_cov_rur,2024,20.012
hnd,sex_t,age_aggregate_y15_24,geo_cov_rur,2025,13.972
hnd,sex_t,age_aggregate_y15_24,geo_cov_urb,2018,25.817
hnd,sex_t,age_aggregate_y15_24,geo_cov_urb,2019,25.808
hnd,sex_t,age_aggregate_y15_24,geo_cov_urb,2020,43.436
hnd,sex_t,age_aggregate_y15_24,geo_cov_urb,2021,37.946
hnd,sex_t,age_aggregate_y15_24,geo_cov_urb,2022,32.815
hnd,sex_t,age_aggregate_y15_24,geo_cov_urb,2023,21.253
hnd,sex_t,age_aggregate_y15_24,geo_cov_urb,2024,20.003
hnd,sex_t,age_aggregate_y15_24,geo_cov_urb,2025,17.502
hnd,sex_t,age_aggregate_y25_54,geo_cov_nat,2018,11.444
hnd,sex_t,age_aggregate_y25_54,geo_cov_nat,2019,9.882
hnd,sex_t,age_aggregate_y25_54,geo_cov_nat,2020,27.251
hnd,sex_t,age_aggregate_y25_54,geo_cov_nat,2021,25.039
hnd,sex_t,age_aggregate_y25_54,geo_cov_nat,2022,21.628
hnd,sex_t,age_aggregate_y25_54,geo_cov_nat,2023,11.855
hnd,sex_t,age_aggregate_y25_54,geo_cov_nat,2024,11.994
hnd,sex_t,age_aggregate_y25_54,geo_cov_nat,2025,9.664
hnd,sex_t,age_aggregate_y25_54,geo_cov_rur,2018,9.956
hnd,sex_t,age_aggregate_y25_54,geo_cov_rur,2019,8.469
hnd,sex_t,age_aggregate_y25_54,geo_cov_rur,2020,31.328
hnd,sex_t,age_aggregate_y25_54,geo_cov_rur,2021,31.529
hnd,sex_t,age_aggregate_y25_54,geo_cov_rur,2022,25.115
hnd,sex_t,age_aggregate_y25_54,geo_cov_rur,2023,12.142
hnd,sex_t,age_aggregate_y25_54,geo_cov_rur,2024,13.175
hnd,sex_t,age_aggregate_y25_54,geo_cov_rur,2025,9.812
hnd,sex_t,age_aggregate_y25_54,geo_cov_urb,2018,12.454
hnd,sex_t,age_aggregate_y25_54,geo_cov_urb,2019,10.803
hnd,sex_t,age_aggregate_y25_54,geo_cov_urb,2020,24.07
hnd,sex_t,age_aggregate_y25_54,geo_cov_urb,2021,20.577
hnd,sex_t,age_aggregate_y25_54,geo_cov_urb,2022,19.337
hnd,sex_t,age_aggregate_y25_54,geo_cov_urb,2023,11.665
hnd,sex_t,age_aggregate_y25_54,geo_cov_urb,2024,11.213
hnd,sex_t,age_aggregate_y25_54,geo_cov_urb,2025,9.574
hnd,sex_t,age_aggregate_y55_64,geo_cov_nat,2018,8.777
hnd,sex_t,age_aggregate_y55_64,geo_cov_nat,2019,6.074
hnd,sex_t,age_aggregate_y55_64,geo_cov_nat,2020,32.191
hnd,sex_t,age_aggregate_y55_64,geo_cov_nat,2021,31.804
hnd,sex_t,age_aggregate_y55_64,geo_cov_nat,2022,23.18
hnd,sex_t,age_aggregate_y55_64,geo_cov_nat,2023,8.386
hnd,sex_t,age_aggregate_y55_64,geo_cov_nat,2024,11.829
hnd,sex_t,age_aggregate_y55_64,geo_cov_nat,2025,8.567
hnd,sex_t,age_aggregate_y55_64,geo_cov_rur,2018,5.509
hnd,sex_t,age_aggregate_y55_64,geo_cov_rur,2019,3.739
hnd,sex_t,age_aggregate_y55_64,geo_cov_rur,2020,39.138
hnd,sex_t,age_aggregate_y55_64,geo_cov_rur,2021,34.98
hnd,sex_t,age_aggregate_y55_64,geo_cov_rur,2022,25.045
hnd,sex_t,age_aggregate_y55_64,geo_cov_rur,2023,5.722
hnd,sex_t,age_aggregate_y55_64,geo_cov_rur,2024,12.392
hnd,sex_t,age_aggregate_y55_64,geo_cov_rur,2025,9.712
hnd,sex_t,age_aggregate_y55_64,geo_cov_urb,2018,11.136
hnd,sex_t,age_aggregate_y55_64,geo_cov_urb,2019,7.71
hnd,sex_t,age_aggregate_y55_64,geo_cov_urb,2020,27.094
hnd,sex_t,age_aggregate_y55_64,geo_cov_urb,2021,29.684
hnd,sex_t,age_aggregate_y55_64,geo_cov_urb,2022,21.937
hnd,sex_t,age_aggregate_y55_64,geo_cov_urb,2023,10.063
hnd,sex_t,age_aggregate_y55_64,geo_cov_urb,2024,11.496
hnd,sex_t,age_aggregate_y55_64,geo_cov_urb,2025,7.914
hnd,sex_t,age_aggregate_yge65,geo_cov_nat,2018,6.075
hnd,sex_t,age_aggregate_yge65,geo_cov_nat,2019,5.616
hnd,sex_t,age_aggregate_yge65,geo_cov_nat,2020,33.894
hnd,sex_t,age_aggregate_yge65,geo_cov_nat,2021,41.888
hnd,sex_t,age_aggregate_yge65,geo_cov_nat,2022,29.848
hnd,sex_t,age_aggregate_yge65,geo_cov_nat,2023,8.423
hnd,sex_t,age_aggregate_yge65,geo_cov_nat,2024,10.986
hnd,sex_t,age_aggregate_yge65,geo_cov_nat,2025,5.739
hnd,sex_t,age_aggregate_yge65,geo_cov_rur,2018,2.5
hnd,sex_t,age_aggregate_yge65,geo_cov_rur,2019,1.936
hnd,sex_t,age_aggregate_yge65,geo_cov_rur,2020,30.537
hnd,sex_t,age_aggregate_yge65,geo_cov_rur,2021,40.625
hnd,sex_t,age_aggregate_yge65,geo_cov_rur,2022,25.32
hnd,sex_t,age_aggregate_yge65,geo_cov_rur,2023,4.398
hnd,sex_t,age_aggregate_yge65,geo_cov_rur,2024,7.082
hnd,sex_t,age_aggregate_yge65,geo_cov_rur,2025,3.452
hnd,sex_t,age_aggregate_yge65,geo_cov_urb,2018,9.954
hnd,sex_t,age_aggregate_yge65,geo_cov_urb,2019,9.457
hnd,sex_t,age_aggregate_yge65,geo_cov_urb,2020,36.726
hnd,sex_t,age_aggregate_yge65,geo_cov_urb,2021,42.852
hnd,sex_t,age_aggregate_yge65,geo_cov_urb,2022,32.832
hnd,sex_t,age_aggregate_yge65,geo_cov_urb,2023,11.904
hnd,sex_t,age_aggregate_yge65,geo_cov_urb,2024,14.171
hnd,sex_t,age_aggregate_yge65,geo_cov_urb,2025,7.654
hnd,sex_t,age_ythadult_y15_24,geo_cov_nat,2018,22.068
hnd,sex_t,age_ythadult_y15_24,geo_cov_nat,2019,19.816
hnd,sex_t,age_ythadult_y15_24,geo_cov_nat,2020,42.747
hnd,sex_t,age_ythadult_y15_24,geo_cov_nat,2021,39.29
hnd,sex_t,age_ythadult_y15_24,geo_cov_nat,2022,32.708
hnd,sex_t,age_ythadult_y15_24,geo_cov_nat,2023,20.285
hnd,sex_t,age_ythadult_y15_24,geo_cov_nat,2024,20.007
hnd,sex_t,age_ythadult_y15_24,geo_cov_nat,2025,15.895
hnd,sex_t,age_ythadult_y15_24,geo_cov_rur,2018,17.906
hnd,sex_t,age_ythadult_y15_24,geo_cov_rur,2019,13.786
hnd,sex_t,age_ythadult_y15_24,geo_cov_rur,2020,41.972
hnd,sex_t,age_ythadult_y15_24,geo_cov_rur,2021,40.976
hnd,sex_t,age_ythadult_y15_24,geo_cov_rur,2022,32.582
hnd,sex_t,age_ythadult_y15_24,geo_cov_rur,2023,19.183
hnd,sex_t,age_ythadult_y15_24,geo_cov_rur,2024,20.012
hnd,sex_t,age_ythadult_y15_24,geo_cov_rur,2025,13.972
hnd,sex_t,age_ythadult_y15_24,geo_cov_urb,2018,25.817
hnd,sex_t,age_ythadult_y15_24,geo_cov_urb,2019,25.808
hnd,sex_t,age_ythadult_y15_24,geo_cov_urb,2020,43.436
hnd,sex_t,age_ythadult_y15_24,geo_cov_urb,2021,37.946
hnd,sex_t,age_ythadult_y15_24,geo_cov_urb,2022,32.815
hnd,sex_t,age_ythadult_y15_24,geo_cov_urb,2023,21.253
hnd,sex_t,age_ythadult_y15_24,geo_cov_urb,2024,20.003
hnd,sex_t,age_ythadult_y15_24,geo_cov_urb,2025,17.502
hnd,sex_t,age_ythadult_y15_64,geo_cov_nat,2018,14.248
hnd,sex_t,age_ythadult_y15_64,geo_cov_nat,2019,12.257
hnd,sex_t,age_ythadult_y15_64,geo_cov_nat,2020,32.064
hnd,sex_t,age_ythadult_y15_64,geo_cov_nat,2021,30.186
hnd,sex_t,age_ythadult_y15_64,geo_cov_nat,2022,24.875
hnd,sex_t,age_ythadult_y15_64,geo_cov_nat,2023,13.55
hnd,sex_t,age_ythadult_y15_64,geo_cov_nat,2024,13.808
hnd,sex_t,age_ythadult_y15_64,geo_cov_nat,2025,10.892
hnd,sex_t,age_ythadult_y15_64,geo_cov_rur,2018,12.067
hnd,sex_t,age_ythadult_y15_64,geo_cov_rur,2019,9.73
hnd,sex_t,age_ythadult_y15_64,geo_cov_rur,2020,35.292
hnd,sex_t,age_ythadult_y15_64,geo_cov_rur,2021,34.996
hnd,sex_t,age_ythadult_y15_64,geo_cov_rur,2022,27.413
hnd,sex_t,age_ythadult_y15_64,geo_cov_rur,2023,13.428
hnd,sex_t,age_ythadult_y15_64,geo_cov_rur,2024,14.857
hnd,sex_t,age_ythadult_y15_64,geo_cov_rur,2025,10.843
hnd,sex_t,age_ythadult_y15_64,geo_cov_urb,2018,15.867
hnd,sex_t,age_ythadult_y15_64,geo_cov_urb,2019,14.127
hnd,sex_t,age_ythadult_y15_64,geo_cov_urb,2020,29.473
hnd,sex_t,age_ythadult_y15_64,geo_cov_urb,2021,26.734
hnd,sex_t,age_ythadult_y15_64,geo_cov_urb,2022,23.078
hnd,sex_t,age_ythadult_y15_64,geo_cov_urb,2023,13.637
hnd,sex_t,age_ythadult_y15_64,geo_cov_urb,2024,13.081
hnd,sex_t,age_ythadult_y15_64,geo_cov_urb,2025,10.924
hnd,sex_t,age_ythadult_yge15,geo_cov_nat,2018,13.729
hnd,sex_t,age_ythadult_yge15,geo_cov_nat,2019,11.818
hnd,sex_t,age_ythadult_yge15,geo_cov_nat,2020,32.229
hnd,sex_t,age_ythadult_yge15,geo_cov_nat,2021,30.998
hnd,sex_t,age_ythadult_yge15,geo_cov_nat,2022,25.176
hnd,sex_t,age_ythadult_yge15,geo_cov_nat,2023,13.221
hnd,sex_t,age_ythadult_yge15,geo_cov_nat,2024,13.618
hnd,sex_t,age_ythadult_yge15,geo_cov_nat,2025,10.508
hnd,sex_t,age_ythadult_yge15,geo_cov_rur,2018,11.335
hnd,sex_t,age_ythadult_yge15,geo_cov_rur,2019,9.118
hnd,sex_t,age_ythadult_yge15,geo_cov_rur,2020,34.853
hnd,sex_t,age_ythadult_yge15,geo_cov_rur,2021,35.4
hnd,sex_t,age_ythadult_yge15,geo_cov_rur,2022,27.291
hnd,sex_t,age_ythadult_yge15,geo_cov_rur,2023,12.784
hnd,sex_t,age_ythadult_yge15,geo_cov_rur,2024,14.287
hnd,sex_t,age_ythadult_yge15,geo_cov_rur,2025,10.214
hnd,sex_t,age_ythadult_yge15,geo_cov_urb,2018,15.55
hnd,sex_t,age_ythadult_yge15,geo_cov_urb,2019,13.861
hnd,sex_t,age_ythadult_yge15,geo_cov_urb,2020,30.113
hnd,sex_t,age_ythadult_yge15,geo_cov_urb,2021,27.825
hnd,sex_t,age_ythadult_yge15,geo_cov_urb,2022,23.686
hnd,sex_t,age_ythadult_yge15,geo_cov_urb,2023,13.534
hnd,sex_t,age_ythadult_yge15,geo_cov_urb,2024,13.149
hnd,sex_t,age_ythadult_yge15,geo_cov_urb,2025,10.703
hnd,sex_t,age_ythadult_yge25,geo_cov_nat,2018,10.621
hnd,sex_t,age_ythadult_yge25,geo_cov_nat,2019,8.999
hnd,sex_t,age_ythadult_yge25,geo_cov_nat,2020,28.774
hnd,sex_t,age_ythadult_yge25,geo_cov_nat,2021,27.625
hnd,sex_t,age_ythadult_yge25,geo_cov_nat,2022,22.51
hnd,sex_t,age_ythadult_yge25,geo_cov_nat,2023,11.084
hnd,sex_t,age_ythadult_yge25,geo_cov_nat,2024,11.885
hnd,sex_t,age_ythadult_yge25,geo_cov_nat,2025,9.152
hnd,sex_t,age_ythadult_yge25,geo_cov_rur,2018,8.548
hnd,sex_t,age_ythadult_yge25,geo_cov_rur,2019,7.104
hnd,sex_t,age_ythadult_yge25,geo_cov_rur,2020,32.34
hnd,sex_t,age_ythadult_yge25,geo_cov_rur,2021,32.939
hnd,sex_t,age_ythadult_yge25,geo_cov_rur,2022,25.123
hnd,sex_t,age_ythadult_yge25,geo_cov_rur,2023,10.536
hnd,sex_t,age_ythadult_yge25,geo_cov_rur,2024,12.488
hnd,sex_t,age_ythadult_yge25,geo_cov_rur,2025,9.097
hnd,sex_t,age_ythadult_yge25,geo_cov_urb,2018,12.101
hnd,sex_t,age_ythadult_yge25,geo_cov_urb,2019,10.3
hnd,sex_t,age_ythadult_yge25,geo_cov_urb,2020,25.99
hnd,sex_t,age_ythadult_yge25,geo_cov_urb,2021,23.949
hnd,sex_t,age_ythadult_yge25,geo_cov_urb,2022,20.789
hnd,sex_t,age_ythadult_yge25,geo_cov_urb,2023,11.454
hnd,sex_t,age_ythadult_yge25,geo_cov_urb,2024,11.485
hnd,sex_t,age_ythadult_yge25,geo_cov_urb,2025,9.186
hrv,sex_f,age_aggregate_total,geo_cov_nat,2002,23.476
hrv,sex_f,age_aggregate_total,geo_cov_nat,2003,21.998
hrv,sex_f,age_aggregate_total,geo_cov_nat,2004,20.971
hrv,sex_f,age_aggregate_total,geo_cov_nat,2005,19.674
hrv,sex_f,age_aggregate_total,geo_cov_nat,2006,20.518
hrv,sex_f,age_aggregate_total,geo_cov_nat,2007,18.714
hrv,sex_f,age_aggregate_total,geo_cov_nat,2008,17.035
hrv,sex_f,age_aggregate_total,geo_cov_nat,2009,17.219
hrv,sex_f,age_aggregate_total,geo_cov_nat,2010,19.193
hrv,sex_f,age_aggregate_total,geo_cov_nat,2011,22.188
hrv,sex_f,age_aggregate_total,geo_cov_nat,2012,24.798
hrv,sex_f,age_aggregate_total,geo_cov_nat,2013,27.31
hrv,sex_f,age_aggregate_total,geo_cov_nat,2014,26.505
hrv,sex_f,age_aggregate_total,geo_cov_nat,2015,24.983
hrv,sex_f,age_aggregate_total,geo_cov_nat,2016,23.981
hrv,sex_f,age_aggregate_total,geo_cov_nat,2017,20.666
hrv,sex_f,age_aggregate_total,geo_cov_nat,2018,17.47
hrv,sex_f,age_aggregate_total,geo_cov_nat,2019,14.26
hrv,sex_f,age_aggregate_total,geo_cov_nat,2020,14.792
hrv,sex_f,age_aggregate_total,geo_cov_nat,2021,11.738
hrv,sex_f,age_aggregate_total,geo_cov_nat,2022,10.769
hrv,sex_f,age_aggregate_total,geo_cov_nat,2023,9.291
hrv,sex_f,age_aggregate_total,geo_cov_nat,2024,7.526
hrv,sex_f,age_aggregate_total,geo_cov_rur,2002,57.738
hrv,sex_f,age_aggregate_total,geo_cov_rur,2006,24.855
hrv,sex_f,age_aggregate_total,geo_cov_rur,2007,43.38
hrv,sex_f,age_aggregate_total,geo_cov_rur,2010,47.788
hrv,sex_f,age_aggregate_total,geo_cov_rur,2011,49.51
hrv,sex_f,age_aggregate_total,geo_cov_rur,2012,28.081
hrv,sex_f,age_aggregate_total,geo_cov_rur,2013,32.362
hrv,sex_f,age_aggregate_total,geo_cov_rur,2014,29.589
hrv,sex_f,age_aggregate_total,geo_cov_rur,2015,28.469
hrv,sex_f,age_aggregate_total,geo_cov_rur,2016,29.071
hrv,sex_f,age_aggregate_total,geo_cov_rur,2017,27.646
hrv,sex_f,age_aggregate_total,geo_cov_rur,2018,21.977
hrv,sex_f,age_aggregate_total,geo_cov_rur,2019,16.521
hrv,sex_f,age_aggregate_total,geo_cov_rur,2020,16.82
hrv,sex_f,age_aggregate_total,geo_cov_rur,2021,12.498
hrv,sex_f,age_aggregate_total,geo_cov_rur,2022,12.293
hrv,sex_f,age_aggregate_total,geo_cov_rur,2023,11.62
hrv,sex_f,age_aggregate_total,geo_cov_rur,2024,8.691
hrv,sex_f,age_aggregate_total,geo_cov_urb,2002,23.386
hrv,sex_f,age_aggregate_total,geo_cov_urb,2003,21.973
hrv,sex_f,age_aggregate_total,geo_cov_urb,2004,20.984
hrv,sex_f,age_aggregate_total,geo_cov_urb,2005,19.696
hrv,sex_f,age_aggregate_total,geo_cov_urb,2006,20.502
hrv,sex_f,age_aggregate_total,geo_cov_urb,2007,18.604
hrv,sex_f,age_aggregate_total,geo_cov_urb,2008,17.015
hrv,sex_f,age_aggregate_total,geo_cov_urb,2009,17.195
hrv,sex_f,age_aggregate_total,geo_cov_urb,2010,19.111
hrv,sex_f,age_aggregate_total,geo_cov_urb,2011,22.138
hrv,sex_f,age_aggregate_total,geo_cov_urb,2012,22.768
hrv,sex_f,age_aggregate_total,geo_cov_urb,2013,24.255
hrv,sex_f,age_aggregate_total,geo_cov_urb,2014,24.715
hrv,sex_f,age_aggregate_total,geo_cov_urb,2015,23.03
hrv,sex_f,age_aggregate_total,geo_cov_urb,2016,21.405
hrv,sex_f,age_aggregate_total,geo_cov_urb,2017,16.941
hrv,sex_f,age_aggregate_total,geo_cov_urb,2018,15.222
hrv,sex_f,age_aggregate_total,geo_cov_urb,2019,13.137
hrv,sex_f,age_aggregate_total,geo_cov_urb,2020,13.707
hrv,sex_f,age_aggregate_total,geo_cov_urb,2021,11.346
hrv,sex_f,age_aggregate_total,geo_cov_urb,2022,9.967
hrv,sex_f,age_aggregate_total,geo_cov_urb,2023,8.074
hrv,sex_f,age_aggregate_total,geo_cov_urb,2024,6.974
hrv,sex_f,age_aggregate_y15_24,geo_cov_nat,2002,46.918
hrv,sex_f,age_aggregate_y15_24,geo_cov_nat,2003,45.254
hrv,sex_f,age_aggregate_y15_24,geo_cov_nat,2004,44.107
hrv,sex_f,age_aggregate_y15_24,geo_cov_nat,2005,42.375
hrv,sex_f,age_aggregate_y15_24,geo_cov_nat,2006,42.477
hrv,sex_f,age_aggregate_y15_24,geo_cov_nat,2007,41.474
hrv,sex_f,age_aggregate_y15_24,geo_cov_nat,2008,37.889
hrv,sex_f,age_aggregate_y15_24,geo_cov_nat,2009,38.374
hrv,sex_f,age_aggregate_y15_24,geo_cov_nat,2010,42.342
hrv,sex_f,age_aggregate_y15_24,geo_cov_nat,2011,45.973
hrv,sex_f,age_aggregate_y15_24,geo_cov_nat,2012,50.694
hrv,sex_f,age_aggregate_y15_24,geo_cov_nat,2013,62.61
hrv,sex_f,age_aggregate_y15_24,geo_cov_nat,2014,57.066
hrv,sex_f,age_aggregate_y15_24,geo_cov_nat,2015,54.893
hrv,sex_f,age_aggregate_y15_24,geo_cov_nat,2016,45.175
hrv,sex_f,age_aggregate_y15_24,geo_cov_nat,2017,42.155
hrv,sex_f,age_aggregate_y15_24,geo_cov_nat,2018,39.493
hrv,sex_f,age_aggregate_y15_24,geo_cov_nat,2019,29.868
hrv,sex_f,age_aggregate_y15_24,geo_cov_nat,2020,40.048
hrv,sex_f,age_aggregate_y15_24,geo_cov_nat,2021,36.139
hrv,sex_f,age_aggregate_y15_24,geo_cov_nat,2022,26.106
hrv,sex_f,age_aggregate_y15_24,geo_cov_nat,2023,26.928
hrv,sex_f,age_aggregate_y15_24,geo_cov_nat,2024,22.966
hrv,sex_f,age_aggregate_y15_24,geo_cov_rur,2002,100
hrv,sex_f,age_aggregate_y15_24,geo_cov_rur,2012,51.146
hrv,sex_f,age_aggregate_y15_24,geo_cov_rur,2013,67.367
hrv,sex_f,age_aggregate_y15_24,geo_cov_rur,2014,58.17
hrv,sex_f,age_aggregate_y15_24,geo_cov_rur,2015,57.957
hrv,sex_f,age_aggregate_y15_24,geo_cov_rur,2016,51.764
hrv,sex_f,age_aggregate_y15_24,geo_cov_rur,2017,47.398
hrv,sex_f,age_aggregate_y15_24,geo_cov_rur,2018,40.612
hrv,sex_f,age_aggregate_y15_24,geo_cov_rur,2019,32.109
hrv,sex_f,age_aggregate_y15_24,geo_cov_rur,2020,41.013
hrv,sex_f,age_aggregate_y15_24,geo_cov_rur,2021,33.41
hrv,sex_f,age_aggregate_y15_24,geo_cov_rur,2022,27.579
hrv,sex_f,age_aggregate_y15_24,geo_cov_rur,2023,25.502
hrv,sex_f,age_aggregate_y15_24,geo_cov_rur,2024,24.77
hrv,sex_f,age_aggregate_y15_24,geo_cov_urb,2002,46.486
hrv,sex_f,age_aggregate_y15_24,geo_cov_urb,2003,45.185
hrv,sex_f,age_aggregate_y15_24,geo_cov_urb,2004,44.306
hrv,sex_f,age_aggregate_y15_24,geo_cov_urb,2005,42.532
hrv,sex_f,age_aggregate_y15_24,geo_cov_urb,2006,42.545
hrv,sex_f,age_aggregate_y15_24,geo_cov_urb,2007,41.071
hrv,sex_f,age_aggregate_y15_24,geo_cov_urb,2008,37.559
hrv,sex_f,age_aggregate_y15_24,geo_cov_urb,2009,38.082
hrv,sex_f,age_aggregate_y15_24,geo_cov_urb,2010,42.102
hrv,sex_f,age_aggregate_y15_24,geo_cov_urb,2011,45.914
hrv,sex_f,age_aggregate_y15_24,geo_cov_urb,2012,50.22
hrv,sex_f,age_aggregate_y15_24,geo_cov_urb,2013,56.774
hrv,sex_f,age_aggregate_y15_24,geo_cov_urb,2014,56.235
hrv,sex_f,age_aggregate_y15_24,geo_cov_urb,2015,52.812
hrv,sex_f,age_aggregate_y15_24,geo_cov_urb,2016,40.279
hrv,sex_f,age_aggregate_y15_24,geo_cov_urb,2017,37.844
hrv,sex_f,age_aggregate_y15_24,geo_cov_urb,2018,38.816
hrv,sex_f,age_aggregate_y15_24,geo_cov_urb,2019,28.297
hrv,sex_f,age_aggregate_y15_24,geo_cov_urb,2020,39.285
hrv,sex_f,age_aggregate_y15_24,geo_cov_urb,2021,38.187
hrv,sex_f,age_aggregate_y15_24,geo_cov_urb,2022,24.86
hrv,sex_f,age_aggregate_y15_24,geo_cov_urb,2023,28.089
hrv,sex_f,age_aggregate_y15_24,geo_cov_urb,2024,21.742
hrv,sex_f,age_aggregate_y25_54,geo_cov_nat,2002,21.027
hrv,sex_f,age_aggregate_y25_54,geo_cov_nat,2003,20.057
hrv,sex_f,age_aggregate_y25_54,geo_cov_nat,2004,19.049
hrv,sex_f,age_aggregate_y25_54,geo_cov_nat,2005,17.775
hrv,sex_f,age_aggregate_y25_54,geo_cov_nat,2006,18.716
hrv,sex_f,age_aggregate_y25_54,geo_cov_nat,2007,16.785
hrv,sex_f,age_aggregate_y25_54,geo_cov_nat,2008,15.561
hrv,sex_f,age_aggregate_y25_54,geo_cov_nat,2009,15.611
hrv,sex_f,age_aggregate_y25_54,geo_cov_nat,2010,17.502
hrv,sex_f,age_aggregate_y25_54,geo_cov_nat,2011,20.49
hrv,sex_f,age_aggregate_y25_54,geo_cov_nat,2012,22.394
hrv,sex_f,age_aggregate_y25_54,geo_cov_nat,2013,24.188
hrv,sex_f,age_aggregate_y25_54,geo_cov_nat,2014,23.186
hrv,sex_f,age_aggregate_y25_54,geo_cov_nat,2015,21.651
hrv,sex_f,age_aggregate_y25_54,geo_cov_nat,2016,21.638
hrv,sex_f,age_aggregate_y25_54,geo_cov_nat,2017,18.124
hrv,sex_f,age_aggregate_y25_54,geo_cov_nat,2018,15.617
hrv,sex_f,age_aggregate_y25_54,geo_cov_nat,2019,13.05
hrv,sex_f,age_aggregate_y25_54,geo_cov_nat,2020,12.383
hrv,sex_f,age_aggregate_y25_54,geo_cov_nat,2021,10.207
hrv,sex_f,age_aggregate_y25_54,geo_cov_nat,2022,9.48
hrv,sex_f,age_aggregate_y25_54,geo_cov_nat,2023,8.153
hrv,sex_f,age_aggregate_y25_54,geo_cov_nat,2024,6.446
hrv,sex_f,age_aggregate_y25_54,geo_cov_rur,2007,36.547
hrv,sex_f,age_aggregate_y25_54,geo_cov_rur,2010,39.754
hrv,sex_f,age_aggregate_y25_54,geo_cov_rur,2011,43.961
hrv,sex_f,age_aggregate_y25_54,geo_cov_rur,2012,26.679
hrv,sex_f,age_aggregate_y25_54,geo_cov_rur,2013,28.826
hrv,sex_f,age_aggregate_y25_54,geo_cov_rur,2014,27.067
hrv,sex_f,age_aggregate_y25_54,geo_cov_rur,2015,26.174
hrv,sex_f,age_aggregate_y25_54,geo_cov_rur,2016,26.007
hrv,sex_f,age_aggregate_y25_54,geo_cov_rur,2017,24.93
hrv,sex_f,age_aggregate_y25_54,geo_cov_rur,2018,20.716
hrv,sex_f,age_aggregate_y25_54,geo_cov_rur,2019,15.311
hrv,sex_f,age_aggregate_y25_54,geo_cov_rur,2020,14.394
hrv,sex_f,age_aggregate_y25_54,geo_cov_rur,2021,10.557
hrv,sex_f,age_aggregate_y25_54,geo_cov_rur,2022,10.665
hrv,sex_f,age_aggregate_y25_54,geo_cov_rur,2023,9.895
hrv,sex_f,age_aggregate_y25_54,geo_cov_rur,2024,6.93
hrv,sex_f,age_aggregate_y25_54,geo_cov_urb,2002,21.003
hrv,sex_f,age_aggregate_y25_54,geo_cov_urb,2003,20.054
hrv,sex_f,age_aggregate_y25_54,geo_cov_urb,2004,19.048
hrv,sex_f,age_aggregate_y25_54,geo_cov_urb,2005,17.783
hrv,sex_f,age_aggregate_y25_54,geo_cov_urb,2006,18.703
hrv,sex_f,age_aggregate_y25_54,geo_cov_urb,2007,16.728
hrv,sex_f,age_aggregate_y25_54,geo_cov_urb,2008,15.576
hrv,sex_f,age_aggregate_y25_54,geo_cov_urb,2009,15.623
hrv,sex_f,age_aggregate_y25_54,geo_cov_urb,2010,17.431
hrv,sex_f,age_aggregate_y25_54,geo_cov_urb,2011,20.439
hrv,sex_f,age_aggregate_y25_54,geo_cov_urb,2012,19.921
hrv,sex_f,age_aggregate_y25_54,geo_cov_urb,2013,21.542
hrv,sex_f,age_aggregate_y25_54,geo_cov_urb,2014,20.975
hrv,sex_f,age_aggregate_y25_54,geo_cov_urb,2015,19.182
hrv,sex_f,age_aggregate_y25_54,geo_cov_urb,2016,19.471
hrv,sex_f,age_aggregate_y25_54,geo_cov_urb,2017,14.531
hrv,sex_f,age_aggregate_y25_54,geo_cov_urb,2018,13.123
hrv,sex_f,age_aggregate_y25_54,geo_cov_urb,2019,11.954
hrv,sex_f,age_aggregate_y25_54,geo_cov_urb,2020,11.314
hrv,sex_f,age_aggregate_y25_54,geo_cov_urb,2021,10.03
hrv,sex_f,age_aggregate_y25_54,geo_cov_urb,2022,8.854
hrv,sex_f,age_aggregate_y25_54,geo_cov_urb,2023,7.257
hrv,sex_f,age_aggregate_y25_54,geo_cov_urb,2024,6.214
hrv,sex_f,age_aggregate_y55_64,geo_cov_nat,2002,12.771
hrv,sex_f,age_aggregate_y55_64,geo_cov_nat,2003,12.37
hrv,sex_f,age_aggregate_y55_64,geo_cov_nat,2004,13.176
hrv,sex_f,age_aggregate_y55_64,geo_cov_nat,2005,13.962
hrv,sex_f,age_aggregate_y55_64,geo_cov_nat,2006,15.891
hrv,sex_f,age_aggregate_y55_64,geo_cov_nat,2007,12.196
hrv,sex_f,age_aggregate_y55_64,geo_cov_nat,2008,11.603
hrv,sex_f,age_aggregate_y55_64,geo_cov_nat,2009,12.745
hrv,sex_f,age_aggregate_y55_64,geo_cov_nat,2010,13.709
hrv,sex_f,age_aggregate_y55_64,geo_cov_nat,2011,18.675
hrv,sex_f,age_aggregate_y55_64,geo_cov_nat,2012,24.429
hrv,sex_f,age_aggregate_y55_64,geo_cov_nat,2013,23.578
hrv,sex_f,age_aggregate_y55_64,geo_cov_nat,2014,26.142
hrv,sex_f,age_aggregate_y55_64,geo_cov_nat,2015,25.114
hrv,sex_f,age_aggregate_y55_64,geo_cov_nat,2016,20.238
hrv,sex_f,age_aggregate_y55_64,geo_cov_nat,2017,19.861
hrv,sex_f,age_aggregate_y55_64,geo_cov_nat,2018,15.005
hrv,sex_f,age_aggregate_y55_64,geo_cov_nat,2019,12.808
hrv,sex_f,age_aggregate_y55_64,geo_cov_nat,2020,13.363
hrv,sex_f,age_aggregate_y55_64,geo_cov_nat,2021,7.344
hrv,sex_f,age_aggregate_y55_64,geo_cov_nat,2022,9.131
hrv,sex_f,age_aggregate_y55_64,geo_cov_nat,2023,8.139
hrv,sex_f,age_aggregate_y55_64,geo_cov_nat,2024,6.262
hrv,sex_f,age_aggregate_y55_64,geo_cov_rur,2012,23.696
hrv,sex_f,age_aggregate_y55_64,geo_cov_rur,2013,24.678
hrv,sex_f,age_aggregate_y55_64,geo_cov_rur,2014,24.774
hrv,sex_f,age_aggregate_y55_64,geo_cov_rur,2015,22.627
hrv,sex_f,age_aggregate_y55_64,geo_cov_rur,2016,26.142
hrv,sex_f,age_aggregate_y55_64,geo_cov_rur,2017,26.071
hrv,sex_f,age_aggregate_y55_64,geo_cov_rur,2018,18.76
hrv,sex_f,age_aggregate_y55_64,geo_cov_rur,2019,13.67
hrv,sex_f,age_aggregate_y55_64,geo_cov_rur,2020,13.316
hrv,sex_f,age_aggregate_y55_64,geo_cov_rur,2021,9.475
hrv,sex_f,age_aggregate_y55_64,geo_cov_rur,2022,11.201
hrv,sex_f,age_aggregate_y55_64,geo_cov_rur,2023,13.202
hrv,sex_f,age_aggregate_y55_64,geo_cov_rur,2024,9.898
hrv,sex_f,age_aggregate_y55_64,geo_cov_urb,2002,12.825
hrv,sex_f,age_aggregate_y55_64,geo_cov_urb,2003,12.406
hrv,sex_f,age_aggregate_y55_64,geo_cov_urb,2004,13.176
hrv,sex_f,age_aggregate_y55_64,geo_cov_urb,2005,13.982
hrv,sex_f,age_aggregate_y55_64,geo_cov_urb,2006,15.891
hrv,sex_f,age_aggregate_y55_64,geo_cov_urb,2007,12.027
hrv,sex_f,age_aggregate_y55_64,geo_cov_urb,2008,11.636
hrv,sex_f,age_aggregate_y55_64,geo_cov_urb,2009,12.745
hrv,sex_f,age_aggregate_y55_64,geo_cov_urb,2010,13.709
hrv,sex_f,age_aggregate_y55_64,geo_cov_urb,2011,18.606
hrv,sex_f,age_aggregate_y55_64,geo_cov_urb,2012,24.849
hrv,sex_f,age_aggregate_y55_64,geo_cov_urb,2013,23.041
hrv,sex_f,age_aggregate_y55_64,geo_cov_urb,2014,26.833
hrv,sex_f,age_aggregate_y55_64,geo_cov_urb,2015,26.413
hrv,sex_f,age_aggregate_y55_64,geo_cov_urb,2016,17.911
hrv,sex_f,age_aggregate_y55_64,geo_cov_urb,2017,17.374
hrv,sex_f,age_aggregate_y55_64,geo_cov_urb,2018,13.229
hrv,sex_f,age_aggregate_y55_64,geo_cov_urb,2019,12.408
hrv,sex_f,age_aggregate_y55_64,geo_cov_urb,2020,13.385
hrv,sex_f,age_aggregate_y55_64,geo_cov_urb,2021,6.322
hrv,sex_f,age_aggregate_y55_64,geo_cov_urb,2022,8.203
hrv,sex_f,age_aggregate_y55_64,geo_cov_urb,2023,5.722
hrv,sex_f,age_aggregate_y55_64,geo_cov_urb,2024,4.71
hrv,sex_f,age_aggregate_yge65,geo_cov_nat,2003,4.645
hrv,sex_f,age_aggregate_yge65,geo_cov_nat,2004,5.343
hrv,sex_f,age_aggregate_yge65,geo_cov_nat,2005,5.503
hrv,sex_f,age_aggregate_yge65,geo_cov_nat,2006,5.799
hrv,sex_f,age_aggregate_yge65,geo_cov_nat,2007,3.401
hrv,sex_f,age_aggregate_yge65,geo_cov_nat,2008,5.107
hrv,sex_f,age_aggregate_yge65,geo_cov_nat,2009,7.7
hrv,sex_f,age_aggregate_yge65,geo_cov_nat,2010,8.243
hrv,sex_f,age_aggregate_yge65,geo_cov_nat,2011,10.823
hrv,sex_f,age_aggregate_yge65,geo_cov_nat,2012,22.873
hrv,sex_f,age_aggregate_yge65,geo_cov_nat,2013,32.489
hrv,sex_f,age_aggregate_yge65,geo_cov_nat,2014,31.088
hrv,sex_f,age_aggregate_yge65,geo_cov_nat,2015,29.246
hrv,sex_f,age_aggregate_yge65,geo_cov_nat,2016,41.057
hrv,sex_f,age_aggregate_yge65,geo_cov_nat,2017,28.043
hrv,sex_f,age_aggregate_yge65,geo_cov_nat,2018,19.246
hrv,sex_f,age_aggregate_yge65,geo_cov_nat,2019,12.152
hrv,sex_f,age_aggregate_yge65,geo_cov_nat,2020,26.062
hrv,sex_f,age_aggregate_yge65,geo_cov_nat,2021,19.113
hrv,sex_f,age_aggregate_yge65,geo_cov_nat,2022,22.363
hrv,sex_f,age_aggregate_yge65,geo_cov_nat,2023,9.492
hrv,sex_f,age_aggregate_yge65,geo_cov_nat,2024,15.305
hrv,sex_f,age_aggregate_yge65,geo_cov_rur,2012,5.331
hrv,sex_f,age_aggregate_yge65,geo_cov_rur,2013,12.505
hrv,sex_f,age_aggregate_yge65,geo_cov_rur,2014,14.822
hrv,sex_f,age_aggregate_yge65,geo_cov_rur,2015,16.972
hrv,sex_f,age_aggregate_yge65,geo_cov_rur,2016,22.964
hrv,sex_f,age_aggregate_yge65,geo_cov_rur,2017,21.982
hrv,sex_f,age_aggregate_yge65,geo_cov_rur,2019,7.104
hrv,sex_f,age_aggregate_yge65,geo_cov_rur,2020,17.807
hrv,sex_f,age_aggregate_yge65,geo_cov_rur,2021,10.659
hrv,sex_f,age_aggregate_yge65,geo_cov_rur,2022,10.442
hrv,sex_f,age_aggregate_yge65,geo_cov_rur,2023,6.983
hrv,sex_f,age_aggregate_yge65,geo_cov_urb,2003,4.645
hrv,sex_f,age_aggregate_yge65,geo_cov_urb,2004,5.343
hrv,sex_f,age_aggregate_yge65,geo_cov_urb,2005,5.521
hrv,sex_f,age_aggregate_yge65,geo_cov_urb,2006,5.816
hrv,sex_f,age_aggregate_yge65,geo_cov_urb,2007,3.451
hrv,sex_f,age_aggregate_yge65,geo_cov_urb,2008,5.153
hrv,sex_f,age_aggregate_yge65,geo_cov_urb,2009,7.7
hrv,sex_f,age_aggregate_yge65,geo_cov_urb,2010,8.243
hrv,sex_f,age_aggregate_yge65,geo_cov_urb,2011,10.823
hrv,sex_f,age_aggregate_yge65,geo_cov_urb,2012,47.742
hrv,sex_f,age_aggregate_yge65,geo_cov_urb,2013,55.715
hrv,sex_f,age_aggregate_yge65,geo_cov_urb,2014,46.007
hrv,sex_f,age_aggregate_yge65,geo_cov_urb,2015,43.017
hrv,sex_f,age_aggregate_yge65,geo_cov_urb,2016,55.766
hrv,sex_f,age_aggregate_yge65,geo_cov_urb,2017,32.455
hrv,sex_f,age_aggregate_yge65,geo_cov_urb,2018,30.382
hrv,sex_f,age_aggregate_yge65,geo_cov_urb,2019,14.854
hrv,sex_f,age_aggregate_yge65,geo_cov_urb,2020,29.064
hrv,sex_f,age_aggregate_yge65,geo_cov_urb,2021,22.248
hrv,sex_f,age_aggregate_yge65,geo_cov_urb,2022,25.849
hrv,sex_f,age_aggregate_yge65,geo_cov_urb,2023,10.77
hrv,sex_f,age_aggregate_yge65,geo_cov_urb,2024,18.092
hrv,sex_f,age_ythadult_y15_24,geo_cov_nat,2002,46.918
hrv,sex_f,age_ythadult_y15_24,geo_cov_nat,2003,45.254
hrv,sex_f,age_ythadult_y15_24,geo_cov_nat,2004,44.107
hrv,sex_f,age_ythadult_y15_24,geo_cov_nat,2005,42.375
hrv,sex_f,age_ythadult_y15_24,geo_cov_nat,2006,42.477
hrv,sex_f,age_ythadult_y15_24,geo_cov_nat,2007,41.474
hrv,sex_f,age_ythadult_y15_24,geo_cov_nat,2008,37.889
hrv,sex_f,age_ythadult_y15_24,geo_cov_nat,2009,38.374
hrv,sex_f,age_ythadult_y15_24,geo_cov_nat,2010,42.342
hrv,sex_f,age_ythadult_y15_24,geo_cov_nat,2011,45.973
hrv,sex_f,age_ythadult_y15_24,geo_cov_nat,2012,50.694
hrv,sex_f,age_ythadult_y15_24,geo_cov_nat,2013,62.61
hrv,sex_f,age_ythadult_y15_24,geo_cov_nat,2014,57.066
hrv,sex_f,age_ythadult_y15_24,geo_cov_nat,2015,54.893
hrv,sex_f,age_ythadult_y15_24,geo_cov_nat,2016,45.175
hrv,sex_f,age_ythadult_y15_24,geo_cov_nat,2017,42.155
hrv,sex_f,age_ythadult_y15_24,geo_cov_nat,2018,39.493
hrv,sex_f,age_ythadult_y15_24,geo_cov_nat,2019,29.868
hrv,sex_f,age_ythadult_y15_24,geo_cov_nat,2020,40.048
hrv,sex_f,age_ythadult_y15_24,geo_cov_nat,2021,36.139
hrv,sex_f,age_ythadult_y15_24,geo_cov_nat,2022,26.106
hrv,sex_f,age_ythadult_y15_24,geo_cov_nat,2023,26.928
hrv,sex_f,age_ythadult_y15_24,geo_cov_nat,2024,22.966
hrv,sex_f,age_ythadult_y15_24,geo_cov_rur,2002,100
hrv,sex_f,age_ythadult_y15_24,geo_cov_rur,2012,51.146
hrv,sex_f,age_ythadult_y15_24,geo_cov_rur,2013,67.367
hrv,sex_f,age_ythadult_y15_24,geo_cov_rur,2014,58.17
hrv,sex_f,age_ythadult_y15_24,geo_cov_rur,2015,57.957
hrv,sex_f,age_ythadult_y15_24,geo_cov_rur,2016,51.764
hrv,sex_f,age_ythadult_y15_24,geo_cov_rur,2017,47.398
hrv,sex_f,age_ythadult_y15_24,geo_cov_rur,2018,40.612
hrv,sex_f,age_ythadult_y15_24,geo_cov_rur,2019,32.109
hrv,sex_f,age_ythadult_y15_24,geo_cov_rur,2020,41.013
hrv,sex_f,age_ythadult_y15_24,geo_cov_rur,2021,33.41
hrv,sex_f,age_ythadult_y15_24,geo_cov_rur,2022,27.579
hrv,sex_f,age_ythadult_y15_24,geo_cov_rur,2023,25.502
hrv,sex_f,age_ythadult_y15_24,geo_cov_rur,2024,24.77
hrv,sex_f,age_ythadult_y15_24,geo_cov_urb,2002,46.486
hrv,sex_f,age_ythadult_y15_24,geo_cov_urb,2003,45.185
hrv,sex_f,age_ythadult_y15_24,geo_cov_urb,2004,44.306
hrv,sex_f,age_ythadult_y15_24,geo_cov_urb,2005,42.532
hrv,sex_f,age_ythadult_y15_24,geo_cov_urb,2006,42.545
hrv,sex_f,age_ythadult_y15_24,geo_cov_urb,2007,41.071
hrv,sex_f,age_ythadult_y15_24,geo_cov_urb,2008,37.559
hrv,sex_f,age_ythadult_y15_24,geo_cov_urb,2009,38.082
hrv,sex_f,age_ythadult_y15_24,geo_cov_urb,2010,42.102
hrv,sex_f,age_ythadult_y15_24,geo_cov_urb,2011,45.914
hrv,sex_f,age_ythadult_y15_24,geo_cov_urb,2012,50.22
hrv,sex_f,age_ythadult_y15_24,geo_cov_urb,2013,56.774
hrv,sex_f,age_ythadult_y15_24,geo_cov_urb,2014,56.235
hrv,sex_f,age_ythadult_y15_24,geo_cov_urb,2015,52.812
hrv,sex_f,age_ythadult_y15_24,geo_cov_urb,2016,40.279
hrv,sex_f,age_ythadult_y15_24,geo_cov_urb,2017,37.844
hrv,sex_f,age_ythadult_y15_24,geo_cov_urb,2018,38.816
hrv,sex_f,age_ythadult_y15_24,geo_cov_urb,2019,28.297
hrv,sex_f,age_ythadult_y15_24,geo_cov_urb,2020,39.285
hrv,sex_f,age_ythadult_y15_24,geo_cov_urb,2021,38.187
hrv,sex_f,age_ythadult_y15_24,geo_cov_urb,2022,24.86
hrv,sex_f,age_ythadult_y15_24,geo_cov_urb,2023,28.089
hrv,sex_f,age_ythadult_y15_24,geo_cov_urb,2024,21.742
hrv,sex_f,age_ythadult_y15_64,geo_cov_nat,2002,24.006
hrv,sex_f,age_ythadult_y15_64,geo_cov_nat,2003,22.557
hrv,sex_f,age_ythadult_y15_64,geo_cov_nat,2004,21.558
hrv,sex_f,age_ythadult_y15_64,geo_cov_nat,2005,20.2
hrv,sex_f,age_ythadult_y15_64,geo_cov_nat,2006,21.071
hrv,sex_f,age_ythadult_y15_64,geo_cov_nat,2007,19.071
hrv,sex_f,age_ythadult_y15_64,geo_cov_nat,2008,17.362
hrv,sex_f,age_ythadult_y15_64,geo_cov_nat,2009,17.479
hrv,sex_f,age_ythadult_y15_64,geo_cov_nat,2010,19.458
hrv,sex_f,age_ythadult_y15_64,geo_cov_nat,2011,22.465
hrv,sex_f,age_ythadult_y15_64,geo_cov_nat,2012,24.843
hrv,sex_f,age_ythadult_y15_64,geo_cov_nat,2013,27.208
hrv,sex_f,age_ythadult_y15_64,geo_cov_nat,2014,26.426
hrv,sex_f,age_ythadult_y15_64,geo_cov_nat,2015,24.911
hrv,sex_f,age_ythadult_y15_64,geo_cov_nat,2016,23.728
hrv,sex_f,age_ythadult_y15_64,geo_cov_nat,2017,20.567
hrv,sex_f,age_ythadult_y15_64,geo_cov_nat,2018,17.447
hrv,sex_f,age_ythadult_y15_64,geo_cov_nat,2019,14.291
hrv,sex_f,age_ythadult_y15_64,geo_cov_nat,2020,14.652
hrv,sex_f,age_ythadult_y15_64,geo_cov_nat,2021,11.65
hrv,sex_f,age_ythadult_y15_64,geo_cov_nat,2022,10.579
hrv,sex_f,age_ythadult_y15_64,geo_cov_nat,2023,9.288
hrv,sex_f,age_ythadult_y15_64,geo_cov_nat,2024,7.396
hrv,sex_f,age_ythadult_y15_64,geo_cov_rur,2012,28.916
hrv,sex_f,age_ythadult_y15_64,geo_cov_rur,2013,32.928
hrv,sex_f,age_ythadult_y15_64,geo_cov_rur,2014,29.922
hrv,sex_f,age_ythadult_y15_64,geo_cov_rur,2015,28.756
hrv,sex_f,age_ythadult_y15_64,geo_cov_rur,2016,29.192
hrv,sex_f,age_ythadult_y15_64,geo_cov_rur,2017,27.739
hrv,sex_f,age_ythadult_y15_64,geo_cov_rur,2018,22.262
hrv,sex_f,age_ythadult_y15_64,geo_cov_rur,2019,16.666
hrv,sex_f,age_ythadult_y15_64,geo_cov_rur,2020,16.811
hrv,sex_f,age_ythadult_y15_64,geo_cov_rur,2021,12.515
hrv,sex_f,age_ythadult_y15_64,geo_cov_rur,2022,12.312
hrv,sex_f,age_ythadult_y15_64,geo_cov_rur,2023,11.692
hrv,sex_f,age_ythadult_y15_64,geo_cov_rur,2024,8.751
hrv,sex_f,age_ythadult_y15_64,geo_cov_urb,2002,23.915
hrv,sex_f,age_ythadult_y15_64,geo_cov_urb,2003,22.534
hrv,sex_f,age_ythadult_y15_64,geo_cov_urb,2004,21.573
hrv,sex_f,age_ythadult_y15_64,geo_cov_urb,2005,20.222
hrv,sex_f,age_ythadult_y15_64,geo_cov_urb,2006,21.055
hrv,sex_f,age_ythadult_y15_64,geo_cov_urb,2007,18.954
hrv,sex_f,age_ythadult_y15_64,geo_cov_urb,2008,17.339
hrv,sex_f,age_ythadult_y15_64,geo_cov_urb,2009,17.456
hrv,sex_f,age_ythadult_y15_64,geo_cov_urb,2010,19.375
hrv,sex_f,age_ythadult_y15_64,geo_cov_urb,2011,22.413
hrv,sex_f,age_ythadult_y15_64,geo_cov_urb,2012,22.376
hrv,sex_f,age_ythadult_y15_64,geo_cov_urb,2013,23.795
hrv,sex_f,age_ythadult_y15_64,geo_cov_urb,2014,24.414
hrv,sex_f,age_ythadult_y15_64,geo_cov_urb,2015,22.784
hrv,sex_f,age_ythadult_y15_64,geo_cov_urb,2016,20.983
hrv,sex_f,age_ythadult_y15_64,geo_cov_urb,2017,16.755
hrv,sex_f,age_ythadult_y15_64,geo_cov_urb,2018,15.061
hrv,sex_f,age_ythadult_y15_64,geo_cov_urb,2019,13.112
hrv,sex_f,age_ythadult_y15_64,geo_cov_urb,2020,13.492
hrv,sex_f,age_ythadult_y15_64,geo_cov_urb,2021,11.203
hrv,sex_f,age_ythadult_y15_64,geo_cov_urb,2022,9.658
hrv,sex_f,age_ythadult_y15_64,geo_cov_urb,2023,8.031
hrv,sex_f,age_ythadult_y15_64,geo_cov_urb,2024,6.748
hrv,sex_f,age_ythadult_yge15,geo_cov_nat,2002,23.476
hrv,sex_f,age_ythadult_yge15,geo_cov_nat,2003,21.998
hrv,sex_f,age_ythadult_yge15,geo_cov_nat,2004,20.971
hrv,sex_f,age_ythadult_yge15,geo_cov_nat,2005,19.674
hrv,sex_f,age_ythadult_yge15,geo_cov_nat,2006,20.518
hrv,sex_f,age_ythadult_yge15,geo_cov_nat,2007,18.714
hrv,sex_f,age_ythadult_yge15,geo_cov_nat,2008,17.035
hrv,sex_f,age_ythadult_yge15,geo_cov_nat,2009,17.219
hrv,sex_f,age_ythadult_yge15,geo_cov_nat,2010,19.193
hrv,sex_f,age_ythadult_yge15,geo_cov_nat,2011,22.188
hrv,sex_f,age_ythadult_yge15,geo_cov_nat,2012,24.798
hrv,sex_f,age_ythadult_yge15,geo_cov_nat,2013,27.31
hrv,sex_f,age_ythadult_yge15,geo_cov_nat,2014,26.505
hrv,sex_f,age_ythadult_yge15,geo_cov_nat,2015,24.983
hrv,sex_f,age_ythadult_yge15,geo_cov_nat,2016,23.981
hrv,sex_f,age_ythadult_yge15,geo_cov_nat,2017,20.666
hrv,sex_f,age_ythadult_yge15,geo_cov_nat,2018,17.47
hrv,sex_f,age_ythadult_yge15,geo_cov_nat,2019,14.26
hrv,sex_f,age_ythadult_yge15,geo_cov_nat,2020,14.792
hrv,sex_f,age_ythadult_yge15,geo_cov_nat,2021,11.738
hrv,sex_f,age_ythadult_yge15,geo_cov_nat,2022,10.769
hrv,sex_f,age_ythadult_yge15,geo_cov_nat,2023,9.291
hrv,sex_f,age_ythadult_yge15,geo_cov_nat,2024,7.526
hrv,sex_f,age_ythadult_yge15,geo_cov_rur,2002,57.738
hrv,sex_f,age_ythadult_yge15,geo_cov_rur,2006,24.855
hrv,sex_f,age_ythadult_yge15,geo_cov_rur,2007,43.38
hrv,sex_f,age_ythadult_yge15,geo_cov_rur,2010,47.788
hrv,sex_f,age_ythadult_yge15,geo_cov_rur,2011,49.51
hrv,sex_f,age_ythadult_yge15,geo_cov_rur,2012,28.081
hrv,sex_f,age_ythadult_yge15,geo_cov_rur,2013,32.362
hrv,sex_f,age_ythadult_yge15,geo_cov_rur,2014,29.589
hrv,sex_f,age_ythadult_yge15,geo_cov_rur,2015,28.469
hrv,sex_f,age_ythadult_yge15,geo_cov_rur,2016,29.071
hrv,sex_f,age_ythadult_yge15,geo_cov_rur,2017,27.646
hrv,sex_f,age_ythadult_yge15,geo_cov_rur,2018,21.977
hrv,sex_f,age_ythadult_yge15,geo_cov_rur,2019,16.521
hrv,sex_f,age_ythadult_yge15,geo_cov_rur,2020,16.82
hrv,sex_f,age_ythadult_yge15,geo_cov_rur,2021,12.498
hrv,sex_f,age_ythadult_yge15,geo_cov_rur,2022,12.293
hrv,sex_f,age_ythadult_yge15,geo_cov_rur,2023,11.62
hrv,sex_f,age_ythadult_yge15,geo_cov_rur,2024,8.691
hrv,sex_f,age_ythadult_yge15,geo_cov_urb,2002,23.386
hrv,sex_f,age_ythadult_yge15,geo_cov_urb,2003,21.973
hrv,sex_f,age_ythadult_yge15,geo_cov_urb,2004,20.984
hrv,sex_f,age_ythadult_yge15,geo_cov_urb,2005,19.696
hrv,sex_f,age_ythadult_yge15,geo_cov_urb,2006,20.502
hrv,sex_f,age_ythadult_yge15,geo_cov_urb,2007,18.604
hrv,sex_f,age_ythadult_yge15,geo_cov_urb,2008,17.015
hrv,sex_f,age_ythadult_yge15,geo_cov_urb,2009,17.195
hrv,sex_f,age_ythadult_yge15,geo_cov_urb,2010,19.111
hrv,sex_f,age_ythadult_yge15,geo_cov_urb,2011,22.138
hrv,sex_f,age_ythadult_yge15,geo_cov_urb,2012,22.768
hrv,sex_f,age_ythadult_yge15,geo_cov_urb,2013,24.255
hrv,sex_f,age_ythadult_yge15,geo_cov_urb,2014,24.715
hrv,sex_f,age_ythadult_yge15,geo_cov_urb,2015,23.03
hrv,sex_f,age_ythadult_yge15,geo_cov_urb,2016,21.405
hrv,sex_f,age_ythadult_yge15,geo_cov_urb,2017,16.941
hrv,sex_f,age_ythadult_yge15,geo_cov_urb,2018,15.222
hrv,sex_f,age_ythadult_yge15,geo_cov_urb,2019,13.137
hrv,sex_f,age_ythadult_yge15,geo_cov_urb,2020,13.707
hrv,sex_f,age_ythadult_yge15,geo_cov_urb,2021,11.346
hrv,sex_f,age_ythadult_yge15,geo_cov_urb,2022,9.967
hrv,sex_f,age_ythadult_yge15,geo_cov_urb,2023,8.074
hrv,sex_f,age_ythadult_yge15,geo_cov_urb,2024,6.974
hrv,sex_f,age_ythadult_yge25,geo_cov_nat,2002,20.038
hrv,sex_f,age_ythadult_yge25,geo_cov_nat,2003,18.905
hrv,sex_f,age_ythadult_yge25,geo_cov_nat,2004,17.985
hrv,sex_f,age_ythadult_yge25,geo_cov_nat,2005,16.886
hrv,sex_f,age_ythadult_yge25,geo_cov_nat,2006,17.875
hrv,sex_f,age_ythadult_yge25,geo_cov_nat,2007,16.023
hrv,sex_f,age_ythadult_yge25,geo_cov_nat,2008,14.869
hrv,sex_f,age_ythadult_yge25,geo_cov_nat,2009,15.056
hrv,sex_f,age_ythadult_yge25,geo_cov_nat,2010,16.833
hrv,sex_f,age_ythadult_yge25,geo_cov_nat,2011,20.021
hrv,sex_f,age_ythadult_yge25,geo_cov_nat,2012,22.667
hrv,sex_f,age_ythadult_yge25,geo_cov_nat,2013,24.276
hrv,sex_f,age_ythadult_yge25,geo_cov_nat,2014,23.715
hrv,sex_f,age_ythadult_yge25,geo_cov_nat,2015,22.284
hrv,sex_f,age_ythadult_yge25,geo_cov_nat,2016,21.753
hrv,sex_f,age_ythadult_yge25,geo_cov_nat,2017,18.527
hrv,sex_f,age_ythadult_yge25,geo_cov_nat,2018,15.573
hrv,sex_f,age_ythadult_yge25,geo_cov_nat,2019,12.998
hrv,sex_f,age_ythadult_yge25,geo_cov_nat,2020,12.729
hrv,sex_f,age_ythadult_yge25,geo_cov_nat,2021,9.807
hrv,sex_f,age_ythadult_yge25,geo_cov_nat,2022,9.637
hrv,sex_f,age_ythadult_yge25,geo_cov_nat,2023,8.172
hrv,sex_f,age_ythadult_yge25,geo_cov_nat,2024,6.565
hrv,sex_f,age_ythadult_yge25,geo_cov_rur,2007,31.502
hrv,sex_f,age_ythadult_yge25,geo_cov_rur,2010,39.754
hrv,sex_f,age_ythadult_yge25,geo_cov_rur,2011,46.919
hrv,sex_f,age_ythadult_yge25,geo_cov_rur,2012,25.462
hrv,sex_f,age_ythadult_yge25,geo_cov_rur,2013,27.782
hrv,sex_f,age_ythadult_yge25,geo_cov_rur,2014,26.492
hrv,sex_f,age_ythadult_yge25,geo_cov_rur,2015,25.436
hrv,sex_f,age_ythadult_yge25,geo_cov_rur,2016,25.956
hrv,sex_f,age_ythadult_yge25,geo_cov_rur,2017,25.019
hrv,sex_f,age_ythadult_yge25,geo_cov_rur,2018,20.138
hrv,sex_f,age_ythadult_yge25,geo_cov_rur,2019,14.926
hrv,sex_f,age_ythadult_yge25,geo_cov_rur,2020,14.261
hrv,sex_f,age_ythadult_yge25,geo_cov_rur,2021,10.37
hrv,sex_f,age_ythadult_yge25,geo_cov_rur,2022,10.756
hrv,sex_f,age_ythadult_yge25,geo_cov_rur,2023,10.446
hrv,sex_f,age_ythadult_yge25,geo_cov_rur,2024,7.412
hrv,sex_f,age_ythadult_yge25,geo_cov_urb,2002,20.019
hrv,sex_f,age_ythadult_yge25,geo_cov_urb,2003,18.903
hrv,sex_f,age_ythadult_yge25,geo_cov_urb,2004,17.983
hrv,sex_f,age_ythadult_yge25,geo_cov_urb,2005,16.895
hrv,sex_f,age_ythadult_yge25,geo_cov_urb,2006,17.864
hrv,sex_f,age_ythadult_yge25,geo_cov_urb,2007,15.964
hrv,sex_f,age_ythadult_yge25,geo_cov_urb,2008,14.889
hrv,sex_f,age_ythadult_yge25,geo_cov_urb,2009,15.066
hrv,sex_f,age_ythadult_yge25,geo_cov_urb,2010,16.77
hrv,sex_f,age_ythadult_yge25,geo_cov_urb,2011,19.969
hrv,sex_f,age_ythadult_yge25,geo_cov_urb,2012,21.016
hrv,sex_f,age_ythadult_yge25,geo_cov_urb,2013,22.288
hrv,sex_f,age_ythadult_yge25,geo_cov_urb,2014,22.143
hrv,sex_f,age_ythadult_yge25,geo_cov_urb,2015,20.549
hrv,sex_f,age_ythadult_yge25,geo_cov_urb,2016,19.715
hrv,sex_f,age_ythadult_yge25,geo_cov_urb,2017,15.216
hrv,sex_f,age_ythadult_yge25,geo_cov_urb,2018,13.336
hrv,sex_f,age_ythadult_yge25,geo_cov_urb,2019,12.068
hrv,sex_f,age_ythadult_yge25,geo_cov_urb,2020,11.937
hrv,sex_f,age_ythadult_yge25,geo_cov_urb,2021,9.525
hrv,sex_f,age_ythadult_yge25,geo_cov_urb,2022,9.068
hrv,sex_f,age_ythadult_yge25,geo_cov_urb,2023,7.019
hrv,sex_f,age_ythadult_yge25,geo_cov_urb,2024,6.173
hrv,sex_m,age_aggregate_total,geo_cov_nat,2002,16.444
hrv,sex_m,age_aggregate_total,geo_cov_nat,2003,16.394
hrv,sex_m,age_aggregate_total,geo_cov_nat,2004,15.253
hrv,sex_m,age_aggregate_total,geo_cov_nat,2005,14.699
hrv,sex_m,age_aggregate_total,geo_cov_nat,2006,13.869
hrv,sex_m,age_aggregate_total,geo_cov_nat,2007,12.31
hrv,sex_m,age_aggregate_total,geo_cov_nat,2008,10.497
hrv,sex_m,age_aggregate_total,geo_cov_nat,2009,12.173
hrv,sex_m,age_aggregate_total,geo_cov_nat,2010,15.234
hrv,sex_m,age_aggregate_total,geo_cov_nat,2011,17.679
hrv,sex_m,age_aggregate_total,geo_cov_nat,2012,21.086
hrv,sex_m,age_aggregate_total,geo_cov_nat,2013,24.166
hrv,sex_m,age_aggregate_total,geo_cov_nat,2014,22.412
hrv,sex_m,age_aggregate_total,geo_cov_nat,2015,21.292
hrv,sex_m,age_aggregate_total,geo_cov_nat,2016,19.079
hrv,sex_m,age_aggregate_total,geo_cov_nat,2017,15.142
hrv,sex_m,age_aggregate_total,geo_cov_nat,2018,11.959
hrv,sex_m,age_aggregate_total,geo_cov_nat,2019,10.48
hrv,sex_m,age_aggregate_total,geo_cov_nat,2020,11.184
hrv,sex_m,age_aggregate_total,geo_cov_nat,2021,9.685
hrv,sex_m,age_aggregate_total,geo_cov_nat,2022,7.974
hrv,sex_m,age_aggregate_total,geo_cov_nat,2023,7.557
hrv,sex_m,age_aggregate_total,geo_cov_nat,2024,6.643
hrv,sex_m,age_aggregate_total,geo_cov_rur,2003,22.313
hrv,sex_m,age_aggregate_total,geo_cov_rur,2006,21.318
hrv,sex_m,age_aggregate_total,geo_cov_rur,2011,12.774
hrv,sex_m,age_aggregate_total,geo_cov_rur,2012,18.96
hrv,sex_m,age_aggregate_total,geo_cov_rur,2013,23.428
hrv,sex_m,age_aggregate_total,geo_cov_rur,2014,23.043
hrv,sex_m,age_aggregate_total,geo_cov_rur,2015,21.811
hrv,sex_m,age_aggregate_total,geo_cov_rur,2016,19.029
hrv,sex_m,age_aggregate_total,geo_cov_rur,2017,15.283
hrv,sex_m,age_aggregate_total,geo_cov_rur,2018,12.745
hrv,sex_m,age_aggregate_total,geo_cov_rur,2019,9.87
hrv,sex_m,age_aggregate_total,geo_cov_rur,2020,10.845
hrv,sex_m,age_aggregate_total,geo_cov_rur,2021,8.87
hrv,sex_m,age_aggregate_total,geo_cov_rur,2022,7.209
hrv,sex_m,age_aggregate_total,geo_cov_rur,2023,6.877
hrv,sex_m,age_aggregate_total,geo_cov_rur,2024,6.172
hrv,sex_m,age_aggregate_total,geo_cov_urb,2002,16.429
hrv,sex_m,age_aggregate_total,geo_cov_urb,2003,16.359
hrv,sex_m,age_aggregate_total,geo_cov_urb,2004,15.25
hrv,sex_m,age_aggregate_total,geo_cov_urb,2005,14.722
hrv,sex_m,age_aggregate_total,geo_cov_urb,2006,13.834
hrv,sex_m,age_aggregate_total,geo_cov_urb,2007,12.372
hrv,sex_m,age_aggregate_total,geo_cov_urb,2008,10.51
hrv,sex_m,age_aggregate_total,geo_cov_urb,2009,12.19
hrv,sex_m,age_aggregate_total,geo_cov_urb,2010,15.26
hrv,sex_m,age_aggregate_total,geo_cov_urb,2011,17.689
hrv,sex_m,age_aggregate_total,geo_cov_urb,2012,22.596
hrv,sex_m,age_aggregate_total,geo_cov_urb,2013,24.691
hrv,sex_m,age_aggregate_total,geo_cov_urb,2014,21.962
hrv,sex_m,age_aggregate_total,geo_cov_urb,2015,20.939
hrv,sex_m,age_aggregate_total,geo_cov_urb,2016,19.108
hrv,sex_m,age_aggregate_total,geo_cov_urb,2017,15.058
hrv,sex_m,age_aggregate_total,geo_cov_urb,2018,11.498
hrv,sex_m,age_aggregate_total,geo_cov_urb,2019,10.856
hrv,sex_m,age_aggregate_total,geo_cov_urb,2020,11.408
hrv,sex_m,age_aggregate_total,geo_cov_urb,2021,10.182
hrv,sex_m,age_aggregate_total,geo_cov_urb,2022,8.431
hrv,sex_m,age_aggregate_total,geo_cov_urb,2023,7.981
hrv,sex_m,age_aggregate_total,geo_cov_urb,2024,6.904
hrv,sex_m,age_aggregate_y15_24,geo_cov_nat,2002,39.613
hrv,sex_m,age_aggregate_y15_24,geo_cov_nat,2003,40.575
hrv,sex_m,age_aggregate_y15_24,geo_cov_nat,2004,34.672
hrv,sex_m,age_aggregate_y15_24,geo_cov_nat,2005,35.611
hrv,sex_m,age_aggregate_y15_24,geo_cov_nat,2006,34.15
hrv,sex_m,age_aggregate_y15_24,geo_cov_nat,2007,29.31
hrv,sex_m,age_aggregate_y15_24,geo_cov_nat,2008,26.707
hrv,sex_m,age_aggregate_y15_24,geo_cov_nat,2009,30.558
hrv,sex_m,age_aggregate_y15_24,geo_cov_nat,2010,37.623
hrv,sex_m,age_aggregate_y15_24,geo_cov_nat,2011,42.584
hrv,sex_m,age_aggregate_y15_24,geo_cov_nat,2012,48.549
hrv,sex_m,age_aggregate_y15_24,geo_cov_nat,2013,57.909
hrv,sex_m,age_aggregate_y15_24,geo_cov_nat,2014,55.425
hrv,sex_m,age_aggregate_y15_24,geo_cov_nat,2015,50.155
hrv,sex_m,age_aggregate_y15_24,geo_cov_nat,2016,43.082
hrv,sex_m,age_aggregate_y15_24,geo_cov_nat,2017,36.342
hrv,sex_m,age_aggregate_y15_24,geo_cov_nat,2018,29.937
hrv,sex_m,age_aggregate_y15_24,geo_cov_nat,2019,24.196
hrv,sex_m,age_aggregate_y15_24,geo_cov_nat,2020,27.004
hrv,sex_m,age_aggregate_y15_24,geo_cov_nat,2021,24.527
hrv,sex_m,age_aggregate_y15_24,geo_cov_nat,2022,19.955
hrv,sex_m,age_aggregate_y15_24,geo_cov_nat,2023,21.216
hrv,sex_m,age_aggregate_y15_24,geo_cov_nat,2024,19.807
hrv,sex_m,age_aggregate_y15_24,geo_cov_rur,2012,42.931
hrv,sex_m,age_aggregate_y15_24,geo_cov_rur,2013,54.141
hrv,sex_m,age_aggregate_y15_24,geo_cov_rur,2014,51.607
hrv,sex_m,age_aggregate_y15_24,geo_cov_rur,2015,46.986
hrv,sex_m,age_aggregate_y15_24,geo_cov_rur,2016,39.965
hrv,sex_m,age_aggregate_y15_24,geo_cov_rur,2017,34.719
hrv,sex_m,age_aggregate_y15_24,geo_cov_rur,2018,25.348
hrv,sex_m,age_aggregate_y15_24,geo_cov_rur,2019,21.633
hrv,sex_m,age_aggregate_y15_24,geo_cov_rur,2020,23.685
hrv,sex_m,age_aggregate_y15_24,geo_cov_rur,2021,20.665
hrv,sex_m,age_aggregate_y15_24,geo_cov_rur,2022,19.233
hrv,sex_m,age_aggregate_y15_24,geo_cov_rur,2023,20.97
hrv,sex_m,age_aggregate_y15_24,geo_cov_rur,2024,17.973
hrv,sex_m,age_aggregate_y15_24,geo_cov_urb,2002,39.489
hrv,sex_m,age_aggregate_y15_24,geo_cov_urb,2003,40.778
hrv,sex_m,age_aggregate_y15_24,geo_cov_urb,2004,34.851
hrv,sex_m,age_aggregate_y15_24,geo_cov_urb,2005,35.737
hrv,sex_m,age_aggregate_y15_24,geo_cov_urb,2006,34.189
hrv,sex_m,age_aggregate_y15_24,geo_cov_urb,2007,29.69
hrv,sex_m,age_aggregate_y15_24,geo_cov_urb,2008,26.866
hrv,sex_m,age_aggregate_y15_24,geo_cov_urb,2009,30.558
hrv,sex_m,age_aggregate_y15_24,geo_cov_urb,2010,37.607
hrv,sex_m,age_aggregate_y15_24,geo_cov_urb,2011,42.607
hrv,sex_m,age_aggregate_y15_24,geo_cov_urb,2012,54.716
hrv,sex_m,age_aggregate_y15_24,geo_cov_urb,2013,62.075
hrv,sex_m,age_aggregate_y15_24,geo_cov_urb,2014,59.121
hrv,sex_m,age_aggregate_y15_24,geo_cov_urb,2015,53.691
hrv,sex_m,age_aggregate_y15_24,geo_cov_urb,2016,45.489
hrv,sex_m,age_aggregate_y15_24,geo_cov_urb,2017,37.639
hrv,sex_m,age_aggregate_y15_24,geo_cov_urb,2018,33.499
hrv,sex_m,age_aggregate_y15_24,geo_cov_urb,2019,26.369
hrv,sex_m,age_aggregate_y15_24,geo_cov_urb,2020,30.052
hrv,sex_m,age_aggregate_y15_24,geo_cov_urb,2021,28.158
hrv,sex_m,age_aggregate_y15_24,geo_cov_urb,2022,20.597
hrv,sex_m,age_aggregate_y15_24,geo_cov_urb,2023,21.408
hrv,sex_m,age_aggregate_y15_24,geo_cov_urb,2024,21.212
hrv,sex_m,age_aggregate_y25_54,geo_cov_nat,2002,12.716
hrv,sex_m,age_aggregate_y25_54,geo_cov_nat,2003,12.832
hrv,sex_m,age_aggregate_y25_54,geo_cov_nat,2004,12.528
hrv,sex_m,age_aggregate_y25_54,geo_cov_nat,2005,11.59
hrv,sex_m,age_aggregate_y25_54,geo_cov_nat,2006,10.763
hrv,sex_m,age_aggregate_y25_54,geo_cov_nat,2007,9.597
hrv,sex_m,age_aggregate_y25_54,geo_cov_nat,2008,7.647
hrv,sex_m,age_aggregate_y25_54,geo_cov_nat,2009,9.413
hrv,sex_m,age_aggregate_y25_54,geo_cov_nat,2010,12.718
hrv,sex_m,age_aggregate_y25_54,geo_cov_nat,2011,15.382
hrv,sex_m,age_aggregate_y25_54,geo_cov_nat,2012,18.376
hrv,sex_m,age_aggregate_y25_54,geo_cov_nat,2013,19.869
hrv,sex_m,age_aggregate_y25_54,geo_cov_nat,2014,17.71
hrv,sex_m,age_aggregate_y25_54,geo_cov_nat,2015,16.831
hrv,sex_m,age_aggregate_y25_54,geo_cov_nat,2016,14.755
hrv,sex_m,age_aggregate_y25_54,geo_cov_nat,2017,12.147
hrv,sex_m,age_aggregate_y25_54,geo_cov_nat,2018,9.939
hrv,sex_m,age_aggregate_y25_54,geo_cov_nat,2019,9.137
hrv,sex_m,age_aggregate_y25_54,geo_cov_nat,2020,9.754
hrv,sex_m,age_aggregate_y25_54,geo_cov_nat,2021,8.385
hrv,sex_m,age_aggregate_y25_54,geo_cov_nat,2022,6.817
hrv,sex_m,age_aggregate_y25_54,geo_cov_nat,2023,6.332
hrv,sex_m,age_aggregate_y25_54,geo_cov_nat,2024,5.621
hrv,sex_m,age_aggregate_y25_54,geo_cov_rur,2003,26.421
hrv,sex_m,age_aggregate_y25_54,geo_cov_rur,2006,19.287
hrv,sex_m,age_aggregate_y25_54,geo_cov_rur,2012,15.937
hrv,sex_m,age_aggregate_y25_54,geo_cov_rur,2013,19.093
hrv,sex_m,age_aggregate_y25_54,geo_cov_rur,2014,18.708
hrv,sex_m,age_aggregate_y25_54,geo_cov_rur,2015,17.963
hrv,sex_m,age_aggregate_y25_54,geo_cov_rur,2016,15.29
hrv,sex_m,age_aggregate_y25_54,geo_cov_rur,2017,11.931
hrv,sex_m,age_aggregate_y25_54,geo_cov_rur,2018,11.15
hrv,sex_m,age_aggregate_y25_54,geo_cov_rur,2019,8.682
hrv,sex_m,age_aggregate_y25_54,geo_cov_rur,2020,9.355
hrv,sex_m,age_aggregate_y25_54,geo_cov_rur,2021,7.429
hrv,sex_m,age_aggregate_y25_54,geo_cov_rur,2022,5.413
hrv,sex_m,age_aggregate_y25_54,geo_cov_rur,2023,5.246
hrv,sex_m,age_aggregate_y25_54,geo_cov_rur,2024,4.93
hrv,sex_m,age_aggregate_y25_54,geo_cov_urb,2002,12.713
hrv,sex_m,age_aggregate_y25_54,geo_cov_urb,2003,12.753
hrv,sex_m,age_aggregate_y25_54,geo_cov_urb,2004,12.487
hrv,sex_m,age_aggregate_y25_54,geo_cov_urb,2005,11.62
hrv,sex_m,age_aggregate_y25_54,geo_cov_urb,2006,10.723
hrv,sex_m,age_aggregate_y25_54,geo_cov_urb,2007,9.64
hrv,sex_m,age_aggregate_y25_54,geo_cov_urb,2008,7.66
hrv,sex_m,age_aggregate_y25_54,geo_cov_urb,2009,9.43
hrv,sex_m,age_aggregate_y25_54,geo_cov_urb,2010,12.759
hrv,sex_m,age_aggregate_y25_54,geo_cov_urb,2011,15.415
hrv,sex_m,age_aggregate_y25_54,geo_cov_urb,2012,19.981
hrv,sex_m,age_aggregate_y25_54,geo_cov_urb,2013,20.378
hrv,sex_m,age_aggregate_y25_54,geo_cov_urb,2014,17.04
hrv,sex_m,age_aggregate_y25_54,geo_cov_urb,2015,16.118
hrv,sex_m,age_aggregate_y25_54,geo_cov_urb,2016,14.457
hrv,sex_m,age_aggregate_y25_54,geo_cov_urb,2017,12.27
hrv,sex_m,age_aggregate_y25_54,geo_cov_urb,2018,9.259
hrv,sex_m,age_aggregate_y25_54,geo_cov_urb,2019,9.406
hrv,sex_m,age_aggregate_y25_54,geo_cov_urb,2020,10.006
hrv,sex_m,age_aggregate_y25_54,geo_cov_urb,2021,8.926
hrv,sex_m,age_aggregate_y25_54,geo_cov_urb,2022,7.598
hrv,sex_m,age_aggregate_y25_54,geo_cov_urb,2023,6.989
hrv,sex_m,age_aggregate_y25_54,geo_cov_urb,2024,5.989
hrv,sex_m,age_aggregate_y55_64,geo_cov_nat,2002,14.121
hrv,sex_m,age_aggregate_y55_64,geo_cov_nat,2003,13.616
hrv,sex_m,age_aggregate_y55_64,geo_cov_nat,2004,12.517
hrv,sex_m,age_aggregate_y55_64,geo_cov_nat,2005,13.482
hrv,sex_m,age_aggregate_y55_64,geo_cov_nat,2006,12.81
hrv,sex_m,age_aggregate_y55_64,geo_cov_nat,2007,12.696
hrv,sex_m,age_aggregate_y55_64,geo_cov_nat,2008,12.67
hrv,sex_m,age_aggregate_y55_64,geo_cov_nat,2009,12.543
hrv,sex_m,age_aggregate_y55_64,geo_cov_nat,2010,12.751
hrv,sex_m,age_aggregate_y55_64,geo_cov_nat,2011,14.165
hrv,sex_m,age_aggregate_y55_64,geo_cov_nat,2012,18.194
hrv,sex_m,age_aggregate_y55_64,geo_cov_nat,2013,22.852
hrv,sex_m,age_aggregate_y55_64,geo_cov_nat,2014,21.449
hrv,sex_m,age_aggregate_y55_64,geo_cov_nat,2015,21.834
hrv,sex_m,age_aggregate_y55_64,geo_cov_nat,2016,19.602
hrv,sex_m,age_aggregate_y55_64,geo_cov_nat,2017,14.318
hrv,sex_m,age_aggregate_y55_64,geo_cov_nat,2018,10.452
hrv,sex_m,age_aggregate_y55_64,geo_cov_nat,2019,8.275
hrv,sex_m,age_aggregate_y55_64,geo_cov_nat,2020,8.348
hrv,sex_m,age_aggregate_y55_64,geo_cov_nat,2021,7.28
hrv,sex_m,age_aggregate_y55_64,geo_cov_nat,2022,6.782
hrv,sex_m,age_aggregate_y55_64,geo_cov_nat,2023,6.235
hrv,sex_m,age_aggregate_y55_64,geo_cov_nat,2024,4.896
hrv,sex_m,age_aggregate_y55_64,geo_cov_rur,2011,60.839
hrv,sex_m,age_aggregate_y55_64,geo_cov_rur,2012,15.896
hrv,sex_m,age_aggregate_y55_64,geo_cov_rur,2013,20.314
hrv,sex_m,age_aggregate_y55_64,geo_cov_rur,2014,20.777
hrv,sex_m,age_aggregate_y55_64,geo_cov_rur,2015,18.939
hrv,sex_m,age_aggregate_y55_64,geo_cov_rur,2016,18.365
hrv,sex_m,age_aggregate_y55_64,geo_cov_rur,2017,15.425
hrv,sex_m,age_aggregate_y55_64,geo_cov_rur,2018,11.721
hrv,sex_m,age_aggregate_y55_64,geo_cov_rur,2019,7.218
hrv,sex_m,age_aggregate_y55_64,geo_cov_rur,2020,8.924
hrv,sex_m,age_aggregate_y55_64,geo_cov_rur,2021,7.197
hrv,sex_m,age_aggregate_y55_64,geo_cov_rur,2022,6.745
hrv,sex_m,age_aggregate_y55_64,geo_cov_rur,2023,5.486
hrv,sex_m,age_aggregate_y55_64,geo_cov_rur,2024,4.708
hrv,sex_m,age_aggregate_y55_64,geo_cov_urb,2002,14.196
hrv,sex_m,age_aggregate_y55_64,geo_cov_urb,2003,13.536
hrv,sex_m,age_aggregate_y55_64,geo_cov_urb,2004,12.59
hrv,sex_m,age_aggregate_y55_64,geo_cov_urb,2005,13.482
hrv,sex_m,age_aggregate_y55_64,geo_cov_urb,2006,12.823
hrv,sex_m,age_aggregate_y55_64,geo_cov_urb,2007,12.694
hrv,sex_m,age_aggregate_y55_64,geo_cov_urb,2008,12.605
hrv,sex_m,age_aggregate_y55_64,geo_cov_urb,2009,12.543
hrv,sex_m,age_aggregate_y55_64,geo_cov_urb,2010,12.714
hrv,sex_m,age_aggregate_y55_64,geo_cov_urb,2011,14.049
hrv,sex_m,age_aggregate_y55_64,geo_cov_urb,2012,19.779
hrv,sex_m,age_aggregate_y55_64,geo_cov_urb,2013,24.706
hrv,sex_m,age_aggregate_y55_64,geo_cov_urb,2014,21.927
hrv,sex_m,age_aggregate_y55_64,geo_cov_urb,2015,23.747
hrv,sex_m,age_aggregate_y55_64,geo_cov_urb,2016,20.366
hrv,sex_m,age_aggregate_y55_64,geo_cov_urb,2017,13.613
hrv,sex_m,age_aggregate_y55_64,geo_cov_urb,2018,9.712
hrv,sex_m,age_aggregate_y55_64,geo_cov_urb,2019,8.905
hrv,sex_m,age_aggregate_y55_64,geo_cov_urb,2020,7.95
hrv,sex_m,age_aggregate_y55_64,geo_cov_urb,2021,7.335
hrv,sex_m,age_aggregate_y55_64,geo_cov_urb,2022,6.806
hrv,sex_m,age_aggregate_y55_64,geo_cov_urb,2023,6.721
hrv,sex_m,age_aggregate_y55_64,geo_cov_urb,2024,5.007
hrv,sex_m,age_aggregate_yge65,geo_cov_nat,2002,10.405
hrv,sex_m,age_aggregate_yge65,geo_cov_nat,2003,6.552
hrv,sex_m,age_aggregate_yge65,geo_cov_nat,2004,8.485
hrv,sex_m,age_aggregate_yge65,geo_cov_nat,2005,6.095
hrv,sex_m,age_aggregate_yge65,geo_cov_nat,2006,12.159
hrv,sex_m,age_aggregate_yge65,geo_cov_nat,2007,16.238
hrv,sex_m,age_aggregate_yge65,geo_cov_nat,2008,9.283
hrv,sex_m,age_aggregate_yge65,geo_cov_nat,2009,7.998
hrv,sex_m,age_aggregate_yge65,geo_cov_nat,2010,4.986
hrv,sex_m,age_aggregate_yge65,geo_cov_nat,2011,6.009
hrv,sex_m,age_aggregate_yge65,geo_cov_nat,2012,17.958
hrv,sex_m,age_aggregate_yge65,geo_cov_nat,2013,29.768
hrv,sex_m,age_aggregate_yge65,geo_cov_nat,2014,27.413
hrv,sex_m,age_aggregate_yge65,geo_cov_nat,2015,33.299
hrv,sex_m,age_aggregate_yge65,geo_cov_nat,2016,34.085
hrv,sex_m,age_aggregate_yge65,geo_cov_nat,2017,21.121
hrv,sex_m,age_aggregate_yge65,geo_cov_nat,2018,7.595
hrv,sex_m,age_aggregate_yge65,geo_cov_nat,2019,10.789
hrv,sex_m,age_aggregate_yge65,geo_cov_nat,2020,9.968
hrv,sex_m,age_aggregate_yge65,geo_cov_nat,2021,9.742
hrv,sex_m,age_aggregate_yge65,geo_cov_nat,2022,6.165
hrv,sex_m,age_aggregate_yge65,geo_cov_nat,2023,4.772
hrv,sex_m,age_aggregate_yge65,geo_cov_nat,2024,4.95
hrv,sex_m,age_aggregate_yge65,geo_cov_rur,2012,13.956
hrv,sex_m,age_aggregate_yge65,geo_cov_rur,2013,17.316
hrv,sex_m,age_aggregate_yge65,geo_cov_rur,2014,15.964
hrv,sex_m,age_aggregate_yge65,geo_cov_rur,2015,15.453
hrv,sex_m,age_aggregate_yge65,geo_cov_rur,2016,16.041
hrv,sex_m,age_aggregate_yge65,geo_cov_rur,2017,10.338
hrv,sex_m,age_aggregate_yge65,geo_cov_rur,2019,5.12
hrv,sex_m,age_aggregate_yge65,geo_cov_rur,2020,3.345
hrv,sex_m,age_aggregate_yge65,geo_cov_rur,2021,4.771
hrv,sex_m,age_aggregate_yge65,geo_cov_rur,2022,5.189
hrv,sex_m,age_aggregate_yge65,geo_cov_rur,2023,8.188
hrv,sex_m,age_aggregate_yge65,geo_cov_urb,2002,10.405
hrv,sex_m,age_aggregate_yge65,geo_cov_urb,2003,6.592
hrv,sex_m,age_aggregate_yge65,geo_cov_urb,2004,8.485
hrv,sex_m,age_aggregate_yge65,geo_cov_urb,2005,5.742
hrv,sex_m,age_aggregate_yge65,geo_cov_urb,2006,12.159
hrv,sex_m,age_aggregate_yge65,geo_cov_urb,2007,16.414
hrv,sex_m,age_aggregate_yge65,geo_cov_urb,2008,9.322
hrv,sex_m,age_aggregate_yge65,geo_cov_urb,2009,7.998
hrv,sex_m,age_aggregate_yge65,geo_cov_urb,2010,4.986
hrv,sex_m,age_aggregate_yge65,geo_cov_urb,2011,6.009
hrv,sex_m,age_aggregate_yge65,geo_cov_urb,2012,24.303
hrv,sex_m,age_aggregate_yge65,geo_cov_urb,2013,43.928
hrv,sex_m,age_aggregate_yge65,geo_cov_urb,2014,41.987
hrv,sex_m,age_aggregate_yge65,geo_cov_urb,2015,49.902
hrv,sex_m,age_aggregate_yge65,geo_cov_urb,2016,48.934
hrv,sex_m,age_aggregate_yge65,geo_cov_urb,2017,28.133
hrv,sex_m,age_aggregate_yge65,geo_cov_urb,2018,11.33
hrv,sex_m,age_aggregate_yge65,geo_cov_urb,2019,15.351
hrv,sex_m,age_aggregate_yge65,geo_cov_urb,2020,13.519
hrv,sex_m,age_aggregate_yge65,geo_cov_urb,2021,12.3
hrv,sex_m,age_aggregate_yge65,geo_cov_urb,2022,6.683
hrv,sex_m,age_aggregate_yge65,geo_cov_urb,2023,3.048
hrv,sex_m,age_aggregate_yge65,geo_cov_urb,2024,5.235
hrv,sex_m,age_ythadult_y15_24,geo_cov_nat,2002,39.613
hrv,sex_m,age_ythadult_y15_24,geo_cov_nat,2003,40.575
hrv,sex_m,age_ythadult_y15_24,geo_cov_nat,2004,34.672
hrv,sex_m,age_ythadult_y15_24,geo_cov_nat,2005,35.611
hrv,sex_m,age_ythadult_y15_24,geo_cov_nat,2006,34.15
hrv,sex_m,age_ythadult_y15_24,geo_cov_nat,2007,29.31
hrv,sex_m,age_ythadult_y15_24,geo_cov_nat,2008,26.707
hrv,sex_m,age_ythadult_y15_24,geo_cov_nat,2009,30.558
hrv,sex_m,age_ythadult_y15_24,geo_cov_nat,2010,37.623
hrv,sex_m,age_ythadult_y15_24,geo_cov_nat,2011,42.584
hrv,sex_m,age_ythadult_y15_24,geo_cov_nat,2012,48.549
hrv,sex_m,age_ythadult_y15_24,geo_cov_nat,2013,57.909
hrv,sex_m,age_ythadult_y15_24,geo_cov_nat,2014,55.425
hrv,sex_m,age_ythadult_y15_24,geo_cov_nat,2015,50.155
hrv,sex_m,age_ythadult_y15_24,geo_cov_nat,2016,43.082
hrv,sex_m,age_ythadult_y15_24,geo_cov_nat,2017,36.342
hrv,sex_m,age_ythadult_y15_24,geo_cov_nat,2018,29.937
hrv,sex_m,age_ythadult_y15_24,geo_cov_nat,2019,24.196
hrv,sex_m,age_ythadult_y15_24,geo_cov_nat,2020,27.004
hrv,sex_m,age_ythadult_y15_24,geo_cov_nat,2021,24.527
hrv,sex_m,age_ythadult_y15_24,geo_cov_nat,2022,19.955
hrv,sex_m,age_ythadult_y15_24,geo_cov_nat,2023,21.216
hrv,sex_m,age_ythadult_y15_24,geo_cov_nat,2024,19.807
hrv,sex_m,age_ythadult_y15_24,geo_cov_rur,2012,42.931
hrv,sex_m,age_ythadult_y15_24,geo_cov_rur,2013,54.141
hrv,sex_m,age_ythadult_y15_24,geo_cov_rur,2014,51.607
hrv,sex_m,age_ythadult_y15_24,geo_cov_rur,2015,46.986
hrv,sex_m,age_ythadult_y15_24,geo_cov_rur,2016,39.965
hrv,sex_m,age_ythadult_y15_24,geo_cov_rur,2017,34.719
hrv,sex_m,age_ythadult_y15_24,geo_cov_rur,2018,25.348
hrv,sex_m,age_ythadult_y15_24,geo_cov_rur,2019,21.633
hrv,sex_m,age_ythadult_y15_24,geo_cov_rur,2020,23.685
hrv,sex_m,age_ythadult_y15_24,geo_cov_rur,2021,20.665
hrv,sex_m,age_ythadult_y15_24,geo_cov_rur,2022,19.233
hrv,sex_m,age_ythadult_y15_24,geo_cov_rur,2023,20.97
hrv,sex_m,age_ythadult_y15_24,geo_cov_rur,2024,17.973
hrv,sex_m,age_ythadult_y15_24,geo_cov_urb,2002,39.489
hrv,sex_m,age_ythadult_y15_24,geo_cov_urb,2003,40.778
hrv,sex_m,age_ythadult_y15_24,geo_cov_urb,2004,34.851
hrv,sex_m,age_ythadult_y15_24,geo_cov_urb,2005,35.737
hrv,sex_m,age_ythadult_y15_24,geo_cov_urb,2006,34.189
hrv,sex_m,age_ythadult_y15_24,geo_cov_urb,2007,29.69
hrv,sex_m,age_ythadult_y15_24,geo_cov_urb,2008,26.866
hrv,sex_m,age_ythadult_y15_24,geo_cov_urb,2009,30.558
hrv,sex_m,age_ythadult_y15_24,geo_cov_urb,2010,37.607
hrv,sex_m,age_ythadult_y15_24,geo_cov_urb,2011,42.607
hrv,sex_m,age_ythadult_y15_24,geo_cov_urb,2012,54.716
hrv,sex_m,age_ythadult_y15_24,geo_cov_urb,2013,62.075
hrv,sex_m,age_ythadult_y15_24,geo_cov_urb,2014,59.121
hrv,sex_m,age_ythadult_y15_24,geo_cov_urb,2015,53.691
hrv,sex_m,age_ythadult_y15_24,geo_cov_urb,2016,45.489
hrv,sex_m,age_ythadult_y15_24,geo_cov_urb,2017,37.639
hrv,sex_m,age_ythadult_y15_24,geo_cov_urb,2018,33.499
hrv,sex_m,age_ythadult_y15_24,geo_cov_urb,2019,26.369
hrv,sex_m,age_ythadult_y15_24,geo_cov_urb,2020,30.052
hrv,sex_m,age_ythadult_y15_24,geo_cov_urb,2021,28.158
hrv,sex_m,age_ythadult_y15_24,geo_cov_urb,2022,20.597
hrv,sex_m,age_ythadult_y15_24,geo_cov_urb,2023,21.408
hrv,sex_m,age_ythadult_y15_24,geo_cov_urb,2024,21.212
hrv,sex_m,age_ythadult_y15_64,geo_cov_nat,2002,16.618
hrv,sex_m,age_ythadult_y15_64,geo_cov_nat,2003,16.69
hrv,sex_m,age_ythadult_y15_64,geo_cov_nat,2004,15.48
hrv,sex_m,age_ythadult_y15_64,geo_cov_nat,2005,14.995
hrv,sex_m,age_ythadult_y15_64,geo_cov_nat,2006,13.928
hrv,sex_m,age_ythadult_y15_64,geo_cov_nat,2007,12.227
hrv,sex_m,age_ythadult_y15_64,geo_cov_nat,2008,10.524
hrv,sex_m,age_ythadult_y15_64,geo_cov_nat,2009,12.28
hrv,sex_m,age_ythadult_y15_64,geo_cov_nat,2010,15.445
hrv,sex_m,age_ythadult_y15_64,geo_cov_nat,2011,17.927
hrv,sex_m,age_ythadult_y15_64,geo_cov_nat,2012,21.162
hrv,sex_m,age_ythadult_y15_64,geo_cov_nat,2013,24.034
hrv,sex_m,age_ythadult_y15_64,geo_cov_nat,2014,22.328
hrv,sex_m,age_ythadult_y15_64,geo_cov_nat,2015,21.053
hrv,sex_m,age_ythadult_y15_64,geo_cov_nat,2016,18.762
hrv,sex_m,age_ythadult_y15_64,geo_cov_nat,2017,15.044
hrv,sex_m,age_ythadult_y15_64,geo_cov_nat,2018,12.029
hrv,sex_m,age_ythadult_y15_64,geo_cov_nat,2019,10.474
hrv,sex_m,age_ythadult_y15_64,geo_cov_nat,2020,11.206
hrv,sex_m,age_ythadult_y15_64,geo_cov_nat,2021,9.684
hrv,sex_m,age_ythadult_y15_64,geo_cov_nat,2022,8.01
hrv,sex_m,age_ythadult_y15_64,geo_cov_nat,2023,7.617
hrv,sex_m,age_ythadult_y15_64,geo_cov_nat,2024,6.679
hrv,sex_m,age_ythadult_y15_64,geo_cov_rur,2012,19.141
hrv,sex_m,age_ythadult_y15_64,geo_cov_rur,2013,23.614
hrv,sex_m,age_ythadult_y15_64,geo_cov_rur,2014,23.205
hrv,sex_m,age_ythadult_y15_64,geo_cov_rur,2015,21.963
hrv,sex_m,age_ythadult_y15_64,geo_cov_rur,2016,19.106
hrv,sex_m,age_ythadult_y15_64,geo_cov_rur,2017,15.368
hrv,sex_m,age_ythadult_y15_64,geo_cov_rur,2018,12.934
hrv,sex_m,age_ythadult_y15_64,geo_cov_rur,2019,9.978
hrv,sex_m,age_ythadult_y15_64,geo_cov_rur,2020,10.967
hrv,sex_m,age_ythadult_y15_64,geo_cov_rur,2021,8.948
hrv,sex_m,age_ythadult_y15_64,geo_cov_rur,2022,7.246
hrv,sex_m,age_ythadult_y15_64,geo_cov_rur,2023,6.852
hrv,sex_m,age_ythadult_y15_64,geo_cov_rur,2024,6.203
hrv,sex_m,age_ythadult_y15_64,geo_cov_urb,2002,16.604
hrv,sex_m,age_ythadult_y15_64,geo_cov_urb,2003,16.653
hrv,sex_m,age_ythadult_y15_64,geo_cov_urb,2004,15.478
hrv,sex_m,age_ythadult_y15_64,geo_cov_urb,2005,15.03
hrv,sex_m,age_ythadult_y15_64,geo_cov_urb,2006,13.893
hrv,sex_m,age_ythadult_y15_64,geo_cov_urb,2007,12.286
hrv,sex_m,age_ythadult_y15_64,geo_cov_urb,2008,10.536
hrv,sex_m,age_ythadult_y15_64,geo_cov_urb,2009,12.297
hrv,sex_m,age_ythadult_y15_64,geo_cov_urb,2010,15.472
hrv,sex_m,age_ythadult_y15_64,geo_cov_urb,2011,17.937
hrv,sex_m,age_ythadult_y15_64,geo_cov_urb,2012,22.569
hrv,sex_m,age_ythadult_y15_64,geo_cov_urb,2013,24.329
hrv,sex_m,age_ythadult_y15_64,geo_cov_urb,2014,21.709
hrv,sex_m,age_ythadult_y15_64,geo_cov_urb,2015,20.439
hrv,sex_m,age_ythadult_y15_64,geo_cov_urb,2016,18.56
hrv,sex_m,age_ythadult_y15_64,geo_cov_urb,2017,14.851
hrv,sex_m,age_ythadult_y15_64,geo_cov_urb,2018,11.501
hrv,sex_m,age_ythadult_y15_64,geo_cov_urb,2019,10.778
hrv,sex_m,age_ythadult_y15_64,geo_cov_urb,2020,11.366
hrv,sex_m,age_ythadult_y15_64,geo_cov_urb,2021,10.134
hrv,sex_m,age_ythadult_y15_64,geo_cov_urb,2022,8.467
hrv,sex_m,age_ythadult_y15_64,geo_cov_urb,2023,8.096
hrv,sex_m,age_ythadult_y15_64,geo_cov_urb,2024,6.944
hrv,sex_m,age_ythadult_yge15,geo_cov_nat,2002,16.444
hrv,sex_m,age_ythadult_yge15,geo_cov_nat,2003,16.394
hrv,sex_m,age_ythadult_yge15,geo_cov_nat,2004,15.253
hrv,sex_m,age_ythadult_yge15,geo_cov_nat,2005,14.699
hrv,sex_m,age_ythadult_yge15,geo_cov_nat,2006,13.869
hrv,sex_m,age_ythadult_yge15,geo_cov_nat,2007,12.31
hrv,sex_m,age_ythadult_yge15,geo_cov_nat,2008,10.497
hrv,sex_m,age_ythadult_yge15,geo_cov_nat,2009,12.173
hrv,sex_m,age_ythadult_yge15,geo_cov_nat,2010,15.234
hrv,sex_m,age_ythadult_yge15,geo_cov_nat,2011,17.679
hrv,sex_m,age_ythadult_yge15,geo_cov_nat,2012,21.086
hrv,sex_m,age_ythadult_yge15,geo_cov_nat,2013,24.166
hrv,sex_m,age_ythadult_yge15,geo_cov_nat,2014,22.412
hrv,sex_m,age_ythadult_yge15,geo_cov_nat,2015,21.292
hrv,sex_m,age_ythadult_yge15,geo_cov_nat,2016,19.079
hrv,sex_m,age_ythadult_yge15,geo_cov_nat,2017,15.142
hrv,sex_m,age_ythadult_yge15,geo_cov_nat,2018,11.959
hrv,sex_m,age_ythadult_yge15,geo_cov_nat,2019,10.48
hrv,sex_m,age_ythadult_yge15,geo_cov_nat,2020,11.184
hrv,sex_m,age_ythadult_yge15,geo_cov_nat,2021,9.685
hrv,sex_m,age_ythadult_yge15,geo_cov_nat,2022,7.974
hrv,sex_m,age_ythadult_yge15,geo_cov_nat,2023,7.557
hrv,sex_m,age_ythadult_yge15,geo_cov_nat,2024,6.643
hrv,sex_m,age_ythadult_yge15,geo_cov_rur,2003,22.313
hrv,sex_m,age_ythadult_yge15,geo_cov_rur,2006,21.318
hrv,sex_m,age_ythadult_yge15,geo_cov_rur,2011,12.774
hrv,sex_m,age_ythadult_yge15,geo_cov_rur,2012,18.96
hrv,sex_m,age_ythadult_yge15,geo_cov_rur,2013,23.428
hrv,sex_m,age_ythadult_yge15,geo_cov_rur,2014,23.043
hrv,sex_m,age_ythadult_yge15,geo_cov_rur,2015,21.811
hrv,sex_m,age_ythadult_yge15,geo_cov_rur,2016,19.029
hrv,sex_m,age_ythadult_yge15,geo_cov_rur,2017,15.283
hrv,sex_m,age_ythadult_yge15,geo_cov_rur,2018,12.745
hrv,sex_m,age_ythadult_yge15,geo_cov_rur,2019,9.87
hrv,sex_m,age_ythadult_yge15,geo_cov_rur,2020,10.845
hrv,sex_m,age_ythadult_yge15,geo_cov_rur,2021,8.87
hrv,sex_m,age_ythadult_yge15,geo_cov_rur,2022,7.209
hrv,sex_m,age_ythadult_yge15,geo_cov_rur,2023,6.877
hrv,sex_m,age_ythadult_yge15,geo_cov_rur,2024,6.172
hrv,sex_m,age_ythadult_yge15,geo_cov_urb,2002,16.429
hrv,sex_m,age_ythadult_yge15,geo_cov_urb,2003,16.359
hrv,sex_m,age_ythadult_yge15,geo_cov_urb,2004,15.25
hrv,sex_m,age_ythadult_yge15,geo_cov_urb,2005,14.722
hrv,sex_m,age_ythadult_yge15,geo_cov_urb,2006,13.834
hrv,sex_m,age_ythadult_yge15,geo_cov_urb,2007,12.372
hrv,sex_m,age_ythadult_yge15,geo_cov_urb,2008,10.51
hrv,sex_m,age_ythadult_yge15,geo_cov_urb,2009,12.19
hrv,sex_m,age_ythadult_yge15,geo_cov_urb,2010,15.26
hrv,sex_m,age_ythadult_yge15,geo_cov_urb,2011,17.689
hrv,sex_m,age_ythadult_yge15,geo_cov_urb,2012,22.596
hrv,sex_m,age_ythadult_yge15,geo_cov_urb,2013,24.691
hrv,sex_m,age_ythadult_yge15,geo_cov_urb,2014,21.962
hrv,sex_m,age_ythadult_yge15,geo_cov_urb,2015,20.939
hrv,sex_m,age_ythadult_yge15,geo_cov_urb,2016,19.108
hrv,sex_m,age_ythadult_yge15,geo_cov_urb,2017,15.058
hrv,sex_m,age_ythadult_yge15,geo_cov_urb,2018,11.498
hrv,sex_m,age_ythadult_yge15,geo_cov_urb,2019,10.856
hrv,sex_m,age_ythadult_yge15,geo_cov_urb,2020,11.408
hrv,sex_m,age_ythadult_yge15,geo_cov_urb,2021,10.182
hrv,sex_m,age_ythadult_yge15,geo_cov_urb,2022,8.431
hrv,sex_m,age_ythadult_yge15,geo_cov_urb,2023,7.981
hrv,sex_m,age_ythadult_yge15,geo_cov_urb,2024,6.904
hrv,sex_m,age_ythadult_yge25,geo_cov_nat,2002,12.773
hrv,sex_m,age_ythadult_yge25,geo_cov_nat,2003,12.711
hrv,sex_m,age_ythadult_yge25,geo_cov_nat,2004,12.376
hrv,sex_m,age_ythadult_yge25,geo_cov_nat,2005,11.644
hrv,sex_m,age_ythadult_yge25,geo_cov_nat,2006,11.11
hrv,sex_m,age_ythadult_yge25,geo_cov_nat,2007,10.19
hrv,sex_m,age_ythadult_yge25,geo_cov_nat,2008,8.413
hrv,sex_m,age_ythadult_yge25,geo_cov_nat,2009,9.851
hrv,sex_m,age_ythadult_yge25,geo_cov_nat,2010,12.548
hrv,sex_m,age_ythadult_yge25,geo_cov_nat,2011,14.962
hrv,sex_m,age_ythadult_yge25,geo_cov_nat,2012,18.334
hrv,sex_m,age_ythadult_yge25,geo_cov_nat,2013,20.64
hrv,sex_m,age_ythadult_yge25,geo_cov_nat,2014,18.552
hrv,sex_m,age_ythadult_yge25,geo_cov_nat,2015,18.122
hrv,sex_m,age_ythadult_yge25,geo_cov_nat,2016,16.064
hrv,sex_m,age_ythadult_yge25,geo_cov_nat,2017,12.706
hrv,sex_m,age_ythadult_yge25,geo_cov_nat,2018,9.992
hrv,sex_m,age_ythadult_yge25,geo_cov_nat,2019,9.013
hrv,sex_m,age_ythadult_yge25,geo_cov_nat,2020,9.497
hrv,sex_m,age_ythadult_yge25,geo_cov_nat,2021,8.207
hrv,sex_m,age_ythadult_yge25,geo_cov_nat,2022,6.796
hrv,sex_m,age_ythadult_yge25,geo_cov_nat,2023,6.278
hrv,sex_m,age_ythadult_yge25,geo_cov_nat,2024,5.477
hrv,sex_m,age_ythadult_yge25,geo_cov_rur,2003,25.138
hrv,sex_m,age_ythadult_yge25,geo_cov_rur,2006,18.575
hrv,sex_m,age_ythadult_yge25,geo_cov_rur,2011,11.878
hrv,sex_m,age_ythadult_yge25,geo_cov_rur,2012,15.852
hrv,sex_m,age_ythadult_yge25,geo_cov_rur,2013,19.255
hrv,sex_m,age_ythadult_yge25,geo_cov_rur,2014,19.012
hrv,sex_m,age_ythadult_yge25,geo_cov_rur,2015,18.081
hrv,sex_m,age_ythadult_yge25,geo_cov_rur,2016,15.883
hrv,sex_m,age_ythadult_yge25,geo_cov_rur,2017,12.579
hrv,sex_m,age_ythadult_yge25,geo_cov_rur,2018,11.08
hrv,sex_m,age_ythadult_yge25,geo_cov_rur,2019,8.321
hrv,sex_m,age_ythadult_yge25,geo_cov_rur,2020,9.163
hrv,sex_m,age_ythadult_yge25,geo_cov_rur,2021,7.326
hrv,sex_m,age_ythadult_yge25,geo_cov_rur,2022,5.683
hrv,sex_m,age_ythadult_yge25,geo_cov_rur,2023,5.352
hrv,sex_m,age_ythadult_yge25,geo_cov_rur,2024,4.874
hrv,sex_m,age_ythadult_yge25,geo_cov_urb,2002,12.777
hrv,sex_m,age_ythadult_yge25,geo_cov_urb,2003,12.636
hrv,sex_m,age_ythadult_yge25,geo_cov_urb,2004,12.349
hrv,sex_m,age_ythadult_yge25,geo_cov_urb,2005,11.656
hrv,sex_m,age_ythadult_yge25,geo_cov_urb,2006,11.081
hrv,sex_m,age_ythadult_yge25,geo_cov_urb,2007,10.23
hrv,sex_m,age_ythadult_yge25,geo_cov_urb,2008,8.415
hrv,sex_m,age_ythadult_yge25,geo_cov_urb,2009,9.866
hrv,sex_m,age_ythadult_yge25,geo_cov_urb,2010,12.575
hrv,sex_m,age_ythadult_yge25,geo_cov_urb,2011,14.969
hrv,sex_m,age_ythadult_yge25,geo_cov_urb,2012,20.019
hrv,sex_m,age_ythadult_yge25,geo_cov_urb,2013,21.579
hrv,sex_m,age_ythadult_yge25,geo_cov_urb,2014,18.236
hrv,sex_m,age_ythadult_yge25,geo_cov_urb,2015,18.149
hrv,sex_m,age_ythadult_yge25,geo_cov_urb,2016,16.168
hrv,sex_m,age_ythadult_yge25,geo_cov_urb,2017,12.78
hrv,sex_m,age_ythadult_yge25,geo_cov_urb,2018,9.376
hrv,sex_m,age_ythadult_yge25,geo_cov_urb,2019,9.424
hrv,sex_m,age_ythadult_yge25,geo_cov_urb,2020,9.71
hrv,sex_m,age_ythadult_yge25,geo_cov_urb,2021,8.722
hrv,sex_m,age_ythadult_yge25,geo_cov_urb,2022,7.435
hrv,sex_m,age_ythadult_yge25,geo_cov_urb,2023,6.844
hrv,sex_m,age_ythadult_yge25,geo_cov_urb,2024,5.8
hrv,sex_t,age_aggregate_total,geo_cov_nat,2002,19.718
hrv,sex_t,age_aggregate_total,geo_cov_nat,2003,18.967
hrv,sex_t,age_aggregate_total,geo_cov_nat,2004,17.895
hrv,sex_t,age_aggregate_total,geo_cov_nat,2005,17.006
hrv,sex_t,age_aggregate_total,geo_cov_nat,2006,17.012
hrv,sex_t,age_aggregate_total,geo_cov_nat,2007,15.252
hrv,sex_t,age_aggregate_total,geo_cov_nat,2008,13.509
hrv,sex_t,age_aggregate_total,geo_cov_nat,2009,14.531
hrv,sex_t,age_aggregate_total,geo_cov_nat,2010,17.085
hrv,sex_t,age_aggregate_total,geo_cov_nat,2011,19.771
hrv,sex_t,age_aggregate_total,geo_cov_nat,2012,22.821
hrv,sex_t,age_aggregate_total,geo_cov_nat,2013,25.657
hrv,sex_t,age_aggregate_total,geo_cov_nat,2014,24.356
hrv,sex_t,age_aggregate_total,geo_cov_nat,2015,23.05
hrv,sex_t,age_aggregate_total,geo_cov_nat,2016,21.429
hrv,sex_t,age_aggregate_total,geo_cov_nat,2017,17.799
hrv,sex_t,age_aggregate_total,geo_cov_nat,2018,14.609
hrv,sex_t,age_aggregate_total,geo_cov_nat,2019,12.275
hrv,sex_t,age_aggregate_total,geo_cov_nat,2020,12.884
hrv,sex_t,age_aggregate_total,geo_cov_nat,2021,10.647
hrv,sex_t,age_aggregate_total,geo_cov_nat,2022,9.296
hrv,sex_t,age_aggregate_total,geo_cov_nat,2023,8.378
hrv,sex_t,age_aggregate_total,geo_cov_nat,2024,7.062
hrv,sex_t,age_aggregate_total,geo_cov_rur,2002,33.896
hrv,sex_t,age_aggregate_total,geo_cov_rur,2003,24.592
hrv,sex_t,age_aggregate_total,geo_cov_rur,2006,22.772
hrv,sex_t,age_aggregate_total,geo_cov_rur,2007,18.451
hrv,sex_t,age_aggregate_total,geo_cov_rur,2008,13.851
hrv,sex_t,age_aggregate_total,geo_cov_rur,2010,26.183
hrv,sex_t,age_aggregate_total,geo_cov_rur,2011,28.936
hrv,sex_t,age_aggregate_total,geo_cov_rur,2012,23.034
hrv,sex_t,age_aggregate_total,geo_cov_rur,2013,27.447
hrv,sex_t,age_aggregate_total,geo_cov_rur,2014,25.948
hrv,sex_t,age_aggregate_total,geo_cov_rur,2015,24.786
hrv,sex_t,age_aggregate_total,geo_cov_rur,2016,23.588
hrv,sex_t,age_aggregate_total,geo_cov_rur,2017,21.001
hrv,sex_t,age_aggregate_total,geo_cov_rur,2018,16.945
hrv,sex_t,age_aggregate_total,geo_cov_rur,2019,12.8
hrv,sex_t,age_aggregate_total,geo_cov_rur,2020,13.463
hrv,sex_t,age_aggregate_total,geo_cov_rur,2021,10.474
hrv,sex_t,age_aggregate_total,geo_cov_rur,2022,9.511
hrv,sex_t,age_aggregate_total,geo_cov_rur,2023,8.99
hrv,sex_t,age_aggregate_total,geo_cov_rur,2024,7.303
hrv,sex_t,age_aggregate_total,geo_cov_urb,2002,19.671
hrv,sex_t,age_aggregate_total,geo_cov_urb,2003,18.94
hrv,sex_t,age_aggregate_total,geo_cov_urb,2004,17.903
hrv,sex_t,age_aggregate_total,geo_cov_urb,2005,17.029
hrv,sex_t,age_aggregate_total,geo_cov_urb,2006,16.988
hrv,sex_t,age_aggregate_total,geo_cov_urb,2007,15.236
hrv,sex_t,age_aggregate_total,geo_cov_urb,2008,13.508
hrv,sex_t,age_aggregate_total,geo_cov_urb,2009,14.528
hrv,sex_t,age_aggregate_total,geo_cov_urb,2010,17.06
hrv,sex_t,age_aggregate_total,geo_cov_urb,2011,19.753
hrv,sex_t,age_aggregate_total,geo_cov_urb,2012,22.679
hrv,sex_t,age_aggregate_total,geo_cov_urb,2013,24.477
hrv,sex_t,age_aggregate_total,geo_cov_urb,2014,23.325
hrv,sex_t,age_aggregate_total,geo_cov_urb,2015,21.974
hrv,sex_t,age_aggregate_total,geo_cov_urb,2016,20.242
hrv,sex_t,age_aggregate_total,geo_cov_urb,2017,15.983
hrv,sex_t,age_aggregate_total,geo_cov_urb,2018,13.342
hrv,sex_t,age_aggregate_total,geo_cov_urb,2019,11.983
hrv,sex_t,age_aggregate_total,geo_cov_urb,2020,12.536
hrv,sex_t,age_aggregate_total,geo_cov_urb,2021,10.745
hrv,sex_t,age_aggregate_total,geo_cov_urb,2022,9.175
hrv,sex_t,age_aggregate_total,geo_cov_urb,2023,8.026
hrv,sex_t,age_aggregate_total,geo_cov_urb,2024,6.938
hrv,sex_t,age_aggregate_y15_24,geo_cov_nat,2002,42.893
hrv,sex_t,age_aggregate_y15_24,geo_cov_nat,2003,42.586
hrv,sex_t,age_aggregate_y15_24,geo_cov_nat,2004,38.749
hrv,sex_t,age_aggregate_y15_24,geo_cov_nat,2005,38.493
hrv,sex_t,age_aggregate_y15_24,geo_cov_nat,2006,37.862
hrv,sex_t,age_aggregate_y15_24,geo_cov_nat,2007,34.753
hrv,sex_t,age_aggregate_y15_24,geo_cov_nat,2008,31.333
hrv,sex_t,age_aggregate_y15_24,geo_cov_nat,2009,33.845
hrv,sex_t,age_aggregate_y15_24,geo_cov_nat,2010,39.658
hrv,sex_t,age_aggregate_y15_24,geo_cov_nat,2011,44.02
hrv,sex_t,age_aggregate_y15_24,geo_cov_nat,2012,49.456
hrv,sex_t,age_aggregate_y15_24,geo_cov_nat,2013,59.93
hrv,sex_t,age_aggregate_y15_24,geo_cov_nat,2014,56.114
hrv,sex_t,age_aggregate_y15_24,geo_cov_nat,2015,52.202
hrv,sex_t,age_aggregate_y15_24,geo_cov_nat,2016,44.003
hrv,sex_t,age_aggregate_y15_24,geo_cov_nat,2017,38.95
hrv,sex_t,age_aggregate_y15_24,geo_cov_nat,2018,34.016
hrv,sex_t,age_aggregate_y15_24,geo_cov_nat,2019,26.53
hrv,sex_t,age_aggregate_y15_24,geo_cov_nat,2020,32.366
hrv,sex_t,age_aggregate_y15_24,geo_cov_nat,2021,29.366
hrv,sex_t,age_aggregate_y15_24,geo_cov_nat,2022,22.465
hrv,sex_t,age_aggregate_y15_24,geo_cov_nat,2023,23.417
hrv,sex_t,age_aggregate_y15_24,geo_cov_nat,2024,21.052
hrv,sex_t,age_aggregate_y15_24,geo_cov_rur,2002,87.71
hrv,sex_t,age_aggregate_y15_24,geo_cov_rur,2006,31.856
hrv,sex_t,age_aggregate_y15_24,geo_cov_rur,2012,46.362
hrv,sex_t,age_aggregate_y15_24,geo_cov_rur,2013,59.983
hrv,sex_t,age_aggregate_y15_24,geo_cov_rur,2014,54.145
hrv,sex_t,age_aggregate_y15_24,geo_cov_rur,2015,51.028
hrv,sex_t,age_aggregate_y15_24,geo_cov_rur,2016,45.091
hrv,sex_t,age_aggregate_y15_24,geo_cov_rur,2017,40.459
hrv,sex_t,age_aggregate_y15_24,geo_cov_rur,2018,31.318
hrv,sex_t,age_aggregate_y15_24,geo_cov_rur,2019,25.674
hrv,sex_t,age_aggregate_y15_24,geo_cov_rur,2020,30.471
hrv,sex_t,age_aggregate_y15_24,geo_cov_rur,2021,25.601
hrv,sex_t,age_aggregate_y15_24,geo_cov_rur,2022,22.585
hrv,sex_t,age_aggregate_y15_24,geo_cov_rur,2023,22.742
hrv,sex_t,age_aggregate_y15_24,geo_cov_rur,2024,20.538
hrv,sex_t,age_aggregate_y15_24,geo_cov_urb,2002,42.624
hrv,sex_t,age_aggregate_y15_24,geo_cov_urb,2003,42.669
hrv,sex_t,age_aggregate_y15_24,geo_cov_urb,2004,38.938
hrv,sex_t,age_aggregate_y15_24,geo_cov_urb,2005,38.631
hrv,sex_t,age_aggregate_y15_24,geo_cov_urb,2006,37.916
hrv,sex_t,age_aggregate_y15_24,geo_cov_urb,2007,34.791
hrv,sex_t,age_aggregate_y15_24,geo_cov_urb,2008,31.291
hrv,sex_t,age_aggregate_y15_24,geo_cov_urb,2009,33.713
hrv,sex_t,age_aggregate_y15_24,geo_cov_urb,2010,39.542
hrv,sex_t,age_aggregate_y15_24,geo_cov_urb,2011,44.008
hrv,sex_t,age_aggregate_y15_24,geo_cov_urb,2012,52.791
hrv,sex_t,age_aggregate_y15_24,geo_cov_urb,2013,59.869
hrv,sex_t,age_aggregate_y15_24,geo_cov_urb,2014,57.828
hrv,sex_t,age_aggregate_y15_24,geo_cov_urb,2015,53.261
hrv,sex_t,age_aggregate_y15_24,geo_cov_urb,2016,43.176
hrv,sex_t,age_aggregate_y15_24,geo_cov_urb,2017,37.73
hrv,sex_t,age_aggregate_y15_24,geo_cov_urb,2018,35.902
hrv,sex_t,age_aggregate_y15_24,geo_cov_urb,2019,27.202
hrv,sex_t,age_aggregate_y15_24,geo_cov_urb,2020,34.002
hrv,sex_t,age_aggregate_y15_24,geo_cov_urb,2021,32.591
hrv,sex_t,age_aggregate_y15_24,geo_cov_urb,2022,22.36
hrv,sex_t,age_aggregate_y15_24,geo_cov_urb,2023,23.953
hrv,sex_t,age_aggregate_y15_24,geo_cov_urb,2024,21.427
hrv,sex_t,age_aggregate_y25_54,geo_cov_nat,2002,16.698
hrv,sex_t,age_aggregate_y25_54,geo_cov_nat,2003,16.251
hrv,sex_t,age_aggregate_y25_54,geo_cov_nat,2004,15.623
hrv,sex_t,age_aggregate_y25_54,geo_cov_nat,2005,14.551
hrv,sex_t,age_aggregate_y25_54,geo_cov_nat,2006,14.619
hrv,sex_t,age_aggregate_y25_54,geo_cov_nat,2007,13.008
hrv,sex_t,age_aggregate_y25_54,geo_cov_nat,2008,11.436
hrv,sex_t,age_aggregate_y25_54,geo_cov_nat,2009,12.415
hrv,sex_t,age_aggregate_y25_54,geo_cov_nat,2010,15.042
hrv,sex_t,age_aggregate_y25_54,geo_cov_nat,2011,17.84
hrv,sex_t,age_aggregate_y25_54,geo_cov_nat,2012,20.326
hrv,sex_t,age_aggregate_y25_54,geo_cov_nat,2013,21.983
hrv,sex_t,age_aggregate_y25_54,geo_cov_nat,2014,20.421
hrv,sex_t,age_aggregate_y25_54,geo_cov_nat,2015,19.218
hrv,sex_t,age_aggregate_y25_54,geo_cov_nat,2016,18.175
hrv,sex_t,age_aggregate_y25_54,geo_cov_nat,2017,15.112
hrv,sex_t,age_aggregate_y25_54,geo_cov_nat,2018,12.762
hrv,sex_t,age_aggregate_y25_54,geo_cov_nat,2019,11.062
hrv,sex_t,age_aggregate_y25_54,geo_cov_nat,2020,11.028
hrv,sex_t,age_aggregate_y25_54,geo_cov_nat,2021,9.259
hrv,sex_t,age_aggregate_y25_54,geo_cov_nat,2022,8.094
hrv,sex_t,age_aggregate_y25_54,geo_cov_nat,2023,7.208
hrv,sex_t,age_aggregate_y25_54,geo_cov_nat,2024,6.016
hrv,sex_t,age_aggregate_y25_54,geo_cov_rur,2003,24.887
hrv,sex_t,age_aggregate_y25_54,geo_cov_rur,2006,20.61
hrv,sex_t,age_aggregate_y25_54,geo_cov_rur,2007,13.481
hrv,sex_t,age_aggregate_y25_54,geo_cov_rur,2010,19.184
hrv,sex_t,age_aggregate_y25_54,geo_cov_rur,2011,21.307
hrv,sex_t,age_aggregate_y25_54,geo_cov_rur,2012,20.932
hrv,sex_t,age_aggregate_y25_54,geo_cov_rur,2013,23.648
hrv,sex_t,age_aggregate_y25_54,geo_cov_rur,2014,22.633
hrv,sex_t,age_aggregate_y25_54,geo_cov_rur,2015,21.844
hrv,sex_t,age_aggregate_y25_54,geo_cov_rur,2016,20.412
hrv,sex_t,age_aggregate_y25_54,geo_cov_rur,2017,18.236
hrv,sex_t,age_aggregate_y25_54,geo_cov_rur,2018,15.693
hrv,sex_t,age_aggregate_y25_54,geo_cov_rur,2019,11.732
hrv,sex_t,age_aggregate_y25_54,geo_cov_rur,2020,11.662
hrv,sex_t,age_aggregate_y25_54,geo_cov_rur,2021,8.874
hrv,sex_t,age_aggregate_y25_54,geo_cov_rur,2022,7.888
hrv,sex_t,age_aggregate_y25_54,geo_cov_rur,2023,7.362
hrv,sex_t,age_aggregate_y25_54,geo_cov_rur,2024,5.853
hrv,sex_t,age_aggregate_y25_54,geo_cov_urb,2002,16.69
hrv,sex_t,age_aggregate_y25_54,geo_cov_urb,2003,16.213
hrv,sex_t,age_aggregate_y25_54,geo_cov_urb,2004,15.605
hrv,sex_t,age_aggregate_y25_54,geo_cov_urb,2005,14.57
hrv,sex_t,age_aggregate_y25_54,geo_cov_urb,2006,14.595
hrv,sex_t,age_aggregate_y25_54,geo_cov_urb,2007,13.007
hrv,sex_t,age_aggregate_y25_54,geo_cov_urb,2008,11.451
hrv,sex_t,age_aggregate_y25_54,geo_cov_urb,2009,12.429
hrv,sex_t,age_aggregate_y25_54,geo_cov_urb,2010,15.028
hrv,sex_t,age_aggregate_y25_54,geo_cov_urb,2011,17.833
hrv,sex_t,age_aggregate_y25_54,geo_cov_urb,2012,19.951
hrv,sex_t,age_aggregate_y25_54,geo_cov_urb,2013,20.963
hrv,sex_t,age_aggregate_y25_54,geo_cov_urb,2014,19.05
hrv,sex_t,age_aggregate_y25_54,geo_cov_urb,2015,17.676
hrv,sex_t,age_aggregate_y25_54,geo_cov_urb,2016,16.998
hrv,sex_t,age_aggregate_y25_54,geo_cov_urb,2017,13.405
hrv,sex_t,age_aggregate_y25_54,geo_cov_urb,2018,11.225
hrv,sex_t,age_aggregate_y25_54,geo_cov_urb,2019,10.702
hrv,sex_t,age_aggregate_y25_54,geo_cov_urb,2020,10.66
hrv,sex_t,age_aggregate_y25_54,geo_cov_urb,2021,9.466
hrv,sex_t,age_aggregate_y25_54,geo_cov_urb,2022,8.206
hrv,sex_t,age_aggregate_y25_54,geo_cov_urb,2023,7.122
hrv,sex_t,age_aggregate_y25_54,geo_cov_urb,2024,6.099
hrv,sex_t,age_aggregate_y55_64,geo_cov_nat,2002,13.651
hrv,sex_t,age_aggregate_y55_64,geo_cov_nat,2003,13.152
hrv,sex_t,age_aggregate_y55_64,geo_cov_nat,2004,12.772
hrv,sex_t,age_aggregate_y55_64,geo_cov_nat,2005,13.672
hrv,sex_t,age_aggregate_y55_64,geo_cov_nat,2006,14.087
hrv,sex_t,age_aggregate_y55_64,geo_cov_nat,2007,12.517
hrv,sex_t,age_aggregate_y55_64,geo_cov_nat,2008,12.276
hrv,sex_t,age_aggregate_y55_64,geo_cov_nat,2009,12.623
hrv,sex_t,age_aggregate_y55_64,geo_cov_nat,2010,13.115
hrv,sex_t,age_aggregate_y55_64,geo_cov_nat,2011,15.914
hrv,sex_t,age_aggregate_y55_64,geo_cov_nat,2012,20.68
hrv,sex_t,age_aggregate_y55_64,geo_cov_nat,2013,23.163
hrv,sex_t,age_aggregate_y55_64,geo_cov_nat,2014,23.344
hrv,sex_t,age_aggregate_y55_64,geo_cov_nat,2015,23.195
hrv,sex_t,age_aggregate_y55_64,geo_cov_nat,2016,19.875
hrv,sex_t,age_aggregate_y55_64,geo_cov_nat,2017,16.711
hrv,sex_t,age_aggregate_y55_64,geo_cov_nat,2018,12.451
hrv,sex_t,age_aggregate_y55_64,geo_cov_nat,2019,10.255
hrv,sex_t,age_aggregate_y55_64,geo_cov_nat,2020,10.614
hrv,sex_t,age_aggregate_y55_64,geo_cov_nat,2021,7.309
hrv,sex_t,age_aggregate_y55_64,geo_cov_nat,2022,7.907
hrv,sex_t,age_aggregate_y55_64,geo_cov_nat,2023,7.162
hrv,sex_t,age_aggregate_y55_64,geo_cov_nat,2024,5.571
hrv,sex_t,age_aggregate_y55_64,geo_cov_rur,2011,67.798
hrv,sex_t,age_aggregate_y55_64,geo_cov_rur,2012,18.798
hrv,sex_t,age_aggregate_y55_64,geo_cov_rur,2013,21.917
hrv,sex_t,age_aggregate_y55_64,geo_cov_rur,2014,22.189
hrv,sex_t,age_aggregate_y55_64,geo_cov_rur,2015,20.338
hrv,sex_t,age_aggregate_y55_64,geo_cov_rur,2016,21.144
hrv,sex_t,age_aggregate_y55_64,geo_cov_rur,2017,19.239
hrv,sex_t,age_aggregate_y55_64,geo_cov_rur,2018,14.576
hrv,sex_t,age_aggregate_y55_64,geo_cov_rur,2019,9.78
hrv,sex_t,age_aggregate_y55_64,geo_cov_rur,2020,10.636
hrv,sex_t,age_aggregate_y55_64,geo_cov_rur,2021,8.126
hrv,sex_t,age_aggregate_y55_64,geo_cov_rur,2022,8.608
hrv,sex_t,age_aggregate_y55_64,geo_cov_rur,2023,8.866
hrv,sex_t,age_aggregate_y55_64,geo_cov_rur,2024,6.997
hrv,sex_t,age_aggregate_y55_64,geo_cov_urb,2002,13.719
hrv,sex_t,age_aggregate_y55_64,geo_cov_urb,2003,13.114
hrv,sex_t,age_aggregate_y55_64,geo_cov_urb,2004,12.818
hrv,sex_t,age_aggregate_y55_64,geo_cov_urb,2005,13.68
hrv,sex_t,age_aggregate_y55_64,geo_cov_urb,2006,14.095
hrv,sex_t,age_aggregate_y55_64,geo_cov_urb,2007,12.457
hrv,sex_t,age_aggregate_y55_64,geo_cov_urb,2008,12.247
hrv,sex_t,age_aggregate_y55_64,geo_cov_urb,2009,12.623
hrv,sex_t,age_aggregate_y55_64,geo_cov_urb,2010,13.093
hrv,sex_t,age_aggregate_y55_64,geo_cov_urb,2011,15.818
hrv,sex_t,age_aggregate_y55_64,geo_cov_urb,2012,21.888
hrv,sex_t,age_aggregate_y55_64,geo_cov_urb,2013,23.933
hrv,sex_t,age_aggregate_y55_64,geo_cov_urb,2014,24.062
hrv,sex_t,age_aggregate_y55_64,geo_cov_urb,2015,24.91
hrv,sex_t,age_aggregate_y55_64,geo_cov_urb,2016,19.223
hrv,sex_t,age_aggregate_y55_64,geo_cov_urb,2017,15.382
hrv,sex_t,age_aggregate_y55_64,geo_cov_urb,2018,11.318
hrv,sex_t,age_aggregate_y55_64,geo_cov_urb,2019,10.509
hrv,sex_t,age_aggregate_y55_64,geo_cov_urb,2020,10.601
hrv,sex_t,age_aggregate_y55_64,geo_cov_urb,2021,6.838
hrv,sex_t,age_aggregate_y55_64,geo_cov_urb,2022,7.522
hrv,sex_t,age_aggregate_y55_64,geo_cov_urb,2023,6.207
hrv,sex_t,age_aggregate_y55_64,geo_cov_urb,2024,4.852
hrv,sex_t,age_aggregate_yge65,geo_cov_nat,2002,7.465
hrv,sex_t,age_aggregate_yge65,geo_cov_nat,2003,5.644
hrv,sex_t,age_aggregate_yge65,geo_cov_nat,2004,6.948
hrv,sex_t,age_aggregate_yge65,geo_cov_nat,2005,5.81
hrv,sex_t,age_aggregate_yge65,geo_cov_nat,2006,9.019
hrv,sex_t,age_aggregate_yge65,geo_cov_nat,2007,10.052
hrv,sex_t,age_aggregate_yge65,geo_cov_nat,2008,7.136
hrv,sex_t,age_aggregate_yge65,geo_cov_nat,2009,7.854
hrv,sex_t,age_aggregate_yge65,geo_cov_nat,2010,6.636
hrv,sex_t,age_aggregate_yge65,geo_cov_nat,2011,8.402
hrv,sex_t,age_aggregate_yge65,geo_cov_nat,2012,20.226
hrv,sex_t,age_aggregate_yge65,geo_cov_nat,2013,30.941
hrv,sex_t,age_aggregate_yge65,geo_cov_nat,2014,29.177
hrv,sex_t,age_aggregate_yge65,geo_cov_nat,2015,31.535
hrv,sex_t,age_aggregate_yge65,geo_cov_nat,2016,36.834
hrv,sex_t,age_aggregate_yge65,geo_cov_nat,2017,24.125
hrv,sex_t,age_aggregate_yge65,geo_cov_nat,2018,12.523
hrv,sex_t,age_aggregate_yge65,geo_cov_nat,2019,11.343
hrv,sex_t,age_aggregate_yge65,geo_cov_nat,2020,16.006
hrv,sex_t,age_aggregate_yge65,geo_cov_nat,2021,12.865
hrv,sex_t,age_aggregate_yge65,geo_cov_nat,2022,13.06
hrv,sex_t,age_aggregate_yge65,geo_cov_nat,2023,6.653
hrv,sex_t,age_aggregate_yge65,geo_cov_nat,2024,9.254
hrv,sex_t,age_aggregate_yge65,geo_cov_rur,2012,10.072
hrv,sex_t,age_aggregate_yge65,geo_cov_rur,2013,15.23
hrv,sex_t,age_aggregate_yge65,geo_cov_rur,2014,15.46
hrv,sex_t,age_aggregate_yge65,geo_cov_rur,2015,16.149
hrv,sex_t,age_aggregate_yge65,geo_cov_rur,2016,18.759
hrv,sex_t,age_aggregate_yge65,geo_cov_rur,2017,15.583
hrv,sex_t,age_aggregate_yge65,geo_cov_rur,2018,3.487
hrv,sex_t,age_aggregate_yge65,geo_cov_rur,2019,5.812
hrv,sex_t,age_aggregate_yge65,geo_cov_rur,2020,7.893
hrv,sex_t,age_aggregate_yge65,geo_cov_rur,2021,6.447
hrv,sex_t,age_aggregate_yge65,geo_cov_rur,2022,6.901
hrv,sex_t,age_aggregate_yge65,geo_cov_rur,2023,7.706
hrv,sex_t,age_aggregate_yge65,geo_cov_rur,2024,3.421
hrv,sex_t,age_aggregate_yge65,geo_cov_urb,2002,7.465
hrv,sex_t,age_aggregate_yge65,geo_cov_urb,2003,5.662
hrv,sex_t,age_aggregate_yge65,geo_cov_urb,2004,6.948
hrv,sex_t,age_aggregate_yge65,geo_cov_urb,2005,5.635
hrv,sex_t,age_aggregate_yge65,geo_cov_urb,2006,9.032
hrv,sex_t,age_aggregate_yge65,geo_cov_urb,2007,10.18
hrv,sex_t,age_aggregate_yge65,geo_cov_urb,2008,7.183
hrv,sex_t,age_aggregate_yge65,geo_cov_urb,2009,7.854
hrv,sex_t,age_aggregate_yge65,geo_cov_urb,2010,6.636
hrv,sex_t,age_aggregate_yge65,geo_cov_urb,2011,8.402
hrv,sex_t,age_aggregate_yge65,geo_cov_urb,2012,35.512
hrv,sex_t,age_aggregate_yge65,geo_cov_urb,2013,48.977
hrv,sex_t,age_aggregate_yge65,geo_cov_urb,2014,44.088
hrv,sex_t,age_aggregate_yge65,geo_cov_urb,2015,47.065
hrv,sex_t,age_aggregate_yge65,geo_cov_urb,2016,51.637
hrv,sex_t,age_aggregate_yge65,geo_cov_urb,2017,29.96
hrv,sex_t,age_aggregate_yge65,geo_cov_urb,2018,19.183
hrv,sex_t,age_aggregate_yge65,geo_cov_urb,2019,15.13
hrv,sex_t,age_aggregate_yge65,geo_cov_urb,2020,19.791
hrv,sex_t,age_aggregate_yge65,geo_cov_urb,2021,15.84
hrv,sex_t,age_aggregate_yge65,geo_cov_urb,2022,15.643
hrv,sex_t,age_aggregate_yge65,geo_cov_urb,2023,6.12
hrv,sex_t,age_aggregate_yge65,geo_cov_urb,2024,10.917
hrv,sex_t,age_ythadult_y15_24,geo_cov_nat,2002,42.893
hrv,sex_t,age_ythadult_y15_24,geo_cov_nat,2003,42.586
hrv,sex_t,age_ythadult_y15_24,geo_cov_nat,2004,38.749
hrv,sex_t,age_ythadult_y15_24,geo_cov_nat,2005,38.493
hrv,sex_t,age_ythadult_y15_24,geo_cov_nat,2006,37.862
hrv,sex_t,age_ythadult_y15_24,geo_cov_nat,2007,34.753
hrv,sex_t,age_ythadult_y15_24,geo_cov_nat,2008,31.333
hrv,sex_t,age_ythadult_y15_24,geo_cov_nat,2009,33.845
hrv,sex_t,age_ythadult_y15_24,geo_cov_nat,2010,39.658
hrv,sex_t,age_ythadult_y15_24,geo_cov_nat,2011,44.02
hrv,sex_t,age_ythadult_y15_24,geo_cov_nat,2012,49.456
hrv,sex_t,age_ythadult_y15_24,geo_cov_nat,2013,59.93
hrv,sex_t,age_ythadult_y15_24,geo_cov_nat,2014,56.114
hrv,sex_t,age_ythadult_y15_24,geo_cov_nat,2015,52.202
hrv,sex_t,age_ythadult_y15_24,geo_cov_nat,2016,44.003
hrv,sex_t,age_ythadult_y15_24,geo_cov_nat,2017,38.95
hrv,sex_t,age_ythadult_y15_24,geo_cov_nat,2018,34.016
hrv,sex_t,age_ythadult_y15_24,geo_cov_nat,2019,26.53
hrv,sex_t,age_ythadult_y15_24,geo_cov_nat,2020,32.366
hrv,sex_t,age_ythadult_y15_24,geo_cov_nat,2021,29.366
hrv,sex_t,age_ythadult_y15_24,geo_cov_nat,2022,22.465
hrv,sex_t,age_ythadult_y15_24,geo_cov_nat,2023,23.417
hrv,sex_t,age_ythadult_y15_24,geo_cov_nat,2024,21.052
hrv,sex_t,age_ythadult_y15_24,geo_cov_rur,2002,87.71
hrv,sex_t,age_ythadult_y15_24,geo_cov_rur,2006,31.856
hrv,sex_t,age_ythadult_y15_24,geo_cov_rur,2012,46.362
hrv,sex_t,age_ythadult_y15_24,geo_cov_rur,2013,59.983
hrv,sex_t,age_ythadult_y15_24,geo_cov_rur,2014,54.145
hrv,sex_t,age_ythadult_y15_24,geo_cov_rur,2015,51.028
hrv,sex_t,age_ythadult_y15_24,geo_cov_rur,2016,45.091
hrv,sex_t,age_ythadult_y15_24,geo_cov_rur,2017,40.459
hrv,sex_t,age_ythadult_y15_24,geo_cov_rur,2018,31.318
hrv,sex_t,age_ythadult_y15_24,geo_cov_rur,2019,25.674
hrv,sex_t,age_ythadult_y15_24,geo_cov_rur,2020,30.471
hrv,sex_t,age_ythadult_y15_24,geo_cov_rur,2021,25.601
hrv,sex_t,age_ythadult_y15_24,geo_cov_rur,2022,22.585
hrv,sex_t,age_ythadult_y15_24,geo_cov_rur,2023,22.742
hrv,sex_t,age_ythadult_y15_24,geo_cov_rur,2024,20.538
hrv,sex_t,age_ythadult_y15_24,geo_cov_urb,2002,42.624
hrv,sex_t,age_ythadult_y15_24,geo_cov_urb,2003,42.669
hrv,sex_t,age_ythadult_y15_24,geo_cov_urb,2004,38.938
hrv,sex_t,age_ythadult_y15_24,geo_cov_urb,2005,38.631
hrv,sex_t,age_ythadult_y15_24,geo_cov_urb,2006,37.916
hrv,sex_t,age_ythadult_y15_24,geo_cov_urb,2007,34.791
hrv,sex_t,age_ythadult_y15_24,geo_cov_urb,2008,31.291
hrv,sex_t,age_ythadult_y15_24,geo_cov_urb,2009,33.713
hrv,sex_t,age_ythadult_y15_24,geo_cov_urb,2010,39.542
hrv,sex_t,age_ythadult_y15_24,geo_cov_urb,2011,44.008
hrv,sex_t,age_ythadult_y15_24,geo_cov_urb,2012,52.791
hrv,sex_t,age_ythadult_y15_24,geo_cov_urb,2013,59.869
hrv,sex_t,age_ythadult_y15_24,geo_cov_urb,2014,57.828
hrv,sex_t,age_ythadult_y15_24,geo_cov_urb,2015,53.261
hrv,sex_t,age_ythadult_y15_24,geo_cov_urb,2016,43.176
hrv,sex_t,age_ythadult_y15_24,geo_cov_urb,2017,37.73
hrv,sex_t,age_ythadult_y15_24,geo_cov_urb,2018,35.902
hrv,sex_t,age_ythadult_y15_24,geo_cov_urb,2019,27.202
hrv,sex_t,age_ythadult_y15_24,geo_cov_urb,2020,34.002
hrv,sex_t,age_ythadult_y15_24,geo_cov_urb,2021,32.591
hrv,sex_t,age_ythadult_y15_24,geo_cov_urb,2022,22.36
hrv,sex_t,age_ythadult_y15_24,geo_cov_urb,2023,23.953
hrv,sex_t,age_ythadult_y15_24,geo_cov_urb,2024,21.427
hrv,sex_t,age_ythadult_y15_64,geo_cov_nat,2002,20.061
hrv,sex_t,age_ythadult_y15_64,geo_cov_nat,2003,19.381
hrv,sex_t,age_ythadult_y15_64,geo_cov_nat,2004,18.282
hrv,sex_t,age_ythadult_y15_64,geo_cov_nat,2005,17.405
hrv,sex_t,age_ythadult_y15_64,geo_cov_nat,2006,17.299
hrv,sex_t,age_ythadult_y15_64,geo_cov_nat,2007,15.367
hrv,sex_t,age_ythadult_y15_64,geo_cov_nat,2008,13.666
hrv,sex_t,age_ythadult_y15_64,geo_cov_nat,2009,14.708
hrv,sex_t,age_ythadult_y15_64,geo_cov_nat,2010,17.318
hrv,sex_t,age_ythadult_y15_64,geo_cov_nat,2011,20.029
hrv,sex_t,age_ythadult_y15_64,geo_cov_nat,2012,22.883
hrv,sex_t,age_ythadult_y15_64,geo_cov_nat,2013,25.541
hrv,sex_t,age_ythadult_y15_64,geo_cov_nat,2014,24.274
hrv,sex_t,age_ythadult_y15_64,geo_cov_nat,2015,22.893
hrv,sex_t,age_ythadult_y15_64,geo_cov_nat,2016,21.15
hrv,sex_t,age_ythadult_y15_64,geo_cov_nat,2017,17.704
hrv,sex_t,age_ythadult_y15_64,geo_cov_nat,2018,14.639
hrv,sex_t,age_ythadult_y15_64,geo_cov_nat,2019,12.291
hrv,sex_t,age_ythadult_y15_64,geo_cov_nat,2020,12.835
hrv,sex_t,age_ythadult_y15_64,geo_cov_nat,2021,10.61
hrv,sex_t,age_ythadult_y15_64,geo_cov_nat,2022,9.227
hrv,sex_t,age_ythadult_y15_64,geo_cov_nat,2023,8.411
hrv,sex_t,age_ythadult_y15_64,geo_cov_nat,2024,7.02
hrv,sex_t,age_ythadult_y15_64,geo_cov_rur,2012,23.506
hrv,sex_t,age_ythadult_y15_64,geo_cov_rur,2013,27.808
hrv,sex_t,age_ythadult_y15_64,geo_cov_rur,2014,26.186
hrv,sex_t,age_ythadult_y15_64,geo_cov_rur,2015,24.996
hrv,sex_t,age_ythadult_y15_64,geo_cov_rur,2016,23.699
hrv,sex_t,age_ythadult_y15_64,geo_cov_rur,2017,21.092
hrv,sex_t,age_ythadult_y15_64,geo_cov_rur,2018,17.18
hrv,sex_t,age_ythadult_y15_64,geo_cov_rur,2019,12.936
hrv,sex_t,age_ythadult_y15_64,geo_cov_rur,2020,13.537
hrv,sex_t,age_ythadult_y15_64,geo_cov_rur,2021,10.533
hrv,sex_t,age_ythadult_y15_64,geo_cov_rur,2022,9.55
hrv,sex_t,age_ythadult_y15_64,geo_cov_rur,2023,9.013
hrv,sex_t,age_ythadult_y15_64,geo_cov_rur,2024,7.351
hrv,sex_t,age_ythadult_y15_64,geo_cov_urb,2002,20.014
hrv,sex_t,age_ythadult_y15_64,geo_cov_urb,2003,19.353
hrv,sex_t,age_ythadult_y15_64,geo_cov_urb,2004,18.292
hrv,sex_t,age_ythadult_y15_64,geo_cov_urb,2005,17.434
hrv,sex_t,age_ythadult_y15_64,geo_cov_urb,2006,17.275
hrv,sex_t,age_ythadult_y15_64,geo_cov_urb,2007,15.348
hrv,sex_t,age_ythadult_y15_64,geo_cov_urb,2008,13.663
hrv,sex_t,age_ythadult_y15_64,geo_cov_urb,2009,14.705
hrv,sex_t,age_ythadult_y15_64,geo_cov_urb,2010,17.293
hrv,sex_t,age_ythadult_y15_64,geo_cov_urb,2011,20.011
hrv,sex_t,age_ythadult_y15_64,geo_cov_urb,2012,22.476
hrv,sex_t,age_ythadult_y15_64,geo_cov_urb,2013,24.067
hrv,sex_t,age_ythadult_y15_64,geo_cov_urb,2014,23.047
hrv,sex_t,age_ythadult_y15_64,geo_cov_urb,2015,21.602
hrv,sex_t,age_ythadult_y15_64,geo_cov_urb,2016,19.759
hrv,sex_t,age_ythadult_y15_64,geo_cov_urb,2017,15.788
hrv,sex_t,age_ythadult_y15_64,geo_cov_urb,2018,13.267
hrv,sex_t,age_ythadult_y15_64,geo_cov_urb,2019,11.933
hrv,sex_t,age_ythadult_y15_64,geo_cov_urb,2020,12.413
hrv,sex_t,age_ythadult_y15_64,geo_cov_urb,2021,10.654
hrv,sex_t,age_ythadult_y15_64,geo_cov_urb,2022,9.044
hrv,sex_t,age_ythadult_y15_64,geo_cov_urb,2023,8.064
hrv,sex_t,age_ythadult_y15_64,geo_cov_urb,2024,6.848
hrv,sex_t,age_ythadult_yge15,geo_cov_nat,2002,19.718
hrv,sex_t,age_ythadult_yge15,geo_cov_nat,2003,18.967
hrv,sex_t,age_ythadult_yge15,geo_cov_nat,2004,17.895
hrv,sex_t,age_ythadult_yge15,geo_cov_nat,2005,17.006
hrv,sex_t,age_ythadult_yge15,geo_cov_nat,2006,17.012
hrv,sex_t,age_ythadult_yge15,geo_cov_nat,2007,15.252
hrv,sex_t,age_ythadult_yge15,geo_cov_nat,2008,13.509
hrv,sex_t,age_ythadult_yge15,geo_cov_nat,2009,14.531
hrv,sex_t,age_ythadult_yge15,geo_cov_nat,2010,17.085
hrv,sex_t,age_ythadult_yge15,geo_cov_nat,2011,19.771
hrv,sex_t,age_ythadult_yge15,geo_cov_nat,2012,22.821
hrv,sex_t,age_ythadult_yge15,geo_cov_nat,2013,25.657
hrv,sex_t,age_ythadult_yge15,geo_cov_nat,2014,24.356
hrv,sex_t,age_ythadult_yge15,geo_cov_nat,2015,23.05
hrv,sex_t,age_ythadult_yge15,geo_cov_nat,2016,21.429
hrv,sex_t,age_ythadult_yge15,geo_cov_nat,2017,17.799
hrv,sex_t,age_ythadult_yge15,geo_cov_nat,2018,14.609
hrv,sex_t,age_ythadult_yge15,geo_cov_nat,2019,12.275
hrv,sex_t,age_ythadult_yge15,geo_cov_nat,2020,12.884
hrv,sex_t,age_ythadult_yge15,geo_cov_nat,2021,10.647
hrv,sex_t,age_ythadult_yge15,geo_cov_nat,2022,9.296
hrv,sex_t,age_ythadult_yge15,geo_cov_nat,2023,8.378
hrv,sex_t,age_ythadult_yge15,geo_cov_nat,2024,7.062
hrv,sex_t,age_ythadult_yge15,geo_cov_rur,2002,33.896
hrv,sex_t,age_ythadult_yge15,geo_cov_rur,2003,24.592
hrv,sex_t,age_ythadult_yge15,geo_cov_rur,2006,22.772
hrv,sex_t,age_ythadult_yge15,geo_cov_rur,2007,18.451
hrv,sex_t,age_ythadult_yge15,geo_cov_rur,2008,13.851
hrv,sex_t,age_ythadult_yge15,geo_cov_rur,2010,26.183
hrv,sex_t,age_ythadult_yge15,geo_cov_rur,2011,28.936
hrv,sex_t,age_ythadult_yge15,geo_cov_rur,2012,23.034
hrv,sex_t,age_ythadult_yge15,geo_cov_rur,2013,27.447
hrv,sex_t,age_ythadult_yge15,geo_cov_rur,2014,25.948
hrv,sex_t,age_ythadult_yge15,geo_cov_rur,2015,24.786
hrv,sex_t,age_ythadult_yge15,geo_cov_rur,2016,23.588
hrv,sex_t,age_ythadult_yge15,geo_cov_rur,2017,21.001
hrv,sex_t,age_ythadult_yge15,geo_cov_rur,2018,16.945
hrv,sex_t,age_ythadult_yge15,geo_cov_rur,2019,12.8
hrv,sex_t,age_ythadult_yge15,geo_cov_rur,2020,13.463
hrv,sex_t,age_ythadult_yge15,geo_cov_rur,2021,10.474
hrv,sex_t,age_ythadult_yge15,geo_cov_rur,2022,9.511
hrv,sex_t,age_ythadult_yge15,geo_cov_rur,2023,8.99
hrv,sex_t,age_ythadult_yge15,geo_cov_rur,2024,7.303
hrv,sex_t,age_ythadult_yge15,geo_cov_urb,2002,19.671
hrv,sex_t,age_ythadult_yge15,geo_cov_urb,2003,18.94
hrv,sex_t,age_ythadult_yge15,geo_cov_urb,2004,17.903
hrv,sex_t,age_ythadult_yge15,geo_cov_urb,2005,17.029
hrv,sex_t,age_ythadult_yge15,geo_cov_urb,2006,16.988
hrv,sex_t,age_ythadult_yge15,geo_cov_urb,2007,15.236
hrv,sex_t,age_ythadult_yge15,geo_cov_urb,2008,13.508
hrv,sex_t,age_ythadult_yge15,geo_cov_urb,2009,14.528
hrv,sex_t,age_ythadult_yge15,geo_cov_urb,2010,17.06
hrv,sex_t,age_ythadult_yge15,geo_cov_urb,2011,19.753
hrv,sex_t,age_ythadult_yge15,geo_cov_urb,2012,22.679
hrv,sex_t,age_ythadult_yge15,geo_cov_urb,2013,24.477
hrv,sex_t,age_ythadult_yge15,geo_cov_urb,2014,23.325
hrv,sex_t,age_ythadult_yge15,geo_cov_urb,2015,21.974
hrv,sex_t,age_ythadult_yge15,geo_cov_urb,2016,20.242
hrv,sex_t,age_ythadult_yge15,geo_cov_urb,2017,15.983
hrv,sex_t,age_ythadult_yge15,geo_cov_urb,2018,13.342
hrv,sex_t,age_ythadult_yge15,geo_cov_urb,2019,11.983
hrv,sex_t,age_ythadult_yge15,geo_cov_urb,2020,12.536
hrv,sex_t,age_ythadult_yge15,geo_cov_urb,2021,10.745
hrv,sex_t,age_ythadult_yge15,geo_cov_urb,2022,9.175
hrv,sex_t,age_ythadult_yge15,geo_cov_urb,2023,8.026
hrv,sex_t,age_ythadult_yge15,geo_cov_urb,2024,6.938
hrv,sex_t,age_ythadult_yge25,geo_cov_nat,2002,16.174
hrv,sex_t,age_ythadult_yge25,geo_cov_nat,2003,15.581
hrv,sex_t,age_ythadult_yge25,geo_cov_nat,2004,14.991
hrv,sex_t,age_ythadult_yge25,geo_cov_nat,2005,14.101
hrv,sex_t,age_ythadult_yge25,geo_cov_nat,2006,14.331
hrv,sex_t,age_ythadult_yge25,geo_cov_nat,2007,12.878
hrv,sex_t,age_ythadult_yge25,geo_cov_nat,2008,11.423
hrv,sex_t,age_ythadult_yge25,geo_cov_nat,2009,12.312
hrv,sex_t,age_ythadult_yge25,geo_cov_nat,2010,14.569
hrv,sex_t,age_ythadult_yge25,geo_cov_nat,2011,17.33
hrv,sex_t,age_ythadult_yge25,geo_cov_nat,2012,20.377
hrv,sex_t,age_ythadult_yge25,geo_cov_nat,2013,22.379
hrv,sex_t,age_ythadult_yge25,geo_cov_nat,2014,21.034
hrv,sex_t,age_ythadult_yge25,geo_cov_nat,2015,20.123
hrv,sex_t,age_ythadult_yge25,geo_cov_nat,2016,18.817
hrv,sex_t,age_ythadult_yge25,geo_cov_nat,2017,15.525
hrv,sex_t,age_ythadult_yge25,geo_cov_nat,2018,12.706
hrv,sex_t,age_ythadult_yge25,geo_cov_nat,2019,10.929
hrv,sex_t,age_ythadult_yge25,geo_cov_nat,2020,11.038
hrv,sex_t,age_ythadult_yge25,geo_cov_nat,2021,8.965
hrv,sex_t,age_ythadult_yge25,geo_cov_nat,2022,8.155
hrv,sex_t,age_ythadult_yge25,geo_cov_nat,2023,7.188
hrv,sex_t,age_ythadult_yge25,geo_cov_nat,2024,6
hrv,sex_t,age_ythadult_yge25,geo_cov_rur,2003,23.564
hrv,sex_t,age_ythadult_yge25,geo_cov_rur,2006,19.815
hrv,sex_t,age_ythadult_yge25,geo_cov_rur,2007,14.049
hrv,sex_t,age_ythadult_yge25,geo_cov_rur,2010,20.144
hrv,sex_t,age_ythadult_yge25,geo_cov_rur,2011,27.442
hrv,sex_t,age_ythadult_yge25,geo_cov_rur,2012,20.179
hrv,sex_t,age_ythadult_yge25,geo_cov_rur,2013,23.101
hrv,sex_t,age_ythadult_yge25,geo_cov_rur,2014,22.386
hrv,sex_t,age_ythadult_yge25,geo_cov_rur,2015,21.441
hrv,sex_t,age_ythadult_yge25,geo_cov_rur,2016,20.485
hrv,sex_t,age_ythadult_yge25,geo_cov_rur,2017,18.349
hrv,sex_t,age_ythadult_yge25,geo_cov_rur,2018,15.268
hrv,sex_t,age_ythadult_yge25,geo_cov_rur,2019,11.273
hrv,sex_t,age_ythadult_yge25,geo_cov_rur,2020,11.425
hrv,sex_t,age_ythadult_yge25,geo_cov_rur,2021,8.692
hrv,sex_t,age_ythadult_yge25,geo_cov_rur,2022,8.01
hrv,sex_t,age_ythadult_yge25,geo_cov_rur,2023,7.649
hrv,sex_t,age_ythadult_yge25,geo_cov_rur,2024,6.031
hrv,sex_t,age_ythadult_yge25,geo_cov_urb,2002,16.171
hrv,sex_t,age_ythadult_yge25,geo_cov_urb,2003,15.545
hrv,sex_t,age_ythadult_yge25,geo_cov_urb,2004,14.98
hrv,sex_t,age_ythadult_yge25,geo_cov_urb,2005,14.112
hrv,sex_t,age_ythadult_yge25,geo_cov_urb,2006,14.312
hrv,sex_t,age_ythadult_yge25,geo_cov_urb,2007,12.873
hrv,sex_t,age_ythadult_yge25,geo_cov_urb,2008,11.434
hrv,sex_t,age_ythadult_yge25,geo_cov_urb,2009,12.323
hrv,sex_t,age_ythadult_yge25,geo_cov_urb,2010,14.553
hrv,sex_t,age_ythadult_yge25,geo_cov_urb,2011,17.309
hrv,sex_t,age_ythadult_yge25,geo_cov_urb,2012,20.503
hrv,sex_t,age_ythadult_yge25,geo_cov_urb,2013,21.93
hrv,sex_t,age_ythadult_yge25,geo_cov_urb,2014,20.187
hrv,sex_t,age_ythadult_yge25,geo_cov_urb,2015,19.337
hrv,sex_t,age_ythadult_yge25,geo_cov_urb,2016,17.936
hrv,sex_t,age_ythadult_yge25,geo_cov_urb,2017,13.987
hrv,sex_t,age_ythadult_yge25,geo_cov_urb,2018,11.351
hrv,sex_t,age_ythadult_yge25,geo_cov_urb,2019,10.744
hrv,sex_t,age_ythadult_yge25,geo_cov_urb,2020,10.815
hrv,sex_t,age_ythadult_yge25,geo_cov_urb,2021,9.113
hrv,sex_t,age_ythadult_yge25,geo_cov_urb,2022,8.234
hrv,sex_t,age_ythadult_yge25,geo_cov_urb,2023,6.931
hrv,sex_t,age_ythadult_yge25,geo_cov_urb,2024,5.984
hti,sex_f,age_aggregate_total,geo_cov_nat,2012,37.582
hti,sex_f,age_aggregate_total,geo_cov_rur,2012,29.228
hti,sex_f,age_aggregate_total,geo_cov_urb,2012,45.489
hti,sex_f,age_aggregate_y15_24,geo_cov_nat,2012,50.054
hti,sex_f,age_aggregate_y15_24,geo_cov_rur,2012,42.136
hti,sex_f,age_aggregate_y15_24,geo_cov_urb,2012,57.959
hti,sex_f,age_aggregate_y25_54,geo_cov_nat,2012,36.815
hti,sex_f,age_aggregate_y25_54,geo_cov_rur,2012,28.6
hti,sex_f,age_aggregate_y25_54,geo_cov_urb,2012,43.432
hti,sex_f,age_aggregate_y55_64,geo_cov_nat,2012,21.317
hti,sex_f,age_aggregate_y55_64,geo_cov_rur,2012,14.736
hti,sex_f,age_aggregate_y55_64,geo_cov_urb,2012,32.955
hti,sex_f,age_aggregate_yge65,geo_cov_nat,2012,25.751
hti,sex_f,age_aggregate_yge65,geo_cov_rur,2012,19.628
hti,sex_f,age_aggregate_yge65,geo_cov_urb,2012,35.861
hti,sex_f,age_ythadult_y15_24,geo_cov_nat,2012,50.054
hti,sex_f,age_ythadult_y15_24,geo_cov_rur,2012,42.136
hti,sex_f,age_ythadult_y15_24,geo_cov_urb,2012,57.959
hti,sex_f,age_ythadult_y15_64,geo_cov_nat,2012,38.299
hti,sex_f,age_ythadult_y15_64,geo_cov_rur,2012,29.986
hti,sex_f,age_ythadult_y15_64,geo_cov_urb,2012,45.911
hti,sex_f,age_ythadult_yge15,geo_cov_nat,2012,37.582
hti,sex_f,age_ythadult_yge15,geo_cov_rur,2012,29.228
hti,sex_f,age_ythadult_yge15,geo_cov_urb,2012,45.489
hti,sex_f,age_ythadult_yge25,geo_cov_nat,2012,34.114
hti,sex_f,age_ythadult_yge25,geo_cov_rur,2012,25.512
hti,sex_f,age_ythadult_yge25,geo_cov_urb,2012,42.136
hti,sex_m,age_aggregate_total,geo_cov_nat,2012,19.219
hti,sex_m,age_aggregate_total,geo_cov_rur,2012,11.623
hti,sex_m,age_aggregate_total,geo_cov_urb,2012,28.775
hti,sex_m,age_aggregate_y15_24,geo_cov_nat,2012,28.26
hti,sex_m,age_aggregate_y15_24,geo_cov_rur,2012,19.653
hti,sex_m,age_aggregate_y15_24,geo_cov_urb,2012,42.226
hti,sex_m,age_aggregate_y25_54,geo_cov_nat,2012,17.935
hti,sex_m,age_aggregate_y25_54,geo_cov_rur,2012,10.302
hti,sex_m,age_aggregate_y25_54,geo_cov_urb,2012,25.199
hti,sex_m,age_aggregate_y55_64,geo_cov_nat,2012,10.466
hti,sex_m,age_aggregate_y55_64,geo_cov_rur,2012,2.579
hti,sex_m,age_aggregate_y55_64,geo_cov_urb,2012,26.256
hti,sex_m,age_aggregate_yge65,geo_cov_nat,2012,7.054
hti,sex_m,age_aggregate_yge65,geo_cov_rur,2012,4.278
hti,sex_m,age_aggregate_yge65,geo_cov_urb,2012,15.854
hti,sex_m,age_ythadult_y15_24,geo_cov_nat,2012,28.26
hti,sex_m,age_ythadult_y15_24,geo_cov_rur,2012,19.653
hti,sex_m,age_ythadult_y15_24,geo_cov_urb,2012,42.226
hti,sex_m,age_ythadult_y15_64,geo_cov_nat,2012,20.115
hti,sex_m,age_ythadult_y15_64,geo_cov_rur,2012,12.381
hti,sex_m,age_ythadult_y15_64,geo_cov_urb,2012,29.273
hti,sex_m,age_ythadult_yge15,geo_cov_nat,2012,19.219
hti,sex_m,age_ythadult_yge15,geo_cov_rur,2012,11.623
hti,sex_m,age_ythadult_yge15,geo_cov_urb,2012,28.775
hti,sex_m,age_ythadult_yge25,geo_cov_nat,2012,15.999
hti,sex_m,age_ythadult_yge25,geo_cov_rur,2012,8.316
hti,sex_m,age_ythadult_yge25,geo_cov_urb,2012,24.844
hti,sex_t,age_aggregate_total,geo_cov_nat,2012,28.319
hti,sex_t,age_aggregate_total,geo_cov_rur,2012,19.75
hti,sex_t,age_aggregate_total,geo_cov_urb,2012,37.677
hti,sex_t,age_aggregate_y15_24,geo_cov_nat,2012,38.038
hti,sex_t,age_aggregate_y15_24,geo_cov_rur,2012,28.569
hti,sex_t,age_aggregate_y15_24,geo_cov_urb,2012,50.351
hti,sex_t,age_aggregate_y25_54,geo_cov_nat,2012,27.699
hti,sex_t,age_aggregate_y25_54,geo_cov_rur,2012,19.358
hti,sex_t,age_aggregate_y25_54,geo_cov_urb,2012,34.983
hti,sex_t,age_aggregate_y55_64,geo_cov_nat,2012,15.971
hti,sex_t,age_aggregate_y55_64,geo_cov_rur,2012,8.616
hti,sex_t,age_aggregate_y55_64,geo_cov_urb,2012,29.79
hti,sex_t,age_aggregate_yge65,geo_cov_nat,2012,15.467
hti,sex_t,age_aggregate_yge65,geo_cov_rur,2012,10.438
hti,sex_t,age_aggregate_yge65,geo_cov_urb,2012,27.112
hti,sex_t,age_ythadult_y15_24,geo_cov_nat,2012,38.038
hti,sex_t,age_ythadult_y15_24,geo_cov_rur,2012,28.569
hti,sex_t,age_ythadult_y15_24,geo_cov_urb,2012,50.351
hti,sex_t,age_ythadult_y15_64,geo_cov_nat,2012,29.182
hti,sex_t,age_ythadult_y15_64,geo_cov_rur,2012,20.606
hti,sex_t,age_ythadult_y15_64,geo_cov_urb,2012,38.114
hti,sex_t,age_ythadult_yge15,geo_cov_nat,2012,28.319
hti,sex_t,age_ythadult_yge15,geo_cov_rur,2012,19.75
hti,sex_t,age_ythadult_yge15,geo_cov_urb,2012,37.677
hti,sex_t,age_ythadult_yge25,geo_cov_nat,2012,25.244
hti,sex_t,age_ythadult_yge25,geo_cov_rur,2012,16.648
hti,sex_t,age_ythadult_yge25,geo_cov_urb,2012,34.132
hun,sex_f,age_aggregate_total,geo_cov_nat,2001,8.842
hun,sex_f,age_aggregate_total,geo_cov_nat,2002,9.608
hun,sex_f,age_aggregate_total,geo_cov_nat,2003,9.631
hun,sex_f,age_aggregate_total,geo_cov_nat,2004,10.394
hun,sex_f,age_aggregate_total,geo_cov_nat,2005,11.578
hun,sex_f,age_aggregate_total,geo_cov_nat,2006,11.824
hun,sex_f,age_aggregate_total,geo_cov_nat,2007,11.504
hun,sex_f,age_aggregate_total,geo_cov_nat,2008,12.172
hun,sex_f,age_aggregate_total,geo_cov_nat,2009,14.226
hun,sex_f,age_aggregate_total,geo_cov_nat,2010,15.178
hun,sex_f,age_aggregate_total,geo_cov_nat,2011,15.772
hun,sex_f,age_aggregate_total,geo_cov_nat,2012,15.498
hun,sex_f,age_aggregate_total,geo_cov_nat,2013,15.02
hun,sex_f,age_aggregate_total,geo_cov_nat,2014,11.882
hun,sex_f,age_aggregate_total,geo_cov_nat,2015,10.263
hun,sex_f,age_aggregate_total,geo_cov_nat,2016,8.013
hun,sex_f,age_aggregate_total,geo_cov_nat,2017,7.496
hun,sex_f,age_aggregate_total,geo_cov_nat,2018,6.479
hun,sex_f,age_aggregate_total,geo_cov_nat,2019,6.019
hun,sex_f,age_aggregate_total,geo_cov_nat,2020,7.992
hun,sex_f,age_aggregate_total,geo_cov_nat,2021,6.828
hun,sex_f,age_aggregate_total,geo_cov_nat,2022,5.31
hun,sex_f,age_aggregate_total,geo_cov_nat,2023,5.685
hun,sex_f,age_aggregate_total,geo_cov_nat,2024,5.73
hun,sex_f,age_aggregate_total,geo_cov_rur,2001,11.552
hun,sex_f,age_aggregate_total,geo_cov_rur,2002,12.938
hun,sex_f,age_aggregate_total,geo_cov_rur,2003,12.72
hun,sex_f,age_aggregate_total,geo_cov_rur,2004,13.592
hun,sex_f,age_aggregate_total,geo_cov_rur,2005,15.214
hun,sex_f,age_aggregate_total,geo_cov_rur,2006,16.329
hun,sex_f,age_aggregate_total,geo_cov_rur,2007,15.609
hun,sex_f,age_aggregate_total,geo_cov_rur,2008,16.58
hun,sex_f,age_aggregate_total,geo_cov_rur,2009,18.85
hun,sex_f,age_aggregate_total,geo_cov_rur,2010,19.024
hun,sex_f,age_aggregate_total,geo_cov_rur,2011,19.858
hun,sex_f,age_aggregate_total,geo_cov_rur,2012,20.597
hun,sex_f,age_aggregate_total,geo_cov_rur,2013,19.651
hun,sex_f,age_aggregate_total,geo_cov_rur,2014,14.952
hun,sex_f,age_aggregate_total,geo_cov_rur,2015,12.982
hun,sex_f,age_aggregate_total,geo_cov_rur,2016,10.353
hun,sex_f,age_aggregate_total,geo_cov_rur,2017,9.286
hun,sex_f,age_aggregate_total,geo_cov_rur,2018,7.874
hun,sex_f,age_aggregate_total,geo_cov_rur,2019,7.679
hun,sex_f,age_aggregate_total,geo_cov_rur,2020,9.787
hun,sex_f,age_aggregate_total,geo_cov_rur,2021,9.131
hun,sex_f,age_aggregate_total,geo_cov_rur,2022,7.906
hun,sex_f,age_aggregate_total,geo_cov_rur,2023,7.45
hun,sex_f,age_aggregate_total,geo_cov_rur,2024,8.167
hun,sex_f,age_aggregate_total,geo_cov_urb,2001,6.829
hun,sex_f,age_aggregate_total,geo_cov_urb,2002,7.119
hun,sex_f,age_aggregate_total,geo_cov_urb,2003,7.553
hun,sex_f,age_aggregate_total,geo_cov_urb,2004,8.25
hun,sex_f,age_aggregate_total,geo_cov_urb,2005,9.166
hun,sex_f,age_aggregate_total,geo_cov_urb,2006,8.73
hun,sex_f,age_aggregate_total,geo_cov_urb,2007,8.569
hun,sex_f,age_aggregate_total,geo_cov_urb,2008,9.068
hun,sex_f,age_aggregate_total,geo_cov_urb,2009,10.946
hun,sex_f,age_aggregate_total,geo_cov_urb,2010,12.395
hun,sex_f,age_aggregate_total,geo_cov_urb,2011,12.784
hun,sex_f,age_aggregate_total,geo_cov_urb,2012,12.974
hun,sex_f,age_aggregate_total,geo_cov_urb,2013,12.761
hun,sex_f,age_aggregate_total,geo_cov_urb,2014,10.398
hun,sex_f,age_aggregate_total,geo_cov_urb,2015,8.923
hun,sex_f,age_aggregate_total,geo_cov_urb,2016,6.823
hun,sex_f,age_aggregate_total,geo_cov_urb,2017,6.674
hun,sex_f,age_aggregate_total,geo_cov_urb,2018,5.867
hun,sex_f,age_aggregate_total,geo_cov_urb,2019,5.301
hun,sex_f,age_aggregate_total,geo_cov_urb,2020,7.234
hun,sex_f,age_aggregate_total,geo_cov_urb,2021,5.877
hun,sex_f,age_aggregate_total,geo_cov_urb,2022,4.211
hun,sex_f,age_aggregate_total,geo_cov_urb,2023,4.936
hun,sex_f,age_aggregate_total,geo_cov_urb,2024,4.682
hun,sex_f,age_aggregate_y15_24,geo_cov_nat,2001,14.984
hun,sex_f,age_aggregate_y15_24,geo_cov_nat,2002,16.509
hun,sex_f,age_aggregate_y15_24,geo_cov_nat,2003,17.991
hun,sex_f,age_aggregate_y15_24,geo_cov_nat,2004,21.282
hun,sex_f,age_aggregate_y15_24,geo_cov_nat,2005,25.557
hun,sex_f,age_aggregate_y15_24,geo_cov_nat,2006,25.315
hun,sex_f,age_aggregate_y15_24,geo_cov_nat,2007,24.145
hun,sex_f,age_aggregate_y15_24,geo_cov_nat,2008,25.352
hun,sex_f,age_aggregate_y15_24,geo_cov_nat,2009,30.345
hun,sex_f,age_aggregate_y15_24,geo_cov_nat,2010,29.962
hun,sex_f,age_aggregate_y15_24,geo_cov_nat,2011,31.457
hun,sex_f,age_aggregate_y15_24,geo_cov_nat,2012,33.732
hun,sex_f,age_aggregate_y15_24,geo_cov_nat,2013,35.01
hun,sex_f,age_aggregate_y15_24,geo_cov_nat,2014,26.844
hun,sex_f,age_aggregate_y15_24,geo_cov_nat,2015,20.607
hun,sex_f,age_aggregate_y15_24,geo_cov_nat,2016,18.252
hun,sex_f,age_aggregate_y15_24,geo_cov_nat,2017,17.88
hun,sex_f,age_aggregate_y15_24,geo_cov_nat,2018,15.603
hun,sex_f,age_aggregate_y15_24,geo_cov_nat,2019,17.02
hun,sex_f,age_aggregate_y15_24,geo_cov_nat,2020,20.859
hun,sex_f,age_aggregate_y15_24,geo_cov_nat,2021,21.684
hun,sex_f,age_aggregate_y15_24,geo_cov_nat,2022,14.245
hun,sex_f,age_aggregate_y15_24,geo_cov_nat,2023,16.13
hun,sex_f,age_aggregate_y15_24,geo_cov_nat,2024,18.177
hun,sex_f,age_aggregate_y15_24,geo_cov_rur,2001,18.045
hun,sex_f,age_aggregate_y15_24,geo_cov_rur,2002,22.203
hun,sex_f,age_aggregate_y15_24,geo_cov_rur,2003,20.602
hun,sex_f,age_aggregate_y15_24,geo_cov_rur,2004,25.166
hun,sex_f,age_aggregate_y15_24,geo_cov_rur,2005,29.487
hun,sex_f,age_aggregate_y15_24,geo_cov_rur,2006,31.912
hun,sex_f,age_aggregate_y15_24,geo_cov_rur,2007,29.363
hun,sex_f,age_aggregate_y15_24,geo_cov_rur,2008,30.901
hun,sex_f,age_aggregate_y15_24,geo_cov_rur,2009,36.264
hun,sex_f,age_aggregate_y15_24,geo_cov_rur,2010,34.169
hun,sex_f,age_aggregate_y15_24,geo_cov_rur,2011,35.91
hun,sex_f,age_aggregate_y15_24,geo_cov_rur,2012,38.068
hun,sex_f,age_aggregate_y15_24,geo_cov_rur,2013,41.391
hun,sex_f,age_aggregate_y15_24,geo_cov_rur,2014,29.302
hun,sex_f,age_aggregate_y15_24,geo_cov_rur,2015,23.53
hun,sex_f,age_aggregate_y15_24,geo_cov_rur,2016,22.394
hun,sex_f,age_aggregate_y15_24,geo_cov_rur,2017,22.676
hun,sex_f,age_aggregate_y15_24,geo_cov_rur,2018,19.343
hun,sex_f,age_aggregate_y15_24,geo_cov_rur,2019,20.192
hun,sex_f,age_aggregate_y15_24,geo_cov_rur,2020,24.768
hun,sex_f,age_aggregate_y15_24,geo_cov_rur,2021,26.862
hun,sex_f,age_aggregate_y15_24,geo_cov_rur,2022,20.509
hun,sex_f,age_aggregate_y15_24,geo_cov_rur,2023,19.632
hun,sex_f,age_aggregate_y15_24,geo_cov_rur,2024,25.78
hun,sex_f,age_aggregate_y15_24,geo_cov_urb,2001,12.084
hun,sex_f,age_aggregate_y15_24,geo_cov_urb,2002,11.578
hun,sex_f,age_aggregate_y15_24,geo_cov_urb,2003,15.96
hun,sex_f,age_aggregate_y15_24,geo_cov_urb,2004,18.146
hun,sex_f,age_aggregate_y15_24,geo_cov_urb,2005,22.255
hun,sex_f,age_aggregate_y15_24,geo_cov_urb,2006,19.4
hun,sex_f,age_aggregate_y15_24,geo_cov_urb,2007,19.2
hun,sex_f,age_aggregate_y15_24,geo_cov_urb,2008,20.226
hun,sex_f,age_aggregate_y15_24,geo_cov_urb,2009,24.47
hun,sex_f,age_aggregate_y15_24,geo_cov_urb,2010,25.996
hun,sex_f,age_aggregate_y15_24,geo_cov_urb,2011,27.167
hun,sex_f,age_aggregate_y15_24,geo_cov_urb,2012,30.849
hun,sex_f,age_aggregate_y15_24,geo_cov_urb,2013,30.692
hun,sex_f,age_aggregate_y15_24,geo_cov_urb,2014,25.059
hun,sex_f,age_aggregate_y15_24,geo_cov_urb,2015,18.477
hun,sex_f,age_aggregate_y15_24,geo_cov_urb,2016,15.426
hun,sex_f,age_aggregate_y15_24,geo_cov_urb,2017,15.212
hun,sex_f,age_aggregate_y15_24,geo_cov_urb,2018,13.446
hun,sex_f,age_aggregate_y15_24,geo_cov_urb,2019,15.348
hun,sex_f,age_aggregate_y15_24,geo_cov_urb,2020,18.936
hun,sex_f,age_aggregate_y15_24,geo_cov_urb,2021,18.804
hun,sex_f,age_aggregate_y15_24,geo_cov_urb,2022,10.706
hun,sex_f,age_aggregate_y15_24,geo_cov_urb,2023,14.096
hun,sex_f,age_aggregate_y15_24,geo_cov_urb,2024,13.836
hun,sex_f,age_aggregate_y25_54,geo_cov_nat,2001,7.937
hun,sex_f,age_aggregate_y25_54,geo_cov_nat,2002,8.707
hun,sex_f,age_aggregate_y25_54,geo_cov_nat,2003,8.609
hun,sex_f,age_aggregate_y25_54,geo_cov_nat,2004,9.381
hun,sex_f,age_aggregate_y25_54,geo_cov_nat,2005,10.553
hun,sex_f,age_aggregate_y25_54,geo_cov_nat,2006,11
hun,sex_f,age_aggregate_y25_54,geo_cov_nat,2007,10.783
hun,sex_f,age_aggregate_y25_54,geo_cov_nat,2008,11.318
hun,sex_f,age_aggregate_y25_54,geo_cov_nat,2009,13.185
hun,sex_f,age_aggregate_y25_54,geo_cov_nat,2010,14.239
hun,sex_f,age_aggregate_y25_54,geo_cov_nat,2011,14.672
hun,sex_f,age_aggregate_y25_54,geo_cov_nat,2012,14.009
hun,sex_f,age_aggregate_y25_54,geo_cov_nat,2013,13.206
hun,sex_f,age_aggregate_y25_54,geo_cov_nat,2014,10.475
hun,sex_f,age_aggregate_y25_54,geo_cov_nat,2015,9.149
hun,sex_f,age_aggregate_y25_54,geo_cov_nat,2016,6.913
hun,sex_f,age_aggregate_y25_54,geo_cov_nat,2017,6.416
hun,sex_f,age_aggregate_y25_54,geo_cov_nat,2018,5.669
hun,sex_f,age_aggregate_y25_54,geo_cov_nat,2019,5.188
hun,sex_f,age_aggregate_y25_54,geo_cov_nat,2020,7.252
hun,sex_f,age_aggregate_y25_54,geo_cov_nat,2021,5.853
hun,sex_f,age_aggregate_y25_54,geo_cov_nat,2022,4.742
hun,sex_f,age_aggregate_y25_54,geo_cov_nat,2023,5.136
hun,sex_f,age_aggregate_y25_54,geo_cov_nat,2024,4.864
hun,sex_f,age_aggregate_y25_54,geo_cov_rur,2001,10.426
hun,sex_f,age_aggregate_y25_54,geo_cov_rur,2002,11.62
hun,sex_f,age_aggregate_y25_54,geo_cov_rur,2003,11.577
hun,sex_f,age_aggregate_y25_54,geo_cov_rur,2004,12.293
hun,sex_f,age_aggregate_y25_54,geo_cov_rur,2005,14.043
hun,sex_f,age_aggregate_y25_54,geo_cov_rur,2006,15.31
hun,sex_f,age_aggregate_y25_54,geo_cov_rur,2007,14.789
hun,sex_f,age_aggregate_y25_54,geo_cov_rur,2008,15.576
hun,sex_f,age_aggregate_y25_54,geo_cov_rur,2009,17.53
hun,sex_f,age_aggregate_y25_54,geo_cov_rur,2010,18.044
hun,sex_f,age_aggregate_y25_54,geo_cov_rur,2011,18.729
hun,sex_f,age_aggregate_y25_54,geo_cov_rur,2012,18.91
hun,sex_f,age_aggregate_y25_54,geo_cov_rur,2013,17.443
hun,sex_f,age_aggregate_y25_54,geo_cov_rur,2014,13.548
hun,sex_f,age_aggregate_y25_54,geo_cov_rur,2015,11.618
hun,sex_f,age_aggregate_y25_54,geo_cov_rur,2016,9.151
hun,sex_f,age_aggregate_y25_54,geo_cov_rur,2017,8.377
hun,sex_f,age_aggregate_y25_54,geo_cov_rur,2018,7.034
hun,sex_f,age_aggregate_y25_54,geo_cov_rur,2019,6.672
hun,sex_f,age_aggregate_y25_54,geo_cov_rur,2020,8.72
hun,sex_f,age_aggregate_y25_54,geo_cov_rur,2021,7.861
hun,sex_f,age_aggregate_y25_54,geo_cov_rur,2022,6.9
hun,sex_f,age_aggregate_y25_54,geo_cov_rur,2023,6.52
hun,sex_f,age_aggregate_y25_54,geo_cov_rur,2024,6.761
hun,sex_f,age_aggregate_y25_54,geo_cov_urb,2001,6.102
hun,sex_f,age_aggregate_y25_54,geo_cov_urb,2002,6.507
hun,sex_f,age_aggregate_y25_54,geo_cov_urb,2003,6.568
hun,sex_f,age_aggregate_y25_54,geo_cov_urb,2004,7.401
hun,sex_f,age_aggregate_y25_54,geo_cov_urb,2005,8.197
hun,sex_f,age_aggregate_y25_54,geo_cov_urb,2006,8.009
hun,sex_f,age_aggregate_y25_54,geo_cov_urb,2007,7.886
hun,sex_f,age_aggregate_y25_54,geo_cov_urb,2008,8.255
hun,sex_f,age_aggregate_y25_54,geo_cov_urb,2009,10.062
hun,sex_f,age_aggregate_y25_54,geo_cov_urb,2010,11.429
hun,sex_f,age_aggregate_y25_54,geo_cov_urb,2011,11.64
hun,sex_f,age_aggregate_y25_54,geo_cov_urb,2012,11.584
hun,sex_f,age_aggregate_y25_54,geo_cov_urb,2013,11.148
hun,sex_f,age_aggregate_y25_54,geo_cov_urb,2014,9.02
hun,sex_f,age_aggregate_y25_54,geo_cov_urb,2015,7.969
hun,sex_f,age_aggregate_y25_54,geo_cov_urb,2016,5.793
hun,sex_f,age_aggregate_y25_54,geo_cov_urb,2017,5.53
hun,sex_f,age_aggregate_y25_54,geo_cov_urb,2018,5.079
hun,sex_f,age_aggregate_y25_54,geo_cov_urb,2019,4.563
hun,sex_f,age_aggregate_y25_54,geo_cov_urb,2020,6.637
hun,sex_f,age_aggregate_y25_54,geo_cov_urb,2021,5.036
hun,sex_f,age_aggregate_y25_54,geo_cov_urb,2022,3.837
hun,sex_f,age_aggregate_y25_54,geo_cov_urb,2023,4.553
hun,sex_f,age_aggregate_y25_54,geo_cov_urb,2024,4.038
hun,sex_f,age_aggregate_y55_64,geo_cov_nat,2001,8.09
hun,sex_f,age_aggregate_y55_64,geo_cov_nat,2002,9.174
hun,sex_f,age_aggregate_y55_64,geo_cov_nat,2003,9.263
hun,sex_f,age_aggregate_y55_64,geo_cov_nat,2004,8.666
hun,sex_f,age_aggregate_y55_64,geo_cov_nat,2005,8.286
hun,sex_f,age_aggregate_y55_64,geo_cov_nat,2006,8.105
hun,sex_f,age_aggregate_y55_64,geo_cov_nat,2007,8.346
hun,sex_f,age_aggregate_y55_64,geo_cov_nat,2008,10.137
hun,sex_f,age_aggregate_y55_64,geo_cov_nat,2009,12.02
hun,sex_f,age_aggregate_y55_64,geo_cov_nat,2010,13.606
hun,sex_f,age_aggregate_y55_64,geo_cov_nat,2011,14.764
hun,sex_f,age_aggregate_y55_64,geo_cov_nat,2012,14.771
hun,sex_f,age_aggregate_y55_64,geo_cov_nat,2013,14.807
hun,sex_f,age_aggregate_y55_64,geo_cov_nat,2014,11.567
hun,sex_f,age_aggregate_y55_64,geo_cov_nat,2015,10.631
hun,sex_f,age_aggregate_y55_64,geo_cov_nat,2016,8.408
hun,sex_f,age_aggregate_y55_64,geo_cov_nat,2017,7.761
hun,sex_f,age_aggregate_y55_64,geo_cov_nat,2018,6.13
hun,sex_f,age_aggregate_y55_64,geo_cov_nat,2019,5.322
hun,sex_f,age_aggregate_y55_64,geo_cov_nat,2020,6.121
hun,sex_f,age_aggregate_y55_64,geo_cov_nat,2021,5.559
hun,sex_f,age_aggregate_y55_64,geo_cov_nat,2022,4.987
hun,sex_f,age_aggregate_y55_64,geo_cov_nat,2023,4.413
hun,sex_f,age_aggregate_y55_64,geo_cov_nat,2024,5.211
hun,sex_f,age_aggregate_y55_64,geo_cov_rur,2001,13.151
hun,sex_f,age_aggregate_y55_64,geo_cov_rur,2002,12.988
hun,sex_f,age_aggregate_y55_64,geo_cov_rur,2003,13.007
hun,sex_f,age_aggregate_y55_64,geo_cov_rur,2004,12.328
hun,sex_f,age_aggregate_y55_64,geo_cov_rur,2005,10.568
hun,sex_f,age_aggregate_y55_64,geo_cov_rur,2006,9.767
hun,sex_f,age_aggregate_y55_64,geo_cov_rur,2007,10.413
hun,sex_f,age_aggregate_y55_64,geo_cov_rur,2008,12.887
hun,sex_f,age_aggregate_y55_64,geo_cov_rur,2009,15.094
hun,sex_f,age_aggregate_y55_64,geo_cov_rur,2010,15.737
hun,sex_f,age_aggregate_y55_64,geo_cov_rur,2011,17.424
hun,sex_f,age_aggregate_y55_64,geo_cov_rur,2012,19.517
hun,sex_f,age_aggregate_y55_64,geo_cov_rur,2013,18.143
hun,sex_f,age_aggregate_y55_64,geo_cov_rur,2014,12.93
hun,sex_f,age_aggregate_y55_64,geo_cov_rur,2015,13.19
hun,sex_f,age_aggregate_y55_64,geo_cov_rur,2016,9.421
hun,sex_f,age_aggregate_y55_64,geo_cov_rur,2017,6.519
hun,sex_f,age_aggregate_y55_64,geo_cov_rur,2018,5.836
hun,sex_f,age_aggregate_y55_64,geo_cov_rur,2019,6.675
hun,sex_f,age_aggregate_y55_64,geo_cov_rur,2020,8.214
hun,sex_f,age_aggregate_y55_64,geo_cov_rur,2021,7.202
hun,sex_f,age_aggregate_y55_64,geo_cov_rur,2022,7.207
hun,sex_f,age_aggregate_y55_64,geo_cov_rur,2023,6.319
hun,sex_f,age_aggregate_y55_64,geo_cov_rur,2024,6.58
hun,sex_f,age_aggregate_y55_64,geo_cov_urb,2001,5.486
hun,sex_f,age_aggregate_y55_64,geo_cov_urb,2002,7.197
hun,sex_f,age_aggregate_y55_64,geo_cov_urb,2003,7.516
hun,sex_f,age_aggregate_y55_64,geo_cov_urb,2004,6.822
hun,sex_f,age_aggregate_y55_64,geo_cov_urb,2005,7.207
hun,sex_f,age_aggregate_y55_64,geo_cov_urb,2006,7.236
hun,sex_f,age_aggregate_y55_64,geo_cov_urb,2007,7.182
hun,sex_f,age_aggregate_y55_64,geo_cov_urb,2008,8.721
hun,sex_f,age_aggregate_y55_64,geo_cov_urb,2009,10.374
hun,sex_f,age_aggregate_y55_64,geo_cov_urb,2010,12.38
hun,sex_f,age_aggregate_y55_64,geo_cov_urb,2011,13.194
hun,sex_f,age_aggregate_y55_64,geo_cov_urb,2012,12.683
hun,sex_f,age_aggregate_y55_64,geo_cov_urb,2013,13.351
hun,sex_f,age_aggregate_y55_64,geo_cov_urb,2014,10.948
hun,sex_f,age_aggregate_y55_64,geo_cov_urb,2015,9.354
hun,sex_f,age_aggregate_y55_64,geo_cov_urb,2016,7.908
hun,sex_f,age_aggregate_y55_64,geo_cov_urb,2017,8.34
hun,sex_f,age_aggregate_y55_64,geo_cov_urb,2018,6.26
hun,sex_f,age_aggregate_y55_64,geo_cov_urb,2019,4.659
hun,sex_f,age_aggregate_y55_64,geo_cov_urb,2020,5.201
hun,sex_f,age_aggregate_y55_64,geo_cov_urb,2021,4.858
hun,sex_f,age_aggregate_y55_64,geo_cov_urb,2022,4.025
hun,sex_f,age_aggregate_y55_64,geo_cov_urb,2023,3.591
hun,sex_f,age_aggregate_y55_64,geo_cov_urb,2024,4.649
hun,sex_f,age_aggregate_yge65,geo_cov_nat,2001,26.976
hun,sex_f,age_aggregate_yge65,geo_cov_nat,2002,15.914
hun,sex_f,age_aggregate_yge65,geo_cov_nat,2003,20.699
hun,sex_f,age_aggregate_yge65,geo_cov_nat,2004,21.33
hun,sex_f,age_aggregate_yge65,geo_cov_nat,2005,16.594
hun,sex_f,age_aggregate_yge65,geo_cov_nat,2006,13.617
hun,sex_f,age_aggregate_yge65,geo_cov_nat,2007,11.624
hun,sex_f,age_aggregate_yge65,geo_cov_nat,2008,11.745
hun,sex_f,age_aggregate_yge65,geo_cov_nat,2009,10.934
hun,sex_f,age_aggregate_yge65,geo_cov_nat,2010,8.092
hun,sex_f,age_aggregate_yge65,geo_cov_nat,2011,12.004
hun,sex_f,age_aggregate_yge65,geo_cov_nat,2012,15.315
hun,sex_f,age_aggregate_yge65,geo_cov_nat,2013,21.915
hun,sex_f,age_aggregate_yge65,geo_cov_nat,2014,20.271
hun,sex_f,age_aggregate_yge65,geo_cov_nat,2015,16.565
hun,sex_f,age_aggregate_yge65,geo_cov_nat,2016,12.03
hun,sex_f,age_aggregate_yge65,geo_cov_nat,2017,12.206
hun,sex_f,age_aggregate_yge65,geo_cov_nat,2018,13.519
hun,sex_f,age_aggregate_yge65,geo_cov_nat,2019,9.601
hun,sex_f,age_aggregate_yge65,geo_cov_nat,2020,10.982
hun,sex_f,age_aggregate_yge65,geo_cov_nat,2021,9.69
hun,sex_f,age_aggregate_yge65,geo_cov_nat,2022,4.257
hun,sex_f,age_aggregate_yge65,geo_cov_nat,2023,6.448
hun,sex_f,age_aggregate_yge65,geo_cov_nat,2024,5.051
hun,sex_f,age_aggregate_yge65,geo_cov_rur,2001,20.039
hun,sex_f,age_aggregate_yge65,geo_cov_rur,2002,17.502
hun,sex_f,age_aggregate_yge65,geo_cov_rur,2003,54.786
hun,sex_f,age_aggregate_yge65,geo_cov_rur,2004,34.278
hun,sex_f,age_aggregate_yge65,geo_cov_rur,2005,17.557
hun,sex_f,age_aggregate_yge65,geo_cov_rur,2006,16.239
hun,sex_f,age_aggregate_yge65,geo_cov_rur,2007,6.239
hun,sex_f,age_aggregate_yge65,geo_cov_rur,2008,13.948
hun,sex_f,age_aggregate_yge65,geo_cov_rur,2009,15.594
hun,sex_f,age_aggregate_yge65,geo_cov_rur,2010,9.356
hun,sex_f,age_aggregate_yge65,geo_cov_rur,2011,11.438
hun,sex_f,age_aggregate_yge65,geo_cov_rur,2012,18.721
hun,sex_f,age_aggregate_yge65,geo_cov_rur,2013,31.579
hun,sex_f,age_aggregate_yge65,geo_cov_rur,2014,21.161
hun,sex_f,age_aggregate_yge65,geo_cov_rur,2015,20.053
hun,sex_f,age_aggregate_yge65,geo_cov_rur,2016,9.681
hun,sex_f,age_aggregate_yge65,geo_cov_rur,2017,13.309
hun,sex_f,age_aggregate_yge65,geo_cov_rur,2018,18.5
hun,sex_f,age_aggregate_yge65,geo_cov_rur,2019,12.258
hun,sex_f,age_aggregate_yge65,geo_cov_rur,2020,12.427
hun,sex_f,age_aggregate_yge65,geo_cov_rur,2021,8.026
hun,sex_f,age_aggregate_yge65,geo_cov_rur,2022,8.05
hun,sex_f,age_aggregate_yge65,geo_cov_rur,2023,8.783
hun,sex_f,age_aggregate_yge65,geo_cov_rur,2024,10.358
hun,sex_f,age_aggregate_yge65,geo_cov_urb,2001,29.273
hun,sex_f,age_aggregate_yge65,geo_cov_urb,2002,15.339
hun,sex_f,age_aggregate_yge65,geo_cov_urb,2003,13.422
hun,sex_f,age_aggregate_yge65,geo_cov_urb,2004,16.602
hun,sex_f,age_aggregate_yge65,geo_cov_urb,2005,16.323
hun,sex_f,age_aggregate_yge65,geo_cov_urb,2006,12.925
hun,sex_f,age_aggregate_yge65,geo_cov_urb,2007,12.817
hun,sex_f,age_aggregate_yge65,geo_cov_urb,2008,11.177
hun,sex_f,age_aggregate_yge65,geo_cov_urb,2009,9.439
hun,sex_f,age_aggregate_yge65,geo_cov_urb,2010,7.775
hun,sex_f,age_aggregate_yge65,geo_cov_urb,2011,12.159
hun,sex_f,age_aggregate_yge65,geo_cov_urb,2012,14.556
hun,sex_f,age_aggregate_yge65,geo_cov_urb,2013,19.898
hun,sex_f,age_aggregate_yge65,geo_cov_urb,2014,20.122
hun,sex_f,age_aggregate_yge65,geo_cov_urb,2015,16.068
hun,sex_f,age_aggregate_yge65,geo_cov_urb,2016,12.6
hun,sex_f,age_aggregate_yge65,geo_cov_urb,2017,11.866
hun,sex_f,age_aggregate_yge65,geo_cov_urb,2018,12.607
hun,sex_f,age_aggregate_yge65,geo_cov_urb,2019,9.18
hun,sex_f,age_aggregate_yge65,geo_cov_urb,2020,10.635
hun,sex_f,age_aggregate_yge65,geo_cov_urb,2021,10.057
hun,sex_f,age_aggregate_yge65,geo_cov_urb,2022,3.43
hun,sex_f,age_aggregate_yge65,geo_cov_urb,2023,5.988
hun,sex_f,age_aggregate_yge65,geo_cov_urb,2024,4.09
hun,sex_f,age_ythadult_y15_24,geo_cov_nat,2001,14.984
hun,sex_f,age_ythadult_y15_24,geo_cov_nat,2002,16.509
hun,sex_f,age_ythadult_y15_24,geo_cov_nat,2003,17.991
hun,sex_f,age_ythadult_y15_24,geo_cov_nat,2004,21.282
hun,sex_f,age_ythadult_y15_24,geo_cov_nat,2005,25.557
hun,sex_f,age_ythadult_y15_24,geo_cov_nat,2006,25.315
hun,sex_f,age_ythadult_y15_24,geo_cov_nat,2007,24.145
hun,sex_f,age_ythadult_y15_24,geo_cov_nat,2008,25.352
hun,sex_f,age_ythadult_y15_24,geo_cov_nat,2009,30.345
hun,sex_f,age_ythadult_y15_24,geo_cov_nat,2010,29.962
hun,sex_f,age_ythadult_y15_24,geo_cov_nat,2011,31.457
hun,sex_f,age_ythadult_y15_24,geo_cov_nat,2012,33.732
hun,sex_f,age_ythadult_y15_24,geo_cov_nat,2013,35.01
hun,sex_f,age_ythadult_y15_24,geo_cov_nat,2014,26.844
hun,sex_f,age_ythadult_y15_24,geo_cov_nat,2015,20.607
hun,sex_f,age_ythadult_y15_24,geo_cov_nat,2016,18.252
hun,sex_f,age_ythadult_y15_24,geo_cov_nat,2017,17.88
hun,sex_f,age_ythadult_y15_24,geo_cov_nat,2018,15.603
hun,sex_f,age_ythadult_y15_24,geo_cov_nat,2019,17.02
hun,sex_f,age_ythadult_y15_24,geo_cov_nat,2020,20.859
hun,sex_f,age_ythadult_y15_24,geo_cov_nat,2021,21.684
hun,sex_f,age_ythadult_y15_24,geo_cov_nat,2022,14.245
hun,sex_f,age_ythadult_y15_24,geo_cov_nat,2023,16.13
hun,sex_f,age_ythadult_y15_24,geo_cov_nat,2024,18.177
hun,sex_f,age_ythadult_y15_24,geo_cov_rur,2001,18.045
hun,sex_f,age_ythadult_y15_24,geo_cov_rur,2002,22.203
hun,sex_f,age_ythadult_y15_24,geo_cov_rur,2003,20.602
hun,sex_f,age_ythadult_y15_24,geo_cov_rur,2004,25.166
hun,sex_f,age_ythadult_y15_24,geo_cov_rur,2005,29.487
hun,sex_f,age_ythadult_y15_24,geo_cov_rur,2006,31.912
hun,sex_f,age_ythadult_y15_24,geo_cov_rur,2007,29.363
hun,sex_f,age_ythadult_y15_24,geo_cov_rur,2008,30.901
hun,sex_f,age_ythadult_y15_24,geo_cov_rur,2009,36.264
hun,sex_f,age_ythadult_y15_24,geo_cov_rur,2010,34.169
hun,sex_f,age_ythadult_y15_24,geo_cov_rur,2011,35.91
hun,sex_f,age_ythadult_y15_24,geo_cov_rur,2012,38.068
hun,sex_f,age_ythadult_y15_24,geo_cov_rur,2013,41.391
hun,sex_f,age_ythadult_y15_24,geo_cov_rur,2014,29.302
hun,sex_f,age_ythadult_y15_24,geo_cov_rur,2015,23.53
hun,sex_f,age_ythadult_y15_24,geo_cov_rur,2016,22.394
hun,sex_f,age_ythadult_y15_24,geo_cov_rur,2017,22.676
hun,sex_f,age_ythadult_y15_24,geo_cov_rur,2018,19.343
hun,sex_f,age_ythadult_y15_24,geo_cov_rur,2019,20.192
hun,sex_f,age_ythadult_y15_24,geo_cov_rur,2020,24.768
hun,sex_f,age_ythadult_y15_24,geo_cov_rur,2021,26.862
hun,sex_f,age_ythadult_y15_24,geo_cov_rur,2022,20.509
hun,sex_f,age_ythadult_y15_24,geo_cov_rur,2023,19.632
hun,sex_f,age_ythadult_y15_24,geo_cov_rur,2024,25.78
hun,sex_f,age_ythadult_y15_24,geo_cov_urb,2001,12.084
hun,sex_f,age_ythadult_y15_24,geo_cov_urb,2002,11.578
hun,sex_f,age_ythadult_y15_24,geo_cov_urb,2003,15.96
hun,sex_f,age_ythadult_y15_24,geo_cov_urb,2004,18.146
hun,sex_f,age_ythadult_y15_24,geo_cov_urb,2005,22.255
hun,sex_f,age_ythadult_y15_24,geo_cov_urb,2006,19.4
hun,sex_f,age_ythadult_y15_24,geo_cov_urb,2007,19.2
hun,sex_f,age_ythadult_y15_24,geo_cov_urb,2008,20.226
hun,sex_f,age_ythadult_y15_24,geo_cov_urb,2009,24.47
hun,sex_f,age_ythadult_y15_24,geo_cov_urb,2010,25.996
hun,sex_f,age_ythadult_y15_24,geo_cov_urb,2011,27.167
hun,sex_f,age_ythadult_y15_24,geo_cov_urb,2012,30.849
hun,sex_f,age_ythadult_y15_24,geo_cov_urb,2013,30.692
hun,sex_f,age_ythadult_y15_24,geo_cov_urb,2014,25.059
hun,sex_f,age_ythadult_y15_24,geo_cov_urb,2015,18.477
hun,sex_f,age_ythadult_y15_24,geo_cov_urb,2016,15.426
hun,sex_f,age_ythadult_y15_24,geo_cov_urb,2017,15.212
hun,sex_f,age_ythadult_y15_24,geo_cov_urb,2018,13.446
hun,sex_f,age_ythadult_y15_24,geo_cov_urb,2019,15.348
hun,sex_f,age_ythadult_y15_24,geo_cov_urb,2020,18.936
hun,sex_f,age_ythadult_y15_24,geo_cov_urb,2021,18.804
hun,sex_f,age_ythadult_y15_24,geo_cov_urb,2022,10.706
hun,sex_f,age_ythadult_y15_24,geo_cov_urb,2023,14.096
hun,sex_f,age_ythadult_y15_24,geo_cov_urb,2024,13.836
hun,sex_f,age_ythadult_y15_64,geo_cov_nat,2001,8.749
hun,sex_f,age_ythadult_y15_64,geo_cov_nat,2002,9.578
hun,sex_f,age_ythadult_y15_64,geo_cov_nat,2003,9.559
hun,sex_f,age_ythadult_y15_64,geo_cov_nat,2004,10.323
hun,sex_f,age_ythadult_y15_64,geo_cov_nat,2005,11.555
hun,sex_f,age_ythadult_y15_64,geo_cov_nat,2006,11.815
hun,sex_f,age_ythadult_y15_64,geo_cov_nat,2007,11.504
hun,sex_f,age_ythadult_y15_64,geo_cov_nat,2008,12.175
hun,sex_f,age_ythadult_y15_64,geo_cov_nat,2009,14.248
hun,sex_f,age_ythadult_y15_64,geo_cov_nat,2010,15.23
hun,sex_f,age_ythadult_y15_64,geo_cov_nat,2011,15.803
hun,sex_f,age_ythadult_y15_64,geo_cov_nat,2012,15.499
hun,sex_f,age_ythadult_y15_64,geo_cov_nat,2013,14.963
hun,sex_f,age_ythadult_y15_64,geo_cov_nat,2014,11.816
hun,sex_f,age_ythadult_y15_64,geo_cov_nat,2015,10.208
hun,sex_f,age_ythadult_y15_64,geo_cov_nat,2016,7.977
hun,sex_f,age_ythadult_y15_64,geo_cov_nat,2017,7.445
hun,sex_f,age_ythadult_y15_64,geo_cov_nat,2018,6.388
hun,sex_f,age_ythadult_y15_64,geo_cov_nat,2019,5.959
hun,sex_f,age_ythadult_y15_64,geo_cov_nat,2020,7.93
hun,sex_f,age_ythadult_y15_64,geo_cov_nat,2021,6.761
hun,sex_f,age_ythadult_y15_64,geo_cov_nat,2022,5.336
hun,sex_f,age_ythadult_y15_64,geo_cov_nat,2023,5.665
hun,sex_f,age_ythadult_y15_64,geo_cov_nat,2024,5.75
hun,sex_f,age_ythadult_y15_64,geo_cov_rur,2001,11.526
hun,sex_f,age_ythadult_y15_64,geo_cov_rur,2002,12.924
hun,sex_f,age_ythadult_y15_64,geo_cov_rur,2003,12.601
hun,sex_f,age_ythadult_y15_64,geo_cov_rur,2004,13.503
hun,sex_f,age_ythadult_y15_64,geo_cov_rur,2005,15.208
hun,sex_f,age_ythadult_y15_64,geo_cov_rur,2006,16.33
hun,sex_f,age_ythadult_y15_64,geo_cov_rur,2007,15.637
hun,sex_f,age_ythadult_y15_64,geo_cov_rur,2008,16.589
hun,sex_f,age_ythadult_y15_64,geo_cov_rur,2009,18.862
hun,sex_f,age_ythadult_y15_64,geo_cov_rur,2010,19.057
hun,sex_f,age_ythadult_y15_64,geo_cov_rur,2011,19.892
hun,sex_f,age_ythadult_y15_64,geo_cov_rur,2012,20.605
hun,sex_f,age_ythadult_y15_64,geo_cov_rur,2013,19.599
hun,sex_f,age_ythadult_y15_64,geo_cov_rur,2014,14.931
hun,sex_f,age_ythadult_y15_64,geo_cov_rur,2015,12.959
hun,sex_f,age_ythadult_y15_64,geo_cov_rur,2016,10.356
hun,sex_f,age_ythadult_y15_64,geo_cov_rur,2017,9.254
hun,sex_f,age_ythadult_y15_64,geo_cov_rur,2018,7.804
hun,sex_f,age_ythadult_y15_64,geo_cov_rur,2019,7.645
hun,sex_f,age_ythadult_y15_64,geo_cov_rur,2020,9.752
hun,sex_f,age_ythadult_y15_64,geo_cov_rur,2021,9.147
hun,sex_f,age_ythadult_y15_64,geo_cov_rur,2022,7.904
hun,sex_f,age_ythadult_y15_64,geo_cov_rur,2023,7.431
hun,sex_f,age_ythadult_y15_64,geo_cov_rur,2024,8.135
hun,sex_f,age_ythadult_y15_64,geo_cov_urb,2001,6.679
hun,sex_f,age_ythadult_y15_64,geo_cov_urb,2002,7.069
hun,sex_f,age_ythadult_y15_64,geo_cov_urb,2003,7.5
hun,sex_f,age_ythadult_y15_64,geo_cov_urb,2004,8.184
hun,sex_f,age_ythadult_y15_64,geo_cov_urb,2005,9.122
hun,sex_f,age_ythadult_y15_64,geo_cov_urb,2006,8.702
hun,sex_f,age_ythadult_y15_64,geo_cov_urb,2007,8.528
hun,sex_f,age_ythadult_y15_64,geo_cov_urb,2008,9.048
hun,sex_f,age_ythadult_y15_64,geo_cov_urb,2009,10.959
hun,sex_f,age_ythadult_y15_64,geo_cov_urb,2010,12.441
hun,sex_f,age_ythadult_y15_64,geo_cov_urb,2011,12.791
hun,sex_f,age_ythadult_y15_64,geo_cov_urb,2012,12.959
hun,sex_f,age_ythadult_y15_64,geo_cov_urb,2013,12.688
hun,sex_f,age_ythadult_y15_64,geo_cov_urb,2014,10.301
hun,sex_f,age_ythadult_y15_64,geo_cov_urb,2015,8.841
hun,sex_f,age_ythadult_y15_64,geo_cov_urb,2016,6.76
hun,sex_f,age_ythadult_y15_64,geo_cov_urb,2017,6.611
hun,sex_f,age_ythadult_y15_64,geo_cov_urb,2018,5.761
hun,sex_f,age_ythadult_y15_64,geo_cov_urb,2019,5.221
hun,sex_f,age_ythadult_y15_64,geo_cov_urb,2020,7.154
hun,sex_f,age_ythadult_y15_64,geo_cov_urb,2021,5.764
hun,sex_f,age_ythadult_y15_64,geo_cov_urb,2022,4.233
hun,sex_f,age_ythadult_y15_64,geo_cov_urb,2023,4.904
hun,sex_f,age_ythadult_y15_64,geo_cov_urb,2024,4.702
hun,sex_f,age_ythadult_yge15,geo_cov_nat,2001,8.842
hun,sex_f,age_ythadult_yge15,geo_cov_nat,2002,9.608
hun,sex_f,age_ythadult_yge15,geo_cov_nat,2003,9.631
hun,sex_f,age_ythadult_yge15,geo_cov_nat,2004,10.394
hun,sex_f,age_ythadult_yge15,geo_cov_nat,2005,11.578
hun,sex_f,age_ythadult_yge15,geo_cov_nat,2006,11.824
hun,sex_f,age_ythadult_yge15,geo_cov_nat,2007,11.504
hun,sex_f,age_ythadult_yge15,geo_cov_nat,2008,12.172
hun,sex_f,age_ythadult_yge15,geo_cov_nat,2009,14.226
hun,sex_f,age_ythadult_yge15,geo_cov_nat,2010,15.178
hun,sex_f,age_ythadult_yge15,geo_cov_nat,2011,15.772
hun,sex_f,age_ythadult_yge15,geo_cov_nat,2012,15.498
hun,sex_f,age_ythadult_yge15,geo_cov_nat,2013,15.02
hun,sex_f,age_ythadult_yge15,geo_cov_nat,2014,11.882
hun,sex_f,age_ythadult_yge15,geo_cov_nat,2015,10.263
hun,sex_f,age_ythadult_yge15,geo_cov_nat,2016,8.013
hun,sex_f,age_ythadult_yge15,geo_cov_nat,2017,7.496
hun,sex_f,age_ythadult_yge15,geo_cov_nat,2018,6.479
hun,sex_f,age_ythadult_yge15,geo_cov_nat,2019,6.019
hun,sex_f,age_ythadult_yge15,geo_cov_nat,2020,7.992
hun,sex_f,age_ythadult_yge15,geo_cov_nat,2021,6.828
hun,sex_f,age_ythadult_yge15,geo_cov_nat,2022,5.31
hun,sex_f,age_ythadult_yge15,geo_cov_nat,2023,5.685
hun,sex_f,age_ythadult_yge15,geo_cov_nat,2024,5.73
hun,sex_f,age_ythadult_yge15,geo_cov_rur,2001,11.552
hun,sex_f,age_ythadult_yge15,geo_cov_rur,2002,12.938
hun,sex_f,age_ythadult_yge15,geo_cov_rur,2003,12.72
hun,sex_f,age_ythadult_yge15,geo_cov_rur,2004,13.592
hun,sex_f,age_ythadult_yge15,geo_cov_rur,2005,15.214
hun,sex_f,age_ythadult_yge15,geo_cov_rur,2006,16.329
hun,sex_f,age_ythadult_yge15,geo_cov_rur,2007,15.609
hun,sex_f,age_ythadult_yge15,geo_cov_rur,2008,16.58
hun,sex_f,age_ythadult_yge15,geo_cov_rur,2009,18.85
hun,sex_f,age_ythadult_yge15,geo_cov_rur,2010,19.024
hun,sex_f,age_ythadult_yge15,geo_cov_rur,2011,19.858
hun,sex_f,age_ythadult_yge15,geo_cov_rur,2012,20.597
hun,sex_f,age_ythadult_yge15,geo_cov_rur,2013,19.651
hun,sex_f,age_ythadult_yge15,geo_cov_rur,2014,14.952
hun,sex_f,age_ythadult_yge15,geo_cov_rur,2015,12.982
hun,sex_f,age_ythadult_yge15,geo_cov_rur,2016,10.353
hun,sex_f,age_ythadult_yge15,geo_cov_rur,2017,9.286
hun,sex_f,age_ythadult_yge15,geo_cov_rur,2018,7.874
hun,sex_f,age_ythadult_yge15,geo_cov_rur,2019,7.679
hun,sex_f,age_ythadult_yge15,geo_cov_rur,2020,9.787
hun,sex_f,age_ythadult_yge15,geo_cov_rur,2021,9.131
hun,sex_f,age_ythadult_yge15,geo_cov_rur,2022,7.906
hun,sex_f,age_ythadult_yge15,geo_cov_rur,2023,7.45
hun,sex_f,age_ythadult_yge15,geo_cov_rur,2024,8.167
hun,sex_f,age_ythadult_yge15,geo_cov_urb,2001,6.829
hun,sex_f,age_ythadult_yge15,geo_cov_urb,2002,7.119
hun,sex_f,age_ythadult_yge15,geo_cov_urb,2003,7.553
hun,sex_f,age_ythadult_yge15,geo_cov_urb,2004,8.25
hun,sex_f,age_ythadult_yge15,geo_cov_urb,2005,9.166
hun,sex_f,age_ythadult_yge15,geo_cov_urb,2006,8.73
hun,sex_f,age_ythadult_yge15,geo_cov_urb,2007,8.569
hun,sex_f,age_ythadult_yge15,geo_cov_urb,2008,9.068
hun,sex_f,age_ythadult_yge15,geo_cov_urb,2009,10.946
hun,sex_f,age_ythadult_yge15,geo_cov_urb,2010,12.395
hun,sex_f,age_ythadult_yge15,geo_cov_urb,2011,12.784
hun,sex_f,age_ythadult_yge15,geo_cov_urb,2012,12.974
hun,sex_f,age_ythadult_yge15,geo_cov_urb,2013,12.761
hun,sex_f,age_ythadult_yge15,geo_cov_urb,2014,10.398
hun,sex_f,age_ythadult_yge15,geo_cov_urb,2015,8.923
hun,sex_f,age_ythadult_yge15,geo_cov_urb,2016,6.823
hun,sex_f,age_ythadult_yge15,geo_cov_urb,2017,6.674
hun,sex_f,age_ythadult_yge15,geo_cov_urb,2018,5.867
hun,sex_f,age_ythadult_yge15,geo_cov_urb,2019,5.301
hun,sex_f,age_ythadult_yge15,geo_cov_urb,2020,7.234
hun,sex_f,age_ythadult_yge15,geo_cov_urb,2021,5.877
hun,sex_f,age_ythadult_yge15,geo_cov_urb,2022,4.211
hun,sex_f,age_ythadult_yge15,geo_cov_urb,2023,4.936
hun,sex_f,age_ythadult_yge15,geo_cov_urb,2024,4.682
hun,sex_f,age_ythadult_yge25,geo_cov_nat,2001,8.054
hun,sex_f,age_ythadult_yge25,geo_cov_nat,2002,8.777
hun,sex_f,age_ythadult_yge25,geo_cov_nat,2003,8.749
hun,sex_f,age_ythadult_yge25,geo_cov_nat,2004,9.397
hun,sex_f,age_ythadult_yge25,geo_cov_nat,2005,10.352
hun,sex_f,age_ythadult_yge25,geo_cov_nat,2006,10.713
hun,sex_f,age_ythadult_yge25,geo_cov_nat,2007,10.534
hun,sex_f,age_ythadult_yge25,geo_cov_nat,2008,11.194
hun,sex_f,age_ythadult_yge25,geo_cov_nat,2009,13.033
hun,sex_f,age_ythadult_yge25,geo_cov_nat,2010,14.108
hun,sex_f,age_ythadult_yge25,geo_cov_nat,2011,14.663
hun,sex_f,age_ythadult_yge25,geo_cov_nat,2012,14.132
hun,sex_f,age_ythadult_yge25,geo_cov_nat,2013,13.52
hun,sex_f,age_ythadult_yge25,geo_cov_nat,2014,10.723
hun,sex_f,age_ythadult_yge25,geo_cov_nat,2015,9.453
hun,sex_f,age_ythadult_yge25,geo_cov_nat,2016,7.21
hun,sex_f,age_ythadult_yge25,geo_cov_nat,2017,6.702
hun,sex_f,age_ythadult_yge25,geo_cov_nat,2018,5.851
hun,sex_f,age_ythadult_yge25,geo_cov_nat,2019,5.287
hun,sex_f,age_ythadult_yge25,geo_cov_nat,2020,7.148
hun,sex_f,age_ythadult_yge25,geo_cov_nat,2021,5.899
hun,sex_f,age_ythadult_yge25,geo_cov_nat,2022,4.769
hun,sex_f,age_ythadult_yge25,geo_cov_nat,2023,5.046
hun,sex_f,age_ythadult_yge25,geo_cov_nat,2024,4.932
hun,sex_f,age_ythadult_yge25,geo_cov_rur,2001,10.584
hun,sex_f,age_ythadult_yge25,geo_cov_rur,2002,11.714
hun,sex_f,age_ythadult_yge25,geo_cov_rur,2003,11.807
hun,sex_f,age_ythadult_yge25,geo_cov_rur,2004,12.4
hun,sex_f,age_ythadult_yge25,geo_cov_rur,2005,13.763
hun,sex_f,age_ythadult_yge25,geo_cov_rur,2006,14.819
hun,sex_f,age_ythadult_yge25,geo_cov_rur,2007,14.36
hun,sex_f,age_ythadult_yge25,geo_cov_rur,2008,15.33
hun,sex_f,age_ythadult_yge25,geo_cov_rur,2009,17.279
hun,sex_f,age_ythadult_yge25,geo_cov_rur,2010,17.741
hun,sex_f,age_ythadult_yge25,geo_cov_rur,2011,18.524
hun,sex_f,age_ythadult_yge25,geo_cov_rur,2012,18.993
hun,sex_f,age_ythadult_yge25,geo_cov_rur,2013,17.608
hun,sex_f,age_ythadult_yge25,geo_cov_rur,2014,13.484
hun,sex_f,age_ythadult_yge25,geo_cov_rur,2015,11.905
hun,sex_f,age_ythadult_yge25,geo_cov_rur,2016,9.198
hun,sex_f,age_ythadult_yge25,geo_cov_rur,2017,8.111
hun,sex_f,age_ythadult_yge25,geo_cov_rur,2018,6.914
hun,sex_f,age_ythadult_yge25,geo_cov_rur,2019,6.717
hun,sex_f,age_ythadult_yge25,geo_cov_rur,2020,8.687
hun,sex_f,age_ythadult_yge25,geo_cov_rur,2021,7.756
hun,sex_f,age_ythadult_yge25,geo_cov_rur,2022,6.968
hun,sex_f,age_ythadult_yge25,geo_cov_rur,2023,6.519
hun,sex_f,age_ythadult_yge25,geo_cov_rur,2024,6.784
hun,sex_f,age_ythadult_yge25,geo_cov_urb,2001,6.234
hun,sex_f,age_ythadult_yge25,geo_cov_urb,2002,6.62
hun,sex_f,age_ythadult_yge25,geo_cov_urb,2003,6.724
hun,sex_f,age_ythadult_yge25,geo_cov_urb,2004,7.418
hun,sex_f,age_ythadult_yge25,geo_cov_urb,2005,8.137
hun,sex_f,age_ythadult_yge25,geo_cov_urb,2006,7.956
hun,sex_f,age_ythadult_yge25,geo_cov_urb,2007,7.857
hun,sex_f,age_ythadult_yge25,geo_cov_urb,2008,8.341
hun,sex_f,age_ythadult_yge25,geo_cov_urb,2009,10.096
hun,sex_f,age_ythadult_yge25,geo_cov_urb,2010,11.528
hun,sex_f,age_ythadult_yge25,geo_cov_urb,2011,11.895
hun,sex_f,age_ythadult_yge25,geo_cov_urb,2012,11.781
hun,sex_f,age_ythadult_yge25,geo_cov_urb,2013,11.577
hun,sex_f,age_ythadult_yge25,geo_cov_urb,2014,9.432
hun,sex_f,age_ythadult_yge25,geo_cov_urb,2015,8.283
hun,sex_f,age_ythadult_yge25,geo_cov_urb,2016,6.223
hun,sex_f,age_ythadult_yge25,geo_cov_urb,2017,6.065
hun,sex_f,age_ythadult_yge25,geo_cov_urb,2018,5.394
hun,sex_f,age_ythadult_yge25,geo_cov_urb,2019,4.677
hun,sex_f,age_ythadult_yge25,geo_cov_urb,2020,6.505
hun,sex_f,age_ythadult_yge25,geo_cov_urb,2021,5.148
hun,sex_f,age_ythadult_yge25,geo_cov_urb,2022,3.855
hun,sex_f,age_ythadult_yge25,geo_cov_urb,2023,4.435
hun,sex_f,age_ythadult_yge25,geo_cov_urb,2024,4.15
hun,sex_m,age_aggregate_total,geo_cov_nat,2001,10.525
hun,sex_m,age_aggregate_total,geo_cov_nat,2002,10.247
hun,sex_m,age_aggregate_total,geo_cov_nat,2003,10.047
hun,sex_m,age_aggregate_total,geo_cov_nat,2004,10.102
hun,sex_m,age_aggregate_total,geo_cov_nat,2005,11.034
hun,sex_m,age_aggregate_total,geo_cov_nat,2006,10.71
hun,sex_m,age_aggregate_total,geo_cov_nat,2007,10.49
hun,sex_m,age_aggregate_total,geo_cov_nat,2008,11.126
hun,sex_m,age_aggregate_total,geo_cov_nat,2009,14.183
hun,sex_m,age_aggregate_total,geo_cov_nat,2010,15.525
hun,sex_m,age_aggregate_total,geo_cov_nat,2011,15.401
hun,sex_m,age_aggregate_total,geo_cov_nat,2012,15.554
hun,sex_m,age_aggregate_total,geo_cov_nat,2013,14.476
hun,sex_m,age_aggregate_total,geo_cov_nat,2014,10.911
hun,sex_m,age_aggregate_total,geo_cov_nat,2015,9.422
hun,sex_m,age_aggregate_total,geo_cov_nat,2016,7.577
hun,sex_m,age_aggregate_total,geo_cov_nat,2017,6.012
hun,sex_m,age_aggregate_total,geo_cov_nat,2018,5.361
hun,sex_m,age_aggregate_total,geo_cov_nat,2019,5.236
hun,sex_m,age_aggregate_total,geo_cov_nat,2020,6.412
hun,sex_m,age_aggregate_total,geo_cov_nat,2021,5.785
hun,sex_m,age_aggregate_total,geo_cov_nat,2022,5.238
hun,sex_m,age_aggregate_total,geo_cov_nat,2023,5.245
hun,sex_m,age_aggregate_total,geo_cov_nat,2024,5.707
hun,sex_m,age_aggregate_total,geo_cov_rur,2001,13.46
hun,sex_m,age_aggregate_total,geo_cov_rur,2002,13.861
hun,sex_m,age_aggregate_total,geo_cov_rur,2003,13.178
hun,sex_m,age_aggregate_total,geo_cov_rur,2004,13.374
hun,sex_m,age_aggregate_total,geo_cov_rur,2005,14.513
hun,sex_m,age_aggregate_total,geo_cov_rur,2006,14.103
hun,sex_m,age_aggregate_total,geo_cov_rur,2007,13.673
hun,sex_m,age_aggregate_total,geo_cov_rur,2008,14.719
hun,sex_m,age_aggregate_total,geo_cov_rur,2009,17.706
hun,sex_m,age_aggregate_total,geo_cov_rur,2010,18.214
hun,sex_m,age_aggregate_total,geo_cov_rur,2011,18.431
hun,sex_m,age_aggregate_total,geo_cov_rur,2012,19.348
hun,sex_m,age_aggregate_total,geo_cov_rur,2013,18.703
hun,sex_m,age_aggregate_total,geo_cov_rur,2014,14.516
hun,sex_m,age_aggregate_total,geo_cov_rur,2015,11.905
hun,sex_m,age_aggregate_total,geo_cov_rur,2016,10.048
hun,sex_m,age_aggregate_total,geo_cov_rur,2017,8.173
hun,sex_m,age_aggregate_total,geo_cov_rur,2018,7.175
hun,sex_m,age_aggregate_total,geo_cov_rur,2019,7.216
hun,sex_m,age_aggregate_total,geo_cov_rur,2020,8.685
hun,sex_m,age_aggregate_total,geo_cov_rur,2021,8.072
hun,sex_m,age_aggregate_total,geo_cov_rur,2022,7.294
hun,sex_m,age_aggregate_total,geo_cov_rur,2023,7.171
hun,sex_m,age_aggregate_total,geo_cov_rur,2024,7.441
hun,sex_m,age_aggregate_total,geo_cov_urb,2001,8.013
hun,sex_m,age_aggregate_total,geo_cov_urb,2002,7.113
hun,sex_m,age_aggregate_total,geo_cov_urb,2003,7.574
hun,sex_m,age_aggregate_total,geo_cov_urb,2004,7.568
hun,sex_m,age_aggregate_total,geo_cov_urb,2005,8.363
hun,sex_m,age_aggregate_total,geo_cov_urb,2006,8.048
hun,sex_m,age_aggregate_total,geo_cov_urb,2007,7.831
hun,sex_m,age_aggregate_total,geo_cov_urb,2008,8.208
hun,sex_m,age_aggregate_total,geo_cov_urb,2009,11.369
hun,sex_m,age_aggregate_total,geo_cov_urb,2010,13.329
hun,sex_m,age_aggregate_total,geo_cov_urb,2011,12.986
hun,sex_m,age_aggregate_total,geo_cov_urb,2012,13.457
hun,sex_m,age_aggregate_total,geo_cov_urb,2013,12.128
hun,sex_m,age_aggregate_total,geo_cov_urb,2014,8.878
hun,sex_m,age_aggregate_total,geo_cov_urb,2015,7.99
hun,sex_m,age_aggregate_total,geo_cov_urb,2016,6.143
hun,sex_m,age_aggregate_total,geo_cov_urb,2017,4.925
hun,sex_m,age_aggregate_total,geo_cov_urb,2018,4.47
hun,sex_m,age_aggregate_total,geo_cov_urb,2019,4.278
hun,sex_m,age_aggregate_total,geo_cov_urb,2020,5.32
hun,sex_m,age_aggregate_total,geo_cov_urb,2021,4.709
hun,sex_m,age_aggregate_total,geo_cov_urb,2022,4.248
hun,sex_m,age_aggregate_total,geo_cov_urb,2023,4.326
hun,sex_m,age_aggregate_total,geo_cov_urb,2024,4.888
hun,sex_m,age_aggregate_y15_24,geo_cov_nat,2001,18.745
hun,sex_m,age_aggregate_y15_24,geo_cov_nat,2002,19.936
hun,sex_m,age_aggregate_y15_24,geo_cov_nat,2003,20.052
hun,sex_m,age_aggregate_y15_24,geo_cov_nat,2004,22.478
hun,sex_m,age_aggregate_y15_24,geo_cov_nat,2005,26.798
hun,sex_m,age_aggregate_y15_24,geo_cov_nat,2006,25.482
hun,sex_m,age_aggregate_y15_24,geo_cov_nat,2007,23.739
hun,sex_m,age_aggregate_y15_24,geo_cov_nat,2008,24.76
hun,sex_m,age_aggregate_y15_24,geo_cov_nat,2009,34.813
hun,sex_m,age_aggregate_y15_24,geo_cov_nat,2010,33.805
hun,sex_m,age_aggregate_y15_24,geo_cov_nat,2011,34.128
hun,sex_m,age_aggregate_y15_24,geo_cov_nat,2012,35.826
hun,sex_m,age_aggregate_y15_24,geo_cov_nat,2013,33.174
hun,sex_m,age_aggregate_y15_24,geo_cov_nat,2014,26.156
hun,sex_m,age_aggregate_y15_24,geo_cov_nat,2015,23.616
hun,sex_m,age_aggregate_y15_24,geo_cov_nat,2016,18.306
hun,sex_m,age_aggregate_y15_24,geo_cov_nat,2017,14.991
hun,sex_m,age_aggregate_y15_24,geo_cov_nat,2018,13.671
hun,sex_m,age_aggregate_y15_24,geo_cov_nat,2019,16.877
hun,sex_m,age_aggregate_y15_24,geo_cov_nat,2020,18.064
hun,sex_m,age_aggregate_y15_24,geo_cov_nat,2021,17.196
hun,sex_m,age_aggregate_y15_24,geo_cov_nat,2022,16.241
hun,sex_m,age_aggregate_y15_24,geo_cov_nat,2023,16.311
hun,sex_m,age_aggregate_y15_24,geo_cov_nat,2024,18.848
hun,sex_m,age_aggregate_y15_24,geo_cov_rur,2001,22.42
hun,sex_m,age_aggregate_y15_24,geo_cov_rur,2002,25.018
hun,sex_m,age_aggregate_y15_24,geo_cov_rur,2003,22.933
hun,sex_m,age_aggregate_y15_24,geo_cov_rur,2004,26.951
hun,sex_m,age_aggregate_y15_24,geo_cov_rur,2005,31.457
hun,sex_m,age_aggregate_y15_24,geo_cov_rur,2006,28.872
hun,sex_m,age_aggregate_y15_24,geo_cov_rur,2007,26.687
hun,sex_m,age_aggregate_y15_24,geo_cov_rur,2008,28.547
hun,sex_m,age_aggregate_y15_24,geo_cov_rur,2009,39.648
hun,sex_m,age_aggregate_y15_24,geo_cov_rur,2010,34.962
hun,sex_m,age_aggregate_y15_24,geo_cov_rur,2011,36.562
hun,sex_m,age_aggregate_y15_24,geo_cov_rur,2012,37.994
hun,sex_m,age_aggregate_y15_24,geo_cov_rur,2013,36.703
hun,sex_m,age_aggregate_y15_24,geo_cov_rur,2014,29.47
hun,sex_m,age_aggregate_y15_24,geo_cov_rur,2015,25.699
hun,sex_m,age_aggregate_y15_24,geo_cov_rur,2016,21.229
hun,sex_m,age_aggregate_y15_24,geo_cov_rur,2017,18.08
hun,sex_m,age_aggregate_y15_24,geo_cov_rur,2018,16.187
hun,sex_m,age_aggregate_y15_24,geo_cov_rur,2019,17.614
hun,sex_m,age_aggregate_y15_24,geo_cov_rur,2020,19.159
hun,sex_m,age_aggregate_y15_24,geo_cov_rur,2021,18.39
hun,sex_m,age_aggregate_y15_24,geo_cov_rur,2022,18.065
hun,sex_m,age_aggregate_y15_24,geo_cov_rur,2023,18.049
hun,sex_m,age_aggregate_y15_24,geo_cov_rur,2024,20.399
hun,sex_m,age_aggregate_y15_24,geo_cov_urb,2001,15.229
hun,sex_m,age_aggregate_y15_24,geo_cov_urb,2002,14.641
hun,sex_m,age_aggregate_y15_24,geo_cov_urb,2003,17.105
hun,sex_m,age_aggregate_y15_24,geo_cov_urb,2004,17.718
hun,sex_m,age_aggregate_y15_24,geo_cov_urb,2005,21.598
hun,sex_m,age_aggregate_y15_24,geo_cov_urb,2006,21.712
hun,sex_m,age_aggregate_y15_24,geo_cov_urb,2007,19.924
hun,sex_m,age_aggregate_y15_24,geo_cov_urb,2008,20.602
hun,sex_m,age_aggregate_y15_24,geo_cov_urb,2009,29.667
hun,sex_m,age_aggregate_y15_24,geo_cov_urb,2010,32.462
hun,sex_m,age_aggregate_y15_24,geo_cov_urb,2011,31.398
hun,sex_m,age_aggregate_y15_24,geo_cov_urb,2012,33.987
hun,sex_m,age_aggregate_y15_24,geo_cov_urb,2013,30.485
hun,sex_m,age_aggregate_y15_24,geo_cov_urb,2014,23.259
hun,sex_m,age_aggregate_y15_24,geo_cov_urb,2015,21.663
hun,sex_m,age_aggregate_y15_24,geo_cov_urb,2016,15.828
hun,sex_m,age_aggregate_y15_24,geo_cov_urb,2017,12.843
hun,sex_m,age_aggregate_y15_24,geo_cov_urb,2018,11.874
hun,sex_m,age_aggregate_y15_24,geo_cov_urb,2019,16.305
hun,sex_m,age_aggregate_y15_24,geo_cov_urb,2020,17.285
hun,sex_m,age_aggregate_y15_24,geo_cov_urb,2021,16.334
hun,sex_m,age_aggregate_y15_24,geo_cov_urb,2022,14.92
hun,sex_m,age_aggregate_y15_24,geo_cov_urb,2023,15.057
hun,sex_m,age_aggregate_y15_24,geo_cov_urb,2024,17.813
hun,sex_m,age_aggregate_y25_54,geo_cov_nat,2001,9.355
hun,sex_m,age_aggregate_y25_54,geo_cov_nat,2002,8.953
hun,sex_m,age_aggregate_y25_54,geo_cov_nat,2003,9.035
hun,sex_m,age_aggregate_y25_54,geo_cov_nat,2004,8.847
hun,sex_m,age_aggregate_y25_54,geo_cov_nat,2005,9.556
hun,sex_m,age_aggregate_y25_54,geo_cov_nat,2006,9.434
hun,sex_m,age_aggregate_y25_54,geo_cov_nat,2007,9.396
hun,sex_m,age_aggregate_y25_54,geo_cov_nat,2008,9.983
hun,sex_m,age_aggregate_y25_54,geo_cov_nat,2009,12.566
hun,sex_m,age_aggregate_y25_54,geo_cov_nat,2010,14.091
hun,sex_m,age_aggregate_y25_54,geo_cov_nat,2011,13.678
hun,sex_m,age_aggregate_y25_54,geo_cov_nat,2012,13.756
hun,sex_m,age_aggregate_y25_54,geo_cov_nat,2013,12.516
hun,sex_m,age_aggregate_y25_54,geo_cov_nat,2014,9.071
hun,sex_m,age_aggregate_y25_54,geo_cov_nat,2015,7.777
hun,sex_m,age_aggregate_y25_54,geo_cov_nat,2016,6.471
hun,sex_m,age_aggregate_y25_54,geo_cov_nat,2017,5.114
hun,sex_m,age_aggregate_y25_54,geo_cov_nat,2018,4.652
hun,sex_m,age_aggregate_y25_54,geo_cov_nat,2019,4.254
hun,sex_m,age_aggregate_y25_54,geo_cov_nat,2020,5.603
hun,sex_m,age_aggregate_y25_54,geo_cov_nat,2021,4.917
hun,sex_m,age_aggregate_y25_54,geo_cov_nat,2022,4.34
hun,sex_m,age_aggregate_y25_54,geo_cov_nat,2023,4.421
hun,sex_m,age_aggregate_y25_54,geo_cov_nat,2024,4.808
hun,sex_m,age_aggregate_y25_54,geo_cov_rur,2001,12.013
hun,sex_m,age_aggregate_y25_54,geo_cov_rur,2002,12.16
hun,sex_m,age_aggregate_y25_54,geo_cov_rur,2003,11.849
hun,sex_m,age_aggregate_y25_54,geo_cov_rur,2004,11.763
hun,sex_m,age_aggregate_y25_54,geo_cov_rur,2005,12.414
hun,sex_m,age_aggregate_y25_54,geo_cov_rur,2006,12.487
hun,sex_m,age_aggregate_y25_54,geo_cov_rur,2007,12.286
hun,sex_m,age_aggregate_y25_54,geo_cov_rur,2008,13.442
hun,sex_m,age_aggregate_y25_54,geo_cov_rur,2009,15.626
hun,sex_m,age_aggregate_y25_54,geo_cov_rur,2010,16.57
hun,sex_m,age_aggregate_y25_54,geo_cov_rur,2011,16.478
hun,sex_m,age_aggregate_y25_54,geo_cov_rur,2012,17.179
hun,sex_m,age_aggregate_y25_54,geo_cov_rur,2013,16.198
hun,sex_m,age_aggregate_y25_54,geo_cov_rur,2014,12.677
hun,sex_m,age_aggregate_y25_54,geo_cov_rur,2015,10.214
hun,sex_m,age_aggregate_y25_54,geo_cov_rur,2016,8.898
hun,sex_m,age_aggregate_y25_54,geo_cov_rur,2017,7.194
hun,sex_m,age_aggregate_y25_54,geo_cov_rur,2018,6.413
hun,sex_m,age_aggregate_y25_54,geo_cov_rur,2019,6.326
hun,sex_m,age_aggregate_y25_54,geo_cov_rur,2020,7.996
hun,sex_m,age_aggregate_y25_54,geo_cov_rur,2021,7.344
hun,sex_m,age_aggregate_y25_54,geo_cov_rur,2022,6.426
hun,sex_m,age_aggregate_y25_54,geo_cov_rur,2023,6.238
hun,sex_m,age_aggregate_y25_54,geo_cov_rur,2024,6.181
hun,sex_m,age_aggregate_y25_54,geo_cov_urb,2001,7.031
hun,sex_m,age_aggregate_y25_54,geo_cov_urb,2002,6.115
hun,sex_m,age_aggregate_y25_54,geo_cov_urb,2003,6.795
hun,sex_m,age_aggregate_y25_54,geo_cov_urb,2004,6.589
hun,sex_m,age_aggregate_y25_54,geo_cov_urb,2005,7.363
hun,sex_m,age_aggregate_y25_54,geo_cov_urb,2006,7.026
hun,sex_m,age_aggregate_y25_54,geo_cov_urb,2007,6.986
hun,sex_m,age_aggregate_y25_54,geo_cov_urb,2008,7.176
hun,sex_m,age_aggregate_y25_54,geo_cov_urb,2009,10.114
hun,sex_m,age_aggregate_y25_54,geo_cov_urb,2010,12.058
hun,sex_m,age_aggregate_y25_54,geo_cov_urb,2011,11.439
hun,sex_m,age_aggregate_y25_54,geo_cov_urb,2012,11.897
hun,sex_m,age_aggregate_y25_54,geo_cov_urb,2013,10.491
hun,sex_m,age_aggregate_y25_54,geo_cov_urb,2014,7.098
hun,sex_m,age_aggregate_y25_54,geo_cov_urb,2015,6.435
hun,sex_m,age_aggregate_y25_54,geo_cov_urb,2016,5.118
hun,sex_m,age_aggregate_y25_54,geo_cov_urb,2017,4.103
hun,sex_m,age_aggregate_y25_54,geo_cov_urb,2018,3.818
hun,sex_m,age_aggregate_y25_54,geo_cov_urb,2019,3.29
hun,sex_m,age_aggregate_y25_54,geo_cov_urb,2020,4.477
hun,sex_m,age_aggregate_y25_54,geo_cov_urb,2021,3.796
hun,sex_m,age_aggregate_y25_54,geo_cov_urb,2022,3.362
hun,sex_m,age_aggregate_y25_54,geo_cov_urb,2023,3.566
hun,sex_m,age_aggregate_y25_54,geo_cov_urb,2024,4.165
hun,sex_m,age_aggregate_y55_64,geo_cov_nat,2001,8.634
hun,sex_m,age_aggregate_y55_64,geo_cov_nat,2002,8.236
hun,sex_m,age_aggregate_y55_64,geo_cov_nat,2003,7.119
hun,sex_m,age_aggregate_y55_64,geo_cov_nat,2004,8.187
hun,sex_m,age_aggregate_y55_64,geo_cov_nat,2005,8.869
hun,sex_m,age_aggregate_y55_64,geo_cov_nat,2006,8.361
hun,sex_m,age_aggregate_y55_64,geo_cov_nat,2007,8.608
hun,sex_m,age_aggregate_y55_64,geo_cov_nat,2008,9.784
hun,sex_m,age_aggregate_y55_64,geo_cov_nat,2009,11.499
hun,sex_m,age_aggregate_y55_64,geo_cov_nat,2010,13.702
hun,sex_m,age_aggregate_y55_64,geo_cov_nat,2011,15.61
hun,sex_m,age_aggregate_y55_64,geo_cov_nat,2012,15.06
hun,sex_m,age_aggregate_y55_64,geo_cov_nat,2013,14.186
hun,sex_m,age_aggregate_y55_64,geo_cov_nat,2014,11.937
hun,sex_m,age_aggregate_y55_64,geo_cov_nat,2015,9.771
hun,sex_m,age_aggregate_y55_64,geo_cov_nat,2016,7.202
hun,sex_m,age_aggregate_y55_64,geo_cov_nat,2017,5.523
hun,sex_m,age_aggregate_y55_64,geo_cov_nat,2018,4.531
hun,sex_m,age_aggregate_y55_64,geo_cov_nat,2019,4.353
hun,sex_m,age_aggregate_y55_64,geo_cov_nat,2020,5.117
hun,sex_m,age_aggregate_y55_64,geo_cov_nat,2021,5.248
hun,sex_m,age_aggregate_y55_64,geo_cov_nat,2022,5.12
hun,sex_m,age_aggregate_y55_64,geo_cov_nat,2023,4.642
hun,sex_m,age_aggregate_y55_64,geo_cov_nat,2024,4.741
hun,sex_m,age_aggregate_y55_64,geo_cov_rur,2001,12.118
hun,sex_m,age_aggregate_y55_64,geo_cov_rur,2002,12.239
hun,sex_m,age_aggregate_y55_64,geo_cov_rur,2003,11.238
hun,sex_m,age_aggregate_y55_64,geo_cov_rur,2004,10.204
hun,sex_m,age_aggregate_y55_64,geo_cov_rur,2005,12.602
hun,sex_m,age_aggregate_y55_64,geo_cov_rur,2006,11.753
hun,sex_m,age_aggregate_y55_64,geo_cov_rur,2007,11.236
hun,sex_m,age_aggregate_y55_64,geo_cov_rur,2008,12.139
hun,sex_m,age_aggregate_y55_64,geo_cov_rur,2009,14.438
hun,sex_m,age_aggregate_y55_64,geo_cov_rur,2010,16.349
hun,sex_m,age_aggregate_y55_64,geo_cov_rur,2011,18.048
hun,sex_m,age_aggregate_y55_64,geo_cov_rur,2012,18.517
hun,sex_m,age_aggregate_y55_64,geo_cov_rur,2013,19.763
hun,sex_m,age_aggregate_y55_64,geo_cov_rur,2014,13.214
hun,sex_m,age_aggregate_y55_64,geo_cov_rur,2015,10.366
hun,sex_m,age_aggregate_y55_64,geo_cov_rur,2016,8.062
hun,sex_m,age_aggregate_y55_64,geo_cov_rur,2017,6.693
hun,sex_m,age_aggregate_y55_64,geo_cov_rur,2018,5.406
hun,sex_m,age_aggregate_y55_64,geo_cov_rur,2019,4.782
hun,sex_m,age_aggregate_y55_64,geo_cov_rur,2020,5.993
hun,sex_m,age_aggregate_y55_64,geo_cov_rur,2021,6.019
hun,sex_m,age_aggregate_y55_64,geo_cov_rur,2022,5.845
hun,sex_m,age_aggregate_y55_64,geo_cov_rur,2023,5.774
hun,sex_m,age_aggregate_y55_64,geo_cov_rur,2024,6.702
hun,sex_m,age_aggregate_y55_64,geo_cov_urb,2001,6.579
hun,sex_m,age_aggregate_y55_64,geo_cov_urb,2002,5.925
hun,sex_m,age_aggregate_y55_64,geo_cov_urb,2003,4.805
hun,sex_m,age_aggregate_y55_64,geo_cov_urb,2004,7.013
hun,sex_m,age_aggregate_y55_64,geo_cov_urb,2005,6.705
hun,sex_m,age_aggregate_y55_64,geo_cov_urb,2006,6.382
hun,sex_m,age_aggregate_y55_64,geo_cov_urb,2007,6.933
hun,sex_m,age_aggregate_y55_64,geo_cov_urb,2008,8.144
hun,sex_m,age_aggregate_y55_64,geo_cov_urb,2009,9.524
hun,sex_m,age_aggregate_y55_64,geo_cov_urb,2010,11.963
hun,sex_m,age_aggregate_y55_64,geo_cov_urb,2011,13.976
hun,sex_m,age_aggregate_y55_64,geo_cov_urb,2012,13.317
hun,sex_m,age_aggregate_y55_64,geo_cov_urb,2013,11.342
hun,sex_m,age_aggregate_y55_64,geo_cov_urb,2014,11.262
hun,sex_m,age_aggregate_y55_64,geo_cov_urb,2015,9.431
hun,sex_m,age_aggregate_y55_64,geo_cov_urb,2016,6.689
hun,sex_m,age_aggregate_y55_64,geo_cov_urb,2017,4.92
hun,sex_m,age_aggregate_y55_64,geo_cov_urb,2018,4.087
hun,sex_m,age_aggregate_y55_64,geo_cov_urb,2019,4.141
hun,sex_m,age_aggregate_y55_64,geo_cov_urb,2020,4.711
hun,sex_m,age_aggregate_y55_64,geo_cov_urb,2021,4.899
hun,sex_m,age_aggregate_y55_64,geo_cov_urb,2022,4.756
hun,sex_m,age_aggregate_y55_64,geo_cov_urb,2023,4.097
hun,sex_m,age_aggregate_y55_64,geo_cov_urb,2024,3.813
hun,sex_m,age_aggregate_yge65,geo_cov_nat,2001,12.925
hun,sex_m,age_aggregate_yge65,geo_cov_nat,2002,19.189
hun,sex_m,age_aggregate_yge65,geo_cov_nat,2003,11.079
hun,sex_m,age_aggregate_yge65,geo_cov_nat,2004,13.283
hun,sex_m,age_aggregate_yge65,geo_cov_nat,2005,9.549
hun,sex_m,age_aggregate_yge65,geo_cov_nat,2006,7.717
hun,sex_m,age_aggregate_yge65,geo_cov_nat,2007,5.25
hun,sex_m,age_aggregate_yge65,geo_cov_nat,2008,4.887
hun,sex_m,age_aggregate_yge65,geo_cov_nat,2009,7.635
hun,sex_m,age_aggregate_yge65,geo_cov_nat,2010,8.19
hun,sex_m,age_aggregate_yge65,geo_cov_nat,2011,6.836
hun,sex_m,age_aggregate_yge65,geo_cov_nat,2012,8.466
hun,sex_m,age_aggregate_yge65,geo_cov_nat,2013,15.716
hun,sex_m,age_aggregate_yge65,geo_cov_nat,2014,11.385
hun,sex_m,age_aggregate_yge65,geo_cov_nat,2015,13.041
hun,sex_m,age_aggregate_yge65,geo_cov_nat,2016,7.841
hun,sex_m,age_aggregate_yge65,geo_cov_nat,2017,8.364
hun,sex_m,age_aggregate_yge65,geo_cov_nat,2018,7.53
hun,sex_m,age_aggregate_yge65,geo_cov_nat,2019,5.371
hun,sex_m,age_aggregate_yge65,geo_cov_nat,2020,6.104
hun,sex_m,age_aggregate_yge65,geo_cov_nat,2021,4.455
hun,sex_m,age_aggregate_yge65,geo_cov_nat,2022,4.061
hun,sex_m,age_aggregate_yge65,geo_cov_nat,2023,3.234
hun,sex_m,age_aggregate_yge65,geo_cov_nat,2024,3.057
hun,sex_m,age_aggregate_yge65,geo_cov_rur,2001,16.817
hun,sex_m,age_aggregate_yge65,geo_cov_rur,2002,23.945
hun,sex_m,age_aggregate_yge65,geo_cov_rur,2003,17.425
hun,sex_m,age_aggregate_yge65,geo_cov_rur,2004,21.292
hun,sex_m,age_aggregate_yge65,geo_cov_rur,2005,14.8
hun,sex_m,age_aggregate_yge65,geo_cov_rur,2006,4.806
hun,sex_m,age_aggregate_yge65,geo_cov_rur,2007,5.664
hun,sex_m,age_aggregate_yge65,geo_cov_rur,2008,3.183
hun,sex_m,age_aggregate_yge65,geo_cov_rur,2009,9.528
hun,sex_m,age_aggregate_yge65,geo_cov_rur,2010,9.579
hun,sex_m,age_aggregate_yge65,geo_cov_rur,2011,10.065
hun,sex_m,age_aggregate_yge65,geo_cov_rur,2012,8.756
hun,sex_m,age_aggregate_yge65,geo_cov_rur,2013,15.72
hun,sex_m,age_aggregate_yge65,geo_cov_rur,2014,6.961
hun,sex_m,age_aggregate_yge65,geo_cov_rur,2015,7.695
hun,sex_m,age_aggregate_yge65,geo_cov_rur,2016,10.376
hun,sex_m,age_aggregate_yge65,geo_cov_rur,2017,5.05
hun,sex_m,age_aggregate_yge65,geo_cov_rur,2018,4.552
hun,sex_m,age_aggregate_yge65,geo_cov_rur,2019,6.765
hun,sex_m,age_aggregate_yge65,geo_cov_rur,2020,7.502
hun,sex_m,age_aggregate_yge65,geo_cov_rur,2021,5.014
hun,sex_m,age_aggregate_yge65,geo_cov_rur,2022,5.442
hun,sex_m,age_aggregate_yge65,geo_cov_rur,2023,3.207
hun,sex_m,age_aggregate_yge65,geo_cov_rur,2024,3.423
hun,sex_m,age_aggregate_yge65,geo_cov_urb,2001,10.752
hun,sex_m,age_aggregate_yge65,geo_cov_urb,2002,17.508
hun,sex_m,age_aggregate_yge65,geo_cov_urb,2003,8.44
hun,sex_m,age_aggregate_yge65,geo_cov_urb,2004,10.242
hun,sex_m,age_aggregate_yge65,geo_cov_urb,2005,8.098
hun,sex_m,age_aggregate_yge65,geo_cov_urb,2006,8.674
hun,sex_m,age_aggregate_yge65,geo_cov_urb,2007,5.144
hun,sex_m,age_aggregate_yge65,geo_cov_urb,2008,5.335
hun,sex_m,age_aggregate_yge65,geo_cov_urb,2009,7.014
hun,sex_m,age_aggregate_yge65,geo_cov_urb,2010,7.636
hun,sex_m,age_aggregate_yge65,geo_cov_urb,2011,5.821
hun,sex_m,age_aggregate_yge65,geo_cov_urb,2012,8.415
hun,sex_m,age_aggregate_yge65,geo_cov_urb,2013,15.715
hun,sex_m,age_aggregate_yge65,geo_cov_urb,2014,12.522
hun,sex_m,age_aggregate_yge65,geo_cov_urb,2015,14.453
hun,sex_m,age_aggregate_yge65,geo_cov_urb,2016,7.1
hun,sex_m,age_aggregate_yge65,geo_cov_urb,2017,9.352
hun,sex_m,age_aggregate_yge65,geo_cov_urb,2018,8.361
hun,sex_m,age_aggregate_yge65,geo_cov_urb,2019,5.044
hun,sex_m,age_aggregate_yge65,geo_cov_urb,2020,5.693
hun,sex_m,age_aggregate_yge65,geo_cov_urb,2021,4.3
hun,sex_m,age_aggregate_yge65,geo_cov_urb,2022,3.727
hun,sex_m,age_aggregate_yge65,geo_cov_urb,2023,3.239
hun,sex_m,age_aggregate_yge65,geo_cov_urb,2024,2.976
hun,sex_m,age_ythadult_y15_24,geo_cov_nat,2001,18.745
hun,sex_m,age_ythadult_y15_24,geo_cov_nat,2002,19.936
hun,sex_m,age_ythadult_y15_24,geo_cov_nat,2003,20.052
hun,sex_m,age_ythadult_y15_24,geo_cov_nat,2004,22.478
hun,sex_m,age_ythadult_y15_24,geo_cov_nat,2005,26.798
hun,sex_m,age_ythadult_y15_24,geo_cov_nat,2006,25.482
hun,sex_m,age_ythadult_y15_24,geo_cov_nat,2007,23.739
hun,sex_m,age_ythadult_y15_24,geo_cov_nat,2008,24.76
hun,sex_m,age_ythadult_y15_24,geo_cov_nat,2009,34.813
hun,sex_m,age_ythadult_y15_24,geo_cov_nat,2010,33.805
hun,sex_m,age_ythadult_y15_24,geo_cov_nat,2011,34.128
hun,sex_m,age_ythadult_y15_24,geo_cov_nat,2012,35.826
hun,sex_m,age_ythadult_y15_24,geo_cov_nat,2013,33.174
hun,sex_m,age_ythadult_y15_24,geo_cov_nat,2014,26.156
hun,sex_m,age_ythadult_y15_24,geo_cov_nat,2015,23.616
hun,sex_m,age_ythadult_y15_24,geo_cov_nat,2016,18.306
hun,sex_m,age_ythadult_y15_24,geo_cov_nat,2017,14.991
hun,sex_m,age_ythadult_y15_24,geo_cov_nat,2018,13.671
hun,sex_m,age_ythadult_y15_24,geo_cov_nat,2019,16.877
hun,sex_m,age_ythadult_y15_24,geo_cov_nat,2020,18.064
hun,sex_m,age_ythadult_y15_24,geo_cov_nat,2021,17.196
hun,sex_m,age_ythadult_y15_24,geo_cov_nat,2022,16.241
hun,sex_m,age_ythadult_y15_24,geo_cov_nat,2023,16.311
hun,sex_m,age_ythadult_y15_24,geo_cov_nat,2024,18.848
hun,sex_m,age_ythadult_y15_24,geo_cov_rur,2001,22.42
hun,sex_m,age_ythadult_y15_24,geo_cov_rur,2002,25.018
hun,sex_m,age_ythadult_y15_24,geo_cov_rur,2003,22.933
hun,sex_m,age_ythadult_y15_24,geo_cov_rur,2004,26.951
hun,sex_m,age_ythadult_y15_24,geo_cov_rur,2005,31.457
hun,sex_m,age_ythadult_y15_24,geo_cov_rur,2006,28.872
hun,sex_m,age_ythadult_y15_24,geo_cov_rur,2007,26.687
hun,sex_m,age_ythadult_y15_24,geo_cov_rur,2008,28.547
hun,sex_m,age_ythadult_y15_24,geo_cov_rur,2009,39.648
hun,sex_m,age_ythadult_y15_24,geo_cov_rur,2010,34.962
hun,sex_m,age_ythadult_y15_24,geo_cov_rur,2011,36.562
hun,sex_m,age_ythadult_y15_24,geo_cov_rur,2012,37.994
hun,sex_m,age_ythadult_y15_24,geo_cov_rur,2013,36.703
hun,sex_m,age_ythadult_y15_24,geo_cov_rur,2014,29.47
hun,sex_m,age_ythadult_y15_24,geo_cov_rur,2015,25.699
hun,sex_m,age_ythadult_y15_24,geo_cov_rur,2016,21.229
hun,sex_m,age_ythadult_y15_24,geo_cov_rur,2017,18.08
hun,sex_m,age_ythadult_y15_24,geo_cov_rur,2018,16.187
hun,sex_m,age_ythadult_y15_24,geo_cov_rur,2019,17.614
hun,sex_m,age_ythadult_y15_24,geo_cov_rur,2020,19.159
hun,sex_m,age_ythadult_y15_24,geo_cov_rur,2021,18.39
hun,sex_m,age_ythadult_y15_24,geo_cov_rur,2022,18.065
hun,sex_m,age_ythadult_y15_24,geo_cov_rur,2023,18.049
hun,sex_m,age_ythadult_y15_24,geo_cov_rur,2024,20.399
hun,sex_m,age_ythadult_y15_24,geo_cov_urb,2001,15.229
hun,sex_m,age_ythadult_y15_24,geo_cov_urb,2002,14.641
hun,sex_m,age_ythadult_y15_24,geo_cov_urb,2003,17.105
hun,sex_m,age_ythadult_y15_24,geo_cov_urb,2004,17.718
hun,sex_m,age_ythadult_y15_24,geo_cov_urb,2005,21.598
hun,sex_m,age_ythadult_y15_24,geo_cov_urb,2006,21.712
hun,sex_m,age_ythadult_y15_24,geo_cov_urb,2007,19.924
hun,sex_m,age_ythadult_y15_24,geo_cov_urb,2008,20.602
hun,sex_m,age_ythadult_y15_24,geo_cov_urb,2009,29.667
hun,sex_m,age_ythadult_y15_24,geo_cov_urb,2010,32.462
hun,sex_m,age_ythadult_y15_24,geo_cov_urb,2011,31.398
hun,sex_m,age_ythadult_y15_24,geo_cov_urb,2012,33.987
hun,sex_m,age_ythadult_y15_24,geo_cov_urb,2013,30.485
hun,sex_m,age_ythadult_y15_24,geo_cov_urb,2014,23.259
hun,sex_m,age_ythadult_y15_24,geo_cov_urb,2015,21.663
hun,sex_m,age_ythadult_y15_24,geo_cov_urb,2016,15.828
hun,sex_m,age_ythadult_y15_24,geo_cov_urb,2017,12.843
hun,sex_m,age_ythadult_y15_24,geo_cov_urb,2018,11.874
hun,sex_m,age_ythadult_y15_24,geo_cov_urb,2019,16.305
hun,sex_m,age_ythadult_y15_24,geo_cov_urb,2020,17.285
hun,sex_m,age_ythadult_y15_24,geo_cov_urb,2021,16.334
hun,sex_m,age_ythadult_y15_24,geo_cov_urb,2022,14.92
hun,sex_m,age_ythadult_y15_24,geo_cov_urb,2023,15.057
hun,sex_m,age_ythadult_y15_24,geo_cov_urb,2024,17.813
hun,sex_m,age_ythadult_y15_64,geo_cov_nat,2001,10.513
hun,sex_m,age_ythadult_y15_64,geo_cov_nat,2002,10.187
hun,sex_m,age_ythadult_y15_64,geo_cov_nat,2003,10.04
hun,sex_m,age_ythadult_y15_64,geo_cov_nat,2004,10.078
hun,sex_m,age_ythadult_y15_64,geo_cov_nat,2005,11.044
hun,sex_m,age_ythadult_y15_64,geo_cov_nat,2006,10.731
hun,sex_m,age_ythadult_y15_64,geo_cov_nat,2007,10.531
hun,sex_m,age_ythadult_y15_64,geo_cov_nat,2008,11.176
hun,sex_m,age_ythadult_y15_64,geo_cov_nat,2009,14.239
hun,sex_m,age_ythadult_y15_64,geo_cov_nat,2010,15.585
hun,sex_m,age_ythadult_y15_64,geo_cov_nat,2011,15.479
hun,sex_m,age_ythadult_y15_64,geo_cov_nat,2012,15.619
hun,sex_m,age_ythadult_y15_64,geo_cov_nat,2013,14.464
hun,sex_m,age_ythadult_y15_64,geo_cov_nat,2014,10.907
hun,sex_m,age_ythadult_y15_64,geo_cov_nat,2015,9.39
hun,sex_m,age_ythadult_y15_64,geo_cov_nat,2016,7.574
hun,sex_m,age_ythadult_y15_64,geo_cov_nat,2017,5.984
hun,sex_m,age_ythadult_y15_64,geo_cov_nat,2018,5.33
hun,sex_m,age_ythadult_y15_64,geo_cov_nat,2019,5.234
hun,sex_m,age_ythadult_y15_64,geo_cov_nat,2020,6.417
hun,sex_m,age_ythadult_y15_64,geo_cov_nat,2021,5.817
hun,sex_m,age_ythadult_y15_64,geo_cov_nat,2022,5.271
hun,sex_m,age_ythadult_y15_64,geo_cov_nat,2023,5.309
hun,sex_m,age_ythadult_y15_64,geo_cov_nat,2024,5.79
hun,sex_m,age_ythadult_y15_64,geo_cov_rur,2001,13.447
hun,sex_m,age_ythadult_y15_64,geo_cov_rur,2002,13.824
hun,sex_m,age_ythadult_y15_64,geo_cov_rur,2003,13.159
hun,sex_m,age_ythadult_y15_64,geo_cov_rur,2004,13.337
hun,sex_m,age_ythadult_y15_64,geo_cov_rur,2005,14.512
hun,sex_m,age_ythadult_y15_64,geo_cov_rur,2006,14.139
hun,sex_m,age_ythadult_y15_64,geo_cov_rur,2007,13.7
hun,sex_m,age_ythadult_y15_64,geo_cov_rur,2008,14.761
hun,sex_m,age_ythadult_y15_64,geo_cov_rur,2009,17.745
hun,sex_m,age_ythadult_y15_64,geo_cov_rur,2010,18.258
hun,sex_m,age_ythadult_y15_64,geo_cov_rur,2011,18.472
hun,sex_m,age_ythadult_y15_64,geo_cov_rur,2012,19.389
hun,sex_m,age_ythadult_y15_64,geo_cov_rur,2013,18.716
hun,sex_m,age_ythadult_y15_64,geo_cov_rur,2014,14.55
hun,sex_m,age_ythadult_y15_64,geo_cov_rur,2015,11.926
hun,sex_m,age_ythadult_y15_64,geo_cov_rur,2016,10.046
hun,sex_m,age_ythadult_y15_64,geo_cov_rur,2017,8.198
hun,sex_m,age_ythadult_y15_64,geo_cov_rur,2018,7.2
hun,sex_m,age_ythadult_y15_64,geo_cov_rur,2019,7.221
hun,sex_m,age_ythadult_y15_64,geo_cov_rur,2020,8.7
hun,sex_m,age_ythadult_y15_64,geo_cov_rur,2021,8.121
hun,sex_m,age_ythadult_y15_64,geo_cov_rur,2022,7.325
hun,sex_m,age_ythadult_y15_64,geo_cov_rur,2023,7.235
hun,sex_m,age_ythadult_y15_64,geo_cov_rur,2024,7.512
hun,sex_m,age_ythadult_y15_64,geo_cov_urb,2001,7.996
hun,sex_m,age_ythadult_y15_64,geo_cov_urb,2002,7.017
hun,sex_m,age_ythadult_y15_64,geo_cov_urb,2003,7.566
hun,sex_m,age_ythadult_y15_64,geo_cov_urb,2004,7.543
hun,sex_m,age_ythadult_y15_64,geo_cov_urb,2005,8.365
hun,sex_m,age_ythadult_y15_64,geo_cov_urb,2006,8.042
hun,sex_m,age_ythadult_y15_64,geo_cov_urb,2007,7.861
hun,sex_m,age_ythadult_y15_64,geo_cov_urb,2008,8.241
hun,sex_m,age_ythadult_y15_64,geo_cov_urb,2009,11.42
hun,sex_m,age_ythadult_y15_64,geo_cov_urb,2010,13.389
hun,sex_m,age_ythadult_y15_64,geo_cov_urb,2011,13.076
hun,sex_m,age_ythadult_y15_64,geo_cov_urb,2012,13.518
hun,sex_m,age_ythadult_y15_64,geo_cov_urb,2013,12.084
hun,sex_m,age_ythadult_y15_64,geo_cov_urb,2014,8.842
hun,sex_m,age_ythadult_y15_64,geo_cov_urb,2015,7.919
hun,sex_m,age_ythadult_y15_64,geo_cov_urb,2016,6.13
hun,sex_m,age_ythadult_y15_64,geo_cov_urb,2017,4.864
hun,sex_m,age_ythadult_y15_64,geo_cov_urb,2018,4.404
hun,sex_m,age_ythadult_y15_64,geo_cov_urb,2019,4.261
hun,sex_m,age_ythadult_y15_64,geo_cov_urb,2020,5.312
hun,sex_m,age_ythadult_y15_64,geo_cov_urb,2021,4.72
hun,sex_m,age_ythadult_y15_64,geo_cov_urb,2022,4.266
hun,sex_m,age_ythadult_y15_64,geo_cov_urb,2023,4.368
hun,sex_m,age_ythadult_y15_64,geo_cov_urb,2024,4.961
hun,sex_m,age_ythadult_yge15,geo_cov_nat,2001,10.525
hun,sex_m,age_ythadult_yge15,geo_cov_nat,2002,10.247
hun,sex_m,age_ythadult_yge15,geo_cov_nat,2003,10.047
hun,sex_m,age_ythadult_yge15,geo_cov_nat,2004,10.102
hun,sex_m,age_ythadult_yge15,geo_cov_nat,2005,11.034
hun,sex_m,age_ythadult_yge15,geo_cov_nat,2006,10.71
hun,sex_m,age_ythadult_yge15,geo_cov_nat,2007,10.49
hun,sex_m,age_ythadult_yge15,geo_cov_nat,2008,11.126
hun,sex_m,age_ythadult_yge15,geo_cov_nat,2009,14.183
hun,sex_m,age_ythadult_yge15,geo_cov_nat,2010,15.525
hun,sex_m,age_ythadult_yge15,geo_cov_nat,2011,15.401
hun,sex_m,age_ythadult_yge15,geo_cov_nat,2012,15.554
hun,sex_m,age_ythadult_yge15,geo_cov_nat,2013,14.476
hun,sex_m,age_ythadult_yge15,geo_cov_nat,2014,10.911
hun,sex_m,age_ythadult_yge15,geo_cov_nat,2015,9.422
hun,sex_m,age_ythadult_yge15,geo_cov_nat,2016,7.577
hun,sex_m,age_ythadult_yge15,geo_cov_nat,2017,6.012
hun,sex_m,age_ythadult_yge15,geo_cov_nat,2018,5.361
hun,sex_m,age_ythadult_yge15,geo_cov_nat,2019,5.236
hun,sex_m,age_ythadult_yge15,geo_cov_nat,2020,6.412
hun,sex_m,age_ythadult_yge15,geo_cov_nat,2021,5.785
hun,sex_m,age_ythadult_yge15,geo_cov_nat,2022,5.238
hun,sex_m,age_ythadult_yge15,geo_cov_nat,2023,5.245
hun,sex_m,age_ythadult_yge15,geo_cov_nat,2024,5.707
hun,sex_m,age_ythadult_yge15,geo_cov_rur,2001,13.46
hun,sex_m,age_ythadult_yge15,geo_cov_rur,2002,13.861
hun,sex_m,age_ythadult_yge15,geo_cov_rur,2003,13.178
hun,sex_m,age_ythadult_yge15,geo_cov_rur,2004,13.374
hun,sex_m,age_ythadult_yge15,geo_cov_rur,2005,14.513
hun,sex_m,age_ythadult_yge15,geo_cov_rur,2006,14.103
hun,sex_m,age_ythadult_yge15,geo_cov_rur,2007,13.673
hun,sex_m,age_ythadult_yge15,geo_cov_rur,2008,14.719
hun,sex_m,age_ythadult_yge15,geo_cov_rur,2009,17.706
hun,sex_m,age_ythadult_yge15,geo_cov_rur,2010,18.214
hun,sex_m,age_ythadult_yge15,geo_cov_rur,2011,18.431
hun,sex_m,age_ythadult_yge15,geo_cov_rur,2012,19.348
hun,sex_m,age_ythadult_yge15,geo_cov_rur,2013,18.703
hun,sex_m,age_ythadult_yge15,geo_cov_rur,2014,14.516
hun,sex_m,age_ythadult_yge15,geo_cov_rur,2015,11.905
hun,sex_m,age_ythadult_yge15,geo_cov_rur,2016,10.048
hun,sex_m,age_ythadult_yge15,geo_cov_rur,2017,8.173
hun,sex_m,age_ythadult_yge15,geo_cov_rur,2018,7.175
hun,sex_m,age_ythadult_yge15,geo_cov_rur,2019,7.216
hun,sex_m,age_ythadult_yge15,geo_cov_rur,2020,8.685
hun,sex_m,age_ythadult_yge15,geo_cov_rur,2021,8.072
hun,sex_m,age_ythadult_yge15,geo_cov_rur,2022,7.294
hun,sex_m,age_ythadult_yge15,geo_cov_rur,2023,7.171
hun,sex_m,age_ythadult_yge15,geo_cov_rur,2024,7.441
hun,sex_m,age_ythadult_yge15,geo_cov_urb,2001,8.013
hun,sex_m,age_ythadult_yge15,geo_cov_urb,2002,7.113
hun,sex_m,age_ythadult_yge15,geo_cov_urb,2003,7.574
hun,sex_m,age_ythadult_yge15,geo_cov_urb,2004,7.568
hun,sex_m,age_ythadult_yge15,geo_cov_urb,2005,8.363
hun,sex_m,age_ythadult_yge15,geo_cov_urb,2006,8.048
hun,sex_m,age_ythadult_yge15,geo_cov_urb,2007,7.831
hun,sex_m,age_ythadult_yge15,geo_cov_urb,2008,8.208
hun,sex_m,age_ythadult_yge15,geo_cov_urb,2009,11.369
hun,sex_m,age_ythadult_yge15,geo_cov_urb,2010,13.329
hun,sex_m,age_ythadult_yge15,geo_cov_urb,2011,12.986
hun,sex_m,age_ythadult_yge15,geo_cov_urb,2012,13.457
hun,sex_m,age_ythadult_yge15,geo_cov_urb,2013,12.128
hun,sex_m,age_ythadult_yge15,geo_cov_urb,2014,8.878
hun,sex_m,age_ythadult_yge15,geo_cov_urb,2015,7.99
hun,sex_m,age_ythadult_yge15,geo_cov_urb,2016,6.143
hun,sex_m,age_ythadult_yge15,geo_cov_urb,2017,4.925
hun,sex_m,age_ythadult_yge15,geo_cov_urb,2018,4.47
hun,sex_m,age_ythadult_yge15,geo_cov_urb,2019,4.278
hun,sex_m,age_ythadult_yge15,geo_cov_urb,2020,5.32
hun,sex_m,age_ythadult_yge15,geo_cov_urb,2021,4.709
hun,sex_m,age_ythadult_yge15,geo_cov_urb,2022,4.248
hun,sex_m,age_ythadult_yge15,geo_cov_urb,2023,4.326
hun,sex_m,age_ythadult_yge15,geo_cov_urb,2024,4.888
hun,sex_m,age_ythadult_yge25,geo_cov_nat,2001,9.311
hun,sex_m,age_ythadult_yge25,geo_cov_nat,2002,8.964
hun,sex_m,age_ythadult_yge25,geo_cov_nat,2003,8.859
hun,sex_m,age_ythadult_yge25,geo_cov_nat,2004,8.815
hun,sex_m,age_ythadult_yge25,geo_cov_nat,2005,9.48
hun,sex_m,age_ythadult_yge25,geo_cov_nat,2006,9.301
hun,sex_m,age_ythadult_yge25,geo_cov_nat,2007,9.271
hun,sex_m,age_ythadult_yge25,geo_cov_nat,2008,9.916
hun,sex_m,age_ythadult_yge25,geo_cov_nat,2009,12.391
hun,sex_m,age_ythadult_yge25,geo_cov_nat,2010,13.989
hun,sex_m,age_ythadult_yge25,geo_cov_nat,2011,13.872
hun,sex_m,age_ythadult_yge25,geo_cov_nat,2012,13.887
hun,sex_m,age_ythadult_yge25,geo_cov_nat,2013,12.797
hun,sex_m,age_ythadult_yge25,geo_cov_nat,2014,9.541
hun,sex_m,age_ythadult_yge25,geo_cov_nat,2015,8.153
hun,sex_m,age_ythadult_yge25,geo_cov_nat,2016,6.611
hun,sex_m,age_ythadult_yge25,geo_cov_nat,2017,5.225
hun,sex_m,age_ythadult_yge25,geo_cov_nat,2018,4.676
hun,sex_m,age_ythadult_yge25,geo_cov_nat,2019,4.292
hun,sex_m,age_ythadult_yge25,geo_cov_nat,2020,5.529
hun,sex_m,age_ythadult_yge25,geo_cov_nat,2021,4.963
hun,sex_m,age_ythadult_yge25,geo_cov_nat,2022,4.469
hun,sex_m,age_ythadult_yge25,geo_cov_nat,2023,4.422
hun,sex_m,age_ythadult_yge25,geo_cov_nat,2024,4.738
hun,sex_m,age_ythadult_yge25,geo_cov_rur,2001,12.044
hun,sex_m,age_ythadult_yge25,geo_cov_rur,2002,12.216
hun,sex_m,age_ythadult_yge25,geo_cov_rur,2003,11.828
hun,sex_m,age_ythadult_yge25,geo_cov_rur,2004,11.674
hun,sex_m,age_ythadult_yge25,geo_cov_rur,2005,12.441
hun,sex_m,age_ythadult_yge25,geo_cov_rur,2006,12.383
hun,sex_m,age_ythadult_yge25,geo_cov_rur,2007,12.156
hun,sex_m,age_ythadult_yge25,geo_cov_rur,2008,13.264
hun,sex_m,age_ythadult_yge25,geo_cov_rur,2009,15.461
hun,sex_m,age_ythadult_yge25,geo_cov_rur,2010,16.505
hun,sex_m,age_ythadult_yge25,geo_cov_rur,2011,16.639
hun,sex_m,age_ythadult_yge25,geo_cov_rur,2012,17.324
hun,sex_m,age_ythadult_yge25,geo_cov_rur,2013,16.709
hun,sex_m,age_ythadult_yge25,geo_cov_rur,2014,12.731
hun,sex_m,age_ythadult_yge25,geo_cov_rur,2015,10.225
hun,sex_m,age_ythadult_yge25,geo_cov_rur,2016,8.761
hun,sex_m,age_ythadult_yge25,geo_cov_rur,2017,7.087
hun,sex_m,age_ythadult_yge25,geo_cov_rur,2018,6.214
hun,sex_m,age_ythadult_yge25,geo_cov_rur,2019,6.055
hun,sex_m,age_ythadult_yge25,geo_cov_rur,2020,7.646
hun,sex_m,age_ythadult_yge25,geo_cov_rur,2021,7.075
hun,sex_m,age_ythadult_yge25,geo_cov_rur,2022,6.301
hun,sex_m,age_ythadult_yge25,geo_cov_rur,2023,6.098
hun,sex_m,age_ythadult_yge25,geo_cov_rur,2024,6.227
hun,sex_m,age_ythadult_yge25,geo_cov_urb,2001,7.01
hun,sex_m,age_ythadult_yge25,geo_cov_urb,2002,6.211
hun,sex_m,age_ythadult_yge25,geo_cov_urb,2003,6.586
hun,sex_m,age_ythadult_yge25,geo_cov_urb,2004,6.675
hun,sex_m,age_ythadult_yge25,geo_cov_urb,2005,7.29
hun,sex_m,age_ythadult_yge25,geo_cov_urb,2006,6.963
hun,sex_m,age_ythadult_yge25,geo_cov_urb,2007,6.957
hun,sex_m,age_ythadult_yge25,geo_cov_urb,2008,7.269
hun,sex_m,age_ythadult_yge25,geo_cov_urb,2009,9.999
hun,sex_m,age_ythadult_yge25,geo_cov_urb,2010,11.995
hun,sex_m,age_ythadult_yge25,geo_cov_urb,2011,11.729
hun,sex_m,age_ythadult_yge25,geo_cov_urb,2012,12.056
hun,sex_m,age_ythadult_yge25,geo_cov_urb,2013,10.688
hun,sex_m,age_ythadult_yge25,geo_cov_urb,2014,7.816
hun,sex_m,age_ythadult_yge25,geo_cov_urb,2015,7.013
hun,sex_m,age_ythadult_yge25,geo_cov_urb,2016,5.406
hun,sex_m,age_ythadult_yge25,geo_cov_urb,2017,4.316
hun,sex_m,age_ythadult_yge25,geo_cov_urb,2018,3.944
hun,sex_m,age_ythadult_yge25,geo_cov_urb,2019,3.473
hun,sex_m,age_ythadult_yge25,geo_cov_urb,2020,4.544
hun,sex_m,age_ythadult_yge25,geo_cov_urb,2021,4.001
hun,sex_m,age_ythadult_yge25,geo_cov_urb,2022,3.614
hun,sex_m,age_ythadult_yge25,geo_cov_urb,2023,3.648
hun,sex_m,age_ythadult_yge25,geo_cov_urb,2024,4.054
hun,sex_t,age_aggregate_total,geo_cov_nat,2001,9.77
hun,sex_t,age_aggregate_total,geo_cov_nat,2002,9.958
hun,sex_t,age_aggregate_total,geo_cov_nat,2003,9.857
hun,sex_t,age_aggregate_total,geo_cov_nat,2004,10.235
hun,sex_t,age_aggregate_total,geo_cov_nat,2005,11.284
hun,sex_t,age_aggregate_total,geo_cov_nat,2006,11.221
hun,sex_t,age_aggregate_total,geo_cov_nat,2007,10.954
hun,sex_t,age_aggregate_total,geo_cov_nat,2008,11.606
hun,sex_t,age_aggregate_total,geo_cov_nat,2009,14.203
hun,sex_t,age_aggregate_total,geo_cov_nat,2010,15.364
hun,sex_t,age_aggregate_total,geo_cov_nat,2011,15.573
hun,sex_t,age_aggregate_total,geo_cov_nat,2012,15.528
hun,sex_t,age_aggregate_total,geo_cov_nat,2013,14.727
hun,sex_t,age_aggregate_total,geo_cov_nat,2014,11.359
hun,sex_t,age_aggregate_total,geo_cov_nat,2015,9.809
hun,sex_t,age_aggregate_total,geo_cov_nat,2016,7.777
hun,sex_t,age_aggregate_total,geo_cov_nat,2017,6.69
hun,sex_t,age_aggregate_total,geo_cov_nat,2018,5.867
hun,sex_t,age_aggregate_total,geo_cov_nat,2019,5.588
hun,sex_t,age_aggregate_total,geo_cov_nat,2020,7.123
hun,sex_t,age_aggregate_total,geo_cov_nat,2021,6.271
hun,sex_t,age_aggregate_total,geo_cov_nat,2022,5.271
hun,sex_t,age_aggregate_total,geo_cov_nat,2023,5.45
hun,sex_t,age_aggregate_total,geo_cov_nat,2024,5.718
hun,sex_t,age_aggregate_total,geo_cov_rur,2001,12.642
hun,sex_t,age_aggregate_total,geo_cov_rur,2002,13.462
hun,sex_t,age_aggregate_total,geo_cov_rur,2003,12.98
hun,sex_t,age_aggregate_total,geo_cov_rur,2004,13.469
hun,sex_t,age_aggregate_total,geo_cov_rur,2005,14.82
hun,sex_t,age_aggregate_total,geo_cov_rur,2006,15.082
hun,sex_t,age_aggregate_total,geo_cov_rur,2007,14.516
hun,sex_t,age_aggregate_total,geo_cov_rur,2008,15.535
hun,sex_t,age_aggregate_total,geo_cov_rur,2009,18.213
hun,sex_t,age_aggregate_total,geo_cov_rur,2010,18.577
hun,sex_t,age_aggregate_total,geo_cov_rur,2011,19.075
hun,sex_t,age_aggregate_total,geo_cov_rur,2012,19.905
hun,sex_t,age_aggregate_total,geo_cov_rur,2013,19.12
hun,sex_t,age_aggregate_total,geo_cov_rur,2014,14.706
hun,sex_t,age_aggregate_total,geo_cov_rur,2015,12.373
hun,sex_t,age_aggregate_total,geo_cov_rur,2016,10.181
hun,sex_t,age_aggregate_total,geo_cov_rur,2017,8.665
hun,sex_t,age_aggregate_total,geo_cov_rur,2018,7.478
hun,sex_t,age_aggregate_total,geo_cov_rur,2019,7.415
hun,sex_t,age_aggregate_total,geo_cov_rur,2020,9.157
hun,sex_t,age_aggregate_total,geo_cov_rur,2021,8.542
hun,sex_t,age_aggregate_total,geo_cov_rur,2022,7.566
hun,sex_t,age_aggregate_total,geo_cov_rur,2023,7.296
hun,sex_t,age_aggregate_total,geo_cov_rur,2024,7.771
hun,sex_t,age_aggregate_total,geo_cov_urb,2001,7.464
hun,sex_t,age_aggregate_total,geo_cov_urb,2002,7.116
hun,sex_t,age_aggregate_total,geo_cov_urb,2003,7.564
hun,sex_t,age_aggregate_total,geo_cov_urb,2004,7.89
hun,sex_t,age_aggregate_total,geo_cov_urb,2005,8.744
hun,sex_t,age_aggregate_total,geo_cov_urb,2006,8.37
hun,sex_t,age_aggregate_total,geo_cov_urb,2007,8.181
hun,sex_t,age_aggregate_total,geo_cov_urb,2008,8.616
hun,sex_t,age_aggregate_total,geo_cov_urb,2009,11.169
hun,sex_t,age_aggregate_total,geo_cov_urb,2010,12.882
hun,sex_t,age_aggregate_total,geo_cov_urb,2011,12.891
hun,sex_t,age_aggregate_total,geo_cov_urb,2012,13.228
hun,sex_t,age_aggregate_total,geo_cov_urb,2013,12.427
hun,sex_t,age_aggregate_total,geo_cov_urb,2014,9.599
hun,sex_t,age_aggregate_total,geo_cov_urb,2015,8.432
hun,sex_t,age_aggregate_total,geo_cov_urb,2016,6.463
hun,sex_t,age_aggregate_total,geo_cov_urb,2017,5.738
hun,sex_t,age_aggregate_total,geo_cov_urb,2018,5.115
hun,sex_t,age_aggregate_total,geo_cov_urb,2019,4.747
hun,sex_t,age_aggregate_total,geo_cov_urb,2020,6.201
hun,sex_t,age_aggregate_total,geo_cov_urb,2021,5.266
hun,sex_t,age_aggregate_total,geo_cov_urb,2022,4.23
hun,sex_t,age_aggregate_total,geo_cov_urb,2023,4.616
hun,sex_t,age_aggregate_total,geo_cov_urb,2024,4.79
hun,sex_t,age_aggregate_y15_24,geo_cov_nat,2001,17.174
hun,sex_t,age_aggregate_y15_24,geo_cov_nat,2002,18.457
hun,sex_t,age_aggregate_y15_24,geo_cov_nat,2003,19.167
hun,sex_t,age_aggregate_y15_24,geo_cov_nat,2004,21.965
hun,sex_t,age_aggregate_y15_24,geo_cov_nat,2005,26.261
hun,sex_t,age_aggregate_y15_24,geo_cov_nat,2006,25.411
hun,sex_t,age_aggregate_y15_24,geo_cov_nat,2007,23.908
hun,sex_t,age_aggregate_y15_24,geo_cov_nat,2008,25.008
hun,sex_t,age_aggregate_y15_24,geo_cov_nat,2009,32.922
hun,sex_t,age_aggregate_y15_24,geo_cov_nat,2010,32.148
hun,sex_t,age_aggregate_y15_24,geo_cov_nat,2011,32.978
hun,sex_t,age_aggregate_y15_24,geo_cov_nat,2012,34.898
hun,sex_t,age_aggregate_y15_24,geo_cov_nat,2013,33.946
hun,sex_t,age_aggregate_y15_24,geo_cov_nat,2014,26.45
hun,sex_t,age_aggregate_y15_24,geo_cov_nat,2015,22.322
hun,sex_t,age_aggregate_y15_24,geo_cov_nat,2016,18.283
hun,sex_t,age_aggregate_y15_24,geo_cov_nat,2017,16.222
hun,sex_t,age_aggregate_y15_24,geo_cov_nat,2018,14.466
hun,sex_t,age_aggregate_y15_24,geo_cov_nat,2019,16.935
hun,sex_t,age_aggregate_y15_24,geo_cov_nat,2020,19.231
hun,sex_t,age_aggregate_y15_24,geo_cov_nat,2021,19.142
hun,sex_t,age_aggregate_y15_24,geo_cov_nat,2022,15.377
hun,sex_t,age_aggregate_y15_24,geo_cov_nat,2023,16.235
hun,sex_t,age_aggregate_y15_24,geo_cov_nat,2024,18.554
hun,sex_t,age_aggregate_y15_24,geo_cov_rur,2001,20.599
hun,sex_t,age_aggregate_y15_24,geo_cov_rur,2002,23.868
hun,sex_t,age_aggregate_y15_24,geo_cov_rur,2003,22.013
hun,sex_t,age_aggregate_y15_24,geo_cov_rur,2004,26.248
hun,sex_t,age_aggregate_y15_24,geo_cov_rur,2005,30.674
hun,sex_t,age_aggregate_y15_24,geo_cov_rur,2006,30.086
hun,sex_t,age_aggregate_y15_24,geo_cov_rur,2007,27.706
hun,sex_t,age_aggregate_y15_24,geo_cov_rur,2008,29.482
hun,sex_t,age_aggregate_y15_24,geo_cov_rur,2009,38.245
hun,sex_t,age_aggregate_y15_24,geo_cov_rur,2010,34.64
hun,sex_t,age_aggregate_y15_24,geo_cov_rur,2011,36.293
hun,sex_t,age_aggregate_y15_24,geo_cov_rur,2012,38.025
hun,sex_t,age_aggregate_y15_24,geo_cov_rur,2013,38.595
hun,sex_t,age_aggregate_y15_24,geo_cov_rur,2014,29.402
hun,sex_t,age_aggregate_y15_24,geo_cov_rur,2015,24.839
hun,sex_t,age_aggregate_y15_24,geo_cov_rur,2016,21.692
hun,sex_t,age_aggregate_y15_24,geo_cov_rur,2017,19.886
hun,sex_t,age_aggregate_y15_24,geo_cov_rur,2018,17.387
hun,sex_t,age_aggregate_y15_24,geo_cov_rur,2019,18.515
hun,sex_t,age_aggregate_y15_24,geo_cov_rur,2020,21.192
hun,sex_t,age_aggregate_y15_24,geo_cov_rur,2021,21.734
hun,sex_t,age_aggregate_y15_24,geo_cov_rur,2022,19.033
hun,sex_t,age_aggregate_y15_24,geo_cov_rur,2023,18.666
hun,sex_t,age_aggregate_y15_24,geo_cov_rur,2024,22.63
hun,sex_t,age_aggregate_y15_24,geo_cov_urb,2001,13.911
hun,sex_t,age_aggregate_y15_24,geo_cov_urb,2002,13.251
hun,sex_t,age_aggregate_y15_24,geo_cov_urb,2003,16.576
hun,sex_t,age_aggregate_y15_24,geo_cov_urb,2004,17.915
hun,sex_t,age_aggregate_y15_24,geo_cov_urb,2005,21.905
hun,sex_t,age_aggregate_y15_24,geo_cov_urb,2006,20.667
hun,sex_t,age_aggregate_y15_24,geo_cov_urb,2007,19.593
hun,sex_t,age_aggregate_y15_24,geo_cov_urb,2008,20.437
hun,sex_t,age_aggregate_y15_24,geo_cov_urb,2009,27.422
hun,sex_t,age_aggregate_y15_24,geo_cov_urb,2010,29.505
hun,sex_t,age_aggregate_y15_24,geo_cov_urb,2011,29.496
hun,sex_t,age_aggregate_y15_24,geo_cov_urb,2012,32.516
hun,sex_t,age_aggregate_y15_24,geo_cov_urb,2013,30.574
hun,sex_t,age_aggregate_y15_24,geo_cov_urb,2014,24.064
hun,sex_t,age_aggregate_y15_24,geo_cov_urb,2015,20.203
hun,sex_t,age_aggregate_y15_24,geo_cov_urb,2016,15.647
hun,sex_t,age_aggregate_y15_24,geo_cov_urb,2017,13.903
hun,sex_t,age_aggregate_y15_24,geo_cov_urb,2018,12.553
hun,sex_t,age_aggregate_y15_24,geo_cov_urb,2019,15.883
hun,sex_t,age_aggregate_y15_24,geo_cov_urb,2020,18.03
hun,sex_t,age_aggregate_y15_24,geo_cov_urb,2021,17.467
hun,sex_t,age_aggregate_y15_24,geo_cov_urb,2022,12.994
hun,sex_t,age_aggregate_y15_24,geo_cov_urb,2023,14.631
hun,sex_t,age_aggregate_y15_24,geo_cov_urb,2024,16.012
hun,sex_t,age_aggregate_y25_54,geo_cov_nat,2001,8.7
hun,sex_t,age_aggregate_y25_54,geo_cov_nat,2002,8.839
hun,sex_t,age_aggregate_y25_54,geo_cov_nat,2003,8.837
hun,sex_t,age_aggregate_y25_54,geo_cov_nat,2004,9.094
hun,sex_t,age_aggregate_y25_54,geo_cov_nat,2005,10.019
hun,sex_t,age_aggregate_y25_54,geo_cov_nat,2006,10.162
hun,sex_t,age_aggregate_y25_54,geo_cov_nat,2007,10.039
hun,sex_t,age_aggregate_y25_54,geo_cov_nat,2008,10.602
hun,sex_t,age_aggregate_y25_54,geo_cov_nat,2009,12.854
hun,sex_t,age_aggregate_y25_54,geo_cov_nat,2010,14.16
hun,sex_t,age_aggregate_y25_54,geo_cov_nat,2011,14.138
hun,sex_t,age_aggregate_y25_54,geo_cov_nat,2012,13.873
hun,sex_t,age_aggregate_y25_54,geo_cov_nat,2013,12.837
hun,sex_t,age_aggregate_y25_54,geo_cov_nat,2014,9.725
hun,sex_t,age_aggregate_y25_54,geo_cov_nat,2015,8.414
hun,sex_t,age_aggregate_y25_54,geo_cov_nat,2016,6.676
hun,sex_t,age_aggregate_y25_54,geo_cov_nat,2017,5.716
hun,sex_t,age_aggregate_y25_54,geo_cov_nat,2018,5.119
hun,sex_t,age_aggregate_y25_54,geo_cov_nat,2019,4.681
hun,sex_t,age_aggregate_y25_54,geo_cov_nat,2020,6.353
hun,sex_t,age_aggregate_y25_54,geo_cov_nat,2021,5.36
hun,sex_t,age_aggregate_y25_54,geo_cov_nat,2022,4.531
hun,sex_t,age_aggregate_y25_54,geo_cov_nat,2023,4.761
hun,sex_t,age_aggregate_y25_54,geo_cov_nat,2024,4.835
hun,sex_t,age_aggregate_y25_54,geo_cov_rur,2001,11.317
hun,sex_t,age_aggregate_y25_54,geo_cov_rur,2002,11.922
hun,sex_t,age_aggregate_y25_54,geo_cov_rur,2003,11.729
hun,sex_t,age_aggregate_y25_54,geo_cov_rur,2004,11.998
hun,sex_t,age_aggregate_y25_54,geo_cov_rur,2005,13.141
hun,sex_t,age_aggregate_y25_54,geo_cov_rur,2006,13.747
hun,sex_t,age_aggregate_y25_54,geo_cov_rur,2007,13.396
hun,sex_t,age_aggregate_y25_54,geo_cov_rur,2008,14.396
hun,sex_t,age_aggregate_y25_54,geo_cov_rur,2009,16.482
hun,sex_t,age_aggregate_y25_54,geo_cov_rur,2010,17.236
hun,sex_t,age_aggregate_y25_54,geo_cov_rur,2011,17.498
hun,sex_t,age_aggregate_y25_54,geo_cov_rur,2012,17.957
hun,sex_t,age_aggregate_y25_54,geo_cov_rur,2013,16.752
hun,sex_t,age_aggregate_y25_54,geo_cov_rur,2014,13.062
hun,sex_t,age_aggregate_y25_54,geo_cov_rur,2015,10.833
hun,sex_t,age_aggregate_y25_54,geo_cov_rur,2016,9.011
hun,sex_t,age_aggregate_y25_54,geo_cov_rur,2017,7.726
hun,sex_t,age_aggregate_y25_54,geo_cov_rur,2018,6.688
hun,sex_t,age_aggregate_y25_54,geo_cov_rur,2019,6.478
hun,sex_t,age_aggregate_y25_54,geo_cov_rur,2020,8.311
hun,sex_t,age_aggregate_y25_54,geo_cov_rur,2021,7.577
hun,sex_t,age_aggregate_y25_54,geo_cov_rur,2022,6.642
hun,sex_t,age_aggregate_y25_54,geo_cov_rur,2023,6.367
hun,sex_t,age_aggregate_y25_54,geo_cov_rur,2024,6.449
hun,sex_t,age_aggregate_y25_54,geo_cov_urb,2001,6.584
hun,sex_t,age_aggregate_y25_54,geo_cov_urb,2002,6.303
hun,sex_t,age_aggregate_y25_54,geo_cov_urb,2003,6.686
hun,sex_t,age_aggregate_y25_54,geo_cov_urb,2004,6.975
hun,sex_t,age_aggregate_y25_54,geo_cov_urb,2005,7.761
hun,sex_t,age_aggregate_y25_54,geo_cov_urb,2006,7.496
hun,sex_t,age_aggregate_y25_54,geo_cov_urb,2007,7.417
hun,sex_t,age_aggregate_y25_54,geo_cov_urb,2008,7.691
hun,sex_t,age_aggregate_y25_54,geo_cov_urb,2009,10.089
hun,sex_t,age_aggregate_y25_54,geo_cov_urb,2010,11.757
hun,sex_t,age_aggregate_y25_54,geo_cov_urb,2011,11.533
hun,sex_t,age_aggregate_y25_54,geo_cov_urb,2012,11.749
hun,sex_t,age_aggregate_y25_54,geo_cov_urb,2013,10.803
hun,sex_t,age_aggregate_y25_54,geo_cov_urb,2014,8.016
hun,sex_t,age_aggregate_y25_54,geo_cov_urb,2015,7.165
hun,sex_t,age_aggregate_y25_54,geo_cov_urb,2016,5.437
hun,sex_t,age_aggregate_y25_54,geo_cov_urb,2017,4.771
hun,sex_t,age_aggregate_y25_54,geo_cov_urb,2018,4.406
hun,sex_t,age_aggregate_y25_54,geo_cov_urb,2019,3.882
hun,sex_t,age_aggregate_y25_54,geo_cov_urb,2020,5.479
hun,sex_t,age_aggregate_y25_54,geo_cov_urb,2021,4.396
hun,sex_t,age_aggregate_y25_54,geo_cov_urb,2022,3.592
hun,sex_t,age_aggregate_y25_54,geo_cov_urb,2023,4.044
hun,sex_t,age_aggregate_y25_54,geo_cov_urb,2024,4.104
hun,sex_t,age_aggregate_y55_64,geo_cov_nat,2001,8.45
hun,sex_t,age_aggregate_y55_64,geo_cov_nat,2002,8.591
hun,sex_t,age_aggregate_y55_64,geo_cov_nat,2003,8.002
hun,sex_t,age_aggregate_y55_64,geo_cov_nat,2004,8.4
hun,sex_t,age_aggregate_y55_64,geo_cov_nat,2005,8.611
hun,sex_t,age_aggregate_y55_64,geo_cov_nat,2006,8.248
hun,sex_t,age_aggregate_y55_64,geo_cov_nat,2007,8.493
hun,sex_t,age_aggregate_y55_64,geo_cov_nat,2008,9.943
hun,sex_t,age_aggregate_y55_64,geo_cov_nat,2009,11.735
hun,sex_t,age_aggregate_y55_64,geo_cov_nat,2010,13.656
hun,sex_t,age_aggregate_y55_64,geo_cov_nat,2011,15.196
hun,sex_t,age_aggregate_y55_64,geo_cov_nat,2012,14.922
hun,sex_t,age_aggregate_y55_64,geo_cov_nat,2013,14.473
hun,sex_t,age_aggregate_y55_64,geo_cov_nat,2014,11.768
hun,sex_t,age_aggregate_y55_64,geo_cov_nat,2015,10.161
hun,sex_t,age_aggregate_y55_64,geo_cov_nat,2016,7.751
hun,sex_t,age_aggregate_y55_64,geo_cov_nat,2017,6.53
hun,sex_t,age_aggregate_y55_64,geo_cov_nat,2018,5.243
hun,sex_t,age_aggregate_y55_64,geo_cov_nat,2019,4.775
hun,sex_t,age_aggregate_y55_64,geo_cov_nat,2020,5.558
hun,sex_t,age_aggregate_y55_64,geo_cov_nat,2021,5.386
hun,sex_t,age_aggregate_y55_64,geo_cov_nat,2022,5.061
hun,sex_t,age_aggregate_y55_64,geo_cov_nat,2023,4.538
hun,sex_t,age_aggregate_y55_64,geo_cov_nat,2024,4.959
hun,sex_t,age_aggregate_y55_64,geo_cov_rur,2001,12.447
hun,sex_t,age_aggregate_y55_64,geo_cov_rur,2002,12.511
hun,sex_t,age_aggregate_y55_64,geo_cov_rur,2003,11.915
hun,sex_t,age_aggregate_y55_64,geo_cov_rur,2004,11.096
hun,sex_t,age_aggregate_y55_64,geo_cov_rur,2005,11.769
hun,sex_t,age_aggregate_y55_64,geo_cov_rur,2006,10.907
hun,sex_t,age_aggregate_y55_64,geo_cov_rur,2007,10.889
hun,sex_t,age_aggregate_y55_64,geo_cov_rur,2008,12.441
hun,sex_t,age_aggregate_y55_64,geo_cov_rur,2009,14.712
hun,sex_t,age_aggregate_y55_64,geo_cov_rur,2010,16.069
hun,sex_t,age_aggregate_y55_64,geo_cov_rur,2011,17.754
hun,sex_t,age_aggregate_y55_64,geo_cov_rur,2012,18.97
hun,sex_t,age_aggregate_y55_64,geo_cov_rur,2013,19.056
hun,sex_t,age_aggregate_y55_64,geo_cov_rur,2014,13.092
hun,sex_t,age_aggregate_y55_64,geo_cov_rur,2015,11.586
hun,sex_t,age_aggregate_y55_64,geo_cov_rur,2016,8.638
hun,sex_t,age_aggregate_y55_64,geo_cov_rur,2017,6.618
hun,sex_t,age_aggregate_y55_64,geo_cov_rur,2018,5.588
hun,sex_t,age_aggregate_y55_64,geo_cov_rur,2019,5.602
hun,sex_t,age_aggregate_y55_64,geo_cov_rur,2020,6.949
hun,sex_t,age_aggregate_y55_64,geo_cov_rur,2021,6.533
hun,sex_t,age_aggregate_y55_64,geo_cov_rur,2022,6.418
hun,sex_t,age_aggregate_y55_64,geo_cov_rur,2023,6.012
hun,sex_t,age_aggregate_y55_64,geo_cov_rur,2024,6.648
hun,sex_t,age_aggregate_y55_64,geo_cov_urb,2001,6.198
hun,sex_t,age_aggregate_y55_64,geo_cov_urb,2002,6.418
hun,sex_t,age_aggregate_y55_64,geo_cov_urb,2003,5.963
hun,sex_t,age_aggregate_y55_64,geo_cov_urb,2004,6.926
hun,sex_t,age_aggregate_y55_64,geo_cov_urb,2005,6.936
hun,sex_t,age_aggregate_y55_64,geo_cov_urb,2006,6.768
hun,sex_t,age_aggregate_y55_64,geo_cov_urb,2007,7.046
hun,sex_t,age_aggregate_y55_64,geo_cov_urb,2008,8.42
hun,sex_t,age_aggregate_y55_64,geo_cov_urb,2009,9.927
hun,sex_t,age_aggregate_y55_64,geo_cov_urb,2010,12.167
hun,sex_t,age_aggregate_y55_64,geo_cov_urb,2011,13.584
hun,sex_t,age_aggregate_y55_64,geo_cov_urb,2012,13.008
hun,sex_t,age_aggregate_y55_64,geo_cov_urb,2013,12.296
hun,sex_t,age_aggregate_y55_64,geo_cov_urb,2014,11.115
hun,sex_t,age_aggregate_y55_64,geo_cov_urb,2015,9.395
hun,sex_t,age_aggregate_y55_64,geo_cov_urb,2016,7.264
hun,sex_t,age_aggregate_y55_64,geo_cov_urb,2017,6.487
hun,sex_t,age_aggregate_y55_64,geo_cov_urb,2018,5.078
hun,sex_t,age_aggregate_y55_64,geo_cov_urb,2019,4.367
hun,sex_t,age_aggregate_y55_64,geo_cov_urb,2020,4.928
hun,sex_t,age_aggregate_y55_64,geo_cov_urb,2021,4.881
hun,sex_t,age_aggregate_y55_64,geo_cov_urb,2022,4.421
hun,sex_t,age_aggregate_y55_64,geo_cov_urb,2023,3.862
hun,sex_t,age_aggregate_y55_64,geo_cov_urb,2024,4.21
hun,sex_t,age_aggregate_yge65,geo_cov_nat,2001,19.112
hun,sex_t,age_aggregate_yge65,geo_cov_nat,2002,17.972
hun,sex_t,age_aggregate_yge65,geo_cov_nat,2003,15.317
hun,sex_t,age_aggregate_yge65,geo_cov_nat,2004,16.714
hun,sex_t,age_aggregate_yge65,geo_cov_nat,2005,12.142
hun,sex_t,age_aggregate_yge65,geo_cov_nat,2006,9.972
hun,sex_t,age_aggregate_yge65,geo_cov_nat,2007,7.985
hun,sex_t,age_aggregate_yge65,geo_cov_nat,2008,7.846
hun,sex_t,age_aggregate_yge65,geo_cov_nat,2009,8.953
hun,sex_t,age_aggregate_yge65,geo_cov_nat,2010,8.148
hun,sex_t,age_aggregate_yge65,geo_cov_nat,2011,9.076
hun,sex_t,age_aggregate_yge65,geo_cov_nat,2012,11.44
hun,sex_t,age_aggregate_yge65,geo_cov_nat,2013,18.388
hun,sex_t,age_aggregate_yge65,geo_cov_nat,2014,15.395
hun,sex_t,age_aggregate_yge65,geo_cov_nat,2015,14.657
hun,sex_t,age_aggregate_yge65,geo_cov_nat,2016,9.585
hun,sex_t,age_aggregate_yge65,geo_cov_nat,2017,10.037
hun,sex_t,age_aggregate_yge65,geo_cov_nat,2018,10.07
hun,sex_t,age_aggregate_yge65,geo_cov_nat,2019,7.187
hun,sex_t,age_aggregate_yge65,geo_cov_nat,2020,8.414
hun,sex_t,age_aggregate_yge65,geo_cov_nat,2021,6.864
hun,sex_t,age_aggregate_yge65,geo_cov_nat,2022,4.146
hun,sex_t,age_aggregate_yge65,geo_cov_nat,2023,4.57
hun,sex_t,age_aggregate_yge65,geo_cov_nat,2024,3.955
hun,sex_t,age_aggregate_yge65,geo_cov_rur,2001,17.955
hun,sex_t,age_aggregate_yge65,geo_cov_rur,2002,21.523
hun,sex_t,age_aggregate_yge65,geo_cov_rur,2003,29.396
hun,sex_t,age_aggregate_yge65,geo_cov_rur,2004,26.739
hun,sex_t,age_aggregate_yge65,geo_cov_rur,2005,15.824
hun,sex_t,age_aggregate_yge65,geo_cov_rur,2006,8.727
hun,sex_t,age_aggregate_yge65,geo_cov_rur,2007,5.894
hun,sex_t,age_aggregate_yge65,geo_cov_rur,2008,7.787
hun,sex_t,age_aggregate_yge65,geo_cov_rur,2009,11.928
hun,sex_t,age_aggregate_yge65,geo_cov_rur,2010,9.501
hun,sex_t,age_aggregate_yge65,geo_cov_rur,2011,10.626
hun,sex_t,age_aggregate_yge65,geo_cov_rur,2012,13.532
hun,sex_t,age_aggregate_yge65,geo_cov_rur,2013,22.758
hun,sex_t,age_aggregate_yge65,geo_cov_rur,2014,12.155
hun,sex_t,age_aggregate_yge65,geo_cov_rur,2015,11.843
hun,sex_t,age_aggregate_yge65,geo_cov_rur,2016,10.111
hun,sex_t,age_aggregate_yge65,geo_cov_rur,2017,8.694
hun,sex_t,age_aggregate_yge65,geo_cov_rur,2018,9.339
hun,sex_t,age_aggregate_yge65,geo_cov_rur,2019,8.692
hun,sex_t,age_aggregate_yge65,geo_cov_rur,2020,9.638
hun,sex_t,age_aggregate_yge65,geo_cov_rur,2021,6.269
hun,sex_t,age_aggregate_yge65,geo_cov_rur,2022,6.52
hun,sex_t,age_aggregate_yge65,geo_cov_rur,2023,5.5
hun,sex_t,age_aggregate_yge65,geo_cov_rur,2024,6.255
hun,sex_t,age_aggregate_yge65,geo_cov_urb,2001,19.632
hun,sex_t,age_aggregate_yge65,geo_cov_urb,2002,16.705
hun,sex_t,age_aggregate_yge65,geo_cov_urb,2003,10.825
hun,sex_t,age_aggregate_yge65,geo_cov_urb,2004,12.971
hun,sex_t,age_aggregate_yge65,geo_cov_urb,2005,11.118
hun,sex_t,age_aggregate_yge65,geo_cov_urb,2006,10.349
hun,sex_t,age_aggregate_yge65,geo_cov_urb,2007,8.488
hun,sex_t,age_aggregate_yge65,geo_cov_urb,2008,7.861
hun,sex_t,age_aggregate_yge65,geo_cov_urb,2009,7.986
hun,sex_t,age_aggregate_yge65,geo_cov_urb,2010,7.701
hun,sex_t,age_aggregate_yge65,geo_cov_urb,2011,8.615
hun,sex_t,age_aggregate_yge65,geo_cov_urb,2012,11.026
hun,sex_t,age_aggregate_yge65,geo_cov_urb,2013,17.508
hun,sex_t,age_aggregate_yge65,geo_cov_urb,2014,16.091
hun,sex_t,age_aggregate_yge65,geo_cov_urb,2015,15.234
hun,sex_t,age_aggregate_yge65,geo_cov_urb,2016,9.443
hun,sex_t,age_aggregate_yge65,geo_cov_urb,2017,10.443
hun,sex_t,age_aggregate_yge65,geo_cov_urb,2018,10.243
hun,sex_t,age_aggregate_yge65,geo_cov_urb,2019,6.885
hun,sex_t,age_aggregate_yge65,geo_cov_urb,2020,8.086
hun,sex_t,age_aggregate_yge65,geo_cov_urb,2021,7.013
hun,sex_t,age_aggregate_yge65,geo_cov_urb,2022,3.597
hun,sex_t,age_aggregate_yge65,geo_cov_urb,2023,4.384
hun,sex_t,age_aggregate_yge65,geo_cov_urb,2024,3.487
hun,sex_t,age_ythadult_y15_24,geo_cov_nat,2001,17.174
hun,sex_t,age_ythadult_y15_24,geo_cov_nat,2002,18.457
hun,sex_t,age_ythadult_y15_24,geo_cov_nat,2003,19.167
hun,sex_t,age_ythadult_y15_24,geo_cov_nat,2004,21.965
hun,sex_t,age_ythadult_y15_24,geo_cov_nat,2005,26.261
hun,sex_t,age_ythadult_y15_24,geo_cov_nat,2006,25.411
hun,sex_t,age_ythadult_y15_24,geo_cov_nat,2007,23.908
hun,sex_t,age_ythadult_y15_24,geo_cov_nat,2008,25.008
hun,sex_t,age_ythadult_y15_24,geo_cov_nat,2009,32.922
hun,sex_t,age_ythadult_y15_24,geo_cov_nat,2010,32.148
hun,sex_t,age_ythadult_y15_24,geo_cov_nat,2011,32.978
hun,sex_t,age_ythadult_y15_24,geo_cov_nat,2012,34.898
hun,sex_t,age_ythadult_y15_24,geo_cov_nat,2013,33.946
hun,sex_t,age_ythadult_y15_24,geo_cov_nat,2014,26.45
hun,sex_t,age_ythadult_y15_24,geo_cov_nat,2015,22.322
hun,sex_t,age_ythadult_y15_24,geo_cov_nat,2016,18.283
hun,sex_t,age_ythadult_y15_24,geo_cov_nat,2017,16.222
hun,sex_t,age_ythadult_y15_24,geo_cov_nat,2018,14.466
hun,sex_t,age_ythadult_y15_24,geo_cov_nat,2019,16.935
hun,sex_t,age_ythadult_y15_24,geo_cov_nat,2020,19.231
hun,sex_t,age_ythadult_y15_24,geo_cov_nat,2021,19.142
hun,sex_t,age_ythadult_y15_24,geo_cov_nat,2022,15.377
hun,sex_t,age_ythadult_y15_24,geo_cov_nat,2023,16.235
hun,sex_t,age_ythadult_y15_24,geo_cov_nat,2024,18.554
hun,sex_t,age_ythadult_y15_24,geo_cov_rur,2001,20.599
hun,sex_t,age_ythadult_y15_24,geo_cov_rur,2002,23.868
hun,sex_t,age_ythadult_y15_24,geo_cov_rur,2003,22.013
hun,sex_t,age_ythadult_y15_24,geo_cov_rur,2004,26.248
hun,sex_t,age_ythadult_y15_24,geo_cov_rur,2005,30.674
hun,sex_t,age_ythadult_y15_24,geo_cov_rur,2006,30.086
hun,sex_t,age_ythadult_y15_24,geo_cov_rur,2007,27.706
hun,sex_t,age_ythadult_y15_24,geo_cov_rur,2008,29.482
hun,sex_t,age_ythadult_y15_24,geo_cov_rur,2009,38.245
hun,sex_t,age_ythadult_y15_24,geo_cov_rur,2010,34.64
hun,sex_t,age_ythadult_y15_24,geo_cov_rur,2011,36.293
hun,sex_t,age_ythadult_y15_24,geo_cov_rur,2012,38.025
hun,sex_t,age_ythadult_y15_24,geo_cov_rur,2013,38.595
hun,sex_t,age_ythadult_y15_24,geo_cov_rur,2014,29.402
hun,sex_t,age_ythadult_y15_24,geo_cov_rur,2015,24.839
hun,sex_t,age_ythadult_y15_24,geo_cov_rur,2016,21.692
hun,sex_t,age_ythadult_y15_24,geo_cov_rur,2017,19.886
hun,sex_t,age_ythadult_y15_24,geo_cov_rur,2018,17.387
hun,sex_t,age_ythadult_y15_24,geo_cov_rur,2019,18.515
hun,sex_t,age_ythadult_y15_24,geo_cov_rur,2020,21.192
hun,sex_t,age_ythadult_y15_24,geo_cov_rur,2021,21.734
hun,sex_t,age_ythadult_y15_24,geo_cov_rur,2022,19.033
hun,sex_t,age_ythadult_y15_24,geo_cov_rur,2023,18.666
hun,sex_t,age_ythadult_y15_24,geo_cov_rur,2024,22.63
hun,sex_t,age_ythadult_y15_24,geo_cov_urb,2001,13.911
hun,sex_t,age_ythadult_y15_24,geo_cov_urb,2002,13.251
hun,sex_t,age_ythadult_y15_24,geo_cov_urb,2003,16.576
hun,sex_t,age_ythadult_y15_24,geo_cov_urb,2004,17.915
hun,sex_t,age_ythadult_y15_24,geo_cov_urb,2005,21.905
hun,sex_t,age_ythadult_y15_24,geo_cov_urb,2006,20.667
hun,sex_t,age_ythadult_y15_24,geo_cov_urb,2007,19.593
hun,sex_t,age_ythadult_y15_24,geo_cov_urb,2008,20.437
hun,sex_t,age_ythadult_y15_24,geo_cov_urb,2009,27.422
hun,sex_t,age_ythadult_y15_24,geo_cov_urb,2010,29.505
hun,sex_t,age_ythadult_y15_24,geo_cov_urb,2011,29.496
hun,sex_t,age_ythadult_y15_24,geo_cov_urb,2012,32.516
hun,sex_t,age_ythadult_y15_24,geo_cov_urb,2013,30.574
hun,sex_t,age_ythadult_y15_24,geo_cov_urb,2014,24.064
hun,sex_t,age_ythadult_y15_24,geo_cov_urb,2015,20.203
hun,sex_t,age_ythadult_y15_24,geo_cov_urb,2016,15.647
hun,sex_t,age_ythadult_y15_24,geo_cov_urb,2017,13.903
hun,sex_t,age_ythadult_y15_24,geo_cov_urb,2018,12.553
hun,sex_t,age_ythadult_y15_24,geo_cov_urb,2019,15.883
hun,sex_t,age_ythadult_y15_24,geo_cov_urb,2020,18.03
hun,sex_t,age_ythadult_y15_24,geo_cov_urb,2021,17.467
hun,sex_t,age_ythadult_y15_24,geo_cov_urb,2022,12.994
hun,sex_t,age_ythadult_y15_24,geo_cov_urb,2023,14.631
hun,sex_t,age_ythadult_y15_24,geo_cov_urb,2024,16.012
hun,sex_t,age_ythadult_y15_64,geo_cov_nat,2001,9.722
hun,sex_t,age_ythadult_y15_64,geo_cov_nat,2002,9.911
hun,sex_t,age_ythadult_y15_64,geo_cov_nat,2003,9.821
hun,sex_t,age_ythadult_y15_64,geo_cov_nat,2004,10.19
hun,sex_t,age_ythadult_y15_64,geo_cov_nat,2005,11.279
hun,sex_t,age_ythadult_y15_64,geo_cov_nat,2006,11.229
hun,sex_t,age_ythadult_y15_64,geo_cov_nat,2007,10.976
hun,sex_t,age_ythadult_y15_64,geo_cov_nat,2008,11.635
hun,sex_t,age_ythadult_y15_64,geo_cov_nat,2009,14.243
hun,sex_t,age_ythadult_y15_64,geo_cov_nat,2010,15.419
hun,sex_t,age_ythadult_y15_64,geo_cov_nat,2011,15.629
hun,sex_t,age_ythadult_y15_64,geo_cov_nat,2012,15.563
hun,sex_t,age_ythadult_y15_64,geo_cov_nat,2013,14.694
hun,sex_t,age_ythadult_y15_64,geo_cov_nat,2014,11.327
hun,sex_t,age_ythadult_y15_64,geo_cov_nat,2015,9.766
hun,sex_t,age_ythadult_y15_64,geo_cov_nat,2016,7.759
hun,sex_t,age_ythadult_y15_64,geo_cov_nat,2017,6.652
hun,sex_t,age_ythadult_y15_64,geo_cov_nat,2018,5.81
hun,sex_t,age_ythadult_y15_64,geo_cov_nat,2019,5.56
hun,sex_t,age_ythadult_y15_64,geo_cov_nat,2020,7.098
hun,sex_t,age_ythadult_y15_64,geo_cov_nat,2021,6.257
hun,sex_t,age_ythadult_y15_64,geo_cov_nat,2022,5.301
hun,sex_t,age_ythadult_y15_64,geo_cov_nat,2023,5.476
hun,sex_t,age_ythadult_y15_64,geo_cov_nat,2024,5.771
hun,sex_t,age_ythadult_y15_64,geo_cov_rur,2001,12.622
hun,sex_t,age_ythadult_y15_64,geo_cov_rur,2002,13.435
hun,sex_t,age_ythadult_y15_64,geo_cov_rur,2003,12.917
hun,sex_t,age_ythadult_y15_64,geo_cov_rur,2004,13.409
hun,sex_t,age_ythadult_y15_64,geo_cov_rur,2005,14.817
hun,sex_t,age_ythadult_y15_64,geo_cov_rur,2006,15.103
hun,sex_t,age_ythadult_y15_64,geo_cov_rur,2007,14.544
hun,sex_t,age_ythadult_y15_64,geo_cov_rur,2008,15.563
hun,sex_t,age_ythadult_y15_64,geo_cov_rur,2009,18.241
hun,sex_t,age_ythadult_y15_64,geo_cov_rur,2010,18.617
hun,sex_t,age_ythadult_y15_64,geo_cov_rur,2011,19.114
hun,sex_t,age_ythadult_y15_64,geo_cov_rur,2012,19.932
hun,sex_t,age_ythadult_y15_64,geo_cov_rur,2013,19.105
hun,sex_t,age_ythadult_y15_64,geo_cov_rur,2014,14.716
hun,sex_t,age_ythadult_y15_64,geo_cov_rur,2015,12.376
hun,sex_t,age_ythadult_y15_64,geo_cov_rur,2016,10.182
hun,sex_t,age_ythadult_y15_64,geo_cov_rur,2017,8.665
hun,sex_t,age_ythadult_y15_64,geo_cov_rur,2018,7.463
hun,sex_t,age_ythadult_y15_64,geo_cov_rur,2019,7.404
hun,sex_t,age_ythadult_y15_64,geo_cov_rur,2020,9.151
hun,sex_t,age_ythadult_y15_64,geo_cov_rur,2021,8.577
hun,sex_t,age_ythadult_y15_64,geo_cov_rur,2022,7.583
hun,sex_t,age_ythadult_y15_64,geo_cov_rur,2023,7.323
hun,sex_t,age_ythadult_y15_64,geo_cov_rur,2024,7.796
hun,sex_t,age_ythadult_y15_64,geo_cov_urb,2001,7.385
hun,sex_t,age_ythadult_y15_64,geo_cov_urb,2002,7.041
hun,sex_t,age_ythadult_y15_64,geo_cov_urb,2003,7.535
hun,sex_t,age_ythadult_y15_64,geo_cov_urb,2004,7.846
hun,sex_t,age_ythadult_y15_64,geo_cov_urb,2005,8.725
hun,sex_t,age_ythadult_y15_64,geo_cov_urb,2006,8.354
hun,sex_t,age_ythadult_y15_64,geo_cov_urb,2007,8.178
hun,sex_t,age_ythadult_y15_64,geo_cov_urb,2008,8.624
hun,sex_t,age_ythadult_y15_64,geo_cov_urb,2009,11.202
hun,sex_t,age_ythadult_y15_64,geo_cov_urb,2010,12.935
hun,sex_t,age_ythadult_y15_64,geo_cov_urb,2011,12.941
hun,sex_t,age_ythadult_y15_64,geo_cov_urb,2012,13.252
hun,sex_t,age_ythadult_y15_64,geo_cov_urb,2013,12.369
hun,sex_t,age_ythadult_y15_64,geo_cov_urb,2014,9.534
hun,sex_t,age_ythadult_y15_64,geo_cov_urb,2015,8.355
hun,sex_t,age_ythadult_y15_64,geo_cov_urb,2016,6.426
hun,sex_t,age_ythadult_y15_64,geo_cov_urb,2017,5.677
hun,sex_t,age_ythadult_y15_64,geo_cov_urb,2018,5.031
hun,sex_t,age_ythadult_y15_64,geo_cov_urb,2019,4.702
hun,sex_t,age_ythadult_y15_64,geo_cov_urb,2020,6.159
hun,sex_t,age_ythadult_y15_64,geo_cov_urb,2021,5.218
hun,sex_t,age_ythadult_y15_64,geo_cov_urb,2022,4.25
hun,sex_t,age_ythadult_y15_64,geo_cov_urb,2023,4.624
hun,sex_t,age_ythadult_y15_64,geo_cov_urb,2024,4.837
hun,sex_t,age_ythadult_yge15,geo_cov_nat,2001,9.77
hun,sex_t,age_ythadult_yge15,geo_cov_nat,2002,9.958
hun,sex_t,age_ythadult_yge15,geo_cov_nat,2003,9.857
hun,sex_t,age_ythadult_yge15,geo_cov_nat,2004,10.235
hun,sex_t,age_ythadult_yge15,geo_cov_nat,2005,11.284
hun,sex_t,age_ythadult_yge15,geo_cov_nat,2006,11.221
hun,sex_t,age_ythadult_yge15,geo_cov_nat,2007,10.954
hun,sex_t,age_ythadult_yge15,geo_cov_nat,2008,11.606
hun,sex_t,age_ythadult_yge15,geo_cov_nat,2009,14.203
hun,sex_t,age_ythadult_yge15,geo_cov_nat,2010,15.364
hun,sex_t,age_ythadult_yge15,geo_cov_nat,2011,15.573
hun,sex_t,age_ythadult_yge15,geo_cov_nat,2012,15.528
hun,sex_t,age_ythadult_yge15,geo_cov_nat,2013,14.727
hun,sex_t,age_ythadult_yge15,geo_cov_nat,2014,11.359
hun,sex_t,age_ythadult_yge15,geo_cov_nat,2015,9.809
hun,sex_t,age_ythadult_yge15,geo_cov_nat,2016,7.777
hun,sex_t,age_ythadult_yge15,geo_cov_nat,2017,6.69
hun,sex_t,age_ythadult_yge15,geo_cov_nat,2018,5.867
hun,sex_t,age_ythadult_yge15,geo_cov_nat,2019,5.588
hun,sex_t,age_ythadult_yge15,geo_cov_nat,2020,7.123
hun,sex_t,age_ythadult_yge15,geo_cov_nat,2021,6.271
hun,sex_t,age_ythadult_yge15,geo_cov_nat,2022,5.271
hun,sex_t,age_ythadult_yge15,geo_cov_nat,2023,5.45
hun,sex_t,age_ythadult_yge15,geo_cov_nat,2024,5.718
hun,sex_t,age_ythadult_yge15,geo_cov_rur,2001,12.642
hun,sex_t,age_ythadult_yge15,geo_cov_rur,2002,13.462
hun,sex_t,age_ythadult_yge15,geo_cov_rur,2003,12.98
hun,sex_t,age_ythadult_yge15,geo_cov_rur,2004,13.469
hun,sex_t,age_ythadult_yge15,geo_cov_rur,2005,14.82
hun,sex_t,age_ythadult_yge15,geo_cov_rur,2006,15.082
hun,sex_t,age_ythadult_yge15,geo_cov_rur,2007,14.516
hun,sex_t,age_ythadult_yge15,geo_cov_rur,2008,15.535
hun,sex_t,age_ythadult_yge15,geo_cov_rur,2009,18.213
hun,sex_t,age_ythadult_yge15,geo_cov_rur,2010,18.577
hun,sex_t,age_ythadult_yge15,geo_cov_rur,2011,19.075
hun,sex_t,age_ythadult_yge15,geo_cov_rur,2012,19.905
hun,sex_t,age_ythadult_yge15,geo_cov_rur,2013,19.12
hun,sex_t,age_ythadult_yge15,geo_cov_rur,2014,14.706
hun,sex_t,age_ythadult_yge15,geo_cov_rur,2015,12.373
hun,sex_t,age_ythadult_yge15,geo_cov_rur,2016,10.181
hun,sex_t,age_ythadult_yge15,geo_cov_rur,2017,8.665
hun,sex_t,age_ythadult_yge15,geo_cov_rur,2018,7.478
hun,sex_t,age_ythadult_yge15,geo_cov_rur,2019,7.415
hun,sex_t,age_ythadult_yge15,geo_cov_rur,2020,9.157
hun,sex_t,age_ythadult_yge15,geo_cov_rur,2021,8.542
hun,sex_t,age_ythadult_yge15,geo_cov_rur,2022,7.566
hun,sex_t,age_ythadult_yge15,geo_cov_rur,2023,7.296
hun,sex_t,age_ythadult_yge15,geo_cov_rur,2024,7.771
hun,sex_t,age_ythadult_yge15,geo_cov_urb,2001,7.464
hun,sex_t,age_ythadult_yge15,geo_cov_urb,2002,7.116
hun,sex_t,age_ythadult_yge15,geo_cov_urb,2003,7.564
hun,sex_t,age_ythadult_yge15,geo_cov_urb,2004,7.89
hun,sex_t,age_ythadult_yge15,geo_cov_urb,2005,8.744
hun,sex_t,age_ythadult_yge15,geo_cov_urb,2006,8.37
hun,sex_t,age_ythadult_yge15,geo_cov_urb,2007,8.181
hun,sex_t,age_ythadult_yge15,geo_cov_urb,2008,8.616
hun,sex_t,age_ythadult_yge15,geo_cov_urb,2009,11.169
hun,sex_t,age_ythadult_yge15,geo_cov_urb,2010,12.882
hun,sex_t,age_ythadult_yge15,geo_cov_urb,2011,12.891
hun,sex_t,age_ythadult_yge15,geo_cov_urb,2012,13.228
hun,sex_t,age_ythadult_yge15,geo_cov_urb,2013,12.427
hun,sex_t,age_ythadult_yge15,geo_cov_urb,2014,9.599
hun,sex_t,age_ythadult_yge15,geo_cov_urb,2015,8.432
hun,sex_t,age_ythadult_yge15,geo_cov_urb,2016,6.463
hun,sex_t,age_ythadult_yge15,geo_cov_urb,2017,5.738
hun,sex_t,age_ythadult_yge15,geo_cov_urb,2018,5.115
hun,sex_t,age_ythadult_yge15,geo_cov_urb,2019,4.747
hun,sex_t,age_ythadult_yge15,geo_cov_urb,2020,6.201
hun,sex_t,age_ythadult_yge15,geo_cov_urb,2021,5.266
hun,sex_t,age_ythadult_yge15,geo_cov_urb,2022,4.23
hun,sex_t,age_ythadult_yge15,geo_cov_urb,2023,4.616
hun,sex_t,age_ythadult_yge15,geo_cov_urb,2024,4.79
hun,sex_t,age_ythadult_yge25,geo_cov_nat,2001,8.742
hun,sex_t,age_ythadult_yge25,geo_cov_nat,2002,8.879
hun,sex_t,age_ythadult_yge25,geo_cov_nat,2003,8.809
hun,sex_t,age_ythadult_yge25,geo_cov_nat,2004,9.083
hun,sex_t,age_ythadult_yge25,geo_cov_nat,2005,9.883
hun,sex_t,age_ythadult_yge25,geo_cov_nat,2006,9.953
hun,sex_t,age_ythadult_yge25,geo_cov_nat,2007,9.853
hun,sex_t,age_ythadult_yge25,geo_cov_nat,2008,10.507
hun,sex_t,age_ythadult_yge25,geo_cov_nat,2009,12.688
hun,sex_t,age_ythadult_yge25,geo_cov_nat,2010,14.045
hun,sex_t,age_ythadult_yge25,geo_cov_nat,2011,14.241
hun,sex_t,age_ythadult_yge25,geo_cov_nat,2012,14.001
hun,sex_t,age_ythadult_yge25,geo_cov_nat,2013,13.133
hun,sex_t,age_ythadult_yge25,geo_cov_nat,2014,10.09
hun,sex_t,age_ythadult_yge25,geo_cov_nat,2015,8.754
hun,sex_t,age_ythadult_yge25,geo_cov_nat,2016,6.887
hun,sex_t,age_ythadult_yge25,geo_cov_nat,2017,5.904
hun,sex_t,age_ythadult_yge25,geo_cov_nat,2018,5.212
hun,sex_t,age_ythadult_yge25,geo_cov_nat,2019,4.743
hun,sex_t,age_ythadult_yge25,geo_cov_nat,2020,6.262
hun,sex_t,age_ythadult_yge25,geo_cov_nat,2021,5.402
hun,sex_t,age_ythadult_yge25,geo_cov_nat,2022,4.61
hun,sex_t,age_ythadult_yge25,geo_cov_nat,2023,4.716
hun,sex_t,age_ythadult_yge25,geo_cov_nat,2024,4.83
hun,sex_t,age_ythadult_yge25,geo_cov_rur,2001,11.415
hun,sex_t,age_ythadult_yge25,geo_cov_rur,2002,11.998
hun,sex_t,age_ythadult_yge25,geo_cov_rur,2003,11.819
hun,sex_t,age_ythadult_yge25,geo_cov_rur,2004,11.995
hun,sex_t,age_ythadult_yge25,geo_cov_rur,2005,13.026
hun,sex_t,age_ythadult_yge25,geo_cov_rur,2006,13.465
hun,sex_t,age_ythadult_yge25,geo_cov_rur,2007,13.129
hun,sex_t,age_ythadult_yge25,geo_cov_rur,2008,14.179
hun,sex_t,age_ythadult_yge25,geo_cov_rur,2009,16.272
hun,sex_t,age_ythadult_yge25,geo_cov_rur,2010,17.064
hun,sex_t,age_ythadult_yge25,geo_cov_rur,2011,17.497
hun,sex_t,age_ythadult_yge25,geo_cov_rur,2012,18.075
hun,sex_t,age_ythadult_yge25,geo_cov_rur,2013,17.108
hun,sex_t,age_ythadult_yge25,geo_cov_rur,2014,13.062
hun,sex_t,age_ythadult_yge25,geo_cov_rur,2015,10.963
hun,sex_t,age_ythadult_yge25,geo_cov_rur,2016,8.954
hun,sex_t,age_ythadult_yge25,geo_cov_rur,2017,7.545
hun,sex_t,age_ythadult_yge25,geo_cov_rur,2018,6.521
hun,sex_t,age_ythadult_yge25,geo_cov_rur,2019,6.345
hun,sex_t,age_ythadult_yge25,geo_cov_rur,2020,8.098
hun,sex_t,age_ythadult_yge25,geo_cov_rur,2021,7.381
hun,sex_t,age_ythadult_yge25,geo_cov_rur,2022,6.6
hun,sex_t,age_ythadult_yge25,geo_cov_rur,2023,6.288
hun,sex_t,age_ythadult_yge25,geo_cov_rur,2024,6.482
hun,sex_t,age_ythadult_yge25,geo_cov_urb,2001,6.645
hun,sex_t,age_ythadult_yge25,geo_cov_urb,2002,6.404
hun,sex_t,age_ythadult_yge25,geo_cov_urb,2003,6.651
hun,sex_t,age_ythadult_yge25,geo_cov_urb,2004,7.027
hun,sex_t,age_ythadult_yge25,geo_cov_urb,2005,7.692
hun,sex_t,age_ythadult_yge25,geo_cov_urb,2006,7.434
hun,sex_t,age_ythadult_yge25,geo_cov_urb,2007,7.384
hun,sex_t,age_ythadult_yge25,geo_cov_urb,2008,7.78
hun,sex_t,age_ythadult_yge25,geo_cov_urb,2009,10.045
hun,sex_t,age_ythadult_yge25,geo_cov_urb,2010,11.771
hun,sex_t,age_ythadult_yge25,geo_cov_urb,2011,11.808
hun,sex_t,age_ythadult_yge25,geo_cov_urb,2012,11.926
hun,sex_t,age_ythadult_yge25,geo_cov_urb,2013,11.11
hun,sex_t,age_ythadult_yge25,geo_cov_urb,2014,8.586
hun,sex_t,age_ythadult_yge25,geo_cov_urb,2015,7.616
hun,sex_t,age_ythadult_yge25,geo_cov_urb,2016,5.791
hun,sex_t,age_ythadult_yge25,geo_cov_urb,2017,5.131
hun,sex_t,age_ythadult_yge25,geo_cov_urb,2018,4.617
hun,sex_t,age_ythadult_yge25,geo_cov_urb,2019,4.027
hun,sex_t,age_ythadult_yge25,geo_cov_urb,2020,5.448
hun,sex_t,age_ythadult_yge25,geo_cov_urb,2021,4.549
hun,sex_t,age_ythadult_yge25,geo_cov_urb,2022,3.729
hun,sex_t,age_ythadult_yge25,geo_cov_urb,2023,4.024
hun,sex_t,age_ythadult_yge25,geo_cov_urb,2024,4.1
idn,sex_f,age_aggregate_total,geo_cov_nat,2015,15.3
idn,sex_f,age_aggregate_total,geo_cov_nat,2016,15.059
idn,sex_f,age_aggregate_total,geo_cov_nat,2017,13.474
idn,sex_f,age_aggregate_total,geo_cov_nat,2018,13.632
idn,sex_f,age_aggregate_total,geo_cov_nat,2019,9.775
idn,sex_f,age_aggregate_total,geo_cov_nat,2020,11.688
idn,sex_f,age_aggregate_total,geo_cov_nat,2021,12.113
idn,sex_f,age_aggregate_total,geo_cov_nat,2023,9.56
idn,sex_f,age_aggregate_total,geo_cov_rur,2015,14.803
idn,sex_f,age_aggregate_total,geo_cov_rur,2016,15.252
idn,sex_f,age_aggregate_total,geo_cov_rur,2017,12.684
idn,sex_f,age_aggregate_total,geo_cov_rur,2018,12.988
idn,sex_f,age_aggregate_total,geo_cov_rur,2019,9.17
idn,sex_f,age_aggregate_total,geo_cov_rur,2020,10.237
idn,sex_f,age_aggregate_total,geo_cov_rur,2021,10.36
idn,sex_f,age_aggregate_total,geo_cov_rur,2023,8.658
idn,sex_f,age_aggregate_total,geo_cov_urb,2015,15.742
idn,sex_f,age_aggregate_total,geo_cov_urb,2016,14.882
idn,sex_f,age_aggregate_total,geo_cov_urb,2017,14.18
idn,sex_f,age_aggregate_total,geo_cov_urb,2018,14.195
idn,sex_f,age_aggregate_total,geo_cov_urb,2019,10.287
idn,sex_f,age_aggregate_total,geo_cov_urb,2020,12.884
idn,sex_f,age_aggregate_total,geo_cov_urb,2021,13.532
idn,sex_f,age_aggregate_total,geo_cov_urb,2023,10.281
idn,sex_f,age_aggregate_y15_24,geo_cov_nat,2015,32.663
idn,sex_f,age_aggregate_y15_24,geo_cov_nat,2016,32.955
idn,sex_f,age_aggregate_y15_24,geo_cov_nat,2017,29.942
idn,sex_f,age_aggregate_y15_24,geo_cov_nat,2018,29.946
idn,sex_f,age_aggregate_y15_24,geo_cov_nat,2019,23.767
idn,sex_f,age_aggregate_y15_24,geo_cov_nat,2020,27.526
idn,sex_f,age_aggregate_y15_24,geo_cov_nat,2021,27.524
idn,sex_f,age_aggregate_y15_24,geo_cov_nat,2023,24.96
idn,sex_f,age_aggregate_y15_24,geo_cov_rur,2015,36.072
idn,sex_f,age_aggregate_y15_24,geo_cov_rur,2016,37.887
idn,sex_f,age_aggregate_y15_24,geo_cov_rur,2017,32.685
idn,sex_f,age_aggregate_y15_24,geo_cov_rur,2018,31.807
idn,sex_f,age_aggregate_y15_24,geo_cov_rur,2019,25.751
idn,sex_f,age_aggregate_y15_24,geo_cov_rur,2020,27.629
idn,sex_f,age_aggregate_y15_24,geo_cov_rur,2021,28.282
idn,sex_f,age_aggregate_y15_24,geo_cov_rur,2023,25.271
idn,sex_f,age_aggregate_y15_24,geo_cov_urb,2015,30.119
idn,sex_f,age_aggregate_y15_24,geo_cov_urb,2016,29.005
idn,sex_f,age_aggregate_y15_24,geo_cov_urb,2017,27.921
idn,sex_f,age_aggregate_y15_24,geo_cov_urb,2018,28.594
idn,sex_f,age_aggregate_y15_24,geo_cov_urb,2019,22.405
idn,sex_f,age_aggregate_y15_24,geo_cov_urb,2020,27.457
idn,sex_f,age_aggregate_y15_24,geo_cov_urb,2021,27.017
idn,sex_f,age_aggregate_y15_24,geo_cov_urb,2023,24.732
idn,sex_f,age_aggregate_y25_54,geo_cov_nat,2015,13.001
idn,sex_f,age_aggregate_y25_54,geo_cov_nat,2016,12.619
idn,sex_f,age_aggregate_y25_54,geo_cov_nat,2017,11.511
idn,sex_f,age_aggregate_y25_54,geo_cov_nat,2018,10.467
idn,sex_f,age_aggregate_y25_54,geo_cov_nat,2019,7.943
idn,sex_f,age_aggregate_y25_54,geo_cov_nat,2020,9.768
idn,sex_f,age_aggregate_y25_54,geo_cov_nat,2021,10.351
idn,sex_f,age_aggregate_y25_54,geo_cov_nat,2023,7.857
idn,sex_f,age_aggregate_y25_54,geo_cov_rur,2015,12.315
idn,sex_f,age_aggregate_y25_54,geo_cov_rur,2016,12.494
idn,sex_f,age_aggregate_y25_54,geo_cov_rur,2017,10.615
idn,sex_f,age_aggregate_y25_54,geo_cov_rur,2018,9.661
idn,sex_f,age_aggregate_y25_54,geo_cov_rur,2019,7.454
idn,sex_f,age_aggregate_y25_54,geo_cov_rur,2020,8.543
idn,sex_f,age_aggregate_y25_54,geo_cov_rur,2021,8.578
idn,sex_f,age_aggregate_y25_54,geo_cov_rur,2023,6.927
idn,sex_f,age_aggregate_y25_54,geo_cov_urb,2015,13.6
idn,sex_f,age_aggregate_y25_54,geo_cov_urb,2016,12.731
idn,sex_f,age_aggregate_y25_54,geo_cov_urb,2017,12.297
idn,sex_f,age_aggregate_y25_54,geo_cov_urb,2018,11.152
idn,sex_f,age_aggregate_y25_54,geo_cov_urb,2019,8.349
idn,sex_f,age_aggregate_y25_54,geo_cov_urb,2020,10.75
idn,sex_f,age_aggregate_y25_54,geo_cov_urb,2021,11.74
idn,sex_f,age_aggregate_y25_54,geo_cov_urb,2023,8.57
idn,sex_f,age_aggregate_y55_64,geo_cov_nat,2015,4.209
idn,sex_f,age_aggregate_y55_64,geo_cov_nat,2016,3.97
idn,sex_f,age_aggregate_y55_64,geo_cov_nat,2017,3.376
idn,sex_f,age_aggregate_y55_64,geo_cov_nat,2018,5.8
idn,sex_f,age_aggregate_y55_64,geo_cov_nat,2019,2.9
idn,sex_f,age_aggregate_y55_64,geo_cov_nat,2020,3.932
idn,sex_f,age_aggregate_y55_64,geo_cov_nat,2021,4.344
idn,sex_f,age_aggregate_y55_64,geo_cov_nat,2023,2.913
idn,sex_f,age_aggregate_y55_64,geo_cov_rur,2015,3.852
idn,sex_f,age_aggregate_y55_64,geo_cov_rur,2016,3.444
idn,sex_f,age_aggregate_y55_64,geo_cov_rur,2017,2.818
idn,sex_f,age_aggregate_y55_64,geo_cov_rur,2018,5.26
idn,sex_f,age_aggregate_y55_64,geo_cov_rur,2019,2.173
idn,sex_f,age_aggregate_y55_64,geo_cov_rur,2020,3.035
idn,sex_f,age_aggregate_y55_64,geo_cov_rur,2021,3.154
idn,sex_f,age_aggregate_y55_64,geo_cov_rur,2023,2.279
idn,sex_f,age_aggregate_y55_64,geo_cov_urb,2015,4.622
idn,sex_f,age_aggregate_y55_64,geo_cov_urb,2016,4.606
idn,sex_f,age_aggregate_y55_64,geo_cov_urb,2017,4.021
idn,sex_f,age_aggregate_y55_64,geo_cov_urb,2018,6.412
idn,sex_f,age_aggregate_y55_64,geo_cov_urb,2019,3.681
idn,sex_f,age_aggregate_y55_64,geo_cov_urb,2020,4.87
idn,sex_f,age_aggregate_y55_64,geo_cov_urb,2021,5.589
idn,sex_f,age_aggregate_y55_64,geo_cov_urb,2023,3.491
idn,sex_f,age_aggregate_yge65,geo_cov_nat,2015,1.824
idn,sex_f,age_aggregate_yge65,geo_cov_nat,2016,2.711
idn,sex_f,age_aggregate_yge65,geo_cov_nat,2017,2.07
idn,sex_f,age_aggregate_yge65,geo_cov_nat,2018,16.904
idn,sex_f,age_aggregate_yge65,geo_cov_nat,2019,2.133
idn,sex_f,age_aggregate_yge65,geo_cov_nat,2020,2.142
idn,sex_f,age_aggregate_yge65,geo_cov_nat,2021,2.638
idn,sex_f,age_aggregate_yge65,geo_cov_nat,2023,1.722
idn,sex_f,age_aggregate_yge65,geo_cov_rur,2015,1.67
idn,sex_f,age_aggregate_yge65,geo_cov_rur,2016,2.759
idn,sex_f,age_aggregate_yge65,geo_cov_rur,2017,1.704
idn,sex_f,age_aggregate_yge65,geo_cov_rur,2018,16.71
idn,sex_f,age_aggregate_yge65,geo_cov_rur,2019,1.324
idn,sex_f,age_aggregate_yge65,geo_cov_rur,2020,1.672
idn,sex_f,age_aggregate_yge65,geo_cov_rur,2021,1.827
idn,sex_f,age_aggregate_yge65,geo_cov_rur,2023,1.377
idn,sex_f,age_aggregate_yge65,geo_cov_urb,2015,2.039
idn,sex_f,age_aggregate_yge65,geo_cov_urb,2016,2.638
idn,sex_f,age_aggregate_yge65,geo_cov_urb,2017,2.575
idn,sex_f,age_aggregate_yge65,geo_cov_urb,2018,17.159
idn,sex_f,age_aggregate_yge65,geo_cov_urb,2019,3.131
idn,sex_f,age_aggregate_yge65,geo_cov_urb,2020,2.736
idn,sex_f,age_aggregate_yge65,geo_cov_urb,2021,3.635
idn,sex_f,age_aggregate_yge65,geo_cov_urb,2023,2.113
idn,sex_f,age_ythadult_y15_24,geo_cov_nat,2015,32.663
idn,sex_f,age_ythadult_y15_24,geo_cov_nat,2016,32.955
idn,sex_f,age_ythadult_y15_24,geo_cov_nat,2017,29.942
idn,sex_f,age_ythadult_y15_24,geo_cov_nat,2018,29.946
idn,sex_f,age_ythadult_y15_24,geo_cov_nat,2019,23.767
idn,sex_f,age_ythadult_y15_24,geo_cov_nat,2020,27.526
idn,sex_f,age_ythadult_y15_24,geo_cov_nat,2021,27.524
idn,sex_f,age_ythadult_y15_24,geo_cov_nat,2023,24.96
idn,sex_f,age_ythadult_y15_24,geo_cov_rur,2015,36.072
idn,sex_f,age_ythadult_y15_24,geo_cov_rur,2016,37.887
idn,sex_f,age_ythadult_y15_24,geo_cov_rur,2017,32.685
idn,sex_f,age_ythadult_y15_24,geo_cov_rur,2018,31.807
idn,sex_f,age_ythadult_y15_24,geo_cov_rur,2019,25.751
idn,sex_f,age_ythadult_y15_24,geo_cov_rur,2020,27.629
idn,sex_f,age_ythadult_y15_24,geo_cov_rur,2021,28.282
idn,sex_f,age_ythadult_y15_24,geo_cov_rur,2023,25.271
idn,sex_f,age_ythadult_y15_24,geo_cov_urb,2015,30.119
idn,sex_f,age_ythadult_y15_24,geo_cov_urb,2016,29.005
idn,sex_f,age_ythadult_y15_24,geo_cov_urb,2017,27.921
idn,sex_f,age_ythadult_y15_24,geo_cov_urb,2018,28.594
idn,sex_f,age_ythadult_y15_24,geo_cov_urb,2019,22.405
idn,sex_f,age_ythadult_y15_24,geo_cov_urb,2020,27.457
idn,sex_f,age_ythadult_y15_24,geo_cov_urb,2021,27.017
idn,sex_f,age_ythadult_y15_24,geo_cov_urb,2023,24.732
idn,sex_f,age_ythadult_y15_64,geo_cov_nat,2015,15.847
idn,sex_f,age_ythadult_y15_64,geo_cov_nat,2016,15.569
idn,sex_f,age_ythadult_y15_64,geo_cov_nat,2017,13.979
idn,sex_f,age_ythadult_y15_64,geo_cov_nat,2018,13.447
idn,sex_f,age_ythadult_y15_64,geo_cov_nat,2019,10.198
idn,sex_f,age_ythadult_y15_64,geo_cov_nat,2020,12.237
idn,sex_f,age_ythadult_y15_64,geo_cov_nat,2021,12.656
idn,sex_f,age_ythadult_y15_64,geo_cov_nat,2023,10.07
idn,sex_f,age_ythadult_y15_64,geo_cov_rur,2015,15.469
idn,sex_f,age_ythadult_y15_64,geo_cov_rur,2016,15.908
idn,sex_f,age_ythadult_y15_64,geo_cov_rur,2017,13.288
idn,sex_f,age_ythadult_y15_64,geo_cov_rur,2018,12.728
idn,sex_f,age_ythadult_y15_64,geo_cov_rur,2019,9.699
idn,sex_f,age_ythadult_y15_64,geo_cov_rur,2020,10.854
idn,sex_f,age_ythadult_y15_64,geo_cov_rur,2021,10.97
idn,sex_f,age_ythadult_y15_64,geo_cov_rur,2023,9.232
idn,sex_f,age_ythadult_y15_64,geo_cov_urb,2015,16.177
idn,sex_f,age_ythadult_y15_64,geo_cov_urb,2016,15.262
idn,sex_f,age_ythadult_y15_64,geo_cov_urb,2017,14.585
idn,sex_f,age_ythadult_y15_64,geo_cov_urb,2018,14.061
idn,sex_f,age_ythadult_y15_64,geo_cov_urb,2019,10.61
idn,sex_f,age_ythadult_y15_64,geo_cov_urb,2020,13.349
idn,sex_f,age_ythadult_y15_64,geo_cov_urb,2021,13.987
idn,sex_f,age_ythadult_y15_64,geo_cov_urb,2023,10.724
idn,sex_f,age_ythadult_yge15,geo_cov_nat,2015,15.3
idn,sex_f,age_ythadult_yge15,geo_cov_nat,2016,15.059
idn,sex_f,age_ythadult_yge15,geo_cov_nat,2017,13.474
idn,sex_f,age_ythadult_yge15,geo_cov_nat,2018,13.632
idn,sex_f,age_ythadult_yge15,geo_cov_nat,2019,9.775
idn,sex_f,age_ythadult_yge15,geo_cov_nat,2020,11.688
idn,sex_f,age_ythadult_yge15,geo_cov_nat,2021,12.113
idn,sex_f,age_ythadult_yge15,geo_cov_nat,2023,9.56
idn,sex_f,age_ythadult_yge15,geo_cov_rur,2015,14.803
idn,sex_f,age_ythadult_yge15,geo_cov_rur,2016,15.252
idn,sex_f,age_ythadult_yge15,geo_cov_rur,2017,12.684
idn,sex_f,age_ythadult_yge15,geo_cov_rur,2018,12.988
idn,sex_f,age_ythadult_yge15,geo_cov_rur,2019,9.17
idn,sex_f,age_ythadult_yge15,geo_cov_rur,2020,10.237
idn,sex_f,age_ythadult_yge15,geo_cov_rur,2021,10.36
idn,sex_f,age_ythadult_yge15,geo_cov_rur,2023,8.658
idn,sex_f,age_ythadult_yge15,geo_cov_urb,2015,15.742
idn,sex_f,age_ythadult_yge15,geo_cov_urb,2016,14.882
idn,sex_f,age_ythadult_yge15,geo_cov_urb,2017,14.18
idn,sex_f,age_ythadult_yge15,geo_cov_urb,2018,14.195
idn,sex_f,age_ythadult_yge15,geo_cov_urb,2019,10.287
idn,sex_f,age_ythadult_yge15,geo_cov_urb,2020,12.884
idn,sex_f,age_ythadult_yge15,geo_cov_urb,2021,13.532
idn,sex_f,age_ythadult_yge15,geo_cov_urb,2023,10.281
idn,sex_f,age_ythadult_yge25,geo_cov_nat,2015,11.408
idn,sex_f,age_ythadult_yge25,geo_cov_nat,2016,11.061
idn,sex_f,age_ythadult_yge25,geo_cov_nat,2017,9.99
idn,sex_f,age_ythadult_yge25,geo_cov_nat,2018,10.266
idn,sex_f,age_ythadult_yge25,geo_cov_nat,2019,6.872
idn,sex_f,age_ythadult_yge25,geo_cov_nat,2020,8.432
idn,sex_f,age_ythadult_yge25,geo_cov_nat,2021,8.989
idn,sex_f,age_ythadult_yge25,geo_cov_nat,2023,6.666
idn,sex_f,age_ythadult_yge25,geo_cov_rur,2015,10.56
idn,sex_f,age_ythadult_yge25,geo_cov_rur,2016,10.645
idn,sex_f,age_ythadult_yge25,geo_cov_rur,2017,8.959
idn,sex_f,age_ythadult_yge25,geo_cov_rur,2018,9.554
idn,sex_f,age_ythadult_yge25,geo_cov_rur,2019,6.183
idn,sex_f,age_ythadult_yge25,geo_cov_rur,2020,7.128
idn,sex_f,age_ythadult_yge25,geo_cov_rur,2021,7.178
idn,sex_f,age_ythadult_yge25,geo_cov_rur,2023,5.702
idn,sex_f,age_ythadult_yge25,geo_cov_urb,2015,12.192
idn,sex_f,age_ythadult_yge25,geo_cov_urb,2016,11.458
idn,sex_f,age_ythadult_yge25,geo_cov_urb,2017,10.949
idn,sex_f,age_ythadult_yge25,geo_cov_urb,2018,10.912
idn,sex_f,age_ythadult_yge25,geo_cov_urb,2019,7.48
idn,sex_f,age_ythadult_yge25,geo_cov_urb,2020,9.554
idn,sex_f,age_ythadult_yge25,geo_cov_urb,2021,10.513
idn,sex_f,age_ythadult_yge25,geo_cov_urb,2023,7.448
idn,sex_m,age_aggregate_total,geo_cov_nat,2015,7.153
idn,sex_m,age_aggregate_total,geo_cov_nat,2016,7.605
idn,sex_m,age_aggregate_total,geo_cov_nat,2017,7.11
idn,sex_m,age_aggregate_total,geo_cov_nat,2018,7.823
idn,sex_m,age_aggregate_total,geo_cov_nat,2019,6.174
idn,sex_m,age_aggregate_total,geo_cov_nat,2020,8.081
idn,sex_m,age_aggregate_total,geo_cov_nat,2021,8.586
idn,sex_m,age_aggregate_total,geo_cov_nat,2023,6.527
idn,sex_m,age_aggregate_total,geo_cov_rur,2015,5.861
idn,sex_m,age_aggregate_total,geo_cov_rur,2016,5.838
idn,sex_m,age_aggregate_total,geo_cov_rur,2017,5.246
idn,sex_m,age_aggregate_total,geo_cov_rur,2018,6.191
idn,sex_m,age_aggregate_total,geo_cov_rur,2019,4.521
idn,sex_m,age_aggregate_total,geo_cov_rur,2020,5.731
idn,sex_m,age_aggregate_total,geo_cov_rur,2021,5.934
idn,sex_m,age_aggregate_total,geo_cov_rur,2023,4.512
idn,sex_m,age_aggregate_total,geo_cov_urb,2015,8.253
idn,sex_m,age_aggregate_total,geo_cov_urb,2016,9.169
idn,sex_m,age_aggregate_total,geo_cov_urb,2017,8.727
idn,sex_m,age_aggregate_total,geo_cov_urb,2018,9.206
idn,sex_m,age_aggregate_total,geo_cov_urb,2019,7.531
idn,sex_m,age_aggregate_total,geo_cov_urb,2020,9.958
idn,sex_m,age_aggregate_total,geo_cov_urb,2021,10.677
idn,sex_m,age_aggregate_total,geo_cov_urb,2023,8.095
idn,sex_m,age_aggregate_y15_24,geo_cov_nat,2015,24.48
idn,sex_m,age_aggregate_y15_24,geo_cov_nat,2016,24.19
idn,sex_m,age_aggregate_y15_24,geo_cov_nat,2017,23.397
idn,sex_m,age_aggregate_y15_24,geo_cov_nat,2018,22.997
idn,sex_m,age_aggregate_y15_24,geo_cov_nat,2019,20.114
idn,sex_m,age_aggregate_y15_24,geo_cov_nat,2020,23.82
idn,sex_m,age_aggregate_y15_24,geo_cov_nat,2021,25.674
idn,sex_m,age_aggregate_y15_24,geo_cov_nat,2023,21.276
idn,sex_m,age_aggregate_y15_24,geo_cov_rur,2015,21.261
idn,sex_m,age_aggregate_y15_24,geo_cov_rur,2016,20.745
idn,sex_m,age_aggregate_y15_24,geo_cov_rur,2017,19.357
idn,sex_m,age_aggregate_y15_24,geo_cov_rur,2018,18.988
idn,sex_m,age_aggregate_y15_24,geo_cov_rur,2019,17.371
idn,sex_m,age_aggregate_y15_24,geo_cov_rur,2020,18.991
idn,sex_m,age_aggregate_y15_24,geo_cov_rur,2021,20.72
idn,sex_m,age_aggregate_y15_24,geo_cov_rur,2023,16.932
idn,sex_m,age_aggregate_y15_24,geo_cov_urb,2015,27.351
idn,sex_m,age_aggregate_y15_24,geo_cov_urb,2016,27.452
idn,sex_m,age_aggregate_y15_24,geo_cov_urb,2017,26.986
idn,sex_m,age_aggregate_y15_24,geo_cov_urb,2018,26.579
idn,sex_m,age_aggregate_y15_24,geo_cov_urb,2019,22.415
idn,sex_m,age_aggregate_y15_24,geo_cov_urb,2020,27.737
idn,sex_m,age_aggregate_y15_24,geo_cov_urb,2021,29.672
idn,sex_m,age_aggregate_y15_24,geo_cov_urb,2023,25.067
idn,sex_m,age_aggregate_y25_54,geo_cov_nat,2015,3.946
idn,sex_m,age_aggregate_y25_54,geo_cov_nat,2016,4.555
idn,sex_m,age_aggregate_y25_54,geo_cov_nat,2017,4.035
idn,sex_m,age_aggregate_y25_54,geo_cov_nat,2018,4.541
idn,sex_m,age_aggregate_y25_54,geo_cov_nat,2019,3.846
idn,sex_m,age_aggregate_y25_54,geo_cov_nat,2020,5.568
idn,sex_m,age_aggregate_y25_54,geo_cov_nat,2021,5.943
idn,sex_m,age_aggregate_y25_54,geo_cov_nat,2023,4.446
idn,sex_m,age_aggregate_y25_54,geo_cov_rur,2015,2.985
idn,sex_m,age_aggregate_y25_54,geo_cov_rur,2016,2.977
idn,sex_m,age_aggregate_y25_54,geo_cov_rur,2017,2.645
idn,sex_m,age_aggregate_y25_54,geo_cov_rur,2018,3.304
idn,sex_m,age_aggregate_y25_54,geo_cov_rur,2019,2.45
idn,sex_m,age_aggregate_y25_54,geo_cov_rur,2020,3.752
idn,sex_m,age_aggregate_y25_54,geo_cov_rur,2021,3.743
idn,sex_m,age_aggregate_y25_54,geo_cov_rur,2023,2.563
idn,sex_m,age_aggregate_y25_54,geo_cov_urb,2015,4.71
idn,sex_m,age_aggregate_y25_54,geo_cov_urb,2016,5.853
idn,sex_m,age_aggregate_y25_54,geo_cov_urb,2017,5.169
idn,sex_m,age_aggregate_y25_54,geo_cov_urb,2018,5.514
idn,sex_m,age_aggregate_y25_54,geo_cov_urb,2019,4.919
idn,sex_m,age_aggregate_y25_54,geo_cov_urb,2020,6.927
idn,sex_m,age_aggregate_y25_54,geo_cov_urb,2021,7.558
idn,sex_m,age_aggregate_y25_54,geo_cov_urb,2023,5.813
idn,sex_m,age_aggregate_y55_64,geo_cov_nat,2015,2.158
idn,sex_m,age_aggregate_y55_64,geo_cov_nat,2016,2.673
idn,sex_m,age_aggregate_y55_64,geo_cov_nat,2017,3.078
idn,sex_m,age_aggregate_y55_64,geo_cov_nat,2018,4.433
idn,sex_m,age_aggregate_y55_64,geo_cov_nat,2019,2.582
idn,sex_m,age_aggregate_y55_64,geo_cov_nat,2020,4.136
idn,sex_m,age_aggregate_y55_64,geo_cov_nat,2021,4.375
idn,sex_m,age_aggregate_y55_64,geo_cov_nat,2023,2.28
idn,sex_m,age_aggregate_y55_64,geo_cov_rur,2015,1.147
idn,sex_m,age_aggregate_y55_64,geo_cov_rur,2016,1.342
idn,sex_m,age_aggregate_y55_64,geo_cov_rur,2017,1.159
idn,sex_m,age_aggregate_y55_64,geo_cov_rur,2018,2.648
idn,sex_m,age_aggregate_y55_64,geo_cov_rur,2019,0.899
idn,sex_m,age_aggregate_y55_64,geo_cov_rur,2020,1.83
idn,sex_m,age_aggregate_y55_64,geo_cov_rur,2021,1.871
idn,sex_m,age_aggregate_y55_64,geo_cov_rur,2023,0.968
idn,sex_m,age_aggregate_y55_64,geo_cov_urb,2015,3.187
idn,sex_m,age_aggregate_y55_64,geo_cov_urb,2016,4.065
idn,sex_m,age_aggregate_y55_64,geo_cov_urb,2017,5.033
idn,sex_m,age_aggregate_y55_64,geo_cov_urb,2018,6.202
idn,sex_m,age_aggregate_y55_64,geo_cov_urb,2019,4.207
idn,sex_m,age_aggregate_y55_64,geo_cov_urb,2020,6.283
idn,sex_m,age_aggregate_y55_64,geo_cov_urb,2021,6.687
idn,sex_m,age_aggregate_y55_64,geo_cov_urb,2023,3.371
idn,sex_m,age_aggregate_yge65,geo_cov_nat,2015,0.884
idn,sex_m,age_aggregate_yge65,geo_cov_nat,2016,1.615
idn,sex_m,age_aggregate_yge65,geo_cov_nat,2017,1.324
idn,sex_m,age_aggregate_yge65,geo_cov_nat,2018,8.912
idn,sex_m,age_aggregate_yge65,geo_cov_nat,2019,2.016
idn,sex_m,age_aggregate_yge65,geo_cov_nat,2020,1.878
idn,sex_m,age_aggregate_yge65,geo_cov_nat,2021,2.766
idn,sex_m,age_aggregate_yge65,geo_cov_nat,2023,1.643
idn,sex_m,age_aggregate_yge65,geo_cov_rur,2015,0.533
idn,sex_m,age_aggregate_yge65,geo_cov_rur,2016,0.803
idn,sex_m,age_aggregate_yge65,geo_cov_rur,2017,0.687
idn,sex_m,age_aggregate_yge65,geo_cov_rur,2018,7.743
idn,sex_m,age_aggregate_yge65,geo_cov_rur,2019,0.618
idn,sex_m,age_aggregate_yge65,geo_cov_rur,2020,0.767
idn,sex_m,age_aggregate_yge65,geo_cov_rur,2021,1.099
idn,sex_m,age_aggregate_yge65,geo_cov_rur,2023,0.598
idn,sex_m,age_aggregate_yge65,geo_cov_urb,2015,1.356
idn,sex_m,age_aggregate_yge65,geo_cov_urb,2016,2.724
idn,sex_m,age_aggregate_yge65,geo_cov_urb,2017,2.147
idn,sex_m,age_aggregate_yge65,geo_cov_urb,2018,10.398
idn,sex_m,age_aggregate_yge65,geo_cov_urb,2019,3.726
idn,sex_m,age_aggregate_yge65,geo_cov_urb,2020,3.201
idn,sex_m,age_aggregate_yge65,geo_cov_urb,2021,4.783
idn,sex_m,age_aggregate_yge65,geo_cov_urb,2023,2.731
idn,sex_m,age_ythadult_y15_24,geo_cov_nat,2015,24.48
idn,sex_m,age_ythadult_y15_24,geo_cov_nat,2016,24.19
idn,sex_m,age_ythadult_y15_24,geo_cov_nat,2017,23.397
idn,sex_m,age_ythadult_y15_24,geo_cov_nat,2018,22.997
idn,sex_m,age_ythadult_y15_24,geo_cov_nat,2019,20.114
idn,sex_m,age_ythadult_y15_24,geo_cov_nat,2020,23.82
idn,sex_m,age_ythadult_y15_24,geo_cov_nat,2021,25.674
idn,sex_m,age_ythadult_y15_24,geo_cov_nat,2023,21.276
idn,sex_m,age_ythadult_y15_24,geo_cov_rur,2015,21.261
idn,sex_m,age_ythadult_y15_24,geo_cov_rur,2016,20.745
idn,sex_m,age_ythadult_y15_24,geo_cov_rur,2017,19.357
idn,sex_m,age_ythadult_y15_24,geo_cov_rur,2018,18.988
idn,sex_m,age_ythadult_y15_24,geo_cov_rur,2019,17.371
idn,sex_m,age_ythadult_y15_24,geo_cov_rur,2020,18.991
idn,sex_m,age_ythadult_y15_24,geo_cov_rur,2021,20.72
idn,sex_m,age_ythadult_y15_24,geo_cov_rur,2023,16.932
idn,sex_m,age_ythadult_y15_24,geo_cov_urb,2015,27.351
idn,sex_m,age_ythadult_y15_24,geo_cov_urb,2016,27.452
idn,sex_m,age_ythadult_y15_24,geo_cov_urb,2017,26.986
idn,sex_m,age_ythadult_y15_24,geo_cov_urb,2018,26.579
idn,sex_m,age_ythadult_y15_24,geo_cov_urb,2019,22.415
idn,sex_m,age_ythadult_y15_24,geo_cov_urb,2020,27.737
idn,sex_m,age_ythadult_y15_24,geo_cov_urb,2021,29.672
idn,sex_m,age_ythadult_y15_24,geo_cov_urb,2023,25.067
idn,sex_m,age_ythadult_y15_64,geo_cov_nat,2015,7.44
idn,sex_m,age_ythadult_y15_64,geo_cov_nat,2016,7.888
idn,sex_m,age_ythadult_y15_64,geo_cov_nat,2017,7.398
idn,sex_m,age_ythadult_y15_64,geo_cov_nat,2018,7.76
idn,sex_m,age_ythadult_y15_64,geo_cov_nat,2019,6.418
idn,sex_m,age_ythadult_y15_64,geo_cov_nat,2020,8.461
idn,sex_m,age_ythadult_y15_64,geo_cov_nat,2021,8.95
idn,sex_m,age_ythadult_y15_64,geo_cov_nat,2023,6.861
idn,sex_m,age_ythadult_y15_64,geo_cov_rur,2015,6.168
idn,sex_m,age_ythadult_y15_64,geo_cov_rur,2016,6.134
idn,sex_m,age_ythadult_y15_64,geo_cov_rur,2017,5.524
idn,sex_m,age_ythadult_y15_64,geo_cov_rur,2018,6.079
idn,sex_m,age_ythadult_y15_64,geo_cov_rur,2019,4.805
idn,sex_m,age_ythadult_y15_64,geo_cov_rur,2020,6.11
idn,sex_m,age_ythadult_y15_64,geo_cov_rur,2021,6.316
idn,sex_m,age_ythadult_y15_64,geo_cov_rur,2023,4.827
idn,sex_m,age_ythadult_y15_64,geo_cov_urb,2015,8.5
idn,sex_m,age_ythadult_y15_64,geo_cov_urb,2016,9.409
idn,sex_m,age_ythadult_y15_64,geo_cov_urb,2017,8.991
idn,sex_m,age_ythadult_y15_64,geo_cov_urb,2018,9.15
idn,sex_m,age_ythadult_y15_64,geo_cov_urb,2019,7.713
idn,sex_m,age_ythadult_y15_64,geo_cov_urb,2020,10.295
idn,sex_m,age_ythadult_y15_64,geo_cov_urb,2021,10.973
idn,sex_m,age_ythadult_y15_64,geo_cov_urb,2023,8.411
idn,sex_m,age_ythadult_yge15,geo_cov_nat,2015,7.153
idn,sex_m,age_ythadult_yge15,geo_cov_nat,2016,7.605
idn,sex_m,age_ythadult_yge15,geo_cov_nat,2017,7.11
idn,sex_m,age_ythadult_yge15,geo_cov_nat,2018,7.823
idn,sex_m,age_ythadult_yge15,geo_cov_nat,2019,6.174
idn,sex_m,age_ythadult_yge15,geo_cov_nat,2020,8.081
idn,sex_m,age_ythadult_yge15,geo_cov_nat,2021,8.586
idn,sex_m,age_ythadult_yge15,geo_cov_nat,2023,6.527
idn,sex_m,age_ythadult_yge15,geo_cov_rur,2015,5.861
idn,sex_m,age_ythadult_yge15,geo_cov_rur,2016,5.838
idn,sex_m,age_ythadult_yge15,geo_cov_rur,2017,5.246
idn,sex_m,age_ythadult_yge15,geo_cov_rur,2018,6.191
idn,sex_m,age_ythadult_yge15,geo_cov_rur,2019,4.521
idn,sex_m,age_ythadult_yge15,geo_cov_rur,2020,5.731
idn,sex_m,age_ythadult_yge15,geo_cov_rur,2021,5.934
idn,sex_m,age_ythadult_yge15,geo_cov_rur,2023,4.512
idn,sex_m,age_ythadult_yge15,geo_cov_urb,2015,8.253
idn,sex_m,age_ythadult_yge15,geo_cov_urb,2016,9.169
idn,sex_m,age_ythadult_yge15,geo_cov_urb,2017,8.727
idn,sex_m,age_ythadult_yge15,geo_cov_urb,2018,9.206
idn,sex_m,age_ythadult_yge15,geo_cov_urb,2019,7.531
idn,sex_m,age_ythadult_yge15,geo_cov_urb,2020,9.958
idn,sex_m,age_ythadult_yge15,geo_cov_urb,2021,10.677
idn,sex_m,age_ythadult_yge15,geo_cov_urb,2023,8.095
idn,sex_m,age_ythadult_yge25,geo_cov_nat,2015,3.561
idn,sex_m,age_ythadult_yge25,geo_cov_nat,2016,4.153
idn,sex_m,age_ythadult_yge25,geo_cov_nat,2017,3.751
idn,sex_m,age_ythadult_yge25,geo_cov_nat,2018,4.814
idn,sex_m,age_ythadult_yge25,geo_cov_nat,2019,3.553
idn,sex_m,age_ythadult_yge25,geo_cov_nat,2020,5.114
idn,sex_m,age_ythadult_yge25,geo_cov_nat,2021,5.5
idn,sex_m,age_ythadult_yge25,geo_cov_nat,2023,3.921
idn,sex_m,age_ythadult_yge25,geo_cov_rur,2015,2.569
idn,sex_m,age_ythadult_yge25,geo_cov_rur,2016,2.6
idn,sex_m,age_ythadult_yge25,geo_cov_rur,2017,2.291
idn,sex_m,age_ythadult_yge25,geo_cov_rur,2018,3.565
idn,sex_m,age_ythadult_yge25,geo_cov_rur,2019,2.072
idn,sex_m,age_ythadult_yge25,geo_cov_rur,2020,3.208
idn,sex_m,age_ythadult_yge25,geo_cov_rur,2021,3.225
idn,sex_m,age_ythadult_yge25,geo_cov_rur,2023,2.146
idn,sex_m,age_ythadult_yge25,geo_cov_urb,2015,4.397
idn,sex_m,age_ythadult_yge25,geo_cov_urb,2016,5.508
idn,sex_m,age_ythadult_yge25,geo_cov_urb,2017,5.012
idn,sex_m,age_ythadult_yge25,geo_cov_urb,2018,5.861
idn,sex_m,age_ythadult_yge25,geo_cov_urb,2019,4.765
idn,sex_m,age_ythadult_yge25,geo_cov_urb,2020,6.633
idn,sex_m,age_ythadult_yge25,geo_cov_urb,2021,7.288
idn,sex_m,age_ythadult_yge25,geo_cov_urb,2023,5.273
idn,sex_t,age_aggregate_total,geo_cov_nat,2015,10.446
idn,sex_t,age_aggregate_total,geo_cov_nat,2016,10.636
idn,sex_t,age_aggregate_total,geo_cov_nat,2017,9.708
idn,sex_t,age_aggregate_total,geo_cov_nat,2018,10.2
idn,sex_t,age_aggregate_total,geo_cov_nat,2019,7.634
idn,sex_t,age_aggregate_total,geo_cov_nat,2020,9.546
idn,sex_t,age_aggregate_total,geo_cov_nat,2021,10.023
idn,sex_t,age_aggregate_total,geo_cov_nat,2023,7.739
idn,sex_t,age_aggregate_total,geo_cov_rur,2015,9.525
idn,sex_t,age_aggregate_total,geo_cov_rur,2016,9.717
idn,sex_t,age_aggregate_total,geo_cov_rur,2017,8.31
idn,sex_t,age_aggregate_total,geo_cov_rur,2018,9
idn,sex_t,age_aggregate_total,geo_cov_rur,2019,6.424
idn,sex_t,age_aggregate_total,geo_cov_rur,2020,7.58
idn,sex_t,age_aggregate_total,geo_cov_rur,2021,7.753
idn,sex_t,age_aggregate_total,geo_cov_rur,2023,6.182
idn,sex_t,age_aggregate_total,geo_cov_urb,2015,11.243
idn,sex_t,age_aggregate_total,geo_cov_urb,2016,11.464
idn,sex_t,age_aggregate_total,geo_cov_urb,2017,10.935
idn,sex_t,age_aggregate_total,geo_cov_urb,2018,11.23
idn,sex_t,age_aggregate_total,geo_cov_urb,2019,8.64
idn,sex_t,age_aggregate_total,geo_cov_urb,2020,11.137
idn,sex_t,age_aggregate_total,geo_cov_urb,2021,11.833
idn,sex_t,age_aggregate_total,geo_cov_urb,2023,8.962
idn,sex_t,age_aggregate_y15_24,geo_cov_nat,2015,27.915
idn,sex_t,age_aggregate_y15_24,geo_cov_nat,2016,27.878
idn,sex_t,age_aggregate_y15_24,geo_cov_nat,2017,26.102
idn,sex_t,age_aggregate_y15_24,geo_cov_nat,2018,25.896
idn,sex_t,age_aggregate_y15_24,geo_cov_nat,2019,21.668
idn,sex_t,age_aggregate_y15_24,geo_cov_nat,2020,25.391
idn,sex_t,age_aggregate_y15_24,geo_cov_nat,2021,26.472
idn,sex_t,age_aggregate_y15_24,geo_cov_nat,2023,22.794
idn,sex_t,age_aggregate_y15_24,geo_cov_rur,2015,27.127
idn,sex_t,age_aggregate_y15_24,geo_cov_rur,2016,27.587
idn,sex_t,age_aggregate_y15_24,geo_cov_rur,2017,24.534
idn,sex_t,age_aggregate_y15_24,geo_cov_rur,2018,23.983
idn,sex_t,age_aggregate_y15_24,geo_cov_rur,2019,20.704
idn,sex_t,age_aggregate_y15_24,geo_cov_rur,2020,22.426
idn,sex_t,age_aggregate_y15_24,geo_cov_rur,2021,23.779
idn,sex_t,age_aggregate_y15_24,geo_cov_rur,2023,20.177
idn,sex_t,age_aggregate_y15_24,geo_cov_urb,2015,28.567
idn,sex_t,age_aggregate_y15_24,geo_cov_urb,2016,28.135
idn,sex_t,age_aggregate_y15_24,geo_cov_urb,2017,27.392
idn,sex_t,age_aggregate_y15_24,geo_cov_urb,2018,27.465
idn,sex_t,age_aggregate_y15_24,geo_cov_urb,2019,22.411
idn,sex_t,age_aggregate_y15_24,geo_cov_urb,2020,27.613
idn,sex_t,age_aggregate_y15_24,geo_cov_urb,2021,28.475
idn,sex_t,age_aggregate_y15_24,geo_cov_urb,2023,24.923
idn,sex_t,age_aggregate_y25_54,geo_cov_nat,2015,7.602
idn,sex_t,age_aggregate_y25_54,geo_cov_nat,2016,7.833
idn,sex_t,age_aggregate_y25_54,geo_cov_nat,2017,7.108
idn,sex_t,age_aggregate_y25_54,geo_cov_nat,2018,6.965
idn,sex_t,age_aggregate_y25_54,geo_cov_nat,2019,5.491
idn,sex_t,age_aggregate_y25_54,geo_cov_nat,2020,7.26
idn,sex_t,age_aggregate_y25_54,geo_cov_nat,2021,7.723
idn,sex_t,age_aggregate_y25_54,geo_cov_nat,2023,5.797
idn,sex_t,age_aggregate_y25_54,geo_cov_rur,2015,6.868
idn,sex_t,age_aggregate_y25_54,geo_cov_rur,2016,6.95
idn,sex_t,age_aggregate_y25_54,geo_cov_rur,2017,5.996
idn,sex_t,age_aggregate_y25_54,geo_cov_rur,2018,5.969
idn,sex_t,age_aggregate_y25_54,geo_cov_rur,2019,4.51
idn,sex_t,age_aggregate_y25_54,geo_cov_rur,2020,5.728
idn,sex_t,age_aggregate_y25_54,geo_cov_rur,2021,5.738
idn,sex_t,age_aggregate_y25_54,geo_cov_rur,2023,4.324
idn,sex_t,age_aggregate_y25_54,geo_cov_urb,2015,8.207
idn,sex_t,age_aggregate_y25_54,geo_cov_urb,2016,8.585
idn,sex_t,age_aggregate_y25_54,geo_cov_urb,2017,8.041
idn,sex_t,age_aggregate_y25_54,geo_cov_urb,2018,7.774
idn,sex_t,age_aggregate_y25_54,geo_cov_urb,2019,6.268
idn,sex_t,age_aggregate_y25_54,geo_cov_urb,2020,8.439
idn,sex_t,age_aggregate_y25_54,geo_cov_urb,2021,9.219
idn,sex_t,age_aggregate_y25_54,geo_cov_urb,2023,6.89
idn,sex_t,age_aggregate_y55_64,geo_cov_nat,2015,2.962
idn,sex_t,age_aggregate_y55_64,geo_cov_nat,2016,3.187
idn,sex_t,age_aggregate_y55_64,geo_cov_nat,2017,3.195
idn,sex_t,age_aggregate_y55_64,geo_cov_nat,2018,4.981
idn,sex_t,age_aggregate_y55_64,geo_cov_nat,2019,2.712
idn,sex_t,age_aggregate_y55_64,geo_cov_nat,2020,4.053
idn,sex_t,age_aggregate_y55_64,geo_cov_nat,2021,4.362
idn,sex_t,age_aggregate_y55_64,geo_cov_nat,2023,2.537
idn,sex_t,age_aggregate_y55_64,geo_cov_rur,2015,2.247
idn,sex_t,age_aggregate_y55_64,geo_cov_rur,2016,2.21
idn,sex_t,age_aggregate_y55_64,geo_cov_rur,2017,1.837
idn,sex_t,age_aggregate_y55_64,geo_cov_rur,2018,3.737
idn,sex_t,age_aggregate_y55_64,geo_cov_rur,2019,1.434
idn,sex_t,age_aggregate_y55_64,geo_cov_rur,2020,2.338
idn,sex_t,age_aggregate_y55_64,geo_cov_rur,2021,2.412
idn,sex_t,age_aggregate_y55_64,geo_cov_rur,2023,1.517
idn,sex_t,age_aggregate_y55_64,geo_cov_urb,2015,3.727
idn,sex_t,age_aggregate_y55_64,geo_cov_urb,2016,4.27
idn,sex_t,age_aggregate_y55_64,geo_cov_urb,2017,4.65
idn,sex_t,age_aggregate_y55_64,geo_cov_urb,2018,6.283
idn,sex_t,age_aggregate_y55_64,geo_cov_urb,2019,4
idn,sex_t,age_aggregate_y55_64,geo_cov_urb,2020,5.726
idn,sex_t,age_aggregate_y55_64,geo_cov_urb,2021,6.258
idn,sex_t,age_aggregate_y55_64,geo_cov_urb,2023,3.419
idn,sex_t,age_aggregate_yge65,geo_cov_nat,2015,1.238
idn,sex_t,age_aggregate_yge65,geo_cov_nat,2016,2.026
idn,sex_t,age_aggregate_yge65,geo_cov_nat,2017,1.609
idn,sex_t,age_aggregate_yge65,geo_cov_nat,2018,12.129
idn,sex_t,age_aggregate_yge65,geo_cov_nat,2019,2.062
idn,sex_t,age_aggregate_yge65,geo_cov_nat,2020,1.981
idn,sex_t,age_aggregate_yge65,geo_cov_nat,2021,2.716
idn,sex_t,age_aggregate_yge65,geo_cov_nat,2023,1.673
idn,sex_t,age_aggregate_yge65,geo_cov_rur,2015,0.965
idn,sex_t,age_aggregate_yge65,geo_cov_rur,2016,1.559
idn,sex_t,age_aggregate_yge65,geo_cov_rur,2017,1.082
idn,sex_t,age_aggregate_yge65,geo_cov_rur,2018,11.383
idn,sex_t,age_aggregate_yge65,geo_cov_rur,2019,0.895
idn,sex_t,age_aggregate_yge65,geo_cov_rur,2020,1.127
idn,sex_t,age_aggregate_yge65,geo_cov_rur,2021,1.382
idn,sex_t,age_aggregate_yge65,geo_cov_rur,2023,0.908
idn,sex_t,age_aggregate_yge65,geo_cov_urb,2015,1.609
idn,sex_t,age_aggregate_yge65,geo_cov_urb,2016,2.693
idn,sex_t,age_aggregate_yge65,geo_cov_urb,2017,2.306
idn,sex_t,age_aggregate_yge65,geo_cov_urb,2018,13.09
idn,sex_t,age_aggregate_yge65,geo_cov_urb,2019,3.494
idn,sex_t,age_aggregate_yge65,geo_cov_urb,2020,3.023
idn,sex_t,age_aggregate_yge65,geo_cov_urb,2021,4.341
idn,sex_t,age_aggregate_yge65,geo_cov_urb,2023,2.497
idn,sex_t,age_ythadult_y15_24,geo_cov_nat,2015,27.915
idn,sex_t,age_ythadult_y15_24,geo_cov_nat,2016,27.878
idn,sex_t,age_ythadult_y15_24,geo_cov_nat,2017,26.102
idn,sex_t,age_ythadult_y15_24,geo_cov_nat,2018,25.896
idn,sex_t,age_ythadult_y15_24,geo_cov_nat,2019,21.668
idn,sex_t,age_ythadult_y15_24,geo_cov_nat,2020,25.391
idn,sex_t,age_ythadult_y15_24,geo_cov_nat,2021,26.472
idn,sex_t,age_ythadult_y15_24,geo_cov_nat,2023,22.794
idn,sex_t,age_ythadult_y15_24,geo_cov_rur,2015,27.127
idn,sex_t,age_ythadult_y15_24,geo_cov_rur,2016,27.587
idn,sex_t,age_ythadult_y15_24,geo_cov_rur,2017,24.534
idn,sex_t,age_ythadult_y15_24,geo_cov_rur,2018,23.983
idn,sex_t,age_ythadult_y15_24,geo_cov_rur,2019,20.704
idn,sex_t,age_ythadult_y15_24,geo_cov_rur,2020,22.426
idn,sex_t,age_ythadult_y15_24,geo_cov_rur,2021,23.779
idn,sex_t,age_ythadult_y15_24,geo_cov_rur,2023,20.177
idn,sex_t,age_ythadult_y15_24,geo_cov_urb,2015,28.567
idn,sex_t,age_ythadult_y15_24,geo_cov_urb,2016,28.135
idn,sex_t,age_ythadult_y15_24,geo_cov_urb,2017,27.392
idn,sex_t,age_ythadult_y15_24,geo_cov_urb,2018,27.465
idn,sex_t,age_ythadult_y15_24,geo_cov_urb,2019,22.411
idn,sex_t,age_ythadult_y15_24,geo_cov_urb,2020,27.613
idn,sex_t,age_ythadult_y15_24,geo_cov_urb,2021,28.475
idn,sex_t,age_ythadult_y15_24,geo_cov_urb,2023,24.923
idn,sex_t,age_ythadult_y15_64,geo_cov_nat,2015,10.849
idn,sex_t,age_ythadult_y15_64,geo_cov_nat,2016,11.022
idn,sex_t,age_ythadult_y15_64,geo_cov_nat,2017,10.093
idn,sex_t,age_ythadult_y15_64,geo_cov_nat,2018,10.089
idn,sex_t,age_ythadult_y15_64,geo_cov_nat,2019,7.954
idn,sex_t,age_ythadult_y15_64,geo_cov_nat,2020,9.998
idn,sex_t,age_ythadult_y15_64,geo_cov_nat,2021,10.465
idn,sex_t,age_ythadult_y15_64,geo_cov_nat,2023,8.145
idn,sex_t,age_ythadult_y15_64,geo_cov_rur,2015,9.995
idn,sex_t,age_ythadult_y15_64,geo_cov_rur,2016,10.176
idn,sex_t,age_ythadult_y15_64,geo_cov_rur,2017,8.733
idn,sex_t,age_ythadult_y15_64,geo_cov_rur,2018,8.831
idn,sex_t,age_ythadult_y15_64,geo_cov_rur,2019,6.814
idn,sex_t,age_ythadult_y15_64,geo_cov_rur,2020,8.061
idn,sex_t,age_ythadult_y15_64,geo_cov_rur,2021,8.237
idn,sex_t,age_ythadult_y15_64,geo_cov_rur,2023,6.603
idn,sex_t,age_ythadult_y15_64,geo_cov_urb,2015,11.573
idn,sex_t,age_ythadult_y15_64,geo_cov_urb,2016,11.769
idn,sex_t,age_ythadult_y15_64,geo_cov_urb,2017,11.263
idn,sex_t,age_ythadult_y15_64,geo_cov_urb,2018,11.144
idn,sex_t,age_ythadult_y15_64,geo_cov_urb,2019,8.88
idn,sex_t,age_ythadult_y15_64,geo_cov_urb,2020,11.528
idn,sex_t,age_ythadult_y15_64,geo_cov_urb,2021,12.195
idn,sex_t,age_ythadult_y15_64,geo_cov_urb,2023,9.331
idn,sex_t,age_ythadult_yge15,geo_cov_nat,2015,10.446
idn,sex_t,age_ythadult_yge15,geo_cov_nat,2016,10.636
idn,sex_t,age_ythadult_yge15,geo_cov_nat,2017,9.708
idn,sex_t,age_ythadult_yge15,geo_cov_nat,2018,10.2
idn,sex_t,age_ythadult_yge15,geo_cov_nat,2019,7.634
idn,sex_t,age_ythadult_yge15,geo_cov_nat,2020,9.546
idn,sex_t,age_ythadult_yge15,geo_cov_nat,2021,10.023
idn,sex_t,age_ythadult_yge15,geo_cov_nat,2023,7.739
idn,sex_t,age_ythadult_yge15,geo_cov_rur,2015,9.525
idn,sex_t,age_ythadult_yge15,geo_cov_rur,2016,9.717
idn,sex_t,age_ythadult_yge15,geo_cov_rur,2017,8.31
idn,sex_t,age_ythadult_yge15,geo_cov_rur,2018,9
idn,sex_t,age_ythadult_yge15,geo_cov_rur,2019,6.424
idn,sex_t,age_ythadult_yge15,geo_cov_rur,2020,7.58
idn,sex_t,age_ythadult_yge15,geo_cov_rur,2021,7.753
idn,sex_t,age_ythadult_yge15,geo_cov_rur,2023,6.182
idn,sex_t,age_ythadult_yge15,geo_cov_urb,2015,11.243
idn,sex_t,age_ythadult_yge15,geo_cov_urb,2016,11.464
idn,sex_t,age_ythadult_yge15,geo_cov_urb,2017,10.935
idn,sex_t,age_ythadult_yge15,geo_cov_urb,2018,11.23
idn,sex_t,age_ythadult_yge15,geo_cov_urb,2019,8.64
idn,sex_t,age_ythadult_yge15,geo_cov_urb,2020,11.137
idn,sex_t,age_ythadult_yge15,geo_cov_urb,2021,11.833
idn,sex_t,age_ythadult_yge15,geo_cov_urb,2023,8.962
idn,sex_t,age_ythadult_yge25,geo_cov_nat,2015,6.706
idn,sex_t,age_ythadult_yge25,geo_cov_nat,2016,6.941
idn,sex_t,age_ythadult_yge25,geo_cov_nat,2017,6.291
idn,sex_t,age_ythadult_yge25,geo_cov_nat,2018,7.036
idn,sex_t,age_ythadult_yge25,geo_cov_nat,2019,4.886
idn,sex_t,age_ythadult_yge25,geo_cov_nat,2020,6.45
idn,sex_t,age_ythadult_yge25,geo_cov_nat,2021,6.906
idn,sex_t,age_ythadult_yge25,geo_cov_nat,2023,5.011
idn,sex_t,age_ythadult_yge25,geo_cov_rur,2015,5.866
idn,sex_t,age_ythadult_yge25,geo_cov_rur,2016,5.937
idn,sex_t,age_ythadult_yge25,geo_cov_rur,2017,5.069
idn,sex_t,age_ythadult_yge25,geo_cov_rur,2018,6.068
idn,sex_t,age_ythadult_yge25,geo_cov_rur,2019,3.763
idn,sex_t,age_ythadult_yge25,geo_cov_rur,2020,4.825
idn,sex_t,age_ythadult_yge25,geo_cov_rur,2021,4.854
idn,sex_t,age_ythadult_yge25,geo_cov_rur,2023,3.588
idn,sex_t,age_ythadult_yge25,geo_cov_urb,2015,7.441
idn,sex_t,age_ythadult_yge25,geo_cov_urb,2016,7.849
idn,sex_t,age_ythadult_yge25,geo_cov_urb,2017,7.379
idn,sex_t,age_ythadult_yge25,geo_cov_urb,2018,7.875
idn,sex_t,age_ythadult_yge25,geo_cov_urb,2019,5.833
idn,sex_t,age_ythadult_yge25,geo_cov_urb,2020,7.786
idn,sex_t,age_ythadult_yge25,geo_cov_urb,2021,8.564
idn,sex_t,age_ythadult_yge25,geo_cov_urb,2023,6.123
irl,sex_f,age_aggregate_total,geo_cov_nat,2006,4.869
irl,sex_f,age_aggregate_total,geo_cov_nat,2007,5.684
irl,sex_f,age_aggregate_total,geo_cov_nat,2008,6.422
irl,sex_f,age_aggregate_total,geo_cov_nat,2009,10.552
irl,sex_f,age_aggregate_total,geo_cov_nat,2010,12.627
irl,sex_f,age_aggregate_total,geo_cov_nat,2011,13.951
irl,sex_f,age_aggregate_total,geo_cov_nat,2012,14.398
irl,sex_f,age_aggregate_total,geo_cov_nat,2013,13.986
irl,sex_f,age_aggregate_total,geo_cov_nat,2014,12.259
irl,sex_f,age_aggregate_total,geo_cov_nat,2015,10.002
irl,sex_f,age_aggregate_total,geo_cov_nat,2016,8.675
irl,sex_f,age_aggregate_total,geo_cov_nat,2017,9.306
irl,sex_f,age_aggregate_total,geo_cov_nat,2018,10.629
irl,sex_f,age_aggregate_total,geo_cov_nat,2019,9.389
irl,sex_f,age_aggregate_total,geo_cov_nat,2020,11.679
irl,sex_f,age_aggregate_total,geo_cov_nat,2021,11.582
irl,sex_f,age_aggregate_total,geo_cov_nat,2022,7.582
irl,sex_f,age_aggregate_total,geo_cov_nat,2023,8.321
irl,sex_f,age_aggregate_total,geo_cov_nat,2024,9.828
irl,sex_f,age_aggregate_total,geo_cov_rur,2006,5.034
irl,sex_f,age_aggregate_total,geo_cov_rur,2007,5.854
irl,sex_f,age_aggregate_total,geo_cov_rur,2008,6.382
irl,sex_f,age_aggregate_total,geo_cov_rur,2009,11.001
irl,sex_f,age_aggregate_total,geo_cov_rur,2010,13.318
irl,sex_f,age_aggregate_total,geo_cov_rur,2011,14.656
irl,sex_f,age_aggregate_total,geo_cov_rur,2012,14.93
irl,sex_f,age_aggregate_total,geo_cov_rur,2013,14.642
irl,sex_f,age_aggregate_total,geo_cov_rur,2014,12.96
irl,sex_f,age_aggregate_total,geo_cov_rur,2015,10.102
irl,sex_f,age_aggregate_total,geo_cov_rur,2016,8.507
irl,sex_f,age_aggregate_total,geo_cov_rur,2017,8.769
irl,sex_f,age_aggregate_total,geo_cov_rur,2018,10.804
irl,sex_f,age_aggregate_total,geo_cov_rur,2019,9.425
irl,sex_f,age_aggregate_total,geo_cov_rur,2020,10.694
irl,sex_f,age_aggregate_total,geo_cov_rur,2021,10.213
irl,sex_f,age_aggregate_total,geo_cov_rur,2022,6.417
irl,sex_f,age_aggregate_total,geo_cov_rur,2023,7.543
irl,sex_f,age_aggregate_total,geo_cov_rur,2024,9.438
irl,sex_f,age_aggregate_total,geo_cov_urb,2006,4.602
irl,sex_f,age_aggregate_total,geo_cov_urb,2007,5.403
irl,sex_f,age_aggregate_total,geo_cov_urb,2008,6.488
irl,sex_f,age_aggregate_total,geo_cov_urb,2009,9.795
irl,sex_f,age_aggregate_total,geo_cov_urb,2010,11.414
irl,sex_f,age_aggregate_total,geo_cov_urb,2011,12.692
irl,sex_f,age_aggregate_total,geo_cov_urb,2012,14.027
irl,sex_f,age_aggregate_total,geo_cov_urb,2013,13.531
irl,sex_f,age_aggregate_total,geo_cov_urb,2014,11.788
irl,sex_f,age_aggregate_total,geo_cov_urb,2015,9.932
irl,sex_f,age_aggregate_total,geo_cov_urb,2016,8.793
irl,sex_f,age_aggregate_total,geo_cov_urb,2017,9.652
irl,sex_f,age_aggregate_total,geo_cov_urb,2018,10.522
irl,sex_f,age_aggregate_total,geo_cov_urb,2019,9.366
irl,sex_f,age_aggregate_total,geo_cov_urb,2020,12.35
irl,sex_f,age_aggregate_total,geo_cov_urb,2021,12.502
irl,sex_f,age_aggregate_total,geo_cov_urb,2022,8.416
irl,sex_f,age_aggregate_total,geo_cov_urb,2023,8.855
irl,sex_f,age_aggregate_total,geo_cov_urb,2024,10.086
irl,sex_f,age_aggregate_y15_24,geo_cov_nat,2006,9.369
irl,sex_f,age_aggregate_y15_24,geo_cov_nat,2007,8.63
irl,sex_f,age_aggregate_y15_24,geo_cov_nat,2008,11.043
irl,sex_f,age_aggregate_y15_24,geo_cov_nat,2009,18.244
irl,sex_f,age_aggregate_y15_24,geo_cov_nat,2010,22.559
irl,sex_f,age_aggregate_y15_24,geo_cov_nat,2011,24.412
irl,sex_f,age_aggregate_y15_24,geo_cov_nat,2012,25.675
irl,sex_f,age_aggregate_y15_24,geo_cov_nat,2013,24.893
irl,sex_f,age_aggregate_y15_24,geo_cov_nat,2014,21.577
irl,sex_f,age_aggregate_y15_24,geo_cov_nat,2015,17.555
irl,sex_f,age_aggregate_y15_24,geo_cov_nat,2016,14.82
irl,sex_f,age_aggregate_y15_24,geo_cov_nat,2017,17.67
irl,sex_f,age_aggregate_y15_24,geo_cov_nat,2018,21.947
irl,sex_f,age_aggregate_y15_24,geo_cov_nat,2019,19.76
irl,sex_f,age_aggregate_y15_24,geo_cov_nat,2020,29.256
irl,sex_f,age_aggregate_y15_24,geo_cov_nat,2021,26.734
irl,sex_f,age_aggregate_y15_24,geo_cov_nat,2022,16.23
irl,sex_f,age_aggregate_y15_24,geo_cov_nat,2023,16.875
irl,sex_f,age_aggregate_y15_24,geo_cov_nat,2024,25.222
irl,sex_f,age_aggregate_y15_24,geo_cov_rur,2006,10.405
irl,sex_f,age_aggregate_y15_24,geo_cov_rur,2007,9.652
irl,sex_f,age_aggregate_y15_24,geo_cov_rur,2008,11.451
irl,sex_f,age_aggregate_y15_24,geo_cov_rur,2009,19.867
irl,sex_f,age_aggregate_y15_24,geo_cov_rur,2010,24.295
irl,sex_f,age_aggregate_y15_24,geo_cov_rur,2011,26.923
irl,sex_f,age_aggregate_y15_24,geo_cov_rur,2012,27.908
irl,sex_f,age_aggregate_y15_24,geo_cov_rur,2013,28.56
irl,sex_f,age_aggregate_y15_24,geo_cov_rur,2014,24.877
irl,sex_f,age_aggregate_y15_24,geo_cov_rur,2015,20.254
irl,sex_f,age_aggregate_y15_24,geo_cov_rur,2016,16.921
irl,sex_f,age_aggregate_y15_24,geo_cov_rur,2017,18.884
irl,sex_f,age_aggregate_y15_24,geo_cov_rur,2018,25.906
irl,sex_f,age_aggregate_y15_24,geo_cov_rur,2019,22.041
irl,sex_f,age_aggregate_y15_24,geo_cov_rur,2020,28.92
irl,sex_f,age_aggregate_y15_24,geo_cov_rur,2021,24.674
irl,sex_f,age_aggregate_y15_24,geo_cov_rur,2022,11.479
irl,sex_f,age_aggregate_y15_24,geo_cov_rur,2023,12.991
irl,sex_f,age_aggregate_y15_24,geo_cov_rur,2024,25.906
irl,sex_f,age_aggregate_y15_24,geo_cov_urb,2006,7.983
irl,sex_f,age_aggregate_y15_24,geo_cov_urb,2007,7.272
irl,sex_f,age_aggregate_y15_24,geo_cov_urb,2008,10.492
irl,sex_f,age_aggregate_y15_24,geo_cov_urb,2009,16.113
irl,sex_f,age_aggregate_y15_24,geo_cov_urb,2010,20.072
irl,sex_f,age_aggregate_y15_24,geo_cov_urb,2011,20.798
irl,sex_f,age_aggregate_y15_24,geo_cov_urb,2012,24.335
irl,sex_f,age_aggregate_y15_24,geo_cov_urb,2013,22.8
irl,sex_f,age_aggregate_y15_24,geo_cov_urb,2014,19.695
irl,sex_f,age_aggregate_y15_24,geo_cov_urb,2015,15.933
irl,sex_f,age_aggregate_y15_24,geo_cov_urb,2016,13.58
irl,sex_f,age_aggregate_y15_24,geo_cov_urb,2017,17.023
irl,sex_f,age_aggregate_y15_24,geo_cov_urb,2018,19.906
irl,sex_f,age_aggregate_y15_24,geo_cov_urb,2019,18.372
irl,sex_f,age_aggregate_y15_24,geo_cov_urb,2020,29.501
irl,sex_f,age_aggregate_y15_24,geo_cov_urb,2021,28.151
irl,sex_f,age_aggregate_y15_24,geo_cov_urb,2022,19.564
irl,sex_f,age_aggregate_y15_24,geo_cov_urb,2023,19.177
irl,sex_f,age_aggregate_y15_24,geo_cov_urb,2024,24.688
irl,sex_f,age_aggregate_y25_54,geo_cov_nat,2006,4.087
irl,sex_f,age_aggregate_y25_54,geo_cov_nat,2007,5.107
irl,sex_f,age_aggregate_y25_54,geo_cov_nat,2008,5.504
irl,sex_f,age_aggregate_y25_54,geo_cov_nat,2009,9.293
irl,sex_f,age_aggregate_y25_54,geo_cov_nat,2010,11.291
irl,sex_f,age_aggregate_y25_54,geo_cov_nat,2011,12.849
irl,sex_f,age_aggregate_y25_54,geo_cov_nat,2012,13.19
irl,sex_f,age_aggregate_y25_54,geo_cov_nat,2013,12.554
irl,sex_f,age_aggregate_y25_54,geo_cov_nat,2014,11.062
irl,sex_f,age_aggregate_y25_54,geo_cov_nat,2015,9.156
irl,sex_f,age_aggregate_y25_54,geo_cov_nat,2016,8.062
irl,sex_f,age_aggregate_y25_54,geo_cov_nat,2017,7.637
irl,sex_f,age_aggregate_y25_54,geo_cov_nat,2018,8.125
irl,sex_f,age_aggregate_y25_54,geo_cov_nat,2019,7.112
irl,sex_f,age_aggregate_y25_54,geo_cov_nat,2020,8.513
irl,sex_f,age_aggregate_y25_54,geo_cov_nat,2021,8.577
irl,sex_f,age_aggregate_y25_54,geo_cov_nat,2022,6.013
irl,sex_f,age_aggregate_y25_54,geo_cov_nat,2023,6.044
irl,sex_f,age_aggregate_y25_54,geo_cov_nat,2024,6.551
irl,sex_f,age_aggregate_y25_54,geo_cov_rur,2006,4.156
irl,sex_f,age_aggregate_y25_54,geo_cov_rur,2007,5.184
irl,sex_f,age_aggregate_y25_54,geo_cov_rur,2008,5.498
irl,sex_f,age_aggregate_y25_54,geo_cov_rur,2009,9.816
irl,sex_f,age_aggregate_y25_54,geo_cov_rur,2010,12.008
irl,sex_f,age_aggregate_y25_54,geo_cov_rur,2011,13.53
irl,sex_f,age_aggregate_y25_54,geo_cov_rur,2012,13.743
irl,sex_f,age_aggregate_y25_54,geo_cov_rur,2013,13.388
irl,sex_f,age_aggregate_y25_54,geo_cov_rur,2014,11.837
irl,sex_f,age_aggregate_y25_54,geo_cov_rur,2015,9.133
irl,sex_f,age_aggregate_y25_54,geo_cov_rur,2016,7.771
irl,sex_f,age_aggregate_y25_54,geo_cov_rur,2017,7.092
irl,sex_f,age_aggregate_y25_54,geo_cov_rur,2018,8.087
irl,sex_f,age_aggregate_y25_54,geo_cov_rur,2019,6.919
irl,sex_f,age_aggregate_y25_54,geo_cov_rur,2020,7.023
irl,sex_f,age_aggregate_y25_54,geo_cov_rur,2021,6.403
irl,sex_f,age_aggregate_y25_54,geo_cov_rur,2022,5.144
irl,sex_f,age_aggregate_y25_54,geo_cov_rur,2023,5.474
irl,sex_f,age_aggregate_y25_54,geo_cov_rur,2024,5.235
irl,sex_f,age_aggregate_y25_54,geo_cov_urb,2006,3.973
irl,sex_f,age_aggregate_y25_54,geo_cov_urb,2007,4.976
irl,sex_f,age_aggregate_y25_54,geo_cov_urb,2008,5.515
irl,sex_f,age_aggregate_y25_54,geo_cov_urb,2009,8.384
irl,sex_f,age_aggregate_y25_54,geo_cov_urb,2010,10.01
irl,sex_f,age_aggregate_y25_54,geo_cov_urb,2011,11.61
irl,sex_f,age_aggregate_y25_54,geo_cov_urb,2012,12.812
irl,sex_f,age_aggregate_y25_54,geo_cov_urb,2013,11.984
irl,sex_f,age_aggregate_y25_54,geo_cov_urb,2014,10.553
irl,sex_f,age_aggregate_y25_54,geo_cov_urb,2015,9.172
irl,sex_f,age_aggregate_y25_54,geo_cov_urb,2016,8.259
irl,sex_f,age_aggregate_y25_54,geo_cov_urb,2017,7.974
irl,sex_f,age_aggregate_y25_54,geo_cov_urb,2018,8.147
irl,sex_f,age_aggregate_y25_54,geo_cov_urb,2019,7.229
irl,sex_f,age_aggregate_y25_54,geo_cov_urb,2020,9.459
irl,sex_f,age_aggregate_y25_54,geo_cov_urb,2021,9.918
irl,sex_f,age_aggregate_y25_54,geo_cov_urb,2022,6.593
irl,sex_f,age_aggregate_y25_54,geo_cov_urb,2023,6.391
irl,sex_f,age_aggregate_y25_54,geo_cov_urb,2024,7.337
irl,sex_f,age_aggregate_y55_64,geo_cov_nat,2006,2.721
irl,sex_f,age_aggregate_y55_64,geo_cov_nat,2007,3.55
irl,sex_f,age_aggregate_y55_64,geo_cov_nat,2008,3.797
irl,sex_f,age_aggregate_y55_64,geo_cov_nat,2009,6.216
irl,sex_f,age_aggregate_y55_64,geo_cov_nat,2010,7.977
irl,sex_f,age_aggregate_y55_64,geo_cov_nat,2011,9.04
irl,sex_f,age_aggregate_y55_64,geo_cov_nat,2012,9.562
irl,sex_f,age_aggregate_y55_64,geo_cov_nat,2013,11.235
irl,sex_f,age_aggregate_y55_64,geo_cov_nat,2014,10.335
irl,sex_f,age_aggregate_y55_64,geo_cov_nat,2015,8.136
irl,sex_f,age_aggregate_y55_64,geo_cov_nat,2016,6.539
irl,sex_f,age_aggregate_y55_64,geo_cov_nat,2017,9.584
irl,sex_f,age_aggregate_y55_64,geo_cov_nat,2018,10.56
irl,sex_f,age_aggregate_y55_64,geo_cov_nat,2019,9.155
irl,sex_f,age_aggregate_y55_64,geo_cov_nat,2020,9.624
irl,sex_f,age_aggregate_y55_64,geo_cov_nat,2021,10.114
irl,sex_f,age_aggregate_y55_64,geo_cov_nat,2022,6.383
irl,sex_f,age_aggregate_y55_64,geo_cov_nat,2023,9.132
irl,sex_f,age_aggregate_y55_64,geo_cov_nat,2024,8.881
irl,sex_f,age_aggregate_y55_64,geo_cov_rur,2007,3.552
irl,sex_f,age_aggregate_y55_64,geo_cov_rur,2008,3.827
irl,sex_f,age_aggregate_y55_64,geo_cov_rur,2009,6.238
irl,sex_f,age_aggregate_y55_64,geo_cov_rur,2010,8.681
irl,sex_f,age_aggregate_y55_64,geo_cov_rur,2011,9.458
irl,sex_f,age_aggregate_y55_64,geo_cov_rur,2012,10.345
irl,sex_f,age_aggregate_y55_64,geo_cov_rur,2013,10.136
irl,sex_f,age_aggregate_y55_64,geo_cov_rur,2014,9.893
irl,sex_f,age_aggregate_y55_64,geo_cov_rur,2015,7.9
irl,sex_f,age_aggregate_y55_64,geo_cov_rur,2016,6.567
irl,sex_f,age_aggregate_y55_64,geo_cov_rur,2017,8.605
irl,sex_f,age_aggregate_y55_64,geo_cov_rur,2018,9.945
irl,sex_f,age_aggregate_y55_64,geo_cov_rur,2019,8.805
irl,sex_f,age_aggregate_y55_64,geo_cov_rur,2020,9.491
irl,sex_f,age_aggregate_y55_64,geo_cov_rur,2021,12.238
irl,sex_f,age_aggregate_y55_64,geo_cov_rur,2022,6.495
irl,sex_f,age_aggregate_y55_64,geo_cov_rur,2023,9.034
irl,sex_f,age_aggregate_y55_64,geo_cov_rur,2024,9.361
irl,sex_f,age_aggregate_y55_64,geo_cov_urb,2007,3.545
irl,sex_f,age_aggregate_y55_64,geo_cov_urb,2008,3.736
irl,sex_f,age_aggregate_y55_64,geo_cov_urb,2009,6.169
irl,sex_f,age_aggregate_y55_64,geo_cov_urb,2010,6.523
irl,sex_f,age_aggregate_y55_64,geo_cov_urb,2011,8.195
irl,sex_f,age_aggregate_y55_64,geo_cov_urb,2012,8.865
irl,sex_f,age_aggregate_y55_64,geo_cov_urb,2013,12.209
irl,sex_f,age_aggregate_y55_64,geo_cov_urb,2014,10.719
irl,sex_f,age_aggregate_y55_64,geo_cov_urb,2015,8.35
irl,sex_f,age_aggregate_y55_64,geo_cov_urb,2016,6.513
irl,sex_f,age_aggregate_y55_64,geo_cov_urb,2017,10.445
irl,sex_f,age_aggregate_y55_64,geo_cov_urb,2018,11.08
irl,sex_f,age_aggregate_y55_64,geo_cov_urb,2019,9.454
irl,sex_f,age_aggregate_y55_64,geo_cov_urb,2020,9.737
irl,sex_f,age_aggregate_y55_64,geo_cov_urb,2021,8.239
irl,sex_f,age_aggregate_y55_64,geo_cov_urb,2022,6.279
irl,sex_f,age_aggregate_y55_64,geo_cov_urb,2023,9.25
irl,sex_f,age_aggregate_y55_64,geo_cov_urb,2024,8.502
irl,sex_f,age_aggregate_yge65,geo_cov_nat,2007,2.378
irl,sex_f,age_aggregate_yge65,geo_cov_nat,2008,2.229
irl,sex_f,age_aggregate_yge65,geo_cov_nat,2009,3.009
irl,sex_f,age_aggregate_yge65,geo_cov_nat,2010,4.944
irl,sex_f,age_aggregate_yge65,geo_cov_nat,2011,4.152
irl,sex_f,age_aggregate_yge65,geo_cov_nat,2012,5.992
irl,sex_f,age_aggregate_yge65,geo_cov_nat,2013,9.388
irl,sex_f,age_aggregate_yge65,geo_cov_nat,2014,8.7
irl,sex_f,age_aggregate_yge65,geo_cov_nat,2015,6.432
irl,sex_f,age_aggregate_yge65,geo_cov_nat,2016,4.298
irl,sex_f,age_aggregate_yge65,geo_cov_nat,2017,15.288
irl,sex_f,age_aggregate_yge65,geo_cov_nat,2018,23.103
irl,sex_f,age_aggregate_yge65,geo_cov_nat,2019,18.649
irl,sex_f,age_aggregate_yge65,geo_cov_nat,2020,16.42
irl,sex_f,age_aggregate_yge65,geo_cov_nat,2021,14.422
irl,sex_f,age_aggregate_yge65,geo_cov_nat,2022,9.997
irl,sex_f,age_aggregate_yge65,geo_cov_nat,2023,15.426
irl,sex_f,age_aggregate_yge65,geo_cov_nat,2024,14.752
irl,sex_f,age_aggregate_yge65,geo_cov_rur,2007,2.093
irl,sex_f,age_aggregate_yge65,geo_cov_rur,2008,1.384
irl,sex_f,age_aggregate_yge65,geo_cov_rur,2009,2.309
irl,sex_f,age_aggregate_yge65,geo_cov_rur,2010,4.965
irl,sex_f,age_aggregate_yge65,geo_cov_rur,2011,3.757
irl,sex_f,age_aggregate_yge65,geo_cov_rur,2012,5.515
irl,sex_f,age_aggregate_yge65,geo_cov_rur,2013,8.11
irl,sex_f,age_aggregate_yge65,geo_cov_rur,2014,7.194
irl,sex_f,age_aggregate_yge65,geo_cov_rur,2015,5.399
irl,sex_f,age_aggregate_yge65,geo_cov_rur,2016,1.783
irl,sex_f,age_aggregate_yge65,geo_cov_rur,2017,11.951
irl,sex_f,age_aggregate_yge65,geo_cov_rur,2018,17.912
irl,sex_f,age_aggregate_yge65,geo_cov_rur,2019,14.666
irl,sex_f,age_aggregate_yge65,geo_cov_rur,2020,13.478
irl,sex_f,age_aggregate_yge65,geo_cov_rur,2021,11.12
irl,sex_f,age_aggregate_yge65,geo_cov_rur,2022,10.706
irl,sex_f,age_aggregate_yge65,geo_cov_rur,2023,15.49
irl,sex_f,age_aggregate_yge65,geo_cov_rur,2024,11.294
irl,sex_f,age_aggregate_yge65,geo_cov_urb,2007,3.009
irl,sex_f,age_aggregate_yge65,geo_cov_urb,2008,3.78
irl,sex_f,age_aggregate_yge65,geo_cov_urb,2009,4.658
irl,sex_f,age_aggregate_yge65,geo_cov_urb,2010,4.893
irl,sex_f,age_aggregate_yge65,geo_cov_urb,2011,5.256
irl,sex_f,age_aggregate_yge65,geo_cov_urb,2012,6.553
irl,sex_f,age_aggregate_yge65,geo_cov_urb,2013,10.71
irl,sex_f,age_aggregate_yge65,geo_cov_urb,2014,10.17
irl,sex_f,age_aggregate_yge65,geo_cov_urb,2015,7.522
irl,sex_f,age_aggregate_yge65,geo_cov_urb,2016,7.241
irl,sex_f,age_aggregate_yge65,geo_cov_urb,2017,18.717
irl,sex_f,age_aggregate_yge65,geo_cov_urb,2018,28.836
irl,sex_f,age_aggregate_yge65,geo_cov_urb,2019,22.679
irl,sex_f,age_aggregate_yge65,geo_cov_urb,2020,19.3
irl,sex_f,age_aggregate_yge65,geo_cov_urb,2021,18.461
irl,sex_f,age_aggregate_yge65,geo_cov_urb,2022,9.186
irl,sex_f,age_aggregate_yge65,geo_cov_urb,2023,15.358
irl,sex_f,age_aggregate_yge65,geo_cov_urb,2024,18.738
irl,sex_f,age_ythadult_y15_24,geo_cov_nat,2006,9.369
irl,sex_f,age_ythadult_y15_24,geo_cov_nat,2007,8.63
irl,sex_f,age_ythadult_y15_24,geo_cov_nat,2008,11.043
irl,sex_f,age_ythadult_y15_24,geo_cov_nat,2009,18.244
irl,sex_f,age_ythadult_y15_24,geo_cov_nat,2010,22.559
irl,sex_f,age_ythadult_y15_24,geo_cov_nat,2011,24.412
irl,sex_f,age_ythadult_y15_24,geo_cov_nat,2012,25.675
irl,sex_f,age_ythadult_y15_24,geo_cov_nat,2013,24.893
irl,sex_f,age_ythadult_y15_24,geo_cov_nat,2014,21.577
irl,sex_f,age_ythadult_y15_24,geo_cov_nat,2015,17.555
irl,sex_f,age_ythadult_y15_24,geo_cov_nat,2016,14.82
irl,sex_f,age_ythadult_y15_24,geo_cov_nat,2017,17.67
irl,sex_f,age_ythadult_y15_24,geo_cov_nat,2018,21.947
irl,sex_f,age_ythadult_y15_24,geo_cov_nat,2019,19.76
irl,sex_f,age_ythadult_y15_24,geo_cov_nat,2020,29.256
irl,sex_f,age_ythadult_y15_24,geo_cov_nat,2021,26.734
irl,sex_f,age_ythadult_y15_24,geo_cov_nat,2022,16.23
irl,sex_f,age_ythadult_y15_24,geo_cov_nat,2023,16.875
irl,sex_f,age_ythadult_y15_24,geo_cov_nat,2024,25.222
irl,sex_f,age_ythadult_y15_24,geo_cov_rur,2006,10.405
irl,sex_f,age_ythadult_y15_24,geo_cov_rur,2007,9.652
irl,sex_f,age_ythadult_y15_24,geo_cov_rur,2008,11.451
irl,sex_f,age_ythadult_y15_24,geo_cov_rur,2009,19.867
irl,sex_f,age_ythadult_y15_24,geo_cov_rur,2010,24.295
irl,sex_f,age_ythadult_y15_24,geo_cov_rur,2011,26.923
irl,sex_f,age_ythadult_y15_24,geo_cov_rur,2012,27.908
irl,sex_f,age_ythadult_y15_24,geo_cov_rur,2013,28.56
irl,sex_f,age_ythadult_y15_24,geo_cov_rur,2014,24.877
irl,sex_f,age_ythadult_y15_24,geo_cov_rur,2015,20.254
irl,sex_f,age_ythadult_y15_24,geo_cov_rur,2016,16.921
irl,sex_f,age_ythadult_y15_24,geo_cov_rur,2017,18.884
irl,sex_f,age_ythadult_y15_24,geo_cov_rur,2018,25.906
irl,sex_f,age_ythadult_y15_24,geo_cov_rur,2019,22.041
irl,sex_f,age_ythadult_y15_24,geo_cov_rur,2020,28.92
irl,sex_f,age_ythadult_y15_24,geo_cov_rur,2021,24.674
irl,sex_f,age_ythadult_y15_24,geo_cov_rur,2022,11.479
irl,sex_f,age_ythadult_y15_24,geo_cov_rur,2023,12.991
irl,sex_f,age_ythadult_y15_24,geo_cov_rur,2024,25.906
irl,sex_f,age_ythadult_y15_24,geo_cov_urb,2006,7.983
irl,sex_f,age_ythadult_y15_24,geo_cov_urb,2007,7.272
irl,sex_f,age_ythadult_y15_24,geo_cov_urb,2008,10.492
irl,sex_f,age_ythadult_y15_24,geo_cov_urb,2009,16.113
irl,sex_f,age_ythadult_y15_24,geo_cov_urb,2010,20.072
irl,sex_f,age_ythadult_y15_24,geo_cov_urb,2011,20.798
irl,sex_f,age_ythadult_y15_24,geo_cov_urb,2012,24.335
irl,sex_f,age_ythadult_y15_24,geo_cov_urb,2013,22.8
irl,sex_f,age_ythadult_y15_24,geo_cov_urb,2014,19.695
irl,sex_f,age_ythadult_y15_24,geo_cov_urb,2015,15.933
irl,sex_f,age_ythadult_y15_24,geo_cov_urb,2016,13.58
irl,sex_f,age_ythadult_y15_24,geo_cov_urb,2017,17.023
irl,sex_f,age_ythadult_y15_24,geo_cov_urb,2018,19.906
irl,sex_f,age_ythadult_y15_24,geo_cov_urb,2019,18.372
irl,sex_f,age_ythadult_y15_24,geo_cov_urb,2020,29.501
irl,sex_f,age_ythadult_y15_24,geo_cov_urb,2021,28.151
irl,sex_f,age_ythadult_y15_24,geo_cov_urb,2022,19.564
irl,sex_f,age_ythadult_y15_24,geo_cov_urb,2023,19.177
irl,sex_f,age_ythadult_y15_24,geo_cov_urb,2024,24.688
irl,sex_f,age_ythadult_y15_64,geo_cov_nat,2006,4.908
irl,sex_f,age_ythadult_y15_64,geo_cov_nat,2007,5.721
irl,sex_f,age_ythadult_y15_64,geo_cov_nat,2008,6.472
irl,sex_f,age_ythadult_y15_64,geo_cov_nat,2009,10.644
irl,sex_f,age_ythadult_y15_64,geo_cov_nat,2010,12.734
irl,sex_f,age_ythadult_y15_64,geo_cov_nat,2011,14.096
irl,sex_f,age_ythadult_y15_64,geo_cov_nat,2012,14.521
irl,sex_f,age_ythadult_y15_64,geo_cov_nat,2013,14.062
irl,sex_f,age_ythadult_y15_64,geo_cov_nat,2014,12.321
irl,sex_f,age_ythadult_y15_64,geo_cov_nat,2015,10.071
irl,sex_f,age_ythadult_y15_64,geo_cov_nat,2016,8.763
irl,sex_f,age_ythadult_y15_64,geo_cov_nat,2017,9.18
irl,sex_f,age_ythadult_y15_64,geo_cov_nat,2018,10.294
irl,sex_f,age_ythadult_y15_64,geo_cov_nat,2019,9.12
irl,sex_f,age_ythadult_y15_64,geo_cov_nat,2020,11.54
irl,sex_f,age_ythadult_y15_64,geo_cov_nat,2021,11.501
irl,sex_f,age_ythadult_y15_64,geo_cov_nat,2022,7.52
irl,sex_f,age_ythadult_y15_64,geo_cov_nat,2023,8.091
irl,sex_f,age_ythadult_y15_64,geo_cov_nat,2024,9.682
irl,sex_f,age_ythadult_y15_64,geo_cov_rur,2006,5.072
irl,sex_f,age_ythadult_y15_64,geo_cov_rur,2007,5.901
irl,sex_f,age_ythadult_y15_64,geo_cov_rur,2008,6.443
irl,sex_f,age_ythadult_y15_64,geo_cov_rur,2009,11.121
irl,sex_f,age_ythadult_y15_64,geo_cov_rur,2010,13.446
irl,sex_f,age_ythadult_y15_64,geo_cov_rur,2011,14.841
irl,sex_f,age_ythadult_y15_64,geo_cov_rur,2012,15.112
irl,sex_f,age_ythadult_y15_64,geo_cov_rur,2013,14.776
irl,sex_f,age_ythadult_y15_64,geo_cov_rur,2014,13.085
irl,sex_f,age_ythadult_y15_64,geo_cov_rur,2015,10.215
irl,sex_f,age_ythadult_y15_64,geo_cov_rur,2016,8.686
irl,sex_f,age_ythadult_y15_64,geo_cov_rur,2017,8.682
irl,sex_f,age_ythadult_y15_64,geo_cov_rur,2018,10.537
irl,sex_f,age_ythadult_y15_64,geo_cov_rur,2019,9.229
irl,sex_f,age_ythadult_y15_64,geo_cov_rur,2020,10.594
irl,sex_f,age_ythadult_y15_64,geo_cov_rur,2021,10.178
irl,sex_f,age_ythadult_y15_64,geo_cov_rur,2022,6.273
irl,sex_f,age_ythadult_y15_64,geo_cov_rur,2023,7.213
irl,sex_f,age_ythadult_y15_64,geo_cov_rur,2024,9.363
irl,sex_f,age_ythadult_y15_64,geo_cov_urb,2006,4.644
irl,sex_f,age_ythadult_y15_64,geo_cov_urb,2007,5.425
irl,sex_f,age_ythadult_y15_64,geo_cov_urb,2008,6.519
irl,sex_f,age_ythadult_y15_64,geo_cov_urb,2009,9.845
irl,sex_f,age_ythadult_y15_64,geo_cov_urb,2010,11.488
irl,sex_f,age_ythadult_y15_64,geo_cov_urb,2011,12.772
irl,sex_f,age_ythadult_y15_64,geo_cov_urb,2012,14.112
irl,sex_f,age_ythadult_y15_64,geo_cov_urb,2013,13.57
irl,sex_f,age_ythadult_y15_64,geo_cov_urb,2014,11.812
irl,sex_f,age_ythadult_y15_64,geo_cov_urb,2015,9.97
irl,sex_f,age_ythadult_y15_64,geo_cov_urb,2016,8.817
irl,sex_f,age_ythadult_y15_64,geo_cov_urb,2017,9.498
irl,sex_f,age_ythadult_y15_64,geo_cov_urb,2018,10.147
irl,sex_f,age_ythadult_y15_64,geo_cov_urb,2019,9.05
irl,sex_f,age_ythadult_y15_64,geo_cov_urb,2020,12.179
irl,sex_f,age_ythadult_y15_64,geo_cov_urb,2021,12.375
irl,sex_f,age_ythadult_y15_64,geo_cov_urb,2022,8.4
irl,sex_f,age_ythadult_y15_64,geo_cov_urb,2023,8.684
irl,sex_f,age_ythadult_y15_64,geo_cov_urb,2024,9.89
irl,sex_f,age_ythadult_yge15,geo_cov_nat,2006,4.869
irl,sex_f,age_ythadult_yge15,geo_cov_nat,2007,5.684
irl,sex_f,age_ythadult_yge15,geo_cov_nat,2008,6.422
irl,sex_f,age_ythadult_yge15,geo_cov_nat,2009,10.552
irl,sex_f,age_ythadult_yge15,geo_cov_nat,2010,12.627
irl,sex_f,age_ythadult_yge15,geo_cov_nat,2011,13.951
irl,sex_f,age_ythadult_yge15,geo_cov_nat,2012,14.398
irl,sex_f,age_ythadult_yge15,geo_cov_nat,2013,13.986
irl,sex_f,age_ythadult_yge15,geo_cov_nat,2014,12.259
irl,sex_f,age_ythadult_yge15,geo_cov_nat,2015,10.002
irl,sex_f,age_ythadult_yge15,geo_cov_nat,2016,8.675
irl,sex_f,age_ythadult_yge15,geo_cov_nat,2017,9.306
irl,sex_f,age_ythadult_yge15,geo_cov_nat,2018,10.629
irl,sex_f,age_ythadult_yge15,geo_cov_nat,2019,9.389
irl,sex_f,age_ythadult_yge15,geo_cov_nat,2020,11.679
irl,sex_f,age_ythadult_yge15,geo_cov_nat,2021,11.582
irl,sex_f,age_ythadult_yge15,geo_cov_nat,2022,7.582
irl,sex_f,age_ythadult_yge15,geo_cov_nat,2023,8.321
irl,sex_f,age_ythadult_yge15,geo_cov_nat,2024,9.828
irl,sex_f,age_ythadult_yge15,geo_cov_rur,2006,5.034
irl,sex_f,age_ythadult_yge15,geo_cov_rur,2007,5.854
irl,sex_f,age_ythadult_yge15,geo_cov_rur,2008,6.382
irl,sex_f,age_ythadult_yge15,geo_cov_rur,2009,11.001
irl,sex_f,age_ythadult_yge15,geo_cov_rur,2010,13.318
irl,sex_f,age_ythadult_yge15,geo_cov_rur,2011,14.656
irl,sex_f,age_ythadult_yge15,geo_cov_rur,2012,14.93
irl,sex_f,age_ythadult_yge15,geo_cov_rur,2013,14.642
irl,sex_f,age_ythadult_yge15,geo_cov_rur,2014,12.96
irl,sex_f,age_ythadult_yge15,geo_cov_rur,2015,10.102
irl,sex_f,age_ythadult_yge15,geo_cov_rur,2016,8.507
irl,sex_f,age_ythadult_yge15,geo_cov_rur,2017,8.769
irl,sex_f,age_ythadult_yge15,geo_cov_rur,2018,10.804
irl,sex_f,age_ythadult_yge15,geo_cov_rur,2019,9.425
irl,sex_f,age_ythadult_yge15,geo_cov_rur,2020,10.694
irl,sex_f,age_ythadult_yge15,geo_cov_rur,2021,10.213
irl,sex_f,age_ythadult_yge15,geo_cov_rur,2022,6.417
irl,sex_f,age_ythadult_yge15,geo_cov_rur,2023,7.543
irl,sex_f,age_ythadult_yge15,geo_cov_rur,2024,9.438
irl,sex_f,age_ythadult_yge15,geo_cov_urb,2006,4.602
irl,sex_f,age_ythadult_yge15,geo_cov_urb,2007,5.403
irl,sex_f,age_ythadult_yge15,geo_cov_urb,2008,6.488
irl,sex_f,age_ythadult_yge15,geo_cov_urb,2009,9.795
irl,sex_f,age_ythadult_yge15,geo_cov_urb,2010,11.414
irl,sex_f,age_ythadult_yge15,geo_cov_urb,2011,12.692
irl,sex_f,age_ythadult_yge15,geo_cov_urb,2012,14.027
irl,sex_f,age_ythadult_yge15,geo_cov_urb,2013,13.531
irl,sex_f,age_ythadult_yge15,geo_cov_urb,2014,11.788
irl,sex_f,age_ythadult_yge15,geo_cov_urb,2015,9.932
irl,sex_f,age_ythadult_yge15,geo_cov_urb,2016,8.793
irl,sex_f,age_ythadult_yge15,geo_cov_urb,2017,9.652
irl,sex_f,age_ythadult_yge15,geo_cov_urb,2018,10.522
irl,sex_f,age_ythadult_yge15,geo_cov_urb,2019,9.366
irl,sex_f,age_ythadult_yge15,geo_cov_urb,2020,12.35
irl,sex_f,age_ythadult_yge15,geo_cov_urb,2021,12.502
irl,sex_f,age_ythadult_yge15,geo_cov_urb,2022,8.416
irl,sex_f,age_ythadult_yge15,geo_cov_urb,2023,8.855
irl,sex_f,age_ythadult_yge15,geo_cov_urb,2024,10.086
irl,sex_f,age_ythadult_yge25,geo_cov_nat,2006,3.903
irl,sex_f,age_ythadult_yge25,geo_cov_nat,2007,4.9
irl,sex_f,age_ythadult_yge25,geo_cov_nat,2008,5.265
irl,sex_f,age_ythadult_yge25,geo_cov_nat,2009,8.844
irl,sex_f,age_ythadult_yge25,geo_cov_nat,2010,10.785
irl,sex_f,age_ythadult_yge25,geo_cov_nat,2011,12.225
irl,sex_f,age_ythadult_yge25,geo_cov_nat,2012,12.612
irl,sex_f,age_ythadult_yge25,geo_cov_nat,2013,12.323
irl,sex_f,age_ythadult_yge25,geo_cov_nat,2014,10.919
irl,sex_f,age_ythadult_yge25,geo_cov_nat,2015,8.959
irl,sex_f,age_ythadult_yge25,geo_cov_nat,2016,7.761
irl,sex_f,age_ythadult_yge25,geo_cov_nat,2017,8.108
irl,sex_f,age_ythadult_yge25,geo_cov_nat,2018,8.951
irl,sex_f,age_ythadult_yge25,geo_cov_nat,2019,7.811
irl,sex_f,age_ythadult_yge25,geo_cov_nat,2020,8.953
irl,sex_f,age_ythadult_yge25,geo_cov_nat,2021,9.018
irl,sex_f,age_ythadult_yge25,geo_cov_nat,2022,6.192
irl,sex_f,age_ythadult_yge25,geo_cov_nat,2023,6.907
irl,sex_f,age_ythadult_yge25,geo_cov_nat,2024,7.228
irl,sex_f,age_ythadult_yge25,geo_cov_rur,2006,3.982
irl,sex_f,age_ythadult_yge25,geo_cov_rur,2007,4.949
irl,sex_f,age_ythadult_yge25,geo_cov_rur,2008,5.239
irl,sex_f,age_ythadult_yge25,geo_cov_rur,2009,9.257
irl,sex_f,age_ythadult_yge25,geo_cov_rur,2010,11.462
irl,sex_f,age_ythadult_yge25,geo_cov_rur,2011,12.818
irl,sex_f,age_ythadult_yge25,geo_cov_rur,2012,13.079
irl,sex_f,age_ythadult_yge25,geo_cov_rur,2013,12.789
irl,sex_f,age_ythadult_yge25,geo_cov_rur,2014,11.433
irl,sex_f,age_ythadult_yge25,geo_cov_rur,2015,8.844
irl,sex_f,age_ythadult_yge25,geo_cov_rur,2016,7.396
irl,sex_f,age_ythadult_yge25,geo_cov_rur,2017,7.503
irl,sex_f,age_ythadult_yge25,geo_cov_rur,2018,8.829
irl,sex_f,age_ythadult_yge25,geo_cov_rur,2019,7.588
irl,sex_f,age_ythadult_yge25,geo_cov_rur,2020,7.738
irl,sex_f,age_ythadult_yge25,geo_cov_rur,2021,7.726
irl,sex_f,age_ythadult_yge25,geo_cov_rur,2022,5.613
irl,sex_f,age_ythadult_yge25,geo_cov_rur,2023,6.73
irl,sex_f,age_ythadult_yge25,geo_cov_rur,2024,6.316
irl,sex_f,age_ythadult_yge25,geo_cov_urb,2006,3.769
irl,sex_f,age_ythadult_yge25,geo_cov_urb,2007,4.815
irl,sex_f,age_ythadult_yge25,geo_cov_urb,2008,5.311
irl,sex_f,age_ythadult_yge25,geo_cov_urb,2009,8.108
irl,sex_f,age_ythadult_yge25,geo_cov_urb,2010,9.549
irl,sex_f,age_ythadult_yge25,geo_cov_urb,2011,11.126
irl,sex_f,age_ythadult_yge25,geo_cov_urb,2012,12.279
irl,sex_f,age_ythadult_yge25,geo_cov_urb,2013,11.99
irl,sex_f,age_ythadult_yge25,geo_cov_urb,2014,10.566
irl,sex_f,age_ythadult_yge25,geo_cov_urb,2015,9.041
irl,sex_f,age_ythadult_yge25,geo_cov_urb,2016,8.024
irl,sex_f,age_ythadult_yge25,geo_cov_urb,2017,8.508
irl,sex_f,age_ythadult_yge25,geo_cov_urb,2018,9.027
irl,sex_f,age_ythadult_yge25,geo_cov_urb,2019,7.956
irl,sex_f,age_ythadult_yge25,geo_cov_urb,2020,9.773
irl,sex_f,age_ythadult_yge25,geo_cov_urb,2021,9.883
irl,sex_f,age_ythadult_yge25,geo_cov_urb,2022,6.607
irl,sex_f,age_ythadult_yge25,geo_cov_urb,2023,7.032
irl,sex_f,age_ythadult_yge25,geo_cov_urb,2024,7.814
irl,sex_m,age_aggregate_total,geo_cov_nat,2006,5.089
irl,sex_m,age_aggregate_total,geo_cov_nat,2007,5.611
irl,sex_m,age_aggregate_total,geo_cov_nat,2008,8.329
irl,sex_m,age_aggregate_total,geo_cov_nat,2009,16.596
irl,sex_m,age_aggregate_total,geo_cov_nat,2010,18.972
irl,sex_m,age_aggregate_total,geo_cov_nat,2011,19.688
irl,sex_m,age_aggregate_total,geo_cov_nat,2012,19.616
irl,sex_m,age_aggregate_total,geo_cov_nat,2013,16.6
irl,sex_m,age_aggregate_total,geo_cov_nat,2014,14.077
irl,sex_m,age_aggregate_total,geo_cov_nat,2015,11.848
irl,sex_m,age_aggregate_total,geo_cov_nat,2016,10.094
irl,sex_m,age_aggregate_total,geo_cov_nat,2017,9.356
irl,sex_m,age_aggregate_total,geo_cov_nat,2018,9.5
irl,sex_m,age_aggregate_total,geo_cov_nat,2019,8.521
irl,sex_m,age_aggregate_total,geo_cov_nat,2020,10.213
irl,sex_m,age_aggregate_total,geo_cov_nat,2021,10.475
irl,sex_m,age_aggregate_total,geo_cov_nat,2022,6.626
irl,sex_m,age_aggregate_total,geo_cov_nat,2023,6.852
irl,sex_m,age_aggregate_total,geo_cov_nat,2024,7.862
irl,sex_m,age_aggregate_total,geo_cov_rur,2006,4.44
irl,sex_m,age_aggregate_total,geo_cov_rur,2007,5.108
irl,sex_m,age_aggregate_total,geo_cov_rur,2008,8.148
irl,sex_m,age_aggregate_total,geo_cov_rur,2009,17.177
irl,sex_m,age_aggregate_total,geo_cov_rur,2010,19.398
irl,sex_m,age_aggregate_total,geo_cov_rur,2011,20.113
irl,sex_m,age_aggregate_total,geo_cov_rur,2012,20.443
irl,sex_m,age_aggregate_total,geo_cov_rur,2013,16.032
irl,sex_m,age_aggregate_total,geo_cov_rur,2014,13.916
irl,sex_m,age_aggregate_total,geo_cov_rur,2015,11.22
irl,sex_m,age_aggregate_total,geo_cov_rur,2016,9.547
irl,sex_m,age_aggregate_total,geo_cov_rur,2017,8.604
irl,sex_m,age_aggregate_total,geo_cov_rur,2018,8.613
irl,sex_m,age_aggregate_total,geo_cov_rur,2019,7.792
irl,sex_m,age_aggregate_total,geo_cov_rur,2020,9.39
irl,sex_m,age_aggregate_total,geo_cov_rur,2021,8.683
irl,sex_m,age_aggregate_total,geo_cov_rur,2022,5.358
irl,sex_m,age_aggregate_total,geo_cov_rur,2023,5.931
irl,sex_m,age_aggregate_total,geo_cov_rur,2024,6.534
irl,sex_m,age_aggregate_total,geo_cov_urb,2006,6.308
irl,sex_m,age_aggregate_total,geo_cov_urb,2007,6.552
irl,sex_m,age_aggregate_total,geo_cov_urb,2008,8.672
irl,sex_m,age_aggregate_total,geo_cov_urb,2009,15.488
irl,sex_m,age_aggregate_total,geo_cov_urb,2010,18.145
irl,sex_m,age_aggregate_total,geo_cov_urb,2011,18.851
irl,sex_m,age_aggregate_total,geo_cov_urb,2012,18.944
irl,sex_m,age_aggregate_total,geo_cov_urb,2013,17.045
irl,sex_m,age_aggregate_total,geo_cov_urb,2014,14.198
irl,sex_m,age_aggregate_total,geo_cov_urb,2015,12.349
irl,sex_m,age_aggregate_total,geo_cov_urb,2016,10.525
irl,sex_m,age_aggregate_total,geo_cov_urb,2017,9.896
irl,sex_m,age_aggregate_total,geo_cov_urb,2018,10.113
irl,sex_m,age_aggregate_total,geo_cov_urb,2019,9.032
irl,sex_m,age_aggregate_total,geo_cov_urb,2020,10.828
irl,sex_m,age_aggregate_total,geo_cov_urb,2021,11.829
irl,sex_m,age_aggregate_total,geo_cov_urb,2022,7.556
irl,sex_m,age_aggregate_total,geo_cov_urb,2023,7.573
irl,sex_m,age_aggregate_total,geo_cov_urb,2024,8.836
irl,sex_m,age_aggregate_y15_24,geo_cov_nat,2006,10.117
irl,sex_m,age_aggregate_y15_24,geo_cov_nat,2007,10.792
irl,sex_m,age_aggregate_y15_24,geo_cov_nat,2008,17.163
irl,sex_m,age_aggregate_y15_24,geo_cov_nat,2009,33.119
irl,sex_m,age_aggregate_y15_24,geo_cov_nat,2010,36.7
irl,sex_m,age_aggregate_y15_24,geo_cov_nat,2011,37.974
irl,sex_m,age_aggregate_y15_24,geo_cov_nat,2012,39.547
irl,sex_m,age_aggregate_y15_24,geo_cov_nat,2013,32.37
irl,sex_m,age_aggregate_y15_24,geo_cov_nat,2014,28.148
irl,sex_m,age_aggregate_y15_24,geo_cov_nat,2015,25.1
irl,sex_m,age_aggregate_y15_24,geo_cov_nat,2016,20.782
irl,sex_m,age_aggregate_y15_24,geo_cov_nat,2017,20.818
irl,sex_m,age_aggregate_y15_24,geo_cov_nat,2018,23.556
irl,sex_m,age_aggregate_y15_24,geo_cov_nat,2019,22.902
irl,sex_m,age_aggregate_y15_24,geo_cov_nat,2020,29.177
irl,sex_m,age_aggregate_y15_24,geo_cov_nat,2021,26.809
irl,sex_m,age_aggregate_y15_24,geo_cov_nat,2022,16.122
irl,sex_m,age_aggregate_y15_24,geo_cov_nat,2023,17.584
irl,sex_m,age_aggregate_y15_24,geo_cov_nat,2024,23.196
irl,sex_m,age_aggregate_y15_24,geo_cov_rur,2006,9.739
irl,sex_m,age_aggregate_y15_24,geo_cov_rur,2007,10.37
irl,sex_m,age_aggregate_y15_24,geo_cov_rur,2008,17.91
irl,sex_m,age_aggregate_y15_24,geo_cov_rur,2009,36.048
irl,sex_m,age_aggregate_y15_24,geo_cov_rur,2010,37.761
irl,sex_m,age_aggregate_y15_24,geo_cov_rur,2011,39.3
irl,sex_m,age_aggregate_y15_24,geo_cov_rur,2012,42.296
irl,sex_m,age_aggregate_y15_24,geo_cov_rur,2013,33.071
irl,sex_m,age_aggregate_y15_24,geo_cov_rur,2014,30.325
irl,sex_m,age_aggregate_y15_24,geo_cov_rur,2015,25.517
irl,sex_m,age_aggregate_y15_24,geo_cov_rur,2016,20.869
irl,sex_m,age_aggregate_y15_24,geo_cov_rur,2017,19.39
irl,sex_m,age_aggregate_y15_24,geo_cov_rur,2018,22.565
irl,sex_m,age_aggregate_y15_24,geo_cov_rur,2019,22.581
irl,sex_m,age_aggregate_y15_24,geo_cov_rur,2020,29.092
irl,sex_m,age_aggregate_y15_24,geo_cov_rur,2021,21.512
irl,sex_m,age_aggregate_y15_24,geo_cov_rur,2022,13.088
irl,sex_m,age_aggregate_y15_24,geo_cov_rur,2023,16.447
irl,sex_m,age_aggregate_y15_24,geo_cov_rur,2024,19.544
irl,sex_m,age_aggregate_y15_24,geo_cov_urb,2006,10.724
irl,sex_m,age_aggregate_y15_24,geo_cov_urb,2007,11.471
irl,sex_m,age_aggregate_y15_24,geo_cov_urb,2008,15.941
irl,sex_m,age_aggregate_y15_24,geo_cov_urb,2009,28.187
irl,sex_m,age_aggregate_y15_24,geo_cov_urb,2010,34.812
irl,sex_m,age_aggregate_y15_24,geo_cov_urb,2011,35.737
irl,sex_m,age_aggregate_y15_24,geo_cov_urb,2012,37.556
irl,sex_m,age_aggregate_y15_24,geo_cov_urb,2013,31.911
irl,sex_m,age_aggregate_y15_24,geo_cov_urb,2014,26.73
irl,sex_m,age_aggregate_y15_24,geo_cov_urb,2015,24.804
irl,sex_m,age_aggregate_y15_24,geo_cov_urb,2016,20.723
irl,sex_m,age_aggregate_y15_24,geo_cov_urb,2017,21.714
irl,sex_m,age_aggregate_y15_24,geo_cov_urb,2018,24.196
irl,sex_m,age_aggregate_y15_24,geo_cov_urb,2019,23.109
irl,sex_m,age_aggregate_y15_24,geo_cov_urb,2020,29.243
irl,sex_m,age_aggregate_y15_24,geo_cov_urb,2021,30.939
irl,sex_m,age_aggregate_y15_24,geo_cov_urb,2022,18.594
irl,sex_m,age_aggregate_y15_24,geo_cov_urb,2023,18.554
irl,sex_m,age_aggregate_y15_24,geo_cov_urb,2024,26.461
irl,sex_m,age_aggregate_y25_54,geo_cov_nat,2006,4.507
irl,sex_m,age_aggregate_y25_54,geo_cov_nat,2007,4.739
irl,sex_m,age_aggregate_y25_54,geo_cov_nat,2008,6.986
irl,sex_m,age_aggregate_y25_54,geo_cov_nat,2009,14.53
irl,sex_m,age_aggregate_y25_54,geo_cov_nat,2010,17.168
irl,sex_m,age_aggregate_y25_54,geo_cov_nat,2011,18.047
irl,sex_m,age_aggregate_y25_54,geo_cov_nat,2012,17.559
irl,sex_m,age_aggregate_y25_54,geo_cov_nat,2013,14.796
irl,sex_m,age_aggregate_y25_54,geo_cov_nat,2014,12.554
irl,sex_m,age_aggregate_y25_54,geo_cov_nat,2015,10.438
irl,sex_m,age_aggregate_y25_54,geo_cov_nat,2016,8.797
irl,sex_m,age_aggregate_y25_54,geo_cov_nat,2017,7.489
irl,sex_m,age_aggregate_y25_54,geo_cov_nat,2018,6.691
irl,sex_m,age_aggregate_y25_54,geo_cov_nat,2019,5.933
irl,sex_m,age_aggregate_y25_54,geo_cov_nat,2020,6.94
irl,sex_m,age_aggregate_y25_54,geo_cov_nat,2021,7.207
irl,sex_m,age_aggregate_y25_54,geo_cov_nat,2022,5.233
irl,sex_m,age_aggregate_y25_54,geo_cov_nat,2023,5.096
irl,sex_m,age_aggregate_y25_54,geo_cov_nat,2024,4.988
irl,sex_m,age_aggregate_y25_54,geo_cov_rur,2006,3.825
irl,sex_m,age_aggregate_y25_54,geo_cov_rur,2007,4.295
irl,sex_m,age_aggregate_y25_54,geo_cov_rur,2008,6.824
irl,sex_m,age_aggregate_y25_54,geo_cov_rur,2009,15.046
irl,sex_m,age_aggregate_y25_54,geo_cov_rur,2010,17.736
irl,sex_m,age_aggregate_y25_54,geo_cov_rur,2011,18.694
irl,sex_m,age_aggregate_y25_54,geo_cov_rur,2012,18.726
irl,sex_m,age_aggregate_y25_54,geo_cov_rur,2013,14.987
irl,sex_m,age_aggregate_y25_54,geo_cov_rur,2014,12.684
irl,sex_m,age_aggregate_y25_54,geo_cov_rur,2015,9.952
irl,sex_m,age_aggregate_y25_54,geo_cov_rur,2016,8.489
irl,sex_m,age_aggregate_y25_54,geo_cov_rur,2017,7.23
irl,sex_m,age_aggregate_y25_54,geo_cov_rur,2018,6.009
irl,sex_m,age_aggregate_y25_54,geo_cov_rur,2019,5.118
irl,sex_m,age_aggregate_y25_54,geo_cov_rur,2020,6.085
irl,sex_m,age_aggregate_y25_54,geo_cov_rur,2021,5.87
irl,sex_m,age_aggregate_y25_54,geo_cov_rur,2022,4.11
irl,sex_m,age_aggregate_y25_54,geo_cov_rur,2023,4.281
irl,sex_m,age_aggregate_y25_54,geo_cov_rur,2024,3.715
irl,sex_m,age_aggregate_y25_54,geo_cov_urb,2006,5.779
irl,sex_m,age_aggregate_y25_54,geo_cov_urb,2007,5.558
irl,sex_m,age_aggregate_y25_54,geo_cov_urb,2008,7.285
irl,sex_m,age_aggregate_y25_54,geo_cov_urb,2009,13.575
irl,sex_m,age_aggregate_y25_54,geo_cov_urb,2010,16.106
irl,sex_m,age_aggregate_y25_54,geo_cov_urb,2011,16.81
irl,sex_m,age_aggregate_y25_54,geo_cov_urb,2012,16.684
irl,sex_m,age_aggregate_y25_54,geo_cov_urb,2013,14.658
irl,sex_m,age_aggregate_y25_54,geo_cov_urb,2014,12.463
irl,sex_m,age_aggregate_y25_54,geo_cov_urb,2015,10.794
irl,sex_m,age_aggregate_y25_54,geo_cov_urb,2016,9.019
irl,sex_m,age_aggregate_y25_54,geo_cov_urb,2017,7.656
irl,sex_m,age_aggregate_y25_54,geo_cov_urb,2018,7.109
irl,sex_m,age_aggregate_y25_54,geo_cov_urb,2019,6.442
irl,sex_m,age_aggregate_y25_54,geo_cov_urb,2020,7.504
irl,sex_m,age_aggregate_y25_54,geo_cov_urb,2021,8.094
irl,sex_m,age_aggregate_y25_54,geo_cov_urb,2022,5.943
irl,sex_m,age_aggregate_y25_54,geo_cov_urb,2023,5.619
irl,sex_m,age_aggregate_y25_54,geo_cov_urb,2024,5.778
irl,sex_m,age_aggregate_y55_64,geo_cov_nat,2006,2.784
irl,sex_m,age_aggregate_y55_64,geo_cov_nat,2007,3.165
irl,sex_m,age_aggregate_y55_64,geo_cov_nat,2008,4.495
irl,sex_m,age_aggregate_y55_64,geo_cov_nat,2009,9.942
irl,sex_m,age_aggregate_y55_64,geo_cov_nat,2010,12.61
irl,sex_m,age_aggregate_y55_64,geo_cov_nat,2011,13.937
irl,sex_m,age_aggregate_y55_64,geo_cov_nat,2012,15.558
irl,sex_m,age_aggregate_y55_64,geo_cov_nat,2013,14.645
irl,sex_m,age_aggregate_y55_64,geo_cov_nat,2014,12.541
irl,sex_m,age_aggregate_y55_64,geo_cov_nat,2015,10.036
irl,sex_m,age_aggregate_y55_64,geo_cov_nat,2016,8.951
irl,sex_m,age_aggregate_y55_64,geo_cov_nat,2017,9.106
irl,sex_m,age_aggregate_y55_64,geo_cov_nat,2018,9.087
irl,sex_m,age_aggregate_y55_64,geo_cov_nat,2019,7.182
irl,sex_m,age_aggregate_y55_64,geo_cov_nat,2020,8.517
irl,sex_m,age_aggregate_y55_64,geo_cov_nat,2021,9.8
irl,sex_m,age_aggregate_y55_64,geo_cov_nat,2022,5.434
irl,sex_m,age_aggregate_y55_64,geo_cov_nat,2023,4.876
irl,sex_m,age_aggregate_y55_64,geo_cov_nat,2024,5.176
irl,sex_m,age_aggregate_y55_64,geo_cov_rur,2006,2.568
irl,sex_m,age_aggregate_y55_64,geo_cov_rur,2007,2.95
irl,sex_m,age_aggregate_y55_64,geo_cov_rur,2008,4.152
irl,sex_m,age_aggregate_y55_64,geo_cov_rur,2009,10.155
irl,sex_m,age_aggregate_y55_64,geo_cov_rur,2010,13.215
irl,sex_m,age_aggregate_y55_64,geo_cov_rur,2011,14.533
irl,sex_m,age_aggregate_y55_64,geo_cov_rur,2012,16.995
irl,sex_m,age_aggregate_y55_64,geo_cov_rur,2013,12.889
irl,sex_m,age_aggregate_y55_64,geo_cov_rur,2014,11.769
irl,sex_m,age_aggregate_y55_64,geo_cov_rur,2015,9.596
irl,sex_m,age_aggregate_y55_64,geo_cov_rur,2016,8.39
irl,sex_m,age_aggregate_y55_64,geo_cov_rur,2017,8.336
irl,sex_m,age_aggregate_y55_64,geo_cov_rur,2018,8.488
irl,sex_m,age_aggregate_y55_64,geo_cov_rur,2019,7.495
irl,sex_m,age_aggregate_y55_64,geo_cov_rur,2020,7.068
irl,sex_m,age_aggregate_y55_64,geo_cov_rur,2021,8.831
irl,sex_m,age_aggregate_y55_64,geo_cov_rur,2022,4.517
irl,sex_m,age_aggregate_y55_64,geo_cov_rur,2023,3.186
irl,sex_m,age_aggregate_y55_64,geo_cov_rur,2024,4.202
irl,sex_m,age_aggregate_y55_64,geo_cov_urb,2007,3.669
irl,sex_m,age_aggregate_y55_64,geo_cov_urb,2008,5.274
irl,sex_m,age_aggregate_y55_64,geo_cov_urb,2009,9.44
irl,sex_m,age_aggregate_y55_64,geo_cov_urb,2010,11.123
irl,sex_m,age_aggregate_y55_64,geo_cov_urb,2011,12.425
irl,sex_m,age_aggregate_y55_64,geo_cov_urb,2012,13.892
irl,sex_m,age_aggregate_y55_64,geo_cov_urb,2013,16.57
irl,sex_m,age_aggregate_y55_64,geo_cov_urb,2014,13.339
irl,sex_m,age_aggregate_y55_64,geo_cov_urb,2015,10.505
irl,sex_m,age_aggregate_y55_64,geo_cov_urb,2016,9.56
irl,sex_m,age_aggregate_y55_64,geo_cov_urb,2017,9.902
irl,sex_m,age_aggregate_y55_64,geo_cov_urb,2018,9.658
irl,sex_m,age_aggregate_y55_64,geo_cov_urb,2019,6.878
irl,sex_m,age_aggregate_y55_64,geo_cov_urb,2020,9.912
irl,sex_m,age_aggregate_y55_64,geo_cov_urb,2021,10.742
irl,sex_m,age_aggregate_y55_64,geo_cov_urb,2022,6.361
irl,sex_m,age_aggregate_y55_64,geo_cov_urb,2023,6.823
irl,sex_m,age_aggregate_y55_64,geo_cov_urb,2024,6.082
irl,sex_m,age_aggregate_yge65,geo_cov_nat,2007,1.31
irl,sex_m,age_aggregate_yge65,geo_cov_nat,2008,1.011
irl,sex_m,age_aggregate_yge65,geo_cov_nat,2009,1.73
irl,sex_m,age_aggregate_yge65,geo_cov_nat,2010,3.448
irl,sex_m,age_aggregate_yge65,geo_cov_nat,2011,2.991
irl,sex_m,age_aggregate_yge65,geo_cov_nat,2012,3.956
irl,sex_m,age_aggregate_yge65,geo_cov_nat,2013,4.742
irl,sex_m,age_aggregate_yge65,geo_cov_nat,2014,2.716
irl,sex_m,age_aggregate_yge65,geo_cov_nat,2015,3.018
irl,sex_m,age_aggregate_yge65,geo_cov_nat,2016,3.662
irl,sex_m,age_aggregate_yge65,geo_cov_nat,2017,9.554
irl,sex_m,age_aggregate_yge65,geo_cov_nat,2018,14.759
irl,sex_m,age_aggregate_yge65,geo_cov_nat,2019,12.487
irl,sex_m,age_aggregate_yge65,geo_cov_nat,2020,12.947
irl,sex_m,age_aggregate_yge65,geo_cov_nat,2021,11.034
irl,sex_m,age_aggregate_yge65,geo_cov_nat,2022,5.85
irl,sex_m,age_aggregate_yge65,geo_cov_nat,2023,6.072
irl,sex_m,age_aggregate_yge65,geo_cov_nat,2024,10.118
irl,sex_m,age_aggregate_yge65,geo_cov_rur,2007,0.882
irl,sex_m,age_aggregate_yge65,geo_cov_rur,2008,0.667
irl,sex_m,age_aggregate_yge65,geo_cov_rur,2009,1.516
irl,sex_m,age_aggregate_yge65,geo_cov_rur,2010,2.983
irl,sex_m,age_aggregate_yge65,geo_cov_rur,2011,2.162
irl,sex_m,age_aggregate_yge65,geo_cov_rur,2012,2.468
irl,sex_m,age_aggregate_yge65,geo_cov_rur,2013,2.247
irl,sex_m,age_aggregate_yge65,geo_cov_rur,2014,1.812
irl,sex_m,age_aggregate_yge65,geo_cov_rur,2015,2.428
irl,sex_m,age_aggregate_yge65,geo_cov_rur,2016,3.065
irl,sex_m,age_aggregate_yge65,geo_cov_rur,2017,5.363
irl,sex_m,age_aggregate_yge65,geo_cov_rur,2018,8.93
irl,sex_m,age_aggregate_yge65,geo_cov_rur,2019,8.085
irl,sex_m,age_aggregate_yge65,geo_cov_rur,2020,9.204
irl,sex_m,age_aggregate_yge65,geo_cov_rur,2021,7.69
irl,sex_m,age_aggregate_yge65,geo_cov_rur,2022,4.221
irl,sex_m,age_aggregate_yge65,geo_cov_rur,2023,5.289
irl,sex_m,age_aggregate_yge65,geo_cov_rur,2024,6.909
irl,sex_m,age_aggregate_yge65,geo_cov_urb,2007,2.843
irl,sex_m,age_aggregate_yge65,geo_cov_urb,2008,2.401
irl,sex_m,age_aggregate_yge65,geo_cov_urb,2009,2.589
irl,sex_m,age_aggregate_yge65,geo_cov_urb,2010,4.948
irl,sex_m,age_aggregate_yge65,geo_cov_urb,2011,5.92
irl,sex_m,age_aggregate_yge65,geo_cov_urb,2012,7.262
irl,sex_m,age_aggregate_yge65,geo_cov_urb,2013,9.91
irl,sex_m,age_aggregate_yge65,geo_cov_urb,2014,4.391
irl,sex_m,age_aggregate_yge65,geo_cov_urb,2015,4.157
irl,sex_m,age_aggregate_yge65,geo_cov_urb,2016,4.942
irl,sex_m,age_aggregate_yge65,geo_cov_urb,2017,17.395
irl,sex_m,age_aggregate_yge65,geo_cov_urb,2018,24.747
irl,sex_m,age_aggregate_yge65,geo_cov_urb,2019,19.722
irl,sex_m,age_aggregate_yge65,geo_cov_urb,2020,18.833
irl,sex_m,age_aggregate_yge65,geo_cov_urb,2021,16.122
irl,sex_m,age_aggregate_yge65,geo_cov_urb,2022,8.168
irl,sex_m,age_aggregate_yge65,geo_cov_urb,2023,7.496
irl,sex_m,age_aggregate_yge65,geo_cov_urb,2024,15.083
irl,sex_m,age_ythadult_y15_24,geo_cov_nat,2006,10.117
irl,sex_m,age_ythadult_y15_24,geo_cov_nat,2007,10.792
irl,sex_m,age_ythadult_y15_24,geo_cov_nat,2008,17.163
irl,sex_m,age_ythadult_y15_24,geo_cov_nat,2009,33.119
irl,sex_m,age_ythadult_y15_24,geo_cov_nat,2010,36.7
irl,sex_m,age_ythadult_y15_24,geo_cov_nat,2011,37.974
irl,sex_m,age_ythadult_y15_24,geo_cov_nat,2012,39.547
irl,sex_m,age_ythadult_y15_24,geo_cov_nat,2013,32.37
irl,sex_m,age_ythadult_y15_24,geo_cov_nat,2014,28.148
irl,sex_m,age_ythadult_y15_24,geo_cov_nat,2015,25.1
irl,sex_m,age_ythadult_y15_24,geo_cov_nat,2016,20.782
irl,sex_m,age_ythadult_y15_24,geo_cov_nat,2017,20.818
irl,sex_m,age_ythadult_y15_24,geo_cov_nat,2018,23.556
irl,sex_m,age_ythadult_y15_24,geo_cov_nat,2019,22.902
irl,sex_m,age_ythadult_y15_24,geo_cov_nat,2020,29.177
irl,sex_m,age_ythadult_y15_24,geo_cov_nat,2021,26.809
irl,sex_m,age_ythadult_y15_24,geo_cov_nat,2022,16.122
irl,sex_m,age_ythadult_y15_24,geo_cov_nat,2023,17.584
irl,sex_m,age_ythadult_y15_24,geo_cov_nat,2024,23.196
irl,sex_m,age_ythadult_y15_24,geo_cov_rur,2006,9.739
irl,sex_m,age_ythadult_y15_24,geo_cov_rur,2007,10.37
irl,sex_m,age_ythadult_y15_24,geo_cov_rur,2008,17.91
irl,sex_m,age_ythadult_y15_24,geo_cov_rur,2009,36.048
irl,sex_m,age_ythadult_y15_24,geo_cov_rur,2010,37.761
irl,sex_m,age_ythadult_y15_24,geo_cov_rur,2011,39.3
irl,sex_m,age_ythadult_y15_24,geo_cov_rur,2012,42.296
irl,sex_m,age_ythadult_y15_24,geo_cov_rur,2013,33.071
irl,sex_m,age_ythadult_y15_24,geo_cov_rur,2014,30.325
irl,sex_m,age_ythadult_y15_24,geo_cov_rur,2015,25.517
irl,sex_m,age_ythadult_y15_24,geo_cov_rur,2016,20.869
irl,sex_m,age_ythadult_y15_24,geo_cov_rur,2017,19.39
irl,sex_m,age_ythadult_y15_24,geo_cov_rur,2018,22.565
irl,sex_m,age_ythadult_y15_24,geo_cov_rur,2019,22.581
irl,sex_m,age_ythadult_y15_24,geo_cov_rur,2020,29.092
irl,sex_m,age_ythadult_y15_24,geo_cov_rur,2021,21.512
irl,sex_m,age_ythadult_y15_24,geo_cov_rur,2022,13.088
irl,sex_m,age_ythadult_y15_24,geo_cov_rur,2023,16.447
irl,sex_m,age_ythadult_y15_24,geo_cov_rur,2024,19.544
irl,sex_m,age_ythadult_y15_24,geo_cov_urb,2006,10.724
irl,sex_m,age_ythadult_y15_24,geo_cov_urb,2007,11.471
irl,sex_m,age_ythadult_y15_24,geo_cov_urb,2008,15.941
irl,sex_m,age_ythadult_y15_24,geo_cov_urb,2009,28.187
irl,sex_m,age_ythadult_y15_24,geo_cov_urb,2010,34.812
irl,sex_m,age_ythadult_y15_24,geo_cov_urb,2011,35.737
irl,sex_m,age_ythadult_y15_24,geo_cov_urb,2012,37.556
irl,sex_m,age_ythadult_y15_24,geo_cov_urb,2013,31.911
irl,sex_m,age_ythadult_y15_24,geo_cov_urb,2014,26.73
irl,sex_m,age_ythadult_y15_24,geo_cov_urb,2015,24.804
irl,sex_m,age_ythadult_y15_24,geo_cov_urb,2016,20.723
irl,sex_m,age_ythadult_y15_24,geo_cov_urb,2017,21.714
irl,sex_m,age_ythadult_y15_24,geo_cov_urb,2018,24.196
irl,sex_m,age_ythadult_y15_24,geo_cov_urb,2019,23.109
irl,sex_m,age_ythadult_y15_24,geo_cov_urb,2020,29.243
irl,sex_m,age_ythadult_y15_24,geo_cov_urb,2021,30.939
irl,sex_m,age_ythadult_y15_24,geo_cov_urb,2022,18.594
irl,sex_m,age_ythadult_y15_24,geo_cov_urb,2023,18.554
irl,sex_m,age_ythadult_y15_24,geo_cov_urb,2024,26.461
irl,sex_m,age_ythadult_y15_64,geo_cov_nat,2006,5.202
irl,sex_m,age_ythadult_y15_64,geo_cov_nat,2007,5.722
irl,sex_m,age_ythadult_y15_64,geo_cov_nat,2008,8.525
irl,sex_m,age_ythadult_y15_64,geo_cov_nat,2009,16.987
irl,sex_m,age_ythadult_y15_64,geo_cov_nat,2010,19.401
irl,sex_m,age_ythadult_y15_64,geo_cov_nat,2011,20.164
irl,sex_m,age_ythadult_y15_64,geo_cov_nat,2012,20.099
irl,sex_m,age_ythadult_y15_64,geo_cov_nat,2013,16.984
irl,sex_m,age_ythadult_y15_64,geo_cov_nat,2014,14.458
irl,sex_m,age_ythadult_y15_64,geo_cov_nat,2015,12.175
irl,sex_m,age_ythadult_y15_64,geo_cov_nat,2016,10.339
irl,sex_m,age_ythadult_y15_64,geo_cov_nat,2017,9.347
irl,sex_m,age_ythadult_y15_64,geo_cov_nat,2018,9.241
irl,sex_m,age_ythadult_y15_64,geo_cov_nat,2019,8.324
irl,sex_m,age_ythadult_y15_64,geo_cov_nat,2020,10.065
irl,sex_m,age_ythadult_y15_64,geo_cov_nat,2021,10.44
irl,sex_m,age_ythadult_y15_64,geo_cov_nat,2022,6.667
irl,sex_m,age_ythadult_y15_64,geo_cov_nat,2023,6.905
irl,sex_m,age_ythadult_y15_64,geo_cov_nat,2024,7.725
irl,sex_m,age_ythadult_y15_64,geo_cov_rur,2006,4.565
irl,sex_m,age_ythadult_y15_64,geo_cov_rur,2007,5.239
irl,sex_m,age_ythadult_y15_64,geo_cov_rur,2008,8.395
irl,sex_m,age_ythadult_y15_64,geo_cov_rur,2009,17.683
irl,sex_m,age_ythadult_y15_64,geo_cov_rur,2010,19.926
irl,sex_m,age_ythadult_y15_64,geo_cov_rur,2011,20.716
irl,sex_m,age_ythadult_y15_64,geo_cov_rur,2012,21.309
irl,sex_m,age_ythadult_y15_64,geo_cov_rur,2013,16.73
irl,sex_m,age_ythadult_y15_64,geo_cov_rur,2014,14.539
irl,sex_m,age_ythadult_y15_64,geo_cov_rur,2015,11.712
irl,sex_m,age_ythadult_y15_64,geo_cov_rur,2016,9.938
irl,sex_m,age_ythadult_y15_64,geo_cov_rur,2017,8.829
irl,sex_m,age_ythadult_y15_64,geo_cov_rur,2018,8.589
irl,sex_m,age_ythadult_y15_64,geo_cov_rur,2019,7.77
irl,sex_m,age_ythadult_y15_64,geo_cov_rur,2020,9.405
irl,sex_m,age_ythadult_y15_64,geo_cov_rur,2021,8.772
irl,sex_m,age_ythadult_y15_64,geo_cov_rur,2022,5.443
irl,sex_m,age_ythadult_y15_64,geo_cov_rur,2023,5.997
irl,sex_m,age_ythadult_y15_64,geo_cov_rur,2024,6.501
irl,sex_m,age_ythadult_y15_64,geo_cov_urb,2006,6.384
irl,sex_m,age_ythadult_y15_64,geo_cov_urb,2007,6.612
irl,sex_m,age_ythadult_y15_64,geo_cov_urb,2008,8.767
irl,sex_m,age_ythadult_y15_64,geo_cov_urb,2009,15.683
irl,sex_m,age_ythadult_y15_64,geo_cov_urb,2010,18.396
irl,sex_m,age_ythadult_y15_64,geo_cov_urb,2011,19.09
irl,sex_m,age_ythadult_y15_64,geo_cov_urb,2012,19.144
irl,sex_m,age_ythadult_y15_64,geo_cov_urb,2013,17.177
irl,sex_m,age_ythadult_y15_64,geo_cov_urb,2014,14.399
irl,sex_m,age_ythadult_y15_64,geo_cov_urb,2015,12.532
irl,sex_m,age_ythadult_y15_64,geo_cov_urb,2016,10.645
irl,sex_m,age_ythadult_y15_64,geo_cov_urb,2017,9.704
irl,sex_m,age_ythadult_y15_64,geo_cov_urb,2018,9.672
irl,sex_m,age_ythadult_y15_64,geo_cov_urb,2019,8.696
irl,sex_m,age_ythadult_y15_64,geo_cov_urb,2020,10.538
irl,sex_m,age_ythadult_y15_64,geo_cov_urb,2021,11.645
irl,sex_m,age_ythadult_y15_64,geo_cov_urb,2022,7.533
irl,sex_m,age_ythadult_y15_64,geo_cov_urb,2023,7.576
irl,sex_m,age_ythadult_y15_64,geo_cov_urb,2024,8.584
irl,sex_m,age_ythadult_yge15,geo_cov_nat,2006,5.089
irl,sex_m,age_ythadult_yge15,geo_cov_nat,2007,5.611
irl,sex_m,age_ythadult_yge15,geo_cov_nat,2008,8.329
irl,sex_m,age_ythadult_yge15,geo_cov_nat,2009,16.596
irl,sex_m,age_ythadult_yge15,geo_cov_nat,2010,18.972
irl,sex_m,age_ythadult_yge15,geo_cov_nat,2011,19.688
irl,sex_m,age_ythadult_yge15,geo_cov_nat,2012,19.616
irl,sex_m,age_ythadult_yge15,geo_cov_nat,2013,16.6
irl,sex_m,age_ythadult_yge15,geo_cov_nat,2014,14.077
irl,sex_m,age_ythadult_yge15,geo_cov_nat,2015,11.848
irl,sex_m,age_ythadult_yge15,geo_cov_nat,2016,10.094
irl,sex_m,age_ythadult_yge15,geo_cov_nat,2017,9.356
irl,sex_m,age_ythadult_yge15,geo_cov_nat,2018,9.5
irl,sex_m,age_ythadult_yge15,geo_cov_nat,2019,8.521
irl,sex_m,age_ythadult_yge15,geo_cov_nat,2020,10.213
irl,sex_m,age_ythadult_yge15,geo_cov_nat,2021,10.475
irl,sex_m,age_ythadult_yge15,geo_cov_nat,2022,6.626
irl,sex_m,age_ythadult_yge15,geo_cov_nat,2023,6.852
irl,sex_m,age_ythadult_yge15,geo_cov_nat,2024,7.862
irl,sex_m,age_ythadult_yge15,geo_cov_rur,2006,4.44
irl,sex_m,age_ythadult_yge15,geo_cov_rur,2007,5.108
irl,sex_m,age_ythadult_yge15,geo_cov_rur,2008,8.148
irl,sex_m,age_ythadult_yge15,geo_cov_rur,2009,17.177
irl,sex_m,age_ythadult_yge15,geo_cov_rur,2010,19.398
irl,sex_m,age_ythadult_yge15,geo_cov_rur,2011,20.113
irl,sex_m,age_ythadult_yge15,geo_cov_rur,2012,20.443
irl,sex_m,age_ythadult_yge15,geo_cov_rur,2013,16.032
irl,sex_m,age_ythadult_yge15,geo_cov_rur,2014,13.916
irl,sex_m,age_ythadult_yge15,geo_cov_rur,2015,11.22
irl,sex_m,age_ythadult_yge15,geo_cov_rur,2016,9.547
irl,sex_m,age_ythadult_yge15,geo_cov_rur,2017,8.604
irl,sex_m,age_ythadult_yge15,geo_cov_rur,2018,8.613
irl,sex_m,age_ythadult_yge15,geo_cov_rur,2019,7.792
irl,sex_m,age_ythadult_yge15,geo_cov_rur,2020,9.39
irl,sex_m,age_ythadult_yge15,geo_cov_rur,2021,8.683
irl,sex_m,age_ythadult_yge15,geo_cov_rur,2022,5.358
irl,sex_m,age_ythadult_yge15,geo_cov_rur,2023,5.931
irl,sex_m,age_ythadult_yge15,geo_cov_rur,2024,6.534
irl,sex_m,age_ythadult_yge15,geo_cov_urb,2006,6.308
irl,sex_m,age_ythadult_yge15,geo_cov_urb,2007,6.552
irl,sex_m,age_ythadult_yge15,geo_cov_urb,2008,8.672
irl,sex_m,age_ythadult_yge15,geo_cov_urb,2009,15.488
irl,sex_m,age_ythadult_yge15,geo_cov_urb,2010,18.145
irl,sex_m,age_ythadult_yge15,geo_cov_urb,2011,18.851
irl,sex_m,age_ythadult_yge15,geo_cov_urb,2012,18.944
irl,sex_m,age_ythadult_yge15,geo_cov_urb,2013,17.045
irl,sex_m,age_ythadult_yge15,geo_cov_urb,2014,14.198
irl,sex_m,age_ythadult_yge15,geo_cov_urb,2015,12.349
irl,sex_m,age_ythadult_yge15,geo_cov_urb,2016,10.525
irl,sex_m,age_ythadult_yge15,geo_cov_urb,2017,9.896
irl,sex_m,age_ythadult_yge15,geo_cov_urb,2018,10.113
irl,sex_m,age_ythadult_yge15,geo_cov_urb,2019,9.032
irl,sex_m,age_ythadult_yge15,geo_cov_urb,2020,10.828
irl,sex_m,age_ythadult_yge15,geo_cov_urb,2021,11.829
irl,sex_m,age_ythadult_yge15,geo_cov_urb,2022,7.556
irl,sex_m,age_ythadult_yge15,geo_cov_urb,2023,7.573
irl,sex_m,age_ythadult_yge15,geo_cov_urb,2024,8.836
irl,sex_m,age_ythadult_yge25,geo_cov_nat,2006,4.16
irl,sex_m,age_ythadult_yge25,geo_cov_nat,2007,4.418
irl,sex_m,age_ythadult_yge25,geo_cov_nat,2008,6.455
irl,sex_m,age_ythadult_yge25,geo_cov_nat,2009,13.509
irl,sex_m,age_ythadult_yge25,geo_cov_nat,2010,16.111
irl,sex_m,age_ythadult_yge25,geo_cov_nat,2011,16.996
irl,sex_m,age_ythadult_yge25,geo_cov_nat,2012,16.814
irl,sex_m,age_ythadult_yge25,geo_cov_nat,2013,14.414
irl,sex_m,age_ythadult_yge25,geo_cov_nat,2014,12.19
irl,sex_m,age_ythadult_yge25,geo_cov_nat,2015,10.074
irl,sex_m,age_ythadult_yge25,geo_cov_nat,2016,8.606
irl,sex_m,age_ythadult_yge25,geo_cov_nat,2017,7.85
irl,sex_m,age_ythadult_yge25,geo_cov_nat,2018,7.522
irl,sex_m,age_ythadult_yge25,geo_cov_nat,2019,6.496
irl,sex_m,age_ythadult_yge25,geo_cov_nat,2020,7.561
irl,sex_m,age_ythadult_yge25,geo_cov_nat,2021,7.913
irl,sex_m,age_ythadult_yge25,geo_cov_nat,2022,5.304
irl,sex_m,age_ythadult_yge25,geo_cov_nat,2023,5.128
irl,sex_m,age_ythadult_yge25,geo_cov_nat,2024,5.362
irl,sex_m,age_ythadult_yge25,geo_cov_rur,2006,3.526
irl,sex_m,age_ythadult_yge25,geo_cov_rur,2007,3.975
irl,sex_m,age_ythadult_yge25,geo_cov_rur,2008,6.204
irl,sex_m,age_ythadult_yge25,geo_cov_rur,2009,13.833
irl,sex_m,age_ythadult_yge25,geo_cov_rur,2010,16.538
irl,sex_m,age_ythadult_yge25,geo_cov_rur,2011,17.461
irl,sex_m,age_ythadult_yge25,geo_cov_rur,2012,17.593
irl,sex_m,age_ythadult_yge25,geo_cov_rur,2013,13.932
irl,sex_m,age_ythadult_yge25,geo_cov_rur,2014,11.926
irl,sex_m,age_ythadult_yge25,geo_cov_rur,2015,9.438
irl,sex_m,age_ythadult_yge25,geo_cov_rur,2016,8.124
irl,sex_m,age_ythadult_yge25,geo_cov_rur,2017,7.311
irl,sex_m,age_ythadult_yge25,geo_cov_rur,2018,6.739
irl,sex_m,age_ythadult_yge25,geo_cov_rur,2019,5.83
irl,sex_m,age_ythadult_yge25,geo_cov_rur,2020,6.541
irl,sex_m,age_ythadult_yge25,geo_cov_rur,2021,6.629
irl,sex_m,age_ythadult_yge25,geo_cov_rur,2022,4.206
irl,sex_m,age_ythadult_yge25,geo_cov_rur,2023,4.146
irl,sex_m,age_ythadult_yge25,geo_cov_rur,2024,4.126
irl,sex_m,age_ythadult_yge25,geo_cov_urb,2006,5.39
irl,sex_m,age_ythadult_yge25,geo_cov_urb,2007,5.278
irl,sex_m,age_ythadult_yge25,geo_cov_urb,2008,6.946
irl,sex_m,age_ythadult_yge25,geo_cov_urb,2009,12.878
irl,sex_m,age_ythadult_yge25,geo_cov_urb,2010,15.273
irl,sex_m,age_ythadult_yge25,geo_cov_urb,2011,16.058
irl,sex_m,age_ythadult_yge25,geo_cov_urb,2012,16.169
irl,sex_m,age_ythadult_yge25,geo_cov_urb,2013,14.802
irl,sex_m,age_ythadult_yge25,geo_cov_urb,2014,12.394
irl,sex_m,age_ythadult_yge25,geo_cov_urb,2015,10.588
irl,sex_m,age_ythadult_yge25,geo_cov_urb,2016,8.996
irl,sex_m,age_ythadult_yge25,geo_cov_urb,2017,8.244
irl,sex_m,age_ythadult_yge25,geo_cov_urb,2018,8.069
irl,sex_m,age_ythadult_yge25,geo_cov_urb,2019,6.97
irl,sex_m,age_ythadult_yge25,geo_cov_urb,2020,8.319
irl,sex_m,age_ythadult_yge25,geo_cov_urb,2021,8.879
irl,sex_m,age_ythadult_yge25,geo_cov_urb,2022,6.098
irl,sex_m,age_ythadult_yge25,geo_cov_urb,2023,5.886
irl,sex_m,age_ythadult_yge25,geo_cov_urb,2024,6.241
irl,sex_t,age_aggregate_total,geo_cov_nat,2006,4.996
irl,sex_t,age_aggregate_total,geo_cov_nat,2007,5.642
irl,sex_t,age_aggregate_total,geo_cov_nat,2008,7.5
irl,sex_t,age_aggregate_total,geo_cov_nat,2009,13.927
irl,sex_t,age_aggregate_total,geo_cov_nat,2010,16.145
irl,sex_t,age_aggregate_total,geo_cov_nat,2011,17.113
irl,sex_t,age_aggregate_total,geo_cov_nat,2012,17.262
irl,sex_t,age_aggregate_total,geo_cov_nat,2013,15.415
irl,sex_t,age_aggregate_total,geo_cov_nat,2014,13.253
irl,sex_t,age_aggregate_total,geo_cov_nat,2015,11.013
irl,sex_t,age_aggregate_total,geo_cov_nat,2016,9.448
irl,sex_t,age_aggregate_total,geo_cov_nat,2017,9.333
irl,sex_t,age_aggregate_total,geo_cov_nat,2018,10.022
irl,sex_t,age_aggregate_total,geo_cov_nat,2019,8.922
irl,sex_t,age_aggregate_total,geo_cov_nat,2020,10.891
irl,sex_t,age_aggregate_total,geo_cov_nat,2021,10.991
irl,sex_t,age_aggregate_total,geo_cov_nat,2022,7.075
irl,sex_t,age_aggregate_total,geo_cov_nat,2023,7.541
irl,sex_t,age_aggregate_total,geo_cov_nat,2024,8.801
irl,sex_t,age_aggregate_total,geo_cov_rur,2006,4.683
irl,sex_t,age_aggregate_total,geo_cov_rur,2007,5.421
irl,sex_t,age_aggregate_total,geo_cov_rur,2008,7.4
irl,sex_t,age_aggregate_total,geo_cov_rur,2009,14.518
irl,sex_t,age_aggregate_total,geo_cov_rur,2010,16.741
irl,sex_t,age_aggregate_total,geo_cov_rur,2011,17.71
irl,sex_t,age_aggregate_total,geo_cov_rur,2012,18.076
irl,sex_t,age_aggregate_total,geo_cov_rur,2013,15.426
irl,sex_t,age_aggregate_total,geo_cov_rur,2014,13.5
irl,sex_t,age_aggregate_total,geo_cov_rur,2015,10.734
irl,sex_t,age_aggregate_total,geo_cov_rur,2016,9.092
irl,sex_t,age_aggregate_total,geo_cov_rur,2017,8.677
irl,sex_t,age_aggregate_total,geo_cov_rur,2018,9.586
irl,sex_t,age_aggregate_total,geo_cov_rur,2019,8.528
irl,sex_t,age_aggregate_total,geo_cov_rur,2020,9.976
irl,sex_t,age_aggregate_total,geo_cov_rur,2021,9.371
irl,sex_t,age_aggregate_total,geo_cov_rur,2022,5.852
irl,sex_t,age_aggregate_total,geo_cov_rur,2023,6.656
irl,sex_t,age_aggregate_total,geo_cov_rur,2024,7.876
irl,sex_t,age_aggregate_total,geo_cov_urb,2006,5.547
irl,sex_t,age_aggregate_total,geo_cov_urb,2007,6.035
irl,sex_t,age_aggregate_total,geo_cov_urb,2008,7.679
irl,sex_t,age_aggregate_total,geo_cov_urb,2009,12.861
irl,sex_t,age_aggregate_total,geo_cov_urb,2010,15.039
irl,sex_t,age_aggregate_total,geo_cov_urb,2011,15.989
irl,sex_t,age_aggregate_total,geo_cov_urb,2012,16.644
irl,sex_t,age_aggregate_total,geo_cov_urb,2013,15.407
irl,sex_t,age_aggregate_total,geo_cov_urb,2014,13.076
irl,sex_t,age_aggregate_total,geo_cov_urb,2015,11.223
irl,sex_t,age_aggregate_total,geo_cov_urb,2016,9.714
irl,sex_t,age_aggregate_total,geo_cov_urb,2017,9.781
irl,sex_t,age_aggregate_total,geo_cov_urb,2018,10.306
irl,sex_t,age_aggregate_total,geo_cov_urb,2019,9.189
irl,sex_t,age_aggregate_total,geo_cov_urb,2020,11.547
irl,sex_t,age_aggregate_total,geo_cov_urb,2021,12.151
irl,sex_t,age_aggregate_total,geo_cov_urb,2022,7.962
irl,sex_t,age_aggregate_total,geo_cov_urb,2023,8.192
irl,sex_t,age_aggregate_total,geo_cov_urb,2024,9.447
irl,sex_t,age_aggregate_y15_24,geo_cov_nat,2006,9.778
irl,sex_t,age_aggregate_y15_24,geo_cov_nat,2007,9.799
irl,sex_t,age_aggregate_y15_24,geo_cov_nat,2008,14.299
irl,sex_t,age_aggregate_y15_24,geo_cov_nat,2009,26.022
irl,sex_t,age_aggregate_y15_24,geo_cov_nat,2010,29.982
irl,sex_t,age_aggregate_y15_24,geo_cov_nat,2011,31.554
irl,sex_t,age_aggregate_y15_24,geo_cov_nat,2012,32.933
irl,sex_t,age_aggregate_y15_24,geo_cov_nat,2013,28.826
irl,sex_t,age_aggregate_y15_24,geo_cov_nat,2014,25.071
irl,sex_t,age_aggregate_y15_24,geo_cov_nat,2015,21.635
irl,sex_t,age_aggregate_y15_24,geo_cov_nat,2016,17.982
irl,sex_t,age_aggregate_y15_24,geo_cov_nat,2017,19.313
irl,sex_t,age_aggregate_y15_24,geo_cov_nat,2018,22.794
irl,sex_t,age_aggregate_y15_24,geo_cov_nat,2019,21.395
irl,sex_t,age_aggregate_y15_24,geo_cov_nat,2020,29.215
irl,sex_t,age_aggregate_y15_24,geo_cov_nat,2021,26.773
irl,sex_t,age_aggregate_y15_24,geo_cov_nat,2022,16.176
irl,sex_t,age_aggregate_y15_24,geo_cov_nat,2023,17.247
irl,sex_t,age_aggregate_y15_24,geo_cov_nat,2024,24.179
irl,sex_t,age_aggregate_y15_24,geo_cov_rur,2006,10.029
irl,sex_t,age_aggregate_y15_24,geo_cov_rur,2007,10.055
irl,sex_t,age_aggregate_y15_24,geo_cov_rur,2008,15.011
irl,sex_t,age_aggregate_y15_24,geo_cov_rur,2009,28.73
irl,sex_t,age_aggregate_y15_24,geo_cov_rur,2010,31.641
irl,sex_t,age_aggregate_y15_24,geo_cov_rur,2011,33.632
irl,sex_t,age_aggregate_y15_24,geo_cov_rur,2012,35.842
irl,sex_t,age_aggregate_y15_24,geo_cov_rur,2013,31.029
irl,sex_t,age_aggregate_y15_24,geo_cov_rur,2014,27.886
irl,sex_t,age_aggregate_y15_24,geo_cov_rur,2015,23.234
irl,sex_t,age_aggregate_y15_24,geo_cov_rur,2016,19.097
irl,sex_t,age_aggregate_y15_24,geo_cov_rur,2017,19.161
irl,sex_t,age_aggregate_y15_24,geo_cov_rur,2018,24.029
irl,sex_t,age_aggregate_y15_24,geo_cov_rur,2019,22.327
irl,sex_t,age_aggregate_y15_24,geo_cov_rur,2020,29.01
irl,sex_t,age_aggregate_y15_24,geo_cov_rur,2021,22.982
irl,sex_t,age_aggregate_y15_24,geo_cov_rur,2022,12.316
irl,sex_t,age_aggregate_y15_24,geo_cov_rur,2023,14.988
irl,sex_t,age_aggregate_y15_24,geo_cov_rur,2024,22.515
irl,sex_t,age_aggregate_y15_24,geo_cov_urb,2006,9.406
irl,sex_t,age_aggregate_y15_24,geo_cov_urb,2007,9.423
irl,sex_t,age_aggregate_y15_24,geo_cov_urb,2008,13.235
irl,sex_t,age_aggregate_y15_24,geo_cov_urb,2009,21.978
irl,sex_t,age_aggregate_y15_24,geo_cov_urb,2010,27.323
irl,sex_t,age_aggregate_y15_24,geo_cov_urb,2011,28.304
irl,sex_t,age_aggregate_y15_24,geo_cov_urb,2012,31.006
irl,sex_t,age_aggregate_y15_24,geo_cov_urb,2013,27.472
irl,sex_t,age_aggregate_y15_24,geo_cov_urb,2014,23.347
irl,sex_t,age_aggregate_y15_24,geo_cov_urb,2015,20.579
irl,sex_t,age_aggregate_y15_24,geo_cov_urb,2016,17.274
irl,sex_t,age_aggregate_y15_24,geo_cov_urb,2017,19.402
irl,sex_t,age_aggregate_y15_24,geo_cov_urb,2018,22.076
irl,sex_t,age_aggregate_y15_24,geo_cov_urb,2019,20.811
irl,sex_t,age_aggregate_y15_24,geo_cov_urb,2020,29.371
irl,sex_t,age_aggregate_y15_24,geo_cov_urb,2021,29.556
irl,sex_t,age_aggregate_y15_24,geo_cov_urb,2022,19.096
irl,sex_t,age_aggregate_y15_24,geo_cov_urb,2023,18.873
irl,sex_t,age_aggregate_y15_24,geo_cov_urb,2024,25.574
irl,sex_t,age_aggregate_y25_54,geo_cov_nat,2006,4.327
irl,sex_t,age_aggregate_y25_54,geo_cov_nat,2007,4.899
irl,sex_t,age_aggregate_y25_54,geo_cov_nat,2008,6.335
irl,sex_t,age_aggregate_y25_54,geo_cov_nat,2009,12.199
irl,sex_t,age_aggregate_y25_54,geo_cov_nat,2010,14.525
irl,sex_t,age_aggregate_y25_54,geo_cov_nat,2011,15.69
irl,sex_t,age_aggregate_y25_54,geo_cov_nat,2012,15.564
irl,sex_t,age_aggregate_y25_54,geo_cov_nat,2013,13.763
irl,sex_t,age_aggregate_y25_54,geo_cov_nat,2014,11.865
irl,sex_t,age_aggregate_y25_54,geo_cov_nat,2015,9.844
irl,sex_t,age_aggregate_y25_54,geo_cov_nat,2016,8.455
irl,sex_t,age_aggregate_y25_54,geo_cov_nat,2017,7.558
irl,sex_t,age_aggregate_y25_54,geo_cov_nat,2018,7.368
irl,sex_t,age_aggregate_y25_54,geo_cov_nat,2019,6.487
irl,sex_t,age_aggregate_y25_54,geo_cov_nat,2020,7.679
irl,sex_t,age_aggregate_y25_54,geo_cov_nat,2021,7.862
irl,sex_t,age_aggregate_y25_54,geo_cov_nat,2022,5.606
irl,sex_t,age_aggregate_y25_54,geo_cov_nat,2023,5.555
irl,sex_t,age_aggregate_y25_54,geo_cov_nat,2024,5.751
irl,sex_t,age_aggregate_y25_54,geo_cov_rur,2006,3.964
irl,sex_t,age_aggregate_y25_54,geo_cov_rur,2007,4.676
irl,sex_t,age_aggregate_y25_54,geo_cov_rur,2008,6.25
irl,sex_t,age_aggregate_y25_54,geo_cov_rur,2009,12.748
irl,sex_t,age_aggregate_y25_54,geo_cov_rur,2010,15.182
irl,sex_t,age_aggregate_y25_54,geo_cov_rur,2011,16.375
irl,sex_t,age_aggregate_y25_54,geo_cov_rur,2012,16.517
irl,sex_t,age_aggregate_y25_54,geo_cov_rur,2013,14.265
irl,sex_t,age_aggregate_y25_54,geo_cov_rur,2014,12.302
irl,sex_t,age_aggregate_y25_54,geo_cov_rur,2015,9.581
irl,sex_t,age_aggregate_y25_54,geo_cov_rur,2016,8.163
irl,sex_t,age_aggregate_y25_54,geo_cov_rur,2017,7.166
irl,sex_t,age_aggregate_y25_54,geo_cov_rur,2018,6.972
irl,sex_t,age_aggregate_y25_54,geo_cov_rur,2019,5.957
irl,sex_t,age_aggregate_y25_54,geo_cov_rur,2020,6.52
irl,sex_t,age_aggregate_y25_54,geo_cov_rur,2021,6.119
irl,sex_t,age_aggregate_y25_54,geo_cov_rur,2022,4.612
irl,sex_t,age_aggregate_y25_54,geo_cov_rur,2023,4.849
irl,sex_t,age_aggregate_y25_54,geo_cov_rur,2024,4.448
irl,sex_t,age_aggregate_y25_54,geo_cov_urb,2006,4.973
irl,sex_t,age_aggregate_y25_54,geo_cov_urb,2007,5.296
irl,sex_t,age_aggregate_y25_54,geo_cov_urb,2008,6.487
irl,sex_t,age_aggregate_y25_54,geo_cov_urb,2009,11.211
irl,sex_t,age_aggregate_y25_54,geo_cov_urb,2010,13.323
irl,sex_t,age_aggregate_y25_54,geo_cov_urb,2011,14.41
irl,sex_t,age_aggregate_y25_54,geo_cov_urb,2012,14.878
irl,sex_t,age_aggregate_y25_54,geo_cov_urb,2013,13.408
irl,sex_t,age_aggregate_y25_54,geo_cov_urb,2014,11.567
irl,sex_t,age_aggregate_y25_54,geo_cov_urb,2015,10.03
irl,sex_t,age_aggregate_y25_54,geo_cov_urb,2016,8.661
irl,sex_t,age_aggregate_y25_54,geo_cov_urb,2017,7.806
irl,sex_t,age_aggregate_y25_54,geo_cov_urb,2018,7.604
irl,sex_t,age_aggregate_y25_54,geo_cov_urb,2019,6.814
irl,sex_t,age_aggregate_y25_54,geo_cov_urb,2020,8.43
irl,sex_t,age_aggregate_y25_54,geo_cov_urb,2021,8.979
irl,sex_t,age_aggregate_y25_54,geo_cov_urb,2022,6.25
irl,sex_t,age_aggregate_y25_54,geo_cov_urb,2023,5.997
irl,sex_t,age_aggregate_y25_54,geo_cov_urb,2024,6.545
irl,sex_t,age_aggregate_y55_64,geo_cov_nat,2006,2.761
irl,sex_t,age_aggregate_y55_64,geo_cov_nat,2007,3.307
irl,sex_t,age_aggregate_y55_64,geo_cov_nat,2008,4.231
irl,sex_t,age_aggregate_y55_64,geo_cov_nat,2009,8.479
irl,sex_t,age_aggregate_y55_64,geo_cov_nat,2010,10.709
irl,sex_t,age_aggregate_y55_64,geo_cov_nat,2011,11.886
irl,sex_t,age_aggregate_y55_64,geo_cov_nat,2012,13.036
irl,sex_t,age_aggregate_y55_64,geo_cov_nat,2013,13.22
irl,sex_t,age_aggregate_y55_64,geo_cov_nat,2014,11.619
irl,sex_t,age_aggregate_y55_64,geo_cov_nat,2015,9.246
irl,sex_t,age_aggregate_y55_64,geo_cov_nat,2016,7.929
irl,sex_t,age_aggregate_y55_64,geo_cov_nat,2017,9.314
irl,sex_t,age_aggregate_y55_64,geo_cov_nat,2018,9.737
irl,sex_t,age_aggregate_y55_64,geo_cov_nat,2019,8.062
irl,sex_t,age_aggregate_y55_64,geo_cov_nat,2020,9.013
irl,sex_t,age_aggregate_y55_64,geo_cov_nat,2021,9.941
irl,sex_t,age_aggregate_y55_64,geo_cov_nat,2022,5.86
irl,sex_t,age_aggregate_y55_64,geo_cov_nat,2023,6.787
irl,sex_t,age_aggregate_y55_64,geo_cov_nat,2024,6.913
irl,sex_t,age_aggregate_y55_64,geo_cov_rur,2006,2.686
irl,sex_t,age_aggregate_y55_64,geo_cov_rur,2007,3.167
irl,sex_t,age_aggregate_y55_64,geo_cov_rur,2008,4.032
irl,sex_t,age_aggregate_y55_64,geo_cov_rur,2009,8.652
irl,sex_t,age_aggregate_y55_64,geo_cov_rur,2010,11.414
irl,sex_t,age_aggregate_y55_64,geo_cov_rur,2011,12.493
irl,sex_t,age_aggregate_y55_64,geo_cov_rur,2012,14.406
irl,sex_t,age_aggregate_y55_64,geo_cov_rur,2013,11.81
irl,sex_t,age_aggregate_y55_64,geo_cov_rur,2014,11.025
irl,sex_t,age_aggregate_y55_64,geo_cov_rur,2015,8.923
irl,sex_t,age_aggregate_y55_64,geo_cov_rur,2016,7.645
irl,sex_t,age_aggregate_y55_64,geo_cov_rur,2017,8.448
irl,sex_t,age_aggregate_y55_64,geo_cov_rur,2018,9.109
irl,sex_t,age_aggregate_y55_64,geo_cov_rur,2019,8.059
irl,sex_t,age_aggregate_y55_64,geo_cov_rur,2020,8.111
irl,sex_t,age_aggregate_y55_64,geo_cov_rur,2021,10.326
irl,sex_t,age_aggregate_y55_64,geo_cov_rur,2022,5.386
irl,sex_t,age_aggregate_y55_64,geo_cov_rur,2023,5.846
irl,sex_t,age_aggregate_y55_64,geo_cov_rur,2024,6.508
irl,sex_t,age_aggregate_y55_64,geo_cov_urb,2006,2.918
irl,sex_t,age_aggregate_y55_64,geo_cov_urb,2007,3.621
irl,sex_t,age_aggregate_y55_64,geo_cov_urb,2008,4.669
irl,sex_t,age_aggregate_y55_64,geo_cov_urb,2009,8.09
irl,sex_t,age_aggregate_y55_64,geo_cov_urb,2010,9.1
irl,sex_t,age_aggregate_y55_64,geo_cov_urb,2011,10.491
irl,sex_t,age_aggregate_y55_64,geo_cov_urb,2012,11.613
irl,sex_t,age_aggregate_y55_64,geo_cov_urb,2013,14.636
irl,sex_t,age_aggregate_y55_64,geo_cov_urb,2014,12.19
irl,sex_t,age_aggregate_y55_64,geo_cov_urb,2015,9.568
irl,sex_t,age_aggregate_y55_64,geo_cov_urb,2016,8.221
irl,sex_t,age_aggregate_y55_64,geo_cov_urb,2017,10.149
irl,sex_t,age_aggregate_y55_64,geo_cov_urb,2018,10.304
irl,sex_t,age_aggregate_y55_64,geo_cov_urb,2019,8.066
irl,sex_t,age_aggregate_y55_64,geo_cov_urb,2020,9.831
irl,sex_t,age_aggregate_y55_64,geo_cov_urb,2021,9.583
irl,sex_t,age_aggregate_y55_64,geo_cov_urb,2022,6.324
irl,sex_t,age_aggregate_y55_64,geo_cov_urb,2023,7.897
irl,sex_t,age_aggregate_y55_64,geo_cov_urb,2024,7.262
irl,sex_t,age_aggregate_yge65,geo_cov_nat,2007,1.578
irl,sex_t,age_aggregate_yge65,geo_cov_nat,2008,1.325
irl,sex_t,age_aggregate_yge65,geo_cov_nat,2009,2.078
irl,sex_t,age_aggregate_yge65,geo_cov_nat,2010,3.881
irl,sex_t,age_aggregate_yge65,geo_cov_nat,2011,3.339
irl,sex_t,age_aggregate_yge65,geo_cov_nat,2012,4.533
irl,sex_t,age_aggregate_yge65,geo_cov_nat,2013,6.136
irl,sex_t,age_aggregate_yge65,geo_cov_nat,2014,4.537
irl,sex_t,age_aggregate_yge65,geo_cov_nat,2015,4.05
irl,sex_t,age_aggregate_yge65,geo_cov_nat,2016,3.859
irl,sex_t,age_aggregate_yge65,geo_cov_nat,2017,11.249
irl,sex_t,age_aggregate_yge65,geo_cov_nat,2018,17.465
irl,sex_t,age_aggregate_yge65,geo_cov_nat,2019,14.578
irl,sex_t,age_aggregate_yge65,geo_cov_nat,2020,14.064
irl,sex_t,age_aggregate_yge65,geo_cov_nat,2021,12.02
irl,sex_t,age_aggregate_yge65,geo_cov_nat,2022,7.13
irl,sex_t,age_aggregate_yge65,geo_cov_nat,2023,8.917
irl,sex_t,age_aggregate_yge65,geo_cov_nat,2024,11.581
irl,sex_t,age_aggregate_yge65,geo_cov_rur,2007,1.157
irl,sex_t,age_aggregate_yge65,geo_cov_rur,2008,0.824
irl,sex_t,age_aggregate_yge65,geo_cov_rur,2009,1.712
irl,sex_t,age_aggregate_yge65,geo_cov_rur,2010,3.524
irl,sex_t,age_aggregate_yge65,geo_cov_rur,2011,2.622
irl,sex_t,age_aggregate_yge65,geo_cov_rur,2012,3.189
irl,sex_t,age_aggregate_yge65,geo_cov_rur,2013,3.68
irl,sex_t,age_aggregate_yge65,geo_cov_rur,2014,3.156
irl,sex_t,age_aggregate_yge65,geo_cov_rur,2015,3.178
irl,sex_t,age_aggregate_yge65,geo_cov_rur,2016,2.73
irl,sex_t,age_aggregate_yge65,geo_cov_rur,2017,6.984
irl,sex_t,age_aggregate_yge65,geo_cov_rur,2018,11.492
irl,sex_t,age_aggregate_yge65,geo_cov_rur,2019,10.017
irl,sex_t,age_aggregate_yge65,geo_cov_rur,2020,10.39
irl,sex_t,age_aggregate_yge65,geo_cov_rur,2021,8.625
irl,sex_t,age_aggregate_yge65,geo_cov_rur,2022,6.093
irl,sex_t,age_aggregate_yge65,geo_cov_rur,2023,7.933
irl,sex_t,age_aggregate_yge65,geo_cov_rur,2024,8.177
irl,sex_t,age_aggregate_yge65,geo_cov_urb,2007,2.897
irl,sex_t,age_aggregate_yge65,geo_cov_urb,2008,2.927
irl,sex_t,age_aggregate_yge65,geo_cov_urb,2009,3.33
irl,sex_t,age_aggregate_yge65,geo_cov_urb,2010,4.929
irl,sex_t,age_aggregate_yge65,geo_cov_urb,2011,5.696
irl,sex_t,age_aggregate_yge65,geo_cov_urb,2012,7
irl,sex_t,age_aggregate_yge65,geo_cov_urb,2013,10.224
irl,sex_t,age_aggregate_yge65,geo_cov_urb,2014,6.627
irl,sex_t,age_aggregate_yge65,geo_cov_urb,2015,5.443
irl,sex_t,age_aggregate_yge65,geo_cov_urb,2016,5.848
irl,sex_t,age_aggregate_yge65,geo_cov_urb,2017,17.887
irl,sex_t,age_aggregate_yge65,geo_cov_urb,2018,26.31
irl,sex_t,age_aggregate_yge65,geo_cov_urb,2019,20.913
irl,sex_t,age_aggregate_yge65,geo_cov_urb,2020,19.011
irl,sex_t,age_aggregate_yge65,geo_cov_urb,2021,16.865
irl,sex_t,age_aggregate_yge65,geo_cov_urb,2022,8.51
irl,sex_t,age_aggregate_yge65,geo_cov_urb,2023,10.431
irl,sex_t,age_aggregate_yge65,geo_cov_urb,2024,16.374
irl,sex_t,age_ythadult_y15_24,geo_cov_nat,2006,9.778
irl,sex_t,age_ythadult_y15_24,geo_cov_nat,2007,9.799
irl,sex_t,age_ythadult_y15_24,geo_cov_nat,2008,14.299
irl,sex_t,age_ythadult_y15_24,geo_cov_nat,2009,26.022
irl,sex_t,age_ythadult_y15_24,geo_cov_nat,2010,29.982
irl,sex_t,age_ythadult_y15_24,geo_cov_nat,2011,31.554
irl,sex_t,age_ythadult_y15_24,geo_cov_nat,2012,32.933
irl,sex_t,age_ythadult_y15_24,geo_cov_nat,2013,28.826
irl,sex_t,age_ythadult_y15_24,geo_cov_nat,2014,25.071
irl,sex_t,age_ythadult_y15_24,geo_cov_nat,2015,21.635
irl,sex_t,age_ythadult_y15_24,geo_cov_nat,2016,17.982
irl,sex_t,age_ythadult_y15_24,geo_cov_nat,2017,19.313
irl,sex_t,age_ythadult_y15_24,geo_cov_nat,2018,22.794
irl,sex_t,age_ythadult_y15_24,geo_cov_nat,2019,21.395
irl,sex_t,age_ythadult_y15_24,geo_cov_nat,2020,29.215
irl,sex_t,age_ythadult_y15_24,geo_cov_nat,2021,26.773
irl,sex_t,age_ythadult_y15_24,geo_cov_nat,2022,16.176
irl,sex_t,age_ythadult_y15_24,geo_cov_nat,2023,17.247
irl,sex_t,age_ythadult_y15_24,geo_cov_nat,2024,24.179
irl,sex_t,age_ythadult_y15_24,geo_cov_rur,2006,10.029
irl,sex_t,age_ythadult_y15_24,geo_cov_rur,2007,10.055
irl,sex_t,age_ythadult_y15_24,geo_cov_rur,2008,15.011
irl,sex_t,age_ythadult_y15_24,geo_cov_rur,2009,28.73
irl,sex_t,age_ythadult_y15_24,geo_cov_rur,2010,31.641
irl,sex_t,age_ythadult_y15_24,geo_cov_rur,2011,33.632
irl,sex_t,age_ythadult_y15_24,geo_cov_rur,2012,35.842
irl,sex_t,age_ythadult_y15_24,geo_cov_rur,2013,31.029
irl,sex_t,age_ythadult_y15_24,geo_cov_rur,2014,27.886
irl,sex_t,age_ythadult_y15_24,geo_cov_rur,2015,23.234
irl,sex_t,age_ythadult_y15_24,geo_cov_rur,2016,19.097
irl,sex_t,age_ythadult_y15_24,geo_cov_rur,2017,19.161
irl,sex_t,age_ythadult_y15_24,geo_cov_rur,2018,24.029
irl,sex_t,age_ythadult_y15_24,geo_cov_rur,2019,22.327
irl,sex_t,age_ythadult_y15_24,geo_cov_rur,2020,29.01
irl,sex_t,age_ythadult_y15_24,geo_cov_rur,2021,22.982
irl,sex_t,age_ythadult_y15_24,geo_cov_rur,2022,12.316
irl,sex_t,age_ythadult_y15_24,geo_cov_rur,2023,14.988
irl,sex_t,age_ythadult_y15_24,geo_cov_rur,2024,22.515
irl,sex_t,age_ythadult_y15_24,geo_cov_urb,2006,9.406
irl,sex_t,age_ythadult_y15_24,geo_cov_urb,2007,9.423
irl,sex_t,age_ythadult_y15_24,geo_cov_urb,2008,13.235
irl,sex_t,age_ythadult_y15_24,geo_cov_urb,2009,21.978
irl,sex_t,age_ythadult_y15_24,geo_cov_urb,2010,27.323
irl,sex_t,age_ythadult_y15_24,geo_cov_urb,2011,28.304
irl,sex_t,age_ythadult_y15_24,geo_cov_urb,2012,31.006
irl,sex_t,age_ythadult_y15_24,geo_cov_urb,2013,27.472
irl,sex_t,age_ythadult_y15_24,geo_cov_urb,2014,23.347
irl,sex_t,age_ythadult_y15_24,geo_cov_urb,2015,20.579
irl,sex_t,age_ythadult_y15_24,geo_cov_urb,2016,17.274
irl,sex_t,age_ythadult_y15_24,geo_cov_urb,2017,19.402
irl,sex_t,age_ythadult_y15_24,geo_cov_urb,2018,22.076
irl,sex_t,age_ythadult_y15_24,geo_cov_urb,2019,20.811
irl,sex_t,age_ythadult_y15_24,geo_cov_urb,2020,29.371
irl,sex_t,age_ythadult_y15_24,geo_cov_urb,2021,29.556
irl,sex_t,age_ythadult_y15_24,geo_cov_urb,2022,19.096
irl,sex_t,age_ythadult_y15_24,geo_cov_urb,2023,18.873
irl,sex_t,age_ythadult_y15_24,geo_cov_urb,2024,25.574
irl,sex_t,age_ythadult_y15_64,geo_cov_nat,2006,5.077
irl,sex_t,age_ythadult_y15_64,geo_cov_nat,2007,5.721
irl,sex_t,age_ythadult_y15_64,geo_cov_nat,2008,7.625
irl,sex_t,age_ythadult_y15_64,geo_cov_nat,2009,14.165
irl,sex_t,age_ythadult_y15_64,geo_cov_nat,2010,16.408
irl,sex_t,age_ythadult_y15_64,geo_cov_nat,2011,17.42
irl,sex_t,age_ythadult_y15_64,geo_cov_nat,2012,17.561
irl,sex_t,age_ythadult_y15_64,geo_cov_nat,2013,15.648
irl,sex_t,age_ythadult_y15_64,geo_cov_nat,2014,13.482
irl,sex_t,age_ythadult_y15_64,geo_cov_nat,2015,11.214
irl,sex_t,age_ythadult_y15_64,geo_cov_nat,2016,9.615
irl,sex_t,age_ythadult_y15_64,geo_cov_nat,2017,9.27
irl,sex_t,age_ythadult_y15_64,geo_cov_nat,2018,9.733
irl,sex_t,age_ythadult_y15_64,geo_cov_nat,2019,8.696
irl,sex_t,age_ythadult_y15_64,geo_cov_nat,2020,10.756
irl,sex_t,age_ythadult_y15_64,geo_cov_nat,2021,10.943
irl,sex_t,age_ythadult_y15_64,geo_cov_nat,2022,7.073
irl,sex_t,age_ythadult_y15_64,geo_cov_nat,2023,7.471
irl,sex_t,age_ythadult_y15_64,geo_cov_nat,2024,8.674
irl,sex_t,age_ythadult_y15_64,geo_cov_rur,2006,4.775
irl,sex_t,age_ythadult_y15_64,geo_cov_rur,2007,5.52
irl,sex_t,age_ythadult_y15_64,geo_cov_rur,2008,7.558
irl,sex_t,age_ythadult_y15_64,geo_cov_rur,2009,14.829
irl,sex_t,age_ythadult_y15_64,geo_cov_rur,2010,17.068
irl,sex_t,age_ythadult_y15_64,geo_cov_rur,2011,18.105
irl,sex_t,age_ythadult_y15_64,geo_cov_rur,2012,18.606
irl,sex_t,age_ythadult_y15_64,geo_cov_rur,2013,15.865
irl,sex_t,age_ythadult_y15_64,geo_cov_rur,2014,13.895
irl,sex_t,age_ythadult_y15_64,geo_cov_rur,2015,11.05
irl,sex_t,age_ythadult_y15_64,geo_cov_rur,2016,9.379
irl,sex_t,age_ythadult_y15_64,geo_cov_rur,2017,8.762
irl,sex_t,age_ythadult_y15_64,geo_cov_rur,2018,9.472
irl,sex_t,age_ythadult_y15_64,geo_cov_rur,2019,8.441
irl,sex_t,age_ythadult_y15_64,geo_cov_rur,2020,9.952
irl,sex_t,age_ythadult_y15_64,geo_cov_rur,2021,9.421
irl,sex_t,age_ythadult_y15_64,geo_cov_rur,2022,5.838
irl,sex_t,age_ythadult_y15_64,geo_cov_rur,2023,6.561
irl,sex_t,age_ythadult_y15_64,geo_cov_rur,2024,7.856
irl,sex_t,age_ythadult_y15_64,geo_cov_urb,2006,5.605
irl,sex_t,age_ythadult_y15_64,geo_cov_urb,2007,6.076
irl,sex_t,age_ythadult_y15_64,geo_cov_urb,2008,7.743
irl,sex_t,age_ythadult_y15_64,geo_cov_urb,2009,12.982
irl,sex_t,age_ythadult_y15_64,geo_cov_urb,2010,15.195
irl,sex_t,age_ythadult_y15_64,geo_cov_urb,2011,16.142
irl,sex_t,age_ythadult_y15_64,geo_cov_urb,2012,16.783
irl,sex_t,age_ythadult_y15_64,geo_cov_urb,2013,15.491
irl,sex_t,age_ythadult_y15_64,geo_cov_urb,2014,13.191
irl,sex_t,age_ythadult_y15_64,geo_cov_urb,2015,11.335
irl,sex_t,age_ythadult_y15_64,geo_cov_urb,2016,9.787
irl,sex_t,age_ythadult_y15_64,geo_cov_urb,2017,9.607
irl,sex_t,age_ythadult_y15_64,geo_cov_urb,2018,9.898
irl,sex_t,age_ythadult_y15_64,geo_cov_urb,2019,8.864
irl,sex_t,age_ythadult_y15_64,geo_cov_urb,2020,11.318
irl,sex_t,age_ythadult_y15_64,geo_cov_urb,2021,11.998
irl,sex_t,age_ythadult_y15_64,geo_cov_urb,2022,7.946
irl,sex_t,age_ythadult_y15_64,geo_cov_urb,2023,8.116
irl,sex_t,age_ythadult_y15_64,geo_cov_urb,2024,9.227
irl,sex_t,age_ythadult_yge15,geo_cov_nat,2006,4.996
irl,sex_t,age_ythadult_yge15,geo_cov_nat,2007,5.642
irl,sex_t,age_ythadult_yge15,geo_cov_nat,2008,7.5
irl,sex_t,age_ythadult_yge15,geo_cov_nat,2009,13.927
irl,sex_t,age_ythadult_yge15,geo_cov_nat,2010,16.145
irl,sex_t,age_ythadult_yge15,geo_cov_nat,2011,17.113
irl,sex_t,age_ythadult_yge15,geo_cov_nat,2012,17.262
irl,sex_t,age_ythadult_yge15,geo_cov_nat,2013,15.415
irl,sex_t,age_ythadult_yge15,geo_cov_nat,2014,13.253
irl,sex_t,age_ythadult_yge15,geo_cov_nat,2015,11.013
irl,sex_t,age_ythadult_yge15,geo_cov_nat,2016,9.448
irl,sex_t,age_ythadult_yge15,geo_cov_nat,2017,9.333
irl,sex_t,age_ythadult_yge15,geo_cov_nat,2018,10.022
irl,sex_t,age_ythadult_yge15,geo_cov_nat,2019,8.922
irl,sex_t,age_ythadult_yge15,geo_cov_nat,2020,10.891
irl,sex_t,age_ythadult_yge15,geo_cov_nat,2021,10.991
irl,sex_t,age_ythadult_yge15,geo_cov_nat,2022,7.075
irl,sex_t,age_ythadult_yge15,geo_cov_nat,2023,7.541
irl,sex_t,age_ythadult_yge15,geo_cov_nat,2024,8.801
irl,sex_t,age_ythadult_yge15,geo_cov_rur,2006,4.683
irl,sex_t,age_ythadult_yge15,geo_cov_rur,2007,5.421
irl,sex_t,age_ythadult_yge15,geo_cov_rur,2008,7.4
irl,sex_t,age_ythadult_yge15,geo_cov_rur,2009,14.518
irl,sex_t,age_ythadult_yge15,geo_cov_rur,2010,16.741
irl,sex_t,age_ythadult_yge15,geo_cov_rur,2011,17.71
irl,sex_t,age_ythadult_yge15,geo_cov_rur,2012,18.076
irl,sex_t,age_ythadult_yge15,geo_cov_rur,2013,15.426
irl,sex_t,age_ythadult_yge15,geo_cov_rur,2014,13.5
irl,sex_t,age_ythadult_yge15,geo_cov_rur,2015,10.734
irl,sex_t,age_ythadult_yge15,geo_cov_rur,2016,9.092
irl,sex_t,age_ythadult_yge15,geo_cov_rur,2017,8.677
irl,sex_t,age_ythadult_yge15,geo_cov_rur,2018,9.586
irl,sex_t,age_ythadult_yge15,geo_cov_rur,2019,8.528
irl,sex_t,age_ythadult_yge15,geo_cov_rur,2020,9.976
irl,sex_t,age_ythadult_yge15,geo_cov_rur,2021,9.371
irl,sex_t,age_ythadult_yge15,geo_cov_rur,2022,5.852
irl,sex_t,age_ythadult_yge15,geo_cov_rur,2023,6.656
irl,sex_t,age_ythadult_yge15,geo_cov_rur,2024,7.876
irl,sex_t,age_ythadult_yge15,geo_cov_urb,2006,5.547
irl,sex_t,age_ythadult_yge15,geo_cov_urb,2007,6.035
irl,sex_t,age_ythadult_yge15,geo_cov_urb,2008,7.679
irl,sex_t,age_ythadult_yge15,geo_cov_urb,2009,12.861
irl,sex_t,age_ythadult_yge15,geo_cov_urb,2010,15.039
irl,sex_t,age_ythadult_yge15,geo_cov_urb,2011,15.989
irl,sex_t,age_ythadult_yge15,geo_cov_urb,2012,16.644
irl,sex_t,age_ythadult_yge15,geo_cov_urb,2013,15.407
irl,sex_t,age_ythadult_yge15,geo_cov_urb,2014,13.076
irl,sex_t,age_ythadult_yge15,geo_cov_urb,2015,11.223
irl,sex_t,age_ythadult_yge15,geo_cov_urb,2016,9.714
irl,sex_t,age_ythadult_yge15,geo_cov_urb,2017,9.781
irl,sex_t,age_ythadult_yge15,geo_cov_urb,2018,10.306
irl,sex_t,age_ythadult_yge15,geo_cov_urb,2019,9.189
irl,sex_t,age_ythadult_yge15,geo_cov_urb,2020,11.547
irl,sex_t,age_ythadult_yge15,geo_cov_urb,2021,12.151
irl,sex_t,age_ythadult_yge15,geo_cov_urb,2022,7.962
irl,sex_t,age_ythadult_yge15,geo_cov_urb,2023,8.192
irl,sex_t,age_ythadult_yge15,geo_cov_urb,2024,9.447
irl,sex_t,age_ythadult_yge25,geo_cov_nat,2006,4.053
irl,sex_t,age_ythadult_yge25,geo_cov_nat,2007,4.622
irl,sex_t,age_ythadult_yge25,geo_cov_nat,2008,5.947
irl,sex_t,age_ythadult_yge25,geo_cov_nat,2009,11.483
irl,sex_t,age_ythadult_yge25,geo_cov_nat,2010,13.765
irl,sex_t,age_ythadult_yge25,geo_cov_nat,2011,14.873
irl,sex_t,age_ythadult_yge25,geo_cov_nat,2012,14.934
irl,sex_t,age_ythadult_yge25,geo_cov_nat,2013,13.473
irl,sex_t,age_ythadult_yge25,geo_cov_nat,2014,11.617
irl,sex_t,age_ythadult_yge25,geo_cov_nat,2015,9.57
irl,sex_t,age_ythadult_yge25,geo_cov_nat,2016,8.223
irl,sex_t,age_ythadult_yge25,geo_cov_nat,2017,7.967
irl,sex_t,age_ythadult_yge25,geo_cov_nat,2018,8.18
irl,sex_t,age_ythadult_yge25,geo_cov_nat,2019,7.101
irl,sex_t,age_ythadult_yge25,geo_cov_nat,2020,8.201
irl,sex_t,age_ythadult_yge25,geo_cov_nat,2021,8.426
irl,sex_t,age_ythadult_yge25,geo_cov_nat,2022,5.717
irl,sex_t,age_ythadult_yge25,geo_cov_nat,2023,5.96
irl,sex_t,age_ythadult_yge25,geo_cov_nat,2024,6.25
irl,sex_t,age_ythadult_yge25,geo_cov_rur,2006,3.711
irl,sex_t,age_ythadult_yge25,geo_cov_rur,2007,4.379
irl,sex_t,age_ythadult_yge25,geo_cov_rur,2008,5.8
irl,sex_t,age_ythadult_yge25,geo_cov_rur,2009,11.882
irl,sex_t,age_ythadult_yge25,geo_cov_rur,2010,14.334
irl,sex_t,age_ythadult_yge25,geo_cov_rur,2011,15.428
irl,sex_t,age_ythadult_yge25,geo_cov_rur,2012,15.667
irl,sex_t,age_ythadult_yge25,geo_cov_rur,2013,13.436
irl,sex_t,age_ythadult_yge25,geo_cov_rur,2014,11.712
irl,sex_t,age_ythadult_yge25,geo_cov_rur,2015,9.18
irl,sex_t,age_ythadult_yge25,geo_cov_rur,2016,7.806
irl,sex_t,age_ythadult_yge25,geo_cov_rur,2017,7.396
irl,sex_t,age_ythadult_yge25,geo_cov_rur,2018,7.669
irl,sex_t,age_ythadult_yge25,geo_cov_rur,2019,6.618
irl,sex_t,age_ythadult_yge25,geo_cov_rur,2020,7.075
irl,sex_t,age_ythadult_yge25,geo_cov_rur,2021,7.12
irl,sex_t,age_ythadult_yge25,geo_cov_rur,2022,4.859
irl,sex_t,age_ythadult_yge25,geo_cov_rur,2023,5.319
irl,sex_t,age_ythadult_yge25,geo_cov_rur,2024,5.135
irl,sex_t,age_ythadult_yge25,geo_cov_urb,2006,4.679
irl,sex_t,age_ythadult_yge25,geo_cov_urb,2007,5.074
irl,sex_t,age_ythadult_yge25,geo_cov_urb,2008,6.221
irl,sex_t,age_ythadult_yge25,geo_cov_urb,2009,10.736
irl,sex_t,age_ythadult_yge25,geo_cov_urb,2010,12.683
irl,sex_t,age_ythadult_yge25,geo_cov_urb,2011,13.795
irl,sex_t,age_ythadult_yge25,geo_cov_urb,2012,14.367
irl,sex_t,age_ythadult_yge25,geo_cov_urb,2013,13.5
irl,sex_t,age_ythadult_yge25,geo_cov_urb,2014,11.547
irl,sex_t,age_ythadult_yge25,geo_cov_urb,2015,9.87
irl,sex_t,age_ythadult_yge25,geo_cov_urb,2016,8.543
irl,sex_t,age_ythadult_yge25,geo_cov_urb,2017,8.367
irl,sex_t,age_ythadult_yge25,geo_cov_urb,2018,8.52
irl,sex_t,age_ythadult_yge25,geo_cov_urb,2019,7.432
irl,sex_t,age_ythadult_yge25,geo_cov_urb,2020,9.001
irl,sex_t,age_ythadult_yge25,geo_cov_urb,2021,9.357
irl,sex_t,age_ythadult_yge25,geo_cov_urb,2022,6.335
irl,sex_t,age_ythadult_yge25,geo_cov_urb,2023,6.434
irl,sex_t,age_ythadult_yge25,geo_cov_urb,2024,7.006
irn,sex_f,age_aggregate_total,geo_cov_nat,2011,27.173
irn,sex_f,age_aggregate_total,geo_cov_rur,2011,16.959
irn,sex_f,age_aggregate_total,geo_cov_urb,2011,29.949
irn,sex_f,age_aggregate_y15_24,geo_cov_nat,2011,51.089
irn,sex_f,age_aggregate_y15_24,geo_cov_rur,2011,29.593
irn,sex_f,age_aggregate_y15_24,geo_cov_urb,2011,59.758
irn,sex_f,age_aggregate_y25_54,geo_cov_nat,2011,22.299
irn,sex_f,age_aggregate_y25_54,geo_cov_rur,2011,15.334
irn,sex_f,age_aggregate_y25_54,geo_cov_urb,2011,23.637
irn,sex_f,age_aggregate_y55_64,geo_cov_nat,2011,4.434
irn,sex_f,age_aggregate_y55_64,geo_cov_rur,2011,1.432
irn,sex_f,age_aggregate_y55_64,geo_cov_urb,2011,7.617
irn,sex_f,age_aggregate_yge65,geo_cov_nat,2011,1.555
irn,sex_f,age_aggregate_yge65,geo_cov_rur,2011,0.66
irn,sex_f,age_aggregate_yge65,geo_cov_urb,2011,3.385
irn,sex_f,age_ythadult_y15_24,geo_cov_nat,2011,51.089
irn,sex_f,age_ythadult_y15_24,geo_cov_rur,2011,29.593
irn,sex_f,age_ythadult_y15_24,geo_cov_urb,2011,59.758
irn,sex_f,age_ythadult_y15_64,geo_cov_nat,2011,27.977
irn,sex_f,age_ythadult_y15_64,geo_cov_rur,2011,18.682
irn,sex_f,age_ythadult_y15_64,geo_cov_urb,2011,30.291
irn,sex_f,age_ythadult_yge15,geo_cov_nat,2011,27.173
irn,sex_f,age_ythadult_yge15,geo_cov_rur,2011,16.959
irn,sex_f,age_ythadult_yge15,geo_cov_urb,2011,29.949
irn,sex_f,age_ythadult_yge25,geo_cov_nat,2011,20.83
irn,sex_f,age_ythadult_yge25,geo_cov_rur,2011,11.997
irn,sex_f,age_ythadult_yge25,geo_cov_urb,2011,22.958
irn,sex_m,age_aggregate_total,geo_cov_nat,2011,14.377
irn,sex_m,age_aggregate_total,geo_cov_rur,2011,13.222
irn,sex_m,age_aggregate_total,geo_cov_urb,2011,14.865
irn,sex_m,age_aggregate_y15_24,geo_cov_nat,2011,30.69
irn,sex_m,age_aggregate_y15_24,geo_cov_rur,2011,22.542
irn,sex_m,age_aggregate_y15_24,geo_cov_urb,2011,35.556
irn,sex_m,age_aggregate_y25_54,geo_cov_nat,2011,11.852
irn,sex_m,age_aggregate_y25_54,geo_cov_rur,2011,12.42
irn,sex_m,age_aggregate_y25_54,geo_cov_urb,2011,11.652
irn,sex_m,age_aggregate_y55_64,geo_cov_nat,2011,6.832
irn,sex_m,age_aggregate_y55_64,geo_cov_rur,2011,4.471
irn,sex_m,age_aggregate_y55_64,geo_cov_urb,2011,8.091
irn,sex_m,age_aggregate_yge65,geo_cov_nat,2011,3.762
irn,sex_m,age_aggregate_yge65,geo_cov_rur,2011,2.221
irn,sex_m,age_aggregate_yge65,geo_cov_urb,2011,5.707
irn,sex_m,age_ythadult_y15_24,geo_cov_nat,2011,30.69
irn,sex_m,age_ythadult_y15_24,geo_cov_rur,2011,22.542
irn,sex_m,age_ythadult_y15_24,geo_cov_urb,2011,35.556
irn,sex_m,age_ythadult_y15_64,geo_cov_nat,2011,14.818
irn,sex_m,age_ythadult_y15_64,geo_cov_rur,2011,14.113
irn,sex_m,age_ythadult_y15_64,geo_cov_urb,2011,15.101
irn,sex_m,age_ythadult_yge15,geo_cov_nat,2011,14.377
irn,sex_m,age_ythadult_yge15,geo_cov_rur,2011,13.222
irn,sex_m,age_ythadult_yge15,geo_cov_urb,2011,14.865
irn,sex_m,age_ythadult_yge25,geo_cov_nat,2011,11.099
irn,sex_m,age_ythadult_yge25,geo_cov_rur,2011,10.737
irn,sex_m,age_ythadult_yge25,geo_cov_urb,2011,11.241
irn,sex_t,age_aggregate_total,geo_cov_nat,2011,16.331
irn,sex_t,age_aggregate_total,geo_cov_rur,2011,13.651
irn,sex_t,age_aggregate_total,geo_cov_urb,2011,17.397
irn,sex_t,age_aggregate_y15_24,geo_cov_nat,2011,34.448
irn,sex_t,age_aggregate_y15_24,geo_cov_rur,2011,23.585
irn,sex_t,age_aggregate_y15_24,geo_cov_urb,2011,40.504
irn,sex_t,age_aggregate_y25_54,geo_cov_nat,2011,13.444
irn,sex_t,age_aggregate_y25_54,geo_cov_rur,2011,12.711
irn,sex_t,age_aggregate_y25_54,geo_cov_urb,2011,13.684
irn,sex_t,age_aggregate_y55_64,geo_cov_nat,2011,6.638
irn,sex_t,age_aggregate_y55_64,geo_cov_rur,2011,4.121
irn,sex_t,age_aggregate_y55_64,geo_cov_urb,2011,8.062
irn,sex_t,age_aggregate_yge65,geo_cov_nat,2011,3.495
irn,sex_t,age_aggregate_yge65,geo_cov_rur,2011,1.999
irn,sex_t,age_aggregate_yge65,geo_cov_urb,2011,5.492
irn,sex_t,age_ythadult_y15_24,geo_cov_nat,2011,34.448
irn,sex_t,age_ythadult_y15_24,geo_cov_rur,2011,23.585
irn,sex_t,age_ythadult_y15_24,geo_cov_urb,2011,40.504
irn,sex_t,age_ythadult_y15_64,geo_cov_nat,2011,16.845
irn,sex_t,age_ythadult_y15_64,geo_cov_rur,2011,14.627
irn,sex_t,age_ythadult_y15_64,geo_cov_urb,2011,17.677
irn,sex_t,age_ythadult_yge15,geo_cov_nat,2011,16.331
irn,sex_t,age_ythadult_yge15,geo_cov_rur,2011,13.651
irn,sex_t,age_ythadult_yge15,geo_cov_urb,2011,17.397
irn,sex_t,age_ythadult_yge25,geo_cov_nat,2011,12.52
irn,sex_t,age_ythadult_yge25,geo_cov_rur,2011,10.87
irn,sex_t,age_ythadult_yge25,geo_cov_urb,2011,13.127
irq,sex_f,age_aggregate_total,geo_cov_nat,2012,33.169
irq,sex_f,age_aggregate_total,geo_cov_nat,2021,46.804
irq,sex_f,age_aggregate_total,geo_cov_rur,2012,17.117
irq,sex_f,age_aggregate_total,geo_cov_rur,2021,40.584
irq,sex_f,age_aggregate_total,geo_cov_urb,2012,39.121
irq,sex_f,age_aggregate_total,geo_cov_urb,2021,48.511
irq,sex_f,age_aggregate_y15_24,geo_cov_nat,2012,55.08
irq,sex_f,age_aggregate_y15_24,geo_cov_nat,2021,75.79
irq,sex_f,age_aggregate_y15_24,geo_cov_rur,2012,21.139
irq,sex_f,age_aggregate_y15_24,geo_cov_rur,2021,56.693
irq,sex_f,age_aggregate_y15_24,geo_cov_urb,2012,75.766
irq,sex_f,age_aggregate_y15_24,geo_cov_urb,2021,82.855
irq,sex_f,age_aggregate_y25_54,geo_cov_nat,2012,30.077
irq,sex_f,age_aggregate_y25_54,geo_cov_nat,2021,41.419
irq,sex_f,age_aggregate_y25_54,geo_cov_rur,2012,17.132
irq,sex_f,age_aggregate_y25_54,geo_cov_rur,2021,37.061
irq,sex_f,age_aggregate_y25_54,geo_cov_urb,2012,34.235
irq,sex_f,age_aggregate_y25_54,geo_cov_urb,2021,42.494
irq,sex_f,age_aggregate_y55_64,geo_cov_nat,2012,9.12
irq,sex_f,age_aggregate_y55_64,geo_cov_nat,2021,5.856
irq,sex_f,age_aggregate_y55_64,geo_cov_rur,2012,1.653
irq,sex_f,age_aggregate_y55_64,geo_cov_rur,2021,6.354
irq,sex_f,age_aggregate_y55_64,geo_cov_urb,2012,11.63
irq,sex_f,age_aggregate_y55_64,geo_cov_urb,2021,5.735
irq,sex_f,age_ythadult_y15_24,geo_cov_nat,2012,55.08
irq,sex_f,age_ythadult_y15_24,geo_cov_nat,2021,75.79
irq,sex_f,age_ythadult_y15_24,geo_cov_rur,2012,21.139
irq,sex_f,age_ythadult_y15_24,geo_cov_rur,2021,56.693
irq,sex_f,age_ythadult_y15_24,geo_cov_urb,2012,75.766
irq,sex_f,age_ythadult_y15_24,geo_cov_urb,2021,82.855
irq,sex_f,age_ythadult_y15_64,geo_cov_nat,2012,33.35
irq,sex_f,age_ythadult_y15_64,geo_cov_nat,2021,47.066
irq,sex_f,age_ythadult_y15_64,geo_cov_rur,2012,17.191
irq,sex_f,age_ythadult_y15_64,geo_cov_rur,2021,40.957
irq,sex_f,age_ythadult_y15_64,geo_cov_urb,2012,39.308
irq,sex_f,age_ythadult_y15_64,geo_cov_urb,2021,48.735
irq,sex_f,age_ythadult_yge15,geo_cov_nat,2012,33.169
irq,sex_f,age_ythadult_yge15,geo_cov_nat,2021,46.804
irq,sex_f,age_ythadult_yge15,geo_cov_rur,2012,17.117
irq,sex_f,age_ythadult_yge15,geo_cov_rur,2021,40.584
irq,sex_f,age_ythadult_yge15,geo_cov_urb,2012,39.121
irq,sex_f,age_ythadult_yge15,geo_cov_urb,2021,48.511
irq,sex_f,age_ythadult_yge25,geo_cov_nat,2012,28.1
irq,sex_f,age_ythadult_yge25,geo_cov_nat,2021,38.049
irq,sex_f,age_ythadult_yge25,geo_cov_rur,2012,15.682
irq,sex_f,age_ythadult_yge25,geo_cov_rur,2021,33.974
irq,sex_f,age_ythadult_yge25,geo_cov_urb,2012,32.141
irq,sex_f,age_ythadult_yge25,geo_cov_urb,2021,39.06
irq,sex_m,age_aggregate_total,geo_cov_nat,2012,11.808
irq,sex_m,age_aggregate_total,geo_cov_nat,2021,19.209
irq,sex_m,age_aggregate_total,geo_cov_rur,2012,10.596
irq,sex_m,age_aggregate_total,geo_cov_rur,2021,19.309
irq,sex_m,age_aggregate_total,geo_cov_urb,2012,12.301
irq,sex_m,age_aggregate_total,geo_cov_urb,2021,19.17
irq,sex_m,age_aggregate_y15_24,geo_cov_nat,2012,22.419
irq,sex_m,age_aggregate_y15_24,geo_cov_nat,2021,40.569
irq,sex_m,age_aggregate_y15_24,geo_cov_rur,2012,18.034
irq,sex_m,age_aggregate_y15_24,geo_cov_rur,2021,40.322
irq,sex_m,age_aggregate_y15_24,geo_cov_urb,2012,24.506
irq,sex_m,age_aggregate_y15_24,geo_cov_urb,2021,40.683
irq,sex_m,age_aggregate_y25_54,geo_cov_nat,2012,7.649
irq,sex_m,age_aggregate_y25_54,geo_cov_nat,2021,12.536
irq,sex_m,age_aggregate_y25_54,geo_cov_rur,2012,7.321
irq,sex_m,age_aggregate_y25_54,geo_cov_rur,2021,11.867
irq,sex_m,age_aggregate_y25_54,geo_cov_urb,2012,7.777
irq,sex_m,age_aggregate_y25_54,geo_cov_urb,2021,12.793
irq,sex_m,age_aggregate_y55_64,geo_cov_nat,2012,8.179
irq,sex_m,age_aggregate_y55_64,geo_cov_nat,2021,12.82
irq,sex_m,age_aggregate_y55_64,geo_cov_rur,2012,6.983
irq,sex_m,age_aggregate_y55_64,geo_cov_rur,2021,10.081
irq,sex_m,age_aggregate_y55_64,geo_cov_urb,2012,8.585
irq,sex_m,age_aggregate_y55_64,geo_cov_urb,2021,13.62
irq,sex_m,age_aggregate_yge65,geo_cov_nat,2012,8.477
irq,sex_m,age_aggregate_yge65,geo_cov_nat,2021,7.703
irq,sex_m,age_aggregate_yge65,geo_cov_rur,2012,4.68
irq,sex_m,age_aggregate_yge65,geo_cov_rur,2021,7.984
irq,sex_m,age_aggregate_yge65,geo_cov_urb,2012,9.813
irq,sex_m,age_aggregate_yge65,geo_cov_urb,2021,7.54
irq,sex_m,age_ythadult_y15_24,geo_cov_nat,2012,22.419
irq,sex_m,age_ythadult_y15_24,geo_cov_nat,2021,40.569
irq,sex_m,age_ythadult_y15_24,geo_cov_rur,2012,18.034
irq,sex_m,age_ythadult_y15_24,geo_cov_rur,2021,40.322
irq,sex_m,age_ythadult_y15_24,geo_cov_urb,2012,24.506
irq,sex_m,age_ythadult_y15_24,geo_cov_urb,2021,40.683
irq,sex_m,age_ythadult_y15_64,geo_cov_nat,2012,11.859
irq,sex_m,age_ythadult_y15_64,geo_cov_nat,2021,19.372
irq,sex_m,age_ythadult_y15_64,geo_cov_rur,2012,10.677
irq,sex_m,age_ythadult_y15_64,geo_cov_rur,2021,19.517
irq,sex_m,age_ythadult_y15_64,geo_cov_urb,2012,12.34
irq,sex_m,age_ythadult_y15_64,geo_cov_urb,2021,19.315
irq,sex_m,age_ythadult_yge15,geo_cov_nat,2012,11.808
irq,sex_m,age_ythadult_yge15,geo_cov_nat,2021,19.209
irq,sex_m,age_ythadult_yge15,geo_cov_rur,2012,10.596
irq,sex_m,age_ythadult_yge15,geo_cov_rur,2021,19.309
irq,sex_m,age_ythadult_yge15,geo_cov_urb,2012,12.301
irq,sex_m,age_ythadult_yge15,geo_cov_urb,2021,19.17
irq,sex_m,age_ythadult_yge25,geo_cov_nat,2012,7.713
irq,sex_m,age_ythadult_yge25,geo_cov_nat,2021,12.473
irq,sex_m,age_ythadult_yge25,geo_cov_rur,2012,7.242
irq,sex_m,age_ythadult_yge25,geo_cov_rur,2021,11.638
irq,sex_m,age_ythadult_yge25,geo_cov_urb,2012,7.892
irq,sex_m,age_ythadult_yge25,geo_cov_urb,2021,12.788
irq,sex_t,age_aggregate_total,geo_cov_nat,2012,15.619
irq,sex_t,age_aggregate_total,geo_cov_nat,2021,23.774
irq,sex_t,age_aggregate_total,geo_cov_rur,2012,11.697
irq,sex_t,age_aggregate_total,geo_cov_rur,2021,22.086
irq,sex_t,age_aggregate_total,geo_cov_urb,2012,17.188
irq,sex_t,age_aggregate_total,geo_cov_urb,2021,24.408
irq,sex_t,age_aggregate_y15_24,geo_cov_nat,2012,26.592
irq,sex_t,age_aggregate_y15_24,geo_cov_nat,2021,46.237
irq,sex_t,age_aggregate_y15_24,geo_cov_rur,2012,18.49
irq,sex_t,age_aggregate_y15_24,geo_cov_rur,2021,42.621
irq,sex_t,age_aggregate_y15_24,geo_cov_urb,2012,30.578
irq,sex_t,age_aggregate_y15_24,geo_cov_urb,2021,47.857
irq,sex_t,age_aggregate_y25_54,geo_cov_nat,2012,12.105
irq,sex_t,age_aggregate_y25_54,geo_cov_nat,2021,17.419
irq,sex_t,age_aggregate_y25_54,geo_cov_rur,2012,9.065
irq,sex_t,age_aggregate_y25_54,geo_cov_rur,2021,15.067
irq,sex_t,age_aggregate_y25_54,geo_cov_urb,2012,13.238
irq,sex_t,age_aggregate_y25_54,geo_cov_urb,2021,18.261
irq,sex_t,age_aggregate_y55_64,geo_cov_nat,2012,8.361
irq,sex_t,age_aggregate_y55_64,geo_cov_nat,2021,11.698
irq,sex_t,age_aggregate_y55_64,geo_cov_rur,2012,5.959
irq,sex_t,age_aggregate_y55_64,geo_cov_rur,2021,9.55
irq,sex_t,age_aggregate_y55_64,geo_cov_urb,2012,9.174
irq,sex_t,age_aggregate_y55_64,geo_cov_urb,2021,12.308
irq,sex_t,age_aggregate_yge65,geo_cov_nat,2012,8.737
irq,sex_t,age_aggregate_yge65,geo_cov_nat,2021,7.335
irq,sex_t,age_aggregate_yge65,geo_cov_rur,2012,5.678
irq,sex_t,age_aggregate_yge65,geo_cov_rur,2021,7.43
irq,sex_t,age_aggregate_yge65,geo_cov_urb,2012,9.901
irq,sex_t,age_aggregate_yge65,geo_cov_urb,2021,7.28
irq,sex_t,age_ythadult_y15_24,geo_cov_nat,2012,26.592
irq,sex_t,age_ythadult_y15_24,geo_cov_nat,2021,46.237
irq,sex_t,age_ythadult_y15_24,geo_cov_rur,2012,18.49
irq,sex_t,age_ythadult_y15_24,geo_cov_rur,2021,42.621
irq,sex_t,age_ythadult_y15_24,geo_cov_urb,2012,30.578
irq,sex_t,age_ythadult_y15_24,geo_cov_urb,2021,47.857
irq,sex_t,age_ythadult_y15_64,geo_cov_nat,2012,15.715
irq,sex_t,age_ythadult_y15_64,geo_cov_nat,2021,23.985
irq,sex_t,age_ythadult_y15_64,geo_cov_rur,2012,11.778
irq,sex_t,age_ythadult_y15_64,geo_cov_rur,2021,22.338
irq,sex_t,age_ythadult_y15_64,geo_cov_urb,2012,17.291
irq,sex_t,age_ythadult_y15_64,geo_cov_urb,2021,24.599
irq,sex_t,age_ythadult_yge15,geo_cov_nat,2012,15.619
irq,sex_t,age_ythadult_yge15,geo_cov_nat,2021,23.774
irq,sex_t,age_ythadult_yge15,geo_cov_rur,2012,11.697
irq,sex_t,age_ythadult_yge15,geo_cov_rur,2021,22.086
irq,sex_t,age_ythadult_yge15,geo_cov_urb,2012,17.188
irq,sex_t,age_ythadult_yge15,geo_cov_urb,2021,24.408
irq,sex_t,age_ythadult_yge25,geo_cov_nat,2012,11.717
irq,sex_t,age_ythadult_yge25,geo_cov_nat,2021,16.74
irq,sex_t,age_ythadult_yge25,geo_cov_rur,2012,8.748
irq,sex_t,age_ythadult_yge25,geo_cov_rur,2021,14.472
irq,sex_t,age_ythadult_yge25,geo_cov_urb,2012,12.816
irq,sex_t,age_ythadult_yge25,geo_cov_urb,2021,17.543
isl,sex_f,age_aggregate_total,geo_cov_nat,1998,8.258
isl,sex_f,age_aggregate_total,geo_cov_nat,1999,6.041
isl,sex_f,age_aggregate_total,geo_cov_nat,2000,6.474
isl,sex_f,age_aggregate_total,geo_cov_nat,2001,7.165
isl,sex_f,age_aggregate_total,geo_cov_nat,2002,7.118
isl,sex_f,age_aggregate_total,geo_cov_nat,2010,9.358
isl,sex_f,age_aggregate_total,geo_cov_nat,2011,9.208
isl,sex_f,age_aggregate_total,geo_cov_nat,2012,10.023
isl,sex_f,age_aggregate_total,geo_cov_nat,2013,9.324
isl,sex_f,age_aggregate_total,geo_cov_nat,2014,9.389
isl,sex_f,age_aggregate_total,geo_cov_nat,2015,9.358
isl,sex_f,age_aggregate_total,geo_cov_nat,2016,8.054
isl,sex_f,age_aggregate_total,geo_cov_nat,2017,6.989
isl,sex_f,age_aggregate_total,geo_cov_nat,2018,5.472
isl,sex_f,age_aggregate_total,geo_cov_nat,2019,5.994
isl,sex_f,age_aggregate_total,geo_cov_nat,2020,9.321
isl,sex_f,age_aggregate_total,geo_cov_nat,2021,10.586
isl,sex_f,age_aggregate_total,geo_cov_nat,2022,6.664
isl,sex_f,age_aggregate_total,geo_cov_nat,2023,6.463
isl,sex_f,age_aggregate_total,geo_cov_nat,2024,6.888
isl,sex_f,age_aggregate_total,geo_cov_rur,1998,6.219
isl,sex_f,age_aggregate_total,geo_cov_rur,1999,6.546
isl,sex_f,age_aggregate_total,geo_cov_rur,2000,8.005
isl,sex_f,age_aggregate_total,geo_cov_rur,2001,8.738
isl,sex_f,age_aggregate_total,geo_cov_rur,2002,5.202
isl,sex_f,age_aggregate_total,geo_cov_rur,2010,8.398
isl,sex_f,age_aggregate_total,geo_cov_rur,2011,6.94
isl,sex_f,age_aggregate_total,geo_cov_rur,2012,8.206
isl,sex_f,age_aggregate_total,geo_cov_rur,2013,7.066
isl,sex_f,age_aggregate_total,geo_cov_rur,2014,6.343
isl,sex_f,age_aggregate_total,geo_cov_rur,2015,7.87
isl,sex_f,age_aggregate_total,geo_cov_rur,2016,6.84
isl,sex_f,age_aggregate_total,geo_cov_rur,2017,4.661
isl,sex_f,age_aggregate_total,geo_cov_rur,2018,4.604
isl,sex_f,age_aggregate_total,geo_cov_rur,2019,3.89
isl,sex_f,age_aggregate_total,geo_cov_rur,2020,7.134
isl,sex_f,age_aggregate_total,geo_cov_rur,2021,8.444
isl,sex_f,age_aggregate_total,geo_cov_rur,2022,5.625
isl,sex_f,age_aggregate_total,geo_cov_rur,2023,4.268
isl,sex_f,age_aggregate_total,geo_cov_rur,2024,6.606
isl,sex_f,age_aggregate_total,geo_cov_urb,1998,9.703
isl,sex_f,age_aggregate_total,geo_cov_urb,1999,5.706
isl,sex_f,age_aggregate_total,geo_cov_urb,2000,5.479
isl,sex_f,age_aggregate_total,geo_cov_urb,2001,6.161
isl,sex_f,age_aggregate_total,geo_cov_urb,2002,8.31
isl,sex_f,age_aggregate_total,geo_cov_urb,2010,9.888
isl,sex_f,age_aggregate_total,geo_cov_urb,2011,10.468
isl,sex_f,age_aggregate_total,geo_cov_urb,2012,8.979
isl,sex_f,age_aggregate_total,geo_cov_urb,2013,9.777
isl,sex_f,age_aggregate_total,geo_cov_urb,2014,9.92
isl,sex_f,age_aggregate_total,geo_cov_urb,2015,9.602
isl,sex_f,age_aggregate_total,geo_cov_urb,2016,8.267
isl,sex_f,age_aggregate_total,geo_cov_urb,2017,7.383
isl,sex_f,age_aggregate_total,geo_cov_urb,2018,5.617
isl,sex_f,age_aggregate_total,geo_cov_urb,2019,6.34
isl,sex_f,age_aggregate_total,geo_cov_urb,2020,9.698
isl,sex_f,age_aggregate_total,geo_cov_urb,2021,11.158
isl,sex_f,age_aggregate_total,geo_cov_urb,2022,6.935
isl,sex_f,age_aggregate_total,geo_cov_urb,2023,6.988
isl,sex_f,age_aggregate_total,geo_cov_urb,2024,6.954
isl,sex_f,age_aggregate_total,geo_cov_x,2012,10.409
isl,sex_f,age_aggregate_y15_24,geo_cov_nat,1998,12.45
isl,sex_f,age_aggregate_y15_24,geo_cov_nat,1999,8.396
isl,sex_f,age_aggregate_y15_24,geo_cov_nat,2000,8.324
isl,sex_f,age_aggregate_y15_24,geo_cov_nat,2001,10.437
isl,sex_f,age_aggregate_y15_24,geo_cov_nat,2002,10.287
isl,sex_f,age_aggregate_y15_24,geo_cov_nat,2010,19.27
isl,sex_f,age_aggregate_y15_24,geo_cov_nat,2011,17.575
isl,sex_f,age_aggregate_y15_24,geo_cov_nat,2012,19.409
isl,sex_f,age_aggregate_y15_24,geo_cov_nat,2013,13.595
isl,sex_f,age_aggregate_y15_24,geo_cov_nat,2014,14.434
isl,sex_f,age_aggregate_y15_24,geo_cov_nat,2015,14.856
isl,sex_f,age_aggregate_y15_24,geo_cov_nat,2016,12.472
isl,sex_f,age_aggregate_y15_24,geo_cov_nat,2017,12.386
isl,sex_f,age_aggregate_y15_24,geo_cov_nat,2018,10.355
isl,sex_f,age_aggregate_y15_24,geo_cov_nat,2019,11.506
isl,sex_f,age_aggregate_y15_24,geo_cov_nat,2020,16.225
isl,sex_f,age_aggregate_y15_24,geo_cov_nat,2021,18.822
isl,sex_f,age_aggregate_y15_24,geo_cov_nat,2022,12.768
isl,sex_f,age_aggregate_y15_24,geo_cov_nat,2023,13.552
isl,sex_f,age_aggregate_y15_24,geo_cov_nat,2024,14.973
isl,sex_f,age_aggregate_y15_24,geo_cov_rur,1998,15.719
isl,sex_f,age_aggregate_y15_24,geo_cov_rur,1999,9.821
isl,sex_f,age_aggregate_y15_24,geo_cov_rur,2000,10.238
isl,sex_f,age_aggregate_y15_24,geo_cov_rur,2001,13.216
isl,sex_f,age_aggregate_y15_24,geo_cov_rur,2002,6.463
isl,sex_f,age_aggregate_y15_24,geo_cov_rur,2010,22.461
isl,sex_f,age_aggregate_y15_24,geo_cov_rur,2011,17.426
isl,sex_f,age_aggregate_y15_24,geo_cov_rur,2012,20.919
isl,sex_f,age_aggregate_y15_24,geo_cov_rur,2013,15.729
isl,sex_f,age_aggregate_y15_24,geo_cov_rur,2014,11.795
isl,sex_f,age_aggregate_y15_24,geo_cov_rur,2015,17.288
isl,sex_f,age_aggregate_y15_24,geo_cov_rur,2016,11.345
isl,sex_f,age_aggregate_y15_24,geo_cov_rur,2017,16.077
isl,sex_f,age_aggregate_y15_24,geo_cov_rur,2018,11.973
isl,sex_f,age_aggregate_y15_24,geo_cov_rur,2019,6.392
isl,sex_f,age_aggregate_y15_24,geo_cov_rur,2020,16.323
isl,sex_f,age_aggregate_y15_24,geo_cov_rur,2021,19.21
isl,sex_f,age_aggregate_y15_24,geo_cov_rur,2022,14.274
isl,sex_f,age_aggregate_y15_24,geo_cov_rur,2023,11.658
isl,sex_f,age_aggregate_y15_24,geo_cov_urb,1998,10.566
isl,sex_f,age_aggregate_y15_24,geo_cov_urb,1999,7.553
isl,sex_f,age_aggregate_y15_24,geo_cov_urb,2000,7.151
isl,sex_f,age_aggregate_y15_24,geo_cov_urb,2001,8.887
isl,sex_f,age_aggregate_y15_24,geo_cov_urb,2002,12.58
isl,sex_f,age_aggregate_y15_24,geo_cov_urb,2010,17.676
isl,sex_f,age_aggregate_y15_24,geo_cov_urb,2011,17.644
isl,sex_f,age_aggregate_y15_24,geo_cov_urb,2012,15.957
isl,sex_f,age_aggregate_y15_24,geo_cov_urb,2013,13.301
isl,sex_f,age_aggregate_y15_24,geo_cov_urb,2014,14.759
isl,sex_f,age_aggregate_y15_24,geo_cov_urb,2015,14.55
isl,sex_f,age_aggregate_y15_24,geo_cov_urb,2016,12.622
isl,sex_f,age_aggregate_y15_24,geo_cov_urb,2017,11.996
isl,sex_f,age_aggregate_y15_24,geo_cov_urb,2018,10.142
isl,sex_f,age_aggregate_y15_24,geo_cov_urb,2019,12.338
isl,sex_f,age_aggregate_y15_24,geo_cov_urb,2020,16.209
isl,sex_f,age_aggregate_y15_24,geo_cov_urb,2021,18.72
isl,sex_f,age_aggregate_y15_24,geo_cov_urb,2022,12.456
isl,sex_f,age_aggregate_y15_24,geo_cov_urb,2023,13.816
isl,sex_f,age_aggregate_y15_24,geo_cov_urb,2024,14.576
isl,sex_f,age_aggregate_y15_24,geo_cov_x,2012,20.351
isl,sex_f,age_aggregate_y25_54,geo_cov_nat,1998,6.394
isl,sex_f,age_aggregate_y25_54,geo_cov_nat,1999,4.613
isl,sex_f,age_aggregate_y25_54,geo_cov_nat,2000,4.308
isl,sex_f,age_aggregate_y25_54,geo_cov_nat,2001,4.649
isl,sex_f,age_aggregate_y25_54,geo_cov_nat,2002,5.619
isl,sex_f,age_aggregate_y25_54,geo_cov_nat,2010,7.462
isl,sex_f,age_aggregate_y25_54,geo_cov_nat,2011,7.869
isl,sex_f,age_aggregate_y25_54,geo_cov_nat,2012,7.569
isl,sex_f,age_aggregate_y25_54,geo_cov_nat,2013,8.33
isl,sex_f,age_aggregate_y25_54,geo_cov_nat,2014,8.454
isl,sex_f,age_aggregate_y25_54,geo_cov_nat,2015,7.287
isl,sex_f,age_aggregate_y25_54,geo_cov_nat,2016,6.201
isl,sex_f,age_aggregate_y25_54,geo_cov_nat,2017,4.559
isl,sex_f,age_aggregate_y25_54,geo_cov_nat,2018,3.734
isl,sex_f,age_aggregate_y25_54,geo_cov_nat,2019,4.912
isl,sex_f,age_aggregate_y25_54,geo_cov_nat,2020,7.702
isl,sex_f,age_aggregate_y25_54,geo_cov_nat,2021,9.529
isl,sex_f,age_aggregate_y25_54,geo_cov_nat,2022,5.47
isl,sex_f,age_aggregate_y25_54,geo_cov_nat,2023,4.929
isl,sex_f,age_aggregate_y25_54,geo_cov_nat,2024,4.234
isl,sex_f,age_aggregate_y25_54,geo_cov_rur,1998,3.645
isl,sex_f,age_aggregate_y25_54,geo_cov_rur,1999,5.635
isl,sex_f,age_aggregate_y25_54,geo_cov_rur,2000,6.07
isl,sex_f,age_aggregate_y25_54,geo_cov_rur,2001,4.963
isl,sex_f,age_aggregate_y25_54,geo_cov_rur,2002,3.586
isl,sex_f,age_aggregate_y25_54,geo_cov_rur,2010,5.41
isl,sex_f,age_aggregate_y25_54,geo_cov_rur,2011,5.362
isl,sex_f,age_aggregate_y25_54,geo_cov_rur,2012,5.574
isl,sex_f,age_aggregate_y25_54,geo_cov_rur,2013,4.786
isl,sex_f,age_aggregate_y25_54,geo_cov_rur,2014,3.042
isl,sex_f,age_aggregate_y25_54,geo_cov_rur,2015,3.417
isl,sex_f,age_aggregate_y25_54,geo_cov_rur,2016,3.808
isl,sex_f,age_aggregate_y25_54,geo_cov_rur,2018,3.335
isl,sex_f,age_aggregate_y25_54,geo_cov_rur,2019,2.414
isl,sex_f,age_aggregate_y25_54,geo_cov_rur,2020,4.867
isl,sex_f,age_aggregate_y25_54,geo_cov_rur,2021,6.149
isl,sex_f,age_aggregate_y25_54,geo_cov_rur,2022,4.152
isl,sex_f,age_aggregate_y25_54,geo_cov_rur,2023,2.658
isl,sex_f,age_aggregate_y25_54,geo_cov_rur,2024,4.823
isl,sex_f,age_aggregate_y25_54,geo_cov_urb,1998,8.391
isl,sex_f,age_aggregate_y25_54,geo_cov_urb,1999,3.952
isl,sex_f,age_aggregate_y25_54,geo_cov_urb,2000,3.187
isl,sex_f,age_aggregate_y25_54,geo_cov_urb,2001,4.445
isl,sex_f,age_aggregate_y25_54,geo_cov_urb,2002,6.863
isl,sex_f,age_aggregate_y25_54,geo_cov_urb,2010,8.584
isl,sex_f,age_aggregate_y25_54,geo_cov_urb,2011,9.309
isl,sex_f,age_aggregate_y25_54,geo_cov_urb,2012,6.293
isl,sex_f,age_aggregate_y25_54,geo_cov_urb,2013,9.076
isl,sex_f,age_aggregate_y25_54,geo_cov_urb,2014,9.382
isl,sex_f,age_aggregate_y25_54,geo_cov_urb,2015,7.902
isl,sex_f,age_aggregate_y25_54,geo_cov_urb,2016,6.618
isl,sex_f,age_aggregate_y25_54,geo_cov_urb,2017,5.19
isl,sex_f,age_aggregate_y25_54,geo_cov_urb,2018,3.804
isl,sex_f,age_aggregate_y25_54,geo_cov_urb,2019,5.303
isl,sex_f,age_aggregate_y25_54,geo_cov_urb,2020,8.146
isl,sex_f,age_aggregate_y25_54,geo_cov_urb,2021,10.364
isl,sex_f,age_aggregate_y25_54,geo_cov_urb,2022,5.802
isl,sex_f,age_aggregate_y25_54,geo_cov_urb,2023,5.474
isl,sex_f,age_aggregate_y25_54,geo_cov_urb,2024,4.102
isl,sex_f,age_aggregate_y25_54,geo_cov_x,2012,8.027
isl,sex_f,age_aggregate_y55_64,geo_cov_nat,1998,6.068
isl,sex_f,age_aggregate_y55_64,geo_cov_nat,1999,5.356
isl,sex_f,age_aggregate_y55_64,geo_cov_nat,2000,6.074
isl,sex_f,age_aggregate_y55_64,geo_cov_nat,2001,5.728
isl,sex_f,age_aggregate_y55_64,geo_cov_nat,2002,4.98
isl,sex_f,age_aggregate_y55_64,geo_cov_nat,2010,5.907
isl,sex_f,age_aggregate_y55_64,geo_cov_nat,2011,4.485
isl,sex_f,age_aggregate_y55_64,geo_cov_nat,2012,7.975
isl,sex_f,age_aggregate_y55_64,geo_cov_nat,2013,7.312
isl,sex_f,age_aggregate_y55_64,geo_cov_nat,2014,6.93
isl,sex_f,age_aggregate_y55_64,geo_cov_nat,2015,7.591
isl,sex_f,age_aggregate_y55_64,geo_cov_nat,2016,6.176
isl,sex_f,age_aggregate_y55_64,geo_cov_nat,2017,6.263
isl,sex_f,age_aggregate_y55_64,geo_cov_nat,2018,5.248
isl,sex_f,age_aggregate_y55_64,geo_cov_nat,2019,3.8
isl,sex_f,age_aggregate_y55_64,geo_cov_nat,2020,8.304
isl,sex_f,age_aggregate_y55_64,geo_cov_nat,2021,7.013
isl,sex_f,age_aggregate_y55_64,geo_cov_nat,2022,4.873
isl,sex_f,age_aggregate_y55_64,geo_cov_nat,2023,3.442
isl,sex_f,age_aggregate_y55_64,geo_cov_nat,2024,5.497
isl,sex_f,age_aggregate_y55_64,geo_cov_rur,1998,6.1
isl,sex_f,age_aggregate_y55_64,geo_cov_rur,2001,10.71
isl,sex_f,age_aggregate_y55_64,geo_cov_rur,2002,6.602
isl,sex_f,age_aggregate_y55_64,geo_cov_rur,2010,5.467
isl,sex_f,age_aggregate_y55_64,geo_cov_rur,2011,1.761
isl,sex_f,age_aggregate_y55_64,geo_cov_rur,2013,7.285
isl,sex_f,age_aggregate_y55_64,geo_cov_rur,2014,10.72
isl,sex_f,age_aggregate_y55_64,geo_cov_rur,2015,10.63
isl,sex_f,age_aggregate_y55_64,geo_cov_rur,2016,10.29
isl,sex_f,age_aggregate_y55_64,geo_cov_rur,2017,7.528
isl,sex_f,age_aggregate_y55_64,geo_cov_rur,2019,4.545
isl,sex_f,age_aggregate_y55_64,geo_cov_rur,2020,5.454
isl,sex_f,age_aggregate_y55_64,geo_cov_rur,2021,7.601
isl,sex_f,age_aggregate_y55_64,geo_cov_rur,2022,4.508
isl,sex_f,age_aggregate_y55_64,geo_cov_rur,2023,4.514
isl,sex_f,age_aggregate_y55_64,geo_cov_urb,1998,6.036
isl,sex_f,age_aggregate_y55_64,geo_cov_urb,1999,6.705
isl,sex_f,age_aggregate_y55_64,geo_cov_urb,2000,7.768
isl,sex_f,age_aggregate_y55_64,geo_cov_urb,2010,6.196
isl,sex_f,age_aggregate_y55_64,geo_cov_urb,2011,6.166
isl,sex_f,age_aggregate_y55_64,geo_cov_urb,2012,8.947
isl,sex_f,age_aggregate_y55_64,geo_cov_urb,2013,7.319
isl,sex_f,age_aggregate_y55_64,geo_cov_urb,2014,6.085
isl,sex_f,age_aggregate_y55_64,geo_cov_urb,2015,7.009
isl,sex_f,age_aggregate_y55_64,geo_cov_urb,2016,5.395
isl,sex_f,age_aggregate_y55_64,geo_cov_urb,2017,6.028
isl,sex_f,age_aggregate_y55_64,geo_cov_urb,2018,5.8
isl,sex_f,age_aggregate_y55_64,geo_cov_urb,2019,3.653
isl,sex_f,age_aggregate_y55_64,geo_cov_urb,2020,8.947
isl,sex_f,age_aggregate_y55_64,geo_cov_urb,2021,6.823
isl,sex_f,age_aggregate_y55_64,geo_cov_urb,2022,5.003
isl,sex_f,age_aggregate_y55_64,geo_cov_urb,2023,3.091
isl,sex_f,age_aggregate_y55_64,geo_cov_urb,2024,5.339
isl,sex_f,age_aggregate_y55_64,geo_cov_x,2012,7.858
isl,sex_f,age_aggregate_yge65,geo_cov_nat,1998,23.492
isl,sex_f,age_aggregate_yge65,geo_cov_nat,1999,19.162
isl,sex_f,age_aggregate_yge65,geo_cov_nat,2000,34.312
isl,sex_f,age_aggregate_yge65,geo_cov_nat,2001,35.452
isl,sex_f,age_aggregate_yge65,geo_cov_nat,2002,26.006
isl,sex_f,age_aggregate_yge65,geo_cov_nat,2010,6.224
isl,sex_f,age_aggregate_yge65,geo_cov_nat,2011,10.431
isl,sex_f,age_aggregate_yge65,geo_cov_nat,2012,12.805
isl,sex_f,age_aggregate_yge65,geo_cov_nat,2013,12.625
isl,sex_f,age_aggregate_yge65,geo_cov_nat,2014,11.063
isl,sex_f,age_aggregate_yge65,geo_cov_nat,2015,20.281
isl,sex_f,age_aggregate_yge65,geo_cov_nat,2016,21.313
isl,sex_f,age_aggregate_yge65,geo_cov_nat,2017,21.111
isl,sex_f,age_aggregate_yge65,geo_cov_nat,2018,12.245
isl,sex_f,age_aggregate_yge65,geo_cov_nat,2019,8.931
isl,sex_f,age_aggregate_yge65,geo_cov_nat,2020,11.072
isl,sex_f,age_aggregate_yge65,geo_cov_nat,2021,9.093
isl,sex_f,age_aggregate_yge65,geo_cov_nat,2022,7.8
isl,sex_f,age_aggregate_yge65,geo_cov_nat,2023,12.14
isl,sex_f,age_aggregate_yge65,geo_cov_nat,2024,17.884
isl,sex_f,age_aggregate_yge65,geo_cov_rur,2000,43.419
isl,sex_f,age_aggregate_yge65,geo_cov_rur,2001,42.332
isl,sex_f,age_aggregate_yge65,geo_cov_rur,2002,21.437
isl,sex_f,age_aggregate_yge65,geo_cov_rur,2011,12.48
isl,sex_f,age_aggregate_yge65,geo_cov_rur,2013,11.686
isl,sex_f,age_aggregate_yge65,geo_cov_rur,2014,11.891
isl,sex_f,age_aggregate_yge65,geo_cov_rur,2015,16.797
isl,sex_f,age_aggregate_yge65,geo_cov_rur,2016,14.269
isl,sex_f,age_aggregate_yge65,geo_cov_rur,2017,15.718
isl,sex_f,age_aggregate_yge65,geo_cov_rur,2020,11.9
isl,sex_f,age_aggregate_yge65,geo_cov_rur,2023,7.25
isl,sex_f,age_aggregate_yge65,geo_cov_urb,1998,29.311
isl,sex_f,age_aggregate_yge65,geo_cov_urb,1999,21.371
isl,sex_f,age_aggregate_yge65,geo_cov_urb,2000,28.785
isl,sex_f,age_aggregate_yge65,geo_cov_urb,2001,30.831
isl,sex_f,age_aggregate_yge65,geo_cov_urb,2002,29.108
isl,sex_f,age_aggregate_yge65,geo_cov_urb,2010,6.089
isl,sex_f,age_aggregate_yge65,geo_cov_urb,2011,9.497
isl,sex_f,age_aggregate_yge65,geo_cov_urb,2012,15.784
isl,sex_f,age_aggregate_yge65,geo_cov_urb,2013,12.887
isl,sex_f,age_aggregate_yge65,geo_cov_urb,2014,10.839
isl,sex_f,age_aggregate_yge65,geo_cov_urb,2015,21.27
isl,sex_f,age_aggregate_yge65,geo_cov_urb,2016,23.494
isl,sex_f,age_aggregate_yge65,geo_cov_urb,2017,21.944
isl,sex_f,age_aggregate_yge65,geo_cov_urb,2018,12.236
isl,sex_f,age_aggregate_yge65,geo_cov_urb,2019,8.28
isl,sex_f,age_aggregate_yge65,geo_cov_urb,2020,10.853
isl,sex_f,age_aggregate_yge65,geo_cov_urb,2021,10.687
isl,sex_f,age_aggregate_yge65,geo_cov_urb,2022,8.631
isl,sex_f,age_aggregate_yge65,geo_cov_urb,2023,13.818
isl,sex_f,age_aggregate_yge65,geo_cov_urb,2024,20.922
isl,sex_f,age_aggregate_yge65,geo_cov_x,2012,10.983
isl,sex_f,age_ythadult_y15_24,geo_cov_nat,1998,12.45
isl,sex_f,age_ythadult_y15_24,geo_cov_nat,1999,8.396
isl,sex_f,age_ythadult_y15_24,geo_cov_nat,2000,8.324
isl,sex_f,age_ythadult_y15_24,geo_cov_nat,2001,10.437
isl,sex_f,age_ythadult_y15_24,geo_cov_nat,2002,10.287
isl,sex_f,age_ythadult_y15_24,geo_cov_nat,2010,19.27
isl,sex_f,age_ythadult_y15_24,geo_cov_nat,2011,17.575
isl,sex_f,age_ythadult_y15_24,geo_cov_nat,2012,19.409
isl,sex_f,age_ythadult_y15_24,geo_cov_nat,2013,13.595
isl,sex_f,age_ythadult_y15_24,geo_cov_nat,2014,14.434
isl,sex_f,age_ythadult_y15_24,geo_cov_nat,2015,14.856
isl,sex_f,age_ythadult_y15_24,geo_cov_nat,2016,12.472
isl,sex_f,age_ythadult_y15_24,geo_cov_nat,2017,12.386
isl,sex_f,age_ythadult_y15_24,geo_cov_nat,2018,10.355
isl,sex_f,age_ythadult_y15_24,geo_cov_nat,2019,11.506
isl,sex_f,age_ythadult_y15_24,geo_cov_nat,2020,16.225
isl,sex_f,age_ythadult_y15_24,geo_cov_nat,2021,18.822
isl,sex_f,age_ythadult_y15_24,geo_cov_nat,2022,12.768
isl,sex_f,age_ythadult_y15_24,geo_cov_nat,2023,13.552
isl,sex_f,age_ythadult_y15_24,geo_cov_nat,2024,14.973
isl,sex_f,age_ythadult_y15_24,geo_cov_rur,1998,15.719
isl,sex_f,age_ythadult_y15_24,geo_cov_rur,1999,9.821
isl,sex_f,age_ythadult_y15_24,geo_cov_rur,2000,10.238
isl,sex_f,age_ythadult_y15_24,geo_cov_rur,2001,13.216
isl,sex_f,age_ythadult_y15_24,geo_cov_rur,2002,6.463
isl,sex_f,age_ythadult_y15_24,geo_cov_rur,2010,22.461
isl,sex_f,age_ythadult_y15_24,geo_cov_rur,2011,17.426
isl,sex_f,age_ythadult_y15_24,geo_cov_rur,2012,20.919
isl,sex_f,age_ythadult_y15_24,geo_cov_rur,2013,15.729
isl,sex_f,age_ythadult_y15_24,geo_cov_rur,2014,11.795
isl,sex_f,age_ythadult_y15_24,geo_cov_rur,2015,17.288
isl,sex_f,age_ythadult_y15_24,geo_cov_rur,2016,11.345
isl,sex_f,age_ythadult_y15_24,geo_cov_rur,2017,16.077
isl,sex_f,age_ythadult_y15_24,geo_cov_rur,2018,11.973
isl,sex_f,age_ythadult_y15_24,geo_cov_rur,2019,6.392
isl,sex_f,age_ythadult_y15_24,geo_cov_rur,2020,16.323
isl,sex_f,age_ythadult_y15_24,geo_cov_rur,2021,19.21
isl,sex_f,age_ythadult_y15_24,geo_cov_rur,2022,14.274
isl,sex_f,age_ythadult_y15_24,geo_cov_rur,2023,11.658
isl,sex_f,age_ythadult_y15_24,geo_cov_urb,1998,10.566
isl,sex_f,age_ythadult_y15_24,geo_cov_urb,1999,7.553
isl,sex_f,age_ythadult_y15_24,geo_cov_urb,2000,7.151
isl,sex_f,age_ythadult_y15_24,geo_cov_urb,2001,8.887
isl,sex_f,age_ythadult_y15_24,geo_cov_urb,2002,12.58
isl,sex_f,age_ythadult_y15_24,geo_cov_urb,2010,17.676
isl,sex_f,age_ythadult_y15_24,geo_cov_urb,2011,17.644
isl,sex_f,age_ythadult_y15_24,geo_cov_urb,2012,15.957
isl,sex_f,age_ythadult_y15_24,geo_cov_urb,2013,13.301
isl,sex_f,age_ythadult_y15_24,geo_cov_urb,2014,14.759
isl,sex_f,age_ythadult_y15_24,geo_cov_urb,2015,14.55
isl,sex_f,age_ythadult_y15_24,geo_cov_urb,2016,12.622
isl,sex_f,age_ythadult_y15_24,geo_cov_urb,2017,11.996
isl,sex_f,age_ythadult_y15_24,geo_cov_urb,2018,10.142
isl,sex_f,age_ythadult_y15_24,geo_cov_urb,2019,12.338
isl,sex_f,age_ythadult_y15_24,geo_cov_urb,2020,16.209
isl,sex_f,age_ythadult_y15_24,geo_cov_urb,2021,18.72
isl,sex_f,age_ythadult_y15_24,geo_cov_urb,2022,12.456
isl,sex_f,age_ythadult_y15_24,geo_cov_urb,2023,13.816
isl,sex_f,age_ythadult_y15_24,geo_cov_urb,2024,14.576
isl,sex_f,age_ythadult_y15_24,geo_cov_x,2012,20.351
isl,sex_f,age_ythadult_y15_64,geo_cov_nat,1998,7.537
isl,sex_f,age_ythadult_y15_64,geo_cov_nat,1999,5.421
isl,sex_f,age_ythadult_y15_64,geo_cov_nat,2000,5.322
isl,sex_f,age_ythadult_y15_64,geo_cov_nat,2001,5.948
isl,sex_f,age_ythadult_y15_64,geo_cov_nat,2002,6.368
isl,sex_f,age_ythadult_y15_64,geo_cov_nat,2010,9.466
isl,sex_f,age_ythadult_y15_64,geo_cov_nat,2011,9.166
isl,sex_f,age_ythadult_y15_64,geo_cov_nat,2012,9.916
isl,sex_f,age_ythadult_y15_64,geo_cov_nat,2013,9.184
isl,sex_f,age_ythadult_y15_64,geo_cov_nat,2014,9.319
isl,sex_f,age_ythadult_y15_64,geo_cov_nat,2015,8.797
isl,sex_f,age_ythadult_y15_64,geo_cov_nat,2016,7.343
isl,sex_f,age_ythadult_y15_64,geo_cov_nat,2017,6.274
isl,sex_f,age_ythadult_y15_64,geo_cov_nat,2018,5.155
isl,sex_f,age_ythadult_y15_64,geo_cov_nat,2019,5.876
isl,sex_f,age_ythadult_y15_64,geo_cov_nat,2020,9.252
isl,sex_f,age_ythadult_y15_64,geo_cov_nat,2021,10.656
isl,sex_f,age_ythadult_y15_64,geo_cov_nat,2022,6.611
isl,sex_f,age_ythadult_y15_64,geo_cov_nat,2023,6.186
isl,sex_f,age_ythadult_y15_64,geo_cov_nat,2024,6.318
isl,sex_f,age_ythadult_y15_64,geo_cov_rur,1998,6.078
isl,sex_f,age_ythadult_y15_64,geo_cov_rur,1999,6.096
isl,sex_f,age_ythadult_y15_64,geo_cov_rur,2000,6.603
isl,sex_f,age_ythadult_y15_64,geo_cov_rur,2001,7.246
isl,sex_f,age_ythadult_y15_64,geo_cov_rur,2010,8.459
isl,sex_f,age_ythadult_y15_64,geo_cov_rur,2011,6.774
isl,sex_f,age_ythadult_y15_64,geo_cov_rur,2012,7.369
isl,sex_f,age_ythadult_y15_64,geo_cov_rur,2013,6.807
isl,sex_f,age_ythadult_y15_64,geo_cov_rur,2014,6.008
isl,sex_f,age_ythadult_y15_64,geo_cov_rur,2015,7.126
isl,sex_f,age_ythadult_y15_64,geo_cov_rur,2016,6.189
isl,sex_f,age_ythadult_y15_64,geo_cov_rur,2017,4.144
isl,sex_f,age_ythadult_y15_64,geo_cov_rur,2018,4.342
isl,sex_f,age_ythadult_y15_64,geo_cov_rur,2019,3.53
isl,sex_f,age_ythadult_y15_64,geo_cov_rur,2020,6.86
isl,sex_f,age_ythadult_y15_64,geo_cov_rur,2021,8.669
isl,sex_f,age_ythadult_y15_64,geo_cov_rur,2022,5.666
isl,sex_f,age_ythadult_y15_64,geo_cov_rur,2023,4.073
isl,sex_f,age_ythadult_y15_64,geo_cov_rur,2024,6.574
isl,sex_f,age_ythadult_y15_64,geo_cov_urb,1998,8.593
isl,sex_f,age_ythadult_y15_64,geo_cov_urb,1999,4.973
isl,sex_f,age_ythadult_y15_64,geo_cov_urb,2000,4.487
isl,sex_f,age_ythadult_y15_64,geo_cov_urb,2001,5.122
isl,sex_f,age_ythadult_y15_64,geo_cov_urb,2002,7.514
isl,sex_f,age_ythadult_y15_64,geo_cov_urb,2010,10.024
isl,sex_f,age_ythadult_y15_64,geo_cov_urb,2011,10.504
isl,sex_f,age_ythadult_y15_64,geo_cov_urb,2012,8.696
isl,sex_f,age_ythadult_y15_64,geo_cov_urb,2013,9.654
isl,sex_f,age_ythadult_y15_64,geo_cov_urb,2014,9.885
isl,sex_f,age_ythadult_y15_64,geo_cov_urb,2015,9.061
isl,sex_f,age_ythadult_y15_64,geo_cov_urb,2016,7.538
isl,sex_f,age_ythadult_y15_64,geo_cov_urb,2017,6.636
isl,sex_f,age_ythadult_y15_64,geo_cov_urb,2018,5.292
isl,sex_f,age_ythadult_y15_64,geo_cov_urb,2019,6.262
isl,sex_f,age_ythadult_y15_64,geo_cov_urb,2020,9.656
isl,sex_f,age_ythadult_y15_64,geo_cov_urb,2021,11.178
isl,sex_f,age_ythadult_y15_64,geo_cov_urb,2022,6.858
isl,sex_f,age_ythadult_y15_64,geo_cov_urb,2023,6.682
isl,sex_f,age_ythadult_y15_64,geo_cov_urb,2024,6.259
isl,sex_f,age_ythadult_y15_64,geo_cov_x,2012,10.388
isl,sex_f,age_ythadult_yge15,geo_cov_nat,1998,8.258
isl,sex_f,age_ythadult_yge15,geo_cov_nat,1999,6.041
isl,sex_f,age_ythadult_yge15,geo_cov_nat,2000,6.474
isl,sex_f,age_ythadult_yge15,geo_cov_nat,2001,7.165
isl,sex_f,age_ythadult_yge15,geo_cov_nat,2002,7.118
isl,sex_f,age_ythadult_yge15,geo_cov_nat,2010,9.358
isl,sex_f,age_ythadult_yge15,geo_cov_nat,2011,9.208
isl,sex_f,age_ythadult_yge15,geo_cov_nat,2012,10.023
isl,sex_f,age_ythadult_yge15,geo_cov_nat,2013,9.324
isl,sex_f,age_ythadult_yge15,geo_cov_nat,2014,9.389
isl,sex_f,age_ythadult_yge15,geo_cov_nat,2015,9.358
isl,sex_f,age_ythadult_yge15,geo_cov_nat,2016,8.054
isl,sex_f,age_ythadult_yge15,geo_cov_nat,2017,6.989
isl,sex_f,age_ythadult_yge15,geo_cov_nat,2018,5.472
isl,sex_f,age_ythadult_yge15,geo_cov_nat,2019,5.994
isl,sex_f,age_ythadult_yge15,geo_cov_nat,2020,9.321
isl,sex_f,age_ythadult_yge15,geo_cov_nat,2021,10.586
isl,sex_f,age_ythadult_yge15,geo_cov_nat,2022,6.664
isl,sex_f,age_ythadult_yge15,geo_cov_nat,2023,6.463
isl,sex_f,age_ythadult_yge15,geo_cov_nat,2024,6.888
isl,sex_f,age_ythadult_yge15,geo_cov_rur,1998,6.219
isl,sex_f,age_ythadult_yge15,geo_cov_rur,1999,6.546
isl,sex_f,age_ythadult_yge15,geo_cov_rur,2000,8.005
isl,sex_f,age_ythadult_yge15,geo_cov_rur,2001,8.738
isl,sex_f,age_ythadult_yge15,geo_cov_rur,2002,5.202
isl,sex_f,age_ythadult_yge15,geo_cov_rur,2010,8.398
isl,sex_f,age_ythadult_yge15,geo_cov_rur,2011,6.94
isl,sex_f,age_ythadult_yge15,geo_cov_rur,2012,8.206
isl,sex_f,age_ythadult_yge15,geo_cov_rur,2013,7.066
isl,sex_f,age_ythadult_yge15,geo_cov_rur,2014,6.343
isl,sex_f,age_ythadult_yge15,geo_cov_rur,2015,7.87
isl,sex_f,age_ythadult_yge15,geo_cov_rur,2016,6.84
isl,sex_f,age_ythadult_yge15,geo_cov_rur,2017,4.661
isl,sex_f,age_ythadult_yge15,geo_cov_rur,2018,4.604
isl,sex_f,age_ythadult_yge15,geo_cov_rur,2019,3.89
isl,sex_f,age_ythadult_yge15,geo_cov_rur,2020,7.134
isl,sex_f,age_ythadult_yge15,geo_cov_rur,2021,8.444
isl,sex_f,age_ythadult_yge15,geo_cov_rur,2022,5.625
isl,sex_f,age_ythadult_yge15,geo_cov_rur,2023,4.268
isl,sex_f,age_ythadult_yge15,geo_cov_rur,2024,6.606
isl,sex_f,age_ythadult_yge15,geo_cov_urb,1998,9.703
isl,sex_f,age_ythadult_yge15,geo_cov_urb,1999,5.706
isl,sex_f,age_ythadult_yge15,geo_cov_urb,2000,5.479
isl,sex_f,age_ythadult_yge15,geo_cov_urb,2001,6.161
isl,sex_f,age_ythadult_yge15,geo_cov_urb,2002,8.31
isl,sex_f,age_ythadult_yge15,geo_cov_urb,2010,9.888
isl,sex_f,age_ythadult_yge15,geo_cov_urb,2011,10.468
isl,sex_f,age_ythadult_yge15,geo_cov_urb,2012,8.979
isl,sex_f,age_ythadult_yge15,geo_cov_urb,2013,9.777
isl,sex_f,age_ythadult_yge15,geo_cov_urb,2014,9.92
isl,sex_f,age_ythadult_yge15,geo_cov_urb,2015,9.602
isl,sex_f,age_ythadult_yge15,geo_cov_urb,2016,8.267
isl,sex_f,age_ythadult_yge15,geo_cov_urb,2017,7.383
isl,sex_f,age_ythadult_yge15,geo_cov_urb,2018,5.617
isl,sex_f,age_ythadult_yge15,geo_cov_urb,2019,6.34
isl,sex_f,age_ythadult_yge15,geo_cov_urb,2020,9.698
isl,sex_f,age_ythadult_yge15,geo_cov_urb,2021,11.158
isl,sex_f,age_ythadult_yge15,geo_cov_urb,2022,6.935
isl,sex_f,age_ythadult_yge15,geo_cov_urb,2023,6.988
isl,sex_f,age_ythadult_yge15,geo_cov_urb,2024,6.954
isl,sex_f,age_ythadult_yge15,geo_cov_x,2012,10.409
isl,sex_f,age_ythadult_yge25,geo_cov_nat,1998,7.295
isl,sex_f,age_ythadult_yge25,geo_cov_nat,1999,5.525
isl,sex_f,age_ythadult_yge25,geo_cov_nat,2000,6.031
isl,sex_f,age_ythadult_yge25,geo_cov_nat,2001,6.382
isl,sex_f,age_ythadult_yge25,geo_cov_nat,2002,6.459
isl,sex_f,age_ythadult_yge25,geo_cov_nat,2010,7.119
isl,sex_f,age_ythadult_yge25,geo_cov_nat,2011,7.328
isl,sex_f,age_ythadult_yge25,geo_cov_nat,2012,7.886
isl,sex_f,age_ythadult_yge25,geo_cov_nat,2013,8.344
isl,sex_f,age_ythadult_yge25,geo_cov_nat,2014,8.261
isl,sex_f,age_ythadult_yge25,geo_cov_nat,2015,8.128
isl,sex_f,age_ythadult_yge25,geo_cov_nat,2016,7.127
isl,sex_f,age_ythadult_yge25,geo_cov_nat,2017,5.873
isl,sex_f,age_ythadult_yge25,geo_cov_nat,2018,4.494
isl,sex_f,age_ythadult_yge25,geo_cov_nat,2019,4.879
isl,sex_f,age_ythadult_yge25,geo_cov_nat,2020,7.977
isl,sex_f,age_ythadult_yge25,geo_cov_nat,2021,8.986
isl,sex_f,age_ythadult_yge25,geo_cov_nat,2022,5.471
isl,sex_f,age_ythadult_yge25,geo_cov_nat,2023,5.047
isl,sex_f,age_ythadult_yge25,geo_cov_nat,2024,5.271
isl,sex_f,age_ythadult_yge25,geo_cov_rur,1998,4.345
isl,sex_f,age_ythadult_yge25,geo_cov_rur,1999,5.887
isl,sex_f,age_ythadult_yge25,geo_cov_rur,2000,7.495
isl,sex_f,age_ythadult_yge25,geo_cov_rur,2001,7.773
isl,sex_f,age_ythadult_yge25,geo_cov_rur,2002,4.947
isl,sex_f,age_ythadult_yge25,geo_cov_rur,2010,5.463
isl,sex_f,age_ythadult_yge25,geo_cov_rur,2011,4.893
isl,sex_f,age_ythadult_yge25,geo_cov_rur,2012,6.613
isl,sex_f,age_ythadult_yge25,geo_cov_rur,2013,5.713
isl,sex_f,age_ythadult_yge25,geo_cov_rur,2014,5.494
isl,sex_f,age_ythadult_yge25,geo_cov_rur,2015,6.268
isl,sex_f,age_ythadult_yge25,geo_cov_rur,2016,6.133
isl,sex_f,age_ythadult_yge25,geo_cov_rur,2017,3.203
isl,sex_f,age_ythadult_yge25,geo_cov_rur,2018,3.435
isl,sex_f,age_ythadult_yge25,geo_cov_rur,2019,3.389
isl,sex_f,age_ythadult_yge25,geo_cov_rur,2020,5.465
isl,sex_f,age_ythadult_yge25,geo_cov_rur,2021,6.401
isl,sex_f,age_ythadult_yge25,geo_cov_rur,2022,4.274
isl,sex_f,age_ythadult_yge25,geo_cov_rur,2023,3.395
isl,sex_f,age_ythadult_yge25,geo_cov_rur,2024,5.24
isl,sex_f,age_ythadult_yge25,geo_cov_urb,1998,9.484
isl,sex_f,age_ythadult_yge25,geo_cov_urb,1999,5.279
isl,sex_f,age_ythadult_yge25,geo_cov_urb,2000,5.067
isl,sex_f,age_ythadult_yge25,geo_cov_urb,2001,5.466
isl,sex_f,age_ythadult_yge25,geo_cov_urb,2002,7.408
isl,sex_f,age_ythadult_yge25,geo_cov_urb,2010,8.053
isl,sex_f,age_ythadult_yge25,geo_cov_urb,2011,8.733
isl,sex_f,age_ythadult_yge25,geo_cov_urb,2012,7.291
isl,sex_f,age_ythadult_yge25,geo_cov_urb,2013,8.913
isl,sex_f,age_ythadult_yge25,geo_cov_urb,2014,8.777
isl,sex_f,age_ythadult_yge25,geo_cov_urb,2015,8.448
isl,sex_f,age_ythadult_yge25,geo_cov_urb,2016,7.311
isl,sex_f,age_ythadult_yge25,geo_cov_urb,2017,6.361
isl,sex_f,age_ythadult_yge25,geo_cov_urb,2018,4.677
isl,sex_f,age_ythadult_yge25,geo_cov_urb,2019,5.125
isl,sex_f,age_ythadult_yge25,geo_cov_urb,2020,8.416
isl,sex_f,age_ythadult_yge25,geo_cov_urb,2021,9.681
isl,sex_f,age_ythadult_yge25,geo_cov_urb,2022,5.797
isl,sex_f,age_ythadult_yge25,geo_cov_urb,2023,5.479
isl,sex_f,age_ythadult_yge25,geo_cov_urb,2024,5.278
isl,sex_f,age_ythadult_yge25,geo_cov_x,2012,8.124
isl,sex_m,age_aggregate_total,geo_cov_nat,1998,5.428
isl,sex_m,age_aggregate_total,geo_cov_nat,1999,3.465
isl,sex_m,age_aggregate_total,geo_cov_nat,2000,3.471
isl,sex_m,age_aggregate_total,geo_cov_nat,2001,4.539
isl,sex_m,age_aggregate_total,geo_cov_nat,2002,6.215
isl,sex_m,age_aggregate_total,geo_cov_nat,2010,11.145
isl,sex_m,age_aggregate_total,geo_cov_nat,2011,10.791
isl,sex_m,age_aggregate_total,geo_cov_nat,2012,10.295
isl,sex_m,age_aggregate_total,geo_cov_nat,2013,9.933
isl,sex_m,age_aggregate_total,geo_cov_nat,2014,8.907
isl,sex_m,age_aggregate_total,geo_cov_nat,2015,7.561
isl,sex_m,age_aggregate_total,geo_cov_nat,2016,5.945
isl,sex_m,age_aggregate_total,geo_cov_nat,2017,5.806
isl,sex_m,age_aggregate_total,geo_cov_nat,2018,4.997
isl,sex_m,age_aggregate_total,geo_cov_nat,2019,6.29
isl,sex_m,age_aggregate_total,geo_cov_nat,2020,8.909
isl,sex_m,age_aggregate_total,geo_cov_nat,2021,9.12
isl,sex_m,age_aggregate_total,geo_cov_nat,2022,6.703
isl,sex_m,age_aggregate_total,geo_cov_nat,2023,6.856
isl,sex_m,age_aggregate_total,geo_cov_nat,2024,6.037
isl,sex_m,age_aggregate_total,geo_cov_rur,1998,4.327
isl,sex_m,age_aggregate_total,geo_cov_rur,1999,3.135
isl,sex_m,age_aggregate_total,geo_cov_rur,2000,3.214
isl,sex_m,age_aggregate_total,geo_cov_rur,2001,5.41
isl,sex_m,age_aggregate_total,geo_cov_rur,2002,5.694
isl,sex_m,age_aggregate_total,geo_cov_rur,2010,8.776
isl,sex_m,age_aggregate_total,geo_cov_rur,2011,8.611
isl,sex_m,age_aggregate_total,geo_cov_rur,2012,8.091
isl,sex_m,age_aggregate_total,geo_cov_rur,2013,6.598
isl,sex_m,age_aggregate_total,geo_cov_rur,2014,5.854
isl,sex_m,age_aggregate_total,geo_cov_rur,2015,5.748
isl,sex_m,age_aggregate_total,geo_cov_rur,2016,5.733
isl,sex_m,age_aggregate_total,geo_cov_rur,2017,5.324
isl,sex_m,age_aggregate_total,geo_cov_rur,2018,4.244
isl,sex_m,age_aggregate_total,geo_cov_rur,2019,3.333
isl,sex_m,age_aggregate_total,geo_cov_rur,2020,5.152
isl,sex_m,age_aggregate_total,geo_cov_rur,2021,7.559
isl,sex_m,age_aggregate_total,geo_cov_rur,2022,4.82
isl,sex_m,age_aggregate_total,geo_cov_rur,2023,5.252
isl,sex_m,age_aggregate_total,geo_cov_rur,2024,3.511
isl,sex_m,age_aggregate_total,geo_cov_urb,1998,6.222
isl,sex_m,age_aggregate_total,geo_cov_urb,1999,3.694
isl,sex_m,age_aggregate_total,geo_cov_urb,2000,3.66
isl,sex_m,age_aggregate_total,geo_cov_urb,2001,3.93
isl,sex_m,age_aggregate_total,geo_cov_urb,2002,6.578
isl,sex_m,age_aggregate_total,geo_cov_urb,2010,12.667
isl,sex_m,age_aggregate_total,geo_cov_urb,2011,12.19
isl,sex_m,age_aggregate_total,geo_cov_urb,2012,10.056
isl,sex_m,age_aggregate_total,geo_cov_urb,2013,10.669
isl,sex_m,age_aggregate_total,geo_cov_urb,2014,9.558
isl,sex_m,age_aggregate_total,geo_cov_urb,2015,7.933
isl,sex_m,age_aggregate_total,geo_cov_urb,2016,5.984
isl,sex_m,age_aggregate_total,geo_cov_urb,2017,5.892
isl,sex_m,age_aggregate_total,geo_cov_urb,2018,5.147
isl,sex_m,age_aggregate_total,geo_cov_urb,2019,6.847
isl,sex_m,age_aggregate_total,geo_cov_urb,2020,9.591
isl,sex_m,age_aggregate_total,geo_cov_urb,2021,9.516
isl,sex_m,age_aggregate_total,geo_cov_urb,2022,7.229
isl,sex_m,age_aggregate_total,geo_cov_urb,2023,7.283
isl,sex_m,age_aggregate_total,geo_cov_urb,2024,6.618
isl,sex_m,age_aggregate_total,geo_cov_x,2012,10.481
isl,sex_m,age_aggregate_y15_24,geo_cov_nat,1998,14.52
isl,sex_m,age_aggregate_y15_24,geo_cov_nat,1999,8.137
isl,sex_m,age_aggregate_y15_24,geo_cov_nat,2000,10.437
isl,sex_m,age_aggregate_y15_24,geo_cov_nat,2001,11.414
isl,sex_m,age_aggregate_y15_24,geo_cov_nat,2002,16.832
isl,sex_m,age_aggregate_y15_24,geo_cov_nat,2010,26.009
isl,sex_m,age_aggregate_y15_24,geo_cov_nat,2011,26.768
isl,sex_m,age_aggregate_y15_24,geo_cov_nat,2012,24.835
isl,sex_m,age_aggregate_y15_24,geo_cov_nat,2013,23.497
isl,sex_m,age_aggregate_y15_24,geo_cov_nat,2014,22.981
isl,sex_m,age_aggregate_y15_24,geo_cov_nat,2015,20.241
isl,sex_m,age_aggregate_y15_24,geo_cov_nat,2016,14.238
isl,sex_m,age_aggregate_y15_24,geo_cov_nat,2017,14.049
isl,sex_m,age_aggregate_y15_24,geo_cov_nat,2018,11.343
isl,sex_m,age_aggregate_y15_24,geo_cov_nat,2019,17.544
isl,sex_m,age_aggregate_y15_24,geo_cov_nat,2020,19.014
isl,sex_m,age_aggregate_y15_24,geo_cov_nat,2021,20.664
isl,sex_m,age_aggregate_y15_24,geo_cov_nat,2022,19.402
isl,sex_m,age_aggregate_y15_24,geo_cov_nat,2023,17.889
isl,sex_m,age_aggregate_y15_24,geo_cov_nat,2024,15.546
isl,sex_m,age_aggregate_y15_24,geo_cov_rur,1998,12.503
isl,sex_m,age_aggregate_y15_24,geo_cov_rur,1999,8.937
isl,sex_m,age_aggregate_y15_24,geo_cov_rur,2000,11.267
isl,sex_m,age_aggregate_y15_24,geo_cov_rur,2001,15.132
isl,sex_m,age_aggregate_y15_24,geo_cov_rur,2002,18.637
isl,sex_m,age_aggregate_y15_24,geo_cov_rur,2010,23.897
isl,sex_m,age_aggregate_y15_24,geo_cov_rur,2011,27.146
isl,sex_m,age_aggregate_y15_24,geo_cov_rur,2012,27.143
isl,sex_m,age_aggregate_y15_24,geo_cov_rur,2013,19.678
isl,sex_m,age_aggregate_y15_24,geo_cov_rur,2014,19.395
isl,sex_m,age_aggregate_y15_24,geo_cov_rur,2015,20.571
isl,sex_m,age_aggregate_y15_24,geo_cov_rur,2016,15.683
isl,sex_m,age_aggregate_y15_24,geo_cov_rur,2017,15.779
isl,sex_m,age_aggregate_y15_24,geo_cov_rur,2018,11.497
isl,sex_m,age_aggregate_y15_24,geo_cov_rur,2019,12.284
isl,sex_m,age_aggregate_y15_24,geo_cov_rur,2020,10.155
isl,sex_m,age_aggregate_y15_24,geo_cov_rur,2021,13.429
isl,sex_m,age_aggregate_y15_24,geo_cov_rur,2022,11.207
isl,sex_m,age_aggregate_y15_24,geo_cov_rur,2023,13.832
isl,sex_m,age_aggregate_y15_24,geo_cov_urb,1998,15.839
isl,sex_m,age_aggregate_y15_24,geo_cov_urb,1999,7.63
isl,sex_m,age_aggregate_y15_24,geo_cov_urb,2000,9.904
isl,sex_m,age_aggregate_y15_24,geo_cov_urb,2001,8.546
isl,sex_m,age_aggregate_y15_24,geo_cov_urb,2002,15.652
isl,sex_m,age_aggregate_y15_24,geo_cov_urb,2010,27.332
isl,sex_m,age_aggregate_y15_24,geo_cov_urb,2011,26.55
isl,sex_m,age_aggregate_y15_24,geo_cov_urb,2012,26.41
isl,sex_m,age_aggregate_y15_24,geo_cov_urb,2013,24.138
isl,sex_m,age_aggregate_y15_24,geo_cov_urb,2014,23.63
isl,sex_m,age_aggregate_y15_24,geo_cov_urb,2015,20.176
isl,sex_m,age_aggregate_y15_24,geo_cov_urb,2016,14.03
isl,sex_m,age_aggregate_y15_24,geo_cov_urb,2017,13.828
isl,sex_m,age_aggregate_y15_24,geo_cov_urb,2018,11.32
isl,sex_m,age_aggregate_y15_24,geo_cov_urb,2019,18.246
isl,sex_m,age_aggregate_y15_24,geo_cov_urb,2020,20.569
isl,sex_m,age_aggregate_y15_24,geo_cov_urb,2021,22.469
isl,sex_m,age_aggregate_y15_24,geo_cov_urb,2022,21.278
isl,sex_m,age_aggregate_y15_24,geo_cov_urb,2023,18.855
isl,sex_m,age_aggregate_y15_24,geo_cov_urb,2024,16.818
isl,sex_m,age_aggregate_y15_24,geo_cov_x,2012,24.317
isl,sex_m,age_aggregate_y25_54,geo_cov_nat,1998,2.11
isl,sex_m,age_aggregate_y25_54,geo_cov_nat,1999,1.506
isl,sex_m,age_aggregate_y25_54,geo_cov_nat,2000,1.272
isl,sex_m,age_aggregate_y25_54,geo_cov_nat,2001,1.884
isl,sex_m,age_aggregate_y25_54,geo_cov_nat,2002,2.745
isl,sex_m,age_aggregate_y25_54,geo_cov_nat,2010,8.596
isl,sex_m,age_aggregate_y25_54,geo_cov_nat,2011,7.219
isl,sex_m,age_aggregate_y25_54,geo_cov_nat,2012,6.755
isl,sex_m,age_aggregate_y25_54,geo_cov_nat,2013,6.347
isl,sex_m,age_aggregate_y25_54,geo_cov_nat,2014,5.671
isl,sex_m,age_aggregate_y25_54,geo_cov_nat,2015,4.053
isl,sex_m,age_aggregate_y25_54,geo_cov_nat,2016,3.583
isl,sex_m,age_aggregate_y25_54,geo_cov_nat,2017,3.45
isl,sex_m,age_aggregate_y25_54,geo_cov_nat,2018,3.546
isl,sex_m,age_aggregate_y25_54,geo_cov_nat,2019,4.252
isl,sex_m,age_aggregate_y25_54,geo_cov_nat,2020,7.555
isl,sex_m,age_aggregate_y25_54,geo_cov_nat,2021,7.078
isl,sex_m,age_aggregate_y25_54,geo_cov_nat,2022,4.586
isl,sex_m,age_aggregate_y25_54,geo_cov_nat,2023,5.235
isl,sex_m,age_aggregate_y25_54,geo_cov_nat,2024,4.242
isl,sex_m,age_aggregate_y25_54,geo_cov_rur,1998,1.329
isl,sex_m,age_aggregate_y25_54,geo_cov_rur,1999,1.14
isl,sex_m,age_aggregate_y25_54,geo_cov_rur,2002,2.059
isl,sex_m,age_aggregate_y25_54,geo_cov_rur,2010,6.152
isl,sex_m,age_aggregate_y25_54,geo_cov_rur,2011,4.583
isl,sex_m,age_aggregate_y25_54,geo_cov_rur,2013,3.93
isl,sex_m,age_aggregate_y25_54,geo_cov_rur,2014,2.842
isl,sex_m,age_aggregate_y25_54,geo_cov_rur,2016,4.088
isl,sex_m,age_aggregate_y25_54,geo_cov_rur,2017,2.827
isl,sex_m,age_aggregate_y25_54,geo_cov_rur,2018,3.793
isl,sex_m,age_aggregate_y25_54,geo_cov_rur,2019,2.21
isl,sex_m,age_aggregate_y25_54,geo_cov_rur,2020,4.423
isl,sex_m,age_aggregate_y25_54,geo_cov_rur,2021,7.115
isl,sex_m,age_aggregate_y25_54,geo_cov_rur,2022,3.646
isl,sex_m,age_aggregate_y25_54,geo_cov_rur,2023,4.044
isl,sex_m,age_aggregate_y25_54,geo_cov_urb,1998,2.674
isl,sex_m,age_aggregate_y25_54,geo_cov_urb,1999,1.77
isl,sex_m,age_aggregate_y25_54,geo_cov_urb,2000,1.591
isl,sex_m,age_aggregate_y25_54,geo_cov_urb,2001,2.505
isl,sex_m,age_aggregate_y25_54,geo_cov_urb,2002,3.206
isl,sex_m,age_aggregate_y25_54,geo_cov_urb,2010,10.105
isl,sex_m,age_aggregate_y25_54,geo_cov_urb,2011,8.86
isl,sex_m,age_aggregate_y25_54,geo_cov_urb,2012,6.143
isl,sex_m,age_aggregate_y25_54,geo_cov_urb,2013,6.865
isl,sex_m,age_aggregate_y25_54,geo_cov_urb,2014,6.254
isl,sex_m,age_aggregate_y25_54,geo_cov_urb,2015,4.671
isl,sex_m,age_aggregate_y25_54,geo_cov_urb,2016,3.494
isl,sex_m,age_aggregate_y25_54,geo_cov_urb,2017,3.554
isl,sex_m,age_aggregate_y25_54,geo_cov_urb,2018,3.5
isl,sex_m,age_aggregate_y25_54,geo_cov_urb,2019,4.62
isl,sex_m,age_aggregate_y25_54,geo_cov_urb,2020,8.053
isl,sex_m,age_aggregate_y25_54,geo_cov_urb,2021,7.07
isl,sex_m,age_aggregate_y25_54,geo_cov_urb,2022,4.822
isl,sex_m,age_aggregate_y25_54,geo_cov_urb,2023,5.517
isl,sex_m,age_aggregate_y25_54,geo_cov_urb,2024,4.755
isl,sex_m,age_aggregate_y25_54,geo_cov_x,2012,7.17
isl,sex_m,age_aggregate_y55_64,geo_cov_nat,1998,3.736
isl,sex_m,age_aggregate_y55_64,geo_cov_nat,2002,3.329
isl,sex_m,age_aggregate_y55_64,geo_cov_nat,2010,6.568
isl,sex_m,age_aggregate_y55_64,geo_cov_nat,2011,8.37
isl,sex_m,age_aggregate_y55_64,geo_cov_nat,2012,6.774
isl,sex_m,age_aggregate_y55_64,geo_cov_nat,2013,5.449
isl,sex_m,age_aggregate_y55_64,geo_cov_nat,2014,4.928
isl,sex_m,age_aggregate_y55_64,geo_cov_nat,2015,5.64
isl,sex_m,age_aggregate_y55_64,geo_cov_nat,2016,4.427
isl,sex_m,age_aggregate_y55_64,geo_cov_nat,2017,3.832
isl,sex_m,age_aggregate_y55_64,geo_cov_nat,2018,4.081
isl,sex_m,age_aggregate_y55_64,geo_cov_nat,2019,4.042
isl,sex_m,age_aggregate_y55_64,geo_cov_nat,2020,5.956
isl,sex_m,age_aggregate_y55_64,geo_cov_nat,2021,6.23
isl,sex_m,age_aggregate_y55_64,geo_cov_nat,2022,3.57
isl,sex_m,age_aggregate_y55_64,geo_cov_nat,2023,3.306
isl,sex_m,age_aggregate_y55_64,geo_cov_nat,2024,2.946
isl,sex_m,age_aggregate_y55_64,geo_cov_rur,2010,4.629
isl,sex_m,age_aggregate_y55_64,geo_cov_rur,2011,6.116
isl,sex_m,age_aggregate_y55_64,geo_cov_rur,2013,2.984
isl,sex_m,age_aggregate_y55_64,geo_cov_rur,2014,3.143
isl,sex_m,age_aggregate_y55_64,geo_cov_rur,2015,5.276
isl,sex_m,age_aggregate_y55_64,geo_cov_rur,2016,3.584
isl,sex_m,age_aggregate_y55_64,geo_cov_rur,2017,3.554
isl,sex_m,age_aggregate_y55_64,geo_cov_rur,2020,3.818
isl,sex_m,age_aggregate_y55_64,geo_cov_rur,2021,2.836
isl,sex_m,age_aggregate_y55_64,geo_cov_rur,2022,2.709
isl,sex_m,age_aggregate_y55_64,geo_cov_rur,2023,3.445
isl,sex_m,age_aggregate_y55_64,geo_cov_urb,2002,5.211
isl,sex_m,age_aggregate_y55_64,geo_cov_urb,2010,8.118
isl,sex_m,age_aggregate_y55_64,geo_cov_urb,2011,10.102
isl,sex_m,age_aggregate_y55_64,geo_cov_urb,2012,6.837
isl,sex_m,age_aggregate_y55_64,geo_cov_urb,2013,6.14
isl,sex_m,age_aggregate_y55_64,geo_cov_urb,2014,5.349
isl,sex_m,age_aggregate_y55_64,geo_cov_urb,2015,5.73
isl,sex_m,age_aggregate_y55_64,geo_cov_urb,2016,4.617
isl,sex_m,age_aggregate_y55_64,geo_cov_urb,2017,3.898
isl,sex_m,age_aggregate_y55_64,geo_cov_urb,2018,4.794
isl,sex_m,age_aggregate_y55_64,geo_cov_urb,2019,4.83
isl,sex_m,age_aggregate_y55_64,geo_cov_urb,2020,6.489
isl,sex_m,age_aggregate_y55_64,geo_cov_urb,2021,7.511
isl,sex_m,age_aggregate_y55_64,geo_cov_urb,2022,3.926
isl,sex_m,age_aggregate_y55_64,geo_cov_urb,2023,3.251
isl,sex_m,age_aggregate_y55_64,geo_cov_x,2012,6.992
isl,sex_m,age_aggregate_yge65,geo_cov_nat,1998,17.205
isl,sex_m,age_aggregate_yge65,geo_cov_nat,1999,16.58
isl,sex_m,age_aggregate_yge65,geo_cov_nat,2000,14.037
isl,sex_m,age_aggregate_yge65,geo_cov_nat,2001,19.157
isl,sex_m,age_aggregate_yge65,geo_cov_nat,2002,21.1
isl,sex_m,age_aggregate_yge65,geo_cov_nat,2010,7.566
isl,sex_m,age_aggregate_yge65,geo_cov_nat,2011,7.039
isl,sex_m,age_aggregate_yge65,geo_cov_nat,2012,11.975
isl,sex_m,age_aggregate_yge65,geo_cov_nat,2013,18.336
isl,sex_m,age_aggregate_yge65,geo_cov_nat,2014,10.472
isl,sex_m,age_aggregate_yge65,geo_cov_nat,2015,10.852
isl,sex_m,age_aggregate_yge65,geo_cov_nat,2016,9.276
isl,sex_m,age_aggregate_yge65,geo_cov_nat,2017,11.125
isl,sex_m,age_aggregate_yge65,geo_cov_nat,2018,5.771
isl,sex_m,age_aggregate_yge65,geo_cov_nat,2019,5.966
isl,sex_m,age_aggregate_yge65,geo_cov_nat,2020,7.984
isl,sex_m,age_aggregate_yge65,geo_cov_nat,2021,10.68
isl,sex_m,age_aggregate_yge65,geo_cov_nat,2022,5.501
isl,sex_m,age_aggregate_yge65,geo_cov_nat,2023,6.376
isl,sex_m,age_aggregate_yge65,geo_cov_nat,2024,8.206
isl,sex_m,age_aggregate_yge65,geo_cov_rur,1998,13.05
isl,sex_m,age_aggregate_yge65,geo_cov_rur,1999,12.534
isl,sex_m,age_aggregate_yge65,geo_cov_rur,2000,14.578
isl,sex_m,age_aggregate_yge65,geo_cov_rur,2001,27.632
isl,sex_m,age_aggregate_yge65,geo_cov_rur,2002,19.857
isl,sex_m,age_aggregate_yge65,geo_cov_rur,2010,5.442
isl,sex_m,age_aggregate_yge65,geo_cov_rur,2011,6.316
isl,sex_m,age_aggregate_yge65,geo_cov_rur,2012,28.14
isl,sex_m,age_aggregate_yge65,geo_cov_rur,2013,12.585
isl,sex_m,age_aggregate_yge65,geo_cov_rur,2014,7.443
isl,sex_m,age_aggregate_yge65,geo_cov_rur,2015,9.684
isl,sex_m,age_aggregate_yge65,geo_cov_rur,2017,10.38
isl,sex_m,age_aggregate_yge65,geo_cov_rur,2019,5.777
isl,sex_m,age_aggregate_yge65,geo_cov_rur,2020,5.43
isl,sex_m,age_aggregate_yge65,geo_cov_rur,2021,12.564
isl,sex_m,age_aggregate_yge65,geo_cov_rur,2022,8.544
isl,sex_m,age_aggregate_yge65,geo_cov_rur,2023,4.446
isl,sex_m,age_aggregate_yge65,geo_cov_urb,1998,20.621
isl,sex_m,age_aggregate_yge65,geo_cov_urb,1999,19.818
isl,sex_m,age_aggregate_yge65,geo_cov_urb,2000,13.662
isl,sex_m,age_aggregate_yge65,geo_cov_urb,2001,11.775
isl,sex_m,age_aggregate_yge65,geo_cov_urb,2002,22.101
isl,sex_m,age_aggregate_yge65,geo_cov_urb,2010,8.781
isl,sex_m,age_aggregate_yge65,geo_cov_urb,2011,7.578
isl,sex_m,age_aggregate_yge65,geo_cov_urb,2012,11.062
isl,sex_m,age_aggregate_yge65,geo_cov_urb,2013,20.082
isl,sex_m,age_aggregate_yge65,geo_cov_urb,2014,11.494
isl,sex_m,age_aggregate_yge65,geo_cov_urb,2015,11.225
isl,sex_m,age_aggregate_yge65,geo_cov_urb,2016,10.148
isl,sex_m,age_aggregate_yge65,geo_cov_urb,2017,11.325
isl,sex_m,age_aggregate_yge65,geo_cov_urb,2018,6.326
isl,sex_m,age_aggregate_yge65,geo_cov_urb,2019,6.013
isl,sex_m,age_aggregate_yge65,geo_cov_urb,2020,8.657
isl,sex_m,age_aggregate_yge65,geo_cov_urb,2021,9.993
isl,sex_m,age_aggregate_yge65,geo_cov_urb,2022,4.304
isl,sex_m,age_aggregate_yge65,geo_cov_urb,2023,7.034
isl,sex_m,age_aggregate_yge65,geo_cov_urb,2024,7.784
isl,sex_m,age_aggregate_yge65,geo_cov_x,2012,10.919
isl,sex_m,age_ythadult_y15_24,geo_cov_nat,1998,14.52
isl,sex_m,age_ythadult_y15_24,geo_cov_nat,1999,8.137
isl,sex_m,age_ythadult_y15_24,geo_cov_nat,2000,10.437
isl,sex_m,age_ythadult_y15_24,geo_cov_nat,2001,11.414
isl,sex_m,age_ythadult_y15_24,geo_cov_nat,2002,16.832
isl,sex_m,age_ythadult_y15_24,geo_cov_nat,2010,26.009
isl,sex_m,age_ythadult_y15_24,geo_cov_nat,2011,26.768
isl,sex_m,age_ythadult_y15_24,geo_cov_nat,2012,24.835
isl,sex_m,age_ythadult_y15_24,geo_cov_nat,2013,23.497
isl,sex_m,age_ythadult_y15_24,geo_cov_nat,2014,22.981
isl,sex_m,age_ythadult_y15_24,geo_cov_nat,2015,20.241
isl,sex_m,age_ythadult_y15_24,geo_cov_nat,2016,14.238
isl,sex_m,age_ythadult_y15_24,geo_cov_nat,2017,14.049
isl,sex_m,age_ythadult_y15_24,geo_cov_nat,2018,11.343
isl,sex_m,age_ythadult_y15_24,geo_cov_nat,2019,17.544
isl,sex_m,age_ythadult_y15_24,geo_cov_nat,2020,19.014
isl,sex_m,age_ythadult_y15_24,geo_cov_nat,2021,20.664
isl,sex_m,age_ythadult_y15_24,geo_cov_nat,2022,19.402
isl,sex_m,age_ythadult_y15_24,geo_cov_nat,2023,17.889
isl,sex_m,age_ythadult_y15_24,geo_cov_nat,2024,15.546
isl,sex_m,age_ythadult_y15_24,geo_cov_rur,1998,12.503
isl,sex_m,age_ythadult_y15_24,geo_cov_rur,1999,8.937
isl,sex_m,age_ythadult_y15_24,geo_cov_rur,2000,11.267
isl,sex_m,age_ythadult_y15_24,geo_cov_rur,2001,15.132
isl,sex_m,age_ythadult_y15_24,geo_cov_rur,2002,18.637
isl,sex_m,age_ythadult_y15_24,geo_cov_rur,2010,23.897
isl,sex_m,age_ythadult_y15_24,geo_cov_rur,2011,27.146
isl,sex_m,age_ythadult_y15_24,geo_cov_rur,2012,27.143
isl,sex_m,age_ythadult_y15_24,geo_cov_rur,2013,19.678
isl,sex_m,age_ythadult_y15_24,geo_cov_rur,2014,19.395
isl,sex_m,age_ythadult_y15_24,geo_cov_rur,2015,20.571
isl,sex_m,age_ythadult_y15_24,geo_cov_rur,2016,15.683
isl,sex_m,age_ythadult_y15_24,geo_cov_rur,2017,15.779
isl,sex_m,age_ythadult_y15_24,geo_cov_rur,2018,11.497
isl,sex_m,age_ythadult_y15_24,geo_cov_rur,2019,12.284
isl,sex_m,age_ythadult_y15_24,geo_cov_rur,2020,10.155
isl,sex_m,age_ythadult_y15_24,geo_cov_rur,2021,13.429
isl,sex_m,age_ythadult_y15_24,geo_cov_rur,2022,11.207
isl,sex_m,age_ythadult_y15_24,geo_cov_rur,2023,13.832
isl,sex_m,age_ythadult_y15_24,geo_cov_urb,1998,15.839
isl,sex_m,age_ythadult_y15_24,geo_cov_urb,1999,7.63
isl,sex_m,age_ythadult_y15_24,geo_cov_urb,2000,9.904
isl,sex_m,age_ythadult_y15_24,geo_cov_urb,2001,8.546
isl,sex_m,age_ythadult_y15_24,geo_cov_urb,2002,15.652
isl,sex_m,age_ythadult_y15_24,geo_cov_urb,2010,27.332
isl,sex_m,age_ythadult_y15_24,geo_cov_urb,2011,26.55
isl,sex_m,age_ythadult_y15_24,geo_cov_urb,2012,26.41
isl,sex_m,age_ythadult_y15_24,geo_cov_urb,2013,24.138
isl,sex_m,age_ythadult_y15_24,geo_cov_urb,2014,23.63
isl,sex_m,age_ythadult_y15_24,geo_cov_urb,2015,20.176
isl,sex_m,age_ythadult_y15_24,geo_cov_urb,2016,14.03
isl,sex_m,age_ythadult_y15_24,geo_cov_urb,2017,13.828
isl,sex_m,age_ythadult_y15_24,geo_cov_urb,2018,11.32
isl,sex_m,age_ythadult_y15_24,geo_cov_urb,2019,18.246
isl,sex_m,age_ythadult_y15_24,geo_cov_urb,2020,20.569
isl,sex_m,age_ythadult_y15_24,geo_cov_urb,2021,22.469
isl,sex_m,age_ythadult_y15_24,geo_cov_urb,2022,21.278
isl,sex_m,age_ythadult_y15_24,geo_cov_urb,2023,18.855
isl,sex_m,age_ythadult_y15_24,geo_cov_urb,2024,16.818
isl,sex_m,age_ythadult_y15_24,geo_cov_x,2012,24.317
isl,sex_m,age_ythadult_y15_64,geo_cov_nat,1998,4.609
isl,sex_m,age_ythadult_y15_64,geo_cov_nat,1999,2.615
isl,sex_m,age_ythadult_y15_64,geo_cov_nat,2000,2.817
isl,sex_m,age_ythadult_y15_64,geo_cov_nat,2001,3.648
isl,sex_m,age_ythadult_y15_64,geo_cov_nat,2002,5.286
isl,sex_m,age_ythadult_y15_64,geo_cov_nat,2010,11.322
isl,sex_m,age_ythadult_y15_64,geo_cov_nat,2011,10.974
isl,sex_m,age_ythadult_y15_64,geo_cov_nat,2012,10.208
isl,sex_m,age_ythadult_y15_64,geo_cov_nat,2013,9.436
isl,sex_m,age_ythadult_y15_64,geo_cov_nat,2014,8.808
isl,sex_m,age_ythadult_y15_64,geo_cov_nat,2015,7.332
isl,sex_m,age_ythadult_y15_64,geo_cov_nat,2016,5.693
isl,sex_m,age_ythadult_y15_64,geo_cov_nat,2017,5.403
isl,sex_m,age_ythadult_y15_64,geo_cov_nat,2018,4.944
isl,sex_m,age_ythadult_y15_64,geo_cov_nat,2019,6.312
isl,sex_m,age_ythadult_y15_64,geo_cov_nat,2020,8.97
isl,sex_m,age_ythadult_y15_64,geo_cov_nat,2021,9.003
isl,sex_m,age_ythadult_y15_64,geo_cov_nat,2022,6.786
isl,sex_m,age_ythadult_y15_64,geo_cov_nat,2023,6.891
isl,sex_m,age_ythadult_y15_64,geo_cov_nat,2024,5.878
isl,sex_m,age_ythadult_y15_64,geo_cov_rur,1998,3.67
isl,sex_m,age_ythadult_y15_64,geo_cov_rur,1999,2.472
isl,sex_m,age_ythadult_y15_64,geo_cov_rur,2000,2.535
isl,sex_m,age_ythadult_y15_64,geo_cov_rur,2001,3.866
isl,sex_m,age_ythadult_y15_64,geo_cov_rur,2010,8.93
isl,sex_m,age_ythadult_y15_64,geo_cov_rur,2011,8.734
isl,sex_m,age_ythadult_y15_64,geo_cov_rur,2012,6.561
isl,sex_m,age_ythadult_y15_64,geo_cov_rur,2013,6.134
isl,sex_m,age_ythadult_y15_64,geo_cov_rur,2014,5.706
isl,sex_m,age_ythadult_y15_64,geo_cov_rur,2015,5.347
isl,sex_m,age_ythadult_y15_64,geo_cov_rur,2016,5.74
isl,sex_m,age_ythadult_y15_64,geo_cov_rur,2017,4.771
isl,sex_m,age_ythadult_y15_64,geo_cov_rur,2018,4.291
isl,sex_m,age_ythadult_y15_64,geo_cov_rur,2019,3.121
isl,sex_m,age_ythadult_y15_64,geo_cov_rur,2020,5.126
isl,sex_m,age_ythadult_y15_64,geo_cov_rur,2021,7.054
isl,sex_m,age_ythadult_y15_64,geo_cov_rur,2022,4.482
isl,sex_m,age_ythadult_y15_64,geo_cov_rur,2023,5.325
isl,sex_m,age_ythadult_y15_64,geo_cov_rur,2024,2.879
isl,sex_m,age_ythadult_y15_64,geo_cov_urb,1998,5.28
isl,sex_m,age_ythadult_y15_64,geo_cov_urb,1999,2.714
isl,sex_m,age_ythadult_y15_64,geo_cov_urb,2000,3.024
isl,sex_m,age_ythadult_y15_64,geo_cov_urb,2001,3.498
isl,sex_m,age_ythadult_y15_64,geo_cov_urb,2002,5.672
isl,sex_m,age_ythadult_y15_64,geo_cov_urb,2010,12.869
isl,sex_m,age_ythadult_y15_64,geo_cov_urb,2011,12.4
isl,sex_m,age_ythadult_y15_64,geo_cov_urb,2012,10.004
isl,sex_m,age_ythadult_y15_64,geo_cov_urb,2013,10.15
isl,sex_m,age_ythadult_y15_64,geo_cov_urb,2014,9.448
isl,sex_m,age_ythadult_y15_64,geo_cov_urb,2015,7.725
isl,sex_m,age_ythadult_y15_64,geo_cov_urb,2016,5.685
isl,sex_m,age_ythadult_y15_64,geo_cov_urb,2017,5.512
isl,sex_m,age_ythadult_y15_64,geo_cov_urb,2018,5.07
isl,sex_m,age_ythadult_y15_64,geo_cov_urb,2019,6.901
isl,sex_m,age_ythadult_y15_64,geo_cov_urb,2020,9.649
isl,sex_m,age_ythadult_y15_64,geo_cov_urb,2021,9.484
isl,sex_m,age_ythadult_y15_64,geo_cov_urb,2022,7.413
isl,sex_m,age_ythadult_y15_64,geo_cov_urb,2023,7.3
isl,sex_m,age_ythadult_y15_64,geo_cov_urb,2024,6.542
isl,sex_m,age_ythadult_y15_64,geo_cov_x,2012,10.459
isl,sex_m,age_ythadult_yge15,geo_cov_nat,1998,5.428
isl,sex_m,age_ythadult_yge15,geo_cov_nat,1999,3.465
isl,sex_m,age_ythadult_yge15,geo_cov_nat,2000,3.471
isl,sex_m,age_ythadult_yge15,geo_cov_nat,2001,4.539
isl,sex_m,age_ythadult_yge15,geo_cov_nat,2002,6.215
isl,sex_m,age_ythadult_yge15,geo_cov_nat,2010,11.145
isl,sex_m,age_ythadult_yge15,geo_cov_nat,2011,10.791
isl,sex_m,age_ythadult_yge15,geo_cov_nat,2012,10.295
isl,sex_m,age_ythadult_yge15,geo_cov_nat,2013,9.933
isl,sex_m,age_ythadult_yge15,geo_cov_nat,2014,8.907
isl,sex_m,age_ythadult_yge15,geo_cov_nat,2015,7.561
isl,sex_m,age_ythadult_yge15,geo_cov_nat,2016,5.945
isl,sex_m,age_ythadult_yge15,geo_cov_nat,2017,5.806
isl,sex_m,age_ythadult_yge15,geo_cov_nat,2018,4.997
isl,sex_m,age_ythadult_yge15,geo_cov_nat,2019,6.29
isl,sex_m,age_ythadult_yge15,geo_cov_nat,2020,8.909
isl,sex_m,age_ythadult_yge15,geo_cov_nat,2021,9.12
isl,sex_m,age_ythadult_yge15,geo_cov_nat,2022,6.703
isl,sex_m,age_ythadult_yge15,geo_cov_nat,2023,6.856
isl,sex_m,age_ythadult_yge15,geo_cov_nat,2024,6.037
isl,sex_m,age_ythadult_yge15,geo_cov_rur,1998,4.327
isl,sex_m,age_ythadult_yge15,geo_cov_rur,1999,3.135
isl,sex_m,age_ythadult_yge15,geo_cov_rur,2000,3.214
isl,sex_m,age_ythadult_yge15,geo_cov_rur,2001,5.41
isl,sex_m,age_ythadult_yge15,geo_cov_rur,2002,5.694
isl,sex_m,age_ythadult_yge15,geo_cov_rur,2010,8.776
isl,sex_m,age_ythadult_yge15,geo_cov_rur,2011,8.611
isl,sex_m,age_ythadult_yge15,geo_cov_rur,2012,8.091
isl,sex_m,age_ythadult_yge15,geo_cov_rur,2013,6.598
isl,sex_m,age_ythadult_yge15,geo_cov_rur,2014,5.854
isl,sex_m,age_ythadult_yge15,geo_cov_rur,2015,5.748
isl,sex_m,age_ythadult_yge15,geo_cov_rur,2016,5.733
isl,sex_m,age_ythadult_yge15,geo_cov_rur,2017,5.324
isl,sex_m,age_ythadult_yge15,geo_cov_rur,2018,4.244
isl,sex_m,age_ythadult_yge15,geo_cov_rur,2019,3.333
isl,sex_m,age_ythadult_yge15,geo_cov_rur,2020,5.152
isl,sex_m,age_ythadult_yge15,geo_cov_rur,2021,7.559
isl,sex_m,age_ythadult_yge15,geo_cov_rur,2022,4.82
isl,sex_m,age_ythadult_yge15,geo_cov_rur,2023,5.252
isl,sex_m,age_ythadult_yge15,geo_cov_rur,2024,3.511
isl,sex_m,age_ythadult_yge15,geo_cov_urb,1998,6.222
isl,sex_m,age_ythadult_yge15,geo_cov_urb,1999,3.694
isl,sex_m,age_ythadult_yge15,geo_cov_urb,2000,3.66
isl,sex_m,age_ythadult_yge15,geo_cov_urb,2001,3.93
isl,sex_m,age_ythadult_yge15,geo_cov_urb,2002,6.578
isl,sex_m,age_ythadult_yge15,geo_cov_urb,2010,12.667
isl,sex_m,age_ythadult_yge15,geo_cov_urb,2011,12.19
isl,sex_m,age_ythadult_yge15,geo_cov_urb,2012,10.056
isl,sex_m,age_ythadult_yge15,geo_cov_urb,2013,10.669
isl,sex_m,age_ythadult_yge15,geo_cov_urb,2014,9.558
isl,sex_m,age_ythadult_yge15,geo_cov_urb,2015,7.933
isl,sex_m,age_ythadult_yge15,geo_cov_urb,2016,5.984
isl,sex_m,age_ythadult_yge15,geo_cov_urb,2017,5.892
isl,sex_m,age_ythadult_yge15,geo_cov_urb,2018,5.147
isl,sex_m,age_ythadult_yge15,geo_cov_urb,2019,6.847
isl,sex_m,age_ythadult_yge15,geo_cov_urb,2020,9.591
isl,sex_m,age_ythadult_yge15,geo_cov_urb,2021,9.516
isl,sex_m,age_ythadult_yge15,geo_cov_urb,2022,7.229
isl,sex_m,age_ythadult_yge15,geo_cov_urb,2023,7.283
isl,sex_m,age_ythadult_yge15,geo_cov_urb,2024,6.618
isl,sex_m,age_ythadult_yge15,geo_cov_x,2012,10.481
isl,sex_m,age_ythadult_yge25,geo_cov_nat,1998,3.522
isl,sex_m,age_ythadult_yge25,geo_cov_nat,1999,2.56
isl,sex_m,age_ythadult_yge25,geo_cov_nat,2000,1.996
isl,sex_m,age_ythadult_yge25,geo_cov_nat,2001,3.025
isl,sex_m,age_ythadult_yge25,geo_cov_nat,2002,4.123
isl,sex_m,age_ythadult_yge25,geo_cov_nat,2010,8.157
isl,sex_m,age_ythadult_yge25,geo_cov_nat,2011,7.432
isl,sex_m,age_ythadult_yge25,geo_cov_nat,2012,7.073
isl,sex_m,age_ythadult_yge25,geo_cov_nat,2013,6.979
isl,sex_m,age_ythadult_yge25,geo_cov_nat,2014,5.864
isl,sex_m,age_ythadult_yge25,geo_cov_nat,2015,4.922
isl,sex_m,age_ythadult_yge25,geo_cov_nat,2016,4.238
isl,sex_m,age_ythadult_yge25,geo_cov_nat,2017,4.175
isl,sex_m,age_ythadult_yge25,geo_cov_nat,2018,3.821
isl,sex_m,age_ythadult_yge25,geo_cov_nat,2019,4.34
isl,sex_m,age_ythadult_yge25,geo_cov_nat,2020,7.28
isl,sex_m,age_ythadult_yge25,geo_cov_nat,2021,7.209
isl,sex_m,age_ythadult_yge25,geo_cov_nat,2022,4.465
isl,sex_m,age_ythadult_yge25,geo_cov_nat,2023,4.984
isl,sex_m,age_ythadult_yge25,geo_cov_nat,2024,4.332
isl,sex_m,age_ythadult_yge25,geo_cov_rur,1998,2.729
isl,sex_m,age_ythadult_yge25,geo_cov_rur,1999,2.085
isl,sex_m,age_ythadult_yge25,geo_cov_rur,2000,1.664
isl,sex_m,age_ythadult_yge25,geo_cov_rur,2001,3.115
isl,sex_m,age_ythadult_yge25,geo_cov_rur,2002,3.249
isl,sex_m,age_ythadult_yge25,geo_cov_rur,2010,5.792
isl,sex_m,age_ythadult_yge25,geo_cov_rur,2011,5.014
isl,sex_m,age_ythadult_yge25,geo_cov_rur,2012,4.502
isl,sex_m,age_ythadult_yge25,geo_cov_rur,2013,4.432
isl,sex_m,age_ythadult_yge25,geo_cov_rur,2014,3.372
isl,sex_m,age_ythadult_yge25,geo_cov_rur,2015,2.814
isl,sex_m,age_ythadult_yge25,geo_cov_rur,2016,4.132
isl,sex_m,age_ythadult_yge25,geo_cov_rur,2017,3.852
isl,sex_m,age_ythadult_yge25,geo_cov_rur,2018,3.221
isl,sex_m,age_ythadult_yge25,geo_cov_rur,2019,2.232
isl,sex_m,age_ythadult_yge25,geo_cov_rur,2020,4.372
isl,sex_m,age_ythadult_yge25,geo_cov_rur,2021,6.604
isl,sex_m,age_ythadult_yge25,geo_cov_rur,2022,3.885
isl,sex_m,age_ythadult_yge25,geo_cov_rur,2023,3.94
isl,sex_m,age_ythadult_yge25,geo_cov_rur,2024,2.592
isl,sex_m,age_ythadult_yge25,geo_cov_urb,1998,4.106
isl,sex_m,age_ythadult_yge25,geo_cov_urb,1999,2.897
isl,sex_m,age_ythadult_yge25,geo_cov_urb,2000,2.246
isl,sex_m,age_ythadult_yge25,geo_cov_urb,2001,2.964
isl,sex_m,age_ythadult_yge25,geo_cov_urb,2002,4.737
isl,sex_m,age_ythadult_yge25,geo_cov_urb,2010,9.685
isl,sex_m,age_ythadult_yge25,geo_cov_urb,2011,9.018
isl,sex_m,age_ythadult_yge25,geo_cov_urb,2012,6.576
isl,sex_m,age_ythadult_yge25,geo_cov_urb,2013,7.573
isl,sex_m,age_ythadult_yge25,geo_cov_urb,2014,6.414
isl,sex_m,age_ythadult_yge25,geo_cov_urb,2015,5.358
isl,sex_m,age_ythadult_yge25,geo_cov_urb,2016,4.259
isl,sex_m,age_ythadult_yge25,geo_cov_urb,2017,4.236
isl,sex_m,age_ythadult_yge25,geo_cov_urb,2018,3.946
isl,sex_m,age_ythadult_yge25,geo_cov_urb,2019,4.758
isl,sex_m,age_ythadult_yge25,geo_cov_urb,2020,7.811
isl,sex_m,age_ythadult_yge25,geo_cov_urb,2021,7.364
isl,sex_m,age_ythadult_yge25,geo_cov_urb,2022,4.633
isl,sex_m,age_ythadult_yge25,geo_cov_urb,2023,5.267
isl,sex_m,age_ythadult_yge25,geo_cov_urb,2024,4.74
isl,sex_m,age_ythadult_yge25,geo_cov_x,2012,7.356
isl,sex_t,age_aggregate_total,geo_cov_nat,1998,6.753
isl,sex_t,age_aggregate_total,geo_cov_nat,1999,4.68
isl,sex_t,age_aggregate_total,geo_cov_nat,2000,4.9
isl,sex_t,age_aggregate_total,geo_cov_nat,2001,5.774
isl,sex_t,age_aggregate_total,geo_cov_nat,2002,6.641
isl,sex_t,age_aggregate_total,geo_cov_nat,2010,10.299
isl,sex_t,age_aggregate_total,geo_cov_nat,2011,10.039
isl,sex_t,age_aggregate_total,geo_cov_nat,2012,10.165
isl,sex_t,age_aggregate_total,geo_cov_nat,2013,9.643
isl,sex_t,age_aggregate_total,geo_cov_nat,2014,9.138
isl,sex_t,age_aggregate_total,geo_cov_nat,2015,8.427
isl,sex_t,age_aggregate_total,geo_cov_nat,2016,6.945
isl,sex_t,age_aggregate_total,geo_cov_nat,2017,6.36
isl,sex_t,age_aggregate_total,geo_cov_nat,2018,5.217
isl,sex_t,age_aggregate_total,geo_cov_nat,2019,6.154
isl,sex_t,age_aggregate_total,geo_cov_nat,2020,9.099
isl,sex_t,age_aggregate_total,geo_cov_nat,2021,9.797
isl,sex_t,age_aggregate_total,geo_cov_nat,2022,6.685
isl,sex_t,age_aggregate_total,geo_cov_nat,2023,6.677
isl,sex_t,age_aggregate_total,geo_cov_nat,2024,6.423
isl,sex_t,age_aggregate_total,geo_cov_rur,1998,5.208
isl,sex_t,age_aggregate_total,geo_cov_rur,1999,4.721
isl,sex_t,age_aggregate_total,geo_cov_rur,2000,5.407
isl,sex_t,age_aggregate_total,geo_cov_rur,2001,6.931
isl,sex_t,age_aggregate_total,geo_cov_rur,2002,5.47
isl,sex_t,age_aggregate_total,geo_cov_rur,2010,8.606
isl,sex_t,age_aggregate_total,geo_cov_rur,2011,7.855
isl,sex_t,age_aggregate_total,geo_cov_rur,2012,8.146
isl,sex_t,age_aggregate_total,geo_cov_rur,2013,6.812
isl,sex_t,age_aggregate_total,geo_cov_rur,2014,6.068
isl,sex_t,age_aggregate_total,geo_cov_rur,2015,6.67
isl,sex_t,age_aggregate_total,geo_cov_rur,2016,6.249
isl,sex_t,age_aggregate_total,geo_cov_rur,2017,5.021
isl,sex_t,age_aggregate_total,geo_cov_rur,2018,4.397
isl,sex_t,age_aggregate_total,geo_cov_rur,2019,3.574
isl,sex_t,age_aggregate_total,geo_cov_rur,2020,6.045
isl,sex_t,age_aggregate_total,geo_cov_rur,2021,7.976
isl,sex_t,age_aggregate_total,geo_cov_rur,2022,5.182
isl,sex_t,age_aggregate_total,geo_cov_rur,2023,4.826
isl,sex_t,age_aggregate_total,geo_cov_rur,2024,4.925
isl,sex_t,age_aggregate_total,geo_cov_urb,1998,7.859
isl,sex_t,age_aggregate_total,geo_cov_urb,1999,4.653
isl,sex_t,age_aggregate_total,geo_cov_urb,2000,4.548
isl,sex_t,age_aggregate_total,geo_cov_urb,2001,5
isl,sex_t,age_aggregate_total,geo_cov_urb,2002,7.414
isl,sex_t,age_aggregate_total,geo_cov_urb,2010,11.312
isl,sex_t,age_aggregate_total,geo_cov_urb,2011,11.348
isl,sex_t,age_aggregate_total,geo_cov_urb,2012,9.538
isl,sex_t,age_aggregate_total,geo_cov_urb,2013,10.241
isl,sex_t,age_aggregate_total,geo_cov_urb,2014,9.735
isl,sex_t,age_aggregate_total,geo_cov_urb,2015,8.752
isl,sex_t,age_aggregate_total,geo_cov_urb,2016,7.07
isl,sex_t,age_aggregate_total,geo_cov_urb,2017,6.592
isl,sex_t,age_aggregate_total,geo_cov_urb,2018,5.367
isl,sex_t,age_aggregate_total,geo_cov_urb,2019,6.611
isl,sex_t,age_aggregate_total,geo_cov_urb,2020,9.641
isl,sex_t,age_aggregate_total,geo_cov_urb,2021,10.27
isl,sex_t,age_aggregate_total,geo_cov_urb,2022,7.092
isl,sex_t,age_aggregate_total,geo_cov_urb,2023,7.147
isl,sex_t,age_aggregate_total,geo_cov_urb,2024,6.77
isl,sex_t,age_aggregate_total,geo_cov_x,2012,10.447
isl,sex_t,age_aggregate_y15_24,geo_cov_nat,1998,13.512
isl,sex_t,age_aggregate_y15_24,geo_cov_nat,1999,8.265
isl,sex_t,age_aggregate_y15_24,geo_cov_nat,2000,9.379
isl,sex_t,age_aggregate_y15_24,geo_cov_nat,2001,10.938
isl,sex_t,age_aggregate_y15_24,geo_cov_nat,2002,13.673
isl,sex_t,age_aggregate_y15_24,geo_cov_nat,2010,22.657
isl,sex_t,age_aggregate_y15_24,geo_cov_nat,2011,22.274
isl,sex_t,age_aggregate_y15_24,geo_cov_nat,2012,22.209
isl,sex_t,age_aggregate_y15_24,geo_cov_nat,2013,18.677
isl,sex_t,age_aggregate_y15_24,geo_cov_nat,2014,18.826
isl,sex_t,age_aggregate_y15_24,geo_cov_nat,2015,17.567
isl,sex_t,age_aggregate_y15_24,geo_cov_nat,2016,13.394
isl,sex_t,age_aggregate_y15_24,geo_cov_nat,2017,13.256
isl,sex_t,age_aggregate_y15_24,geo_cov_nat,2018,10.87
isl,sex_t,age_aggregate_y15_24,geo_cov_nat,2019,14.563
isl,sex_t,age_aggregate_y15_24,geo_cov_nat,2020,17.616
isl,sex_t,age_aggregate_y15_24,geo_cov_nat,2021,19.751
isl,sex_t,age_aggregate_y15_24,geo_cov_nat,2022,16.191
isl,sex_t,age_aggregate_y15_24,geo_cov_nat,2023,15.772
isl,sex_t,age_aggregate_y15_24,geo_cov_nat,2024,15.273
isl,sex_t,age_aggregate_y15_24,geo_cov_rur,1998,14.007
isl,sex_t,age_aggregate_y15_24,geo_cov_rur,1999,9.367
isl,sex_t,age_aggregate_y15_24,geo_cov_rur,2000,10.759
isl,sex_t,age_aggregate_y15_24,geo_cov_rur,2001,14.292
isl,sex_t,age_aggregate_y15_24,geo_cov_rur,2002,12.923
isl,sex_t,age_aggregate_y15_24,geo_cov_rur,2010,23.235
isl,sex_t,age_aggregate_y15_24,geo_cov_rur,2011,22.733
isl,sex_t,age_aggregate_y15_24,geo_cov_rur,2012,24.728
isl,sex_t,age_aggregate_y15_24,geo_cov_rur,2013,17.925
isl,sex_t,age_aggregate_y15_24,geo_cov_rur,2014,16.331
isl,sex_t,age_aggregate_y15_24,geo_cov_rur,2015,19.248
isl,sex_t,age_aggregate_y15_24,geo_cov_rur,2016,13.685
isl,sex_t,age_aggregate_y15_24,geo_cov_rur,2017,15.908
isl,sex_t,age_aggregate_y15_24,geo_cov_rur,2018,11.711
isl,sex_t,age_aggregate_y15_24,geo_cov_rur,2019,9.12
isl,sex_t,age_aggregate_y15_24,geo_cov_rur,2020,13.133
isl,sex_t,age_aggregate_y15_24,geo_cov_rur,2021,16.346
isl,sex_t,age_aggregate_y15_24,geo_cov_rur,2022,12.628
isl,sex_t,age_aggregate_y15_24,geo_cov_rur,2023,13.01
isl,sex_t,age_aggregate_y15_24,geo_cov_rur,2024,12.688
isl,sex_t,age_aggregate_y15_24,geo_cov_urb,1998,13.208
isl,sex_t,age_aggregate_y15_24,geo_cov_urb,1999,7.592
isl,sex_t,age_aggregate_y15_24,geo_cov_urb,2000,8.514
isl,sex_t,age_aggregate_y15_24,geo_cov_urb,2001,8.723
isl,sex_t,age_aggregate_y15_24,geo_cov_urb,2002,14.144
isl,sex_t,age_aggregate_y15_24,geo_cov_urb,2010,22.333
isl,sex_t,age_aggregate_y15_24,geo_cov_urb,2011,22.035
isl,sex_t,age_aggregate_y15_24,geo_cov_urb,2012,21.112
isl,sex_t,age_aggregate_y15_24,geo_cov_urb,2013,18.792
isl,sex_t,age_aggregate_y15_24,geo_cov_urb,2014,19.205
isl,sex_t,age_aggregate_y15_24,geo_cov_urb,2015,17.298
isl,sex_t,age_aggregate_y15_24,geo_cov_urb,2016,13.353
isl,sex_t,age_aggregate_y15_24,geo_cov_urb,2017,12.946
isl,sex_t,age_aggregate_y15_24,geo_cov_urb,2018,10.751
isl,sex_t,age_aggregate_y15_24,geo_cov_urb,2019,15.367
isl,sex_t,age_aggregate_y15_24,geo_cov_urb,2020,18.37
isl,sex_t,age_aggregate_y15_24,geo_cov_urb,2021,20.62
isl,sex_t,age_aggregate_y15_24,geo_cov_urb,2022,16.969
isl,sex_t,age_aggregate_y15_24,geo_cov_urb,2023,16.291
isl,sex_t,age_aggregate_y15_24,geo_cov_urb,2024,15.719
isl,sex_t,age_aggregate_y15_24,geo_cov_x,2012,22.407
isl,sex_t,age_aggregate_y25_54,geo_cov_nat,1998,4.112
isl,sex_t,age_aggregate_y25_54,geo_cov_nat,1999,2.961
isl,sex_t,age_aggregate_y25_54,geo_cov_nat,2000,2.722
isl,sex_t,age_aggregate_y25_54,geo_cov_nat,2001,3.191
isl,sex_t,age_aggregate_y25_54,geo_cov_nat,2002,4.11
isl,sex_t,age_aggregate_y25_54,geo_cov_nat,2010,8.06
isl,sex_t,age_aggregate_y25_54,geo_cov_nat,2011,7.53
isl,sex_t,age_aggregate_y25_54,geo_cov_nat,2012,7.148
isl,sex_t,age_aggregate_y25_54,geo_cov_nat,2013,7.304
isl,sex_t,age_aggregate_y25_54,geo_cov_nat,2014,7.021
isl,sex_t,age_aggregate_y25_54,geo_cov_nat,2015,5.624
isl,sex_t,age_aggregate_y25_54,geo_cov_nat,2016,4.843
isl,sex_t,age_aggregate_y25_54,geo_cov_nat,2017,3.975
isl,sex_t,age_aggregate_y25_54,geo_cov_nat,2018,3.633
isl,sex_t,age_aggregate_y25_54,geo_cov_nat,2019,4.558
isl,sex_t,age_aggregate_y25_54,geo_cov_nat,2020,7.622
isl,sex_t,age_aggregate_y25_54,geo_cov_nat,2021,8.203
isl,sex_t,age_aggregate_y25_54,geo_cov_nat,2022,4.992
isl,sex_t,age_aggregate_y25_54,geo_cov_nat,2023,5.097
isl,sex_t,age_aggregate_y25_54,geo_cov_nat,2024,4.239
isl,sex_t,age_aggregate_y25_54,geo_cov_rur,1998,2.414
isl,sex_t,age_aggregate_y25_54,geo_cov_rur,1999,3.174
isl,sex_t,age_aggregate_y25_54,geo_cov_rur,2000,3.202
isl,sex_t,age_aggregate_y25_54,geo_cov_rur,2001,2.835
isl,sex_t,age_aggregate_y25_54,geo_cov_rur,2002,2.763
isl,sex_t,age_aggregate_y25_54,geo_cov_rur,2010,5.815
isl,sex_t,age_aggregate_y25_54,geo_cov_rur,2011,4.946
isl,sex_t,age_aggregate_y25_54,geo_cov_rur,2012,3.881
isl,sex_t,age_aggregate_y25_54,geo_cov_rur,2013,4.34
isl,sex_t,age_aggregate_y25_54,geo_cov_rur,2014,2.931
isl,sex_t,age_aggregate_y25_54,geo_cov_rur,2015,1.932
isl,sex_t,age_aggregate_y25_54,geo_cov_rur,2016,3.953
isl,sex_t,age_aggregate_y25_54,geo_cov_rur,2017,1.992
isl,sex_t,age_aggregate_y25_54,geo_cov_rur,2018,3.586
isl,sex_t,age_aggregate_y25_54,geo_cov_rur,2019,2.298
isl,sex_t,age_aggregate_y25_54,geo_cov_rur,2020,4.625
isl,sex_t,age_aggregate_y25_54,geo_cov_rur,2021,6.645
isl,sex_t,age_aggregate_y25_54,geo_cov_rur,2022,3.879
isl,sex_t,age_aggregate_y25_54,geo_cov_rur,2023,3.414
isl,sex_t,age_aggregate_y25_54,geo_cov_rur,2024,3.163
isl,sex_t,age_aggregate_y25_54,geo_cov_urb,1998,5.341
isl,sex_t,age_aggregate_y25_54,geo_cov_urb,1999,2.814
isl,sex_t,age_aggregate_y25_54,geo_cov_urb,2000,2.384
isl,sex_t,age_aggregate_y25_54,geo_cov_urb,2001,3.426
isl,sex_t,age_aggregate_y25_54,geo_cov_urb,2002,4.977
isl,sex_t,age_aggregate_y25_54,geo_cov_urb,2010,9.368
isl,sex_t,age_aggregate_y25_54,geo_cov_urb,2011,9.079
isl,sex_t,age_aggregate_y25_54,geo_cov_urb,2012,6.214
isl,sex_t,age_aggregate_y25_54,geo_cov_urb,2013,7.933
isl,sex_t,age_aggregate_y25_54,geo_cov_urb,2014,7.794
isl,sex_t,age_aggregate_y25_54,geo_cov_urb,2015,6.258
isl,sex_t,age_aggregate_y25_54,geo_cov_urb,2016,4.999
isl,sex_t,age_aggregate_y25_54,geo_cov_urb,2017,4.322
isl,sex_t,age_aggregate_y25_54,geo_cov_urb,2018,3.642
isl,sex_t,age_aggregate_y25_54,geo_cov_urb,2019,4.94
isl,sex_t,age_aggregate_y25_54,geo_cov_urb,2020,8.096
isl,sex_t,age_aggregate_y25_54,geo_cov_urb,2021,8.562
isl,sex_t,age_aggregate_y25_54,geo_cov_urb,2022,5.272
isl,sex_t,age_aggregate_y25_54,geo_cov_urb,2023,5.498
isl,sex_t,age_aggregate_y25_54,geo_cov_urb,2024,4.462
isl,sex_t,age_aggregate_y25_54,geo_cov_x,2012,7.584
isl,sex_t,age_aggregate_y55_64,geo_cov_nat,1998,4.871
isl,sex_t,age_aggregate_y55_64,geo_cov_nat,1999,3.238
isl,sex_t,age_aggregate_y55_64,geo_cov_nat,2000,2.835
isl,sex_t,age_aggregate_y55_64,geo_cov_nat,2001,3.418
isl,sex_t,age_aggregate_y55_64,geo_cov_nat,2002,4.123
isl,sex_t,age_aggregate_y55_64,geo_cov_nat,2010,6.258
isl,sex_t,age_aggregate_y55_64,geo_cov_nat,2011,6.552
isl,sex_t,age_aggregate_y55_64,geo_cov_nat,2012,7.345
isl,sex_t,age_aggregate_y55_64,geo_cov_nat,2013,6.316
isl,sex_t,age_aggregate_y55_64,geo_cov_nat,2014,5.891
isl,sex_t,age_aggregate_y55_64,geo_cov_nat,2015,6.569
isl,sex_t,age_aggregate_y55_64,geo_cov_nat,2016,5.253
isl,sex_t,age_aggregate_y55_64,geo_cov_nat,2017,4.98
isl,sex_t,age_aggregate_y55_64,geo_cov_nat,2018,4.628
isl,sex_t,age_aggregate_y55_64,geo_cov_nat,2019,3.93
isl,sex_t,age_aggregate_y55_64,geo_cov_nat,2020,7.058
isl,sex_t,age_aggregate_y55_64,geo_cov_nat,2021,6.604
isl,sex_t,age_aggregate_y55_64,geo_cov_nat,2022,4.197
isl,sex_t,age_aggregate_y55_64,geo_cov_nat,2023,3.369
isl,sex_t,age_aggregate_y55_64,geo_cov_nat,2024,4.109
isl,sex_t,age_aggregate_y55_64,geo_cov_rur,1998,5.223
isl,sex_t,age_aggregate_y55_64,geo_cov_rur,2001,5.532
isl,sex_t,age_aggregate_y55_64,geo_cov_rur,2002,3.58
isl,sex_t,age_aggregate_y55_64,geo_cov_rur,2010,4.999
isl,sex_t,age_aggregate_y55_64,geo_cov_rur,2011,4.218
isl,sex_t,age_aggregate_y55_64,geo_cov_rur,2013,4.789
isl,sex_t,age_aggregate_y55_64,geo_cov_rur,2014,6.7
isl,sex_t,age_aggregate_y55_64,geo_cov_rur,2015,7.541
isl,sex_t,age_aggregate_y55_64,geo_cov_rur,2016,6.512
isl,sex_t,age_aggregate_y55_64,geo_cov_rur,2017,5.231
isl,sex_t,age_aggregate_y55_64,geo_cov_rur,2018,1.694
isl,sex_t,age_aggregate_y55_64,geo_cov_rur,2019,2.424
isl,sex_t,age_aggregate_y55_64,geo_cov_rur,2020,4.553
isl,sex_t,age_aggregate_y55_64,geo_cov_rur,2021,4.98
isl,sex_t,age_aggregate_y55_64,geo_cov_rur,2022,3.527
isl,sex_t,age_aggregate_y55_64,geo_cov_rur,2023,3.902
isl,sex_t,age_aggregate_y55_64,geo_cov_urb,1998,4.564
isl,sex_t,age_aggregate_y55_64,geo_cov_urb,1999,3.551
isl,sex_t,age_aggregate_y55_64,geo_cov_urb,2000,3.496
isl,sex_t,age_aggregate_y55_64,geo_cov_urb,2002,4.534
isl,sex_t,age_aggregate_y55_64,geo_cov_urb,2010,7.176
isl,sex_t,age_aggregate_y55_64,geo_cov_urb,2011,8.173
isl,sex_t,age_aggregate_y55_64,geo_cov_urb,2012,7.829
isl,sex_t,age_aggregate_y55_64,geo_cov_urb,2013,6.701
isl,sex_t,age_aggregate_y55_64,geo_cov_urb,2014,5.705
isl,sex_t,age_aggregate_y55_64,geo_cov_urb,2015,6.354
isl,sex_t,age_aggregate_y55_64,geo_cov_urb,2016,4.991
isl,sex_t,age_aggregate_y55_64,geo_cov_urb,2017,4.926
isl,sex_t,age_aggregate_y55_64,geo_cov_urb,2018,5.283
isl,sex_t,age_aggregate_y55_64,geo_cov_urb,2019,4.271
isl,sex_t,age_aggregate_y55_64,geo_cov_urb,2020,7.655
isl,sex_t,age_aggregate_y55_64,geo_cov_urb,2021,7.176
isl,sex_t,age_aggregate_y55_64,geo_cov_urb,2022,4.455
isl,sex_t,age_aggregate_y55_64,geo_cov_urb,2023,3.175
isl,sex_t,age_aggregate_y55_64,geo_cov_urb,2024,4.215
isl,sex_t,age_aggregate_y55_64,geo_cov_x,2012,7.404
isl,sex_t,age_aggregate_yge65,geo_cov_nat,1998,19.593
isl,sex_t,age_aggregate_yge65,geo_cov_nat,1999,17.61
isl,sex_t,age_aggregate_yge65,geo_cov_nat,2000,21.78
isl,sex_t,age_aggregate_yge65,geo_cov_nat,2001,25.5
isl,sex_t,age_aggregate_yge65,geo_cov_nat,2002,22.901
isl,sex_t,age_aggregate_yge65,geo_cov_nat,2010,7.047
isl,sex_t,age_aggregate_yge65,geo_cov_nat,2011,8.371
isl,sex_t,age_aggregate_yge65,geo_cov_nat,2012,12.313
isl,sex_t,age_aggregate_yge65,geo_cov_nat,2013,16.062
isl,sex_t,age_aggregate_yge65,geo_cov_nat,2014,10.697
isl,sex_t,age_aggregate_yge65,geo_cov_nat,2015,14.728
isl,sex_t,age_aggregate_yge65,geo_cov_nat,2016,14.031
isl,sex_t,age_aggregate_yge65,geo_cov_nat,2017,14.874
isl,sex_t,age_aggregate_yge65,geo_cov_nat,2018,8.175
isl,sex_t,age_aggregate_yge65,geo_cov_nat,2019,6.982
isl,sex_t,age_aggregate_yge65,geo_cov_nat,2020,9.048
isl,sex_t,age_aggregate_yge65,geo_cov_nat,2021,10.113
isl,sex_t,age_aggregate_yge65,geo_cov_nat,2022,6.353
isl,sex_t,age_aggregate_yge65,geo_cov_nat,2023,8.439
isl,sex_t,age_aggregate_yge65,geo_cov_nat,2024,11.842
isl,sex_t,age_aggregate_yge65,geo_cov_rur,1998,12.247
isl,sex_t,age_aggregate_yge65,geo_cov_rur,1999,13.806
isl,sex_t,age_aggregate_yge65,geo_cov_rur,2000,25.05
isl,sex_t,age_aggregate_yge65,geo_cov_rur,2001,32.849
isl,sex_t,age_aggregate_yge65,geo_cov_rur,2002,20.401
isl,sex_t,age_aggregate_yge65,geo_cov_rur,2010,5.827
isl,sex_t,age_aggregate_yge65,geo_cov_rur,2011,8.297
isl,sex_t,age_aggregate_yge65,geo_cov_rur,2012,27.528
isl,sex_t,age_aggregate_yge65,geo_cov_rur,2013,12.241
isl,sex_t,age_aggregate_yge65,geo_cov_rur,2014,8.96
isl,sex_t,age_aggregate_yge65,geo_cov_rur,2015,12.454
isl,sex_t,age_aggregate_yge65,geo_cov_rur,2016,9.471
isl,sex_t,age_aggregate_yge65,geo_cov_rur,2017,11.851
isl,sex_t,age_aggregate_yge65,geo_cov_rur,2018,5.649
isl,sex_t,age_aggregate_yge65,geo_cov_rur,2019,7.69
isl,sex_t,age_aggregate_yge65,geo_cov_rur,2020,7.667
isl,sex_t,age_aggregate_yge65,geo_cov_rur,2021,9.763
isl,sex_t,age_aggregate_yge65,geo_cov_rur,2022,7.376
isl,sex_t,age_aggregate_yge65,geo_cov_rur,2023,5.453
isl,sex_t,age_aggregate_yge65,geo_cov_urb,1998,24.412
isl,sex_t,age_aggregate_yge65,geo_cov_urb,1999,20.464
isl,sex_t,age_aggregate_yge65,geo_cov_urb,2000,19.625
isl,sex_t,age_aggregate_yge65,geo_cov_urb,2001,19.709
isl,sex_t,age_aggregate_yge65,geo_cov_urb,2002,24.793
isl,sex_t,age_aggregate_yge65,geo_cov_urb,2010,7.708
isl,sex_t,age_aggregate_yge65,geo_cov_urb,2011,8.416
isl,sex_t,age_aggregate_yge65,geo_cov_urb,2012,13.092
isl,sex_t,age_aggregate_yge65,geo_cov_urb,2013,17.184
isl,sex_t,age_aggregate_yge65,geo_cov_urb,2014,11.237
isl,sex_t,age_aggregate_yge65,geo_cov_urb,2015,15.42
isl,sex_t,age_aggregate_yge65,geo_cov_urb,2016,15.25
isl,sex_t,age_aggregate_yge65,geo_cov_urb,2017,15.548
isl,sex_t,age_aggregate_yge65,geo_cov_urb,2018,8.703
isl,sex_t,age_aggregate_yge65,geo_cov_urb,2019,6.827
isl,sex_t,age_aggregate_yge65,geo_cov_urb,2020,9.413
isl,sex_t,age_aggregate_yge65,geo_cov_urb,2021,10.241
isl,sex_t,age_aggregate_yge65,geo_cov_urb,2022,5.998
isl,sex_t,age_aggregate_yge65,geo_cov_urb,2023,9.459
isl,sex_t,age_aggregate_yge65,geo_cov_urb,2024,12.916
isl,sex_t,age_aggregate_yge65,geo_cov_x,2012,10.945
isl,sex_t,age_ythadult_y15_24,geo_cov_nat,1998,13.512
isl,sex_t,age_ythadult_y15_24,geo_cov_nat,1999,8.265
isl,sex_t,age_ythadult_y15_24,geo_cov_nat,2000,9.379
isl,sex_t,age_ythadult_y15_24,geo_cov_nat,2001,10.938
isl,sex_t,age_ythadult_y15_24,geo_cov_nat,2002,13.673
isl,sex_t,age_ythadult_y15_24,geo_cov_nat,2010,22.657
isl,sex_t,age_ythadult_y15_24,geo_cov_nat,2011,22.274
isl,sex_t,age_ythadult_y15_24,geo_cov_nat,2012,22.209
isl,sex_t,age_ythadult_y15_24,geo_cov_nat,2013,18.677
isl,sex_t,age_ythadult_y15_24,geo_cov_nat,2014,18.826
isl,sex_t,age_ythadult_y15_24,geo_cov_nat,2015,17.567
isl,sex_t,age_ythadult_y15_24,geo_cov_nat,2016,13.394
isl,sex_t,age_ythadult_y15_24,geo_cov_nat,2017,13.256
isl,sex_t,age_ythadult_y15_24,geo_cov_nat,2018,10.87
isl,sex_t,age_ythadult_y15_24,geo_cov_nat,2019,14.563
isl,sex_t,age_ythadult_y15_24,geo_cov_nat,2020,17.616
isl,sex_t,age_ythadult_y15_24,geo_cov_nat,2021,19.751
isl,sex_t,age_ythadult_y15_24,geo_cov_nat,2022,16.191
isl,sex_t,age_ythadult_y15_24,geo_cov_nat,2023,15.772
isl,sex_t,age_ythadult_y15_24,geo_cov_nat,2024,15.273
isl,sex_t,age_ythadult_y15_24,geo_cov_rur,1998,14.007
isl,sex_t,age_ythadult_y15_24,geo_cov_rur,1999,9.367
isl,sex_t,age_ythadult_y15_24,geo_cov_rur,2000,10.759
isl,sex_t,age_ythadult_y15_24,geo_cov_rur,2001,14.292
isl,sex_t,age_ythadult_y15_24,geo_cov_rur,2002,12.923
isl,sex_t,age_ythadult_y15_24,geo_cov_rur,2010,23.235
isl,sex_t,age_ythadult_y15_24,geo_cov_rur,2011,22.733
isl,sex_t,age_ythadult_y15_24,geo_cov_rur,2012,24.728
isl,sex_t,age_ythadult_y15_24,geo_cov_rur,2013,17.925
isl,sex_t,age_ythadult_y15_24,geo_cov_rur,2014,16.331
isl,sex_t,age_ythadult_y15_24,geo_cov_rur,2015,19.248
isl,sex_t,age_ythadult_y15_24,geo_cov_rur,2016,13.685
isl,sex_t,age_ythadult_y15_24,geo_cov_rur,2017,15.908
isl,sex_t,age_ythadult_y15_24,geo_cov_rur,2018,11.711
isl,sex_t,age_ythadult_y15_24,geo_cov_rur,2019,9.12
isl,sex_t,age_ythadult_y15_24,geo_cov_rur,2020,13.133
isl,sex_t,age_ythadult_y15_24,geo_cov_rur,2021,16.346
isl,sex_t,age_ythadult_y15_24,geo_cov_rur,2022,12.628
isl,sex_t,age_ythadult_y15_24,geo_cov_rur,2023,13.01
isl,sex_t,age_ythadult_y15_24,geo_cov_rur,2024,12.688
isl,sex_t,age_ythadult_y15_24,geo_cov_urb,1998,13.208
isl,sex_t,age_ythadult_y15_24,geo_cov_urb,1999,7.592
isl,sex_t,age_ythadult_y15_24,geo_cov_urb,2000,8.514
isl,sex_t,age_ythadult_y15_24,geo_cov_urb,2001,8.723
isl,sex_t,age_ythadult_y15_24,geo_cov_urb,2002,14.144
isl,sex_t,age_ythadult_y15_24,geo_cov_urb,2010,22.333
isl,sex_t,age_ythadult_y15_24,geo_cov_urb,2011,22.035
isl,sex_t,age_ythadult_y15_24,geo_cov_urb,2012,21.112
isl,sex_t,age_ythadult_y15_24,geo_cov_urb,2013,18.792
isl,sex_t,age_ythadult_y15_24,geo_cov_urb,2014,19.205
isl,sex_t,age_ythadult_y15_24,geo_cov_urb,2015,17.298
isl,sex_t,age_ythadult_y15_24,geo_cov_urb,2016,13.353
isl,sex_t,age_ythadult_y15_24,geo_cov_urb,2017,12.946
isl,sex_t,age_ythadult_y15_24,geo_cov_urb,2018,10.751
isl,sex_t,age_ythadult_y15_24,geo_cov_urb,2019,15.367
isl,sex_t,age_ythadult_y15_24,geo_cov_urb,2020,18.37
isl,sex_t,age_ythadult_y15_24,geo_cov_urb,2021,20.62
isl,sex_t,age_ythadult_y15_24,geo_cov_urb,2022,16.969
isl,sex_t,age_ythadult_y15_24,geo_cov_urb,2023,16.291
isl,sex_t,age_ythadult_y15_24,geo_cov_urb,2024,15.719
isl,sex_t,age_ythadult_y15_24,geo_cov_x,2012,22.407
isl,sex_t,age_ythadult_y15_64,geo_cov_nat,1998,5.996
isl,sex_t,age_ythadult_y15_64,geo_cov_nat,1999,3.951
isl,sex_t,age_ythadult_y15_64,geo_cov_nat,2000,4.021
isl,sex_t,age_ythadult_y15_64,geo_cov_nat,2001,4.74
isl,sex_t,age_ythadult_y15_64,geo_cov_nat,2002,5.803
isl,sex_t,age_ythadult_y15_64,geo_cov_nat,2010,10.437
isl,sex_t,age_ythadult_y15_64,geo_cov_nat,2011,10.109
isl,sex_t,age_ythadult_y15_64,geo_cov_nat,2012,10.067
isl,sex_t,age_ythadult_y15_64,geo_cov_nat,2013,9.315
isl,sex_t,age_ythadult_y15_64,geo_cov_nat,2014,9.056
isl,sex_t,age_ythadult_y15_64,geo_cov_nat,2015,8.044
isl,sex_t,age_ythadult_y15_64,geo_cov_nat,2016,6.484
isl,sex_t,age_ythadult_y15_64,geo_cov_nat,2017,5.816
isl,sex_t,age_ythadult_y15_64,geo_cov_nat,2018,5.043
isl,sex_t,age_ythadult_y15_64,geo_cov_nat,2019,6.108
isl,sex_t,age_ythadult_y15_64,geo_cov_nat,2020,9.102
isl,sex_t,age_ythadult_y15_64,geo_cov_nat,2021,9.777
isl,sex_t,age_ythadult_y15_64,geo_cov_nat,2022,6.704
isl,sex_t,age_ythadult_y15_64,geo_cov_nat,2023,6.567
isl,sex_t,age_ythadult_y15_64,geo_cov_nat,2024,6.08
isl,sex_t,age_ythadult_y15_64,geo_cov_rur,1998,4.815
isl,sex_t,age_ythadult_y15_64,geo_cov_rur,1999,4.176
isl,sex_t,age_ythadult_y15_64,geo_cov_rur,2000,4.417
isl,sex_t,age_ythadult_y15_64,geo_cov_rur,2001,5.43
isl,sex_t,age_ythadult_y15_64,geo_cov_rur,2010,8.716
isl,sex_t,age_ythadult_y15_64,geo_cov_rur,2011,7.836
isl,sex_t,age_ythadult_y15_64,geo_cov_rur,2012,6.95
isl,sex_t,age_ythadult_y15_64,geo_cov_rur,2013,6.445
isl,sex_t,age_ythadult_y15_64,geo_cov_rur,2014,5.84
isl,sex_t,age_ythadult_y15_64,geo_cov_rur,2015,6.127
isl,sex_t,age_ythadult_y15_64,geo_cov_rur,2016,5.95
isl,sex_t,age_ythadult_y15_64,geo_cov_rur,2017,4.476
isl,sex_t,age_ythadult_y15_64,geo_cov_rur,2018,4.314
isl,sex_t,age_ythadult_y15_64,geo_cov_rur,2019,3.302
isl,sex_t,age_ythadult_y15_64,geo_cov_rur,2020,5.921
isl,sex_t,age_ythadult_y15_64,geo_cov_rur,2021,7.831
isl,sex_t,age_ythadult_y15_64,geo_cov_rur,2022,5.026
isl,sex_t,age_ythadult_y15_64,geo_cov_rur,2023,4.776
isl,sex_t,age_ythadult_y15_64,geo_cov_rur,2024,4.608
isl,sex_t,age_ythadult_y15_64,geo_cov_urb,1998,6.845
isl,sex_t,age_ythadult_y15_64,geo_cov_urb,1999,3.799
isl,sex_t,age_ythadult_y15_64,geo_cov_urb,2000,3.746
isl,sex_t,age_ythadult_y15_64,geo_cov_urb,2001,4.281
isl,sex_t,age_ythadult_y15_64,geo_cov_urb,2002,6.569
isl,sex_t,age_ythadult_y15_64,geo_cov_urb,2010,11.471
isl,sex_t,age_ythadult_y15_64,geo_cov_urb,2011,11.47
isl,sex_t,age_ythadult_y15_64,geo_cov_urb,2012,9.372
isl,sex_t,age_ythadult_y15_64,geo_cov_urb,2013,9.91
isl,sex_t,age_ythadult_y15_64,geo_cov_urb,2014,9.663
isl,sex_t,age_ythadult_y15_64,geo_cov_urb,2015,8.386
isl,sex_t,age_ythadult_y15_64,geo_cov_urb,2016,6.577
isl,sex_t,age_ythadult_y15_64,geo_cov_urb,2017,6.044
isl,sex_t,age_ythadult_y15_64,geo_cov_urb,2018,5.175
isl,sex_t,age_ythadult_y15_64,geo_cov_urb,2019,6.599
isl,sex_t,age_ythadult_y15_64,geo_cov_urb,2020,9.652
isl,sex_t,age_ythadult_y15_64,geo_cov_urb,2021,10.272
isl,sex_t,age_ythadult_y15_64,geo_cov_urb,2022,7.152
isl,sex_t,age_ythadult_y15_64,geo_cov_urb,2023,7.013
isl,sex_t,age_ythadult_y15_64,geo_cov_urb,2024,6.412
isl,sex_t,age_ythadult_y15_64,geo_cov_x,2012,10.425
isl,sex_t,age_ythadult_yge15,geo_cov_nat,1998,6.753
isl,sex_t,age_ythadult_yge15,geo_cov_nat,1999,4.68
isl,sex_t,age_ythadult_yge15,geo_cov_nat,2000,4.9
isl,sex_t,age_ythadult_yge15,geo_cov_nat,2001,5.774
isl,sex_t,age_ythadult_yge15,geo_cov_nat,2002,6.641
isl,sex_t,age_ythadult_yge15,geo_cov_nat,2010,10.299
isl,sex_t,age_ythadult_yge15,geo_cov_nat,2011,10.039
isl,sex_t,age_ythadult_yge15,geo_cov_nat,2012,10.165
isl,sex_t,age_ythadult_yge15,geo_cov_nat,2013,9.643
isl,sex_t,age_ythadult_yge15,geo_cov_nat,2014,9.138
isl,sex_t,age_ythadult_yge15,geo_cov_nat,2015,8.427
isl,sex_t,age_ythadult_yge15,geo_cov_nat,2016,6.945
isl,sex_t,age_ythadult_yge15,geo_cov_nat,2017,6.36
isl,sex_t,age_ythadult_yge15,geo_cov_nat,2018,5.217
isl,sex_t,age_ythadult_yge15,geo_cov_nat,2019,6.154
isl,sex_t,age_ythadult_yge15,geo_cov_nat,2020,9.099
isl,sex_t,age_ythadult_yge15,geo_cov_nat,2021,9.797
isl,sex_t,age_ythadult_yge15,geo_cov_nat,2022,6.685
isl,sex_t,age_ythadult_yge15,geo_cov_nat,2023,6.677
isl,sex_t,age_ythadult_yge15,geo_cov_nat,2024,6.423
isl,sex_t,age_ythadult_yge15,geo_cov_rur,1998,5.208
isl,sex_t,age_ythadult_yge15,geo_cov_rur,1999,4.721
isl,sex_t,age_ythadult_yge15,geo_cov_rur,2000,5.407
isl,sex_t,age_ythadult_yge15,geo_cov_rur,2001,6.931
isl,sex_t,age_ythadult_yge15,geo_cov_rur,2002,5.47
isl,sex_t,age_ythadult_yge15,geo_cov_rur,2010,8.606
isl,sex_t,age_ythadult_yge15,geo_cov_rur,2011,7.855
isl,sex_t,age_ythadult_yge15,geo_cov_rur,2012,8.146
isl,sex_t,age_ythadult_yge15,geo_cov_rur,2013,6.812
isl,sex_t,age_ythadult_yge15,geo_cov_rur,2014,6.068
isl,sex_t,age_ythadult_yge15,geo_cov_rur,2015,6.67
isl,sex_t,age_ythadult_yge15,geo_cov_rur,2016,6.249
isl,sex_t,age_ythadult_yge15,geo_cov_rur,2017,5.021
isl,sex_t,age_ythadult_yge15,geo_cov_rur,2018,4.397
isl,sex_t,age_ythadult_yge15,geo_cov_rur,2019,3.574
isl,sex_t,age_ythadult_yge15,geo_cov_rur,2020,6.045
isl,sex_t,age_ythadult_yge15,geo_cov_rur,2021,7.976
isl,sex_t,age_ythadult_yge15,geo_cov_rur,2022,5.182
isl,sex_t,age_ythadult_yge15,geo_cov_rur,2023,4.826
isl,sex_t,age_ythadult_yge15,geo_cov_rur,2024,4.925
isl,sex_t,age_ythadult_yge15,geo_cov_urb,1998,7.859
isl,sex_t,age_ythadult_yge15,geo_cov_urb,1999,4.653
isl,sex_t,age_ythadult_yge15,geo_cov_urb,2000,4.548
isl,sex_t,age_ythadult_yge15,geo_cov_urb,2001,5
isl,sex_t,age_ythadult_yge15,geo_cov_urb,2002,7.414
isl,sex_t,age_ythadult_yge15,geo_cov_urb,2010,11.312
isl,sex_t,age_ythadult_yge15,geo_cov_urb,2011,11.348
isl,sex_t,age_ythadult_yge15,geo_cov_urb,2012,9.538
isl,sex_t,age_ythadult_yge15,geo_cov_urb,2013,10.241
isl,sex_t,age_ythadult_yge15,geo_cov_urb,2014,9.735
isl,sex_t,age_ythadult_yge15,geo_cov_urb,2015,8.752
isl,sex_t,age_ythadult_yge15,geo_cov_urb,2016,7.07
isl,sex_t,age_ythadult_yge15,geo_cov_urb,2017,6.592
isl,sex_t,age_ythadult_yge15,geo_cov_urb,2018,5.367
isl,sex_t,age_ythadult_yge15,geo_cov_urb,2019,6.611
isl,sex_t,age_ythadult_yge15,geo_cov_urb,2020,9.641
isl,sex_t,age_ythadult_yge15,geo_cov_urb,2021,10.27
isl,sex_t,age_ythadult_yge15,geo_cov_urb,2022,7.092
isl,sex_t,age_ythadult_yge15,geo_cov_urb,2023,7.147
isl,sex_t,age_ythadult_yge15,geo_cov_urb,2024,6.77
isl,sex_t,age_ythadult_yge15,geo_cov_x,2012,10.447
isl,sex_t,age_ythadult_yge25,geo_cov_nat,1998,5.273
isl,sex_t,age_ythadult_yge25,geo_cov_nat,1999,3.943
isl,sex_t,age_ythadult_yge25,geo_cov_nat,2000,3.893
isl,sex_t,age_ythadult_yge25,geo_cov_nat,2001,4.591
isl,sex_t,age_ythadult_yge25,geo_cov_nat,2002,5.22
isl,sex_t,age_ythadult_yge25,geo_cov_nat,2010,7.671
isl,sex_t,age_ythadult_yge25,geo_cov_nat,2011,7.383
isl,sex_t,age_ythadult_yge25,geo_cov_nat,2012,7.462
isl,sex_t,age_ythadult_yge25,geo_cov_nat,2013,7.626
isl,sex_t,age_ythadult_yge25,geo_cov_nat,2014,7.01
isl,sex_t,age_ythadult_yge25,geo_cov_nat,2015,6.456
isl,sex_t,age_ythadult_yge25,geo_cov_nat,2016,5.606
isl,sex_t,age_ythadult_yge25,geo_cov_nat,2017,4.966
isl,sex_t,age_ythadult_yge25,geo_cov_nat,2018,4.131
isl,sex_t,age_ythadult_yge25,geo_cov_nat,2019,4.585
isl,sex_t,age_ythadult_yge25,geo_cov_nat,2020,7.597
isl,sex_t,age_ythadult_yge25,geo_cov_nat,2021,8.019
isl,sex_t,age_ythadult_yge25,geo_cov_nat,2022,4.926
isl,sex_t,age_ythadult_yge25,geo_cov_nat,2023,5.012
isl,sex_t,age_ythadult_yge25,geo_cov_nat,2024,4.754
isl,sex_t,age_ythadult_yge25,geo_cov_rur,1998,3.481
isl,sex_t,age_ythadult_yge25,geo_cov_rur,1999,3.836
isl,sex_t,age_ythadult_yge25,geo_cov_rur,2000,4.29
isl,sex_t,age_ythadult_yge25,geo_cov_rur,2001,5.262
isl,sex_t,age_ythadult_yge25,geo_cov_rur,2002,4.018
isl,sex_t,age_ythadult_yge25,geo_cov_rur,2010,5.645
isl,sex_t,age_ythadult_yge25,geo_cov_rur,2011,4.959
isl,sex_t,age_ythadult_yge25,geo_cov_rur,2012,5.532
isl,sex_t,age_ythadult_yge25,geo_cov_rur,2013,5.02
isl,sex_t,age_ythadult_yge25,geo_cov_rur,2014,4.312
isl,sex_t,age_ythadult_yge25,geo_cov_rur,2015,4.334
isl,sex_t,age_ythadult_yge25,geo_cov_rur,2016,5.066
isl,sex_t,age_ythadult_yge25,geo_cov_rur,2017,3.554
isl,sex_t,age_ythadult_yge25,geo_cov_rur,2018,3.311
isl,sex_t,age_ythadult_yge25,geo_cov_rur,2019,2.713
isl,sex_t,age_ythadult_yge25,geo_cov_rur,2020,4.859
isl,sex_t,age_ythadult_yge25,geo_cov_rur,2021,6.509
isl,sex_t,age_ythadult_yge25,geo_cov_rur,2022,4.059
isl,sex_t,age_ythadult_yge25,geo_cov_rur,2023,3.7
isl,sex_t,age_ythadult_yge25,geo_cov_rur,2024,3.823
isl,sex_t,age_ythadult_yge25,geo_cov_urb,1998,6.597
isl,sex_t,age_ythadult_yge25,geo_cov_urb,1999,4.018
isl,sex_t,age_ythadult_yge25,geo_cov_urb,2000,3.612
isl,sex_t,age_ythadult_yge25,geo_cov_urb,2001,4.141
isl,sex_t,age_ythadult_yge25,geo_cov_urb,2002,6.021
isl,sex_t,age_ythadult_yge25,geo_cov_urb,2010,8.9
isl,sex_t,age_ythadult_yge25,geo_cov_urb,2011,8.88
isl,sex_t,age_ythadult_yge25,geo_cov_urb,2012,6.915
isl,sex_t,age_ythadult_yge25,geo_cov_urb,2013,8.212
isl,sex_t,age_ythadult_yge25,geo_cov_urb,2014,7.56
isl,sex_t,age_ythadult_yge25,geo_cov_urb,2015,6.859
isl,sex_t,age_ythadult_yge25,geo_cov_urb,2016,5.707
isl,sex_t,age_ythadult_yge25,geo_cov_urb,2017,5.229
isl,sex_t,age_ythadult_yge25,geo_cov_urb,2018,4.287
isl,sex_t,age_ythadult_yge25,geo_cov_urb,2019,4.928
isl,sex_t,age_ythadult_yge25,geo_cov_urb,2020,8.087
isl,sex_t,age_ythadult_yge25,geo_cov_urb,2021,8.413
isl,sex_t,age_ythadult_yge25,geo_cov_urb,2022,5.17
isl,sex_t,age_ythadult_yge25,geo_cov_urb,2023,5.362
isl,sex_t,age_ythadult_yge25,geo_cov_urb,2024,4.98
isl,sex_t,age_ythadult_yge25,geo_cov_x,2012,7.723
ita,sex_f,age_aggregate_total,geo_cov_nat,2002,19.757
ita,sex_f,age_aggregate_total,geo_cov_nat,2003,18.794
ita,sex_f,age_aggregate_total,geo_cov_nat,2004,22.158
ita,sex_f,age_aggregate_total,geo_cov_nat,2005,21.827
ita,sex_f,age_aggregate_total,geo_cov_nat,2006,20.831
ita,sex_f,age_aggregate_total,geo_cov_nat,2007,21.344
ita,sex_f,age_aggregate_total,geo_cov_nat,2008,21.871
ita,sex_f,age_aggregate_total,geo_cov_nat,2009,21.909
ita,sex_f,age_aggregate_total,geo_cov_nat,2010,22.677
ita,sex_f,age_aggregate_total,geo_cov_nat,2011,22.66
ita,sex_f,age_aggregate_total,geo_cov_nat,2012,24.894
ita,sex_f,age_aggregate_total,geo_cov_nat,2013,26.093
ita,sex_f,age_aggregate_total,geo_cov_nat,2014,27.421
ita,sex_f,age_aggregate_total,geo_cov_nat,2015,26.948
ita,sex_f,age_aggregate_total,geo_cov_nat,2016,25.966
ita,sex_f,age_aggregate_total,geo_cov_nat,2017,24.626
ita,sex_f,age_aggregate_total,geo_cov_nat,2018,23.596
ita,sex_f,age_aggregate_total,geo_cov_nat,2019,22.633
ita,sex_f,age_aggregate_total,geo_cov_nat,2020,22.848
ita,sex_f,age_aggregate_total,geo_cov_nat,2021,22.625
ita,sex_f,age_aggregate_total,geo_cov_nat,2022,19.762
ita,sex_f,age_aggregate_total,geo_cov_nat,2023,18.229
ita,sex_f,age_aggregate_total,geo_cov_nat,2024,16.17
ita,sex_f,age_aggregate_total,geo_cov_rur,2002,23.984
ita,sex_f,age_aggregate_total,geo_cov_rur,2003,22.827
ita,sex_f,age_aggregate_total,geo_cov_rur,2004,25.765
ita,sex_f,age_aggregate_total,geo_cov_rur,2005,25.046
ita,sex_f,age_aggregate_total,geo_cov_rur,2006,23.967
ita,sex_f,age_aggregate_total,geo_cov_rur,2007,24.793
ita,sex_f,age_aggregate_total,geo_cov_rur,2008,25.42
ita,sex_f,age_aggregate_total,geo_cov_rur,2009,24.922
ita,sex_f,age_aggregate_total,geo_cov_rur,2010,24.865
ita,sex_f,age_aggregate_total,geo_cov_rur,2011,25.788
ita,sex_f,age_aggregate_total,geo_cov_rur,2012,26.817
ita,sex_f,age_aggregate_total,geo_cov_rur,2013,28.298
ita,sex_f,age_aggregate_total,geo_cov_rur,2014,29.146
ita,sex_f,age_aggregate_total,geo_cov_rur,2015,27.991
ita,sex_f,age_aggregate_total,geo_cov_rur,2016,26.874
ita,sex_f,age_aggregate_total,geo_cov_rur,2017,26.245
ita,sex_f,age_aggregate_total,geo_cov_rur,2018,24.924
ita,sex_f,age_aggregate_total,geo_cov_rur,2019,23.969
ita,sex_f,age_aggregate_total,geo_cov_rur,2020,23.892
ita,sex_f,age_aggregate_total,geo_cov_rur,2021,21.3
ita,sex_f,age_aggregate_total,geo_cov_rur,2022,19.35
ita,sex_f,age_aggregate_total,geo_cov_rur,2023,18.728
ita,sex_f,age_aggregate_total,geo_cov_rur,2024,16.376
ita,sex_f,age_aggregate_total,geo_cov_urb,2002,19.16
ita,sex_f,age_aggregate_total,geo_cov_urb,2003,18.206
ita,sex_f,age_aggregate_total,geo_cov_urb,2004,21.481
ita,sex_f,age_aggregate_total,geo_cov_urb,2005,21.285
ita,sex_f,age_aggregate_total,geo_cov_urb,2006,20.311
ita,sex_f,age_aggregate_total,geo_cov_urb,2007,20.773
ita,sex_f,age_aggregate_total,geo_cov_urb,2008,21.296
ita,sex_f,age_aggregate_total,geo_cov_urb,2009,21.41
ita,sex_f,age_aggregate_total,geo_cov_urb,2010,22.311
ita,sex_f,age_aggregate_total,geo_cov_urb,2011,22.226
ita,sex_f,age_aggregate_total,geo_cov_urb,2012,24.306
ita,sex_f,age_aggregate_total,geo_cov_urb,2013,25.427
ita,sex_f,age_aggregate_total,geo_cov_urb,2014,26.894
ita,sex_f,age_aggregate_total,geo_cov_urb,2015,26.632
ita,sex_f,age_aggregate_total,geo_cov_urb,2016,25.698
ita,sex_f,age_aggregate_total,geo_cov_urb,2017,24.15
ita,sex_f,age_aggregate_total,geo_cov_urb,2018,23.192
ita,sex_f,age_aggregate_total,geo_cov_urb,2019,22.233
ita,sex_f,age_aggregate_total,geo_cov_urb,2020,22.539
ita,sex_f,age_aggregate_total,geo_cov_urb,2021,22.865
ita,sex_f,age_aggregate_total,geo_cov_urb,2022,19.837
ita,sex_f,age_aggregate_total,geo_cov_urb,2023,18.14
ita,sex_f,age_aggregate_total,geo_cov_urb,2024,16.133
ita,sex_f,age_aggregate_y15_24,geo_cov_nat,2002,41.941
ita,sex_f,age_aggregate_y15_24,geo_cov_nat,2003,41.034
ita,sex_f,age_aggregate_y15_24,geo_cov_nat,2004,45.275
ita,sex_f,age_aggregate_y15_24,geo_cov_nat,2005,44.042
ita,sex_f,age_aggregate_y15_24,geo_cov_nat,2006,43.736
ita,sex_f,age_aggregate_y15_24,geo_cov_nat,2007,44.985
ita,sex_f,age_aggregate_y15_24,geo_cov_nat,2008,46.009
ita,sex_f,age_aggregate_y15_24,geo_cov_nat,2009,48.841
ita,sex_f,age_aggregate_y15_24,geo_cov_nat,2010,49.452
ita,sex_f,age_aggregate_y15_24,geo_cov_nat,2011,51.742
ita,sex_f,age_aggregate_y15_24,geo_cov_nat,2012,55.132
ita,sex_f,age_aggregate_y15_24,geo_cov_nat,2013,57.513
ita,sex_f,age_aggregate_y15_24,geo_cov_nat,2014,60.282
ita,sex_f,age_aggregate_y15_24,geo_cov_nat,2015,59.705
ita,sex_f,age_aggregate_y15_24,geo_cov_nat,2016,55.861
ita,sex_f,age_aggregate_y15_24,geo_cov_nat,2017,53.615
ita,sex_f,age_aggregate_y15_24,geo_cov_nat,2018,51.538
ita,sex_f,age_aggregate_y15_24,geo_cov_nat,2019,47.989
ita,sex_f,age_aggregate_y15_24,geo_cov_nat,2020,52.183
ita,sex_f,age_aggregate_y15_24,geo_cov_nat,2021,50.178
ita,sex_f,age_aggregate_y15_24,geo_cov_nat,2022,41.711
ita,sex_f,age_aggregate_y15_24,geo_cov_nat,2023,40.032
ita,sex_f,age_aggregate_y15_24,geo_cov_nat,2024,38.932
ita,sex_f,age_aggregate_y15_24,geo_cov_rur,2002,41.305
ita,sex_f,age_aggregate_y15_24,geo_cov_rur,2003,44.337
ita,sex_f,age_aggregate_y15_24,geo_cov_rur,2004,48.797
ita,sex_f,age_aggregate_y15_24,geo_cov_rur,2005,46.794
ita,sex_f,age_aggregate_y15_24,geo_cov_rur,2006,46.679
ita,sex_f,age_aggregate_y15_24,geo_cov_rur,2007,45.915
ita,sex_f,age_aggregate_y15_24,geo_cov_rur,2008,47.434
ita,sex_f,age_aggregate_y15_24,geo_cov_rur,2009,49.956
ita,sex_f,age_aggregate_y15_24,geo_cov_rur,2010,45.356
ita,sex_f,age_aggregate_y15_24,geo_cov_rur,2011,53.776
ita,sex_f,age_aggregate_y15_24,geo_cov_rur,2012,54.981
ita,sex_f,age_aggregate_y15_24,geo_cov_rur,2013,57.502
ita,sex_f,age_aggregate_y15_24,geo_cov_rur,2014,61.291
ita,sex_f,age_aggregate_y15_24,geo_cov_rur,2015,56.628
ita,sex_f,age_aggregate_y15_24,geo_cov_rur,2016,52.76
ita,sex_f,age_aggregate_y15_24,geo_cov_rur,2017,49.628
ita,sex_f,age_aggregate_y15_24,geo_cov_rur,2018,48.96
ita,sex_f,age_aggregate_y15_24,geo_cov_rur,2019,47.061
ita,sex_f,age_aggregate_y15_24,geo_cov_rur,2020,48.269
ita,sex_f,age_aggregate_y15_24,geo_cov_rur,2021,46.022
ita,sex_f,age_aggregate_y15_24,geo_cov_rur,2022,36.505
ita,sex_f,age_aggregate_y15_24,geo_cov_rur,2023,35.212
ita,sex_f,age_aggregate_y15_24,geo_cov_rur,2024,34.238
ita,sex_f,age_aggregate_y15_24,geo_cov_urb,2002,42.037
ita,sex_f,age_aggregate_y15_24,geo_cov_urb,2003,40.509
ita,sex_f,age_aggregate_y15_24,geo_cov_urb,2004,44.526
ita,sex_f,age_aggregate_y15_24,geo_cov_urb,2005,43.528
ita,sex_f,age_aggregate_y15_24,geo_cov_urb,2006,43.208
ita,sex_f,age_aggregate_y15_24,geo_cov_urb,2007,44.804
ita,sex_f,age_aggregate_y15_24,geo_cov_urb,2008,45.742
ita,sex_f,age_aggregate_y15_24,geo_cov_urb,2009,48.632
ita,sex_f,age_aggregate_y15_24,geo_cov_urb,2010,50.241
ita,sex_f,age_aggregate_y15_24,geo_cov_urb,2011,51.412
ita,sex_f,age_aggregate_y15_24,geo_cov_urb,2012,55.187
ita,sex_f,age_aggregate_y15_24,geo_cov_urb,2013,57.516
ita,sex_f,age_aggregate_y15_24,geo_cov_urb,2014,59.943
ita,sex_f,age_aggregate_y15_24,geo_cov_urb,2015,60.712
ita,sex_f,age_aggregate_y15_24,geo_cov_urb,2016,56.853
ita,sex_f,age_aggregate_y15_24,geo_cov_urb,2017,54.916
ita,sex_f,age_aggregate_y15_24,geo_cov_urb,2018,52.454
ita,sex_f,age_aggregate_y15_24,geo_cov_urb,2019,48.292
ita,sex_f,age_aggregate_y15_24,geo_cov_urb,2020,53.438
ita,sex_f,age_aggregate_y15_24,geo_cov_urb,2021,50.932
ita,sex_f,age_aggregate_y15_24,geo_cov_urb,2022,42.732
ita,sex_f,age_aggregate_y15_24,geo_cov_urb,2023,40.9
ita,sex_f,age_aggregate_y15_24,geo_cov_urb,2024,39.804
ita,sex_f,age_aggregate_y25_54,geo_cov_nat,2002,16.885
ita,sex_f,age_aggregate_y25_54,geo_cov_nat,2003,15.975
ita,sex_f,age_aggregate_y25_54,geo_cov_nat,2004,19.615
ita,sex_f,age_aggregate_y25_54,geo_cov_nat,2005,20.072
ita,sex_f,age_aggregate_y25_54,geo_cov_nat,2006,19.059
ita,sex_f,age_aggregate_y25_54,geo_cov_nat,2007,19.557
ita,sex_f,age_aggregate_y25_54,geo_cov_nat,2008,19.998
ita,sex_f,age_aggregate_y25_54,geo_cov_nat,2009,20.295
ita,sex_f,age_aggregate_y25_54,geo_cov_nat,2010,21.271
ita,sex_f,age_aggregate_y25_54,geo_cov_nat,2011,21.238
ita,sex_f,age_aggregate_y25_54,geo_cov_nat,2012,23.381
ita,sex_f,age_aggregate_y25_54,geo_cov_nat,2013,24.987
ita,sex_f,age_aggregate_y25_54,geo_cov_nat,2014,26.599
ita,sex_f,age_aggregate_y25_54,geo_cov_nat,2015,26.245
ita,sex_f,age_aggregate_y25_54,geo_cov_nat,2016,25.398
ita,sex_f,age_aggregate_y25_54,geo_cov_nat,2017,24.357
ita,sex_f,age_aggregate_y25_54,geo_cov_nat,2018,23.553
ita,sex_f,age_aggregate_y25_54,geo_cov_nat,2019,22.677
ita,sex_f,age_aggregate_y25_54,geo_cov_nat,2020,22.818
ita,sex_f,age_aggregate_y25_54,geo_cov_nat,2021,22.289
ita,sex_f,age_aggregate_y25_54,geo_cov_nat,2022,19.58
ita,sex_f,age_aggregate_y25_54,geo_cov_nat,2023,17.839
ita,sex_f,age_aggregate_y25_54,geo_cov_nat,2024,15.903
ita,sex_f,age_aggregate_y25_54,geo_cov_rur,2002,21.585
ita,sex_f,age_aggregate_y25_54,geo_cov_rur,2003,19.652
ita,sex_f,age_aggregate_y25_54,geo_cov_rur,2004,23.073
ita,sex_f,age_aggregate_y25_54,geo_cov_rur,2005,23.35
ita,sex_f,age_aggregate_y25_54,geo_cov_rur,2006,22.407
ita,sex_f,age_aggregate_y25_54,geo_cov_rur,2007,23.125
ita,sex_f,age_aggregate_y25_54,geo_cov_rur,2008,23.652
ita,sex_f,age_aggregate_y25_54,geo_cov_rur,2009,23.432
ita,sex_f,age_aggregate_y25_54,geo_cov_rur,2010,23.968
ita,sex_f,age_aggregate_y25_54,geo_cov_rur,2011,24.375
ita,sex_f,age_aggregate_y25_54,geo_cov_rur,2012,25.113
ita,sex_f,age_aggregate_y25_54,geo_cov_rur,2013,27.077
ita,sex_f,age_aggregate_y25_54,geo_cov_rur,2014,28.117
ita,sex_f,age_aggregate_y25_54,geo_cov_rur,2015,27.616
ita,sex_f,age_aggregate_y25_54,geo_cov_rur,2016,26.727
ita,sex_f,age_aggregate_y25_54,geo_cov_rur,2017,26.399
ita,sex_f,age_aggregate_y25_54,geo_cov_rur,2018,25.067
ita,sex_f,age_aggregate_y25_54,geo_cov_rur,2019,24.229
ita,sex_f,age_aggregate_y25_54,geo_cov_rur,2020,24.01
ita,sex_f,age_aggregate_y25_54,geo_cov_rur,2021,20.811
ita,sex_f,age_aggregate_y25_54,geo_cov_rur,2022,19.39
ita,sex_f,age_aggregate_y25_54,geo_cov_rur,2023,18.748
ita,sex_f,age_aggregate_y25_54,geo_cov_rur,2024,16.514
ita,sex_f,age_aggregate_y25_54,geo_cov_urb,2002,16.226
ita,sex_f,age_aggregate_y25_54,geo_cov_urb,2003,15.443
ita,sex_f,age_aggregate_y25_54,geo_cov_urb,2004,18.98
ita,sex_f,age_aggregate_y25_54,geo_cov_urb,2005,19.525
ita,sex_f,age_aggregate_y25_54,geo_cov_urb,2006,18.507
ita,sex_f,age_aggregate_y25_54,geo_cov_urb,2007,18.973
ita,sex_f,age_aggregate_y25_54,geo_cov_urb,2008,19.41
ita,sex_f,age_aggregate_y25_54,geo_cov_urb,2009,19.778
ita,sex_f,age_aggregate_y25_54,geo_cov_urb,2010,20.826
ita,sex_f,age_aggregate_y25_54,geo_cov_urb,2011,20.809
ita,sex_f,age_aggregate_y25_54,geo_cov_urb,2012,22.856
ita,sex_f,age_aggregate_y25_54,geo_cov_urb,2013,24.356
ita,sex_f,age_aggregate_y25_54,geo_cov_urb,2014,26.137
ita,sex_f,age_aggregate_y25_54,geo_cov_urb,2015,25.833
ita,sex_f,age_aggregate_y25_54,geo_cov_urb,2016,25.006
ita,sex_f,age_aggregate_y25_54,geo_cov_urb,2017,23.75
ita,sex_f,age_aggregate_y25_54,geo_cov_urb,2018,23.091
ita,sex_f,age_aggregate_y25_54,geo_cov_urb,2019,22.21
ita,sex_f,age_aggregate_y25_54,geo_cov_urb,2020,22.466
ita,sex_f,age_aggregate_y25_54,geo_cov_urb,2021,22.555
ita,sex_f,age_aggregate_y25_54,geo_cov_urb,2022,19.613
ita,sex_f,age_aggregate_y25_54,geo_cov_urb,2023,17.678
ita,sex_f,age_aggregate_y25_54,geo_cov_urb,2024,15.793
ita,sex_f,age_aggregate_y55_64,geo_cov_nat,2002,15.473
ita,sex_f,age_aggregate_y55_64,geo_cov_nat,2003,15.704
ita,sex_f,age_aggregate_y55_64,geo_cov_nat,2004,17.804
ita,sex_f,age_aggregate_y55_64,geo_cov_nat,2005,14.214
ita,sex_f,age_aggregate_y55_64,geo_cov_nat,2006,14.562
ita,sex_f,age_aggregate_y55_64,geo_cov_nat,2007,15.465
ita,sex_f,age_aggregate_y55_64,geo_cov_nat,2008,16.854
ita,sex_f,age_aggregate_y55_64,geo_cov_nat,2009,13.802
ita,sex_f,age_aggregate_y55_64,geo_cov_nat,2010,14.226
ita,sex_f,age_aggregate_y55_64,geo_cov_nat,2011,13.547
ita,sex_f,age_aggregate_y55_64,geo_cov_nat,2012,16.314
ita,sex_f,age_aggregate_y55_64,geo_cov_nat,2013,15.668
ita,sex_f,age_aggregate_y55_64,geo_cov_nat,2014,16.026
ita,sex_f,age_aggregate_y55_64,geo_cov_nat,2015,16.319
ita,sex_f,age_aggregate_y55_64,geo_cov_nat,2016,16.648
ita,sex_f,age_aggregate_y55_64,geo_cov_nat,2017,15.683
ita,sex_f,age_aggregate_y55_64,geo_cov_nat,2018,14.903
ita,sex_f,age_aggregate_y55_64,geo_cov_nat,2019,15.175
ita,sex_f,age_aggregate_y55_64,geo_cov_nat,2020,15.378
ita,sex_f,age_aggregate_y55_64,geo_cov_nat,2021,15.852
ita,sex_f,age_aggregate_y55_64,geo_cov_nat,2022,13.986
ita,sex_f,age_aggregate_y55_64,geo_cov_nat,2023,13.534
ita,sex_f,age_aggregate_y55_64,geo_cov_nat,2024,11.486
ita,sex_f,age_aggregate_y55_64,geo_cov_rur,2002,20.251
ita,sex_f,age_aggregate_y55_64,geo_cov_rur,2003,23.463
ita,sex_f,age_aggregate_y55_64,geo_cov_rur,2004,19.563
ita,sex_f,age_aggregate_y55_64,geo_cov_rur,2005,15.035
ita,sex_f,age_aggregate_y55_64,geo_cov_rur,2006,14.397
ita,sex_f,age_aggregate_y55_64,geo_cov_rur,2007,16.711
ita,sex_f,age_aggregate_y55_64,geo_cov_rur,2008,18.502
ita,sex_f,age_aggregate_y55_64,geo_cov_rur,2009,15.107
ita,sex_f,age_aggregate_y55_64,geo_cov_rur,2010,15.32
ita,sex_f,age_aggregate_y55_64,geo_cov_rur,2011,14.777
ita,sex_f,age_aggregate_y55_64,geo_cov_rur,2012,17.922
ita,sex_f,age_aggregate_y55_64,geo_cov_rur,2013,17.587
ita,sex_f,age_aggregate_y55_64,geo_cov_rur,2014,17.853
ita,sex_f,age_aggregate_y55_64,geo_cov_rur,2015,16.948
ita,sex_f,age_aggregate_y55_64,geo_cov_rur,2016,16.295
ita,sex_f,age_aggregate_y55_64,geo_cov_rur,2017,16.189
ita,sex_f,age_aggregate_y55_64,geo_cov_rur,2018,15.28
ita,sex_f,age_aggregate_y55_64,geo_cov_rur,2019,15.569
ita,sex_f,age_aggregate_y55_64,geo_cov_rur,2020,16.855
ita,sex_f,age_aggregate_y55_64,geo_cov_rur,2021,16.235
ita,sex_f,age_aggregate_y55_64,geo_cov_rur,2022,14.349
ita,sex_f,age_aggregate_y55_64,geo_cov_rur,2023,14.752
ita,sex_f,age_aggregate_y55_64,geo_cov_rur,2024,11.707
ita,sex_f,age_aggregate_y55_64,geo_cov_urb,2002,14.825
ita,sex_f,age_aggregate_y55_64,geo_cov_urb,2003,14.674
ita,sex_f,age_aggregate_y55_64,geo_cov_urb,2004,17.462
ita,sex_f,age_aggregate_y55_64,geo_cov_urb,2005,14.079
ita,sex_f,age_aggregate_y55_64,geo_cov_urb,2006,14.588
ita,sex_f,age_aggregate_y55_64,geo_cov_urb,2007,15.275
ita,sex_f,age_aggregate_y55_64,geo_cov_urb,2008,16.613
ita,sex_f,age_aggregate_y55_64,geo_cov_urb,2009,13.6
ita,sex_f,age_aggregate_y55_64,geo_cov_urb,2010,14.045
ita,sex_f,age_aggregate_y55_64,geo_cov_urb,2011,13.374
ita,sex_f,age_aggregate_y55_64,geo_cov_urb,2012,15.856
ita,sex_f,age_aggregate_y55_64,geo_cov_urb,2013,15.128
ita,sex_f,age_aggregate_y55_64,geo_cov_urb,2014,15.489
ita,sex_f,age_aggregate_y55_64,geo_cov_urb,2015,16.131
ita,sex_f,age_aggregate_y55_64,geo_cov_urb,2016,16.748
ita,sex_f,age_aggregate_y55_64,geo_cov_urb,2017,15.546
ita,sex_f,age_aggregate_y55_64,geo_cov_urb,2018,14.795
ita,sex_f,age_aggregate_y55_64,geo_cov_urb,2019,15.064
ita,sex_f,age_aggregate_y55_64,geo_cov_urb,2020,14.952
ita,sex_f,age_aggregate_y55_64,geo_cov_urb,2021,15.779
ita,sex_f,age_aggregate_y55_64,geo_cov_urb,2022,13.918
ita,sex_f,age_aggregate_y55_64,geo_cov_urb,2023,13.313
ita,sex_f,age_aggregate_y55_64,geo_cov_urb,2024,11.446
ita,sex_f,age_aggregate_yge65,geo_cov_nat,2002,28.923
ita,sex_f,age_aggregate_yge65,geo_cov_nat,2003,26.089
ita,sex_f,age_aggregate_yge65,geo_cov_nat,2004,2.708
ita,sex_f,age_aggregate_yge65,geo_cov_nat,2005,1.816
ita,sex_f,age_aggregate_yge65,geo_cov_nat,2006,2.678
ita,sex_f,age_aggregate_yge65,geo_cov_nat,2007,1.53
ita,sex_f,age_aggregate_yge65,geo_cov_nat,2008,3.297
ita,sex_f,age_aggregate_yge65,geo_cov_nat,2009,2.354
ita,sex_f,age_aggregate_yge65,geo_cov_nat,2010,1.217
ita,sex_f,age_aggregate_yge65,geo_cov_nat,2011,1.346
ita,sex_f,age_aggregate_yge65,geo_cov_nat,2012,3.536
ita,sex_f,age_aggregate_yge65,geo_cov_nat,2013,2.096
ita,sex_f,age_aggregate_yge65,geo_cov_nat,2014,1.432
ita,sex_f,age_aggregate_yge65,geo_cov_nat,2015,2.698
ita,sex_f,age_aggregate_yge65,geo_cov_nat,2016,3.079
ita,sex_f,age_aggregate_yge65,geo_cov_nat,2017,2.739
ita,sex_f,age_aggregate_yge65,geo_cov_nat,2018,2.737
ita,sex_f,age_aggregate_yge65,geo_cov_nat,2019,1.981
ita,sex_f,age_aggregate_yge65,geo_cov_nat,2020,2.011
ita,sex_f,age_aggregate_yge65,geo_cov_nat,2021,14.138
ita,sex_f,age_aggregate_yge65,geo_cov_nat,2022,13.76
ita,sex_f,age_aggregate_yge65,geo_cov_nat,2023,13.595
ita,sex_f,age_aggregate_yge65,geo_cov_nat,2024,10.775
ita,sex_f,age_aggregate_yge65,geo_cov_rur,2002,31.862
ita,sex_f,age_aggregate_yge65,geo_cov_rur,2003,21.31
ita,sex_f,age_aggregate_yge65,geo_cov_rur,2012,2.06
ita,sex_f,age_aggregate_yge65,geo_cov_rur,2013,2.485
ita,sex_f,age_aggregate_yge65,geo_cov_rur,2014,2.063
ita,sex_f,age_aggregate_yge65,geo_cov_rur,2015,1.135
ita,sex_f,age_aggregate_yge65,geo_cov_rur,2016,1.921
ita,sex_f,age_aggregate_yge65,geo_cov_rur,2017,1.864
ita,sex_f,age_aggregate_yge65,geo_cov_rur,2018,1.703
ita,sex_f,age_aggregate_yge65,geo_cov_rur,2019,2.108
ita,sex_f,age_aggregate_yge65,geo_cov_rur,2020,3.137
ita,sex_f,age_aggregate_yge65,geo_cov_rur,2021,12.266
ita,sex_f,age_aggregate_yge65,geo_cov_rur,2022,11.146
ita,sex_f,age_aggregate_yge65,geo_cov_rur,2023,9.764
ita,sex_f,age_aggregate_yge65,geo_cov_rur,2024,9.789
ita,sex_f,age_aggregate_yge65,geo_cov_urb,2002,28.43
ita,sex_f,age_aggregate_yge65,geo_cov_urb,2003,26.958
ita,sex_f,age_aggregate_yge65,geo_cov_urb,2005,2.063
ita,sex_f,age_aggregate_yge65,geo_cov_urb,2006,3.055
ita,sex_f,age_aggregate_yge65,geo_cov_urb,2007,1.717
ita,sex_f,age_aggregate_yge65,geo_cov_urb,2008,3.823
ita,sex_f,age_aggregate_yge65,geo_cov_urb,2009,2.704
ita,sex_f,age_aggregate_yge65,geo_cov_urb,2010,1.144
ita,sex_f,age_aggregate_yge65,geo_cov_urb,2011,1.529
ita,sex_f,age_aggregate_yge65,geo_cov_urb,2012,3.963
ita,sex_f,age_aggregate_yge65,geo_cov_urb,2013,1.997
ita,sex_f,age_aggregate_yge65,geo_cov_urb,2014,1.224
ita,sex_f,age_aggregate_yge65,geo_cov_urb,2015,3.223
ita,sex_f,age_aggregate_yge65,geo_cov_urb,2016,3.425
ita,sex_f,age_aggregate_yge65,geo_cov_urb,2017,2.96
ita,sex_f,age_aggregate_yge65,geo_cov_urb,2018,3.007
ita,sex_f,age_aggregate_yge65,geo_cov_urb,2019,1.944
ita,sex_f,age_aggregate_yge65,geo_cov_urb,2020,1.669
ita,sex_f,age_aggregate_yge65,geo_cov_urb,2021,14.473
ita,sex_f,age_aggregate_yge65,geo_cov_urb,2022,14.241
ita,sex_f,age_aggregate_yge65,geo_cov_urb,2023,14.3
ita,sex_f,age_aggregate_yge65,geo_cov_urb,2024,10.969
ita,sex_f,age_ythadult_y15_24,geo_cov_nat,2002,41.941
ita,sex_f,age_ythadult_y15_24,geo_cov_nat,2003,41.034
ita,sex_f,age_ythadult_y15_24,geo_cov_nat,2004,45.275
ita,sex_f,age_ythadult_y15_24,geo_cov_nat,2005,44.042
ita,sex_f,age_ythadult_y15_24,geo_cov_nat,2006,43.736
ita,sex_f,age_ythadult_y15_24,geo_cov_nat,2007,44.985
ita,sex_f,age_ythadult_y15_24,geo_cov_nat,2008,46.009
ita,sex_f,age_ythadult_y15_24,geo_cov_nat,2009,48.841
ita,sex_f,age_ythadult_y15_24,geo_cov_nat,2010,49.452
ita,sex_f,age_ythadult_y15_24,geo_cov_nat,2011,51.742
ita,sex_f,age_ythadult_y15_24,geo_cov_nat,2012,55.132
ita,sex_f,age_ythadult_y15_24,geo_cov_nat,2013,57.513
ita,sex_f,age_ythadult_y15_24,geo_cov_nat,2014,60.282
ita,sex_f,age_ythadult_y15_24,geo_cov_nat,2015,59.705
ita,sex_f,age_ythadult_y15_24,geo_cov_nat,2016,55.861
ita,sex_f,age_ythadult_y15_24,geo_cov_nat,2017,53.615
ita,sex_f,age_ythadult_y15_24,geo_cov_nat,2018,51.538
ita,sex_f,age_ythadult_y15_24,geo_cov_nat,2019,47.989
ita,sex_f,age_ythadult_y15_24,geo_cov_nat,2020,52.183
ita,sex_f,age_ythadult_y15_24,geo_cov_nat,2021,50.178
ita,sex_f,age_ythadult_y15_24,geo_cov_nat,2022,41.711
ita,sex_f,age_ythadult_y15_24,geo_cov_nat,2023,40.032
ita,sex_f,age_ythadult_y15_24,geo_cov_nat,2024,38.932
ita,sex_f,age_ythadult_y15_24,geo_cov_rur,2002,41.305
ita,sex_f,age_ythadult_y15_24,geo_cov_rur,2003,44.337
ita,sex_f,age_ythadult_y15_24,geo_cov_rur,2004,48.797
ita,sex_f,age_ythadult_y15_24,geo_cov_rur,2005,46.794
ita,sex_f,age_ythadult_y15_24,geo_cov_rur,2006,46.679
ita,sex_f,age_ythadult_y15_24,geo_cov_rur,2007,45.915
ita,sex_f,age_ythadult_y15_24,geo_cov_rur,2008,47.434
ita,sex_f,age_ythadult_y15_24,geo_cov_rur,2009,49.956
ita,sex_f,age_ythadult_y15_24,geo_cov_rur,2010,45.356
ita,sex_f,age_ythadult_y15_24,geo_cov_rur,2011,53.776
ita,sex_f,age_ythadult_y15_24,geo_cov_rur,2012,54.981
ita,sex_f,age_ythadult_y15_24,geo_cov_rur,2013,57.502
ita,sex_f,age_ythadult_y15_24,geo_cov_rur,2014,61.291
ita,sex_f,age_ythadult_y15_24,geo_cov_rur,2015,56.628
ita,sex_f,age_ythadult_y15_24,geo_cov_rur,2016,52.76
ita,sex_f,age_ythadult_y15_24,geo_cov_rur,2017,49.628
ita,sex_f,age_ythadult_y15_24,geo_cov_rur,2018,48.96
ita,sex_f,age_ythadult_y15_24,geo_cov_rur,2019,47.061
ita,sex_f,age_ythadult_y15_24,geo_cov_rur,2020,48.269
ita,sex_f,age_ythadult_y15_24,geo_cov_rur,2021,46.022
ita,sex_f,age_ythadult_y15_24,geo_cov_rur,2022,36.505
ita,sex_f,age_ythadult_y15_24,geo_cov_rur,2023,35.212
ita,sex_f,age_ythadult_y15_24,geo_cov_rur,2024,34.238
ita,sex_f,age_ythadult_y15_24,geo_cov_urb,2002,42.037
ita,sex_f,age_ythadult_y15_24,geo_cov_urb,2003,40.509
ita,sex_f,age_ythadult_y15_24,geo_cov_urb,2004,44.526
ita,sex_f,age_ythadult_y15_24,geo_cov_urb,2005,43.528
ita,sex_f,age_ythadult_y15_24,geo_cov_urb,2006,43.208
ita,sex_f,age_ythadult_y15_24,geo_cov_urb,2007,44.804
ita,sex_f,age_ythadult_y15_24,geo_cov_urb,2008,45.742
ita,sex_f,age_ythadult_y15_24,geo_cov_urb,2009,48.632
ita,sex_f,age_ythadult_y15_24,geo_cov_urb,2010,50.241
ita,sex_f,age_ythadult_y15_24,geo_cov_urb,2011,51.412
ita,sex_f,age_ythadult_y15_24,geo_cov_urb,2012,55.187
ita,sex_f,age_ythadult_y15_24,geo_cov_urb,2013,57.516
ita,sex_f,age_ythadult_y15_24,geo_cov_urb,2014,59.943
ita,sex_f,age_ythadult_y15_24,geo_cov_urb,2015,60.712
ita,sex_f,age_ythadult_y15_24,geo_cov_urb,2016,56.853
ita,sex_f,age_ythadult_y15_24,geo_cov_urb,2017,54.916
ita,sex_f,age_ythadult_y15_24,geo_cov_urb,2018,52.454
ita,sex_f,age_ythadult_y15_24,geo_cov_urb,2019,48.292
ita,sex_f,age_ythadult_y15_24,geo_cov_urb,2020,53.438
ita,sex_f,age_ythadult_y15_24,geo_cov_urb,2021,50.932
ita,sex_f,age_ythadult_y15_24,geo_cov_urb,2022,42.732
ita,sex_f,age_ythadult_y15_24,geo_cov_urb,2023,40.9
ita,sex_f,age_ythadult_y15_24,geo_cov_urb,2024,39.804
ita,sex_f,age_ythadult_y15_64,geo_cov_nat,2002,19.661
ita,sex_f,age_ythadult_y15_64,geo_cov_nat,2003,18.712
ita,sex_f,age_ythadult_y15_64,geo_cov_nat,2004,22.303
ita,sex_f,age_ythadult_y15_64,geo_cov_nat,2005,21.954
ita,sex_f,age_ythadult_y15_64,geo_cov_nat,2006,20.958
ita,sex_f,age_ythadult_y15_64,geo_cov_nat,2007,21.486
ita,sex_f,age_ythadult_y15_64,geo_cov_nat,2008,22.008
ita,sex_f,age_ythadult_y15_64,geo_cov_nat,2009,22.056
ita,sex_f,age_ythadult_y15_64,geo_cov_nat,2010,22.841
ita,sex_f,age_ythadult_y15_64,geo_cov_nat,2011,22.829
ita,sex_f,age_ythadult_y15_64,geo_cov_nat,2012,25.065
ita,sex_f,age_ythadult_y15_64,geo_cov_nat,2013,26.299
ita,sex_f,age_ythadult_y15_64,geo_cov_nat,2014,27.657
ita,sex_f,age_ythadult_y15_64,geo_cov_nat,2015,27.193
ita,sex_f,age_ythadult_y15_64,geo_cov_nat,2016,26.219
ita,sex_f,age_ythadult_y15_64,geo_cov_nat,2017,24.917
ita,sex_f,age_ythadult_y15_64,geo_cov_nat,2018,23.919
ita,sex_f,age_ythadult_y15_64,geo_cov_nat,2019,22.991
ita,sex_f,age_ythadult_y15_64,geo_cov_nat,2020,23.237
ita,sex_f,age_ythadult_y15_64,geo_cov_nat,2021,22.806
ita,sex_f,age_ythadult_y15_64,geo_cov_nat,2022,19.891
ita,sex_f,age_ythadult_y15_64,geo_cov_nat,2023,18.341
ita,sex_f,age_ythadult_y15_64,geo_cov_nat,2024,16.31
ita,sex_f,age_ythadult_y15_64,geo_cov_rur,2002,23.888
ita,sex_f,age_ythadult_y15_64,geo_cov_rur,2003,22.847
ita,sex_f,age_ythadult_y15_64,geo_cov_rur,2004,25.945
ita,sex_f,age_ythadult_y15_64,geo_cov_rur,2005,25.214
ita,sex_f,age_ythadult_y15_64,geo_cov_rur,2006,24.159
ita,sex_f,age_ythadult_y15_64,geo_cov_rur,2007,24.957
ita,sex_f,age_ythadult_y15_64,geo_cov_rur,2008,25.606
ita,sex_f,age_ythadult_y15_64,geo_cov_rur,2009,25.137
ita,sex_f,age_ythadult_y15_64,geo_cov_rur,2010,25.061
ita,sex_f,age_ythadult_y15_64,geo_cov_rur,2011,25.994
ita,sex_f,age_ythadult_y15_64,geo_cov_rur,2012,27.007
ita,sex_f,age_ythadult_y15_64,geo_cov_rur,2013,28.491
ita,sex_f,age_ythadult_y15_64,geo_cov_rur,2014,29.406
ita,sex_f,age_ythadult_y15_64,geo_cov_rur,2015,28.286
ita,sex_f,age_ythadult_y15_64,geo_cov_rur,2016,27.153
ita,sex_f,age_ythadult_y15_64,geo_cov_rur,2017,26.533
ita,sex_f,age_ythadult_y15_64,geo_cov_rur,2018,25.244
ita,sex_f,age_ythadult_y15_64,geo_cov_rur,2019,24.344
ita,sex_f,age_ythadult_y15_64,geo_cov_rur,2020,24.288
ita,sex_f,age_ythadult_y15_64,geo_cov_rur,2021,21.491
ita,sex_f,age_ythadult_y15_64,geo_cov_rur,2022,19.529
ita,sex_f,age_ythadult_y15_64,geo_cov_rur,2023,18.95
ita,sex_f,age_ythadult_y15_64,geo_cov_rur,2024,16.559
ita,sex_f,age_ythadult_y15_64,geo_cov_urb,2002,19.064
ita,sex_f,age_ythadult_y15_64,geo_cov_urb,2003,18.112
ita,sex_f,age_ythadult_y15_64,geo_cov_urb,2004,21.62
ita,sex_f,age_ythadult_y15_64,geo_cov_urb,2005,21.406
ita,sex_f,age_ythadult_y15_64,geo_cov_urb,2006,20.428
ita,sex_f,age_ythadult_y15_64,geo_cov_urb,2007,20.911
ita,sex_f,age_ythadult_y15_64,geo_cov_urb,2008,21.426
ita,sex_f,age_ythadult_y15_64,geo_cov_urb,2009,21.546
ita,sex_f,age_ythadult_y15_64,geo_cov_urb,2010,22.47
ita,sex_f,age_ythadult_y15_64,geo_cov_urb,2011,22.389
ita,sex_f,age_ythadult_y15_64,geo_cov_urb,2012,24.471
ita,sex_f,age_ythadult_y15_64,geo_cov_urb,2013,25.636
ita,sex_f,age_ythadult_y15_64,geo_cov_urb,2014,27.123
ita,sex_f,age_ythadult_y15_64,geo_cov_urb,2015,26.863
ita,sex_f,age_ythadult_y15_64,geo_cov_urb,2016,25.944
ita,sex_f,age_ythadult_y15_64,geo_cov_urb,2017,24.441
ita,sex_f,age_ythadult_y15_64,geo_cov_urb,2018,23.516
ita,sex_f,age_ythadult_y15_64,geo_cov_urb,2019,22.586
ita,sex_f,age_ythadult_y15_64,geo_cov_urb,2020,22.926
ita,sex_f,age_ythadult_y15_64,geo_cov_urb,2021,23.044
ita,sex_f,age_ythadult_y15_64,geo_cov_urb,2022,19.957
ita,sex_f,age_ythadult_y15_64,geo_cov_urb,2023,18.233
ita,sex_f,age_ythadult_y15_64,geo_cov_urb,2024,16.265
ita,sex_f,age_ythadult_yge15,geo_cov_nat,2002,19.757
ita,sex_f,age_ythadult_yge15,geo_cov_nat,2003,18.794
ita,sex_f,age_ythadult_yge15,geo_cov_nat,2004,22.158
ita,sex_f,age_ythadult_yge15,geo_cov_nat,2005,21.827
ita,sex_f,age_ythadult_yge15,geo_cov_nat,2006,20.831
ita,sex_f,age_ythadult_yge15,geo_cov_nat,2007,21.344
ita,sex_f,age_ythadult_yge15,geo_cov_nat,2008,21.871
ita,sex_f,age_ythadult_yge15,geo_cov_nat,2009,21.909
ita,sex_f,age_ythadult_yge15,geo_cov_nat,2010,22.677
ita,sex_f,age_ythadult_yge15,geo_cov_nat,2011,22.66
ita,sex_f,age_ythadult_yge15,geo_cov_nat,2012,24.894
ita,sex_f,age_ythadult_yge15,geo_cov_nat,2013,26.093
ita,sex_f,age_ythadult_yge15,geo_cov_nat,2014,27.421
ita,sex_f,age_ythadult_yge15,geo_cov_nat,2015,26.948
ita,sex_f,age_ythadult_yge15,geo_cov_nat,2016,25.966
ita,sex_f,age_ythadult_yge15,geo_cov_nat,2017,24.626
ita,sex_f,age_ythadult_yge15,geo_cov_nat,2018,23.596
ita,sex_f,age_ythadult_yge15,geo_cov_nat,2019,22.633
ita,sex_f,age_ythadult_yge15,geo_cov_nat,2020,22.848
ita,sex_f,age_ythadult_yge15,geo_cov_nat,2021,22.625
ita,sex_f,age_ythadult_yge15,geo_cov_nat,2022,19.762
ita,sex_f,age_ythadult_yge15,geo_cov_nat,2023,18.229
ita,sex_f,age_ythadult_yge15,geo_cov_nat,2024,16.17
ita,sex_f,age_ythadult_yge15,geo_cov_rur,2002,23.984
ita,sex_f,age_ythadult_yge15,geo_cov_rur,2003,22.827
ita,sex_f,age_ythadult_yge15,geo_cov_rur,2004,25.765
ita,sex_f,age_ythadult_yge15,geo_cov_rur,2005,25.046
ita,sex_f,age_ythadult_yge15,geo_cov_rur,2006,23.967
ita,sex_f,age_ythadult_yge15,geo_cov_rur,2007,24.793
ita,sex_f,age_ythadult_yge15,geo_cov_rur,2008,25.42
ita,sex_f,age_ythadult_yge15,geo_cov_rur,2009,24.922
ita,sex_f,age_ythadult_yge15,geo_cov_rur,2010,24.865
ita,sex_f,age_ythadult_yge15,geo_cov_rur,2011,25.788
ita,sex_f,age_ythadult_yge15,geo_cov_rur,2012,26.817
ita,sex_f,age_ythadult_yge15,geo_cov_rur,2013,28.298
ita,sex_f,age_ythadult_yge15,geo_cov_rur,2014,29.146
ita,sex_f,age_ythadult_yge15,geo_cov_rur,2015,27.991
ita,sex_f,age_ythadult_yge15,geo_cov_rur,2016,26.874
ita,sex_f,age_ythadult_yge15,geo_cov_rur,2017,26.245
ita,sex_f,age_ythadult_yge15,geo_cov_rur,2018,24.924
ita,sex_f,age_ythadult_yge15,geo_cov_rur,2019,23.969
ita,sex_f,age_ythadult_yge15,geo_cov_rur,2020,23.892
ita,sex_f,age_ythadult_yge15,geo_cov_rur,2021,21.3
ita,sex_f,age_ythadult_yge15,geo_cov_rur,2022,19.35
ita,sex_f,age_ythadult_yge15,geo_cov_rur,2023,18.728
ita,sex_f,age_ythadult_yge15,geo_cov_rur,2024,16.376
ita,sex_f,age_ythadult_yge15,geo_cov_urb,2002,19.16
ita,sex_f,age_ythadult_yge15,geo_cov_urb,2003,18.206
ita,sex_f,age_ythadult_yge15,geo_cov_urb,2004,21.481
ita,sex_f,age_ythadult_yge15,geo_cov_urb,2005,21.285
ita,sex_f,age_ythadult_yge15,geo_cov_urb,2006,20.311
ita,sex_f,age_ythadult_yge15,geo_cov_urb,2007,20.773
ita,sex_f,age_ythadult_yge15,geo_cov_urb,2008,21.296
ita,sex_f,age_ythadult_yge15,geo_cov_urb,2009,21.41
ita,sex_f,age_ythadult_yge15,geo_cov_urb,2010,22.311
ita,sex_f,age_ythadult_yge15,geo_cov_urb,2011,22.226
ita,sex_f,age_ythadult_yge15,geo_cov_urb,2012,24.306
ita,sex_f,age_ythadult_yge15,geo_cov_urb,2013,25.427
ita,sex_f,age_ythadult_yge15,geo_cov_urb,2014,26.894
ita,sex_f,age_ythadult_yge15,geo_cov_urb,2015,26.632
ita,sex_f,age_ythadult_yge15,geo_cov_urb,2016,25.698
ita,sex_f,age_ythadult_yge15,geo_cov_urb,2017,24.15
ita,sex_f,age_ythadult_yge15,geo_cov_urb,2018,23.192
ita,sex_f,age_ythadult_yge15,geo_cov_urb,2019,22.233
ita,sex_f,age_ythadult_yge15,geo_cov_urb,2020,22.539
ita,sex_f,age_ythadult_yge15,geo_cov_urb,2021,22.865
ita,sex_f,age_ythadult_yge15,geo_cov_urb,2022,19.837
ita,sex_f,age_ythadult_yge15,geo_cov_urb,2023,18.14
ita,sex_f,age_ythadult_yge15,geo_cov_urb,2024,16.133
ita,sex_f,age_ythadult_yge25,geo_cov_nat,2002,16.917
ita,sex_f,age_ythadult_yge25,geo_cov_nat,2003,16.078
ita,sex_f,age_ythadult_yge25,geo_cov_nat,2004,19.326
ita,sex_f,age_ythadult_yge25,geo_cov_nat,2005,19.442
ita,sex_f,age_ythadult_yge25,geo_cov_nat,2006,18.532
ita,sex_f,age_ythadult_yge25,geo_cov_nat,2007,19.032
ita,sex_f,age_ythadult_yge25,geo_cov_nat,2008,19.557
ita,sex_f,age_ythadult_yge25,geo_cov_nat,2009,19.491
ita,sex_f,age_ythadult_yge25,geo_cov_nat,2010,20.36
ita,sex_f,age_ythadult_yge25,geo_cov_nat,2011,20.194
ita,sex_f,age_ythadult_yge25,geo_cov_nat,2012,22.333
ita,sex_f,age_ythadult_yge25,geo_cov_nat,2013,23.546
ita,sex_f,age_ythadult_yge25,geo_cov_nat,2014,24.844
ita,sex_f,age_ythadult_yge25,geo_cov_nat,2015,24.506
ita,sex_f,age_ythadult_yge25,geo_cov_nat,2016,23.743
ita,sex_f,age_ythadult_yge25,geo_cov_nat,2017,22.571
ita,sex_f,age_ythadult_yge25,geo_cov_nat,2018,21.657
ita,sex_f,age_ythadult_yge25,geo_cov_nat,2019,20.889
ita,sex_f,age_ythadult_yge25,geo_cov_nat,2020,20.951
ita,sex_f,age_ythadult_yge25,geo_cov_nat,2021,20.818
ita,sex_f,age_ythadult_yge25,geo_cov_nat,2022,18.288
ita,sex_f,age_ythadult_yge25,geo_cov_nat,2023,16.795
ita,sex_f,age_ythadult_yge25,geo_cov_nat,2024,14.787
ita,sex_f,age_ythadult_yge25,geo_cov_rur,2002,21.626
ita,sex_f,age_ythadult_yge25,geo_cov_rur,2003,19.967
ita,sex_f,age_ythadult_yge25,geo_cov_rur,2004,22.591
ita,sex_f,age_ythadult_yge25,geo_cov_rur,2005,22.47
ita,sex_f,age_ythadult_yge25,geo_cov_rur,2006,21.515
ita,sex_f,age_ythadult_yge25,geo_cov_rur,2007,22.385
ita,sex_f,age_ythadult_yge25,geo_cov_rur,2008,22.995
ita,sex_f,age_ythadult_yge25,geo_cov_rur,2009,22.407
ita,sex_f,age_ythadult_yge25,geo_cov_rur,2010,22.848
ita,sex_f,age_ythadult_yge25,geo_cov_rur,2011,23.046
ita,sex_f,age_ythadult_yge25,geo_cov_rur,2012,24.063
ita,sex_f,age_ythadult_yge25,geo_cov_rur,2013,25.683
ita,sex_f,age_ythadult_yge25,geo_cov_rur,2014,26.415
ita,sex_f,age_ythadult_yge25,geo_cov_rur,2015,25.715
ita,sex_f,age_ythadult_yge25,geo_cov_rur,2016,24.816
ita,sex_f,age_ythadult_yge25,geo_cov_rur,2017,24.441
ita,sex_f,age_ythadult_yge25,geo_cov_rur,2018,23.032
ita,sex_f,age_ythadult_yge25,geo_cov_rur,2019,22.264
ita,sex_f,age_ythadult_yge25,geo_cov_rur,2020,22.21
ita,sex_f,age_ythadult_yge25,geo_cov_rur,2021,19.678
ita,sex_f,age_ythadult_yge25,geo_cov_rur,2022,18.115
ita,sex_f,age_ythadult_yge25,geo_cov_rur,2023,17.634
ita,sex_f,age_ythadult_yge25,geo_cov_rur,2024,15.265
ita,sex_f,age_ythadult_yge25,geo_cov_urb,2002,16.257
ita,sex_f,age_ythadult_yge25,geo_cov_urb,2003,15.517
ita,sex_f,age_ythadult_yge25,geo_cov_urb,2004,18.724
ita,sex_f,age_ythadult_yge25,geo_cov_urb,2005,18.938
ita,sex_f,age_ythadult_yge25,geo_cov_urb,2006,18.041
ita,sex_f,age_ythadult_yge25,geo_cov_urb,2007,18.487
ita,sex_f,age_ythadult_yge25,geo_cov_urb,2008,19.009
ita,sex_f,age_ythadult_yge25,geo_cov_urb,2009,19.012
ita,sex_f,age_ythadult_yge25,geo_cov_urb,2010,19.948
ita,sex_f,age_ythadult_yge25,geo_cov_urb,2011,19.803
ita,sex_f,age_ythadult_yge25,geo_cov_urb,2012,21.812
ita,sex_f,age_ythadult_yge25,geo_cov_urb,2013,22.907
ita,sex_f,age_ythadult_yge25,geo_cov_urb,2014,24.367
ita,sex_f,age_ythadult_yge25,geo_cov_urb,2015,24.142
ita,sex_f,age_ythadult_yge25,geo_cov_urb,2016,23.429
ita,sex_f,age_ythadult_yge25,geo_cov_urb,2017,22.026
ita,sex_f,age_ythadult_yge25,geo_cov_urb,2018,21.244
ita,sex_f,age_ythadult_yge25,geo_cov_urb,2019,20.48
ita,sex_f,age_ythadult_yge25,geo_cov_urb,2020,20.581
ita,sex_f,age_ythadult_yge25,geo_cov_urb,2021,21.025
ita,sex_f,age_ythadult_yge25,geo_cov_urb,2022,18.319
ita,sex_f,age_ythadult_yge25,geo_cov_urb,2023,16.645
ita,sex_f,age_ythadult_yge25,geo_cov_urb,2024,14.701
ita,sex_m,age_aggregate_total,geo_cov_nat,2002,9.043
ita,sex_m,age_aggregate_total,geo_cov_nat,2003,8.871
ita,sex_m,age_aggregate_total,geo_cov_nat,2004,10.298
ita,sex_m,age_aggregate_total,geo_cov_nat,2005,10.594
ita,sex_m,age_aggregate_total,geo_cov_nat,2006,10.035
ita,sex_m,age_aggregate_total,geo_cov_nat,2007,10.265
ita,sex_m,age_aggregate_total,geo_cov_nat,2008,11.126
ita,sex_m,age_aggregate_total,geo_cov_nat,2009,12.619
ita,sex_m,age_aggregate_total,geo_cov_nat,2010,13.822
ita,sex_m,age_aggregate_total,geo_cov_nat,2011,14.383
ita,sex_m,age_aggregate_total,geo_cov_nat,2012,16.238
ita,sex_m,age_aggregate_total,geo_cov_nat,2013,18.247
ita,sex_m,age_aggregate_total,geo_cov_nat,2014,19.292
ita,sex_m,age_aggregate_total,geo_cov_nat,2015,18.942
ita,sex_m,age_aggregate_total,geo_cov_nat,2016,18.201
ita,sex_m,age_aggregate_total,geo_cov_nat,2017,17.334
ita,sex_m,age_aggregate_total,geo_cov_nat,2018,16.5
ita,sex_m,age_aggregate_total,geo_cov_nat,2019,15.822
ita,sex_m,age_aggregate_total,geo_cov_nat,2020,16.008
ita,sex_m,age_aggregate_total,geo_cov_nat,2021,16.054
ita,sex_m,age_aggregate_total,geo_cov_nat,2022,13.541
ita,sex_m,age_aggregate_total,geo_cov_nat,2023,12.393
ita,sex_m,age_aggregate_total,geo_cov_nat,2024,11.334
ita,sex_m,age_aggregate_total,geo_cov_rur,2002,9.959
ita,sex_m,age_aggregate_total,geo_cov_rur,2003,10.228
ita,sex_m,age_aggregate_total,geo_cov_rur,2004,11.562
ita,sex_m,age_aggregate_total,geo_cov_rur,2005,11.704
ita,sex_m,age_aggregate_total,geo_cov_rur,2006,10.799
ita,sex_m,age_aggregate_total,geo_cov_rur,2007,11.044
ita,sex_m,age_aggregate_total,geo_cov_rur,2008,11.451
ita,sex_m,age_aggregate_total,geo_cov_rur,2009,13.154
ita,sex_m,age_aggregate_total,geo_cov_rur,2010,14.962
ita,sex_m,age_aggregate_total,geo_cov_rur,2011,15.715
ita,sex_m,age_aggregate_total,geo_cov_rur,2012,15.733
ita,sex_m,age_aggregate_total,geo_cov_rur,2013,18.474
ita,sex_m,age_aggregate_total,geo_cov_rur,2014,18.998
ita,sex_m,age_aggregate_total,geo_cov_rur,2015,18.706
ita,sex_m,age_aggregate_total,geo_cov_rur,2016,18.192
ita,sex_m,age_aggregate_total,geo_cov_rur,2017,17.547
ita,sex_m,age_aggregate_total,geo_cov_rur,2018,16.501
ita,sex_m,age_aggregate_total,geo_cov_rur,2019,15.501
ita,sex_m,age_aggregate_total,geo_cov_rur,2020,15.165
ita,sex_m,age_aggregate_total,geo_cov_rur,2021,13.74
ita,sex_m,age_aggregate_total,geo_cov_rur,2022,12.451
ita,sex_m,age_aggregate_total,geo_cov_rur,2023,11.767
ita,sex_m,age_aggregate_total,geo_cov_rur,2024,10.147
ita,sex_m,age_aggregate_total,geo_cov_urb,2002,8.907
ita,sex_m,age_aggregate_total,geo_cov_urb,2003,8.658
ita,sex_m,age_aggregate_total,geo_cov_urb,2004,10.044
ita,sex_m,age_aggregate_total,geo_cov_urb,2005,10.396
ita,sex_m,age_aggregate_total,geo_cov_urb,2006,9.901
ita,sex_m,age_aggregate_total,geo_cov_urb,2007,10.132
ita,sex_m,age_aggregate_total,geo_cov_urb,2008,11.071
ita,sex_m,age_aggregate_total,geo_cov_urb,2009,12.526
ita,sex_m,age_aggregate_total,geo_cov_urb,2010,13.622
ita,sex_m,age_aggregate_total,geo_cov_urb,2011,14.185
ita,sex_m,age_aggregate_total,geo_cov_urb,2012,16.403
ita,sex_m,age_aggregate_total,geo_cov_urb,2013,18.173
ita,sex_m,age_aggregate_total,geo_cov_urb,2014,19.388
ita,sex_m,age_aggregate_total,geo_cov_urb,2015,19.019
ita,sex_m,age_aggregate_total,geo_cov_urb,2016,18.204
ita,sex_m,age_aggregate_total,geo_cov_urb,2017,17.266
ita,sex_m,age_aggregate_total,geo_cov_urb,2018,16.5
ita,sex_m,age_aggregate_total,geo_cov_urb,2019,15.925
ita,sex_m,age_aggregate_total,geo_cov_urb,2020,16.278
ita,sex_m,age_aggregate_total,geo_cov_urb,2021,16.513
ita,sex_m,age_aggregate_total,geo_cov_urb,2022,13.753
ita,sex_m,age_aggregate_total,geo_cov_urb,2023,12.514
ita,sex_m,age_aggregate_total,geo_cov_urb,2024,11.558
ita,sex_m,age_aggregate_y15_24,geo_cov_nat,2002,30.508
ita,sex_m,age_aggregate_y15_24,geo_cov_nat,2003,30.84
ita,sex_m,age_aggregate_y15_24,geo_cov_nat,2004,33.508
ita,sex_m,age_aggregate_y15_24,geo_cov_nat,2005,33.991
ita,sex_m,age_aggregate_y15_24,geo_cov_nat,2006,33.324
ita,sex_m,age_aggregate_y15_24,geo_cov_nat,2007,34.765
ita,sex_m,age_aggregate_y15_24,geo_cov_nat,2008,35.292
ita,sex_m,age_aggregate_y15_24,geo_cov_nat,2009,38.749
ita,sex_m,age_aggregate_y15_24,geo_cov_nat,2010,42.429
ita,sex_m,age_aggregate_y15_24,geo_cov_nat,2011,44.332
ita,sex_m,age_aggregate_y15_24,geo_cov_nat,2012,48.528
ita,sex_m,age_aggregate_y15_24,geo_cov_nat,2013,53.368
ita,sex_m,age_aggregate_y15_24,geo_cov_nat,2014,55.331
ita,sex_m,age_aggregate_y15_24,geo_cov_nat,2015,53.008
ita,sex_m,age_aggregate_y15_24,geo_cov_nat,2016,50.647
ita,sex_m,age_aggregate_y15_24,geo_cov_nat,2017,47.816
ita,sex_m,age_aggregate_y15_24,geo_cov_nat,2018,45.102
ita,sex_m,age_aggregate_y15_24,geo_cov_nat,2019,42.796
ita,sex_m,age_aggregate_y15_24,geo_cov_nat,2020,44.623
ita,sex_m,age_aggregate_y15_24,geo_cov_nat,2021,42.169
ita,sex_m,age_aggregate_y15_24,geo_cov_nat,2022,36.083
ita,sex_m,age_aggregate_y15_24,geo_cov_nat,2023,33.67
ita,sex_m,age_aggregate_y15_24,geo_cov_nat,2024,31.834
ita,sex_m,age_aggregate_y15_24,geo_cov_rur,2002,30.281
ita,sex_m,age_aggregate_y15_24,geo_cov_rur,2003,31.957
ita,sex_m,age_aggregate_y15_24,geo_cov_rur,2004,34.968
ita,sex_m,age_aggregate_y15_24,geo_cov_rur,2005,35.084
ita,sex_m,age_aggregate_y15_24,geo_cov_rur,2006,33.92
ita,sex_m,age_aggregate_y15_24,geo_cov_rur,2007,32.904
ita,sex_m,age_aggregate_y15_24,geo_cov_rur,2008,32.078
ita,sex_m,age_aggregate_y15_24,geo_cov_rur,2009,36.597
ita,sex_m,age_aggregate_y15_24,geo_cov_rur,2010,42.578
ita,sex_m,age_aggregate_y15_24,geo_cov_rur,2011,44.68
ita,sex_m,age_aggregate_y15_24,geo_cov_rur,2012,43.977
ita,sex_m,age_aggregate_y15_24,geo_cov_rur,2013,50.663
ita,sex_m,age_aggregate_y15_24,geo_cov_rur,2014,51.681
ita,sex_m,age_aggregate_y15_24,geo_cov_rur,2015,48.73
ita,sex_m,age_aggregate_y15_24,geo_cov_rur,2016,48.351
ita,sex_m,age_aggregate_y15_24,geo_cov_rur,2017,45.387
ita,sex_m,age_aggregate_y15_24,geo_cov_rur,2018,42.316
ita,sex_m,age_aggregate_y15_24,geo_cov_rur,2019,38.714
ita,sex_m,age_aggregate_y15_24,geo_cov_rur,2020,38.961
ita,sex_m,age_aggregate_y15_24,geo_cov_rur,2021,32.674
ita,sex_m,age_aggregate_y15_24,geo_cov_rur,2022,31.757
ita,sex_m,age_aggregate_y15_24,geo_cov_rur,2023,28.586
ita,sex_m,age_aggregate_y15_24,geo_cov_rur,2024,26.454
ita,sex_m,age_aggregate_y15_24,geo_cov_urb,2002,30.545
ita,sex_m,age_aggregate_y15_24,geo_cov_urb,2003,30.635
ita,sex_m,age_aggregate_y15_24,geo_cov_urb,2004,33.169
ita,sex_m,age_aggregate_y15_24,geo_cov_urb,2005,33.768
ita,sex_m,age_aggregate_y15_24,geo_cov_urb,2006,33.204
ita,sex_m,age_aggregate_y15_24,geo_cov_urb,2007,35.129
ita,sex_m,age_aggregate_y15_24,geo_cov_urb,2008,35.897
ita,sex_m,age_aggregate_y15_24,geo_cov_urb,2009,39.157
ita,sex_m,age_aggregate_y15_24,geo_cov_urb,2010,42.4
ita,sex_m,age_aggregate_y15_24,geo_cov_urb,2011,44.274
ita,sex_m,age_aggregate_y15_24,geo_cov_urb,2012,50.239
ita,sex_m,age_aggregate_y15_24,geo_cov_urb,2013,54.351
ita,sex_m,age_aggregate_y15_24,geo_cov_urb,2014,56.571
ita,sex_m,age_aggregate_y15_24,geo_cov_urb,2015,54.552
ita,sex_m,age_aggregate_y15_24,geo_cov_urb,2016,51.449
ita,sex_m,age_aggregate_y15_24,geo_cov_urb,2017,48.655
ita,sex_m,age_aggregate_y15_24,geo_cov_urb,2018,46.078
ita,sex_m,age_aggregate_y15_24,geo_cov_urb,2019,44.228
ita,sex_m,age_aggregate_y15_24,geo_cov_urb,2020,46.566
ita,sex_m,age_aggregate_y15_24,geo_cov_urb,2021,44.279
ita,sex_m,age_aggregate_y15_24,geo_cov_urb,2022,36.992
ita,sex_m,age_aggregate_y15_24,geo_cov_urb,2023,34.767
ita,sex_m,age_aggregate_y15_24,geo_cov_urb,2024,32.959
ita,sex_m,age_aggregate_y25_54,geo_cov_nat,2002,6.491
ita,sex_m,age_aggregate_y25_54,geo_cov_nat,2003,6.323
ita,sex_m,age_aggregate_y25_54,geo_cov_nat,2004,7.636
ita,sex_m,age_aggregate_y25_54,geo_cov_nat,2005,8.253
ita,sex_m,age_aggregate_y25_54,geo_cov_nat,2006,7.706
ita,sex_m,age_aggregate_y25_54,geo_cov_nat,2007,7.851
ita,sex_m,age_aggregate_y25_54,geo_cov_nat,2008,8.673
ita,sex_m,age_aggregate_y25_54,geo_cov_nat,2009,10.426
ita,sex_m,age_aggregate_y25_54,geo_cov_nat,2010,11.526
ita,sex_m,age_aggregate_y25_54,geo_cov_nat,2011,11.962
ita,sex_m,age_aggregate_y25_54,geo_cov_nat,2012,13.574
ita,sex_m,age_aggregate_y25_54,geo_cov_nat,2013,15.887
ita,sex_m,age_aggregate_y25_54,geo_cov_nat,2014,17.108
ita,sex_m,age_aggregate_y25_54,geo_cov_nat,2015,16.948
ita,sex_m,age_aggregate_y25_54,geo_cov_nat,2016,16.401
ita,sex_m,age_aggregate_y25_54,geo_cov_nat,2017,15.613
ita,sex_m,age_aggregate_y25_54,geo_cov_nat,2018,14.947
ita,sex_m,age_aggregate_y25_54,geo_cov_nat,2019,14.427
ita,sex_m,age_aggregate_y25_54,geo_cov_nat,2020,14.694
ita,sex_m,age_aggregate_y25_54,geo_cov_nat,2021,14.479
ita,sex_m,age_aggregate_y25_54,geo_cov_nat,2022,12.09
ita,sex_m,age_aggregate_y25_54,geo_cov_nat,2023,11.054
ita,sex_m,age_aggregate_y25_54,geo_cov_nat,2024,10.379
ita,sex_m,age_aggregate_y25_54,geo_cov_rur,2002,7.216
ita,sex_m,age_aggregate_y25_54,geo_cov_rur,2003,7.261
ita,sex_m,age_aggregate_y25_54,geo_cov_rur,2004,8.747
ita,sex_m,age_aggregate_y25_54,geo_cov_rur,2005,9.31
ita,sex_m,age_aggregate_y25_54,geo_cov_rur,2006,8.418
ita,sex_m,age_aggregate_y25_54,geo_cov_rur,2007,8.67
ita,sex_m,age_aggregate_y25_54,geo_cov_rur,2008,9.182
ita,sex_m,age_aggregate_y25_54,geo_cov_rur,2009,10.995
ita,sex_m,age_aggregate_y25_54,geo_cov_rur,2010,12.541
ita,sex_m,age_aggregate_y25_54,geo_cov_rur,2011,13.347
ita,sex_m,age_aggregate_y25_54,geo_cov_rur,2012,13.123
ita,sex_m,age_aggregate_y25_54,geo_cov_rur,2013,16.175
ita,sex_m,age_aggregate_y25_54,geo_cov_rur,2014,16.878
ita,sex_m,age_aggregate_y25_54,geo_cov_rur,2015,16.794
ita,sex_m,age_aggregate_y25_54,geo_cov_rur,2016,16.438
ita,sex_m,age_aggregate_y25_54,geo_cov_rur,2017,15.863
ita,sex_m,age_aggregate_y25_54,geo_cov_rur,2018,14.916
ita,sex_m,age_aggregate_y25_54,geo_cov_rur,2019,14.268
ita,sex_m,age_aggregate_y25_54,geo_cov_rur,2020,14.291
ita,sex_m,age_aggregate_y25_54,geo_cov_rur,2021,12.682
ita,sex_m,age_aggregate_y25_54,geo_cov_rur,2022,11.104
ita,sex_m,age_aggregate_y25_54,geo_cov_rur,2023,10.615
ita,sex_m,age_aggregate_y25_54,geo_cov_rur,2024,9.325
ita,sex_m,age_aggregate_y25_54,geo_cov_urb,2002,6.384
ita,sex_m,age_aggregate_y25_54,geo_cov_urb,2003,6.178
ita,sex_m,age_aggregate_y25_54,geo_cov_urb,2004,7.416
ita,sex_m,age_aggregate_y25_54,geo_cov_urb,2005,8.068
ita,sex_m,age_aggregate_y25_54,geo_cov_urb,2006,7.584
ita,sex_m,age_aggregate_y25_54,geo_cov_urb,2007,7.713
ita,sex_m,age_aggregate_y25_54,geo_cov_urb,2008,8.587
ita,sex_m,age_aggregate_y25_54,geo_cov_urb,2009,10.328
ita,sex_m,age_aggregate_y25_54,geo_cov_urb,2010,11.351
ita,sex_m,age_aggregate_y25_54,geo_cov_urb,2011,11.761
ita,sex_m,age_aggregate_y25_54,geo_cov_urb,2012,13.719
ita,sex_m,age_aggregate_y25_54,geo_cov_urb,2013,15.794
ita,sex_m,age_aggregate_y25_54,geo_cov_urb,2014,17.183
ita,sex_m,age_aggregate_y25_54,geo_cov_urb,2015,16.997
ita,sex_m,age_aggregate_y25_54,geo_cov_urb,2016,16.389
ita,sex_m,age_aggregate_y25_54,geo_cov_urb,2017,15.535
ita,sex_m,age_aggregate_y25_54,geo_cov_urb,2018,14.957
ita,sex_m,age_aggregate_y25_54,geo_cov_urb,2019,14.477
ita,sex_m,age_aggregate_y25_54,geo_cov_urb,2020,14.821
ita,sex_m,age_aggregate_y25_54,geo_cov_urb,2021,14.826
ita,sex_m,age_aggregate_y25_54,geo_cov_urb,2022,12.276
ita,sex_m,age_aggregate_y25_54,geo_cov_urb,2023,11.136
ita,sex_m,age_aggregate_y25_54,geo_cov_urb,2024,10.576
ita,sex_m,age_aggregate_y55_64,geo_cov_nat,2002,8.792
ita,sex_m,age_aggregate_y55_64,geo_cov_nat,2003,7.906
ita,sex_m,age_aggregate_y55_64,geo_cov_nat,2004,10.104
ita,sex_m,age_aggregate_y55_64,geo_cov_nat,2005,9.375
ita,sex_m,age_aggregate_y55_64,geo_cov_nat,2006,8.988
ita,sex_m,age_aggregate_y55_64,geo_cov_nat,2007,9.381
ita,sex_m,age_aggregate_y55_64,geo_cov_nat,2008,11.009
ita,sex_m,age_aggregate_y55_64,geo_cov_nat,2009,10.504
ita,sex_m,age_aggregate_y55_64,geo_cov_nat,2010,11.107
ita,sex_m,age_aggregate_y55_64,geo_cov_nat,2011,12.133
ita,sex_m,age_aggregate_y55_64,geo_cov_nat,2012,13.788
ita,sex_m,age_aggregate_y55_64,geo_cov_nat,2013,14.007
ita,sex_m,age_aggregate_y55_64,geo_cov_nat,2014,14.207
ita,sex_m,age_aggregate_y55_64,geo_cov_nat,2015,14.732
ita,sex_m,age_aggregate_y55_64,geo_cov_nat,2016,14.289
ita,sex_m,age_aggregate_y55_64,geo_cov_nat,2017,14.203
ita,sex_m,age_aggregate_y55_64,geo_cov_nat,2018,13.721
ita,sex_m,age_aggregate_y55_64,geo_cov_nat,2019,13.118
ita,sex_m,age_aggregate_y55_64,geo_cov_nat,2020,12.554
ita,sex_m,age_aggregate_y55_64,geo_cov_nat,2021,13.173
ita,sex_m,age_aggregate_y55_64,geo_cov_nat,2022,11.268
ita,sex_m,age_aggregate_y55_64,geo_cov_nat,2023,10.143
ita,sex_m,age_aggregate_y55_64,geo_cov_nat,2024,8.435
ita,sex_m,age_aggregate_y55_64,geo_cov_rur,2002,10.725
ita,sex_m,age_aggregate_y55_64,geo_cov_rur,2003,9.381
ita,sex_m,age_aggregate_y55_64,geo_cov_rur,2004,9.673
ita,sex_m,age_aggregate_y55_64,geo_cov_rur,2005,8.746
ita,sex_m,age_aggregate_y55_64,geo_cov_rur,2006,7.934
ita,sex_m,age_aggregate_y55_64,geo_cov_rur,2007,9.736
ita,sex_m,age_aggregate_y55_64,geo_cov_rur,2008,11.204
ita,sex_m,age_aggregate_y55_64,geo_cov_rur,2009,11.701
ita,sex_m,age_aggregate_y55_64,geo_cov_rur,2010,12.133
ita,sex_m,age_aggregate_y55_64,geo_cov_rur,2011,12.232
ita,sex_m,age_aggregate_y55_64,geo_cov_rur,2012,13.46
ita,sex_m,age_aggregate_y55_64,geo_cov_rur,2013,14.186
ita,sex_m,age_aggregate_y55_64,geo_cov_rur,2014,14.63
ita,sex_m,age_aggregate_y55_64,geo_cov_rur,2015,14.976
ita,sex_m,age_aggregate_y55_64,geo_cov_rur,2016,14.444
ita,sex_m,age_aggregate_y55_64,geo_cov_rur,2017,14.722
ita,sex_m,age_aggregate_y55_64,geo_cov_rur,2018,14.232
ita,sex_m,age_aggregate_y55_64,geo_cov_rur,2019,13.058
ita,sex_m,age_aggregate_y55_64,geo_cov_rur,2020,11.456
ita,sex_m,age_aggregate_y55_64,geo_cov_rur,2021,11.139
ita,sex_m,age_aggregate_y55_64,geo_cov_rur,2022,10.913
ita,sex_m,age_aggregate_y55_64,geo_cov_rur,2023,9.771
ita,sex_m,age_aggregate_y55_64,geo_cov_rur,2024,7.745
ita,sex_m,age_aggregate_y55_64,geo_cov_urb,2002,8.52
ita,sex_m,age_aggregate_y55_64,geo_cov_urb,2003,7.702
ita,sex_m,age_aggregate_y55_64,geo_cov_urb,2004,10.189
ita,sex_m,age_aggregate_y55_64,geo_cov_urb,2005,9.492
ita,sex_m,age_aggregate_y55_64,geo_cov_urb,2006,9.175
ita,sex_m,age_aggregate_y55_64,geo_cov_urb,2007,9.319
ita,sex_m,age_aggregate_y55_64,geo_cov_urb,2008,10.975
ita,sex_m,age_aggregate_y55_64,geo_cov_urb,2009,10.297
ita,sex_m,age_aggregate_y55_64,geo_cov_urb,2010,10.916
ita,sex_m,age_aggregate_y55_64,geo_cov_urb,2011,12.117
ita,sex_m,age_aggregate_y55_64,geo_cov_urb,2012,13.894
ita,sex_m,age_aggregate_y55_64,geo_cov_urb,2013,13.949
ita,sex_m,age_aggregate_y55_64,geo_cov_urb,2014,14.073
ita,sex_m,age_aggregate_y55_64,geo_cov_urb,2015,14.649
ita,sex_m,age_aggregate_y55_64,geo_cov_urb,2016,14.239
ita,sex_m,age_aggregate_y55_64,geo_cov_urb,2017,14.031
ita,sex_m,age_aggregate_y55_64,geo_cov_urb,2018,13.549
ita,sex_m,age_aggregate_y55_64,geo_cov_urb,2019,13.137
ita,sex_m,age_aggregate_y55_64,geo_cov_urb,2020,12.905
ita,sex_m,age_aggregate_y55_64,geo_cov_urb,2021,13.585
ita,sex_m,age_aggregate_y55_64,geo_cov_urb,2022,11.342
ita,sex_m,age_aggregate_y55_64,geo_cov_urb,2023,10.216
ita,sex_m,age_aggregate_y55_64,geo_cov_urb,2024,8.563
ita,sex_m,age_aggregate_yge65,geo_cov_nat,2002,10.278
ita,sex_m,age_aggregate_yge65,geo_cov_nat,2003,12.438
ita,sex_m,age_aggregate_yge65,geo_cov_nat,2004,1.709
ita,sex_m,age_aggregate_yge65,geo_cov_nat,2005,1.117
ita,sex_m,age_aggregate_yge65,geo_cov_nat,2006,1.067
ita,sex_m,age_aggregate_yge65,geo_cov_nat,2007,0.546
ita,sex_m,age_aggregate_yge65,geo_cov_nat,2008,1.247
ita,sex_m,age_aggregate_yge65,geo_cov_nat,2009,0.668
ita,sex_m,age_aggregate_yge65,geo_cov_nat,2010,1.169
ita,sex_m,age_aggregate_yge65,geo_cov_nat,2011,1.066
ita,sex_m,age_aggregate_yge65,geo_cov_nat,2012,1.313
ita,sex_m,age_aggregate_yge65,geo_cov_nat,2013,1.648
ita,sex_m,age_aggregate_yge65,geo_cov_nat,2014,1.285
ita,sex_m,age_aggregate_yge65,geo_cov_nat,2015,1.473
ita,sex_m,age_aggregate_yge65,geo_cov_nat,2016,1.502
ita,sex_m,age_aggregate_yge65,geo_cov_nat,2017,1.52
ita,sex_m,age_aggregate_yge65,geo_cov_nat,2018,2.01
ita,sex_m,age_aggregate_yge65,geo_cov_nat,2019,2.355
ita,sex_m,age_aggregate_yge65,geo_cov_nat,2020,1.785
ita,sex_m,age_aggregate_yge65,geo_cov_nat,2021,10.911
ita,sex_m,age_aggregate_yge65,geo_cov_nat,2022,9.548
ita,sex_m,age_aggregate_yge65,geo_cov_nat,2023,9.112
ita,sex_m,age_aggregate_yge65,geo_cov_nat,2024,7.842
ita,sex_m,age_aggregate_yge65,geo_cov_rur,2002,9.627
ita,sex_m,age_aggregate_yge65,geo_cov_rur,2003,14.592
ita,sex_m,age_aggregate_yge65,geo_cov_rur,2006,0.609
ita,sex_m,age_aggregate_yge65,geo_cov_rur,2007,0.587
ita,sex_m,age_aggregate_yge65,geo_cov_rur,2008,1.215
ita,sex_m,age_aggregate_yge65,geo_cov_rur,2010,1.143
ita,sex_m,age_aggregate_yge65,geo_cov_rur,2012,1.147
ita,sex_m,age_aggregate_yge65,geo_cov_rur,2013,0.96
ita,sex_m,age_aggregate_yge65,geo_cov_rur,2014,1.94
ita,sex_m,age_aggregate_yge65,geo_cov_rur,2015,1.566
ita,sex_m,age_aggregate_yge65,geo_cov_rur,2016,0.707
ita,sex_m,age_aggregate_yge65,geo_cov_rur,2017,1.255
ita,sex_m,age_aggregate_yge65,geo_cov_rur,2018,1.992
ita,sex_m,age_aggregate_yge65,geo_cov_rur,2019,1.73
ita,sex_m,age_aggregate_yge65,geo_cov_rur,2020,1.482
ita,sex_m,age_aggregate_yge65,geo_cov_rur,2021,7.895
ita,sex_m,age_aggregate_yge65,geo_cov_rur,2022,6.244
ita,sex_m,age_aggregate_yge65,geo_cov_rur,2023,8.876
ita,sex_m,age_aggregate_yge65,geo_cov_rur,2024,6.271
ita,sex_m,age_aggregate_yge65,geo_cov_urb,2002,10.391
ita,sex_m,age_aggregate_yge65,geo_cov_urb,2003,12.048
ita,sex_m,age_aggregate_yge65,geo_cov_urb,2004,1.798
ita,sex_m,age_aggregate_yge65,geo_cov_urb,2005,1.287
ita,sex_m,age_aggregate_yge65,geo_cov_urb,2006,1.149
ita,sex_m,age_aggregate_yge65,geo_cov_urb,2007,0.54
ita,sex_m,age_aggregate_yge65,geo_cov_urb,2008,1.252
ita,sex_m,age_aggregate_yge65,geo_cov_urb,2009,0.744
ita,sex_m,age_aggregate_yge65,geo_cov_urb,2010,1.174
ita,sex_m,age_aggregate_yge65,geo_cov_urb,2011,1.214
ita,sex_m,age_aggregate_yge65,geo_cov_urb,2012,1.372
ita,sex_m,age_aggregate_yge65,geo_cov_urb,2013,1.881
ita,sex_m,age_aggregate_yge65,geo_cov_urb,2014,1.059
ita,sex_m,age_aggregate_yge65,geo_cov_urb,2015,1.44
ita,sex_m,age_aggregate_yge65,geo_cov_urb,2016,1.769
ita,sex_m,age_aggregate_yge65,geo_cov_urb,2017,1.606
ita,sex_m,age_aggregate_yge65,geo_cov_urb,2018,2.016
ita,sex_m,age_aggregate_yge65,geo_cov_urb,2019,2.565
ita,sex_m,age_aggregate_yge65,geo_cov_urb,2020,1.893
ita,sex_m,age_aggregate_yge65,geo_cov_urb,2021,11.59
ita,sex_m,age_aggregate_yge65,geo_cov_urb,2022,10.249
ita,sex_m,age_aggregate_yge65,geo_cov_urb,2023,9.165
ita,sex_m,age_aggregate_yge65,geo_cov_urb,2024,8.157
ita,sex_m,age_ythadult_y15_24,geo_cov_nat,2002,30.508
ita,sex_m,age_ythadult_y15_24,geo_cov_nat,2003,30.84
ita,sex_m,age_ythadult_y15_24,geo_cov_nat,2004,33.508
ita,sex_m,age_ythadult_y15_24,geo_cov_nat,2005,33.991
ita,sex_m,age_ythadult_y15_24,geo_cov_nat,2006,33.324
ita,sex_m,age_ythadult_y15_24,geo_cov_nat,2007,34.765
ita,sex_m,age_ythadult_y15_24,geo_cov_nat,2008,35.292
ita,sex_m,age_ythadult_y15_24,geo_cov_nat,2009,38.749
ita,sex_m,age_ythadult_y15_24,geo_cov_nat,2010,42.429
ita,sex_m,age_ythadult_y15_24,geo_cov_nat,2011,44.332
ita,sex_m,age_ythadult_y15_24,geo_cov_nat,2012,48.528
ita,sex_m,age_ythadult_y15_24,geo_cov_nat,2013,53.368
ita,sex_m,age_ythadult_y15_24,geo_cov_nat,2014,55.331
ita,sex_m,age_ythadult_y15_24,geo_cov_nat,2015,53.008
ita,sex_m,age_ythadult_y15_24,geo_cov_nat,2016,50.647
ita,sex_m,age_ythadult_y15_24,geo_cov_nat,2017,47.816
ita,sex_m,age_ythadult_y15_24,geo_cov_nat,2018,45.102
ita,sex_m,age_ythadult_y15_24,geo_cov_nat,2019,42.796
ita,sex_m,age_ythadult_y15_24,geo_cov_nat,2020,44.623
ita,sex_m,age_ythadult_y15_24,geo_cov_nat,2021,42.169
ita,sex_m,age_ythadult_y15_24,geo_cov_nat,2022,36.083
ita,sex_m,age_ythadult_y15_24,geo_cov_nat,2023,33.67
ita,sex_m,age_ythadult_y15_24,geo_cov_nat,2024,31.834
ita,sex_m,age_ythadult_y15_24,geo_cov_rur,2002,30.281
ita,sex_m,age_ythadult_y15_24,geo_cov_rur,2003,31.957
ita,sex_m,age_ythadult_y15_24,geo_cov_rur,2004,34.968
ita,sex_m,age_ythadult_y15_24,geo_cov_rur,2005,35.084
ita,sex_m,age_ythadult_y15_24,geo_cov_rur,2006,33.92
ita,sex_m,age_ythadult_y15_24,geo_cov_rur,2007,32.904
ita,sex_m,age_ythadult_y15_24,geo_cov_rur,2008,32.078
ita,sex_m,age_ythadult_y15_24,geo_cov_rur,2009,36.597
ita,sex_m,age_ythadult_y15_24,geo_cov_rur,2010,42.578
ita,sex_m,age_ythadult_y15_24,geo_cov_rur,2011,44.68
ita,sex_m,age_ythadult_y15_24,geo_cov_rur,2012,43.977
ita,sex_m,age_ythadult_y15_24,geo_cov_rur,2013,50.663
ita,sex_m,age_ythadult_y15_24,geo_cov_rur,2014,51.681
ita,sex_m,age_ythadult_y15_24,geo_cov_rur,2015,48.73
ita,sex_m,age_ythadult_y15_24,geo_cov_rur,2016,48.351
ita,sex_m,age_ythadult_y15_24,geo_cov_rur,2017,45.387
ita,sex_m,age_ythadult_y15_24,geo_cov_rur,2018,42.316
ita,sex_m,age_ythadult_y15_24,geo_cov_rur,2019,38.714
ita,sex_m,age_ythadult_y15_24,geo_cov_rur,2020,38.961
ita,sex_m,age_ythadult_y15_24,geo_cov_rur,2021,32.674
ita,sex_m,age_ythadult_y15_24,geo_cov_rur,2022,31.757
ita,sex_m,age_ythadult_y15_24,geo_cov_rur,2023,28.586
ita,sex_m,age_ythadult_y15_24,geo_cov_rur,2024,26.454
ita,sex_m,age_ythadult_y15_24,geo_cov_urb,2002,30.545
ita,sex_m,age_ythadult_y15_24,geo_cov_urb,2003,30.635
ita,sex_m,age_ythadult_y15_24,geo_cov_urb,2004,33.169
ita,sex_m,age_ythadult_y15_24,geo_cov_urb,2005,33.768
ita,sex_m,age_ythadult_y15_24,geo_cov_urb,2006,33.204
ita,sex_m,age_ythadult_y15_24,geo_cov_urb,2007,35.129
ita,sex_m,age_ythadult_y15_24,geo_cov_urb,2008,35.897
ita,sex_m,age_ythadult_y15_24,geo_cov_urb,2009,39.157
ita,sex_m,age_ythadult_y15_24,geo_cov_urb,2010,42.4
ita,sex_m,age_ythadult_y15_24,geo_cov_urb,2011,44.274
ita,sex_m,age_ythadult_y15_24,geo_cov_urb,2012,50.239
ita,sex_m,age_ythadult_y15_24,geo_cov_urb,2013,54.351
ita,sex_m,age_ythadult_y15_24,geo_cov_urb,2014,56.571
ita,sex_m,age_ythadult_y15_24,geo_cov_urb,2015,54.552
ita,sex_m,age_ythadult_y15_24,geo_cov_urb,2016,51.449
ita,sex_m,age_ythadult_y15_24,geo_cov_urb,2017,48.655
ita,sex_m,age_ythadult_y15_24,geo_cov_urb,2018,46.078
ita,sex_m,age_ythadult_y15_24,geo_cov_urb,2019,44.228
ita,sex_m,age_ythadult_y15_24,geo_cov_urb,2020,46.566
ita,sex_m,age_ythadult_y15_24,geo_cov_urb,2021,44.279
ita,sex_m,age_ythadult_y15_24,geo_cov_urb,2022,36.992
ita,sex_m,age_ythadult_y15_24,geo_cov_urb,2023,34.767
ita,sex_m,age_ythadult_y15_24,geo_cov_urb,2024,32.959
ita,sex_m,age_ythadult_y15_64,geo_cov_nat,2002,9.019
ita,sex_m,age_ythadult_y15_64,geo_cov_nat,2003,8.802
ita,sex_m,age_ythadult_y15_64,geo_cov_nat,2004,10.466
ita,sex_m,age_ythadult_y15_64,geo_cov_nat,2005,10.772
ita,sex_m,age_ythadult_y15_64,geo_cov_nat,2006,10.211
ita,sex_m,age_ythadult_y15_64,geo_cov_nat,2007,10.456
ita,sex_m,age_ythadult_y15_64,geo_cov_nat,2008,11.328
ita,sex_m,age_ythadult_y15_64,geo_cov_nat,2009,12.848
ita,sex_m,age_ythadult_y15_64,geo_cov_nat,2010,14.063
ita,sex_m,age_ythadult_y15_64,geo_cov_nat,2011,14.639
ita,sex_m,age_ythadult_y15_64,geo_cov_nat,2012,16.552
ita,sex_m,age_ythadult_y15_64,geo_cov_nat,2013,18.608
ita,sex_m,age_ythadult_y15_64,geo_cov_nat,2014,19.705
ita,sex_m,age_ythadult_y15_64,geo_cov_nat,2015,19.354
ita,sex_m,age_ythadult_y15_64,geo_cov_nat,2016,18.609
ita,sex_m,age_ythadult_y15_64,geo_cov_nat,2017,17.757
ita,sex_m,age_ythadult_y15_64,geo_cov_nat,2018,16.921
ita,sex_m,age_ythadult_y15_64,geo_cov_nat,2019,16.234
ita,sex_m,age_ythadult_y15_64,geo_cov_nat,2020,16.441
ita,sex_m,age_ythadult_y15_64,geo_cov_nat,2021,16.241
ita,sex_m,age_ythadult_y15_64,geo_cov_nat,2022,13.678
ita,sex_m,age_ythadult_y15_64,geo_cov_nat,2023,12.513
ita,sex_m,age_ythadult_y15_64,geo_cov_nat,2024,11.463
ita,sex_m,age_ythadult_y15_64,geo_cov_rur,2002,9.967
ita,sex_m,age_ythadult_y15_64,geo_cov_rur,2003,10.132
ita,sex_m,age_ythadult_y15_64,geo_cov_rur,2004,11.773
ita,sex_m,age_ythadult_y15_64,geo_cov_rur,2005,11.933
ita,sex_m,age_ythadult_y15_64,geo_cov_rur,2006,11.004
ita,sex_m,age_ythadult_y15_64,geo_cov_rur,2007,11.233
ita,sex_m,age_ythadult_y15_64,geo_cov_rur,2008,11.645
ita,sex_m,age_ythadult_y15_64,geo_cov_rur,2009,13.414
ita,sex_m,age_ythadult_y15_64,geo_cov_rur,2010,15.227
ita,sex_m,age_ythadult_y15_64,geo_cov_rur,2011,16.032
ita,sex_m,age_ythadult_y15_64,geo_cov_rur,2012,16.056
ita,sex_m,age_ythadult_y15_64,geo_cov_rur,2013,18.864
ita,sex_m,age_ythadult_y15_64,geo_cov_rur,2014,19.408
ita,sex_m,age_ythadult_y15_64,geo_cov_rur,2015,19.128
ita,sex_m,age_ythadult_y15_64,geo_cov_rur,2016,18.633
ita,sex_m,age_ythadult_y15_64,geo_cov_rur,2017,17.989
ita,sex_m,age_ythadult_y15_64,geo_cov_rur,2018,16.907
ita,sex_m,age_ythadult_y15_64,geo_cov_rur,2019,15.936
ita,sex_m,age_ythadult_y15_64,geo_cov_rur,2020,15.62
ita,sex_m,age_ythadult_y15_64,geo_cov_rur,2021,13.976
ita,sex_m,age_ythadult_y15_64,geo_cov_rur,2022,12.682
ita,sex_m,age_ythadult_y15_64,geo_cov_rur,2023,11.886
ita,sex_m,age_ythadult_y15_64,geo_cov_rur,2024,10.298
ita,sex_m,age_ythadult_y15_64,geo_cov_urb,2002,8.879
ita,sex_m,age_ythadult_y15_64,geo_cov_urb,2003,8.595
ita,sex_m,age_ythadult_y15_64,geo_cov_urb,2004,10.203
ita,sex_m,age_ythadult_y15_64,geo_cov_urb,2005,10.564
ita,sex_m,age_ythadult_y15_64,geo_cov_urb,2006,10.073
ita,sex_m,age_ythadult_y15_64,geo_cov_urb,2007,10.323
ita,sex_m,age_ythadult_y15_64,geo_cov_urb,2008,11.274
ita,sex_m,age_ythadult_y15_64,geo_cov_urb,2009,12.749
ita,sex_m,age_ythadult_y15_64,geo_cov_urb,2010,13.858
ita,sex_m,age_ythadult_y15_64,geo_cov_urb,2011,14.432
ita,sex_m,age_ythadult_y15_64,geo_cov_urb,2012,16.714
ita,sex_m,age_ythadult_y15_64,geo_cov_urb,2013,18.524
ita,sex_m,age_ythadult_y15_64,geo_cov_urb,2014,19.802
ita,sex_m,age_ythadult_y15_64,geo_cov_urb,2015,19.428
ita,sex_m,age_ythadult_y15_64,geo_cov_urb,2016,18.602
ita,sex_m,age_ythadult_y15_64,geo_cov_urb,2017,17.683
ita,sex_m,age_ythadult_y15_64,geo_cov_urb,2018,16.926
ita,sex_m,age_ythadult_y15_64,geo_cov_urb,2019,16.329
ita,sex_m,age_ythadult_y15_64,geo_cov_urb,2020,16.703
ita,sex_m,age_ythadult_y15_64,geo_cov_urb,2021,16.688
ita,sex_m,age_ythadult_y15_64,geo_cov_urb,2022,13.872
ita,sex_m,age_ythadult_y15_64,geo_cov_urb,2023,12.633
ita,sex_m,age_ythadult_y15_64,geo_cov_urb,2024,11.682
ita,sex_m,age_ythadult_yge15,geo_cov_nat,2002,9.043
ita,sex_m,age_ythadult_yge15,geo_cov_nat,2003,8.871
ita,sex_m,age_ythadult_yge15,geo_cov_nat,2004,10.298
ita,sex_m,age_ythadult_yge15,geo_cov_nat,2005,10.594
ita,sex_m,age_ythadult_yge15,geo_cov_nat,2006,10.035
ita,sex_m,age_ythadult_yge15,geo_cov_nat,2007,10.265
ita,sex_m,age_ythadult_yge15,geo_cov_nat,2008,11.126
ita,sex_m,age_ythadult_yge15,geo_cov_nat,2009,12.619
ita,sex_m,age_ythadult_yge15,geo_cov_nat,2010,13.822
ita,sex_m,age_ythadult_yge15,geo_cov_nat,2011,14.383
ita,sex_m,age_ythadult_yge15,geo_cov_nat,2012,16.238
ita,sex_m,age_ythadult_yge15,geo_cov_nat,2013,18.247
ita,sex_m,age_ythadult_yge15,geo_cov_nat,2014,19.292
ita,sex_m,age_ythadult_yge15,geo_cov_nat,2015,18.942
ita,sex_m,age_ythadult_yge15,geo_cov_nat,2016,18.201
ita,sex_m,age_ythadult_yge15,geo_cov_nat,2017,17.334
ita,sex_m,age_ythadult_yge15,geo_cov_nat,2018,16.5
ita,sex_m,age_ythadult_yge15,geo_cov_nat,2019,15.822
ita,sex_m,age_ythadult_yge15,geo_cov_nat,2020,16.008
ita,sex_m,age_ythadult_yge15,geo_cov_nat,2021,16.054
ita,sex_m,age_ythadult_yge15,geo_cov_nat,2022,13.541
ita,sex_m,age_ythadult_yge15,geo_cov_nat,2023,12.393
ita,sex_m,age_ythadult_yge15,geo_cov_nat,2024,11.334
ita,sex_m,age_ythadult_yge15,geo_cov_rur,2002,9.959
ita,sex_m,age_ythadult_yge15,geo_cov_rur,2003,10.228
ita,sex_m,age_ythadult_yge15,geo_cov_rur,2004,11.562
ita,sex_m,age_ythadult_yge15,geo_cov_rur,2005,11.704
ita,sex_m,age_ythadult_yge15,geo_cov_rur,2006,10.799
ita,sex_m,age_ythadult_yge15,geo_cov_rur,2007,11.044
ita,sex_m,age_ythadult_yge15,geo_cov_rur,2008,11.451
ita,sex_m,age_ythadult_yge15,geo_cov_rur,2009,13.154
ita,sex_m,age_ythadult_yge15,geo_cov_rur,2010,14.962
ita,sex_m,age_ythadult_yge15,geo_cov_rur,2011,15.715
ita,sex_m,age_ythadult_yge15,geo_cov_rur,2012,15.733
ita,sex_m,age_ythadult_yge15,geo_cov_rur,2013,18.474
ita,sex_m,age_ythadult_yge15,geo_cov_rur,2014,18.998
ita,sex_m,age_ythadult_yge15,geo_cov_rur,2015,18.706
ita,sex_m,age_ythadult_yge15,geo_cov_rur,2016,18.192
ita,sex_m,age_ythadult_yge15,geo_cov_rur,2017,17.547
ita,sex_m,age_ythadult_yge15,geo_cov_rur,2018,16.501
ita,sex_m,age_ythadult_yge15,geo_cov_rur,2019,15.501
ita,sex_m,age_ythadult_yge15,geo_cov_rur,2020,15.165
ita,sex_m,age_ythadult_yge15,geo_cov_rur,2021,13.74
ita,sex_m,age_ythadult_yge15,geo_cov_rur,2022,12.451
ita,sex_m,age_ythadult_yge15,geo_cov_rur,2023,11.767
ita,sex_m,age_ythadult_yge15,geo_cov_rur,2024,10.147
ita,sex_m,age_ythadult_yge15,geo_cov_urb,2002,8.907
ita,sex_m,age_ythadult_yge15,geo_cov_urb,2003,8.658
ita,sex_m,age_ythadult_yge15,geo_cov_urb,2004,10.044
ita,sex_m,age_ythadult_yge15,geo_cov_urb,2005,10.396
ita,sex_m,age_ythadult_yge15,geo_cov_urb,2006,9.901
ita,sex_m,age_ythadult_yge15,geo_cov_urb,2007,10.132
ita,sex_m,age_ythadult_yge15,geo_cov_urb,2008,11.071
ita,sex_m,age_ythadult_yge15,geo_cov_urb,2009,12.526
ita,sex_m,age_ythadult_yge15,geo_cov_urb,2010,13.622
ita,sex_m,age_ythadult_yge15,geo_cov_urb,2011,14.185
ita,sex_m,age_ythadult_yge15,geo_cov_urb,2012,16.403
ita,sex_m,age_ythadult_yge15,geo_cov_urb,2013,18.173
ita,sex_m,age_ythadult_yge15,geo_cov_urb,2014,19.388
ita,sex_m,age_ythadult_yge15,geo_cov_urb,2015,19.019
ita,sex_m,age_ythadult_yge15,geo_cov_urb,2016,18.204
ita,sex_m,age_ythadult_yge15,geo_cov_urb,2017,17.266
ita,sex_m,age_ythadult_yge15,geo_cov_urb,2018,16.5
ita,sex_m,age_ythadult_yge15,geo_cov_urb,2019,15.925
ita,sex_m,age_ythadult_yge15,geo_cov_urb,2020,16.278
ita,sex_m,age_ythadult_yge15,geo_cov_urb,2021,16.513
ita,sex_m,age_ythadult_yge15,geo_cov_urb,2022,13.753
ita,sex_m,age_ythadult_yge15,geo_cov_urb,2023,12.514
ita,sex_m,age_ythadult_yge15,geo_cov_urb,2024,11.558
ita,sex_m,age_ythadult_yge25,geo_cov_nat,2002,6.823
ita,sex_m,age_ythadult_yge25,geo_cov_nat,2003,6.627
ita,sex_m,age_ythadult_yge25,geo_cov_nat,2004,7.795
ita,sex_m,age_ythadult_yge25,geo_cov_nat,2005,8.239
ita,sex_m,age_ythadult_yge25,geo_cov_nat,2006,7.716
ita,sex_m,age_ythadult_yge25,geo_cov_nat,2007,7.883
ita,sex_m,age_ythadult_yge25,geo_cov_nat,2008,8.802
ita,sex_m,age_ythadult_yge25,geo_cov_nat,2009,10.236
ita,sex_m,age_ythadult_yge25,geo_cov_nat,2010,11.259
ita,sex_m,age_ythadult_yge25,geo_cov_nat,2011,11.763
ita,sex_m,age_ythadult_yge25,geo_cov_nat,2012,13.33
ita,sex_m,age_ythadult_yge25,geo_cov_nat,2013,15.269
ita,sex_m,age_ythadult_yge25,geo_cov_nat,2014,16.249
ita,sex_m,age_ythadult_yge25,geo_cov_nat,2015,16.18
ita,sex_m,age_ythadult_yge25,geo_cov_nat,2016,15.638
ita,sex_m,age_ythadult_yge25,geo_cov_nat,2017,14.954
ita,sex_m,age_ythadult_yge25,geo_cov_nat,2018,14.315
ita,sex_m,age_ythadult_yge25,geo_cov_nat,2019,13.779
ita,sex_m,age_ythadult_yge25,geo_cov_nat,2020,13.842
ita,sex_m,age_ythadult_yge25,geo_cov_nat,2021,14.069
ita,sex_m,age_ythadult_yge25,geo_cov_nat,2022,11.819
ita,sex_m,age_ythadult_yge25,geo_cov_nat,2023,10.772
ita,sex_m,age_ythadult_yge25,geo_cov_nat,2024,9.829
ita,sex_m,age_ythadult_yge25,geo_cov_rur,2002,7.645
ita,sex_m,age_ythadult_yge25,geo_cov_rur,2003,7.652
ita,sex_m,age_ythadult_yge25,geo_cov_rur,2004,8.684
ita,sex_m,age_ythadult_yge25,geo_cov_rur,2005,9.044
ita,sex_m,age_ythadult_yge25,geo_cov_rur,2006,8.189
ita,sex_m,age_ythadult_yge25,geo_cov_rur,2007,8.644
ita,sex_m,age_ythadult_yge25,geo_cov_rur,2008,9.277
ita,sex_m,age_ythadult_yge25,geo_cov_rur,2009,10.852
ita,sex_m,age_ythadult_yge25,geo_cov_rur,2010,12.247
ita,sex_m,age_ythadult_yge25,geo_cov_rur,2011,12.893
ita,sex_m,age_ythadult_yge25,geo_cov_rur,2012,12.888
ita,sex_m,age_ythadult_yge25,geo_cov_rur,2013,15.507
ita,sex_m,age_ythadult_yge25,geo_cov_rur,2014,16.133
ita,sex_m,age_ythadult_yge25,geo_cov_rur,2015,16.072
ita,sex_m,age_ythadult_yge25,geo_cov_rur,2016,15.654
ita,sex_m,age_ythadult_yge25,geo_cov_rur,2017,15.225
ita,sex_m,age_ythadult_yge25,geo_cov_rur,2018,14.398
ita,sex_m,age_ythadult_yge25,geo_cov_rur,2019,13.614
ita,sex_m,age_ythadult_yge25,geo_cov_rur,2020,13.26
ita,sex_m,age_ythadult_yge25,geo_cov_rur,2021,12.147
ita,sex_m,age_ythadult_yge25,geo_cov_rur,2022,10.871
ita,sex_m,age_ythadult_yge25,geo_cov_rur,2023,10.345
ita,sex_m,age_ythadult_yge25,geo_cov_rur,2024,8.835
ita,sex_m,age_ythadult_yge25,geo_cov_urb,2002,6.702
ita,sex_m,age_ythadult_yge25,geo_cov_urb,2003,6.47
ita,sex_m,age_ythadult_yge25,geo_cov_urb,2004,7.619
ita,sex_m,age_ythadult_yge25,geo_cov_urb,2005,8.096
ita,sex_m,age_ythadult_yge25,geo_cov_urb,2006,7.634
ita,sex_m,age_ythadult_yge25,geo_cov_urb,2007,7.754
ita,sex_m,age_ythadult_yge25,geo_cov_urb,2008,8.722
ita,sex_m,age_ythadult_yge25,geo_cov_urb,2009,10.129
ita,sex_m,age_ythadult_yge25,geo_cov_urb,2010,11.087
ita,sex_m,age_ythadult_yge25,geo_cov_urb,2011,11.597
ita,sex_m,age_ythadult_yge25,geo_cov_urb,2012,13.473
ita,sex_m,age_ythadult_yge25,geo_cov_urb,2013,15.192
ita,sex_m,age_ythadult_yge25,geo_cov_urb,2014,16.286
ita,sex_m,age_ythadult_yge25,geo_cov_urb,2015,16.216
ita,sex_m,age_ythadult_yge25,geo_cov_urb,2016,15.634
ita,sex_m,age_ythadult_yge25,geo_cov_urb,2017,14.868
ita,sex_m,age_ythadult_yge25,geo_cov_urb,2018,14.289
ita,sex_m,age_ythadult_yge25,geo_cov_urb,2019,13.832
ita,sex_m,age_ythadult_yge25,geo_cov_urb,2020,14.028
ita,sex_m,age_ythadult_yge25,geo_cov_urb,2021,14.447
ita,sex_m,age_ythadult_yge25,geo_cov_urb,2022,12.003
ita,sex_m,age_ythadult_yge25,geo_cov_urb,2023,10.854
ita,sex_m,age_ythadult_yge25,geo_cov_urb,2024,10.015
ita,sex_t,age_aggregate_total,geo_cov_nat,2002,13.401
ita,sex_t,age_aggregate_total,geo_cov_nat,2003,12.918
ita,sex_t,age_aggregate_total,geo_cov_nat,2004,15.366
ita,sex_t,age_aggregate_total,geo_cov_nat,2005,15.374
ita,sex_t,age_aggregate_total,geo_cov_nat,2006,14.64
ita,sex_t,age_aggregate_total,geo_cov_nat,2007,15.014
ita,sex_t,age_aggregate_total,geo_cov_nat,2008,15.776
ita,sex_t,age_aggregate_total,geo_cov_nat,2009,16.621
ita,sex_t,age_aggregate_total,geo_cov_nat,2010,17.654
ita,sex_t,age_aggregate_total,geo_cov_nat,2011,17.979
ita,sex_t,age_aggregate_total,geo_cov_nat,2012,20.064
ita,sex_t,age_aggregate_total,geo_cov_nat,2013,21.721
ita,sex_t,age_aggregate_total,geo_cov_nat,2014,22.91
ita,sex_t,age_aggregate_total,geo_cov_nat,2015,22.489
ita,sex_t,age_aggregate_total,geo_cov_nat,2016,21.641
ita,sex_t,age_aggregate_total,geo_cov_nat,2017,20.563
ita,sex_t,age_aggregate_total,geo_cov_nat,2018,19.644
ita,sex_t,age_aggregate_total,geo_cov_nat,2019,18.841
ita,sex_t,age_aggregate_total,geo_cov_nat,2020,19.024
ita,sex_t,age_aggregate_total,geo_cov_nat,2021,18.956
ita,sex_t,age_aggregate_total,geo_cov_nat,2022,16.28
ita,sex_t,age_aggregate_total,geo_cov_nat,2023,14.964
ita,sex_t,age_aggregate_total,geo_cov_nat,2024,13.455
ita,sex_t,age_aggregate_total,geo_cov_rur,2002,15.513
ita,sex_t,age_aggregate_total,geo_cov_rur,2003,15.184
ita,sex_t,age_aggregate_total,geo_cov_rur,2004,17.422
ita,sex_t,age_aggregate_total,geo_cov_rur,2005,17.212
ita,sex_t,age_aggregate_total,geo_cov_rur,2006,16.268
ita,sex_t,age_aggregate_total,geo_cov_rur,2007,16.839
ita,sex_t,age_aggregate_total,geo_cov_rur,2008,17.347
ita,sex_t,age_aggregate_total,geo_cov_rur,2009,18.093
ita,sex_t,age_aggregate_total,geo_cov_rur,2010,19.144
ita,sex_t,age_aggregate_total,geo_cov_rur,2011,19.948
ita,sex_t,age_aggregate_total,geo_cov_rur,2012,20.492
ita,sex_t,age_aggregate_total,geo_cov_rur,2013,22.673
ita,sex_t,age_aggregate_total,geo_cov_rur,2014,23.399
ita,sex_t,age_aggregate_total,geo_cov_rur,2015,22.684
ita,sex_t,age_aggregate_total,geo_cov_rur,2016,21.892
ita,sex_t,age_aggregate_total,geo_cov_rur,2017,21.268
ita,sex_t,age_aggregate_total,geo_cov_rur,2018,20.133
ita,sex_t,age_aggregate_total,geo_cov_rur,2019,19.142
ita,sex_t,age_aggregate_total,geo_cov_rur,2020,18.884
ita,sex_t,age_aggregate_total,geo_cov_rur,2021,16.938
ita,sex_t,age_aggregate_total,geo_cov_rur,2022,15.39
ita,sex_t,age_aggregate_total,geo_cov_rur,2023,14.724
ita,sex_t,age_aggregate_total,geo_cov_rur,2024,12.823
ita,sex_t,age_aggregate_total,geo_cov_urb,2002,13.093
ita,sex_t,age_aggregate_total,geo_cov_urb,2003,12.574
ita,sex_t,age_aggregate_total,geo_cov_urb,2004,14.964
ita,sex_t,age_aggregate_total,geo_cov_urb,2005,15.053
ita,sex_t,age_aggregate_total,geo_cov_urb,2006,14.361
ita,sex_t,age_aggregate_total,geo_cov_urb,2007,14.706
ita,sex_t,age_aggregate_total,geo_cov_urb,2008,15.514
ita,sex_t,age_aggregate_total,geo_cov_urb,2009,16.369
ita,sex_t,age_aggregate_total,geo_cov_urb,2010,17.397
ita,sex_t,age_aggregate_total,geo_cov_urb,2011,17.695
ita,sex_t,age_aggregate_total,geo_cov_urb,2012,19.928
ita,sex_t,age_aggregate_total,geo_cov_urb,2013,21.42
ita,sex_t,age_aggregate_total,geo_cov_urb,2014,22.755
ita,sex_t,age_aggregate_total,geo_cov_urb,2015,22.427
ita,sex_t,age_aggregate_total,geo_cov_urb,2016,21.563
ita,sex_t,age_aggregate_total,geo_cov_urb,2017,20.346
ita,sex_t,age_aggregate_total,geo_cov_urb,2018,19.489
ita,sex_t,age_aggregate_total,geo_cov_urb,2019,18.748
ita,sex_t,age_aggregate_total,geo_cov_urb,2020,19.067
ita,sex_t,age_aggregate_total,geo_cov_urb,2021,19.341
ita,sex_t,age_aggregate_total,geo_cov_urb,2022,16.448
ita,sex_t,age_aggregate_total,geo_cov_urb,2023,15.009
ita,sex_t,age_aggregate_total,geo_cov_urb,2024,13.572
ita,sex_t,age_aggregate_y15_24,geo_cov_nat,2002,35.694
ita,sex_t,age_aggregate_y15_24,geo_cov_nat,2003,35.399
ita,sex_t,age_aggregate_y15_24,geo_cov_nat,2004,38.867
ita,sex_t,age_aggregate_y15_24,geo_cov_nat,2005,38.411
ita,sex_t,age_aggregate_y15_24,geo_cov_nat,2006,37.783
ita,sex_t,age_aggregate_y15_24,geo_cov_nat,2007,39.159
ita,sex_t,age_aggregate_y15_24,geo_cov_nat,2008,39.922
ita,sex_t,age_aggregate_y15_24,geo_cov_nat,2009,43.061
ita,sex_t,age_aggregate_y15_24,geo_cov_nat,2010,45.413
ita,sex_t,age_aggregate_y15_24,geo_cov_nat,2011,47.499
ita,sex_t,age_aggregate_y15_24,geo_cov_nat,2012,51.356
ita,sex_t,age_aggregate_y15_24,geo_cov_nat,2013,55.161
ita,sex_t,age_aggregate_y15_24,geo_cov_nat,2014,57.451
ita,sex_t,age_aggregate_y15_24,geo_cov_nat,2015,55.847
ita,sex_t,age_aggregate_y15_24,geo_cov_nat,2016,52.885
ita,sex_t,age_aggregate_y15_24,geo_cov_nat,2017,50.256
ita,sex_t,age_aggregate_y15_24,geo_cov_nat,2018,47.811
ita,sex_t,age_aggregate_y15_24,geo_cov_nat,2019,44.984
ita,sex_t,age_aggregate_y15_24,geo_cov_nat,2020,47.685
ita,sex_t,age_aggregate_y15_24,geo_cov_nat,2021,45.436
ita,sex_t,age_aggregate_y15_24,geo_cov_nat,2022,38.396
ita,sex_t,age_aggregate_y15_24,geo_cov_nat,2023,36.26
ita,sex_t,age_aggregate_y15_24,geo_cov_nat,2024,34.641
ita,sex_t,age_aggregate_y15_24,geo_cov_rur,2002,35.071
ita,sex_t,age_aggregate_y15_24,geo_cov_rur,2003,37.132
ita,sex_t,age_aggregate_y15_24,geo_cov_rur,2004,41.015
ita,sex_t,age_aggregate_y15_24,geo_cov_rur,2005,40.021
ita,sex_t,age_aggregate_y15_24,geo_cov_rur,2006,39.096
ita,sex_t,age_aggregate_y15_24,geo_cov_rur,2007,38.494
ita,sex_t,age_aggregate_y15_24,geo_cov_rur,2008,38.708
ita,sex_t,age_aggregate_y15_24,geo_cov_rur,2009,42.272
ita,sex_t,age_aggregate_y15_24,geo_cov_rur,2010,43.752
ita,sex_t,age_aggregate_y15_24,geo_cov_rur,2011,48.513
ita,sex_t,age_aggregate_y15_24,geo_cov_rur,2012,48.628
ita,sex_t,age_aggregate_y15_24,geo_cov_rur,2013,53.543
ita,sex_t,age_aggregate_y15_24,geo_cov_rur,2014,55.782
ita,sex_t,age_aggregate_y15_24,geo_cov_rur,2015,51.939
ita,sex_t,age_aggregate_y15_24,geo_cov_rur,2016,50.173
ita,sex_t,age_aggregate_y15_24,geo_cov_rur,2017,47.127
ita,sex_t,age_aggregate_y15_24,geo_cov_rur,2018,45.13
ita,sex_t,age_aggregate_y15_24,geo_cov_rur,2019,42.121
ita,sex_t,age_aggregate_y15_24,geo_cov_rur,2020,42.617
ita,sex_t,age_aggregate_y15_24,geo_cov_rur,2021,37.584
ita,sex_t,age_aggregate_y15_24,geo_cov_rur,2022,33.643
ita,sex_t,age_aggregate_y15_24,geo_cov_rur,2023,31.044
ita,sex_t,age_aggregate_y15_24,geo_cov_rur,2024,29.352
ita,sex_t,age_aggregate_y15_24,geo_cov_urb,2002,35.792
ita,sex_t,age_aggregate_y15_24,geo_cov_urb,2003,35.101
ita,sex_t,age_aggregate_y15_24,geo_cov_urb,2004,38.388
ita,sex_t,age_aggregate_y15_24,geo_cov_urb,2005,38.094
ita,sex_t,age_aggregate_y15_24,geo_cov_urb,2006,37.532
ita,sex_t,age_aggregate_y15_24,geo_cov_urb,2007,39.289
ita,sex_t,age_aggregate_y15_24,geo_cov_urb,2008,40.15
ita,sex_t,age_aggregate_y15_24,geo_cov_urb,2009,43.21
ita,sex_t,age_aggregate_y15_24,geo_cov_urb,2010,45.735
ita,sex_t,age_aggregate_y15_24,geo_cov_urb,2011,47.332
ita,sex_t,age_aggregate_y15_24,geo_cov_urb,2012,52.368
ita,sex_t,age_aggregate_y15_24,geo_cov_urb,2013,55.733
ita,sex_t,age_aggregate_y15_24,geo_cov_urb,2014,58.016
ita,sex_t,age_aggregate_y15_24,geo_cov_urb,2015,57.201
ita,sex_t,age_aggregate_y15_24,geo_cov_urb,2016,53.797
ita,sex_t,age_aggregate_y15_24,geo_cov_urb,2017,51.311
ita,sex_t,age_aggregate_y15_24,geo_cov_urb,2018,48.757
ita,sex_t,age_aggregate_y15_24,geo_cov_urb,2019,45.958
ita,sex_t,age_aggregate_y15_24,geo_cov_urb,2020,49.377
ita,sex_t,age_aggregate_y15_24,geo_cov_urb,2021,47.048
ita,sex_t,age_aggregate_y15_24,geo_cov_urb,2022,39.368
ita,sex_t,age_aggregate_y15_24,geo_cov_urb,2023,37.308
ita,sex_t,age_aggregate_y15_24,geo_cov_urb,2024,35.698
ita,sex_t,age_aggregate_y25_54,geo_cov_nat,2002,10.781
ita,sex_t,age_aggregate_y25_54,geo_cov_nat,2003,10.319
ita,sex_t,age_aggregate_y25_54,geo_cov_nat,2004,12.869
ita,sex_t,age_aggregate_y25_54,geo_cov_nat,2005,13.406
ita,sex_t,age_aggregate_y25_54,geo_cov_nat,2006,12.679
ita,sex_t,age_aggregate_y25_54,geo_cov_nat,2007,13.003
ita,sex_t,age_aggregate_y25_54,geo_cov_nat,2008,13.706
ita,sex_t,age_aggregate_y25_54,geo_cov_nat,2009,14.792
ita,sex_t,age_aggregate_y25_54,geo_cov_nat,2010,15.862
ita,sex_t,age_aggregate_y25_54,geo_cov_nat,2011,16.098
ita,sex_t,age_aggregate_y25_54,geo_cov_nat,2012,18.027
ita,sex_t,age_aggregate_y25_54,geo_cov_nat,2013,20.02
ita,sex_t,age_aggregate_y25_54,geo_cov_nat,2014,21.445
ita,sex_t,age_aggregate_y25_54,geo_cov_nat,2015,21.183
ita,sex_t,age_aggregate_y25_54,geo_cov_nat,2016,20.49
ita,sex_t,age_aggregate_y25_54,geo_cov_nat,2017,19.58
ita,sex_t,age_aggregate_y25_54,geo_cov_nat,2018,18.852
ita,sex_t,age_aggregate_y25_54,geo_cov_nat,2019,18.164
ita,sex_t,age_aggregate_y25_54,geo_cov_nat,2020,18.355
ita,sex_t,age_aggregate_y25_54,geo_cov_nat,2021,18.012
ita,sex_t,age_aggregate_y25_54,geo_cov_nat,2022,15.463
ita,sex_t,age_aggregate_y25_54,geo_cov_nat,2023,14.111
ita,sex_t,age_aggregate_y25_54,geo_cov_nat,2024,12.86
ita,sex_t,age_aggregate_y25_54,geo_cov_rur,2002,12.998
ita,sex_t,age_aggregate_y25_54,geo_cov_rur,2003,12.213
ita,sex_t,age_aggregate_y25_54,geo_cov_rur,2004,14.781
ita,sex_t,age_aggregate_y25_54,geo_cov_rur,2005,15.286
ita,sex_t,age_aggregate_y25_54,geo_cov_rur,2006,14.423
ita,sex_t,age_aggregate_y25_54,geo_cov_rur,2007,14.943
ita,sex_t,age_aggregate_y25_54,geo_cov_rur,2008,15.474
ita,sex_t,age_aggregate_y25_54,geo_cov_rur,2009,16.362
ita,sex_t,age_aggregate_y25_54,geo_cov_rur,2010,17.524
ita,sex_t,age_aggregate_y25_54,geo_cov_rur,2011,18.121
ita,sex_t,age_aggregate_y25_54,geo_cov_rur,2012,18.432
ita,sex_t,age_aggregate_y25_54,geo_cov_rur,2013,20.978
ita,sex_t,age_aggregate_y25_54,geo_cov_rur,2014,21.883
ita,sex_t,age_aggregate_y25_54,geo_cov_rur,2015,21.591
ita,sex_t,age_aggregate_y25_54,geo_cov_rur,2016,20.966
ita,sex_t,age_aggregate_y25_54,geo_cov_rur,2017,20.538
ita,sex_t,age_aggregate_y25_54,geo_cov_rur,2018,19.436
ita,sex_t,age_aggregate_y25_54,geo_cov_rur,2019,18.665
ita,sex_t,age_aggregate_y25_54,geo_cov_rur,2020,18.544
ita,sex_t,age_aggregate_y25_54,geo_cov_rur,2021,16.233
ita,sex_t,age_aggregate_y25_54,geo_cov_rur,2022,14.741
ita,sex_t,age_aggregate_y25_54,geo_cov_rur,2023,14.178
ita,sex_t,age_aggregate_y25_54,geo_cov_rur,2024,12.499
ita,sex_t,age_aggregate_y25_54,geo_cov_urb,2002,10.461
ita,sex_t,age_aggregate_y25_54,geo_cov_urb,2003,10.034
ita,sex_t,age_aggregate_y25_54,geo_cov_urb,2004,12.503
ita,sex_t,age_aggregate_y25_54,geo_cov_urb,2005,13.083
ita,sex_t,age_aggregate_y25_54,geo_cov_urb,2006,12.385
ita,sex_t,age_aggregate_y25_54,geo_cov_urb,2007,12.68
ita,sex_t,age_aggregate_y25_54,geo_cov_urb,2008,13.415
ita,sex_t,age_aggregate_y25_54,geo_cov_urb,2009,14.526
ita,sex_t,age_aggregate_y25_54,geo_cov_urb,2010,15.581
ita,sex_t,age_aggregate_y25_54,geo_cov_urb,2011,15.812
ita,sex_t,age_aggregate_y25_54,geo_cov_urb,2012,17.9
ita,sex_t,age_aggregate_y25_54,geo_cov_urb,2013,19.719
ita,sex_t,age_aggregate_y25_54,geo_cov_urb,2014,21.307
ita,sex_t,age_aggregate_y25_54,geo_cov_urb,2015,21.056
ita,sex_t,age_aggregate_y25_54,geo_cov_urb,2016,20.344
ita,sex_t,age_aggregate_y25_54,geo_cov_urb,2017,19.287
ita,sex_t,age_aggregate_y25_54,geo_cov_urb,2018,18.669
ita,sex_t,age_aggregate_y25_54,geo_cov_urb,2019,18.009
ita,sex_t,age_aggregate_y25_54,geo_cov_urb,2020,18.297
ita,sex_t,age_aggregate_y25_54,geo_cov_urb,2021,18.346
ita,sex_t,age_aggregate_y25_54,geo_cov_urb,2022,15.596
ita,sex_t,age_aggregate_y25_54,geo_cov_urb,2023,14.099
ita,sex_t,age_aggregate_y25_54,geo_cov_urb,2024,12.927
ita,sex_t,age_aggregate_y55_64,geo_cov_nat,2002,10.935
ita,sex_t,age_aggregate_y55_64,geo_cov_nat,2003,10.488
ita,sex_t,age_aggregate_y55_64,geo_cov_nat,2004,12.748
ita,sex_t,age_aggregate_y55_64,geo_cov_nat,2005,11.082
ita,sex_t,age_aggregate_y55_64,geo_cov_nat,2006,10.997
ita,sex_t,age_aggregate_y55_64,geo_cov_nat,2007,11.609
ita,sex_t,age_aggregate_y55_64,geo_cov_nat,2008,13.193
ita,sex_t,age_aggregate_y55_64,geo_cov_nat,2009,11.735
ita,sex_t,age_aggregate_y55_64,geo_cov_nat,2010,12.28
ita,sex_t,age_aggregate_y55_64,geo_cov_nat,2011,12.679
ita,sex_t,age_aggregate_y55_64,geo_cov_nat,2012,14.802
ita,sex_t,age_aggregate_y55_64,geo_cov_nat,2013,14.681
ita,sex_t,age_aggregate_y55_64,geo_cov_nat,2014,14.959
ita,sex_t,age_aggregate_y55_64,geo_cov_nat,2015,15.383
ita,sex_t,age_aggregate_y55_64,geo_cov_nat,2016,15.267
ita,sex_t,age_aggregate_y55_64,geo_cov_nat,2017,14.829
ita,sex_t,age_aggregate_y55_64,geo_cov_nat,2018,14.223
ita,sex_t,age_aggregate_y55_64,geo_cov_nat,2019,14.002
ita,sex_t,age_aggregate_y55_64,geo_cov_nat,2020,13.772
ita,sex_t,age_aggregate_y55_64,geo_cov_nat,2021,14.329
ita,sex_t,age_aggregate_y55_64,geo_cov_nat,2022,12.437
ita,sex_t,age_aggregate_y55_64,geo_cov_nat,2023,11.606
ita,sex_t,age_aggregate_y55_64,geo_cov_nat,2024,9.744
ita,sex_t,age_aggregate_y55_64,geo_cov_rur,2002,13.711
ita,sex_t,age_aggregate_y55_64,geo_cov_rur,2003,13.929
ita,sex_t,age_aggregate_y55_64,geo_cov_rur,2004,13.053
ita,sex_t,age_aggregate_y55_64,geo_cov_rur,2005,10.82
ita,sex_t,age_aggregate_y55_64,geo_cov_rur,2006,10.129
ita,sex_t,age_aggregate_y55_64,geo_cov_rur,2007,12.111
ita,sex_t,age_aggregate_y55_64,geo_cov_rur,2008,13.69
ita,sex_t,age_aggregate_y55_64,geo_cov_rur,2009,12.898
ita,sex_t,age_aggregate_y55_64,geo_cov_rur,2010,13.254
ita,sex_t,age_aggregate_y55_64,geo_cov_rur,2011,13.157
ita,sex_t,age_aggregate_y55_64,geo_cov_rur,2012,15.147
ita,sex_t,age_aggregate_y55_64,geo_cov_rur,2013,15.481
ita,sex_t,age_aggregate_y55_64,geo_cov_rur,2014,15.916
ita,sex_t,age_aggregate_y55_64,geo_cov_rur,2015,15.741
ita,sex_t,age_aggregate_y55_64,geo_cov_rur,2016,15.16
ita,sex_t,age_aggregate_y55_64,geo_cov_rur,2017,15.289
ita,sex_t,age_aggregate_y55_64,geo_cov_rur,2018,14.646
ita,sex_t,age_aggregate_y55_64,geo_cov_rur,2019,14.088
ita,sex_t,age_aggregate_y55_64,geo_cov_rur,2020,13.681
ita,sex_t,age_aggregate_y55_64,geo_cov_rur,2021,13.261
ita,sex_t,age_aggregate_y55_64,geo_cov_rur,2022,12.322
ita,sex_t,age_aggregate_y55_64,geo_cov_rur,2023,11.851
ita,sex_t,age_aggregate_y55_64,geo_cov_rur,2024,9.414
ita,sex_t,age_aggregate_y55_64,geo_cov_urb,2002,10.549
ita,sex_t,age_aggregate_y55_64,geo_cov_urb,2003,10.018
ita,sex_t,age_aggregate_y55_64,geo_cov_urb,2004,12.689
ita,sex_t,age_aggregate_y55_64,geo_cov_urb,2005,11.129
ita,sex_t,age_aggregate_y55_64,geo_cov_urb,2006,11.145
ita,sex_t,age_aggregate_y55_64,geo_cov_urb,2007,11.526
ita,sex_t,age_aggregate_y55_64,geo_cov_urb,2008,13.112
ita,sex_t,age_aggregate_y55_64,geo_cov_urb,2009,11.541
ita,sex_t,age_aggregate_y55_64,geo_cov_urb,2010,12.106
ita,sex_t,age_aggregate_y55_64,geo_cov_urb,2011,12.607
ita,sex_t,age_aggregate_y55_64,geo_cov_urb,2012,14.696
ita,sex_t,age_aggregate_y55_64,geo_cov_urb,2013,14.437
ita,sex_t,age_aggregate_y55_64,geo_cov_urb,2014,14.664
ita,sex_t,age_aggregate_y55_64,geo_cov_urb,2015,15.268
ita,sex_t,age_aggregate_y55_64,geo_cov_urb,2016,15.301
ita,sex_t,age_aggregate_y55_64,geo_cov_urb,2017,14.688
ita,sex_t,age_aggregate_y55_64,geo_cov_urb,2018,14.09
ita,sex_t,age_aggregate_y55_64,geo_cov_urb,2019,13.976
ita,sex_t,age_aggregate_y55_64,geo_cov_urb,2020,13.8
ita,sex_t,age_aggregate_y55_64,geo_cov_urb,2021,14.539
ita,sex_t,age_aggregate_y55_64,geo_cov_urb,2022,12.46
ita,sex_t,age_aggregate_y55_64,geo_cov_urb,2023,11.56
ita,sex_t,age_aggregate_y55_64,geo_cov_urb,2024,9.805
ita,sex_t,age_aggregate_yge65,geo_cov_nat,2002,15.346
ita,sex_t,age_aggregate_yge65,geo_cov_nat,2003,16.356
ita,sex_t,age_aggregate_yge65,geo_cov_nat,2004,1.933
ita,sex_t,age_aggregate_yge65,geo_cov_nat,2005,1.259
ita,sex_t,age_aggregate_yge65,geo_cov_nat,2006,1.407
ita,sex_t,age_aggregate_yge65,geo_cov_nat,2007,0.759
ita,sex_t,age_aggregate_yge65,geo_cov_nat,2008,1.696
ita,sex_t,age_aggregate_yge65,geo_cov_nat,2009,1.057
ita,sex_t,age_aggregate_yge65,geo_cov_nat,2010,1.181
ita,sex_t,age_aggregate_yge65,geo_cov_nat,2011,1.134
ita,sex_t,age_aggregate_yge65,geo_cov_nat,2012,1.835
ita,sex_t,age_aggregate_yge65,geo_cov_nat,2013,1.756
ita,sex_t,age_aggregate_yge65,geo_cov_nat,2014,1.321
ita,sex_t,age_aggregate_yge65,geo_cov_nat,2015,1.787
ita,sex_t,age_aggregate_yge65,geo_cov_nat,2016,1.923
ita,sex_t,age_aggregate_yge65,geo_cov_nat,2017,1.869
ita,sex_t,age_aggregate_yge65,geo_cov_nat,2018,2.228
ita,sex_t,age_aggregate_yge65,geo_cov_nat,2019,2.238
ita,sex_t,age_aggregate_yge65,geo_cov_nat,2020,1.859
ita,sex_t,age_aggregate_yge65,geo_cov_nat,2021,11.944
ita,sex_t,age_aggregate_yge65,geo_cov_nat,2022,10.948
ita,sex_t,age_aggregate_yge65,geo_cov_nat,2023,10.658
ita,sex_t,age_aggregate_yge65,geo_cov_nat,2024,8.884
ita,sex_t,age_aggregate_yge65,geo_cov_rur,2002,15.557
ita,sex_t,age_aggregate_yge65,geo_cov_rur,2003,16.526
ita,sex_t,age_aggregate_yge65,geo_cov_rur,2004,1.329
ita,sex_t,age_aggregate_yge65,geo_cov_rur,2005,0.279
ita,sex_t,age_aggregate_yge65,geo_cov_rur,2006,0.655
ita,sex_t,age_aggregate_yge65,geo_cov_rur,2007,0.528
ita,sex_t,age_aggregate_yge65,geo_cov_rur,2008,0.946
ita,sex_t,age_aggregate_yge65,geo_cov_rur,2009,0.345
ita,sex_t,age_aggregate_yge65,geo_cov_rur,2010,1.256
ita,sex_t,age_aggregate_yge65,geo_cov_rur,2012,1.338
ita,sex_t,age_aggregate_yge65,geo_cov_rur,2013,1.269
ita,sex_t,age_aggregate_yge65,geo_cov_rur,2014,1.969
ita,sex_t,age_aggregate_yge65,geo_cov_rur,2015,1.457
ita,sex_t,age_aggregate_yge65,geo_cov_rur,2016,1.01
ita,sex_t,age_aggregate_yge65,geo_cov_rur,2017,1.406
ita,sex_t,age_aggregate_yge65,geo_cov_rur,2018,1.912
ita,sex_t,age_aggregate_yge65,geo_cov_rur,2019,1.841
ita,sex_t,age_aggregate_yge65,geo_cov_rur,2020,1.981
ita,sex_t,age_aggregate_yge65,geo_cov_rur,2021,9.12
ita,sex_t,age_aggregate_yge65,geo_cov_rur,2022,7.745
ita,sex_t,age_aggregate_yge65,geo_cov_rur,2023,9.152
ita,sex_t,age_aggregate_yge65,geo_cov_rur,2024,7.507
ita,sex_t,age_aggregate_yge65,geo_cov_urb,2002,15.31
ita,sex_t,age_aggregate_yge65,geo_cov_urb,2003,16.326
ita,sex_t,age_aggregate_yge65,geo_cov_urb,2004,2.059
ita,sex_t,age_aggregate_yge65,geo_cov_urb,2005,1.446
ita,sex_t,age_aggregate_yge65,geo_cov_urb,2006,1.545
ita,sex_t,age_aggregate_yge65,geo_cov_urb,2007,0.794
ita,sex_t,age_aggregate_yge65,geo_cov_urb,2008,1.813
ita,sex_t,age_aggregate_yge65,geo_cov_urb,2009,1.192
ita,sex_t,age_aggregate_yge65,geo_cov_urb,2010,1.167
ita,sex_t,age_aggregate_yge65,geo_cov_urb,2011,1.291
ita,sex_t,age_aggregate_yge65,geo_cov_urb,2012,2.001
ita,sex_t,age_aggregate_yge65,geo_cov_urb,2013,1.911
ita,sex_t,age_aggregate_yge65,geo_cov_urb,2014,1.099
ita,sex_t,age_aggregate_yge65,geo_cov_urb,2015,1.901
ita,sex_t,age_aggregate_yge65,geo_cov_urb,2016,2.22
ita,sex_t,age_aggregate_yge65,geo_cov_urb,2017,2.009
ita,sex_t,age_aggregate_yge65,geo_cov_urb,2018,2.321
ita,sex_t,age_aggregate_yge65,geo_cov_urb,2019,2.366
ita,sex_t,age_aggregate_yge65,geo_cov_urb,2020,1.818
ita,sex_t,age_aggregate_yge65,geo_cov_urb,2021,12.537
ita,sex_t,age_aggregate_yge65,geo_cov_urb,2022,11.597
ita,sex_t,age_aggregate_yge65,geo_cov_urb,2023,10.97
ita,sex_t,age_aggregate_yge65,geo_cov_urb,2024,9.158
ita,sex_t,age_ythadult_y15_24,geo_cov_nat,2002,35.694
ita,sex_t,age_ythadult_y15_24,geo_cov_nat,2003,35.399
ita,sex_t,age_ythadult_y15_24,geo_cov_nat,2004,38.867
ita,sex_t,age_ythadult_y15_24,geo_cov_nat,2005,38.411
ita,sex_t,age_ythadult_y15_24,geo_cov_nat,2006,37.783
ita,sex_t,age_ythadult_y15_24,geo_cov_nat,2007,39.159
ita,sex_t,age_ythadult_y15_24,geo_cov_nat,2008,39.922
ita,sex_t,age_ythadult_y15_24,geo_cov_nat,2009,43.061
ita,sex_t,age_ythadult_y15_24,geo_cov_nat,2010,45.413
ita,sex_t,age_ythadult_y15_24,geo_cov_nat,2011,47.499
ita,sex_t,age_ythadult_y15_24,geo_cov_nat,2012,51.356
ita,sex_t,age_ythadult_y15_24,geo_cov_nat,2013,55.161
ita,sex_t,age_ythadult_y15_24,geo_cov_nat,2014,57.451
ita,sex_t,age_ythadult_y15_24,geo_cov_nat,2015,55.847
ita,sex_t,age_ythadult_y15_24,geo_cov_nat,2016,52.885
ita,sex_t,age_ythadult_y15_24,geo_cov_nat,2017,50.256
ita,sex_t,age_ythadult_y15_24,geo_cov_nat,2018,47.811
ita,sex_t,age_ythadult_y15_24,geo_cov_nat,2019,44.984
ita,sex_t,age_ythadult_y15_24,geo_cov_nat,2020,47.685
ita,sex_t,age_ythadult_y15_24,geo_cov_nat,2021,45.436
ita,sex_t,age_ythadult_y15_24,geo_cov_nat,2022,38.396
ita,sex_t,age_ythadult_y15_24,geo_cov_nat,2023,36.26
ita,sex_t,age_ythadult_y15_24,geo_cov_nat,2024,34.641
ita,sex_t,age_ythadult_y15_24,geo_cov_rur,2002,35.071
ita,sex_t,age_ythadult_y15_24,geo_cov_rur,2003,37.132
ita,sex_t,age_ythadult_y15_24,geo_cov_rur,2004,41.015
ita,sex_t,age_ythadult_y15_24,geo_cov_rur,2005,40.021
ita,sex_t,age_ythadult_y15_24,geo_cov_rur,2006,39.096
ita,sex_t,age_ythadult_y15_24,geo_cov_rur,2007,38.494
ita,sex_t,age_ythadult_y15_24,geo_cov_rur,2008,38.708
ita,sex_t,age_ythadult_y15_24,geo_cov_rur,2009,42.272
ita,sex_t,age_ythadult_y15_24,geo_cov_rur,2010,43.752
ita,sex_t,age_ythadult_y15_24,geo_cov_rur,2011,48.513
ita,sex_t,age_ythadult_y15_24,geo_cov_rur,2012,48.628
ita,sex_t,age_ythadult_y15_24,geo_cov_rur,2013,53.543
ita,sex_t,age_ythadult_y15_24,geo_cov_rur,2014,55.782
ita,sex_t,age_ythadult_y15_24,geo_cov_rur,2015,51.939
ita,sex_t,age_ythadult_y15_24,geo_cov_rur,2016,50.173
ita,sex_t,age_ythadult_y15_24,geo_cov_rur,2017,47.127
ita,sex_t,age_ythadult_y15_24,geo_cov_rur,2018,45.13
ita,sex_t,age_ythadult_y15_24,geo_cov_rur,2019,42.121
ita,sex_t,age_ythadult_y15_24,geo_cov_rur,2020,42.617
ita,sex_t,age_ythadult_y15_24,geo_cov_rur,2021,37.584
ita,sex_t,age_ythadult_y15_24,geo_cov_rur,2022,33.643
ita,sex_t,age_ythadult_y15_24,geo_cov_rur,2023,31.044
ita,sex_t,age_ythadult_y15_24,geo_cov_rur,2024,29.352
ita,sex_t,age_ythadult_y15_24,geo_cov_urb,2002,35.792
ita,sex_t,age_ythadult_y15_24,geo_cov_urb,2003,35.101
ita,sex_t,age_ythadult_y15_24,geo_cov_urb,2004,38.388
ita,sex_t,age_ythadult_y15_24,geo_cov_urb,2005,38.094
ita,sex_t,age_ythadult_y15_24,geo_cov_urb,2006,37.532
ita,sex_t,age_ythadult_y15_24,geo_cov_urb,2007,39.289
ita,sex_t,age_ythadult_y15_24,geo_cov_urb,2008,40.15
ita,sex_t,age_ythadult_y15_24,geo_cov_urb,2009,43.21
ita,sex_t,age_ythadult_y15_24,geo_cov_urb,2010,45.735
ita,sex_t,age_ythadult_y15_24,geo_cov_urb,2011,47.332
ita,sex_t,age_ythadult_y15_24,geo_cov_urb,2012,52.368
ita,sex_t,age_ythadult_y15_24,geo_cov_urb,2013,55.733
ita,sex_t,age_ythadult_y15_24,geo_cov_urb,2014,58.016
ita,sex_t,age_ythadult_y15_24,geo_cov_urb,2015,57.201
ita,sex_t,age_ythadult_y15_24,geo_cov_urb,2016,53.797
ita,sex_t,age_ythadult_y15_24,geo_cov_urb,2017,51.311
ita,sex_t,age_ythadult_y15_24,geo_cov_urb,2018,48.757
ita,sex_t,age_ythadult_y15_24,geo_cov_urb,2019,45.958
ita,sex_t,age_ythadult_y15_24,geo_cov_urb,2020,49.377
ita,sex_t,age_ythadult_y15_24,geo_cov_urb,2021,47.048
ita,sex_t,age_ythadult_y15_24,geo_cov_urb,2022,39.368
ita,sex_t,age_ythadult_y15_24,geo_cov_urb,2023,37.308
ita,sex_t,age_ythadult_y15_24,geo_cov_urb,2024,35.698
ita,sex_t,age_ythadult_y15_64,geo_cov_nat,2002,13.37
ita,sex_t,age_ythadult_y15_64,geo_cov_nat,2003,12.864
ita,sex_t,age_ythadult_y15_64,geo_cov_nat,2004,15.558
ita,sex_t,age_ythadult_y15_64,geo_cov_nat,2005,15.563
ita,sex_t,age_ythadult_y15_64,geo_cov_nat,2006,14.828
ita,sex_t,age_ythadult_y15_64,geo_cov_nat,2007,15.218
ita,sex_t,age_ythadult_y15_64,geo_cov_nat,2008,15.984
ita,sex_t,age_ythadult_y15_64,geo_cov_nat,2009,16.84
ita,sex_t,age_ythadult_y15_64,geo_cov_nat,2010,17.885
ita,sex_t,age_ythadult_y15_64,geo_cov_nat,2011,18.219
ita,sex_t,age_ythadult_y15_64,geo_cov_nat,2012,20.342
ita,sex_t,age_ythadult_y15_64,geo_cov_nat,2013,22.038
ita,sex_t,age_ythadult_y15_64,geo_cov_nat,2014,23.271
ita,sex_t,age_ythadult_y15_64,geo_cov_nat,2015,22.853
ita,sex_t,age_ythadult_y15_64,geo_cov_nat,2016,22.005
ita,sex_t,age_ythadult_y15_64,geo_cov_nat,2017,20.951
ita,sex_t,age_ythadult_y15_64,geo_cov_nat,2018,20.044
ita,sex_t,age_ythadult_y15_64,geo_cov_nat,2019,19.251
ita,sex_t,age_ythadult_y15_64,geo_cov_nat,2020,19.457
ita,sex_t,age_ythadult_y15_64,geo_cov_nat,2021,19.164
ita,sex_t,age_ythadult_y15_64,geo_cov_nat,2022,16.434
ita,sex_t,age_ythadult_y15_64,geo_cov_nat,2023,15.098
ita,sex_t,age_ythadult_y15_64,geo_cov_nat,2024,13.601
ita,sex_t,age_ythadult_y15_64,geo_cov_rur,2002,15.513
ita,sex_t,age_ythadult_y15_64,geo_cov_rur,2003,15.159
ita,sex_t,age_ythadult_y15_64,geo_cov_rur,2004,17.665
ita,sex_t,age_ythadult_y15_64,geo_cov_rur,2005,17.457
ita,sex_t,age_ythadult_y15_64,geo_cov_rur,2006,16.504
ita,sex_t,age_ythadult_y15_64,geo_cov_rur,2007,17.055
ita,sex_t,age_ythadult_y15_64,geo_cov_rur,2008,17.577
ita,sex_t,age_ythadult_y15_64,geo_cov_rur,2009,18.366
ita,sex_t,age_ythadult_y15_64,geo_cov_rur,2010,19.406
ita,sex_t,age_ythadult_y15_64,geo_cov_rur,2011,20.248
ita,sex_t,age_ythadult_y15_64,geo_cov_rur,2012,20.796
ita,sex_t,age_ythadult_y15_64,geo_cov_rur,2013,23.014
ita,sex_t,age_ythadult_y15_64,geo_cov_rur,2014,23.779
ita,sex_t,age_ythadult_y15_64,geo_cov_rur,2015,23.081
ita,sex_t,age_ythadult_y15_64,geo_cov_rur,2016,22.292
ita,sex_t,age_ythadult_y15_64,geo_cov_rur,2017,21.676
ita,sex_t,age_ythadult_y15_64,geo_cov_rur,2018,20.53
ita,sex_t,age_ythadult_y15_64,geo_cov_rur,2019,19.58
ita,sex_t,age_ythadult_y15_64,geo_cov_rur,2020,19.343
ita,sex_t,age_ythadult_y15_64,geo_cov_rur,2021,17.19
ita,sex_t,age_ythadult_y15_64,geo_cov_rur,2022,15.624
ita,sex_t,age_ythadult_y15_64,geo_cov_rur,2023,14.914
ita,sex_t,age_ythadult_y15_64,geo_cov_rur,2024,13.004
ita,sex_t,age_ythadult_y15_64,geo_cov_urb,2002,13.059
ita,sex_t,age_ythadult_y15_64,geo_cov_urb,2003,12.516
ita,sex_t,age_ythadult_y15_64,geo_cov_urb,2004,15.146
ita,sex_t,age_ythadult_y15_64,geo_cov_urb,2005,15.233
ita,sex_t,age_ythadult_y15_64,geo_cov_urb,2006,14.541
ita,sex_t,age_ythadult_y15_64,geo_cov_urb,2007,14.907
ita,sex_t,age_ythadult_y15_64,geo_cov_urb,2008,15.718
ita,sex_t,age_ythadult_y15_64,geo_cov_urb,2009,16.58
ita,sex_t,age_ythadult_y15_64,geo_cov_urb,2010,17.623
ita,sex_t,age_ythadult_y15_64,geo_cov_urb,2011,17.927
ita,sex_t,age_ythadult_y15_64,geo_cov_urb,2012,20.198
ita,sex_t,age_ythadult_y15_64,geo_cov_urb,2013,21.729
ita,sex_t,age_ythadult_y15_64,geo_cov_urb,2014,23.11
ita,sex_t,age_ythadult_y15_64,geo_cov_urb,2015,22.78
ita,sex_t,age_ythadult_y15_64,geo_cov_urb,2016,21.916
ita,sex_t,age_ythadult_y15_64,geo_cov_urb,2017,20.728
ita,sex_t,age_ythadult_y15_64,geo_cov_urb,2018,19.891
ita,sex_t,age_ythadult_y15_64,geo_cov_urb,2019,19.148
ita,sex_t,age_ythadult_y15_64,geo_cov_urb,2020,19.492
ita,sex_t,age_ythadult_y15_64,geo_cov_urb,2021,19.539
ita,sex_t,age_ythadult_y15_64,geo_cov_urb,2022,16.586
ita,sex_t,age_ythadult_y15_64,geo_cov_urb,2023,15.132
ita,sex_t,age_ythadult_y15_64,geo_cov_urb,2024,13.712
ita,sex_t,age_ythadult_yge15,geo_cov_nat,2002,13.401
ita,sex_t,age_ythadult_yge15,geo_cov_nat,2003,12.918
ita,sex_t,age_ythadult_yge15,geo_cov_nat,2004,15.366
ita,sex_t,age_ythadult_yge15,geo_cov_nat,2005,15.374
ita,sex_t,age_ythadult_yge15,geo_cov_nat,2006,14.64
ita,sex_t,age_ythadult_yge15,geo_cov_nat,2007,15.014
ita,sex_t,age_ythadult_yge15,geo_cov_nat,2008,15.776
ita,sex_t,age_ythadult_yge15,geo_cov_nat,2009,16.621
ita,sex_t,age_ythadult_yge15,geo_cov_nat,2010,17.654
ita,sex_t,age_ythadult_yge15,geo_cov_nat,2011,17.979
ita,sex_t,age_ythadult_yge15,geo_cov_nat,2012,20.064
ita,sex_t,age_ythadult_yge15,geo_cov_nat,2013,21.721
ita,sex_t,age_ythadult_yge15,geo_cov_nat,2014,22.91
ita,sex_t,age_ythadult_yge15,geo_cov_nat,2015,22.489
ita,sex_t,age_ythadult_yge15,geo_cov_nat,2016,21.641
ita,sex_t,age_ythadult_yge15,geo_cov_nat,2017,20.563
ita,sex_t,age_ythadult_yge15,geo_cov_nat,2018,19.644
ita,sex_t,age_ythadult_yge15,geo_cov_nat,2019,18.841
ita,sex_t,age_ythadult_yge15,geo_cov_nat,2020,19.024
ita,sex_t,age_ythadult_yge15,geo_cov_nat,2021,18.956
ita,sex_t,age_ythadult_yge15,geo_cov_nat,2022,16.28
ita,sex_t,age_ythadult_yge15,geo_cov_nat,2023,14.964
ita,sex_t,age_ythadult_yge15,geo_cov_nat,2024,13.455
ita,sex_t,age_ythadult_yge15,geo_cov_rur,2002,15.513
ita,sex_t,age_ythadult_yge15,geo_cov_rur,2003,15.184
ita,sex_t,age_ythadult_yge15,geo_cov_rur,2004,17.422
ita,sex_t,age_ythadult_yge15,geo_cov_rur,2005,17.212
ita,sex_t,age_ythadult_yge15,geo_cov_rur,2006,16.268
ita,sex_t,age_ythadult_yge15,geo_cov_rur,2007,16.839
ita,sex_t,age_ythadult_yge15,geo_cov_rur,2008,17.347
ita,sex_t,age_ythadult_yge15,geo_cov_rur,2009,18.093
ita,sex_t,age_ythadult_yge15,geo_cov_rur,2010,19.144
ita,sex_t,age_ythadult_yge15,geo_cov_rur,2011,19.948
ita,sex_t,age_ythadult_yge15,geo_cov_rur,2012,20.492
ita,sex_t,age_ythadult_yge15,geo_cov_rur,2013,22.673
ita,sex_t,age_ythadult_yge15,geo_cov_rur,2014,23.399
ita,sex_t,age_ythadult_yge15,geo_cov_rur,2015,22.684
ita,sex_t,age_ythadult_yge15,geo_cov_rur,2016,21.892
ita,sex_t,age_ythadult_yge15,geo_cov_rur,2017,21.268
ita,sex_t,age_ythadult_yge15,geo_cov_rur,2018,20.133
ita,sex_t,age_ythadult_yge15,geo_cov_rur,2019,19.142
ita,sex_t,age_ythadult_yge15,geo_cov_rur,2020,18.884
ita,sex_t,age_ythadult_yge15,geo_cov_rur,2021,16.938
ita,sex_t,age_ythadult_yge15,geo_cov_rur,2022,15.39
ita,sex_t,age_ythadult_yge15,geo_cov_rur,2023,14.724
ita,sex_t,age_ythadult_yge15,geo_cov_rur,2024,12.823
ita,sex_t,age_ythadult_yge15,geo_cov_urb,2002,13.093
ita,sex_t,age_ythadult_yge15,geo_cov_urb,2003,12.574
ita,sex_t,age_ythadult_yge15,geo_cov_urb,2004,14.964
ita,sex_t,age_ythadult_yge15,geo_cov_urb,2005,15.053
ita,sex_t,age_ythadult_yge15,geo_cov_urb,2006,14.361
ita,sex_t,age_ythadult_yge15,geo_cov_urb,2007,14.706
ita,sex_t,age_ythadult_yge15,geo_cov_urb,2008,15.514
ita,sex_t,age_ythadult_yge15,geo_cov_urb,2009,16.369
ita,sex_t,age_ythadult_yge15,geo_cov_urb,2010,17.397
ita,sex_t,age_ythadult_yge15,geo_cov_urb,2011,17.695
ita,sex_t,age_ythadult_yge15,geo_cov_urb,2012,19.928
ita,sex_t,age_ythadult_yge15,geo_cov_urb,2013,21.42
ita,sex_t,age_ythadult_yge15,geo_cov_urb,2014,22.755
ita,sex_t,age_ythadult_yge15,geo_cov_urb,2015,22.427
ita,sex_t,age_ythadult_yge15,geo_cov_urb,2016,21.563
ita,sex_t,age_ythadult_yge15,geo_cov_urb,2017,20.346
ita,sex_t,age_ythadult_yge15,geo_cov_urb,2018,19.489
ita,sex_t,age_ythadult_yge15,geo_cov_urb,2019,18.748
ita,sex_t,age_ythadult_yge15,geo_cov_urb,2020,19.067
ita,sex_t,age_ythadult_yge15,geo_cov_urb,2021,19.341
ita,sex_t,age_ythadult_yge15,geo_cov_urb,2022,16.448
ita,sex_t,age_ythadult_yge15,geo_cov_urb,2023,15.009
ita,sex_t,age_ythadult_yge15,geo_cov_urb,2024,13.572
ita,sex_t,age_ythadult_yge25,geo_cov_nat,2002,10.875
ita,sex_t,age_ythadult_yge25,geo_cov_nat,2003,10.441
ita,sex_t,age_ythadult_yge25,geo_cov_nat,2004,12.685
ita,sex_t,age_ythadult_yge25,geo_cov_nat,2005,12.989
ita,sex_t,age_ythadult_yge25,geo_cov_nat,2006,12.327
ita,sex_t,age_ythadult_yge25,geo_cov_nat,2007,12.661
ita,sex_t,age_ythadult_yge25,geo_cov_nat,2008,13.457
ita,sex_t,age_ythadult_yge25,geo_cov_nat,2009,14.226
ita,sex_t,age_ythadult_yge25,geo_cov_nat,2010,15.203
ita,sex_t,age_ythadult_yge25,geo_cov_nat,2011,15.432
ita,sex_t,age_ythadult_yge25,geo_cov_nat,2012,17.321
ita,sex_t,age_ythadult_yge25,geo_cov_nat,2013,18.941
ita,sex_t,age_ythadult_yge25,geo_cov_nat,2014,20.085
ita,sex_t,age_ythadult_yge25,geo_cov_nat,2015,19.881
ita,sex_t,age_ythadult_yge25,geo_cov_nat,2016,19.237
ita,sex_t,age_ythadult_yge25,geo_cov_nat,2017,18.34
ita,sex_t,age_ythadult_yge25,geo_cov_nat,2018,17.579
ita,sex_t,age_ythadult_yge25,geo_cov_nat,2019,16.942
ita,sex_t,age_ythadult_yge25,geo_cov_nat,2020,16.995
ita,sex_t,age_ythadult_yge25,geo_cov_nat,2021,17.066
ita,sex_t,age_ythadult_yge25,geo_cov_nat,2022,14.682
ita,sex_t,age_ythadult_yge25,geo_cov_nat,2023,13.44
ita,sex_t,age_ythadult_yge25,geo_cov_nat,2024,12.018
ita,sex_t,age_ythadult_yge25,geo_cov_rur,2002,13.116
ita,sex_t,age_ythadult_yge25,geo_cov_rur,2003,12.459
ita,sex_t,age_ythadult_yge25,geo_cov_rur,2004,14.377
ita,sex_t,age_ythadult_yge25,geo_cov_rur,2005,14.573
ita,sex_t,age_ythadult_yge25,geo_cov_rur,2006,13.737
ita,sex_t,age_ythadult_yge25,geo_cov_rur,2007,14.423
ita,sex_t,age_ythadult_yge25,geo_cov_rur,2008,15.052
ita,sex_t,age_ythadult_yge25,geo_cov_rur,2009,15.695
ita,sex_t,age_ythadult_yge25,geo_cov_rur,2010,16.724
ita,sex_t,age_ythadult_yge25,geo_cov_rur,2011,17.159
ita,sex_t,age_ythadult_yge25,geo_cov_rur,2012,17.693
ita,sex_t,age_ythadult_yge25,geo_cov_rur,2013,19.863
ita,sex_t,age_ythadult_yge25,geo_cov_rur,2014,20.599
ita,sex_t,age_ythadult_yge25,geo_cov_rur,2015,20.221
ita,sex_t,age_ythadult_yge25,geo_cov_rur,2016,19.567
ita,sex_t,age_ythadult_yge25,geo_cov_rur,2017,19.181
ita,sex_t,age_ythadult_yge25,geo_cov_rur,2018,18.126
ita,sex_t,age_ythadult_yge25,geo_cov_rur,2019,17.348
ita,sex_t,age_ythadult_yge25,geo_cov_rur,2020,17.096
ita,sex_t,age_ythadult_yge25,geo_cov_rur,2021,15.365
ita,sex_t,age_ythadult_yge25,geo_cov_rur,2022,13.973
ita,sex_t,age_ythadult_yge25,geo_cov_rur,2023,13.472
ita,sex_t,age_ythadult_yge25,geo_cov_rur,2024,11.624
ita,sex_t,age_ythadult_yge25,geo_cov_urb,2002,10.552
ita,sex_t,age_ythadult_yge25,geo_cov_urb,2003,10.139
ita,sex_t,age_ythadult_yge25,geo_cov_urb,2004,12.359
ita,sex_t,age_ythadult_yge25,geo_cov_urb,2005,12.716
ita,sex_t,age_ythadult_yge25,geo_cov_urb,2006,12.089
ita,sex_t,age_ythadult_yge25,geo_cov_urb,2007,12.367
ita,sex_t,age_ythadult_yge25,geo_cov_urb,2008,13.195
ita,sex_t,age_ythadult_yge25,geo_cov_urb,2009,13.976
ita,sex_t,age_ythadult_yge25,geo_cov_urb,2010,14.944
ita,sex_t,age_ythadult_yge25,geo_cov_urb,2011,15.185
ita,sex_t,age_ythadult_yge25,geo_cov_urb,2012,17.204
ita,sex_t,age_ythadult_yge25,geo_cov_urb,2013,18.652
ita,sex_t,age_ythadult_yge25,geo_cov_urb,2014,19.924
ita,sex_t,age_ythadult_yge25,geo_cov_urb,2015,19.775
ita,sex_t,age_ythadult_yge25,geo_cov_urb,2016,19.136
ita,sex_t,age_ythadult_yge25,geo_cov_urb,2017,18.083
ita,sex_t,age_ythadult_yge25,geo_cov_urb,2018,17.408
ita,sex_t,age_ythadult_yge25,geo_cov_urb,2019,16.817
ita,sex_t,age_ythadult_yge25,geo_cov_urb,2020,16.964
ita,sex_t,age_ythadult_yge25,geo_cov_urb,2021,17.389
ita,sex_t,age_ythadult_yge25,geo_cov_urb,2022,14.815
ita,sex_t,age_ythadult_yge25,geo_cov_urb,2023,13.434
ita,sex_t,age_ythadult_yge25,geo_cov_urb,2024,12.091
jam,sex_f,age_aggregate_total,geo_cov_nat,2020,11.937
jam,sex_f,age_aggregate_total,geo_cov_nat,2021,10.301
jam,sex_f,age_aggregate_total,geo_cov_nat,2022,7.892
jam,sex_f,age_aggregate_total,geo_cov_nat,2023,5.624
jam,sex_f,age_aggregate_total,geo_cov_rur,2020,14.847
jam,sex_f,age_aggregate_total,geo_cov_rur,2021,12.318
jam,sex_f,age_aggregate_total,geo_cov_rur,2022,10.62
jam,sex_f,age_aggregate_total,geo_cov_rur,2023,7.153
jam,sex_f,age_aggregate_total,geo_cov_urb,2020,9.759
jam,sex_f,age_aggregate_total,geo_cov_urb,2021,8.803
jam,sex_f,age_aggregate_total,geo_cov_urb,2022,5.838
jam,sex_f,age_aggregate_total,geo_cov_urb,2023,4.535
jam,sex_f,age_aggregate_y15_24,geo_cov_nat,2020,28.88
jam,sex_f,age_aggregate_y15_24,geo_cov_nat,2021,26.523
jam,sex_f,age_aggregate_y15_24,geo_cov_nat,2022,17.808
jam,sex_f,age_aggregate_y15_24,geo_cov_nat,2023,14.005
jam,sex_f,age_aggregate_y15_24,geo_cov_rur,2020,34.263
jam,sex_f,age_aggregate_y15_24,geo_cov_rur,2021,33.128
jam,sex_f,age_aggregate_y15_24,geo_cov_rur,2022,25.25
jam,sex_f,age_aggregate_y15_24,geo_cov_rur,2023,18.944
jam,sex_f,age_aggregate_y15_24,geo_cov_urb,2020,24.48
jam,sex_f,age_aggregate_y15_24,geo_cov_urb,2021,21.345
jam,sex_f,age_aggregate_y15_24,geo_cov_urb,2022,12.13
jam,sex_f,age_aggregate_y15_24,geo_cov_urb,2023,10.13
jam,sex_f,age_aggregate_y25_54,geo_cov_nat,2020,9.873
jam,sex_f,age_aggregate_y25_54,geo_cov_nat,2021,8.168
jam,sex_f,age_aggregate_y25_54,geo_cov_nat,2022,6.782
jam,sex_f,age_aggregate_y25_54,geo_cov_nat,2023,4.753
jam,sex_f,age_aggregate_y25_54,geo_cov_rur,2020,12.784
jam,sex_f,age_aggregate_y25_54,geo_cov_rur,2021,9.598
jam,sex_f,age_aggregate_y25_54,geo_cov_rur,2022,9.155
jam,sex_f,age_aggregate_y25_54,geo_cov_rur,2023,5.896
jam,sex_f,age_aggregate_y25_54,geo_cov_urb,2020,7.814
jam,sex_f,age_aggregate_y25_54,geo_cov_urb,2021,7.155
jam,sex_f,age_aggregate_y25_54,geo_cov_urb,2022,5.062
jam,sex_f,age_aggregate_y25_54,geo_cov_urb,2023,3.99
jam,sex_f,age_aggregate_y55_64,geo_cov_nat,2020,5.009
jam,sex_f,age_aggregate_y55_64,geo_cov_nat,2021,4.516
jam,sex_f,age_aggregate_y55_64,geo_cov_nat,2022,3.655
jam,sex_f,age_aggregate_y55_64,geo_cov_nat,2023,1.463
jam,sex_f,age_aggregate_y55_64,geo_cov_rur,2020,5.354
jam,sex_f,age_aggregate_y55_64,geo_cov_rur,2021,4.91
jam,sex_f,age_aggregate_y55_64,geo_cov_rur,2022,4.036
jam,sex_f,age_aggregate_y55_64,geo_cov_rur,2023,1.323
jam,sex_f,age_aggregate_y55_64,geo_cov_urb,2020,4.71
jam,sex_f,age_aggregate_y55_64,geo_cov_urb,2021,4.186
jam,sex_f,age_aggregate_y55_64,geo_cov_urb,2022,3.329
jam,sex_f,age_aggregate_y55_64,geo_cov_urb,2023,1.576
jam,sex_f,age_aggregate_yge65,geo_cov_nat,2020,4.452
jam,sex_f,age_aggregate_yge65,geo_cov_nat,2021,3.157
jam,sex_f,age_aggregate_yge65,geo_cov_nat,2022,2.037
jam,sex_f,age_aggregate_yge65,geo_cov_nat,2023,1.394
jam,sex_f,age_aggregate_yge65,geo_cov_rur,2020,3.744
jam,sex_f,age_aggregate_yge65,geo_cov_rur,2021,2.431
jam,sex_f,age_aggregate_yge65,geo_cov_rur,2022,1.597
jam,sex_f,age_aggregate_yge65,geo_cov_rur,2023,1.232
jam,sex_f,age_aggregate_yge65,geo_cov_urb,2020,5.222
jam,sex_f,age_aggregate_yge65,geo_cov_urb,2021,3.924
jam,sex_f,age_aggregate_yge65,geo_cov_urb,2022,2.496
jam,sex_f,age_aggregate_yge65,geo_cov_urb,2023,1.575
jam,sex_f,age_ythadult_y15_24,geo_cov_nat,2020,28.88
jam,sex_f,age_ythadult_y15_24,geo_cov_nat,2021,26.523
jam,sex_f,age_ythadult_y15_24,geo_cov_nat,2022,17.808
jam,sex_f,age_ythadult_y15_24,geo_cov_nat,2023,14.005
jam,sex_f,age_ythadult_y15_24,geo_cov_rur,2020,34.263
jam,sex_f,age_ythadult_y15_24,geo_cov_rur,2021,33.128
jam,sex_f,age_ythadult_y15_24,geo_cov_rur,2022,25.25
jam,sex_f,age_ythadult_y15_24,geo_cov_rur,2023,18.944
jam,sex_f,age_ythadult_y15_24,geo_cov_urb,2020,24.48
jam,sex_f,age_ythadult_y15_24,geo_cov_urb,2021,21.345
jam,sex_f,age_ythadult_y15_24,geo_cov_urb,2022,12.13
jam,sex_f,age_ythadult_y15_24,geo_cov_urb,2023,10.13
jam,sex_f,age_ythadult_y15_64,geo_cov_nat,2020,12.221
jam,sex_f,age_ythadult_y15_64,geo_cov_nat,2021,10.592
jam,sex_f,age_ythadult_y15_64,geo_cov_nat,2022,8.136
jam,sex_f,age_ythadult_y15_64,geo_cov_nat,2023,5.81
jam,sex_f,age_ythadult_y15_64,geo_cov_rur,2020,15.363
jam,sex_f,age_ythadult_y15_64,geo_cov_rur,2021,12.807
jam,sex_f,age_ythadult_y15_64,geo_cov_rur,2022,11.07
jam,sex_f,age_ythadult_y15_64,geo_cov_rur,2023,7.486
jam,sex_f,age_ythadult_y15_64,geo_cov_urb,2020,9.902
jam,sex_f,age_ythadult_y15_64,geo_cov_urb,2021,8.97
jam,sex_f,age_ythadult_y15_64,geo_cov_urb,2022,5.957
jam,sex_f,age_ythadult_y15_64,geo_cov_urb,2023,4.639
jam,sex_f,age_ythadult_yge15,geo_cov_nat,2020,11.937
jam,sex_f,age_ythadult_yge15,geo_cov_nat,2021,10.301
jam,sex_f,age_ythadult_yge15,geo_cov_nat,2022,7.892
jam,sex_f,age_ythadult_yge15,geo_cov_nat,2023,5.624
jam,sex_f,age_ythadult_yge15,geo_cov_rur,2020,14.847
jam,sex_f,age_ythadult_yge15,geo_cov_rur,2021,12.318
jam,sex_f,age_ythadult_yge15,geo_cov_rur,2022,10.62
jam,sex_f,age_ythadult_yge15,geo_cov_rur,2023,7.153
jam,sex_f,age_ythadult_yge15,geo_cov_urb,2020,9.759
jam,sex_f,age_ythadult_yge15,geo_cov_urb,2021,8.803
jam,sex_f,age_ythadult_yge15,geo_cov_urb,2022,5.838
jam,sex_f,age_ythadult_yge15,geo_cov_urb,2023,4.535
jam,sex_f,age_ythadult_yge25,geo_cov_nat,2020,9.09
jam,sex_f,age_ythadult_yge25,geo_cov_nat,2021,7.524
jam,sex_f,age_ythadult_yge25,geo_cov_nat,2022,6.203
jam,sex_f,age_ythadult_yge25,geo_cov_nat,2023,4.202
jam,sex_f,age_ythadult_yge25,geo_cov_rur,2020,11.39
jam,sex_f,age_ythadult_yge25,geo_cov_rur,2021,8.63
jam,sex_f,age_ythadult_yge25,geo_cov_rur,2022,8.105
jam,sex_f,age_ythadult_yge25,geo_cov_rur,2023,5.019
jam,sex_f,age_ythadult_yge25,geo_cov_urb,2020,7.394
jam,sex_f,age_ythadult_yge25,geo_cov_urb,2021,6.712
jam,sex_f,age_ythadult_yge25,geo_cov_urb,2022,4.772
jam,sex_f,age_ythadult_yge25,geo_cov_urb,2023,3.629
jam,sex_m,age_aggregate_total,geo_cov_nat,2020,8.629
jam,sex_m,age_aggregate_total,geo_cov_nat,2021,6.689
jam,sex_m,age_aggregate_total,geo_cov_nat,2022,4.88
jam,sex_m,age_aggregate_total,geo_cov_nat,2023,3.291
jam,sex_m,age_aggregate_total,geo_cov_rur,2020,8.726
jam,sex_m,age_aggregate_total,geo_cov_rur,2021,6.727
jam,sex_m,age_aggregate_total,geo_cov_rur,2022,5.199
jam,sex_m,age_aggregate_total,geo_cov_rur,2023,3.446
jam,sex_m,age_aggregate_total,geo_cov_urb,2020,8.533
jam,sex_m,age_aggregate_total,geo_cov_urb,2021,6.652
jam,sex_m,age_aggregate_total,geo_cov_urb,2022,4.571
jam,sex_m,age_aggregate_total,geo_cov_urb,2023,3.146
jam,sex_m,age_aggregate_y15_24,geo_cov_nat,2020,23.14
jam,sex_m,age_aggregate_y15_24,geo_cov_nat,2021,18.813
jam,sex_m,age_aggregate_y15_24,geo_cov_nat,2022,15.554
jam,sex_m,age_aggregate_y15_24,geo_cov_nat,2023,10.868
jam,sex_m,age_aggregate_y15_24,geo_cov_rur,2020,24.086
jam,sex_m,age_aggregate_y15_24,geo_cov_rur,2021,18.865
jam,sex_m,age_aggregate_y15_24,geo_cov_rur,2022,15.811
jam,sex_m,age_aggregate_y15_24,geo_cov_rur,2023,11.492
jam,sex_m,age_aggregate_y15_24,geo_cov_urb,2020,22.105
jam,sex_m,age_aggregate_y15_24,geo_cov_urb,2021,18.755
jam,sex_m,age_aggregate_y15_24,geo_cov_urb,2022,15.292
jam,sex_m,age_aggregate_y15_24,geo_cov_urb,2023,10.271
jam,sex_m,age_aggregate_y25_54,geo_cov_nat,2020,6.613
jam,sex_m,age_aggregate_y25_54,geo_cov_nat,2021,4.985
jam,sex_m,age_aggregate_y25_54,geo_cov_nat,2022,3.134
jam,sex_m,age_aggregate_y25_54,geo_cov_nat,2023,2.086
jam,sex_m,age_aggregate_y25_54,geo_cov_rur,2020,6.519
jam,sex_m,age_aggregate_y25_54,geo_cov_rur,2021,5.044
jam,sex_m,age_aggregate_y25_54,geo_cov_rur,2022,3.605
jam,sex_m,age_aggregate_y25_54,geo_cov_rur,2023,2.128
jam,sex_m,age_aggregate_y25_54,geo_cov_urb,2020,6.7
jam,sex_m,age_aggregate_y25_54,geo_cov_urb,2021,4.931
jam,sex_m,age_aggregate_y25_54,geo_cov_urb,2022,2.709
jam,sex_m,age_aggregate_y25_54,geo_cov_urb,2023,2.049
jam,sex_m,age_aggregate_y55_64,geo_cov_nat,2020,3.526
jam,sex_m,age_aggregate_y55_64,geo_cov_nat,2021,2.64
jam,sex_m,age_aggregate_y55_64,geo_cov_nat,2022,1.995
jam,sex_m,age_aggregate_y55_64,geo_cov_nat,2023,1.108
jam,sex_m,age_aggregate_y55_64,geo_cov_rur,2020,3.378
jam,sex_m,age_aggregate_y55_64,geo_cov_rur,2021,1.925
jam,sex_m,age_aggregate_y55_64,geo_cov_rur,2022,1.826
jam,sex_m,age_aggregate_y55_64,geo_cov_rur,2023,1.121
jam,sex_m,age_aggregate_y55_64,geo_cov_urb,2020,3.68
jam,sex_m,age_aggregate_y55_64,geo_cov_urb,2021,3.376
jam,sex_m,age_aggregate_y55_64,geo_cov_urb,2022,2.169
jam,sex_m,age_aggregate_y55_64,geo_cov_urb,2023,1.095
jam,sex_m,age_aggregate_yge65,geo_cov_nat,2020,2.687
jam,sex_m,age_aggregate_yge65,geo_cov_nat,2021,2.097
jam,sex_m,age_aggregate_yge65,geo_cov_nat,2022,2.326
jam,sex_m,age_aggregate_yge65,geo_cov_nat,2023,1.371
jam,sex_m,age_aggregate_yge65,geo_cov_rur,2020,2.106
jam,sex_m,age_aggregate_yge65,geo_cov_rur,2021,1.914
jam,sex_m,age_aggregate_yge65,geo_cov_rur,2022,1.839
jam,sex_m,age_aggregate_yge65,geo_cov_rur,2023,1.721
jam,sex_m,age_aggregate_yge65,geo_cov_urb,2020,3.588
jam,sex_m,age_aggregate_yge65,geo_cov_urb,2021,2.385
jam,sex_m,age_aggregate_yge65,geo_cov_urb,2022,3.091
jam,sex_m,age_aggregate_yge65,geo_cov_urb,2023,0.858
jam,sex_m,age_ythadult_y15_24,geo_cov_nat,2020,23.14
jam,sex_m,age_ythadult_y15_24,geo_cov_nat,2021,18.813
jam,sex_m,age_ythadult_y15_24,geo_cov_nat,2022,15.554
jam,sex_m,age_ythadult_y15_24,geo_cov_nat,2023,10.868
jam,sex_m,age_ythadult_y15_24,geo_cov_rur,2020,24.086
jam,sex_m,age_ythadult_y15_24,geo_cov_rur,2021,18.865
jam,sex_m,age_ythadult_y15_24,geo_cov_rur,2022,15.811
jam,sex_m,age_ythadult_y15_24,geo_cov_rur,2023,11.492
jam,sex_m,age_ythadult_y15_24,geo_cov_urb,2020,22.105
jam,sex_m,age_ythadult_y15_24,geo_cov_urb,2021,18.755
jam,sex_m,age_ythadult_y15_24,geo_cov_urb,2022,15.292
jam,sex_m,age_ythadult_y15_24,geo_cov_urb,2023,10.271
jam,sex_m,age_ythadult_y15_64,geo_cov_nat,2020,9.026
jam,sex_m,age_ythadult_y15_64,geo_cov_nat,2021,6.993
jam,sex_m,age_ythadult_y15_64,geo_cov_nat,2022,5.052
jam,sex_m,age_ythadult_y15_64,geo_cov_nat,2023,3.427
jam,sex_m,age_ythadult_y15_64,geo_cov_rur,2020,9.273
jam,sex_m,age_ythadult_y15_64,geo_cov_rur,2021,7.129
jam,sex_m,age_ythadult_y15_64,geo_cov_rur,2022,5.485
jam,sex_m,age_ythadult_y15_64,geo_cov_rur,2023,3.599
jam,sex_m,age_ythadult_y15_64,geo_cov_urb,2020,8.787
jam,sex_m,age_ythadult_y15_64,geo_cov_urb,2021,6.866
jam,sex_m,age_ythadult_y15_64,geo_cov_urb,2022,4.646
jam,sex_m,age_ythadult_y15_64,geo_cov_urb,2023,3.271
jam,sex_m,age_ythadult_yge15,geo_cov_nat,2020,8.629
jam,sex_m,age_ythadult_yge15,geo_cov_nat,2021,6.689
jam,sex_m,age_ythadult_yge15,geo_cov_nat,2022,4.88
jam,sex_m,age_ythadult_yge15,geo_cov_nat,2023,3.291
jam,sex_m,age_ythadult_yge15,geo_cov_rur,2020,8.726
jam,sex_m,age_ythadult_yge15,geo_cov_rur,2021,6.727
jam,sex_m,age_ythadult_yge15,geo_cov_rur,2022,5.199
jam,sex_m,age_ythadult_yge15,geo_cov_rur,2023,3.446
jam,sex_m,age_ythadult_yge15,geo_cov_urb,2020,8.533
jam,sex_m,age_ythadult_yge15,geo_cov_urb,2021,6.652
jam,sex_m,age_ythadult_yge15,geo_cov_urb,2022,4.571
jam,sex_m,age_ythadult_yge15,geo_cov_urb,2023,3.146
jam,sex_m,age_ythadult_yge25,geo_cov_nat,2020,5.893
jam,sex_m,age_ythadult_yge25,geo_cov_nat,2021,4.452
jam,sex_m,age_ythadult_yge25,geo_cov_nat,2022,2.915
jam,sex_m,age_ythadult_yge25,geo_cov_nat,2023,1.894
jam,sex_m,age_ythadult_yge25,geo_cov_rur,2020,5.664
jam,sex_m,age_ythadult_yge25,geo_cov_rur,2021,4.311
jam,sex_m,age_ythadult_yge25,geo_cov_rur,2022,3.183
jam,sex_m,age_ythadult_yge25,geo_cov_rur,2023,1.944
jam,sex_m,age_ythadult_yge25,geo_cov_urb,2020,6.116
jam,sex_m,age_ythadult_yge25,geo_cov_urb,2021,4.585
jam,sex_m,age_ythadult_yge25,geo_cov_urb,2022,2.658
jam,sex_m,age_ythadult_yge25,geo_cov_urb,2023,1.849
jam,sex_t,age_aggregate_total,geo_cov_nat,2020,10.144
jam,sex_t,age_aggregate_total,geo_cov_nat,2021,8.347
jam,sex_t,age_aggregate_total,geo_cov_nat,2022,6.275
jam,sex_t,age_aggregate_total,geo_cov_nat,2023,4.379
jam,sex_t,age_aggregate_total,geo_cov_rur,2020,11.3
jam,sex_t,age_aggregate_total,geo_cov_rur,2021,9.094
jam,sex_t,age_aggregate_total,geo_cov_rur,2022,7.531
jam,sex_t,age_aggregate_total,geo_cov_rur,2023,5.037
jam,sex_t,age_aggregate_total,geo_cov_urb,2020,9.135
jam,sex_t,age_aggregate_total,geo_cov_urb,2021,7.705
jam,sex_t,age_aggregate_total,geo_cov_urb,2022,5.194
jam,sex_t,age_aggregate_total,geo_cov_urb,2023,3.836
jam,sex_t,age_aggregate_y15_24,geo_cov_nat,2020,25.63
jam,sex_t,age_aggregate_y15_24,geo_cov_nat,2021,22.23
jam,sex_t,age_aggregate_y15_24,geo_cov_nat,2022,16.561
jam,sex_t,age_aggregate_y15_24,geo_cov_nat,2023,12.276
jam,sex_t,age_aggregate_y15_24,geo_cov_rur,2020,28.132
jam,sex_t,age_aggregate_y15_24,geo_cov_rur,2021,24.566
jam,sex_t,age_aggregate_y15_24,geo_cov_rur,2022,19.675
jam,sex_t,age_aggregate_y15_24,geo_cov_rur,2023,14.642
jam,sex_t,age_aggregate_y15_24,geo_cov_urb,2020,23.218
jam,sex_t,age_aggregate_y15_24,geo_cov_urb,2021,20.01
jam,sex_t,age_aggregate_y15_24,geo_cov_urb,2022,13.772
jam,sex_t,age_aggregate_y15_24,geo_cov_urb,2023,10.205
jam,sex_t,age_aggregate_y25_54,geo_cov_nat,2020,8.177
jam,sex_t,age_aggregate_y25_54,geo_cov_nat,2021,6.505
jam,sex_t,age_aggregate_y25_54,geo_cov_nat,2022,4.894
jam,sex_t,age_aggregate_y25_54,geo_cov_nat,2023,3.379
jam,sex_t,age_aggregate_y25_54,geo_cov_rur,2020,9.295
jam,sex_t,age_aggregate_y25_54,geo_cov_rur,2021,7.074
jam,sex_t,age_aggregate_y25_54,geo_cov_rur,2022,6.115
jam,sex_t,age_aggregate_y25_54,geo_cov_rur,2023,3.809
jam,sex_t,age_aggregate_y25_54,geo_cov_urb,2020,7.268
jam,sex_t,age_aggregate_y25_54,geo_cov_urb,2021,6.05
jam,sex_t,age_aggregate_y25_54,geo_cov_urb,2022,3.902
jam,sex_t,age_aggregate_y25_54,geo_cov_urb,2023,3.048
jam,sex_t,age_aggregate_y55_64,geo_cov_nat,2020,4.138
jam,sex_t,age_aggregate_y55_64,geo_cov_nat,2021,3.42
jam,sex_t,age_aggregate_y55_64,geo_cov_nat,2022,2.688
jam,sex_t,age_aggregate_y55_64,geo_cov_nat,2023,1.26
jam,sex_t,age_aggregate_y55_64,geo_cov_rur,2020,4.148
jam,sex_t,age_aggregate_y55_64,geo_cov_rur,2021,3.09
jam,sex_t,age_aggregate_y55_64,geo_cov_rur,2022,2.699
jam,sex_t,age_aggregate_y55_64,geo_cov_rur,2023,1.202
jam,sex_t,age_aggregate_y55_64,geo_cov_urb,2020,4.128
jam,sex_t,age_aggregate_y55_64,geo_cov_urb,2021,3.732
jam,sex_t,age_aggregate_y55_64,geo_cov_urb,2022,2.677
jam,sex_t,age_aggregate_y55_64,geo_cov_urb,2023,1.313
jam,sex_t,age_aggregate_yge65,geo_cov_nat,2020,3.27
jam,sex_t,age_aggregate_yge65,geo_cov_nat,2021,2.466
jam,sex_t,age_aggregate_yge65,geo_cov_nat,2022,2.224
jam,sex_t,age_aggregate_yge65,geo_cov_nat,2023,1.379
jam,sex_t,age_aggregate_yge65,geo_cov_rur,2020,2.592
jam,sex_t,age_aggregate_yge65,geo_cov_rur,2021,2.074
jam,sex_t,age_aggregate_yge65,geo_cov_rur,2022,1.763
jam,sex_t,age_aggregate_yge65,geo_cov_rur,2023,1.56
jam,sex_t,age_aggregate_yge65,geo_cov_urb,2020,4.202
jam,sex_t,age_aggregate_yge65,geo_cov_urb,2021,3.001
jam,sex_t,age_aggregate_yge65,geo_cov_urb,2022,2.848
jam,sex_t,age_aggregate_yge65,geo_cov_urb,2023,1.139
jam,sex_t,age_ythadult_y15_24,geo_cov_nat,2020,25.63
jam,sex_t,age_ythadult_y15_24,geo_cov_nat,2021,22.23
jam,sex_t,age_ythadult_y15_24,geo_cov_nat,2022,16.561
jam,sex_t,age_ythadult_y15_24,geo_cov_nat,2023,12.276
jam,sex_t,age_ythadult_y15_24,geo_cov_rur,2020,28.132
jam,sex_t,age_ythadult_y15_24,geo_cov_rur,2021,24.566
jam,sex_t,age_ythadult_y15_24,geo_cov_rur,2022,19.675
jam,sex_t,age_ythadult_y15_24,geo_cov_rur,2023,14.642
jam,sex_t,age_ythadult_y15_24,geo_cov_urb,2020,23.218
jam,sex_t,age_ythadult_y15_24,geo_cov_urb,2021,20.01
jam,sex_t,age_ythadult_y15_24,geo_cov_urb,2022,13.772
jam,sex_t,age_ythadult_y15_24,geo_cov_urb,2023,10.205
jam,sex_t,age_ythadult_y15_64,geo_cov_nat,2020,10.511
jam,sex_t,age_ythadult_y15_64,geo_cov_nat,2021,8.667
jam,sex_t,age_ythadult_y15_64,geo_cov_nat,2022,6.499
jam,sex_t,age_ythadult_y15_64,geo_cov_nat,2023,4.553
jam,sex_t,age_ythadult_y15_64,geo_cov_rur,2020,11.884
jam,sex_t,age_ythadult_y15_64,geo_cov_rur,2021,9.577
jam,sex_t,age_ythadult_y15_64,geo_cov_rur,2022,7.932
jam,sex_t,age_ythadult_y15_64,geo_cov_rur,2023,5.296
jam,sex_t,age_ythadult_y15_64,geo_cov_urb,2020,9.34
jam,sex_t,age_ythadult_y15_64,geo_cov_urb,2021,7.904
jam,sex_t,age_ythadult_y15_64,geo_cov_urb,2022,5.295
jam,sex_t,age_ythadult_y15_64,geo_cov_urb,2023,3.957
jam,sex_t,age_ythadult_yge15,geo_cov_nat,2020,10.144
jam,sex_t,age_ythadult_yge15,geo_cov_nat,2021,8.347
jam,sex_t,age_ythadult_yge15,geo_cov_nat,2022,6.275
jam,sex_t,age_ythadult_yge15,geo_cov_nat,2023,4.379
jam,sex_t,age_ythadult_yge15,geo_cov_rur,2020,11.3
jam,sex_t,age_ythadult_yge15,geo_cov_rur,2021,9.094
jam,sex_t,age_ythadult_yge15,geo_cov_rur,2022,7.531
jam,sex_t,age_ythadult_yge15,geo_cov_rur,2023,5.037
jam,sex_t,age_ythadult_yge15,geo_cov_urb,2020,9.135
jam,sex_t,age_ythadult_yge15,geo_cov_urb,2021,7.705
jam,sex_t,age_ythadult_yge15,geo_cov_urb,2022,5.194
jam,sex_t,age_ythadult_yge15,geo_cov_urb,2023,3.836
jam,sex_t,age_ythadult_yge25,geo_cov_nat,2020,7.371
jam,sex_t,age_ythadult_yge25,geo_cov_nat,2021,5.871
jam,sex_t,age_ythadult_yge25,geo_cov_nat,2022,4.447
jam,sex_t,age_ythadult_yge25,geo_cov_nat,2023,2.978
jam,sex_t,age_ythadult_yge25,geo_cov_rur,2020,8.097
jam,sex_t,age_ythadult_yge25,geo_cov_rur,2021,6.159
jam,sex_t,age_ythadult_yge25,geo_cov_rur,2022,5.319
jam,sex_t,age_ythadult_yge25,geo_cov_rur,2023,3.267
jam,sex_t,age_ythadult_yge25,geo_cov_urb,2020,6.748
jam,sex_t,age_ythadult_yge25,geo_cov_urb,2021,5.628
jam,sex_t,age_ythadult_yge25,geo_cov_urb,2022,3.702
jam,sex_t,age_ythadult_yge25,geo_cov_urb,2023,2.741
jor,sex_f,age_aggregate_total,geo_cov_nat,2017,39.033
jor,sex_f,age_aggregate_total,geo_cov_nat,2018,33.119
jor,sex_f,age_aggregate_total,geo_cov_nat,2019,32.641
jor,sex_f,age_aggregate_total,geo_cov_nat,2020,33.052
jor,sex_f,age_aggregate_total,geo_cov_nat,2021,33.299
jor,sex_f,age_aggregate_total,geo_cov_nat,2022,33.897
jor,sex_f,age_aggregate_total,geo_cov_nat,2023,28.656
jor,sex_f,age_aggregate_total,geo_cov_rur,2017,48.546
jor,sex_f,age_aggregate_total,geo_cov_rur,2018,40.158
jor,sex_f,age_aggregate_total,geo_cov_rur,2019,33.316
jor,sex_f,age_aggregate_total,geo_cov_rur,2020,36.891
jor,sex_f,age_aggregate_total,geo_cov_rur,2021,39.818
jor,sex_f,age_aggregate_total,geo_cov_rur,2022,37.978
jor,sex_f,age_aggregate_total,geo_cov_rur,2023,35.94
jor,sex_f,age_aggregate_total,geo_cov_urb,2017,37.897
jor,sex_f,age_aggregate_total,geo_cov_urb,2018,32.321
jor,sex_f,age_aggregate_total,geo_cov_urb,2019,32.566
jor,sex_f,age_aggregate_total,geo_cov_urb,2020,32.656
jor,sex_f,age_aggregate_total,geo_cov_urb,2021,32.629
jor,sex_f,age_aggregate_total,geo_cov_urb,2022,33.471
jor,sex_f,age_aggregate_total,geo_cov_urb,2023,27.947
jor,sex_f,age_aggregate_y15_24,geo_cov_nat,2017,60.533
jor,sex_f,age_aggregate_y15_24,geo_cov_nat,2018,59.658
jor,sex_f,age_aggregate_y15_24,geo_cov_nat,2019,58.029
jor,sex_f,age_aggregate_y15_24,geo_cov_nat,2020,61.511
jor,sex_f,age_aggregate_y15_24,geo_cov_nat,2021,62.001
jor,sex_f,age_aggregate_y15_24,geo_cov_nat,2022,54.914
jor,sex_f,age_aggregate_y15_24,geo_cov_nat,2023,45.38
jor,sex_f,age_aggregate_y15_24,geo_cov_rur,2017,70.584
jor,sex_f,age_aggregate_y15_24,geo_cov_rur,2018,67.779
jor,sex_f,age_aggregate_y15_24,geo_cov_rur,2019,66.47
jor,sex_f,age_aggregate_y15_24,geo_cov_rur,2020,65.554
jor,sex_f,age_aggregate_y15_24,geo_cov_rur,2021,71.968
jor,sex_f,age_aggregate_y15_24,geo_cov_rur,2022,69.01
jor,sex_f,age_aggregate_y15_24,geo_cov_rur,2023,65.692
jor,sex_f,age_aggregate_y15_24,geo_cov_urb,2017,59.266
jor,sex_f,age_aggregate_y15_24,geo_cov_urb,2018,58.812
jor,sex_f,age_aggregate_y15_24,geo_cov_urb,2019,57.336
jor,sex_f,age_aggregate_y15_24,geo_cov_urb,2020,61.165
jor,sex_f,age_aggregate_y15_24,geo_cov_urb,2021,61.149
jor,sex_f,age_aggregate_y15_24,geo_cov_urb,2022,53.755
jor,sex_f,age_aggregate_y15_24,geo_cov_urb,2023,43.799
jor,sex_f,age_aggregate_y25_54,geo_cov_nat,2017,32.637
jor,sex_f,age_aggregate_y25_54,geo_cov_nat,2018,26.803
jor,sex_f,age_aggregate_y25_54,geo_cov_nat,2019,26.219
jor,sex_f,age_aggregate_y25_54,geo_cov_nat,2020,27.319
jor,sex_f,age_aggregate_y25_54,geo_cov_nat,2021,27.843
jor,sex_f,age_aggregate_y25_54,geo_cov_nat,2022,29.174
jor,sex_f,age_aggregate_y25_54,geo_cov_nat,2023,24.442
jor,sex_f,age_aggregate_y25_54,geo_cov_rur,2017,41.875
jor,sex_f,age_aggregate_y25_54,geo_cov_rur,2018,34.219
jor,sex_f,age_aggregate_y25_54,geo_cov_rur,2019,27.141
jor,sex_f,age_aggregate_y25_54,geo_cov_rur,2020,32.283
jor,sex_f,age_aggregate_y25_54,geo_cov_rur,2021,34.722
jor,sex_f,age_aggregate_y25_54,geo_cov_rur,2022,32.445
jor,sex_f,age_aggregate_y25_54,geo_cov_rur,2023,29.939
jor,sex_f,age_aggregate_y25_54,geo_cov_urb,2017,31.539
jor,sex_f,age_aggregate_y25_54,geo_cov_urb,2018,25.94
jor,sex_f,age_aggregate_y25_54,geo_cov_urb,2019,26.109
jor,sex_f,age_aggregate_y25_54,geo_cov_urb,2020,26.786
jor,sex_f,age_aggregate_y25_54,geo_cov_urb,2021,27.105
jor,sex_f,age_aggregate_y25_54,geo_cov_urb,2022,28.811
jor,sex_f,age_aggregate_y25_54,geo_cov_urb,2023,23.873
jor,sex_f,age_aggregate_y55_64,geo_cov_nat,2017,34.056
jor,sex_f,age_aggregate_y55_64,geo_cov_nat,2018,10.015
jor,sex_f,age_aggregate_y55_64,geo_cov_nat,2019,2.639
jor,sex_f,age_aggregate_y55_64,geo_cov_nat,2020,2.89
jor,sex_f,age_aggregate_y55_64,geo_cov_nat,2021,3.523
jor,sex_f,age_aggregate_y55_64,geo_cov_nat,2022,2.927
jor,sex_f,age_aggregate_y55_64,geo_cov_nat,2023,4.658
jor,sex_f,age_aggregate_y55_64,geo_cov_rur,2017,23.259
jor,sex_f,age_aggregate_y55_64,geo_cov_urb,2017,34.691
jor,sex_f,age_aggregate_y55_64,geo_cov_urb,2018,10.421
jor,sex_f,age_aggregate_y55_64,geo_cov_urb,2019,2.665
jor,sex_f,age_aggregate_y55_64,geo_cov_urb,2020,2.924
jor,sex_f,age_aggregate_y55_64,geo_cov_urb,2021,3.51
jor,sex_f,age_aggregate_y55_64,geo_cov_urb,2022,3.174
jor,sex_f,age_aggregate_y55_64,geo_cov_urb,2023,5.006
jor,sex_f,age_aggregate_yge65,geo_cov_nat,2017,29.508
jor,sex_f,age_aggregate_yge65,geo_cov_nat,2018,0
jor,sex_f,age_aggregate_yge65,geo_cov_nat,2019,0
jor,sex_f,age_aggregate_yge65,geo_cov_urb,2017,31.006
jor,sex_f,age_aggregate_yge65,geo_cov_urb,2018,0
jor,sex_f,age_ythadult_y15_24,geo_cov_nat,2017,60.533
jor,sex_f,age_ythadult_y15_24,geo_cov_nat,2018,59.658
jor,sex_f,age_ythadult_y15_24,geo_cov_nat,2019,58.029
jor,sex_f,age_ythadult_y15_24,geo_cov_nat,2020,61.511
jor,sex_f,age_ythadult_y15_24,geo_cov_nat,2021,62.001
jor,sex_f,age_ythadult_y15_24,geo_cov_nat,2022,54.914
jor,sex_f,age_ythadult_y15_24,geo_cov_nat,2023,45.38
jor,sex_f,age_ythadult_y15_24,geo_cov_rur,2017,70.584
jor,sex_f,age_ythadult_y15_24,geo_cov_rur,2018,67.779
jor,sex_f,age_ythadult_y15_24,geo_cov_rur,2019,66.47
jor,sex_f,age_ythadult_y15_24,geo_cov_rur,2020,65.554
jor,sex_f,age_ythadult_y15_24,geo_cov_rur,2021,71.968
jor,sex_f,age_ythadult_y15_24,geo_cov_rur,2022,69.01
jor,sex_f,age_ythadult_y15_24,geo_cov_rur,2023,65.692
jor,sex_f,age_ythadult_y15_24,geo_cov_urb,2017,59.266
jor,sex_f,age_ythadult_y15_24,geo_cov_urb,2018,58.812
jor,sex_f,age_ythadult_y15_24,geo_cov_urb,2019,57.336
jor,sex_f,age_ythadult_y15_24,geo_cov_urb,2020,61.165
jor,sex_f,age_ythadult_y15_24,geo_cov_urb,2021,61.149
jor,sex_f,age_ythadult_y15_24,geo_cov_urb,2022,53.755
jor,sex_f,age_ythadult_y15_24,geo_cov_urb,2023,43.799
jor,sex_f,age_ythadult_y15_64,geo_cov_nat,2017,39.056
jor,sex_f,age_ythadult_y15_64,geo_cov_nat,2018,33.159
jor,sex_f,age_ythadult_y15_64,geo_cov_nat,2019,32.685
jor,sex_f,age_ythadult_y15_64,geo_cov_nat,2020,33.064
jor,sex_f,age_ythadult_y15_64,geo_cov_nat,2021,33.353
jor,sex_f,age_ythadult_y15_64,geo_cov_nat,2022,34.004
jor,sex_f,age_ythadult_y15_64,geo_cov_nat,2023,28.727
jor,sex_f,age_ythadult_y15_64,geo_cov_rur,2017,48.624
jor,sex_f,age_ythadult_y15_64,geo_cov_rur,2018,40.16
jor,sex_f,age_ythadult_y15_64,geo_cov_rur,2019,33.333
jor,sex_f,age_ythadult_y15_64,geo_cov_rur,2020,36.919
jor,sex_f,age_ythadult_y15_64,geo_cov_rur,2021,39.823
jor,sex_f,age_ythadult_y15_64,geo_cov_rur,2022,37.989
jor,sex_f,age_ythadult_y15_64,geo_cov_rur,2023,35.943
jor,sex_f,age_ythadult_y15_64,geo_cov_urb,2017,37.913
jor,sex_f,age_ythadult_y15_64,geo_cov_urb,2018,32.364
jor,sex_f,age_ythadult_y15_64,geo_cov_urb,2019,32.613
jor,sex_f,age_ythadult_y15_64,geo_cov_urb,2020,32.666
jor,sex_f,age_ythadult_y15_64,geo_cov_urb,2021,32.686
jor,sex_f,age_ythadult_y15_64,geo_cov_urb,2022,33.587
jor,sex_f,age_ythadult_y15_64,geo_cov_urb,2023,28.024
jor,sex_f,age_ythadult_yge15,geo_cov_nat,2017,39.033
jor,sex_f,age_ythadult_yge15,geo_cov_nat,2018,33.119
jor,sex_f,age_ythadult_yge15,geo_cov_nat,2019,32.641
jor,sex_f,age_ythadult_yge15,geo_cov_nat,2020,33.052
jor,sex_f,age_ythadult_yge15,geo_cov_nat,2021,33.299
jor,sex_f,age_ythadult_yge15,geo_cov_nat,2022,33.897
jor,sex_f,age_ythadult_yge15,geo_cov_nat,2023,28.656
jor,sex_f,age_ythadult_yge15,geo_cov_rur,2017,48.546
jor,sex_f,age_ythadult_yge15,geo_cov_rur,2018,40.158
jor,sex_f,age_ythadult_yge15,geo_cov_rur,2019,33.316
jor,sex_f,age_ythadult_yge15,geo_cov_rur,2020,36.891
jor,sex_f,age_ythadult_yge15,geo_cov_rur,2021,39.818
jor,sex_f,age_ythadult_yge15,geo_cov_rur,2022,37.978
jor,sex_f,age_ythadult_yge15,geo_cov_rur,2023,35.94
jor,sex_f,age_ythadult_yge15,geo_cov_urb,2017,37.897
jor,sex_f,age_ythadult_yge15,geo_cov_urb,2018,32.321
jor,sex_f,age_ythadult_yge15,geo_cov_urb,2019,32.566
jor,sex_f,age_ythadult_yge15,geo_cov_urb,2020,32.656
jor,sex_f,age_ythadult_yge15,geo_cov_urb,2021,32.629
jor,sex_f,age_ythadult_yge15,geo_cov_urb,2022,33.471
jor,sex_f,age_ythadult_yge15,geo_cov_urb,2023,27.947
jor,sex_f,age_ythadult_yge25,geo_cov_nat,2017,32.657
jor,sex_f,age_ythadult_yge25,geo_cov_nat,2018,26.488
jor,sex_f,age_ythadult_yge25,geo_cov_nat,2019,25.796
jor,sex_f,age_ythadult_yge25,geo_cov_nat,2020,26.905
jor,sex_f,age_ythadult_yge25,geo_cov_nat,2021,27.436
jor,sex_f,age_ythadult_yge25,geo_cov_nat,2022,28.602
jor,sex_f,age_ythadult_yge25,geo_cov_nat,2023,24.02
jor,sex_f,age_ythadult_yge25,geo_cov_rur,2017,41.592
jor,sex_f,age_ythadult_yge25,geo_cov_rur,2018,33.876
jor,sex_f,age_ythadult_yge25,geo_cov_rur,2019,26.916
jor,sex_f,age_ythadult_yge25,geo_cov_rur,2020,31.838
jor,sex_f,age_ythadult_yge25,geo_cov_rur,2021,34.438
jor,sex_f,age_ythadult_yge25,geo_cov_rur,2022,31.988
jor,sex_f,age_ythadult_yge25,geo_cov_rur,2023,29.547
jor,sex_f,age_ythadult_yge25,geo_cov_urb,2017,31.606
jor,sex_f,age_ythadult_yge25,geo_cov_urb,2018,25.634
jor,sex_f,age_ythadult_yge25,geo_cov_urb,2019,25.664
jor,sex_f,age_ythadult_yge25,geo_cov_urb,2020,26.377
jor,sex_f,age_ythadult_yge25,geo_cov_urb,2021,26.691
jor,sex_f,age_ythadult_yge25,geo_cov_urb,2022,28.229
jor,sex_f,age_ythadult_yge25,geo_cov_urb,2023,23.452
jor,sex_m,age_aggregate_total,geo_cov_nat,2017,19.838
jor,sex_m,age_aggregate_total,geo_cov_nat,2018,20.81
jor,sex_m,age_aggregate_total,geo_cov_nat,2019,19.608
jor,sex_m,age_aggregate_total,geo_cov_nat,2020,21.566
jor,sex_m,age_aggregate_total,geo_cov_nat,2021,21.791
jor,sex_m,age_aggregate_total,geo_cov_nat,2022,19.847
jor,sex_m,age_aggregate_total,geo_cov_nat,2023,17.935
jor,sex_m,age_aggregate_total,geo_cov_rur,2017,18.74
jor,sex_m,age_aggregate_total,geo_cov_rur,2018,18.27
jor,sex_m,age_aggregate_total,geo_cov_rur,2019,17.315
jor,sex_m,age_aggregate_total,geo_cov_rur,2020,20.363
jor,sex_m,age_aggregate_total,geo_cov_rur,2021,23.334
jor,sex_m,age_aggregate_total,geo_cov_rur,2022,22.058
jor,sex_m,age_aggregate_total,geo_cov_rur,2023,20.891
jor,sex_m,age_aggregate_total,geo_cov_urb,2017,19.947
jor,sex_m,age_aggregate_total,geo_cov_urb,2018,21.058
jor,sex_m,age_aggregate_total,geo_cov_urb,2019,19.82
jor,sex_m,age_aggregate_total,geo_cov_urb,2020,21.672
jor,sex_m,age_aggregate_total,geo_cov_urb,2021,21.658
jor,sex_m,age_aggregate_total,geo_cov_urb,2022,19.653
jor,sex_m,age_aggregate_total,geo_cov_urb,2023,17.664
jor,sex_m,age_aggregate_y15_24,geo_cov_nat,2017,37.46
jor,sex_m,age_aggregate_y15_24,geo_cov_nat,2018,42.254
jor,sex_m,age_aggregate_y15_24,geo_cov_nat,2019,41.796
jor,sex_m,age_aggregate_y15_24,geo_cov_nat,2020,46.847
jor,sex_m,age_aggregate_y15_24,geo_cov_nat,2021,46.377
jor,sex_m,age_aggregate_y15_24,geo_cov_nat,2022,45.743
jor,sex_m,age_aggregate_y15_24,geo_cov_nat,2023,43.653
jor,sex_m,age_aggregate_y15_24,geo_cov_rur,2017,37.783
jor,sex_m,age_aggregate_y15_24,geo_cov_rur,2018,41.18
jor,sex_m,age_aggregate_y15_24,geo_cov_rur,2019,40.824
jor,sex_m,age_aggregate_y15_24,geo_cov_rur,2020,45.287
jor,sex_m,age_aggregate_y15_24,geo_cov_rur,2021,51.912
jor,sex_m,age_aggregate_y15_24,geo_cov_rur,2022,51.319
jor,sex_m,age_aggregate_y15_24,geo_cov_rur,2023,51.009
jor,sex_m,age_aggregate_y15_24,geo_cov_urb,2017,37.425
jor,sex_m,age_aggregate_y15_24,geo_cov_urb,2018,42.367
jor,sex_m,age_aggregate_y15_24,geo_cov_urb,2019,41.896
jor,sex_m,age_aggregate_y15_24,geo_cov_urb,2020,47.008
jor,sex_m,age_aggregate_y15_24,geo_cov_urb,2021,45.829
jor,sex_m,age_aggregate_y15_24,geo_cov_urb,2022,45.164
jor,sex_m,age_aggregate_y15_24,geo_cov_urb,2023,42.82
jor,sex_m,age_aggregate_y25_54,geo_cov_nat,2017,14.762
jor,sex_m,age_aggregate_y25_54,geo_cov_nat,2018,15.64
jor,sex_m,age_aggregate_y25_54,geo_cov_nat,2019,14.689
jor,sex_m,age_aggregate_y25_54,geo_cov_nat,2020,16.41
jor,sex_m,age_aggregate_y25_54,geo_cov_nat,2021,17.231
jor,sex_m,age_aggregate_y25_54,geo_cov_nat,2022,15.048
jor,sex_m,age_aggregate_y25_54,geo_cov_nat,2023,13.373
jor,sex_m,age_aggregate_y25_54,geo_cov_rur,2017,12.229
jor,sex_m,age_aggregate_y25_54,geo_cov_rur,2018,12.161
jor,sex_m,age_aggregate_y25_54,geo_cov_rur,2019,11.418
jor,sex_m,age_aggregate_y25_54,geo_cov_rur,2020,14.321
jor,sex_m,age_aggregate_y25_54,geo_cov_rur,2021,16.518
jor,sex_m,age_aggregate_y25_54,geo_cov_rur,2022,15.31
jor,sex_m,age_aggregate_y25_54,geo_cov_rur,2023,14.208
jor,sex_m,age_aggregate_y25_54,geo_cov_urb,2017,15.009
jor,sex_m,age_aggregate_y25_54,geo_cov_urb,2018,15.978
jor,sex_m,age_aggregate_y25_54,geo_cov_urb,2019,14.984
jor,sex_m,age_aggregate_y25_54,geo_cov_urb,2020,16.59
jor,sex_m,age_aggregate_y25_54,geo_cov_urb,2021,17.292
jor,sex_m,age_aggregate_y25_54,geo_cov_urb,2022,15.025
jor,sex_m,age_aggregate_y25_54,geo_cov_urb,2023,13.298
jor,sex_m,age_aggregate_y55_64,geo_cov_nat,2017,13.55
jor,sex_m,age_aggregate_y55_64,geo_cov_nat,2018,10.374
jor,sex_m,age_aggregate_y55_64,geo_cov_nat,2019,9.943
jor,sex_m,age_aggregate_y55_64,geo_cov_nat,2020,15.2
jor,sex_m,age_aggregate_y55_64,geo_cov_nat,2021,6.63
jor,sex_m,age_aggregate_y55_64,geo_cov_nat,2022,6.404
jor,sex_m,age_aggregate_y55_64,geo_cov_nat,2023,8.883
jor,sex_m,age_aggregate_y55_64,geo_cov_rur,2017,13.054
jor,sex_m,age_aggregate_y55_64,geo_cov_rur,2018,5.467
jor,sex_m,age_aggregate_y55_64,geo_cov_rur,2019,3.968
jor,sex_m,age_aggregate_y55_64,geo_cov_rur,2020,12.086
jor,sex_m,age_aggregate_y55_64,geo_cov_rur,2021,9.186
jor,sex_m,age_aggregate_y55_64,geo_cov_rur,2022,3.488
jor,sex_m,age_aggregate_y55_64,geo_cov_rur,2023,2.553
jor,sex_m,age_aggregate_y55_64,geo_cov_urb,2017,13.584
jor,sex_m,age_aggregate_y55_64,geo_cov_urb,2018,10.76
jor,sex_m,age_aggregate_y55_64,geo_cov_urb,2019,10.426
jor,sex_m,age_aggregate_y55_64,geo_cov_urb,2020,15.444
jor,sex_m,age_aggregate_y55_64,geo_cov_urb,2021,6.479
jor,sex_m,age_aggregate_y55_64,geo_cov_urb,2022,6.589
jor,sex_m,age_aggregate_y55_64,geo_cov_urb,2023,9.309
jor,sex_m,age_aggregate_yge65,geo_cov_nat,2017,11.894
jor,sex_m,age_aggregate_yge65,geo_cov_nat,2018,6.098
jor,sex_m,age_aggregate_yge65,geo_cov_nat,2019,7.126
jor,sex_m,age_aggregate_yge65,geo_cov_nat,2020,4.587
jor,sex_m,age_aggregate_yge65,geo_cov_nat,2021,2.748
jor,sex_m,age_aggregate_yge65,geo_cov_nat,2022,2.341
jor,sex_m,age_aggregate_yge65,geo_cov_nat,2023,3.687
jor,sex_m,age_aggregate_yge65,geo_cov_rur,2017,11.98
jor,sex_m,age_aggregate_yge65,geo_cov_rur,2018,5.097
jor,sex_m,age_aggregate_yge65,geo_cov_urb,2017,11.888
jor,sex_m,age_aggregate_yge65,geo_cov_urb,2018,6.171
jor,sex_m,age_aggregate_yge65,geo_cov_urb,2019,7.44
jor,sex_m,age_aggregate_yge65,geo_cov_urb,2020,4.816
jor,sex_m,age_aggregate_yge65,geo_cov_urb,2021,2.568
jor,sex_m,age_aggregate_yge65,geo_cov_urb,2022,2.275
jor,sex_m,age_aggregate_yge65,geo_cov_urb,2023,3.654
jor,sex_m,age_ythadult_y15_24,geo_cov_nat,2017,37.46
jor,sex_m,age_ythadult_y15_24,geo_cov_nat,2018,42.254
jor,sex_m,age_ythadult_y15_24,geo_cov_nat,2019,41.796
jor,sex_m,age_ythadult_y15_24,geo_cov_nat,2020,46.847
jor,sex_m,age_ythadult_y15_24,geo_cov_nat,2021,46.377
jor,sex_m,age_ythadult_y15_24,geo_cov_nat,2022,45.743
jor,sex_m,age_ythadult_y15_24,geo_cov_nat,2023,43.653
jor,sex_m,age_ythadult_y15_24,geo_cov_rur,2017,37.783
jor,sex_m,age_ythadult_y15_24,geo_cov_rur,2018,41.18
jor,sex_m,age_ythadult_y15_24,geo_cov_rur,2019,40.824
jor,sex_m,age_ythadult_y15_24,geo_cov_rur,2020,45.287
jor,sex_m,age_ythadult_y15_24,geo_cov_rur,2021,51.912
jor,sex_m,age_ythadult_y15_24,geo_cov_rur,2022,51.319
jor,sex_m,age_ythadult_y15_24,geo_cov_rur,2023,51.009
jor,sex_m,age_ythadult_y15_24,geo_cov_urb,2017,37.425
jor,sex_m,age_ythadult_y15_24,geo_cov_urb,2018,42.367
jor,sex_m,age_ythadult_y15_24,geo_cov_urb,2019,41.896
jor,sex_m,age_ythadult_y15_24,geo_cov_urb,2020,47.008
jor,sex_m,age_ythadult_y15_24,geo_cov_urb,2021,45.829
jor,sex_m,age_ythadult_y15_24,geo_cov_urb,2022,45.164
jor,sex_m,age_ythadult_y15_24,geo_cov_urb,2023,42.82
jor,sex_m,age_ythadult_y15_64,geo_cov_nat,2017,19.941
jor,sex_m,age_ythadult_y15_64,geo_cov_nat,2018,20.961
jor,sex_m,age_ythadult_y15_64,geo_cov_nat,2019,19.696
jor,sex_m,age_ythadult_y15_64,geo_cov_nat,2020,21.689
jor,sex_m,age_ythadult_y15_64,geo_cov_nat,2021,21.963
jor,sex_m,age_ythadult_y15_64,geo_cov_nat,2022,19.993
jor,sex_m,age_ythadult_y15_64,geo_cov_nat,2023,18.058
jor,sex_m,age_ythadult_y15_64,geo_cov_rur,2017,18.808
jor,sex_m,age_ythadult_y15_64,geo_cov_rur,2018,18.373
jor,sex_m,age_ythadult_y15_64,geo_cov_rur,2019,17.396
jor,sex_m,age_ythadult_y15_64,geo_cov_rur,2020,20.449
jor,sex_m,age_ythadult_y15_64,geo_cov_rur,2021,23.448
jor,sex_m,age_ythadult_y15_64,geo_cov_rur,2022,22.192
jor,sex_m,age_ythadult_y15_64,geo_cov_rur,2023,21.005
jor,sex_m,age_ythadult_y15_64,geo_cov_urb,2017,20.053
jor,sex_m,age_ythadult_y15_64,geo_cov_urb,2018,21.214
jor,sex_m,age_ythadult_y15_64,geo_cov_urb,2019,19.908
jor,sex_m,age_ythadult_y15_64,geo_cov_urb,2020,21.798
jor,sex_m,age_ythadult_y15_64,geo_cov_urb,2021,21.834
jor,sex_m,age_ythadult_y15_64,geo_cov_urb,2022,19.799
jor,sex_m,age_ythadult_y15_64,geo_cov_urb,2023,17.787
jor,sex_m,age_ythadult_yge15,geo_cov_nat,2017,19.838
jor,sex_m,age_ythadult_yge15,geo_cov_nat,2018,20.81
jor,sex_m,age_ythadult_yge15,geo_cov_nat,2019,19.608
jor,sex_m,age_ythadult_yge15,geo_cov_nat,2020,21.566
jor,sex_m,age_ythadult_yge15,geo_cov_nat,2021,21.791
jor,sex_m,age_ythadult_yge15,geo_cov_nat,2022,19.847
jor,sex_m,age_ythadult_yge15,geo_cov_nat,2023,17.935
jor,sex_m,age_ythadult_yge15,geo_cov_rur,2017,18.74
jor,sex_m,age_ythadult_yge15,geo_cov_rur,2018,18.27
jor,sex_m,age_ythadult_yge15,geo_cov_rur,2019,17.315
jor,sex_m,age_ythadult_yge15,geo_cov_rur,2020,20.363
jor,sex_m,age_ythadult_yge15,geo_cov_rur,2021,23.334
jor,sex_m,age_ythadult_yge15,geo_cov_rur,2022,22.058
jor,sex_m,age_ythadult_yge15,geo_cov_rur,2023,20.891
jor,sex_m,age_ythadult_yge15,geo_cov_urb,2017,19.947
jor,sex_m,age_ythadult_yge15,geo_cov_urb,2018,21.058
jor,sex_m,age_ythadult_yge15,geo_cov_urb,2019,19.82
jor,sex_m,age_ythadult_yge15,geo_cov_urb,2020,21.672
jor,sex_m,age_ythadult_yge15,geo_cov_urb,2021,21.658
jor,sex_m,age_ythadult_yge15,geo_cov_urb,2022,19.653
jor,sex_m,age_ythadult_yge15,geo_cov_urb,2023,17.664
jor,sex_m,age_ythadult_yge25,geo_cov_nat,2017,14.636
jor,sex_m,age_ythadult_yge25,geo_cov_nat,2018,15.21
jor,sex_m,age_ythadult_yge25,geo_cov_nat,2019,14.365
jor,sex_m,age_ythadult_yge25,geo_cov_nat,2020,16.248
jor,sex_m,age_ythadult_yge25,geo_cov_nat,2021,16.45
jor,sex_m,age_ythadult_yge25,geo_cov_nat,2022,14.472
jor,sex_m,age_ythadult_yge25,geo_cov_nat,2023,13.047
jor,sex_m,age_ythadult_yge25,geo_cov_rur,2017,12.265
jor,sex_m,age_ythadult_yge25,geo_cov_rur,2018,11.763
jor,sex_m,age_ythadult_yge25,geo_cov_rur,2019,10.988
jor,sex_m,age_ythadult_yge25,geo_cov_rur,2020,14.143
jor,sex_m,age_ythadult_yge25,geo_cov_rur,2021,16.122
jor,sex_m,age_ythadult_yge25,geo_cov_rur,2022,14.733
jor,sex_m,age_ythadult_yge25,geo_cov_rur,2023,13.664
jor,sex_m,age_ythadult_yge25,geo_cov_urb,2017,14.862
jor,sex_m,age_ythadult_yge25,geo_cov_urb,2018,15.54
jor,sex_m,age_ythadult_yge25,geo_cov_urb,2019,14.668
jor,sex_m,age_ythadult_yge25,geo_cov_urb,2020,16.427
jor,sex_m,age_ythadult_yge25,geo_cov_urb,2021,16.477
jor,sex_m,age_ythadult_yge25,geo_cov_urb,2022,14.45
jor,sex_m,age_ythadult_yge25,geo_cov_urb,2023,12.993
jor,sex_t,age_aggregate_total,geo_cov_nat,2017,24.217
jor,sex_t,age_aggregate_total,geo_cov_nat,2018,23.127
jor,sex_t,age_aggregate_total,geo_cov_nat,2019,21.77
jor,sex_t,age_aggregate_total,geo_cov_nat,2020,23.618
jor,sex_t,age_aggregate_total,geo_cov_nat,2021,23.821
jor,sex_t,age_aggregate_total,geo_cov_nat,2022,22.318
jor,sex_t,age_aggregate_total,geo_cov_nat,2023,19.992
jor,sex_t,age_aggregate_total,geo_cov_rur,2017,26.474
jor,sex_t,age_aggregate_total,geo_cov_rur,2018,22.86
jor,sex_t,age_aggregate_total,geo_cov_rur,2019,20.354
jor,sex_t,age_aggregate_total,geo_cov_rur,2020,23.675
jor,sex_t,age_aggregate_total,geo_cov_rur,2021,26.635
jor,sex_t,age_aggregate_total,geo_cov_rur,2022,25.238
jor,sex_t,age_aggregate_total,geo_cov_rur,2023,23.907
jor,sex_t,age_aggregate_total,geo_cov_urb,2017,23.984
jor,sex_t,age_aggregate_total,geo_cov_urb,2018,23.154
jor,sex_t,age_aggregate_total,geo_cov_urb,2019,21.905
jor,sex_t,age_aggregate_total,geo_cov_urb,2020,23.613
jor,sex_t,age_aggregate_total,geo_cov_urb,2021,23.57
jor,sex_t,age_aggregate_total,geo_cov_urb,2022,22.053
jor,sex_t,age_aggregate_total,geo_cov_urb,2023,19.629
jor,sex_t,age_aggregate_y15_24,geo_cov_nat,2017,42.738
jor,sex_t,age_aggregate_y15_24,geo_cov_nat,2018,45.437
jor,sex_t,age_aggregate_y15_24,geo_cov_nat,2019,44.733
jor,sex_t,age_aggregate_y15_24,geo_cov_nat,2020,49.515
jor,sex_t,age_aggregate_y15_24,geo_cov_nat,2021,49.02
jor,sex_t,age_aggregate_y15_24,geo_cov_nat,2022,47.576
jor,sex_t,age_aggregate_y15_24,geo_cov_nat,2023,44.074
jor,sex_t,age_aggregate_y15_24,geo_cov_rur,2017,45.943
jor,sex_t,age_aggregate_y15_24,geo_cov_rur,2018,46.018
jor,sex_t,age_aggregate_y15_24,geo_cov_rur,2019,44.716
jor,sex_t,age_aggregate_y15_24,geo_cov_rur,2020,48.496
jor,sex_t,age_aggregate_y15_24,geo_cov_rur,2021,54.944
jor,sex_t,age_aggregate_y15_24,geo_cov_rur,2022,54.289
jor,sex_t,age_aggregate_y15_24,geo_cov_rur,2023,53.745
jor,sex_t,age_aggregate_y15_24,geo_cov_urb,2017,42.371
jor,sex_t,age_aggregate_y15_24,geo_cov_urb,2018,45.376
jor,sex_t,age_aggregate_y15_24,geo_cov_urb,2019,44.735
jor,sex_t,age_aggregate_y15_24,geo_cov_urb,2020,49.616
jor,sex_t,age_aggregate_y15_24,geo_cov_urb,2021,48.447
jor,sex_t,age_aggregate_y15_24,geo_cov_urb,2022,46.909
jor,sex_t,age_aggregate_y15_24,geo_cov_urb,2023,43.065
jor,sex_t,age_aggregate_y25_54,geo_cov_nat,2017,19.031
jor,sex_t,age_aggregate_y25_54,geo_cov_nat,2018,17.854
jor,sex_t,age_aggregate_y25_54,geo_cov_nat,2019,16.635
jor,sex_t,age_aggregate_y25_54,geo_cov_nat,2020,18.42
jor,sex_t,age_aggregate_y25_54,geo_cov_nat,2021,19.207
jor,sex_t,age_aggregate_y25_54,geo_cov_nat,2022,17.544
jor,sex_t,age_aggregate_y25_54,geo_cov_nat,2023,15.447
jor,sex_t,age_aggregate_y25_54,geo_cov_rur,2017,20.307
jor,sex_t,age_aggregate_y25_54,geo_cov_rur,2018,17.14
jor,sex_t,age_aggregate_y25_54,geo_cov_rur,2019,14.682
jor,sex_t,age_aggregate_y25_54,geo_cov_rur,2020,18.21
jor,sex_t,age_aggregate_y25_54,geo_cov_rur,2021,20.503
jor,sex_t,age_aggregate_y25_54,geo_cov_rur,2022,18.965
jor,sex_t,age_aggregate_y25_54,geo_cov_rur,2023,17.505
jor,sex_t,age_aggregate_y25_54,geo_cov_urb,2017,18.9
jor,sex_t,age_aggregate_y25_54,geo_cov_urb,2018,17.926
jor,sex_t,age_aggregate_y25_54,geo_cov_urb,2019,16.821
jor,sex_t,age_aggregate_y25_54,geo_cov_urb,2020,18.439
jor,sex_t,age_aggregate_y25_54,geo_cov_urb,2021,19.091
jor,sex_t,age_aggregate_y25_54,geo_cov_urb,2022,17.416
jor,sex_t,age_aggregate_y25_54,geo_cov_urb,2023,15.259
jor,sex_t,age_aggregate_y55_64,geo_cov_nat,2017,15.31
jor,sex_t,age_aggregate_y55_64,geo_cov_nat,2018,10.352
jor,sex_t,age_aggregate_y55_64,geo_cov_nat,2019,9.549
jor,sex_t,age_aggregate_y55_64,geo_cov_nat,2020,14.364
jor,sex_t,age_aggregate_y55_64,geo_cov_nat,2021,6.472
jor,sex_t,age_aggregate_y55_64,geo_cov_nat,2022,6.178
jor,sex_t,age_aggregate_y55_64,geo_cov_nat,2023,8.584
jor,sex_t,age_aggregate_y55_64,geo_cov_rur,2017,13.828
jor,sex_t,age_aggregate_y55_64,geo_cov_rur,2018,5.433
jor,sex_t,age_aggregate_y55_64,geo_cov_rur,2019,3.896
jor,sex_t,age_aggregate_y55_64,geo_cov_rur,2020,11.366
jor,sex_t,age_aggregate_y55_64,geo_cov_rur,2021,8.891
jor,sex_t,age_aggregate_y55_64,geo_cov_rur,2022,3.199
jor,sex_t,age_aggregate_y55_64,geo_cov_rur,2023,2.356
jor,sex_t,age_aggregate_y55_64,geo_cov_urb,2017,15.41
jor,sex_t,age_aggregate_y55_64,geo_cov_urb,2018,10.739
jor,sex_t,age_aggregate_y55_64,geo_cov_urb,2019,10
jor,sex_t,age_aggregate_y55_64,geo_cov_urb,2020,14.601
jor,sex_t,age_aggregate_y55_64,geo_cov_urb,2021,6.329
jor,sex_t,age_aggregate_y55_64,geo_cov_urb,2022,6.371
jor,sex_t,age_aggregate_y55_64,geo_cov_urb,2023,9.006
jor,sex_t,age_aggregate_yge65,geo_cov_nat,2017,12.806
jor,sex_t,age_aggregate_yge65,geo_cov_nat,2018,5.934
jor,sex_t,age_aggregate_yge65,geo_cov_nat,2019,6.862
jor,sex_t,age_aggregate_yge65,geo_cov_nat,2020,4.978
jor,sex_t,age_aggregate_yge65,geo_cov_nat,2021,2.769
jor,sex_t,age_aggregate_yge65,geo_cov_nat,2022,2.481
jor,sex_t,age_aggregate_yge65,geo_cov_nat,2023,3.446
jor,sex_t,age_aggregate_yge65,geo_cov_rur,2017,12.498
jor,sex_t,age_aggregate_yge65,geo_cov_rur,2018,5.086
jor,sex_t,age_aggregate_yge65,geo_cov_urb,2017,12.83
jor,sex_t,age_aggregate_yge65,geo_cov_urb,2018,5.995
jor,sex_t,age_aggregate_yge65,geo_cov_urb,2019,7.155
jor,sex_t,age_aggregate_yge65,geo_cov_urb,2020,5.232
jor,sex_t,age_aggregate_yge65,geo_cov_urb,2021,2.599
jor,sex_t,age_aggregate_yge65,geo_cov_urb,2022,2.432
jor,sex_t,age_aggregate_yge65,geo_cov_urb,2023,3.401
jor,sex_t,age_ythadult_y15_24,geo_cov_nat,2017,42.738
jor,sex_t,age_ythadult_y15_24,geo_cov_nat,2018,45.437
jor,sex_t,age_ythadult_y15_24,geo_cov_nat,2019,44.733
jor,sex_t,age_ythadult_y15_24,geo_cov_nat,2020,49.515
jor,sex_t,age_ythadult_y15_24,geo_cov_nat,2021,49.02
jor,sex_t,age_ythadult_y15_24,geo_cov_nat,2022,47.576
jor,sex_t,age_ythadult_y15_24,geo_cov_nat,2023,44.074
jor,sex_t,age_ythadult_y15_24,geo_cov_rur,2017,45.943
jor,sex_t,age_ythadult_y15_24,geo_cov_rur,2018,46.018
jor,sex_t,age_ythadult_y15_24,geo_cov_rur,2019,44.716
jor,sex_t,age_ythadult_y15_24,geo_cov_rur,2020,48.496
jor,sex_t,age_ythadult_y15_24,geo_cov_rur,2021,54.944
jor,sex_t,age_ythadult_y15_24,geo_cov_rur,2022,54.289
jor,sex_t,age_ythadult_y15_24,geo_cov_rur,2023,53.745
jor,sex_t,age_ythadult_y15_24,geo_cov_urb,2017,42.371
jor,sex_t,age_ythadult_y15_24,geo_cov_urb,2018,45.376
jor,sex_t,age_ythadult_y15_24,geo_cov_urb,2019,44.735
jor,sex_t,age_ythadult_y15_24,geo_cov_urb,2020,49.616
jor,sex_t,age_ythadult_y15_24,geo_cov_urb,2021,48.447
jor,sex_t,age_ythadult_y15_24,geo_cov_urb,2022,46.909
jor,sex_t,age_ythadult_y15_24,geo_cov_urb,2023,43.065
jor,sex_t,age_ythadult_y15_64,geo_cov_nat,2017,24.337
jor,sex_t,age_ythadult_y15_64,geo_cov_nat,2018,23.273
jor,sex_t,age_ythadult_y15_64,geo_cov_nat,2019,21.861
jor,sex_t,age_ythadult_y15_64,geo_cov_nat,2020,23.731
jor,sex_t,age_ythadult_y15_64,geo_cov_nat,2021,23.984
jor,sex_t,age_ythadult_y15_64,geo_cov_nat,2022,22.467
jor,sex_t,age_ythadult_y15_64,geo_cov_nat,2023,20.115
jor,sex_t,age_ythadult_y15_64,geo_cov_rur,2017,26.586
jor,sex_t,age_ythadult_y15_64,geo_cov_rur,2018,22.97
jor,sex_t,age_ythadult_y15_64,geo_cov_rur,2019,20.435
jor,sex_t,age_ythadult_y15_64,geo_cov_rur,2020,23.759
jor,sex_t,age_ythadult_y15_64,geo_cov_rur,2021,26.744
jor,sex_t,age_ythadult_y15_64,geo_cov_rur,2022,25.365
jor,sex_t,age_ythadult_y15_64,geo_cov_rur,2023,24.014
jor,sex_t,age_ythadult_y15_64,geo_cov_urb,2017,24.103
jor,sex_t,age_ythadult_y15_64,geo_cov_urb,2018,23.304
jor,sex_t,age_ythadult_y15_64,geo_cov_urb,2019,21.997
jor,sex_t,age_ythadult_y15_64,geo_cov_urb,2020,23.729
jor,sex_t,age_ythadult_y15_64,geo_cov_urb,2021,23.736
jor,sex_t,age_ythadult_y15_64,geo_cov_urb,2022,22.203
jor,sex_t,age_ythadult_y15_64,geo_cov_urb,2023,19.753
jor,sex_t,age_ythadult_yge15,geo_cov_nat,2017,24.217
jor,sex_t,age_ythadult_yge15,geo_cov_nat,2018,23.127
jor,sex_t,age_ythadult_yge15,geo_cov_nat,2019,21.77
jor,sex_t,age_ythadult_yge15,geo_cov_nat,2020,23.618
jor,sex_t,age_ythadult_yge15,geo_cov_nat,2021,23.821
jor,sex_t,age_ythadult_yge15,geo_cov_nat,2022,22.318
jor,sex_t,age_ythadult_yge15,geo_cov_nat,2023,19.992
jor,sex_t,age_ythadult_yge15,geo_cov_rur,2017,26.474
jor,sex_t,age_ythadult_yge15,geo_cov_rur,2018,22.86
jor,sex_t,age_ythadult_yge15,geo_cov_rur,2019,20.354
jor,sex_t,age_ythadult_yge15,geo_cov_rur,2020,23.675
jor,sex_t,age_ythadult_yge15,geo_cov_rur,2021,26.635
jor,sex_t,age_ythadult_yge15,geo_cov_rur,2022,25.238
jor,sex_t,age_ythadult_yge15,geo_cov_rur,2023,23.907
jor,sex_t,age_ythadult_yge15,geo_cov_urb,2017,23.984
jor,sex_t,age_ythadult_yge15,geo_cov_urb,2018,23.154
jor,sex_t,age_ythadult_yge15,geo_cov_urb,2019,21.905
jor,sex_t,age_ythadult_yge15,geo_cov_urb,2020,23.613
jor,sex_t,age_ythadult_yge15,geo_cov_urb,2021,23.57
jor,sex_t,age_ythadult_yge15,geo_cov_urb,2022,22.053
jor,sex_t,age_ythadult_yge15,geo_cov_urb,2023,19.629
jor,sex_t,age_ythadult_yge25,geo_cov_nat,2017,18.743
jor,sex_t,age_ythadult_yge25,geo_cov_nat,2018,17.348
jor,sex_t,age_ythadult_yge25,geo_cov_nat,2019,16.22
jor,sex_t,age_ythadult_yge25,geo_cov_nat,2020,18.145
jor,sex_t,age_ythadult_yge25,geo_cov_nat,2021,18.405
jor,sex_t,age_ythadult_yge25,geo_cov_nat,2022,16.884
jor,sex_t,age_ythadult_yge25,geo_cov_nat,2023,15.035
jor,sex_t,age_ythadult_yge25,geo_cov_rur,2017,19.978
jor,sex_t,age_ythadult_yge25,geo_cov_rur,2018,16.568
jor,sex_t,age_ythadult_yge25,geo_cov_rur,2019,14.167
jor,sex_t,age_ythadult_yge25,geo_cov_rur,2020,17.864
jor,sex_t,age_ythadult_yge25,geo_cov_rur,2021,20
jor,sex_t,age_ythadult_yge25,geo_cov_rur,2022,18.311
jor,sex_t,age_ythadult_yge25,geo_cov_rur,2023,16.899
jor,sex_t,age_ythadult_yge25,geo_cov_urb,2017,18.619
jor,sex_t,age_ythadult_yge25,geo_cov_urb,2018,17.426
jor,sex_t,age_ythadult_yge25,geo_cov_urb,2019,16.413
jor,sex_t,age_ythadult_yge25,geo_cov_urb,2020,18.169
jor,sex_t,age_ythadult_yge25,geo_cov_urb,2021,18.264
jor,sex_t,age_ythadult_yge25,geo_cov_urb,2022,16.757
jor,sex_t,age_ythadult_yge25,geo_cov_urb,2023,14.866
ken,sex_f,age_aggregate_total,geo_cov_nat,2005,21.77
ken,sex_f,age_aggregate_total,geo_cov_nat,2016,7.911
ken,sex_f,age_aggregate_total,geo_cov_nat,2019,14.57
ken,sex_f,age_aggregate_total,geo_cov_nat,2021,14.702
ken,sex_f,age_aggregate_total,geo_cov_nat,2022,18.008
ken,sex_f,age_aggregate_total,geo_cov_rur,2005,16.551
ken,sex_f,age_aggregate_total,geo_cov_rur,2016,3.613
ken,sex_f,age_aggregate_total,geo_cov_rur,2019,10.244
ken,sex_f,age_aggregate_total,geo_cov_rur,2021,8.321
ken,sex_f,age_aggregate_total,geo_cov_rur,2022,14.769
ken,sex_f,age_aggregate_total,geo_cov_urb,2005,39.463
ken,sex_f,age_aggregate_total,geo_cov_urb,2016,15.05
ken,sex_f,age_aggregate_total,geo_cov_urb,2019,23.009
ken,sex_f,age_aggregate_total,geo_cov_urb,2021,26.716
ken,sex_f,age_aggregate_total,geo_cov_urb,2022,24.744
ken,sex_f,age_aggregate_y15_24,geo_cov_nat,2005,39.218
ken,sex_f,age_aggregate_y15_24,geo_cov_nat,2016,19.128
ken,sex_f,age_aggregate_y15_24,geo_cov_nat,2019,30.799
ken,sex_f,age_aggregate_y15_24,geo_cov_nat,2021,31.003
ken,sex_f,age_aggregate_y15_24,geo_cov_nat,2022,40.772
ken,sex_f,age_aggregate_y15_24,geo_cov_rur,2005,31.737
ken,sex_f,age_aggregate_y15_24,geo_cov_rur,2016,9.114
ken,sex_f,age_aggregate_y15_24,geo_cov_rur,2019,23.03
ken,sex_f,age_aggregate_y15_24,geo_cov_rur,2021,20.378
ken,sex_f,age_aggregate_y15_24,geo_cov_rur,2022,33.333
ken,sex_f,age_aggregate_y15_24,geo_cov_urb,2005,58.69
ken,sex_f,age_aggregate_y15_24,geo_cov_urb,2016,32.865
ken,sex_f,age_aggregate_y15_24,geo_cov_urb,2019,44.597
ken,sex_f,age_aggregate_y15_24,geo_cov_urb,2021,47.224
ken,sex_f,age_aggregate_y15_24,geo_cov_urb,2022,54.025
ken,sex_f,age_aggregate_y25_54,geo_cov_nat,2005,17.112
ken,sex_f,age_aggregate_y25_54,geo_cov_nat,2016,5.513
ken,sex_f,age_aggregate_y25_54,geo_cov_nat,2019,12.337
ken,sex_f,age_aggregate_y25_54,geo_cov_nat,2021,12.966
ken,sex_f,age_aggregate_y25_54,geo_cov_nat,2022,14.585
ken,sex_f,age_aggregate_y25_54,geo_cov_rur,2005,12.863
ken,sex_f,age_aggregate_y25_54,geo_cov_rur,2016,2.659
ken,sex_f,age_aggregate_y25_54,geo_cov_rur,2019,8.632
ken,sex_f,age_aggregate_y25_54,geo_cov_rur,2021,7.074
ken,sex_f,age_aggregate_y25_54,geo_cov_rur,2022,12.44
ken,sex_f,age_aggregate_y25_54,geo_cov_urb,2005,30.717
ken,sex_f,age_aggregate_y25_54,geo_cov_urb,2016,9.683
ken,sex_f,age_aggregate_y25_54,geo_cov_urb,2019,18.43
ken,sex_f,age_aggregate_y25_54,geo_cov_urb,2021,22.571
ken,sex_f,age_aggregate_y25_54,geo_cov_urb,2022,18.419
ken,sex_f,age_aggregate_y55_64,geo_cov_nat,2005,6.153
ken,sex_f,age_aggregate_y55_64,geo_cov_nat,2016,1.819
ken,sex_f,age_aggregate_y55_64,geo_cov_nat,2019,4.99
ken,sex_f,age_aggregate_y55_64,geo_cov_nat,2021,3.503
ken,sex_f,age_aggregate_y55_64,geo_cov_nat,2022,6.664
ken,sex_f,age_aggregate_y55_64,geo_cov_rur,2005,5.416
ken,sex_f,age_aggregate_y55_64,geo_cov_rur,2016,0.978
ken,sex_f,age_aggregate_y55_64,geo_cov_rur,2019,4.298
ken,sex_f,age_aggregate_y55_64,geo_cov_rur,2021,2.122
ken,sex_f,age_aggregate_y55_64,geo_cov_rur,2022,6.241
ken,sex_f,age_aggregate_y55_64,geo_cov_urb,2005,16.12
ken,sex_f,age_aggregate_y55_64,geo_cov_urb,2016,5.47
ken,sex_f,age_aggregate_y55_64,geo_cov_urb,2019,8.014
ken,sex_f,age_aggregate_y55_64,geo_cov_urb,2021,9.339
ken,sex_f,age_aggregate_y55_64,geo_cov_urb,2022,8.716
ken,sex_f,age_aggregate_yge65,geo_cov_nat,2005,6.056
ken,sex_f,age_aggregate_yge65,geo_cov_nat,2016,0.908
ken,sex_f,age_aggregate_yge65,geo_cov_nat,2019,2.718
ken,sex_f,age_aggregate_yge65,geo_cov_nat,2021,3.924
ken,sex_f,age_aggregate_yge65,geo_cov_nat,2022,8.011
ken,sex_f,age_aggregate_yge65,geo_cov_rur,2005,5.474
ken,sex_f,age_aggregate_yge65,geo_cov_rur,2016,0.531
ken,sex_f,age_aggregate_yge65,geo_cov_rur,2019,2.128
ken,sex_f,age_aggregate_yge65,geo_cov_rur,2021,2.847
ken,sex_f,age_aggregate_yge65,geo_cov_rur,2022,7.398
ken,sex_f,age_aggregate_yge65,geo_cov_urb,2005,19.915
ken,sex_f,age_aggregate_yge65,geo_cov_urb,2016,2.929
ken,sex_f,age_aggregate_yge65,geo_cov_urb,2019,7.118
ken,sex_f,age_aggregate_yge65,geo_cov_urb,2021,12.043
ken,sex_f,age_aggregate_yge65,geo_cov_urb,2022,13.387
ken,sex_f,age_ythadult_y15_24,geo_cov_nat,2005,39.218
ken,sex_f,age_ythadult_y15_24,geo_cov_nat,2016,19.128
ken,sex_f,age_ythadult_y15_24,geo_cov_nat,2019,30.799
ken,sex_f,age_ythadult_y15_24,geo_cov_nat,2021,31.003
ken,sex_f,age_ythadult_y15_24,geo_cov_nat,2022,40.772
ken,sex_f,age_ythadult_y15_24,geo_cov_rur,2005,31.737
ken,sex_f,age_ythadult_y15_24,geo_cov_rur,2016,9.114
ken,sex_f,age_ythadult_y15_24,geo_cov_rur,2019,23.03
ken,sex_f,age_ythadult_y15_24,geo_cov_rur,2021,20.378
ken,sex_f,age_ythadult_y15_24,geo_cov_rur,2022,33.333
ken,sex_f,age_ythadult_y15_24,geo_cov_urb,2005,58.69
ken,sex_f,age_ythadult_y15_24,geo_cov_urb,2016,32.865
ken,sex_f,age_ythadult_y15_24,geo_cov_urb,2019,44.597
ken,sex_f,age_ythadult_y15_24,geo_cov_urb,2021,47.224
ken,sex_f,age_ythadult_y15_24,geo_cov_urb,2022,54.025
ken,sex_f,age_ythadult_y15_64,geo_cov_nat,2005,22.562
ken,sex_f,age_ythadult_y15_64,geo_cov_nat,2016,8.356
ken,sex_f,age_ythadult_y15_64,geo_cov_nat,2019,15.413
ken,sex_f,age_ythadult_y15_64,geo_cov_nat,2021,15.502
ken,sex_f,age_ythadult_y15_64,geo_cov_nat,2022,18.721
ken,sex_f,age_ythadult_y15_64,geo_cov_rur,2005,17.253
ken,sex_f,age_ythadult_y15_64,geo_cov_rur,2016,3.882
ken,sex_f,age_ythadult_y15_64,geo_cov_rur,2019,11.033
ken,sex_f,age_ythadult_y15_64,geo_cov_rur,2021,8.885
ken,sex_f,age_ythadult_y15_64,geo_cov_rur,2022,15.484
ken,sex_f,age_ythadult_y15_64,geo_cov_urb,2005,39.63
ken,sex_f,age_ythadult_y15_64,geo_cov_urb,2016,15.361
ken,sex_f,age_ythadult_y15_64,geo_cov_urb,2019,23.386
ken,sex_f,age_ythadult_y15_64,geo_cov_urb,2021,27.066
ken,sex_f,age_ythadult_y15_64,geo_cov_urb,2022,24.987
ken,sex_f,age_ythadult_yge15,geo_cov_nat,2005,21.77
ken,sex_f,age_ythadult_yge15,geo_cov_nat,2016,7.911
ken,sex_f,age_ythadult_yge15,geo_cov_nat,2019,14.57
ken,sex_f,age_ythadult_yge15,geo_cov_nat,2021,14.702
ken,sex_f,age_ythadult_yge15,geo_cov_nat,2022,18.008
ken,sex_f,age_ythadult_yge15,geo_cov_rur,2005,16.551
ken,sex_f,age_ythadult_yge15,geo_cov_rur,2016,3.613
ken,sex_f,age_ythadult_yge15,geo_cov_rur,2019,10.244
ken,sex_f,age_ythadult_yge15,geo_cov_rur,2021,8.321
ken,sex_f,age_ythadult_yge15,geo_cov_rur,2022,14.769
ken,sex_f,age_ythadult_yge15,geo_cov_urb,2005,39.463
ken,sex_f,age_ythadult_yge15,geo_cov_urb,2016,15.05
ken,sex_f,age_ythadult_yge15,geo_cov_urb,2019,23.009
ken,sex_f,age_ythadult_yge15,geo_cov_urb,2021,26.716
ken,sex_f,age_ythadult_yge15,geo_cov_urb,2022,24.744
ken,sex_f,age_ythadult_yge25,geo_cov_nat,2005,15.384
ken,sex_f,age_ythadult_yge25,geo_cov_nat,2016,4.75
ken,sex_f,age_ythadult_yge25,geo_cov_nat,2019,10.667
ken,sex_f,age_ythadult_yge25,geo_cov_nat,2021,11.105
ken,sex_f,age_ythadult_yge25,geo_cov_nat,2022,13.183
ken,sex_f,age_ythadult_yge25,geo_cov_rur,2005,11.471
ken,sex_f,age_ythadult_yge25,geo_cov_rur,2016,2.205
ken,sex_f,age_ythadult_yge25,geo_cov_rur,2019,7.291
ken,sex_f,age_ythadult_yge25,geo_cov_rur,2021,5.9
ken,sex_f,age_ythadult_yge25,geo_cov_rur,2022,11.077
ken,sex_f,age_ythadult_yge25,geo_cov_urb,2005,30.141
ken,sex_f,age_ythadult_yge25,geo_cov_urb,2016,9.218
ken,sex_f,age_ythadult_yge25,geo_cov_urb,2019,17.406
ken,sex_f,age_ythadult_yge25,geo_cov_urb,2021,21.387
ken,sex_f,age_ythadult_yge25,geo_cov_urb,2022,17.713
ken,sex_m,age_aggregate_total,geo_cov_nat,2005,12.451
ken,sex_m,age_aggregate_total,geo_cov_nat,2016,4.712
ken,sex_m,age_aggregate_total,geo_cov_nat,2019,9.396
ken,sex_m,age_aggregate_total,geo_cov_nat,2021,7.42
ken,sex_m,age_aggregate_total,geo_cov_nat,2022,10.951
ken,sex_m,age_aggregate_total,geo_cov_rur,2005,10.729
ken,sex_m,age_aggregate_total,geo_cov_rur,2016,2.955
ken,sex_m,age_aggregate_total,geo_cov_rur,2019,8.135
ken,sex_m,age_aggregate_total,geo_cov_rur,2021,6.333
ken,sex_m,age_aggregate_total,geo_cov_rur,2022,11.268
ken,sex_m,age_aggregate_total,geo_cov_urb,2005,17.706
ken,sex_m,age_aggregate_total,geo_cov_urb,2016,7.105
ken,sex_m,age_aggregate_total,geo_cov_urb,2019,11.415
ken,sex_m,age_aggregate_total,geo_cov_urb,2021,9.34
ken,sex_m,age_aggregate_total,geo_cov_urb,2022,10.402
ken,sex_m,age_aggregate_y15_24,geo_cov_nat,2005,24.107
ken,sex_m,age_aggregate_y15_24,geo_cov_nat,2016,12.95
ken,sex_m,age_aggregate_y15_24,geo_cov_nat,2019,22.247
ken,sex_m,age_aggregate_y15_24,geo_cov_nat,2021,16.789
ken,sex_m,age_aggregate_y15_24,geo_cov_nat,2022,28.934
ken,sex_m,age_aggregate_y15_24,geo_cov_rur,2005,19.811
ken,sex_m,age_aggregate_y15_24,geo_cov_rur,2016,6.642
ken,sex_m,age_aggregate_y15_24,geo_cov_rur,2019,17.486
ken,sex_m,age_aggregate_y15_24,geo_cov_rur,2021,13.817
ken,sex_m,age_aggregate_y15_24,geo_cov_rur,2022,27.518
ken,sex_m,age_aggregate_y15_24,geo_cov_urb,2005,40.694
ken,sex_m,age_aggregate_y15_24,geo_cov_urb,2016,23.238
ken,sex_m,age_aggregate_y15_24,geo_cov_urb,2019,31.739
ken,sex_m,age_aggregate_y15_24,geo_cov_urb,2021,24.666
ken,sex_m,age_aggregate_y15_24,geo_cov_urb,2022,31.646
ken,sex_m,age_aggregate_y25_54,geo_cov_nat,2005,8.857
ken,sex_m,age_aggregate_y25_54,geo_cov_nat,2016,2.637
ken,sex_m,age_aggregate_y25_54,geo_cov_nat,2019,6.97
ken,sex_m,age_aggregate_y25_54,geo_cov_nat,2021,5.659
ken,sex_m,age_aggregate_y25_54,geo_cov_nat,2022,7.433
ken,sex_m,age_aggregate_y25_54,geo_cov_rur,2005,7.918
ken,sex_m,age_aggregate_y25_54,geo_cov_rur,2016,1.972
ken,sex_m,age_aggregate_y25_54,geo_cov_rur,2019,6.521
ken,sex_m,age_aggregate_y25_54,geo_cov_rur,2021,4.987
ken,sex_m,age_aggregate_y25_54,geo_cov_rur,2022,8.356
ken,sex_m,age_aggregate_y25_54,geo_cov_urb,2005,11.133
ken,sex_m,age_aggregate_y25_54,geo_cov_urb,2016,3.376
ken,sex_m,age_aggregate_y25_54,geo_cov_urb,2019,7.532
ken,sex_m,age_aggregate_y25_54,geo_cov_urb,2021,6.554
ken,sex_m,age_aggregate_y25_54,geo_cov_urb,2022,6.083
ken,sex_m,age_aggregate_y55_64,geo_cov_nat,2005,7.627
ken,sex_m,age_aggregate_y55_64,geo_cov_nat,2016,1.094
ken,sex_m,age_aggregate_y55_64,geo_cov_nat,2019,4.715
ken,sex_m,age_aggregate_y55_64,geo_cov_nat,2021,4.181
ken,sex_m,age_aggregate_y55_64,geo_cov_nat,2022,6.061
ken,sex_m,age_aggregate_y55_64,geo_cov_rur,2005,6.098
ken,sex_m,age_aggregate_y55_64,geo_cov_rur,2016,1.165
ken,sex_m,age_aggregate_y55_64,geo_cov_rur,2019,4.118
ken,sex_m,age_aggregate_y55_64,geo_cov_rur,2021,3.248
ken,sex_m,age_aggregate_y55_64,geo_cov_rur,2022,5.285
ken,sex_m,age_aggregate_y55_64,geo_cov_urb,2005,15.947
ken,sex_m,age_aggregate_y55_64,geo_cov_urb,2016,0.94
ken,sex_m,age_aggregate_y55_64,geo_cov_urb,2019,6.406
ken,sex_m,age_aggregate_y55_64,geo_cov_urb,2021,7.426
ken,sex_m,age_aggregate_y55_64,geo_cov_urb,2022,8.476
ken,sex_m,age_aggregate_yge65,geo_cov_nat,2005,5.104
ken,sex_m,age_aggregate_yge65,geo_cov_nat,2016,1.737
ken,sex_m,age_aggregate_yge65,geo_cov_nat,2019,2.644
ken,sex_m,age_aggregate_yge65,geo_cov_nat,2021,3.289
ken,sex_m,age_aggregate_yge65,geo_cov_nat,2022,11.159
ken,sex_m,age_aggregate_yge65,geo_cov_rur,2005,4.454
ken,sex_m,age_aggregate_yge65,geo_cov_rur,2016,1.535
ken,sex_m,age_aggregate_yge65,geo_cov_rur,2019,2.428
ken,sex_m,age_aggregate_yge65,geo_cov_rur,2021,1.571
ken,sex_m,age_aggregate_yge65,geo_cov_rur,2022,9.296
ken,sex_m,age_aggregate_yge65,geo_cov_urb,2005,14.015
ken,sex_m,age_aggregate_yge65,geo_cov_urb,2016,2.623
ken,sex_m,age_aggregate_yge65,geo_cov_urb,2019,4.095
ken,sex_m,age_aggregate_yge65,geo_cov_urb,2021,12.539
ken,sex_m,age_aggregate_yge65,geo_cov_urb,2022,22.647
ken,sex_m,age_ythadult_y15_24,geo_cov_nat,2005,24.107
ken,sex_m,age_ythadult_y15_24,geo_cov_nat,2016,12.95
ken,sex_m,age_ythadult_y15_24,geo_cov_nat,2019,22.247
ken,sex_m,age_ythadult_y15_24,geo_cov_nat,2021,16.789
ken,sex_m,age_ythadult_y15_24,geo_cov_nat,2022,28.934
ken,sex_m,age_ythadult_y15_24,geo_cov_rur,2005,19.811
ken,sex_m,age_ythadult_y15_24,geo_cov_rur,2016,6.642
ken,sex_m,age_ythadult_y15_24,geo_cov_rur,2019,17.486
ken,sex_m,age_ythadult_y15_24,geo_cov_rur,2021,13.817
ken,sex_m,age_ythadult_y15_24,geo_cov_rur,2022,27.518
ken,sex_m,age_ythadult_y15_24,geo_cov_urb,2005,40.694
ken,sex_m,age_ythadult_y15_24,geo_cov_urb,2016,23.238
ken,sex_m,age_ythadult_y15_24,geo_cov_urb,2019,31.739
ken,sex_m,age_ythadult_y15_24,geo_cov_urb,2021,24.666
ken,sex_m,age_ythadult_y15_24,geo_cov_urb,2022,31.646
ken,sex_m,age_ythadult_y15_64,geo_cov_nat,2005,12.894
ken,sex_m,age_ythadult_y15_64,geo_cov_nat,2016,4.892
ken,sex_m,age_ythadult_y15_64,geo_cov_nat,2019,9.877
ken,sex_m,age_ythadult_y15_64,geo_cov_nat,2021,7.731
ken,sex_m,age_ythadult_y15_64,geo_cov_nat,2022,10.938
ken,sex_m,age_ythadult_y15_64,geo_cov_rur,2005,11.203
ken,sex_m,age_ythadult_y15_64,geo_cov_rur,2016,3.079
ken,sex_m,age_ythadult_y15_64,geo_cov_rur,2019,8.727
ken,sex_m,age_ythadult_y15_64,geo_cov_rur,2021,6.82
ken,sex_m,age_ythadult_y15_64,geo_cov_rur,2022,11.437
ken,sex_m,age_ythadult_y15_64,geo_cov_urb,2005,17.764
ken,sex_m,age_ythadult_y15_64,geo_cov_urb,2016,7.22
ken,sex_m,age_ythadult_y15_64,geo_cov_urb,2019,11.583
ken,sex_m,age_ythadult_y15_64,geo_cov_urb,2021,9.239
ken,sex_m,age_ythadult_y15_64,geo_cov_urb,2022,10.126
ken,sex_m,age_ythadult_yge15,geo_cov_nat,2005,12.451
ken,sex_m,age_ythadult_yge15,geo_cov_nat,2016,4.712
ken,sex_m,age_ythadult_yge15,geo_cov_nat,2019,9.396
ken,sex_m,age_ythadult_yge15,geo_cov_nat,2021,7.42
ken,sex_m,age_ythadult_yge15,geo_cov_nat,2022,10.951
ken,sex_m,age_ythadult_yge15,geo_cov_rur,2005,10.729
ken,sex_m,age_ythadult_yge15,geo_cov_rur,2016,2.955
ken,sex_m,age_ythadult_yge15,geo_cov_rur,2019,8.135
ken,sex_m,age_ythadult_yge15,geo_cov_rur,2021,6.333
ken,sex_m,age_ythadult_yge15,geo_cov_rur,2022,11.268
ken,sex_m,age_ythadult_yge15,geo_cov_urb,2005,17.706
ken,sex_m,age_ythadult_yge15,geo_cov_urb,2016,7.105
ken,sex_m,age_ythadult_yge15,geo_cov_urb,2019,11.415
ken,sex_m,age_ythadult_yge15,geo_cov_urb,2021,9.34
ken,sex_m,age_ythadult_yge15,geo_cov_urb,2022,10.402
ken,sex_m,age_ythadult_yge25,geo_cov_nat,2005,8.445
ken,sex_m,age_ythadult_yge25,geo_cov_nat,2016,2.407
ken,sex_m,age_ythadult_yge25,geo_cov_nat,2019,6.347
ken,sex_m,age_ythadult_yge25,geo_cov_nat,2021,5.281
ken,sex_m,age_ythadult_yge25,geo_cov_nat,2022,7.544
ken,sex_m,age_ythadult_yge25,geo_cov_rur,2005,7.373
ken,sex_m,age_ythadult_yge25,geo_cov_rur,2016,1.822
ken,sex_m,age_ythadult_yge25,geo_cov_rur,2019,5.686
ken,sex_m,age_ythadult_yge25,geo_cov_rur,2021,4.329
ken,sex_m,age_ythadult_yge25,geo_cov_rur,2022,8.054
ken,sex_m,age_ythadult_yge25,geo_cov_urb,2005,11.481
ken,sex_m,age_ythadult_yge25,geo_cov_urb,2016,3.165
ken,sex_m,age_ythadult_yge25,geo_cov_urb,2019,7.352
ken,sex_m,age_ythadult_yge25,geo_cov_urb,2021,6.826
ken,sex_m,age_ythadult_yge25,geo_cov_urb,2022,6.679
ken,sex_t,age_aggregate_total,geo_cov_nat,2005,16.974
ken,sex_t,age_aggregate_total,geo_cov_nat,2016,6.311
ken,sex_t,age_aggregate_total,geo_cov_nat,2019,11.937
ken,sex_t,age_aggregate_total,geo_cov_nat,2021,11.074
ken,sex_t,age_aggregate_total,geo_cov_nat,2022,14.365
ken,sex_t,age_aggregate_total,geo_cov_rur,2005,13.591
ken,sex_t,age_aggregate_total,geo_cov_rur,2016,3.297
ken,sex_t,age_aggregate_total,geo_cov_rur,2019,9.209
ken,sex_t,age_aggregate_total,geo_cov_rur,2021,7.342
ken,sex_t,age_aggregate_total,geo_cov_rur,2022,13.017
ken,sex_t,age_aggregate_total,geo_cov_urb,2005,27.827
ken,sex_t,age_aggregate_total,geo_cov_urb,2016,10.839
ken,sex_t,age_aggregate_total,geo_cov_urb,2019,16.743
ken,sex_t,age_aggregate_total,geo_cov_urb,2021,17.883
ken,sex_t,age_aggregate_total,geo_cov_urb,2022,16.91
ken,sex_t,age_aggregate_y15_24,geo_cov_nat,2005,31.616
ken,sex_t,age_aggregate_y15_24,geo_cov_nat,2016,16.045
ken,sex_t,age_aggregate_y15_24,geo_cov_nat,2019,26.469
ken,sex_t,age_aggregate_y15_24,geo_cov_nat,2021,23.825
ken,sex_t,age_aggregate_y15_24,geo_cov_nat,2022,34.937
ken,sex_t,age_aggregate_y15_24,geo_cov_rur,2005,25.455
ken,sex_t,age_aggregate_y15_24,geo_cov_rur,2016,7.838
ken,sex_t,age_aggregate_y15_24,geo_cov_rur,2019,20.168
ken,sex_t,age_aggregate_y15_24,geo_cov_rur,2021,16.765
ken,sex_t,age_aggregate_y15_24,geo_cov_rur,2022,30.429
ken,sex_t,age_aggregate_y15_24,geo_cov_urb,2005,50.976
ken,sex_t,age_aggregate_y15_24,geo_cov_urb,2016,28.311
ken,sex_t,age_aggregate_y15_24,geo_cov_urb,2019,38.33
ken,sex_t,age_aggregate_y15_24,geo_cov_urb,2021,37.888
ken,sex_t,age_aggregate_y15_24,geo_cov_urb,2022,43.259
ken,sex_t,age_aggregate_y25_54,geo_cov_nat,2005,12.881
ken,sex_t,age_aggregate_y25_54,geo_cov_nat,2016,4.066
ken,sex_t,age_aggregate_y25_54,geo_cov_nat,2019,9.6
ken,sex_t,age_aggregate_y25_54,geo_cov_nat,2021,9.344
ken,sex_t,age_aggregate_y25_54,geo_cov_nat,2022,10.824
ken,sex_t,age_aggregate_y25_54,geo_cov_rur,2005,10.419
ken,sex_t,age_aggregate_y25_54,geo_cov_rur,2016,2.334
ken,sex_t,age_aggregate_y25_54,geo_cov_rur,2019,7.615
ken,sex_t,age_aggregate_y25_54,geo_cov_rur,2021,6.082
ken,sex_t,age_aggregate_y25_54,geo_cov_rur,2022,10.371
ken,sex_t,age_aggregate_y25_54,geo_cov_urb,2005,19.683
ken,sex_t,age_aggregate_y25_54,geo_cov_urb,2016,6.269
ken,sex_t,age_aggregate_y25_54,geo_cov_urb,2019,12.437
ken,sex_t,age_aggregate_y25_54,geo_cov_urb,2021,14.151
ken,sex_t,age_aggregate_y25_54,geo_cov_urb,2022,11.551
ken,sex_t,age_aggregate_y55_64,geo_cov_nat,2005,6.956
ken,sex_t,age_aggregate_y55_64,geo_cov_nat,2016,1.464
ken,sex_t,age_aggregate_y55_64,geo_cov_nat,2019,4.85
ken,sex_t,age_aggregate_y55_64,geo_cov_nat,2021,3.841
ken,sex_t,age_aggregate_y55_64,geo_cov_nat,2022,6.356
ken,sex_t,age_aggregate_y55_64,geo_cov_rur,2005,5.771
ken,sex_t,age_aggregate_y55_64,geo_cov_rur,2016,1.062
ken,sex_t,age_aggregate_y55_64,geo_cov_rur,2019,4.211
ken,sex_t,age_aggregate_y55_64,geo_cov_rur,2021,2.673
ken,sex_t,age_aggregate_y55_64,geo_cov_rur,2022,5.774
ken,sex_t,age_aggregate_y55_64,geo_cov_urb,2005,15.994
ken,sex_t,age_aggregate_y55_64,geo_cov_urb,2016,2.674
ken,sex_t,age_aggregate_y55_64,geo_cov_urb,2019,7.064
ken,sex_t,age_aggregate_y55_64,geo_cov_urb,2021,8.311
ken,sex_t,age_aggregate_y55_64,geo_cov_urb,2022,8.572
ken,sex_t,age_aggregate_yge65,geo_cov_nat,2005,5.526
ken,sex_t,age_aggregate_yge65,geo_cov_nat,2016,1.313
ken,sex_t,age_aggregate_yge65,geo_cov_nat,2019,2.681
ken,sex_t,age_aggregate_yge65,geo_cov_nat,2021,3.605
ken,sex_t,age_aggregate_yge65,geo_cov_nat,2022,9.527
ken,sex_t,age_aggregate_yge65,geo_cov_rur,2005,4.913
ken,sex_t,age_aggregate_yge65,geo_cov_rur,2016,1.013
ken,sex_t,age_aggregate_yge65,geo_cov_rur,2019,2.28
ken,sex_t,age_aggregate_yge65,geo_cov_rur,2021,2.221
ken,sex_t,age_aggregate_yge65,geo_cov_rur,2022,8.292
ken,sex_t,age_aggregate_yge65,geo_cov_urb,2005,15.906
ken,sex_t,age_aggregate_yge65,geo_cov_urb,2016,2.767
ken,sex_t,age_aggregate_yge65,geo_cov_urb,2019,5.508
ken,sex_t,age_aggregate_yge65,geo_cov_urb,2021,12.328
ken,sex_t,age_aggregate_yge65,geo_cov_urb,2022,18.56
ken,sex_t,age_ythadult_y15_24,geo_cov_nat,2005,31.616
ken,sex_t,age_ythadult_y15_24,geo_cov_nat,2016,16.045
ken,sex_t,age_ythadult_y15_24,geo_cov_nat,2019,26.469
ken,sex_t,age_ythadult_y15_24,geo_cov_nat,2021,23.825
ken,sex_t,age_ythadult_y15_24,geo_cov_nat,2022,34.937
ken,sex_t,age_ythadult_y15_24,geo_cov_rur,2005,25.455
ken,sex_t,age_ythadult_y15_24,geo_cov_rur,2016,7.838
ken,sex_t,age_ythadult_y15_24,geo_cov_rur,2019,20.168
ken,sex_t,age_ythadult_y15_24,geo_cov_rur,2021,16.765
ken,sex_t,age_ythadult_y15_24,geo_cov_rur,2022,30.429
ken,sex_t,age_ythadult_y15_24,geo_cov_urb,2005,50.976
ken,sex_t,age_ythadult_y15_24,geo_cov_urb,2016,28.311
ken,sex_t,age_ythadult_y15_24,geo_cov_urb,2019,38.33
ken,sex_t,age_ythadult_y15_24,geo_cov_urb,2021,37.888
ken,sex_t,age_ythadult_y15_24,geo_cov_urb,2022,43.259
ken,sex_t,age_ythadult_y15_64,geo_cov_nat,2005,17.609
ken,sex_t,age_ythadult_y15_64,geo_cov_nat,2016,6.62
ken,sex_t,age_ythadult_y15_64,geo_cov_nat,2019,12.596
ken,sex_t,age_ythadult_y15_64,geo_cov_nat,2021,11.633
ken,sex_t,age_ythadult_y15_64,geo_cov_nat,2022,14.685
ken,sex_t,age_ythadult_y15_64,geo_cov_rur,2005,14.195
ken,sex_t,age_ythadult_y15_64,geo_cov_rur,2016,3.497
ken,sex_t,age_ythadult_y15_64,geo_cov_rur,2019,9.904
ken,sex_t,age_ythadult_y15_64,geo_cov_rur,2021,7.867
ken,sex_t,age_ythadult_y15_64,geo_cov_rur,2022,13.448
ken,sex_t,age_ythadult_y15_64,geo_cov_urb,2005,27.976
ken,sex_t,age_ythadult_y15_64,geo_cov_urb,2016,11.045
ken,sex_t,age_ythadult_y15_64,geo_cov_urb,2019,17.005
ken,sex_t,age_ythadult_y15_64,geo_cov_urb,2021,18.037
ken,sex_t,age_ythadult_y15_64,geo_cov_urb,2022,16.874
ken,sex_t,age_ythadult_yge15,geo_cov_nat,2005,16.974
ken,sex_t,age_ythadult_yge15,geo_cov_nat,2016,6.311
ken,sex_t,age_ythadult_yge15,geo_cov_nat,2019,11.937
ken,sex_t,age_ythadult_yge15,geo_cov_nat,2021,11.074
ken,sex_t,age_ythadult_yge15,geo_cov_nat,2022,14.365
ken,sex_t,age_ythadult_yge15,geo_cov_rur,2005,13.591
ken,sex_t,age_ythadult_yge15,geo_cov_rur,2016,3.297
ken,sex_t,age_ythadult_yge15,geo_cov_rur,2019,9.209
ken,sex_t,age_ythadult_yge15,geo_cov_rur,2021,7.342
ken,sex_t,age_ythadult_yge15,geo_cov_rur,2022,13.017
ken,sex_t,age_ythadult_yge15,geo_cov_urb,2005,27.827
ken,sex_t,age_ythadult_yge15,geo_cov_urb,2016,10.839
ken,sex_t,age_ythadult_yge15,geo_cov_urb,2019,16.743
ken,sex_t,age_ythadult_yge15,geo_cov_urb,2021,17.883
ken,sex_t,age_ythadult_yge15,geo_cov_urb,2022,16.91
ken,sex_t,age_ythadult_yge25,geo_cov_nat,2005,11.784
ken,sex_t,age_ythadult_yge25,geo_cov_nat,2016,3.577
ken,sex_t,age_ythadult_yge25,geo_cov_nat,2019,8.466
ken,sex_t,age_ythadult_yge25,geo_cov_nat,2021,8.213
ken,sex_t,age_ythadult_yge25,geo_cov_nat,2022,10.246
ken,sex_t,age_ythadult_yge25,geo_cov_rur,2005,9.414
ken,sex_t,age_ythadult_yge25,geo_cov_rur,2016,2.025
ken,sex_t,age_ythadult_yge25,geo_cov_rur,2019,6.513
ken,sex_t,age_ythadult_yge25,geo_cov_rur,2021,5.147
ken,sex_t,age_ythadult_yge25,geo_cov_rur,2022,9.564
ken,sex_t,age_ythadult_yge25,geo_cov_urb,2005,19.445
ken,sex_t,age_ythadult_yge25,geo_cov_urb,2016,5.912
ken,sex_t,age_ythadult_yge25,geo_cov_urb,2019,11.851
ken,sex_t,age_ythadult_yge25,geo_cov_urb,2021,13.698
ken,sex_t,age_ythadult_yge25,geo_cov_urb,2022,11.54
khm,sex_f,age_aggregate_total,geo_cov_nat,2007,4.548
khm,sex_f,age_aggregate_total,geo_cov_nat,2008,8.506
khm,sex_f,age_aggregate_total,geo_cov_nat,2012,3.071
khm,sex_f,age_aggregate_total,geo_cov_nat,2019,1.209
khm,sex_f,age_aggregate_total,geo_cov_rur,2007,3.9
khm,sex_f,age_aggregate_total,geo_cov_rur,2008,7.071
khm,sex_f,age_aggregate_total,geo_cov_rur,2012,3.028
khm,sex_f,age_aggregate_total,geo_cov_rur,2019,1.014
khm,sex_f,age_aggregate_total,geo_cov_urb,2007,7.537
khm,sex_f,age_aggregate_total,geo_cov_urb,2008,14.552
khm,sex_f,age_aggregate_total,geo_cov_urb,2012,3.2
khm,sex_f,age_aggregate_total,geo_cov_urb,2019,1.628
khm,sex_f,age_aggregate_y15_24,geo_cov_nat,2007,5.502
khm,sex_f,age_aggregate_y15_24,geo_cov_nat,2008,10.132
khm,sex_f,age_aggregate_y15_24,geo_cov_nat,2012,3.92
khm,sex_f,age_aggregate_y15_24,geo_cov_nat,2019,3.348
khm,sex_f,age_aggregate_y15_24,geo_cov_rur,2007,4.388
khm,sex_f,age_aggregate_y15_24,geo_cov_rur,2008,8.391
khm,sex_f,age_aggregate_y15_24,geo_cov_rur,2012,3.477
khm,sex_f,age_aggregate_y15_24,geo_cov_rur,2019,2.905
khm,sex_f,age_aggregate_y15_24,geo_cov_urb,2007,11.465
khm,sex_f,age_aggregate_y15_24,geo_cov_urb,2008,17.333
khm,sex_f,age_aggregate_y15_24,geo_cov_urb,2012,5.573
khm,sex_f,age_aggregate_y15_24,geo_cov_urb,2019,4.432
khm,sex_f,age_aggregate_y25_54,geo_cov_nat,2007,4.155
khm,sex_f,age_aggregate_y25_54,geo_cov_nat,2008,7.209
khm,sex_f,age_aggregate_y25_54,geo_cov_nat,2012,2.894
khm,sex_f,age_aggregate_y25_54,geo_cov_nat,2019,0.805
khm,sex_f,age_aggregate_y25_54,geo_cov_rur,2007,3.71
khm,sex_f,age_aggregate_y25_54,geo_cov_rur,2008,5.984
khm,sex_f,age_aggregate_y25_54,geo_cov_rur,2012,2.986
khm,sex_f,age_aggregate_y25_54,geo_cov_rur,2019,0.645
khm,sex_f,age_aggregate_y25_54,geo_cov_urb,2007,6.053
khm,sex_f,age_aggregate_y25_54,geo_cov_urb,2008,12.1
khm,sex_f,age_aggregate_y25_54,geo_cov_urb,2012,2.636
khm,sex_f,age_aggregate_y25_54,geo_cov_urb,2019,1.119
khm,sex_f,age_aggregate_y55_64,geo_cov_nat,2007,3.715
khm,sex_f,age_aggregate_y55_64,geo_cov_nat,2008,7.38
khm,sex_f,age_aggregate_y55_64,geo_cov_nat,2012,1.633
khm,sex_f,age_aggregate_y55_64,geo_cov_rur,2007,3.238
khm,sex_f,age_aggregate_y55_64,geo_cov_rur,2008,5.752
khm,sex_f,age_aggregate_y55_64,geo_cov_rur,2012,2.319
khm,sex_f,age_aggregate_y55_64,geo_cov_urb,2007,5.755
khm,sex_f,age_aggregate_y55_64,geo_cov_urb,2008,16.721
khm,sex_f,age_aggregate_yge65,geo_cov_nat,2008,19.594
khm,sex_f,age_aggregate_yge65,geo_cov_rur,2008,17.043
khm,sex_f,age_aggregate_yge65,geo_cov_urb,2008,36.901
khm,sex_f,age_ythadult_y15_24,geo_cov_nat,2007,5.502
khm,sex_f,age_ythadult_y15_24,geo_cov_nat,2008,10.132
khm,sex_f,age_ythadult_y15_24,geo_cov_nat,2012,3.92
khm,sex_f,age_ythadult_y15_24,geo_cov_nat,2019,3.348
khm,sex_f,age_ythadult_y15_24,geo_cov_rur,2007,4.388
khm,sex_f,age_ythadult_y15_24,geo_cov_rur,2008,8.391
khm,sex_f,age_ythadult_y15_24,geo_cov_rur,2012,3.477
khm,sex_f,age_ythadult_y15_24,geo_cov_rur,2019,2.905
khm,sex_f,age_ythadult_y15_24,geo_cov_urb,2007,11.465
khm,sex_f,age_ythadult_y15_24,geo_cov_urb,2008,17.333
khm,sex_f,age_ythadult_y15_24,geo_cov_urb,2012,5.573
khm,sex_f,age_ythadult_y15_24,geo_cov_urb,2019,4.432
khm,sex_f,age_ythadult_y15_64,geo_cov_nat,2007,4.568
khm,sex_f,age_ythadult_y15_64,geo_cov_nat,2008,8.149
khm,sex_f,age_ythadult_y15_64,geo_cov_nat,2012,3.117
khm,sex_f,age_ythadult_y15_64,geo_cov_nat,2019,1.251
khm,sex_f,age_ythadult_y15_64,geo_cov_rur,2007,3.904
khm,sex_f,age_ythadult_y15_64,geo_cov_rur,2008,6.723
khm,sex_f,age_ythadult_y15_64,geo_cov_rur,2012,3.1
khm,sex_f,age_ythadult_y15_64,geo_cov_urb,2007,7.611
khm,sex_f,age_ythadult_y15_64,geo_cov_urb,2019,1.69
khm,sex_f,age_ythadult_yge15,geo_cov_nat,2007,4.548
khm,sex_f,age_ythadult_yge15,geo_cov_nat,2008,8.506
khm,sex_f,age_ythadult_yge15,geo_cov_nat,2012,3.071
khm,sex_f,age_ythadult_yge15,geo_cov_nat,2019,1.209
khm,sex_f,age_ythadult_yge15,geo_cov_rur,2007,3.9
khm,sex_f,age_ythadult_yge15,geo_cov_rur,2008,7.071
khm,sex_f,age_ythadult_yge15,geo_cov_rur,2012,3.028
khm,sex_f,age_ythadult_yge15,geo_cov_rur,2019,1.014
khm,sex_f,age_ythadult_yge15,geo_cov_urb,2007,7.537
khm,sex_f,age_ythadult_yge15,geo_cov_urb,2008,14.552
khm,sex_f,age_ythadult_yge15,geo_cov_urb,2012,3.2
khm,sex_f,age_ythadult_yge15,geo_cov_urb,2019,1.628
khm,sex_f,age_ythadult_yge25,geo_cov_nat,2007,4.09
khm,sex_f,age_ythadult_yge25,geo_cov_nat,2008,7.788
khm,sex_f,age_ythadult_yge25,geo_cov_nat,2012,2.697
khm,sex_f,age_ythadult_yge25,geo_cov_nat,2019,0.695
khm,sex_f,age_ythadult_yge25,geo_cov_rur,2007,3.656
khm,sex_f,age_ythadult_yge25,geo_cov_rur,2008,6.49
khm,sex_f,age_ythadult_yge25,geo_cov_rur,2012,2.814
khm,sex_f,age_ythadult_yge25,geo_cov_rur,2019,0.537
khm,sex_f,age_ythadult_yge25,geo_cov_urb,2007,5.958
khm,sex_f,age_ythadult_yge25,geo_cov_urb,2008,13.298
khm,sex_f,age_ythadult_yge25,geo_cov_urb,2012,2.374
khm,sex_f,age_ythadult_yge25,geo_cov_urb,2019,1.025
khm,sex_m,age_aggregate_total,geo_cov_nat,2007,2.641
khm,sex_m,age_aggregate_total,geo_cov_nat,2008,3.914
khm,sex_m,age_aggregate_total,geo_cov_nat,2012,2.95
khm,sex_m,age_aggregate_total,geo_cov_nat,2019,0.97
khm,sex_m,age_aggregate_total,geo_cov_rur,2007,2.192
khm,sex_m,age_aggregate_total,geo_cov_rur,2008,2.752
khm,sex_m,age_aggregate_total,geo_cov_rur,2012,2.735
khm,sex_m,age_aggregate_total,geo_cov_rur,2019,0.835
khm,sex_m,age_aggregate_total,geo_cov_urb,2007,4.495
khm,sex_m,age_aggregate_total,geo_cov_urb,2008,8.53
khm,sex_m,age_aggregate_total,geo_cov_urb,2012,3.606
khm,sex_m,age_aggregate_total,geo_cov_urb,2019,1.246
khm,sex_m,age_aggregate_y15_24,geo_cov_nat,2007,5.038
khm,sex_m,age_aggregate_y15_24,geo_cov_nat,2008,8.657
khm,sex_m,age_aggregate_y15_24,geo_cov_nat,2012,4.199
khm,sex_m,age_aggregate_y15_24,geo_cov_nat,2019,3.842
khm,sex_m,age_aggregate_y15_24,geo_cov_rur,2007,3.636
khm,sex_m,age_aggregate_y15_24,geo_cov_rur,2008,5.374
khm,sex_m,age_aggregate_y15_24,geo_cov_rur,2012,3.381
khm,sex_m,age_aggregate_y15_24,geo_cov_rur,2019,3.165
khm,sex_m,age_aggregate_y15_24,geo_cov_urb,2007,12.62
khm,sex_m,age_aggregate_y15_24,geo_cov_urb,2008,24.355
khm,sex_m,age_aggregate_y15_24,geo_cov_urb,2012,8.26
khm,sex_m,age_aggregate_y15_24,geo_cov_urb,2019,5.83
khm,sex_m,age_aggregate_y25_54,geo_cov_nat,2007,1.623
khm,sex_m,age_aggregate_y25_54,geo_cov_nat,2008,1.089
khm,sex_m,age_aggregate_y25_54,geo_cov_nat,2012,2.578
khm,sex_m,age_aggregate_y25_54,geo_cov_nat,2019,0.352
khm,sex_m,age_aggregate_y25_54,geo_cov_rur,2007,1.706
khm,sex_m,age_aggregate_y25_54,geo_cov_rur,2008,0.919
khm,sex_m,age_aggregate_y25_54,geo_cov_rur,2012,2.498
khm,sex_m,age_aggregate_y25_54,geo_cov_rur,2019,0.235
khm,sex_m,age_aggregate_y25_54,geo_cov_urb,2007,1.321
khm,sex_m,age_aggregate_y25_54,geo_cov_urb,2008,1.69
khm,sex_m,age_aggregate_y25_54,geo_cov_urb,2012,2.785
khm,sex_m,age_aggregate_y25_54,geo_cov_urb,2019,0.569
khm,sex_m,age_aggregate_y55_64,geo_cov_nat,2008,2.699
khm,sex_m,age_aggregate_y55_64,geo_cov_nat,2012,2.012
khm,sex_m,age_aggregate_y55_64,geo_cov_rur,2008,2.017
khm,sex_m,age_aggregate_y55_64,geo_cov_rur,2012,2.86
khm,sex_m,age_aggregate_y55_64,geo_cov_urb,2008,5.526
khm,sex_m,age_aggregate_yge65,geo_cov_nat,2008,9.11
khm,sex_m,age_aggregate_yge65,geo_cov_rur,2008,7.744
khm,sex_m,age_aggregate_yge65,geo_cov_urb,2008,16.975
khm,sex_m,age_ythadult_y15_24,geo_cov_nat,2007,5.038
khm,sex_m,age_ythadult_y15_24,geo_cov_nat,2008,8.657
khm,sex_m,age_ythadult_y15_24,geo_cov_nat,2012,4.199
khm,sex_m,age_ythadult_y15_24,geo_cov_nat,2019,3.842
khm,sex_m,age_ythadult_y15_24,geo_cov_rur,2007,3.636
khm,sex_m,age_ythadult_y15_24,geo_cov_rur,2008,5.374
khm,sex_m,age_ythadult_y15_24,geo_cov_rur,2012,3.381
khm,sex_m,age_ythadult_y15_24,geo_cov_rur,2019,3.165
khm,sex_m,age_ythadult_y15_24,geo_cov_urb,2007,12.62
khm,sex_m,age_ythadult_y15_24,geo_cov_urb,2008,24.355
khm,sex_m,age_ythadult_y15_24,geo_cov_urb,2012,8.26
khm,sex_m,age_ythadult_y15_24,geo_cov_urb,2019,5.83
khm,sex_m,age_ythadult_y15_64,geo_cov_nat,2007,2.705
khm,sex_m,age_ythadult_y15_64,geo_cov_nat,2008,3.683
khm,sex_m,age_ythadult_y15_64,geo_cov_nat,2012,3.001
khm,sex_m,age_ythadult_y15_64,geo_cov_nat,2019,1.002
khm,sex_m,age_ythadult_y15_64,geo_cov_rur,2007,2.278
khm,sex_m,age_ythadult_y15_64,geo_cov_rur,2008,2.515
khm,sex_m,age_ythadult_y15_64,geo_cov_rur,2012,2.802
khm,sex_m,age_ythadult_y15_64,geo_cov_urb,2007,4.464
khm,sex_m,age_ythadult_y15_64,geo_cov_urb,2019,1.305
khm,sex_m,age_ythadult_yge15,geo_cov_nat,2007,2.641
khm,sex_m,age_ythadult_yge15,geo_cov_nat,2008,3.914
khm,sex_m,age_ythadult_yge15,geo_cov_nat,2012,2.95
khm,sex_m,age_ythadult_yge15,geo_cov_nat,2019,0.97
khm,sex_m,age_ythadult_yge15,geo_cov_rur,2007,2.192
khm,sex_m,age_ythadult_yge15,geo_cov_rur,2008,2.752
khm,sex_m,age_ythadult_yge15,geo_cov_rur,2012,2.735
khm,sex_m,age_ythadult_yge15,geo_cov_rur,2019,0.835
khm,sex_m,age_ythadult_yge15,geo_cov_urb,2007,4.495
khm,sex_m,age_ythadult_yge15,geo_cov_urb,2008,8.53
khm,sex_m,age_ythadult_yge15,geo_cov_urb,2012,3.606
khm,sex_m,age_ythadult_yge15,geo_cov_urb,2019,1.246
khm,sex_m,age_ythadult_yge25,geo_cov_nat,2007,1.503
khm,sex_m,age_ythadult_yge25,geo_cov_nat,2008,1.771
khm,sex_m,age_ythadult_yge25,geo_cov_nat,2012,2.471
khm,sex_m,age_ythadult_yge25,geo_cov_nat,2019,0.344
khm,sex_m,age_ythadult_yge25,geo_cov_rur,2007,1.457
khm,sex_m,age_ythadult_yge25,geo_cov_rur,2008,1.506
khm,sex_m,age_ythadult_yge25,geo_cov_rur,2012,2.449
khm,sex_m,age_ythadult_yge25,geo_cov_rur,2019,0.258
khm,sex_m,age_ythadult_yge25,geo_cov_urb,2007,1.673
khm,sex_m,age_ythadult_yge25,geo_cov_urb,2008,2.745
khm,sex_m,age_ythadult_yge25,geo_cov_urb,2012,2.529
khm,sex_m,age_ythadult_yge25,geo_cov_urb,2019,0.51
khm,sex_t,age_aggregate_total,geo_cov_nat,2007,3.582
khm,sex_t,age_aggregate_total,geo_cov_nat,2008,6.199
khm,sex_t,age_aggregate_total,geo_cov_nat,2012,3.007
khm,sex_t,age_aggregate_total,geo_cov_nat,2019,1.087
khm,sex_t,age_aggregate_total,geo_cov_rur,2007,3.044
khm,sex_t,age_aggregate_total,geo_cov_rur,2008,4.913
khm,sex_t,age_aggregate_total,geo_cov_rur,2012,2.873
khm,sex_t,age_aggregate_total,geo_cov_rur,2019,0.923
khm,sex_t,age_aggregate_total,geo_cov_urb,2007,5.928
khm,sex_t,age_aggregate_total,geo_cov_urb,2008,11.455
khm,sex_t,age_aggregate_total,geo_cov_urb,2012,3.413
khm,sex_t,age_aggregate_total,geo_cov_urb,2019,1.43
khm,sex_t,age_aggregate_y15_24,geo_cov_nat,2007,5.268
khm,sex_t,age_aggregate_y15_24,geo_cov_nat,2008,9.385
khm,sex_t,age_aggregate_y15_24,geo_cov_nat,2012,4.06
khm,sex_t,age_aggregate_y15_24,geo_cov_nat,2019,3.59
khm,sex_t,age_aggregate_y15_24,geo_cov_rur,2007,4.008
khm,sex_t,age_aggregate_y15_24,geo_cov_rur,2008,6.843
khm,sex_t,age_aggregate_y15_24,geo_cov_rur,2012,3.428
khm,sex_t,age_aggregate_y15_24,geo_cov_rur,2019,3.036
khm,sex_t,age_aggregate_y15_24,geo_cov_urb,2007,12.045
khm,sex_t,age_aggregate_y15_24,geo_cov_urb,2008,20.682
khm,sex_t,age_aggregate_y15_24,geo_cov_urb,2012,6.769
khm,sex_t,age_aggregate_y15_24,geo_cov_urb,2019,5.072
khm,sex_t,age_aggregate_y25_54,geo_cov_nat,2007,2.874
khm,sex_t,age_aggregate_y25_54,geo_cov_nat,2008,4.159
khm,sex_t,age_aggregate_y25_54,geo_cov_nat,2012,2.723
khm,sex_t,age_aggregate_y25_54,geo_cov_nat,2019,0.571
khm,sex_t,age_aggregate_y25_54,geo_cov_rur,2007,2.712
khm,sex_t,age_aggregate_y25_54,geo_cov_rur,2008,3.494
khm,sex_t,age_aggregate_y25_54,geo_cov_rur,2012,2.725
khm,sex_t,age_aggregate_y25_54,geo_cov_rur,2019,0.435
khm,sex_t,age_aggregate_y25_54,geo_cov_urb,2007,3.507
khm,sex_t,age_aggregate_y25_54,geo_cov_urb,2008,6.65
khm,sex_t,age_aggregate_y25_54,geo_cov_urb,2012,2.718
khm,sex_t,age_aggregate_y25_54,geo_cov_urb,2019,0.829
khm,sex_t,age_aggregate_y55_64,geo_cov_nat,2007,2.328
khm,sex_t,age_aggregate_y55_64,geo_cov_nat,2008,5.126
khm,sex_t,age_aggregate_y55_64,geo_cov_nat,2012,1.825
khm,sex_t,age_aggregate_y55_64,geo_cov_nat,2019,0.266
khm,sex_t,age_aggregate_y55_64,geo_cov_rur,2007,1.837
khm,sex_t,age_aggregate_y55_64,geo_cov_rur,2008,4.006
khm,sex_t,age_aggregate_y55_64,geo_cov_rur,2012,2.588
khm,sex_t,age_aggregate_y55_64,geo_cov_urb,2007,4.304
khm,sex_t,age_aggregate_y55_64,geo_cov_urb,2008,10.576
khm,sex_t,age_aggregate_yge65,geo_cov_nat,2007,2.119
khm,sex_t,age_aggregate_yge65,geo_cov_nat,2008,13.519
khm,sex_t,age_aggregate_yge65,geo_cov_nat,2012,1.292
khm,sex_t,age_aggregate_yge65,geo_cov_rur,2008,11.706
khm,sex_t,age_aggregate_yge65,geo_cov_urb,2008,24.677
khm,sex_t,age_ythadult_y15_24,geo_cov_nat,2007,5.268
khm,sex_t,age_ythadult_y15_24,geo_cov_nat,2008,9.385
khm,sex_t,age_ythadult_y15_24,geo_cov_nat,2012,4.06
khm,sex_t,age_ythadult_y15_24,geo_cov_nat,2019,3.59
khm,sex_t,age_ythadult_y15_24,geo_cov_rur,2007,4.008
khm,sex_t,age_ythadult_y15_24,geo_cov_rur,2008,6.843
khm,sex_t,age_ythadult_y15_24,geo_cov_rur,2012,3.428
khm,sex_t,age_ythadult_y15_24,geo_cov_rur,2019,3.036
khm,sex_t,age_ythadult_y15_24,geo_cov_urb,2007,12.045
khm,sex_t,age_ythadult_y15_24,geo_cov_urb,2008,20.682
khm,sex_t,age_ythadult_y15_24,geo_cov_urb,2012,6.769
khm,sex_t,age_ythadult_y15_24,geo_cov_urb,2019,5.072
khm,sex_t,age_ythadult_y15_64,geo_cov_nat,2007,3.629
khm,sex_t,age_ythadult_y15_64,geo_cov_nat,2008,5.918
khm,sex_t,age_ythadult_y15_64,geo_cov_nat,2012,3.056
khm,sex_t,age_ythadult_y15_64,geo_cov_nat,2019,1.124
khm,sex_t,age_ythadult_y15_64,geo_cov_rur,2007,3.093
khm,sex_t,age_ythadult_y15_64,geo_cov_rur,2008,4.634
khm,sex_t,age_ythadult_y15_64,geo_cov_rur,2012,2.943
khm,sex_t,age_ythadult_y15_64,geo_cov_urb,2007,5.957
khm,sex_t,age_ythadult_y15_64,geo_cov_urb,2019,1.491
khm,sex_t,age_ythadult_yge15,geo_cov_nat,2007,3.582
khm,sex_t,age_ythadult_yge15,geo_cov_nat,2008,6.199
khm,sex_t,age_ythadult_yge15,geo_cov_nat,2012,3.007
khm,sex_t,age_ythadult_yge15,geo_cov_nat,2019,1.087
khm,sex_t,age_ythadult_yge15,geo_cov_rur,2007,3.044
khm,sex_t,age_ythadult_yge15,geo_cov_rur,2008,4.913
khm,sex_t,age_ythadult_yge15,geo_cov_rur,2012,2.873
khm,sex_t,age_ythadult_yge15,geo_cov_rur,2019,0.923
khm,sex_t,age_ythadult_yge15,geo_cov_urb,2007,5.928
khm,sex_t,age_ythadult_yge15,geo_cov_urb,2008,11.455
khm,sex_t,age_ythadult_yge15,geo_cov_urb,2012,3.413
khm,sex_t,age_ythadult_yge15,geo_cov_urb,2019,1.43
khm,sex_t,age_ythadult_yge25,geo_cov_nat,2007,2.777
khm,sex_t,age_ythadult_yge25,geo_cov_nat,2008,4.775
khm,sex_t,age_ythadult_yge25,geo_cov_nat,2012,2.575
khm,sex_t,age_ythadult_yge25,geo_cov_nat,2019,0.514
khm,sex_t,age_ythadult_yge25,geo_cov_rur,2007,2.558
khm,sex_t,age_ythadult_yge25,geo_cov_rur,2008,4.031
khm,sex_t,age_ythadult_yge25,geo_cov_rur,2012,2.619
khm,sex_t,age_ythadult_yge25,geo_cov_rur,2019,0.395
khm,sex_t,age_ythadult_yge25,geo_cov_urb,2007,3.649
khm,sex_t,age_ythadult_yge25,geo_cov_urb,2008,7.711
khm,sex_t,age_ythadult_yge25,geo_cov_urb,2012,2.459
khm,sex_t,age_ythadult_yge25,geo_cov_urb,2019,0.751
kir,sex_f,age_aggregate_total,geo_cov_nat,2020,27.541
kir,sex_f,age_aggregate_total,geo_cov_nat,2023,27.517
kir,sex_f,age_aggregate_total,geo_cov_rur,2020,21.08
kir,sex_f,age_aggregate_total,geo_cov_rur,2023,26.312
kir,sex_f,age_aggregate_total,geo_cov_urb,2020,31.505
kir,sex_f,age_aggregate_total,geo_cov_urb,2023,28.278
kir,sex_f,age_aggregate_y15_24,geo_cov_nat,2020,53.682
kir,sex_f,age_aggregate_y15_24,geo_cov_nat,2023,58.664
kir,sex_f,age_aggregate_y15_24,geo_cov_rur,2020,44.557
kir,sex_f,age_aggregate_y15_24,geo_cov_rur,2023,50.807
kir,sex_f,age_aggregate_y15_24,geo_cov_urb,2020,58.215
kir,sex_f,age_aggregate_y15_24,geo_cov_urb,2023,63.444
kir,sex_f,age_aggregate_y25_54,geo_cov_nat,2020,22.847
kir,sex_f,age_aggregate_y25_54,geo_cov_nat,2023,21.424
kir,sex_f,age_aggregate_y25_54,geo_cov_rur,2020,18.049
kir,sex_f,age_aggregate_y25_54,geo_cov_rur,2023,21.65
kir,sex_f,age_aggregate_y25_54,geo_cov_urb,2020,25.746
kir,sex_f,age_aggregate_y25_54,geo_cov_urb,2023,21.279
kir,sex_f,age_aggregate_y55_64,geo_cov_nat,2020,10.457
kir,sex_f,age_aggregate_y55_64,geo_cov_nat,2023,13.396
kir,sex_f,age_aggregate_y55_64,geo_cov_rur,2020,7.97
kir,sex_f,age_aggregate_y55_64,geo_cov_rur,2023,14.357
kir,sex_f,age_aggregate_y55_64,geo_cov_urb,2020,12.781
kir,sex_f,age_aggregate_y55_64,geo_cov_urb,2023,12.808
kir,sex_f,age_aggregate_yge65,geo_cov_nat,2020,10.324
kir,sex_f,age_aggregate_yge65,geo_cov_nat,2023,6.825
kir,sex_f,age_aggregate_yge65,geo_cov_rur,2020,5.283
kir,sex_f,age_aggregate_yge65,geo_cov_urb,2020,16.157
kir,sex_f,age_ythadult_y15_24,geo_cov_nat,2020,53.682
kir,sex_f,age_ythadult_y15_24,geo_cov_nat,2023,58.664
kir,sex_f,age_ythadult_y15_24,geo_cov_rur,2020,44.557
kir,sex_f,age_ythadult_y15_24,geo_cov_rur,2023,50.807
kir,sex_f,age_ythadult_y15_24,geo_cov_urb,2020,58.215
kir,sex_f,age_ythadult_y15_24,geo_cov_urb,2023,63.444
kir,sex_f,age_ythadult_y15_64,geo_cov_nat,2020,28.014
kir,sex_f,age_ythadult_y15_64,geo_cov_nat,2023,28.216
kir,sex_f,age_ythadult_y15_64,geo_cov_rur,2020,21.699
kir,sex_f,age_ythadult_y15_64,geo_cov_rur,2023,26.741
kir,sex_f,age_ythadult_y15_64,geo_cov_urb,2020,31.818
kir,sex_f,age_ythadult_y15_64,geo_cov_urb,2023,29.149
kir,sex_f,age_ythadult_yge15,geo_cov_nat,2020,27.541
kir,sex_f,age_ythadult_yge15,geo_cov_nat,2023,27.517
kir,sex_f,age_ythadult_yge15,geo_cov_rur,2020,21.08
kir,sex_f,age_ythadult_yge15,geo_cov_rur,2023,26.312
kir,sex_f,age_ythadult_yge15,geo_cov_urb,2020,31.505
kir,sex_f,age_ythadult_yge15,geo_cov_urb,2023,28.278
kir,sex_f,age_ythadult_yge25,geo_cov_nat,2020,21.29
kir,sex_f,age_ythadult_yge25,geo_cov_nat,2023,19.923
kir,sex_f,age_ythadult_yge25,geo_cov_rur,2020,16.325
kir,sex_f,age_ythadult_yge25,geo_cov_rur,2023,20.506
kir,sex_f,age_ythadult_yge25,geo_cov_urb,2020,24.488
kir,sex_f,age_ythadult_yge25,geo_cov_urb,2023,19.551
kir,sex_m,age_aggregate_total,geo_cov_nat,2020,20.441
kir,sex_m,age_aggregate_total,geo_cov_nat,2023,17.896
kir,sex_m,age_aggregate_total,geo_cov_rur,2020,10.606
kir,sex_m,age_aggregate_total,geo_cov_rur,2023,13.157
kir,sex_m,age_aggregate_total,geo_cov_urb,2020,28.03
kir,sex_m,age_aggregate_total,geo_cov_urb,2023,21.367
kir,sex_m,age_aggregate_y15_24,geo_cov_nat,2020,39.885
kir,sex_m,age_aggregate_y15_24,geo_cov_nat,2023,36.128
kir,sex_m,age_aggregate_y15_24,geo_cov_rur,2020,22.059
kir,sex_m,age_aggregate_y15_24,geo_cov_rur,2023,28.22
kir,sex_m,age_aggregate_y15_24,geo_cov_urb,2020,53.594
kir,sex_m,age_aggregate_y15_24,geo_cov_urb,2023,41.53
kir,sex_m,age_aggregate_y25_54,geo_cov_nat,2020,15.777
kir,sex_m,age_aggregate_y25_54,geo_cov_nat,2023,13.366
kir,sex_m,age_aggregate_y25_54,geo_cov_rur,2020,7.805
kir,sex_m,age_aggregate_y25_54,geo_cov_rur,2023,9.942
kir,sex_m,age_aggregate_y25_54,geo_cov_urb,2020,21.465
kir,sex_m,age_aggregate_y25_54,geo_cov_urb,2023,15.831
kir,sex_m,age_aggregate_y55_64,geo_cov_nat,2020,8.989
kir,sex_m,age_aggregate_y55_64,geo_cov_nat,2023,9.892
kir,sex_m,age_aggregate_y55_64,geo_cov_rur,2020,5.611
kir,sex_m,age_aggregate_y55_64,geo_cov_rur,2023,4.762
kir,sex_m,age_aggregate_y55_64,geo_cov_urb,2020,13.42
kir,sex_m,age_aggregate_y55_64,geo_cov_urb,2023,14.81
kir,sex_m,age_aggregate_yge65,geo_cov_nat,2020,8.789
kir,sex_m,age_aggregate_yge65,geo_cov_rur,2020,3.731
kir,sex_m,age_aggregate_yge65,geo_cov_urb,2020,17.647
kir,sex_m,age_ythadult_y15_24,geo_cov_nat,2020,39.885
kir,sex_m,age_ythadult_y15_24,geo_cov_nat,2023,36.128
kir,sex_m,age_ythadult_y15_24,geo_cov_rur,2020,22.059
kir,sex_m,age_ythadult_y15_24,geo_cov_rur,2023,28.22
kir,sex_m,age_ythadult_y15_24,geo_cov_urb,2020,53.594
kir,sex_m,age_ythadult_y15_24,geo_cov_urb,2023,41.53
kir,sex_m,age_ythadult_y15_64,geo_cov_nat,2020,20.667
kir,sex_m,age_ythadult_y15_64,geo_cov_nat,2023,18.195
kir,sex_m,age_ythadult_y15_64,geo_cov_rur,2020,10.802
kir,sex_m,age_ythadult_y15_64,geo_cov_rur,2023,13.405
kir,sex_m,age_ythadult_y15_64,geo_cov_urb,2020,28.159
kir,sex_m,age_ythadult_y15_64,geo_cov_urb,2023,21.685
kir,sex_m,age_ythadult_yge15,geo_cov_nat,2020,20.441
kir,sex_m,age_ythadult_yge15,geo_cov_nat,2023,17.896
kir,sex_m,age_ythadult_yge15,geo_cov_rur,2020,10.606
kir,sex_m,age_ythadult_yge15,geo_cov_rur,2023,13.157
kir,sex_m,age_ythadult_yge15,geo_cov_urb,2020,28.03
kir,sex_m,age_ythadult_yge15,geo_cov_urb,2023,21.367
kir,sex_m,age_ythadult_yge25,geo_cov_nat,2020,14.976
kir,sex_m,age_ythadult_yge25,geo_cov_nat,2023,12.75
kir,sex_m,age_ythadult_yge25,geo_cov_rur,2020,7.395
kir,sex_m,age_ythadult_yge25,geo_cov_rur,2023,9.12
kir,sex_m,age_ythadult_yge25,geo_cov_urb,2020,20.832
kir,sex_m,age_ythadult_yge25,geo_cov_urb,2023,15.46
kir,sex_t,age_aggregate_total,geo_cov_nat,2020,23.676
kir,sex_t,age_aggregate_total,geo_cov_nat,2023,22.449
kir,sex_t,age_aggregate_total,geo_cov_rur,2020,15.028
kir,sex_t,age_aggregate_total,geo_cov_rur,2023,19.093
kir,sex_t,age_aggregate_total,geo_cov_urb,2020,29.694
kir,sex_t,age_aggregate_total,geo_cov_urb,2023,24.741
kir,sex_t,age_aggregate_y15_24,geo_cov_nat,2020,45.736
kir,sex_t,age_aggregate_y15_24,geo_cov_nat,2023,46.144
kir,sex_t,age_aggregate_y15_24,geo_cov_rur,2020,30.155
kir,sex_t,age_aggregate_y15_24,geo_cov_rur,2023,37.867
kir,sex_t,age_aggregate_y15_24,geo_cov_urb,2020,55.744
kir,sex_t,age_aggregate_y15_24,geo_cov_urb,2023,51.516
kir,sex_t,age_aggregate_y25_54,geo_cov_nat,2020,19.041
kir,sex_t,age_aggregate_y25_54,geo_cov_nat,2023,17.18
kir,sex_t,age_aggregate_y25_54,geo_cov_rur,2020,12.28
kir,sex_t,age_aggregate_y25_54,geo_cov_rur,2023,15.289
kir,sex_t,age_aggregate_y25_54,geo_cov_urb,2020,23.512
kir,sex_t,age_aggregate_y25_54,geo_cov_urb,2023,18.471
kir,sex_t,age_aggregate_y55_64,geo_cov_nat,2020,9.668
kir,sex_t,age_aggregate_y55_64,geo_cov_nat,2023,11.665
kir,sex_t,age_aggregate_y55_64,geo_cov_rur,2020,6.607
kir,sex_t,age_aggregate_y55_64,geo_cov_rur,2023,9.01
kir,sex_t,age_aggregate_y55_64,geo_cov_urb,2020,13.096
kir,sex_t,age_aggregate_y55_64,geo_cov_urb,2023,13.7
kir,sex_t,age_aggregate_yge65,geo_cov_nat,2020,9.617
kir,sex_t,age_aggregate_yge65,geo_cov_nat,2023,5.332
kir,sex_t,age_aggregate_yge65,geo_cov_rur,2020,4.503
kir,sex_t,age_aggregate_yge65,geo_cov_rur,2023,7.896
kir,sex_t,age_aggregate_yge65,geo_cov_urb,2020,16.754
kir,sex_t,age_ythadult_y15_24,geo_cov_nat,2020,45.736
kir,sex_t,age_ythadult_y15_24,geo_cov_nat,2023,46.144
kir,sex_t,age_ythadult_y15_24,geo_cov_rur,2020,30.155
kir,sex_t,age_ythadult_y15_24,geo_cov_rur,2023,37.867
kir,sex_t,age_ythadult_y15_24,geo_cov_urb,2020,55.744
kir,sex_t,age_ythadult_y15_24,geo_cov_urb,2023,51.516
kir,sex_t,age_ythadult_y15_64,geo_cov_nat,2020,24
kir,sex_t,age_ythadult_y15_64,geo_cov_nat,2023,22.904
kir,sex_t,age_ythadult_y15_64,geo_cov_rur,2020,15.376
kir,sex_t,age_ythadult_y15_64,geo_cov_rur,2023,19.396
kir,sex_t,age_ythadult_y15_64,geo_cov_urb,2020,29.904
kir,sex_t,age_ythadult_y15_64,geo_cov_urb,2023,25.299
kir,sex_t,age_ythadult_yge15,geo_cov_nat,2020,23.676
kir,sex_t,age_ythadult_yge15,geo_cov_nat,2023,22.449
kir,sex_t,age_ythadult_yge15,geo_cov_rur,2020,15.028
kir,sex_t,age_ythadult_yge15,geo_cov_rur,2023,19.093
kir,sex_t,age_ythadult_yge15,geo_cov_urb,2020,29.694
kir,sex_t,age_ythadult_yge15,geo_cov_urb,2023,24.741
kir,sex_t,age_ythadult_yge25,geo_cov_nat,2020,17.905
kir,sex_t,age_ythadult_yge25,geo_cov_nat,2023,16.199
kir,sex_t,age_ythadult_yge25,geo_cov_rur,2020,11.302
kir,sex_t,age_ythadult_yge25,geo_cov_rur,2023,14.328
kir,sex_t,age_ythadult_yge25,geo_cov_urb,2020,22.597
kir,sex_t,age_ythadult_yge25,geo_cov_urb,2023,17.494
kor,sex_f,age_aggregate_total,geo_cov_nat,2000,3.687
kor,sex_f,age_aggregate_total,geo_cov_nat,2001,3.362
kor,sex_f,age_aggregate_total,geo_cov_nat,2002,2.775
kor,sex_f,age_aggregate_total,geo_cov_nat,2014,3.482
kor,sex_f,age_aggregate_total,geo_cov_rur,2000,1.747
kor,sex_f,age_aggregate_total,geo_cov_rur,2001,1.926
kor,sex_f,age_aggregate_total,geo_cov_rur,2002,1.42
kor,sex_f,age_aggregate_total,geo_cov_rur,2014,2.14
kor,sex_f,age_aggregate_total,geo_cov_urb,2000,3.807
kor,sex_f,age_aggregate_total,geo_cov_urb,2001,3.793
kor,sex_f,age_aggregate_total,geo_cov_urb,2002,3.171
kor,sex_f,age_aggregate_total,geo_cov_urb,2014,3.781
kor,sex_f,age_aggregate_y15_24,geo_cov_nat,2000,9.466
kor,sex_f,age_aggregate_y15_24,geo_cov_nat,2001,9.225
kor,sex_f,age_aggregate_y15_24,geo_cov_nat,2002,7.816
kor,sex_f,age_aggregate_y15_24,geo_cov_nat,2014,9.543
kor,sex_f,age_aggregate_y15_24,geo_cov_rur,2000,7.282
kor,sex_f,age_aggregate_y15_24,geo_cov_rur,2001,8.472
kor,sex_f,age_aggregate_y15_24,geo_cov_rur,2002,6.03
kor,sex_f,age_aggregate_y15_24,geo_cov_rur,2014,8.024
kor,sex_f,age_aggregate_y15_24,geo_cov_urb,2000,9.564
kor,sex_f,age_aggregate_y15_24,geo_cov_urb,2001,9.375
kor,sex_f,age_aggregate_y15_24,geo_cov_urb,2002,8.169
kor,sex_f,age_aggregate_y15_24,geo_cov_urb,2014,9.798
kor,sex_f,age_aggregate_y25_54,geo_cov_nat,2000,3.137
kor,sex_f,age_aggregate_y25_54,geo_cov_nat,2001,2.805
kor,sex_f,age_aggregate_y25_54,geo_cov_nat,2002,2.322
kor,sex_f,age_aggregate_y25_54,geo_cov_nat,2014,3.342
kor,sex_f,age_aggregate_y25_54,geo_cov_rur,2000,1.667
kor,sex_f,age_aggregate_y25_54,geo_cov_rur,2001,1.81
kor,sex_f,age_aggregate_y25_54,geo_cov_rur,2002,1.415
kor,sex_f,age_aggregate_y25_54,geo_cov_rur,2014,2.305
kor,sex_f,age_aggregate_y25_54,geo_cov_urb,2000,3.208
kor,sex_f,age_aggregate_y25_54,geo_cov_urb,2001,3.026
kor,sex_f,age_aggregate_y25_54,geo_cov_urb,2002,2.519
kor,sex_f,age_aggregate_y25_54,geo_cov_urb,2014,3.516
kor,sex_f,age_aggregate_y55_64,geo_cov_nat,2000,1.793
kor,sex_f,age_aggregate_y55_64,geo_cov_nat,2001,1.176
kor,sex_f,age_aggregate_y55_64,geo_cov_nat,2002,0.935
kor,sex_f,age_aggregate_y55_64,geo_cov_nat,2014,1.935
kor,sex_f,age_aggregate_y55_64,geo_cov_rur,2000,0.384
kor,sex_f,age_aggregate_y55_64,geo_cov_rur,2001,0.294
kor,sex_f,age_aggregate_y55_64,geo_cov_rur,2002,0.275
kor,sex_f,age_aggregate_y55_64,geo_cov_rur,2014,0.921
kor,sex_f,age_aggregate_y55_64,geo_cov_urb,2000,1.965
kor,sex_f,age_aggregate_y55_64,geo_cov_urb,2001,1.813
kor,sex_f,age_aggregate_y55_64,geo_cov_urb,2002,1.364
kor,sex_f,age_aggregate_y55_64,geo_cov_urb,2014,2.241
kor,sex_f,age_aggregate_yge65,geo_cov_nat,2000,0.4
kor,sex_f,age_aggregate_yge65,geo_cov_nat,2001,0.393
kor,sex_f,age_aggregate_yge65,geo_cov_nat,2002,0.318
kor,sex_f,age_aggregate_yge65,geo_cov_nat,2014,1.704
kor,sex_f,age_aggregate_yge65,geo_cov_rur,2000,0.187
kor,sex_f,age_aggregate_yge65,geo_cov_rur,2001,0.258
kor,sex_f,age_aggregate_yge65,geo_cov_rur,2002,0.052
kor,sex_f,age_aggregate_yge65,geo_cov_rur,2014,1.074
kor,sex_f,age_aggregate_yge65,geo_cov_urb,2000,0.436
kor,sex_f,age_aggregate_yge65,geo_cov_urb,2001,0.595
kor,sex_f,age_aggregate_yge65,geo_cov_urb,2002,0.735
kor,sex_f,age_aggregate_yge65,geo_cov_urb,2014,2.196
kor,sex_f,age_ythadult_y15_24,geo_cov_nat,2000,9.466
kor,sex_f,age_ythadult_y15_24,geo_cov_nat,2001,9.225
kor,sex_f,age_ythadult_y15_24,geo_cov_nat,2002,7.816
kor,sex_f,age_ythadult_y15_24,geo_cov_nat,2014,9.543
kor,sex_f,age_ythadult_y15_24,geo_cov_rur,2000,7.282
kor,sex_f,age_ythadult_y15_24,geo_cov_rur,2001,8.472
kor,sex_f,age_ythadult_y15_24,geo_cov_rur,2002,6.03
kor,sex_f,age_ythadult_y15_24,geo_cov_rur,2014,8.024
kor,sex_f,age_ythadult_y15_24,geo_cov_urb,2000,9.564
kor,sex_f,age_ythadult_y15_24,geo_cov_urb,2001,9.375
kor,sex_f,age_ythadult_y15_24,geo_cov_urb,2002,8.169
kor,sex_f,age_ythadult_y15_24,geo_cov_urb,2014,9.798
kor,sex_f,age_ythadult_y15_64,geo_cov_nat,2000,3.893
kor,sex_f,age_ythadult_y15_64,geo_cov_nat,2001,3.551
kor,sex_f,age_ythadult_y15_64,geo_cov_nat,2002,2.936
kor,sex_f,age_ythadult_y15_64,geo_cov_nat,2014,3.646
kor,sex_f,age_ythadult_y15_64,geo_cov_rur,2000,2.018
kor,sex_f,age_ythadult_y15_64,geo_cov_rur,2001,2.234
kor,sex_f,age_ythadult_y15_64,geo_cov_rur,2002,1.692
kor,sex_f,age_ythadult_y15_64,geo_cov_rur,2014,2.412
kor,sex_f,age_ythadult_y15_64,geo_cov_urb,2000,3.997
kor,sex_f,age_ythadult_y15_64,geo_cov_urb,2001,3.896
kor,sex_f,age_ythadult_y15_64,geo_cov_urb,2002,3.249
kor,sex_f,age_ythadult_y15_64,geo_cov_urb,2014,3.879
kor,sex_f,age_ythadult_yge15,geo_cov_nat,2000,3.687
kor,sex_f,age_ythadult_yge15,geo_cov_nat,2001,3.362
kor,sex_f,age_ythadult_yge15,geo_cov_nat,2002,2.775
kor,sex_f,age_ythadult_yge15,geo_cov_nat,2014,3.482
kor,sex_f,age_ythadult_yge15,geo_cov_rur,2000,1.747
kor,sex_f,age_ythadult_yge15,geo_cov_rur,2001,1.926
kor,sex_f,age_ythadult_yge15,geo_cov_rur,2002,1.42
kor,sex_f,age_ythadult_yge15,geo_cov_rur,2014,2.14
kor,sex_f,age_ythadult_yge15,geo_cov_urb,2000,3.807
kor,sex_f,age_ythadult_yge15,geo_cov_urb,2001,3.793
kor,sex_f,age_ythadult_yge15,geo_cov_urb,2002,3.171
kor,sex_f,age_ythadult_yge15,geo_cov_urb,2014,3.781
kor,sex_f,age_ythadult_yge25,geo_cov_nat,2000,2.78
kor,sex_f,age_ythadult_yge25,geo_cov_nat,2001,2.434
kor,sex_f,age_ythadult_yge25,geo_cov_nat,2002,2.008
kor,sex_f,age_ythadult_yge25,geo_cov_nat,2014,2.949
kor,sex_f,age_ythadult_yge25,geo_cov_rur,2000,1.133
kor,sex_f,age_ythadult_yge25,geo_cov_rur,2001,1.212
kor,sex_f,age_ythadult_yge25,geo_cov_rur,2002,0.928
kor,sex_f,age_ythadult_yge25,geo_cov_rur,2014,1.74
kor,sex_f,age_ythadult_yge25,geo_cov_urb,2000,2.887
kor,sex_f,age_ythadult_yge25,geo_cov_urb,2001,2.822
kor,sex_f,age_ythadult_yge25,geo_cov_urb,2002,2.34
kor,sex_f,age_ythadult_yge25,geo_cov_urb,2014,3.224
kor,sex_m,age_aggregate_total,geo_cov_nat,2000,4.934
kor,sex_m,age_aggregate_total,geo_cov_nat,2001,4.461
kor,sex_m,age_aggregate_total,geo_cov_nat,2002,3.631
kor,sex_m,age_aggregate_total,geo_cov_nat,2014,3.542
kor,sex_m,age_aggregate_total,geo_cov_rur,2000,2.634
kor,sex_m,age_aggregate_total,geo_cov_rur,2001,2.506
kor,sex_m,age_aggregate_total,geo_cov_rur,2002,2.146
kor,sex_m,age_aggregate_total,geo_cov_rur,2014,2.334
kor,sex_m,age_aggregate_total,geo_cov_urb,2000,5.061
kor,sex_m,age_aggregate_total,geo_cov_urb,2001,4.968
kor,sex_m,age_aggregate_total,geo_cov_urb,2002,4.012
kor,sex_m,age_aggregate_total,geo_cov_urb,2014,3.814
kor,sex_m,age_aggregate_y15_24,geo_cov_nat,2000,13.744
kor,sex_m,age_aggregate_y15_24,geo_cov_nat,2001,12.51
kor,sex_m,age_aggregate_y15_24,geo_cov_nat,2002,10.303
kor,sex_m,age_aggregate_y15_24,geo_cov_nat,2014,11.048
kor,sex_m,age_aggregate_y15_24,geo_cov_rur,2000,8.571
kor,sex_m,age_aggregate_y15_24,geo_cov_rur,2001,7.941
kor,sex_m,age_aggregate_y15_24,geo_cov_rur,2002,7.096
kor,sex_m,age_aggregate_y15_24,geo_cov_rur,2014,7.887
kor,sex_m,age_aggregate_y15_24,geo_cov_urb,2000,14.058
kor,sex_m,age_aggregate_y15_24,geo_cov_urb,2001,13.578
kor,sex_m,age_aggregate_y15_24,geo_cov_urb,2002,11.064
kor,sex_m,age_aggregate_y15_24,geo_cov_urb,2014,11.763
kor,sex_m,age_aggregate_y25_54,geo_cov_nat,2000,4.592
kor,sex_m,age_aggregate_y25_54,geo_cov_nat,2001,4.23
kor,sex_m,age_aggregate_y25_54,geo_cov_nat,2002,3.484
kor,sex_m,age_aggregate_y25_54,geo_cov_nat,2014,3.389
kor,sex_m,age_aggregate_y25_54,geo_cov_rur,2000,2.802
kor,sex_m,age_aggregate_y25_54,geo_cov_rur,2001,2.881
kor,sex_m,age_aggregate_y25_54,geo_cov_rur,2002,2.408
kor,sex_m,age_aggregate_y25_54,geo_cov_rur,2014,2.405
kor,sex_m,age_aggregate_y25_54,geo_cov_urb,2000,4.674
kor,sex_m,age_aggregate_y25_54,geo_cov_urb,2001,4.516
kor,sex_m,age_aggregate_y25_54,geo_cov_urb,2002,3.713
kor,sex_m,age_aggregate_y25_54,geo_cov_urb,2014,3.573
kor,sex_m,age_aggregate_y55_64,geo_cov_nat,2000,3.91
kor,sex_m,age_aggregate_y55_64,geo_cov_nat,2001,3.194
kor,sex_m,age_aggregate_y55_64,geo_cov_nat,2002,2.402
kor,sex_m,age_aggregate_y55_64,geo_cov_nat,2014,2.842
kor,sex_m,age_aggregate_y55_64,geo_cov_rur,2000,1.138
kor,sex_m,age_aggregate_y55_64,geo_cov_rur,2001,0.828
kor,sex_m,age_aggregate_y55_64,geo_cov_rur,2002,0.899
kor,sex_m,age_aggregate_y55_64,geo_cov_rur,2014,1.861
kor,sex_m,age_aggregate_y55_64,geo_cov_urb,2000,4.141
kor,sex_m,age_aggregate_y55_64,geo_cov_urb,2001,4.163
kor,sex_m,age_aggregate_y55_64,geo_cov_urb,2002,2.971
kor,sex_m,age_aggregate_y55_64,geo_cov_urb,2014,3.095
kor,sex_m,age_aggregate_yge65,geo_cov_nat,2000,1.222
kor,sex_m,age_aggregate_yge65,geo_cov_nat,2001,0.849
kor,sex_m,age_aggregate_yge65,geo_cov_nat,2002,0.773
kor,sex_m,age_aggregate_yge65,geo_cov_nat,2014,2.372
kor,sex_m,age_aggregate_yge65,geo_cov_rur,2001,0.117
kor,sex_m,age_aggregate_yge65,geo_cov_rur,2002,0.08
kor,sex_m,age_aggregate_yge65,geo_cov_rur,2014,1.109
kor,sex_m,age_aggregate_yge65,geo_cov_urb,2000,1.388
kor,sex_m,age_aggregate_yge65,geo_cov_urb,2001,1.741
kor,sex_m,age_aggregate_yge65,geo_cov_urb,2002,1.513
kor,sex_m,age_aggregate_yge65,geo_cov_urb,2014,3.11
kor,sex_m,age_ythadult_y15_24,geo_cov_nat,2000,13.744
kor,sex_m,age_ythadult_y15_24,geo_cov_nat,2001,12.51
kor,sex_m,age_ythadult_y15_24,geo_cov_nat,2002,10.303
kor,sex_m,age_ythadult_y15_24,geo_cov_nat,2014,11.048
kor,sex_m,age_ythadult_y15_24,geo_cov_rur,2000,8.571
kor,sex_m,age_ythadult_y15_24,geo_cov_rur,2001,7.941
kor,sex_m,age_ythadult_y15_24,geo_cov_rur,2002,7.096
kor,sex_m,age_ythadult_y15_24,geo_cov_rur,2014,7.887
kor,sex_m,age_ythadult_y15_24,geo_cov_urb,2000,14.058
kor,sex_m,age_ythadult_y15_24,geo_cov_urb,2001,13.578
kor,sex_m,age_ythadult_y15_24,geo_cov_urb,2002,11.064
kor,sex_m,age_ythadult_y15_24,geo_cov_urb,2014,11.763
kor,sex_m,age_ythadult_y15_64,geo_cov_nat,2000,5.109
kor,sex_m,age_ythadult_y15_64,geo_cov_nat,2001,4.641
kor,sex_m,age_ythadult_y15_64,geo_cov_nat,2002,3.784
kor,sex_m,age_ythadult_y15_64,geo_cov_nat,2014,3.641
kor,sex_m,age_ythadult_y15_64,geo_cov_rur,2000,2.958
kor,sex_m,age_ythadult_y15_64,geo_cov_rur,2001,2.852
kor,sex_m,age_ythadult_y15_64,geo_cov_rur,2002,2.45
kor,sex_m,age_ythadult_y15_64,geo_cov_rur,2014,2.56
kor,sex_m,age_ythadult_y15_64,geo_cov_urb,2000,5.218
kor,sex_m,age_ythadult_y15_64,geo_cov_urb,2001,5.058
kor,sex_m,age_ythadult_y15_64,geo_cov_urb,2002,4.092
kor,sex_m,age_ythadult_y15_64,geo_cov_urb,2014,3.859
kor,sex_m,age_ythadult_yge15,geo_cov_nat,2000,4.934
kor,sex_m,age_ythadult_yge15,geo_cov_nat,2001,4.461
kor,sex_m,age_ythadult_yge15,geo_cov_nat,2002,3.631
kor,sex_m,age_ythadult_yge15,geo_cov_nat,2014,3.542
kor,sex_m,age_ythadult_yge15,geo_cov_rur,2000,2.634
kor,sex_m,age_ythadult_yge15,geo_cov_rur,2001,2.506
kor,sex_m,age_ythadult_yge15,geo_cov_rur,2002,2.146
kor,sex_m,age_ythadult_yge15,geo_cov_rur,2014,2.334
kor,sex_m,age_ythadult_yge15,geo_cov_urb,2000,5.061
kor,sex_m,age_ythadult_yge15,geo_cov_urb,2001,4.968
kor,sex_m,age_ythadult_yge15,geo_cov_urb,2002,4.012
kor,sex_m,age_ythadult_yge15,geo_cov_urb,2014,3.814
kor,sex_m,age_ythadult_yge25,geo_cov_nat,2000,4.356
kor,sex_m,age_ythadult_yge25,geo_cov_nat,2001,3.942
kor,sex_m,age_ythadult_yge25,geo_cov_nat,2002,3.211
kor,sex_m,age_ythadult_yge25,geo_cov_nat,2014,3.209
kor,sex_m,age_ythadult_yge25,geo_cov_rur,2000,2.203
kor,sex_m,age_ythadult_yge25,geo_cov_rur,2001,2.185
kor,sex_m,age_ythadult_yge25,geo_cov_rur,2002,1.855
kor,sex_m,age_ythadult_yge25,geo_cov_rur,2014,2.086
kor,sex_m,age_ythadult_yge25,geo_cov_urb,2000,4.473
kor,sex_m,age_ythadult_yge25,geo_cov_urb,2001,4.401
kor,sex_m,age_ythadult_yge25,geo_cov_urb,2002,3.561
kor,sex_m,age_ythadult_yge25,geo_cov_urb,2014,3.462
kor,sex_t,age_aggregate_total,geo_cov_nat,2000,4.418
kor,sex_t,age_aggregate_total,geo_cov_nat,2001,4.003
kor,sex_t,age_aggregate_total,geo_cov_nat,2002,3.275
kor,sex_t,age_aggregate_total,geo_cov_nat,2014,3.517
kor,sex_t,age_aggregate_total,geo_cov_rur,2000,2.242
kor,sex_t,age_aggregate_total,geo_cov_rur,2001,2.248
kor,sex_t,age_aggregate_total,geo_cov_rur,2002,1.826
kor,sex_t,age_aggregate_total,geo_cov_rur,2014,2.253
kor,sex_t,age_aggregate_total,geo_cov_urb,2000,4.544
kor,sex_t,age_aggregate_total,geo_cov_urb,2001,4.487
kor,sex_t,age_aggregate_total,geo_cov_urb,2002,3.668
kor,sex_t,age_aggregate_total,geo_cov_urb,2014,3.8
kor,sex_t,age_aggregate_y15_24,geo_cov_nat,2000,11.14
kor,sex_t,age_aggregate_y15_24,geo_cov_nat,2001,10.482
kor,sex_t,age_aggregate_y15_24,geo_cov_nat,2002,8.775
kor,sex_t,age_aggregate_y15_24,geo_cov_nat,2014,10.174
kor,sex_t,age_aggregate_y15_24,geo_cov_rur,2000,7.877
kor,sex_t,age_aggregate_y15_24,geo_cov_rur,2001,8.252
kor,sex_t,age_aggregate_y15_24,geo_cov_rur,2002,6.479
kor,sex_t,age_aggregate_y15_24,geo_cov_rur,2014,7.958
kor,sex_t,age_aggregate_y15_24,geo_cov_urb,2000,11.307
kor,sex_t,age_aggregate_y15_24,geo_cov_urb,2001,10.956
kor,sex_t,age_aggregate_y15_24,geo_cov_urb,2002,9.264
kor,sex_t,age_aggregate_y15_24,geo_cov_urb,2014,10.599
kor,sex_t,age_aggregate_y25_54,geo_cov_nat,2000,4.034
kor,sex_t,age_aggregate_y25_54,geo_cov_nat,2001,3.678
kor,sex_t,age_aggregate_y25_54,geo_cov_nat,2002,3.031
kor,sex_t,age_aggregate_y25_54,geo_cov_nat,2014,3.37
kor,sex_t,age_aggregate_y25_54,geo_cov_rur,2000,2.354
kor,sex_t,age_aggregate_y25_54,geo_cov_rur,2001,2.455
kor,sex_t,age_aggregate_y25_54,geo_cov_rur,2002,2.017
kor,sex_t,age_aggregate_y25_54,geo_cov_rur,2014,2.366
kor,sex_t,age_aggregate_y25_54,geo_cov_urb,2000,4.112
kor,sex_t,age_aggregate_y25_54,geo_cov_urb,2001,3.942
kor,sex_t,age_aggregate_y25_54,geo_cov_urb,2002,3.249
kor,sex_t,age_aggregate_y25_54,geo_cov_urb,2014,3.55
kor,sex_t,age_aggregate_y55_64,geo_cov_nat,2000,3.001
kor,sex_t,age_aggregate_y55_64,geo_cov_nat,2001,2.344
kor,sex_t,age_aggregate_y55_64,geo_cov_nat,2002,1.799
kor,sex_t,age_aggregate_y55_64,geo_cov_nat,2014,2.475
kor,sex_t,age_aggregate_y55_64,geo_cov_rur,2000,0.749
kor,sex_t,age_aggregate_y55_64,geo_cov_rur,2001,0.555
kor,sex_t,age_aggregate_y55_64,geo_cov_rur,2002,0.587
kor,sex_t,age_aggregate_y55_64,geo_cov_rur,2014,1.454
kor,sex_t,age_aggregate_y55_64,geo_cov_urb,2000,3.225
kor,sex_t,age_aggregate_y55_64,geo_cov_urb,2001,3.286
kor,sex_t,age_aggregate_y55_64,geo_cov_urb,2002,2.378
kor,sex_t,age_aggregate_y55_64,geo_cov_urb,2014,2.757
kor,sex_t,age_aggregate_yge65,geo_cov_nat,2000,0.826
kor,sex_t,age_aggregate_yge65,geo_cov_nat,2001,0.633
kor,sex_t,age_aggregate_yge65,geo_cov_nat,2002,0.562
kor,sex_t,age_aggregate_yge65,geo_cov_nat,2014,2.076
kor,sex_t,age_aggregate_yge65,geo_cov_rur,2000,0.167
kor,sex_t,age_aggregate_yge65,geo_cov_rur,2001,0.187
kor,sex_t,age_aggregate_yge65,geo_cov_rur,2002,0.066
kor,sex_t,age_aggregate_yge65,geo_cov_rur,2014,1.092
kor,sex_t,age_aggregate_yge65,geo_cov_urb,2000,0.933
kor,sex_t,age_aggregate_yge65,geo_cov_urb,2001,1.233
kor,sex_t,age_aggregate_yge65,geo_cov_urb,2002,1.194
kor,sex_t,age_aggregate_yge65,geo_cov_urb,2014,2.732
kor,sex_t,age_ythadult_y15_24,geo_cov_nat,2000,11.14
kor,sex_t,age_ythadult_y15_24,geo_cov_nat,2001,10.482
kor,sex_t,age_ythadult_y15_24,geo_cov_nat,2002,8.775
kor,sex_t,age_ythadult_y15_24,geo_cov_nat,2014,10.174
kor,sex_t,age_ythadult_y15_24,geo_cov_rur,2000,7.877
kor,sex_t,age_ythadult_y15_24,geo_cov_rur,2001,8.252
kor,sex_t,age_ythadult_y15_24,geo_cov_rur,2002,6.479
kor,sex_t,age_ythadult_y15_24,geo_cov_rur,2014,7.958
kor,sex_t,age_ythadult_y15_24,geo_cov_urb,2000,11.307
kor,sex_t,age_ythadult_y15_24,geo_cov_urb,2001,10.956
kor,sex_t,age_ythadult_y15_24,geo_cov_urb,2002,9.264
kor,sex_t,age_ythadult_y15_24,geo_cov_urb,2014,10.599
kor,sex_t,age_ythadult_y15_64,geo_cov_nat,2000,4.609
kor,sex_t,age_ythadult_y15_64,geo_cov_nat,2001,4.19
kor,sex_t,age_ythadult_y15_64,geo_cov_nat,2002,3.433
kor,sex_t,age_ythadult_y15_64,geo_cov_nat,2014,3.643
kor,sex_t,age_ythadult_y15_64,geo_cov_rur,2000,2.551
kor,sex_t,age_ythadult_y15_64,geo_cov_rur,2001,2.583
kor,sex_t,age_ythadult_y15_64,geo_cov_rur,2002,2.124
kor,sex_t,age_ythadult_y15_64,geo_cov_rur,2014,2.5
kor,sex_t,age_ythadult_y15_64,geo_cov_urb,2000,4.718
kor,sex_t,age_ythadult_y15_64,geo_cov_urb,2001,4.584
kor,sex_t,age_ythadult_y15_64,geo_cov_urb,2002,3.747
kor,sex_t,age_ythadult_y15_64,geo_cov_urb,2014,3.868
kor,sex_t,age_ythadult_yge15,geo_cov_nat,2000,4.418
kor,sex_t,age_ythadult_yge15,geo_cov_nat,2001,4.003
kor,sex_t,age_ythadult_yge15,geo_cov_nat,2002,3.275
kor,sex_t,age_ythadult_yge15,geo_cov_nat,2014,3.517
kor,sex_t,age_ythadult_yge15,geo_cov_rur,2000,2.242
kor,sex_t,age_ythadult_yge15,geo_cov_rur,2001,2.248
kor,sex_t,age_ythadult_yge15,geo_cov_rur,2002,1.826
kor,sex_t,age_ythadult_yge15,geo_cov_rur,2014,2.253
kor,sex_t,age_ythadult_yge15,geo_cov_urb,2000,4.544
kor,sex_t,age_ythadult_yge15,geo_cov_urb,2001,4.487
kor,sex_t,age_ythadult_yge15,geo_cov_urb,2002,3.668
kor,sex_t,age_ythadult_yge15,geo_cov_urb,2014,3.8
kor,sex_t,age_ythadult_yge25,geo_cov_nat,2000,3.735
kor,sex_t,age_ythadult_yge25,geo_cov_nat,2001,3.344
kor,sex_t,age_ythadult_yge25,geo_cov_nat,2002,2.734
kor,sex_t,age_ythadult_yge25,geo_cov_nat,2014,3.102
kor,sex_t,age_ythadult_yge25,geo_cov_rur,2000,1.74
kor,sex_t,age_ythadult_yge25,geo_cov_rur,2001,1.763
kor,sex_t,age_ythadult_yge25,geo_cov_rur,2002,1.456
kor,sex_t,age_ythadult_yge25,geo_cov_rur,2014,1.943
kor,sex_t,age_ythadult_yge25,geo_cov_urb,2000,3.851
kor,sex_t,age_ythadult_yge25,geo_cov_urb,2001,3.791
kor,sex_t,age_ythadult_yge25,geo_cov_urb,2002,3.088
kor,sex_t,age_ythadult_yge25,geo_cov_urb,2014,3.364
kos,sex_f,age_aggregate_total,geo_cov_nat,2012,74.234
kos,sex_f,age_aggregate_total,geo_cov_nat,2017,61.119
kos,sex_f,age_aggregate_total,geo_cov_rur,2012,81.938
kos,sex_f,age_aggregate_total,geo_cov_rur,2017,69.132
kos,sex_f,age_aggregate_total,geo_cov_urb,2012,65.68
kos,sex_f,age_aggregate_total,geo_cov_urb,2017,53.177
kos,sex_f,age_aggregate_y15_24,geo_cov_nat,2012,88.115
kos,sex_f,age_aggregate_y15_24,geo_cov_nat,2017,81.56
kos,sex_f,age_aggregate_y15_24,geo_cov_rur,2012,89.883
kos,sex_f,age_aggregate_y15_24,geo_cov_rur,2017,83.51
kos,sex_f,age_aggregate_y15_24,geo_cov_urb,2012,84.989
kos,sex_f,age_aggregate_y15_24,geo_cov_urb,2017,78.121
kos,sex_f,age_aggregate_y25_54,geo_cov_nat,2012,70.94
kos,sex_f,age_aggregate_y25_54,geo_cov_nat,2017,57.605
kos,sex_f,age_aggregate_y25_54,geo_cov_rur,2012,80.056
kos,sex_f,age_aggregate_y25_54,geo_cov_rur,2017,64.64
kos,sex_f,age_aggregate_y25_54,geo_cov_urb,2012,62.168
kos,sex_f,age_aggregate_y25_54,geo_cov_urb,2017,51.275
kos,sex_f,age_aggregate_y55_64,geo_cov_nat,2012,30.133
kos,sex_f,age_aggregate_y55_64,geo_cov_nat,2017,27.525
kos,sex_f,age_aggregate_y55_64,geo_cov_rur,2012,24.81
kos,sex_f,age_aggregate_y55_64,geo_cov_rur,2017,31.649
kos,sex_f,age_aggregate_y55_64,geo_cov_urb,2012,33.001
kos,sex_f,age_aggregate_y55_64,geo_cov_urb,2017,26.099
kos,sex_f,age_aggregate_yge65,geo_cov_nat,2012,44.608
kos,sex_f,age_aggregate_yge65,geo_cov_urb,2012,71.273
kos,sex_f,age_ythadult_y15_24,geo_cov_nat,2012,88.115
kos,sex_f,age_ythadult_y15_24,geo_cov_nat,2017,81.56
kos,sex_f,age_ythadult_y15_24,geo_cov_rur,2012,89.883
kos,sex_f,age_ythadult_y15_24,geo_cov_rur,2017,83.51
kos,sex_f,age_ythadult_y15_24,geo_cov_urb,2012,84.989
kos,sex_f,age_ythadult_y15_24,geo_cov_urb,2017,78.121
kos,sex_f,age_ythadult_y15_64,geo_cov_nat,2012,74.345
kos,sex_f,age_ythadult_y15_64,geo_cov_nat,2017,61.281
kos,sex_f,age_ythadult_y15_64,geo_cov_rur,2012,82.164
kos,sex_f,age_ythadult_y15_64,geo_cov_rur,2017,69.252
kos,sex_f,age_ythadult_y15_64,geo_cov_urb,2012,65.658
kos,sex_f,age_ythadult_y15_64,geo_cov_urb,2017,53.368
kos,sex_f,age_ythadult_yge15,geo_cov_nat,2012,74.234
kos,sex_f,age_ythadult_yge15,geo_cov_nat,2017,61.119
kos,sex_f,age_ythadult_yge15,geo_cov_rur,2012,81.938
kos,sex_f,age_ythadult_yge15,geo_cov_rur,2017,69.132
kos,sex_f,age_ythadult_yge15,geo_cov_urb,2012,65.68
kos,sex_f,age_ythadult_yge15,geo_cov_urb,2017,53.177
kos,sex_f,age_ythadult_yge25,geo_cov_nat,2012,69.111
kos,sex_f,age_ythadult_yge25,geo_cov_nat,2017,54.742
kos,sex_f,age_ythadult_yge25,geo_cov_rur,2012,78.072
kos,sex_f,age_ythadult_yge25,geo_cov_rur,2017,62.828
kos,sex_f,age_ythadult_yge25,geo_cov_urb,2012,60.686
kos,sex_f,age_ythadult_yge25,geo_cov_urb,2017,48.019
kos,sex_m,age_aggregate_total,geo_cov_nat,2012,49.941
kos,sex_m,age_aggregate_total,geo_cov_nat,2017,38.176
kos,sex_m,age_aggregate_total,geo_cov_rur,2012,53.056
kos,sex_m,age_aggregate_total,geo_cov_rur,2017,40.528
kos,sex_m,age_aggregate_total,geo_cov_urb,2012,44.876
kos,sex_m,age_aggregate_total,geo_cov_urb,2017,34.681
kos,sex_m,age_aggregate_y15_24,geo_cov_nat,2012,74.609
kos,sex_m,age_aggregate_y15_24,geo_cov_nat,2017,61.781
kos,sex_m,age_aggregate_y15_24,geo_cov_rur,2012,74.197
kos,sex_m,age_aggregate_y15_24,geo_cov_rur,2017,60.681
kos,sex_m,age_aggregate_y15_24,geo_cov_urb,2012,75.282
kos,sex_m,age_aggregate_y15_24,geo_cov_urb,2017,63.802
kos,sex_m,age_aggregate_y25_54,geo_cov_nat,2012,43.689
kos,sex_m,age_aggregate_y25_54,geo_cov_nat,2017,34.177
kos,sex_m,age_aggregate_y25_54,geo_cov_rur,2012,47.745
kos,sex_m,age_aggregate_y25_54,geo_cov_rur,2017,36.872
kos,sex_m,age_aggregate_y25_54,geo_cov_urb,2012,36.99
kos,sex_m,age_aggregate_y25_54,geo_cov_urb,2017,30.076
kos,sex_m,age_aggregate_y55_64,geo_cov_nat,2012,36.743
kos,sex_m,age_aggregate_y55_64,geo_cov_nat,2017,29.133
kos,sex_m,age_aggregate_y55_64,geo_cov_rur,2012,40.458
kos,sex_m,age_aggregate_y55_64,geo_cov_rur,2017,30.585
kos,sex_m,age_aggregate_y55_64,geo_cov_urb,2012,31.502
kos,sex_m,age_aggregate_y55_64,geo_cov_urb,2017,27.594
kos,sex_m,age_aggregate_yge65,geo_cov_nat,2012,44.886
kos,sex_m,age_aggregate_yge65,geo_cov_nat,2017,22.729
kos,sex_m,age_aggregate_yge65,geo_cov_rur,2012,56.001
kos,sex_m,age_aggregate_yge65,geo_cov_rur,2017,22.069
kos,sex_m,age_aggregate_yge65,geo_cov_urb,2017,23.122
kos,sex_m,age_ythadult_y15_24,geo_cov_nat,2012,74.609
kos,sex_m,age_ythadult_y15_24,geo_cov_nat,2017,61.781
kos,sex_m,age_ythadult_y15_24,geo_cov_rur,2012,74.197
kos,sex_m,age_ythadult_y15_24,geo_cov_rur,2017,60.681
kos,sex_m,age_ythadult_y15_24,geo_cov_urb,2012,75.282
kos,sex_m,age_ythadult_y15_24,geo_cov_urb,2017,63.802
kos,sex_m,age_ythadult_y15_64,geo_cov_nat,2012,49.965
kos,sex_m,age_ythadult_y15_64,geo_cov_nat,2017,38.287
kos,sex_m,age_ythadult_y15_64,geo_cov_rur,2012,53.041
kos,sex_m,age_ythadult_y15_64,geo_cov_rur,2017,40.611
kos,sex_m,age_ythadult_y15_64,geo_cov_urb,2012,44.973
kos,sex_m,age_ythadult_y15_64,geo_cov_urb,2017,34.81
kos,sex_m,age_ythadult_yge15,geo_cov_nat,2012,49.941
kos,sex_m,age_ythadult_yge15,geo_cov_nat,2017,38.176
kos,sex_m,age_ythadult_yge15,geo_cov_rur,2012,53.056
kos,sex_m,age_ythadult_yge15,geo_cov_rur,2017,40.528
kos,sex_m,age_ythadult_yge15,geo_cov_urb,2012,44.876
kos,sex_m,age_ythadult_yge15,geo_cov_urb,2017,34.681
kos,sex_m,age_ythadult_yge25,geo_cov_nat,2012,42.873
kos,sex_m,age_ythadult_yge25,geo_cov_nat,2017,33.282
kos,sex_m,age_ythadult_yge25,geo_cov_rur,2012,46.985
kos,sex_m,age_ythadult_yge25,geo_cov_rur,2017,35.922
kos,sex_m,age_ythadult_yge25,geo_cov_urb,2012,36.196
kos,sex_m,age_ythadult_yge25,geo_cov_urb,2017,29.525
kos,sex_t,age_aggregate_total,geo_cov_nat,2012,58.136
kos,sex_t,age_aggregate_total,geo_cov_nat,2017,45.026
kos,sex_t,age_aggregate_total,geo_cov_rur,2012,61.777
kos,sex_t,age_aggregate_total,geo_cov_rur,2017,48.014
kos,sex_t,age_aggregate_total,geo_cov_urb,2012,52.943
kos,sex_t,age_aggregate_total,geo_cov_urb,2017,41.099
kos,sex_t,age_aggregate_y15_24,geo_cov_nat,2012,79.759
kos,sex_t,age_aggregate_y15_24,geo_cov_nat,2017,69.115
kos,sex_t,age_aggregate_y15_24,geo_cov_rur,2012,80.287
kos,sex_t,age_aggregate_y15_24,geo_cov_rur,2017,69.067
kos,sex_t,age_aggregate_y15_24,geo_cov_urb,2012,78.869
kos,sex_t,age_aggregate_y15_24,geo_cov_urb,2017,69.201
kos,sex_t,age_aggregate_y25_54,geo_cov_nat,2012,53.024
kos,sex_t,age_aggregate_y25_54,geo_cov_nat,2017,41.182
kos,sex_t,age_aggregate_y25_54,geo_cov_rur,2012,57.144
kos,sex_t,age_aggregate_y25_54,geo_cov_rur,2017,43.837
kos,sex_t,age_aggregate_y25_54,geo_cov_urb,2012,47.393
kos,sex_t,age_aggregate_y25_54,geo_cov_urb,2017,37.739
kos,sex_t,age_aggregate_y55_64,geo_cov_nat,2012,35.794
kos,sex_t,age_aggregate_y55_64,geo_cov_nat,2017,28.843
kos,sex_t,age_aggregate_y55_64,geo_cov_rur,2012,39.032
kos,sex_t,age_aggregate_y55_64,geo_cov_rur,2017,30.69
kos,sex_t,age_aggregate_y55_64,geo_cov_urb,2012,31.814
kos,sex_t,age_aggregate_y55_64,geo_cov_urb,2017,27.218
kos,sex_t,age_aggregate_yge65,geo_cov_nat,2012,44.808
kos,sex_t,age_aggregate_yge65,geo_cov_nat,2017,19.972
kos,sex_t,age_aggregate_yge65,geo_cov_rur,2012,47.474
kos,sex_t,age_aggregate_yge65,geo_cov_rur,2017,20.409
kos,sex_t,age_aggregate_yge65,geo_cov_urb,2012,40.179
kos,sex_t,age_aggregate_yge65,geo_cov_urb,2017,19.714
kos,sex_t,age_ythadult_y15_24,geo_cov_nat,2012,79.759
kos,sex_t,age_ythadult_y15_24,geo_cov_nat,2017,69.115
kos,sex_t,age_ythadult_y15_24,geo_cov_rur,2012,80.287
kos,sex_t,age_ythadult_y15_24,geo_cov_rur,2017,69.067
kos,sex_t,age_ythadult_y15_24,geo_cov_urb,2012,78.869
kos,sex_t,age_ythadult_y15_24,geo_cov_urb,2017,69.201
kos,sex_t,age_ythadult_y15_64,geo_cov_nat,2012,58.195
kos,sex_t,age_ythadult_y15_64,geo_cov_nat,2017,45.172
kos,sex_t,age_ythadult_y15_64,geo_cov_rur,2012,61.846
kos,sex_t,age_ythadult_y15_64,geo_cov_rur,2017,48.119
kos,sex_t,age_ythadult_y15_64,geo_cov_urb,2012,52.993
kos,sex_t,age_ythadult_y15_64,geo_cov_urb,2017,41.281
kos,sex_t,age_ythadult_yge15,geo_cov_nat,2012,58.136
kos,sex_t,age_ythadult_yge15,geo_cov_nat,2017,45.026
kos,sex_t,age_ythadult_yge15,geo_cov_rur,2012,61.777
kos,sex_t,age_ythadult_yge15,geo_cov_rur,2017,48.014
kos,sex_t,age_ythadult_yge15,geo_cov_urb,2012,52.943
kos,sex_t,age_ythadult_yge15,geo_cov_urb,2017,41.099
kos,sex_t,age_ythadult_yge25,geo_cov_nat,2012,51.362
kos,sex_t,age_ythadult_yge25,geo_cov_nat,2017,39.322
kos,sex_t,age_ythadult_yge25,geo_cov_rur,2012,55.455
kos,sex_t,age_ythadult_yge25,geo_cov_rur,2017,42.175
kos,sex_t,age_ythadult_yge25,geo_cov_urb,2012,45.815
kos,sex_t,age_ythadult_yge25,geo_cov_urb,2017,35.838
lao,sex_f,age_aggregate_total,geo_cov_nat,2017,9.364
lao,sex_f,age_aggregate_total,geo_cov_nat,2022,2.765
lao,sex_f,age_aggregate_total,geo_cov_rur,2017,10.217
lao,sex_f,age_aggregate_total,geo_cov_rur,2022,2.388
lao,sex_f,age_aggregate_total,geo_cov_urb,2017,7.626
lao,sex_f,age_aggregate_total,geo_cov_urb,2022,3.488
lao,sex_f,age_aggregate_y15_24,geo_cov_nat,2017,16.491
lao,sex_f,age_aggregate_y15_24,geo_cov_nat,2022,5.223
lao,sex_f,age_aggregate_y15_24,geo_cov_rur,2017,16.23
lao,sex_f,age_aggregate_y15_24,geo_cov_rur,2022,4.108
lao,sex_f,age_aggregate_y15_24,geo_cov_urb,2017,17.34
lao,sex_f,age_aggregate_y15_24,geo_cov_urb,2022,8.624
lao,sex_f,age_aggregate_y25_54,geo_cov_nat,2017,7.777
lao,sex_f,age_aggregate_y25_54,geo_cov_nat,2022,2.277
lao,sex_f,age_aggregate_y25_54,geo_cov_rur,2017,8.802
lao,sex_f,age_aggregate_y25_54,geo_cov_rur,2022,1.936
lao,sex_f,age_aggregate_y25_54,geo_cov_urb,2017,6
lao,sex_f,age_aggregate_y25_54,geo_cov_urb,2022,2.853
lao,sex_f,age_aggregate_y55_64,geo_cov_nat,2017,1.014
lao,sex_f,age_aggregate_y55_64,geo_cov_nat,2022,1.29
lao,sex_f,age_aggregate_y55_64,geo_cov_rur,2022,1.458
lao,sex_f,age_ythadult_y15_24,geo_cov_nat,2017,16.491
lao,sex_f,age_ythadult_y15_24,geo_cov_nat,2022,5.223
lao,sex_f,age_ythadult_y15_24,geo_cov_rur,2017,16.23
lao,sex_f,age_ythadult_y15_24,geo_cov_rur,2022,4.108
lao,sex_f,age_ythadult_y15_24,geo_cov_urb,2017,17.34
lao,sex_f,age_ythadult_y15_24,geo_cov_urb,2022,8.624
lao,sex_f,age_ythadult_y15_64,geo_cov_nat,2017,9.524
lao,sex_f,age_ythadult_y15_64,geo_cov_nat,2022,2.826
lao,sex_f,age_ythadult_y15_64,geo_cov_rur,2017,10.403
lao,sex_f,age_ythadult_y15_64,geo_cov_rur,2022,2.434
lao,sex_f,age_ythadult_y15_64,geo_cov_urb,2017,7.74
lao,sex_f,age_ythadult_y15_64,geo_cov_urb,2022,3.578
lao,sex_f,age_ythadult_yge15,geo_cov_nat,2017,9.364
lao,sex_f,age_ythadult_yge15,geo_cov_nat,2022,2.765
lao,sex_f,age_ythadult_yge15,geo_cov_rur,2017,10.217
lao,sex_f,age_ythadult_yge15,geo_cov_rur,2022,2.388
lao,sex_f,age_ythadult_yge15,geo_cov_urb,2017,7.626
lao,sex_f,age_ythadult_yge15,geo_cov_urb,2022,3.488
lao,sex_f,age_ythadult_yge25,geo_cov_nat,2017,6.947
lao,sex_f,age_ythadult_yge25,geo_cov_nat,2022,2.106
lao,sex_f,age_ythadult_yge25,geo_cov_rur,2017,7.776
lao,sex_f,age_ythadult_yge25,geo_cov_rur,2022,1.838
lao,sex_f,age_ythadult_yge25,geo_cov_urb,2017,5.48
lao,sex_f,age_ythadult_yge25,geo_cov_urb,2022,2.566
lao,sex_m,age_aggregate_total,geo_cov_nat,2017,12.631
lao,sex_m,age_aggregate_total,geo_cov_nat,2022,3.365
lao,sex_m,age_aggregate_total,geo_cov_rur,2017,13.941
lao,sex_m,age_aggregate_total,geo_cov_rur,2022,2.827
lao,sex_m,age_aggregate_total,geo_cov_urb,2017,9.853
lao,sex_m,age_aggregate_total,geo_cov_urb,2022,4.438
lao,sex_m,age_aggregate_y15_24,geo_cov_nat,2017,21
lao,sex_m,age_aggregate_y15_24,geo_cov_nat,2022,6.065
lao,sex_m,age_aggregate_y15_24,geo_cov_rur,2017,21.238
lao,sex_m,age_aggregate_y15_24,geo_cov_rur,2022,4.934
lao,sex_m,age_aggregate_y15_24,geo_cov_urb,2017,20.137
lao,sex_m,age_aggregate_y15_24,geo_cov_urb,2022,9.579
lao,sex_m,age_aggregate_y25_54,geo_cov_nat,2017,11.459
lao,sex_m,age_aggregate_y25_54,geo_cov_nat,2022,3.073
lao,sex_m,age_aggregate_y25_54,geo_cov_rur,2017,13.171
lao,sex_m,age_aggregate_y25_54,geo_cov_rur,2022,2.473
lao,sex_m,age_aggregate_y25_54,geo_cov_urb,2017,8.223
lao,sex_m,age_aggregate_y25_54,geo_cov_urb,2022,4.16
lao,sex_m,age_aggregate_y55_64,geo_cov_nat,2017,4.426
lao,sex_m,age_aggregate_y55_64,geo_cov_nat,2022,1.148
lao,sex_m,age_aggregate_y55_64,geo_cov_rur,2017,1.573
lao,sex_m,age_aggregate_y55_64,geo_cov_rur,2022,1.345
lao,sex_m,age_aggregate_y55_64,geo_cov_urb,2017,8.92
lao,sex_m,age_aggregate_yge65,geo_cov_nat,2017,1.826
lao,sex_m,age_aggregate_yge65,geo_cov_nat,2022,1.02
lao,sex_m,age_aggregate_yge65,geo_cov_rur,2017,2.561
lao,sex_m,age_ythadult_y15_24,geo_cov_nat,2017,21
lao,sex_m,age_ythadult_y15_24,geo_cov_nat,2022,6.065
lao,sex_m,age_ythadult_y15_24,geo_cov_rur,2017,21.238
lao,sex_m,age_ythadult_y15_24,geo_cov_rur,2022,4.934
lao,sex_m,age_ythadult_y15_24,geo_cov_urb,2017,20.137
lao,sex_m,age_ythadult_y15_24,geo_cov_urb,2022,9.579
lao,sex_m,age_ythadult_y15_64,geo_cov_nat,2017,12.975
lao,sex_m,age_ythadult_y15_64,geo_cov_nat,2022,3.477
lao,sex_m,age_ythadult_y15_64,geo_cov_rur,2017,14.301
lao,sex_m,age_ythadult_y15_64,geo_cov_rur,2022,2.936
lao,sex_m,age_ythadult_y15_64,geo_cov_urb,2017,10.16
lao,sex_m,age_ythadult_y15_64,geo_cov_urb,2022,4.558
lao,sex_m,age_ythadult_yge15,geo_cov_nat,2017,12.631
lao,sex_m,age_ythadult_yge15,geo_cov_nat,2022,3.365
lao,sex_m,age_ythadult_yge15,geo_cov_rur,2017,13.941
lao,sex_m,age_ythadult_yge15,geo_cov_rur,2022,2.827
lao,sex_m,age_ythadult_yge15,geo_cov_urb,2017,9.853
lao,sex_m,age_ythadult_yge15,geo_cov_urb,2022,4.438
lao,sex_m,age_ythadult_yge25,geo_cov_nat,2017,10.226
lao,sex_m,age_ythadult_yge25,geo_cov_nat,2022,2.69
lao,sex_m,age_ythadult_yge25,geo_cov_rur,2017,11.412
lao,sex_m,age_ythadult_yge25,geo_cov_rur,2022,2.209
lao,sex_m,age_ythadult_yge25,geo_cov_urb,2017,8.026
lao,sex_m,age_ythadult_yge25,geo_cov_urb,2022,3.559
lao,sex_t,age_aggregate_total,geo_cov_nat,2017,11.087
lao,sex_t,age_aggregate_total,geo_cov_nat,2022,3.079
lao,sex_t,age_aggregate_total,geo_cov_rur,2017,12.193
lao,sex_t,age_aggregate_total,geo_cov_rur,2022,2.619
lao,sex_t,age_aggregate_total,geo_cov_urb,2017,8.785
lao,sex_t,age_aggregate_total,geo_cov_urb,2022,3.979
lao,sex_t,age_aggregate_y15_24,geo_cov_nat,2017,18.727
lao,sex_t,age_aggregate_y15_24,geo_cov_nat,2022,5.652
lao,sex_t,age_aggregate_y15_24,geo_cov_rur,2017,18.744
lao,sex_t,age_aggregate_y15_24,geo_cov_rur,2022,4.53
lao,sex_t,age_aggregate_y15_24,geo_cov_urb,2017,18.669
lao,sex_t,age_aggregate_y15_24,geo_cov_urb,2022,9.108
lao,sex_t,age_aggregate_y25_54,geo_cov_nat,2017,9.712
lao,sex_t,age_aggregate_y25_54,geo_cov_nat,2022,2.686
lao,sex_t,age_aggregate_y25_54,geo_cov_rur,2017,11.131
lao,sex_t,age_aggregate_y25_54,geo_cov_rur,2022,2.216
lao,sex_t,age_aggregate_y25_54,geo_cov_urb,2017,7.137
lao,sex_t,age_aggregate_y25_54,geo_cov_urb,2022,3.511
lao,sex_t,age_aggregate_y55_64,geo_cov_nat,2017,3.033
lao,sex_t,age_aggregate_y55_64,geo_cov_nat,2022,1.209
lao,sex_t,age_aggregate_y55_64,geo_cov_rur,2017,1.24
lao,sex_t,age_aggregate_y55_64,geo_cov_rur,2022,1.394
lao,sex_t,age_aggregate_y55_64,geo_cov_urb,2017,6.12
lao,sex_t,age_aggregate_y55_64,geo_cov_urb,2022,0.885
lao,sex_t,age_aggregate_yge65,geo_cov_nat,2017,1.291
lao,sex_t,age_aggregate_yge65,geo_cov_nat,2022,0.943
lao,sex_t,age_aggregate_yge65,geo_cov_rur,2017,1.779
lao,sex_t,age_ythadult_y15_24,geo_cov_nat,2017,18.727
lao,sex_t,age_ythadult_y15_24,geo_cov_nat,2022,5.652
lao,sex_t,age_ythadult_y15_24,geo_cov_rur,2017,18.744
lao,sex_t,age_ythadult_y15_24,geo_cov_rur,2022,4.53
lao,sex_t,age_ythadult_y15_24,geo_cov_urb,2017,18.669
lao,sex_t,age_ythadult_y15_24,geo_cov_urb,2022,9.108
lao,sex_t,age_ythadult_y15_64,geo_cov_nat,2017,11.332
lao,sex_t,age_ythadult_y15_64,geo_cov_nat,2022,3.164
lao,sex_t,age_ythadult_y15_64,geo_cov_rur,2017,12.46
lao,sex_t,age_ythadult_y15_64,geo_cov_rur,2022,2.696
lao,sex_t,age_ythadult_y15_64,geo_cov_urb,2017,8.99
lao,sex_t,age_ythadult_y15_64,geo_cov_urb,2022,4.081
lao,sex_t,age_ythadult_yge15,geo_cov_nat,2017,11.087
lao,sex_t,age_ythadult_yge15,geo_cov_nat,2022,3.079
lao,sex_t,age_ythadult_yge15,geo_cov_rur,2017,12.193
lao,sex_t,age_ythadult_yge15,geo_cov_rur,2022,2.619
lao,sex_t,age_ythadult_yge15,geo_cov_urb,2017,8.785
lao,sex_t,age_ythadult_yge15,geo_cov_urb,2022,3.979
lao,sex_t,age_ythadult_yge25,geo_cov_nat,2017,8.709
lao,sex_t,age_ythadult_yge25,geo_cov_nat,2022,2.414
lao,sex_t,age_ythadult_yge25,geo_cov_rur,2017,9.744
lao,sex_t,age_ythadult_yge25,geo_cov_rur,2022,2.035
lao,sex_t,age_ythadult_yge25,geo_cov_urb,2017,6.829
lao,sex_t,age_ythadult_yge25,geo_cov_urb,2022,3.081
lbr,sex_f,age_aggregate_total,geo_cov_nat,2017,12.127
lbr,sex_f,age_aggregate_total,geo_cov_rur,2017,3.642
lbr,sex_f,age_aggregate_total,geo_cov_urb,2017,21.428
lbr,sex_f,age_aggregate_y15_24,geo_cov_nat,2017,19.428
lbr,sex_f,age_aggregate_y15_24,geo_cov_rur,2017,6.232
lbr,sex_f,age_aggregate_y15_24,geo_cov_urb,2017,32.371
lbr,sex_f,age_aggregate_y25_54,geo_cov_nat,2017,11.162
lbr,sex_f,age_aggregate_y25_54,geo_cov_rur,2017,3.378
lbr,sex_f,age_aggregate_y25_54,geo_cov_urb,2017,19.284
lbr,sex_f,age_aggregate_y55_64,geo_cov_nat,2017,6.239
lbr,sex_f,age_aggregate_y55_64,geo_cov_urb,2017,13.311
lbr,sex_f,age_aggregate_yge65,geo_cov_nat,2017,4.044
lbr,sex_f,age_ythadult_y15_24,geo_cov_nat,2017,19.428
lbr,sex_f,age_ythadult_y15_24,geo_cov_rur,2017,6.232
lbr,sex_f,age_ythadult_y15_24,geo_cov_urb,2017,32.371
lbr,sex_f,age_ythadult_y15_64,geo_cov_nat,2017,12.498
lbr,sex_f,age_ythadult_y15_64,geo_cov_rur,2017,3.815
lbr,sex_f,age_ythadult_y15_64,geo_cov_urb,2017,21.704
lbr,sex_f,age_ythadult_yge15,geo_cov_nat,2017,12.127
lbr,sex_f,age_ythadult_yge15,geo_cov_rur,2017,3.642
lbr,sex_f,age_ythadult_yge15,geo_cov_urb,2017,21.428
lbr,sex_f,age_ythadult_yge25,geo_cov_nat,2017,10.402
lbr,sex_f,age_ythadult_yge25,geo_cov_rur,2017,3.07
lbr,sex_f,age_ythadult_yge25,geo_cov_urb,2017,18.654
lbr,sex_m,age_aggregate_total,geo_cov_nat,2017,10.499
lbr,sex_m,age_aggregate_total,geo_cov_rur,2017,2.168
lbr,sex_m,age_aggregate_total,geo_cov_urb,2017,19.448
lbr,sex_m,age_aggregate_y15_24,geo_cov_nat,2017,13.614
lbr,sex_m,age_aggregate_y15_24,geo_cov_rur,2017,2.572
lbr,sex_m,age_aggregate_y15_24,geo_cov_urb,2017,25.677
lbr,sex_m,age_aggregate_y25_54,geo_cov_nat,2017,10.655
lbr,sex_m,age_aggregate_y25_54,geo_cov_rur,2017,2.245
lbr,sex_m,age_aggregate_y25_54,geo_cov_urb,2017,19.019
lbr,sex_m,age_aggregate_y55_64,geo_cov_nat,2017,6.508
lbr,sex_m,age_aggregate_y55_64,geo_cov_urb,2017,11.575
lbr,sex_m,age_aggregate_yge65,geo_cov_nat,2017,5.382
lbr,sex_m,age_aggregate_yge65,geo_cov_urb,2017,21.954
lbr,sex_m,age_ythadult_y15_24,geo_cov_nat,2017,13.614
lbr,sex_m,age_ythadult_y15_24,geo_cov_rur,2017,2.572
lbr,sex_m,age_ythadult_y15_24,geo_cov_urb,2017,25.677
lbr,sex_m,age_ythadult_y15_64,geo_cov_nat,2017,10.752
lbr,sex_m,age_ythadult_y15_64,geo_cov_rur,2017,2.282
lbr,sex_m,age_ythadult_y15_64,geo_cov_urb,2017,19.393
lbr,sex_m,age_ythadult_yge15,geo_cov_nat,2017,10.499
lbr,sex_m,age_ythadult_yge15,geo_cov_rur,2017,2.168
lbr,sex_m,age_ythadult_yge15,geo_cov_urb,2017,19.448
lbr,sex_m,age_ythadult_yge25,geo_cov_nat,2017,9.997
lbr,sex_m,age_ythadult_yge25,geo_cov_rur,2017,2.102
lbr,sex_m,age_ythadult_yge25,geo_cov_urb,2017,18.453
lbr,sex_t,age_aggregate_total,geo_cov_nat,2017,11.314
lbr,sex_t,age_aggregate_total,geo_cov_rur,2017,2.909
lbr,sex_t,age_aggregate_total,geo_cov_urb,2017,20.433
lbr,sex_t,age_aggregate_y15_24,geo_cov_nat,2017,16.982
lbr,sex_t,age_aggregate_y15_24,geo_cov_rur,2017,4.645
lbr,sex_t,age_aggregate_y15_24,geo_cov_urb,2017,29.644
lbr,sex_t,age_aggregate_y25_54,geo_cov_nat,2017,10.903
lbr,sex_t,age_aggregate_y25_54,geo_cov_rur,2017,2.806
lbr,sex_t,age_aggregate_y25_54,geo_cov_urb,2017,19.147
lbr,sex_t,age_aggregate_y55_64,geo_cov_nat,2017,6.389
lbr,sex_t,age_aggregate_y55_64,geo_cov_rur,2017,2.018
lbr,sex_t,age_aggregate_y55_64,geo_cov_urb,2017,12.26
lbr,sex_t,age_aggregate_yge65,geo_cov_nat,2017,4.736
lbr,sex_t,age_aggregate_yge65,geo_cov_urb,2017,16.175
lbr,sex_t,age_ythadult_y15_24,geo_cov_nat,2017,16.982
lbr,sex_t,age_ythadult_y15_24,geo_cov_rur,2017,4.645
lbr,sex_t,age_ythadult_y15_24,geo_cov_urb,2017,29.644
lbr,sex_t,age_ythadult_y15_64,geo_cov_nat,2017,11.627
lbr,sex_t,age_ythadult_y15_64,geo_cov_rur,2017,3.058
lbr,sex_t,age_ythadult_y15_64,geo_cov_urb,2017,20.54
lbr,sex_t,age_ythadult_yge15,geo_cov_nat,2017,11.314
lbr,sex_t,age_ythadult_yge15,geo_cov_rur,2017,2.909
lbr,sex_t,age_ythadult_yge15,geo_cov_urb,2017,20.433
lbr,sex_t,age_ythadult_yge25,geo_cov_nat,2017,10.193
lbr,sex_t,age_ythadult_yge25,geo_cov_rur,2017,2.577
lbr,sex_t,age_ythadult_yge25,geo_cov_urb,2017,18.549
lka,sex_f,age_aggregate_total,geo_cov_nat,2010,7.826
lka,sex_f,age_aggregate_total,geo_cov_nat,2011,7.243
lka,sex_f,age_aggregate_total,geo_cov_nat,2013,6.934
lka,sex_f,age_aggregate_total,geo_cov_nat,2014,6.648
lka,sex_f,age_aggregate_total,geo_cov_nat,2015,7.739
lka,sex_f,age_aggregate_total,geo_cov_nat,2016,9.162
lka,sex_f,age_aggregate_total,geo_cov_nat,2017,9.575
lka,sex_f,age_aggregate_total,geo_cov_nat,2018,9.924
lka,sex_f,age_aggregate_total,geo_cov_nat,2019,10.154
lka,sex_f,age_aggregate_total,geo_cov_nat,2020,12.164
lka,sex_f,age_aggregate_total,geo_cov_nat,2021,11.098
lka,sex_f,age_aggregate_total,geo_cov_nat,2022,9.262
lka,sex_f,age_aggregate_total,geo_cov_nat,2023,10.279
lka,sex_f,age_aggregate_total,geo_cov_rur,2010,7.838
lka,sex_f,age_aggregate_total,geo_cov_rur,2011,7.393
lka,sex_f,age_aggregate_total,geo_cov_rur,2013,7.132
lka,sex_f,age_aggregate_total,geo_cov_rur,2014,6.594
lka,sex_f,age_aggregate_total,geo_cov_rur,2015,7.896
lka,sex_f,age_aggregate_total,geo_cov_rur,2016,9.496
lka,sex_f,age_aggregate_total,geo_cov_rur,2017,9.699
lka,sex_f,age_aggregate_total,geo_cov_rur,2018,10.181
lka,sex_f,age_aggregate_total,geo_cov_rur,2019,10.323
lka,sex_f,age_aggregate_total,geo_cov_rur,2020,12.295
lka,sex_f,age_aggregate_total,geo_cov_rur,2021,11.368
lka,sex_f,age_aggregate_total,geo_cov_rur,2022,9.463
lka,sex_f,age_aggregate_total,geo_cov_rur,2023,10.356
lka,sex_f,age_aggregate_total,geo_cov_urb,2010,7.719
lka,sex_f,age_aggregate_total,geo_cov_urb,2011,6.036
lka,sex_f,age_aggregate_total,geo_cov_urb,2013,5.63
lka,sex_f,age_aggregate_total,geo_cov_urb,2014,6.968
lka,sex_f,age_aggregate_total,geo_cov_urb,2015,6.776
lka,sex_f,age_aggregate_total,geo_cov_urb,2016,7.112
lka,sex_f,age_aggregate_total,geo_cov_urb,2017,8.875
lka,sex_f,age_aggregate_total,geo_cov_urb,2018,8.529
lka,sex_f,age_aggregate_total,geo_cov_urb,2019,9.29
lka,sex_f,age_aggregate_total,geo_cov_urb,2020,11.42
lka,sex_f,age_aggregate_total,geo_cov_urb,2021,9.66
lka,sex_f,age_aggregate_total,geo_cov_urb,2022,8.13
lka,sex_f,age_aggregate_total,geo_cov_urb,2023,9.87
lka,sex_f,age_aggregate_y15_24,geo_cov_nat,2010,24.979
lka,sex_f,age_aggregate_y15_24,geo_cov_nat,2011,25.186
lka,sex_f,age_aggregate_y15_24,geo_cov_nat,2013,26.464
lka,sex_f,age_aggregate_y15_24,geo_cov_nat,2014,27.76
lka,sex_f,age_aggregate_y15_24,geo_cov_nat,2015,27.698
lka,sex_f,age_aggregate_y15_24,geo_cov_nat,2016,35.424
lka,sex_f,age_aggregate_y15_24,geo_cov_nat,2017,32.051
lka,sex_f,age_aggregate_y15_24,geo_cov_nat,2018,36.76
lka,sex_f,age_aggregate_y15_24,geo_cov_nat,2019,35.164
lka,sex_f,age_aggregate_y15_24,geo_cov_nat,2020,43.36
lka,sex_f,age_aggregate_y15_24,geo_cov_nat,2021,44.071
lka,sex_f,age_aggregate_y15_24,geo_cov_nat,2022,32.406
lka,sex_f,age_aggregate_y15_24,geo_cov_nat,2023,37.051
lka,sex_f,age_aggregate_y15_24,geo_cov_rur,2010,26.144
lka,sex_f,age_aggregate_y15_24,geo_cov_rur,2011,25.632
lka,sex_f,age_aggregate_y15_24,geo_cov_rur,2013,27.746
lka,sex_f,age_aggregate_y15_24,geo_cov_rur,2014,28.954
lka,sex_f,age_aggregate_y15_24,geo_cov_rur,2015,29.531
lka,sex_f,age_aggregate_y15_24,geo_cov_rur,2016,38.436
lka,sex_f,age_aggregate_y15_24,geo_cov_rur,2017,33.219
lka,sex_f,age_aggregate_y15_24,geo_cov_rur,2018,39.479
lka,sex_f,age_aggregate_y15_24,geo_cov_rur,2019,37.093
lka,sex_f,age_aggregate_y15_24,geo_cov_rur,2020,44.873
lka,sex_f,age_aggregate_y15_24,geo_cov_rur,2021,46.26
lka,sex_f,age_aggregate_y15_24,geo_cov_rur,2022,33.056
lka,sex_f,age_aggregate_y15_24,geo_cov_rur,2023,38.615
lka,sex_f,age_aggregate_y15_24,geo_cov_urb,2010,17.216
lka,sex_f,age_aggregate_y15_24,geo_cov_urb,2011,21.403
lka,sex_f,age_aggregate_y15_24,geo_cov_urb,2013,18.971
lka,sex_f,age_aggregate_y15_24,geo_cov_urb,2014,21.558
lka,sex_f,age_aggregate_y15_24,geo_cov_urb,2015,18.022
lka,sex_f,age_aggregate_y15_24,geo_cov_urb,2016,21.124
lka,sex_f,age_aggregate_y15_24,geo_cov_urb,2017,26.477
lka,sex_f,age_aggregate_y15_24,geo_cov_urb,2018,23.328
lka,sex_f,age_aggregate_y15_24,geo_cov_urb,2019,25.683
lka,sex_f,age_aggregate_y15_24,geo_cov_urb,2020,34.29
lka,sex_f,age_aggregate_y15_24,geo_cov_urb,2021,31.934
lka,sex_f,age_aggregate_y15_24,geo_cov_urb,2022,28.751
lka,sex_f,age_aggregate_y15_24,geo_cov_urb,2023,28.928
lka,sex_f,age_aggregate_y25_54,geo_cov_nat,2010,5.632
lka,sex_f,age_aggregate_y25_54,geo_cov_nat,2011,5.036
lka,sex_f,age_aggregate_y25_54,geo_cov_nat,2013,4.715
lka,sex_f,age_aggregate_y25_54,geo_cov_nat,2014,4.415
lka,sex_f,age_aggregate_y25_54,geo_cov_nat,2015,5.948
lka,sex_f,age_aggregate_y25_54,geo_cov_nat,2016,6.618
lka,sex_f,age_aggregate_y25_54,geo_cov_nat,2017,7.567
lka,sex_f,age_aggregate_y25_54,geo_cov_nat,2018,7.858
lka,sex_f,age_aggregate_y25_54,geo_cov_nat,2019,8.547
lka,sex_f,age_aggregate_y25_54,geo_cov_nat,2020,9.459
lka,sex_f,age_aggregate_y25_54,geo_cov_nat,2021,8.43
lka,sex_f,age_aggregate_y25_54,geo_cov_nat,2022,8.061
lka,sex_f,age_aggregate_y25_54,geo_cov_nat,2023,8.917
lka,sex_f,age_aggregate_y25_54,geo_cov_rur,2010,5.548
lka,sex_f,age_aggregate_y25_54,geo_cov_rur,2011,5.116
lka,sex_f,age_aggregate_y25_54,geo_cov_rur,2013,4.839
lka,sex_f,age_aggregate_y25_54,geo_cov_rur,2014,4.309
lka,sex_f,age_aggregate_y25_54,geo_cov_rur,2015,5.984
lka,sex_f,age_aggregate_y25_54,geo_cov_rur,2016,6.801
lka,sex_f,age_aggregate_y25_54,geo_cov_rur,2017,7.775
lka,sex_f,age_aggregate_y25_54,geo_cov_rur,2018,7.932
lka,sex_f,age_aggregate_y25_54,geo_cov_rur,2019,8.61
lka,sex_f,age_aggregate_y25_54,geo_cov_rur,2020,9.407
lka,sex_f,age_aggregate_y25_54,geo_cov_rur,2021,8.53
lka,sex_f,age_aggregate_y25_54,geo_cov_rur,2022,8.298
lka,sex_f,age_aggregate_y25_54,geo_cov_rur,2023,8.855
lka,sex_f,age_aggregate_y25_54,geo_cov_urb,2010,6.379
lka,sex_f,age_aggregate_y25_54,geo_cov_urb,2011,4.404
lka,sex_f,age_aggregate_y25_54,geo_cov_urb,2013,3.919
lka,sex_f,age_aggregate_y25_54,geo_cov_urb,2014,5.032
lka,sex_f,age_aggregate_y25_54,geo_cov_urb,2015,5.728
lka,sex_f,age_aggregate_y25_54,geo_cov_urb,2016,5.475
lka,sex_f,age_aggregate_y25_54,geo_cov_urb,2017,6.402
lka,sex_f,age_aggregate_y25_54,geo_cov_urb,2018,7.465
lka,sex_f,age_aggregate_y25_54,geo_cov_urb,2019,8.242
lka,sex_f,age_aggregate_y25_54,geo_cov_urb,2020,9.747
lka,sex_f,age_aggregate_y25_54,geo_cov_urb,2021,7.925
lka,sex_f,age_aggregate_y25_54,geo_cov_urb,2022,6.767
lka,sex_f,age_aggregate_y25_54,geo_cov_urb,2023,9.236
lka,sex_f,age_aggregate_y55_64,geo_cov_nat,2010,0.753
lka,sex_f,age_aggregate_y55_64,geo_cov_nat,2011,0.986
lka,sex_f,age_aggregate_y55_64,geo_cov_nat,2013,0.48
lka,sex_f,age_aggregate_y55_64,geo_cov_nat,2014,0.764
lka,sex_f,age_aggregate_y55_64,geo_cov_nat,2015,0.728
lka,sex_f,age_aggregate_y55_64,geo_cov_nat,2016,1.051
lka,sex_f,age_aggregate_y55_64,geo_cov_nat,2017,1.605
lka,sex_f,age_aggregate_y55_64,geo_cov_nat,2018,1.013
lka,sex_f,age_aggregate_y55_64,geo_cov_nat,2019,1.293
lka,sex_f,age_aggregate_y55_64,geo_cov_nat,2020,2.679
lka,sex_f,age_aggregate_y55_64,geo_cov_nat,2021,2.249
lka,sex_f,age_aggregate_y55_64,geo_cov_nat,2022,1.748
lka,sex_f,age_aggregate_y55_64,geo_cov_nat,2023,2.186
lka,sex_f,age_aggregate_y55_64,geo_cov_rur,2010,0.828
lka,sex_f,age_aggregate_y55_64,geo_cov_rur,2011,1.097
lka,sex_f,age_aggregate_y55_64,geo_cov_rur,2013,0.542
lka,sex_f,age_aggregate_y55_64,geo_cov_rur,2014,0.618
lka,sex_f,age_aggregate_y55_64,geo_cov_rur,2015,0.598
lka,sex_f,age_aggregate_y55_64,geo_cov_rur,2016,1.105
lka,sex_f,age_aggregate_y55_64,geo_cov_rur,2017,1.364
lka,sex_f,age_aggregate_y55_64,geo_cov_rur,2018,0.853
lka,sex_f,age_aggregate_y55_64,geo_cov_rur,2019,1.224
lka,sex_f,age_aggregate_y55_64,geo_cov_rur,2020,2.337
lka,sex_f,age_aggregate_y55_64,geo_cov_rur,2021,2.009
lka,sex_f,age_aggregate_y55_64,geo_cov_rur,2022,1.796
lka,sex_f,age_aggregate_y55_64,geo_cov_rur,2023,2.219
lka,sex_f,age_aggregate_y55_64,geo_cov_urb,2017,3.301
lka,sex_f,age_aggregate_y55_64,geo_cov_urb,2020,4.6
lka,sex_f,age_aggregate_y55_64,geo_cov_urb,2021,3.908
lka,sex_f,age_aggregate_y55_64,geo_cov_urb,2023,1.994
lka,sex_f,age_aggregate_yge65,geo_cov_nat,2017,2.161
lka,sex_f,age_aggregate_yge65,geo_cov_nat,2020,1.075
lka,sex_f,age_aggregate_yge65,geo_cov_nat,2021,1.121
lka,sex_f,age_aggregate_yge65,geo_cov_nat,2022,0.79
lka,sex_f,age_aggregate_yge65,geo_cov_nat,2023,0.938
lka,sex_f,age_aggregate_yge65,geo_cov_rur,2017,1.682
lka,sex_f,age_aggregate_yge65,geo_cov_rur,2020,1.08
lka,sex_f,age_aggregate_yge65,geo_cov_rur,2021,1.148
lka,sex_f,age_aggregate_yge65,geo_cov_rur,2023,0.905
lka,sex_f,age_ythadult_y15_24,geo_cov_nat,2010,24.979
lka,sex_f,age_ythadult_y15_24,geo_cov_nat,2011,25.186
lka,sex_f,age_ythadult_y15_24,geo_cov_nat,2013,26.464
lka,sex_f,age_ythadult_y15_24,geo_cov_nat,2014,27.76
lka,sex_f,age_ythadult_y15_24,geo_cov_nat,2015,27.698
lka,sex_f,age_ythadult_y15_24,geo_cov_nat,2016,35.424
lka,sex_f,age_ythadult_y15_24,geo_cov_nat,2017,32.051
lka,sex_f,age_ythadult_y15_24,geo_cov_nat,2018,36.76
lka,sex_f,age_ythadult_y15_24,geo_cov_nat,2019,35.164
lka,sex_f,age_ythadult_y15_24,geo_cov_nat,2020,43.36
lka,sex_f,age_ythadult_y15_24,geo_cov_nat,2021,44.071
lka,sex_f,age_ythadult_y15_24,geo_cov_nat,2022,32.406
lka,sex_f,age_ythadult_y15_24,geo_cov_nat,2023,37.051
lka,sex_f,age_ythadult_y15_24,geo_cov_rur,2010,26.144
lka,sex_f,age_ythadult_y15_24,geo_cov_rur,2011,25.632
lka,sex_f,age_ythadult_y15_24,geo_cov_rur,2013,27.746
lka,sex_f,age_ythadult_y15_24,geo_cov_rur,2014,28.954
lka,sex_f,age_ythadult_y15_24,geo_cov_rur,2015,29.531
lka,sex_f,age_ythadult_y15_24,geo_cov_rur,2016,38.436
lka,sex_f,age_ythadult_y15_24,geo_cov_rur,2017,33.219
lka,sex_f,age_ythadult_y15_24,geo_cov_rur,2018,39.479
lka,sex_f,age_ythadult_y15_24,geo_cov_rur,2019,37.093
lka,sex_f,age_ythadult_y15_24,geo_cov_rur,2020,44.873
lka,sex_f,age_ythadult_y15_24,geo_cov_rur,2021,46.26
lka,sex_f,age_ythadult_y15_24,geo_cov_rur,2022,33.056
lka,sex_f,age_ythadult_y15_24,geo_cov_rur,2023,38.615
lka,sex_f,age_ythadult_y15_24,geo_cov_urb,2010,17.216
lka,sex_f,age_ythadult_y15_24,geo_cov_urb,2011,21.403
lka,sex_f,age_ythadult_y15_24,geo_cov_urb,2013,18.971
lka,sex_f,age_ythadult_y15_24,geo_cov_urb,2014,21.558
lka,sex_f,age_ythadult_y15_24,geo_cov_urb,2015,18.022
lka,sex_f,age_ythadult_y15_24,geo_cov_urb,2016,21.124
lka,sex_f,age_ythadult_y15_24,geo_cov_urb,2017,26.477
lka,sex_f,age_ythadult_y15_24,geo_cov_urb,2018,23.328
lka,sex_f,age_ythadult_y15_24,geo_cov_urb,2019,25.683
lka,sex_f,age_ythadult_y15_24,geo_cov_urb,2020,34.29
lka,sex_f,age_ythadult_y15_24,geo_cov_urb,2021,31.934
lka,sex_f,age_ythadult_y15_24,geo_cov_urb,2022,28.751
lka,sex_f,age_ythadult_y15_24,geo_cov_urb,2023,28.928
lka,sex_f,age_ythadult_y15_64,geo_cov_nat,2010,8.016
lka,sex_f,age_ythadult_y15_64,geo_cov_nat,2014,6.88
lka,sex_f,age_ythadult_y15_64,geo_cov_nat,2015,8.023
lka,sex_f,age_ythadult_y15_64,geo_cov_nat,2016,9.576
lka,sex_f,age_ythadult_y15_64,geo_cov_nat,2017,9.946
lka,sex_f,age_ythadult_y15_64,geo_cov_nat,2018,10.418
lka,sex_f,age_ythadult_y15_64,geo_cov_nat,2019,10.698
lka,sex_f,age_ythadult_y15_64,geo_cov_nat,2020,12.789
lka,sex_f,age_ythadult_y15_64,geo_cov_nat,2021,11.616
lka,sex_f,age_ythadult_y15_64,geo_cov_nat,2022,9.769
lka,sex_f,age_ythadult_y15_64,geo_cov_nat,2023,10.897
lka,sex_f,age_ythadult_y15_64,geo_cov_rur,2010,8.04
lka,sex_f,age_ythadult_y15_64,geo_cov_rur,2014,6.856
lka,sex_f,age_ythadult_y15_64,geo_cov_rur,2016,9.939
lka,sex_f,age_ythadult_y15_64,geo_cov_rur,2017,10.095
lka,sex_f,age_ythadult_y15_64,geo_cov_rur,2018,10.714
lka,sex_f,age_ythadult_y15_64,geo_cov_rur,2019,10.919
lka,sex_f,age_ythadult_y15_64,geo_cov_rur,2020,12.935
lka,sex_f,age_ythadult_y15_64,geo_cov_rur,2021,11.889
lka,sex_f,age_ythadult_y15_64,geo_cov_rur,2022,10.013
lka,sex_f,age_ythadult_y15_64,geo_cov_rur,2023,11.004
lka,sex_f,age_ythadult_y15_64,geo_cov_urb,2014,7.018
lka,sex_f,age_ythadult_y15_64,geo_cov_urb,2015,7.025
lka,sex_f,age_ythadult_y15_64,geo_cov_urb,2017,9.105
lka,sex_f,age_ythadult_y15_64,geo_cov_urb,2018,8.842
lka,sex_f,age_ythadult_y15_64,geo_cov_urb,2019,9.581
lka,sex_f,age_ythadult_y15_64,geo_cov_urb,2020,11.962
lka,sex_f,age_ythadult_y15_64,geo_cov_urb,2021,10.146
lka,sex_f,age_ythadult_y15_64,geo_cov_urb,2022,8.413
lka,sex_f,age_ythadult_y15_64,geo_cov_urb,2023,10.334
lka,sex_f,age_ythadult_yge15,geo_cov_nat,2010,7.826
lka,sex_f,age_ythadult_yge15,geo_cov_nat,2011,7.243
lka,sex_f,age_ythadult_yge15,geo_cov_nat,2013,6.934
lka,sex_f,age_ythadult_yge15,geo_cov_nat,2014,6.648
lka,sex_f,age_ythadult_yge15,geo_cov_nat,2015,7.739
lka,sex_f,age_ythadult_yge15,geo_cov_nat,2016,9.162
lka,sex_f,age_ythadult_yge15,geo_cov_nat,2017,9.575
lka,sex_f,age_ythadult_yge15,geo_cov_nat,2018,9.924
lka,sex_f,age_ythadult_yge15,geo_cov_nat,2019,10.154
lka,sex_f,age_ythadult_yge15,geo_cov_nat,2020,12.164
lka,sex_f,age_ythadult_yge15,geo_cov_nat,2021,11.098
lka,sex_f,age_ythadult_yge15,geo_cov_nat,2022,9.262
lka,sex_f,age_ythadult_yge15,geo_cov_nat,2023,10.279
lka,sex_f,age_ythadult_yge15,geo_cov_rur,2010,7.838
lka,sex_f,age_ythadult_yge15,geo_cov_rur,2011,7.393
lka,sex_f,age_ythadult_yge15,geo_cov_rur,2013,7.132
lka,sex_f,age_ythadult_yge15,geo_cov_rur,2014,6.594
lka,sex_f,age_ythadult_yge15,geo_cov_rur,2015,7.896
lka,sex_f,age_ythadult_yge15,geo_cov_rur,2016,9.496
lka,sex_f,age_ythadult_yge15,geo_cov_rur,2017,9.699
lka,sex_f,age_ythadult_yge15,geo_cov_rur,2018,10.181
lka,sex_f,age_ythadult_yge15,geo_cov_rur,2019,10.323
lka,sex_f,age_ythadult_yge15,geo_cov_rur,2020,12.295
lka,sex_f,age_ythadult_yge15,geo_cov_rur,2021,11.368
lka,sex_f,age_ythadult_yge15,geo_cov_rur,2022,9.463
lka,sex_f,age_ythadult_yge15,geo_cov_rur,2023,10.356
lka,sex_f,age_ythadult_yge15,geo_cov_urb,2010,7.719
lka,sex_f,age_ythadult_yge15,geo_cov_urb,2011,6.036
lka,sex_f,age_ythadult_yge15,geo_cov_urb,2013,5.63
lka,sex_f,age_ythadult_yge15,geo_cov_urb,2014,6.968
lka,sex_f,age_ythadult_yge15,geo_cov_urb,2015,6.776
lka,sex_f,age_ythadult_yge15,geo_cov_urb,2016,7.112
lka,sex_f,age_ythadult_yge15,geo_cov_urb,2017,8.875
lka,sex_f,age_ythadult_yge15,geo_cov_urb,2018,8.529
lka,sex_f,age_ythadult_yge15,geo_cov_urb,2019,9.29
lka,sex_f,age_ythadult_yge15,geo_cov_urb,2020,11.42
lka,sex_f,age_ythadult_yge15,geo_cov_urb,2021,9.66
lka,sex_f,age_ythadult_yge15,geo_cov_urb,2022,8.13
lka,sex_f,age_ythadult_yge15,geo_cov_urb,2023,9.87
lka,sex_f,age_ythadult_yge25,geo_cov_nat,2010,4.836
lka,sex_f,age_ythadult_yge25,geo_cov_nat,2011,4.309
lka,sex_f,age_ythadult_yge25,geo_cov_nat,2013,3.969
lka,sex_f,age_ythadult_yge25,geo_cov_nat,2014,3.727
lka,sex_f,age_ythadult_yge25,geo_cov_nat,2015,4.873
lka,sex_f,age_ythadult_yge25,geo_cov_nat,2016,5.439
lka,sex_f,age_ythadult_yge25,geo_cov_nat,2017,6.309
lka,sex_f,age_ythadult_yge25,geo_cov_nat,2018,6.307
lka,sex_f,age_ythadult_yge25,geo_cov_nat,2019,6.832
lka,sex_f,age_ythadult_yge25,geo_cov_nat,2020,7.804
lka,sex_f,age_ythadult_yge25,geo_cov_nat,2021,6.951
lka,sex_f,age_ythadult_yge25,geo_cov_nat,2022,6.526
lka,sex_f,age_ythadult_yge25,geo_cov_nat,2023,7.186
lka,sex_f,age_ythadult_yge25,geo_cov_rur,2010,4.764
lka,sex_f,age_ythadult_yge25,geo_cov_rur,2011,4.39
lka,sex_f,age_ythadult_yge25,geo_cov_rur,2013,4.062
lka,sex_f,age_ythadult_yge25,geo_cov_rur,2014,3.579
lka,sex_f,age_ythadult_yge25,geo_cov_rur,2015,4.868
lka,sex_f,age_ythadult_yge25,geo_cov_rur,2016,5.577
lka,sex_f,age_ythadult_yge25,geo_cov_rur,2017,6.384
lka,sex_f,age_ythadult_yge25,geo_cov_rur,2018,6.299
lka,sex_f,age_ythadult_yge25,geo_cov_rur,2019,6.794
lka,sex_f,age_ythadult_yge25,geo_cov_rur,2020,7.702
lka,sex_f,age_ythadult_yge25,geo_cov_rur,2021,6.95
lka,sex_f,age_ythadult_yge25,geo_cov_rur,2022,6.674
lka,sex_f,age_ythadult_yge25,geo_cov_rur,2023,7.106
lka,sex_f,age_ythadult_yge25,geo_cov_urb,2010,5.497
lka,sex_f,age_ythadult_yge25,geo_cov_urb,2011,3.666
lka,sex_f,age_ythadult_yge25,geo_cov_urb,2013,3.346
lka,sex_f,age_ythadult_yge25,geo_cov_urb,2014,4.641
lka,sex_f,age_ythadult_yge25,geo_cov_urb,2015,4.902
lka,sex_f,age_ythadult_yge25,geo_cov_urb,2016,4.554
lka,sex_f,age_ythadult_yge25,geo_cov_urb,2017,5.873
lka,sex_f,age_ythadult_yge25,geo_cov_urb,2018,6.35
lka,sex_f,age_ythadult_yge25,geo_cov_urb,2019,7.029
lka,sex_f,age_ythadult_yge25,geo_cov_urb,2020,8.385
lka,sex_f,age_ythadult_yge25,geo_cov_urb,2021,6.954
lka,sex_f,age_ythadult_yge25,geo_cov_urb,2022,5.69
lka,sex_f,age_ythadult_yge25,geo_cov_urb,2023,7.609
lka,sex_m,age_aggregate_total,geo_cov_nat,2010,3.598
lka,sex_m,age_aggregate_total,geo_cov_nat,2011,2.823
lka,sex_m,age_aggregate_total,geo_cov_nat,2013,3.184
lka,sex_m,age_aggregate_total,geo_cov_nat,2014,3.168
lka,sex_m,age_aggregate_total,geo_cov_nat,2015,3.075
lka,sex_m,age_aggregate_total,geo_cov_nat,2016,3.833
lka,sex_m,age_aggregate_total,geo_cov_nat,2017,3.752
lka,sex_m,age_aggregate_total,geo_cov_nat,2018,4.011
lka,sex_m,age_aggregate_total,geo_cov_nat,2019,4.174
lka,sex_m,age_aggregate_total,geo_cov_nat,2020,5.174
lka,sex_m,age_aggregate_total,geo_cov_nat,2021,4.897
lka,sex_m,age_aggregate_total,geo_cov_nat,2022,4.531
lka,sex_m,age_aggregate_total,geo_cov_nat,2023,4.695
lka,sex_m,age_aggregate_total,geo_cov_rur,2010,3.565
lka,sex_m,age_aggregate_total,geo_cov_rur,2011,2.718
lka,sex_m,age_aggregate_total,geo_cov_rur,2013,3.104
lka,sex_m,age_aggregate_total,geo_cov_rur,2014,3.125
lka,sex_m,age_aggregate_total,geo_cov_rur,2015,2.968
lka,sex_m,age_aggregate_total,geo_cov_rur,2016,3.84
lka,sex_m,age_aggregate_total,geo_cov_rur,2017,3.656
lka,sex_m,age_aggregate_total,geo_cov_rur,2018,3.989
lka,sex_m,age_aggregate_total,geo_cov_rur,2019,4.096
lka,sex_m,age_aggregate_total,geo_cov_rur,2020,5.196
lka,sex_m,age_aggregate_total,geo_cov_rur,2021,4.876
lka,sex_m,age_aggregate_total,geo_cov_rur,2022,4.549
lka,sex_m,age_aggregate_total,geo_cov_rur,2023,4.82
lka,sex_m,age_aggregate_total,geo_cov_urb,2010,3.837
lka,sex_m,age_aggregate_total,geo_cov_urb,2011,3.525
lka,sex_m,age_aggregate_total,geo_cov_urb,2013,3.591
lka,sex_m,age_aggregate_total,geo_cov_urb,2014,3.389
lka,sex_m,age_aggregate_total,geo_cov_urb,2015,3.643
lka,sex_m,age_aggregate_total,geo_cov_urb,2016,3.8
lka,sex_m,age_aggregate_total,geo_cov_urb,2017,4.217
lka,sex_m,age_aggregate_total,geo_cov_urb,2018,4.116
lka,sex_m,age_aggregate_total,geo_cov_urb,2019,4.563
lka,sex_m,age_aggregate_total,geo_cov_urb,2020,5.067
lka,sex_m,age_aggregate_total,geo_cov_urb,2021,5.01
lka,sex_m,age_aggregate_total,geo_cov_urb,2022,4.434
lka,sex_m,age_aggregate_total,geo_cov_urb,2023,4.062
lka,sex_m,age_aggregate_y15_24,geo_cov_nat,2010,16.629
lka,sex_m,age_aggregate_y15_24,geo_cov_nat,2011,13.258
lka,sex_m,age_aggregate_y15_24,geo_cov_nat,2013,15.777
lka,sex_m,age_aggregate_y15_24,geo_cov_nat,2014,16.466
lka,sex_m,age_aggregate_y15_24,geo_cov_nat,2015,16.83
lka,sex_m,age_aggregate_y15_24,geo_cov_nat,2016,21.922
lka,sex_m,age_aggregate_y15_24,geo_cov_nat,2017,18.921
lka,sex_m,age_aggregate_y15_24,geo_cov_nat,2018,21.93
lka,sex_m,age_aggregate_y15_24,geo_cov_nat,2019,21.707
lka,sex_m,age_aggregate_y15_24,geo_cov_nat,2020,26.997
lka,sex_m,age_aggregate_y15_24,geo_cov_nat,2021,27.173
lka,sex_m,age_aggregate_y15_24,geo_cov_nat,2022,24.672
lka,sex_m,age_aggregate_y15_24,geo_cov_nat,2023,25.445
lka,sex_m,age_aggregate_y15_24,geo_cov_rur,2010,15.988
lka,sex_m,age_aggregate_y15_24,geo_cov_rur,2011,12.869
lka,sex_m,age_aggregate_y15_24,geo_cov_rur,2013,15.534
lka,sex_m,age_aggregate_y15_24,geo_cov_rur,2014,16.635
lka,sex_m,age_aggregate_y15_24,geo_cov_rur,2015,17.067
lka,sex_m,age_aggregate_y15_24,geo_cov_rur,2016,22.334
lka,sex_m,age_aggregate_y15_24,geo_cov_rur,2017,19.544
lka,sex_m,age_aggregate_y15_24,geo_cov_rur,2018,22.227
lka,sex_m,age_aggregate_y15_24,geo_cov_rur,2019,21.923
lka,sex_m,age_aggregate_y15_24,geo_cov_rur,2020,27.767
lka,sex_m,age_aggregate_y15_24,geo_cov_rur,2021,27.729
lka,sex_m,age_aggregate_y15_24,geo_cov_rur,2022,25.211
lka,sex_m,age_aggregate_y15_24,geo_cov_rur,2023,26.753
lka,sex_m,age_aggregate_y15_24,geo_cov_urb,2010,21.666
lka,sex_m,age_aggregate_y15_24,geo_cov_urb,2011,15.612
lka,sex_m,age_aggregate_y15_24,geo_cov_urb,2013,17.15
lka,sex_m,age_aggregate_y15_24,geo_cov_urb,2014,15.709
lka,sex_m,age_aggregate_y15_24,geo_cov_urb,2015,15.674
lka,sex_m,age_aggregate_y15_24,geo_cov_urb,2016,19.834
lka,sex_m,age_aggregate_y15_24,geo_cov_urb,2017,15.709
lka,sex_m,age_aggregate_y15_24,geo_cov_urb,2018,20.556
lka,sex_m,age_aggregate_y15_24,geo_cov_urb,2019,20.613
lka,sex_m,age_aggregate_y15_24,geo_cov_urb,2020,22.949
lka,sex_m,age_aggregate_y15_24,geo_cov_urb,2021,23.8
lka,sex_m,age_aggregate_y15_24,geo_cov_urb,2022,21.081
lka,sex_m,age_aggregate_y15_24,geo_cov_urb,2023,18.894
lka,sex_m,age_aggregate_y25_54,geo_cov_nat,2010,1.851
lka,sex_m,age_aggregate_y25_54,geo_cov_nat,2011,1.488
lka,sex_m,age_aggregate_y25_54,geo_cov_nat,2013,1.661
lka,sex_m,age_aggregate_y25_54,geo_cov_nat,2014,1.709
lka,sex_m,age_aggregate_y25_54,geo_cov_nat,2015,1.651
lka,sex_m,age_aggregate_y25_54,geo_cov_nat,2016,1.72
lka,sex_m,age_aggregate_y25_54,geo_cov_nat,2017,2.012
lka,sex_m,age_aggregate_y25_54,geo_cov_nat,2018,2.032
lka,sex_m,age_aggregate_y25_54,geo_cov_nat,2019,2.323
lka,sex_m,age_aggregate_y25_54,geo_cov_nat,2020,2.797
lka,sex_m,age_aggregate_y25_54,geo_cov_nat,2021,2.884
lka,sex_m,age_aggregate_y25_54,geo_cov_nat,2022,2.872
lka,sex_m,age_aggregate_y25_54,geo_cov_nat,2023,2.93
lka,sex_m,age_aggregate_y25_54,geo_cov_rur,2010,1.906
lka,sex_m,age_aggregate_y25_54,geo_cov_rur,2011,1.436
lka,sex_m,age_aggregate_y25_54,geo_cov_rur,2013,1.56
lka,sex_m,age_aggregate_y25_54,geo_cov_rur,2014,1.713
lka,sex_m,age_aggregate_y25_54,geo_cov_rur,2015,1.506
lka,sex_m,age_aggregate_y25_54,geo_cov_rur,2016,1.706
lka,sex_m,age_aggregate_y25_54,geo_cov_rur,2017,1.842
lka,sex_m,age_aggregate_y25_54,geo_cov_rur,2018,2.004
lka,sex_m,age_aggregate_y25_54,geo_cov_rur,2019,2.244
lka,sex_m,age_aggregate_y25_54,geo_cov_rur,2020,2.68
lka,sex_m,age_aggregate_y25_54,geo_cov_rur,2021,2.728
lka,sex_m,age_aggregate_y25_54,geo_cov_rur,2022,2.846
lka,sex_m,age_aggregate_y25_54,geo_cov_rur,2023,3.022
lka,sex_m,age_aggregate_y25_54,geo_cov_urb,2010,1.476
lka,sex_m,age_aggregate_y25_54,geo_cov_urb,2011,1.842
lka,sex_m,age_aggregate_y25_54,geo_cov_urb,2013,2.153
lka,sex_m,age_aggregate_y25_54,geo_cov_urb,2014,1.69
lka,sex_m,age_aggregate_y25_54,geo_cov_urb,2015,2.384
lka,sex_m,age_aggregate_y25_54,geo_cov_urb,2016,1.786
lka,sex_m,age_aggregate_y25_54,geo_cov_urb,2017,2.79
lka,sex_m,age_aggregate_y25_54,geo_cov_urb,2018,2.161
lka,sex_m,age_aggregate_y25_54,geo_cov_urb,2019,2.7
lka,sex_m,age_aggregate_y25_54,geo_cov_urb,2020,3.364
lka,sex_m,age_aggregate_y25_54,geo_cov_urb,2021,3.636
lka,sex_m,age_aggregate_y25_54,geo_cov_urb,2022,2.997
lka,sex_m,age_aggregate_y25_54,geo_cov_urb,2023,2.479
lka,sex_m,age_aggregate_y55_64,geo_cov_nat,2010,1.097
lka,sex_m,age_aggregate_y55_64,geo_cov_nat,2011,0.293
lka,sex_m,age_aggregate_y55_64,geo_cov_nat,2013,0.605
lka,sex_m,age_aggregate_y55_64,geo_cov_nat,2014,0.968
lka,sex_m,age_aggregate_y55_64,geo_cov_nat,2015,0.422
lka,sex_m,age_aggregate_y55_64,geo_cov_nat,2016,0.593
lka,sex_m,age_aggregate_y55_64,geo_cov_nat,2017,1.219
lka,sex_m,age_aggregate_y55_64,geo_cov_nat,2018,0.705
lka,sex_m,age_aggregate_y55_64,geo_cov_nat,2019,0.954
lka,sex_m,age_aggregate_y55_64,geo_cov_nat,2020,1.282
lka,sex_m,age_aggregate_y55_64,geo_cov_nat,2021,0.812
lka,sex_m,age_aggregate_y55_64,geo_cov_nat,2022,0.846
lka,sex_m,age_aggregate_y55_64,geo_cov_nat,2023,1.409
lka,sex_m,age_aggregate_y55_64,geo_cov_rur,2010,1.093
lka,sex_m,age_aggregate_y55_64,geo_cov_rur,2013,0.571
lka,sex_m,age_aggregate_y55_64,geo_cov_rur,2014,0.944
lka,sex_m,age_aggregate_y55_64,geo_cov_rur,2015,0.357
lka,sex_m,age_aggregate_y55_64,geo_cov_rur,2016,0.483
lka,sex_m,age_aggregate_y55_64,geo_cov_rur,2017,0.814
lka,sex_m,age_aggregate_y55_64,geo_cov_rur,2018,0.594
lka,sex_m,age_aggregate_y55_64,geo_cov_rur,2019,0.755
lka,sex_m,age_aggregate_y55_64,geo_cov_rur,2020,1.308
lka,sex_m,age_aggregate_y55_64,geo_cov_rur,2021,0.707
lka,sex_m,age_aggregate_y55_64,geo_cov_rur,2022,0.392
lka,sex_m,age_aggregate_y55_64,geo_cov_rur,2023,1.232
lka,sex_m,age_aggregate_y55_64,geo_cov_urb,2016,1.225
lka,sex_m,age_aggregate_y55_64,geo_cov_urb,2017,3.32
lka,sex_m,age_aggregate_y55_64,geo_cov_urb,2018,1.302
lka,sex_m,age_aggregate_y55_64,geo_cov_urb,2019,2.021
lka,sex_m,age_aggregate_y55_64,geo_cov_urb,2020,1.135
lka,sex_m,age_aggregate_y55_64,geo_cov_urb,2021,1.374
lka,sex_m,age_aggregate_y55_64,geo_cov_urb,2022,3.293
lka,sex_m,age_aggregate_y55_64,geo_cov_urb,2023,2.337
lka,sex_m,age_aggregate_yge65,geo_cov_nat,2016,0.505
lka,sex_m,age_aggregate_yge65,geo_cov_nat,2017,0.644
lka,sex_m,age_aggregate_yge65,geo_cov_nat,2018,0.62
lka,sex_m,age_aggregate_yge65,geo_cov_nat,2019,0.676
lka,sex_m,age_aggregate_yge65,geo_cov_nat,2020,0.821
lka,sex_m,age_aggregate_yge65,geo_cov_nat,2021,0.405
lka,sex_m,age_aggregate_yge65,geo_cov_nat,2022,1.091
lka,sex_m,age_aggregate_yge65,geo_cov_nat,2023,0.65
lka,sex_m,age_aggregate_yge65,geo_cov_rur,2016,0.352
lka,sex_m,age_aggregate_yge65,geo_cov_rur,2017,0.49
lka,sex_m,age_aggregate_yge65,geo_cov_rur,2018,0.561
lka,sex_m,age_aggregate_yge65,geo_cov_rur,2019,0.494
lka,sex_m,age_aggregate_yge65,geo_cov_rur,2020,0.749
lka,sex_m,age_aggregate_yge65,geo_cov_rur,2022,0.897
lka,sex_m,age_aggregate_yge65,geo_cov_rur,2023,0.446
lka,sex_m,age_ythadult_y15_24,geo_cov_nat,2010,16.629
lka,sex_m,age_ythadult_y15_24,geo_cov_nat,2011,13.258
lka,sex_m,age_ythadult_y15_24,geo_cov_nat,2013,15.777
lka,sex_m,age_ythadult_y15_24,geo_cov_nat,2014,16.466
lka,sex_m,age_ythadult_y15_24,geo_cov_nat,2015,16.83
lka,sex_m,age_ythadult_y15_24,geo_cov_nat,2016,21.922
lka,sex_m,age_ythadult_y15_24,geo_cov_nat,2017,18.921
lka,sex_m,age_ythadult_y15_24,geo_cov_nat,2018,21.93
lka,sex_m,age_ythadult_y15_24,geo_cov_nat,2019,21.707
lka,sex_m,age_ythadult_y15_24,geo_cov_nat,2020,26.997
lka,sex_m,age_ythadult_y15_24,geo_cov_nat,2021,27.173
lka,sex_m,age_ythadult_y15_24,geo_cov_nat,2022,24.672
lka,sex_m,age_ythadult_y15_24,geo_cov_nat,2023,25.445
lka,sex_m,age_ythadult_y15_24,geo_cov_rur,2010,15.988
lka,sex_m,age_ythadult_y15_24,geo_cov_rur,2011,12.869
lka,sex_m,age_ythadult_y15_24,geo_cov_rur,2013,15.534
lka,sex_m,age_ythadult_y15_24,geo_cov_rur,2014,16.635
lka,sex_m,age_ythadult_y15_24,geo_cov_rur,2015,17.067
lka,sex_m,age_ythadult_y15_24,geo_cov_rur,2016,22.334
lka,sex_m,age_ythadult_y15_24,geo_cov_rur,2017,19.544
lka,sex_m,age_ythadult_y15_24,geo_cov_rur,2018,22.227
lka,sex_m,age_ythadult_y15_24,geo_cov_rur,2019,21.923
lka,sex_m,age_ythadult_y15_24,geo_cov_rur,2020,27.767
lka,sex_m,age_ythadult_y15_24,geo_cov_rur,2021,27.729
lka,sex_m,age_ythadult_y15_24,geo_cov_rur,2022,25.211
lka,sex_m,age_ythadult_y15_24,geo_cov_rur,2023,26.753
lka,sex_m,age_ythadult_y15_24,geo_cov_urb,2010,21.666
lka,sex_m,age_ythadult_y15_24,geo_cov_urb,2011,15.612
lka,sex_m,age_ythadult_y15_24,geo_cov_urb,2013,17.15
lka,sex_m,age_ythadult_y15_24,geo_cov_urb,2014,15.709
lka,sex_m,age_ythadult_y15_24,geo_cov_urb,2015,15.674
lka,sex_m,age_ythadult_y15_24,geo_cov_urb,2016,19.834
lka,sex_m,age_ythadult_y15_24,geo_cov_urb,2017,15.709
lka,sex_m,age_ythadult_y15_24,geo_cov_urb,2018,20.556
lka,sex_m,age_ythadult_y15_24,geo_cov_urb,2019,20.613
lka,sex_m,age_ythadult_y15_24,geo_cov_urb,2020,22.949
lka,sex_m,age_ythadult_y15_24,geo_cov_urb,2021,23.8
lka,sex_m,age_ythadult_y15_24,geo_cov_urb,2022,21.081
lka,sex_m,age_ythadult_y15_24,geo_cov_urb,2023,18.894
lka,sex_m,age_ythadult_y15_64,geo_cov_nat,2010,3.768
lka,sex_m,age_ythadult_y15_64,geo_cov_nat,2014,3.34
lka,sex_m,age_ythadult_y15_64,geo_cov_nat,2015,3.276
lka,sex_m,age_ythadult_y15_64,geo_cov_nat,2016,4.082
lka,sex_m,age_ythadult_y15_64,geo_cov_nat,2017,3.991
lka,sex_m,age_ythadult_y15_64,geo_cov_nat,2018,4.263
lka,sex_m,age_ythadult_y15_64,geo_cov_nat,2019,4.461
lka,sex_m,age_ythadult_y15_64,geo_cov_nat,2020,5.539
lka,sex_m,age_ythadult_y15_64,geo_cov_nat,2021,5.274
lka,sex_m,age_ythadult_y15_64,geo_cov_nat,2022,4.828
lka,sex_m,age_ythadult_y15_64,geo_cov_nat,2023,5.05
lka,sex_m,age_ythadult_y15_64,geo_cov_rur,2010,3.737
lka,sex_m,age_ythadult_y15_64,geo_cov_rur,2014,3.317
lka,sex_m,age_ythadult_y15_64,geo_cov_rur,2016,4.108
lka,sex_m,age_ythadult_y15_64,geo_cov_rur,2017,3.909
lka,sex_m,age_ythadult_y15_64,geo_cov_rur,2018,4.251
lka,sex_m,age_ythadult_y15_64,geo_cov_rur,2019,4.406
lka,sex_m,age_ythadult_y15_64,geo_cov_rur,2020,5.578
lka,sex_m,age_ythadult_y15_64,geo_cov_rur,2021,5.288
lka,sex_m,age_ythadult_y15_64,geo_cov_rur,2022,4.879
lka,sex_m,age_ythadult_y15_64,geo_cov_rur,2023,5.221
lka,sex_m,age_ythadult_y15_64,geo_cov_urb,2014,3.46
lka,sex_m,age_ythadult_y15_64,geo_cov_urb,2015,3.83
lka,sex_m,age_ythadult_y15_64,geo_cov_urb,2017,4.383
lka,sex_m,age_ythadult_y15_64,geo_cov_urb,2018,4.32
lka,sex_m,age_ythadult_y15_64,geo_cov_urb,2019,4.731
lka,sex_m,age_ythadult_y15_64,geo_cov_urb,2020,5.339
lka,sex_m,age_ythadult_y15_64,geo_cov_urb,2021,5.202
lka,sex_m,age_ythadult_y15_64,geo_cov_urb,2022,4.573
lka,sex_m,age_ythadult_y15_64,geo_cov_urb,2023,4.204
lka,sex_m,age_ythadult_yge15,geo_cov_nat,2010,3.598
lka,sex_m,age_ythadult_yge15,geo_cov_nat,2011,2.823
lka,sex_m,age_ythadult_yge15,geo_cov_nat,2013,3.184
lka,sex_m,age_ythadult_yge15,geo_cov_nat,2014,3.168
lka,sex_m,age_ythadult_yge15,geo_cov_nat,2015,3.075
lka,sex_m,age_ythadult_yge15,geo_cov_nat,2016,3.833
lka,sex_m,age_ythadult_yge15,geo_cov_nat,2017,3.752
lka,sex_m,age_ythadult_yge15,geo_cov_nat,2018,4.011
lka,sex_m,age_ythadult_yge15,geo_cov_nat,2019,4.174
lka,sex_m,age_ythadult_yge15,geo_cov_nat,2020,5.174
lka,sex_m,age_ythadult_yge15,geo_cov_nat,2021,4.897
lka,sex_m,age_ythadult_yge15,geo_cov_nat,2022,4.531
lka,sex_m,age_ythadult_yge15,geo_cov_nat,2023,4.695
lka,sex_m,age_ythadult_yge15,geo_cov_rur,2010,3.565
lka,sex_m,age_ythadult_yge15,geo_cov_rur,2011,2.718
lka,sex_m,age_ythadult_yge15,geo_cov_rur,2013,3.104
lka,sex_m,age_ythadult_yge15,geo_cov_rur,2014,3.125
lka,sex_m,age_ythadult_yge15,geo_cov_rur,2015,2.968
lka,sex_m,age_ythadult_yge15,geo_cov_rur,2016,3.84
lka,sex_m,age_ythadult_yge15,geo_cov_rur,2017,3.656
lka,sex_m,age_ythadult_yge15,geo_cov_rur,2018,3.989
lka,sex_m,age_ythadult_yge15,geo_cov_rur,2019,4.096
lka,sex_m,age_ythadult_yge15,geo_cov_rur,2020,5.196
lka,sex_m,age_ythadult_yge15,geo_cov_rur,2021,4.876
lka,sex_m,age_ythadult_yge15,geo_cov_rur,2022,4.549
lka,sex_m,age_ythadult_yge15,geo_cov_rur,2023,4.82
lka,sex_m,age_ythadult_yge15,geo_cov_urb,2010,3.837
lka,sex_m,age_ythadult_yge15,geo_cov_urb,2011,3.525
lka,sex_m,age_ythadult_yge15,geo_cov_urb,2013,3.591
lka,sex_m,age_ythadult_yge15,geo_cov_urb,2014,3.389
lka,sex_m,age_ythadult_yge15,geo_cov_urb,2015,3.643
lka,sex_m,age_ythadult_yge15,geo_cov_urb,2016,3.8
lka,sex_m,age_ythadult_yge15,geo_cov_urb,2017,4.217
lka,sex_m,age_ythadult_yge15,geo_cov_urb,2018,4.116
lka,sex_m,age_ythadult_yge15,geo_cov_urb,2019,4.563
lka,sex_m,age_ythadult_yge15,geo_cov_urb,2020,5.067
lka,sex_m,age_ythadult_yge15,geo_cov_urb,2021,5.01
lka,sex_m,age_ythadult_yge15,geo_cov_urb,2022,4.434
lka,sex_m,age_ythadult_yge15,geo_cov_urb,2023,4.062
lka,sex_m,age_ythadult_yge25,geo_cov_nat,2010,1.646
lka,sex_m,age_ythadult_yge25,geo_cov_nat,2011,1.223
lka,sex_m,age_ythadult_yge25,geo_cov_nat,2013,1.409
lka,sex_m,age_ythadult_yge25,geo_cov_nat,2014,1.495
lka,sex_m,age_ythadult_yge25,geo_cov_nat,2015,1.339
lka,sex_m,age_ythadult_yge25,geo_cov_nat,2016,1.43
lka,sex_m,age_ythadult_yge25,geo_cov_nat,2017,1.758
lka,sex_m,age_ythadult_yge25,geo_cov_nat,2018,1.675
lka,sex_m,age_ythadult_yge25,geo_cov_nat,2019,1.931
lka,sex_m,age_ythadult_yge25,geo_cov_nat,2020,2.345
lka,sex_m,age_ythadult_yge25,geo_cov_nat,2021,2.27
lka,sex_m,age_ythadult_yge25,geo_cov_nat,2022,2.333
lka,sex_m,age_ythadult_yge25,geo_cov_nat,2023,2.422
lka,sex_m,age_ythadult_yge25,geo_cov_rur,2010,1.684
lka,sex_m,age_ythadult_yge25,geo_cov_rur,2011,1.186
lka,sex_m,age_ythadult_yge25,geo_cov_rur,2013,1.321
lka,sex_m,age_ythadult_yge25,geo_cov_rur,2014,1.474
lka,sex_m,age_ythadult_yge25,geo_cov_rur,2015,1.212
lka,sex_m,age_ythadult_yge25,geo_cov_rur,2016,1.381
lka,sex_m,age_ythadult_yge25,geo_cov_rur,2017,1.54
lka,sex_m,age_ythadult_yge25,geo_cov_rur,2018,1.62
lka,sex_m,age_ythadult_yge25,geo_cov_rur,2019,1.811
lka,sex_m,age_ythadult_yge25,geo_cov_rur,2020,2.251
lka,sex_m,age_ythadult_yge25,geo_cov_rur,2021,2.107
lka,sex_m,age_ythadult_yge25,geo_cov_rur,2022,2.199
lka,sex_m,age_ythadult_yge25,geo_cov_rur,2023,2.423
lka,sex_m,age_ythadult_yge25,geo_cov_urb,2010,1.365
lka,sex_m,age_ythadult_yge25,geo_cov_urb,2011,1.477
lka,sex_m,age_ythadult_yge25,geo_cov_urb,2013,1.852
lka,sex_m,age_ythadult_yge25,geo_cov_urb,2014,1.608
lka,sex_m,age_ythadult_yge25,geo_cov_urb,2015,2.013
lka,sex_m,age_ythadult_yge25,geo_cov_urb,2016,1.676
lka,sex_m,age_ythadult_yge25,geo_cov_urb,2017,2.799
lka,sex_m,age_ythadult_yge25,geo_cov_urb,2018,1.933
lka,sex_m,age_ythadult_yge25,geo_cov_urb,2019,2.529
lka,sex_m,age_ythadult_yge25,geo_cov_urb,2020,2.821
lka,sex_m,age_ythadult_yge25,geo_cov_urb,2021,3.101
lka,sex_m,age_ythadult_yge25,geo_cov_urb,2022,3.007
lka,sex_m,age_ythadult_yge25,geo_cov_urb,2023,2.417
lka,sex_t,age_aggregate_total,geo_cov_nat,2010,5.053
lka,sex_t,age_aggregate_total,geo_cov_nat,2011,4.342
lka,sex_t,age_aggregate_total,geo_cov_nat,2013,4.511
lka,sex_t,age_aggregate_total,geo_cov_nat,2014,4.382
lka,sex_t,age_aggregate_total,geo_cov_nat,2015,4.756
lka,sex_t,age_aggregate_total,geo_cov_nat,2016,5.779
lka,sex_t,age_aggregate_total,geo_cov_nat,2017,5.914
lka,sex_t,age_aggregate_total,geo_cov_nat,2018,6.099
lka,sex_t,age_aggregate_total,geo_cov_nat,2019,6.317
lka,sex_t,age_aggregate_total,geo_cov_nat,2020,7.589
lka,sex_t,age_aggregate_total,geo_cov_nat,2021,7.054
lka,sex_t,age_aggregate_total,geo_cov_nat,2022,6.196
lka,sex_t,age_aggregate_total,geo_cov_nat,2023,6.655
lka,sex_t,age_aggregate_total,geo_cov_rur,2010,5.056
lka,sex_t,age_aggregate_total,geo_cov_rur,2011,4.348
lka,sex_t,age_aggregate_total,geo_cov_rur,2013,4.564
lka,sex_t,age_aggregate_total,geo_cov_rur,2014,4.354
lka,sex_t,age_aggregate_total,geo_cov_rur,2015,4.77
lka,sex_t,age_aggregate_total,geo_cov_rur,2016,5.944
lka,sex_t,age_aggregate_total,geo_cov_rur,2017,5.935
lka,sex_t,age_aggregate_total,geo_cov_rur,2018,6.207
lka,sex_t,age_aggregate_total,geo_cov_rur,2019,6.333
lka,sex_t,age_aggregate_total,geo_cov_rur,2020,7.676
lka,sex_t,age_aggregate_total,geo_cov_rur,2021,7.141
lka,sex_t,age_aggregate_total,geo_cov_rur,2022,6.294
lka,sex_t,age_aggregate_total,geo_cov_rur,2023,6.774
lka,sex_t,age_aggregate_total,geo_cov_urb,2010,5.031
lka,sex_t,age_aggregate_total,geo_cov_urb,2011,4.301
lka,sex_t,age_aggregate_total,geo_cov_urb,2013,4.217
lka,sex_t,age_aggregate_total,geo_cov_urb,2014,4.536
lka,sex_t,age_aggregate_total,geo_cov_urb,2015,4.678
lka,sex_t,age_aggregate_total,geo_cov_urb,2016,4.884
lka,sex_t,age_aggregate_total,geo_cov_urb,2017,5.808
lka,sex_t,age_aggregate_total,geo_cov_urb,2018,5.561
lka,sex_t,age_aggregate_total,geo_cov_urb,2019,6.238
lka,sex_t,age_aggregate_total,geo_cov_urb,2020,7.127
lka,sex_t,age_aggregate_total,geo_cov_urb,2021,6.599
lka,sex_t,age_aggregate_total,geo_cov_urb,2022,5.673
lka,sex_t,age_aggregate_total,geo_cov_urb,2023,6.044
lka,sex_t,age_aggregate_y15_24,geo_cov_nat,2010,19.752
lka,sex_t,age_aggregate_y15_24,geo_cov_nat,2011,17.508
lka,sex_t,age_aggregate_y15_24,geo_cov_nat,2013,19.72
lka,sex_t,age_aggregate_y15_24,geo_cov_nat,2014,20.627
lka,sex_t,age_aggregate_y15_24,geo_cov_nat,2015,21.034
lka,sex_t,age_aggregate_y15_24,geo_cov_nat,2016,27.032
lka,sex_t,age_aggregate_y15_24,geo_cov_nat,2017,24.068
lka,sex_t,age_aggregate_y15_24,geo_cov_nat,2018,27.267
lka,sex_t,age_aggregate_y15_24,geo_cov_nat,2019,26.632
lka,sex_t,age_aggregate_y15_24,geo_cov_nat,2020,32.896
lka,sex_t,age_aggregate_y15_24,geo_cov_nat,2021,33.273
lka,sex_t,age_aggregate_y15_24,geo_cov_nat,2022,27.523
lka,sex_t,age_aggregate_y15_24,geo_cov_nat,2023,29.646
lka,sex_t,age_aggregate_y15_24,geo_cov_rur,2010,19.739
lka,sex_t,age_aggregate_y15_24,geo_cov_rur,2011,17.538
lka,sex_t,age_aggregate_y15_24,geo_cov_rur,2013,20.054
lka,sex_t,age_aggregate_y15_24,geo_cov_rur,2014,21.249
lka,sex_t,age_aggregate_y15_24,geo_cov_rur,2015,21.927
lka,sex_t,age_aggregate_y15_24,geo_cov_rur,2016,28.386
lka,sex_t,age_aggregate_y15_24,geo_cov_rur,2017,24.861
lka,sex_t,age_aggregate_y15_24,geo_cov_rur,2018,28.479
lka,sex_t,age_aggregate_y15_24,geo_cov_rur,2019,27.459
lka,sex_t,age_aggregate_y15_24,geo_cov_rur,2020,34.013
lka,sex_t,age_aggregate_y15_24,geo_cov_rur,2021,34.362
lka,sex_t,age_aggregate_y15_24,geo_cov_rur,2022,28.059
lka,sex_t,age_aggregate_y15_24,geo_cov_rur,2023,31.064
lka,sex_t,age_aggregate_y15_24,geo_cov_urb,2010,19.848
lka,sex_t,age_aggregate_y15_24,geo_cov_urb,2011,17.302
lka,sex_t,age_aggregate_y15_24,geo_cov_urb,2013,17.811
lka,sex_t,age_aggregate_y15_24,geo_cov_urb,2014,17.696
lka,sex_t,age_aggregate_y15_24,geo_cov_urb,2015,16.546
lka,sex_t,age_aggregate_y15_24,geo_cov_urb,2016,20.339
lka,sex_t,age_aggregate_y15_24,geo_cov_urb,2017,20.099
lka,sex_t,age_aggregate_y15_24,geo_cov_urb,2018,21.521
lka,sex_t,age_aggregate_y15_24,geo_cov_urb,2019,22.497
lka,sex_t,age_aggregate_y15_24,geo_cov_urb,2020,26.75
lka,sex_t,age_aggregate_y15_24,geo_cov_urb,2021,26.882
lka,sex_t,age_aggregate_y15_24,geo_cov_urb,2022,24.174
lka,sex_t,age_aggregate_y15_24,geo_cov_urb,2023,22.456
lka,sex_t,age_aggregate_y25_54,geo_cov_nat,2010,3.19
lka,sex_t,age_aggregate_y25_54,geo_cov_nat,2011,2.742
lka,sex_t,age_aggregate_y25_54,geo_cov_nat,2013,2.769
lka,sex_t,age_aggregate_y25_54,geo_cov_nat,2014,2.677
lka,sex_t,age_aggregate_y25_54,geo_cov_nat,2015,3.233
lka,sex_t,age_aggregate_y25_54,geo_cov_nat,2016,3.569
lka,sex_t,age_aggregate_y25_54,geo_cov_nat,2017,4.138
lka,sex_t,age_aggregate_y25_54,geo_cov_nat,2018,4.16
lka,sex_t,age_aggregate_y25_54,geo_cov_nat,2019,4.625
lka,sex_t,age_aggregate_y25_54,geo_cov_nat,2020,5.169
lka,sex_t,age_aggregate_y25_54,geo_cov_nat,2021,4.889
lka,sex_t,age_aggregate_y25_54,geo_cov_nat,2022,4.757
lka,sex_t,age_aggregate_y25_54,geo_cov_nat,2023,5.108
lka,sex_t,age_aggregate_y25_54,geo_cov_rur,2010,3.222
lka,sex_t,age_aggregate_y25_54,geo_cov_rur,2011,2.751
lka,sex_t,age_aggregate_y25_54,geo_cov_rur,2013,2.781
lka,sex_t,age_aggregate_y25_54,geo_cov_rur,2014,2.655
lka,sex_t,age_aggregate_y25_54,geo_cov_rur,2015,3.186
lka,sex_t,age_aggregate_y25_54,geo_cov_rur,2016,3.678
lka,sex_t,age_aggregate_y25_54,geo_cov_rur,2017,4.16
lka,sex_t,age_aggregate_y25_54,geo_cov_rur,2018,4.204
lka,sex_t,age_aggregate_y25_54,geo_cov_rur,2019,4.604
lka,sex_t,age_aggregate_y25_54,geo_cov_rur,2020,5.111
lka,sex_t,age_aggregate_y25_54,geo_cov_rur,2021,4.838
lka,sex_t,age_aggregate_y25_54,geo_cov_rur,2022,4.854
lka,sex_t,age_aggregate_y25_54,geo_cov_rur,2023,5.156
lka,sex_t,age_aggregate_y25_54,geo_cov_urb,2010,2.949
lka,sex_t,age_aggregate_y25_54,geo_cov_urb,2011,2.68
lka,sex_t,age_aggregate_y25_54,geo_cov_urb,2013,2.702
lka,sex_t,age_aggregate_y25_54,geo_cov_urb,2014,2.794
lka,sex_t,age_aggregate_y25_54,geo_cov_urb,2015,3.488
lka,sex_t,age_aggregate_y25_54,geo_cov_urb,2016,2.997
lka,sex_t,age_aggregate_y25_54,geo_cov_urb,2017,4.031
lka,sex_t,age_aggregate_y25_54,geo_cov_urb,2018,3.955
lka,sex_t,age_aggregate_y25_54,geo_cov_urb,2019,4.723
lka,sex_t,age_aggregate_y25_54,geo_cov_urb,2020,5.465
lka,sex_t,age_aggregate_y25_54,geo_cov_urb,2021,5.144
lka,sex_t,age_aggregate_y25_54,geo_cov_urb,2022,4.27
lka,sex_t,age_aggregate_y25_54,geo_cov_urb,2023,4.87
lka,sex_t,age_aggregate_y55_64,geo_cov_nat,2010,0.994
lka,sex_t,age_aggregate_y55_64,geo_cov_nat,2011,0.502
lka,sex_t,age_aggregate_y55_64,geo_cov_nat,2013,0.564
lka,sex_t,age_aggregate_y55_64,geo_cov_nat,2014,0.903
lka,sex_t,age_aggregate_y55_64,geo_cov_nat,2015,0.528
lka,sex_t,age_aggregate_y55_64,geo_cov_nat,2016,0.747
lka,sex_t,age_aggregate_y55_64,geo_cov_nat,2017,1.351
lka,sex_t,age_aggregate_y55_64,geo_cov_nat,2018,0.806
lka,sex_t,age_aggregate_y55_64,geo_cov_nat,2019,1.069
lka,sex_t,age_aggregate_y55_64,geo_cov_nat,2020,1.734
lka,sex_t,age_aggregate_y55_64,geo_cov_nat,2021,1.276
lka,sex_t,age_aggregate_y55_64,geo_cov_nat,2022,1.142
lka,sex_t,age_aggregate_y55_64,geo_cov_nat,2023,1.658
lka,sex_t,age_aggregate_y55_64,geo_cov_rur,2010,1.013
lka,sex_t,age_aggregate_y55_64,geo_cov_rur,2011,0.545
lka,sex_t,age_aggregate_y55_64,geo_cov_rur,2013,0.561
lka,sex_t,age_aggregate_y55_64,geo_cov_rur,2014,0.838
lka,sex_t,age_aggregate_y55_64,geo_cov_rur,2015,0.442
lka,sex_t,age_aggregate_y55_64,geo_cov_rur,2016,0.696
lka,sex_t,age_aggregate_y55_64,geo_cov_rur,2017,1.007
lka,sex_t,age_aggregate_y55_64,geo_cov_rur,2018,0.68
lka,sex_t,age_aggregate_y55_64,geo_cov_rur,2019,0.916
lka,sex_t,age_aggregate_y55_64,geo_cov_rur,2020,1.643
lka,sex_t,age_aggregate_y55_64,geo_cov_rur,2021,1.138
lka,sex_t,age_aggregate_y55_64,geo_cov_rur,2022,0.858
lka,sex_t,age_aggregate_y55_64,geo_cov_rur,2023,1.553
lka,sex_t,age_aggregate_y55_64,geo_cov_urb,2014,1.313
lka,sex_t,age_aggregate_y55_64,geo_cov_urb,2015,1.075
lka,sex_t,age_aggregate_y55_64,geo_cov_urb,2016,1.06
lka,sex_t,age_aggregate_y55_64,geo_cov_urb,2017,3.315
lka,sex_t,age_aggregate_y55_64,geo_cov_urb,2018,1.512
lka,sex_t,age_aggregate_y55_64,geo_cov_urb,2019,1.926
lka,sex_t,age_aggregate_y55_64,geo_cov_urb,2020,2.24
lka,sex_t,age_aggregate_y55_64,geo_cov_urb,2021,2.075
lka,sex_t,age_aggregate_y55_64,geo_cov_urb,2022,2.731
lka,sex_t,age_aggregate_y55_64,geo_cov_urb,2023,2.234
lka,sex_t,age_aggregate_yge65,geo_cov_nat,2010,0.469
lka,sex_t,age_aggregate_yge65,geo_cov_nat,2013,0.479
lka,sex_t,age_aggregate_yge65,geo_cov_nat,2015,0.302
lka,sex_t,age_aggregate_yge65,geo_cov_nat,2016,0.428
lka,sex_t,age_aggregate_yge65,geo_cov_nat,2017,1.073
lka,sex_t,age_aggregate_yge65,geo_cov_nat,2018,0.539
lka,sex_t,age_aggregate_yge65,geo_cov_nat,2019,0.599
lka,sex_t,age_aggregate_yge65,geo_cov_nat,2020,0.889
lka,sex_t,age_aggregate_yge65,geo_cov_nat,2021,0.587
lka,sex_t,age_aggregate_yge65,geo_cov_nat,2022,1.007
lka,sex_t,age_aggregate_yge65,geo_cov_nat,2023,0.734
lka,sex_t,age_aggregate_yge65,geo_cov_rur,2010,0.51
lka,sex_t,age_aggregate_yge65,geo_cov_rur,2013,0.536
lka,sex_t,age_aggregate_yge65,geo_cov_rur,2015,0.344
lka,sex_t,age_aggregate_yge65,geo_cov_rur,2016,0.322
lka,sex_t,age_aggregate_yge65,geo_cov_rur,2017,0.822
lka,sex_t,age_aggregate_yge65,geo_cov_rur,2018,0.506
lka,sex_t,age_aggregate_yge65,geo_cov_rur,2019,0.356
lka,sex_t,age_aggregate_yge65,geo_cov_rur,2020,0.838
lka,sex_t,age_aggregate_yge65,geo_cov_rur,2021,0.45
lka,sex_t,age_aggregate_yge65,geo_cov_rur,2022,0.792
lka,sex_t,age_aggregate_yge65,geo_cov_rur,2023,0.582
lka,sex_t,age_aggregate_yge65,geo_cov_urb,2017,2.526
lka,sex_t,age_aggregate_yge65,geo_cov_urb,2019,2.196
lka,sex_t,age_aggregate_yge65,geo_cov_urb,2022,2.446
lka,sex_t,age_aggregate_yge65,geo_cov_urb,2023,1.751
lka,sex_t,age_ythadult_y15_24,geo_cov_nat,2010,19.752
lka,sex_t,age_ythadult_y15_24,geo_cov_nat,2011,17.508
lka,sex_t,age_ythadult_y15_24,geo_cov_nat,2013,19.72
lka,sex_t,age_ythadult_y15_24,geo_cov_nat,2014,20.627
lka,sex_t,age_ythadult_y15_24,geo_cov_nat,2015,21.034
lka,sex_t,age_ythadult_y15_24,geo_cov_nat,2016,27.032
lka,sex_t,age_ythadult_y15_24,geo_cov_nat,2017,24.068
lka,sex_t,age_ythadult_y15_24,geo_cov_nat,2018,27.267
lka,sex_t,age_ythadult_y15_24,geo_cov_nat,2019,26.632
lka,sex_t,age_ythadult_y15_24,geo_cov_nat,2020,32.896
lka,sex_t,age_ythadult_y15_24,geo_cov_nat,2021,33.273
lka,sex_t,age_ythadult_y15_24,geo_cov_nat,2022,27.523
lka,sex_t,age_ythadult_y15_24,geo_cov_nat,2023,29.646
lka,sex_t,age_ythadult_y15_24,geo_cov_rur,2010,19.739
lka,sex_t,age_ythadult_y15_24,geo_cov_rur,2011,17.538
lka,sex_t,age_ythadult_y15_24,geo_cov_rur,2013,20.054
lka,sex_t,age_ythadult_y15_24,geo_cov_rur,2014,21.249
lka,sex_t,age_ythadult_y15_24,geo_cov_rur,2015,21.927
lka,sex_t,age_ythadult_y15_24,geo_cov_rur,2016,28.386
lka,sex_t,age_ythadult_y15_24,geo_cov_rur,2017,24.861
lka,sex_t,age_ythadult_y15_24,geo_cov_rur,2018,28.479
lka,sex_t,age_ythadult_y15_24,geo_cov_rur,2019,27.459
lka,sex_t,age_ythadult_y15_24,geo_cov_rur,2020,34.013
lka,sex_t,age_ythadult_y15_24,geo_cov_rur,2021,34.362
lka,sex_t,age_ythadult_y15_24,geo_cov_rur,2022,28.059
lka,sex_t,age_ythadult_y15_24,geo_cov_rur,2023,31.064
lka,sex_t,age_ythadult_y15_24,geo_cov_urb,2010,19.848
lka,sex_t,age_ythadult_y15_24,geo_cov_urb,2011,17.302
lka,sex_t,age_ythadult_y15_24,geo_cov_urb,2013,17.811
lka,sex_t,age_ythadult_y15_24,geo_cov_urb,2014,17.696
lka,sex_t,age_ythadult_y15_24,geo_cov_urb,2015,16.546
lka,sex_t,age_ythadult_y15_24,geo_cov_urb,2016,20.339
lka,sex_t,age_ythadult_y15_24,geo_cov_urb,2017,20.099
lka,sex_t,age_ythadult_y15_24,geo_cov_urb,2018,21.521
lka,sex_t,age_ythadult_y15_24,geo_cov_urb,2019,22.497
lka,sex_t,age_ythadult_y15_24,geo_cov_urb,2020,26.75
lka,sex_t,age_ythadult_y15_24,geo_cov_urb,2021,26.882
lka,sex_t,age_ythadult_y15_24,geo_cov_urb,2022,24.174
lka,sex_t,age_ythadult_y15_24,geo_cov_urb,2023,22.456
lka,sex_t,age_ythadult_y15_64,geo_cov_nat,2010,5.253
lka,sex_t,age_ythadult_y15_64,geo_cov_nat,2014,4.591
lka,sex_t,age_ythadult_y15_64,geo_cov_nat,2015,5.019
lka,sex_t,age_ythadult_y15_64,geo_cov_nat,2016,6.122
lka,sex_t,age_ythadult_y15_64,geo_cov_nat,2017,6.237
lka,sex_t,age_ythadult_y15_64,geo_cov_nat,2018,6.467
lka,sex_t,age_ythadult_y15_64,geo_cov_nat,2019,6.732
lka,sex_t,age_ythadult_y15_64,geo_cov_nat,2020,8.085
lka,sex_t,age_ythadult_y15_64,geo_cov_nat,2021,7.523
lka,sex_t,age_ythadult_y15_64,geo_cov_nat,2022,6.595
lka,sex_t,age_ythadult_y15_64,geo_cov_nat,2023,7.13
lka,sex_t,age_ythadult_y15_64,geo_cov_rur,2010,5.262
lka,sex_t,age_ythadult_y15_64,geo_cov_rur,2014,4.587
lka,sex_t,age_ythadult_y15_64,geo_cov_rur,2016,6.315
lka,sex_t,age_ythadult_y15_64,geo_cov_rur,2017,6.283
lka,sex_t,age_ythadult_y15_64,geo_cov_rur,2018,6.597
lka,sex_t,age_ythadult_y15_64,geo_cov_rur,2019,6.785
lka,sex_t,age_ythadult_y15_64,geo_cov_rur,2020,8.194
lka,sex_t,age_ythadult_y15_64,geo_cov_rur,2021,7.644
lka,sex_t,age_ythadult_y15_64,geo_cov_rur,2022,6.734
lka,sex_t,age_ythadult_y15_64,geo_cov_rur,2023,7.29
lka,sex_t,age_ythadult_y15_64,geo_cov_urb,2014,4.616
lka,sex_t,age_ythadult_y15_64,geo_cov_urb,2015,4.896
lka,sex_t,age_ythadult_y15_64,geo_cov_urb,2017,6.004
lka,sex_t,age_ythadult_y15_64,geo_cov_urb,2018,5.828
lka,sex_t,age_ythadult_y15_64,geo_cov_urb,2019,6.468
lka,sex_t,age_ythadult_y15_64,geo_cov_urb,2020,7.513
lka,sex_t,age_ythadult_y15_64,geo_cov_urb,2021,6.895
lka,sex_t,age_ythadult_y15_64,geo_cov_urb,2022,5.874
lka,sex_t,age_ythadult_y15_64,geo_cov_urb,2023,6.316
lka,sex_t,age_ythadult_yge15,geo_cov_nat,2010,5.053
lka,sex_t,age_ythadult_yge15,geo_cov_nat,2011,4.342
lka,sex_t,age_ythadult_yge15,geo_cov_nat,2013,4.511
lka,sex_t,age_ythadult_yge15,geo_cov_nat,2014,4.382
lka,sex_t,age_ythadult_yge15,geo_cov_nat,2015,4.756
lka,sex_t,age_ythadult_yge15,geo_cov_nat,2016,5.779
lka,sex_t,age_ythadult_yge15,geo_cov_nat,2017,5.914
lka,sex_t,age_ythadult_yge15,geo_cov_nat,2018,6.099
lka,sex_t,age_ythadult_yge15,geo_cov_nat,2019,6.317
lka,sex_t,age_ythadult_yge15,geo_cov_nat,2020,7.589
lka,sex_t,age_ythadult_yge15,geo_cov_nat,2021,7.054
lka,sex_t,age_ythadult_yge15,geo_cov_nat,2022,6.196
lka,sex_t,age_ythadult_yge15,geo_cov_nat,2023,6.655
lka,sex_t,age_ythadult_yge15,geo_cov_rur,2010,5.056
lka,sex_t,age_ythadult_yge15,geo_cov_rur,2011,4.348
lka,sex_t,age_ythadult_yge15,geo_cov_rur,2013,4.564
lka,sex_t,age_ythadult_yge15,geo_cov_rur,2014,4.354
lka,sex_t,age_ythadult_yge15,geo_cov_rur,2015,4.77
lka,sex_t,age_ythadult_yge15,geo_cov_rur,2016,5.944
lka,sex_t,age_ythadult_yge15,geo_cov_rur,2017,5.935
lka,sex_t,age_ythadult_yge15,geo_cov_rur,2018,6.207
lka,sex_t,age_ythadult_yge15,geo_cov_rur,2019,6.333
lka,sex_t,age_ythadult_yge15,geo_cov_rur,2020,7.676
lka,sex_t,age_ythadult_yge15,geo_cov_rur,2021,7.141
lka,sex_t,age_ythadult_yge15,geo_cov_rur,2022,6.294
lka,sex_t,age_ythadult_yge15,geo_cov_rur,2023,6.774
lka,sex_t,age_ythadult_yge15,geo_cov_urb,2010,5.031
lka,sex_t,age_ythadult_yge15,geo_cov_urb,2011,4.301
lka,sex_t,age_ythadult_yge15,geo_cov_urb,2013,4.217
lka,sex_t,age_ythadult_yge15,geo_cov_urb,2014,4.536
lka,sex_t,age_ythadult_yge15,geo_cov_urb,2015,4.678
lka,sex_t,age_ythadult_yge15,geo_cov_urb,2016,4.884
lka,sex_t,age_ythadult_yge15,geo_cov_urb,2017,5.808
lka,sex_t,age_ythadult_yge15,geo_cov_urb,2018,5.561
lka,sex_t,age_ythadult_yge15,geo_cov_urb,2019,6.238
lka,sex_t,age_ythadult_yge15,geo_cov_urb,2020,7.127
lka,sex_t,age_ythadult_yge15,geo_cov_urb,2021,6.599
lka,sex_t,age_ythadult_yge15,geo_cov_urb,2022,5.673
lka,sex_t,age_ythadult_yge15,geo_cov_urb,2023,6.044
lka,sex_t,age_ythadult_yge25,geo_cov_nat,2010,2.728
lka,sex_t,age_ythadult_yge25,geo_cov_nat,2011,2.278
lka,sex_t,age_ythadult_yge25,geo_cov_nat,2013,2.309
lka,sex_t,age_ythadult_yge25,geo_cov_nat,2014,2.269
lka,sex_t,age_ythadult_yge25,geo_cov_nat,2015,2.6
lka,sex_t,age_ythadult_yge25,geo_cov_nat,2016,2.886
lka,sex_t,age_ythadult_yge25,geo_cov_nat,2017,3.434
lka,sex_t,age_ythadult_yge25,geo_cov_nat,2018,3.306
lka,sex_t,age_ythadult_yge25,geo_cov_nat,2019,3.683
lka,sex_t,age_ythadult_yge25,geo_cov_nat,2020,4.22
lka,sex_t,age_ythadult_yge25,geo_cov_nat,2021,3.891
lka,sex_t,age_ythadult_yge25,geo_cov_nat,2022,3.801
lka,sex_t,age_ythadult_yge25,geo_cov_nat,2023,4.088
lka,sex_t,age_ythadult_yge25,geo_cov_rur,2010,2.749
lka,sex_t,age_ythadult_yge25,geo_cov_rur,2011,2.294
lka,sex_t,age_ythadult_yge25,geo_cov_rur,2013,2.312
lka,sex_t,age_ythadult_yge25,geo_cov_rur,2014,2.214
lka,sex_t,age_ythadult_yge25,geo_cov_rur,2015,2.538
lka,sex_t,age_ythadult_yge25,geo_cov_rur,2016,2.94
lka,sex_t,age_ythadult_yge25,geo_cov_rur,2017,3.359
lka,sex_t,age_ythadult_yge25,geo_cov_rur,2018,3.294
lka,sex_t,age_ythadult_yge25,geo_cov_rur,2019,3.597
lka,sex_t,age_ythadult_yge25,geo_cov_rur,2020,4.144
lka,sex_t,age_ythadult_yge25,geo_cov_rur,2021,3.792
lka,sex_t,age_ythadult_yge25,geo_cov_rur,2022,3.784
lka,sex_t,age_ythadult_yge25,geo_cov_rur,2023,4.07
lka,sex_t,age_ythadult_yge25,geo_cov_urb,2010,2.566
lka,sex_t,age_ythadult_yge25,geo_cov_urb,2011,2.159
lka,sex_t,age_ythadult_yge25,geo_cov_urb,2013,2.298
lka,sex_t,age_ythadult_yge25,geo_cov_urb,2014,2.572
lka,sex_t,age_ythadult_yge25,geo_cov_urb,2015,2.951
lka,sex_t,age_ythadult_yge25,geo_cov_urb,2016,2.592
lka,sex_t,age_ythadult_yge25,geo_cov_urb,2017,3.821
lka,sex_t,age_ythadult_yge25,geo_cov_urb,2018,3.368
lka,sex_t,age_ythadult_yge25,geo_cov_urb,2019,4.113
lka,sex_t,age_ythadult_yge25,geo_cov_urb,2020,4.618
lka,sex_t,age_ythadult_yge25,geo_cov_urb,2021,4.402
lka,sex_t,age_ythadult_yge25,geo_cov_urb,2022,3.889
lka,sex_t,age_ythadult_yge25,geo_cov_urb,2023,4.181
lso,sex_f,age_aggregate_total,geo_cov_nat,2019,34.841
lso,sex_f,age_aggregate_total,geo_cov_nat,2024,34.979
lso,sex_f,age_aggregate_total,geo_cov_rur,2019,44.042
lso,sex_f,age_aggregate_total,geo_cov_rur,2024,36.635
lso,sex_f,age_aggregate_total,geo_cov_urb,2019,26.167
lso,sex_f,age_aggregate_total,geo_cov_urb,2024,32.975
lso,sex_f,age_aggregate_y15_24,geo_cov_nat,2019,58.684
lso,sex_f,age_aggregate_y15_24,geo_cov_nat,2024,61.236
lso,sex_f,age_aggregate_y15_24,geo_cov_rur,2019,67.273
lso,sex_f,age_aggregate_y15_24,geo_cov_rur,2024,61.05
lso,sex_f,age_aggregate_y15_24,geo_cov_urb,2019,48.628
lso,sex_f,age_aggregate_y15_24,geo_cov_urb,2024,61.53
lso,sex_f,age_aggregate_y25_54,geo_cov_nat,2019,31.905
lso,sex_f,age_aggregate_y25_54,geo_cov_nat,2024,33.238
lso,sex_f,age_aggregate_y25_54,geo_cov_rur,2019,42.232
lso,sex_f,age_aggregate_y25_54,geo_cov_rur,2024,36.182
lso,sex_f,age_aggregate_y25_54,geo_cov_urb,2019,23.259
lso,sex_f,age_aggregate_y25_54,geo_cov_urb,2024,30.19
lso,sex_f,age_aggregate_y55_64,geo_cov_nat,2019,21.39
lso,sex_f,age_aggregate_y55_64,geo_cov_nat,2024,17.56
lso,sex_f,age_aggregate_y55_64,geo_cov_rur,2019,27.02
lso,sex_f,age_aggregate_y55_64,geo_cov_rur,2024,17.587
lso,sex_f,age_aggregate_y55_64,geo_cov_urb,2019,14.737
lso,sex_f,age_aggregate_y55_64,geo_cov_urb,2024,17.521
lso,sex_f,age_aggregate_yge65,geo_cov_nat,2019,16.974
lso,sex_f,age_aggregate_yge65,geo_cov_nat,2024,11.512
lso,sex_f,age_aggregate_yge65,geo_cov_rur,2019,18.055
lso,sex_f,age_aggregate_yge65,geo_cov_rur,2024,9.618
lso,sex_f,age_aggregate_yge65,geo_cov_urb,2019,15.205
lso,sex_f,age_aggregate_yge65,geo_cov_urb,2024,15.303
lso,sex_f,age_ythadult_y15_24,geo_cov_nat,2019,58.684
lso,sex_f,age_ythadult_y15_24,geo_cov_nat,2024,61.236
lso,sex_f,age_ythadult_y15_24,geo_cov_rur,2019,67.273
lso,sex_f,age_ythadult_y15_24,geo_cov_rur,2024,61.05
lso,sex_f,age_ythadult_y15_24,geo_cov_urb,2019,48.628
lso,sex_f,age_ythadult_y15_24,geo_cov_urb,2024,61.53
lso,sex_f,age_ythadult_y15_64,geo_cov_nat,2019,35.659
lso,sex_f,age_ythadult_y15_64,geo_cov_nat,2024,36.913
lso,sex_f,age_ythadult_y15_64,geo_cov_rur,2019,45.583
lso,sex_f,age_ythadult_y15_64,geo_cov_rur,2024,39.396
lso,sex_f,age_ythadult_y15_64,geo_cov_urb,2019,26.533
lso,sex_f,age_ythadult_y15_64,geo_cov_urb,2024,34.025
lso,sex_f,age_ythadult_yge15,geo_cov_nat,2019,34.841
lso,sex_f,age_ythadult_yge15,geo_cov_nat,2024,34.979
lso,sex_f,age_ythadult_yge15,geo_cov_rur,2019,44.042
lso,sex_f,age_ythadult_yge15,geo_cov_rur,2024,36.635
lso,sex_f,age_ythadult_yge15,geo_cov_urb,2019,26.167
lso,sex_f,age_ythadult_yge15,geo_cov_urb,2024,32.975
lso,sex_f,age_ythadult_yge25,geo_cov_nat,2019,29.928
lso,sex_f,age_ythadult_yge25,geo_cov_nat,2024,29.277
lso,sex_f,age_ythadult_yge25,geo_cov_rur,2019,38.597
lso,sex_f,age_ythadult_yge25,geo_cov_rur,2024,30.549
lso,sex_f,age_ythadult_yge25,geo_cov_urb,2019,22.113
lso,sex_f,age_ythadult_yge25,geo_cov_urb,2024,27.822
lso,sex_m,age_aggregate_total,geo_cov_nat,2019,23.712
lso,sex_m,age_aggregate_total,geo_cov_nat,2024,23.441
lso,sex_m,age_aggregate_total,geo_cov_rur,2019,26.662
lso,sex_m,age_aggregate_total,geo_cov_rur,2024,23.537
lso,sex_m,age_aggregate_total,geo_cov_urb,2019,19.59
lso,sex_m,age_aggregate_total,geo_cov_urb,2024,23.281
lso,sex_m,age_aggregate_y15_24,geo_cov_nat,2019,30.165
lso,sex_m,age_aggregate_y15_24,geo_cov_nat,2024,35.117
lso,sex_m,age_aggregate_y15_24,geo_cov_rur,2019,27.935
lso,sex_m,age_aggregate_y15_24,geo_cov_rur,2024,30.483
lso,sex_m,age_aggregate_y15_24,geo_cov_urb,2019,35.692
lso,sex_m,age_aggregate_y15_24,geo_cov_urb,2024,47.638
lso,sex_m,age_aggregate_y25_54,geo_cov_nat,2019,23.155
lso,sex_m,age_aggregate_y25_54,geo_cov_nat,2024,22.012
lso,sex_m,age_aggregate_y25_54,geo_cov_rur,2019,28.167
lso,sex_m,age_aggregate_y25_54,geo_cov_rur,2024,23.791
lso,sex_m,age_aggregate_y25_54,geo_cov_urb,2019,17.421
lso,sex_m,age_aggregate_y25_54,geo_cov_urb,2024,19.481
lso,sex_m,age_aggregate_y55_64,geo_cov_nat,2019,17.76
lso,sex_m,age_aggregate_y55_64,geo_cov_nat,2024,15.124
lso,sex_m,age_aggregate_y55_64,geo_cov_rur,2019,20.556
lso,sex_m,age_aggregate_y55_64,geo_cov_rur,2024,14.51
lso,sex_m,age_aggregate_y55_64,geo_cov_urb,2019,13.701
lso,sex_m,age_aggregate_y55_64,geo_cov_urb,2024,16.174
lso,sex_m,age_aggregate_yge65,geo_cov_nat,2019,11.937
lso,sex_m,age_aggregate_yge65,geo_cov_nat,2024,9.564
lso,sex_m,age_aggregate_yge65,geo_cov_rur,2019,12.378
lso,sex_m,age_aggregate_yge65,geo_cov_rur,2024,7.695
lso,sex_m,age_aggregate_yge65,geo_cov_urb,2019,10.985
lso,sex_m,age_aggregate_yge65,geo_cov_urb,2024,13.615
lso,sex_m,age_ythadult_y15_24,geo_cov_nat,2019,30.165
lso,sex_m,age_ythadult_y15_24,geo_cov_nat,2024,35.117
lso,sex_m,age_ythadult_y15_24,geo_cov_rur,2019,27.935
lso,sex_m,age_ythadult_y15_24,geo_cov_rur,2024,30.483
lso,sex_m,age_ythadult_y15_24,geo_cov_urb,2019,35.692
lso,sex_m,age_ythadult_y15_24,geo_cov_urb,2024,47.638
lso,sex_m,age_ythadult_y15_64,geo_cov_nat,2019,24.302
lso,sex_m,age_ythadult_y15_64,geo_cov_nat,2024,24.323
lso,sex_m,age_ythadult_y15_64,geo_cov_rur,2019,27.508
lso,sex_m,age_ythadult_y15_64,geo_cov_rur,2024,24.64
lso,sex_m,age_ythadult_y15_64,geo_cov_urb,2019,19.913
lso,sex_m,age_ythadult_y15_64,geo_cov_urb,2024,23.796
lso,sex_m,age_ythadult_yge15,geo_cov_nat,2019,23.712
lso,sex_m,age_ythadult_yge15,geo_cov_nat,2024,23.441
lso,sex_m,age_ythadult_yge15,geo_cov_rur,2019,26.662
lso,sex_m,age_ythadult_yge15,geo_cov_rur,2024,23.537
lso,sex_m,age_ythadult_yge15,geo_cov_urb,2019,19.59
lso,sex_m,age_ythadult_yge15,geo_cov_urb,2024,23.281
lso,sex_m,age_ythadult_yge25,geo_cov_nat,2019,21.979
lso,sex_m,age_ythadult_yge25,geo_cov_nat,2024,20.233
lso,sex_m,age_ythadult_yge25,geo_cov_rur,2019,26.217
lso,sex_m,age_ythadult_yge25,geo_cov_rur,2024,21.214
lso,sex_m,age_ythadult_yge25,geo_cov_urb,2019,16.838
lso,sex_m,age_ythadult_yge25,geo_cov_urb,2024,18.761
lso,sex_t,age_aggregate_total,geo_cov_nat,2019,28.93
lso,sex_t,age_aggregate_total,geo_cov_nat,2024,28.968
lso,sex_t,age_aggregate_total,geo_cov_rur,2019,34.024
lso,sex_t,age_aggregate_total,geo_cov_rur,2024,29.365
lso,sex_t,age_aggregate_total,geo_cov_urb,2019,23.019
lso,sex_t,age_aggregate_total,geo_cov_urb,2024,28.398
lso,sex_t,age_aggregate_y15_24,geo_cov_nat,2019,42.028
lso,sex_t,age_aggregate_y15_24,geo_cov_nat,2024,46.403
lso,sex_t,age_aggregate_y15_24,geo_cov_rur,2019,41.713
lso,sex_t,age_aggregate_y15_24,geo_cov_rur,2024,42.393
lso,sex_t,age_aggregate_y15_24,geo_cov_urb,2019,42.587
lso,sex_t,age_aggregate_y15_24,geo_cov_urb,2024,54.889
lso,sex_t,age_aggregate_y25_54,geo_cov_nat,2019,27.334
lso,sex_t,age_aggregate_y25_54,geo_cov_nat,2024,27.447
lso,sex_t,age_aggregate_y25_54,geo_cov_rur,2019,34.333
lso,sex_t,age_aggregate_y25_54,geo_cov_rur,2024,29.348
lso,sex_t,age_aggregate_y25_54,geo_cov_urb,2019,20.434
lso,sex_t,age_aggregate_y25_54,geo_cov_urb,2024,25.131
lso,sex_t,age_aggregate_y55_64,geo_cov_nat,2019,19.692
lso,sex_t,age_aggregate_y55_64,geo_cov_nat,2024,16.337
lso,sex_t,age_aggregate_y55_64,geo_cov_rur,2019,23.853
lso,sex_t,age_aggregate_y55_64,geo_cov_rur,2024,15.99
lso,sex_t,age_aggregate_y55_64,geo_cov_urb,2019,14.282
lso,sex_t,age_aggregate_y55_64,geo_cov_urb,2024,16.88
lso,sex_t,age_aggregate_yge65,geo_cov_nat,2019,14.191
lso,sex_t,age_aggregate_yge65,geo_cov_nat,2024,10.615
lso,sex_t,age_aggregate_yge65,geo_cov_rur,2019,14.785
lso,sex_t,age_aggregate_yge65,geo_cov_rur,2024,8.72
lso,sex_t,age_aggregate_yge65,geo_cov_urb,2019,13.063
lso,sex_t,age_aggregate_yge65,geo_cov_urb,2024,14.549
lso,sex_t,age_ythadult_y15_24,geo_cov_nat,2019,42.028
lso,sex_t,age_ythadult_y15_24,geo_cov_nat,2024,46.403
lso,sex_t,age_ythadult_y15_24,geo_cov_rur,2019,41.713
lso,sex_t,age_ythadult_y15_24,geo_cov_rur,2024,42.393
lso,sex_t,age_ythadult_y15_24,geo_cov_urb,2019,42.587
lso,sex_t,age_ythadult_y15_24,geo_cov_urb,2024,54.889
lso,sex_t,age_ythadult_y15_64,geo_cov_nat,2019,29.638
lso,sex_t,age_ythadult_y15_64,geo_cov_nat,2024,30.298
lso,sex_t,age_ythadult_y15_64,geo_cov_rur,2019,35.164
lso,sex_t,age_ythadult_y15_64,geo_cov_rur,2024,31.096
lso,sex_t,age_ythadult_y15_64,geo_cov_urb,2019,23.371
lso,sex_t,age_ythadult_y15_64,geo_cov_urb,2024,29.181
lso,sex_t,age_ythadult_yge15,geo_cov_nat,2019,28.93
lso,sex_t,age_ythadult_yge15,geo_cov_nat,2024,28.968
lso,sex_t,age_ythadult_yge15,geo_cov_rur,2019,34.024
lso,sex_t,age_ythadult_yge15,geo_cov_rur,2024,29.365
lso,sex_t,age_ythadult_yge15,geo_cov_urb,2019,23.019
lso,sex_t,age_ythadult_yge15,geo_cov_urb,2024,28.398
lso,sex_t,age_ythadult_yge25,geo_cov_nat,2019,25.806
lso,sex_t,age_ythadult_yge25,geo_cov_nat,2024,24.669
lso,sex_t,age_ythadult_yge25,geo_cov_rur,2019,31.732
lso,sex_t,age_ythadult_yge25,geo_cov_rur,2024,25.52
lso,sex_t,age_ythadult_yge25,geo_cov_urb,2019,19.578
lso,sex_t,age_ythadult_yge25,geo_cov_urb,2024,23.553
ltu,sex_f,age_aggregate_total,geo_cov_nat,2001,17.079
ltu,sex_f,age_aggregate_total,geo_cov_nat,2002,15.786
ltu,sex_f,age_aggregate_total,geo_cov_nat,2003,15.241
ltu,sex_f,age_aggregate_total,geo_cov_nat,2004,13.332
ltu,sex_f,age_aggregate_total,geo_cov_nat,2005,10.581
ltu,sex_f,age_aggregate_total,geo_cov_nat,2006,7.941
ltu,sex_f,age_aggregate_total,geo_cov_nat,2007,7.425
ltu,sex_f,age_aggregate_total,geo_cov_nat,2008,9.492
ltu,sex_f,age_aggregate_total,geo_cov_nat,2009,12.791
ltu,sex_f,age_aggregate_total,geo_cov_nat,2010,16.34
ltu,sex_f,age_aggregate_total,geo_cov_nat,2011,14.26
ltu,sex_f,age_aggregate_total,geo_cov_nat,2012,12.737
ltu,sex_f,age_aggregate_total,geo_cov_nat,2013,11.843
ltu,sex_f,age_aggregate_total,geo_cov_nat,2014,10.306
ltu,sex_f,age_aggregate_total,geo_cov_nat,2015,9.372
ltu,sex_f,age_aggregate_total,geo_cov_nat,2016,8.135
ltu,sex_f,age_aggregate_total,geo_cov_nat,2017,7.142
ltu,sex_f,age_aggregate_total,geo_cov_nat,2018,6.882
ltu,sex_f,age_aggregate_total,geo_cov_nat,2019,6.704
ltu,sex_f,age_aggregate_total,geo_cov_nat,2020,9.347
ltu,sex_f,age_aggregate_total,geo_cov_nat,2021,8.38
ltu,sex_f,age_aggregate_total,geo_cov_nat,2022,7.242
ltu,sex_f,age_aggregate_total,geo_cov_nat,2023,8.331
ltu,sex_f,age_aggregate_total,geo_cov_nat,2024,8.246
ltu,sex_f,age_aggregate_total,geo_cov_rur,2001,15.752
ltu,sex_f,age_aggregate_total,geo_cov_rur,2002,15.213
ltu,sex_f,age_aggregate_total,geo_cov_rur,2003,14.166
ltu,sex_f,age_aggregate_total,geo_cov_rur,2004,13.746
ltu,sex_f,age_aggregate_total,geo_cov_rur,2005,11.066
ltu,sex_f,age_aggregate_total,geo_cov_rur,2006,9.465
ltu,sex_f,age_aggregate_total,geo_cov_rur,2007,7.717
ltu,sex_f,age_aggregate_total,geo_cov_rur,2008,10.992
ltu,sex_f,age_aggregate_total,geo_cov_rur,2009,14.521
ltu,sex_f,age_aggregate_total,geo_cov_rur,2010,19.333
ltu,sex_f,age_aggregate_total,geo_cov_rur,2011,17.366
ltu,sex_f,age_aggregate_total,geo_cov_rur,2012,16.002
ltu,sex_f,age_aggregate_total,geo_cov_rur,2013,14.87
ltu,sex_f,age_aggregate_total,geo_cov_rur,2014,13.887
ltu,sex_f,age_aggregate_total,geo_cov_rur,2015,13.02
ltu,sex_f,age_aggregate_total,geo_cov_rur,2016,10.721
ltu,sex_f,age_aggregate_total,geo_cov_rur,2017,11.02
ltu,sex_f,age_aggregate_total,geo_cov_rur,2018,10.027
ltu,sex_f,age_aggregate_total,geo_cov_rur,2019,7.867
ltu,sex_f,age_aggregate_total,geo_cov_rur,2020,11.71
ltu,sex_f,age_aggregate_total,geo_cov_rur,2021,10.138
ltu,sex_f,age_aggregate_total,geo_cov_rur,2022,9.339
ltu,sex_f,age_aggregate_total,geo_cov_rur,2023,10.722
ltu,sex_f,age_aggregate_total,geo_cov_rur,2024,10.442
ltu,sex_f,age_aggregate_total,geo_cov_urb,2001,18.593
ltu,sex_f,age_aggregate_total,geo_cov_urb,2002,16.443
ltu,sex_f,age_aggregate_total,geo_cov_urb,2003,16.523
ltu,sex_f,age_aggregate_total,geo_cov_urb,2004,12.857
ltu,sex_f,age_aggregate_total,geo_cov_urb,2005,10.038
ltu,sex_f,age_aggregate_total,geo_cov_urb,2006,6.272
ltu,sex_f,age_aggregate_total,geo_cov_urb,2007,7.104
ltu,sex_f,age_aggregate_total,geo_cov_urb,2008,7.902
ltu,sex_f,age_aggregate_total,geo_cov_urb,2009,10.982
ltu,sex_f,age_aggregate_total,geo_cov_urb,2010,13.262
ltu,sex_f,age_aggregate_total,geo_cov_urb,2011,10.965
ltu,sex_f,age_aggregate_total,geo_cov_urb,2012,10.377
ltu,sex_f,age_aggregate_total,geo_cov_urb,2013,9.67
ltu,sex_f,age_aggregate_total,geo_cov_urb,2014,7.677
ltu,sex_f,age_aggregate_total,geo_cov_urb,2015,6.5
ltu,sex_f,age_aggregate_total,geo_cov_urb,2016,6.087
ltu,sex_f,age_aggregate_total,geo_cov_urb,2017,5.345
ltu,sex_f,age_aggregate_total,geo_cov_urb,2018,5.461
ltu,sex_f,age_aggregate_total,geo_cov_urb,2019,5.972
ltu,sex_f,age_aggregate_total,geo_cov_urb,2020,7.905
ltu,sex_f,age_aggregate_total,geo_cov_urb,2021,7.334
ltu,sex_f,age_aggregate_total,geo_cov_urb,2022,5.947
ltu,sex_f,age_aggregate_total,geo_cov_urb,2023,6.942
ltu,sex_f,age_aggregate_total,geo_cov_urb,2024,6.967
ltu,sex_f,age_aggregate_y15_24,geo_cov_nat,2001,34.181
ltu,sex_f,age_aggregate_y15_24,geo_cov_nat,2002,28.43
ltu,sex_f,age_aggregate_y15_24,geo_cov_nat,2003,39.035
ltu,sex_f,age_aggregate_y15_24,geo_cov_nat,2004,23.082
ltu,sex_f,age_aggregate_y15_24,geo_cov_nat,2005,20.225
ltu,sex_f,age_aggregate_y15_24,geo_cov_nat,2006,15.041
ltu,sex_f,age_aggregate_y15_24,geo_cov_nat,2007,16.935
ltu,sex_f,age_aggregate_y15_24,geo_cov_nat,2008,23.378
ltu,sex_f,age_aggregate_y15_24,geo_cov_nat,2009,27.177
ltu,sex_f,age_aggregate_y15_24,geo_cov_nat,2010,35.151
ltu,sex_f,age_aggregate_y15_24,geo_cov_nat,2011,32.823
ltu,sex_f,age_aggregate_y15_24,geo_cov_nat,2012,25.463
ltu,sex_f,age_aggregate_y15_24,geo_cov_nat,2013,24.29
ltu,sex_f,age_aggregate_y15_24,geo_cov_nat,2014,20.65
ltu,sex_f,age_aggregate_y15_24,geo_cov_nat,2015,19.491
ltu,sex_f,age_aggregate_y15_24,geo_cov_nat,2016,15.127
ltu,sex_f,age_aggregate_y15_24,geo_cov_nat,2017,15.216
ltu,sex_f,age_aggregate_y15_24,geo_cov_nat,2018,12.028
ltu,sex_f,age_aggregate_y15_24,geo_cov_nat,2019,10.688
ltu,sex_f,age_aggregate_y15_24,geo_cov_nat,2020,20.245
ltu,sex_f,age_aggregate_y15_24,geo_cov_nat,2021,17.091
ltu,sex_f,age_aggregate_y15_24,geo_cov_nat,2022,12.257
ltu,sex_f,age_aggregate_y15_24,geo_cov_nat,2023,14.076
ltu,sex_f,age_aggregate_y15_24,geo_cov_nat,2024,19.659
ltu,sex_f,age_aggregate_y15_24,geo_cov_rur,2001,36.181
ltu,sex_f,age_aggregate_y15_24,geo_cov_rur,2002,22.036
ltu,sex_f,age_aggregate_y15_24,geo_cov_rur,2003,39.675
ltu,sex_f,age_aggregate_y15_24,geo_cov_rur,2004,23.889
ltu,sex_f,age_aggregate_y15_24,geo_cov_rur,2005,21.629
ltu,sex_f,age_aggregate_y15_24,geo_cov_rur,2006,14.903
ltu,sex_f,age_aggregate_y15_24,geo_cov_rur,2007,15.264
ltu,sex_f,age_aggregate_y15_24,geo_cov_rur,2008,24.4
ltu,sex_f,age_aggregate_y15_24,geo_cov_rur,2009,27.099
ltu,sex_f,age_aggregate_y15_24,geo_cov_rur,2010,41.666
ltu,sex_f,age_aggregate_y15_24,geo_cov_rur,2011,41.195
ltu,sex_f,age_aggregate_y15_24,geo_cov_rur,2012,31.378
ltu,sex_f,age_aggregate_y15_24,geo_cov_rur,2013,31.554
ltu,sex_f,age_aggregate_y15_24,geo_cov_rur,2014,28.06
ltu,sex_f,age_aggregate_y15_24,geo_cov_rur,2015,24.279
ltu,sex_f,age_aggregate_y15_24,geo_cov_rur,2016,18.762
ltu,sex_f,age_aggregate_y15_24,geo_cov_rur,2017,21.814
ltu,sex_f,age_aggregate_y15_24,geo_cov_rur,2018,13.846
ltu,sex_f,age_aggregate_y15_24,geo_cov_rur,2019,12.972
ltu,sex_f,age_aggregate_y15_24,geo_cov_rur,2020,24.743
ltu,sex_f,age_aggregate_y15_24,geo_cov_rur,2021,17.151
ltu,sex_f,age_aggregate_y15_24,geo_cov_rur,2022,13.665
ltu,sex_f,age_aggregate_y15_24,geo_cov_rur,2023,13.561
ltu,sex_f,age_aggregate_y15_24,geo_cov_rur,2024,21.78
ltu,sex_f,age_aggregate_y15_24,geo_cov_urb,2001,32.259
ltu,sex_f,age_aggregate_y15_24,geo_cov_urb,2002,35.052
ltu,sex_f,age_aggregate_y15_24,geo_cov_urb,2003,38.3
ltu,sex_f,age_aggregate_y15_24,geo_cov_urb,2004,22.32
ltu,sex_f,age_aggregate_y15_24,geo_cov_urb,2005,18.761
ltu,sex_f,age_aggregate_y15_24,geo_cov_urb,2006,15.214
ltu,sex_f,age_aggregate_y15_24,geo_cov_urb,2007,18.933
ltu,sex_f,age_aggregate_y15_24,geo_cov_urb,2008,22.368
ltu,sex_f,age_aggregate_y15_24,geo_cov_urb,2009,27.256
ltu,sex_f,age_aggregate_y15_24,geo_cov_urb,2010,28.22
ltu,sex_f,age_aggregate_y15_24,geo_cov_urb,2011,24.872
ltu,sex_f,age_aggregate_y15_24,geo_cov_urb,2012,20.981
ltu,sex_f,age_aggregate_y15_24,geo_cov_urb,2013,19.365
ltu,sex_f,age_aggregate_y15_24,geo_cov_urb,2014,15.338
ltu,sex_f,age_aggregate_y15_24,geo_cov_urb,2015,15.171
ltu,sex_f,age_aggregate_y15_24,geo_cov_urb,2016,11.792
ltu,sex_f,age_aggregate_y15_24,geo_cov_urb,2017,11.127
ltu,sex_f,age_aggregate_y15_24,geo_cov_urb,2018,10.997
ltu,sex_f,age_aggregate_y15_24,geo_cov_urb,2019,9.217
ltu,sex_f,age_aggregate_y15_24,geo_cov_urb,2020,16.952
ltu,sex_f,age_aggregate_y15_24,geo_cov_urb,2021,17.056
ltu,sex_f,age_aggregate_y15_24,geo_cov_urb,2022,11.299
ltu,sex_f,age_aggregate_y15_24,geo_cov_urb,2023,14.385
ltu,sex_f,age_aggregate_y15_24,geo_cov_urb,2024,18.505
ltu,sex_f,age_aggregate_y25_54,geo_cov_nat,2001,15.576
ltu,sex_f,age_aggregate_y25_54,geo_cov_nat,2002,14.611
ltu,sex_f,age_aggregate_y25_54,geo_cov_nat,2003,11.99
ltu,sex_f,age_aggregate_y25_54,geo_cov_nat,2004,12.177
ltu,sex_f,age_aggregate_y25_54,geo_cov_nat,2005,9.868
ltu,sex_f,age_aggregate_y25_54,geo_cov_nat,2006,7.402
ltu,sex_f,age_aggregate_y25_54,geo_cov_nat,2007,6.561
ltu,sex_f,age_aggregate_y25_54,geo_cov_nat,2008,8.066
ltu,sex_f,age_aggregate_y25_54,geo_cov_nat,2009,11.665
ltu,sex_f,age_aggregate_y25_54,geo_cov_nat,2010,15.016
ltu,sex_f,age_aggregate_y25_54,geo_cov_nat,2011,13.269
ltu,sex_f,age_aggregate_y25_54,geo_cov_nat,2012,11.992
ltu,sex_f,age_aggregate_y25_54,geo_cov_nat,2013,11.194
ltu,sex_f,age_aggregate_y25_54,geo_cov_nat,2014,9.668
ltu,sex_f,age_aggregate_y25_54,geo_cov_nat,2015,8.759
ltu,sex_f,age_aggregate_y25_54,geo_cov_nat,2016,7.734
ltu,sex_f,age_aggregate_y25_54,geo_cov_nat,2017,6.363
ltu,sex_f,age_aggregate_y25_54,geo_cov_nat,2018,6.012
ltu,sex_f,age_aggregate_y25_54,geo_cov_nat,2019,6.064
ltu,sex_f,age_aggregate_y25_54,geo_cov_nat,2020,8.338
ltu,sex_f,age_aggregate_y25_54,geo_cov_nat,2021,7.484
ltu,sex_f,age_aggregate_y25_54,geo_cov_nat,2022,6.382
ltu,sex_f,age_aggregate_y25_54,geo_cov_nat,2023,7.523
ltu,sex_f,age_aggregate_y25_54,geo_cov_nat,2024,7.089
ltu,sex_f,age_aggregate_y25_54,geo_cov_rur,2001,14.928
ltu,sex_f,age_aggregate_y25_54,geo_cov_rur,2002,14.934
ltu,sex_f,age_aggregate_y25_54,geo_cov_rur,2003,11.741
ltu,sex_f,age_aggregate_y25_54,geo_cov_rur,2004,13.43
ltu,sex_f,age_aggregate_y25_54,geo_cov_rur,2005,10.746
ltu,sex_f,age_aggregate_y25_54,geo_cov_rur,2006,9.342
ltu,sex_f,age_aggregate_y25_54,geo_cov_rur,2007,7.23
ltu,sex_f,age_aggregate_y25_54,geo_cov_rur,2008,9.574
ltu,sex_f,age_aggregate_y25_54,geo_cov_rur,2009,13.768
ltu,sex_f,age_aggregate_y25_54,geo_cov_rur,2010,17.892
ltu,sex_f,age_aggregate_y25_54,geo_cov_rur,2011,16.046
ltu,sex_f,age_aggregate_y25_54,geo_cov_rur,2012,15.332
ltu,sex_f,age_aggregate_y25_54,geo_cov_rur,2013,14.107
ltu,sex_f,age_aggregate_y25_54,geo_cov_rur,2014,13.05
ltu,sex_f,age_aggregate_y25_54,geo_cov_rur,2015,12.194
ltu,sex_f,age_aggregate_y25_54,geo_cov_rur,2016,10.199
ltu,sex_f,age_aggregate_y25_54,geo_cov_rur,2017,9.589
ltu,sex_f,age_aggregate_y25_54,geo_cov_rur,2018,8.948
ltu,sex_f,age_aggregate_y25_54,geo_cov_rur,2019,7.412
ltu,sex_f,age_aggregate_y25_54,geo_cov_rur,2020,11.009
ltu,sex_f,age_aggregate_y25_54,geo_cov_rur,2021,9.265
ltu,sex_f,age_aggregate_y25_54,geo_cov_rur,2022,8.481
ltu,sex_f,age_aggregate_y25_54,geo_cov_rur,2023,9.879
ltu,sex_f,age_aggregate_y25_54,geo_cov_rur,2024,8.714
ltu,sex_f,age_aggregate_y25_54,geo_cov_urb,2001,16.335
ltu,sex_f,age_aggregate_y25_54,geo_cov_urb,2002,14.232
ltu,sex_f,age_aggregate_y25_54,geo_cov_urb,2003,12.291
ltu,sex_f,age_aggregate_y25_54,geo_cov_urb,2004,10.745
ltu,sex_f,age_aggregate_y25_54,geo_cov_urb,2005,8.875
ltu,sex_f,age_aggregate_y25_54,geo_cov_urb,2006,5.287
ltu,sex_f,age_aggregate_y25_54,geo_cov_urb,2007,5.825
ltu,sex_f,age_aggregate_y25_54,geo_cov_urb,2008,6.413
ltu,sex_f,age_aggregate_y25_54,geo_cov_urb,2009,9.381
ltu,sex_f,age_aggregate_y25_54,geo_cov_urb,2010,11.995
ltu,sex_f,age_aggregate_y25_54,geo_cov_urb,2011,10.238
ltu,sex_f,age_aggregate_y25_54,geo_cov_urb,2012,9.543
ltu,sex_f,age_aggregate_y25_54,geo_cov_urb,2013,9.044
ltu,sex_f,age_aggregate_y25_54,geo_cov_urb,2014,7.163
ltu,sex_f,age_aggregate_y25_54,geo_cov_urb,2015,6.075
ltu,sex_f,age_aggregate_y25_54,geo_cov_urb,2016,5.851
ltu,sex_f,age_aggregate_y25_54,geo_cov_urb,2017,4.896
ltu,sex_f,age_aggregate_y25_54,geo_cov_urb,2018,4.705
ltu,sex_f,age_aggregate_y25_54,geo_cov_urb,2019,5.252
ltu,sex_f,age_aggregate_y25_54,geo_cov_urb,2020,6.777
ltu,sex_f,age_aggregate_y25_54,geo_cov_urb,2021,6.487
ltu,sex_f,age_aggregate_y25_54,geo_cov_urb,2022,5.177
ltu,sex_f,age_aggregate_y25_54,geo_cov_urb,2023,6.236
ltu,sex_f,age_aggregate_y25_54,geo_cov_urb,2024,6.181
ltu,sex_f,age_aggregate_y55_64,geo_cov_nat,2001,16.194
ltu,sex_f,age_aggregate_y55_64,geo_cov_nat,2002,13.922
ltu,sex_f,age_aggregate_y55_64,geo_cov_nat,2003,17.91
ltu,sex_f,age_aggregate_y55_64,geo_cov_nat,2004,16.314
ltu,sex_f,age_aggregate_y55_64,geo_cov_nat,2005,10.429
ltu,sex_f,age_aggregate_y55_64,geo_cov_nat,2006,7.187
ltu,sex_f,age_aggregate_y55_64,geo_cov_nat,2007,7.319
ltu,sex_f,age_aggregate_y55_64,geo_cov_nat,2008,8.841
ltu,sex_f,age_aggregate_y55_64,geo_cov_nat,2009,11.605
ltu,sex_f,age_aggregate_y55_64,geo_cov_nat,2010,14.471
ltu,sex_f,age_aggregate_y55_64,geo_cov_nat,2011,12.223
ltu,sex_f,age_aggregate_y55_64,geo_cov_nat,2012,12.034
ltu,sex_f,age_aggregate_y55_64,geo_cov_nat,2013,10.063
ltu,sex_f,age_aggregate_y55_64,geo_cov_nat,2014,9.391
ltu,sex_f,age_aggregate_y55_64,geo_cov_nat,2015,8.56
ltu,sex_f,age_aggregate_y55_64,geo_cov_nat,2016,7.938
ltu,sex_f,age_aggregate_y55_64,geo_cov_nat,2017,7.736
ltu,sex_f,age_aggregate_y55_64,geo_cov_nat,2018,8.626
ltu,sex_f,age_aggregate_y55_64,geo_cov_nat,2019,8.153
ltu,sex_f,age_aggregate_y55_64,geo_cov_nat,2020,10.522
ltu,sex_f,age_aggregate_y55_64,geo_cov_nat,2021,9.588
ltu,sex_f,age_aggregate_y55_64,geo_cov_nat,2022,9.233
ltu,sex_f,age_aggregate_y55_64,geo_cov_nat,2023,9.915
ltu,sex_f,age_aggregate_y55_64,geo_cov_nat,2024,9.82
ltu,sex_f,age_aggregate_y55_64,geo_cov_rur,2001,7.098
ltu,sex_f,age_aggregate_y55_64,geo_cov_rur,2002,10.988
ltu,sex_f,age_aggregate_y55_64,geo_cov_rur,2003,10.036
ltu,sex_f,age_aggregate_y55_64,geo_cov_rur,2004,12.321
ltu,sex_f,age_aggregate_y55_64,geo_cov_rur,2005,7.67
ltu,sex_f,age_aggregate_y55_64,geo_cov_rur,2006,7.325
ltu,sex_f,age_aggregate_y55_64,geo_cov_rur,2007,6.99
ltu,sex_f,age_aggregate_y55_64,geo_cov_rur,2008,10.878
ltu,sex_f,age_aggregate_y55_64,geo_cov_rur,2009,12.5
ltu,sex_f,age_aggregate_y55_64,geo_cov_rur,2010,16.099
ltu,sex_f,age_aggregate_y55_64,geo_cov_rur,2011,15.299
ltu,sex_f,age_aggregate_y55_64,geo_cov_rur,2012,13.582
ltu,sex_f,age_aggregate_y55_64,geo_cov_rur,2013,11.781
ltu,sex_f,age_aggregate_y55_64,geo_cov_rur,2014,12.322
ltu,sex_f,age_aggregate_y55_64,geo_cov_rur,2015,12.435
ltu,sex_f,age_aggregate_y55_64,geo_cov_rur,2016,10.71
ltu,sex_f,age_aggregate_y55_64,geo_cov_rur,2017,12.848
ltu,sex_f,age_aggregate_y55_64,geo_cov_rur,2018,12.822
ltu,sex_f,age_aggregate_y55_64,geo_cov_rur,2019,8.25
ltu,sex_f,age_aggregate_y55_64,geo_cov_rur,2020,11.414
ltu,sex_f,age_aggregate_y55_64,geo_cov_rur,2021,11.717
ltu,sex_f,age_aggregate_y55_64,geo_cov_rur,2022,11.04
ltu,sex_f,age_aggregate_y55_64,geo_cov_rur,2023,12.769
ltu,sex_f,age_aggregate_y55_64,geo_cov_rur,2024,13.383
ltu,sex_f,age_aggregate_y55_64,geo_cov_urb,2001,25.859
ltu,sex_f,age_aggregate_y55_64,geo_cov_urb,2002,16.997
ltu,sex_f,age_aggregate_y55_64,geo_cov_urb,2003,25.974
ltu,sex_f,age_aggregate_y55_64,geo_cov_urb,2004,21.628
ltu,sex_f,age_aggregate_y55_64,geo_cov_urb,2005,13.576
ltu,sex_f,age_aggregate_y55_64,geo_cov_urb,2006,7.031
ltu,sex_f,age_aggregate_y55_64,geo_cov_urb,2007,7.681
ltu,sex_f,age_aggregate_y55_64,geo_cov_urb,2008,6.913
ltu,sex_f,age_aggregate_y55_64,geo_cov_urb,2009,10.774
ltu,sex_f,age_aggregate_y55_64,geo_cov_urb,2010,12.958
ltu,sex_f,age_aggregate_y55_64,geo_cov_urb,2011,9.146
ltu,sex_f,age_aggregate_y55_64,geo_cov_urb,2012,10.982
ltu,sex_f,age_aggregate_y55_64,geo_cov_urb,2013,8.912
ltu,sex_f,age_aggregate_y55_64,geo_cov_urb,2014,7.194
ltu,sex_f,age_aggregate_y55_64,geo_cov_urb,2015,5.487
ltu,sex_f,age_aggregate_y55_64,geo_cov_urb,2016,5.526
ltu,sex_f,age_aggregate_y55_64,geo_cov_urb,2017,5.408
ltu,sex_f,age_aggregate_y55_64,geo_cov_urb,2018,6.696
ltu,sex_f,age_aggregate_y55_64,geo_cov_urb,2019,8.084
ltu,sex_f,age_aggregate_y55_64,geo_cov_urb,2020,9.93
ltu,sex_f,age_aggregate_y55_64,geo_cov_urb,2021,8.048
ltu,sex_f,age_aggregate_y55_64,geo_cov_urb,2022,7.857
ltu,sex_f,age_aggregate_y55_64,geo_cov_urb,2023,7.924
ltu,sex_f,age_aggregate_y55_64,geo_cov_urb,2024,7.343
ltu,sex_f,age_aggregate_yge65,geo_cov_nat,2003,15.664
ltu,sex_f,age_aggregate_yge65,geo_cov_nat,2005,5.473
ltu,sex_f,age_aggregate_yge65,geo_cov_nat,2006,6.34
ltu,sex_f,age_aggregate_yge65,geo_cov_nat,2007,6.626
ltu,sex_f,age_aggregate_yge65,geo_cov_nat,2008,8.754
ltu,sex_f,age_aggregate_yge65,geo_cov_nat,2009,4.598
ltu,sex_f,age_aggregate_yge65,geo_cov_nat,2010,4.605
ltu,sex_f,age_aggregate_yge65,geo_cov_nat,2011,1.444
ltu,sex_f,age_aggregate_yge65,geo_cov_nat,2012,1.494
ltu,sex_f,age_aggregate_yge65,geo_cov_nat,2013,3.092
ltu,sex_f,age_aggregate_yge65,geo_cov_nat,2014,2.787
ltu,sex_f,age_aggregate_yge65,geo_cov_nat,2015,1.562
ltu,sex_f,age_aggregate_yge65,geo_cov_nat,2016,2.062
ltu,sex_f,age_aggregate_yge65,geo_cov_nat,2017,2.502
ltu,sex_f,age_aggregate_yge65,geo_cov_nat,2018,2.695
ltu,sex_f,age_aggregate_yge65,geo_cov_nat,2019,2.473
ltu,sex_f,age_aggregate_yge65,geo_cov_nat,2020,2.078
ltu,sex_f,age_aggregate_yge65,geo_cov_nat,2021,2.868
ltu,sex_f,age_aggregate_yge65,geo_cov_nat,2022,2.838
ltu,sex_f,age_aggregate_yge65,geo_cov_nat,2023,4.477
ltu,sex_f,age_aggregate_yge65,geo_cov_nat,2024,2.739
ltu,sex_f,age_aggregate_yge65,geo_cov_rur,2003,13.233
ltu,sex_f,age_aggregate_yge65,geo_cov_rur,2005,8.124
ltu,sex_f,age_aggregate_yge65,geo_cov_rur,2008,11.491
ltu,sex_f,age_aggregate_yge65,geo_cov_rur,2019,3.956
ltu,sex_f,age_aggregate_yge65,geo_cov_rur,2020,1.24
ltu,sex_f,age_aggregate_yge65,geo_cov_rur,2021,2.855
ltu,sex_f,age_aggregate_yge65,geo_cov_rur,2022,4.768
ltu,sex_f,age_aggregate_yge65,geo_cov_rur,2023,7.009
ltu,sex_f,age_aggregate_yge65,geo_cov_rur,2024,4.09
ltu,sex_f,age_aggregate_yge65,geo_cov_urb,2003,20.192
ltu,sex_f,age_aggregate_yge65,geo_cov_urb,2006,8.588
ltu,sex_f,age_aggregate_yge65,geo_cov_urb,2007,11.441
ltu,sex_f,age_aggregate_yge65,geo_cov_urb,2008,6.544
ltu,sex_f,age_aggregate_yge65,geo_cov_urb,2009,6.074
ltu,sex_f,age_aggregate_yge65,geo_cov_urb,2010,6.57
ltu,sex_f,age_aggregate_yge65,geo_cov_urb,2013,2.415
ltu,sex_f,age_aggregate_yge65,geo_cov_urb,2014,2.484
ltu,sex_f,age_aggregate_yge65,geo_cov_urb,2016,2.623
ltu,sex_f,age_aggregate_yge65,geo_cov_urb,2017,3.343
ltu,sex_f,age_aggregate_yge65,geo_cov_urb,2018,2.653
ltu,sex_f,age_aggregate_yge65,geo_cov_urb,2019,1.597
ltu,sex_f,age_aggregate_yge65,geo_cov_urb,2020,2.551
ltu,sex_f,age_aggregate_yge65,geo_cov_urb,2021,2.875
ltu,sex_f,age_aggregate_yge65,geo_cov_urb,2022,1.84
ltu,sex_f,age_aggregate_yge65,geo_cov_urb,2023,3.141
ltu,sex_f,age_aggregate_yge65,geo_cov_urb,2024,2.088
ltu,sex_f,age_ythadult_y15_24,geo_cov_nat,2001,34.181
ltu,sex_f,age_ythadult_y15_24,geo_cov_nat,2002,28.43
ltu,sex_f,age_ythadult_y15_24,geo_cov_nat,2003,39.035
ltu,sex_f,age_ythadult_y15_24,geo_cov_nat,2004,23.082
ltu,sex_f,age_ythadult_y15_24,geo_cov_nat,2005,20.225
ltu,sex_f,age_ythadult_y15_24,geo_cov_nat,2006,15.041
ltu,sex_f,age_ythadult_y15_24,geo_cov_nat,2007,16.935
ltu,sex_f,age_ythadult_y15_24,geo_cov_nat,2008,23.378
ltu,sex_f,age_ythadult_y15_24,geo_cov_nat,2009,27.177
ltu,sex_f,age_ythadult_y15_24,geo_cov_nat,2010,35.151
ltu,sex_f,age_ythadult_y15_24,geo_cov_nat,2011,32.823
ltu,sex_f,age_ythadult_y15_24,geo_cov_nat,2012,25.463
ltu,sex_f,age_ythadult_y15_24,geo_cov_nat,2013,24.29
ltu,sex_f,age_ythadult_y15_24,geo_cov_nat,2014,20.65
ltu,sex_f,age_ythadult_y15_24,geo_cov_nat,2015,19.491
ltu,sex_f,age_ythadult_y15_24,geo_cov_nat,2016,15.127
ltu,sex_f,age_ythadult_y15_24,geo_cov_nat,2017,15.216
ltu,sex_f,age_ythadult_y15_24,geo_cov_nat,2018,12.028
ltu,sex_f,age_ythadult_y15_24,geo_cov_nat,2019,10.688
ltu,sex_f,age_ythadult_y15_24,geo_cov_nat,2020,20.245
ltu,sex_f,age_ythadult_y15_24,geo_cov_nat,2021,17.091
ltu,sex_f,age_ythadult_y15_24,geo_cov_nat,2022,12.257
ltu,sex_f,age_ythadult_y15_24,geo_cov_nat,2023,14.076
ltu,sex_f,age_ythadult_y15_24,geo_cov_nat,2024,19.659
ltu,sex_f,age_ythadult_y15_24,geo_cov_rur,2001,36.181
ltu,sex_f,age_ythadult_y15_24,geo_cov_rur,2002,22.036
ltu,sex_f,age_ythadult_y15_24,geo_cov_rur,2003,39.675
ltu,sex_f,age_ythadult_y15_24,geo_cov_rur,2004,23.889
ltu,sex_f,age_ythadult_y15_24,geo_cov_rur,2005,21.629
ltu,sex_f,age_ythadult_y15_24,geo_cov_rur,2006,14.903
ltu,sex_f,age_ythadult_y15_24,geo_cov_rur,2007,15.264
ltu,sex_f,age_ythadult_y15_24,geo_cov_rur,2008,24.4
ltu,sex_f,age_ythadult_y15_24,geo_cov_rur,2009,27.099
ltu,sex_f,age_ythadult_y15_24,geo_cov_rur,2010,41.666
ltu,sex_f,age_ythadult_y15_24,geo_cov_rur,2011,41.195
ltu,sex_f,age_ythadult_y15_24,geo_cov_rur,2012,31.378
ltu,sex_f,age_ythadult_y15_24,geo_cov_rur,2013,31.554
ltu,sex_f,age_ythadult_y15_24,geo_cov_rur,2014,28.06
ltu,sex_f,age_ythadult_y15_24,geo_cov_rur,2015,24.279
ltu,sex_f,age_ythadult_y15_24,geo_cov_rur,2016,18.762
ltu,sex_f,age_ythadult_y15_24,geo_cov_rur,2017,21.814
ltu,sex_f,age_ythadult_y15_24,geo_cov_rur,2018,13.846
ltu,sex_f,age_ythadult_y15_24,geo_cov_rur,2019,12.972
ltu,sex_f,age_ythadult_y15_24,geo_cov_rur,2020,24.743
ltu,sex_f,age_ythadult_y15_24,geo_cov_rur,2021,17.151
ltu,sex_f,age_ythadult_y15_24,geo_cov_rur,2022,13.665
ltu,sex_f,age_ythadult_y15_24,geo_cov_rur,2023,13.561
ltu,sex_f,age_ythadult_y15_24,geo_cov_rur,2024,21.78
ltu,sex_f,age_ythadult_y15_24,geo_cov_urb,2001,32.259
ltu,sex_f,age_ythadult_y15_24,geo_cov_urb,2002,35.052
ltu,sex_f,age_ythadult_y15_24,geo_cov_urb,2003,38.3
ltu,sex_f,age_ythadult_y15_24,geo_cov_urb,2004,22.32
ltu,sex_f,age_ythadult_y15_24,geo_cov_urb,2005,18.761
ltu,sex_f,age_ythadult_y15_24,geo_cov_urb,2006,15.214
ltu,sex_f,age_ythadult_y15_24,geo_cov_urb,2007,18.933
ltu,sex_f,age_ythadult_y15_24,geo_cov_urb,2008,22.368
ltu,sex_f,age_ythadult_y15_24,geo_cov_urb,2009,27.256
ltu,sex_f,age_ythadult_y15_24,geo_cov_urb,2010,28.22
ltu,sex_f,age_ythadult_y15_24,geo_cov_urb,2011,24.872
ltu,sex_f,age_ythadult_y15_24,geo_cov_urb,2012,20.981
ltu,sex_f,age_ythadult_y15_24,geo_cov_urb,2013,19.365
ltu,sex_f,age_ythadult_y15_24,geo_cov_urb,2014,15.338
ltu,sex_f,age_ythadult_y15_24,geo_cov_urb,2015,15.171
ltu,sex_f,age_ythadult_y15_24,geo_cov_urb,2016,11.792
ltu,sex_f,age_ythadult_y15_24,geo_cov_urb,2017,11.127
ltu,sex_f,age_ythadult_y15_24,geo_cov_urb,2018,10.997
ltu,sex_f,age_ythadult_y15_24,geo_cov_urb,2019,9.217
ltu,sex_f,age_ythadult_y15_24,geo_cov_urb,2020,16.952
ltu,sex_f,age_ythadult_y15_24,geo_cov_urb,2021,17.056
ltu,sex_f,age_ythadult_y15_24,geo_cov_urb,2022,11.299
ltu,sex_f,age_ythadult_y15_24,geo_cov_urb,2023,14.385
ltu,sex_f,age_ythadult_y15_24,geo_cov_urb,2024,18.505
ltu,sex_f,age_ythadult_y15_64,geo_cov_nat,2001,17.393
ltu,sex_f,age_ythadult_y15_64,geo_cov_nat,2002,15.806
ltu,sex_f,age_ythadult_y15_64,geo_cov_nat,2003,15.233
ltu,sex_f,age_ythadult_y15_64,geo_cov_nat,2004,13.377
ltu,sex_f,age_ythadult_y15_64,geo_cov_nat,2005,10.644
ltu,sex_f,age_ythadult_y15_64,geo_cov_nat,2006,7.966
ltu,sex_f,age_ythadult_y15_64,geo_cov_nat,2007,7.439
ltu,sex_f,age_ythadult_y15_64,geo_cov_nat,2008,9.505
ltu,sex_f,age_ythadult_y15_64,geo_cov_nat,2009,12.942
ltu,sex_f,age_ythadult_y15_64,geo_cov_nat,2010,16.52
ltu,sex_f,age_ythadult_y15_64,geo_cov_nat,2011,14.509
ltu,sex_f,age_ythadult_y15_64,geo_cov_nat,2012,12.989
ltu,sex_f,age_ythadult_y15_64,geo_cov_nat,2013,11.997
ltu,sex_f,age_ythadult_y15_64,geo_cov_nat,2014,10.471
ltu,sex_f,age_ythadult_y15_64,geo_cov_nat,2015,9.562
ltu,sex_f,age_ythadult_y15_64,geo_cov_nat,2016,8.337
ltu,sex_f,age_ythadult_y15_64,geo_cov_nat,2017,7.309
ltu,sex_f,age_ythadult_y15_64,geo_cov_nat,2018,7.039
ltu,sex_f,age_ythadult_y15_64,geo_cov_nat,2019,6.879
ltu,sex_f,age_ythadult_y15_64,geo_cov_nat,2020,9.663
ltu,sex_f,age_ythadult_y15_64,geo_cov_nat,2021,8.631
ltu,sex_f,age_ythadult_y15_64,geo_cov_nat,2022,7.459
ltu,sex_f,age_ythadult_y15_64,geo_cov_nat,2023,8.536
ltu,sex_f,age_ythadult_y15_64,geo_cov_nat,2024,8.557
ltu,sex_f,age_ythadult_y15_64,geo_cov_rur,2001,16.06
ltu,sex_f,age_ythadult_y15_64,geo_cov_rur,2002,15.175
ltu,sex_f,age_ythadult_y15_64,geo_cov_rur,2003,14.186
ltu,sex_f,age_ythadult_y15_64,geo_cov_rur,2004,13.913
ltu,sex_f,age_ythadult_y15_64,geo_cov_rur,2005,11.094
ltu,sex_f,age_ythadult_y15_64,geo_cov_rur,2006,9.541
ltu,sex_f,age_ythadult_y15_64,geo_cov_rur,2007,7.823
ltu,sex_f,age_ythadult_y15_64,geo_cov_rur,2008,10.984
ltu,sex_f,age_ythadult_y15_64,geo_cov_rur,2009,14.686
ltu,sex_f,age_ythadult_y15_64,geo_cov_rur,2010,19.552
ltu,sex_f,age_ythadult_y15_64,geo_cov_rur,2011,17.629
ltu,sex_f,age_ythadult_y15_64,geo_cov_rur,2012,16.287
ltu,sex_f,age_ythadult_y15_64,geo_cov_rur,2013,15.013
ltu,sex_f,age_ythadult_y15_64,geo_cov_rur,2014,14.065
ltu,sex_f,age_ythadult_y15_64,geo_cov_rur,2015,13.253
ltu,sex_f,age_ythadult_y15_64,geo_cov_rur,2016,11.009
ltu,sex_f,age_ythadult_y15_64,geo_cov_rur,2017,11.362
ltu,sex_f,age_ythadult_y15_64,geo_cov_rur,2018,10.242
ltu,sex_f,age_ythadult_y15_64,geo_cov_rur,2019,8.022
ltu,sex_f,age_ythadult_y15_64,geo_cov_rur,2020,12.144
ltu,sex_f,age_ythadult_y15_64,geo_cov_rur,2021,10.445
ltu,sex_f,age_ythadult_y15_64,geo_cov_rur,2022,9.539
ltu,sex_f,age_ythadult_y15_64,geo_cov_rur,2023,10.908
ltu,sex_f,age_ythadult_y15_64,geo_cov_rur,2024,10.756
ltu,sex_f,age_ythadult_y15_64,geo_cov_urb,2001,18.908
ltu,sex_f,age_ythadult_y15_64,geo_cov_urb,2002,16.53
ltu,sex_f,age_ythadult_y15_64,geo_cov_urb,2003,16.472
ltu,sex_f,age_ythadult_y15_64,geo_cov_urb,2004,12.761
ltu,sex_f,age_ythadult_y15_64,geo_cov_urb,2005,10.137
ltu,sex_f,age_ythadult_y15_64,geo_cov_urb,2006,6.222
ltu,sex_f,age_ythadult_y15_64,geo_cov_urb,2007,7.014
ltu,sex_f,age_ythadult_y15_64,geo_cov_urb,2008,7.93
ltu,sex_f,age_ythadult_y15_64,geo_cov_urb,2009,11.099
ltu,sex_f,age_ythadult_y15_64,geo_cov_urb,2010,13.384
ltu,sex_f,age_ythadult_y15_64,geo_cov_urb,2011,11.179
ltu,sex_f,age_ythadult_y15_64,geo_cov_urb,2012,10.592
ltu,sex_f,age_ythadult_y15_64,geo_cov_urb,2013,9.818
ltu,sex_f,age_ythadult_y15_64,geo_cov_urb,2014,7.81
ltu,sex_f,age_ythadult_y15_64,geo_cov_urb,2015,6.635
ltu,sex_f,age_ythadult_y15_64,geo_cov_urb,2016,6.21
ltu,sex_f,age_ythadult_y15_64,geo_cov_urb,2017,5.42
ltu,sex_f,age_ythadult_y15_64,geo_cov_urb,2018,5.576
ltu,sex_f,age_ythadult_y15_64,geo_cov_urb,2019,6.157
ltu,sex_f,age_ythadult_y15_64,geo_cov_urb,2020,8.145
ltu,sex_f,age_ythadult_y15_64,geo_cov_urb,2021,7.546
ltu,sex_f,age_ythadult_y15_64,geo_cov_urb,2022,6.164
ltu,sex_f,age_ythadult_y15_64,geo_cov_urb,2023,7.151
ltu,sex_f,age_ythadult_y15_64,geo_cov_urb,2024,7.262
ltu,sex_f,age_ythadult_yge15,geo_cov_nat,2001,17.079
ltu,sex_f,age_ythadult_yge15,geo_cov_nat,2002,15.786
ltu,sex_f,age_ythadult_yge15,geo_cov_nat,2003,15.241
ltu,sex_f,age_ythadult_yge15,geo_cov_nat,2004,13.332
ltu,sex_f,age_ythadult_yge15,geo_cov_nat,2005,10.581
ltu,sex_f,age_ythadult_yge15,geo_cov_nat,2006,7.941
ltu,sex_f,age_ythadult_yge15,geo_cov_nat,2007,7.425
ltu,sex_f,age_ythadult_yge15,geo_cov_nat,2008,9.492
ltu,sex_f,age_ythadult_yge15,geo_cov_nat,2009,12.791
ltu,sex_f,age_ythadult_yge15,geo_cov_nat,2010,16.34
ltu,sex_f,age_ythadult_yge15,geo_cov_nat,2011,14.26
ltu,sex_f,age_ythadult_yge15,geo_cov_nat,2012,12.737
ltu,sex_f,age_ythadult_yge15,geo_cov_nat,2013,11.843
ltu,sex_f,age_ythadult_yge15,geo_cov_nat,2014,10.306
ltu,sex_f,age_ythadult_yge15,geo_cov_nat,2015,9.372
ltu,sex_f,age_ythadult_yge15,geo_cov_nat,2016,8.135
ltu,sex_f,age_ythadult_yge15,geo_cov_nat,2017,7.142
ltu,sex_f,age_ythadult_yge15,geo_cov_nat,2018,6.882
ltu,sex_f,age_ythadult_yge15,geo_cov_nat,2019,6.704
ltu,sex_f,age_ythadult_yge15,geo_cov_nat,2020,9.347
ltu,sex_f,age_ythadult_yge15,geo_cov_nat,2021,8.38
ltu,sex_f,age_ythadult_yge15,geo_cov_nat,2022,7.242
ltu,sex_f,age_ythadult_yge15,geo_cov_nat,2023,8.331
ltu,sex_f,age_ythadult_yge15,geo_cov_nat,2024,8.246
ltu,sex_f,age_ythadult_yge15,geo_cov_rur,2001,15.752
ltu,sex_f,age_ythadult_yge15,geo_cov_rur,2002,15.213
ltu,sex_f,age_ythadult_yge15,geo_cov_rur,2003,14.166
ltu,sex_f,age_ythadult_yge15,geo_cov_rur,2004,13.746
ltu,sex_f,age_ythadult_yge15,geo_cov_rur,2005,11.066
ltu,sex_f,age_ythadult_yge15,geo_cov_rur,2006,9.465
ltu,sex_f,age_ythadult_yge15,geo_cov_rur,2007,7.717
ltu,sex_f,age_ythadult_yge15,geo_cov_rur,2008,10.992
ltu,sex_f,age_ythadult_yge15,geo_cov_rur,2009,14.521
ltu,sex_f,age_ythadult_yge15,geo_cov_rur,2010,19.333
ltu,sex_f,age_ythadult_yge15,geo_cov_rur,2011,17.366
ltu,sex_f,age_ythadult_yge15,geo_cov_rur,2012,16.002
ltu,sex_f,age_ythadult_yge15,geo_cov_rur,2013,14.87
ltu,sex_f,age_ythadult_yge15,geo_cov_rur,2014,13.887
ltu,sex_f,age_ythadult_yge15,geo_cov_rur,2015,13.02
ltu,sex_f,age_ythadult_yge15,geo_cov_rur,2016,10.721
ltu,sex_f,age_ythadult_yge15,geo_cov_rur,2017,11.02
ltu,sex_f,age_ythadult_yge15,geo_cov_rur,2018,10.027
ltu,sex_f,age_ythadult_yge15,geo_cov_rur,2019,7.867
ltu,sex_f,age_ythadult_yge15,geo_cov_rur,2020,11.71
ltu,sex_f,age_ythadult_yge15,geo_cov_rur,2021,10.138
ltu,sex_f,age_ythadult_yge15,geo_cov_rur,2022,9.339
ltu,sex_f,age_ythadult_yge15,geo_cov_rur,2023,10.722
ltu,sex_f,age_ythadult_yge15,geo_cov_rur,2024,10.442
ltu,sex_f,age_ythadult_yge15,geo_cov_urb,2001,18.593
ltu,sex_f,age_ythadult_yge15,geo_cov_urb,2002,16.443
ltu,sex_f,age_ythadult_yge15,geo_cov_urb,2003,16.523
ltu,sex_f,age_ythadult_yge15,geo_cov_urb,2004,12.857
ltu,sex_f,age_ythadult_yge15,geo_cov_urb,2005,10.038
ltu,sex_f,age_ythadult_yge15,geo_cov_urb,2006,6.272
ltu,sex_f,age_ythadult_yge15,geo_cov_urb,2007,7.104
ltu,sex_f,age_ythadult_yge15,geo_cov_urb,2008,7.902
ltu,sex_f,age_ythadult_yge15,geo_cov_urb,2009,10.982
ltu,sex_f,age_ythadult_yge15,geo_cov_urb,2010,13.262
ltu,sex_f,age_ythadult_yge15,geo_cov_urb,2011,10.965
ltu,sex_f,age_ythadult_yge15,geo_cov_urb,2012,10.377
ltu,sex_f,age_ythadult_yge15,geo_cov_urb,2013,9.67
ltu,sex_f,age_ythadult_yge15,geo_cov_urb,2014,7.677
ltu,sex_f,age_ythadult_yge15,geo_cov_urb,2015,6.5
ltu,sex_f,age_ythadult_yge15,geo_cov_urb,2016,6.087
ltu,sex_f,age_ythadult_yge15,geo_cov_urb,2017,5.345
ltu,sex_f,age_ythadult_yge15,geo_cov_urb,2018,5.461
ltu,sex_f,age_ythadult_yge15,geo_cov_urb,2019,5.972
ltu,sex_f,age_ythadult_yge15,geo_cov_urb,2020,7.905
ltu,sex_f,age_ythadult_yge15,geo_cov_urb,2021,7.334
ltu,sex_f,age_ythadult_yge15,geo_cov_urb,2022,5.947
ltu,sex_f,age_ythadult_yge15,geo_cov_urb,2023,6.942
ltu,sex_f,age_ythadult_yge15,geo_cov_urb,2024,6.967
ltu,sex_f,age_ythadult_yge25,geo_cov_nat,2001,15.33
ltu,sex_f,age_ythadult_yge25,geo_cov_nat,2002,14.536
ltu,sex_f,age_ythadult_yge25,geo_cov_nat,2003,12.788
ltu,sex_f,age_ythadult_yge25,geo_cov_nat,2004,12.66
ltu,sex_f,age_ythadult_yge25,geo_cov_nat,2005,9.881
ltu,sex_f,age_ythadult_yge25,geo_cov_nat,2006,7.355
ltu,sex_f,age_ythadult_yge25,geo_cov_nat,2007,6.668
ltu,sex_f,age_ythadult_yge25,geo_cov_nat,2008,8.188
ltu,sex_f,age_ythadult_yge25,geo_cov_nat,2009,11.517
ltu,sex_f,age_ythadult_yge25,geo_cov_nat,2010,14.768
ltu,sex_f,age_ythadult_yge25,geo_cov_nat,2011,12.869
ltu,sex_f,age_ythadult_yge25,geo_cov_nat,2012,11.751
ltu,sex_f,age_ythadult_yge25,geo_cov_nat,2013,10.85
ltu,sex_f,age_ythadult_yge25,geo_cov_nat,2014,9.458
ltu,sex_f,age_ythadult_yge25,geo_cov_nat,2015,8.535
ltu,sex_f,age_ythadult_yge25,geo_cov_nat,2016,7.58
ltu,sex_f,age_ythadult_yge25,geo_cov_nat,2017,6.529
ltu,sex_f,age_ythadult_yge25,geo_cov_nat,2018,6.501
ltu,sex_f,age_ythadult_yge25,geo_cov_nat,2019,6.413
ltu,sex_f,age_ythadult_yge25,geo_cov_nat,2020,8.591
ltu,sex_f,age_ythadult_yge25,geo_cov_nat,2021,7.79
ltu,sex_f,age_ythadult_yge25,geo_cov_nat,2022,6.909
ltu,sex_f,age_ythadult_yge25,geo_cov_nat,2023,7.946
ltu,sex_f,age_ythadult_yge25,geo_cov_nat,2024,7.501
ltu,sex_f,age_ythadult_yge25,geo_cov_rur,2001,13.846
ltu,sex_f,age_ythadult_yge25,geo_cov_rur,2002,14.574
ltu,sex_f,age_ythadult_yge25,geo_cov_rur,2003,11.583
ltu,sex_f,age_ythadult_yge25,geo_cov_rur,2004,13.115
ltu,sex_f,age_ythadult_yge25,geo_cov_rur,2005,10.327
ltu,sex_f,age_ythadult_yge25,geo_cov_rur,2006,8.983
ltu,sex_f,age_ythadult_yge25,geo_cov_rur,2007,7.09
ltu,sex_f,age_ythadult_yge25,geo_cov_rur,2008,9.78
ltu,sex_f,age_ythadult_yge25,geo_cov_rur,2009,13.431
ltu,sex_f,age_ythadult_yge25,geo_cov_rur,2010,17.433
ltu,sex_f,age_ythadult_yge25,geo_cov_rur,2011,15.683
ltu,sex_f,age_ythadult_yge25,geo_cov_rur,2012,14.775
ltu,sex_f,age_ythadult_yge25,geo_cov_rur,2013,13.586
ltu,sex_f,age_ythadult_yge25,geo_cov_rur,2014,12.743
ltu,sex_f,age_ythadult_yge25,geo_cov_rur,2015,12.011
ltu,sex_f,age_ythadult_yge25,geo_cov_rur,2016,10.027
ltu,sex_f,age_ythadult_yge25,geo_cov_rur,2017,10.013
ltu,sex_f,age_ythadult_yge25,geo_cov_rur,2018,9.694
ltu,sex_f,age_ythadult_yge25,geo_cov_rur,2019,7.489
ltu,sex_f,age_ythadult_yge25,geo_cov_rur,2020,10.695
ltu,sex_f,age_ythadult_yge25,geo_cov_rur,2021,9.671
ltu,sex_f,age_ythadult_yge25,geo_cov_rur,2022,9.034
ltu,sex_f,age_ythadult_yge25,geo_cov_rur,2023,10.527
ltu,sex_f,age_ythadult_yge25,geo_cov_rur,2024,9.735
ltu,sex_f,age_ythadult_yge25,geo_cov_urb,2001,17.052
ltu,sex_f,age_ythadult_yge25,geo_cov_urb,2002,14.492
ltu,sex_f,age_ythadult_yge25,geo_cov_urb,2003,14.23
ltu,sex_f,age_ythadult_yge25,geo_cov_urb,2004,12.129
ltu,sex_f,age_ythadult_yge25,geo_cov_urb,2005,9.38
ltu,sex_f,age_ythadult_yge25,geo_cov_urb,2006,5.593
ltu,sex_f,age_ythadult_yge25,geo_cov_urb,2007,6.207
ltu,sex_f,age_ythadult_yge25,geo_cov_urb,2008,6.49
ltu,sex_f,age_ythadult_yge25,geo_cov_urb,2009,9.51
ltu,sex_f,age_ythadult_yge25,geo_cov_urb,2010,12.035
ltu,sex_f,age_ythadult_yge25,geo_cov_urb,2011,9.859
ltu,sex_f,age_ythadult_yge25,geo_cov_urb,2012,9.573
ltu,sex_f,age_ythadult_yge25,geo_cov_urb,2013,8.877
ltu,sex_f,age_ythadult_yge25,geo_cov_urb,2014,7.042
ltu,sex_f,age_ythadult_yge25,geo_cov_urb,2015,5.83
ltu,sex_f,age_ythadult_yge25,geo_cov_urb,2016,5.667
ltu,sex_f,age_ythadult_yge25,geo_cov_urb,2017,4.951
ltu,sex_f,age_ythadult_yge25,geo_cov_urb,2018,5.084
ltu,sex_f,age_ythadult_yge25,geo_cov_urb,2019,5.738
ltu,sex_f,age_ythadult_yge25,geo_cov_urb,2020,7.325
ltu,sex_f,age_ythadult_yge25,geo_cov_urb,2021,6.669
ltu,sex_f,age_ythadult_yge25,geo_cov_urb,2022,5.606
ltu,sex_f,age_ythadult_yge25,geo_cov_urb,2023,6.449
ltu,sex_f,age_ythadult_yge25,geo_cov_urb,2024,6.194
ltu,sex_m,age_aggregate_total,geo_cov_nat,2001,22.311
ltu,sex_m,age_aggregate_total,geo_cov_nat,2002,15.686
ltu,sex_m,age_aggregate_total,geo_cov_nat,2003,14.253
ltu,sex_m,age_aggregate_total,geo_cov_nat,2004,12.252
ltu,sex_m,age_aggregate_total,geo_cov_nat,2005,10.058
ltu,sex_m,age_aggregate_total,geo_cov_nat,2006,7.979
ltu,sex_m,age_aggregate_total,geo_cov_nat,2007,6.614
ltu,sex_m,age_aggregate_total,geo_cov_nat,2008,9.317
ltu,sex_m,age_aggregate_total,geo_cov_nat,2009,19.914
ltu,sex_m,age_aggregate_total,geo_cov_nat,2010,23.163
ltu,sex_m,age_aggregate_total,geo_cov_nat,2011,19.381
ltu,sex_m,age_aggregate_total,geo_cov_nat,2012,16.673
ltu,sex_m,age_aggregate_total,geo_cov_nat,2013,14.385
ltu,sex_m,age_aggregate_total,geo_cov_nat,2014,13.299
ltu,sex_m,age_aggregate_total,geo_cov_nat,2015,11.447
ltu,sex_m,age_aggregate_total,geo_cov_nat,2016,10.783
ltu,sex_m,age_aggregate_total,geo_cov_nat,2017,10.217
ltu,sex_m,age_aggregate_total,geo_cov_nat,2018,8.11
ltu,sex_m,age_aggregate_total,geo_cov_nat,2019,8.425
ltu,sex_m,age_aggregate_total,geo_cov_nat,2020,10.895
ltu,sex_m,age_aggregate_total,geo_cov_nat,2021,9.622
ltu,sex_m,age_aggregate_total,geo_cov_nat,2022,8.006
ltu,sex_m,age_aggregate_total,geo_cov_nat,2023,9.188
ltu,sex_m,age_aggregate_total,geo_cov_nat,2024,9.498
ltu,sex_m,age_aggregate_total,geo_cov_rur,2001,22.242
ltu,sex_m,age_aggregate_total,geo_cov_rur,2002,15.468
ltu,sex_m,age_aggregate_total,geo_cov_rur,2003,13.596
ltu,sex_m,age_aggregate_total,geo_cov_rur,2004,12.821
ltu,sex_m,age_aggregate_total,geo_cov_rur,2005,10.147
ltu,sex_m,age_aggregate_total,geo_cov_rur,2006,8.801
ltu,sex_m,age_aggregate_total,geo_cov_rur,2007,7.252
ltu,sex_m,age_aggregate_total,geo_cov_rur,2008,10.135
ltu,sex_m,age_aggregate_total,geo_cov_rur,2009,21.503
ltu,sex_m,age_aggregate_total,geo_cov_rur,2010,25.765
ltu,sex_m,age_aggregate_total,geo_cov_rur,2011,22.767
ltu,sex_m,age_aggregate_total,geo_cov_rur,2012,22.839
ltu,sex_m,age_aggregate_total,geo_cov_rur,2013,19.457
ltu,sex_m,age_aggregate_total,geo_cov_rur,2014,17.838
ltu,sex_m,age_aggregate_total,geo_cov_rur,2015,15.088
ltu,sex_m,age_aggregate_total,geo_cov_rur,2016,14.538
ltu,sex_m,age_aggregate_total,geo_cov_rur,2017,15.031
ltu,sex_m,age_aggregate_total,geo_cov_rur,2018,11.776
ltu,sex_m,age_aggregate_total,geo_cov_rur,2019,11.484
ltu,sex_m,age_aggregate_total,geo_cov_rur,2020,13.438
ltu,sex_m,age_aggregate_total,geo_cov_rur,2021,10.784
ltu,sex_m,age_aggregate_total,geo_cov_rur,2022,9.525
ltu,sex_m,age_aggregate_total,geo_cov_rur,2023,11.148
ltu,sex_m,age_aggregate_total,geo_cov_rur,2024,10.532
ltu,sex_m,age_aggregate_total,geo_cov_urb,2001,22.411
ltu,sex_m,age_aggregate_total,geo_cov_urb,2002,15.996
ltu,sex_m,age_aggregate_total,geo_cov_urb,2003,15.187
ltu,sex_m,age_aggregate_total,geo_cov_urb,2004,11.508
ltu,sex_m,age_aggregate_total,geo_cov_urb,2005,9.942
ltu,sex_m,age_aggregate_total,geo_cov_urb,2006,6.87
ltu,sex_m,age_aggregate_total,geo_cov_urb,2007,5.768
ltu,sex_m,age_aggregate_total,geo_cov_urb,2008,8.285
ltu,sex_m,age_aggregate_total,geo_cov_urb,2009,17.902
ltu,sex_m,age_aggregate_total,geo_cov_urb,2010,19.899
ltu,sex_m,age_aggregate_total,geo_cov_urb,2011,15.065
ltu,sex_m,age_aggregate_total,geo_cov_urb,2012,11.33
ltu,sex_m,age_aggregate_total,geo_cov_urb,2013,9.969
ltu,sex_m,age_aggregate_total,geo_cov_urb,2014,9.306
ltu,sex_m,age_aggregate_total,geo_cov_urb,2015,8.05
ltu,sex_m,age_aggregate_total,geo_cov_urb,2016,7.252
ltu,sex_m,age_aggregate_total,geo_cov_urb,2017,7.333
ltu,sex_m,age_aggregate_total,geo_cov_urb,2018,5.915
ltu,sex_m,age_aggregate_total,geo_cov_urb,2019,6.287
ltu,sex_m,age_aggregate_total,geo_cov_urb,2020,9.112
ltu,sex_m,age_aggregate_total,geo_cov_urb,2021,8.82
ltu,sex_m,age_aggregate_total,geo_cov_urb,2022,6.979
ltu,sex_m,age_aggregate_total,geo_cov_urb,2023,7.898
ltu,sex_m,age_aggregate_total,geo_cov_urb,2024,8.832
ltu,sex_m,age_aggregate_y15_24,geo_cov_nat,2001,40.374
ltu,sex_m,age_aggregate_y15_24,geo_cov_nat,2002,25.111
ltu,sex_m,age_aggregate_y15_24,geo_cov_nat,2003,26.702
ltu,sex_m,age_aggregate_y15_24,geo_cov_nat,2004,27.152
ltu,sex_m,age_aggregate_y15_24,geo_cov_nat,2005,19.796
ltu,sex_m,age_aggregate_y15_24,geo_cov_nat,2006,14.219
ltu,sex_m,age_aggregate_y15_24,geo_cov_nat,2007,12.92
ltu,sex_m,age_aggregate_y15_24,geo_cov_nat,2008,19.126
ltu,sex_m,age_aggregate_y15_24,geo_cov_nat,2009,39.531
ltu,sex_m,age_aggregate_y15_24,geo_cov_nat,2010,43.205
ltu,sex_m,age_aggregate_y15_24,geo_cov_nat,2011,37.364
ltu,sex_m,age_aggregate_y15_24,geo_cov_nat,2012,31.735
ltu,sex_m,age_aggregate_y15_24,geo_cov_nat,2013,25.782
ltu,sex_m,age_aggregate_y15_24,geo_cov_nat,2014,21.537
ltu,sex_m,age_aggregate_y15_24,geo_cov_nat,2015,19.291
ltu,sex_m,age_aggregate_y15_24,geo_cov_nat,2016,19.404
ltu,sex_m,age_aggregate_y15_24,geo_cov_nat,2017,17.926
ltu,sex_m,age_aggregate_y15_24,geo_cov_nat,2018,12.88
ltu,sex_m,age_aggregate_y15_24,geo_cov_nat,2019,17.089
ltu,sex_m,age_aggregate_y15_24,geo_cov_nat,2020,24.799
ltu,sex_m,age_aggregate_y15_24,geo_cov_nat,2021,16.778
ltu,sex_m,age_aggregate_y15_24,geo_cov_nat,2022,15.727
ltu,sex_m,age_aggregate_y15_24,geo_cov_nat,2023,20.112
ltu,sex_m,age_aggregate_y15_24,geo_cov_nat,2024,19.154
ltu,sex_m,age_aggregate_y15_24,geo_cov_rur,2001,37.701
ltu,sex_m,age_aggregate_y15_24,geo_cov_rur,2002,28.436
ltu,sex_m,age_aggregate_y15_24,geo_cov_rur,2003,24.287
ltu,sex_m,age_aggregate_y15_24,geo_cov_rur,2004,26.698
ltu,sex_m,age_aggregate_y15_24,geo_cov_rur,2005,19.092
ltu,sex_m,age_aggregate_y15_24,geo_cov_rur,2006,13.061
ltu,sex_m,age_aggregate_y15_24,geo_cov_rur,2007,13.749
ltu,sex_m,age_aggregate_y15_24,geo_cov_rur,2008,16.939
ltu,sex_m,age_aggregate_y15_24,geo_cov_rur,2009,41.35
ltu,sex_m,age_aggregate_y15_24,geo_cov_rur,2010,45.96
ltu,sex_m,age_aggregate_y15_24,geo_cov_rur,2011,41.382
ltu,sex_m,age_aggregate_y15_24,geo_cov_rur,2012,39.021
ltu,sex_m,age_aggregate_y15_24,geo_cov_rur,2013,28.97
ltu,sex_m,age_aggregate_y15_24,geo_cov_rur,2014,26.275
ltu,sex_m,age_aggregate_y15_24,geo_cov_rur,2015,19.648
ltu,sex_m,age_aggregate_y15_24,geo_cov_rur,2016,22.577
ltu,sex_m,age_aggregate_y15_24,geo_cov_rur,2017,20.752
ltu,sex_m,age_aggregate_y15_24,geo_cov_rur,2018,16.983
ltu,sex_m,age_aggregate_y15_24,geo_cov_rur,2019,21.354
ltu,sex_m,age_aggregate_y15_24,geo_cov_rur,2020,30.179
ltu,sex_m,age_aggregate_y15_24,geo_cov_rur,2021,17.798
ltu,sex_m,age_aggregate_y15_24,geo_cov_rur,2022,18.526
ltu,sex_m,age_aggregate_y15_24,geo_cov_rur,2023,23.011
ltu,sex_m,age_aggregate_y15_24,geo_cov_rur,2024,24.042
ltu,sex_m,age_aggregate_y15_24,geo_cov_urb,2001,44.213
ltu,sex_m,age_aggregate_y15_24,geo_cov_urb,2002,20.312
ltu,sex_m,age_aggregate_y15_24,geo_cov_urb,2003,30.96
ltu,sex_m,age_aggregate_y15_24,geo_cov_urb,2004,27.767
ltu,sex_m,age_aggregate_y15_24,geo_cov_urb,2005,20.695
ltu,sex_m,age_aggregate_y15_24,geo_cov_urb,2006,15.796
ltu,sex_m,age_aggregate_y15_24,geo_cov_urb,2007,11.674
ltu,sex_m,age_aggregate_y15_24,geo_cov_urb,2008,22.089
ltu,sex_m,age_aggregate_y15_24,geo_cov_urb,2009,36.772
ltu,sex_m,age_aggregate_y15_24,geo_cov_urb,2010,38.939
ltu,sex_m,age_aggregate_y15_24,geo_cov_urb,2011,31.251
ltu,sex_m,age_aggregate_y15_24,geo_cov_urb,2012,23.755
ltu,sex_m,age_aggregate_y15_24,geo_cov_urb,2013,22.393
ltu,sex_m,age_aggregate_y15_24,geo_cov_urb,2014,16.403
ltu,sex_m,age_aggregate_y15_24,geo_cov_urb,2015,18.852
ltu,sex_m,age_aggregate_y15_24,geo_cov_urb,2016,15.72
ltu,sex_m,age_aggregate_y15_24,geo_cov_urb,2017,15.678
ltu,sex_m,age_aggregate_y15_24,geo_cov_urb,2018,9.829
ltu,sex_m,age_aggregate_y15_24,geo_cov_urb,2019,13.489
ltu,sex_m,age_aggregate_y15_24,geo_cov_urb,2020,20.417
ltu,sex_m,age_aggregate_y15_24,geo_cov_urb,2021,16.005
ltu,sex_m,age_aggregate_y15_24,geo_cov_urb,2022,13.344
ltu,sex_m,age_aggregate_y15_24,geo_cov_urb,2023,17.798
ltu,sex_m,age_aggregate_y15_24,geo_cov_urb,2024,15.101
ltu,sex_m,age_aggregate_y25_54,geo_cov_nat,2001,19.614
ltu,sex_m,age_aggregate_y25_54,geo_cov_nat,2002,14.618
ltu,sex_m,age_aggregate_y25_54,geo_cov_nat,2003,12.664
ltu,sex_m,age_aggregate_y25_54,geo_cov_nat,2004,10.17
ltu,sex_m,age_aggregate_y25_54,geo_cov_nat,2005,8.886
ltu,sex_m,age_aggregate_y25_54,geo_cov_nat,2006,6.941
ltu,sex_m,age_aggregate_y25_54,geo_cov_nat,2007,5.857
ltu,sex_m,age_aggregate_y25_54,geo_cov_nat,2008,8.06
ltu,sex_m,age_aggregate_y25_54,geo_cov_nat,2009,17.949
ltu,sex_m,age_aggregate_y25_54,geo_cov_nat,2010,21.456
ltu,sex_m,age_aggregate_y25_54,geo_cov_nat,2011,17.726
ltu,sex_m,age_aggregate_y25_54,geo_cov_nat,2012,15.482
ltu,sex_m,age_aggregate_y25_54,geo_cov_nat,2013,13.02
ltu,sex_m,age_aggregate_y25_54,geo_cov_nat,2014,12.09
ltu,sex_m,age_aggregate_y25_54,geo_cov_nat,2015,10.545
ltu,sex_m,age_aggregate_y25_54,geo_cov_nat,2016,9.778
ltu,sex_m,age_aggregate_y25_54,geo_cov_nat,2017,9.39
ltu,sex_m,age_aggregate_y25_54,geo_cov_nat,2018,7.449
ltu,sex_m,age_aggregate_y25_54,geo_cov_nat,2019,7.693
ltu,sex_m,age_aggregate_y25_54,geo_cov_nat,2020,9.487
ltu,sex_m,age_aggregate_y25_54,geo_cov_nat,2021,8.943
ltu,sex_m,age_aggregate_y25_54,geo_cov_nat,2022,7.177
ltu,sex_m,age_aggregate_y25_54,geo_cov_nat,2023,7.773
ltu,sex_m,age_aggregate_y25_54,geo_cov_nat,2024,7.786
ltu,sex_m,age_aggregate_y25_54,geo_cov_rur,2001,20.349
ltu,sex_m,age_aggregate_y25_54,geo_cov_rur,2002,14.721
ltu,sex_m,age_aggregate_y25_54,geo_cov_rur,2003,12.567
ltu,sex_m,age_aggregate_y25_54,geo_cov_rur,2004,11.298
ltu,sex_m,age_aggregate_y25_54,geo_cov_rur,2005,9.361
ltu,sex_m,age_aggregate_y25_54,geo_cov_rur,2006,8.162
ltu,sex_m,age_aggregate_y25_54,geo_cov_rur,2007,6.569
ltu,sex_m,age_aggregate_y25_54,geo_cov_rur,2008,9.349
ltu,sex_m,age_aggregate_y25_54,geo_cov_rur,2009,19.464
ltu,sex_m,age_aggregate_y25_54,geo_cov_rur,2010,23.887
ltu,sex_m,age_aggregate_y25_54,geo_cov_rur,2011,21.036
ltu,sex_m,age_aggregate_y25_54,geo_cov_rur,2012,21.338
ltu,sex_m,age_aggregate_y25_54,geo_cov_rur,2013,18.057
ltu,sex_m,age_aggregate_y25_54,geo_cov_rur,2014,16.139
ltu,sex_m,age_aggregate_y25_54,geo_cov_rur,2015,14.152
ltu,sex_m,age_aggregate_y25_54,geo_cov_rur,2016,13.167
ltu,sex_m,age_aggregate_y25_54,geo_cov_rur,2017,14.108
ltu,sex_m,age_aggregate_y25_54,geo_cov_rur,2018,10.92
ltu,sex_m,age_aggregate_y25_54,geo_cov_rur,2019,10.797
ltu,sex_m,age_aggregate_y25_54,geo_cov_rur,2020,12.294
ltu,sex_m,age_aggregate_y25_54,geo_cov_rur,2021,10.497
ltu,sex_m,age_aggregate_y25_54,geo_cov_rur,2022,8.336
ltu,sex_m,age_aggregate_y25_54,geo_cov_rur,2023,9.634
ltu,sex_m,age_aggregate_y25_54,geo_cov_rur,2024,8.368
ltu,sex_m,age_aggregate_y25_54,geo_cov_urb,2001,18.534
ltu,sex_m,age_aggregate_y25_54,geo_cov_urb,2002,14.476
ltu,sex_m,age_aggregate_y25_54,geo_cov_urb,2003,12.799
ltu,sex_m,age_aggregate_y25_54,geo_cov_urb,2004,8.714
ltu,sex_m,age_aggregate_y25_54,geo_cov_urb,2005,8.254
ltu,sex_m,age_aggregate_y25_54,geo_cov_urb,2006,5.262
ltu,sex_m,age_aggregate_y25_54,geo_cov_urb,2007,4.926
ltu,sex_m,age_aggregate_y25_54,geo_cov_urb,2008,6.428
ltu,sex_m,age_aggregate_y25_54,geo_cov_urb,2009,16.06
ltu,sex_m,age_aggregate_y25_54,geo_cov_urb,2010,18.468
ltu,sex_m,age_aggregate_y25_54,geo_cov_urb,2011,13.559
ltu,sex_m,age_aggregate_y25_54,geo_cov_urb,2012,10.49
ltu,sex_m,age_aggregate_y25_54,geo_cov_urb,2013,8.695
ltu,sex_m,age_aggregate_y25_54,geo_cov_urb,2014,8.63
ltu,sex_m,age_aggregate_y25_54,geo_cov_urb,2015,7.309
ltu,sex_m,age_aggregate_y25_54,geo_cov_urb,2016,6.725
ltu,sex_m,age_aggregate_y25_54,geo_cov_urb,2017,6.665
ltu,sex_m,age_aggregate_y25_54,geo_cov_urb,2018,5.447
ltu,sex_m,age_aggregate_y25_54,geo_cov_urb,2019,5.67
ltu,sex_m,age_aggregate_y25_54,geo_cov_urb,2020,7.676
ltu,sex_m,age_aggregate_y25_54,geo_cov_urb,2021,7.927
ltu,sex_m,age_aggregate_y25_54,geo_cov_urb,2022,6.449
ltu,sex_m,age_aggregate_y25_54,geo_cov_urb,2023,6.631
ltu,sex_m,age_aggregate_y25_54,geo_cov_urb,2024,7.435
ltu,sex_m,age_aggregate_y55_64,geo_cov_nat,2001,22.479
ltu,sex_m,age_aggregate_y55_64,geo_cov_nat,2002,14.65
ltu,sex_m,age_aggregate_y55_64,geo_cov_nat,2003,13.513
ltu,sex_m,age_aggregate_y55_64,geo_cov_nat,2004,13.202
ltu,sex_m,age_aggregate_y55_64,geo_cov_nat,2005,10.148
ltu,sex_m,age_aggregate_y55_64,geo_cov_nat,2006,9.833
ltu,sex_m,age_aggregate_y55_64,geo_cov_nat,2007,6.598
ltu,sex_m,age_aggregate_y55_64,geo_cov_nat,2008,8.034
ltu,sex_m,age_aggregate_y55_64,geo_cov_nat,2009,16.885
ltu,sex_m,age_aggregate_y55_64,geo_cov_nat,2010,19.408
ltu,sex_m,age_aggregate_y55_64,geo_cov_nat,2011,17.766
ltu,sex_m,age_aggregate_y55_64,geo_cov_nat,2012,15.118
ltu,sex_m,age_aggregate_y55_64,geo_cov_nat,2013,15.328
ltu,sex_m,age_aggregate_y55_64,geo_cov_nat,2014,14.936
ltu,sex_m,age_aggregate_y55_64,geo_cov_nat,2015,11.942
ltu,sex_m,age_aggregate_y55_64,geo_cov_nat,2016,11.213
ltu,sex_m,age_aggregate_y55_64,geo_cov_nat,2017,11.074
ltu,sex_m,age_aggregate_y55_64,geo_cov_nat,2018,9.603
ltu,sex_m,age_aggregate_y55_64,geo_cov_nat,2019,8.671
ltu,sex_m,age_aggregate_y55_64,geo_cov_nat,2020,12.331
ltu,sex_m,age_aggregate_y55_64,geo_cov_nat,2021,10.988
ltu,sex_m,age_aggregate_y55_64,geo_cov_nat,2022,9.711
ltu,sex_m,age_aggregate_y55_64,geo_cov_nat,2023,12.048
ltu,sex_m,age_aggregate_y55_64,geo_cov_nat,2024,13.73
ltu,sex_m,age_aggregate_y55_64,geo_cov_rur,2001,21.381
ltu,sex_m,age_aggregate_y55_64,geo_cov_rur,2002,9.806
ltu,sex_m,age_aggregate_y55_64,geo_cov_rur,2003,10.85
ltu,sex_m,age_aggregate_y55_64,geo_cov_rur,2004,11.538
ltu,sex_m,age_aggregate_y55_64,geo_cov_rur,2005,8.985
ltu,sex_m,age_aggregate_y55_64,geo_cov_rur,2006,10.012
ltu,sex_m,age_aggregate_y55_64,geo_cov_rur,2007,6.324
ltu,sex_m,age_aggregate_y55_64,geo_cov_rur,2008,8.786
ltu,sex_m,age_aggregate_y55_64,geo_cov_rur,2009,17.584
ltu,sex_m,age_aggregate_y55_64,geo_cov_rur,2010,21.323
ltu,sex_m,age_aggregate_y55_64,geo_cov_rur,2011,19.966
ltu,sex_m,age_aggregate_y55_64,geo_cov_rur,2012,21.026
ltu,sex_m,age_aggregate_y55_64,geo_cov_rur,2013,21.427
ltu,sex_m,age_aggregate_y55_64,geo_cov_rur,2014,20.959
ltu,sex_m,age_aggregate_y55_64,geo_cov_rur,2015,17.196
ltu,sex_m,age_aggregate_y55_64,geo_cov_rur,2016,16.634
ltu,sex_m,age_aggregate_y55_64,geo_cov_rur,2017,17.619
ltu,sex_m,age_aggregate_y55_64,geo_cov_rur,2018,13.875
ltu,sex_m,age_aggregate_y55_64,geo_cov_rur,2019,10.977
ltu,sex_m,age_aggregate_y55_64,geo_cov_rur,2020,12.787
ltu,sex_m,age_aggregate_y55_64,geo_cov_rur,2021,10.88
ltu,sex_m,age_aggregate_y55_64,geo_cov_rur,2022,11.59
ltu,sex_m,age_aggregate_y55_64,geo_cov_rur,2023,13.363
ltu,sex_m,age_aggregate_y55_64,geo_cov_rur,2024,13.559
ltu,sex_m,age_aggregate_y55_64,geo_cov_urb,2001,24.233
ltu,sex_m,age_aggregate_y55_64,geo_cov_urb,2002,23.27
ltu,sex_m,age_aggregate_y55_64,geo_cov_urb,2003,17.138
ltu,sex_m,age_aggregate_y55_64,geo_cov_urb,2004,15.704
ltu,sex_m,age_aggregate_y55_64,geo_cov_urb,2005,11.646
ltu,sex_m,age_aggregate_y55_64,geo_cov_urb,2006,9.599
ltu,sex_m,age_aggregate_y55_64,geo_cov_urb,2007,6.992
ltu,sex_m,age_aggregate_y55_64,geo_cov_urb,2008,7.063
ltu,sex_m,age_aggregate_y55_64,geo_cov_urb,2009,15.96
ltu,sex_m,age_aggregate_y55_64,geo_cov_urb,2010,16.951
ltu,sex_m,age_aggregate_y55_64,geo_cov_urb,2011,14.867
ltu,sex_m,age_aggregate_y55_64,geo_cov_urb,2012,10.083
ltu,sex_m,age_aggregate_y55_64,geo_cov_urb,2013,10.098
ltu,sex_m,age_aggregate_y55_64,geo_cov_urb,2014,9.431
ltu,sex_m,age_aggregate_y55_64,geo_cov_urb,2015,6.865
ltu,sex_m,age_aggregate_y55_64,geo_cov_urb,2016,5.69
ltu,sex_m,age_aggregate_y55_64,geo_cov_urb,2017,7.111
ltu,sex_m,age_aggregate_y55_64,geo_cov_urb,2018,6.852
ltu,sex_m,age_aggregate_y55_64,geo_cov_urb,2019,6.721
ltu,sex_m,age_aggregate_y55_64,geo_cov_urb,2020,11.933
ltu,sex_m,age_aggregate_y55_64,geo_cov_urb,2021,11.074
ltu,sex_m,age_aggregate_y55_64,geo_cov_urb,2022,8.186
ltu,sex_m,age_aggregate_y55_64,geo_cov_urb,2023,11.016
ltu,sex_m,age_aggregate_y55_64,geo_cov_urb,2024,13.858
ltu,sex_m,age_aggregate_yge65,geo_cov_nat,2001,17.874
ltu,sex_m,age_aggregate_yge65,geo_cov_nat,2002,8.068
ltu,sex_m,age_aggregate_yge65,geo_cov_nat,2003,9.212
ltu,sex_m,age_aggregate_yge65,geo_cov_nat,2005,6.974
ltu,sex_m,age_aggregate_yge65,geo_cov_nat,2006,6.75
ltu,sex_m,age_aggregate_yge65,geo_cov_nat,2007,2.594
ltu,sex_m,age_aggregate_yge65,geo_cov_nat,2008,7.911
ltu,sex_m,age_aggregate_yge65,geo_cov_nat,2009,6.743
ltu,sex_m,age_aggregate_yge65,geo_cov_nat,2010,6.106
ltu,sex_m,age_aggregate_yge65,geo_cov_nat,2011,3.983
ltu,sex_m,age_aggregate_yge65,geo_cov_nat,2014,1.79
ltu,sex_m,age_aggregate_yge65,geo_cov_nat,2015,2.849
ltu,sex_m,age_aggregate_yge65,geo_cov_nat,2016,3.398
ltu,sex_m,age_aggregate_yge65,geo_cov_nat,2017,2.323
ltu,sex_m,age_aggregate_yge65,geo_cov_nat,2018,1.625
ltu,sex_m,age_aggregate_yge65,geo_cov_nat,2019,1.759
ltu,sex_m,age_aggregate_yge65,geo_cov_nat,2020,1.767
ltu,sex_m,age_aggregate_yge65,geo_cov_nat,2021,1.23
ltu,sex_m,age_aggregate_yge65,geo_cov_nat,2022,0.818
ltu,sex_m,age_aggregate_yge65,geo_cov_nat,2023,3.077
ltu,sex_m,age_aggregate_yge65,geo_cov_nat,2024,3.819
ltu,sex_m,age_aggregate_yge65,geo_cov_rur,2008,7.24
ltu,sex_m,age_aggregate_yge65,geo_cov_rur,2010,3.673
ltu,sex_m,age_aggregate_yge65,geo_cov_rur,2014,2.784
ltu,sex_m,age_aggregate_yge65,geo_cov_rur,2015,5.522
ltu,sex_m,age_aggregate_yge65,geo_cov_rur,2016,2.533
ltu,sex_m,age_aggregate_yge65,geo_cov_rur,2020,1.357
ltu,sex_m,age_aggregate_yge65,geo_cov_rur,2023,3.995
ltu,sex_m,age_aggregate_yge65,geo_cov_rur,2024,5.018
ltu,sex_m,age_aggregate_yge65,geo_cov_urb,2001,28.046
ltu,sex_m,age_aggregate_yge65,geo_cov_urb,2002,13.539
ltu,sex_m,age_aggregate_yge65,geo_cov_urb,2003,17.275
ltu,sex_m,age_aggregate_yge65,geo_cov_urb,2005,10.966
ltu,sex_m,age_aggregate_yge65,geo_cov_urb,2007,3.093
ltu,sex_m,age_aggregate_yge65,geo_cov_urb,2008,8.4
ltu,sex_m,age_aggregate_yge65,geo_cov_urb,2009,10.532
ltu,sex_m,age_aggregate_yge65,geo_cov_urb,2010,7.895
ltu,sex_m,age_aggregate_yge65,geo_cov_urb,2011,5.037
ltu,sex_m,age_aggregate_yge65,geo_cov_urb,2015,0.821
ltu,sex_m,age_aggregate_yge65,geo_cov_urb,2016,4.092
ltu,sex_m,age_aggregate_yge65,geo_cov_urb,2017,3.076
ltu,sex_m,age_aggregate_yge65,geo_cov_urb,2018,2.031
ltu,sex_m,age_aggregate_yge65,geo_cov_urb,2019,1.699
ltu,sex_m,age_aggregate_yge65,geo_cov_urb,2020,2.075
ltu,sex_m,age_aggregate_yge65,geo_cov_urb,2021,1.502
ltu,sex_m,age_aggregate_yge65,geo_cov_urb,2023,2.462
ltu,sex_m,age_aggregate_yge65,geo_cov_urb,2024,3.037
ltu,sex_m,age_ythadult_y15_24,geo_cov_nat,2001,40.374
ltu,sex_m,age_ythadult_y15_24,geo_cov_nat,2002,25.111
ltu,sex_m,age_ythadult_y15_24,geo_cov_nat,2003,26.702
ltu,sex_m,age_ythadult_y15_24,geo_cov_nat,2004,27.152
ltu,sex_m,age_ythadult_y15_24,geo_cov_nat,2005,19.796
ltu,sex_m,age_ythadult_y15_24,geo_cov_nat,2006,14.219
ltu,sex_m,age_ythadult_y15_24,geo_cov_nat,2007,12.92
ltu,sex_m,age_ythadult_y15_24,geo_cov_nat,2008,19.126
ltu,sex_m,age_ythadult_y15_24,geo_cov_nat,2009,39.531
ltu,sex_m,age_ythadult_y15_24,geo_cov_nat,2010,43.205
ltu,sex_m,age_ythadult_y15_24,geo_cov_nat,2011,37.364
ltu,sex_m,age_ythadult_y15_24,geo_cov_nat,2012,31.735
ltu,sex_m,age_ythadult_y15_24,geo_cov_nat,2013,25.782
ltu,sex_m,age_ythadult_y15_24,geo_cov_nat,2014,21.537
ltu,sex_m,age_ythadult_y15_24,geo_cov_nat,2015,19.291
ltu,sex_m,age_ythadult_y15_24,geo_cov_nat,2016,19.404
ltu,sex_m,age_ythadult_y15_24,geo_cov_nat,2017,17.926
ltu,sex_m,age_ythadult_y15_24,geo_cov_nat,2018,12.88
ltu,sex_m,age_ythadult_y15_24,geo_cov_nat,2019,17.089
ltu,sex_m,age_ythadult_y15_24,geo_cov_nat,2020,24.799
ltu,sex_m,age_ythadult_y15_24,geo_cov_nat,2021,16.778
ltu,sex_m,age_ythadult_y15_24,geo_cov_nat,2022,15.727
ltu,sex_m,age_ythadult_y15_24,geo_cov_nat,2023,20.112
ltu,sex_m,age_ythadult_y15_24,geo_cov_nat,2024,19.154
ltu,sex_m,age_ythadult_y15_24,geo_cov_rur,2001,37.701
ltu,sex_m,age_ythadult_y15_24,geo_cov_rur,2002,28.436
ltu,sex_m,age_ythadult_y15_24,geo_cov_rur,2003,24.287
ltu,sex_m,age_ythadult_y15_24,geo_cov_rur,2004,26.698
ltu,sex_m,age_ythadult_y15_24,geo_cov_rur,2005,19.092
ltu,sex_m,age_ythadult_y15_24,geo_cov_rur,2006,13.061
ltu,sex_m,age_ythadult_y15_24,geo_cov_rur,2007,13.749
ltu,sex_m,age_ythadult_y15_24,geo_cov_rur,2008,16.939
ltu,sex_m,age_ythadult_y15_24,geo_cov_rur,2009,41.35
ltu,sex_m,age_ythadult_y15_24,geo_cov_rur,2010,45.96
ltu,sex_m,age_ythadult_y15_24,geo_cov_rur,2011,41.382
ltu,sex_m,age_ythadult_y15_24,geo_cov_rur,2012,39.021
ltu,sex_m,age_ythadult_y15_24,geo_cov_rur,2013,28.97
ltu,sex_m,age_ythadult_y15_24,geo_cov_rur,2014,26.275
ltu,sex_m,age_ythadult_y15_24,geo_cov_rur,2015,19.648
ltu,sex_m,age_ythadult_y15_24,geo_cov_rur,2016,22.577
ltu,sex_m,age_ythadult_y15_24,geo_cov_rur,2017,20.752
ltu,sex_m,age_ythadult_y15_24,geo_cov_rur,2018,16.983
ltu,sex_m,age_ythadult_y15_24,geo_cov_rur,2019,21.354
ltu,sex_m,age_ythadult_y15_24,geo_cov_rur,2020,30.179
ltu,sex_m,age_ythadult_y15_24,geo_cov_rur,2021,17.798
ltu,sex_m,age_ythadult_y15_24,geo_cov_rur,2022,18.526
ltu,sex_m,age_ythadult_y15_24,geo_cov_rur,2023,23.011
ltu,sex_m,age_ythadult_y15_24,geo_cov_rur,2024,24.042
ltu,sex_m,age_ythadult_y15_24,geo_cov_urb,2001,44.213
ltu,sex_m,age_ythadult_y15_24,geo_cov_urb,2002,20.312
ltu,sex_m,age_ythadult_y15_24,geo_cov_urb,2003,30.96
ltu,sex_m,age_ythadult_y15_24,geo_cov_urb,2004,27.767
ltu,sex_m,age_ythadult_y15_24,geo_cov_urb,2005,20.695
ltu,sex_m,age_ythadult_y15_24,geo_cov_urb,2006,15.796
ltu,sex_m,age_ythadult_y15_24,geo_cov_urb,2007,11.674
ltu,sex_m,age_ythadult_y15_24,geo_cov_urb,2008,22.089
ltu,sex_m,age_ythadult_y15_24,geo_cov_urb,2009,36.772
ltu,sex_m,age_ythadult_y15_24,geo_cov_urb,2010,38.939
ltu,sex_m,age_ythadult_y15_24,geo_cov_urb,2011,31.251
ltu,sex_m,age_ythadult_y15_24,geo_cov_urb,2012,23.755
ltu,sex_m,age_ythadult_y15_24,geo_cov_urb,2013,22.393
ltu,sex_m,age_ythadult_y15_24,geo_cov_urb,2014,16.403
ltu,sex_m,age_ythadult_y15_24,geo_cov_urb,2015,18.852
ltu,sex_m,age_ythadult_y15_24,geo_cov_urb,2016,15.72
ltu,sex_m,age_ythadult_y15_24,geo_cov_urb,2017,15.678
ltu,sex_m,age_ythadult_y15_24,geo_cov_urb,2018,9.829
ltu,sex_m,age_ythadult_y15_24,geo_cov_urb,2019,13.489
ltu,sex_m,age_ythadult_y15_24,geo_cov_urb,2020,20.417
ltu,sex_m,age_ythadult_y15_24,geo_cov_urb,2021,16.005
ltu,sex_m,age_ythadult_y15_24,geo_cov_urb,2022,13.344
ltu,sex_m,age_ythadult_y15_24,geo_cov_urb,2023,17.798
ltu,sex_m,age_ythadult_y15_24,geo_cov_urb,2024,15.101
ltu,sex_m,age_ythadult_y15_64,geo_cov_nat,2001,22.404
ltu,sex_m,age_ythadult_y15_64,geo_cov_nat,2002,15.818
ltu,sex_m,age_ythadult_y15_64,geo_cov_nat,2003,14.363
ltu,sex_m,age_ythadult_y15_64,geo_cov_nat,2004,12.326
ltu,sex_m,age_ythadult_y15_64,geo_cov_nat,2005,10.106
ltu,sex_m,age_ythadult_y15_64,geo_cov_nat,2006,8.001
ltu,sex_m,age_ythadult_y15_64,geo_cov_nat,2007,6.704
ltu,sex_m,age_ythadult_y15_64,geo_cov_nat,2008,9.351
ltu,sex_m,age_ythadult_y15_64,geo_cov_nat,2009,20.173
ltu,sex_m,age_ythadult_y15_64,geo_cov_nat,2010,23.455
ltu,sex_m,age_ythadult_y15_64,geo_cov_nat,2011,19.678
ltu,sex_m,age_ythadult_y15_64,geo_cov_nat,2012,17.005
ltu,sex_m,age_ythadult_y15_64,geo_cov_nat,2013,14.688
ltu,sex_m,age_ythadult_y15_64,geo_cov_nat,2014,13.547
ltu,sex_m,age_ythadult_y15_64,geo_cov_nat,2015,11.654
ltu,sex_m,age_ythadult_y15_64,geo_cov_nat,2016,10.992
ltu,sex_m,age_ythadult_y15_64,geo_cov_nat,2017,10.489
ltu,sex_m,age_ythadult_y15_64,geo_cov_nat,2018,8.337
ltu,sex_m,age_ythadult_y15_64,geo_cov_nat,2019,8.664
ltu,sex_m,age_ythadult_y15_64,geo_cov_nat,2020,11.276
ltu,sex_m,age_ythadult_y15_64,geo_cov_nat,2021,9.939
ltu,sex_m,age_ythadult_y15_64,geo_cov_nat,2022,8.314
ltu,sex_m,age_ythadult_y15_64,geo_cov_nat,2023,9.48
ltu,sex_m,age_ythadult_y15_64,geo_cov_nat,2024,9.788
ltu,sex_m,age_ythadult_y15_64,geo_cov_rur,2001,22.5
ltu,sex_m,age_ythadult_y15_64,geo_cov_rur,2002,15.656
ltu,sex_m,age_ythadult_y15_64,geo_cov_rur,2003,13.818
ltu,sex_m,age_ythadult_y15_64,geo_cov_rur,2004,12.969
ltu,sex_m,age_ythadult_y15_64,geo_cov_rur,2005,10.249
ltu,sex_m,age_ythadult_y15_64,geo_cov_rur,2006,8.86
ltu,sex_m,age_ythadult_y15_64,geo_cov_rur,2007,7.341
ltu,sex_m,age_ythadult_y15_64,geo_cov_rur,2008,10.188
ltu,sex_m,age_ythadult_y15_64,geo_cov_rur,2009,21.788
ltu,sex_m,age_ythadult_y15_64,geo_cov_rur,2010,26.053
ltu,sex_m,age_ythadult_y15_64,geo_cov_rur,2011,23.049
ltu,sex_m,age_ythadult_y15_64,geo_cov_rur,2012,23.215
ltu,sex_m,age_ythadult_y15_64,geo_cov_rur,2013,19.798
ltu,sex_m,age_ythadult_y15_64,geo_cov_rur,2014,18.107
ltu,sex_m,age_ythadult_y15_64,geo_cov_rur,2015,15.293
ltu,sex_m,age_ythadult_y15_64,geo_cov_rur,2016,14.849
ltu,sex_m,age_ythadult_y15_64,geo_cov_rur,2017,15.489
ltu,sex_m,age_ythadult_y15_64,geo_cov_rur,2018,12.114
ltu,sex_m,age_ythadult_y15_64,geo_cov_rur,2019,11.809
ltu,sex_m,age_ythadult_y15_64,geo_cov_rur,2020,13.965
ltu,sex_m,age_ythadult_y15_64,geo_cov_rur,2021,11.169
ltu,sex_m,age_ythadult_y15_64,geo_cov_rur,2022,9.914
ltu,sex_m,age_ythadult_y15_64,geo_cov_rur,2023,11.495
ltu,sex_m,age_ythadult_y15_64,geo_cov_rur,2024,10.815
ltu,sex_m,age_ythadult_y15_64,geo_cov_urb,2001,22.26
ltu,sex_m,age_ythadult_y15_64,geo_cov_urb,2002,16.051
ltu,sex_m,age_ythadult_y15_64,geo_cov_urb,2003,15.139
ltu,sex_m,age_ythadult_y15_64,geo_cov_urb,2004,11.476
ltu,sex_m,age_ythadult_y15_64,geo_cov_urb,2005,9.918
ltu,sex_m,age_ythadult_y15_64,geo_cov_urb,2006,6.828
ltu,sex_m,age_ythadult_y15_64,geo_cov_urb,2007,5.85
ltu,sex_m,age_ythadult_y15_64,geo_cov_urb,2008,8.281
ltu,sex_m,age_ythadult_y15_64,geo_cov_urb,2009,18.102
ltu,sex_m,age_ythadult_y15_64,geo_cov_urb,2010,20.167
ltu,sex_m,age_ythadult_y15_64,geo_cov_urb,2011,15.329
ltu,sex_m,age_ythadult_y15_64,geo_cov_urb,2012,11.58
ltu,sex_m,age_ythadult_y15_64,geo_cov_urb,2013,10.203
ltu,sex_m,age_ythadult_y15_64,geo_cov_urb,2014,9.508
ltu,sex_m,age_ythadult_y15_64,geo_cov_urb,2015,8.242
ltu,sex_m,age_ythadult_y15_64,geo_cov_urb,2016,7.349
ltu,sex_m,age_ythadult_y15_64,geo_cov_urb,2017,7.484
ltu,sex_m,age_ythadult_y15_64,geo_cov_urb,2018,6.061
ltu,sex_m,age_ythadult_y15_64,geo_cov_urb,2019,6.458
ltu,sex_m,age_ythadult_y15_64,geo_cov_urb,2020,9.397
ltu,sex_m,age_ythadult_y15_64,geo_cov_urb,2021,9.092
ltu,sex_m,age_ythadult_y15_64,geo_cov_urb,2022,7.229
ltu,sex_m,age_ythadult_y15_64,geo_cov_urb,2023,8.156
ltu,sex_m,age_ythadult_y15_64,geo_cov_urb,2024,9.126
ltu,sex_m,age_ythadult_yge15,geo_cov_nat,2001,22.311
ltu,sex_m,age_ythadult_yge15,geo_cov_nat,2002,15.686
ltu,sex_m,age_ythadult_yge15,geo_cov_nat,2003,14.253
ltu,sex_m,age_ythadult_yge15,geo_cov_nat,2004,12.252
ltu,sex_m,age_ythadult_yge15,geo_cov_nat,2005,10.058
ltu,sex_m,age_ythadult_yge15,geo_cov_nat,2006,7.979
ltu,sex_m,age_ythadult_yge15,geo_cov_nat,2007,6.614
ltu,sex_m,age_ythadult_yge15,geo_cov_nat,2008,9.317
ltu,sex_m,age_ythadult_yge15,geo_cov_nat,2009,19.914
ltu,sex_m,age_ythadult_yge15,geo_cov_nat,2010,23.163
ltu,sex_m,age_ythadult_yge15,geo_cov_nat,2011,19.381
ltu,sex_m,age_ythadult_yge15,geo_cov_nat,2012,16.673
ltu,sex_m,age_ythadult_yge15,geo_cov_nat,2013,14.385
ltu,sex_m,age_ythadult_yge15,geo_cov_nat,2014,13.299
ltu,sex_m,age_ythadult_yge15,geo_cov_nat,2015,11.447
ltu,sex_m,age_ythadult_yge15,geo_cov_nat,2016,10.783
ltu,sex_m,age_ythadult_yge15,geo_cov_nat,2017,10.217
ltu,sex_m,age_ythadult_yge15,geo_cov_nat,2018,8.11
ltu,sex_m,age_ythadult_yge15,geo_cov_nat,2019,8.425
ltu,sex_m,age_ythadult_yge15,geo_cov_nat,2020,10.895
ltu,sex_m,age_ythadult_yge15,geo_cov_nat,2021,9.622
ltu,sex_m,age_ythadult_yge15,geo_cov_nat,2022,8.006
ltu,sex_m,age_ythadult_yge15,geo_cov_nat,2023,9.188
ltu,sex_m,age_ythadult_yge15,geo_cov_nat,2024,9.498
ltu,sex_m,age_ythadult_yge15,geo_cov_rur,2001,22.242
ltu,sex_m,age_ythadult_yge15,geo_cov_rur,2002,15.468
ltu,sex_m,age_ythadult_yge15,geo_cov_rur,2003,13.596
ltu,sex_m,age_ythadult_yge15,geo_cov_rur,2004,12.821
ltu,sex_m,age_ythadult_yge15,geo_cov_rur,2005,10.147
ltu,sex_m,age_ythadult_yge15,geo_cov_rur,2006,8.801
ltu,sex_m,age_ythadult_yge15,geo_cov_rur,2007,7.252
ltu,sex_m,age_ythadult_yge15,geo_cov_rur,2008,10.135
ltu,sex_m,age_ythadult_yge15,geo_cov_rur,2009,21.503
ltu,sex_m,age_ythadult_yge15,geo_cov_rur,2010,25.765
ltu,sex_m,age_ythadult_yge15,geo_cov_rur,2011,22.767
ltu,sex_m,age_ythadult_yge15,geo_cov_rur,2012,22.839
ltu,sex_m,age_ythadult_yge15,geo_cov_rur,2013,19.457
ltu,sex_m,age_ythadult_yge15,geo_cov_rur,2014,17.838
ltu,sex_m,age_ythadult_yge15,geo_cov_rur,2015,15.088
ltu,sex_m,age_ythadult_yge15,geo_cov_rur,2016,14.538
ltu,sex_m,age_ythadult_yge15,geo_cov_rur,2017,15.031
ltu,sex_m,age_ythadult_yge15,geo_cov_rur,2018,11.776
ltu,sex_m,age_ythadult_yge15,geo_cov_rur,2019,11.484
ltu,sex_m,age_ythadult_yge15,geo_cov_rur,2020,13.438
ltu,sex_m,age_ythadult_yge15,geo_cov_rur,2021,10.784
ltu,sex_m,age_ythadult_yge15,geo_cov_rur,2022,9.525
ltu,sex_m,age_ythadult_yge15,geo_cov_rur,2023,11.148
ltu,sex_m,age_ythadult_yge15,geo_cov_rur,2024,10.532
ltu,sex_m,age_ythadult_yge15,geo_cov_urb,2001,22.411
ltu,sex_m,age_ythadult_yge15,geo_cov_urb,2002,15.996
ltu,sex_m,age_ythadult_yge15,geo_cov_urb,2003,15.187
ltu,sex_m,age_ythadult_yge15,geo_cov_urb,2004,11.508
ltu,sex_m,age_ythadult_yge15,geo_cov_urb,2005,9.942
ltu,sex_m,age_ythadult_yge15,geo_cov_urb,2006,6.87
ltu,sex_m,age_ythadult_yge15,geo_cov_urb,2007,5.768
ltu,sex_m,age_ythadult_yge15,geo_cov_urb,2008,8.285
ltu,sex_m,age_ythadult_yge15,geo_cov_urb,2009,17.902
ltu,sex_m,age_ythadult_yge15,geo_cov_urb,2010,19.899
ltu,sex_m,age_ythadult_yge15,geo_cov_urb,2011,15.065
ltu,sex_m,age_ythadult_yge15,geo_cov_urb,2012,11.33
ltu,sex_m,age_ythadult_yge15,geo_cov_urb,2013,9.969
ltu,sex_m,age_ythadult_yge15,geo_cov_urb,2014,9.306
ltu,sex_m,age_ythadult_yge15,geo_cov_urb,2015,8.05
ltu,sex_m,age_ythadult_yge15,geo_cov_urb,2016,7.252
ltu,sex_m,age_ythadult_yge15,geo_cov_urb,2017,7.333
ltu,sex_m,age_ythadult_yge15,geo_cov_urb,2018,5.915
ltu,sex_m,age_ythadult_yge15,geo_cov_urb,2019,6.287
ltu,sex_m,age_ythadult_yge15,geo_cov_urb,2020,9.112
ltu,sex_m,age_ythadult_yge15,geo_cov_urb,2021,8.82
ltu,sex_m,age_ythadult_yge15,geo_cov_urb,2022,6.979
ltu,sex_m,age_ythadult_yge15,geo_cov_urb,2023,7.898
ltu,sex_m,age_ythadult_yge15,geo_cov_urb,2024,8.832
ltu,sex_m,age_ythadult_yge25,geo_cov_nat,2001,19.946
ltu,sex_m,age_ythadult_yge25,geo_cov_nat,2002,14.496
ltu,sex_m,age_ythadult_yge25,geo_cov_nat,2003,12.691
ltu,sex_m,age_ythadult_yge25,geo_cov_nat,2004,10.527
ltu,sex_m,age_ythadult_yge25,geo_cov_nat,2005,9.026
ltu,sex_m,age_ythadult_yge25,geo_cov_nat,2006,7.318
ltu,sex_m,age_ythadult_yge25,geo_cov_nat,2007,5.878
ltu,sex_m,age_ythadult_yge25,geo_cov_nat,2008,8.053
ltu,sex_m,age_ythadult_yge25,geo_cov_nat,2009,17.557
ltu,sex_m,age_ythadult_yge25,geo_cov_nat,2010,20.881
ltu,sex_m,age_ythadult_yge25,geo_cov_nat,2011,17.443
ltu,sex_m,age_ythadult_yge25,geo_cov_nat,2012,15.095
ltu,sex_m,age_ythadult_yge25,geo_cov_nat,2013,13.09
ltu,sex_m,age_ythadult_yge25,geo_cov_nat,2014,12.332
ltu,sex_m,age_ythadult_yge25,geo_cov_nat,2015,10.596
ltu,sex_m,age_ythadult_yge25,geo_cov_nat,2016,9.862
ltu,sex_m,age_ythadult_yge25,geo_cov_nat,2017,9.468
ltu,sex_m,age_ythadult_yge25,geo_cov_nat,2018,7.681
ltu,sex_m,age_ythadult_yge25,geo_cov_nat,2019,7.671
ltu,sex_m,age_ythadult_yge25,geo_cov_nat,2020,9.739
ltu,sex_m,age_ythadult_yge25,geo_cov_nat,2021,9.052
ltu,sex_m,age_ythadult_yge25,geo_cov_nat,2022,7.437
ltu,sex_m,age_ythadult_yge25,geo_cov_nat,2023,8.417
ltu,sex_m,age_ythadult_yge25,geo_cov_nat,2024,8.769
ltu,sex_m,age_ythadult_yge25,geo_cov_rur,2001,20.237
ltu,sex_m,age_ythadult_yge25,geo_cov_rur,2002,13.82
ltu,sex_m,age_ythadult_yge25,geo_cov_rur,2003,12.123
ltu,sex_m,age_ythadult_yge25,geo_cov_rur,2004,11.188
ltu,sex_m,age_ythadult_yge25,geo_cov_rur,2005,9.208
ltu,sex_m,age_ythadult_yge25,geo_cov_rur,2006,8.347
ltu,sex_m,age_ythadult_yge25,geo_cov_rur,2007,6.449
ltu,sex_m,age_ythadult_yge25,geo_cov_rur,2008,9.227
ltu,sex_m,age_ythadult_yge25,geo_cov_rur,2009,18.907
ltu,sex_m,age_ythadult_yge25,geo_cov_rur,2010,23.228
ltu,sex_m,age_ythadult_yge25,geo_cov_rur,2011,20.589
ltu,sex_m,age_ythadult_yge25,geo_cov_rur,2012,20.904
ltu,sex_m,age_ythadult_yge25,geo_cov_rur,2013,18.246
ltu,sex_m,age_ythadult_yge25,geo_cov_rur,2014,16.723
ltu,sex_m,age_ythadult_yge25,geo_cov_rur,2015,14.513
ltu,sex_m,age_ythadult_yge25,geo_cov_rur,2016,13.575
ltu,sex_m,age_ythadult_yge25,geo_cov_rur,2017,14.361
ltu,sex_m,age_ythadult_yge25,geo_cov_rur,2018,11.236
ltu,sex_m,age_ythadult_yge25,geo_cov_rur,2019,10.518
ltu,sex_m,age_ythadult_yge25,geo_cov_rur,2020,11.911
ltu,sex_m,age_ythadult_yge25,geo_cov_rur,2021,10.192
ltu,sex_m,age_ythadult_yge25,geo_cov_rur,2022,8.761
ltu,sex_m,age_ythadult_yge25,geo_cov_rur,2023,10.204
ltu,sex_m,age_ythadult_yge25,geo_cov_rur,2024,9.338
ltu,sex_m,age_ythadult_yge25,geo_cov_urb,2001,19.52
ltu,sex_m,age_ythadult_yge25,geo_cov_urb,2002,15.456
ltu,sex_m,age_ythadult_yge25,geo_cov_urb,2003,13.479
ltu,sex_m,age_ythadult_yge25,geo_cov_urb,2004,9.666
ltu,sex_m,age_ythadult_yge25,geo_cov_urb,2005,8.789
ltu,sex_m,age_ythadult_yge25,geo_cov_urb,2006,5.929
ltu,sex_m,age_ythadult_yge25,geo_cov_urb,2007,5.134
ltu,sex_m,age_ythadult_yge25,geo_cov_urb,2008,6.583
ltu,sex_m,age_ythadult_yge25,geo_cov_urb,2009,15.885
ltu,sex_m,age_ythadult_yge25,geo_cov_urb,2010,18.006
ltu,sex_m,age_ythadult_yge25,geo_cov_urb,2011,13.508
ltu,sex_m,age_ythadult_yge25,geo_cov_urb,2012,10.183
ltu,sex_m,age_ythadult_yge25,geo_cov_urb,2013,8.703
ltu,sex_m,age_ythadult_yge25,geo_cov_urb,2014,8.563
ltu,sex_m,age_ythadult_yge25,geo_cov_urb,2015,7.049
ltu,sex_m,age_ythadult_yge25,geo_cov_urb,2016,6.449
ltu,sex_m,age_ythadult_yge25,geo_cov_urb,2017,6.619
ltu,sex_m,age_ythadult_yge25,geo_cov_urb,2018,5.594
ltu,sex_m,age_ythadult_yge25,geo_cov_urb,2019,5.713
ltu,sex_m,age_ythadult_yge25,geo_cov_urb,2020,8.236
ltu,sex_m,age_ythadult_yge25,geo_cov_urb,2021,8.272
ltu,sex_m,age_ythadult_yge25,geo_cov_urb,2022,6.557
ltu,sex_m,age_ythadult_yge25,geo_cov_urb,2023,7.257
ltu,sex_m,age_ythadult_yge25,geo_cov_urb,2024,8.408
ltu,sex_t,age_aggregate_total,geo_cov_nat,2001,19.728
ltu,sex_t,age_aggregate_total,geo_cov_nat,2002,15.735
ltu,sex_t,age_aggregate_total,geo_cov_nat,2003,14.746
ltu,sex_t,age_aggregate_total,geo_cov_nat,2004,12.783
ltu,sex_t,age_aggregate_total,geo_cov_nat,2005,10.315
ltu,sex_t,age_aggregate_total,geo_cov_nat,2006,7.96
ltu,sex_t,age_aggregate_total,geo_cov_nat,2007,7.015
ltu,sex_t,age_aggregate_total,geo_cov_nat,2008,9.404
ltu,sex_t,age_aggregate_total,geo_cov_nat,2009,16.35
ltu,sex_t,age_aggregate_total,geo_cov_nat,2010,19.716
ltu,sex_t,age_aggregate_total,geo_cov_nat,2011,16.805
ltu,sex_t,age_aggregate_total,geo_cov_nat,2012,14.688
ltu,sex_t,age_aggregate_total,geo_cov_nat,2013,13.112
ltu,sex_t,age_aggregate_total,geo_cov_nat,2014,11.8
ltu,sex_t,age_aggregate_total,geo_cov_nat,2015,10.401
ltu,sex_t,age_aggregate_total,geo_cov_nat,2016,9.444
ltu,sex_t,age_aggregate_total,geo_cov_nat,2017,8.666
ltu,sex_t,age_aggregate_total,geo_cov_nat,2018,7.492
ltu,sex_t,age_aggregate_total,geo_cov_nat,2019,7.562
ltu,sex_t,age_aggregate_total,geo_cov_nat,2020,10.128
ltu,sex_t,age_aggregate_total,geo_cov_nat,2021,9.008
ltu,sex_t,age_aggregate_total,geo_cov_nat,2022,7.617
ltu,sex_t,age_aggregate_total,geo_cov_nat,2023,8.761
ltu,sex_t,age_aggregate_total,geo_cov_nat,2024,8.887
ltu,sex_t,age_aggregate_total,geo_cov_rur,2001,19.216
ltu,sex_t,age_aggregate_total,geo_cov_rur,2002,15.349
ltu,sex_t,age_aggregate_total,geo_cov_rur,2003,13.869
ltu,sex_t,age_aggregate_total,geo_cov_rur,2004,13.262
ltu,sex_t,age_aggregate_total,geo_cov_rur,2005,10.583
ltu,sex_t,age_aggregate_total,geo_cov_rur,2006,9.114
ltu,sex_t,age_aggregate_total,geo_cov_rur,2007,7.472
ltu,sex_t,age_aggregate_total,geo_cov_rur,2008,10.542
ltu,sex_t,age_aggregate_total,geo_cov_rur,2009,18.166
ltu,sex_t,age_aggregate_total,geo_cov_rur,2010,22.665
ltu,sex_t,age_aggregate_total,geo_cov_rur,2011,20.165
ltu,sex_t,age_aggregate_total,geo_cov_rur,2012,19.563
ltu,sex_t,age_aggregate_total,geo_cov_rur,2013,17.284
ltu,sex_t,age_aggregate_total,geo_cov_rur,2014,15.958
ltu,sex_t,age_aggregate_total,geo_cov_rur,2015,14.093
ltu,sex_t,age_aggregate_total,geo_cov_rur,2016,12.696
ltu,sex_t,age_aggregate_total,geo_cov_rur,2017,13.176
ltu,sex_t,age_aggregate_total,geo_cov_rur,2018,10.977
ltu,sex_t,age_aggregate_total,geo_cov_rur,2019,9.728
ltu,sex_t,age_aggregate_total,geo_cov_rur,2020,12.619
ltu,sex_t,age_aggregate_total,geo_cov_rur,2021,10.479
ltu,sex_t,age_aggregate_total,geo_cov_rur,2022,9.433
ltu,sex_t,age_aggregate_total,geo_cov_rur,2023,10.944
ltu,sex_t,age_aggregate_total,geo_cov_rur,2024,10.49
ltu,sex_t,age_aggregate_total,geo_cov_urb,2001,20.391
ltu,sex_t,age_aggregate_total,geo_cov_urb,2002,16.229
ltu,sex_t,age_aggregate_total,geo_cov_urb,2003,15.887
ltu,sex_t,age_aggregate_total,geo_cov_urb,2004,12.195
ltu,sex_t,age_aggregate_total,geo_cov_urb,2005,9.991
ltu,sex_t,age_aggregate_total,geo_cov_urb,2006,6.557
ltu,sex_t,age_aggregate_total,geo_cov_urb,2007,6.463
ltu,sex_t,age_aggregate_total,geo_cov_urb,2008,8.086
ltu,sex_t,age_aggregate_total,geo_cov_urb,2009,14.262
ltu,sex_t,age_aggregate_total,geo_cov_urb,2010,16.371
ltu,sex_t,age_aggregate_total,geo_cov_urb,2011,12.902
ltu,sex_t,age_aggregate_total,geo_cov_urb,2012,10.83
ltu,sex_t,age_aggregate_total,geo_cov_urb,2013,9.813
ltu,sex_t,age_aggregate_total,geo_cov_urb,2014,8.457
ltu,sex_t,age_aggregate_total,geo_cov_urb,2015,7.238
ltu,sex_t,age_aggregate_total,geo_cov_urb,2016,6.64
ltu,sex_t,age_aggregate_total,geo_cov_urb,2017,6.286
ltu,sex_t,age_aggregate_total,geo_cov_urb,2018,5.676
ltu,sex_t,age_aggregate_total,geo_cov_urb,2019,6.126
ltu,sex_t,age_aggregate_total,geo_cov_urb,2020,8.498
ltu,sex_t,age_aggregate_total,geo_cov_urb,2021,8.064
ltu,sex_t,age_aggregate_total,geo_cov_urb,2022,6.444
ltu,sex_t,age_aggregate_total,geo_cov_urb,2023,7.41
ltu,sex_t,age_aggregate_total,geo_cov_urb,2024,7.903
ltu,sex_t,age_aggregate_y15_24,geo_cov_nat,2001,37.657
ltu,sex_t,age_aggregate_y15_24,geo_cov_nat,2002,26.56
ltu,sex_t,age_aggregate_y15_24,geo_cov_nat,2003,32.316
ltu,sex_t,age_aggregate_y15_24,geo_cov_nat,2004,25.625
ltu,sex_t,age_aggregate_y15_24,geo_cov_nat,2005,19.97
ltu,sex_t,age_aggregate_y15_24,geo_cov_nat,2006,14.58
ltu,sex_t,age_aggregate_y15_24,geo_cov_nat,2007,14.563
ltu,sex_t,age_aggregate_y15_24,geo_cov_nat,2008,20.933
ltu,sex_t,age_aggregate_y15_24,geo_cov_nat,2009,34.199
ltu,sex_t,age_aggregate_y15_24,geo_cov_nat,2010,39.7
ltu,sex_t,age_aggregate_y15_24,geo_cov_nat,2011,35.455
ltu,sex_t,age_aggregate_y15_24,geo_cov_nat,2012,29.004
ltu,sex_t,age_aggregate_y15_24,geo_cov_nat,2013,25.154
ltu,sex_t,age_aggregate_y15_24,geo_cov_nat,2014,21.165
ltu,sex_t,age_aggregate_y15_24,geo_cov_nat,2015,19.38
ltu,sex_t,age_aggregate_y15_24,geo_cov_nat,2016,17.532
ltu,sex_t,age_aggregate_y15_24,geo_cov_nat,2017,16.712
ltu,sex_t,age_aggregate_y15_24,geo_cov_nat,2018,12.49
ltu,sex_t,age_aggregate_y15_24,geo_cov_nat,2019,14.141
ltu,sex_t,age_aggregate_y15_24,geo_cov_nat,2020,22.736
ltu,sex_t,age_aggregate_y15_24,geo_cov_nat,2021,16.921
ltu,sex_t,age_aggregate_y15_24,geo_cov_nat,2022,14.046
ltu,sex_t,age_aggregate_y15_24,geo_cov_nat,2023,17.177
ltu,sex_t,age_aggregate_y15_24,geo_cov_nat,2024,19.383
ltu,sex_t,age_aggregate_y15_24,geo_cov_rur,2001,37.103
ltu,sex_t,age_aggregate_y15_24,geo_cov_rur,2002,25.875
ltu,sex_t,age_aggregate_y15_24,geo_cov_rur,2003,30.624
ltu,sex_t,age_aggregate_y15_24,geo_cov_rur,2004,25.753
ltu,sex_t,age_aggregate_y15_24,geo_cov_rur,2005,20.064
ltu,sex_t,age_aggregate_y15_24,geo_cov_rur,2006,13.854
ltu,sex_t,age_aggregate_y15_24,geo_cov_rur,2007,14.334
ltu,sex_t,age_aggregate_y15_24,geo_cov_rur,2008,19.847
ltu,sex_t,age_aggregate_y15_24,geo_cov_rur,2009,35.833
ltu,sex_t,age_aggregate_y15_24,geo_cov_rur,2010,44.263
ltu,sex_t,age_aggregate_y15_24,geo_cov_rur,2011,41.313
ltu,sex_t,age_aggregate_y15_24,geo_cov_rur,2012,36.049
ltu,sex_t,age_aggregate_y15_24,geo_cov_rur,2013,29.907
ltu,sex_t,age_aggregate_y15_24,geo_cov_rur,2014,26.931
ltu,sex_t,age_aggregate_y15_24,geo_cov_rur,2015,21.526
ltu,sex_t,age_aggregate_y15_24,geo_cov_rur,2016,21.016
ltu,sex_t,age_aggregate_y15_24,geo_cov_rur,2017,21.19
ltu,sex_t,age_aggregate_y15_24,geo_cov_rur,2018,15.674
ltu,sex_t,age_aggregate_y15_24,geo_cov_rur,2019,17.815
ltu,sex_t,age_aggregate_y15_24,geo_cov_rur,2020,27.798
ltu,sex_t,age_aggregate_y15_24,geo_cov_rur,2021,17.527
ltu,sex_t,age_aggregate_y15_24,geo_cov_rur,2022,16.325
ltu,sex_t,age_aggregate_y15_24,geo_cov_rur,2023,18.807
ltu,sex_t,age_aggregate_y15_24,geo_cov_rur,2024,23.153
ltu,sex_t,age_aggregate_y15_24,geo_cov_urb,2001,38.323
ltu,sex_t,age_aggregate_y15_24,geo_cov_urb,2002,27.414
ltu,sex_t,age_aggregate_y15_24,geo_cov_urb,2003,34.761
ltu,sex_t,age_aggregate_y15_24,geo_cov_urb,2004,25.474
ltu,sex_t,age_aggregate_y15_24,geo_cov_urb,2005,19.86
ltu,sex_t,age_aggregate_y15_24,geo_cov_urb,2006,15.535
ltu,sex_t,age_aggregate_y15_24,geo_cov_urb,2007,14.876
ltu,sex_t,age_aggregate_y15_24,geo_cov_urb,2008,22.219
ltu,sex_t,age_aggregate_y15_24,geo_cov_urb,2009,32.128
ltu,sex_t,age_aggregate_y15_24,geo_cov_urb,2010,33.713
ltu,sex_t,age_aggregate_y15_24,geo_cov_urb,2011,28.164
ltu,sex_t,age_aggregate_y15_24,geo_cov_urb,2012,22.426
ltu,sex_t,age_aggregate_y15_24,geo_cov_urb,2013,20.965
ltu,sex_t,age_aggregate_y15_24,geo_cov_urb,2014,15.905
ltu,sex_t,age_aggregate_y15_24,geo_cov_urb,2015,17.077
ltu,sex_t,age_aggregate_y15_24,geo_cov_urb,2016,13.884
ltu,sex_t,age_aggregate_y15_24,geo_cov_urb,2017,13.522
ltu,sex_t,age_aggregate_y15_24,geo_cov_urb,2018,10.395
ltu,sex_t,age_aggregate_y15_24,geo_cov_urb,2019,11.399
ltu,sex_t,age_aggregate_y15_24,geo_cov_urb,2020,18.808
ltu,sex_t,age_aggregate_y15_24,geo_cov_urb,2021,16.513
ltu,sex_t,age_aggregate_y15_24,geo_cov_urb,2022,12.304
ltu,sex_t,age_aggregate_y15_24,geo_cov_urb,2023,16.041
ltu,sex_t,age_aggregate_y15_24,geo_cov_urb,2024,16.791
ltu,sex_t,age_aggregate_y25_54,geo_cov_nat,2001,17.558
ltu,sex_t,age_aggregate_y25_54,geo_cov_nat,2002,14.614
ltu,sex_t,age_aggregate_y25_54,geo_cov_nat,2003,12.322
ltu,sex_t,age_aggregate_y25_54,geo_cov_nat,2004,11.184
ltu,sex_t,age_aggregate_y25_54,geo_cov_nat,2005,9.38
ltu,sex_t,age_aggregate_y25_54,geo_cov_nat,2006,7.172
ltu,sex_t,age_aggregate_y25_54,geo_cov_nat,2007,6.212
ltu,sex_t,age_aggregate_y25_54,geo_cov_nat,2008,8.063
ltu,sex_t,age_aggregate_y25_54,geo_cov_nat,2009,14.762
ltu,sex_t,age_aggregate_y25_54,geo_cov_nat,2010,18.159
ltu,sex_t,age_aggregate_y25_54,geo_cov_nat,2011,15.454
ltu,sex_t,age_aggregate_y25_54,geo_cov_nat,2012,13.708
ltu,sex_t,age_aggregate_y25_54,geo_cov_nat,2013,12.095
ltu,sex_t,age_aggregate_y25_54,geo_cov_nat,2014,10.866
ltu,sex_t,age_aggregate_y25_54,geo_cov_nat,2015,9.645
ltu,sex_t,age_aggregate_y25_54,geo_cov_nat,2016,8.746
ltu,sex_t,age_aggregate_y25_54,geo_cov_nat,2017,7.875
ltu,sex_t,age_aggregate_y25_54,geo_cov_nat,2018,6.736
ltu,sex_t,age_aggregate_y25_54,geo_cov_nat,2019,6.893
ltu,sex_t,age_aggregate_y25_54,geo_cov_nat,2020,8.93
ltu,sex_t,age_aggregate_y25_54,geo_cov_nat,2021,8.244
ltu,sex_t,age_aggregate_y25_54,geo_cov_nat,2022,6.782
ltu,sex_t,age_aggregate_y25_54,geo_cov_nat,2023,7.652
ltu,sex_t,age_aggregate_y25_54,geo_cov_nat,2024,7.455
ltu,sex_t,age_aggregate_y25_54,geo_cov_rur,2001,17.723
ltu,sex_t,age_aggregate_y25_54,geo_cov_rur,2002,14.824
ltu,sex_t,age_aggregate_y25_54,geo_cov_rur,2003,12.161
ltu,sex_t,age_aggregate_y25_54,geo_cov_rur,2004,12.346
ltu,sex_t,age_aggregate_y25_54,geo_cov_rur,2005,10.033
ltu,sex_t,age_aggregate_y25_54,geo_cov_rur,2006,8.722
ltu,sex_t,age_aggregate_y25_54,geo_cov_rur,2007,6.889
ltu,sex_t,age_aggregate_y25_54,geo_cov_rur,2008,9.459
ltu,sex_t,age_aggregate_y25_54,geo_cov_rur,2009,16.667
ltu,sex_t,age_aggregate_y25_54,geo_cov_rur,2010,20.928
ltu,sex_t,age_aggregate_y25_54,geo_cov_rur,2011,18.574
ltu,sex_t,age_aggregate_y25_54,geo_cov_rur,2012,18.41
ltu,sex_t,age_aggregate_y25_54,geo_cov_rur,2013,16.138
ltu,sex_t,age_aggregate_y25_54,geo_cov_rur,2014,14.639
ltu,sex_t,age_aggregate_y25_54,geo_cov_rur,2015,13.201
ltu,sex_t,age_aggregate_y25_54,geo_cov_rur,2016,11.735
ltu,sex_t,age_aggregate_y25_54,geo_cov_rur,2017,12.025
ltu,sex_t,age_aggregate_y25_54,geo_cov_rur,2018,10.026
ltu,sex_t,age_aggregate_y25_54,geo_cov_rur,2019,9.176
ltu,sex_t,age_aggregate_y25_54,geo_cov_rur,2020,11.69
ltu,sex_t,age_aggregate_y25_54,geo_cov_rur,2021,9.936
ltu,sex_t,age_aggregate_y25_54,geo_cov_rur,2022,8.406
ltu,sex_t,age_aggregate_y25_54,geo_cov_rur,2023,9.748
ltu,sex_t,age_aggregate_y25_54,geo_cov_rur,2024,8.528
ltu,sex_t,age_aggregate_y25_54,geo_cov_urb,2001,17.343
ltu,sex_t,age_aggregate_y25_54,geo_cov_urb,2002,14.347
ltu,sex_t,age_aggregate_y25_54,geo_cov_urb,2003,12.531
ltu,sex_t,age_aggregate_y25_54,geo_cov_urb,2004,9.774
ltu,sex_t,age_aggregate_y25_54,geo_cov_urb,2005,8.58
ltu,sex_t,age_aggregate_y25_54,geo_cov_urb,2006,5.275
ltu,sex_t,age_aggregate_y25_54,geo_cov_urb,2007,5.401
ltu,sex_t,age_aggregate_y25_54,geo_cov_urb,2008,6.42
ltu,sex_t,age_aggregate_y25_54,geo_cov_urb,2009,12.549
ltu,sex_t,age_aggregate_y25_54,geo_cov_urb,2010,15.019
ltu,sex_t,age_aggregate_y25_54,geo_cov_urb,2011,11.802
ltu,sex_t,age_aggregate_y25_54,geo_cov_urb,2012,9.993
ltu,sex_t,age_aggregate_y25_54,geo_cov_urb,2013,8.877
ltu,sex_t,age_aggregate_y25_54,geo_cov_urb,2014,7.865
ltu,sex_t,age_aggregate_y25_54,geo_cov_urb,2015,6.667
ltu,sex_t,age_aggregate_y25_54,geo_cov_urb,2016,6.268
ltu,sex_t,age_aggregate_y25_54,geo_cov_urb,2017,5.744
ltu,sex_t,age_aggregate_y25_54,geo_cov_urb,2018,5.062
ltu,sex_t,age_aggregate_y25_54,geo_cov_urb,2019,5.462
ltu,sex_t,age_aggregate_y25_54,geo_cov_urb,2020,7.231
ltu,sex_t,age_aggregate_y25_54,geo_cov_urb,2021,7.216
ltu,sex_t,age_aggregate_y25_54,geo_cov_urb,2022,5.806
ltu,sex_t,age_aggregate_y25_54,geo_cov_urb,2023,6.436
ltu,sex_t,age_aggregate_y25_54,geo_cov_urb,2024,6.83
ltu,sex_t,age_aggregate_y55_64,geo_cov_nat,2001,19.713
ltu,sex_t,age_aggregate_y55_64,geo_cov_nat,2002,14.323
ltu,sex_t,age_aggregate_y55_64,geo_cov_nat,2003,15.664
ltu,sex_t,age_aggregate_y55_64,geo_cov_nat,2004,14.71
ltu,sex_t,age_aggregate_y55_64,geo_cov_nat,2005,10.283
ltu,sex_t,age_aggregate_y55_64,geo_cov_nat,2006,8.489
ltu,sex_t,age_aggregate_y55_64,geo_cov_nat,2007,6.964
ltu,sex_t,age_aggregate_y55_64,geo_cov_nat,2008,8.445
ltu,sex_t,age_aggregate_y55_64,geo_cov_nat,2009,14.175
ltu,sex_t,age_aggregate_y55_64,geo_cov_nat,2010,16.855
ltu,sex_t,age_aggregate_y55_64,geo_cov_nat,2011,14.911
ltu,sex_t,age_aggregate_y55_64,geo_cov_nat,2012,13.513
ltu,sex_t,age_aggregate_y55_64,geo_cov_nat,2013,12.563
ltu,sex_t,age_aggregate_y55_64,geo_cov_nat,2014,12.023
ltu,sex_t,age_aggregate_y55_64,geo_cov_nat,2015,10.133
ltu,sex_t,age_aggregate_y55_64,geo_cov_nat,2016,9.466
ltu,sex_t,age_aggregate_y55_64,geo_cov_nat,2017,9.271
ltu,sex_t,age_aggregate_y55_64,geo_cov_nat,2018,9.076
ltu,sex_t,age_aggregate_y55_64,geo_cov_nat,2019,8.39
ltu,sex_t,age_aggregate_y55_64,geo_cov_nat,2020,11.354
ltu,sex_t,age_aggregate_y55_64,geo_cov_nat,2021,10.222
ltu,sex_t,age_aggregate_y55_64,geo_cov_nat,2022,9.45
ltu,sex_t,age_aggregate_y55_64,geo_cov_nat,2023,10.887
ltu,sex_t,age_aggregate_y55_64,geo_cov_nat,2024,11.626
ltu,sex_t,age_aggregate_y55_64,geo_cov_rur,2001,15.71
ltu,sex_t,age_aggregate_y55_64,geo_cov_rur,2002,10.273
ltu,sex_t,age_aggregate_y55_64,geo_cov_rur,2003,10.478
ltu,sex_t,age_aggregate_y55_64,geo_cov_rur,2004,11.907
ltu,sex_t,age_aggregate_y55_64,geo_cov_rur,2005,8.371
ltu,sex_t,age_aggregate_y55_64,geo_cov_rur,2006,8.693
ltu,sex_t,age_aggregate_y55_64,geo_cov_rur,2007,6.642
ltu,sex_t,age_aggregate_y55_64,geo_cov_rur,2008,9.773
ltu,sex_t,age_aggregate_y55_64,geo_cov_rur,2009,15.187
ltu,sex_t,age_aggregate_y55_64,geo_cov_rur,2010,18.823
ltu,sex_t,age_aggregate_y55_64,geo_cov_rur,2011,17.712
ltu,sex_t,age_aggregate_y55_64,geo_cov_rur,2012,17.393
ltu,sex_t,age_aggregate_y55_64,geo_cov_rur,2013,16.702
ltu,sex_t,age_aggregate_y55_64,geo_cov_rur,2014,16.655
ltu,sex_t,age_aggregate_y55_64,geo_cov_rur,2015,14.774
ltu,sex_t,age_aggregate_y55_64,geo_cov_rur,2016,13.593
ltu,sex_t,age_aggregate_y55_64,geo_cov_rur,2017,15.265
ltu,sex_t,age_aggregate_y55_64,geo_cov_rur,2018,13.365
ltu,sex_t,age_aggregate_y55_64,geo_cov_rur,2019,9.556
ltu,sex_t,age_aggregate_y55_64,geo_cov_rur,2020,12.099
ltu,sex_t,age_aggregate_y55_64,geo_cov_rur,2021,11.325
ltu,sex_t,age_aggregate_y55_64,geo_cov_rur,2022,11.294
ltu,sex_t,age_aggregate_y55_64,geo_cov_rur,2023,13.05
ltu,sex_t,age_aggregate_y55_64,geo_cov_rur,2024,13.466
ltu,sex_t,age_aggregate_y55_64,geo_cov_urb,2001,25.042
ltu,sex_t,age_aggregate_y55_64,geo_cov_urb,2002,19.974
ltu,sex_t,age_aggregate_y55_64,geo_cov_urb,2003,21.802
ltu,sex_t,age_aggregate_y55_64,geo_cov_urb,2004,18.68
ltu,sex_t,age_aggregate_y55_64,geo_cov_urb,2005,12.605
ltu,sex_t,age_aggregate_y55_64,geo_cov_urb,2006,8.241
ltu,sex_t,age_aggregate_y55_64,geo_cov_urb,2007,7.367
ltu,sex_t,age_aggregate_y55_64,geo_cov_urb,2008,6.981
ltu,sex_t,age_aggregate_y55_64,geo_cov_urb,2009,13.058
ltu,sex_t,age_aggregate_y55_64,geo_cov_urb,2010,14.719
ltu,sex_t,age_aggregate_y55_64,geo_cov_urb,2011,11.711
ltu,sex_t,age_aggregate_y55_64,geo_cov_urb,2012,10.573
ltu,sex_t,age_aggregate_y55_64,geo_cov_urb,2013,9.444
ltu,sex_t,age_aggregate_y55_64,geo_cov_urb,2014,8.206
ltu,sex_t,age_aggregate_y55_64,geo_cov_urb,2015,6.097
ltu,sex_t,age_aggregate_y55_64,geo_cov_urb,2016,5.599
ltu,sex_t,age_aggregate_y55_64,geo_cov_urb,2017,6.151
ltu,sex_t,age_aggregate_y55_64,geo_cov_urb,2018,6.763
ltu,sex_t,age_aggregate_y55_64,geo_cov_urb,2019,7.487
ltu,sex_t,age_aggregate_y55_64,geo_cov_urb,2020,10.793
ltu,sex_t,age_aggregate_y55_64,geo_cov_urb,2021,9.382
ltu,sex_t,age_aggregate_y55_64,geo_cov_urb,2022,8.003
ltu,sex_t,age_aggregate_y55_64,geo_cov_urb,2023,9.294
ltu,sex_t,age_aggregate_y55_64,geo_cov_urb,2024,10.303
ltu,sex_t,age_aggregate_yge65,geo_cov_nat,2001,9.621
ltu,sex_t,age_aggregate_yge65,geo_cov_nat,2002,11.235
ltu,sex_t,age_aggregate_yge65,geo_cov_nat,2003,12.166
ltu,sex_t,age_aggregate_yge65,geo_cov_nat,2005,6.323
ltu,sex_t,age_aggregate_yge65,geo_cov_nat,2006,6.559
ltu,sex_t,age_aggregate_yge65,geo_cov_nat,2007,4.314
ltu,sex_t,age_aggregate_yge65,geo_cov_nat,2008,8.271
ltu,sex_t,age_aggregate_yge65,geo_cov_nat,2009,5.704
ltu,sex_t,age_aggregate_yge65,geo_cov_nat,2010,5.39
ltu,sex_t,age_aggregate_yge65,geo_cov_nat,2011,2.702
ltu,sex_t,age_aggregate_yge65,geo_cov_nat,2012,1.139
ltu,sex_t,age_aggregate_yge65,geo_cov_nat,2013,1.728
ltu,sex_t,age_aggregate_yge65,geo_cov_nat,2014,2.293
ltu,sex_t,age_aggregate_yge65,geo_cov_nat,2015,2.196
ltu,sex_t,age_aggregate_yge65,geo_cov_nat,2016,2.67
ltu,sex_t,age_aggregate_yge65,geo_cov_nat,2017,2.415
ltu,sex_t,age_aggregate_yge65,geo_cov_nat,2018,2.182
ltu,sex_t,age_aggregate_yge65,geo_cov_nat,2019,2.142
ltu,sex_t,age_aggregate_yge65,geo_cov_nat,2020,1.924
ltu,sex_t,age_aggregate_yge65,geo_cov_nat,2021,2.113
ltu,sex_t,age_aggregate_yge65,geo_cov_nat,2022,1.915
ltu,sex_t,age_aggregate_yge65,geo_cov_nat,2023,3.809
ltu,sex_t,age_aggregate_yge65,geo_cov_nat,2024,3.265
ltu,sex_t,age_aggregate_yge65,geo_cov_rur,2003,8.078
ltu,sex_t,age_aggregate_yge65,geo_cov_rur,2005,3.759
ltu,sex_t,age_aggregate_yge65,geo_cov_rur,2006,3.264
ltu,sex_t,age_aggregate_yge65,geo_cov_rur,2008,9.116
ltu,sex_t,age_aggregate_yge65,geo_cov_rur,2009,1.476
ltu,sex_t,age_aggregate_yge65,geo_cov_rur,2010,2.808
ltu,sex_t,age_aggregate_yge65,geo_cov_rur,2011,1.894
ltu,sex_t,age_aggregate_yge65,geo_cov_rur,2014,3.071
ltu,sex_t,age_aggregate_yge65,geo_cov_rur,2015,3.642
ltu,sex_t,age_aggregate_yge65,geo_cov_rur,2016,1.857
ltu,sex_t,age_aggregate_yge65,geo_cov_rur,2018,1.712
ltu,sex_t,age_aggregate_yge65,geo_cov_rur,2019,2.956
ltu,sex_t,age_aggregate_yge65,geo_cov_rur,2020,1.303
ltu,sex_t,age_aggregate_yge65,geo_cov_rur,2021,1.837
ltu,sex_t,age_aggregate_yge65,geo_cov_rur,2022,2.505
ltu,sex_t,age_aggregate_yge65,geo_cov_rur,2023,5.458
ltu,sex_t,age_aggregate_yge65,geo_cov_rur,2024,4.587
ltu,sex_t,age_aggregate_yge65,geo_cov_urb,2001,16.333
ltu,sex_t,age_aggregate_yge65,geo_cov_urb,2002,12.472
ltu,sex_t,age_aggregate_yge65,geo_cov_urb,2003,18.459
ltu,sex_t,age_aggregate_yge65,geo_cov_urb,2005,7.919
ltu,sex_t,age_aggregate_yge65,geo_cov_urb,2006,8.576
ltu,sex_t,age_aggregate_yge65,geo_cov_urb,2007,6.652
ltu,sex_t,age_aggregate_yge65,geo_cov_urb,2008,7.627
ltu,sex_t,age_aggregate_yge65,geo_cov_urb,2009,8.327
ltu,sex_t,age_aggregate_yge65,geo_cov_urb,2010,7.258
ltu,sex_t,age_aggregate_yge65,geo_cov_urb,2011,3.29
ltu,sex_t,age_aggregate_yge65,geo_cov_urb,2012,1.444
ltu,sex_t,age_aggregate_yge65,geo_cov_urb,2013,1.655
ltu,sex_t,age_aggregate_yge65,geo_cov_urb,2014,1.857
ltu,sex_t,age_aggregate_yge65,geo_cov_urb,2015,1.235
ltu,sex_t,age_aggregate_yge65,geo_cov_urb,2016,3.265
ltu,sex_t,age_aggregate_yge65,geo_cov_urb,2017,3.22
ltu,sex_t,age_aggregate_yge65,geo_cov_urb,2018,2.372
ltu,sex_t,age_aggregate_yge65,geo_cov_urb,2019,1.644
ltu,sex_t,age_aggregate_yge65,geo_cov_urb,2020,2.329
ltu,sex_t,age_aggregate_yge65,geo_cov_urb,2021,2.281
ltu,sex_t,age_aggregate_yge65,geo_cov_urb,2022,1.577
ltu,sex_t,age_aggregate_yge65,geo_cov_urb,2023,2.832
ltu,sex_t,age_aggregate_yge65,geo_cov_urb,2024,2.525
ltu,sex_t,age_ythadult_y15_24,geo_cov_nat,2001,37.657
ltu,sex_t,age_ythadult_y15_24,geo_cov_nat,2002,26.56
ltu,sex_t,age_ythadult_y15_24,geo_cov_nat,2003,32.316
ltu,sex_t,age_ythadult_y15_24,geo_cov_nat,2004,25.625
ltu,sex_t,age_ythadult_y15_24,geo_cov_nat,2005,19.97
ltu,sex_t,age_ythadult_y15_24,geo_cov_nat,2006,14.58
ltu,sex_t,age_ythadult_y15_24,geo_cov_nat,2007,14.563
ltu,sex_t,age_ythadult_y15_24,geo_cov_nat,2008,20.933
ltu,sex_t,age_ythadult_y15_24,geo_cov_nat,2009,34.199
ltu,sex_t,age_ythadult_y15_24,geo_cov_nat,2010,39.7
ltu,sex_t,age_ythadult_y15_24,geo_cov_nat,2011,35.455
ltu,sex_t,age_ythadult_y15_24,geo_cov_nat,2012,29.004
ltu,sex_t,age_ythadult_y15_24,geo_cov_nat,2013,25.154
ltu,sex_t,age_ythadult_y15_24,geo_cov_nat,2014,21.165
ltu,sex_t,age_ythadult_y15_24,geo_cov_nat,2015,19.38
ltu,sex_t,age_ythadult_y15_24,geo_cov_nat,2016,17.532
ltu,sex_t,age_ythadult_y15_24,geo_cov_nat,2017,16.712
ltu,sex_t,age_ythadult_y15_24,geo_cov_nat,2018,12.49
ltu,sex_t,age_ythadult_y15_24,geo_cov_nat,2019,14.141
ltu,sex_t,age_ythadult_y15_24,geo_cov_nat,2020,22.736
ltu,sex_t,age_ythadult_y15_24,geo_cov_nat,2021,16.921
ltu,sex_t,age_ythadult_y15_24,geo_cov_nat,2022,14.046
ltu,sex_t,age_ythadult_y15_24,geo_cov_nat,2023,17.177
ltu,sex_t,age_ythadult_y15_24,geo_cov_nat,2024,19.383
ltu,sex_t,age_ythadult_y15_24,geo_cov_rur,2001,37.103
ltu,sex_t,age_ythadult_y15_24,geo_cov_rur,2002,25.875
ltu,sex_t,age_ythadult_y15_24,geo_cov_rur,2003,30.624
ltu,sex_t,age_ythadult_y15_24,geo_cov_rur,2004,25.753
ltu,sex_t,age_ythadult_y15_24,geo_cov_rur,2005,20.064
ltu,sex_t,age_ythadult_y15_24,geo_cov_rur,2006,13.854
ltu,sex_t,age_ythadult_y15_24,geo_cov_rur,2007,14.334
ltu,sex_t,age_ythadult_y15_24,geo_cov_rur,2008,19.847
ltu,sex_t,age_ythadult_y15_24,geo_cov_rur,2009,35.833
ltu,sex_t,age_ythadult_y15_24,geo_cov_rur,2010,44.263
ltu,sex_t,age_ythadult_y15_24,geo_cov_rur,2011,41.313
ltu,sex_t,age_ythadult_y15_24,geo_cov_rur,2012,36.049
ltu,sex_t,age_ythadult_y15_24,geo_cov_rur,2013,29.907
ltu,sex_t,age_ythadult_y15_24,geo_cov_rur,2014,26.931
ltu,sex_t,age_ythadult_y15_24,geo_cov_rur,2015,21.526
ltu,sex_t,age_ythadult_y15_24,geo_cov_rur,2016,21.016
ltu,sex_t,age_ythadult_y15_24,geo_cov_rur,2017,21.19
ltu,sex_t,age_ythadult_y15_24,geo_cov_rur,2018,15.674
ltu,sex_t,age_ythadult_y15_24,geo_cov_rur,2019,17.815
ltu,sex_t,age_ythadult_y15_24,geo_cov_rur,2020,27.798
ltu,sex_t,age_ythadult_y15_24,geo_cov_rur,2021,17.527
ltu,sex_t,age_ythadult_y15_24,geo_cov_rur,2022,16.325
ltu,sex_t,age_ythadult_y15_24,geo_cov_rur,2023,18.807
ltu,sex_t,age_ythadult_y15_24,geo_cov_rur,2024,23.153
ltu,sex_t,age_ythadult_y15_24,geo_cov_urb,2001,38.323
ltu,sex_t,age_ythadult_y15_24,geo_cov_urb,2002,27.414
ltu,sex_t,age_ythadult_y15_24,geo_cov_urb,2003,34.761
ltu,sex_t,age_ythadult_y15_24,geo_cov_urb,2004,25.474
ltu,sex_t,age_ythadult_y15_24,geo_cov_urb,2005,19.86
ltu,sex_t,age_ythadult_y15_24,geo_cov_urb,2006,15.535
ltu,sex_t,age_ythadult_y15_24,geo_cov_urb,2007,14.876
ltu,sex_t,age_ythadult_y15_24,geo_cov_urb,2008,22.219
ltu,sex_t,age_ythadult_y15_24,geo_cov_urb,2009,32.128
ltu,sex_t,age_ythadult_y15_24,geo_cov_urb,2010,33.713
ltu,sex_t,age_ythadult_y15_24,geo_cov_urb,2011,28.164
ltu,sex_t,age_ythadult_y15_24,geo_cov_urb,2012,22.426
ltu,sex_t,age_ythadult_y15_24,geo_cov_urb,2013,20.965
ltu,sex_t,age_ythadult_y15_24,geo_cov_urb,2014,15.905
ltu,sex_t,age_ythadult_y15_24,geo_cov_urb,2015,17.077
ltu,sex_t,age_ythadult_y15_24,geo_cov_urb,2016,13.884
ltu,sex_t,age_ythadult_y15_24,geo_cov_urb,2017,13.522
ltu,sex_t,age_ythadult_y15_24,geo_cov_urb,2018,10.395
ltu,sex_t,age_ythadult_y15_24,geo_cov_urb,2019,11.399
ltu,sex_t,age_ythadult_y15_24,geo_cov_urb,2020,18.808
ltu,sex_t,age_ythadult_y15_24,geo_cov_urb,2021,16.513
ltu,sex_t,age_ythadult_y15_24,geo_cov_urb,2022,12.304
ltu,sex_t,age_ythadult_y15_24,geo_cov_urb,2023,16.041
ltu,sex_t,age_ythadult_y15_24,geo_cov_urb,2024,16.791
ltu,sex_t,age_ythadult_y15_64,geo_cov_nat,2001,19.927
ltu,sex_t,age_ythadult_y15_64,geo_cov_nat,2002,15.812
ltu,sex_t,age_ythadult_y15_64,geo_cov_nat,2003,14.798
ltu,sex_t,age_ythadult_y15_64,geo_cov_nat,2004,12.842
ltu,sex_t,age_ythadult_y15_64,geo_cov_nat,2005,10.371
ltu,sex_t,age_ythadult_y15_64,geo_cov_nat,2006,7.984
ltu,sex_t,age_ythadult_y15_64,geo_cov_nat,2007,7.069
ltu,sex_t,age_ythadult_y15_64,geo_cov_nat,2008,9.428
ltu,sex_t,age_ythadult_y15_64,geo_cov_nat,2009,16.553
ltu,sex_t,age_ythadult_y15_64,geo_cov_nat,2010,19.948
ltu,sex_t,age_ythadult_y15_64,geo_cov_nat,2011,17.078
ltu,sex_t,age_ythadult_y15_64,geo_cov_nat,2012,14.981
ltu,sex_t,age_ythadult_y15_64,geo_cov_nat,2013,13.338
ltu,sex_t,age_ythadult_y15_64,geo_cov_nat,2014,12.006
ltu,sex_t,age_ythadult_y15_64,geo_cov_nat,2015,10.599
ltu,sex_t,age_ythadult_y15_64,geo_cov_nat,2016,9.652
ltu,sex_t,age_ythadult_y15_64,geo_cov_nat,2017,8.886
ltu,sex_t,age_ythadult_y15_64,geo_cov_nat,2018,7.686
ltu,sex_t,age_ythadult_y15_64,geo_cov_nat,2019,7.771
ltu,sex_t,age_ythadult_y15_64,geo_cov_nat,2020,10.478
ltu,sex_t,age_ythadult_y15_64,geo_cov_nat,2021,9.295
ltu,sex_t,age_ythadult_y15_64,geo_cov_nat,2022,7.88
ltu,sex_t,age_ythadult_y15_64,geo_cov_nat,2023,9.012
ltu,sex_t,age_ythadult_y15_64,geo_cov_nat,2024,9.188
ltu,sex_t,age_ythadult_y15_64,geo_cov_rur,2001,19.502
ltu,sex_t,age_ythadult_y15_64,geo_cov_rur,2002,15.432
ltu,sex_t,age_ythadult_y15_64,geo_cov_rur,2003,13.995
ltu,sex_t,age_ythadult_y15_64,geo_cov_rur,2004,13.418
ltu,sex_t,age_ythadult_y15_64,geo_cov_rur,2005,10.65
ltu,sex_t,age_ythadult_y15_64,geo_cov_rur,2006,9.182
ltu,sex_t,age_ythadult_y15_64,geo_cov_rur,2007,7.569
ltu,sex_t,age_ythadult_y15_64,geo_cov_rur,2008,10.567
ltu,sex_t,age_ythadult_y15_64,geo_cov_rur,2009,18.392
ltu,sex_t,age_ythadult_y15_64,geo_cov_rur,2010,22.918
ltu,sex_t,age_ythadult_y15_64,geo_cov_rur,2011,20.442
ltu,sex_t,age_ythadult_y15_64,geo_cov_rur,2012,19.9
ltu,sex_t,age_ythadult_y15_64,geo_cov_rur,2013,17.527
ltu,sex_t,age_ythadult_y15_64,geo_cov_rur,2014,16.182
ltu,sex_t,age_ythadult_y15_64,geo_cov_rur,2015,14.31
ltu,sex_t,age_ythadult_y15_64,geo_cov_rur,2016,13
ltu,sex_t,age_ythadult_y15_64,geo_cov_rur,2017,13.58
ltu,sex_t,age_ythadult_y15_64,geo_cov_rur,2018,11.259
ltu,sex_t,age_ythadult_y15_64,geo_cov_rur,2019,9.976
ltu,sex_t,age_ythadult_y15_64,geo_cov_rur,2020,13.101
ltu,sex_t,age_ythadult_y15_64,geo_cov_rur,2021,10.828
ltu,sex_t,age_ythadult_y15_64,geo_cov_rur,2022,9.728
ltu,sex_t,age_ythadult_y15_64,geo_cov_rur,2023,11.214
ltu,sex_t,age_ythadult_y15_64,geo_cov_rur,2024,10.787
ltu,sex_t,age_ythadult_y15_64,geo_cov_urb,2001,20.479
ltu,sex_t,age_ythadult_y15_64,geo_cov_urb,2002,16.302
ltu,sex_t,age_ythadult_y15_64,geo_cov_urb,2003,15.84
ltu,sex_t,age_ythadult_y15_64,geo_cov_urb,2004,12.132
ltu,sex_t,age_ythadult_y15_64,geo_cov_urb,2005,10.031
ltu,sex_t,age_ythadult_y15_64,geo_cov_urb,2006,6.51
ltu,sex_t,age_ythadult_y15_64,geo_cov_urb,2007,6.458
ltu,sex_t,age_ythadult_y15_64,geo_cov_urb,2008,8.098
ltu,sex_t,age_ythadult_y15_64,geo_cov_urb,2009,14.413
ltu,sex_t,age_ythadult_y15_64,geo_cov_urb,2010,16.554
ltu,sex_t,age_ythadult_y15_64,geo_cov_urb,2011,13.136
ltu,sex_t,age_ythadult_y15_64,geo_cov_urb,2012,11.062
ltu,sex_t,age_ythadult_y15_64,geo_cov_urb,2013,10.001
ltu,sex_t,age_ythadult_y15_64,geo_cov_urb,2014,8.623
ltu,sex_t,age_ythadult_y15_64,geo_cov_urb,2015,7.401
ltu,sex_t,age_ythadult_y15_64,geo_cov_urb,2016,6.752
ltu,sex_t,age_ythadult_y15_64,geo_cov_urb,2017,6.399
ltu,sex_t,age_ythadult_y15_64,geo_cov_urb,2018,5.806
ltu,sex_t,age_ythadult_y15_64,geo_cov_urb,2019,6.304
ltu,sex_t,age_ythadult_y15_64,geo_cov_urb,2020,8.761
ltu,sex_t,age_ythadult_y15_64,geo_cov_urb,2021,8.309
ltu,sex_t,age_ythadult_y15_64,geo_cov_urb,2022,6.68
ltu,sex_t,age_ythadult_y15_64,geo_cov_urb,2023,7.646
ltu,sex_t,age_ythadult_y15_64,geo_cov_urb,2024,8.201
ltu,sex_t,age_ythadult_yge15,geo_cov_nat,2001,19.728
ltu,sex_t,age_ythadult_yge15,geo_cov_nat,2002,15.735
ltu,sex_t,age_ythadult_yge15,geo_cov_nat,2003,14.746
ltu,sex_t,age_ythadult_yge15,geo_cov_nat,2004,12.783
ltu,sex_t,age_ythadult_yge15,geo_cov_nat,2005,10.315
ltu,sex_t,age_ythadult_yge15,geo_cov_nat,2006,7.96
ltu,sex_t,age_ythadult_yge15,geo_cov_nat,2007,7.015
ltu,sex_t,age_ythadult_yge15,geo_cov_nat,2008,9.404
ltu,sex_t,age_ythadult_yge15,geo_cov_nat,2009,16.35
ltu,sex_t,age_ythadult_yge15,geo_cov_nat,2010,19.716
ltu,sex_t,age_ythadult_yge15,geo_cov_nat,2011,16.805
ltu,sex_t,age_ythadult_yge15,geo_cov_nat,2012,14.688
ltu,sex_t,age_ythadult_yge15,geo_cov_nat,2013,13.112
ltu,sex_t,age_ythadult_yge15,geo_cov_nat,2014,11.8
ltu,sex_t,age_ythadult_yge15,geo_cov_nat,2015,10.401
ltu,sex_t,age_ythadult_yge15,geo_cov_nat,2016,9.444
ltu,sex_t,age_ythadult_yge15,geo_cov_nat,2017,8.666
ltu,sex_t,age_ythadult_yge15,geo_cov_nat,2018,7.492
ltu,sex_t,age_ythadult_yge15,geo_cov_nat,2019,7.562
ltu,sex_t,age_ythadult_yge15,geo_cov_nat,2020,10.128
ltu,sex_t,age_ythadult_yge15,geo_cov_nat,2021,9.008
ltu,sex_t,age_ythadult_yge15,geo_cov_nat,2022,7.617
ltu,sex_t,age_ythadult_yge15,geo_cov_nat,2023,8.761
ltu,sex_t,age_ythadult_yge15,geo_cov_nat,2024,8.887
ltu,sex_t,age_ythadult_yge15,geo_cov_rur,2001,19.216
ltu,sex_t,age_ythadult_yge15,geo_cov_rur,2002,15.349
ltu,sex_t,age_ythadult_yge15,geo_cov_rur,2003,13.869
ltu,sex_t,age_ythadult_yge15,geo_cov_rur,2004,13.262
ltu,sex_t,age_ythadult_yge15,geo_cov_rur,2005,10.583
ltu,sex_t,age_ythadult_yge15,geo_cov_rur,2006,9.114
ltu,sex_t,age_ythadult_yge15,geo_cov_rur,2007,7.472
ltu,sex_t,age_ythadult_yge15,geo_cov_rur,2008,10.542
ltu,sex_t,age_ythadult_yge15,geo_cov_rur,2009,18.166
ltu,sex_t,age_ythadult_yge15,geo_cov_rur,2010,22.665
ltu,sex_t,age_ythadult_yge15,geo_cov_rur,2011,20.165
ltu,sex_t,age_ythadult_yge15,geo_cov_rur,2012,19.563
ltu,sex_t,age_ythadult_yge15,geo_cov_rur,2013,17.284
ltu,sex_t,age_ythadult_yge15,geo_cov_rur,2014,15.958
ltu,sex_t,age_ythadult_yge15,geo_cov_rur,2015,14.093
ltu,sex_t,age_ythadult_yge15,geo_cov_rur,2016,12.696
ltu,sex_t,age_ythadult_yge15,geo_cov_rur,2017,13.176
ltu,sex_t,age_ythadult_yge15,geo_cov_rur,2018,10.977
ltu,sex_t,age_ythadult_yge15,geo_cov_rur,2019,9.728
ltu,sex_t,age_ythadult_yge15,geo_cov_rur,2020,12.619
ltu,sex_t,age_ythadult_yge15,geo_cov_rur,2021,10.479
ltu,sex_t,age_ythadult_yge15,geo_cov_rur,2022,9.433
ltu,sex_t,age_ythadult_yge15,geo_cov_rur,2023,10.944
ltu,sex_t,age_ythadult_yge15,geo_cov_rur,2024,10.49
ltu,sex_t,age_ythadult_yge15,geo_cov_urb,2001,20.391
ltu,sex_t,age_ythadult_yge15,geo_cov_urb,2002,16.229
ltu,sex_t,age_ythadult_yge15,geo_cov_urb,2003,15.887
ltu,sex_t,age_ythadult_yge15,geo_cov_urb,2004,12.195
ltu,sex_t,age_ythadult_yge15,geo_cov_urb,2005,9.991
ltu,sex_t,age_ythadult_yge15,geo_cov_urb,2006,6.557
ltu,sex_t,age_ythadult_yge15,geo_cov_urb,2007,6.463
ltu,sex_t,age_ythadult_yge15,geo_cov_urb,2008,8.086
ltu,sex_t,age_ythadult_yge15,geo_cov_urb,2009,14.262
ltu,sex_t,age_ythadult_yge15,geo_cov_urb,2010,16.371
ltu,sex_t,age_ythadult_yge15,geo_cov_urb,2011,12.902
ltu,sex_t,age_ythadult_yge15,geo_cov_urb,2012,10.83
ltu,sex_t,age_ythadult_yge15,geo_cov_urb,2013,9.813
ltu,sex_t,age_ythadult_yge15,geo_cov_urb,2014,8.457
ltu,sex_t,age_ythadult_yge15,geo_cov_urb,2015,7.238
ltu,sex_t,age_ythadult_yge15,geo_cov_urb,2016,6.64
ltu,sex_t,age_ythadult_yge15,geo_cov_urb,2017,6.286
ltu,sex_t,age_ythadult_yge15,geo_cov_urb,2018,5.676
ltu,sex_t,age_ythadult_yge15,geo_cov_urb,2019,6.126
ltu,sex_t,age_ythadult_yge15,geo_cov_urb,2020,8.498
ltu,sex_t,age_ythadult_yge15,geo_cov_urb,2021,8.064
ltu,sex_t,age_ythadult_yge15,geo_cov_urb,2022,6.444
ltu,sex_t,age_ythadult_yge15,geo_cov_urb,2023,7.41
ltu,sex_t,age_ythadult_yge15,geo_cov_urb,2024,7.903
ltu,sex_t,age_ythadult_yge25,geo_cov_nat,2001,17.638
ltu,sex_t,age_ythadult_yge25,geo_cov_nat,2002,14.516
ltu,sex_t,age_ythadult_yge25,geo_cov_nat,2003,12.74
ltu,sex_t,age_ythadult_yge25,geo_cov_nat,2004,11.598
ltu,sex_t,age_ythadult_yge25,geo_cov_nat,2005,9.453
ltu,sex_t,age_ythadult_yge25,geo_cov_nat,2006,7.336
ltu,sex_t,age_ythadult_yge25,geo_cov_nat,2007,6.276
ltu,sex_t,age_ythadult_yge25,geo_cov_nat,2008,8.121
ltu,sex_t,age_ythadult_yge25,geo_cov_nat,2009,14.492
ltu,sex_t,age_ythadult_yge25,geo_cov_nat,2010,17.75
ltu,sex_t,age_ythadult_yge25,geo_cov_nat,2011,15.108
ltu,sex_t,age_ythadult_yge25,geo_cov_nat,2012,13.387
ltu,sex_t,age_ythadult_yge25,geo_cov_nat,2013,11.951
ltu,sex_t,age_ythadult_yge25,geo_cov_nat,2014,10.869
ltu,sex_t,age_ythadult_yge25,geo_cov_nat,2015,9.545
ltu,sex_t,age_ythadult_yge25,geo_cov_nat,2016,8.694
ltu,sex_t,age_ythadult_yge25,geo_cov_nat,2017,7.971
ltu,sex_t,age_ythadult_yge25,geo_cov_nat,2018,7.084
ltu,sex_t,age_ythadult_yge25,geo_cov_nat,2019,7.036
ltu,sex_t,age_ythadult_yge25,geo_cov_nat,2020,9.167
ltu,sex_t,age_ythadult_yge25,geo_cov_nat,2021,8.425
ltu,sex_t,age_ythadult_yge25,geo_cov_nat,2022,7.168
ltu,sex_t,age_ythadult_yge25,geo_cov_nat,2023,8.182
ltu,sex_t,age_ythadult_yge25,geo_cov_nat,2024,8.146
ltu,sex_t,age_ythadult_yge25,geo_cov_rur,2001,17.204
ltu,sex_t,age_ythadult_yge25,geo_cov_rur,2002,14.178
ltu,sex_t,age_ythadult_yge25,geo_cov_rur,2003,11.859
ltu,sex_t,age_ythadult_yge25,geo_cov_rur,2004,12.131
ltu,sex_t,age_ythadult_yge25,geo_cov_rur,2005,9.748
ltu,sex_t,age_ythadult_yge25,geo_cov_rur,2006,8.65
ltu,sex_t,age_ythadult_yge25,geo_cov_rur,2007,6.759
ltu,sex_t,age_ythadult_yge25,geo_cov_rur,2008,9.495
ltu,sex_t,age_ythadult_yge25,geo_cov_rur,2009,16.234
ltu,sex_t,age_ythadult_yge25,geo_cov_rur,2010,20.381
ltu,sex_t,age_ythadult_yge25,geo_cov_rur,2011,18.174
ltu,sex_t,age_ythadult_yge25,geo_cov_rur,2012,17.912
ltu,sex_t,age_ythadult_yge25,geo_cov_rur,2013,15.985
ltu,sex_t,age_ythadult_yge25,geo_cov_rur,2014,14.782
ltu,sex_t,age_ythadult_yge25,geo_cov_rur,2015,13.288
ltu,sex_t,age_ythadult_yge25,geo_cov_rur,2016,11.835
ltu,sex_t,age_ythadult_yge25,geo_cov_rur,2017,12.327
ltu,sex_t,age_ythadult_yge25,geo_cov_rur,2018,10.527
ltu,sex_t,age_ythadult_yge25,geo_cov_rur,2019,9.03
ltu,sex_t,age_ythadult_yge25,geo_cov_rur,2020,11.331
ltu,sex_t,age_ythadult_yge25,geo_cov_rur,2021,9.944
ltu,sex_t,age_ythadult_yge25,geo_cov_rur,2022,8.897
ltu,sex_t,age_ythadult_yge25,geo_cov_rur,2023,10.36
ltu,sex_t,age_ythadult_yge25,geo_cov_rur,2024,9.528
ltu,sex_t,age_ythadult_yge25,geo_cov_urb,2001,18.203
ltu,sex_t,age_ythadult_yge25,geo_cov_urb,2002,14.949
ltu,sex_t,age_ythadult_yge25,geo_cov_urb,2003,13.873
ltu,sex_t,age_ythadult_yge25,geo_cov_urb,2004,10.94
ltu,sex_t,age_ythadult_yge25,geo_cov_urb,2005,9.096
ltu,sex_t,age_ythadult_yge25,geo_cov_urb,2006,5.75
ltu,sex_t,age_ythadult_yge25,geo_cov_urb,2007,5.7
ltu,sex_t,age_ythadult_yge25,geo_cov_urb,2008,6.534
ltu,sex_t,age_ythadult_yge25,geo_cov_urb,2009,12.508
ltu,sex_t,age_ythadult_yge25,geo_cov_urb,2010,14.808
ltu,sex_t,age_ythadult_yge25,geo_cov_urb,2011,11.568
ltu,sex_t,age_ythadult_yge25,geo_cov_urb,2012,9.861
ltu,sex_t,age_ythadult_yge25,geo_cov_urb,2013,8.795
ltu,sex_t,age_ythadult_yge25,geo_cov_urb,2014,7.763
ltu,sex_t,age_ythadult_yge25,geo_cov_urb,2015,6.406
ltu,sex_t,age_ythadult_yge25,geo_cov_urb,2016,6.034
ltu,sex_t,age_ythadult_yge25,geo_cov_urb,2017,5.734
ltu,sex_t,age_ythadult_yge25,geo_cov_urb,2018,5.324
ltu,sex_t,age_ythadult_yge25,geo_cov_urb,2019,5.726
ltu,sex_t,age_ythadult_yge25,geo_cov_urb,2020,7.77
ltu,sex_t,age_ythadult_yge25,geo_cov_urb,2021,7.453
ltu,sex_t,age_ythadult_yge25,geo_cov_urb,2022,6.064
ltu,sex_t,age_ythadult_yge25,geo_cov_urb,2023,6.845
ltu,sex_t,age_ythadult_yge25,geo_cov_urb,2024,7.305
lux,sex_f,age_aggregate_total,geo_cov_nat,1998,6.069
lux,sex_f,age_aggregate_total,geo_cov_nat,1999,5.009
lux,sex_f,age_aggregate_total,geo_cov_nat,2000,5.35
lux,sex_f,age_aggregate_total,geo_cov_nat,2001,3.806
lux,sex_f,age_aggregate_total,geo_cov_nat,2002,4.445
lux,sex_f,age_aggregate_total,geo_cov_nat,2003,5.76
lux,sex_f,age_aggregate_total,geo_cov_nat,2004,7.629
lux,sex_f,age_aggregate_total,geo_cov_nat,2005,6.31
lux,sex_f,age_aggregate_total,geo_cov_nat,2006,6.899
lux,sex_f,age_aggregate_total,geo_cov_nat,2007,4.897
lux,sex_f,age_aggregate_total,geo_cov_nat,2008,7.196
lux,sex_f,age_aggregate_total,geo_cov_nat,2009,12.91
lux,sex_f,age_aggregate_total,geo_cov_nat,2010,11.667
lux,sex_f,age_aggregate_total,geo_cov_nat,2011,13.453
lux,sex_f,age_aggregate_total,geo_cov_nat,2012,12.738
lux,sex_f,age_aggregate_total,geo_cov_nat,2013,14.142
lux,sex_f,age_aggregate_total,geo_cov_nat,2014,13.877
lux,sex_f,age_aggregate_total,geo_cov_nat,2015,14.904
lux,sex_f,age_aggregate_total,geo_cov_nat,2016,14.105
lux,sex_f,age_aggregate_total,geo_cov_nat,2017,12.254
lux,sex_f,age_aggregate_total,geo_cov_nat,2018,11.852
lux,sex_f,age_aggregate_total,geo_cov_nat,2019,10.863
lux,sex_f,age_aggregate_total,geo_cov_nat,2020,12.685
lux,sex_f,age_aggregate_total,geo_cov_nat,2021,12.19
lux,sex_f,age_aggregate_total,geo_cov_nat,2022,9.574
lux,sex_f,age_aggregate_total,geo_cov_nat,2023,12.031
lux,sex_f,age_aggregate_total,geo_cov_nat,2024,12.315
lux,sex_f,age_aggregate_total,geo_cov_rur,1998,6.004
lux,sex_f,age_aggregate_total,geo_cov_rur,1999,5.063
lux,sex_f,age_aggregate_total,geo_cov_rur,2000,3.487
lux,sex_f,age_aggregate_total,geo_cov_rur,2001,6.515
lux,sex_f,age_aggregate_total,geo_cov_rur,2002,4.988
lux,sex_f,age_aggregate_total,geo_cov_rur,2003,5.939
lux,sex_f,age_aggregate_total,geo_cov_rur,2004,6.587
lux,sex_f,age_aggregate_total,geo_cov_rur,2005,6.053
lux,sex_f,age_aggregate_total,geo_cov_rur,2006,7.173
lux,sex_f,age_aggregate_total,geo_cov_rur,2007,4.947
lux,sex_f,age_aggregate_total,geo_cov_rur,2008,7.098
lux,sex_f,age_aggregate_total,geo_cov_rur,2009,12.906
lux,sex_f,age_aggregate_total,geo_cov_rur,2010,11.422
lux,sex_f,age_aggregate_total,geo_cov_rur,2011,13.61
lux,sex_f,age_aggregate_total,geo_cov_rur,2012,11.483
lux,sex_f,age_aggregate_total,geo_cov_rur,2013,13.354
lux,sex_f,age_aggregate_total,geo_cov_rur,2014,12.541
lux,sex_f,age_aggregate_total,geo_cov_rur,2015,12.552
lux,sex_f,age_aggregate_total,geo_cov_rur,2016,13.156
lux,sex_f,age_aggregate_total,geo_cov_rur,2017,10.169
lux,sex_f,age_aggregate_total,geo_cov_rur,2018,10.15
lux,sex_f,age_aggregate_total,geo_cov_rur,2019,9.082
lux,sex_f,age_aggregate_total,geo_cov_rur,2020,10.862
lux,sex_f,age_aggregate_total,geo_cov_rur,2021,10.904
lux,sex_f,age_aggregate_total,geo_cov_rur,2022,7.696
lux,sex_f,age_aggregate_total,geo_cov_rur,2023,13.354
lux,sex_f,age_aggregate_total,geo_cov_rur,2024,10.673
lux,sex_f,age_aggregate_total,geo_cov_urb,1998,6.088
lux,sex_f,age_aggregate_total,geo_cov_urb,1999,4.995
lux,sex_f,age_aggregate_total,geo_cov_urb,2000,5.849
lux,sex_f,age_aggregate_total,geo_cov_urb,2001,2.909
lux,sex_f,age_aggregate_total,geo_cov_urb,2002,4.28
lux,sex_f,age_aggregate_total,geo_cov_urb,2003,5.675
lux,sex_f,age_aggregate_total,geo_cov_urb,2004,8.13
lux,sex_f,age_aggregate_total,geo_cov_urb,2005,6.377
lux,sex_f,age_aggregate_total,geo_cov_urb,2006,6.828
lux,sex_f,age_aggregate_total,geo_cov_urb,2007,4.885
lux,sex_f,age_aggregate_total,geo_cov_urb,2008,7.221
lux,sex_f,age_aggregate_total,geo_cov_urb,2009,12.911
lux,sex_f,age_aggregate_total,geo_cov_urb,2010,11.736
lux,sex_f,age_aggregate_total,geo_cov_urb,2011,13.412
lux,sex_f,age_aggregate_total,geo_cov_urb,2012,13.378
lux,sex_f,age_aggregate_total,geo_cov_urb,2013,14.924
lux,sex_f,age_aggregate_total,geo_cov_urb,2014,15.232
lux,sex_f,age_aggregate_total,geo_cov_urb,2015,16.753
lux,sex_f,age_aggregate_total,geo_cov_urb,2016,15.205
lux,sex_f,age_aggregate_total,geo_cov_urb,2017,13.688
lux,sex_f,age_aggregate_total,geo_cov_urb,2018,12.879
lux,sex_f,age_aggregate_total,geo_cov_urb,2019,11.855
lux,sex_f,age_aggregate_total,geo_cov_urb,2020,13.838
lux,sex_f,age_aggregate_total,geo_cov_urb,2021,12.985
lux,sex_f,age_aggregate_total,geo_cov_urb,2022,10.726
lux,sex_f,age_aggregate_total,geo_cov_urb,2023,11.161
lux,sex_f,age_aggregate_total,geo_cov_urb,2024,13.268
lux,sex_f,age_aggregate_y15_24,geo_cov_nat,1998,11.132
lux,sex_f,age_aggregate_y15_24,geo_cov_nat,1999,10.223
lux,sex_f,age_aggregate_y15_24,geo_cov_nat,2000,13.608
lux,sex_f,age_aggregate_y15_24,geo_cov_nat,2001,6.941
lux,sex_f,age_aggregate_y15_24,geo_cov_nat,2002,10.874
lux,sex_f,age_aggregate_y15_24,geo_cov_nat,2003,13.761
lux,sex_f,age_aggregate_y15_24,geo_cov_nat,2004,23.515
lux,sex_f,age_aggregate_y15_24,geo_cov_nat,2005,16.447
lux,sex_f,age_aggregate_y15_24,geo_cov_nat,2006,17.327
lux,sex_f,age_aggregate_y15_24,geo_cov_nat,2007,17.473
lux,sex_f,age_aggregate_y15_24,geo_cov_nat,2008,24.477
lux,sex_f,age_aggregate_y15_24,geo_cov_nat,2009,27.43
lux,sex_f,age_aggregate_y15_24,geo_cov_nat,2010,26.224
lux,sex_f,age_aggregate_y15_24,geo_cov_nat,2011,34.524
lux,sex_f,age_aggregate_y15_24,geo_cov_nat,2012,30.084
lux,sex_f,age_aggregate_y15_24,geo_cov_nat,2013,31.721
lux,sex_f,age_aggregate_y15_24,geo_cov_nat,2014,42.983
lux,sex_f,age_aggregate_y15_24,geo_cov_nat,2015,34.636
lux,sex_f,age_aggregate_y15_24,geo_cov_nat,2016,41.05
lux,sex_f,age_aggregate_y15_24,geo_cov_nat,2017,37.915
lux,sex_f,age_aggregate_y15_24,geo_cov_nat,2018,30.732
lux,sex_f,age_aggregate_y15_24,geo_cov_nat,2019,36.521
lux,sex_f,age_aggregate_y15_24,geo_cov_nat,2020,39.307
lux,sex_f,age_aggregate_y15_24,geo_cov_nat,2021,38.158
lux,sex_f,age_aggregate_y15_24,geo_cov_nat,2022,36.172
lux,sex_f,age_aggregate_y15_24,geo_cov_nat,2023,45.062
lux,sex_f,age_aggregate_y15_24,geo_cov_nat,2024,38.256
lux,sex_f,age_aggregate_y15_24,geo_cov_rur,1998,8.784
lux,sex_f,age_aggregate_y15_24,geo_cov_rur,1999,8.792
lux,sex_f,age_aggregate_y15_24,geo_cov_rur,2002,9.464
lux,sex_f,age_aggregate_y15_24,geo_cov_rur,2003,16.201
lux,sex_f,age_aggregate_y15_24,geo_cov_rur,2004,22.152
lux,sex_f,age_aggregate_y15_24,geo_cov_rur,2005,16.684
lux,sex_f,age_aggregate_y15_24,geo_cov_rur,2006,16.132
lux,sex_f,age_aggregate_y15_24,geo_cov_rur,2007,20.224
lux,sex_f,age_aggregate_y15_24,geo_cov_rur,2008,13.752
lux,sex_f,age_aggregate_y15_24,geo_cov_rur,2009,25.646
lux,sex_f,age_aggregate_y15_24,geo_cov_rur,2010,21.726
lux,sex_f,age_aggregate_y15_24,geo_cov_rur,2011,38.242
lux,sex_f,age_aggregate_y15_24,geo_cov_rur,2012,30.624
lux,sex_f,age_aggregate_y15_24,geo_cov_rur,2013,32.386
lux,sex_f,age_aggregate_y15_24,geo_cov_rur,2014,32.918
lux,sex_f,age_aggregate_y15_24,geo_cov_rur,2015,31.429
lux,sex_f,age_aggregate_y15_24,geo_cov_rur,2016,36.393
lux,sex_f,age_aggregate_y15_24,geo_cov_rur,2017,27.815
lux,sex_f,age_aggregate_y15_24,geo_cov_rur,2018,28.572
lux,sex_f,age_aggregate_y15_24,geo_cov_rur,2019,31.973
lux,sex_f,age_aggregate_y15_24,geo_cov_rur,2020,38.957
lux,sex_f,age_aggregate_y15_24,geo_cov_rur,2021,36.541
lux,sex_f,age_aggregate_y15_24,geo_cov_rur,2022,29.931
lux,sex_f,age_aggregate_y15_24,geo_cov_rur,2023,47.364
lux,sex_f,age_aggregate_y15_24,geo_cov_rur,2024,33.919
lux,sex_f,age_aggregate_y15_24,geo_cov_urb,1998,11.76
lux,sex_f,age_aggregate_y15_24,geo_cov_urb,1999,10.528
lux,sex_f,age_aggregate_y15_24,geo_cov_urb,2000,15.397
lux,sex_f,age_aggregate_y15_24,geo_cov_urb,2001,7.209
lux,sex_f,age_aggregate_y15_24,geo_cov_urb,2002,11.403
lux,sex_f,age_aggregate_y15_24,geo_cov_urb,2003,12.454
lux,sex_f,age_aggregate_y15_24,geo_cov_urb,2004,24.198
lux,sex_f,age_aggregate_y15_24,geo_cov_urb,2005,16.378
lux,sex_f,age_aggregate_y15_24,geo_cov_urb,2006,17.672
lux,sex_f,age_aggregate_y15_24,geo_cov_urb,2007,16.567
lux,sex_f,age_aggregate_y15_24,geo_cov_urb,2008,27.718
lux,sex_f,age_aggregate_y15_24,geo_cov_urb,2009,28.049
lux,sex_f,age_aggregate_y15_24,geo_cov_urb,2010,27.782
lux,sex_f,age_aggregate_y15_24,geo_cov_urb,2011,33.289
lux,sex_f,age_aggregate_y15_24,geo_cov_urb,2012,29.82
lux,sex_f,age_aggregate_y15_24,geo_cov_urb,2013,30.781
lux,sex_f,age_aggregate_y15_24,geo_cov_urb,2014,51.274
lux,sex_f,age_aggregate_y15_24,geo_cov_urb,2015,37.054
lux,sex_f,age_aggregate_y15_24,geo_cov_urb,2016,46.557
lux,sex_f,age_aggregate_y15_24,geo_cov_urb,2017,46.397
lux,sex_f,age_aggregate_y15_24,geo_cov_urb,2018,32.197
lux,sex_f,age_aggregate_y15_24,geo_cov_urb,2019,38.783
lux,sex_f,age_aggregate_y15_24,geo_cov_urb,2020,39.49
lux,sex_f,age_aggregate_y15_24,geo_cov_urb,2021,39.462
lux,sex_f,age_aggregate_y15_24,geo_cov_urb,2022,41.073
lux,sex_f,age_aggregate_y15_24,geo_cov_urb,2023,43.285
lux,sex_f,age_aggregate_y15_24,geo_cov_urb,2024,40.957
lux,sex_f,age_aggregate_y25_54,geo_cov_nat,1998,5.558
lux,sex_f,age_aggregate_y25_54,geo_cov_nat,1999,4.279
lux,sex_f,age_aggregate_y25_54,geo_cov_nat,2000,4.553
lux,sex_f,age_aggregate_y25_54,geo_cov_nat,2001,3.437
lux,sex_f,age_aggregate_y25_54,geo_cov_nat,2002,3.879
lux,sex_f,age_aggregate_y25_54,geo_cov_nat,2003,4.987
lux,sex_f,age_aggregate_y25_54,geo_cov_nat,2004,6.576
lux,sex_f,age_aggregate_y25_54,geo_cov_nat,2005,5.816
lux,sex_f,age_aggregate_y25_54,geo_cov_nat,2006,6.342
lux,sex_f,age_aggregate_y25_54,geo_cov_nat,2007,4.248
lux,sex_f,age_aggregate_y25_54,geo_cov_nat,2008,5.835
lux,sex_f,age_aggregate_y25_54,geo_cov_nat,2009,10.983
lux,sex_f,age_aggregate_y25_54,geo_cov_nat,2010,9.978
lux,sex_f,age_aggregate_y25_54,geo_cov_nat,2011,10.687
lux,sex_f,age_aggregate_y25_54,geo_cov_nat,2012,10.473
lux,sex_f,age_aggregate_y25_54,geo_cov_nat,2013,11.394
lux,sex_f,age_aggregate_y25_54,geo_cov_nat,2014,10.532
lux,sex_f,age_aggregate_y25_54,geo_cov_nat,2015,12.238
lux,sex_f,age_aggregate_y25_54,geo_cov_nat,2016,10.563
lux,sex_f,age_aggregate_y25_54,geo_cov_nat,2017,8.779
lux,sex_f,age_aggregate_y25_54,geo_cov_nat,2018,9.565
lux,sex_f,age_aggregate_y25_54,geo_cov_nat,2019,8.153
lux,sex_f,age_aggregate_y25_54,geo_cov_nat,2020,10.27
lux,sex_f,age_aggregate_y25_54,geo_cov_nat,2021,9.477
lux,sex_f,age_aggregate_y25_54,geo_cov_nat,2022,6.28
lux,sex_f,age_aggregate_y25_54,geo_cov_nat,2023,8.417
lux,sex_f,age_aggregate_y25_54,geo_cov_nat,2024,9.756
lux,sex_f,age_aggregate_y25_54,geo_cov_rur,1998,5.818
lux,sex_f,age_aggregate_y25_54,geo_cov_rur,1999,4.515
lux,sex_f,age_aggregate_y25_54,geo_cov_rur,2000,3.468
lux,sex_f,age_aggregate_y25_54,geo_cov_rur,2001,6.786
lux,sex_f,age_aggregate_y25_54,geo_cov_rur,2002,4.656
lux,sex_f,age_aggregate_y25_54,geo_cov_rur,2003,4.745
lux,sex_f,age_aggregate_y25_54,geo_cov_rur,2004,5.523
lux,sex_f,age_aggregate_y25_54,geo_cov_rur,2005,5.288
lux,sex_f,age_aggregate_y25_54,geo_cov_rur,2006,6.703
lux,sex_f,age_aggregate_y25_54,geo_cov_rur,2007,3.705
lux,sex_f,age_aggregate_y25_54,geo_cov_rur,2008,6.765
lux,sex_f,age_aggregate_y25_54,geo_cov_rur,2009,11.12
lux,sex_f,age_aggregate_y25_54,geo_cov_rur,2010,10.743
lux,sex_f,age_aggregate_y25_54,geo_cov_rur,2011,10.616
lux,sex_f,age_aggregate_y25_54,geo_cov_rur,2012,8.84
lux,sex_f,age_aggregate_y25_54,geo_cov_rur,2013,10.532
lux,sex_f,age_aggregate_y25_54,geo_cov_rur,2014,10.004
lux,sex_f,age_aggregate_y25_54,geo_cov_rur,2015,9.928
lux,sex_f,age_aggregate_y25_54,geo_cov_rur,2016,10.38
lux,sex_f,age_aggregate_y25_54,geo_cov_rur,2017,6.629
lux,sex_f,age_aggregate_y25_54,geo_cov_rur,2018,7.867
lux,sex_f,age_aggregate_y25_54,geo_cov_rur,2019,6.774
lux,sex_f,age_aggregate_y25_54,geo_cov_rur,2020,8.719
lux,sex_f,age_aggregate_y25_54,geo_cov_rur,2021,7.838
lux,sex_f,age_aggregate_y25_54,geo_cov_rur,2022,4.346
lux,sex_f,age_aggregate_y25_54,geo_cov_rur,2023,9.043
lux,sex_f,age_aggregate_y25_54,geo_cov_rur,2024,8.114
lux,sex_f,age_aggregate_y25_54,geo_cov_urb,1998,5.483
lux,sex_f,age_aggregate_y25_54,geo_cov_urb,1999,4.217
lux,sex_f,age_aggregate_y25_54,geo_cov_urb,2000,4.838
lux,sex_f,age_aggregate_y25_54,geo_cov_urb,2001,2.321
lux,sex_f,age_aggregate_y25_54,geo_cov_urb,2002,3.648
lux,sex_f,age_aggregate_y25_54,geo_cov_urb,2003,5.1
lux,sex_f,age_aggregate_y25_54,geo_cov_urb,2004,7.089
lux,sex_f,age_aggregate_y25_54,geo_cov_urb,2005,5.952
lux,sex_f,age_aggregate_y25_54,geo_cov_urb,2006,6.248
lux,sex_f,age_aggregate_y25_54,geo_cov_urb,2007,4.384
lux,sex_f,age_aggregate_y25_54,geo_cov_urb,2008,5.585
lux,sex_f,age_aggregate_y25_54,geo_cov_urb,2009,10.943
lux,sex_f,age_aggregate_y25_54,geo_cov_urb,2010,9.761
lux,sex_f,age_aggregate_y25_54,geo_cov_urb,2011,10.705
lux,sex_f,age_aggregate_y25_54,geo_cov_urb,2012,11.309
lux,sex_f,age_aggregate_y25_54,geo_cov_urb,2013,12.218
lux,sex_f,age_aggregate_y25_54,geo_cov_urb,2014,11.066
lux,sex_f,age_aggregate_y25_54,geo_cov_urb,2015,14.017
lux,sex_f,age_aggregate_y25_54,geo_cov_urb,2016,10.774
lux,sex_f,age_aggregate_y25_54,geo_cov_urb,2017,10.212
lux,sex_f,age_aggregate_y25_54,geo_cov_urb,2018,10.588
lux,sex_f,age_aggregate_y25_54,geo_cov_urb,2019,8.921
lux,sex_f,age_aggregate_y25_54,geo_cov_urb,2020,11.261
lux,sex_f,age_aggregate_y25_54,geo_cov_urb,2021,10.437
lux,sex_f,age_aggregate_y25_54,geo_cov_urb,2022,7.398
lux,sex_f,age_aggregate_y25_54,geo_cov_urb,2023,8.028
lux,sex_f,age_aggregate_y25_54,geo_cov_urb,2024,10.682
lux,sex_f,age_aggregate_y55_64,geo_cov_nat,1999,3.649
lux,sex_f,age_aggregate_y55_64,geo_cov_nat,2003,4.476
lux,sex_f,age_aggregate_y55_64,geo_cov_nat,2004,1.982
lux,sex_f,age_aggregate_y55_64,geo_cov_nat,2005,1.315
lux,sex_f,age_aggregate_y55_64,geo_cov_nat,2006,3.144
lux,sex_f,age_aggregate_y55_64,geo_cov_nat,2007,1.72
lux,sex_f,age_aggregate_y55_64,geo_cov_nat,2008,4.918
lux,sex_f,age_aggregate_y55_64,geo_cov_nat,2009,14.864
lux,sex_f,age_aggregate_y55_64,geo_cov_nat,2010,11.039
lux,sex_f,age_aggregate_y55_64,geo_cov_nat,2011,16.392
lux,sex_f,age_aggregate_y55_64,geo_cov_nat,2012,15.796
lux,sex_f,age_aggregate_y55_64,geo_cov_nat,2013,20.512
lux,sex_f,age_aggregate_y55_64,geo_cov_nat,2014,13.146
lux,sex_f,age_aggregate_y55_64,geo_cov_nat,2015,12.274
lux,sex_f,age_aggregate_y55_64,geo_cov_nat,2016,13.44
lux,sex_f,age_aggregate_y55_64,geo_cov_nat,2017,13.558
lux,sex_f,age_aggregate_y55_64,geo_cov_nat,2018,10.573
lux,sex_f,age_aggregate_y55_64,geo_cov_nat,2019,7.225
lux,sex_f,age_aggregate_y55_64,geo_cov_nat,2020,7.495
lux,sex_f,age_aggregate_y55_64,geo_cov_nat,2021,7.6
lux,sex_f,age_aggregate_y55_64,geo_cov_nat,2022,10.394
lux,sex_f,age_aggregate_y55_64,geo_cov_nat,2023,8.352
lux,sex_f,age_aggregate_y55_64,geo_cov_nat,2024,8.812
lux,sex_f,age_aggregate_y55_64,geo_cov_rur,2005,2.784
lux,sex_f,age_aggregate_y55_64,geo_cov_rur,2006,2.68
lux,sex_f,age_aggregate_y55_64,geo_cov_rur,2009,16.519
lux,sex_f,age_aggregate_y55_64,geo_cov_rur,2010,7.193
lux,sex_f,age_aggregate_y55_64,geo_cov_rur,2011,16.046
lux,sex_f,age_aggregate_y55_64,geo_cov_rur,2012,16.742
lux,sex_f,age_aggregate_y55_64,geo_cov_rur,2013,18.63
lux,sex_f,age_aggregate_y55_64,geo_cov_rur,2014,14.258
lux,sex_f,age_aggregate_y55_64,geo_cov_rur,2015,10.791
lux,sex_f,age_aggregate_y55_64,geo_cov_rur,2016,12.53
lux,sex_f,age_aggregate_y55_64,geo_cov_rur,2017,17.247
lux,sex_f,age_aggregate_y55_64,geo_cov_rur,2018,7.436
lux,sex_f,age_aggregate_y55_64,geo_cov_rur,2019,7.087
lux,sex_f,age_aggregate_y55_64,geo_cov_rur,2020,6.05
lux,sex_f,age_aggregate_y55_64,geo_cov_rur,2021,5.257
lux,sex_f,age_aggregate_y55_64,geo_cov_rur,2022,7.796
lux,sex_f,age_aggregate_y55_64,geo_cov_rur,2023,10.401
lux,sex_f,age_aggregate_y55_64,geo_cov_rur,2024,7.89
lux,sex_f,age_aggregate_y55_64,geo_cov_urb,2004,2.74
lux,sex_f,age_aggregate_y55_64,geo_cov_urb,2005,0.934
lux,sex_f,age_aggregate_y55_64,geo_cov_urb,2006,3.253
lux,sex_f,age_aggregate_y55_64,geo_cov_urb,2007,1.579
lux,sex_f,age_aggregate_y55_64,geo_cov_urb,2008,5.415
lux,sex_f,age_aggregate_y55_64,geo_cov_urb,2009,14.442
lux,sex_f,age_aggregate_y55_64,geo_cov_urb,2010,11.786
lux,sex_f,age_aggregate_y55_64,geo_cov_urb,2011,16.469
lux,sex_f,age_aggregate_y55_64,geo_cov_urb,2012,15.308
lux,sex_f,age_aggregate_y55_64,geo_cov_urb,2013,22.678
lux,sex_f,age_aggregate_y55_64,geo_cov_urb,2014,11.686
lux,sex_f,age_aggregate_y55_64,geo_cov_urb,2015,13.683
lux,sex_f,age_aggregate_y55_64,geo_cov_urb,2016,14.629
lux,sex_f,age_aggregate_y55_64,geo_cov_urb,2017,10.912
lux,sex_f,age_aggregate_y55_64,geo_cov_urb,2018,12.348
lux,sex_f,age_aggregate_y55_64,geo_cov_urb,2019,7.31
lux,sex_f,age_aggregate_y55_64,geo_cov_urb,2020,8.519
lux,sex_f,age_aggregate_y55_64,geo_cov_urb,2021,9.262
lux,sex_f,age_aggregate_y55_64,geo_cov_urb,2022,12.264
lux,sex_f,age_aggregate_y55_64,geo_cov_urb,2023,6.69
lux,sex_f,age_aggregate_y55_64,geo_cov_urb,2024,9.433
lux,sex_f,age_aggregate_yge65,geo_cov_nat,2009,30.346
lux,sex_f,age_aggregate_yge65,geo_cov_nat,2010,42.549
lux,sex_f,age_aggregate_yge65,geo_cov_nat,2011,46.981
lux,sex_f,age_aggregate_yge65,geo_cov_nat,2012,39.921
lux,sex_f,age_aggregate_yge65,geo_cov_nat,2013,55.094
lux,sex_f,age_aggregate_yge65,geo_cov_nat,2014,48.332
lux,sex_f,age_aggregate_yge65,geo_cov_nat,2015,38.002
lux,sex_f,age_aggregate_yge65,geo_cov_nat,2016,50.152
lux,sex_f,age_aggregate_yge65,geo_cov_nat,2017,44.42
lux,sex_f,age_aggregate_yge65,geo_cov_nat,2018,38.368
lux,sex_f,age_aggregate_yge65,geo_cov_nat,2019,23.868
lux,sex_f,age_aggregate_yge65,geo_cov_nat,2020,26.913
lux,sex_f,age_aggregate_yge65,geo_cov_nat,2023,15.488
lux,sex_f,age_aggregate_yge65,geo_cov_rur,2012,43.086
lux,sex_f,age_aggregate_yge65,geo_cov_rur,2013,46.837
lux,sex_f,age_aggregate_yge65,geo_cov_rur,2014,50.657
lux,sex_f,age_aggregate_yge65,geo_cov_rur,2015,35.363
lux,sex_f,age_aggregate_yge65,geo_cov_urb,2009,39.07
lux,sex_f,age_aggregate_yge65,geo_cov_urb,2010,52.362
lux,sex_f,age_aggregate_yge65,geo_cov_urb,2011,52.784
lux,sex_f,age_aggregate_yge65,geo_cov_urb,2012,38.614
lux,sex_f,age_aggregate_yge65,geo_cov_urb,2013,58.728
lux,sex_f,age_aggregate_yge65,geo_cov_urb,2014,46.671
lux,sex_f,age_aggregate_yge65,geo_cov_urb,2015,40.357
lux,sex_f,age_aggregate_yge65,geo_cov_urb,2016,68.493
lux,sex_f,age_aggregate_yge65,geo_cov_urb,2020,29.639
lux,sex_f,age_ythadult_y15_24,geo_cov_nat,1998,11.132
lux,sex_f,age_ythadult_y15_24,geo_cov_nat,1999,10.223
lux,sex_f,age_ythadult_y15_24,geo_cov_nat,2000,13.608
lux,sex_f,age_ythadult_y15_24,geo_cov_nat,2001,6.941
lux,sex_f,age_ythadult_y15_24,geo_cov_nat,2002,10.874
lux,sex_f,age_ythadult_y15_24,geo_cov_nat,2003,13.761
lux,sex_f,age_ythadult_y15_24,geo_cov_nat,2004,23.515
lux,sex_f,age_ythadult_y15_24,geo_cov_nat,2005,16.447
lux,sex_f,age_ythadult_y15_24,geo_cov_nat,2006,17.327
lux,sex_f,age_ythadult_y15_24,geo_cov_nat,2007,17.473
lux,sex_f,age_ythadult_y15_24,geo_cov_nat,2008,24.477
lux,sex_f,age_ythadult_y15_24,geo_cov_nat,2009,27.43
lux,sex_f,age_ythadult_y15_24,geo_cov_nat,2010,26.224
lux,sex_f,age_ythadult_y15_24,geo_cov_nat,2011,34.524
lux,sex_f,age_ythadult_y15_24,geo_cov_nat,2012,30.084
lux,sex_f,age_ythadult_y15_24,geo_cov_nat,2013,31.721
lux,sex_f,age_ythadult_y15_24,geo_cov_nat,2014,42.983
lux,sex_f,age_ythadult_y15_24,geo_cov_nat,2015,34.636
lux,sex_f,age_ythadult_y15_24,geo_cov_nat,2016,41.05
lux,sex_f,age_ythadult_y15_24,geo_cov_nat,2017,37.915
lux,sex_f,age_ythadult_y15_24,geo_cov_nat,2018,30.732
lux,sex_f,age_ythadult_y15_24,geo_cov_nat,2019,36.521
lux,sex_f,age_ythadult_y15_24,geo_cov_nat,2020,39.307
lux,sex_f,age_ythadult_y15_24,geo_cov_nat,2021,38.158
lux,sex_f,age_ythadult_y15_24,geo_cov_nat,2022,36.172
lux,sex_f,age_ythadult_y15_24,geo_cov_nat,2023,45.062
lux,sex_f,age_ythadult_y15_24,geo_cov_nat,2024,38.256
lux,sex_f,age_ythadult_y15_24,geo_cov_rur,1998,8.784
lux,sex_f,age_ythadult_y15_24,geo_cov_rur,1999,8.792
lux,sex_f,age_ythadult_y15_24,geo_cov_rur,2002,9.464
lux,sex_f,age_ythadult_y15_24,geo_cov_rur,2003,16.201
lux,sex_f,age_ythadult_y15_24,geo_cov_rur,2004,22.152
lux,sex_f,age_ythadult_y15_24,geo_cov_rur,2005,16.684
lux,sex_f,age_ythadult_y15_24,geo_cov_rur,2006,16.132
lux,sex_f,age_ythadult_y15_24,geo_cov_rur,2007,20.224
lux,sex_f,age_ythadult_y15_24,geo_cov_rur,2008,13.752
lux,sex_f,age_ythadult_y15_24,geo_cov_rur,2009,25.646
lux,sex_f,age_ythadult_y15_24,geo_cov_rur,2010,21.726
lux,sex_f,age_ythadult_y15_24,geo_cov_rur,2011,38.242
lux,sex_f,age_ythadult_y15_24,geo_cov_rur,2012,30.624
lux,sex_f,age_ythadult_y15_24,geo_cov_rur,2013,32.386
lux,sex_f,age_ythadult_y15_24,geo_cov_rur,2014,32.918
lux,sex_f,age_ythadult_y15_24,geo_cov_rur,2015,31.429
lux,sex_f,age_ythadult_y15_24,geo_cov_rur,2016,36.393
lux,sex_f,age_ythadult_y15_24,geo_cov_rur,2017,27.815
lux,sex_f,age_ythadult_y15_24,geo_cov_rur,2018,28.572
lux,sex_f,age_ythadult_y15_24,geo_cov_rur,2019,31.973
lux,sex_f,age_ythadult_y15_24,geo_cov_rur,2020,38.957
lux,sex_f,age_ythadult_y15_24,geo_cov_rur,2021,36.541
lux,sex_f,age_ythadult_y15_24,geo_cov_rur,2022,29.931
lux,sex_f,age_ythadult_y15_24,geo_cov_rur,2023,47.364
lux,sex_f,age_ythadult_y15_24,geo_cov_rur,2024,33.919
lux,sex_f,age_ythadult_y15_24,geo_cov_urb,1998,11.76
lux,sex_f,age_ythadult_y15_24,geo_cov_urb,1999,10.528
lux,sex_f,age_ythadult_y15_24,geo_cov_urb,2000,15.397
lux,sex_f,age_ythadult_y15_24,geo_cov_urb,2001,7.209
lux,sex_f,age_ythadult_y15_24,geo_cov_urb,2002,11.403
lux,sex_f,age_ythadult_y15_24,geo_cov_urb,2003,12.454
lux,sex_f,age_ythadult_y15_24,geo_cov_urb,2004,24.198
lux,sex_f,age_ythadult_y15_24,geo_cov_urb,2005,16.378
lux,sex_f,age_ythadult_y15_24,geo_cov_urb,2006,17.672
lux,sex_f,age_ythadult_y15_24,geo_cov_urb,2007,16.567
lux,sex_f,age_ythadult_y15_24,geo_cov_urb,2008,27.718
lux,sex_f,age_ythadult_y15_24,geo_cov_urb,2009,28.049
lux,sex_f,age_ythadult_y15_24,geo_cov_urb,2010,27.782
lux,sex_f,age_ythadult_y15_24,geo_cov_urb,2011,33.289
lux,sex_f,age_ythadult_y15_24,geo_cov_urb,2012,29.82
lux,sex_f,age_ythadult_y15_24,geo_cov_urb,2013,30.781
lux,sex_f,age_ythadult_y15_24,geo_cov_urb,2014,51.274
lux,sex_f,age_ythadult_y15_24,geo_cov_urb,2015,37.054
lux,sex_f,age_ythadult_y15_24,geo_cov_urb,2016,46.557
lux,sex_f,age_ythadult_y15_24,geo_cov_urb,2017,46.397
lux,sex_f,age_ythadult_y15_24,geo_cov_urb,2018,32.197
lux,sex_f,age_ythadult_y15_24,geo_cov_urb,2019,38.783
lux,sex_f,age_ythadult_y15_24,geo_cov_urb,2020,39.49
lux,sex_f,age_ythadult_y15_24,geo_cov_urb,2021,39.462
lux,sex_f,age_ythadult_y15_24,geo_cov_urb,2022,41.073
lux,sex_f,age_ythadult_y15_24,geo_cov_urb,2023,43.285
lux,sex_f,age_ythadult_y15_24,geo_cov_urb,2024,40.957
lux,sex_f,age_ythadult_y15_64,geo_cov_nat,1998,6.086
lux,sex_f,age_ythadult_y15_64,geo_cov_nat,1999,4.892
lux,sex_f,age_ythadult_y15_64,geo_cov_nat,2000,5.305
lux,sex_f,age_ythadult_y15_64,geo_cov_nat,2001,3.814
lux,sex_f,age_ythadult_y15_64,geo_cov_nat,2002,4.454
lux,sex_f,age_ythadult_y15_64,geo_cov_nat,2003,5.783
lux,sex_f,age_ythadult_y15_64,geo_cov_nat,2004,7.642
lux,sex_f,age_ythadult_y15_64,geo_cov_nat,2005,6.319
lux,sex_f,age_ythadult_y15_64,geo_cov_nat,2006,6.909
lux,sex_f,age_ythadult_y15_64,geo_cov_nat,2008,7.219
lux,sex_f,age_ythadult_y15_64,geo_cov_nat,2009,12.79
lux,sex_f,age_ythadult_y15_64,geo_cov_nat,2010,11.336
lux,sex_f,age_ythadult_y15_64,geo_cov_nat,2011,13.01
lux,sex_f,age_ythadult_y15_64,geo_cov_nat,2012,12.47
lux,sex_f,age_ythadult_y15_64,geo_cov_nat,2013,13.673
lux,sex_f,age_ythadult_y15_64,geo_cov_nat,2014,13.436
lux,sex_f,age_ythadult_y15_64,geo_cov_nat,2015,14.651
lux,sex_f,age_ythadult_y15_64,geo_cov_nat,2016,13.82
lux,sex_f,age_ythadult_y15_64,geo_cov_nat,2017,12.074
lux,sex_f,age_ythadult_y15_64,geo_cov_nat,2018,11.694
lux,sex_f,age_ythadult_y15_64,geo_cov_nat,2019,10.795
lux,sex_f,age_ythadult_y15_64,geo_cov_nat,2020,12.583
lux,sex_f,age_ythadult_y15_64,geo_cov_nat,2021,12.217
lux,sex_f,age_ythadult_y15_64,geo_cov_nat,2022,9.579
lux,sex_f,age_ythadult_y15_64,geo_cov_nat,2023,12.002
lux,sex_f,age_ythadult_y15_64,geo_cov_nat,2024,12.34
lux,sex_f,age_ythadult_y15_64,geo_cov_rur,2005,6.066
lux,sex_f,age_ythadult_y15_64,geo_cov_rur,2009,12.993
lux,sex_f,age_ythadult_y15_64,geo_cov_rur,2010,11.527
lux,sex_f,age_ythadult_y15_64,geo_cov_rur,2011,13.555
lux,sex_f,age_ythadult_y15_64,geo_cov_rur,2012,11.214
lux,sex_f,age_ythadult_y15_64,geo_cov_rur,2013,13.12
lux,sex_f,age_ythadult_y15_64,geo_cov_rur,2014,12.139
lux,sex_f,age_ythadult_y15_64,geo_cov_rur,2015,12.284
lux,sex_f,age_ythadult_y15_64,geo_cov_rur,2016,13.158
lux,sex_f,age_ythadult_y15_64,geo_cov_rur,2017,9.958
lux,sex_f,age_ythadult_y15_64,geo_cov_rur,2018,9.961
lux,sex_f,age_ythadult_y15_64,geo_cov_rur,2019,9.062
lux,sex_f,age_ythadult_y15_64,geo_cov_rur,2020,10.815
lux,sex_f,age_ythadult_y15_64,geo_cov_rur,2021,10.972
lux,sex_f,age_ythadult_y15_64,geo_cov_rur,2022,7.599
lux,sex_f,age_ythadult_y15_64,geo_cov_rur,2023,13.345
lux,sex_f,age_ythadult_y15_64,geo_cov_rur,2024,10.632
lux,sex_f,age_ythadult_y15_64,geo_cov_urb,1998,6.107
lux,sex_f,age_ythadult_y15_64,geo_cov_urb,1999,4.895
lux,sex_f,age_ythadult_y15_64,geo_cov_urb,2000,5.77
lux,sex_f,age_ythadult_y15_64,geo_cov_urb,2001,2.912
lux,sex_f,age_ythadult_y15_64,geo_cov_urb,2003,5.696
lux,sex_f,age_ythadult_y15_64,geo_cov_urb,2004,8.146
lux,sex_f,age_ythadult_y15_64,geo_cov_urb,2005,6.385
lux,sex_f,age_ythadult_y15_64,geo_cov_urb,2006,6.84
lux,sex_f,age_ythadult_y15_64,geo_cov_urb,2008,7.248
lux,sex_f,age_ythadult_y15_64,geo_cov_urb,2009,12.73
lux,sex_f,age_ythadult_y15_64,geo_cov_urb,2010,11.283
lux,sex_f,age_ythadult_y15_64,geo_cov_urb,2011,12.867
lux,sex_f,age_ythadult_y15_64,geo_cov_urb,2012,13.112
lux,sex_f,age_ythadult_y15_64,geo_cov_urb,2013,14.226
lux,sex_f,age_ythadult_y15_64,geo_cov_urb,2014,14.758
lux,sex_f,age_ythadult_y15_64,geo_cov_urb,2015,16.509
lux,sex_f,age_ythadult_y15_64,geo_cov_urb,2016,14.592
lux,sex_f,age_ythadult_y15_64,geo_cov_urb,2017,13.528
lux,sex_f,age_ythadult_y15_64,geo_cov_urb,2018,12.744
lux,sex_f,age_ythadult_y15_64,geo_cov_urb,2019,11.758
lux,sex_f,age_ythadult_y15_64,geo_cov_urb,2020,13.705
lux,sex_f,age_ythadult_y15_64,geo_cov_urb,2021,12.986
lux,sex_f,age_ythadult_y15_64,geo_cov_urb,2022,10.785
lux,sex_f,age_ythadult_y15_64,geo_cov_urb,2023,11.123
lux,sex_f,age_ythadult_y15_64,geo_cov_urb,2024,13.334
lux,sex_f,age_ythadult_yge15,geo_cov_nat,1998,6.069
lux,sex_f,age_ythadult_yge15,geo_cov_nat,1999,5.009
lux,sex_f,age_ythadult_yge15,geo_cov_nat,2000,5.35
lux,sex_f,age_ythadult_yge15,geo_cov_nat,2001,3.806
lux,sex_f,age_ythadult_yge15,geo_cov_nat,2002,4.445
lux,sex_f,age_ythadult_yge15,geo_cov_nat,2003,5.76
lux,sex_f,age_ythadult_yge15,geo_cov_nat,2004,7.629
lux,sex_f,age_ythadult_yge15,geo_cov_nat,2005,6.31
lux,sex_f,age_ythadult_yge15,geo_cov_nat,2006,6.899
lux,sex_f,age_ythadult_yge15,geo_cov_nat,2007,4.897
lux,sex_f,age_ythadult_yge15,geo_cov_nat,2008,7.196
lux,sex_f,age_ythadult_yge15,geo_cov_nat,2009,12.91
lux,sex_f,age_ythadult_yge15,geo_cov_nat,2010,11.667
lux,sex_f,age_ythadult_yge15,geo_cov_nat,2011,13.453
lux,sex_f,age_ythadult_yge15,geo_cov_nat,2012,12.738
lux,sex_f,age_ythadult_yge15,geo_cov_nat,2013,14.142
lux,sex_f,age_ythadult_yge15,geo_cov_nat,2014,13.877
lux,sex_f,age_ythadult_yge15,geo_cov_nat,2015,14.904
lux,sex_f,age_ythadult_yge15,geo_cov_nat,2016,14.105
lux,sex_f,age_ythadult_yge15,geo_cov_nat,2017,12.254
lux,sex_f,age_ythadult_yge15,geo_cov_nat,2018,11.852
lux,sex_f,age_ythadult_yge15,geo_cov_nat,2019,10.863
lux,sex_f,age_ythadult_yge15,geo_cov_nat,2020,12.685
lux,sex_f,age_ythadult_yge15,geo_cov_nat,2021,12.19
lux,sex_f,age_ythadult_yge15,geo_cov_nat,2022,9.574
lux,sex_f,age_ythadult_yge15,geo_cov_nat,2023,12.031
lux,sex_f,age_ythadult_yge15,geo_cov_nat,2024,12.315
lux,sex_f,age_ythadult_yge15,geo_cov_rur,1998,6.004
lux,sex_f,age_ythadult_yge15,geo_cov_rur,1999,5.063
lux,sex_f,age_ythadult_yge15,geo_cov_rur,2000,3.487
lux,sex_f,age_ythadult_yge15,geo_cov_rur,2001,6.515
lux,sex_f,age_ythadult_yge15,geo_cov_rur,2002,4.988
lux,sex_f,age_ythadult_yge15,geo_cov_rur,2003,5.939
lux,sex_f,age_ythadult_yge15,geo_cov_rur,2004,6.587
lux,sex_f,age_ythadult_yge15,geo_cov_rur,2005,6.053
lux,sex_f,age_ythadult_yge15,geo_cov_rur,2006,7.173
lux,sex_f,age_ythadult_yge15,geo_cov_rur,2007,4.947
lux,sex_f,age_ythadult_yge15,geo_cov_rur,2008,7.098
lux,sex_f,age_ythadult_yge15,geo_cov_rur,2009,12.906
lux,sex_f,age_ythadult_yge15,geo_cov_rur,2010,11.422
lux,sex_f,age_ythadult_yge15,geo_cov_rur,2011,13.61
lux,sex_f,age_ythadult_yge15,geo_cov_rur,2012,11.483
lux,sex_f,age_ythadult_yge15,geo_cov_rur,2013,13.354
lux,sex_f,age_ythadult_yge15,geo_cov_rur,2014,12.541
lux,sex_f,age_ythadult_yge15,geo_cov_rur,2015,12.552
lux,sex_f,age_ythadult_yge15,geo_cov_rur,2016,13.156
lux,sex_f,age_ythadult_yge15,geo_cov_rur,2017,10.169
lux,sex_f,age_ythadult_yge15,geo_cov_rur,2018,10.15
lux,sex_f,age_ythadult_yge15,geo_cov_rur,2019,9.082
lux,sex_f,age_ythadult_yge15,geo_cov_rur,2020,10.862
lux,sex_f,age_ythadult_yge15,geo_cov_rur,2021,10.904
lux,sex_f,age_ythadult_yge15,geo_cov_rur,2022,7.696
lux,sex_f,age_ythadult_yge15,geo_cov_rur,2023,13.354
lux,sex_f,age_ythadult_yge15,geo_cov_rur,2024,10.673
lux,sex_f,age_ythadult_yge15,geo_cov_urb,1998,6.088
lux,sex_f,age_ythadult_yge15,geo_cov_urb,1999,4.995
lux,sex_f,age_ythadult_yge15,geo_cov_urb,2000,5.849
lux,sex_f,age_ythadult_yge15,geo_cov_urb,2001,2.909
lux,sex_f,age_ythadult_yge15,geo_cov_urb,2002,4.28
lux,sex_f,age_ythadult_yge15,geo_cov_urb,2003,5.675
lux,sex_f,age_ythadult_yge15,geo_cov_urb,2004,8.13
lux,sex_f,age_ythadult_yge15,geo_cov_urb,2005,6.377
lux,sex_f,age_ythadult_yge15,geo_cov_urb,2006,6.828
lux,sex_f,age_ythadult_yge15,geo_cov_urb,2007,4.885
lux,sex_f,age_ythadult_yge15,geo_cov_urb,2008,7.221
lux,sex_f,age_ythadult_yge15,geo_cov_urb,2009,12.911
lux,sex_f,age_ythadult_yge15,geo_cov_urb,2010,11.736
lux,sex_f,age_ythadult_yge15,geo_cov_urb,2011,13.412
lux,sex_f,age_ythadult_yge15,geo_cov_urb,2012,13.378
lux,sex_f,age_ythadult_yge15,geo_cov_urb,2013,14.924
lux,sex_f,age_ythadult_yge15,geo_cov_urb,2014,15.232
lux,sex_f,age_ythadult_yge15,geo_cov_urb,2015,16.753
lux,sex_f,age_ythadult_yge15,geo_cov_urb,2016,15.205
lux,sex_f,age_ythadult_yge15,geo_cov_urb,2017,13.688
lux,sex_f,age_ythadult_yge15,geo_cov_urb,2018,12.879
lux,sex_f,age_ythadult_yge15,geo_cov_urb,2019,11.855
lux,sex_f,age_ythadult_yge15,geo_cov_urb,2020,13.838
lux,sex_f,age_ythadult_yge15,geo_cov_urb,2021,12.985
lux,sex_f,age_ythadult_yge15,geo_cov_urb,2022,10.726
lux,sex_f,age_ythadult_yge15,geo_cov_urb,2023,11.161
lux,sex_f,age_ythadult_yge15,geo_cov_urb,2024,13.268
lux,sex_f,age_ythadult_yge25,geo_cov_nat,1998,5.37
lux,sex_f,age_ythadult_yge25,geo_cov_nat,1999,4.375
lux,sex_f,age_ythadult_yge25,geo_cov_nat,2000,4.39
lux,sex_f,age_ythadult_yge25,geo_cov_nat,2001,3.438
lux,sex_f,age_ythadult_yge25,geo_cov_nat,2002,3.734
lux,sex_f,age_ythadult_yge25,geo_cov_nat,2003,4.932
lux,sex_f,age_ythadult_yge25,geo_cov_nat,2004,6.26
lux,sex_f,age_ythadult_yge25,geo_cov_nat,2005,5.48
lux,sex_f,age_ythadult_yge25,geo_cov_nat,2006,6.061
lux,sex_f,age_ythadult_yge25,geo_cov_nat,2007,4.04
lux,sex_f,age_ythadult_yge25,geo_cov_nat,2008,5.737
lux,sex_f,age_ythadult_yge25,geo_cov_nat,2009,11.472
lux,sex_f,age_ythadult_yge25,geo_cov_nat,2010,10.449
lux,sex_f,age_ythadult_yge25,geo_cov_nat,2011,11.752
lux,sex_f,age_ythadult_yge25,geo_cov_nat,2012,11.337
lux,sex_f,age_ythadult_yge25,geo_cov_nat,2013,12.892
lux,sex_f,age_ythadult_yge25,geo_cov_nat,2014,11.32
lux,sex_f,age_ythadult_yge25,geo_cov_nat,2015,12.554
lux,sex_f,age_ythadult_yge25,geo_cov_nat,2016,11.201
lux,sex_f,age_ythadult_yge25,geo_cov_nat,2017,9.482
lux,sex_f,age_ythadult_yge25,geo_cov_nat,2018,9.856
lux,sex_f,age_ythadult_yge25,geo_cov_nat,2019,8.146
lux,sex_f,age_ythadult_yge25,geo_cov_nat,2020,10.082
lux,sex_f,age_ythadult_yge25,geo_cov_nat,2021,9.255
lux,sex_f,age_ythadult_yge25,geo_cov_nat,2022,6.758
lux,sex_f,age_ythadult_yge25,geo_cov_nat,2023,8.475
lux,sex_f,age_ythadult_yge25,geo_cov_nat,2024,9.624
lux,sex_f,age_ythadult_yge25,geo_cov_rur,1998,5.641
lux,sex_f,age_ythadult_yge25,geo_cov_rur,1999,4.684
lux,sex_f,age_ythadult_yge25,geo_cov_rur,2000,3.173
lux,sex_f,age_ythadult_yge25,geo_cov_rur,2001,6.568
lux,sex_f,age_ythadult_yge25,geo_cov_rur,2002,4.396
lux,sex_f,age_ythadult_yge25,geo_cov_rur,2003,4.779
lux,sex_f,age_ythadult_yge25,geo_cov_rur,2004,5.204
lux,sex_f,age_ythadult_yge25,geo_cov_rur,2005,5.092
lux,sex_f,age_ythadult_yge25,geo_cov_rur,2006,6.382
lux,sex_f,age_ythadult_yge25,geo_cov_rur,2007,3.631
lux,sex_f,age_ythadult_yge25,geo_cov_rur,2008,6.466
lux,sex_f,age_ythadult_yge25,geo_cov_rur,2009,11.467
lux,sex_f,age_ythadult_yge25,geo_cov_rur,2010,10.39
lux,sex_f,age_ythadult_yge25,geo_cov_rur,2011,11.18
lux,sex_f,age_ythadult_yge25,geo_cov_rur,2012,9.98
lux,sex_f,age_ythadult_yge25,geo_cov_rur,2013,11.741
lux,sex_f,age_ythadult_yge25,geo_cov_rur,2014,10.951
lux,sex_f,age_ythadult_yge25,geo_cov_rur,2015,10.362
lux,sex_f,age_ythadult_yge25,geo_cov_rur,2016,10.624
lux,sex_f,age_ythadult_yge25,geo_cov_rur,2017,8.005
lux,sex_f,age_ythadult_yge25,geo_cov_rur,2018,8.041
lux,sex_f,age_ythadult_yge25,geo_cov_rur,2019,6.847
lux,sex_f,age_ythadult_yge25,geo_cov_rur,2020,8.458
lux,sex_f,age_ythadult_yge25,geo_cov_rur,2021,7.457
lux,sex_f,age_ythadult_yge25,geo_cov_rur,2022,4.926
lux,sex_f,age_ythadult_yge25,geo_cov_rur,2023,9.292
lux,sex_f,age_ythadult_yge25,geo_cov_rur,2024,8.143
lux,sex_f,age_ythadult_yge25,geo_cov_urb,1998,5.292
lux,sex_f,age_ythadult_yge25,geo_cov_urb,1999,4.293
lux,sex_f,age_ythadult_yge25,geo_cov_urb,2000,4.719
lux,sex_f,age_ythadult_yge25,geo_cov_urb,2001,2.386
lux,sex_f,age_ythadult_yge25,geo_cov_urb,2002,3.538
lux,sex_f,age_ythadult_yge25,geo_cov_urb,2003,5.003
lux,sex_f,age_ythadult_yge25,geo_cov_urb,2004,6.765
lux,sex_f,age_ythadult_yge25,geo_cov_urb,2005,5.579
lux,sex_f,age_ythadult_yge25,geo_cov_urb,2006,5.979
lux,sex_f,age_ythadult_yge25,geo_cov_urb,2007,4.14
lux,sex_f,age_ythadult_yge25,geo_cov_urb,2008,5.548
lux,sex_f,age_ythadult_yge25,geo_cov_urb,2009,11.474
lux,sex_f,age_ythadult_yge25,geo_cov_urb,2010,10.465
lux,sex_f,age_ythadult_yge25,geo_cov_urb,2011,11.898
lux,sex_f,age_ythadult_yge25,geo_cov_urb,2012,12.031
lux,sex_f,age_ythadult_yge25,geo_cov_urb,2013,14.005
lux,sex_f,age_ythadult_yge25,geo_cov_urb,2014,11.702
lux,sex_f,age_ythadult_yge25,geo_cov_urb,2015,14.285
lux,sex_f,age_ythadult_yge25,geo_cov_urb,2016,11.868
lux,sex_f,age_ythadult_yge25,geo_cov_urb,2017,10.475
lux,sex_f,age_ythadult_yge25,geo_cov_urb,2018,10.937
lux,sex_f,age_ythadult_yge25,geo_cov_urb,2019,8.877
lux,sex_f,age_ythadult_yge25,geo_cov_urb,2020,11.13
lux,sex_f,age_ythadult_yge25,geo_cov_urb,2021,10.334
lux,sex_f,age_ythadult_yge25,geo_cov_urb,2022,7.852
lux,sex_f,age_ythadult_yge25,geo_cov_urb,2023,7.946
lux,sex_f,age_ythadult_yge25,geo_cov_urb,2024,10.478
lux,sex_m,age_aggregate_total,geo_cov_nat,1998,2.199
lux,sex_m,age_aggregate_total,geo_cov_nat,1999,2.277
lux,sex_m,age_aggregate_total,geo_cov_nat,2000,2.222
lux,sex_m,age_aggregate_total,geo_cov_nat,2001,2.147
lux,sex_m,age_aggregate_total,geo_cov_nat,2002,2.354
lux,sex_m,age_aggregate_total,geo_cov_nat,2003,3.209
lux,sex_m,age_aggregate_total,geo_cov_nat,2004,3.848
lux,sex_m,age_aggregate_total,geo_cov_nat,2005,3.702
lux,sex_m,age_aggregate_total,geo_cov_nat,2006,3.676
lux,sex_m,age_aggregate_total,geo_cov_nat,2007,3.745
lux,sex_m,age_aggregate_total,geo_cov_nat,2008,4.851
lux,sex_m,age_aggregate_total,geo_cov_nat,2009,8.042
lux,sex_m,age_aggregate_total,geo_cov_nat,2010,7.14
lux,sex_m,age_aggregate_total,geo_cov_nat,2011,7.178
lux,sex_m,age_aggregate_total,geo_cov_nat,2012,7.789
lux,sex_m,age_aggregate_total,geo_cov_nat,2013,9.632
lux,sex_m,age_aggregate_total,geo_cov_nat,2014,9.705
lux,sex_m,age_aggregate_total,geo_cov_nat,2015,11.747
lux,sex_m,age_aggregate_total,geo_cov_nat,2016,10.953
lux,sex_m,age_aggregate_total,geo_cov_nat,2017,10.065
lux,sex_m,age_aggregate_total,geo_cov_nat,2018,9.795
lux,sex_m,age_aggregate_total,geo_cov_nat,2019,9.295
lux,sex_m,age_aggregate_total,geo_cov_nat,2020,10.713
lux,sex_m,age_aggregate_total,geo_cov_nat,2021,9.041
lux,sex_m,age_aggregate_total,geo_cov_nat,2022,8.291
lux,sex_m,age_aggregate_total,geo_cov_nat,2023,7.931
lux,sex_m,age_aggregate_total,geo_cov_nat,2024,10.697
lux,sex_m,age_aggregate_total,geo_cov_rur,1998,1.107
lux,sex_m,age_aggregate_total,geo_cov_rur,1999,1.603
lux,sex_m,age_aggregate_total,geo_cov_rur,2000,2.207
lux,sex_m,age_aggregate_total,geo_cov_rur,2001,2
lux,sex_m,age_aggregate_total,geo_cov_rur,2002,1.347
lux,sex_m,age_aggregate_total,geo_cov_rur,2003,2.526
lux,sex_m,age_aggregate_total,geo_cov_rur,2004,3.131
lux,sex_m,age_aggregate_total,geo_cov_rur,2005,2.835
lux,sex_m,age_aggregate_total,geo_cov_rur,2006,3.058
lux,sex_m,age_aggregate_total,geo_cov_rur,2007,3.206
lux,sex_m,age_aggregate_total,geo_cov_rur,2008,3.05
lux,sex_m,age_aggregate_total,geo_cov_rur,2009,7.523
lux,sex_m,age_aggregate_total,geo_cov_rur,2010,4.899
lux,sex_m,age_aggregate_total,geo_cov_rur,2011,7.152
lux,sex_m,age_aggregate_total,geo_cov_rur,2012,6.553
lux,sex_m,age_aggregate_total,geo_cov_rur,2013,8.618
lux,sex_m,age_aggregate_total,geo_cov_rur,2014,9.545
lux,sex_m,age_aggregate_total,geo_cov_rur,2015,10.179
lux,sex_m,age_aggregate_total,geo_cov_rur,2016,9.635
lux,sex_m,age_aggregate_total,geo_cov_rur,2017,9.404
lux,sex_m,age_aggregate_total,geo_cov_rur,2018,8.132
lux,sex_m,age_aggregate_total,geo_cov_rur,2019,7.798
lux,sex_m,age_aggregate_total,geo_cov_rur,2020,9.227
lux,sex_m,age_aggregate_total,geo_cov_rur,2021,7.477
lux,sex_m,age_aggregate_total,geo_cov_rur,2022,7.286
lux,sex_m,age_aggregate_total,geo_cov_rur,2023,7.543
lux,sex_m,age_aggregate_total,geo_cov_rur,2024,9.922
lux,sex_m,age_aggregate_total,geo_cov_urb,1998,2.532
lux,sex_m,age_aggregate_total,geo_cov_urb,1999,2.461
lux,sex_m,age_aggregate_total,geo_cov_urb,2000,2.227
lux,sex_m,age_aggregate_total,geo_cov_urb,2001,2.198
lux,sex_m,age_aggregate_total,geo_cov_urb,2002,2.679
lux,sex_m,age_aggregate_total,geo_cov_urb,2003,3.558
lux,sex_m,age_aggregate_total,geo_cov_urb,2004,4.22
lux,sex_m,age_aggregate_total,geo_cov_urb,2005,3.963
lux,sex_m,age_aggregate_total,geo_cov_urb,2006,3.859
lux,sex_m,age_aggregate_total,geo_cov_urb,2007,3.892
lux,sex_m,age_aggregate_total,geo_cov_urb,2008,5.36
lux,sex_m,age_aggregate_total,geo_cov_urb,2009,8.199
lux,sex_m,age_aggregate_total,geo_cov_urb,2010,7.777
lux,sex_m,age_aggregate_total,geo_cov_urb,2011,7.185
lux,sex_m,age_aggregate_total,geo_cov_urb,2012,8.43
lux,sex_m,age_aggregate_total,geo_cov_urb,2013,10.681
lux,sex_m,age_aggregate_total,geo_cov_urb,2014,9.864
lux,sex_m,age_aggregate_total,geo_cov_urb,2015,12.984
lux,sex_m,age_aggregate_total,geo_cov_urb,2016,12.377
lux,sex_m,age_aggregate_total,geo_cov_urb,2017,10.48
lux,sex_m,age_aggregate_total,geo_cov_urb,2018,10.729
lux,sex_m,age_aggregate_total,geo_cov_urb,2019,10.195
lux,sex_m,age_aggregate_total,geo_cov_urb,2020,11.59
lux,sex_m,age_aggregate_total,geo_cov_urb,2021,10
lux,sex_m,age_aggregate_total,geo_cov_urb,2022,8.911
lux,sex_m,age_aggregate_total,geo_cov_urb,2023,8.164
lux,sex_m,age_aggregate_total,geo_cov_urb,2024,11.147
lux,sex_m,age_aggregate_y15_24,geo_cov_nat,1998,6.622
lux,sex_m,age_aggregate_y15_24,geo_cov_nat,1999,9.093
lux,sex_m,age_aggregate_y15_24,geo_cov_nat,2000,7.118
lux,sex_m,age_aggregate_y15_24,geo_cov_nat,2001,9.336
lux,sex_m,age_aggregate_y15_24,geo_cov_nat,2002,6.236
lux,sex_m,age_aggregate_y15_24,geo_cov_nat,2003,10.304
lux,sex_m,age_aggregate_y15_24,geo_cov_nat,2004,12.617
lux,sex_m,age_aggregate_y15_24,geo_cov_nat,2005,12.079
lux,sex_m,age_aggregate_y15_24,geo_cov_nat,2006,17.203
lux,sex_m,age_aggregate_y15_24,geo_cov_nat,2007,13.538
lux,sex_m,age_aggregate_y15_24,geo_cov_nat,2008,12.904
lux,sex_m,age_aggregate_y15_24,geo_cov_nat,2009,29.951
lux,sex_m,age_aggregate_y15_24,geo_cov_nat,2010,32.252
lux,sex_m,age_aggregate_y15_24,geo_cov_nat,2011,26.689
lux,sex_m,age_aggregate_y15_24,geo_cov_nat,2012,26.549
lux,sex_m,age_aggregate_y15_24,geo_cov_nat,2013,29.839
lux,sex_m,age_aggregate_y15_24,geo_cov_nat,2014,38.796
lux,sex_m,age_aggregate_y15_24,geo_cov_nat,2015,41.441
lux,sex_m,age_aggregate_y15_24,geo_cov_nat,2016,42.524
lux,sex_m,age_aggregate_y15_24,geo_cov_nat,2017,36.736
lux,sex_m,age_aggregate_y15_24,geo_cov_nat,2018,34.952
lux,sex_m,age_aggregate_y15_24,geo_cov_nat,2019,31.733
lux,sex_m,age_aggregate_y15_24,geo_cov_nat,2020,40.145
lux,sex_m,age_aggregate_y15_24,geo_cov_nat,2021,37.017
lux,sex_m,age_aggregate_y15_24,geo_cov_nat,2022,37.468
lux,sex_m,age_aggregate_y15_24,geo_cov_nat,2023,27.442
lux,sex_m,age_aggregate_y15_24,geo_cov_nat,2024,41.512
lux,sex_m,age_aggregate_y15_24,geo_cov_rur,1998,3.904
lux,sex_m,age_aggregate_y15_24,geo_cov_rur,1999,7.006
lux,sex_m,age_aggregate_y15_24,geo_cov_rur,2000,8.925
lux,sex_m,age_aggregate_y15_24,geo_cov_rur,2001,9.602
lux,sex_m,age_aggregate_y15_24,geo_cov_rur,2003,7.361
lux,sex_m,age_aggregate_y15_24,geo_cov_rur,2004,9.482
lux,sex_m,age_aggregate_y15_24,geo_cov_rur,2005,12.026
lux,sex_m,age_aggregate_y15_24,geo_cov_rur,2006,13.61
lux,sex_m,age_aggregate_y15_24,geo_cov_rur,2007,17.125
lux,sex_m,age_aggregate_y15_24,geo_cov_rur,2009,30.911
lux,sex_m,age_aggregate_y15_24,geo_cov_rur,2010,18.048
lux,sex_m,age_aggregate_y15_24,geo_cov_rur,2011,26.834
lux,sex_m,age_aggregate_y15_24,geo_cov_rur,2012,21.656
lux,sex_m,age_aggregate_y15_24,geo_cov_rur,2013,31.441
lux,sex_m,age_aggregate_y15_24,geo_cov_rur,2014,36.911
lux,sex_m,age_aggregate_y15_24,geo_cov_rur,2015,37.524
lux,sex_m,age_aggregate_y15_24,geo_cov_rur,2016,41.359
lux,sex_m,age_aggregate_y15_24,geo_cov_rur,2017,33.643
lux,sex_m,age_aggregate_y15_24,geo_cov_rur,2018,31.413
lux,sex_m,age_aggregate_y15_24,geo_cov_rur,2019,26.674
lux,sex_m,age_aggregate_y15_24,geo_cov_rur,2020,33.936
lux,sex_m,age_aggregate_y15_24,geo_cov_rur,2021,30.922
lux,sex_m,age_aggregate_y15_24,geo_cov_rur,2022,35.685
lux,sex_m,age_aggregate_y15_24,geo_cov_rur,2023,25.281
lux,sex_m,age_aggregate_y15_24,geo_cov_rur,2024,38.888
lux,sex_m,age_aggregate_y15_24,geo_cov_urb,1998,7.762
lux,sex_m,age_aggregate_y15_24,geo_cov_urb,1999,9.579
lux,sex_m,age_aggregate_y15_24,geo_cov_urb,2000,6.574
lux,sex_m,age_aggregate_y15_24,geo_cov_urb,2001,9.233
lux,sex_m,age_aggregate_y15_24,geo_cov_urb,2002,7.202
lux,sex_m,age_aggregate_y15_24,geo_cov_urb,2003,12.098
lux,sex_m,age_aggregate_y15_24,geo_cov_urb,2004,14.744
lux,sex_m,age_aggregate_y15_24,geo_cov_urb,2005,12.098
lux,sex_m,age_aggregate_y15_24,geo_cov_urb,2006,18.567
lux,sex_m,age_aggregate_y15_24,geo_cov_urb,2007,12.394
lux,sex_m,age_aggregate_y15_24,geo_cov_urb,2008,13.31
lux,sex_m,age_aggregate_y15_24,geo_cov_urb,2009,29.669
lux,sex_m,age_aggregate_y15_24,geo_cov_urb,2010,36.664
lux,sex_m,age_aggregate_y15_24,geo_cov_urb,2011,26.642
lux,sex_m,age_aggregate_y15_24,geo_cov_urb,2012,29.411
lux,sex_m,age_aggregate_y15_24,geo_cov_urb,2013,27.866
lux,sex_m,age_aggregate_y15_24,geo_cov_urb,2014,41.388
lux,sex_m,age_aggregate_y15_24,geo_cov_urb,2015,44.67
lux,sex_m,age_aggregate_y15_24,geo_cov_urb,2016,43.627
lux,sex_m,age_aggregate_y15_24,geo_cov_urb,2017,38.897
lux,sex_m,age_aggregate_y15_24,geo_cov_urb,2018,37.228
lux,sex_m,age_aggregate_y15_24,geo_cov_urb,2019,35.17
lux,sex_m,age_aggregate_y15_24,geo_cov_urb,2020,43.654
lux,sex_m,age_aggregate_y15_24,geo_cov_urb,2021,41.373
lux,sex_m,age_aggregate_y15_24,geo_cov_urb,2022,38.874
lux,sex_m,age_aggregate_y15_24,geo_cov_urb,2023,29.109
lux,sex_m,age_aggregate_y15_24,geo_cov_urb,2024,43.409
lux,sex_m,age_aggregate_y25_54,geo_cov_nat,1998,1.798
lux,sex_m,age_aggregate_y25_54,geo_cov_nat,1999,1.65
lux,sex_m,age_aggregate_y25_54,geo_cov_nat,2000,1.769
lux,sex_m,age_aggregate_y25_54,geo_cov_nat,2001,1.574
lux,sex_m,age_aggregate_y25_54,geo_cov_nat,2002,2.16
lux,sex_m,age_aggregate_y25_54,geo_cov_nat,2003,2.816
lux,sex_m,age_aggregate_y25_54,geo_cov_nat,2004,3.403
lux,sex_m,age_aggregate_y25_54,geo_cov_nat,2005,3.042
lux,sex_m,age_aggregate_y25_54,geo_cov_nat,2006,2.871
lux,sex_m,age_aggregate_y25_54,geo_cov_nat,2007,3.072
lux,sex_m,age_aggregate_y25_54,geo_cov_nat,2008,4.315
lux,sex_m,age_aggregate_y25_54,geo_cov_nat,2009,5.138
lux,sex_m,age_aggregate_y25_54,geo_cov_nat,2010,4.289
lux,sex_m,age_aggregate_y25_54,geo_cov_nat,2011,4.712
lux,sex_m,age_aggregate_y25_54,geo_cov_nat,2012,5.327
lux,sex_m,age_aggregate_y25_54,geo_cov_nat,2013,6.36
lux,sex_m,age_aggregate_y25_54,geo_cov_nat,2014,6.209
lux,sex_m,age_aggregate_y25_54,geo_cov_nat,2015,7.17
lux,sex_m,age_aggregate_y25_54,geo_cov_nat,2016,7.592
lux,sex_m,age_aggregate_y25_54,geo_cov_nat,2017,6.777
lux,sex_m,age_aggregate_y25_54,geo_cov_nat,2018,6.508
lux,sex_m,age_aggregate_y25_54,geo_cov_nat,2019,6.697
lux,sex_m,age_aggregate_y25_54,geo_cov_nat,2020,7.379
lux,sex_m,age_aggregate_y25_54,geo_cov_nat,2021,5.88
lux,sex_m,age_aggregate_y25_54,geo_cov_nat,2022,5.128
lux,sex_m,age_aggregate_y25_54,geo_cov_nat,2023,5.541
lux,sex_m,age_aggregate_y25_54,geo_cov_nat,2024,7.401
lux,sex_m,age_aggregate_y25_54,geo_cov_rur,1998,0.709
lux,sex_m,age_aggregate_y25_54,geo_cov_rur,1999,1.253
lux,sex_m,age_aggregate_y25_54,geo_cov_rur,2000,1.708
lux,sex_m,age_aggregate_y25_54,geo_cov_rur,2001,1.336
lux,sex_m,age_aggregate_y25_54,geo_cov_rur,2002,1.22
lux,sex_m,age_aggregate_y25_54,geo_cov_rur,2003,2.206
lux,sex_m,age_aggregate_y25_54,geo_cov_rur,2004,2.715
lux,sex_m,age_aggregate_y25_54,geo_cov_rur,2005,1.865
lux,sex_m,age_aggregate_y25_54,geo_cov_rur,2006,2.166
lux,sex_m,age_aggregate_y25_54,geo_cov_rur,2007,1.931
lux,sex_m,age_aggregate_y25_54,geo_cov_rur,2008,2.571
lux,sex_m,age_aggregate_y25_54,geo_cov_rur,2009,3.933
lux,sex_m,age_aggregate_y25_54,geo_cov_rur,2010,2.846
lux,sex_m,age_aggregate_y25_54,geo_cov_rur,2011,4.313
lux,sex_m,age_aggregate_y25_54,geo_cov_rur,2012,3.779
lux,sex_m,age_aggregate_y25_54,geo_cov_rur,2013,4.83
lux,sex_m,age_aggregate_y25_54,geo_cov_rur,2014,5.251
lux,sex_m,age_aggregate_y25_54,geo_cov_rur,2015,5.588
lux,sex_m,age_aggregate_y25_54,geo_cov_rur,2016,5.933
lux,sex_m,age_aggregate_y25_54,geo_cov_rur,2017,6.164
lux,sex_m,age_aggregate_y25_54,geo_cov_rur,2018,5.207
lux,sex_m,age_aggregate_y25_54,geo_cov_rur,2019,5.056
lux,sex_m,age_aggregate_y25_54,geo_cov_rur,2020,5.146
lux,sex_m,age_aggregate_y25_54,geo_cov_rur,2021,4.141
lux,sex_m,age_aggregate_y25_54,geo_cov_rur,2022,3.066
lux,sex_m,age_aggregate_y25_54,geo_cov_rur,2023,4.95
lux,sex_m,age_aggregate_y25_54,geo_cov_rur,2024,6.682
lux,sex_m,age_aggregate_y25_54,geo_cov_urb,1998,2.123
lux,sex_m,age_aggregate_y25_54,geo_cov_urb,1999,1.762
lux,sex_m,age_aggregate_y25_54,geo_cov_urb,2000,1.788
lux,sex_m,age_aggregate_y25_54,geo_cov_urb,2001,1.657
lux,sex_m,age_aggregate_y25_54,geo_cov_urb,2002,2.471
lux,sex_m,age_aggregate_y25_54,geo_cov_urb,2003,3.121
lux,sex_m,age_aggregate_y25_54,geo_cov_urb,2004,3.762
lux,sex_m,age_aggregate_y25_54,geo_cov_urb,2005,3.396
lux,sex_m,age_aggregate_y25_54,geo_cov_urb,2006,3.082
lux,sex_m,age_aggregate_y25_54,geo_cov_urb,2007,3.377
lux,sex_m,age_aggregate_y25_54,geo_cov_urb,2008,4.819
lux,sex_m,age_aggregate_y25_54,geo_cov_urb,2009,5.512
lux,sex_m,age_aggregate_y25_54,geo_cov_urb,2010,4.698
lux,sex_m,age_aggregate_y25_54,geo_cov_urb,2011,4.825
lux,sex_m,age_aggregate_y25_54,geo_cov_urb,2012,6.116
lux,sex_m,age_aggregate_y25_54,geo_cov_urb,2013,7.899
lux,sex_m,age_aggregate_y25_54,geo_cov_urb,2014,7.112
lux,sex_m,age_aggregate_y25_54,geo_cov_urb,2015,8.357
lux,sex_m,age_aggregate_y25_54,geo_cov_urb,2016,9.364
lux,sex_m,age_aggregate_y25_54,geo_cov_urb,2017,7.153
lux,sex_m,age_aggregate_y25_54,geo_cov_urb,2018,7.199
lux,sex_m,age_aggregate_y25_54,geo_cov_urb,2019,7.635
lux,sex_m,age_aggregate_y25_54,geo_cov_urb,2020,8.673
lux,sex_m,age_aggregate_y25_54,geo_cov_urb,2021,6.864
lux,sex_m,age_aggregate_y25_54,geo_cov_urb,2022,6.335
lux,sex_m,age_aggregate_y25_54,geo_cov_urb,2023,5.866
lux,sex_m,age_aggregate_y25_54,geo_cov_urb,2024,7.788
lux,sex_m,age_aggregate_y55_64,geo_cov_nat,2003,1.226
lux,sex_m,age_aggregate_y55_64,geo_cov_nat,2004,1.419
lux,sex_m,age_aggregate_y55_64,geo_cov_nat,2005,3.242
lux,sex_m,age_aggregate_y55_64,geo_cov_nat,2006,0.536
lux,sex_m,age_aggregate_y55_64,geo_cov_nat,2007,2.329
lux,sex_m,age_aggregate_y55_64,geo_cov_nat,2008,3.415
lux,sex_m,age_aggregate_y55_64,geo_cov_nat,2009,7.139
lux,sex_m,age_aggregate_y55_64,geo_cov_nat,2010,7.621
lux,sex_m,age_aggregate_y55_64,geo_cov_nat,2011,11.216
lux,sex_m,age_aggregate_y55_64,geo_cov_nat,2012,10.586
lux,sex_m,age_aggregate_y55_64,geo_cov_nat,2013,14.251
lux,sex_m,age_aggregate_y55_64,geo_cov_nat,2014,10.35
lux,sex_m,age_aggregate_y55_64,geo_cov_nat,2015,13.264
lux,sex_m,age_aggregate_y55_64,geo_cov_nat,2016,9.266
lux,sex_m,age_aggregate_y55_64,geo_cov_nat,2017,9.666
lux,sex_m,age_aggregate_y55_64,geo_cov_nat,2018,10.484
lux,sex_m,age_aggregate_y55_64,geo_cov_nat,2019,7.031
lux,sex_m,age_aggregate_y55_64,geo_cov_nat,2020,9.788
lux,sex_m,age_aggregate_y55_64,geo_cov_nat,2021,7.046
lux,sex_m,age_aggregate_y55_64,geo_cov_nat,2022,7.03
lux,sex_m,age_aggregate_y55_64,geo_cov_nat,2023,7.562
lux,sex_m,age_aggregate_y55_64,geo_cov_nat,2024,5.832
lux,sex_m,age_aggregate_y55_64,geo_cov_rur,2005,3.629
lux,sex_m,age_aggregate_y55_64,geo_cov_rur,2009,8.783
lux,sex_m,age_aggregate_y55_64,geo_cov_rur,2010,8.841
lux,sex_m,age_aggregate_y55_64,geo_cov_rur,2011,11.192
lux,sex_m,age_aggregate_y55_64,geo_cov_rur,2012,10.788
lux,sex_m,age_aggregate_y55_64,geo_cov_rur,2013,14.107
lux,sex_m,age_aggregate_y55_64,geo_cov_rur,2014,12.608
lux,sex_m,age_aggregate_y55_64,geo_cov_rur,2015,12.272
lux,sex_m,age_aggregate_y55_64,geo_cov_rur,2016,11.32
lux,sex_m,age_aggregate_y55_64,geo_cov_rur,2017,10.447
lux,sex_m,age_aggregate_y55_64,geo_cov_rur,2018,7.459
lux,sex_m,age_aggregate_y55_64,geo_cov_rur,2019,7.513
lux,sex_m,age_aggregate_y55_64,geo_cov_rur,2020,14.836
lux,sex_m,age_aggregate_y55_64,geo_cov_rur,2021,7.356
lux,sex_m,age_aggregate_y55_64,geo_cov_rur,2022,8.288
lux,sex_m,age_aggregate_y55_64,geo_cov_rur,2023,6.867
lux,sex_m,age_aggregate_y55_64,geo_cov_urb,2004,1.564
lux,sex_m,age_aggregate_y55_64,geo_cov_urb,2005,3.149
lux,sex_m,age_aggregate_y55_64,geo_cov_urb,2006,0.419
lux,sex_m,age_aggregate_y55_64,geo_cov_urb,2007,2.148
lux,sex_m,age_aggregate_y55_64,geo_cov_urb,2008,3.844
lux,sex_m,age_aggregate_y55_64,geo_cov_urb,2009,6.763
lux,sex_m,age_aggregate_y55_64,geo_cov_urb,2010,7.303
lux,sex_m,age_aggregate_y55_64,geo_cov_urb,2011,11.221
lux,sex_m,age_aggregate_y55_64,geo_cov_urb,2012,10.476
lux,sex_m,age_aggregate_y55_64,geo_cov_urb,2013,14.414
lux,sex_m,age_aggregate_y55_64,geo_cov_urb,2014,7.866
lux,sex_m,age_aggregate_y55_64,geo_cov_urb,2015,14.279
lux,sex_m,age_aggregate_y55_64,geo_cov_urb,2016,6.6
lux,sex_m,age_aggregate_y55_64,geo_cov_urb,2017,9.158
lux,sex_m,age_aggregate_y55_64,geo_cov_urb,2018,12.667
lux,sex_m,age_aggregate_y55_64,geo_cov_urb,2019,6.688
lux,sex_m,age_aggregate_y55_64,geo_cov_urb,2020,6.425
lux,sex_m,age_aggregate_y55_64,geo_cov_urb,2021,6.787
lux,sex_m,age_aggregate_y55_64,geo_cov_urb,2022,6.199
lux,sex_m,age_aggregate_y55_64,geo_cov_urb,2023,8.083
lux,sex_m,age_aggregate_y55_64,geo_cov_urb,2024,8.453
lux,sex_m,age_aggregate_yge65,geo_cov_nat,2009,30.435
lux,sex_m,age_aggregate_yge65,geo_cov_nat,2010,28.551
lux,sex_m,age_aggregate_yge65,geo_cov_nat,2011,23.571
lux,sex_m,age_aggregate_yge65,geo_cov_nat,2012,27.509
lux,sex_m,age_aggregate_yge65,geo_cov_nat,2013,33.214
lux,sex_m,age_aggregate_yge65,geo_cov_nat,2014,36.13
lux,sex_m,age_aggregate_yge65,geo_cov_nat,2015,29.101
lux,sex_m,age_aggregate_yge65,geo_cov_nat,2016,21.648
lux,sex_m,age_aggregate_yge65,geo_cov_nat,2017,17.57
lux,sex_m,age_aggregate_yge65,geo_cov_nat,2018,22.832
lux,sex_m,age_aggregate_yge65,geo_cov_nat,2019,21.764
lux,sex_m,age_aggregate_yge65,geo_cov_nat,2020,23.314
lux,sex_m,age_aggregate_yge65,geo_cov_nat,2021,11.847
lux,sex_m,age_aggregate_yge65,geo_cov_nat,2022,15.469
lux,sex_m,age_aggregate_yge65,geo_cov_nat,2023,18.653
lux,sex_m,age_aggregate_yge65,geo_cov_nat,2024,11.445
lux,sex_m,age_aggregate_yge65,geo_cov_rur,2009,39.708
lux,sex_m,age_aggregate_yge65,geo_cov_rur,2011,39.871
lux,sex_m,age_aggregate_yge65,geo_cov_rur,2012,41.856
lux,sex_m,age_aggregate_yge65,geo_cov_rur,2013,27.154
lux,sex_m,age_aggregate_yge65,geo_cov_rur,2014,38.909
lux,sex_m,age_aggregate_yge65,geo_cov_rur,2015,24.225
lux,sex_m,age_aggregate_yge65,geo_cov_rur,2016,20.655
lux,sex_m,age_aggregate_yge65,geo_cov_rur,2019,18.256
lux,sex_m,age_aggregate_yge65,geo_cov_rur,2020,34.163
lux,sex_m,age_aggregate_yge65,geo_cov_rur,2022,17.551
lux,sex_m,age_aggregate_yge65,geo_cov_rur,2023,14.325
lux,sex_m,age_aggregate_yge65,geo_cov_urb,2009,26.561
lux,sex_m,age_aggregate_yge65,geo_cov_urb,2010,33.231
lux,sex_m,age_aggregate_yge65,geo_cov_urb,2011,19.78
lux,sex_m,age_aggregate_yge65,geo_cov_urb,2012,20.489
lux,sex_m,age_aggregate_yge65,geo_cov_urb,2013,39.281
lux,sex_m,age_aggregate_yge65,geo_cov_urb,2014,33.484
lux,sex_m,age_aggregate_yge65,geo_cov_urb,2015,34.505
lux,sex_m,age_aggregate_yge65,geo_cov_urb,2016,22.698
lux,sex_m,age_aggregate_yge65,geo_cov_urb,2017,24.131
lux,sex_m,age_aggregate_yge65,geo_cov_urb,2018,35.211
lux,sex_m,age_aggregate_yge65,geo_cov_urb,2019,25.396
lux,sex_m,age_aggregate_yge65,geo_cov_urb,2021,13.978
lux,sex_m,age_aggregate_yge65,geo_cov_urb,2023,25.237
lux,sex_m,age_ythadult_y15_24,geo_cov_nat,1998,6.622
lux,sex_m,age_ythadult_y15_24,geo_cov_nat,1999,9.093
lux,sex_m,age_ythadult_y15_24,geo_cov_nat,2000,7.118
lux,sex_m,age_ythadult_y15_24,geo_cov_nat,2001,9.336
lux,sex_m,age_ythadult_y15_24,geo_cov_nat,2002,6.236
lux,sex_m,age_ythadult_y15_24,geo_cov_nat,2003,10.304
lux,sex_m,age_ythadult_y15_24,geo_cov_nat,2004,12.617
lux,sex_m,age_ythadult_y15_24,geo_cov_nat,2005,12.079
lux,sex_m,age_ythadult_y15_24,geo_cov_nat,2006,17.203
lux,sex_m,age_ythadult_y15_24,geo_cov_nat,2007,13.538
lux,sex_m,age_ythadult_y15_24,geo_cov_nat,2008,12.904
lux,sex_m,age_ythadult_y15_24,geo_cov_nat,2009,29.951
lux,sex_m,age_ythadult_y15_24,geo_cov_nat,2010,32.252
lux,sex_m,age_ythadult_y15_24,geo_cov_nat,2011,26.689
lux,sex_m,age_ythadult_y15_24,geo_cov_nat,2012,26.549
lux,sex_m,age_ythadult_y15_24,geo_cov_nat,2013,29.839
lux,sex_m,age_ythadult_y15_24,geo_cov_nat,2014,38.796
lux,sex_m,age_ythadult_y15_24,geo_cov_nat,2015,41.441
lux,sex_m,age_ythadult_y15_24,geo_cov_nat,2016,42.524
lux,sex_m,age_ythadult_y15_24,geo_cov_nat,2017,36.736
lux,sex_m,age_ythadult_y15_24,geo_cov_nat,2018,34.952
lux,sex_m,age_ythadult_y15_24,geo_cov_nat,2019,31.733
lux,sex_m,age_ythadult_y15_24,geo_cov_nat,2020,40.145
lux,sex_m,age_ythadult_y15_24,geo_cov_nat,2021,37.017
lux,sex_m,age_ythadult_y15_24,geo_cov_nat,2022,37.468
lux,sex_m,age_ythadult_y15_24,geo_cov_nat,2023,27.442
lux,sex_m,age_ythadult_y15_24,geo_cov_nat,2024,41.512
lux,sex_m,age_ythadult_y15_24,geo_cov_rur,1998,3.904
lux,sex_m,age_ythadult_y15_24,geo_cov_rur,1999,7.006
lux,sex_m,age_ythadult_y15_24,geo_cov_rur,2000,8.925
lux,sex_m,age_ythadult_y15_24,geo_cov_rur,2001,9.602
lux,sex_m,age_ythadult_y15_24,geo_cov_rur,2003,7.361
lux,sex_m,age_ythadult_y15_24,geo_cov_rur,2004,9.482
lux,sex_m,age_ythadult_y15_24,geo_cov_rur,2005,12.026
lux,sex_m,age_ythadult_y15_24,geo_cov_rur,2006,13.61
lux,sex_m,age_ythadult_y15_24,geo_cov_rur,2007,17.125
lux,sex_m,age_ythadult_y15_24,geo_cov_rur,2009,30.911
lux,sex_m,age_ythadult_y15_24,geo_cov_rur,2010,18.048
lux,sex_m,age_ythadult_y15_24,geo_cov_rur,2011,26.834
lux,sex_m,age_ythadult_y15_24,geo_cov_rur,2012,21.656
lux,sex_m,age_ythadult_y15_24,geo_cov_rur,2013,31.441
lux,sex_m,age_ythadult_y15_24,geo_cov_rur,2014,36.911
lux,sex_m,age_ythadult_y15_24,geo_cov_rur,2015,37.524
lux,sex_m,age_ythadult_y15_24,geo_cov_rur,2016,41.359
lux,sex_m,age_ythadult_y15_24,geo_cov_rur,2017,33.643
lux,sex_m,age_ythadult_y15_24,geo_cov_rur,2018,31.413
lux,sex_m,age_ythadult_y15_24,geo_cov_rur,2019,26.674
lux,sex_m,age_ythadult_y15_24,geo_cov_rur,2020,33.936
lux,sex_m,age_ythadult_y15_24,geo_cov_rur,2021,30.922
lux,sex_m,age_ythadult_y15_24,geo_cov_rur,2022,35.685
lux,sex_m,age_ythadult_y15_24,geo_cov_rur,2023,25.281
lux,sex_m,age_ythadult_y15_24,geo_cov_rur,2024,38.888
lux,sex_m,age_ythadult_y15_24,geo_cov_urb,1998,7.762
lux,sex_m,age_ythadult_y15_24,geo_cov_urb,1999,9.579
lux,sex_m,age_ythadult_y15_24,geo_cov_urb,2000,6.574
lux,sex_m,age_ythadult_y15_24,geo_cov_urb,2001,9.233
lux,sex_m,age_ythadult_y15_24,geo_cov_urb,2002,7.202
lux,sex_m,age_ythadult_y15_24,geo_cov_urb,2003,12.098
lux,sex_m,age_ythadult_y15_24,geo_cov_urb,2004,14.744
lux,sex_m,age_ythadult_y15_24,geo_cov_urb,2005,12.098
lux,sex_m,age_ythadult_y15_24,geo_cov_urb,2006,18.567
lux,sex_m,age_ythadult_y15_24,geo_cov_urb,2007,12.394
lux,sex_m,age_ythadult_y15_24,geo_cov_urb,2008,13.31
lux,sex_m,age_ythadult_y15_24,geo_cov_urb,2009,29.669
lux,sex_m,age_ythadult_y15_24,geo_cov_urb,2010,36.664
lux,sex_m,age_ythadult_y15_24,geo_cov_urb,2011,26.642
lux,sex_m,age_ythadult_y15_24,geo_cov_urb,2012,29.411
lux,sex_m,age_ythadult_y15_24,geo_cov_urb,2013,27.866
lux,sex_m,age_ythadult_y15_24,geo_cov_urb,2014,41.388
lux,sex_m,age_ythadult_y15_24,geo_cov_urb,2015,44.67
lux,sex_m,age_ythadult_y15_24,geo_cov_urb,2016,43.627
lux,sex_m,age_ythadult_y15_24,geo_cov_urb,2017,38.897
lux,sex_m,age_ythadult_y15_24,geo_cov_urb,2018,37.228
lux,sex_m,age_ythadult_y15_24,geo_cov_urb,2019,35.17
lux,sex_m,age_ythadult_y15_24,geo_cov_urb,2020,43.654
lux,sex_m,age_ythadult_y15_24,geo_cov_urb,2021,41.373
lux,sex_m,age_ythadult_y15_24,geo_cov_urb,2022,38.874
lux,sex_m,age_ythadult_y15_24,geo_cov_urb,2023,29.109
lux,sex_m,age_ythadult_y15_24,geo_cov_urb,2024,43.409
lux,sex_m,age_ythadult_y15_64,geo_cov_nat,1998,2.139
lux,sex_m,age_ythadult_y15_64,geo_cov_nat,1999,2.211
lux,sex_m,age_ythadult_y15_64,geo_cov_nat,2000,2.233
lux,sex_m,age_ythadult_y15_64,geo_cov_nat,2001,2.152
lux,sex_m,age_ythadult_y15_64,geo_cov_nat,2002,2.366
lux,sex_m,age_ythadult_y15_64,geo_cov_nat,2003,3.206
lux,sex_m,age_ythadult_y15_64,geo_cov_nat,2004,3.857
lux,sex_m,age_ythadult_y15_64,geo_cov_nat,2005,3.71
lux,sex_m,age_ythadult_y15_64,geo_cov_nat,2006,3.684
lux,sex_m,age_ythadult_y15_64,geo_cov_nat,2008,4.841
lux,sex_m,age_ythadult_y15_64,geo_cov_nat,2009,7.629
lux,sex_m,age_ythadult_y15_64,geo_cov_nat,2010,6.82
lux,sex_m,age_ythadult_y15_64,geo_cov_nat,2011,6.919
lux,sex_m,age_ythadult_y15_64,geo_cov_nat,2012,7.462
lux,sex_m,age_ythadult_y15_64,geo_cov_nat,2013,9.122
lux,sex_m,age_ythadult_y15_64,geo_cov_nat,2014,9.172
lux,sex_m,age_ythadult_y15_64,geo_cov_nat,2015,11.428
lux,sex_m,age_ythadult_y15_64,geo_cov_nat,2016,10.802
lux,sex_m,age_ythadult_y15_64,geo_cov_nat,2017,9.937
lux,sex_m,age_ythadult_y15_64,geo_cov_nat,2018,9.625
lux,sex_m,age_ythadult_y15_64,geo_cov_nat,2019,9.119
lux,sex_m,age_ythadult_y15_64,geo_cov_nat,2020,10.556
lux,sex_m,age_ythadult_y15_64,geo_cov_nat,2021,8.98
lux,sex_m,age_ythadult_y15_64,geo_cov_nat,2022,8.178
lux,sex_m,age_ythadult_y15_64,geo_cov_nat,2023,7.731
lux,sex_m,age_ythadult_y15_64,geo_cov_nat,2024,10.682
lux,sex_m,age_ythadult_y15_64,geo_cov_rur,2005,2.842
lux,sex_m,age_ythadult_y15_64,geo_cov_rur,2009,6.766
lux,sex_m,age_ythadult_y15_64,geo_cov_rur,2010,4.709
lux,sex_m,age_ythadult_y15_64,geo_cov_rur,2011,6.709
lux,sex_m,age_ythadult_y15_64,geo_cov_rur,2012,5.99
lux,sex_m,age_ythadult_y15_64,geo_cov_rur,2013,8.224
lux,sex_m,age_ythadult_y15_64,geo_cov_rur,2014,8.963
lux,sex_m,age_ythadult_y15_64,geo_cov_rur,2015,9.869
lux,sex_m,age_ythadult_y15_64,geo_cov_rur,2016,9.481
lux,sex_m,age_ythadult_y15_64,geo_cov_rur,2017,9.428
lux,sex_m,age_ythadult_y15_64,geo_cov_rur,2018,8.188
lux,sex_m,age_ythadult_y15_64,geo_cov_rur,2019,7.597
lux,sex_m,age_ythadult_y15_64,geo_cov_rur,2020,8.866
lux,sex_m,age_ythadult_y15_64,geo_cov_rur,2021,7.435
lux,sex_m,age_ythadult_y15_64,geo_cov_rur,2022,7.068
lux,sex_m,age_ythadult_y15_64,geo_cov_rur,2023,7.338
lux,sex_m,age_ythadult_y15_64,geo_cov_rur,2024,9.809
lux,sex_m,age_ythadult_y15_64,geo_cov_urb,1998,2.448
lux,sex_m,age_ythadult_y15_64,geo_cov_urb,1999,2.375
lux,sex_m,age_ythadult_y15_64,geo_cov_urb,2000,2.236
lux,sex_m,age_ythadult_y15_64,geo_cov_urb,2001,2.203
lux,sex_m,age_ythadult_y15_64,geo_cov_urb,2003,3.545
lux,sex_m,age_ythadult_y15_64,geo_cov_urb,2004,4.234
lux,sex_m,age_ythadult_y15_64,geo_cov_urb,2005,3.971
lux,sex_m,age_ythadult_y15_64,geo_cov_urb,2006,3.869
lux,sex_m,age_ythadult_y15_64,geo_cov_urb,2008,5.349
lux,sex_m,age_ythadult_y15_64,geo_cov_urb,2009,7.888
lux,sex_m,age_ythadult_y15_64,geo_cov_urb,2010,7.418
lux,sex_m,age_ythadult_y15_64,geo_cov_urb,2011,6.978
lux,sex_m,age_ythadult_y15_64,geo_cov_urb,2012,8.226
lux,sex_m,age_ythadult_y15_64,geo_cov_urb,2013,10.052
lux,sex_m,age_ythadult_y15_64,geo_cov_urb,2014,9.379
lux,sex_m,age_ythadult_y15_64,geo_cov_urb,2015,12.649
lux,sex_m,age_ythadult_y15_64,geo_cov_urb,2016,12.229
lux,sex_m,age_ythadult_y15_64,geo_cov_urb,2017,10.255
lux,sex_m,age_ythadult_y15_64,geo_cov_urb,2018,10.431
lux,sex_m,age_ythadult_y15_64,geo_cov_urb,2019,10.027
lux,sex_m,age_ythadult_y15_64,geo_cov_urb,2020,11.55
lux,sex_m,age_ythadult_y15_64,geo_cov_urb,2021,9.924
lux,sex_m,age_ythadult_y15_64,geo_cov_urb,2022,8.856
lux,sex_m,age_ythadult_y15_64,geo_cov_urb,2023,7.963
lux,sex_m,age_ythadult_y15_64,geo_cov_urb,2024,11.183
lux,sex_m,age_ythadult_yge15,geo_cov_nat,1998,2.199
lux,sex_m,age_ythadult_yge15,geo_cov_nat,1999,2.277
lux,sex_m,age_ythadult_yge15,geo_cov_nat,2000,2.222
lux,sex_m,age_ythadult_yge15,geo_cov_nat,2001,2.147
lux,sex_m,age_ythadult_yge15,geo_cov_nat,2002,2.354
lux,sex_m,age_ythadult_yge15,geo_cov_nat,2003,3.209
lux,sex_m,age_ythadult_yge15,geo_cov_nat,2004,3.848
lux,sex_m,age_ythadult_yge15,geo_cov_nat,2005,3.702
lux,sex_m,age_ythadult_yge15,geo_cov_nat,2006,3.676
lux,sex_m,age_ythadult_yge15,geo_cov_nat,2007,3.745
lux,sex_m,age_ythadult_yge15,geo_cov_nat,2008,4.851
lux,sex_m,age_ythadult_yge15,geo_cov_nat,2009,8.042
lux,sex_m,age_ythadult_yge15,geo_cov_nat,2010,7.14
lux,sex_m,age_ythadult_yge15,geo_cov_nat,2011,7.178
lux,sex_m,age_ythadult_yge15,geo_cov_nat,2012,7.789
lux,sex_m,age_ythadult_yge15,geo_cov_nat,2013,9.632
lux,sex_m,age_ythadult_yge15,geo_cov_nat,2014,9.705
lux,sex_m,age_ythadult_yge15,geo_cov_nat,2015,11.747
lux,sex_m,age_ythadult_yge15,geo_cov_nat,2016,10.953
lux,sex_m,age_ythadult_yge15,geo_cov_nat,2017,10.065
lux,sex_m,age_ythadult_yge15,geo_cov_nat,2018,9.795
lux,sex_m,age_ythadult_yge15,geo_cov_nat,2019,9.295
lux,sex_m,age_ythadult_yge15,geo_cov_nat,2020,10.713
lux,sex_m,age_ythadult_yge15,geo_cov_nat,2021,9.041
lux,sex_m,age_ythadult_yge15,geo_cov_nat,2022,8.291
lux,sex_m,age_ythadult_yge15,geo_cov_nat,2023,7.931
lux,sex_m,age_ythadult_yge15,geo_cov_nat,2024,10.697
lux,sex_m,age_ythadult_yge15,geo_cov_rur,1998,1.107
lux,sex_m,age_ythadult_yge15,geo_cov_rur,1999,1.603
lux,sex_m,age_ythadult_yge15,geo_cov_rur,2000,2.207
lux,sex_m,age_ythadult_yge15,geo_cov_rur,2001,2
lux,sex_m,age_ythadult_yge15,geo_cov_rur,2002,1.347
lux,sex_m,age_ythadult_yge15,geo_cov_rur,2003,2.526
lux,sex_m,age_ythadult_yge15,geo_cov_rur,2004,3.131
lux,sex_m,age_ythadult_yge15,geo_cov_rur,2005,2.835
lux,sex_m,age_ythadult_yge15,geo_cov_rur,2006,3.058
lux,sex_m,age_ythadult_yge15,geo_cov_rur,2007,3.206
lux,sex_m,age_ythadult_yge15,geo_cov_rur,2008,3.05
lux,sex_m,age_ythadult_yge15,geo_cov_rur,2009,7.523
lux,sex_m,age_ythadult_yge15,geo_cov_rur,2010,4.899
lux,sex_m,age_ythadult_yge15,geo_cov_rur,2011,7.152
lux,sex_m,age_ythadult_yge15,geo_cov_rur,2012,6.553
lux,sex_m,age_ythadult_yge15,geo_cov_rur,2013,8.618
lux,sex_m,age_ythadult_yge15,geo_cov_rur,2014,9.545
lux,sex_m,age_ythadult_yge15,geo_cov_rur,2015,10.179
lux,sex_m,age_ythadult_yge15,geo_cov_rur,2016,9.635
lux,sex_m,age_ythadult_yge15,geo_cov_rur,2017,9.404
lux,sex_m,age_ythadult_yge15,geo_cov_rur,2018,8.132
lux,sex_m,age_ythadult_yge15,geo_cov_rur,2019,7.798
lux,sex_m,age_ythadult_yge15,geo_cov_rur,2020,9.227
lux,sex_m,age_ythadult_yge15,geo_cov_rur,2021,7.477
lux,sex_m,age_ythadult_yge15,geo_cov_rur,2022,7.286
lux,sex_m,age_ythadult_yge15,geo_cov_rur,2023,7.543
lux,sex_m,age_ythadult_yge15,geo_cov_rur,2024,9.922
lux,sex_m,age_ythadult_yge15,geo_cov_urb,1998,2.532
lux,sex_m,age_ythadult_yge15,geo_cov_urb,1999,2.461
lux,sex_m,age_ythadult_yge15,geo_cov_urb,2000,2.227
lux,sex_m,age_ythadult_yge15,geo_cov_urb,2001,2.198
lux,sex_m,age_ythadult_yge15,geo_cov_urb,2002,2.679
lux,sex_m,age_ythadult_yge15,geo_cov_urb,2003,3.558
lux,sex_m,age_ythadult_yge15,geo_cov_urb,2004,4.22
lux,sex_m,age_ythadult_yge15,geo_cov_urb,2005,3.963
lux,sex_m,age_ythadult_yge15,geo_cov_urb,2006,3.859
lux,sex_m,age_ythadult_yge15,geo_cov_urb,2007,3.892
lux,sex_m,age_ythadult_yge15,geo_cov_urb,2008,5.36
lux,sex_m,age_ythadult_yge15,geo_cov_urb,2009,8.199
lux,sex_m,age_ythadult_yge15,geo_cov_urb,2010,7.777
lux,sex_m,age_ythadult_yge15,geo_cov_urb,2011,7.185
lux,sex_m,age_ythadult_yge15,geo_cov_urb,2012,8.43
lux,sex_m,age_ythadult_yge15,geo_cov_urb,2013,10.681
lux,sex_m,age_ythadult_yge15,geo_cov_urb,2014,9.864
lux,sex_m,age_ythadult_yge15,geo_cov_urb,2015,12.984
lux,sex_m,age_ythadult_yge15,geo_cov_urb,2016,12.377
lux,sex_m,age_ythadult_yge15,geo_cov_urb,2017,10.48
lux,sex_m,age_ythadult_yge15,geo_cov_urb,2018,10.729
lux,sex_m,age_ythadult_yge15,geo_cov_urb,2019,10.195
lux,sex_m,age_ythadult_yge15,geo_cov_urb,2020,11.59
lux,sex_m,age_ythadult_yge15,geo_cov_urb,2021,10
lux,sex_m,age_ythadult_yge15,geo_cov_urb,2022,8.911
lux,sex_m,age_ythadult_yge15,geo_cov_urb,2023,8.164
lux,sex_m,age_ythadult_yge15,geo_cov_urb,2024,11.147
lux,sex_m,age_ythadult_yge25,geo_cov_nat,1998,1.794
lux,sex_m,age_ythadult_yge25,geo_cov_nat,1999,1.657
lux,sex_m,age_ythadult_yge25,geo_cov_nat,2000,1.777
lux,sex_m,age_ythadult_yge25,geo_cov_nat,2001,1.491
lux,sex_m,age_ythadult_yge25,geo_cov_nat,2002,2
lux,sex_m,age_ythadult_yge25,geo_cov_nat,2003,2.686
lux,sex_m,age_ythadult_yge25,geo_cov_nat,2004,3.228
lux,sex_m,age_ythadult_yge25,geo_cov_nat,2005,3.052
lux,sex_m,age_ythadult_yge25,geo_cov_nat,2006,2.66
lux,sex_m,age_ythadult_yge25,geo_cov_nat,2007,3.007
lux,sex_m,age_ythadult_yge25,geo_cov_nat,2008,4.247
lux,sex_m,age_ythadult_yge25,geo_cov_nat,2009,5.854
lux,sex_m,age_ythadult_yge25,geo_cov_nat,2010,5.05
lux,sex_m,age_ythadult_yge25,geo_cov_nat,2011,5.77
lux,sex_m,age_ythadult_yge25,geo_cov_nat,2012,6.325
lux,sex_m,age_ythadult_yge25,geo_cov_nat,2013,7.939
lux,sex_m,age_ythadult_yge25,geo_cov_nat,2014,7.358
lux,sex_m,age_ythadult_yge25,geo_cov_nat,2015,8.333
lux,sex_m,age_ythadult_yge25,geo_cov_nat,2016,8.018
lux,sex_m,age_ythadult_yge25,geo_cov_nat,2017,7.309
lux,sex_m,age_ythadult_yge25,geo_cov_nat,2018,7.216
lux,sex_m,age_ythadult_yge25,geo_cov_nat,2019,6.97
lux,sex_m,age_ythadult_yge25,geo_cov_nat,2020,7.904
lux,sex_m,age_ythadult_yge25,geo_cov_nat,2021,6.182
lux,sex_m,age_ythadult_yge25,geo_cov_nat,2022,5.571
lux,sex_m,age_ythadult_yge25,geo_cov_nat,2023,6.074
lux,sex_m,age_ythadult_yge25,geo_cov_nat,2024,7.272
lux,sex_m,age_ythadult_yge25,geo_cov_rur,1998,0.775
lux,sex_m,age_ythadult_yge25,geo_cov_rur,1999,1.174
lux,sex_m,age_ythadult_yge25,geo_cov_rur,2000,1.599
lux,sex_m,age_ythadult_yge25,geo_cov_rur,2001,1.246
lux,sex_m,age_ythadult_yge25,geo_cov_rur,2002,1.212
lux,sex_m,age_ythadult_yge25,geo_cov_rur,2003,2.125
lux,sex_m,age_ythadult_yge25,geo_cov_rur,2004,2.594
lux,sex_m,age_ythadult_yge25,geo_cov_rur,2005,1.99
lux,sex_m,age_ythadult_yge25,geo_cov_rur,2006,2.09
lux,sex_m,age_ythadult_yge25,geo_cov_rur,2007,2.008
lux,sex_m,age_ythadult_yge25,geo_cov_rur,2008,2.506
lux,sex_m,age_ythadult_yge25,geo_cov_rur,2009,5.246
lux,sex_m,age_ythadult_yge25,geo_cov_rur,2010,3.723
lux,sex_m,age_ythadult_yge25,geo_cov_rur,2011,5.535
lux,sex_m,age_ythadult_yge25,geo_cov_rur,2012,5.271
lux,sex_m,age_ythadult_yge25,geo_cov_rur,2013,6.529
lux,sex_m,age_ythadult_yge25,geo_cov_rur,2014,6.936
lux,sex_m,age_ythadult_yge25,geo_cov_rur,2015,6.947
lux,sex_m,age_ythadult_yge25,geo_cov_rur,2016,6.891
lux,sex_m,age_ythadult_yge25,geo_cov_rur,2017,6.71
lux,sex_m,age_ythadult_yge25,geo_cov_rur,2018,5.51
lux,sex_m,age_ythadult_yge25,geo_cov_rur,2019,5.673
lux,sex_m,age_ythadult_yge25,geo_cov_rur,2020,6.937
lux,sex_m,age_ythadult_yge25,geo_cov_rur,2021,4.827
lux,sex_m,age_ythadult_yge25,geo_cov_rur,2022,4.177
lux,sex_m,age_ythadult_yge25,geo_cov_rur,2023,5.554
lux,sex_m,age_ythadult_yge25,geo_cov_rur,2024,6.188
lux,sex_m,age_ythadult_yge25,geo_cov_urb,1998,2.095
lux,sex_m,age_ythadult_yge25,geo_cov_urb,1999,1.791
lux,sex_m,age_ythadult_yge25,geo_cov_urb,2000,1.831
lux,sex_m,age_ythadult_yge25,geo_cov_urb,2001,1.575
lux,sex_m,age_ythadult_yge25,geo_cov_urb,2002,2.256
lux,sex_m,age_ythadult_yge25,geo_cov_urb,2003,2.97
lux,sex_m,age_ythadult_yge25,geo_cov_urb,2004,3.551
lux,sex_m,age_ythadult_yge25,geo_cov_urb,2005,3.366
lux,sex_m,age_ythadult_yge25,geo_cov_urb,2006,2.826
lux,sex_m,age_ythadult_yge25,geo_cov_urb,2007,3.276
lux,sex_m,age_ythadult_yge25,geo_cov_urb,2008,4.745
lux,sex_m,age_ythadult_yge25,geo_cov_urb,2009,6.038
lux,sex_m,age_ythadult_yge25,geo_cov_urb,2010,5.426
lux,sex_m,age_ythadult_yge25,geo_cov_urb,2011,5.835
lux,sex_m,age_ythadult_yge25,geo_cov_urb,2012,6.866
lux,sex_m,age_ythadult_yge25,geo_cov_urb,2013,9.378
lux,sex_m,age_ythadult_yge25,geo_cov_urb,2014,7.765
lux,sex_m,age_ythadult_yge25,geo_cov_urb,2015,9.42
lux,sex_m,age_ythadult_yge25,geo_cov_urb,2016,9.252
lux,sex_m,age_ythadult_yge25,geo_cov_urb,2017,7.68
lux,sex_m,age_ythadult_yge25,geo_cov_urb,2018,8.161
lux,sex_m,age_ythadult_yge25,geo_cov_urb,2019,7.739
lux,sex_m,age_ythadult_yge25,geo_cov_urb,2020,8.476
lux,sex_m,age_ythadult_yge25,geo_cov_urb,2021,7.001
lux,sex_m,age_ythadult_yge25,geo_cov_urb,2022,6.41
lux,sex_m,age_ythadult_yge25,geo_cov_urb,2023,6.379
lux,sex_m,age_ythadult_yge25,geo_cov_urb,2024,7.886
lux,sex_t,age_aggregate_total,geo_cov_nat,1998,3.686
lux,sex_t,age_aggregate_total,geo_cov_nat,1999,3.362
lux,sex_t,age_aggregate_total,geo_cov_nat,2000,3.478
lux,sex_t,age_aggregate_total,geo_cov_nat,2001,2.817
lux,sex_t,age_aggregate_total,geo_cov_nat,2002,3.202
lux,sex_t,age_aggregate_total,geo_cov_nat,2003,4.261
lux,sex_t,age_aggregate_total,geo_cov_nat,2004,5.437
lux,sex_t,age_aggregate_total,geo_cov_nat,2005,4.811
lux,sex_t,age_aggregate_total,geo_cov_nat,2006,5.093
lux,sex_t,age_aggregate_total,geo_cov_nat,2007,4.255
lux,sex_t,age_aggregate_total,geo_cov_nat,2008,5.872
lux,sex_t,age_aggregate_total,geo_cov_nat,2009,10.198
lux,sex_t,age_aggregate_total,geo_cov_nat,2010,9.15
lux,sex_t,age_aggregate_total,geo_cov_nat,2011,10.014
lux,sex_t,age_aggregate_total,geo_cov_nat,2012,10.04
lux,sex_t,age_aggregate_total,geo_cov_nat,2013,11.682
lux,sex_t,age_aggregate_total,geo_cov_nat,2014,11.617
lux,sex_t,age_aggregate_total,geo_cov_nat,2015,13.211
lux,sex_t,age_aggregate_total,geo_cov_nat,2016,12.415
lux,sex_t,age_aggregate_total,geo_cov_nat,2017,11.091
lux,sex_t,age_aggregate_total,geo_cov_nat,2018,10.759
lux,sex_t,age_aggregate_total,geo_cov_nat,2019,10.02
lux,sex_t,age_aggregate_total,geo_cov_nat,2020,11.641
lux,sex_t,age_aggregate_total,geo_cov_nat,2021,10.52
lux,sex_t,age_aggregate_total,geo_cov_nat,2022,8.894
lux,sex_t,age_aggregate_total,geo_cov_nat,2023,9.879
lux,sex_t,age_aggregate_total,geo_cov_nat,2024,11.466
lux,sex_t,age_aggregate_total,geo_cov_rur,1998,2.93
lux,sex_t,age_aggregate_total,geo_cov_rur,1999,2.946
lux,sex_t,age_aggregate_total,geo_cov_rur,2000,2.692
lux,sex_t,age_aggregate_total,geo_cov_rur,2001,3.786
lux,sex_t,age_aggregate_total,geo_cov_rur,2002,2.783
lux,sex_t,age_aggregate_total,geo_cov_rur,2003,3.892
lux,sex_t,age_aggregate_total,geo_cov_rur,2004,4.539
lux,sex_t,age_aggregate_total,geo_cov_rur,2005,4.112
lux,sex_t,age_aggregate_total,geo_cov_rur,2006,4.76
lux,sex_t,age_aggregate_total,geo_cov_rur,2007,3.946
lux,sex_t,age_aggregate_total,geo_cov_rur,2008,4.756
lux,sex_t,age_aggregate_total,geo_cov_rur,2009,9.885
lux,sex_t,age_aggregate_total,geo_cov_rur,2010,7.77
lux,sex_t,age_aggregate_total,geo_cov_rur,2011,9.98
lux,sex_t,age_aggregate_total,geo_cov_rur,2012,8.782
lux,sex_t,age_aggregate_total,geo_cov_rur,2013,10.746
lux,sex_t,age_aggregate_total,geo_cov_rur,2014,10.928
lux,sex_t,age_aggregate_total,geo_cov_rur,2015,11.278
lux,sex_t,age_aggregate_total,geo_cov_rur,2016,11.296
lux,sex_t,age_aggregate_total,geo_cov_rur,2017,9.773
lux,sex_t,age_aggregate_total,geo_cov_rur,2018,9.1
lux,sex_t,age_aggregate_total,geo_cov_rur,2019,8.376
lux,sex_t,age_aggregate_total,geo_cov_rur,2020,10.014
lux,sex_t,age_aggregate_total,geo_cov_rur,2021,9.092
lux,sex_t,age_aggregate_total,geo_cov_rur,2022,7.478
lux,sex_t,age_aggregate_total,geo_cov_rur,2023,10.385
lux,sex_t,age_aggregate_total,geo_cov_rur,2024,10.279
lux,sex_t,age_aggregate_total,geo_cov_urb,1998,3.91
lux,sex_t,age_aggregate_total,geo_cov_urb,1999,3.473
lux,sex_t,age_aggregate_total,geo_cov_urb,2000,3.705
lux,sex_t,age_aggregate_total,geo_cov_urb,2001,2.487
lux,sex_t,age_aggregate_total,geo_cov_urb,2002,3.334
lux,sex_t,age_aggregate_total,geo_cov_urb,2003,4.444
lux,sex_t,age_aggregate_total,geo_cov_urb,2004,5.889
lux,sex_t,age_aggregate_total,geo_cov_urb,2005,5.008
lux,sex_t,age_aggregate_total,geo_cov_urb,2006,5.187
lux,sex_t,age_aggregate_total,geo_cov_urb,2007,4.336
lux,sex_t,age_aggregate_total,geo_cov_urb,2008,6.178
lux,sex_t,age_aggregate_total,geo_cov_urb,2009,10.291
lux,sex_t,age_aggregate_total,geo_cov_urb,2010,9.539
lux,sex_t,age_aggregate_total,geo_cov_urb,2011,10.024
lux,sex_t,age_aggregate_total,geo_cov_urb,2012,10.686
lux,sex_t,age_aggregate_total,geo_cov_urb,2013,12.632
lux,sex_t,age_aggregate_total,geo_cov_urb,2014,12.305
lux,sex_t,age_aggregate_total,geo_cov_urb,2015,14.733
lux,sex_t,age_aggregate_total,geo_cov_urb,2016,13.663
lux,sex_t,age_aggregate_total,geo_cov_urb,2017,11.954
lux,sex_t,age_aggregate_total,geo_cov_urb,2018,11.722
lux,sex_t,age_aggregate_total,geo_cov_urb,2019,10.975
lux,sex_t,age_aggregate_total,geo_cov_urb,2020,12.634
lux,sex_t,age_aggregate_total,geo_cov_urb,2021,11.401
lux,sex_t,age_aggregate_total,geo_cov_urb,2022,9.765
lux,sex_t,age_aggregate_total,geo_cov_urb,2023,9.561
lux,sex_t,age_aggregate_total,geo_cov_urb,2024,12.155
lux,sex_t,age_aggregate_y15_24,geo_cov_nat,1998,8.762
lux,sex_t,age_aggregate_y15_24,geo_cov_nat,1999,9.614
lux,sex_t,age_aggregate_y15_24,geo_cov_nat,2000,10.078
lux,sex_t,age_aggregate_y15_24,geo_cov_nat,2001,8.235
lux,sex_t,age_aggregate_y15_24,geo_cov_nat,2002,8.316
lux,sex_t,age_aggregate_y15_24,geo_cov_nat,2003,11.997
lux,sex_t,age_aggregate_y15_24,geo_cov_nat,2004,17.691
lux,sex_t,age_aggregate_y15_24,geo_cov_nat,2005,13.99
lux,sex_t,age_aggregate_y15_24,geo_cov_nat,2006,17.259
lux,sex_t,age_aggregate_y15_24,geo_cov_nat,2007,15.189
lux,sex_t,age_aggregate_y15_24,geo_cov_nat,2008,18.256
lux,sex_t,age_aggregate_y15_24,geo_cov_nat,2009,28.84
lux,sex_t,age_aggregate_y15_24,geo_cov_nat,2010,29.567
lux,sex_t,age_aggregate_y15_24,geo_cov_nat,2011,30.433
lux,sex_t,age_aggregate_y15_24,geo_cov_nat,2012,28.185
lux,sex_t,age_aggregate_y15_24,geo_cov_nat,2013,30.624
lux,sex_t,age_aggregate_y15_24,geo_cov_nat,2014,40.796
lux,sex_t,age_aggregate_y15_24,geo_cov_nat,2015,38.232
lux,sex_t,age_aggregate_y15_24,geo_cov_nat,2016,41.791
lux,sex_t,age_aggregate_y15_24,geo_cov_nat,2017,37.3
lux,sex_t,age_aggregate_y15_24,geo_cov_nat,2018,32.946
lux,sex_t,age_aggregate_y15_24,geo_cov_nat,2019,33.971
lux,sex_t,age_aggregate_y15_24,geo_cov_nat,2020,39.746
lux,sex_t,age_aggregate_y15_24,geo_cov_nat,2021,37.579
lux,sex_t,age_aggregate_y15_24,geo_cov_nat,2022,36.821
lux,sex_t,age_aggregate_y15_24,geo_cov_nat,2023,36.306
lux,sex_t,age_aggregate_y15_24,geo_cov_nat,2024,40.014
lux,sex_t,age_aggregate_y15_24,geo_cov_rur,1998,5.818
lux,sex_t,age_aggregate_y15_24,geo_cov_rur,1999,7.797
lux,sex_t,age_aggregate_y15_24,geo_cov_rur,2000,7.863
lux,sex_t,age_aggregate_y15_24,geo_cov_rur,2001,8.139
lux,sex_t,age_aggregate_y15_24,geo_cov_rur,2002,6.17
lux,sex_t,age_aggregate_y15_24,geo_cov_rur,2003,11.51
lux,sex_t,age_aggregate_y15_24,geo_cov_rur,2004,14.782
lux,sex_t,age_aggregate_y15_24,geo_cov_rur,2005,13.858
lux,sex_t,age_aggregate_y15_24,geo_cov_rur,2006,14.631
lux,sex_t,age_aggregate_y15_24,geo_cov_rur,2007,18.444
lux,sex_t,age_aggregate_y15_24,geo_cov_rur,2008,12.507
lux,sex_t,age_aggregate_y15_24,geo_cov_rur,2009,28.426
lux,sex_t,age_aggregate_y15_24,geo_cov_rur,2010,19.761
lux,sex_t,age_aggregate_y15_24,geo_cov_rur,2011,32.304
lux,sex_t,age_aggregate_y15_24,geo_cov_rur,2012,25.551
lux,sex_t,age_aggregate_y15_24,geo_cov_rur,2013,31.849
lux,sex_t,age_aggregate_y15_24,geo_cov_rur,2014,35.248
lux,sex_t,age_aggregate_y15_24,geo_cov_rur,2015,34.725
lux,sex_t,age_aggregate_y15_24,geo_cov_rur,2016,38.755
lux,sex_t,age_aggregate_y15_24,geo_cov_rur,2017,30.702
lux,sex_t,age_aggregate_y15_24,geo_cov_rur,2018,30.04
lux,sex_t,age_aggregate_y15_24,geo_cov_rur,2019,28.894
lux,sex_t,age_aggregate_y15_24,geo_cov_rur,2020,36.263
lux,sex_t,age_aggregate_y15_24,geo_cov_rur,2021,33.786
lux,sex_t,age_aggregate_y15_24,geo_cov_rur,2022,32.818
lux,sex_t,age_aggregate_y15_24,geo_cov_rur,2023,36.392
lux,sex_t,age_aggregate_y15_24,geo_cov_rur,2024,36.713
lux,sex_t,age_aggregate_y15_24,geo_cov_urb,1998,9.773
lux,sex_t,age_aggregate_y15_24,geo_cov_urb,1999,10.02
lux,sex_t,age_aggregate_y15_24,geo_cov_urb,2000,10.689
lux,sex_t,age_aggregate_y15_24,geo_cov_urb,2001,8.267
lux,sex_t,age_aggregate_y15_24,geo_cov_urb,2002,9.023
lux,sex_t,age_aggregate_y15_24,geo_cov_urb,2003,12.276
lux,sex_t,age_aggregate_y15_24,geo_cov_urb,2004,19.409
lux,sex_t,age_aggregate_y15_24,geo_cov_urb,2005,14.034
lux,sex_t,age_aggregate_y15_24,geo_cov_urb,2006,18.144
lux,sex_t,age_aggregate_y15_24,geo_cov_urb,2007,14.136
lux,sex_t,age_aggregate_y15_24,geo_cov_urb,2008,19.812
lux,sex_t,age_aggregate_y15_24,geo_cov_urb,2009,28.971
lux,sex_t,age_aggregate_y15_24,geo_cov_urb,2010,32.767
lux,sex_t,age_aggregate_y15_24,geo_cov_urb,2011,29.815
lux,sex_t,age_aggregate_y15_24,geo_cov_urb,2012,29.606
lux,sex_t,age_aggregate_y15_24,geo_cov_urb,2013,29.027
lux,sex_t,age_aggregate_y15_24,geo_cov_urb,2014,46.764
lux,sex_t,age_aggregate_y15_24,geo_cov_urb,2015,41.003
lux,sex_t,age_aggregate_y15_24,geo_cov_urb,2016,45
lux,sex_t,age_aggregate_y15_24,geo_cov_urb,2017,42.338
lux,sex_t,age_aggregate_y15_24,geo_cov_urb,2018,34.863
lux,sex_t,age_aggregate_y15_24,geo_cov_urb,2019,36.963
lux,sex_t,age_aggregate_y15_24,geo_cov_urb,2020,41.642
lux,sex_t,age_aggregate_y15_24,geo_cov_urb,2021,40.456
lux,sex_t,age_aggregate_y15_24,geo_cov_urb,2022,39.972
lux,sex_t,age_aggregate_y15_24,geo_cov_urb,2023,36.239
lux,sex_t,age_aggregate_y15_24,geo_cov_urb,2024,42.245
lux,sex_t,age_aggregate_y25_54,geo_cov_nat,1998,3.226
lux,sex_t,age_aggregate_y25_54,geo_cov_nat,1999,2.686
lux,sex_t,age_aggregate_y25_54,geo_cov_nat,2000,2.889
lux,sex_t,age_aggregate_y25_54,geo_cov_nat,2001,2.329
lux,sex_t,age_aggregate_y25_54,geo_cov_nat,2002,2.861
lux,sex_t,age_aggregate_y25_54,geo_cov_nat,2003,3.708
lux,sex_t,age_aggregate_y25_54,geo_cov_nat,2004,4.741
lux,sex_t,age_aggregate_y25_54,geo_cov_nat,2005,4.23
lux,sex_t,age_aggregate_y25_54,geo_cov_nat,2006,4.397
lux,sex_t,age_aggregate_y25_54,geo_cov_nat,2007,3.594
lux,sex_t,age_aggregate_y25_54,geo_cov_nat,2008,4.975
lux,sex_t,age_aggregate_y25_54,geo_cov_nat,2009,7.775
lux,sex_t,age_aggregate_y25_54,geo_cov_nat,2010,6.855
lux,sex_t,age_aggregate_y25_54,geo_cov_nat,2011,7.434
lux,sex_t,age_aggregate_y25_54,geo_cov_nat,2012,7.691
lux,sex_t,age_aggregate_y25_54,geo_cov_nat,2013,8.702
lux,sex_t,age_aggregate_y25_54,geo_cov_nat,2014,8.217
lux,sex_t,age_aggregate_y25_54,geo_cov_nat,2015,9.541
lux,sex_t,age_aggregate_y25_54,geo_cov_nat,2016,8.986
lux,sex_t,age_aggregate_y25_54,geo_cov_nat,2017,7.728
lux,sex_t,age_aggregate_y25_54,geo_cov_nat,2018,7.96
lux,sex_t,age_aggregate_y25_54,geo_cov_nat,2019,7.381
lux,sex_t,age_aggregate_y25_54,geo_cov_nat,2020,8.755
lux,sex_t,age_aggregate_y25_54,geo_cov_nat,2021,7.596
lux,sex_t,age_aggregate_y25_54,geo_cov_nat,2022,5.679
lux,sex_t,age_aggregate_y25_54,geo_cov_nat,2023,6.922
lux,sex_t,age_aggregate_y25_54,geo_cov_nat,2024,8.54
lux,sex_t,age_aggregate_y25_54,geo_cov_rur,1998,2.621
lux,sex_t,age_aggregate_y25_54,geo_cov_rur,1999,2.497
lux,sex_t,age_aggregate_y25_54,geo_cov_rur,2000,2.359
lux,sex_t,age_aggregate_y25_54,geo_cov_rur,2001,3.502
lux,sex_t,age_aggregate_y25_54,geo_cov_rur,2002,2.553
lux,sex_t,age_aggregate_y25_54,geo_cov_rur,2003,3.221
lux,sex_t,age_aggregate_y25_54,geo_cov_rur,2004,3.867
lux,sex_t,age_aggregate_y25_54,geo_cov_rur,2005,3.226
lux,sex_t,age_aggregate_y25_54,geo_cov_rur,2006,4.034
lux,sex_t,age_aggregate_y25_54,geo_cov_rur,2007,2.698
lux,sex_t,age_aggregate_y25_54,geo_cov_rur,2008,4.333
lux,sex_t,age_aggregate_y25_54,geo_cov_rur,2009,7.106
lux,sex_t,age_aggregate_y25_54,geo_cov_rur,2010,6.402
lux,sex_t,age_aggregate_y25_54,geo_cov_rur,2011,7.082
lux,sex_t,age_aggregate_y25_54,geo_cov_rur,2012,6.108
lux,sex_t,age_aggregate_y25_54,geo_cov_rur,2013,7.447
lux,sex_t,age_aggregate_y25_54,geo_cov_rur,2014,7.501
lux,sex_t,age_aggregate_y25_54,geo_cov_rur,2015,7.636
lux,sex_t,age_aggregate_y25_54,geo_cov_rur,2016,8.058
lux,sex_t,age_aggregate_y25_54,geo_cov_rur,2017,6.391
lux,sex_t,age_aggregate_y25_54,geo_cov_rur,2018,6.524
lux,sex_t,age_aggregate_y25_54,geo_cov_rur,2019,5.856
lux,sex_t,age_aggregate_y25_54,geo_cov_rur,2020,6.901
lux,sex_t,age_aggregate_y25_54,geo_cov_rur,2021,5.924
lux,sex_t,age_aggregate_y25_54,geo_cov_rur,2022,3.676
lux,sex_t,age_aggregate_y25_54,geo_cov_rur,2023,6.995
lux,sex_t,age_aggregate_y25_54,geo_cov_rur,2024,7.386
lux,sex_t,age_aggregate_y25_54,geo_cov_urb,1998,3.404
lux,sex_t,age_aggregate_y25_54,geo_cov_urb,1999,2.737
lux,sex_t,age_aggregate_y25_54,geo_cov_urb,2000,3.044
lux,sex_t,age_aggregate_y25_54,geo_cov_urb,2001,1.928
lux,sex_t,age_aggregate_y25_54,geo_cov_urb,2002,2.959
lux,sex_t,age_aggregate_y25_54,geo_cov_urb,2003,3.944
lux,sex_t,age_aggregate_y25_54,geo_cov_urb,2004,5.184
lux,sex_t,age_aggregate_y25_54,geo_cov_urb,2005,4.512
lux,sex_t,age_aggregate_y25_54,geo_cov_urb,2006,4.499
lux,sex_t,age_aggregate_y25_54,geo_cov_urb,2007,3.827
lux,sex_t,age_aggregate_y25_54,geo_cov_urb,2008,5.154
lux,sex_t,age_aggregate_y25_54,geo_cov_urb,2009,7.979
lux,sex_t,age_aggregate_y25_54,geo_cov_urb,2010,6.983
lux,sex_t,age_aggregate_y25_54,geo_cov_urb,2011,7.53
lux,sex_t,age_aggregate_y25_54,geo_cov_urb,2012,8.499
lux,sex_t,age_aggregate_y25_54,geo_cov_urb,2013,9.934
lux,sex_t,age_aggregate_y25_54,geo_cov_urb,2014,8.915
lux,sex_t,age_aggregate_y25_54,geo_cov_urb,2015,10.988
lux,sex_t,age_aggregate_y25_54,geo_cov_urb,2016,10.012
lux,sex_t,age_aggregate_y25_54,geo_cov_urb,2017,8.582
lux,sex_t,age_aggregate_y25_54,geo_cov_urb,2018,8.771
lux,sex_t,age_aggregate_y25_54,geo_cov_urb,2019,8.242
lux,sex_t,age_aggregate_y25_54,geo_cov_urb,2020,9.881
lux,sex_t,age_aggregate_y25_54,geo_cov_urb,2021,8.558
lux,sex_t,age_aggregate_y25_54,geo_cov_urb,2022,6.845
lux,sex_t,age_aggregate_y25_54,geo_cov_urb,2023,6.879
lux,sex_t,age_aggregate_y25_54,geo_cov_urb,2024,9.176
lux,sex_t,age_aggregate_y55_64,geo_cov_nat,1998,1.348
lux,sex_t,age_aggregate_y55_64,geo_cov_nat,1999,1.727
lux,sex_t,age_aggregate_y55_64,geo_cov_nat,2000,1.534
lux,sex_t,age_aggregate_y55_64,geo_cov_nat,2001,1.417
lux,sex_t,age_aggregate_y55_64,geo_cov_nat,2003,2.352
lux,sex_t,age_aggregate_y55_64,geo_cov_nat,2004,1.622
lux,sex_t,age_aggregate_y55_64,geo_cov_nat,2005,2.508
lux,sex_t,age_aggregate_y55_64,geo_cov_nat,2006,1.66
lux,sex_t,age_aggregate_y55_64,geo_cov_nat,2007,2.054
lux,sex_t,age_aggregate_y55_64,geo_cov_nat,2008,4.049
lux,sex_t,age_aggregate_y55_64,geo_cov_nat,2009,10.225
lux,sex_t,age_aggregate_y55_64,geo_cov_nat,2010,8.964
lux,sex_t,age_aggregate_y55_64,geo_cov_nat,2011,13.337
lux,sex_t,age_aggregate_y55_64,geo_cov_nat,2012,12.816
lux,sex_t,age_aggregate_y55_64,geo_cov_nat,2013,16.901
lux,sex_t,age_aggregate_y55_64,geo_cov_nat,2014,11.502
lux,sex_t,age_aggregate_y55_64,geo_cov_nat,2015,12.826
lux,sex_t,age_aggregate_y55_64,geo_cov_nat,2016,10.964
lux,sex_t,age_aggregate_y55_64,geo_cov_nat,2017,11.363
lux,sex_t,age_aggregate_y55_64,geo_cov_nat,2018,10.522
lux,sex_t,age_aggregate_y55_64,geo_cov_nat,2019,7.114
lux,sex_t,age_aggregate_y55_64,geo_cov_nat,2020,8.776
lux,sex_t,age_aggregate_y55_64,geo_cov_nat,2021,7.282
lux,sex_t,age_aggregate_y55_64,geo_cov_nat,2022,8.402
lux,sex_t,age_aggregate_y55_64,geo_cov_nat,2023,7.91
lux,sex_t,age_aggregate_y55_64,geo_cov_nat,2024,7.206
lux,sex_t,age_aggregate_y55_64,geo_cov_rur,2003,2.831
lux,sex_t,age_aggregate_y55_64,geo_cov_rur,2005,3.294
lux,sex_t,age_aggregate_y55_64,geo_cov_rur,2006,1.803
lux,sex_t,age_aggregate_y55_64,geo_cov_rur,2009,12.037
lux,sex_t,age_aggregate_y55_64,geo_cov_rur,2010,8.285
lux,sex_t,age_aggregate_y55_64,geo_cov_rur,2011,13.095
lux,sex_t,age_aggregate_y55_64,geo_cov_rur,2012,13.284
lux,sex_t,age_aggregate_y55_64,geo_cov_rur,2013,16.028
lux,sex_t,age_aggregate_y55_64,geo_cov_rur,2014,13.32
lux,sex_t,age_aggregate_y55_64,geo_cov_rur,2015,11.631
lux,sex_t,age_aggregate_y55_64,geo_cov_rur,2016,11.814
lux,sex_t,age_aggregate_y55_64,geo_cov_rur,2017,13.508
lux,sex_t,age_aggregate_y55_64,geo_cov_rur,2018,7.45
lux,sex_t,age_aggregate_y55_64,geo_cov_rur,2019,7.341
lux,sex_t,age_aggregate_y55_64,geo_cov_rur,2020,10.877
lux,sex_t,age_aggregate_y55_64,geo_cov_rur,2021,6.508
lux,sex_t,age_aggregate_y55_64,geo_cov_rur,2022,8.082
lux,sex_t,age_aggregate_y55_64,geo_cov_rur,2023,8.463
lux,sex_t,age_aggregate_y55_64,geo_cov_rur,2024,4.712
lux,sex_t,age_aggregate_y55_64,geo_cov_urb,1999,1.771
lux,sex_t,age_aggregate_y55_64,geo_cov_urb,2000,1.903
lux,sex_t,age_aggregate_y55_64,geo_cov_urb,2003,2.096
lux,sex_t,age_aggregate_y55_64,geo_cov_urb,2004,1.992
lux,sex_t,age_aggregate_y55_64,geo_cov_urb,2005,2.313
lux,sex_t,age_aggregate_y55_64,geo_cov_urb,2006,1.628
lux,sex_t,age_aggregate_y55_64,geo_cov_urb,2007,1.878
lux,sex_t,age_aggregate_y55_64,geo_cov_urb,2008,4.532
lux,sex_t,age_aggregate_y55_64,geo_cov_urb,2009,9.792
lux,sex_t,age_aggregate_y55_64,geo_cov_urb,2010,9.123
lux,sex_t,age_aggregate_y55_64,geo_cov_urb,2011,13.394
lux,sex_t,age_aggregate_y55_64,geo_cov_urb,2012,12.566
lux,sex_t,age_aggregate_y55_64,geo_cov_urb,2013,17.897
lux,sex_t,age_aggregate_y55_64,geo_cov_urb,2014,9.351
lux,sex_t,age_aggregate_y55_64,geo_cov_urb,2015,14.01
lux,sex_t,age_aggregate_y55_64,geo_cov_urb,2016,9.859
lux,sex_t,age_aggregate_y55_64,geo_cov_urb,2017,9.906
lux,sex_t,age_aggregate_y55_64,geo_cov_urb,2018,12.523
lux,sex_t,age_aggregate_y55_64,geo_cov_urb,2019,6.962
lux,sex_t,age_aggregate_y55_64,geo_cov_urb,2020,7.337
lux,sex_t,age_aggregate_y55_64,geo_cov_urb,2021,7.887
lux,sex_t,age_aggregate_y55_64,geo_cov_urb,2022,8.621
lux,sex_t,age_aggregate_y55_64,geo_cov_urb,2023,7.481
lux,sex_t,age_aggregate_y55_64,geo_cov_urb,2024,8.907
lux,sex_t,age_aggregate_yge65,geo_cov_nat,1999,22.052
lux,sex_t,age_aggregate_yge65,geo_cov_nat,2009,30.415
lux,sex_t,age_aggregate_yge65,geo_cov_nat,2010,33.664
lux,sex_t,age_aggregate_yge65,geo_cov_nat,2011,33.142
lux,sex_t,age_aggregate_yge65,geo_cov_nat,2012,31.645
lux,sex_t,age_aggregate_yge65,geo_cov_nat,2013,39.963
lux,sex_t,age_aggregate_yge65,geo_cov_nat,2014,40.411
lux,sex_t,age_aggregate_yge65,geo_cov_nat,2015,32.143
lux,sex_t,age_aggregate_yge65,geo_cov_nat,2016,30.987
lux,sex_t,age_aggregate_yge65,geo_cov_nat,2017,23.628
lux,sex_t,age_aggregate_yge65,geo_cov_nat,2018,27.321
lux,sex_t,age_aggregate_yge65,geo_cov_nat,2019,22.281
lux,sex_t,age_aggregate_yge65,geo_cov_nat,2020,24.538
lux,sex_t,age_aggregate_yge65,geo_cov_nat,2021,11.18
lux,sex_t,age_aggregate_yge65,geo_cov_nat,2022,13.404
lux,sex_t,age_aggregate_yge65,geo_cov_nat,2023,17.726
lux,sex_t,age_aggregate_yge65,geo_cov_nat,2024,10.716
lux,sex_t,age_aggregate_yge65,geo_cov_rur,2009,32.35
lux,sex_t,age_aggregate_yge65,geo_cov_rur,2011,31.724
lux,sex_t,age_aggregate_yge65,geo_cov_rur,2012,42.235
lux,sex_t,age_aggregate_yge65,geo_cov_rur,2013,31.368
lux,sex_t,age_aggregate_yge65,geo_cov_rur,2014,42.621
lux,sex_t,age_aggregate_yge65,geo_cov_rur,2015,27.764
lux,sex_t,age_aggregate_yge65,geo_cov_rur,2016,18.766
lux,sex_t,age_aggregate_yge65,geo_cov_rur,2017,16.789
lux,sex_t,age_aggregate_yge65,geo_cov_rur,2019,16.988
lux,sex_t,age_aggregate_yge65,geo_cov_rur,2020,30.585
lux,sex_t,age_aggregate_yge65,geo_cov_rur,2021,7.905
lux,sex_t,age_aggregate_yge65,geo_cov_rur,2022,16.814
lux,sex_t,age_aggregate_yge65,geo_cov_rur,2023,14.267
lux,sex_t,age_aggregate_yge65,geo_cov_rur,2024,14.662
lux,sex_t,age_aggregate_yge65,geo_cov_urb,2009,29.669
lux,sex_t,age_aggregate_yge65,geo_cov_urb,2010,40.666
lux,sex_t,age_aggregate_yge65,geo_cov_urb,2011,33.455
lux,sex_t,age_aggregate_yge65,geo_cov_urb,2012,26.742
lux,sex_t,age_aggregate_yge65,geo_cov_urb,2013,46.722
lux,sex_t,age_aggregate_yge65,geo_cov_urb,2014,38.508
lux,sex_t,age_aggregate_yge65,geo_cov_urb,2015,36.65
lux,sex_t,age_aggregate_yge65,geo_cov_urb,2016,41.115
lux,sex_t,age_aggregate_yge65,geo_cov_urb,2017,28.686
lux,sex_t,age_aggregate_yge65,geo_cov_urb,2018,33.291
lux,sex_t,age_aggregate_yge65,geo_cov_urb,2019,27.33
lux,sex_t,age_aggregate_yge65,geo_cov_urb,2020,20.847
lux,sex_t,age_aggregate_yge65,geo_cov_urb,2021,13.625
lux,sex_t,age_aggregate_yge65,geo_cov_urb,2023,22.704
lux,sex_t,age_ythadult_y15_24,geo_cov_nat,1998,8.762
lux,sex_t,age_ythadult_y15_24,geo_cov_nat,1999,9.614
lux,sex_t,age_ythadult_y15_24,geo_cov_nat,2000,10.078
lux,sex_t,age_ythadult_y15_24,geo_cov_nat,2001,8.235
lux,sex_t,age_ythadult_y15_24,geo_cov_nat,2002,8.316
lux,sex_t,age_ythadult_y15_24,geo_cov_nat,2003,11.997
lux,sex_t,age_ythadult_y15_24,geo_cov_nat,2004,17.691
lux,sex_t,age_ythadult_y15_24,geo_cov_nat,2005,13.99
lux,sex_t,age_ythadult_y15_24,geo_cov_nat,2006,17.259
lux,sex_t,age_ythadult_y15_24,geo_cov_nat,2007,15.189
lux,sex_t,age_ythadult_y15_24,geo_cov_nat,2008,18.256
lux,sex_t,age_ythadult_y15_24,geo_cov_nat,2009,28.84
lux,sex_t,age_ythadult_y15_24,geo_cov_nat,2010,29.567
lux,sex_t,age_ythadult_y15_24,geo_cov_nat,2011,30.433
lux,sex_t,age_ythadult_y15_24,geo_cov_nat,2012,28.185
lux,sex_t,age_ythadult_y15_24,geo_cov_nat,2013,30.624
lux,sex_t,age_ythadult_y15_24,geo_cov_nat,2014,40.796
lux,sex_t,age_ythadult_y15_24,geo_cov_nat,2015,38.232
lux,sex_t,age_ythadult_y15_24,geo_cov_nat,2016,41.791
lux,sex_t,age_ythadult_y15_24,geo_cov_nat,2017,37.3
lux,sex_t,age_ythadult_y15_24,geo_cov_nat,2018,32.946
lux,sex_t,age_ythadult_y15_24,geo_cov_nat,2019,33.971
lux,sex_t,age_ythadult_y15_24,geo_cov_nat,2020,39.746
lux,sex_t,age_ythadult_y15_24,geo_cov_nat,2021,37.579
lux,sex_t,age_ythadult_y15_24,geo_cov_nat,2022,36.821
lux,sex_t,age_ythadult_y15_24,geo_cov_nat,2023,36.306
lux,sex_t,age_ythadult_y15_24,geo_cov_nat,2024,40.014
lux,sex_t,age_ythadult_y15_24,geo_cov_rur,1998,5.818
lux,sex_t,age_ythadult_y15_24,geo_cov_rur,1999,7.797
lux,sex_t,age_ythadult_y15_24,geo_cov_rur,2000,7.863
lux,sex_t,age_ythadult_y15_24,geo_cov_rur,2001,8.139
lux,sex_t,age_ythadult_y15_24,geo_cov_rur,2002,6.17
lux,sex_t,age_ythadult_y15_24,geo_cov_rur,2003,11.51
lux,sex_t,age_ythadult_y15_24,geo_cov_rur,2004,14.782
lux,sex_t,age_ythadult_y15_24,geo_cov_rur,2005,13.858
lux,sex_t,age_ythadult_y15_24,geo_cov_rur,2006,14.631
lux,sex_t,age_ythadult_y15_24,geo_cov_rur,2007,18.444
lux,sex_t,age_ythadult_y15_24,geo_cov_rur,2008,12.507
lux,sex_t,age_ythadult_y15_24,geo_cov_rur,2009,28.426
lux,sex_t,age_ythadult_y15_24,geo_cov_rur,2010,19.761
lux,sex_t,age_ythadult_y15_24,geo_cov_rur,2011,32.304
lux,sex_t,age_ythadult_y15_24,geo_cov_rur,2012,25.551
lux,sex_t,age_ythadult_y15_24,geo_cov_rur,2013,31.849
lux,sex_t,age_ythadult_y15_24,geo_cov_rur,2014,35.248
lux,sex_t,age_ythadult_y15_24,geo_cov_rur,2015,34.725
lux,sex_t,age_ythadult_y15_24,geo_cov_rur,2016,38.755
lux,sex_t,age_ythadult_y15_24,geo_cov_rur,2017,30.702
lux,sex_t,age_ythadult_y15_24,geo_cov_rur,2018,30.04
lux,sex_t,age_ythadult_y15_24,geo_cov_rur,2019,28.894
lux,sex_t,age_ythadult_y15_24,geo_cov_rur,2020,36.263
lux,sex_t,age_ythadult_y15_24,geo_cov_rur,2021,33.786
lux,sex_t,age_ythadult_y15_24,geo_cov_rur,2022,32.818
lux,sex_t,age_ythadult_y15_24,geo_cov_rur,2023,36.392
lux,sex_t,age_ythadult_y15_24,geo_cov_rur,2024,36.713
lux,sex_t,age_ythadult_y15_24,geo_cov_urb,1998,9.773
lux,sex_t,age_ythadult_y15_24,geo_cov_urb,1999,10.02
lux,sex_t,age_ythadult_y15_24,geo_cov_urb,2000,10.689
lux,sex_t,age_ythadult_y15_24,geo_cov_urb,2001,8.267
lux,sex_t,age_ythadult_y15_24,geo_cov_urb,2002,9.023
lux,sex_t,age_ythadult_y15_24,geo_cov_urb,2003,12.276
lux,sex_t,age_ythadult_y15_24,geo_cov_urb,2004,19.409
lux,sex_t,age_ythadult_y15_24,geo_cov_urb,2005,14.034
lux,sex_t,age_ythadult_y15_24,geo_cov_urb,2006,18.144
lux,sex_t,age_ythadult_y15_24,geo_cov_urb,2007,14.136
lux,sex_t,age_ythadult_y15_24,geo_cov_urb,2008,19.812
lux,sex_t,age_ythadult_y15_24,geo_cov_urb,2009,28.971
lux,sex_t,age_ythadult_y15_24,geo_cov_urb,2010,32.767
lux,sex_t,age_ythadult_y15_24,geo_cov_urb,2011,29.815
lux,sex_t,age_ythadult_y15_24,geo_cov_urb,2012,29.606
lux,sex_t,age_ythadult_y15_24,geo_cov_urb,2013,29.027
lux,sex_t,age_ythadult_y15_24,geo_cov_urb,2014,46.764
lux,sex_t,age_ythadult_y15_24,geo_cov_urb,2015,41.003
lux,sex_t,age_ythadult_y15_24,geo_cov_urb,2016,45
lux,sex_t,age_ythadult_y15_24,geo_cov_urb,2017,42.338
lux,sex_t,age_ythadult_y15_24,geo_cov_urb,2018,34.863
lux,sex_t,age_ythadult_y15_24,geo_cov_urb,2019,36.963
lux,sex_t,age_ythadult_y15_24,geo_cov_urb,2020,41.642
lux,sex_t,age_ythadult_y15_24,geo_cov_urb,2021,40.456
lux,sex_t,age_ythadult_y15_24,geo_cov_urb,2022,39.972
lux,sex_t,age_ythadult_y15_24,geo_cov_urb,2023,36.239
lux,sex_t,age_ythadult_y15_24,geo_cov_urb,2024,42.245
lux,sex_t,age_ythadult_y15_64,geo_cov_nat,1998,3.659
lux,sex_t,age_ythadult_y15_64,geo_cov_nat,1999,3.276
lux,sex_t,age_ythadult_y15_64,geo_cov_nat,2000,3.466
lux,sex_t,age_ythadult_y15_64,geo_cov_nat,2001,2.824
lux,sex_t,age_ythadult_y15_64,geo_cov_nat,2002,3.215
lux,sex_t,age_ythadult_y15_64,geo_cov_nat,2003,4.269
lux,sex_t,age_ythadult_y15_64,geo_cov_nat,2004,5.448
lux,sex_t,age_ythadult_y15_64,geo_cov_nat,2005,4.82
lux,sex_t,age_ythadult_y15_64,geo_cov_nat,2006,5.103
lux,sex_t,age_ythadult_y15_64,geo_cov_nat,2008,5.876
lux,sex_t,age_ythadult_y15_64,geo_cov_nat,2009,9.929
lux,sex_t,age_ythadult_y15_64,geo_cov_nat,2010,8.83
lux,sex_t,age_ythadult_y15_64,geo_cov_nat,2011,9.676
lux,sex_t,age_ythadult_y15_64,geo_cov_nat,2012,9.747
lux,sex_t,age_ythadult_y15_64,geo_cov_nat,2013,11.202
lux,sex_t,age_ythadult_y15_64,geo_cov_nat,2014,11.134
lux,sex_t,age_ythadult_y15_64,geo_cov_nat,2015,12.929
lux,sex_t,age_ythadult_y15_64,geo_cov_nat,2016,12.206
lux,sex_t,age_ythadult_y15_64,geo_cov_nat,2017,10.945
lux,sex_t,age_ythadult_y15_64,geo_cov_nat,2018,10.598
lux,sex_t,age_ythadult_y15_64,geo_cov_nat,2019,9.898
lux,sex_t,age_ythadult_y15_64,geo_cov_nat,2020,11.513
lux,sex_t,age_ythadult_y15_64,geo_cov_nat,2021,10.51
lux,sex_t,age_ythadult_y15_64,geo_cov_nat,2022,8.839
lux,sex_t,age_ythadult_y15_64,geo_cov_nat,2023,9.771
lux,sex_t,age_ythadult_y15_64,geo_cov_nat,2024,11.476
lux,sex_t,age_ythadult_y15_64,geo_cov_rur,2005,4.122
lux,sex_t,age_ythadult_y15_64,geo_cov_rur,2009,9.523
lux,sex_t,age_ythadult_y15_64,geo_cov_rur,2010,7.724
lux,sex_t,age_ythadult_y15_64,geo_cov_rur,2011,9.711
lux,sex_t,age_ythadult_y15_64,geo_cov_rur,2012,8.361
lux,sex_t,age_ythadult_y15_64,geo_cov_rur,2013,10.441
lux,sex_t,age_ythadult_y15_64,geo_cov_rur,2014,10.436
lux,sex_t,age_ythadult_y15_64,geo_cov_rur,2015,10.994
lux,sex_t,age_ythadult_y15_64,geo_cov_rur,2016,11.224
lux,sex_t,age_ythadult_y15_64,geo_cov_rur,2017,9.685
lux,sex_t,age_ythadult_y15_64,geo_cov_rur,2018,9.044
lux,sex_t,age_ythadult_y15_64,geo_cov_rur,2019,8.262
lux,sex_t,age_ythadult_y15_64,geo_cov_rur,2020,9.809
lux,sex_t,age_ythadult_y15_64,geo_cov_rur,2021,9.114
lux,sex_t,age_ythadult_y15_64,geo_cov_rur,2022,7.318
lux,sex_t,age_ythadult_y15_64,geo_cov_rur,2023,10.303
lux,sex_t,age_ythadult_y15_64,geo_cov_rur,2024,10.205
lux,sex_t,age_ythadult_y15_64,geo_cov_urb,1998,3.869
lux,sex_t,age_ythadult_y15_64,geo_cov_urb,1999,3.383
lux,sex_t,age_ythadult_y15_64,geo_cov_urb,2000,3.679
lux,sex_t,age_ythadult_y15_64,geo_cov_urb,2001,2.491
lux,sex_t,age_ythadult_y15_64,geo_cov_urb,2003,4.445
lux,sex_t,age_ythadult_y15_64,geo_cov_urb,2004,5.904
lux,sex_t,age_ythadult_y15_64,geo_cov_urb,2005,5.017
lux,sex_t,age_ythadult_y15_64,geo_cov_urb,2006,5.199
lux,sex_t,age_ythadult_y15_64,geo_cov_urb,2008,6.183
lux,sex_t,age_ythadult_y15_64,geo_cov_urb,2009,10.05
lux,sex_t,age_ythadult_y15_64,geo_cov_urb,2010,9.141
lux,sex_t,age_ythadult_y15_64,geo_cov_urb,2011,9.666
lux,sex_t,age_ythadult_y15_64,geo_cov_urb,2012,10.461
lux,sex_t,age_ythadult_y15_64,geo_cov_urb,2013,11.978
lux,sex_t,age_ythadult_y15_64,geo_cov_urb,2014,11.832
lux,sex_t,age_ythadult_y15_64,geo_cov_urb,2015,14.445
lux,sex_t,age_ythadult_y15_64,geo_cov_urb,2016,13.305
lux,sex_t,age_ythadult_y15_64,geo_cov_urb,2017,11.768
lux,sex_t,age_ythadult_y15_64,geo_cov_urb,2018,11.502
lux,sex_t,age_ythadult_y15_64,geo_cov_urb,2019,10.843
lux,sex_t,age_ythadult_y15_64,geo_cov_urb,2020,12.552
lux,sex_t,age_ythadult_y15_64,geo_cov_urb,2021,11.367
lux,sex_t,age_ythadult_y15_64,geo_cov_urb,2022,9.767
lux,sex_t,age_ythadult_y15_64,geo_cov_urb,2023,9.441
lux,sex_t,age_ythadult_y15_64,geo_cov_urb,2024,12.21
lux,sex_t,age_ythadult_yge15,geo_cov_nat,1998,3.686
lux,sex_t,age_ythadult_yge15,geo_cov_nat,1999,3.362
lux,sex_t,age_ythadult_yge15,geo_cov_nat,2000,3.478
lux,sex_t,age_ythadult_yge15,geo_cov_nat,2001,2.817
lux,sex_t,age_ythadult_yge15,geo_cov_nat,2002,3.202
lux,sex_t,age_ythadult_yge15,geo_cov_nat,2003,4.261
lux,sex_t,age_ythadult_yge15,geo_cov_nat,2004,5.437
lux,sex_t,age_ythadult_yge15,geo_cov_nat,2005,4.811
lux,sex_t,age_ythadult_yge15,geo_cov_nat,2006,5.093
lux,sex_t,age_ythadult_yge15,geo_cov_nat,2007,4.255
lux,sex_t,age_ythadult_yge15,geo_cov_nat,2008,5.872
lux,sex_t,age_ythadult_yge15,geo_cov_nat,2009,10.198
lux,sex_t,age_ythadult_yge15,geo_cov_nat,2010,9.15
lux,sex_t,age_ythadult_yge15,geo_cov_nat,2011,10.014
lux,sex_t,age_ythadult_yge15,geo_cov_nat,2012,10.04
lux,sex_t,age_ythadult_yge15,geo_cov_nat,2013,11.682
lux,sex_t,age_ythadult_yge15,geo_cov_nat,2014,11.617
lux,sex_t,age_ythadult_yge15,geo_cov_nat,2015,13.211
lux,sex_t,age_ythadult_yge15,geo_cov_nat,2016,12.415
lux,sex_t,age_ythadult_yge15,geo_cov_nat,2017,11.091
lux,sex_t,age_ythadult_yge15,geo_cov_nat,2018,10.759
lux,sex_t,age_ythadult_yge15,geo_cov_nat,2019,10.02
lux,sex_t,age_ythadult_yge15,geo_cov_nat,2020,11.641
lux,sex_t,age_ythadult_yge15,geo_cov_nat,2021,10.52
lux,sex_t,age_ythadult_yge15,geo_cov_nat,2022,8.894
lux,sex_t,age_ythadult_yge15,geo_cov_nat,2023,9.879
lux,sex_t,age_ythadult_yge15,geo_cov_nat,2024,11.466
lux,sex_t,age_ythadult_yge15,geo_cov_rur,1998,2.93
lux,sex_t,age_ythadult_yge15,geo_cov_rur,1999,2.946
lux,sex_t,age_ythadult_yge15,geo_cov_rur,2000,2.692
lux,sex_t,age_ythadult_yge15,geo_cov_rur,2001,3.786
lux,sex_t,age_ythadult_yge15,geo_cov_rur,2002,2.783
lux,sex_t,age_ythadult_yge15,geo_cov_rur,2003,3.892
lux,sex_t,age_ythadult_yge15,geo_cov_rur,2004,4.539
lux,sex_t,age_ythadult_yge15,geo_cov_rur,2005,4.112
lux,sex_t,age_ythadult_yge15,geo_cov_rur,2006,4.76
lux,sex_t,age_ythadult_yge15,geo_cov_rur,2007,3.946
lux,sex_t,age_ythadult_yge15,geo_cov_rur,2008,4.756
lux,sex_t,age_ythadult_yge15,geo_cov_rur,2009,9.885
lux,sex_t,age_ythadult_yge15,geo_cov_rur,2010,7.77
lux,sex_t,age_ythadult_yge15,geo_cov_rur,2011,9.98
lux,sex_t,age_ythadult_yge15,geo_cov_rur,2012,8.782
lux,sex_t,age_ythadult_yge15,geo_cov_rur,2013,10.746
lux,sex_t,age_ythadult_yge15,geo_cov_rur,2014,10.928
lux,sex_t,age_ythadult_yge15,geo_cov_rur,2015,11.278
lux,sex_t,age_ythadult_yge15,geo_cov_rur,2016,11.296
lux,sex_t,age_ythadult_yge15,geo_cov_rur,2017,9.773
lux,sex_t,age_ythadult_yge15,geo_cov_rur,2018,9.1
lux,sex_t,age_ythadult_yge15,geo_cov_rur,2019,8.376
lux,sex_t,age_ythadult_yge15,geo_cov_rur,2020,10.014
lux,sex_t,age_ythadult_yge15,geo_cov_rur,2021,9.092
lux,sex_t,age_ythadult_yge15,geo_cov_rur,2022,7.478
lux,sex_t,age_ythadult_yge15,geo_cov_rur,2023,10.385
lux,sex_t,age_ythadult_yge15,geo_cov_rur,2024,10.279
lux,sex_t,age_ythadult_yge15,geo_cov_urb,1998,3.91
lux,sex_t,age_ythadult_yge15,geo_cov_urb,1999,3.473
lux,sex_t,age_ythadult_yge15,geo_cov_urb,2000,3.705
lux,sex_t,age_ythadult_yge15,geo_cov_urb,2001,2.487
lux,sex_t,age_ythadult_yge15,geo_cov_urb,2002,3.334
lux,sex_t,age_ythadult_yge15,geo_cov_urb,2003,4.444
lux,sex_t,age_ythadult_yge15,geo_cov_urb,2004,5.889
lux,sex_t,age_ythadult_yge15,geo_cov_urb,2005,5.008
lux,sex_t,age_ythadult_yge15,geo_cov_urb,2006,5.187
lux,sex_t,age_ythadult_yge15,geo_cov_urb,2007,4.336
lux,sex_t,age_ythadult_yge15,geo_cov_urb,2008,6.178
lux,sex_t,age_ythadult_yge15,geo_cov_urb,2009,10.291
lux,sex_t,age_ythadult_yge15,geo_cov_urb,2010,9.539
lux,sex_t,age_ythadult_yge15,geo_cov_urb,2011,10.024
lux,sex_t,age_ythadult_yge15,geo_cov_urb,2012,10.686
lux,sex_t,age_ythadult_yge15,geo_cov_urb,2013,12.632
lux,sex_t,age_ythadult_yge15,geo_cov_urb,2014,12.305
lux,sex_t,age_ythadult_yge15,geo_cov_urb,2015,14.733
lux,sex_t,age_ythadult_yge15,geo_cov_urb,2016,13.663
lux,sex_t,age_ythadult_yge15,geo_cov_urb,2017,11.954
lux,sex_t,age_ythadult_yge15,geo_cov_urb,2018,11.722
lux,sex_t,age_ythadult_yge15,geo_cov_urb,2019,10.975
lux,sex_t,age_ythadult_yge15,geo_cov_urb,2020,12.634
lux,sex_t,age_ythadult_yge15,geo_cov_urb,2021,11.401
lux,sex_t,age_ythadult_yge15,geo_cov_urb,2022,9.765
lux,sex_t,age_ythadult_yge15,geo_cov_urb,2023,9.561
lux,sex_t,age_ythadult_yge15,geo_cov_urb,2024,12.155
lux,sex_t,age_ythadult_yge25,geo_cov_nat,1998,3.132
lux,sex_t,age_ythadult_yge25,geo_cov_nat,1999,2.718
lux,sex_t,age_ythadult_yge25,geo_cov_nat,2000,2.812
lux,sex_t,age_ythadult_yge25,geo_cov_nat,2001,2.267
lux,sex_t,age_ythadult_yge25,geo_cov_nat,2002,2.696
lux,sex_t,age_ythadult_yge25,geo_cov_nat,2003,3.597
lux,sex_t,age_ythadult_yge25,geo_cov_nat,2004,4.492
lux,sex_t,age_ythadult_yge25,geo_cov_nat,2005,4.082
lux,sex_t,age_ythadult_yge25,geo_cov_nat,2006,4.152
lux,sex_t,age_ythadult_yge25,geo_cov_nat,2007,3.466
lux,sex_t,age_ythadult_yge25,geo_cov_nat,2008,4.893
lux,sex_t,age_ythadult_yge25,geo_cov_nat,2009,8.343
lux,sex_t,age_ythadult_yge25,geo_cov_nat,2010,7.447
lux,sex_t,age_ythadult_yge25,geo_cov_nat,2011,8.461
lux,sex_t,age_ythadult_yge25,geo_cov_nat,2012,8.601
lux,sex_t,age_ythadult_yge25,geo_cov_nat,2013,10.205
lux,sex_t,age_ythadult_yge25,geo_cov_nat,2014,9.167
lux,sex_t,age_ythadult_yge25,geo_cov_nat,2015,10.287
lux,sex_t,age_ythadult_yge25,geo_cov_nat,2016,9.483
lux,sex_t,age_ythadult_yge25,geo_cov_nat,2017,8.325
lux,sex_t,age_ythadult_yge25,geo_cov_nat,2018,8.451
lux,sex_t,age_ythadult_yge25,geo_cov_nat,2019,7.513
lux,sex_t,age_ythadult_yge25,geo_cov_nat,2020,8.928
lux,sex_t,age_ythadult_yge25,geo_cov_nat,2021,7.619
lux,sex_t,age_ythadult_yge25,geo_cov_nat,2022,6.125
lux,sex_t,age_ythadult_yge25,geo_cov_nat,2023,7.208
lux,sex_t,age_ythadult_yge25,geo_cov_nat,2024,8.394
lux,sex_t,age_ythadult_yge25,geo_cov_rur,1998,2.575
lux,sex_t,age_ythadult_yge25,geo_cov_rur,1999,2.519
lux,sex_t,age_ythadult_yge25,geo_cov_rur,2000,2.19
lux,sex_t,age_ythadult_yge25,geo_cov_rur,2001,3.344
lux,sex_t,age_ythadult_yge25,geo_cov_rur,2002,2.435
lux,sex_t,age_ythadult_yge25,geo_cov_rur,2003,3.17
lux,sex_t,age_ythadult_yge25,geo_cov_rur,2004,3.655
lux,sex_t,age_ythadult_yge25,geo_cov_rur,2005,3.222
lux,sex_t,age_ythadult_yge25,geo_cov_rur,2006,3.868
lux,sex_t,age_ythadult_yge25,geo_cov_rur,2007,2.698
lux,sex_t,age_ythadult_yge25,geo_cov_rur,2008,4.15
lux,sex_t,age_ythadult_yge25,geo_cov_rur,2009,7.954
lux,sex_t,age_ythadult_yge25,geo_cov_rur,2010,6.641
lux,sex_t,age_ythadult_yge25,geo_cov_rur,2011,7.986
lux,sex_t,age_ythadult_yge25,geo_cov_rur,2012,7.406
lux,sex_t,age_ythadult_yge25,geo_cov_rur,2013,8.879
lux,sex_t,age_ythadult_yge25,geo_cov_rur,2014,8.805
lux,sex_t,age_ythadult_yge25,geo_cov_rur,2015,8.531
lux,sex_t,age_ythadult_yge25,geo_cov_rur,2016,8.633
lux,sex_t,age_ythadult_yge25,geo_cov_rur,2017,7.332
lux,sex_t,age_ythadult_yge25,geo_cov_rur,2018,6.723
lux,sex_t,age_ythadult_yge25,geo_cov_rur,2019,6.206
lux,sex_t,age_ythadult_yge25,geo_cov_rur,2020,7.672
lux,sex_t,age_ythadult_yge25,geo_cov_rur,2021,6.054
lux,sex_t,age_ythadult_yge25,geo_cov_rur,2022,4.526
lux,sex_t,age_ythadult_yge25,geo_cov_rur,2023,7.376
lux,sex_t,age_ythadult_yge25,geo_cov_rur,2024,7.126
lux,sex_t,age_ythadult_yge25,geo_cov_urb,1998,3.296
lux,sex_t,age_ythadult_yge25,geo_cov_urb,1999,2.772
lux,sex_t,age_ythadult_yge25,geo_cov_urb,2000,2.992
lux,sex_t,age_ythadult_yge25,geo_cov_urb,2001,1.899
lux,sex_t,age_ythadult_yge25,geo_cov_urb,2002,2.778
lux,sex_t,age_ythadult_yge25,geo_cov_urb,2003,3.807
lux,sex_t,age_ythadult_yge25,geo_cov_urb,2004,4.907
lux,sex_t,age_ythadult_yge25,geo_cov_urb,2005,4.321
lux,sex_t,age_ythadult_yge25,geo_cov_urb,2006,4.23
lux,sex_t,age_ythadult_yge25,geo_cov_urb,2007,3.664
lux,sex_t,age_ythadult_yge25,geo_cov_urb,2008,5.096
lux,sex_t,age_ythadult_yge25,geo_cov_urb,2009,8.459
lux,sex_t,age_ythadult_yge25,geo_cov_urb,2010,7.671
lux,sex_t,age_ythadult_yge25,geo_cov_urb,2011,8.589
lux,sex_t,age_ythadult_yge25,geo_cov_urb,2012,9.213
lux,sex_t,age_ythadult_yge25,geo_cov_urb,2013,11.525
lux,sex_t,age_ythadult_yge25,geo_cov_urb,2014,9.527
lux,sex_t,age_ythadult_yge25,geo_cov_urb,2015,11.669
lux,sex_t,age_ythadult_yge25,geo_cov_urb,2016,10.437
lux,sex_t,age_ythadult_yge25,geo_cov_urb,2017,8.964
lux,sex_t,age_ythadult_yge25,geo_cov_urb,2018,9.441
lux,sex_t,age_ythadult_yge25,geo_cov_urb,2019,8.271
lux,sex_t,age_ythadult_yge25,geo_cov_urb,2020,9.703
lux,sex_t,age_ythadult_yge25,geo_cov_urb,2021,8.561
lux,sex_t,age_ythadult_yge25,geo_cov_urb,2022,7.084
lux,sex_t,age_ythadult_yge25,geo_cov_urb,2023,7.104
lux,sex_t,age_ythadult_yge25,geo_cov_urb,2024,9.119
lva,sex_f,age_aggregate_total,geo_cov_nat,2001,19.21
lva,sex_f,age_aggregate_total,geo_cov_nat,2002,23.881
lva,sex_f,age_aggregate_total,geo_cov_nat,2003,22.464
lva,sex_f,age_aggregate_total,geo_cov_nat,2004,20.882
lva,sex_f,age_aggregate_total,geo_cov_nat,2005,17.976
lva,sex_f,age_aggregate_total,geo_cov_nat,2006,14.11
lva,sex_f,age_aggregate_total,geo_cov_nat,2007,12.19
lva,sex_f,age_aggregate_total,geo_cov_nat,2008,12.472
lva,sex_f,age_aggregate_total,geo_cov_nat,2009,21.034
lva,sex_f,age_aggregate_total,geo_cov_nat,2010,23.067
lva,sex_f,age_aggregate_total,geo_cov_nat,2011,20.832
lva,sex_f,age_aggregate_total,geo_cov_nat,2012,19.774
lva,sex_f,age_aggregate_total,geo_cov_nat,2013,17.049
lva,sex_f,age_aggregate_total,geo_cov_nat,2014,14.719
lva,sex_f,age_aggregate_total,geo_cov_nat,2015,13.072
lva,sex_f,age_aggregate_total,geo_cov_nat,2016,12.348
lva,sex_f,age_aggregate_total,geo_cov_nat,2017,11.378
lva,sex_f,age_aggregate_total,geo_cov_nat,2018,9.337
lva,sex_f,age_aggregate_total,geo_cov_nat,2019,8.46
lva,sex_f,age_aggregate_total,geo_cov_nat,2020,10.088
lva,sex_f,age_aggregate_total,geo_cov_nat,2021,9.997
lva,sex_f,age_aggregate_total,geo_cov_nat,2022,8.483
lva,sex_f,age_aggregate_total,geo_cov_nat,2023,8.05
lva,sex_f,age_aggregate_total,geo_cov_nat,2024,8.518
lva,sex_f,age_aggregate_total,geo_cov_rur,2001,20.442
lva,sex_f,age_aggregate_total,geo_cov_rur,2002,21.554
lva,sex_f,age_aggregate_total,geo_cov_rur,2003,22.108
lva,sex_f,age_aggregate_total,geo_cov_rur,2004,19.546
lva,sex_f,age_aggregate_total,geo_cov_rur,2005,17.887
lva,sex_f,age_aggregate_total,geo_cov_rur,2006,14.194
lva,sex_f,age_aggregate_total,geo_cov_rur,2007,12.591
lva,sex_f,age_aggregate_total,geo_cov_rur,2008,12.967
lva,sex_f,age_aggregate_total,geo_cov_rur,2009,20.795
lva,sex_f,age_aggregate_total,geo_cov_rur,2010,22.168
lva,sex_f,age_aggregate_total,geo_cov_rur,2011,20.253
lva,sex_f,age_aggregate_total,geo_cov_rur,2012,20.194
lva,sex_f,age_aggregate_total,geo_cov_rur,2013,19.076
lva,sex_f,age_aggregate_total,geo_cov_rur,2014,16.434
lva,sex_f,age_aggregate_total,geo_cov_rur,2015,14.533
lva,sex_f,age_aggregate_total,geo_cov_rur,2016,13.534
lva,sex_f,age_aggregate_total,geo_cov_rur,2017,13.627
lva,sex_f,age_aggregate_total,geo_cov_rur,2018,11.258
lva,sex_f,age_aggregate_total,geo_cov_rur,2019,10.291
lva,sex_f,age_aggregate_total,geo_cov_rur,2020,11.848
lva,sex_f,age_aggregate_total,geo_cov_rur,2021,9.925
lva,sex_f,age_aggregate_total,geo_cov_rur,2022,8.059
lva,sex_f,age_aggregate_total,geo_cov_rur,2023,9.403
lva,sex_f,age_aggregate_total,geo_cov_rur,2024,8.565
lva,sex_f,age_aggregate_total,geo_cov_urb,2001,17.943
lva,sex_f,age_aggregate_total,geo_cov_urb,2002,26.001
lva,sex_f,age_aggregate_total,geo_cov_urb,2003,22.774
lva,sex_f,age_aggregate_total,geo_cov_urb,2004,22.092
lva,sex_f,age_aggregate_total,geo_cov_urb,2005,18.061
lva,sex_f,age_aggregate_total,geo_cov_urb,2006,14.028
lva,sex_f,age_aggregate_total,geo_cov_urb,2007,11.828
lva,sex_f,age_aggregate_total,geo_cov_urb,2008,12.002
lva,sex_f,age_aggregate_total,geo_cov_urb,2009,21.263
lva,sex_f,age_aggregate_total,geo_cov_urb,2010,23.908
lva,sex_f,age_aggregate_total,geo_cov_urb,2011,21.382
lva,sex_f,age_aggregate_total,geo_cov_urb,2012,19.558
lva,sex_f,age_aggregate_total,geo_cov_urb,2013,16.007
lva,sex_f,age_aggregate_total,geo_cov_urb,2014,13.876
lva,sex_f,age_aggregate_total,geo_cov_urb,2015,12.34
lva,sex_f,age_aggregate_total,geo_cov_urb,2016,11.748
lva,sex_f,age_aggregate_total,geo_cov_urb,2017,10.336
lva,sex_f,age_aggregate_total,geo_cov_urb,2018,8.466
lva,sex_f,age_aggregate_total,geo_cov_urb,2019,7.657
lva,sex_f,age_aggregate_total,geo_cov_urb,2020,9.312
lva,sex_f,age_aggregate_total,geo_cov_urb,2021,10.028
lva,sex_f,age_aggregate_total,geo_cov_urb,2022,8.756
lva,sex_f,age_aggregate_total,geo_cov_urb,2023,7.236
lva,sex_f,age_aggregate_total,geo_cov_urb,2024,8.49
lva,sex_f,age_aggregate_y15_24,geo_cov_nat,2001,36.554
lva,sex_f,age_aggregate_y15_24,geo_cov_nat,2002,40.561
lva,sex_f,age_aggregate_y15_24,geo_cov_nat,2003,44.915
lva,sex_f,age_aggregate_y15_24,geo_cov_nat,2004,46.728
lva,sex_f,age_aggregate_y15_24,geo_cov_nat,2005,29.911
lva,sex_f,age_aggregate_y15_24,geo_cov_nat,2006,29.742
lva,sex_f,age_aggregate_y15_24,geo_cov_nat,2007,20.571
lva,sex_f,age_aggregate_y15_24,geo_cov_nat,2008,24.428
lva,sex_f,age_aggregate_y15_24,geo_cov_nat,2009,40.968
lva,sex_f,age_aggregate_y15_24,geo_cov_nat,2010,44.767
lva,sex_f,age_aggregate_y15_24,geo_cov_nat,2011,41.123
lva,sex_f,age_aggregate_y15_24,geo_cov_nat,2012,36.685
lva,sex_f,age_aggregate_y15_24,geo_cov_nat,2013,35.969
lva,sex_f,age_aggregate_y15_24,geo_cov_nat,2014,29.268
lva,sex_f,age_aggregate_y15_24,geo_cov_nat,2015,20.836
lva,sex_f,age_aggregate_y15_24,geo_cov_nat,2016,18.933
lva,sex_f,age_aggregate_y15_24,geo_cov_nat,2017,20.786
lva,sex_f,age_aggregate_y15_24,geo_cov_nat,2018,12.851
lva,sex_f,age_aggregate_y15_24,geo_cov_nat,2019,17.522
lva,sex_f,age_aggregate_y15_24,geo_cov_nat,2020,22.999
lva,sex_f,age_aggregate_y15_24,geo_cov_nat,2021,24.849
lva,sex_f,age_aggregate_y15_24,geo_cov_nat,2022,12.632
lva,sex_f,age_aggregate_y15_24,geo_cov_nat,2023,12.07
lva,sex_f,age_aggregate_y15_24,geo_cov_nat,2024,20.431
lva,sex_f,age_aggregate_y15_24,geo_cov_rur,2001,42.466
lva,sex_f,age_aggregate_y15_24,geo_cov_rur,2002,36.57
lva,sex_f,age_aggregate_y15_24,geo_cov_rur,2003,48.08
lva,sex_f,age_aggregate_y15_24,geo_cov_rur,2004,51.55
lva,sex_f,age_aggregate_y15_24,geo_cov_rur,2005,28.922
lva,sex_f,age_aggregate_y15_24,geo_cov_rur,2006,32.17
lva,sex_f,age_aggregate_y15_24,geo_cov_rur,2007,24.138
lva,sex_f,age_aggregate_y15_24,geo_cov_rur,2008,27.774
lva,sex_f,age_aggregate_y15_24,geo_cov_rur,2009,44.656
lva,sex_f,age_aggregate_y15_24,geo_cov_rur,2010,47.055
lva,sex_f,age_aggregate_y15_24,geo_cov_rur,2011,41.836
lva,sex_f,age_aggregate_y15_24,geo_cov_rur,2012,39.656
lva,sex_f,age_aggregate_y15_24,geo_cov_rur,2013,40.906
lva,sex_f,age_aggregate_y15_24,geo_cov_rur,2014,34.728
lva,sex_f,age_aggregate_y15_24,geo_cov_rur,2015,27.944
lva,sex_f,age_aggregate_y15_24,geo_cov_rur,2016,25.292
lva,sex_f,age_aggregate_y15_24,geo_cov_rur,2017,23.794
lva,sex_f,age_aggregate_y15_24,geo_cov_rur,2018,5.71
lva,sex_f,age_aggregate_y15_24,geo_cov_rur,2019,27.992
lva,sex_f,age_aggregate_y15_24,geo_cov_rur,2020,36.985
lva,sex_f,age_aggregate_y15_24,geo_cov_rur,2021,26.223
lva,sex_f,age_aggregate_y15_24,geo_cov_rur,2022,10.634
lva,sex_f,age_aggregate_y15_24,geo_cov_rur,2023,18.887
lva,sex_f,age_aggregate_y15_24,geo_cov_rur,2024,16.745
lva,sex_f,age_aggregate_y15_24,geo_cov_urb,2001,29.55
lva,sex_f,age_aggregate_y15_24,geo_cov_urb,2002,43.515
lva,sex_f,age_aggregate_y15_24,geo_cov_urb,2003,42.111
lva,sex_f,age_aggregate_y15_24,geo_cov_urb,2004,42.712
lva,sex_f,age_aggregate_y15_24,geo_cov_urb,2005,30.884
lva,sex_f,age_aggregate_y15_24,geo_cov_urb,2006,27.723
lva,sex_f,age_aggregate_y15_24,geo_cov_urb,2007,17.774
lva,sex_f,age_aggregate_y15_24,geo_cov_urb,2008,21.09
lva,sex_f,age_aggregate_y15_24,geo_cov_urb,2009,37.348
lva,sex_f,age_aggregate_y15_24,geo_cov_urb,2010,42.639
lva,sex_f,age_aggregate_y15_24,geo_cov_urb,2011,40.432
lva,sex_f,age_aggregate_y15_24,geo_cov_urb,2012,34.977
lva,sex_f,age_aggregate_y15_24,geo_cov_urb,2013,33.226
lva,sex_f,age_aggregate_y15_24,geo_cov_urb,2014,26.557
lva,sex_f,age_aggregate_y15_24,geo_cov_urb,2015,17.021
lva,sex_f,age_aggregate_y15_24,geo_cov_urb,2016,15.477
lva,sex_f,age_aggregate_y15_24,geo_cov_urb,2017,19.413
lva,sex_f,age_aggregate_y15_24,geo_cov_urb,2018,16.857
lva,sex_f,age_aggregate_y15_24,geo_cov_urb,2019,13.79
lva,sex_f,age_aggregate_y15_24,geo_cov_urb,2020,17.047
lva,sex_f,age_aggregate_y15_24,geo_cov_urb,2021,24.391
lva,sex_f,age_aggregate_y15_24,geo_cov_urb,2022,13.98
lva,sex_f,age_aggregate_y15_24,geo_cov_urb,2023,8.07
lva,sex_f,age_aggregate_y15_24,geo_cov_urb,2024,21.903
lva,sex_f,age_aggregate_y25_54,geo_cov_nat,2001,17.106
lva,sex_f,age_aggregate_y25_54,geo_cov_nat,2002,17.914
lva,sex_f,age_aggregate_y25_54,geo_cov_nat,2003,15.99
lva,sex_f,age_aggregate_y25_54,geo_cov_nat,2004,14.977
lva,sex_f,age_aggregate_y25_54,geo_cov_nat,2005,14.912
lva,sex_f,age_aggregate_y25_54,geo_cov_nat,2006,11.467
lva,sex_f,age_aggregate_y25_54,geo_cov_nat,2007,9.897
lva,sex_f,age_aggregate_y25_54,geo_cov_nat,2008,10.6
lva,sex_f,age_aggregate_y25_54,geo_cov_nat,2009,17.869
lva,sex_f,age_aggregate_y25_54,geo_cov_nat,2010,19.144
lva,sex_f,age_aggregate_y25_54,geo_cov_nat,2011,17.3
lva,sex_f,age_aggregate_y25_54,geo_cov_nat,2012,17.009
lva,sex_f,age_aggregate_y25_54,geo_cov_nat,2013,14.514
lva,sex_f,age_aggregate_y25_54,geo_cov_nat,2014,12.906
lva,sex_f,age_aggregate_y25_54,geo_cov_nat,2015,12.047
lva,sex_f,age_aggregate_y25_54,geo_cov_nat,2016,11.529
lva,sex_f,age_aggregate_y25_54,geo_cov_nat,2017,10.642
lva,sex_f,age_aggregate_y25_54,geo_cov_nat,2018,9.256
lva,sex_f,age_aggregate_y25_54,geo_cov_nat,2019,7.732
lva,sex_f,age_aggregate_y25_54,geo_cov_nat,2020,9.601
lva,sex_f,age_aggregate_y25_54,geo_cov_nat,2021,9.183
lva,sex_f,age_aggregate_y25_54,geo_cov_nat,2022,8.833
lva,sex_f,age_aggregate_y25_54,geo_cov_nat,2023,7.712
lva,sex_f,age_aggregate_y25_54,geo_cov_nat,2024,8.153
lva,sex_f,age_aggregate_y25_54,geo_cov_rur,2001,18.112
lva,sex_f,age_aggregate_y25_54,geo_cov_rur,2002,18.456
lva,sex_f,age_aggregate_y25_54,geo_cov_rur,2003,16.459
lva,sex_f,age_aggregate_y25_54,geo_cov_rur,2004,15.073
lva,sex_f,age_aggregate_y25_54,geo_cov_rur,2005,15.564
lva,sex_f,age_aggregate_y25_54,geo_cov_rur,2006,11.791
lva,sex_f,age_aggregate_y25_54,geo_cov_rur,2007,10.574
lva,sex_f,age_aggregate_y25_54,geo_cov_rur,2008,10.516
lva,sex_f,age_aggregate_y25_54,geo_cov_rur,2009,17.616
lva,sex_f,age_aggregate_y25_54,geo_cov_rur,2010,18.389
lva,sex_f,age_aggregate_y25_54,geo_cov_rur,2011,16.857
lva,sex_f,age_aggregate_y25_54,geo_cov_rur,2012,17.242
lva,sex_f,age_aggregate_y25_54,geo_cov_rur,2013,16.37
lva,sex_f,age_aggregate_y25_54,geo_cov_rur,2014,14.354
lva,sex_f,age_aggregate_y25_54,geo_cov_rur,2015,13.66
lva,sex_f,age_aggregate_y25_54,geo_cov_rur,2016,12.803
lva,sex_f,age_aggregate_y25_54,geo_cov_rur,2017,12.209
lva,sex_f,age_aggregate_y25_54,geo_cov_rur,2018,12.15
lva,sex_f,age_aggregate_y25_54,geo_cov_rur,2019,9.812
lva,sex_f,age_aggregate_y25_54,geo_cov_rur,2020,11.751
lva,sex_f,age_aggregate_y25_54,geo_cov_rur,2021,8.71
lva,sex_f,age_aggregate_y25_54,geo_cov_rur,2022,9.202
lva,sex_f,age_aggregate_y25_54,geo_cov_rur,2023,8.729
lva,sex_f,age_aggregate_y25_54,geo_cov_rur,2024,8.988
lva,sex_f,age_aggregate_y25_54,geo_cov_urb,2001,16.124
lva,sex_f,age_aggregate_y25_54,geo_cov_urb,2002,17.363
lva,sex_f,age_aggregate_y25_54,geo_cov_urb,2003,15.544
lva,sex_f,age_aggregate_y25_54,geo_cov_urb,2004,14.882
lva,sex_f,age_aggregate_y25_54,geo_cov_urb,2005,14.278
lva,sex_f,age_aggregate_y25_54,geo_cov_urb,2006,11.149
lva,sex_f,age_aggregate_y25_54,geo_cov_urb,2007,9.263
lva,sex_f,age_aggregate_y25_54,geo_cov_urb,2008,10.682
lva,sex_f,age_aggregate_y25_54,geo_cov_urb,2009,18.116
lva,sex_f,age_aggregate_y25_54,geo_cov_urb,2010,19.88
lva,sex_f,age_aggregate_y25_54,geo_cov_urb,2011,17.731
lva,sex_f,age_aggregate_y25_54,geo_cov_urb,2012,16.888
lva,sex_f,age_aggregate_y25_54,geo_cov_urb,2013,13.531
lva,sex_f,age_aggregate_y25_54,geo_cov_urb,2014,12.169
lva,sex_f,age_aggregate_y25_54,geo_cov_urb,2015,11.23
lva,sex_f,age_aggregate_y25_54,geo_cov_urb,2016,10.883
lva,sex_f,age_aggregate_y25_54,geo_cov_urb,2017,9.925
lva,sex_f,age_aggregate_y25_54,geo_cov_urb,2018,7.978
lva,sex_f,age_aggregate_y25_54,geo_cov_urb,2019,6.806
lva,sex_f,age_aggregate_y25_54,geo_cov_urb,2020,8.673
lva,sex_f,age_aggregate_y25_54,geo_cov_urb,2021,9.384
lva,sex_f,age_aggregate_y25_54,geo_cov_urb,2022,8.605
lva,sex_f,age_aggregate_y25_54,geo_cov_urb,2023,7.122
lva,sex_f,age_aggregate_y25_54,geo_cov_urb,2024,7.661
lva,sex_f,age_aggregate_y55_64,geo_cov_nat,2001,19.07
lva,sex_f,age_aggregate_y55_64,geo_cov_nat,2002,31.558
lva,sex_f,age_aggregate_y55_64,geo_cov_nat,2003,29.296
lva,sex_f,age_aggregate_y55_64,geo_cov_nat,2004,25.788
lva,sex_f,age_aggregate_y55_64,geo_cov_nat,2005,21.278
lva,sex_f,age_aggregate_y55_64,geo_cov_nat,2006,14.896
lva,sex_f,age_aggregate_y55_64,geo_cov_nat,2007,13.76
lva,sex_f,age_aggregate_y55_64,geo_cov_nat,2008,11.481
lva,sex_f,age_aggregate_y55_64,geo_cov_nat,2009,19.773
lva,sex_f,age_aggregate_y55_64,geo_cov_nat,2010,23.987
lva,sex_f,age_aggregate_y55_64,geo_cov_nat,2011,22.492
lva,sex_f,age_aggregate_y55_64,geo_cov_nat,2012,21.365
lva,sex_f,age_aggregate_y55_64,geo_cov_nat,2013,17.423
lva,sex_f,age_aggregate_y55_64,geo_cov_nat,2014,15.286
lva,sex_f,age_aggregate_y55_64,geo_cov_nat,2015,12.785
lva,sex_f,age_aggregate_y55_64,geo_cov_nat,2016,12.074
lva,sex_f,age_aggregate_y55_64,geo_cov_nat,2017,11.142
lva,sex_f,age_aggregate_y55_64,geo_cov_nat,2018,9.854
lva,sex_f,age_aggregate_y55_64,geo_cov_nat,2019,7.961
lva,sex_f,age_aggregate_y55_64,geo_cov_nat,2020,9.514
lva,sex_f,age_aggregate_y55_64,geo_cov_nat,2021,10.023
lva,sex_f,age_aggregate_y55_64,geo_cov_nat,2022,7.281
lva,sex_f,age_aggregate_y55_64,geo_cov_nat,2023,8.062
lva,sex_f,age_aggregate_y55_64,geo_cov_nat,2024,7.446
lva,sex_f,age_aggregate_y55_64,geo_cov_rur,2001,17.317
lva,sex_f,age_aggregate_y55_64,geo_cov_rur,2002,22.804
lva,sex_f,age_aggregate_y55_64,geo_cov_rur,2003,27.46
lva,sex_f,age_aggregate_y55_64,geo_cov_rur,2004,20.892
lva,sex_f,age_aggregate_y55_64,geo_cov_rur,2005,20.271
lva,sex_f,age_aggregate_y55_64,geo_cov_rur,2006,14.555
lva,sex_f,age_aggregate_y55_64,geo_cov_rur,2007,14.464
lva,sex_f,age_aggregate_y55_64,geo_cov_rur,2008,13.579
lva,sex_f,age_aggregate_y55_64,geo_cov_rur,2009,17.793
lva,sex_f,age_aggregate_y55_64,geo_cov_rur,2010,22.012
lva,sex_f,age_aggregate_y55_64,geo_cov_rur,2011,23.939
lva,sex_f,age_aggregate_y55_64,geo_cov_rur,2012,21.937
lva,sex_f,age_aggregate_y55_64,geo_cov_rur,2013,19.497
lva,sex_f,age_aggregate_y55_64,geo_cov_rur,2014,17.31
lva,sex_f,age_aggregate_y55_64,geo_cov_rur,2015,12.772
lva,sex_f,age_aggregate_y55_64,geo_cov_rur,2016,12.502
lva,sex_f,age_aggregate_y55_64,geo_cov_rur,2017,15.452
lva,sex_f,age_aggregate_y55_64,geo_cov_rur,2018,10.683
lva,sex_f,age_aggregate_y55_64,geo_cov_rur,2019,8.684
lva,sex_f,age_aggregate_y55_64,geo_cov_rur,2020,8.046
lva,sex_f,age_aggregate_y55_64,geo_cov_rur,2021,11.278
lva,sex_f,age_aggregate_y55_64,geo_cov_rur,2022,5.609
lva,sex_f,age_aggregate_y55_64,geo_cov_rur,2023,8.891
lva,sex_f,age_aggregate_y55_64,geo_cov_rur,2024,5.964
lva,sex_f,age_aggregate_y55_64,geo_cov_urb,2001,21.032
lva,sex_f,age_aggregate_y55_64,geo_cov_urb,2002,38.258
lva,sex_f,age_aggregate_y55_64,geo_cov_urb,2003,30.42
lva,sex_f,age_aggregate_y55_64,geo_cov_urb,2004,29.127
lva,sex_f,age_aggregate_y55_64,geo_cov_urb,2005,22.189
lva,sex_f,age_aggregate_y55_64,geo_cov_urb,2006,15.238
lva,sex_f,age_aggregate_y55_64,geo_cov_urb,2007,13.141
lva,sex_f,age_aggregate_y55_64,geo_cov_urb,2008,9.7
lva,sex_f,age_aggregate_y55_64,geo_cov_urb,2009,21.567
lva,sex_f,age_aggregate_y55_64,geo_cov_urb,2010,25.587
lva,sex_f,age_aggregate_y55_64,geo_cov_urb,2011,21.174
lva,sex_f,age_aggregate_y55_64,geo_cov_urb,2012,21.093
lva,sex_f,age_aggregate_y55_64,geo_cov_urb,2013,16.457
lva,sex_f,age_aggregate_y55_64,geo_cov_urb,2014,14.385
lva,sex_f,age_aggregate_y55_64,geo_cov_urb,2015,12.792
lva,sex_f,age_aggregate_y55_64,geo_cov_urb,2016,11.854
lva,sex_f,age_aggregate_y55_64,geo_cov_urb,2017,8.939
lva,sex_f,age_aggregate_y55_64,geo_cov_urb,2018,9.435
lva,sex_f,age_aggregate_y55_64,geo_cov_urb,2019,7.612
lva,sex_f,age_aggregate_y55_64,geo_cov_urb,2020,10.23
lva,sex_f,age_aggregate_y55_64,geo_cov_urb,2021,9.407
lva,sex_f,age_aggregate_y55_64,geo_cov_urb,2022,8.524
lva,sex_f,age_aggregate_y55_64,geo_cov_urb,2023,7.431
lva,sex_f,age_aggregate_y55_64,geo_cov_urb,2024,8.469
lva,sex_f,age_aggregate_yge65,geo_cov_nat,2001,9.728
lva,sex_f,age_aggregate_yge65,geo_cov_nat,2002,54.862
lva,sex_f,age_aggregate_yge65,geo_cov_nat,2003,52.398
lva,sex_f,age_aggregate_yge65,geo_cov_nat,2004,33.606
lva,sex_f,age_aggregate_yge65,geo_cov_nat,2005,30.834
lva,sex_f,age_aggregate_yge65,geo_cov_nat,2006,12.281
lva,sex_f,age_aggregate_yge65,geo_cov_nat,2007,21.099
lva,sex_f,age_aggregate_yge65,geo_cov_nat,2008,14.113
lva,sex_f,age_aggregate_yge65,geo_cov_nat,2009,25.413
lva,sex_f,age_aggregate_yge65,geo_cov_nat,2010,31.155
lva,sex_f,age_aggregate_yge65,geo_cov_nat,2011,31.182
lva,sex_f,age_aggregate_yge65,geo_cov_nat,2012,25.745
lva,sex_f,age_aggregate_yge65,geo_cov_nat,2013,18.192
lva,sex_f,age_aggregate_yge65,geo_cov_nat,2014,15.078
lva,sex_f,age_aggregate_yge65,geo_cov_nat,2015,18.092
lva,sex_f,age_aggregate_yge65,geo_cov_nat,2016,16.301
lva,sex_f,age_aggregate_yge65,geo_cov_nat,2017,9.535
lva,sex_f,age_aggregate_yge65,geo_cov_nat,2018,3.782
lva,sex_f,age_aggregate_yge65,geo_cov_nat,2019,9.71
lva,sex_f,age_aggregate_yge65,geo_cov_nat,2020,4.557
lva,sex_f,age_aggregate_yge65,geo_cov_nat,2021,4.145
lva,sex_f,age_aggregate_yge65,geo_cov_nat,2022,5.045
lva,sex_f,age_aggregate_yge65,geo_cov_nat,2023,7.573
lva,sex_f,age_aggregate_yge65,geo_cov_nat,2024,3.994
lva,sex_f,age_aggregate_yge65,geo_cov_rur,2002,46.478
lva,sex_f,age_aggregate_yge65,geo_cov_rur,2003,42.354
lva,sex_f,age_aggregate_yge65,geo_cov_rur,2005,21.959
lva,sex_f,age_aggregate_yge65,geo_cov_rur,2006,7.67
lva,sex_f,age_aggregate_yge65,geo_cov_rur,2007,10.739
lva,sex_f,age_aggregate_yge65,geo_cov_rur,2008,10.258
lva,sex_f,age_aggregate_yge65,geo_cov_rur,2009,20.335
lva,sex_f,age_aggregate_yge65,geo_cov_rur,2010,23.326
lva,sex_f,age_aggregate_yge65,geo_cov_rur,2011,12.034
lva,sex_f,age_aggregate_yge65,geo_cov_rur,2012,18.894
lva,sex_f,age_aggregate_yge65,geo_cov_rur,2013,12.699
lva,sex_f,age_aggregate_yge65,geo_cov_rur,2014,12.25
lva,sex_f,age_aggregate_yge65,geo_cov_rur,2015,10.472
lva,sex_f,age_aggregate_yge65,geo_cov_rur,2016,9.566
lva,sex_f,age_aggregate_yge65,geo_cov_rur,2017,10.392
lva,sex_f,age_aggregate_yge65,geo_cov_urb,2001,16.483
lva,sex_f,age_aggregate_yge65,geo_cov_urb,2002,58.333
lva,sex_f,age_aggregate_yge65,geo_cov_urb,2003,57.628
lva,sex_f,age_aggregate_yge65,geo_cov_urb,2004,47.279
lva,sex_f,age_aggregate_yge65,geo_cov_urb,2005,38.409
lva,sex_f,age_aggregate_yge65,geo_cov_urb,2006,17.909
lva,sex_f,age_aggregate_yge65,geo_cov_urb,2007,29.54
lva,sex_f,age_aggregate_yge65,geo_cov_urb,2008,17.284
lva,sex_f,age_aggregate_yge65,geo_cov_urb,2009,29.27
lva,sex_f,age_aggregate_yge65,geo_cov_urb,2010,36.825
lva,sex_f,age_aggregate_yge65,geo_cov_urb,2011,44.733
lva,sex_f,age_aggregate_yge65,geo_cov_urb,2012,28.668
lva,sex_f,age_aggregate_yge65,geo_cov_urb,2013,20.133
lva,sex_f,age_aggregate_yge65,geo_cov_urb,2014,16.257
lva,sex_f,age_aggregate_yge65,geo_cov_urb,2015,20.923
lva,sex_f,age_aggregate_yge65,geo_cov_urb,2016,19.075
lva,sex_f,age_aggregate_yge65,geo_cov_urb,2017,9.238
lva,sex_f,age_aggregate_yge65,geo_cov_urb,2019,11.148
lva,sex_f,age_aggregate_yge65,geo_cov_urb,2020,5.408
lva,sex_f,age_aggregate_yge65,geo_cov_urb,2022,6.259
lva,sex_f,age_aggregate_yge65,geo_cov_urb,2023,7.005
lva,sex_f,age_ythadult_y15_24,geo_cov_nat,2001,36.554
lva,sex_f,age_ythadult_y15_24,geo_cov_nat,2002,40.561
lva,sex_f,age_ythadult_y15_24,geo_cov_nat,2003,44.915
lva,sex_f,age_ythadult_y15_24,geo_cov_nat,2004,46.728
lva,sex_f,age_ythadult_y15_24,geo_cov_nat,2005,29.911
lva,sex_f,age_ythadult_y15_24,geo_cov_nat,2006,29.742
lva,sex_f,age_ythadult_y15_24,geo_cov_nat,2007,20.571
lva,sex_f,age_ythadult_y15_24,geo_cov_nat,2008,24.428
lva,sex_f,age_ythadult_y15_24,geo_cov_nat,2009,40.968
lva,sex_f,age_ythadult_y15_24,geo_cov_nat,2010,44.767
lva,sex_f,age_ythadult_y15_24,geo_cov_nat,2011,41.123
lva,sex_f,age_ythadult_y15_24,geo_cov_nat,2012,36.685
lva,sex_f,age_ythadult_y15_24,geo_cov_nat,2013,35.969
lva,sex_f,age_ythadult_y15_24,geo_cov_nat,2014,29.268
lva,sex_f,age_ythadult_y15_24,geo_cov_nat,2015,20.836
lva,sex_f,age_ythadult_y15_24,geo_cov_nat,2016,18.933
lva,sex_f,age_ythadult_y15_24,geo_cov_nat,2017,20.786
lva,sex_f,age_ythadult_y15_24,geo_cov_nat,2018,12.851
lva,sex_f,age_ythadult_y15_24,geo_cov_nat,2019,17.522
lva,sex_f,age_ythadult_y15_24,geo_cov_nat,2020,22.999
lva,sex_f,age_ythadult_y15_24,geo_cov_nat,2021,24.849
lva,sex_f,age_ythadult_y15_24,geo_cov_nat,2022,12.632
lva,sex_f,age_ythadult_y15_24,geo_cov_nat,2023,12.07
lva,sex_f,age_ythadult_y15_24,geo_cov_nat,2024,20.431
lva,sex_f,age_ythadult_y15_24,geo_cov_rur,2001,42.466
lva,sex_f,age_ythadult_y15_24,geo_cov_rur,2002,36.57
lva,sex_f,age_ythadult_y15_24,geo_cov_rur,2003,48.08
lva,sex_f,age_ythadult_y15_24,geo_cov_rur,2004,51.55
lva,sex_f,age_ythadult_y15_24,geo_cov_rur,2005,28.922
lva,sex_f,age_ythadult_y15_24,geo_cov_rur,2006,32.17
lva,sex_f,age_ythadult_y15_24,geo_cov_rur,2007,24.138
lva,sex_f,age_ythadult_y15_24,geo_cov_rur,2008,27.774
lva,sex_f,age_ythadult_y15_24,geo_cov_rur,2009,44.656
lva,sex_f,age_ythadult_y15_24,geo_cov_rur,2010,47.055
lva,sex_f,age_ythadult_y15_24,geo_cov_rur,2011,41.836
lva,sex_f,age_ythadult_y15_24,geo_cov_rur,2012,39.656
lva,sex_f,age_ythadult_y15_24,geo_cov_rur,2013,40.906
lva,sex_f,age_ythadult_y15_24,geo_cov_rur,2014,34.728
lva,sex_f,age_ythadult_y15_24,geo_cov_rur,2015,27.944
lva,sex_f,age_ythadult_y15_24,geo_cov_rur,2016,25.292
lva,sex_f,age_ythadult_y15_24,geo_cov_rur,2017,23.794
lva,sex_f,age_ythadult_y15_24,geo_cov_rur,2018,5.71
lva,sex_f,age_ythadult_y15_24,geo_cov_rur,2019,27.992
lva,sex_f,age_ythadult_y15_24,geo_cov_rur,2020,36.985
lva,sex_f,age_ythadult_y15_24,geo_cov_rur,2021,26.223
lva,sex_f,age_ythadult_y15_24,geo_cov_rur,2022,10.634
lva,sex_f,age_ythadult_y15_24,geo_cov_rur,2023,18.887
lva,sex_f,age_ythadult_y15_24,geo_cov_rur,2024,16.745
lva,sex_f,age_ythadult_y15_24,geo_cov_urb,2001,29.55
lva,sex_f,age_ythadult_y15_24,geo_cov_urb,2002,43.515
lva,sex_f,age_ythadult_y15_24,geo_cov_urb,2003,42.111
lva,sex_f,age_ythadult_y15_24,geo_cov_urb,2004,42.712
lva,sex_f,age_ythadult_y15_24,geo_cov_urb,2005,30.884
lva,sex_f,age_ythadult_y15_24,geo_cov_urb,2006,27.723
lva,sex_f,age_ythadult_y15_24,geo_cov_urb,2007,17.774
lva,sex_f,age_ythadult_y15_24,geo_cov_urb,2008,21.09
lva,sex_f,age_ythadult_y15_24,geo_cov_urb,2009,37.348
lva,sex_f,age_ythadult_y15_24,geo_cov_urb,2010,42.639
lva,sex_f,age_ythadult_y15_24,geo_cov_urb,2011,40.432
lva,sex_f,age_ythadult_y15_24,geo_cov_urb,2012,34.977
lva,sex_f,age_ythadult_y15_24,geo_cov_urb,2013,33.226
lva,sex_f,age_ythadult_y15_24,geo_cov_urb,2014,26.557
lva,sex_f,age_ythadult_y15_24,geo_cov_urb,2015,17.021
lva,sex_f,age_ythadult_y15_24,geo_cov_urb,2016,15.477
lva,sex_f,age_ythadult_y15_24,geo_cov_urb,2017,19.413
lva,sex_f,age_ythadult_y15_24,geo_cov_urb,2018,16.857
lva,sex_f,age_ythadult_y15_24,geo_cov_urb,2019,13.79
lva,sex_f,age_ythadult_y15_24,geo_cov_urb,2020,17.047
lva,sex_f,age_ythadult_y15_24,geo_cov_urb,2021,24.391
lva,sex_f,age_ythadult_y15_24,geo_cov_urb,2022,13.98
lva,sex_f,age_ythadult_y15_24,geo_cov_urb,2023,8.07
lva,sex_f,age_ythadult_y15_24,geo_cov_urb,2024,21.903
lva,sex_f,age_ythadult_y15_64,geo_cov_nat,2001,19.44
lva,sex_f,age_ythadult_y15_64,geo_cov_nat,2002,22.524
lva,sex_f,age_ythadult_y15_64,geo_cov_nat,2003,21.36
lva,sex_f,age_ythadult_y15_64,geo_cov_nat,2004,20.311
lva,sex_f,age_ythadult_y15_64,geo_cov_nat,2005,17.537
lva,sex_f,age_ythadult_y15_64,geo_cov_nat,2006,14.182
lva,sex_f,age_ythadult_y15_64,geo_cov_nat,2007,11.777
lva,sex_f,age_ythadult_y15_64,geo_cov_nat,2008,12.397
lva,sex_f,age_ythadult_y15_64,geo_cov_nat,2009,20.859
lva,sex_f,age_ythadult_y15_64,geo_cov_nat,2010,22.806
lva,sex_f,age_ythadult_y15_64,geo_cov_nat,2011,20.506
lva,sex_f,age_ythadult_y15_64,geo_cov_nat,2012,19.583
lva,sex_f,age_ythadult_y15_64,geo_cov_nat,2013,17.009
lva,sex_f,age_ythadult_y15_64,geo_cov_nat,2014,14.707
lva,sex_f,age_ythadult_y15_64,geo_cov_nat,2015,12.885
lva,sex_f,age_ythadult_y15_64,geo_cov_nat,2016,12.178
lva,sex_f,age_ythadult_y15_64,geo_cov_nat,2017,11.456
lva,sex_f,age_ythadult_y15_64,geo_cov_nat,2018,9.608
lva,sex_f,age_ythadult_y15_64,geo_cov_nat,2019,8.395
lva,sex_f,age_ythadult_y15_64,geo_cov_nat,2020,10.389
lva,sex_f,age_ythadult_y15_64,geo_cov_nat,2021,10.363
lva,sex_f,age_ythadult_y15_64,geo_cov_nat,2022,8.709
lva,sex_f,age_ythadult_y15_64,geo_cov_nat,2023,8.086
lva,sex_f,age_ythadult_y15_64,geo_cov_nat,2024,8.874
lva,sex_f,age_ythadult_y15_64,geo_cov_rur,2001,20.896
lva,sex_f,age_ythadult_y15_64,geo_cov_rur,2002,20.895
lva,sex_f,age_ythadult_y15_64,geo_cov_rur,2003,21.565
lva,sex_f,age_ythadult_y15_64,geo_cov_rur,2004,19.9
lva,sex_f,age_ythadult_y15_64,geo_cov_rur,2005,17.757
lva,sex_f,age_ythadult_y15_64,geo_cov_rur,2006,14.482
lva,sex_f,age_ythadult_y15_64,geo_cov_rur,2007,12.672
lva,sex_f,age_ythadult_y15_64,geo_cov_rur,2008,13.081
lva,sex_f,age_ythadult_y15_64,geo_cov_rur,2009,20.811
lva,sex_f,age_ythadult_y15_64,geo_cov_rur,2010,22.135
lva,sex_f,age_ythadult_y15_64,geo_cov_rur,2011,20.473
lva,sex_f,age_ythadult_y15_64,geo_cov_rur,2012,20.231
lva,sex_f,age_ythadult_y15_64,geo_cov_rur,2013,19.245
lva,sex_f,age_ythadult_y15_64,geo_cov_rur,2014,16.56
lva,sex_f,age_ythadult_y15_64,geo_cov_rur,2015,14.654
lva,sex_f,age_ythadult_y15_64,geo_cov_rur,2016,13.681
lva,sex_f,age_ythadult_y15_64,geo_cov_rur,2017,13.738
lva,sex_f,age_ythadult_y15_64,geo_cov_rur,2018,11.358
lva,sex_f,age_ythadult_y15_64,geo_cov_rur,2019,10.501
lva,sex_f,age_ythadult_y15_64,geo_cov_rur,2020,12.315
lva,sex_f,age_ythadult_y15_64,geo_cov_rur,2021,10.282
lva,sex_f,age_ythadult_y15_64,geo_cov_rur,2022,8.374
lva,sex_f,age_ythadult_y15_64,geo_cov_rur,2023,9.424
lva,sex_f,age_ythadult_y15_64,geo_cov_rur,2024,8.615
lva,sex_f,age_ythadult_y15_64,geo_cov_urb,2001,17.966
lva,sex_f,age_ythadult_y15_64,geo_cov_urb,2002,24.058
lva,sex_f,age_ythadult_y15_64,geo_cov_urb,2003,21.178
lva,sex_f,age_ythadult_y15_64,geo_cov_urb,2004,20.691
lva,sex_f,age_ythadult_y15_64,geo_cov_urb,2005,17.326
lva,sex_f,age_ythadult_y15_64,geo_cov_urb,2006,13.892
lva,sex_f,age_ythadult_y15_64,geo_cov_urb,2007,10.965
lva,sex_f,age_ythadult_y15_64,geo_cov_urb,2008,11.744
lva,sex_f,age_ythadult_y15_64,geo_cov_urb,2009,20.906
lva,sex_f,age_ythadult_y15_64,geo_cov_urb,2010,23.438
lva,sex_f,age_ythadult_y15_64,geo_cov_urb,2011,20.537
lva,sex_f,age_ythadult_y15_64,geo_cov_urb,2012,19.249
lva,sex_f,age_ythadult_y15_64,geo_cov_urb,2013,15.847
lva,sex_f,age_ythadult_y15_64,geo_cov_urb,2014,13.79
lva,sex_f,age_ythadult_y15_64,geo_cov_urb,2015,11.989
lva,sex_f,age_ythadult_y15_64,geo_cov_urb,2016,11.41
lva,sex_f,age_ythadult_y15_64,geo_cov_urb,2017,10.387
lva,sex_f,age_ythadult_y15_64,geo_cov_urb,2018,8.8
lva,sex_f,age_ythadult_y15_64,geo_cov_urb,2019,7.452
lva,sex_f,age_ythadult_y15_64,geo_cov_urb,2020,9.533
lva,sex_f,age_ythadult_y15_64,geo_cov_urb,2021,10.398
lva,sex_f,age_ythadult_y15_64,geo_cov_urb,2022,8.926
lva,sex_f,age_ythadult_y15_64,geo_cov_urb,2023,7.256
lva,sex_f,age_ythadult_y15_64,geo_cov_urb,2024,9.029
lva,sex_f,age_ythadult_yge15,geo_cov_nat,2001,19.21
lva,sex_f,age_ythadult_yge15,geo_cov_nat,2002,23.881
lva,sex_f,age_ythadult_yge15,geo_cov_nat,2003,22.464
lva,sex_f,age_ythadult_yge15,geo_cov_nat,2004,20.882
lva,sex_f,age_ythadult_yge15,geo_cov_nat,2005,17.976
lva,sex_f,age_ythadult_yge15,geo_cov_nat,2006,14.11
lva,sex_f,age_ythadult_yge15,geo_cov_nat,2007,12.19
lva,sex_f,age_ythadult_yge15,geo_cov_nat,2008,12.472
lva,sex_f,age_ythadult_yge15,geo_cov_nat,2009,21.034
lva,sex_f,age_ythadult_yge15,geo_cov_nat,2010,23.067
lva,sex_f,age_ythadult_yge15,geo_cov_nat,2011,20.832
lva,sex_f,age_ythadult_yge15,geo_cov_nat,2012,19.774
lva,sex_f,age_ythadult_yge15,geo_cov_nat,2013,17.049
lva,sex_f,age_ythadult_yge15,geo_cov_nat,2014,14.719
lva,sex_f,age_ythadult_yge15,geo_cov_nat,2015,13.072
lva,sex_f,age_ythadult_yge15,geo_cov_nat,2016,12.348
lva,sex_f,age_ythadult_yge15,geo_cov_nat,2017,11.378
lva,sex_f,age_ythadult_yge15,geo_cov_nat,2018,9.337
lva,sex_f,age_ythadult_yge15,geo_cov_nat,2019,8.46
lva,sex_f,age_ythadult_yge15,geo_cov_nat,2020,10.088
lva,sex_f,age_ythadult_yge15,geo_cov_nat,2021,9.997
lva,sex_f,age_ythadult_yge15,geo_cov_nat,2022,8.483
lva,sex_f,age_ythadult_yge15,geo_cov_nat,2023,8.05
lva,sex_f,age_ythadult_yge15,geo_cov_nat,2024,8.518
lva,sex_f,age_ythadult_yge15,geo_cov_rur,2001,20.442
lva,sex_f,age_ythadult_yge15,geo_cov_rur,2002,21.554
lva,sex_f,age_ythadult_yge15,geo_cov_rur,2003,22.108
lva,sex_f,age_ythadult_yge15,geo_cov_rur,2004,19.546
lva,sex_f,age_ythadult_yge15,geo_cov_rur,2005,17.887
lva,sex_f,age_ythadult_yge15,geo_cov_rur,2006,14.194
lva,sex_f,age_ythadult_yge15,geo_cov_rur,2007,12.591
lva,sex_f,age_ythadult_yge15,geo_cov_rur,2008,12.967
lva,sex_f,age_ythadult_yge15,geo_cov_rur,2009,20.795
lva,sex_f,age_ythadult_yge15,geo_cov_rur,2010,22.168
lva,sex_f,age_ythadult_yge15,geo_cov_rur,2011,20.253
lva,sex_f,age_ythadult_yge15,geo_cov_rur,2012,20.194
lva,sex_f,age_ythadult_yge15,geo_cov_rur,2013,19.076
lva,sex_f,age_ythadult_yge15,geo_cov_rur,2014,16.434
lva,sex_f,age_ythadult_yge15,geo_cov_rur,2015,14.533
lva,sex_f,age_ythadult_yge15,geo_cov_rur,2016,13.534
lva,sex_f,age_ythadult_yge15,geo_cov_rur,2017,13.627
lva,sex_f,age_ythadult_yge15,geo_cov_rur,2018,11.258
lva,sex_f,age_ythadult_yge15,geo_cov_rur,2019,10.291
lva,sex_f,age_ythadult_yge15,geo_cov_rur,2020,11.848
lva,sex_f,age_ythadult_yge15,geo_cov_rur,2021,9.925
lva,sex_f,age_ythadult_yge15,geo_cov_rur,2022,8.059
lva,sex_f,age_ythadult_yge15,geo_cov_rur,2023,9.403
lva,sex_f,age_ythadult_yge15,geo_cov_rur,2024,8.565
lva,sex_f,age_ythadult_yge15,geo_cov_urb,2001,17.943
lva,sex_f,age_ythadult_yge15,geo_cov_urb,2002,26.001
lva,sex_f,age_ythadult_yge15,geo_cov_urb,2003,22.774
lva,sex_f,age_ythadult_yge15,geo_cov_urb,2004,22.092
lva,sex_f,age_ythadult_yge15,geo_cov_urb,2005,18.061
lva,sex_f,age_ythadult_yge15,geo_cov_urb,2006,14.028
lva,sex_f,age_ythadult_yge15,geo_cov_urb,2007,11.828
lva,sex_f,age_ythadult_yge15,geo_cov_urb,2008,12.002
lva,sex_f,age_ythadult_yge15,geo_cov_urb,2009,21.263
lva,sex_f,age_ythadult_yge15,geo_cov_urb,2010,23.908
lva,sex_f,age_ythadult_yge15,geo_cov_urb,2011,21.382
lva,sex_f,age_ythadult_yge15,geo_cov_urb,2012,19.558
lva,sex_f,age_ythadult_yge15,geo_cov_urb,2013,16.007
lva,sex_f,age_ythadult_yge15,geo_cov_urb,2014,13.876
lva,sex_f,age_ythadult_yge15,geo_cov_urb,2015,12.34
lva,sex_f,age_ythadult_yge15,geo_cov_urb,2016,11.748
lva,sex_f,age_ythadult_yge15,geo_cov_urb,2017,10.336
lva,sex_f,age_ythadult_yge15,geo_cov_urb,2018,8.466
lva,sex_f,age_ythadult_yge15,geo_cov_urb,2019,7.657
lva,sex_f,age_ythadult_yge15,geo_cov_urb,2020,9.312
lva,sex_f,age_ythadult_yge15,geo_cov_urb,2021,10.028
lva,sex_f,age_ythadult_yge15,geo_cov_urb,2022,8.756
lva,sex_f,age_ythadult_yge15,geo_cov_urb,2023,7.236
lva,sex_f,age_ythadult_yge15,geo_cov_urb,2024,8.49
lva,sex_f,age_ythadult_yge25,geo_cov_nat,2001,17.136
lva,sex_f,age_ythadult_yge25,geo_cov_nat,2002,21.732
lva,sex_f,age_ythadult_yge25,geo_cov_nat,2003,19.408
lva,sex_f,age_ythadult_yge25,geo_cov_nat,2004,17.538
lva,sex_f,age_ythadult_yge25,geo_cov_nat,2005,16.518
lva,sex_f,age_ythadult_yge25,geo_cov_nat,2006,12.049
lva,sex_f,age_ythadult_yge25,geo_cov_nat,2007,11.104
lva,sex_f,age_ythadult_yge25,geo_cov_nat,2008,10.921
lva,sex_f,age_ythadult_yge25,geo_cov_nat,2009,18.523
lva,sex_f,age_ythadult_yge25,geo_cov_nat,2010,20.401
lva,sex_f,age_ythadult_yge25,geo_cov_nat,2011,18.703
lva,sex_f,age_ythadult_yge25,geo_cov_nat,2012,18.132
lva,sex_f,age_ythadult_yge25,geo_cov_nat,2013,15.214
lva,sex_f,age_ythadult_yge25,geo_cov_nat,2014,13.467
lva,sex_f,age_ythadult_yge25,geo_cov_nat,2015,12.434
lva,sex_f,age_ythadult_yge25,geo_cov_nat,2016,11.858
lva,sex_f,age_ythadult_yge25,geo_cov_nat,2017,10.704
lva,sex_f,age_ythadult_yge25,geo_cov_nat,2018,9.119
lva,sex_f,age_ythadult_yge25,geo_cov_nat,2019,7.889
lva,sex_f,age_ythadult_yge25,geo_cov_nat,2020,9.305
lva,sex_f,age_ythadult_yge25,geo_cov_nat,2021,9.068
lva,sex_f,age_ythadult_yge25,geo_cov_nat,2022,8.217
lva,sex_f,age_ythadult_yge25,geo_cov_nat,2023,7.786
lva,sex_f,age_ythadult_yge25,geo_cov_nat,2024,7.656
lva,sex_f,age_ythadult_yge25,geo_cov_rur,2001,17.602
lva,sex_f,age_ythadult_yge25,geo_cov_rur,2002,19.851
lva,sex_f,age_ythadult_yge25,geo_cov_rur,2003,18.542
lva,sex_f,age_ythadult_yge25,geo_cov_rur,2004,15.606
lva,sex_f,age_ythadult_yge25,geo_cov_rur,2005,16.518
lva,sex_f,age_ythadult_yge25,geo_cov_rur,2006,12.036
lva,sex_f,age_ythadult_yge25,geo_cov_rur,2007,11.218
lva,sex_f,age_ythadult_yge25,geo_cov_rur,2008,10.991
lva,sex_f,age_ythadult_yge25,geo_cov_rur,2009,17.749
lva,sex_f,age_ythadult_yge25,geo_cov_rur,2010,19.118
lva,sex_f,age_ythadult_yge25,geo_cov_rur,2011,17.965
lva,sex_f,age_ythadult_yge25,geo_cov_rur,2012,18.145
lva,sex_f,age_ythadult_yge25,geo_cov_rur,2013,16.836
lva,sex_f,age_ythadult_yge25,geo_cov_rur,2014,14.848
lva,sex_f,age_ythadult_yge25,geo_cov_rur,2015,13.376
lva,sex_f,age_ythadult_yge25,geo_cov_rur,2016,12.612
lva,sex_f,age_ythadult_yge25,geo_cov_rur,2017,12.906
lva,sex_f,age_ythadult_yge25,geo_cov_rur,2018,11.659
lva,sex_f,age_ythadult_yge25,geo_cov_rur,2019,9.339
lva,sex_f,age_ythadult_yge25,geo_cov_rur,2020,10.362
lva,sex_f,age_ythadult_yge25,geo_cov_rur,2021,9.083
lva,sex_f,age_ythadult_yge25,geo_cov_rur,2022,7.89
lva,sex_f,age_ythadult_yge25,geo_cov_rur,2023,8.79
lva,sex_f,age_ythadult_yge25,geo_cov_rur,2024,8.114
lva,sex_f,age_ythadult_yge25,geo_cov_urb,2001,16.665
lva,sex_f,age_ythadult_yge25,geo_cov_urb,2002,23.491
lva,sex_f,age_ythadult_yge25,geo_cov_urb,2003,20.163
lva,sex_f,age_ythadult_yge25,geo_cov_urb,2004,19.305
lva,sex_f,age_ythadult_yge25,geo_cov_urb,2005,16.518
lva,sex_f,age_ythadult_yge25,geo_cov_urb,2006,12.061
lva,sex_f,age_ythadult_yge25,geo_cov_urb,2007,11
lva,sex_f,age_ythadult_yge25,geo_cov_urb,2008,10.856
lva,sex_f,age_ythadult_yge25,geo_cov_urb,2009,19.263
lva,sex_f,age_ythadult_yge25,geo_cov_urb,2010,21.6
lva,sex_f,age_ythadult_yge25,geo_cov_urb,2011,19.404
lva,sex_f,age_ythadult_yge25,geo_cov_urb,2012,18.125
lva,sex_f,age_ythadult_yge25,geo_cov_urb,2013,14.386
lva,sex_f,age_ythadult_yge25,geo_cov_urb,2014,12.788
lva,sex_f,age_ythadult_yge25,geo_cov_urb,2015,11.965
lva,sex_f,age_ythadult_yge25,geo_cov_urb,2016,11.478
lva,sex_f,age_ythadult_yge25,geo_cov_urb,2017,9.682
lva,sex_f,age_ythadult_yge25,geo_cov_urb,2018,7.983
lva,sex_f,age_ythadult_yge25,geo_cov_urb,2019,7.245
lva,sex_f,age_ythadult_yge25,geo_cov_urb,2020,8.838
lva,sex_f,age_ythadult_yge25,geo_cov_urb,2021,9.061
lva,sex_f,age_ythadult_yge25,geo_cov_urb,2022,8.428
lva,sex_f,age_ythadult_yge25,geo_cov_urb,2023,7.18
lva,sex_f,age_ythadult_yge25,geo_cov_urb,2024,7.382
lva,sex_m,age_aggregate_total,geo_cov_nat,2001,20.186
lva,sex_m,age_aggregate_total,geo_cov_nat,2002,22.731
lva,sex_m,age_aggregate_total,geo_cov_nat,2003,19.948
lva,sex_m,age_aggregate_total,geo_cov_nat,2004,17.074
lva,sex_m,age_aggregate_total,geo_cov_nat,2005,16.255
lva,sex_m,age_aggregate_total,geo_cov_nat,2006,12.771
lva,sex_m,age_aggregate_total,geo_cov_nat,2007,11.338
lva,sex_m,age_aggregate_total,geo_cov_nat,2008,12.036
lva,sex_m,age_aggregate_total,geo_cov_nat,2009,26.239
lva,sex_m,age_aggregate_total,geo_cov_nat,2010,28.537
lva,sex_m,age_aggregate_total,geo_cov_nat,2011,24.289
lva,sex_m,age_aggregate_total,geo_cov_nat,2012,21.288
lva,sex_m,age_aggregate_total,geo_cov_nat,2013,17.554
lva,sex_m,age_aggregate_total,geo_cov_nat,2014,16.128
lva,sex_m,age_aggregate_total,geo_cov_nat,2015,14.897
lva,sex_m,age_aggregate_total,geo_cov_nat,2016,14.678
lva,sex_m,age_aggregate_total,geo_cov_nat,2017,12.635
lva,sex_m,age_aggregate_total,geo_cov_nat,2018,11.011
lva,sex_m,age_aggregate_total,geo_cov_nat,2019,10.907
lva,sex_m,age_aggregate_total,geo_cov_nat,2020,11.73
lva,sex_m,age_aggregate_total,geo_cov_nat,2021,11.788
lva,sex_m,age_aggregate_total,geo_cov_nat,2022,10.993
lva,sex_m,age_aggregate_total,geo_cov_nat,2023,9.254
lva,sex_m,age_aggregate_total,geo_cov_nat,2024,9.913
lva,sex_m,age_aggregate_total,geo_cov_rur,2001,20.503
lva,sex_m,age_aggregate_total,geo_cov_rur,2002,21.627
lva,sex_m,age_aggregate_total,geo_cov_rur,2003,18.837
lva,sex_m,age_aggregate_total,geo_cov_rur,2004,16.752
lva,sex_m,age_aggregate_total,geo_cov_rur,2005,16.571
lva,sex_m,age_aggregate_total,geo_cov_rur,2006,14.067
lva,sex_m,age_aggregate_total,geo_cov_rur,2007,12.795
lva,sex_m,age_aggregate_total,geo_cov_rur,2008,12.99
lva,sex_m,age_aggregate_total,geo_cov_rur,2009,26.123
lva,sex_m,age_aggregate_total,geo_cov_rur,2010,27.504
lva,sex_m,age_aggregate_total,geo_cov_rur,2011,23.643
lva,sex_m,age_aggregate_total,geo_cov_rur,2012,22.576
lva,sex_m,age_aggregate_total,geo_cov_rur,2013,18.91
lva,sex_m,age_aggregate_total,geo_cov_rur,2014,17.292
lva,sex_m,age_aggregate_total,geo_cov_rur,2015,16.33
lva,sex_m,age_aggregate_total,geo_cov_rur,2016,15.076
lva,sex_m,age_aggregate_total,geo_cov_rur,2017,14.888
lva,sex_m,age_aggregate_total,geo_cov_rur,2018,12.488
lva,sex_m,age_aggregate_total,geo_cov_rur,2019,11.793
lva,sex_m,age_aggregate_total,geo_cov_rur,2020,10.921
lva,sex_m,age_aggregate_total,geo_cov_rur,2021,12.8
lva,sex_m,age_aggregate_total,geo_cov_rur,2022,11.591
lva,sex_m,age_aggregate_total,geo_cov_rur,2023,8.807
lva,sex_m,age_aggregate_total,geo_cov_rur,2024,10.555
lva,sex_m,age_aggregate_total,geo_cov_urb,2001,19.822
lva,sex_m,age_aggregate_total,geo_cov_urb,2002,23.906
lva,sex_m,age_aggregate_total,geo_cov_urb,2003,21.077
lva,sex_m,age_aggregate_total,geo_cov_urb,2004,17.418
lva,sex_m,age_aggregate_total,geo_cov_urb,2005,15.921
lva,sex_m,age_aggregate_total,geo_cov_urb,2006,11.368
lva,sex_m,age_aggregate_total,geo_cov_urb,2007,9.787
lva,sex_m,age_aggregate_total,geo_cov_urb,2008,11.011
lva,sex_m,age_aggregate_total,geo_cov_urb,2009,26.366
lva,sex_m,age_aggregate_total,geo_cov_urb,2010,29.648
lva,sex_m,age_aggregate_total,geo_cov_urb,2011,24.985
lva,sex_m,age_aggregate_total,geo_cov_urb,2012,20.491
lva,sex_m,age_aggregate_total,geo_cov_urb,2013,16.726
lva,sex_m,age_aggregate_total,geo_cov_urb,2014,15.446
lva,sex_m,age_aggregate_total,geo_cov_urb,2015,14.061
lva,sex_m,age_aggregate_total,geo_cov_urb,2016,14.439
lva,sex_m,age_aggregate_total,geo_cov_urb,2017,11.41
lva,sex_m,age_aggregate_total,geo_cov_urb,2018,10.161
lva,sex_m,age_aggregate_total,geo_cov_urb,2019,10.449
lva,sex_m,age_aggregate_total,geo_cov_urb,2020,12.194
lva,sex_m,age_aggregate_total,geo_cov_urb,2021,11.253
lva,sex_m,age_aggregate_total,geo_cov_urb,2022,10.566
lva,sex_m,age_aggregate_total,geo_cov_urb,2023,9.551
lva,sex_m,age_aggregate_total,geo_cov_urb,2024,9.487
lva,sex_m,age_aggregate_y15_24,geo_cov_nat,2001,32.419
lva,sex_m,age_aggregate_y15_24,geo_cov_nat,2002,40.131
lva,sex_m,age_aggregate_y15_24,geo_cov_nat,2003,26.607
lva,sex_m,age_aggregate_y15_24,geo_cov_nat,2004,27.098
lva,sex_m,age_aggregate_y15_24,geo_cov_nat,2005,24.674
lva,sex_m,age_aggregate_y15_24,geo_cov_nat,2006,19.759
lva,sex_m,age_aggregate_y15_24,geo_cov_nat,2007,19.452
lva,sex_m,age_aggregate_y15_24,geo_cov_nat,2008,19.543
lva,sex_m,age_aggregate_y15_24,geo_cov_nat,2009,43.524
lva,sex_m,age_aggregate_y15_24,geo_cov_nat,2010,46.086
lva,sex_m,age_aggregate_y15_24,geo_cov_nat,2011,40.327
lva,sex_m,age_aggregate_y15_24,geo_cov_nat,2012,35.025
lva,sex_m,age_aggregate_y15_24,geo_cov_nat,2013,29.294
lva,sex_m,age_aggregate_y15_24,geo_cov_nat,2014,24.919
lva,sex_m,age_aggregate_y15_24,geo_cov_nat,2015,23.558
lva,sex_m,age_aggregate_y15_24,geo_cov_nat,2016,27.609
lva,sex_m,age_aggregate_y15_24,geo_cov_nat,2017,24.135
lva,sex_m,age_aggregate_y15_24,geo_cov_nat,2018,18.588
lva,sex_m,age_aggregate_y15_24,geo_cov_nat,2019,26.774
lva,sex_m,age_aggregate_y15_24,geo_cov_nat,2020,18.395
lva,sex_m,age_aggregate_y15_24,geo_cov_nat,2021,22.969
lva,sex_m,age_aggregate_y15_24,geo_cov_nat,2022,24.157
lva,sex_m,age_aggregate_y15_24,geo_cov_nat,2023,16.947
lva,sex_m,age_aggregate_y15_24,geo_cov_nat,2024,18.094
lva,sex_m,age_aggregate_y15_24,geo_cov_rur,2001,35.514
lva,sex_m,age_aggregate_y15_24,geo_cov_rur,2002,33.947
lva,sex_m,age_aggregate_y15_24,geo_cov_rur,2003,28.193
lva,sex_m,age_aggregate_y15_24,geo_cov_rur,2004,23.131
lva,sex_m,age_aggregate_y15_24,geo_cov_rur,2005,22.292
lva,sex_m,age_aggregate_y15_24,geo_cov_rur,2006,18.7
lva,sex_m,age_aggregate_y15_24,geo_cov_rur,2007,20.086
lva,sex_m,age_aggregate_y15_24,geo_cov_rur,2008,20.079
lva,sex_m,age_aggregate_y15_24,geo_cov_rur,2009,41.949
lva,sex_m,age_aggregate_y15_24,geo_cov_rur,2010,44.703
lva,sex_m,age_aggregate_y15_24,geo_cov_rur,2011,40.129
lva,sex_m,age_aggregate_y15_24,geo_cov_rur,2012,36.496
lva,sex_m,age_aggregate_y15_24,geo_cov_rur,2013,33.949
lva,sex_m,age_aggregate_y15_24,geo_cov_rur,2014,26.557
lva,sex_m,age_aggregate_y15_24,geo_cov_rur,2015,25.089
lva,sex_m,age_aggregate_y15_24,geo_cov_rur,2016,29.785
lva,sex_m,age_aggregate_y15_24,geo_cov_rur,2017,24.249
lva,sex_m,age_aggregate_y15_24,geo_cov_rur,2018,17.493
lva,sex_m,age_aggregate_y15_24,geo_cov_rur,2019,26.288
lva,sex_m,age_aggregate_y15_24,geo_cov_rur,2020,15.894
lva,sex_m,age_aggregate_y15_24,geo_cov_rur,2021,26.853
lva,sex_m,age_aggregate_y15_24,geo_cov_rur,2022,22.23
lva,sex_m,age_aggregate_y15_24,geo_cov_rur,2024,19.815
lva,sex_m,age_aggregate_y15_24,geo_cov_urb,2001,28.32
lva,sex_m,age_aggregate_y15_24,geo_cov_urb,2002,46.734
lva,sex_m,age_aggregate_y15_24,geo_cov_urb,2003,24.87
lva,sex_m,age_aggregate_y15_24,geo_cov_urb,2004,30.541
lva,sex_m,age_aggregate_y15_24,geo_cov_urb,2005,27.253
lva,sex_m,age_aggregate_y15_24,geo_cov_urb,2006,20.927
lva,sex_m,age_aggregate_y15_24,geo_cov_urb,2007,18.737
lva,sex_m,age_aggregate_y15_24,geo_cov_urb,2008,18.947
lva,sex_m,age_aggregate_y15_24,geo_cov_urb,2009,45.38
lva,sex_m,age_aggregate_y15_24,geo_cov_urb,2010,47.666
lva,sex_m,age_aggregate_y15_24,geo_cov_urb,2011,40.552
lva,sex_m,age_aggregate_y15_24,geo_cov_urb,2012,33.947
lva,sex_m,age_aggregate_y15_24,geo_cov_urb,2013,26.077
lva,sex_m,age_aggregate_y15_24,geo_cov_urb,2014,23.74
lva,sex_m,age_aggregate_y15_24,geo_cov_urb,2015,22.363
lva,sex_m,age_aggregate_y15_24,geo_cov_urb,2016,25.881
lva,sex_m,age_aggregate_y15_24,geo_cov_urb,2017,24.055
lva,sex_m,age_aggregate_y15_24,geo_cov_urb,2018,19.471
lva,sex_m,age_aggregate_y15_24,geo_cov_urb,2019,26.992
lva,sex_m,age_aggregate_y15_24,geo_cov_urb,2020,20.222
lva,sex_m,age_aggregate_y15_24,geo_cov_urb,2021,20.753
lva,sex_m,age_aggregate_y15_24,geo_cov_urb,2022,25.285
lva,sex_m,age_aggregate_y15_24,geo_cov_urb,2023,19.412
lva,sex_m,age_aggregate_y15_24,geo_cov_urb,2024,17.001
lva,sex_m,age_aggregate_y25_54,geo_cov_nat,2001,17.872
lva,sex_m,age_aggregate_y25_54,geo_cov_nat,2002,17.96
lva,sex_m,age_aggregate_y25_54,geo_cov_nat,2003,16.097
lva,sex_m,age_aggregate_y25_54,geo_cov_nat,2004,13.581
lva,sex_m,age_aggregate_y25_54,geo_cov_nat,2005,13.45
lva,sex_m,age_aggregate_y25_54,geo_cov_nat,2006,10.41
lva,sex_m,age_aggregate_y25_54,geo_cov_nat,2007,9.331
lva,sex_m,age_aggregate_y25_54,geo_cov_nat,2008,10.375
lva,sex_m,age_aggregate_y25_54,geo_cov_nat,2009,22.567
lva,sex_m,age_aggregate_y25_54,geo_cov_nat,2010,24.725
lva,sex_m,age_aggregate_y25_54,geo_cov_nat,2011,20.997
lva,sex_m,age_aggregate_y25_54,geo_cov_nat,2012,18.531
lva,sex_m,age_aggregate_y25_54,geo_cov_nat,2013,15.578
lva,sex_m,age_aggregate_y25_54,geo_cov_nat,2014,14.25
lva,sex_m,age_aggregate_y25_54,geo_cov_nat,2015,13.063
lva,sex_m,age_aggregate_y25_54,geo_cov_nat,2016,12.55
lva,sex_m,age_aggregate_y25_54,geo_cov_nat,2017,10.847
lva,sex_m,age_aggregate_y25_54,geo_cov_nat,2018,9.897
lva,sex_m,age_aggregate_y25_54,geo_cov_nat,2019,9.11
lva,sex_m,age_aggregate_y25_54,geo_cov_nat,2020,11.023
lva,sex_m,age_aggregate_y25_54,geo_cov_nat,2021,11.464
lva,sex_m,age_aggregate_y25_54,geo_cov_nat,2022,9.798
lva,sex_m,age_aggregate_y25_54,geo_cov_nat,2023,8.842
lva,sex_m,age_aggregate_y25_54,geo_cov_nat,2024,9.293
lva,sex_m,age_aggregate_y25_54,geo_cov_rur,2001,18.01
lva,sex_m,age_aggregate_y25_54,geo_cov_rur,2002,19.062
lva,sex_m,age_aggregate_y25_54,geo_cov_rur,2003,16.176
lva,sex_m,age_aggregate_y25_54,geo_cov_rur,2004,15.539
lva,sex_m,age_aggregate_y25_54,geo_cov_rur,2005,15.525
lva,sex_m,age_aggregate_y25_54,geo_cov_rur,2006,12.793
lva,sex_m,age_aggregate_y25_54,geo_cov_rur,2007,10.781
lva,sex_m,age_aggregate_y25_54,geo_cov_rur,2008,11.243
lva,sex_m,age_aggregate_y25_54,geo_cov_rur,2009,22.277
lva,sex_m,age_aggregate_y25_54,geo_cov_rur,2010,24.04
lva,sex_m,age_aggregate_y25_54,geo_cov_rur,2011,20.714
lva,sex_m,age_aggregate_y25_54,geo_cov_rur,2012,19.421
lva,sex_m,age_aggregate_y25_54,geo_cov_rur,2013,16.369
lva,sex_m,age_aggregate_y25_54,geo_cov_rur,2014,15.473
lva,sex_m,age_aggregate_y25_54,geo_cov_rur,2015,14.686
lva,sex_m,age_aggregate_y25_54,geo_cov_rur,2016,12.421
lva,sex_m,age_aggregate_y25_54,geo_cov_rur,2017,13.67
lva,sex_m,age_aggregate_y25_54,geo_cov_rur,2018,10.859
lva,sex_m,age_aggregate_y25_54,geo_cov_rur,2019,9.437
lva,sex_m,age_aggregate_y25_54,geo_cov_rur,2020,9.972
lva,sex_m,age_aggregate_y25_54,geo_cov_rur,2021,12.134
lva,sex_m,age_aggregate_y25_54,geo_cov_rur,2022,10.572
lva,sex_m,age_aggregate_y25_54,geo_cov_rur,2023,8.346
lva,sex_m,age_aggregate_y25_54,geo_cov_rur,2024,9.424
lva,sex_m,age_aggregate_y25_54,geo_cov_urb,2001,17.72
lva,sex_m,age_aggregate_y25_54,geo_cov_urb,2002,16.756
lva,sex_m,age_aggregate_y25_54,geo_cov_urb,2003,16.012
lva,sex_m,age_aggregate_y25_54,geo_cov_urb,2004,11.176
lva,sex_m,age_aggregate_y25_54,geo_cov_urb,2005,11.169
lva,sex_m,age_aggregate_y25_54,geo_cov_urb,2006,7.798
lva,sex_m,age_aggregate_y25_54,geo_cov_urb,2007,7.763
lva,sex_m,age_aggregate_y25_54,geo_cov_urb,2008,9.419
lva,sex_m,age_aggregate_y25_54,geo_cov_urb,2009,22.887
lva,sex_m,age_aggregate_y25_54,geo_cov_urb,2010,25.456
lva,sex_m,age_aggregate_y25_54,geo_cov_urb,2011,21.308
lva,sex_m,age_aggregate_y25_54,geo_cov_urb,2012,17.991
lva,sex_m,age_aggregate_y25_54,geo_cov_urb,2013,15.093
lva,sex_m,age_aggregate_y25_54,geo_cov_urb,2014,13.543
lva,sex_m,age_aggregate_y25_54,geo_cov_urb,2015,12.142
lva,sex_m,age_aggregate_y25_54,geo_cov_urb,2016,12.625
lva,sex_m,age_aggregate_y25_54,geo_cov_urb,2017,9.404
lva,sex_m,age_aggregate_y25_54,geo_cov_urb,2018,9.362
lva,sex_m,age_aggregate_y25_54,geo_cov_urb,2019,8.938
lva,sex_m,age_aggregate_y25_54,geo_cov_urb,2020,11.583
lva,sex_m,age_aggregate_y25_54,geo_cov_urb,2021,11.125
lva,sex_m,age_aggregate_y25_54,geo_cov_urb,2022,9.249
lva,sex_m,age_aggregate_y25_54,geo_cov_urb,2023,9.174
lva,sex_m,age_aggregate_y25_54,geo_cov_urb,2024,9.208
lva,sex_m,age_aggregate_y55_64,geo_cov_nat,2001,21.684
lva,sex_m,age_aggregate_y55_64,geo_cov_nat,2002,26.43
lva,sex_m,age_aggregate_y55_64,geo_cov_nat,2003,27.352
lva,sex_m,age_aggregate_y55_64,geo_cov_nat,2004,19.451
lva,sex_m,age_aggregate_y55_64,geo_cov_nat,2005,19.249
lva,sex_m,age_aggregate_y55_64,geo_cov_nat,2006,16.437
lva,sex_m,age_aggregate_y55_64,geo_cov_nat,2007,12.358
lva,sex_m,age_aggregate_y55_64,geo_cov_nat,2008,13.672
lva,sex_m,age_aggregate_y55_64,geo_cov_nat,2009,27.285
lva,sex_m,age_aggregate_y55_64,geo_cov_nat,2010,30.991
lva,sex_m,age_aggregate_y55_64,geo_cov_nat,2011,26.668
lva,sex_m,age_aggregate_y55_64,geo_cov_nat,2012,24.198
lva,sex_m,age_aggregate_y55_64,geo_cov_nat,2013,19.022
lva,sex_m,age_aggregate_y55_64,geo_cov_nat,2014,18.452
lva,sex_m,age_aggregate_y55_64,geo_cov_nat,2015,18.064
lva,sex_m,age_aggregate_y55_64,geo_cov_nat,2016,17.07
lva,sex_m,age_aggregate_y55_64,geo_cov_nat,2017,14.803
lva,sex_m,age_aggregate_y55_64,geo_cov_nat,2018,12.856
lva,sex_m,age_aggregate_y55_64,geo_cov_nat,2019,10.526
lva,sex_m,age_aggregate_y55_64,geo_cov_nat,2020,13.044
lva,sex_m,age_aggregate_y55_64,geo_cov_nat,2021,10.074
lva,sex_m,age_aggregate_y55_64,geo_cov_nat,2022,10.996
lva,sex_m,age_aggregate_y55_64,geo_cov_nat,2023,9.517
lva,sex_m,age_aggregate_y55_64,geo_cov_nat,2024,10.364
lva,sex_m,age_aggregate_y55_64,geo_cov_rur,2001,18.924
lva,sex_m,age_aggregate_y55_64,geo_cov_rur,2002,22.564
lva,sex_m,age_aggregate_y55_64,geo_cov_rur,2003,21.138
lva,sex_m,age_aggregate_y55_64,geo_cov_rur,2004,16.081
lva,sex_m,age_aggregate_y55_64,geo_cov_rur,2005,15.612
lva,sex_m,age_aggregate_y55_64,geo_cov_rur,2006,16.186
lva,sex_m,age_aggregate_y55_64,geo_cov_rur,2007,15.672
lva,sex_m,age_aggregate_y55_64,geo_cov_rur,2008,15.234
lva,sex_m,age_aggregate_y55_64,geo_cov_rur,2009,29.58
lva,sex_m,age_aggregate_y55_64,geo_cov_rur,2010,29.388
lva,sex_m,age_aggregate_y55_64,geo_cov_rur,2011,26.128
lva,sex_m,age_aggregate_y55_64,geo_cov_rur,2012,26.476
lva,sex_m,age_aggregate_y55_64,geo_cov_rur,2013,20.956
lva,sex_m,age_aggregate_y55_64,geo_cov_rur,2014,20.059
lva,sex_m,age_aggregate_y55_64,geo_cov_rur,2015,18.808
lva,sex_m,age_aggregate_y55_64,geo_cov_rur,2016,18.304
lva,sex_m,age_aggregate_y55_64,geo_cov_rur,2017,15.384
lva,sex_m,age_aggregate_y55_64,geo_cov_rur,2018,16.706
lva,sex_m,age_aggregate_y55_64,geo_cov_rur,2019,15.569
lva,sex_m,age_aggregate_y55_64,geo_cov_rur,2020,13.272
lva,sex_m,age_aggregate_y55_64,geo_cov_rur,2021,11.388
lva,sex_m,age_aggregate_y55_64,geo_cov_rur,2022,12.655
lva,sex_m,age_aggregate_y55_64,geo_cov_rur,2023,10.636
lva,sex_m,age_aggregate_y55_64,geo_cov_rur,2024,11.132
lva,sex_m,age_aggregate_y55_64,geo_cov_urb,2001,24.832
lva,sex_m,age_aggregate_y55_64,geo_cov_urb,2002,30.215
lva,sex_m,age_aggregate_y55_64,geo_cov_urb,2003,32.418
lva,sex_m,age_aggregate_y55_64,geo_cov_urb,2004,21.878
lva,sex_m,age_aggregate_y55_64,geo_cov_urb,2005,22.853
lva,sex_m,age_aggregate_y55_64,geo_cov_urb,2006,16.719
lva,sex_m,age_aggregate_y55_64,geo_cov_urb,2007,9.094
lva,sex_m,age_aggregate_y55_64,geo_cov_urb,2008,12.089
lva,sex_m,age_aggregate_y55_64,geo_cov_urb,2009,24.742
lva,sex_m,age_aggregate_y55_64,geo_cov_urb,2010,32.734
lva,sex_m,age_aggregate_y55_64,geo_cov_urb,2011,27.198
lva,sex_m,age_aggregate_y55_64,geo_cov_urb,2012,22.825
lva,sex_m,age_aggregate_y55_64,geo_cov_urb,2013,17.91
lva,sex_m,age_aggregate_y55_64,geo_cov_urb,2014,17.539
lva,sex_m,age_aggregate_y55_64,geo_cov_urb,2015,17.627
lva,sex_m,age_aggregate_y55_64,geo_cov_urb,2016,16.313
lva,sex_m,age_aggregate_y55_64,geo_cov_urb,2017,14.454
lva,sex_m,age_aggregate_y55_64,geo_cov_urb,2018,10.51
lva,sex_m,age_aggregate_y55_64,geo_cov_urb,2019,7.816
lva,sex_m,age_aggregate_y55_64,geo_cov_urb,2020,12.886
lva,sex_m,age_aggregate_y55_64,geo_cov_urb,2021,9.194
lva,sex_m,age_aggregate_y55_64,geo_cov_urb,2022,9.528
lva,sex_m,age_aggregate_y55_64,geo_cov_urb,2023,8.588
lva,sex_m,age_aggregate_y55_64,geo_cov_urb,2024,9.713
lva,sex_m,age_aggregate_yge65,geo_cov_nat,2001,10.314
lva,sex_m,age_aggregate_yge65,geo_cov_nat,2002,33.296
lva,sex_m,age_aggregate_yge65,geo_cov_nat,2003,42.787
lva,sex_m,age_aggregate_yge65,geo_cov_nat,2004,34.062
lva,sex_m,age_aggregate_yge65,geo_cov_nat,2005,25.136
lva,sex_m,age_aggregate_yge65,geo_cov_nat,2006,15.79
lva,sex_m,age_aggregate_yge65,geo_cov_nat,2007,11.117
lva,sex_m,age_aggregate_yge65,geo_cov_nat,2008,8.155
lva,sex_m,age_aggregate_yge65,geo_cov_nat,2009,25.415
lva,sex_m,age_aggregate_yge65,geo_cov_nat,2010,34.139
lva,sex_m,age_aggregate_yge65,geo_cov_nat,2011,29.497
lva,sex_m,age_aggregate_yge65,geo_cov_nat,2012,20.166
lva,sex_m,age_aggregate_yge65,geo_cov_nat,2013,16.562
lva,sex_m,age_aggregate_yge65,geo_cov_nat,2014,20.452
lva,sex_m,age_aggregate_yge65,geo_cov_nat,2015,13.931
lva,sex_m,age_aggregate_yge65,geo_cov_nat,2016,13.815
lva,sex_m,age_aggregate_yge65,geo_cov_nat,2017,10.806
lva,sex_m,age_aggregate_yge65,geo_cov_nat,2018,7.822
lva,sex_m,age_aggregate_yge65,geo_cov_nat,2019,12.569
lva,sex_m,age_aggregate_yge65,geo_cov_nat,2021,6.193
lva,sex_m,age_aggregate_yge65,geo_cov_nat,2022,7.331
lva,sex_m,age_aggregate_yge65,geo_cov_nat,2023,2.979
lva,sex_m,age_aggregate_yge65,geo_cov_nat,2024,4.73
lva,sex_m,age_aggregate_yge65,geo_cov_rur,2001,8.884
lva,sex_m,age_aggregate_yge65,geo_cov_rur,2002,19.123
lva,sex_m,age_aggregate_yge65,geo_cov_rur,2003,29.142
lva,sex_m,age_aggregate_yge65,geo_cov_rur,2004,21.084
lva,sex_m,age_aggregate_yge65,geo_cov_rur,2005,16.079
lva,sex_m,age_aggregate_yge65,geo_cov_rur,2006,11.222
lva,sex_m,age_aggregate_yge65,geo_cov_rur,2007,9.397
lva,sex_m,age_aggregate_yge65,geo_cov_rur,2008,9.754
lva,sex_m,age_aggregate_yge65,geo_cov_rur,2009,23.701
lva,sex_m,age_aggregate_yge65,geo_cov_rur,2010,24.614
lva,sex_m,age_aggregate_yge65,geo_cov_rur,2011,12.604
lva,sex_m,age_aggregate_yge65,geo_cov_rur,2012,18.572
lva,sex_m,age_aggregate_yge65,geo_cov_rur,2013,11.681
lva,sex_m,age_aggregate_yge65,geo_cov_rur,2014,10.043
lva,sex_m,age_aggregate_yge65,geo_cov_rur,2015,5.552
lva,sex_m,age_aggregate_yge65,geo_cov_rur,2016,4.761
lva,sex_m,age_aggregate_yge65,geo_cov_rur,2018,8.782
lva,sex_m,age_aggregate_yge65,geo_cov_rur,2024,9.4
lva,sex_m,age_aggregate_yge65,geo_cov_urb,2002,45.03
lva,sex_m,age_aggregate_yge65,geo_cov_urb,2003,49.297
lva,sex_m,age_aggregate_yge65,geo_cov_urb,2004,41.705
lva,sex_m,age_aggregate_yge65,geo_cov_urb,2005,30.55
lva,sex_m,age_aggregate_yge65,geo_cov_urb,2006,19.081
lva,sex_m,age_aggregate_yge65,geo_cov_urb,2007,12.528
lva,sex_m,age_aggregate_yge65,geo_cov_urb,2008,6.959
lva,sex_m,age_aggregate_yge65,geo_cov_urb,2009,26.876
lva,sex_m,age_aggregate_yge65,geo_cov_urb,2010,43.071
lva,sex_m,age_aggregate_yge65,geo_cov_urb,2011,43.138
lva,sex_m,age_aggregate_yge65,geo_cov_urb,2012,21.072
lva,sex_m,age_aggregate_yge65,geo_cov_urb,2013,18.699
lva,sex_m,age_aggregate_yge65,geo_cov_urb,2014,25.07
lva,sex_m,age_aggregate_yge65,geo_cov_urb,2015,17.351
lva,sex_m,age_aggregate_yge65,geo_cov_urb,2016,17.227
lva,sex_m,age_aggregate_yge65,geo_cov_urb,2018,7.449
lva,sex_m,age_aggregate_yge65,geo_cov_urb,2019,14.176
lva,sex_m,age_aggregate_yge65,geo_cov_urb,2021,6.961
lva,sex_m,age_aggregate_yge65,geo_cov_urb,2022,8.24
lva,sex_m,age_ythadult_y15_24,geo_cov_nat,2001,32.419
lva,sex_m,age_ythadult_y15_24,geo_cov_nat,2002,40.131
lva,sex_m,age_ythadult_y15_24,geo_cov_nat,2003,26.607
lva,sex_m,age_ythadult_y15_24,geo_cov_nat,2004,27.098
lva,sex_m,age_ythadult_y15_24,geo_cov_nat,2005,24.674
lva,sex_m,age_ythadult_y15_24,geo_cov_nat,2006,19.759
lva,sex_m,age_ythadult_y15_24,geo_cov_nat,2007,19.452
lva,sex_m,age_ythadult_y15_24,geo_cov_nat,2008,19.543
lva,sex_m,age_ythadult_y15_24,geo_cov_nat,2009,43.524
lva,sex_m,age_ythadult_y15_24,geo_cov_nat,2010,46.086
lva,sex_m,age_ythadult_y15_24,geo_cov_nat,2011,40.327
lva,sex_m,age_ythadult_y15_24,geo_cov_nat,2012,35.025
lva,sex_m,age_ythadult_y15_24,geo_cov_nat,2013,29.294
lva,sex_m,age_ythadult_y15_24,geo_cov_nat,2014,24.919
lva,sex_m,age_ythadult_y15_24,geo_cov_nat,2015,23.558
lva,sex_m,age_ythadult_y15_24,geo_cov_nat,2016,27.609
lva,sex_m,age_ythadult_y15_24,geo_cov_nat,2017,24.135
lva,sex_m,age_ythadult_y15_24,geo_cov_nat,2018,18.588
lva,sex_m,age_ythadult_y15_24,geo_cov_nat,2019,26.774
lva,sex_m,age_ythadult_y15_24,geo_cov_nat,2020,18.395
lva,sex_m,age_ythadult_y15_24,geo_cov_nat,2021,22.969
lva,sex_m,age_ythadult_y15_24,geo_cov_nat,2022,24.157
lva,sex_m,age_ythadult_y15_24,geo_cov_nat,2023,16.947
lva,sex_m,age_ythadult_y15_24,geo_cov_nat,2024,18.094
lva,sex_m,age_ythadult_y15_24,geo_cov_rur,2001,35.514
lva,sex_m,age_ythadult_y15_24,geo_cov_rur,2002,33.947
lva,sex_m,age_ythadult_y15_24,geo_cov_rur,2003,28.193
lva,sex_m,age_ythadult_y15_24,geo_cov_rur,2004,23.131
lva,sex_m,age_ythadult_y15_24,geo_cov_rur,2005,22.292
lva,sex_m,age_ythadult_y15_24,geo_cov_rur,2006,18.7
lva,sex_m,age_ythadult_y15_24,geo_cov_rur,2007,20.086
lva,sex_m,age_ythadult_y15_24,geo_cov_rur,2008,20.079
lva,sex_m,age_ythadult_y15_24,geo_cov_rur,2009,41.949
lva,sex_m,age_ythadult_y15_24,geo_cov_rur,2010,44.703
lva,sex_m,age_ythadult_y15_24,geo_cov_rur,2011,40.129
lva,sex_m,age_ythadult_y15_24,geo_cov_rur,2012,36.496
lva,sex_m,age_ythadult_y15_24,geo_cov_rur,2013,33.949
lva,sex_m,age_ythadult_y15_24,geo_cov_rur,2014,26.557
lva,sex_m,age_ythadult_y15_24,geo_cov_rur,2015,25.089
lva,sex_m,age_ythadult_y15_24,geo_cov_rur,2016,29.785
lva,sex_m,age_ythadult_y15_24,geo_cov_rur,2017,24.249
lva,sex_m,age_ythadult_y15_24,geo_cov_rur,2018,17.493
lva,sex_m,age_ythadult_y15_24,geo_cov_rur,2019,26.288
lva,sex_m,age_ythadult_y15_24,geo_cov_rur,2020,15.894
lva,sex_m,age_ythadult_y15_24,geo_cov_rur,2021,26.853
lva,sex_m,age_ythadult_y15_24,geo_cov_rur,2022,22.23
lva,sex_m,age_ythadult_y15_24,geo_cov_rur,2024,19.815
lva,sex_m,age_ythadult_y15_24,geo_cov_urb,2001,28.32
lva,sex_m,age_ythadult_y15_24,geo_cov_urb,2002,46.734
lva,sex_m,age_ythadult_y15_24,geo_cov_urb,2003,24.87
lva,sex_m,age_ythadult_y15_24,geo_cov_urb,2004,30.541
lva,sex_m,age_ythadult_y15_24,geo_cov_urb,2005,27.253
lva,sex_m,age_ythadult_y15_24,geo_cov_urb,2006,20.927
lva,sex_m,age_ythadult_y15_24,geo_cov_urb,2007,18.737
lva,sex_m,age_ythadult_y15_24,geo_cov_urb,2008,18.947
lva,sex_m,age_ythadult_y15_24,geo_cov_urb,2009,45.38
lva,sex_m,age_ythadult_y15_24,geo_cov_urb,2010,47.666
lva,sex_m,age_ythadult_y15_24,geo_cov_urb,2011,40.552
lva,sex_m,age_ythadult_y15_24,geo_cov_urb,2012,33.947
lva,sex_m,age_ythadult_y15_24,geo_cov_urb,2013,26.077
lva,sex_m,age_ythadult_y15_24,geo_cov_urb,2014,23.74
lva,sex_m,age_ythadult_y15_24,geo_cov_urb,2015,22.363
lva,sex_m,age_ythadult_y15_24,geo_cov_urb,2016,25.881
lva,sex_m,age_ythadult_y15_24,geo_cov_urb,2017,24.055
lva,sex_m,age_ythadult_y15_24,geo_cov_urb,2018,19.471
lva,sex_m,age_ythadult_y15_24,geo_cov_urb,2019,26.992
lva,sex_m,age_ythadult_y15_24,geo_cov_urb,2020,20.222
lva,sex_m,age_ythadult_y15_24,geo_cov_urb,2021,20.753
lva,sex_m,age_ythadult_y15_24,geo_cov_urb,2022,25.285
lva,sex_m,age_ythadult_y15_24,geo_cov_urb,2023,19.412
lva,sex_m,age_ythadult_y15_24,geo_cov_urb,2024,17.001
lva,sex_m,age_ythadult_y15_64,geo_cov_nat,2001,20.399
lva,sex_m,age_ythadult_y15_64,geo_cov_nat,2002,22.362
lva,sex_m,age_ythadult_y15_64,geo_cov_nat,2003,19.078
lva,sex_m,age_ythadult_y15_64,geo_cov_nat,2004,16.343
lva,sex_m,age_ythadult_y15_64,geo_cov_nat,2005,15.908
lva,sex_m,age_ythadult_y15_64,geo_cov_nat,2006,12.649
lva,sex_m,age_ythadult_y15_64,geo_cov_nat,2007,11.347
lva,sex_m,age_ythadult_y15_64,geo_cov_nat,2008,12.209
lva,sex_m,age_ythadult_y15_64,geo_cov_nat,2009,26.267
lva,sex_m,age_ythadult_y15_64,geo_cov_nat,2010,28.392
lva,sex_m,age_ythadult_y15_64,geo_cov_nat,2011,24.163
lva,sex_m,age_ythadult_y15_64,geo_cov_nat,2012,21.317
lva,sex_m,age_ythadult_y15_64,geo_cov_nat,2013,17.582
lva,sex_m,age_ythadult_y15_64,geo_cov_nat,2014,16.006
lva,sex_m,age_ythadult_y15_64,geo_cov_nat,2015,14.926
lva,sex_m,age_ythadult_y15_64,geo_cov_nat,2016,14.704
lva,sex_m,age_ythadult_y15_64,geo_cov_nat,2017,12.687
lva,sex_m,age_ythadult_y15_64,geo_cov_nat,2018,11.123
lva,sex_m,age_ythadult_y15_64,geo_cov_nat,2019,10.852
lva,sex_m,age_ythadult_y15_64,geo_cov_nat,2020,11.954
lva,sex_m,age_ythadult_y15_64,geo_cov_nat,2021,12.043
lva,sex_m,age_ythadult_y15_64,geo_cov_nat,2022,11.181
lva,sex_m,age_ythadult_y15_64,geo_cov_nat,2023,9.606
lva,sex_m,age_ythadult_y15_64,geo_cov_nat,2024,10.206
lva,sex_m,age_ythadult_y15_64,geo_cov_rur,2001,20.803
lva,sex_m,age_ythadult_y15_64,geo_cov_rur,2002,21.703
lva,sex_m,age_ythadult_y15_64,geo_cov_rur,2003,18.589
lva,sex_m,age_ythadult_y15_64,geo_cov_rur,2004,16.619
lva,sex_m,age_ythadult_y15_64,geo_cov_rur,2005,16.585
lva,sex_m,age_ythadult_y15_64,geo_cov_rur,2006,14.159
lva,sex_m,age_ythadult_y15_64,geo_cov_rur,2007,12.916
lva,sex_m,age_ythadult_y15_64,geo_cov_rur,2008,13.109
lva,sex_m,age_ythadult_y15_64,geo_cov_rur,2009,26.195
lva,sex_m,age_ythadult_y15_64,geo_cov_rur,2010,27.573
lva,sex_m,age_ythadult_y15_64,geo_cov_rur,2011,23.873
lva,sex_m,age_ythadult_y15_64,geo_cov_rur,2012,22.675
lva,sex_m,age_ythadult_y15_64,geo_cov_rur,2013,19.075
lva,sex_m,age_ythadult_y15_64,geo_cov_rur,2014,17.461
lva,sex_m,age_ythadult_y15_64,geo_cov_rur,2015,16.578
lva,sex_m,age_ythadult_y15_64,geo_cov_rur,2016,15.302
lva,sex_m,age_ythadult_y15_64,geo_cov_rur,2017,15.061
lva,sex_m,age_ythadult_y15_64,geo_cov_rur,2018,12.587
lva,sex_m,age_ythadult_y15_64,geo_cov_rur,2019,11.886
lva,sex_m,age_ythadult_y15_64,geo_cov_rur,2020,11.195
lva,sex_m,age_ythadult_y15_64,geo_cov_rur,2021,13.092
lva,sex_m,age_ythadult_y15_64,geo_cov_rur,2022,11.835
lva,sex_m,age_ythadult_y15_64,geo_cov_rur,2023,9.085
lva,sex_m,age_ythadult_y15_64,geo_cov_rur,2024,10.603
lva,sex_m,age_ythadult_y15_64,geo_cov_urb,2001,19.938
lva,sex_m,age_ythadult_y15_64,geo_cov_urb,2002,23.068
lva,sex_m,age_ythadult_y15_64,geo_cov_urb,2003,19.59
lva,sex_m,age_ythadult_y15_64,geo_cov_urb,2004,16.041
lva,sex_m,age_ythadult_y15_64,geo_cov_urb,2005,15.176
lva,sex_m,age_ythadult_y15_64,geo_cov_urb,2006,10.988
lva,sex_m,age_ythadult_y15_64,geo_cov_urb,2007,9.66
lva,sex_m,age_ythadult_y15_64,geo_cov_urb,2008,11.228
lva,sex_m,age_ythadult_y15_64,geo_cov_urb,2009,26.347
lva,sex_m,age_ythadult_y15_64,geo_cov_urb,2010,29.277
lva,sex_m,age_ythadult_y15_64,geo_cov_urb,2011,24.478
lva,sex_m,age_ythadult_y15_64,geo_cov_urb,2012,20.476
lva,sex_m,age_ythadult_y15_64,geo_cov_urb,2013,16.663
lva,sex_m,age_ythadult_y15_64,geo_cov_urb,2014,15.147
lva,sex_m,age_ythadult_y15_64,geo_cov_urb,2015,13.951
lva,sex_m,age_ythadult_y15_64,geo_cov_urb,2016,14.341
lva,sex_m,age_ythadult_y15_64,geo_cov_urb,2017,11.402
lva,sex_m,age_ythadult_y15_64,geo_cov_urb,2018,10.27
lva,sex_m,age_ythadult_y15_64,geo_cov_urb,2019,10.312
lva,sex_m,age_ythadult_y15_64,geo_cov_urb,2020,12.391
lva,sex_m,age_ythadult_y15_64,geo_cov_urb,2021,11.479
lva,sex_m,age_ythadult_y15_64,geo_cov_urb,2022,10.704
lva,sex_m,age_ythadult_y15_64,geo_cov_urb,2023,9.962
lva,sex_m,age_ythadult_y15_64,geo_cov_urb,2024,9.937
lva,sex_m,age_ythadult_yge15,geo_cov_nat,2001,20.186
lva,sex_m,age_ythadult_yge15,geo_cov_nat,2002,22.731
lva,sex_m,age_ythadult_yge15,geo_cov_nat,2003,19.948
lva,sex_m,age_ythadult_yge15,geo_cov_nat,2004,17.074
lva,sex_m,age_ythadult_yge15,geo_cov_nat,2005,16.255
lva,sex_m,age_ythadult_yge15,geo_cov_nat,2006,12.771
lva,sex_m,age_ythadult_yge15,geo_cov_nat,2007,11.338
lva,sex_m,age_ythadult_yge15,geo_cov_nat,2008,12.036
lva,sex_m,age_ythadult_yge15,geo_cov_nat,2009,26.239
lva,sex_m,age_ythadult_yge15,geo_cov_nat,2010,28.537
lva,sex_m,age_ythadult_yge15,geo_cov_nat,2011,24.289
lva,sex_m,age_ythadult_yge15,geo_cov_nat,2012,21.288
lva,sex_m,age_ythadult_yge15,geo_cov_nat,2013,17.554
lva,sex_m,age_ythadult_yge15,geo_cov_nat,2014,16.128
lva,sex_m,age_ythadult_yge15,geo_cov_nat,2015,14.897
lva,sex_m,age_ythadult_yge15,geo_cov_nat,2016,14.678
lva,sex_m,age_ythadult_yge15,geo_cov_nat,2017,12.635
lva,sex_m,age_ythadult_yge15,geo_cov_nat,2018,11.011
lva,sex_m,age_ythadult_yge15,geo_cov_nat,2019,10.907
lva,sex_m,age_ythadult_yge15,geo_cov_nat,2020,11.73
lva,sex_m,age_ythadult_yge15,geo_cov_nat,2021,11.788
lva,sex_m,age_ythadult_yge15,geo_cov_nat,2022,10.993
lva,sex_m,age_ythadult_yge15,geo_cov_nat,2023,9.254
lva,sex_m,age_ythadult_yge15,geo_cov_nat,2024,9.913
lva,sex_m,age_ythadult_yge15,geo_cov_rur,2001,20.503
lva,sex_m,age_ythadult_yge15,geo_cov_rur,2002,21.627
lva,sex_m,age_ythadult_yge15,geo_cov_rur,2003,18.837
lva,sex_m,age_ythadult_yge15,geo_cov_rur,2004,16.752
lva,sex_m,age_ythadult_yge15,geo_cov_rur,2005,16.571
lva,sex_m,age_ythadult_yge15,geo_cov_rur,2006,14.067
lva,sex_m,age_ythadult_yge15,geo_cov_rur,2007,12.795
lva,sex_m,age_ythadult_yge15,geo_cov_rur,2008,12.99
lva,sex_m,age_ythadult_yge15,geo_cov_rur,2009,26.123
lva,sex_m,age_ythadult_yge15,geo_cov_rur,2010,27.504
lva,sex_m,age_ythadult_yge15,geo_cov_rur,2011,23.643
lva,sex_m,age_ythadult_yge15,geo_cov_rur,2012,22.576
lva,sex_m,age_ythadult_yge15,geo_cov_rur,2013,18.91
lva,sex_m,age_ythadult_yge15,geo_cov_rur,2014,17.292
lva,sex_m,age_ythadult_yge15,geo_cov_rur,2015,16.33
lva,sex_m,age_ythadult_yge15,geo_cov_rur,2016,15.076
lva,sex_m,age_ythadult_yge15,geo_cov_rur,2017,14.888
lva,sex_m,age_ythadult_yge15,geo_cov_rur,2018,12.488
lva,sex_m,age_ythadult_yge15,geo_cov_rur,2019,11.793
lva,sex_m,age_ythadult_yge15,geo_cov_rur,2020,10.921
lva,sex_m,age_ythadult_yge15,geo_cov_rur,2021,12.8
lva,sex_m,age_ythadult_yge15,geo_cov_rur,2022,11.591
lva,sex_m,age_ythadult_yge15,geo_cov_rur,2023,8.807
lva,sex_m,age_ythadult_yge15,geo_cov_rur,2024,10.555
lva,sex_m,age_ythadult_yge15,geo_cov_urb,2001,19.822
lva,sex_m,age_ythadult_yge15,geo_cov_urb,2002,23.906
lva,sex_m,age_ythadult_yge15,geo_cov_urb,2003,21.077
lva,sex_m,age_ythadult_yge15,geo_cov_urb,2004,17.418
lva,sex_m,age_ythadult_yge15,geo_cov_urb,2005,15.921
lva,sex_m,age_ythadult_yge15,geo_cov_urb,2006,11.368
lva,sex_m,age_ythadult_yge15,geo_cov_urb,2007,9.787
lva,sex_m,age_ythadult_yge15,geo_cov_urb,2008,11.011
lva,sex_m,age_ythadult_yge15,geo_cov_urb,2009,26.366
lva,sex_m,age_ythadult_yge15,geo_cov_urb,2010,29.648
lva,sex_m,age_ythadult_yge15,geo_cov_urb,2011,24.985
lva,sex_m,age_ythadult_yge15,geo_cov_urb,2012,20.491
lva,sex_m,age_ythadult_yge15,geo_cov_urb,2013,16.726
lva,sex_m,age_ythadult_yge15,geo_cov_urb,2014,15.446
lva,sex_m,age_ythadult_yge15,geo_cov_urb,2015,14.061
lva,sex_m,age_ythadult_yge15,geo_cov_urb,2016,14.439
lva,sex_m,age_ythadult_yge15,geo_cov_urb,2017,11.41
lva,sex_m,age_ythadult_yge15,geo_cov_urb,2018,10.161
lva,sex_m,age_ythadult_yge15,geo_cov_urb,2019,10.449
lva,sex_m,age_ythadult_yge15,geo_cov_urb,2020,12.194
lva,sex_m,age_ythadult_yge15,geo_cov_urb,2021,11.253
lva,sex_m,age_ythadult_yge15,geo_cov_urb,2022,10.566
lva,sex_m,age_ythadult_yge15,geo_cov_urb,2023,9.551
lva,sex_m,age_ythadult_yge15,geo_cov_urb,2024,9.487
lva,sex_m,age_ythadult_yge25,geo_cov_nat,2001,18.185
lva,sex_m,age_ythadult_yge25,geo_cov_nat,2002,19.828
lva,sex_m,age_ythadult_yge25,geo_cov_nat,2003,18.797
lva,sex_m,age_ythadult_yge25,geo_cov_nat,2004,15.36
lva,sex_m,age_ythadult_yge25,geo_cov_nat,2005,14.778
lva,sex_m,age_ythadult_yge25,geo_cov_nat,2006,11.533
lva,sex_m,age_ythadult_yge25,geo_cov_nat,2007,9.86
lva,sex_m,age_ythadult_yge25,geo_cov_nat,2008,10.743
lva,sex_m,age_ythadult_yge25,geo_cov_nat,2009,23.359
lva,sex_m,age_ythadult_yge25,geo_cov_nat,2010,25.899
lva,sex_m,age_ythadult_yge25,geo_cov_nat,2011,22.104
lva,sex_m,age_ythadult_yge25,geo_cov_nat,2012,19.478
lva,sex_m,age_ythadult_yge25,geo_cov_nat,2013,16.154
lva,sex_m,age_ythadult_yge25,geo_cov_nat,2014,15.138
lva,sex_m,age_ythadult_yge25,geo_cov_nat,2015,13.981
lva,sex_m,age_ythadult_yge25,geo_cov_nat,2016,13.418
lva,sex_m,age_ythadult_yge25,geo_cov_nat,2017,11.586
lva,sex_m,age_ythadult_yge25,geo_cov_nat,2018,10.382
lva,sex_m,age_ythadult_yge25,geo_cov_nat,2019,9.511
lva,sex_m,age_ythadult_yge25,geo_cov_nat,2020,11.23
lva,sex_m,age_ythadult_yge25,geo_cov_nat,2021,10.945
lva,sex_m,age_ythadult_yge25,geo_cov_nat,2022,9.903
lva,sex_m,age_ythadult_yge25,geo_cov_nat,2023,8.639
lva,sex_m,age_ythadult_yge25,geo_cov_nat,2024,9.244
lva,sex_m,age_ythadult_yge25,geo_cov_rur,2001,17.86
lva,sex_m,age_ythadult_yge25,geo_cov_rur,2002,19.566
lva,sex_m,age_ythadult_yge25,geo_cov_rur,2003,17.149
lva,sex_m,age_ythadult_yge25,geo_cov_rur,2004,15.786
lva,sex_m,age_ythadult_yge25,geo_cov_rur,2005,15.555
lva,sex_m,age_ythadult_yge25,geo_cov_rur,2006,13.238
lva,sex_m,age_ythadult_yge25,geo_cov_rur,2007,11.422
lva,sex_m,age_ythadult_yge25,geo_cov_rur,2008,11.746
lva,sex_m,age_ythadult_yge25,geo_cov_rur,2009,23.389
lva,sex_m,age_ythadult_yge25,geo_cov_rur,2010,24.834
lva,sex_m,age_ythadult_yge25,geo_cov_rur,2011,21.331
lva,sex_m,age_ythadult_yge25,geo_cov_rur,2012,20.517
lva,sex_m,age_ythadult_yge25,geo_cov_rur,2013,16.958
lva,sex_m,age_ythadult_yge25,geo_cov_rur,2014,16.091
lva,sex_m,age_ythadult_yge25,geo_cov_rur,2015,15.205
lva,sex_m,age_ythadult_yge25,geo_cov_rur,2016,13.352
lva,sex_m,age_ythadult_yge25,geo_cov_rur,2017,13.872
lva,sex_m,age_ythadult_yge25,geo_cov_rur,2018,11.971
lva,sex_m,age_ythadult_yge25,geo_cov_rur,2019,10.643
lva,sex_m,age_ythadult_yge25,geo_cov_rur,2020,10.485
lva,sex_m,age_ythadult_yge25,geo_cov_rur,2021,11.682
lva,sex_m,age_ythadult_yge25,geo_cov_rur,2022,10.818
lva,sex_m,age_ythadult_yge25,geo_cov_rur,2023,8.586
lva,sex_m,age_ythadult_yge25,geo_cov_rur,2024,9.818
lva,sex_m,age_ythadult_yge25,geo_cov_urb,2001,18.551
lva,sex_m,age_ythadult_yge25,geo_cov_urb,2002,20.106
lva,sex_m,age_ythadult_yge25,geo_cov_urb,2003,20.45
lva,sex_m,age_ythadult_yge25,geo_cov_urb,2004,14.89
lva,sex_m,age_ythadult_yge25,geo_cov_urb,2005,13.959
lva,sex_m,age_ythadult_yge25,geo_cov_urb,2006,9.694
lva,sex_m,age_ythadult_yge25,geo_cov_urb,2007,8.215
lva,sex_m,age_ythadult_yge25,geo_cov_urb,2008,9.671
lva,sex_m,age_ythadult_yge25,geo_cov_urb,2009,23.327
lva,sex_m,age_ythadult_yge25,geo_cov_urb,2010,27.036
lva,sex_m,age_ythadult_yge25,geo_cov_urb,2011,22.931
lva,sex_m,age_ythadult_yge25,geo_cov_urb,2012,18.851
lva,sex_m,age_ythadult_yge25,geo_cov_urb,2013,15.671
lva,sex_m,age_ythadult_yge25,geo_cov_urb,2014,14.593
lva,sex_m,age_ythadult_yge25,geo_cov_urb,2015,13.288
lva,sex_m,age_ythadult_yge25,geo_cov_urb,2016,13.457
lva,sex_m,age_ythadult_yge25,geo_cov_urb,2017,10.372
lva,sex_m,age_ythadult_yge25,geo_cov_urb,2018,9.494
lva,sex_m,age_ythadult_yge25,geo_cov_urb,2019,8.919
lva,sex_m,age_ythadult_yge25,geo_cov_urb,2020,11.65
lva,sex_m,age_ythadult_yge25,geo_cov_urb,2021,10.557
lva,sex_m,age_ythadult_yge25,geo_cov_urb,2022,9.238
lva,sex_m,age_ythadult_yge25,geo_cov_urb,2023,8.675
lva,sex_m,age_ythadult_yge25,geo_cov_urb,2024,8.863
lva,sex_t,age_aggregate_total,geo_cov_nat,2001,19.702
lva,sex_t,age_aggregate_total,geo_cov_nat,2002,23.307
lva,sex_t,age_aggregate_total,geo_cov_nat,2003,21.21
lva,sex_t,age_aggregate_total,geo_cov_nat,2004,18.97
lva,sex_t,age_aggregate_total,geo_cov_nat,2005,17.106
lva,sex_t,age_aggregate_total,geo_cov_nat,2006,13.432
lva,sex_t,age_aggregate_total,geo_cov_nat,2007,11.757
lva,sex_t,age_aggregate_total,geo_cov_nat,2008,12.253
lva,sex_t,age_aggregate_total,geo_cov_nat,2009,23.615
lva,sex_t,age_aggregate_total,geo_cov_nat,2010,25.756
lva,sex_t,age_aggregate_total,geo_cov_nat,2011,22.54
lva,sex_t,age_aggregate_total,geo_cov_nat,2012,20.521
lva,sex_t,age_aggregate_total,geo_cov_nat,2013,17.298
lva,sex_t,age_aggregate_total,geo_cov_nat,2014,15.423
lva,sex_t,age_aggregate_total,geo_cov_nat,2015,13.986
lva,sex_t,age_aggregate_total,geo_cov_nat,2016,13.507
lva,sex_t,age_aggregate_total,geo_cov_nat,2017,12.002
lva,sex_t,age_aggregate_total,geo_cov_nat,2018,10.171
lva,sex_t,age_aggregate_total,geo_cov_nat,2019,9.687
lva,sex_t,age_aggregate_total,geo_cov_nat,2020,10.908
lva,sex_t,age_aggregate_total,geo_cov_nat,2021,10.9
lva,sex_t,age_aggregate_total,geo_cov_nat,2022,9.738
lva,sex_t,age_aggregate_total,geo_cov_nat,2023,8.65
lva,sex_t,age_aggregate_total,geo_cov_nat,2024,9.212
lva,sex_t,age_aggregate_total,geo_cov_rur,2001,20.473
lva,sex_t,age_aggregate_total,geo_cov_rur,2002,21.592
lva,sex_t,age_aggregate_total,geo_cov_rur,2003,20.415
lva,sex_t,age_aggregate_total,geo_cov_rur,2004,18.085
lva,sex_t,age_aggregate_total,geo_cov_rur,2005,17.205
lva,sex_t,age_aggregate_total,geo_cov_rur,2006,14.128
lva,sex_t,age_aggregate_total,geo_cov_rur,2007,12.699
lva,sex_t,age_aggregate_total,geo_cov_rur,2008,12.979
lva,sex_t,age_aggregate_total,geo_cov_rur,2009,23.528
lva,sex_t,age_aggregate_total,geo_cov_rur,2010,24.885
lva,sex_t,age_aggregate_total,geo_cov_rur,2011,21.982
lva,sex_t,age_aggregate_total,geo_cov_rur,2012,21.441
lva,sex_t,age_aggregate_total,geo_cov_rur,2013,18.989
lva,sex_t,age_aggregate_total,geo_cov_rur,2014,16.887
lva,sex_t,age_aggregate_total,geo_cov_rur,2015,15.477
lva,sex_t,age_aggregate_total,geo_cov_rur,2016,14.342
lva,sex_t,age_aggregate_total,geo_cov_rur,2017,14.286
lva,sex_t,age_aggregate_total,geo_cov_rur,2018,11.919
lva,sex_t,age_aggregate_total,geo_cov_rur,2019,11.086
lva,sex_t,age_aggregate_total,geo_cov_rur,2020,11.344
lva,sex_t,age_aggregate_total,geo_cov_rur,2021,11.476
lva,sex_t,age_aggregate_total,geo_cov_rur,2022,9.879
lva,sex_t,age_aggregate_total,geo_cov_rur,2023,9.097
lva,sex_t,age_aggregate_total,geo_cov_rur,2024,9.594
lva,sex_t,age_aggregate_total,geo_cov_urb,2001,18.863
lva,sex_t,age_aggregate_total,geo_cov_urb,2002,24.995
lva,sex_t,age_aggregate_total,geo_cov_urb,2003,21.96
lva,sex_t,age_aggregate_total,geo_cov_urb,2004,19.84
lva,sex_t,age_aggregate_total,geo_cov_urb,2005,17.006
lva,sex_t,age_aggregate_total,geo_cov_urb,2006,12.717
lva,sex_t,age_aggregate_total,geo_cov_urb,2007,10.832
lva,sex_t,age_aggregate_total,geo_cov_urb,2008,11.52
lva,sex_t,age_aggregate_total,geo_cov_urb,2009,23.703
lva,sex_t,age_aggregate_total,geo_cov_urb,2010,26.629
lva,sex_t,age_aggregate_total,geo_cov_urb,2011,23.106
lva,sex_t,age_aggregate_total,geo_cov_urb,2012,20.003
lva,sex_t,age_aggregate_total,geo_cov_urb,2013,16.352
lva,sex_t,age_aggregate_total,geo_cov_urb,2014,14.637
lva,sex_t,age_aggregate_total,geo_cov_urb,2015,13.179
lva,sex_t,age_aggregate_total,geo_cov_urb,2016,13.047
lva,sex_t,age_aggregate_total,geo_cov_urb,2017,10.855
lva,sex_t,age_aggregate_total,geo_cov_urb,2018,9.276
lva,sex_t,age_aggregate_total,geo_cov_urb,2019,9.02
lva,sex_t,age_aggregate_total,geo_cov_urb,2020,10.688
lva,sex_t,age_aggregate_total,geo_cov_urb,2021,10.625
lva,sex_t,age_aggregate_total,geo_cov_urb,2022,9.643
lva,sex_t,age_aggregate_total,geo_cov_urb,2023,8.367
lva,sex_t,age_aggregate_total,geo_cov_urb,2024,8.974
lva,sex_t,age_aggregate_y15_24,geo_cov_nat,2001,34.187
lva,sex_t,age_aggregate_y15_24,geo_cov_nat,2002,40.322
lva,sex_t,age_aggregate_y15_24,geo_cov_nat,2003,34.852
lva,sex_t,age_aggregate_y15_24,geo_cov_nat,2004,35.687
lva,sex_t,age_aggregate_y15_24,geo_cov_nat,2005,26.854
lva,sex_t,age_aggregate_y15_24,geo_cov_nat,2006,24.055
lva,sex_t,age_aggregate_y15_24,geo_cov_nat,2007,19.92
lva,sex_t,age_aggregate_y15_24,geo_cov_nat,2008,21.673
lva,sex_t,age_aggregate_y15_24,geo_cov_nat,2009,42.391
lva,sex_t,age_aggregate_y15_24,geo_cov_nat,2010,45.474
lva,sex_t,age_aggregate_y15_24,geo_cov_nat,2011,40.683
lva,sex_t,age_aggregate_y15_24,geo_cov_nat,2012,35.752
lva,sex_t,age_aggregate_y15_24,geo_cov_nat,2013,32.359
lva,sex_t,age_aggregate_y15_24,geo_cov_nat,2014,26.83
lva,sex_t,age_aggregate_y15_24,geo_cov_nat,2015,22.356
lva,sex_t,age_aggregate_y15_24,geo_cov_nat,2016,23.78
lva,sex_t,age_aggregate_y15_24,geo_cov_nat,2017,22.635
lva,sex_t,age_aggregate_y15_24,geo_cov_nat,2018,16.093
lva,sex_t,age_aggregate_y15_24,geo_cov_nat,2019,22.874
lva,sex_t,age_aggregate_y15_24,geo_cov_nat,2020,20.472
lva,sex_t,age_aggregate_y15_24,geo_cov_nat,2021,23.819
lva,sex_t,age_aggregate_y15_24,geo_cov_nat,2022,19.083
lva,sex_t,age_aggregate_y15_24,geo_cov_nat,2023,14.722
lva,sex_t,age_aggregate_y15_24,geo_cov_nat,2024,19.202
lva,sex_t,age_aggregate_y15_24,geo_cov_rur,2001,38.401
lva,sex_t,age_aggregate_y15_24,geo_cov_rur,2002,34.989
lva,sex_t,age_aggregate_y15_24,geo_cov_rur,2003,36.625
lva,sex_t,age_aggregate_y15_24,geo_cov_rur,2004,35.411
lva,sex_t,age_aggregate_y15_24,geo_cov_rur,2005,24.977
lva,sex_t,age_aggregate_y15_24,geo_cov_rur,2006,24.026
lva,sex_t,age_aggregate_y15_24,geo_cov_rur,2007,21.599
lva,sex_t,age_aggregate_y15_24,geo_cov_rur,2008,23.336
lva,sex_t,age_aggregate_y15_24,geo_cov_rur,2009,43.09
lva,sex_t,age_aggregate_y15_24,geo_cov_rur,2010,45.736
lva,sex_t,age_aggregate_y15_24,geo_cov_rur,2011,40.86
lva,sex_t,age_aggregate_y15_24,geo_cov_rur,2012,37.767
lva,sex_t,age_aggregate_y15_24,geo_cov_rur,2013,36.912
lva,sex_t,age_aggregate_y15_24,geo_cov_rur,2014,29.688
lva,sex_t,age_aggregate_y15_24,geo_cov_rur,2015,26.193
lva,sex_t,age_aggregate_y15_24,geo_cov_rur,2016,28.051
lva,sex_t,age_aggregate_y15_24,geo_cov_rur,2017,24.076
lva,sex_t,age_aggregate_y15_24,geo_cov_rur,2018,12.985
lva,sex_t,age_aggregate_y15_24,geo_cov_rur,2019,26.939
lva,sex_t,age_aggregate_y15_24,geo_cov_rur,2020,23.648
lva,sex_t,age_aggregate_y15_24,geo_cov_rur,2021,26.625
lva,sex_t,age_aggregate_y15_24,geo_cov_rur,2022,16.874
lva,sex_t,age_aggregate_y15_24,geo_cov_rur,2023,15.358
lva,sex_t,age_aggregate_y15_24,geo_cov_rur,2024,18.592
lva,sex_t,age_aggregate_y15_24,geo_cov_urb,2001,28.865
lva,sex_t,age_aggregate_y15_24,geo_cov_urb,2002,45.165
lva,sex_t,age_aggregate_y15_24,geo_cov_urb,2003,33.086
lva,sex_t,age_aggregate_y15_24,geo_cov_urb,2004,35.922
lva,sex_t,age_aggregate_y15_24,geo_cov_urb,2005,28.807
lva,sex_t,age_aggregate_y15_24,geo_cov_urb,2006,24.083
lva,sex_t,age_aggregate_y15_24,geo_cov_urb,2007,18.292
lva,sex_t,age_aggregate_y15_24,geo_cov_urb,2008,19.911
lva,sex_t,age_aggregate_y15_24,geo_cov_urb,2009,41.63
lva,sex_t,age_aggregate_y15_24,geo_cov_urb,2010,45.202
lva,sex_t,age_aggregate_y15_24,geo_cov_urb,2011,40.496
lva,sex_t,age_aggregate_y15_24,geo_cov_urb,2012,34.422
lva,sex_t,age_aggregate_y15_24,geo_cov_urb,2013,29.509
lva,sex_t,age_aggregate_y15_24,geo_cov_urb,2014,25.074
lva,sex_t,age_aggregate_y15_24,geo_cov_urb,2015,19.81
lva,sex_t,age_aggregate_y15_24,geo_cov_urb,2016,20.902
lva,sex_t,age_aggregate_y15_24,geo_cov_urb,2017,21.796
lva,sex_t,age_aggregate_y15_24,geo_cov_urb,2018,18.24
lva,sex_t,age_aggregate_y15_24,geo_cov_urb,2019,21.213
lva,sex_t,age_aggregate_y15_24,geo_cov_urb,2020,18.636
lva,sex_t,age_aggregate_y15_24,geo_cov_urb,2021,22.547
lva,sex_t,age_aggregate_y15_24,geo_cov_urb,2022,20.461
lva,sex_t,age_aggregate_y15_24,geo_cov_urb,2023,14.376
lva,sex_t,age_aggregate_y15_24,geo_cov_urb,2024,19.515
lva,sex_t,age_aggregate_y25_54,geo_cov_nat,2001,17.482
lva,sex_t,age_aggregate_y25_54,geo_cov_nat,2002,17.937
lva,sex_t,age_aggregate_y25_54,geo_cov_nat,2003,16.042
lva,sex_t,age_aggregate_y25_54,geo_cov_nat,2004,14.281
lva,sex_t,age_aggregate_y25_54,geo_cov_nat,2005,14.184
lva,sex_t,age_aggregate_y25_54,geo_cov_nat,2006,10.939
lva,sex_t,age_aggregate_y25_54,geo_cov_nat,2007,9.611
lva,sex_t,age_aggregate_y25_54,geo_cov_nat,2008,10.488
lva,sex_t,age_aggregate_y25_54,geo_cov_nat,2009,20.205
lva,sex_t,age_aggregate_y25_54,geo_cov_nat,2010,21.914
lva,sex_t,age_aggregate_y25_54,geo_cov_nat,2011,19.138
lva,sex_t,age_aggregate_y25_54,geo_cov_nat,2012,17.766
lva,sex_t,age_aggregate_y25_54,geo_cov_nat,2013,15.049
lva,sex_t,age_aggregate_y25_54,geo_cov_nat,2014,13.588
lva,sex_t,age_aggregate_y25_54,geo_cov_nat,2015,12.562
lva,sex_t,age_aggregate_y25_54,geo_cov_nat,2016,12.046
lva,sex_t,age_aggregate_y25_54,geo_cov_nat,2017,10.746
lva,sex_t,age_aggregate_y25_54,geo_cov_nat,2018,9.582
lva,sex_t,age_aggregate_y25_54,geo_cov_nat,2019,8.439
lva,sex_t,age_aggregate_y25_54,geo_cov_nat,2020,10.328
lva,sex_t,age_aggregate_y25_54,geo_cov_nat,2021,10.372
lva,sex_t,age_aggregate_y25_54,geo_cov_nat,2022,9.329
lva,sex_t,age_aggregate_y25_54,geo_cov_nat,2023,8.295
lva,sex_t,age_aggregate_y25_54,geo_cov_nat,2024,8.742
lva,sex_t,age_aggregate_y25_54,geo_cov_rur,2001,18.06
lva,sex_t,age_aggregate_y25_54,geo_cov_rur,2002,18.761
lva,sex_t,age_aggregate_y25_54,geo_cov_rur,2003,16.315
lva,sex_t,age_aggregate_y25_54,geo_cov_rur,2004,15.317
lva,sex_t,age_aggregate_y25_54,geo_cov_rur,2005,15.544
lva,sex_t,age_aggregate_y25_54,geo_cov_rur,2006,12.305
lva,sex_t,age_aggregate_y25_54,geo_cov_rur,2007,10.682
lva,sex_t,age_aggregate_y25_54,geo_cov_rur,2008,10.891
lva,sex_t,age_aggregate_y25_54,geo_cov_rur,2009,20
lva,sex_t,age_aggregate_y25_54,geo_cov_rur,2010,21.257
lva,sex_t,age_aggregate_y25_54,geo_cov_rur,2011,18.833
lva,sex_t,age_aggregate_y25_54,geo_cov_rur,2012,18.38
lva,sex_t,age_aggregate_y25_54,geo_cov_rur,2013,16.369
lva,sex_t,age_aggregate_y25_54,geo_cov_rur,2014,14.945
lva,sex_t,age_aggregate_y25_54,geo_cov_rur,2015,14.199
lva,sex_t,age_aggregate_y25_54,geo_cov_rur,2016,12.601
lva,sex_t,age_aggregate_y25_54,geo_cov_rur,2017,12.977
lva,sex_t,age_aggregate_y25_54,geo_cov_rur,2018,11.444
lva,sex_t,age_aggregate_y25_54,geo_cov_rur,2019,9.609
lva,sex_t,age_aggregate_y25_54,geo_cov_rur,2020,10.778
lva,sex_t,age_aggregate_y25_54,geo_cov_rur,2021,10.595
lva,sex_t,age_aggregate_y25_54,geo_cov_rur,2022,9.935
lva,sex_t,age_aggregate_y25_54,geo_cov_rur,2023,8.523
lva,sex_t,age_aggregate_y25_54,geo_cov_rur,2024,9.219
lva,sex_t,age_aggregate_y25_54,geo_cov_urb,2001,16.881
lva,sex_t,age_aggregate_y25_54,geo_cov_urb,2002,17.069
lva,sex_t,age_aggregate_y25_54,geo_cov_urb,2003,15.767
lva,sex_t,age_aggregate_y25_54,geo_cov_urb,2004,13.135
lva,sex_t,age_aggregate_y25_54,geo_cov_urb,2005,12.78
lva,sex_t,age_aggregate_y25_54,geo_cov_urb,2006,9.52
lva,sex_t,age_aggregate_y25_54,geo_cov_urb,2007,8.534
lva,sex_t,age_aggregate_y25_54,geo_cov_urb,2008,10.071
lva,sex_t,age_aggregate_y25_54,geo_cov_urb,2009,20.418
lva,sex_t,age_aggregate_y25_54,geo_cov_urb,2010,22.584
lva,sex_t,age_aggregate_y25_54,geo_cov_urb,2011,19.453
lva,sex_t,age_aggregate_y25_54,geo_cov_urb,2012,17.422
lva,sex_t,age_aggregate_y25_54,geo_cov_urb,2013,14.295
lva,sex_t,age_aggregate_y25_54,geo_cov_urb,2014,12.851
lva,sex_t,age_aggregate_y25_54,geo_cov_urb,2015,11.683
lva,sex_t,age_aggregate_y25_54,geo_cov_urb,2016,11.743
lva,sex_t,age_aggregate_y25_54,geo_cov_urb,2017,9.665
lva,sex_t,age_aggregate_y25_54,geo_cov_urb,2018,8.655
lva,sex_t,age_aggregate_y25_54,geo_cov_urb,2019,7.87
lva,sex_t,age_aggregate_y25_54,geo_cov_urb,2020,10.111
lva,sex_t,age_aggregate_y25_54,geo_cov_urb,2021,10.268
lva,sex_t,age_aggregate_y25_54,geo_cov_urb,2022,8.928
lva,sex_t,age_aggregate_y25_54,geo_cov_urb,2023,8.153
lva,sex_t,age_aggregate_y25_54,geo_cov_urb,2024,8.448
lva,sex_t,age_aggregate_y55_64,geo_cov_nat,2001,20.448
lva,sex_t,age_aggregate_y55_64,geo_cov_nat,2002,29.061
lva,sex_t,age_aggregate_y55_64,geo_cov_nat,2003,28.372
lva,sex_t,age_aggregate_y55_64,geo_cov_nat,2004,22.869
lva,sex_t,age_aggregate_y55_64,geo_cov_nat,2005,20.342
lva,sex_t,age_aggregate_y55_64,geo_cov_nat,2006,15.626
lva,sex_t,age_aggregate_y55_64,geo_cov_nat,2007,13.108
lva,sex_t,age_aggregate_y55_64,geo_cov_nat,2008,12.482
lva,sex_t,age_aggregate_y55_64,geo_cov_nat,2009,23.1
lva,sex_t,age_aggregate_y55_64,geo_cov_nat,2010,27.076
lva,sex_t,age_aggregate_y55_64,geo_cov_nat,2011,24.371
lva,sex_t,age_aggregate_y55_64,geo_cov_nat,2012,22.617
lva,sex_t,age_aggregate_y55_64,geo_cov_nat,2013,18.126
lva,sex_t,age_aggregate_y55_64,geo_cov_nat,2014,16.69
lva,sex_t,age_aggregate_y55_64,geo_cov_nat,2015,15.199
lva,sex_t,age_aggregate_y55_64,geo_cov_nat,2016,14.335
lva,sex_t,age_aggregate_y55_64,geo_cov_nat,2017,12.794
lva,sex_t,age_aggregate_y55_64,geo_cov_nat,2018,11.213
lva,sex_t,age_aggregate_y55_64,geo_cov_nat,2019,9.131
lva,sex_t,age_aggregate_y55_64,geo_cov_nat,2020,11.154
lva,sex_t,age_aggregate_y55_64,geo_cov_nat,2021,10.046
lva,sex_t,age_aggregate_y55_64,geo_cov_nat,2022,8.949
lva,sex_t,age_aggregate_y55_64,geo_cov_nat,2023,8.71
lva,sex_t,age_aggregate_y55_64,geo_cov_nat,2024,8.758
lva,sex_t,age_aggregate_y55_64,geo_cov_rur,2001,18.168
lva,sex_t,age_aggregate_y55_64,geo_cov_rur,2002,22.68
lva,sex_t,age_aggregate_y55_64,geo_cov_rur,2003,24.192
lva,sex_t,age_aggregate_y55_64,geo_cov_rur,2004,18.638
lva,sex_t,age_aggregate_y55_64,geo_cov_rur,2005,18.068
lva,sex_t,age_aggregate_y55_64,geo_cov_rur,2006,15.35
lva,sex_t,age_aggregate_y55_64,geo_cov_rur,2007,15.044
lva,sex_t,age_aggregate_y55_64,geo_cov_rur,2008,14.374
lva,sex_t,age_aggregate_y55_64,geo_cov_rur,2009,23.307
lva,sex_t,age_aggregate_y55_64,geo_cov_rur,2010,25.544
lva,sex_t,age_aggregate_y55_64,geo_cov_rur,2011,24.946
lva,sex_t,age_aggregate_y55_64,geo_cov_rur,2012,24.116
lva,sex_t,age_aggregate_y55_64,geo_cov_rur,2013,20.189
lva,sex_t,age_aggregate_y55_64,geo_cov_rur,2014,18.64
lva,sex_t,age_aggregate_y55_64,geo_cov_rur,2015,15.698
lva,sex_t,age_aggregate_y55_64,geo_cov_rur,2016,15.291
lva,sex_t,age_aggregate_y55_64,geo_cov_rur,2017,15.419
lva,sex_t,age_aggregate_y55_64,geo_cov_rur,2018,13.59
lva,sex_t,age_aggregate_y55_64,geo_cov_rur,2019,11.945
lva,sex_t,age_aggregate_y55_64,geo_cov_rur,2020,10.761
lva,sex_t,age_aggregate_y55_64,geo_cov_rur,2021,11.333
lva,sex_t,age_aggregate_y55_64,geo_cov_rur,2022,8.941
lva,sex_t,age_aggregate_y55_64,geo_cov_rur,2023,9.689
lva,sex_t,age_aggregate_y55_64,geo_cov_rur,2024,8.437
lva,sex_t,age_aggregate_y55_64,geo_cov_urb,2001,23.024
lva,sex_t,age_aggregate_y55_64,geo_cov_urb,2002,34.57
lva,sex_t,age_aggregate_y55_64,geo_cov_urb,2003,31.311
lva,sex_t,age_aggregate_y55_64,geo_cov_urb,2004,25.829
lva,sex_t,age_aggregate_y55_64,geo_cov_urb,2005,22.488
lva,sex_t,age_aggregate_y55_64,geo_cov_urb,2006,15.918
lva,sex_t,age_aggregate_y55_64,geo_cov_urb,2007,11.314
lva,sex_t,age_aggregate_y55_64,geo_cov_urb,2008,10.741
lva,sex_t,age_aggregate_y55_64,geo_cov_urb,2009,22.894
lva,sex_t,age_aggregate_y55_64,geo_cov_urb,2010,28.49
lva,sex_t,age_aggregate_y55_64,geo_cov_urb,2011,23.828
lva,sex_t,age_aggregate_y55_64,geo_cov_urb,2012,21.823
lva,sex_t,age_aggregate_y55_64,geo_cov_urb,2013,17.07
lva,sex_t,age_aggregate_y55_64,geo_cov_urb,2014,15.721
lva,sex_t,age_aggregate_y55_64,geo_cov_urb,2015,14.931
lva,sex_t,age_aggregate_y55_64,geo_cov_urb,2016,13.801
lva,sex_t,age_aggregate_y55_64,geo_cov_urb,2017,11.35
lva,sex_t,age_aggregate_y55_64,geo_cov_urb,2018,9.904
lva,sex_t,age_aggregate_y55_64,geo_cov_urb,2019,7.704
lva,sex_t,age_aggregate_y55_64,geo_cov_urb,2020,11.381
lva,sex_t,age_aggregate_y55_64,geo_cov_urb,2021,9.316
lva,sex_t,age_aggregate_y55_64,geo_cov_urb,2022,8.955
lva,sex_t,age_aggregate_y55_64,geo_cov_urb,2023,7.936
lva,sex_t,age_aggregate_y55_64,geo_cov_urb,2024,9.001
lva,sex_t,age_aggregate_yge65,geo_cov_nat,2001,10.007
lva,sex_t,age_aggregate_yge65,geo_cov_nat,2002,45.255
lva,sex_t,age_aggregate_yge65,geo_cov_nat,2003,47.538
lva,sex_t,age_aggregate_yge65,geo_cov_nat,2004,33.83
lva,sex_t,age_aggregate_yge65,geo_cov_nat,2005,27.768
lva,sex_t,age_aggregate_yge65,geo_cov_nat,2006,14.073
lva,sex_t,age_aggregate_yge65,geo_cov_nat,2007,16.331
lva,sex_t,age_aggregate_yge65,geo_cov_nat,2008,11.15
lva,sex_t,age_aggregate_yge65,geo_cov_nat,2009,25.414
lva,sex_t,age_aggregate_yge65,geo_cov_nat,2010,32.458
lva,sex_t,age_aggregate_yge65,geo_cov_nat,2011,30.457
lva,sex_t,age_aggregate_yge65,geo_cov_nat,2012,23.26
lva,sex_t,age_aggregate_yge65,geo_cov_nat,2013,17.463
lva,sex_t,age_aggregate_yge65,geo_cov_nat,2014,17.526
lva,sex_t,age_aggregate_yge65,geo_cov_nat,2015,16.239
lva,sex_t,age_aggregate_yge65,geo_cov_nat,2016,15.277
lva,sex_t,age_aggregate_yge65,geo_cov_nat,2017,10.041
lva,sex_t,age_aggregate_yge65,geo_cov_nat,2018,5.477
lva,sex_t,age_aggregate_yge65,geo_cov_nat,2019,10.835
lva,sex_t,age_aggregate_yge65,geo_cov_nat,2020,4.9
lva,sex_t,age_aggregate_yge65,geo_cov_nat,2021,5.024
lva,sex_t,age_aggregate_yge65,geo_cov_nat,2022,6.053
lva,sex_t,age_aggregate_yge65,geo_cov_nat,2023,5.595
lva,sex_t,age_aggregate_yge65,geo_cov_nat,2024,4.304
lva,sex_t,age_aggregate_yge65,geo_cov_rur,2001,7.576
lva,sex_t,age_aggregate_yge65,geo_cov_rur,2002,31.321
lva,sex_t,age_aggregate_yge65,geo_cov_rur,2003,35.865
lva,sex_t,age_aggregate_yge65,geo_cov_rur,2004,15.012
lva,sex_t,age_aggregate_yge65,geo_cov_rur,2005,19.1
lva,sex_t,age_aggregate_yge65,geo_cov_rur,2006,9.244
lva,sex_t,age_aggregate_yge65,geo_cov_rur,2007,10.097
lva,sex_t,age_aggregate_yge65,geo_cov_rur,2008,10.014
lva,sex_t,age_aggregate_yge65,geo_cov_rur,2009,21.935
lva,sex_t,age_aggregate_yge65,geo_cov_rur,2010,23.934
lva,sex_t,age_aggregate_yge65,geo_cov_rur,2011,12.29
lva,sex_t,age_aggregate_yge65,geo_cov_rur,2012,18.735
lva,sex_t,age_aggregate_yge65,geo_cov_rur,2013,12.205
lva,sex_t,age_aggregate_yge65,geo_cov_rur,2014,11.221
lva,sex_t,age_aggregate_yge65,geo_cov_rur,2015,8.199
lva,sex_t,age_aggregate_yge65,geo_cov_rur,2016,7.66
lva,sex_t,age_aggregate_yge65,geo_cov_rur,2017,9.885
lva,sex_t,age_aggregate_yge65,geo_cov_rur,2018,8.582
lva,sex_t,age_aggregate_yge65,geo_cov_rur,2019,6.188
lva,sex_t,age_aggregate_yge65,geo_cov_rur,2022,4.016
lva,sex_t,age_aggregate_yge65,geo_cov_rur,2024,8.45
lva,sex_t,age_aggregate_yge65,geo_cov_urb,2001,14.661
lva,sex_t,age_aggregate_yge65,geo_cov_urb,2002,53.234
lva,sex_t,age_aggregate_yge65,geo_cov_urb,2003,53.354
lva,sex_t,age_aggregate_yge65,geo_cov_urb,2004,44.569
lva,sex_t,age_aggregate_yge65,geo_cov_urb,2005,33.893
lva,sex_t,age_aggregate_yge65,geo_cov_urb,2006,18.581
lva,sex_t,age_aggregate_yge65,geo_cov_urb,2007,21.425
lva,sex_t,age_aggregate_yge65,geo_cov_urb,2008,12.04
lva,sex_t,age_aggregate_yge65,geo_cov_urb,2009,28.2
lva,sex_t,age_aggregate_yge65,geo_cov_urb,2010,39.376
lva,sex_t,age_aggregate_yge65,geo_cov_urb,2011,44.069
lva,sex_t,age_aggregate_yge65,geo_cov_urb,2012,25.462
lva,sex_t,age_aggregate_yge65,geo_cov_urb,2013,19.514
lva,sex_t,age_aggregate_yge65,geo_cov_urb,2014,20.232
lva,sex_t,age_aggregate_yge65,geo_cov_urb,2015,19.355
lva,sex_t,age_aggregate_yge65,geo_cov_urb,2016,18.302
lva,sex_t,age_aggregate_yge65,geo_cov_urb,2017,10.111
lva,sex_t,age_aggregate_yge65,geo_cov_urb,2018,4.446
lva,sex_t,age_aggregate_yge65,geo_cov_urb,2019,12.293
lva,sex_t,age_aggregate_yge65,geo_cov_urb,2020,5.91
lva,sex_t,age_aggregate_yge65,geo_cov_urb,2021,5.54
lva,sex_t,age_aggregate_yge65,geo_cov_urb,2022,7.167
lva,sex_t,age_aggregate_yge65,geo_cov_urb,2023,5.509
lva,sex_t,age_aggregate_yge65,geo_cov_urb,2024,2.554
lva,sex_t,age_ythadult_y15_24,geo_cov_nat,2001,34.187
lva,sex_t,age_ythadult_y15_24,geo_cov_nat,2002,40.322
lva,sex_t,age_ythadult_y15_24,geo_cov_nat,2003,34.852
lva,sex_t,age_ythadult_y15_24,geo_cov_nat,2004,35.687
lva,sex_t,age_ythadult_y15_24,geo_cov_nat,2005,26.854
lva,sex_t,age_ythadult_y15_24,geo_cov_nat,2006,24.055
lva,sex_t,age_ythadult_y15_24,geo_cov_nat,2007,19.92
lva,sex_t,age_ythadult_y15_24,geo_cov_nat,2008,21.673
lva,sex_t,age_ythadult_y15_24,geo_cov_nat,2009,42.391
lva,sex_t,age_ythadult_y15_24,geo_cov_nat,2010,45.474
lva,sex_t,age_ythadult_y15_24,geo_cov_nat,2011,40.683
lva,sex_t,age_ythadult_y15_24,geo_cov_nat,2012,35.752
lva,sex_t,age_ythadult_y15_24,geo_cov_nat,2013,32.359
lva,sex_t,age_ythadult_y15_24,geo_cov_nat,2014,26.83
lva,sex_t,age_ythadult_y15_24,geo_cov_nat,2015,22.356
lva,sex_t,age_ythadult_y15_24,geo_cov_nat,2016,23.78
lva,sex_t,age_ythadult_y15_24,geo_cov_nat,2017,22.635
lva,sex_t,age_ythadult_y15_24,geo_cov_nat,2018,16.093
lva,sex_t,age_ythadult_y15_24,geo_cov_nat,2019,22.874
lva,sex_t,age_ythadult_y15_24,geo_cov_nat,2020,20.472
lva,sex_t,age_ythadult_y15_24,geo_cov_nat,2021,23.819
lva,sex_t,age_ythadult_y15_24,geo_cov_nat,2022,19.083
lva,sex_t,age_ythadult_y15_24,geo_cov_nat,2023,14.722
lva,sex_t,age_ythadult_y15_24,geo_cov_nat,2024,19.202
lva,sex_t,age_ythadult_y15_24,geo_cov_rur,2001,38.401
lva,sex_t,age_ythadult_y15_24,geo_cov_rur,2002,34.989
lva,sex_t,age_ythadult_y15_24,geo_cov_rur,2003,36.625
lva,sex_t,age_ythadult_y15_24,geo_cov_rur,2004,35.411
lva,sex_t,age_ythadult_y15_24,geo_cov_rur,2005,24.977
lva,sex_t,age_ythadult_y15_24,geo_cov_rur,2006,24.026
lva,sex_t,age_ythadult_y15_24,geo_cov_rur,2007,21.599
lva,sex_t,age_ythadult_y15_24,geo_cov_rur,2008,23.336
lva,sex_t,age_ythadult_y15_24,geo_cov_rur,2009,43.09
lva,sex_t,age_ythadult_y15_24,geo_cov_rur,2010,45.736
lva,sex_t,age_ythadult_y15_24,geo_cov_rur,2011,40.86
lva,sex_t,age_ythadult_y15_24,geo_cov_rur,2012,37.767
lva,sex_t,age_ythadult_y15_24,geo_cov_rur,2013,36.912
lva,sex_t,age_ythadult_y15_24,geo_cov_rur,2014,29.688
lva,sex_t,age_ythadult_y15_24,geo_cov_rur,2015,26.193
lva,sex_t,age_ythadult_y15_24,geo_cov_rur,2016,28.051
lva,sex_t,age_ythadult_y15_24,geo_cov_rur,2017,24.076
lva,sex_t,age_ythadult_y15_24,geo_cov_rur,2018,12.985
lva,sex_t,age_ythadult_y15_24,geo_cov_rur,2019,26.939
lva,sex_t,age_ythadult_y15_24,geo_cov_rur,2020,23.648
lva,sex_t,age_ythadult_y15_24,geo_cov_rur,2021,26.625
lva,sex_t,age_ythadult_y15_24,geo_cov_rur,2022,16.874
lva,sex_t,age_ythadult_y15_24,geo_cov_rur,2023,15.358
lva,sex_t,age_ythadult_y15_24,geo_cov_rur,2024,18.592
lva,sex_t,age_ythadult_y15_24,geo_cov_urb,2001,28.865
lva,sex_t,age_ythadult_y15_24,geo_cov_urb,2002,45.165
lva,sex_t,age_ythadult_y15_24,geo_cov_urb,2003,33.086
lva,sex_t,age_ythadult_y15_24,geo_cov_urb,2004,35.922
lva,sex_t,age_ythadult_y15_24,geo_cov_urb,2005,28.807
lva,sex_t,age_ythadult_y15_24,geo_cov_urb,2006,24.083
lva,sex_t,age_ythadult_y15_24,geo_cov_urb,2007,18.292
lva,sex_t,age_ythadult_y15_24,geo_cov_urb,2008,19.911
lva,sex_t,age_ythadult_y15_24,geo_cov_urb,2009,41.63
lva,sex_t,age_ythadult_y15_24,geo_cov_urb,2010,45.202
lva,sex_t,age_ythadult_y15_24,geo_cov_urb,2011,40.496
lva,sex_t,age_ythadult_y15_24,geo_cov_urb,2012,34.422
lva,sex_t,age_ythadult_y15_24,geo_cov_urb,2013,29.509
lva,sex_t,age_ythadult_y15_24,geo_cov_urb,2014,25.074
lva,sex_t,age_ythadult_y15_24,geo_cov_urb,2015,19.81
lva,sex_t,age_ythadult_y15_24,geo_cov_urb,2016,20.902
lva,sex_t,age_ythadult_y15_24,geo_cov_urb,2017,21.796
lva,sex_t,age_ythadult_y15_24,geo_cov_urb,2018,18.24
lva,sex_t,age_ythadult_y15_24,geo_cov_urb,2019,21.213
lva,sex_t,age_ythadult_y15_24,geo_cov_urb,2020,18.636
lva,sex_t,age_ythadult_y15_24,geo_cov_urb,2021,22.547
lva,sex_t,age_ythadult_y15_24,geo_cov_urb,2022,20.461
lva,sex_t,age_ythadult_y15_24,geo_cov_urb,2023,14.376
lva,sex_t,age_ythadult_y15_24,geo_cov_urb,2024,19.515
lva,sex_t,age_ythadult_y15_64,geo_cov_nat,2001,19.924
lva,sex_t,age_ythadult_y15_64,geo_cov_nat,2002,22.443
lva,sex_t,age_ythadult_y15_64,geo_cov_nat,2003,20.224
lva,sex_t,age_ythadult_y15_64,geo_cov_nat,2004,18.317
lva,sex_t,age_ythadult_y15_64,geo_cov_nat,2005,16.715
lva,sex_t,age_ythadult_y15_64,geo_cov_nat,2006,13.407
lva,sex_t,age_ythadult_y15_64,geo_cov_nat,2007,11.558
lva,sex_t,age_ythadult_y15_64,geo_cov_nat,2008,12.303
lva,sex_t,age_ythadult_y15_64,geo_cov_nat,2009,23.548
lva,sex_t,age_ythadult_y15_64,geo_cov_nat,2010,25.562
lva,sex_t,age_ythadult_y15_64,geo_cov_nat,2011,22.32
lva,sex_t,age_ythadult_y15_64,geo_cov_nat,2012,20.442
lva,sex_t,age_ythadult_y15_64,geo_cov_nat,2013,17.293
lva,sex_t,age_ythadult_y15_64,geo_cov_nat,2014,15.358
lva,sex_t,age_ythadult_y15_64,geo_cov_nat,2015,13.911
lva,sex_t,age_ythadult_y15_64,geo_cov_nat,2016,13.442
lva,sex_t,age_ythadult_y15_64,geo_cov_nat,2017,12.072
lva,sex_t,age_ythadult_y15_64,geo_cov_nat,2018,10.367
lva,sex_t,age_ythadult_y15_64,geo_cov_nat,2019,9.638
lva,sex_t,age_ythadult_y15_64,geo_cov_nat,2020,11.178
lva,sex_t,age_ythadult_y15_64,geo_cov_nat,2021,11.217
lva,sex_t,age_ythadult_y15_64,geo_cov_nat,2022,9.954
lva,sex_t,age_ythadult_y15_64,geo_cov_nat,2023,8.85
lva,sex_t,age_ythadult_y15_64,geo_cov_nat,2024,9.544
lva,sex_t,age_ythadult_y15_64,geo_cov_rur,2001,20.848
lva,sex_t,age_ythadult_y15_64,geo_cov_rur,2002,21.313
lva,sex_t,age_ythadult_y15_64,geo_cov_rur,2003,20.023
lva,sex_t,age_ythadult_y15_64,geo_cov_rur,2004,18.183
lva,sex_t,age_ythadult_y15_64,geo_cov_rur,2005,17.148
lva,sex_t,age_ythadult_y15_64,geo_cov_rur,2006,14.314
lva,sex_t,age_ythadult_y15_64,geo_cov_rur,2007,12.802
lva,sex_t,age_ythadult_y15_64,geo_cov_rur,2008,13.095
lva,sex_t,age_ythadult_y15_64,geo_cov_rur,2009,23.58
lva,sex_t,age_ythadult_y15_64,geo_cov_rur,2010,24.91
lva,sex_t,age_ythadult_y15_64,geo_cov_rur,2011,22.211
lva,sex_t,age_ythadult_y15_64,geo_cov_rur,2012,21.512
lva,sex_t,age_ythadult_y15_64,geo_cov_rur,2013,19.156
lva,sex_t,age_ythadult_y15_64,geo_cov_rur,2014,17.038
lva,sex_t,age_ythadult_y15_64,geo_cov_rur,2015,15.668
lva,sex_t,age_ythadult_y15_64,geo_cov_rur,2016,14.537
lva,sex_t,age_ythadult_y15_64,geo_cov_rur,2017,14.431
lva,sex_t,age_ythadult_y15_64,geo_cov_rur,2018,12.021
lva,sex_t,age_ythadult_y15_64,geo_cov_rur,2019,11.238
lva,sex_t,age_ythadult_y15_64,geo_cov_rur,2020,11.703
lva,sex_t,age_ythadult_y15_64,geo_cov_rur,2021,11.812
lva,sex_t,age_ythadult_y15_64,geo_cov_rur,2022,10.176
lva,sex_t,age_ythadult_y15_64,geo_cov_rur,2023,9.249
lva,sex_t,age_ythadult_y15_64,geo_cov_rur,2024,9.653
lva,sex_t,age_ythadult_y15_64,geo_cov_urb,2001,18.931
lva,sex_t,age_ythadult_y15_64,geo_cov_urb,2002,23.578
lva,sex_t,age_ythadult_y15_64,geo_cov_urb,2003,20.419
lva,sex_t,age_ythadult_y15_64,geo_cov_urb,2004,18.451
lva,sex_t,age_ythadult_y15_64,geo_cov_urb,2005,16.273
lva,sex_t,age_ythadult_y15_64,geo_cov_urb,2006,12.471
lva,sex_t,age_ythadult_y15_64,geo_cov_urb,2007,10.328
lva,sex_t,age_ythadult_y15_64,geo_cov_urb,2008,11.493
lva,sex_t,age_ythadult_y15_64,geo_cov_urb,2009,23.515
lva,sex_t,age_ythadult_y15_64,geo_cov_urb,2010,26.219
lva,sex_t,age_ythadult_y15_64,geo_cov_urb,2011,22.43
lva,sex_t,age_ythadult_y15_64,geo_cov_urb,2012,19.836
lva,sex_t,age_ythadult_y15_64,geo_cov_urb,2013,16.239
lva,sex_t,age_ythadult_y15_64,geo_cov_urb,2014,14.449
lva,sex_t,age_ythadult_y15_64,geo_cov_urb,2015,12.949
lva,sex_t,age_ythadult_y15_64,geo_cov_urb,2016,12.832
lva,sex_t,age_ythadult_y15_64,geo_cov_urb,2017,10.882
lva,sex_t,age_ythadult_y15_64,geo_cov_urb,2018,9.507
lva,sex_t,age_ythadult_y15_64,geo_cov_urb,2019,8.863
lva,sex_t,age_ythadult_y15_64,geo_cov_urb,2020,10.911
lva,sex_t,age_ythadult_y15_64,geo_cov_urb,2021,10.928
lva,sex_t,age_ythadult_y15_64,geo_cov_urb,2022,9.801
lva,sex_t,age_ythadult_y15_64,geo_cov_urb,2023,8.59
lva,sex_t,age_ythadult_y15_64,geo_cov_urb,2024,9.474
lva,sex_t,age_ythadult_yge15,geo_cov_nat,2001,19.702
lva,sex_t,age_ythadult_yge15,geo_cov_nat,2002,23.307
lva,sex_t,age_ythadult_yge15,geo_cov_nat,2003,21.21
lva,sex_t,age_ythadult_yge15,geo_cov_nat,2004,18.97
lva,sex_t,age_ythadult_yge15,geo_cov_nat,2005,17.106
lva,sex_t,age_ythadult_yge15,geo_cov_nat,2006,13.432
lva,sex_t,age_ythadult_yge15,geo_cov_nat,2007,11.757
lva,sex_t,age_ythadult_yge15,geo_cov_nat,2008,12.253
lva,sex_t,age_ythadult_yge15,geo_cov_nat,2009,23.615
lva,sex_t,age_ythadult_yge15,geo_cov_nat,2010,25.756
lva,sex_t,age_ythadult_yge15,geo_cov_nat,2011,22.54
lva,sex_t,age_ythadult_yge15,geo_cov_nat,2012,20.521
lva,sex_t,age_ythadult_yge15,geo_cov_nat,2013,17.298
lva,sex_t,age_ythadult_yge15,geo_cov_nat,2014,15.423
lva,sex_t,age_ythadult_yge15,geo_cov_nat,2015,13.986
lva,sex_t,age_ythadult_yge15,geo_cov_nat,2016,13.507
lva,sex_t,age_ythadult_yge15,geo_cov_nat,2017,12.002
lva,sex_t,age_ythadult_yge15,geo_cov_nat,2018,10.171
lva,sex_t,age_ythadult_yge15,geo_cov_nat,2019,9.687
lva,sex_t,age_ythadult_yge15,geo_cov_nat,2020,10.908
lva,sex_t,age_ythadult_yge15,geo_cov_nat,2021,10.9
lva,sex_t,age_ythadult_yge15,geo_cov_nat,2022,9.738
lva,sex_t,age_ythadult_yge15,geo_cov_nat,2023,8.65
lva,sex_t,age_ythadult_yge15,geo_cov_nat,2024,9.212
lva,sex_t,age_ythadult_yge15,geo_cov_rur,2001,20.473
lva,sex_t,age_ythadult_yge15,geo_cov_rur,2002,21.592
lva,sex_t,age_ythadult_yge15,geo_cov_rur,2003,20.415
lva,sex_t,age_ythadult_yge15,geo_cov_rur,2004,18.085
lva,sex_t,age_ythadult_yge15,geo_cov_rur,2005,17.205
lva,sex_t,age_ythadult_yge15,geo_cov_rur,2006,14.128
lva,sex_t,age_ythadult_yge15,geo_cov_rur,2007,12.699
lva,sex_t,age_ythadult_yge15,geo_cov_rur,2008,12.979
lva,sex_t,age_ythadult_yge15,geo_cov_rur,2009,23.528
lva,sex_t,age_ythadult_yge15,geo_cov_rur,2010,24.885
lva,sex_t,age_ythadult_yge15,geo_cov_rur,2011,21.982
lva,sex_t,age_ythadult_yge15,geo_cov_rur,2012,21.441
lva,sex_t,age_ythadult_yge15,geo_cov_rur,2013,18.989
lva,sex_t,age_ythadult_yge15,geo_cov_rur,2014,16.887
lva,sex_t,age_ythadult_yge15,geo_cov_rur,2015,15.477
lva,sex_t,age_ythadult_yge15,geo_cov_rur,2016,14.342
lva,sex_t,age_ythadult_yge15,geo_cov_rur,2017,14.286
lva,sex_t,age_ythadult_yge15,geo_cov_rur,2018,11.919
lva,sex_t,age_ythadult_yge15,geo_cov_rur,2019,11.086
lva,sex_t,age_ythadult_yge15,geo_cov_rur,2020,11.344
lva,sex_t,age_ythadult_yge15,geo_cov_rur,2021,11.476
lva,sex_t,age_ythadult_yge15,geo_cov_rur,2022,9.879
lva,sex_t,age_ythadult_yge15,geo_cov_rur,2023,9.097
lva,sex_t,age_ythadult_yge15,geo_cov_rur,2024,9.594
lva,sex_t,age_ythadult_yge15,geo_cov_urb,2001,18.863
lva,sex_t,age_ythadult_yge15,geo_cov_urb,2002,24.995
lva,sex_t,age_ythadult_yge15,geo_cov_urb,2003,21.96
lva,sex_t,age_ythadult_yge15,geo_cov_urb,2004,19.84
lva,sex_t,age_ythadult_yge15,geo_cov_urb,2005,17.006
lva,sex_t,age_ythadult_yge15,geo_cov_urb,2006,12.717
lva,sex_t,age_ythadult_yge15,geo_cov_urb,2007,10.832
lva,sex_t,age_ythadult_yge15,geo_cov_urb,2008,11.52
lva,sex_t,age_ythadult_yge15,geo_cov_urb,2009,23.703
lva,sex_t,age_ythadult_yge15,geo_cov_urb,2010,26.629
lva,sex_t,age_ythadult_yge15,geo_cov_urb,2011,23.106
lva,sex_t,age_ythadult_yge15,geo_cov_urb,2012,20.003
lva,sex_t,age_ythadult_yge15,geo_cov_urb,2013,16.352
lva,sex_t,age_ythadult_yge15,geo_cov_urb,2014,14.637
lva,sex_t,age_ythadult_yge15,geo_cov_urb,2015,13.179
lva,sex_t,age_ythadult_yge15,geo_cov_urb,2016,13.047
lva,sex_t,age_ythadult_yge15,geo_cov_urb,2017,10.855
lva,sex_t,age_ythadult_yge15,geo_cov_urb,2018,9.276
lva,sex_t,age_ythadult_yge15,geo_cov_urb,2019,9.02
lva,sex_t,age_ythadult_yge15,geo_cov_urb,2020,10.688
lva,sex_t,age_ythadult_yge15,geo_cov_urb,2021,10.625
lva,sex_t,age_ythadult_yge15,geo_cov_urb,2022,9.643
lva,sex_t,age_ythadult_yge15,geo_cov_urb,2023,8.367
lva,sex_t,age_ythadult_yge15,geo_cov_urb,2024,8.974
lva,sex_t,age_ythadult_yge25,geo_cov_nat,2001,17.655
lva,sex_t,age_ythadult_yge25,geo_cov_nat,2002,20.797
lva,sex_t,age_ythadult_yge25,geo_cov_nat,2003,19.108
lva,sex_t,age_ythadult_yge25,geo_cov_nat,2004,16.464
lva,sex_t,age_ythadult_yge25,geo_cov_nat,2005,15.659
lva,sex_t,age_ythadult_yge25,geo_cov_nat,2006,11.793
lva,sex_t,age_ythadult_yge25,geo_cov_nat,2007,10.486
lva,sex_t,age_ythadult_yge25,geo_cov_nat,2008,10.833
lva,sex_t,age_ythadult_yge25,geo_cov_nat,2009,20.878
lva,sex_t,age_ythadult_yge25,geo_cov_nat,2010,23.071
lva,sex_t,age_ythadult_yge25,geo_cov_nat,2011,20.36
lva,sex_t,age_ythadult_yge25,geo_cov_nat,2012,18.786
lva,sex_t,age_ythadult_yge25,geo_cov_nat,2013,15.674
lva,sex_t,age_ythadult_yge25,geo_cov_nat,2014,14.292
lva,sex_t,age_ythadult_yge25,geo_cov_nat,2015,13.2
lva,sex_t,age_ythadult_yge25,geo_cov_nat,2016,12.626
lva,sex_t,age_ythadult_yge25,geo_cov_nat,2017,11.137
lva,sex_t,age_ythadult_yge25,geo_cov_nat,2018,9.742
lva,sex_t,age_ythadult_yge25,geo_cov_nat,2019,8.693
lva,sex_t,age_ythadult_yge25,geo_cov_nat,2020,10.26
lva,sex_t,age_ythadult_yge25,geo_cov_nat,2021,10.008
lva,sex_t,age_ythadult_yge25,geo_cov_nat,2022,9.053
lva,sex_t,age_ythadult_yge25,geo_cov_nat,2023,8.208
lva,sex_t,age_ythadult_yge25,geo_cov_nat,2024,8.443
lva,sex_t,age_ythadult_yge25,geo_cov_rur,2001,17.733
lva,sex_t,age_ythadult_yge25,geo_cov_rur,2002,19.706
lva,sex_t,age_ythadult_yge25,geo_cov_rur,2003,17.834
lva,sex_t,age_ythadult_yge25,geo_cov_rur,2004,15.699
lva,sex_t,age_ythadult_yge25,geo_cov_rur,2005,16.03
lva,sex_t,age_ythadult_yge25,geo_cov_rur,2006,12.644
lva,sex_t,age_ythadult_yge25,geo_cov_rur,2007,11.323
lva,sex_t,age_ythadult_yge25,geo_cov_rur,2008,11.375
lva,sex_t,age_ythadult_yge25,geo_cov_rur,2009,20.587
lva,sex_t,age_ythadult_yge25,geo_cov_rur,2010,21.988
lva,sex_t,age_ythadult_yge25,geo_cov_rur,2011,19.655
lva,sex_t,age_ythadult_yge25,geo_cov_rur,2012,19.364
lva,sex_t,age_ythadult_yge25,geo_cov_rur,2013,16.899
lva,sex_t,age_ythadult_yge25,geo_cov_rur,2014,15.493
lva,sex_t,age_ythadult_yge25,geo_cov_rur,2015,14.32
lva,sex_t,age_ythadult_yge25,geo_cov_rur,2016,12.994
lva,sex_t,age_ythadult_yge25,geo_cov_rur,2017,13.403
lva,sex_t,age_ythadult_yge25,geo_cov_rur,2018,11.824
lva,sex_t,age_ythadult_yge25,geo_cov_rur,2019,10.021
lva,sex_t,age_ythadult_yge25,geo_cov_rur,2020,10.428
lva,sex_t,age_ythadult_yge25,geo_cov_rur,2021,10.468
lva,sex_t,age_ythadult_yge25,geo_cov_rur,2022,9.394
lva,sex_t,age_ythadult_yge25,geo_cov_rur,2023,8.685
lva,sex_t,age_ythadult_yge25,geo_cov_rur,2024,8.985
lva,sex_t,age_ythadult_yge25,geo_cov_urb,2001,17.572
lva,sex_t,age_ythadult_yge25,geo_cov_urb,2002,21.882
lva,sex_t,age_ythadult_yge25,geo_cov_urb,2003,20.299
lva,sex_t,age_ythadult_yge25,geo_cov_urb,2004,17.232
lva,sex_t,age_ythadult_yge25,geo_cov_urb,2005,15.286
lva,sex_t,age_ythadult_yge25,geo_cov_urb,2006,10.911
lva,sex_t,age_ythadult_yge25,geo_cov_urb,2007,9.663
lva,sex_t,age_ythadult_yge25,geo_cov_urb,2008,10.29
lva,sex_t,age_ythadult_yge25,geo_cov_urb,2009,21.175
lva,sex_t,age_ythadult_yge25,geo_cov_urb,2010,24.151
lva,sex_t,age_ythadult_yge25,geo_cov_urb,2011,21.069
lva,sex_t,age_ythadult_yge25,geo_cov_urb,2012,18.467
lva,sex_t,age_ythadult_yge25,geo_cov_urb,2013,14.997
lva,sex_t,age_ythadult_yge25,geo_cov_urb,2014,13.655
lva,sex_t,age_ythadult_yge25,geo_cov_urb,2015,12.606
lva,sex_t,age_ythadult_yge25,geo_cov_urb,2016,12.427
lva,sex_t,age_ythadult_yge25,geo_cov_urb,2017,10.014
lva,sex_t,age_ythadult_yge25,geo_cov_urb,2018,8.7
lva,sex_t,age_ythadult_yge25,geo_cov_urb,2019,8.052
lva,sex_t,age_ythadult_yge25,geo_cov_urb,2020,10.176
lva,sex_t,age_ythadult_yge25,geo_cov_urb,2021,9.788
lva,sex_t,age_ythadult_yge25,geo_cov_urb,2022,8.82
lva,sex_t,age_ythadult_yge25,geo_cov_urb,2023,7.903
lva,sex_t,age_ythadult_yge25,geo_cov_urb,2024,8.101
mda,sex_f,age_aggregate_total,geo_cov_nat,2000,13.897
mda,sex_f,age_aggregate_total,geo_cov_nat,2001,13.129
mda,sex_f,age_aggregate_total,geo_cov_nat,2002,11.138
mda,sex_f,age_aggregate_total,geo_cov_nat,2003,10.018
mda,sex_f,age_aggregate_total,geo_cov_nat,2004,9.898
mda,sex_f,age_aggregate_total,geo_cov_nat,2005,8.693
mda,sex_f,age_aggregate_total,geo_cov_nat,2006,5.496
mda,sex_f,age_aggregate_total,geo_cov_nat,2007,2.941
mda,sex_f,age_aggregate_total,geo_cov_nat,2008,2.427
mda,sex_f,age_aggregate_total,geo_cov_nat,2009,3.228
mda,sex_f,age_aggregate_total,geo_cov_nat,2010,2.974
mda,sex_f,age_aggregate_total,geo_cov_nat,2011,2.83
mda,sex_f,age_aggregate_total,geo_cov_nat,2012,2.289
mda,sex_f,age_aggregate_total,geo_cov_nat,2013,2.008
mda,sex_f,age_aggregate_total,geo_cov_nat,2014,1.417
mda,sex_f,age_aggregate_total,geo_cov_nat,2015,1.589
mda,sex_f,age_aggregate_total,geo_cov_nat,2016,1.257
mda,sex_f,age_aggregate_total,geo_cov_nat,2017,1.514
mda,sex_f,age_aggregate_total,geo_cov_nat,2018,1.181
mda,sex_f,age_aggregate_total,geo_cov_nat,2019,1.421
mda,sex_f,age_aggregate_total,geo_cov_nat,2020,1.122
mda,sex_f,age_aggregate_total,geo_cov_nat,2021,0.599
mda,sex_f,age_aggregate_total,geo_cov_nat,2022,0.776
mda,sex_f,age_aggregate_total,geo_cov_nat,2023,1.929
mda,sex_f,age_aggregate_total,geo_cov_nat,2024,1.837
mda,sex_f,age_aggregate_total,geo_cov_rur,2000,7.643
mda,sex_f,age_aggregate_total,geo_cov_rur,2001,7.565
mda,sex_f,age_aggregate_total,geo_cov_rur,2002,6.512
mda,sex_f,age_aggregate_total,geo_cov_rur,2003,7.086
mda,sex_f,age_aggregate_total,geo_cov_rur,2004,7.312
mda,sex_f,age_aggregate_total,geo_cov_rur,2005,6.123
mda,sex_f,age_aggregate_total,geo_cov_rur,2006,2.848
mda,sex_f,age_aggregate_total,geo_cov_rur,2007,1.038
mda,sex_f,age_aggregate_total,geo_cov_rur,2008,0.797
mda,sex_f,age_aggregate_total,geo_cov_rur,2009,0.887
mda,sex_f,age_aggregate_total,geo_cov_rur,2010,0.413
mda,sex_f,age_aggregate_total,geo_cov_rur,2011,0.426
mda,sex_f,age_aggregate_total,geo_cov_rur,2012,0.257
mda,sex_f,age_aggregate_total,geo_cov_rur,2013,0.318
mda,sex_f,age_aggregate_total,geo_cov_rur,2014,0.32
mda,sex_f,age_aggregate_total,geo_cov_rur,2015,0.29
mda,sex_f,age_aggregate_total,geo_cov_rur,2016,0.291
mda,sex_f,age_aggregate_total,geo_cov_rur,2017,0.345
mda,sex_f,age_aggregate_total,geo_cov_rur,2018,0.175
mda,sex_f,age_aggregate_total,geo_cov_rur,2019,0.324
mda,sex_f,age_aggregate_total,geo_cov_rur,2020,0.262
mda,sex_f,age_aggregate_total,geo_cov_rur,2021,0.167
mda,sex_f,age_aggregate_total,geo_cov_rur,2023,0.583
mda,sex_f,age_aggregate_total,geo_cov_rur,2024,0.518
mda,sex_f,age_aggregate_total,geo_cov_urb,2000,22.629
mda,sex_f,age_aggregate_total,geo_cov_urb,2001,21.122
mda,sex_f,age_aggregate_total,geo_cov_urb,2002,17.687
mda,sex_f,age_aggregate_total,geo_cov_urb,2003,14.335
mda,sex_f,age_aggregate_total,geo_cov_urb,2004,13.629
mda,sex_f,age_aggregate_total,geo_cov_urb,2005,12.443
mda,sex_f,age_aggregate_total,geo_cov_urb,2006,10.23
mda,sex_f,age_aggregate_total,geo_cov_urb,2007,6.337
mda,sex_f,age_aggregate_total,geo_cov_urb,2008,5.468
mda,sex_f,age_aggregate_total,geo_cov_urb,2009,7.524
mda,sex_f,age_aggregate_total,geo_cov_urb,2010,7.939
mda,sex_f,age_aggregate_total,geo_cov_urb,2011,7.304
mda,sex_f,age_aggregate_total,geo_cov_urb,2012,6.166
mda,sex_f,age_aggregate_total,geo_cov_urb,2013,5.265
mda,sex_f,age_aggregate_total,geo_cov_urb,2014,3.777
mda,sex_f,age_aggregate_total,geo_cov_urb,2015,4.289
mda,sex_f,age_aggregate_total,geo_cov_urb,2016,3.357
mda,sex_f,age_aggregate_total,geo_cov_urb,2017,3.99
mda,sex_f,age_aggregate_total,geo_cov_urb,2018,3.461
mda,sex_f,age_aggregate_total,geo_cov_urb,2019,3.964
mda,sex_f,age_aggregate_total,geo_cov_urb,2020,3.262
mda,sex_f,age_aggregate_total,geo_cov_urb,2021,1.718
mda,sex_f,age_aggregate_total,geo_cov_urb,2022,2.479
mda,sex_f,age_aggregate_total,geo_cov_urb,2023,4.703
mda,sex_f,age_aggregate_total,geo_cov_urb,2024,4.345
mda,sex_f,age_aggregate_y15_24,geo_cov_nat,2000,25.861
mda,sex_f,age_aggregate_y15_24,geo_cov_nat,2001,27.275
mda,sex_f,age_aggregate_y15_24,geo_cov_nat,2002,22.226
mda,sex_f,age_aggregate_y15_24,geo_cov_nat,2003,22.554
mda,sex_f,age_aggregate_y15_24,geo_cov_nat,2004,21.304
mda,sex_f,age_aggregate_y15_24,geo_cov_nat,2005,19.78
mda,sex_f,age_aggregate_y15_24,geo_cov_nat,2006,11.726
mda,sex_f,age_aggregate_y15_24,geo_cov_nat,2007,9.616
mda,sex_f,age_aggregate_y15_24,geo_cov_nat,2008,7.145
mda,sex_f,age_aggregate_y15_24,geo_cov_nat,2009,7.826
mda,sex_f,age_aggregate_y15_24,geo_cov_nat,2010,5.514
mda,sex_f,age_aggregate_y15_24,geo_cov_nat,2011,5.918
mda,sex_f,age_aggregate_y15_24,geo_cov_nat,2012,4.379
mda,sex_f,age_aggregate_y15_24,geo_cov_nat,2013,3.561
mda,sex_f,age_aggregate_y15_24,geo_cov_nat,2014,3.174
mda,sex_f,age_aggregate_y15_24,geo_cov_nat,2015,3.134
mda,sex_f,age_aggregate_y15_24,geo_cov_nat,2016,2.645
mda,sex_f,age_aggregate_y15_24,geo_cov_nat,2017,4.685
mda,sex_f,age_aggregate_y15_24,geo_cov_nat,2018,3.696
mda,sex_f,age_aggregate_y15_24,geo_cov_nat,2019,3.093
mda,sex_f,age_aggregate_y15_24,geo_cov_nat,2020,4.739
mda,sex_f,age_aggregate_y15_24,geo_cov_nat,2021,1.908
mda,sex_f,age_aggregate_y15_24,geo_cov_nat,2022,3.305
mda,sex_f,age_aggregate_y15_24,geo_cov_nat,2023,6.514
mda,sex_f,age_aggregate_y15_24,geo_cov_nat,2024,4.638
mda,sex_f,age_aggregate_y15_24,geo_cov_rur,2000,18.124
mda,sex_f,age_aggregate_y15_24,geo_cov_rur,2001,20.216
mda,sex_f,age_aggregate_y15_24,geo_cov_rur,2002,18.7
mda,sex_f,age_aggregate_y15_24,geo_cov_rur,2003,20.618
mda,sex_f,age_aggregate_y15_24,geo_cov_rur,2004,20.845
mda,sex_f,age_aggregate_y15_24,geo_cov_rur,2005,17.256
mda,sex_f,age_aggregate_y15_24,geo_cov_rur,2006,7.617
mda,sex_f,age_aggregate_y15_24,geo_cov_rur,2007,4.218
mda,sex_f,age_aggregate_y15_24,geo_cov_rur,2008,3.295
mda,sex_f,age_aggregate_y15_24,geo_cov_rur,2009,3.581
mda,sex_f,age_aggregate_y15_24,geo_cov_rur,2010,1.715
mda,sex_f,age_aggregate_y15_24,geo_cov_rur,2011,1.563
mda,sex_f,age_aggregate_y15_24,geo_cov_rur,2012,0.892
mda,sex_f,age_aggregate_y15_24,geo_cov_rur,2013,1.086
mda,sex_f,age_aggregate_y15_24,geo_cov_rur,2014,1.098
mda,sex_f,age_aggregate_y15_24,geo_cov_rur,2015,0.988
mda,sex_f,age_aggregate_y15_24,geo_cov_rur,2016,1.038
mda,sex_f,age_aggregate_y15_24,geo_cov_rur,2017,1.916
mda,sex_f,age_aggregate_y15_24,geo_cov_rur,2018,1.591
mda,sex_f,age_aggregate_y15_24,geo_cov_rur,2019,1.121
mda,sex_f,age_aggregate_y15_24,geo_cov_rur,2021,1.154
mda,sex_f,age_aggregate_y15_24,geo_cov_rur,2023,1.341
mda,sex_f,age_aggregate_y15_24,geo_cov_rur,2024,1.913
mda,sex_f,age_aggregate_y15_24,geo_cov_urb,2000,40.36
mda,sex_f,age_aggregate_y15_24,geo_cov_urb,2001,41.473
mda,sex_f,age_aggregate_y15_24,geo_cov_urb,2002,29.041
mda,sex_f,age_aggregate_y15_24,geo_cov_urb,2003,25.907
mda,sex_f,age_aggregate_y15_24,geo_cov_urb,2004,22.004
mda,sex_f,age_aggregate_y15_24,geo_cov_urb,2005,23.68
mda,sex_f,age_aggregate_y15_24,geo_cov_urb,2006,22.668
mda,sex_f,age_aggregate_y15_24,geo_cov_urb,2007,20.357
mda,sex_f,age_aggregate_y15_24,geo_cov_urb,2008,15.723
mda,sex_f,age_aggregate_y15_24,geo_cov_urb,2009,17.762
mda,sex_f,age_aggregate_y15_24,geo_cov_urb,2010,14.916
mda,sex_f,age_aggregate_y15_24,geo_cov_urb,2011,15.866
mda,sex_f,age_aggregate_y15_24,geo_cov_urb,2012,13.684
mda,sex_f,age_aggregate_y15_24,geo_cov_urb,2013,10.017
mda,sex_f,age_aggregate_y15_24,geo_cov_urb,2014,9.378
mda,sex_f,age_aggregate_y15_24,geo_cov_urb,2015,9.535
mda,sex_f,age_aggregate_y15_24,geo_cov_urb,2016,7.76
mda,sex_f,age_aggregate_y15_24,geo_cov_urb,2017,11.93
mda,sex_f,age_aggregate_y15_24,geo_cov_urb,2018,8.73
mda,sex_f,age_aggregate_y15_24,geo_cov_urb,2019,8.185
mda,sex_f,age_aggregate_y15_24,geo_cov_urb,2020,13.55
mda,sex_f,age_aggregate_y15_24,geo_cov_urb,2021,4.276
mda,sex_f,age_aggregate_y15_24,geo_cov_urb,2022,11.734
mda,sex_f,age_aggregate_y15_24,geo_cov_urb,2023,15.236
mda,sex_f,age_aggregate_y15_24,geo_cov_urb,2024,8.99
mda,sex_f,age_aggregate_y25_54,geo_cov_nat,2000,13.353
mda,sex_f,age_aggregate_y25_54,geo_cov_nat,2001,12.103
mda,sex_f,age_aggregate_y25_54,geo_cov_nat,2002,10.533
mda,sex_f,age_aggregate_y25_54,geo_cov_nat,2003,10.072
mda,sex_f,age_aggregate_y25_54,geo_cov_nat,2004,10.166
mda,sex_f,age_aggregate_y25_54,geo_cov_nat,2005,9.113
mda,sex_f,age_aggregate_y25_54,geo_cov_nat,2006,5.67
mda,sex_f,age_aggregate_y25_54,geo_cov_nat,2007,2.821
mda,sex_f,age_aggregate_y25_54,geo_cov_nat,2008,2.414
mda,sex_f,age_aggregate_y25_54,geo_cov_nat,2009,3.36
mda,sex_f,age_aggregate_y25_54,geo_cov_nat,2010,3.418
mda,sex_f,age_aggregate_y25_54,geo_cov_nat,2011,3.144
mda,sex_f,age_aggregate_y25_54,geo_cov_nat,2012,2.599
mda,sex_f,age_aggregate_y25_54,geo_cov_nat,2013,2.424
mda,sex_f,age_aggregate_y25_54,geo_cov_nat,2014,1.829
mda,sex_f,age_aggregate_y25_54,geo_cov_nat,2015,1.963
mda,sex_f,age_aggregate_y25_54,geo_cov_nat,2016,1.652
mda,sex_f,age_aggregate_y25_54,geo_cov_nat,2017,1.915
mda,sex_f,age_aggregate_y25_54,geo_cov_nat,2018,1.392
mda,sex_f,age_aggregate_y25_54,geo_cov_nat,2019,2.024
mda,sex_f,age_aggregate_y25_54,geo_cov_nat,2020,1.395
mda,sex_f,age_aggregate_y25_54,geo_cov_nat,2021,0.732
mda,sex_f,age_aggregate_y25_54,geo_cov_nat,2022,0.904
mda,sex_f,age_aggregate_y25_54,geo_cov_nat,2023,2.33
mda,sex_f,age_aggregate_y25_54,geo_cov_nat,2024,2.465
mda,sex_f,age_aggregate_y25_54,geo_cov_rur,2000,7.149
mda,sex_f,age_aggregate_y25_54,geo_cov_rur,2001,6.504
mda,sex_f,age_aggregate_y25_54,geo_cov_rur,2002,5.504
mda,sex_f,age_aggregate_y25_54,geo_cov_rur,2003,7.073
mda,sex_f,age_aggregate_y25_54,geo_cov_rur,2004,7.426
mda,sex_f,age_aggregate_y25_54,geo_cov_rur,2005,6.673
mda,sex_f,age_aggregate_y25_54,geo_cov_rur,2006,2.939
mda,sex_f,age_aggregate_y25_54,geo_cov_rur,2007,0.967
mda,sex_f,age_aggregate_y25_54,geo_cov_rur,2008,0.7
mda,sex_f,age_aggregate_y25_54,geo_cov_rur,2009,0.733
mda,sex_f,age_aggregate_y25_54,geo_cov_rur,2010,0.313
mda,sex_f,age_aggregate_y25_54,geo_cov_rur,2011,0.38
mda,sex_f,age_aggregate_y25_54,geo_cov_rur,2012,0.251
mda,sex_f,age_aggregate_y25_54,geo_cov_rur,2013,0.316
mda,sex_f,age_aggregate_y25_54,geo_cov_rur,2014,0.349
mda,sex_f,age_aggregate_y25_54,geo_cov_rur,2015,0.308
mda,sex_f,age_aggregate_y25_54,geo_cov_rur,2016,0.345
mda,sex_f,age_aggregate_y25_54,geo_cov_rur,2017,0.312
mda,sex_f,age_aggregate_y25_54,geo_cov_rur,2018,0.122
mda,sex_f,age_aggregate_y25_54,geo_cov_rur,2019,0.458
mda,sex_f,age_aggregate_y25_54,geo_cov_rur,2020,0.352
mda,sex_f,age_aggregate_y25_54,geo_cov_rur,2021,0.119
mda,sex_f,age_aggregate_y25_54,geo_cov_rur,2023,0.822
mda,sex_f,age_aggregate_y25_54,geo_cov_rur,2024,0.794
mda,sex_f,age_aggregate_y25_54,geo_cov_urb,2000,20.572
mda,sex_f,age_aggregate_y25_54,geo_cov_urb,2001,18.758
mda,sex_f,age_aggregate_y25_54,geo_cov_urb,2002,16.55
mda,sex_f,age_aggregate_y25_54,geo_cov_urb,2003,13.691
mda,sex_f,age_aggregate_y25_54,geo_cov_urb,2004,13.535
mda,sex_f,age_aggregate_y25_54,geo_cov_urb,2005,12.088
mda,sex_f,age_aggregate_y25_54,geo_cov_urb,2006,9.377
mda,sex_f,age_aggregate_y25_54,geo_cov_urb,2007,5.346
mda,sex_f,age_aggregate_y25_54,geo_cov_urb,2008,4.861
mda,sex_f,age_aggregate_y25_54,geo_cov_urb,2009,7.119
mda,sex_f,age_aggregate_y25_54,geo_cov_urb,2010,7.99
mda,sex_f,age_aggregate_y25_54,geo_cov_urb,2011,7.271
mda,sex_f,age_aggregate_y25_54,geo_cov_urb,2012,6.156
mda,sex_f,age_aggregate_y25_54,geo_cov_urb,2013,5.706
mda,sex_f,age_aggregate_y25_54,geo_cov_urb,2014,4.338
mda,sex_f,age_aggregate_y25_54,geo_cov_urb,2015,4.703
mda,sex_f,age_aggregate_y25_54,geo_cov_urb,2016,3.918
mda,sex_f,age_aggregate_y25_54,geo_cov_urb,2017,4.617
mda,sex_f,age_aggregate_y25_54,geo_cov_urb,2018,3.542
mda,sex_f,age_aggregate_y25_54,geo_cov_urb,2019,4.637
mda,sex_f,age_aggregate_y25_54,geo_cov_urb,2020,3.306
mda,sex_f,age_aggregate_y25_54,geo_cov_urb,2021,1.906
mda,sex_f,age_aggregate_y25_54,geo_cov_urb,2022,2.216
mda,sex_f,age_aggregate_y25_54,geo_cov_urb,2023,4.508
mda,sex_f,age_aggregate_y25_54,geo_cov_urb,2024,4.75
mda,sex_f,age_aggregate_y55_64,geo_cov_nat,2000,6.235
mda,sex_f,age_aggregate_y55_64,geo_cov_nat,2001,5.287
mda,sex_f,age_aggregate_y55_64,geo_cov_nat,2002,5.332
mda,sex_f,age_aggregate_y55_64,geo_cov_nat,2003,3.857
mda,sex_f,age_aggregate_y55_64,geo_cov_nat,2004,4.428
mda,sex_f,age_aggregate_y55_64,geo_cov_nat,2005,4.026
mda,sex_f,age_aggregate_y55_64,geo_cov_nat,2006,2.797
mda,sex_f,age_aggregate_y55_64,geo_cov_nat,2007,1.067
mda,sex_f,age_aggregate_y55_64,geo_cov_nat,2008,0.96
mda,sex_f,age_aggregate_y55_64,geo_cov_nat,2009,1.54
mda,sex_f,age_aggregate_y55_64,geo_cov_nat,2010,1.185
mda,sex_f,age_aggregate_y55_64,geo_cov_nat,2011,1.126
mda,sex_f,age_aggregate_y55_64,geo_cov_nat,2012,1.268
mda,sex_f,age_aggregate_y55_64,geo_cov_nat,2013,0.902
mda,sex_f,age_aggregate_y55_64,geo_cov_nat,2014,0.141
mda,sex_f,age_aggregate_y55_64,geo_cov_nat,2015,0.672
mda,sex_f,age_aggregate_y55_64,geo_cov_nat,2016,0.291
mda,sex_f,age_aggregate_y55_64,geo_cov_nat,2017,0.138
mda,sex_f,age_aggregate_y55_64,geo_cov_nat,2018,0.664
mda,sex_f,age_aggregate_y55_64,geo_cov_nat,2019,0.291
mda,sex_f,age_aggregate_y55_64,geo_cov_nat,2020,0.175
mda,sex_f,age_aggregate_y55_64,geo_cov_nat,2021,0.392
mda,sex_f,age_aggregate_y55_64,geo_cov_nat,2022,0.375
mda,sex_f,age_aggregate_y55_64,geo_cov_nat,2023,1.091
mda,sex_f,age_aggregate_y55_64,geo_cov_nat,2024,0.84
mda,sex_f,age_aggregate_y55_64,geo_cov_rur,2003,0.93
mda,sex_f,age_aggregate_y55_64,geo_cov_rur,2004,1.818
mda,sex_f,age_aggregate_y55_64,geo_cov_rur,2005,1.302
mda,sex_f,age_aggregate_y55_64,geo_cov_rur,2006,0.757
mda,sex_f,age_aggregate_y55_64,geo_cov_rur,2007,0.219
mda,sex_f,age_aggregate_y55_64,geo_cov_rur,2008,0.142
mda,sex_f,age_aggregate_y55_64,geo_cov_rur,2009,0.166
mda,sex_f,age_aggregate_y55_64,geo_cov_rur,2023,0.503
mda,sex_f,age_aggregate_y55_64,geo_cov_urb,2000,20.707
mda,sex_f,age_aggregate_y55_64,geo_cov_urb,2001,17.863
mda,sex_f,age_aggregate_y55_64,geo_cov_urb,2002,15.296
mda,sex_f,age_aggregate_y55_64,geo_cov_urb,2003,9.809
mda,sex_f,age_aggregate_y55_64,geo_cov_urb,2004,9.402
mda,sex_f,age_aggregate_y55_64,geo_cov_urb,2005,8.641
mda,sex_f,age_aggregate_y55_64,geo_cov_urb,2006,7.513
mda,sex_f,age_aggregate_y55_64,geo_cov_urb,2007,3.012
mda,sex_f,age_aggregate_y55_64,geo_cov_urb,2008,2.738
mda,sex_f,age_aggregate_y55_64,geo_cov_urb,2009,4.283
mda,sex_f,age_aggregate_y55_64,geo_cov_urb,2010,3.866
mda,sex_f,age_aggregate_y55_64,geo_cov_urb,2011,3.39
mda,sex_f,age_aggregate_y55_64,geo_cov_urb,2012,3.846
mda,sex_f,age_aggregate_y55_64,geo_cov_urb,2013,2.696
mda,sex_f,age_aggregate_y55_64,geo_cov_urb,2014,0.356
mda,sex_f,age_aggregate_y55_64,geo_cov_urb,2015,2.043
mda,sex_f,age_aggregate_y55_64,geo_cov_urb,2016,0.981
mda,sex_f,age_aggregate_y55_64,geo_cov_urb,2018,2.642
mda,sex_f,age_aggregate_y55_64,geo_cov_urb,2019,1.041
mda,sex_f,age_aggregate_y55_64,geo_cov_urb,2021,1.129
mda,sex_f,age_aggregate_y55_64,geo_cov_urb,2022,1.562
mda,sex_f,age_aggregate_y55_64,geo_cov_urb,2023,2.806
mda,sex_f,age_aggregate_y55_64,geo_cov_urb,2024,2.326
mda,sex_f,age_aggregate_yge65,geo_cov_nat,2000,0.92
mda,sex_f,age_aggregate_yge65,geo_cov_nat,2001,0.868
mda,sex_f,age_aggregate_yge65,geo_cov_nat,2002,0.698
mda,sex_f,age_aggregate_yge65,geo_cov_nat,2003,0.649
mda,sex_f,age_aggregate_yge65,geo_cov_nat,2004,0.581
mda,sex_f,age_aggregate_yge65,geo_cov_nat,2005,0.441
mda,sex_f,age_aggregate_yge65,geo_cov_nat,2006,0.501
mda,sex_f,age_aggregate_yge65,geo_cov_nat,2023,0.254
mda,sex_f,age_aggregate_yge65,geo_cov_nat,2024,0.368
mda,sex_f,age_aggregate_yge65,geo_cov_urb,2000,6.597
mda,sex_f,age_aggregate_yge65,geo_cov_urb,2001,12.108
mda,sex_f,age_aggregate_yge65,geo_cov_urb,2002,7.357
mda,sex_f,age_aggregate_yge65,geo_cov_urb,2003,4.9
mda,sex_f,age_aggregate_yge65,geo_cov_urb,2004,3.222
mda,sex_f,age_aggregate_yge65,geo_cov_urb,2005,2.727
mda,sex_f,age_aggregate_yge65,geo_cov_urb,2006,4.721
mda,sex_f,age_aggregate_yge65,geo_cov_urb,2023,1.73
mda,sex_f,age_aggregate_yge65,geo_cov_urb,2024,2.299
mda,sex_f,age_ythadult_y15_24,geo_cov_nat,2000,25.861
mda,sex_f,age_ythadult_y15_24,geo_cov_nat,2001,27.275
mda,sex_f,age_ythadult_y15_24,geo_cov_nat,2002,22.226
mda,sex_f,age_ythadult_y15_24,geo_cov_nat,2003,22.554
mda,sex_f,age_ythadult_y15_24,geo_cov_nat,2004,21.304
mda,sex_f,age_ythadult_y15_24,geo_cov_nat,2005,19.78
mda,sex_f,age_ythadult_y15_24,geo_cov_nat,2006,11.726
mda,sex_f,age_ythadult_y15_24,geo_cov_nat,2007,9.616
mda,sex_f,age_ythadult_y15_24,geo_cov_nat,2008,7.145
mda,sex_f,age_ythadult_y15_24,geo_cov_nat,2009,7.826
mda,sex_f,age_ythadult_y15_24,geo_cov_nat,2010,5.514
mda,sex_f,age_ythadult_y15_24,geo_cov_nat,2011,5.918
mda,sex_f,age_ythadult_y15_24,geo_cov_nat,2012,4.379
mda,sex_f,age_ythadult_y15_24,geo_cov_nat,2013,3.561
mda,sex_f,age_ythadult_y15_24,geo_cov_nat,2014,3.174
mda,sex_f,age_ythadult_y15_24,geo_cov_nat,2015,3.134
mda,sex_f,age_ythadult_y15_24,geo_cov_nat,2016,2.645
mda,sex_f,age_ythadult_y15_24,geo_cov_nat,2017,4.685
mda,sex_f,age_ythadult_y15_24,geo_cov_nat,2018,3.696
mda,sex_f,age_ythadult_y15_24,geo_cov_nat,2019,3.093
mda,sex_f,age_ythadult_y15_24,geo_cov_nat,2020,4.739
mda,sex_f,age_ythadult_y15_24,geo_cov_nat,2021,1.908
mda,sex_f,age_ythadult_y15_24,geo_cov_nat,2022,3.305
mda,sex_f,age_ythadult_y15_24,geo_cov_nat,2023,6.514
mda,sex_f,age_ythadult_y15_24,geo_cov_nat,2024,4.638
mda,sex_f,age_ythadult_y15_24,geo_cov_rur,2000,18.124
mda,sex_f,age_ythadult_y15_24,geo_cov_rur,2001,20.216
mda,sex_f,age_ythadult_y15_24,geo_cov_rur,2002,18.7
mda,sex_f,age_ythadult_y15_24,geo_cov_rur,2003,20.618
mda,sex_f,age_ythadult_y15_24,geo_cov_rur,2004,20.845
mda,sex_f,age_ythadult_y15_24,geo_cov_rur,2005,17.256
mda,sex_f,age_ythadult_y15_24,geo_cov_rur,2006,7.617
mda,sex_f,age_ythadult_y15_24,geo_cov_rur,2007,4.218
mda,sex_f,age_ythadult_y15_24,geo_cov_rur,2008,3.295
mda,sex_f,age_ythadult_y15_24,geo_cov_rur,2009,3.581
mda,sex_f,age_ythadult_y15_24,geo_cov_rur,2010,1.715
mda,sex_f,age_ythadult_y15_24,geo_cov_rur,2011,1.563
mda,sex_f,age_ythadult_y15_24,geo_cov_rur,2012,0.892
mda,sex_f,age_ythadult_y15_24,geo_cov_rur,2013,1.086
mda,sex_f,age_ythadult_y15_24,geo_cov_rur,2014,1.098
mda,sex_f,age_ythadult_y15_24,geo_cov_rur,2015,0.988
mda,sex_f,age_ythadult_y15_24,geo_cov_rur,2016,1.038
mda,sex_f,age_ythadult_y15_24,geo_cov_rur,2017,1.916
mda,sex_f,age_ythadult_y15_24,geo_cov_rur,2018,1.591
mda,sex_f,age_ythadult_y15_24,geo_cov_rur,2019,1.121
mda,sex_f,age_ythadult_y15_24,geo_cov_rur,2021,1.154
mda,sex_f,age_ythadult_y15_24,geo_cov_rur,2023,1.341
mda,sex_f,age_ythadult_y15_24,geo_cov_rur,2024,1.913
mda,sex_f,age_ythadult_y15_24,geo_cov_urb,2000,40.36
mda,sex_f,age_ythadult_y15_24,geo_cov_urb,2001,41.473
mda,sex_f,age_ythadult_y15_24,geo_cov_urb,2002,29.041
mda,sex_f,age_ythadult_y15_24,geo_cov_urb,2003,25.907
mda,sex_f,age_ythadult_y15_24,geo_cov_urb,2004,22.004
mda,sex_f,age_ythadult_y15_24,geo_cov_urb,2005,23.68
mda,sex_f,age_ythadult_y15_24,geo_cov_urb,2006,22.668
mda,sex_f,age_ythadult_y15_24,geo_cov_urb,2007,20.357
mda,sex_f,age_ythadult_y15_24,geo_cov_urb,2008,15.723
mda,sex_f,age_ythadult_y15_24,geo_cov_urb,2009,17.762
mda,sex_f,age_ythadult_y15_24,geo_cov_urb,2010,14.916
mda,sex_f,age_ythadult_y15_24,geo_cov_urb,2011,15.866
mda,sex_f,age_ythadult_y15_24,geo_cov_urb,2012,13.684
mda,sex_f,age_ythadult_y15_24,geo_cov_urb,2013,10.017
mda,sex_f,age_ythadult_y15_24,geo_cov_urb,2014,9.378
mda,sex_f,age_ythadult_y15_24,geo_cov_urb,2015,9.535
mda,sex_f,age_ythadult_y15_24,geo_cov_urb,2016,7.76
mda,sex_f,age_ythadult_y15_24,geo_cov_urb,2017,11.93
mda,sex_f,age_ythadult_y15_24,geo_cov_urb,2018,8.73
mda,sex_f,age_ythadult_y15_24,geo_cov_urb,2019,8.185
mda,sex_f,age_ythadult_y15_24,geo_cov_urb,2020,13.55
mda,sex_f,age_ythadult_y15_24,geo_cov_urb,2021,4.276
mda,sex_f,age_ythadult_y15_24,geo_cov_urb,2022,11.734
mda,sex_f,age_ythadult_y15_24,geo_cov_urb,2023,15.236
mda,sex_f,age_ythadult_y15_24,geo_cov_urb,2024,8.99
mda,sex_f,age_ythadult_y15_64,geo_cov_nat,2000,14.542
mda,sex_f,age_ythadult_y15_64,geo_cov_nat,2001,13.695
mda,sex_f,age_ythadult_y15_64,geo_cov_nat,2002,11.678
mda,sex_f,age_ythadult_y15_64,geo_cov_nat,2003,10.898
mda,sex_f,age_ythadult_y15_64,geo_cov_nat,2004,10.755
mda,sex_f,age_ythadult_y15_64,geo_cov_nat,2005,9.618
mda,sex_f,age_ythadult_y15_64,geo_cov_nat,2006,6.064
mda,sex_f,age_ythadult_y15_64,geo_cov_nat,2007,3.349
mda,sex_f,age_ythadult_y15_64,geo_cov_nat,2008,2.769
mda,sex_f,age_ythadult_y15_64,geo_cov_nat,2009,3.632
mda,sex_f,age_ythadult_y15_64,geo_cov_nat,2010,3.354
mda,sex_f,age_ythadult_y15_64,geo_cov_nat,2011,3.196
mda,sex_f,age_ythadult_y15_64,geo_cov_nat,2012,2.59
mda,sex_f,age_ythadult_y15_64,geo_cov_nat,2013,2.285
mda,sex_f,age_ythadult_y15_64,geo_cov_nat,2014,1.627
mda,sex_f,age_ythadult_y15_64,geo_cov_nat,2015,1.828
mda,sex_f,age_ythadult_y15_64,geo_cov_nat,2016,1.458
mda,sex_f,age_ythadult_y15_64,geo_cov_nat,2017,1.772
mda,sex_f,age_ythadult_y15_64,geo_cov_nat,2018,1.407
mda,sex_f,age_ythadult_y15_64,geo_cov_nat,2019,1.695
mda,sex_f,age_ythadult_y15_64,geo_cov_nat,2020,1.35
mda,sex_f,age_ythadult_y15_64,geo_cov_nat,2021,0.733
mda,sex_f,age_ythadult_y15_64,geo_cov_nat,2022,0.942
mda,sex_f,age_ythadult_y15_64,geo_cov_nat,2023,2.315
mda,sex_f,age_ythadult_y15_64,geo_cov_nat,2024,2.203
mda,sex_f,age_ythadult_y15_64,geo_cov_rur,2000,8.219
mda,sex_f,age_ythadult_y15_64,geo_cov_rur,2001,8.13
mda,sex_f,age_ythadult_y15_64,geo_cov_rur,2002,7.047
mda,sex_f,age_ythadult_y15_64,geo_cov_rur,2003,8.099
mda,sex_f,age_ythadult_y15_64,geo_cov_rur,2004,8.28
mda,sex_f,age_ythadult_y15_64,geo_cov_rur,2005,7.139
mda,sex_f,age_ythadult_y15_64,geo_cov_rur,2006,3.32
mda,sex_f,age_ythadult_y15_64,geo_cov_rur,2007,1.254
mda,sex_f,age_ythadult_y15_64,geo_cov_rur,2008,0.962
mda,sex_f,age_ythadult_y15_64,geo_cov_rur,2009,1.049
mda,sex_f,age_ythadult_y15_64,geo_cov_rur,2010,0.49
mda,sex_f,age_ythadult_y15_64,geo_cov_rur,2012,0.303
mda,sex_f,age_ythadult_y15_64,geo_cov_rur,2013,0.372
mda,sex_f,age_ythadult_y15_64,geo_cov_rur,2014,0.381
mda,sex_f,age_ythadult_y15_64,geo_cov_rur,2015,0.344
mda,sex_f,age_ythadult_y15_64,geo_cov_rur,2016,0.349
mda,sex_f,age_ythadult_y15_64,geo_cov_rur,2017,0.418
mda,sex_f,age_ythadult_y15_64,geo_cov_rur,2019,0.406
mda,sex_f,age_ythadult_y15_64,geo_cov_rur,2023,0.764
mda,sex_f,age_ythadult_y15_64,geo_cov_rur,2024,0.696
mda,sex_f,age_ythadult_y15_64,geo_cov_urb,2000,22.866
mda,sex_f,age_ythadult_y15_64,geo_cov_urb,2001,21.192
mda,sex_f,age_ythadult_y15_64,geo_cov_urb,2002,17.805
mda,sex_f,age_ythadult_y15_64,geo_cov_urb,2003,14.608
mda,sex_f,age_ythadult_y15_64,geo_cov_urb,2004,14.03
mda,sex_f,age_ythadult_y15_64,geo_cov_urb,2005,12.848
mda,sex_f,age_ythadult_y15_64,geo_cov_urb,2006,10.402
mda,sex_f,age_ythadult_y15_64,geo_cov_urb,2007,6.566
mda,sex_f,age_ythadult_y15_64,geo_cov_urb,2008,5.67
mda,sex_f,age_ythadult_y15_64,geo_cov_urb,2009,7.777
mda,sex_f,age_ythadult_y15_64,geo_cov_urb,2010,8.214
mda,sex_f,age_ythadult_y15_64,geo_cov_urb,2011,7.688
mda,sex_f,age_ythadult_y15_64,geo_cov_urb,2012,6.514
mda,sex_f,age_ythadult_y15_64,geo_cov_urb,2013,5.623
mda,sex_f,age_ythadult_y15_64,geo_cov_urb,2014,4.043
mda,sex_f,age_ythadult_y15_64,geo_cov_urb,2015,4.614
mda,sex_f,age_ythadult_y15_64,geo_cov_urb,2016,3.64
mda,sex_f,age_ythadult_y15_64,geo_cov_urb,2017,4.36
mda,sex_f,age_ythadult_y15_64,geo_cov_urb,2018,3.757
mda,sex_f,age_ythadult_y15_64,geo_cov_urb,2019,4.257
mda,sex_f,age_ythadult_y15_64,geo_cov_urb,2020,3.524
mda,sex_f,age_ythadult_y15_64,geo_cov_urb,2021,1.892
mda,sex_f,age_ythadult_y15_64,geo_cov_urb,2022,2.679
mda,sex_f,age_ythadult_y15_64,geo_cov_urb,2023,4.977
mda,sex_f,age_ythadult_y15_64,geo_cov_urb,2024,4.554
mda,sex_f,age_ythadult_yge15,geo_cov_nat,2000,13.897
mda,sex_f,age_ythadult_yge15,geo_cov_nat,2001,13.129
mda,sex_f,age_ythadult_yge15,geo_cov_nat,2002,11.138
mda,sex_f,age_ythadult_yge15,geo_cov_nat,2003,10.018
mda,sex_f,age_ythadult_yge15,geo_cov_nat,2004,9.898
mda,sex_f,age_ythadult_yge15,geo_cov_nat,2005,8.693
mda,sex_f,age_ythadult_yge15,geo_cov_nat,2006,5.496
mda,sex_f,age_ythadult_yge15,geo_cov_nat,2007,2.941
mda,sex_f,age_ythadult_yge15,geo_cov_nat,2008,2.427
mda,sex_f,age_ythadult_yge15,geo_cov_nat,2009,3.228
mda,sex_f,age_ythadult_yge15,geo_cov_nat,2010,2.974
mda,sex_f,age_ythadult_yge15,geo_cov_nat,2011,2.83
mda,sex_f,age_ythadult_yge15,geo_cov_nat,2012,2.289
mda,sex_f,age_ythadult_yge15,geo_cov_nat,2013,2.008
mda,sex_f,age_ythadult_yge15,geo_cov_nat,2014,1.417
mda,sex_f,age_ythadult_yge15,geo_cov_nat,2015,1.589
mda,sex_f,age_ythadult_yge15,geo_cov_nat,2016,1.257
mda,sex_f,age_ythadult_yge15,geo_cov_nat,2017,1.514
mda,sex_f,age_ythadult_yge15,geo_cov_nat,2018,1.181
mda,sex_f,age_ythadult_yge15,geo_cov_nat,2019,1.421
mda,sex_f,age_ythadult_yge15,geo_cov_nat,2020,1.122
mda,sex_f,age_ythadult_yge15,geo_cov_nat,2021,0.599
mda,sex_f,age_ythadult_yge15,geo_cov_nat,2022,0.776
mda,sex_f,age_ythadult_yge15,geo_cov_nat,2023,1.929
mda,sex_f,age_ythadult_yge15,geo_cov_nat,2024,1.837
mda,sex_f,age_ythadult_yge15,geo_cov_rur,2000,7.643
mda,sex_f,age_ythadult_yge15,geo_cov_rur,2001,7.565
mda,sex_f,age_ythadult_yge15,geo_cov_rur,2002,6.512
mda,sex_f,age_ythadult_yge15,geo_cov_rur,2003,7.086
mda,sex_f,age_ythadult_yge15,geo_cov_rur,2004,7.312
mda,sex_f,age_ythadult_yge15,geo_cov_rur,2005,6.123
mda,sex_f,age_ythadult_yge15,geo_cov_rur,2006,2.848
mda,sex_f,age_ythadult_yge15,geo_cov_rur,2007,1.038
mda,sex_f,age_ythadult_yge15,geo_cov_rur,2008,0.797
mda,sex_f,age_ythadult_yge15,geo_cov_rur,2009,0.887
mda,sex_f,age_ythadult_yge15,geo_cov_rur,2010,0.413
mda,sex_f,age_ythadult_yge15,geo_cov_rur,2011,0.426
mda,sex_f,age_ythadult_yge15,geo_cov_rur,2012,0.257
mda,sex_f,age_ythadult_yge15,geo_cov_rur,2013,0.318
mda,sex_f,age_ythadult_yge15,geo_cov_rur,2014,0.32
mda,sex_f,age_ythadult_yge15,geo_cov_rur,2015,0.29
mda,sex_f,age_ythadult_yge15,geo_cov_rur,2016,0.291
mda,sex_f,age_ythadult_yge15,geo_cov_rur,2017,0.345
mda,sex_f,age_ythadult_yge15,geo_cov_rur,2018,0.175
mda,sex_f,age_ythadult_yge15,geo_cov_rur,2019,0.324
mda,sex_f,age_ythadult_yge15,geo_cov_rur,2020,0.262
mda,sex_f,age_ythadult_yge15,geo_cov_rur,2021,0.167
mda,sex_f,age_ythadult_yge15,geo_cov_rur,2023,0.583
mda,sex_f,age_ythadult_yge15,geo_cov_rur,2024,0.518
mda,sex_f,age_ythadult_yge15,geo_cov_urb,2000,22.629
mda,sex_f,age_ythadult_yge15,geo_cov_urb,2001,21.122
mda,sex_f,age_ythadult_yge15,geo_cov_urb,2002,17.687
mda,sex_f,age_ythadult_yge15,geo_cov_urb,2003,14.335
mda,sex_f,age_ythadult_yge15,geo_cov_urb,2004,13.629
mda,sex_f,age_ythadult_yge15,geo_cov_urb,2005,12.443
mda,sex_f,age_ythadult_yge15,geo_cov_urb,2006,10.23
mda,sex_f,age_ythadult_yge15,geo_cov_urb,2007,6.337
mda,sex_f,age_ythadult_yge15,geo_cov_urb,2008,5.468
mda,sex_f,age_ythadult_yge15,geo_cov_urb,2009,7.524
mda,sex_f,age_ythadult_yge15,geo_cov_urb,2010,7.939
mda,sex_f,age_ythadult_yge15,geo_cov_urb,2011,7.304
mda,sex_f,age_ythadult_yge15,geo_cov_urb,2012,6.166
mda,sex_f,age_ythadult_yge15,geo_cov_urb,2013,5.265
mda,sex_f,age_ythadult_yge15,geo_cov_urb,2014,3.777
mda,sex_f,age_ythadult_yge15,geo_cov_urb,2015,4.289
mda,sex_f,age_ythadult_yge15,geo_cov_urb,2016,3.357
mda,sex_f,age_ythadult_yge15,geo_cov_urb,2017,3.99
mda,sex_f,age_ythadult_yge15,geo_cov_urb,2018,3.461
mda,sex_f,age_ythadult_yge15,geo_cov_urb,2019,3.964
mda,sex_f,age_ythadult_yge15,geo_cov_urb,2020,3.262
mda,sex_f,age_ythadult_yge15,geo_cov_urb,2021,1.718
mda,sex_f,age_ythadult_yge15,geo_cov_urb,2022,2.479
mda,sex_f,age_ythadult_yge15,geo_cov_urb,2023,4.703
mda,sex_f,age_ythadult_yge15,geo_cov_urb,2024,4.345
mda,sex_f,age_ythadult_yge25,geo_cov_nat,2000,12.006
mda,sex_f,age_ythadult_yge25,geo_cov_nat,2001,10.941
mda,sex_f,age_ythadult_yge25,geo_cov_nat,2002,9.5
mda,sex_f,age_ythadult_yge25,geo_cov_nat,2003,8.503
mda,sex_f,age_ythadult_yge25,geo_cov_nat,2004,8.58
mda,sex_f,age_ythadult_yge25,geo_cov_nat,2005,7.495
mda,sex_f,age_ythadult_yge25,geo_cov_nat,2006,4.665
mda,sex_f,age_ythadult_yge25,geo_cov_nat,2007,2.174
mda,sex_f,age_ythadult_yge25,geo_cov_nat,2008,1.854
mda,sex_f,age_ythadult_yge25,geo_cov_nat,2009,2.631
mda,sex_f,age_ythadult_yge25,geo_cov_nat,2010,2.599
mda,sex_f,age_ythadult_yge25,geo_cov_nat,2011,2.383
mda,sex_f,age_ythadult_yge25,geo_cov_nat,2012,2.017
mda,sex_f,age_ythadult_yge25,geo_cov_nat,2013,1.816
mda,sex_f,age_ythadult_yge25,geo_cov_nat,2014,1.218
mda,sex_f,age_ythadult_yge25,geo_cov_nat,2015,1.411
mda,sex_f,age_ythadult_yge25,geo_cov_nat,2016,1.117
mda,sex_f,age_ythadult_yge25,geo_cov_nat,2017,1.226
mda,sex_f,age_ythadult_yge25,geo_cov_nat,2018,0.993
mda,sex_f,age_ythadult_yge25,geo_cov_nat,2019,1.297
mda,sex_f,age_ythadult_yge25,geo_cov_nat,2020,0.888
mda,sex_f,age_ythadult_yge25,geo_cov_nat,2021,0.517
mda,sex_f,age_ythadult_yge25,geo_cov_nat,2022,0.62
mda,sex_f,age_ythadult_yge25,geo_cov_nat,2023,1.65
mda,sex_f,age_ythadult_yge25,geo_cov_nat,2024,1.681
mda,sex_f,age_ythadult_yge25,geo_cov_rur,2000,5.753
mda,sex_f,age_ythadult_yge25,geo_cov_rur,2001,5.303
mda,sex_f,age_ythadult_yge25,geo_cov_rur,2002,4.449
mda,sex_f,age_ythadult_yge25,geo_cov_rur,2003,5.33
mda,sex_f,age_ythadult_yge25,geo_cov_rur,2004,5.709
mda,sex_f,age_ythadult_yge25,geo_cov_rur,2005,4.888
mda,sex_f,age_ythadult_yge25,geo_cov_rur,2006,2.114
mda,sex_f,age_ythadult_yge25,geo_cov_rur,2007,0.657
mda,sex_f,age_ythadult_yge25,geo_cov_rur,2008,0.473
mda,sex_f,age_ythadult_yge25,geo_cov_rur,2009,0.505
mda,sex_f,age_ythadult_yge25,geo_cov_rur,2010,0.203
mda,sex_f,age_ythadult_yge25,geo_cov_rur,2011,0.249
mda,sex_f,age_ythadult_yge25,geo_cov_rur,2012,0.164
mda,sex_f,age_ythadult_yge25,geo_cov_rur,2013,0.212
mda,sex_f,age_ythadult_yge25,geo_cov_rur,2014,0.223
mda,sex_f,age_ythadult_yge25,geo_cov_rur,2015,0.199
mda,sex_f,age_ythadult_yge25,geo_cov_rur,2016,0.207
mda,sex_f,age_ythadult_yge25,geo_cov_rur,2017,0.193
mda,sex_f,age_ythadult_yge25,geo_cov_rur,2018,0.068
mda,sex_f,age_ythadult_yge25,geo_cov_rur,2019,0.263
mda,sex_f,age_ythadult_yge25,geo_cov_rur,2020,0.202
mda,sex_f,age_ythadult_yge25,geo_cov_rur,2021,0.102
mda,sex_f,age_ythadult_yge25,geo_cov_rur,2023,0.54
mda,sex_f,age_ythadult_yge25,geo_cov_rur,2024,0.446
mda,sex_f,age_ythadult_yge25,geo_cov_urb,2000,20.352
mda,sex_f,age_ythadult_yge25,geo_cov_urb,2001,18.648
mda,sex_f,age_ythadult_yge25,geo_cov_urb,2002,16.341
mda,sex_f,age_ythadult_yge25,geo_cov_urb,2003,13.083
mda,sex_f,age_ythadult_yge25,geo_cov_urb,2004,12.696
mda,sex_f,age_ythadult_yge25,geo_cov_urb,2005,11.274
mda,sex_f,age_ythadult_yge25,geo_cov_urb,2006,9.007
mda,sex_f,age_ythadult_yge25,geo_cov_urb,2007,4.849
mda,sex_f,age_ythadult_yge25,geo_cov_urb,2008,4.377
mda,sex_f,age_ythadult_yge25,geo_cov_urb,2009,6.418
mda,sex_f,age_ythadult_yge25,geo_cov_urb,2010,7.087
mda,sex_f,age_ythadult_yge25,geo_cov_urb,2011,6.245
mda,sex_f,age_ythadult_yge25,geo_cov_urb,2012,5.411
mda,sex_f,age_ythadult_yge25,geo_cov_urb,2013,4.798
mda,sex_f,age_ythadult_yge25,geo_cov_urb,2014,3.288
mda,sex_f,age_ythadult_yge25,geo_cov_urb,2015,3.833
mda,sex_f,age_ythadult_yge25,geo_cov_urb,2016,3.03
mda,sex_f,age_ythadult_yge25,geo_cov_urb,2017,3.377
mda,sex_f,age_ythadult_yge25,geo_cov_urb,2018,3.083
mda,sex_f,age_ythadult_yge25,geo_cov_urb,2019,3.675
mda,sex_f,age_ythadult_yge25,geo_cov_urb,2020,2.595
mda,sex_f,age_ythadult_yge25,geo_cov_urb,2021,1.579
mda,sex_f,age_ythadult_yge25,geo_cov_urb,2022,1.927
mda,sex_f,age_ythadult_yge25,geo_cov_urb,2023,3.968
mda,sex_f,age_ythadult_yge25,geo_cov_urb,2024,4.053
mda,sex_m,age_aggregate_total,geo_cov_nat,2000,15.938
mda,sex_m,age_aggregate_total,geo_cov_nat,2001,14.58
mda,sex_m,age_aggregate_total,geo_cov_nat,2002,13.15
mda,sex_m,age_aggregate_total,geo_cov_nat,2003,12.247
mda,sex_m,age_aggregate_total,geo_cov_nat,2004,13.162
mda,sex_m,age_aggregate_total,geo_cov_nat,2005,11.149
mda,sex_m,age_aggregate_total,geo_cov_nat,2006,8.181
mda,sex_m,age_aggregate_total,geo_cov_nat,2007,4.691
mda,sex_m,age_aggregate_total,geo_cov_nat,2008,3.068
mda,sex_m,age_aggregate_total,geo_cov_nat,2009,4.867
mda,sex_m,age_aggregate_total,geo_cov_nat,2010,4.624
mda,sex_m,age_aggregate_total,geo_cov_nat,2011,3.946
mda,sex_m,age_aggregate_total,geo_cov_nat,2012,3.495
mda,sex_m,age_aggregate_total,geo_cov_nat,2013,2.744
mda,sex_m,age_aggregate_total,geo_cov_nat,2014,2.198
mda,sex_m,age_aggregate_total,geo_cov_nat,2015,2.633
mda,sex_m,age_aggregate_total,geo_cov_nat,2016,2.795
mda,sex_m,age_aggregate_total,geo_cov_nat,2017,2.233
mda,sex_m,age_aggregate_total,geo_cov_nat,2018,1.556
mda,sex_m,age_aggregate_total,geo_cov_nat,2019,2.139
mda,sex_m,age_aggregate_total,geo_cov_nat,2020,1.629
mda,sex_m,age_aggregate_total,geo_cov_nat,2021,1.262
mda,sex_m,age_aggregate_total,geo_cov_nat,2022,1.3
mda,sex_m,age_aggregate_total,geo_cov_nat,2023,2.846
mda,sex_m,age_aggregate_total,geo_cov_nat,2024,2.406
mda,sex_m,age_aggregate_total,geo_cov_rur,2000,9.575
mda,sex_m,age_aggregate_total,geo_cov_rur,2001,9.139
mda,sex_m,age_aggregate_total,geo_cov_rur,2002,7.804
mda,sex_m,age_aggregate_total,geo_cov_rur,2003,8.54
mda,sex_m,age_aggregate_total,geo_cov_rur,2004,9.188
mda,sex_m,age_aggregate_total,geo_cov_rur,2005,7.288
mda,sex_m,age_aggregate_total,geo_cov_rur,2006,4.896
mda,sex_m,age_aggregate_total,geo_cov_rur,2007,2.151
mda,sex_m,age_aggregate_total,geo_cov_rur,2008,1.197
mda,sex_m,age_aggregate_total,geo_cov_rur,2009,1.707
mda,sex_m,age_aggregate_total,geo_cov_rur,2010,0.743
mda,sex_m,age_aggregate_total,geo_cov_rur,2011,0.943
mda,sex_m,age_aggregate_total,geo_cov_rur,2012,0.448
mda,sex_m,age_aggregate_total,geo_cov_rur,2013,0.689
mda,sex_m,age_aggregate_total,geo_cov_rur,2014,0.428
mda,sex_m,age_aggregate_total,geo_cov_rur,2015,0.685
mda,sex_m,age_aggregate_total,geo_cov_rur,2016,0.45
mda,sex_m,age_aggregate_total,geo_cov_rur,2017,0.43
mda,sex_m,age_aggregate_total,geo_cov_rur,2018,0.232
mda,sex_m,age_aggregate_total,geo_cov_rur,2019,0.925
mda,sex_m,age_aggregate_total,geo_cov_rur,2020,0.277
mda,sex_m,age_aggregate_total,geo_cov_rur,2021,0.246
mda,sex_m,age_aggregate_total,geo_cov_rur,2022,0.197
mda,sex_m,age_aggregate_total,geo_cov_rur,2023,1.26
mda,sex_m,age_aggregate_total,geo_cov_rur,2024,0.934
mda,sex_m,age_aggregate_total,geo_cov_urb,2000,24.302
mda,sex_m,age_aggregate_total,geo_cov_urb,2001,21.778
mda,sex_m,age_aggregate_total,geo_cov_urb,2002,20.057
mda,sex_m,age_aggregate_total,geo_cov_urb,2003,16.844
mda,sex_m,age_aggregate_total,geo_cov_urb,2004,17.909
mda,sex_m,age_aggregate_total,geo_cov_urb,2005,15.625
mda,sex_m,age_aggregate_total,geo_cov_urb,2006,12.812
mda,sex_m,age_aggregate_total,geo_cov_urb,2007,8.717
mda,sex_m,age_aggregate_total,geo_cov_urb,2008,6.127
mda,sex_m,age_aggregate_total,geo_cov_urb,2009,10.139
mda,sex_m,age_aggregate_total,geo_cov_urb,2010,11.4
mda,sex_m,age_aggregate_total,geo_cov_urb,2011,8.999
mda,sex_m,age_aggregate_total,geo_cov_urb,2012,8.57
mda,sex_m,age_aggregate_total,geo_cov_urb,2013,6.26
mda,sex_m,age_aggregate_total,geo_cov_urb,2014,5.674
mda,sex_m,age_aggregate_total,geo_cov_urb,2015,6.596
mda,sex_m,age_aggregate_total,geo_cov_urb,2016,7.289
mda,sex_m,age_aggregate_total,geo_cov_urb,2017,5.902
mda,sex_m,age_aggregate_total,geo_cov_urb,2018,4.295
mda,sex_m,age_aggregate_total,geo_cov_urb,2019,4.528
mda,sex_m,age_aggregate_total,geo_cov_urb,2020,4.515
mda,sex_m,age_aggregate_total,geo_cov_urb,2021,3.416
mda,sex_m,age_aggregate_total,geo_cov_urb,2022,3.602
mda,sex_m,age_aggregate_total,geo_cov_urb,2023,5.817
mda,sex_m,age_aggregate_total,geo_cov_urb,2024,4.957
mda,sex_m,age_aggregate_y15_24,geo_cov_nat,2000,28.513
mda,sex_m,age_aggregate_y15_24,geo_cov_nat,2001,29.129
mda,sex_m,age_aggregate_y15_24,geo_cov_nat,2002,26.145
mda,sex_m,age_aggregate_y15_24,geo_cov_nat,2003,23.657
mda,sex_m,age_aggregate_y15_24,geo_cov_nat,2004,25.542
mda,sex_m,age_aggregate_y15_24,geo_cov_nat,2005,22.849
mda,sex_m,age_aggregate_y15_24,geo_cov_nat,2006,15.729
mda,sex_m,age_aggregate_y15_24,geo_cov_nat,2007,10.568
mda,sex_m,age_aggregate_y15_24,geo_cov_nat,2008,7.026
mda,sex_m,age_aggregate_y15_24,geo_cov_nat,2009,8.091
mda,sex_m,age_aggregate_y15_24,geo_cov_nat,2010,7.957
mda,sex_m,age_aggregate_y15_24,geo_cov_nat,2011,5.241
mda,sex_m,age_aggregate_y15_24,geo_cov_nat,2012,3.825
mda,sex_m,age_aggregate_y15_24,geo_cov_nat,2013,3.264
mda,sex_m,age_aggregate_y15_24,geo_cov_nat,2014,2.7
mda,sex_m,age_aggregate_y15_24,geo_cov_nat,2015,3.958
mda,sex_m,age_aggregate_y15_24,geo_cov_nat,2016,4.462
mda,sex_m,age_aggregate_y15_24,geo_cov_nat,2017,4.2
mda,sex_m,age_aggregate_y15_24,geo_cov_nat,2018,3.2
mda,sex_m,age_aggregate_y15_24,geo_cov_nat,2019,5.23
mda,sex_m,age_aggregate_y15_24,geo_cov_nat,2020,4.064
mda,sex_m,age_aggregate_y15_24,geo_cov_nat,2021,2.414
mda,sex_m,age_aggregate_y15_24,geo_cov_nat,2022,2.721
mda,sex_m,age_aggregate_y15_24,geo_cov_nat,2023,6.144
mda,sex_m,age_aggregate_y15_24,geo_cov_nat,2024,6.835
mda,sex_m,age_aggregate_y15_24,geo_cov_rur,2000,22.248
mda,sex_m,age_aggregate_y15_24,geo_cov_rur,2001,23.208
mda,sex_m,age_aggregate_y15_24,geo_cov_rur,2002,19.724
mda,sex_m,age_aggregate_y15_24,geo_cov_rur,2003,18.589
mda,sex_m,age_aggregate_y15_24,geo_cov_rur,2004,19.855
mda,sex_m,age_aggregate_y15_24,geo_cov_rur,2005,17.513
mda,sex_m,age_aggregate_y15_24,geo_cov_rur,2006,11.614
mda,sex_m,age_aggregate_y15_24,geo_cov_rur,2007,6.181
mda,sex_m,age_aggregate_y15_24,geo_cov_rur,2008,4.089
mda,sex_m,age_aggregate_y15_24,geo_cov_rur,2009,4.007
mda,sex_m,age_aggregate_y15_24,geo_cov_rur,2010,1.841
mda,sex_m,age_aggregate_y15_24,geo_cov_rur,2011,1.991
mda,sex_m,age_aggregate_y15_24,geo_cov_rur,2012,1.209
mda,sex_m,age_aggregate_y15_24,geo_cov_rur,2013,1.455
mda,sex_m,age_aggregate_y15_24,geo_cov_rur,2014,0.612
mda,sex_m,age_aggregate_y15_24,geo_cov_rur,2015,1.632
mda,sex_m,age_aggregate_y15_24,geo_cov_rur,2016,1.009
mda,sex_m,age_aggregate_y15_24,geo_cov_rur,2017,1.289
mda,sex_m,age_aggregate_y15_24,geo_cov_rur,2019,2.4
mda,sex_m,age_aggregate_y15_24,geo_cov_rur,2023,2.381
mda,sex_m,age_aggregate_y15_24,geo_cov_rur,2024,3.184
mda,sex_m,age_aggregate_y15_24,geo_cov_urb,2000,39.941
mda,sex_m,age_aggregate_y15_24,geo_cov_urb,2001,39.802
mda,sex_m,age_aggregate_y15_24,geo_cov_urb,2002,38.062
mda,sex_m,age_aggregate_y15_24,geo_cov_urb,2003,30.919
mda,sex_m,age_aggregate_y15_24,geo_cov_urb,2004,32.794
mda,sex_m,age_aggregate_y15_24,geo_cov_urb,2005,29.74
mda,sex_m,age_aggregate_y15_24,geo_cov_urb,2006,23.518
mda,sex_m,age_aggregate_y15_24,geo_cov_urb,2007,17.669
mda,sex_m,age_aggregate_y15_24,geo_cov_urb,2008,12.093
mda,sex_m,age_aggregate_y15_24,geo_cov_urb,2009,17.322
mda,sex_m,age_aggregate_y15_24,geo_cov_urb,2010,22.836
mda,sex_m,age_aggregate_y15_24,geo_cov_urb,2011,12.909
mda,sex_m,age_aggregate_y15_24,geo_cov_urb,2012,11.045
mda,sex_m,age_aggregate_y15_24,geo_cov_urb,2013,9.041
mda,sex_m,age_aggregate_y15_24,geo_cov_urb,2014,9.252
mda,sex_m,age_aggregate_y15_24,geo_cov_urb,2015,12.183
mda,sex_m,age_aggregate_y15_24,geo_cov_urb,2016,13.563
mda,sex_m,age_aggregate_y15_24,geo_cov_urb,2017,12.938
mda,sex_m,age_aggregate_y15_24,geo_cov_urb,2018,9.236
mda,sex_m,age_aggregate_y15_24,geo_cov_urb,2019,10.936
mda,sex_m,age_aggregate_y15_24,geo_cov_urb,2020,12.763
mda,sex_m,age_aggregate_y15_24,geo_cov_urb,2021,8.495
mda,sex_m,age_aggregate_y15_24,geo_cov_urb,2022,8.494
mda,sex_m,age_aggregate_y15_24,geo_cov_urb,2023,12.298
mda,sex_m,age_aggregate_y15_24,geo_cov_urb,2024,12.918
mda,sex_m,age_aggregate_y25_54,geo_cov_nat,2000,14.727
mda,sex_m,age_aggregate_y25_54,geo_cov_nat,2001,13.054
mda,sex_m,age_aggregate_y25_54,geo_cov_nat,2002,11.886
mda,sex_m,age_aggregate_y25_54,geo_cov_nat,2003,11.823
mda,sex_m,age_aggregate_y25_54,geo_cov_nat,2004,12.991
mda,sex_m,age_aggregate_y25_54,geo_cov_nat,2005,11.042
mda,sex_m,age_aggregate_y25_54,geo_cov_nat,2006,8.028
mda,sex_m,age_aggregate_y25_54,geo_cov_nat,2007,4.49
mda,sex_m,age_aggregate_y25_54,geo_cov_nat,2008,2.894
mda,sex_m,age_aggregate_y25_54,geo_cov_nat,2009,5.258
mda,sex_m,age_aggregate_y25_54,geo_cov_nat,2010,4.838
mda,sex_m,age_aggregate_y25_54,geo_cov_nat,2011,4.428
mda,sex_m,age_aggregate_y25_54,geo_cov_nat,2012,4.248
mda,sex_m,age_aggregate_y25_54,geo_cov_nat,2013,3.225
mda,sex_m,age_aggregate_y25_54,geo_cov_nat,2014,2.713
mda,sex_m,age_aggregate_y25_54,geo_cov_nat,2015,3.232
mda,sex_m,age_aggregate_y25_54,geo_cov_nat,2016,3.387
mda,sex_m,age_aggregate_y25_54,geo_cov_nat,2017,2.538
mda,sex_m,age_aggregate_y25_54,geo_cov_nat,2018,1.766
mda,sex_m,age_aggregate_y25_54,geo_cov_nat,2019,2.565
mda,sex_m,age_aggregate_y25_54,geo_cov_nat,2020,1.916
mda,sex_m,age_aggregate_y25_54,geo_cov_nat,2021,1.567
mda,sex_m,age_aggregate_y25_54,geo_cov_nat,2022,1.61
mda,sex_m,age_aggregate_y25_54,geo_cov_nat,2023,3.309
mda,sex_m,age_aggregate_y25_54,geo_cov_nat,2024,2.803
mda,sex_m,age_aggregate_y25_54,geo_cov_rur,2000,7.752
mda,sex_m,age_aggregate_y25_54,geo_cov_rur,2001,7.191
mda,sex_m,age_aggregate_y25_54,geo_cov_rur,2002,6.34
mda,sex_m,age_aggregate_y25_54,geo_cov_rur,2003,8.477
mda,sex_m,age_aggregate_y25_54,geo_cov_rur,2004,9.313
mda,sex_m,age_aggregate_y25_54,geo_cov_rur,2005,7.404
mda,sex_m,age_aggregate_y25_54,geo_cov_rur,2006,4.647
mda,sex_m,age_aggregate_y25_54,geo_cov_rur,2007,2.044
mda,sex_m,age_aggregate_y25_54,geo_cov_rur,2008,1.071
mda,sex_m,age_aggregate_y25_54,geo_cov_rur,2009,1.708
mda,sex_m,age_aggregate_y25_54,geo_cov_rur,2010,0.697
mda,sex_m,age_aggregate_y25_54,geo_cov_rur,2011,1.031
mda,sex_m,age_aggregate_y25_54,geo_cov_rur,2012,0.411
mda,sex_m,age_aggregate_y25_54,geo_cov_rur,2013,0.724
mda,sex_m,age_aggregate_y25_54,geo_cov_rur,2014,0.582
mda,sex_m,age_aggregate_y25_54,geo_cov_rur,2015,0.696
mda,sex_m,age_aggregate_y25_54,geo_cov_rur,2016,0.508
mda,sex_m,age_aggregate_y25_54,geo_cov_rur,2017,0.48
mda,sex_m,age_aggregate_y25_54,geo_cov_rur,2018,0.327
mda,sex_m,age_aggregate_y25_54,geo_cov_rur,2019,1.257
mda,sex_m,age_aggregate_y25_54,geo_cov_rur,2020,0.389
mda,sex_m,age_aggregate_y25_54,geo_cov_rur,2021,0.391
mda,sex_m,age_aggregate_y25_54,geo_cov_rur,2022,0.216
mda,sex_m,age_aggregate_y25_54,geo_cov_rur,2023,1.539
mda,sex_m,age_aggregate_y25_54,geo_cov_rur,2024,1.309
mda,sex_m,age_aggregate_y25_54,geo_cov_urb,2000,22.515
mda,sex_m,age_aggregate_y25_54,geo_cov_urb,2001,19.658
mda,sex_m,age_aggregate_y25_54,geo_cov_urb,2002,17.918
mda,sex_m,age_aggregate_y25_54,geo_cov_urb,2003,15.375
mda,sex_m,age_aggregate_y25_54,geo_cov_urb,2004,16.849
mda,sex_m,age_aggregate_y25_54,geo_cov_urb,2005,14.69
mda,sex_m,age_aggregate_y25_54,geo_cov_urb,2006,11.964
mda,sex_m,age_aggregate_y25_54,geo_cov_urb,2007,7.705
mda,sex_m,age_aggregate_y25_54,geo_cov_urb,2008,5.418
mda,sex_m,age_aggregate_y25_54,geo_cov_urb,2009,10.071
mda,sex_m,age_aggregate_y25_54,geo_cov_urb,2010,10.528
mda,sex_m,age_aggregate_y25_54,geo_cov_urb,2011,9.043
mda,sex_m,age_aggregate_y25_54,geo_cov_urb,2012,9.296
mda,sex_m,age_aggregate_y25_54,geo_cov_urb,2013,6.572
mda,sex_m,age_aggregate_y25_54,geo_cov_urb,2014,6.064
mda,sex_m,age_aggregate_y25_54,geo_cov_urb,2015,7.29
mda,sex_m,age_aggregate_y25_54,geo_cov_urb,2016,7.827
mda,sex_m,age_aggregate_y25_54,geo_cov_urb,2017,5.804
mda,sex_m,age_aggregate_y25_54,geo_cov_urb,2018,4.069
mda,sex_m,age_aggregate_y25_54,geo_cov_urb,2019,4.494
mda,sex_m,age_aggregate_y25_54,geo_cov_urb,2020,4.359
mda,sex_m,age_aggregate_y25_54,geo_cov_urb,2021,3.386
mda,sex_m,age_aggregate_y25_54,geo_cov_urb,2022,3.665
mda,sex_m,age_aggregate_y25_54,geo_cov_urb,2023,5.678
mda,sex_m,age_aggregate_y25_54,geo_cov_urb,2024,4.693
mda,sex_m,age_aggregate_y55_64,geo_cov_nat,2000,7.901
mda,sex_m,age_aggregate_y55_64,geo_cov_nat,2001,6.907
mda,sex_m,age_aggregate_y55_64,geo_cov_nat,2002,7.698
mda,sex_m,age_aggregate_y55_64,geo_cov_nat,2003,6.812
mda,sex_m,age_aggregate_y55_64,geo_cov_nat,2004,7.132
mda,sex_m,age_aggregate_y55_64,geo_cov_nat,2005,6.72
mda,sex_m,age_aggregate_y55_64,geo_cov_nat,2006,4.683
mda,sex_m,age_aggregate_y55_64,geo_cov_nat,2007,3.069
mda,sex_m,age_aggregate_y55_64,geo_cov_nat,2008,2.224
mda,sex_m,age_aggregate_y55_64,geo_cov_nat,2009,2.752
mda,sex_m,age_aggregate_y55_64,geo_cov_nat,2010,2.874
mda,sex_m,age_aggregate_y55_64,geo_cov_nat,2011,2.957
mda,sex_m,age_aggregate_y55_64,geo_cov_nat,2012,2.152
mda,sex_m,age_aggregate_y55_64,geo_cov_nat,2013,1.828
mda,sex_m,age_aggregate_y55_64,geo_cov_nat,2014,1.291
mda,sex_m,age_aggregate_y55_64,geo_cov_nat,2015,1.223
mda,sex_m,age_aggregate_y55_64,geo_cov_nat,2016,1.482
mda,sex_m,age_aggregate_y55_64,geo_cov_nat,2017,1.477
mda,sex_m,age_aggregate_y55_64,geo_cov_nat,2018,0.996
mda,sex_m,age_aggregate_y55_64,geo_cov_nat,2019,0.924
mda,sex_m,age_aggregate_y55_64,geo_cov_nat,2020,0.853
mda,sex_m,age_aggregate_y55_64,geo_cov_nat,2021,0.811
mda,sex_m,age_aggregate_y55_64,geo_cov_nat,2022,0.842
mda,sex_m,age_aggregate_y55_64,geo_cov_nat,2023,2.459
mda,sex_m,age_aggregate_y55_64,geo_cov_nat,2024,1.739
mda,sex_m,age_aggregate_y55_64,geo_cov_rur,2000,2.758
mda,sex_m,age_aggregate_y55_64,geo_cov_rur,2001,2.27
mda,sex_m,age_aggregate_y55_64,geo_cov_rur,2002,2.655
mda,sex_m,age_aggregate_y55_64,geo_cov_rur,2003,3.437
mda,sex_m,age_aggregate_y55_64,geo_cov_rur,2004,4.169
mda,sex_m,age_aggregate_y55_64,geo_cov_rur,2005,2.821
mda,sex_m,age_aggregate_y55_64,geo_cov_rur,2006,1.557
mda,sex_m,age_aggregate_y55_64,geo_cov_rur,2007,0.791
mda,sex_m,age_aggregate_y55_64,geo_cov_rur,2009,0.549
mda,sex_m,age_aggregate_y55_64,geo_cov_rur,2010,0.209
mda,sex_m,age_aggregate_y55_64,geo_cov_rur,2011,0.182
mda,sex_m,age_aggregate_y55_64,geo_cov_rur,2013,0.202
mda,sex_m,age_aggregate_y55_64,geo_cov_rur,2015,0.34
mda,sex_m,age_aggregate_y55_64,geo_cov_rur,2016,0.23
mda,sex_m,age_aggregate_y55_64,geo_cov_rur,2019,0.244
mda,sex_m,age_aggregate_y55_64,geo_cov_rur,2023,1.419
mda,sex_m,age_aggregate_y55_64,geo_cov_rur,2024,0.362
mda,sex_m,age_aggregate_y55_64,geo_cov_urb,2000,16.346
mda,sex_m,age_aggregate_y55_64,geo_cov_urb,2001,14.565
mda,sex_m,age_aggregate_y55_64,geo_cov_urb,2002,15.561
mda,sex_m,age_aggregate_y55_64,geo_cov_urb,2003,11.783
mda,sex_m,age_aggregate_y55_64,geo_cov_urb,2004,11.276
mda,sex_m,age_aggregate_y55_64,geo_cov_urb,2005,11.572
mda,sex_m,age_aggregate_y55_64,geo_cov_urb,2006,9.287
mda,sex_m,age_aggregate_y55_64,geo_cov_urb,2007,7.084
mda,sex_m,age_aggregate_y55_64,geo_cov_urb,2008,5.721
mda,sex_m,age_aggregate_y55_64,geo_cov_urb,2009,6.465
mda,sex_m,age_aggregate_y55_64,geo_cov_urb,2010,7.945
mda,sex_m,age_aggregate_y55_64,geo_cov_urb,2011,8.321
mda,sex_m,age_aggregate_y55_64,geo_cov_urb,2012,6.088
mda,sex_m,age_aggregate_y55_64,geo_cov_urb,2013,4.853
mda,sex_m,age_aggregate_y55_64,geo_cov_urb,2014,3.912
mda,sex_m,age_aggregate_y55_64,geo_cov_urb,2015,3.28
mda,sex_m,age_aggregate_y55_64,geo_cov_urb,2016,4.335
mda,sex_m,age_aggregate_y55_64,geo_cov_urb,2017,4.878
mda,sex_m,age_aggregate_y55_64,geo_cov_urb,2018,3.639
mda,sex_m,age_aggregate_y55_64,geo_cov_urb,2019,2.926
mda,sex_m,age_aggregate_y55_64,geo_cov_urb,2020,3.175
mda,sex_m,age_aggregate_y55_64,geo_cov_urb,2021,2.983
mda,sex_m,age_aggregate_y55_64,geo_cov_urb,2022,2.756
mda,sex_m,age_aggregate_y55_64,geo_cov_urb,2023,5.47
mda,sex_m,age_aggregate_y55_64,geo_cov_urb,2024,5.021
mda,sex_m,age_aggregate_yge65,geo_cov_nat,2000,2.524
mda,sex_m,age_aggregate_yge65,geo_cov_nat,2001,1.344
mda,sex_m,age_aggregate_yge65,geo_cov_nat,2002,2.457
mda,sex_m,age_aggregate_yge65,geo_cov_nat,2003,1.87
mda,sex_m,age_aggregate_yge65,geo_cov_nat,2004,1.347
mda,sex_m,age_aggregate_yge65,geo_cov_nat,2005,0.556
mda,sex_m,age_aggregate_yge65,geo_cov_nat,2006,0.706
mda,sex_m,age_aggregate_yge65,geo_cov_nat,2023,0.209
mda,sex_m,age_aggregate_yge65,geo_cov_nat,2024,0.18
mda,sex_m,age_aggregate_yge65,geo_cov_urb,2000,14.968
mda,sex_m,age_aggregate_yge65,geo_cov_urb,2001,9.697
mda,sex_m,age_aggregate_yge65,geo_cov_urb,2002,15.134
mda,sex_m,age_aggregate_yge65,geo_cov_urb,2003,10.405
mda,sex_m,age_aggregate_yge65,geo_cov_urb,2004,6.117
mda,sex_m,age_aggregate_yge65,geo_cov_urb,2005,2.562
mda,sex_m,age_aggregate_yge65,geo_cov_urb,2006,3.977
mda,sex_m,age_aggregate_yge65,geo_cov_urb,2024,0.956
mda,sex_m,age_ythadult_y15_24,geo_cov_nat,2000,28.513
mda,sex_m,age_ythadult_y15_24,geo_cov_nat,2001,29.129
mda,sex_m,age_ythadult_y15_24,geo_cov_nat,2002,26.145
mda,sex_m,age_ythadult_y15_24,geo_cov_nat,2003,23.657
mda,sex_m,age_ythadult_y15_24,geo_cov_nat,2004,25.542
mda,sex_m,age_ythadult_y15_24,geo_cov_nat,2005,22.849
mda,sex_m,age_ythadult_y15_24,geo_cov_nat,2006,15.729
mda,sex_m,age_ythadult_y15_24,geo_cov_nat,2007,10.568
mda,sex_m,age_ythadult_y15_24,geo_cov_nat,2008,7.026
mda,sex_m,age_ythadult_y15_24,geo_cov_nat,2009,8.091
mda,sex_m,age_ythadult_y15_24,geo_cov_nat,2010,7.957
mda,sex_m,age_ythadult_y15_24,geo_cov_nat,2011,5.241
mda,sex_m,age_ythadult_y15_24,geo_cov_nat,2012,3.825
mda,sex_m,age_ythadult_y15_24,geo_cov_nat,2013,3.264
mda,sex_m,age_ythadult_y15_24,geo_cov_nat,2014,2.7
mda,sex_m,age_ythadult_y15_24,geo_cov_nat,2015,3.958
mda,sex_m,age_ythadult_y15_24,geo_cov_nat,2016,4.462
mda,sex_m,age_ythadult_y15_24,geo_cov_nat,2017,4.2
mda,sex_m,age_ythadult_y15_24,geo_cov_nat,2018,3.2
mda,sex_m,age_ythadult_y15_24,geo_cov_nat,2019,5.23
mda,sex_m,age_ythadult_y15_24,geo_cov_nat,2020,4.064
mda,sex_m,age_ythadult_y15_24,geo_cov_nat,2021,2.414
mda,sex_m,age_ythadult_y15_24,geo_cov_nat,2022,2.721
mda,sex_m,age_ythadult_y15_24,geo_cov_nat,2023,6.144
mda,sex_m,age_ythadult_y15_24,geo_cov_nat,2024,6.835
mda,sex_m,age_ythadult_y15_24,geo_cov_rur,2000,22.248
mda,sex_m,age_ythadult_y15_24,geo_cov_rur,2001,23.208
mda,sex_m,age_ythadult_y15_24,geo_cov_rur,2002,19.724
mda,sex_m,age_ythadult_y15_24,geo_cov_rur,2003,18.589
mda,sex_m,age_ythadult_y15_24,geo_cov_rur,2004,19.855
mda,sex_m,age_ythadult_y15_24,geo_cov_rur,2005,17.513
mda,sex_m,age_ythadult_y15_24,geo_cov_rur,2006,11.614
mda,sex_m,age_ythadult_y15_24,geo_cov_rur,2007,6.181
mda,sex_m,age_ythadult_y15_24,geo_cov_rur,2008,4.089
mda,sex_m,age_ythadult_y15_24,geo_cov_rur,2009,4.007
mda,sex_m,age_ythadult_y15_24,geo_cov_rur,2010,1.841
mda,sex_m,age_ythadult_y15_24,geo_cov_rur,2011,1.991
mda,sex_m,age_ythadult_y15_24,geo_cov_rur,2012,1.209
mda,sex_m,age_ythadult_y15_24,geo_cov_rur,2013,1.455
mda,sex_m,age_ythadult_y15_24,geo_cov_rur,2014,0.612
mda,sex_m,age_ythadult_y15_24,geo_cov_rur,2015,1.632
mda,sex_m,age_ythadult_y15_24,geo_cov_rur,2016,1.009
mda,sex_m,age_ythadult_y15_24,geo_cov_rur,2017,1.289
mda,sex_m,age_ythadult_y15_24,geo_cov_rur,2019,2.4
mda,sex_m,age_ythadult_y15_24,geo_cov_rur,2023,2.381
mda,sex_m,age_ythadult_y15_24,geo_cov_rur,2024,3.184
mda,sex_m,age_ythadult_y15_24,geo_cov_urb,2000,39.941
mda,sex_m,age_ythadult_y15_24,geo_cov_urb,2001,39.802
mda,sex_m,age_ythadult_y15_24,geo_cov_urb,2002,38.062
mda,sex_m,age_ythadult_y15_24,geo_cov_urb,2003,30.919
mda,sex_m,age_ythadult_y15_24,geo_cov_urb,2004,32.794
mda,sex_m,age_ythadult_y15_24,geo_cov_urb,2005,29.74
mda,sex_m,age_ythadult_y15_24,geo_cov_urb,2006,23.518
mda,sex_m,age_ythadult_y15_24,geo_cov_urb,2007,17.669
mda,sex_m,age_ythadult_y15_24,geo_cov_urb,2008,12.093
mda,sex_m,age_ythadult_y15_24,geo_cov_urb,2009,17.322
mda,sex_m,age_ythadult_y15_24,geo_cov_urb,2010,22.836
mda,sex_m,age_ythadult_y15_24,geo_cov_urb,2011,12.909
mda,sex_m,age_ythadult_y15_24,geo_cov_urb,2012,11.045
mda,sex_m,age_ythadult_y15_24,geo_cov_urb,2013,9.041
mda,sex_m,age_ythadult_y15_24,geo_cov_urb,2014,9.252
mda,sex_m,age_ythadult_y15_24,geo_cov_urb,2015,12.183
mda,sex_m,age_ythadult_y15_24,geo_cov_urb,2016,13.563
mda,sex_m,age_ythadult_y15_24,geo_cov_urb,2017,12.938
mda,sex_m,age_ythadult_y15_24,geo_cov_urb,2018,9.236
mda,sex_m,age_ythadult_y15_24,geo_cov_urb,2019,10.936
mda,sex_m,age_ythadult_y15_24,geo_cov_urb,2020,12.763
mda,sex_m,age_ythadult_y15_24,geo_cov_urb,2021,8.495
mda,sex_m,age_ythadult_y15_24,geo_cov_urb,2022,8.494
mda,sex_m,age_ythadult_y15_24,geo_cov_urb,2023,12.298
mda,sex_m,age_ythadult_y15_24,geo_cov_urb,2024,12.918
mda,sex_m,age_ythadult_y15_64,geo_cov_nat,2000,16.485
mda,sex_m,age_ythadult_y15_64,geo_cov_nat,2001,15.136
mda,sex_m,age_ythadult_y15_64,geo_cov_nat,2002,13.654
mda,sex_m,age_ythadult_y15_64,geo_cov_nat,2003,13.001
mda,sex_m,age_ythadult_y15_64,geo_cov_nat,2004,14.033
mda,sex_m,age_ythadult_y15_64,geo_cov_nat,2005,12.031
mda,sex_m,age_ythadult_y15_64,geo_cov_nat,2006,8.788
mda,sex_m,age_ythadult_y15_64,geo_cov_nat,2007,5.172
mda,sex_m,age_ythadult_y15_64,geo_cov_nat,2008,3.386
mda,sex_m,age_ythadult_y15_64,geo_cov_nat,2009,5.317
mda,sex_m,age_ythadult_y15_64,geo_cov_nat,2010,5.074
mda,sex_m,age_ythadult_y15_64,geo_cov_nat,2011,4.32
mda,sex_m,age_ythadult_y15_64,geo_cov_nat,2012,3.818
mda,sex_m,age_ythadult_y15_64,geo_cov_nat,2013,2.99
mda,sex_m,age_ythadult_y15_64,geo_cov_nat,2014,2.422
mda,sex_m,age_ythadult_y15_64,geo_cov_nat,2015,2.922
mda,sex_m,age_ythadult_y15_64,geo_cov_nat,2016,3.124
mda,sex_m,age_ythadult_y15_64,geo_cov_nat,2017,2.497
mda,sex_m,age_ythadult_y15_64,geo_cov_nat,2018,1.73
mda,sex_m,age_ythadult_y15_64,geo_cov_nat,2019,2.443
mda,sex_m,age_ythadult_y15_64,geo_cov_nat,2020,1.867
mda,sex_m,age_ythadult_y15_64,geo_cov_nat,2021,1.463
mda,sex_m,age_ythadult_y15_64,geo_cov_nat,2022,1.522
mda,sex_m,age_ythadult_y15_64,geo_cov_nat,2023,3.338
mda,sex_m,age_ythadult_y15_64,geo_cov_nat,2024,2.844
mda,sex_m,age_ythadult_y15_64,geo_cov_rur,2000,10.158
mda,sex_m,age_ythadult_y15_64,geo_cov_rur,2001,9.733
mda,sex_m,age_ythadult_y15_64,geo_cov_rur,2002,8.359
mda,sex_m,age_ythadult_y15_64,geo_cov_rur,2003,9.491
mda,sex_m,age_ythadult_y15_64,geo_cov_rur,2004,10.19
mda,sex_m,age_ythadult_y15_64,geo_cov_rur,2005,8.208
mda,sex_m,age_ythadult_y15_64,geo_cov_rur,2006,5.478
mda,sex_m,age_ythadult_y15_64,geo_cov_rur,2007,2.481
mda,sex_m,age_ythadult_y15_64,geo_cov_rur,2008,1.378
mda,sex_m,age_ythadult_y15_64,geo_cov_rur,2009,1.941
mda,sex_m,age_ythadult_y15_64,geo_cov_rur,2010,0.845
mda,sex_m,age_ythadult_y15_64,geo_cov_rur,2012,0.502
mda,sex_m,age_ythadult_y15_64,geo_cov_rur,2013,0.77
mda,sex_m,age_ythadult_y15_64,geo_cov_rur,2014,0.482
mda,sex_m,age_ythadult_y15_64,geo_cov_rur,2015,0.777
mda,sex_m,age_ythadult_y15_64,geo_cov_rur,2016,0.517
mda,sex_m,age_ythadult_y15_64,geo_cov_rur,2017,0.497
mda,sex_m,age_ythadult_y15_64,geo_cov_rur,2019,1.098
mda,sex_m,age_ythadult_y15_64,geo_cov_rur,2023,1.573
mda,sex_m,age_ythadult_y15_64,geo_cov_rur,2024,1.183
mda,sex_m,age_ythadult_y15_64,geo_cov_urb,2000,24.448
mda,sex_m,age_ythadult_y15_64,geo_cov_urb,2001,21.937
mda,sex_m,age_ythadult_y15_64,geo_cov_urb,2002,20.138
mda,sex_m,age_ythadult_y15_64,geo_cov_urb,2003,17.024
mda,sex_m,age_ythadult_y15_64,geo_cov_urb,2004,18.313
mda,sex_m,age_ythadult_y15_64,geo_cov_urb,2005,16.113
mda,sex_m,age_ythadult_y15_64,geo_cov_urb,2006,13.073
mda,sex_m,age_ythadult_y15_64,geo_cov_urb,2007,8.981
mda,sex_m,age_ythadult_y15_64,geo_cov_urb,2008,6.337
mda,sex_m,age_ythadult_y15_64,geo_cov_urb,2009,10.434
mda,sex_m,age_ythadult_y15_64,geo_cov_urb,2010,11.779
mda,sex_m,age_ythadult_y15_64,geo_cov_urb,2011,9.422
mda,sex_m,age_ythadult_y15_64,geo_cov_urb,2012,8.995
mda,sex_m,age_ythadult_y15_64,geo_cov_urb,2013,6.54
mda,sex_m,age_ythadult_y15_64,geo_cov_urb,2014,5.993
mda,sex_m,age_ythadult_y15_64,geo_cov_urb,2015,7.016
mda,sex_m,age_ythadult_y15_64,geo_cov_urb,2016,7.761
mda,sex_m,age_ythadult_y15_64,geo_cov_urb,2017,6.237
mda,sex_m,age_ythadult_y15_64,geo_cov_urb,2018,4.468
mda,sex_m,age_ythadult_y15_64,geo_cov_urb,2019,4.81
mda,sex_m,age_ythadult_y15_64,geo_cov_urb,2020,4.809
mda,sex_m,age_ythadult_y15_64,geo_cov_urb,2021,3.65
mda,sex_m,age_ythadult_y15_64,geo_cov_urb,2022,3.829
mda,sex_m,age_ythadult_y15_64,geo_cov_urb,2023,6.174
mda,sex_m,age_ythadult_y15_64,geo_cov_urb,2024,5.328
mda,sex_m,age_ythadult_yge15,geo_cov_nat,2000,15.938
mda,sex_m,age_ythadult_yge15,geo_cov_nat,2001,14.58
mda,sex_m,age_ythadult_yge15,geo_cov_nat,2002,13.15
mda,sex_m,age_ythadult_yge15,geo_cov_nat,2003,12.247
mda,sex_m,age_ythadult_yge15,geo_cov_nat,2004,13.162
mda,sex_m,age_ythadult_yge15,geo_cov_nat,2005,11.149
mda,sex_m,age_ythadult_yge15,geo_cov_nat,2006,8.181
mda,sex_m,age_ythadult_yge15,geo_cov_nat,2007,4.691
mda,sex_m,age_ythadult_yge15,geo_cov_nat,2008,3.068
mda,sex_m,age_ythadult_yge15,geo_cov_nat,2009,4.867
mda,sex_m,age_ythadult_yge15,geo_cov_nat,2010,4.624
mda,sex_m,age_ythadult_yge15,geo_cov_nat,2011,3.946
mda,sex_m,age_ythadult_yge15,geo_cov_nat,2012,3.495
mda,sex_m,age_ythadult_yge15,geo_cov_nat,2013,2.744
mda,sex_m,age_ythadult_yge15,geo_cov_nat,2014,2.198
mda,sex_m,age_ythadult_yge15,geo_cov_nat,2015,2.633
mda,sex_m,age_ythadult_yge15,geo_cov_nat,2016,2.795
mda,sex_m,age_ythadult_yge15,geo_cov_nat,2017,2.233
mda,sex_m,age_ythadult_yge15,geo_cov_nat,2018,1.556
mda,sex_m,age_ythadult_yge15,geo_cov_nat,2019,2.139
mda,sex_m,age_ythadult_yge15,geo_cov_nat,2020,1.629
mda,sex_m,age_ythadult_yge15,geo_cov_nat,2021,1.262
mda,sex_m,age_ythadult_yge15,geo_cov_nat,2022,1.3
mda,sex_m,age_ythadult_yge15,geo_cov_nat,2023,2.846
mda,sex_m,age_ythadult_yge15,geo_cov_nat,2024,2.406
mda,sex_m,age_ythadult_yge15,geo_cov_rur,2000,9.575
mda,sex_m,age_ythadult_yge15,geo_cov_rur,2001,9.139
mda,sex_m,age_ythadult_yge15,geo_cov_rur,2002,7.804
mda,sex_m,age_ythadult_yge15,geo_cov_rur,2003,8.54
mda,sex_m,age_ythadult_yge15,geo_cov_rur,2004,9.188
mda,sex_m,age_ythadult_yge15,geo_cov_rur,2005,7.288
mda,sex_m,age_ythadult_yge15,geo_cov_rur,2006,4.896
mda,sex_m,age_ythadult_yge15,geo_cov_rur,2007,2.151
mda,sex_m,age_ythadult_yge15,geo_cov_rur,2008,1.197
mda,sex_m,age_ythadult_yge15,geo_cov_rur,2009,1.707
mda,sex_m,age_ythadult_yge15,geo_cov_rur,2010,0.743
mda,sex_m,age_ythadult_yge15,geo_cov_rur,2011,0.943
mda,sex_m,age_ythadult_yge15,geo_cov_rur,2012,0.448
mda,sex_m,age_ythadult_yge15,geo_cov_rur,2013,0.689
mda,sex_m,age_ythadult_yge15,geo_cov_rur,2014,0.428
mda,sex_m,age_ythadult_yge15,geo_cov_rur,2015,0.685
mda,sex_m,age_ythadult_yge15,geo_cov_rur,2016,0.45
mda,sex_m,age_ythadult_yge15,geo_cov_rur,2017,0.43
mda,sex_m,age_ythadult_yge15,geo_cov_rur,2018,0.232
mda,sex_m,age_ythadult_yge15,geo_cov_rur,2019,0.925
mda,sex_m,age_ythadult_yge15,geo_cov_rur,2020,0.277
mda,sex_m,age_ythadult_yge15,geo_cov_rur,2021,0.246
mda,sex_m,age_ythadult_yge15,geo_cov_rur,2022,0.197
mda,sex_m,age_ythadult_yge15,geo_cov_rur,2023,1.26
mda,sex_m,age_ythadult_yge15,geo_cov_rur,2024,0.934
mda,sex_m,age_ythadult_yge15,geo_cov_urb,2000,24.302
mda,sex_m,age_ythadult_yge15,geo_cov_urb,2001,21.778
mda,sex_m,age_ythadult_yge15,geo_cov_urb,2002,20.057
mda,sex_m,age_ythadult_yge15,geo_cov_urb,2003,16.844
mda,sex_m,age_ythadult_yge15,geo_cov_urb,2004,17.909
mda,sex_m,age_ythadult_yge15,geo_cov_urb,2005,15.625
mda,sex_m,age_ythadult_yge15,geo_cov_urb,2006,12.812
mda,sex_m,age_ythadult_yge15,geo_cov_urb,2007,8.717
mda,sex_m,age_ythadult_yge15,geo_cov_urb,2008,6.127
mda,sex_m,age_ythadult_yge15,geo_cov_urb,2009,10.139
mda,sex_m,age_ythadult_yge15,geo_cov_urb,2010,11.4
mda,sex_m,age_ythadult_yge15,geo_cov_urb,2011,8.999
mda,sex_m,age_ythadult_yge15,geo_cov_urb,2012,8.57
mda,sex_m,age_ythadult_yge15,geo_cov_urb,2013,6.26
mda,sex_m,age_ythadult_yge15,geo_cov_urb,2014,5.674
mda,sex_m,age_ythadult_yge15,geo_cov_urb,2015,6.596
mda,sex_m,age_ythadult_yge15,geo_cov_urb,2016,7.289
mda,sex_m,age_ythadult_yge15,geo_cov_urb,2017,5.902
mda,sex_m,age_ythadult_yge15,geo_cov_urb,2018,4.295
mda,sex_m,age_ythadult_yge15,geo_cov_urb,2019,4.528
mda,sex_m,age_ythadult_yge15,geo_cov_urb,2020,4.515
mda,sex_m,age_ythadult_yge15,geo_cov_urb,2021,3.416
mda,sex_m,age_ythadult_yge15,geo_cov_urb,2022,3.602
mda,sex_m,age_ythadult_yge15,geo_cov_urb,2023,5.817
mda,sex_m,age_ythadult_yge15,geo_cov_urb,2024,4.957
mda,sex_m,age_ythadult_yge25,geo_cov_nat,2000,13.397
mda,sex_m,age_ythadult_yge25,geo_cov_nat,2001,11.831
mda,sex_m,age_ythadult_yge25,geo_cov_nat,2002,10.884
mda,sex_m,age_ythadult_yge25,geo_cov_nat,2003,10.474
mda,sex_m,age_ythadult_yge25,geo_cov_nat,2004,11.343
mda,sex_m,age_ythadult_yge25,geo_cov_nat,2005,9.504
mda,sex_m,age_ythadult_yge25,geo_cov_nat,2006,6.89
mda,sex_m,age_ythadult_yge25,geo_cov_nat,2007,3.783
mda,sex_m,age_ythadult_yge25,geo_cov_nat,2008,2.471
mda,sex_m,age_ythadult_yge25,geo_cov_nat,2009,4.317
mda,sex_m,age_ythadult_yge25,geo_cov_nat,2010,3.999
mda,sex_m,age_ythadult_yge25,geo_cov_nat,2011,3.719
mda,sex_m,age_ythadult_yge25,geo_cov_nat,2012,3.438
mda,sex_m,age_ythadult_yge25,geo_cov_nat,2013,2.657
mda,sex_m,age_ythadult_yge25,geo_cov_nat,2014,2.122
mda,sex_m,age_ythadult_yge25,geo_cov_nat,2015,2.437
mda,sex_m,age_ythadult_yge25,geo_cov_nat,2016,2.582
mda,sex_m,age_ythadult_yge25,geo_cov_nat,2017,2.002
mda,sex_m,age_ythadult_yge25,geo_cov_nat,2018,1.395
mda,sex_m,age_ythadult_yge25,geo_cov_nat,2019,1.853
mda,sex_m,age_ythadult_yge25,geo_cov_nat,2020,1.408
mda,sex_m,age_ythadult_yge25,geo_cov_nat,2021,1.165
mda,sex_m,age_ythadult_yge25,geo_cov_nat,2022,1.193
mda,sex_m,age_ythadult_yge25,geo_cov_nat,2023,2.605
mda,sex_m,age_ythadult_yge25,geo_cov_nat,2024,2.111
mda,sex_m,age_ythadult_yge25,geo_cov_rur,2000,6.58
mda,sex_m,age_ythadult_yge25,geo_cov_rur,2001,6.062
mda,sex_m,age_ythadult_yge25,geo_cov_rur,2002,5.343
mda,sex_m,age_ythadult_yge25,geo_cov_rur,2003,6.86
mda,sex_m,age_ythadult_yge25,geo_cov_rur,2004,7.567
mda,sex_m,age_ythadult_yge25,geo_cov_rur,2005,5.769
mda,sex_m,age_ythadult_yge25,geo_cov_rur,2006,3.584
mda,sex_m,age_ythadult_yge25,geo_cov_rur,2007,1.522
mda,sex_m,age_ythadult_yge25,geo_cov_rur,2008,0.75
mda,sex_m,age_ythadult_yge25,geo_cov_rur,2009,1.264
mda,sex_m,age_ythadult_yge25,geo_cov_rur,2010,0.508
mda,sex_m,age_ythadult_yge25,geo_cov_rur,2011,0.733
mda,sex_m,age_ythadult_yge25,geo_cov_rur,2012,0.289
mda,sex_m,age_ythadult_yge25,geo_cov_rur,2013,0.529
mda,sex_m,age_ythadult_yge25,geo_cov_rur,2014,0.394
mda,sex_m,age_ythadult_yge25,geo_cov_rur,2015,0.517
mda,sex_m,age_ythadult_yge25,geo_cov_rur,2016,0.371
mda,sex_m,age_ythadult_yge25,geo_cov_rur,2017,0.315
mda,sex_m,age_ythadult_yge25,geo_cov_rur,2018,0.212
mda,sex_m,age_ythadult_yge25,geo_cov_rur,2019,0.787
mda,sex_m,age_ythadult_yge25,geo_cov_rur,2020,0.241
mda,sex_m,age_ythadult_yge25,geo_cov_rur,2021,0.236
mda,sex_m,age_ythadult_yge25,geo_cov_rur,2022,0.172
mda,sex_m,age_ythadult_yge25,geo_cov_rur,2023,1.182
mda,sex_m,age_ythadult_yge25,geo_cov_rur,2024,0.786
mda,sex_m,age_ythadult_yge25,geo_cov_urb,2000,21.804
mda,sex_m,age_ythadult_yge25,geo_cov_urb,2001,19.043
mda,sex_m,age_ythadult_yge25,geo_cov_urb,2002,17.622
mda,sex_m,age_ythadult_yge25,geo_cov_urb,2003,14.854
mda,sex_m,age_ythadult_yge25,geo_cov_urb,2004,15.81
mda,sex_m,age_ythadult_yge25,geo_cov_urb,2005,13.77
mda,sex_m,age_ythadult_yge25,geo_cov_urb,2006,11.328
mda,sex_m,age_ythadult_yge25,geo_cov_urb,2007,7.354
mda,sex_m,age_ythadult_yge25,geo_cov_urb,2008,5.261
mda,sex_m,age_ythadult_yge25,geo_cov_urb,2009,9.166
mda,sex_m,age_ythadult_yge25,geo_cov_urb,2010,9.746
mda,sex_m,age_ythadult_yge25,geo_cov_urb,2011,8.469
mda,sex_m,age_ythadult_yge25,geo_cov_urb,2012,8.281
mda,sex_m,age_ythadult_yge25,geo_cov_urb,2013,5.977
mda,sex_m,age_ythadult_yge25,geo_cov_urb,2014,5.299
mda,sex_m,age_ythadult_yge25,geo_cov_urb,2015,6.069
mda,sex_m,age_ythadult_yge25,geo_cov_urb,2016,6.663
mda,sex_m,age_ythadult_yge25,geo_cov_urb,2017,5.293
mda,sex_m,age_ythadult_yge25,geo_cov_urb,2018,3.83
mda,sex_m,age_ythadult_yge25,geo_cov_urb,2019,3.946
mda,sex_m,age_ythadult_yge25,geo_cov_urb,2020,3.861
mda,sex_m,age_ythadult_yge25,geo_cov_urb,2021,3.084
mda,sex_m,age_ythadult_yge25,geo_cov_urb,2022,3.29
mda,sex_m,age_ythadult_yge25,geo_cov_urb,2023,5.297
mda,sex_m,age_ythadult_yge25,geo_cov_urb,2024,4.413
mda,sex_t,age_aggregate_total,geo_cov_nat,2000,14.916
mda,sex_t,age_aggregate_total,geo_cov_nat,2001,13.848
mda,sex_t,age_aggregate_total,geo_cov_nat,2002,12.126
mda,sex_t,age_aggregate_total,geo_cov_nat,2003,11.088
mda,sex_t,age_aggregate_total,geo_cov_nat,2004,11.453
mda,sex_t,age_aggregate_total,geo_cov_nat,2005,9.847
mda,sex_t,age_aggregate_total,geo_cov_nat,2006,6.782
mda,sex_t,age_aggregate_total,geo_cov_nat,2007,3.769
mda,sex_t,age_aggregate_total,geo_cov_nat,2008,2.732
mda,sex_t,age_aggregate_total,geo_cov_nat,2009,4.018
mda,sex_t,age_aggregate_total,geo_cov_nat,2010,3.764
mda,sex_t,age_aggregate_total,geo_cov_nat,2011,3.359
mda,sex_t,age_aggregate_total,geo_cov_nat,2012,2.859
mda,sex_t,age_aggregate_total,geo_cov_nat,2013,2.355
mda,sex_t,age_aggregate_total,geo_cov_nat,2014,1.785
mda,sex_t,age_aggregate_total,geo_cov_nat,2015,2.088
mda,sex_t,age_aggregate_total,geo_cov_nat,2016,1.992
mda,sex_t,age_aggregate_total,geo_cov_nat,2017,1.857
mda,sex_t,age_aggregate_total,geo_cov_nat,2018,1.357
mda,sex_t,age_aggregate_total,geo_cov_nat,2019,1.76
mda,sex_t,age_aggregate_total,geo_cov_nat,2020,1.366
mda,sex_t,age_aggregate_total,geo_cov_nat,2021,0.918
mda,sex_t,age_aggregate_total,geo_cov_nat,2022,1.024
mda,sex_t,age_aggregate_total,geo_cov_nat,2023,2.356
mda,sex_t,age_aggregate_total,geo_cov_nat,2024,2.097
mda,sex_t,age_aggregate_total,geo_cov_rur,2000,8.596
mda,sex_t,age_aggregate_total,geo_cov_rur,2001,8.332
mda,sex_t,age_aggregate_total,geo_cov_rur,2002,7.134
mda,sex_t,age_aggregate_total,geo_cov_rur,2003,7.757
mda,sex_t,age_aggregate_total,geo_cov_rur,2004,8.167
mda,sex_t,age_aggregate_total,geo_cov_rur,2005,6.641
mda,sex_t,age_aggregate_total,geo_cov_rur,2006,3.782
mda,sex_t,age_aggregate_total,geo_cov_rur,2007,1.552
mda,sex_t,age_aggregate_total,geo_cov_rur,2008,0.983
mda,sex_t,age_aggregate_total,geo_cov_rur,2009,1.275
mda,sex_t,age_aggregate_total,geo_cov_rur,2010,0.568
mda,sex_t,age_aggregate_total,geo_cov_rur,2011,0.666
mda,sex_t,age_aggregate_total,geo_cov_rur,2012,0.345
mda,sex_t,age_aggregate_total,geo_cov_rur,2013,0.489
mda,sex_t,age_aggregate_total,geo_cov_rur,2014,0.37
mda,sex_t,age_aggregate_total,geo_cov_rur,2015,0.478
mda,sex_t,age_aggregate_total,geo_cov_rur,2016,0.366
mda,sex_t,age_aggregate_total,geo_cov_rur,2017,0.385
mda,sex_t,age_aggregate_total,geo_cov_rur,2018,0.202
mda,sex_t,age_aggregate_total,geo_cov_rur,2019,0.601
mda,sex_t,age_aggregate_total,geo_cov_rur,2020,0.269
mda,sex_t,age_aggregate_total,geo_cov_rur,2021,0.204
mda,sex_t,age_aggregate_total,geo_cov_rur,2022,0.134
mda,sex_t,age_aggregate_total,geo_cov_rur,2023,0.892
mda,sex_t,age_aggregate_total,geo_cov_rur,2024,0.705
mda,sex_t,age_aggregate_total,geo_cov_urb,2000,23.479
mda,sex_t,age_aggregate_total,geo_cov_urb,2001,21.455
mda,sex_t,age_aggregate_total,geo_cov_urb,2002,18.883
mda,sex_t,age_aggregate_total,geo_cov_urb,2003,15.601
mda,sex_t,age_aggregate_total,geo_cov_urb,2004,15.782
mda,sex_t,age_aggregate_total,geo_cov_urb,2005,14.041
mda,sex_t,age_aggregate_total,geo_cov_urb,2006,11.561
mda,sex_t,age_aggregate_total,geo_cov_urb,2007,7.508
mda,sex_t,age_aggregate_total,geo_cov_urb,2008,5.795
mda,sex_t,age_aggregate_total,geo_cov_urb,2009,8.823
mda,sex_t,age_aggregate_total,geo_cov_urb,2010,9.654
mda,sex_t,age_aggregate_total,geo_cov_urb,2011,8.135
mda,sex_t,age_aggregate_total,geo_cov_urb,2012,7.354
mda,sex_t,age_aggregate_total,geo_cov_urb,2013,5.753
mda,sex_t,age_aggregate_total,geo_cov_urb,2014,4.7
mda,sex_t,age_aggregate_total,geo_cov_urb,2015,5.401
mda,sex_t,age_aggregate_total,geo_cov_urb,2016,5.32
mda,sex_t,age_aggregate_total,geo_cov_urb,2017,4.916
mda,sex_t,age_aggregate_total,geo_cov_urb,2018,3.866
mda,sex_t,age_aggregate_total,geo_cov_urb,2019,4.247
mda,sex_t,age_aggregate_total,geo_cov_urb,2020,3.898
mda,sex_t,age_aggregate_total,geo_cov_urb,2021,2.594
mda,sex_t,age_aggregate_total,geo_cov_urb,2022,3.043
mda,sex_t,age_aggregate_total,geo_cov_urb,2023,5.239
mda,sex_t,age_aggregate_total,geo_cov_urb,2024,4.634
mda,sex_t,age_aggregate_y15_24,geo_cov_nat,2000,27.323
mda,sex_t,age_aggregate_y15_24,geo_cov_nat,2001,28.273
mda,sex_t,age_aggregate_y15_24,geo_cov_nat,2002,24.291
mda,sex_t,age_aggregate_y15_24,geo_cov_nat,2003,23.144
mda,sex_t,age_aggregate_y15_24,geo_cov_nat,2004,23.548
mda,sex_t,age_aggregate_y15_24,geo_cov_nat,2005,21.401
mda,sex_t,age_aggregate_y15_24,geo_cov_nat,2006,13.86
mda,sex_t,age_aggregate_y15_24,geo_cov_nat,2007,10.129
mda,sex_t,age_aggregate_y15_24,geo_cov_nat,2008,7.082
mda,sex_t,age_aggregate_y15_24,geo_cov_nat,2009,7.97
mda,sex_t,age_aggregate_y15_24,geo_cov_nat,2010,6.808
mda,sex_t,age_aggregate_y15_24,geo_cov_nat,2011,5.569
mda,sex_t,age_aggregate_y15_24,geo_cov_nat,2012,4.083
mda,sex_t,age_aggregate_y15_24,geo_cov_nat,2013,3.402
mda,sex_t,age_aggregate_y15_24,geo_cov_nat,2014,2.92
mda,sex_t,age_aggregate_y15_24,geo_cov_nat,2015,3.574
mda,sex_t,age_aggregate_y15_24,geo_cov_nat,2016,3.61
mda,sex_t,age_aggregate_y15_24,geo_cov_nat,2017,4.425
mda,sex_t,age_aggregate_y15_24,geo_cov_nat,2018,3.432
mda,sex_t,age_aggregate_y15_24,geo_cov_nat,2019,4.211
mda,sex_t,age_aggregate_y15_24,geo_cov_nat,2020,4.362
mda,sex_t,age_aggregate_y15_24,geo_cov_nat,2021,2.186
mda,sex_t,age_aggregate_y15_24,geo_cov_nat,2022,3
mda,sex_t,age_aggregate_y15_24,geo_cov_nat,2023,6.326
mda,sex_t,age_aggregate_y15_24,geo_cov_nat,2024,5.731
mda,sex_t,age_aggregate_y15_24,geo_cov_rur,2000,20.387
mda,sex_t,age_aggregate_y15_24,geo_cov_rur,2001,21.798
mda,sex_t,age_aggregate_y15_24,geo_cov_rur,2002,19.236
mda,sex_t,age_aggregate_y15_24,geo_cov_rur,2003,19.569
mda,sex_t,age_aggregate_y15_24,geo_cov_rur,2004,20.339
mda,sex_t,age_aggregate_y15_24,geo_cov_rur,2005,17.387
mda,sex_t,age_aggregate_y15_24,geo_cov_rur,2006,9.643
mda,sex_t,age_aggregate_y15_24,geo_cov_rur,2007,5.239
mda,sex_t,age_aggregate_y15_24,geo_cov_rur,2008,3.693
mda,sex_t,age_aggregate_y15_24,geo_cov_rur,2009,3.811
mda,sex_t,age_aggregate_y15_24,geo_cov_rur,2010,1.782
mda,sex_t,age_aggregate_y15_24,geo_cov_rur,2011,1.785
mda,sex_t,age_aggregate_y15_24,geo_cov_rur,2012,1.062
mda,sex_t,age_aggregate_y15_24,geo_cov_rur,2013,1.288
mda,sex_t,age_aggregate_y15_24,geo_cov_rur,2014,0.836
mda,sex_t,age_aggregate_y15_24,geo_cov_rur,2015,1.338
mda,sex_t,age_aggregate_y15_24,geo_cov_rur,2016,1.023
mda,sex_t,age_aggregate_y15_24,geo_cov_rur,2017,1.574
mda,sex_t,age_aggregate_y15_24,geo_cov_rur,2018,0.983
mda,sex_t,age_aggregate_y15_24,geo_cov_rur,2019,1.766
mda,sex_t,age_aggregate_y15_24,geo_cov_rur,2020,0.887
mda,sex_t,age_aggregate_y15_24,geo_cov_rur,2021,0.722
mda,sex_t,age_aggregate_y15_24,geo_cov_rur,2023,1.867
mda,sex_t,age_aggregate_y15_24,geo_cov_rur,2024,2.55
mda,sex_t,age_aggregate_y15_24,geo_cov_urb,2000,40.127
mda,sex_t,age_aggregate_y15_24,geo_cov_urb,2001,40.544
mda,sex_t,age_aggregate_y15_24,geo_cov_urb,2002,33.853
mda,sex_t,age_aggregate_y15_24,geo_cov_urb,2003,28.734
mda,sex_t,age_aggregate_y15_24,geo_cov_urb,2004,27.996
mda,sex_t,age_aggregate_y15_24,geo_cov_urb,2005,27.039
mda,sex_t,age_aggregate_y15_24,geo_cov_urb,2006,23.17
mda,sex_t,age_aggregate_y15_24,geo_cov_urb,2007,18.821
mda,sex_t,age_aggregate_y15_24,geo_cov_urb,2008,13.671
mda,sex_t,age_aggregate_y15_24,geo_cov_urb,2009,17.521
mda,sex_t,age_aggregate_y15_24,geo_cov_urb,2010,19.136
mda,sex_t,age_aggregate_y15_24,geo_cov_urb,2011,14.357
mda,sex_t,age_aggregate_y15_24,geo_cov_urb,2012,12.29
mda,sex_t,age_aggregate_y15_24,geo_cov_urb,2013,9.531
mda,sex_t,age_aggregate_y15_24,geo_cov_urb,2014,9.312
mda,sex_t,age_aggregate_y15_24,geo_cov_urb,2015,10.862
mda,sex_t,age_aggregate_y15_24,geo_cov_urb,2016,11.044
mda,sex_t,age_aggregate_y15_24,geo_cov_urb,2017,12.445
mda,sex_t,age_aggregate_y15_24,geo_cov_urb,2018,9.008
mda,sex_t,age_aggregate_y15_24,geo_cov_urb,2019,9.742
mda,sex_t,age_aggregate_y15_24,geo_cov_urb,2020,13.114
mda,sex_t,age_aggregate_y15_24,geo_cov_urb,2021,6.641
mda,sex_t,age_aggregate_y15_24,geo_cov_urb,2022,10.056
mda,sex_t,age_aggregate_y15_24,geo_cov_urb,2023,13.727
mda,sex_t,age_aggregate_y15_24,geo_cov_urb,2024,10.919
mda,sex_t,age_aggregate_y25_54,geo_cov_nat,2000,14.023
mda,sex_t,age_aggregate_y25_54,geo_cov_nat,2001,12.562
mda,sex_t,age_aggregate_y25_54,geo_cov_nat,2002,11.18
mda,sex_t,age_aggregate_y25_54,geo_cov_nat,2003,10.905
mda,sex_t,age_aggregate_y25_54,geo_cov_nat,2004,11.501
mda,sex_t,age_aggregate_y25_54,geo_cov_nat,2005,10.011
mda,sex_t,age_aggregate_y25_54,geo_cov_nat,2006,6.797
mda,sex_t,age_aggregate_y25_54,geo_cov_nat,2007,3.609
mda,sex_t,age_aggregate_y25_54,geo_cov_nat,2008,2.643
mda,sex_t,age_aggregate_y25_54,geo_cov_nat,2009,4.274
mda,sex_t,age_aggregate_y25_54,geo_cov_nat,2010,4.099
mda,sex_t,age_aggregate_y25_54,geo_cov_nat,2011,3.757
mda,sex_t,age_aggregate_y25_54,geo_cov_nat,2012,3.381
mda,sex_t,age_aggregate_y25_54,geo_cov_nat,2013,2.805
mda,sex_t,age_aggregate_y25_54,geo_cov_nat,2014,2.248
mda,sex_t,age_aggregate_y25_54,geo_cov_nat,2015,2.572
mda,sex_t,age_aggregate_y25_54,geo_cov_nat,2016,2.49
mda,sex_t,age_aggregate_y25_54,geo_cov_nat,2017,2.216
mda,sex_t,age_aggregate_y25_54,geo_cov_nat,2018,1.571
mda,sex_t,age_aggregate_y25_54,geo_cov_nat,2019,2.285
mda,sex_t,age_aggregate_y25_54,geo_cov_nat,2020,1.649
mda,sex_t,age_aggregate_y25_54,geo_cov_nat,2021,1.142
mda,sex_t,age_aggregate_y25_54,geo_cov_nat,2022,1.247
mda,sex_t,age_aggregate_y25_54,geo_cov_nat,2023,2.796
mda,sex_t,age_aggregate_y25_54,geo_cov_nat,2024,2.622
mda,sex_t,age_aggregate_y25_54,geo_cov_rur,2000,7.44
mda,sex_t,age_aggregate_y25_54,geo_cov_rur,2001,6.831
mda,sex_t,age_aggregate_y25_54,geo_cov_rur,2002,5.894
mda,sex_t,age_aggregate_y25_54,geo_cov_rur,2003,7.72
mda,sex_t,age_aggregate_y25_54,geo_cov_rur,2004,8.283
mda,sex_t,age_aggregate_y25_54,geo_cov_rur,2005,6.996
mda,sex_t,age_aggregate_y25_54,geo_cov_rur,2006,3.726
mda,sex_t,age_aggregate_y25_54,geo_cov_rur,2007,1.471
mda,sex_t,age_aggregate_y25_54,geo_cov_rur,2008,0.876
mda,sex_t,age_aggregate_y25_54,geo_cov_rur,2009,1.197
mda,sex_t,age_aggregate_y25_54,geo_cov_rur,2010,0.495
mda,sex_t,age_aggregate_y25_54,geo_cov_rur,2011,0.684
mda,sex_t,age_aggregate_y25_54,geo_cov_rur,2012,0.325
mda,sex_t,age_aggregate_y25_54,geo_cov_rur,2013,0.504
mda,sex_t,age_aggregate_y25_54,geo_cov_rur,2014,0.458
mda,sex_t,age_aggregate_y25_54,geo_cov_rur,2015,0.493
mda,sex_t,age_aggregate_y25_54,geo_cov_rur,2016,0.422
mda,sex_t,age_aggregate_y25_54,geo_cov_rur,2017,0.393
mda,sex_t,age_aggregate_y25_54,geo_cov_rur,2018,0.219
mda,sex_t,age_aggregate_y25_54,geo_cov_rur,2019,0.834
mda,sex_t,age_aggregate_y25_54,geo_cov_rur,2020,0.369
mda,sex_t,age_aggregate_y25_54,geo_cov_rur,2021,0.247
mda,sex_t,age_aggregate_y25_54,geo_cov_rur,2022,0.186
mda,sex_t,age_aggregate_y25_54,geo_cov_rur,2023,1.158
mda,sex_t,age_aggregate_y25_54,geo_cov_rur,2024,1.03
mda,sex_t,age_aggregate_y25_54,geo_cov_urb,2000,21.53
mda,sex_t,age_aggregate_y25_54,geo_cov_urb,2001,19.199
mda,sex_t,age_aggregate_y25_54,geo_cov_urb,2002,17.222
mda,sex_t,age_aggregate_y25_54,geo_cov_urb,2003,14.521
mda,sex_t,age_aggregate_y25_54,geo_cov_urb,2004,15.171
mda,sex_t,age_aggregate_y25_54,geo_cov_urb,2005,13.366
mda,sex_t,age_aggregate_y25_54,geo_cov_urb,2006,10.669
mda,sex_t,age_aggregate_y25_54,geo_cov_urb,2007,6.471
mda,sex_t,age_aggregate_y25_54,geo_cov_urb,2008,5.129
mda,sex_t,age_aggregate_y25_54,geo_cov_urb,2009,8.563
mda,sex_t,age_aggregate_y25_54,geo_cov_urb,2010,9.233
mda,sex_t,age_aggregate_y25_54,geo_cov_urb,2011,8.141
mda,sex_t,age_aggregate_y25_54,geo_cov_urb,2012,7.71
mda,sex_t,age_aggregate_y25_54,geo_cov_urb,2013,6.137
mda,sex_t,age_aggregate_y25_54,geo_cov_urb,2014,5.176
mda,sex_t,age_aggregate_y25_54,geo_cov_urb,2015,5.958
mda,sex_t,age_aggregate_y25_54,geo_cov_urb,2016,5.879
mda,sex_t,age_aggregate_y25_54,geo_cov_urb,2017,5.201
mda,sex_t,age_aggregate_y25_54,geo_cov_urb,2018,3.799
mda,sex_t,age_aggregate_y25_54,geo_cov_urb,2019,4.566
mda,sex_t,age_aggregate_y25_54,geo_cov_urb,2020,3.841
mda,sex_t,age_aggregate_y25_54,geo_cov_urb,2021,2.683
mda,sex_t,age_aggregate_y25_54,geo_cov_urb,2022,2.96
mda,sex_t,age_aggregate_y25_54,geo_cov_urb,2023,5.077
mda,sex_t,age_aggregate_y25_54,geo_cov_urb,2024,4.723
mda,sex_t,age_aggregate_y55_64,geo_cov_nat,2000,7.121
mda,sex_t,age_aggregate_y55_64,geo_cov_nat,2001,6.167
mda,sex_t,age_aggregate_y55_64,geo_cov_nat,2002,6.639
mda,sex_t,age_aggregate_y55_64,geo_cov_nat,2003,5.302
mda,sex_t,age_aggregate_y55_64,geo_cov_nat,2004,5.726
mda,sex_t,age_aggregate_y55_64,geo_cov_nat,2005,5.348
mda,sex_t,age_aggregate_y55_64,geo_cov_nat,2006,3.705
mda,sex_t,age_aggregate_y55_64,geo_cov_nat,2007,2.024
mda,sex_t,age_aggregate_y55_64,geo_cov_nat,2008,1.571
mda,sex_t,age_aggregate_y55_64,geo_cov_nat,2009,2.112
mda,sex_t,age_aggregate_y55_64,geo_cov_nat,2010,1.978
mda,sex_t,age_aggregate_y55_64,geo_cov_nat,2011,1.991
mda,sex_t,age_aggregate_y55_64,geo_cov_nat,2012,1.684
mda,sex_t,age_aggregate_y55_64,geo_cov_nat,2013,1.332
mda,sex_t,age_aggregate_y55_64,geo_cov_nat,2014,0.681
mda,sex_t,age_aggregate_y55_64,geo_cov_nat,2015,0.936
mda,sex_t,age_aggregate_y55_64,geo_cov_nat,2016,0.858
mda,sex_t,age_aggregate_y55_64,geo_cov_nat,2017,0.779
mda,sex_t,age_aggregate_y55_64,geo_cov_nat,2018,0.822
mda,sex_t,age_aggregate_y55_64,geo_cov_nat,2019,0.591
mda,sex_t,age_aggregate_y55_64,geo_cov_nat,2020,0.51
mda,sex_t,age_aggregate_y55_64,geo_cov_nat,2021,0.596
mda,sex_t,age_aggregate_y55_64,geo_cov_nat,2022,0.593
mda,sex_t,age_aggregate_y55_64,geo_cov_nat,2023,1.72
mda,sex_t,age_aggregate_y55_64,geo_cov_nat,2024,1.256
mda,sex_t,age_aggregate_y55_64,geo_cov_rur,2000,1.459
mda,sex_t,age_aggregate_y55_64,geo_cov_rur,2001,1.272
mda,sex_t,age_aggregate_y55_64,geo_cov_rur,2002,1.464
mda,sex_t,age_aggregate_y55_64,geo_cov_rur,2003,2.082
mda,sex_t,age_aggregate_y55_64,geo_cov_rur,2004,2.878
mda,sex_t,age_aggregate_y55_64,geo_cov_rur,2005,2
mda,sex_t,age_aggregate_y55_64,geo_cov_rur,2006,1.111
mda,sex_t,age_aggregate_y55_64,geo_cov_rur,2007,0.48
mda,sex_t,age_aggregate_y55_64,geo_cov_rur,2008,0.13
mda,sex_t,age_aggregate_y55_64,geo_cov_rur,2009,0.341
mda,sex_t,age_aggregate_y55_64,geo_cov_rur,2010,0.104
mda,sex_t,age_aggregate_y55_64,geo_cov_rur,2011,0.095
mda,sex_t,age_aggregate_y55_64,geo_cov_rur,2013,0.116
mda,sex_t,age_aggregate_y55_64,geo_cov_rur,2014,0.07
mda,sex_t,age_aggregate_y55_64,geo_cov_rur,2015,0.193
mda,sex_t,age_aggregate_y55_64,geo_cov_rur,2016,0.109
mda,sex_t,age_aggregate_y55_64,geo_cov_rur,2019,0.142
mda,sex_t,age_aggregate_y55_64,geo_cov_rur,2021,0.113
mda,sex_t,age_aggregate_y55_64,geo_cov_rur,2023,0.924
mda,sex_t,age_aggregate_y55_64,geo_cov_rur,2024,0.268
mda,sex_t,age_aggregate_y55_64,geo_cov_urb,2000,18.123
mda,sex_t,age_aggregate_y55_64,geo_cov_urb,2001,15.851
mda,sex_t,age_aggregate_y55_64,geo_cov_urb,2002,15.45
mda,sex_t,age_aggregate_y55_64,geo_cov_urb,2003,10.875
mda,sex_t,age_aggregate_y55_64,geo_cov_urb,2004,10.392
mda,sex_t,age_aggregate_y55_64,geo_cov_urb,2005,10.213
mda,sex_t,age_aggregate_y55_64,geo_cov_urb,2006,8.496
mda,sex_t,age_aggregate_y55_64,geo_cov_urb,2007,5.138
mda,sex_t,age_aggregate_y55_64,geo_cov_urb,2008,4.311
mda,sex_t,age_aggregate_y55_64,geo_cov_urb,2009,5.372
mda,sex_t,age_aggregate_y55_64,geo_cov_urb,2010,5.912
mda,sex_t,age_aggregate_y55_64,geo_cov_urb,2011,5.765
mda,sex_t,age_aggregate_y55_64,geo_cov_urb,2012,4.936
mda,sex_t,age_aggregate_y55_64,geo_cov_urb,2013,3.74
mda,sex_t,age_aggregate_y55_64,geo_cov_urb,2014,2.09
mda,sex_t,age_aggregate_y55_64,geo_cov_urb,2015,2.627
mda,sex_t,age_aggregate_y55_64,geo_cov_urb,2016,2.6
mda,sex_t,age_aggregate_y55_64,geo_cov_urb,2017,2.521
mda,sex_t,age_aggregate_y55_64,geo_cov_urb,2018,3.122
mda,sex_t,age_aggregate_y55_64,geo_cov_urb,2019,1.957
mda,sex_t,age_aggregate_y55_64,geo_cov_urb,2020,1.946
mda,sex_t,age_aggregate_y55_64,geo_cov_urb,2021,2.069
mda,sex_t,age_aggregate_y55_64,geo_cov_urb,2022,2.126
mda,sex_t,age_aggregate_y55_64,geo_cov_urb,2023,4.034
mda,sex_t,age_aggregate_y55_64,geo_cov_urb,2024,3.551
mda,sex_t,age_aggregate_yge65,geo_cov_nat,2000,1.646
mda,sex_t,age_aggregate_yge65,geo_cov_nat,2001,1.093
mda,sex_t,age_aggregate_yge65,geo_cov_nat,2002,1.524
mda,sex_t,age_aggregate_yge65,geo_cov_nat,2003,1.164
mda,sex_t,age_aggregate_yge65,geo_cov_nat,2004,0.907
mda,sex_t,age_aggregate_yge65,geo_cov_nat,2005,0.487
mda,sex_t,age_aggregate_yge65,geo_cov_nat,2006,0.584
mda,sex_t,age_aggregate_yge65,geo_cov_nat,2007,0.083
mda,sex_t,age_aggregate_yge65,geo_cov_nat,2023,0.235
mda,sex_t,age_aggregate_yge65,geo_cov_nat,2024,0.292
mda,sex_t,age_aggregate_yge65,geo_cov_urb,2000,10.957
mda,sex_t,age_aggregate_yge65,geo_cov_urb,2001,10.578
mda,sex_t,age_aggregate_yge65,geo_cov_urb,2002,11.961
mda,sex_t,age_aggregate_yge65,geo_cov_urb,2003,7.634
mda,sex_t,age_aggregate_yge65,geo_cov_urb,2004,4.597
mda,sex_t,age_aggregate_yge65,geo_cov_urb,2005,2.649
mda,sex_t,age_aggregate_yge65,geo_cov_urb,2006,4.347
mda,sex_t,age_aggregate_yge65,geo_cov_urb,2023,1.487
mda,sex_t,age_aggregate_yge65,geo_cov_urb,2024,1.696
mda,sex_t,age_ythadult_y15_24,geo_cov_nat,2000,27.323
mda,sex_t,age_ythadult_y15_24,geo_cov_nat,2001,28.273
mda,sex_t,age_ythadult_y15_24,geo_cov_nat,2002,24.291
mda,sex_t,age_ythadult_y15_24,geo_cov_nat,2003,23.144
mda,sex_t,age_ythadult_y15_24,geo_cov_nat,2004,23.548
mda,sex_t,age_ythadult_y15_24,geo_cov_nat,2005,21.401
mda,sex_t,age_ythadult_y15_24,geo_cov_nat,2006,13.86
mda,sex_t,age_ythadult_y15_24,geo_cov_nat,2007,10.129
mda,sex_t,age_ythadult_y15_24,geo_cov_nat,2008,7.082
mda,sex_t,age_ythadult_y15_24,geo_cov_nat,2009,7.97
mda,sex_t,age_ythadult_y15_24,geo_cov_nat,2010,6.808
mda,sex_t,age_ythadult_y15_24,geo_cov_nat,2011,5.569
mda,sex_t,age_ythadult_y15_24,geo_cov_nat,2012,4.083
mda,sex_t,age_ythadult_y15_24,geo_cov_nat,2013,3.402
mda,sex_t,age_ythadult_y15_24,geo_cov_nat,2014,2.92
mda,sex_t,age_ythadult_y15_24,geo_cov_nat,2015,3.574
mda,sex_t,age_ythadult_y15_24,geo_cov_nat,2016,3.61
mda,sex_t,age_ythadult_y15_24,geo_cov_nat,2017,4.425
mda,sex_t,age_ythadult_y15_24,geo_cov_nat,2018,3.432
mda,sex_t,age_ythadult_y15_24,geo_cov_nat,2019,4.211
mda,sex_t,age_ythadult_y15_24,geo_cov_nat,2020,4.362
mda,sex_t,age_ythadult_y15_24,geo_cov_nat,2021,2.186
mda,sex_t,age_ythadult_y15_24,geo_cov_nat,2022,3
mda,sex_t,age_ythadult_y15_24,geo_cov_nat,2023,6.326
mda,sex_t,age_ythadult_y15_24,geo_cov_nat,2024,5.731
mda,sex_t,age_ythadult_y15_24,geo_cov_rur,2000,20.387
mda,sex_t,age_ythadult_y15_24,geo_cov_rur,2001,21.798
mda,sex_t,age_ythadult_y15_24,geo_cov_rur,2002,19.236
mda,sex_t,age_ythadult_y15_24,geo_cov_rur,2003,19.569
mda,sex_t,age_ythadult_y15_24,geo_cov_rur,2004,20.339
mda,sex_t,age_ythadult_y15_24,geo_cov_rur,2005,17.387
mda,sex_t,age_ythadult_y15_24,geo_cov_rur,2006,9.643
mda,sex_t,age_ythadult_y15_24,geo_cov_rur,2007,5.239
mda,sex_t,age_ythadult_y15_24,geo_cov_rur,2008,3.693
mda,sex_t,age_ythadult_y15_24,geo_cov_rur,2009,3.811
mda,sex_t,age_ythadult_y15_24,geo_cov_rur,2010,1.782
mda,sex_t,age_ythadult_y15_24,geo_cov_rur,2011,1.785
mda,sex_t,age_ythadult_y15_24,geo_cov_rur,2012,1.062
mda,sex_t,age_ythadult_y15_24,geo_cov_rur,2013,1.288
mda,sex_t,age_ythadult_y15_24,geo_cov_rur,2014,0.836
mda,sex_t,age_ythadult_y15_24,geo_cov_rur,2015,1.338
mda,sex_t,age_ythadult_y15_24,geo_cov_rur,2016,1.023
mda,sex_t,age_ythadult_y15_24,geo_cov_rur,2017,1.574
mda,sex_t,age_ythadult_y15_24,geo_cov_rur,2018,0.983
mda,sex_t,age_ythadult_y15_24,geo_cov_rur,2019,1.766
mda,sex_t,age_ythadult_y15_24,geo_cov_rur,2020,0.887
mda,sex_t,age_ythadult_y15_24,geo_cov_rur,2021,0.722
mda,sex_t,age_ythadult_y15_24,geo_cov_rur,2023,1.867
mda,sex_t,age_ythadult_y15_24,geo_cov_rur,2024,2.55
mda,sex_t,age_ythadult_y15_24,geo_cov_urb,2000,40.127
mda,sex_t,age_ythadult_y15_24,geo_cov_urb,2001,40.544
mda,sex_t,age_ythadult_y15_24,geo_cov_urb,2002,33.853
mda,sex_t,age_ythadult_y15_24,geo_cov_urb,2003,28.734
mda,sex_t,age_ythadult_y15_24,geo_cov_urb,2004,27.996
mda,sex_t,age_ythadult_y15_24,geo_cov_urb,2005,27.039
mda,sex_t,age_ythadult_y15_24,geo_cov_urb,2006,23.17
mda,sex_t,age_ythadult_y15_24,geo_cov_urb,2007,18.821
mda,sex_t,age_ythadult_y15_24,geo_cov_urb,2008,13.671
mda,sex_t,age_ythadult_y15_24,geo_cov_urb,2009,17.521
mda,sex_t,age_ythadult_y15_24,geo_cov_urb,2010,19.136
mda,sex_t,age_ythadult_y15_24,geo_cov_urb,2011,14.357
mda,sex_t,age_ythadult_y15_24,geo_cov_urb,2012,12.29
mda,sex_t,age_ythadult_y15_24,geo_cov_urb,2013,9.531
mda,sex_t,age_ythadult_y15_24,geo_cov_urb,2014,9.312
mda,sex_t,age_ythadult_y15_24,geo_cov_urb,2015,10.862
mda,sex_t,age_ythadult_y15_24,geo_cov_urb,2016,11.044
mda,sex_t,age_ythadult_y15_24,geo_cov_urb,2017,12.445
mda,sex_t,age_ythadult_y15_24,geo_cov_urb,2018,9.008
mda,sex_t,age_ythadult_y15_24,geo_cov_urb,2019,9.742
mda,sex_t,age_ythadult_y15_24,geo_cov_urb,2020,13.114
mda,sex_t,age_ythadult_y15_24,geo_cov_urb,2021,6.641
mda,sex_t,age_ythadult_y15_24,geo_cov_urb,2022,10.056
mda,sex_t,age_ythadult_y15_24,geo_cov_urb,2023,13.727
mda,sex_t,age_ythadult_y15_24,geo_cov_urb,2024,10.919
mda,sex_t,age_ythadult_y15_64,geo_cov_nat,2000,15.517
mda,sex_t,age_ythadult_y15_64,geo_cov_nat,2001,14.411
mda,sex_t,age_ythadult_y15_64,geo_cov_nat,2002,12.651
mda,sex_t,age_ythadult_y15_64,geo_cov_nat,2003,11.918
mda,sex_t,age_ythadult_y15_64,geo_cov_nat,2004,12.33
mda,sex_t,age_ythadult_y15_64,geo_cov_nat,2005,10.767
mda,sex_t,age_ythadult_y15_64,geo_cov_nat,2006,7.389
mda,sex_t,age_ythadult_y15_64,geo_cov_nat,2007,4.227
mda,sex_t,age_ythadult_y15_64,geo_cov_nat,2008,3.068
mda,sex_t,age_ythadult_y15_64,geo_cov_nat,2009,4.455
mda,sex_t,age_ythadult_y15_64,geo_cov_nat,2010,4.19
mda,sex_t,age_ythadult_y15_64,geo_cov_nat,2011,3.738
mda,sex_t,age_ythadult_y15_64,geo_cov_nat,2012,3.182
mda,sex_t,age_ythadult_y15_64,geo_cov_nat,2013,2.625
mda,sex_t,age_ythadult_y15_64,geo_cov_nat,2014,2.009
mda,sex_t,age_ythadult_y15_64,geo_cov_nat,2015,2.36
mda,sex_t,age_ythadult_y15_64,geo_cov_nat,2016,2.27
mda,sex_t,age_ythadult_y15_64,geo_cov_nat,2017,2.126
mda,sex_t,age_ythadult_y15_64,geo_cov_nat,2018,1.563
mda,sex_t,age_ythadult_y15_64,geo_cov_nat,2019,2.057
mda,sex_t,age_ythadult_y15_64,geo_cov_nat,2020,1.606
mda,sex_t,age_ythadult_y15_64,geo_cov_nat,2021,1.094
mda,sex_t,age_ythadult_y15_64,geo_cov_nat,2022,1.222
mda,sex_t,age_ythadult_y15_64,geo_cov_nat,2023,2.8
mda,sex_t,age_ythadult_y15_64,geo_cov_nat,2024,2.502
mda,sex_t,age_ythadult_y15_64,geo_cov_rur,2000,9.182
mda,sex_t,age_ythadult_y15_64,geo_cov_rur,2001,8.915
mda,sex_t,age_ythadult_y15_64,geo_cov_rur,2002,7.682
mda,sex_t,age_ythadult_y15_64,geo_cov_rur,2003,8.751
mda,sex_t,age_ythadult_y15_64,geo_cov_rur,2004,9.161
mda,sex_t,age_ythadult_y15_64,geo_cov_rur,2005,7.624
mda,sex_t,age_ythadult_y15_64,geo_cov_rur,2006,4.325
mda,sex_t,age_ythadult_y15_64,geo_cov_rur,2007,1.835
mda,sex_t,age_ythadult_y15_64,geo_cov_rur,2008,1.16
mda,sex_t,age_ythadult_y15_64,geo_cov_rur,2009,1.48
mda,sex_t,age_ythadult_y15_64,geo_cov_rur,2010,0.66
mda,sex_t,age_ythadult_y15_64,geo_cov_rur,2012,0.397
mda,sex_t,age_ythadult_y15_64,geo_cov_rur,2013,0.561
mda,sex_t,age_ythadult_y15_64,geo_cov_rur,2014,0.429
mda,sex_t,age_ythadult_y15_64,geo_cov_rur,2015,0.556
mda,sex_t,age_ythadult_y15_64,geo_cov_rur,2016,0.429
mda,sex_t,age_ythadult_y15_64,geo_cov_rur,2017,0.456
mda,sex_t,age_ythadult_y15_64,geo_cov_rur,2019,0.734
mda,sex_t,age_ythadult_y15_64,geo_cov_rur,2021,0.254
mda,sex_t,age_ythadult_y15_64,geo_cov_rur,2023,1.143
mda,sex_t,age_ythadult_y15_64,geo_cov_rur,2024,0.921
mda,sex_t,age_ythadult_y15_64,geo_cov_urb,2000,23.669
mda,sex_t,age_ythadult_y15_64,geo_cov_urb,2001,21.569
mda,sex_t,age_ythadult_y15_64,geo_cov_urb,2002,18.979
mda,sex_t,age_ythadult_y15_64,geo_cov_urb,2003,15.828
mda,sex_t,age_ythadult_y15_64,geo_cov_urb,2004,16.189
mda,sex_t,age_ythadult_y15_64,geo_cov_urb,2005,14.491
mda,sex_t,age_ythadult_y15_64,geo_cov_urb,2006,11.779
mda,sex_t,age_ythadult_y15_64,geo_cov_urb,2007,7.758
mda,sex_t,age_ythadult_y15_64,geo_cov_urb,2008,6.002
mda,sex_t,age_ythadult_y15_64,geo_cov_urb,2009,9.098
mda,sex_t,age_ythadult_y15_64,geo_cov_urb,2010,9.984
mda,sex_t,age_ythadult_y15_64,geo_cov_urb,2011,8.541
mda,sex_t,age_ythadult_y15_64,geo_cov_urb,2012,7.747
mda,sex_t,age_ythadult_y15_64,geo_cov_urb,2013,6.077
mda,sex_t,age_ythadult_y15_64,geo_cov_urb,2014,4.998
mda,sex_t,age_ythadult_y15_64,geo_cov_urb,2015,5.778
mda,sex_t,age_ythadult_y15_64,geo_cov_urb,2016,5.715
mda,sex_t,age_ythadult_y15_64,geo_cov_urb,2017,5.282
mda,sex_t,age_ythadult_y15_64,geo_cov_urb,2018,4.106
mda,sex_t,age_ythadult_y15_64,geo_cov_urb,2019,4.535
mda,sex_t,age_ythadult_y15_64,geo_cov_urb,2020,4.183
mda,sex_t,age_ythadult_y15_64,geo_cov_urb,2021,2.813
mda,sex_t,age_ythadult_y15_64,geo_cov_urb,2022,3.261
mda,sex_t,age_ythadult_y15_64,geo_cov_urb,2023,5.557
mda,sex_t,age_ythadult_y15_64,geo_cov_urb,2024,4.921
mda,sex_t,age_ythadult_yge15,geo_cov_nat,2000,14.916
mda,sex_t,age_ythadult_yge15,geo_cov_nat,2001,13.848
mda,sex_t,age_ythadult_yge15,geo_cov_nat,2002,12.126
mda,sex_t,age_ythadult_yge15,geo_cov_nat,2003,11.088
mda,sex_t,age_ythadult_yge15,geo_cov_nat,2004,11.453
mda,sex_t,age_ythadult_yge15,geo_cov_nat,2005,9.847
mda,sex_t,age_ythadult_yge15,geo_cov_nat,2006,6.782
mda,sex_t,age_ythadult_yge15,geo_cov_nat,2007,3.769
mda,sex_t,age_ythadult_yge15,geo_cov_nat,2008,2.732
mda,sex_t,age_ythadult_yge15,geo_cov_nat,2009,4.018
mda,sex_t,age_ythadult_yge15,geo_cov_nat,2010,3.764
mda,sex_t,age_ythadult_yge15,geo_cov_nat,2011,3.359
mda,sex_t,age_ythadult_yge15,geo_cov_nat,2012,2.859
mda,sex_t,age_ythadult_yge15,geo_cov_nat,2013,2.355
mda,sex_t,age_ythadult_yge15,geo_cov_nat,2014,1.785
mda,sex_t,age_ythadult_yge15,geo_cov_nat,2015,2.088
mda,sex_t,age_ythadult_yge15,geo_cov_nat,2016,1.992
mda,sex_t,age_ythadult_yge15,geo_cov_nat,2017,1.857
mda,sex_t,age_ythadult_yge15,geo_cov_nat,2018,1.357
mda,sex_t,age_ythadult_yge15,geo_cov_nat,2019,1.76
mda,sex_t,age_ythadult_yge15,geo_cov_nat,2020,1.366
mda,sex_t,age_ythadult_yge15,geo_cov_nat,2021,0.918
mda,sex_t,age_ythadult_yge15,geo_cov_nat,2022,1.024
mda,sex_t,age_ythadult_yge15,geo_cov_nat,2023,2.356
mda,sex_t,age_ythadult_yge15,geo_cov_nat,2024,2.097
mda,sex_t,age_ythadult_yge15,geo_cov_rur,2000,8.596
mda,sex_t,age_ythadult_yge15,geo_cov_rur,2001,8.332
mda,sex_t,age_ythadult_yge15,geo_cov_rur,2002,7.134
mda,sex_t,age_ythadult_yge15,geo_cov_rur,2003,7.757
mda,sex_t,age_ythadult_yge15,geo_cov_rur,2004,8.167
mda,sex_t,age_ythadult_yge15,geo_cov_rur,2005,6.641
mda,sex_t,age_ythadult_yge15,geo_cov_rur,2006,3.782
mda,sex_t,age_ythadult_yge15,geo_cov_rur,2007,1.552
mda,sex_t,age_ythadult_yge15,geo_cov_rur,2008,0.983
mda,sex_t,age_ythadult_yge15,geo_cov_rur,2009,1.275
mda,sex_t,age_ythadult_yge15,geo_cov_rur,2010,0.568
mda,sex_t,age_ythadult_yge15,geo_cov_rur,2011,0.666
mda,sex_t,age_ythadult_yge15,geo_cov_rur,2012,0.345
mda,sex_t,age_ythadult_yge15,geo_cov_rur,2013,0.489
mda,sex_t,age_ythadult_yge15,geo_cov_rur,2014,0.37
mda,sex_t,age_ythadult_yge15,geo_cov_rur,2015,0.478
mda,sex_t,age_ythadult_yge15,geo_cov_rur,2016,0.366
mda,sex_t,age_ythadult_yge15,geo_cov_rur,2017,0.385
mda,sex_t,age_ythadult_yge15,geo_cov_rur,2018,0.202
mda,sex_t,age_ythadult_yge15,geo_cov_rur,2019,0.601
mda,sex_t,age_ythadult_yge15,geo_cov_rur,2020,0.269
mda,sex_t,age_ythadult_yge15,geo_cov_rur,2021,0.204
mda,sex_t,age_ythadult_yge15,geo_cov_rur,2022,0.134
mda,sex_t,age_ythadult_yge15,geo_cov_rur,2023,0.892
mda,sex_t,age_ythadult_yge15,geo_cov_rur,2024,0.705
mda,sex_t,age_ythadult_yge15,geo_cov_urb,2000,23.479
mda,sex_t,age_ythadult_yge15,geo_cov_urb,2001,21.455
mda,sex_t,age_ythadult_yge15,geo_cov_urb,2002,18.883
mda,sex_t,age_ythadult_yge15,geo_cov_urb,2003,15.601
mda,sex_t,age_ythadult_yge15,geo_cov_urb,2004,15.782
mda,sex_t,age_ythadult_yge15,geo_cov_urb,2005,14.041
mda,sex_t,age_ythadult_yge15,geo_cov_urb,2006,11.561
mda,sex_t,age_ythadult_yge15,geo_cov_urb,2007,7.508
mda,sex_t,age_ythadult_yge15,geo_cov_urb,2008,5.795
mda,sex_t,age_ythadult_yge15,geo_cov_urb,2009,8.823
mda,sex_t,age_ythadult_yge15,geo_cov_urb,2010,9.654
mda,sex_t,age_ythadult_yge15,geo_cov_urb,2011,8.135
mda,sex_t,age_ythadult_yge15,geo_cov_urb,2012,7.354
mda,sex_t,age_ythadult_yge15,geo_cov_urb,2013,5.753
mda,sex_t,age_ythadult_yge15,geo_cov_urb,2014,4.7
mda,sex_t,age_ythadult_yge15,geo_cov_urb,2015,5.401
mda,sex_t,age_ythadult_yge15,geo_cov_urb,2016,5.32
mda,sex_t,age_ythadult_yge15,geo_cov_urb,2017,4.916
mda,sex_t,age_ythadult_yge15,geo_cov_urb,2018,3.866
mda,sex_t,age_ythadult_yge15,geo_cov_urb,2019,4.247
mda,sex_t,age_ythadult_yge15,geo_cov_urb,2020,3.898
mda,sex_t,age_ythadult_yge15,geo_cov_urb,2021,2.594
mda,sex_t,age_ythadult_yge15,geo_cov_urb,2022,3.043
mda,sex_t,age_ythadult_yge15,geo_cov_urb,2023,5.239
mda,sex_t,age_ythadult_yge15,geo_cov_urb,2024,4.634
mda,sex_t,age_ythadult_yge25,geo_cov_nat,2000,12.688
mda,sex_t,age_ythadult_yge25,geo_cov_nat,2001,11.376
mda,sex_t,age_ythadult_yge25,geo_cov_nat,2002,10.172
mda,sex_t,age_ythadult_yge25,geo_cov_nat,2003,9.434
mda,sex_t,age_ythadult_yge25,geo_cov_nat,2004,9.877
mda,sex_t,age_ythadult_yge25,geo_cov_nat,2005,8.425
mda,sex_t,age_ythadult_yge25,geo_cov_nat,2006,5.712
mda,sex_t,age_ythadult_yge25,geo_cov_nat,2007,2.922
mda,sex_t,age_ythadult_yge25,geo_cov_nat,2008,2.143
mda,sex_t,age_ythadult_yge25,geo_cov_nat,2009,3.428
mda,sex_t,age_ythadult_yge25,geo_cov_nat,2010,3.257
mda,sex_t,age_ythadult_yge25,geo_cov_nat,2011,3.007
mda,sex_t,age_ythadult_yge25,geo_cov_nat,2012,2.675
mda,sex_t,age_ythadult_yge25,geo_cov_nat,2013,2.204
mda,sex_t,age_ythadult_yge25,geo_cov_nat,2014,1.636
mda,sex_t,age_ythadult_yge25,geo_cov_nat,2015,1.894
mda,sex_t,age_ythadult_yge25,geo_cov_nat,2016,1.809
mda,sex_t,age_ythadult_yge25,geo_cov_nat,2017,1.592
mda,sex_t,age_ythadult_yge25,geo_cov_nat,2018,1.18
mda,sex_t,age_ythadult_yge25,geo_cov_nat,2019,1.558
mda,sex_t,age_ythadult_yge25,geo_cov_nat,2020,1.135
mda,sex_t,age_ythadult_yge25,geo_cov_nat,2021,0.826
mda,sex_t,age_ythadult_yge25,geo_cov_nat,2022,0.89
mda,sex_t,age_ythadult_yge25,geo_cov_nat,2023,2.092
mda,sex_t,age_ythadult_yge25,geo_cov_nat,2024,1.876
mda,sex_t,age_ythadult_yge25,geo_cov_rur,2000,6.151
mda,sex_t,age_ythadult_yge25,geo_cov_rur,2001,5.666
mda,sex_t,age_ythadult_yge25,geo_cov_rur,2002,4.873
mda,sex_t,age_ythadult_yge25,geo_cov_rur,2003,6.024
mda,sex_t,age_ythadult_yge25,geo_cov_rur,2004,6.543
mda,sex_t,age_ythadult_yge25,geo_cov_rur,2005,5.273
mda,sex_t,age_ythadult_yge25,geo_cov_rur,2006,2.771
mda,sex_t,age_ythadult_yge25,geo_cov_rur,2007,1.05
mda,sex_t,age_ythadult_yge25,geo_cov_rur,2008,0.6
mda,sex_t,age_ythadult_yge25,geo_cov_rur,2009,0.856
mda,sex_t,age_ythadult_yge25,geo_cov_rur,2010,0.343
mda,sex_t,age_ythadult_yge25,geo_cov_rur,2011,0.469
mda,sex_t,age_ythadult_yge25,geo_cov_rur,2012,0.22
mda,sex_t,age_ythadult_yge25,geo_cov_rur,2013,0.353
mda,sex_t,age_ythadult_yge25,geo_cov_rur,2014,0.3
mda,sex_t,age_ythadult_yge25,geo_cov_rur,2015,0.348
mda,sex_t,age_ythadult_yge25,geo_cov_rur,2016,0.282
mda,sex_t,age_ythadult_yge25,geo_cov_rur,2017,0.25
mda,sex_t,age_ythadult_yge25,geo_cov_rur,2018,0.134
mda,sex_t,age_ythadult_yge25,geo_cov_rur,2019,0.502
mda,sex_t,age_ythadult_yge25,geo_cov_rur,2020,0.22
mda,sex_t,age_ythadult_yge25,geo_cov_rur,2021,0.163
mda,sex_t,age_ythadult_yge25,geo_cov_rur,2022,0.124
mda,sex_t,age_ythadult_yge25,geo_cov_rur,2023,0.832
mda,sex_t,age_ythadult_yge25,geo_cov_rur,2024,0.597
mda,sex_t,age_ythadult_yge25,geo_cov_urb,2000,21.08
mda,sex_t,age_ythadult_yge25,geo_cov_urb,2001,18.846
mda,sex_t,age_ythadult_yge25,geo_cov_urb,2002,16.983
mda,sex_t,age_ythadult_yge25,geo_cov_urb,2003,13.964
mda,sex_t,age_ythadult_yge25,geo_cov_urb,2004,14.242
mda,sex_t,age_ythadult_yge25,geo_cov_urb,2005,12.512
mda,sex_t,age_ythadult_yge25,geo_cov_urb,2006,10.182
mda,sex_t,age_ythadult_yge25,geo_cov_urb,2007,6.056
mda,sex_t,age_ythadult_yge25,geo_cov_urb,2008,4.808
mda,sex_t,age_ythadult_yge25,geo_cov_urb,2009,7.767
mda,sex_t,age_ythadult_yge25,geo_cov_urb,2010,8.391
mda,sex_t,age_ythadult_yge25,geo_cov_urb,2011,7.33
mda,sex_t,age_ythadult_yge25,geo_cov_urb,2012,6.819
mda,sex_t,age_ythadult_yge25,geo_cov_urb,2013,5.375
mda,sex_t,age_ythadult_yge25,geo_cov_urb,2014,4.258
mda,sex_t,age_ythadult_yge25,geo_cov_urb,2015,4.907
mda,sex_t,age_ythadult_yge25,geo_cov_urb,2016,4.822
mda,sex_t,age_ythadult_yge25,geo_cov_urb,2017,4.301
mda,sex_t,age_ythadult_yge25,geo_cov_urb,2018,3.443
mda,sex_t,age_ythadult_yge25,geo_cov_urb,2019,3.809
mda,sex_t,age_ythadult_yge25,geo_cov_urb,2020,3.233
mda,sex_t,age_ythadult_yge25,geo_cov_urb,2021,2.352
mda,sex_t,age_ythadult_yge25,geo_cov_urb,2022,2.609
mda,sex_t,age_ythadult_yge25,geo_cov_urb,2023,4.604
mda,sex_t,age_ythadult_yge25,geo_cov_urb,2024,4.222
mdg,sex_f,age_aggregate_total,geo_cov_nat,2012,0.869
mdg,sex_f,age_aggregate_total,geo_cov_nat,2022,8.908
mdg,sex_f,age_aggregate_total,geo_cov_rur,2012,0.445
mdg,sex_f,age_aggregate_total,geo_cov_rur,2022,7.465
mdg,sex_f,age_aggregate_total,geo_cov_urb,2012,2.263
mdg,sex_f,age_aggregate_total,geo_cov_urb,2022,14.866
mdg,sex_f,age_aggregate_y15_24,geo_cov_nat,2012,1.397
mdg,sex_f,age_aggregate_y15_24,geo_cov_nat,2022,14.723
mdg,sex_f,age_aggregate_y15_24,geo_cov_rur,2012,0.698
mdg,sex_f,age_aggregate_y15_24,geo_cov_rur,2022,12.662
mdg,sex_f,age_aggregate_y15_24,geo_cov_urb,2012,3.753
mdg,sex_f,age_aggregate_y15_24,geo_cov_urb,2022,25.1
mdg,sex_f,age_aggregate_y25_54,geo_cov_nat,2012,0.663
mdg,sex_f,age_aggregate_y25_54,geo_cov_nat,2022,6.909
mdg,sex_f,age_aggregate_y25_54,geo_cov_rur,2012,0.368
mdg,sex_f,age_aggregate_y25_54,geo_cov_rur,2022,5.519
mdg,sex_f,age_aggregate_y25_54,geo_cov_urb,2012,1.634
mdg,sex_f,age_aggregate_y25_54,geo_cov_urb,2022,12.192
mdg,sex_f,age_aggregate_y55_64,geo_cov_nat,2022,4.095
mdg,sex_f,age_aggregate_y55_64,geo_cov_rur,2022,3.444
mdg,sex_f,age_aggregate_y55_64,geo_cov_urb,2022,6.49
mdg,sex_f,age_aggregate_yge65,geo_cov_nat,2022,2.58
mdg,sex_f,age_aggregate_yge65,geo_cov_rur,2022,1.701
mdg,sex_f,age_aggregate_yge65,geo_cov_urb,2022,6.799
mdg,sex_f,age_ythadult_y15_24,geo_cov_nat,2012,1.397
mdg,sex_f,age_ythadult_y15_24,geo_cov_nat,2022,14.723
mdg,sex_f,age_ythadult_y15_24,geo_cov_rur,2012,0.698
mdg,sex_f,age_ythadult_y15_24,geo_cov_rur,2022,12.662
mdg,sex_f,age_ythadult_y15_24,geo_cov_urb,2012,3.753
mdg,sex_f,age_ythadult_y15_24,geo_cov_urb,2022,25.1
mdg,sex_f,age_ythadult_y15_64,geo_cov_nat,2012,0.886
mdg,sex_f,age_ythadult_y15_64,geo_cov_nat,2022,9.1
mdg,sex_f,age_ythadult_y15_64,geo_cov_rur,2022,7.646
mdg,sex_f,age_ythadult_y15_64,geo_cov_urb,2012,2.281
mdg,sex_f,age_ythadult_y15_64,geo_cov_urb,2022,15.082
mdg,sex_f,age_ythadult_yge15,geo_cov_nat,2012,0.869
mdg,sex_f,age_ythadult_yge15,geo_cov_nat,2022,8.908
mdg,sex_f,age_ythadult_yge15,geo_cov_rur,2012,0.445
mdg,sex_f,age_ythadult_yge15,geo_cov_rur,2022,7.465
mdg,sex_f,age_ythadult_yge15,geo_cov_urb,2012,2.263
mdg,sex_f,age_ythadult_yge15,geo_cov_urb,2022,14.866
mdg,sex_f,age_ythadult_yge25,geo_cov_nat,2012,0.607
mdg,sex_f,age_ythadult_yge25,geo_cov_nat,2022,6.43
mdg,sex_f,age_ythadult_yge25,geo_cov_rur,2012,0.319
mdg,sex_f,age_ythadult_yge25,geo_cov_rur,2022,5.133
mdg,sex_f,age_ythadult_yge25,geo_cov_urb,2012,1.545
mdg,sex_f,age_ythadult_yge25,geo_cov_urb,2022,11.382
mdg,sex_m,age_aggregate_total,geo_cov_nat,2012,0.696
mdg,sex_m,age_aggregate_total,geo_cov_nat,2022,5.889
mdg,sex_m,age_aggregate_total,geo_cov_rur,2012,0.257
mdg,sex_m,age_aggregate_total,geo_cov_rur,2022,4.99
mdg,sex_m,age_aggregate_total,geo_cov_urb,2012,2.199
mdg,sex_m,age_aggregate_total,geo_cov_urb,2022,9.795
mdg,sex_m,age_aggregate_y15_24,geo_cov_nat,2012,1.127
mdg,sex_m,age_aggregate_y15_24,geo_cov_nat,2022,10.726
mdg,sex_m,age_aggregate_y15_24,geo_cov_rur,2012,0.566
mdg,sex_m,age_aggregate_y15_24,geo_cov_rur,2022,8.926
mdg,sex_m,age_aggregate_y15_24,geo_cov_urb,2012,3.15
mdg,sex_m,age_aggregate_y15_24,geo_cov_urb,2022,20.189
mdg,sex_m,age_aggregate_y25_54,geo_cov_nat,2012,0.558
mdg,sex_m,age_aggregate_y25_54,geo_cov_nat,2022,3.96
mdg,sex_m,age_aggregate_y25_54,geo_cov_rur,2012,0.13
mdg,sex_m,age_aggregate_y25_54,geo_cov_rur,2022,3.388
mdg,sex_m,age_aggregate_y25_54,geo_cov_urb,2012,1.951
mdg,sex_m,age_aggregate_y25_54,geo_cov_urb,2022,6.214
mdg,sex_m,age_aggregate_y55_64,geo_cov_nat,2012,0.225
mdg,sex_m,age_aggregate_y55_64,geo_cov_nat,2022,3.307
mdg,sex_m,age_aggregate_y55_64,geo_cov_rur,2022,2.684
mdg,sex_m,age_aggregate_y55_64,geo_cov_urb,2012,1.057
mdg,sex_m,age_aggregate_y55_64,geo_cov_urb,2022,6.104
mdg,sex_m,age_aggregate_yge65,geo_cov_nat,2022,2.974
mdg,sex_m,age_aggregate_yge65,geo_cov_rur,2022,2.07
mdg,sex_m,age_aggregate_yge65,geo_cov_urb,2022,7.34
mdg,sex_m,age_ythadult_y15_24,geo_cov_nat,2012,1.127
mdg,sex_m,age_ythadult_y15_24,geo_cov_nat,2022,10.726
mdg,sex_m,age_ythadult_y15_24,geo_cov_rur,2012,0.566
mdg,sex_m,age_ythadult_y15_24,geo_cov_rur,2022,8.926
mdg,sex_m,age_ythadult_y15_24,geo_cov_urb,2012,3.15
mdg,sex_m,age_ythadult_y15_24,geo_cov_urb,2022,20.189
mdg,sex_m,age_ythadult_y15_64,geo_cov_nat,2012,0.722
mdg,sex_m,age_ythadult_y15_64,geo_cov_nat,2022,5.991
mdg,sex_m,age_ythadult_y15_64,geo_cov_rur,2022,5.094
mdg,sex_m,age_ythadult_y15_64,geo_cov_urb,2012,2.267
mdg,sex_m,age_ythadult_y15_64,geo_cov_urb,2022,9.874
mdg,sex_m,age_ythadult_yge15,geo_cov_nat,2012,0.696
mdg,sex_m,age_ythadult_yge15,geo_cov_nat,2022,5.889
mdg,sex_m,age_ythadult_yge15,geo_cov_rur,2012,0.257
mdg,sex_m,age_ythadult_yge15,geo_cov_rur,2022,4.99
mdg,sex_m,age_ythadult_yge15,geo_cov_urb,2012,2.199
mdg,sex_m,age_ythadult_yge15,geo_cov_urb,2022,9.795
mdg,sex_m,age_ythadult_yge25,geo_cov_nat,2012,0.491
mdg,sex_m,age_ythadult_yge25,geo_cov_nat,2022,3.839
mdg,sex_m,age_ythadult_yge25,geo_cov_rur,2012,0.108
mdg,sex_m,age_ythadult_yge25,geo_cov_rur,2022,3.242
mdg,sex_m,age_ythadult_yge25,geo_cov_urb,2012,1.773
mdg,sex_m,age_ythadult_yge25,geo_cov_urb,2022,6.25
mdg,sex_t,age_aggregate_total,geo_cov_nat,2012,0.782
mdg,sex_t,age_aggregate_total,geo_cov_nat,2022,7.34
mdg,sex_t,age_aggregate_total,geo_cov_rur,2012,0.35
mdg,sex_t,age_aggregate_total,geo_cov_rur,2022,6.174
mdg,sex_t,age_aggregate_total,geo_cov_urb,2012,2.231
mdg,sex_t,age_aggregate_total,geo_cov_urb,2022,12.286
mdg,sex_t,age_aggregate_y15_24,geo_cov_nat,2012,1.263
mdg,sex_t,age_aggregate_y15_24,geo_cov_nat,2022,12.652
mdg,sex_t,age_aggregate_y15_24,geo_cov_rur,2012,0.632
mdg,sex_t,age_aggregate_y15_24,geo_cov_rur,2022,10.72
mdg,sex_t,age_aggregate_y15_24,geo_cov_urb,2012,3.461
mdg,sex_t,age_aggregate_y15_24,geo_cov_urb,2022,22.6
mdg,sex_t,age_aggregate_y25_54,geo_cov_nat,2012,0.611
mdg,sex_t,age_aggregate_y25_54,geo_cov_nat,2022,5.387
mdg,sex_t,age_aggregate_y25_54,geo_cov_rur,2012,0.25
mdg,sex_t,age_aggregate_y25_54,geo_cov_rur,2022,4.415
mdg,sex_t,age_aggregate_y25_54,geo_cov_urb,2012,1.791
mdg,sex_t,age_aggregate_y25_54,geo_cov_urb,2022,9.152
mdg,sex_t,age_aggregate_y55_64,geo_cov_nat,2012,0.212
mdg,sex_t,age_aggregate_y55_64,geo_cov_nat,2022,3.674
mdg,sex_t,age_aggregate_y55_64,geo_cov_rur,2022,3.031
mdg,sex_t,age_aggregate_y55_64,geo_cov_urb,2012,0.904
mdg,sex_t,age_aggregate_y55_64,geo_cov_urb,2022,6.3
mdg,sex_t,age_aggregate_yge65,geo_cov_nat,2022,2.798
mdg,sex_t,age_aggregate_yge65,geo_cov_rur,2022,1.905
mdg,sex_t,age_aggregate_yge65,geo_cov_urb,2022,7.098
mdg,sex_t,age_ythadult_y15_24,geo_cov_nat,2012,1.263
mdg,sex_t,age_ythadult_y15_24,geo_cov_nat,2022,12.652
mdg,sex_t,age_ythadult_y15_24,geo_cov_rur,2012,0.632
mdg,sex_t,age_ythadult_y15_24,geo_cov_rur,2022,10.72
mdg,sex_t,age_ythadult_y15_24,geo_cov_urb,2012,3.461
mdg,sex_t,age_ythadult_y15_24,geo_cov_urb,2022,22.6
mdg,sex_t,age_ythadult_y15_64,geo_cov_nat,2012,0.803
mdg,sex_t,age_ythadult_y15_64,geo_cov_nat,2022,7.489
mdg,sex_t,age_ythadult_y15_64,geo_cov_rur,2022,6.318
mdg,sex_t,age_ythadult_y15_64,geo_cov_urb,2012,2.274
mdg,sex_t,age_ythadult_y15_64,geo_cov_urb,2022,12.439
mdg,sex_t,age_ythadult_yge15,geo_cov_nat,2012,0.782
mdg,sex_t,age_ythadult_yge15,geo_cov_nat,2022,7.34
mdg,sex_t,age_ythadult_yge15,geo_cov_rur,2012,0.35
mdg,sex_t,age_ythadult_yge15,geo_cov_rur,2022,6.174
mdg,sex_t,age_ythadult_yge15,geo_cov_urb,2012,2.231
mdg,sex_t,age_ythadult_yge15,geo_cov_urb,2022,12.286
mdg,sex_t,age_ythadult_yge25,geo_cov_nat,2012,0.548
mdg,sex_t,age_ythadult_yge25,geo_cov_nat,2022,5.084
mdg,sex_t,age_ythadult_yge25,geo_cov_rur,2012,0.212
mdg,sex_t,age_ythadult_yge25,geo_cov_rur,2022,4.146
mdg,sex_t,age_ythadult_yge25,geo_cov_urb,2012,1.659
mdg,sex_t,age_ythadult_yge25,geo_cov_urb,2022,8.772
mhl,sex_f,age_aggregate_total,geo_cov_nat,2019,21.006
mhl,sex_f,age_aggregate_total,geo_cov_rur,2019,28.371
mhl,sex_f,age_aggregate_total,geo_cov_urb,2019,18.965
mhl,sex_f,age_aggregate_y15_24,geo_cov_nat,2019,38.521
mhl,sex_f,age_aggregate_y15_24,geo_cov_rur,2019,15.033
mhl,sex_f,age_aggregate_y15_24,geo_cov_urb,2019,45.701
mhl,sex_f,age_aggregate_y25_54,geo_cov_nat,2019,20.646
mhl,sex_f,age_aggregate_y25_54,geo_cov_rur,2019,30.51
mhl,sex_f,age_aggregate_y25_54,geo_cov_urb,2019,17.813
mhl,sex_f,age_aggregate_y55_64,geo_cov_nat,2019,13.566
mhl,sex_f,age_aggregate_y55_64,geo_cov_urb,2019,13.944
mhl,sex_f,age_ythadult_y15_24,geo_cov_nat,2019,38.521
mhl,sex_f,age_ythadult_y15_24,geo_cov_rur,2019,15.033
mhl,sex_f,age_ythadult_y15_24,geo_cov_urb,2019,45.701
mhl,sex_f,age_ythadult_y15_64,geo_cov_nat,2019,21.346
mhl,sex_f,age_ythadult_y15_64,geo_cov_urb,2019,19.62
mhl,sex_f,age_ythadult_yge15,geo_cov_nat,2019,21.006
mhl,sex_f,age_ythadult_yge15,geo_cov_rur,2019,28.371
mhl,sex_f,age_ythadult_yge15,geo_cov_urb,2019,18.965
mhl,sex_f,age_ythadult_yge25,geo_cov_nat,2019,19.472
mhl,sex_f,age_ythadult_yge25,geo_cov_rur,2019,29.64
mhl,sex_f,age_ythadult_yge25,geo_cov_urb,2019,16.678
mhl,sex_m,age_aggregate_total,geo_cov_nat,2019,13.293
mhl,sex_m,age_aggregate_total,geo_cov_rur,2019,11.164
mhl,sex_m,age_aggregate_total,geo_cov_urb,2019,13.889
mhl,sex_m,age_aggregate_y15_24,geo_cov_nat,2019,46.739
mhl,sex_m,age_aggregate_y15_24,geo_cov_rur,2019,31.313
mhl,sex_m,age_aggregate_y15_24,geo_cov_urb,2019,49.831
mhl,sex_m,age_aggregate_y25_54,geo_cov_nat,2019,11.169
mhl,sex_m,age_aggregate_y25_54,geo_cov_rur,2019,9.36
mhl,sex_m,age_aggregate_y25_54,geo_cov_urb,2019,11.704
mhl,sex_m,age_ythadult_y15_24,geo_cov_nat,2019,46.739
mhl,sex_m,age_ythadult_y15_24,geo_cov_rur,2019,31.313
mhl,sex_m,age_ythadult_y15_24,geo_cov_urb,2019,49.831
mhl,sex_m,age_ythadult_y15_64,geo_cov_nat,2019,13.447
mhl,sex_m,age_ythadult_y15_64,geo_cov_urb,2019,14.259
mhl,sex_m,age_ythadult_yge15,geo_cov_nat,2019,13.293
mhl,sex_m,age_ythadult_yge15,geo_cov_rur,2019,11.164
mhl,sex_m,age_ythadult_yge15,geo_cov_urb,2019,13.889
mhl,sex_m,age_ythadult_yge25,geo_cov_nat,2019,9.885
mhl,sex_m,age_ythadult_yge25,geo_cov_rur,2019,9.634
mhl,sex_m,age_ythadult_yge25,geo_cov_urb,2019,9.957
mhl,sex_t,age_aggregate_total,geo_cov_nat,2019,15.88
mhl,sex_t,age_aggregate_total,geo_cov_rur,2019,16.905
mhl,sex_t,age_aggregate_total,geo_cov_urb,2019,15.594
mhl,sex_t,age_aggregate_y15_24,geo_cov_nat,2019,44.23
mhl,sex_t,age_aggregate_y15_24,geo_cov_rur,2019,25.106
mhl,sex_t,age_aggregate_y15_24,geo_cov_urb,2019,48.643
mhl,sex_t,age_aggregate_y25_54,geo_cov_nat,2019,14.415
mhl,sex_t,age_aggregate_y25_54,geo_cov_rur,2019,16.502
mhl,sex_t,age_aggregate_y25_54,geo_cov_urb,2019,13.805
mhl,sex_t,age_aggregate_y55_64,geo_cov_nat,2019,5.441
mhl,sex_t,age_aggregate_y55_64,geo_cov_urb,2019,5.276
mhl,sex_t,age_ythadult_y15_24,geo_cov_nat,2019,44.23
mhl,sex_t,age_ythadult_y15_24,geo_cov_rur,2019,25.106
mhl,sex_t,age_ythadult_y15_24,geo_cov_urb,2019,48.643
mhl,sex_t,age_ythadult_y15_64,geo_cov_nat,2019,16.106
mhl,sex_t,age_ythadult_y15_64,geo_cov_urb,2019,16.062
mhl,sex_t,age_ythadult_yge15,geo_cov_nat,2019,15.88
mhl,sex_t,age_ythadult_yge15,geo_cov_rur,2019,16.905
mhl,sex_t,age_ythadult_yge15,geo_cov_urb,2019,15.594
mhl,sex_t,age_ythadult_yge25,geo_cov_nat,2019,13.129
mhl,sex_t,age_ythadult_yge25,geo_cov_rur,2019,16.23
mhl,sex_t,age_ythadult_yge25,geo_cov_urb,2019,12.248
mli,sex_f,age_aggregate_total,geo_cov_nat,2013,9.273
mli,sex_f,age_aggregate_total,geo_cov_nat,2014,9.213
mli,sex_f,age_aggregate_total,geo_cov_nat,2015,10.759
mli,sex_f,age_aggregate_total,geo_cov_nat,2016,11.45
mli,sex_f,age_aggregate_total,geo_cov_nat,2017,10.22
mli,sex_f,age_aggregate_total,geo_cov_nat,2019,9.644
mli,sex_f,age_aggregate_total,geo_cov_nat,2020,6.014
mli,sex_f,age_aggregate_total,geo_cov_nat,2022,8.097
mli,sex_f,age_aggregate_total,geo_cov_nat,2023,8.595
mli,sex_f,age_aggregate_total,geo_cov_rur,2013,8.22
mli,sex_f,age_aggregate_total,geo_cov_rur,2014,7.784
mli,sex_f,age_aggregate_total,geo_cov_rur,2015,9.318
mli,sex_f,age_aggregate_total,geo_cov_rur,2016,9.635
mli,sex_f,age_aggregate_total,geo_cov_rur,2017,8.058
mli,sex_f,age_aggregate_total,geo_cov_rur,2019,6.537
mli,sex_f,age_aggregate_total,geo_cov_rur,2020,2.984
mli,sex_f,age_aggregate_total,geo_cov_rur,2022,5.468
mli,sex_f,age_aggregate_total,geo_cov_rur,2023,5.666
mli,sex_f,age_aggregate_total,geo_cov_urb,2013,13.085
mli,sex_f,age_aggregate_total,geo_cov_urb,2014,14.222
mli,sex_f,age_aggregate_total,geo_cov_urb,2015,15.86
mli,sex_f,age_aggregate_total,geo_cov_urb,2016,17.12
mli,sex_f,age_aggregate_total,geo_cov_urb,2017,17.893
mli,sex_f,age_aggregate_total,geo_cov_urb,2019,17.101
mli,sex_f,age_aggregate_total,geo_cov_urb,2020,16.477
mli,sex_f,age_aggregate_total,geo_cov_urb,2022,17.766
mli,sex_f,age_aggregate_total,geo_cov_urb,2023,18.747
mli,sex_f,age_aggregate_y15_24,geo_cov_nat,2013,13.006
mli,sex_f,age_aggregate_y15_24,geo_cov_nat,2014,12.226
mli,sex_f,age_aggregate_y15_24,geo_cov_nat,2015,24.204
mli,sex_f,age_aggregate_y15_24,geo_cov_nat,2016,31.328
mli,sex_f,age_aggregate_y15_24,geo_cov_nat,2017,24.021
mli,sex_f,age_aggregate_y15_24,geo_cov_nat,2019,14.282
mli,sex_f,age_aggregate_y15_24,geo_cov_nat,2020,10.001
mli,sex_f,age_aggregate_y15_24,geo_cov_nat,2022,17.003
mli,sex_f,age_aggregate_y15_24,geo_cov_nat,2023,18.276
mli,sex_f,age_aggregate_y15_24,geo_cov_rur,2013,10.206
mli,sex_f,age_aggregate_y15_24,geo_cov_rur,2014,9.335
mli,sex_f,age_aggregate_y15_24,geo_cov_rur,2015,23.02
mli,sex_f,age_aggregate_y15_24,geo_cov_rur,2016,28.87
mli,sex_f,age_aggregate_y15_24,geo_cov_rur,2017,20.911
mli,sex_f,age_aggregate_y15_24,geo_cov_rur,2019,10.672
mli,sex_f,age_aggregate_y15_24,geo_cov_rur,2020,4.344
mli,sex_f,age_aggregate_y15_24,geo_cov_rur,2022,10.605
mli,sex_f,age_aggregate_y15_24,geo_cov_rur,2023,12.409
mli,sex_f,age_aggregate_y15_24,geo_cov_urb,2013,23.155
mli,sex_f,age_aggregate_y15_24,geo_cov_urb,2014,21.844
mli,sex_f,age_aggregate_y15_24,geo_cov_urb,2015,28.528
mli,sex_f,age_aggregate_y15_24,geo_cov_urb,2016,38.326
mli,sex_f,age_aggregate_y15_24,geo_cov_urb,2017,34.014
mli,sex_f,age_aggregate_y15_24,geo_cov_urb,2019,22.427
mli,sex_f,age_aggregate_y15_24,geo_cov_urb,2020,25.363
mli,sex_f,age_aggregate_y15_24,geo_cov_urb,2022,36.389
mli,sex_f,age_aggregate_y15_24,geo_cov_urb,2023,34.336
mli,sex_f,age_aggregate_y25_54,geo_cov_nat,2013,7.528
mli,sex_f,age_aggregate_y25_54,geo_cov_nat,2014,8.408
mli,sex_f,age_aggregate_y25_54,geo_cov_nat,2015,5.91
mli,sex_f,age_aggregate_y25_54,geo_cov_nat,2016,3.565
mli,sex_f,age_aggregate_y25_54,geo_cov_nat,2017,5.376
mli,sex_f,age_aggregate_y25_54,geo_cov_nat,2019,8.866
mli,sex_f,age_aggregate_y25_54,geo_cov_nat,2020,4.254
mli,sex_f,age_aggregate_y25_54,geo_cov_nat,2022,6.239
mli,sex_f,age_aggregate_y25_54,geo_cov_nat,2023,6.114
mli,sex_f,age_aggregate_y25_54,geo_cov_rur,2013,6.997
mli,sex_f,age_aggregate_y25_54,geo_cov_rur,2014,7.41
mli,sex_f,age_aggregate_y25_54,geo_cov_rur,2015,4.136
mli,sex_f,age_aggregate_y25_54,geo_cov_rur,2016,2.114
mli,sex_f,age_aggregate_y25_54,geo_cov_rur,2017,3.58
mli,sex_f,age_aggregate_y25_54,geo_cov_rur,2019,5.737
mli,sex_f,age_aggregate_y25_54,geo_cov_rur,2020,1.785
mli,sex_f,age_aggregate_y25_54,geo_cov_rur,2022,4.535
mli,sex_f,age_aggregate_y25_54,geo_cov_rur,2023,4.141
mli,sex_f,age_aggregate_y25_54,geo_cov_urb,2013,9.38
mli,sex_f,age_aggregate_y25_54,geo_cov_urb,2014,11.951
mli,sex_f,age_aggregate_y25_54,geo_cov_urb,2015,11.889
mli,sex_f,age_aggregate_y25_54,geo_cov_urb,2016,8.205
mli,sex_f,age_aggregate_y25_54,geo_cov_urb,2017,12.001
mli,sex_f,age_aggregate_y25_54,geo_cov_urb,2019,16.33
mli,sex_f,age_aggregate_y25_54,geo_cov_urb,2020,12.972
mli,sex_f,age_aggregate_y25_54,geo_cov_urb,2022,12.976
mli,sex_f,age_aggregate_y25_54,geo_cov_urb,2023,13.495
mli,sex_f,age_aggregate_y55_64,geo_cov_nat,2013,12.054
mli,sex_f,age_aggregate_y55_64,geo_cov_nat,2014,5.812
mli,sex_f,age_aggregate_y55_64,geo_cov_nat,2019,1.046
mli,sex_f,age_aggregate_y55_64,geo_cov_nat,2020,7.217
mli,sex_f,age_aggregate_y55_64,geo_cov_rur,2013,13.482
mli,sex_f,age_aggregate_y55_64,geo_cov_rur,2014,6.001
mli,sex_f,age_aggregate_y55_64,geo_cov_rur,2020,6.259
mli,sex_f,age_aggregate_y55_64,geo_cov_urb,2013,5.108
mli,sex_f,age_aggregate_y55_64,geo_cov_urb,2014,4.968
mli,sex_f,age_aggregate_y55_64,geo_cov_urb,2020,11.664
mli,sex_f,age_aggregate_yge65,geo_cov_nat,2014,5.541
mli,sex_f,age_aggregate_yge65,geo_cov_nat,2020,11.161
mli,sex_f,age_aggregate_yge65,geo_cov_rur,2014,5.286
mli,sex_f,age_aggregate_yge65,geo_cov_rur,2020,9.411
mli,sex_f,age_aggregate_yge65,geo_cov_urb,2020,27.087
mli,sex_f,age_ythadult_y15_24,geo_cov_nat,2013,13.006
mli,sex_f,age_ythadult_y15_24,geo_cov_nat,2014,12.226
mli,sex_f,age_ythadult_y15_24,geo_cov_nat,2015,24.204
mli,sex_f,age_ythadult_y15_24,geo_cov_nat,2016,31.328
mli,sex_f,age_ythadult_y15_24,geo_cov_nat,2017,24.021
mli,sex_f,age_ythadult_y15_24,geo_cov_nat,2019,14.282
mli,sex_f,age_ythadult_y15_24,geo_cov_nat,2020,10.001
mli,sex_f,age_ythadult_y15_24,geo_cov_nat,2022,17.003
mli,sex_f,age_ythadult_y15_24,geo_cov_nat,2023,18.276
mli,sex_f,age_ythadult_y15_24,geo_cov_rur,2013,10.206
mli,sex_f,age_ythadult_y15_24,geo_cov_rur,2014,9.335
mli,sex_f,age_ythadult_y15_24,geo_cov_rur,2015,23.02
mli,sex_f,age_ythadult_y15_24,geo_cov_rur,2016,28.87
mli,sex_f,age_ythadult_y15_24,geo_cov_rur,2017,20.911
mli,sex_f,age_ythadult_y15_24,geo_cov_rur,2019,10.672
mli,sex_f,age_ythadult_y15_24,geo_cov_rur,2020,4.344
mli,sex_f,age_ythadult_y15_24,geo_cov_rur,2022,10.605
mli,sex_f,age_ythadult_y15_24,geo_cov_rur,2023,12.409
mli,sex_f,age_ythadult_y15_24,geo_cov_urb,2013,23.155
mli,sex_f,age_ythadult_y15_24,geo_cov_urb,2014,21.844
mli,sex_f,age_ythadult_y15_24,geo_cov_urb,2015,28.528
mli,sex_f,age_ythadult_y15_24,geo_cov_urb,2016,38.326
mli,sex_f,age_ythadult_y15_24,geo_cov_urb,2017,34.014
mli,sex_f,age_ythadult_y15_24,geo_cov_urb,2019,22.427
mli,sex_f,age_ythadult_y15_24,geo_cov_urb,2020,25.363
mli,sex_f,age_ythadult_y15_24,geo_cov_urb,2022,36.389
mli,sex_f,age_ythadult_y15_24,geo_cov_urb,2023,34.336
mli,sex_f,age_ythadult_y15_64,geo_cov_nat,2013,9.59
mli,sex_f,age_ythadult_y15_64,geo_cov_nat,2014,9.309
mli,sex_f,age_ythadult_y15_64,geo_cov_nat,2015,10.974
mli,sex_f,age_ythadult_y15_64,geo_cov_nat,2016,11.608
mli,sex_f,age_ythadult_y15_64,geo_cov_nat,2017,10.381
mli,sex_f,age_ythadult_y15_64,geo_cov_nat,2019,9.805
mli,sex_f,age_ythadult_y15_64,geo_cov_nat,2020,5.85
mli,sex_f,age_ythadult_y15_64,geo_cov_nat,2022,8.286
mli,sex_f,age_ythadult_y15_64,geo_cov_nat,2023,8.757
mli,sex_f,age_ythadult_y15_64,geo_cov_rur,2013,8.505
mli,sex_f,age_ythadult_y15_64,geo_cov_rur,2014,7.845
mli,sex_f,age_ythadult_y15_64,geo_cov_rur,2016,9.758
mli,sex_f,age_ythadult_y15_64,geo_cov_rur,2017,8.194
mli,sex_f,age_ythadult_y15_64,geo_cov_rur,2019,6.675
mli,sex_f,age_ythadult_y15_64,geo_cov_urb,2013,13.505
mli,sex_f,age_ythadult_y15_64,geo_cov_urb,2014,14.488
mli,sex_f,age_ythadult_y15_64,geo_cov_urb,2015,16.165
mli,sex_f,age_ythadult_y15_64,geo_cov_urb,2017,18.104
mli,sex_f,age_ythadult_y15_64,geo_cov_urb,2019,17.283
mli,sex_f,age_ythadult_y15_64,geo_cov_urb,2020,16.331
mli,sex_f,age_ythadult_y15_64,geo_cov_urb,2022,18.265
mli,sex_f,age_ythadult_y15_64,geo_cov_urb,2023,19.1
mli,sex_f,age_ythadult_yge15,geo_cov_nat,2013,9.273
mli,sex_f,age_ythadult_yge15,geo_cov_nat,2014,9.213
mli,sex_f,age_ythadult_yge15,geo_cov_nat,2015,10.759
mli,sex_f,age_ythadult_yge15,geo_cov_nat,2016,11.45
mli,sex_f,age_ythadult_yge15,geo_cov_nat,2017,10.22
mli,sex_f,age_ythadult_yge15,geo_cov_nat,2019,9.644
mli,sex_f,age_ythadult_yge15,geo_cov_nat,2020,6.014
mli,sex_f,age_ythadult_yge15,geo_cov_nat,2022,8.097
mli,sex_f,age_ythadult_yge15,geo_cov_nat,2023,8.595
mli,sex_f,age_ythadult_yge15,geo_cov_rur,2013,8.22
mli,sex_f,age_ythadult_yge15,geo_cov_rur,2014,7.784
mli,sex_f,age_ythadult_yge15,geo_cov_rur,2015,9.318
mli,sex_f,age_ythadult_yge15,geo_cov_rur,2016,9.635
mli,sex_f,age_ythadult_yge15,geo_cov_rur,2017,8.058
mli,sex_f,age_ythadult_yge15,geo_cov_rur,2019,6.537
mli,sex_f,age_ythadult_yge15,geo_cov_rur,2020,2.984
mli,sex_f,age_ythadult_yge15,geo_cov_rur,2022,5.468
mli,sex_f,age_ythadult_yge15,geo_cov_rur,2023,5.666
mli,sex_f,age_ythadult_yge15,geo_cov_urb,2013,13.085
mli,sex_f,age_ythadult_yge15,geo_cov_urb,2014,14.222
mli,sex_f,age_ythadult_yge15,geo_cov_urb,2015,15.86
mli,sex_f,age_ythadult_yge15,geo_cov_urb,2016,17.12
mli,sex_f,age_ythadult_yge15,geo_cov_urb,2017,17.893
mli,sex_f,age_ythadult_yge15,geo_cov_urb,2019,17.101
mli,sex_f,age_ythadult_yge15,geo_cov_urb,2020,16.477
mli,sex_f,age_ythadult_yge15,geo_cov_urb,2022,17.766
mli,sex_f,age_ythadult_yge15,geo_cov_urb,2023,18.747
mli,sex_f,age_ythadult_yge25,geo_cov_nat,2013,7.622
mli,sex_f,age_ythadult_yge25,geo_cov_nat,2014,8.057
mli,sex_f,age_ythadult_yge25,geo_cov_nat,2015,5.203
mli,sex_f,age_ythadult_yge25,geo_cov_nat,2016,3.211
mli,sex_f,age_ythadult_yge25,geo_cov_nat,2017,4.875
mli,sex_f,age_ythadult_yge25,geo_cov_nat,2019,7.979
mli,sex_f,age_ythadult_yge25,geo_cov_nat,2020,4.833
mli,sex_f,age_ythadult_yge25,geo_cov_nat,2022,5.634
mli,sex_f,age_ythadult_yge25,geo_cov_nat,2023,5.46
mli,sex_f,age_ythadult_yge25,geo_cov_rur,2013,7.342
mli,sex_f,age_ythadult_yge25,geo_cov_rur,2014,7.199
mli,sex_f,age_ythadult_yge25,geo_cov_rur,2015,3.602
mli,sex_f,age_ythadult_yge25,geo_cov_rur,2016,1.92
mli,sex_f,age_ythadult_yge25,geo_cov_rur,2017,3.233
mli,sex_f,age_ythadult_yge25,geo_cov_rur,2019,5.09
mli,sex_f,age_ythadult_yge25,geo_cov_rur,2020,2.61
mli,sex_f,age_ythadult_yge25,geo_cov_rur,2022,4.126
mli,sex_f,age_ythadult_yge25,geo_cov_rur,2023,3.643
mli,sex_f,age_ythadult_yge25,geo_cov_urb,2013,8.635
mli,sex_f,age_ythadult_yge25,geo_cov_urb,2014,11.129
mli,sex_f,age_ythadult_yge25,geo_cov_urb,2015,10.801
mli,sex_f,age_ythadult_yge25,geo_cov_urb,2016,7.411
mli,sex_f,age_ythadult_yge25,geo_cov_urb,2017,10.938
mli,sex_f,age_ythadult_yge25,geo_cov_urb,2019,15.071
mli,sex_f,age_ythadult_yge25,geo_cov_urb,2020,13.125
mli,sex_f,age_ythadult_yge25,geo_cov_urb,2022,11.508
mli,sex_f,age_ythadult_yge25,geo_cov_urb,2023,12.308
mli,sex_m,age_aggregate_total,geo_cov_nat,2013,4.886
mli,sex_m,age_aggregate_total,geo_cov_nat,2014,7.171
mli,sex_m,age_aggregate_total,geo_cov_nat,2015,8.112
mli,sex_m,age_aggregate_total,geo_cov_nat,2016,8.396
mli,sex_m,age_aggregate_total,geo_cov_nat,2017,7.688
mli,sex_m,age_aggregate_total,geo_cov_nat,2019,5.202
mli,sex_m,age_aggregate_total,geo_cov_nat,2020,4.459
mli,sex_m,age_aggregate_total,geo_cov_nat,2022,4.632
mli,sex_m,age_aggregate_total,geo_cov_nat,2023,4.442
mli,sex_m,age_aggregate_total,geo_cov_rur,2013,4.698
mli,sex_m,age_aggregate_total,geo_cov_rur,2014,6.277
mli,sex_m,age_aggregate_total,geo_cov_rur,2015,8.037
mli,sex_m,age_aggregate_total,geo_cov_rur,2016,8.449
mli,sex_m,age_aggregate_total,geo_cov_rur,2017,7.701
mli,sex_m,age_aggregate_total,geo_cov_rur,2019,3.941
mli,sex_m,age_aggregate_total,geo_cov_rur,2020,3.811
mli,sex_m,age_aggregate_total,geo_cov_rur,2022,4.234
mli,sex_m,age_aggregate_total,geo_cov_rur,2023,3.415
mli,sex_m,age_aggregate_total,geo_cov_urb,2013,5.42
mli,sex_m,age_aggregate_total,geo_cov_urb,2014,9.963
mli,sex_m,age_aggregate_total,geo_cov_urb,2015,8.342
mli,sex_m,age_aggregate_total,geo_cov_urb,2016,8.236
mli,sex_m,age_aggregate_total,geo_cov_urb,2017,7.648
mli,sex_m,age_aggregate_total,geo_cov_urb,2019,8.798
mli,sex_m,age_aggregate_total,geo_cov_urb,2020,6.559
mli,sex_m,age_aggregate_total,geo_cov_urb,2022,5.876
mli,sex_m,age_aggregate_total,geo_cov_urb,2023,7.655
mli,sex_m,age_aggregate_y15_24,geo_cov_nat,2013,6.291
mli,sex_m,age_aggregate_y15_24,geo_cov_nat,2014,10.37
mli,sex_m,age_aggregate_y15_24,geo_cov_nat,2015,20.706
mli,sex_m,age_aggregate_y15_24,geo_cov_nat,2016,29.555
mli,sex_m,age_aggregate_y15_24,geo_cov_nat,2017,19.816
mli,sex_m,age_aggregate_y15_24,geo_cov_nat,2019,8.82
mli,sex_m,age_aggregate_y15_24,geo_cov_nat,2020,7.656
mli,sex_m,age_aggregate_y15_24,geo_cov_nat,2022,9.606
mli,sex_m,age_aggregate_y15_24,geo_cov_nat,2023,13.44
mli,sex_m,age_aggregate_y15_24,geo_cov_rur,2013,5.439
mli,sex_m,age_aggregate_y15_24,geo_cov_rur,2014,7.776
mli,sex_m,age_aggregate_y15_24,geo_cov_rur,2015,20.711
mli,sex_m,age_aggregate_y15_24,geo_cov_rur,2016,31.064
mli,sex_m,age_aggregate_y15_24,geo_cov_rur,2017,19.285
mli,sex_m,age_aggregate_y15_24,geo_cov_rur,2019,6.19
mli,sex_m,age_aggregate_y15_24,geo_cov_rur,2020,5.6
mli,sex_m,age_aggregate_y15_24,geo_cov_rur,2022,7.962
mli,sex_m,age_aggregate_y15_24,geo_cov_rur,2023,10.632
mli,sex_m,age_aggregate_y15_24,geo_cov_urb,2013,9.683
mli,sex_m,age_aggregate_y15_24,geo_cov_urb,2014,22.076
mli,sex_m,age_aggregate_y15_24,geo_cov_urb,2015,20.686
mli,sex_m,age_aggregate_y15_24,geo_cov_urb,2016,23.672
mli,sex_m,age_aggregate_y15_24,geo_cov_urb,2017,22.04
mli,sex_m,age_aggregate_y15_24,geo_cov_urb,2019,18.979
mli,sex_m,age_aggregate_y15_24,geo_cov_urb,2020,15.432
mli,sex_m,age_aggregate_y15_24,geo_cov_urb,2022,15.151
mli,sex_m,age_aggregate_y15_24,geo_cov_urb,2023,22.833
mli,sex_m,age_aggregate_y25_54,geo_cov_nat,2013,4.73
mli,sex_m,age_aggregate_y25_54,geo_cov_nat,2014,6.279
mli,sex_m,age_aggregate_y25_54,geo_cov_nat,2015,4.74
mli,sex_m,age_aggregate_y25_54,geo_cov_nat,2016,2.649
mli,sex_m,age_aggregate_y25_54,geo_cov_nat,2017,4.589
mli,sex_m,age_aggregate_y25_54,geo_cov_nat,2019,4.812
mli,sex_m,age_aggregate_y25_54,geo_cov_nat,2020,4.078
mli,sex_m,age_aggregate_y25_54,geo_cov_nat,2022,4.286
mli,sex_m,age_aggregate_y25_54,geo_cov_nat,2023,2.626
mli,sex_m,age_aggregate_y25_54,geo_cov_rur,2013,4.911
mli,sex_m,age_aggregate_y25_54,geo_cov_rur,2014,5.856
mli,sex_m,age_aggregate_y25_54,geo_cov_rur,2015,4.408
mli,sex_m,age_aggregate_y25_54,geo_cov_rur,2016,1.581
mli,sex_m,age_aggregate_y25_54,geo_cov_rur,2017,4.619
mli,sex_m,age_aggregate_y25_54,geo_cov_rur,2019,3.759
mli,sex_m,age_aggregate_y25_54,geo_cov_rur,2020,3.731
mli,sex_m,age_aggregate_y25_54,geo_cov_rur,2022,4.214
mli,sex_m,age_aggregate_y25_54,geo_cov_rur,2023,1.935
mli,sex_m,age_aggregate_y25_54,geo_cov_urb,2013,4.322
mli,sex_m,age_aggregate_y25_54,geo_cov_urb,2014,7.323
mli,sex_m,age_aggregate_y25_54,geo_cov_urb,2015,5.576
mli,sex_m,age_aggregate_y25_54,geo_cov_urb,2016,5.372
mli,sex_m,age_aggregate_y25_54,geo_cov_urb,2017,4.514
mli,sex_m,age_aggregate_y25_54,geo_cov_urb,2019,7.28
mli,sex_m,age_aggregate_y25_54,geo_cov_urb,2020,5.073
mli,sex_m,age_aggregate_y25_54,geo_cov_urb,2022,4.49
mli,sex_m,age_aggregate_y25_54,geo_cov_urb,2023,4.612
mli,sex_m,age_aggregate_y55_64,geo_cov_nat,2013,4.243
mli,sex_m,age_aggregate_y55_64,geo_cov_nat,2014,5.45
mli,sex_m,age_aggregate_y55_64,geo_cov_nat,2015,0.781
mli,sex_m,age_aggregate_y55_64,geo_cov_nat,2016,0.781
mli,sex_m,age_aggregate_y55_64,geo_cov_nat,2017,1.335
mli,sex_m,age_aggregate_y55_64,geo_cov_nat,2019,1.533
mli,sex_m,age_aggregate_y55_64,geo_cov_nat,2020,1.582
mli,sex_m,age_aggregate_y55_64,geo_cov_nat,2023,0.257
mli,sex_m,age_aggregate_y55_64,geo_cov_rur,2013,4.063
mli,sex_m,age_aggregate_y55_64,geo_cov_rur,2014,5.756
mli,sex_m,age_aggregate_y55_64,geo_cov_rur,2019,1.375
mli,sex_m,age_aggregate_y55_64,geo_cov_rur,2020,1.208
mli,sex_m,age_aggregate_y55_64,geo_cov_urb,2013,4.84
mli,sex_m,age_aggregate_y55_64,geo_cov_urb,2014,4.218
mli,sex_m,age_aggregate_y55_64,geo_cov_urb,2015,2.391
mli,sex_m,age_aggregate_y55_64,geo_cov_urb,2016,1.794
mli,sex_m,age_aggregate_y55_64,geo_cov_urb,2017,4.775
mli,sex_m,age_aggregate_y55_64,geo_cov_urb,2019,2.134
mli,sex_m,age_aggregate_y55_64,geo_cov_urb,2020,3.09
mli,sex_m,age_aggregate_yge65,geo_cov_nat,2014,4.234
mli,sex_m,age_aggregate_yge65,geo_cov_nat,2019,1.494
mli,sex_m,age_aggregate_yge65,geo_cov_nat,2020,3.472
mli,sex_m,age_aggregate_yge65,geo_cov_rur,2014,3.905
mli,sex_m,age_aggregate_yge65,geo_cov_rur,2019,1.433
mli,sex_m,age_aggregate_yge65,geo_cov_rur,2020,3.623
mli,sex_m,age_aggregate_yge65,geo_cov_urb,2014,6.567
mli,sex_m,age_aggregate_yge65,geo_cov_urb,2020,2.486
mli,sex_m,age_ythadult_y15_24,geo_cov_nat,2013,6.291
mli,sex_m,age_ythadult_y15_24,geo_cov_nat,2014,10.37
mli,sex_m,age_ythadult_y15_24,geo_cov_nat,2015,20.706
mli,sex_m,age_ythadult_y15_24,geo_cov_nat,2016,29.555
mli,sex_m,age_ythadult_y15_24,geo_cov_nat,2017,19.816
mli,sex_m,age_ythadult_y15_24,geo_cov_nat,2019,8.82
mli,sex_m,age_ythadult_y15_24,geo_cov_nat,2020,7.656
mli,sex_m,age_ythadult_y15_24,geo_cov_nat,2022,9.606
mli,sex_m,age_ythadult_y15_24,geo_cov_nat,2023,13.44
mli,sex_m,age_ythadult_y15_24,geo_cov_rur,2013,5.439
mli,sex_m,age_ythadult_y15_24,geo_cov_rur,2014,7.776
mli,sex_m,age_ythadult_y15_24,geo_cov_rur,2015,20.711
mli,sex_m,age_ythadult_y15_24,geo_cov_rur,2016,31.064
mli,sex_m,age_ythadult_y15_24,geo_cov_rur,2017,19.285
mli,sex_m,age_ythadult_y15_24,geo_cov_rur,2019,6.19
mli,sex_m,age_ythadult_y15_24,geo_cov_rur,2020,5.6
mli,sex_m,age_ythadult_y15_24,geo_cov_rur,2022,7.962
mli,sex_m,age_ythadult_y15_24,geo_cov_rur,2023,10.632
mli,sex_m,age_ythadult_y15_24,geo_cov_urb,2013,9.683
mli,sex_m,age_ythadult_y15_24,geo_cov_urb,2014,22.076
mli,sex_m,age_ythadult_y15_24,geo_cov_urb,2015,20.686
mli,sex_m,age_ythadult_y15_24,geo_cov_urb,2016,23.672
mli,sex_m,age_ythadult_y15_24,geo_cov_urb,2017,22.04
mli,sex_m,age_ythadult_y15_24,geo_cov_urb,2019,18.979
mli,sex_m,age_ythadult_y15_24,geo_cov_urb,2020,15.432
mli,sex_m,age_ythadult_y15_24,geo_cov_urb,2022,15.151
mli,sex_m,age_ythadult_y15_24,geo_cov_urb,2023,22.833
mli,sex_m,age_ythadult_y15_64,geo_cov_nat,2013,5.161
mli,sex_m,age_ythadult_y15_64,geo_cov_nat,2014,7.331
mli,sex_m,age_ythadult_y15_64,geo_cov_nat,2015,8.461
mli,sex_m,age_ythadult_y15_64,geo_cov_nat,2016,8.807
mli,sex_m,age_ythadult_y15_64,geo_cov_nat,2017,8.036
mli,sex_m,age_ythadult_y15_64,geo_cov_nat,2019,5.418
mli,sex_m,age_ythadult_y15_64,geo_cov_nat,2020,4.516
mli,sex_m,age_ythadult_y15_64,geo_cov_nat,2022,4.83
mli,sex_m,age_ythadult_y15_64,geo_cov_nat,2023,4.653
mli,sex_m,age_ythadult_y15_64,geo_cov_rur,2013,5.004
mli,sex_m,age_ythadult_y15_64,geo_cov_rur,2014,6.428
mli,sex_m,age_ythadult_y15_64,geo_cov_rur,2016,8.925
mli,sex_m,age_ythadult_y15_64,geo_cov_rur,2017,8.105
mli,sex_m,age_ythadult_y15_64,geo_cov_rur,2019,4.107
mli,sex_m,age_ythadult_y15_64,geo_cov_urb,2013,5.591
mli,sex_m,age_ythadult_y15_64,geo_cov_urb,2014,10.054
mli,sex_m,age_ythadult_y15_64,geo_cov_urb,2015,8.476
mli,sex_m,age_ythadult_y15_64,geo_cov_urb,2017,7.836
mli,sex_m,age_ythadult_y15_64,geo_cov_urb,2019,9.046
mli,sex_m,age_ythadult_y15_64,geo_cov_urb,2020,6.687
mli,sex_m,age_ythadult_y15_64,geo_cov_urb,2022,6.028
mli,sex_m,age_ythadult_y15_64,geo_cov_urb,2023,7.837
mli,sex_m,age_ythadult_yge15,geo_cov_nat,2013,4.886
mli,sex_m,age_ythadult_yge15,geo_cov_nat,2014,7.171
mli,sex_m,age_ythadult_yge15,geo_cov_nat,2015,8.112
mli,sex_m,age_ythadult_yge15,geo_cov_nat,2016,8.396
mli,sex_m,age_ythadult_yge15,geo_cov_nat,2017,7.688
mli,sex_m,age_ythadult_yge15,geo_cov_nat,2019,5.202
mli,sex_m,age_ythadult_yge15,geo_cov_nat,2020,4.459
mli,sex_m,age_ythadult_yge15,geo_cov_nat,2022,4.632
mli,sex_m,age_ythadult_yge15,geo_cov_nat,2023,4.442
mli,sex_m,age_ythadult_yge15,geo_cov_rur,2013,4.698
mli,sex_m,age_ythadult_yge15,geo_cov_rur,2014,6.277
mli,sex_m,age_ythadult_yge15,geo_cov_rur,2015,8.037
mli,sex_m,age_ythadult_yge15,geo_cov_rur,2016,8.449
mli,sex_m,age_ythadult_yge15,geo_cov_rur,2017,7.701
mli,sex_m,age_ythadult_yge15,geo_cov_rur,2019,3.941
mli,sex_m,age_ythadult_yge15,geo_cov_rur,2020,3.811
mli,sex_m,age_ythadult_yge15,geo_cov_rur,2022,4.234
mli,sex_m,age_ythadult_yge15,geo_cov_rur,2023,3.415
mli,sex_m,age_ythadult_yge15,geo_cov_urb,2013,5.42
mli,sex_m,age_ythadult_yge15,geo_cov_urb,2014,9.963
mli,sex_m,age_ythadult_yge15,geo_cov_urb,2015,8.342
mli,sex_m,age_ythadult_yge15,geo_cov_urb,2016,8.236
mli,sex_m,age_ythadult_yge15,geo_cov_urb,2017,7.648
mli,sex_m,age_ythadult_yge15,geo_cov_urb,2019,8.798
mli,sex_m,age_ythadult_yge15,geo_cov_urb,2020,6.559
mli,sex_m,age_ythadult_yge15,geo_cov_urb,2022,5.876
mli,sex_m,age_ythadult_yge15,geo_cov_urb,2023,7.655
mli,sex_m,age_ythadult_yge25,geo_cov_nat,2013,4.319
mli,sex_m,age_ythadult_yge25,geo_cov_nat,2014,6.024
mli,sex_m,age_ythadult_yge25,geo_cov_nat,2015,3.948
mli,sex_m,age_ythadult_yge25,geo_cov_nat,2016,2.227
mli,sex_m,age_ythadult_yge25,geo_cov_nat,2017,3.918
mli,sex_m,age_ythadult_yge25,geo_cov_nat,2019,4.102
mli,sex_m,age_ythadult_yge25,geo_cov_nat,2020,3.71
mli,sex_m,age_ythadult_yge25,geo_cov_nat,2022,3.517
mli,sex_m,age_ythadult_yge25,geo_cov_nat,2023,2.165
mli,sex_m,age_ythadult_yge25,geo_cov_rur,2013,4.363
mli,sex_m,age_ythadult_yge25,geo_cov_rur,2014,5.679
mli,sex_m,age_ythadult_yge25,geo_cov_rur,2015,3.51
mli,sex_m,age_ythadult_yge25,geo_cov_rur,2016,1.312
mli,sex_m,age_ythadult_yge25,geo_cov_rur,2017,3.734
mli,sex_m,age_ythadult_yge25,geo_cov_rur,2019,3.191
mli,sex_m,age_ythadult_yge25,geo_cov_rur,2020,3.373
mli,sex_m,age_ythadult_yge25,geo_cov_rur,2022,3.38
mli,sex_m,age_ythadult_yge25,geo_cov_rur,2023,1.551
mli,sex_m,age_ythadult_yge25,geo_cov_urb,2013,4.208
mli,sex_m,age_ythadult_yge25,geo_cov_urb,2014,6.983
mli,sex_m,age_ythadult_yge25,geo_cov_urb,2015,5.188
mli,sex_m,age_ythadult_yge25,geo_cov_urb,2016,4.766
mli,sex_m,age_ythadult_yge25,geo_cov_urb,2017,4.421
mli,sex_m,age_ythadult_yge25,geo_cov_urb,2019,6.491
mli,sex_m,age_ythadult_yge25,geo_cov_urb,2020,4.765
mli,sex_m,age_ythadult_yge25,geo_cov_urb,2022,3.938
mli,sex_m,age_ythadult_yge25,geo_cov_urb,2023,4.053
mli,sex_t,age_aggregate_total,geo_cov_nat,2013,7.034
mli,sex_t,age_aggregate_total,geo_cov_nat,2014,8.111
mli,sex_t,age_aggregate_total,geo_cov_nat,2015,9.345
mli,sex_t,age_aggregate_total,geo_cov_nat,2016,9.737
mli,sex_t,age_aggregate_total,geo_cov_nat,2017,8.836
mli,sex_t,age_aggregate_total,geo_cov_nat,2019,6.83
mli,sex_t,age_aggregate_total,geo_cov_nat,2020,5.115
mli,sex_t,age_aggregate_total,geo_cov_nat,2022,6.101
mli,sex_t,age_aggregate_total,geo_cov_nat,2023,6.162
mli,sex_t,age_aggregate_total,geo_cov_rur,2013,6.474
mli,sex_t,age_aggregate_total,geo_cov_rur,2014,6.981
mli,sex_t,age_aggregate_total,geo_cov_rur,2015,8.644
mli,sex_t,age_aggregate_total,geo_cov_rur,2016,8.973
mli,sex_t,age_aggregate_total,geo_cov_rur,2017,7.866
mli,sex_t,age_aggregate_total,geo_cov_rur,2019,4.864
mli,sex_t,age_aggregate_total,geo_cov_rur,2020,3.459
mli,sex_t,age_aggregate_total,geo_cov_rur,2022,4.768
mli,sex_t,age_aggregate_total,geo_cov_rur,2023,4.36
mli,sex_t,age_aggregate_total,geo_cov_urb,2013,8.815
mli,sex_t,age_aggregate_total,geo_cov_urb,2014,11.83
mli,sex_t,age_aggregate_total,geo_cov_urb,2015,11.637
mli,sex_t,age_aggregate_total,geo_cov_urb,2016,12.062
mli,sex_t,age_aggregate_total,geo_cov_urb,2017,11.972
mli,sex_t,age_aggregate_total,geo_cov_urb,2019,12.084
mli,sex_t,age_aggregate_total,geo_cov_urb,2020,10.623
mli,sex_t,age_aggregate_total,geo_cov_urb,2022,10.554
mli,sex_t,age_aggregate_total,geo_cov_urb,2023,12.036
mli,sex_t,age_aggregate_y15_24,geo_cov_nat,2013,9.685
mli,sex_t,age_aggregate_y15_24,geo_cov_nat,2014,11.247
mli,sex_t,age_aggregate_y15_24,geo_cov_nat,2015,22.477
mli,sex_t,age_aggregate_y15_24,geo_cov_nat,2016,30.449
mli,sex_t,age_aggregate_y15_24,geo_cov_nat,2017,21.893
mli,sex_t,age_aggregate_y15_24,geo_cov_nat,2019,10.981
mli,sex_t,age_aggregate_y15_24,geo_cov_nat,2020,8.753
mli,sex_t,age_aggregate_y15_24,geo_cov_nat,2022,13.047
mli,sex_t,age_aggregate_y15_24,geo_cov_nat,2023,15.67
mli,sex_t,age_aggregate_y15_24,geo_cov_rur,2013,7.825
mli,sex_t,age_aggregate_y15_24,geo_cov_rur,2014,8.488
mli,sex_t,age_aggregate_y15_24,geo_cov_rur,2015,21.87
mli,sex_t,age_aggregate_y15_24,geo_cov_rur,2016,29.998
mli,sex_t,age_aggregate_y15_24,geo_cov_rur,2017,20.065
mli,sex_t,age_aggregate_y15_24,geo_cov_rur,2019,7.82
mli,sex_t,age_aggregate_y15_24,geo_cov_rur,2020,5.037
mli,sex_t,age_aggregate_y15_24,geo_cov_rur,2022,9.174
mli,sex_t,age_aggregate_y15_24,geo_cov_rur,2023,11.429
mli,sex_t,age_aggregate_y15_24,geo_cov_urb,2013,16.743
mli,sex_t,age_aggregate_y15_24,geo_cov_urb,2014,21.953
mli,sex_t,age_aggregate_y15_24,geo_cov_urb,2015,24.783
mli,sex_t,age_aggregate_y15_24,geo_cov_urb,2016,31.939
mli,sex_t,age_aggregate_y15_24,geo_cov_urb,2017,28.576
mli,sex_t,age_aggregate_y15_24,geo_cov_urb,2019,20.684
mli,sex_t,age_aggregate_y15_24,geo_cov_urb,2020,20.702
mli,sex_t,age_aggregate_y15_24,geo_cov_urb,2022,25.463
mli,sex_t,age_aggregate_y15_24,geo_cov_urb,2023,28.57
mli,sex_t,age_aggregate_y25_54,geo_cov_nat,2013,6.126
mli,sex_t,age_aggregate_y25_54,geo_cov_nat,2014,7.297
mli,sex_t,age_aggregate_y25_54,geo_cov_nat,2015,5.292
mli,sex_t,age_aggregate_y25_54,geo_cov_nat,2016,3.057
mli,sex_t,age_aggregate_y25_54,geo_cov_nat,2017,4.955
mli,sex_t,age_aggregate_y25_54,geo_cov_nat,2019,6.372
mli,sex_t,age_aggregate_y25_54,geo_cov_nat,2020,4.153
mli,sex_t,age_aggregate_y25_54,geo_cov_nat,2022,5.141
mli,sex_t,age_aggregate_y25_54,geo_cov_nat,2023,4.094
mli,sex_t,age_aggregate_y25_54,geo_cov_rur,2013,6.012
mli,sex_t,age_aggregate_y25_54,geo_cov_rur,2014,6.634
mli,sex_t,age_aggregate_y25_54,geo_cov_rur,2015,4.274
mli,sex_t,age_aggregate_y25_54,geo_cov_rur,2016,1.826
mli,sex_t,age_aggregate_y25_54,geo_cov_rur,2017,4.112
mli,sex_t,age_aggregate_y25_54,geo_cov_rur,2019,4.522
mli,sex_t,age_aggregate_y25_54,geo_cov_rur,2020,2.878
mli,sex_t,age_aggregate_y25_54,geo_cov_rur,2022,4.361
mli,sex_t,age_aggregate_y25_54,geo_cov_rur,2023,2.897
mli,sex_t,age_aggregate_y25_54,geo_cov_urb,2013,6.444
mli,sex_t,age_aggregate_y25_54,geo_cov_urb,2014,9.226
mli,sex_t,age_aggregate_y25_54,geo_cov_urb,2015,8.216
mli,sex_t,age_aggregate_y25_54,geo_cov_urb,2016,6.517
mli,sex_t,age_aggregate_y25_54,geo_cov_urb,2017,7.47
mli,sex_t,age_aggregate_y25_54,geo_cov_urb,2019,10.738
mli,sex_t,age_aggregate_y25_54,geo_cov_urb,2020,8.139
mli,sex_t,age_aggregate_y25_54,geo_cov_urb,2022,7.682
mli,sex_t,age_aggregate_y25_54,geo_cov_urb,2023,7.922
mli,sex_t,age_aggregate_y55_64,geo_cov_nat,2013,7.583
mli,sex_t,age_aggregate_y55_64,geo_cov_nat,2014,5.585
mli,sex_t,age_aggregate_y55_64,geo_cov_nat,2015,0.549
mli,sex_t,age_aggregate_y55_64,geo_cov_nat,2016,0.647
mli,sex_t,age_aggregate_y55_64,geo_cov_nat,2017,0.993
mli,sex_t,age_aggregate_y55_64,geo_cov_nat,2019,1.409
mli,sex_t,age_aggregate_y55_64,geo_cov_nat,2020,3.558
mli,sex_t,age_aggregate_y55_64,geo_cov_nat,2023,0.404
mli,sex_t,age_aggregate_y55_64,geo_cov_rur,2013,8.266
mli,sex_t,age_aggregate_y55_64,geo_cov_rur,2014,5.848
mli,sex_t,age_aggregate_y55_64,geo_cov_rur,2019,1.181
mli,sex_t,age_aggregate_y55_64,geo_cov_rur,2020,3.01
mli,sex_t,age_aggregate_y55_64,geo_cov_urb,2013,4.936
mli,sex_t,age_aggregate_y55_64,geo_cov_urb,2014,4.484
mli,sex_t,age_aggregate_y55_64,geo_cov_urb,2015,1.86
mli,sex_t,age_aggregate_y55_64,geo_cov_urb,2016,1.298
mli,sex_t,age_aggregate_y55_64,geo_cov_urb,2017,3.579
mli,sex_t,age_aggregate_y55_64,geo_cov_urb,2019,2.233
mli,sex_t,age_aggregate_y55_64,geo_cov_urb,2020,5.875
mli,sex_t,age_aggregate_y55_64,geo_cov_urb,2023,1.766
mli,sex_t,age_aggregate_yge65,geo_cov_nat,2013,0.414
mli,sex_t,age_aggregate_yge65,geo_cov_nat,2014,4.621
mli,sex_t,age_aggregate_yge65,geo_cov_nat,2019,1.532
mli,sex_t,age_aggregate_yge65,geo_cov_nat,2020,5.734
mli,sex_t,age_aggregate_yge65,geo_cov_nat,2023,0.455
mli,sex_t,age_aggregate_yge65,geo_cov_rur,2014,4.26
mli,sex_t,age_aggregate_yge65,geo_cov_rur,2019,1.227
mli,sex_t,age_aggregate_yge65,geo_cov_rur,2020,5.373
mli,sex_t,age_aggregate_yge65,geo_cov_urb,2014,6.388
mli,sex_t,age_aggregate_yge65,geo_cov_urb,2019,2.944
mli,sex_t,age_aggregate_yge65,geo_cov_urb,2020,8.308
mli,sex_t,age_ythadult_y15_24,geo_cov_nat,2013,9.685
mli,sex_t,age_ythadult_y15_24,geo_cov_nat,2014,11.247
mli,sex_t,age_ythadult_y15_24,geo_cov_nat,2015,22.477
mli,sex_t,age_ythadult_y15_24,geo_cov_nat,2016,30.449
mli,sex_t,age_ythadult_y15_24,geo_cov_nat,2017,21.893
mli,sex_t,age_ythadult_y15_24,geo_cov_nat,2019,10.981
mli,sex_t,age_ythadult_y15_24,geo_cov_nat,2020,8.753
mli,sex_t,age_ythadult_y15_24,geo_cov_nat,2022,13.047
mli,sex_t,age_ythadult_y15_24,geo_cov_nat,2023,15.67
mli,sex_t,age_ythadult_y15_24,geo_cov_rur,2013,7.825
mli,sex_t,age_ythadult_y15_24,geo_cov_rur,2014,8.488
mli,sex_t,age_ythadult_y15_24,geo_cov_rur,2015,21.87
mli,sex_t,age_ythadult_y15_24,geo_cov_rur,2016,29.998
mli,sex_t,age_ythadult_y15_24,geo_cov_rur,2017,20.065
mli,sex_t,age_ythadult_y15_24,geo_cov_rur,2019,7.82
mli,sex_t,age_ythadult_y15_24,geo_cov_rur,2020,5.037
mli,sex_t,age_ythadult_y15_24,geo_cov_rur,2022,9.174
mli,sex_t,age_ythadult_y15_24,geo_cov_rur,2023,11.429
mli,sex_t,age_ythadult_y15_24,geo_cov_urb,2013,16.743
mli,sex_t,age_ythadult_y15_24,geo_cov_urb,2014,21.953
mli,sex_t,age_ythadult_y15_24,geo_cov_urb,2015,24.783
mli,sex_t,age_ythadult_y15_24,geo_cov_urb,2016,31.939
mli,sex_t,age_ythadult_y15_24,geo_cov_urb,2017,28.576
mli,sex_t,age_ythadult_y15_24,geo_cov_urb,2019,20.684
mli,sex_t,age_ythadult_y15_24,geo_cov_urb,2020,20.702
mli,sex_t,age_ythadult_y15_24,geo_cov_urb,2022,25.463
mli,sex_t,age_ythadult_y15_24,geo_cov_urb,2023,28.57
mli,sex_t,age_ythadult_y15_64,geo_cov_nat,2013,7.354
mli,sex_t,age_ythadult_y15_64,geo_cov_nat,2014,8.255
mli,sex_t,age_ythadult_y15_64,geo_cov_nat,2015,9.646
mli,sex_t,age_ythadult_y15_64,geo_cov_nat,2016,10.062
mli,sex_t,age_ythadult_y15_64,geo_cov_nat,2017,9.116
mli,sex_t,age_ythadult_y15_64,geo_cov_nat,2019,7.062
mli,sex_t,age_ythadult_y15_64,geo_cov_nat,2020,5.086
mli,sex_t,age_ythadult_y15_64,geo_cov_nat,2022,6.314
mli,sex_t,age_ythadult_y15_64,geo_cov_nat,2023,6.379
mli,sex_t,age_ythadult_y15_64,geo_cov_rur,2013,6.796
mli,sex_t,age_ythadult_y15_64,geo_cov_rur,2014,7.103
mli,sex_t,age_ythadult_y15_64,geo_cov_rur,2016,9.302
mli,sex_t,age_ythadult_y15_64,geo_cov_rur,2017,8.147
mli,sex_t,age_ythadult_y15_64,geo_cov_rur,2019,5.045
mli,sex_t,age_ythadult_y15_64,geo_cov_urb,2013,9.098
mli,sex_t,age_ythadult_y15_64,geo_cov_urb,2014,11.991
mli,sex_t,age_ythadult_y15_64,geo_cov_urb,2015,11.85
mli,sex_t,age_ythadult_y15_64,geo_cov_urb,2017,12.21
mli,sex_t,age_ythadult_y15_64,geo_cov_urb,2019,12.342
mli,sex_t,age_ythadult_y15_64,geo_cov_urb,2020,10.679
mli,sex_t,age_ythadult_y15_64,geo_cov_urb,2022,10.836
mli,sex_t,age_ythadult_y15_64,geo_cov_urb,2023,12.297
mli,sex_t,age_ythadult_yge15,geo_cov_nat,2013,7.034
mli,sex_t,age_ythadult_yge15,geo_cov_nat,2014,8.111
mli,sex_t,age_ythadult_yge15,geo_cov_nat,2015,9.345
mli,sex_t,age_ythadult_yge15,geo_cov_nat,2016,9.737
mli,sex_t,age_ythadult_yge15,geo_cov_nat,2017,8.836
mli,sex_t,age_ythadult_yge15,geo_cov_nat,2019,6.83
mli,sex_t,age_ythadult_yge15,geo_cov_nat,2020,5.115
mli,sex_t,age_ythadult_yge15,geo_cov_nat,2022,6.101
mli,sex_t,age_ythadult_yge15,geo_cov_nat,2023,6.162
mli,sex_t,age_ythadult_yge15,geo_cov_rur,2013,6.474
mli,sex_t,age_ythadult_yge15,geo_cov_rur,2014,6.981
mli,sex_t,age_ythadult_yge15,geo_cov_rur,2015,8.644
mli,sex_t,age_ythadult_yge15,geo_cov_rur,2016,8.973
mli,sex_t,age_ythadult_yge15,geo_cov_rur,2017,7.866
mli,sex_t,age_ythadult_yge15,geo_cov_rur,2019,4.864
mli,sex_t,age_ythadult_yge15,geo_cov_rur,2020,3.459
mli,sex_t,age_ythadult_yge15,geo_cov_rur,2022,4.768
mli,sex_t,age_ythadult_yge15,geo_cov_rur,2023,4.36
mli,sex_t,age_ythadult_yge15,geo_cov_urb,2013,8.815
mli,sex_t,age_ythadult_yge15,geo_cov_urb,2014,11.83
mli,sex_t,age_ythadult_yge15,geo_cov_urb,2015,11.637
mli,sex_t,age_ythadult_yge15,geo_cov_urb,2016,12.062
mli,sex_t,age_ythadult_yge15,geo_cov_urb,2017,11.972
mli,sex_t,age_ythadult_yge15,geo_cov_urb,2019,12.084
mli,sex_t,age_ythadult_yge15,geo_cov_urb,2020,10.623
mli,sex_t,age_ythadult_yge15,geo_cov_urb,2022,10.554
mli,sex_t,age_ythadult_yge15,geo_cov_urb,2023,12.036
mli,sex_t,age_ythadult_yge25,geo_cov_nat,2013,5.914
mli,sex_t,age_ythadult_yge25,geo_cov_nat,2014,6.951
mli,sex_t,age_ythadult_yge25,geo_cov_nat,2015,4.514
mli,sex_t,age_ythadult_yge25,geo_cov_nat,2016,2.637
mli,sex_t,age_ythadult_yge25,geo_cov_nat,2017,4.338
mli,sex_t,age_ythadult_yge25,geo_cov_nat,2019,5.485
mli,sex_t,age_ythadult_yge25,geo_cov_nat,2020,4.17
mli,sex_t,age_ythadult_yge25,geo_cov_nat,2022,4.392
mli,sex_t,age_ythadult_yge25,geo_cov_nat,2023,3.486
mli,sex_t,age_ythadult_yge25,geo_cov_rur,2013,5.87
mli,sex_t,age_ythadult_yge25,geo_cov_rur,2014,6.395
mli,sex_t,age_ythadult_yge25,geo_cov_rur,2015,3.553
mli,sex_t,age_ythadult_yge25,geo_cov_rur,2016,1.571
mli,sex_t,age_ythadult_yge25,geo_cov_rur,2017,3.505
mli,sex_t,age_ythadult_yge25,geo_cov_rur,2019,3.86
mli,sex_t,age_ythadult_yge25,geo_cov_rur,2020,3.053
mli,sex_t,age_ythadult_yge25,geo_cov_rur,2022,3.698
mli,sex_t,age_ythadult_yge25,geo_cov_rur,2023,2.413
mli,sex_t,age_ythadult_yge25,geo_cov_urb,2013,6.043
mli,sex_t,age_ythadult_yge25,geo_cov_urb,2014,8.678
mli,sex_t,age_ythadult_yge25,geo_cov_urb,2015,7.499
mli,sex_t,age_ythadult_yge25,geo_cov_urb,2016,5.794
mli,sex_t,age_ythadult_yge25,geo_cov_urb,2017,6.927
mli,sex_t,age_ythadult_yge25,geo_cov_urb,2019,9.647
mli,sex_t,age_ythadult_yge25,geo_cov_urb,2020,7.919
mli,sex_t,age_ythadult_yge25,geo_cov_urb,2022,6.738
mli,sex_t,age_ythadult_yge25,geo_cov_urb,2023,7.056
mlt,sex_f,age_aggregate_total,geo_cov_nat,2006,9.641
mlt,sex_f,age_aggregate_total,geo_cov_nat,2007,12.25
mlt,sex_f,age_aggregate_total,geo_cov_nat,2008,9.588
mlt,sex_f,age_aggregate_total,geo_cov_nat,2009,9.825
mlt,sex_f,age_aggregate_total,geo_cov_nat,2010,9.694
mlt,sex_f,age_aggregate_total,geo_cov_nat,2011,11.467
mlt,sex_f,age_aggregate_total,geo_cov_nat,2012,11.537
mlt,sex_f,age_aggregate_total,geo_cov_nat,2013,9.302
mlt,sex_f,age_aggregate_total,geo_cov_nat,2014,7.413
mlt,sex_f,age_aggregate_total,geo_cov_nat,2015,7.48
mlt,sex_f,age_aggregate_total,geo_cov_nat,2016,6.467
mlt,sex_f,age_aggregate_total,geo_cov_nat,2017,5.294
mlt,sex_f,age_aggregate_total,geo_cov_nat,2018,5.037
mlt,sex_f,age_aggregate_total,geo_cov_nat,2019,6.49
mlt,sex_f,age_aggregate_total,geo_cov_nat,2020,7.221
mlt,sex_f,age_aggregate_total,geo_cov_nat,2021,4.495
mlt,sex_f,age_aggregate_total,geo_cov_nat,2022,3.781
mlt,sex_f,age_aggregate_total,geo_cov_nat,2023,4.148
mlt,sex_f,age_aggregate_total,geo_cov_nat,2024,4.118
mlt,sex_f,age_aggregate_total,geo_cov_rur,2007,21.564
mlt,sex_f,age_aggregate_total,geo_cov_rur,2008,17.407
mlt,sex_f,age_aggregate_total,geo_cov_rur,2009,14.016
mlt,sex_f,age_aggregate_total,geo_cov_rur,2010,7.799
mlt,sex_f,age_aggregate_total,geo_cov_rur,2011,9.246
mlt,sex_f,age_aggregate_total,geo_cov_rur,2012,10.58
mlt,sex_f,age_aggregate_total,geo_cov_rur,2013,7.9
mlt,sex_f,age_aggregate_total,geo_cov_rur,2014,7.992
mlt,sex_f,age_aggregate_total,geo_cov_rur,2015,6.88
mlt,sex_f,age_aggregate_total,geo_cov_rur,2016,5.514
mlt,sex_f,age_aggregate_total,geo_cov_rur,2018,4.207
mlt,sex_f,age_aggregate_total,geo_cov_rur,2019,2.37
mlt,sex_f,age_aggregate_total,geo_cov_rur,2020,2.057
mlt,sex_f,age_aggregate_total,geo_cov_urb,2006,9.447
mlt,sex_f,age_aggregate_total,geo_cov_urb,2007,11.493
mlt,sex_f,age_aggregate_total,geo_cov_urb,2008,8.952
mlt,sex_f,age_aggregate_total,geo_cov_urb,2009,9.486
mlt,sex_f,age_aggregate_total,geo_cov_urb,2010,9.836
mlt,sex_f,age_aggregate_total,geo_cov_urb,2011,11.63
mlt,sex_f,age_aggregate_total,geo_cov_urb,2012,11.606
mlt,sex_f,age_aggregate_total,geo_cov_urb,2013,9.403
mlt,sex_f,age_aggregate_total,geo_cov_urb,2014,7.373
mlt,sex_f,age_aggregate_total,geo_cov_urb,2015,7.52
mlt,sex_f,age_aggregate_total,geo_cov_urb,2016,6.529
mlt,sex_f,age_aggregate_total,geo_cov_urb,2017,5.408
mlt,sex_f,age_aggregate_total,geo_cov_urb,2018,5.066
mlt,sex_f,age_aggregate_total,geo_cov_urb,2019,6.628
mlt,sex_f,age_aggregate_total,geo_cov_urb,2020,7.372
mlt,sex_f,age_aggregate_total,geo_cov_urb,2021,4.636
mlt,sex_f,age_aggregate_total,geo_cov_urb,2022,3.842
mlt,sex_f,age_aggregate_total,geo_cov_urb,2023,4.205
mlt,sex_f,age_aggregate_total,geo_cov_urb,2024,4.24
mlt,sex_f,age_aggregate_y15_24,geo_cov_nat,2006,15.556
mlt,sex_f,age_aggregate_y15_24,geo_cov_nat,2007,14.869
mlt,sex_f,age_aggregate_y15_24,geo_cov_nat,2008,11.618
mlt,sex_f,age_aggregate_y15_24,geo_cov_nat,2009,14.018
mlt,sex_f,age_aggregate_y15_24,geo_cov_nat,2010,13.946
mlt,sex_f,age_aggregate_y15_24,geo_cov_nat,2011,15.895
mlt,sex_f,age_aggregate_y15_24,geo_cov_nat,2012,17.866
mlt,sex_f,age_aggregate_y15_24,geo_cov_nat,2013,12.691
mlt,sex_f,age_aggregate_y15_24,geo_cov_nat,2014,11.551
mlt,sex_f,age_aggregate_y15_24,geo_cov_nat,2015,11.927
mlt,sex_f,age_aggregate_y15_24,geo_cov_nat,2016,12.835
mlt,sex_f,age_aggregate_y15_24,geo_cov_nat,2017,11.493
mlt,sex_f,age_aggregate_y15_24,geo_cov_nat,2018,7.678
mlt,sex_f,age_aggregate_y15_24,geo_cov_nat,2019,9.36
mlt,sex_f,age_aggregate_y15_24,geo_cov_nat,2020,13.025
mlt,sex_f,age_aggregate_y15_24,geo_cov_nat,2021,8.652
mlt,sex_f,age_aggregate_y15_24,geo_cov_nat,2022,8.403
mlt,sex_f,age_aggregate_y15_24,geo_cov_nat,2023,8.091
mlt,sex_f,age_aggregate_y15_24,geo_cov_nat,2024,12.052
mlt,sex_f,age_aggregate_y15_24,geo_cov_rur,2009,12.696
mlt,sex_f,age_aggregate_y15_24,geo_cov_rur,2010,10.404
mlt,sex_f,age_aggregate_y15_24,geo_cov_rur,2013,18.075
mlt,sex_f,age_aggregate_y15_24,geo_cov_rur,2014,23.557
mlt,sex_f,age_aggregate_y15_24,geo_cov_rur,2016,13.684
mlt,sex_f,age_aggregate_y15_24,geo_cov_urb,2006,15.269
mlt,sex_f,age_aggregate_y15_24,geo_cov_urb,2007,14.056
mlt,sex_f,age_aggregate_y15_24,geo_cov_urb,2008,11.532
mlt,sex_f,age_aggregate_y15_24,geo_cov_urb,2009,14.118
mlt,sex_f,age_aggregate_y15_24,geo_cov_urb,2010,14.188
mlt,sex_f,age_aggregate_y15_24,geo_cov_urb,2011,16.547
mlt,sex_f,age_aggregate_y15_24,geo_cov_urb,2012,18.351
mlt,sex_f,age_aggregate_y15_24,geo_cov_urb,2013,12.475
mlt,sex_f,age_aggregate_y15_24,geo_cov_urb,2014,10.884
mlt,sex_f,age_aggregate_y15_24,geo_cov_urb,2015,12.203
mlt,sex_f,age_aggregate_y15_24,geo_cov_urb,2016,12.786
mlt,sex_f,age_aggregate_y15_24,geo_cov_urb,2017,11.784
mlt,sex_f,age_aggregate_y15_24,geo_cov_urb,2018,7.696
mlt,sex_f,age_aggregate_y15_24,geo_cov_urb,2019,9.599
mlt,sex_f,age_aggregate_y15_24,geo_cov_urb,2020,13.388
mlt,sex_f,age_aggregate_y15_24,geo_cov_urb,2021,8.946
mlt,sex_f,age_aggregate_y15_24,geo_cov_urb,2022,8.549
mlt,sex_f,age_aggregate_y15_24,geo_cov_urb,2023,8.227
mlt,sex_f,age_aggregate_y15_24,geo_cov_urb,2024,12.443
mlt,sex_f,age_aggregate_y25_54,geo_cov_nat,2006,7.189
mlt,sex_f,age_aggregate_y25_54,geo_cov_nat,2007,10.977
mlt,sex_f,age_aggregate_y25_54,geo_cov_nat,2008,8.757
mlt,sex_f,age_aggregate_y25_54,geo_cov_nat,2009,8.545
mlt,sex_f,age_aggregate_y25_54,geo_cov_nat,2010,8.705
mlt,sex_f,age_aggregate_y25_54,geo_cov_nat,2011,10.147
mlt,sex_f,age_aggregate_y25_54,geo_cov_nat,2012,9.084
mlt,sex_f,age_aggregate_y25_54,geo_cov_nat,2013,7.778
mlt,sex_f,age_aggregate_y25_54,geo_cov_nat,2014,6.261
mlt,sex_f,age_aggregate_y25_54,geo_cov_nat,2015,6.354
mlt,sex_f,age_aggregate_y25_54,geo_cov_nat,2016,5.197
mlt,sex_f,age_aggregate_y25_54,geo_cov_nat,2017,4.128
mlt,sex_f,age_aggregate_y25_54,geo_cov_nat,2018,4.227
mlt,sex_f,age_aggregate_y25_54,geo_cov_nat,2019,5.92
mlt,sex_f,age_aggregate_y25_54,geo_cov_nat,2020,6.183
mlt,sex_f,age_aggregate_y25_54,geo_cov_nat,2021,3.684
mlt,sex_f,age_aggregate_y25_54,geo_cov_nat,2022,3.375
mlt,sex_f,age_aggregate_y25_54,geo_cov_nat,2023,4.033
mlt,sex_f,age_aggregate_y25_54,geo_cov_nat,2024,3.186
mlt,sex_f,age_aggregate_y25_54,geo_cov_rur,2007,20.278
mlt,sex_f,age_aggregate_y25_54,geo_cov_rur,2008,18.111
mlt,sex_f,age_aggregate_y25_54,geo_cov_rur,2009,13.665
mlt,sex_f,age_aggregate_y25_54,geo_cov_rur,2010,6.903
mlt,sex_f,age_aggregate_y25_54,geo_cov_rur,2011,8.159
mlt,sex_f,age_aggregate_y25_54,geo_cov_rur,2012,10.366
mlt,sex_f,age_aggregate_y25_54,geo_cov_rur,2013,5.727
mlt,sex_f,age_aggregate_y25_54,geo_cov_rur,2014,5.04
mlt,sex_f,age_aggregate_y25_54,geo_cov_rur,2015,7.34
mlt,sex_f,age_aggregate_y25_54,geo_cov_rur,2016,4.809
mlt,sex_f,age_aggregate_y25_54,geo_cov_rur,2018,3.122
mlt,sex_f,age_aggregate_y25_54,geo_cov_urb,2006,6.966
mlt,sex_f,age_aggregate_y25_54,geo_cov_urb,2007,10.182
mlt,sex_f,age_aggregate_y25_54,geo_cov_urb,2008,7.986
mlt,sex_f,age_aggregate_y25_54,geo_cov_urb,2009,8.111
mlt,sex_f,age_aggregate_y25_54,geo_cov_urb,2010,8.852
mlt,sex_f,age_aggregate_y25_54,geo_cov_urb,2011,10.3
mlt,sex_f,age_aggregate_y25_54,geo_cov_urb,2012,8.979
mlt,sex_f,age_aggregate_y25_54,geo_cov_urb,2013,7.946
mlt,sex_f,age_aggregate_y25_54,geo_cov_urb,2014,6.352
mlt,sex_f,age_aggregate_y25_54,geo_cov_urb,2015,6.282
mlt,sex_f,age_aggregate_y25_54,geo_cov_urb,2016,5.223
mlt,sex_f,age_aggregate_y25_54,geo_cov_urb,2017,4.199
mlt,sex_f,age_aggregate_y25_54,geo_cov_urb,2018,4.265
mlt,sex_f,age_aggregate_y25_54,geo_cov_urb,2019,6.061
mlt,sex_f,age_aggregate_y25_54,geo_cov_urb,2020,6.314
mlt,sex_f,age_aggregate_y25_54,geo_cov_urb,2021,3.795
mlt,sex_f,age_aggregate_y25_54,geo_cov_urb,2022,3.407
mlt,sex_f,age_aggregate_y25_54,geo_cov_urb,2023,4.079
mlt,sex_f,age_aggregate_y25_54,geo_cov_urb,2024,3.27
mlt,sex_f,age_aggregate_y55_64,geo_cov_nat,2007,12.375
mlt,sex_f,age_aggregate_y55_64,geo_cov_nat,2008,10.777
mlt,sex_f,age_aggregate_y55_64,geo_cov_nat,2009,9.693
mlt,sex_f,age_aggregate_y55_64,geo_cov_nat,2010,6.57
mlt,sex_f,age_aggregate_y55_64,geo_cov_nat,2011,11.072
mlt,sex_f,age_aggregate_y55_64,geo_cov_nat,2012,16.277
mlt,sex_f,age_aggregate_y55_64,geo_cov_nat,2013,12.405
mlt,sex_f,age_aggregate_y55_64,geo_cov_nat,2014,7.376
mlt,sex_f,age_aggregate_y55_64,geo_cov_nat,2015,7.9
mlt,sex_f,age_aggregate_y55_64,geo_cov_nat,2016,6.014
mlt,sex_f,age_aggregate_y55_64,geo_cov_nat,2017,4.287
mlt,sex_f,age_aggregate_y55_64,geo_cov_nat,2018,6.443
mlt,sex_f,age_aggregate_y55_64,geo_cov_nat,2019,7.252
mlt,sex_f,age_aggregate_y55_64,geo_cov_nat,2020,8.394
mlt,sex_f,age_aggregate_y55_64,geo_cov_nat,2021,6.304
mlt,sex_f,age_aggregate_y55_64,geo_cov_nat,2024,3.661
mlt,sex_f,age_aggregate_y55_64,geo_cov_rur,2009,26.392
mlt,sex_f,age_aggregate_y55_64,geo_cov_urb,2007,12.439
mlt,sex_f,age_aggregate_y55_64,geo_cov_urb,2008,9.571
mlt,sex_f,age_aggregate_y55_64,geo_cov_urb,2009,8.706
mlt,sex_f,age_aggregate_y55_64,geo_cov_urb,2010,6.346
mlt,sex_f,age_aggregate_y55_64,geo_cov_urb,2011,9.849
mlt,sex_f,age_aggregate_y55_64,geo_cov_urb,2012,16.042
mlt,sex_f,age_aggregate_y55_64,geo_cov_urb,2013,12.051
mlt,sex_f,age_aggregate_y55_64,geo_cov_urb,2014,7.245
mlt,sex_f,age_aggregate_y55_64,geo_cov_urb,2015,8.183
mlt,sex_f,age_aggregate_y55_64,geo_cov_urb,2016,6.348
mlt,sex_f,age_aggregate_y55_64,geo_cov_urb,2017,4.403
mlt,sex_f,age_aggregate_y55_64,geo_cov_urb,2018,6.374
mlt,sex_f,age_aggregate_y55_64,geo_cov_urb,2019,7.183
mlt,sex_f,age_aggregate_y55_64,geo_cov_urb,2020,8.302
mlt,sex_f,age_aggregate_y55_64,geo_cov_urb,2021,6.576
mlt,sex_f,age_aggregate_y55_64,geo_cov_urb,2024,3.859
mlt,sex_f,age_aggregate_yge65,geo_cov_nat,2011,33.406
mlt,sex_f,age_aggregate_yge65,geo_cov_nat,2012,33.859
mlt,sex_f,age_aggregate_yge65,geo_cov_nat,2013,35.079
mlt,sex_f,age_aggregate_yge65,geo_cov_nat,2014,19.943
mlt,sex_f,age_aggregate_yge65,geo_cov_nat,2015,15.686
mlt,sex_f,age_aggregate_yge65,geo_cov_nat,2016,12.241
mlt,sex_f,age_aggregate_yge65,geo_cov_nat,2017,16.382
mlt,sex_f,age_aggregate_yge65,geo_cov_nat,2018,19.529
mlt,sex_f,age_aggregate_yge65,geo_cov_nat,2020,6.273
mlt,sex_f,age_aggregate_yge65,geo_cov_urb,2011,33.406
mlt,sex_f,age_aggregate_yge65,geo_cov_urb,2012,33.859
mlt,sex_f,age_aggregate_yge65,geo_cov_urb,2013,35.783
mlt,sex_f,age_aggregate_yge65,geo_cov_urb,2014,21.039
mlt,sex_f,age_aggregate_yge65,geo_cov_urb,2015,16.106
mlt,sex_f,age_aggregate_yge65,geo_cov_urb,2016,14.426
mlt,sex_f,age_aggregate_yge65,geo_cov_urb,2017,16.382
mlt,sex_f,age_aggregate_yge65,geo_cov_urb,2018,20.549
mlt,sex_f,age_aggregate_yge65,geo_cov_urb,2020,7.809
mlt,sex_f,age_ythadult_y15_24,geo_cov_nat,2006,15.556
mlt,sex_f,age_ythadult_y15_24,geo_cov_nat,2007,14.869
mlt,sex_f,age_ythadult_y15_24,geo_cov_nat,2008,11.618
mlt,sex_f,age_ythadult_y15_24,geo_cov_nat,2009,14.018
mlt,sex_f,age_ythadult_y15_24,geo_cov_nat,2010,13.946
mlt,sex_f,age_ythadult_y15_24,geo_cov_nat,2011,15.895
mlt,sex_f,age_ythadult_y15_24,geo_cov_nat,2012,17.866
mlt,sex_f,age_ythadult_y15_24,geo_cov_nat,2013,12.691
mlt,sex_f,age_ythadult_y15_24,geo_cov_nat,2014,11.551
mlt,sex_f,age_ythadult_y15_24,geo_cov_nat,2015,11.927
mlt,sex_f,age_ythadult_y15_24,geo_cov_nat,2016,12.835
mlt,sex_f,age_ythadult_y15_24,geo_cov_nat,2017,11.493
mlt,sex_f,age_ythadult_y15_24,geo_cov_nat,2018,7.678
mlt,sex_f,age_ythadult_y15_24,geo_cov_nat,2019,9.36
mlt,sex_f,age_ythadult_y15_24,geo_cov_nat,2020,13.025
mlt,sex_f,age_ythadult_y15_24,geo_cov_nat,2021,8.652
mlt,sex_f,age_ythadult_y15_24,geo_cov_nat,2022,8.403
mlt,sex_f,age_ythadult_y15_24,geo_cov_nat,2023,8.091
mlt,sex_f,age_ythadult_y15_24,geo_cov_nat,2024,12.052
mlt,sex_f,age_ythadult_y15_24,geo_cov_rur,2009,12.696
mlt,sex_f,age_ythadult_y15_24,geo_cov_rur,2010,10.404
mlt,sex_f,age_ythadult_y15_24,geo_cov_rur,2013,18.075
mlt,sex_f,age_ythadult_y15_24,geo_cov_rur,2014,23.557
mlt,sex_f,age_ythadult_y15_24,geo_cov_rur,2016,13.684
mlt,sex_f,age_ythadult_y15_24,geo_cov_urb,2006,15.269
mlt,sex_f,age_ythadult_y15_24,geo_cov_urb,2007,14.056
mlt,sex_f,age_ythadult_y15_24,geo_cov_urb,2008,11.532
mlt,sex_f,age_ythadult_y15_24,geo_cov_urb,2009,14.118
mlt,sex_f,age_ythadult_y15_24,geo_cov_urb,2010,14.188
mlt,sex_f,age_ythadult_y15_24,geo_cov_urb,2011,16.547
mlt,sex_f,age_ythadult_y15_24,geo_cov_urb,2012,18.351
mlt,sex_f,age_ythadult_y15_24,geo_cov_urb,2013,12.475
mlt,sex_f,age_ythadult_y15_24,geo_cov_urb,2014,10.884
mlt,sex_f,age_ythadult_y15_24,geo_cov_urb,2015,12.203
mlt,sex_f,age_ythadult_y15_24,geo_cov_urb,2016,12.786
mlt,sex_f,age_ythadult_y15_24,geo_cov_urb,2017,11.784
mlt,sex_f,age_ythadult_y15_24,geo_cov_urb,2018,7.696
mlt,sex_f,age_ythadult_y15_24,geo_cov_urb,2019,9.599
mlt,sex_f,age_ythadult_y15_24,geo_cov_urb,2020,13.388
mlt,sex_f,age_ythadult_y15_24,geo_cov_urb,2021,8.946
mlt,sex_f,age_ythadult_y15_24,geo_cov_urb,2022,8.549
mlt,sex_f,age_ythadult_y15_24,geo_cov_urb,2023,8.227
mlt,sex_f,age_ythadult_y15_24,geo_cov_urb,2024,12.443
mlt,sex_f,age_ythadult_y15_64,geo_cov_nat,2006,9.455
mlt,sex_f,age_ythadult_y15_64,geo_cov_nat,2007,12.068
mlt,sex_f,age_ythadult_y15_64,geo_cov_nat,2008,9.59
mlt,sex_f,age_ythadult_y15_64,geo_cov_nat,2009,9.868
mlt,sex_f,age_ythadult_y15_64,geo_cov_nat,2010,9.695
mlt,sex_f,age_ythadult_y15_64,geo_cov_nat,2011,11.391
mlt,sex_f,age_ythadult_y15_64,geo_cov_nat,2012,11.355
mlt,sex_f,age_ythadult_y15_64,geo_cov_nat,2013,9.06
mlt,sex_f,age_ythadult_y15_64,geo_cov_nat,2014,7.303
mlt,sex_f,age_ythadult_y15_64,geo_cov_nat,2015,7.404
mlt,sex_f,age_ythadult_y15_64,geo_cov_nat,2016,6.419
mlt,sex_f,age_ythadult_y15_64,geo_cov_nat,2017,5.213
mlt,sex_f,age_ythadult_y15_64,geo_cov_nat,2018,4.937
mlt,sex_f,age_ythadult_y15_64,geo_cov_nat,2019,6.505
mlt,sex_f,age_ythadult_y15_64,geo_cov_nat,2020,7.232
mlt,sex_f,age_ythadult_y15_64,geo_cov_nat,2021,4.493
mlt,sex_f,age_ythadult_y15_64,geo_cov_nat,2022,3.715
mlt,sex_f,age_ythadult_y15_64,geo_cov_nat,2023,4.17
mlt,sex_f,age_ythadult_y15_64,geo_cov_nat,2024,4.144
mlt,sex_f,age_ythadult_y15_64,geo_cov_rur,2007,21.166
mlt,sex_f,age_ythadult_y15_64,geo_cov_rur,2008,17.447
mlt,sex_f,age_ythadult_y15_64,geo_cov_rur,2010,7.812
mlt,sex_f,age_ythadult_y15_64,geo_cov_rur,2012,10.58
mlt,sex_f,age_ythadult_y15_64,geo_cov_urb,2006,9.247
mlt,sex_f,age_ythadult_y15_64,geo_cov_urb,2007,11.337
mlt,sex_f,age_ythadult_y15_64,geo_cov_urb,2008,8.95
mlt,sex_f,age_ythadult_y15_64,geo_cov_urb,2009,9.526
mlt,sex_f,age_ythadult_y15_64,geo_cov_urb,2010,9.837
mlt,sex_f,age_ythadult_y15_64,geo_cov_urb,2011,11.549
mlt,sex_f,age_ythadult_y15_64,geo_cov_urb,2012,11.412
mlt,sex_f,age_ythadult_y15_64,geo_cov_urb,2013,9.142
mlt,sex_f,age_ythadult_y15_64,geo_cov_urb,2014,7.251
mlt,sex_f,age_ythadult_y15_64,geo_cov_urb,2015,7.445
mlt,sex_f,age_ythadult_y15_64,geo_cov_urb,2016,6.475
mlt,sex_f,age_ythadult_y15_64,geo_cov_urb,2017,5.325
mlt,sex_f,age_ythadult_y15_64,geo_cov_urb,2018,4.961
mlt,sex_f,age_ythadult_y15_64,geo_cov_urb,2019,6.641
mlt,sex_f,age_ythadult_y15_64,geo_cov_urb,2020,7.368
mlt,sex_f,age_ythadult_y15_64,geo_cov_urb,2021,4.636
mlt,sex_f,age_ythadult_y15_64,geo_cov_urb,2022,3.773
mlt,sex_f,age_ythadult_y15_64,geo_cov_urb,2023,4.227
mlt,sex_f,age_ythadult_y15_64,geo_cov_urb,2024,4.268
mlt,sex_f,age_ythadult_yge15,geo_cov_nat,2006,9.641
mlt,sex_f,age_ythadult_yge15,geo_cov_nat,2007,12.25
mlt,sex_f,age_ythadult_yge15,geo_cov_nat,2008,9.588
mlt,sex_f,age_ythadult_yge15,geo_cov_nat,2009,9.825
mlt,sex_f,age_ythadult_yge15,geo_cov_nat,2010,9.694
mlt,sex_f,age_ythadult_yge15,geo_cov_nat,2011,11.467
mlt,sex_f,age_ythadult_yge15,geo_cov_nat,2012,11.537
mlt,sex_f,age_ythadult_yge15,geo_cov_nat,2013,9.302
mlt,sex_f,age_ythadult_yge15,geo_cov_nat,2014,7.413
mlt,sex_f,age_ythadult_yge15,geo_cov_nat,2015,7.48
mlt,sex_f,age_ythadult_yge15,geo_cov_nat,2016,6.467
mlt,sex_f,age_ythadult_yge15,geo_cov_nat,2017,5.294
mlt,sex_f,age_ythadult_yge15,geo_cov_nat,2018,5.037
mlt,sex_f,age_ythadult_yge15,geo_cov_nat,2019,6.49
mlt,sex_f,age_ythadult_yge15,geo_cov_nat,2020,7.221
mlt,sex_f,age_ythadult_yge15,geo_cov_nat,2021,4.495
mlt,sex_f,age_ythadult_yge15,geo_cov_nat,2022,3.781
mlt,sex_f,age_ythadult_yge15,geo_cov_nat,2023,4.148
mlt,sex_f,age_ythadult_yge15,geo_cov_nat,2024,4.118
mlt,sex_f,age_ythadult_yge15,geo_cov_rur,2007,21.564
mlt,sex_f,age_ythadult_yge15,geo_cov_rur,2008,17.407
mlt,sex_f,age_ythadult_yge15,geo_cov_rur,2009,14.016
mlt,sex_f,age_ythadult_yge15,geo_cov_rur,2010,7.799
mlt,sex_f,age_ythadult_yge15,geo_cov_rur,2011,9.246
mlt,sex_f,age_ythadult_yge15,geo_cov_rur,2012,10.58
mlt,sex_f,age_ythadult_yge15,geo_cov_rur,2013,7.9
mlt,sex_f,age_ythadult_yge15,geo_cov_rur,2014,7.992
mlt,sex_f,age_ythadult_yge15,geo_cov_rur,2015,6.88
mlt,sex_f,age_ythadult_yge15,geo_cov_rur,2016,5.514
mlt,sex_f,age_ythadult_yge15,geo_cov_rur,2018,4.207
mlt,sex_f,age_ythadult_yge15,geo_cov_rur,2019,2.37
mlt,sex_f,age_ythadult_yge15,geo_cov_rur,2020,2.057
mlt,sex_f,age_ythadult_yge15,geo_cov_urb,2006,9.447
mlt,sex_f,age_ythadult_yge15,geo_cov_urb,2007,11.493
mlt,sex_f,age_ythadult_yge15,geo_cov_urb,2008,8.952
mlt,sex_f,age_ythadult_yge15,geo_cov_urb,2009,9.486
mlt,sex_f,age_ythadult_yge15,geo_cov_urb,2010,9.836
mlt,sex_f,age_ythadult_yge15,geo_cov_urb,2011,11.63
mlt,sex_f,age_ythadult_yge15,geo_cov_urb,2012,11.606
mlt,sex_f,age_ythadult_yge15,geo_cov_urb,2013,9.403
mlt,sex_f,age_ythadult_yge15,geo_cov_urb,2014,7.373
mlt,sex_f,age_ythadult_yge15,geo_cov_urb,2015,7.52
mlt,sex_f,age_ythadult_yge15,geo_cov_urb,2016,6.529
mlt,sex_f,age_ythadult_yge15,geo_cov_urb,2017,5.408
mlt,sex_f,age_ythadult_yge15,geo_cov_urb,2018,5.066
mlt,sex_f,age_ythadult_yge15,geo_cov_urb,2019,6.628
mlt,sex_f,age_ythadult_yge15,geo_cov_urb,2020,7.372
mlt,sex_f,age_ythadult_yge15,geo_cov_urb,2021,4.636
mlt,sex_f,age_ythadult_yge15,geo_cov_urb,2022,3.842
mlt,sex_f,age_ythadult_yge15,geo_cov_urb,2023,4.205
mlt,sex_f,age_ythadult_yge15,geo_cov_urb,2024,4.24
mlt,sex_f,age_ythadult_yge25,geo_cov_nat,2006,7.434
mlt,sex_f,age_ythadult_yge25,geo_cov_nat,2007,11.355
mlt,sex_f,age_ythadult_yge25,geo_cov_nat,2008,8.948
mlt,sex_f,age_ythadult_yge25,geo_cov_nat,2009,8.597
mlt,sex_f,age_ythadult_yge25,geo_cov_nat,2010,8.512
mlt,sex_f,age_ythadult_yge25,geo_cov_nat,2011,10.337
mlt,sex_f,age_ythadult_yge25,geo_cov_nat,2012,10.069
mlt,sex_f,age_ythadult_yge25,geo_cov_nat,2013,8.559
mlt,sex_f,age_ythadult_yge25,geo_cov_nat,2014,6.526
mlt,sex_f,age_ythadult_yge25,geo_cov_nat,2015,6.635
mlt,sex_f,age_ythadult_yge25,geo_cov_nat,2016,5.366
mlt,sex_f,age_ythadult_yge25,geo_cov_nat,2017,4.251
mlt,sex_f,age_ythadult_yge25,geo_cov_nat,2018,4.614
mlt,sex_f,age_ythadult_yge25,geo_cov_nat,2019,6.069
mlt,sex_f,age_ythadult_yge25,geo_cov_nat,2020,6.45
mlt,sex_f,age_ythadult_yge25,geo_cov_nat,2021,3.99
mlt,sex_f,age_ythadult_yge25,geo_cov_nat,2022,3.206
mlt,sex_f,age_ythadult_yge25,geo_cov_nat,2023,3.7
mlt,sex_f,age_ythadult_yge25,geo_cov_nat,2024,3.222
mlt,sex_f,age_ythadult_yge25,geo_cov_rur,2007,20.265
mlt,sex_f,age_ythadult_yge25,geo_cov_rur,2008,19.167
mlt,sex_f,age_ythadult_yge25,geo_cov_rur,2009,14.376
mlt,sex_f,age_ythadult_yge25,geo_cov_rur,2010,7.151
mlt,sex_f,age_ythadult_yge25,geo_cov_rur,2011,9.973
mlt,sex_f,age_ythadult_yge25,geo_cov_rur,2012,11.195
mlt,sex_f,age_ythadult_yge25,geo_cov_rur,2013,6.725
mlt,sex_f,age_ythadult_yge25,geo_cov_rur,2014,5.414
mlt,sex_f,age_ythadult_yge25,geo_cov_rur,2015,7.014
mlt,sex_f,age_ythadult_yge25,geo_cov_rur,2016,4.305
mlt,sex_f,age_ythadult_yge25,geo_cov_rur,2018,3.588
mlt,sex_f,age_ythadult_yge25,geo_cov_rur,2019,2.627
mlt,sex_f,age_ythadult_yge25,geo_cov_rur,2020,2.314
mlt,sex_f,age_ythadult_yge25,geo_cov_urb,2006,7.275
mlt,sex_f,age_ythadult_yge25,geo_cov_urb,2007,10.611
mlt,sex_f,age_ythadult_yge25,geo_cov_urb,2008,8.147
mlt,sex_f,age_ythadult_yge25,geo_cov_urb,2009,8.12
mlt,sex_f,age_ythadult_yge25,geo_cov_urb,2010,8.617
mlt,sex_f,age_ythadult_yge25,geo_cov_urb,2011,10.364
mlt,sex_f,age_ythadult_yge25,geo_cov_urb,2012,9.978
mlt,sex_f,age_ythadult_yge25,geo_cov_urb,2013,8.704
mlt,sex_f,age_ythadult_yge25,geo_cov_urb,2014,6.607
mlt,sex_f,age_ythadult_yge25,geo_cov_urb,2015,6.608
mlt,sex_f,age_ythadult_yge25,geo_cov_urb,2016,5.437
mlt,sex_f,age_ythadult_yge25,geo_cov_urb,2017,4.33
mlt,sex_f,age_ythadult_yge25,geo_cov_urb,2018,4.648
mlt,sex_f,age_ythadult_yge25,geo_cov_urb,2019,6.189
mlt,sex_f,age_ythadult_yge25,geo_cov_urb,2020,6.573
mlt,sex_f,age_ythadult_yge25,geo_cov_urb,2021,4.115
mlt,sex_f,age_ythadult_yge25,geo_cov_urb,2022,3.25
mlt,sex_f,age_ythadult_yge25,geo_cov_urb,2023,3.747
mlt,sex_f,age_ythadult_yge25,geo_cov_urb,2024,3.316
mlt,sex_m,age_aggregate_total,geo_cov_nat,2006,6.517
mlt,sex_m,age_aggregate_total,geo_cov_nat,2007,6.694
mlt,sex_m,age_aggregate_total,geo_cov_nat,2008,6.019
mlt,sex_m,age_aggregate_total,geo_cov_nat,2009,7.016
mlt,sex_m,age_aggregate_total,geo_cov_nat,2010,7.281
mlt,sex_m,age_aggregate_total,geo_cov_nat,2011,6.933
mlt,sex_m,age_aggregate_total,geo_cov_nat,2012,6.832
mlt,sex_m,age_aggregate_total,geo_cov_nat,2013,7.105
mlt,sex_m,age_aggregate_total,geo_cov_nat,2014,6.812
mlt,sex_m,age_aggregate_total,geo_cov_nat,2015,5.957
mlt,sex_m,age_aggregate_total,geo_cov_nat,2016,4.759
mlt,sex_m,age_aggregate_total,geo_cov_nat,2017,4.343
mlt,sex_m,age_aggregate_total,geo_cov_nat,2018,4.797
mlt,sex_m,age_aggregate_total,geo_cov_nat,2019,4.425
mlt,sex_m,age_aggregate_total,geo_cov_nat,2020,5.726
mlt,sex_m,age_aggregate_total,geo_cov_nat,2021,4.41
mlt,sex_m,age_aggregate_total,geo_cov_nat,2022,4.29
mlt,sex_m,age_aggregate_total,geo_cov_nat,2023,4.134
mlt,sex_m,age_aggregate_total,geo_cov_nat,2024,3.767
mlt,sex_m,age_aggregate_total,geo_cov_rur,2007,8.063
mlt,sex_m,age_aggregate_total,geo_cov_rur,2008,5.623
mlt,sex_m,age_aggregate_total,geo_cov_rur,2009,5.926
mlt,sex_m,age_aggregate_total,geo_cov_rur,2010,5.793
mlt,sex_m,age_aggregate_total,geo_cov_rur,2011,6.159
mlt,sex_m,age_aggregate_total,geo_cov_rur,2012,5.417
mlt,sex_m,age_aggregate_total,geo_cov_rur,2013,5.801
mlt,sex_m,age_aggregate_total,geo_cov_rur,2014,10.357
mlt,sex_m,age_aggregate_total,geo_cov_rur,2015,8.388
mlt,sex_m,age_aggregate_total,geo_cov_rur,2016,5.012
mlt,sex_m,age_aggregate_total,geo_cov_rur,2017,3.083
mlt,sex_m,age_aggregate_total,geo_cov_rur,2018,9.384
mlt,sex_m,age_aggregate_total,geo_cov_rur,2020,2.025
mlt,sex_m,age_aggregate_total,geo_cov_urb,2006,6.542
mlt,sex_m,age_aggregate_total,geo_cov_urb,2007,6.593
mlt,sex_m,age_aggregate_total,geo_cov_urb,2008,6.048
mlt,sex_m,age_aggregate_total,geo_cov_urb,2009,7.097
mlt,sex_m,age_aggregate_total,geo_cov_urb,2010,7.389
mlt,sex_m,age_aggregate_total,geo_cov_urb,2011,6.993
mlt,sex_m,age_aggregate_total,geo_cov_urb,2012,6.931
mlt,sex_m,age_aggregate_total,geo_cov_urb,2013,7.199
mlt,sex_m,age_aggregate_total,geo_cov_urb,2014,6.545
mlt,sex_m,age_aggregate_total,geo_cov_urb,2015,5.783
mlt,sex_m,age_aggregate_total,geo_cov_urb,2016,4.741
mlt,sex_m,age_aggregate_total,geo_cov_urb,2017,4.386
mlt,sex_m,age_aggregate_total,geo_cov_urb,2018,4.655
mlt,sex_m,age_aggregate_total,geo_cov_urb,2019,4.513
mlt,sex_m,age_aggregate_total,geo_cov_urb,2020,5.836
mlt,sex_m,age_aggregate_total,geo_cov_urb,2021,4.419
mlt,sex_m,age_aggregate_total,geo_cov_urb,2022,4.045
mlt,sex_m,age_aggregate_total,geo_cov_urb,2023,4.106
mlt,sex_m,age_aggregate_total,geo_cov_urb,2024,3.85
mlt,sex_m,age_aggregate_y15_24,geo_cov_nat,2006,17.747
mlt,sex_m,age_aggregate_y15_24,geo_cov_nat,2007,17.548
mlt,sex_m,age_aggregate_y15_24,geo_cov_nat,2008,13.971
mlt,sex_m,age_aggregate_y15_24,geo_cov_nat,2009,17.117
mlt,sex_m,age_aggregate_y15_24,geo_cov_nat,2010,15.871
mlt,sex_m,age_aggregate_y15_24,geo_cov_nat,2011,16.439
mlt,sex_m,age_aggregate_y15_24,geo_cov_nat,2012,16.369
mlt,sex_m,age_aggregate_y15_24,geo_cov_nat,2013,16.758
mlt,sex_m,age_aggregate_y15_24,geo_cov_nat,2014,15.42
mlt,sex_m,age_aggregate_y15_24,geo_cov_nat,2015,14.794
mlt,sex_m,age_aggregate_y15_24,geo_cov_nat,2016,11.036
mlt,sex_m,age_aggregate_y15_24,geo_cov_nat,2017,12.795
mlt,sex_m,age_aggregate_y15_24,geo_cov_nat,2018,14.25
mlt,sex_m,age_aggregate_y15_24,geo_cov_nat,2019,13.647
mlt,sex_m,age_aggregate_y15_24,geo_cov_nat,2020,16.409
mlt,sex_m,age_aggregate_y15_24,geo_cov_nat,2021,15.243
mlt,sex_m,age_aggregate_y15_24,geo_cov_nat,2022,14.217
mlt,sex_m,age_aggregate_y15_24,geo_cov_nat,2023,14.517
mlt,sex_m,age_aggregate_y15_24,geo_cov_nat,2024,12.387
mlt,sex_m,age_aggregate_y15_24,geo_cov_rur,2009,13.086
mlt,sex_m,age_aggregate_y15_24,geo_cov_rur,2010,17.012
mlt,sex_m,age_aggregate_y15_24,geo_cov_rur,2011,9.137
mlt,sex_m,age_aggregate_y15_24,geo_cov_rur,2012,17.001
mlt,sex_m,age_aggregate_y15_24,geo_cov_rur,2013,6.882
mlt,sex_m,age_aggregate_y15_24,geo_cov_rur,2014,21.484
mlt,sex_m,age_aggregate_y15_24,geo_cov_rur,2015,14.305
mlt,sex_m,age_aggregate_y15_24,geo_cov_rur,2016,15.395
mlt,sex_m,age_aggregate_y15_24,geo_cov_rur,2017,17.781
mlt,sex_m,age_aggregate_y15_24,geo_cov_rur,2018,50.456
mlt,sex_m,age_aggregate_y15_24,geo_cov_urb,2006,17.194
mlt,sex_m,age_aggregate_y15_24,geo_cov_urb,2007,16.945
mlt,sex_m,age_aggregate_y15_24,geo_cov_urb,2008,14.007
mlt,sex_m,age_aggregate_y15_24,geo_cov_urb,2009,17.409
mlt,sex_m,age_aggregate_y15_24,geo_cov_urb,2010,15.786
mlt,sex_m,age_aggregate_y15_24,geo_cov_urb,2011,17.083
mlt,sex_m,age_aggregate_y15_24,geo_cov_urb,2012,16.326
mlt,sex_m,age_aggregate_y15_24,geo_cov_urb,2013,17.572
mlt,sex_m,age_aggregate_y15_24,geo_cov_urb,2014,14.899
mlt,sex_m,age_aggregate_y15_24,geo_cov_urb,2015,14.839
mlt,sex_m,age_aggregate_y15_24,geo_cov_urb,2016,10.756
mlt,sex_m,age_aggregate_y15_24,geo_cov_urb,2017,12.58
mlt,sex_m,age_aggregate_y15_24,geo_cov_urb,2018,12.48
mlt,sex_m,age_aggregate_y15_24,geo_cov_urb,2019,13.663
mlt,sex_m,age_aggregate_y15_24,geo_cov_urb,2020,16.638
mlt,sex_m,age_aggregate_y15_24,geo_cov_urb,2021,15.605
mlt,sex_m,age_aggregate_y15_24,geo_cov_urb,2022,14.493
mlt,sex_m,age_aggregate_y15_24,geo_cov_urb,2023,14.705
mlt,sex_m,age_aggregate_y15_24,geo_cov_urb,2024,12.477
mlt,sex_m,age_aggregate_y25_54,geo_cov_nat,2006,4.685
mlt,sex_m,age_aggregate_y25_54,geo_cov_nat,2007,4.846
mlt,sex_m,age_aggregate_y25_54,geo_cov_nat,2008,4.783
mlt,sex_m,age_aggregate_y25_54,geo_cov_nat,2009,5.103
mlt,sex_m,age_aggregate_y25_54,geo_cov_nat,2010,6.029
mlt,sex_m,age_aggregate_y25_54,geo_cov_nat,2011,5.447
mlt,sex_m,age_aggregate_y25_54,geo_cov_nat,2012,5.097
mlt,sex_m,age_aggregate_y25_54,geo_cov_nat,2013,5.195
mlt,sex_m,age_aggregate_y25_54,geo_cov_nat,2014,4.978
mlt,sex_m,age_aggregate_y25_54,geo_cov_nat,2015,4.225
mlt,sex_m,age_aggregate_y25_54,geo_cov_nat,2016,3.765
mlt,sex_m,age_aggregate_y25_54,geo_cov_nat,2017,3.363
mlt,sex_m,age_aggregate_y25_54,geo_cov_nat,2018,3.43
mlt,sex_m,age_aggregate_y25_54,geo_cov_nat,2019,3.22
mlt,sex_m,age_aggregate_y25_54,geo_cov_nat,2020,4.364
mlt,sex_m,age_aggregate_y25_54,geo_cov_nat,2021,3.18
mlt,sex_m,age_aggregate_y25_54,geo_cov_nat,2022,3.251
mlt,sex_m,age_aggregate_y25_54,geo_cov_nat,2023,3.002
mlt,sex_m,age_aggregate_y25_54,geo_cov_nat,2024,2.68
mlt,sex_m,age_aggregate_y25_54,geo_cov_rur,2009,4.017
mlt,sex_m,age_aggregate_y25_54,geo_cov_rur,2010,4.081
mlt,sex_m,age_aggregate_y25_54,geo_cov_rur,2011,6.569
mlt,sex_m,age_aggregate_y25_54,geo_cov_rur,2012,4.121
mlt,sex_m,age_aggregate_y25_54,geo_cov_rur,2013,6.721
mlt,sex_m,age_aggregate_y25_54,geo_cov_rur,2014,10.721
mlt,sex_m,age_aggregate_y25_54,geo_cov_rur,2015,7.87
mlt,sex_m,age_aggregate_y25_54,geo_cov_rur,2016,3.717
mlt,sex_m,age_aggregate_y25_54,geo_cov_urb,2006,4.82
mlt,sex_m,age_aggregate_y25_54,geo_cov_urb,2007,4.827
mlt,sex_m,age_aggregate_y25_54,geo_cov_urb,2008,4.832
mlt,sex_m,age_aggregate_y25_54,geo_cov_urb,2009,5.192
mlt,sex_m,age_aggregate_y25_54,geo_cov_urb,2010,6.185
mlt,sex_m,age_aggregate_y25_54,geo_cov_urb,2011,5.359
mlt,sex_m,age_aggregate_y25_54,geo_cov_urb,2012,5.166
mlt,sex_m,age_aggregate_y25_54,geo_cov_urb,2013,5.087
mlt,sex_m,age_aggregate_y25_54,geo_cov_urb,2014,4.556
mlt,sex_m,age_aggregate_y25_54,geo_cov_urb,2015,3.98
mlt,sex_m,age_aggregate_y25_54,geo_cov_urb,2016,3.769
mlt,sex_m,age_aggregate_y25_54,geo_cov_urb,2017,3.453
mlt,sex_m,age_aggregate_y25_54,geo_cov_urb,2018,3.507
mlt,sex_m,age_aggregate_y25_54,geo_cov_urb,2019,3.322
mlt,sex_m,age_aggregate_y25_54,geo_cov_urb,2020,4.463
mlt,sex_m,age_aggregate_y25_54,geo_cov_urb,2021,3.254
mlt,sex_m,age_aggregate_y25_54,geo_cov_urb,2022,2.882
mlt,sex_m,age_aggregate_y25_54,geo_cov_urb,2023,3.012
mlt,sex_m,age_aggregate_y25_54,geo_cov_urb,2024,2.751
mlt,sex_m,age_aggregate_y55_64,geo_cov_nat,2007,3.948
mlt,sex_m,age_aggregate_y55_64,geo_cov_nat,2008,3.945
mlt,sex_m,age_aggregate_y55_64,geo_cov_nat,2009,6.379
mlt,sex_m,age_aggregate_y55_64,geo_cov_nat,2010,5.439
mlt,sex_m,age_aggregate_y55_64,geo_cov_nat,2011,5.085
mlt,sex_m,age_aggregate_y55_64,geo_cov_nat,2012,6.142
mlt,sex_m,age_aggregate_y55_64,geo_cov_nat,2013,6.945
mlt,sex_m,age_aggregate_y55_64,geo_cov_nat,2014,8.078
mlt,sex_m,age_aggregate_y55_64,geo_cov_nat,2015,6.709
mlt,sex_m,age_aggregate_y55_64,geo_cov_nat,2016,4.037
mlt,sex_m,age_aggregate_y55_64,geo_cov_nat,2017,2.879
mlt,sex_m,age_aggregate_y55_64,geo_cov_nat,2018,4.41
mlt,sex_m,age_aggregate_y55_64,geo_cov_nat,2019,2.644
mlt,sex_m,age_aggregate_y55_64,geo_cov_nat,2020,4.91
mlt,sex_m,age_aggregate_y55_64,geo_cov_nat,2021,3.97
mlt,sex_m,age_aggregate_y55_64,geo_cov_nat,2022,2.951
mlt,sex_m,age_aggregate_y55_64,geo_cov_nat,2023,3.615
mlt,sex_m,age_aggregate_y55_64,geo_cov_nat,2024,4.193
mlt,sex_m,age_aggregate_y55_64,geo_cov_rur,2015,5.667
mlt,sex_m,age_aggregate_y55_64,geo_cov_rur,2016,4.667
mlt,sex_m,age_aggregate_y55_64,geo_cov_urb,2007,4.13
mlt,sex_m,age_aggregate_y55_64,geo_cov_urb,2008,3.908
mlt,sex_m,age_aggregate_y55_64,geo_cov_urb,2009,6.498
mlt,sex_m,age_aggregate_y55_64,geo_cov_urb,2010,5.519
mlt,sex_m,age_aggregate_y55_64,geo_cov_urb,2011,5.408
mlt,sex_m,age_aggregate_y55_64,geo_cov_urb,2012,6.463
mlt,sex_m,age_aggregate_y55_64,geo_cov_urb,2013,7.391
mlt,sex_m,age_aggregate_y55_64,geo_cov_urb,2014,8.73
mlt,sex_m,age_aggregate_y55_64,geo_cov_urb,2015,6.798
mlt,sex_m,age_aggregate_y55_64,geo_cov_urb,2016,3.987
mlt,sex_m,age_aggregate_y55_64,geo_cov_urb,2017,2.942
mlt,sex_m,age_aggregate_y55_64,geo_cov_urb,2018,4.55
mlt,sex_m,age_aggregate_y55_64,geo_cov_urb,2019,2.709
mlt,sex_m,age_aggregate_y55_64,geo_cov_urb,2020,5.029
mlt,sex_m,age_aggregate_y55_64,geo_cov_urb,2021,3.535
mlt,sex_m,age_aggregate_y55_64,geo_cov_urb,2022,3.068
mlt,sex_m,age_aggregate_y55_64,geo_cov_urb,2023,3.128
mlt,sex_m,age_aggregate_y55_64,geo_cov_urb,2024,4.377
mlt,sex_m,age_aggregate_yge65,geo_cov_nat,2009,9.476
mlt,sex_m,age_aggregate_yge65,geo_cov_nat,2010,4.586
mlt,sex_m,age_aggregate_yge65,geo_cov_nat,2011,5.094
mlt,sex_m,age_aggregate_yge65,geo_cov_nat,2012,8.39
mlt,sex_m,age_aggregate_yge65,geo_cov_nat,2013,9.73
mlt,sex_m,age_aggregate_yge65,geo_cov_nat,2014,8.262
mlt,sex_m,age_aggregate_yge65,geo_cov_nat,2015,8.073
mlt,sex_m,age_aggregate_yge65,geo_cov_nat,2016,8.877
mlt,sex_m,age_aggregate_yge65,geo_cov_nat,2017,3.273
mlt,sex_m,age_aggregate_yge65,geo_cov_nat,2018,6.231
mlt,sex_m,age_aggregate_yge65,geo_cov_nat,2019,11.374
mlt,sex_m,age_aggregate_yge65,geo_cov_nat,2020,8.718
mlt,sex_m,age_aggregate_yge65,geo_cov_nat,2022,4.7
mlt,sex_m,age_aggregate_yge65,geo_cov_nat,2024,5.367
mlt,sex_m,age_aggregate_yge65,geo_cov_urb,2010,4.868
mlt,sex_m,age_aggregate_yge65,geo_cov_urb,2011,5.326
mlt,sex_m,age_aggregate_yge65,geo_cov_urb,2012,8.837
mlt,sex_m,age_aggregate_yge65,geo_cov_urb,2013,10.157
mlt,sex_m,age_aggregate_yge65,geo_cov_urb,2014,8.675
mlt,sex_m,age_aggregate_yge65,geo_cov_urb,2015,8.295
mlt,sex_m,age_aggregate_yge65,geo_cov_urb,2016,9.685
mlt,sex_m,age_aggregate_yge65,geo_cov_urb,2017,3.408
mlt,sex_m,age_aggregate_yge65,geo_cov_urb,2018,5.694
mlt,sex_m,age_aggregate_yge65,geo_cov_urb,2019,11.151
mlt,sex_m,age_aggregate_yge65,geo_cov_urb,2020,8.33
mlt,sex_m,age_aggregate_yge65,geo_cov_urb,2022,4.229
mlt,sex_m,age_aggregate_yge65,geo_cov_urb,2024,5.5
mlt,sex_m,age_ythadult_y15_24,geo_cov_nat,2006,17.747
mlt,sex_m,age_ythadult_y15_24,geo_cov_nat,2007,17.548
mlt,sex_m,age_ythadult_y15_24,geo_cov_nat,2008,13.971
mlt,sex_m,age_ythadult_y15_24,geo_cov_nat,2009,17.117
mlt,sex_m,age_ythadult_y15_24,geo_cov_nat,2010,15.871
mlt,sex_m,age_ythadult_y15_24,geo_cov_nat,2011,16.439
mlt,sex_m,age_ythadult_y15_24,geo_cov_nat,2012,16.369
mlt,sex_m,age_ythadult_y15_24,geo_cov_nat,2013,16.758
mlt,sex_m,age_ythadult_y15_24,geo_cov_nat,2014,15.42
mlt,sex_m,age_ythadult_y15_24,geo_cov_nat,2015,14.794
mlt,sex_m,age_ythadult_y15_24,geo_cov_nat,2016,11.036
mlt,sex_m,age_ythadult_y15_24,geo_cov_nat,2017,12.795
mlt,sex_m,age_ythadult_y15_24,geo_cov_nat,2018,14.25
mlt,sex_m,age_ythadult_y15_24,geo_cov_nat,2019,13.647
mlt,sex_m,age_ythadult_y15_24,geo_cov_nat,2020,16.409
mlt,sex_m,age_ythadult_y15_24,geo_cov_nat,2021,15.243
mlt,sex_m,age_ythadult_y15_24,geo_cov_nat,2022,14.217
mlt,sex_m,age_ythadult_y15_24,geo_cov_nat,2023,14.517
mlt,sex_m,age_ythadult_y15_24,geo_cov_nat,2024,12.387
mlt,sex_m,age_ythadult_y15_24,geo_cov_rur,2009,13.086
mlt,sex_m,age_ythadult_y15_24,geo_cov_rur,2010,17.012
mlt,sex_m,age_ythadult_y15_24,geo_cov_rur,2011,9.137
mlt,sex_m,age_ythadult_y15_24,geo_cov_rur,2012,17.001
mlt,sex_m,age_ythadult_y15_24,geo_cov_rur,2013,6.882
mlt,sex_m,age_ythadult_y15_24,geo_cov_rur,2014,21.484
mlt,sex_m,age_ythadult_y15_24,geo_cov_rur,2015,14.305
mlt,sex_m,age_ythadult_y15_24,geo_cov_rur,2016,15.395
mlt,sex_m,age_ythadult_y15_24,geo_cov_rur,2017,17.781
mlt,sex_m,age_ythadult_y15_24,geo_cov_rur,2018,50.456
mlt,sex_m,age_ythadult_y15_24,geo_cov_urb,2006,17.194
mlt,sex_m,age_ythadult_y15_24,geo_cov_urb,2007,16.945
mlt,sex_m,age_ythadult_y15_24,geo_cov_urb,2008,14.007
mlt,sex_m,age_ythadult_y15_24,geo_cov_urb,2009,17.409
mlt,sex_m,age_ythadult_y15_24,geo_cov_urb,2010,15.786
mlt,sex_m,age_ythadult_y15_24,geo_cov_urb,2011,17.083
mlt,sex_m,age_ythadult_y15_24,geo_cov_urb,2012,16.326
mlt,sex_m,age_ythadult_y15_24,geo_cov_urb,2013,17.572
mlt,sex_m,age_ythadult_y15_24,geo_cov_urb,2014,14.899
mlt,sex_m,age_ythadult_y15_24,geo_cov_urb,2015,14.839
mlt,sex_m,age_ythadult_y15_24,geo_cov_urb,2016,10.756
mlt,sex_m,age_ythadult_y15_24,geo_cov_urb,2017,12.58
mlt,sex_m,age_ythadult_y15_24,geo_cov_urb,2018,12.48
mlt,sex_m,age_ythadult_y15_24,geo_cov_urb,2019,13.663
mlt,sex_m,age_ythadult_y15_24,geo_cov_urb,2020,16.638
mlt,sex_m,age_ythadult_y15_24,geo_cov_urb,2021,15.605
mlt,sex_m,age_ythadult_y15_24,geo_cov_urb,2022,14.493
mlt,sex_m,age_ythadult_y15_24,geo_cov_urb,2023,14.705
mlt,sex_m,age_ythadult_y15_24,geo_cov_urb,2024,12.477
mlt,sex_m,age_ythadult_y15_64,geo_cov_nat,2006,6.488
mlt,sex_m,age_ythadult_y15_64,geo_cov_nat,2007,6.694
mlt,sex_m,age_ythadult_y15_64,geo_cov_nat,2008,6.005
mlt,sex_m,age_ythadult_y15_64,geo_cov_nat,2009,6.989
mlt,sex_m,age_ythadult_y15_64,geo_cov_nat,2010,7.318
mlt,sex_m,age_ythadult_y15_64,geo_cov_nat,2011,6.963
mlt,sex_m,age_ythadult_y15_64,geo_cov_nat,2012,6.803
mlt,sex_m,age_ythadult_y15_64,geo_cov_nat,2013,7.049
mlt,sex_m,age_ythadult_y15_64,geo_cov_nat,2014,6.773
mlt,sex_m,age_ythadult_y15_64,geo_cov_nat,2015,5.904
mlt,sex_m,age_ythadult_y15_64,geo_cov_nat,2016,4.669
mlt,sex_m,age_ythadult_y15_64,geo_cov_nat,2017,4.366
mlt,sex_m,age_ythadult_y15_64,geo_cov_nat,2018,4.766
mlt,sex_m,age_ythadult_y15_64,geo_cov_nat,2019,4.26
mlt,sex_m,age_ythadult_y15_64,geo_cov_nat,2020,5.659
mlt,sex_m,age_ythadult_y15_64,geo_cov_nat,2021,4.436
mlt,sex_m,age_ythadult_y15_64,geo_cov_nat,2022,4.279
mlt,sex_m,age_ythadult_y15_64,geo_cov_nat,2023,4.162
mlt,sex_m,age_ythadult_y15_64,geo_cov_nat,2024,3.729
mlt,sex_m,age_ythadult_y15_64,geo_cov_rur,2007,8.13
mlt,sex_m,age_ythadult_y15_64,geo_cov_rur,2008,5.645
mlt,sex_m,age_ythadult_y15_64,geo_cov_rur,2010,5.862
mlt,sex_m,age_ythadult_y15_64,geo_cov_rur,2012,5.494
mlt,sex_m,age_ythadult_y15_64,geo_cov_urb,2006,6.505
mlt,sex_m,age_ythadult_y15_64,geo_cov_urb,2007,6.588
mlt,sex_m,age_ythadult_y15_64,geo_cov_urb,2008,6.032
mlt,sex_m,age_ythadult_y15_64,geo_cov_urb,2009,7.119
mlt,sex_m,age_ythadult_y15_64,geo_cov_urb,2010,7.424
mlt,sex_m,age_ythadult_y15_64,geo_cov_urb,2011,7.02
mlt,sex_m,age_ythadult_y15_64,geo_cov_urb,2012,6.895
mlt,sex_m,age_ythadult_y15_64,geo_cov_urb,2013,7.134
mlt,sex_m,age_ythadult_y15_64,geo_cov_urb,2014,6.486
mlt,sex_m,age_ythadult_y15_64,geo_cov_urb,2015,5.717
mlt,sex_m,age_ythadult_y15_64,geo_cov_urb,2016,4.636
mlt,sex_m,age_ythadult_y15_64,geo_cov_urb,2017,4.407
mlt,sex_m,age_ythadult_y15_64,geo_cov_urb,2018,4.632
mlt,sex_m,age_ythadult_y15_64,geo_cov_urb,2019,4.353
mlt,sex_m,age_ythadult_y15_64,geo_cov_urb,2020,5.78
mlt,sex_m,age_ythadult_y15_64,geo_cov_urb,2021,4.444
mlt,sex_m,age_ythadult_y15_64,geo_cov_urb,2022,4.04
mlt,sex_m,age_ythadult_y15_64,geo_cov_urb,2023,4.132
mlt,sex_m,age_ythadult_y15_64,geo_cov_urb,2024,3.811
mlt,sex_m,age_ythadult_yge15,geo_cov_nat,2006,6.517
mlt,sex_m,age_ythadult_yge15,geo_cov_nat,2007,6.694
mlt,sex_m,age_ythadult_yge15,geo_cov_nat,2008,6.019
mlt,sex_m,age_ythadult_yge15,geo_cov_nat,2009,7.016
mlt,sex_m,age_ythadult_yge15,geo_cov_nat,2010,7.281
mlt,sex_m,age_ythadult_yge15,geo_cov_nat,2011,6.933
mlt,sex_m,age_ythadult_yge15,geo_cov_nat,2012,6.832
mlt,sex_m,age_ythadult_yge15,geo_cov_nat,2013,7.105
mlt,sex_m,age_ythadult_yge15,geo_cov_nat,2014,6.812
mlt,sex_m,age_ythadult_yge15,geo_cov_nat,2015,5.957
mlt,sex_m,age_ythadult_yge15,geo_cov_nat,2016,4.759
mlt,sex_m,age_ythadult_yge15,geo_cov_nat,2017,4.343
mlt,sex_m,age_ythadult_yge15,geo_cov_nat,2018,4.797
mlt,sex_m,age_ythadult_yge15,geo_cov_nat,2019,4.425
mlt,sex_m,age_ythadult_yge15,geo_cov_nat,2020,5.726
mlt,sex_m,age_ythadult_yge15,geo_cov_nat,2021,4.41
mlt,sex_m,age_ythadult_yge15,geo_cov_nat,2022,4.29
mlt,sex_m,age_ythadult_yge15,geo_cov_nat,2023,4.134
mlt,sex_m,age_ythadult_yge15,geo_cov_nat,2024,3.767
mlt,sex_m,age_ythadult_yge15,geo_cov_rur,2007,8.063
mlt,sex_m,age_ythadult_yge15,geo_cov_rur,2008,5.623
mlt,sex_m,age_ythadult_yge15,geo_cov_rur,2009,5.926
mlt,sex_m,age_ythadult_yge15,geo_cov_rur,2010,5.793
mlt,sex_m,age_ythadult_yge15,geo_cov_rur,2011,6.159
mlt,sex_m,age_ythadult_yge15,geo_cov_rur,2012,5.417
mlt,sex_m,age_ythadult_yge15,geo_cov_rur,2013,5.801
mlt,sex_m,age_ythadult_yge15,geo_cov_rur,2014,10.357
mlt,sex_m,age_ythadult_yge15,geo_cov_rur,2015,8.388
mlt,sex_m,age_ythadult_yge15,geo_cov_rur,2016,5.012
mlt,sex_m,age_ythadult_yge15,geo_cov_rur,2017,3.083
mlt,sex_m,age_ythadult_yge15,geo_cov_rur,2018,9.384
mlt,sex_m,age_ythadult_yge15,geo_cov_rur,2020,2.025
mlt,sex_m,age_ythadult_yge15,geo_cov_urb,2006,6.542
mlt,sex_m,age_ythadult_yge15,geo_cov_urb,2007,6.593
mlt,sex_m,age_ythadult_yge15,geo_cov_urb,2008,6.048
mlt,sex_m,age_ythadult_yge15,geo_cov_urb,2009,7.097
mlt,sex_m,age_ythadult_yge15,geo_cov_urb,2010,7.389
mlt,sex_m,age_ythadult_yge15,geo_cov_urb,2011,6.993
mlt,sex_m,age_ythadult_yge15,geo_cov_urb,2012,6.931
mlt,sex_m,age_ythadult_yge15,geo_cov_urb,2013,7.199
mlt,sex_m,age_ythadult_yge15,geo_cov_urb,2014,6.545
mlt,sex_m,age_ythadult_yge15,geo_cov_urb,2015,5.783
mlt,sex_m,age_ythadult_yge15,geo_cov_urb,2016,4.741
mlt,sex_m,age_ythadult_yge15,geo_cov_urb,2017,4.386
mlt,sex_m,age_ythadult_yge15,geo_cov_urb,2018,4.655
mlt,sex_m,age_ythadult_yge15,geo_cov_urb,2019,4.513
mlt,sex_m,age_ythadult_yge15,geo_cov_urb,2020,5.836
mlt,sex_m,age_ythadult_yge15,geo_cov_urb,2021,4.419
mlt,sex_m,age_ythadult_yge15,geo_cov_urb,2022,4.045
mlt,sex_m,age_ythadult_yge15,geo_cov_urb,2023,4.106
mlt,sex_m,age_ythadult_yge15,geo_cov_urb,2024,3.85
mlt,sex_m,age_ythadult_yge25,geo_cov_nat,2006,4.506
mlt,sex_m,age_ythadult_yge25,geo_cov_nat,2007,4.733
mlt,sex_m,age_ythadult_yge25,geo_cov_nat,2008,4.684
mlt,sex_m,age_ythadult_yge25,geo_cov_nat,2009,5.348
mlt,sex_m,age_ythadult_yge25,geo_cov_nat,2010,5.914
mlt,sex_m,age_ythadult_yge25,geo_cov_nat,2011,5.382
mlt,sex_m,age_ythadult_yge25,geo_cov_nat,2012,5.338
mlt,sex_m,age_ythadult_yge25,geo_cov_nat,2013,5.598
mlt,sex_m,age_ythadult_yge25,geo_cov_nat,2014,5.596
mlt,sex_m,age_ythadult_yge25,geo_cov_nat,2015,4.748
mlt,sex_m,age_ythadult_yge25,geo_cov_nat,2016,3.934
mlt,sex_m,age_ythadult_yge25,geo_cov_nat,2017,3.282
mlt,sex_m,age_ythadult_yge25,geo_cov_nat,2018,3.658
mlt,sex_m,age_ythadult_yge25,geo_cov_nat,2019,3.346
mlt,sex_m,age_ythadult_yge25,geo_cov_nat,2020,4.55
mlt,sex_m,age_ythadult_yge25,geo_cov_nat,2021,3.298
mlt,sex_m,age_ythadult_yge25,geo_cov_nat,2022,3.258
mlt,sex_m,age_ythadult_yge25,geo_cov_nat,2023,3.076
mlt,sex_m,age_ythadult_yge25,geo_cov_nat,2024,2.934
mlt,sex_m,age_ythadult_yge25,geo_cov_rur,2009,4.782
mlt,sex_m,age_ythadult_yge25,geo_cov_rur,2010,3.95
mlt,sex_m,age_ythadult_yge25,geo_cov_rur,2011,5.594
mlt,sex_m,age_ythadult_yge25,geo_cov_rur,2012,3.635
mlt,sex_m,age_ythadult_yge25,geo_cov_rur,2013,5.607
mlt,sex_m,age_ythadult_yge25,geo_cov_rur,2014,8.55
mlt,sex_m,age_ythadult_yge25,geo_cov_rur,2015,7.332
mlt,sex_m,age_ythadult_yge25,geo_cov_rur,2016,3.781
mlt,sex_m,age_ythadult_yge25,geo_cov_urb,2006,4.658
mlt,sex_m,age_ythadult_yge25,geo_cov_urb,2007,4.746
mlt,sex_m,age_ythadult_yge25,geo_cov_urb,2008,4.719
mlt,sex_m,age_ythadult_yge25,geo_cov_urb,2009,5.39
mlt,sex_m,age_ythadult_yge25,geo_cov_urb,2010,6.056
mlt,sex_m,age_ythadult_yge25,geo_cov_urb,2011,5.366
mlt,sex_m,age_ythadult_yge25,geo_cov_urb,2012,5.457
mlt,sex_m,age_ythadult_yge25,geo_cov_urb,2013,5.598
mlt,sex_m,age_ythadult_yge25,geo_cov_urb,2014,5.377
mlt,sex_m,age_ythadult_yge25,geo_cov_urb,2015,4.57
mlt,sex_m,age_ythadult_yge25,geo_cov_urb,2016,3.946
mlt,sex_m,age_ythadult_yge25,geo_cov_urb,2017,3.367
mlt,sex_m,age_ythadult_yge25,geo_cov_urb,2018,3.73
mlt,sex_m,age_ythadult_yge25,geo_cov_urb,2019,3.437
mlt,sex_m,age_ythadult_yge25,geo_cov_urb,2020,4.641
mlt,sex_m,age_ythadult_yge25,geo_cov_urb,2021,3.298
mlt,sex_m,age_ythadult_yge25,geo_cov_urb,2022,2.947
mlt,sex_m,age_ythadult_yge25,geo_cov_urb,2023,3.025
mlt,sex_m,age_ythadult_yge25,geo_cov_urb,2024,3.017
mlt,sex_t,age_aggregate_total,geo_cov_nat,2006,7.502
mlt,sex_t,age_aggregate_total,geo_cov_nat,2007,8.56
mlt,sex_t,age_aggregate_total,geo_cov_nat,2008,7.24
mlt,sex_t,age_aggregate_total,geo_cov_nat,2009,7.983
mlt,sex_t,age_aggregate_total,geo_cov_nat,2010,8.125
mlt,sex_t,age_aggregate_total,geo_cov_nat,2011,8.577
mlt,sex_t,age_aggregate_total,geo_cov_nat,2012,8.633
mlt,sex_t,age_aggregate_total,geo_cov_nat,2013,7.958
mlt,sex_t,age_aggregate_total,geo_cov_nat,2014,7.048
mlt,sex_t,age_aggregate_total,geo_cov_nat,2015,6.556
mlt,sex_t,age_aggregate_total,geo_cov_nat,2016,5.44
mlt,sex_t,age_aggregate_total,geo_cov_nat,2017,4.726
mlt,sex_t,age_aggregate_total,geo_cov_nat,2018,4.895
mlt,sex_t,age_aggregate_total,geo_cov_nat,2019,5.256
mlt,sex_t,age_aggregate_total,geo_cov_nat,2020,6.335
mlt,sex_t,age_aggregate_total,geo_cov_nat,2021,4.445
mlt,sex_t,age_aggregate_total,geo_cov_nat,2022,4.08
mlt,sex_t,age_aggregate_total,geo_cov_nat,2023,4.139
mlt,sex_t,age_aggregate_total,geo_cov_nat,2024,3.91
mlt,sex_t,age_aggregate_total,geo_cov_rur,2006,8.169
mlt,sex_t,age_aggregate_total,geo_cov_rur,2007,12.871
mlt,sex_t,age_aggregate_total,geo_cov_rur,2008,9.882
mlt,sex_t,age_aggregate_total,geo_cov_rur,2009,8.851
mlt,sex_t,age_aggregate_total,geo_cov_rur,2010,6.509
mlt,sex_t,age_aggregate_total,geo_cov_rur,2011,7.247
mlt,sex_t,age_aggregate_total,geo_cov_rur,2012,7.422
mlt,sex_t,age_aggregate_total,geo_cov_rur,2013,6.614
mlt,sex_t,age_aggregate_total,geo_cov_rur,2014,9.47
mlt,sex_t,age_aggregate_total,geo_cov_rur,2015,7.82
mlt,sex_t,age_aggregate_total,geo_cov_rur,2016,5.203
mlt,sex_t,age_aggregate_total,geo_cov_rur,2017,2.463
mlt,sex_t,age_aggregate_total,geo_cov_rur,2018,7.179
mlt,sex_t,age_aggregate_total,geo_cov_rur,2019,1.838
mlt,sex_t,age_aggregate_total,geo_cov_rur,2020,2.038
mlt,sex_t,age_aggregate_total,geo_cov_rur,2022,8.357
mlt,sex_t,age_aggregate_total,geo_cov_urb,2006,7.454
mlt,sex_t,age_aggregate_total,geo_cov_urb,2007,8.231
mlt,sex_t,age_aggregate_total,geo_cov_urb,2008,7.037
mlt,sex_t,age_aggregate_total,geo_cov_urb,2009,7.916
mlt,sex_t,age_aggregate_total,geo_cov_urb,2010,8.244
mlt,sex_t,age_aggregate_total,geo_cov_urb,2011,8.677
mlt,sex_t,age_aggregate_total,geo_cov_urb,2012,8.719
mlt,sex_t,age_aggregate_total,geo_cov_urb,2013,8.055
mlt,sex_t,age_aggregate_total,geo_cov_urb,2014,6.87
mlt,sex_t,age_aggregate_total,geo_cov_urb,2015,6.468
mlt,sex_t,age_aggregate_total,geo_cov_urb,2016,5.457
mlt,sex_t,age_aggregate_total,geo_cov_urb,2017,4.798
mlt,sex_t,age_aggregate_total,geo_cov_urb,2018,4.821
mlt,sex_t,age_aggregate_total,geo_cov_urb,2019,5.362
mlt,sex_t,age_aggregate_total,geo_cov_urb,2020,6.462
mlt,sex_t,age_aggregate_total,geo_cov_urb,2021,4.507
mlt,sex_t,age_aggregate_total,geo_cov_urb,2022,3.961
mlt,sex_t,age_aggregate_total,geo_cov_urb,2023,4.146
mlt,sex_t,age_aggregate_total,geo_cov_urb,2024,4.009
mlt,sex_t,age_aggregate_y15_24,geo_cov_nat,2006,16.758
mlt,sex_t,age_aggregate_y15_24,geo_cov_nat,2007,16.324
mlt,sex_t,age_aggregate_y15_24,geo_cov_nat,2008,12.877
mlt,sex_t,age_aggregate_y15_24,geo_cov_nat,2009,15.703
mlt,sex_t,age_aggregate_y15_24,geo_cov_nat,2010,14.985
mlt,sex_t,age_aggregate_y15_24,geo_cov_nat,2011,16.193
mlt,sex_t,age_aggregate_y15_24,geo_cov_nat,2012,17.062
mlt,sex_t,age_aggregate_y15_24,geo_cov_nat,2013,14.895
mlt,sex_t,age_aggregate_y15_24,geo_cov_nat,2014,13.567
mlt,sex_t,age_aggregate_y15_24,geo_cov_nat,2015,13.468
mlt,sex_t,age_aggregate_y15_24,geo_cov_nat,2016,11.858
mlt,sex_t,age_aggregate_y15_24,geo_cov_nat,2017,12.19
mlt,sex_t,age_aggregate_y15_24,geo_cov_nat,2018,11.182
mlt,sex_t,age_aggregate_y15_24,geo_cov_nat,2019,11.713
mlt,sex_t,age_aggregate_y15_24,geo_cov_nat,2020,14.892
mlt,sex_t,age_aggregate_y15_24,geo_cov_nat,2021,12.315
mlt,sex_t,age_aggregate_y15_24,geo_cov_nat,2022,11.581
mlt,sex_t,age_aggregate_y15_24,geo_cov_nat,2023,11.743
mlt,sex_t,age_aggregate_y15_24,geo_cov_nat,2024,12.239
mlt,sex_t,age_aggregate_y15_24,geo_cov_rur,2006,22.292
mlt,sex_t,age_aggregate_y15_24,geo_cov_rur,2007,25.132
mlt,sex_t,age_aggregate_y15_24,geo_cov_rur,2009,12.904
mlt,sex_t,age_aggregate_y15_24,geo_cov_rur,2010,14.111
mlt,sex_t,age_aggregate_y15_24,geo_cov_rur,2011,7.935
mlt,sex_t,age_aggregate_y15_24,geo_cov_rur,2012,13.117
mlt,sex_t,age_aggregate_y15_24,geo_cov_rur,2013,10.247
mlt,sex_t,age_aggregate_y15_24,geo_cov_rur,2014,22.27
mlt,sex_t,age_aggregate_y15_24,geo_cov_rur,2015,11.702
mlt,sex_t,age_aggregate_y15_24,geo_cov_rur,2016,14.661
mlt,sex_t,age_aggregate_y15_24,geo_cov_rur,2017,11.692
mlt,sex_t,age_aggregate_y15_24,geo_cov_rur,2018,31.878
mlt,sex_t,age_aggregate_y15_24,geo_cov_urb,2006,16.322
mlt,sex_t,age_aggregate_y15_24,geo_cov_urb,2007,15.618
mlt,sex_t,age_aggregate_y15_24,geo_cov_urb,2008,12.863
mlt,sex_t,age_aggregate_y15_24,geo_cov_urb,2009,15.91
mlt,sex_t,age_aggregate_y15_24,geo_cov_urb,2010,15.048
mlt,sex_t,age_aggregate_y15_24,geo_cov_urb,2011,16.838
mlt,sex_t,age_aggregate_y15_24,geo_cov_urb,2012,17.278
mlt,sex_t,age_aggregate_y15_24,geo_cov_urb,2013,15.187
mlt,sex_t,age_aggregate_y15_24,geo_cov_urb,2014,12.948
mlt,sex_t,age_aggregate_y15_24,geo_cov_urb,2015,13.591
mlt,sex_t,age_aggregate_y15_24,geo_cov_urb,2016,11.688
mlt,sex_t,age_aggregate_y15_24,geo_cov_urb,2017,12.207
mlt,sex_t,age_aggregate_y15_24,geo_cov_urb,2018,10.239
mlt,sex_t,age_aggregate_y15_24,geo_cov_urb,2019,11.831
mlt,sex_t,age_aggregate_y15_24,geo_cov_urb,2020,15.182
mlt,sex_t,age_aggregate_y15_24,geo_cov_urb,2021,12.617
mlt,sex_t,age_aggregate_y15_24,geo_cov_urb,2022,11.794
mlt,sex_t,age_aggregate_y15_24,geo_cov_urb,2023,11.891
mlt,sex_t,age_aggregate_y15_24,geo_cov_urb,2024,12.462
mlt,sex_t,age_aggregate_y25_54,geo_cov_nat,2006,5.431
mlt,sex_t,age_aggregate_y25_54,geo_cov_nat,2007,6.814
mlt,sex_t,age_aggregate_y25_54,geo_cov_nat,2008,6.097
mlt,sex_t,age_aggregate_y25_54,geo_cov_nat,2009,6.268
mlt,sex_t,age_aggregate_y25_54,geo_cov_nat,2010,6.957
mlt,sex_t,age_aggregate_y25_54,geo_cov_nat,2011,7.166
mlt,sex_t,age_aggregate_y25_54,geo_cov_nat,2012,6.644
mlt,sex_t,age_aggregate_y25_54,geo_cov_nat,2013,6.222
mlt,sex_t,age_aggregate_y25_54,geo_cov_nat,2014,5.49
mlt,sex_t,age_aggregate_y25_54,geo_cov_nat,2015,5.08
mlt,sex_t,age_aggregate_y25_54,geo_cov_nat,2016,4.348
mlt,sex_t,age_aggregate_y25_54,geo_cov_nat,2017,3.677
mlt,sex_t,age_aggregate_y25_54,geo_cov_nat,2018,3.76
mlt,sex_t,age_aggregate_y25_54,geo_cov_nat,2019,4.323
mlt,sex_t,age_aggregate_y25_54,geo_cov_nat,2020,5.116
mlt,sex_t,age_aggregate_y25_54,geo_cov_nat,2021,3.39
mlt,sex_t,age_aggregate_y25_54,geo_cov_nat,2022,3.303
mlt,sex_t,age_aggregate_y25_54,geo_cov_nat,2023,3.426
mlt,sex_t,age_aggregate_y25_54,geo_cov_nat,2024,2.888
mlt,sex_t,age_aggregate_y25_54,geo_cov_rur,2007,10.334
mlt,sex_t,age_aggregate_y25_54,geo_cov_rur,2008,8.873
mlt,sex_t,age_aggregate_y25_54,geo_cov_rur,2009,7.357
mlt,sex_t,age_aggregate_y25_54,geo_cov_rur,2010,5.068
mlt,sex_t,age_aggregate_y25_54,geo_cov_rur,2011,7.147
mlt,sex_t,age_aggregate_y25_54,geo_cov_rur,2012,6.75
mlt,sex_t,age_aggregate_y25_54,geo_cov_rur,2013,6.293
mlt,sex_t,age_aggregate_y25_54,geo_cov_rur,2014,8.435
mlt,sex_t,age_aggregate_y25_54,geo_cov_rur,2015,7.648
mlt,sex_t,age_aggregate_y25_54,geo_cov_rur,2016,4.152
mlt,sex_t,age_aggregate_y25_54,geo_cov_rur,2018,1.809
mlt,sex_t,age_aggregate_y25_54,geo_cov_rur,2020,1.4
mlt,sex_t,age_aggregate_y25_54,geo_cov_urb,2006,5.454
mlt,sex_t,age_aggregate_y25_54,geo_cov_urb,2007,6.536
mlt,sex_t,age_aggregate_y25_54,geo_cov_urb,2008,5.874
mlt,sex_t,age_aggregate_y25_54,geo_cov_urb,2009,6.178
mlt,sex_t,age_aggregate_y25_54,geo_cov_urb,2010,7.109
mlt,sex_t,age_aggregate_y25_54,geo_cov_urb,2011,7.168
mlt,sex_t,age_aggregate_y25_54,geo_cov_urb,2012,6.636
mlt,sex_t,age_aggregate_y25_54,geo_cov_urb,2013,6.217
mlt,sex_t,age_aggregate_y25_54,geo_cov_urb,2014,5.273
mlt,sex_t,age_aggregate_y25_54,geo_cov_urb,2015,4.903
mlt,sex_t,age_aggregate_y25_54,geo_cov_urb,2016,4.362
mlt,sex_t,age_aggregate_y25_54,geo_cov_urb,2017,3.76
mlt,sex_t,age_aggregate_y25_54,geo_cov_urb,2018,3.82
mlt,sex_t,age_aggregate_y25_54,geo_cov_urb,2019,4.438
mlt,sex_t,age_aggregate_y25_54,geo_cov_urb,2020,5.229
mlt,sex_t,age_aggregate_y25_54,geo_cov_urb,2021,3.478
mlt,sex_t,age_aggregate_y25_54,geo_cov_urb,2022,3.102
mlt,sex_t,age_aggregate_y25_54,geo_cov_urb,2023,3.452
mlt,sex_t,age_aggregate_y25_54,geo_cov_urb,2024,2.964
mlt,sex_t,age_aggregate_y55_64,geo_cov_nat,2006,3.818
mlt,sex_t,age_aggregate_y55_64,geo_cov_nat,2007,5.826
mlt,sex_t,age_aggregate_y55_64,geo_cov_nat,2008,5.483
mlt,sex_t,age_aggregate_y55_64,geo_cov_nat,2009,7.102
mlt,sex_t,age_aggregate_y55_64,geo_cov_nat,2010,5.694
mlt,sex_t,age_aggregate_y55_64,geo_cov_nat,2011,6.522
mlt,sex_t,age_aggregate_y55_64,geo_cov_nat,2012,8.855
mlt,sex_t,age_aggregate_y55_64,geo_cov_nat,2013,8.407
mlt,sex_t,age_aggregate_y55_64,geo_cov_nat,2014,7.883
mlt,sex_t,age_aggregate_y55_64,geo_cov_nat,2015,7.066
mlt,sex_t,age_aggregate_y55_64,geo_cov_nat,2016,4.668
mlt,sex_t,age_aggregate_y55_64,geo_cov_nat,2017,3.327
mlt,sex_t,age_aggregate_y55_64,geo_cov_nat,2018,5.071
mlt,sex_t,age_aggregate_y55_64,geo_cov_nat,2019,4.24
mlt,sex_t,age_aggregate_y55_64,geo_cov_nat,2020,6.149
mlt,sex_t,age_aggregate_y55_64,geo_cov_nat,2021,4.795
mlt,sex_t,age_aggregate_y55_64,geo_cov_nat,2022,2.28
mlt,sex_t,age_aggregate_y55_64,geo_cov_nat,2023,2.718
mlt,sex_t,age_aggregate_y55_64,geo_cov_nat,2024,3.99
mlt,sex_t,age_aggregate_y55_64,geo_cov_rur,2009,10.268
mlt,sex_t,age_aggregate_y55_64,geo_cov_rur,2012,6.35
mlt,sex_t,age_aggregate_y55_64,geo_cov_rur,2013,5.057
mlt,sex_t,age_aggregate_y55_64,geo_cov_rur,2015,4.996
mlt,sex_t,age_aggregate_y55_64,geo_cov_rur,2016,3.49
mlt,sex_t,age_aggregate_y55_64,geo_cov_urb,2006,4.052
mlt,sex_t,age_aggregate_y55_64,geo_cov_urb,2007,5.972
mlt,sex_t,age_aggregate_y55_64,geo_cov_urb,2008,5.182
mlt,sex_t,age_aggregate_y55_64,geo_cov_urb,2009,6.972
mlt,sex_t,age_aggregate_y55_64,geo_cov_urb,2010,5.704
mlt,sex_t,age_aggregate_y55_64,geo_cov_urb,2011,6.475
mlt,sex_t,age_aggregate_y55_64,geo_cov_urb,2012,9.028
mlt,sex_t,age_aggregate_y55_64,geo_cov_urb,2013,8.648
mlt,sex_t,age_aggregate_y55_64,geo_cov_urb,2014,8.312
mlt,sex_t,age_aggregate_y55_64,geo_cov_urb,2015,7.221
mlt,sex_t,age_aggregate_y55_64,geo_cov_urb,2016,4.753
mlt,sex_t,age_aggregate_y55_64,geo_cov_urb,2017,3.405
mlt,sex_t,age_aggregate_y55_64,geo_cov_urb,2018,5.147
mlt,sex_t,age_aggregate_y55_64,geo_cov_urb,2019,4.261
mlt,sex_t,age_aggregate_y55_64,geo_cov_urb,2020,6.197
mlt,sex_t,age_aggregate_y55_64,geo_cov_urb,2021,4.616
mlt,sex_t,age_aggregate_y55_64,geo_cov_urb,2022,2.38
mlt,sex_t,age_aggregate_y55_64,geo_cov_urb,2023,2.422
mlt,sex_t,age_aggregate_y55_64,geo_cov_urb,2024,4.181
mlt,sex_t,age_aggregate_yge65,geo_cov_nat,2009,7.837
mlt,sex_t,age_aggregate_yge65,geo_cov_nat,2010,5.447
mlt,sex_t,age_aggregate_yge65,geo_cov_nat,2011,8.263
mlt,sex_t,age_aggregate_yge65,geo_cov_nat,2012,13.868
mlt,sex_t,age_aggregate_yge65,geo_cov_nat,2013,15.305
mlt,sex_t,age_aggregate_yge65,geo_cov_nat,2014,10.336
mlt,sex_t,age_aggregate_yge65,geo_cov_nat,2015,9.57
mlt,sex_t,age_aggregate_yge65,geo_cov_nat,2016,9.564
mlt,sex_t,age_aggregate_yge65,geo_cov_nat,2017,5.745
mlt,sex_t,age_aggregate_yge65,geo_cov_nat,2018,8.596
mlt,sex_t,age_aggregate_yge65,geo_cov_nat,2019,9.985
mlt,sex_t,age_aggregate_yge65,geo_cov_nat,2020,8.066
mlt,sex_t,age_aggregate_yge65,geo_cov_nat,2021,3.693
mlt,sex_t,age_aggregate_yge65,geo_cov_nat,2022,5.729
mlt,sex_t,age_aggregate_yge65,geo_cov_nat,2023,2.813
mlt,sex_t,age_aggregate_yge65,geo_cov_nat,2024,4.473
mlt,sex_t,age_aggregate_yge65,geo_cov_urb,2010,5.743
mlt,sex_t,age_aggregate_yge65,geo_cov_urb,2011,8.596
mlt,sex_t,age_aggregate_yge65,geo_cov_urb,2012,14.441
mlt,sex_t,age_aggregate_yge65,geo_cov_urb,2013,15.895
mlt,sex_t,age_aggregate_yge65,geo_cov_urb,2014,10.861
mlt,sex_t,age_aggregate_yge65,geo_cov_urb,2015,9.716
mlt,sex_t,age_aggregate_yge65,geo_cov_urb,2016,10.531
mlt,sex_t,age_aggregate_yge65,geo_cov_urb,2017,5.936
mlt,sex_t,age_aggregate_yge65,geo_cov_urb,2018,8.312
mlt,sex_t,age_aggregate_yge65,geo_cov_urb,2019,9.934
mlt,sex_t,age_aggregate_yge65,geo_cov_urb,2020,8.21
mlt,sex_t,age_aggregate_yge65,geo_cov_urb,2021,3.711
mlt,sex_t,age_aggregate_yge65,geo_cov_urb,2022,5.418
mlt,sex_t,age_aggregate_yge65,geo_cov_urb,2023,2.879
mlt,sex_t,age_aggregate_yge65,geo_cov_urb,2024,4.554
mlt,sex_t,age_ythadult_y15_24,geo_cov_nat,2006,16.758
mlt,sex_t,age_ythadult_y15_24,geo_cov_nat,2007,16.324
mlt,sex_t,age_ythadult_y15_24,geo_cov_nat,2008,12.877
mlt,sex_t,age_ythadult_y15_24,geo_cov_nat,2009,15.703
mlt,sex_t,age_ythadult_y15_24,geo_cov_nat,2010,14.985
mlt,sex_t,age_ythadult_y15_24,geo_cov_nat,2011,16.193
mlt,sex_t,age_ythadult_y15_24,geo_cov_nat,2012,17.062
mlt,sex_t,age_ythadult_y15_24,geo_cov_nat,2013,14.895
mlt,sex_t,age_ythadult_y15_24,geo_cov_nat,2014,13.567
mlt,sex_t,age_ythadult_y15_24,geo_cov_nat,2015,13.468
mlt,sex_t,age_ythadult_y15_24,geo_cov_nat,2016,11.858
mlt,sex_t,age_ythadult_y15_24,geo_cov_nat,2017,12.19
mlt,sex_t,age_ythadult_y15_24,geo_cov_nat,2018,11.182
mlt,sex_t,age_ythadult_y15_24,geo_cov_nat,2019,11.713
mlt,sex_t,age_ythadult_y15_24,geo_cov_nat,2020,14.892
mlt,sex_t,age_ythadult_y15_24,geo_cov_nat,2021,12.315
mlt,sex_t,age_ythadult_y15_24,geo_cov_nat,2022,11.581
mlt,sex_t,age_ythadult_y15_24,geo_cov_nat,2023,11.743
mlt,sex_t,age_ythadult_y15_24,geo_cov_nat,2024,12.239
mlt,sex_t,age_ythadult_y15_24,geo_cov_rur,2006,22.292
mlt,sex_t,age_ythadult_y15_24,geo_cov_rur,2007,25.132
mlt,sex_t,age_ythadult_y15_24,geo_cov_rur,2009,12.904
mlt,sex_t,age_ythadult_y15_24,geo_cov_rur,2010,14.111
mlt,sex_t,age_ythadult_y15_24,geo_cov_rur,2011,7.935
mlt,sex_t,age_ythadult_y15_24,geo_cov_rur,2012,13.117
mlt,sex_t,age_ythadult_y15_24,geo_cov_rur,2013,10.247
mlt,sex_t,age_ythadult_y15_24,geo_cov_rur,2014,22.27
mlt,sex_t,age_ythadult_y15_24,geo_cov_rur,2015,11.702
mlt,sex_t,age_ythadult_y15_24,geo_cov_rur,2016,14.661
mlt,sex_t,age_ythadult_y15_24,geo_cov_rur,2017,11.692
mlt,sex_t,age_ythadult_y15_24,geo_cov_rur,2018,31.878
mlt,sex_t,age_ythadult_y15_24,geo_cov_urb,2006,16.322
mlt,sex_t,age_ythadult_y15_24,geo_cov_urb,2007,15.618
mlt,sex_t,age_ythadult_y15_24,geo_cov_urb,2008,12.863
mlt,sex_t,age_ythadult_y15_24,geo_cov_urb,2009,15.91
mlt,sex_t,age_ythadult_y15_24,geo_cov_urb,2010,15.048
mlt,sex_t,age_ythadult_y15_24,geo_cov_urb,2011,16.838
mlt,sex_t,age_ythadult_y15_24,geo_cov_urb,2012,17.278
mlt,sex_t,age_ythadult_y15_24,geo_cov_urb,2013,15.187
mlt,sex_t,age_ythadult_y15_24,geo_cov_urb,2014,12.948
mlt,sex_t,age_ythadult_y15_24,geo_cov_urb,2015,13.591
mlt,sex_t,age_ythadult_y15_24,geo_cov_urb,2016,11.688
mlt,sex_t,age_ythadult_y15_24,geo_cov_urb,2017,12.207
mlt,sex_t,age_ythadult_y15_24,geo_cov_urb,2018,10.239
mlt,sex_t,age_ythadult_y15_24,geo_cov_urb,2019,11.831
mlt,sex_t,age_ythadult_y15_24,geo_cov_urb,2020,15.182
mlt,sex_t,age_ythadult_y15_24,geo_cov_urb,2021,12.617
mlt,sex_t,age_ythadult_y15_24,geo_cov_urb,2022,11.794
mlt,sex_t,age_ythadult_y15_24,geo_cov_urb,2023,11.891
mlt,sex_t,age_ythadult_y15_24,geo_cov_urb,2024,12.462
mlt,sex_t,age_ythadult_y15_64,geo_cov_nat,2006,7.426
mlt,sex_t,age_ythadult_y15_64,geo_cov_nat,2007,8.502
mlt,sex_t,age_ythadult_y15_64,geo_cov_nat,2008,7.235
mlt,sex_t,age_ythadult_y15_64,geo_cov_nat,2009,7.984
mlt,sex_t,age_ythadult_y15_64,geo_cov_nat,2010,8.155
mlt,sex_t,age_ythadult_y15_64,geo_cov_nat,2011,8.58
mlt,sex_t,age_ythadult_y15_64,geo_cov_nat,2012,8.557
mlt,sex_t,age_ythadult_y15_64,geo_cov_nat,2013,7.835
mlt,sex_t,age_ythadult_y15_64,geo_cov_nat,2014,6.983
mlt,sex_t,age_ythadult_y15_64,geo_cov_nat,2015,6.499
mlt,sex_t,age_ythadult_y15_64,geo_cov_nat,2016,5.373
mlt,sex_t,age_ythadult_y15_64,geo_cov_nat,2017,4.71
mlt,sex_t,age_ythadult_y15_64,geo_cov_nat,2018,4.836
mlt,sex_t,age_ythadult_y15_64,geo_cov_nat,2019,5.171
mlt,sex_t,age_ythadult_y15_64,geo_cov_nat,2020,6.304
mlt,sex_t,age_ythadult_y15_64,geo_cov_nat,2021,4.46
mlt,sex_t,age_ythadult_y15_64,geo_cov_nat,2022,4.043
mlt,sex_t,age_ythadult_y15_64,geo_cov_nat,2023,4.165
mlt,sex_t,age_ythadult_y15_64,geo_cov_nat,2024,3.899
mlt,sex_t,age_ythadult_y15_64,geo_cov_rur,2006,8.239
mlt,sex_t,age_ythadult_y15_64,geo_cov_rur,2007,12.759
mlt,sex_t,age_ythadult_y15_64,geo_cov_rur,2008,9.915
mlt,sex_t,age_ythadult_y15_64,geo_cov_rur,2010,6.562
mlt,sex_t,age_ythadult_y15_64,geo_cov_rur,2012,7.487
mlt,sex_t,age_ythadult_y15_64,geo_cov_urb,2006,7.368
mlt,sex_t,age_ythadult_y15_64,geo_cov_urb,2007,8.179
mlt,sex_t,age_ythadult_y15_64,geo_cov_urb,2008,7.029
mlt,sex_t,age_ythadult_y15_64,geo_cov_urb,2009,7.948
mlt,sex_t,age_ythadult_y15_64,geo_cov_urb,2010,8.272
mlt,sex_t,age_ythadult_y15_64,geo_cov_urb,2011,8.678
mlt,sex_t,age_ythadult_y15_64,geo_cov_urb,2012,8.633
mlt,sex_t,age_ythadult_y15_64,geo_cov_urb,2013,7.92
mlt,sex_t,age_ythadult_y15_64,geo_cov_urb,2014,6.79
mlt,sex_t,age_ythadult_y15_64,geo_cov_urb,2015,6.406
mlt,sex_t,age_ythadult_y15_64,geo_cov_urb,2016,5.378
mlt,sex_t,age_ythadult_y15_64,geo_cov_urb,2017,4.78
mlt,sex_t,age_ythadult_y15_64,geo_cov_urb,2018,4.766
mlt,sex_t,age_ythadult_y15_64,geo_cov_urb,2019,5.279
mlt,sex_t,age_ythadult_y15_64,geo_cov_urb,2020,6.432
mlt,sex_t,age_ythadult_y15_64,geo_cov_urb,2021,4.523
mlt,sex_t,age_ythadult_y15_64,geo_cov_urb,2022,3.928
mlt,sex_t,age_ythadult_y15_64,geo_cov_urb,2023,4.171
mlt,sex_t,age_ythadult_y15_64,geo_cov_urb,2024,3.998
mlt,sex_t,age_ythadult_yge15,geo_cov_nat,2006,7.502
mlt,sex_t,age_ythadult_yge15,geo_cov_nat,2007,8.56
mlt,sex_t,age_ythadult_yge15,geo_cov_nat,2008,7.24
mlt,sex_t,age_ythadult_yge15,geo_cov_nat,2009,7.983
mlt,sex_t,age_ythadult_yge15,geo_cov_nat,2010,8.125
mlt,sex_t,age_ythadult_yge15,geo_cov_nat,2011,8.577
mlt,sex_t,age_ythadult_yge15,geo_cov_nat,2012,8.633
mlt,sex_t,age_ythadult_yge15,geo_cov_nat,2013,7.958
mlt,sex_t,age_ythadult_yge15,geo_cov_nat,2014,7.048
mlt,sex_t,age_ythadult_yge15,geo_cov_nat,2015,6.556
mlt,sex_t,age_ythadult_yge15,geo_cov_nat,2016,5.44
mlt,sex_t,age_ythadult_yge15,geo_cov_nat,2017,4.726
mlt,sex_t,age_ythadult_yge15,geo_cov_nat,2018,4.895
mlt,sex_t,age_ythadult_yge15,geo_cov_nat,2019,5.256
mlt,sex_t,age_ythadult_yge15,geo_cov_nat,2020,6.335
mlt,sex_t,age_ythadult_yge15,geo_cov_nat,2021,4.445
mlt,sex_t,age_ythadult_yge15,geo_cov_nat,2022,4.08
mlt,sex_t,age_ythadult_yge15,geo_cov_nat,2023,4.139
mlt,sex_t,age_ythadult_yge15,geo_cov_nat,2024,3.91
mlt,sex_t,age_ythadult_yge15,geo_cov_rur,2006,8.169
mlt,sex_t,age_ythadult_yge15,geo_cov_rur,2007,12.871
mlt,sex_t,age_ythadult_yge15,geo_cov_rur,2008,9.882
mlt,sex_t,age_ythadult_yge15,geo_cov_rur,2009,8.851
mlt,sex_t,age_ythadult_yge15,geo_cov_rur,2010,6.509
mlt,sex_t,age_ythadult_yge15,geo_cov_rur,2011,7.247
mlt,sex_t,age_ythadult_yge15,geo_cov_rur,2012,7.422
mlt,sex_t,age_ythadult_yge15,geo_cov_rur,2013,6.614
mlt,sex_t,age_ythadult_yge15,geo_cov_rur,2014,9.47
mlt,sex_t,age_ythadult_yge15,geo_cov_rur,2015,7.82
mlt,sex_t,age_ythadult_yge15,geo_cov_rur,2016,5.203
mlt,sex_t,age_ythadult_yge15,geo_cov_rur,2017,2.463
mlt,sex_t,age_ythadult_yge15,geo_cov_rur,2018,7.179
mlt,sex_t,age_ythadult_yge15,geo_cov_rur,2019,1.838
mlt,sex_t,age_ythadult_yge15,geo_cov_rur,2020,2.038
mlt,sex_t,age_ythadult_yge15,geo_cov_rur,2022,8.357
mlt,sex_t,age_ythadult_yge15,geo_cov_urb,2006,7.454
mlt,sex_t,age_ythadult_yge15,geo_cov_urb,2007,8.231
mlt,sex_t,age_ythadult_yge15,geo_cov_urb,2008,7.037
mlt,sex_t,age_ythadult_yge15,geo_cov_urb,2009,7.916
mlt,sex_t,age_ythadult_yge15,geo_cov_urb,2010,8.244
mlt,sex_t,age_ythadult_yge15,geo_cov_urb,2011,8.677
mlt,sex_t,age_ythadult_yge15,geo_cov_urb,2012,8.719
mlt,sex_t,age_ythadult_yge15,geo_cov_urb,2013,8.055
mlt,sex_t,age_ythadult_yge15,geo_cov_urb,2014,6.87
mlt,sex_t,age_ythadult_yge15,geo_cov_urb,2015,6.468
mlt,sex_t,age_ythadult_yge15,geo_cov_urb,2016,5.457
mlt,sex_t,age_ythadult_yge15,geo_cov_urb,2017,4.798
mlt,sex_t,age_ythadult_yge15,geo_cov_urb,2018,4.821
mlt,sex_t,age_ythadult_yge15,geo_cov_urb,2019,5.362
mlt,sex_t,age_ythadult_yge15,geo_cov_urb,2020,6.462
mlt,sex_t,age_ythadult_yge15,geo_cov_urb,2021,4.507
mlt,sex_t,age_ythadult_yge15,geo_cov_urb,2022,3.961
mlt,sex_t,age_ythadult_yge15,geo_cov_urb,2023,4.146
mlt,sex_t,age_ythadult_yge15,geo_cov_urb,2024,4.009
mlt,sex_t,age_ythadult_yge25,geo_cov_nat,2006,5.335
mlt,sex_t,age_ythadult_yge25,geo_cov_nat,2007,6.772
mlt,sex_t,age_ythadult_yge25,geo_cov_nat,2008,6.03
mlt,sex_t,age_ythadult_yge25,geo_cov_nat,2009,6.391
mlt,sex_t,age_ythadult_yge25,geo_cov_nat,2010,6.766
mlt,sex_t,age_ythadult_yge25,geo_cov_nat,2011,7.092
mlt,sex_t,age_ythadult_yge25,geo_cov_nat,2012,7.079
mlt,sex_t,age_ythadult_yge25,geo_cov_nat,2013,6.71
mlt,sex_t,age_ythadult_yge25,geo_cov_nat,2014,5.946
mlt,sex_t,age_ythadult_yge25,geo_cov_nat,2015,5.469
mlt,sex_t,age_ythadult_yge25,geo_cov_nat,2016,4.493
mlt,sex_t,age_ythadult_yge25,geo_cov_nat,2017,3.663
mlt,sex_t,age_ythadult_yge25,geo_cov_nat,2018,4.038
mlt,sex_t,age_ythadult_yge25,geo_cov_nat,2019,4.425
mlt,sex_t,age_ythadult_yge25,geo_cov_nat,2020,5.315
mlt,sex_t,age_ythadult_yge25,geo_cov_nat,2021,3.577
mlt,sex_t,age_ythadult_yge25,geo_cov_nat,2022,3.237
mlt,sex_t,age_ythadult_yge25,geo_cov_nat,2023,3.329
mlt,sex_t,age_ythadult_yge25,geo_cov_nat,2024,3.05
mlt,sex_t,age_ythadult_yge25,geo_cov_rur,2007,9.88
mlt,sex_t,age_ythadult_yge25,geo_cov_rur,2008,9.122
mlt,sex_t,age_ythadult_yge25,geo_cov_rur,2009,8.048
mlt,sex_t,age_ythadult_yge25,geo_cov_rur,2010,5.042
mlt,sex_t,age_ythadult_yge25,geo_cov_rur,2011,7.108
mlt,sex_t,age_ythadult_yge25,geo_cov_rur,2012,6.631
mlt,sex_t,age_ythadult_yge25,geo_cov_rur,2013,6.055
mlt,sex_t,age_ythadult_yge25,geo_cov_rur,2014,7.375
mlt,sex_t,age_ythadult_yge25,geo_cov_rur,2015,7.209
mlt,sex_t,age_ythadult_yge25,geo_cov_rur,2016,3.978
mlt,sex_t,age_ythadult_yge25,geo_cov_rur,2018,2.21
mlt,sex_t,age_ythadult_yge25,geo_cov_rur,2019,1.323
mlt,sex_t,age_ythadult_yge25,geo_cov_rur,2020,1.847
mlt,sex_t,age_ythadult_yge25,geo_cov_rur,2022,8.964
mlt,sex_t,age_ythadult_yge25,geo_cov_urb,2006,5.395
mlt,sex_t,age_ythadult_yge25,geo_cov_urb,2007,6.538
mlt,sex_t,age_ythadult_yge25,geo_cov_urb,2008,5.799
mlt,sex_t,age_ythadult_yge25,geo_cov_urb,2009,6.263
mlt,sex_t,age_ythadult_yge25,geo_cov_urb,2010,6.894
mlt,sex_t,age_ythadult_yge25,geo_cov_urb,2011,7.091
mlt,sex_t,age_ythadult_yge25,geo_cov_urb,2012,7.112
mlt,sex_t,age_ythadult_yge25,geo_cov_urb,2013,6.759
mlt,sex_t,age_ythadult_yge25,geo_cov_urb,2014,5.841
mlt,sex_t,age_ythadult_yge25,geo_cov_urb,2015,5.348
mlt,sex_t,age_ythadult_yge25,geo_cov_urb,2016,4.529
mlt,sex_t,age_ythadult_yge25,geo_cov_urb,2017,3.746
mlt,sex_t,age_ythadult_yge25,geo_cov_urb,2018,4.093
mlt,sex_t,age_ythadult_yge25,geo_cov_urb,2019,4.524
mlt,sex_t,age_ythadult_yge25,geo_cov_urb,2020,5.419
mlt,sex_t,age_ythadult_yge25,geo_cov_urb,2021,3.627
mlt,sex_t,age_ythadult_yge25,geo_cov_urb,2022,3.071
mlt,sex_t,age_ythadult_yge25,geo_cov_urb,2023,3.319
mlt,sex_t,age_ythadult_yge25,geo_cov_urb,2024,3.138
mmr,sex_f,age_aggregate_total,geo_cov_nat,2015,2.425
mmr,sex_f,age_aggregate_total,geo_cov_nat,2017,2.314
mmr,sex_f,age_aggregate_total,geo_cov_nat,2018,1.716
mmr,sex_f,age_aggregate_total,geo_cov_nat,2019,0.954
mmr,sex_f,age_aggregate_total,geo_cov_nat,2020,3.178
mmr,sex_f,age_aggregate_total,geo_cov_rur,2015,1.986
mmr,sex_f,age_aggregate_total,geo_cov_rur,2017,1.958
mmr,sex_f,age_aggregate_total,geo_cov_rur,2018,1.628
mmr,sex_f,age_aggregate_total,geo_cov_rur,2019,0.702
mmr,sex_f,age_aggregate_total,geo_cov_rur,2020,3.345
mmr,sex_f,age_aggregate_total,geo_cov_urb,2015,3.53
mmr,sex_f,age_aggregate_total,geo_cov_urb,2017,3.184
mmr,sex_f,age_aggregate_total,geo_cov_urb,2018,1.939
mmr,sex_f,age_aggregate_total,geo_cov_urb,2019,1.555
mmr,sex_f,age_aggregate_total,geo_cov_urb,2020,2.795
mmr,sex_f,age_aggregate_y15_24,geo_cov_nat,2015,4.196
mmr,sex_f,age_aggregate_y15_24,geo_cov_nat,2017,5.256
mmr,sex_f,age_aggregate_y15_24,geo_cov_nat,2018,3.507
mmr,sex_f,age_aggregate_y15_24,geo_cov_nat,2019,2.436
mmr,sex_f,age_aggregate_y15_24,geo_cov_nat,2020,7.635
mmr,sex_f,age_aggregate_y15_24,geo_cov_rur,2015,3.293
mmr,sex_f,age_aggregate_y15_24,geo_cov_rur,2017,4.154
mmr,sex_f,age_aggregate_y15_24,geo_cov_rur,2018,3.036
mmr,sex_f,age_aggregate_y15_24,geo_cov_rur,2019,1.897
mmr,sex_f,age_aggregate_y15_24,geo_cov_rur,2020,8.214
mmr,sex_f,age_aggregate_y15_24,geo_cov_urb,2015,6.682
mmr,sex_f,age_aggregate_y15_24,geo_cov_urb,2017,8.303
mmr,sex_f,age_aggregate_y15_24,geo_cov_urb,2018,4.908
mmr,sex_f,age_aggregate_y15_24,geo_cov_urb,2019,4.143
mmr,sex_f,age_aggregate_y15_24,geo_cov_urb,2020,6.093
mmr,sex_f,age_aggregate_y25_54,geo_cov_nat,2015,1.921
mmr,sex_f,age_aggregate_y25_54,geo_cov_nat,2017,1.583
mmr,sex_f,age_aggregate_y25_54,geo_cov_nat,2018,1.352
mmr,sex_f,age_aggregate_y25_54,geo_cov_nat,2019,0.586
mmr,sex_f,age_aggregate_y25_54,geo_cov_nat,2020,2.205
mmr,sex_f,age_aggregate_y25_54,geo_cov_rur,2015,1.56
mmr,sex_f,age_aggregate_y25_54,geo_cov_rur,2017,1.392
mmr,sex_f,age_aggregate_y25_54,geo_cov_rur,2018,1.327
mmr,sex_f,age_aggregate_y25_54,geo_cov_rur,2019,0.404
mmr,sex_f,age_aggregate_y25_54,geo_cov_rur,2020,2.182
mmr,sex_f,age_aggregate_y25_54,geo_cov_urb,2015,2.8
mmr,sex_f,age_aggregate_y25_54,geo_cov_urb,2017,2.037
mmr,sex_f,age_aggregate_y25_54,geo_cov_urb,2018,1.411
mmr,sex_f,age_aggregate_y25_54,geo_cov_urb,2019,0.99
mmr,sex_f,age_aggregate_y25_54,geo_cov_urb,2020,2.256
mmr,sex_f,age_aggregate_y55_64,geo_cov_nat,2015,1.513
mmr,sex_f,age_aggregate_y55_64,geo_cov_nat,2017,1.309
mmr,sex_f,age_aggregate_y55_64,geo_cov_nat,2018,0.539
mmr,sex_f,age_aggregate_y55_64,geo_cov_nat,2019,0.612
mmr,sex_f,age_aggregate_y55_64,geo_cov_nat,2020,1.569
mmr,sex_f,age_aggregate_y55_64,geo_cov_rur,2015,1.623
mmr,sex_f,age_aggregate_y55_64,geo_cov_rur,2017,1.182
mmr,sex_f,age_aggregate_y55_64,geo_cov_rur,2018,0.551
mmr,sex_f,age_aggregate_y55_64,geo_cov_rur,2019,0.249
mmr,sex_f,age_aggregate_y55_64,geo_cov_rur,2020,1.795
mmr,sex_f,age_aggregate_y55_64,geo_cov_urb,2015,1.249
mmr,sex_f,age_aggregate_y55_64,geo_cov_urb,2017,1.595
mmr,sex_f,age_aggregate_y55_64,geo_cov_urb,2018,0.507
mmr,sex_f,age_aggregate_y55_64,geo_cov_urb,2019,1.398
mmr,sex_f,age_ythadult_y15_24,geo_cov_nat,2015,4.196
mmr,sex_f,age_ythadult_y15_24,geo_cov_nat,2017,5.256
mmr,sex_f,age_ythadult_y15_24,geo_cov_nat,2018,3.507
mmr,sex_f,age_ythadult_y15_24,geo_cov_nat,2019,2.436
mmr,sex_f,age_ythadult_y15_24,geo_cov_nat,2020,7.635
mmr,sex_f,age_ythadult_y15_24,geo_cov_rur,2015,3.293
mmr,sex_f,age_ythadult_y15_24,geo_cov_rur,2017,4.154
mmr,sex_f,age_ythadult_y15_24,geo_cov_rur,2018,3.036
mmr,sex_f,age_ythadult_y15_24,geo_cov_rur,2019,1.897
mmr,sex_f,age_ythadult_y15_24,geo_cov_rur,2020,8.214
mmr,sex_f,age_ythadult_y15_24,geo_cov_urb,2015,6.682
mmr,sex_f,age_ythadult_y15_24,geo_cov_urb,2017,8.303
mmr,sex_f,age_ythadult_y15_24,geo_cov_urb,2018,4.908
mmr,sex_f,age_ythadult_y15_24,geo_cov_urb,2019,4.143
mmr,sex_f,age_ythadult_y15_24,geo_cov_urb,2020,6.093
mmr,sex_f,age_ythadult_y15_64,geo_cov_nat,2015,2.455
mmr,sex_f,age_ythadult_y15_64,geo_cov_nat,2017,2.346
mmr,sex_f,age_ythadult_y15_64,geo_cov_nat,2018,1.725
mmr,sex_f,age_ythadult_y15_64,geo_cov_nat,2019,0.957
mmr,sex_f,age_ythadult_y15_64,geo_cov_nat,2020,3.224
mmr,sex_f,age_ythadult_y15_64,geo_cov_rur,2015,2.005
mmr,sex_f,age_ythadult_y15_64,geo_cov_rur,2017,1.986
mmr,sex_f,age_ythadult_y15_64,geo_cov_rur,2018,1.626
mmr,sex_f,age_ythadult_y15_64,geo_cov_rur,2019,0.713
mmr,sex_f,age_ythadult_y15_64,geo_cov_rur,2020,3.394
mmr,sex_f,age_ythadult_y15_64,geo_cov_urb,2015,3.582
mmr,sex_f,age_ythadult_y15_64,geo_cov_urb,2017,3.224
mmr,sex_f,age_ythadult_y15_64,geo_cov_urb,2018,1.976
mmr,sex_f,age_ythadult_y15_64,geo_cov_urb,2019,1.535
mmr,sex_f,age_ythadult_y15_64,geo_cov_urb,2020,2.835
mmr,sex_f,age_ythadult_yge15,geo_cov_nat,2015,2.425
mmr,sex_f,age_ythadult_yge15,geo_cov_nat,2017,2.314
mmr,sex_f,age_ythadult_yge15,geo_cov_nat,2018,1.716
mmr,sex_f,age_ythadult_yge15,geo_cov_nat,2019,0.954
mmr,sex_f,age_ythadult_yge15,geo_cov_nat,2020,3.178
mmr,sex_f,age_ythadult_yge15,geo_cov_rur,2015,1.986
mmr,sex_f,age_ythadult_yge15,geo_cov_rur,2017,1.958
mmr,sex_f,age_ythadult_yge15,geo_cov_rur,2018,1.628
mmr,sex_f,age_ythadult_yge15,geo_cov_rur,2019,0.702
mmr,sex_f,age_ythadult_yge15,geo_cov_rur,2020,3.345
mmr,sex_f,age_ythadult_yge15,geo_cov_urb,2015,3.53
mmr,sex_f,age_ythadult_yge15,geo_cov_urb,2017,3.184
mmr,sex_f,age_ythadult_yge15,geo_cov_urb,2018,1.939
mmr,sex_f,age_ythadult_yge15,geo_cov_urb,2019,1.555
mmr,sex_f,age_ythadult_yge15,geo_cov_urb,2020,2.795
mmr,sex_f,age_ythadult_yge25,geo_cov_nat,2015,1.854
mmr,sex_f,age_ythadult_yge25,geo_cov_nat,2017,1.53
mmr,sex_f,age_ythadult_yge25,geo_cov_nat,2018,1.267
mmr,sex_f,age_ythadult_yge25,geo_cov_nat,2019,0.593
mmr,sex_f,age_ythadult_yge25,geo_cov_nat,2020,2.104
mmr,sex_f,age_ythadult_yge25,geo_cov_rur,2015,1.551
mmr,sex_f,age_ythadult_yge25,geo_cov_rur,2017,1.347
mmr,sex_f,age_ythadult_yge25,geo_cov_rur,2018,1.256
mmr,sex_f,age_ythadult_yge25,geo_cov_rur,2019,0.381
mmr,sex_f,age_ythadult_yge25,geo_cov_rur,2020,2.107
mmr,sex_f,age_ythadult_yge25,geo_cov_urb,2015,2.597
mmr,sex_f,age_ythadult_yge25,geo_cov_urb,2017,1.964
mmr,sex_f,age_ythadult_yge25,geo_cov_urb,2018,1.293
mmr,sex_f,age_ythadult_yge25,geo_cov_urb,2019,1.064
mmr,sex_f,age_ythadult_yge25,geo_cov_urb,2020,2.097
mmr,sex_m,age_aggregate_total,geo_cov_nat,2015,1.151
mmr,sex_m,age_aggregate_total,geo_cov_nat,2017,1.203
mmr,sex_m,age_aggregate_total,geo_cov_nat,2018,0.837
mmr,sex_m,age_aggregate_total,geo_cov_nat,2019,0.583
mmr,sex_m,age_aggregate_total,geo_cov_nat,2020,1.236
mmr,sex_m,age_aggregate_total,geo_cov_rur,2015,0.909
mmr,sex_m,age_aggregate_total,geo_cov_rur,2017,0.982
mmr,sex_m,age_aggregate_total,geo_cov_rur,2018,0.573
mmr,sex_m,age_aggregate_total,geo_cov_rur,2019,0.472
mmr,sex_m,age_aggregate_total,geo_cov_rur,2020,1.162
mmr,sex_m,age_aggregate_total,geo_cov_urb,2015,1.752
mmr,sex_m,age_aggregate_total,geo_cov_urb,2017,1.801
mmr,sex_m,age_aggregate_total,geo_cov_urb,2018,1.54
mmr,sex_m,age_aggregate_total,geo_cov_urb,2019,0.875
mmr,sex_m,age_aggregate_total,geo_cov_urb,2020,1.42
mmr,sex_m,age_aggregate_y15_24,geo_cov_nat,2015,2.385
mmr,sex_m,age_aggregate_y15_24,geo_cov_nat,2017,3.236
mmr,sex_m,age_aggregate_y15_24,geo_cov_nat,2018,2.256
mmr,sex_m,age_aggregate_y15_24,geo_cov_nat,2019,1.833
mmr,sex_m,age_aggregate_y15_24,geo_cov_nat,2020,4.861
mmr,sex_m,age_aggregate_y15_24,geo_cov_rur,2015,1.668
mmr,sex_m,age_aggregate_y15_24,geo_cov_rur,2017,2.491
mmr,sex_m,age_aggregate_y15_24,geo_cov_rur,2018,1.369
mmr,sex_m,age_aggregate_y15_24,geo_cov_rur,2019,1.509
mmr,sex_m,age_aggregate_y15_24,geo_cov_rur,2020,4.72
mmr,sex_m,age_aggregate_y15_24,geo_cov_urb,2015,4.278
mmr,sex_m,age_aggregate_y15_24,geo_cov_urb,2017,5.814
mmr,sex_m,age_aggregate_y15_24,geo_cov_urb,2018,5.152
mmr,sex_m,age_aggregate_y15_24,geo_cov_urb,2019,2.978
mmr,sex_m,age_aggregate_y15_24,geo_cov_urb,2020,5.251
mmr,sex_m,age_aggregate_y25_54,geo_cov_nat,2015,0.815
mmr,sex_m,age_aggregate_y25_54,geo_cov_nat,2017,0.74
mmr,sex_m,age_aggregate_y25_54,geo_cov_nat,2018,0.592
mmr,sex_m,age_aggregate_y25_54,geo_cov_nat,2019,0.32
mmr,sex_m,age_aggregate_y25_54,geo_cov_nat,2020,0.478
mmr,sex_m,age_aggregate_y25_54,geo_cov_rur,2015,0.658
mmr,sex_m,age_aggregate_y25_54,geo_cov_rur,2017,0.566
mmr,sex_m,age_aggregate_y25_54,geo_cov_rur,2018,0.422
mmr,sex_m,age_aggregate_y25_54,geo_cov_rur,2019,0.232
mmr,sex_m,age_aggregate_y25_54,geo_cov_rur,2020,0.347
mmr,sex_m,age_aggregate_y25_54,geo_cov_urb,2015,1.19
mmr,sex_m,age_aggregate_y25_54,geo_cov_urb,2017,1.176
mmr,sex_m,age_aggregate_y25_54,geo_cov_urb,2018,1.016
mmr,sex_m,age_aggregate_y25_54,geo_cov_urb,2019,0.534
mmr,sex_m,age_aggregate_y25_54,geo_cov_urb,2020,0.793
mmr,sex_m,age_aggregate_y55_64,geo_cov_nat,2015,0.927
mmr,sex_m,age_aggregate_y55_64,geo_cov_nat,2017,0.633
mmr,sex_m,age_aggregate_y55_64,geo_cov_nat,2018,0.148
mmr,sex_m,age_aggregate_y55_64,geo_cov_nat,2019,0.314
mmr,sex_m,age_aggregate_y55_64,geo_cov_nat,2020,0.663
mmr,sex_m,age_aggregate_y55_64,geo_cov_rur,2015,1.025
mmr,sex_m,age_aggregate_y55_64,geo_cov_rur,2017,0.738
mmr,sex_m,age_aggregate_y55_64,geo_cov_rur,2018,0.201
mmr,sex_m,age_aggregate_y55_64,geo_cov_rur,2019,0.238
mmr,sex_m,age_aggregate_y55_64,geo_cov_rur,2020,0.774
mmr,sex_m,age_aggregate_y55_64,geo_cov_urb,2015,0.649
mmr,sex_m,age_aggregate_y55_64,geo_cov_urb,2017,0.327
mmr,sex_m,age_aggregate_y55_64,geo_cov_urb,2019,0.529
mmr,sex_m,age_aggregate_yge65,geo_cov_nat,2015,0.628
mmr,sex_m,age_aggregate_yge65,geo_cov_nat,2017,0.89
mmr,sex_m,age_aggregate_yge65,geo_cov_rur,2015,0.674
mmr,sex_m,age_ythadult_y15_24,geo_cov_nat,2015,2.385
mmr,sex_m,age_ythadult_y15_24,geo_cov_nat,2017,3.236
mmr,sex_m,age_ythadult_y15_24,geo_cov_nat,2018,2.256
mmr,sex_m,age_ythadult_y15_24,geo_cov_nat,2019,1.833
mmr,sex_m,age_ythadult_y15_24,geo_cov_nat,2020,4.861
mmr,sex_m,age_ythadult_y15_24,geo_cov_rur,2015,1.668
mmr,sex_m,age_ythadult_y15_24,geo_cov_rur,2017,2.491
mmr,sex_m,age_ythadult_y15_24,geo_cov_rur,2018,1.369
mmr,sex_m,age_ythadult_y15_24,geo_cov_rur,2019,1.509
mmr,sex_m,age_ythadult_y15_24,geo_cov_rur,2020,4.72
mmr,sex_m,age_ythadult_y15_24,geo_cov_urb,2015,4.278
mmr,sex_m,age_ythadult_y15_24,geo_cov_urb,2017,5.814
mmr,sex_m,age_ythadult_y15_24,geo_cov_urb,2018,5.152
mmr,sex_m,age_ythadult_y15_24,geo_cov_urb,2019,2.978
mmr,sex_m,age_ythadult_y15_24,geo_cov_urb,2020,5.251
mmr,sex_m,age_ythadult_y15_64,geo_cov_nat,2015,1.164
mmr,sex_m,age_ythadult_y15_64,geo_cov_nat,2017,1.211
mmr,sex_m,age_ythadult_y15_64,geo_cov_nat,2018,0.854
mmr,sex_m,age_ythadult_y15_64,geo_cov_nat,2019,0.586
mmr,sex_m,age_ythadult_y15_64,geo_cov_nat,2020,1.252
mmr,sex_m,age_ythadult_y15_64,geo_cov_rur,2015,0.915
mmr,sex_m,age_ythadult_y15_64,geo_cov_rur,2017,0.98
mmr,sex_m,age_ythadult_y15_64,geo_cov_rur,2018,0.584
mmr,sex_m,age_ythadult_y15_64,geo_cov_rur,2019,0.475
mmr,sex_m,age_ythadult_y15_64,geo_cov_rur,2020,1.171
mmr,sex_m,age_ythadult_y15_64,geo_cov_urb,2015,1.78
mmr,sex_m,age_ythadult_y15_64,geo_cov_urb,2017,1.833
mmr,sex_m,age_ythadult_y15_64,geo_cov_urb,2018,1.567
mmr,sex_m,age_ythadult_y15_64,geo_cov_urb,2019,0.879
mmr,sex_m,age_ythadult_y15_64,geo_cov_urb,2020,1.456
mmr,sex_m,age_ythadult_yge15,geo_cov_nat,2015,1.151
mmr,sex_m,age_ythadult_yge15,geo_cov_nat,2017,1.203
mmr,sex_m,age_ythadult_yge15,geo_cov_nat,2018,0.837
mmr,sex_m,age_ythadult_yge15,geo_cov_nat,2019,0.583
mmr,sex_m,age_ythadult_yge15,geo_cov_nat,2020,1.236
mmr,sex_m,age_ythadult_yge15,geo_cov_rur,2015,0.909
mmr,sex_m,age_ythadult_yge15,geo_cov_rur,2017,0.982
mmr,sex_m,age_ythadult_yge15,geo_cov_rur,2018,0.573
mmr,sex_m,age_ythadult_yge15,geo_cov_rur,2019,0.472
mmr,sex_m,age_ythadult_yge15,geo_cov_rur,2020,1.162
mmr,sex_m,age_ythadult_yge15,geo_cov_urb,2015,1.752
mmr,sex_m,age_ythadult_yge15,geo_cov_urb,2017,1.801
mmr,sex_m,age_ythadult_yge15,geo_cov_urb,2018,1.54
mmr,sex_m,age_ythadult_yge15,geo_cov_urb,2019,0.875
mmr,sex_m,age_ythadult_yge15,geo_cov_urb,2020,1.42
mmr,sex_m,age_ythadult_yge25,geo_cov_nat,2015,0.822
mmr,sex_m,age_ythadult_yge25,geo_cov_nat,2017,0.731
mmr,sex_m,age_ythadult_yge25,geo_cov_nat,2018,0.522
mmr,sex_m,age_ythadult_yge25,geo_cov_nat,2019,0.323
mmr,sex_m,age_ythadult_yge25,geo_cov_nat,2020,0.509
mmr,sex_m,age_ythadult_yge25,geo_cov_rur,2015,0.703
mmr,sex_m,age_ythadult_yge25,geo_cov_rur,2017,0.604
mmr,sex_m,age_ythadult_yge25,geo_cov_rur,2018,0.385
mmr,sex_m,age_ythadult_yge25,geo_cov_rur,2019,0.238
mmr,sex_m,age_ythadult_yge25,geo_cov_rur,2020,0.425
mmr,sex_m,age_ythadult_yge25,geo_cov_urb,2015,1.115
mmr,sex_m,age_ythadult_yge25,geo_cov_urb,2017,1.057
mmr,sex_m,age_ythadult_yge25,geo_cov_urb,2018,0.872
mmr,sex_m,age_ythadult_yge25,geo_cov_urb,2019,0.537
mmr,sex_m,age_ythadult_yge25,geo_cov_urb,2020,0.716
mmr,sex_t,age_aggregate_total,geo_cov_nat,2015,1.704
mmr,sex_t,age_aggregate_total,geo_cov_nat,2017,1.676
mmr,sex_t,age_aggregate_total,geo_cov_nat,2018,1.216
mmr,sex_t,age_aggregate_total,geo_cov_nat,2019,0.741
mmr,sex_t,age_aggregate_total,geo_cov_nat,2020,2.042
mmr,sex_t,age_aggregate_total,geo_cov_rur,2015,1.378
mmr,sex_t,age_aggregate_total,geo_cov_rur,2017,1.391
mmr,sex_t,age_aggregate_total,geo_cov_rur,2018,1.025
mmr,sex_t,age_aggregate_total,geo_cov_rur,2019,0.568
mmr,sex_t,age_aggregate_total,geo_cov_rur,2020,2.054
mmr,sex_t,age_aggregate_total,geo_cov_urb,2015,2.521
mmr,sex_t,age_aggregate_total,geo_cov_urb,2017,2.414
mmr,sex_t,age_aggregate_total,geo_cov_urb,2018,1.715
mmr,sex_t,age_aggregate_total,geo_cov_urb,2019,1.176
mmr,sex_t,age_aggregate_total,geo_cov_urb,2020,2.012
mmr,sex_t,age_aggregate_y15_24,geo_cov_nat,2015,3.238
mmr,sex_t,age_aggregate_y15_24,geo_cov_nat,2017,4.151
mmr,sex_t,age_aggregate_y15_24,geo_cov_nat,2018,2.825
mmr,sex_t,age_aggregate_y15_24,geo_cov_nat,2019,2.109
mmr,sex_t,age_aggregate_y15_24,geo_cov_nat,2020,6.115
mmr,sex_t,age_aggregate_y15_24,geo_cov_rur,2015,2.438
mmr,sex_t,age_aggregate_y15_24,geo_cov_rur,2017,3.222
mmr,sex_t,age_aggregate_y15_24,geo_cov_rur,2018,2.119
mmr,sex_t,age_aggregate_y15_24,geo_cov_rur,2019,1.684
mmr,sex_t,age_aggregate_y15_24,geo_cov_rur,2020,6.29
mmr,sex_t,age_aggregate_y15_24,geo_cov_urb,2015,5.393
mmr,sex_t,age_aggregate_y15_24,geo_cov_urb,2017,7.046
mmr,sex_t,age_aggregate_y15_24,geo_cov_urb,2018,5.036
mmr,sex_t,age_aggregate_y15_24,geo_cov_urb,2019,3.534
mmr,sex_t,age_aggregate_y15_24,geo_cov_urb,2020,5.638
mmr,sex_t,age_aggregate_y25_54,geo_cov_nat,2015,1.293
mmr,sex_t,age_aggregate_y25_54,geo_cov_nat,2017,1.103
mmr,sex_t,age_aggregate_y25_54,geo_cov_nat,2018,0.924
mmr,sex_t,age_aggregate_y25_54,geo_cov_nat,2019,0.434
mmr,sex_t,age_aggregate_y25_54,geo_cov_nat,2020,1.203
mmr,sex_t,age_aggregate_y25_54,geo_cov_rur,2015,1.049
mmr,sex_t,age_aggregate_y25_54,geo_cov_rur,2017,0.918
mmr,sex_t,age_aggregate_y25_54,geo_cov_rur,2018,0.816
mmr,sex_t,age_aggregate_y25_54,geo_cov_rur,2019,0.305
mmr,sex_t,age_aggregate_y25_54,geo_cov_rur,2020,1.104
mmr,sex_t,age_aggregate_y25_54,geo_cov_urb,2015,1.88
mmr,sex_t,age_aggregate_y25_54,geo_cov_urb,2017,1.554
mmr,sex_t,age_aggregate_y25_54,geo_cov_urb,2018,1.19
mmr,sex_t,age_aggregate_y25_54,geo_cov_urb,2019,0.736
mmr,sex_t,age_aggregate_y25_54,geo_cov_urb,2020,1.433
mmr,sex_t,age_aggregate_y55_64,geo_cov_nat,2015,1.148
mmr,sex_t,age_aggregate_y55_64,geo_cov_nat,2017,0.874
mmr,sex_t,age_aggregate_y55_64,geo_cov_nat,2018,0.291
mmr,sex_t,age_aggregate_y55_64,geo_cov_nat,2019,0.42
mmr,sex_t,age_aggregate_y55_64,geo_cov_nat,2020,0.974
mmr,sex_t,age_aggregate_y55_64,geo_cov_rur,2015,1.244
mmr,sex_t,age_aggregate_y55_64,geo_cov_rur,2017,0.889
mmr,sex_t,age_aggregate_y55_64,geo_cov_rur,2018,0.328
mmr,sex_t,age_aggregate_y55_64,geo_cov_rur,2019,0.242
mmr,sex_t,age_aggregate_y55_64,geo_cov_rur,2020,1.116
mmr,sex_t,age_aggregate_y55_64,geo_cov_urb,2015,0.893
mmr,sex_t,age_aggregate_y55_64,geo_cov_urb,2017,0.834
mmr,sex_t,age_aggregate_y55_64,geo_cov_urb,2018,0.19
mmr,sex_t,age_aggregate_y55_64,geo_cov_urb,2019,0.878
mmr,sex_t,age_aggregate_y55_64,geo_cov_urb,2020,0.613
mmr,sex_t,age_aggregate_yge65,geo_cov_nat,2015,0.669
mmr,sex_t,age_aggregate_yge65,geo_cov_nat,2017,0.667
mmr,sex_t,age_aggregate_yge65,geo_cov_nat,2018,0.525
mmr,sex_t,age_aggregate_yge65,geo_cov_nat,2019,0.568
mmr,sex_t,age_aggregate_yge65,geo_cov_nat,2020,0.617
mmr,sex_t,age_aggregate_yge65,geo_cov_rur,2015,0.78
mmr,sex_t,age_aggregate_yge65,geo_cov_rur,2017,0.781
mmr,sex_t,age_aggregate_yge65,geo_cov_rur,2018,0.67
mmr,sex_t,age_aggregate_yge65,geo_cov_rur,2020,0.821
mmr,sex_t,age_aggregate_yge65,geo_cov_urb,2017,0.332
mmr,sex_t,age_ythadult_y15_24,geo_cov_nat,2015,3.238
mmr,sex_t,age_ythadult_y15_24,geo_cov_nat,2017,4.151
mmr,sex_t,age_ythadult_y15_24,geo_cov_nat,2018,2.825
mmr,sex_t,age_ythadult_y15_24,geo_cov_nat,2019,2.109
mmr,sex_t,age_ythadult_y15_24,geo_cov_nat,2020,6.115
mmr,sex_t,age_ythadult_y15_24,geo_cov_rur,2015,2.438
mmr,sex_t,age_ythadult_y15_24,geo_cov_rur,2017,3.222
mmr,sex_t,age_ythadult_y15_24,geo_cov_rur,2018,2.119
mmr,sex_t,age_ythadult_y15_24,geo_cov_rur,2019,1.684
mmr,sex_t,age_ythadult_y15_24,geo_cov_rur,2020,6.29
mmr,sex_t,age_ythadult_y15_24,geo_cov_urb,2015,5.393
mmr,sex_t,age_ythadult_y15_24,geo_cov_urb,2017,7.046
mmr,sex_t,age_ythadult_y15_24,geo_cov_urb,2018,5.036
mmr,sex_t,age_ythadult_y15_24,geo_cov_urb,2019,3.534
mmr,sex_t,age_ythadult_y15_24,geo_cov_urb,2020,5.638
mmr,sex_t,age_ythadult_y15_64,geo_cov_nat,2015,1.728
mmr,sex_t,age_ythadult_y15_64,geo_cov_nat,2017,1.697
mmr,sex_t,age_ythadult_y15_64,geo_cov_nat,2018,1.231
mmr,sex_t,age_ythadult_y15_64,geo_cov_nat,2019,0.744
mmr,sex_t,age_ythadult_y15_64,geo_cov_nat,2020,2.076
mmr,sex_t,age_ythadult_y15_64,geo_cov_rur,2015,1.392
mmr,sex_t,age_ythadult_y15_64,geo_cov_rur,2017,1.404
mmr,sex_t,age_ythadult_y15_64,geo_cov_rur,2018,1.033
mmr,sex_t,age_ythadult_y15_64,geo_cov_rur,2019,0.575
mmr,sex_t,age_ythadult_y15_64,geo_cov_rur,2020,2.085
mmr,sex_t,age_ythadult_y15_64,geo_cov_urb,2015,2.563
mmr,sex_t,age_ythadult_y15_64,geo_cov_urb,2017,2.453
mmr,sex_t,age_ythadult_y15_64,geo_cov_urb,2018,1.746
mmr,sex_t,age_ythadult_y15_64,geo_cov_urb,2019,1.17
mmr,sex_t,age_ythadult_y15_64,geo_cov_urb,2020,2.053
mmr,sex_t,age_ythadult_yge15,geo_cov_nat,2015,1.704
mmr,sex_t,age_ythadult_yge15,geo_cov_nat,2017,1.676
mmr,sex_t,age_ythadult_yge15,geo_cov_nat,2018,1.216
mmr,sex_t,age_ythadult_yge15,geo_cov_nat,2019,0.741
mmr,sex_t,age_ythadult_yge15,geo_cov_nat,2020,2.042
mmr,sex_t,age_ythadult_yge15,geo_cov_rur,2015,1.378
mmr,sex_t,age_ythadult_yge15,geo_cov_rur,2017,1.391
mmr,sex_t,age_ythadult_yge15,geo_cov_rur,2018,1.025
mmr,sex_t,age_ythadult_yge15,geo_cov_rur,2019,0.568
mmr,sex_t,age_ythadult_yge15,geo_cov_rur,2020,2.054
mmr,sex_t,age_ythadult_yge15,geo_cov_urb,2015,2.521
mmr,sex_t,age_ythadult_yge15,geo_cov_urb,2017,2.414
mmr,sex_t,age_ythadult_yge15,geo_cov_urb,2018,1.715
mmr,sex_t,age_ythadult_yge15,geo_cov_urb,2019,1.176
mmr,sex_t,age_ythadult_yge15,geo_cov_urb,2020,2.012
mmr,sex_t,age_ythadult_yge25,geo_cov_nat,2015,1.26
mmr,sex_t,age_ythadult_yge25,geo_cov_nat,2017,1.066
mmr,sex_t,age_ythadult_yge25,geo_cov_nat,2018,0.839
mmr,sex_t,age_ythadult_yge25,geo_cov_nat,2019,0.436
mmr,sex_t,age_ythadult_yge25,geo_cov_nat,2020,1.158
mmr,sex_t,age_ythadult_yge25,geo_cov_rur,2015,1.062
mmr,sex_t,age_ythadult_yge25,geo_cov_rur,2017,0.911
mmr,sex_t,age_ythadult_yge25,geo_cov_rur,2018,0.753
mmr,sex_t,age_ythadult_yge25,geo_cov_rur,2019,0.296
mmr,sex_t,age_ythadult_yge25,geo_cov_rur,2020,1.097
mmr,sex_t,age_ythadult_yge25,geo_cov_urb,2015,1.744
mmr,sex_t,age_ythadult_yge25,geo_cov_urb,2017,1.45
mmr,sex_t,age_ythadult_yge25,geo_cov_urb,2018,1.054
mmr,sex_t,age_ythadult_yge25,geo_cov_urb,2019,0.767
mmr,sex_t,age_ythadult_yge25,geo_cov_urb,2020,1.303
mne,sex_f,age_aggregate_total,geo_cov_nat,2020,30.961
mne,sex_f,age_aggregate_total,geo_cov_rur,2020,40.287
mne,sex_f,age_aggregate_total,geo_cov_urb,2020,26.908
mne,sex_f,age_aggregate_y15_24,geo_cov_nat,2020,57.906
mne,sex_f,age_aggregate_y15_24,geo_cov_rur,2020,59.6
mne,sex_f,age_aggregate_y15_24,geo_cov_urb,2020,56.915
mne,sex_f,age_aggregate_y25_54,geo_cov_nat,2020,29.254
mne,sex_f,age_aggregate_y25_54,geo_cov_rur,2020,39.164
mne,sex_f,age_aggregate_y25_54,geo_cov_urb,2020,24.95
mne,sex_f,age_aggregate_y55_64,geo_cov_nat,2020,21.877
mne,sex_f,age_aggregate_y55_64,geo_cov_rur,2020,33.15
mne,sex_f,age_aggregate_y55_64,geo_cov_urb,2020,18.298
mne,sex_f,age_aggregate_yge65,geo_cov_nat,2020,13.737
mne,sex_f,age_aggregate_yge65,geo_cov_rur,2020,6.065
mne,sex_f,age_aggregate_yge65,geo_cov_urb,2020,17.749
mne,sex_f,age_ythadult_y15_24,geo_cov_nat,2020,57.906
mne,sex_f,age_ythadult_y15_24,geo_cov_rur,2020,59.6
mne,sex_f,age_ythadult_y15_24,geo_cov_urb,2020,56.915
mne,sex_f,age_ythadult_y15_64,geo_cov_nat,2020,31.375
mne,sex_f,age_ythadult_y15_64,geo_cov_rur,2020,41.222
mne,sex_f,age_ythadult_y15_64,geo_cov_urb,2020,27.115
mne,sex_f,age_ythadult_yge15,geo_cov_nat,2020,30.961
mne,sex_f,age_ythadult_yge15,geo_cov_rur,2020,40.287
mne,sex_f,age_ythadult_yge15,geo_cov_urb,2020,26.908
mne,sex_f,age_ythadult_yge25,geo_cov_nat,2020,27.818
mne,sex_f,age_ythadult_yge25,geo_cov_rur,2020,37.47
mne,sex_f,age_ythadult_yge25,geo_cov_urb,2020,23.774
mne,sex_m,age_aggregate_total,geo_cov_nat,2020,28.027
mne,sex_m,age_aggregate_total,geo_cov_rur,2020,31.576
mne,sex_m,age_aggregate_total,geo_cov_urb,2020,25.947
mne,sex_m,age_aggregate_y15_24,geo_cov_nat,2020,47.775
mne,sex_m,age_aggregate_y15_24,geo_cov_rur,2020,51.035
mne,sex_m,age_aggregate_y15_24,geo_cov_urb,2020,45.484
mne,sex_m,age_aggregate_y25_54,geo_cov_nat,2020,26.699
mne,sex_m,age_aggregate_y25_54,geo_cov_rur,2020,30.197
mne,sex_m,age_aggregate_y25_54,geo_cov_urb,2020,24.759
mne,sex_m,age_aggregate_y55_64,geo_cov_nat,2020,20.542
mne,sex_m,age_aggregate_y55_64,geo_cov_rur,2020,24.302
mne,sex_m,age_aggregate_y55_64,geo_cov_urb,2020,18.195
mne,sex_m,age_aggregate_yge65,geo_cov_nat,2020,11.713
mne,sex_m,age_aggregate_yge65,geo_cov_rur,2020,9.644
mne,sex_m,age_aggregate_yge65,geo_cov_urb,2020,13.402
mne,sex_m,age_ythadult_y15_24,geo_cov_nat,2020,47.775
mne,sex_m,age_ythadult_y15_24,geo_cov_rur,2020,51.035
mne,sex_m,age_ythadult_y15_24,geo_cov_urb,2020,45.484
mne,sex_m,age_ythadult_y15_64,geo_cov_nat,2020,28.391
mne,sex_m,age_ythadult_y15_64,geo_cov_rur,2020,32.175
mne,sex_m,age_ythadult_y15_64,geo_cov_urb,2020,26.191
mne,sex_m,age_ythadult_yge15,geo_cov_nat,2020,28.027
mne,sex_m,age_ythadult_yge15,geo_cov_rur,2020,31.576
mne,sex_m,age_ythadult_yge15,geo_cov_urb,2020,25.947
mne,sex_m,age_ythadult_yge25,geo_cov_nat,2020,25.316
mne,sex_m,age_ythadult_yge25,geo_cov_rur,2020,28.543
mne,sex_m,age_ythadult_yge25,geo_cov_urb,2020,23.473
mne,sex_t,age_aggregate_total,geo_cov_nat,2020,29.351
mne,sex_t,age_aggregate_total,geo_cov_rur,2020,35.086
mne,sex_t,age_aggregate_total,geo_cov_urb,2020,26.405
mne,sex_t,age_aggregate_y15_24,geo_cov_nat,2020,51.99
mne,sex_t,age_aggregate_y15_24,geo_cov_rur,2020,54.368
mne,sex_t,age_aggregate_y15_24,geo_cov_urb,2020,50.44
mne,sex_t,age_aggregate_y25_54,geo_cov_nat,2020,27.882
mne,sex_t,age_aggregate_y25_54,geo_cov_rur,2020,33.987
mne,sex_t,age_aggregate_y25_54,geo_cov_urb,2020,24.851
mne,sex_t,age_aggregate_y55_64,geo_cov_nat,2020,21.097
mne,sex_t,age_aggregate_y55_64,geo_cov_rur,2020,27.034
mne,sex_t,age_aggregate_y55_64,geo_cov_urb,2020,18.243
mne,sex_t,age_aggregate_yge65,geo_cov_nat,2020,12.663
mne,sex_t,age_aggregate_yge65,geo_cov_rur,2020,8.201
mne,sex_t,age_aggregate_yge65,geo_cov_urb,2020,15.633
mne,sex_t,age_ythadult_y15_24,geo_cov_nat,2020,51.99
mne,sex_t,age_ythadult_y15_24,geo_cov_rur,2020,54.368
mne,sex_t,age_ythadult_y15_24,geo_cov_urb,2020,50.44
mne,sex_t,age_ythadult_y15_64,geo_cov_nat,2020,29.737
mne,sex_t,age_ythadult_y15_64,geo_cov_rur,2020,35.821
mne,sex_t,age_ythadult_y15_64,geo_cov_urb,2020,26.631
mne,sex_t,age_ythadult_yge15,geo_cov_nat,2020,29.351
mne,sex_t,age_ythadult_yge15,geo_cov_rur,2020,35.086
mne,sex_t,age_ythadult_yge15,geo_cov_urb,2020,26.405
mne,sex_t,age_ythadult_yge25,geo_cov_nat,2020,26.457
mne,sex_t,age_ythadult_yge25,geo_cov_rur,2020,32.159
mne,sex_t,age_ythadult_yge25,geo_cov_urb,2020,23.618
mng,sex_f,age_aggregate_total,geo_cov_nat,2019,11.78
mng,sex_f,age_aggregate_total,geo_cov_nat,2020,11.007
mng,sex_f,age_aggregate_total,geo_cov_nat,2021,12.055
mng,sex_f,age_aggregate_total,geo_cov_nat,2022,7.769
mng,sex_f,age_aggregate_total,geo_cov_nat,2023,7.634
mng,sex_f,age_aggregate_total,geo_cov_nat,2024,7.18
mng,sex_f,age_aggregate_total,geo_cov_rur,2019,6.989
mng,sex_f,age_aggregate_total,geo_cov_rur,2020,6.44
mng,sex_f,age_aggregate_total,geo_cov_rur,2021,7.362
mng,sex_f,age_aggregate_total,geo_cov_rur,2022,4.263
mng,sex_f,age_aggregate_total,geo_cov_rur,2023,4.895
mng,sex_f,age_aggregate_total,geo_cov_rur,2024,3.497
mng,sex_f,age_aggregate_total,geo_cov_urb,2019,14.839
mng,sex_f,age_aggregate_total,geo_cov_urb,2020,13.633
mng,sex_f,age_aggregate_total,geo_cov_urb,2021,14.76
mng,sex_f,age_aggregate_total,geo_cov_urb,2022,9.722
mng,sex_f,age_aggregate_total,geo_cov_urb,2023,9.393
mng,sex_f,age_aggregate_total,geo_cov_urb,2024,7.983
mng,sex_f,age_aggregate_y15_24,geo_cov_nat,2019,25.139
mng,sex_f,age_aggregate_y15_24,geo_cov_nat,2020,25.601
mng,sex_f,age_aggregate_y15_24,geo_cov_nat,2021,28.468
mng,sex_f,age_aggregate_y15_24,geo_cov_nat,2022,18.915
mng,sex_f,age_aggregate_y15_24,geo_cov_nat,2023,18.002
mng,sex_f,age_aggregate_y15_24,geo_cov_nat,2024,19.897
mng,sex_f,age_aggregate_y15_24,geo_cov_rur,2019,17.027
mng,sex_f,age_aggregate_y15_24,geo_cov_rur,2020,15.081
mng,sex_f,age_aggregate_y15_24,geo_cov_rur,2021,20.397
mng,sex_f,age_aggregate_y15_24,geo_cov_rur,2022,10.011
mng,sex_f,age_aggregate_y15_24,geo_cov_rur,2023,15.433
mng,sex_f,age_aggregate_y15_24,geo_cov_rur,2024,14.883
mng,sex_f,age_aggregate_y15_24,geo_cov_urb,2019,31.048
mng,sex_f,age_aggregate_y15_24,geo_cov_urb,2020,32.7
mng,sex_f,age_aggregate_y15_24,geo_cov_urb,2021,33.749
mng,sex_f,age_aggregate_y15_24,geo_cov_urb,2022,22.582
mng,sex_f,age_aggregate_y15_24,geo_cov_urb,2023,19.754
mng,sex_f,age_aggregate_y15_24,geo_cov_urb,2024,21.174
mng,sex_f,age_aggregate_y25_54,geo_cov_nat,2019,9.982
mng,sex_f,age_aggregate_y25_54,geo_cov_nat,2020,9.822
mng,sex_f,age_aggregate_y25_54,geo_cov_nat,2021,11.092
mng,sex_f,age_aggregate_y25_54,geo_cov_nat,2022,6.617
mng,sex_f,age_aggregate_y25_54,geo_cov_nat,2023,6.527
mng,sex_f,age_aggregate_y25_54,geo_cov_nat,2024,6.156
mng,sex_f,age_aggregate_y25_54,geo_cov_rur,2019,6.071
mng,sex_f,age_aggregate_y25_54,geo_cov_rur,2020,5.812
mng,sex_f,age_aggregate_y25_54,geo_cov_rur,2021,6.465
mng,sex_f,age_aggregate_y25_54,geo_cov_rur,2022,3.955
mng,sex_f,age_aggregate_y25_54,geo_cov_rur,2023,4.378
mng,sex_f,age_aggregate_y25_54,geo_cov_rur,2024,2.811
mng,sex_f,age_aggregate_y25_54,geo_cov_urb,2019,12.326
mng,sex_f,age_aggregate_y25_54,geo_cov_urb,2020,11.968
mng,sex_f,age_aggregate_y25_54,geo_cov_urb,2021,13.548
mng,sex_f,age_aggregate_y25_54,geo_cov_urb,2022,8.109
mng,sex_f,age_aggregate_y25_54,geo_cov_urb,2023,7.808
mng,sex_f,age_aggregate_y25_54,geo_cov_urb,2024,6.826
mng,sex_f,age_aggregate_y55_64,geo_cov_nat,2019,13.827
mng,sex_f,age_aggregate_y55_64,geo_cov_nat,2020,5.046
mng,sex_f,age_aggregate_y55_64,geo_cov_nat,2021,4.934
mng,sex_f,age_aggregate_y55_64,geo_cov_nat,2022,6.37
mng,sex_f,age_aggregate_y55_64,geo_cov_nat,2023,9.254
mng,sex_f,age_aggregate_y55_64,geo_cov_nat,2024,5.955
mng,sex_f,age_aggregate_y55_64,geo_cov_rur,2019,4.441
mng,sex_f,age_aggregate_y55_64,geo_cov_rur,2020,2.154
mng,sex_f,age_aggregate_y55_64,geo_cov_rur,2021,3.592
mng,sex_f,age_aggregate_y55_64,geo_cov_rur,2022,2.898
mng,sex_f,age_aggregate_y55_64,geo_cov_rur,2023,2.331
mng,sex_f,age_aggregate_y55_64,geo_cov_urb,2019,21.507
mng,sex_f,age_aggregate_y55_64,geo_cov_urb,2020,7.511
mng,sex_f,age_aggregate_y55_64,geo_cov_urb,2021,6.261
mng,sex_f,age_aggregate_y55_64,geo_cov_urb,2022,8.613
mng,sex_f,age_aggregate_y55_64,geo_cov_urb,2023,15.809
mng,sex_f,age_aggregate_y55_64,geo_cov_urb,2024,7.564
mng,sex_f,age_aggregate_yge65,geo_cov_nat,2019,6.534
mng,sex_f,age_aggregate_yge65,geo_cov_nat,2022,5.798
mng,sex_f,age_aggregate_yge65,geo_cov_nat,2023,9.132
mng,sex_f,age_aggregate_yge65,geo_cov_nat,2024,7.768
mng,sex_f,age_aggregate_yge65,geo_cov_urb,2019,16.56
mng,sex_f,age_aggregate_yge65,geo_cov_urb,2022,12.174
mng,sex_f,age_aggregate_yge65,geo_cov_urb,2023,20.476
mng,sex_f,age_aggregate_yge65,geo_cov_urb,2024,12.432
mng,sex_f,age_ythadult_y15_24,geo_cov_nat,2019,25.139
mng,sex_f,age_ythadult_y15_24,geo_cov_nat,2020,25.601
mng,sex_f,age_ythadult_y15_24,geo_cov_nat,2021,28.468
mng,sex_f,age_ythadult_y15_24,geo_cov_nat,2022,18.915
mng,sex_f,age_ythadult_y15_24,geo_cov_nat,2023,18.002
mng,sex_f,age_ythadult_y15_24,geo_cov_nat,2024,19.897
mng,sex_f,age_ythadult_y15_24,geo_cov_rur,2019,17.027
mng,sex_f,age_ythadult_y15_24,geo_cov_rur,2020,15.081
mng,sex_f,age_ythadult_y15_24,geo_cov_rur,2021,20.397
mng,sex_f,age_ythadult_y15_24,geo_cov_rur,2022,10.011
mng,sex_f,age_ythadult_y15_24,geo_cov_rur,2023,15.433
mng,sex_f,age_ythadult_y15_24,geo_cov_rur,2024,14.883
mng,sex_f,age_ythadult_y15_24,geo_cov_urb,2019,31.048
mng,sex_f,age_ythadult_y15_24,geo_cov_urb,2020,32.7
mng,sex_f,age_ythadult_y15_24,geo_cov_urb,2021,33.749
mng,sex_f,age_ythadult_y15_24,geo_cov_urb,2022,22.582
mng,sex_f,age_ythadult_y15_24,geo_cov_urb,2023,19.754
mng,sex_f,age_ythadult_y15_24,geo_cov_urb,2024,21.174
mng,sex_f,age_ythadult_y15_64,geo_cov_nat,2019,11.866
mng,sex_f,age_ythadult_y15_64,geo_cov_nat,2020,11.133
mng,sex_f,age_ythadult_y15_64,geo_cov_nat,2021,12.186
mng,sex_f,age_ythadult_y15_64,geo_cov_nat,2022,7.796
mng,sex_f,age_ythadult_y15_64,geo_cov_nat,2023,7.605
mng,sex_f,age_ythadult_y15_64,geo_cov_nat,2024,7.169
mng,sex_f,age_ythadult_y15_64,geo_cov_rur,2019,7.157
mng,sex_f,age_ythadult_y15_64,geo_cov_rur,2020,6.557
mng,sex_f,age_ythadult_y15_64,geo_cov_rur,2021,7.528
mng,sex_f,age_ythadult_y15_64,geo_cov_rur,2022,4.346
mng,sex_f,age_ythadult_y15_64,geo_cov_rur,2023,4.973
mng,sex_f,age_ythadult_y15_64,geo_cov_urb,2019,14.822
mng,sex_f,age_ythadult_y15_64,geo_cov_urb,2020,13.736
mng,sex_f,age_ythadult_y15_64,geo_cov_urb,2021,14.828
mng,sex_f,age_ythadult_y15_64,geo_cov_urb,2022,9.697
mng,sex_f,age_ythadult_y15_64,geo_cov_urb,2023,9.262
mng,sex_f,age_ythadult_y15_64,geo_cov_urb,2024,7.923
mng,sex_f,age_ythadult_yge15,geo_cov_nat,2019,11.78
mng,sex_f,age_ythadult_yge15,geo_cov_nat,2020,11.007
mng,sex_f,age_ythadult_yge15,geo_cov_nat,2021,12.055
mng,sex_f,age_ythadult_yge15,geo_cov_nat,2022,7.769
mng,sex_f,age_ythadult_yge15,geo_cov_nat,2023,7.634
mng,sex_f,age_ythadult_yge15,geo_cov_nat,2024,7.18
mng,sex_f,age_ythadult_yge15,geo_cov_rur,2019,6.989
mng,sex_f,age_ythadult_yge15,geo_cov_rur,2020,6.44
mng,sex_f,age_ythadult_yge15,geo_cov_rur,2021,7.362
mng,sex_f,age_ythadult_yge15,geo_cov_rur,2022,4.263
mng,sex_f,age_ythadult_yge15,geo_cov_rur,2023,4.895
mng,sex_f,age_ythadult_yge15,geo_cov_rur,2024,3.497
mng,sex_f,age_ythadult_yge15,geo_cov_urb,2019,14.839
mng,sex_f,age_ythadult_yge15,geo_cov_urb,2020,13.633
mng,sex_f,age_ythadult_yge15,geo_cov_urb,2021,14.76
mng,sex_f,age_ythadult_yge15,geo_cov_urb,2022,9.722
mng,sex_f,age_ythadult_yge15,geo_cov_urb,2023,9.393
mng,sex_f,age_ythadult_yge15,geo_cov_urb,2024,7.983
mng,sex_f,age_ythadult_yge25,geo_cov_nat,2019,10.262
mng,sex_f,age_ythadult_yge25,geo_cov_nat,2020,9.318
mng,sex_f,age_ythadult_yge25,geo_cov_nat,2021,10.483
mng,sex_f,age_ythadult_yge25,geo_cov_nat,2022,6.583
mng,sex_f,age_ythadult_yge25,geo_cov_nat,2023,6.848
mng,sex_f,age_ythadult_yge25,geo_cov_nat,2024,6.168
mng,sex_f,age_ythadult_yge25,geo_cov_rur,2019,5.744
mng,sex_f,age_ythadult_yge25,geo_cov_rur,2020,5.323
mng,sex_f,age_ythadult_yge25,geo_cov_rur,2021,6
mng,sex_f,age_ythadult_yge25,geo_cov_rur,2022,3.774
mng,sex_f,age_ythadult_yge25,geo_cov_rur,2023,4.063
mng,sex_f,age_ythadult_yge25,geo_cov_rur,2024,2.46
mng,sex_f,age_ythadult_yge25,geo_cov_urb,2019,13.104
mng,sex_f,age_ythadult_yge25,geo_cov_urb,2020,11.572
mng,sex_f,age_ythadult_yge25,geo_cov_urb,2021,13.034
mng,sex_f,age_ythadult_yge25,geo_cov_urb,2022,8.197
mng,sex_f,age_ythadult_yge25,geo_cov_urb,2023,8.627
mng,sex_f,age_ythadult_yge25,geo_cov_urb,2024,6.966
mng,sex_m,age_aggregate_total,geo_cov_nat,2019,12.622
mng,sex_m,age_aggregate_total,geo_cov_nat,2020,9.974
mng,sex_m,age_aggregate_total,geo_cov_nat,2021,12.229
mng,sex_m,age_aggregate_total,geo_cov_nat,2022,9.59
mng,sex_m,age_aggregate_total,geo_cov_nat,2023,7.859
mng,sex_m,age_aggregate_total,geo_cov_nat,2024,7.395
mng,sex_m,age_aggregate_total,geo_cov_rur,2019,5.863
mng,sex_m,age_aggregate_total,geo_cov_rur,2020,5.399
mng,sex_m,age_aggregate_total,geo_cov_rur,2021,6.617
mng,sex_m,age_aggregate_total,geo_cov_rur,2022,5.334
mng,sex_m,age_aggregate_total,geo_cov_rur,2023,4.701
mng,sex_m,age_aggregate_total,geo_cov_rur,2024,1.811
mng,sex_m,age_aggregate_total,geo_cov_urb,2019,16.833
mng,sex_m,age_aggregate_total,geo_cov_urb,2020,12.691
mng,sex_m,age_aggregate_total,geo_cov_urb,2021,15.568
mng,sex_m,age_aggregate_total,geo_cov_urb,2022,11.956
mng,sex_m,age_aggregate_total,geo_cov_urb,2023,9.875
mng,sex_m,age_aggregate_total,geo_cov_urb,2024,8.762
mng,sex_m,age_aggregate_y15_24,geo_cov_nat,2019,24.208
mng,sex_m,age_aggregate_y15_24,geo_cov_nat,2020,19.691
mng,sex_m,age_aggregate_y15_24,geo_cov_nat,2021,21.504
mng,sex_m,age_aggregate_y15_24,geo_cov_nat,2022,14.931
mng,sex_m,age_aggregate_y15_24,geo_cov_nat,2023,16.083
mng,sex_m,age_aggregate_y15_24,geo_cov_nat,2024,14.721
mng,sex_m,age_aggregate_y15_24,geo_cov_rur,2019,12.364
mng,sex_m,age_aggregate_y15_24,geo_cov_rur,2020,8.782
mng,sex_m,age_aggregate_y15_24,geo_cov_rur,2021,10.704
mng,sex_m,age_aggregate_y15_24,geo_cov_rur,2022,9.754
mng,sex_m,age_aggregate_y15_24,geo_cov_rur,2023,8.894
mng,sex_m,age_aggregate_y15_24,geo_cov_rur,2024,3.951
mng,sex_m,age_aggregate_y15_24,geo_cov_urb,2019,31.719
mng,sex_m,age_aggregate_y15_24,geo_cov_urb,2020,27.541
mng,sex_m,age_aggregate_y15_24,geo_cov_urb,2021,29.374
mng,sex_m,age_aggregate_y15_24,geo_cov_urb,2022,18.467
mng,sex_m,age_aggregate_y15_24,geo_cov_urb,2023,21.441
mng,sex_m,age_aggregate_y15_24,geo_cov_urb,2024,18.056
mng,sex_m,age_aggregate_y25_54,geo_cov_nat,2019,11.067
mng,sex_m,age_aggregate_y25_54,geo_cov_nat,2020,8.664
mng,sex_m,age_aggregate_y25_54,geo_cov_nat,2021,11.241
mng,sex_m,age_aggregate_y25_54,geo_cov_nat,2022,8.992
mng,sex_m,age_aggregate_y25_54,geo_cov_nat,2023,6.663
mng,sex_m,age_aggregate_y25_54,geo_cov_nat,2024,6.588
mng,sex_m,age_aggregate_y25_54,geo_cov_rur,2019,5.221
mng,sex_m,age_aggregate_y25_54,geo_cov_rur,2020,5.049
mng,sex_m,age_aggregate_y25_54,geo_cov_rur,2021,6.207
mng,sex_m,age_aggregate_y25_54,geo_cov_rur,2022,4.995
mng,sex_m,age_aggregate_y25_54,geo_cov_rur,2023,4.312
mng,sex_m,age_aggregate_y25_54,geo_cov_rur,2024,1.742
mng,sex_m,age_aggregate_y25_54,geo_cov_urb,2019,14.466
mng,sex_m,age_aggregate_y25_54,geo_cov_urb,2020,10.63
mng,sex_m,age_aggregate_y25_54,geo_cov_urb,2021,13.981
mng,sex_m,age_aggregate_y25_54,geo_cov_urb,2022,11.038
mng,sex_m,age_aggregate_y25_54,geo_cov_urb,2023,8.033
mng,sex_m,age_aggregate_y25_54,geo_cov_urb,2024,7.68
mng,sex_m,age_aggregate_y55_64,geo_cov_nat,2019,9.335
mng,sex_m,age_aggregate_y55_64,geo_cov_nat,2020,7.597
mng,sex_m,age_aggregate_y55_64,geo_cov_nat,2021,9.899
mng,sex_m,age_aggregate_y55_64,geo_cov_nat,2022,8.234
mng,sex_m,age_aggregate_y55_64,geo_cov_nat,2023,7.855
mng,sex_m,age_aggregate_y55_64,geo_cov_nat,2024,6.046
mng,sex_m,age_aggregate_y55_64,geo_cov_rur,2019,2.817
mng,sex_m,age_aggregate_y55_64,geo_cov_rur,2020,3.756
mng,sex_m,age_aggregate_y55_64,geo_cov_rur,2021,5.771
mng,sex_m,age_aggregate_y55_64,geo_cov_rur,2022,3.061
mng,sex_m,age_aggregate_y55_64,geo_cov_rur,2023,3.219
mng,sex_m,age_aggregate_y55_64,geo_cov_urb,2019,15.402
mng,sex_m,age_aggregate_y55_64,geo_cov_urb,2020,11.017
mng,sex_m,age_aggregate_y55_64,geo_cov_urb,2021,13.259
mng,sex_m,age_aggregate_y55_64,geo_cov_urb,2022,11.958
mng,sex_m,age_aggregate_y55_64,geo_cov_urb,2023,11.996
mng,sex_m,age_aggregate_y55_64,geo_cov_urb,2024,7.822
mng,sex_m,age_aggregate_yge65,geo_cov_nat,2020,3.444
mng,sex_m,age_aggregate_yge65,geo_cov_nat,2021,3.466
mng,sex_m,age_aggregate_yge65,geo_cov_nat,2022,6.809
mng,sex_m,age_aggregate_yge65,geo_cov_nat,2023,3.584
mng,sex_m,age_aggregate_yge65,geo_cov_nat,2024,4.222
mng,sex_m,age_aggregate_yge65,geo_cov_rur,2021,0.789
mng,sex_m,age_aggregate_yge65,geo_cov_urb,2020,6.503
mng,sex_m,age_aggregate_yge65,geo_cov_urb,2022,14.936
mng,sex_m,age_aggregate_yge65,geo_cov_urb,2024,6.871
mng,sex_m,age_ythadult_y15_24,geo_cov_nat,2019,24.208
mng,sex_m,age_ythadult_y15_24,geo_cov_nat,2020,19.691
mng,sex_m,age_ythadult_y15_24,geo_cov_nat,2021,21.504
mng,sex_m,age_ythadult_y15_24,geo_cov_nat,2022,14.931
mng,sex_m,age_ythadult_y15_24,geo_cov_nat,2023,16.083
mng,sex_m,age_ythadult_y15_24,geo_cov_nat,2024,14.721
mng,sex_m,age_ythadult_y15_24,geo_cov_rur,2019,12.364
mng,sex_m,age_ythadult_y15_24,geo_cov_rur,2020,8.782
mng,sex_m,age_ythadult_y15_24,geo_cov_rur,2021,10.704
mng,sex_m,age_ythadult_y15_24,geo_cov_rur,2022,9.754
mng,sex_m,age_ythadult_y15_24,geo_cov_rur,2023,8.894
mng,sex_m,age_ythadult_y15_24,geo_cov_rur,2024,3.951
mng,sex_m,age_ythadult_y15_24,geo_cov_urb,2019,31.719
mng,sex_m,age_ythadult_y15_24,geo_cov_urb,2020,27.541
mng,sex_m,age_ythadult_y15_24,geo_cov_urb,2021,29.374
mng,sex_m,age_ythadult_y15_24,geo_cov_urb,2022,18.467
mng,sex_m,age_ythadult_y15_24,geo_cov_urb,2023,21.441
mng,sex_m,age_ythadult_y15_24,geo_cov_urb,2024,18.056
mng,sex_m,age_ythadult_y15_64,geo_cov_nat,2019,12.802
mng,sex_m,age_ythadult_y15_64,geo_cov_nat,2020,10.067
mng,sex_m,age_ythadult_y15_64,geo_cov_nat,2021,12.36
mng,sex_m,age_ythadult_y15_64,geo_cov_nat,2022,9.637
mng,sex_m,age_ythadult_y15_64,geo_cov_nat,2023,7.934
mng,sex_m,age_ythadult_y15_64,geo_cov_nat,2024,7.442
mng,sex_m,age_ythadult_y15_64,geo_cov_rur,2019,6.021
mng,sex_m,age_ythadult_y15_64,geo_cov_rur,2020,5.493
mng,sex_m,age_ythadult_y15_64,geo_cov_rur,2021,6.78
mng,sex_m,age_ythadult_y15_64,geo_cov_rur,2022,5.454
mng,sex_m,age_ythadult_y15_64,geo_cov_rur,2023,4.823
mng,sex_m,age_ythadult_y15_64,geo_cov_urb,2019,16.952
mng,sex_m,age_ythadult_y15_64,geo_cov_urb,2020,12.754
mng,sex_m,age_ythadult_y15_64,geo_cov_urb,2021,15.614
mng,sex_m,age_ythadult_y15_64,geo_cov_urb,2022,11.924
mng,sex_m,age_ythadult_y15_64,geo_cov_urb,2023,9.879
mng,sex_m,age_ythadult_y15_64,geo_cov_urb,2024,8.783
mng,sex_m,age_ythadult_yge15,geo_cov_nat,2019,12.622
mng,sex_m,age_ythadult_yge15,geo_cov_nat,2020,9.974
mng,sex_m,age_ythadult_yge15,geo_cov_nat,2021,12.229
mng,sex_m,age_ythadult_yge15,geo_cov_nat,2022,9.59
mng,sex_m,age_ythadult_yge15,geo_cov_nat,2023,7.859
mng,sex_m,age_ythadult_yge15,geo_cov_nat,2024,7.395
mng,sex_m,age_ythadult_yge15,geo_cov_rur,2019,5.863
mng,sex_m,age_ythadult_yge15,geo_cov_rur,2020,5.399
mng,sex_m,age_ythadult_yge15,geo_cov_rur,2021,6.617
mng,sex_m,age_ythadult_yge15,geo_cov_rur,2022,5.334
mng,sex_m,age_ythadult_yge15,geo_cov_rur,2023,4.701
mng,sex_m,age_ythadult_yge15,geo_cov_rur,2024,1.811
mng,sex_m,age_ythadult_yge15,geo_cov_urb,2019,16.833
mng,sex_m,age_ythadult_yge15,geo_cov_urb,2020,12.691
mng,sex_m,age_ythadult_yge15,geo_cov_urb,2021,15.568
mng,sex_m,age_ythadult_yge15,geo_cov_urb,2022,11.956
mng,sex_m,age_ythadult_yge15,geo_cov_urb,2023,9.875
mng,sex_m,age_ythadult_yge15,geo_cov_urb,2024,8.762
mng,sex_m,age_ythadult_yge25,geo_cov_nat,2019,10.733
mng,sex_m,age_ythadult_yge25,geo_cov_nat,2020,8.488
mng,sex_m,age_ythadult_yge25,geo_cov_nat,2021,10.993
mng,sex_m,age_ythadult_yge25,geo_cov_nat,2022,8.879
mng,sex_m,age_ythadult_yge25,geo_cov_nat,2023,6.719
mng,sex_m,age_ythadult_yge25,geo_cov_nat,2024,6.495
mng,sex_m,age_ythadult_yge25,geo_cov_rur,2019,4.788
mng,sex_m,age_ythadult_yge25,geo_cov_rur,2020,4.807
mng,sex_m,age_ythadult_yge25,geo_cov_rur,2021,5.99
mng,sex_m,age_ythadult_yge25,geo_cov_rur,2022,4.654
mng,sex_m,age_ythadult_yge25,geo_cov_rur,2023,4.056
mng,sex_m,age_ythadult_yge25,geo_cov_rur,2024,1.487
mng,sex_m,age_ythadult_yge25,geo_cov_urb,2019,14.425
mng,sex_m,age_ythadult_yge25,geo_cov_urb,2020,10.609
mng,sex_m,age_ythadult_yge25,geo_cov_urb,2021,13.887
mng,sex_m,age_ythadult_yge25,geo_cov_urb,2022,11.163
mng,sex_m,age_ythadult_yge25,geo_cov_urb,2023,8.384
mng,sex_m,age_ythadult_yge25,geo_cov_urb,2024,7.684
mng,sex_t,age_aggregate_total,geo_cov_nat,2019,12.23
mng,sex_t,age_aggregate_total,geo_cov_nat,2020,10.456
mng,sex_t,age_aggregate_total,geo_cov_nat,2021,12.15
mng,sex_t,age_aggregate_total,geo_cov_nat,2022,8.755
mng,sex_t,age_aggregate_total,geo_cov_nat,2023,7.756
mng,sex_t,age_aggregate_total,geo_cov_nat,2024,7.297
mng,sex_t,age_aggregate_total,geo_cov_rur,2019,6.392
mng,sex_t,age_aggregate_total,geo_cov_rur,2020,5.88
mng,sex_t,age_aggregate_total,geo_cov_rur,2021,6.953
mng,sex_t,age_aggregate_total,geo_cov_rur,2022,4.843
mng,sex_t,age_aggregate_total,geo_cov_rur,2023,4.79
mng,sex_t,age_aggregate_total,geo_cov_rur,2024,2.54
mng,sex_t,age_aggregate_total,geo_cov_urb,2019,15.908
mng,sex_t,age_aggregate_total,geo_cov_urb,2020,13.134
mng,sex_t,age_aggregate_total,geo_cov_urb,2021,15.197
mng,sex_t,age_aggregate_total,geo_cov_urb,2022,10.932
mng,sex_t,age_aggregate_total,geo_cov_urb,2023,9.654
mng,sex_t,age_aggregate_total,geo_cov_urb,2024,8.403
mng,sex_t,age_aggregate_y15_24,geo_cov_nat,2019,24.57
mng,sex_t,age_aggregate_y15_24,geo_cov_nat,2020,22.095
mng,sex_t,age_aggregate_y15_24,geo_cov_nat,2021,24.178
mng,sex_t,age_aggregate_y15_24,geo_cov_nat,2022,16.562
mng,sex_t,age_aggregate_y15_24,geo_cov_nat,2023,16.716
mng,sex_t,age_aggregate_y15_24,geo_cov_nat,2024,16.586
mng,sex_t,age_aggregate_y15_24,geo_cov_rur,2019,14.268
mng,sex_t,age_aggregate_y15_24,geo_cov_rur,2020,11.287
mng,sex_t,age_aggregate_y15_24,geo_cov_rur,2021,14.281
mng,sex_t,age_aggregate_y15_24,geo_cov_rur,2022,9.84
mng,sex_t,age_aggregate_y15_24,geo_cov_rur,2023,10.975
mng,sex_t,age_aggregate_y15_24,geo_cov_rur,2024,7.514
mng,sex_t,age_aggregate_y15_24,geo_cov_urb,2019,31.467
mng,sex_t,age_aggregate_y15_24,geo_cov_urb,2020,29.672
mng,sex_t,age_aggregate_y15_24,geo_cov_urb,2021,31.1
mng,sex_t,age_aggregate_y15_24,geo_cov_urb,2022,20.328
mng,sex_t,age_aggregate_y15_24,geo_cov_urb,2023,20.871
mng,sex_t,age_aggregate_y15_24,geo_cov_urb,2024,19.211
mng,sex_t,age_aggregate_y25_54,geo_cov_nat,2019,10.549
mng,sex_t,age_aggregate_y25_54,geo_cov_nat,2020,9.216
mng,sex_t,age_aggregate_y25_54,geo_cov_nat,2021,11.172
mng,sex_t,age_aggregate_y25_54,geo_cov_nat,2022,7.882
mng,sex_t,age_aggregate_y25_54,geo_cov_nat,2023,6.598
mng,sex_t,age_aggregate_y25_54,geo_cov_nat,2024,6.386
mng,sex_t,age_aggregate_y25_54,geo_cov_rur,2019,5.631
mng,sex_t,age_aggregate_y25_54,geo_cov_rur,2020,5.411
mng,sex_t,age_aggregate_y25_54,geo_cov_rur,2021,6.327
mng,sex_t,age_aggregate_y25_54,geo_cov_rur,2022,4.494
mng,sex_t,age_aggregate_y25_54,geo_cov_rur,2023,4.343
mng,sex_t,age_aggregate_y25_54,geo_cov_rur,2024,2.216
mng,sex_t,age_aggregate_y25_54,geo_cov_urb,2019,13.45
mng,sex_t,age_aggregate_y25_54,geo_cov_urb,2020,11.27
mng,sex_t,age_aggregate_y25_54,geo_cov_urb,2021,13.778
mng,sex_t,age_aggregate_y25_54,geo_cov_urb,2022,9.692
mng,sex_t,age_aggregate_y25_54,geo_cov_urb,2023,7.927
mng,sex_t,age_aggregate_y25_54,geo_cov_urb,2024,7.276
mng,sex_t,age_aggregate_y55_64,geo_cov_nat,2019,11.463
mng,sex_t,age_aggregate_y55_64,geo_cov_nat,2020,6.423
mng,sex_t,age_aggregate_y55_64,geo_cov_nat,2021,7.74
mng,sex_t,age_aggregate_y55_64,geo_cov_nat,2022,7.404
mng,sex_t,age_aggregate_y55_64,geo_cov_nat,2023,8.514
mng,sex_t,age_aggregate_y55_64,geo_cov_nat,2024,6.006
mng,sex_t,age_aggregate_y55_64,geo_cov_rur,2019,3.558
mng,sex_t,age_aggregate_y55_64,geo_cov_rur,2020,3.028
mng,sex_t,age_aggregate_y55_64,geo_cov_rur,2021,4.769
mng,sex_t,age_aggregate_y55_64,geo_cov_rur,2022,2.991
mng,sex_t,age_aggregate_y55_64,geo_cov_rur,2023,2.793
mng,sex_t,age_aggregate_y55_64,geo_cov_urb,2019,18.385
mng,sex_t,age_aggregate_y55_64,geo_cov_urb,2020,9.384
mng,sex_t,age_aggregate_y55_64,geo_cov_urb,2021,10.373
mng,sex_t,age_aggregate_y55_64,geo_cov_urb,2022,10.432
mng,sex_t,age_aggregate_y55_64,geo_cov_urb,2023,13.767
mng,sex_t,age_aggregate_y55_64,geo_cov_urb,2024,7.71
mng,sex_t,age_aggregate_yge65,geo_cov_nat,2019,3.765
mng,sex_t,age_aggregate_yge65,geo_cov_nat,2020,2.911
mng,sex_t,age_aggregate_yge65,geo_cov_nat,2021,2.861
mng,sex_t,age_aggregate_yge65,geo_cov_nat,2022,6.391
mng,sex_t,age_aggregate_yge65,geo_cov_nat,2023,6.263
mng,sex_t,age_aggregate_yge65,geo_cov_nat,2024,5.996
mng,sex_t,age_aggregate_yge65,geo_cov_rur,2021,0.551
mng,sex_t,age_aggregate_yge65,geo_cov_urb,2019,9.872
mng,sex_t,age_aggregate_yge65,geo_cov_urb,2020,5.231
mng,sex_t,age_aggregate_yge65,geo_cov_urb,2022,13.721
mng,sex_t,age_aggregate_yge65,geo_cov_urb,2023,15.134
mng,sex_t,age_aggregate_yge65,geo_cov_urb,2024,9.717
mng,sex_t,age_ythadult_y15_24,geo_cov_nat,2019,24.57
mng,sex_t,age_ythadult_y15_24,geo_cov_nat,2020,22.095
mng,sex_t,age_ythadult_y15_24,geo_cov_nat,2021,24.178
mng,sex_t,age_ythadult_y15_24,geo_cov_nat,2022,16.562
mng,sex_t,age_ythadult_y15_24,geo_cov_nat,2023,16.716
mng,sex_t,age_ythadult_y15_24,geo_cov_nat,2024,16.586
mng,sex_t,age_ythadult_y15_24,geo_cov_rur,2019,14.268
mng,sex_t,age_ythadult_y15_24,geo_cov_rur,2020,11.287
mng,sex_t,age_ythadult_y15_24,geo_cov_rur,2021,14.281
mng,sex_t,age_ythadult_y15_24,geo_cov_rur,2022,9.84
mng,sex_t,age_ythadult_y15_24,geo_cov_rur,2023,10.975
mng,sex_t,age_ythadult_y15_24,geo_cov_rur,2024,7.514
mng,sex_t,age_ythadult_y15_24,geo_cov_urb,2019,31.467
mng,sex_t,age_ythadult_y15_24,geo_cov_urb,2020,29.672
mng,sex_t,age_ythadult_y15_24,geo_cov_urb,2021,31.1
mng,sex_t,age_ythadult_y15_24,geo_cov_urb,2022,20.328
mng,sex_t,age_ythadult_y15_24,geo_cov_urb,2023,20.871
mng,sex_t,age_ythadult_y15_24,geo_cov_urb,2024,19.211
mng,sex_t,age_ythadult_y15_64,geo_cov_nat,2019,12.366
mng,sex_t,age_ythadult_y15_64,geo_cov_nat,2020,10.565
mng,sex_t,age_ythadult_y15_64,geo_cov_nat,2021,12.28
mng,sex_t,age_ythadult_y15_64,geo_cov_nat,2022,8.792
mng,sex_t,age_ythadult_y15_64,geo_cov_nat,2023,7.783
mng,sex_t,age_ythadult_y15_64,geo_cov_nat,2024,7.318
mng,sex_t,age_ythadult_y15_64,geo_cov_rur,2019,6.555
mng,sex_t,age_ythadult_y15_64,geo_cov_rur,2020,5.985
mng,sex_t,age_ythadult_y15_64,geo_cov_rur,2021,7.118
mng,sex_t,age_ythadult_y15_64,geo_cov_rur,2022,4.944
mng,sex_t,age_ythadult_y15_64,geo_cov_rur,2023,4.892
mng,sex_t,age_ythadult_y15_64,geo_cov_urb,2019,15.964
mng,sex_t,age_ythadult_y15_64,geo_cov_urb,2020,13.216
mng,sex_t,age_ythadult_y15_64,geo_cov_urb,2021,15.253
mng,sex_t,age_ythadult_y15_64,geo_cov_urb,2022,10.903
mng,sex_t,age_ythadult_y15_64,geo_cov_urb,2023,9.597
mng,sex_t,age_ythadult_y15_64,geo_cov_urb,2024,8.387
mng,sex_t,age_ythadult_yge15,geo_cov_nat,2019,12.23
mng,sex_t,age_ythadult_yge15,geo_cov_nat,2020,10.456
mng,sex_t,age_ythadult_yge15,geo_cov_nat,2021,12.15
mng,sex_t,age_ythadult_yge15,geo_cov_nat,2022,8.755
mng,sex_t,age_ythadult_yge15,geo_cov_nat,2023,7.756
mng,sex_t,age_ythadult_yge15,geo_cov_nat,2024,7.297
mng,sex_t,age_ythadult_yge15,geo_cov_rur,2019,6.392
mng,sex_t,age_ythadult_yge15,geo_cov_rur,2020,5.88
mng,sex_t,age_ythadult_yge15,geo_cov_rur,2021,6.953
mng,sex_t,age_ythadult_yge15,geo_cov_rur,2022,4.843
mng,sex_t,age_ythadult_yge15,geo_cov_rur,2023,4.79
mng,sex_t,age_ythadult_yge15,geo_cov_rur,2024,2.54
mng,sex_t,age_ythadult_yge15,geo_cov_urb,2019,15.908
mng,sex_t,age_ythadult_yge15,geo_cov_urb,2020,13.134
mng,sex_t,age_ythadult_yge15,geo_cov_urb,2021,15.197
mng,sex_t,age_ythadult_yge15,geo_cov_urb,2022,10.932
mng,sex_t,age_ythadult_yge15,geo_cov_urb,2023,9.654
mng,sex_t,age_ythadult_yge15,geo_cov_urb,2024,8.403
mng,sex_t,age_ythadult_yge25,geo_cov_nat,2019,10.508
mng,sex_t,age_ythadult_yge25,geo_cov_nat,2020,8.882
mng,sex_t,age_ythadult_yge25,geo_cov_nat,2021,10.756
mng,sex_t,age_ythadult_yge25,geo_cov_nat,2022,7.813
mng,sex_t,age_ythadult_yge25,geo_cov_nat,2023,6.78
mng,sex_t,age_ythadult_yge25,geo_cov_nat,2024,6.343
mng,sex_t,age_ythadult_yge25,geo_cov_rur,2019,5.246
mng,sex_t,age_ythadult_yge25,geo_cov_rur,2020,5.05
mng,sex_t,age_ythadult_yge25,geo_cov_rur,2021,5.995
mng,sex_t,age_ythadult_yge25,geo_cov_rur,2022,4.237
mng,sex_t,age_ythadult_yge25,geo_cov_rur,2023,4.06
mng,sex_t,age_ythadult_yge25,geo_cov_rur,2024,1.92
mng,sex_t,age_ythadult_yge25,geo_cov_urb,2019,13.796
mng,sex_t,age_ythadult_yge25,geo_cov_urb,2020,11.069
mng,sex_t,age_ythadult_yge25,geo_cov_urb,2021,13.49
mng,sex_t,age_ythadult_yge25,geo_cov_urb,2022,9.801
mng,sex_t,age_ythadult_yge25,geo_cov_urb,2023,8.498
mng,sex_t,age_ythadult_yge25,geo_cov_urb,2024,7.347
mrt,sex_f,age_aggregate_total,geo_cov_nat,2017,25.946
mrt,sex_f,age_aggregate_total,geo_cov_nat,2019,50.778
mrt,sex_f,age_aggregate_total,geo_cov_rur,2017,24.528
mrt,sex_f,age_aggregate_total,geo_cov_rur,2019,50.009
mrt,sex_f,age_aggregate_total,geo_cov_urb,2017,27.163
mrt,sex_f,age_aggregate_total,geo_cov_urb,2019,51.513
mrt,sex_f,age_aggregate_y15_24,geo_cov_nat,2017,50.593
mrt,sex_f,age_aggregate_y15_24,geo_cov_nat,2019,72.978
mrt,sex_f,age_aggregate_y15_24,geo_cov_rur,2017,47.956
mrt,sex_f,age_aggregate_y15_24,geo_cov_rur,2019,71.308
mrt,sex_f,age_aggregate_y15_24,geo_cov_urb,2017,53.878
mrt,sex_f,age_aggregate_y15_24,geo_cov_urb,2019,75.006
mrt,sex_f,age_aggregate_y25_54,geo_cov_nat,2017,20.856
mrt,sex_f,age_aggregate_y25_54,geo_cov_nat,2019,44.569
mrt,sex_f,age_aggregate_y25_54,geo_cov_rur,2017,18.117
mrt,sex_f,age_aggregate_y25_54,geo_cov_rur,2019,43.11
mrt,sex_f,age_aggregate_y25_54,geo_cov_urb,2017,22.875
mrt,sex_f,age_aggregate_y25_54,geo_cov_urb,2019,45.816
mrt,sex_f,age_aggregate_y55_64,geo_cov_nat,2017,11.71
mrt,sex_f,age_aggregate_y55_64,geo_cov_nat,2019,25.037
mrt,sex_f,age_aggregate_y55_64,geo_cov_rur,2017,11.22
mrt,sex_f,age_aggregate_y55_64,geo_cov_rur,2019,20.016
mrt,sex_f,age_aggregate_y55_64,geo_cov_urb,2017,12.212
mrt,sex_f,age_aggregate_y55_64,geo_cov_urb,2019,29.591
mrt,sex_f,age_aggregate_yge65,geo_cov_nat,2019,24.416
mrt,sex_f,age_aggregate_yge65,geo_cov_rur,2019,25.297
mrt,sex_f,age_aggregate_yge65,geo_cov_urb,2019,23.195
mrt,sex_f,age_ythadult_y15_24,geo_cov_nat,2017,50.593
mrt,sex_f,age_ythadult_y15_24,geo_cov_nat,2019,72.978
mrt,sex_f,age_ythadult_y15_24,geo_cov_rur,2017,47.956
mrt,sex_f,age_ythadult_y15_24,geo_cov_rur,2019,71.308
mrt,sex_f,age_ythadult_y15_24,geo_cov_urb,2017,53.878
mrt,sex_f,age_ythadult_y15_24,geo_cov_urb,2019,75.006
mrt,sex_f,age_ythadult_y15_64,geo_cov_nat,2017,26.504
mrt,sex_f,age_ythadult_y15_64,geo_cov_nat,2019,51.345
mrt,sex_f,age_ythadult_y15_64,geo_cov_rur,2017,25.245
mrt,sex_f,age_ythadult_y15_64,geo_cov_rur,2019,50.644
mrt,sex_f,age_ythadult_y15_64,geo_cov_urb,2017,27.57
mrt,sex_f,age_ythadult_y15_64,geo_cov_urb,2019,52.009
mrt,sex_f,age_ythadult_yge15,geo_cov_nat,2017,25.946
mrt,sex_f,age_ythadult_yge15,geo_cov_nat,2019,50.778
mrt,sex_f,age_ythadult_yge15,geo_cov_rur,2017,24.528
mrt,sex_f,age_ythadult_yge15,geo_cov_rur,2019,50.009
mrt,sex_f,age_ythadult_yge15,geo_cov_urb,2017,27.163
mrt,sex_f,age_ythadult_yge15,geo_cov_urb,2019,51.513
mrt,sex_f,age_ythadult_yge25,geo_cov_nat,2017,19.421
mrt,sex_f,age_ythadult_yge25,geo_cov_nat,2019,42.319
mrt,sex_f,age_ythadult_yge25,geo_cov_rur,2017,16.665
mrt,sex_f,age_ythadult_yge25,geo_cov_rur,2019,40.453
mrt,sex_f,age_ythadult_yge25,geo_cov_urb,2017,21.564
mrt,sex_f,age_ythadult_yge25,geo_cov_urb,2019,43.945
mrt,sex_m,age_aggregate_total,geo_cov_nat,2017,16.31
mrt,sex_m,age_aggregate_total,geo_cov_nat,2019,23.11
mrt,sex_m,age_aggregate_total,geo_cov_rur,2017,14.014
mrt,sex_m,age_aggregate_total,geo_cov_rur,2019,19.427
mrt,sex_m,age_aggregate_total,geo_cov_urb,2017,18.021
mrt,sex_m,age_aggregate_total,geo_cov_urb,2019,25.775
mrt,sex_m,age_aggregate_y15_24,geo_cov_nat,2017,33.55
mrt,sex_m,age_aggregate_y15_24,geo_cov_nat,2019,50.197
mrt,sex_m,age_aggregate_y15_24,geo_cov_rur,2017,32.679
mrt,sex_m,age_aggregate_y15_24,geo_cov_rur,2019,45.468
mrt,sex_m,age_aggregate_y15_24,geo_cov_urb,2017,34.199
mrt,sex_m,age_aggregate_y15_24,geo_cov_urb,2019,53.462
mrt,sex_m,age_aggregate_y25_54,geo_cov_nat,2017,13.567
mrt,sex_m,age_aggregate_y25_54,geo_cov_nat,2019,15.067
mrt,sex_m,age_aggregate_y25_54,geo_cov_rur,2017,10.955
mrt,sex_m,age_aggregate_y25_54,geo_cov_rur,2019,11.479
mrt,sex_m,age_aggregate_y25_54,geo_cov_urb,2017,15.31
mrt,sex_m,age_aggregate_y25_54,geo_cov_urb,2019,17.409
mrt,sex_m,age_aggregate_y55_64,geo_cov_nat,2017,8.159
mrt,sex_m,age_aggregate_y55_64,geo_cov_nat,2019,7.795
mrt,sex_m,age_aggregate_y55_64,geo_cov_rur,2017,7.184
mrt,sex_m,age_aggregate_y55_64,geo_cov_rur,2019,9.052
mrt,sex_m,age_aggregate_y55_64,geo_cov_urb,2017,8.98
mrt,sex_m,age_aggregate_y55_64,geo_cov_urb,2019,6.513
mrt,sex_m,age_aggregate_yge65,geo_cov_nat,2017,7.423
mrt,sex_m,age_aggregate_yge65,geo_cov_nat,2019,8.593
mrt,sex_m,age_aggregate_yge65,geo_cov_rur,2017,5.216
mrt,sex_m,age_aggregate_yge65,geo_cov_rur,2019,7.755
mrt,sex_m,age_aggregate_yge65,geo_cov_urb,2017,12.145
mrt,sex_m,age_aggregate_yge65,geo_cov_urb,2019,9.995
mrt,sex_m,age_ythadult_y15_24,geo_cov_nat,2017,33.55
mrt,sex_m,age_ythadult_y15_24,geo_cov_nat,2019,50.197
mrt,sex_m,age_ythadult_y15_24,geo_cov_rur,2017,32.679
mrt,sex_m,age_ythadult_y15_24,geo_cov_rur,2019,45.468
mrt,sex_m,age_ythadult_y15_24,geo_cov_urb,2017,34.199
mrt,sex_m,age_ythadult_y15_24,geo_cov_urb,2019,53.462
mrt,sex_m,age_ythadult_y15_64,geo_cov_nat,2017,16.822
mrt,sex_m,age_ythadult_y15_64,geo_cov_nat,2019,23.879
mrt,sex_m,age_ythadult_y15_64,geo_cov_rur,2017,14.852
mrt,sex_m,age_ythadult_y15_64,geo_cov_rur,2019,20.373
mrt,sex_m,age_ythadult_y15_64,geo_cov_urb,2017,18.204
mrt,sex_m,age_ythadult_y15_64,geo_cov_urb,2019,26.304
mrt,sex_m,age_ythadult_yge15,geo_cov_nat,2017,16.31
mrt,sex_m,age_ythadult_yge15,geo_cov_nat,2019,23.11
mrt,sex_m,age_ythadult_yge15,geo_cov_rur,2017,14.014
mrt,sex_m,age_ythadult_yge15,geo_cov_rur,2019,19.427
mrt,sex_m,age_ythadult_yge15,geo_cov_urb,2017,18.021
mrt,sex_m,age_ythadult_yge15,geo_cov_urb,2019,25.775
mrt,sex_m,age_ythadult_yge25,geo_cov_nat,2017,12.388
mrt,sex_m,age_ythadult_yge25,geo_cov_nat,2019,13.756
mrt,sex_m,age_ythadult_yge25,geo_cov_rur,2017,9.769
mrt,sex_m,age_ythadult_yge25,geo_cov_rur,2019,10.76
mrt,sex_m,age_ythadult_yge25,geo_cov_urb,2017,14.341
mrt,sex_m,age_ythadult_yge25,geo_cov_urb,2019,15.959
mrt,sex_t,age_aggregate_total,geo_cov_nat,2017,20.2
mrt,sex_t,age_aggregate_total,geo_cov_nat,2019,35.377
mrt,sex_t,age_aggregate_total,geo_cov_rur,2017,18.459
mrt,sex_t,age_aggregate_total,geo_cov_rur,2019,34.135
mrt,sex_t,age_aggregate_total,geo_cov_urb,2017,21.574
mrt,sex_t,age_aggregate_total,geo_cov_urb,2019,36.395
mrt,sex_t,age_aggregate_y15_24,geo_cov_nat,2017,40.935
mrt,sex_t,age_aggregate_y15_24,geo_cov_nat,2019,60.705
mrt,sex_t,age_aggregate_y15_24,geo_cov_rur,2017,40.292
mrt,sex_t,age_aggregate_y15_24,geo_cov_rur,2019,59.284
mrt,sex_t,age_aggregate_y15_24,geo_cov_urb,2017,41.535
mrt,sex_t,age_aggregate_y15_24,geo_cov_urb,2019,61.979
mrt,sex_t,age_aggregate_y25_54,geo_cov_nat,2017,16.631
mrt,sex_t,age_aggregate_y25_54,geo_cov_nat,2019,28.588
mrt,sex_t,age_aggregate_y25_54,geo_cov_rur,2017,14.067
mrt,sex_t,age_aggregate_y25_54,geo_cov_rur,2019,27.192
mrt,sex_t,age_aggregate_y25_54,geo_cov_urb,2017,18.414
mrt,sex_t,age_aggregate_y25_54,geo_cov_urb,2019,29.62
mrt,sex_t,age_aggregate_y55_64,geo_cov_nat,2017,9.266
mrt,sex_t,age_aggregate_y55_64,geo_cov_nat,2019,13.919
mrt,sex_t,age_aggregate_y55_64,geo_cov_rur,2017,8.532
mrt,sex_t,age_aggregate_y55_64,geo_cov_rur,2019,12.797
mrt,sex_t,age_aggregate_y55_64,geo_cov_urb,2017,9.923
mrt,sex_t,age_aggregate_y55_64,geo_cov_urb,2019,15.017
mrt,sex_t,age_aggregate_yge65,geo_cov_nat,2017,6.307
mrt,sex_t,age_aggregate_yge65,geo_cov_nat,2019,12.548
mrt,sex_t,age_aggregate_yge65,geo_cov_rur,2017,4.47
mrt,sex_t,age_aggregate_yge65,geo_cov_rur,2019,11.901
mrt,sex_t,age_aggregate_yge65,geo_cov_urb,2017,9.937
mrt,sex_t,age_aggregate_yge65,geo_cov_urb,2019,13.58
mrt,sex_t,age_ythadult_y15_24,geo_cov_nat,2017,40.935
mrt,sex_t,age_ythadult_y15_24,geo_cov_nat,2019,60.705
mrt,sex_t,age_ythadult_y15_24,geo_cov_rur,2017,40.292
mrt,sex_t,age_ythadult_y15_24,geo_cov_rur,2019,59.284
mrt,sex_t,age_ythadult_y15_24,geo_cov_urb,2017,41.535
mrt,sex_t,age_ythadult_y15_24,geo_cov_urb,2019,61.979
mrt,sex_t,age_ythadult_y15_64,geo_cov_nat,2017,20.806
mrt,sex_t,age_ythadult_y15_64,geo_cov_nat,2019,36.262
mrt,sex_t,age_ythadult_y15_64,geo_cov_rur,2017,19.399
mrt,sex_t,age_ythadult_y15_64,geo_cov_rur,2019,35.329
mrt,sex_t,age_ythadult_y15_64,geo_cov_urb,2017,21.874
mrt,sex_t,age_ythadult_y15_64,geo_cov_urb,2019,37.008
mrt,sex_t,age_ythadult_yge15,geo_cov_nat,2017,20.2
mrt,sex_t,age_ythadult_yge15,geo_cov_nat,2019,35.377
mrt,sex_t,age_ythadult_yge15,geo_cov_rur,2017,18.459
mrt,sex_t,age_ythadult_yge15,geo_cov_rur,2019,34.135
mrt,sex_t,age_ythadult_yge15,geo_cov_urb,2017,21.574
mrt,sex_t,age_ythadult_yge15,geo_cov_urb,2019,36.395
mrt,sex_t,age_ythadult_yge25,geo_cov_nat,2017,15.177
mrt,sex_t,age_ythadult_yge25,geo_cov_nat,2019,26.235
mrt,sex_t,age_ythadult_yge25,geo_cov_rur,2017,12.544
mrt,sex_t,age_ythadult_yge25,geo_cov_rur,2019,24.424
mrt,sex_t,age_ythadult_yge25,geo_cov_urb,2017,17.173
mrt,sex_t,age_ythadult_yge25,geo_cov_urb,2019,27.671
mwi,sex_f,age_aggregate_total,geo_cov_nat,2005,6.073
mwi,sex_f,age_aggregate_total,geo_cov_nat,2011,12.543
mwi,sex_f,age_aggregate_total,geo_cov_nat,2013,10.751
mwi,sex_f,age_aggregate_total,geo_cov_nat,2017,24.855
mwi,sex_f,age_aggregate_total,geo_cov_rur,2005,3.813
mwi,sex_f,age_aggregate_total,geo_cov_rur,2011,7.656
mwi,sex_f,age_aggregate_total,geo_cov_rur,2013,9.263
mwi,sex_f,age_aggregate_total,geo_cov_rur,2017,22.915
mwi,sex_f,age_aggregate_total,geo_cov_urb,2005,28.993
mwi,sex_f,age_aggregate_total,geo_cov_urb,2011,39.519
mwi,sex_f,age_aggregate_total,geo_cov_urb,2013,23.41
mwi,sex_f,age_aggregate_total,geo_cov_urb,2017,33.101
mwi,sex_f,age_aggregate_y15_24,geo_cov_nat,2005,10.297
mwi,sex_f,age_aggregate_y15_24,geo_cov_nat,2011,17.837
mwi,sex_f,age_aggregate_y15_24,geo_cov_nat,2013,13.454
mwi,sex_f,age_aggregate_y15_24,geo_cov_nat,2017,32.963
mwi,sex_f,age_aggregate_y15_24,geo_cov_rur,2005,6.726
mwi,sex_f,age_aggregate_y15_24,geo_cov_rur,2011,11.418
mwi,sex_f,age_aggregate_y15_24,geo_cov_rur,2013,10.976
mwi,sex_f,age_aggregate_y15_24,geo_cov_rur,2017,29.371
mwi,sex_f,age_aggregate_y15_24,geo_cov_urb,2005,46.573
mwi,sex_f,age_aggregate_y15_24,geo_cov_urb,2011,50.655
mwi,sex_f,age_aggregate_y15_24,geo_cov_urb,2013,37.084
mwi,sex_f,age_aggregate_y15_24,geo_cov_urb,2017,51.049
mwi,sex_f,age_aggregate_y25_54,geo_cov_nat,2005,4.573
mwi,sex_f,age_aggregate_y25_54,geo_cov_nat,2011,11.042
mwi,sex_f,age_aggregate_y25_54,geo_cov_nat,2013,9.776
mwi,sex_f,age_aggregate_y25_54,geo_cov_nat,2017,22.028
mwi,sex_f,age_aggregate_y25_54,geo_cov_rur,2005,2.717
mwi,sex_f,age_aggregate_y25_54,geo_cov_rur,2011,6.385
mwi,sex_f,age_aggregate_y25_54,geo_cov_rur,2013,8.559
mwi,sex_f,age_aggregate_y25_54,geo_cov_rur,2017,20.538
mwi,sex_f,age_aggregate_y25_54,geo_cov_urb,2005,20.497
mwi,sex_f,age_aggregate_y25_54,geo_cov_urb,2011,34.354
mwi,sex_f,age_aggregate_y25_54,geo_cov_urb,2013,18.722
mwi,sex_f,age_aggregate_y25_54,geo_cov_urb,2017,27.278
mwi,sex_f,age_aggregate_y55_64,geo_cov_nat,2005,2.008
mwi,sex_f,age_aggregate_y55_64,geo_cov_nat,2011,8.281
mwi,sex_f,age_aggregate_y55_64,geo_cov_nat,2013,7.853
mwi,sex_f,age_aggregate_y55_64,geo_cov_nat,2017,18.616
mwi,sex_f,age_aggregate_y55_64,geo_cov_rur,2005,1.356
mwi,sex_f,age_aggregate_y55_64,geo_cov_rur,2011,5.421
mwi,sex_f,age_aggregate_y55_64,geo_cov_rur,2013,7.476
mwi,sex_f,age_aggregate_y55_64,geo_cov_rur,2017,18.84
mwi,sex_f,age_aggregate_y55_64,geo_cov_urb,2005,14.943
mwi,sex_f,age_aggregate_y55_64,geo_cov_urb,2011,32.734
mwi,sex_f,age_aggregate_y55_64,geo_cov_urb,2013,12.758
mwi,sex_f,age_aggregate_y55_64,geo_cov_urb,2017,17.237
mwi,sex_f,age_aggregate_yge65,geo_cov_nat,2005,0.748
mwi,sex_f,age_aggregate_yge65,geo_cov_nat,2011,3.385
mwi,sex_f,age_aggregate_yge65,geo_cov_nat,2013,9.927
mwi,sex_f,age_aggregate_yge65,geo_cov_nat,2017,17.345
mwi,sex_f,age_aggregate_yge65,geo_cov_rur,2011,2.993
mwi,sex_f,age_aggregate_yge65,geo_cov_rur,2013,9.52
mwi,sex_f,age_aggregate_yge65,geo_cov_rur,2017,16.646
mwi,sex_f,age_aggregate_yge65,geo_cov_urb,2013,20.916
mwi,sex_f,age_aggregate_yge65,geo_cov_urb,2017,26.242
mwi,sex_f,age_ythadult_y15_24,geo_cov_nat,2005,10.297
mwi,sex_f,age_ythadult_y15_24,geo_cov_nat,2011,17.837
mwi,sex_f,age_ythadult_y15_24,geo_cov_nat,2013,13.454
mwi,sex_f,age_ythadult_y15_24,geo_cov_nat,2017,32.963
mwi,sex_f,age_ythadult_y15_24,geo_cov_rur,2005,6.726
mwi,sex_f,age_ythadult_y15_24,geo_cov_rur,2011,11.418
mwi,sex_f,age_ythadult_y15_24,geo_cov_rur,2013,10.976
mwi,sex_f,age_ythadult_y15_24,geo_cov_rur,2017,29.371
mwi,sex_f,age_ythadult_y15_24,geo_cov_urb,2005,46.573
mwi,sex_f,age_ythadult_y15_24,geo_cov_urb,2011,50.655
mwi,sex_f,age_ythadult_y15_24,geo_cov_urb,2013,37.084
mwi,sex_f,age_ythadult_y15_24,geo_cov_urb,2017,51.049
mwi,sex_f,age_ythadult_y15_64,geo_cov_nat,2005,6.464
mwi,sex_f,age_ythadult_y15_64,geo_cov_nat,2011,13.134
mwi,sex_f,age_ythadult_y15_64,geo_cov_nat,2013,10.793
mwi,sex_f,age_ythadult_y15_64,geo_cov_nat,2017,25.355
mwi,sex_f,age_ythadult_y15_64,geo_cov_rur,2005,4.079
mwi,sex_f,age_ythadult_y15_64,geo_cov_rur,2011,8.002
mwi,sex_f,age_ythadult_y15_64,geo_cov_rur,2013,9.248
mwi,sex_f,age_ythadult_y15_64,geo_cov_rur,2017,23.398
mwi,sex_f,age_ythadult_y15_64,geo_cov_urb,2005,29.357
mwi,sex_f,age_ythadult_y15_64,geo_cov_urb,2011,39.857
mwi,sex_f,age_ythadult_y15_64,geo_cov_urb,2013,23.452
mwi,sex_f,age_ythadult_y15_64,geo_cov_urb,2017,33.269
mwi,sex_f,age_ythadult_yge15,geo_cov_nat,2005,6.073
mwi,sex_f,age_ythadult_yge15,geo_cov_nat,2011,12.543
mwi,sex_f,age_ythadult_yge15,geo_cov_nat,2013,10.751
mwi,sex_f,age_ythadult_yge15,geo_cov_nat,2017,24.855
mwi,sex_f,age_ythadult_yge15,geo_cov_rur,2005,3.813
mwi,sex_f,age_ythadult_yge15,geo_cov_rur,2011,7.656
mwi,sex_f,age_ythadult_yge15,geo_cov_rur,2013,9.263
mwi,sex_f,age_ythadult_yge15,geo_cov_rur,2017,22.915
mwi,sex_f,age_ythadult_yge15,geo_cov_urb,2005,28.993
mwi,sex_f,age_ythadult_yge15,geo_cov_urb,2011,39.519
mwi,sex_f,age_ythadult_yge15,geo_cov_urb,2013,23.41
mwi,sex_f,age_ythadult_yge15,geo_cov_urb,2017,33.101
mwi,sex_f,age_ythadult_yge25,geo_cov_nat,2005,3.878
mwi,sex_f,age_ythadult_yge25,geo_cov_nat,2011,10.09
mwi,sex_f,age_ythadult_yge25,geo_cov_nat,2013,9.612
mwi,sex_f,age_ythadult_yge25,geo_cov_nat,2017,21.331
mwi,sex_f,age_ythadult_yge25,geo_cov_rur,2005,2.298
mwi,sex_f,age_ythadult_yge25,geo_cov_rur,2011,5.944
mwi,sex_f,age_ythadult_yge25,geo_cov_rur,2013,8.529
mwi,sex_f,age_ythadult_yge25,geo_cov_rur,2017,19.985
mwi,sex_f,age_ythadult_yge25,geo_cov_urb,2005,19.881
mwi,sex_f,age_ythadult_yge25,geo_cov_urb,2011,33.843
mwi,sex_f,age_ythadult_yge25,geo_cov_urb,2013,18.418
mwi,sex_f,age_ythadult_yge25,geo_cov_urb,2017,26.675
mwi,sex_m,age_aggregate_total,geo_cov_nat,2005,3.844
mwi,sex_m,age_aggregate_total,geo_cov_nat,2011,7.189
mwi,sex_m,age_aggregate_total,geo_cov_nat,2013,6.191
mwi,sex_m,age_aggregate_total,geo_cov_nat,2017,16.026
mwi,sex_m,age_aggregate_total,geo_cov_rur,2005,2.81
mwi,sex_m,age_aggregate_total,geo_cov_rur,2011,6.038
mwi,sex_m,age_aggregate_total,geo_cov_rur,2013,5.441
mwi,sex_m,age_aggregate_total,geo_cov_rur,2017,16.917
mwi,sex_m,age_aggregate_total,geo_cov_urb,2005,10.576
mwi,sex_m,age_aggregate_total,geo_cov_urb,2011,12.598
mwi,sex_m,age_aggregate_total,geo_cov_urb,2013,11.045
mwi,sex_m,age_aggregate_total,geo_cov_urb,2017,12.722
mwi,sex_m,age_aggregate_y15_24,geo_cov_nat,2005,8.473
mwi,sex_m,age_aggregate_y15_24,geo_cov_nat,2011,13.934
mwi,sex_m,age_aggregate_y15_24,geo_cov_nat,2013,10.841
mwi,sex_m,age_aggregate_y15_24,geo_cov_nat,2017,24.321
mwi,sex_m,age_aggregate_y15_24,geo_cov_rur,2005,6.428
mwi,sex_m,age_aggregate_y15_24,geo_cov_rur,2011,10.544
mwi,sex_m,age_aggregate_y15_24,geo_cov_rur,2013,9
mwi,sex_m,age_aggregate_y15_24,geo_cov_rur,2017,23.381
mwi,sex_m,age_aggregate_y15_24,geo_cov_urb,2005,26.311
mwi,sex_m,age_aggregate_y15_24,geo_cov_urb,2011,33.367
mwi,sex_m,age_aggregate_y15_24,geo_cov_urb,2013,25.542
mwi,sex_m,age_aggregate_y15_24,geo_cov_urb,2017,29.285
mwi,sex_m,age_aggregate_y25_54,geo_cov_nat,2005,1.897
mwi,sex_m,age_aggregate_y25_54,geo_cov_nat,2011,4.562
mwi,sex_m,age_aggregate_y25_54,geo_cov_nat,2013,3.949
mwi,sex_m,age_aggregate_y25_54,geo_cov_nat,2017,12.095
mwi,sex_m,age_aggregate_y25_54,geo_cov_rur,2005,1.143
mwi,sex_m,age_aggregate_y25_54,geo_cov_rur,2011,4.243
mwi,sex_m,age_aggregate_y25_54,geo_cov_rur,2013,3.464
mwi,sex_m,age_aggregate_y25_54,geo_cov_rur,2017,13.581
mwi,sex_m,age_aggregate_y25_54,geo_cov_urb,2005,5.638
mwi,sex_m,age_aggregate_y25_54,geo_cov_urb,2011,5.818
mwi,sex_m,age_aggregate_y25_54,geo_cov_urb,2013,6.643
mwi,sex_m,age_aggregate_y25_54,geo_cov_urb,2017,7.764
mwi,sex_m,age_aggregate_y55_64,geo_cov_nat,2005,1.146
mwi,sex_m,age_aggregate_y55_64,geo_cov_nat,2011,3.541
mwi,sex_m,age_aggregate_y55_64,geo_cov_nat,2013,8.567
mwi,sex_m,age_aggregate_y55_64,geo_cov_nat,2017,14.3
mwi,sex_m,age_aggregate_y55_64,geo_cov_rur,2005,0.947
mwi,sex_m,age_aggregate_y55_64,geo_cov_rur,2011,3.15
mwi,sex_m,age_aggregate_y55_64,geo_cov_rur,2013,9.111
mwi,sex_m,age_aggregate_y55_64,geo_cov_rur,2017,15.535
mwi,sex_m,age_aggregate_y55_64,geo_cov_urb,2011,6.265
mwi,sex_m,age_aggregate_y55_64,geo_cov_urb,2013,3.967
mwi,sex_m,age_aggregate_y55_64,geo_cov_urb,2017,8.508
mwi,sex_m,age_aggregate_yge65,geo_cov_nat,2005,0.562
mwi,sex_m,age_aggregate_yge65,geo_cov_nat,2011,4.677
mwi,sex_m,age_aggregate_yge65,geo_cov_nat,2013,4.954
mwi,sex_m,age_aggregate_yge65,geo_cov_nat,2017,14.348
mwi,sex_m,age_aggregate_yge65,geo_cov_rur,2011,4.322
mwi,sex_m,age_aggregate_yge65,geo_cov_rur,2013,4.365
mwi,sex_m,age_aggregate_yge65,geo_cov_rur,2017,14.726
mwi,sex_m,age_aggregate_yge65,geo_cov_urb,2011,8.206
mwi,sex_m,age_aggregate_yge65,geo_cov_urb,2013,12.986
mwi,sex_m,age_aggregate_yge65,geo_cov_urb,2017,11.208
mwi,sex_m,age_ythadult_y15_24,geo_cov_nat,2005,8.473
mwi,sex_m,age_ythadult_y15_24,geo_cov_nat,2011,13.934
mwi,sex_m,age_ythadult_y15_24,geo_cov_nat,2013,10.841
mwi,sex_m,age_ythadult_y15_24,geo_cov_nat,2017,24.321
mwi,sex_m,age_ythadult_y15_24,geo_cov_rur,2005,6.428
mwi,sex_m,age_ythadult_y15_24,geo_cov_rur,2011,10.544
mwi,sex_m,age_ythadult_y15_24,geo_cov_rur,2013,9
mwi,sex_m,age_ythadult_y15_24,geo_cov_rur,2017,23.381
mwi,sex_m,age_ythadult_y15_24,geo_cov_urb,2005,26.311
mwi,sex_m,age_ythadult_y15_24,geo_cov_urb,2011,33.367
mwi,sex_m,age_ythadult_y15_24,geo_cov_urb,2013,25.542
mwi,sex_m,age_ythadult_y15_24,geo_cov_urb,2017,29.285
mwi,sex_m,age_ythadult_y15_64,geo_cov_nat,2005,4.068
mwi,sex_m,age_ythadult_y15_64,geo_cov_nat,2011,7.35
mwi,sex_m,age_ythadult_y15_64,geo_cov_nat,2013,6.259
mwi,sex_m,age_ythadult_y15_64,geo_cov_nat,2017,16.134
mwi,sex_m,age_ythadult_y15_64,geo_cov_rur,2005,2.996
mwi,sex_m,age_ythadult_y15_64,geo_cov_rur,2011,6.16
mwi,sex_m,age_ythadult_y15_64,geo_cov_rur,2013,5.505
mwi,sex_m,age_ythadult_y15_64,geo_cov_rur,2017,17.079
mwi,sex_m,age_ythadult_y15_64,geo_cov_urb,2005,10.72
mwi,sex_m,age_ythadult_y15_64,geo_cov_urb,2011,12.739
mwi,sex_m,age_ythadult_y15_64,geo_cov_urb,2013,10.992
mwi,sex_m,age_ythadult_y15_64,geo_cov_urb,2017,12.77
mwi,sex_m,age_ythadult_yge15,geo_cov_nat,2005,3.844
mwi,sex_m,age_ythadult_yge15,geo_cov_nat,2011,7.189
mwi,sex_m,age_ythadult_yge15,geo_cov_nat,2013,6.191
mwi,sex_m,age_ythadult_yge15,geo_cov_nat,2017,16.026
mwi,sex_m,age_ythadult_yge15,geo_cov_rur,2005,2.81
mwi,sex_m,age_ythadult_yge15,geo_cov_rur,2011,6.038
mwi,sex_m,age_ythadult_yge15,geo_cov_rur,2013,5.441
mwi,sex_m,age_ythadult_yge15,geo_cov_rur,2017,16.917
mwi,sex_m,age_ythadult_yge15,geo_cov_urb,2005,10.576
mwi,sex_m,age_ythadult_yge15,geo_cov_urb,2011,12.598
mwi,sex_m,age_ythadult_yge15,geo_cov_urb,2013,11.045
mwi,sex_m,age_ythadult_yge15,geo_cov_urb,2017,12.722
mwi,sex_m,age_ythadult_yge25,geo_cov_nat,2005,1.685
mwi,sex_m,age_ythadult_yge25,geo_cov_nat,2011,4.479
mwi,sex_m,age_ythadult_yge25,geo_cov_nat,2013,4.405
mwi,sex_m,age_ythadult_yge25,geo_cov_nat,2017,12.497
mwi,sex_m,age_ythadult_yge25,geo_cov_rur,2005,1.034
mwi,sex_m,age_ythadult_yge25,geo_cov_rur,2011,4.143
mwi,sex_m,age_ythadult_yge25,geo_cov_rur,2013,4.024
mwi,sex_m,age_ythadult_yge25,geo_cov_rur,2017,13.894
mwi,sex_m,age_ythadult_yge25,geo_cov_urb,2005,5.453
mwi,sex_m,age_ythadult_yge25,geo_cov_urb,2011,5.944
mwi,sex_m,age_ythadult_yge25,geo_cov_urb,2013,6.696
mwi,sex_m,age_ythadult_yge25,geo_cov_urb,2017,7.952
mwi,sex_t,age_aggregate_total,geo_cov_nat,2005,4.956
mwi,sex_t,age_aggregate_total,geo_cov_nat,2011,9.873
mwi,sex_t,age_aggregate_total,geo_cov_nat,2013,8.537
mwi,sex_t,age_aggregate_total,geo_cov_nat,2017,20.606
mwi,sex_t,age_aggregate_total,geo_cov_rur,2005,3.323
mwi,sex_t,age_aggregate_total,geo_cov_rur,2011,6.86
mwi,sex_t,age_aggregate_total,geo_cov_rur,2013,7.438
mwi,sex_t,age_aggregate_total,geo_cov_rur,2017,20.07
mwi,sex_t,age_aggregate_total,geo_cov_urb,2005,17.97
mwi,sex_t,age_aggregate_total,geo_cov_urb,2011,25.19
mwi,sex_t,age_aggregate_total,geo_cov_urb,2013,16.662
mwi,sex_t,age_aggregate_total,geo_cov_urb,2017,22.736
mwi,sex_t,age_aggregate_y15_24,geo_cov_nat,2005,9.416
mwi,sex_t,age_aggregate_y15_24,geo_cov_nat,2011,15.987
mwi,sex_t,age_aggregate_y15_24,geo_cov_nat,2013,12.228
mwi,sex_t,age_aggregate_y15_24,geo_cov_nat,2017,28.837
mwi,sex_t,age_aggregate_y15_24,geo_cov_rur,2005,6.583
mwi,sex_t,age_aggregate_y15_24,geo_cov_rur,2011,11
mwi,sex_t,age_aggregate_y15_24,geo_cov_rur,2013,10.058
mwi,sex_t,age_aggregate_y15_24,geo_cov_rur,2017,26.499
mwi,sex_t,age_aggregate_y15_24,geo_cov_urb,2005,36.087
mwi,sex_t,age_aggregate_y15_24,geo_cov_urb,2011,42.878
mwi,sex_t,age_aggregate_y15_24,geo_cov_urb,2013,31.209
mwi,sex_t,age_aggregate_y15_24,geo_cov_urb,2017,40.875
mwi,sex_t,age_aggregate_y25_54,geo_cov_nat,2005,3.199
mwi,sex_t,age_aggregate_y25_54,geo_cov_nat,2011,7.718
mwi,sex_t,age_aggregate_y25_54,geo_cov_nat,2013,6.898
mwi,sex_t,age_aggregate_y25_54,geo_cov_nat,2017,17.26
mwi,sex_t,age_aggregate_y25_54,geo_cov_rur,2005,1.938
mwi,sex_t,age_aggregate_y25_54,geo_cov_rur,2011,5.31
mwi,sex_t,age_aggregate_y25_54,geo_cov_rur,2013,6.091
mwi,sex_t,age_aggregate_y25_54,geo_cov_rur,2017,17.277
mwi,sex_t,age_aggregate_y25_54,geo_cov_urb,2005,11.149
mwi,sex_t,age_aggregate_y25_54,geo_cov_urb,2011,18.32
mwi,sex_t,age_aggregate_y25_54,geo_cov_urb,2013,12.03
mwi,sex_t,age_aggregate_y25_54,geo_cov_urb,2017,17.206
mwi,sex_t,age_aggregate_y55_64,geo_cov_nat,2005,1.568
mwi,sex_t,age_aggregate_y55_64,geo_cov_nat,2011,5.962
mwi,sex_t,age_aggregate_y55_64,geo_cov_nat,2013,8.189
mwi,sex_t,age_aggregate_y55_64,geo_cov_nat,2017,16.381
mwi,sex_t,age_aggregate_y55_64,geo_cov_rur,2005,1.152
mwi,sex_t,age_aggregate_y55_64,geo_cov_rur,2011,4.323
mwi,sex_t,age_aggregate_y55_64,geo_cov_rur,2013,8.229
mwi,sex_t,age_aggregate_y55_64,geo_cov_rur,2017,17.164
mwi,sex_t,age_aggregate_y55_64,geo_cov_urb,2005,7.357
mwi,sex_t,age_aggregate_y55_64,geo_cov_urb,2011,18.578
mwi,sex_t,age_aggregate_y55_64,geo_cov_urb,2013,7.77
mwi,sex_t,age_aggregate_y55_64,geo_cov_urb,2017,12.223
mwi,sex_t,age_aggregate_yge65,geo_cov_nat,2005,0.658
mwi,sex_t,age_aggregate_yge65,geo_cov_nat,2011,4.026
mwi,sex_t,age_aggregate_yge65,geo_cov_nat,2013,7.44
mwi,sex_t,age_aggregate_yge65,geo_cov_nat,2017,15.922
mwi,sex_t,age_aggregate_yge65,geo_cov_rur,2005,0.386
mwi,sex_t,age_aggregate_yge65,geo_cov_rur,2011,3.632
mwi,sex_t,age_aggregate_yge65,geo_cov_rur,2013,6.987
mwi,sex_t,age_aggregate_yge65,geo_cov_rur,2017,15.753
mwi,sex_t,age_aggregate_yge65,geo_cov_urb,2011,9.948
mwi,sex_t,age_aggregate_yge65,geo_cov_urb,2013,15.704
mwi,sex_t,age_aggregate_yge65,geo_cov_urb,2017,17.654
mwi,sex_t,age_ythadult_y15_24,geo_cov_nat,2005,9.416
mwi,sex_t,age_ythadult_y15_24,geo_cov_nat,2011,15.987
mwi,sex_t,age_ythadult_y15_24,geo_cov_nat,2013,12.228
mwi,sex_t,age_ythadult_y15_24,geo_cov_nat,2017,28.837
mwi,sex_t,age_ythadult_y15_24,geo_cov_rur,2005,6.583
mwi,sex_t,age_ythadult_y15_24,geo_cov_rur,2011,11
mwi,sex_t,age_ythadult_y15_24,geo_cov_rur,2013,10.058
mwi,sex_t,age_ythadult_y15_24,geo_cov_rur,2017,26.499
mwi,sex_t,age_ythadult_y15_24,geo_cov_urb,2005,36.087
mwi,sex_t,age_ythadult_y15_24,geo_cov_urb,2011,42.878
mwi,sex_t,age_ythadult_y15_24,geo_cov_urb,2013,31.209
mwi,sex_t,age_ythadult_y15_24,geo_cov_urb,2017,40.875
mwi,sex_t,age_ythadult_y15_64,geo_cov_nat,2005,5.26
mwi,sex_t,age_ythadult_y15_64,geo_cov_nat,2011,10.249
mwi,sex_t,age_ythadult_y15_64,geo_cov_nat,2013,8.595
mwi,sex_t,age_ythadult_y15_64,geo_cov_nat,2017,20.913
mwi,sex_t,age_ythadult_y15_64,geo_cov_rur,2005,3.549
mwi,sex_t,age_ythadult_y15_64,geo_cov_rur,2011,7.094
mwi,sex_t,age_ythadult_y15_64,geo_cov_rur,2013,7.464
mwi,sex_t,age_ythadult_y15_64,geo_cov_rur,2017,20.396
mwi,sex_t,age_ythadult_y15_64,geo_cov_urb,2005,18.218
mwi,sex_t,age_ythadult_y15_64,geo_cov_urb,2011,25.547
mwi,sex_t,age_ythadult_y15_64,geo_cov_urb,2013,16.683
mwi,sex_t,age_ythadult_y15_64,geo_cov_urb,2017,22.879
mwi,sex_t,age_ythadult_yge15,geo_cov_nat,2005,4.956
mwi,sex_t,age_ythadult_yge15,geo_cov_nat,2011,9.873
mwi,sex_t,age_ythadult_yge15,geo_cov_nat,2013,8.537
mwi,sex_t,age_ythadult_yge15,geo_cov_nat,2017,20.606
mwi,sex_t,age_ythadult_yge15,geo_cov_rur,2005,3.323
mwi,sex_t,age_ythadult_yge15,geo_cov_rur,2011,6.86
mwi,sex_t,age_ythadult_yge15,geo_cov_rur,2013,7.438
mwi,sex_t,age_ythadult_yge15,geo_cov_rur,2017,20.07
mwi,sex_t,age_ythadult_yge15,geo_cov_urb,2005,17.97
mwi,sex_t,age_ythadult_yge15,geo_cov_urb,2011,25.19
mwi,sex_t,age_ythadult_yge15,geo_cov_urb,2013,16.662
mwi,sex_t,age_ythadult_yge15,geo_cov_urb,2017,22.736
mwi,sex_t,age_ythadult_yge25,geo_cov_nat,2005,2.76
mwi,sex_t,age_ythadult_yge25,geo_cov_nat,2011,7.232
mwi,sex_t,age_ythadult_yge25,geo_cov_nat,2013,7.049
mwi,sex_t,age_ythadult_yge25,geo_cov_nat,2017,17.065
mwi,sex_t,age_ythadult_yge25,geo_cov_rur,2005,1.674
mwi,sex_t,age_ythadult_yge25,geo_cov_rur,2011,5.047
mwi,sex_t,age_ythadult_yge25,geo_cov_rur,2013,6.354
mwi,sex_t,age_ythadult_yge25,geo_cov_rur,2017,17.11
mwi,sex_t,age_ythadult_yge25,geo_cov_urb,2005,10.782
mwi,sex_t,age_ythadult_yge25,geo_cov_urb,2011,18.068
mwi,sex_t,age_ythadult_yge25,geo_cov_urb,2013,11.879
mwi,sex_t,age_ythadult_yge25,geo_cov_urb,2017,16.905
nam,sex_f,age_aggregate_total,geo_cov_nat,1994,39.331
nam,sex_f,age_aggregate_total,geo_cov_nat,2012,32.334
nam,sex_f,age_aggregate_total,geo_cov_rur,1994,39.018
nam,sex_f,age_aggregate_total,geo_cov_rur,2012,29.902
nam,sex_f,age_aggregate_total,geo_cov_urb,1994,39.921
nam,sex_f,age_aggregate_total,geo_cov_urb,2012,34.304
nam,sex_f,age_aggregate_y15_24,geo_cov_nat,1994,53.138
nam,sex_f,age_aggregate_y15_24,geo_cov_nat,2012,58.676
nam,sex_f,age_aggregate_y15_24,geo_cov_rur,1994,48.746
nam,sex_f,age_aggregate_y15_24,geo_cov_rur,2012,59.52
nam,sex_f,age_aggregate_y15_24,geo_cov_urb,1994,62.18
nam,sex_f,age_aggregate_y15_24,geo_cov_urb,2012,58.085
nam,sex_f,age_aggregate_y25_54,geo_cov_nat,1994,35.291
nam,sex_f,age_aggregate_y25_54,geo_cov_nat,2012,27.952
nam,sex_f,age_aggregate_y25_54,geo_cov_rur,1994,37.604
nam,sex_f,age_aggregate_y25_54,geo_cov_rur,2012,27.555
nam,sex_f,age_aggregate_y25_54,geo_cov_urb,1994,31.628
nam,sex_f,age_aggregate_y25_54,geo_cov_urb,2012,28.224
nam,sex_f,age_aggregate_y55_64,geo_cov_nat,1994,30.435
nam,sex_f,age_aggregate_y55_64,geo_cov_nat,2012,12.281
nam,sex_f,age_aggregate_y55_64,geo_cov_rur,1994,29.473
nam,sex_f,age_aggregate_y55_64,geo_cov_rur,2012,9.684
nam,sex_f,age_aggregate_y55_64,geo_cov_urb,1994,36.531
nam,sex_f,age_aggregate_y55_64,geo_cov_urb,2012,17.309
nam,sex_f,age_aggregate_yge65,geo_cov_nat,1994,18.505
nam,sex_f,age_aggregate_yge65,geo_cov_nat,2012,6.035
nam,sex_f,age_aggregate_yge65,geo_cov_rur,1994,16.025
nam,sex_f,age_aggregate_yge65,geo_cov_rur,2012,5.46
nam,sex_f,age_aggregate_yge65,geo_cov_urb,1994,36.672
nam,sex_f,age_ythadult_y15_24,geo_cov_nat,1994,53.138
nam,sex_f,age_ythadult_y15_24,geo_cov_nat,2012,58.676
nam,sex_f,age_ythadult_y15_24,geo_cov_rur,1994,48.746
nam,sex_f,age_ythadult_y15_24,geo_cov_rur,2012,59.52
nam,sex_f,age_ythadult_y15_24,geo_cov_urb,1994,62.18
nam,sex_f,age_ythadult_y15_24,geo_cov_urb,2012,58.085
nam,sex_f,age_ythadult_y15_64,geo_cov_nat,1994,40.276
nam,sex_f,age_ythadult_y15_64,geo_cov_nat,2012,33.603
nam,sex_f,age_ythadult_y15_64,geo_cov_rur,1994,40.445
nam,sex_f,age_ythadult_y15_64,geo_cov_rur,2012,32.432
nam,sex_f,age_ythadult_y15_64,geo_cov_urb,1994,39.971
nam,sex_f,age_ythadult_y15_64,geo_cov_urb,2012,34.47
nam,sex_f,age_ythadult_yge15,geo_cov_nat,1994,39.331
nam,sex_f,age_ythadult_yge15,geo_cov_nat,2012,32.334
nam,sex_f,age_ythadult_yge15,geo_cov_rur,1994,39.018
nam,sex_f,age_ythadult_yge15,geo_cov_rur,2012,29.902
nam,sex_f,age_ythadult_yge15,geo_cov_urb,1994,39.921
nam,sex_f,age_ythadult_yge15,geo_cov_urb,2012,34.304
nam,sex_f,age_ythadult_yge25,geo_cov_nat,1994,33.933
nam,sex_f,age_ythadult_yge25,geo_cov_nat,2012,25.373
nam,sex_f,age_ythadult_yge25,geo_cov_rur,1994,35.062
nam,sex_f,age_ythadult_yge25,geo_cov_rur,2012,22.846
nam,sex_f,age_ythadult_yge25,geo_cov_urb,1994,31.866
nam,sex_f,age_ythadult_yge25,geo_cov_urb,2012,27.5
nam,sex_m,age_aggregate_total,geo_cov_nat,1994,26.01
nam,sex_m,age_aggregate_total,geo_cov_nat,2012,23.125
nam,sex_m,age_aggregate_total,geo_cov_rur,1994,27.264
nam,sex_m,age_aggregate_total,geo_cov_rur,2012,22.335
nam,sex_m,age_aggregate_total,geo_cov_urb,1994,24.204
nam,sex_m,age_aggregate_total,geo_cov_urb,2012,23.661
nam,sex_m,age_aggregate_y15_24,geo_cov_nat,1994,43.337
nam,sex_m,age_aggregate_y15_24,geo_cov_nat,2012,42.734
nam,sex_m,age_aggregate_y15_24,geo_cov_rur,1994,38.9
nam,sex_m,age_aggregate_y15_24,geo_cov_rur,2012,41.414
nam,sex_m,age_aggregate_y15_24,geo_cov_urb,1994,52.265
nam,sex_m,age_aggregate_y15_24,geo_cov_urb,2012,43.626
nam,sex_m,age_aggregate_y25_54,geo_cov_nat,1994,19.901
nam,sex_m,age_aggregate_y25_54,geo_cov_nat,2012,19.394
nam,sex_m,age_aggregate_y25_54,geo_cov_rur,1994,22.85
nam,sex_m,age_aggregate_y25_54,geo_cov_rur,2012,20.55
nam,sex_m,age_aggregate_y25_54,geo_cov_urb,1994,16.655
nam,sex_m,age_aggregate_y25_54,geo_cov_urb,2012,18.733
nam,sex_m,age_aggregate_y55_64,geo_cov_nat,1994,18.438
nam,sex_m,age_aggregate_y55_64,geo_cov_nat,2012,9.981
nam,sex_m,age_aggregate_y55_64,geo_cov_rur,1994,20.371
nam,sex_m,age_aggregate_y55_64,geo_cov_rur,2012,8.063
nam,sex_m,age_aggregate_y55_64,geo_cov_urb,1994,12.545
nam,sex_m,age_aggregate_y55_64,geo_cov_urb,2012,12.133
nam,sex_m,age_aggregate_yge65,geo_cov_nat,1994,22.867
nam,sex_m,age_aggregate_yge65,geo_cov_nat,2012,4.885
nam,sex_m,age_aggregate_yge65,geo_cov_rur,1994,22.169
nam,sex_m,age_aggregate_yge65,geo_cov_rur,2012,3.521
nam,sex_m,age_aggregate_yge65,geo_cov_urb,1994,24.987
nam,sex_m,age_aggregate_yge65,geo_cov_urb,2012,12.882
nam,sex_m,age_ythadult_y15_24,geo_cov_nat,1994,43.337
nam,sex_m,age_ythadult_y15_24,geo_cov_nat,2012,42.734
nam,sex_m,age_ythadult_y15_24,geo_cov_rur,1994,38.9
nam,sex_m,age_ythadult_y15_24,geo_cov_rur,2012,41.414
nam,sex_m,age_ythadult_y15_24,geo_cov_urb,1994,52.265
nam,sex_m,age_ythadult_y15_24,geo_cov_urb,2012,43.626
nam,sex_m,age_ythadult_y15_64,geo_cov_nat,1994,26.199
nam,sex_m,age_ythadult_y15_64,geo_cov_nat,2012,23.954
nam,sex_m,age_ythadult_y15_64,geo_cov_rur,1994,27.662
nam,sex_m,age_ythadult_y15_64,geo_cov_rur,2012,24.238
nam,sex_m,age_ythadult_y15_64,geo_cov_urb,1994,24.176
nam,sex_m,age_ythadult_y15_64,geo_cov_urb,2012,23.777
nam,sex_m,age_ythadult_yge15,geo_cov_nat,1994,26.01
nam,sex_m,age_ythadult_yge15,geo_cov_nat,2012,23.125
nam,sex_m,age_ythadult_yge15,geo_cov_rur,1994,27.264
nam,sex_m,age_ythadult_yge15,geo_cov_rur,2012,22.335
nam,sex_m,age_ythadult_yge15,geo_cov_urb,1994,24.204
nam,sex_m,age_ythadult_yge15,geo_cov_urb,2012,23.661
nam,sex_m,age_ythadult_yge25,geo_cov_nat,1994,19.99
nam,sex_m,age_ythadult_yge25,geo_cov_nat,2012,17.775
nam,sex_m,age_ythadult_yge25,geo_cov_rur,1994,22.468
nam,sex_m,age_ythadult_yge25,geo_cov_rur,2012,17.148
nam,sex_m,age_ythadult_yge25,geo_cov_urb,1994,16.797
nam,sex_m,age_ythadult_yge25,geo_cov_urb,2012,18.201
nam,sex_t,age_aggregate_total,geo_cov_nat,1994,32.89
nam,sex_t,age_aggregate_total,geo_cov_nat,2012,27.81
nam,sex_t,age_aggregate_total,geo_cov_rur,1994,33.637
nam,sex_t,age_aggregate_total,geo_cov_rur,2012,26.376
nam,sex_t,age_aggregate_total,geo_cov_urb,1994,31.654
nam,sex_t,age_aggregate_total,geo_cov_urb,2012,28.876
nam,sex_t,age_aggregate_y15_24,geo_cov_nat,1994,48.609
nam,sex_t,age_aggregate_y15_24,geo_cov_nat,2012,50.744
nam,sex_t,age_aggregate_y15_24,geo_cov_rur,1994,44.215
nam,sex_t,age_aggregate_y15_24,geo_cov_rur,2012,50.607
nam,sex_t,age_aggregate_y15_24,geo_cov_urb,1994,57.561
nam,sex_t,age_aggregate_y15_24,geo_cov_urb,2012,50.839
nam,sex_t,age_aggregate_y25_54,geo_cov_nat,1994,27.907
nam,sex_t,age_aggregate_y25_54,geo_cov_nat,2012,23.764
nam,sex_t,age_aggregate_y25_54,geo_cov_rur,1994,31.1
nam,sex_t,age_aggregate_y25_54,geo_cov_rur,2012,24.324
nam,sex_t,age_aggregate_y25_54,geo_cov_urb,1994,23.67
nam,sex_t,age_aggregate_y25_54,geo_cov_urb,2012,23.413
nam,sex_t,age_aggregate_y55_64,geo_cov_nat,1994,23.683
nam,sex_t,age_aggregate_y55_64,geo_cov_nat,2012,11.131
nam,sex_t,age_aggregate_y55_64,geo_cov_rur,1994,24.66
nam,sex_t,age_aggregate_y55_64,geo_cov_rur,2012,8.963
nam,sex_t,age_aggregate_y55_64,geo_cov_urb,1994,19.741
nam,sex_t,age_aggregate_y55_64,geo_cov_urb,2012,14.305
nam,sex_t,age_aggregate_yge65,geo_cov_nat,1994,20.906
nam,sex_t,age_aggregate_yge65,geo_cov_nat,2012,5.487
nam,sex_t,age_aggregate_yge65,geo_cov_rur,1994,19.168
nam,sex_t,age_aggregate_yge65,geo_cov_rur,2012,4.567
nam,sex_t,age_aggregate_yge65,geo_cov_urb,1994,28.302
nam,sex_t,age_aggregate_yge65,geo_cov_urb,2012,12.507
nam,sex_t,age_ythadult_y15_24,geo_cov_nat,1994,48.609
nam,sex_t,age_ythadult_y15_24,geo_cov_nat,2012,50.744
nam,sex_t,age_ythadult_y15_24,geo_cov_rur,1994,44.215
nam,sex_t,age_ythadult_y15_24,geo_cov_rur,2012,50.607
nam,sex_t,age_ythadult_y15_24,geo_cov_urb,1994,57.561
nam,sex_t,age_ythadult_y15_24,geo_cov_urb,2012,50.839
nam,sex_t,age_ythadult_y15_64,geo_cov_nat,1994,33.519
nam,sex_t,age_ythadult_y15_64,geo_cov_nat,2012,28.857
nam,sex_t,age_ythadult_y15_64,geo_cov_rur,1994,34.64
nam,sex_t,age_ythadult_y15_64,geo_cov_rur,2012,28.609
nam,sex_t,age_ythadult_y15_64,geo_cov_urb,1994,31.741
nam,sex_t,age_ythadult_y15_64,geo_cov_urb,2012,29.026
nam,sex_t,age_ythadult_yge15,geo_cov_nat,1994,32.89
nam,sex_t,age_ythadult_yge15,geo_cov_nat,2012,27.81
nam,sex_t,age_ythadult_yge15,geo_cov_rur,1994,33.637
nam,sex_t,age_ythadult_yge15,geo_cov_rur,2012,26.376
nam,sex_t,age_ythadult_yge15,geo_cov_urb,1994,31.654
nam,sex_t,age_ythadult_yge15,geo_cov_urb,2012,28.876
nam,sex_t,age_ythadult_yge25,geo_cov_nat,1994,27.081
nam,sex_t,age_ythadult_yge25,geo_cov_nat,2012,21.654
nam,sex_t,age_ythadult_yge25,geo_cov_rur,1994,29.308
nam,sex_t,age_ythadult_yge25,geo_cov_rur,2012,20.228
nam,sex_t,age_ythadult_yge25,geo_cov_urb,1994,23.66
nam,sex_t,age_ythadult_yge25,geo_cov_urb,2012,22.735
ner,sex_f,age_aggregate_total,geo_cov_nat,2012,23.885
ner,sex_f,age_aggregate_total,geo_cov_nat,2017,48.838
ner,sex_f,age_aggregate_total,geo_cov_nat,2019,3.659
ner,sex_f,age_aggregate_total,geo_cov_nat,2022,1.543
ner,sex_f,age_aggregate_total,geo_cov_rur,2012,21.22
ner,sex_f,age_aggregate_total,geo_cov_rur,2017,53.53
ner,sex_f,age_aggregate_total,geo_cov_rur,2019,2.481
ner,sex_f,age_aggregate_total,geo_cov_rur,2022,0.712
ner,sex_f,age_aggregate_total,geo_cov_urb,2012,33.748
ner,sex_f,age_aggregate_total,geo_cov_urb,2017,29.986
ner,sex_f,age_aggregate_total,geo_cov_urb,2019,11.188
ner,sex_f,age_aggregate_total,geo_cov_urb,2022,7.872
ner,sex_f,age_aggregate_y15_24,geo_cov_nat,2012,28.482
ner,sex_f,age_aggregate_y15_24,geo_cov_nat,2017,67.156
ner,sex_f,age_aggregate_y15_24,geo_cov_nat,2019,5.956
ner,sex_f,age_aggregate_y15_24,geo_cov_nat,2022,2.31
ner,sex_f,age_aggregate_y15_24,geo_cov_rur,2012,24.798
ner,sex_f,age_aggregate_y15_24,geo_cov_rur,2017,69.191
ner,sex_f,age_aggregate_y15_24,geo_cov_rur,2019,3.789
ner,sex_f,age_aggregate_y15_24,geo_cov_rur,2022,0.958
ner,sex_f,age_aggregate_y15_24,geo_cov_urb,2012,48.706
ner,sex_f,age_aggregate_y15_24,geo_cov_urb,2017,55.703
ner,sex_f,age_aggregate_y15_24,geo_cov_urb,2019,24.386
ner,sex_f,age_aggregate_y15_24,geo_cov_urb,2022,15.277
ner,sex_f,age_aggregate_y25_54,geo_cov_nat,2012,23.604
ner,sex_f,age_aggregate_y25_54,geo_cov_nat,2017,44.803
ner,sex_f,age_aggregate_y25_54,geo_cov_nat,2019,3.147
ner,sex_f,age_aggregate_y25_54,geo_cov_nat,2022,1.445
ner,sex_f,age_aggregate_y25_54,geo_cov_rur,2012,21.2
ner,sex_f,age_aggregate_y25_54,geo_cov_rur,2017,49.71
ner,sex_f,age_aggregate_y25_54,geo_cov_rur,2019,2.235
ner,sex_f,age_aggregate_y25_54,geo_cov_rur,2022,0.693
ner,sex_f,age_aggregate_y25_54,geo_cov_urb,2012,31.025
ner,sex_f,age_aggregate_y25_54,geo_cov_urb,2017,26.35
ner,sex_f,age_aggregate_y25_54,geo_cov_urb,2019,8.737
ner,sex_f,age_aggregate_y25_54,geo_cov_urb,2022,6.996
ner,sex_f,age_aggregate_y55_64,geo_cov_nat,2012,9.541
ner,sex_f,age_aggregate_y55_64,geo_cov_nat,2017,28.849
ner,sex_f,age_aggregate_y55_64,geo_cov_rur,2017,37.144
ner,sex_f,age_aggregate_y55_64,geo_cov_urb,2012,14.877
ner,sex_f,age_aggregate_y55_64,geo_cov_urb,2017,8.714
ner,sex_f,age_aggregate_yge65,geo_cov_nat,2017,8.227
ner,sex_f,age_aggregate_yge65,geo_cov_rur,2017,10.177
ner,sex_f,age_ythadult_y15_24,geo_cov_nat,2012,28.482
ner,sex_f,age_ythadult_y15_24,geo_cov_nat,2017,67.156
ner,sex_f,age_ythadult_y15_24,geo_cov_nat,2019,5.956
ner,sex_f,age_ythadult_y15_24,geo_cov_nat,2022,2.31
ner,sex_f,age_ythadult_y15_24,geo_cov_rur,2012,24.798
ner,sex_f,age_ythadult_y15_24,geo_cov_rur,2017,69.191
ner,sex_f,age_ythadult_y15_24,geo_cov_rur,2019,3.789
ner,sex_f,age_ythadult_y15_24,geo_cov_rur,2022,0.958
ner,sex_f,age_ythadult_y15_24,geo_cov_urb,2012,48.706
ner,sex_f,age_ythadult_y15_24,geo_cov_urb,2017,55.703
ner,sex_f,age_ythadult_y15_24,geo_cov_urb,2019,24.386
ner,sex_f,age_ythadult_y15_24,geo_cov_urb,2022,15.277
ner,sex_f,age_ythadult_y15_64,geo_cov_nat,2012,24.416
ner,sex_f,age_ythadult_y15_64,geo_cov_nat,2017,49.756
ner,sex_f,age_ythadult_y15_64,geo_cov_nat,2019,3.766
ner,sex_f,age_ythadult_y15_64,geo_cov_nat,2022,1.594
ner,sex_f,age_ythadult_y15_64,geo_cov_rur,2012,21.735
ner,sex_f,age_ythadult_y15_64,geo_cov_rur,2017,54.52
ner,sex_f,age_ythadult_y15_64,geo_cov_rur,2019,2.55
ner,sex_f,age_ythadult_y15_64,geo_cov_urb,2012,34.298
ner,sex_f,age_ythadult_y15_64,geo_cov_urb,2017,30.637
ner,sex_f,age_ythadult_y15_64,geo_cov_urb,2019,11.578
ner,sex_f,age_ythadult_y15_64,geo_cov_urb,2022,8.153
ner,sex_f,age_ythadult_yge15,geo_cov_nat,2012,23.885
ner,sex_f,age_ythadult_yge15,geo_cov_nat,2017,48.838
ner,sex_f,age_ythadult_yge15,geo_cov_nat,2019,3.659
ner,sex_f,age_ythadult_yge15,geo_cov_nat,2022,1.543
ner,sex_f,age_ythadult_yge15,geo_cov_rur,2012,21.22
ner,sex_f,age_ythadult_yge15,geo_cov_rur,2017,53.53
ner,sex_f,age_ythadult_yge15,geo_cov_rur,2019,2.481
ner,sex_f,age_ythadult_yge15,geo_cov_rur,2022,0.712
ner,sex_f,age_ythadult_yge15,geo_cov_urb,2012,33.748
ner,sex_f,age_ythadult_yge15,geo_cov_urb,2017,29.986
ner,sex_f,age_ythadult_yge15,geo_cov_urb,2019,11.188
ner,sex_f,age_ythadult_yge15,geo_cov_urb,2022,7.872
ner,sex_f,age_ythadult_yge25,geo_cov_nat,2012,21.693
ner,sex_f,age_ythadult_yge25,geo_cov_nat,2017,42.367
ner,sex_f,age_ythadult_yge25,geo_cov_nat,2019,2.784
ner,sex_f,age_ythadult_yge25,geo_cov_nat,2022,1.268
ner,sex_f,age_ythadult_yge25,geo_cov_rur,2012,19.32
ner,sex_f,age_ythadult_yge25,geo_cov_rur,2017,47.535
ner,sex_f,age_ythadult_yge25,geo_cov_rur,2019,1.957
ner,sex_f,age_ythadult_yge25,geo_cov_rur,2022,0.621
ner,sex_f,age_ythadult_yge25,geo_cov_urb,2012,29.18
ner,sex_f,age_ythadult_yge25,geo_cov_urb,2017,23.652
ner,sex_f,age_ythadult_yge25,geo_cov_urb,2019,7.584
ner,sex_f,age_ythadult_yge25,geo_cov_urb,2022,5.849
ner,sex_m,age_aggregate_total,geo_cov_nat,2012,7.563
ner,sex_m,age_aggregate_total,geo_cov_nat,2017,30.663
ner,sex_m,age_aggregate_total,geo_cov_nat,2019,2.078
ner,sex_m,age_aggregate_total,geo_cov_nat,2022,1.826
ner,sex_m,age_aggregate_total,geo_cov_rur,2012,7.103
ner,sex_m,age_aggregate_total,geo_cov_rur,2017,34.963
ner,sex_m,age_aggregate_total,geo_cov_rur,2019,1.393
ner,sex_m,age_aggregate_total,geo_cov_rur,2022,0.807
ner,sex_m,age_aggregate_total,geo_cov_urb,2012,9.909
ner,sex_m,age_aggregate_total,geo_cov_urb,2017,15.114
ner,sex_m,age_aggregate_total,geo_cov_urb,2019,5.308
ner,sex_m,age_aggregate_total,geo_cov_urb,2022,6.728
ner,sex_m,age_aggregate_y15_24,geo_cov_nat,2012,13.566
ner,sex_m,age_aggregate_y15_24,geo_cov_nat,2017,49.061
ner,sex_m,age_aggregate_y15_24,geo_cov_nat,2019,3.453
ner,sex_m,age_aggregate_y15_24,geo_cov_nat,2022,3.602
ner,sex_m,age_aggregate_y15_24,geo_cov_rur,2012,12.058
ner,sex_m,age_aggregate_y15_24,geo_cov_rur,2017,50.904
ner,sex_m,age_aggregate_y15_24,geo_cov_rur,2019,2.001
ner,sex_m,age_aggregate_y15_24,geo_cov_rur,2022,1.034
ner,sex_m,age_aggregate_y15_24,geo_cov_urb,2012,22.889
ner,sex_m,age_aggregate_y15_24,geo_cov_urb,2017,41.4
ner,sex_m,age_aggregate_y15_24,geo_cov_urb,2019,12.21
ner,sex_m,age_aggregate_y15_24,geo_cov_urb,2022,17.266
ner,sex_m,age_aggregate_y25_54,geo_cov_nat,2012,7.074
ner,sex_m,age_aggregate_y25_54,geo_cov_nat,2017,28.211
ner,sex_m,age_aggregate_y25_54,geo_cov_nat,2019,1.569
ner,sex_m,age_aggregate_y25_54,geo_cov_nat,2022,1.32
ner,sex_m,age_aggregate_y25_54,geo_cov_rur,2012,6.936
ner,sex_m,age_aggregate_y25_54,geo_cov_rur,2017,33.33
ner,sex_m,age_aggregate_y25_54,geo_cov_rur,2019,1.165
ner,sex_m,age_aggregate_y25_54,geo_cov_rur,2022,0.975
ner,sex_m,age_aggregate_y25_54,geo_cov_urb,2012,7.712
ner,sex_m,age_aggregate_y25_54,geo_cov_urb,2017,10.77
ner,sex_m,age_aggregate_y25_54,geo_cov_urb,2019,3.261
ner,sex_m,age_aggregate_y25_54,geo_cov_urb,2022,2.823
ner,sex_m,age_aggregate_y55_64,geo_cov_nat,2012,3.024
ner,sex_m,age_aggregate_y55_64,geo_cov_nat,2017,23.542
ner,sex_m,age_aggregate_y55_64,geo_cov_nat,2019,2.045
ner,sex_m,age_aggregate_y55_64,geo_cov_nat,2022,0.184
ner,sex_m,age_aggregate_y55_64,geo_cov_rur,2017,27.535
ner,sex_m,age_aggregate_y55_64,geo_cov_rur,2019,1.732
ner,sex_m,age_aggregate_y55_64,geo_cov_urb,2012,7.695
ner,sex_m,age_aggregate_y55_64,geo_cov_urb,2017,9.448
ner,sex_m,age_aggregate_y55_64,geo_cov_urb,2019,3.323
ner,sex_m,age_aggregate_y55_64,geo_cov_urb,2022,1.002
ner,sex_m,age_aggregate_yge65,geo_cov_nat,2012,1.664
ner,sex_m,age_aggregate_yge65,geo_cov_nat,2017,13.216
ner,sex_m,age_aggregate_yge65,geo_cov_rur,2017,15.192
ner,sex_m,age_aggregate_yge65,geo_cov_urb,2012,3.539
ner,sex_m,age_ythadult_y15_24,geo_cov_nat,2012,13.566
ner,sex_m,age_ythadult_y15_24,geo_cov_nat,2017,49.061
ner,sex_m,age_ythadult_y15_24,geo_cov_nat,2019,3.453
ner,sex_m,age_ythadult_y15_24,geo_cov_nat,2022,3.602
ner,sex_m,age_ythadult_y15_24,geo_cov_rur,2012,12.058
ner,sex_m,age_ythadult_y15_24,geo_cov_rur,2017,50.904
ner,sex_m,age_ythadult_y15_24,geo_cov_rur,2019,2.001
ner,sex_m,age_ythadult_y15_24,geo_cov_rur,2022,1.034
ner,sex_m,age_ythadult_y15_24,geo_cov_urb,2012,22.889
ner,sex_m,age_ythadult_y15_24,geo_cov_urb,2017,41.4
ner,sex_m,age_ythadult_y15_24,geo_cov_urb,2019,12.21
ner,sex_m,age_ythadult_y15_24,geo_cov_urb,2022,17.266
ner,sex_m,age_ythadult_y15_64,geo_cov_nat,2012,7.918
ner,sex_m,age_ythadult_y15_64,geo_cov_nat,2017,31.521
ner,sex_m,age_ythadult_y15_64,geo_cov_nat,2019,2.187
ner,sex_m,age_ythadult_y15_64,geo_cov_nat,2022,1.951
ner,sex_m,age_ythadult_y15_64,geo_cov_rur,2012,7.463
ner,sex_m,age_ythadult_y15_64,geo_cov_rur,2017,36.031
ner,sex_m,age_ythadult_y15_64,geo_cov_rur,2019,1.489
ner,sex_m,age_ythadult_y15_64,geo_cov_urb,2012,10.21
ner,sex_m,age_ythadult_y15_64,geo_cov_urb,2017,15.553
ner,sex_m,age_ythadult_y15_64,geo_cov_urb,2019,5.409
ner,sex_m,age_ythadult_y15_64,geo_cov_urb,2022,6.939
ner,sex_m,age_ythadult_yge15,geo_cov_nat,2012,7.563
ner,sex_m,age_ythadult_yge15,geo_cov_nat,2017,30.663
ner,sex_m,age_ythadult_yge15,geo_cov_nat,2019,2.078
ner,sex_m,age_ythadult_yge15,geo_cov_nat,2022,1.826
ner,sex_m,age_ythadult_yge15,geo_cov_rur,2012,7.103
ner,sex_m,age_ythadult_yge15,geo_cov_rur,2017,34.963
ner,sex_m,age_ythadult_yge15,geo_cov_rur,2019,1.393
ner,sex_m,age_ythadult_yge15,geo_cov_rur,2022,0.807
ner,sex_m,age_ythadult_yge15,geo_cov_urb,2012,9.909
ner,sex_m,age_ythadult_yge15,geo_cov_urb,2017,15.114
ner,sex_m,age_ythadult_yge15,geo_cov_urb,2019,5.308
ner,sex_m,age_ythadult_yge15,geo_cov_urb,2022,6.728
ner,sex_m,age_ythadult_yge25,geo_cov_nat,2012,6.201
ner,sex_m,age_ythadult_yge25,geo_cov_nat,2017,26.786
ner,sex_m,age_ythadult_yge25,geo_cov_nat,2019,1.544
ner,sex_m,age_ythadult_yge25,geo_cov_nat,2022,1.028
ner,sex_m,age_ythadult_yge25,geo_cov_rur,2012,5.939
ner,sex_m,age_ythadult_yge25,geo_cov_rur,2017,31.485
ner,sex_m,age_ythadult_yge25,geo_cov_rur,2019,1.144
ner,sex_m,age_ythadult_yge25,geo_cov_rur,2022,0.702
ner,sex_m,age_ythadult_yge25,geo_cov_urb,2012,7.487
ner,sex_m,age_ythadult_yge25,geo_cov_urb,2017,10.264
ner,sex_m,age_ythadult_yge25,geo_cov_urb,2019,3.276
ner,sex_m,age_ythadult_yge25,geo_cov_urb,2022,2.53
ner,sex_t,age_aggregate_total,geo_cov_nat,2012,12.148
ner,sex_t,age_aggregate_total,geo_cov_nat,2017,37.409
ner,sex_t,age_aggregate_total,geo_cov_nat,2019,2.811
ner,sex_t,age_aggregate_total,geo_cov_nat,2022,1.682
ner,sex_t,age_aggregate_total,geo_cov_rur,2012,10.899
ner,sex_t,age_aggregate_total,geo_cov_rur,2017,41.95
ner,sex_t,age_aggregate_total,geo_cov_rur,2019,1.91
ner,sex_t,age_aggregate_total,geo_cov_rur,2022,0.757
ner,sex_t,age_aggregate_total,geo_cov_urb,2012,17.934
ner,sex_t,age_aggregate_total,geo_cov_urb,2017,20.348
ner,sex_t,age_aggregate_total,geo_cov_urb,2019,7.663
ner,sex_t,age_aggregate_total,geo_cov_urb,2022,7.199
ner,sex_t,age_aggregate_y15_24,geo_cov_nat,2012,19.616
ner,sex_t,age_aggregate_y15_24,geo_cov_nat,2017,57.559
ner,sex_t,age_aggregate_y15_24,geo_cov_nat,2019,4.604
ner,sex_t,age_aggregate_y15_24,geo_cov_nat,2022,2.997
ner,sex_t,age_aggregate_y15_24,geo_cov_rur,2012,17.171
ner,sex_t,age_aggregate_y15_24,geo_cov_rur,2017,59.729
ner,sex_t,age_aggregate_y15_24,geo_cov_rur,2019,2.842
ner,sex_t,age_aggregate_y15_24,geo_cov_rur,2022,0.997
ner,sex_t,age_aggregate_y15_24,geo_cov_urb,2012,33.994
ner,sex_t,age_aggregate_y15_24,geo_cov_urb,2017,47.234
ner,sex_t,age_aggregate_y15_24,geo_cov_urb,2019,16.917
ner,sex_t,age_aggregate_y15_24,geo_cov_urb,2022,16.581
ner,sex_t,age_aggregate_y25_54,geo_cov_nat,2012,11.4
ner,sex_t,age_aggregate_y25_54,geo_cov_nat,2017,34.238
ner,sex_t,age_aggregate_y25_54,geo_cov_nat,2019,2.354
ner,sex_t,age_aggregate_y25_54,geo_cov_nat,2022,1.391
ner,sex_t,age_aggregate_y25_54,geo_cov_rur,2012,10.439
ner,sex_t,age_aggregate_y25_54,geo_cov_rur,2017,39.362
ner,sex_t,age_aggregate_y25_54,geo_cov_rur,2019,1.714
ner,sex_t,age_aggregate_y25_54,geo_cov_rur,2022,0.81
ner,sex_t,age_aggregate_y25_54,geo_cov_urb,2012,15.361
ner,sex_t,age_aggregate_y25_54,geo_cov_urb,2017,16.154
ner,sex_t,age_aggregate_y25_54,geo_cov_urb,2019,5.555
ner,sex_t,age_aggregate_y25_54,geo_cov_urb,2022,4.722
ner,sex_t,age_aggregate_y55_64,geo_cov_nat,2012,4.192
ner,sex_t,age_aggregate_y55_64,geo_cov_nat,2017,24.951
ner,sex_t,age_aggregate_y55_64,geo_cov_nat,2019,1.511
ner,sex_t,age_aggregate_y55_64,geo_cov_nat,2022,0.225
ner,sex_t,age_aggregate_y55_64,geo_cov_rur,2012,3.229
ner,sex_t,age_aggregate_y55_64,geo_cov_rur,2017,29.911
ner,sex_t,age_aggregate_y55_64,geo_cov_rur,2019,1.128
ner,sex_t,age_aggregate_y55_64,geo_cov_urb,2012,9.56
ner,sex_t,age_aggregate_y55_64,geo_cov_urb,2017,9.211
ner,sex_t,age_aggregate_y55_64,geo_cov_urb,2019,3.059
ner,sex_t,age_aggregate_y55_64,geo_cov_urb,2022,0.795
ner,sex_t,age_aggregate_yge65,geo_cov_nat,2012,1.76
ner,sex_t,age_aggregate_yge65,geo_cov_nat,2017,12.129
ner,sex_t,age_aggregate_yge65,geo_cov_rur,2017,14.148
ner,sex_t,age_aggregate_yge65,geo_cov_urb,2012,4.439
ner,sex_t,age_ythadult_y15_24,geo_cov_nat,2012,19.616
ner,sex_t,age_ythadult_y15_24,geo_cov_nat,2017,57.559
ner,sex_t,age_ythadult_y15_24,geo_cov_nat,2019,4.604
ner,sex_t,age_ythadult_y15_24,geo_cov_nat,2022,2.997
ner,sex_t,age_ythadult_y15_24,geo_cov_rur,2012,17.171
ner,sex_t,age_ythadult_y15_24,geo_cov_rur,2017,59.729
ner,sex_t,age_ythadult_y15_24,geo_cov_rur,2019,2.842
ner,sex_t,age_ythadult_y15_24,geo_cov_rur,2022,0.997
ner,sex_t,age_ythadult_y15_24,geo_cov_urb,2012,33.994
ner,sex_t,age_ythadult_y15_24,geo_cov_urb,2017,47.234
ner,sex_t,age_ythadult_y15_24,geo_cov_urb,2019,16.917
ner,sex_t,age_ythadult_y15_24,geo_cov_urb,2022,16.581
ner,sex_t,age_ythadult_y15_64,geo_cov_nat,2012,12.668
ner,sex_t,age_ythadult_y15_64,geo_cov_nat,2017,38.399
ner,sex_t,age_ythadult_y15_64,geo_cov_nat,2019,2.934
ner,sex_t,age_ythadult_y15_64,geo_cov_nat,2022,1.765
ner,sex_t,age_ythadult_y15_64,geo_cov_rur,2012,11.403
ner,sex_t,age_ythadult_y15_64,geo_cov_rur,2017,43.12
ner,sex_t,age_ythadult_y15_64,geo_cov_rur,2019,2.005
ner,sex_t,age_ythadult_y15_64,geo_cov_urb,2012,18.453
ner,sex_t,age_ythadult_y15_64,geo_cov_urb,2017,20.896
ner,sex_t,age_ythadult_y15_64,geo_cov_urb,2019,7.904
ner,sex_t,age_ythadult_y15_64,geo_cov_urb,2022,7.443
ner,sex_t,age_ythadult_yge15,geo_cov_nat,2012,12.148
ner,sex_t,age_ythadult_yge15,geo_cov_nat,2017,37.409
ner,sex_t,age_ythadult_yge15,geo_cov_nat,2019,2.811
ner,sex_t,age_ythadult_yge15,geo_cov_nat,2022,1.682
ner,sex_t,age_ythadult_yge15,geo_cov_rur,2012,10.899
ner,sex_t,age_ythadult_yge15,geo_cov_rur,2017,41.95
ner,sex_t,age_ythadult_yge15,geo_cov_rur,2019,1.91
ner,sex_t,age_ythadult_yge15,geo_cov_rur,2022,0.757
ner,sex_t,age_ythadult_yge15,geo_cov_urb,2012,17.934
ner,sex_t,age_ythadult_yge15,geo_cov_urb,2017,20.348
ner,sex_t,age_ythadult_yge15,geo_cov_urb,2019,7.663
ner,sex_t,age_ythadult_yge15,geo_cov_urb,2022,7.199
ner,sex_t,age_ythadult_yge25,geo_cov_nat,2012,9.997
ner,sex_t,age_ythadult_yge25,geo_cov_nat,2017,32.171
ner,sex_t,age_ythadult_yge25,geo_cov_nat,2019,2.12
ner,sex_t,age_ythadult_yge25,geo_cov_nat,2022,1.154
ner,sex_t,age_ythadult_yge25,geo_cov_rur,2012,9.001
ner,sex_t,age_ythadult_yge25,geo_cov_rur,2017,37.056
ner,sex_t,age_ythadult_yge25,geo_cov_rur,2019,1.532
ner,sex_t,age_ythadult_yge25,geo_cov_rur,2022,0.658
ner,sex_t,age_ythadult_yge25,geo_cov_urb,2012,14.335
ner,sex_t,age_ythadult_yge25,geo_cov_urb,2017,14.822
ner,sex_t,age_ythadult_yge25,geo_cov_urb,2019,5.019
ner,sex_t,age_ythadult_yge25,geo_cov_urb,2022,3.97
nga,sex_f,age_aggregate_total,geo_cov_nat,2011,4.043
nga,sex_f,age_aggregate_total,geo_cov_nat,2019,17.341
nga,sex_f,age_aggregate_total,geo_cov_nat,2022,9.485
nga,sex_f,age_aggregate_total,geo_cov_nat,2023,6.45
nga,sex_f,age_aggregate_total,geo_cov_nat,2024,5.784
nga,sex_f,age_aggregate_total,geo_cov_rur,2011,3.103
nga,sex_f,age_aggregate_total,geo_cov_rur,2019,15.969
nga,sex_f,age_aggregate_total,geo_cov_rur,2022,7.584
nga,sex_f,age_aggregate_total,geo_cov_rur,2023,4.845
nga,sex_f,age_aggregate_total,geo_cov_rur,2024,4.12
nga,sex_f,age_aggregate_total,geo_cov_urb,2011,5.536
nga,sex_f,age_aggregate_total,geo_cov_urb,2019,19.742
nga,sex_f,age_aggregate_total,geo_cov_urb,2022,11.078
nga,sex_f,age_aggregate_total,geo_cov_urb,2023,8.212
nga,sex_f,age_aggregate_total,geo_cov_urb,2024,6.96
nga,sex_f,age_aggregate_y15_24,geo_cov_nat,2011,10.756
nga,sex_f,age_aggregate_y15_24,geo_cov_nat,2019,35.43
nga,sex_f,age_aggregate_y15_24,geo_cov_nat,2022,15.27
nga,sex_f,age_aggregate_y15_24,geo_cov_nat,2023,10.527
nga,sex_f,age_aggregate_y15_24,geo_cov_nat,2024,9.713
nga,sex_f,age_aggregate_y15_24,geo_cov_rur,2011,9.172
nga,sex_f,age_aggregate_y15_24,geo_cov_rur,2019,29.935
nga,sex_f,age_aggregate_y15_24,geo_cov_rur,2022,12.097
nga,sex_f,age_aggregate_y15_24,geo_cov_rur,2023,7.962
nga,sex_f,age_aggregate_y15_24,geo_cov_rur,2024,7.599
nga,sex_f,age_aggregate_y15_24,geo_cov_urb,2011,14.047
nga,sex_f,age_aggregate_y15_24,geo_cov_urb,2019,48.407
nga,sex_f,age_aggregate_y15_24,geo_cov_urb,2022,18.323
nga,sex_f,age_aggregate_y15_24,geo_cov_urb,2023,14.061
nga,sex_f,age_aggregate_y15_24,geo_cov_urb,2024,11.348
nga,sex_f,age_aggregate_y25_54,geo_cov_nat,2011,3.338
nga,sex_f,age_aggregate_y25_54,geo_cov_nat,2019,13.756
nga,sex_f,age_aggregate_y25_54,geo_cov_nat,2022,8.038
nga,sex_f,age_aggregate_y25_54,geo_cov_nat,2023,5.138
nga,sex_f,age_aggregate_y25_54,geo_cov_nat,2024,4.746
nga,sex_f,age_aggregate_y25_54,geo_cov_rur,2011,2.199
nga,sex_f,age_aggregate_y25_54,geo_cov_rur,2019,13.097
nga,sex_f,age_aggregate_y25_54,geo_cov_rur,2022,6.273
nga,sex_f,age_aggregate_y25_54,geo_cov_rur,2023,3.438
nga,sex_f,age_aggregate_y25_54,geo_cov_rur,2024,2.98
nga,sex_f,age_aggregate_y25_54,geo_cov_urb,2011,5.094
nga,sex_f,age_aggregate_y25_54,geo_cov_urb,2019,14.8
nga,sex_f,age_aggregate_y25_54,geo_cov_urb,2022,9.47
nga,sex_f,age_aggregate_y25_54,geo_cov_urb,2023,6.929
nga,sex_f,age_aggregate_y25_54,geo_cov_urb,2024,6.012
nga,sex_f,age_aggregate_y55_64,geo_cov_nat,2019,6.44
nga,sex_f,age_aggregate_y55_64,geo_cov_nat,2022,3.795
nga,sex_f,age_aggregate_y55_64,geo_cov_nat,2023,3.244
nga,sex_f,age_aggregate_y55_64,geo_cov_nat,2024,2.567
nga,sex_f,age_aggregate_y55_64,geo_cov_rur,2019,5.603
nga,sex_f,age_aggregate_y55_64,geo_cov_rur,2022,2.074
nga,sex_f,age_aggregate_y55_64,geo_cov_rur,2023,3.026
nga,sex_f,age_aggregate_y55_64,geo_cov_rur,2024,1.806
nga,sex_f,age_aggregate_y55_64,geo_cov_urb,2019,7.807
nga,sex_f,age_aggregate_y55_64,geo_cov_urb,2022,5.136
nga,sex_f,age_aggregate_y55_64,geo_cov_urb,2023,3.403
nga,sex_f,age_aggregate_y55_64,geo_cov_urb,2024,2.966
nga,sex_f,age_aggregate_yge65,geo_cov_nat,2019,4.146
nga,sex_f,age_aggregate_yge65,geo_cov_nat,2022,2.877
nga,sex_f,age_aggregate_yge65,geo_cov_nat,2023,5.572
nga,sex_f,age_aggregate_yge65,geo_cov_nat,2024,1.589
nga,sex_f,age_aggregate_yge65,geo_cov_rur,2019,3.337
nga,sex_f,age_aggregate_yge65,geo_cov_rur,2022,3.28
nga,sex_f,age_aggregate_yge65,geo_cov_rur,2023,6.763
nga,sex_f,age_aggregate_yge65,geo_cov_rur,2024,1.18
nga,sex_f,age_aggregate_yge65,geo_cov_urb,2019,5.73
nga,sex_f,age_aggregate_yge65,geo_cov_urb,2022,2.629
nga,sex_f,age_aggregate_yge65,geo_cov_urb,2023,4.516
nga,sex_f,age_aggregate_yge65,geo_cov_urb,2024,1.767
nga,sex_f,age_ythadult_y15_24,geo_cov_nat,2011,10.756
nga,sex_f,age_ythadult_y15_24,geo_cov_nat,2019,35.43
nga,sex_f,age_ythadult_y15_24,geo_cov_nat,2022,15.27
nga,sex_f,age_ythadult_y15_24,geo_cov_nat,2023,10.527
nga,sex_f,age_ythadult_y15_24,geo_cov_nat,2024,9.713
nga,sex_f,age_ythadult_y15_24,geo_cov_rur,2011,9.172
nga,sex_f,age_ythadult_y15_24,geo_cov_rur,2019,29.935
nga,sex_f,age_ythadult_y15_24,geo_cov_rur,2022,12.097
nga,sex_f,age_ythadult_y15_24,geo_cov_rur,2023,7.962
nga,sex_f,age_ythadult_y15_24,geo_cov_rur,2024,7.599
nga,sex_f,age_ythadult_y15_24,geo_cov_urb,2011,14.047
nga,sex_f,age_ythadult_y15_24,geo_cov_urb,2019,48.407
nga,sex_f,age_ythadult_y15_24,geo_cov_urb,2022,18.323
nga,sex_f,age_ythadult_y15_24,geo_cov_urb,2023,14.061
nga,sex_f,age_ythadult_y15_24,geo_cov_urb,2024,11.348
nga,sex_f,age_ythadult_y15_64,geo_cov_nat,2019,18.196
nga,sex_f,age_ythadult_y15_64,geo_cov_nat,2022,9.768
nga,sex_f,age_ythadult_y15_64,geo_cov_nat,2023,6.484
nga,sex_f,age_ythadult_y15_64,geo_cov_nat,2024,5.921
nga,sex_f,age_ythadult_y15_64,geo_cov_rur,2019,16.823
nga,sex_f,age_ythadult_y15_64,geo_cov_rur,2022,7.736
nga,sex_f,age_ythadult_y15_64,geo_cov_rur,2023,4.78
nga,sex_f,age_ythadult_y15_64,geo_cov_rur,2024,4.19
nga,sex_f,age_ythadult_y15_64,geo_cov_urb,2019,20.583
nga,sex_f,age_ythadult_y15_64,geo_cov_urb,2022,11.492
nga,sex_f,age_ythadult_y15_64,geo_cov_urb,2023,8.368
nga,sex_f,age_ythadult_y15_64,geo_cov_urb,2024,7.164
nga,sex_f,age_ythadult_yge15,geo_cov_nat,2011,4.043
nga,sex_f,age_ythadult_yge15,geo_cov_nat,2019,17.341
nga,sex_f,age_ythadult_yge15,geo_cov_nat,2022,9.485
nga,sex_f,age_ythadult_yge15,geo_cov_nat,2023,6.45
nga,sex_f,age_ythadult_yge15,geo_cov_nat,2024,5.784
nga,sex_f,age_ythadult_yge15,geo_cov_rur,2011,3.103
nga,sex_f,age_ythadult_yge15,geo_cov_rur,2019,15.969
nga,sex_f,age_ythadult_yge15,geo_cov_rur,2022,7.584
nga,sex_f,age_ythadult_yge15,geo_cov_rur,2023,4.845
nga,sex_f,age_ythadult_yge15,geo_cov_rur,2024,4.12
nga,sex_f,age_ythadult_yge15,geo_cov_urb,2011,5.536
nga,sex_f,age_ythadult_yge15,geo_cov_urb,2019,19.742
nga,sex_f,age_ythadult_yge15,geo_cov_urb,2022,11.078
nga,sex_f,age_ythadult_yge15,geo_cov_urb,2023,8.212
nga,sex_f,age_ythadult_yge15,geo_cov_urb,2024,6.96
nga,sex_f,age_ythadult_yge25,geo_cov_nat,2011,2.838
nga,sex_f,age_ythadult_yge25,geo_cov_nat,2019,12.227
nga,sex_f,age_ythadult_yge25,geo_cov_nat,2022,7.362
nga,sex_f,age_ythadult_yge25,geo_cov_nat,2023,4.992
nga,sex_f,age_ythadult_yge25,geo_cov_nat,2024,4.44
nga,sex_f,age_ythadult_yge25,geo_cov_rur,2011,1.883
nga,sex_f,age_ythadult_yge25,geo_cov_rur,2019,11.48
nga,sex_f,age_ythadult_yge25,geo_cov_rur,2022,5.75
nga,sex_f,age_ythadult_yge25,geo_cov_rur,2023,3.562
nga,sex_f,age_ythadult_yge25,geo_cov_rur,2024,2.844
nga,sex_f,age_ythadult_yge25,geo_cov_urb,2011,4.287
nga,sex_f,age_ythadult_yge25,geo_cov_urb,2019,13.434
nga,sex_f,age_ythadult_yge25,geo_cov_urb,2022,8.644
nga,sex_f,age_ythadult_yge25,geo_cov_urb,2023,6.441
nga,sex_f,age_ythadult_yge25,geo_cov_urb,2024,5.535
nga,sex_m,age_aggregate_total,geo_cov_nat,2011,4.227
nga,sex_m,age_aggregate_total,geo_cov_nat,2019,10.611
nga,sex_m,age_aggregate_total,geo_cov_nat,2022,4.12
nga,sex_m,age_aggregate_total,geo_cov_nat,2023,3.191
nga,sex_m,age_aggregate_total,geo_cov_nat,2024,3.635
nga,sex_m,age_aggregate_total,geo_cov_rur,2011,2.774
nga,sex_m,age_aggregate_total,geo_cov_rur,2019,7.819
nga,sex_m,age_aggregate_total,geo_cov_rur,2022,2.239
nga,sex_m,age_aggregate_total,geo_cov_rur,2023,1.693
nga,sex_m,age_aggregate_total,geo_cov_rur,2024,1.654
nga,sex_m,age_aggregate_total,geo_cov_urb,2011,6.553
nga,sex_m,age_aggregate_total,geo_cov_urb,2019,15.548
nga,sex_m,age_aggregate_total,geo_cov_urb,2022,5.761
nga,sex_m,age_aggregate_total,geo_cov_urb,2023,4.874
nga,sex_m,age_aggregate_total,geo_cov_urb,2024,5.144
nga,sex_m,age_aggregate_y15_24,geo_cov_nat,2011,11.631
nga,sex_m,age_aggregate_y15_24,geo_cov_nat,2019,25.161
nga,sex_m,age_aggregate_y15_24,geo_cov_nat,2022,8.912
nga,sex_m,age_aggregate_y15_24,geo_cov_nat,2023,6.404
nga,sex_m,age_aggregate_y15_24,geo_cov_nat,2024,6.744
nga,sex_m,age_aggregate_y15_24,geo_cov_rur,2011,6.988
nga,sex_m,age_aggregate_y15_24,geo_cov_rur,2019,17.797
nga,sex_m,age_aggregate_y15_24,geo_cov_rur,2022,4.475
nga,sex_m,age_aggregate_y15_24,geo_cov_rur,2023,3.353
nga,sex_m,age_aggregate_y15_24,geo_cov_rur,2024,2.969
nga,sex_m,age_aggregate_y15_24,geo_cov_urb,2011,21.085
nga,sex_m,age_aggregate_y15_24,geo_cov_urb,2019,42.893
nga,sex_m,age_aggregate_y15_24,geo_cov_urb,2022,13.119
nga,sex_m,age_aggregate_y15_24,geo_cov_urb,2023,10.735
nga,sex_m,age_aggregate_y15_24,geo_cov_urb,2024,10.47
nga,sex_m,age_aggregate_y25_54,geo_cov_nat,2011,3.403
nga,sex_m,age_aggregate_y25_54,geo_cov_nat,2019,6.456
nga,sex_m,age_aggregate_y25_54,geo_cov_nat,2022,2.369
nga,sex_m,age_aggregate_y25_54,geo_cov_nat,2023,2.116
nga,sex_m,age_aggregate_y25_54,geo_cov_nat,2024,2.467
nga,sex_m,age_aggregate_y25_54,geo_cov_rur,2011,2.478
nga,sex_m,age_aggregate_y25_54,geo_cov_rur,2019,4.707
nga,sex_m,age_aggregate_y25_54,geo_cov_rur,2022,1.355
nga,sex_m,age_aggregate_y25_54,geo_cov_rur,2023,1.064
nga,sex_m,age_aggregate_y25_54,geo_cov_rur,2024,1.031
nga,sex_m,age_aggregate_y25_54,geo_cov_urb,2011,4.688
nga,sex_m,age_aggregate_y25_54,geo_cov_urb,2019,9.134
nga,sex_m,age_aggregate_y25_54,geo_cov_urb,2022,3.183
nga,sex_m,age_aggregate_y25_54,geo_cov_urb,2023,3.178
nga,sex_m,age_aggregate_y25_54,geo_cov_urb,2024,3.425
nga,sex_m,age_aggregate_y55_64,geo_cov_nat,2019,4.448
nga,sex_m,age_aggregate_y55_64,geo_cov_nat,2022,1.302
nga,sex_m,age_aggregate_y55_64,geo_cov_nat,2023,1.296
nga,sex_m,age_aggregate_y55_64,geo_cov_nat,2024,1.253
nga,sex_m,age_aggregate_y55_64,geo_cov_rur,2019,2.762
nga,sex_m,age_aggregate_y55_64,geo_cov_rur,2022,1.071
nga,sex_m,age_aggregate_y55_64,geo_cov_rur,2024,0.511
nga,sex_m,age_aggregate_y55_64,geo_cov_urb,2019,7.327
nga,sex_m,age_aggregate_y55_64,geo_cov_urb,2022,1.499
nga,sex_m,age_aggregate_y55_64,geo_cov_urb,2023,2.401
nga,sex_m,age_aggregate_y55_64,geo_cov_urb,2024,1.786
nga,sex_m,age_aggregate_yge65,geo_cov_nat,2019,4.358
nga,sex_m,age_aggregate_yge65,geo_cov_nat,2022,2.373
nga,sex_m,age_aggregate_yge65,geo_cov_nat,2023,2.013
nga,sex_m,age_aggregate_yge65,geo_cov_nat,2024,2.404
nga,sex_m,age_aggregate_yge65,geo_cov_rur,2019,2.381
nga,sex_m,age_aggregate_yge65,geo_cov_rur,2022,1.212
nga,sex_m,age_aggregate_yge65,geo_cov_rur,2023,1.279
nga,sex_m,age_aggregate_yge65,geo_cov_rur,2024,1.022
nga,sex_m,age_aggregate_yge65,geo_cov_urb,2019,8.855
nga,sex_m,age_aggregate_yge65,geo_cov_urb,2022,3.821
nga,sex_m,age_aggregate_yge65,geo_cov_urb,2023,2.902
nga,sex_m,age_aggregate_yge65,geo_cov_urb,2024,3.408
nga,sex_m,age_ythadult_y15_24,geo_cov_nat,2011,11.631
nga,sex_m,age_ythadult_y15_24,geo_cov_nat,2019,25.161
nga,sex_m,age_ythadult_y15_24,geo_cov_nat,2022,8.912
nga,sex_m,age_ythadult_y15_24,geo_cov_nat,2023,6.404
nga,sex_m,age_ythadult_y15_24,geo_cov_nat,2024,6.744
nga,sex_m,age_ythadult_y15_24,geo_cov_rur,2011,6.988
nga,sex_m,age_ythadult_y15_24,geo_cov_rur,2019,17.797
nga,sex_m,age_ythadult_y15_24,geo_cov_rur,2022,4.475
nga,sex_m,age_ythadult_y15_24,geo_cov_rur,2023,3.353
nga,sex_m,age_ythadult_y15_24,geo_cov_rur,2024,2.969
nga,sex_m,age_ythadult_y15_24,geo_cov_urb,2011,21.085
nga,sex_m,age_ythadult_y15_24,geo_cov_urb,2019,42.893
nga,sex_m,age_ythadult_y15_24,geo_cov_urb,2022,13.119
nga,sex_m,age_ythadult_y15_24,geo_cov_urb,2023,10.735
nga,sex_m,age_ythadult_y15_24,geo_cov_urb,2024,10.47
nga,sex_m,age_ythadult_y15_64,geo_cov_nat,2019,11.123
nga,sex_m,age_ythadult_y15_64,geo_cov_nat,2022,4.247
nga,sex_m,age_ythadult_y15_64,geo_cov_nat,2023,3.267
nga,sex_m,age_ythadult_y15_64,geo_cov_nat,2024,3.704
nga,sex_m,age_ythadult_y15_64,geo_cov_rur,2019,8.306
nga,sex_m,age_ythadult_y15_64,geo_cov_rur,2022,2.329
nga,sex_m,age_ythadult_y15_64,geo_cov_rur,2023,1.72
nga,sex_m,age_ythadult_y15_64,geo_cov_rur,2024,1.688
nga,sex_m,age_ythadult_y15_64,geo_cov_urb,2019,16.005
nga,sex_m,age_ythadult_y15_64,geo_cov_urb,2022,5.877
nga,sex_m,age_ythadult_y15_64,geo_cov_urb,2023,4.996
nga,sex_m,age_ythadult_y15_64,geo_cov_urb,2024,5.244
nga,sex_m,age_ythadult_yge15,geo_cov_nat,2011,4.227
nga,sex_m,age_ythadult_yge15,geo_cov_nat,2019,10.611
nga,sex_m,age_ythadult_yge15,geo_cov_nat,2022,4.12
nga,sex_m,age_ythadult_yge15,geo_cov_nat,2023,3.191
nga,sex_m,age_ythadult_yge15,geo_cov_nat,2024,3.635
nga,sex_m,age_ythadult_yge15,geo_cov_rur,2011,2.774
nga,sex_m,age_ythadult_yge15,geo_cov_rur,2019,7.819
nga,sex_m,age_ythadult_yge15,geo_cov_rur,2022,2.239
nga,sex_m,age_ythadult_yge15,geo_cov_rur,2023,1.693
nga,sex_m,age_ythadult_yge15,geo_cov_rur,2024,1.654
nga,sex_m,age_ythadult_yge15,geo_cov_urb,2011,6.553
nga,sex_m,age_ythadult_yge15,geo_cov_urb,2019,15.548
nga,sex_m,age_ythadult_yge15,geo_cov_urb,2022,5.761
nga,sex_m,age_ythadult_yge15,geo_cov_urb,2023,4.874
nga,sex_m,age_ythadult_yge15,geo_cov_urb,2024,5.144
nga,sex_m,age_ythadult_yge25,geo_cov_nat,2011,2.675
nga,sex_m,age_ythadult_yge25,geo_cov_nat,2019,5.987
nga,sex_m,age_ythadult_yge25,geo_cov_nat,2022,2.236
nga,sex_m,age_ythadult_yge25,geo_cov_nat,2023,2.013
nga,sex_m,age_ythadult_yge25,geo_cov_nat,2024,2.287
nga,sex_m,age_ythadult_yge25,geo_cov_rur,2011,1.793
nga,sex_m,age_ythadult_yge25,geo_cov_rur,2019,4.188
nga,sex_m,age_ythadult_yge25,geo_cov_rur,2022,1.303
nga,sex_m,age_ythadult_yge25,geo_cov_rur,2023,0.99
nga,sex_m,age_ythadult_yge25,geo_cov_rur,2024,0.952
nga,sex_m,age_ythadult_yge25,geo_cov_urb,2011,4.021
nga,sex_m,age_ythadult_yge25,geo_cov_urb,2019,8.886
nga,sex_m,age_ythadult_yge25,geo_cov_urb,2022,3.023
nga,sex_m,age_ythadult_yge25,geo_cov_urb,2023,3.069
nga,sex_m,age_ythadult_yge25,geo_cov_urb,2024,3.192
nga,sex_t,age_aggregate_total,geo_cov_nat,2011,4.137
nga,sex_t,age_aggregate_total,geo_cov_nat,2019,13.943
nga,sex_t,age_aggregate_total,geo_cov_nat,2022,6.747
nga,sex_t,age_aggregate_total,geo_cov_nat,2023,4.83
nga,sex_t,age_aggregate_total,geo_cov_nat,2024,4.729
nga,sex_t,age_aggregate_total,geo_cov_rur,2011,2.935
nga,sex_t,age_aggregate_total,geo_cov_rur,2019,11.848
nga,sex_t,age_aggregate_total,geo_cov_rur,2022,4.827
nga,sex_t,age_aggregate_total,geo_cov_rur,2023,3.269
nga,sex_t,age_aggregate_total,geo_cov_rur,2024,2.884
nga,sex_t,age_aggregate_total,geo_cov_urb,2011,6.054
nga,sex_t,age_aggregate_total,geo_cov_urb,2019,17.631
nga,sex_t,age_aggregate_total,geo_cov_urb,2022,8.389
nga,sex_t,age_aggregate_total,geo_cov_urb,2023,6.563
nga,sex_t,age_aggregate_total,geo_cov_urb,2024,6.083
nga,sex_t,age_aggregate_y15_24,geo_cov_nat,2011,11.231
nga,sex_t,age_aggregate_y15_24,geo_cov_nat,2019,30.014
nga,sex_t,age_aggregate_y15_24,geo_cov_nat,2022,11.946
nga,sex_t,age_aggregate_y15_24,geo_cov_nat,2023,8.459
nga,sex_t,age_aggregate_y15_24,geo_cov_nat,2024,8.129
nga,sex_t,age_aggregate_y15_24,geo_cov_rur,2011,7.99
nga,sex_t,age_aggregate_y15_24,geo_cov_rur,2019,23.517
nga,sex_t,age_aggregate_y15_24,geo_cov_rur,2022,8.127
nga,sex_t,age_aggregate_y15_24,geo_cov_rur,2023,5.635
nga,sex_t,age_aggregate_y15_24,geo_cov_rur,2024,4.98
nga,sex_t,age_aggregate_y15_24,geo_cov_urb,2011,17.892
nga,sex_t,age_aggregate_y15_24,geo_cov_urb,2019,45.518
nga,sex_t,age_aggregate_y15_24,geo_cov_urb,2022,15.593
nga,sex_t,age_aggregate_y15_24,geo_cov_urb,2023,12.407
nga,sex_t,age_aggregate_y15_24,geo_cov_urb,2024,10.904
nga,sex_t,age_aggregate_y25_54,geo_cov_nat,2011,3.369
nga,sex_t,age_aggregate_y25_54,geo_cov_nat,2019,10.223
nga,sex_t,age_aggregate_y25_54,geo_cov_nat,2022,5.296
nga,sex_t,age_aggregate_y25_54,geo_cov_nat,2023,3.696
nga,sex_t,age_aggregate_y25_54,geo_cov_nat,2024,3.734
nga,sex_t,age_aggregate_y25_54,geo_cov_rur,2011,2.331
nga,sex_t,age_aggregate_y25_54,geo_cov_rur,2019,9.066
nga,sex_t,age_aggregate_y25_54,geo_cov_rur,2022,3.902
nga,sex_t,age_aggregate_y25_54,geo_cov_rur,2023,2.318
nga,sex_t,age_aggregate_y25_54,geo_cov_rur,2024,2.135
nga,sex_t,age_aggregate_y25_54,geo_cov_urb,2011,4.891
nga,sex_t,age_aggregate_y25_54,geo_cov_urb,2019,12.028
nga,sex_t,age_aggregate_y25_54,geo_cov_urb,2022,6.422
nga,sex_t,age_aggregate_y25_54,geo_cov_urb,2023,5.118
nga,sex_t,age_aggregate_y25_54,geo_cov_urb,2024,4.845
nga,sex_t,age_aggregate_y55_64,geo_cov_nat,2011,0.917
nga,sex_t,age_aggregate_y55_64,geo_cov_nat,2019,5.349
nga,sex_t,age_aggregate_y55_64,geo_cov_nat,2022,2.342
nga,sex_t,age_aggregate_y55_64,geo_cov_nat,2023,2.147
nga,sex_t,age_aggregate_y55_64,geo_cov_nat,2024,1.746
nga,sex_t,age_aggregate_y55_64,geo_cov_rur,2019,4.036
nga,sex_t,age_aggregate_y55_64,geo_cov_rur,2022,1.478
nga,sex_t,age_aggregate_y55_64,geo_cov_rur,2023,1.339
nga,sex_t,age_aggregate_y55_64,geo_cov_rur,2024,0.94
nga,sex_t,age_aggregate_y55_64,geo_cov_urb,2011,1.865
nga,sex_t,age_aggregate_y55_64,geo_cov_urb,2019,7.548
nga,sex_t,age_aggregate_y55_64,geo_cov_urb,2022,3.052
nga,sex_t,age_aggregate_y55_64,geo_cov_urb,2023,2.884
nga,sex_t,age_aggregate_y55_64,geo_cov_urb,2024,2.263
nga,sex_t,age_aggregate_yge65,geo_cov_nat,2019,4.265
nga,sex_t,age_aggregate_yge65,geo_cov_nat,2022,2.558
nga,sex_t,age_aggregate_yge65,geo_cov_nat,2023,3.36
nga,sex_t,age_aggregate_yge65,geo_cov_nat,2024,2.093
nga,sex_t,age_aggregate_yge65,geo_cov_rur,2019,2.791
nga,sex_t,age_aggregate_yge65,geo_cov_rur,2022,1.801
nga,sex_t,age_aggregate_yge65,geo_cov_rur,2023,3.161
nga,sex_t,age_aggregate_yge65,geo_cov_rur,2024,1.07
nga,sex_t,age_aggregate_yge65,geo_cov_urb,2019,7.398
nga,sex_t,age_aggregate_yge65,geo_cov_urb,2022,3.288
nga,sex_t,age_aggregate_yge65,geo_cov_urb,2023,3.574
nga,sex_t,age_aggregate_yge65,geo_cov_urb,2024,2.709
nga,sex_t,age_ythadult_y15_24,geo_cov_nat,2011,11.231
nga,sex_t,age_ythadult_y15_24,geo_cov_nat,2019,30.014
nga,sex_t,age_ythadult_y15_24,geo_cov_nat,2022,11.946
nga,sex_t,age_ythadult_y15_24,geo_cov_nat,2023,8.459
nga,sex_t,age_ythadult_y15_24,geo_cov_nat,2024,8.129
nga,sex_t,age_ythadult_y15_24,geo_cov_rur,2011,7.99
nga,sex_t,age_ythadult_y15_24,geo_cov_rur,2019,23.517
nga,sex_t,age_ythadult_y15_24,geo_cov_rur,2022,8.127
nga,sex_t,age_ythadult_y15_24,geo_cov_rur,2023,5.635
nga,sex_t,age_ythadult_y15_24,geo_cov_rur,2024,4.98
nga,sex_t,age_ythadult_y15_24,geo_cov_urb,2011,17.892
nga,sex_t,age_ythadult_y15_24,geo_cov_urb,2019,45.518
nga,sex_t,age_ythadult_y15_24,geo_cov_urb,2022,15.593
nga,sex_t,age_ythadult_y15_24,geo_cov_urb,2023,12.407
nga,sex_t,age_ythadult_y15_24,geo_cov_urb,2024,10.904
nga,sex_t,age_ythadult_y15_64,geo_cov_nat,2019,14.653
nga,sex_t,age_ythadult_y15_64,geo_cov_nat,2022,6.99
nga,sex_t,age_ythadult_y15_64,geo_cov_nat,2023,4.905
nga,sex_t,age_ythadult_y15_64,geo_cov_nat,2024,4.846
nga,sex_t,age_ythadult_y15_64,geo_cov_rur,2019,12.56
nga,sex_t,age_ythadult_y15_64,geo_cov_rur,2022,5.014
nga,sex_t,age_ythadult_y15_64,geo_cov_rur,2023,3.275
nga,sex_t,age_ythadult_y15_64,geo_cov_rur,2024,2.954
nga,sex_t,age_ythadult_y15_64,geo_cov_urb,2019,18.288
nga,sex_t,age_ythadult_y15_64,geo_cov_urb,2022,8.666
nga,sex_t,age_ythadult_y15_64,geo_cov_urb,2023,6.718
nga,sex_t,age_ythadult_y15_64,geo_cov_urb,2024,6.245
nga,sex_t,age_ythadult_yge15,geo_cov_nat,2011,4.137
nga,sex_t,age_ythadult_yge15,geo_cov_nat,2019,13.943
nga,sex_t,age_ythadult_yge15,geo_cov_nat,2022,6.747
nga,sex_t,age_ythadult_yge15,geo_cov_nat,2023,4.83
nga,sex_t,age_ythadult_yge15,geo_cov_nat,2024,4.729
nga,sex_t,age_ythadult_yge15,geo_cov_rur,2011,2.935
nga,sex_t,age_ythadult_yge15,geo_cov_rur,2019,11.848
nga,sex_t,age_ythadult_yge15,geo_cov_rur,2022,4.827
nga,sex_t,age_ythadult_yge15,geo_cov_rur,2023,3.269
nga,sex_t,age_ythadult_yge15,geo_cov_rur,2024,2.884
nga,sex_t,age_ythadult_yge15,geo_cov_urb,2011,6.054
nga,sex_t,age_ythadult_yge15,geo_cov_urb,2019,17.631
nga,sex_t,age_ythadult_yge15,geo_cov_urb,2022,8.389
nga,sex_t,age_ythadult_yge15,geo_cov_urb,2023,6.563
nga,sex_t,age_ythadult_yge15,geo_cov_urb,2024,6.083
nga,sex_t,age_ythadult_yge25,geo_cov_nat,2011,2.756
nga,sex_t,age_ythadult_yge25,geo_cov_nat,2019,9.119
nga,sex_t,age_ythadult_yge25,geo_cov_nat,2022,4.77
nga,sex_t,age_ythadult_yge25,geo_cov_nat,2023,3.516
nga,sex_t,age_ythadult_yge25,geo_cov_nat,2024,3.419
nga,sex_t,age_ythadult_yge25,geo_cov_rur,2011,1.838
nga,sex_t,age_ythadult_yge25,geo_cov_rur,2019,7.85
nga,sex_t,age_ythadult_yge25,geo_cov_rur,2022,3.466
nga,sex_t,age_ythadult_yge25,geo_cov_rur,2023,2.281
nga,sex_t,age_ythadult_yge25,geo_cov_rur,2024,1.95
nga,sex_t,age_ythadult_yge25,geo_cov_urb,2011,4.153
nga,sex_t,age_ythadult_yge25,geo_cov_urb,2019,11.167
nga,sex_t,age_ythadult_yge25,geo_cov_urb,2022,5.839
nga,sex_t,age_ythadult_yge25,geo_cov_urb,2023,4.779
nga,sex_t,age_ythadult_yge25,geo_cov_urb,2024,4.422
nic,sex_f,age_aggregate_total,geo_cov_nat,2005,27.186
nic,sex_f,age_aggregate_total,geo_cov_nat,2012,18.211
nic,sex_f,age_aggregate_total,geo_cov_nat,2014,25.848
nic,sex_f,age_aggregate_total,geo_cov_rur,2005,31.266
nic,sex_f,age_aggregate_total,geo_cov_rur,2012,18.149
nic,sex_f,age_aggregate_total,geo_cov_rur,2014,34.271
nic,sex_f,age_aggregate_total,geo_cov_urb,2005,25.357
nic,sex_f,age_aggregate_total,geo_cov_urb,2012,18.248
nic,sex_f,age_aggregate_total,geo_cov_urb,2014,22.096
nic,sex_f,age_aggregate_y15_24,geo_cov_nat,2005,41.764
nic,sex_f,age_aggregate_y15_24,geo_cov_nat,2012,29.204
nic,sex_f,age_aggregate_y15_24,geo_cov_nat,2014,44.883
nic,sex_f,age_aggregate_y15_24,geo_cov_rur,2005,43.199
nic,sex_f,age_aggregate_y15_24,geo_cov_rur,2012,26.143
nic,sex_f,age_aggregate_y15_24,geo_cov_rur,2014,49.049
nic,sex_f,age_aggregate_y15_24,geo_cov_urb,2005,41.034
nic,sex_f,age_aggregate_y15_24,geo_cov_urb,2012,31.471
nic,sex_f,age_aggregate_y15_24,geo_cov_urb,2014,42.388
nic,sex_f,age_aggregate_y25_54,geo_cov_nat,2005,22.523
nic,sex_f,age_aggregate_y25_54,geo_cov_nat,2012,14.616
nic,sex_f,age_aggregate_y25_54,geo_cov_nat,2014,20.47
nic,sex_f,age_aggregate_y25_54,geo_cov_rur,2005,28.244
nic,sex_f,age_aggregate_y25_54,geo_cov_rur,2012,15.138
nic,sex_f,age_aggregate_y25_54,geo_cov_rur,2014,29.417
nic,sex_f,age_aggregate_y25_54,geo_cov_urb,2005,20.09
nic,sex_f,age_aggregate_y25_54,geo_cov_urb,2012,14.343
nic,sex_f,age_aggregate_y25_54,geo_cov_urb,2014,16.69
nic,sex_f,age_aggregate_y55_64,geo_cov_nat,2005,21.386
nic,sex_f,age_aggregate_y55_64,geo_cov_nat,2012,11.371
nic,sex_f,age_aggregate_y55_64,geo_cov_nat,2014,14.996
nic,sex_f,age_aggregate_y55_64,geo_cov_rur,2005,18.807
nic,sex_f,age_aggregate_y55_64,geo_cov_rur,2012,9.83
nic,sex_f,age_aggregate_y55_64,geo_cov_rur,2014,16.707
nic,sex_f,age_aggregate_y55_64,geo_cov_urb,2005,22.596
nic,sex_f,age_aggregate_y55_64,geo_cov_urb,2012,12.197
nic,sex_f,age_aggregate_y55_64,geo_cov_urb,2014,14.475
nic,sex_f,age_aggregate_yge65,geo_cov_nat,2005,17.305
nic,sex_f,age_aggregate_yge65,geo_cov_nat,2012,9.534
nic,sex_f,age_aggregate_yge65,geo_cov_nat,2014,10.389
nic,sex_f,age_aggregate_yge65,geo_cov_rur,2005,15.879
nic,sex_f,age_aggregate_yge65,geo_cov_rur,2012,11.848
nic,sex_f,age_aggregate_yge65,geo_cov_urb,2005,17.882
nic,sex_f,age_aggregate_yge65,geo_cov_urb,2012,8.267
nic,sex_f,age_aggregate_yge65,geo_cov_urb,2014,11.433
nic,sex_f,age_ythadult_y15_24,geo_cov_nat,2005,41.764
nic,sex_f,age_ythadult_y15_24,geo_cov_nat,2012,29.204
nic,sex_f,age_ythadult_y15_24,geo_cov_nat,2014,44.883
nic,sex_f,age_ythadult_y15_24,geo_cov_rur,2005,43.199
nic,sex_f,age_ythadult_y15_24,geo_cov_rur,2012,26.143
nic,sex_f,age_ythadult_y15_24,geo_cov_rur,2014,49.049
nic,sex_f,age_ythadult_y15_24,geo_cov_urb,2005,41.034
nic,sex_f,age_ythadult_y15_24,geo_cov_urb,2012,31.471
nic,sex_f,age_ythadult_y15_24,geo_cov_urb,2014,42.388
nic,sex_f,age_ythadult_y15_64,geo_cov_nat,2005,27.584
nic,sex_f,age_ythadult_y15_64,geo_cov_nat,2012,18.613
nic,sex_f,age_ythadult_y15_64,geo_cov_nat,2014,26.255
nic,sex_f,age_ythadult_y15_64,geo_cov_rur,2005,31.841
nic,sex_f,age_ythadult_y15_64,geo_cov_rur,2012,18.43
nic,sex_f,age_ythadult_y15_64,geo_cov_urb,2005,25.668
nic,sex_f,age_ythadult_y15_64,geo_cov_urb,2012,18.72
nic,sex_f,age_ythadult_y15_64,geo_cov_urb,2014,22.435
nic,sex_f,age_ythadult_yge15,geo_cov_nat,2005,27.186
nic,sex_f,age_ythadult_yge15,geo_cov_nat,2012,18.211
nic,sex_f,age_ythadult_yge15,geo_cov_nat,2014,25.848
nic,sex_f,age_ythadult_yge15,geo_cov_rur,2005,31.266
nic,sex_f,age_ythadult_yge15,geo_cov_rur,2012,18.149
nic,sex_f,age_ythadult_yge15,geo_cov_rur,2014,34.271
nic,sex_f,age_ythadult_yge15,geo_cov_urb,2005,25.357
nic,sex_f,age_ythadult_yge15,geo_cov_urb,2012,18.248
nic,sex_f,age_ythadult_yge15,geo_cov_urb,2014,22.096
nic,sex_f,age_ythadult_yge25,geo_cov_nat,2005,22.137
nic,sex_f,age_ythadult_yge25,geo_cov_nat,2012,13.922
nic,sex_f,age_ythadult_yge25,geo_cov_nat,2014,19.589
nic,sex_f,age_ythadult_yge25,geo_cov_rur,2005,26.617
nic,sex_f,age_ythadult_yge25,geo_cov_rur,2012,14.299
nic,sex_f,age_ythadult_yge25,geo_cov_rur,2014,27.916
nic,sex_f,age_ythadult_yge25,geo_cov_urb,2005,20.217
nic,sex_f,age_ythadult_yge25,geo_cov_urb,2012,13.724
nic,sex_f,age_ythadult_yge25,geo_cov_urb,2014,16.248
nic,sex_m,age_aggregate_total,geo_cov_nat,2005,8.84
nic,sex_m,age_aggregate_total,geo_cov_nat,2012,8.53
nic,sex_m,age_aggregate_total,geo_cov_nat,2014,8.094
nic,sex_m,age_aggregate_total,geo_cov_rur,2005,3.099
nic,sex_m,age_aggregate_total,geo_cov_rur,2012,3.993
nic,sex_m,age_aggregate_total,geo_cov_rur,2014,3.542
nic,sex_m,age_aggregate_total,geo_cov_urb,2005,13.862
nic,sex_m,age_aggregate_total,geo_cov_urb,2012,12.007
nic,sex_m,age_aggregate_total,geo_cov_urb,2014,11.924
nic,sex_m,age_aggregate_y15_24,geo_cov_nat,2005,14.837
nic,sex_m,age_aggregate_y15_24,geo_cov_nat,2012,13.52
nic,sex_m,age_aggregate_y15_24,geo_cov_nat,2014,15.704
nic,sex_m,age_aggregate_y15_24,geo_cov_rur,2005,4.793
nic,sex_m,age_aggregate_y15_24,geo_cov_rur,2012,6.304
nic,sex_m,age_aggregate_y15_24,geo_cov_rur,2014,7.483
nic,sex_m,age_aggregate_y15_24,geo_cov_urb,2005,25.376
nic,sex_m,age_aggregate_y15_24,geo_cov_urb,2012,20.095
nic,sex_m,age_aggregate_y15_24,geo_cov_urb,2014,24.184
nic,sex_m,age_aggregate_y25_54,geo_cov_nat,2005,5.859
nic,sex_m,age_aggregate_y25_54,geo_cov_nat,2012,5.864
nic,sex_m,age_aggregate_y25_54,geo_cov_nat,2014,4.793
nic,sex_m,age_aggregate_y25_54,geo_cov_rur,2005,2.281
nic,sex_m,age_aggregate_y25_54,geo_cov_rur,2012,2.575
nic,sex_m,age_aggregate_y25_54,geo_cov_rur,2014,1.717
nic,sex_m,age_aggregate_y25_54,geo_cov_urb,2005,8.581
nic,sex_m,age_aggregate_y25_54,geo_cov_urb,2012,8.062
nic,sex_m,age_aggregate_y25_54,geo_cov_urb,2014,7.082
nic,sex_m,age_aggregate_y55_64,geo_cov_nat,2005,5.031
nic,sex_m,age_aggregate_y55_64,geo_cov_nat,2012,6.19
nic,sex_m,age_aggregate_y55_64,geo_cov_nat,2014,6.633
nic,sex_m,age_aggregate_y55_64,geo_cov_rur,2012,1.649
nic,sex_m,age_aggregate_y55_64,geo_cov_rur,2014,1.831
nic,sex_m,age_aggregate_y55_64,geo_cov_urb,2005,8.494
nic,sex_m,age_aggregate_y55_64,geo_cov_urb,2012,9.183
nic,sex_m,age_aggregate_y55_64,geo_cov_urb,2014,9.955
nic,sex_m,age_aggregate_yge65,geo_cov_nat,2005,7.457
nic,sex_m,age_aggregate_yge65,geo_cov_nat,2012,8.526
nic,sex_m,age_aggregate_yge65,geo_cov_nat,2014,5.779
nic,sex_m,age_aggregate_yge65,geo_cov_rur,2005,2.449
nic,sex_m,age_aggregate_yge65,geo_cov_rur,2012,4.694
nic,sex_m,age_aggregate_yge65,geo_cov_urb,2005,12.939
nic,sex_m,age_aggregate_yge65,geo_cov_urb,2012,13.295
nic,sex_m,age_aggregate_yge65,geo_cov_urb,2014,11.652
nic,sex_m,age_ythadult_y15_24,geo_cov_nat,2005,14.837
nic,sex_m,age_ythadult_y15_24,geo_cov_nat,2012,13.52
nic,sex_m,age_ythadult_y15_24,geo_cov_nat,2014,15.704
nic,sex_m,age_ythadult_y15_24,geo_cov_rur,2005,4.793
nic,sex_m,age_ythadult_y15_24,geo_cov_rur,2012,6.304
nic,sex_m,age_ythadult_y15_24,geo_cov_rur,2014,7.483
nic,sex_m,age_ythadult_y15_24,geo_cov_urb,2005,25.376
nic,sex_m,age_ythadult_y15_24,geo_cov_urb,2012,20.095
nic,sex_m,age_ythadult_y15_24,geo_cov_urb,2014,24.184
nic,sex_m,age_ythadult_y15_64,geo_cov_nat,2005,8.925
nic,sex_m,age_ythadult_y15_64,geo_cov_nat,2012,8.53
nic,sex_m,age_ythadult_y15_64,geo_cov_nat,2014,8.225
nic,sex_m,age_ythadult_y15_64,geo_cov_rur,2005,3.144
nic,sex_m,age_ythadult_y15_64,geo_cov_rur,2012,3.938
nic,sex_m,age_ythadult_y15_64,geo_cov_urb,2005,13.912
nic,sex_m,age_ythadult_y15_64,geo_cov_urb,2012,11.946
nic,sex_m,age_ythadult_y15_64,geo_cov_urb,2014,11.935
nic,sex_m,age_ythadult_yge15,geo_cov_nat,2005,8.84
nic,sex_m,age_ythadult_yge15,geo_cov_nat,2012,8.53
nic,sex_m,age_ythadult_yge15,geo_cov_nat,2014,8.094
nic,sex_m,age_ythadult_yge15,geo_cov_rur,2005,3.099
nic,sex_m,age_ythadult_yge15,geo_cov_rur,2012,3.993
nic,sex_m,age_ythadult_yge15,geo_cov_rur,2014,3.542
nic,sex_m,age_ythadult_yge15,geo_cov_urb,2005,13.862
nic,sex_m,age_ythadult_yge15,geo_cov_urb,2012,12.007
nic,sex_m,age_ythadult_yge15,geo_cov_urb,2014,11.924
nic,sex_m,age_ythadult_yge25,geo_cov_nat,2005,5.894
nic,sex_m,age_ythadult_yge25,geo_cov_nat,2012,6.128
nic,sex_m,age_ythadult_yge25,geo_cov_nat,2014,5.078
nic,sex_m,age_ythadult_yge25,geo_cov_rur,2005,2.141
nic,sex_m,age_ythadult_yge25,geo_cov_rur,2012,2.709
nic,sex_m,age_ythadult_yge25,geo_cov_rur,2014,1.726
nic,sex_m,age_ythadult_yge25,geo_cov_urb,2005,8.896
nic,sex_m,age_ythadult_yge25,geo_cov_urb,2012,8.535
nic,sex_m,age_ythadult_yge25,geo_cov_urb,2014,7.677
nic,sex_t,age_aggregate_total,geo_cov_nat,2005,16.294
nic,sex_t,age_aggregate_total,geo_cov_nat,2012,13.112
nic,sex_t,age_aggregate_total,geo_cov_nat,2014,15.769
nic,sex_t,age_aggregate_total,geo_cov_rur,2005,11.893
nic,sex_t,age_aggregate_total,geo_cov_rur,2012,10.11
nic,sex_t,age_aggregate_total,geo_cov_rur,2014,13.969
nic,sex_t,age_aggregate_total,geo_cov_urb,2005,19.262
nic,sex_t,age_aggregate_total,geo_cov_urb,2012,15.134
nic,sex_t,age_aggregate_total,geo_cov_urb,2014,16.933
nic,sex_t,age_aggregate_y15_24,geo_cov_nat,2005,24.217
nic,sex_t,age_aggregate_y15_24,geo_cov_nat,2012,20.375
nic,sex_t,age_aggregate_y15_24,geo_cov_nat,2014,27.346
nic,sex_t,age_aggregate_y15_24,geo_cov_rur,2005,14.794
nic,sex_t,age_aggregate_y15_24,geo_cov_rur,2012,14.424
nic,sex_t,age_aggregate_y15_24,geo_cov_rur,2014,21.147
nic,sex_t,age_aggregate_y15_24,geo_cov_urb,2005,31.962
nic,sex_t,age_aggregate_y15_24,geo_cov_urb,2012,25.33
nic,sex_t,age_aggregate_y15_24,geo_cov_urb,2014,32.514
nic,sex_t,age_aggregate_y25_54,geo_cov_nat,2005,13.346
nic,sex_t,age_aggregate_y25_54,geo_cov_nat,2012,10.212
nic,sex_t,age_aggregate_y25_54,geo_cov_nat,2014,12.028
nic,sex_t,age_aggregate_y25_54,geo_cov_rur,2005,11.638
nic,sex_t,age_aggregate_y25_54,geo_cov_rur,2012,8.334
nic,sex_t,age_aggregate_y25_54,geo_cov_rur,2014,12.068
nic,sex_t,age_aggregate_y25_54,geo_cov_urb,2005,14.357
nic,sex_t,age_aggregate_y25_54,geo_cov_urb,2012,11.326
nic,sex_t,age_aggregate_y25_54,geo_cov_urb,2014,12.004
nic,sex_t,age_aggregate_y55_64,geo_cov_nat,2005,11.196
nic,sex_t,age_aggregate_y55_64,geo_cov_nat,2012,8.705
nic,sex_t,age_aggregate_y55_64,geo_cov_nat,2014,10.035
nic,sex_t,age_aggregate_y55_64,geo_cov_rur,2005,6.268
nic,sex_t,age_aggregate_y55_64,geo_cov_rur,2012,5.356
nic,sex_t,age_aggregate_y55_64,geo_cov_rur,2014,6.016
nic,sex_t,age_aggregate_y55_64,geo_cov_urb,2005,14.646
nic,sex_t,age_aggregate_y55_64,geo_cov_urb,2012,10.704
nic,sex_t,age_aggregate_y55_64,geo_cov_urb,2014,12.083
nic,sex_t,age_aggregate_yge65,geo_cov_nat,2005,10.536
nic,sex_t,age_aggregate_yge65,geo_cov_nat,2012,8.94
nic,sex_t,age_aggregate_yge65,geo_cov_nat,2014,7.006
nic,sex_t,age_aggregate_yge65,geo_cov_rur,2005,5.141
nic,sex_t,age_aggregate_yge65,geo_cov_rur,2012,6.895
nic,sex_t,age_aggregate_yge65,geo_cov_urb,2005,14.937
nic,sex_t,age_aggregate_yge65,geo_cov_urb,2012,10.769
nic,sex_t,age_aggregate_yge65,geo_cov_urb,2014,11.559
nic,sex_t,age_ythadult_y15_24,geo_cov_nat,2005,24.217
nic,sex_t,age_ythadult_y15_24,geo_cov_nat,2012,20.375
nic,sex_t,age_ythadult_y15_24,geo_cov_nat,2014,27.346
nic,sex_t,age_ythadult_y15_24,geo_cov_rur,2005,14.794
nic,sex_t,age_ythadult_y15_24,geo_cov_rur,2012,14.424
nic,sex_t,age_ythadult_y15_24,geo_cov_rur,2014,21.147
nic,sex_t,age_ythadult_y15_24,geo_cov_urb,2005,31.962
nic,sex_t,age_ythadult_y15_24,geo_cov_urb,2012,25.33
nic,sex_t,age_ythadult_y15_24,geo_cov_urb,2014,32.514
nic,sex_t,age_ythadult_y15_64,geo_cov_nat,2005,16.599
nic,sex_t,age_ythadult_y15_64,geo_cov_nat,2012,13.337
nic,sex_t,age_ythadult_y15_64,geo_cov_nat,2014,16.15
nic,sex_t,age_ythadult_y15_64,geo_cov_rur,2005,12.295
nic,sex_t,age_ythadult_y15_64,geo_cov_rur,2012,10.315
nic,sex_t,age_ythadult_y15_64,geo_cov_urb,2005,19.472
nic,sex_t,age_ythadult_y15_64,geo_cov_urb,2012,15.34
nic,sex_t,age_ythadult_y15_64,geo_cov_urb,2014,17.132
nic,sex_t,age_ythadult_yge15,geo_cov_nat,2005,16.294
nic,sex_t,age_ythadult_yge15,geo_cov_nat,2012,13.112
nic,sex_t,age_ythadult_yge15,geo_cov_nat,2014,15.769
nic,sex_t,age_ythadult_yge15,geo_cov_rur,2005,11.893
nic,sex_t,age_ythadult_yge15,geo_cov_rur,2012,10.11
nic,sex_t,age_ythadult_yge15,geo_cov_rur,2014,13.969
nic,sex_t,age_ythadult_yge15,geo_cov_urb,2005,19.262
nic,sex_t,age_ythadult_yge15,geo_cov_urb,2012,15.134
nic,sex_t,age_ythadult_yge15,geo_cov_urb,2014,16.933
nic,sex_t,age_ythadult_yge25,geo_cov_nat,2005,12.897
nic,sex_t,age_ythadult_yge25,geo_cov_nat,2012,9.94
nic,sex_t,age_ythadult_yge25,geo_cov_nat,2014,11.528
nic,sex_t,age_ythadult_yge25,geo_cov_rur,2005,10.425
nic,sex_t,age_ythadult_yge25,geo_cov_rur,2012,7.856
nic,sex_t,age_ythadult_yge25,geo_cov_rur,2014,10.738
nic,sex_t,age_ythadult_yge25,geo_cov_urb,2005,14.426
nic,sex_t,age_ythadult_yge25,geo_cov_urb,2012,11.216
nic,sex_t,age_ythadult_yge25,geo_cov_urb,2014,11.992
nld,sex_f,age_aggregate_total,geo_cov_nat,1998,12.634
nld,sex_f,age_aggregate_total,geo_cov_nat,1999,10.489
nld,sex_f,age_aggregate_total,geo_cov_nat,2000,8.144
nld,sex_f,age_aggregate_total,geo_cov_nat,2001,6.083
nld,sex_f,age_aggregate_total,geo_cov_nat,2002,6.715
nld,sex_f,age_aggregate_total,geo_cov_nat,2003,8.052
nld,sex_f,age_aggregate_total,geo_cov_nat,2004,9.335
nld,sex_f,age_aggregate_total,geo_cov_nat,2005,12.055
nld,sex_f,age_aggregate_total,geo_cov_nat,2006,12.321
nld,sex_f,age_aggregate_total,geo_cov_nat,2007,10.179
nld,sex_f,age_aggregate_total,geo_cov_nat,2008,9.166
nld,sex_f,age_aggregate_total,geo_cov_nat,2009,9.555
nld,sex_f,age_aggregate_total,geo_cov_nat,2010,10.138
nld,sex_f,age_aggregate_total,geo_cov_nat,2011,9.981
nld,sex_f,age_aggregate_total,geo_cov_nat,2012,10.865
nld,sex_f,age_aggregate_total,geo_cov_nat,2013,12.834
nld,sex_f,age_aggregate_total,geo_cov_nat,2014,13.769
nld,sex_f,age_aggregate_total,geo_cov_nat,2015,12.955
nld,sex_f,age_aggregate_total,geo_cov_nat,2016,11.793
nld,sex_f,age_aggregate_total,geo_cov_nat,2017,10.145
nld,sex_f,age_aggregate_total,geo_cov_nat,2018,8.556
nld,sex_f,age_aggregate_total,geo_cov_nat,2019,7.391
nld,sex_f,age_aggregate_total,geo_cov_nat,2020,7.882
nld,sex_f,age_aggregate_total,geo_cov_nat,2021,7.87
nld,sex_f,age_aggregate_total,geo_cov_nat,2022,6.65
nld,sex_f,age_aggregate_total,geo_cov_nat,2023,6.516
nld,sex_f,age_aggregate_total,geo_cov_nat,2024,6.374
nld,sex_f,age_aggregate_total,geo_cov_rur,1998,13.604
nld,sex_f,age_aggregate_total,geo_cov_rur,1999,14.392
nld,sex_f,age_aggregate_total,geo_cov_rur,2000,8.003
nld,sex_f,age_aggregate_total,geo_cov_rur,2001,7.283
nld,sex_f,age_aggregate_total,geo_cov_rur,2002,7.728
nld,sex_f,age_aggregate_total,geo_cov_rur,2003,8.64
nld,sex_f,age_aggregate_total,geo_cov_rur,2004,10.153
nld,sex_f,age_aggregate_total,geo_cov_rur,2005,11.664
nld,sex_f,age_aggregate_total,geo_cov_rur,2006,11.392
nld,sex_f,age_aggregate_total,geo_cov_rur,2007,12.553
nld,sex_f,age_aggregate_total,geo_cov_rur,2008,9.718
nld,sex_f,age_aggregate_total,geo_cov_rur,2009,7.763
nld,sex_f,age_aggregate_total,geo_cov_rur,2010,11.714
nld,sex_f,age_aggregate_total,geo_cov_rur,2011,8.701
nld,sex_f,age_aggregate_total,geo_cov_rur,2012,8.855
nld,sex_f,age_aggregate_total,geo_cov_rur,2013,10.79
nld,sex_f,age_aggregate_total,geo_cov_rur,2014,11.027
nld,sex_f,age_aggregate_total,geo_cov_rur,2015,11.563
nld,sex_f,age_aggregate_total,geo_cov_rur,2016,9.478
nld,sex_f,age_aggregate_total,geo_cov_rur,2017,9.144
nld,sex_f,age_aggregate_total,geo_cov_rur,2018,6.793
nld,sex_f,age_aggregate_total,geo_cov_rur,2019,5.763
nld,sex_f,age_aggregate_total,geo_cov_rur,2020,6.329
nld,sex_f,age_aggregate_total,geo_cov_rur,2021,5.072
nld,sex_f,age_aggregate_total,geo_cov_rur,2022,4.742
nld,sex_f,age_aggregate_total,geo_cov_rur,2023,4.129
nld,sex_f,age_aggregate_total,geo_cov_rur,2024,4.463
nld,sex_f,age_aggregate_total,geo_cov_urb,1998,12.598
nld,sex_f,age_aggregate_total,geo_cov_urb,1999,10.344
nld,sex_f,age_aggregate_total,geo_cov_urb,2000,8.149
nld,sex_f,age_aggregate_total,geo_cov_urb,2001,6.052
nld,sex_f,age_aggregate_total,geo_cov_urb,2002,6.686
nld,sex_f,age_aggregate_total,geo_cov_urb,2003,8.037
nld,sex_f,age_aggregate_total,geo_cov_urb,2004,9.315
nld,sex_f,age_aggregate_total,geo_cov_urb,2005,12.066
nld,sex_f,age_aggregate_total,geo_cov_urb,2006,12.341
nld,sex_f,age_aggregate_total,geo_cov_urb,2007,10.126
nld,sex_f,age_aggregate_total,geo_cov_urb,2008,9.154
nld,sex_f,age_aggregate_total,geo_cov_urb,2009,9.589
nld,sex_f,age_aggregate_total,geo_cov_urb,2010,10.107
nld,sex_f,age_aggregate_total,geo_cov_urb,2011,10.007
nld,sex_f,age_aggregate_total,geo_cov_urb,2012,11.196
nld,sex_f,age_aggregate_total,geo_cov_urb,2013,13.171
nld,sex_f,age_aggregate_total,geo_cov_urb,2014,14.215
nld,sex_f,age_aggregate_total,geo_cov_urb,2015,13.174
nld,sex_f,age_aggregate_total,geo_cov_urb,2016,12.034
nld,sex_f,age_aggregate_total,geo_cov_urb,2017,10.248
nld,sex_f,age_aggregate_total,geo_cov_urb,2018,8.756
nld,sex_f,age_aggregate_total,geo_cov_urb,2019,7.577
nld,sex_f,age_aggregate_total,geo_cov_urb,2020,8.056
nld,sex_f,age_aggregate_total,geo_cov_urb,2021,8.051
nld,sex_f,age_aggregate_total,geo_cov_urb,2022,6.774
nld,sex_f,age_aggregate_total,geo_cov_urb,2023,6.663
nld,sex_f,age_aggregate_total,geo_cov_urb,2024,6.499
nld,sex_f,age_aggregate_y15_24,geo_cov_nat,1998,18.271
nld,sex_f,age_aggregate_y15_24,geo_cov_nat,1999,14.599
nld,sex_f,age_aggregate_y15_24,geo_cov_nat,2000,12.032
nld,sex_f,age_aggregate_y15_24,geo_cov_nat,2001,9.895
nld,sex_f,age_aggregate_y15_24,geo_cov_nat,2002,10.427
nld,sex_f,age_aggregate_y15_24,geo_cov_nat,2003,12.708
nld,sex_f,age_aggregate_y15_24,geo_cov_nat,2004,14.969
nld,sex_f,age_aggregate_y15_24,geo_cov_nat,2005,20.509
nld,sex_f,age_aggregate_y15_24,geo_cov_nat,2006,19.165
nld,sex_f,age_aggregate_y15_24,geo_cov_nat,2007,16.623
nld,sex_f,age_aggregate_y15_24,geo_cov_nat,2008,14.963
nld,sex_f,age_aggregate_y15_24,geo_cov_nat,2009,16.406
nld,sex_f,age_aggregate_y15_24,geo_cov_nat,2010,18.069
nld,sex_f,age_aggregate_y15_24,geo_cov_nat,2011,17.34
nld,sex_f,age_aggregate_y15_24,geo_cov_nat,2012,18.765
nld,sex_f,age_aggregate_y15_24,geo_cov_nat,2013,20.595
nld,sex_f,age_aggregate_y15_24,geo_cov_nat,2014,22.524
nld,sex_f,age_aggregate_y15_24,geo_cov_nat,2015,18.708
nld,sex_f,age_aggregate_y15_24,geo_cov_nat,2016,17.879
nld,sex_f,age_aggregate_y15_24,geo_cov_nat,2017,15.47
nld,sex_f,age_aggregate_y15_24,geo_cov_nat,2018,13.504
nld,sex_f,age_aggregate_y15_24,geo_cov_nat,2019,11.722
nld,sex_f,age_aggregate_y15_24,geo_cov_nat,2020,15.656
nld,sex_f,age_aggregate_y15_24,geo_cov_nat,2021,13.983
nld,sex_f,age_aggregate_y15_24,geo_cov_nat,2022,12.205
nld,sex_f,age_aggregate_y15_24,geo_cov_nat,2023,12.682
nld,sex_f,age_aggregate_y15_24,geo_cov_nat,2024,13.042
nld,sex_f,age_aggregate_y15_24,geo_cov_rur,1998,23.164
nld,sex_f,age_aggregate_y15_24,geo_cov_rur,1999,19.632
nld,sex_f,age_aggregate_y15_24,geo_cov_rur,2000,10.036
nld,sex_f,age_aggregate_y15_24,geo_cov_rur,2001,12.185
nld,sex_f,age_aggregate_y15_24,geo_cov_rur,2002,9.532
nld,sex_f,age_aggregate_y15_24,geo_cov_rur,2003,14.574
nld,sex_f,age_aggregate_y15_24,geo_cov_rur,2004,17.246
nld,sex_f,age_aggregate_y15_24,geo_cov_rur,2005,19.117
nld,sex_f,age_aggregate_y15_24,geo_cov_rur,2006,18.932
nld,sex_f,age_aggregate_y15_24,geo_cov_rur,2007,20.446
nld,sex_f,age_aggregate_y15_24,geo_cov_rur,2008,16.72
nld,sex_f,age_aggregate_y15_24,geo_cov_rur,2009,13.14
nld,sex_f,age_aggregate_y15_24,geo_cov_rur,2010,13.906
nld,sex_f,age_aggregate_y15_24,geo_cov_rur,2011,10.842
nld,sex_f,age_aggregate_y15_24,geo_cov_rur,2012,17.073
nld,sex_f,age_aggregate_y15_24,geo_cov_rur,2013,18.008
nld,sex_f,age_aggregate_y15_24,geo_cov_rur,2014,18.009
nld,sex_f,age_aggregate_y15_24,geo_cov_rur,2015,18.747
nld,sex_f,age_aggregate_y15_24,geo_cov_rur,2016,10.753
nld,sex_f,age_aggregate_y15_24,geo_cov_rur,2017,13.387
nld,sex_f,age_aggregate_y15_24,geo_cov_rur,2018,11.323
nld,sex_f,age_aggregate_y15_24,geo_cov_rur,2019,11.965
nld,sex_f,age_aggregate_y15_24,geo_cov_rur,2020,12.569
nld,sex_f,age_aggregate_y15_24,geo_cov_rur,2021,8.484
nld,sex_f,age_aggregate_y15_24,geo_cov_rur,2022,5.531
nld,sex_f,age_aggregate_y15_24,geo_cov_rur,2023,7.901
nld,sex_f,age_aggregate_y15_24,geo_cov_rur,2024,7.517
nld,sex_f,age_aggregate_y15_24,geo_cov_urb,1998,18.106
nld,sex_f,age_aggregate_y15_24,geo_cov_urb,1999,14.42
nld,sex_f,age_aggregate_y15_24,geo_cov_urb,2000,12.088
nld,sex_f,age_aggregate_y15_24,geo_cov_urb,2001,9.835
nld,sex_f,age_aggregate_y15_24,geo_cov_urb,2002,10.452
nld,sex_f,age_aggregate_y15_24,geo_cov_urb,2003,12.663
nld,sex_f,age_aggregate_y15_24,geo_cov_urb,2004,14.916
nld,sex_f,age_aggregate_y15_24,geo_cov_urb,2005,20.548
nld,sex_f,age_aggregate_y15_24,geo_cov_urb,2006,19.17
nld,sex_f,age_aggregate_y15_24,geo_cov_urb,2007,16.54
nld,sex_f,age_aggregate_y15_24,geo_cov_urb,2008,14.928
nld,sex_f,age_aggregate_y15_24,geo_cov_urb,2009,16.463
nld,sex_f,age_aggregate_y15_24,geo_cov_urb,2010,18.148
nld,sex_f,age_aggregate_y15_24,geo_cov_urb,2011,17.447
nld,sex_f,age_aggregate_y15_24,geo_cov_urb,2012,19.048
nld,sex_f,age_aggregate_y15_24,geo_cov_urb,2013,21.038
nld,sex_f,age_aggregate_y15_24,geo_cov_urb,2014,23.259
nld,sex_f,age_aggregate_y15_24,geo_cov_urb,2015,18.702
nld,sex_f,age_aggregate_y15_24,geo_cov_urb,2016,18.636
nld,sex_f,age_aggregate_y15_24,geo_cov_urb,2017,15.691
nld,sex_f,age_aggregate_y15_24,geo_cov_urb,2018,13.783
nld,sex_f,age_aggregate_y15_24,geo_cov_urb,2019,11.692
nld,sex_f,age_aggregate_y15_24,geo_cov_urb,2020,16.019
nld,sex_f,age_aggregate_y15_24,geo_cov_urb,2021,14.336
nld,sex_f,age_aggregate_y15_24,geo_cov_urb,2022,12.653
nld,sex_f,age_aggregate_y15_24,geo_cov_urb,2023,12.954
nld,sex_f,age_aggregate_y15_24,geo_cov_urb,2024,13.408
nld,sex_f,age_aggregate_y25_54,geo_cov_nat,1998,10.933
nld,sex_f,age_aggregate_y25_54,geo_cov_nat,1999,9.118
nld,sex_f,age_aggregate_y25_54,geo_cov_nat,2000,6.973
nld,sex_f,age_aggregate_y25_54,geo_cov_nat,2001,4.939
nld,sex_f,age_aggregate_y25_54,geo_cov_nat,2002,5.342
nld,sex_f,age_aggregate_y25_54,geo_cov_nat,2003,6.63
nld,sex_f,age_aggregate_y25_54,geo_cov_nat,2004,7.622
nld,sex_f,age_aggregate_y25_54,geo_cov_nat,2005,9.956
nld,sex_f,age_aggregate_y25_54,geo_cov_nat,2006,9.798
nld,sex_f,age_aggregate_y25_54,geo_cov_nat,2007,7.902
nld,sex_f,age_aggregate_y25_54,geo_cov_nat,2008,6.929
nld,sex_f,age_aggregate_y25_54,geo_cov_nat,2009,7.311
nld,sex_f,age_aggregate_y25_54,geo_cov_nat,2010,7.75
nld,sex_f,age_aggregate_y25_54,geo_cov_nat,2011,7.953
nld,sex_f,age_aggregate_y25_54,geo_cov_nat,2012,8.636
nld,sex_f,age_aggregate_y25_54,geo_cov_nat,2013,10.292
nld,sex_f,age_aggregate_y25_54,geo_cov_nat,2014,10.832
nld,sex_f,age_aggregate_y25_54,geo_cov_nat,2015,10.627
nld,sex_f,age_aggregate_y25_54,geo_cov_nat,2016,9.145
nld,sex_f,age_aggregate_y25_54,geo_cov_nat,2017,8.027
nld,sex_f,age_aggregate_y25_54,geo_cov_nat,2018,6.428
nld,sex_f,age_aggregate_y25_54,geo_cov_nat,2019,5.667
nld,sex_f,age_aggregate_y25_54,geo_cov_nat,2020,5.955
nld,sex_f,age_aggregate_y25_54,geo_cov_nat,2021,6.075
nld,sex_f,age_aggregate_y25_54,geo_cov_nat,2022,4.803
nld,sex_f,age_aggregate_y25_54,geo_cov_nat,2023,4.772
nld,sex_f,age_aggregate_y25_54,geo_cov_nat,2024,4.893
nld,sex_f,age_aggregate_y25_54,geo_cov_rur,1998,11.433
nld,sex_f,age_aggregate_y25_54,geo_cov_rur,1999,12.951
nld,sex_f,age_aggregate_y25_54,geo_cov_rur,2000,7.304
nld,sex_f,age_aggregate_y25_54,geo_cov_rur,2001,6.19
nld,sex_f,age_aggregate_y25_54,geo_cov_rur,2002,7.407
nld,sex_f,age_aggregate_y25_54,geo_cov_rur,2003,7.311
nld,sex_f,age_aggregate_y25_54,geo_cov_rur,2004,8.584
nld,sex_f,age_aggregate_y25_54,geo_cov_rur,2005,9.856
nld,sex_f,age_aggregate_y25_54,geo_cov_rur,2006,9.056
nld,sex_f,age_aggregate_y25_54,geo_cov_rur,2007,10.463
nld,sex_f,age_aggregate_y25_54,geo_cov_rur,2008,8.358
nld,sex_f,age_aggregate_y25_54,geo_cov_rur,2009,5.622
nld,sex_f,age_aggregate_y25_54,geo_cov_rur,2010,10.373
nld,sex_f,age_aggregate_y25_54,geo_cov_rur,2011,7.893
nld,sex_f,age_aggregate_y25_54,geo_cov_rur,2012,6.513
nld,sex_f,age_aggregate_y25_54,geo_cov_rur,2013,7.809
nld,sex_f,age_aggregate_y25_54,geo_cov_rur,2014,8.019
nld,sex_f,age_aggregate_y25_54,geo_cov_rur,2015,9.26
nld,sex_f,age_aggregate_y25_54,geo_cov_rur,2016,8.021
nld,sex_f,age_aggregate_y25_54,geo_cov_rur,2017,6.052
nld,sex_f,age_aggregate_y25_54,geo_cov_rur,2018,4.677
nld,sex_f,age_aggregate_y25_54,geo_cov_rur,2019,3.59
nld,sex_f,age_aggregate_y25_54,geo_cov_rur,2020,4.494
nld,sex_f,age_aggregate_y25_54,geo_cov_rur,2021,3.611
nld,sex_f,age_aggregate_y25_54,geo_cov_rur,2022,2.914
nld,sex_f,age_aggregate_y25_54,geo_cov_rur,2023,2.795
nld,sex_f,age_aggregate_y25_54,geo_cov_rur,2024,3.457
nld,sex_f,age_aggregate_y25_54,geo_cov_urb,1998,10.915
nld,sex_f,age_aggregate_y25_54,geo_cov_urb,1999,8.973
nld,sex_f,age_aggregate_y25_54,geo_cov_urb,2000,6.964
nld,sex_f,age_aggregate_y25_54,geo_cov_urb,2001,4.907
nld,sex_f,age_aggregate_y25_54,geo_cov_urb,2002,5.282
nld,sex_f,age_aggregate_y25_54,geo_cov_urb,2003,6.613
nld,sex_f,age_aggregate_y25_54,geo_cov_urb,2004,7.598
nld,sex_f,age_aggregate_y25_54,geo_cov_urb,2005,9.958
nld,sex_f,age_aggregate_y25_54,geo_cov_urb,2006,9.814
nld,sex_f,age_aggregate_y25_54,geo_cov_urb,2007,7.844
nld,sex_f,age_aggregate_y25_54,geo_cov_urb,2008,6.899
nld,sex_f,age_aggregate_y25_54,geo_cov_urb,2009,7.342
nld,sex_f,age_aggregate_y25_54,geo_cov_urb,2010,7.699
nld,sex_f,age_aggregate_y25_54,geo_cov_urb,2011,7.954
nld,sex_f,age_aggregate_y25_54,geo_cov_urb,2012,8.977
nld,sex_f,age_aggregate_y25_54,geo_cov_urb,2013,10.688
nld,sex_f,age_aggregate_y25_54,geo_cov_urb,2014,11.268
nld,sex_f,age_aggregate_y25_54,geo_cov_urb,2015,10.837
nld,sex_f,age_aggregate_y25_54,geo_cov_urb,2016,9.258
nld,sex_f,age_aggregate_y25_54,geo_cov_urb,2017,8.224
nld,sex_f,age_aggregate_y25_54,geo_cov_urb,2018,6.611
nld,sex_f,age_aggregate_y25_54,geo_cov_urb,2019,5.897
nld,sex_f,age_aggregate_y25_54,geo_cov_urb,2020,6.109
nld,sex_f,age_aggregate_y25_54,geo_cov_urb,2021,6.221
nld,sex_f,age_aggregate_y25_54,geo_cov_urb,2022,4.914
nld,sex_f,age_aggregate_y25_54,geo_cov_urb,2023,4.885
nld,sex_f,age_aggregate_y25_54,geo_cov_urb,2024,4.977
nld,sex_f,age_aggregate_y55_64,geo_cov_nat,1998,17.509
nld,sex_f,age_aggregate_y55_64,geo_cov_nat,1999,15.982
nld,sex_f,age_aggregate_y55_64,geo_cov_nat,2000,10.865
nld,sex_f,age_aggregate_y55_64,geo_cov_nat,2001,6.39
nld,sex_f,age_aggregate_y55_64,geo_cov_nat,2002,8.955
nld,sex_f,age_aggregate_y55_64,geo_cov_nat,2003,7.647
nld,sex_f,age_aggregate_y55_64,geo_cov_nat,2004,8.783
nld,sex_f,age_aggregate_y55_64,geo_cov_nat,2005,10.153
nld,sex_f,age_aggregate_y55_64,geo_cov_nat,2006,14.796
nld,sex_f,age_aggregate_y55_64,geo_cov_nat,2007,12.435
nld,sex_f,age_aggregate_y55_64,geo_cov_nat,2008,10.968
nld,sex_f,age_aggregate_y55_64,geo_cov_nat,2009,10.292
nld,sex_f,age_aggregate_y55_64,geo_cov_nat,2010,9.845
nld,sex_f,age_aggregate_y55_64,geo_cov_nat,2011,9.558
nld,sex_f,age_aggregate_y55_64,geo_cov_nat,2012,9.868
nld,sex_f,age_aggregate_y55_64,geo_cov_nat,2013,12.7
nld,sex_f,age_aggregate_y55_64,geo_cov_nat,2014,14.251
nld,sex_f,age_aggregate_y55_64,geo_cov_nat,2015,13.873
nld,sex_f,age_aggregate_y55_64,geo_cov_nat,2016,13.013
nld,sex_f,age_aggregate_y55_64,geo_cov_nat,2017,11.363
nld,sex_f,age_aggregate_y55_64,geo_cov_nat,2018,9.906
nld,sex_f,age_aggregate_y55_64,geo_cov_nat,2019,7.894
nld,sex_f,age_aggregate_y55_64,geo_cov_nat,2020,6.315
nld,sex_f,age_aggregate_y55_64,geo_cov_nat,2021,6.614
nld,sex_f,age_aggregate_y55_64,geo_cov_nat,2022,5.435
nld,sex_f,age_aggregate_y55_64,geo_cov_nat,2023,4.615
nld,sex_f,age_aggregate_y55_64,geo_cov_nat,2024,3.611
nld,sex_f,age_aggregate_y55_64,geo_cov_rur,1998,13.388
nld,sex_f,age_aggregate_y55_64,geo_cov_rur,1999,17.325
nld,sex_f,age_aggregate_y55_64,geo_cov_rur,2002,6.857
nld,sex_f,age_aggregate_y55_64,geo_cov_rur,2003,7.623
nld,sex_f,age_aggregate_y55_64,geo_cov_rur,2004,9.283
nld,sex_f,age_aggregate_y55_64,geo_cov_rur,2005,10.421
nld,sex_f,age_aggregate_y55_64,geo_cov_rur,2006,13.473
nld,sex_f,age_aggregate_y55_64,geo_cov_rur,2007,12.984
nld,sex_f,age_aggregate_y55_64,geo_cov_rur,2009,11.851
nld,sex_f,age_aggregate_y55_64,geo_cov_rur,2011,10.185
nld,sex_f,age_aggregate_y55_64,geo_cov_rur,2012,9.664
nld,sex_f,age_aggregate_y55_64,geo_cov_rur,2013,13.726
nld,sex_f,age_aggregate_y55_64,geo_cov_rur,2014,12.724
nld,sex_f,age_aggregate_y55_64,geo_cov_rur,2015,11.306
nld,sex_f,age_aggregate_y55_64,geo_cov_rur,2016,10.318
nld,sex_f,age_aggregate_y55_64,geo_cov_rur,2017,14.062
nld,sex_f,age_aggregate_y55_64,geo_cov_rur,2018,8.721
nld,sex_f,age_aggregate_y55_64,geo_cov_rur,2019,5.537
nld,sex_f,age_aggregate_y55_64,geo_cov_rur,2020,4.781
nld,sex_f,age_aggregate_y55_64,geo_cov_rur,2021,4.687
nld,sex_f,age_aggregate_y55_64,geo_cov_rur,2022,5.962
nld,sex_f,age_aggregate_y55_64,geo_cov_rur,2023,3.697
nld,sex_f,age_aggregate_y55_64,geo_cov_rur,2024,2.586
nld,sex_f,age_aggregate_y55_64,geo_cov_urb,1998,17.701
nld,sex_f,age_aggregate_y55_64,geo_cov_urb,1999,15.928
nld,sex_f,age_aggregate_y55_64,geo_cov_urb,2000,10.89
nld,sex_f,age_aggregate_y55_64,geo_cov_urb,2001,6.4
nld,sex_f,age_aggregate_y55_64,geo_cov_urb,2002,9.034
nld,sex_f,age_aggregate_y55_64,geo_cov_urb,2003,7.648
nld,sex_f,age_aggregate_y55_64,geo_cov_urb,2004,8.768
nld,sex_f,age_aggregate_y55_64,geo_cov_urb,2005,10.143
nld,sex_f,age_aggregate_y55_64,geo_cov_urb,2006,14.83
nld,sex_f,age_aggregate_y55_64,geo_cov_urb,2007,12.422
nld,sex_f,age_aggregate_y55_64,geo_cov_urb,2008,11.181
nld,sex_f,age_aggregate_y55_64,geo_cov_urb,2009,10.249
nld,sex_f,age_aggregate_y55_64,geo_cov_urb,2010,9.837
nld,sex_f,age_aggregate_y55_64,geo_cov_urb,2011,9.541
nld,sex_f,age_aggregate_y55_64,geo_cov_urb,2012,9.905
nld,sex_f,age_aggregate_y55_64,geo_cov_urb,2013,12.513
nld,sex_f,age_aggregate_y55_64,geo_cov_urb,2014,14.541
nld,sex_f,age_aggregate_y55_64,geo_cov_urb,2015,14.342
nld,sex_f,age_aggregate_y55_64,geo_cov_urb,2016,13.324
nld,sex_f,age_aggregate_y55_64,geo_cov_urb,2017,11.037
nld,sex_f,age_aggregate_y55_64,geo_cov_urb,2018,10.056
nld,sex_f,age_aggregate_y55_64,geo_cov_urb,2019,8.175
nld,sex_f,age_aggregate_y55_64,geo_cov_urb,2020,6.511
nld,sex_f,age_aggregate_y55_64,geo_cov_urb,2021,6.761
nld,sex_f,age_aggregate_y55_64,geo_cov_urb,2022,5.392
nld,sex_f,age_aggregate_y55_64,geo_cov_urb,2023,4.689
nld,sex_f,age_aggregate_y55_64,geo_cov_urb,2024,3.693
nld,sex_f,age_aggregate_yge65,geo_cov_nat,2001,21.531
nld,sex_f,age_aggregate_yge65,geo_cov_nat,2002,28.216
nld,sex_f,age_aggregate_yge65,geo_cov_nat,2003,27.758
nld,sex_f,age_aggregate_yge65,geo_cov_nat,2004,34.45
nld,sex_f,age_aggregate_yge65,geo_cov_nat,2005,27.438
nld,sex_f,age_aggregate_yge65,geo_cov_nat,2006,42.817
nld,sex_f,age_aggregate_yge65,geo_cov_nat,2007,30.395
nld,sex_f,age_aggregate_yge65,geo_cov_nat,2008,37.348
nld,sex_f,age_aggregate_yge65,geo_cov_nat,2009,27.262
nld,sex_f,age_aggregate_yge65,geo_cov_nat,2010,32.742
nld,sex_f,age_aggregate_yge65,geo_cov_nat,2011,20.682
nld,sex_f,age_aggregate_yge65,geo_cov_nat,2012,27.18
nld,sex_f,age_aggregate_yge65,geo_cov_nat,2013,34.859
nld,sex_f,age_aggregate_yge65,geo_cov_nat,2014,34.279
nld,sex_f,age_aggregate_yge65,geo_cov_nat,2015,34.463
nld,sex_f,age_aggregate_yge65,geo_cov_nat,2016,37.905
nld,sex_f,age_aggregate_yge65,geo_cov_nat,2017,22.779
nld,sex_f,age_aggregate_yge65,geo_cov_nat,2018,21.616
nld,sex_f,age_aggregate_yge65,geo_cov_nat,2019,17.611
nld,sex_f,age_aggregate_yge65,geo_cov_nat,2020,13.716
nld,sex_f,age_aggregate_yge65,geo_cov_nat,2021,14.183
nld,sex_f,age_aggregate_yge65,geo_cov_nat,2022,16.922
nld,sex_f,age_aggregate_yge65,geo_cov_nat,2023,13.65
nld,sex_f,age_aggregate_yge65,geo_cov_nat,2024,9.626
nld,sex_f,age_aggregate_yge65,geo_cov_rur,2013,21.193
nld,sex_f,age_aggregate_yge65,geo_cov_rur,2014,28.582
nld,sex_f,age_aggregate_yge65,geo_cov_rur,2015,26.877
nld,sex_f,age_aggregate_yge65,geo_cov_rur,2017,30.218
nld,sex_f,age_aggregate_yge65,geo_cov_rur,2018,7.627
nld,sex_f,age_aggregate_yge65,geo_cov_rur,2019,16.258
nld,sex_f,age_aggregate_yge65,geo_cov_rur,2020,14.919
nld,sex_f,age_aggregate_yge65,geo_cov_rur,2021,11.037
nld,sex_f,age_aggregate_yge65,geo_cov_rur,2022,23.415
nld,sex_f,age_aggregate_yge65,geo_cov_rur,2023,8.51
nld,sex_f,age_aggregate_yge65,geo_cov_rur,2024,11.638
nld,sex_f,age_aggregate_yge65,geo_cov_urb,2001,21.776
nld,sex_f,age_aggregate_yge65,geo_cov_urb,2002,28.402
nld,sex_f,age_aggregate_yge65,geo_cov_urb,2003,27.948
nld,sex_f,age_aggregate_yge65,geo_cov_urb,2004,34.86
nld,sex_f,age_aggregate_yge65,geo_cov_urb,2005,27.756
nld,sex_f,age_aggregate_yge65,geo_cov_urb,2006,42.81
nld,sex_f,age_aggregate_yge65,geo_cov_urb,2007,30.404
nld,sex_f,age_aggregate_yge65,geo_cov_urb,2008,37.374
nld,sex_f,age_aggregate_yge65,geo_cov_urb,2009,27.949
nld,sex_f,age_aggregate_yge65,geo_cov_urb,2010,31.953
nld,sex_f,age_aggregate_yge65,geo_cov_urb,2011,20.682
nld,sex_f,age_aggregate_yge65,geo_cov_urb,2012,31.393
nld,sex_f,age_aggregate_yge65,geo_cov_urb,2013,37.338
nld,sex_f,age_aggregate_yge65,geo_cov_urb,2014,35.64
nld,sex_f,age_aggregate_yge65,geo_cov_urb,2015,35.937
nld,sex_f,age_aggregate_yge65,geo_cov_urb,2016,37.758
nld,sex_f,age_aggregate_yge65,geo_cov_urb,2017,22.322
nld,sex_f,age_aggregate_yge65,geo_cov_urb,2018,23.905
nld,sex_f,age_aggregate_yge65,geo_cov_urb,2019,17.746
nld,sex_f,age_aggregate_yge65,geo_cov_urb,2020,13.539
nld,sex_f,age_aggregate_yge65,geo_cov_urb,2021,14.554
nld,sex_f,age_aggregate_yge65,geo_cov_urb,2022,16.448
nld,sex_f,age_aggregate_yge65,geo_cov_urb,2023,14.095
nld,sex_f,age_aggregate_yge65,geo_cov_urb,2024,9.438
nld,sex_f,age_ythadult_y15_24,geo_cov_nat,1998,18.271
nld,sex_f,age_ythadult_y15_24,geo_cov_nat,1999,14.599
nld,sex_f,age_ythadult_y15_24,geo_cov_nat,2000,12.032
nld,sex_f,age_ythadult_y15_24,geo_cov_nat,2001,9.895
nld,sex_f,age_ythadult_y15_24,geo_cov_nat,2002,10.427
nld,sex_f,age_ythadult_y15_24,geo_cov_nat,2003,12.708
nld,sex_f,age_ythadult_y15_24,geo_cov_nat,2004,14.969
nld,sex_f,age_ythadult_y15_24,geo_cov_nat,2005,20.509
nld,sex_f,age_ythadult_y15_24,geo_cov_nat,2006,19.165
nld,sex_f,age_ythadult_y15_24,geo_cov_nat,2007,16.623
nld,sex_f,age_ythadult_y15_24,geo_cov_nat,2008,14.963
nld,sex_f,age_ythadult_y15_24,geo_cov_nat,2009,16.406
nld,sex_f,age_ythadult_y15_24,geo_cov_nat,2010,18.069
nld,sex_f,age_ythadult_y15_24,geo_cov_nat,2011,17.34
nld,sex_f,age_ythadult_y15_24,geo_cov_nat,2012,18.765
nld,sex_f,age_ythadult_y15_24,geo_cov_nat,2013,20.595
nld,sex_f,age_ythadult_y15_24,geo_cov_nat,2014,22.524
nld,sex_f,age_ythadult_y15_24,geo_cov_nat,2015,18.708
nld,sex_f,age_ythadult_y15_24,geo_cov_nat,2016,17.879
nld,sex_f,age_ythadult_y15_24,geo_cov_nat,2017,15.47
nld,sex_f,age_ythadult_y15_24,geo_cov_nat,2018,13.504
nld,sex_f,age_ythadult_y15_24,geo_cov_nat,2019,11.722
nld,sex_f,age_ythadult_y15_24,geo_cov_nat,2020,15.656
nld,sex_f,age_ythadult_y15_24,geo_cov_nat,2021,13.983
nld,sex_f,age_ythadult_y15_24,geo_cov_nat,2022,12.205
nld,sex_f,age_ythadult_y15_24,geo_cov_nat,2023,12.682
nld,sex_f,age_ythadult_y15_24,geo_cov_nat,2024,13.042
nld,sex_f,age_ythadult_y15_24,geo_cov_rur,1998,23.164
nld,sex_f,age_ythadult_y15_24,geo_cov_rur,1999,19.632
nld,sex_f,age_ythadult_y15_24,geo_cov_rur,2000,10.036
nld,sex_f,age_ythadult_y15_24,geo_cov_rur,2001,12.185
nld,sex_f,age_ythadult_y15_24,geo_cov_rur,2002,9.532
nld,sex_f,age_ythadult_y15_24,geo_cov_rur,2003,14.574
nld,sex_f,age_ythadult_y15_24,geo_cov_rur,2004,17.246
nld,sex_f,age_ythadult_y15_24,geo_cov_rur,2005,19.117
nld,sex_f,age_ythadult_y15_24,geo_cov_rur,2006,18.932
nld,sex_f,age_ythadult_y15_24,geo_cov_rur,2007,20.446
nld,sex_f,age_ythadult_y15_24,geo_cov_rur,2008,16.72
nld,sex_f,age_ythadult_y15_24,geo_cov_rur,2009,13.14
nld,sex_f,age_ythadult_y15_24,geo_cov_rur,2010,13.906
nld,sex_f,age_ythadult_y15_24,geo_cov_rur,2011,10.842
nld,sex_f,age_ythadult_y15_24,geo_cov_rur,2012,17.073
nld,sex_f,age_ythadult_y15_24,geo_cov_rur,2013,18.008
nld,sex_f,age_ythadult_y15_24,geo_cov_rur,2014,18.009
nld,sex_f,age_ythadult_y15_24,geo_cov_rur,2015,18.747
nld,sex_f,age_ythadult_y15_24,geo_cov_rur,2016,10.753
nld,sex_f,age_ythadult_y15_24,geo_cov_rur,2017,13.387
nld,sex_f,age_ythadult_y15_24,geo_cov_rur,2018,11.323
nld,sex_f,age_ythadult_y15_24,geo_cov_rur,2019,11.965
nld,sex_f,age_ythadult_y15_24,geo_cov_rur,2020,12.569
nld,sex_f,age_ythadult_y15_24,geo_cov_rur,2021,8.484
nld,sex_f,age_ythadult_y15_24,geo_cov_rur,2022,5.531
nld,sex_f,age_ythadult_y15_24,geo_cov_rur,2023,7.901
nld,sex_f,age_ythadult_y15_24,geo_cov_rur,2024,7.517
nld,sex_f,age_ythadult_y15_24,geo_cov_urb,1998,18.106
nld,sex_f,age_ythadult_y15_24,geo_cov_urb,1999,14.42
nld,sex_f,age_ythadult_y15_24,geo_cov_urb,2000,12.088
nld,sex_f,age_ythadult_y15_24,geo_cov_urb,2001,9.835
nld,sex_f,age_ythadult_y15_24,geo_cov_urb,2002,10.452
nld,sex_f,age_ythadult_y15_24,geo_cov_urb,2003,12.663
nld,sex_f,age_ythadult_y15_24,geo_cov_urb,2004,14.916
nld,sex_f,age_ythadult_y15_24,geo_cov_urb,2005,20.548
nld,sex_f,age_ythadult_y15_24,geo_cov_urb,2006,19.17
nld,sex_f,age_ythadult_y15_24,geo_cov_urb,2007,16.54
nld,sex_f,age_ythadult_y15_24,geo_cov_urb,2008,14.928
nld,sex_f,age_ythadult_y15_24,geo_cov_urb,2009,16.463
nld,sex_f,age_ythadult_y15_24,geo_cov_urb,2010,18.148
nld,sex_f,age_ythadult_y15_24,geo_cov_urb,2011,17.447
nld,sex_f,age_ythadult_y15_24,geo_cov_urb,2012,19.048
nld,sex_f,age_ythadult_y15_24,geo_cov_urb,2013,21.038
nld,sex_f,age_ythadult_y15_24,geo_cov_urb,2014,23.259
nld,sex_f,age_ythadult_y15_24,geo_cov_urb,2015,18.702
nld,sex_f,age_ythadult_y15_24,geo_cov_urb,2016,18.636
nld,sex_f,age_ythadult_y15_24,geo_cov_urb,2017,15.691
nld,sex_f,age_ythadult_y15_24,geo_cov_urb,2018,13.783
nld,sex_f,age_ythadult_y15_24,geo_cov_urb,2019,11.692
nld,sex_f,age_ythadult_y15_24,geo_cov_urb,2020,16.019
nld,sex_f,age_ythadult_y15_24,geo_cov_urb,2021,14.336
nld,sex_f,age_ythadult_y15_24,geo_cov_urb,2022,12.653
nld,sex_f,age_ythadult_y15_24,geo_cov_urb,2023,12.954
nld,sex_f,age_ythadult_y15_24,geo_cov_urb,2024,13.408
nld,sex_f,age_ythadult_y15_64,geo_cov_nat,1998,12.663
nld,sex_f,age_ythadult_y15_64,geo_cov_nat,1999,10.527
nld,sex_f,age_ythadult_y15_64,geo_cov_nat,2000,8.18
nld,sex_f,age_ythadult_y15_64,geo_cov_nat,2001,5.986
nld,sex_f,age_ythadult_y15_64,geo_cov_nat,2002,6.558
nld,sex_f,age_ythadult_y15_64,geo_cov_nat,2003,7.876
nld,sex_f,age_ythadult_y15_64,geo_cov_nat,2004,9.103
nld,sex_f,age_ythadult_y15_64,geo_cov_nat,2005,11.903
nld,sex_f,age_ythadult_y15_64,geo_cov_nat,2006,11.977
nld,sex_f,age_ythadult_y15_64,geo_cov_nat,2007,9.947
nld,sex_f,age_ythadult_y15_64,geo_cov_nat,2008,8.82
nld,sex_f,age_ythadult_y15_64,geo_cov_nat,2009,9.303
nld,sex_f,age_ythadult_y15_64,geo_cov_nat,2010,9.85
nld,sex_f,age_ythadult_y15_64,geo_cov_nat,2011,9.845
nld,sex_f,age_ythadult_y15_64,geo_cov_nat,2012,10.631
nld,sex_f,age_ythadult_y15_64,geo_cov_nat,2013,12.473
nld,sex_f,age_ythadult_y15_64,geo_cov_nat,2014,13.416
nld,sex_f,age_ythadult_y15_64,geo_cov_nat,2015,12.56
nld,sex_f,age_ythadult_y15_64,geo_cov_nat,2016,11.313
nld,sex_f,age_ythadult_y15_64,geo_cov_nat,2017,9.902
nld,sex_f,age_ythadult_y15_64,geo_cov_nat,2018,8.279
nld,sex_f,age_ythadult_y15_64,geo_cov_nat,2019,7.12
nld,sex_f,age_ythadult_y15_64,geo_cov_nat,2020,7.733
nld,sex_f,age_ythadult_y15_64,geo_cov_nat,2021,7.702
nld,sex_f,age_ythadult_y15_64,geo_cov_nat,2022,6.346
nld,sex_f,age_ythadult_y15_64,geo_cov_nat,2023,6.288
nld,sex_f,age_ythadult_y15_64,geo_cov_nat,2024,6.254
nld,sex_f,age_ythadult_y15_64,geo_cov_rur,1998,13.624
nld,sex_f,age_ythadult_y15_64,geo_cov_rur,1999,14.402
nld,sex_f,age_ythadult_y15_64,geo_cov_rur,2000,8.003
nld,sex_f,age_ythadult_y15_64,geo_cov_rur,2001,7.303
nld,sex_f,age_ythadult_y15_64,geo_cov_rur,2002,7.741
nld,sex_f,age_ythadult_y15_64,geo_cov_rur,2003,8.661
nld,sex_f,age_ythadult_y15_64,geo_cov_rur,2004,10.199
nld,sex_f,age_ythadult_y15_64,geo_cov_rur,2005,11.6
nld,sex_f,age_ythadult_y15_64,geo_cov_rur,2006,11.229
nld,sex_f,age_ythadult_y15_64,geo_cov_rur,2007,12.48
nld,sex_f,age_ythadult_y15_64,geo_cov_rur,2008,8.995
nld,sex_f,age_ythadult_y15_64,geo_cov_rur,2009,7.907
nld,sex_f,age_ythadult_y15_64,geo_cov_rur,2010,10.948
nld,sex_f,age_ythadult_y15_64,geo_cov_rur,2011,8.701
nld,sex_f,age_ythadult_y15_64,geo_cov_rur,2012,8.912
nld,sex_f,age_ythadult_y15_64,geo_cov_rur,2013,10.605
nld,sex_f,age_ythadult_y15_64,geo_cov_rur,2014,10.609
nld,sex_f,age_ythadult_y15_64,geo_cov_rur,2015,11.226
nld,sex_f,age_ythadult_y15_64,geo_cov_rur,2016,8.917
nld,sex_f,age_ythadult_y15_64,geo_cov_rur,2017,8.895
nld,sex_f,age_ythadult_y15_64,geo_cov_rur,2018,6.769
nld,sex_f,age_ythadult_y15_64,geo_cov_rur,2019,5.52
nld,sex_f,age_ythadult_y15_64,geo_cov_rur,2020,6.049
nld,sex_f,age_ythadult_y15_64,geo_cov_rur,2021,4.793
nld,sex_f,age_ythadult_y15_64,geo_cov_rur,2022,4.124
nld,sex_f,age_ythadult_y15_64,geo_cov_rur,2023,3.936
nld,sex_f,age_ythadult_y15_64,geo_cov_rur,2024,4.082
nld,sex_f,age_ythadult_y15_64,geo_cov_urb,1998,12.628
nld,sex_f,age_ythadult_y15_64,geo_cov_urb,1999,10.381
nld,sex_f,age_ythadult_y15_64,geo_cov_urb,2000,8.186
nld,sex_f,age_ythadult_y15_64,geo_cov_urb,2001,5.951
nld,sex_f,age_ythadult_y15_64,geo_cov_urb,2002,6.523
nld,sex_f,age_ythadult_y15_64,geo_cov_urb,2003,7.856
nld,sex_f,age_ythadult_y15_64,geo_cov_urb,2004,9.076
nld,sex_f,age_ythadult_y15_64,geo_cov_urb,2005,11.912
nld,sex_f,age_ythadult_y15_64,geo_cov_urb,2006,11.993
nld,sex_f,age_ythadult_y15_64,geo_cov_urb,2007,9.889
nld,sex_f,age_ythadult_y15_64,geo_cov_urb,2008,8.816
nld,sex_f,age_ythadult_y15_64,geo_cov_urb,2009,9.33
nld,sex_f,age_ythadult_y15_64,geo_cov_urb,2010,9.828
nld,sex_f,age_ythadult_y15_64,geo_cov_urb,2011,9.869
nld,sex_f,age_ythadult_y15_64,geo_cov_urb,2012,10.914
nld,sex_f,age_ythadult_y15_64,geo_cov_urb,2013,12.781
nld,sex_f,age_ythadult_y15_64,geo_cov_urb,2014,13.87
nld,sex_f,age_ythadult_y15_64,geo_cov_urb,2015,12.769
nld,sex_f,age_ythadult_y15_64,geo_cov_urb,2016,11.563
nld,sex_f,age_ythadult_y15_64,geo_cov_urb,2017,10.007
nld,sex_f,age_ythadult_y15_64,geo_cov_urb,2018,8.449
nld,sex_f,age_ythadult_y15_64,geo_cov_urb,2019,7.304
nld,sex_f,age_ythadult_y15_64,geo_cov_urb,2020,7.92
nld,sex_f,age_ythadult_y15_64,geo_cov_urb,2021,7.887
nld,sex_f,age_ythadult_y15_64,geo_cov_urb,2022,6.49
nld,sex_f,age_ythadult_y15_64,geo_cov_urb,2023,6.432
nld,sex_f,age_ythadult_y15_64,geo_cov_urb,2024,6.393
nld,sex_f,age_ythadult_yge15,geo_cov_nat,1998,12.634
nld,sex_f,age_ythadult_yge15,geo_cov_nat,1999,10.489
nld,sex_f,age_ythadult_yge15,geo_cov_nat,2000,8.144
nld,sex_f,age_ythadult_yge15,geo_cov_nat,2001,6.083
nld,sex_f,age_ythadult_yge15,geo_cov_nat,2002,6.715
nld,sex_f,age_ythadult_yge15,geo_cov_nat,2003,8.052
nld,sex_f,age_ythadult_yge15,geo_cov_nat,2004,9.335
nld,sex_f,age_ythadult_yge15,geo_cov_nat,2005,12.055
nld,sex_f,age_ythadult_yge15,geo_cov_nat,2006,12.321
nld,sex_f,age_ythadult_yge15,geo_cov_nat,2007,10.179
nld,sex_f,age_ythadult_yge15,geo_cov_nat,2008,9.166
nld,sex_f,age_ythadult_yge15,geo_cov_nat,2009,9.555
nld,sex_f,age_ythadult_yge15,geo_cov_nat,2010,10.138
nld,sex_f,age_ythadult_yge15,geo_cov_nat,2011,9.981
nld,sex_f,age_ythadult_yge15,geo_cov_nat,2012,10.865
nld,sex_f,age_ythadult_yge15,geo_cov_nat,2013,12.834
nld,sex_f,age_ythadult_yge15,geo_cov_nat,2014,13.769
nld,sex_f,age_ythadult_yge15,geo_cov_nat,2015,12.955
nld,sex_f,age_ythadult_yge15,geo_cov_nat,2016,11.793
nld,sex_f,age_ythadult_yge15,geo_cov_nat,2017,10.145
nld,sex_f,age_ythadult_yge15,geo_cov_nat,2018,8.556
nld,sex_f,age_ythadult_yge15,geo_cov_nat,2019,7.391
nld,sex_f,age_ythadult_yge15,geo_cov_nat,2020,7.882
nld,sex_f,age_ythadult_yge15,geo_cov_nat,2021,7.87
nld,sex_f,age_ythadult_yge15,geo_cov_nat,2022,6.65
nld,sex_f,age_ythadult_yge15,geo_cov_nat,2023,6.516
nld,sex_f,age_ythadult_yge15,geo_cov_nat,2024,6.374
nld,sex_f,age_ythadult_yge15,geo_cov_rur,1998,13.604
nld,sex_f,age_ythadult_yge15,geo_cov_rur,1999,14.392
nld,sex_f,age_ythadult_yge15,geo_cov_rur,2000,8.003
nld,sex_f,age_ythadult_yge15,geo_cov_rur,2001,7.283
nld,sex_f,age_ythadult_yge15,geo_cov_rur,2002,7.728
nld,sex_f,age_ythadult_yge15,geo_cov_rur,2003,8.64
nld,sex_f,age_ythadult_yge15,geo_cov_rur,2004,10.153
nld,sex_f,age_ythadult_yge15,geo_cov_rur,2005,11.664
nld,sex_f,age_ythadult_yge15,geo_cov_rur,2006,11.392
nld,sex_f,age_ythadult_yge15,geo_cov_rur,2007,12.553
nld,sex_f,age_ythadult_yge15,geo_cov_rur,2008,9.718
nld,sex_f,age_ythadult_yge15,geo_cov_rur,2009,7.763
nld,sex_f,age_ythadult_yge15,geo_cov_rur,2010,11.714
nld,sex_f,age_ythadult_yge15,geo_cov_rur,2011,8.701
nld,sex_f,age_ythadult_yge15,geo_cov_rur,2012,8.855
nld,sex_f,age_ythadult_yge15,geo_cov_rur,2013,10.79
nld,sex_f,age_ythadult_yge15,geo_cov_rur,2014,11.027
nld,sex_f,age_ythadult_yge15,geo_cov_rur,2015,11.563
nld,sex_f,age_ythadult_yge15,geo_cov_rur,2016,9.478
nld,sex_f,age_ythadult_yge15,geo_cov_rur,2017,9.144
nld,sex_f,age_ythadult_yge15,geo_cov_rur,2018,6.793
nld,sex_f,age_ythadult_yge15,geo_cov_rur,2019,5.763
nld,sex_f,age_ythadult_yge15,geo_cov_rur,2020,6.329
nld,sex_f,age_ythadult_yge15,geo_cov_rur,2021,5.072
nld,sex_f,age_ythadult_yge15,geo_cov_rur,2022,4.742
nld,sex_f,age_ythadult_yge15,geo_cov_rur,2023,4.129
nld,sex_f,age_ythadult_yge15,geo_cov_rur,2024,4.463
nld,sex_f,age_ythadult_yge15,geo_cov_urb,1998,12.598
nld,sex_f,age_ythadult_yge15,geo_cov_urb,1999,10.344
nld,sex_f,age_ythadult_yge15,geo_cov_urb,2000,8.149
nld,sex_f,age_ythadult_yge15,geo_cov_urb,2001,6.052
nld,sex_f,age_ythadult_yge15,geo_cov_urb,2002,6.686
nld,sex_f,age_ythadult_yge15,geo_cov_urb,2003,8.037
nld,sex_f,age_ythadult_yge15,geo_cov_urb,2004,9.315
nld,sex_f,age_ythadult_yge15,geo_cov_urb,2005,12.066
nld,sex_f,age_ythadult_yge15,geo_cov_urb,2006,12.341
nld,sex_f,age_ythadult_yge15,geo_cov_urb,2007,10.126
nld,sex_f,age_ythadult_yge15,geo_cov_urb,2008,9.154
nld,sex_f,age_ythadult_yge15,geo_cov_urb,2009,9.589
nld,sex_f,age_ythadult_yge15,geo_cov_urb,2010,10.107
nld,sex_f,age_ythadult_yge15,geo_cov_urb,2011,10.007
nld,sex_f,age_ythadult_yge15,geo_cov_urb,2012,11.196
nld,sex_f,age_ythadult_yge15,geo_cov_urb,2013,13.171
nld,sex_f,age_ythadult_yge15,geo_cov_urb,2014,14.215
nld,sex_f,age_ythadult_yge15,geo_cov_urb,2015,13.174
nld,sex_f,age_ythadult_yge15,geo_cov_urb,2016,12.034
nld,sex_f,age_ythadult_yge15,geo_cov_urb,2017,10.248
nld,sex_f,age_ythadult_yge15,geo_cov_urb,2018,8.756
nld,sex_f,age_ythadult_yge15,geo_cov_urb,2019,7.577
nld,sex_f,age_ythadult_yge15,geo_cov_urb,2020,8.056
nld,sex_f,age_ythadult_yge15,geo_cov_urb,2021,8.051
nld,sex_f,age_ythadult_yge15,geo_cov_urb,2022,6.774
nld,sex_f,age_ythadult_yge15,geo_cov_urb,2023,6.663
nld,sex_f,age_ythadult_yge15,geo_cov_urb,2024,6.499
nld,sex_f,age_ythadult_yge25,geo_cov_nat,1998,11.315
nld,sex_f,age_ythadult_yge25,geo_cov_nat,1999,9.546
nld,sex_f,age_ythadult_yge25,geo_cov_nat,2000,7.236
nld,sex_f,age_ythadult_yge25,geo_cov_nat,2001,5.184
nld,sex_f,age_ythadult_yge25,geo_cov_nat,2002,5.853
nld,sex_f,age_ythadult_yge25,geo_cov_nat,2003,6.962
nld,sex_f,age_ythadult_yge25,geo_cov_nat,2004,8.044
nld,sex_f,age_ythadult_yge25,geo_cov_nat,2005,10.185
nld,sex_f,age_ythadult_yge25,geo_cov_nat,2006,10.861
nld,sex_f,age_ythadult_yge25,geo_cov_nat,2007,8.798
nld,sex_f,age_ythadult_yge25,geo_cov_nat,2008,7.924
nld,sex_f,age_ythadult_yge25,geo_cov_nat,2009,8.076
nld,sex_f,age_ythadult_yge25,geo_cov_nat,2010,8.437
nld,sex_f,age_ythadult_yge25,geo_cov_nat,2011,8.398
nld,sex_f,age_ythadult_yge25,geo_cov_nat,2012,9.158
nld,sex_f,age_ythadult_yge25,geo_cov_nat,2013,11.179
nld,sex_f,age_ythadult_yge25,geo_cov_nat,2014,11.917
nld,sex_f,age_ythadult_yge25,geo_cov_nat,2015,11.748
nld,sex_f,age_ythadult_yge25,geo_cov_nat,2016,10.51
nld,sex_f,age_ythadult_yge25,geo_cov_nat,2017,9.021
nld,sex_f,age_ythadult_yge25,geo_cov_nat,2018,7.513
nld,sex_f,age_ythadult_yge25,geo_cov_nat,2019,6.495
nld,sex_f,age_ythadult_yge25,geo_cov_nat,2020,6.265
nld,sex_f,age_ythadult_yge25,geo_cov_nat,2021,6.446
nld,sex_f,age_ythadult_yge25,geo_cov_nat,2022,5.367
nld,sex_f,age_ythadult_yge25,geo_cov_nat,2023,5.076
nld,sex_f,age_ythadult_yge25,geo_cov_nat,2024,4.823
nld,sex_f,age_ythadult_yge25,geo_cov_rur,1998,11.564
nld,sex_f,age_ythadult_yge25,geo_cov_rur,1999,13.258
nld,sex_f,age_ythadult_yge25,geo_cov_rur,2000,7.552
nld,sex_f,age_ythadult_yge25,geo_cov_rur,2001,6.158
nld,sex_f,age_ythadult_yge25,geo_cov_rur,2002,7.332
nld,sex_f,age_ythadult_yge25,geo_cov_rur,2003,7.328
nld,sex_f,age_ythadult_yge25,geo_cov_rur,2004,8.625
nld,sex_f,age_ythadult_yge25,geo_cov_rur,2005,10.035
nld,sex_f,age_ythadult_yge25,geo_cov_rur,2006,9.883
nld,sex_f,age_ythadult_yge25,geo_cov_rur,2007,10.916
nld,sex_f,age_ythadult_yge25,geo_cov_rur,2008,8.375
nld,sex_f,age_ythadult_yge25,geo_cov_rur,2009,6.732
nld,sex_f,age_ythadult_yge25,geo_cov_rur,2010,11.269
nld,sex_f,age_ythadult_yge25,geo_cov_rur,2011,8.347
nld,sex_f,age_ythadult_yge25,geo_cov_rur,2012,7.055
nld,sex_f,age_ythadult_yge25,geo_cov_rur,2013,9.189
nld,sex_f,age_ythadult_yge25,geo_cov_rur,2014,9.549
nld,sex_f,age_ythadult_yge25,geo_cov_rur,2015,10.139
nld,sex_f,age_ythadult_yge25,geo_cov_rur,2016,9.204
nld,sex_f,age_ythadult_yge25,geo_cov_rur,2017,8.222
nld,sex_f,age_ythadult_yge25,geo_cov_rur,2018,5.707
nld,sex_f,age_ythadult_yge25,geo_cov_rur,2019,4.364
nld,sex_f,age_ythadult_yge25,geo_cov_rur,2020,4.965
nld,sex_f,age_ythadult_yge25,geo_cov_rur,2021,4.285
nld,sex_f,age_ythadult_yge25,geo_cov_rur,2022,4.552
nld,sex_f,age_ythadult_yge25,geo_cov_rur,2023,3.333
nld,sex_f,age_ythadult_yge25,geo_cov_rur,2024,3.737
nld,sex_f,age_ythadult_yge25,geo_cov_urb,1998,11.306
nld,sex_f,age_ythadult_yge25,geo_cov_urb,1999,9.406
nld,sex_f,age_ythadult_yge25,geo_cov_urb,2000,7.227
nld,sex_f,age_ythadult_yge25,geo_cov_urb,2001,5.158
nld,sex_f,age_ythadult_yge25,geo_cov_urb,2002,5.809
nld,sex_f,age_ythadult_yge25,geo_cov_urb,2003,6.953
nld,sex_f,age_ythadult_yge25,geo_cov_urb,2004,8.03
nld,sex_f,age_ythadult_yge25,geo_cov_urb,2005,10.189
nld,sex_f,age_ythadult_yge25,geo_cov_urb,2006,10.883
nld,sex_f,age_ythadult_yge25,geo_cov_urb,2007,8.75
nld,sex_f,age_ythadult_yge25,geo_cov_urb,2008,7.915
nld,sex_f,age_ythadult_yge25,geo_cov_urb,2009,8.103
nld,sex_f,age_ythadult_yge25,geo_cov_urb,2010,8.38
nld,sex_f,age_ythadult_yge25,geo_cov_urb,2011,8.399
nld,sex_f,age_ythadult_yge25,geo_cov_urb,2012,9.504
nld,sex_f,age_ythadult_yge25,geo_cov_urb,2013,11.504
nld,sex_f,age_ythadult_yge25,geo_cov_urb,2014,12.303
nld,sex_f,age_ythadult_yge25,geo_cov_urb,2015,12.004
nld,sex_f,age_ythadult_yge25,geo_cov_urb,2016,10.646
nld,sex_f,age_ythadult_yge25,geo_cov_urb,2017,9.103
nld,sex_f,age_ythadult_yge25,geo_cov_urb,2018,7.713
nld,sex_f,age_ythadult_yge25,geo_cov_urb,2019,6.734
nld,sex_f,age_ythadult_yge25,geo_cov_urb,2020,6.409
nld,sex_f,age_ythadult_yge25,geo_cov_urb,2021,6.586
nld,sex_f,age_ythadult_yge25,geo_cov_urb,2022,5.42
nld,sex_f,age_ythadult_yge25,geo_cov_urb,2023,5.186
nld,sex_f,age_ythadult_yge25,geo_cov_urb,2024,4.894
nld,sex_m,age_aggregate_total,geo_cov_nat,1998,6.061
nld,sex_m,age_aggregate_total,geo_cov_nat,1999,5.413
nld,sex_m,age_aggregate_total,geo_cov_nat,2000,4.485
nld,sex_m,age_aggregate_total,geo_cov_nat,2001,3.941
nld,sex_m,age_aggregate_total,geo_cov_nat,2002,4.603
nld,sex_m,age_aggregate_total,geo_cov_nat,2003,6.111
nld,sex_m,age_aggregate_total,geo_cov_nat,2004,7.091
nld,sex_m,age_aggregate_total,geo_cov_nat,2005,8.357
nld,sex_m,age_aggregate_total,geo_cov_nat,2006,8.258
nld,sex_m,age_aggregate_total,geo_cov_nat,2007,6.704
nld,sex_m,age_aggregate_total,geo_cov_nat,2008,6.284
nld,sex_m,age_aggregate_total,geo_cov_nat,2009,7.255
nld,sex_m,age_aggregate_total,geo_cov_nat,2010,8.072
nld,sex_m,age_aggregate_total,geo_cov_nat,2011,8.157
nld,sex_m,age_aggregate_total,geo_cov_nat,2012,9.347
nld,sex_m,age_aggregate_total,geo_cov_nat,2013,11.52
nld,sex_m,age_aggregate_total,geo_cov_nat,2014,11.044
nld,sex_m,age_aggregate_total,geo_cov_nat,2015,10.709
nld,sex_m,age_aggregate_total,geo_cov_nat,2016,9.535
nld,sex_m,age_aggregate_total,geo_cov_nat,2017,8.062
nld,sex_m,age_aggregate_total,geo_cov_nat,2018,7.167
nld,sex_m,age_aggregate_total,geo_cov_nat,2019,6.369
nld,sex_m,age_aggregate_total,geo_cov_nat,2020,7.207
nld,sex_m,age_aggregate_total,geo_cov_nat,2021,6.822
nld,sex_m,age_aggregate_total,geo_cov_nat,2022,5.787
nld,sex_m,age_aggregate_total,geo_cov_nat,2023,5.707
nld,sex_m,age_aggregate_total,geo_cov_nat,2024,5.826
nld,sex_m,age_aggregate_total,geo_cov_rur,1998,5.228
nld,sex_m,age_aggregate_total,geo_cov_rur,1999,6.787
nld,sex_m,age_aggregate_total,geo_cov_rur,2000,3.458
nld,sex_m,age_aggregate_total,geo_cov_rur,2001,3.788
nld,sex_m,age_aggregate_total,geo_cov_rur,2002,4.382
nld,sex_m,age_aggregate_total,geo_cov_rur,2003,4.272
nld,sex_m,age_aggregate_total,geo_cov_rur,2004,5.626
nld,sex_m,age_aggregate_total,geo_cov_rur,2005,8.187
nld,sex_m,age_aggregate_total,geo_cov_rur,2006,5.574
nld,sex_m,age_aggregate_total,geo_cov_rur,2007,5.723
nld,sex_m,age_aggregate_total,geo_cov_rur,2008,5.634
nld,sex_m,age_aggregate_total,geo_cov_rur,2009,4.922
nld,sex_m,age_aggregate_total,geo_cov_rur,2010,7.523
nld,sex_m,age_aggregate_total,geo_cov_rur,2011,6.872
nld,sex_m,age_aggregate_total,geo_cov_rur,2012,6.439
nld,sex_m,age_aggregate_total,geo_cov_rur,2013,9.823
nld,sex_m,age_aggregate_total,geo_cov_rur,2014,9.006
nld,sex_m,age_aggregate_total,geo_cov_rur,2015,7.816
nld,sex_m,age_aggregate_total,geo_cov_rur,2016,7.309
nld,sex_m,age_aggregate_total,geo_cov_rur,2017,5.738
nld,sex_m,age_aggregate_total,geo_cov_rur,2018,4.769
nld,sex_m,age_aggregate_total,geo_cov_rur,2019,4.075
nld,sex_m,age_aggregate_total,geo_cov_rur,2020,4.37
nld,sex_m,age_aggregate_total,geo_cov_rur,2021,5.272
nld,sex_m,age_aggregate_total,geo_cov_rur,2022,3.449
nld,sex_m,age_aggregate_total,geo_cov_rur,2023,4.076
nld,sex_m,age_aggregate_total,geo_cov_rur,2024,4.197
nld,sex_m,age_aggregate_total,geo_cov_urb,1998,6.094
nld,sex_m,age_aggregate_total,geo_cov_urb,1999,5.359
nld,sex_m,age_aggregate_total,geo_cov_urb,2000,4.517
nld,sex_m,age_aggregate_total,geo_cov_urb,2001,3.945
nld,sex_m,age_aggregate_total,geo_cov_urb,2002,4.61
nld,sex_m,age_aggregate_total,geo_cov_urb,2003,6.163
nld,sex_m,age_aggregate_total,geo_cov_urb,2004,7.13
nld,sex_m,age_aggregate_total,geo_cov_urb,2005,8.363
nld,sex_m,age_aggregate_total,geo_cov_urb,2006,8.32
nld,sex_m,age_aggregate_total,geo_cov_urb,2007,6.728
nld,sex_m,age_aggregate_total,geo_cov_urb,2008,6.298
nld,sex_m,age_aggregate_total,geo_cov_urb,2009,7.303
nld,sex_m,age_aggregate_total,geo_cov_urb,2010,8.084
nld,sex_m,age_aggregate_total,geo_cov_urb,2011,8.184
nld,sex_m,age_aggregate_total,geo_cov_urb,2012,9.841
nld,sex_m,age_aggregate_total,geo_cov_urb,2013,11.812
nld,sex_m,age_aggregate_total,geo_cov_urb,2014,11.393
nld,sex_m,age_aggregate_total,geo_cov_urb,2015,11.191
nld,sex_m,age_aggregate_total,geo_cov_urb,2016,9.781
nld,sex_m,age_aggregate_total,geo_cov_urb,2017,8.311
nld,sex_m,age_aggregate_total,geo_cov_urb,2018,7.44
nld,sex_m,age_aggregate_total,geo_cov_urb,2019,6.629
nld,sex_m,age_aggregate_total,geo_cov_urb,2020,7.518
nld,sex_m,age_aggregate_total,geo_cov_urb,2021,6.927
nld,sex_m,age_aggregate_total,geo_cov_urb,2022,5.934
nld,sex_m,age_aggregate_total,geo_cov_urb,2023,5.814
nld,sex_m,age_aggregate_total,geo_cov_urb,2024,5.929
nld,sex_m,age_aggregate_y15_24,geo_cov_nat,1998,15.596
nld,sex_m,age_aggregate_y15_24,geo_cov_nat,1999,14.439
nld,sex_m,age_aggregate_y15_24,geo_cov_nat,2000,10.166
nld,sex_m,age_aggregate_y15_24,geo_cov_nat,2001,9.634
nld,sex_m,age_aggregate_y15_24,geo_cov_nat,2002,9.578
nld,sex_m,age_aggregate_y15_24,geo_cov_nat,2003,12.629
nld,sex_m,age_aggregate_y15_24,geo_cov_nat,2004,14.977
nld,sex_m,age_aggregate_y15_24,geo_cov_nat,2005,21.748
nld,sex_m,age_aggregate_y15_24,geo_cov_nat,2006,19.069
nld,sex_m,age_aggregate_y15_24,geo_cov_nat,2007,16.39
nld,sex_m,age_aggregate_y15_24,geo_cov_nat,2008,15.656
nld,sex_m,age_aggregate_y15_24,geo_cov_nat,2009,18.628
nld,sex_m,age_aggregate_y15_24,geo_cov_nat,2010,20.35
nld,sex_m,age_aggregate_y15_24,geo_cov_nat,2011,18.901
nld,sex_m,age_aggregate_y15_24,geo_cov_nat,2012,20.6
nld,sex_m,age_aggregate_y15_24,geo_cov_nat,2013,22.595
nld,sex_m,age_aggregate_y15_24,geo_cov_nat,2014,21.351
nld,sex_m,age_aggregate_y15_24,geo_cov_nat,2015,20.071
nld,sex_m,age_aggregate_y15_24,geo_cov_nat,2016,19.937
nld,sex_m,age_aggregate_y15_24,geo_cov_nat,2017,17.188
nld,sex_m,age_aggregate_y15_24,geo_cov_nat,2018,14.604
nld,sex_m,age_aggregate_y15_24,geo_cov_nat,2019,14.006
nld,sex_m,age_aggregate_y15_24,geo_cov_nat,2020,17.314
nld,sex_m,age_aggregate_y15_24,geo_cov_nat,2021,16.145
nld,sex_m,age_aggregate_y15_24,geo_cov_nat,2022,12.459
nld,sex_m,age_aggregate_y15_24,geo_cov_nat,2023,12.863
nld,sex_m,age_aggregate_y15_24,geo_cov_nat,2024,13.729
nld,sex_m,age_aggregate_y15_24,geo_cov_rur,1998,17.434
nld,sex_m,age_aggregate_y15_24,geo_cov_rur,1999,20.928
nld,sex_m,age_aggregate_y15_24,geo_cov_rur,2000,4.978
nld,sex_m,age_aggregate_y15_24,geo_cov_rur,2001,10.113
nld,sex_m,age_aggregate_y15_24,geo_cov_rur,2002,7.716
nld,sex_m,age_aggregate_y15_24,geo_cov_rur,2003,5.351
nld,sex_m,age_aggregate_y15_24,geo_cov_rur,2004,16.614
nld,sex_m,age_aggregate_y15_24,geo_cov_rur,2005,20.465
nld,sex_m,age_aggregate_y15_24,geo_cov_rur,2006,17.96
nld,sex_m,age_aggregate_y15_24,geo_cov_rur,2007,14.948
nld,sex_m,age_aggregate_y15_24,geo_cov_rur,2008,19.696
nld,sex_m,age_aggregate_y15_24,geo_cov_rur,2009,9.716
nld,sex_m,age_aggregate_y15_24,geo_cov_rur,2010,18.353
nld,sex_m,age_aggregate_y15_24,geo_cov_rur,2011,15.209
nld,sex_m,age_aggregate_y15_24,geo_cov_rur,2012,13.062
nld,sex_m,age_aggregate_y15_24,geo_cov_rur,2013,18.74
nld,sex_m,age_aggregate_y15_24,geo_cov_rur,2014,18.336
nld,sex_m,age_aggregate_y15_24,geo_cov_rur,2015,17.295
nld,sex_m,age_aggregate_y15_24,geo_cov_rur,2016,13.956
nld,sex_m,age_aggregate_y15_24,geo_cov_rur,2017,11.785
nld,sex_m,age_aggregate_y15_24,geo_cov_rur,2018,10.526
nld,sex_m,age_aggregate_y15_24,geo_cov_rur,2019,11.676
nld,sex_m,age_aggregate_y15_24,geo_cov_rur,2020,12.617
nld,sex_m,age_aggregate_y15_24,geo_cov_rur,2021,8.382
nld,sex_m,age_aggregate_y15_24,geo_cov_rur,2022,6.138
nld,sex_m,age_aggregate_y15_24,geo_cov_rur,2023,8.283
nld,sex_m,age_aggregate_y15_24,geo_cov_rur,2024,9.725
nld,sex_m,age_aggregate_y15_24,geo_cov_urb,1998,15.523
nld,sex_m,age_aggregate_y15_24,geo_cov_urb,1999,14.191
nld,sex_m,age_aggregate_y15_24,geo_cov_urb,2000,10.322
nld,sex_m,age_aggregate_y15_24,geo_cov_urb,2001,9.619
nld,sex_m,age_aggregate_y15_24,geo_cov_urb,2002,9.638
nld,sex_m,age_aggregate_y15_24,geo_cov_urb,2003,12.854
nld,sex_m,age_aggregate_y15_24,geo_cov_urb,2004,14.933
nld,sex_m,age_aggregate_y15_24,geo_cov_urb,2005,21.791
nld,sex_m,age_aggregate_y15_24,geo_cov_urb,2006,19.09
nld,sex_m,age_aggregate_y15_24,geo_cov_urb,2007,16.421
nld,sex_m,age_aggregate_y15_24,geo_cov_urb,2008,15.58
nld,sex_m,age_aggregate_y15_24,geo_cov_urb,2009,18.792
nld,sex_m,age_aggregate_y15_24,geo_cov_urb,2010,20.4
nld,sex_m,age_aggregate_y15_24,geo_cov_urb,2011,18.99
nld,sex_m,age_aggregate_y15_24,geo_cov_urb,2012,21.927
nld,sex_m,age_aggregate_y15_24,geo_cov_urb,2013,23.231
nld,sex_m,age_aggregate_y15_24,geo_cov_urb,2014,21.896
nld,sex_m,age_aggregate_y15_24,geo_cov_urb,2015,20.558
nld,sex_m,age_aggregate_y15_24,geo_cov_urb,2016,20.609
nld,sex_m,age_aggregate_y15_24,geo_cov_urb,2017,17.85
nld,sex_m,age_aggregate_y15_24,geo_cov_urb,2018,15.121
nld,sex_m,age_aggregate_y15_24,geo_cov_urb,2019,14.295
nld,sex_m,age_aggregate_y15_24,geo_cov_urb,2020,17.853
nld,sex_m,age_aggregate_y15_24,geo_cov_urb,2021,16.699
nld,sex_m,age_aggregate_y15_24,geo_cov_urb,2022,12.901
nld,sex_m,age_aggregate_y15_24,geo_cov_urb,2023,13.158
nld,sex_m,age_aggregate_y15_24,geo_cov_urb,2024,13.964
nld,sex_m,age_aggregate_y25_54,geo_cov_nat,1998,4.114
nld,sex_m,age_aggregate_y25_54,geo_cov_nat,1999,3.582
nld,sex_m,age_aggregate_y25_54,geo_cov_nat,2000,3.065
nld,sex_m,age_aggregate_y25_54,geo_cov_nat,2001,2.374
nld,sex_m,age_aggregate_y25_54,geo_cov_nat,2002,3.132
nld,sex_m,age_aggregate_y25_54,geo_cov_nat,2003,4.414
nld,sex_m,age_aggregate_y25_54,geo_cov_nat,2004,5.096
nld,sex_m,age_aggregate_y25_54,geo_cov_nat,2005,5.101
nld,sex_m,age_aggregate_y25_54,geo_cov_nat,2006,4.791
nld,sex_m,age_aggregate_y25_54,geo_cov_nat,2007,3.398
nld,sex_m,age_aggregate_y25_54,geo_cov_nat,2008,2.866
nld,sex_m,age_aggregate_y25_54,geo_cov_nat,2009,3.898
nld,sex_m,age_aggregate_y25_54,geo_cov_nat,2010,4.813
nld,sex_m,age_aggregate_y25_54,geo_cov_nat,2011,5.075
nld,sex_m,age_aggregate_y25_54,geo_cov_nat,2012,6.089
nld,sex_m,age_aggregate_y25_54,geo_cov_nat,2013,8.22
nld,sex_m,age_aggregate_y25_54,geo_cov_nat,2014,7.95
nld,sex_m,age_aggregate_y25_54,geo_cov_nat,2015,7.229
nld,sex_m,age_aggregate_y25_54,geo_cov_nat,2016,6.197
nld,sex_m,age_aggregate_y25_54,geo_cov_nat,2017,5.49
nld,sex_m,age_aggregate_y25_54,geo_cov_nat,2018,4.68
nld,sex_m,age_aggregate_y25_54,geo_cov_nat,2019,4.089
nld,sex_m,age_aggregate_y25_54,geo_cov_nat,2020,4.73
nld,sex_m,age_aggregate_y25_54,geo_cov_nat,2021,4.176
nld,sex_m,age_aggregate_y25_54,geo_cov_nat,2022,3.641
nld,sex_m,age_aggregate_y25_54,geo_cov_nat,2023,3.667
nld,sex_m,age_aggregate_y25_54,geo_cov_nat,2024,3.745
nld,sex_m,age_aggregate_y25_54,geo_cov_rur,1998,3.119
nld,sex_m,age_aggregate_y25_54,geo_cov_rur,1999,3.871
nld,sex_m,age_aggregate_y25_54,geo_cov_rur,2000,3.105
nld,sex_m,age_aggregate_y25_54,geo_cov_rur,2001,1.551
nld,sex_m,age_aggregate_y25_54,geo_cov_rur,2002,2.287
nld,sex_m,age_aggregate_y25_54,geo_cov_rur,2003,2.456
nld,sex_m,age_aggregate_y25_54,geo_cov_rur,2004,2.33
nld,sex_m,age_aggregate_y25_54,geo_cov_rur,2005,4.96
nld,sex_m,age_aggregate_y25_54,geo_cov_rur,2006,2.036
nld,sex_m,age_aggregate_y25_54,geo_cov_rur,2007,2.431
nld,sex_m,age_aggregate_y25_54,geo_cov_rur,2008,2.913
nld,sex_m,age_aggregate_y25_54,geo_cov_rur,2009,4.342
nld,sex_m,age_aggregate_y25_54,geo_cov_rur,2010,3.951
nld,sex_m,age_aggregate_y25_54,geo_cov_rur,2011,3.782
nld,sex_m,age_aggregate_y25_54,geo_cov_rur,2012,3.93
nld,sex_m,age_aggregate_y25_54,geo_cov_rur,2013,6.076
nld,sex_m,age_aggregate_y25_54,geo_cov_rur,2014,5.843
nld,sex_m,age_aggregate_y25_54,geo_cov_rur,2015,4.376
nld,sex_m,age_aggregate_y25_54,geo_cov_rur,2016,4.505
nld,sex_m,age_aggregate_y25_54,geo_cov_rur,2017,3.807
nld,sex_m,age_aggregate_y25_54,geo_cov_rur,2018,2.522
nld,sex_m,age_aggregate_y25_54,geo_cov_rur,2019,1.951
nld,sex_m,age_aggregate_y25_54,geo_cov_rur,2020,1.251
nld,sex_m,age_aggregate_y25_54,geo_cov_rur,2021,3.671
nld,sex_m,age_aggregate_y25_54,geo_cov_rur,2022,1.648
nld,sex_m,age_aggregate_y25_54,geo_cov_rur,2023,2.562
nld,sex_m,age_aggregate_y25_54,geo_cov_rur,2024,2.293
nld,sex_m,age_aggregate_y25_54,geo_cov_urb,1998,4.152
nld,sex_m,age_aggregate_y25_54,geo_cov_urb,1999,3.571
nld,sex_m,age_aggregate_y25_54,geo_cov_urb,2000,3.063
nld,sex_m,age_aggregate_y25_54,geo_cov_urb,2001,2.396
nld,sex_m,age_aggregate_y25_54,geo_cov_urb,2002,3.157
nld,sex_m,age_aggregate_y25_54,geo_cov_urb,2003,4.465
nld,sex_m,age_aggregate_y25_54,geo_cov_urb,2004,5.169
nld,sex_m,age_aggregate_y25_54,geo_cov_urb,2005,5.105
nld,sex_m,age_aggregate_y25_54,geo_cov_urb,2006,4.855
nld,sex_m,age_aggregate_y25_54,geo_cov_urb,2007,3.421
nld,sex_m,age_aggregate_y25_54,geo_cov_urb,2008,2.865
nld,sex_m,age_aggregate_y25_54,geo_cov_urb,2009,3.889
nld,sex_m,age_aggregate_y25_54,geo_cov_urb,2010,4.83
nld,sex_m,age_aggregate_y25_54,geo_cov_urb,2011,5.101
nld,sex_m,age_aggregate_y25_54,geo_cov_urb,2012,6.437
nld,sex_m,age_aggregate_y25_54,geo_cov_urb,2013,8.57
nld,sex_m,age_aggregate_y25_54,geo_cov_urb,2014,8.287
nld,sex_m,age_aggregate_y25_54,geo_cov_urb,2015,7.674
nld,sex_m,age_aggregate_y25_54,geo_cov_urb,2016,6.372
nld,sex_m,age_aggregate_y25_54,geo_cov_urb,2017,5.656
nld,sex_m,age_aggregate_y25_54,geo_cov_urb,2018,4.903
nld,sex_m,age_aggregate_y25_54,geo_cov_urb,2019,4.309
nld,sex_m,age_aggregate_y25_54,geo_cov_urb,2020,5.086
nld,sex_m,age_aggregate_y25_54,geo_cov_urb,2021,4.208
nld,sex_m,age_aggregate_y25_54,geo_cov_urb,2022,3.749
nld,sex_m,age_aggregate_y25_54,geo_cov_urb,2023,3.736
nld,sex_m,age_aggregate_y25_54,geo_cov_urb,2024,3.827
nld,sex_m,age_aggregate_y55_64,geo_cov_nat,1998,7.089
nld,sex_m,age_aggregate_y55_64,geo_cov_nat,1999,6.164
nld,sex_m,age_aggregate_y55_64,geo_cov_nat,2000,6.734
nld,sex_m,age_aggregate_y55_64,geo_cov_nat,2001,4.611
nld,sex_m,age_aggregate_y55_64,geo_cov_nat,2002,6.239
nld,sex_m,age_aggregate_y55_64,geo_cov_nat,2003,5.455
nld,sex_m,age_aggregate_y55_64,geo_cov_nat,2004,7.036
nld,sex_m,age_aggregate_y55_64,geo_cov_nat,2005,9.024
nld,sex_m,age_aggregate_y55_64,geo_cov_nat,2006,10.536
nld,sex_m,age_aggregate_y55_64,geo_cov_nat,2007,9.197
nld,sex_m,age_aggregate_y55_64,geo_cov_nat,2008,8.386
nld,sex_m,age_aggregate_y55_64,geo_cov_nat,2009,8.062
nld,sex_m,age_aggregate_y55_64,geo_cov_nat,2010,8.355
nld,sex_m,age_aggregate_y55_64,geo_cov_nat,2011,8.48
nld,sex_m,age_aggregate_y55_64,geo_cov_nat,2012,9.52
nld,sex_m,age_aggregate_y55_64,geo_cov_nat,2013,11.627
nld,sex_m,age_aggregate_y55_64,geo_cov_nat,2014,11.278
nld,sex_m,age_aggregate_y55_64,geo_cov_nat,2015,12.361
nld,sex_m,age_aggregate_y55_64,geo_cov_nat,2016,10.637
nld,sex_m,age_aggregate_y55_64,geo_cov_nat,2017,8.161
nld,sex_m,age_aggregate_y55_64,geo_cov_nat,2018,7.218
nld,sex_m,age_aggregate_y55_64,geo_cov_nat,2019,5.92
nld,sex_m,age_aggregate_y55_64,geo_cov_nat,2020,5.295
nld,sex_m,age_aggregate_y55_64,geo_cov_nat,2021,5.304
nld,sex_m,age_aggregate_y55_64,geo_cov_nat,2022,4.235
nld,sex_m,age_aggregate_y55_64,geo_cov_nat,2023,3.472
nld,sex_m,age_aggregate_y55_64,geo_cov_nat,2024,3.745
nld,sex_m,age_aggregate_y55_64,geo_cov_rur,1999,7.428
nld,sex_m,age_aggregate_y55_64,geo_cov_rur,2000,3.793
nld,sex_m,age_aggregate_y55_64,geo_cov_rur,2001,8.541
nld,sex_m,age_aggregate_y55_64,geo_cov_rur,2002,12.708
nld,sex_m,age_aggregate_y55_64,geo_cov_rur,2003,9.284
nld,sex_m,age_aggregate_y55_64,geo_cov_rur,2004,7.743
nld,sex_m,age_aggregate_y55_64,geo_cov_rur,2005,7.504
nld,sex_m,age_aggregate_y55_64,geo_cov_rur,2006,7.091
nld,sex_m,age_aggregate_y55_64,geo_cov_rur,2007,9.885
nld,sex_m,age_aggregate_y55_64,geo_cov_rur,2008,5.281
nld,sex_m,age_aggregate_y55_64,geo_cov_rur,2010,8.234
nld,sex_m,age_aggregate_y55_64,geo_cov_rur,2011,8.072
nld,sex_m,age_aggregate_y55_64,geo_cov_rur,2012,7.175
nld,sex_m,age_aggregate_y55_64,geo_cov_rur,2013,10.665
nld,sex_m,age_aggregate_y55_64,geo_cov_rur,2014,8.41
nld,sex_m,age_aggregate_y55_64,geo_cov_rur,2015,10.166
nld,sex_m,age_aggregate_y55_64,geo_cov_rur,2016,8.638
nld,sex_m,age_aggregate_y55_64,geo_cov_rur,2017,5.723
nld,sex_m,age_aggregate_y55_64,geo_cov_rur,2018,4.476
nld,sex_m,age_aggregate_y55_64,geo_cov_rur,2019,3.141
nld,sex_m,age_aggregate_y55_64,geo_cov_rur,2020,5.02
nld,sex_m,age_aggregate_y55_64,geo_cov_rur,2021,4.245
nld,sex_m,age_aggregate_y55_64,geo_cov_rur,2022,4.445
nld,sex_m,age_aggregate_y55_64,geo_cov_rur,2023,2.736
nld,sex_m,age_aggregate_y55_64,geo_cov_rur,2024,3.47
nld,sex_m,age_aggregate_y55_64,geo_cov_urb,1998,7.278
nld,sex_m,age_aggregate_y55_64,geo_cov_urb,1999,6.096
nld,sex_m,age_aggregate_y55_64,geo_cov_urb,2000,6.844
nld,sex_m,age_aggregate_y55_64,geo_cov_urb,2001,4.49
nld,sex_m,age_aggregate_y55_64,geo_cov_urb,2002,6.007
nld,sex_m,age_aggregate_y55_64,geo_cov_urb,2003,5.318
nld,sex_m,age_aggregate_y55_64,geo_cov_urb,2004,7.015
nld,sex_m,age_aggregate_y55_64,geo_cov_urb,2005,9.073
nld,sex_m,age_aggregate_y55_64,geo_cov_urb,2006,10.625
nld,sex_m,age_aggregate_y55_64,geo_cov_urb,2007,9.178
nld,sex_m,age_aggregate_y55_64,geo_cov_urb,2008,8.46
nld,sex_m,age_aggregate_y55_64,geo_cov_urb,2009,8.204
nld,sex_m,age_aggregate_y55_64,geo_cov_urb,2010,8.358
nld,sex_m,age_aggregate_y55_64,geo_cov_urb,2011,8.491
nld,sex_m,age_aggregate_y55_64,geo_cov_urb,2012,9.982
nld,sex_m,age_aggregate_y55_64,geo_cov_urb,2013,11.82
nld,sex_m,age_aggregate_y55_64,geo_cov_urb,2014,11.852
nld,sex_m,age_aggregate_y55_64,geo_cov_urb,2015,12.789
nld,sex_m,age_aggregate_y55_64,geo_cov_urb,2016,10.906
nld,sex_m,age_aggregate_y55_64,geo_cov_urb,2017,8.456
nld,sex_m,age_aggregate_y55_64,geo_cov_urb,2018,7.567
nld,sex_m,age_aggregate_y55_64,geo_cov_urb,2019,6.3
nld,sex_m,age_aggregate_y55_64,geo_cov_urb,2020,5.329
nld,sex_m,age_aggregate_y55_64,geo_cov_urb,2021,5.384
nld,sex_m,age_aggregate_y55_64,geo_cov_urb,2022,4.22
nld,sex_m,age_aggregate_y55_64,geo_cov_urb,2023,3.525
nld,sex_m,age_aggregate_y55_64,geo_cov_urb,2024,3.768
nld,sex_m,age_aggregate_yge65,geo_cov_nat,2001,18.568
nld,sex_m,age_aggregate_yge65,geo_cov_nat,2002,12.483
nld,sex_m,age_aggregate_yge65,geo_cov_nat,2003,24.554
nld,sex_m,age_aggregate_yge65,geo_cov_nat,2004,16.198
nld,sex_m,age_aggregate_yge65,geo_cov_nat,2005,14.466
nld,sex_m,age_aggregate_yge65,geo_cov_nat,2006,28.218
nld,sex_m,age_aggregate_yge65,geo_cov_nat,2007,24.038
nld,sex_m,age_aggregate_yge65,geo_cov_nat,2008,28.287
nld,sex_m,age_aggregate_yge65,geo_cov_nat,2009,20.245
nld,sex_m,age_aggregate_yge65,geo_cov_nat,2010,17.152
nld,sex_m,age_aggregate_yge65,geo_cov_nat,2011,21.032
nld,sex_m,age_aggregate_yge65,geo_cov_nat,2012,20.201
nld,sex_m,age_aggregate_yge65,geo_cov_nat,2013,21.882
nld,sex_m,age_aggregate_yge65,geo_cov_nat,2014,20.033
nld,sex_m,age_aggregate_yge65,geo_cov_nat,2015,22.85
nld,sex_m,age_aggregate_yge65,geo_cov_nat,2016,17.279
nld,sex_m,age_aggregate_yge65,geo_cov_nat,2017,12.28
nld,sex_m,age_aggregate_yge65,geo_cov_nat,2018,16.247
nld,sex_m,age_aggregate_yge65,geo_cov_nat,2019,12.353
nld,sex_m,age_aggregate_yge65,geo_cov_nat,2020,13.554
nld,sex_m,age_aggregate_yge65,geo_cov_nat,2021,13.1
nld,sex_m,age_aggregate_yge65,geo_cov_nat,2022,13.491
nld,sex_m,age_aggregate_yge65,geo_cov_nat,2023,11.705
nld,sex_m,age_aggregate_yge65,geo_cov_nat,2024,9.259
nld,sex_m,age_aggregate_yge65,geo_cov_rur,2005,12.992
nld,sex_m,age_aggregate_yge65,geo_cov_rur,2012,17.453
nld,sex_m,age_aggregate_yge65,geo_cov_rur,2013,26.395
nld,sex_m,age_aggregate_yge65,geo_cov_rur,2014,20.19
nld,sex_m,age_aggregate_yge65,geo_cov_rur,2015,8.793
nld,sex_m,age_aggregate_yge65,geo_cov_rur,2016,16.565
nld,sex_m,age_aggregate_yge65,geo_cov_rur,2017,6.966
nld,sex_m,age_aggregate_yge65,geo_cov_rur,2018,11.034
nld,sex_m,age_aggregate_yge65,geo_cov_rur,2019,6.002
nld,sex_m,age_aggregate_yge65,geo_cov_rur,2020,9.553
nld,sex_m,age_aggregate_yge65,geo_cov_rur,2021,16.156
nld,sex_m,age_aggregate_yge65,geo_cov_rur,2022,5.894
nld,sex_m,age_aggregate_yge65,geo_cov_rur,2023,10.064
nld,sex_m,age_aggregate_yge65,geo_cov_rur,2024,7.472
nld,sex_m,age_aggregate_yge65,geo_cov_urb,2001,18.859
nld,sex_m,age_aggregate_yge65,geo_cov_urb,2002,12.65
nld,sex_m,age_aggregate_yge65,geo_cov_urb,2003,25.478
nld,sex_m,age_aggregate_yge65,geo_cov_urb,2004,16.042
nld,sex_m,age_aggregate_yge65,geo_cov_urb,2005,14.509
nld,sex_m,age_aggregate_yge65,geo_cov_urb,2006,27.939
nld,sex_m,age_aggregate_yge65,geo_cov_urb,2007,24.403
nld,sex_m,age_aggregate_yge65,geo_cov_urb,2008,28.661
nld,sex_m,age_aggregate_yge65,geo_cov_urb,2009,20.502
nld,sex_m,age_aggregate_yge65,geo_cov_urb,2010,17.372
nld,sex_m,age_aggregate_yge65,geo_cov_urb,2011,21.147
nld,sex_m,age_aggregate_yge65,geo_cov_urb,2012,20.695
nld,sex_m,age_aggregate_yge65,geo_cov_urb,2013,20.749
nld,sex_m,age_aggregate_yge65,geo_cov_urb,2014,19.999
nld,sex_m,age_aggregate_yge65,geo_cov_urb,2015,25.36
nld,sex_m,age_aggregate_yge65,geo_cov_urb,2016,17.355
nld,sex_m,age_aggregate_yge65,geo_cov_urb,2017,12.939
nld,sex_m,age_aggregate_yge65,geo_cov_urb,2018,17.092
nld,sex_m,age_aggregate_yge65,geo_cov_urb,2019,13.146
nld,sex_m,age_aggregate_yge65,geo_cov_urb,2020,14.114
nld,sex_m,age_aggregate_yge65,geo_cov_urb,2021,12.863
nld,sex_m,age_aggregate_yge65,geo_cov_urb,2022,14.244
nld,sex_m,age_aggregate_yge65,geo_cov_urb,2023,11.831
nld,sex_m,age_aggregate_yge65,geo_cov_urb,2024,9.406
nld,sex_m,age_ythadult_y15_24,geo_cov_nat,1998,15.596
nld,sex_m,age_ythadult_y15_24,geo_cov_nat,1999,14.439
nld,sex_m,age_ythadult_y15_24,geo_cov_nat,2000,10.166
nld,sex_m,age_ythadult_y15_24,geo_cov_nat,2001,9.634
nld,sex_m,age_ythadult_y15_24,geo_cov_nat,2002,9.578
nld,sex_m,age_ythadult_y15_24,geo_cov_nat,2003,12.629
nld,sex_m,age_ythadult_y15_24,geo_cov_nat,2004,14.977
nld,sex_m,age_ythadult_y15_24,geo_cov_nat,2005,21.748
nld,sex_m,age_ythadult_y15_24,geo_cov_nat,2006,19.069
nld,sex_m,age_ythadult_y15_24,geo_cov_nat,2007,16.39
nld,sex_m,age_ythadult_y15_24,geo_cov_nat,2008,15.656
nld,sex_m,age_ythadult_y15_24,geo_cov_nat,2009,18.628
nld,sex_m,age_ythadult_y15_24,geo_cov_nat,2010,20.35
nld,sex_m,age_ythadult_y15_24,geo_cov_nat,2011,18.901
nld,sex_m,age_ythadult_y15_24,geo_cov_nat,2012,20.6
nld,sex_m,age_ythadult_y15_24,geo_cov_nat,2013,22.595
nld,sex_m,age_ythadult_y15_24,geo_cov_nat,2014,21.351
nld,sex_m,age_ythadult_y15_24,geo_cov_nat,2015,20.071
nld,sex_m,age_ythadult_y15_24,geo_cov_nat,2016,19.937
nld,sex_m,age_ythadult_y15_24,geo_cov_nat,2017,17.188
nld,sex_m,age_ythadult_y15_24,geo_cov_nat,2018,14.604
nld,sex_m,age_ythadult_y15_24,geo_cov_nat,2019,14.006
nld,sex_m,age_ythadult_y15_24,geo_cov_nat,2020,17.314
nld,sex_m,age_ythadult_y15_24,geo_cov_nat,2021,16.145
nld,sex_m,age_ythadult_y15_24,geo_cov_nat,2022,12.459
nld,sex_m,age_ythadult_y15_24,geo_cov_nat,2023,12.863
nld,sex_m,age_ythadult_y15_24,geo_cov_nat,2024,13.729
nld,sex_m,age_ythadult_y15_24,geo_cov_rur,1998,17.434
nld,sex_m,age_ythadult_y15_24,geo_cov_rur,1999,20.928
nld,sex_m,age_ythadult_y15_24,geo_cov_rur,2000,4.978
nld,sex_m,age_ythadult_y15_24,geo_cov_rur,2001,10.113
nld,sex_m,age_ythadult_y15_24,geo_cov_rur,2002,7.716
nld,sex_m,age_ythadult_y15_24,geo_cov_rur,2003,5.351
nld,sex_m,age_ythadult_y15_24,geo_cov_rur,2004,16.614
nld,sex_m,age_ythadult_y15_24,geo_cov_rur,2005,20.465
nld,sex_m,age_ythadult_y15_24,geo_cov_rur,2006,17.96
nld,sex_m,age_ythadult_y15_24,geo_cov_rur,2007,14.948
nld,sex_m,age_ythadult_y15_24,geo_cov_rur,2008,19.696
nld,sex_m,age_ythadult_y15_24,geo_cov_rur,2009,9.716
nld,sex_m,age_ythadult_y15_24,geo_cov_rur,2010,18.353
nld,sex_m,age_ythadult_y15_24,geo_cov_rur,2011,15.209
nld,sex_m,age_ythadult_y15_24,geo_cov_rur,2012,13.062
nld,sex_m,age_ythadult_y15_24,geo_cov_rur,2013,18.74
nld,sex_m,age_ythadult_y15_24,geo_cov_rur,2014,18.336
nld,sex_m,age_ythadult_y15_24,geo_cov_rur,2015,17.295
nld,sex_m,age_ythadult_y15_24,geo_cov_rur,2016,13.956
nld,sex_m,age_ythadult_y15_24,geo_cov_rur,2017,11.785
nld,sex_m,age_ythadult_y15_24,geo_cov_rur,2018,10.526
nld,sex_m,age_ythadult_y15_24,geo_cov_rur,2019,11.676
nld,sex_m,age_ythadult_y15_24,geo_cov_rur,2020,12.617
nld,sex_m,age_ythadult_y15_24,geo_cov_rur,2021,8.382
nld,sex_m,age_ythadult_y15_24,geo_cov_rur,2022,6.138
nld,sex_m,age_ythadult_y15_24,geo_cov_rur,2023,8.283
nld,sex_m,age_ythadult_y15_24,geo_cov_rur,2024,9.725
nld,sex_m,age_ythadult_y15_24,geo_cov_urb,1998,15.523
nld,sex_m,age_ythadult_y15_24,geo_cov_urb,1999,14.191
nld,sex_m,age_ythadult_y15_24,geo_cov_urb,2000,10.322
nld,sex_m,age_ythadult_y15_24,geo_cov_urb,2001,9.619
nld,sex_m,age_ythadult_y15_24,geo_cov_urb,2002,9.638
nld,sex_m,age_ythadult_y15_24,geo_cov_urb,2003,12.854
nld,sex_m,age_ythadult_y15_24,geo_cov_urb,2004,14.933
nld,sex_m,age_ythadult_y15_24,geo_cov_urb,2005,21.791
nld,sex_m,age_ythadult_y15_24,geo_cov_urb,2006,19.09
nld,sex_m,age_ythadult_y15_24,geo_cov_urb,2007,16.421
nld,sex_m,age_ythadult_y15_24,geo_cov_urb,2008,15.58
nld,sex_m,age_ythadult_y15_24,geo_cov_urb,2009,18.792
nld,sex_m,age_ythadult_y15_24,geo_cov_urb,2010,20.4
nld,sex_m,age_ythadult_y15_24,geo_cov_urb,2011,18.99
nld,sex_m,age_ythadult_y15_24,geo_cov_urb,2012,21.927
nld,sex_m,age_ythadult_y15_24,geo_cov_urb,2013,23.231
nld,sex_m,age_ythadult_y15_24,geo_cov_urb,2014,21.896
nld,sex_m,age_ythadult_y15_24,geo_cov_urb,2015,20.558
nld,sex_m,age_ythadult_y15_24,geo_cov_urb,2016,20.609
nld,sex_m,age_ythadult_y15_24,geo_cov_urb,2017,17.85
nld,sex_m,age_ythadult_y15_24,geo_cov_urb,2018,15.121
nld,sex_m,age_ythadult_y15_24,geo_cov_urb,2019,14.295
nld,sex_m,age_ythadult_y15_24,geo_cov_urb,2020,17.853
nld,sex_m,age_ythadult_y15_24,geo_cov_urb,2021,16.699
nld,sex_m,age_ythadult_y15_24,geo_cov_urb,2022,12.901
nld,sex_m,age_ythadult_y15_24,geo_cov_urb,2023,13.158
nld,sex_m,age_ythadult_y15_24,geo_cov_urb,2024,13.964
nld,sex_m,age_ythadult_y15_64,geo_cov_nat,1998,6.123
nld,sex_m,age_ythadult_y15_64,geo_cov_nat,1999,5.46
nld,sex_m,age_ythadult_y15_64,geo_cov_nat,2000,4.521
nld,sex_m,age_ythadult_y15_64,geo_cov_nat,2001,3.749
nld,sex_m,age_ythadult_y15_64,geo_cov_nat,2002,4.481
nld,sex_m,age_ythadult_y15_64,geo_cov_nat,2003,5.863
nld,sex_m,age_ythadult_y15_64,geo_cov_nat,2004,6.924
nld,sex_m,age_ythadult_y15_64,geo_cov_nat,2005,8.24
nld,sex_m,age_ythadult_y15_64,geo_cov_nat,2006,7.812
nld,sex_m,age_ythadult_y15_64,geo_cov_nat,2007,6.303
nld,sex_m,age_ythadult_y15_64,geo_cov_nat,2008,5.739
nld,sex_m,age_ythadult_y15_64,geo_cov_nat,2009,6.917
nld,sex_m,age_ythadult_y15_64,geo_cov_nat,2010,7.853
nld,sex_m,age_ythadult_y15_64,geo_cov_nat,2011,7.815
nld,sex_m,age_ythadult_y15_64,geo_cov_nat,2012,8.99
nld,sex_m,age_ythadult_y15_64,geo_cov_nat,2013,11.147
nld,sex_m,age_ythadult_y15_64,geo_cov_nat,2014,10.691
nld,sex_m,age_ythadult_y15_64,geo_cov_nat,2015,10.24
nld,sex_m,age_ythadult_y15_64,geo_cov_nat,2016,9.246
nld,sex_m,age_ythadult_y15_64,geo_cov_nat,2017,7.89
nld,sex_m,age_ythadult_y15_64,geo_cov_nat,2018,6.774
nld,sex_m,age_ythadult_y15_64,geo_cov_nat,2019,6.089
nld,sex_m,age_ythadult_y15_64,geo_cov_nat,2020,6.904
nld,sex_m,age_ythadult_y15_64,geo_cov_nat,2021,6.524
nld,sex_m,age_ythadult_y15_64,geo_cov_nat,2022,5.383
nld,sex_m,age_ythadult_y15_64,geo_cov_nat,2023,5.349
nld,sex_m,age_ythadult_y15_64,geo_cov_nat,2024,5.608
nld,sex_m,age_ythadult_y15_64,geo_cov_rur,1998,5.357
nld,sex_m,age_ythadult_y15_64,geo_cov_rur,1999,6.85
nld,sex_m,age_ythadult_y15_64,geo_cov_rur,2000,3.468
nld,sex_m,age_ythadult_y15_64,geo_cov_rur,2001,3.815
nld,sex_m,age_ythadult_y15_64,geo_cov_rur,2002,4.412
nld,sex_m,age_ythadult_y15_64,geo_cov_rur,2003,3.976
nld,sex_m,age_ythadult_y15_64,geo_cov_rur,2004,5.375
nld,sex_m,age_ythadult_y15_64,geo_cov_rur,2005,8.097
nld,sex_m,age_ythadult_y15_64,geo_cov_rur,2006,4.909
nld,sex_m,age_ythadult_y15_64,geo_cov_rur,2007,5.453
nld,sex_m,age_ythadult_y15_64,geo_cov_rur,2008,5.722
nld,sex_m,age_ythadult_y15_64,geo_cov_rur,2009,4.719
nld,sex_m,age_ythadult_y15_64,geo_cov_rur,2010,7.389
nld,sex_m,age_ythadult_y15_64,geo_cov_rur,2011,6.624
nld,sex_m,age_ythadult_y15_64,geo_cov_rur,2012,6.057
nld,sex_m,age_ythadult_y15_64,geo_cov_rur,2013,8.998
nld,sex_m,age_ythadult_y15_64,geo_cov_rur,2014,8.475
nld,sex_m,age_ythadult_y15_64,geo_cov_rur,2015,7.776
nld,sex_m,age_ythadult_y15_64,geo_cov_rur,2016,6.973
nld,sex_m,age_ythadult_y15_64,geo_cov_rur,2017,5.681
nld,sex_m,age_ythadult_y15_64,geo_cov_rur,2018,4.393
nld,sex_m,age_ythadult_y15_64,geo_cov_rur,2019,3.977
nld,sex_m,age_ythadult_y15_64,geo_cov_rur,2020,4.059
nld,sex_m,age_ythadult_y15_64,geo_cov_rur,2021,4.682
nld,sex_m,age_ythadult_y15_64,geo_cov_rur,2022,3.247
nld,sex_m,age_ythadult_y15_64,geo_cov_rur,2023,3.659
nld,sex_m,age_ythadult_y15_64,geo_cov_rur,2024,3.925
nld,sex_m,age_ythadult_y15_64,geo_cov_urb,1998,6.153
nld,sex_m,age_ythadult_y15_64,geo_cov_urb,1999,5.406
nld,sex_m,age_ythadult_y15_64,geo_cov_urb,2000,4.553
nld,sex_m,age_ythadult_y15_64,geo_cov_urb,2001,3.748
nld,sex_m,age_ythadult_y15_64,geo_cov_urb,2002,4.483
nld,sex_m,age_ythadult_y15_64,geo_cov_urb,2003,5.916
nld,sex_m,age_ythadult_y15_64,geo_cov_urb,2004,6.965
nld,sex_m,age_ythadult_y15_64,geo_cov_urb,2005,8.244
nld,sex_m,age_ythadult_y15_64,geo_cov_urb,2006,7.879
nld,sex_m,age_ythadult_y15_64,geo_cov_urb,2007,6.323
nld,sex_m,age_ythadult_y15_64,geo_cov_urb,2008,5.739
nld,sex_m,age_ythadult_y15_64,geo_cov_urb,2009,6.962
nld,sex_m,age_ythadult_y15_64,geo_cov_urb,2010,7.863
nld,sex_m,age_ythadult_y15_64,geo_cov_urb,2011,7.841
nld,sex_m,age_ythadult_y15_64,geo_cov_urb,2012,9.486
nld,sex_m,age_ythadult_y15_64,geo_cov_urb,2013,11.511
nld,sex_m,age_ythadult_y15_64,geo_cov_urb,2014,11.068
nld,sex_m,age_ythadult_y15_64,geo_cov_urb,2015,10.649
nld,sex_m,age_ythadult_y15_64,geo_cov_urb,2016,9.497
nld,sex_m,age_ythadult_y15_64,geo_cov_urb,2017,8.126
nld,sex_m,age_ythadult_y15_64,geo_cov_urb,2018,7.04
nld,sex_m,age_ythadult_y15_64,geo_cov_urb,2019,6.328
nld,sex_m,age_ythadult_y15_64,geo_cov_urb,2020,7.212
nld,sex_m,age_ythadult_y15_64,geo_cov_urb,2021,6.648
nld,sex_m,age_ythadult_y15_64,geo_cov_urb,2022,5.513
nld,sex_m,age_ythadult_y15_64,geo_cov_urb,2023,5.459
nld,sex_m,age_ythadult_y15_64,geo_cov_urb,2024,5.712
nld,sex_m,age_ythadult_yge15,geo_cov_nat,1998,6.061
nld,sex_m,age_ythadult_yge15,geo_cov_nat,1999,5.413
nld,sex_m,age_ythadult_yge15,geo_cov_nat,2000,4.485
nld,sex_m,age_ythadult_yge15,geo_cov_nat,2001,3.941
nld,sex_m,age_ythadult_yge15,geo_cov_nat,2002,4.603
nld,sex_m,age_ythadult_yge15,geo_cov_nat,2003,6.111
nld,sex_m,age_ythadult_yge15,geo_cov_nat,2004,7.091
nld,sex_m,age_ythadult_yge15,geo_cov_nat,2005,8.357
nld,sex_m,age_ythadult_yge15,geo_cov_nat,2006,8.258
nld,sex_m,age_ythadult_yge15,geo_cov_nat,2007,6.704
nld,sex_m,age_ythadult_yge15,geo_cov_nat,2008,6.284
nld,sex_m,age_ythadult_yge15,geo_cov_nat,2009,7.255
nld,sex_m,age_ythadult_yge15,geo_cov_nat,2010,8.072
nld,sex_m,age_ythadult_yge15,geo_cov_nat,2011,8.157
nld,sex_m,age_ythadult_yge15,geo_cov_nat,2012,9.347
nld,sex_m,age_ythadult_yge15,geo_cov_nat,2013,11.52
nld,sex_m,age_ythadult_yge15,geo_cov_nat,2014,11.044
nld,sex_m,age_ythadult_yge15,geo_cov_nat,2015,10.709
nld,sex_m,age_ythadult_yge15,geo_cov_nat,2016,9.535
nld,sex_m,age_ythadult_yge15,geo_cov_nat,2017,8.062
nld,sex_m,age_ythadult_yge15,geo_cov_nat,2018,7.167
nld,sex_m,age_ythadult_yge15,geo_cov_nat,2019,6.369
nld,sex_m,age_ythadult_yge15,geo_cov_nat,2020,7.207
nld,sex_m,age_ythadult_yge15,geo_cov_nat,2021,6.822
nld,sex_m,age_ythadult_yge15,geo_cov_nat,2022,5.787
nld,sex_m,age_ythadult_yge15,geo_cov_nat,2023,5.707
nld,sex_m,age_ythadult_yge15,geo_cov_nat,2024,5.826
nld,sex_m,age_ythadult_yge15,geo_cov_rur,1998,5.228
nld,sex_m,age_ythadult_yge15,geo_cov_rur,1999,6.787
nld,sex_m,age_ythadult_yge15,geo_cov_rur,2000,3.458
nld,sex_m,age_ythadult_yge15,geo_cov_rur,2001,3.788
nld,sex_m,age_ythadult_yge15,geo_cov_rur,2002,4.382
nld,sex_m,age_ythadult_yge15,geo_cov_rur,2003,4.272
nld,sex_m,age_ythadult_yge15,geo_cov_rur,2004,5.626
nld,sex_m,age_ythadult_yge15,geo_cov_rur,2005,8.187
nld,sex_m,age_ythadult_yge15,geo_cov_rur,2006,5.574
nld,sex_m,age_ythadult_yge15,geo_cov_rur,2007,5.723
nld,sex_m,age_ythadult_yge15,geo_cov_rur,2008,5.634
nld,sex_m,age_ythadult_yge15,geo_cov_rur,2009,4.922
nld,sex_m,age_ythadult_yge15,geo_cov_rur,2010,7.523
nld,sex_m,age_ythadult_yge15,geo_cov_rur,2011,6.872
nld,sex_m,age_ythadult_yge15,geo_cov_rur,2012,6.439
nld,sex_m,age_ythadult_yge15,geo_cov_rur,2013,9.823
nld,sex_m,age_ythadult_yge15,geo_cov_rur,2014,9.006
nld,sex_m,age_ythadult_yge15,geo_cov_rur,2015,7.816
nld,sex_m,age_ythadult_yge15,geo_cov_rur,2016,7.309
nld,sex_m,age_ythadult_yge15,geo_cov_rur,2017,5.738
nld,sex_m,age_ythadult_yge15,geo_cov_rur,2018,4.769
nld,sex_m,age_ythadult_yge15,geo_cov_rur,2019,4.075
nld,sex_m,age_ythadult_yge15,geo_cov_rur,2020,4.37
nld,sex_m,age_ythadult_yge15,geo_cov_rur,2021,5.272
nld,sex_m,age_ythadult_yge15,geo_cov_rur,2022,3.449
nld,sex_m,age_ythadult_yge15,geo_cov_rur,2023,4.076
nld,sex_m,age_ythadult_yge15,geo_cov_rur,2024,4.197
nld,sex_m,age_ythadult_yge15,geo_cov_urb,1998,6.094
nld,sex_m,age_ythadult_yge15,geo_cov_urb,1999,5.359
nld,sex_m,age_ythadult_yge15,geo_cov_urb,2000,4.517
nld,sex_m,age_ythadult_yge15,geo_cov_urb,2001,3.945
nld,sex_m,age_ythadult_yge15,geo_cov_urb,2002,4.61
nld,sex_m,age_ythadult_yge15,geo_cov_urb,2003,6.163
nld,sex_m,age_ythadult_yge15,geo_cov_urb,2004,7.13
nld,sex_m,age_ythadult_yge15,geo_cov_urb,2005,8.363
nld,sex_m,age_ythadult_yge15,geo_cov_urb,2006,8.32
nld,sex_m,age_ythadult_yge15,geo_cov_urb,2007,6.728
nld,sex_m,age_ythadult_yge15,geo_cov_urb,2008,6.298
nld,sex_m,age_ythadult_yge15,geo_cov_urb,2009,7.303
nld,sex_m,age_ythadult_yge15,geo_cov_urb,2010,8.084
nld,sex_m,age_ythadult_yge15,geo_cov_urb,2011,8.184
nld,sex_m,age_ythadult_yge15,geo_cov_urb,2012,9.841
nld,sex_m,age_ythadult_yge15,geo_cov_urb,2013,11.812
nld,sex_m,age_ythadult_yge15,geo_cov_urb,2014,11.393
nld,sex_m,age_ythadult_yge15,geo_cov_urb,2015,11.191
nld,sex_m,age_ythadult_yge15,geo_cov_urb,2016,9.781
nld,sex_m,age_ythadult_yge15,geo_cov_urb,2017,8.311
nld,sex_m,age_ythadult_yge15,geo_cov_urb,2018,7.44
nld,sex_m,age_ythadult_yge15,geo_cov_urb,2019,6.629
nld,sex_m,age_ythadult_yge15,geo_cov_urb,2020,7.518
nld,sex_m,age_ythadult_yge15,geo_cov_urb,2021,6.927
nld,sex_m,age_ythadult_yge15,geo_cov_urb,2022,5.934
nld,sex_m,age_ythadult_yge15,geo_cov_urb,2023,5.814
nld,sex_m,age_ythadult_yge15,geo_cov_urb,2024,5.929
nld,sex_m,age_ythadult_yge25,geo_cov_nat,1998,4.348
nld,sex_m,age_ythadult_yge25,geo_cov_nat,1999,3.807
nld,sex_m,age_ythadult_yge25,geo_cov_nat,2000,3.431
nld,sex_m,age_ythadult_yge25,geo_cov_nat,2001,2.863
nld,sex_m,age_ythadult_yge25,geo_cov_nat,2002,3.672
nld,sex_m,age_ythadult_yge25,geo_cov_nat,2003,4.873
nld,sex_m,age_ythadult_yge25,geo_cov_nat,2004,5.609
nld,sex_m,age_ythadult_yge25,geo_cov_nat,2005,5.878
nld,sex_m,age_ythadult_yge25,geo_cov_nat,2006,6.278
nld,sex_m,age_ythadult_yge25,geo_cov_nat,2007,4.908
nld,sex_m,age_ythadult_yge25,geo_cov_nat,2008,4.54
nld,sex_m,age_ythadult_yge25,geo_cov_nat,2009,5.126
nld,sex_m,age_ythadult_yge25,geo_cov_nat,2010,5.803
nld,sex_m,age_ythadult_yge25,geo_cov_nat,2011,6.19
nld,sex_m,age_ythadult_yge25,geo_cov_nat,2012,7.273
nld,sex_m,age_ythadult_yge25,geo_cov_nat,2013,9.456
nld,sex_m,age_ythadult_yge25,geo_cov_nat,2014,9.155
nld,sex_m,age_ythadult_yge25,geo_cov_nat,2015,8.988
nld,sex_m,age_ythadult_yge25,geo_cov_nat,2016,7.615
nld,sex_m,age_ythadult_yge25,geo_cov_nat,2017,6.383
nld,sex_m,age_ythadult_yge25,geo_cov_nat,2018,5.806
nld,sex_m,age_ythadult_yge25,geo_cov_nat,2019,4.934
nld,sex_m,age_ythadult_yge25,geo_cov_nat,2020,5.335
nld,sex_m,age_ythadult_yge25,geo_cov_nat,2021,4.92
nld,sex_m,age_ythadult_yge25,geo_cov_nat,2022,4.37
nld,sex_m,age_ythadult_yge25,geo_cov_nat,2023,4.173
nld,sex_m,age_ythadult_yge25,geo_cov_nat,2024,4.145
nld,sex_m,age_ythadult_yge25,geo_cov_rur,1998,3.079
nld,sex_m,age_ythadult_yge25,geo_cov_rur,1999,4.317
nld,sex_m,age_ythadult_yge25,geo_cov_rur,2000,3.183
nld,sex_m,age_ythadult_yge25,geo_cov_rur,2001,2.377
nld,sex_m,age_ythadult_yge25,geo_cov_rur,2002,3.728
nld,sex_m,age_ythadult_yge25,geo_cov_rur,2003,4.048
nld,sex_m,age_ythadult_yge25,geo_cov_rur,2004,3.527
nld,sex_m,age_ythadult_yge25,geo_cov_rur,2005,5.546
nld,sex_m,age_ythadult_yge25,geo_cov_rur,2006,3.702
nld,sex_m,age_ythadult_yge25,geo_cov_rur,2007,4.199
nld,sex_m,age_ythadult_yge25,geo_cov_rur,2008,3.313
nld,sex_m,age_ythadult_yge25,geo_cov_rur,2009,4.137
nld,sex_m,age_ythadult_yge25,geo_cov_rur,2010,5.168
nld,sex_m,age_ythadult_yge25,geo_cov_rur,2011,5.133
nld,sex_m,age_ythadult_yge25,geo_cov_rur,2012,5.172
nld,sex_m,age_ythadult_yge25,geo_cov_rur,2013,8.233
nld,sex_m,age_ythadult_yge25,geo_cov_rur,2014,7.207
nld,sex_m,age_ythadult_yge25,geo_cov_rur,2015,5.977
nld,sex_m,age_ythadult_yge25,geo_cov_rur,2016,6.059
nld,sex_m,age_ythadult_yge25,geo_cov_rur,2017,4.453
nld,sex_m,age_ythadult_yge25,geo_cov_rur,2018,3.586
nld,sex_m,age_ythadult_yge25,geo_cov_rur,2019,2.506
nld,sex_m,age_ythadult_yge25,geo_cov_rur,2020,2.764
nld,sex_m,age_ythadult_yge25,geo_cov_rur,2021,4.599
nld,sex_m,age_ythadult_yge25,geo_cov_rur,2022,2.799
nld,sex_m,age_ythadult_yge25,geo_cov_rur,2023,3.195
nld,sex_m,age_ythadult_yge25,geo_cov_rur,2024,3.109
nld,sex_m,age_ythadult_yge25,geo_cov_urb,1998,4.399
nld,sex_m,age_ythadult_yge25,geo_cov_urb,1999,3.787
nld,sex_m,age_ythadult_yge25,geo_cov_urb,2000,3.438
nld,sex_m,age_ythadult_yge25,geo_cov_urb,2001,2.876
nld,sex_m,age_ythadult_yge25,geo_cov_urb,2002,3.67
nld,sex_m,age_ythadult_yge25,geo_cov_urb,2003,4.896
nld,sex_m,age_ythadult_yge25,geo_cov_urb,2004,5.664
nld,sex_m,age_ythadult_yge25,geo_cov_urb,2005,5.887
nld,sex_m,age_ythadult_yge25,geo_cov_urb,2006,6.338
nld,sex_m,age_ythadult_yge25,geo_cov_urb,2007,4.925
nld,sex_m,age_ythadult_yge25,geo_cov_urb,2008,4.566
nld,sex_m,age_ythadult_yge25,geo_cov_urb,2009,5.147
nld,sex_m,age_ythadult_yge25,geo_cov_urb,2010,5.816
nld,sex_m,age_ythadult_yge25,geo_cov_urb,2011,6.213
nld,sex_m,age_ythadult_yge25,geo_cov_urb,2012,7.627
nld,sex_m,age_ythadult_yge25,geo_cov_urb,2013,9.668
nld,sex_m,age_ythadult_yge25,geo_cov_urb,2014,9.486
nld,sex_m,age_ythadult_yge25,geo_cov_urb,2015,9.484
nld,sex_m,age_ythadult_yge25,geo_cov_urb,2016,7.787
nld,sex_m,age_ythadult_yge25,geo_cov_urb,2017,6.585
nld,sex_m,age_ythadult_yge25,geo_cov_urb,2018,6.053
nld,sex_m,age_ythadult_yge25,geo_cov_urb,2019,5.205
nld,sex_m,age_ythadult_yge25,geo_cov_urb,2020,5.614
nld,sex_m,age_ythadult_yge25,geo_cov_urb,2021,4.942
nld,sex_m,age_ythadult_yge25,geo_cov_urb,2022,4.466
nld,sex_m,age_ythadult_yge25,geo_cov_urb,2023,4.238
nld,sex_m,age_ythadult_yge25,geo_cov_urb,2024,4.211
nld,sex_t,age_aggregate_total,geo_cov_nat,1998,8.914
nld,sex_t,age_aggregate_total,geo_cov_nat,1999,7.638
nld,sex_t,age_aggregate_total,geo_cov_nat,2000,6.088
nld,sex_t,age_aggregate_total,geo_cov_nat,2001,4.881
nld,sex_t,age_aggregate_total,geo_cov_nat,2002,5.533
nld,sex_t,age_aggregate_total,geo_cov_nat,2003,6.977
nld,sex_t,age_aggregate_total,geo_cov_nat,2004,8.097
nld,sex_t,age_aggregate_total,geo_cov_nat,2005,10.022
nld,sex_t,age_aggregate_total,geo_cov_nat,2006,10.103
nld,sex_t,age_aggregate_total,geo_cov_nat,2007,8.288
nld,sex_t,age_aggregate_total,geo_cov_nat,2008,7.601
nld,sex_t,age_aggregate_total,geo_cov_nat,2009,8.312
nld,sex_t,age_aggregate_total,geo_cov_nat,2010,9.028
nld,sex_t,age_aggregate_total,geo_cov_nat,2011,9.005
nld,sex_t,age_aggregate_total,geo_cov_nat,2012,10.053
nld,sex_t,age_aggregate_total,geo_cov_nat,2013,12.131
nld,sex_t,age_aggregate_total,geo_cov_nat,2014,12.315
nld,sex_t,age_aggregate_total,geo_cov_nat,2015,11.758
nld,sex_t,age_aggregate_total,geo_cov_nat,2016,10.593
nld,sex_t,age_aggregate_total,geo_cov_nat,2017,9.038
nld,sex_t,age_aggregate_total,geo_cov_nat,2018,7.818
nld,sex_t,age_aggregate_total,geo_cov_nat,2019,6.849
nld,sex_t,age_aggregate_total,geo_cov_nat,2020,7.524
nld,sex_t,age_aggregate_total,geo_cov_nat,2021,7.319
nld,sex_t,age_aggregate_total,geo_cov_nat,2022,6.195
nld,sex_t,age_aggregate_total,geo_cov_nat,2023,6.089
nld,sex_t,age_aggregate_total,geo_cov_nat,2024,6.085
nld,sex_t,age_aggregate_total,geo_cov_rur,1998,8.68
nld,sex_t,age_aggregate_total,geo_cov_rur,1999,10.053
nld,sex_t,age_aggregate_total,geo_cov_rur,2000,5.386
nld,sex_t,age_aggregate_total,geo_cov_rur,2001,5.268
nld,sex_t,age_aggregate_total,geo_cov_rur,2002,5.813
nld,sex_t,age_aggregate_total,geo_cov_rur,2003,6.092
nld,sex_t,age_aggregate_total,geo_cov_rur,2004,7.559
nld,sex_t,age_aggregate_total,geo_cov_rur,2005,9.707
nld,sex_t,age_aggregate_total,geo_cov_rur,2006,8.148
nld,sex_t,age_aggregate_total,geo_cov_rur,2007,8.73
nld,sex_t,age_aggregate_total,geo_cov_rur,2008,7.541
nld,sex_t,age_aggregate_total,geo_cov_rur,2009,6.182
nld,sex_t,age_aggregate_total,geo_cov_rur,2010,9.374
nld,sex_t,age_aggregate_total,geo_cov_rur,2011,7.705
nld,sex_t,age_aggregate_total,geo_cov_rur,2012,7.548
nld,sex_t,age_aggregate_total,geo_cov_rur,2013,10.264
nld,sex_t,age_aggregate_total,geo_cov_rur,2014,9.925
nld,sex_t,age_aggregate_total,geo_cov_rur,2015,9.525
nld,sex_t,age_aggregate_total,geo_cov_rur,2016,8.296
nld,sex_t,age_aggregate_total,geo_cov_rur,2017,7.307
nld,sex_t,age_aggregate_total,geo_cov_rur,2018,5.718
nld,sex_t,age_aggregate_total,geo_cov_rur,2019,4.872
nld,sex_t,age_aggregate_total,geo_cov_rur,2020,5.301
nld,sex_t,age_aggregate_total,geo_cov_rur,2021,5.179
nld,sex_t,age_aggregate_total,geo_cov_rur,2022,4.072
nld,sex_t,age_aggregate_total,geo_cov_rur,2023,4.1
nld,sex_t,age_aggregate_total,geo_cov_rur,2024,4.324
nld,sex_t,age_aggregate_total,geo_cov_urb,1998,8.923
nld,sex_t,age_aggregate_total,geo_cov_urb,1999,7.546
nld,sex_t,age_aggregate_total,geo_cov_urb,2000,6.109
nld,sex_t,age_aggregate_total,geo_cov_urb,2001,4.87
nld,sex_t,age_aggregate_total,geo_cov_urb,2002,5.525
nld,sex_t,age_aggregate_total,geo_cov_urb,2003,7.001
nld,sex_t,age_aggregate_total,geo_cov_urb,2004,8.111
nld,sex_t,age_aggregate_total,geo_cov_urb,2005,10.031
nld,sex_t,age_aggregate_total,geo_cov_urb,2006,10.147
nld,sex_t,age_aggregate_total,geo_cov_urb,2007,8.278
nld,sex_t,age_aggregate_total,geo_cov_urb,2008,7.603
nld,sex_t,age_aggregate_total,geo_cov_urb,2009,8.355
nld,sex_t,age_aggregate_total,geo_cov_urb,2010,9.021
nld,sex_t,age_aggregate_total,geo_cov_urb,2011,9.033
nld,sex_t,age_aggregate_total,geo_cov_urb,2012,10.472
nld,sex_t,age_aggregate_total,geo_cov_urb,2013,12.446
nld,sex_t,age_aggregate_total,geo_cov_urb,2014,12.715
nld,sex_t,age_aggregate_total,geo_cov_urb,2015,12.121
nld,sex_t,age_aggregate_total,geo_cov_urb,2016,10.84
nld,sex_t,age_aggregate_total,geo_cov_urb,2017,9.221
nld,sex_t,age_aggregate_total,geo_cov_urb,2018,8.057
nld,sex_t,age_aggregate_total,geo_cov_urb,2019,7.074
nld,sex_t,age_aggregate_total,geo_cov_urb,2020,7.771
nld,sex_t,age_aggregate_total,geo_cov_urb,2021,7.46
nld,sex_t,age_aggregate_total,geo_cov_urb,2022,6.33
nld,sex_t,age_aggregate_total,geo_cov_urb,2023,6.216
nld,sex_t,age_aggregate_total,geo_cov_urb,2024,6.198
nld,sex_t,age_aggregate_y15_24,geo_cov_nat,1998,16.903
nld,sex_t,age_aggregate_y15_24,geo_cov_nat,1999,14.518
nld,sex_t,age_aggregate_y15_24,geo_cov_nat,2000,11.072
nld,sex_t,age_aggregate_y15_24,geo_cov_nat,2001,9.76
nld,sex_t,age_aggregate_y15_24,geo_cov_nat,2002,9.99
nld,sex_t,age_aggregate_y15_24,geo_cov_nat,2003,12.668
nld,sex_t,age_aggregate_y15_24,geo_cov_nat,2004,14.973
nld,sex_t,age_aggregate_y15_24,geo_cov_nat,2005,21.145
nld,sex_t,age_aggregate_y15_24,geo_cov_nat,2006,19.116
nld,sex_t,age_aggregate_y15_24,geo_cov_nat,2007,16.503
nld,sex_t,age_aggregate_y15_24,geo_cov_nat,2008,15.319
nld,sex_t,age_aggregate_y15_24,geo_cov_nat,2009,17.541
nld,sex_t,age_aggregate_y15_24,geo_cov_nat,2010,19.224
nld,sex_t,age_aggregate_y15_24,geo_cov_nat,2011,18.122
nld,sex_t,age_aggregate_y15_24,geo_cov_nat,2012,19.686
nld,sex_t,age_aggregate_y15_24,geo_cov_nat,2013,21.608
nld,sex_t,age_aggregate_y15_24,geo_cov_nat,2014,21.933
nld,sex_t,age_aggregate_y15_24,geo_cov_nat,2015,19.396
nld,sex_t,age_aggregate_y15_24,geo_cov_nat,2016,18.916
nld,sex_t,age_aggregate_y15_24,geo_cov_nat,2017,16.333
nld,sex_t,age_aggregate_y15_24,geo_cov_nat,2018,14.055
nld,sex_t,age_aggregate_y15_24,geo_cov_nat,2019,12.887
nld,sex_t,age_aggregate_y15_24,geo_cov_nat,2020,16.494
nld,sex_t,age_aggregate_y15_24,geo_cov_nat,2021,15.062
nld,sex_t,age_aggregate_y15_24,geo_cov_nat,2022,12.334
nld,sex_t,age_aggregate_y15_24,geo_cov_nat,2023,12.775
nld,sex_t,age_aggregate_y15_24,geo_cov_nat,2024,13.392
nld,sex_t,age_aggregate_y15_24,geo_cov_rur,1998,20.021
nld,sex_t,age_aggregate_y15_24,geo_cov_rur,1999,20.314
nld,sex_t,age_aggregate_y15_24,geo_cov_rur,2000,7.336
nld,sex_t,age_aggregate_y15_24,geo_cov_rur,2001,11.002
nld,sex_t,age_aggregate_y15_24,geo_cov_rur,2002,8.535
nld,sex_t,age_aggregate_y15_24,geo_cov_rur,2003,9.308
nld,sex_t,age_aggregate_y15_24,geo_cov_rur,2004,16.9
nld,sex_t,age_aggregate_y15_24,geo_cov_rur,2005,19.871
nld,sex_t,age_aggregate_y15_24,geo_cov_rur,2006,18.448
nld,sex_t,age_aggregate_y15_24,geo_cov_rur,2007,17.631
nld,sex_t,age_aggregate_y15_24,geo_cov_rur,2008,18.212
nld,sex_t,age_aggregate_y15_24,geo_cov_rur,2009,11.348
nld,sex_t,age_aggregate_y15_24,geo_cov_rur,2010,16.452
nld,sex_t,age_aggregate_y15_24,geo_cov_rur,2011,13.43
nld,sex_t,age_aggregate_y15_24,geo_cov_rur,2012,15.015
nld,sex_t,age_aggregate_y15_24,geo_cov_rur,2013,18.373
nld,sex_t,age_aggregate_y15_24,geo_cov_rur,2014,18.181
nld,sex_t,age_aggregate_y15_24,geo_cov_rur,2015,17.964
nld,sex_t,age_aggregate_y15_24,geo_cov_rur,2016,12.407
nld,sex_t,age_aggregate_y15_24,geo_cov_rur,2017,12.53
nld,sex_t,age_aggregate_y15_24,geo_cov_rur,2018,10.925
nld,sex_t,age_aggregate_y15_24,geo_cov_rur,2019,11.818
nld,sex_t,age_aggregate_y15_24,geo_cov_rur,2020,12.593
nld,sex_t,age_aggregate_y15_24,geo_cov_rur,2021,8.43
nld,sex_t,age_aggregate_y15_24,geo_cov_rur,2022,5.846
nld,sex_t,age_aggregate_y15_24,geo_cov_rur,2023,8.107
nld,sex_t,age_aggregate_y15_24,geo_cov_rur,2024,8.579
nld,sex_t,age_aggregate_y15_24,geo_cov_urb,1998,16.788
nld,sex_t,age_aggregate_y15_24,geo_cov_urb,1999,14.303
nld,sex_t,age_aggregate_y15_24,geo_cov_urb,2000,11.18
nld,sex_t,age_aggregate_y15_24,geo_cov_urb,2001,9.724
nld,sex_t,age_aggregate_y15_24,geo_cov_urb,2002,10.033
nld,sex_t,age_aggregate_y15_24,geo_cov_urb,2003,12.76
nld,sex_t,age_aggregate_y15_24,geo_cov_urb,2004,14.925
nld,sex_t,age_aggregate_y15_24,geo_cov_urb,2005,21.184
nld,sex_t,age_aggregate_y15_24,geo_cov_urb,2006,19.129
nld,sex_t,age_aggregate_y15_24,geo_cov_urb,2007,16.478
nld,sex_t,age_aggregate_y15_24,geo_cov_urb,2008,15.263
nld,sex_t,age_aggregate_y15_24,geo_cov_urb,2009,17.652
nld,sex_t,age_aggregate_y15_24,geo_cov_urb,2010,19.285
nld,sex_t,age_aggregate_y15_24,geo_cov_urb,2011,18.217
nld,sex_t,age_aggregate_y15_24,geo_cov_urb,2012,20.488
nld,sex_t,age_aggregate_y15_24,geo_cov_urb,2013,22.152
nld,sex_t,age_aggregate_y15_24,geo_cov_urb,2014,22.577
nld,sex_t,age_aggregate_y15_24,geo_cov_urb,2015,19.629
nld,sex_t,age_aggregate_y15_24,geo_cov_urb,2016,19.627
nld,sex_t,age_aggregate_y15_24,geo_cov_urb,2017,16.768
nld,sex_t,age_aggregate_y15_24,geo_cov_urb,2018,14.454
nld,sex_t,age_aggregate_y15_24,geo_cov_urb,2019,13.019
nld,sex_t,age_aggregate_y15_24,geo_cov_urb,2020,16.948
nld,sex_t,age_aggregate_y15_24,geo_cov_urb,2021,15.511
nld,sex_t,age_aggregate_y15_24,geo_cov_urb,2022,12.78
nld,sex_t,age_aggregate_y15_24,geo_cov_urb,2023,13.058
nld,sex_t,age_aggregate_y15_24,geo_cov_urb,2024,13.692
nld,sex_t,age_aggregate_y25_54,geo_cov_nat,1998,7.075
nld,sex_t,age_aggregate_y25_54,geo_cov_nat,1999,6.009
nld,sex_t,age_aggregate_y25_54,geo_cov_nat,2000,4.775
nld,sex_t,age_aggregate_y25_54,geo_cov_nat,2001,3.5
nld,sex_t,age_aggregate_y25_54,geo_cov_nat,2002,4.112
nld,sex_t,age_aggregate_y25_54,geo_cov_nat,2003,5.408
nld,sex_t,age_aggregate_y25_54,geo_cov_nat,2004,6.242
nld,sex_t,age_aggregate_y25_54,geo_cov_nat,2005,7.316
nld,sex_t,age_aggregate_y25_54,geo_cov_nat,2006,7.096
nld,sex_t,age_aggregate_y25_54,geo_cov_nat,2007,5.49
nld,sex_t,age_aggregate_y25_54,geo_cov_nat,2008,4.761
nld,sex_t,age_aggregate_y25_54,geo_cov_nat,2009,5.496
nld,sex_t,age_aggregate_y25_54,geo_cov_nat,2010,6.198
nld,sex_t,age_aggregate_y25_54,geo_cov_nat,2011,6.433
nld,sex_t,age_aggregate_y25_54,geo_cov_nat,2012,7.293
nld,sex_t,age_aggregate_y25_54,geo_cov_nat,2013,9.206
nld,sex_t,age_aggregate_y25_54,geo_cov_nat,2014,9.32
nld,sex_t,age_aggregate_y25_54,geo_cov_nat,2015,8.849
nld,sex_t,age_aggregate_y25_54,geo_cov_nat,2016,7.603
nld,sex_t,age_aggregate_y25_54,geo_cov_nat,2017,6.702
nld,sex_t,age_aggregate_y25_54,geo_cov_nat,2018,5.514
nld,sex_t,age_aggregate_y25_54,geo_cov_nat,2019,4.845
nld,sex_t,age_aggregate_y25_54,geo_cov_nat,2020,5.316
nld,sex_t,age_aggregate_y25_54,geo_cov_nat,2021,5.09
nld,sex_t,age_aggregate_y25_54,geo_cov_nat,2022,4.2
nld,sex_t,age_aggregate_y25_54,geo_cov_nat,2023,4.2
nld,sex_t,age_aggregate_y25_54,geo_cov_nat,2024,4.298
nld,sex_t,age_aggregate_y25_54,geo_cov_rur,1998,6.648
nld,sex_t,age_aggregate_y25_54,geo_cov_rur,1999,7.879
nld,sex_t,age_aggregate_y25_54,geo_cov_rur,2000,4.901
nld,sex_t,age_aggregate_y25_54,geo_cov_rur,2001,3.537
nld,sex_t,age_aggregate_y25_54,geo_cov_rur,2002,4.507
nld,sex_t,age_aggregate_y25_54,geo_cov_rur,2003,4.588
nld,sex_t,age_aggregate_y25_54,geo_cov_rur,2004,5.043
nld,sex_t,age_aggregate_y25_54,geo_cov_rur,2005,7.142
nld,sex_t,age_aggregate_y25_54,geo_cov_rur,2006,5.154
nld,sex_t,age_aggregate_y25_54,geo_cov_rur,2007,6.071
nld,sex_t,age_aggregate_y25_54,geo_cov_rur,2008,5.445
nld,sex_t,age_aggregate_y25_54,geo_cov_rur,2009,4.909
nld,sex_t,age_aggregate_y25_54,geo_cov_rur,2010,6.958
nld,sex_t,age_aggregate_y25_54,geo_cov_rur,2011,5.768
nld,sex_t,age_aggregate_y25_54,geo_cov_rur,2012,5.148
nld,sex_t,age_aggregate_y25_54,geo_cov_rur,2013,6.891
nld,sex_t,age_aggregate_y25_54,geo_cov_rur,2014,6.863
nld,sex_t,age_aggregate_y25_54,geo_cov_rur,2015,6.688
nld,sex_t,age_aggregate_y25_54,geo_cov_rur,2016,6.163
nld,sex_t,age_aggregate_y25_54,geo_cov_rur,2017,4.885
nld,sex_t,age_aggregate_y25_54,geo_cov_rur,2018,3.556
nld,sex_t,age_aggregate_y25_54,geo_cov_rur,2019,2.764
nld,sex_t,age_aggregate_y25_54,geo_cov_rur,2020,2.824
nld,sex_t,age_aggregate_y25_54,geo_cov_rur,2021,3.643
nld,sex_t,age_aggregate_y25_54,geo_cov_rur,2022,2.283
nld,sex_t,age_aggregate_y25_54,geo_cov_rur,2023,2.669
nld,sex_t,age_aggregate_y25_54,geo_cov_rur,2024,2.867
nld,sex_t,age_aggregate_y25_54,geo_cov_urb,1998,7.091
nld,sex_t,age_aggregate_y25_54,geo_cov_urb,1999,5.939
nld,sex_t,age_aggregate_y25_54,geo_cov_urb,2000,4.771
nld,sex_t,age_aggregate_y25_54,geo_cov_urb,2001,3.499
nld,sex_t,age_aggregate_y25_54,geo_cov_urb,2002,4.1
nld,sex_t,age_aggregate_y25_54,geo_cov_urb,2003,5.429
nld,sex_t,age_aggregate_y25_54,geo_cov_urb,2004,6.272
nld,sex_t,age_aggregate_y25_54,geo_cov_urb,2005,7.321
nld,sex_t,age_aggregate_y25_54,geo_cov_urb,2006,7.14
nld,sex_t,age_aggregate_y25_54,geo_cov_urb,2007,5.477
nld,sex_t,age_aggregate_y25_54,geo_cov_urb,2008,4.746
nld,sex_t,age_aggregate_y25_54,geo_cov_urb,2009,5.507
nld,sex_t,age_aggregate_y25_54,geo_cov_urb,2010,6.183
nld,sex_t,age_aggregate_y25_54,geo_cov_urb,2011,6.447
nld,sex_t,age_aggregate_y25_54,geo_cov_urb,2012,7.638
nld,sex_t,age_aggregate_y25_54,geo_cov_urb,2013,9.579
nld,sex_t,age_aggregate_y25_54,geo_cov_urb,2014,9.708
nld,sex_t,age_aggregate_y25_54,geo_cov_urb,2015,9.184
nld,sex_t,age_aggregate_y25_54,geo_cov_urb,2016,7.751
nld,sex_t,age_aggregate_y25_54,geo_cov_urb,2017,6.881
nld,sex_t,age_aggregate_y25_54,geo_cov_urb,2018,5.718
nld,sex_t,age_aggregate_y25_54,geo_cov_urb,2019,5.067
nld,sex_t,age_aggregate_y25_54,geo_cov_urb,2020,5.574
nld,sex_t,age_aggregate_y25_54,geo_cov_urb,2021,5.179
nld,sex_t,age_aggregate_y25_54,geo_cov_urb,2022,4.308
nld,sex_t,age_aggregate_y25_54,geo_cov_urb,2023,4.292
nld,sex_t,age_aggregate_y25_54,geo_cov_urb,2024,4.38
nld,sex_t,age_aggregate_y55_64,geo_cov_nat,1998,10.486
nld,sex_t,age_aggregate_y55_64,geo_cov_nat,1999,9.445
nld,sex_t,age_aggregate_y55_64,geo_cov_nat,2000,8.18
nld,sex_t,age_aggregate_y55_64,geo_cov_nat,2001,5.249
nld,sex_t,age_aggregate_y55_64,geo_cov_nat,2002,7.189
nld,sex_t,age_aggregate_y55_64,geo_cov_nat,2003,6.249
nld,sex_t,age_aggregate_y55_64,geo_cov_nat,2004,7.676
nld,sex_t,age_aggregate_y55_64,geo_cov_nat,2005,9.446
nld,sex_t,age_aggregate_y55_64,geo_cov_nat,2006,12.218
nld,sex_t,age_aggregate_y55_64,geo_cov_nat,2007,10.461
nld,sex_t,age_aggregate_y55_64,geo_cov_nat,2008,9.406
nld,sex_t,age_aggregate_y55_64,geo_cov_nat,2009,8.957
nld,sex_t,age_aggregate_y55_64,geo_cov_nat,2010,8.953
nld,sex_t,age_aggregate_y55_64,geo_cov_nat,2011,8.931
nld,sex_t,age_aggregate_y55_64,geo_cov_nat,2012,9.667
nld,sex_t,age_aggregate_y55_64,geo_cov_nat,2013,12.079
nld,sex_t,age_aggregate_y55_64,geo_cov_nat,2014,12.559
nld,sex_t,age_aggregate_y55_64,geo_cov_nat,2015,13.014
nld,sex_t,age_aggregate_y55_64,geo_cov_nat,2016,11.671
nld,sex_t,age_aggregate_y55_64,geo_cov_nat,2017,9.567
nld,sex_t,age_aggregate_y55_64,geo_cov_nat,2018,8.408
nld,sex_t,age_aggregate_y55_64,geo_cov_nat,2019,6.801
nld,sex_t,age_aggregate_y55_64,geo_cov_nat,2020,5.753
nld,sex_t,age_aggregate_y55_64,geo_cov_nat,2021,5.891
nld,sex_t,age_aggregate_y55_64,geo_cov_nat,2022,4.784
nld,sex_t,age_aggregate_y55_64,geo_cov_nat,2023,3.995
nld,sex_t,age_aggregate_y55_64,geo_cov_nat,2024,3.684
nld,sex_t,age_aggregate_y55_64,geo_cov_rur,1998,6.471
nld,sex_t,age_aggregate_y55_64,geo_cov_rur,1999,10.186
nld,sex_t,age_aggregate_y55_64,geo_cov_rur,2000,5.864
nld,sex_t,age_aggregate_y55_64,geo_cov_rur,2001,7.588
nld,sex_t,age_aggregate_y55_64,geo_cov_rur,2002,10.597
nld,sex_t,age_aggregate_y55_64,geo_cov_rur,2003,8.721
nld,sex_t,age_aggregate_y55_64,geo_cov_rur,2004,8.313
nld,sex_t,age_aggregate_y55_64,geo_cov_rur,2005,8.67
nld,sex_t,age_aggregate_y55_64,geo_cov_rur,2006,9.575
nld,sex_t,age_aggregate_y55_64,geo_cov_rur,2007,11.041
nld,sex_t,age_aggregate_y55_64,geo_cov_rur,2008,4.366
nld,sex_t,age_aggregate_y55_64,geo_cov_rur,2009,6.339
nld,sex_t,age_aggregate_y55_64,geo_cov_rur,2010,8.986
nld,sex_t,age_aggregate_y55_64,geo_cov_rur,2011,8.989
nld,sex_t,age_aggregate_y55_64,geo_cov_rur,2012,8.188
nld,sex_t,age_aggregate_y55_64,geo_cov_rur,2013,11.896
nld,sex_t,age_aggregate_y55_64,geo_cov_rur,2014,10.222
nld,sex_t,age_aggregate_y55_64,geo_cov_rur,2015,10.644
nld,sex_t,age_aggregate_y55_64,geo_cov_rur,2016,9.314
nld,sex_t,age_aggregate_y55_64,geo_cov_rur,2017,9.38
nld,sex_t,age_aggregate_y55_64,geo_cov_rur,2018,6.353
nld,sex_t,age_aggregate_y55_64,geo_cov_rur,2019,4.141
nld,sex_t,age_aggregate_y55_64,geo_cov_rur,2020,4.911
nld,sex_t,age_aggregate_y55_64,geo_cov_rur,2021,4.444
nld,sex_t,age_aggregate_y55_64,geo_cov_rur,2022,5.179
nld,sex_t,age_aggregate_y55_64,geo_cov_rur,2023,3.199
nld,sex_t,age_aggregate_y55_64,geo_cov_rur,2024,3.074
nld,sex_t,age_aggregate_y55_64,geo_cov_urb,1998,10.691
nld,sex_t,age_aggregate_y55_64,geo_cov_urb,1999,9.408
nld,sex_t,age_aggregate_y55_64,geo_cov_urb,2000,8.263
nld,sex_t,age_aggregate_y55_64,geo_cov_urb,2001,5.173
nld,sex_t,age_aggregate_y55_64,geo_cov_urb,2002,7.064
nld,sex_t,age_aggregate_y55_64,geo_cov_urb,2003,6.164
nld,sex_t,age_aggregate_y55_64,geo_cov_urb,2004,7.657
nld,sex_t,age_aggregate_y55_64,geo_cov_urb,2005,9.472
nld,sex_t,age_aggregate_y55_64,geo_cov_urb,2006,12.286
nld,sex_t,age_aggregate_y55_64,geo_cov_urb,2007,10.447
nld,sex_t,age_aggregate_y55_64,geo_cov_urb,2008,9.532
nld,sex_t,age_aggregate_y55_64,geo_cov_urb,2009,9.023
nld,sex_t,age_aggregate_y55_64,geo_cov_urb,2010,8.953
nld,sex_t,age_aggregate_y55_64,geo_cov_urb,2011,8.929
nld,sex_t,age_aggregate_y55_64,geo_cov_urb,2012,9.949
nld,sex_t,age_aggregate_y55_64,geo_cov_urb,2013,12.114
nld,sex_t,age_aggregate_y55_64,geo_cov_urb,2014,13.017
nld,sex_t,age_aggregate_y55_64,geo_cov_urb,2015,13.464
nld,sex_t,age_aggregate_y55_64,geo_cov_urb,2016,11.969
nld,sex_t,age_aggregate_y55_64,geo_cov_urb,2017,9.59
nld,sex_t,age_aggregate_y55_64,geo_cov_urb,2018,8.669
nld,sex_t,age_aggregate_y55_64,geo_cov_urb,2019,7.144
nld,sex_t,age_aggregate_y55_64,geo_cov_urb,2020,5.858
nld,sex_t,age_aggregate_y55_64,geo_cov_urb,2021,6.002
nld,sex_t,age_aggregate_y55_64,geo_cov_urb,2022,4.754
nld,sex_t,age_aggregate_y55_64,geo_cov_urb,2023,4.056
nld,sex_t,age_aggregate_y55_64,geo_cov_urb,2024,3.733
nld,sex_t,age_aggregate_yge65,geo_cov_nat,2001,19.385
nld,sex_t,age_aggregate_yge65,geo_cov_nat,2002,16.773
nld,sex_t,age_aggregate_yge65,geo_cov_nat,2003,25.675
nld,sex_t,age_aggregate_yge65,geo_cov_nat,2004,21.517
nld,sex_t,age_aggregate_yge65,geo_cov_nat,2005,18.319
nld,sex_t,age_aggregate_yge65,geo_cov_nat,2006,32.566
nld,sex_t,age_aggregate_yge65,geo_cov_nat,2007,25.922
nld,sex_t,age_aggregate_yge65,geo_cov_nat,2008,30.976
nld,sex_t,age_aggregate_yge65,geo_cov_nat,2009,22.492
nld,sex_t,age_aggregate_yge65,geo_cov_nat,2010,22.059
nld,sex_t,age_aggregate_yge65,geo_cov_nat,2011,20.928
nld,sex_t,age_aggregate_yge65,geo_cov_nat,2012,22.143
nld,sex_t,age_aggregate_yge65,geo_cov_nat,2013,25.612
nld,sex_t,age_aggregate_yge65,geo_cov_nat,2014,24.034
nld,sex_t,age_aggregate_yge65,geo_cov_nat,2015,26.318
nld,sex_t,age_aggregate_yge65,geo_cov_nat,2016,23.599
nld,sex_t,age_aggregate_yge65,geo_cov_nat,2017,15.416
nld,sex_t,age_aggregate_yge65,geo_cov_nat,2018,17.894
nld,sex_t,age_aggregate_yge65,geo_cov_nat,2019,14.133
nld,sex_t,age_aggregate_yge65,geo_cov_nat,2020,13.607
nld,sex_t,age_aggregate_yge65,geo_cov_nat,2021,13.467
nld,sex_t,age_aggregate_yge65,geo_cov_nat,2022,14.66
nld,sex_t,age_aggregate_yge65,geo_cov_nat,2023,12.345
nld,sex_t,age_aggregate_yge65,geo_cov_nat,2024,9.387
nld,sex_t,age_aggregate_yge65,geo_cov_rur,2005,14.395
nld,sex_t,age_aggregate_yge65,geo_cov_rur,2006,43.89
nld,sex_t,age_aggregate_yge65,geo_cov_rur,2007,15.15
nld,sex_t,age_aggregate_yge65,geo_cov_rur,2010,23.672
nld,sex_t,age_aggregate_yge65,geo_cov_rur,2012,13.95
nld,sex_t,age_aggregate_yge65,geo_cov_rur,2013,25.168
nld,sex_t,age_aggregate_yge65,geo_cov_rur,2014,22.708
nld,sex_t,age_aggregate_yge65,geo_cov_rur,2015,14.467
nld,sex_t,age_aggregate_yge65,geo_cov_rur,2016,23.517
nld,sex_t,age_aggregate_yge65,geo_cov_rur,2017,11.216
nld,sex_t,age_aggregate_yge65,geo_cov_rur,2018,9.983
nld,sex_t,age_aggregate_yge65,geo_cov_rur,2019,9.015
nld,sex_t,age_aggregate_yge65,geo_cov_rur,2020,11.356
nld,sex_t,age_aggregate_yge65,geo_cov_rur,2021,13.959
nld,sex_t,age_aggregate_yge65,geo_cov_rur,2022,10.81
nld,sex_t,age_aggregate_yge65,geo_cov_rur,2023,9.513
nld,sex_t,age_aggregate_yge65,geo_cov_rur,2024,9.043
nld,sex_t,age_aggregate_yge65,geo_cov_urb,2001,19.666
nld,sex_t,age_aggregate_yge65,geo_cov_urb,2002,16.966
nld,sex_t,age_aggregate_yge65,geo_cov_urb,2003,26.381
nld,sex_t,age_aggregate_yge65,geo_cov_urb,2004,21.556
nld,sex_t,age_aggregate_yge65,geo_cov_urb,2005,18.436
nld,sex_t,age_aggregate_yge65,geo_cov_urb,2006,32.393
nld,sex_t,age_aggregate_yge65,geo_cov_urb,2007,26.214
nld,sex_t,age_aggregate_yge65,geo_cov_urb,2008,31.186
nld,sex_t,age_aggregate_yge65,geo_cov_urb,2009,22.89
nld,sex_t,age_aggregate_yge65,geo_cov_urb,2010,22.01
nld,sex_t,age_aggregate_yge65,geo_cov_urb,2011,21.007
nld,sex_t,age_aggregate_yge65,geo_cov_urb,2012,23.647
nld,sex_t,age_aggregate_yge65,geo_cov_urb,2013,25.715
nld,sex_t,age_aggregate_yge65,geo_cov_urb,2014,24.326
nld,sex_t,age_aggregate_yge65,geo_cov_urb,2015,28.49
nld,sex_t,age_aggregate_yge65,geo_cov_urb,2016,23.608
nld,sex_t,age_aggregate_yge65,geo_cov_urb,2017,15.855
nld,sex_t,age_aggregate_yge65,geo_cov_urb,2018,19.18
nld,sex_t,age_aggregate_yge65,geo_cov_urb,2019,14.727
nld,sex_t,age_aggregate_yge65,geo_cov_urb,2020,13.927
nld,sex_t,age_aggregate_yge65,geo_cov_urb,2021,13.422
nld,sex_t,age_aggregate_yge65,geo_cov_urb,2022,15.007
nld,sex_t,age_aggregate_yge65,geo_cov_urb,2023,12.572
nld,sex_t,age_aggregate_yge65,geo_cov_urb,2024,9.417
nld,sex_t,age_ythadult_y15_24,geo_cov_nat,1998,16.903
nld,sex_t,age_ythadult_y15_24,geo_cov_nat,1999,14.518
nld,sex_t,age_ythadult_y15_24,geo_cov_nat,2000,11.072
nld,sex_t,age_ythadult_y15_24,geo_cov_nat,2001,9.76
nld,sex_t,age_ythadult_y15_24,geo_cov_nat,2002,9.99
nld,sex_t,age_ythadult_y15_24,geo_cov_nat,2003,12.668
nld,sex_t,age_ythadult_y15_24,geo_cov_nat,2004,14.973
nld,sex_t,age_ythadult_y15_24,geo_cov_nat,2005,21.145
nld,sex_t,age_ythadult_y15_24,geo_cov_nat,2006,19.116
nld,sex_t,age_ythadult_y15_24,geo_cov_nat,2007,16.503
nld,sex_t,age_ythadult_y15_24,geo_cov_nat,2008,15.319
nld,sex_t,age_ythadult_y15_24,geo_cov_nat,2009,17.541
nld,sex_t,age_ythadult_y15_24,geo_cov_nat,2010,19.224
nld,sex_t,age_ythadult_y15_24,geo_cov_nat,2011,18.122
nld,sex_t,age_ythadult_y15_24,geo_cov_nat,2012,19.686
nld,sex_t,age_ythadult_y15_24,geo_cov_nat,2013,21.608
nld,sex_t,age_ythadult_y15_24,geo_cov_nat,2014,21.933
nld,sex_t,age_ythadult_y15_24,geo_cov_nat,2015,19.396
nld,sex_t,age_ythadult_y15_24,geo_cov_nat,2016,18.916
nld,sex_t,age_ythadult_y15_24,geo_cov_nat,2017,16.333
nld,sex_t,age_ythadult_y15_24,geo_cov_nat,2018,14.055
nld,sex_t,age_ythadult_y15_24,geo_cov_nat,2019,12.887
nld,sex_t,age_ythadult_y15_24,geo_cov_nat,2020,16.494
nld,sex_t,age_ythadult_y15_24,geo_cov_nat,2021,15.062
nld,sex_t,age_ythadult_y15_24,geo_cov_nat,2022,12.334
nld,sex_t,age_ythadult_y15_24,geo_cov_nat,2023,12.775
nld,sex_t,age_ythadult_y15_24,geo_cov_nat,2024,13.392
nld,sex_t,age_ythadult_y15_24,geo_cov_rur,1998,20.021
nld,sex_t,age_ythadult_y15_24,geo_cov_rur,1999,20.314
nld,sex_t,age_ythadult_y15_24,geo_cov_rur,2000,7.336
nld,sex_t,age_ythadult_y15_24,geo_cov_rur,2001,11.002
nld,sex_t,age_ythadult_y15_24,geo_cov_rur,2002,8.535
nld,sex_t,age_ythadult_y15_24,geo_cov_rur,2003,9.308
nld,sex_t,age_ythadult_y15_24,geo_cov_rur,2004,16.9
nld,sex_t,age_ythadult_y15_24,geo_cov_rur,2005,19.871
nld,sex_t,age_ythadult_y15_24,geo_cov_rur,2006,18.448
nld,sex_t,age_ythadult_y15_24,geo_cov_rur,2007,17.631
nld,sex_t,age_ythadult_y15_24,geo_cov_rur,2008,18.212
nld,sex_t,age_ythadult_y15_24,geo_cov_rur,2009,11.348
nld,sex_t,age_ythadult_y15_24,geo_cov_rur,2010,16.452
nld,sex_t,age_ythadult_y15_24,geo_cov_rur,2011,13.43
nld,sex_t,age_ythadult_y15_24,geo_cov_rur,2012,15.015
nld,sex_t,age_ythadult_y15_24,geo_cov_rur,2013,18.373
nld,sex_t,age_ythadult_y15_24,geo_cov_rur,2014,18.181
nld,sex_t,age_ythadult_y15_24,geo_cov_rur,2015,17.964
nld,sex_t,age_ythadult_y15_24,geo_cov_rur,2016,12.407
nld,sex_t,age_ythadult_y15_24,geo_cov_rur,2017,12.53
nld,sex_t,age_ythadult_y15_24,geo_cov_rur,2018,10.925
nld,sex_t,age_ythadult_y15_24,geo_cov_rur,2019,11.818
nld,sex_t,age_ythadult_y15_24,geo_cov_rur,2020,12.593
nld,sex_t,age_ythadult_y15_24,geo_cov_rur,2021,8.43
nld,sex_t,age_ythadult_y15_24,geo_cov_rur,2022,5.846
nld,sex_t,age_ythadult_y15_24,geo_cov_rur,2023,8.107
nld,sex_t,age_ythadult_y15_24,geo_cov_rur,2024,8.579
nld,sex_t,age_ythadult_y15_24,geo_cov_urb,1998,16.788
nld,sex_t,age_ythadult_y15_24,geo_cov_urb,1999,14.303
nld,sex_t,age_ythadult_y15_24,geo_cov_urb,2000,11.18
nld,sex_t,age_ythadult_y15_24,geo_cov_urb,2001,9.724
nld,sex_t,age_ythadult_y15_24,geo_cov_urb,2002,10.033
nld,sex_t,age_ythadult_y15_24,geo_cov_urb,2003,12.76
nld,sex_t,age_ythadult_y15_24,geo_cov_urb,2004,14.925
nld,sex_t,age_ythadult_y15_24,geo_cov_urb,2005,21.184
nld,sex_t,age_ythadult_y15_24,geo_cov_urb,2006,19.129
nld,sex_t,age_ythadult_y15_24,geo_cov_urb,2007,16.478
nld,sex_t,age_ythadult_y15_24,geo_cov_urb,2008,15.263
nld,sex_t,age_ythadult_y15_24,geo_cov_urb,2009,17.652
nld,sex_t,age_ythadult_y15_24,geo_cov_urb,2010,19.285
nld,sex_t,age_ythadult_y15_24,geo_cov_urb,2011,18.217
nld,sex_t,age_ythadult_y15_24,geo_cov_urb,2012,20.488
nld,sex_t,age_ythadult_y15_24,geo_cov_urb,2013,22.152
nld,sex_t,age_ythadult_y15_24,geo_cov_urb,2014,22.577
nld,sex_t,age_ythadult_y15_24,geo_cov_urb,2015,19.629
nld,sex_t,age_ythadult_y15_24,geo_cov_urb,2016,19.627
nld,sex_t,age_ythadult_y15_24,geo_cov_urb,2017,16.768
nld,sex_t,age_ythadult_y15_24,geo_cov_urb,2018,14.454
nld,sex_t,age_ythadult_y15_24,geo_cov_urb,2019,13.019
nld,sex_t,age_ythadult_y15_24,geo_cov_urb,2020,16.948
nld,sex_t,age_ythadult_y15_24,geo_cov_urb,2021,15.511
nld,sex_t,age_ythadult_y15_24,geo_cov_urb,2022,12.78
nld,sex_t,age_ythadult_y15_24,geo_cov_urb,2023,13.058
nld,sex_t,age_ythadult_y15_24,geo_cov_urb,2024,13.692
nld,sex_t,age_ythadult_y15_64,geo_cov_nat,1998,8.975
nld,sex_t,age_ythadult_y15_64,geo_cov_nat,1999,7.688
nld,sex_t,age_ythadult_y15_64,geo_cov_nat,2000,6.127
nld,sex_t,age_ythadult_y15_64,geo_cov_nat,2001,4.735
nld,sex_t,age_ythadult_y15_64,geo_cov_nat,2002,5.4
nld,sex_t,age_ythadult_y15_64,geo_cov_nat,2003,6.763
nld,sex_t,age_ythadult_y15_64,geo_cov_nat,2004,7.906
nld,sex_t,age_ythadult_y15_64,geo_cov_nat,2005,9.898
nld,sex_t,age_ythadult_y15_64,geo_cov_nat,2006,9.715
nld,sex_t,age_ythadult_y15_64,geo_cov_nat,2007,7.974
nld,sex_t,age_ythadult_y15_64,geo_cov_nat,2008,7.157
nld,sex_t,age_ythadult_y15_64,geo_cov_nat,2009,8.021
nld,sex_t,age_ythadult_y15_64,geo_cov_nat,2010,8.783
nld,sex_t,age_ythadult_y15_64,geo_cov_nat,2011,8.766
nld,sex_t,age_ythadult_y15_64,geo_cov_nat,2012,9.76
nld,sex_t,age_ythadult_y15_64,geo_cov_nat,2013,11.77
nld,sex_t,age_ythadult_y15_64,geo_cov_nat,2014,11.976
nld,sex_t,age_ythadult_y15_64,geo_cov_nat,2015,11.336
nld,sex_t,age_ythadult_y15_64,geo_cov_nat,2016,10.224
nld,sex_t,age_ythadult_y15_64,geo_cov_nat,2017,8.844
nld,sex_t,age_ythadult_y15_64,geo_cov_nat,2018,7.488
nld,sex_t,age_ythadult_y15_64,geo_cov_nat,2019,6.579
nld,sex_t,age_ythadult_y15_64,geo_cov_nat,2020,7.298
nld,sex_t,age_ythadult_y15_64,geo_cov_nat,2021,7.088
nld,sex_t,age_ythadult_y15_64,geo_cov_nat,2022,5.844
nld,sex_t,age_ythadult_y15_64,geo_cov_nat,2023,5.799
nld,sex_t,age_ythadult_y15_64,geo_cov_nat,2024,5.917
nld,sex_t,age_ythadult_y15_64,geo_cov_rur,1998,8.81
nld,sex_t,age_ythadult_y15_64,geo_cov_rur,1999,10.109
nld,sex_t,age_ythadult_y15_64,geo_cov_rur,2000,5.394
nld,sex_t,age_ythadult_y15_64,geo_cov_rur,2001,5.296
nld,sex_t,age_ythadult_y15_64,geo_cov_rur,2002,5.84
nld,sex_t,age_ythadult_y15_64,geo_cov_rur,2003,5.965
nld,sex_t,age_ythadult_y15_64,geo_cov_rur,2004,7.445
nld,sex_t,age_ythadult_y15_64,geo_cov_rur,2005,9.635
nld,sex_t,age_ythadult_y15_64,geo_cov_rur,2006,7.724
nld,sex_t,age_ythadult_y15_64,geo_cov_rur,2007,8.597
nld,sex_t,age_ythadult_y15_64,geo_cov_rur,2008,7.241
nld,sex_t,age_ythadult_y15_64,geo_cov_rur,2009,6.145
nld,sex_t,age_ythadult_y15_64,geo_cov_rur,2010,8.983
nld,sex_t,age_ythadult_y15_64,geo_cov_rur,2011,7.584
nld,sex_t,age_ythadult_y15_64,geo_cov_rur,2012,7.38
nld,sex_t,age_ythadult_y15_64,geo_cov_rur,2013,9.743
nld,sex_t,age_ythadult_y15_64,geo_cov_rur,2014,9.458
nld,sex_t,age_ythadult_y15_64,geo_cov_rur,2015,9.365
nld,sex_t,age_ythadult_y15_64,geo_cov_rur,2016,7.867
nld,sex_t,age_ythadult_y15_64,geo_cov_rur,2017,7.188
nld,sex_t,age_ythadult_y15_64,geo_cov_rur,2018,5.524
nld,sex_t,age_ythadult_y15_64,geo_cov_rur,2019,4.715
nld,sex_t,age_ythadult_y15_64,geo_cov_rur,2020,5.018
nld,sex_t,age_ythadult_y15_64,geo_cov_rur,2021,4.734
nld,sex_t,age_ythadult_y15_64,geo_cov_rur,2022,3.679
nld,sex_t,age_ythadult_y15_64,geo_cov_rur,2023,3.788
nld,sex_t,age_ythadult_y15_64,geo_cov_rur,2024,4.001
nld,sex_t,age_ythadult_y15_64,geo_cov_urb,1998,8.981
nld,sex_t,age_ythadult_y15_64,geo_cov_urb,1999,7.595
nld,sex_t,age_ythadult_y15_64,geo_cov_urb,2000,6.149
nld,sex_t,age_ythadult_y15_64,geo_cov_urb,2001,4.719
nld,sex_t,age_ythadult_y15_64,geo_cov_urb,2002,5.386
nld,sex_t,age_ythadult_y15_64,geo_cov_urb,2003,6.785
nld,sex_t,age_ythadult_y15_64,geo_cov_urb,2004,7.917
nld,sex_t,age_ythadult_y15_64,geo_cov_urb,2005,9.905
nld,sex_t,age_ythadult_y15_64,geo_cov_urb,2006,9.759
nld,sex_t,age_ythadult_y15_64,geo_cov_urb,2007,7.96
nld,sex_t,age_ythadult_y15_64,geo_cov_urb,2008,7.155
nld,sex_t,age_ythadult_y15_64,geo_cov_urb,2009,8.058
nld,sex_t,age_ythadult_y15_64,geo_cov_urb,2010,8.778
nld,sex_t,age_ythadult_y15_64,geo_cov_urb,2011,8.791
nld,sex_t,age_ythadult_y15_64,geo_cov_urb,2012,10.158
nld,sex_t,age_ythadult_y15_64,geo_cov_urb,2013,12.109
nld,sex_t,age_ythadult_y15_64,geo_cov_urb,2014,12.395
nld,sex_t,age_ythadult_y15_64,geo_cov_urb,2015,11.655
nld,sex_t,age_ythadult_y15_64,geo_cov_urb,2016,10.477
nld,sex_t,age_ythadult_y15_64,geo_cov_urb,2017,9.018
nld,sex_t,age_ythadult_y15_64,geo_cov_urb,2018,7.709
nld,sex_t,age_ythadult_y15_64,geo_cov_urb,2019,6.791
nld,sex_t,age_ythadult_y15_64,geo_cov_urb,2020,7.548
nld,sex_t,age_ythadult_y15_64,geo_cov_urb,2021,7.242
nld,sex_t,age_ythadult_y15_64,geo_cov_urb,2022,5.98
nld,sex_t,age_ythadult_y15_64,geo_cov_urb,2023,5.926
nld,sex_t,age_ythadult_y15_64,geo_cov_urb,2024,6.037
nld,sex_t,age_ythadult_yge15,geo_cov_nat,1998,8.914
nld,sex_t,age_ythadult_yge15,geo_cov_nat,1999,7.638
nld,sex_t,age_ythadult_yge15,geo_cov_nat,2000,6.088
nld,sex_t,age_ythadult_yge15,geo_cov_nat,2001,4.881
nld,sex_t,age_ythadult_yge15,geo_cov_nat,2002,5.533
nld,sex_t,age_ythadult_yge15,geo_cov_nat,2003,6.977
nld,sex_t,age_ythadult_yge15,geo_cov_nat,2004,8.097
nld,sex_t,age_ythadult_yge15,geo_cov_nat,2005,10.022
nld,sex_t,age_ythadult_yge15,geo_cov_nat,2006,10.103
nld,sex_t,age_ythadult_yge15,geo_cov_nat,2007,8.288
nld,sex_t,age_ythadult_yge15,geo_cov_nat,2008,7.601
nld,sex_t,age_ythadult_yge15,geo_cov_nat,2009,8.312
nld,sex_t,age_ythadult_yge15,geo_cov_nat,2010,9.028
nld,sex_t,age_ythadult_yge15,geo_cov_nat,2011,9.005
nld,sex_t,age_ythadult_yge15,geo_cov_nat,2012,10.053
nld,sex_t,age_ythadult_yge15,geo_cov_nat,2013,12.131
nld,sex_t,age_ythadult_yge15,geo_cov_nat,2014,12.315
nld,sex_t,age_ythadult_yge15,geo_cov_nat,2015,11.758
nld,sex_t,age_ythadult_yge15,geo_cov_nat,2016,10.593
nld,sex_t,age_ythadult_yge15,geo_cov_nat,2017,9.038
nld,sex_t,age_ythadult_yge15,geo_cov_nat,2018,7.818
nld,sex_t,age_ythadult_yge15,geo_cov_nat,2019,6.849
nld,sex_t,age_ythadult_yge15,geo_cov_nat,2020,7.524
nld,sex_t,age_ythadult_yge15,geo_cov_nat,2021,7.319
nld,sex_t,age_ythadult_yge15,geo_cov_nat,2022,6.195
nld,sex_t,age_ythadult_yge15,geo_cov_nat,2023,6.089
nld,sex_t,age_ythadult_yge15,geo_cov_nat,2024,6.085
nld,sex_t,age_ythadult_yge15,geo_cov_rur,1998,8.68
nld,sex_t,age_ythadult_yge15,geo_cov_rur,1999,10.053
nld,sex_t,age_ythadult_yge15,geo_cov_rur,2000,5.386
nld,sex_t,age_ythadult_yge15,geo_cov_rur,2001,5.268
nld,sex_t,age_ythadult_yge15,geo_cov_rur,2002,5.813
nld,sex_t,age_ythadult_yge15,geo_cov_rur,2003,6.092
nld,sex_t,age_ythadult_yge15,geo_cov_rur,2004,7.559
nld,sex_t,age_ythadult_yge15,geo_cov_rur,2005,9.707
nld,sex_t,age_ythadult_yge15,geo_cov_rur,2006,8.148
nld,sex_t,age_ythadult_yge15,geo_cov_rur,2007,8.73
nld,sex_t,age_ythadult_yge15,geo_cov_rur,2008,7.541
nld,sex_t,age_ythadult_yge15,geo_cov_rur,2009,6.182
nld,sex_t,age_ythadult_yge15,geo_cov_rur,2010,9.374
nld,sex_t,age_ythadult_yge15,geo_cov_rur,2011,7.705
nld,sex_t,age_ythadult_yge15,geo_cov_rur,2012,7.548
nld,sex_t,age_ythadult_yge15,geo_cov_rur,2013,10.264
nld,sex_t,age_ythadult_yge15,geo_cov_rur,2014,9.925
nld,sex_t,age_ythadult_yge15,geo_cov_rur,2015,9.525
nld,sex_t,age_ythadult_yge15,geo_cov_rur,2016,8.296
nld,sex_t,age_ythadult_yge15,geo_cov_rur,2017,7.307
nld,sex_t,age_ythadult_yge15,geo_cov_rur,2018,5.718
nld,sex_t,age_ythadult_yge15,geo_cov_rur,2019,4.872
nld,sex_t,age_ythadult_yge15,geo_cov_rur,2020,5.301
nld,sex_t,age_ythadult_yge15,geo_cov_rur,2021,5.179
nld,sex_t,age_ythadult_yge15,geo_cov_rur,2022,4.072
nld,sex_t,age_ythadult_yge15,geo_cov_rur,2023,4.1
nld,sex_t,age_ythadult_yge15,geo_cov_rur,2024,4.324
nld,sex_t,age_ythadult_yge15,geo_cov_urb,1998,8.923
nld,sex_t,age_ythadult_yge15,geo_cov_urb,1999,7.546
nld,sex_t,age_ythadult_yge15,geo_cov_urb,2000,6.109
nld,sex_t,age_ythadult_yge15,geo_cov_urb,2001,4.87
nld,sex_t,age_ythadult_yge15,geo_cov_urb,2002,5.525
nld,sex_t,age_ythadult_yge15,geo_cov_urb,2003,7.001
nld,sex_t,age_ythadult_yge15,geo_cov_urb,2004,8.111
nld,sex_t,age_ythadult_yge15,geo_cov_urb,2005,10.031
nld,sex_t,age_ythadult_yge15,geo_cov_urb,2006,10.147
nld,sex_t,age_ythadult_yge15,geo_cov_urb,2007,8.278
nld,sex_t,age_ythadult_yge15,geo_cov_urb,2008,7.603
nld,sex_t,age_ythadult_yge15,geo_cov_urb,2009,8.355
nld,sex_t,age_ythadult_yge15,geo_cov_urb,2010,9.021
nld,sex_t,age_ythadult_yge15,geo_cov_urb,2011,9.033
nld,sex_t,age_ythadult_yge15,geo_cov_urb,2012,10.472
nld,sex_t,age_ythadult_yge15,geo_cov_urb,2013,12.446
nld,sex_t,age_ythadult_yge15,geo_cov_urb,2014,12.715
nld,sex_t,age_ythadult_yge15,geo_cov_urb,2015,12.121
nld,sex_t,age_ythadult_yge15,geo_cov_urb,2016,10.84
nld,sex_t,age_ythadult_yge15,geo_cov_urb,2017,9.221
nld,sex_t,age_ythadult_yge15,geo_cov_urb,2018,8.057
nld,sex_t,age_ythadult_yge15,geo_cov_urb,2019,7.074
nld,sex_t,age_ythadult_yge15,geo_cov_urb,2020,7.771
nld,sex_t,age_ythadult_yge15,geo_cov_urb,2021,7.46
nld,sex_t,age_ythadult_yge15,geo_cov_urb,2022,6.33
nld,sex_t,age_ythadult_yge15,geo_cov_urb,2023,6.216
nld,sex_t,age_ythadult_yge15,geo_cov_urb,2024,6.198
nld,sex_t,age_ythadult_yge25,geo_cov_nat,1998,7.296
nld,sex_t,age_ythadult_yge25,geo_cov_nat,1999,6.262
nld,sex_t,age_ythadult_yge25,geo_cov_nat,2000,5.06
nld,sex_t,age_ythadult_yge25,geo_cov_nat,2001,3.86
nld,sex_t,age_ythadult_yge25,geo_cov_nat,2002,4.612
nld,sex_t,age_ythadult_yge25,geo_cov_nat,2003,5.786
nld,sex_t,age_ythadult_yge25,geo_cov_nat,2004,6.68
nld,sex_t,age_ythadult_yge25,geo_cov_nat,2005,7.785
nld,sex_t,age_ythadult_yge25,geo_cov_nat,2006,8.331
nld,sex_t,age_ythadult_yge25,geo_cov_nat,2007,6.658
nld,sex_t,age_ythadult_yge25,geo_cov_nat,2008,6.068
nld,sex_t,age_ythadult_yge25,geo_cov_nat,2009,6.465
nld,sex_t,age_ythadult_yge25,geo_cov_nat,2010,7.006
nld,sex_t,age_ythadult_yge25,geo_cov_nat,2011,7.203
nld,sex_t,age_ythadult_yge25,geo_cov_nat,2012,8.137
nld,sex_t,age_ythadult_yge25,geo_cov_nat,2013,10.248
nld,sex_t,age_ythadult_yge25,geo_cov_nat,2014,10.427
nld,sex_t,age_ythadult_yge25,geo_cov_nat,2015,10.263
nld,sex_t,age_ythadult_yge25,geo_cov_nat,2016,8.956
nld,sex_t,age_ythadult_yge25,geo_cov_nat,2017,7.605
nld,sex_t,age_ythadult_yge25,geo_cov_nat,2018,6.597
nld,sex_t,age_ythadult_yge25,geo_cov_nat,2019,5.662
nld,sex_t,age_ythadult_yge25,geo_cov_nat,2020,5.767
nld,sex_t,age_ythadult_yge25,geo_cov_nat,2021,5.635
nld,sex_t,age_ythadult_yge25,geo_cov_nat,2022,4.838
nld,sex_t,age_ythadult_yge25,geo_cov_nat,2023,4.596
nld,sex_t,age_ythadult_yge25,geo_cov_nat,2024,4.463
nld,sex_t,age_ythadult_yge25,geo_cov_rur,1998,6.513
nld,sex_t,age_ythadult_yge25,geo_cov_rur,1999,8.081
nld,sex_t,age_ythadult_yge25,geo_cov_rur,2000,5
nld,sex_t,age_ythadult_yge25,geo_cov_rur,2001,3.974
nld,sex_t,age_ythadult_yge25,geo_cov_rur,2002,5.252
nld,sex_t,age_ythadult_yge25,geo_cov_rur,2003,5.406
nld,sex_t,age_ythadult_yge25,geo_cov_rur,2004,5.678
nld,sex_t,age_ythadult_yge25,geo_cov_rur,2005,7.506
nld,sex_t,age_ythadult_yge25,geo_cov_rur,2006,6.373
nld,sex_t,age_ythadult_yge25,geo_cov_rur,2007,7.098
nld,sex_t,age_ythadult_yge25,geo_cov_rur,2008,5.647
nld,sex_t,age_ythadult_yge25,geo_cov_rur,2009,5.273
nld,sex_t,age_ythadult_yge25,geo_cov_rur,2010,7.88
nld,sex_t,age_ythadult_yge25,geo_cov_rur,2011,6.625
nld,sex_t,age_ythadult_yge25,geo_cov_rur,2012,6.025
nld,sex_t,age_ythadult_yge25,geo_cov_rur,2013,8.66
nld,sex_t,age_ythadult_yge25,geo_cov_rur,2014,8.264
nld,sex_t,age_ythadult_yge25,geo_cov_rur,2015,7.872
nld,sex_t,age_ythadult_yge25,geo_cov_rur,2016,7.473
nld,sex_t,age_ythadult_yge25,geo_cov_rur,2017,6.185
nld,sex_t,age_ythadult_yge25,geo_cov_rur,2018,4.566
nld,sex_t,age_ythadult_yge25,geo_cov_rur,2019,3.376
nld,sex_t,age_ythadult_yge25,geo_cov_rur,2020,3.799
nld,sex_t,age_ythadult_yge25,geo_cov_rur,2021,4.454
nld,sex_t,age_ythadult_yge25,geo_cov_rur,2022,3.644
nld,sex_t,age_ythadult_yge25,geo_cov_rur,2023,3.258
nld,sex_t,age_ythadult_yge25,geo_cov_rur,2024,3.405
nld,sex_t,age_ythadult_yge25,geo_cov_urb,1998,7.326
nld,sex_t,age_ythadult_yge25,geo_cov_urb,1999,6.192
nld,sex_t,age_ythadult_yge25,geo_cov_urb,2000,5.062
nld,sex_t,age_ythadult_yge25,geo_cov_urb,2001,3.857
nld,sex_t,age_ythadult_yge25,geo_cov_urb,2002,4.593
nld,sex_t,age_ythadult_yge25,geo_cov_urb,2003,5.796
nld,sex_t,age_ythadult_yge25,geo_cov_urb,2004,6.706
nld,sex_t,age_ythadult_yge25,geo_cov_urb,2005,7.793
nld,sex_t,age_ythadult_yge25,geo_cov_urb,2006,8.376
nld,sex_t,age_ythadult_yge25,geo_cov_urb,2007,6.648
nld,sex_t,age_ythadult_yge25,geo_cov_urb,2008,6.077
nld,sex_t,age_ythadult_yge25,geo_cov_urb,2009,6.489
nld,sex_t,age_ythadult_yge25,geo_cov_urb,2010,6.988
nld,sex_t,age_ythadult_yge25,geo_cov_urb,2011,7.215
nld,sex_t,age_ythadult_yge25,geo_cov_urb,2012,8.489
nld,sex_t,age_ythadult_yge25,geo_cov_urb,2013,10.517
nld,sex_t,age_ythadult_yge25,geo_cov_urb,2014,10.788
nld,sex_t,age_ythadult_yge25,geo_cov_urb,2015,10.651
nld,sex_t,age_ythadult_yge25,geo_cov_urb,2016,9.115
nld,sex_t,age_ythadult_yge25,geo_cov_urb,2017,7.752
nld,sex_t,age_ythadult_yge25,geo_cov_urb,2018,6.822
nld,sex_t,age_ythadult_yge25,geo_cov_urb,2019,5.918
nld,sex_t,age_ythadult_yge25,geo_cov_urb,2020,5.984
nld,sex_t,age_ythadult_yge25,geo_cov_urb,2021,5.712
nld,sex_t,age_ythadult_yge25,geo_cov_urb,2022,4.913
nld,sex_t,age_ythadult_yge25,geo_cov_urb,2023,4.683
nld,sex_t,age_ythadult_yge25,geo_cov_urb,2024,4.531
nor,sex_f,age_aggregate_total,geo_cov_nat,2005,7.481
nor,sex_f,age_aggregate_total,geo_cov_nat,2010,5.431
nor,sex_f,age_aggregate_total,geo_cov_nat,2011,5.932
nor,sex_f,age_aggregate_total,geo_cov_nat,2012,5.831
nor,sex_f,age_aggregate_total,geo_cov_nat,2013,6.305
nor,sex_f,age_aggregate_total,geo_cov_nat,2014,5.489
nor,sex_f,age_aggregate_total,geo_cov_nat,2015,6.971
nor,sex_f,age_aggregate_total,geo_cov_nat,2016,6.802
nor,sex_f,age_aggregate_total,geo_cov_nat,2017,6.574
nor,sex_f,age_aggregate_total,geo_cov_nat,2018,6.54
nor,sex_f,age_aggregate_total,geo_cov_nat,2019,6.372
nor,sex_f,age_aggregate_total,geo_cov_nat,2020,7.459
nor,sex_f,age_aggregate_total,geo_cov_nat,2021,7.291
nor,sex_f,age_aggregate_total,geo_cov_nat,2022,6.274
nor,sex_f,age_aggregate_total,geo_cov_nat,2023,6.046
nor,sex_f,age_aggregate_total,geo_cov_nat,2024,6.94
nor,sex_f,age_aggregate_total,geo_cov_rur,2005,7.411
nor,sex_f,age_aggregate_total,geo_cov_rur,2010,5.206
nor,sex_f,age_aggregate_total,geo_cov_rur,2011,5.862
nor,sex_f,age_aggregate_total,geo_cov_rur,2012,6.096
nor,sex_f,age_aggregate_total,geo_cov_rur,2013,5.563
nor,sex_f,age_aggregate_total,geo_cov_rur,2014,5.357
nor,sex_f,age_aggregate_total,geo_cov_rur,2015,5.897
nor,sex_f,age_aggregate_total,geo_cov_rur,2016,6.17
nor,sex_f,age_aggregate_total,geo_cov_rur,2017,6.407
nor,sex_f,age_aggregate_total,geo_cov_rur,2018,5.749
nor,sex_f,age_aggregate_total,geo_cov_rur,2019,6.024
nor,sex_f,age_aggregate_total,geo_cov_rur,2020,6.819
nor,sex_f,age_aggregate_total,geo_cov_rur,2021,6.517
nor,sex_f,age_aggregate_total,geo_cov_rur,2022,4.671
nor,sex_f,age_aggregate_total,geo_cov_rur,2023,4.446
nor,sex_f,age_aggregate_total,geo_cov_rur,2024,4.528
nor,sex_f,age_aggregate_total,geo_cov_urb,2005,7.6
nor,sex_f,age_aggregate_total,geo_cov_urb,2010,5.672
nor,sex_f,age_aggregate_total,geo_cov_urb,2011,6.01
nor,sex_f,age_aggregate_total,geo_cov_urb,2012,5.668
nor,sex_f,age_aggregate_total,geo_cov_urb,2013,6.755
nor,sex_f,age_aggregate_total,geo_cov_urb,2014,5.568
nor,sex_f,age_aggregate_total,geo_cov_urb,2015,7.61
nor,sex_f,age_aggregate_total,geo_cov_urb,2016,7.179
nor,sex_f,age_aggregate_total,geo_cov_urb,2017,6.673
nor,sex_f,age_aggregate_total,geo_cov_urb,2018,7.062
nor,sex_f,age_aggregate_total,geo_cov_urb,2019,6.6
nor,sex_f,age_aggregate_total,geo_cov_urb,2020,8.001
nor,sex_f,age_aggregate_total,geo_cov_urb,2021,7.573
nor,sex_f,age_aggregate_total,geo_cov_urb,2022,6.854
nor,sex_f,age_aggregate_total,geo_cov_urb,2023,6.646
nor,sex_f,age_aggregate_total,geo_cov_urb,2024,7.758
nor,sex_f,age_aggregate_y15_24,geo_cov_nat,2005,19.525
nor,sex_f,age_aggregate_y15_24,geo_cov_nat,2010,14.503
nor,sex_f,age_aggregate_y15_24,geo_cov_nat,2011,16.362
nor,sex_f,age_aggregate_y15_24,geo_cov_nat,2012,16.475
nor,sex_f,age_aggregate_y15_24,geo_cov_nat,2013,15.312
nor,sex_f,age_aggregate_y15_24,geo_cov_nat,2014,13.734
nor,sex_f,age_aggregate_y15_24,geo_cov_nat,2015,17.273
nor,sex_f,age_aggregate_y15_24,geo_cov_nat,2016,18.294
nor,sex_f,age_aggregate_y15_24,geo_cov_nat,2017,17.86
nor,sex_f,age_aggregate_y15_24,geo_cov_nat,2018,18.076
nor,sex_f,age_aggregate_y15_24,geo_cov_nat,2019,16.5
nor,sex_f,age_aggregate_y15_24,geo_cov_nat,2020,19.766
nor,sex_f,age_aggregate_y15_24,geo_cov_nat,2021,21.736
nor,sex_f,age_aggregate_y15_24,geo_cov_nat,2022,18.162
nor,sex_f,age_aggregate_y15_24,geo_cov_nat,2023,19.668
nor,sex_f,age_aggregate_y15_24,geo_cov_nat,2024,20.538
nor,sex_f,age_aggregate_y15_24,geo_cov_rur,2005,19.726
nor,sex_f,age_aggregate_y15_24,geo_cov_rur,2010,15.225
nor,sex_f,age_aggregate_y15_24,geo_cov_rur,2011,16.741
nor,sex_f,age_aggregate_y15_24,geo_cov_rur,2012,17.876
nor,sex_f,age_aggregate_y15_24,geo_cov_rur,2013,13.49
nor,sex_f,age_aggregate_y15_24,geo_cov_rur,2014,14.005
nor,sex_f,age_aggregate_y15_24,geo_cov_rur,2015,16.388
nor,sex_f,age_aggregate_y15_24,geo_cov_rur,2016,17.583
nor,sex_f,age_aggregate_y15_24,geo_cov_rur,2017,17.191
nor,sex_f,age_aggregate_y15_24,geo_cov_rur,2018,17.185
nor,sex_f,age_aggregate_y15_24,geo_cov_rur,2019,18.317
nor,sex_f,age_aggregate_y15_24,geo_cov_rur,2020,18.091
nor,sex_f,age_aggregate_y15_24,geo_cov_rur,2021,20.451
nor,sex_f,age_aggregate_y15_24,geo_cov_rur,2022,14.751
nor,sex_f,age_aggregate_y15_24,geo_cov_rur,2023,14.961
nor,sex_f,age_aggregate_y15_24,geo_cov_rur,2024,9.72
nor,sex_f,age_aggregate_y15_24,geo_cov_urb,2005,19.235
nor,sex_f,age_aggregate_y15_24,geo_cov_urb,2010,13.685
nor,sex_f,age_aggregate_y15_24,geo_cov_urb,2011,15.901
nor,sex_f,age_aggregate_y15_24,geo_cov_urb,2012,15.668
nor,sex_f,age_aggregate_y15_24,geo_cov_urb,2013,16.343
nor,sex_f,age_aggregate_y15_24,geo_cov_urb,2014,13.569
nor,sex_f,age_aggregate_y15_24,geo_cov_urb,2015,17.768
nor,sex_f,age_aggregate_y15_24,geo_cov_urb,2016,18.728
nor,sex_f,age_aggregate_y15_24,geo_cov_urb,2017,18.237
nor,sex_f,age_aggregate_y15_24,geo_cov_urb,2018,18.673
nor,sex_f,age_aggregate_y15_24,geo_cov_urb,2019,15.382
nor,sex_f,age_aggregate_y15_24,geo_cov_urb,2020,21.314
nor,sex_f,age_aggregate_y15_24,geo_cov_urb,2021,22.209
nor,sex_f,age_aggregate_y15_24,geo_cov_urb,2022,19.454
nor,sex_f,age_aggregate_y15_24,geo_cov_urb,2023,21.549
nor,sex_f,age_aggregate_y15_24,geo_cov_urb,2024,24.483
nor,sex_f,age_aggregate_y25_54,geo_cov_nat,2005,5.632
nor,sex_f,age_aggregate_y25_54,geo_cov_nat,2010,4.08
nor,sex_f,age_aggregate_y25_54,geo_cov_nat,2011,4.197
nor,sex_f,age_aggregate_y25_54,geo_cov_nat,2012,4.154
nor,sex_f,age_aggregate_y25_54,geo_cov_nat,2013,4.969
nor,sex_f,age_aggregate_y25_54,geo_cov_nat,2014,4.41
nor,sex_f,age_aggregate_y25_54,geo_cov_nat,2015,5.729
nor,sex_f,age_aggregate_y25_54,geo_cov_nat,2016,5.479
nor,sex_f,age_aggregate_y25_54,geo_cov_nat,2017,5.234
nor,sex_f,age_aggregate_y25_54,geo_cov_nat,2018,5.097
nor,sex_f,age_aggregate_y25_54,geo_cov_nat,2019,5.143
nor,sex_f,age_aggregate_y25_54,geo_cov_nat,2020,5.948
nor,sex_f,age_aggregate_y25_54,geo_cov_nat,2021,5.236
nor,sex_f,age_aggregate_y25_54,geo_cov_nat,2022,3.859
nor,sex_f,age_aggregate_y25_54,geo_cov_nat,2023,3.935
nor,sex_f,age_aggregate_y25_54,geo_cov_nat,2024,4.684
nor,sex_f,age_aggregate_y25_54,geo_cov_rur,2005,5.38
nor,sex_f,age_aggregate_y25_54,geo_cov_rur,2010,3.672
nor,sex_f,age_aggregate_y25_54,geo_cov_rur,2011,4.059
nor,sex_f,age_aggregate_y25_54,geo_cov_rur,2012,4.478
nor,sex_f,age_aggregate_y25_54,geo_cov_rur,2013,4.329
nor,sex_f,age_aggregate_y25_54,geo_cov_rur,2014,4.133
nor,sex_f,age_aggregate_y25_54,geo_cov_rur,2015,4.473
nor,sex_f,age_aggregate_y25_54,geo_cov_rur,2016,5.09
nor,sex_f,age_aggregate_y25_54,geo_cov_rur,2017,4.817
nor,sex_f,age_aggregate_y25_54,geo_cov_rur,2018,4.29
nor,sex_f,age_aggregate_y25_54,geo_cov_rur,2019,4.589
nor,sex_f,age_aggregate_y25_54,geo_cov_rur,2020,5.132
nor,sex_f,age_aggregate_y25_54,geo_cov_rur,2021,4.374
nor,sex_f,age_aggregate_y25_54,geo_cov_rur,2022,3.049
nor,sex_f,age_aggregate_y25_54,geo_cov_rur,2023,3.064
nor,sex_f,age_aggregate_y25_54,geo_cov_rur,2024,4.21
nor,sex_f,age_aggregate_y25_54,geo_cov_urb,2005,5.995
nor,sex_f,age_aggregate_y25_54,geo_cov_urb,2010,4.492
nor,sex_f,age_aggregate_y25_54,geo_cov_urb,2011,4.34
nor,sex_f,age_aggregate_y25_54,geo_cov_urb,2012,3.958
nor,sex_f,age_aggregate_y25_54,geo_cov_urb,2013,5.348
nor,sex_f,age_aggregate_y25_54,geo_cov_urb,2014,4.567
nor,sex_f,age_aggregate_y25_54,geo_cov_urb,2015,6.445
nor,sex_f,age_aggregate_y25_54,geo_cov_urb,2016,5.702
nor,sex_f,age_aggregate_y25_54,geo_cov_urb,2017,5.477
nor,sex_f,age_aggregate_y25_54,geo_cov_urb,2018,5.606
nor,sex_f,age_aggregate_y25_54,geo_cov_urb,2019,5.493
nor,sex_f,age_aggregate_y25_54,geo_cov_urb,2020,6.611
nor,sex_f,age_aggregate_y25_54,geo_cov_urb,2021,5.525
nor,sex_f,age_aggregate_y25_54,geo_cov_urb,2022,4.128
nor,sex_f,age_aggregate_y25_54,geo_cov_urb,2023,4.222
nor,sex_f,age_aggregate_y25_54,geo_cov_urb,2024,4.827
nor,sex_f,age_aggregate_y55_64,geo_cov_nat,2005,3.626
nor,sex_f,age_aggregate_y55_64,geo_cov_nat,2010,2.308
nor,sex_f,age_aggregate_y55_64,geo_cov_nat,2011,2.284
nor,sex_f,age_aggregate_y55_64,geo_cov_nat,2012,1.997
nor,sex_f,age_aggregate_y55_64,geo_cov_nat,2013,2.589
nor,sex_f,age_aggregate_y55_64,geo_cov_nat,2014,2.294
nor,sex_f,age_aggregate_y55_64,geo_cov_nat,2015,2.573
nor,sex_f,age_aggregate_y55_64,geo_cov_nat,2016,2.173
nor,sex_f,age_aggregate_y55_64,geo_cov_nat,2017,2.487
nor,sex_f,age_aggregate_y55_64,geo_cov_nat,2018,2.929
nor,sex_f,age_aggregate_y55_64,geo_cov_nat,2019,2.701
nor,sex_f,age_aggregate_y55_64,geo_cov_nat,2020,3.105
nor,sex_f,age_aggregate_y55_64,geo_cov_nat,2021,2.355
nor,sex_f,age_aggregate_y55_64,geo_cov_nat,2022,3.788
nor,sex_f,age_aggregate_y55_64,geo_cov_nat,2023,1.11
nor,sex_f,age_aggregate_y55_64,geo_cov_nat,2024,3.409
nor,sex_f,age_aggregate_y55_64,geo_cov_rur,2005,3.578
nor,sex_f,age_aggregate_y55_64,geo_cov_rur,2010,1.827
nor,sex_f,age_aggregate_y55_64,geo_cov_rur,2011,2.002
nor,sex_f,age_aggregate_y55_64,geo_cov_rur,2012,1.528
nor,sex_f,age_aggregate_y55_64,geo_cov_rur,2013,3.258
nor,sex_f,age_aggregate_y55_64,geo_cov_rur,2014,2.069
nor,sex_f,age_aggregate_y55_64,geo_cov_rur,2015,2.379
nor,sex_f,age_aggregate_y55_64,geo_cov_rur,2016,1.101
nor,sex_f,age_aggregate_y55_64,geo_cov_rur,2017,3.929
nor,sex_f,age_aggregate_y55_64,geo_cov_rur,2018,2.004
nor,sex_f,age_aggregate_y55_64,geo_cov_rur,2019,2.057
nor,sex_f,age_aggregate_y55_64,geo_cov_rur,2020,3.515
nor,sex_f,age_aggregate_y55_64,geo_cov_rur,2021,1.807
nor,sex_f,age_aggregate_y55_64,geo_cov_rur,2022,1.492
nor,sex_f,age_aggregate_y55_64,geo_cov_rur,2024,2.014
nor,sex_f,age_aggregate_y55_64,geo_cov_urb,2005,3.709
nor,sex_f,age_aggregate_y55_64,geo_cov_urb,2010,2.95
nor,sex_f,age_aggregate_y55_64,geo_cov_urb,2011,2.638
nor,sex_f,age_aggregate_y55_64,geo_cov_urb,2012,2.31
nor,sex_f,age_aggregate_y55_64,geo_cov_urb,2013,2.131
nor,sex_f,age_aggregate_y55_64,geo_cov_urb,2014,2.456
nor,sex_f,age_aggregate_y55_64,geo_cov_urb,2015,2.716
nor,sex_f,age_aggregate_y55_64,geo_cov_urb,2016,2.918
nor,sex_f,age_aggregate_y55_64,geo_cov_urb,2017,1.569
nor,sex_f,age_aggregate_y55_64,geo_cov_urb,2018,3.622
nor,sex_f,age_aggregate_y55_64,geo_cov_urb,2019,3.206
nor,sex_f,age_aggregate_y55_64,geo_cov_urb,2020,2.739
nor,sex_f,age_aggregate_y55_64,geo_cov_urb,2021,2.612
nor,sex_f,age_aggregate_y55_64,geo_cov_urb,2022,4.805
nor,sex_f,age_aggregate_y55_64,geo_cov_urb,2023,1.563
nor,sex_f,age_aggregate_y55_64,geo_cov_urb,2024,4.046
nor,sex_f,age_aggregate_yge65,geo_cov_nat,2005,9.029
nor,sex_f,age_aggregate_yge65,geo_cov_nat,2010,6.115
nor,sex_f,age_aggregate_yge65,geo_cov_nat,2011,10.069
nor,sex_f,age_aggregate_yge65,geo_cov_nat,2012,5.956
nor,sex_f,age_aggregate_yge65,geo_cov_nat,2013,8.156
nor,sex_f,age_aggregate_yge65,geo_cov_nat,2014,4.826
nor,sex_f,age_aggregate_yge65,geo_cov_nat,2015,5.912
nor,sex_f,age_aggregate_yge65,geo_cov_nat,2016,4.394
nor,sex_f,age_aggregate_yge65,geo_cov_nat,2017,4.637
nor,sex_f,age_aggregate_yge65,geo_cov_nat,2018,2.995
nor,sex_f,age_aggregate_yge65,geo_cov_nat,2019,6.088
nor,sex_f,age_aggregate_yge65,geo_cov_nat,2020,6.514
nor,sex_f,age_aggregate_yge65,geo_cov_nat,2021,4.493
nor,sex_f,age_aggregate_yge65,geo_cov_nat,2022,7.796
nor,sex_f,age_aggregate_yge65,geo_cov_nat,2023,4.39
nor,sex_f,age_aggregate_yge65,geo_cov_nat,2024,2.012
nor,sex_f,age_aggregate_yge65,geo_cov_rur,2005,10.297
nor,sex_f,age_aggregate_yge65,geo_cov_rur,2010,6.037
nor,sex_f,age_aggregate_yge65,geo_cov_rur,2011,7.555
nor,sex_f,age_aggregate_yge65,geo_cov_rur,2013,5.737
nor,sex_f,age_aggregate_yge65,geo_cov_rur,2014,6.473
nor,sex_f,age_aggregate_yge65,geo_cov_rur,2015,6.936
nor,sex_f,age_aggregate_yge65,geo_cov_rur,2017,5.676
nor,sex_f,age_aggregate_yge65,geo_cov_rur,2019,5.663
nor,sex_f,age_aggregate_yge65,geo_cov_rur,2020,6.187
nor,sex_f,age_aggregate_yge65,geo_cov_rur,2021,6.9
nor,sex_f,age_aggregate_yge65,geo_cov_urb,2005,7.333
nor,sex_f,age_aggregate_yge65,geo_cov_urb,2010,6.211
nor,sex_f,age_aggregate_yge65,geo_cov_urb,2011,13.13
nor,sex_f,age_aggregate_yge65,geo_cov_urb,2012,5.888
nor,sex_f,age_aggregate_yge65,geo_cov_urb,2013,10.149
nor,sex_f,age_aggregate_yge65,geo_cov_urb,2015,5.289
nor,sex_f,age_aggregate_yge65,geo_cov_urb,2016,5.695
nor,sex_f,age_aggregate_yge65,geo_cov_urb,2017,3.974
nor,sex_f,age_aggregate_yge65,geo_cov_urb,2019,6.431
nor,sex_f,age_aggregate_yge65,geo_cov_urb,2021,3.418
nor,sex_f,age_aggregate_yge65,geo_cov_urb,2022,10.107
nor,sex_f,age_ythadult_y15_24,geo_cov_nat,2005,19.525
nor,sex_f,age_ythadult_y15_24,geo_cov_nat,2010,14.503
nor,sex_f,age_ythadult_y15_24,geo_cov_nat,2011,16.362
nor,sex_f,age_ythadult_y15_24,geo_cov_nat,2012,16.475
nor,sex_f,age_ythadult_y15_24,geo_cov_nat,2013,15.312
nor,sex_f,age_ythadult_y15_24,geo_cov_nat,2014,13.734
nor,sex_f,age_ythadult_y15_24,geo_cov_nat,2015,17.273
nor,sex_f,age_ythadult_y15_24,geo_cov_nat,2016,18.294
nor,sex_f,age_ythadult_y15_24,geo_cov_nat,2017,17.86
nor,sex_f,age_ythadult_y15_24,geo_cov_nat,2018,18.076
nor,sex_f,age_ythadult_y15_24,geo_cov_nat,2019,16.5
nor,sex_f,age_ythadult_y15_24,geo_cov_nat,2020,19.766
nor,sex_f,age_ythadult_y15_24,geo_cov_nat,2021,21.736
nor,sex_f,age_ythadult_y15_24,geo_cov_nat,2022,18.162
nor,sex_f,age_ythadult_y15_24,geo_cov_nat,2023,19.668
nor,sex_f,age_ythadult_y15_24,geo_cov_nat,2024,20.538
nor,sex_f,age_ythadult_y15_24,geo_cov_rur,2005,19.726
nor,sex_f,age_ythadult_y15_24,geo_cov_rur,2010,15.225
nor,sex_f,age_ythadult_y15_24,geo_cov_rur,2011,16.741
nor,sex_f,age_ythadult_y15_24,geo_cov_rur,2012,17.876
nor,sex_f,age_ythadult_y15_24,geo_cov_rur,2013,13.49
nor,sex_f,age_ythadult_y15_24,geo_cov_rur,2014,14.005
nor,sex_f,age_ythadult_y15_24,geo_cov_rur,2015,16.388
nor,sex_f,age_ythadult_y15_24,geo_cov_rur,2016,17.583
nor,sex_f,age_ythadult_y15_24,geo_cov_rur,2017,17.191
nor,sex_f,age_ythadult_y15_24,geo_cov_rur,2018,17.185
nor,sex_f,age_ythadult_y15_24,geo_cov_rur,2019,18.317
nor,sex_f,age_ythadult_y15_24,geo_cov_rur,2020,18.091
nor,sex_f,age_ythadult_y15_24,geo_cov_rur,2021,20.451
nor,sex_f,age_ythadult_y15_24,geo_cov_rur,2022,14.751
nor,sex_f,age_ythadult_y15_24,geo_cov_rur,2023,14.961
nor,sex_f,age_ythadult_y15_24,geo_cov_rur,2024,9.72
nor,sex_f,age_ythadult_y15_24,geo_cov_urb,2005,19.235
nor,sex_f,age_ythadult_y15_24,geo_cov_urb,2010,13.685
nor,sex_f,age_ythadult_y15_24,geo_cov_urb,2011,15.901
nor,sex_f,age_ythadult_y15_24,geo_cov_urb,2012,15.668
nor,sex_f,age_ythadult_y15_24,geo_cov_urb,2013,16.343
nor,sex_f,age_ythadult_y15_24,geo_cov_urb,2014,13.569
nor,sex_f,age_ythadult_y15_24,geo_cov_urb,2015,17.768
nor,sex_f,age_ythadult_y15_24,geo_cov_urb,2016,18.728
nor,sex_f,age_ythadult_y15_24,geo_cov_urb,2017,18.237
nor,sex_f,age_ythadult_y15_24,geo_cov_urb,2018,18.673
nor,sex_f,age_ythadult_y15_24,geo_cov_urb,2019,15.382
nor,sex_f,age_ythadult_y15_24,geo_cov_urb,2020,21.314
nor,sex_f,age_ythadult_y15_24,geo_cov_urb,2021,22.209
nor,sex_f,age_ythadult_y15_24,geo_cov_urb,2022,19.454
nor,sex_f,age_ythadult_y15_24,geo_cov_urb,2023,21.549
nor,sex_f,age_ythadult_y15_24,geo_cov_urb,2024,24.483
nor,sex_f,age_ythadult_y15_64,geo_cov_nat,2005,7.456
nor,sex_f,age_ythadult_y15_64,geo_cov_nat,2010,5.413
nor,sex_f,age_ythadult_y15_64,geo_cov_nat,2011,5.81
nor,sex_f,age_ythadult_y15_64,geo_cov_nat,2012,5.827
nor,sex_f,age_ythadult_y15_64,geo_cov_nat,2013,6.251
nor,sex_f,age_ythadult_y15_64,geo_cov_nat,2014,5.513
nor,sex_f,age_ythadult_y15_64,geo_cov_nat,2015,7.005
nor,sex_f,age_ythadult_y15_64,geo_cov_nat,2016,6.871
nor,sex_f,age_ythadult_y15_64,geo_cov_nat,2017,6.632
nor,sex_f,age_ythadult_y15_64,geo_cov_nat,2018,6.655
nor,sex_f,age_ythadult_y15_64,geo_cov_nat,2019,6.381
nor,sex_f,age_ythadult_y15_64,geo_cov_nat,2020,7.485
nor,sex_f,age_ythadult_y15_64,geo_cov_nat,2021,7.423
nor,sex_f,age_ythadult_y15_64,geo_cov_nat,2022,6.209
nor,sex_f,age_ythadult_y15_64,geo_cov_nat,2023,6.11
nor,sex_f,age_ythadult_y15_64,geo_cov_nat,2024,7.124
nor,sex_f,age_ythadult_y15_64,geo_cov_rur,2005,7.366
nor,sex_f,age_ythadult_y15_64,geo_cov_rur,2010,5.184
nor,sex_f,age_ythadult_y15_64,geo_cov_rur,2011,5.809
nor,sex_f,age_ythadult_y15_64,geo_cov_rur,2012,6.098
nor,sex_f,age_ythadult_y15_64,geo_cov_rur,2013,5.557
nor,sex_f,age_ythadult_y15_64,geo_cov_rur,2014,5.306
nor,sex_f,age_ythadult_y15_64,geo_cov_rur,2015,5.864
nor,sex_f,age_ythadult_y15_64,geo_cov_rur,2016,6.284
nor,sex_f,age_ythadult_y15_64,geo_cov_rur,2017,6.43
nor,sex_f,age_ythadult_y15_64,geo_cov_rur,2018,5.812
nor,sex_f,age_ythadult_y15_64,geo_cov_rur,2019,6.037
nor,sex_f,age_ythadult_y15_64,geo_cov_rur,2020,6.839
nor,sex_f,age_ythadult_y15_64,geo_cov_rur,2021,6.496
nor,sex_f,age_ythadult_y15_64,geo_cov_rur,2022,4.759
nor,sex_f,age_ythadult_y15_64,geo_cov_rur,2023,4.573
nor,sex_f,age_ythadult_y15_64,geo_cov_rur,2024,4.723
nor,sex_f,age_ythadult_y15_64,geo_cov_urb,2005,7.604
nor,sex_f,age_ythadult_y15_64,geo_cov_urb,2010,5.66
nor,sex_f,age_ythadult_y15_64,geo_cov_urb,2011,5.811
nor,sex_f,age_ythadult_y15_64,geo_cov_urb,2012,5.662
nor,sex_f,age_ythadult_y15_64,geo_cov_urb,2013,6.669
nor,sex_f,age_ythadult_y15_64,geo_cov_urb,2014,5.636
nor,sex_f,age_ythadult_y15_64,geo_cov_urb,2015,7.682
nor,sex_f,age_ythadult_y15_64,geo_cov_urb,2016,7.221
nor,sex_f,age_ythadult_y15_64,geo_cov_urb,2017,6.751
nor,sex_f,age_ythadult_y15_64,geo_cov_urb,2018,7.207
nor,sex_f,age_ythadult_y15_64,geo_cov_urb,2019,6.605
nor,sex_f,age_ythadult_y15_64,geo_cov_urb,2020,8.028
nor,sex_f,age_ythadult_y15_64,geo_cov_urb,2021,7.758
nor,sex_f,age_ythadult_y15_64,geo_cov_urb,2022,6.727
nor,sex_f,age_ythadult_y15_64,geo_cov_urb,2023,6.682
nor,sex_f,age_ythadult_y15_64,geo_cov_urb,2024,7.93
nor,sex_f,age_ythadult_yge15,geo_cov_nat,2005,7.481
nor,sex_f,age_ythadult_yge15,geo_cov_nat,2010,5.431
nor,sex_f,age_ythadult_yge15,geo_cov_nat,2011,5.932
nor,sex_f,age_ythadult_yge15,geo_cov_nat,2012,5.831
nor,sex_f,age_ythadult_yge15,geo_cov_nat,2013,6.305
nor,sex_f,age_ythadult_yge15,geo_cov_nat,2014,5.489
nor,sex_f,age_ythadult_yge15,geo_cov_nat,2015,6.971
nor,sex_f,age_ythadult_yge15,geo_cov_nat,2016,6.802
nor,sex_f,age_ythadult_yge15,geo_cov_nat,2017,6.574
nor,sex_f,age_ythadult_yge15,geo_cov_nat,2018,6.54
nor,sex_f,age_ythadult_yge15,geo_cov_nat,2019,6.372
nor,sex_f,age_ythadult_yge15,geo_cov_nat,2020,7.459
nor,sex_f,age_ythadult_yge15,geo_cov_nat,2021,7.291
nor,sex_f,age_ythadult_yge15,geo_cov_nat,2022,6.274
nor,sex_f,age_ythadult_yge15,geo_cov_nat,2023,6.046
nor,sex_f,age_ythadult_yge15,geo_cov_nat,2024,6.94
nor,sex_f,age_ythadult_yge15,geo_cov_rur,2005,7.411
nor,sex_f,age_ythadult_yge15,geo_cov_rur,2010,5.206
nor,sex_f,age_ythadult_yge15,geo_cov_rur,2011,5.862
nor,sex_f,age_ythadult_yge15,geo_cov_rur,2012,6.096
nor,sex_f,age_ythadult_yge15,geo_cov_rur,2013,5.563
nor,sex_f,age_ythadult_yge15,geo_cov_rur,2014,5.357
nor,sex_f,age_ythadult_yge15,geo_cov_rur,2015,5.897
nor,sex_f,age_ythadult_yge15,geo_cov_rur,2016,6.17
nor,sex_f,age_ythadult_yge15,geo_cov_rur,2017,6.407
nor,sex_f,age_ythadult_yge15,geo_cov_rur,2018,5.749
nor,sex_f,age_ythadult_yge15,geo_cov_rur,2019,6.024
nor,sex_f,age_ythadult_yge15,geo_cov_rur,2020,6.819
nor,sex_f,age_ythadult_yge15,geo_cov_rur,2021,6.517
nor,sex_f,age_ythadult_yge15,geo_cov_rur,2022,4.671
nor,sex_f,age_ythadult_yge15,geo_cov_rur,2023,4.446
nor,sex_f,age_ythadult_yge15,geo_cov_rur,2024,4.528
nor,sex_f,age_ythadult_yge15,geo_cov_urb,2005,7.6
nor,sex_f,age_ythadult_yge15,geo_cov_urb,2010,5.672
nor,sex_f,age_ythadult_yge15,geo_cov_urb,2011,6.01
nor,sex_f,age_ythadult_yge15,geo_cov_urb,2012,5.668
nor,sex_f,age_ythadult_yge15,geo_cov_urb,2013,6.755
nor,sex_f,age_ythadult_yge15,geo_cov_urb,2014,5.568
nor,sex_f,age_ythadult_yge15,geo_cov_urb,2015,7.61
nor,sex_f,age_ythadult_yge15,geo_cov_urb,2016,7.179
nor,sex_f,age_ythadult_yge15,geo_cov_urb,2017,6.673
nor,sex_f,age_ythadult_yge15,geo_cov_urb,2018,7.062
nor,sex_f,age_ythadult_yge15,geo_cov_urb,2019,6.6
nor,sex_f,age_ythadult_yge15,geo_cov_urb,2020,8.001
nor,sex_f,age_ythadult_yge15,geo_cov_urb,2021,7.573
nor,sex_f,age_ythadult_yge15,geo_cov_urb,2022,6.854
nor,sex_f,age_ythadult_yge15,geo_cov_urb,2023,6.646
nor,sex_f,age_ythadult_yge15,geo_cov_urb,2024,7.758
nor,sex_f,age_ythadult_yge25,geo_cov_nat,2005,5.36
nor,sex_f,age_ythadult_yge25,geo_cov_nat,2010,3.821
nor,sex_f,age_ythadult_yge25,geo_cov_nat,2011,4.052
nor,sex_f,age_ythadult_yge25,geo_cov_nat,2012,3.824
nor,sex_f,age_ythadult_yge25,geo_cov_nat,2013,4.644
nor,sex_f,age_ythadult_yge25,geo_cov_nat,2014,4.053
nor,sex_f,age_ythadult_yge25,geo_cov_nat,2015,5.157
nor,sex_f,age_ythadult_yge25,geo_cov_nat,2016,4.83
nor,sex_f,age_ythadult_yge25,geo_cov_nat,2017,4.703
nor,sex_f,age_ythadult_yge25,geo_cov_nat,2018,4.621
nor,sex_f,age_ythadult_yge25,geo_cov_nat,2019,4.721
nor,sex_f,age_ythadult_yge25,geo_cov_nat,2020,5.419
nor,sex_f,age_ythadult_yge25,geo_cov_nat,2021,4.649
nor,sex_f,age_ythadult_yge25,geo_cov_nat,2022,4.036
nor,sex_f,age_ythadult_yge25,geo_cov_nat,2023,3.409
nor,sex_f,age_ythadult_yge25,geo_cov_nat,2024,4.319
nor,sex_f,age_ythadult_yge25,geo_cov_rur,2005,5.15
nor,sex_f,age_ythadult_yge25,geo_cov_rur,2010,3.378
nor,sex_f,age_ythadult_yge25,geo_cov_rur,2011,3.787
nor,sex_f,age_ythadult_yge25,geo_cov_rur,2012,3.974
nor,sex_f,age_ythadult_yge25,geo_cov_rur,2013,4.178
nor,sex_f,age_ythadult_yge25,geo_cov_rur,2014,3.848
nor,sex_f,age_ythadult_yge25,geo_cov_rur,2015,4.128
nor,sex_f,age_ythadult_yge25,geo_cov_rur,2016,4.182
nor,sex_f,age_ythadult_yge25,geo_cov_rur,2017,4.674
nor,sex_f,age_ythadult_yge25,geo_cov_rur,2018,3.825
nor,sex_f,age_ythadult_yge25,geo_cov_rur,2019,4.111
nor,sex_f,age_ythadult_yge25,geo_cov_rur,2020,4.847
nor,sex_f,age_ythadult_yge25,geo_cov_rur,2021,3.948
nor,sex_f,age_ythadult_yge25,geo_cov_rur,2022,2.697
nor,sex_f,age_ythadult_yge25,geo_cov_rur,2023,2.296
nor,sex_f,age_ythadult_yge25,geo_cov_rur,2024,3.46
nor,sex_f,age_ythadult_yge25,geo_cov_urb,2005,5.67
nor,sex_f,age_ythadult_yge25,geo_cov_urb,2010,4.293
nor,sex_f,age_ythadult_yge25,geo_cov_urb,2011,4.337
nor,sex_f,age_ythadult_yge25,geo_cov_urb,2012,3.732
nor,sex_f,age_ythadult_yge25,geo_cov_urb,2013,4.932
nor,sex_f,age_ythadult_yge25,geo_cov_urb,2014,4.177
nor,sex_f,age_ythadult_yge25,geo_cov_urb,2015,5.775
nor,sex_f,age_ythadult_yge25,geo_cov_urb,2016,5.215
nor,sex_f,age_ythadult_yge25,geo_cov_urb,2017,4.719
nor,sex_f,age_ythadult_yge25,geo_cov_urb,2018,5.144
nor,sex_f,age_ythadult_yge25,geo_cov_urb,2019,5.126
nor,sex_f,age_ythadult_yge25,geo_cov_urb,2020,5.896
nor,sex_f,age_ythadult_yge25,geo_cov_urb,2021,4.904
nor,sex_f,age_ythadult_yge25,geo_cov_urb,2022,4.517
nor,sex_f,age_ythadult_yge25,geo_cov_urb,2023,3.822
nor,sex_f,age_ythadult_yge25,geo_cov_urb,2024,4.606
nor,sex_m,age_aggregate_total,geo_cov_nat,2005,7.253
nor,sex_m,age_aggregate_total,geo_cov_nat,2010,6.623
nor,sex_m,age_aggregate_total,geo_cov_nat,2011,6.33
nor,sex_m,age_aggregate_total,geo_cov_nat,2012,6.645
nor,sex_m,age_aggregate_total,geo_cov_nat,2013,6.407
nor,sex_m,age_aggregate_total,geo_cov_nat,2014,6.057
nor,sex_m,age_aggregate_total,geo_cov_nat,2015,7.839
nor,sex_m,age_aggregate_total,geo_cov_nat,2016,8.308
nor,sex_m,age_aggregate_total,geo_cov_nat,2017,7.113
nor,sex_m,age_aggregate_total,geo_cov_nat,2018,6.802
nor,sex_m,age_aggregate_total,geo_cov_nat,2019,6.534
nor,sex_m,age_aggregate_total,geo_cov_nat,2020,7.613
nor,sex_m,age_aggregate_total,geo_cov_nat,2021,7.601
nor,sex_m,age_aggregate_total,geo_cov_nat,2022,6.463
nor,sex_m,age_aggregate_total,geo_cov_nat,2023,6.368
nor,sex_m,age_aggregate_total,geo_cov_nat,2024,7.202
nor,sex_m,age_aggregate_total,geo_cov_rur,2005,6.992
nor,sex_m,age_aggregate_total,geo_cov_rur,2010,6.575
nor,sex_m,age_aggregate_total,geo_cov_rur,2011,5.616
nor,sex_m,age_aggregate_total,geo_cov_rur,2012,6.387
nor,sex_m,age_aggregate_total,geo_cov_rur,2013,6.486
nor,sex_m,age_aggregate_total,geo_cov_rur,2014,5.223
nor,sex_m,age_aggregate_total,geo_cov_rur,2015,6.851
nor,sex_m,age_aggregate_total,geo_cov_rur,2016,6.291
nor,sex_m,age_aggregate_total,geo_cov_rur,2017,6.356
nor,sex_m,age_aggregate_total,geo_cov_rur,2018,6.3
nor,sex_m,age_aggregate_total,geo_cov_rur,2019,5.811
nor,sex_m,age_aggregate_total,geo_cov_rur,2020,6.367
nor,sex_m,age_aggregate_total,geo_cov_rur,2021,5.538
nor,sex_m,age_aggregate_total,geo_cov_rur,2022,5.802
nor,sex_m,age_aggregate_total,geo_cov_rur,2023,6.107
nor,sex_m,age_aggregate_total,geo_cov_rur,2024,6.345
nor,sex_m,age_aggregate_total,geo_cov_urb,2005,7.646
nor,sex_m,age_aggregate_total,geo_cov_urb,2010,6.674
nor,sex_m,age_aggregate_total,geo_cov_urb,2011,7.107
nor,sex_m,age_aggregate_total,geo_cov_urb,2012,6.808
nor,sex_m,age_aggregate_total,geo_cov_urb,2013,6.358
nor,sex_m,age_aggregate_total,geo_cov_urb,2014,6.572
nor,sex_m,age_aggregate_total,geo_cov_urb,2015,8.462
nor,sex_m,age_aggregate_total,geo_cov_urb,2016,9.568
nor,sex_m,age_aggregate_total,geo_cov_urb,2017,7.606
nor,sex_m,age_aggregate_total,geo_cov_urb,2018,7.139
nor,sex_m,age_aggregate_total,geo_cov_urb,2019,7.028
nor,sex_m,age_aggregate_total,geo_cov_urb,2020,8.701
nor,sex_m,age_aggregate_total,geo_cov_urb,2021,8.398
nor,sex_m,age_aggregate_total,geo_cov_urb,2022,6.713
nor,sex_m,age_aggregate_total,geo_cov_urb,2023,6.464
nor,sex_m,age_aggregate_total,geo_cov_urb,2024,7.487
nor,sex_m,age_aggregate_y15_24,geo_cov_nat,2005,20.628
nor,sex_m,age_aggregate_y15_24,geo_cov_nat,2010,18.963
nor,sex_m,age_aggregate_y15_24,geo_cov_nat,2011,19.234
nor,sex_m,age_aggregate_y15_24,geo_cov_nat,2012,18.692
nor,sex_m,age_aggregate_y15_24,geo_cov_nat,2013,19.727
nor,sex_m,age_aggregate_y15_24,geo_cov_nat,2014,17.367
nor,sex_m,age_aggregate_y15_24,geo_cov_nat,2015,21.56
nor,sex_m,age_aggregate_y15_24,geo_cov_nat,2016,22.067
nor,sex_m,age_aggregate_y15_24,geo_cov_nat,2017,19.881
nor,sex_m,age_aggregate_y15_24,geo_cov_nat,2018,20.744
nor,sex_m,age_aggregate_y15_24,geo_cov_nat,2019,18.458
nor,sex_m,age_aggregate_y15_24,geo_cov_nat,2020,20.823
nor,sex_m,age_aggregate_y15_24,geo_cov_nat,2021,23.956
nor,sex_m,age_aggregate_y15_24,geo_cov_nat,2022,22.284
nor,sex_m,age_aggregate_y15_24,geo_cov_nat,2023,20.598
nor,sex_m,age_aggregate_y15_24,geo_cov_nat,2024,22.645
nor,sex_m,age_aggregate_y15_24,geo_cov_rur,2005,19.784
nor,sex_m,age_aggregate_y15_24,geo_cov_rur,2010,19.331
nor,sex_m,age_aggregate_y15_24,geo_cov_rur,2011,15.024
nor,sex_m,age_aggregate_y15_24,geo_cov_rur,2012,18.628
nor,sex_m,age_aggregate_y15_24,geo_cov_rur,2013,21.718
nor,sex_m,age_aggregate_y15_24,geo_cov_rur,2014,16.475
nor,sex_m,age_aggregate_y15_24,geo_cov_rur,2015,17.903
nor,sex_m,age_aggregate_y15_24,geo_cov_rur,2016,17.983
nor,sex_m,age_aggregate_y15_24,geo_cov_rur,2017,18.304
nor,sex_m,age_aggregate_y15_24,geo_cov_rur,2018,19.119
nor,sex_m,age_aggregate_y15_24,geo_cov_rur,2019,16.109
nor,sex_m,age_aggregate_y15_24,geo_cov_rur,2020,19.603
nor,sex_m,age_aggregate_y15_24,geo_cov_rur,2021,14.765
nor,sex_m,age_aggregate_y15_24,geo_cov_rur,2022,20.88
nor,sex_m,age_aggregate_y15_24,geo_cov_rur,2023,19.796
nor,sex_m,age_aggregate_y15_24,geo_cov_rur,2024,17.552
nor,sex_m,age_aggregate_y15_24,geo_cov_urb,2005,22.017
nor,sex_m,age_aggregate_y15_24,geo_cov_urb,2010,18.532
nor,sex_m,age_aggregate_y15_24,geo_cov_urb,2011,23.759
nor,sex_m,age_aggregate_y15_24,geo_cov_urb,2012,18.738
nor,sex_m,age_aggregate_y15_24,geo_cov_urb,2013,18.396
nor,sex_m,age_aggregate_y15_24,geo_cov_urb,2014,18.024
nor,sex_m,age_aggregate_y15_24,geo_cov_urb,2015,24.68
nor,sex_m,age_aggregate_y15_24,geo_cov_urb,2016,24.798
nor,sex_m,age_aggregate_y15_24,geo_cov_urb,2017,20.968
nor,sex_m,age_aggregate_y15_24,geo_cov_urb,2018,21.964
nor,sex_m,age_aggregate_y15_24,geo_cov_urb,2019,20.169
nor,sex_m,age_aggregate_y15_24,geo_cov_urb,2020,22.052
nor,sex_m,age_aggregate_y15_24,geo_cov_urb,2021,27.89
nor,sex_m,age_aggregate_y15_24,geo_cov_urb,2022,22.846
nor,sex_m,age_aggregate_y15_24,geo_cov_urb,2023,20.916
nor,sex_m,age_aggregate_y15_24,geo_cov_urb,2024,24.458
nor,sex_m,age_aggregate_y25_54,geo_cov_nat,2005,5.385
nor,sex_m,age_aggregate_y25_54,geo_cov_nat,2010,4.652
nor,sex_m,age_aggregate_y25_54,geo_cov_nat,2011,4.501
nor,sex_m,age_aggregate_y25_54,geo_cov_nat,2012,4.631
nor,sex_m,age_aggregate_y25_54,geo_cov_nat,2013,4.315
nor,sex_m,age_aggregate_y25_54,geo_cov_nat,2014,4.819
nor,sex_m,age_aggregate_y25_54,geo_cov_nat,2015,6.197
nor,sex_m,age_aggregate_y25_54,geo_cov_nat,2016,6.795
nor,sex_m,age_aggregate_y25_54,geo_cov_nat,2017,5.731
nor,sex_m,age_aggregate_y25_54,geo_cov_nat,2018,5.076
nor,sex_m,age_aggregate_y25_54,geo_cov_nat,2019,5.057
nor,sex_m,age_aggregate_y25_54,geo_cov_nat,2020,6.084
nor,sex_m,age_aggregate_y25_54,geo_cov_nat,2021,5.424
nor,sex_m,age_aggregate_y25_54,geo_cov_nat,2022,4.115
nor,sex_m,age_aggregate_y25_54,geo_cov_nat,2023,4.184
nor,sex_m,age_aggregate_y25_54,geo_cov_nat,2024,4.6
nor,sex_m,age_aggregate_y25_54,geo_cov_rur,2005,5.124
nor,sex_m,age_aggregate_y25_54,geo_cov_rur,2010,4.282
nor,sex_m,age_aggregate_y25_54,geo_cov_rur,2011,4.477
nor,sex_m,age_aggregate_y25_54,geo_cov_rur,2012,3.862
nor,sex_m,age_aggregate_y25_54,geo_cov_rur,2013,3.862
nor,sex_m,age_aggregate_y25_54,geo_cov_rur,2014,3.904
nor,sex_m,age_aggregate_y25_54,geo_cov_rur,2015,4.997
nor,sex_m,age_aggregate_y25_54,geo_cov_rur,2016,4.634
nor,sex_m,age_aggregate_y25_54,geo_cov_rur,2017,4.983
nor,sex_m,age_aggregate_y25_54,geo_cov_rur,2018,4.961
nor,sex_m,age_aggregate_y25_54,geo_cov_rur,2019,4.563
nor,sex_m,age_aggregate_y25_54,geo_cov_rur,2020,4.434
nor,sex_m,age_aggregate_y25_54,geo_cov_rur,2021,4.056
nor,sex_m,age_aggregate_y25_54,geo_cov_rur,2022,3.381
nor,sex_m,age_aggregate_y25_54,geo_cov_rur,2023,3.839
nor,sex_m,age_aggregate_y25_54,geo_cov_rur,2024,4.746
nor,sex_m,age_aggregate_y25_54,geo_cov_urb,2005,5.761
nor,sex_m,age_aggregate_y25_54,geo_cov_urb,2010,5.029
nor,sex_m,age_aggregate_y25_54,geo_cov_urb,2011,4.527
nor,sex_m,age_aggregate_y25_54,geo_cov_urb,2012,5.091
nor,sex_m,age_aggregate_y25_54,geo_cov_urb,2013,4.587
nor,sex_m,age_aggregate_y25_54,geo_cov_urb,2014,5.33
nor,sex_m,age_aggregate_y25_54,geo_cov_urb,2015,6.863
nor,sex_m,age_aggregate_y25_54,geo_cov_urb,2016,8.067
nor,sex_m,age_aggregate_y25_54,geo_cov_urb,2017,6.19
nor,sex_m,age_aggregate_y25_54,geo_cov_urb,2018,5.148
nor,sex_m,age_aggregate_y25_54,geo_cov_urb,2019,5.37
nor,sex_m,age_aggregate_y25_54,geo_cov_urb,2020,7.457
nor,sex_m,age_aggregate_y25_54,geo_cov_urb,2021,5.917
nor,sex_m,age_aggregate_y25_54,geo_cov_urb,2022,4.367
nor,sex_m,age_aggregate_y25_54,geo_cov_urb,2023,4.297
nor,sex_m,age_aggregate_y25_54,geo_cov_urb,2024,4.556
nor,sex_m,age_aggregate_y55_64,geo_cov_nat,2005,3.395
nor,sex_m,age_aggregate_y55_64,geo_cov_nat,2010,3.531
nor,sex_m,age_aggregate_y55_64,geo_cov_nat,2011,2.557
nor,sex_m,age_aggregate_y55_64,geo_cov_nat,2012,3.079
nor,sex_m,age_aggregate_y55_64,geo_cov_nat,2013,2.958
nor,sex_m,age_aggregate_y55_64,geo_cov_nat,2014,2.666
nor,sex_m,age_aggregate_y55_64,geo_cov_nat,2015,2.948
nor,sex_m,age_aggregate_y55_64,geo_cov_nat,2016,4.149
nor,sex_m,age_aggregate_y55_64,geo_cov_nat,2017,3.074
nor,sex_m,age_aggregate_y55_64,geo_cov_nat,2018,2.834
nor,sex_m,age_aggregate_y55_64,geo_cov_nat,2019,3.005
nor,sex_m,age_aggregate_y55_64,geo_cov_nat,2020,3.54
nor,sex_m,age_aggregate_y55_64,geo_cov_nat,2021,2.761
nor,sex_m,age_aggregate_y55_64,geo_cov_nat,2022,2.208
nor,sex_m,age_aggregate_y55_64,geo_cov_nat,2023,2.47
nor,sex_m,age_aggregate_y55_64,geo_cov_nat,2024,3.218
nor,sex_m,age_aggregate_y55_64,geo_cov_rur,2005,3.275
nor,sex_m,age_aggregate_y55_64,geo_cov_rur,2010,4.226
nor,sex_m,age_aggregate_y55_64,geo_cov_rur,2011,2.477
nor,sex_m,age_aggregate_y55_64,geo_cov_rur,2012,3.551
nor,sex_m,age_aggregate_y55_64,geo_cov_rur,2013,3.676
nor,sex_m,age_aggregate_y55_64,geo_cov_rur,2014,1.43
nor,sex_m,age_aggregate_y55_64,geo_cov_rur,2015,2.697
nor,sex_m,age_aggregate_y55_64,geo_cov_rur,2016,3.798
nor,sex_m,age_aggregate_y55_64,geo_cov_rur,2017,2.017
nor,sex_m,age_aggregate_y55_64,geo_cov_rur,2018,2.181
nor,sex_m,age_aggregate_y55_64,geo_cov_rur,2019,2.945
nor,sex_m,age_aggregate_y55_64,geo_cov_rur,2020,2.985
nor,sex_m,age_aggregate_y55_64,geo_cov_rur,2021,2.891
nor,sex_m,age_aggregate_y55_64,geo_cov_rur,2022,0.821
nor,sex_m,age_aggregate_y55_64,geo_cov_rur,2023,1.37
nor,sex_m,age_aggregate_y55_64,geo_cov_rur,2024,2.084
nor,sex_m,age_aggregate_y55_64,geo_cov_urb,2005,3.596
nor,sex_m,age_aggregate_y55_64,geo_cov_urb,2010,2.609
nor,sex_m,age_aggregate_y55_64,geo_cov_urb,2011,2.661
nor,sex_m,age_aggregate_y55_64,geo_cov_urb,2012,2.738
nor,sex_m,age_aggregate_y55_64,geo_cov_urb,2013,2.412
nor,sex_m,age_aggregate_y55_64,geo_cov_urb,2014,3.636
nor,sex_m,age_aggregate_y55_64,geo_cov_urb,2015,3.136
nor,sex_m,age_aggregate_y55_64,geo_cov_urb,2016,4.4
nor,sex_m,age_aggregate_y55_64,geo_cov_urb,2017,3.879
nor,sex_m,age_aggregate_y55_64,geo_cov_urb,2018,3.353
nor,sex_m,age_aggregate_y55_64,geo_cov_urb,2019,3.055
nor,sex_m,age_aggregate_y55_64,geo_cov_urb,2020,4.023
nor,sex_m,age_aggregate_y55_64,geo_cov_urb,2021,2.713
nor,sex_m,age_aggregate_y55_64,geo_cov_urb,2022,2.793
nor,sex_m,age_aggregate_y55_64,geo_cov_urb,2023,2.969
nor,sex_m,age_aggregate_y55_64,geo_cov_urb,2024,3.731
nor,sex_m,age_aggregate_yge65,geo_cov_nat,2005,9.896
nor,sex_m,age_aggregate_yge65,geo_cov_nat,2010,8.527
nor,sex_m,age_aggregate_yge65,geo_cov_nat,2011,6.051
nor,sex_m,age_aggregate_yge65,geo_cov_nat,2012,10.726
nor,sex_m,age_aggregate_yge65,geo_cov_nat,2013,7.35
nor,sex_m,age_aggregate_yge65,geo_cov_nat,2014,2.551
nor,sex_m,age_aggregate_yge65,geo_cov_nat,2015,6.09
nor,sex_m,age_aggregate_yge65,geo_cov_nat,2016,4
nor,sex_m,age_aggregate_yge65,geo_cov_nat,2017,3.928
nor,sex_m,age_aggregate_yge65,geo_cov_nat,2018,4.516
nor,sex_m,age_aggregate_yge65,geo_cov_nat,2019,6.199
nor,sex_m,age_aggregate_yge65,geo_cov_nat,2020,5.991
nor,sex_m,age_aggregate_yge65,geo_cov_nat,2021,6.104
nor,sex_m,age_aggregate_yge65,geo_cov_nat,2022,3.759
nor,sex_m,age_aggregate_yge65,geo_cov_nat,2023,4.794
nor,sex_m,age_aggregate_yge65,geo_cov_nat,2024,6.763
nor,sex_m,age_aggregate_yge65,geo_cov_rur,2005,9.812
nor,sex_m,age_aggregate_yge65,geo_cov_rur,2010,7.435
nor,sex_m,age_aggregate_yge65,geo_cov_rur,2011,4.507
nor,sex_m,age_aggregate_yge65,geo_cov_rur,2012,12.243
nor,sex_m,age_aggregate_yge65,geo_cov_rur,2015,6.913
nor,sex_m,age_aggregate_yge65,geo_cov_rur,2016,3.149
nor,sex_m,age_aggregate_yge65,geo_cov_rur,2017,6.349
nor,sex_m,age_aggregate_yge65,geo_cov_rur,2019,3.848
nor,sex_m,age_aggregate_yge65,geo_cov_rur,2020,4.525
nor,sex_m,age_aggregate_yge65,geo_cov_rur,2021,4.864
nor,sex_m,age_aggregate_yge65,geo_cov_rur,2023,7.383
nor,sex_m,age_aggregate_yge65,geo_cov_urb,2005,10.012
nor,sex_m,age_aggregate_yge65,geo_cov_urb,2010,9.722
nor,sex_m,age_aggregate_yge65,geo_cov_urb,2011,8.304
nor,sex_m,age_aggregate_yge65,geo_cov_urb,2012,9.849
nor,sex_m,age_aggregate_yge65,geo_cov_urb,2013,9.015
nor,sex_m,age_aggregate_yge65,geo_cov_urb,2014,3.07
nor,sex_m,age_aggregate_yge65,geo_cov_urb,2015,5.435
nor,sex_m,age_aggregate_yge65,geo_cov_urb,2016,4.638
nor,sex_m,age_aggregate_yge65,geo_cov_urb,2017,2.149
nor,sex_m,age_aggregate_yge65,geo_cov_urb,2018,7.581
nor,sex_m,age_aggregate_yge65,geo_cov_urb,2019,7.952
nor,sex_m,age_aggregate_yge65,geo_cov_urb,2020,7.689
nor,sex_m,age_aggregate_yge65,geo_cov_urb,2021,6.951
nor,sex_m,age_aggregate_yge65,geo_cov_urb,2023,3.426
nor,sex_m,age_aggregate_yge65,geo_cov_urb,2024,6.662
nor,sex_m,age_ythadult_y15_24,geo_cov_nat,2005,20.628
nor,sex_m,age_ythadult_y15_24,geo_cov_nat,2010,18.963
nor,sex_m,age_ythadult_y15_24,geo_cov_nat,2011,19.234
nor,sex_m,age_ythadult_y15_24,geo_cov_nat,2012,18.692
nor,sex_m,age_ythadult_y15_24,geo_cov_nat,2013,19.727
nor,sex_m,age_ythadult_y15_24,geo_cov_nat,2014,17.367
nor,sex_m,age_ythadult_y15_24,geo_cov_nat,2015,21.56
nor,sex_m,age_ythadult_y15_24,geo_cov_nat,2016,22.067
nor,sex_m,age_ythadult_y15_24,geo_cov_nat,2017,19.881
nor,sex_m,age_ythadult_y15_24,geo_cov_nat,2018,20.744
nor,sex_m,age_ythadult_y15_24,geo_cov_nat,2019,18.458
nor,sex_m,age_ythadult_y15_24,geo_cov_nat,2020,20.823
nor,sex_m,age_ythadult_y15_24,geo_cov_nat,2021,23.956
nor,sex_m,age_ythadult_y15_24,geo_cov_nat,2022,22.284
nor,sex_m,age_ythadult_y15_24,geo_cov_nat,2023,20.598
nor,sex_m,age_ythadult_y15_24,geo_cov_nat,2024,22.645
nor,sex_m,age_ythadult_y15_24,geo_cov_rur,2005,19.784
nor,sex_m,age_ythadult_y15_24,geo_cov_rur,2010,19.331
nor,sex_m,age_ythadult_y15_24,geo_cov_rur,2011,15.024
nor,sex_m,age_ythadult_y15_24,geo_cov_rur,2012,18.628
nor,sex_m,age_ythadult_y15_24,geo_cov_rur,2013,21.718
nor,sex_m,age_ythadult_y15_24,geo_cov_rur,2014,16.475
nor,sex_m,age_ythadult_y15_24,geo_cov_rur,2015,17.903
nor,sex_m,age_ythadult_y15_24,geo_cov_rur,2016,17.983
nor,sex_m,age_ythadult_y15_24,geo_cov_rur,2017,18.304
nor,sex_m,age_ythadult_y15_24,geo_cov_rur,2018,19.119
nor,sex_m,age_ythadult_y15_24,geo_cov_rur,2019,16.109
nor,sex_m,age_ythadult_y15_24,geo_cov_rur,2020,19.603
nor,sex_m,age_ythadult_y15_24,geo_cov_rur,2021,14.765
nor,sex_m,age_ythadult_y15_24,geo_cov_rur,2022,20.88
nor,sex_m,age_ythadult_y15_24,geo_cov_rur,2023,19.796
nor,sex_m,age_ythadult_y15_24,geo_cov_rur,2024,17.552
nor,sex_m,age_ythadult_y15_24,geo_cov_urb,2005,22.017
nor,sex_m,age_ythadult_y15_24,geo_cov_urb,2010,18.532
nor,sex_m,age_ythadult_y15_24,geo_cov_urb,2011,23.759
nor,sex_m,age_ythadult_y15_24,geo_cov_urb,2012,18.738
nor,sex_m,age_ythadult_y15_24,geo_cov_urb,2013,18.396
nor,sex_m,age_ythadult_y15_24,geo_cov_urb,2014,18.024
nor,sex_m,age_ythadult_y15_24,geo_cov_urb,2015,24.68
nor,sex_m,age_ythadult_y15_24,geo_cov_urb,2016,24.798
nor,sex_m,age_ythadult_y15_24,geo_cov_urb,2017,20.968
nor,sex_m,age_ythadult_y15_24,geo_cov_urb,2018,21.964
nor,sex_m,age_ythadult_y15_24,geo_cov_urb,2019,20.169
nor,sex_m,age_ythadult_y15_24,geo_cov_urb,2020,22.052
nor,sex_m,age_ythadult_y15_24,geo_cov_urb,2021,27.89
nor,sex_m,age_ythadult_y15_24,geo_cov_urb,2022,22.846
nor,sex_m,age_ythadult_y15_24,geo_cov_urb,2023,20.916
nor,sex_m,age_ythadult_y15_24,geo_cov_urb,2024,24.458
nor,sex_m,age_ythadult_y15_64,geo_cov_nat,2005,7.2
nor,sex_m,age_ythadult_y15_64,geo_cov_nat,2010,6.557
nor,sex_m,age_ythadult_y15_64,geo_cov_nat,2011,6.339
nor,sex_m,age_ythadult_y15_64,geo_cov_nat,2012,6.475
nor,sex_m,age_ythadult_y15_64,geo_cov_nat,2013,6.373
nor,sex_m,age_ythadult_y15_64,geo_cov_nat,2014,6.209
nor,sex_m,age_ythadult_y15_64,geo_cov_nat,2015,7.92
nor,sex_m,age_ythadult_y15_64,geo_cov_nat,2016,8.499
nor,sex_m,age_ythadult_y15_64,geo_cov_nat,2017,7.25
nor,sex_m,age_ythadult_y15_64,geo_cov_nat,2018,6.904
nor,sex_m,age_ythadult_y15_64,geo_cov_nat,2019,6.549
nor,sex_m,age_ythadult_y15_64,geo_cov_nat,2020,7.688
nor,sex_m,age_ythadult_y15_64,geo_cov_nat,2021,7.691
nor,sex_m,age_ythadult_y15_64,geo_cov_nat,2022,6.604
nor,sex_m,age_ythadult_y15_64,geo_cov_nat,2023,6.461
nor,sex_m,age_ythadult_y15_64,geo_cov_nat,2024,7.229
nor,sex_m,age_ythadult_y15_64,geo_cov_rur,2005,6.937
nor,sex_m,age_ythadult_y15_64,geo_cov_rur,2010,6.546
nor,sex_m,age_ythadult_y15_64,geo_cov_rur,2011,5.659
nor,sex_m,age_ythadult_y15_64,geo_cov_rur,2012,6.156
nor,sex_m,age_ythadult_y15_64,geo_cov_rur,2013,6.557
nor,sex_m,age_ythadult_y15_64,geo_cov_rur,2014,5.379
nor,sex_m,age_ythadult_y15_64,geo_cov_rur,2015,6.848
nor,sex_m,age_ythadult_y15_64,geo_cov_rur,2016,6.447
nor,sex_m,age_ythadult_y15_64,geo_cov_rur,2017,6.356
nor,sex_m,age_ythadult_y15_64,geo_cov_rur,2018,6.58
nor,sex_m,age_ythadult_y15_64,geo_cov_rur,2019,5.902
nor,sex_m,age_ythadult_y15_64,geo_cov_rur,2020,6.465
nor,sex_m,age_ythadult_y15_64,geo_cov_rur,2021,5.599
nor,sex_m,age_ythadult_y15_64,geo_cov_rur,2022,5.786
nor,sex_m,age_ythadult_y15_64,geo_cov_rur,2023,6.009
nor,sex_m,age_ythadult_y15_64,geo_cov_rur,2024,6.3
nor,sex_m,age_ythadult_y15_64,geo_cov_urb,2005,7.597
nor,sex_m,age_ythadult_y15_64,geo_cov_urb,2010,6.57
nor,sex_m,age_ythadult_y15_64,geo_cov_urb,2011,7.073
nor,sex_m,age_ythadult_y15_64,geo_cov_urb,2012,6.677
nor,sex_m,age_ythadult_y15_64,geo_cov_urb,2013,6.256
nor,sex_m,age_ythadult_y15_64,geo_cov_urb,2014,6.719
nor,sex_m,age_ythadult_y15_64,geo_cov_urb,2015,8.587
nor,sex_m,age_ythadult_y15_64,geo_cov_urb,2016,9.77
nor,sex_m,age_ythadult_y15_64,geo_cov_urb,2017,7.828
nor,sex_m,age_ythadult_y15_64,geo_cov_urb,2018,7.121
nor,sex_m,age_ythadult_y15_64,geo_cov_urb,2019,6.989
nor,sex_m,age_ythadult_y15_64,geo_cov_urb,2020,8.741
nor,sex_m,age_ythadult_y15_64,geo_cov_urb,2021,8.469
nor,sex_m,age_ythadult_y15_64,geo_cov_urb,2022,6.903
nor,sex_m,age_ythadult_y15_64,geo_cov_urb,2023,6.624
nor,sex_m,age_ythadult_y15_64,geo_cov_urb,2024,7.537
nor,sex_m,age_ythadult_yge15,geo_cov_nat,2005,7.253
nor,sex_m,age_ythadult_yge15,geo_cov_nat,2010,6.623
nor,sex_m,age_ythadult_yge15,geo_cov_nat,2011,6.33
nor,sex_m,age_ythadult_yge15,geo_cov_nat,2012,6.645
nor,sex_m,age_ythadult_yge15,geo_cov_nat,2013,6.407
nor,sex_m,age_ythadult_yge15,geo_cov_nat,2014,6.057
nor,sex_m,age_ythadult_yge15,geo_cov_nat,2015,7.839
nor,sex_m,age_ythadult_yge15,geo_cov_nat,2016,8.308
nor,sex_m,age_ythadult_yge15,geo_cov_nat,2017,7.113
nor,sex_m,age_ythadult_yge15,geo_cov_nat,2018,6.802
nor,sex_m,age_ythadult_yge15,geo_cov_nat,2019,6.534
nor,sex_m,age_ythadult_yge15,geo_cov_nat,2020,7.613
nor,sex_m,age_ythadult_yge15,geo_cov_nat,2021,7.601
nor,sex_m,age_ythadult_yge15,geo_cov_nat,2022,6.463
nor,sex_m,age_ythadult_yge15,geo_cov_nat,2023,6.368
nor,sex_m,age_ythadult_yge15,geo_cov_nat,2024,7.202
nor,sex_m,age_ythadult_yge15,geo_cov_rur,2005,6.992
nor,sex_m,age_ythadult_yge15,geo_cov_rur,2010,6.575
nor,sex_m,age_ythadult_yge15,geo_cov_rur,2011,5.616
nor,sex_m,age_ythadult_yge15,geo_cov_rur,2012,6.387
nor,sex_m,age_ythadult_yge15,geo_cov_rur,2013,6.486
nor,sex_m,age_ythadult_yge15,geo_cov_rur,2014,5.223
nor,sex_m,age_ythadult_yge15,geo_cov_rur,2015,6.851
nor,sex_m,age_ythadult_yge15,geo_cov_rur,2016,6.291
nor,sex_m,age_ythadult_yge15,geo_cov_rur,2017,6.356
nor,sex_m,age_ythadult_yge15,geo_cov_rur,2018,6.3
nor,sex_m,age_ythadult_yge15,geo_cov_rur,2019,5.811
nor,sex_m,age_ythadult_yge15,geo_cov_rur,2020,6.367
nor,sex_m,age_ythadult_yge15,geo_cov_rur,2021,5.538
nor,sex_m,age_ythadult_yge15,geo_cov_rur,2022,5.802
nor,sex_m,age_ythadult_yge15,geo_cov_rur,2023,6.107
nor,sex_m,age_ythadult_yge15,geo_cov_rur,2024,6.345
nor,sex_m,age_ythadult_yge15,geo_cov_urb,2005,7.646
nor,sex_m,age_ythadult_yge15,geo_cov_urb,2010,6.674
nor,sex_m,age_ythadult_yge15,geo_cov_urb,2011,7.107
nor,sex_m,age_ythadult_yge15,geo_cov_urb,2012,6.808
nor,sex_m,age_ythadult_yge15,geo_cov_urb,2013,6.358
nor,sex_m,age_ythadult_yge15,geo_cov_urb,2014,6.572
nor,sex_m,age_ythadult_yge15,geo_cov_urb,2015,8.462
nor,sex_m,age_ythadult_yge15,geo_cov_urb,2016,9.568
nor,sex_m,age_ythadult_yge15,geo_cov_urb,2017,7.606
nor,sex_m,age_ythadult_yge15,geo_cov_urb,2018,7.139
nor,sex_m,age_ythadult_yge15,geo_cov_urb,2019,7.028
nor,sex_m,age_ythadult_yge15,geo_cov_urb,2020,8.701
nor,sex_m,age_ythadult_yge15,geo_cov_urb,2021,8.398
nor,sex_m,age_ythadult_yge15,geo_cov_urb,2022,6.713
nor,sex_m,age_ythadult_yge15,geo_cov_urb,2023,6.464
nor,sex_m,age_ythadult_yge15,geo_cov_urb,2024,7.487
nor,sex_m,age_ythadult_yge25,geo_cov_nat,2005,5.137
nor,sex_m,age_ythadult_yge25,geo_cov_nat,2010,4.595
nor,sex_m,age_ythadult_yge25,geo_cov_nat,2011,4.201
nor,sex_m,age_ythadult_yge25,geo_cov_nat,2012,4.635
nor,sex_m,age_ythadult_yge25,geo_cov_nat,2013,4.189
nor,sex_m,age_ythadult_yge25,geo_cov_nat,2014,4.319
nor,sex_m,age_ythadult_yge25,geo_cov_nat,2015,5.6
nor,sex_m,age_ythadult_yge25,geo_cov_nat,2016,6.168
nor,sex_m,age_ythadult_yge25,geo_cov_nat,2017,5.15
nor,sex_m,age_ythadult_yge25,geo_cov_nat,2018,4.633
nor,sex_m,age_ythadult_yge25,geo_cov_nat,2019,4.721
nor,sex_m,age_ythadult_yge25,geo_cov_nat,2020,5.592
nor,sex_m,age_ythadult_yge25,geo_cov_nat,2021,4.951
nor,sex_m,age_ythadult_yge25,geo_cov_nat,2022,3.716
nor,sex_m,age_ythadult_yge25,geo_cov_nat,2023,3.887
nor,sex_m,age_ythadult_yge25,geo_cov_nat,2024,4.472
nor,sex_m,age_ythadult_yge25,geo_cov_rur,2005,4.886
nor,sex_m,age_ythadult_yge25,geo_cov_rur,2010,4.394
nor,sex_m,age_ythadult_yge25,geo_cov_rur,2011,4.077
nor,sex_m,age_ythadult_yge25,geo_cov_rur,2012,4.175
nor,sex_m,age_ythadult_yge25,geo_cov_rur,2013,3.845
nor,sex_m,age_ythadult_yge25,geo_cov_rur,2014,3.268
nor,sex_m,age_ythadult_yge25,geo_cov_rur,2015,4.634
nor,sex_m,age_ythadult_yge25,geo_cov_rur,2016,4.383
nor,sex_m,age_ythadult_yge25,geo_cov_rur,2017,4.443
nor,sex_m,age_ythadult_yge25,geo_cov_rur,2018,4.151
nor,sex_m,age_ythadult_yge25,geo_cov_rur,2019,4.175
nor,sex_m,age_ythadult_yge25,geo_cov_rur,2020,4.159
nor,sex_m,age_ythadult_yge25,geo_cov_rur,2021,3.911
nor,sex_m,age_ythadult_yge25,geo_cov_rur,2022,3.042
nor,sex_m,age_ythadult_yge25,geo_cov_rur,2023,3.572
nor,sex_m,age_ythadult_yge25,geo_cov_rur,2024,4.243
nor,sex_m,age_ythadult_yge25,geo_cov_urb,2005,5.506
nor,sex_m,age_ythadult_yge25,geo_cov_urb,2010,4.811
nor,sex_m,age_ythadult_yge25,geo_cov_urb,2011,4.338
nor,sex_m,age_ythadult_yge25,geo_cov_urb,2012,4.92
nor,sex_m,age_ythadult_yge25,geo_cov_urb,2013,4.404
nor,sex_m,age_ythadult_yge25,geo_cov_urb,2014,4.95
nor,sex_m,age_ythadult_yge25,geo_cov_urb,2015,6.179
nor,sex_m,age_ythadult_yge25,geo_cov_urb,2016,7.271
nor,sex_m,age_ythadult_yge25,geo_cov_urb,2017,5.606
nor,sex_m,age_ythadult_yge25,geo_cov_urb,2018,4.951
nor,sex_m,age_ythadult_yge25,geo_cov_urb,2019,5.09
nor,sex_m,age_ythadult_yge25,geo_cov_urb,2020,6.816
nor,sex_m,age_ythadult_yge25,geo_cov_urb,2021,5.346
nor,sex_m,age_ythadult_yge25,geo_cov_urb,2022,3.966
nor,sex_m,age_ythadult_yge25,geo_cov_urb,2023,4.002
nor,sex_m,age_ythadult_yge25,geo_cov_urb,2024,4.547
nor,sex_t,age_aggregate_total,geo_cov_nat,2005,7.361
nor,sex_t,age_aggregate_total,geo_cov_nat,2010,6.061
nor,sex_t,age_aggregate_total,geo_cov_nat,2011,6.141
nor,sex_t,age_aggregate_total,geo_cov_nat,2012,6.262
nor,sex_t,age_aggregate_total,geo_cov_nat,2013,6.359
nor,sex_t,age_aggregate_total,geo_cov_nat,2014,5.789
nor,sex_t,age_aggregate_total,geo_cov_nat,2015,7.432
nor,sex_t,age_aggregate_total,geo_cov_nat,2016,7.6
nor,sex_t,age_aggregate_total,geo_cov_nat,2017,6.859
nor,sex_t,age_aggregate_total,geo_cov_nat,2018,6.678
nor,sex_t,age_aggregate_total,geo_cov_nat,2019,6.458
nor,sex_t,age_aggregate_total,geo_cov_nat,2020,7.541
nor,sex_t,age_aggregate_total,geo_cov_nat,2021,7.454
nor,sex_t,age_aggregate_total,geo_cov_nat,2022,6.374
nor,sex_t,age_aggregate_total,geo_cov_nat,2023,6.216
nor,sex_t,age_aggregate_total,geo_cov_nat,2024,7.079
nor,sex_t,age_aggregate_total,geo_cov_rur,2005,7.19
nor,sex_t,age_aggregate_total,geo_cov_rur,2010,5.931
nor,sex_t,age_aggregate_total,geo_cov_rur,2011,5.732
nor,sex_t,age_aggregate_total,geo_cov_rur,2012,6.252
nor,sex_t,age_aggregate_total,geo_cov_rur,2013,6.055
nor,sex_t,age_aggregate_total,geo_cov_rur,2014,5.286
nor,sex_t,age_aggregate_total,geo_cov_rur,2015,6.412
nor,sex_t,age_aggregate_total,geo_cov_rur,2016,6.235
nor,sex_t,age_aggregate_total,geo_cov_rur,2017,6.379
nor,sex_t,age_aggregate_total,geo_cov_rur,2018,6.042
nor,sex_t,age_aggregate_total,geo_cov_rur,2019,5.91
nor,sex_t,age_aggregate_total,geo_cov_rur,2020,6.578
nor,sex_t,age_aggregate_total,geo_cov_rur,2021,5.99
nor,sex_t,age_aggregate_total,geo_cov_rur,2022,5.277
nor,sex_t,age_aggregate_total,geo_cov_rur,2023,5.32
nor,sex_t,age_aggregate_total,geo_cov_rur,2024,5.484
nor,sex_t,age_aggregate_total,geo_cov_urb,2005,7.624
nor,sex_t,age_aggregate_total,geo_cov_urb,2010,6.201
nor,sex_t,age_aggregate_total,geo_cov_urb,2011,6.589
nor,sex_t,age_aggregate_total,geo_cov_urb,2012,6.268
nor,sex_t,age_aggregate_total,geo_cov_urb,2013,6.547
nor,sex_t,age_aggregate_total,geo_cov_urb,2014,6.097
nor,sex_t,age_aggregate_total,geo_cov_urb,2015,8.057
nor,sex_t,age_aggregate_total,geo_cov_urb,2016,8.435
nor,sex_t,age_aggregate_total,geo_cov_urb,2017,7.157
nor,sex_t,age_aggregate_total,geo_cov_urb,2018,7.102
nor,sex_t,age_aggregate_total,geo_cov_urb,2019,6.825
nor,sex_t,age_aggregate_total,geo_cov_urb,2020,8.369
nor,sex_t,age_aggregate_total,geo_cov_urb,2021,8.005
nor,sex_t,age_aggregate_total,geo_cov_urb,2022,6.779
nor,sex_t,age_aggregate_total,geo_cov_urb,2023,6.55
nor,sex_t,age_aggregate_total,geo_cov_urb,2024,7.614
nor,sex_t,age_aggregate_y15_24,geo_cov_nat,2005,20.081
nor,sex_t,age_aggregate_y15_24,geo_cov_nat,2010,16.788
nor,sex_t,age_aggregate_y15_24,geo_cov_nat,2011,17.819
nor,sex_t,age_aggregate_y15_24,geo_cov_nat,2012,17.591
nor,sex_t,age_aggregate_y15_24,geo_cov_nat,2013,17.545
nor,sex_t,age_aggregate_y15_24,geo_cov_nat,2014,15.556
nor,sex_t,age_aggregate_y15_24,geo_cov_nat,2015,19.477
nor,sex_t,age_aggregate_y15_24,geo_cov_nat,2016,20.214
nor,sex_t,age_aggregate_y15_24,geo_cov_nat,2017,18.894
nor,sex_t,age_aggregate_y15_24,geo_cov_nat,2018,19.451
nor,sex_t,age_aggregate_y15_24,geo_cov_nat,2019,17.507
nor,sex_t,age_aggregate_y15_24,geo_cov_nat,2020,20.308
nor,sex_t,age_aggregate_y15_24,geo_cov_nat,2021,22.85
nor,sex_t,age_aggregate_y15_24,geo_cov_nat,2022,20.272
nor,sex_t,age_aggregate_y15_24,geo_cov_nat,2023,20.14
nor,sex_t,age_aggregate_y15_24,geo_cov_nat,2024,21.614
nor,sex_t,age_aggregate_y15_24,geo_cov_rur,2005,19.755
nor,sex_t,age_aggregate_y15_24,geo_cov_rur,2010,17.344
nor,sex_t,age_aggregate_y15_24,geo_cov_rur,2011,15.895
nor,sex_t,age_aggregate_y15_24,geo_cov_rur,2012,18.278
nor,sex_t,age_aggregate_y15_24,geo_cov_rur,2013,17.864
nor,sex_t,age_aggregate_y15_24,geo_cov_rur,2014,15.315
nor,sex_t,age_aggregate_y15_24,geo_cov_rur,2015,17.26
nor,sex_t,age_aggregate_y15_24,geo_cov_rur,2016,17.792
nor,sex_t,age_aggregate_y15_24,geo_cov_rur,2017,17.794
nor,sex_t,age_aggregate_y15_24,geo_cov_rur,2018,18.214
nor,sex_t,age_aggregate_y15_24,geo_cov_rur,2019,17.126
nor,sex_t,age_aggregate_y15_24,geo_cov_rur,2020,18.882
nor,sex_t,age_aggregate_y15_24,geo_cov_rur,2021,17.445
nor,sex_t,age_aggregate_y15_24,geo_cov_rur,2022,17.95
nor,sex_t,age_aggregate_y15_24,geo_cov_rur,2023,17.405
nor,sex_t,age_aggregate_y15_24,geo_cov_rur,2024,13.688
nor,sex_t,age_aggregate_y15_24,geo_cov_urb,2005,20.63
nor,sex_t,age_aggregate_y15_24,geo_cov_urb,2010,16.149
nor,sex_t,age_aggregate_y15_24,geo_cov_urb,2011,20.016
nor,sex_t,age_aggregate_y15_24,geo_cov_urb,2012,17.151
nor,sex_t,age_aggregate_y15_24,geo_cov_urb,2013,17.348
nor,sex_t,age_aggregate_y15_24,geo_cov_urb,2014,15.717
nor,sex_t,age_aggregate_y15_24,geo_cov_urb,2015,21.026
nor,sex_t,age_aggregate_y15_24,geo_cov_urb,2016,21.762
nor,sex_t,age_aggregate_y15_24,geo_cov_urb,2017,19.581
nor,sex_t,age_aggregate_y15_24,geo_cov_urb,2018,20.329
nor,sex_t,age_aggregate_y15_24,geo_cov_urb,2019,17.764
nor,sex_t,age_aggregate_y15_24,geo_cov_urb,2020,21.684
nor,sex_t,age_aggregate_y15_24,geo_cov_urb,2021,24.999
nor,sex_t,age_aggregate_y15_24,geo_cov_urb,2022,21.177
nor,sex_t,age_aggregate_y15_24,geo_cov_urb,2023,21.228
nor,sex_t,age_aggregate_y15_24,geo_cov_urb,2024,24.47
nor,sex_t,age_aggregate_y25_54,geo_cov_nat,2005,5.502
nor,sex_t,age_aggregate_y25_54,geo_cov_nat,2010,4.382
nor,sex_t,age_aggregate_y25_54,geo_cov_nat,2011,4.357
nor,sex_t,age_aggregate_y25_54,geo_cov_nat,2012,4.406
nor,sex_t,age_aggregate_y25_54,geo_cov_nat,2013,4.624
nor,sex_t,age_aggregate_y25_54,geo_cov_nat,2014,4.626
nor,sex_t,age_aggregate_y25_54,geo_cov_nat,2015,5.976
nor,sex_t,age_aggregate_y25_54,geo_cov_nat,2016,6.174
nor,sex_t,age_aggregate_y25_54,geo_cov_nat,2017,5.496
nor,sex_t,age_aggregate_y25_54,geo_cov_nat,2018,5.086
nor,sex_t,age_aggregate_y25_54,geo_cov_nat,2019,5.098
nor,sex_t,age_aggregate_y25_54,geo_cov_nat,2020,6.02
nor,sex_t,age_aggregate_y25_54,geo_cov_nat,2021,5.335
nor,sex_t,age_aggregate_y25_54,geo_cov_nat,2022,3.994
nor,sex_t,age_aggregate_y25_54,geo_cov_nat,2023,4.065
nor,sex_t,age_aggregate_y25_54,geo_cov_nat,2024,4.64
nor,sex_t,age_aggregate_y25_54,geo_cov_rur,2005,5.244
nor,sex_t,age_aggregate_y25_54,geo_cov_rur,2010,3.995
nor,sex_t,age_aggregate_y25_54,geo_cov_rur,2011,4.279
nor,sex_t,age_aggregate_y25_54,geo_cov_rur,2012,4.153
nor,sex_t,age_aggregate_y25_54,geo_cov_rur,2013,4.082
nor,sex_t,age_aggregate_y25_54,geo_cov_rur,2014,4.013
nor,sex_t,age_aggregate_y25_54,geo_cov_rur,2015,4.748
nor,sex_t,age_aggregate_y25_54,geo_cov_rur,2016,4.847
nor,sex_t,age_aggregate_y25_54,geo_cov_rur,2017,4.906
nor,sex_t,age_aggregate_y25_54,geo_cov_rur,2018,4.643
nor,sex_t,age_aggregate_y25_54,geo_cov_rur,2019,4.575
nor,sex_t,age_aggregate_y25_54,geo_cov_rur,2020,4.762
nor,sex_t,age_aggregate_y25_54,geo_cov_rur,2021,4.203
nor,sex_t,age_aggregate_y25_54,geo_cov_rur,2022,3.226
nor,sex_t,age_aggregate_y25_54,geo_cov_rur,2023,3.471
nor,sex_t,age_aggregate_y25_54,geo_cov_rur,2024,4.489
nor,sex_t,age_aggregate_y25_54,geo_cov_urb,2005,5.872
nor,sex_t,age_aggregate_y25_54,geo_cov_urb,2010,4.775
nor,sex_t,age_aggregate_y25_54,geo_cov_urb,2011,4.439
nor,sex_t,age_aggregate_y25_54,geo_cov_urb,2012,4.559
nor,sex_t,age_aggregate_y25_54,geo_cov_urb,2013,4.948
nor,sex_t,age_aggregate_y25_54,geo_cov_urb,2014,4.972
nor,sex_t,age_aggregate_y25_54,geo_cov_urb,2015,6.667
nor,sex_t,age_aggregate_y25_54,geo_cov_urb,2016,6.945
nor,sex_t,age_aggregate_y25_54,geo_cov_urb,2017,5.848
nor,sex_t,age_aggregate_y25_54,geo_cov_urb,2018,5.364
nor,sex_t,age_aggregate_y25_54,geo_cov_urb,2019,5.428
nor,sex_t,age_aggregate_y25_54,geo_cov_urb,2020,7.054
nor,sex_t,age_aggregate_y25_54,geo_cov_urb,2021,5.729
nor,sex_t,age_aggregate_y25_54,geo_cov_urb,2022,4.254
nor,sex_t,age_aggregate_y25_54,geo_cov_urb,2023,4.262
nor,sex_t,age_aggregate_y25_54,geo_cov_urb,2024,4.685
nor,sex_t,age_aggregate_y55_64,geo_cov_nat,2005,3.5
nor,sex_t,age_aggregate_y55_64,geo_cov_nat,2010,2.965
nor,sex_t,age_aggregate_y55_64,geo_cov_nat,2011,2.43
nor,sex_t,age_aggregate_y55_64,geo_cov_nat,2012,2.574
nor,sex_t,age_aggregate_y55_64,geo_cov_nat,2013,2.787
nor,sex_t,age_aggregate_y55_64,geo_cov_nat,2014,2.495
nor,sex_t,age_aggregate_y55_64,geo_cov_nat,2015,2.772
nor,sex_t,age_aggregate_y55_64,geo_cov_nat,2016,3.225
nor,sex_t,age_aggregate_y55_64,geo_cov_nat,2017,2.799
nor,sex_t,age_aggregate_y55_64,geo_cov_nat,2018,2.878
nor,sex_t,age_aggregate_y55_64,geo_cov_nat,2019,2.864
nor,sex_t,age_aggregate_y55_64,geo_cov_nat,2020,3.336
nor,sex_t,age_aggregate_y55_64,geo_cov_nat,2021,2.574
nor,sex_t,age_aggregate_y55_64,geo_cov_nat,2022,2.937
nor,sex_t,age_aggregate_y55_64,geo_cov_nat,2023,1.84
nor,sex_t,age_aggregate_y55_64,geo_cov_nat,2024,3.307
nor,sex_t,age_aggregate_y55_64,geo_cov_rur,2005,3.413
nor,sex_t,age_aggregate_y55_64,geo_cov_rur,2010,3.114
nor,sex_t,age_aggregate_y55_64,geo_cov_rur,2011,2.259
nor,sex_t,age_aggregate_y55_64,geo_cov_rur,2012,2.63
nor,sex_t,age_aggregate_y55_64,geo_cov_rur,2013,3.489
nor,sex_t,age_aggregate_y55_64,geo_cov_rur,2014,1.716
nor,sex_t,age_aggregate_y55_64,geo_cov_rur,2015,2.548
nor,sex_t,age_aggregate_y55_64,geo_cov_rur,2016,2.55
nor,sex_t,age_aggregate_y55_64,geo_cov_rur,2017,2.864
nor,sex_t,age_aggregate_y55_64,geo_cov_rur,2018,2.1
nor,sex_t,age_aggregate_y55_64,geo_cov_rur,2019,2.543
nor,sex_t,age_aggregate_y55_64,geo_cov_rur,2020,3.235
nor,sex_t,age_aggregate_y55_64,geo_cov_rur,2021,2.346
nor,sex_t,age_aggregate_y55_64,geo_cov_rur,2022,1.136
nor,sex_t,age_aggregate_y55_64,geo_cov_rur,2023,0.825
nor,sex_t,age_aggregate_y55_64,geo_cov_rur,2024,2.051
nor,sex_t,age_aggregate_y55_64,geo_cov_urb,2005,3.647
nor,sex_t,age_aggregate_y55_64,geo_cov_urb,2010,2.766
nor,sex_t,age_aggregate_y55_64,geo_cov_urb,2011,2.65
nor,sex_t,age_aggregate_y55_64,geo_cov_urb,2012,2.535
nor,sex_t,age_aggregate_y55_64,geo_cov_urb,2013,2.279
nor,sex_t,age_aggregate_y55_64,geo_cov_urb,2014,3.082
nor,sex_t,age_aggregate_y55_64,geo_cov_urb,2015,2.939
nor,sex_t,age_aggregate_y55_64,geo_cov_urb,2016,3.703
nor,sex_t,age_aggregate_y55_64,geo_cov_urb,2017,2.754
nor,sex_t,age_aggregate_y55_64,geo_cov_urb,2018,3.48
nor,sex_t,age_aggregate_y55_64,geo_cov_urb,2019,3.127
nor,sex_t,age_aggregate_y55_64,geo_cov_urb,2020,3.425
nor,sex_t,age_aggregate_y55_64,geo_cov_urb,2021,2.668
nor,sex_t,age_aggregate_y55_64,geo_cov_urb,2022,3.713
nor,sex_t,age_aggregate_y55_64,geo_cov_urb,2023,2.336
nor,sex_t,age_aggregate_y55_64,geo_cov_urb,2024,3.877
nor,sex_t,age_aggregate_yge65,geo_cov_nat,2005,9.533
nor,sex_t,age_aggregate_yge65,geo_cov_nat,2010,7.567
nor,sex_t,age_aggregate_yge65,geo_cov_nat,2011,7.827
nor,sex_t,age_aggregate_yge65,geo_cov_nat,2012,8.884
nor,sex_t,age_aggregate_yge65,geo_cov_nat,2013,7.686
nor,sex_t,age_aggregate_yge65,geo_cov_nat,2014,3.531
nor,sex_t,age_aggregate_yge65,geo_cov_nat,2015,6.022
nor,sex_t,age_aggregate_yge65,geo_cov_nat,2016,4.145
nor,sex_t,age_aggregate_yge65,geo_cov_nat,2017,4.203
nor,sex_t,age_aggregate_yge65,geo_cov_nat,2018,3.917
nor,sex_t,age_aggregate_yge65,geo_cov_nat,2019,6.155
nor,sex_t,age_aggregate_yge65,geo_cov_nat,2020,6.173
nor,sex_t,age_aggregate_yge65,geo_cov_nat,2021,5.434
nor,sex_t,age_aggregate_yge65,geo_cov_nat,2022,5.466
nor,sex_t,age_aggregate_yge65,geo_cov_nat,2023,4.642
nor,sex_t,age_aggregate_yge65,geo_cov_nat,2024,5.073
nor,sex_t,age_aggregate_yge65,geo_cov_rur,2005,10.014
nor,sex_t,age_aggregate_yge65,geo_cov_rur,2010,6.859
nor,sex_t,age_aggregate_yge65,geo_cov_rur,2011,5.797
nor,sex_t,age_aggregate_yge65,geo_cov_rur,2012,9.726
nor,sex_t,age_aggregate_yge65,geo_cov_rur,2013,5.032
nor,sex_t,age_aggregate_yge65,geo_cov_rur,2014,3.976
nor,sex_t,age_aggregate_yge65,geo_cov_rur,2015,6.921
nor,sex_t,age_aggregate_yge65,geo_cov_rur,2016,2.862
nor,sex_t,age_aggregate_yge65,geo_cov_rur,2017,6.101
nor,sex_t,age_aggregate_yge65,geo_cov_rur,2019,4.596
nor,sex_t,age_aggregate_yge65,geo_cov_rur,2020,5.091
nor,sex_t,age_aggregate_yge65,geo_cov_rur,2021,5.58
nor,sex_t,age_aggregate_yge65,geo_cov_rur,2022,4.859
nor,sex_t,age_aggregate_yge65,geo_cov_rur,2023,5.345
nor,sex_t,age_aggregate_yge65,geo_cov_urb,2005,8.882
nor,sex_t,age_aggregate_yge65,geo_cov_urb,2010,8.378
nor,sex_t,age_aggregate_yge65,geo_cov_urb,2011,10.562
nor,sex_t,age_aggregate_yge65,geo_cov_urb,2012,8.369
nor,sex_t,age_aggregate_yge65,geo_cov_urb,2013,9.446
nor,sex_t,age_aggregate_yge65,geo_cov_urb,2014,3.196
nor,sex_t,age_aggregate_yge65,geo_cov_urb,2015,5.375
nor,sex_t,age_aggregate_yge65,geo_cov_urb,2016,5.044
nor,sex_t,age_aggregate_yge65,geo_cov_urb,2017,2.882
nor,sex_t,age_aggregate_yge65,geo_cov_urb,2018,5.448
nor,sex_t,age_aggregate_yge65,geo_cov_urb,2019,7.353
nor,sex_t,age_aggregate_yge65,geo_cov_urb,2020,7.398
nor,sex_t,age_aggregate_yge65,geo_cov_urb,2021,5.349
nor,sex_t,age_aggregate_yge65,geo_cov_urb,2022,5.809
nor,sex_t,age_aggregate_yge65,geo_cov_urb,2023,4.287
nor,sex_t,age_aggregate_yge65,geo_cov_urb,2024,5.343
nor,sex_t,age_ythadult_y15_24,geo_cov_nat,2005,20.081
nor,sex_t,age_ythadult_y15_24,geo_cov_nat,2010,16.788
nor,sex_t,age_ythadult_y15_24,geo_cov_nat,2011,17.819
nor,sex_t,age_ythadult_y15_24,geo_cov_nat,2012,17.591
nor,sex_t,age_ythadult_y15_24,geo_cov_nat,2013,17.545
nor,sex_t,age_ythadult_y15_24,geo_cov_nat,2014,15.556
nor,sex_t,age_ythadult_y15_24,geo_cov_nat,2015,19.477
nor,sex_t,age_ythadult_y15_24,geo_cov_nat,2016,20.214
nor,sex_t,age_ythadult_y15_24,geo_cov_nat,2017,18.894
nor,sex_t,age_ythadult_y15_24,geo_cov_nat,2018,19.451
nor,sex_t,age_ythadult_y15_24,geo_cov_nat,2019,17.507
nor,sex_t,age_ythadult_y15_24,geo_cov_nat,2020,20.308
nor,sex_t,age_ythadult_y15_24,geo_cov_nat,2021,22.85
nor,sex_t,age_ythadult_y15_24,geo_cov_nat,2022,20.272
nor,sex_t,age_ythadult_y15_24,geo_cov_nat,2023,20.14
nor,sex_t,age_ythadult_y15_24,geo_cov_nat,2024,21.614
nor,sex_t,age_ythadult_y15_24,geo_cov_rur,2005,19.755
nor,sex_t,age_ythadult_y15_24,geo_cov_rur,2010,17.344
nor,sex_t,age_ythadult_y15_24,geo_cov_rur,2011,15.895
nor,sex_t,age_ythadult_y15_24,geo_cov_rur,2012,18.278
nor,sex_t,age_ythadult_y15_24,geo_cov_rur,2013,17.864
nor,sex_t,age_ythadult_y15_24,geo_cov_rur,2014,15.315
nor,sex_t,age_ythadult_y15_24,geo_cov_rur,2015,17.26
nor,sex_t,age_ythadult_y15_24,geo_cov_rur,2016,17.792
nor,sex_t,age_ythadult_y15_24,geo_cov_rur,2017,17.794
nor,sex_t,age_ythadult_y15_24,geo_cov_rur,2018,18.214
nor,sex_t,age_ythadult_y15_24,geo_cov_rur,2019,17.126
nor,sex_t,age_ythadult_y15_24,geo_cov_rur,2020,18.882
nor,sex_t,age_ythadult_y15_24,geo_cov_rur,2021,17.445
nor,sex_t,age_ythadult_y15_24,geo_cov_rur,2022,17.95
nor,sex_t,age_ythadult_y15_24,geo_cov_rur,2023,17.405
nor,sex_t,age_ythadult_y15_24,geo_cov_rur,2024,13.688
nor,sex_t,age_ythadult_y15_24,geo_cov_urb,2005,20.63
nor,sex_t,age_ythadult_y15_24,geo_cov_urb,2010,16.149
nor,sex_t,age_ythadult_y15_24,geo_cov_urb,2011,20.016
nor,sex_t,age_ythadult_y15_24,geo_cov_urb,2012,17.151
nor,sex_t,age_ythadult_y15_24,geo_cov_urb,2013,17.348
nor,sex_t,age_ythadult_y15_24,geo_cov_urb,2014,15.717
nor,sex_t,age_ythadult_y15_24,geo_cov_urb,2015,21.026
nor,sex_t,age_ythadult_y15_24,geo_cov_urb,2016,21.762
nor,sex_t,age_ythadult_y15_24,geo_cov_urb,2017,19.581
nor,sex_t,age_ythadult_y15_24,geo_cov_urb,2018,20.329
nor,sex_t,age_ythadult_y15_24,geo_cov_urb,2019,17.764
nor,sex_t,age_ythadult_y15_24,geo_cov_urb,2020,21.684
nor,sex_t,age_ythadult_y15_24,geo_cov_urb,2021,24.999
nor,sex_t,age_ythadult_y15_24,geo_cov_urb,2022,21.177
nor,sex_t,age_ythadult_y15_24,geo_cov_urb,2023,21.228
nor,sex_t,age_ythadult_y15_24,geo_cov_urb,2024,24.47
nor,sex_t,age_ythadult_y15_64,geo_cov_nat,2005,7.322
nor,sex_t,age_ythadult_y15_64,geo_cov_nat,2010,6.016
nor,sex_t,age_ythadult_y15_64,geo_cov_nat,2011,6.088
nor,sex_t,age_ythadult_y15_64,geo_cov_nat,2012,6.168
nor,sex_t,age_ythadult_y15_64,geo_cov_nat,2013,6.315
nor,sex_t,age_ythadult_y15_64,geo_cov_nat,2014,5.879
nor,sex_t,age_ythadult_y15_64,geo_cov_nat,2015,7.487
nor,sex_t,age_ythadult_y15_64,geo_cov_nat,2016,7.728
nor,sex_t,age_ythadult_y15_64,geo_cov_nat,2017,6.956
nor,sex_t,age_ythadult_y15_64,geo_cov_nat,2018,6.786
nor,sex_t,age_ythadult_y15_64,geo_cov_nat,2019,6.469
nor,sex_t,age_ythadult_y15_64,geo_cov_nat,2020,7.591
nor,sex_t,age_ythadult_y15_64,geo_cov_nat,2021,7.563
nor,sex_t,age_ythadult_y15_64,geo_cov_nat,2022,6.417
nor,sex_t,age_ythadult_y15_64,geo_cov_nat,2023,6.294
nor,sex_t,age_ythadult_y15_64,geo_cov_nat,2024,7.179
nor,sex_t,age_ythadult_y15_64,geo_cov_rur,2005,7.14
nor,sex_t,age_ythadult_y15_64,geo_cov_rur,2010,5.903
nor,sex_t,age_ythadult_y15_64,geo_cov_rur,2011,5.73
nor,sex_t,age_ythadult_y15_64,geo_cov_rur,2012,6.129
nor,sex_t,age_ythadult_y15_64,geo_cov_rur,2013,6.091
nor,sex_t,age_ythadult_y15_64,geo_cov_rur,2014,5.345
nor,sex_t,age_ythadult_y15_64,geo_cov_rur,2015,6.39
nor,sex_t,age_ythadult_y15_64,geo_cov_rur,2016,6.37
nor,sex_t,age_ythadult_y15_64,geo_cov_rur,2017,6.39
nor,sex_t,age_ythadult_y15_64,geo_cov_rur,2018,6.219
nor,sex_t,age_ythadult_y15_64,geo_cov_rur,2019,5.965
nor,sex_t,age_ythadult_y15_64,geo_cov_rur,2020,6.641
nor,sex_t,age_ythadult_y15_64,geo_cov_rur,2021,6.021
nor,sex_t,age_ythadult_y15_64,geo_cov_rur,2022,5.304
nor,sex_t,age_ythadult_y15_64,geo_cov_rur,2023,5.318
nor,sex_t,age_ythadult_y15_64,geo_cov_rur,2024,5.545
nor,sex_t,age_ythadult_y15_64,geo_cov_urb,2005,7.601
nor,sex_t,age_ythadult_y15_64,geo_cov_urb,2010,6.138
nor,sex_t,age_ythadult_y15_64,geo_cov_urb,2011,6.477
nor,sex_t,age_ythadult_y15_64,geo_cov_urb,2012,6.192
nor,sex_t,age_ythadult_y15_64,geo_cov_urb,2013,6.454
nor,sex_t,age_ythadult_y15_64,geo_cov_urb,2014,6.203
nor,sex_t,age_ythadult_y15_64,geo_cov_urb,2015,8.155
nor,sex_t,age_ythadult_y15_64,geo_cov_urb,2016,8.553
nor,sex_t,age_ythadult_y15_64,geo_cov_urb,2017,7.306
nor,sex_t,age_ythadult_y15_64,geo_cov_urb,2018,7.162
nor,sex_t,age_ythadult_y15_64,geo_cov_urb,2019,6.806
nor,sex_t,age_ythadult_y15_64,geo_cov_urb,2020,8.401
nor,sex_t,age_ythadult_y15_64,geo_cov_urb,2021,8.129
nor,sex_t,age_ythadult_y15_64,geo_cov_urb,2022,6.82
nor,sex_t,age_ythadult_y15_64,geo_cov_urb,2023,6.651
nor,sex_t,age_ythadult_y15_64,geo_cov_urb,2024,7.724
nor,sex_t,age_ythadult_yge15,geo_cov_nat,2005,7.361
nor,sex_t,age_ythadult_yge15,geo_cov_nat,2010,6.061
nor,sex_t,age_ythadult_yge15,geo_cov_nat,2011,6.141
nor,sex_t,age_ythadult_yge15,geo_cov_nat,2012,6.262
nor,sex_t,age_ythadult_yge15,geo_cov_nat,2013,6.359
nor,sex_t,age_ythadult_yge15,geo_cov_nat,2014,5.789
nor,sex_t,age_ythadult_yge15,geo_cov_nat,2015,7.432
nor,sex_t,age_ythadult_yge15,geo_cov_nat,2016,7.6
nor,sex_t,age_ythadult_yge15,geo_cov_nat,2017,6.859
nor,sex_t,age_ythadult_yge15,geo_cov_nat,2018,6.678
nor,sex_t,age_ythadult_yge15,geo_cov_nat,2019,6.458
nor,sex_t,age_ythadult_yge15,geo_cov_nat,2020,7.541
nor,sex_t,age_ythadult_yge15,geo_cov_nat,2021,7.454
nor,sex_t,age_ythadult_yge15,geo_cov_nat,2022,6.374
nor,sex_t,age_ythadult_yge15,geo_cov_nat,2023,6.216
nor,sex_t,age_ythadult_yge15,geo_cov_nat,2024,7.079
nor,sex_t,age_ythadult_yge15,geo_cov_rur,2005,7.19
nor,sex_t,age_ythadult_yge15,geo_cov_rur,2010,5.931
nor,sex_t,age_ythadult_yge15,geo_cov_rur,2011,5.732
nor,sex_t,age_ythadult_yge15,geo_cov_rur,2012,6.252
nor,sex_t,age_ythadult_yge15,geo_cov_rur,2013,6.055
nor,sex_t,age_ythadult_yge15,geo_cov_rur,2014,5.286
nor,sex_t,age_ythadult_yge15,geo_cov_rur,2015,6.412
nor,sex_t,age_ythadult_yge15,geo_cov_rur,2016,6.235
nor,sex_t,age_ythadult_yge15,geo_cov_rur,2017,6.379
nor,sex_t,age_ythadult_yge15,geo_cov_rur,2018,6.042
nor,sex_t,age_ythadult_yge15,geo_cov_rur,2019,5.91
nor,sex_t,age_ythadult_yge15,geo_cov_rur,2020,6.578
nor,sex_t,age_ythadult_yge15,geo_cov_rur,2021,5.99
nor,sex_t,age_ythadult_yge15,geo_cov_rur,2022,5.277
nor,sex_t,age_ythadult_yge15,geo_cov_rur,2023,5.32
nor,sex_t,age_ythadult_yge15,geo_cov_rur,2024,5.484
nor,sex_t,age_ythadult_yge15,geo_cov_urb,2005,7.624
nor,sex_t,age_ythadult_yge15,geo_cov_urb,2010,6.201
nor,sex_t,age_ythadult_yge15,geo_cov_urb,2011,6.589
nor,sex_t,age_ythadult_yge15,geo_cov_urb,2012,6.268
nor,sex_t,age_ythadult_yge15,geo_cov_urb,2013,6.547
nor,sex_t,age_ythadult_yge15,geo_cov_urb,2014,6.097
nor,sex_t,age_ythadult_yge15,geo_cov_urb,2015,8.057
nor,sex_t,age_ythadult_yge15,geo_cov_urb,2016,8.435
nor,sex_t,age_ythadult_yge15,geo_cov_urb,2017,7.157
nor,sex_t,age_ythadult_yge15,geo_cov_urb,2018,7.102
nor,sex_t,age_ythadult_yge15,geo_cov_urb,2019,6.825
nor,sex_t,age_ythadult_yge15,geo_cov_urb,2020,8.369
nor,sex_t,age_ythadult_yge15,geo_cov_urb,2021,8.005
nor,sex_t,age_ythadult_yge15,geo_cov_urb,2022,6.779
nor,sex_t,age_ythadult_yge15,geo_cov_urb,2023,6.55
nor,sex_t,age_ythadult_yge15,geo_cov_urb,2024,7.614
nor,sex_t,age_ythadult_yge25,geo_cov_nat,2005,5.242
nor,sex_t,age_ythadult_yge25,geo_cov_nat,2010,4.232
nor,sex_t,age_ythadult_yge25,geo_cov_nat,2011,4.131
nor,sex_t,age_ythadult_yge25,geo_cov_nat,2012,4.257
nor,sex_t,age_ythadult_yge25,geo_cov_nat,2013,4.402
nor,sex_t,age_ythadult_yge25,geo_cov_nat,2014,4.194
nor,sex_t,age_ythadult_yge25,geo_cov_nat,2015,5.394
nor,sex_t,age_ythadult_yge25,geo_cov_nat,2016,5.544
nor,sex_t,age_ythadult_yge25,geo_cov_nat,2017,4.94
nor,sex_t,age_ythadult_yge25,geo_cov_nat,2018,4.627
nor,sex_t,age_ythadult_yge25,geo_cov_nat,2019,4.721
nor,sex_t,age_ythadult_yge25,geo_cov_nat,2020,5.511
nor,sex_t,age_ythadult_yge25,geo_cov_nat,2021,4.81
nor,sex_t,age_ythadult_yge25,geo_cov_nat,2022,3.865
nor,sex_t,age_ythadult_yge25,geo_cov_nat,2023,3.664
nor,sex_t,age_ythadult_yge25,geo_cov_nat,2024,4.4
nor,sex_t,age_ythadult_yge25,geo_cov_rur,2005,5.01
nor,sex_t,age_ythadult_yge25,geo_cov_rur,2010,3.919
nor,sex_t,age_ythadult_yge25,geo_cov_rur,2011,3.941
nor,sex_t,age_ythadult_yge25,geo_cov_rur,2012,4.082
nor,sex_t,age_ythadult_yge25,geo_cov_rur,2013,4
nor,sex_t,age_ythadult_yge25,geo_cov_rur,2014,3.539
nor,sex_t,age_ythadult_yge25,geo_cov_rur,2015,4.398
nor,sex_t,age_ythadult_yge25,geo_cov_rur,2016,4.29
nor,sex_t,age_ythadult_yge25,geo_cov_rur,2017,4.549
nor,sex_t,age_ythadult_yge25,geo_cov_rur,2018,3.999
nor,sex_t,age_ythadult_yge25,geo_cov_rur,2019,4.145
nor,sex_t,age_ythadult_yge25,geo_cov_rur,2020,4.479
nor,sex_t,age_ythadult_yge25,geo_cov_rur,2021,3.928
nor,sex_t,age_ythadult_yge25,geo_cov_rur,2022,2.883
nor,sex_t,age_ythadult_yge25,geo_cov_rur,2023,2.972
nor,sex_t,age_ythadult_yge25,geo_cov_rur,2024,3.875
nor,sex_t,age_ythadult_yge25,geo_cov_urb,2005,5.583
nor,sex_t,age_ythadult_yge25,geo_cov_urb,2010,4.569
nor,sex_t,age_ythadult_yge25,geo_cov_urb,2011,4.337
nor,sex_t,age_ythadult_yge25,geo_cov_urb,2012,4.366
nor,sex_t,age_ythadult_yge25,geo_cov_urb,2013,4.653
nor,sex_t,age_ythadult_yge25,geo_cov_urb,2014,4.589
nor,sex_t,age_ythadult_yge25,geo_cov_urb,2015,5.991
nor,sex_t,age_ythadult_yge25,geo_cov_urb,2016,6.304
nor,sex_t,age_ythadult_yge25,geo_cov_urb,2017,5.183
nor,sex_t,age_ythadult_yge25,geo_cov_urb,2018,5.041
nor,sex_t,age_ythadult_yge25,geo_cov_urb,2019,5.107
nor,sex_t,age_ythadult_yge25,geo_cov_urb,2020,6.383
nor,sex_t,age_ythadult_yge25,geo_cov_urb,2021,5.138
nor,sex_t,age_ythadult_yge25,geo_cov_urb,2022,4.225
nor,sex_t,age_ythadult_yge25,geo_cov_urb,2023,3.918
nor,sex_t,age_ythadult_yge25,geo_cov_urb,2024,4.574
npl,sex_f,age_aggregate_total,geo_cov_nat,2017,40.413
npl,sex_f,age_aggregate_total,geo_cov_rur,2017,43.071
npl,sex_f,age_aggregate_total,geo_cov_urb,2017,39.152
npl,sex_f,age_aggregate_y15_24,geo_cov_nat,2017,58.285
npl,sex_f,age_aggregate_y15_24,geo_cov_rur,2017,59.478
npl,sex_f,age_aggregate_y15_24,geo_cov_urb,2017,57.691
npl,sex_f,age_aggregate_y25_54,geo_cov_nat,2017,36.147
npl,sex_f,age_aggregate_y25_54,geo_cov_rur,2017,40.258
npl,sex_f,age_aggregate_y25_54,geo_cov_urb,2017,34.322
npl,sex_f,age_aggregate_y55_64,geo_cov_nat,2017,20.66
npl,sex_f,age_aggregate_y55_64,geo_cov_rur,2017,21.726
npl,sex_f,age_aggregate_y55_64,geo_cov_urb,2017,20.019
npl,sex_f,age_aggregate_yge65,geo_cov_nat,2017,7.397
npl,sex_f,age_aggregate_yge65,geo_cov_rur,2017,5.957
npl,sex_f,age_aggregate_yge65,geo_cov_urb,2017,8.857
npl,sex_f,age_ythadult_y15_24,geo_cov_nat,2017,58.285
npl,sex_f,age_ythadult_y15_24,geo_cov_rur,2017,59.478
npl,sex_f,age_ythadult_y15_24,geo_cov_urb,2017,57.691
npl,sex_f,age_ythadult_y15_64,geo_cov_nat,2017,41.07
npl,sex_f,age_ythadult_y15_64,geo_cov_rur,2017,44.238
npl,sex_f,age_ythadult_y15_64,geo_cov_urb,2017,39.591
npl,sex_f,age_ythadult_yge15,geo_cov_nat,2017,40.413
npl,sex_f,age_ythadult_yge15,geo_cov_rur,2017,43.071
npl,sex_f,age_ythadult_yge15,geo_cov_urb,2017,39.152
npl,sex_f,age_ythadult_yge25,geo_cov_nat,2017,34.115
npl,sex_f,age_ythadult_yge25,geo_cov_rur,2017,37.028
npl,sex_f,age_ythadult_yge25,geo_cov_urb,2017,32.756
npl,sex_m,age_aggregate_total,geo_cov_nat,2017,24.024
npl,sex_m,age_aggregate_total,geo_cov_rur,2017,28.318
npl,sex_m,age_aggregate_total,geo_cov_urb,2017,21.825
npl,sex_m,age_aggregate_y15_24,geo_cov_nat,2017,40.606
npl,sex_m,age_aggregate_y15_24,geo_cov_rur,2017,45.984
npl,sex_m,age_aggregate_y15_24,geo_cov_urb,2017,37.843
npl,sex_m,age_aggregate_y25_54,geo_cov_nat,2017,19.841
npl,sex_m,age_aggregate_y25_54,geo_cov_rur,2017,25.076
npl,sex_m,age_aggregate_y25_54,geo_cov_urb,2017,17.319
npl,sex_m,age_aggregate_y55_64,geo_cov_nat,2017,18.802
npl,sex_m,age_aggregate_y55_64,geo_cov_rur,2017,19.5
npl,sex_m,age_aggregate_y55_64,geo_cov_urb,2017,18.322
npl,sex_m,age_aggregate_yge65,geo_cov_nat,2017,9.634
npl,sex_m,age_aggregate_yge65,geo_cov_rur,2017,6.647
npl,sex_m,age_aggregate_yge65,geo_cov_urb,2017,11.566
npl,sex_m,age_ythadult_y15_24,geo_cov_nat,2017,40.606
npl,sex_m,age_ythadult_y15_24,geo_cov_rur,2017,45.984
npl,sex_m,age_ythadult_y15_24,geo_cov_urb,2017,37.843
npl,sex_m,age_ythadult_y15_64,geo_cov_nat,2017,24.657
npl,sex_m,age_ythadult_y15_64,geo_cov_rur,2017,29.431
npl,sex_m,age_ythadult_y15_64,geo_cov_urb,2017,22.238
npl,sex_m,age_ythadult_yge15,geo_cov_nat,2017,24.024
npl,sex_m,age_ythadult_yge15,geo_cov_rur,2017,28.318
npl,sex_m,age_ythadult_yge15,geo_cov_urb,2017,21.825
npl,sex_m,age_ythadult_yge25,geo_cov_nat,2017,19.163
npl,sex_m,age_ythadult_yge25,geo_cov_rur,2017,23.125
npl,sex_m,age_ythadult_yge25,geo_cov_urb,2017,17.136
npl,sex_t,age_aggregate_total,geo_cov_nat,2017,31.264
npl,sex_t,age_aggregate_total,geo_cov_rur,2017,34.651
npl,sex_t,age_aggregate_total,geo_cov_urb,2017,29.587
npl,sex_t,age_aggregate_y15_24,geo_cov_nat,2017,49.028
npl,sex_t,age_aggregate_y15_24,geo_cov_rur,2017,52.343
npl,sex_t,age_aggregate_y15_24,geo_cov_urb,2017,47.349
npl,sex_t,age_aggregate_y25_54,geo_cov_nat,2017,27.158
npl,sex_t,age_aggregate_y25_54,geo_cov_rur,2017,31.679
npl,sex_t,age_aggregate_y25_54,geo_cov_urb,2017,25.059
npl,sex_t,age_aggregate_y55_64,geo_cov_nat,2017,19.448
npl,sex_t,age_aggregate_y55_64,geo_cov_rur,2017,20.232
npl,sex_t,age_aggregate_y55_64,geo_cov_urb,2017,18.932
npl,sex_t,age_aggregate_yge65,geo_cov_nat,2017,9.035
npl,sex_t,age_aggregate_yge65,geo_cov_rur,2017,6.426
npl,sex_t,age_aggregate_yge65,geo_cov_urb,2017,10.941
npl,sex_t,age_ythadult_y15_24,geo_cov_nat,2017,49.028
npl,sex_t,age_ythadult_y15_24,geo_cov_rur,2017,52.343
npl,sex_t,age_ythadult_y15_24,geo_cov_urb,2017,47.349
npl,sex_t,age_ythadult_y15_64,geo_cov_nat,2017,32.002
npl,sex_t,age_ythadult_y15_64,geo_cov_rur,2017,35.857
npl,sex_t,age_ythadult_y15_64,geo_cov_urb,2017,30.119
npl,sex_t,age_ythadult_yge15,geo_cov_nat,2017,31.264
npl,sex_t,age_ythadult_yge15,geo_cov_rur,2017,34.651
npl,sex_t,age_ythadult_yge15,geo_cov_urb,2017,29.587
npl,sex_t,age_ythadult_yge25,geo_cov_nat,2017,25.604
npl,sex_t,age_ythadult_yge25,geo_cov_rur,2017,28.904
npl,sex_t,age_ythadult_yge25,geo_cov_urb,2017,23.981
pak,sex_f,age_aggregate_total,geo_cov_nat,2009,8.98
pak,sex_f,age_aggregate_total,geo_cov_nat,2011,8.947
pak,sex_f,age_aggregate_total,geo_cov_nat,2021,10.054
pak,sex_f,age_aggregate_total,geo_cov_nat,2025,13.377
pak,sex_f,age_aggregate_total,geo_cov_rur,2009,7.271
pak,sex_f,age_aggregate_total,geo_cov_rur,2011,6.418
pak,sex_f,age_aggregate_total,geo_cov_rur,2021,8.296
pak,sex_f,age_aggregate_total,geo_cov_rur,2025,9.976
pak,sex_f,age_aggregate_total,geo_cov_urb,2009,16.808
pak,sex_f,age_aggregate_total,geo_cov_urb,2011,20.55
pak,sex_f,age_aggregate_total,geo_cov_urb,2021,18.09
pak,sex_f,age_aggregate_total,geo_cov_urb,2025,24.498
pak,sex_f,age_aggregate_y15_24,geo_cov_nat,2009,11.353
pak,sex_f,age_aggregate_y15_24,geo_cov_nat,2011,13.317
pak,sex_f,age_aggregate_y15_24,geo_cov_nat,2021,15.616
pak,sex_f,age_aggregate_y15_24,geo_cov_nat,2025,17.688
pak,sex_f,age_aggregate_y15_24,geo_cov_rur,2009,8.811
pak,sex_f,age_aggregate_y15_24,geo_cov_rur,2011,9.506
pak,sex_f,age_aggregate_y15_24,geo_cov_rur,2021,13.419
pak,sex_f,age_aggregate_y15_24,geo_cov_rur,2025,13.684
pak,sex_f,age_aggregate_y15_24,geo_cov_urb,2009,20.514
pak,sex_f,age_aggregate_y15_24,geo_cov_urb,2011,28.335
pak,sex_f,age_aggregate_y15_24,geo_cov_urb,2021,26.889
pak,sex_f,age_aggregate_y15_24,geo_cov_urb,2025,30.1
pak,sex_f,age_aggregate_y25_54,geo_cov_nat,2009,5.475
pak,sex_f,age_aggregate_y25_54,geo_cov_nat,2011,5.167
pak,sex_f,age_aggregate_y25_54,geo_cov_nat,2021,8.332
pak,sex_f,age_aggregate_y25_54,geo_cov_nat,2025,12.827
pak,sex_f,age_aggregate_y25_54,geo_cov_rur,2009,4.579
pak,sex_f,age_aggregate_y25_54,geo_cov_rur,2011,3.505
pak,sex_f,age_aggregate_y25_54,geo_cov_rur,2021,6.553
pak,sex_f,age_aggregate_y25_54,geo_cov_rur,2025,9.418
pak,sex_f,age_aggregate_y25_54,geo_cov_urb,2009,9.896
pak,sex_f,age_aggregate_y25_54,geo_cov_urb,2011,13.188
pak,sex_f,age_aggregate_y25_54,geo_cov_urb,2021,15.853
pak,sex_f,age_aggregate_y25_54,geo_cov_urb,2025,23.881
pak,sex_f,age_aggregate_y55_64,geo_cov_nat,2009,17.203
pak,sex_f,age_aggregate_y55_64,geo_cov_nat,2011,13.897
pak,sex_f,age_aggregate_y55_64,geo_cov_nat,2021,3.97
pak,sex_f,age_aggregate_y55_64,geo_cov_nat,2025,3.224
pak,sex_f,age_aggregate_y55_64,geo_cov_rur,2009,13.867
pak,sex_f,age_aggregate_y55_64,geo_cov_rur,2011,10.583
pak,sex_f,age_aggregate_y55_64,geo_cov_rur,2021,4.044
pak,sex_f,age_aggregate_y55_64,geo_cov_rur,2025,2.869
pak,sex_f,age_aggregate_y55_64,geo_cov_urb,2009,44.75
pak,sex_f,age_aggregate_y55_64,geo_cov_urb,2011,34.079
pak,sex_f,age_aggregate_y55_64,geo_cov_urb,2021,3.447
pak,sex_f,age_aggregate_y55_64,geo_cov_urb,2025,4.961
pak,sex_f,age_aggregate_yge65,geo_cov_nat,2009,38.739
pak,sex_f,age_aggregate_yge65,geo_cov_nat,2011,37.053
pak,sex_f,age_aggregate_yge65,geo_cov_nat,2025,2.266
pak,sex_f,age_aggregate_yge65,geo_cov_rur,2009,32.67
pak,sex_f,age_aggregate_yge65,geo_cov_rur,2011,32.195
pak,sex_f,age_aggregate_yge65,geo_cov_urb,2009,67.649
pak,sex_f,age_aggregate_yge65,geo_cov_urb,2011,60.505
pak,sex_f,age_ythadult_y15_24,geo_cov_nat,2009,11.353
pak,sex_f,age_ythadult_y15_24,geo_cov_nat,2011,13.317
pak,sex_f,age_ythadult_y15_24,geo_cov_nat,2021,15.616
pak,sex_f,age_ythadult_y15_24,geo_cov_nat,2025,17.688
pak,sex_f,age_ythadult_y15_24,geo_cov_rur,2009,8.811
pak,sex_f,age_ythadult_y15_24,geo_cov_rur,2011,9.506
pak,sex_f,age_ythadult_y15_24,geo_cov_rur,2021,13.419
pak,sex_f,age_ythadult_y15_24,geo_cov_rur,2025,13.684
pak,sex_f,age_ythadult_y15_24,geo_cov_urb,2009,20.514
pak,sex_f,age_ythadult_y15_24,geo_cov_urb,2011,28.335
pak,sex_f,age_ythadult_y15_24,geo_cov_urb,2021,26.889
pak,sex_f,age_ythadult_y15_24,geo_cov_urb,2025,30.1
pak,sex_f,age_ythadult_y15_64,geo_cov_nat,2009,8.23
pak,sex_f,age_ythadult_y15_64,geo_cov_nat,2011,8.347
pak,sex_f,age_ythadult_y15_64,geo_cov_nat,2021,10.14
pak,sex_f,age_ythadult_y15_64,geo_cov_nat,2025,13.51
pak,sex_f,age_ythadult_y15_64,geo_cov_rur,2009,6.626
pak,sex_f,age_ythadult_y15_64,geo_cov_rur,2021,8.37
pak,sex_f,age_ythadult_y15_64,geo_cov_rur,2025,10.079
pak,sex_f,age_ythadult_y15_64,geo_cov_urb,2009,15.569
pak,sex_f,age_ythadult_y15_64,geo_cov_urb,2011,19.734
pak,sex_f,age_ythadult_y15_64,geo_cov_urb,2021,18.202
pak,sex_f,age_ythadult_y15_64,geo_cov_urb,2025,24.739
pak,sex_f,age_ythadult_yge15,geo_cov_nat,2009,8.98
pak,sex_f,age_ythadult_yge15,geo_cov_nat,2011,8.947
pak,sex_f,age_ythadult_yge15,geo_cov_nat,2021,10.054
pak,sex_f,age_ythadult_yge15,geo_cov_nat,2025,13.377
pak,sex_f,age_ythadult_yge15,geo_cov_rur,2009,7.271
pak,sex_f,age_ythadult_yge15,geo_cov_rur,2011,6.418
pak,sex_f,age_ythadult_yge15,geo_cov_rur,2021,8.296
pak,sex_f,age_ythadult_yge15,geo_cov_rur,2025,9.976
pak,sex_f,age_ythadult_yge15,geo_cov_urb,2009,16.808
pak,sex_f,age_ythadult_yge15,geo_cov_urb,2011,20.55
pak,sex_f,age_ythadult_yge15,geo_cov_urb,2021,18.09
pak,sex_f,age_ythadult_yge15,geo_cov_urb,2025,24.498
pak,sex_f,age_ythadult_yge25,geo_cov_nat,2009,7.917
pak,sex_f,age_ythadult_yge25,geo_cov_nat,2011,7.008
pak,sex_f,age_ythadult_yge25,geo_cov_nat,2021,7.929
pak,sex_f,age_ythadult_yge25,geo_cov_nat,2025,11.936
pak,sex_f,age_ythadult_yge25,geo_cov_rur,2009,6.626
pak,sex_f,age_ythadult_yge25,geo_cov_rur,2011,5.104
pak,sex_f,age_ythadult_yge25,geo_cov_rur,2021,6.284
pak,sex_f,age_ythadult_yge25,geo_cov_rur,2025,8.758
pak,sex_f,age_ythadult_yge25,geo_cov_urb,2009,14.584
pak,sex_f,age_ythadult_yge25,geo_cov_urb,2011,16.403
pak,sex_f,age_ythadult_yge25,geo_cov_urb,2021,15.138
pak,sex_f,age_ythadult_yge25,geo_cov_urb,2025,22.521
pak,sex_m,age_aggregate_total,geo_cov_nat,2009,4.203
pak,sex_m,age_aggregate_total,geo_cov_nat,2011,4.797
pak,sex_m,age_aggregate_total,geo_cov_nat,2021,5.944
pak,sex_m,age_aggregate_total,geo_cov_nat,2025,6.79
pak,sex_m,age_aggregate_total,geo_cov_rur,2009,3.607
pak,sex_m,age_aggregate_total,geo_cov_rur,2011,3.725
pak,sex_m,age_aggregate_total,geo_cov_rur,2021,5.57
pak,sex_m,age_aggregate_total,geo_cov_rur,2025,6.421
pak,sex_m,age_aggregate_total,geo_cov_urb,2009,5.295
pak,sex_m,age_aggregate_total,geo_cov_urb,2011,6.745
pak,sex_m,age_aggregate_total,geo_cov_urb,2021,6.57
pak,sex_m,age_aggregate_total,geo_cov_urb,2025,7.365
pak,sex_m,age_aggregate_y15_24,geo_cov_nat,2009,7.426
pak,sex_m,age_aggregate_y15_24,geo_cov_nat,2011,9.3
pak,sex_m,age_aggregate_y15_24,geo_cov_nat,2021,10.812
pak,sex_m,age_aggregate_y15_24,geo_cov_nat,2025,13.994
pak,sex_m,age_aggregate_y15_24,geo_cov_rur,2009,6.242
pak,sex_m,age_aggregate_y15_24,geo_cov_rur,2011,7.169
pak,sex_m,age_aggregate_y15_24,geo_cov_rur,2021,9.601
pak,sex_m,age_aggregate_y15_24,geo_cov_rur,2025,12.776
pak,sex_m,age_aggregate_y15_24,geo_cov_urb,2009,9.763
pak,sex_m,age_aggregate_y15_24,geo_cov_urb,2011,13.426
pak,sex_m,age_aggregate_y15_24,geo_cov_urb,2021,13.212
pak,sex_m,age_aggregate_y15_24,geo_cov_urb,2025,16.332
pak,sex_m,age_aggregate_y25_54,geo_cov_nat,2009,2.044
pak,sex_m,age_aggregate_y25_54,geo_cov_nat,2011,2.312
pak,sex_m,age_aggregate_y25_54,geo_cov_nat,2021,4.581
pak,sex_m,age_aggregate_y25_54,geo_cov_nat,2025,4.388
pak,sex_m,age_aggregate_y25_54,geo_cov_rur,2009,1.673
pak,sex_m,age_aggregate_y25_54,geo_cov_rur,2011,1.754
pak,sex_m,age_aggregate_y25_54,geo_cov_rur,2021,4.549
pak,sex_m,age_aggregate_y25_54,geo_cov_rur,2025,4.065
pak,sex_m,age_aggregate_y25_54,geo_cov_urb,2009,2.662
pak,sex_m,age_aggregate_y25_54,geo_cov_urb,2011,3.257
pak,sex_m,age_aggregate_y25_54,geo_cov_urb,2021,4.63
pak,sex_m,age_aggregate_y25_54,geo_cov_urb,2025,4.844
pak,sex_m,age_aggregate_y55_64,geo_cov_nat,2009,5.232
pak,sex_m,age_aggregate_y55_64,geo_cov_nat,2011,5.523
pak,sex_m,age_aggregate_y55_64,geo_cov_nat,2021,2.805
pak,sex_m,age_aggregate_y55_64,geo_cov_nat,2025,4.811
pak,sex_m,age_aggregate_y55_64,geo_cov_rur,2009,3.991
pak,sex_m,age_aggregate_y55_64,geo_cov_rur,2011,3.433
pak,sex_m,age_aggregate_y55_64,geo_cov_rur,2021,1.822
pak,sex_m,age_aggregate_y55_64,geo_cov_rur,2025,4.64
pak,sex_m,age_aggregate_y55_64,geo_cov_urb,2009,8.11
pak,sex_m,age_aggregate_y55_64,geo_cov_urb,2011,9.742
pak,sex_m,age_aggregate_y55_64,geo_cov_urb,2021,4.865
pak,sex_m,age_aggregate_y55_64,geo_cov_urb,2025,5.078
pak,sex_m,age_aggregate_yge65,geo_cov_nat,2009,11.226
pak,sex_m,age_aggregate_yge65,geo_cov_nat,2011,9.592
pak,sex_m,age_aggregate_yge65,geo_cov_nat,2021,1.063
pak,sex_m,age_aggregate_yge65,geo_cov_nat,2025,1.099
pak,sex_m,age_aggregate_yge65,geo_cov_rur,2009,10.392
pak,sex_m,age_aggregate_yge65,geo_cov_rur,2011,8.549
pak,sex_m,age_aggregate_yge65,geo_cov_rur,2021,0.731
pak,sex_m,age_aggregate_yge65,geo_cov_rur,2025,0.715
pak,sex_m,age_aggregate_yge65,geo_cov_urb,2009,13.86
pak,sex_m,age_aggregate_yge65,geo_cov_urb,2011,12.95
pak,sex_m,age_aggregate_yge65,geo_cov_urb,2021,2.014
pak,sex_m,age_aggregate_yge65,geo_cov_urb,2025,1.816
pak,sex_m,age_ythadult_y15_24,geo_cov_nat,2009,7.426
pak,sex_m,age_ythadult_y15_24,geo_cov_nat,2011,9.3
pak,sex_m,age_ythadult_y15_24,geo_cov_nat,2021,10.812
pak,sex_m,age_ythadult_y15_24,geo_cov_nat,2025,13.994
pak,sex_m,age_ythadult_y15_24,geo_cov_rur,2009,6.242
pak,sex_m,age_ythadult_y15_24,geo_cov_rur,2011,7.169
pak,sex_m,age_ythadult_y15_24,geo_cov_rur,2021,9.601
pak,sex_m,age_ythadult_y15_24,geo_cov_rur,2025,12.776
pak,sex_m,age_ythadult_y15_24,geo_cov_urb,2009,9.763
pak,sex_m,age_ythadult_y15_24,geo_cov_urb,2011,13.426
pak,sex_m,age_ythadult_y15_24,geo_cov_urb,2021,13.212
pak,sex_m,age_ythadult_y15_24,geo_cov_urb,2025,16.332
pak,sex_m,age_ythadult_y15_64,geo_cov_nat,2009,3.95
pak,sex_m,age_ythadult_y15_64,geo_cov_nat,2011,4.641
pak,sex_m,age_ythadult_y15_64,geo_cov_nat,2021,6.073
pak,sex_m,age_ythadult_y15_64,geo_cov_nat,2025,6.983
pak,sex_m,age_ythadult_y15_64,geo_cov_rur,2009,3.318
pak,sex_m,age_ythadult_y15_64,geo_cov_rur,2021,5.722
pak,sex_m,age_ythadult_y15_64,geo_cov_rur,2025,6.628
pak,sex_m,age_ythadult_y15_64,geo_cov_urb,2009,5.087
pak,sex_m,age_ythadult_y15_64,geo_cov_urb,2011,6.611
pak,sex_m,age_ythadult_y15_64,geo_cov_urb,2021,6.653
pak,sex_m,age_ythadult_y15_64,geo_cov_urb,2025,7.532
pak,sex_m,age_ythadult_yge15,geo_cov_nat,2009,4.203
pak,sex_m,age_ythadult_yge15,geo_cov_nat,2011,4.797
pak,sex_m,age_ythadult_yge15,geo_cov_nat,2021,5.944
pak,sex_m,age_ythadult_yge15,geo_cov_nat,2025,6.79
pak,sex_m,age_ythadult_yge15,geo_cov_rur,2009,3.607
pak,sex_m,age_ythadult_yge15,geo_cov_rur,2011,3.725
pak,sex_m,age_ythadult_yge15,geo_cov_rur,2021,5.57
pak,sex_m,age_ythadult_yge15,geo_cov_rur,2025,6.421
pak,sex_m,age_ythadult_yge15,geo_cov_urb,2009,5.295
pak,sex_m,age_ythadult_yge15,geo_cov_urb,2011,6.745
pak,sex_m,age_ythadult_yge15,geo_cov_urb,2021,6.57
pak,sex_m,age_ythadult_yge15,geo_cov_urb,2025,7.365
pak,sex_m,age_ythadult_yge25,geo_cov_nat,2009,2.886
pak,sex_m,age_ythadult_yge25,geo_cov_nat,2011,3.019
pak,sex_m,age_ythadult_yge25,geo_cov_nat,2021,4.271
pak,sex_m,age_ythadult_yge25,geo_cov_nat,2025,4.298
pak,sex_m,age_ythadult_yge25,geo_cov_rur,2009,2.491
pak,sex_m,age_ythadult_yge25,geo_cov_rur,2011,2.323
pak,sex_m,age_ythadult_yge25,geo_cov_rur,2021,4.069
pak,sex_m,age_ythadult_yge25,geo_cov_rur,2025,3.98
pak,sex_m,age_ythadult_yge25,geo_cov_urb,2009,3.588
pak,sex_m,age_ythadult_yge25,geo_cov_urb,2011,4.254
pak,sex_m,age_ythadult_yge25,geo_cov_urb,2021,4.591
pak,sex_m,age_ythadult_yge25,geo_cov_urb,2025,4.759
pak,sex_t,age_aggregate_total,geo_cov_nat,2009,5.222
pak,sex_t,age_aggregate_total,geo_cov_nat,2011,5.736
pak,sex_t,age_aggregate_total,geo_cov_nat,2021,6.899
pak,sex_t,age_aggregate_total,geo_cov_nat,2025,8.473
pak,sex_t,age_aggregate_total,geo_cov_rur,2009,4.545
pak,sex_t,age_aggregate_total,geo_cov_rur,2011,4.455
pak,sex_t,age_aggregate_total,geo_cov_rur,2021,6.344
pak,sex_t,age_aggregate_total,geo_cov_rur,2025,7.493
pak,sex_t,age_aggregate_total,geo_cov_urb,2009,6.689
pak,sex_t,age_aggregate_total,geo_cov_urb,2011,8.518
pak,sex_t,age_aggregate_total,geo_cov_urb,2021,8.033
pak,sex_t,age_aggregate_total,geo_cov_urb,2025,10.286
pak,sex_t,age_aggregate_y15_24,geo_cov_nat,2009,8.307
pak,sex_t,age_aggregate_y15_24,geo_cov_nat,2011,10.268
pak,sex_t,age_aggregate_y15_24,geo_cov_nat,2021,11.997
pak,sex_t,age_aggregate_y15_24,geo_cov_nat,2025,14.92
pak,sex_t,age_aggregate_y15_24,geo_cov_rur,2009,6.896
pak,sex_t,age_aggregate_y15_24,geo_cov_rur,2011,7.818
pak,sex_t,age_aggregate_y15_24,geo_cov_rur,2021,10.716
pak,sex_t,age_aggregate_y15_24,geo_cov_rur,2025,13.028
pak,sex_t,age_aggregate_y15_24,geo_cov_urb,2009,11.456
pak,sex_t,age_aggregate_y15_24,geo_cov_urb,2011,15.792
pak,sex_t,age_aggregate_y15_24,geo_cov_urb,2021,15.09
pak,sex_t,age_aggregate_y15_24,geo_cov_urb,2025,18.979
pak,sex_t,age_aggregate_y25_54,geo_cov_nat,2009,2.78
pak,sex_t,age_aggregate_y25_54,geo_cov_nat,2011,2.961
pak,sex_t,age_aggregate_y25_54,geo_cov_nat,2021,5.479
pak,sex_t,age_aggregate_y25_54,geo_cov_nat,2025,6.715
pak,sex_t,age_aggregate_y25_54,geo_cov_rur,2009,2.448
pak,sex_t,age_aggregate_y25_54,geo_cov_rur,2011,2.243
pak,sex_t,age_aggregate_y25_54,geo_cov_rur,2021,5.145
pak,sex_t,age_aggregate_y25_54,geo_cov_rur,2025,5.841
pak,sex_t,age_aggregate_y25_54,geo_cov_urb,2009,3.451
pak,sex_t,age_aggregate_y25_54,geo_cov_urb,2011,4.444
pak,sex_t,age_aggregate_y25_54,geo_cov_urb,2021,6.098
pak,sex_t,age_aggregate_y25_54,geo_cov_urb,2025,8.237
pak,sex_t,age_aggregate_y55_64,geo_cov_nat,2009,7.475
pak,sex_t,age_aggregate_y55_64,geo_cov_nat,2011,7.126
pak,sex_t,age_aggregate_y55_64,geo_cov_nat,2021,2.994
pak,sex_t,age_aggregate_y55_64,geo_cov_nat,2025,4.545
pak,sex_t,age_aggregate_y55_64,geo_cov_rur,2009,6.237
pak,sex_t,age_aggregate_y55_64,geo_cov_rur,2011,5.101
pak,sex_t,age_aggregate_y55_64,geo_cov_rur,2021,2.268
pak,sex_t,age_aggregate_y55_64,geo_cov_rur,2025,4.259
pak,sex_t,age_aggregate_y55_64,geo_cov_urb,2009,10.907
pak,sex_t,age_aggregate_y55_64,geo_cov_urb,2011,11.972
pak,sex_t,age_aggregate_y55_64,geo_cov_urb,2021,4.766
pak,sex_t,age_aggregate_y55_64,geo_cov_urb,2025,5.068
pak,sex_t,age_aggregate_yge65,geo_cov_nat,2009,15.649
pak,sex_t,age_aggregate_yge65,geo_cov_nat,2011,14.043
pak,sex_t,age_aggregate_yge65,geo_cov_nat,2021,0.996
pak,sex_t,age_aggregate_yge65,geo_cov_nat,2025,1.228
pak,sex_t,age_aggregate_yge65,geo_cov_rur,2009,14.235
pak,sex_t,age_aggregate_yge65,geo_cov_rur,2011,12.653
pak,sex_t,age_aggregate_yge65,geo_cov_rur,2021,0.694
pak,sex_t,age_aggregate_yge65,geo_cov_rur,2025,0.774
pak,sex_t,age_aggregate_yge65,geo_cov_urb,2009,20.393
pak,sex_t,age_aggregate_yge65,geo_cov_urb,2011,18.793
pak,sex_t,age_aggregate_yge65,geo_cov_urb,2021,1.918
pak,sex_t,age_aggregate_yge65,geo_cov_urb,2025,2.118
pak,sex_t,age_ythadult_y15_24,geo_cov_nat,2009,8.307
pak,sex_t,age_ythadult_y15_24,geo_cov_nat,2011,10.268
pak,sex_t,age_ythadult_y15_24,geo_cov_nat,2021,11.997
pak,sex_t,age_ythadult_y15_24,geo_cov_nat,2025,14.92
pak,sex_t,age_ythadult_y15_24,geo_cov_rur,2009,6.896
pak,sex_t,age_ythadult_y15_24,geo_cov_rur,2011,7.818
pak,sex_t,age_ythadult_y15_24,geo_cov_rur,2021,10.716
pak,sex_t,age_ythadult_y15_24,geo_cov_rur,2025,13.028
pak,sex_t,age_ythadult_y15_24,geo_cov_urb,2009,11.456
pak,sex_t,age_ythadult_y15_24,geo_cov_urb,2011,15.792
pak,sex_t,age_ythadult_y15_24,geo_cov_urb,2021,15.09
pak,sex_t,age_ythadult_y15_24,geo_cov_urb,2025,18.979
pak,sex_t,age_ythadult_y15_64,geo_cov_nat,2009,4.871
pak,sex_t,age_ythadult_y15_64,geo_cov_nat,2011,5.486
pak,sex_t,age_ythadult_y15_64,geo_cov_nat,2021,7.031
pak,sex_t,age_ythadult_y15_64,geo_cov_nat,2025,8.677
pak,sex_t,age_ythadult_y15_64,geo_cov_rur,2009,4.176
pak,sex_t,age_ythadult_y15_64,geo_cov_rur,2021,6.486
pak,sex_t,age_ythadult_y15_64,geo_cov_rur,2025,7.686
pak,sex_t,age_ythadult_y15_64,geo_cov_urb,2009,6.356
pak,sex_t,age_ythadult_y15_64,geo_cov_urb,2011,8.299
pak,sex_t,age_ythadult_y15_64,geo_cov_urb,2021,8.135
pak,sex_t,age_ythadult_y15_64,geo_cov_urb,2025,10.507
pak,sex_t,age_ythadult_yge15,geo_cov_nat,2009,5.222
pak,sex_t,age_ythadult_yge15,geo_cov_nat,2011,5.736
pak,sex_t,age_ythadult_yge15,geo_cov_nat,2021,6.899
pak,sex_t,age_ythadult_yge15,geo_cov_nat,2025,8.473
pak,sex_t,age_ythadult_yge15,geo_cov_rur,2009,4.545
pak,sex_t,age_ythadult_yge15,geo_cov_rur,2011,4.455
pak,sex_t,age_ythadult_yge15,geo_cov_rur,2021,6.344
pak,sex_t,age_ythadult_yge15,geo_cov_rur,2025,7.493
pak,sex_t,age_ythadult_yge15,geo_cov_urb,2009,6.689
pak,sex_t,age_ythadult_yge15,geo_cov_urb,2011,8.518
pak,sex_t,age_ythadult_yge15,geo_cov_urb,2021,8.033
pak,sex_t,age_ythadult_yge15,geo_cov_urb,2025,10.286
pak,sex_t,age_ythadult_yge25,geo_cov_nat,2009,3.936
pak,sex_t,age_ythadult_yge25,geo_cov_nat,2011,3.898
pak,sex_t,age_ythadult_yge25,geo_cov_nat,2021,5.102
pak,sex_t,age_ythadult_yge25,geo_cov_nat,2025,6.263
pak,sex_t,age_ythadult_yge25,geo_cov_rur,2009,3.552
pak,sex_t,age_ythadult_yge25,geo_cov_rur,2011,3.07
pak,sex_t,age_ythadult_yge25,geo_cov_rur,2021,4.691
pak,sex_t,age_ythadult_yge25,geo_cov_rur,2025,5.462
pak,sex_t,age_ythadult_yge25,geo_cov_urb,2009,4.757
pak,sex_t,age_ythadult_yge25,geo_cov_urb,2011,5.67
pak,sex_t,age_ythadult_yge25,geo_cov_urb,2021,5.898
pak,sex_t,age_ythadult_yge25,geo_cov_urb,2025,7.67
pan,sex_f,age_aggregate_total,geo_cov_nat,2006,11.434
pan,sex_f,age_aggregate_total,geo_cov_nat,2007,8.5
pan,sex_f,age_aggregate_total,geo_cov_nat,2008,8.728
pan,sex_f,age_aggregate_total,geo_cov_nat,2009,8.703
pan,sex_f,age_aggregate_total,geo_cov_nat,2010,8.364
pan,sex_f,age_aggregate_total,geo_cov_nat,2011,4.896
pan,sex_f,age_aggregate_total,geo_cov_nat,2012,4.9
pan,sex_f,age_aggregate_total,geo_cov_nat,2013,5.209
pan,sex_f,age_aggregate_total,geo_cov_nat,2014,5.987
pan,sex_f,age_aggregate_total,geo_cov_nat,2015,6.11
pan,sex_f,age_aggregate_total,geo_cov_nat,2016,6.532
pan,sex_f,age_aggregate_total,geo_cov_nat,2017,7.648
pan,sex_f,age_aggregate_total,geo_cov_nat,2018,7.442
pan,sex_f,age_aggregate_total,geo_cov_nat,2019,8.684
pan,sex_f,age_aggregate_total,geo_cov_nat,2021,11.593
pan,sex_f,age_aggregate_total,geo_cov_nat,2022,10.115
pan,sex_f,age_aggregate_total,geo_cov_nat,2023,9.358
pan,sex_f,age_aggregate_total,geo_cov_nat,2024,12.153
pan,sex_f,age_aggregate_total,geo_cov_rur,2006,7.81
pan,sex_f,age_aggregate_total,geo_cov_rur,2007,6.016
pan,sex_f,age_aggregate_total,geo_cov_rur,2008,6.805
pan,sex_f,age_aggregate_total,geo_cov_rur,2009,5.742
pan,sex_f,age_aggregate_total,geo_cov_rur,2010,5.986
pan,sex_f,age_aggregate_total,geo_cov_rur,2011,3.099
pan,sex_f,age_aggregate_total,geo_cov_rur,2012,3.083
pan,sex_f,age_aggregate_total,geo_cov_rur,2013,3.99
pan,sex_f,age_aggregate_total,geo_cov_rur,2014,4.747
pan,sex_f,age_aggregate_total,geo_cov_rur,2015,4.436
pan,sex_f,age_aggregate_total,geo_cov_rur,2016,4.104
pan,sex_f,age_aggregate_total,geo_cov_rur,2017,5.61
pan,sex_f,age_aggregate_total,geo_cov_rur,2018,4.807
pan,sex_f,age_aggregate_total,geo_cov_rur,2019,5.338
pan,sex_f,age_aggregate_total,geo_cov_rur,2021,7.247
pan,sex_f,age_aggregate_total,geo_cov_rur,2022,8.694
pan,sex_f,age_aggregate_total,geo_cov_rur,2023,5.634
pan,sex_f,age_aggregate_total,geo_cov_rur,2024,8.916
pan,sex_f,age_aggregate_total,geo_cov_urb,2006,12.687
pan,sex_f,age_aggregate_total,geo_cov_urb,2007,9.388
pan,sex_f,age_aggregate_total,geo_cov_urb,2008,9.368
pan,sex_f,age_aggregate_total,geo_cov_urb,2009,9.762
pan,sex_f,age_aggregate_total,geo_cov_urb,2010,9.199
pan,sex_f,age_aggregate_total,geo_cov_urb,2011,5.408
pan,sex_f,age_aggregate_total,geo_cov_urb,2012,5.496
pan,sex_f,age_aggregate_total,geo_cov_urb,2013,5.623
pan,sex_f,age_aggregate_total,geo_cov_urb,2014,6.388
pan,sex_f,age_aggregate_total,geo_cov_urb,2015,6.651
pan,sex_f,age_aggregate_total,geo_cov_urb,2016,7.333
pan,sex_f,age_aggregate_total,geo_cov_urb,2017,8.319
pan,sex_f,age_aggregate_total,geo_cov_urb,2018,8.315
pan,sex_f,age_aggregate_total,geo_cov_urb,2019,9.797
pan,sex_f,age_aggregate_total,geo_cov_urb,2021,12.911
pan,sex_f,age_aggregate_total,geo_cov_urb,2022,10.684
pan,sex_f,age_aggregate_total,geo_cov_urb,2023,10.481
pan,sex_f,age_aggregate_total,geo_cov_urb,2024,13.477
pan,sex_f,age_aggregate_y15_24,geo_cov_nat,2006,26.707
pan,sex_f,age_aggregate_y15_24,geo_cov_nat,2007,20.801
pan,sex_f,age_aggregate_y15_24,geo_cov_nat,2008,19.657
pan,sex_f,age_aggregate_y15_24,geo_cov_nat,2009,21.092
pan,sex_f,age_aggregate_y15_24,geo_cov_nat,2010,20.42
pan,sex_f,age_aggregate_y15_24,geo_cov_nat,2011,14.625
pan,sex_f,age_aggregate_y15_24,geo_cov_nat,2012,13.242
pan,sex_f,age_aggregate_y15_24,geo_cov_nat,2013,13.745
pan,sex_f,age_aggregate_y15_24,geo_cov_nat,2014,14.57
pan,sex_f,age_aggregate_y15_24,geo_cov_nat,2015,17.643
pan,sex_f,age_aggregate_y15_24,geo_cov_nat,2016,17.65
pan,sex_f,age_aggregate_y15_24,geo_cov_nat,2017,21.216
pan,sex_f,age_aggregate_y15_24,geo_cov_nat,2018,21.687
pan,sex_f,age_aggregate_y15_24,geo_cov_nat,2019,23.989
pan,sex_f,age_aggregate_y15_24,geo_cov_nat,2021,28.394
pan,sex_f,age_aggregate_y15_24,geo_cov_nat,2022,23.954
pan,sex_f,age_aggregate_y15_24,geo_cov_nat,2023,23.224
pan,sex_f,age_aggregate_y15_24,geo_cov_nat,2024,28.221
pan,sex_f,age_aggregate_y15_24,geo_cov_rur,2006,20.19
pan,sex_f,age_aggregate_y15_24,geo_cov_rur,2007,14.056
pan,sex_f,age_aggregate_y15_24,geo_cov_rur,2008,16.703
pan,sex_f,age_aggregate_y15_24,geo_cov_rur,2009,16.248
pan,sex_f,age_aggregate_y15_24,geo_cov_rur,2010,16.563
pan,sex_f,age_aggregate_y15_24,geo_cov_rur,2011,7.831
pan,sex_f,age_aggregate_y15_24,geo_cov_rur,2012,8.231
pan,sex_f,age_aggregate_y15_24,geo_cov_rur,2013,10.227
pan,sex_f,age_aggregate_y15_24,geo_cov_rur,2014,9.419
pan,sex_f,age_aggregate_y15_24,geo_cov_rur,2015,11.97
pan,sex_f,age_aggregate_y15_24,geo_cov_rur,2016,9.868
pan,sex_f,age_aggregate_y15_24,geo_cov_rur,2017,13.702
pan,sex_f,age_aggregate_y15_24,geo_cov_rur,2018,14.24
pan,sex_f,age_aggregate_y15_24,geo_cov_rur,2019,13.331
pan,sex_f,age_aggregate_y15_24,geo_cov_rur,2021,15.096
pan,sex_f,age_aggregate_y15_24,geo_cov_rur,2022,19.236
pan,sex_f,age_aggregate_y15_24,geo_cov_rur,2023,13.107
pan,sex_f,age_aggregate_y15_24,geo_cov_rur,2024,17.863
pan,sex_f,age_aggregate_y15_24,geo_cov_urb,2006,28.921
pan,sex_f,age_aggregate_y15_24,geo_cov_urb,2007,23.744
pan,sex_f,age_aggregate_y15_24,geo_cov_urb,2008,20.867
pan,sex_f,age_aggregate_y15_24,geo_cov_urb,2009,23.112
pan,sex_f,age_aggregate_y15_24,geo_cov_urb,2010,21.93
pan,sex_f,age_aggregate_y15_24,geo_cov_urb,2011,17.006
pan,sex_f,age_aggregate_y15_24,geo_cov_urb,2012,15.417
pan,sex_f,age_aggregate_y15_24,geo_cov_urb,2013,15.245
pan,sex_f,age_aggregate_y15_24,geo_cov_urb,2014,16.644
pan,sex_f,age_aggregate_y15_24,geo_cov_urb,2015,20.022
pan,sex_f,age_aggregate_y15_24,geo_cov_urb,2016,21.54
pan,sex_f,age_aggregate_y15_24,geo_cov_urb,2017,24.462
pan,sex_f,age_aggregate_y15_24,geo_cov_urb,2018,25.022
pan,sex_f,age_aggregate_y15_24,geo_cov_urb,2019,28.936
pan,sex_f,age_aggregate_y15_24,geo_cov_urb,2021,33.665
pan,sex_f,age_aggregate_y15_24,geo_cov_urb,2022,26.004
pan,sex_f,age_aggregate_y15_24,geo_cov_urb,2023,27.53
pan,sex_f,age_aggregate_y15_24,geo_cov_urb,2024,34.021
pan,sex_f,age_aggregate_y25_54,geo_cov_nat,2006,8.68
pan,sex_f,age_aggregate_y25_54,geo_cov_nat,2007,6.428
pan,sex_f,age_aggregate_y25_54,geo_cov_nat,2008,7.171
pan,sex_f,age_aggregate_y25_54,geo_cov_nat,2009,7.065
pan,sex_f,age_aggregate_y25_54,geo_cov_nat,2010,6.773
pan,sex_f,age_aggregate_y25_54,geo_cov_nat,2011,3.833
pan,sex_f,age_aggregate_y25_54,geo_cov_nat,2012,3.804
pan,sex_f,age_aggregate_y25_54,geo_cov_nat,2013,4.044
pan,sex_f,age_aggregate_y25_54,geo_cov_nat,2014,4.986
pan,sex_f,age_aggregate_y25_54,geo_cov_nat,2015,4.885
pan,sex_f,age_aggregate_y25_54,geo_cov_nat,2016,5.315
pan,sex_f,age_aggregate_y25_54,geo_cov_nat,2017,6.191
pan,sex_f,age_aggregate_y25_54,geo_cov_nat,2018,6.086
pan,sex_f,age_aggregate_y25_54,geo_cov_nat,2019,7.08
pan,sex_f,age_aggregate_y25_54,geo_cov_nat,2021,10.331
pan,sex_f,age_aggregate_y25_54,geo_cov_nat,2022,9.41
pan,sex_f,age_aggregate_y25_54,geo_cov_nat,2023,8.614
pan,sex_f,age_aggregate_y25_54,geo_cov_nat,2024,11.178
pan,sex_f,age_aggregate_y25_54,geo_cov_rur,2006,5.729
pan,sex_f,age_aggregate_y25_54,geo_cov_rur,2007,4.539
pan,sex_f,age_aggregate_y25_54,geo_cov_rur,2008,5.04
pan,sex_f,age_aggregate_y25_54,geo_cov_rur,2009,3.919
pan,sex_f,age_aggregate_y25_54,geo_cov_rur,2010,4.528
pan,sex_f,age_aggregate_y25_54,geo_cov_rur,2011,2.626
pan,sex_f,age_aggregate_y25_54,geo_cov_rur,2012,2.349
pan,sex_f,age_aggregate_y25_54,geo_cov_rur,2013,3.071
pan,sex_f,age_aggregate_y25_54,geo_cov_rur,2014,4.362
pan,sex_f,age_aggregate_y25_54,geo_cov_rur,2015,3.468
pan,sex_f,age_aggregate_y25_54,geo_cov_rur,2016,3.378
pan,sex_f,age_aggregate_y25_54,geo_cov_rur,2017,4.924
pan,sex_f,age_aggregate_y25_54,geo_cov_rur,2018,3.517
pan,sex_f,age_aggregate_y25_54,geo_cov_rur,2019,4.471
pan,sex_f,age_aggregate_y25_54,geo_cov_rur,2021,6.63
pan,sex_f,age_aggregate_y25_54,geo_cov_rur,2022,8.312
pan,sex_f,age_aggregate_y25_54,geo_cov_rur,2023,5.117
pan,sex_f,age_aggregate_y25_54,geo_cov_rur,2024,9.195
pan,sex_f,age_aggregate_y25_54,geo_cov_urb,2006,9.655
pan,sex_f,age_aggregate_y25_54,geo_cov_urb,2007,7.032
pan,sex_f,age_aggregate_y25_54,geo_cov_urb,2008,7.794
pan,sex_f,age_aggregate_y25_54,geo_cov_urb,2009,8.089
pan,sex_f,age_aggregate_y25_54,geo_cov_urb,2010,7.501
pan,sex_f,age_aggregate_y25_54,geo_cov_urb,2011,4.143
pan,sex_f,age_aggregate_y25_54,geo_cov_urb,2012,4.227
pan,sex_f,age_aggregate_y25_54,geo_cov_urb,2013,4.343
pan,sex_f,age_aggregate_y25_54,geo_cov_urb,2014,5.169
pan,sex_f,age_aggregate_y25_54,geo_cov_urb,2015,5.296
pan,sex_f,age_aggregate_y25_54,geo_cov_urb,2016,5.865
pan,sex_f,age_aggregate_y25_54,geo_cov_urb,2017,6.563
pan,sex_f,age_aggregate_y25_54,geo_cov_urb,2018,6.845
pan,sex_f,age_aggregate_y25_54,geo_cov_urb,2019,7.865
pan,sex_f,age_aggregate_y25_54,geo_cov_urb,2021,11.363
pan,sex_f,age_aggregate_y25_54,geo_cov_urb,2022,9.847
pan,sex_f,age_aggregate_y25_54,geo_cov_urb,2023,9.592
pan,sex_f,age_aggregate_y25_54,geo_cov_urb,2024,11.914
pan,sex_f,age_aggregate_y55_64,geo_cov_nat,2006,3.008
pan,sex_f,age_aggregate_y55_64,geo_cov_nat,2007,0.82
pan,sex_f,age_aggregate_y55_64,geo_cov_nat,2009,1.653
pan,sex_f,age_aggregate_y55_64,geo_cov_nat,2010,2.512
pan,sex_f,age_aggregate_y55_64,geo_cov_nat,2012,1.344
pan,sex_f,age_aggregate_y55_64,geo_cov_nat,2013,1.141
pan,sex_f,age_aggregate_y55_64,geo_cov_nat,2014,2.104
pan,sex_f,age_aggregate_y55_64,geo_cov_nat,2015,1.044
pan,sex_f,age_aggregate_y55_64,geo_cov_nat,2016,1.8
pan,sex_f,age_aggregate_y55_64,geo_cov_nat,2017,1.474
pan,sex_f,age_aggregate_y55_64,geo_cov_nat,2018,0.489
pan,sex_f,age_aggregate_y55_64,geo_cov_nat,2019,2.834
pan,sex_f,age_aggregate_y55_64,geo_cov_nat,2021,5.573
pan,sex_f,age_aggregate_y55_64,geo_cov_nat,2022,2.92
pan,sex_f,age_aggregate_y55_64,geo_cov_nat,2023,2.78
pan,sex_f,age_aggregate_y55_64,geo_cov_nat,2024,4.568
pan,sex_f,age_aggregate_y55_64,geo_cov_rur,2009,1.51
pan,sex_f,age_aggregate_y55_64,geo_cov_rur,2021,3.456
pan,sex_f,age_aggregate_y55_64,geo_cov_rur,2022,2.195
pan,sex_f,age_aggregate_y55_64,geo_cov_urb,2006,3.485
pan,sex_f,age_aggregate_y55_64,geo_cov_urb,2007,0.886
pan,sex_f,age_aggregate_y55_64,geo_cov_urb,2009,1.711
pan,sex_f,age_aggregate_y55_64,geo_cov_urb,2010,3.258
pan,sex_f,age_aggregate_y55_64,geo_cov_urb,2012,1.825
pan,sex_f,age_aggregate_y55_64,geo_cov_urb,2013,1.375
pan,sex_f,age_aggregate_y55_64,geo_cov_urb,2014,2.155
pan,sex_f,age_aggregate_y55_64,geo_cov_urb,2016,2.284
pan,sex_f,age_aggregate_y55_64,geo_cov_urb,2017,1.96
pan,sex_f,age_aggregate_y55_64,geo_cov_urb,2018,0.635
pan,sex_f,age_aggregate_y55_64,geo_cov_urb,2019,3.454
pan,sex_f,age_aggregate_y55_64,geo_cov_urb,2021,6.193
pan,sex_f,age_aggregate_y55_64,geo_cov_urb,2022,3.198
pan,sex_f,age_aggregate_y55_64,geo_cov_urb,2023,3.25
pan,sex_f,age_aggregate_y55_64,geo_cov_urb,2024,5.948
pan,sex_f,age_aggregate_yge65,geo_cov_nat,2019,1.388
pan,sex_f,age_aggregate_yge65,geo_cov_nat,2022,1.289
pan,sex_f,age_aggregate_yge65,geo_cov_nat,2024,2.338
pan,sex_f,age_aggregate_yge65,geo_cov_urb,2019,2.153
pan,sex_f,age_aggregate_yge65,geo_cov_urb,2024,3.633
pan,sex_f,age_ythadult_y15_24,geo_cov_nat,2006,26.707
pan,sex_f,age_ythadult_y15_24,geo_cov_nat,2007,20.801
pan,sex_f,age_ythadult_y15_24,geo_cov_nat,2008,19.657
pan,sex_f,age_ythadult_y15_24,geo_cov_nat,2009,21.092
pan,sex_f,age_ythadult_y15_24,geo_cov_nat,2010,20.42
pan,sex_f,age_ythadult_y15_24,geo_cov_nat,2011,14.625
pan,sex_f,age_ythadult_y15_24,geo_cov_nat,2012,13.242
pan,sex_f,age_ythadult_y15_24,geo_cov_nat,2013,13.745
pan,sex_f,age_ythadult_y15_24,geo_cov_nat,2014,14.57
pan,sex_f,age_ythadult_y15_24,geo_cov_nat,2015,17.643
pan,sex_f,age_ythadult_y15_24,geo_cov_nat,2016,17.65
pan,sex_f,age_ythadult_y15_24,geo_cov_nat,2017,21.216
pan,sex_f,age_ythadult_y15_24,geo_cov_nat,2018,21.687
pan,sex_f,age_ythadult_y15_24,geo_cov_nat,2019,23.989
pan,sex_f,age_ythadult_y15_24,geo_cov_nat,2021,28.394
pan,sex_f,age_ythadult_y15_24,geo_cov_nat,2022,23.954
pan,sex_f,age_ythadult_y15_24,geo_cov_nat,2023,23.224
pan,sex_f,age_ythadult_y15_24,geo_cov_nat,2024,28.221
pan,sex_f,age_ythadult_y15_24,geo_cov_rur,2006,20.19
pan,sex_f,age_ythadult_y15_24,geo_cov_rur,2007,14.056
pan,sex_f,age_ythadult_y15_24,geo_cov_rur,2008,16.703
pan,sex_f,age_ythadult_y15_24,geo_cov_rur,2009,16.248
pan,sex_f,age_ythadult_y15_24,geo_cov_rur,2010,16.563
pan,sex_f,age_ythadult_y15_24,geo_cov_rur,2011,7.831
pan,sex_f,age_ythadult_y15_24,geo_cov_rur,2012,8.231
pan,sex_f,age_ythadult_y15_24,geo_cov_rur,2013,10.227
pan,sex_f,age_ythadult_y15_24,geo_cov_rur,2014,9.419
pan,sex_f,age_ythadult_y15_24,geo_cov_rur,2015,11.97
pan,sex_f,age_ythadult_y15_24,geo_cov_rur,2016,9.868
pan,sex_f,age_ythadult_y15_24,geo_cov_rur,2017,13.702
pan,sex_f,age_ythadult_y15_24,geo_cov_rur,2018,14.24
pan,sex_f,age_ythadult_y15_24,geo_cov_rur,2019,13.331
pan,sex_f,age_ythadult_y15_24,geo_cov_rur,2021,15.096
pan,sex_f,age_ythadult_y15_24,geo_cov_rur,2022,19.236
pan,sex_f,age_ythadult_y15_24,geo_cov_rur,2023,13.107
pan,sex_f,age_ythadult_y15_24,geo_cov_rur,2024,17.863
pan,sex_f,age_ythadult_y15_24,geo_cov_urb,2006,28.921
pan,sex_f,age_ythadult_y15_24,geo_cov_urb,2007,23.744
pan,sex_f,age_ythadult_y15_24,geo_cov_urb,2008,20.867
pan,sex_f,age_ythadult_y15_24,geo_cov_urb,2009,23.112
pan,sex_f,age_ythadult_y15_24,geo_cov_urb,2010,21.93
pan,sex_f,age_ythadult_y15_24,geo_cov_urb,2011,17.006
pan,sex_f,age_ythadult_y15_24,geo_cov_urb,2012,15.417
pan,sex_f,age_ythadult_y15_24,geo_cov_urb,2013,15.245
pan,sex_f,age_ythadult_y15_24,geo_cov_urb,2014,16.644
pan,sex_f,age_ythadult_y15_24,geo_cov_urb,2015,20.022
pan,sex_f,age_ythadult_y15_24,geo_cov_urb,2016,21.54
pan,sex_f,age_ythadult_y15_24,geo_cov_urb,2017,24.462
pan,sex_f,age_ythadult_y15_24,geo_cov_urb,2018,25.022
pan,sex_f,age_ythadult_y15_24,geo_cov_urb,2019,28.936
pan,sex_f,age_ythadult_y15_24,geo_cov_urb,2021,33.665
pan,sex_f,age_ythadult_y15_24,geo_cov_urb,2022,26.004
pan,sex_f,age_ythadult_y15_24,geo_cov_urb,2023,27.53
pan,sex_f,age_ythadult_y15_24,geo_cov_urb,2024,34.021
pan,sex_f,age_ythadult_y15_64,geo_cov_nat,2006,11.672
pan,sex_f,age_ythadult_y15_64,geo_cov_nat,2007,8.698
pan,sex_f,age_ythadult_y15_64,geo_cov_nat,2008,8.95
pan,sex_f,age_ythadult_y15_64,geo_cov_nat,2009,8.937
pan,sex_f,age_ythadult_y15_64,geo_cov_nat,2010,8.637
pan,sex_f,age_ythadult_y15_64,geo_cov_nat,2011,5.032
pan,sex_f,age_ythadult_y15_64,geo_cov_nat,2012,5.021
pan,sex_f,age_ythadult_y15_64,geo_cov_nat,2013,5.368
pan,sex_f,age_ythadult_y15_64,geo_cov_nat,2014,6.187
pan,sex_f,age_ythadult_y15_64,geo_cov_nat,2015,6.312
pan,sex_f,age_ythadult_y15_64,geo_cov_nat,2016,6.798
pan,sex_f,age_ythadult_y15_64,geo_cov_nat,2017,7.954
pan,sex_f,age_ythadult_y15_64,geo_cov_nat,2018,7.751
pan,sex_f,age_ythadult_y15_64,geo_cov_nat,2019,9.036
pan,sex_f,age_ythadult_y15_64,geo_cov_nat,2021,12.128
pan,sex_f,age_ythadult_y15_64,geo_cov_nat,2022,10.656
pan,sex_f,age_ythadult_y15_64,geo_cov_nat,2023,9.826
pan,sex_f,age_ythadult_y15_64,geo_cov_nat,2024,12.778
pan,sex_f,age_ythadult_y15_64,geo_cov_rur,2006,8.141
pan,sex_f,age_ythadult_y15_64,geo_cov_rur,2007,6.324
pan,sex_f,age_ythadult_y15_64,geo_cov_rur,2008,7.173
pan,sex_f,age_ythadult_y15_64,geo_cov_rur,2009,6.048
pan,sex_f,age_ythadult_y15_64,geo_cov_rur,2010,6.338
pan,sex_f,age_ythadult_y15_64,geo_cov_rur,2011,3.277
pan,sex_f,age_ythadult_y15_64,geo_cov_rur,2014,5.066
pan,sex_f,age_ythadult_y15_64,geo_cov_rur,2015,4.726
pan,sex_f,age_ythadult_y15_64,geo_cov_rur,2016,4.393
pan,sex_f,age_ythadult_y15_64,geo_cov_rur,2018,5.195
pan,sex_f,age_ythadult_y15_64,geo_cov_rur,2021,7.622
pan,sex_f,age_ythadult_y15_64,geo_cov_rur,2022,9.19
pan,sex_f,age_ythadult_y15_64,geo_cov_rur,2023,6.063
pan,sex_f,age_ythadult_y15_64,geo_cov_rur,2024,9.622
pan,sex_f,age_ythadult_y15_64,geo_cov_urb,2006,12.866
pan,sex_f,age_ythadult_y15_64,geo_cov_urb,2007,9.518
pan,sex_f,age_ythadult_y15_64,geo_cov_urb,2008,9.52
pan,sex_f,age_ythadult_y15_64,geo_cov_urb,2009,9.939
pan,sex_f,age_ythadult_y15_64,geo_cov_urb,2010,9.418
pan,sex_f,age_ythadult_y15_64,geo_cov_urb,2011,5.515
pan,sex_f,age_ythadult_y15_64,geo_cov_urb,2012,5.585
pan,sex_f,age_ythadult_y15_64,geo_cov_urb,2013,5.735
pan,sex_f,age_ythadult_y15_64,geo_cov_urb,2014,6.536
pan,sex_f,age_ythadult_y15_64,geo_cov_urb,2015,6.805
pan,sex_f,age_ythadult_y15_64,geo_cov_urb,2016,7.562
pan,sex_f,age_ythadult_y15_64,geo_cov_urb,2017,8.569
pan,sex_f,age_ythadult_y15_64,geo_cov_urb,2018,8.561
pan,sex_f,age_ythadult_y15_64,geo_cov_urb,2019,10.112
pan,sex_f,age_ythadult_y15_64,geo_cov_urb,2021,13.462
pan,sex_f,age_ythadult_y15_64,geo_cov_urb,2022,11.244
pan,sex_f,age_ythadult_y15_64,geo_cov_urb,2023,10.931
pan,sex_f,age_ythadult_y15_64,geo_cov_urb,2024,14.041
pan,sex_f,age_ythadult_yge15,geo_cov_nat,2006,11.434
pan,sex_f,age_ythadult_yge15,geo_cov_nat,2007,8.5
pan,sex_f,age_ythadult_yge15,geo_cov_nat,2008,8.728
pan,sex_f,age_ythadult_yge15,geo_cov_nat,2009,8.703
pan,sex_f,age_ythadult_yge15,geo_cov_nat,2010,8.364
pan,sex_f,age_ythadult_yge15,geo_cov_nat,2011,4.896
pan,sex_f,age_ythadult_yge15,geo_cov_nat,2012,4.9
pan,sex_f,age_ythadult_yge15,geo_cov_nat,2013,5.209
pan,sex_f,age_ythadult_yge15,geo_cov_nat,2014,5.987
pan,sex_f,age_ythadult_yge15,geo_cov_nat,2015,6.11
pan,sex_f,age_ythadult_yge15,geo_cov_nat,2016,6.532
pan,sex_f,age_ythadult_yge15,geo_cov_nat,2017,7.648
pan,sex_f,age_ythadult_yge15,geo_cov_nat,2018,7.442
pan,sex_f,age_ythadult_yge15,geo_cov_nat,2019,8.684
pan,sex_f,age_ythadult_yge15,geo_cov_nat,2021,11.593
pan,sex_f,age_ythadult_yge15,geo_cov_nat,2022,10.115
pan,sex_f,age_ythadult_yge15,geo_cov_nat,2023,9.358
pan,sex_f,age_ythadult_yge15,geo_cov_nat,2024,12.153
pan,sex_f,age_ythadult_yge15,geo_cov_rur,2006,7.81
pan,sex_f,age_ythadult_yge15,geo_cov_rur,2007,6.016
pan,sex_f,age_ythadult_yge15,geo_cov_rur,2008,6.805
pan,sex_f,age_ythadult_yge15,geo_cov_rur,2009,5.742
pan,sex_f,age_ythadult_yge15,geo_cov_rur,2010,5.986
pan,sex_f,age_ythadult_yge15,geo_cov_rur,2011,3.099
pan,sex_f,age_ythadult_yge15,geo_cov_rur,2012,3.083
pan,sex_f,age_ythadult_yge15,geo_cov_rur,2013,3.99
pan,sex_f,age_ythadult_yge15,geo_cov_rur,2014,4.747
pan,sex_f,age_ythadult_yge15,geo_cov_rur,2015,4.436
pan,sex_f,age_ythadult_yge15,geo_cov_rur,2016,4.104
pan,sex_f,age_ythadult_yge15,geo_cov_rur,2017,5.61
pan,sex_f,age_ythadult_yge15,geo_cov_rur,2018,4.807
pan,sex_f,age_ythadult_yge15,geo_cov_rur,2019,5.338
pan,sex_f,age_ythadult_yge15,geo_cov_rur,2021,7.247
pan,sex_f,age_ythadult_yge15,geo_cov_rur,2022,8.694
pan,sex_f,age_ythadult_yge15,geo_cov_rur,2023,5.634
pan,sex_f,age_ythadult_yge15,geo_cov_rur,2024,8.916
pan,sex_f,age_ythadult_yge15,geo_cov_urb,2006,12.687
pan,sex_f,age_ythadult_yge15,geo_cov_urb,2007,9.388
pan,sex_f,age_ythadult_yge15,geo_cov_urb,2008,9.368
pan,sex_f,age_ythadult_yge15,geo_cov_urb,2009,9.762
pan,sex_f,age_ythadult_yge15,geo_cov_urb,2010,9.199
pan,sex_f,age_ythadult_yge15,geo_cov_urb,2011,5.408
pan,sex_f,age_ythadult_yge15,geo_cov_urb,2012,5.496
pan,sex_f,age_ythadult_yge15,geo_cov_urb,2013,5.623
pan,sex_f,age_ythadult_yge15,geo_cov_urb,2014,6.388
pan,sex_f,age_ythadult_yge15,geo_cov_urb,2015,6.651
pan,sex_f,age_ythadult_yge15,geo_cov_urb,2016,7.333
pan,sex_f,age_ythadult_yge15,geo_cov_urb,2017,8.319
pan,sex_f,age_ythadult_yge15,geo_cov_urb,2018,8.315
pan,sex_f,age_ythadult_yge15,geo_cov_urb,2019,9.797
pan,sex_f,age_ythadult_yge15,geo_cov_urb,2021,12.911
pan,sex_f,age_ythadult_yge15,geo_cov_urb,2022,10.684
pan,sex_f,age_ythadult_yge15,geo_cov_urb,2023,10.481
pan,sex_f,age_ythadult_yge15,geo_cov_urb,2024,13.477
pan,sex_f,age_ythadult_yge25,geo_cov_nat,2006,8.013
pan,sex_f,age_ythadult_yge25,geo_cov_nat,2007,5.766
pan,sex_f,age_ythadult_yge25,geo_cov_nat,2008,6.351
pan,sex_f,age_ythadult_yge25,geo_cov_nat,2009,6.279
pan,sex_f,age_ythadult_yge25,geo_cov_nat,2010,6.073
pan,sex_f,age_ythadult_yge25,geo_cov_nat,2011,3.342
pan,sex_f,age_ythadult_yge25,geo_cov_nat,2012,3.437
pan,sex_f,age_ythadult_yge25,geo_cov_nat,2013,3.589
pan,sex_f,age_ythadult_yge25,geo_cov_nat,2014,4.466
pan,sex_f,age_ythadult_yge25,geo_cov_nat,2015,4.237
pan,sex_f,age_ythadult_yge25,geo_cov_nat,2016,4.644
pan,sex_f,age_ythadult_yge25,geo_cov_nat,2017,5.276
pan,sex_f,age_ythadult_yge25,geo_cov_nat,2018,4.992
pan,sex_f,age_ythadult_yge25,geo_cov_nat,2019,6.13
pan,sex_f,age_ythadult_yge25,geo_cov_nat,2021,9.059
pan,sex_f,age_ythadult_yge25,geo_cov_nat,2022,7.824
pan,sex_f,age_ythadult_yge25,geo_cov_nat,2023,7.181
pan,sex_f,age_ythadult_yge25,geo_cov_nat,2024,9.421
pan,sex_f,age_ythadult_yge25,geo_cov_rur,2006,5.079
pan,sex_f,age_ythadult_yge25,geo_cov_rur,2007,3.879
pan,sex_f,age_ythadult_yge25,geo_cov_rur,2008,4.205
pan,sex_f,age_ythadult_yge25,geo_cov_rur,2009,3.39
pan,sex_f,age_ythadult_yge25,geo_cov_rur,2010,3.776
pan,sex_f,age_ythadult_yge25,geo_cov_rur,2011,2.19
pan,sex_f,age_ythadult_yge25,geo_cov_rur,2012,1.93
pan,sex_f,age_ythadult_yge25,geo_cov_rur,2013,2.547
pan,sex_f,age_ythadult_yge25,geo_cov_rur,2014,3.744
pan,sex_f,age_ythadult_yge25,geo_cov_rur,2015,2.905
pan,sex_f,age_ythadult_yge25,geo_cov_rur,2016,2.708
pan,sex_f,age_ythadult_yge25,geo_cov_rur,2017,3.819
pan,sex_f,age_ythadult_yge25,geo_cov_rur,2018,2.7
pan,sex_f,age_ythadult_yge25,geo_cov_rur,2019,3.566
pan,sex_f,age_ythadult_yge25,geo_cov_rur,2021,5.753
pan,sex_f,age_ythadult_yge25,geo_cov_rur,2022,6.828
pan,sex_f,age_ythadult_yge25,geo_cov_rur,2023,4.049
pan,sex_f,age_ythadult_yge25,geo_cov_rur,2024,6.954
pan,sex_f,age_ythadult_yge25,geo_cov_urb,2006,9.03
pan,sex_f,age_ythadult_yge25,geo_cov_urb,2007,6.409
pan,sex_f,age_ythadult_yge25,geo_cov_urb,2008,7.032
pan,sex_f,age_ythadult_yge25,geo_cov_urb,2009,7.28
pan,sex_f,age_ythadult_yge25,geo_cov_urb,2010,6.863
pan,sex_f,age_ythadult_yge25,geo_cov_urb,2011,3.659
pan,sex_f,age_ythadult_yge25,geo_cov_urb,2012,3.905
pan,sex_f,age_ythadult_yge25,geo_cov_urb,2013,3.927
pan,sex_f,age_ythadult_yge25,geo_cov_urb,2014,4.69
pan,sex_f,age_ythadult_yge25,geo_cov_urb,2015,4.649
pan,sex_f,age_ythadult_yge25,geo_cov_urb,2016,5.234
pan,sex_f,age_ythadult_yge25,geo_cov_urb,2017,5.731
pan,sex_f,age_ythadult_yge25,geo_cov_urb,2018,5.71
pan,sex_f,age_ythadult_yge25,geo_cov_urb,2019,6.934
pan,sex_f,age_ythadult_yge25,geo_cov_urb,2021,10.018
pan,sex_f,age_ythadult_yge25,geo_cov_urb,2022,8.218
pan,sex_f,age_ythadult_yge25,geo_cov_urb,2023,8.07
pan,sex_f,age_ythadult_yge25,geo_cov_urb,2024,10.373
pan,sex_m,age_aggregate_total,geo_cov_nat,2006,6.759
pan,sex_m,age_aggregate_total,geo_cov_nat,2007,4.924
pan,sex_m,age_aggregate_total,geo_cov_nat,2008,4.512
pan,sex_m,age_aggregate_total,geo_cov_nat,2009,5.044
pan,sex_m,age_aggregate_total,geo_cov_nat,2010,5.199
pan,sex_m,age_aggregate_total,geo_cov_nat,2011,4.128
pan,sex_m,age_aggregate_total,geo_cov_nat,2012,3.436
pan,sex_m,age_aggregate_total,geo_cov_nat,2013,3.277
pan,sex_m,age_aggregate_total,geo_cov_nat,2014,3.989
pan,sex_m,age_aggregate_total,geo_cov_nat,2015,4.184
pan,sex_m,age_aggregate_total,geo_cov_nat,2016,4.623
pan,sex_m,age_aggregate_total,geo_cov_nat,2017,4.896
pan,sex_m,age_aggregate_total,geo_cov_nat,2018,4.764
pan,sex_m,age_aggregate_total,geo_cov_nat,2019,5.78
pan,sex_m,age_aggregate_total,geo_cov_nat,2021,10.875
pan,sex_m,age_aggregate_total,geo_cov_nat,2022,7.437
pan,sex_m,age_aggregate_total,geo_cov_nat,2023,5.892
pan,sex_m,age_aggregate_total,geo_cov_nat,2024,7.381
pan,sex_m,age_aggregate_total,geo_cov_rur,2006,3.973
pan,sex_m,age_aggregate_total,geo_cov_rur,2007,2.499
pan,sex_m,age_aggregate_total,geo_cov_rur,2008,3.125
pan,sex_m,age_aggregate_total,geo_cov_rur,2009,2.928
pan,sex_m,age_aggregate_total,geo_cov_rur,2010,3.085
pan,sex_m,age_aggregate_total,geo_cov_rur,2011,1.963
pan,sex_m,age_aggregate_total,geo_cov_rur,2012,2.035
pan,sex_m,age_aggregate_total,geo_cov_rur,2013,2.117
pan,sex_m,age_aggregate_total,geo_cov_rur,2014,2.594
pan,sex_m,age_aggregate_total,geo_cov_rur,2015,2.426
pan,sex_m,age_aggregate_total,geo_cov_rur,2016,2.57
pan,sex_m,age_aggregate_total,geo_cov_rur,2017,3.173
pan,sex_m,age_aggregate_total,geo_cov_rur,2018,2.247
pan,sex_m,age_aggregate_total,geo_cov_rur,2019,3.046
pan,sex_m,age_aggregate_total,geo_cov_rur,2021,4.755
pan,sex_m,age_aggregate_total,geo_cov_rur,2022,5.634
pan,sex_m,age_aggregate_total,geo_cov_rur,2023,3.673
pan,sex_m,age_aggregate_total,geo_cov_rur,2024,4.082
pan,sex_m,age_aggregate_total,geo_cov_urb,2006,8.461
pan,sex_m,age_aggregate_total,geo_cov_urb,2007,6.417
pan,sex_m,age_aggregate_total,geo_cov_urb,2008,5.289
pan,sex_m,age_aggregate_total,geo_cov_urb,2009,6.288
pan,sex_m,age_aggregate_total,geo_cov_urb,2010,6.418
pan,sex_m,age_aggregate_total,geo_cov_urb,2011,5.242
pan,sex_m,age_aggregate_total,geo_cov_urb,2012,4.183
pan,sex_m,age_aggregate_total,geo_cov_urb,2013,3.876
pan,sex_m,age_aggregate_total,geo_cov_urb,2014,4.687
pan,sex_m,age_aggregate_total,geo_cov_urb,2015,5.035
pan,sex_m,age_aggregate_total,geo_cov_urb,2016,5.576
pan,sex_m,age_aggregate_total,geo_cov_urb,2017,5.667
pan,sex_m,age_aggregate_total,geo_cov_urb,2018,5.903
pan,sex_m,age_aggregate_total,geo_cov_urb,2019,7.014
pan,sex_m,age_aggregate_total,geo_cov_urb,2021,13.571
pan,sex_m,age_aggregate_total,geo_cov_urb,2022,8.208
pan,sex_m,age_aggregate_total,geo_cov_urb,2023,6.829
pan,sex_m,age_aggregate_total,geo_cov_urb,2024,9.193
pan,sex_m,age_aggregate_y15_24,geo_cov_nat,2006,14.483
pan,sex_m,age_aggregate_y15_24,geo_cov_nat,2007,11.489
pan,sex_m,age_aggregate_y15_24,geo_cov_nat,2008,10.95
pan,sex_m,age_aggregate_y15_24,geo_cov_nat,2009,11.661
pan,sex_m,age_aggregate_y15_24,geo_cov_nat,2010,11.762
pan,sex_m,age_aggregate_y15_24,geo_cov_nat,2011,11.249
pan,sex_m,age_aggregate_y15_24,geo_cov_nat,2012,8.729
pan,sex_m,age_aggregate_y15_24,geo_cov_nat,2013,8.978
pan,sex_m,age_aggregate_y15_24,geo_cov_nat,2014,11.21
pan,sex_m,age_aggregate_y15_24,geo_cov_nat,2015,10.374
pan,sex_m,age_aggregate_y15_24,geo_cov_nat,2016,11.069
pan,sex_m,age_aggregate_y15_24,geo_cov_nat,2017,13.416
pan,sex_m,age_aggregate_y15_24,geo_cov_nat,2018,12.012
pan,sex_m,age_aggregate_y15_24,geo_cov_nat,2019,14.613
pan,sex_m,age_aggregate_y15_24,geo_cov_nat,2021,21.164
pan,sex_m,age_aggregate_y15_24,geo_cov_nat,2022,17.215
pan,sex_m,age_aggregate_y15_24,geo_cov_nat,2023,14.361
pan,sex_m,age_aggregate_y15_24,geo_cov_nat,2024,15.767
pan,sex_m,age_aggregate_y15_24,geo_cov_rur,2006,8.304
pan,sex_m,age_aggregate_y15_24,geo_cov_rur,2007,5.313
pan,sex_m,age_aggregate_y15_24,geo_cov_rur,2008,7.932
pan,sex_m,age_aggregate_y15_24,geo_cov_rur,2009,6.44
pan,sex_m,age_aggregate_y15_24,geo_cov_rur,2010,7.018
pan,sex_m,age_aggregate_y15_24,geo_cov_rur,2011,5.359
pan,sex_m,age_aggregate_y15_24,geo_cov_rur,2012,5.406
pan,sex_m,age_aggregate_y15_24,geo_cov_rur,2013,6.155
pan,sex_m,age_aggregate_y15_24,geo_cov_rur,2014,6.298
pan,sex_m,age_aggregate_y15_24,geo_cov_rur,2015,5.765
pan,sex_m,age_aggregate_y15_24,geo_cov_rur,2016,6.913
pan,sex_m,age_aggregate_y15_24,geo_cov_rur,2017,9.114
pan,sex_m,age_aggregate_y15_24,geo_cov_rur,2018,5.14
pan,sex_m,age_aggregate_y15_24,geo_cov_rur,2019,7.811
pan,sex_m,age_aggregate_y15_24,geo_cov_rur,2021,8.154
pan,sex_m,age_aggregate_y15_24,geo_cov_rur,2022,13.471
pan,sex_m,age_aggregate_y15_24,geo_cov_rur,2023,9.386
pan,sex_m,age_aggregate_y15_24,geo_cov_rur,2024,7.806
pan,sex_m,age_aggregate_y15_24,geo_cov_urb,2006,19.226
pan,sex_m,age_aggregate_y15_24,geo_cov_urb,2007,15.777
pan,sex_m,age_aggregate_y15_24,geo_cov_urb,2008,12.763
pan,sex_m,age_aggregate_y15_24,geo_cov_urb,2009,15.444
pan,sex_m,age_aggregate_y15_24,geo_cov_urb,2010,15.087
pan,sex_m,age_aggregate_y15_24,geo_cov_urb,2011,14.674
pan,sex_m,age_aggregate_y15_24,geo_cov_urb,2012,10.982
pan,sex_m,age_aggregate_y15_24,geo_cov_urb,2013,10.718
pan,sex_m,age_aggregate_y15_24,geo_cov_urb,2014,14.38
pan,sex_m,age_aggregate_y15_24,geo_cov_urb,2015,13.105
pan,sex_m,age_aggregate_y15_24,geo_cov_urb,2016,13.665
pan,sex_m,age_aggregate_y15_24,geo_cov_urb,2017,16.064
pan,sex_m,age_aggregate_y15_24,geo_cov_urb,2018,15.972
pan,sex_m,age_aggregate_y15_24,geo_cov_urb,2019,18.834
pan,sex_m,age_aggregate_y15_24,geo_cov_urb,2021,29.786
pan,sex_m,age_aggregate_y15_24,geo_cov_urb,2022,18.968
pan,sex_m,age_aggregate_y15_24,geo_cov_urb,2023,17.438
pan,sex_m,age_aggregate_y15_24,geo_cov_urb,2024,22.127
pan,sex_m,age_aggregate_y25_54,geo_cov_nat,2006,5.158
pan,sex_m,age_aggregate_y25_54,geo_cov_nat,2007,3.538
pan,sex_m,age_aggregate_y25_54,geo_cov_nat,2008,2.95
pan,sex_m,age_aggregate_y25_54,geo_cov_nat,2009,3.763
pan,sex_m,age_aggregate_y25_54,geo_cov_nat,2010,4.134
pan,sex_m,age_aggregate_y25_54,geo_cov_nat,2011,2.784
pan,sex_m,age_aggregate_y25_54,geo_cov_nat,2012,2.451
pan,sex_m,age_aggregate_y25_54,geo_cov_nat,2013,2.104
pan,sex_m,age_aggregate_y25_54,geo_cov_nat,2014,2.879
pan,sex_m,age_aggregate_y25_54,geo_cov_nat,2015,3.417
pan,sex_m,age_aggregate_y25_54,geo_cov_nat,2016,3.717
pan,sex_m,age_aggregate_y25_54,geo_cov_nat,2017,3.59
pan,sex_m,age_aggregate_y25_54,geo_cov_nat,2018,3.616
pan,sex_m,age_aggregate_y25_54,geo_cov_nat,2019,4.334
pan,sex_m,age_aggregate_y25_54,geo_cov_nat,2021,9.552
pan,sex_m,age_aggregate_y25_54,geo_cov_nat,2022,6.384
pan,sex_m,age_aggregate_y25_54,geo_cov_nat,2023,4.884
pan,sex_m,age_aggregate_y25_54,geo_cov_nat,2024,6.764
pan,sex_m,age_aggregate_y25_54,geo_cov_rur,2006,3.155
pan,sex_m,age_aggregate_y25_54,geo_cov_rur,2007,1.883
pan,sex_m,age_aggregate_y25_54,geo_cov_rur,2008,1.883
pan,sex_m,age_aggregate_y25_54,geo_cov_rur,2009,2.418
pan,sex_m,age_aggregate_y25_54,geo_cov_rur,2010,2.461
pan,sex_m,age_aggregate_y25_54,geo_cov_rur,2011,1.336
pan,sex_m,age_aggregate_y25_54,geo_cov_rur,2012,1.325
pan,sex_m,age_aggregate_y25_54,geo_cov_rur,2013,1.382
pan,sex_m,age_aggregate_y25_54,geo_cov_rur,2014,2.04
pan,sex_m,age_aggregate_y25_54,geo_cov_rur,2015,1.923
pan,sex_m,age_aggregate_y25_54,geo_cov_rur,2016,1.808
pan,sex_m,age_aggregate_y25_54,geo_cov_rur,2017,2.02
pan,sex_m,age_aggregate_y25_54,geo_cov_rur,2018,1.806
pan,sex_m,age_aggregate_y25_54,geo_cov_rur,2019,2.442
pan,sex_m,age_aggregate_y25_54,geo_cov_rur,2021,4.516
pan,sex_m,age_aggregate_y25_54,geo_cov_rur,2022,4.664
pan,sex_m,age_aggregate_y25_54,geo_cov_rur,2023,2.567
pan,sex_m,age_aggregate_y25_54,geo_cov_rur,2024,4.146
pan,sex_m,age_aggregate_y25_54,geo_cov_urb,2006,6.171
pan,sex_m,age_aggregate_y25_54,geo_cov_urb,2007,4.397
pan,sex_m,age_aggregate_y25_54,geo_cov_urb,2008,3.475
pan,sex_m,age_aggregate_y25_54,geo_cov_urb,2009,4.419
pan,sex_m,age_aggregate_y25_54,geo_cov_urb,2010,4.94
pan,sex_m,age_aggregate_y25_54,geo_cov_urb,2011,3.399
pan,sex_m,age_aggregate_y25_54,geo_cov_urb,2012,2.946
pan,sex_m,age_aggregate_y25_54,geo_cov_urb,2013,2.424
pan,sex_m,age_aggregate_y25_54,geo_cov_urb,2014,3.228
pan,sex_m,age_aggregate_y25_54,geo_cov_urb,2015,4.015
pan,sex_m,age_aggregate_y25_54,geo_cov_urb,2016,4.426
pan,sex_m,age_aggregate_y25_54,geo_cov_urb,2017,4.146
pan,sex_m,age_aggregate_y25_54,geo_cov_urb,2018,4.297
pan,sex_m,age_aggregate_y25_54,geo_cov_urb,2019,5.024
pan,sex_m,age_aggregate_y25_54,geo_cov_urb,2021,11.318
pan,sex_m,age_aggregate_y25_54,geo_cov_urb,2022,7.084
pan,sex_m,age_aggregate_y25_54,geo_cov_urb,2023,5.703
pan,sex_m,age_aggregate_y25_54,geo_cov_urb,2024,7.947
pan,sex_m,age_aggregate_y55_64,geo_cov_nat,2006,4.03
pan,sex_m,age_aggregate_y55_64,geo_cov_nat,2007,2.384
pan,sex_m,age_aggregate_y55_64,geo_cov_nat,2008,3.183
pan,sex_m,age_aggregate_y55_64,geo_cov_nat,2009,2.213
pan,sex_m,age_aggregate_y55_64,geo_cov_nat,2010,1.947
pan,sex_m,age_aggregate_y55_64,geo_cov_nat,2011,2.656
pan,sex_m,age_aggregate_y55_64,geo_cov_nat,2012,1.764
pan,sex_m,age_aggregate_y55_64,geo_cov_nat,2013,1.6
pan,sex_m,age_aggregate_y55_64,geo_cov_nat,2014,1.231
pan,sex_m,age_aggregate_y55_64,geo_cov_nat,2015,1.245
pan,sex_m,age_aggregate_y55_64,geo_cov_nat,2016,1.634
pan,sex_m,age_aggregate_y55_64,geo_cov_nat,2017,1.971
pan,sex_m,age_aggregate_y55_64,geo_cov_nat,2018,1.927
pan,sex_m,age_aggregate_y55_64,geo_cov_nat,2019,3.048
pan,sex_m,age_aggregate_y55_64,geo_cov_nat,2021,8.235
pan,sex_m,age_aggregate_y55_64,geo_cov_nat,2022,3.756
pan,sex_m,age_aggregate_y55_64,geo_cov_nat,2023,3.503
pan,sex_m,age_aggregate_y55_64,geo_cov_nat,2024,3.815
pan,sex_m,age_aggregate_y55_64,geo_cov_rur,2006,1.74
pan,sex_m,age_aggregate_y55_64,geo_cov_rur,2007,1.724
pan,sex_m,age_aggregate_y55_64,geo_cov_rur,2008,2.295
pan,sex_m,age_aggregate_y55_64,geo_cov_rur,2009,0.65
pan,sex_m,age_aggregate_y55_64,geo_cov_rur,2010,0.978
pan,sex_m,age_aggregate_y55_64,geo_cov_rur,2011,0.884
pan,sex_m,age_aggregate_y55_64,geo_cov_rur,2012,0.466
pan,sex_m,age_aggregate_y55_64,geo_cov_rur,2014,0.992
pan,sex_m,age_aggregate_y55_64,geo_cov_rur,2015,1.464
pan,sex_m,age_aggregate_y55_64,geo_cov_rur,2017,1.165
pan,sex_m,age_aggregate_y55_64,geo_cov_rur,2018,0.992
pan,sex_m,age_aggregate_y55_64,geo_cov_rur,2021,3.044
pan,sex_m,age_aggregate_y55_64,geo_cov_rur,2022,2.945
pan,sex_m,age_aggregate_y55_64,geo_cov_rur,2023,2.32
pan,sex_m,age_aggregate_y55_64,geo_cov_rur,2024,1.684
pan,sex_m,age_aggregate_y55_64,geo_cov_urb,2006,5.681
pan,sex_m,age_aggregate_y55_64,geo_cov_urb,2007,2.865
pan,sex_m,age_aggregate_y55_64,geo_cov_urb,2008,3.713
pan,sex_m,age_aggregate_y55_64,geo_cov_urb,2009,3.203
pan,sex_m,age_aggregate_y55_64,geo_cov_urb,2010,2.549
pan,sex_m,age_aggregate_y55_64,geo_cov_urb,2011,3.815
pan,sex_m,age_aggregate_y55_64,geo_cov_urb,2012,2.517
pan,sex_m,age_aggregate_y55_64,geo_cov_urb,2013,2.242
pan,sex_m,age_aggregate_y55_64,geo_cov_urb,2014,1.355
pan,sex_m,age_aggregate_y55_64,geo_cov_urb,2015,1.125
pan,sex_m,age_aggregate_y55_64,geo_cov_urb,2016,2.08
pan,sex_m,age_aggregate_y55_64,geo_cov_urb,2017,2.359
pan,sex_m,age_aggregate_y55_64,geo_cov_urb,2018,2.342
pan,sex_m,age_aggregate_y55_64,geo_cov_urb,2019,4.203
pan,sex_m,age_aggregate_y55_64,geo_cov_urb,2021,10.402
pan,sex_m,age_aggregate_y55_64,geo_cov_urb,2022,4.082
pan,sex_m,age_aggregate_y55_64,geo_cov_urb,2023,3.928
pan,sex_m,age_aggregate_y55_64,geo_cov_urb,2024,4.917
pan,sex_m,age_aggregate_yge65,geo_cov_nat,2006,2.32
pan,sex_m,age_aggregate_yge65,geo_cov_nat,2007,0.914
pan,sex_m,age_aggregate_yge65,geo_cov_nat,2008,1.73
pan,sex_m,age_aggregate_yge65,geo_cov_nat,2009,1.755
pan,sex_m,age_aggregate_yge65,geo_cov_nat,2010,1.682
pan,sex_m,age_aggregate_yge65,geo_cov_nat,2011,1.466
pan,sex_m,age_aggregate_yge65,geo_cov_nat,2013,1.437
pan,sex_m,age_aggregate_yge65,geo_cov_nat,2016,1.371
pan,sex_m,age_aggregate_yge65,geo_cov_nat,2017,1.238
pan,sex_m,age_aggregate_yge65,geo_cov_nat,2018,1.566
pan,sex_m,age_aggregate_yge65,geo_cov_nat,2019,1.631
pan,sex_m,age_aggregate_yge65,geo_cov_nat,2021,4.477
pan,sex_m,age_aggregate_yge65,geo_cov_nat,2022,1.365
pan,sex_m,age_aggregate_yge65,geo_cov_nat,2023,1.369
pan,sex_m,age_aggregate_yge65,geo_cov_nat,2024,3.214
pan,sex_m,age_aggregate_yge65,geo_cov_rur,2006,0.802
pan,sex_m,age_aggregate_yge65,geo_cov_rur,2008,1.176
pan,sex_m,age_aggregate_yge65,geo_cov_rur,2010,0.651
pan,sex_m,age_aggregate_yge65,geo_cov_rur,2021,1.891
pan,sex_m,age_aggregate_yge65,geo_cov_urb,2006,5.047
pan,sex_m,age_aggregate_yge65,geo_cov_urb,2009,4.05
pan,sex_m,age_aggregate_yge65,geo_cov_urb,2010,3.594
pan,sex_m,age_aggregate_yge65,geo_cov_urb,2013,3.188
pan,sex_m,age_aggregate_yge65,geo_cov_urb,2016,3.034
pan,sex_m,age_aggregate_yge65,geo_cov_urb,2017,2.498
pan,sex_m,age_aggregate_yge65,geo_cov_urb,2018,2.708
pan,sex_m,age_aggregate_yge65,geo_cov_urb,2019,3.22
pan,sex_m,age_aggregate_yge65,geo_cov_urb,2021,6.99
pan,sex_m,age_aggregate_yge65,geo_cov_urb,2022,1.8
pan,sex_m,age_aggregate_yge65,geo_cov_urb,2023,2.138
pan,sex_m,age_aggregate_yge65,geo_cov_urb,2024,5.301
pan,sex_m,age_ythadult_y15_24,geo_cov_nat,2006,14.483
pan,sex_m,age_ythadult_y15_24,geo_cov_nat,2007,11.489
pan,sex_m,age_ythadult_y15_24,geo_cov_nat,2008,10.95
pan,sex_m,age_ythadult_y15_24,geo_cov_nat,2009,11.661
pan,sex_m,age_ythadult_y15_24,geo_cov_nat,2010,11.762
pan,sex_m,age_ythadult_y15_24,geo_cov_nat,2011,11.249
pan,sex_m,age_ythadult_y15_24,geo_cov_nat,2012,8.729
pan,sex_m,age_ythadult_y15_24,geo_cov_nat,2013,8.978
pan,sex_m,age_ythadult_y15_24,geo_cov_nat,2014,11.21
pan,sex_m,age_ythadult_y15_24,geo_cov_nat,2015,10.374
pan,sex_m,age_ythadult_y15_24,geo_cov_nat,2016,11.069
pan,sex_m,age_ythadult_y15_24,geo_cov_nat,2017,13.416
pan,sex_m,age_ythadult_y15_24,geo_cov_nat,2018,12.012
pan,sex_m,age_ythadult_y15_24,geo_cov_nat,2019,14.613
pan,sex_m,age_ythadult_y15_24,geo_cov_nat,2021,21.164
pan,sex_m,age_ythadult_y15_24,geo_cov_nat,2022,17.215
pan,sex_m,age_ythadult_y15_24,geo_cov_nat,2023,14.361
pan,sex_m,age_ythadult_y15_24,geo_cov_nat,2024,15.767
pan,sex_m,age_ythadult_y15_24,geo_cov_rur,2006,8.304
pan,sex_m,age_ythadult_y15_24,geo_cov_rur,2007,5.313
pan,sex_m,age_ythadult_y15_24,geo_cov_rur,2008,7.932
pan,sex_m,age_ythadult_y15_24,geo_cov_rur,2009,6.44
pan,sex_m,age_ythadult_y15_24,geo_cov_rur,2010,7.018
pan,sex_m,age_ythadult_y15_24,geo_cov_rur,2011,5.359
pan,sex_m,age_ythadult_y15_24,geo_cov_rur,2012,5.406
pan,sex_m,age_ythadult_y15_24,geo_cov_rur,2013,6.155
pan,sex_m,age_ythadult_y15_24,geo_cov_rur,2014,6.298
pan,sex_m,age_ythadult_y15_24,geo_cov_rur,2015,5.765
pan,sex_m,age_ythadult_y15_24,geo_cov_rur,2016,6.913
pan,sex_m,age_ythadult_y15_24,geo_cov_rur,2017,9.114
pan,sex_m,age_ythadult_y15_24,geo_cov_rur,2018,5.14
pan,sex_m,age_ythadult_y15_24,geo_cov_rur,2019,7.811
pan,sex_m,age_ythadult_y15_24,geo_cov_rur,2021,8.154
pan,sex_m,age_ythadult_y15_24,geo_cov_rur,2022,13.471
pan,sex_m,age_ythadult_y15_24,geo_cov_rur,2023,9.386
pan,sex_m,age_ythadult_y15_24,geo_cov_rur,2024,7.806
pan,sex_m,age_ythadult_y15_24,geo_cov_urb,2006,19.226
pan,sex_m,age_ythadult_y15_24,geo_cov_urb,2007,15.777
pan,sex_m,age_ythadult_y15_24,geo_cov_urb,2008,12.763
pan,sex_m,age_ythadult_y15_24,geo_cov_urb,2009,15.444
pan,sex_m,age_ythadult_y15_24,geo_cov_urb,2010,15.087
pan,sex_m,age_ythadult_y15_24,geo_cov_urb,2011,14.674
pan,sex_m,age_ythadult_y15_24,geo_cov_urb,2012,10.982
pan,sex_m,age_ythadult_y15_24,geo_cov_urb,2013,10.718
pan,sex_m,age_ythadult_y15_24,geo_cov_urb,2014,14.38
pan,sex_m,age_ythadult_y15_24,geo_cov_urb,2015,13.105
pan,sex_m,age_ythadult_y15_24,geo_cov_urb,2016,13.665
pan,sex_m,age_ythadult_y15_24,geo_cov_urb,2017,16.064
pan,sex_m,age_ythadult_y15_24,geo_cov_urb,2018,15.972
pan,sex_m,age_ythadult_y15_24,geo_cov_urb,2019,18.834
pan,sex_m,age_ythadult_y15_24,geo_cov_urb,2021,29.786
pan,sex_m,age_ythadult_y15_24,geo_cov_urb,2022,18.968
pan,sex_m,age_ythadult_y15_24,geo_cov_urb,2023,17.438
pan,sex_m,age_ythadult_y15_24,geo_cov_urb,2024,22.127
pan,sex_m,age_ythadult_y15_64,geo_cov_nat,2006,7.003
pan,sex_m,age_ythadult_y15_64,geo_cov_nat,2007,5.144
pan,sex_m,age_ythadult_y15_64,geo_cov_nat,2008,4.679
pan,sex_m,age_ythadult_y15_64,geo_cov_nat,2009,5.238
pan,sex_m,age_ythadult_y15_64,geo_cov_nat,2010,5.4
pan,sex_m,age_ythadult_y15_64,geo_cov_nat,2011,4.28
pan,sex_m,age_ythadult_y15_64,geo_cov_nat,2012,3.615
pan,sex_m,age_ythadult_y15_64,geo_cov_nat,2013,3.401
pan,sex_m,age_ythadult_y15_64,geo_cov_nat,2014,4.226
pan,sex_m,age_ythadult_y15_64,geo_cov_nat,2015,4.442
pan,sex_m,age_ythadult_y15_64,geo_cov_nat,2016,4.858
pan,sex_m,age_ythadult_y15_64,geo_cov_nat,2017,5.17
pan,sex_m,age_ythadult_y15_64,geo_cov_nat,2018,5.017
pan,sex_m,age_ythadult_y15_64,geo_cov_nat,2019,6.117
pan,sex_m,age_ythadult_y15_64,geo_cov_nat,2021,11.41
pan,sex_m,age_ythadult_y15_64,geo_cov_nat,2022,8.07
pan,sex_m,age_ythadult_y15_64,geo_cov_nat,2023,6.3
pan,sex_m,age_ythadult_y15_64,geo_cov_nat,2024,7.82
pan,sex_m,age_ythadult_y15_64,geo_cov_rur,2006,4.28
pan,sex_m,age_ythadult_y15_64,geo_cov_rur,2007,2.7
pan,sex_m,age_ythadult_y15_64,geo_cov_rur,2008,3.335
pan,sex_m,age_ythadult_y15_64,geo_cov_rur,2009,3.192
pan,sex_m,age_ythadult_y15_64,geo_cov_rur,2010,3.343
pan,sex_m,age_ythadult_y15_64,geo_cov_rur,2011,2.091
pan,sex_m,age_ythadult_y15_64,geo_cov_rur,2014,2.879
pan,sex_m,age_ythadult_y15_64,geo_cov_rur,2015,2.718
pan,sex_m,age_ythadult_y15_64,geo_cov_rur,2016,2.909
pan,sex_m,age_ythadult_y15_64,geo_cov_rur,2018,2.49
pan,sex_m,age_ythadult_y15_64,geo_cov_rur,2021,5.162
pan,sex_m,age_ythadult_y15_64,geo_cov_rur,2022,6.256
pan,sex_m,age_ythadult_y15_64,geo_cov_rur,2023,4.14
pan,sex_m,age_ythadult_y15_64,geo_cov_rur,2024,4.543
pan,sex_m,age_ythadult_y15_64,geo_cov_urb,2006,8.567
pan,sex_m,age_ythadult_y15_64,geo_cov_urb,2007,6.547
pan,sex_m,age_ythadult_y15_64,geo_cov_urb,2008,5.383
pan,sex_m,age_ythadult_y15_64,geo_cov_urb,2009,6.362
pan,sex_m,age_ythadult_y15_64,geo_cov_urb,2010,6.505
pan,sex_m,age_ythadult_y15_64,geo_cov_urb,2011,5.32
pan,sex_m,age_ythadult_y15_64,geo_cov_urb,2012,4.319
pan,sex_m,age_ythadult_y15_64,geo_cov_urb,2013,3.906
pan,sex_m,age_ythadult_y15_64,geo_cov_urb,2014,4.854
pan,sex_m,age_ythadult_y15_64,geo_cov_urb,2015,5.218
pan,sex_m,age_ythadult_y15_64,geo_cov_urb,2016,5.694
pan,sex_m,age_ythadult_y15_64,geo_cov_urb,2017,5.826
pan,sex_m,age_ythadult_y15_64,geo_cov_urb,2018,6.081
pan,sex_m,age_ythadult_y15_64,geo_cov_urb,2019,7.228
pan,sex_m,age_ythadult_y15_64,geo_cov_urb,2021,13.965
pan,sex_m,age_ythadult_y15_64,geo_cov_urb,2022,8.828
pan,sex_m,age_ythadult_y15_64,geo_cov_urb,2023,7.152
pan,sex_m,age_ythadult_y15_64,geo_cov_urb,2024,9.509
pan,sex_m,age_ythadult_yge15,geo_cov_nat,2006,6.759
pan,sex_m,age_ythadult_yge15,geo_cov_nat,2007,4.924
pan,sex_m,age_ythadult_yge15,geo_cov_nat,2008,4.512
pan,sex_m,age_ythadult_yge15,geo_cov_nat,2009,5.044
pan,sex_m,age_ythadult_yge15,geo_cov_nat,2010,5.199
pan,sex_m,age_ythadult_yge15,geo_cov_nat,2011,4.128
pan,sex_m,age_ythadult_yge15,geo_cov_nat,2012,3.436
pan,sex_m,age_ythadult_yge15,geo_cov_nat,2013,3.277
pan,sex_m,age_ythadult_yge15,geo_cov_nat,2014,3.989
pan,sex_m,age_ythadult_yge15,geo_cov_nat,2015,4.184
pan,sex_m,age_ythadult_yge15,geo_cov_nat,2016,4.623
pan,sex_m,age_ythadult_yge15,geo_cov_nat,2017,4.896
pan,sex_m,age_ythadult_yge15,geo_cov_nat,2018,4.764
pan,sex_m,age_ythadult_yge15,geo_cov_nat,2019,5.78
pan,sex_m,age_ythadult_yge15,geo_cov_nat,2021,10.875
pan,sex_m,age_ythadult_yge15,geo_cov_nat,2022,7.437
pan,sex_m,age_ythadult_yge15,geo_cov_nat,2023,5.892
pan,sex_m,age_ythadult_yge15,geo_cov_nat,2024,7.381
pan,sex_m,age_ythadult_yge15,geo_cov_rur,2006,3.973
pan,sex_m,age_ythadult_yge15,geo_cov_rur,2007,2.499
pan,sex_m,age_ythadult_yge15,geo_cov_rur,2008,3.125
pan,sex_m,age_ythadult_yge15,geo_cov_rur,2009,2.928
pan,sex_m,age_ythadult_yge15,geo_cov_rur,2010,3.085
pan,sex_m,age_ythadult_yge15,geo_cov_rur,2011,1.963
pan,sex_m,age_ythadult_yge15,geo_cov_rur,2012,2.035
pan,sex_m,age_ythadult_yge15,geo_cov_rur,2013,2.117
pan,sex_m,age_ythadult_yge15,geo_cov_rur,2014,2.594
pan,sex_m,age_ythadult_yge15,geo_cov_rur,2015,2.426
pan,sex_m,age_ythadult_yge15,geo_cov_rur,2016,2.57
pan,sex_m,age_ythadult_yge15,geo_cov_rur,2017,3.173
pan,sex_m,age_ythadult_yge15,geo_cov_rur,2018,2.247
pan,sex_m,age_ythadult_yge15,geo_cov_rur,2019,3.046
pan,sex_m,age_ythadult_yge15,geo_cov_rur,2021,4.755
pan,sex_m,age_ythadult_yge15,geo_cov_rur,2022,5.634
pan,sex_m,age_ythadult_yge15,geo_cov_rur,2023,3.673
pan,sex_m,age_ythadult_yge15,geo_cov_rur,2024,4.082
pan,sex_m,age_ythadult_yge15,geo_cov_urb,2006,8.461
pan,sex_m,age_ythadult_yge15,geo_cov_urb,2007,6.417
pan,sex_m,age_ythadult_yge15,geo_cov_urb,2008,5.289
pan,sex_m,age_ythadult_yge15,geo_cov_urb,2009,6.288
pan,sex_m,age_ythadult_yge15,geo_cov_urb,2010,6.418
pan,sex_m,age_ythadult_yge15,geo_cov_urb,2011,5.242
pan,sex_m,age_ythadult_yge15,geo_cov_urb,2012,4.183
pan,sex_m,age_ythadult_yge15,geo_cov_urb,2013,3.876
pan,sex_m,age_ythadult_yge15,geo_cov_urb,2014,4.687
pan,sex_m,age_ythadult_yge15,geo_cov_urb,2015,5.035
pan,sex_m,age_ythadult_yge15,geo_cov_urb,2016,5.576
pan,sex_m,age_ythadult_yge15,geo_cov_urb,2017,5.667
pan,sex_m,age_ythadult_yge15,geo_cov_urb,2018,5.903
pan,sex_m,age_ythadult_yge15,geo_cov_urb,2019,7.014
pan,sex_m,age_ythadult_yge15,geo_cov_urb,2021,13.571
pan,sex_m,age_ythadult_yge15,geo_cov_urb,2022,8.208
pan,sex_m,age_ythadult_yge15,geo_cov_urb,2023,6.829
pan,sex_m,age_ythadult_yge15,geo_cov_urb,2024,9.193
pan,sex_m,age_ythadult_yge25,geo_cov_nat,2006,4.841
pan,sex_m,age_ythadult_yge25,geo_cov_nat,2007,3.22
pan,sex_m,age_ythadult_yge25,geo_cov_nat,2008,2.892
pan,sex_m,age_ythadult_yge25,geo_cov_nat,2009,3.409
pan,sex_m,age_ythadult_yge25,geo_cov_nat,2010,3.666
pan,sex_m,age_ythadult_yge25,geo_cov_nat,2011,2.681
pan,sex_m,age_ythadult_yge25,geo_cov_nat,2012,2.22
pan,sex_m,age_ythadult_yge25,geo_cov_nat,2013,1.981
pan,sex_m,age_ythadult_yge25,geo_cov_nat,2014,2.456
pan,sex_m,age_ythadult_yge25,geo_cov_nat,2015,2.867
pan,sex_m,age_ythadult_yge25,geo_cov_nat,2016,3.218
pan,sex_m,age_ythadult_yge25,geo_cov_nat,2017,3.131
pan,sex_m,age_ythadult_yge25,geo_cov_nat,2018,3.152
pan,sex_m,age_ythadult_yge25,geo_cov_nat,2019,3.863
pan,sex_m,age_ythadult_yge25,geo_cov_nat,2021,8.841
pan,sex_m,age_ythadult_yge25,geo_cov_nat,2022,5.317
pan,sex_m,age_ythadult_yge25,geo_cov_nat,2023,4.272
pan,sex_m,age_ythadult_yge25,geo_cov_nat,2024,5.786
pan,sex_m,age_ythadult_yge25,geo_cov_rur,2006,2.696
pan,sex_m,age_ythadult_yge25,geo_cov_rur,2007,1.698
pan,sex_m,age_ythadult_yge25,geo_cov_rur,2008,1.848
pan,sex_m,age_ythadult_yge25,geo_cov_rur,2009,1.91
pan,sex_m,age_ythadult_yge25,geo_cov_rur,2010,2.017
pan,sex_m,age_ythadult_yge25,geo_cov_rur,2011,1.203
pan,sex_m,age_ythadult_yge25,geo_cov_rur,2012,1.099
pan,sex_m,age_ythadult_yge25,geo_cov_rur,2013,1.06
pan,sex_m,age_ythadult_yge25,geo_cov_rur,2014,1.635
pan,sex_m,age_ythadult_yge25,geo_cov_rur,2015,1.592
pan,sex_m,age_ythadult_yge25,geo_cov_rur,2016,1.367
pan,sex_m,age_ythadult_yge25,geo_cov_rur,2017,1.58
pan,sex_m,age_ythadult_yge25,geo_cov_rur,2018,1.462
pan,sex_m,age_ythadult_yge25,geo_cov_rur,2019,1.705
pan,sex_m,age_ythadult_yge25,geo_cov_rur,2021,3.824
pan,sex_m,age_ythadult_yge25,geo_cov_rur,2022,3.799
pan,sex_m,age_ythadult_yge25,geo_cov_rur,2023,2.184
pan,sex_m,age_ythadult_yge25,geo_cov_rur,2024,3.15
pan,sex_m,age_ythadult_yge25,geo_cov_urb,2006,6.077
pan,sex_m,age_ythadult_yge25,geo_cov_urb,2007,4.128
pan,sex_m,age_ythadult_yge25,geo_cov_urb,2008,3.467
pan,sex_m,age_ythadult_yge25,geo_cov_urb,2009,4.245
pan,sex_m,age_ythadult_yge25,geo_cov_urb,2010,4.573
pan,sex_m,age_ythadult_yge25,geo_cov_urb,2011,3.422
pan,sex_m,age_ythadult_yge25,geo_cov_urb,2012,2.784
pan,sex_m,age_ythadult_yge25,geo_cov_urb,2013,2.436
pan,sex_m,age_ythadult_yge25,geo_cov_urb,2014,2.845
pan,sex_m,age_ythadult_yge25,geo_cov_urb,2015,3.457
pan,sex_m,age_ythadult_yge25,geo_cov_urb,2016,4.021
pan,sex_m,age_ythadult_yge25,geo_cov_urb,2017,3.778
pan,sex_m,age_ythadult_yge25,geo_cov_urb,2018,3.874
pan,sex_m,age_ythadult_yge25,geo_cov_urb,2019,4.768
pan,sex_m,age_ythadult_yge25,geo_cov_urb,2021,10.867
pan,sex_m,age_ythadult_yge25,geo_cov_urb,2022,5.953
pan,sex_m,age_ythadult_yge25,geo_cov_urb,2023,5.087
pan,sex_m,age_ythadult_yge25,geo_cov_urb,2024,7.129
pan,sex_t,age_aggregate_total,geo_cov_nat,2006,8.492
pan,sex_t,age_aggregate_total,geo_cov_nat,2007,6.284
pan,sex_t,age_aggregate_total,geo_cov_nat,2008,6.091
pan,sex_t,age_aggregate_total,geo_cov_nat,2009,6.457
pan,sex_t,age_aggregate_total,geo_cov_nat,2010,6.414
pan,sex_t,age_aggregate_total,geo_cov_nat,2011,4.423
pan,sex_t,age_aggregate_total,geo_cov_nat,2012,4.014
pan,sex_t,age_aggregate_total,geo_cov_nat,2013,4.043
pan,sex_t,age_aggregate_total,geo_cov_nat,2014,4.796
pan,sex_t,age_aggregate_total,geo_cov_nat,2015,4.969
pan,sex_t,age_aggregate_total,geo_cov_nat,2016,5.404
pan,sex_t,age_aggregate_total,geo_cov_nat,2017,6.029
pan,sex_t,age_aggregate_total,geo_cov_nat,2018,5.879
pan,sex_t,age_aggregate_total,geo_cov_nat,2019,7.014
pan,sex_t,age_aggregate_total,geo_cov_nat,2021,11.167
pan,sex_t,age_aggregate_total,geo_cov_nat,2022,8.527
pan,sex_t,age_aggregate_total,geo_cov_nat,2023,7.359
pan,sex_t,age_aggregate_total,geo_cov_nat,2024,9.429
pan,sex_t,age_aggregate_total,geo_cov_rur,2006,5.067
pan,sex_t,age_aggregate_total,geo_cov_rur,2007,3.545
pan,sex_t,age_aggregate_total,geo_cov_rur,2008,4.207
pan,sex_t,age_aggregate_total,geo_cov_rur,2009,3.798
pan,sex_t,age_aggregate_total,geo_cov_rur,2010,3.975
pan,sex_t,age_aggregate_total,geo_cov_rur,2011,2.292
pan,sex_t,age_aggregate_total,geo_cov_rur,2012,2.367
pan,sex_t,age_aggregate_total,geo_cov_rur,2013,2.733
pan,sex_t,age_aggregate_total,geo_cov_rur,2014,3.309
pan,sex_t,age_aggregate_total,geo_cov_rur,2015,3.11
pan,sex_t,age_aggregate_total,geo_cov_rur,2016,3.109
pan,sex_t,age_aggregate_total,geo_cov_rur,2017,4.049
pan,sex_t,age_aggregate_total,geo_cov_rur,2018,3.176
pan,sex_t,age_aggregate_total,geo_cov_rur,2019,3.9
pan,sex_t,age_aggregate_total,geo_cov_rur,2021,5.608
pan,sex_t,age_aggregate_total,geo_cov_rur,2022,6.846
pan,sex_t,age_aggregate_total,geo_cov_rur,2023,4.386
pan,sex_t,age_aggregate_total,geo_cov_rur,2024,5.923
pan,sex_t,age_aggregate_total,geo_cov_urb,2006,10.208
pan,sex_t,age_aggregate_total,geo_cov_urb,2007,7.671
pan,sex_t,age_aggregate_total,geo_cov_urb,2008,6.971
pan,sex_t,age_aggregate_total,geo_cov_urb,2009,7.761
pan,sex_t,age_aggregate_total,geo_cov_urb,2010,7.588
pan,sex_t,age_aggregate_total,geo_cov_urb,2011,5.312
pan,sex_t,age_aggregate_total,geo_cov_urb,2012,4.747
pan,sex_t,age_aggregate_total,geo_cov_urb,2013,4.621
pan,sex_t,age_aggregate_total,geo_cov_urb,2014,5.427
pan,sex_t,age_aggregate_total,geo_cov_urb,2015,5.739
pan,sex_t,age_aggregate_total,geo_cov_urb,2016,6.336
pan,sex_t,age_aggregate_total,geo_cov_urb,2017,6.814
pan,sex_t,age_aggregate_total,geo_cov_urb,2018,6.959
pan,sex_t,age_aggregate_total,geo_cov_urb,2019,8.255
pan,sex_t,age_aggregate_total,geo_cov_urb,2021,13.287
pan,sex_t,age_aggregate_total,geo_cov_urb,2022,9.226
pan,sex_t,age_aggregate_total,geo_cov_urb,2023,8.454
pan,sex_t,age_aggregate_total,geo_cov_urb,2024,11.132
pan,sex_t,age_aggregate_y15_24,geo_cov_nat,2006,18.778
pan,sex_t,age_aggregate_y15_24,geo_cov_nat,2007,14.761
pan,sex_t,age_aggregate_y15_24,geo_cov_nat,2008,13.975
pan,sex_t,age_aggregate_y15_24,geo_cov_nat,2009,14.886
pan,sex_t,age_aggregate_y15_24,geo_cov_nat,2010,14.742
pan,sex_t,age_aggregate_y15_24,geo_cov_nat,2011,12.387
pan,sex_t,age_aggregate_y15_24,geo_cov_nat,2012,10.276
pan,sex_t,age_aggregate_y15_24,geo_cov_nat,2013,10.701
pan,sex_t,age_aggregate_y15_24,geo_cov_nat,2014,12.448
pan,sex_t,age_aggregate_y15_24,geo_cov_nat,2015,12.949
pan,sex_t,age_aggregate_y15_24,geo_cov_nat,2016,13.437
pan,sex_t,age_aggregate_y15_24,geo_cov_nat,2017,16.362
pan,sex_t,age_aggregate_y15_24,geo_cov_nat,2018,15.546
pan,sex_t,age_aggregate_y15_24,geo_cov_nat,2019,18.103
pan,sex_t,age_aggregate_y15_24,geo_cov_nat,2021,23.711
pan,sex_t,age_aggregate_y15_24,geo_cov_nat,2022,19.597
pan,sex_t,age_aggregate_y15_24,geo_cov_nat,2023,17.753
pan,sex_t,age_aggregate_y15_24,geo_cov_nat,2024,20.824
pan,sex_t,age_aggregate_y15_24,geo_cov_rur,2006,11.16
pan,sex_t,age_aggregate_y15_24,geo_cov_rur,2007,7.817
pan,sex_t,age_aggregate_y15_24,geo_cov_rur,2008,10.493
pan,sex_t,age_aggregate_y15_24,geo_cov_rur,2009,9.057
pan,sex_t,age_aggregate_y15_24,geo_cov_rur,2010,9.535
pan,sex_t,age_aggregate_y15_24,geo_cov_rur,2011,6.012
pan,sex_t,age_aggregate_y15_24,geo_cov_rur,2012,6.199
pan,sex_t,age_aggregate_y15_24,geo_cov_rur,2013,7.406
pan,sex_t,age_aggregate_y15_24,geo_cov_rur,2014,7.232
pan,sex_t,age_aggregate_y15_24,geo_cov_rur,2015,7.648
pan,sex_t,age_aggregate_y15_24,geo_cov_rur,2016,7.881
pan,sex_t,age_aggregate_y15_24,geo_cov_rur,2017,10.603
pan,sex_t,age_aggregate_y15_24,geo_cov_rur,2018,8.12
pan,sex_t,age_aggregate_y15_24,geo_cov_rur,2019,9.629
pan,sex_t,age_aggregate_y15_24,geo_cov_rur,2021,10.093
pan,sex_t,age_aggregate_y15_24,geo_cov_rur,2022,15.441
pan,sex_t,age_aggregate_y15_24,geo_cov_rur,2023,10.601
pan,sex_t,age_aggregate_y15_24,geo_cov_rur,2024,11.386
pan,sex_t,age_aggregate_y15_24,geo_cov_urb,2006,23.267
pan,sex_t,age_aggregate_y15_24,geo_cov_urb,2007,18.883
pan,sex_t,age_aggregate_y15_24,geo_cov_urb,2008,15.816
pan,sex_t,age_aggregate_y15_24,geo_cov_urb,2009,18.414
pan,sex_t,age_aggregate_y15_24,geo_cov_urb,2010,17.762
pan,sex_t,age_aggregate_y15_24,geo_cov_urb,2011,15.544
pan,sex_t,age_aggregate_y15_24,geo_cov_urb,2012,12.663
pan,sex_t,age_aggregate_y15_24,geo_cov_urb,2013,12.487
pan,sex_t,age_aggregate_y15_24,geo_cov_urb,2014,15.299
pan,sex_t,age_aggregate_y15_24,geo_cov_urb,2015,15.74
pan,sex_t,age_aggregate_y15_24,geo_cov_urb,2016,16.644
pan,sex_t,age_aggregate_y15_24,geo_cov_urb,2017,19.477
pan,sex_t,age_aggregate_y15_24,geo_cov_urb,2018,19.459
pan,sex_t,age_aggregate_y15_24,geo_cov_urb,2019,22.837
pan,sex_t,age_aggregate_y15_24,geo_cov_urb,2021,31.311
pan,sex_t,age_aggregate_y15_24,geo_cov_urb,2022,21.492
pan,sex_t,age_aggregate_y15_24,geo_cov_urb,2023,21.608
pan,sex_t,age_aggregate_y15_24,geo_cov_urb,2024,27.37
pan,sex_t,age_aggregate_y25_54,geo_cov_nat,2006,6.547
pan,sex_t,age_aggregate_y25_54,geo_cov_nat,2007,4.718
pan,sex_t,age_aggregate_y25_54,geo_cov_nat,2008,4.641
pan,sex_t,age_aggregate_y25_54,geo_cov_nat,2009,5.135
pan,sex_t,age_aggregate_y25_54,geo_cov_nat,2010,5.218
pan,sex_t,age_aggregate_y25_54,geo_cov_nat,2011,3.216
pan,sex_t,age_aggregate_y25_54,geo_cov_nat,2012,3.025
pan,sex_t,age_aggregate_y25_54,geo_cov_nat,2013,2.927
pan,sex_t,age_aggregate_y25_54,geo_cov_nat,2014,3.787
pan,sex_t,age_aggregate_y25_54,geo_cov_nat,2015,4.057
pan,sex_t,age_aggregate_y25_54,geo_cov_nat,2016,4.417
pan,sex_t,age_aggregate_y25_54,geo_cov_nat,2017,4.726
pan,sex_t,age_aggregate_y25_54,geo_cov_nat,2018,4.716
pan,sex_t,age_aggregate_y25_54,geo_cov_nat,2019,5.583
pan,sex_t,age_aggregate_y25_54,geo_cov_nat,2021,9.891
pan,sex_t,age_aggregate_y25_54,geo_cov_nat,2022,7.722
pan,sex_t,age_aggregate_y25_54,geo_cov_nat,2023,6.57
pan,sex_t,age_aggregate_y25_54,geo_cov_nat,2024,8.776
pan,sex_t,age_aggregate_y25_54,geo_cov_rur,2006,3.992
pan,sex_t,age_aggregate_y25_54,geo_cov_rur,2007,2.755
pan,sex_t,age_aggregate_y25_54,geo_cov_rur,2008,2.875
pan,sex_t,age_aggregate_y25_54,geo_cov_rur,2009,2.939
pan,sex_t,age_aggregate_y25_54,geo_cov_rur,2010,3.173
pan,sex_t,age_aggregate_y25_54,geo_cov_rur,2011,1.754
pan,sex_t,age_aggregate_y25_54,geo_cov_rur,2012,1.686
pan,sex_t,age_aggregate_y25_54,geo_cov_rur,2013,1.991
pan,sex_t,age_aggregate_y25_54,geo_cov_rur,2014,2.897
pan,sex_t,age_aggregate_y25_54,geo_cov_rur,2015,2.507
pan,sex_t,age_aggregate_y25_54,geo_cov_rur,2016,2.419
pan,sex_t,age_aggregate_y25_54,geo_cov_rur,2017,3.188
pan,sex_t,age_aggregate_y25_54,geo_cov_rur,2018,2.493
pan,sex_t,age_aggregate_y25_54,geo_cov_rur,2019,3.292
pan,sex_t,age_aggregate_y25_54,geo_cov_rur,2021,5.346
pan,sex_t,age_aggregate_y25_54,geo_cov_rur,2022,6.26
pan,sex_t,age_aggregate_y25_54,geo_cov_rur,2023,3.609
pan,sex_t,age_aggregate_y25_54,geo_cov_rur,2024,6.274
pan,sex_t,age_aggregate_y25_54,geo_cov_urb,2006,7.65
pan,sex_t,age_aggregate_y25_54,geo_cov_urb,2007,5.563
pan,sex_t,age_aggregate_y25_54,geo_cov_urb,2008,5.356
pan,sex_t,age_aggregate_y25_54,geo_cov_urb,2009,6.048
pan,sex_t,age_aggregate_y25_54,geo_cov_urb,2010,6.062
pan,sex_t,age_aggregate_y25_54,geo_cov_urb,2011,3.729
pan,sex_t,age_aggregate_y25_54,geo_cov_urb,2012,3.523
pan,sex_t,age_aggregate_y25_54,geo_cov_urb,2013,3.285
pan,sex_t,age_aggregate_y25_54,geo_cov_urb,2014,4.108
pan,sex_t,age_aggregate_y25_54,geo_cov_urb,2015,4.6
pan,sex_t,age_aggregate_y25_54,geo_cov_urb,2016,5.079
pan,sex_t,age_aggregate_y25_54,geo_cov_urb,2017,5.23
pan,sex_t,age_aggregate_y25_54,geo_cov_urb,2018,5.469
pan,sex_t,age_aggregate_y25_54,geo_cov_urb,2019,6.35
pan,sex_t,age_aggregate_y25_54,geo_cov_urb,2021,11.338
pan,sex_t,age_aggregate_y25_54,geo_cov_urb,2022,8.31
pan,sex_t,age_aggregate_y25_54,geo_cov_urb,2023,7.514
pan,sex_t,age_aggregate_y25_54,geo_cov_urb,2024,9.812
pan,sex_t,age_aggregate_y55_64,geo_cov_nat,2006,3.727
pan,sex_t,age_aggregate_y55_64,geo_cov_nat,2007,1.908
pan,sex_t,age_aggregate_y55_64,geo_cov_nat,2008,2.389
pan,sex_t,age_aggregate_y55_64,geo_cov_nat,2009,2.026
pan,sex_t,age_aggregate_y55_64,geo_cov_nat,2010,2.131
pan,sex_t,age_aggregate_y55_64,geo_cov_nat,2011,1.817
pan,sex_t,age_aggregate_y55_64,geo_cov_nat,2012,1.615
pan,sex_t,age_aggregate_y55_64,geo_cov_nat,2013,1.442
pan,sex_t,age_aggregate_y55_64,geo_cov_nat,2014,1.544
pan,sex_t,age_aggregate_y55_64,geo_cov_nat,2015,1.169
pan,sex_t,age_aggregate_y55_64,geo_cov_nat,2016,1.696
pan,sex_t,age_aggregate_y55_64,geo_cov_nat,2017,1.783
pan,sex_t,age_aggregate_y55_64,geo_cov_nat,2018,1.358
pan,sex_t,age_aggregate_y55_64,geo_cov_nat,2019,2.962
pan,sex_t,age_aggregate_y55_64,geo_cov_nat,2021,7.215
pan,sex_t,age_aggregate_y55_64,geo_cov_nat,2022,3.438
pan,sex_t,age_aggregate_y55_64,geo_cov_nat,2023,3.219
pan,sex_t,age_aggregate_y55_64,geo_cov_nat,2024,4.119
pan,sex_t,age_aggregate_y55_64,geo_cov_rur,2006,1.771
pan,sex_t,age_aggregate_y55_64,geo_cov_rur,2007,1.481
pan,sex_t,age_aggregate_y55_64,geo_cov_rur,2008,1.812
pan,sex_t,age_aggregate_y55_64,geo_cov_rur,2009,0.885
pan,sex_t,age_aggregate_y55_64,geo_cov_rur,2010,0.866
pan,sex_t,age_aggregate_y55_64,geo_cov_rur,2011,0.742
pan,sex_t,age_aggregate_y55_64,geo_cov_rur,2012,0.334
pan,sex_t,age_aggregate_y55_64,geo_cov_rur,2013,0.358
pan,sex_t,age_aggregate_y55_64,geo_cov_rur,2014,1.259
pan,sex_t,age_aggregate_y55_64,geo_cov_rur,2015,1.339
pan,sex_t,age_aggregate_y55_64,geo_cov_rur,2017,0.796
pan,sex_t,age_aggregate_y55_64,geo_cov_rur,2018,0.666
pan,sex_t,age_aggregate_y55_64,geo_cov_rur,2019,0.526
pan,sex_t,age_aggregate_y55_64,geo_cov_rur,2021,3.177
pan,sex_t,age_aggregate_y55_64,geo_cov_rur,2022,2.665
pan,sex_t,age_aggregate_y55_64,geo_cov_rur,2023,1.85
pan,sex_t,age_aggregate_y55_64,geo_cov_rur,2024,1.45
pan,sex_t,age_aggregate_y55_64,geo_cov_urb,2006,4.938
pan,sex_t,age_aggregate_y55_64,geo_cov_urb,2007,2.17
pan,sex_t,age_aggregate_y55_64,geo_cov_urb,2008,2.695
pan,sex_t,age_aggregate_y55_64,geo_cov_urb,2009,2.652
pan,sex_t,age_aggregate_y55_64,geo_cov_urb,2010,2.806
pan,sex_t,age_aggregate_y55_64,geo_cov_urb,2011,2.389
pan,sex_t,age_aggregate_y55_64,geo_cov_urb,2012,2.247
pan,sex_t,age_aggregate_y55_64,geo_cov_urb,2013,1.919
pan,sex_t,age_aggregate_y55_64,geo_cov_urb,2014,1.668
pan,sex_t,age_aggregate_y55_64,geo_cov_urb,2015,1.091
pan,sex_t,age_aggregate_y55_64,geo_cov_urb,2016,2.162
pan,sex_t,age_aggregate_y55_64,geo_cov_urb,2017,2.198
pan,sex_t,age_aggregate_y55_64,geo_cov_urb,2018,1.623
pan,sex_t,age_aggregate_y55_64,geo_cov_urb,2019,3.886
pan,sex_t,age_aggregate_y55_64,geo_cov_urb,2021,8.695
pan,sex_t,age_aggregate_y55_64,geo_cov_urb,2022,3.743
pan,sex_t,age_aggregate_y55_64,geo_cov_urb,2023,3.648
pan,sex_t,age_aggregate_y55_64,geo_cov_urb,2024,5.354
pan,sex_t,age_aggregate_yge65,geo_cov_nat,2006,2.294
pan,sex_t,age_aggregate_yge65,geo_cov_nat,2007,0.903
pan,sex_t,age_aggregate_yge65,geo_cov_nat,2008,1.371
pan,sex_t,age_aggregate_yge65,geo_cov_nat,2009,1.588
pan,sex_t,age_aggregate_yge65,geo_cov_nat,2010,1.234
pan,sex_t,age_aggregate_yge65,geo_cov_nat,2011,1.116
pan,sex_t,age_aggregate_yge65,geo_cov_nat,2012,0.579
pan,sex_t,age_aggregate_yge65,geo_cov_nat,2013,1.25
pan,sex_t,age_aggregate_yge65,geo_cov_nat,2016,0.979
pan,sex_t,age_aggregate_yge65,geo_cov_nat,2017,1.055
pan,sex_t,age_aggregate_yge65,geo_cov_nat,2018,1.323
pan,sex_t,age_aggregate_yge65,geo_cov_nat,2019,1.555
pan,sex_t,age_aggregate_yge65,geo_cov_nat,2021,3.58
pan,sex_t,age_aggregate_yge65,geo_cov_nat,2022,1.342
pan,sex_t,age_aggregate_yge65,geo_cov_nat,2023,1.217
pan,sex_t,age_aggregate_yge65,geo_cov_nat,2024,2.933
pan,sex_t,age_aggregate_yge65,geo_cov_rur,2006,0.678
pan,sex_t,age_aggregate_yge65,geo_cov_rur,2008,0.964
pan,sex_t,age_aggregate_yge65,geo_cov_rur,2010,0.518
pan,sex_t,age_aggregate_yge65,geo_cov_rur,2021,1.94
pan,sex_t,age_aggregate_yge65,geo_cov_rur,2022,0.552
pan,sex_t,age_aggregate_yge65,geo_cov_urb,2006,4.644
pan,sex_t,age_aggregate_yge65,geo_cov_urb,2007,1.756
pan,sex_t,age_aggregate_yge65,geo_cov_urb,2009,3.346
pan,sex_t,age_aggregate_yge65,geo_cov_urb,2010,2.298
pan,sex_t,age_aggregate_yge65,geo_cov_urb,2013,2.603
pan,sex_t,age_aggregate_yge65,geo_cov_urb,2016,1.994
pan,sex_t,age_aggregate_yge65,geo_cov_urb,2017,1.993
pan,sex_t,age_aggregate_yge65,geo_cov_urb,2018,2.24
pan,sex_t,age_aggregate_yge65,geo_cov_urb,2019,2.821
pan,sex_t,age_aggregate_yge65,geo_cov_urb,2021,4.852
pan,sex_t,age_aggregate_yge65,geo_cov_urb,2022,1.727
pan,sex_t,age_aggregate_yge65,geo_cov_urb,2023,1.828
pan,sex_t,age_aggregate_yge65,geo_cov_urb,2024,4.678
pan,sex_t,age_ythadult_y15_24,geo_cov_nat,2006,18.778
pan,sex_t,age_ythadult_y15_24,geo_cov_nat,2007,14.761
pan,sex_t,age_ythadult_y15_24,geo_cov_nat,2008,13.975
pan,sex_t,age_ythadult_y15_24,geo_cov_nat,2009,14.886
pan,sex_t,age_ythadult_y15_24,geo_cov_nat,2010,14.742
pan,sex_t,age_ythadult_y15_24,geo_cov_nat,2011,12.387
pan,sex_t,age_ythadult_y15_24,geo_cov_nat,2012,10.276
pan,sex_t,age_ythadult_y15_24,geo_cov_nat,2013,10.701
pan,sex_t,age_ythadult_y15_24,geo_cov_nat,2014,12.448
pan,sex_t,age_ythadult_y15_24,geo_cov_nat,2015,12.949
pan,sex_t,age_ythadult_y15_24,geo_cov_nat,2016,13.437
pan,sex_t,age_ythadult_y15_24,geo_cov_nat,2017,16.362
pan,sex_t,age_ythadult_y15_24,geo_cov_nat,2018,15.546
pan,sex_t,age_ythadult_y15_24,geo_cov_nat,2019,18.103
pan,sex_t,age_ythadult_y15_24,geo_cov_nat,2021,23.711
pan,sex_t,age_ythadult_y15_24,geo_cov_nat,2022,19.597
pan,sex_t,age_ythadult_y15_24,geo_cov_nat,2023,17.753
pan,sex_t,age_ythadult_y15_24,geo_cov_nat,2024,20.824
pan,sex_t,age_ythadult_y15_24,geo_cov_rur,2006,11.16
pan,sex_t,age_ythadult_y15_24,geo_cov_rur,2007,7.817
pan,sex_t,age_ythadult_y15_24,geo_cov_rur,2008,10.493
pan,sex_t,age_ythadult_y15_24,geo_cov_rur,2009,9.057
pan,sex_t,age_ythadult_y15_24,geo_cov_rur,2010,9.535
pan,sex_t,age_ythadult_y15_24,geo_cov_rur,2011,6.012
pan,sex_t,age_ythadult_y15_24,geo_cov_rur,2012,6.199
pan,sex_t,age_ythadult_y15_24,geo_cov_rur,2013,7.406
pan,sex_t,age_ythadult_y15_24,geo_cov_rur,2014,7.232
pan,sex_t,age_ythadult_y15_24,geo_cov_rur,2015,7.648
pan,sex_t,age_ythadult_y15_24,geo_cov_rur,2016,7.881
pan,sex_t,age_ythadult_y15_24,geo_cov_rur,2017,10.603
pan,sex_t,age_ythadult_y15_24,geo_cov_rur,2018,8.12
pan,sex_t,age_ythadult_y15_24,geo_cov_rur,2019,9.629
pan,sex_t,age_ythadult_y15_24,geo_cov_rur,2021,10.093
pan,sex_t,age_ythadult_y15_24,geo_cov_rur,2022,15.441
pan,sex_t,age_ythadult_y15_24,geo_cov_rur,2023,10.601
pan,sex_t,age_ythadult_y15_24,geo_cov_rur,2024,11.386
pan,sex_t,age_ythadult_y15_24,geo_cov_urb,2006,23.267
pan,sex_t,age_ythadult_y15_24,geo_cov_urb,2007,18.883
pan,sex_t,age_ythadult_y15_24,geo_cov_urb,2008,15.816
pan,sex_t,age_ythadult_y15_24,geo_cov_urb,2009,18.414
pan,sex_t,age_ythadult_y15_24,geo_cov_urb,2010,17.762
pan,sex_t,age_ythadult_y15_24,geo_cov_urb,2011,15.544
pan,sex_t,age_ythadult_y15_24,geo_cov_urb,2012,12.663
pan,sex_t,age_ythadult_y15_24,geo_cov_urb,2013,12.487
pan,sex_t,age_ythadult_y15_24,geo_cov_urb,2014,15.299
pan,sex_t,age_ythadult_y15_24,geo_cov_urb,2015,15.74
pan,sex_t,age_ythadult_y15_24,geo_cov_urb,2016,16.644
pan,sex_t,age_ythadult_y15_24,geo_cov_urb,2017,19.477
pan,sex_t,age_ythadult_y15_24,geo_cov_urb,2018,19.459
pan,sex_t,age_ythadult_y15_24,geo_cov_urb,2019,22.837
pan,sex_t,age_ythadult_y15_24,geo_cov_urb,2021,31.311
pan,sex_t,age_ythadult_y15_24,geo_cov_urb,2022,21.492
pan,sex_t,age_ythadult_y15_24,geo_cov_urb,2023,21.608
pan,sex_t,age_ythadult_y15_24,geo_cov_urb,2024,27.37
pan,sex_t,age_ythadult_y15_64,geo_cov_nat,2006,8.764
pan,sex_t,age_ythadult_y15_64,geo_cov_nat,2007,6.518
pan,sex_t,age_ythadult_y15_64,geo_cov_nat,2008,6.312
pan,sex_t,age_ythadult_y15_64,geo_cov_nat,2009,6.69
pan,sex_t,age_ythadult_y15_64,geo_cov_nat,2010,6.66
pan,sex_t,age_ythadult_y15_64,geo_cov_nat,2011,4.574
pan,sex_t,age_ythadult_y15_64,geo_cov_nat,2012,4.18
pan,sex_t,age_ythadult_y15_64,geo_cov_nat,2013,4.195
pan,sex_t,age_ythadult_y15_64,geo_cov_nat,2014,5.033
pan,sex_t,age_ythadult_y15_64,geo_cov_nat,2015,5.218
pan,sex_t,age_ythadult_y15_64,geo_cov_nat,2016,5.665
pan,sex_t,age_ythadult_y15_64,geo_cov_nat,2017,6.336
pan,sex_t,age_ythadult_y15_64,geo_cov_nat,2018,6.176
pan,sex_t,age_ythadult_y15_64,geo_cov_nat,2019,7.38
pan,sex_t,age_ythadult_y15_64,geo_cov_nat,2021,11.707
pan,sex_t,age_ythadult_y15_64,geo_cov_nat,2022,9.148
pan,sex_t,age_ythadult_y15_64,geo_cov_nat,2023,7.82
pan,sex_t,age_ythadult_y15_64,geo_cov_nat,2024,9.994
pan,sex_t,age_ythadult_y15_64,geo_cov_rur,2006,5.421
pan,sex_t,age_ythadult_y15_64,geo_cov_rur,2007,3.814
pan,sex_t,age_ythadult_y15_64,geo_cov_rur,2008,4.503
pan,sex_t,age_ythadult_y15_64,geo_cov_rur,2009,4.104
pan,sex_t,age_ythadult_y15_64,geo_cov_rur,2010,4.29
pan,sex_t,age_ythadult_y15_64,geo_cov_rur,2011,2.447
pan,sex_t,age_ythadult_y15_64,geo_cov_rur,2014,3.629
pan,sex_t,age_ythadult_y15_64,geo_cov_rur,2015,3.424
pan,sex_t,age_ythadult_y15_64,geo_cov_rur,2016,3.449
pan,sex_t,age_ythadult_y15_64,geo_cov_rur,2018,3.502
pan,sex_t,age_ythadult_y15_64,geo_cov_rur,2021,6.039
pan,sex_t,age_ythadult_y15_64,geo_cov_rur,2022,7.457
pan,sex_t,age_ythadult_y15_64,geo_cov_rur,2023,4.867
pan,sex_t,age_ythadult_y15_64,geo_cov_rur,2024,6.557
pan,sex_t,age_ythadult_y15_64,geo_cov_urb,2006,10.355
pan,sex_t,age_ythadult_y15_64,geo_cov_urb,2007,7.809
pan,sex_t,age_ythadult_y15_64,geo_cov_urb,2008,7.108
pan,sex_t,age_ythadult_y15_64,geo_cov_urb,2009,7.888
pan,sex_t,age_ythadult_y15_64,geo_cov_urb,2010,7.735
pan,sex_t,age_ythadult_y15_64,geo_cov_urb,2011,5.403
pan,sex_t,age_ythadult_y15_64,geo_cov_urb,2012,4.867
pan,sex_t,age_ythadult_y15_64,geo_cov_urb,2013,4.693
pan,sex_t,age_ythadult_y15_64,geo_cov_urb,2014,5.592
pan,sex_t,age_ythadult_y15_64,geo_cov_urb,2015,5.916
pan,sex_t,age_ythadult_y15_64,geo_cov_urb,2016,6.508
pan,sex_t,age_ythadult_y15_64,geo_cov_urb,2017,7.023
pan,sex_t,age_ythadult_y15_64,geo_cov_urb,2018,7.179
pan,sex_t,age_ythadult_y15_64,geo_cov_urb,2019,8.525
pan,sex_t,age_ythadult_y15_64,geo_cov_urb,2021,13.747
pan,sex_t,age_ythadult_y15_64,geo_cov_urb,2022,9.842
pan,sex_t,age_ythadult_y15_64,geo_cov_urb,2023,8.851
pan,sex_t,age_ythadult_y15_64,geo_cov_urb,2024,11.585
pan,sex_t,age_ythadult_yge15,geo_cov_nat,2006,8.492
pan,sex_t,age_ythadult_yge15,geo_cov_nat,2007,6.284
pan,sex_t,age_ythadult_yge15,geo_cov_nat,2008,6.091
pan,sex_t,age_ythadult_yge15,geo_cov_nat,2009,6.457
pan,sex_t,age_ythadult_yge15,geo_cov_nat,2010,6.414
pan,sex_t,age_ythadult_yge15,geo_cov_nat,2011,4.423
pan,sex_t,age_ythadult_yge15,geo_cov_nat,2012,4.014
pan,sex_t,age_ythadult_yge15,geo_cov_nat,2013,4.043
pan,sex_t,age_ythadult_yge15,geo_cov_nat,2014,4.796
pan,sex_t,age_ythadult_yge15,geo_cov_nat,2015,4.969
pan,sex_t,age_ythadult_yge15,geo_cov_nat,2016,5.404
pan,sex_t,age_ythadult_yge15,geo_cov_nat,2017,6.029
pan,sex_t,age_ythadult_yge15,geo_cov_nat,2018,5.879
pan,sex_t,age_ythadult_yge15,geo_cov_nat,2019,7.014
pan,sex_t,age_ythadult_yge15,geo_cov_nat,2021,11.167
pan,sex_t,age_ythadult_yge15,geo_cov_nat,2022,8.527
pan,sex_t,age_ythadult_yge15,geo_cov_nat,2023,7.359
pan,sex_t,age_ythadult_yge15,geo_cov_nat,2024,9.429
pan,sex_t,age_ythadult_yge15,geo_cov_rur,2006,5.067
pan,sex_t,age_ythadult_yge15,geo_cov_rur,2007,3.545
pan,sex_t,age_ythadult_yge15,geo_cov_rur,2008,4.207
pan,sex_t,age_ythadult_yge15,geo_cov_rur,2009,3.798
pan,sex_t,age_ythadult_yge15,geo_cov_rur,2010,3.975
pan,sex_t,age_ythadult_yge15,geo_cov_rur,2011,2.292
pan,sex_t,age_ythadult_yge15,geo_cov_rur,2012,2.367
pan,sex_t,age_ythadult_yge15,geo_cov_rur,2013,2.733
pan,sex_t,age_ythadult_yge15,geo_cov_rur,2014,3.309
pan,sex_t,age_ythadult_yge15,geo_cov_rur,2015,3.11
pan,sex_t,age_ythadult_yge15,geo_cov_rur,2016,3.109
pan,sex_t,age_ythadult_yge15,geo_cov_rur,2017,4.049
pan,sex_t,age_ythadult_yge15,geo_cov_rur,2018,3.176
pan,sex_t,age_ythadult_yge15,geo_cov_rur,2019,3.9
pan,sex_t,age_ythadult_yge15,geo_cov_rur,2021,5.608
pan,sex_t,age_ythadult_yge15,geo_cov_rur,2022,6.846
pan,sex_t,age_ythadult_yge15,geo_cov_rur,2023,4.386
pan,sex_t,age_ythadult_yge15,geo_cov_rur,2024,5.923
pan,sex_t,age_ythadult_yge15,geo_cov_urb,2006,10.208
pan,sex_t,age_ythadult_yge15,geo_cov_urb,2007,7.671
pan,sex_t,age_ythadult_yge15,geo_cov_urb,2008,6.971
pan,sex_t,age_ythadult_yge15,geo_cov_urb,2009,7.761
pan,sex_t,age_ythadult_yge15,geo_cov_urb,2010,7.588
pan,sex_t,age_ythadult_yge15,geo_cov_urb,2011,5.312
pan,sex_t,age_ythadult_yge15,geo_cov_urb,2012,4.747
pan,sex_t,age_ythadult_yge15,geo_cov_urb,2013,4.621
pan,sex_t,age_ythadult_yge15,geo_cov_urb,2014,5.427
pan,sex_t,age_ythadult_yge15,geo_cov_urb,2015,5.739
pan,sex_t,age_ythadult_yge15,geo_cov_urb,2016,6.336
pan,sex_t,age_ythadult_yge15,geo_cov_urb,2017,6.814
pan,sex_t,age_ythadult_yge15,geo_cov_urb,2018,6.959
pan,sex_t,age_ythadult_yge15,geo_cov_urb,2019,8.255
pan,sex_t,age_ythadult_yge15,geo_cov_urb,2021,13.287
pan,sex_t,age_ythadult_yge15,geo_cov_urb,2022,9.226
pan,sex_t,age_ythadult_yge15,geo_cov_urb,2023,8.454
pan,sex_t,age_ythadult_yge15,geo_cov_urb,2024,11.132
pan,sex_t,age_ythadult_yge25,geo_cov_nat,2006,6.031
pan,sex_t,age_ythadult_yge25,geo_cov_nat,2007,4.206
pan,sex_t,age_ythadult_yge25,geo_cov_nat,2008,4.21
pan,sex_t,age_ythadult_yge25,geo_cov_nat,2009,4.546
pan,sex_t,age_ythadult_yge25,geo_cov_nat,2010,4.61
pan,sex_t,age_ythadult_yge25,geo_cov_nat,2011,2.941
pan,sex_t,age_ythadult_yge25,geo_cov_nat,2012,2.714
pan,sex_t,age_ythadult_yge25,geo_cov_nat,2013,2.631
pan,sex_t,age_ythadult_yge25,geo_cov_nat,2014,3.283
pan,sex_t,age_ythadult_yge25,geo_cov_nat,2015,3.44
pan,sex_t,age_ythadult_yge25,geo_cov_nat,2016,3.816
pan,sex_t,age_ythadult_yge25,geo_cov_nat,2017,4.028
pan,sex_t,age_ythadult_yge25,geo_cov_nat,2018,3.937
pan,sex_t,age_ythadult_yge25,geo_cov_nat,2019,4.85
pan,sex_t,age_ythadult_yge25,geo_cov_nat,2021,8.932
pan,sex_t,age_ythadult_yge25,geo_cov_nat,2022,6.363
pan,sex_t,age_ythadult_yge25,geo_cov_nat,2023,5.524
pan,sex_t,age_ythadult_yge25,geo_cov_nat,2024,7.361
pan,sex_t,age_ythadult_yge25,geo_cov_rur,2006,3.404
pan,sex_t,age_ythadult_yge25,geo_cov_rur,2007,2.354
pan,sex_t,age_ythadult_yge25,geo_cov_rur,2008,2.542
pan,sex_t,age_ythadult_yge25,geo_cov_rur,2009,2.384
pan,sex_t,age_ythadult_yge25,geo_cov_rur,2010,2.576
pan,sex_t,age_ythadult_yge25,geo_cov_rur,2011,1.494
pan,sex_t,age_ythadult_yge25,geo_cov_rur,2012,1.37
pan,sex_t,age_ythadult_yge25,geo_cov_rur,2013,1.557
pan,sex_t,age_ythadult_yge25,geo_cov_rur,2014,2.352
pan,sex_t,age_ythadult_yge25,geo_cov_rur,2015,2.05
pan,sex_t,age_ythadult_yge25,geo_cov_rur,2016,1.847
pan,sex_t,age_ythadult_yge25,geo_cov_rur,2017,2.404
pan,sex_t,age_ythadult_yge25,geo_cov_rur,2018,1.922
pan,sex_t,age_ythadult_yge25,geo_cov_rur,2019,2.419
pan,sex_t,age_ythadult_yge25,geo_cov_rur,2021,4.514
pan,sex_t,age_ythadult_yge25,geo_cov_rur,2022,5.033
pan,sex_t,age_ythadult_yge25,geo_cov_rur,2023,2.88
pan,sex_t,age_ythadult_yge25,geo_cov_rur,2024,4.622
pan,sex_t,age_ythadult_yge25,geo_cov_urb,2006,7.296
pan,sex_t,age_ythadult_yge25,geo_cov_urb,2007,5.108
pan,sex_t,age_ythadult_yge25,geo_cov_urb,2008,4.966
pan,sex_t,age_ythadult_yge25,geo_cov_urb,2009,5.555
pan,sex_t,age_ythadult_yge25,geo_cov_urb,2010,5.55
pan,sex_t,age_ythadult_yge25,geo_cov_urb,2011,3.524
pan,sex_t,age_ythadult_yge25,geo_cov_urb,2012,3.276
pan,sex_t,age_ythadult_yge25,geo_cov_urb,2013,3.083
pan,sex_t,age_ythadult_yge25,geo_cov_urb,2014,3.657
pan,sex_t,age_ythadult_yge25,geo_cov_urb,2015,3.988
pan,sex_t,age_ythadult_yge25,geo_cov_urb,2016,4.557
pan,sex_t,age_ythadult_yge25,geo_cov_urb,2017,4.632
pan,sex_t,age_ythadult_yge25,geo_cov_urb,2018,4.695
pan,sex_t,age_ythadult_yge25,geo_cov_urb,2019,5.752
pan,sex_t,age_ythadult_yge25,geo_cov_urb,2021,10.496
pan,sex_t,age_ythadult_yge25,geo_cov_urb,2022,6.907
pan,sex_t,age_ythadult_yge25,geo_cov_urb,2023,6.429
pan,sex_t,age_ythadult_yge25,geo_cov_urb,2024,8.603
phl,sex_f,age_aggregate_total,geo_cov_nat,2007,7.319
phl,sex_f,age_aggregate_total,geo_cov_nat,2008,7.305
phl,sex_f,age_aggregate_total,geo_cov_nat,2009,7.517
phl,sex_f,age_aggregate_total,geo_cov_nat,2010,7.179
phl,sex_f,age_aggregate_total,geo_cov_nat,2011,6.89
phl,sex_f,age_aggregate_total,geo_cov_nat,2012,6.991
phl,sex_f,age_aggregate_total,geo_cov_nat,2013,7.076
phl,sex_f,age_aggregate_total,geo_cov_nat,2014,6.567
phl,sex_f,age_aggregate_total,geo_cov_nat,2015,6.135
phl,sex_f,age_aggregate_total,geo_cov_nat,2016,5.612
phl,sex_f,age_aggregate_total,geo_cov_nat,2017,5.439
phl,sex_f,age_aggregate_total,geo_cov_nat,2018,5.376
phl,sex_f,age_aggregate_total,geo_cov_nat,2019,5.174
phl,sex_f,age_aggregate_total,geo_cov_nat,2020,9.896
phl,sex_f,age_aggregate_total,geo_cov_nat,2021,9.207
phl,sex_f,age_aggregate_total,geo_cov_nat,2022,5.881
phl,sex_f,age_aggregate_total,geo_cov_nat,2023,4.775
phl,sex_f,age_aggregate_total,geo_cov_rur,2007,5.692
phl,sex_f,age_aggregate_total,geo_cov_rur,2008,5.486
phl,sex_f,age_aggregate_total,geo_cov_rur,2009,5.468
phl,sex_f,age_aggregate_total,geo_cov_rur,2010,5.648
phl,sex_f,age_aggregate_total,geo_cov_rur,2011,5.295
phl,sex_f,age_aggregate_total,geo_cov_rur,2012,5.677
phl,sex_f,age_aggregate_total,geo_cov_rur,2013,5.681
phl,sex_f,age_aggregate_total,geo_cov_rur,2014,5.132
phl,sex_f,age_aggregate_total,geo_cov_rur,2015,5.204
phl,sex_f,age_aggregate_total,geo_cov_rur,2016,5.031
phl,sex_f,age_aggregate_total,geo_cov_rur,2017,4.962
phl,sex_f,age_aggregate_total,geo_cov_rur,2018,5.07
phl,sex_f,age_aggregate_total,geo_cov_rur,2019,4.981
phl,sex_f,age_aggregate_total,geo_cov_rur,2020,9.098
phl,sex_f,age_aggregate_total,geo_cov_rur,2021,8.055
phl,sex_f,age_aggregate_total,geo_cov_rur,2022,5.737
phl,sex_f,age_aggregate_total,geo_cov_rur,2023,4.874
phl,sex_f,age_aggregate_total,geo_cov_urb,2007,8.807
phl,sex_f,age_aggregate_total,geo_cov_urb,2008,8.954
phl,sex_f,age_aggregate_total,geo_cov_urb,2009,9.346
phl,sex_f,age_aggregate_total,geo_cov_urb,2010,8.568
phl,sex_f,age_aggregate_total,geo_cov_urb,2011,8.322
phl,sex_f,age_aggregate_total,geo_cov_urb,2012,8.174
phl,sex_f,age_aggregate_total,geo_cov_urb,2013,8.316
phl,sex_f,age_aggregate_total,geo_cov_urb,2014,7.83
phl,sex_f,age_aggregate_total,geo_cov_urb,2015,6.97
phl,sex_f,age_aggregate_total,geo_cov_urb,2016,6.234
phl,sex_f,age_aggregate_total,geo_cov_urb,2017,5.929
phl,sex_f,age_aggregate_total,geo_cov_urb,2018,5.703
phl,sex_f,age_aggregate_total,geo_cov_urb,2019,5.376
phl,sex_f,age_aggregate_total,geo_cov_urb,2020,10.561
phl,sex_f,age_aggregate_total,geo_cov_urb,2021,10.182
phl,sex_f,age_aggregate_total,geo_cov_urb,2022,6.001
phl,sex_f,age_aggregate_total,geo_cov_urb,2023,4.895
phl,sex_f,age_aggregate_total,geo_cov_x,2023,4.451
phl,sex_f,age_aggregate_y15_24,geo_cov_nat,2007,19.198
phl,sex_f,age_aggregate_y15_24,geo_cov_nat,2008,19.969
phl,sex_f,age_aggregate_y15_24,geo_cov_nat,2009,20.527
phl,sex_f,age_aggregate_y15_24,geo_cov_nat,2010,20.143
phl,sex_f,age_aggregate_y15_24,geo_cov_nat,2011,18.911
phl,sex_f,age_aggregate_y15_24,geo_cov_nat,2012,18.916
phl,sex_f,age_aggregate_y15_24,geo_cov_nat,2013,18.552
phl,sex_f,age_aggregate_y15_24,geo_cov_nat,2014,17.817
phl,sex_f,age_aggregate_y15_24,geo_cov_nat,2015,16.803
phl,sex_f,age_aggregate_y15_24,geo_cov_nat,2016,16.032
phl,sex_f,age_aggregate_y15_24,geo_cov_nat,2017,16.169
phl,sex_f,age_aggregate_y15_24,geo_cov_nat,2018,15.459
phl,sex_f,age_aggregate_y15_24,geo_cov_nat,2019,15.499
phl,sex_f,age_aggregate_y15_24,geo_cov_nat,2020,23.596
phl,sex_f,age_aggregate_y15_24,geo_cov_nat,2021,20.256
phl,sex_f,age_aggregate_y15_24,geo_cov_nat,2022,14.391
phl,sex_f,age_aggregate_y15_24,geo_cov_nat,2023,13.259
phl,sex_f,age_aggregate_y15_24,geo_cov_rur,2007,16.826
phl,sex_f,age_aggregate_y15_24,geo_cov_rur,2008,17.226
phl,sex_f,age_aggregate_y15_24,geo_cov_rur,2009,17.022
phl,sex_f,age_aggregate_y15_24,geo_cov_rur,2010,17.415
phl,sex_f,age_aggregate_y15_24,geo_cov_rur,2011,16.538
phl,sex_f,age_aggregate_y15_24,geo_cov_rur,2012,16.844
phl,sex_f,age_aggregate_y15_24,geo_cov_rur,2013,16.257
phl,sex_f,age_aggregate_y15_24,geo_cov_rur,2014,15.73
phl,sex_f,age_aggregate_y15_24,geo_cov_rur,2015,15.195
phl,sex_f,age_aggregate_y15_24,geo_cov_rur,2016,15.467
phl,sex_f,age_aggregate_y15_24,geo_cov_rur,2017,15.934
phl,sex_f,age_aggregate_y15_24,geo_cov_rur,2018,15.853
phl,sex_f,age_aggregate_y15_24,geo_cov_rur,2019,16.108
phl,sex_f,age_aggregate_y15_24,geo_cov_rur,2020,24.366
phl,sex_f,age_aggregate_y15_24,geo_cov_rur,2021,19.561
phl,sex_f,age_aggregate_y15_24,geo_cov_rur,2022,14.338
phl,sex_f,age_aggregate_y15_24,geo_cov_rur,2023,13.485
phl,sex_f,age_aggregate_y15_24,geo_cov_urb,2007,21.005
phl,sex_f,age_aggregate_y15_24,geo_cov_urb,2008,22.084
phl,sex_f,age_aggregate_y15_24,geo_cov_urb,2009,23.234
phl,sex_f,age_aggregate_y15_24,geo_cov_urb,2010,22.32
phl,sex_f,age_aggregate_y15_24,geo_cov_urb,2011,20.778
phl,sex_f,age_aggregate_y15_24,geo_cov_urb,2012,20.725
phl,sex_f,age_aggregate_y15_24,geo_cov_urb,2013,20.514
phl,sex_f,age_aggregate_y15_24,geo_cov_urb,2014,19.544
phl,sex_f,age_aggregate_y15_24,geo_cov_urb,2015,18.172
phl,sex_f,age_aggregate_y15_24,geo_cov_urb,2016,16.579
phl,sex_f,age_aggregate_y15_24,geo_cov_urb,2017,16.388
phl,sex_f,age_aggregate_y15_24,geo_cov_urb,2018,15.07
phl,sex_f,age_aggregate_y15_24,geo_cov_urb,2019,14.906
phl,sex_f,age_aggregate_y15_24,geo_cov_urb,2020,22.976
phl,sex_f,age_aggregate_y15_24,geo_cov_urb,2021,20.825
phl,sex_f,age_aggregate_y15_24,geo_cov_urb,2022,14.433
phl,sex_f,age_aggregate_y15_24,geo_cov_urb,2023,13.066
phl,sex_f,age_aggregate_y15_24,geo_cov_x,2023,13.283
phl,sex_f,age_aggregate_y25_54,geo_cov_nat,2007,4.541
phl,sex_f,age_aggregate_y25_54,geo_cov_nat,2008,4.416
phl,sex_f,age_aggregate_y25_54,geo_cov_nat,2009,4.613
phl,sex_f,age_aggregate_y25_54,geo_cov_nat,2010,4.326
phl,sex_f,age_aggregate_y25_54,geo_cov_nat,2011,4.216
phl,sex_f,age_aggregate_y25_54,geo_cov_nat,2012,4.342
phl,sex_f,age_aggregate_y25_54,geo_cov_nat,2013,4.697
phl,sex_f,age_aggregate_y25_54,geo_cov_nat,2014,4.197
phl,sex_f,age_aggregate_y25_54,geo_cov_nat,2015,4.015
phl,sex_f,age_aggregate_y25_54,geo_cov_nat,2016,3.727
phl,sex_f,age_aggregate_y25_54,geo_cov_nat,2017,3.612
phl,sex_f,age_aggregate_y25_54,geo_cov_nat,2018,3.849
phl,sex_f,age_aggregate_y25_54,geo_cov_nat,2019,3.664
phl,sex_f,age_aggregate_y25_54,geo_cov_nat,2020,8.146
phl,sex_f,age_aggregate_y25_54,geo_cov_nat,2021,8.19
phl,sex_f,age_aggregate_y25_54,geo_cov_nat,2022,5.259
phl,sex_f,age_aggregate_y25_54,geo_cov_nat,2023,4.059
phl,sex_f,age_aggregate_y25_54,geo_cov_rur,2007,3.337
phl,sex_f,age_aggregate_y25_54,geo_cov_rur,2008,3.001
phl,sex_f,age_aggregate_y25_54,geo_cov_rur,2009,3.037
phl,sex_f,age_aggregate_y25_54,geo_cov_rur,2010,3.253
phl,sex_f,age_aggregate_y25_54,geo_cov_rur,2011,2.934
phl,sex_f,age_aggregate_y25_54,geo_cov_rur,2012,3.167
phl,sex_f,age_aggregate_y25_54,geo_cov_rur,2013,3.496
phl,sex_f,age_aggregate_y25_54,geo_cov_rur,2014,2.9
phl,sex_f,age_aggregate_y25_54,geo_cov_rur,2015,3.265
phl,sex_f,age_aggregate_y25_54,geo_cov_rur,2016,3.249
phl,sex_f,age_aggregate_y25_54,geo_cov_rur,2017,3.26
phl,sex_f,age_aggregate_y25_54,geo_cov_rur,2018,3.569
phl,sex_f,age_aggregate_y25_54,geo_cov_rur,2019,3.421
phl,sex_f,age_aggregate_y25_54,geo_cov_rur,2020,7.053
phl,sex_f,age_aggregate_y25_54,geo_cov_rur,2021,7.009
phl,sex_f,age_aggregate_y25_54,geo_cov_rur,2022,5.233
phl,sex_f,age_aggregate_y25_54,geo_cov_rur,2023,4.315
phl,sex_f,age_aggregate_y25_54,geo_cov_urb,2007,5.628
phl,sex_f,age_aggregate_y25_54,geo_cov_urb,2008,5.666
phl,sex_f,age_aggregate_y25_54,geo_cov_urb,2009,5.98
phl,sex_f,age_aggregate_y25_54,geo_cov_urb,2010,5.267
phl,sex_f,age_aggregate_y25_54,geo_cov_urb,2011,5.338
phl,sex_f,age_aggregate_y25_54,geo_cov_urb,2012,5.348
phl,sex_f,age_aggregate_y25_54,geo_cov_urb,2013,5.718
phl,sex_f,age_aggregate_y25_54,geo_cov_urb,2014,5.294
phl,sex_f,age_aggregate_y25_54,geo_cov_urb,2015,4.662
phl,sex_f,age_aggregate_y25_54,geo_cov_urb,2016,4.211
phl,sex_f,age_aggregate_y25_54,geo_cov_urb,2017,3.955
phl,sex_f,age_aggregate_y25_54,geo_cov_urb,2018,4.129
phl,sex_f,age_aggregate_y25_54,geo_cov_urb,2019,3.904
phl,sex_f,age_aggregate_y25_54,geo_cov_urb,2020,9.004
phl,sex_f,age_aggregate_y25_54,geo_cov_urb,2021,9.128
phl,sex_f,age_aggregate_y25_54,geo_cov_urb,2022,5.279
phl,sex_f,age_aggregate_y25_54,geo_cov_urb,2023,4.144
phl,sex_f,age_aggregate_y25_54,geo_cov_x,2023,3.59
phl,sex_f,age_aggregate_y55_64,geo_cov_nat,2007,1.651
phl,sex_f,age_aggregate_y55_64,geo_cov_nat,2008,1.552
phl,sex_f,age_aggregate_y55_64,geo_cov_nat,2009,1.351
phl,sex_f,age_aggregate_y55_64,geo_cov_nat,2010,1.249
phl,sex_f,age_aggregate_y55_64,geo_cov_nat,2011,1.353
phl,sex_f,age_aggregate_y55_64,geo_cov_nat,2012,1.455
phl,sex_f,age_aggregate_y55_64,geo_cov_nat,2013,1.491
phl,sex_f,age_aggregate_y55_64,geo_cov_nat,2014,1.195
phl,sex_f,age_aggregate_y55_64,geo_cov_nat,2015,0.956
phl,sex_f,age_aggregate_y55_64,geo_cov_nat,2016,1.354
phl,sex_f,age_aggregate_y55_64,geo_cov_nat,2017,1.29
phl,sex_f,age_aggregate_y55_64,geo_cov_nat,2018,1.222
phl,sex_f,age_aggregate_y55_64,geo_cov_nat,2019,1.398
phl,sex_f,age_aggregate_y55_64,geo_cov_nat,2020,3.777
phl,sex_f,age_aggregate_y55_64,geo_cov_nat,2021,3.826
phl,sex_f,age_aggregate_y55_64,geo_cov_nat,2022,2.046
phl,sex_f,age_aggregate_y55_64,geo_cov_nat,2023,1.539
phl,sex_f,age_aggregate_y55_64,geo_cov_rur,2007,1.506
phl,sex_f,age_aggregate_y55_64,geo_cov_rur,2008,1.378
phl,sex_f,age_aggregate_y55_64,geo_cov_rur,2009,1.213
phl,sex_f,age_aggregate_y55_64,geo_cov_rur,2010,1.112
phl,sex_f,age_aggregate_y55_64,geo_cov_rur,2011,1.096
phl,sex_f,age_aggregate_y55_64,geo_cov_rur,2012,1.221
phl,sex_f,age_aggregate_y55_64,geo_cov_rur,2013,1.201
phl,sex_f,age_aggregate_y55_64,geo_cov_rur,2014,0.88
phl,sex_f,age_aggregate_y55_64,geo_cov_rur,2015,0.835
phl,sex_f,age_aggregate_y55_64,geo_cov_rur,2016,1.386
phl,sex_f,age_aggregate_y55_64,geo_cov_rur,2017,0.909
phl,sex_f,age_aggregate_y55_64,geo_cov_rur,2018,0.913
phl,sex_f,age_aggregate_y55_64,geo_cov_rur,2019,1.373
phl,sex_f,age_aggregate_y55_64,geo_cov_rur,2020,3.515
phl,sex_f,age_aggregate_y55_64,geo_cov_rur,2021,3.211
phl,sex_f,age_aggregate_y55_64,geo_cov_rur,2022,1.892
phl,sex_f,age_aggregate_y55_64,geo_cov_rur,2023,1.5
phl,sex_f,age_aggregate_y55_64,geo_cov_urb,2007,1.826
phl,sex_f,age_aggregate_y55_64,geo_cov_urb,2008,1.764
phl,sex_f,age_aggregate_y55_64,geo_cov_urb,2009,1.512
phl,sex_f,age_aggregate_y55_64,geo_cov_urb,2010,1.407
phl,sex_f,age_aggregate_y55_64,geo_cov_urb,2011,1.64
phl,sex_f,age_aggregate_y55_64,geo_cov_urb,2012,1.712
phl,sex_f,age_aggregate_y55_64,geo_cov_urb,2013,1.802
phl,sex_f,age_aggregate_y55_64,geo_cov_urb,2014,1.536
phl,sex_f,age_aggregate_y55_64,geo_cov_urb,2015,1.086
phl,sex_f,age_aggregate_y55_64,geo_cov_urb,2016,1.309
phl,sex_f,age_aggregate_y55_64,geo_cov_urb,2017,1.785
phl,sex_f,age_aggregate_y55_64,geo_cov_urb,2018,1.651
phl,sex_f,age_aggregate_y55_64,geo_cov_urb,2019,1.43
phl,sex_f,age_aggregate_y55_64,geo_cov_urb,2020,4.043
phl,sex_f,age_aggregate_y55_64,geo_cov_urb,2021,4.465
phl,sex_f,age_aggregate_y55_64,geo_cov_urb,2022,2.202
phl,sex_f,age_aggregate_y55_64,geo_cov_urb,2023,1.756
phl,sex_f,age_aggregate_y55_64,geo_cov_x,2023,1.274
phl,sex_f,age_aggregate_yge65,geo_cov_nat,2007,1.138
phl,sex_f,age_aggregate_yge65,geo_cov_nat,2008,1.059
phl,sex_f,age_aggregate_yge65,geo_cov_nat,2009,1.086
phl,sex_f,age_aggregate_yge65,geo_cov_nat,2010,0.948
phl,sex_f,age_aggregate_yge65,geo_cov_nat,2011,1.011
phl,sex_f,age_aggregate_yge65,geo_cov_nat,2012,1.259
phl,sex_f,age_aggregate_yge65,geo_cov_nat,2013,1.037
phl,sex_f,age_aggregate_yge65,geo_cov_nat,2014,0.834
phl,sex_f,age_aggregate_yge65,geo_cov_nat,2015,0.79
phl,sex_f,age_aggregate_yge65,geo_cov_nat,2016,0.971
phl,sex_f,age_aggregate_yge65,geo_cov_nat,2017,0.627
phl,sex_f,age_aggregate_yge65,geo_cov_nat,2018,0.553
phl,sex_f,age_aggregate_yge65,geo_cov_nat,2019,0.477
phl,sex_f,age_aggregate_yge65,geo_cov_nat,2020,2.722
phl,sex_f,age_aggregate_yge65,geo_cov_nat,2021,2.135
phl,sex_f,age_aggregate_yge65,geo_cov_nat,2022,1.217
phl,sex_f,age_aggregate_yge65,geo_cov_nat,2023,1.096
phl,sex_f,age_aggregate_yge65,geo_cov_rur,2007,1.349
phl,sex_f,age_aggregate_yge65,geo_cov_rur,2008,1.103
phl,sex_f,age_aggregate_yge65,geo_cov_rur,2009,1.198
phl,sex_f,age_aggregate_yge65,geo_cov_rur,2010,0.995
phl,sex_f,age_aggregate_yge65,geo_cov_rur,2011,1.082
phl,sex_f,age_aggregate_yge65,geo_cov_rur,2012,1.166
phl,sex_f,age_aggregate_yge65,geo_cov_rur,2013,0.9
phl,sex_f,age_aggregate_yge65,geo_cov_rur,2014,0.911
phl,sex_f,age_aggregate_yge65,geo_cov_rur,2015,0.936
phl,sex_f,age_aggregate_yge65,geo_cov_rur,2016,0.963
phl,sex_f,age_aggregate_yge65,geo_cov_rur,2017,0.688
phl,sex_f,age_aggregate_yge65,geo_cov_rur,2018,0.539
phl,sex_f,age_aggregate_yge65,geo_cov_rur,2019,0.503
phl,sex_f,age_aggregate_yge65,geo_cov_rur,2020,2.782
phl,sex_f,age_aggregate_yge65,geo_cov_rur,2021,1.932
phl,sex_f,age_aggregate_yge65,geo_cov_rur,2022,1.404
phl,sex_f,age_aggregate_yge65,geo_cov_rur,2023,0.99
phl,sex_f,age_aggregate_yge65,geo_cov_urb,2007,0.808
phl,sex_f,age_aggregate_yge65,geo_cov_urb,2008,0.99
phl,sex_f,age_aggregate_yge65,geo_cov_urb,2009,0.908
phl,sex_f,age_aggregate_yge65,geo_cov_urb,2010,0.872
phl,sex_f,age_aggregate_yge65,geo_cov_urb,2011,0.9
phl,sex_f,age_aggregate_yge65,geo_cov_urb,2012,1.396
phl,sex_f,age_aggregate_yge65,geo_cov_urb,2013,1.227
phl,sex_f,age_aggregate_yge65,geo_cov_urb,2014,0.726
phl,sex_f,age_aggregate_yge65,geo_cov_urb,2015,0.593
phl,sex_f,age_aggregate_yge65,geo_cov_urb,2016,0.986
phl,sex_f,age_aggregate_yge65,geo_cov_urb,2017,0.523
phl,sex_f,age_aggregate_yge65,geo_cov_urb,2018,0.579
phl,sex_f,age_aggregate_yge65,geo_cov_urb,2019,0.434
phl,sex_f,age_aggregate_yge65,geo_cov_urb,2020,2.638
phl,sex_f,age_aggregate_yge65,geo_cov_urb,2021,2.43
phl,sex_f,age_aggregate_yge65,geo_cov_urb,2022,0.974
phl,sex_f,age_aggregate_yge65,geo_cov_urb,2023,1.296
phl,sex_f,age_aggregate_yge65,geo_cov_x,2023,0.994
phl,sex_f,age_ythadult_y15_24,geo_cov_nat,2007,19.198
phl,sex_f,age_ythadult_y15_24,geo_cov_nat,2008,19.969
phl,sex_f,age_ythadult_y15_24,geo_cov_nat,2009,20.527
phl,sex_f,age_ythadult_y15_24,geo_cov_nat,2010,20.143
phl,sex_f,age_ythadult_y15_24,geo_cov_nat,2011,18.911
phl,sex_f,age_ythadult_y15_24,geo_cov_nat,2012,18.916
phl,sex_f,age_ythadult_y15_24,geo_cov_nat,2013,18.552
phl,sex_f,age_ythadult_y15_24,geo_cov_nat,2014,17.817
phl,sex_f,age_ythadult_y15_24,geo_cov_nat,2015,16.803
phl,sex_f,age_ythadult_y15_24,geo_cov_nat,2016,16.032
phl,sex_f,age_ythadult_y15_24,geo_cov_nat,2017,16.169
phl,sex_f,age_ythadult_y15_24,geo_cov_nat,2018,15.459
phl,sex_f,age_ythadult_y15_24,geo_cov_nat,2019,15.499
phl,sex_f,age_ythadult_y15_24,geo_cov_nat,2020,23.596
phl,sex_f,age_ythadult_y15_24,geo_cov_nat,2021,20.256
phl,sex_f,age_ythadult_y15_24,geo_cov_nat,2022,14.391
phl,sex_f,age_ythadult_y15_24,geo_cov_nat,2023,13.259
phl,sex_f,age_ythadult_y15_24,geo_cov_rur,2007,16.826
phl,sex_f,age_ythadult_y15_24,geo_cov_rur,2008,17.226
phl,sex_f,age_ythadult_y15_24,geo_cov_rur,2009,17.022
phl,sex_f,age_ythadult_y15_24,geo_cov_rur,2010,17.415
phl,sex_f,age_ythadult_y15_24,geo_cov_rur,2011,16.538
phl,sex_f,age_ythadult_y15_24,geo_cov_rur,2012,16.844
phl,sex_f,age_ythadult_y15_24,geo_cov_rur,2013,16.257
phl,sex_f,age_ythadult_y15_24,geo_cov_rur,2014,15.73
phl,sex_f,age_ythadult_y15_24,geo_cov_rur,2015,15.195
phl,sex_f,age_ythadult_y15_24,geo_cov_rur,2016,15.467
phl,sex_f,age_ythadult_y15_24,geo_cov_rur,2017,15.934
phl,sex_f,age_ythadult_y15_24,geo_cov_rur,2018,15.853
phl,sex_f,age_ythadult_y15_24,geo_cov_rur,2019,16.108
phl,sex_f,age_ythadult_y15_24,geo_cov_rur,2020,24.366
phl,sex_f,age_ythadult_y15_24,geo_cov_rur,2021,19.561
phl,sex_f,age_ythadult_y15_24,geo_cov_rur,2022,14.338
phl,sex_f,age_ythadult_y15_24,geo_cov_rur,2023,13.485
phl,sex_f,age_ythadult_y15_24,geo_cov_urb,2007,21.005
phl,sex_f,age_ythadult_y15_24,geo_cov_urb,2008,22.084
phl,sex_f,age_ythadult_y15_24,geo_cov_urb,2009,23.234
phl,sex_f,age_ythadult_y15_24,geo_cov_urb,2010,22.32
phl,sex_f,age_ythadult_y15_24,geo_cov_urb,2011,20.778
phl,sex_f,age_ythadult_y15_24,geo_cov_urb,2012,20.725
phl,sex_f,age_ythadult_y15_24,geo_cov_urb,2013,20.514
phl,sex_f,age_ythadult_y15_24,geo_cov_urb,2014,19.544
phl,sex_f,age_ythadult_y15_24,geo_cov_urb,2015,18.172
phl,sex_f,age_ythadult_y15_24,geo_cov_urb,2016,16.579
phl,sex_f,age_ythadult_y15_24,geo_cov_urb,2017,16.388
phl,sex_f,age_ythadult_y15_24,geo_cov_urb,2018,15.07
phl,sex_f,age_ythadult_y15_24,geo_cov_urb,2019,14.906
phl,sex_f,age_ythadult_y15_24,geo_cov_urb,2020,22.976
phl,sex_f,age_ythadult_y15_24,geo_cov_urb,2021,20.825
phl,sex_f,age_ythadult_y15_24,geo_cov_urb,2022,14.433
phl,sex_f,age_ythadult_y15_24,geo_cov_urb,2023,13.066
phl,sex_f,age_ythadult_y15_24,geo_cov_x,2023,13.283
phl,sex_f,age_ythadult_y15_64,geo_cov_nat,2007,7.594
phl,sex_f,age_ythadult_y15_64,geo_cov_nat,2008,7.579
phl,sex_f,age_ythadult_y15_64,geo_cov_nat,2009,7.798
phl,sex_f,age_ythadult_y15_64,geo_cov_nat,2010,7.454
phl,sex_f,age_ythadult_y15_64,geo_cov_nat,2011,7.144
phl,sex_f,age_ythadult_y15_64,geo_cov_nat,2012,7.237
phl,sex_f,age_ythadult_y15_64,geo_cov_nat,2013,7.331
phl,sex_f,age_ythadult_y15_64,geo_cov_nat,2014,6.806
phl,sex_f,age_ythadult_y15_64,geo_cov_nat,2015,6.364
phl,sex_f,age_ythadult_y15_64,geo_cov_nat,2016,5.851
phl,sex_f,age_ythadult_y15_64,geo_cov_nat,2017,5.666
phl,sex_f,age_ythadult_y15_64,geo_cov_nat,2018,5.623
phl,sex_f,age_ythadult_y15_64,geo_cov_nat,2019,5.417
phl,sex_f,age_ythadult_y15_64,geo_cov_nat,2020,10.238
phl,sex_f,age_ythadult_y15_64,geo_cov_nat,2021,9.554
phl,sex_f,age_ythadult_y15_64,geo_cov_nat,2022,6.149
phl,sex_f,age_ythadult_y15_64,geo_cov_nat,2023,4.988
phl,sex_f,age_ythadult_y15_64,geo_cov_rur,2007,5.942
phl,sex_f,age_ythadult_y15_64,geo_cov_rur,2008,5.736
phl,sex_f,age_ythadult_y15_64,geo_cov_rur,2009,5.714
phl,sex_f,age_ythadult_y15_64,geo_cov_rur,2010,5.919
phl,sex_f,age_ythadult_y15_64,geo_cov_rur,2011,5.532
phl,sex_f,age_ythadult_y15_64,geo_cov_rur,2012,5.923
phl,sex_f,age_ythadult_y15_64,geo_cov_rur,2013,5.934
phl,sex_f,age_ythadult_y15_64,geo_cov_rur,2014,5.353
phl,sex_f,age_ythadult_y15_64,geo_cov_rur,2015,5.429
phl,sex_f,age_ythadult_y15_64,geo_cov_rur,2016,5.293
phl,sex_f,age_ythadult_y15_64,geo_cov_rur,2017,5.215
phl,sex_f,age_ythadult_y15_64,geo_cov_rur,2018,5.364
phl,sex_f,age_ythadult_y15_64,geo_cov_rur,2019,5.266
phl,sex_f,age_ythadult_y15_64,geo_cov_rur,2020,9.489
phl,sex_f,age_ythadult_y15_64,geo_cov_rur,2021,8.449
phl,sex_f,age_ythadult_y15_64,geo_cov_rur,2022,6.051
phl,sex_f,age_ythadult_y15_64,geo_cov_rur,2023,5.15
phl,sex_f,age_ythadult_y15_64,geo_cov_urb,2007,9.071
phl,sex_f,age_ythadult_y15_64,geo_cov_urb,2008,9.211
phl,sex_f,age_ythadult_y15_64,geo_cov_urb,2009,9.612
phl,sex_f,age_ythadult_y15_64,geo_cov_urb,2010,8.813
phl,sex_f,age_ythadult_y15_64,geo_cov_urb,2011,8.557
phl,sex_f,age_ythadult_y15_64,geo_cov_urb,2012,8.395
phl,sex_f,age_ythadult_y15_64,geo_cov_urb,2013,8.55
phl,sex_f,age_ythadult_y15_64,geo_cov_urb,2014,8.059
phl,sex_f,age_ythadult_y15_64,geo_cov_urb,2015,7.188
phl,sex_f,age_ythadult_y15_64,geo_cov_urb,2016,6.433
phl,sex_f,age_ythadult_y15_64,geo_cov_urb,2017,6.119
phl,sex_f,age_ythadult_y15_64,geo_cov_urb,2018,5.892
phl,sex_f,age_ythadult_y15_64,geo_cov_urb,2019,5.572
phl,sex_f,age_ythadult_y15_64,geo_cov_urb,2020,10.846
phl,sex_f,age_ythadult_y15_64,geo_cov_urb,2021,10.465
phl,sex_f,age_ythadult_y15_64,geo_cov_urb,2022,6.228
phl,sex_f,age_ythadult_y15_64,geo_cov_urb,2023,5.065
phl,sex_f,age_ythadult_y15_64,geo_cov_x,2023,4.652
phl,sex_f,age_ythadult_yge15,geo_cov_nat,2007,7.319
phl,sex_f,age_ythadult_yge15,geo_cov_nat,2008,7.305
phl,sex_f,age_ythadult_yge15,geo_cov_nat,2009,7.517
phl,sex_f,age_ythadult_yge15,geo_cov_nat,2010,7.179
phl,sex_f,age_ythadult_yge15,geo_cov_nat,2011,6.89
phl,sex_f,age_ythadult_yge15,geo_cov_nat,2012,6.991
phl,sex_f,age_ythadult_yge15,geo_cov_nat,2013,7.076
phl,sex_f,age_ythadult_yge15,geo_cov_nat,2014,6.567
phl,sex_f,age_ythadult_yge15,geo_cov_nat,2015,6.135
phl,sex_f,age_ythadult_yge15,geo_cov_nat,2016,5.612
phl,sex_f,age_ythadult_yge15,geo_cov_nat,2017,5.439
phl,sex_f,age_ythadult_yge15,geo_cov_nat,2018,5.376
phl,sex_f,age_ythadult_yge15,geo_cov_nat,2019,5.174
phl,sex_f,age_ythadult_yge15,geo_cov_nat,2020,9.896
phl,sex_f,age_ythadult_yge15,geo_cov_nat,2021,9.207
phl,sex_f,age_ythadult_yge15,geo_cov_nat,2022,5.881
phl,sex_f,age_ythadult_yge15,geo_cov_nat,2023,4.775
phl,sex_f,age_ythadult_yge15,geo_cov_rur,2007,5.692
phl,sex_f,age_ythadult_yge15,geo_cov_rur,2008,5.486
phl,sex_f,age_ythadult_yge15,geo_cov_rur,2009,5.468
phl,sex_f,age_ythadult_yge15,geo_cov_rur,2010,5.648
phl,sex_f,age_ythadult_yge15,geo_cov_rur,2011,5.295
phl,sex_f,age_ythadult_yge15,geo_cov_rur,2012,5.677
phl,sex_f,age_ythadult_yge15,geo_cov_rur,2013,5.681
phl,sex_f,age_ythadult_yge15,geo_cov_rur,2014,5.132
phl,sex_f,age_ythadult_yge15,geo_cov_rur,2015,5.204
phl,sex_f,age_ythadult_yge15,geo_cov_rur,2016,5.031
phl,sex_f,age_ythadult_yge15,geo_cov_rur,2017,4.962
phl,sex_f,age_ythadult_yge15,geo_cov_rur,2018,5.07
phl,sex_f,age_ythadult_yge15,geo_cov_rur,2019,4.981
phl,sex_f,age_ythadult_yge15,geo_cov_rur,2020,9.098
phl,sex_f,age_ythadult_yge15,geo_cov_rur,2021,8.055
phl,sex_f,age_ythadult_yge15,geo_cov_rur,2022,5.737
phl,sex_f,age_ythadult_yge15,geo_cov_rur,2023,4.874
phl,sex_f,age_ythadult_yge15,geo_cov_urb,2007,8.807
phl,sex_f,age_ythadult_yge15,geo_cov_urb,2008,8.954
phl,sex_f,age_ythadult_yge15,geo_cov_urb,2009,9.346
phl,sex_f,age_ythadult_yge15,geo_cov_urb,2010,8.568
phl,sex_f,age_ythadult_yge15,geo_cov_urb,2011,8.322
phl,sex_f,age_ythadult_yge15,geo_cov_urb,2012,8.174
phl,sex_f,age_ythadult_yge15,geo_cov_urb,2013,8.316
phl,sex_f,age_ythadult_yge15,geo_cov_urb,2014,7.83
phl,sex_f,age_ythadult_yge15,geo_cov_urb,2015,6.97
phl,sex_f,age_ythadult_yge15,geo_cov_urb,2016,6.234
phl,sex_f,age_ythadult_yge15,geo_cov_urb,2017,5.929
phl,sex_f,age_ythadult_yge15,geo_cov_urb,2018,5.703
phl,sex_f,age_ythadult_yge15,geo_cov_urb,2019,5.376
phl,sex_f,age_ythadult_yge15,geo_cov_urb,2020,10.561
phl,sex_f,age_ythadult_yge15,geo_cov_urb,2021,10.182
phl,sex_f,age_ythadult_yge15,geo_cov_urb,2022,6.001
phl,sex_f,age_ythadult_yge15,geo_cov_urb,2023,4.895
phl,sex_f,age_ythadult_yge15,geo_cov_x,2023,4.451
phl,sex_f,age_ythadult_yge25,geo_cov_nat,2007,4.018
phl,sex_f,age_ythadult_yge25,geo_cov_nat,2008,3.895
phl,sex_f,age_ythadult_yge25,geo_cov_nat,2009,4.029
phl,sex_f,age_ythadult_yge25,geo_cov_nat,2010,3.765
phl,sex_f,age_ythadult_yge25,geo_cov_nat,2011,3.689
phl,sex_f,age_ythadult_yge25,geo_cov_nat,2012,3.822
phl,sex_f,age_ythadult_yge25,geo_cov_nat,2013,4.109
phl,sex_f,age_ythadult_yge25,geo_cov_nat,2014,3.657
phl,sex_f,age_ythadult_yge25,geo_cov_nat,2015,3.472
phl,sex_f,age_ythadult_yge25,geo_cov_nat,2016,3.234
phl,sex_f,age_ythadult_yge25,geo_cov_nat,2017,3.122
phl,sex_f,age_ythadult_yge25,geo_cov_nat,2018,3.295
phl,sex_f,age_ythadult_yge25,geo_cov_nat,2019,3.162
phl,sex_f,age_ythadult_yge25,geo_cov_nat,2020,7.26
phl,sex_f,age_ythadult_yge25,geo_cov_nat,2021,7.27
phl,sex_f,age_ythadult_yge25,geo_cov_nat,2022,4.565
phl,sex_f,age_ythadult_yge25,geo_cov_nat,2023,3.522
phl,sex_f,age_ythadult_yge25,geo_cov_rur,2007,2.963
phl,sex_f,age_ythadult_yge25,geo_cov_rur,2008,2.655
phl,sex_f,age_ythadult_yge25,geo_cov_rur,2009,2.664
phl,sex_f,age_ythadult_yge25,geo_cov_rur,2010,2.806
phl,sex_f,age_ythadult_yge25,geo_cov_rur,2011,2.559
phl,sex_f,age_ythadult_yge25,geo_cov_rur,2012,2.771
phl,sex_f,age_ythadult_yge25,geo_cov_rur,2013,3.018
phl,sex_f,age_ythadult_yge25,geo_cov_rur,2014,2.502
phl,sex_f,age_ythadult_yge25,geo_cov_rur,2015,2.792
phl,sex_f,age_ythadult_yge25,geo_cov_rur,2016,2.793
phl,sex_f,age_ythadult_yge25,geo_cov_rur,2017,2.722
phl,sex_f,age_ythadult_yge25,geo_cov_rur,2018,2.939
phl,sex_f,age_ythadult_yge25,geo_cov_rur,2019,2.901
phl,sex_f,age_ythadult_yge25,geo_cov_rur,2020,6.228
phl,sex_f,age_ythadult_yge25,geo_cov_rur,2021,6.083
phl,sex_f,age_ythadult_yge25,geo_cov_rur,2022,4.428
phl,sex_f,age_ythadult_yge25,geo_cov_rur,2023,3.625
phl,sex_f,age_ythadult_yge25,geo_cov_urb,2007,5.033
phl,sex_f,age_ythadult_yge25,geo_cov_urb,2008,5.069
phl,sex_f,age_ythadult_yge25,geo_cov_urb,2009,5.295
phl,sex_f,age_ythadult_yge25,geo_cov_urb,2010,4.665
phl,sex_f,age_ythadult_yge25,geo_cov_urb,2011,4.741
phl,sex_f,age_ythadult_yge25,geo_cov_urb,2012,4.777
phl,sex_f,age_ythadult_yge25,geo_cov_urb,2013,5.088
phl,sex_f,age_ythadult_yge25,geo_cov_urb,2014,4.689
phl,sex_f,age_ythadult_yge25,geo_cov_urb,2015,4.088
phl,sex_f,age_ythadult_yge25,geo_cov_urb,2016,3.719
phl,sex_f,age_ythadult_yge25,geo_cov_urb,2017,3.541
phl,sex_f,age_ythadult_yge25,geo_cov_urb,2018,3.679
phl,sex_f,age_ythadult_yge25,geo_cov_urb,2019,3.438
phl,sex_f,age_ythadult_yge25,geo_cov_urb,2020,8.126
phl,sex_f,age_ythadult_yge25,geo_cov_urb,2021,8.28
phl,sex_f,age_ythadult_yge25,geo_cov_urb,2022,4.679
phl,sex_f,age_ythadult_yge25,geo_cov_urb,2023,3.694
phl,sex_f,age_ythadult_yge25,geo_cov_x,2023,3.104
phl,sex_m,age_aggregate_total,geo_cov_nat,2007,7.794
phl,sex_m,age_aggregate_total,geo_cov_nat,2008,7.726
phl,sex_m,age_aggregate_total,geo_cov_nat,2009,7.867
phl,sex_m,age_aggregate_total,geo_cov_nat,2010,7.828
phl,sex_m,age_aggregate_total,geo_cov_nat,2011,7.469
phl,sex_m,age_aggregate_total,geo_cov_nat,2012,7.385
phl,sex_m,age_aggregate_total,geo_cov_nat,2013,7.507
phl,sex_m,age_aggregate_total,geo_cov_nat,2014,7.318
phl,sex_m,age_aggregate_total,geo_cov_nat,2015,6.822
phl,sex_m,age_aggregate_total,geo_cov_nat,2016,5.886
phl,sex_m,age_aggregate_total,geo_cov_nat,2017,6.155
phl,sex_m,age_aggregate_total,geo_cov_nat,2018,5.596
phl,sex_m,age_aggregate_total,geo_cov_nat,2019,5.337
phl,sex_m,age_aggregate_total,geo_cov_nat,2020,10.76
phl,sex_m,age_aggregate_total,geo_cov_nat,2021,8.237
phl,sex_m,age_aggregate_total,geo_cov_nat,2022,5.545
phl,sex_m,age_aggregate_total,geo_cov_nat,2023,4.903
phl,sex_m,age_aggregate_total,geo_cov_rur,2007,4.829
phl,sex_m,age_aggregate_total,geo_cov_rur,2008,4.671
phl,sex_m,age_aggregate_total,geo_cov_rur,2009,4.899
phl,sex_m,age_aggregate_total,geo_cov_rur,2010,5.036
phl,sex_m,age_aggregate_total,geo_cov_rur,2011,4.769
phl,sex_m,age_aggregate_total,geo_cov_rur,2012,4.897
phl,sex_m,age_aggregate_total,geo_cov_rur,2013,5.15
phl,sex_m,age_aggregate_total,geo_cov_rur,2014,4.874
phl,sex_m,age_aggregate_total,geo_cov_rur,2015,4.802
phl,sex_m,age_aggregate_total,geo_cov_rur,2016,4.637
phl,sex_m,age_aggregate_total,geo_cov_rur,2017,5.032
phl,sex_m,age_aggregate_total,geo_cov_rur,2018,4.774
phl,sex_m,age_aggregate_total,geo_cov_rur,2019,4.739
phl,sex_m,age_aggregate_total,geo_cov_rur,2020,9.02
phl,sex_m,age_aggregate_total,geo_cov_rur,2021,6.286
phl,sex_m,age_aggregate_total,geo_cov_rur,2022,4.47
phl,sex_m,age_aggregate_total,geo_cov_rur,2023,4.338
phl,sex_m,age_aggregate_total,geo_cov_urb,2007,11.206
phl,sex_m,age_aggregate_total,geo_cov_urb,2008,11.247
phl,sex_m,age_aggregate_total,geo_cov_urb,2009,11.235
phl,sex_m,age_aggregate_total,geo_cov_urb,2010,10.992
phl,sex_m,age_aggregate_total,geo_cov_urb,2011,10.505
phl,sex_m,age_aggregate_total,geo_cov_urb,2012,10.191
phl,sex_m,age_aggregate_total,geo_cov_urb,2013,10.166
phl,sex_m,age_aggregate_total,geo_cov_urb,2014,10.01
phl,sex_m,age_aggregate_total,geo_cov_urb,2015,9.105
phl,sex_m,age_aggregate_total,geo_cov_urb,2016,7.544
phl,sex_m,age_aggregate_total,geo_cov_urb,2017,7.577
phl,sex_m,age_aggregate_total,geo_cov_urb,2018,6.668
phl,sex_m,age_aggregate_total,geo_cov_urb,2019,6.094
phl,sex_m,age_aggregate_total,geo_cov_urb,2020,12.488
phl,sex_m,age_aggregate_total,geo_cov_urb,2021,10.152
phl,sex_m,age_aggregate_total,geo_cov_urb,2022,6.57
phl,sex_m,age_aggregate_total,geo_cov_urb,2023,5.761
phl,sex_m,age_aggregate_total,geo_cov_x,2023,4.387
phl,sex_m,age_aggregate_y15_24,geo_cov_nat,2007,16.22
phl,sex_m,age_aggregate_y15_24,geo_cov_nat,2008,16.565
phl,sex_m,age_aggregate_y15_24,geo_cov_nat,2009,16.708
phl,sex_m,age_aggregate_y15_24,geo_cov_nat,2010,16.979
phl,sex_m,age_aggregate_y15_24,geo_cov_nat,2011,15.565
phl,sex_m,age_aggregate_y15_24,geo_cov_nat,2012,15.35
phl,sex_m,age_aggregate_y15_24,geo_cov_nat,2013,15.538
phl,sex_m,age_aggregate_y15_24,geo_cov_nat,2014,15.256
phl,sex_m,age_aggregate_y15_24,geo_cov_nat,2015,14.827
phl,sex_m,age_aggregate_y15_24,geo_cov_nat,2016,13.383
phl,sex_m,age_aggregate_y15_24,geo_cov_nat,2017,14.03
phl,sex_m,age_aggregate_y15_24,geo_cov_nat,2018,13.046
phl,sex_m,age_aggregate_y15_24,geo_cov_nat,2019,13.295
phl,sex_m,age_aggregate_y15_24,geo_cov_nat,2020,20.76
phl,sex_m,age_aggregate_y15_24,geo_cov_nat,2021,16.196
phl,sex_m,age_aggregate_y15_24,geo_cov_nat,2022,11.91
phl,sex_m,age_aggregate_y15_24,geo_cov_nat,2023,11.512
phl,sex_m,age_aggregate_y15_24,geo_cov_rur,2007,10.334
phl,sex_m,age_aggregate_y15_24,geo_cov_rur,2008,10.285
phl,sex_m,age_aggregate_y15_24,geo_cov_rur,2009,10.535
phl,sex_m,age_aggregate_y15_24,geo_cov_rur,2010,10.893
phl,sex_m,age_aggregate_y15_24,geo_cov_rur,2011,9.929
phl,sex_m,age_aggregate_y15_24,geo_cov_rur,2012,10.145
phl,sex_m,age_aggregate_y15_24,geo_cov_rur,2013,10.64
phl,sex_m,age_aggregate_y15_24,geo_cov_rur,2014,10.193
phl,sex_m,age_aggregate_y15_24,geo_cov_rur,2015,10.483
phl,sex_m,age_aggregate_y15_24,geo_cov_rur,2016,10.648
phl,sex_m,age_aggregate_y15_24,geo_cov_rur,2017,11.348
phl,sex_m,age_aggregate_y15_24,geo_cov_rur,2018,11.182
phl,sex_m,age_aggregate_y15_24,geo_cov_rur,2019,12.286
phl,sex_m,age_aggregate_y15_24,geo_cov_rur,2020,17.972
phl,sex_m,age_aggregate_y15_24,geo_cov_rur,2021,12.896
phl,sex_m,age_aggregate_y15_24,geo_cov_rur,2022,9.641
phl,sex_m,age_aggregate_y15_24,geo_cov_rur,2023,9.939
phl,sex_m,age_aggregate_y15_24,geo_cov_urb,2007,24.39
phl,sex_m,age_aggregate_y15_24,geo_cov_urb,2008,25.286
phl,sex_m,age_aggregate_y15_24,geo_cov_urb,2009,25.134
phl,sex_m,age_aggregate_y15_24,geo_cov_urb,2010,25.282
phl,sex_m,age_aggregate_y15_24,geo_cov_urb,2011,23.059
phl,sex_m,age_aggregate_y15_24,geo_cov_urb,2012,22.417
phl,sex_m,age_aggregate_y15_24,geo_cov_urb,2013,22.209
phl,sex_m,age_aggregate_y15_24,geo_cov_urb,2014,21.843
phl,sex_m,age_aggregate_y15_24,geo_cov_urb,2015,20.648
phl,sex_m,age_aggregate_y15_24,geo_cov_urb,2016,17.472
phl,sex_m,age_aggregate_y15_24,geo_cov_urb,2017,17.767
phl,sex_m,age_aggregate_y15_24,geo_cov_urb,2018,15.706
phl,sex_m,age_aggregate_y15_24,geo_cov_urb,2019,14.654
phl,sex_m,age_aggregate_y15_24,geo_cov_urb,2020,23.81
phl,sex_m,age_aggregate_y15_24,geo_cov_urb,2021,19.756
phl,sex_m,age_aggregate_y15_24,geo_cov_urb,2022,14.411
phl,sex_m,age_aggregate_y15_24,geo_cov_urb,2023,13.518
phl,sex_m,age_aggregate_y15_24,geo_cov_x,2023,11.057
phl,sex_m,age_aggregate_y25_54,geo_cov_nat,2007,5.813
phl,sex_m,age_aggregate_y25_54,geo_cov_nat,2008,5.659
phl,sex_m,age_aggregate_y25_54,geo_cov_nat,2009,5.812
phl,sex_m,age_aggregate_y25_54,geo_cov_nat,2010,5.766
phl,sex_m,age_aggregate_y25_54,geo_cov_nat,2011,5.625
phl,sex_m,age_aggregate_y25_54,geo_cov_nat,2012,5.533
phl,sex_m,age_aggregate_y25_54,geo_cov_nat,2013,5.664
phl,sex_m,age_aggregate_y25_54,geo_cov_nat,2014,5.506
phl,sex_m,age_aggregate_y25_54,geo_cov_nat,2015,5.103
phl,sex_m,age_aggregate_y25_54,geo_cov_nat,2016,4.388
phl,sex_m,age_aggregate_y25_54,geo_cov_nat,2017,4.584
phl,sex_m,age_aggregate_y25_54,geo_cov_nat,2018,4.256
phl,sex_m,age_aggregate_y25_54,geo_cov_nat,2019,4.018
phl,sex_m,age_aggregate_y25_54,geo_cov_nat,2020,9.28
phl,sex_m,age_aggregate_y25_54,geo_cov_nat,2021,7.158
phl,sex_m,age_aggregate_y25_54,geo_cov_nat,2022,4.764
phl,sex_m,age_aggregate_y25_54,geo_cov_nat,2023,4.172
phl,sex_m,age_aggregate_y25_54,geo_cov_rur,2007,3.326
phl,sex_m,age_aggregate_y25_54,geo_cov_rur,2008,3.141
phl,sex_m,age_aggregate_y25_54,geo_cov_rur,2009,3.398
phl,sex_m,age_aggregate_y25_54,geo_cov_rur,2010,3.501
phl,sex_m,age_aggregate_y25_54,geo_cov_rur,2011,3.424
phl,sex_m,age_aggregate_y25_54,geo_cov_rur,2012,3.53
phl,sex_m,age_aggregate_y25_54,geo_cov_rur,2013,3.735
phl,sex_m,age_aggregate_y25_54,geo_cov_rur,2014,3.541
phl,sex_m,age_aggregate_y25_54,geo_cov_rur,2015,3.418
phl,sex_m,age_aggregate_y25_54,geo_cov_rur,2016,3.348
phl,sex_m,age_aggregate_y25_54,geo_cov_rur,2017,3.783
phl,sex_m,age_aggregate_y25_54,geo_cov_rur,2018,3.577
phl,sex_m,age_aggregate_y25_54,geo_cov_rur,2019,3.434
phl,sex_m,age_aggregate_y25_54,geo_cov_rur,2020,7.731
phl,sex_m,age_aggregate_y25_54,geo_cov_rur,2021,5.433
phl,sex_m,age_aggregate_y25_54,geo_cov_rur,2022,3.836
phl,sex_m,age_aggregate_y25_54,geo_cov_rur,2023,3.693
phl,sex_m,age_aggregate_y25_54,geo_cov_urb,2007,8.366
phl,sex_m,age_aggregate_y25_54,geo_cov_urb,2008,8.237
phl,sex_m,age_aggregate_y25_54,geo_cov_urb,2009,8.257
phl,sex_m,age_aggregate_y25_54,geo_cov_urb,2010,8.06
phl,sex_m,age_aggregate_y25_54,geo_cov_urb,2011,7.85
phl,sex_m,age_aggregate_y25_54,geo_cov_urb,2012,7.568
phl,sex_m,age_aggregate_y25_54,geo_cov_urb,2013,7.622
phl,sex_m,age_aggregate_y25_54,geo_cov_urb,2014,7.479
phl,sex_m,age_aggregate_y25_54,geo_cov_urb,2015,6.842
phl,sex_m,age_aggregate_y25_54,geo_cov_urb,2016,5.649
phl,sex_m,age_aggregate_y25_54,geo_cov_urb,2017,5.525
phl,sex_m,age_aggregate_y25_54,geo_cov_urb,2018,5.074
phl,sex_m,age_aggregate_y25_54,geo_cov_urb,2019,4.707
phl,sex_m,age_aggregate_y25_54,geo_cov_urb,2020,10.702
phl,sex_m,age_aggregate_y25_54,geo_cov_urb,2021,8.717
phl,sex_m,age_aggregate_y25_54,geo_cov_urb,2022,5.574
phl,sex_m,age_aggregate_y25_54,geo_cov_urb,2023,4.911
phl,sex_m,age_aggregate_y25_54,geo_cov_x,2023,3.64
phl,sex_m,age_aggregate_y55_64,geo_cov_nat,2007,3.622
phl,sex_m,age_aggregate_y55_64,geo_cov_nat,2008,3.482
phl,sex_m,age_aggregate_y55_64,geo_cov_nat,2009,3.728
phl,sex_m,age_aggregate_y55_64,geo_cov_nat,2010,3.307
phl,sex_m,age_aggregate_y55_64,geo_cov_nat,2011,3.132
phl,sex_m,age_aggregate_y55_64,geo_cov_nat,2012,3.465
phl,sex_m,age_aggregate_y55_64,geo_cov_nat,2013,3.611
phl,sex_m,age_aggregate_y55_64,geo_cov_nat,2014,3.404
phl,sex_m,age_aggregate_y55_64,geo_cov_nat,2015,2.776
phl,sex_m,age_aggregate_y55_64,geo_cov_nat,2016,2.37
phl,sex_m,age_aggregate_y55_64,geo_cov_nat,2017,3.42
phl,sex_m,age_aggregate_y55_64,geo_cov_nat,2018,3
phl,sex_m,age_aggregate_y55_64,geo_cov_nat,2019,2.365
phl,sex_m,age_aggregate_y55_64,geo_cov_nat,2020,7.294
phl,sex_m,age_aggregate_y55_64,geo_cov_nat,2021,5.394
phl,sex_m,age_aggregate_y55_64,geo_cov_nat,2022,3.244
phl,sex_m,age_aggregate_y55_64,geo_cov_nat,2023,2.518
phl,sex_m,age_aggregate_y55_64,geo_cov_rur,2007,2.201
phl,sex_m,age_aggregate_y55_64,geo_cov_rur,2008,2.144
phl,sex_m,age_aggregate_y55_64,geo_cov_rur,2009,2.25
phl,sex_m,age_aggregate_y55_64,geo_cov_rur,2010,2.371
phl,sex_m,age_aggregate_y55_64,geo_cov_rur,2011,2.074
phl,sex_m,age_aggregate_y55_64,geo_cov_rur,2012,2.122
phl,sex_m,age_aggregate_y55_64,geo_cov_rur,2013,2.356
phl,sex_m,age_aggregate_y55_64,geo_cov_rur,2014,2.084
phl,sex_m,age_aggregate_y55_64,geo_cov_rur,2015,2.013
phl,sex_m,age_aggregate_y55_64,geo_cov_rur,2016,1.883
phl,sex_m,age_aggregate_y55_64,geo_cov_rur,2017,2.493
phl,sex_m,age_aggregate_y55_64,geo_cov_rur,2018,2.543
phl,sex_m,age_aggregate_y55_64,geo_cov_rur,2019,2.104
phl,sex_m,age_aggregate_y55_64,geo_cov_rur,2020,5.395
phl,sex_m,age_aggregate_y55_64,geo_cov_rur,2021,3.616
phl,sex_m,age_aggregate_y55_64,geo_cov_rur,2022,2.382
phl,sex_m,age_aggregate_y55_64,geo_cov_rur,2023,2.163
phl,sex_m,age_aggregate_y55_64,geo_cov_urb,2007,5.534
phl,sex_m,age_aggregate_y55_64,geo_cov_urb,2008,5.32
phl,sex_m,age_aggregate_y55_64,geo_cov_urb,2009,5.664
phl,sex_m,age_aggregate_y55_64,geo_cov_urb,2010,4.523
phl,sex_m,age_aggregate_y55_64,geo_cov_urb,2011,4.487
phl,sex_m,age_aggregate_y55_64,geo_cov_urb,2012,5.138
phl,sex_m,age_aggregate_y55_64,geo_cov_urb,2013,5.163
phl,sex_m,age_aggregate_y55_64,geo_cov_urb,2014,4.979
phl,sex_m,age_aggregate_y55_64,geo_cov_urb,2015,3.709
phl,sex_m,age_aggregate_y55_64,geo_cov_urb,2016,3.133
phl,sex_m,age_aggregate_y55_64,geo_cov_urb,2017,4.769
phl,sex_m,age_aggregate_y55_64,geo_cov_urb,2018,3.716
phl,sex_m,age_aggregate_y55_64,geo_cov_urb,2019,2.77
phl,sex_m,age_aggregate_y55_64,geo_cov_urb,2020,9.506
phl,sex_m,age_aggregate_y55_64,geo_cov_urb,2021,7.514
phl,sex_m,age_aggregate_y55_64,geo_cov_urb,2022,4.194
phl,sex_m,age_aggregate_y55_64,geo_cov_urb,2023,3.175
phl,sex_m,age_aggregate_y55_64,geo_cov_x,2023,2.084
phl,sex_m,age_aggregate_yge65,geo_cov_nat,2007,1.516
phl,sex_m,age_aggregate_yge65,geo_cov_nat,2008,1.488
phl,sex_m,age_aggregate_yge65,geo_cov_nat,2009,1.463
phl,sex_m,age_aggregate_yge65,geo_cov_nat,2010,1.527
phl,sex_m,age_aggregate_yge65,geo_cov_nat,2011,1.507
phl,sex_m,age_aggregate_yge65,geo_cov_nat,2012,1.538
phl,sex_m,age_aggregate_yge65,geo_cov_nat,2013,1.525
phl,sex_m,age_aggregate_yge65,geo_cov_nat,2014,1.404
phl,sex_m,age_aggregate_yge65,geo_cov_nat,2015,1.299
phl,sex_m,age_aggregate_yge65,geo_cov_nat,2016,1.498
phl,sex_m,age_aggregate_yge65,geo_cov_nat,2017,1.437
phl,sex_m,age_aggregate_yge65,geo_cov_nat,2018,1.221
phl,sex_m,age_aggregate_yge65,geo_cov_nat,2019,1.544
phl,sex_m,age_aggregate_yge65,geo_cov_nat,2020,3.968
phl,sex_m,age_aggregate_yge65,geo_cov_nat,2021,2.875
phl,sex_m,age_aggregate_yge65,geo_cov_nat,2022,1.808
phl,sex_m,age_aggregate_yge65,geo_cov_nat,2023,1.221
phl,sex_m,age_aggregate_yge65,geo_cov_rur,2007,1.32
phl,sex_m,age_aggregate_yge65,geo_cov_rur,2008,1.286
phl,sex_m,age_aggregate_yge65,geo_cov_rur,2009,1.372
phl,sex_m,age_aggregate_yge65,geo_cov_rur,2010,1.348
phl,sex_m,age_aggregate_yge65,geo_cov_rur,2011,1.48
phl,sex_m,age_aggregate_yge65,geo_cov_rur,2012,1.411
phl,sex_m,age_aggregate_yge65,geo_cov_rur,2013,1.302
phl,sex_m,age_aggregate_yge65,geo_cov_rur,2014,1.05
phl,sex_m,age_aggregate_yge65,geo_cov_rur,2015,1.089
phl,sex_m,age_aggregate_yge65,geo_cov_rur,2016,1.275
phl,sex_m,age_aggregate_yge65,geo_cov_rur,2017,1.159
phl,sex_m,age_aggregate_yge65,geo_cov_rur,2018,1.141
phl,sex_m,age_aggregate_yge65,geo_cov_rur,2019,1.335
phl,sex_m,age_aggregate_yge65,geo_cov_rur,2020,3.293
phl,sex_m,age_aggregate_yge65,geo_cov_rur,2021,1.955
phl,sex_m,age_aggregate_yge65,geo_cov_rur,2022,1.44
phl,sex_m,age_aggregate_yge65,geo_cov_rur,2023,1.277
phl,sex_m,age_aggregate_yge65,geo_cov_urb,2007,1.934
phl,sex_m,age_aggregate_yge65,geo_cov_urb,2008,1.942
phl,sex_m,age_aggregate_yge65,geo_cov_urb,2009,1.662
phl,sex_m,age_aggregate_yge65,geo_cov_urb,2010,1.914
phl,sex_m,age_aggregate_yge65,geo_cov_urb,2011,1.562
phl,sex_m,age_aggregate_yge65,geo_cov_urb,2012,1.798
phl,sex_m,age_aggregate_yge65,geo_cov_urb,2013,1.985
phl,sex_m,age_aggregate_yge65,geo_cov_urb,2014,2.071
phl,sex_m,age_aggregate_yge65,geo_cov_urb,2015,1.703
phl,sex_m,age_aggregate_yge65,geo_cov_urb,2016,2.022
phl,sex_m,age_aggregate_yge65,geo_cov_urb,2017,2.059
phl,sex_m,age_aggregate_yge65,geo_cov_urb,2018,1.401
phl,sex_m,age_aggregate_yge65,geo_cov_urb,2019,1.975
phl,sex_m,age_aggregate_yge65,geo_cov_urb,2020,5.181
phl,sex_m,age_aggregate_yge65,geo_cov_urb,2021,4.496
phl,sex_m,age_aggregate_yge65,geo_cov_urb,2022,2.419
phl,sex_m,age_aggregate_yge65,geo_cov_urb,2023,1.611
phl,sex_m,age_aggregate_yge65,geo_cov_x,2023,0.699
phl,sex_m,age_ythadult_y15_24,geo_cov_nat,2007,16.22
phl,sex_m,age_ythadult_y15_24,geo_cov_nat,2008,16.565
phl,sex_m,age_ythadult_y15_24,geo_cov_nat,2009,16.708
phl,sex_m,age_ythadult_y15_24,geo_cov_nat,2010,16.979
phl,sex_m,age_ythadult_y15_24,geo_cov_nat,2011,15.565
phl,sex_m,age_ythadult_y15_24,geo_cov_nat,2012,15.35
phl,sex_m,age_ythadult_y15_24,geo_cov_nat,2013,15.538
phl,sex_m,age_ythadult_y15_24,geo_cov_nat,2014,15.256
phl,sex_m,age_ythadult_y15_24,geo_cov_nat,2015,14.827
phl,sex_m,age_ythadult_y15_24,geo_cov_nat,2016,13.383
phl,sex_m,age_ythadult_y15_24,geo_cov_nat,2017,14.03
phl,sex_m,age_ythadult_y15_24,geo_cov_nat,2018,13.046
phl,sex_m,age_ythadult_y15_24,geo_cov_nat,2019,13.295
phl,sex_m,age_ythadult_y15_24,geo_cov_nat,2020,20.76
phl,sex_m,age_ythadult_y15_24,geo_cov_nat,2021,16.196
phl,sex_m,age_ythadult_y15_24,geo_cov_nat,2022,11.91
phl,sex_m,age_ythadult_y15_24,geo_cov_nat,2023,11.512
phl,sex_m,age_ythadult_y15_24,geo_cov_rur,2007,10.334
phl,sex_m,age_ythadult_y15_24,geo_cov_rur,2008,10.285
phl,sex_m,age_ythadult_y15_24,geo_cov_rur,2009,10.535
phl,sex_m,age_ythadult_y15_24,geo_cov_rur,2010,10.893
phl,sex_m,age_ythadult_y15_24,geo_cov_rur,2011,9.929
phl,sex_m,age_ythadult_y15_24,geo_cov_rur,2012,10.145
phl,sex_m,age_ythadult_y15_24,geo_cov_rur,2013,10.64
phl,sex_m,age_ythadult_y15_24,geo_cov_rur,2014,10.193
phl,sex_m,age_ythadult_y15_24,geo_cov_rur,2015,10.483
phl,sex_m,age_ythadult_y15_24,geo_cov_rur,2016,10.648
phl,sex_m,age_ythadult_y15_24,geo_cov_rur,2017,11.348
phl,sex_m,age_ythadult_y15_24,geo_cov_rur,2018,11.182
phl,sex_m,age_ythadult_y15_24,geo_cov_rur,2019,12.286
phl,sex_m,age_ythadult_y15_24,geo_cov_rur,2020,17.972
phl,sex_m,age_ythadult_y15_24,geo_cov_rur,2021,12.896
phl,sex_m,age_ythadult_y15_24,geo_cov_rur,2022,9.641
phl,sex_m,age_ythadult_y15_24,geo_cov_rur,2023,9.939
phl,sex_m,age_ythadult_y15_24,geo_cov_urb,2007,24.39
phl,sex_m,age_ythadult_y15_24,geo_cov_urb,2008,25.286
phl,sex_m,age_ythadult_y15_24,geo_cov_urb,2009,25.134
phl,sex_m,age_ythadult_y15_24,geo_cov_urb,2010,25.282
phl,sex_m,age_ythadult_y15_24,geo_cov_urb,2011,23.059
phl,sex_m,age_ythadult_y15_24,geo_cov_urb,2012,22.417
phl,sex_m,age_ythadult_y15_24,geo_cov_urb,2013,22.209
phl,sex_m,age_ythadult_y15_24,geo_cov_urb,2014,21.843
phl,sex_m,age_ythadult_y15_24,geo_cov_urb,2015,20.648
phl,sex_m,age_ythadult_y15_24,geo_cov_urb,2016,17.472
phl,sex_m,age_ythadult_y15_24,geo_cov_urb,2017,17.767
phl,sex_m,age_ythadult_y15_24,geo_cov_urb,2018,15.706
phl,sex_m,age_ythadult_y15_24,geo_cov_urb,2019,14.654
phl,sex_m,age_ythadult_y15_24,geo_cov_urb,2020,23.81
phl,sex_m,age_ythadult_y15_24,geo_cov_urb,2021,19.756
phl,sex_m,age_ythadult_y15_24,geo_cov_urb,2022,14.411
phl,sex_m,age_ythadult_y15_24,geo_cov_urb,2023,13.518
phl,sex_m,age_ythadult_y15_24,geo_cov_x,2023,11.057
phl,sex_m,age_ythadult_y15_64,geo_cov_nat,2007,8.036
phl,sex_m,age_ythadult_y15_64,geo_cov_nat,2008,7.966
phl,sex_m,age_ythadult_y15_64,geo_cov_nat,2009,8.111
phl,sex_m,age_ythadult_y15_64,geo_cov_nat,2010,8.07
phl,sex_m,age_ythadult_y15_64,geo_cov_nat,2011,7.691
phl,sex_m,age_ythadult_y15_64,geo_cov_nat,2012,7.6
phl,sex_m,age_ythadult_y15_64,geo_cov_nat,2013,7.727
phl,sex_m,age_ythadult_y15_64,geo_cov_nat,2014,7.533
phl,sex_m,age_ythadult_y15_64,geo_cov_nat,2015,7.027
phl,sex_m,age_ythadult_y15_64,geo_cov_nat,2016,6.064
phl,sex_m,age_ythadult_y15_64,geo_cov_nat,2017,6.334
phl,sex_m,age_ythadult_y15_64,geo_cov_nat,2018,5.767
phl,sex_m,age_ythadult_y15_64,geo_cov_nat,2019,5.492
phl,sex_m,age_ythadult_y15_64,geo_cov_nat,2020,11.027
phl,sex_m,age_ythadult_y15_64,geo_cov_nat,2021,8.462
phl,sex_m,age_ythadult_y15_64,geo_cov_nat,2022,5.721
phl,sex_m,age_ythadult_y15_64,geo_cov_nat,2023,5.081
phl,sex_m,age_ythadult_y15_64,geo_cov_rur,2007,5.004
phl,sex_m,age_ythadult_y15_64,geo_cov_rur,2008,4.842
phl,sex_m,age_ythadult_y15_64,geo_cov_rur,2009,5.075
phl,sex_m,age_ythadult_y15_64,geo_cov_rur,2010,5.22
phl,sex_m,age_ythadult_y15_64,geo_cov_rur,2011,4.928
phl,sex_m,age_ythadult_y15_64,geo_cov_rur,2012,5.061
phl,sex_m,age_ythadult_y15_64,geo_cov_rur,2013,5.332
phl,sex_m,age_ythadult_y15_64,geo_cov_rur,2014,5.05
phl,sex_m,age_ythadult_y15_64,geo_cov_rur,2015,4.974
phl,sex_m,age_ythadult_y15_64,geo_cov_rur,2016,4.805
phl,sex_m,age_ythadult_y15_64,geo_cov_rur,2017,5.215
phl,sex_m,age_ythadult_y15_64,geo_cov_rur,2018,4.949
phl,sex_m,age_ythadult_y15_64,geo_cov_rur,2019,4.909
phl,sex_m,age_ythadult_y15_64,geo_cov_rur,2020,9.312
phl,sex_m,age_ythadult_y15_64,geo_cov_rur,2021,6.523
phl,sex_m,age_ythadult_y15_64,geo_cov_rur,2022,4.655
phl,sex_m,age_ythadult_y15_64,geo_cov_rur,2023,4.529
phl,sex_m,age_ythadult_y15_64,geo_cov_urb,2007,11.45
phl,sex_m,age_ythadult_y15_64,geo_cov_urb,2008,11.481
phl,sex_m,age_ythadult_y15_64,geo_cov_urb,2009,11.477
phl,sex_m,age_ythadult_y15_64,geo_cov_urb,2010,11.226
phl,sex_m,age_ythadult_y15_64,geo_cov_urb,2011,10.731
phl,sex_m,age_ythadult_y15_64,geo_cov_urb,2012,10.405
phl,sex_m,age_ythadult_y15_64,geo_cov_urb,2013,10.372
phl,sex_m,age_ythadult_y15_64,geo_cov_urb,2014,10.219
phl,sex_m,age_ythadult_y15_64,geo_cov_urb,2015,9.305
phl,sex_m,age_ythadult_y15_64,geo_cov_urb,2016,7.697
phl,sex_m,age_ythadult_y15_64,geo_cov_urb,2017,7.721
phl,sex_m,age_ythadult_y15_64,geo_cov_urb,2018,6.812
phl,sex_m,age_ythadult_y15_64,geo_cov_urb,2019,6.218
phl,sex_m,age_ythadult_y15_64,geo_cov_urb,2020,12.691
phl,sex_m,age_ythadult_y15_64,geo_cov_urb,2021,10.321
phl,sex_m,age_ythadult_y15_64,geo_cov_urb,2022,6.712
phl,sex_m,age_ythadult_y15_64,geo_cov_urb,2023,5.904
phl,sex_m,age_ythadult_y15_64,geo_cov_x,2023,4.57
phl,sex_m,age_ythadult_yge15,geo_cov_nat,2007,7.794
phl,sex_m,age_ythadult_yge15,geo_cov_nat,2008,7.726
phl,sex_m,age_ythadult_yge15,geo_cov_nat,2009,7.867
phl,sex_m,age_ythadult_yge15,geo_cov_nat,2010,7.828
phl,sex_m,age_ythadult_yge15,geo_cov_nat,2011,7.469
phl,sex_m,age_ythadult_yge15,geo_cov_nat,2012,7.385
phl,sex_m,age_ythadult_yge15,geo_cov_nat,2013,7.507
phl,sex_m,age_ythadult_yge15,geo_cov_nat,2014,7.318
phl,sex_m,age_ythadult_yge15,geo_cov_nat,2015,6.822
phl,sex_m,age_ythadult_yge15,geo_cov_nat,2016,5.886
phl,sex_m,age_ythadult_yge15,geo_cov_nat,2017,6.155
phl,sex_m,age_ythadult_yge15,geo_cov_nat,2018,5.596
phl,sex_m,age_ythadult_yge15,geo_cov_nat,2019,5.337
phl,sex_m,age_ythadult_yge15,geo_cov_nat,2020,10.76
phl,sex_m,age_ythadult_yge15,geo_cov_nat,2021,8.237
phl,sex_m,age_ythadult_yge15,geo_cov_nat,2022,5.545
phl,sex_m,age_ythadult_yge15,geo_cov_nat,2023,4.903
phl,sex_m,age_ythadult_yge15,geo_cov_rur,2007,4.829
phl,sex_m,age_ythadult_yge15,geo_cov_rur,2008,4.671
phl,sex_m,age_ythadult_yge15,geo_cov_rur,2009,4.899
phl,sex_m,age_ythadult_yge15,geo_cov_rur,2010,5.036
phl,sex_m,age_ythadult_yge15,geo_cov_rur,2011,4.769
phl,sex_m,age_ythadult_yge15,geo_cov_rur,2012,4.897
phl,sex_m,age_ythadult_yge15,geo_cov_rur,2013,5.15
phl,sex_m,age_ythadult_yge15,geo_cov_rur,2014,4.874
phl,sex_m,age_ythadult_yge15,geo_cov_rur,2015,4.802
phl,sex_m,age_ythadult_yge15,geo_cov_rur,2016,4.637
phl,sex_m,age_ythadult_yge15,geo_cov_rur,2017,5.032
phl,sex_m,age_ythadult_yge15,geo_cov_rur,2018,4.774
phl,sex_m,age_ythadult_yge15,geo_cov_rur,2019,4.739
phl,sex_m,age_ythadult_yge15,geo_cov_rur,2020,9.02
phl,sex_m,age_ythadult_yge15,geo_cov_rur,2021,6.286
phl,sex_m,age_ythadult_yge15,geo_cov_rur,2022,4.47
phl,sex_m,age_ythadult_yge15,geo_cov_rur,2023,4.338
phl,sex_m,age_ythadult_yge15,geo_cov_urb,2007,11.206
phl,sex_m,age_ythadult_yge15,geo_cov_urb,2008,11.247
phl,sex_m,age_ythadult_yge15,geo_cov_urb,2009,11.235
phl,sex_m,age_ythadult_yge15,geo_cov_urb,2010,10.992
phl,sex_m,age_ythadult_yge15,geo_cov_urb,2011,10.505
phl,sex_m,age_ythadult_yge15,geo_cov_urb,2012,10.191
phl,sex_m,age_ythadult_yge15,geo_cov_urb,2013,10.166
phl,sex_m,age_ythadult_yge15,geo_cov_urb,2014,10.01
phl,sex_m,age_ythadult_yge15,geo_cov_urb,2015,9.105
phl,sex_m,age_ythadult_yge15,geo_cov_urb,2016,7.544
phl,sex_m,age_ythadult_yge15,geo_cov_urb,2017,7.577
phl,sex_m,age_ythadult_yge15,geo_cov_urb,2018,6.668
phl,sex_m,age_ythadult_yge15,geo_cov_urb,2019,6.094
phl,sex_m,age_ythadult_yge15,geo_cov_urb,2020,12.488
phl,sex_m,age_ythadult_yge15,geo_cov_urb,2021,10.152
phl,sex_m,age_ythadult_yge15,geo_cov_urb,2022,6.57
phl,sex_m,age_ythadult_yge15,geo_cov_urb,2023,5.761
phl,sex_m,age_ythadult_yge15,geo_cov_x,2023,4.387
phl,sex_m,age_ythadult_yge25,geo_cov_nat,2007,5.378
phl,sex_m,age_ythadult_yge25,geo_cov_nat,2008,5.229
phl,sex_m,age_ythadult_yge25,geo_cov_nat,2009,5.379
phl,sex_m,age_ythadult_yge25,geo_cov_nat,2010,5.291
phl,sex_m,age_ythadult_yge25,geo_cov_nat,2011,5.154
phl,sex_m,age_ythadult_yge25,geo_cov_nat,2012,5.121
phl,sex_m,age_ythadult_yge25,geo_cov_nat,2013,5.249
phl,sex_m,age_ythadult_yge25,geo_cov_nat,2014,5.088
phl,sex_m,age_ythadult_yge25,geo_cov_nat,2015,4.669
phl,sex_m,age_ythadult_yge25,geo_cov_nat,2016,4.003
phl,sex_m,age_ythadult_yge25,geo_cov_nat,2017,4.301
phl,sex_m,age_ythadult_yge25,geo_cov_nat,2018,3.962
phl,sex_m,age_ythadult_yge25,geo_cov_nat,2019,3.695
phl,sex_m,age_ythadult_yge25,geo_cov_nat,2020,8.797
phl,sex_m,age_ythadult_yge25,geo_cov_nat,2021,6.736
phl,sex_m,age_ythadult_yge25,geo_cov_nat,2022,4.413
phl,sex_m,age_ythadult_yge25,geo_cov_nat,2023,3.8
phl,sex_m,age_ythadult_yge25,geo_cov_rur,2007,3.072
phl,sex_m,age_ythadult_yge25,geo_cov_rur,2008,2.907
phl,sex_m,age_ythadult_yge25,geo_cov_rur,2009,3.134
phl,sex_m,age_ythadult_yge25,geo_cov_rur,2010,3.229
phl,sex_m,age_ythadult_yge25,geo_cov_rur,2011,3.142
phl,sex_m,age_ythadult_yge25,geo_cov_rur,2012,3.236
phl,sex_m,age_ythadult_yge25,geo_cov_rur,2013,3.428
phl,sex_m,age_ythadult_yge25,geo_cov_rur,2014,3.226
phl,sex_m,age_ythadult_yge25,geo_cov_rur,2015,3.117
phl,sex_m,age_ythadult_yge25,geo_cov_rur,2016,3.029
phl,sex_m,age_ythadult_yge25,geo_cov_rur,2017,3.467
phl,sex_m,age_ythadult_yge25,geo_cov_rur,2018,3.3
phl,sex_m,age_ythadult_yge25,geo_cov_rur,2019,3.132
phl,sex_m,age_ythadult_yge25,geo_cov_rur,2020,7.158
phl,sex_m,age_ythadult_yge25,geo_cov_rur,2021,4.969
phl,sex_m,age_ythadult_yge25,geo_cov_rur,2022,3.47
phl,sex_m,age_ythadult_yge25,geo_cov_rur,2023,3.316
phl,sex_m,age_ythadult_yge25,geo_cov_urb,2007,7.896
phl,sex_m,age_ythadult_yge25,geo_cov_urb,2008,7.771
phl,sex_m,age_ythadult_yge25,geo_cov_urb,2009,7.799
phl,sex_m,age_ythadult_yge25,geo_cov_urb,2010,7.512
phl,sex_m,age_ythadult_yge25,geo_cov_urb,2011,7.312
phl,sex_m,age_ythadult_yge25,geo_cov_urb,2012,7.14
phl,sex_m,age_ythadult_yge25,geo_cov_urb,2013,7.198
phl,sex_m,age_ythadult_yge25,geo_cov_urb,2014,7.046
phl,sex_m,age_ythadult_yge25,geo_cov_urb,2015,6.346
phl,sex_m,age_ythadult_yge25,geo_cov_urb,2016,5.256
phl,sex_m,age_ythadult_yge25,geo_cov_urb,2017,5.333
phl,sex_m,age_ythadult_yge25,geo_cov_urb,2018,4.807
phl,sex_m,age_ythadult_yge25,geo_cov_urb,2019,4.4
phl,sex_m,age_ythadult_yge25,geo_cov_urb,2020,10.393
phl,sex_m,age_ythadult_yge25,geo_cov_urb,2021,8.441
phl,sex_m,age_ythadult_yge25,geo_cov_urb,2022,5.291
phl,sex_m,age_ythadult_yge25,geo_cov_urb,2023,4.573
phl,sex_m,age_ythadult_yge25,geo_cov_x,2023,3.277
phl,sex_t,age_aggregate_total,geo_cov_nat,2007,7.61
phl,sex_t,age_aggregate_total,geo_cov_nat,2008,7.565
phl,sex_t,age_aggregate_total,geo_cov_nat,2009,7.731
phl,sex_t,age_aggregate_total,geo_cov_nat,2010,7.574
phl,sex_t,age_aggregate_total,geo_cov_nat,2011,7.243
phl,sex_t,age_aggregate_total,geo_cov_nat,2012,7.231
phl,sex_t,age_aggregate_total,geo_cov_nat,2013,7.338
phl,sex_t,age_aggregate_total,geo_cov_nat,2014,7.022
phl,sex_t,age_aggregate_total,geo_cov_nat,2015,6.551
phl,sex_t,age_aggregate_total,geo_cov_nat,2016,5.78
phl,sex_t,age_aggregate_total,geo_cov_nat,2017,5.885
phl,sex_t,age_aggregate_total,geo_cov_nat,2018,5.512
phl,sex_t,age_aggregate_total,geo_cov_nat,2019,5.274
phl,sex_t,age_aggregate_total,geo_cov_nat,2020,10.429
phl,sex_t,age_aggregate_total,geo_cov_nat,2021,8.614
phl,sex_t,age_aggregate_total,geo_cov_nat,2022,5.682
phl,sex_t,age_aggregate_total,geo_cov_nat,2023,4.85
phl,sex_t,age_aggregate_total,geo_cov_rur,2007,5.14
phl,sex_t,age_aggregate_total,geo_cov_rur,2008,4.962
phl,sex_t,age_aggregate_total,geo_cov_rur,2009,5.104
phl,sex_t,age_aggregate_total,geo_cov_rur,2010,5.259
phl,sex_t,age_aggregate_total,geo_cov_rur,2011,4.961
phl,sex_t,age_aggregate_total,geo_cov_rur,2012,5.182
phl,sex_t,age_aggregate_total,geo_cov_rur,2013,5.343
phl,sex_t,age_aggregate_total,geo_cov_rur,2014,4.969
phl,sex_t,age_aggregate_total,geo_cov_rur,2015,4.949
phl,sex_t,age_aggregate_total,geo_cov_rur,2016,4.781
phl,sex_t,age_aggregate_total,geo_cov_rur,2017,5.007
phl,sex_t,age_aggregate_total,geo_cov_rur,2018,4.881
phl,sex_t,age_aggregate_total,geo_cov_rur,2019,4.828
phl,sex_t,age_aggregate_total,geo_cov_rur,2020,9.048
phl,sex_t,age_aggregate_total,geo_cov_rur,2021,6.942
phl,sex_t,age_aggregate_total,geo_cov_rur,2022,4.963
phl,sex_t,age_aggregate_total,geo_cov_rur,2023,4.548
phl,sex_t,age_aggregate_total,geo_cov_urb,2007,10.211
phl,sex_t,age_aggregate_total,geo_cov_urb,2008,10.3
phl,sex_t,age_aggregate_total,geo_cov_urb,2009,10.446
phl,sex_t,age_aggregate_total,geo_cov_urb,2010,9.981
phl,sex_t,age_aggregate_total,geo_cov_urb,2011,9.591
phl,sex_t,age_aggregate_total,geo_cov_urb,2012,9.347
phl,sex_t,age_aggregate_total,geo_cov_urb,2013,9.389
phl,sex_t,age_aggregate_total,geo_cov_urb,2014,9.094
phl,sex_t,age_aggregate_total,geo_cov_urb,2015,8.204
phl,sex_t,age_aggregate_total,geo_cov_urb,2016,6.998
phl,sex_t,age_aggregate_total,geo_cov_urb,2017,6.912
phl,sex_t,age_aggregate_total,geo_cov_urb,2018,6.274
phl,sex_t,age_aggregate_total,geo_cov_urb,2019,5.798
phl,sex_t,age_aggregate_total,geo_cov_urb,2020,11.71
phl,sex_t,age_aggregate_total,geo_cov_urb,2021,10.164
phl,sex_t,age_aggregate_total,geo_cov_urb,2022,6.329
phl,sex_t,age_aggregate_total,geo_cov_urb,2023,5.391
phl,sex_t,age_aggregate_total,geo_cov_x,2023,4.414
phl,sex_t,age_aggregate_y15_24,geo_cov_nat,2007,17.354
phl,sex_t,age_aggregate_y15_24,geo_cov_nat,2008,17.842
phl,sex_t,age_aggregate_y15_24,geo_cov_nat,2009,18.158
phl,sex_t,age_aggregate_y15_24,geo_cov_nat,2010,18.182
phl,sex_t,age_aggregate_y15_24,geo_cov_nat,2011,16.831
phl,sex_t,age_aggregate_y15_24,geo_cov_nat,2012,16.701
phl,sex_t,age_aggregate_y15_24,geo_cov_nat,2013,16.671
phl,sex_t,age_aggregate_y15_24,geo_cov_nat,2014,16.224
phl,sex_t,age_aggregate_y15_24,geo_cov_nat,2015,15.577
phl,sex_t,age_aggregate_y15_24,geo_cov_nat,2016,14.364
phl,sex_t,age_aggregate_y15_24,geo_cov_nat,2017,14.801
phl,sex_t,age_aggregate_y15_24,geo_cov_nat,2018,13.938
phl,sex_t,age_aggregate_y15_24,geo_cov_nat,2019,14.124
phl,sex_t,age_aggregate_y15_24,geo_cov_nat,2020,21.837
phl,sex_t,age_aggregate_y15_24,geo_cov_nat,2021,17.716
phl,sex_t,age_aggregate_y15_24,geo_cov_nat,2022,12.849
phl,sex_t,age_aggregate_y15_24,geo_cov_nat,2023,12.186
phl,sex_t,age_aggregate_y15_24,geo_cov_rur,2007,12.373
phl,sex_t,age_aggregate_y15_24,geo_cov_rur,2008,12.439
phl,sex_t,age_aggregate_y15_24,geo_cov_rur,2009,12.585
phl,sex_t,age_aggregate_y15_24,geo_cov_rur,2010,12.986
phl,sex_t,age_aggregate_y15_24,geo_cov_rur,2011,12.04
phl,sex_t,age_aggregate_y15_24,geo_cov_rur,2012,12.358
phl,sex_t,age_aggregate_y15_24,geo_cov_rur,2013,12.466
phl,sex_t,age_aggregate_y15_24,geo_cov_rur,2014,12.005
phl,sex_t,age_aggregate_y15_24,geo_cov_rur,2015,12.037
phl,sex_t,age_aggregate_y15_24,geo_cov_rur,2016,12.217
phl,sex_t,age_aggregate_y15_24,geo_cov_rur,2017,12.81
phl,sex_t,age_aggregate_y15_24,geo_cov_rur,2018,12.732
phl,sex_t,age_aggregate_y15_24,geo_cov_rur,2019,13.591
phl,sex_t,age_aggregate_y15_24,geo_cov_rur,2020,20.166
phl,sex_t,age_aggregate_y15_24,geo_cov_rur,2021,15.172
phl,sex_t,age_aggregate_y15_24,geo_cov_rur,2022,11.246
phl,sex_t,age_aggregate_y15_24,geo_cov_rur,2023,11.167
phl,sex_t,age_aggregate_y15_24,geo_cov_urb,2007,22.851
phl,sex_t,age_aggregate_y15_24,geo_cov_urb,2008,23.853
phl,sex_t,age_aggregate_y15_24,geo_cov_urb,2009,24.28
phl,sex_t,age_aggregate_y15_24,geo_cov_urb,2010,23.959
phl,sex_t,age_aggregate_y15_24,geo_cov_urb,2011,22.05
phl,sex_t,age_aggregate_y15_24,geo_cov_urb,2012,21.682
phl,sex_t,age_aggregate_y15_24,geo_cov_urb,2013,21.473
phl,sex_t,age_aggregate_y15_24,geo_cov_urb,2014,20.847
phl,sex_t,age_aggregate_y15_24,geo_cov_urb,2015,19.568
phl,sex_t,age_aggregate_y15_24,geo_cov_urb,2016,17.091
phl,sex_t,age_aggregate_y15_24,geo_cov_urb,2017,17.201
phl,sex_t,age_aggregate_y15_24,geo_cov_urb,2018,15.44
phl,sex_t,age_aggregate_y15_24,geo_cov_urb,2019,14.759
phl,sex_t,age_aggregate_y15_24,geo_cov_urb,2020,23.464
phl,sex_t,age_aggregate_y15_24,geo_cov_urb,2021,20.191
phl,sex_t,age_aggregate_y15_24,geo_cov_urb,2022,14.42
phl,sex_t,age_aggregate_y15_24,geo_cov_urb,2023,13.329
phl,sex_t,age_aggregate_y15_24,geo_cov_x,2023,11.932
phl,sex_t,age_aggregate_y25_54,geo_cov_nat,2007,5.326
phl,sex_t,age_aggregate_y25_54,geo_cov_nat,2008,5.185
phl,sex_t,age_aggregate_y25_54,geo_cov_nat,2009,5.349
phl,sex_t,age_aggregate_y25_54,geo_cov_nat,2010,5.208
phl,sex_t,age_aggregate_y25_54,geo_cov_nat,2011,5.076
phl,sex_t,age_aggregate_y25_54,geo_cov_nat,2012,5.07
phl,sex_t,age_aggregate_y25_54,geo_cov_nat,2013,5.287
phl,sex_t,age_aggregate_y25_54,geo_cov_nat,2014,4.993
phl,sex_t,age_aggregate_y25_54,geo_cov_nat,2015,4.676
phl,sex_t,age_aggregate_y25_54,geo_cov_nat,2016,4.134
phl,sex_t,age_aggregate_y25_54,geo_cov_nat,2017,4.222
phl,sex_t,age_aggregate_y25_54,geo_cov_nat,2018,4.103
phl,sex_t,age_aggregate_y25_54,geo_cov_nat,2019,3.883
phl,sex_t,age_aggregate_y25_54,geo_cov_nat,2020,8.851
phl,sex_t,age_aggregate_y25_54,geo_cov_nat,2021,7.557
phl,sex_t,age_aggregate_y25_54,geo_cov_nat,2022,4.965
phl,sex_t,age_aggregate_y25_54,geo_cov_nat,2023,4.125
phl,sex_t,age_aggregate_y25_54,geo_cov_rur,2007,3.33
phl,sex_t,age_aggregate_y25_54,geo_cov_rur,2008,3.09
phl,sex_t,age_aggregate_y25_54,geo_cov_rur,2009,3.265
phl,sex_t,age_aggregate_y25_54,geo_cov_rur,2010,3.409
phl,sex_t,age_aggregate_y25_54,geo_cov_rur,2011,3.241
phl,sex_t,age_aggregate_y25_54,geo_cov_rur,2012,3.396
phl,sex_t,age_aggregate_y25_54,geo_cov_rur,2013,3.647
phl,sex_t,age_aggregate_y25_54,geo_cov_rur,2014,3.303
phl,sex_t,age_aggregate_y25_54,geo_cov_rur,2015,3.361
phl,sex_t,age_aggregate_y25_54,geo_cov_rur,2016,3.312
phl,sex_t,age_aggregate_y25_54,geo_cov_rur,2017,3.599
phl,sex_t,age_aggregate_y25_54,geo_cov_rur,2018,3.574
phl,sex_t,age_aggregate_y25_54,geo_cov_rur,2019,3.429
phl,sex_t,age_aggregate_y25_54,geo_cov_rur,2020,7.488
phl,sex_t,age_aggregate_y25_54,geo_cov_rur,2021,6.016
phl,sex_t,age_aggregate_y25_54,geo_cov_rur,2022,4.381
phl,sex_t,age_aggregate_y25_54,geo_cov_rur,2023,3.937
phl,sex_t,age_aggregate_y25_54,geo_cov_urb,2007,7.276
phl,sex_t,age_aggregate_y25_54,geo_cov_urb,2008,7.213
phl,sex_t,age_aggregate_y25_54,geo_cov_urb,2009,7.337
phl,sex_t,age_aggregate_y25_54,geo_cov_urb,2010,6.932
phl,sex_t,age_aggregate_y25_54,geo_cov_urb,2011,6.828
phl,sex_t,age_aggregate_y25_54,geo_cov_urb,2012,6.66
phl,sex_t,age_aggregate_y25_54,geo_cov_urb,2013,6.841
phl,sex_t,age_aggregate_y25_54,geo_cov_urb,2014,6.578
phl,sex_t,age_aggregate_y25_54,geo_cov_urb,2015,5.941
phl,sex_t,age_aggregate_y25_54,geo_cov_urb,2016,5.063
phl,sex_t,age_aggregate_y25_54,geo_cov_urb,2017,4.905
phl,sex_t,age_aggregate_y25_54,geo_cov_urb,2018,4.696
phl,sex_t,age_aggregate_y25_54,geo_cov_urb,2019,4.383
phl,sex_t,age_aggregate_y25_54,geo_cov_urb,2020,10.031
phl,sex_t,age_aggregate_y25_54,geo_cov_urb,2021,8.882
phl,sex_t,age_aggregate_y25_54,geo_cov_urb,2022,5.45
phl,sex_t,age_aggregate_y25_54,geo_cov_urb,2023,4.587
phl,sex_t,age_aggregate_y25_54,geo_cov_x,2023,3.619
phl,sex_t,age_aggregate_y55_64,geo_cov_nat,2007,2.805
phl,sex_t,age_aggregate_y55_64,geo_cov_nat,2008,2.684
phl,sex_t,age_aggregate_y55_64,geo_cov_nat,2009,2.738
phl,sex_t,age_aggregate_y55_64,geo_cov_nat,2010,2.45
phl,sex_t,age_aggregate_y55_64,geo_cov_nat,2011,2.383
phl,sex_t,age_aggregate_y55_64,geo_cov_nat,2012,2.616
phl,sex_t,age_aggregate_y55_64,geo_cov_nat,2013,2.708
phl,sex_t,age_aggregate_y55_64,geo_cov_nat,2014,2.468
phl,sex_t,age_aggregate_y55_64,geo_cov_nat,2015,2.01
phl,sex_t,age_aggregate_y55_64,geo_cov_nat,2016,1.94
phl,sex_t,age_aggregate_y55_64,geo_cov_nat,2017,2.535
phl,sex_t,age_aggregate_y55_64,geo_cov_nat,2018,2.271
phl,sex_t,age_aggregate_y55_64,geo_cov_nat,2019,1.962
phl,sex_t,age_aggregate_y55_64,geo_cov_nat,2020,5.857
phl,sex_t,age_aggregate_y55_64,geo_cov_nat,2021,4.747
phl,sex_t,age_aggregate_y55_64,geo_cov_nat,2022,2.73
phl,sex_t,age_aggregate_y55_64,geo_cov_nat,2023,2.094
phl,sex_t,age_aggregate_y55_64,geo_cov_rur,2007,1.921
phl,sex_t,age_aggregate_y55_64,geo_cov_rur,2008,1.836
phl,sex_t,age_aggregate_y55_64,geo_cov_rur,2009,1.831
phl,sex_t,age_aggregate_y55_64,geo_cov_rur,2010,1.863
phl,sex_t,age_aggregate_y55_64,geo_cov_rur,2011,1.678
phl,sex_t,age_aggregate_y55_64,geo_cov_rur,2012,1.755
phl,sex_t,age_aggregate_y55_64,geo_cov_rur,2013,1.883
phl,sex_t,age_aggregate_y55_64,geo_cov_rur,2014,1.588
phl,sex_t,age_aggregate_y55_64,geo_cov_rur,2015,1.534
phl,sex_t,age_aggregate_y55_64,geo_cov_rur,2016,1.677
phl,sex_t,age_aggregate_y55_64,geo_cov_rur,2017,1.853
phl,sex_t,age_aggregate_y55_64,geo_cov_rur,2018,1.894
phl,sex_t,age_aggregate_y55_64,geo_cov_rur,2019,1.812
phl,sex_t,age_aggregate_y55_64,geo_cov_rur,2020,4.656
phl,sex_t,age_aggregate_y55_64,geo_cov_rur,2021,3.455
phl,sex_t,age_aggregate_y55_64,geo_cov_rur,2022,2.177
phl,sex_t,age_aggregate_y55_64,geo_cov_rur,2023,1.878
phl,sex_t,age_aggregate_y55_64,geo_cov_urb,2007,3.944
phl,sex_t,age_aggregate_y55_64,geo_cov_urb,2008,3.793
phl,sex_t,age_aggregate_y55_64,geo_cov_urb,2009,3.869
phl,sex_t,age_aggregate_y55_64,geo_cov_urb,2010,3.177
phl,sex_t,age_aggregate_y55_64,geo_cov_urb,2011,3.236
phl,sex_t,age_aggregate_y55_64,geo_cov_urb,2012,3.632
phl,sex_t,age_aggregate_y55_64,geo_cov_urb,2013,3.67
phl,sex_t,age_aggregate_y55_64,geo_cov_urb,2014,3.475
phl,sex_t,age_aggregate_y55_64,geo_cov_urb,2015,2.564
phl,sex_t,age_aggregate_y55_64,geo_cov_urb,2016,2.336
phl,sex_t,age_aggregate_y55_64,geo_cov_urb,2017,3.482
phl,sex_t,age_aggregate_y55_64,geo_cov_urb,2018,2.834
phl,sex_t,age_aggregate_y55_64,geo_cov_urb,2019,2.179
phl,sex_t,age_aggregate_y55_64,geo_cov_urb,2020,7.179
phl,sex_t,age_aggregate_y55_64,geo_cov_urb,2021,6.202
phl,sex_t,age_aggregate_y55_64,geo_cov_urb,2022,3.316
phl,sex_t,age_aggregate_y55_64,geo_cov_urb,2023,2.554
phl,sex_t,age_aggregate_y55_64,geo_cov_x,2023,1.734
phl,sex_t,age_aggregate_yge65,geo_cov_nat,2007,1.358
phl,sex_t,age_aggregate_yge65,geo_cov_nat,2008,1.31
phl,sex_t,age_aggregate_yge65,geo_cov_nat,2009,1.305
phl,sex_t,age_aggregate_yge65,geo_cov_nat,2010,1.283
phl,sex_t,age_aggregate_yge65,geo_cov_nat,2011,1.296
phl,sex_t,age_aggregate_yge65,geo_cov_nat,2012,1.419
phl,sex_t,age_aggregate_yge65,geo_cov_nat,2013,1.318
phl,sex_t,age_aggregate_yge65,geo_cov_nat,2014,1.163
phl,sex_t,age_aggregate_yge65,geo_cov_nat,2015,1.082
phl,sex_t,age_aggregate_yge65,geo_cov_nat,2016,1.263
phl,sex_t,age_aggregate_yge65,geo_cov_nat,2017,1.091
phl,sex_t,age_aggregate_yge65,geo_cov_nat,2018,0.925
phl,sex_t,age_aggregate_yge65,geo_cov_nat,2019,1.073
phl,sex_t,age_aggregate_yge65,geo_cov_nat,2020,3.434
phl,sex_t,age_aggregate_yge65,geo_cov_nat,2021,2.56
phl,sex_t,age_aggregate_yge65,geo_cov_nat,2022,1.541
phl,sex_t,age_aggregate_yge65,geo_cov_nat,2023,1.164
phl,sex_t,age_aggregate_yge65,geo_cov_rur,2007,1.331
phl,sex_t,age_aggregate_yge65,geo_cov_rur,2008,1.216
phl,sex_t,age_aggregate_yge65,geo_cov_rur,2009,1.304
phl,sex_t,age_aggregate_yge65,geo_cov_rur,2010,1.207
phl,sex_t,age_aggregate_yge65,geo_cov_rur,2011,1.321
phl,sex_t,age_aggregate_yge65,geo_cov_rur,2012,1.314
phl,sex_t,age_aggregate_yge65,geo_cov_rur,2013,1.146
phl,sex_t,age_aggregate_yge65,geo_cov_rur,2014,0.995
phl,sex_t,age_aggregate_yge65,geo_cov_rur,2015,1.028
phl,sex_t,age_aggregate_yge65,geo_cov_rur,2016,1.143
phl,sex_t,age_aggregate_yge65,geo_cov_rur,2017,0.969
phl,sex_t,age_aggregate_yge65,geo_cov_rur,2018,0.884
phl,sex_t,age_aggregate_yge65,geo_cov_rur,2019,0.984
phl,sex_t,age_aggregate_yge65,geo_cov_rur,2020,3.086
phl,sex_t,age_aggregate_yge65,geo_cov_rur,2021,1.946
phl,sex_t,age_aggregate_yge65,geo_cov_rur,2022,1.424
phl,sex_t,age_aggregate_yge65,geo_cov_rur,2023,1.156
phl,sex_t,age_aggregate_yge65,geo_cov_urb,2007,1.407
phl,sex_t,age_aggregate_yge65,geo_cov_urb,2008,1.492
phl,sex_t,age_aggregate_yge65,geo_cov_urb,2009,1.307
phl,sex_t,age_aggregate_yge65,geo_cov_urb,2010,1.426
phl,sex_t,age_aggregate_yge65,geo_cov_urb,2011,1.249
phl,sex_t,age_aggregate_yge65,geo_cov_urb,2012,1.606
phl,sex_t,age_aggregate_yge65,geo_cov_urb,2013,1.617
phl,sex_t,age_aggregate_yge65,geo_cov_urb,2014,1.44
phl,sex_t,age_aggregate_yge65,geo_cov_urb,2015,1.17
phl,sex_t,age_aggregate_yge65,geo_cov_urb,2016,1.512
phl,sex_t,age_aggregate_yge65,geo_cov_urb,2017,1.332
phl,sex_t,age_aggregate_yge65,geo_cov_urb,2018,1.008
phl,sex_t,age_aggregate_yge65,geo_cov_urb,2019,1.238
phl,sex_t,age_aggregate_yge65,geo_cov_urb,2020,3.994
phl,sex_t,age_aggregate_yge65,geo_cov_urb,2021,3.557
phl,sex_t,age_aggregate_yge65,geo_cov_urb,2022,1.713
phl,sex_t,age_aggregate_yge65,geo_cov_urb,2023,1.453
phl,sex_t,age_aggregate_yge65,geo_cov_x,2023,0.831
phl,sex_t,age_ythadult_y15_24,geo_cov_nat,2007,17.354
phl,sex_t,age_ythadult_y15_24,geo_cov_nat,2008,17.842
phl,sex_t,age_ythadult_y15_24,geo_cov_nat,2009,18.158
phl,sex_t,age_ythadult_y15_24,geo_cov_nat,2010,18.182
phl,sex_t,age_ythadult_y15_24,geo_cov_nat,2011,16.831
phl,sex_t,age_ythadult_y15_24,geo_cov_nat,2012,16.701
phl,sex_t,age_ythadult_y15_24,geo_cov_nat,2013,16.671
phl,sex_t,age_ythadult_y15_24,geo_cov_nat,2014,16.224
phl,sex_t,age_ythadult_y15_24,geo_cov_nat,2015,15.577
phl,sex_t,age_ythadult_y15_24,geo_cov_nat,2016,14.364
phl,sex_t,age_ythadult_y15_24,geo_cov_nat,2017,14.801
phl,sex_t,age_ythadult_y15_24,geo_cov_nat,2018,13.938
phl,sex_t,age_ythadult_y15_24,geo_cov_nat,2019,14.124
phl,sex_t,age_ythadult_y15_24,geo_cov_nat,2020,21.837
phl,sex_t,age_ythadult_y15_24,geo_cov_nat,2021,17.716
phl,sex_t,age_ythadult_y15_24,geo_cov_nat,2022,12.849
phl,sex_t,age_ythadult_y15_24,geo_cov_nat,2023,12.186
phl,sex_t,age_ythadult_y15_24,geo_cov_rur,2007,12.373
phl,sex_t,age_ythadult_y15_24,geo_cov_rur,2008,12.439
phl,sex_t,age_ythadult_y15_24,geo_cov_rur,2009,12.585
phl,sex_t,age_ythadult_y15_24,geo_cov_rur,2010,12.986
phl,sex_t,age_ythadult_y15_24,geo_cov_rur,2011,12.04
phl,sex_t,age_ythadult_y15_24,geo_cov_rur,2012,12.358
phl,sex_t,age_ythadult_y15_24,geo_cov_rur,2013,12.466
phl,sex_t,age_ythadult_y15_24,geo_cov_rur,2014,12.005
phl,sex_t,age_ythadult_y15_24,geo_cov_rur,2015,12.037
phl,sex_t,age_ythadult_y15_24,geo_cov_rur,2016,12.217
phl,sex_t,age_ythadult_y15_24,geo_cov_rur,2017,12.81
phl,sex_t,age_ythadult_y15_24,geo_cov_rur,2018,12.732
phl,sex_t,age_ythadult_y15_24,geo_cov_rur,2019,13.591
phl,sex_t,age_ythadult_y15_24,geo_cov_rur,2020,20.166
phl,sex_t,age_ythadult_y15_24,geo_cov_rur,2021,15.172
phl,sex_t,age_ythadult_y15_24,geo_cov_rur,2022,11.246
phl,sex_t,age_ythadult_y15_24,geo_cov_rur,2023,11.167
phl,sex_t,age_ythadult_y15_24,geo_cov_urb,2007,22.851
phl,sex_t,age_ythadult_y15_24,geo_cov_urb,2008,23.853
phl,sex_t,age_ythadult_y15_24,geo_cov_urb,2009,24.28
phl,sex_t,age_ythadult_y15_24,geo_cov_urb,2010,23.959
phl,sex_t,age_ythadult_y15_24,geo_cov_urb,2011,22.05
phl,sex_t,age_ythadult_y15_24,geo_cov_urb,2012,21.682
phl,sex_t,age_ythadult_y15_24,geo_cov_urb,2013,21.473
phl,sex_t,age_ythadult_y15_24,geo_cov_urb,2014,20.847
phl,sex_t,age_ythadult_y15_24,geo_cov_urb,2015,19.568
phl,sex_t,age_ythadult_y15_24,geo_cov_urb,2016,17.091
phl,sex_t,age_ythadult_y15_24,geo_cov_urb,2017,17.201
phl,sex_t,age_ythadult_y15_24,geo_cov_urb,2018,15.44
phl,sex_t,age_ythadult_y15_24,geo_cov_urb,2019,14.759
phl,sex_t,age_ythadult_y15_24,geo_cov_urb,2020,23.464
phl,sex_t,age_ythadult_y15_24,geo_cov_urb,2021,20.191
phl,sex_t,age_ythadult_y15_24,geo_cov_urb,2022,14.42
phl,sex_t,age_ythadult_y15_24,geo_cov_urb,2023,13.329
phl,sex_t,age_ythadult_y15_24,geo_cov_x,2023,11.932
phl,sex_t,age_ythadult_y15_64,geo_cov_nat,2007,7.866
phl,sex_t,age_ythadult_y15_64,geo_cov_nat,2008,7.818
phl,sex_t,age_ythadult_y15_64,geo_cov_nat,2009,7.99
phl,sex_t,age_ythadult_y15_64,geo_cov_nat,2010,7.831
phl,sex_t,age_ythadult_y15_64,geo_cov_nat,2011,7.478
phl,sex_t,age_ythadult_y15_64,geo_cov_nat,2012,7.458
phl,sex_t,age_ythadult_y15_64,geo_cov_nat,2013,7.572
phl,sex_t,age_ythadult_y15_64,geo_cov_nat,2014,7.248
phl,sex_t,age_ythadult_y15_64,geo_cov_nat,2015,6.767
phl,sex_t,age_ythadult_y15_64,geo_cov_nat,2016,5.981
phl,sex_t,age_ythadult_y15_64,geo_cov_nat,2017,6.084
phl,sex_t,age_ythadult_y15_64,geo_cov_nat,2018,5.713
phl,sex_t,age_ythadult_y15_64,geo_cov_nat,2019,5.463
phl,sex_t,age_ythadult_y15_64,geo_cov_nat,2020,10.726
phl,sex_t,age_ythadult_y15_64,geo_cov_nat,2021,8.885
phl,sex_t,age_ythadult_y15_64,geo_cov_nat,2022,5.894
phl,sex_t,age_ythadult_y15_64,geo_cov_nat,2023,5.043
phl,sex_t,age_ythadult_y15_64,geo_cov_rur,2007,5.34
phl,sex_t,age_ythadult_y15_64,geo_cov_rur,2008,5.159
phl,sex_t,age_ythadult_y15_64,geo_cov_rur,2009,5.304
phl,sex_t,age_ythadult_y15_64,geo_cov_rur,2010,5.473
phl,sex_t,age_ythadult_y15_64,geo_cov_rur,2011,5.147
phl,sex_t,age_ythadult_y15_64,geo_cov_rur,2012,5.374
phl,sex_t,age_ythadult_y15_64,geo_cov_rur,2013,5.55
phl,sex_t,age_ythadult_y15_64,geo_cov_rur,2014,5.16
phl,sex_t,age_ythadult_y15_64,geo_cov_rur,2015,5.14
phl,sex_t,age_ythadult_y15_64,geo_cov_rur,2016,4.982
phl,sex_t,age_ythadult_y15_64,geo_cov_rur,2017,5.215
phl,sex_t,age_ythadult_y15_64,geo_cov_rur,2018,5.097
phl,sex_t,age_ythadult_y15_64,geo_cov_rur,2019,5.038
phl,sex_t,age_ythadult_y15_64,geo_cov_rur,2020,9.376
phl,sex_t,age_ythadult_y15_64,geo_cov_rur,2021,7.233
phl,sex_t,age_ythadult_y15_64,geo_cov_rur,2022,5.194
phl,sex_t,age_ythadult_y15_64,geo_cov_rur,2023,4.771
phl,sex_t,age_ythadult_y15_64,geo_cov_urb,2007,10.467
phl,sex_t,age_ythadult_y15_64,geo_cov_urb,2008,10.547
phl,sex_t,age_ythadult_y15_64,geo_cov_urb,2009,10.701
phl,sex_t,age_ythadult_y15_64,geo_cov_urb,2010,10.223
phl,sex_t,age_ythadult_y15_64,geo_cov_urb,2011,9.824
phl,sex_t,age_ythadult_y15_64,geo_cov_urb,2012,9.567
phl,sex_t,age_ythadult_y15_64,geo_cov_urb,2013,9.61
phl,sex_t,age_ythadult_y15_64,geo_cov_urb,2014,9.314
phl,sex_t,age_ythadult_y15_64,geo_cov_urb,2015,8.415
phl,sex_t,age_ythadult_y15_64,geo_cov_urb,2016,7.173
phl,sex_t,age_ythadult_y15_64,geo_cov_urb,2017,7.078
phl,sex_t,age_ythadult_y15_64,geo_cov_urb,2018,6.439
phl,sex_t,age_ythadult_y15_64,geo_cov_urb,2019,5.953
phl,sex_t,age_ythadult_y15_64,geo_cov_urb,2020,11.95
phl,sex_t,age_ythadult_y15_64,geo_cov_urb,2021,10.379
phl,sex_t,age_ythadult_y15_64,geo_cov_urb,2022,6.509
phl,sex_t,age_ythadult_y15_64,geo_cov_urb,2023,5.549
phl,sex_t,age_ythadult_y15_64,geo_cov_x,2023,4.604
phl,sex_t,age_ythadult_yge15,geo_cov_nat,2007,7.61
phl,sex_t,age_ythadult_yge15,geo_cov_nat,2008,7.565
phl,sex_t,age_ythadult_yge15,geo_cov_nat,2009,7.731
phl,sex_t,age_ythadult_yge15,geo_cov_nat,2010,7.574
phl,sex_t,age_ythadult_yge15,geo_cov_nat,2011,7.243
phl,sex_t,age_ythadult_yge15,geo_cov_nat,2012,7.231
phl,sex_t,age_ythadult_yge15,geo_cov_nat,2013,7.338
phl,sex_t,age_ythadult_yge15,geo_cov_nat,2014,7.022
phl,sex_t,age_ythadult_yge15,geo_cov_nat,2015,6.551
phl,sex_t,age_ythadult_yge15,geo_cov_nat,2016,5.78
phl,sex_t,age_ythadult_yge15,geo_cov_nat,2017,5.885
phl,sex_t,age_ythadult_yge15,geo_cov_nat,2018,5.512
phl,sex_t,age_ythadult_yge15,geo_cov_nat,2019,5.274
phl,sex_t,age_ythadult_yge15,geo_cov_nat,2020,10.429
phl,sex_t,age_ythadult_yge15,geo_cov_nat,2021,8.614
phl,sex_t,age_ythadult_yge15,geo_cov_nat,2022,5.682
phl,sex_t,age_ythadult_yge15,geo_cov_nat,2023,4.85
phl,sex_t,age_ythadult_yge15,geo_cov_rur,2007,5.14
phl,sex_t,age_ythadult_yge15,geo_cov_rur,2008,4.962
phl,sex_t,age_ythadult_yge15,geo_cov_rur,2009,5.104
phl,sex_t,age_ythadult_yge15,geo_cov_rur,2010,5.259
phl,sex_t,age_ythadult_yge15,geo_cov_rur,2011,4.961
phl,sex_t,age_ythadult_yge15,geo_cov_rur,2012,5.182
phl,sex_t,age_ythadult_yge15,geo_cov_rur,2013,5.343
phl,sex_t,age_ythadult_yge15,geo_cov_rur,2014,4.969
phl,sex_t,age_ythadult_yge15,geo_cov_rur,2015,4.949
phl,sex_t,age_ythadult_yge15,geo_cov_rur,2016,4.781
phl,sex_t,age_ythadult_yge15,geo_cov_rur,2017,5.007
phl,sex_t,age_ythadult_yge15,geo_cov_rur,2018,4.881
phl,sex_t,age_ythadult_yge15,geo_cov_rur,2019,4.828
phl,sex_t,age_ythadult_yge15,geo_cov_rur,2020,9.048
phl,sex_t,age_ythadult_yge15,geo_cov_rur,2021,6.942
phl,sex_t,age_ythadult_yge15,geo_cov_rur,2022,4.963
phl,sex_t,age_ythadult_yge15,geo_cov_rur,2023,4.548
phl,sex_t,age_ythadult_yge15,geo_cov_urb,2007,10.211
phl,sex_t,age_ythadult_yge15,geo_cov_urb,2008,10.3
phl,sex_t,age_ythadult_yge15,geo_cov_urb,2009,10.446
phl,sex_t,age_ythadult_yge15,geo_cov_urb,2010,9.981
phl,sex_t,age_ythadult_yge15,geo_cov_urb,2011,9.591
phl,sex_t,age_ythadult_yge15,geo_cov_urb,2012,9.347
phl,sex_t,age_ythadult_yge15,geo_cov_urb,2013,9.389
phl,sex_t,age_ythadult_yge15,geo_cov_urb,2014,9.094
phl,sex_t,age_ythadult_yge15,geo_cov_urb,2015,8.204
phl,sex_t,age_ythadult_yge15,geo_cov_urb,2016,6.998
phl,sex_t,age_ythadult_yge15,geo_cov_urb,2017,6.912
phl,sex_t,age_ythadult_yge15,geo_cov_urb,2018,6.274
phl,sex_t,age_ythadult_yge15,geo_cov_urb,2019,5.798
phl,sex_t,age_ythadult_yge15,geo_cov_urb,2020,11.71
phl,sex_t,age_ythadult_yge15,geo_cov_urb,2021,10.164
phl,sex_t,age_ythadult_yge15,geo_cov_urb,2022,6.329
phl,sex_t,age_ythadult_yge15,geo_cov_urb,2023,5.391
phl,sex_t,age_ythadult_yge15,geo_cov_x,2023,4.414
phl,sex_t,age_ythadult_yge25,geo_cov_nat,2007,4.85
phl,sex_t,age_ythadult_yge25,geo_cov_nat,2008,4.714
phl,sex_t,age_ythadult_yge25,geo_cov_nat,2009,4.851
phl,sex_t,age_ythadult_yge25,geo_cov_nat,2010,4.692
phl,sex_t,age_ythadult_yge25,geo_cov_nat,2011,4.575
phl,sex_t,age_ythadult_yge25,geo_cov_nat,2012,4.609
phl,sex_t,age_ythadult_yge25,geo_cov_nat,2013,4.798
phl,sex_t,age_ythadult_yge25,geo_cov_nat,2014,4.519
phl,sex_t,age_ythadult_yge25,geo_cov_nat,2015,4.193
phl,sex_t,age_ythadult_yge25,geo_cov_nat,2016,3.7
phl,sex_t,age_ythadult_yge25,geo_cov_nat,2017,3.852
phl,sex_t,age_ythadult_yge25,geo_cov_nat,2018,3.705
phl,sex_t,age_ythadult_yge25,geo_cov_nat,2019,3.488
phl,sex_t,age_ythadult_yge25,geo_cov_nat,2020,8.206
phl,sex_t,age_ythadult_yge25,geo_cov_nat,2021,6.945
phl,sex_t,age_ythadult_yge25,geo_cov_nat,2022,4.476
phl,sex_t,age_ythadult_yge25,geo_cov_nat,2023,3.685
phl,sex_t,age_ythadult_yge25,geo_cov_rur,2007,3.031
phl,sex_t,age_ythadult_yge25,geo_cov_rur,2008,2.814
phl,sex_t,age_ythadult_yge25,geo_cov_rur,2009,2.959
phl,sex_t,age_ythadult_yge25,geo_cov_rur,2010,3.07
phl,sex_t,age_ythadult_yge25,geo_cov_rur,2011,2.921
phl,sex_t,age_ythadult_yge25,geo_cov_rur,2012,3.062
phl,sex_t,age_ythadult_yge25,geo_cov_rur,2013,3.275
phl,sex_t,age_ythadult_yge25,geo_cov_rur,2014,2.953
phl,sex_t,age_ythadult_yge25,geo_cov_rur,2015,2.995
phl,sex_t,age_ythadult_yge25,geo_cov_rur,2016,2.94
phl,sex_t,age_ythadult_yge25,geo_cov_rur,2017,3.197
phl,sex_t,age_ythadult_yge25,geo_cov_rur,2018,3.168
phl,sex_t,age_ythadult_yge25,geo_cov_rur,2019,3.046
phl,sex_t,age_ythadult_yge25,geo_cov_rur,2020,6.818
phl,sex_t,age_ythadult_yge25,geo_cov_rur,2021,5.388
phl,sex_t,age_ythadult_yge25,geo_cov_rur,2022,3.85
phl,sex_t,age_ythadult_yge25,geo_cov_rur,2023,3.439
phl,sex_t,age_ythadult_yge25,geo_cov_urb,2007,6.74
phl,sex_t,age_ythadult_yge25,geo_cov_urb,2008,6.679
phl,sex_t,age_ythadult_yge25,geo_cov_urb,2009,6.774
phl,sex_t,age_ythadult_yge25,geo_cov_urb,2010,6.347
phl,sex_t,age_ythadult_yge25,geo_cov_urb,2011,6.252
phl,sex_t,age_ythadult_yge25,geo_cov_urb,2012,6.16
phl,sex_t,age_ythadult_yge25,geo_cov_urb,2013,6.319
phl,sex_t,age_ythadult_yge25,geo_cov_urb,2014,6.063
phl,sex_t,age_ythadult_yge25,geo_cov_urb,2015,5.401
phl,sex_t,age_ythadult_yge25,geo_cov_urb,2016,4.62
phl,sex_t,age_ythadult_yge25,geo_cov_urb,2017,4.613
phl,sex_t,age_ythadult_yge25,geo_cov_urb,2018,4.349
phl,sex_t,age_ythadult_yge25,geo_cov_urb,2019,4.005
phl,sex_t,age_ythadult_yge25,geo_cov_urb,2020,9.483
phl,sex_t,age_ythadult_yge25,geo_cov_urb,2021,8.376
phl,sex_t,age_ythadult_yge25,geo_cov_urb,2022,5.031
phl,sex_t,age_ythadult_yge25,geo_cov_urb,2023,4.197
phl,sex_t,age_ythadult_yge25,geo_cov_x,2023,3.206
plw,sex_f,age_aggregate_total,geo_cov_nat,2023,5.895
plw,sex_f,age_aggregate_total,geo_cov_rur,2023,7.801
plw,sex_f,age_aggregate_total,geo_cov_urb,2023,5.454
plw,sex_f,age_aggregate_y15_24,geo_cov_nat,2023,28.327
plw,sex_f,age_aggregate_y15_24,geo_cov_rur,2023,40.847
plw,sex_f,age_aggregate_y15_24,geo_cov_urb,2023,25.755
plw,sex_f,age_aggregate_y25_54,geo_cov_nat,2023,3.486
plw,sex_f,age_aggregate_y25_54,geo_cov_rur,2023,4.111
plw,sex_f,age_aggregate_y25_54,geo_cov_urb,2023,3.357
plw,sex_f,age_aggregate_y55_64,geo_cov_nat,2023,7.747
plw,sex_f,age_ythadult_y15_24,geo_cov_nat,2023,28.327
plw,sex_f,age_ythadult_y15_24,geo_cov_rur,2023,40.847
plw,sex_f,age_ythadult_y15_24,geo_cov_urb,2023,25.755
plw,sex_f,age_ythadult_y15_64,geo_cov_nat,2023,6.188
plw,sex_f,age_ythadult_y15_64,geo_cov_rur,2023,8.229
plw,sex_f,age_ythadult_y15_64,geo_cov_urb,2023,5.719
plw,sex_f,age_ythadult_yge15,geo_cov_nat,2023,5.895
plw,sex_f,age_ythadult_yge15,geo_cov_rur,2023,7.801
plw,sex_f,age_ythadult_yge15,geo_cov_urb,2023,5.454
plw,sex_f,age_ythadult_yge25,geo_cov_nat,2023,4.09
plw,sex_f,age_ythadult_yge25,geo_cov_rur,2023,5.409
plw,sex_f,age_ythadult_yge25,geo_cov_urb,2023,3.782
plw,sex_m,age_aggregate_total,geo_cov_nat,2023,4.685
plw,sex_m,age_aggregate_total,geo_cov_rur,2023,9.758
plw,sex_m,age_aggregate_total,geo_cov_urb,2023,3.514
plw,sex_m,age_aggregate_y15_24,geo_cov_nat,2023,15.948
plw,sex_m,age_aggregate_y15_24,geo_cov_rur,2023,44.433
plw,sex_m,age_aggregate_y25_54,geo_cov_nat,2023,3.794
plw,sex_m,age_aggregate_y25_54,geo_cov_rur,2023,5.342
plw,sex_m,age_aggregate_y25_54,geo_cov_urb,2023,3.436
plw,sex_m,age_aggregate_y55_64,geo_cov_nat,2023,3.733
plw,sex_m,age_ythadult_y15_24,geo_cov_nat,2023,15.948
plw,sex_m,age_ythadult_y15_24,geo_cov_rur,2023,44.433
plw,sex_m,age_ythadult_y15_64,geo_cov_nat,2023,4.709
plw,sex_m,age_ythadult_y15_64,geo_cov_rur,2023,9.063
plw,sex_m,age_ythadult_y15_64,geo_cov_urb,2023,3.697
plw,sex_m,age_ythadult_yge15,geo_cov_nat,2023,4.685
plw,sex_m,age_ythadult_yge15,geo_cov_rur,2023,9.758
plw,sex_m,age_ythadult_yge15,geo_cov_urb,2023,3.514
plw,sex_m,age_ythadult_yge25,geo_cov_nat,2023,3.805
plw,sex_m,age_ythadult_yge25,geo_cov_rur,2023,6.889
plw,sex_m,age_ythadult_yge25,geo_cov_urb,2023,3.096
plw,sex_t,age_aggregate_total,geo_cov_nat,2023,5.182
plw,sex_t,age_aggregate_total,geo_cov_rur,2023,8.954
plw,sex_t,age_aggregate_total,geo_cov_urb,2023,4.31
plw,sex_t,age_aggregate_y15_24,geo_cov_nat,2023,21.108
plw,sex_t,age_aggregate_y15_24,geo_cov_rur,2023,43.066
plw,sex_t,age_aggregate_y15_24,geo_cov_urb,2023,16.078
plw,sex_t,age_aggregate_y25_54,geo_cov_nat,2023,3.668
plw,sex_t,age_aggregate_y25_54,geo_cov_rur,2023,4.867
plw,sex_t,age_aggregate_y25_54,geo_cov_urb,2023,3.404
plw,sex_t,age_aggregate_y55_64,geo_cov_nat,2023,5.427
plw,sex_t,age_aggregate_y55_64,geo_cov_rur,2023,9.518
plw,sex_t,age_aggregate_y55_64,geo_cov_urb,2023,4.282
plw,sex_t,age_ythadult_y15_24,geo_cov_nat,2023,21.108
plw,sex_t,age_ythadult_y15_24,geo_cov_rur,2023,43.066
plw,sex_t,age_ythadult_y15_24,geo_cov_urb,2023,16.078
plw,sex_t,age_ythadult_y15_64,geo_cov_nat,2023,5.317
plw,sex_t,age_ythadult_y15_64,geo_cov_rur,2023,8.723
plw,sex_t,age_ythadult_y15_64,geo_cov_urb,2023,4.528
plw,sex_t,age_ythadult_yge15,geo_cov_nat,2023,5.182
plw,sex_t,age_ythadult_yge15,geo_cov_rur,2023,8.954
plw,sex_t,age_ythadult_yge15,geo_cov_urb,2023,4.31
plw,sex_t,age_ythadult_yge25,geo_cov_nat,2023,3.922
plw,sex_t,age_ythadult_yge25,geo_cov_rur,2023,6.277
plw,sex_t,age_ythadult_yge25,geo_cov_urb,2023,3.377
png,sex_f,age_aggregate_total,geo_cov_nat,2022,17.333
png,sex_f,age_aggregate_total,geo_cov_rur,2022,15.81
png,sex_f,age_aggregate_total,geo_cov_urb,2022,23.611
png,sex_f,age_aggregate_y15_24,geo_cov_nat,2022,31.477
png,sex_f,age_aggregate_y15_24,geo_cov_rur,2022,27.811
png,sex_f,age_aggregate_y15_24,geo_cov_urb,2022,50.09
png,sex_f,age_aggregate_y25_54,geo_cov_nat,2022,14.32
png,sex_f,age_aggregate_y25_54,geo_cov_rur,2022,13.219
png,sex_f,age_aggregate_y25_54,geo_cov_urb,2022,18.558
png,sex_f,age_aggregate_y55_64,geo_cov_nat,2022,6.683
png,sex_f,age_aggregate_y55_64,geo_cov_rur,2022,5.099
png,sex_f,age_aggregate_y55_64,geo_cov_urb,2022,13.318
png,sex_f,age_aggregate_yge65,geo_cov_nat,2022,8.277
png,sex_f,age_aggregate_yge65,geo_cov_rur,2022,8.766
png,sex_f,age_ythadult_y15_24,geo_cov_nat,2022,31.477
png,sex_f,age_ythadult_y15_24,geo_cov_rur,2022,27.811
png,sex_f,age_ythadult_y15_24,geo_cov_urb,2022,50.09
png,sex_f,age_ythadult_y15_64,geo_cov_nat,2022,17.655
png,sex_f,age_ythadult_y15_64,geo_cov_rur,2022,16.064
png,sex_f,age_ythadult_y15_64,geo_cov_urb,2022,24.19
png,sex_f,age_ythadult_yge15,geo_cov_nat,2022,17.333
png,sex_f,age_ythadult_yge15,geo_cov_rur,2022,15.81
png,sex_f,age_ythadult_yge15,geo_cov_urb,2022,23.611
png,sex_f,age_ythadult_yge25,geo_cov_nat,2022,13.371
png,sex_f,age_ythadult_yge25,geo_cov_rur,2022,12.281
png,sex_f,age_ythadult_yge25,geo_cov_urb,2022,17.625
png,sex_m,age_aggregate_total,geo_cov_nat,2022,19.893
png,sex_m,age_aggregate_total,geo_cov_rur,2022,19.67
png,sex_m,age_aggregate_total,geo_cov_urb,2022,20.849
png,sex_m,age_aggregate_y15_24,geo_cov_nat,2022,36.008
png,sex_m,age_aggregate_y15_24,geo_cov_rur,2022,35.016
png,sex_m,age_aggregate_y15_24,geo_cov_urb,2022,41.21
png,sex_m,age_aggregate_y25_54,geo_cov_nat,2022,16.993
png,sex_m,age_aggregate_y25_54,geo_cov_rur,2022,16.889
png,sex_m,age_aggregate_y25_54,geo_cov_urb,2022,17.407
png,sex_m,age_aggregate_y55_64,geo_cov_nat,2022,9.431
png,sex_m,age_aggregate_y55_64,geo_cov_rur,2022,8.545
png,sex_m,age_aggregate_y55_64,geo_cov_urb,2022,13.439
png,sex_m,age_aggregate_yge65,geo_cov_nat,2022,9.44
png,sex_m,age_aggregate_yge65,geo_cov_rur,2022,9.618
png,sex_m,age_ythadult_y15_24,geo_cov_nat,2022,36.008
png,sex_m,age_ythadult_y15_24,geo_cov_rur,2022,35.016
png,sex_m,age_ythadult_y15_24,geo_cov_urb,2022,41.21
png,sex_m,age_ythadult_y15_64,geo_cov_nat,2022,20.307
png,sex_m,age_ythadult_y15_64,geo_cov_rur,2022,20.081
png,sex_m,age_ythadult_y15_64,geo_cov_urb,2022,21.265
png,sex_m,age_ythadult_yge15,geo_cov_nat,2022,19.893
png,sex_m,age_ythadult_yge15,geo_cov_rur,2022,19.67
png,sex_m,age_ythadult_yge15,geo_cov_urb,2022,20.849
png,sex_m,age_ythadult_yge25,geo_cov_nat,2022,15.833
png,sex_m,age_ythadult_yge25,geo_cov_rur,2022,15.627
png,sex_m,age_ythadult_yge25,geo_cov_urb,2022,16.671
png,sex_t,age_aggregate_total,geo_cov_nat,2022,18.687
png,sex_t,age_aggregate_total,geo_cov_rur,2022,17.858
png,sex_t,age_aggregate_total,geo_cov_urb,2022,22.172
png,sex_t,age_aggregate_y15_24,geo_cov_nat,2022,33.778
png,sex_t,age_aggregate_y15_24,geo_cov_rur,2022,31.48
png,sex_t,age_aggregate_y15_24,geo_cov_urb,2022,45.64
png,sex_t,age_aggregate_y25_54,geo_cov_nat,2022,15.733
png,sex_t,age_aggregate_y25_54,geo_cov_rur,2022,15.165
png,sex_t,age_aggregate_y25_54,geo_cov_urb,2022,17.958
png,sex_t,age_aggregate_y55_64,geo_cov_nat,2022,8.264
png,sex_t,age_aggregate_y55_64,geo_cov_rur,2022,7.095
png,sex_t,age_aggregate_y55_64,geo_cov_urb,2022,13.386
png,sex_t,age_aggregate_yge65,geo_cov_nat,2022,8.922
png,sex_t,age_aggregate_yge65,geo_cov_rur,2022,9.243
png,sex_t,age_aggregate_yge65,geo_cov_urb,2022,7.369
png,sex_t,age_ythadult_y15_24,geo_cov_nat,2022,33.778
png,sex_t,age_ythadult_y15_24,geo_cov_rur,2022,31.48
png,sex_t,age_ythadult_y15_24,geo_cov_urb,2022,45.64
png,sex_t,age_ythadult_y15_64,geo_cov_nat,2022,19.054
png,sex_t,age_ythadult_y15_64,geo_cov_rur,2022,18.191
png,sex_t,age_ythadult_y15_64,geo_cov_urb,2022,22.666
png,sex_t,age_ythadult_yge15,geo_cov_nat,2022,18.687
png,sex_t,age_ythadult_yge15,geo_cov_rur,2022,17.858
png,sex_t,age_ythadult_yge15,geo_cov_urb,2022,22.172
png,sex_t,age_ythadult_yge25,geo_cov_nat,2022,14.686
png,sex_t,age_ythadult_yge25,geo_cov_rur,2022,14.076
png,sex_t,age_ythadult_yge25,geo_cov_urb,2022,17.124
pol,sex_f,age_aggregate_total,geo_cov_nat,2003,22.119
pol,sex_f,age_aggregate_total,geo_cov_nat,2004,21.045
pol,sex_f,age_aggregate_total,geo_cov_nat,2005,20.204
pol,sex_f,age_aggregate_total,geo_cov_nat,2006,20.698
pol,sex_f,age_aggregate_total,geo_cov_nat,2007,16.046
pol,sex_f,age_aggregate_total,geo_cov_nat,2008,12.707
pol,sex_f,age_aggregate_total,geo_cov_nat,2009,13.263
pol,sex_f,age_aggregate_total,geo_cov_nat,2010,14.41
pol,sex_f,age_aggregate_total,geo_cov_nat,2011,14.669
pol,sex_f,age_aggregate_total,geo_cov_nat,2012,15.141
pol,sex_f,age_aggregate_total,geo_cov_nat,2013,15.569
pol,sex_f,age_aggregate_total,geo_cov_nat,2014,14.08
pol,sex_f,age_aggregate_total,geo_cov_nat,2015,10.956
pol,sex_f,age_aggregate_total,geo_cov_nat,2016,9.047
pol,sex_f,age_aggregate_total,geo_cov_nat,2017,7.467
pol,sex_f,age_aggregate_total,geo_cov_nat,2018,6.054
pol,sex_f,age_aggregate_total,geo_cov_nat,2019,5.448
pol,sex_f,age_aggregate_total,geo_cov_nat,2020,5.259
pol,sex_f,age_aggregate_total,geo_cov_nat,2021,5.101
pol,sex_f,age_aggregate_total,geo_cov_nat,2022,4.29
pol,sex_f,age_aggregate_total,geo_cov_nat,2023,4.148
pol,sex_f,age_aggregate_total,geo_cov_nat,2024,4.41
pol,sex_f,age_aggregate_total,geo_cov_rur,2003,20.241
pol,sex_f,age_aggregate_total,geo_cov_rur,2004,19.962
pol,sex_f,age_aggregate_total,geo_cov_rur,2005,19.211
pol,sex_f,age_aggregate_total,geo_cov_rur,2006,21.956
pol,sex_f,age_aggregate_total,geo_cov_rur,2007,16.954
pol,sex_f,age_aggregate_total,geo_cov_rur,2008,14.062
pol,sex_f,age_aggregate_total,geo_cov_rur,2009,15.464
pol,sex_f,age_aggregate_total,geo_cov_rur,2010,15.709
pol,sex_f,age_aggregate_total,geo_cov_rur,2011,16.303
pol,sex_f,age_aggregate_total,geo_cov_rur,2012,16.573
pol,sex_f,age_aggregate_total,geo_cov_rur,2013,17.322
pol,sex_f,age_aggregate_total,geo_cov_rur,2014,15.432
pol,sex_f,age_aggregate_total,geo_cov_rur,2015,12.115
pol,sex_f,age_aggregate_total,geo_cov_rur,2016,10.074
pol,sex_f,age_aggregate_total,geo_cov_rur,2017,8.142
pol,sex_f,age_aggregate_total,geo_cov_rur,2018,7.176
pol,sex_f,age_aggregate_total,geo_cov_rur,2019,6.189
pol,sex_f,age_aggregate_total,geo_cov_rur,2020,6.032
pol,sex_f,age_aggregate_total,geo_cov_rur,2021,6.206
pol,sex_f,age_aggregate_total,geo_cov_rur,2022,5.424
pol,sex_f,age_aggregate_total,geo_cov_rur,2023,4.909
pol,sex_f,age_aggregate_total,geo_cov_rur,2024,5.027
pol,sex_f,age_aggregate_total,geo_cov_urb,2003,23.164
pol,sex_f,age_aggregate_total,geo_cov_urb,2004,21.653
pol,sex_f,age_aggregate_total,geo_cov_urb,2005,20.768
pol,sex_f,age_aggregate_total,geo_cov_urb,2006,19.704
pol,sex_f,age_aggregate_total,geo_cov_urb,2007,15.338
pol,sex_f,age_aggregate_total,geo_cov_urb,2008,11.678
pol,sex_f,age_aggregate_total,geo_cov_urb,2009,11.611
pol,sex_f,age_aggregate_total,geo_cov_urb,2010,13.438
pol,sex_f,age_aggregate_total,geo_cov_urb,2011,13.489
pol,sex_f,age_aggregate_total,geo_cov_urb,2012,14.258
pol,sex_f,age_aggregate_total,geo_cov_urb,2013,14.488
pol,sex_f,age_aggregate_total,geo_cov_urb,2014,13.248
pol,sex_f,age_aggregate_total,geo_cov_urb,2015,10.283
pol,sex_f,age_aggregate_total,geo_cov_urb,2016,8.433
pol,sex_f,age_aggregate_total,geo_cov_urb,2017,7.06
pol,sex_f,age_aggregate_total,geo_cov_urb,2018,5.376
pol,sex_f,age_aggregate_total,geo_cov_urb,2019,5.003
pol,sex_f,age_aggregate_total,geo_cov_urb,2020,4.791
pol,sex_f,age_aggregate_total,geo_cov_urb,2021,4.568
pol,sex_f,age_aggregate_total,geo_cov_urb,2022,3.717
pol,sex_f,age_aggregate_total,geo_cov_urb,2023,3.765
pol,sex_f,age_aggregate_total,geo_cov_urb,2024,4.103
pol,sex_f,age_aggregate_y15_24,geo_cov_nat,2003,46.562
pol,sex_f,age_aggregate_y15_24,geo_cov_nat,2004,44.758
pol,sex_f,age_aggregate_y15_24,geo_cov_nat,2005,40.572
pol,sex_f,age_aggregate_y15_24,geo_cov_nat,2006,37.929
pol,sex_f,age_aggregate_y15_24,geo_cov_nat,2007,30.766
pol,sex_f,age_aggregate_y15_24,geo_cov_nat,2008,25.887
pol,sex_f,age_aggregate_y15_24,geo_cov_nat,2009,27.567
pol,sex_f,age_aggregate_y15_24,geo_cov_nat,2010,31.419
pol,sex_f,age_aggregate_y15_24,geo_cov_nat,2011,35.081
pol,sex_f,age_aggregate_y15_24,geo_cov_nat,2012,36.09
pol,sex_f,age_aggregate_y15_24,geo_cov_nat,2013,36.42
pol,sex_f,age_aggregate_y15_24,geo_cov_nat,2014,31.844
pol,sex_f,age_aggregate_y15_24,geo_cov_nat,2015,24.128
pol,sex_f,age_aggregate_y15_24,geo_cov_nat,2016,20.085
pol,sex_f,age_aggregate_y15_24,geo_cov_nat,2017,17.578
pol,sex_f,age_aggregate_y15_24,geo_cov_nat,2018,14.842
pol,sex_f,age_aggregate_y15_24,geo_cov_nat,2019,12.409
pol,sex_f,age_aggregate_y15_24,geo_cov_nat,2020,14.355
pol,sex_f,age_aggregate_y15_24,geo_cov_nat,2021,16.648
pol,sex_f,age_aggregate_y15_24,geo_cov_nat,2022,14.499
pol,sex_f,age_aggregate_y15_24,geo_cov_nat,2023,14.408
pol,sex_f,age_aggregate_y15_24,geo_cov_nat,2024,13.95
pol,sex_f,age_aggregate_y15_24,geo_cov_rur,2003,44.006
pol,sex_f,age_aggregate_y15_24,geo_cov_rur,2004,42.679
pol,sex_f,age_aggregate_y15_24,geo_cov_rur,2005,37.509
pol,sex_f,age_aggregate_y15_24,geo_cov_rur,2006,39.268
pol,sex_f,age_aggregate_y15_24,geo_cov_rur,2007,32.152
pol,sex_f,age_aggregate_y15_24,geo_cov_rur,2008,28.606
pol,sex_f,age_aggregate_y15_24,geo_cov_rur,2009,31.242
pol,sex_f,age_aggregate_y15_24,geo_cov_rur,2010,32.571
pol,sex_f,age_aggregate_y15_24,geo_cov_rur,2011,38.229
pol,sex_f,age_aggregate_y15_24,geo_cov_rur,2012,39.324
pol,sex_f,age_aggregate_y15_24,geo_cov_rur,2013,39.843
pol,sex_f,age_aggregate_y15_24,geo_cov_rur,2014,35.773
pol,sex_f,age_aggregate_y15_24,geo_cov_rur,2015,27.669
pol,sex_f,age_aggregate_y15_24,geo_cov_rur,2016,21.631
pol,sex_f,age_aggregate_y15_24,geo_cov_rur,2017,18.458
pol,sex_f,age_aggregate_y15_24,geo_cov_rur,2018,17.335
pol,sex_f,age_aggregate_y15_24,geo_cov_rur,2019,13.541
pol,sex_f,age_aggregate_y15_24,geo_cov_rur,2020,16.089
pol,sex_f,age_aggregate_y15_24,geo_cov_rur,2021,20.646
pol,sex_f,age_aggregate_y15_24,geo_cov_rur,2022,16.947
pol,sex_f,age_aggregate_y15_24,geo_cov_rur,2023,17.656
pol,sex_f,age_aggregate_y15_24,geo_cov_rur,2024,16.784
pol,sex_f,age_aggregate_y15_24,geo_cov_urb,2003,48.507
pol,sex_f,age_aggregate_y15_24,geo_cov_urb,2004,46.417
pol,sex_f,age_aggregate_y15_24,geo_cov_urb,2005,43.048
pol,sex_f,age_aggregate_y15_24,geo_cov_urb,2006,36.608
pol,sex_f,age_aggregate_y15_24,geo_cov_urb,2007,29.432
pol,sex_f,age_aggregate_y15_24,geo_cov_urb,2008,23.273
pol,sex_f,age_aggregate_y15_24,geo_cov_urb,2009,23.846
pol,sex_f,age_aggregate_y15_24,geo_cov_urb,2010,30.361
pol,sex_f,age_aggregate_y15_24,geo_cov_urb,2011,32.217
pol,sex_f,age_aggregate_y15_24,geo_cov_urb,2012,33.306
pol,sex_f,age_aggregate_y15_24,geo_cov_urb,2013,33.281
pol,sex_f,age_aggregate_y15_24,geo_cov_urb,2014,28.27
pol,sex_f,age_aggregate_y15_24,geo_cov_urb,2015,20.621
pol,sex_f,age_aggregate_y15_24,geo_cov_urb,2016,18.297
pol,sex_f,age_aggregate_y15_24,geo_cov_urb,2017,16.574
pol,sex_f,age_aggregate_y15_24,geo_cov_urb,2018,12.165
pol,sex_f,age_aggregate_y15_24,geo_cov_urb,2019,11.197
pol,sex_f,age_aggregate_y15_24,geo_cov_urb,2020,12.46
pol,sex_f,age_aggregate_y15_24,geo_cov_urb,2021,13.871
pol,sex_f,age_aggregate_y15_24,geo_cov_urb,2022,12.755
pol,sex_f,age_aggregate_y15_24,geo_cov_urb,2023,11.998
pol,sex_f,age_aggregate_y15_24,geo_cov_urb,2024,11.881
pol,sex_f,age_aggregate_y25_54,geo_cov_nat,2003,19.92
pol,sex_f,age_aggregate_y25_54,geo_cov_nat,2004,19.051
pol,sex_f,age_aggregate_y25_54,geo_cov_nat,2005,18.732
pol,sex_f,age_aggregate_y25_54,geo_cov_nat,2006,18.157
pol,sex_f,age_aggregate_y25_54,geo_cov_nat,2007,13.572
pol,sex_f,age_aggregate_y25_54,geo_cov_nat,2008,10.641
pol,sex_f,age_aggregate_y25_54,geo_cov_nat,2009,11.142
pol,sex_f,age_aggregate_y25_54,geo_cov_nat,2010,11.98
pol,sex_f,age_aggregate_y25_54,geo_cov_nat,2011,12.355
pol,sex_f,age_aggregate_y25_54,geo_cov_nat,2012,12.829
pol,sex_f,age_aggregate_y25_54,geo_cov_nat,2013,13.4
pol,sex_f,age_aggregate_y25_54,geo_cov_nat,2014,12.227
pol,sex_f,age_aggregate_y25_54,geo_cov_nat,2015,10.026
pol,sex_f,age_aggregate_y25_54,geo_cov_nat,2016,8.326
pol,sex_f,age_aggregate_y25_54,geo_cov_nat,2017,6.799
pol,sex_f,age_aggregate_y25_54,geo_cov_nat,2018,5.592
pol,sex_f,age_aggregate_y25_54,geo_cov_nat,2019,5.17
pol,sex_f,age_aggregate_y25_54,geo_cov_nat,2020,4.926
pol,sex_f,age_aggregate_y25_54,geo_cov_nat,2021,4.438
pol,sex_f,age_aggregate_y25_54,geo_cov_nat,2022,3.799
pol,sex_f,age_aggregate_y25_54,geo_cov_nat,2023,3.524
pol,sex_f,age_aggregate_y25_54,geo_cov_nat,2024,3.915
pol,sex_f,age_aggregate_y25_54,geo_cov_rur,2003,18.115
pol,sex_f,age_aggregate_y25_54,geo_cov_rur,2004,17.978
pol,sex_f,age_aggregate_y25_54,geo_cov_rur,2005,17.968
pol,sex_f,age_aggregate_y25_54,geo_cov_rur,2006,19.674
pol,sex_f,age_aggregate_y25_54,geo_cov_rur,2007,14.774
pol,sex_f,age_aggregate_y25_54,geo_cov_rur,2008,12.014
pol,sex_f,age_aggregate_y25_54,geo_cov_rur,2009,12.979
pol,sex_f,age_aggregate_y25_54,geo_cov_rur,2010,13.39
pol,sex_f,age_aggregate_y25_54,geo_cov_rur,2011,13.674
pol,sex_f,age_aggregate_y25_54,geo_cov_rur,2012,14.045
pol,sex_f,age_aggregate_y25_54,geo_cov_rur,2013,14.953
pol,sex_f,age_aggregate_y25_54,geo_cov_rur,2014,13.351
pol,sex_f,age_aggregate_y25_54,geo_cov_rur,2015,10.734
pol,sex_f,age_aggregate_y25_54,geo_cov_rur,2016,8.919
pol,sex_f,age_aggregate_y25_54,geo_cov_rur,2017,7.22
pol,sex_f,age_aggregate_y25_54,geo_cov_rur,2018,6.362
pol,sex_f,age_aggregate_y25_54,geo_cov_rur,2019,5.724
pol,sex_f,age_aggregate_y25_54,geo_cov_rur,2020,5.535
pol,sex_f,age_aggregate_y25_54,geo_cov_rur,2021,5.183
pol,sex_f,age_aggregate_y25_54,geo_cov_rur,2022,4.849
pol,sex_f,age_aggregate_y25_54,geo_cov_rur,2023,3.925
pol,sex_f,age_aggregate_y25_54,geo_cov_rur,2024,4.199
pol,sex_f,age_aggregate_y25_54,geo_cov_urb,2003,20.844
pol,sex_f,age_aggregate_y25_54,geo_cov_urb,2004,19.605
pol,sex_f,age_aggregate_y25_54,geo_cov_urb,2005,19.137
pol,sex_f,age_aggregate_y25_54,geo_cov_urb,2006,16.975
pol,sex_f,age_aggregate_y25_54,geo_cov_urb,2007,12.656
pol,sex_f,age_aggregate_y25_54,geo_cov_urb,2008,9.619
pol,sex_f,age_aggregate_y25_54,geo_cov_urb,2009,9.785
pol,sex_f,age_aggregate_y25_54,geo_cov_urb,2010,10.915
pol,sex_f,age_aggregate_y25_54,geo_cov_urb,2011,11.397
pol,sex_f,age_aggregate_y25_54,geo_cov_urb,2012,12.079
pol,sex_f,age_aggregate_y25_54,geo_cov_urb,2013,12.441
pol,sex_f,age_aggregate_y25_54,geo_cov_urb,2014,11.533
pol,sex_f,age_aggregate_y25_54,geo_cov_urb,2015,9.61
pol,sex_f,age_aggregate_y25_54,geo_cov_urb,2016,7.973
pol,sex_f,age_aggregate_y25_54,geo_cov_urb,2017,6.547
pol,sex_f,age_aggregate_y25_54,geo_cov_urb,2018,5.129
pol,sex_f,age_aggregate_y25_54,geo_cov_urb,2019,4.838
pol,sex_f,age_aggregate_y25_54,geo_cov_urb,2020,4.557
pol,sex_f,age_aggregate_y25_54,geo_cov_urb,2021,4.08
pol,sex_f,age_aggregate_y25_54,geo_cov_urb,2022,3.269
pol,sex_f,age_aggregate_y25_54,geo_cov_urb,2023,3.324
pol,sex_f,age_aggregate_y25_54,geo_cov_urb,2024,3.775
pol,sex_f,age_aggregate_y55_64,geo_cov_nat,2003,10.977
pol,sex_f,age_aggregate_y55_64,geo_cov_nat,2004,10.179
pol,sex_f,age_aggregate_y55_64,geo_cov_nat,2005,9.656
pol,sex_f,age_aggregate_y55_64,geo_cov_nat,2006,21.623
pol,sex_f,age_aggregate_y55_64,geo_cov_nat,2007,20.45
pol,sex_f,age_aggregate_y55_64,geo_cov_nat,2008,15.937
pol,sex_f,age_aggregate_y55_64,geo_cov_nat,2009,16.326
pol,sex_f,age_aggregate_y55_64,geo_cov_nat,2010,16.906
pol,sex_f,age_aggregate_y55_64,geo_cov_nat,2011,15.018
pol,sex_f,age_aggregate_y55_64,geo_cov_nat,2012,15.161
pol,sex_f,age_aggregate_y55_64,geo_cov_nat,2013,15.38
pol,sex_f,age_aggregate_y55_64,geo_cov_nat,2014,14.132
pol,sex_f,age_aggregate_y55_64,geo_cov_nat,2015,10.008
pol,sex_f,age_aggregate_y55_64,geo_cov_nat,2016,7.666
pol,sex_f,age_aggregate_y55_64,geo_cov_nat,2017,6.461
pol,sex_f,age_aggregate_y55_64,geo_cov_nat,2018,4.473
pol,sex_f,age_aggregate_y55_64,geo_cov_nat,2019,3.858
pol,sex_f,age_aggregate_y55_64,geo_cov_nat,2020,3.521
pol,sex_f,age_aggregate_y55_64,geo_cov_nat,2021,3.817
pol,sex_f,age_aggregate_y55_64,geo_cov_nat,2022,2.736
pol,sex_f,age_aggregate_y55_64,geo_cov_nat,2023,3.027
pol,sex_f,age_aggregate_y55_64,geo_cov_nat,2024,2.895
pol,sex_f,age_aggregate_y55_64,geo_cov_rur,2003,4.469
pol,sex_f,age_aggregate_y55_64,geo_cov_rur,2004,5.386
pol,sex_f,age_aggregate_y55_64,geo_cov_rur,2005,4.776
pol,sex_f,age_aggregate_y55_64,geo_cov_rur,2006,17.687
pol,sex_f,age_aggregate_y55_64,geo_cov_rur,2007,17.453
pol,sex_f,age_aggregate_y55_64,geo_cov_rur,2008,14.414
pol,sex_f,age_aggregate_y55_64,geo_cov_rur,2009,18.154
pol,sex_f,age_aggregate_y55_64,geo_cov_rur,2010,16.422
pol,sex_f,age_aggregate_y55_64,geo_cov_rur,2011,15.435
pol,sex_f,age_aggregate_y55_64,geo_cov_rur,2012,13.889
pol,sex_f,age_aggregate_y55_64,geo_cov_rur,2013,14.103
pol,sex_f,age_aggregate_y55_64,geo_cov_rur,2014,12.622
pol,sex_f,age_aggregate_y55_64,geo_cov_rur,2015,9.452
pol,sex_f,age_aggregate_y55_64,geo_cov_rur,2016,8.008
pol,sex_f,age_aggregate_y55_64,geo_cov_rur,2017,5.996
pol,sex_f,age_aggregate_y55_64,geo_cov_rur,2018,4.542
pol,sex_f,age_aggregate_y55_64,geo_cov_rur,2019,3.689
pol,sex_f,age_aggregate_y55_64,geo_cov_rur,2020,2.745
pol,sex_f,age_aggregate_y55_64,geo_cov_rur,2021,4.312
pol,sex_f,age_aggregate_y55_64,geo_cov_rur,2022,2.656
pol,sex_f,age_aggregate_y55_64,geo_cov_rur,2023,3.344
pol,sex_f,age_aggregate_y55_64,geo_cov_rur,2024,2.836
pol,sex_f,age_aggregate_y55_64,geo_cov_urb,2003,14.963
pol,sex_f,age_aggregate_y55_64,geo_cov_urb,2004,13.012
pol,sex_f,age_aggregate_y55_64,geo_cov_urb,2005,12.317
pol,sex_f,age_aggregate_y55_64,geo_cov_urb,2006,24.131
pol,sex_f,age_aggregate_y55_64,geo_cov_urb,2007,22.571
pol,sex_f,age_aggregate_y55_64,geo_cov_urb,2008,16.925
pol,sex_f,age_aggregate_y55_64,geo_cov_urb,2009,15.188
pol,sex_f,age_aggregate_y55_64,geo_cov_urb,2010,17.185
pol,sex_f,age_aggregate_y55_64,geo_cov_urb,2011,14.772
pol,sex_f,age_aggregate_y55_64,geo_cov_urb,2012,15.77
pol,sex_f,age_aggregate_y55_64,geo_cov_urb,2013,15.995
pol,sex_f,age_aggregate_y55_64,geo_cov_urb,2014,14.867
pol,sex_f,age_aggregate_y55_64,geo_cov_urb,2015,10.238
pol,sex_f,age_aggregate_y55_64,geo_cov_urb,2016,7.514
pol,sex_f,age_aggregate_y55_64,geo_cov_urb,2017,6.677
pol,sex_f,age_aggregate_y55_64,geo_cov_urb,2018,4.44
pol,sex_f,age_aggregate_y55_64,geo_cov_urb,2019,3.94
pol,sex_f,age_aggregate_y55_64,geo_cov_urb,2020,3.907
pol,sex_f,age_aggregate_y55_64,geo_cov_urb,2021,3.59
pol,sex_f,age_aggregate_y55_64,geo_cov_urb,2022,2.774
pol,sex_f,age_aggregate_y55_64,geo_cov_urb,2023,2.87
pol,sex_f,age_aggregate_y55_64,geo_cov_urb,2024,2.925
pol,sex_f,age_aggregate_yge65,geo_cov_nat,2003,1.499
pol,sex_f,age_aggregate_yge65,geo_cov_nat,2004,1.785
pol,sex_f,age_aggregate_yge65,geo_cov_nat,2005,1.744
pol,sex_f,age_aggregate_yge65,geo_cov_nat,2006,17.283
pol,sex_f,age_aggregate_yge65,geo_cov_nat,2007,20.239
pol,sex_f,age_aggregate_yge65,geo_cov_nat,2008,15.252
pol,sex_f,age_aggregate_yge65,geo_cov_nat,2009,15.284
pol,sex_f,age_aggregate_yge65,geo_cov_nat,2010,16.067
pol,sex_f,age_aggregate_yge65,geo_cov_nat,2011,11.668
pol,sex_f,age_aggregate_yge65,geo_cov_nat,2012,15.093
pol,sex_f,age_aggregate_yge65,geo_cov_nat,2013,16.236
pol,sex_f,age_aggregate_yge65,geo_cov_nat,2014,15.193
pol,sex_f,age_aggregate_yge65,geo_cov_nat,2015,5.313
pol,sex_f,age_aggregate_yge65,geo_cov_nat,2016,5.602
pol,sex_f,age_aggregate_yge65,geo_cov_nat,2017,3.312
pol,sex_f,age_aggregate_yge65,geo_cov_nat,2018,2.833
pol,sex_f,age_aggregate_yge65,geo_cov_nat,2019,2.318
pol,sex_f,age_aggregate_yge65,geo_cov_nat,2020,2.568
pol,sex_f,age_aggregate_yge65,geo_cov_nat,2021,5.535
pol,sex_f,age_aggregate_yge65,geo_cov_nat,2022,4.084
pol,sex_f,age_aggregate_yge65,geo_cov_nat,2023,4.72
pol,sex_f,age_aggregate_yge65,geo_cov_nat,2024,3.828
pol,sex_f,age_aggregate_yge65,geo_cov_rur,2006,4.519
pol,sex_f,age_aggregate_yge65,geo_cov_rur,2007,5.985
pol,sex_f,age_aggregate_yge65,geo_cov_rur,2008,5.449
pol,sex_f,age_aggregate_yge65,geo_cov_rur,2009,9.944
pol,sex_f,age_aggregate_yge65,geo_cov_rur,2010,10.718
pol,sex_f,age_aggregate_yge65,geo_cov_rur,2011,10.377
pol,sex_f,age_aggregate_yge65,geo_cov_rur,2012,6.601
pol,sex_f,age_aggregate_yge65,geo_cov_rur,2013,8.095
pol,sex_f,age_aggregate_yge65,geo_cov_rur,2014,7.758
pol,sex_f,age_aggregate_yge65,geo_cov_rur,2015,1.529
pol,sex_f,age_aggregate_yge65,geo_cov_rur,2016,2.878
pol,sex_f,age_aggregate_yge65,geo_cov_rur,2018,1.973
pol,sex_f,age_aggregate_yge65,geo_cov_rur,2020,1.348
pol,sex_f,age_aggregate_yge65,geo_cov_rur,2021,3.971
pol,sex_f,age_aggregate_yge65,geo_cov_rur,2022,3.203
pol,sex_f,age_aggregate_yge65,geo_cov_rur,2023,3.327
pol,sex_f,age_aggregate_yge65,geo_cov_rur,2024,4.479
pol,sex_f,age_aggregate_yge65,geo_cov_urb,2003,4.409
pol,sex_f,age_aggregate_yge65,geo_cov_urb,2004,5.659
pol,sex_f,age_aggregate_yge65,geo_cov_urb,2005,4.534
pol,sex_f,age_aggregate_yge65,geo_cov_urb,2006,25.947
pol,sex_f,age_aggregate_yge65,geo_cov_urb,2007,32.898
pol,sex_f,age_aggregate_yge65,geo_cov_urb,2008,24.567
pol,sex_f,age_aggregate_yge65,geo_cov_urb,2009,18.642
pol,sex_f,age_aggregate_yge65,geo_cov_urb,2010,18.966
pol,sex_f,age_aggregate_yge65,geo_cov_urb,2011,12.352
pol,sex_f,age_aggregate_yge65,geo_cov_urb,2012,19.783
pol,sex_f,age_aggregate_yge65,geo_cov_urb,2013,19.908
pol,sex_f,age_aggregate_yge65,geo_cov_urb,2014,18.139
pol,sex_f,age_aggregate_yge65,geo_cov_urb,2015,6.809
pol,sex_f,age_aggregate_yge65,geo_cov_urb,2016,6.62
pol,sex_f,age_aggregate_yge65,geo_cov_urb,2017,4.091
pol,sex_f,age_aggregate_yge65,geo_cov_urb,2018,3.143
pol,sex_f,age_aggregate_yge65,geo_cov_urb,2019,2.638
pol,sex_f,age_aggregate_yge65,geo_cov_urb,2020,2.948
pol,sex_f,age_aggregate_yge65,geo_cov_urb,2021,5.906
pol,sex_f,age_aggregate_yge65,geo_cov_urb,2022,4.287
pol,sex_f,age_aggregate_yge65,geo_cov_urb,2023,4.999
pol,sex_f,age_aggregate_yge65,geo_cov_urb,2024,3.696
pol,sex_f,age_ythadult_y15_24,geo_cov_nat,2003,46.562
pol,sex_f,age_ythadult_y15_24,geo_cov_nat,2004,44.758
pol,sex_f,age_ythadult_y15_24,geo_cov_nat,2005,40.572
pol,sex_f,age_ythadult_y15_24,geo_cov_nat,2006,37.929
pol,sex_f,age_ythadult_y15_24,geo_cov_nat,2007,30.766
pol,sex_f,age_ythadult_y15_24,geo_cov_nat,2008,25.887
pol,sex_f,age_ythadult_y15_24,geo_cov_nat,2009,27.567
pol,sex_f,age_ythadult_y15_24,geo_cov_nat,2010,31.419
pol,sex_f,age_ythadult_y15_24,geo_cov_nat,2011,35.081
pol,sex_f,age_ythadult_y15_24,geo_cov_nat,2012,36.09
pol,sex_f,age_ythadult_y15_24,geo_cov_nat,2013,36.42
pol,sex_f,age_ythadult_y15_24,geo_cov_nat,2014,31.844
pol,sex_f,age_ythadult_y15_24,geo_cov_nat,2015,24.128
pol,sex_f,age_ythadult_y15_24,geo_cov_nat,2016,20.085
pol,sex_f,age_ythadult_y15_24,geo_cov_nat,2017,17.578
pol,sex_f,age_ythadult_y15_24,geo_cov_nat,2018,14.842
pol,sex_f,age_ythadult_y15_24,geo_cov_nat,2019,12.409
pol,sex_f,age_ythadult_y15_24,geo_cov_nat,2020,14.355
pol,sex_f,age_ythadult_y15_24,geo_cov_nat,2021,16.648
pol,sex_f,age_ythadult_y15_24,geo_cov_nat,2022,14.499
pol,sex_f,age_ythadult_y15_24,geo_cov_nat,2023,14.408
pol,sex_f,age_ythadult_y15_24,geo_cov_nat,2024,13.95
pol,sex_f,age_ythadult_y15_24,geo_cov_rur,2003,44.006
pol,sex_f,age_ythadult_y15_24,geo_cov_rur,2004,42.679
pol,sex_f,age_ythadult_y15_24,geo_cov_rur,2005,37.509
pol,sex_f,age_ythadult_y15_24,geo_cov_rur,2006,39.268
pol,sex_f,age_ythadult_y15_24,geo_cov_rur,2007,32.152
pol,sex_f,age_ythadult_y15_24,geo_cov_rur,2008,28.606
pol,sex_f,age_ythadult_y15_24,geo_cov_rur,2009,31.242
pol,sex_f,age_ythadult_y15_24,geo_cov_rur,2010,32.571
pol,sex_f,age_ythadult_y15_24,geo_cov_rur,2011,38.229
pol,sex_f,age_ythadult_y15_24,geo_cov_rur,2012,39.324
pol,sex_f,age_ythadult_y15_24,geo_cov_rur,2013,39.843
pol,sex_f,age_ythadult_y15_24,geo_cov_rur,2014,35.773
pol,sex_f,age_ythadult_y15_24,geo_cov_rur,2015,27.669
pol,sex_f,age_ythadult_y15_24,geo_cov_rur,2016,21.631
pol,sex_f,age_ythadult_y15_24,geo_cov_rur,2017,18.458
pol,sex_f,age_ythadult_y15_24,geo_cov_rur,2018,17.335
pol,sex_f,age_ythadult_y15_24,geo_cov_rur,2019,13.541
pol,sex_f,age_ythadult_y15_24,geo_cov_rur,2020,16.089
pol,sex_f,age_ythadult_y15_24,geo_cov_rur,2021,20.646
pol,sex_f,age_ythadult_y15_24,geo_cov_rur,2022,16.947
pol,sex_f,age_ythadult_y15_24,geo_cov_rur,2023,17.656
pol,sex_f,age_ythadult_y15_24,geo_cov_rur,2024,16.784
pol,sex_f,age_ythadult_y15_24,geo_cov_urb,2003,48.507
pol,sex_f,age_ythadult_y15_24,geo_cov_urb,2004,46.417
pol,sex_f,age_ythadult_y15_24,geo_cov_urb,2005,43.048
pol,sex_f,age_ythadult_y15_24,geo_cov_urb,2006,36.608
pol,sex_f,age_ythadult_y15_24,geo_cov_urb,2007,29.432
pol,sex_f,age_ythadult_y15_24,geo_cov_urb,2008,23.273
pol,sex_f,age_ythadult_y15_24,geo_cov_urb,2009,23.846
pol,sex_f,age_ythadult_y15_24,geo_cov_urb,2010,30.361
pol,sex_f,age_ythadult_y15_24,geo_cov_urb,2011,32.217
pol,sex_f,age_ythadult_y15_24,geo_cov_urb,2012,33.306
pol,sex_f,age_ythadult_y15_24,geo_cov_urb,2013,33.281
pol,sex_f,age_ythadult_y15_24,geo_cov_urb,2014,28.27
pol,sex_f,age_ythadult_y15_24,geo_cov_urb,2015,20.621
pol,sex_f,age_ythadult_y15_24,geo_cov_urb,2016,18.297
pol,sex_f,age_ythadult_y15_24,geo_cov_urb,2017,16.574
pol,sex_f,age_ythadult_y15_24,geo_cov_urb,2018,12.165
pol,sex_f,age_ythadult_y15_24,geo_cov_urb,2019,11.197
pol,sex_f,age_ythadult_y15_24,geo_cov_urb,2020,12.46
pol,sex_f,age_ythadult_y15_24,geo_cov_urb,2021,13.871
pol,sex_f,age_ythadult_y15_24,geo_cov_urb,2022,12.755
pol,sex_f,age_ythadult_y15_24,geo_cov_urb,2023,11.998
pol,sex_f,age_ythadult_y15_24,geo_cov_urb,2024,11.881
pol,sex_f,age_ythadult_y15_64,geo_cov_nat,2003,22.488
pol,sex_f,age_ythadult_y15_64,geo_cov_nat,2004,21.378
pol,sex_f,age_ythadult_y15_64,geo_cov_nat,2005,20.502
pol,sex_f,age_ythadult_y15_64,geo_cov_nat,2006,20.75
pol,sex_f,age_ythadult_y15_64,geo_cov_nat,2007,15.981
pol,sex_f,age_ythadult_y15_64,geo_cov_nat,2008,12.67
pol,sex_f,age_ythadult_y15_64,geo_cov_nat,2009,13.235
pol,sex_f,age_ythadult_y15_64,geo_cov_nat,2010,14.387
pol,sex_f,age_ythadult_y15_64,geo_cov_nat,2011,14.71
pol,sex_f,age_ythadult_y15_64,geo_cov_nat,2012,15.142
pol,sex_f,age_ythadult_y15_64,geo_cov_nat,2013,15.56
pol,sex_f,age_ythadult_y15_64,geo_cov_nat,2014,14.063
pol,sex_f,age_ythadult_y15_64,geo_cov_nat,2015,11.027
pol,sex_f,age_ythadult_y15_64,geo_cov_nat,2016,9.092
pol,sex_f,age_ythadult_y15_64,geo_cov_nat,2017,7.532
pol,sex_f,age_ythadult_y15_64,geo_cov_nat,2018,6.107
pol,sex_f,age_ythadult_y15_64,geo_cov_nat,2019,5.505
pol,sex_f,age_ythadult_y15_64,geo_cov_nat,2020,5.313
pol,sex_f,age_ythadult_y15_64,geo_cov_nat,2021,5.091
pol,sex_f,age_ythadult_y15_64,geo_cov_nat,2022,4.294
pol,sex_f,age_ythadult_y15_64,geo_cov_nat,2023,4.136
pol,sex_f,age_ythadult_y15_64,geo_cov_nat,2024,4.424
pol,sex_f,age_ythadult_y15_64,geo_cov_rur,2003,20.937
pol,sex_f,age_ythadult_y15_64,geo_cov_rur,2004,20.63
pol,sex_f,age_ythadult_y15_64,geo_cov_rur,2005,19.762
pol,sex_f,age_ythadult_y15_64,geo_cov_rur,2006,22.198
pol,sex_f,age_ythadult_y15_64,geo_cov_rur,2007,17.137
pol,sex_f,age_ythadult_y15_64,geo_cov_rur,2008,14.203
pol,sex_f,age_ythadult_y15_64,geo_cov_rur,2009,15.532
pol,sex_f,age_ythadult_y15_64,geo_cov_rur,2010,15.766
pol,sex_f,age_ythadult_y15_64,geo_cov_rur,2011,16.37
pol,sex_f,age_ythadult_y15_64,geo_cov_rur,2012,16.705
pol,sex_f,age_ythadult_y15_64,geo_cov_rur,2013,17.432
pol,sex_f,age_ythadult_y15_64,geo_cov_rur,2014,15.515
pol,sex_f,age_ythadult_y15_64,geo_cov_rur,2015,12.216
pol,sex_f,age_ythadult_y15_64,geo_cov_rur,2016,10.143
pol,sex_f,age_ythadult_y15_64,geo_cov_rur,2017,8.221
pol,sex_f,age_ythadult_y15_64,geo_cov_rur,2018,7.237
pol,sex_f,age_ythadult_y15_64,geo_cov_rur,2019,6.244
pol,sex_f,age_ythadult_y15_64,geo_cov_rur,2020,6.091
pol,sex_f,age_ythadult_y15_64,geo_cov_rur,2021,6.236
pol,sex_f,age_ythadult_y15_64,geo_cov_rur,2022,5.451
pol,sex_f,age_ythadult_y15_64,geo_cov_rur,2023,4.926
pol,sex_f,age_ythadult_y15_64,geo_cov_rur,2024,5.033
pol,sex_f,age_ythadult_y15_64,geo_cov_urb,2003,23.33
pol,sex_f,age_ythadult_y15_64,geo_cov_urb,2004,21.788
pol,sex_f,age_ythadult_y15_64,geo_cov_urb,2005,20.913
pol,sex_f,age_ythadult_y15_64,geo_cov_urb,2006,19.603
pol,sex_f,age_ythadult_y15_64,geo_cov_urb,2007,15.081
pol,sex_f,age_ythadult_y15_64,geo_cov_urb,2008,11.511
pol,sex_f,age_ythadult_y15_64,geo_cov_urb,2009,11.507
pol,sex_f,age_ythadult_y15_64,geo_cov_urb,2010,13.351
pol,sex_f,age_ythadult_y15_64,geo_cov_urb,2011,13.507
pol,sex_f,age_ythadult_y15_64,geo_cov_urb,2012,14.176
pol,sex_f,age_ythadult_y15_64,geo_cov_urb,2013,14.4
pol,sex_f,age_ythadult_y15_64,geo_cov_urb,2014,13.166
pol,sex_f,age_ythadult_y15_64,geo_cov_urb,2015,10.332
pol,sex_f,age_ythadult_y15_64,geo_cov_urb,2016,8.461
pol,sex_f,age_ythadult_y15_64,geo_cov_urb,2017,7.114
pol,sex_f,age_ythadult_y15_64,geo_cov_urb,2018,5.42
pol,sex_f,age_ythadult_y15_64,geo_cov_urb,2019,5.056
pol,sex_f,age_ythadult_y15_64,geo_cov_urb,2020,4.836
pol,sex_f,age_ythadult_y15_64,geo_cov_urb,2021,4.531
pol,sex_f,age_ythadult_y15_64,geo_cov_urb,2022,3.702
pol,sex_f,age_ythadult_y15_64,geo_cov_urb,2023,3.731
pol,sex_f,age_ythadult_y15_64,geo_cov_urb,2024,4.115
pol,sex_f,age_ythadult_yge15,geo_cov_nat,2003,22.119
pol,sex_f,age_ythadult_yge15,geo_cov_nat,2004,21.045
pol,sex_f,age_ythadult_yge15,geo_cov_nat,2005,20.204
pol,sex_f,age_ythadult_yge15,geo_cov_nat,2006,20.698
pol,sex_f,age_ythadult_yge15,geo_cov_nat,2007,16.046
pol,sex_f,age_ythadult_yge15,geo_cov_nat,2008,12.707
pol,sex_f,age_ythadult_yge15,geo_cov_nat,2009,13.263
pol,sex_f,age_ythadult_yge15,geo_cov_nat,2010,14.41
pol,sex_f,age_ythadult_yge15,geo_cov_nat,2011,14.669
pol,sex_f,age_ythadult_yge15,geo_cov_nat,2012,15.141
pol,sex_f,age_ythadult_yge15,geo_cov_nat,2013,15.569
pol,sex_f,age_ythadult_yge15,geo_cov_nat,2014,14.08
pol,sex_f,age_ythadult_yge15,geo_cov_nat,2015,10.956
pol,sex_f,age_ythadult_yge15,geo_cov_nat,2016,9.047
pol,sex_f,age_ythadult_yge15,geo_cov_nat,2017,7.467
pol,sex_f,age_ythadult_yge15,geo_cov_nat,2018,6.054
pol,sex_f,age_ythadult_yge15,geo_cov_nat,2019,5.448
pol,sex_f,age_ythadult_yge15,geo_cov_nat,2020,5.259
pol,sex_f,age_ythadult_yge15,geo_cov_nat,2021,5.101
pol,sex_f,age_ythadult_yge15,geo_cov_nat,2022,4.29
pol,sex_f,age_ythadult_yge15,geo_cov_nat,2023,4.148
pol,sex_f,age_ythadult_yge15,geo_cov_nat,2024,4.41
pol,sex_f,age_ythadult_yge15,geo_cov_rur,2003,20.241
pol,sex_f,age_ythadult_yge15,geo_cov_rur,2004,19.962
pol,sex_f,age_ythadult_yge15,geo_cov_rur,2005,19.211
pol,sex_f,age_ythadult_yge15,geo_cov_rur,2006,21.956
pol,sex_f,age_ythadult_yge15,geo_cov_rur,2007,16.954
pol,sex_f,age_ythadult_yge15,geo_cov_rur,2008,14.062
pol,sex_f,age_ythadult_yge15,geo_cov_rur,2009,15.464
pol,sex_f,age_ythadult_yge15,geo_cov_rur,2010,15.709
pol,sex_f,age_ythadult_yge15,geo_cov_rur,2011,16.303
pol,sex_f,age_ythadult_yge15,geo_cov_rur,2012,16.573
pol,sex_f,age_ythadult_yge15,geo_cov_rur,2013,17.322
pol,sex_f,age_ythadult_yge15,geo_cov_rur,2014,15.432
pol,sex_f,age_ythadult_yge15,geo_cov_rur,2015,12.115
pol,sex_f,age_ythadult_yge15,geo_cov_rur,2016,10.074
pol,sex_f,age_ythadult_yge15,geo_cov_rur,2017,8.142
pol,sex_f,age_ythadult_yge15,geo_cov_rur,2018,7.176
pol,sex_f,age_ythadult_yge15,geo_cov_rur,2019,6.189
pol,sex_f,age_ythadult_yge15,geo_cov_rur,2020,6.032
pol,sex_f,age_ythadult_yge15,geo_cov_rur,2021,6.206
pol,sex_f,age_ythadult_yge15,geo_cov_rur,2022,5.424
pol,sex_f,age_ythadult_yge15,geo_cov_rur,2023,4.909
pol,sex_f,age_ythadult_yge15,geo_cov_rur,2024,5.027
pol,sex_f,age_ythadult_yge15,geo_cov_urb,2003,23.164
pol,sex_f,age_ythadult_yge15,geo_cov_urb,2004,21.653
pol,sex_f,age_ythadult_yge15,geo_cov_urb,2005,20.768
pol,sex_f,age_ythadult_yge15,geo_cov_urb,2006,19.704
pol,sex_f,age_ythadult_yge15,geo_cov_urb,2007,15.338
pol,sex_f,age_ythadult_yge15,geo_cov_urb,2008,11.678
pol,sex_f,age_ythadult_yge15,geo_cov_urb,2009,11.611
pol,sex_f,age_ythadult_yge15,geo_cov_urb,2010,13.438
pol,sex_f,age_ythadult_yge15,geo_cov_urb,2011,13.489
pol,sex_f,age_ythadult_yge15,geo_cov_urb,2012,14.258
pol,sex_f,age_ythadult_yge15,geo_cov_urb,2013,14.488
pol,sex_f,age_ythadult_yge15,geo_cov_urb,2014,13.248
pol,sex_f,age_ythadult_yge15,geo_cov_urb,2015,10.283
pol,sex_f,age_ythadult_yge15,geo_cov_urb,2016,8.433
pol,sex_f,age_ythadult_yge15,geo_cov_urb,2017,7.06
pol,sex_f,age_ythadult_yge15,geo_cov_urb,2018,5.376
pol,sex_f,age_ythadult_yge15,geo_cov_urb,2019,5.003
pol,sex_f,age_ythadult_yge15,geo_cov_urb,2020,4.791
pol,sex_f,age_ythadult_yge15,geo_cov_urb,2021,4.568
pol,sex_f,age_ythadult_yge15,geo_cov_urb,2022,3.717
pol,sex_f,age_ythadult_yge15,geo_cov_urb,2023,3.765
pol,sex_f,age_ythadult_yge15,geo_cov_urb,2024,4.103
pol,sex_f,age_ythadult_yge25,geo_cov_nat,2003,18.96
pol,sex_f,age_ythadult_yge25,geo_cov_nat,2004,18.124
pol,sex_f,age_ythadult_yge25,geo_cov_nat,2005,17.786
pol,sex_f,age_ythadult_yge25,geo_cov_nat,2006,18.394
pol,sex_f,age_ythadult_yge25,geo_cov_nat,2007,14.217
pol,sex_f,age_ythadult_yge25,geo_cov_nat,2008,11.148
pol,sex_f,age_ythadult_yge25,geo_cov_nat,2009,11.671
pol,sex_f,age_ythadult_yge25,geo_cov_nat,2010,12.564
pol,sex_f,age_ythadult_yge25,geo_cov_nat,2011,12.664
pol,sex_f,age_ythadult_yge25,geo_cov_nat,2012,13.167
pol,sex_f,age_ythadult_yge25,geo_cov_nat,2013,13.72
pol,sex_f,age_ythadult_yge25,geo_cov_nat,2014,12.55
pol,sex_f,age_ythadult_yge25,geo_cov_nat,2015,9.961
pol,sex_f,age_ythadult_yge25,geo_cov_nat,2016,8.186
pol,sex_f,age_ythadult_yge25,geo_cov_nat,2017,6.689
pol,sex_f,age_ythadult_yge25,geo_cov_nat,2018,5.377
pol,sex_f,age_ythadult_yge25,geo_cov_nat,2019,4.925
pol,sex_f,age_ythadult_yge25,geo_cov_nat,2020,4.671
pol,sex_f,age_ythadult_yge25,geo_cov_nat,2021,4.374
pol,sex_f,age_ythadult_yge25,geo_cov_nat,2022,3.654
pol,sex_f,age_ythadult_yge25,geo_cov_nat,2023,3.48
pol,sex_f,age_ythadult_yge25,geo_cov_nat,2024,3.766
pol,sex_f,age_ythadult_yge25,geo_cov_rur,2003,16.426
pol,sex_f,age_ythadult_yge25,geo_cov_rur,2004,16.401
pol,sex_f,age_ythadult_yge25,geo_cov_rur,2005,16.454
pol,sex_f,age_ythadult_yge25,geo_cov_rur,2006,19.305
pol,sex_f,age_ythadult_yge25,geo_cov_rur,2007,14.808
pol,sex_f,age_ythadult_yge25,geo_cov_rur,2008,12.077
pol,sex_f,age_ythadult_yge25,geo_cov_rur,2009,13.363
pol,sex_f,age_ythadult_yge25,geo_cov_rur,2010,13.635
pol,sex_f,age_ythadult_yge25,geo_cov_rur,2011,13.822
pol,sex_f,age_ythadult_yge25,geo_cov_rur,2012,13.919
pol,sex_f,age_ythadult_yge25,geo_cov_rur,2013,14.76
pol,sex_f,age_ythadult_yge25,geo_cov_rur,2014,13.192
pol,sex_f,age_ythadult_yge25,geo_cov_rur,2015,10.48
pol,sex_f,age_ythadult_yge25,geo_cov_rur,2016,8.736
pol,sex_f,age_ythadult_yge25,geo_cov_rur,2017,6.979
pol,sex_f,age_ythadult_yge25,geo_cov_rur,2018,6.069
pol,sex_f,age_ythadult_yge25,geo_cov_rur,2019,5.406
pol,sex_f,age_ythadult_yge25,geo_cov_rur,2020,5.109
pol,sex_f,age_ythadult_yge25,geo_cov_rur,2021,5.042
pol,sex_f,age_ythadult_yge25,geo_cov_rur,2022,4.52
pol,sex_f,age_ythadult_yge25,geo_cov_rur,2023,3.834
pol,sex_f,age_ythadult_yge25,geo_cov_rur,2024,4.001
pol,sex_f,age_ythadult_yge25,geo_cov_urb,2003,20.312
pol,sex_f,age_ythadult_yge25,geo_cov_urb,2004,19.047
pol,sex_f,age_ythadult_yge25,geo_cov_urb,2005,18.51
pol,sex_f,age_ythadult_yge25,geo_cov_urb,2006,17.696
pol,sex_f,age_ythadult_yge25,geo_cov_urb,2007,13.768
pol,sex_f,age_ythadult_yge25,geo_cov_urb,2008,10.463
pol,sex_f,age_ythadult_yge25,geo_cov_urb,2009,10.444
pol,sex_f,age_ythadult_yge25,geo_cov_urb,2010,11.782
pol,sex_f,age_ythadult_yge25,geo_cov_urb,2011,11.846
pol,sex_f,age_ythadult_yge25,geo_cov_urb,2012,12.719
pol,sex_f,age_ythadult_yge25,geo_cov_urb,2013,13.102
pol,sex_f,age_ythadult_yge25,geo_cov_urb,2014,12.169
pol,sex_f,age_ythadult_yge25,geo_cov_urb,2015,9.672
pol,sex_f,age_ythadult_yge25,geo_cov_urb,2016,7.875
pol,sex_f,age_ythadult_yge25,geo_cov_urb,2017,6.522
pol,sex_f,age_ythadult_yge25,geo_cov_urb,2018,4.979
pol,sex_f,age_ythadult_yge25,geo_cov_urb,2019,4.648
pol,sex_f,age_ythadult_yge25,geo_cov_urb,2020,4.416
pol,sex_f,age_ythadult_yge25,geo_cov_urb,2021,4.06
pol,sex_f,age_ythadult_yge25,geo_cov_urb,2022,3.226
pol,sex_f,age_ythadult_yge25,geo_cov_urb,2023,3.306
pol,sex_f,age_ythadult_yge25,geo_cov_urb,2024,3.652
pol,sex_m,age_aggregate_total,geo_cov_nat,2003,19.86
pol,sex_m,age_aggregate_total,geo_cov_nat,2004,18.665
pol,sex_m,age_aggregate_total,geo_cov_nat,2005,17.096
pol,sex_m,age_aggregate_total,geo_cov_nat,2006,16.649
pol,sex_m,age_aggregate_total,geo_cov_nat,2007,12.653
pol,sex_m,age_aggregate_total,geo_cov_nat,2008,9.374
pol,sex_m,age_aggregate_total,geo_cov_nat,2009,10.59
pol,sex_m,age_aggregate_total,geo_cov_nat,2010,12.179
pol,sex_m,age_aggregate_total,geo_cov_nat,2011,11.836
pol,sex_m,age_aggregate_total,geo_cov_nat,2012,12.254
pol,sex_m,age_aggregate_total,geo_cov_nat,2013,12.66
pol,sex_m,age_aggregate_total,geo_cov_nat,2014,11.35
pol,sex_m,age_aggregate_total,geo_cov_nat,2015,9.484
pol,sex_m,age_aggregate_total,geo_cov_nat,2016,8.052
pol,sex_m,age_aggregate_total,geo_cov_nat,2017,6.736
pol,sex_m,age_aggregate_total,geo_cov_nat,2018,5.479
pol,sex_m,age_aggregate_total,geo_cov_nat,2019,4.438
pol,sex_m,age_aggregate_total,geo_cov_nat,2020,4.479
pol,sex_m,age_aggregate_total,geo_cov_nat,2021,4.441
pol,sex_m,age_aggregate_total,geo_cov_nat,2022,3.872
pol,sex_m,age_aggregate_total,geo_cov_nat,2023,3.762
pol,sex_m,age_aggregate_total,geo_cov_nat,2024,3.763
pol,sex_m,age_aggregate_total,geo_cov_rur,2003,18.03
pol,sex_m,age_aggregate_total,geo_cov_rur,2004,17.049
pol,sex_m,age_aggregate_total,geo_cov_rur,2005,15.085
pol,sex_m,age_aggregate_total,geo_cov_rur,2006,16.424
pol,sex_m,age_aggregate_total,geo_cov_rur,2007,12.816
pol,sex_m,age_aggregate_total,geo_cov_rur,2008,9.803
pol,sex_m,age_aggregate_total,geo_cov_rur,2009,11.458
pol,sex_m,age_aggregate_total,geo_cov_rur,2010,12.705
pol,sex_m,age_aggregate_total,geo_cov_rur,2011,12.384
pol,sex_m,age_aggregate_total,geo_cov_rur,2012,12.544
pol,sex_m,age_aggregate_total,geo_cov_rur,2013,12.838
pol,sex_m,age_aggregate_total,geo_cov_rur,2014,11.878
pol,sex_m,age_aggregate_total,geo_cov_rur,2015,9.738
pol,sex_m,age_aggregate_total,geo_cov_rur,2016,8.447
pol,sex_m,age_aggregate_total,geo_cov_rur,2017,7.247
pol,sex_m,age_aggregate_total,geo_cov_rur,2018,5.99
pol,sex_m,age_aggregate_total,geo_cov_rur,2019,4.435
pol,sex_m,age_aggregate_total,geo_cov_rur,2020,4.413
pol,sex_m,age_aggregate_total,geo_cov_rur,2021,4.478
pol,sex_m,age_aggregate_total,geo_cov_rur,2022,4.119
pol,sex_m,age_aggregate_total,geo_cov_rur,2023,4.128
pol,sex_m,age_aggregate_total,geo_cov_rur,2024,4.292
pol,sex_m,age_aggregate_total,geo_cov_urb,2003,21.053
pol,sex_m,age_aggregate_total,geo_cov_urb,2004,19.734
pol,sex_m,age_aggregate_total,geo_cov_urb,2005,18.417
pol,sex_m,age_aggregate_total,geo_cov_urb,2006,16.848
pol,sex_m,age_aggregate_total,geo_cov_urb,2007,12.511
pol,sex_m,age_aggregate_total,geo_cov_urb,2008,9.002
pol,sex_m,age_aggregate_total,geo_cov_urb,2009,9.853
pol,sex_m,age_aggregate_total,geo_cov_urb,2010,11.728
pol,sex_m,age_aggregate_total,geo_cov_urb,2011,11.383
pol,sex_m,age_aggregate_total,geo_cov_urb,2012,12.045
pol,sex_m,age_aggregate_total,geo_cov_urb,2013,12.532
pol,sex_m,age_aggregate_total,geo_cov_urb,2014,10.967
pol,sex_m,age_aggregate_total,geo_cov_urb,2015,9.305
pol,sex_m,age_aggregate_total,geo_cov_urb,2016,7.769
pol,sex_m,age_aggregate_total,geo_cov_urb,2017,6.367
pol,sex_m,age_aggregate_total,geo_cov_urb,2018,5.113
pol,sex_m,age_aggregate_total,geo_cov_urb,2019,4.439
pol,sex_m,age_aggregate_total,geo_cov_urb,2020,4.528
pol,sex_m,age_aggregate_total,geo_cov_urb,2021,4.42
pol,sex_m,age_aggregate_total,geo_cov_urb,2022,3.724
pol,sex_m,age_aggregate_total,geo_cov_urb,2023,3.544
pol,sex_m,age_aggregate_total,geo_cov_urb,2024,3.448
pol,sex_m,age_aggregate_y15_24,geo_cov_nat,2003,43.353
pol,sex_m,age_aggregate_y15_24,geo_cov_nat,2004,39.825
pol,sex_m,age_aggregate_y15_24,geo_cov_nat,2005,37.5
pol,sex_m,age_aggregate_y15_24,geo_cov_nat,2006,34.39
pol,sex_m,age_aggregate_y15_24,geo_cov_nat,2007,26.497
pol,sex_m,age_aggregate_y15_24,geo_cov_nat,2008,20.59
pol,sex_m,age_aggregate_y15_24,geo_cov_nat,2009,25.386
pol,sex_m,age_aggregate_y15_24,geo_cov_nat,2010,27.393
pol,sex_m,age_aggregate_y15_24,geo_cov_nat,2011,28.451
pol,sex_m,age_aggregate_y15_24,geo_cov_nat,2012,28.73
pol,sex_m,age_aggregate_y15_24,geo_cov_nat,2013,30.231
pol,sex_m,age_aggregate_y15_24,geo_cov_nat,2014,27.796
pol,sex_m,age_aggregate_y15_24,geo_cov_nat,2015,23.352
pol,sex_m,age_aggregate_y15_24,geo_cov_nat,2016,20.277
pol,sex_m,age_aggregate_y15_24,geo_cov_nat,2017,17.12
pol,sex_m,age_aggregate_y15_24,geo_cov_nat,2018,13.887
pol,sex_m,age_aggregate_y15_24,geo_cov_nat,2019,11.707
pol,sex_m,age_aggregate_y15_24,geo_cov_nat,2020,13.15
pol,sex_m,age_aggregate_y15_24,geo_cov_nat,2021,14.723
pol,sex_m,age_aggregate_y15_24,geo_cov_nat,2022,13.365
pol,sex_m,age_aggregate_y15_24,geo_cov_nat,2023,13.958
pol,sex_m,age_aggregate_y15_24,geo_cov_nat,2024,14.419
pol,sex_m,age_aggregate_y15_24,geo_cov_rur,2003,36.218
pol,sex_m,age_aggregate_y15_24,geo_cov_rur,2004,33.75
pol,sex_m,age_aggregate_y15_24,geo_cov_rur,2005,31.509
pol,sex_m,age_aggregate_y15_24,geo_cov_rur,2006,30.812
pol,sex_m,age_aggregate_y15_24,geo_cov_rur,2007,25.07
pol,sex_m,age_aggregate_y15_24,geo_cov_rur,2008,19.118
pol,sex_m,age_aggregate_y15_24,geo_cov_rur,2009,24.793
pol,sex_m,age_aggregate_y15_24,geo_cov_rur,2010,26.224
pol,sex_m,age_aggregate_y15_24,geo_cov_rur,2011,27.526
pol,sex_m,age_aggregate_y15_24,geo_cov_rur,2012,27.645
pol,sex_m,age_aggregate_y15_24,geo_cov_rur,2013,30.63
pol,sex_m,age_aggregate_y15_24,geo_cov_rur,2014,27.775
pol,sex_m,age_aggregate_y15_24,geo_cov_rur,2015,23.842
pol,sex_m,age_aggregate_y15_24,geo_cov_rur,2016,20.081
pol,sex_m,age_aggregate_y15_24,geo_cov_rur,2017,17.883
pol,sex_m,age_aggregate_y15_24,geo_cov_rur,2018,15.205
pol,sex_m,age_aggregate_y15_24,geo_cov_rur,2019,11.69
pol,sex_m,age_aggregate_y15_24,geo_cov_rur,2020,11.769
pol,sex_m,age_aggregate_y15_24,geo_cov_rur,2021,13.671
pol,sex_m,age_aggregate_y15_24,geo_cov_rur,2022,13.586
pol,sex_m,age_aggregate_y15_24,geo_cov_rur,2023,14.184
pol,sex_m,age_aggregate_y15_24,geo_cov_rur,2024,14.31
pol,sex_m,age_aggregate_y15_24,geo_cov_urb,2003,49.627
pol,sex_m,age_aggregate_y15_24,geo_cov_urb,2004,45.387
pol,sex_m,age_aggregate_y15_24,geo_cov_urb,2005,43.021
pol,sex_m,age_aggregate_y15_24,geo_cov_urb,2006,38.187
pol,sex_m,age_aggregate_y15_24,geo_cov_urb,2007,27.98
pol,sex_m,age_aggregate_y15_24,geo_cov_urb,2008,22.133
pol,sex_m,age_aggregate_y15_24,geo_cov_urb,2009,26.038
pol,sex_m,age_aggregate_y15_24,geo_cov_urb,2010,28.709
pol,sex_m,age_aggregate_y15_24,geo_cov_urb,2011,29.46
pol,sex_m,age_aggregate_y15_24,geo_cov_urb,2012,29.85
pol,sex_m,age_aggregate_y15_24,geo_cov_urb,2013,29.805
pol,sex_m,age_aggregate_y15_24,geo_cov_urb,2014,27.819
pol,sex_m,age_aggregate_y15_24,geo_cov_urb,2015,22.779
pol,sex_m,age_aggregate_y15_24,geo_cov_urb,2016,20.521
pol,sex_m,age_aggregate_y15_24,geo_cov_urb,2017,16.133
pol,sex_m,age_aggregate_y15_24,geo_cov_urb,2018,12.284
pol,sex_m,age_aggregate_y15_24,geo_cov_urb,2019,11.729
pol,sex_m,age_aggregate_y15_24,geo_cov_urb,2020,14.919
pol,sex_m,age_aggregate_y15_24,geo_cov_urb,2021,15.634
pol,sex_m,age_aggregate_y15_24,geo_cov_urb,2022,13.165
pol,sex_m,age_aggregate_y15_24,geo_cov_urb,2023,13.757
pol,sex_m,age_aggregate_y15_24,geo_cov_urb,2024,14.514
pol,sex_m,age_aggregate_y25_54,geo_cov_nat,2003,17.268
pol,sex_m,age_aggregate_y25_54,geo_cov_nat,2004,16.388
pol,sex_m,age_aggregate_y25_54,geo_cov_nat,2005,14.9
pol,sex_m,age_aggregate_y25_54,geo_cov_nat,2006,13.652
pol,sex_m,age_aggregate_y25_54,geo_cov_nat,2007,10.109
pol,sex_m,age_aggregate_y25_54,geo_cov_nat,2008,7.319
pol,sex_m,age_aggregate_y25_54,geo_cov_nat,2009,8.182
pol,sex_m,age_aggregate_y25_54,geo_cov_nat,2010,9.757
pol,sex_m,age_aggregate_y25_54,geo_cov_nat,2011,9.422
pol,sex_m,age_aggregate_y25_54,geo_cov_nat,2012,9.906
pol,sex_m,age_aggregate_y25_54,geo_cov_nat,2013,10.227
pol,sex_m,age_aggregate_y25_54,geo_cov_nat,2014,9.158
pol,sex_m,age_aggregate_y25_54,geo_cov_nat,2015,7.927
pol,sex_m,age_aggregate_y25_54,geo_cov_nat,2016,6.672
pol,sex_m,age_aggregate_y25_54,geo_cov_nat,2017,5.602
pol,sex_m,age_aggregate_y25_54,geo_cov_nat,2018,4.553
pol,sex_m,age_aggregate_y25_54,geo_cov_nat,2019,3.697
pol,sex_m,age_aggregate_y25_54,geo_cov_nat,2020,3.765
pol,sex_m,age_aggregate_y25_54,geo_cov_nat,2021,3.63
pol,sex_m,age_aggregate_y25_54,geo_cov_nat,2022,3.22
pol,sex_m,age_aggregate_y25_54,geo_cov_nat,2023,2.99
pol,sex_m,age_aggregate_y25_54,geo_cov_nat,2024,2.887
pol,sex_m,age_aggregate_y25_54,geo_cov_rur,2003,16.073
pol,sex_m,age_aggregate_y25_54,geo_cov_rur,2004,15.204
pol,sex_m,age_aggregate_y25_54,geo_cov_rur,2005,13.177
pol,sex_m,age_aggregate_y25_54,geo_cov_rur,2006,13.994
pol,sex_m,age_aggregate_y25_54,geo_cov_rur,2007,10.664
pol,sex_m,age_aggregate_y25_54,geo_cov_rur,2008,8.206
pol,sex_m,age_aggregate_y25_54,geo_cov_rur,2009,9.324
pol,sex_m,age_aggregate_y25_54,geo_cov_rur,2010,10.462
pol,sex_m,age_aggregate_y25_54,geo_cov_rur,2011,9.984
pol,sex_m,age_aggregate_y25_54,geo_cov_rur,2012,10.266
pol,sex_m,age_aggregate_y25_54,geo_cov_rur,2013,10.214
pol,sex_m,age_aggregate_y25_54,geo_cov_rur,2014,9.559
pol,sex_m,age_aggregate_y25_54,geo_cov_rur,2015,7.879
pol,sex_m,age_aggregate_y25_54,geo_cov_rur,2016,6.981
pol,sex_m,age_aggregate_y25_54,geo_cov_rur,2017,5.863
pol,sex_m,age_aggregate_y25_54,geo_cov_rur,2018,4.782
pol,sex_m,age_aggregate_y25_54,geo_cov_rur,2019,3.556
pol,sex_m,age_aggregate_y25_54,geo_cov_rur,2020,3.617
pol,sex_m,age_aggregate_y25_54,geo_cov_rur,2021,3.629
pol,sex_m,age_aggregate_y25_54,geo_cov_rur,2022,3.515
pol,sex_m,age_aggregate_y25_54,geo_cov_rur,2023,3.279
pol,sex_m,age_aggregate_y25_54,geo_cov_rur,2024,3.326
pol,sex_m,age_aggregate_y25_54,geo_cov_urb,2003,18.001
pol,sex_m,age_aggregate_y25_54,geo_cov_urb,2004,17.129
pol,sex_m,age_aggregate_y25_54,geo_cov_urb,2005,15.977
pol,sex_m,age_aggregate_y25_54,geo_cov_urb,2006,13.35
pol,sex_m,age_aggregate_y25_54,geo_cov_urb,2007,9.626
pol,sex_m,age_aggregate_y25_54,geo_cov_urb,2008,6.552
pol,sex_m,age_aggregate_y25_54,geo_cov_urb,2009,7.231
pol,sex_m,age_aggregate_y25_54,geo_cov_urb,2010,9.157
pol,sex_m,age_aggregate_y25_54,geo_cov_urb,2011,8.962
pol,sex_m,age_aggregate_y25_54,geo_cov_urb,2012,9.651
pol,sex_m,age_aggregate_y25_54,geo_cov_urb,2013,10.236
pol,sex_m,age_aggregate_y25_54,geo_cov_urb,2014,8.873
pol,sex_m,age_aggregate_y25_54,geo_cov_urb,2015,7.961
pol,sex_m,age_aggregate_y25_54,geo_cov_urb,2016,6.455
pol,sex_m,age_aggregate_y25_54,geo_cov_urb,2017,5.419
pol,sex_m,age_aggregate_y25_54,geo_cov_urb,2018,4.391
pol,sex_m,age_aggregate_y25_54,geo_cov_urb,2019,3.797
pol,sex_m,age_aggregate_y25_54,geo_cov_urb,2020,3.871
pol,sex_m,age_aggregate_y25_54,geo_cov_urb,2021,3.631
pol,sex_m,age_aggregate_y25_54,geo_cov_urb,2022,3.053
pol,sex_m,age_aggregate_y25_54,geo_cov_urb,2023,2.827
pol,sex_m,age_aggregate_y25_54,geo_cov_urb,2024,2.638
pol,sex_m,age_aggregate_y55_64,geo_cov_nat,2003,12.943
pol,sex_m,age_aggregate_y55_64,geo_cov_nat,2004,13.286
pol,sex_m,age_aggregate_y55_64,geo_cov_nat,2005,13.268
pol,sex_m,age_aggregate_y55_64,geo_cov_nat,2006,18.212
pol,sex_m,age_aggregate_y55_64,geo_cov_nat,2007,15.502
pol,sex_m,age_aggregate_y55_64,geo_cov_nat,2008,12.394
pol,sex_m,age_aggregate_y55_64,geo_cov_nat,2009,12.828
pol,sex_m,age_aggregate_y55_64,geo_cov_nat,2010,13.249
pol,sex_m,age_aggregate_y55_64,geo_cov_nat,2011,12.626
pol,sex_m,age_aggregate_y55_64,geo_cov_nat,2012,13.158
pol,sex_m,age_aggregate_y55_64,geo_cov_nat,2013,13.357
pol,sex_m,age_aggregate_y55_64,geo_cov_nat,2014,11.943
pol,sex_m,age_aggregate_y55_64,geo_cov_nat,2015,9.713
pol,sex_m,age_aggregate_y55_64,geo_cov_nat,2016,8.28
pol,sex_m,age_aggregate_y55_64,geo_cov_nat,2017,7.057
pol,sex_m,age_aggregate_y55_64,geo_cov_nat,2018,6.164
pol,sex_m,age_aggregate_y55_64,geo_cov_nat,2019,4.845
pol,sex_m,age_aggregate_y55_64,geo_cov_nat,2020,4.446
pol,sex_m,age_aggregate_y55_64,geo_cov_nat,2021,4.17
pol,sex_m,age_aggregate_y55_64,geo_cov_nat,2022,2.994
pol,sex_m,age_aggregate_y55_64,geo_cov_nat,2023,3.139
pol,sex_m,age_aggregate_y55_64,geo_cov_nat,2024,3.647
pol,sex_m,age_aggregate_y55_64,geo_cov_rur,2003,8.38
pol,sex_m,age_aggregate_y55_64,geo_cov_rur,2004,9.851
pol,sex_m,age_aggregate_y55_64,geo_cov_rur,2005,9.471
pol,sex_m,age_aggregate_y55_64,geo_cov_rur,2006,17.417
pol,sex_m,age_aggregate_y55_64,geo_cov_rur,2007,15.201
pol,sex_m,age_aggregate_y55_64,geo_cov_rur,2008,11.501
pol,sex_m,age_aggregate_y55_64,geo_cov_rur,2009,11.774
pol,sex_m,age_aggregate_y55_64,geo_cov_rur,2010,12.933
pol,sex_m,age_aggregate_y55_64,geo_cov_rur,2011,12.62
pol,sex_m,age_aggregate_y55_64,geo_cov_rur,2012,12.182
pol,sex_m,age_aggregate_y55_64,geo_cov_rur,2013,12.178
pol,sex_m,age_aggregate_y55_64,geo_cov_rur,2014,11.346
pol,sex_m,age_aggregate_y55_64,geo_cov_rur,2015,8.677
pol,sex_m,age_aggregate_y55_64,geo_cov_rur,2016,7.1
pol,sex_m,age_aggregate_y55_64,geo_cov_rur,2017,6.67
pol,sex_m,age_aggregate_y55_64,geo_cov_rur,2018,6.044
pol,sex_m,age_aggregate_y55_64,geo_cov_rur,2019,4.34
pol,sex_m,age_aggregate_y55_64,geo_cov_rur,2020,4.288
pol,sex_m,age_aggregate_y55_64,geo_cov_rur,2021,3.661
pol,sex_m,age_aggregate_y55_64,geo_cov_rur,2022,2.085
pol,sex_m,age_aggregate_y55_64,geo_cov_rur,2023,2.76
pol,sex_m,age_aggregate_y55_64,geo_cov_rur,2024,3.691
pol,sex_m,age_aggregate_y55_64,geo_cov_urb,2003,15.553
pol,sex_m,age_aggregate_y55_64,geo_cov_urb,2004,15.268
pol,sex_m,age_aggregate_y55_64,geo_cov_urb,2005,15.351
pol,sex_m,age_aggregate_y55_64,geo_cov_urb,2006,18.772
pol,sex_m,age_aggregate_y55_64,geo_cov_urb,2007,15.717
pol,sex_m,age_aggregate_y55_64,geo_cov_urb,2008,13.047
pol,sex_m,age_aggregate_y55_64,geo_cov_urb,2009,13.641
pol,sex_m,age_aggregate_y55_64,geo_cov_urb,2010,13.485
pol,sex_m,age_aggregate_y55_64,geo_cov_urb,2011,12.631
pol,sex_m,age_aggregate_y55_64,geo_cov_urb,2012,13.765
pol,sex_m,age_aggregate_y55_64,geo_cov_urb,2013,14.116
pol,sex_m,age_aggregate_y55_64,geo_cov_urb,2014,12.331
pol,sex_m,age_aggregate_y55_64,geo_cov_urb,2015,10.321
pol,sex_m,age_aggregate_y55_64,geo_cov_urb,2016,9.022
pol,sex_m,age_aggregate_y55_64,geo_cov_urb,2017,7.305
pol,sex_m,age_aggregate_y55_64,geo_cov_urb,2018,6.241
pol,sex_m,age_aggregate_y55_64,geo_cov_urb,2019,5.179
pol,sex_m,age_aggregate_y55_64,geo_cov_urb,2020,4.557
pol,sex_m,age_aggregate_y55_64,geo_cov_urb,2021,4.482
pol,sex_m,age_aggregate_y55_64,geo_cov_urb,2022,3.62
pol,sex_m,age_aggregate_y55_64,geo_cov_urb,2023,3.397
pol,sex_m,age_aggregate_y55_64,geo_cov_urb,2024,3.617
pol,sex_m,age_aggregate_yge65,geo_cov_nat,2003,2.178
pol,sex_m,age_aggregate_yge65,geo_cov_nat,2004,2.826
pol,sex_m,age_aggregate_yge65,geo_cov_nat,2005,2.962
pol,sex_m,age_aggregate_yge65,geo_cov_nat,2006,12.935
pol,sex_m,age_aggregate_yge65,geo_cov_nat,2007,13.884
pol,sex_m,age_aggregate_yge65,geo_cov_nat,2008,9.215
pol,sex_m,age_aggregate_yge65,geo_cov_nat,2009,7.074
pol,sex_m,age_aggregate_yge65,geo_cov_nat,2010,11.264
pol,sex_m,age_aggregate_yge65,geo_cov_nat,2011,8.709
pol,sex_m,age_aggregate_yge65,geo_cov_nat,2012,10.124
pol,sex_m,age_aggregate_yge65,geo_cov_nat,2013,12.666
pol,sex_m,age_aggregate_yge65,geo_cov_nat,2014,10.581
pol,sex_m,age_aggregate_yge65,geo_cov_nat,2015,3.976
pol,sex_m,age_aggregate_yge65,geo_cov_nat,2016,3.937
pol,sex_m,age_aggregate_yge65,geo_cov_nat,2017,3.466
pol,sex_m,age_aggregate_yge65,geo_cov_nat,2018,1.669
pol,sex_m,age_aggregate_yge65,geo_cov_nat,2019,1.569
pol,sex_m,age_aggregate_yge65,geo_cov_nat,2020,2.046
pol,sex_m,age_aggregate_yge65,geo_cov_nat,2021,2.245
pol,sex_m,age_aggregate_yge65,geo_cov_nat,2022,2.972
pol,sex_m,age_aggregate_yge65,geo_cov_nat,2023,2.866
pol,sex_m,age_aggregate_yge65,geo_cov_nat,2024,2.154
pol,sex_m,age_aggregate_yge65,geo_cov_rur,2003,1.289
pol,sex_m,age_aggregate_yge65,geo_cov_rur,2004,0.891
pol,sex_m,age_aggregate_yge65,geo_cov_rur,2005,1.492
pol,sex_m,age_aggregate_yge65,geo_cov_rur,2006,5.13
pol,sex_m,age_aggregate_yge65,geo_cov_rur,2007,3.97
pol,sex_m,age_aggregate_yge65,geo_cov_rur,2008,4.593
pol,sex_m,age_aggregate_yge65,geo_cov_rur,2009,4.627
pol,sex_m,age_aggregate_yge65,geo_cov_rur,2010,6.664
pol,sex_m,age_aggregate_yge65,geo_cov_rur,2011,6.567
pol,sex_m,age_aggregate_yge65,geo_cov_rur,2012,5.37
pol,sex_m,age_aggregate_yge65,geo_cov_rur,2013,6.794
pol,sex_m,age_aggregate_yge65,geo_cov_rur,2014,8.262
pol,sex_m,age_aggregate_yge65,geo_cov_rur,2015,2.53
pol,sex_m,age_aggregate_yge65,geo_cov_rur,2016,2.651
pol,sex_m,age_aggregate_yge65,geo_cov_rur,2017,1.665
pol,sex_m,age_aggregate_yge65,geo_cov_rur,2018,1.207
pol,sex_m,age_aggregate_yge65,geo_cov_rur,2019,0.826
pol,sex_m,age_aggregate_yge65,geo_cov_rur,2021,1.92
pol,sex_m,age_aggregate_yge65,geo_cov_rur,2022,2.41
pol,sex_m,age_aggregate_yge65,geo_cov_rur,2023,2.936
pol,sex_m,age_aggregate_yge65,geo_cov_rur,2024,2.188
pol,sex_m,age_aggregate_yge65,geo_cov_urb,2003,3.628
pol,sex_m,age_aggregate_yge65,geo_cov_urb,2004,5.604
pol,sex_m,age_aggregate_yge65,geo_cov_urb,2005,4.923
pol,sex_m,age_aggregate_yge65,geo_cov_urb,2006,19.375
pol,sex_m,age_aggregate_yge65,geo_cov_urb,2007,22.68
pol,sex_m,age_aggregate_yge65,geo_cov_urb,2008,13.227
pol,sex_m,age_aggregate_yge65,geo_cov_urb,2009,8.834
pol,sex_m,age_aggregate_yge65,geo_cov_urb,2010,13.803
pol,sex_m,age_aggregate_yge65,geo_cov_urb,2011,10.019
pol,sex_m,age_aggregate_yge65,geo_cov_urb,2012,12.93
pol,sex_m,age_aggregate_yge65,geo_cov_urb,2013,15.685
pol,sex_m,age_aggregate_yge65,geo_cov_urb,2014,11.72
pol,sex_m,age_aggregate_yge65,geo_cov_urb,2015,4.596
pol,sex_m,age_aggregate_yge65,geo_cov_urb,2016,4.489
pol,sex_m,age_aggregate_yge65,geo_cov_urb,2017,4.288
pol,sex_m,age_aggregate_yge65,geo_cov_urb,2018,1.865
pol,sex_m,age_aggregate_yge65,geo_cov_urb,2019,1.864
pol,sex_m,age_aggregate_yge65,geo_cov_urb,2020,2.67
pol,sex_m,age_aggregate_yge65,geo_cov_urb,2021,2.368
pol,sex_m,age_aggregate_yge65,geo_cov_urb,2022,3.183
pol,sex_m,age_aggregate_yge65,geo_cov_urb,2023,2.841
pol,sex_m,age_aggregate_yge65,geo_cov_urb,2024,2.14
pol,sex_m,age_ythadult_y15_24,geo_cov_nat,2003,43.353
pol,sex_m,age_ythadult_y15_24,geo_cov_nat,2004,39.825
pol,sex_m,age_ythadult_y15_24,geo_cov_nat,2005,37.5
pol,sex_m,age_ythadult_y15_24,geo_cov_nat,2006,34.39
pol,sex_m,age_ythadult_y15_24,geo_cov_nat,2007,26.497
pol,sex_m,age_ythadult_y15_24,geo_cov_nat,2008,20.59
pol,sex_m,age_ythadult_y15_24,geo_cov_nat,2009,25.386
pol,sex_m,age_ythadult_y15_24,geo_cov_nat,2010,27.393
pol,sex_m,age_ythadult_y15_24,geo_cov_nat,2011,28.451
pol,sex_m,age_ythadult_y15_24,geo_cov_nat,2012,28.73
pol,sex_m,age_ythadult_y15_24,geo_cov_nat,2013,30.231
pol,sex_m,age_ythadult_y15_24,geo_cov_nat,2014,27.796
pol,sex_m,age_ythadult_y15_24,geo_cov_nat,2015,23.352
pol,sex_m,age_ythadult_y15_24,geo_cov_nat,2016,20.277
pol,sex_m,age_ythadult_y15_24,geo_cov_nat,2017,17.12
pol,sex_m,age_ythadult_y15_24,geo_cov_nat,2018,13.887
pol,sex_m,age_ythadult_y15_24,geo_cov_nat,2019,11.707
pol,sex_m,age_ythadult_y15_24,geo_cov_nat,2020,13.15
pol,sex_m,age_ythadult_y15_24,geo_cov_nat,2021,14.723
pol,sex_m,age_ythadult_y15_24,geo_cov_nat,2022,13.365
pol,sex_m,age_ythadult_y15_24,geo_cov_nat,2023,13.958
pol,sex_m,age_ythadult_y15_24,geo_cov_nat,2024,14.419
pol,sex_m,age_ythadult_y15_24,geo_cov_rur,2003,36.218
pol,sex_m,age_ythadult_y15_24,geo_cov_rur,2004,33.75
pol,sex_m,age_ythadult_y15_24,geo_cov_rur,2005,31.509
pol,sex_m,age_ythadult_y15_24,geo_cov_rur,2006,30.812
pol,sex_m,age_ythadult_y15_24,geo_cov_rur,2007,25.07
pol,sex_m,age_ythadult_y15_24,geo_cov_rur,2008,19.118
pol,sex_m,age_ythadult_y15_24,geo_cov_rur,2009,24.793
pol,sex_m,age_ythadult_y15_24,geo_cov_rur,2010,26.224
pol,sex_m,age_ythadult_y15_24,geo_cov_rur,2011,27.526
pol,sex_m,age_ythadult_y15_24,geo_cov_rur,2012,27.645
pol,sex_m,age_ythadult_y15_24,geo_cov_rur,2013,30.63
pol,sex_m,age_ythadult_y15_24,geo_cov_rur,2014,27.775
pol,sex_m,age_ythadult_y15_24,geo_cov_rur,2015,23.842
pol,sex_m,age_ythadult_y15_24,geo_cov_rur,2016,20.081
pol,sex_m,age_ythadult_y15_24,geo_cov_rur,2017,17.883
pol,sex_m,age_ythadult_y15_24,geo_cov_rur,2018,15.205
pol,sex_m,age_ythadult_y15_24,geo_cov_rur,2019,11.69
pol,sex_m,age_ythadult_y15_24,geo_cov_rur,2020,11.769
pol,sex_m,age_ythadult_y15_24,geo_cov_rur,2021,13.671
pol,sex_m,age_ythadult_y15_24,geo_cov_rur,2022,13.586
pol,sex_m,age_ythadult_y15_24,geo_cov_rur,2023,14.184
pol,sex_m,age_ythadult_y15_24,geo_cov_rur,2024,14.31
pol,sex_m,age_ythadult_y15_24,geo_cov_urb,2003,49.627
pol,sex_m,age_ythadult_y15_24,geo_cov_urb,2004,45.387
pol,sex_m,age_ythadult_y15_24,geo_cov_urb,2005,43.021
pol,sex_m,age_ythadult_y15_24,geo_cov_urb,2006,38.187
pol,sex_m,age_ythadult_y15_24,geo_cov_urb,2007,27.98
pol,sex_m,age_ythadult_y15_24,geo_cov_urb,2008,22.133
pol,sex_m,age_ythadult_y15_24,geo_cov_urb,2009,26.038
pol,sex_m,age_ythadult_y15_24,geo_cov_urb,2010,28.709
pol,sex_m,age_ythadult_y15_24,geo_cov_urb,2011,29.46
pol,sex_m,age_ythadult_y15_24,geo_cov_urb,2012,29.85
pol,sex_m,age_ythadult_y15_24,geo_cov_urb,2013,29.805
pol,sex_m,age_ythadult_y15_24,geo_cov_urb,2014,27.819
pol,sex_m,age_ythadult_y15_24,geo_cov_urb,2015,22.779
pol,sex_m,age_ythadult_y15_24,geo_cov_urb,2016,20.521
pol,sex_m,age_ythadult_y15_24,geo_cov_urb,2017,16.133
pol,sex_m,age_ythadult_y15_24,geo_cov_urb,2018,12.284
pol,sex_m,age_ythadult_y15_24,geo_cov_urb,2019,11.729
pol,sex_m,age_ythadult_y15_24,geo_cov_urb,2020,14.919
pol,sex_m,age_ythadult_y15_24,geo_cov_urb,2021,15.634
pol,sex_m,age_ythadult_y15_24,geo_cov_urb,2022,13.165
pol,sex_m,age_ythadult_y15_24,geo_cov_urb,2023,13.757
pol,sex_m,age_ythadult_y15_24,geo_cov_urb,2024,14.514
pol,sex_m,age_ythadult_y15_64,geo_cov_nat,2003,20.202
pol,sex_m,age_ythadult_y15_64,geo_cov_nat,2004,18.978
pol,sex_m,age_ythadult_y15_64,geo_cov_nat,2005,17.378
pol,sex_m,age_ythadult_y15_64,geo_cov_nat,2006,16.718
pol,sex_m,age_ythadult_y15_64,geo_cov_nat,2007,12.631
pol,sex_m,age_ythadult_y15_64,geo_cov_nat,2008,9.377
pol,sex_m,age_ythadult_y15_64,geo_cov_nat,2009,10.647
pol,sex_m,age_ythadult_y15_64,geo_cov_nat,2010,12.195
pol,sex_m,age_ythadult_y15_64,geo_cov_nat,2011,11.89
pol,sex_m,age_ythadult_y15_64,geo_cov_nat,2012,12.291
pol,sex_m,age_ythadult_y15_64,geo_cov_nat,2013,12.66
pol,sex_m,age_ythadult_y15_64,geo_cov_nat,2014,11.365
pol,sex_m,age_ythadult_y15_64,geo_cov_nat,2015,9.59
pol,sex_m,age_ythadult_y15_64,geo_cov_nat,2016,8.141
pol,sex_m,age_ythadult_y15_64,geo_cov_nat,2017,6.815
pol,sex_m,age_ythadult_y15_64,geo_cov_nat,2018,5.572
pol,sex_m,age_ythadult_y15_64,geo_cov_nat,2019,4.51
pol,sex_m,age_ythadult_y15_64,geo_cov_nat,2020,4.545
pol,sex_m,age_ythadult_y15_64,geo_cov_nat,2021,4.499
pol,sex_m,age_ythadult_y15_64,geo_cov_nat,2022,3.899
pol,sex_m,age_ythadult_y15_64,geo_cov_nat,2023,3.789
pol,sex_m,age_ythadult_y15_64,geo_cov_nat,2024,3.811
pol,sex_m,age_ythadult_y15_64,geo_cov_rur,2003,18.544
pol,sex_m,age_ythadult_y15_64,geo_cov_rur,2004,17.527
pol,sex_m,age_ythadult_y15_64,geo_cov_rur,2005,15.479
pol,sex_m,age_ythadult_y15_64,geo_cov_rur,2006,16.625
pol,sex_m,age_ythadult_y15_64,geo_cov_rur,2007,12.974
pol,sex_m,age_ythadult_y15_64,geo_cov_rur,2008,9.891
pol,sex_m,age_ythadult_y15_64,geo_cov_rur,2009,11.559
pol,sex_m,age_ythadult_y15_64,geo_cov_rur,2010,12.786
pol,sex_m,age_ythadult_y15_64,geo_cov_rur,2011,12.468
pol,sex_m,age_ythadult_y15_64,geo_cov_rur,2012,12.656
pol,sex_m,age_ythadult_y15_64,geo_cov_rur,2013,12.927
pol,sex_m,age_ythadult_y15_64,geo_cov_rur,2014,11.933
pol,sex_m,age_ythadult_y15_64,geo_cov_rur,2015,9.838
pol,sex_m,age_ythadult_y15_64,geo_cov_rur,2016,8.536
pol,sex_m,age_ythadult_y15_64,geo_cov_rur,2017,7.348
pol,sex_m,age_ythadult_y15_64,geo_cov_rur,2018,6.073
pol,sex_m,age_ythadult_y15_64,geo_cov_rur,2019,4.496
pol,sex_m,age_ythadult_y15_64,geo_cov_rur,2020,4.484
pol,sex_m,age_ythadult_y15_64,geo_cov_rur,2021,4.528
pol,sex_m,age_ythadult_y15_64,geo_cov_rur,2022,4.156
pol,sex_m,age_ythadult_y15_64,geo_cov_rur,2023,4.153
pol,sex_m,age_ythadult_y15_64,geo_cov_rur,2024,4.338
pol,sex_m,age_ythadult_y15_64,geo_cov_urb,2003,21.262
pol,sex_m,age_ythadult_y15_64,geo_cov_urb,2004,19.924
pol,sex_m,age_ythadult_y15_64,geo_cov_urb,2005,18.607
pol,sex_m,age_ythadult_y15_64,geo_cov_urb,2006,16.799
pol,sex_m,age_ythadult_y15_64,geo_cov_urb,2007,12.332
pol,sex_m,age_ythadult_y15_64,geo_cov_urb,2008,8.931
pol,sex_m,age_ythadult_y15_64,geo_cov_urb,2009,9.87
pol,sex_m,age_ythadult_y15_64,geo_cov_urb,2010,11.685
pol,sex_m,age_ythadult_y15_64,geo_cov_urb,2011,11.41
pol,sex_m,age_ythadult_y15_64,geo_cov_urb,2012,12.028
pol,sex_m,age_ythadult_y15_64,geo_cov_urb,2013,12.466
pol,sex_m,age_ythadult_y15_64,geo_cov_urb,2014,10.95
pol,sex_m,age_ythadult_y15_64,geo_cov_urb,2015,9.414
pol,sex_m,age_ythadult_y15_64,geo_cov_urb,2016,7.854
pol,sex_m,age_ythadult_y15_64,geo_cov_urb,2017,6.427
pol,sex_m,age_ythadult_y15_64,geo_cov_urb,2018,5.209
pol,sex_m,age_ythadult_y15_64,geo_cov_urb,2019,4.52
pol,sex_m,age_ythadult_y15_64,geo_cov_urb,2020,4.59
pol,sex_m,age_ythadult_y15_64,geo_cov_urb,2021,4.483
pol,sex_m,age_ythadult_y15_64,geo_cov_urb,2022,3.743
pol,sex_m,age_ythadult_y15_64,geo_cov_urb,2023,3.569
pol,sex_m,age_ythadult_y15_64,geo_cov_urb,2024,3.493
pol,sex_m,age_ythadult_yge15,geo_cov_nat,2003,19.86
pol,sex_m,age_ythadult_yge15,geo_cov_nat,2004,18.665
pol,sex_m,age_ythadult_yge15,geo_cov_nat,2005,17.096
pol,sex_m,age_ythadult_yge15,geo_cov_nat,2006,16.649
pol,sex_m,age_ythadult_yge15,geo_cov_nat,2007,12.653
pol,sex_m,age_ythadult_yge15,geo_cov_nat,2008,9.374
pol,sex_m,age_ythadult_yge15,geo_cov_nat,2009,10.59
pol,sex_m,age_ythadult_yge15,geo_cov_nat,2010,12.179
pol,sex_m,age_ythadult_yge15,geo_cov_nat,2011,11.836
pol,sex_m,age_ythadult_yge15,geo_cov_nat,2012,12.254
pol,sex_m,age_ythadult_yge15,geo_cov_nat,2013,12.66
pol,sex_m,age_ythadult_yge15,geo_cov_nat,2014,11.35
pol,sex_m,age_ythadult_yge15,geo_cov_nat,2015,9.484
pol,sex_m,age_ythadult_yge15,geo_cov_nat,2016,8.052
pol,sex_m,age_ythadult_yge15,geo_cov_nat,2017,6.736
pol,sex_m,age_ythadult_yge15,geo_cov_nat,2018,5.479
pol,sex_m,age_ythadult_yge15,geo_cov_nat,2019,4.438
pol,sex_m,age_ythadult_yge15,geo_cov_nat,2020,4.479
pol,sex_m,age_ythadult_yge15,geo_cov_nat,2021,4.441
pol,sex_m,age_ythadult_yge15,geo_cov_nat,2022,3.872
pol,sex_m,age_ythadult_yge15,geo_cov_nat,2023,3.762
pol,sex_m,age_ythadult_yge15,geo_cov_nat,2024,3.763
pol,sex_m,age_ythadult_yge15,geo_cov_rur,2003,18.03
pol,sex_m,age_ythadult_yge15,geo_cov_rur,2004,17.049
pol,sex_m,age_ythadult_yge15,geo_cov_rur,2005,15.085
pol,sex_m,age_ythadult_yge15,geo_cov_rur,2006,16.424
pol,sex_m,age_ythadult_yge15,geo_cov_rur,2007,12.816
pol,sex_m,age_ythadult_yge15,geo_cov_rur,2008,9.803
pol,sex_m,age_ythadult_yge15,geo_cov_rur,2009,11.458
pol,sex_m,age_ythadult_yge15,geo_cov_rur,2010,12.705
pol,sex_m,age_ythadult_yge15,geo_cov_rur,2011,12.384
pol,sex_m,age_ythadult_yge15,geo_cov_rur,2012,12.544
pol,sex_m,age_ythadult_yge15,geo_cov_rur,2013,12.838
pol,sex_m,age_ythadult_yge15,geo_cov_rur,2014,11.878
pol,sex_m,age_ythadult_yge15,geo_cov_rur,2015,9.738
pol,sex_m,age_ythadult_yge15,geo_cov_rur,2016,8.447
pol,sex_m,age_ythadult_yge15,geo_cov_rur,2017,7.247
pol,sex_m,age_ythadult_yge15,geo_cov_rur,2018,5.99
pol,sex_m,age_ythadult_yge15,geo_cov_rur,2019,4.435
pol,sex_m,age_ythadult_yge15,geo_cov_rur,2020,4.413
pol,sex_m,age_ythadult_yge15,geo_cov_rur,2021,4.478
pol,sex_m,age_ythadult_yge15,geo_cov_rur,2022,4.119
pol,sex_m,age_ythadult_yge15,geo_cov_rur,2023,4.128
pol,sex_m,age_ythadult_yge15,geo_cov_rur,2024,4.292
pol,sex_m,age_ythadult_yge15,geo_cov_urb,2003,21.053
pol,sex_m,age_ythadult_yge15,geo_cov_urb,2004,19.734
pol,sex_m,age_ythadult_yge15,geo_cov_urb,2005,18.417
pol,sex_m,age_ythadult_yge15,geo_cov_urb,2006,16.848
pol,sex_m,age_ythadult_yge15,geo_cov_urb,2007,12.511
pol,sex_m,age_ythadult_yge15,geo_cov_urb,2008,9.002
pol,sex_m,age_ythadult_yge15,geo_cov_urb,2009,9.853
pol,sex_m,age_ythadult_yge15,geo_cov_urb,2010,11.728
pol,sex_m,age_ythadult_yge15,geo_cov_urb,2011,11.383
pol,sex_m,age_ythadult_yge15,geo_cov_urb,2012,12.045
pol,sex_m,age_ythadult_yge15,geo_cov_urb,2013,12.532
pol,sex_m,age_ythadult_yge15,geo_cov_urb,2014,10.967
pol,sex_m,age_ythadult_yge15,geo_cov_urb,2015,9.305
pol,sex_m,age_ythadult_yge15,geo_cov_urb,2016,7.769
pol,sex_m,age_ythadult_yge15,geo_cov_urb,2017,6.367
pol,sex_m,age_ythadult_yge15,geo_cov_urb,2018,5.113
pol,sex_m,age_ythadult_yge15,geo_cov_urb,2019,4.439
pol,sex_m,age_ythadult_yge15,geo_cov_urb,2020,4.528
pol,sex_m,age_ythadult_yge15,geo_cov_urb,2021,4.42
pol,sex_m,age_ythadult_yge15,geo_cov_urb,2022,3.724
pol,sex_m,age_ythadult_yge15,geo_cov_urb,2023,3.544
pol,sex_m,age_ythadult_yge15,geo_cov_urb,2024,3.448
pol,sex_m,age_ythadult_yge25,geo_cov_nat,2003,16.565
pol,sex_m,age_ythadult_yge25,geo_cov_nat,2004,15.813
pol,sex_m,age_ythadult_yge25,geo_cov_nat,2005,14.479
pol,sex_m,age_ythadult_yge25,geo_cov_nat,2006,14.113
pol,sex_m,age_ythadult_yge25,geo_cov_nat,2007,10.807
pol,sex_m,age_ythadult_yge25,geo_cov_nat,2008,7.985
pol,sex_m,age_ythadult_yge25,geo_cov_nat,2009,8.768
pol,sex_m,age_ythadult_yge25,geo_cov_nat,2010,10.279
pol,sex_m,age_ythadult_yge25,geo_cov_nat,2011,9.897
pol,sex_m,age_ythadult_yge25,geo_cov_nat,2012,10.431
pol,sex_m,age_ythadult_yge25,geo_cov_nat,2013,10.803
pol,sex_m,age_ythadult_yge25,geo_cov_nat,2014,9.67
pol,sex_m,age_ythadult_yge25,geo_cov_nat,2015,8.155
pol,sex_m,age_ythadult_yge25,geo_cov_nat,2016,6.886
pol,sex_m,age_ythadult_yge25,geo_cov_nat,2017,5.8
pol,sex_m,age_ythadult_yge25,geo_cov_nat,2018,4.759
pol,sex_m,age_ythadult_yge25,geo_cov_nat,2019,3.837
pol,sex_m,age_ythadult_yge25,geo_cov_nat,2020,3.833
pol,sex_m,age_ythadult_yge25,geo_cov_nat,2021,3.685
pol,sex_m,age_ythadult_yge25,geo_cov_nat,2022,3.174
pol,sex_m,age_ythadult_yge25,geo_cov_nat,2023,3.012
pol,sex_m,age_ythadult_yge25,geo_cov_nat,2024,2.992
pol,sex_m,age_ythadult_yge25,geo_cov_rur,2003,14.922
pol,sex_m,age_ythadult_yge25,geo_cov_rur,2004,14.273
pol,sex_m,age_ythadult_yge25,geo_cov_rur,2005,12.465
pol,sex_m,age_ythadult_yge25,geo_cov_rur,2006,14.134
pol,sex_m,age_ythadult_yge25,geo_cov_rur,2007,11.004
pol,sex_m,age_ythadult_yge25,geo_cov_rur,2008,8.515
pol,sex_m,age_ythadult_yge25,geo_cov_rur,2009,9.555
pol,sex_m,age_ythadult_yge25,geo_cov_rur,2010,10.733
pol,sex_m,age_ythadult_yge25,geo_cov_rur,2011,10.31
pol,sex_m,age_ythadult_yge25,geo_cov_rur,2012,10.469
pol,sex_m,age_ythadult_yge25,geo_cov_rur,2013,10.474
pol,sex_m,age_ythadult_yge25,geo_cov_rur,2014,9.834
pol,sex_m,age_ythadult_yge25,geo_cov_rur,2015,7.924
pol,sex_m,age_ythadult_yge25,geo_cov_rur,2016,6.926
pol,sex_m,age_ythadult_yge25,geo_cov_rur,2017,5.914
pol,sex_m,age_ythadult_yge25,geo_cov_rur,2018,4.924
pol,sex_m,age_ythadult_yge25,geo_cov_rur,2019,3.636
pol,sex_m,age_ythadult_yge25,geo_cov_rur,2020,3.671
pol,sex_m,age_ythadult_yge25,geo_cov_rur,2021,3.599
pol,sex_m,age_ythadult_yge25,geo_cov_rur,2022,3.217
pol,sex_m,age_ythadult_yge25,geo_cov_rur,2023,3.174
pol,sex_m,age_ythadult_yge25,geo_cov_rur,2024,3.367
pol,sex_m,age_ythadult_yge25,geo_cov_urb,2003,17.589
pol,sex_m,age_ythadult_yge25,geo_cov_urb,2004,16.787
pol,sex_m,age_ythadult_yge25,geo_cov_urb,2005,15.744
pol,sex_m,age_ythadult_yge25,geo_cov_urb,2006,14.096
pol,sex_m,age_ythadult_yge25,geo_cov_urb,2007,10.638
pol,sex_m,age_ythadult_yge25,geo_cov_urb,2008,7.536
pol,sex_m,age_ythadult_yge25,geo_cov_urb,2009,8.121
pol,sex_m,age_ythadult_yge25,geo_cov_urb,2010,9.902
pol,sex_m,age_ythadult_yge25,geo_cov_urb,2011,9.565
pol,sex_m,age_ythadult_yge25,geo_cov_urb,2012,10.405
pol,sex_m,age_ythadult_yge25,geo_cov_urb,2013,11.032
pol,sex_m,age_ythadult_yge25,geo_cov_urb,2014,9.556
pol,sex_m,age_ythadult_yge25,geo_cov_urb,2015,8.31
pol,sex_m,age_ythadult_yge25,geo_cov_urb,2016,6.859
pol,sex_m,age_ythadult_yge25,geo_cov_urb,2017,5.722
pol,sex_m,age_ythadult_yge25,geo_cov_urb,2018,4.645
pol,sex_m,age_ythadult_yge25,geo_cov_urb,2019,3.976
pol,sex_m,age_ythadult_yge25,geo_cov_urb,2020,3.948
pol,sex_m,age_ythadult_yge25,geo_cov_urb,2021,3.733
pol,sex_m,age_ythadult_yge25,geo_cov_urb,2022,3.149
pol,sex_m,age_ythadult_yge25,geo_cov_urb,2023,2.918
pol,sex_m,age_ythadult_yge25,geo_cov_urb,2024,2.775
pol,sex_t,age_aggregate_total,geo_cov_nat,2003,20.902
pol,sex_t,age_aggregate_total,geo_cov_nat,2004,19.757
pol,sex_t,age_aggregate_total,geo_cov_nat,2005,18.514
pol,sex_t,age_aggregate_total,geo_cov_nat,2006,18.506
pol,sex_t,age_aggregate_total,geo_cov_nat,2007,14.209
pol,sex_t,age_aggregate_total,geo_cov_nat,2008,10.899
pol,sex_t,age_aggregate_total,geo_cov_nat,2009,11.814
pol,sex_t,age_aggregate_total,geo_cov_nat,2010,13.189
pol,sex_t,age_aggregate_total,geo_cov_nat,2011,13.118
pol,sex_t,age_aggregate_total,geo_cov_nat,2012,13.563
pol,sex_t,age_aggregate_total,geo_cov_nat,2013,13.979
pol,sex_t,age_aggregate_total,geo_cov_nat,2014,12.59
pol,sex_t,age_aggregate_total,geo_cov_nat,2015,10.154
pol,sex_t,age_aggregate_total,geo_cov_nat,2016,8.503
pol,sex_t,age_aggregate_total,geo_cov_nat,2017,7.066
pol,sex_t,age_aggregate_total,geo_cov_nat,2018,5.739
pol,sex_t,age_aggregate_total,geo_cov_nat,2019,4.894
pol,sex_t,age_aggregate_total,geo_cov_nat,2020,4.83
pol,sex_t,age_aggregate_total,geo_cov_nat,2021,4.741
pol,sex_t,age_aggregate_total,geo_cov_nat,2022,4.063
pol,sex_t,age_aggregate_total,geo_cov_nat,2023,3.94
pol,sex_t,age_aggregate_total,geo_cov_nat,2024,4.062
pol,sex_t,age_aggregate_total,geo_cov_rur,2003,18.997
pol,sex_t,age_aggregate_total,geo_cov_rur,2004,18.312
pol,sex_t,age_aggregate_total,geo_cov_rur,2005,16.875
pol,sex_t,age_aggregate_total,geo_cov_rur,2006,18.878
pol,sex_t,age_aggregate_total,geo_cov_rur,2007,14.65
pol,sex_t,age_aggregate_total,geo_cov_rur,2008,11.675
pol,sex_t,age_aggregate_total,geo_cov_rur,2009,13.224
pol,sex_t,age_aggregate_total,geo_cov_rur,2010,14.009
pol,sex_t,age_aggregate_total,geo_cov_rur,2011,14.082
pol,sex_t,age_aggregate_total,geo_cov_rur,2012,14.278
pol,sex_t,age_aggregate_total,geo_cov_rur,2013,14.764
pol,sex_t,age_aggregate_total,geo_cov_rur,2014,13.406
pol,sex_t,age_aggregate_total,geo_cov_rur,2015,10.75
pol,sex_t,age_aggregate_total,geo_cov_rur,2016,9.14
pol,sex_t,age_aggregate_total,geo_cov_rur,2017,7.628
pol,sex_t,age_aggregate_total,geo_cov_rur,2018,6.497
pol,sex_t,age_aggregate_total,geo_cov_rur,2019,5.178
pol,sex_t,age_aggregate_total,geo_cov_rur,2020,5.094
pol,sex_t,age_aggregate_total,geo_cov_rur,2021,5.215
pol,sex_t,age_aggregate_total,geo_cov_rur,2022,4.68
pol,sex_t,age_aggregate_total,geo_cov_rur,2023,4.467
pol,sex_t,age_aggregate_total,geo_cov_rur,2024,4.61
pol,sex_t,age_aggregate_total,geo_cov_urb,2003,22.058
pol,sex_t,age_aggregate_total,geo_cov_urb,2004,20.645
pol,sex_t,age_aggregate_total,geo_cov_urb,2005,19.522
pol,sex_t,age_aggregate_total,geo_cov_urb,2006,18.194
pol,sex_t,age_aggregate_total,geo_cov_urb,2007,13.842
pol,sex_t,age_aggregate_total,geo_cov_urb,2008,10.266
pol,sex_t,age_aggregate_total,geo_cov_urb,2009,10.682
pol,sex_t,age_aggregate_total,geo_cov_urb,2010,12.528
pol,sex_t,age_aggregate_total,geo_cov_urb,2011,12.367
pol,sex_t,age_aggregate_total,geo_cov_urb,2012,13.083
pol,sex_t,age_aggregate_total,geo_cov_urb,2013,13.45
pol,sex_t,age_aggregate_total,geo_cov_urb,2014,12.041
pol,sex_t,age_aggregate_total,geo_cov_urb,2015,9.768
pol,sex_t,age_aggregate_total,geo_cov_urb,2016,8.082
pol,sex_t,age_aggregate_total,geo_cov_urb,2017,6.692
pol,sex_t,age_aggregate_total,geo_cov_urb,2018,5.237
pol,sex_t,age_aggregate_total,geo_cov_urb,2019,4.704
pol,sex_t,age_aggregate_total,geo_cov_urb,2020,4.651
pol,sex_t,age_aggregate_total,geo_cov_urb,2021,4.489
pol,sex_t,age_aggregate_total,geo_cov_urb,2022,3.721
pol,sex_t,age_aggregate_total,geo_cov_urb,2023,3.649
pol,sex_t,age_aggregate_total,geo_cov_urb,2024,3.761
pol,sex_t,age_aggregate_y15_24,geo_cov_nat,2003,44.776
pol,sex_t,age_aggregate_y15_24,geo_cov_nat,2004,41.992
pol,sex_t,age_aggregate_y15_24,geo_cov_nat,2005,38.849
pol,sex_t,age_aggregate_y15_24,geo_cov_nat,2006,35.962
pol,sex_t,age_aggregate_y15_24,geo_cov_nat,2007,28.388
pol,sex_t,age_aggregate_y15_24,geo_cov_nat,2008,22.959
pol,sex_t,age_aggregate_y15_24,geo_cov_nat,2009,26.336
pol,sex_t,age_aggregate_y15_24,geo_cov_nat,2010,29.091
pol,sex_t,age_aggregate_y15_24,geo_cov_nat,2011,31.196
pol,sex_t,age_aggregate_y15_24,geo_cov_nat,2012,31.804
pol,sex_t,age_aggregate_y15_24,geo_cov_nat,2013,32.793
pol,sex_t,age_aggregate_y15_24,geo_cov_nat,2014,29.48
pol,sex_t,age_aggregate_y15_24,geo_cov_nat,2015,23.663
pol,sex_t,age_aggregate_y15_24,geo_cov_nat,2016,20.198
pol,sex_t,age_aggregate_y15_24,geo_cov_nat,2017,17.311
pol,sex_t,age_aggregate_y15_24,geo_cov_nat,2018,14.296
pol,sex_t,age_aggregate_y15_24,geo_cov_nat,2019,12.008
pol,sex_t,age_aggregate_y15_24,geo_cov_nat,2020,13.653
pol,sex_t,age_aggregate_y15_24,geo_cov_nat,2021,15.528
pol,sex_t,age_aggregate_y15_24,geo_cov_nat,2022,13.839
pol,sex_t,age_aggregate_y15_24,geo_cov_nat,2023,14.152
pol,sex_t,age_aggregate_y15_24,geo_cov_nat,2024,14.21
pol,sex_t,age_aggregate_y15_24,geo_cov_rur,2003,39.519
pol,sex_t,age_aggregate_y15_24,geo_cov_rur,2004,37.51
pol,sex_t,age_aggregate_y15_24,geo_cov_rur,2005,34.04
pol,sex_t,age_aggregate_y15_24,geo_cov_rur,2006,34.493
pol,sex_t,age_aggregate_y15_24,geo_cov_rur,2007,28.141
pol,sex_t,age_aggregate_y15_24,geo_cov_rur,2008,23.261
pol,sex_t,age_aggregate_y15_24,geo_cov_rur,2009,27.539
pol,sex_t,age_aggregate_y15_24,geo_cov_rur,2010,28.746
pol,sex_t,age_aggregate_y15_24,geo_cov_rur,2011,31.723
pol,sex_t,age_aggregate_y15_24,geo_cov_rur,2012,32.26
pol,sex_t,age_aggregate_y15_24,geo_cov_rur,2013,34.279
pol,sex_t,age_aggregate_y15_24,geo_cov_rur,2014,30.946
pol,sex_t,age_aggregate_y15_24,geo_cov_rur,2015,25.305
pol,sex_t,age_aggregate_y15_24,geo_cov_rur,2016,20.701
pol,sex_t,age_aggregate_y15_24,geo_cov_rur,2017,18.115
pol,sex_t,age_aggregate_y15_24,geo_cov_rur,2018,16.088
pol,sex_t,age_aggregate_y15_24,geo_cov_rur,2019,12.46
pol,sex_t,age_aggregate_y15_24,geo_cov_rur,2020,13.495
pol,sex_t,age_aggregate_y15_24,geo_cov_rur,2021,16.381
pol,sex_t,age_aggregate_y15_24,geo_cov_rur,2022,14.884
pol,sex_t,age_aggregate_y15_24,geo_cov_rur,2023,15.598
pol,sex_t,age_aggregate_y15_24,geo_cov_rur,2024,15.351
pol,sex_t,age_aggregate_y15_24,geo_cov_urb,2003,49.113
pol,sex_t,age_aggregate_y15_24,geo_cov_urb,2004,45.856
pol,sex_t,age_aggregate_y15_24,geo_cov_urb,2005,43.033
pol,sex_t,age_aggregate_y15_24,geo_cov_urb,2006,37.471
pol,sex_t,age_aggregate_y15_24,geo_cov_urb,2007,28.637
pol,sex_t,age_aggregate_y15_24,geo_cov_urb,2008,22.655
pol,sex_t,age_aggregate_y15_24,geo_cov_urb,2009,25.061
pol,sex_t,age_aggregate_y15_24,geo_cov_urb,2010,29.447
pol,sex_t,age_aggregate_y15_24,geo_cov_urb,2011,30.663
pol,sex_t,age_aggregate_y15_24,geo_cov_urb,2012,31.367
pol,sex_t,age_aggregate_y15_24,geo_cov_urb,2013,31.307
pol,sex_t,age_aggregate_y15_24,geo_cov_urb,2014,28.015
pol,sex_t,age_aggregate_y15_24,geo_cov_urb,2015,21.869
pol,sex_t,age_aggregate_y15_24,geo_cov_urb,2016,19.591
pol,sex_t,age_aggregate_y15_24,geo_cov_urb,2017,16.324
pol,sex_t,age_aggregate_y15_24,geo_cov_urb,2018,12.231
pol,sex_t,age_aggregate_y15_24,geo_cov_urb,2019,11.492
pol,sex_t,age_aggregate_y15_24,geo_cov_urb,2020,13.841
pol,sex_t,age_aggregate_y15_24,geo_cov_urb,2021,14.855
pol,sex_t,age_aggregate_y15_24,geo_cov_urb,2022,12.983
pol,sex_t,age_aggregate_y15_24,geo_cov_urb,2023,12.961
pol,sex_t,age_aggregate_y15_24,geo_cov_urb,2024,13.286
pol,sex_t,age_aggregate_y25_54,geo_cov_nat,2003,18.514
pol,sex_t,age_aggregate_y25_54,geo_cov_nat,2004,17.636
pol,sex_t,age_aggregate_y25_54,geo_cov_nat,2005,16.689
pol,sex_t,age_aggregate_y25_54,geo_cov_nat,2006,15.772
pol,sex_t,age_aggregate_y25_54,geo_cov_nat,2007,11.743
pol,sex_t,age_aggregate_y25_54,geo_cov_nat,2008,8.885
pol,sex_t,age_aggregate_y25_54,geo_cov_nat,2009,9.582
pol,sex_t,age_aggregate_y25_54,geo_cov_nat,2010,10.797
pol,sex_t,age_aggregate_y25_54,geo_cov_nat,2011,10.793
pol,sex_t,age_aggregate_y25_54,geo_cov_nat,2012,11.272
pol,sex_t,age_aggregate_y25_54,geo_cov_nat,2013,11.71
pol,sex_t,age_aggregate_y25_54,geo_cov_nat,2014,10.595
pol,sex_t,age_aggregate_y25_54,geo_cov_nat,2015,8.911
pol,sex_t,age_aggregate_y25_54,geo_cov_nat,2016,7.443
pol,sex_t,age_aggregate_y25_54,geo_cov_nat,2017,6.157
pol,sex_t,age_aggregate_y25_54,geo_cov_nat,2018,5.036
pol,sex_t,age_aggregate_y25_54,geo_cov_nat,2019,4.379
pol,sex_t,age_aggregate_y25_54,geo_cov_nat,2020,4.301
pol,sex_t,age_aggregate_y25_54,geo_cov_nat,2021,4.007
pol,sex_t,age_aggregate_y25_54,geo_cov_nat,2022,3.492
pol,sex_t,age_aggregate_y25_54,geo_cov_nat,2023,3.243
pol,sex_t,age_aggregate_y25_54,geo_cov_nat,2024,3.372
pol,sex_t,age_aggregate_y25_54,geo_cov_rur,2003,16.973
pol,sex_t,age_aggregate_y25_54,geo_cov_rur,2004,16.418
pol,sex_t,age_aggregate_y25_54,geo_cov_rur,2005,15.289
pol,sex_t,age_aggregate_y25_54,geo_cov_rur,2006,16.572
pol,sex_t,age_aggregate_y25_54,geo_cov_rur,2007,12.529
pol,sex_t,age_aggregate_y25_54,geo_cov_rur,2008,9.922
pol,sex_t,age_aggregate_y25_54,geo_cov_rur,2009,10.991
pol,sex_t,age_aggregate_y25_54,geo_cov_rur,2010,11.783
pol,sex_t,age_aggregate_y25_54,geo_cov_rur,2011,11.645
pol,sex_t,age_aggregate_y25_54,geo_cov_rur,2012,11.954
pol,sex_t,age_aggregate_y25_54,geo_cov_rur,2013,12.329
pol,sex_t,age_aggregate_y25_54,geo_cov_rur,2014,11.254
pol,sex_t,age_aggregate_y25_54,geo_cov_rur,2015,9.144
pol,sex_t,age_aggregate_y25_54,geo_cov_rur,2016,7.836
pol,sex_t,age_aggregate_y25_54,geo_cov_rur,2017,6.461
pol,sex_t,age_aggregate_y25_54,geo_cov_rur,2018,5.479
pol,sex_t,age_aggregate_y25_54,geo_cov_rur,2019,4.503
pol,sex_t,age_aggregate_y25_54,geo_cov_rur,2020,4.453
pol,sex_t,age_aggregate_y25_54,geo_cov_rur,2021,4.32
pol,sex_t,age_aggregate_y25_54,geo_cov_rur,2022,4.117
pol,sex_t,age_aggregate_y25_54,geo_cov_rur,2023,3.572
pol,sex_t,age_aggregate_y25_54,geo_cov_rur,2024,3.718
pol,sex_t,age_aggregate_y25_54,geo_cov_urb,2003,19.384
pol,sex_t,age_aggregate_y25_54,geo_cov_urb,2004,18.332
pol,sex_t,age_aggregate_y25_54,geo_cov_urb,2005,17.499
pol,sex_t,age_aggregate_y25_54,geo_cov_urb,2006,15.106
pol,sex_t,age_aggregate_y25_54,geo_cov_urb,2007,11.102
pol,sex_t,age_aggregate_y25_54,geo_cov_urb,2008,8.05
pol,sex_t,age_aggregate_y25_54,geo_cov_urb,2009,8.472
pol,sex_t,age_aggregate_y25_54,geo_cov_urb,2010,10.002
pol,sex_t,age_aggregate_y25_54,geo_cov_urb,2011,10.132
pol,sex_t,age_aggregate_y25_54,geo_cov_urb,2012,10.819
pol,sex_t,age_aggregate_y25_54,geo_cov_urb,2013,11.297
pol,sex_t,age_aggregate_y25_54,geo_cov_urb,2014,10.155
pol,sex_t,age_aggregate_y25_54,geo_cov_urb,2015,8.761
pol,sex_t,age_aggregate_y25_54,geo_cov_urb,2016,7.188
pol,sex_t,age_aggregate_y25_54,geo_cov_urb,2017,5.959
pol,sex_t,age_aggregate_y25_54,geo_cov_urb,2018,4.746
pol,sex_t,age_aggregate_y25_54,geo_cov_urb,2019,4.297
pol,sex_t,age_aggregate_y25_54,geo_cov_urb,2020,4.2
pol,sex_t,age_aggregate_y25_54,geo_cov_urb,2021,3.845
pol,sex_t,age_aggregate_y25_54,geo_cov_urb,2022,3.157
pol,sex_t,age_aggregate_y25_54,geo_cov_urb,2023,3.067
pol,sex_t,age_aggregate_y25_54,geo_cov_urb,2024,3.189
pol,sex_t,age_aggregate_y55_64,geo_cov_nat,2003,12.162
pol,sex_t,age_aggregate_y55_64,geo_cov_nat,2004,12.065
pol,sex_t,age_aggregate_y55_64,geo_cov_nat,2005,11.887
pol,sex_t,age_aggregate_y55_64,geo_cov_nat,2006,19.482
pol,sex_t,age_aggregate_y55_64,geo_cov_nat,2007,17.298
pol,sex_t,age_aggregate_y55_64,geo_cov_nat,2008,13.666
pol,sex_t,age_aggregate_y55_64,geo_cov_nat,2009,14.126
pol,sex_t,age_aggregate_y55_64,geo_cov_nat,2010,14.665
pol,sex_t,age_aggregate_y55_64,geo_cov_nat,2011,13.578
pol,sex_t,age_aggregate_y55_64,geo_cov_nat,2012,13.971
pol,sex_t,age_aggregate_y55_64,geo_cov_nat,2013,14.186
pol,sex_t,age_aggregate_y55_64,geo_cov_nat,2014,12.853
pol,sex_t,age_aggregate_y55_64,geo_cov_nat,2015,9.838
pol,sex_t,age_aggregate_y55_64,geo_cov_nat,2016,8.017
pol,sex_t,age_aggregate_y55_64,geo_cov_nat,2017,6.803
pol,sex_t,age_aggregate_y55_64,geo_cov_nat,2018,5.461
pol,sex_t,age_aggregate_y55_64,geo_cov_nat,2019,4.438
pol,sex_t,age_aggregate_y55_64,geo_cov_nat,2020,4.064
pol,sex_t,age_aggregate_y55_64,geo_cov_nat,2021,4.024
pol,sex_t,age_aggregate_y55_64,geo_cov_nat,2022,2.888
pol,sex_t,age_aggregate_y55_64,geo_cov_nat,2023,3.091
pol,sex_t,age_aggregate_y55_64,geo_cov_nat,2024,3.328
pol,sex_t,age_aggregate_y55_64,geo_cov_rur,2003,6.786
pol,sex_t,age_aggregate_y55_64,geo_cov_rur,2004,8.081
pol,sex_t,age_aggregate_y55_64,geo_cov_rur,2005,7.68
pol,sex_t,age_aggregate_y55_64,geo_cov_rur,2006,17.514
pol,sex_t,age_aggregate_y55_64,geo_cov_rur,2007,16.015
pol,sex_t,age_aggregate_y55_64,geo_cov_rur,2008,12.499
pol,sex_t,age_aggregate_y55_64,geo_cov_rur,2009,13.956
pol,sex_t,age_aggregate_y55_64,geo_cov_rur,2010,14.158
pol,sex_t,age_aggregate_y55_64,geo_cov_rur,2011,13.653
pol,sex_t,age_aggregate_y55_64,geo_cov_rur,2012,12.806
pol,sex_t,age_aggregate_y55_64,geo_cov_rur,2013,12.882
pol,sex_t,age_aggregate_y55_64,geo_cov_rur,2014,11.82
pol,sex_t,age_aggregate_y55_64,geo_cov_rur,2015,8.963
pol,sex_t,age_aggregate_y55_64,geo_cov_rur,2016,7.44
pol,sex_t,age_aggregate_y55_64,geo_cov_rur,2017,6.416
pol,sex_t,age_aggregate_y55_64,geo_cov_rur,2018,5.489
pol,sex_t,age_aggregate_y55_64,geo_cov_rur,2019,4.103
pol,sex_t,age_aggregate_y55_64,geo_cov_rur,2020,3.731
pol,sex_t,age_aggregate_y55_64,geo_cov_rur,2021,3.9
pol,sex_t,age_aggregate_y55_64,geo_cov_rur,2022,2.291
pol,sex_t,age_aggregate_y55_64,geo_cov_rur,2023,2.978
pol,sex_t,age_aggregate_y55_64,geo_cov_rur,2024,3.366
pol,sex_t,age_aggregate_y55_64,geo_cov_urb,2003,15.323
pol,sex_t,age_aggregate_y55_64,geo_cov_urb,2004,14.387
pol,sex_t,age_aggregate_y55_64,geo_cov_urb,2005,14.189
pol,sex_t,age_aggregate_y55_64,geo_cov_urb,2006,20.818
pol,sex_t,age_aggregate_y55_64,geo_cov_urb,2007,18.213
pol,sex_t,age_aggregate_y55_64,geo_cov_urb,2008,14.483
pol,sex_t,age_aggregate_y55_64,geo_cov_urb,2009,14.247
pol,sex_t,age_aggregate_y55_64,geo_cov_urb,2010,15.007
pol,sex_t,age_aggregate_y55_64,geo_cov_urb,2011,13.527
pol,sex_t,age_aggregate_y55_64,geo_cov_urb,2012,14.624
pol,sex_t,age_aggregate_y55_64,geo_cov_urb,2013,14.933
pol,sex_t,age_aggregate_y55_64,geo_cov_urb,2014,13.45
pol,sex_t,age_aggregate_y55_64,geo_cov_urb,2015,10.284
pol,sex_t,age_aggregate_y55_64,geo_cov_urb,2016,8.332
pol,sex_t,age_aggregate_y55_64,geo_cov_urb,2017,7.02
pol,sex_t,age_aggregate_y55_64,geo_cov_urb,2018,5.445
pol,sex_t,age_aggregate_y55_64,geo_cov_urb,2019,4.633
pol,sex_t,age_aggregate_y55_64,geo_cov_urb,2020,4.268
pol,sex_t,age_aggregate_y55_64,geo_cov_urb,2021,4.092
pol,sex_t,age_aggregate_y55_64,geo_cov_urb,2022,3.244
pol,sex_t,age_aggregate_y55_64,geo_cov_urb,2023,3.159
pol,sex_t,age_aggregate_y55_64,geo_cov_urb,2024,3.304
pol,sex_t,age_aggregate_yge65,geo_cov_nat,2003,1.877
pol,sex_t,age_aggregate_yge65,geo_cov_nat,2004,2.382
pol,sex_t,age_aggregate_yge65,geo_cov_nat,2005,2.468
pol,sex_t,age_aggregate_yge65,geo_cov_nat,2006,14.726
pol,sex_t,age_aggregate_yge65,geo_cov_nat,2007,16.589
pol,sex_t,age_aggregate_yge65,geo_cov_nat,2008,11.756
pol,sex_t,age_aggregate_yge65,geo_cov_nat,2009,10.512
pol,sex_t,age_aggregate_yge65,geo_cov_nat,2010,13.177
pol,sex_t,age_aggregate_yge65,geo_cov_nat,2011,9.887
pol,sex_t,age_aggregate_yge65,geo_cov_nat,2012,12.12
pol,sex_t,age_aggregate_yge65,geo_cov_nat,2013,14.092
pol,sex_t,age_aggregate_yge65,geo_cov_nat,2014,12.336
pol,sex_t,age_aggregate_yge65,geo_cov_nat,2015,4.449
pol,sex_t,age_aggregate_yge65,geo_cov_nat,2016,4.504
pol,sex_t,age_aggregate_yge65,geo_cov_nat,2017,3.412
pol,sex_t,age_aggregate_yge65,geo_cov_nat,2018,2.09
pol,sex_t,age_aggregate_yge65,geo_cov_nat,2019,1.849
pol,sex_t,age_aggregate_yge65,geo_cov_nat,2020,2.244
pol,sex_t,age_aggregate_yge65,geo_cov_nat,2021,3.614
pol,sex_t,age_aggregate_yge65,geo_cov_nat,2022,3.399
pol,sex_t,age_aggregate_yge65,geo_cov_nat,2023,3.586
pol,sex_t,age_aggregate_yge65,geo_cov_nat,2024,2.846
pol,sex_t,age_aggregate_yge65,geo_cov_rur,2003,0.749
pol,sex_t,age_aggregate_yge65,geo_cov_rur,2004,0.478
pol,sex_t,age_aggregate_yge65,geo_cov_rur,2005,0.929
pol,sex_t,age_aggregate_yge65,geo_cov_rur,2006,4.895
pol,sex_t,age_aggregate_yge65,geo_cov_rur,2007,4.828
pol,sex_t,age_aggregate_yge65,geo_cov_rur,2008,4.963
pol,sex_t,age_aggregate_yge65,geo_cov_rur,2009,6.75
pol,sex_t,age_aggregate_yge65,geo_cov_rur,2010,8.266
pol,sex_t,age_aggregate_yge65,geo_cov_rur,2011,8.001
pol,sex_t,age_aggregate_yge65,geo_cov_rur,2012,5.852
pol,sex_t,age_aggregate_yge65,geo_cov_rur,2013,7.286
pol,sex_t,age_aggregate_yge65,geo_cov_rur,2014,8.088
pol,sex_t,age_aggregate_yge65,geo_cov_rur,2015,2.189
pol,sex_t,age_aggregate_yge65,geo_cov_rur,2016,2.724
pol,sex_t,age_aggregate_yge65,geo_cov_rur,2017,1.535
pol,sex_t,age_aggregate_yge65,geo_cov_rur,2018,1.464
pol,sex_t,age_aggregate_yge65,geo_cov_rur,2019,0.966
pol,sex_t,age_aggregate_yge65,geo_cov_rur,2020,0.794
pol,sex_t,age_aggregate_yge65,geo_cov_rur,2021,2.605
pol,sex_t,age_aggregate_yge65,geo_cov_rur,2022,2.648
pol,sex_t,age_aggregate_yge65,geo_cov_rur,2023,3.048
pol,sex_t,age_aggregate_yge65,geo_cov_rur,2024,2.868
pol,sex_t,age_aggregate_yge65,geo_cov_urb,2003,3.941
pol,sex_t,age_aggregate_yge65,geo_cov_urb,2004,5.624
pol,sex_t,age_aggregate_yge65,geo_cov_urb,2005,4.782
pol,sex_t,age_aggregate_yge65,geo_cov_urb,2006,22.216
pol,sex_t,age_aggregate_yge65,geo_cov_urb,2007,27.028
pol,sex_t,age_aggregate_yge65,geo_cov_urb,2008,17.881
pol,sex_t,age_aggregate_yge65,geo_cov_urb,2009,13.072
pol,sex_t,age_aggregate_yge65,geo_cov_urb,2010,15.867
pol,sex_t,age_aggregate_yge65,geo_cov_urb,2011,10.977
pol,sex_t,age_aggregate_yge65,geo_cov_urb,2012,15.722
pol,sex_t,age_aggregate_yge65,geo_cov_urb,2013,17.414
pol,sex_t,age_aggregate_yge65,geo_cov_urb,2014,14.263
pol,sex_t,age_aggregate_yge65,geo_cov_urb,2015,5.392
pol,sex_t,age_aggregate_yge65,geo_cov_urb,2016,5.233
pol,sex_t,age_aggregate_yge65,geo_cov_urb,2017,4.217
pol,sex_t,age_aggregate_yge65,geo_cov_urb,2018,2.341
pol,sex_t,age_aggregate_yge65,geo_cov_urb,2019,2.167
pol,sex_t,age_aggregate_yge65,geo_cov_urb,2020,2.78
pol,sex_t,age_aggregate_yge65,geo_cov_urb,2021,3.932
pol,sex_t,age_aggregate_yge65,geo_cov_urb,2022,3.637
pol,sex_t,age_aggregate_yge65,geo_cov_urb,2023,3.743
pol,sex_t,age_aggregate_yge65,geo_cov_urb,2024,2.839
pol,sex_t,age_ythadult_y15_24,geo_cov_nat,2003,44.776
pol,sex_t,age_ythadult_y15_24,geo_cov_nat,2004,41.992
pol,sex_t,age_ythadult_y15_24,geo_cov_nat,2005,38.849
pol,sex_t,age_ythadult_y15_24,geo_cov_nat,2006,35.962
pol,sex_t,age_ythadult_y15_24,geo_cov_nat,2007,28.388
pol,sex_t,age_ythadult_y15_24,geo_cov_nat,2008,22.959
pol,sex_t,age_ythadult_y15_24,geo_cov_nat,2009,26.336
pol,sex_t,age_ythadult_y15_24,geo_cov_nat,2010,29.091
pol,sex_t,age_ythadult_y15_24,geo_cov_nat,2011,31.196
pol,sex_t,age_ythadult_y15_24,geo_cov_nat,2012,31.804
pol,sex_t,age_ythadult_y15_24,geo_cov_nat,2013,32.793
pol,sex_t,age_ythadult_y15_24,geo_cov_nat,2014,29.48
pol,sex_t,age_ythadult_y15_24,geo_cov_nat,2015,23.663
pol,sex_t,age_ythadult_y15_24,geo_cov_nat,2016,20.198
pol,sex_t,age_ythadult_y15_24,geo_cov_nat,2017,17.311
pol,sex_t,age_ythadult_y15_24,geo_cov_nat,2018,14.296
pol,sex_t,age_ythadult_y15_24,geo_cov_nat,2019,12.008
pol,sex_t,age_ythadult_y15_24,geo_cov_nat,2020,13.653
pol,sex_t,age_ythadult_y15_24,geo_cov_nat,2021,15.528
pol,sex_t,age_ythadult_y15_24,geo_cov_nat,2022,13.839
pol,sex_t,age_ythadult_y15_24,geo_cov_nat,2023,14.152
pol,sex_t,age_ythadult_y15_24,geo_cov_nat,2024,14.21
pol,sex_t,age_ythadult_y15_24,geo_cov_rur,2003,39.519
pol,sex_t,age_ythadult_y15_24,geo_cov_rur,2004,37.51
pol,sex_t,age_ythadult_y15_24,geo_cov_rur,2005,34.04
pol,sex_t,age_ythadult_y15_24,geo_cov_rur,2006,34.493
pol,sex_t,age_ythadult_y15_24,geo_cov_rur,2007,28.141
pol,sex_t,age_ythadult_y15_24,geo_cov_rur,2008,23.261
pol,sex_t,age_ythadult_y15_24,geo_cov_rur,2009,27.539
pol,sex_t,age_ythadult_y15_24,geo_cov_rur,2010,28.746
pol,sex_t,age_ythadult_y15_24,geo_cov_rur,2011,31.723
pol,sex_t,age_ythadult_y15_24,geo_cov_rur,2012,32.26
pol,sex_t,age_ythadult_y15_24,geo_cov_rur,2013,34.279
pol,sex_t,age_ythadult_y15_24,geo_cov_rur,2014,30.946
pol,sex_t,age_ythadult_y15_24,geo_cov_rur,2015,25.305
pol,sex_t,age_ythadult_y15_24,geo_cov_rur,2016,20.701
pol,sex_t,age_ythadult_y15_24,geo_cov_rur,2017,18.115
pol,sex_t,age_ythadult_y15_24,geo_cov_rur,2018,16.088
pol,sex_t,age_ythadult_y15_24,geo_cov_rur,2019,12.46
pol,sex_t,age_ythadult_y15_24,geo_cov_rur,2020,13.495
pol,sex_t,age_ythadult_y15_24,geo_cov_rur,2021,16.381
pol,sex_t,age_ythadult_y15_24,geo_cov_rur,2022,14.884
pol,sex_t,age_ythadult_y15_24,geo_cov_rur,2023,15.598
pol,sex_t,age_ythadult_y15_24,geo_cov_rur,2024,15.351
pol,sex_t,age_ythadult_y15_24,geo_cov_urb,2003,49.113
pol,sex_t,age_ythadult_y15_24,geo_cov_urb,2004,45.856
pol,sex_t,age_ythadult_y15_24,geo_cov_urb,2005,43.033
pol,sex_t,age_ythadult_y15_24,geo_cov_urb,2006,37.471
pol,sex_t,age_ythadult_y15_24,geo_cov_urb,2007,28.637
pol,sex_t,age_ythadult_y15_24,geo_cov_urb,2008,22.655
pol,sex_t,age_ythadult_y15_24,geo_cov_urb,2009,25.061
pol,sex_t,age_ythadult_y15_24,geo_cov_urb,2010,29.447
pol,sex_t,age_ythadult_y15_24,geo_cov_urb,2011,30.663
pol,sex_t,age_ythadult_y15_24,geo_cov_urb,2012,31.367
pol,sex_t,age_ythadult_y15_24,geo_cov_urb,2013,31.307
pol,sex_t,age_ythadult_y15_24,geo_cov_urb,2014,28.015
pol,sex_t,age_ythadult_y15_24,geo_cov_urb,2015,21.869
pol,sex_t,age_ythadult_y15_24,geo_cov_urb,2016,19.591
pol,sex_t,age_ythadult_y15_24,geo_cov_urb,2017,16.324
pol,sex_t,age_ythadult_y15_24,geo_cov_urb,2018,12.231
pol,sex_t,age_ythadult_y15_24,geo_cov_urb,2019,11.492
pol,sex_t,age_ythadult_y15_24,geo_cov_urb,2020,13.841
pol,sex_t,age_ythadult_y15_24,geo_cov_urb,2021,14.855
pol,sex_t,age_ythadult_y15_24,geo_cov_urb,2022,12.983
pol,sex_t,age_ythadult_y15_24,geo_cov_urb,2023,12.961
pol,sex_t,age_ythadult_y15_24,geo_cov_urb,2024,13.286
pol,sex_t,age_ythadult_y15_64,geo_cov_nat,2003,21.257
pol,sex_t,age_ythadult_y15_64,geo_cov_nat,2004,20.081
pol,sex_t,age_ythadult_y15_64,geo_cov_nat,2005,18.806
pol,sex_t,age_ythadult_y15_64,geo_cov_nat,2006,18.57
pol,sex_t,age_ythadult_y15_64,geo_cov_nat,2007,14.169
pol,sex_t,age_ythadult_y15_64,geo_cov_nat,2008,10.886
pol,sex_t,age_ythadult_y15_64,geo_cov_nat,2009,11.834
pol,sex_t,age_ythadult_y15_64,geo_cov_nat,2010,13.189
pol,sex_t,age_ythadult_y15_64,geo_cov_nat,2011,13.168
pol,sex_t,age_ythadult_y15_64,geo_cov_nat,2012,13.586
pol,sex_t,age_ythadult_y15_64,geo_cov_nat,2013,13.977
pol,sex_t,age_ythadult_y15_64,geo_cov_nat,2014,12.594
pol,sex_t,age_ythadult_y15_64,geo_cov_nat,2015,10.246
pol,sex_t,age_ythadult_y15_64,geo_cov_nat,2016,8.574
pol,sex_t,age_ythadult_y15_64,geo_cov_nat,2017,7.141
pol,sex_t,age_ythadult_y15_64,geo_cov_nat,2018,5.816
pol,sex_t,age_ythadult_y15_64,geo_cov_nat,2019,4.961
pol,sex_t,age_ythadult_y15_64,geo_cov_nat,2020,4.891
pol,sex_t,age_ythadult_y15_64,geo_cov_nat,2021,4.769
pol,sex_t,age_ythadult_y15_64,geo_cov_nat,2022,4.08
pol,sex_t,age_ythadult_y15_64,geo_cov_nat,2023,3.949
pol,sex_t,age_ythadult_y15_64,geo_cov_nat,2024,4.095
pol,sex_t,age_ythadult_y15_64,geo_cov_rur,2003,19.587
pol,sex_t,age_ythadult_y15_64,geo_cov_rur,2004,18.869
pol,sex_t,age_ythadult_y15_64,geo_cov_rur,2005,17.337
pol,sex_t,age_ythadult_y15_64,geo_cov_rur,2006,19.103
pol,sex_t,age_ythadult_y15_64,geo_cov_rur,2007,14.821
pol,sex_t,age_ythadult_y15_64,geo_cov_rur,2008,11.786
pol,sex_t,age_ythadult_y15_64,geo_cov_rur,2009,13.312
pol,sex_t,age_ythadult_y15_64,geo_cov_rur,2010,14.08
pol,sex_t,age_ythadult_y15_64,geo_cov_rur,2011,14.161
pol,sex_t,age_ythadult_y15_64,geo_cov_rur,2012,14.401
pol,sex_t,age_ythadult_y15_64,geo_cov_rur,2013,14.865
pol,sex_t,age_ythadult_y15_64,geo_cov_rur,2014,13.477
pol,sex_t,age_ythadult_y15_64,geo_cov_rur,2015,10.853
pol,sex_t,age_ythadult_y15_64,geo_cov_rur,2016,9.223
pol,sex_t,age_ythadult_y15_64,geo_cov_rur,2017,7.721
pol,sex_t,age_ythadult_y15_64,geo_cov_rur,2018,6.572
pol,sex_t,age_ythadult_y15_64,geo_cov_rur,2019,5.238
pol,sex_t,age_ythadult_y15_64,geo_cov_rur,2020,5.162
pol,sex_t,age_ythadult_y15_64,geo_cov_rur,2021,5.259
pol,sex_t,age_ythadult_y15_64,geo_cov_rur,2022,4.715
pol,sex_t,age_ythadult_y15_64,geo_cov_rur,2023,4.49
pol,sex_t,age_ythadult_y15_64,geo_cov_rur,2024,4.641
pol,sex_t,age_ythadult_y15_64,geo_cov_urb,2003,22.248
pol,sex_t,age_ythadult_y15_64,geo_cov_urb,2004,20.811
pol,sex_t,age_ythadult_y15_64,geo_cov_urb,2005,19.694
pol,sex_t,age_ythadult_y15_64,geo_cov_urb,2006,18.122
pol,sex_t,age_ythadult_y15_64,geo_cov_urb,2007,13.629
pol,sex_t,age_ythadult_y15_64,geo_cov_urb,2008,10.152
pol,sex_t,age_ythadult_y15_64,geo_cov_urb,2009,10.643
pol,sex_t,age_ythadult_y15_64,geo_cov_urb,2010,12.467
pol,sex_t,age_ythadult_y15_64,geo_cov_urb,2011,12.392
pol,sex_t,age_ythadult_y15_64,geo_cov_urb,2012,13.038
pol,sex_t,age_ythadult_y15_64,geo_cov_urb,2013,13.376
pol,sex_t,age_ythadult_y15_64,geo_cov_urb,2014,11.997
pol,sex_t,age_ythadult_y15_64,geo_cov_urb,2015,9.85
pol,sex_t,age_ythadult_y15_64,geo_cov_urb,2016,8.142
pol,sex_t,age_ythadult_y15_64,geo_cov_urb,2017,6.752
pol,sex_t,age_ythadult_y15_64,geo_cov_urb,2018,5.308
pol,sex_t,age_ythadult_y15_64,geo_cov_urb,2019,4.773
pol,sex_t,age_ythadult_y15_64,geo_cov_urb,2020,4.706
pol,sex_t,age_ythadult_y15_64,geo_cov_urb,2021,4.505
pol,sex_t,age_ythadult_y15_64,geo_cov_urb,2022,3.724
pol,sex_t,age_ythadult_y15_64,geo_cov_urb,2023,3.646
pol,sex_t,age_ythadult_y15_64,geo_cov_urb,2024,3.791
pol,sex_t,age_ythadult_yge15,geo_cov_nat,2003,20.902
pol,sex_t,age_ythadult_yge15,geo_cov_nat,2004,19.757
pol,sex_t,age_ythadult_yge15,geo_cov_nat,2005,18.514
pol,sex_t,age_ythadult_yge15,geo_cov_nat,2006,18.506
pol,sex_t,age_ythadult_yge15,geo_cov_nat,2007,14.209
pol,sex_t,age_ythadult_yge15,geo_cov_nat,2008,10.899
pol,sex_t,age_ythadult_yge15,geo_cov_nat,2009,11.814
pol,sex_t,age_ythadult_yge15,geo_cov_nat,2010,13.189
pol,sex_t,age_ythadult_yge15,geo_cov_nat,2011,13.118
pol,sex_t,age_ythadult_yge15,geo_cov_nat,2012,13.563
pol,sex_t,age_ythadult_yge15,geo_cov_nat,2013,13.979
pol,sex_t,age_ythadult_yge15,geo_cov_nat,2014,12.59
pol,sex_t,age_ythadult_yge15,geo_cov_nat,2015,10.154
pol,sex_t,age_ythadult_yge15,geo_cov_nat,2016,8.503
pol,sex_t,age_ythadult_yge15,geo_cov_nat,2017,7.066
pol,sex_t,age_ythadult_yge15,geo_cov_nat,2018,5.739
pol,sex_t,age_ythadult_yge15,geo_cov_nat,2019,4.894
pol,sex_t,age_ythadult_yge15,geo_cov_nat,2020,4.83
pol,sex_t,age_ythadult_yge15,geo_cov_nat,2021,4.741
pol,sex_t,age_ythadult_yge15,geo_cov_nat,2022,4.063
pol,sex_t,age_ythadult_yge15,geo_cov_nat,2023,3.94
pol,sex_t,age_ythadult_yge15,geo_cov_nat,2024,4.062
pol,sex_t,age_ythadult_yge15,geo_cov_rur,2003,18.997
pol,sex_t,age_ythadult_yge15,geo_cov_rur,2004,18.312
pol,sex_t,age_ythadult_yge15,geo_cov_rur,2005,16.875
pol,sex_t,age_ythadult_yge15,geo_cov_rur,2006,18.878
pol,sex_t,age_ythadult_yge15,geo_cov_rur,2007,14.65
pol,sex_t,age_ythadult_yge15,geo_cov_rur,2008,11.675
pol,sex_t,age_ythadult_yge15,geo_cov_rur,2009,13.224
pol,sex_t,age_ythadult_yge15,geo_cov_rur,2010,14.009
pol,sex_t,age_ythadult_yge15,geo_cov_rur,2011,14.082
pol,sex_t,age_ythadult_yge15,geo_cov_rur,2012,14.278
pol,sex_t,age_ythadult_yge15,geo_cov_rur,2013,14.764
pol,sex_t,age_ythadult_yge15,geo_cov_rur,2014,13.406
pol,sex_t,age_ythadult_yge15,geo_cov_rur,2015,10.75
pol,sex_t,age_ythadult_yge15,geo_cov_rur,2016,9.14
pol,sex_t,age_ythadult_yge15,geo_cov_rur,2017,7.628
pol,sex_t,age_ythadult_yge15,geo_cov_rur,2018,6.497
pol,sex_t,age_ythadult_yge15,geo_cov_rur,2019,5.178
pol,sex_t,age_ythadult_yge15,geo_cov_rur,2020,5.094
pol,sex_t,age_ythadult_yge15,geo_cov_rur,2021,5.215
pol,sex_t,age_ythadult_yge15,geo_cov_rur,2022,4.68
pol,sex_t,age_ythadult_yge15,geo_cov_rur,2023,4.467
pol,sex_t,age_ythadult_yge15,geo_cov_rur,2024,4.61
pol,sex_t,age_ythadult_yge15,geo_cov_urb,2003,22.058
pol,sex_t,age_ythadult_yge15,geo_cov_urb,2004,20.645
pol,sex_t,age_ythadult_yge15,geo_cov_urb,2005,19.522
pol,sex_t,age_ythadult_yge15,geo_cov_urb,2006,18.194
pol,sex_t,age_ythadult_yge15,geo_cov_urb,2007,13.842
pol,sex_t,age_ythadult_yge15,geo_cov_urb,2008,10.266
pol,sex_t,age_ythadult_yge15,geo_cov_urb,2009,10.682
pol,sex_t,age_ythadult_yge15,geo_cov_urb,2010,12.528
pol,sex_t,age_ythadult_yge15,geo_cov_urb,2011,12.367
pol,sex_t,age_ythadult_yge15,geo_cov_urb,2012,13.083
pol,sex_t,age_ythadult_yge15,geo_cov_urb,2013,13.45
pol,sex_t,age_ythadult_yge15,geo_cov_urb,2014,12.041
pol,sex_t,age_ythadult_yge15,geo_cov_urb,2015,9.768
pol,sex_t,age_ythadult_yge15,geo_cov_urb,2016,8.082
pol,sex_t,age_ythadult_yge15,geo_cov_urb,2017,6.692
pol,sex_t,age_ythadult_yge15,geo_cov_urb,2018,5.237
pol,sex_t,age_ythadult_yge15,geo_cov_urb,2019,4.704
pol,sex_t,age_ythadult_yge15,geo_cov_urb,2020,4.651
pol,sex_t,age_ythadult_yge15,geo_cov_urb,2021,4.489
pol,sex_t,age_ythadult_yge15,geo_cov_urb,2022,3.721
pol,sex_t,age_ythadult_yge15,geo_cov_urb,2023,3.649
pol,sex_t,age_ythadult_yge15,geo_cov_urb,2024,3.761
pol,sex_t,age_ythadult_yge25,geo_cov_nat,2003,17.676
pol,sex_t,age_ythadult_yge25,geo_cov_nat,2004,16.88
pol,sex_t,age_ythadult_yge25,geo_cov_nat,2005,15.995
pol,sex_t,age_ythadult_yge25,geo_cov_nat,2006,16.085
pol,sex_t,age_ythadult_yge25,geo_cov_nat,2007,12.377
pol,sex_t,age_ythadult_yge25,geo_cov_nat,2008,9.436
pol,sex_t,age_ythadult_yge25,geo_cov_nat,2009,10.105
pol,sex_t,age_ythadult_yge25,geo_cov_nat,2010,11.322
pol,sex_t,age_ythadult_yge25,geo_cov_nat,2011,11.16
pol,sex_t,age_ythadult_yge25,geo_cov_nat,2012,11.682
pol,sex_t,age_ythadult_yge25,geo_cov_nat,2013,12.137
pol,sex_t,age_ythadult_yge25,geo_cov_nat,2014,10.989
pol,sex_t,age_ythadult_yge25,geo_cov_nat,2015,8.985
pol,sex_t,age_ythadult_yge25,geo_cov_nat,2016,7.481
pol,sex_t,age_ythadult_yge25,geo_cov_nat,2017,6.204
pol,sex_t,age_ythadult_yge25,geo_cov_nat,2018,5.04
pol,sex_t,age_ythadult_yge25,geo_cov_nat,2019,4.33
pol,sex_t,age_ythadult_yge25,geo_cov_nat,2020,4.212
pol,sex_t,age_ythadult_yge25,geo_cov_nat,2021,4
pol,sex_t,age_ythadult_yge25,geo_cov_nat,2022,3.394
pol,sex_t,age_ythadult_yge25,geo_cov_nat,2023,3.228
pol,sex_t,age_ythadult_yge25,geo_cov_nat,2024,3.35
pol,sex_t,age_ythadult_yge25,geo_cov_rur,2003,15.583
pol,sex_t,age_ythadult_yge25,geo_cov_rur,2004,15.2
pol,sex_t,age_ythadult_yge25,geo_cov_rur,2005,14.204
pol,sex_t,age_ythadult_yge25,geo_cov_rur,2006,16.434
pol,sex_t,age_ythadult_yge25,geo_cov_rur,2007,12.696
pol,sex_t,age_ythadult_yge25,geo_cov_rur,2008,10.082
pol,sex_t,age_ythadult_yge25,geo_cov_rur,2009,11.241
pol,sex_t,age_ythadult_yge25,geo_cov_rur,2010,12.007
pol,sex_t,age_ythadult_yge25,geo_cov_rur,2011,11.85
pol,sex_t,age_ythadult_yge25,geo_cov_rur,2012,11.969
pol,sex_t,age_ythadult_yge25,geo_cov_rur,2013,12.333
pol,sex_t,age_ythadult_yge25,geo_cov_rur,2014,11.291
pol,sex_t,age_ythadult_yge25,geo_cov_rur,2015,9.025
pol,sex_t,age_ythadult_yge25,geo_cov_rur,2016,7.703
pol,sex_t,age_ythadult_yge25,geo_cov_rur,2017,6.371
pol,sex_t,age_ythadult_yge25,geo_cov_rur,2018,5.415
pol,sex_t,age_ythadult_yge25,geo_cov_rur,2019,4.387
pol,sex_t,age_ythadult_yge25,geo_cov_rur,2020,4.279
pol,sex_t,age_ythadult_yge25,geo_cov_rur,2021,4.219
pol,sex_t,age_ythadult_yge25,geo_cov_rur,2022,3.782
pol,sex_t,age_ythadult_yge25,geo_cov_rur,2023,3.462
pol,sex_t,age_ythadult_yge25,geo_cov_rur,2024,3.643
pol,sex_t,age_ythadult_yge25,geo_cov_urb,2003,18.891
pol,sex_t,age_ythadult_yge25,geo_cov_urb,2004,17.865
pol,sex_t,age_ythadult_yge25,geo_cov_urb,2005,17.048
pol,sex_t,age_ythadult_yge25,geo_cov_urb,2006,15.8
pol,sex_t,age_ythadult_yge25,geo_cov_urb,2007,12.119
pol,sex_t,age_ythadult_yge25,geo_cov_urb,2008,8.923
pol,sex_t,age_ythadult_yge25,geo_cov_urb,2009,9.222
pol,sex_t,age_ythadult_yge25,geo_cov_urb,2010,10.786
pol,sex_t,age_ythadult_yge25,geo_cov_urb,2011,10.638
pol,sex_t,age_ythadult_yge25,geo_cov_urb,2012,11.496
pol,sex_t,age_ythadult_yge25,geo_cov_urb,2013,12.01
pol,sex_t,age_ythadult_yge25,geo_cov_urb,2014,10.793
pol,sex_t,age_ythadult_yge25,geo_cov_urb,2015,8.96
pol,sex_t,age_ythadult_yge25,geo_cov_urb,2016,7.342
pol,sex_t,age_ythadult_yge25,geo_cov_urb,2017,6.1
pol,sex_t,age_ythadult_yge25,geo_cov_urb,2018,4.803
pol,sex_t,age_ythadult_yge25,geo_cov_urb,2019,4.293
pol,sex_t,age_ythadult_yge25,geo_cov_urb,2020,4.169
pol,sex_t,age_ythadult_yge25,geo_cov_urb,2021,3.887
pol,sex_t,age_ythadult_yge25,geo_cov_urb,2022,3.185
pol,sex_t,age_ythadult_yge25,geo_cov_urb,2023,3.103
pol,sex_t,age_ythadult_yge25,geo_cov_urb,2024,3.195
prt,sex_f,age_aggregate_total,geo_cov_nat,1998,8.3
prt,sex_f,age_aggregate_total,geo_cov_nat,1999,7.187
prt,sex_f,age_aggregate_total,geo_cov_nat,2000,6.771
prt,sex_f,age_aggregate_total,geo_cov_nat,2001,6.866
prt,sex_f,age_aggregate_total,geo_cov_nat,2002,7.211
prt,sex_f,age_aggregate_total,geo_cov_nat,2003,9.28
prt,sex_f,age_aggregate_total,geo_cov_nat,2004,9.326
prt,sex_f,age_aggregate_total,geo_cov_nat,2005,10.433
prt,sex_f,age_aggregate_total,geo_cov_nat,2006,10.95
prt,sex_f,age_aggregate_total,geo_cov_nat,2007,11.303
prt,sex_f,age_aggregate_total,geo_cov_nat,2008,10.525
prt,sex_f,age_aggregate_total,geo_cov_nat,2009,11.652
prt,sex_f,age_aggregate_total,geo_cov_nat,2010,13.55
prt,sex_f,age_aggregate_total,geo_cov_nat,2011,16.855
prt,sex_f,age_aggregate_total,geo_cov_nat,2012,19.974
prt,sex_f,age_aggregate_total,geo_cov_nat,2013,21.629
prt,sex_f,age_aggregate_total,geo_cov_nat,2014,19.62
prt,sex_f,age_aggregate_total,geo_cov_nat,2015,17.844
prt,sex_f,age_aggregate_total,geo_cov_nat,2016,15.762
prt,sex_f,age_aggregate_total,geo_cov_nat,2017,13.772
prt,sex_f,age_aggregate_total,geo_cov_nat,2018,11.199
prt,sex_f,age_aggregate_total,geo_cov_nat,2019,10.641
prt,sex_f,age_aggregate_total,geo_cov_nat,2020,11.753
prt,sex_f,age_aggregate_total,geo_cov_nat,2021,10.808
prt,sex_f,age_aggregate_total,geo_cov_nat,2022,9.347
prt,sex_f,age_aggregate_total,geo_cov_nat,2023,9.114
prt,sex_f,age_aggregate_total,geo_cov_nat,2024,9.194
prt,sex_f,age_aggregate_total,geo_cov_rur,1998,10.111
prt,sex_f,age_aggregate_total,geo_cov_rur,1999,8.438
prt,sex_f,age_aggregate_total,geo_cov_rur,2000,6.868
prt,sex_f,age_aggregate_total,geo_cov_rur,2001,6.08
prt,sex_f,age_aggregate_total,geo_cov_rur,2002,7.388
prt,sex_f,age_aggregate_total,geo_cov_rur,2003,8.702
prt,sex_f,age_aggregate_total,geo_cov_rur,2004,9.02
prt,sex_f,age_aggregate_total,geo_cov_rur,2005,8.933
prt,sex_f,age_aggregate_total,geo_cov_rur,2006,9.721
prt,sex_f,age_aggregate_total,geo_cov_rur,2007,10.316
prt,sex_f,age_aggregate_total,geo_cov_rur,2008,9.668
prt,sex_f,age_aggregate_total,geo_cov_rur,2009,10.075
prt,sex_f,age_aggregate_total,geo_cov_rur,2010,12.718
prt,sex_f,age_aggregate_total,geo_cov_rur,2011,16.843
prt,sex_f,age_aggregate_total,geo_cov_rur,2012,19.973
prt,sex_f,age_aggregate_total,geo_cov_rur,2013,20.001
prt,sex_f,age_aggregate_total,geo_cov_rur,2014,18.781
prt,sex_f,age_aggregate_total,geo_cov_rur,2015,17.088
prt,sex_f,age_aggregate_total,geo_cov_rur,2016,15.005
prt,sex_f,age_aggregate_total,geo_cov_rur,2017,13.401
prt,sex_f,age_aggregate_total,geo_cov_rur,2018,11.313
prt,sex_f,age_aggregate_total,geo_cov_rur,2019,11.484
prt,sex_f,age_aggregate_total,geo_cov_rur,2020,11.724
prt,sex_f,age_aggregate_total,geo_cov_rur,2021,10.468
prt,sex_f,age_aggregate_total,geo_cov_rur,2022,8.933
prt,sex_f,age_aggregate_total,geo_cov_rur,2023,8.011
prt,sex_f,age_aggregate_total,geo_cov_rur,2024,9.459
prt,sex_f,age_aggregate_total,geo_cov_urb,1998,7.736
prt,sex_f,age_aggregate_total,geo_cov_urb,1999,6.802
prt,sex_f,age_aggregate_total,geo_cov_urb,2000,6.741
prt,sex_f,age_aggregate_total,geo_cov_urb,2001,7.097
prt,sex_f,age_aggregate_total,geo_cov_urb,2002,7.155
prt,sex_f,age_aggregate_total,geo_cov_urb,2003,9.452
prt,sex_f,age_aggregate_total,geo_cov_urb,2004,9.417
prt,sex_f,age_aggregate_total,geo_cov_urb,2005,10.886
prt,sex_f,age_aggregate_total,geo_cov_urb,2006,11.312
prt,sex_f,age_aggregate_total,geo_cov_urb,2007,11.587
prt,sex_f,age_aggregate_total,geo_cov_urb,2008,10.771
prt,sex_f,age_aggregate_total,geo_cov_urb,2009,12.104
prt,sex_f,age_aggregate_total,geo_cov_urb,2010,13.789
prt,sex_f,age_aggregate_total,geo_cov_urb,2011,16.859
prt,sex_f,age_aggregate_total,geo_cov_urb,2012,19.974
prt,sex_f,age_aggregate_total,geo_cov_urb,2013,22.165
prt,sex_f,age_aggregate_total,geo_cov_urb,2014,19.886
prt,sex_f,age_aggregate_total,geo_cov_urb,2015,18.077
prt,sex_f,age_aggregate_total,geo_cov_urb,2016,15.982
prt,sex_f,age_aggregate_total,geo_cov_urb,2017,13.879
prt,sex_f,age_aggregate_total,geo_cov_urb,2018,11.167
prt,sex_f,age_aggregate_total,geo_cov_urb,2019,10.415
prt,sex_f,age_aggregate_total,geo_cov_urb,2020,11.761
prt,sex_f,age_aggregate_total,geo_cov_urb,2021,10.907
prt,sex_f,age_aggregate_total,geo_cov_urb,2022,9.464
prt,sex_f,age_aggregate_total,geo_cov_urb,2023,9.4
prt,sex_f,age_aggregate_total,geo_cov_urb,2024,9.126
prt,sex_f,age_aggregate_y15_24,geo_cov_nat,1998,14.06
prt,sex_f,age_aggregate_y15_24,geo_cov_nat,1999,14.412
prt,sex_f,age_aggregate_y15_24,geo_cov_nat,2000,14.845
prt,sex_f,age_aggregate_y15_24,geo_cov_nat,2001,15.385
prt,sex_f,age_aggregate_y15_24,geo_cov_nat,2002,15.842
prt,sex_f,age_aggregate_y15_24,geo_cov_nat,2003,19.802
prt,sex_f,age_aggregate_y15_24,geo_cov_nat,2004,18.902
prt,sex_f,age_aggregate_y15_24,geo_cov_nat,2005,22.232
prt,sex_f,age_aggregate_y15_24,geo_cov_nat,2006,21.672
prt,sex_f,age_aggregate_y15_24,geo_cov_nat,2007,23.574
prt,sex_f,age_aggregate_y15_24,geo_cov_nat,2008,23.316
prt,sex_f,age_aggregate_y15_24,geo_cov_nat,2009,23.794
prt,sex_f,age_aggregate_y15_24,geo_cov_nat,2010,26.669
prt,sex_f,age_aggregate_y15_24,geo_cov_nat,2011,38.401
prt,sex_f,age_aggregate_y15_24,geo_cov_nat,2012,46.331
prt,sex_f,age_aggregate_y15_24,geo_cov_nat,2013,48.803
prt,sex_f,age_aggregate_y15_24,geo_cov_nat,2014,44.876
prt,sex_f,age_aggregate_y15_24,geo_cov_nat,2015,43.623
prt,sex_f,age_aggregate_y15_24,geo_cov_nat,2016,37.864
prt,sex_f,age_aggregate_y15_24,geo_cov_nat,2017,34.427
prt,sex_f,age_aggregate_y15_24,geo_cov_nat,2018,29.565
prt,sex_f,age_aggregate_y15_24,geo_cov_nat,2019,29.395
prt,sex_f,age_aggregate_y15_24,geo_cov_nat,2020,35.228
prt,sex_f,age_aggregate_y15_24,geo_cov_nat,2021,34.947
prt,sex_f,age_aggregate_y15_24,geo_cov_nat,2022,27.387
prt,sex_f,age_aggregate_y15_24,geo_cov_nat,2023,25.756
prt,sex_f,age_aggregate_y15_24,geo_cov_nat,2024,28.054
prt,sex_f,age_aggregate_y15_24,geo_cov_rur,1998,18.799
prt,sex_f,age_aggregate_y15_24,geo_cov_rur,1999,21.215
prt,sex_f,age_aggregate_y15_24,geo_cov_rur,2000,19.222
prt,sex_f,age_aggregate_y15_24,geo_cov_rur,2001,19.371
prt,sex_f,age_aggregate_y15_24,geo_cov_rur,2002,23.166
prt,sex_f,age_aggregate_y15_24,geo_cov_rur,2003,25.378
prt,sex_f,age_aggregate_y15_24,geo_cov_rur,2004,23.204
prt,sex_f,age_aggregate_y15_24,geo_cov_rur,2005,26.581
prt,sex_f,age_aggregate_y15_24,geo_cov_rur,2006,26.911
prt,sex_f,age_aggregate_y15_24,geo_cov_rur,2007,25.242
prt,sex_f,age_aggregate_y15_24,geo_cov_rur,2008,22.871
prt,sex_f,age_aggregate_y15_24,geo_cov_rur,2009,26.92
prt,sex_f,age_aggregate_y15_24,geo_cov_rur,2010,31.477
prt,sex_f,age_aggregate_y15_24,geo_cov_rur,2011,43.958
prt,sex_f,age_aggregate_y15_24,geo_cov_rur,2012,55.432
prt,sex_f,age_aggregate_y15_24,geo_cov_rur,2013,49.424
prt,sex_f,age_aggregate_y15_24,geo_cov_rur,2014,42.786
prt,sex_f,age_aggregate_y15_24,geo_cov_rur,2015,47.736
prt,sex_f,age_aggregate_y15_24,geo_cov_rur,2016,37.222
prt,sex_f,age_aggregate_y15_24,geo_cov_rur,2017,35.261
prt,sex_f,age_aggregate_y15_24,geo_cov_rur,2018,32.499
prt,sex_f,age_aggregate_y15_24,geo_cov_rur,2019,33.116
prt,sex_f,age_aggregate_y15_24,geo_cov_rur,2020,38.685
prt,sex_f,age_aggregate_y15_24,geo_cov_rur,2021,31.455
prt,sex_f,age_aggregate_y15_24,geo_cov_rur,2022,26.451
prt,sex_f,age_aggregate_y15_24,geo_cov_rur,2023,23.431
prt,sex_f,age_aggregate_y15_24,geo_cov_rur,2024,31.43
prt,sex_f,age_aggregate_y15_24,geo_cov_urb,1998,13.018
prt,sex_f,age_aggregate_y15_24,geo_cov_urb,1999,12.868
prt,sex_f,age_aggregate_y15_24,geo_cov_urb,2000,13.927
prt,sex_f,age_aggregate_y15_24,geo_cov_urb,2001,14.563
prt,sex_f,age_aggregate_y15_24,geo_cov_urb,2002,14.072
prt,sex_f,age_aggregate_y15_24,geo_cov_urb,2003,18.597
prt,sex_f,age_aggregate_y15_24,geo_cov_urb,2004,17.939
prt,sex_f,age_aggregate_y15_24,geo_cov_urb,2005,21.163
prt,sex_f,age_aggregate_y15_24,geo_cov_urb,2006,20.361
prt,sex_f,age_aggregate_y15_24,geo_cov_urb,2007,23.172
prt,sex_f,age_aggregate_y15_24,geo_cov_urb,2008,23.418
prt,sex_f,age_aggregate_y15_24,geo_cov_urb,2009,23.065
prt,sex_f,age_aggregate_y15_24,geo_cov_urb,2010,25.441
prt,sex_f,age_aggregate_y15_24,geo_cov_urb,2011,36.633
prt,sex_f,age_aggregate_y15_24,geo_cov_urb,2012,43.516
prt,sex_f,age_aggregate_y15_24,geo_cov_urb,2013,48.605
prt,sex_f,age_aggregate_y15_24,geo_cov_urb,2014,45.557
prt,sex_f,age_aggregate_y15_24,geo_cov_urb,2015,42.244
prt,sex_f,age_aggregate_y15_24,geo_cov_urb,2016,38.038
prt,sex_f,age_aggregate_y15_24,geo_cov_urb,2017,34.189
prt,sex_f,age_aggregate_y15_24,geo_cov_urb,2018,28.79
prt,sex_f,age_aggregate_y15_24,geo_cov_urb,2019,28.405
prt,sex_f,age_aggregate_y15_24,geo_cov_urb,2020,34.463
prt,sex_f,age_aggregate_y15_24,geo_cov_urb,2021,36.117
prt,sex_f,age_aggregate_y15_24,geo_cov_urb,2022,27.692
prt,sex_f,age_aggregate_y15_24,geo_cov_urb,2023,26.335
prt,sex_f,age_aggregate_y15_24,geo_cov_urb,2024,27.168
prt,sex_f,age_aggregate_y25_54,geo_cov_nat,1998,8.171
prt,sex_f,age_aggregate_y25_54,geo_cov_nat,1999,6.83
prt,sex_f,age_aggregate_y25_54,geo_cov_nat,2000,6.237
prt,sex_f,age_aggregate_y25_54,geo_cov_nat,2001,6.255
prt,sex_f,age_aggregate_y25_54,geo_cov_nat,2002,6.554
prt,sex_f,age_aggregate_y25_54,geo_cov_nat,2003,8.846
prt,sex_f,age_aggregate_y25_54,geo_cov_nat,2004,8.974
prt,sex_f,age_aggregate_y25_54,geo_cov_nat,2005,10.166
prt,sex_f,age_aggregate_y25_54,geo_cov_nat,2006,10.97
prt,sex_f,age_aggregate_y25_54,geo_cov_nat,2007,11.251
prt,sex_f,age_aggregate_y25_54,geo_cov_nat,2008,10.216
prt,sex_f,age_aggregate_y25_54,geo_cov_nat,2009,11.605
prt,sex_f,age_aggregate_y25_54,geo_cov_nat,2010,13.748
prt,sex_f,age_aggregate_y25_54,geo_cov_nat,2011,15.489
prt,sex_f,age_aggregate_y25_54,geo_cov_nat,2012,18.225
prt,sex_f,age_aggregate_y25_54,geo_cov_nat,2013,19.592
prt,sex_f,age_aggregate_y25_54,geo_cov_nat,2014,17.325
prt,sex_f,age_aggregate_y25_54,geo_cov_nat,2015,15.443
prt,sex_f,age_aggregate_y25_54,geo_cov_nat,2016,13.882
prt,sex_f,age_aggregate_y25_54,geo_cov_nat,2017,11.855
prt,sex_f,age_aggregate_y25_54,geo_cov_nat,2018,9.513
prt,sex_f,age_aggregate_y25_54,geo_cov_nat,2019,8.922
prt,sex_f,age_aggregate_y25_54,geo_cov_nat,2020,9.954
prt,sex_f,age_aggregate_y25_54,geo_cov_nat,2021,9.07
prt,sex_f,age_aggregate_y25_54,geo_cov_nat,2022,7.858
prt,sex_f,age_aggregate_y25_54,geo_cov_nat,2023,7.882
prt,sex_f,age_aggregate_y25_54,geo_cov_nat,2024,7.691
prt,sex_f,age_aggregate_y25_54,geo_cov_rur,1998,11.118
prt,sex_f,age_aggregate_y25_54,geo_cov_rur,1999,8.435
prt,sex_f,age_aggregate_y25_54,geo_cov_rur,2000,6.934
prt,sex_f,age_aggregate_y25_54,geo_cov_rur,2001,6.22
prt,sex_f,age_aggregate_y25_54,geo_cov_rur,2002,7.091
prt,sex_f,age_aggregate_y25_54,geo_cov_rur,2003,8.618
prt,sex_f,age_aggregate_y25_54,geo_cov_rur,2004,9.674
prt,sex_f,age_aggregate_y25_54,geo_cov_rur,2005,9.162
prt,sex_f,age_aggregate_y25_54,geo_cov_rur,2006,10.473
prt,sex_f,age_aggregate_y25_54,geo_cov_rur,2007,11.526
prt,sex_f,age_aggregate_y25_54,geo_cov_rur,2008,10.496
prt,sex_f,age_aggregate_y25_54,geo_cov_rur,2009,10.663
prt,sex_f,age_aggregate_y25_54,geo_cov_rur,2010,13.759
prt,sex_f,age_aggregate_y25_54,geo_cov_rur,2011,16.786
prt,sex_f,age_aggregate_y25_54,geo_cov_rur,2012,19.378
prt,sex_f,age_aggregate_y25_54,geo_cov_rur,2013,19.693
prt,sex_f,age_aggregate_y25_54,geo_cov_rur,2014,17.809
prt,sex_f,age_aggregate_y25_54,geo_cov_rur,2015,15.148
prt,sex_f,age_aggregate_y25_54,geo_cov_rur,2016,14.071
prt,sex_f,age_aggregate_y25_54,geo_cov_rur,2017,11.822
prt,sex_f,age_aggregate_y25_54,geo_cov_rur,2018,10.331
prt,sex_f,age_aggregate_y25_54,geo_cov_rur,2019,10.843
prt,sex_f,age_aggregate_y25_54,geo_cov_rur,2020,10.523
prt,sex_f,age_aggregate_y25_54,geo_cov_rur,2021,9.482
prt,sex_f,age_aggregate_y25_54,geo_cov_rur,2022,7.649
prt,sex_f,age_aggregate_y25_54,geo_cov_rur,2023,7.551
prt,sex_f,age_aggregate_y25_54,geo_cov_rur,2024,8.177
prt,sex_f,age_aggregate_y25_54,geo_cov_urb,1998,7.332
prt,sex_f,age_aggregate_y25_54,geo_cov_urb,1999,6.389
prt,sex_f,age_aggregate_y25_54,geo_cov_urb,2000,6.043
prt,sex_f,age_aggregate_y25_54,geo_cov_urb,2001,6.264
prt,sex_f,age_aggregate_y25_54,geo_cov_urb,2002,6.408
prt,sex_f,age_aggregate_y25_54,geo_cov_urb,2003,8.904
prt,sex_f,age_aggregate_y25_54,geo_cov_urb,2004,8.795
prt,sex_f,age_aggregate_y25_54,geo_cov_urb,2005,10.43
prt,sex_f,age_aggregate_y25_54,geo_cov_urb,2006,11.096
prt,sex_f,age_aggregate_y25_54,geo_cov_urb,2007,11.182
prt,sex_f,age_aggregate_y25_54,geo_cov_urb,2008,10.146
prt,sex_f,age_aggregate_y25_54,geo_cov_urb,2009,11.841
prt,sex_f,age_aggregate_y25_54,geo_cov_urb,2010,13.745
prt,sex_f,age_aggregate_y25_54,geo_cov_urb,2011,15.089
prt,sex_f,age_aggregate_y25_54,geo_cov_urb,2012,17.887
prt,sex_f,age_aggregate_y25_54,geo_cov_urb,2013,19.562
prt,sex_f,age_aggregate_y25_54,geo_cov_urb,2014,17.183
prt,sex_f,age_aggregate_y25_54,geo_cov_urb,2015,15.527
prt,sex_f,age_aggregate_y25_54,geo_cov_urb,2016,13.831
prt,sex_f,age_aggregate_y25_54,geo_cov_urb,2017,11.864
prt,sex_f,age_aggregate_y25_54,geo_cov_urb,2018,9.304
prt,sex_f,age_aggregate_y25_54,geo_cov_urb,2019,8.454
prt,sex_f,age_aggregate_y25_54,geo_cov_urb,2020,9.809
prt,sex_f,age_aggregate_y25_54,geo_cov_urb,2021,8.954
prt,sex_f,age_aggregate_y25_54,geo_cov_urb,2022,7.914
prt,sex_f,age_aggregate_y25_54,geo_cov_urb,2023,7.966
prt,sex_f,age_aggregate_y25_54,geo_cov_urb,2024,7.569
prt,sex_f,age_aggregate_y55_64,geo_cov_nat,1998,4.73
prt,sex_f,age_aggregate_y55_64,geo_cov_nat,1999,3.526
prt,sex_f,age_aggregate_y55_64,geo_cov_nat,2000,4.106
prt,sex_f,age_aggregate_y55_64,geo_cov_nat,2001,4.312
prt,sex_f,age_aggregate_y55_64,geo_cov_nat,2002,5.528
prt,sex_f,age_aggregate_y55_64,geo_cov_nat,2003,5.566
prt,sex_f,age_aggregate_y55_64,geo_cov_nat,2004,6.963
prt,sex_f,age_aggregate_y55_64,geo_cov_nat,2005,7
prt,sex_f,age_aggregate_y55_64,geo_cov_nat,2006,7.231
prt,sex_f,age_aggregate_y55_64,geo_cov_nat,2007,7.661
prt,sex_f,age_aggregate_y55_64,geo_cov_nat,2008,7.862
prt,sex_f,age_aggregate_y55_64,geo_cov_nat,2009,8.72
prt,sex_f,age_aggregate_y55_64,geo_cov_nat,2010,9.793
prt,sex_f,age_aggregate_y55_64,geo_cov_nat,2011,14.712
prt,sex_f,age_aggregate_y55_64,geo_cov_nat,2012,18.126
prt,sex_f,age_aggregate_y55_64,geo_cov_nat,2013,20.888
prt,sex_f,age_aggregate_y55_64,geo_cov_nat,2014,19.755
prt,sex_f,age_aggregate_y55_64,geo_cov_nat,2015,18.154
prt,sex_f,age_aggregate_y55_64,geo_cov_nat,2016,15.781
prt,sex_f,age_aggregate_y55_64,geo_cov_nat,2017,14.108
prt,sex_f,age_aggregate_y55_64,geo_cov_nat,2018,11.343
prt,sex_f,age_aggregate_y55_64,geo_cov_nat,2019,10.711
prt,sex_f,age_aggregate_y55_64,geo_cov_nat,2020,11.089
prt,sex_f,age_aggregate_y55_64,geo_cov_nat,2021,9.709
prt,sex_f,age_aggregate_y55_64,geo_cov_nat,2022,9.222
prt,sex_f,age_aggregate_y55_64,geo_cov_nat,2023,8.068
prt,sex_f,age_aggregate_y55_64,geo_cov_nat,2024,8.676
prt,sex_f,age_aggregate_y55_64,geo_cov_rur,1998,4.845
prt,sex_f,age_aggregate_y55_64,geo_cov_rur,1999,4.932
prt,sex_f,age_aggregate_y55_64,geo_cov_rur,2000,3.755
prt,sex_f,age_aggregate_y55_64,geo_cov_rur,2001,1.833
prt,sex_f,age_aggregate_y55_64,geo_cov_rur,2002,3.979
prt,sex_f,age_aggregate_y55_64,geo_cov_rur,2003,5.912
prt,sex_f,age_aggregate_y55_64,geo_cov_rur,2004,5.273
prt,sex_f,age_aggregate_y55_64,geo_cov_rur,2005,4.788
prt,sex_f,age_aggregate_y55_64,geo_cov_rur,2006,4.233
prt,sex_f,age_aggregate_y55_64,geo_cov_rur,2007,4.948
prt,sex_f,age_aggregate_y55_64,geo_cov_rur,2008,6.88
prt,sex_f,age_aggregate_y55_64,geo_cov_rur,2009,7.322
prt,sex_f,age_aggregate_y55_64,geo_cov_rur,2010,8.246
prt,sex_f,age_aggregate_y55_64,geo_cov_rur,2011,11.406
prt,sex_f,age_aggregate_y55_64,geo_cov_rur,2012,15.149
prt,sex_f,age_aggregate_y55_64,geo_cov_rur,2013,15.659
prt,sex_f,age_aggregate_y55_64,geo_cov_rur,2014,16.616
prt,sex_f,age_aggregate_y55_64,geo_cov_rur,2015,14.484
prt,sex_f,age_aggregate_y55_64,geo_cov_rur,2016,13.305
prt,sex_f,age_aggregate_y55_64,geo_cov_rur,2017,13.613
prt,sex_f,age_aggregate_y55_64,geo_cov_rur,2018,10.16
prt,sex_f,age_aggregate_y55_64,geo_cov_rur,2019,8.789
prt,sex_f,age_aggregate_y55_64,geo_cov_rur,2020,10.704
prt,sex_f,age_aggregate_y55_64,geo_cov_rur,2021,7.464
prt,sex_f,age_aggregate_y55_64,geo_cov_rur,2022,6.963
prt,sex_f,age_aggregate_y55_64,geo_cov_rur,2023,5.218
prt,sex_f,age_aggregate_y55_64,geo_cov_rur,2024,7.54
prt,sex_f,age_aggregate_y55_64,geo_cov_urb,1998,4.675
prt,sex_f,age_aggregate_y55_64,geo_cov_urb,1999,2.895
prt,sex_f,age_aggregate_y55_64,geo_cov_urb,2000,4.268
prt,sex_f,age_aggregate_y55_64,geo_cov_urb,2001,5.49
prt,sex_f,age_aggregate_y55_64,geo_cov_urb,2002,6.254
prt,sex_f,age_aggregate_y55_64,geo_cov_urb,2003,5.413
prt,sex_f,age_aggregate_y55_64,geo_cov_urb,2004,7.668
prt,sex_f,age_aggregate_y55_64,geo_cov_urb,2005,7.837
prt,sex_f,age_aggregate_y55_64,geo_cov_urb,2006,8.336
prt,sex_f,age_aggregate_y55_64,geo_cov_urb,2007,8.673
prt,sex_f,age_aggregate_y55_64,geo_cov_urb,2008,8.21
prt,sex_f,age_aggregate_y55_64,geo_cov_urb,2009,9.237
prt,sex_f,age_aggregate_y55_64,geo_cov_urb,2010,10.328
prt,sex_f,age_aggregate_y55_64,geo_cov_urb,2011,16.007
prt,sex_f,age_aggregate_y55_64,geo_cov_urb,2012,19.276
prt,sex_f,age_aggregate_y55_64,geo_cov_urb,2013,22.809
prt,sex_f,age_aggregate_y55_64,geo_cov_urb,2014,20.861
prt,sex_f,age_aggregate_y55_64,geo_cov_urb,2015,19.416
prt,sex_f,age_aggregate_y55_64,geo_cov_urb,2016,16.613
prt,sex_f,age_aggregate_y55_64,geo_cov_urb,2017,14.265
prt,sex_f,age_aggregate_y55_64,geo_cov_urb,2018,11.714
prt,sex_f,age_aggregate_y55_64,geo_cov_urb,2019,11.291
prt,sex_f,age_aggregate_y55_64,geo_cov_urb,2020,11.207
prt,sex_f,age_aggregate_y55_64,geo_cov_urb,2021,10.424
prt,sex_f,age_aggregate_y55_64,geo_cov_urb,2022,9.879
prt,sex_f,age_aggregate_y55_64,geo_cov_urb,2023,8.878
prt,sex_f,age_aggregate_y55_64,geo_cov_urb,2024,8.998
prt,sex_f,age_aggregate_yge65,geo_cov_nat,2005,0.169
prt,sex_f,age_aggregate_yge65,geo_cov_nat,2006,0.141
prt,sex_f,age_aggregate_yge65,geo_cov_nat,2007,0.204
prt,sex_f,age_aggregate_yge65,geo_cov_nat,2009,0.396
prt,sex_f,age_aggregate_yge65,geo_cov_nat,2010,0.932
prt,sex_f,age_aggregate_yge65,geo_cov_nat,2011,4.691
prt,sex_f,age_aggregate_yge65,geo_cov_nat,2012,6.947
prt,sex_f,age_aggregate_yge65,geo_cov_nat,2013,7.811
prt,sex_f,age_aggregate_yge65,geo_cov_nat,2014,10.148
prt,sex_f,age_aggregate_yge65,geo_cov_nat,2015,10.437
prt,sex_f,age_aggregate_yge65,geo_cov_nat,2016,9.081
prt,sex_f,age_aggregate_yge65,geo_cov_nat,2017,8.473
prt,sex_f,age_aggregate_yge65,geo_cov_nat,2018,7.905
prt,sex_f,age_aggregate_yge65,geo_cov_nat,2019,7.489
prt,sex_f,age_aggregate_yge65,geo_cov_nat,2020,7.694
prt,sex_f,age_aggregate_yge65,geo_cov_nat,2021,10.03
prt,sex_f,age_aggregate_yge65,geo_cov_nat,2022,7.542
prt,sex_f,age_aggregate_yge65,geo_cov_nat,2023,6.364
prt,sex_f,age_aggregate_yge65,geo_cov_nat,2024,5.388
prt,sex_f,age_aggregate_yge65,geo_cov_rur,2005,0.322
prt,sex_f,age_aggregate_yge65,geo_cov_rur,2006,0.248
prt,sex_f,age_aggregate_yge65,geo_cov_rur,2007,0.427
prt,sex_f,age_aggregate_yge65,geo_cov_rur,2011,1.01
prt,sex_f,age_aggregate_yge65,geo_cov_rur,2012,1.854
prt,sex_f,age_aggregate_yge65,geo_cov_rur,2013,2.137
prt,sex_f,age_aggregate_yge65,geo_cov_rur,2014,4.257
prt,sex_f,age_aggregate_yge65,geo_cov_rur,2015,5.177
prt,sex_f,age_aggregate_yge65,geo_cov_rur,2016,5.303
prt,sex_f,age_aggregate_yge65,geo_cov_rur,2017,4.861
prt,sex_f,age_aggregate_yge65,geo_cov_rur,2018,3.591
prt,sex_f,age_aggregate_yge65,geo_cov_rur,2019,3.556
prt,sex_f,age_aggregate_yge65,geo_cov_rur,2020,3.917
prt,sex_f,age_aggregate_yge65,geo_cov_rur,2021,6.257
prt,sex_f,age_aggregate_yge65,geo_cov_rur,2022,9.766
prt,sex_f,age_aggregate_yge65,geo_cov_rur,2023,4.667
prt,sex_f,age_aggregate_yge65,geo_cov_rur,2024,4.017
prt,sex_f,age_aggregate_yge65,geo_cov_urb,2009,0.728
prt,sex_f,age_aggregate_yge65,geo_cov_urb,2010,1.578
prt,sex_f,age_aggregate_yge65,geo_cov_urb,2011,8.9
prt,sex_f,age_aggregate_yge65,geo_cov_urb,2012,12.061
prt,sex_f,age_aggregate_yge65,geo_cov_urb,2013,13.705
prt,sex_f,age_aggregate_yge65,geo_cov_urb,2014,14.838
prt,sex_f,age_aggregate_yge65,geo_cov_urb,2015,14.287
prt,sex_f,age_aggregate_yge65,geo_cov_urb,2016,11.674
prt,sex_f,age_aggregate_yge65,geo_cov_urb,2017,11.066
prt,sex_f,age_aggregate_yge65,geo_cov_urb,2018,11.167
prt,sex_f,age_aggregate_yge65,geo_cov_urb,2019,10.083
prt,sex_f,age_aggregate_yge65,geo_cov_urb,2020,9.789
prt,sex_f,age_aggregate_yge65,geo_cov_urb,2021,11.301
prt,sex_f,age_aggregate_yge65,geo_cov_urb,2022,6.575
prt,sex_f,age_aggregate_yge65,geo_cov_urb,2023,6.893
prt,sex_f,age_aggregate_yge65,geo_cov_urb,2024,5.815
prt,sex_f,age_ythadult_y15_24,geo_cov_nat,1998,14.06
prt,sex_f,age_ythadult_y15_24,geo_cov_nat,1999,14.412
prt,sex_f,age_ythadult_y15_24,geo_cov_nat,2000,14.845
prt,sex_f,age_ythadult_y15_24,geo_cov_nat,2001,15.385
prt,sex_f,age_ythadult_y15_24,geo_cov_nat,2002,15.842
prt,sex_f,age_ythadult_y15_24,geo_cov_nat,2003,19.802
prt,sex_f,age_ythadult_y15_24,geo_cov_nat,2004,18.902
prt,sex_f,age_ythadult_y15_24,geo_cov_nat,2005,22.232
prt,sex_f,age_ythadult_y15_24,geo_cov_nat,2006,21.672
prt,sex_f,age_ythadult_y15_24,geo_cov_nat,2007,23.574
prt,sex_f,age_ythadult_y15_24,geo_cov_nat,2008,23.316
prt,sex_f,age_ythadult_y15_24,geo_cov_nat,2009,23.794
prt,sex_f,age_ythadult_y15_24,geo_cov_nat,2010,26.669
prt,sex_f,age_ythadult_y15_24,geo_cov_nat,2011,38.401
prt,sex_f,age_ythadult_y15_24,geo_cov_nat,2012,46.331
prt,sex_f,age_ythadult_y15_24,geo_cov_nat,2013,48.803
prt,sex_f,age_ythadult_y15_24,geo_cov_nat,2014,44.876
prt,sex_f,age_ythadult_y15_24,geo_cov_nat,2015,43.623
prt,sex_f,age_ythadult_y15_24,geo_cov_nat,2016,37.864
prt,sex_f,age_ythadult_y15_24,geo_cov_nat,2017,34.427
prt,sex_f,age_ythadult_y15_24,geo_cov_nat,2018,29.565
prt,sex_f,age_ythadult_y15_24,geo_cov_nat,2019,29.395
prt,sex_f,age_ythadult_y15_24,geo_cov_nat,2020,35.228
prt,sex_f,age_ythadult_y15_24,geo_cov_nat,2021,34.947
prt,sex_f,age_ythadult_y15_24,geo_cov_nat,2022,27.387
prt,sex_f,age_ythadult_y15_24,geo_cov_nat,2023,25.756
prt,sex_f,age_ythadult_y15_24,geo_cov_nat,2024,28.054
prt,sex_f,age_ythadult_y15_24,geo_cov_rur,1998,18.799
prt,sex_f,age_ythadult_y15_24,geo_cov_rur,1999,21.215
prt,sex_f,age_ythadult_y15_24,geo_cov_rur,2000,19.222
prt,sex_f,age_ythadult_y15_24,geo_cov_rur,2001,19.371
prt,sex_f,age_ythadult_y15_24,geo_cov_rur,2002,23.166
prt,sex_f,age_ythadult_y15_24,geo_cov_rur,2003,25.378
prt,sex_f,age_ythadult_y15_24,geo_cov_rur,2004,23.204
prt,sex_f,age_ythadult_y15_24,geo_cov_rur,2005,26.581
prt,sex_f,age_ythadult_y15_24,geo_cov_rur,2006,26.911
prt,sex_f,age_ythadult_y15_24,geo_cov_rur,2007,25.242
prt,sex_f,age_ythadult_y15_24,geo_cov_rur,2008,22.871
prt,sex_f,age_ythadult_y15_24,geo_cov_rur,2009,26.92
prt,sex_f,age_ythadult_y15_24,geo_cov_rur,2010,31.477
prt,sex_f,age_ythadult_y15_24,geo_cov_rur,2011,43.958
prt,sex_f,age_ythadult_y15_24,geo_cov_rur,2012,55.432
prt,sex_f,age_ythadult_y15_24,geo_cov_rur,2013,49.424
prt,sex_f,age_ythadult_y15_24,geo_cov_rur,2014,42.786
prt,sex_f,age_ythadult_y15_24,geo_cov_rur,2015,47.736
prt,sex_f,age_ythadult_y15_24,geo_cov_rur,2016,37.222
prt,sex_f,age_ythadult_y15_24,geo_cov_rur,2017,35.261
prt,sex_f,age_ythadult_y15_24,geo_cov_rur,2018,32.499
prt,sex_f,age_ythadult_y15_24,geo_cov_rur,2019,33.116
prt,sex_f,age_ythadult_y15_24,geo_cov_rur,2020,38.685
prt,sex_f,age_ythadult_y15_24,geo_cov_rur,2021,31.455
prt,sex_f,age_ythadult_y15_24,geo_cov_rur,2022,26.451
prt,sex_f,age_ythadult_y15_24,geo_cov_rur,2023,23.431
prt,sex_f,age_ythadult_y15_24,geo_cov_rur,2024,31.43
prt,sex_f,age_ythadult_y15_24,geo_cov_urb,1998,13.018
prt,sex_f,age_ythadult_y15_24,geo_cov_urb,1999,12.868
prt,sex_f,age_ythadult_y15_24,geo_cov_urb,2000,13.927
prt,sex_f,age_ythadult_y15_24,geo_cov_urb,2001,14.563
prt,sex_f,age_ythadult_y15_24,geo_cov_urb,2002,14.072
prt,sex_f,age_ythadult_y15_24,geo_cov_urb,2003,18.597
prt,sex_f,age_ythadult_y15_24,geo_cov_urb,2004,17.939
prt,sex_f,age_ythadult_y15_24,geo_cov_urb,2005,21.163
prt,sex_f,age_ythadult_y15_24,geo_cov_urb,2006,20.361
prt,sex_f,age_ythadult_y15_24,geo_cov_urb,2007,23.172
prt,sex_f,age_ythadult_y15_24,geo_cov_urb,2008,23.418
prt,sex_f,age_ythadult_y15_24,geo_cov_urb,2009,23.065
prt,sex_f,age_ythadult_y15_24,geo_cov_urb,2010,25.441
prt,sex_f,age_ythadult_y15_24,geo_cov_urb,2011,36.633
prt,sex_f,age_ythadult_y15_24,geo_cov_urb,2012,43.516
prt,sex_f,age_ythadult_y15_24,geo_cov_urb,2013,48.605
prt,sex_f,age_ythadult_y15_24,geo_cov_urb,2014,45.557
prt,sex_f,age_ythadult_y15_24,geo_cov_urb,2015,42.244
prt,sex_f,age_ythadult_y15_24,geo_cov_urb,2016,38.038
prt,sex_f,age_ythadult_y15_24,geo_cov_urb,2017,34.189
prt,sex_f,age_ythadult_y15_24,geo_cov_urb,2018,28.79
prt,sex_f,age_ythadult_y15_24,geo_cov_urb,2019,28.405
prt,sex_f,age_ythadult_y15_24,geo_cov_urb,2020,34.463
prt,sex_f,age_ythadult_y15_24,geo_cov_urb,2021,36.117
prt,sex_f,age_ythadult_y15_24,geo_cov_urb,2022,27.692
prt,sex_f,age_ythadult_y15_24,geo_cov_urb,2023,26.335
prt,sex_f,age_ythadult_y15_24,geo_cov_urb,2024,27.168
prt,sex_f,age_ythadult_y15_64,geo_cov_nat,1998,8.71
prt,sex_f,age_ythadult_y15_64,geo_cov_nat,1999,7.558
prt,sex_f,age_ythadult_y15_64,geo_cov_nat,2000,7.133
prt,sex_f,age_ythadult_y15_64,geo_cov_nat,2001,7.257
prt,sex_f,age_ythadult_y15_64,geo_cov_nat,2002,7.625
prt,sex_f,age_ythadult_y15_64,geo_cov_nat,2003,9.786
prt,sex_f,age_ythadult_y15_64,geo_cov_nat,2004,9.794
prt,sex_f,age_ythadult_y15_64,geo_cov_nat,2005,11.012
prt,sex_f,age_ythadult_y15_64,geo_cov_nat,2006,11.56
prt,sex_f,age_ythadult_y15_64,geo_cov_nat,2007,11.965
prt,sex_f,age_ythadult_y15_64,geo_cov_nat,2008,11.131
prt,sex_f,age_ythadult_y15_64,geo_cov_nat,2009,12.315
prt,sex_f,age_ythadult_y15_64,geo_cov_nat,2010,14.26
prt,sex_f,age_ythadult_y15_64,geo_cov_nat,2011,17.367
prt,sex_f,age_ythadult_y15_64,geo_cov_nat,2012,20.569
prt,sex_f,age_ythadult_y15_64,geo_cov_nat,2013,22.2
prt,sex_f,age_ythadult_y15_64,geo_cov_nat,2014,19.979
prt,sex_f,age_ythadult_y15_64,geo_cov_nat,2015,18.124
prt,sex_f,age_ythadult_y15_64,geo_cov_nat,2016,16.001
prt,sex_f,age_ythadult_y15_64,geo_cov_nat,2017,13.965
prt,sex_f,age_ythadult_y15_64,geo_cov_nat,2018,11.329
prt,sex_f,age_ythadult_y15_64,geo_cov_nat,2019,10.775
prt,sex_f,age_ythadult_y15_64,geo_cov_nat,2020,11.916
prt,sex_f,age_ythadult_y15_64,geo_cov_nat,2021,10.832
prt,sex_f,age_ythadult_y15_64,geo_cov_nat,2022,9.406
prt,sex_f,age_ythadult_y15_64,geo_cov_nat,2023,9.215
prt,sex_f,age_ythadult_y15_64,geo_cov_nat,2024,9.343
prt,sex_f,age_ythadult_y15_64,geo_cov_rur,1998,11.105
prt,sex_f,age_ythadult_y15_64,geo_cov_rur,1999,9.431
prt,sex_f,age_ythadult_y15_64,geo_cov_rur,2000,7.687
prt,sex_f,age_ythadult_y15_64,geo_cov_rur,2001,6.91
prt,sex_f,age_ythadult_y15_64,geo_cov_rur,2002,8.381
prt,sex_f,age_ythadult_y15_64,geo_cov_rur,2003,9.853
prt,sex_f,age_ythadult_y15_64,geo_cov_rur,2004,10.207
prt,sex_f,age_ythadult_y15_64,geo_cov_rur,2005,10.12
prt,sex_f,age_ythadult_y15_64,geo_cov_rur,2006,11.039
prt,sex_f,age_ythadult_y15_64,geo_cov_rur,2007,11.666
prt,sex_f,age_ythadult_y15_64,geo_cov_rur,2008,10.946
prt,sex_f,age_ythadult_y15_64,geo_cov_rur,2009,11.419
prt,sex_f,age_ythadult_y15_64,geo_cov_rur,2010,14.244
prt,sex_f,age_ythadult_y15_64,geo_cov_rur,2011,18.312
prt,sex_f,age_ythadult_y15_64,geo_cov_rur,2012,21.742
prt,sex_f,age_ythadult_y15_64,geo_cov_rur,2013,21.59
prt,sex_f,age_ythadult_y15_64,geo_cov_rur,2014,19.829
prt,sex_f,age_ythadult_y15_64,geo_cov_rur,2015,17.919
prt,sex_f,age_ythadult_y15_64,geo_cov_rur,2016,15.651
prt,sex_f,age_ythadult_y15_64,geo_cov_rur,2017,14
prt,sex_f,age_ythadult_y15_64,geo_cov_rur,2018,11.94
prt,sex_f,age_ythadult_y15_64,geo_cov_rur,2019,12.144
prt,sex_f,age_ythadult_y15_64,geo_cov_rur,2020,12.265
prt,sex_f,age_ythadult_y15_64,geo_cov_rur,2021,10.615
prt,sex_f,age_ythadult_y15_64,geo_cov_rur,2022,8.895
prt,sex_f,age_ythadult_y15_64,geo_cov_rur,2023,8.153
prt,sex_f,age_ythadult_y15_64,geo_cov_rur,2024,9.705
prt,sex_f,age_ythadult_y15_64,geo_cov_urb,1998,8.01
prt,sex_f,age_ythadult_y15_64,geo_cov_urb,1999,7.025
prt,sex_f,age_ythadult_y15_64,geo_cov_urb,2000,6.974
prt,sex_f,age_ythadult_y15_64,geo_cov_urb,2001,7.35
prt,sex_f,age_ythadult_y15_64,geo_cov_urb,2002,7.408
prt,sex_f,age_ythadult_y15_64,geo_cov_urb,2003,9.768
prt,sex_f,age_ythadult_y15_64,geo_cov_urb,2004,9.683
prt,sex_f,age_ythadult_y15_64,geo_cov_urb,2005,11.257
prt,sex_f,age_ythadult_y15_64,geo_cov_urb,2006,11.699
prt,sex_f,age_ythadult_y15_64,geo_cov_urb,2007,12.044
prt,sex_f,age_ythadult_y15_64,geo_cov_urb,2008,11.179
prt,sex_f,age_ythadult_y15_64,geo_cov_urb,2009,12.55
prt,sex_f,age_ythadult_y15_64,geo_cov_urb,2010,14.264
prt,sex_f,age_ythadult_y15_64,geo_cov_urb,2011,17.065
prt,sex_f,age_ythadult_y15_64,geo_cov_urb,2012,20.21
prt,sex_f,age_ythadult_y15_64,geo_cov_urb,2013,22.389
prt,sex_f,age_ythadult_y15_64,geo_cov_urb,2014,20.024
prt,sex_f,age_ythadult_y15_64,geo_cov_urb,2015,18.185
prt,sex_f,age_ythadult_y15_64,geo_cov_urb,2016,16.098
prt,sex_f,age_ythadult_y15_64,geo_cov_urb,2017,13.956
prt,sex_f,age_ythadult_y15_64,geo_cov_urb,2018,11.167
prt,sex_f,age_ythadult_y15_64,geo_cov_urb,2019,10.426
prt,sex_f,age_ythadult_y15_64,geo_cov_urb,2020,11.825
prt,sex_f,age_ythadult_y15_64,geo_cov_urb,2021,10.896
prt,sex_f,age_ythadult_y15_64,geo_cov_urb,2022,9.549
prt,sex_f,age_ythadult_y15_64,geo_cov_urb,2023,9.489
prt,sex_f,age_ythadult_y15_64,geo_cov_urb,2024,9.249
prt,sex_f,age_ythadult_yge15,geo_cov_nat,1998,8.3
prt,sex_f,age_ythadult_yge15,geo_cov_nat,1999,7.187
prt,sex_f,age_ythadult_yge15,geo_cov_nat,2000,6.771
prt,sex_f,age_ythadult_yge15,geo_cov_nat,2001,6.866
prt,sex_f,age_ythadult_yge15,geo_cov_nat,2002,7.211
prt,sex_f,age_ythadult_yge15,geo_cov_nat,2003,9.28
prt,sex_f,age_ythadult_yge15,geo_cov_nat,2004,9.326
prt,sex_f,age_ythadult_yge15,geo_cov_nat,2005,10.433
prt,sex_f,age_ythadult_yge15,geo_cov_nat,2006,10.95
prt,sex_f,age_ythadult_yge15,geo_cov_nat,2007,11.303
prt,sex_f,age_ythadult_yge15,geo_cov_nat,2008,10.525
prt,sex_f,age_ythadult_yge15,geo_cov_nat,2009,11.652
prt,sex_f,age_ythadult_yge15,geo_cov_nat,2010,13.55
prt,sex_f,age_ythadult_yge15,geo_cov_nat,2011,16.855
prt,sex_f,age_ythadult_yge15,geo_cov_nat,2012,19.974
prt,sex_f,age_ythadult_yge15,geo_cov_nat,2013,21.629
prt,sex_f,age_ythadult_yge15,geo_cov_nat,2014,19.62
prt,sex_f,age_ythadult_yge15,geo_cov_nat,2015,17.844
prt,sex_f,age_ythadult_yge15,geo_cov_nat,2016,15.762
prt,sex_f,age_ythadult_yge15,geo_cov_nat,2017,13.772
prt,sex_f,age_ythadult_yge15,geo_cov_nat,2018,11.199
prt,sex_f,age_ythadult_yge15,geo_cov_nat,2019,10.641
prt,sex_f,age_ythadult_yge15,geo_cov_nat,2020,11.753
prt,sex_f,age_ythadult_yge15,geo_cov_nat,2021,10.808
prt,sex_f,age_ythadult_yge15,geo_cov_nat,2022,9.347
prt,sex_f,age_ythadult_yge15,geo_cov_nat,2023,9.114
prt,sex_f,age_ythadult_yge15,geo_cov_nat,2024,9.194
prt,sex_f,age_ythadult_yge15,geo_cov_rur,1998,10.111
prt,sex_f,age_ythadult_yge15,geo_cov_rur,1999,8.438
prt,sex_f,age_ythadult_yge15,geo_cov_rur,2000,6.868
prt,sex_f,age_ythadult_yge15,geo_cov_rur,2001,6.08
prt,sex_f,age_ythadult_yge15,geo_cov_rur,2002,7.388
prt,sex_f,age_ythadult_yge15,geo_cov_rur,2003,8.702
prt,sex_f,age_ythadult_yge15,geo_cov_rur,2004,9.02
prt,sex_f,age_ythadult_yge15,geo_cov_rur,2005,8.933
prt,sex_f,age_ythadult_yge15,geo_cov_rur,2006,9.721
prt,sex_f,age_ythadult_yge15,geo_cov_rur,2007,10.316
prt,sex_f,age_ythadult_yge15,geo_cov_rur,2008,9.668
prt,sex_f,age_ythadult_yge15,geo_cov_rur,2009,10.075
prt,sex_f,age_ythadult_yge15,geo_cov_rur,2010,12.718
prt,sex_f,age_ythadult_yge15,geo_cov_rur,2011,16.843
prt,sex_f,age_ythadult_yge15,geo_cov_rur,2012,19.973
prt,sex_f,age_ythadult_yge15,geo_cov_rur,2013,20.001
prt,sex_f,age_ythadult_yge15,geo_cov_rur,2014,18.781
prt,sex_f,age_ythadult_yge15,geo_cov_rur,2015,17.088
prt,sex_f,age_ythadult_yge15,geo_cov_rur,2016,15.005
prt,sex_f,age_ythadult_yge15,geo_cov_rur,2017,13.401
prt,sex_f,age_ythadult_yge15,geo_cov_rur,2018,11.313
prt,sex_f,age_ythadult_yge15,geo_cov_rur,2019,11.484
prt,sex_f,age_ythadult_yge15,geo_cov_rur,2020,11.724
prt,sex_f,age_ythadult_yge15,geo_cov_rur,2021,10.468
prt,sex_f,age_ythadult_yge15,geo_cov_rur,2022,8.933
prt,sex_f,age_ythadult_yge15,geo_cov_rur,2023,8.011
prt,sex_f,age_ythadult_yge15,geo_cov_rur,2024,9.459
prt,sex_f,age_ythadult_yge15,geo_cov_urb,1998,7.736
prt,sex_f,age_ythadult_yge15,geo_cov_urb,1999,6.802
prt,sex_f,age_ythadult_yge15,geo_cov_urb,2000,6.741
prt,sex_f,age_ythadult_yge15,geo_cov_urb,2001,7.097
prt,sex_f,age_ythadult_yge15,geo_cov_urb,2002,7.155
prt,sex_f,age_ythadult_yge15,geo_cov_urb,2003,9.452
prt,sex_f,age_ythadult_yge15,geo_cov_urb,2004,9.417
prt,sex_f,age_ythadult_yge15,geo_cov_urb,2005,10.886
prt,sex_f,age_ythadult_yge15,geo_cov_urb,2006,11.312
prt,sex_f,age_ythadult_yge15,geo_cov_urb,2007,11.587
prt,sex_f,age_ythadult_yge15,geo_cov_urb,2008,10.771
prt,sex_f,age_ythadult_yge15,geo_cov_urb,2009,12.104
prt,sex_f,age_ythadult_yge15,geo_cov_urb,2010,13.789
prt,sex_f,age_ythadult_yge15,geo_cov_urb,2011,16.859
prt,sex_f,age_ythadult_yge15,geo_cov_urb,2012,19.974
prt,sex_f,age_ythadult_yge15,geo_cov_urb,2013,22.165
prt,sex_f,age_ythadult_yge15,geo_cov_urb,2014,19.886
prt,sex_f,age_ythadult_yge15,geo_cov_urb,2015,18.077
prt,sex_f,age_ythadult_yge15,geo_cov_urb,2016,15.982
prt,sex_f,age_ythadult_yge15,geo_cov_urb,2017,13.879
prt,sex_f,age_ythadult_yge15,geo_cov_urb,2018,11.167
prt,sex_f,age_ythadult_yge15,geo_cov_urb,2019,10.415
prt,sex_f,age_ythadult_yge15,geo_cov_urb,2020,11.761
prt,sex_f,age_ythadult_yge15,geo_cov_urb,2021,10.907
prt,sex_f,age_ythadult_yge15,geo_cov_urb,2022,9.464
prt,sex_f,age_ythadult_yge15,geo_cov_urb,2023,9.4
prt,sex_f,age_ythadult_yge15,geo_cov_urb,2024,9.126
prt,sex_f,age_ythadult_yge25,geo_cov_nat,1998,7.322
prt,sex_f,age_ythadult_yge25,geo_cov_nat,1999,6.037
prt,sex_f,age_ythadult_yge25,geo_cov_nat,2000,5.615
prt,sex_f,age_ythadult_yge25,geo_cov_nat,2001,5.643
prt,sex_f,age_ythadult_yge25,geo_cov_nat,2002,6.029
prt,sex_f,age_ythadult_yge25,geo_cov_nat,2003,7.944
prt,sex_f,age_ythadult_yge25,geo_cov_nat,2004,8.255
prt,sex_f,age_ythadult_yge25,geo_cov_nat,2005,9.184
prt,sex_f,age_ythadult_yge25,geo_cov_nat,2006,9.876
prt,sex_f,age_ythadult_yge25,geo_cov_nat,2007,10.108
prt,sex_f,age_ythadult_yge25,geo_cov_nat,2008,9.303
prt,sex_f,age_ythadult_yge25,geo_cov_nat,2009,10.553
prt,sex_f,age_ythadult_yge25,geo_cov_nat,2010,12.485
prt,sex_f,age_ythadult_yge25,geo_cov_nat,2011,14.907
prt,sex_f,age_ythadult_yge25,geo_cov_nat,2012,17.675
prt,sex_f,age_ythadult_yge25,geo_cov_nat,2013,19.271
prt,sex_f,age_ythadult_yge25,geo_cov_nat,2014,17.402
prt,sex_f,age_ythadult_yge25,geo_cov_nat,2015,15.671
prt,sex_f,age_ythadult_yge25,geo_cov_nat,2016,14.01
prt,sex_f,age_ythadult_yge25,geo_cov_nat,2017,12.116
prt,sex_f,age_ythadult_yge25,geo_cov_nat,2018,9.783
prt,sex_f,age_ythadult_yge25,geo_cov_nat,2019,9.191
prt,sex_f,age_ythadult_yge25,geo_cov_nat,2020,10.08
prt,sex_f,age_ythadult_yge25,geo_cov_nat,2021,9.228
prt,sex_f,age_ythadult_yge25,geo_cov_nat,2022,8.13
prt,sex_f,age_ythadult_yge25,geo_cov_nat,2023,7.864
prt,sex_f,age_ythadult_yge25,geo_cov_nat,2024,7.811
prt,sex_f,age_ythadult_yge25,geo_cov_rur,1998,9.035
prt,sex_f,age_ythadult_yge25,geo_cov_rur,1999,6.892
prt,sex_f,age_ythadult_yge25,geo_cov_rur,2000,5.621
prt,sex_f,age_ythadult_yge25,geo_cov_rur,2001,4.698
prt,sex_f,age_ythadult_yge25,geo_cov_rur,2002,5.677
prt,sex_f,age_ythadult_yge25,geo_cov_rur,2003,7.108
prt,sex_f,age_ythadult_yge25,geo_cov_rur,2004,7.774
prt,sex_f,age_ythadult_yge25,geo_cov_rur,2005,7.366
prt,sex_f,age_ythadult_yge25,geo_cov_rur,2006,8.22
prt,sex_f,age_ythadult_yge25,geo_cov_rur,2007,9.069
prt,sex_f,age_ythadult_yge25,geo_cov_rur,2008,8.633
prt,sex_f,age_ythadult_yge25,geo_cov_rur,2009,8.799
prt,sex_f,age_ythadult_yge25,geo_cov_rur,2010,11.342
prt,sex_f,age_ythadult_yge25,geo_cov_rur,2011,14.523
prt,sex_f,age_ythadult_yge25,geo_cov_rur,2012,17.015
prt,sex_f,age_ythadult_yge25,geo_cov_rur,2013,17.507
prt,sex_f,age_ythadult_yge25,geo_cov_rur,2014,16.621
prt,sex_f,age_ythadult_yge25,geo_cov_rur,2015,14.326
prt,sex_f,age_ythadult_yge25,geo_cov_rur,2016,13.344
prt,sex_f,age_ythadult_yge25,geo_cov_rur,2017,11.662
prt,sex_f,age_ythadult_yge25,geo_cov_rur,2018,9.754
prt,sex_f,age_ythadult_yge25,geo_cov_rur,2019,9.822
prt,sex_f,age_ythadult_yge25,geo_cov_rur,2020,10.108
prt,sex_f,age_ythadult_yge25,geo_cov_rur,2021,8.937
prt,sex_f,age_ythadult_yge25,geo_cov_rur,2022,7.603
prt,sex_f,age_ythadult_yge25,geo_cov_rur,2023,6.893
prt,sex_f,age_ythadult_yge25,geo_cov_rur,2024,7.837
prt,sex_f,age_ythadult_yge25,geo_cov_urb,1998,6.759
prt,sex_f,age_ythadult_yge25,geo_cov_urb,1999,5.762
prt,sex_f,age_ythadult_yge25,geo_cov_urb,2000,5.613
prt,sex_f,age_ythadult_yge25,geo_cov_urb,2001,5.935
prt,sex_f,age_ythadult_yge25,geo_cov_urb,2002,6.143
prt,sex_f,age_ythadult_yge25,geo_cov_urb,2003,8.202
prt,sex_f,age_ythadult_yge25,geo_cov_urb,2004,8.401
prt,sex_f,age_ythadult_yge25,geo_cov_urb,2005,9.743
prt,sex_f,age_ythadult_yge25,geo_cov_urb,2006,10.37
prt,sex_f,age_ythadult_yge25,geo_cov_urb,2007,10.412
prt,sex_f,age_ythadult_yge25,geo_cov_urb,2008,9.499
prt,sex_f,age_ythadult_yge25,geo_cov_urb,2009,11.065
prt,sex_f,age_ythadult_yge25,geo_cov_urb,2010,12.817
prt,sex_f,age_ythadult_yge25,geo_cov_urb,2011,15.039
prt,sex_f,age_ythadult_yge25,geo_cov_urb,2012,17.891
prt,sex_f,age_ythadult_yge25,geo_cov_urb,2013,19.853
prt,sex_f,age_ythadult_yge25,geo_cov_urb,2014,17.649
prt,sex_f,age_ythadult_yge25,geo_cov_urb,2015,16.084
prt,sex_f,age_ythadult_yge25,geo_cov_urb,2016,14.204
prt,sex_f,age_ythadult_yge25,geo_cov_urb,2017,12.248
prt,sex_f,age_ythadult_yge25,geo_cov_urb,2018,9.791
prt,sex_f,age_ythadult_yge25,geo_cov_urb,2019,9.022
prt,sex_f,age_ythadult_yge25,geo_cov_urb,2020,10.072
prt,sex_f,age_ythadult_yge25,geo_cov_urb,2021,9.312
prt,sex_f,age_ythadult_yge25,geo_cov_urb,2022,8.278
prt,sex_f,age_ythadult_yge25,geo_cov_urb,2023,8.117
prt,sex_f,age_ythadult_yge25,geo_cov_urb,2024,7.804
prt,sex_m,age_aggregate_total,geo_cov_nat,1998,4.884
prt,sex_m,age_aggregate_total,geo_cov_nat,1999,4.982
prt,sex_m,age_aggregate_total,geo_cov_nat,2000,3.902
prt,sex_m,age_aggregate_total,geo_cov_nat,2001,3.745
prt,sex_m,age_aggregate_total,geo_cov_nat,2002,4.748
prt,sex_m,age_aggregate_total,geo_cov_nat,2003,6.263
prt,sex_m,age_aggregate_total,geo_cov_nat,2004,6.549
prt,sex_m,age_aggregate_total,geo_cov_nat,2005,7.609
prt,sex_m,age_aggregate_total,geo_cov_nat,2006,7.544
prt,sex_m,age_aggregate_total,geo_cov_nat,2007,7.45
prt,sex_m,age_aggregate_total,geo_cov_nat,2008,7.356
prt,sex_m,age_aggregate_total,geo_cov_nat,2009,9.873
prt,sex_m,age_aggregate_total,geo_cov_nat,2010,10.676
prt,sex_m,age_aggregate_total,geo_cov_nat,2011,14.553
prt,sex_m,age_aggregate_total,geo_cov_nat,2012,18.503
prt,sex_m,age_aggregate_total,geo_cov_nat,2013,19.806
prt,sex_m,age_aggregate_total,geo_cov_nat,2014,17.314
prt,sex_m,age_aggregate_total,geo_cov_nat,2015,15.795
prt,sex_m,age_aggregate_total,geo_cov_nat,2016,14.6
prt,sex_m,age_aggregate_total,geo_cov_nat,2017,11.688
prt,sex_m,age_aggregate_total,geo_cov_nat,2018,9.563
prt,sex_m,age_aggregate_total,geo_cov_nat,2019,8.592
prt,sex_m,age_aggregate_total,geo_cov_nat,2020,10.306
prt,sex_m,age_aggregate_total,geo_cov_nat,2021,9.766
prt,sex_m,age_aggregate_total,geo_cov_nat,2022,8.366
prt,sex_m,age_aggregate_total,geo_cov_nat,2023,8.14
prt,sex_m,age_aggregate_total,geo_cov_nat,2024,7.73
prt,sex_m,age_aggregate_total,geo_cov_rur,1998,4.222
prt,sex_m,age_aggregate_total,geo_cov_rur,1999,4.223
prt,sex_m,age_aggregate_total,geo_cov_rur,2000,1.843
prt,sex_m,age_aggregate_total,geo_cov_rur,2001,3.067
prt,sex_m,age_aggregate_total,geo_cov_rur,2002,3.764
prt,sex_m,age_aggregate_total,geo_cov_rur,2003,4.622
prt,sex_m,age_aggregate_total,geo_cov_rur,2004,5.346
prt,sex_m,age_aggregate_total,geo_cov_rur,2005,5.419
prt,sex_m,age_aggregate_total,geo_cov_rur,2006,5.776
prt,sex_m,age_aggregate_total,geo_cov_rur,2007,5.109
prt,sex_m,age_aggregate_total,geo_cov_rur,2008,5.039
prt,sex_m,age_aggregate_total,geo_cov_rur,2009,8.066
prt,sex_m,age_aggregate_total,geo_cov_rur,2010,8.511
prt,sex_m,age_aggregate_total,geo_cov_rur,2011,11.046
prt,sex_m,age_aggregate_total,geo_cov_rur,2012,13.681
prt,sex_m,age_aggregate_total,geo_cov_rur,2013,15.275
prt,sex_m,age_aggregate_total,geo_cov_rur,2014,13.984
prt,sex_m,age_aggregate_total,geo_cov_rur,2015,13.323
prt,sex_m,age_aggregate_total,geo_cov_rur,2016,12.415
prt,sex_m,age_aggregate_total,geo_cov_rur,2017,9.997
prt,sex_m,age_aggregate_total,geo_cov_rur,2018,8.646
prt,sex_m,age_aggregate_total,geo_cov_rur,2019,7.439
prt,sex_m,age_aggregate_total,geo_cov_rur,2020,8.268
prt,sex_m,age_aggregate_total,geo_cov_rur,2021,10.581
prt,sex_m,age_aggregate_total,geo_cov_rur,2022,7.844
prt,sex_m,age_aggregate_total,geo_cov_rur,2023,7.161
prt,sex_m,age_aggregate_total,geo_cov_rur,2024,7.258
prt,sex_m,age_aggregate_total,geo_cov_urb,1998,5.105
prt,sex_m,age_aggregate_total,geo_cov_urb,1999,5.237
prt,sex_m,age_aggregate_total,geo_cov_urb,2000,4.59
prt,sex_m,age_aggregate_total,geo_cov_urb,2001,3.969
prt,sex_m,age_aggregate_total,geo_cov_urb,2002,5.079
prt,sex_m,age_aggregate_total,geo_cov_urb,2003,6.804
prt,sex_m,age_aggregate_total,geo_cov_urb,2004,6.932
prt,sex_m,age_aggregate_total,geo_cov_urb,2005,8.32
prt,sex_m,age_aggregate_total,geo_cov_urb,2006,8.097
prt,sex_m,age_aggregate_total,geo_cov_urb,2007,8.172
prt,sex_m,age_aggregate_total,geo_cov_urb,2008,8.075
prt,sex_m,age_aggregate_total,geo_cov_urb,2009,10.422
prt,sex_m,age_aggregate_total,geo_cov_urb,2010,11.332
prt,sex_m,age_aggregate_total,geo_cov_urb,2011,15.895
prt,sex_m,age_aggregate_total,geo_cov_urb,2012,20.275
prt,sex_m,age_aggregate_total,geo_cov_urb,2013,21.464
prt,sex_m,age_aggregate_total,geo_cov_urb,2014,18.541
prt,sex_m,age_aggregate_total,geo_cov_urb,2015,16.677
prt,sex_m,age_aggregate_total,geo_cov_urb,2016,15.325
prt,sex_m,age_aggregate_total,geo_cov_urb,2017,12.235
prt,sex_m,age_aggregate_total,geo_cov_urb,2018,9.854
prt,sex_m,age_aggregate_total,geo_cov_urb,2019,8.941
prt,sex_m,age_aggregate_total,geo_cov_urb,2020,10.936
prt,sex_m,age_aggregate_total,geo_cov_urb,2021,9.515
prt,sex_m,age_aggregate_total,geo_cov_urb,2022,8.525
prt,sex_m,age_aggregate_total,geo_cov_urb,2023,8.424
prt,sex_m,age_aggregate_total,geo_cov_urb,2024,7.867
prt,sex_m,age_aggregate_y15_24,geo_cov_nat,1998,10.512
prt,sex_m,age_aggregate_y15_24,geo_cov_nat,1999,9.801
prt,sex_m,age_aggregate_y15_24,geo_cov_nat,2000,6.84
prt,sex_m,age_aggregate_y15_24,geo_cov_nat,2001,7.758
prt,sex_m,age_aggregate_y15_24,geo_cov_nat,2002,10.448
prt,sex_m,age_aggregate_y15_24,geo_cov_nat,2003,12.665
prt,sex_m,age_aggregate_y15_24,geo_cov_nat,2004,14.672
prt,sex_m,age_aggregate_y15_24,geo_cov_nat,2005,15.899
prt,sex_m,age_aggregate_y15_24,geo_cov_nat,2006,17.081
prt,sex_m,age_aggregate_y15_24,geo_cov_nat,2007,15.898
prt,sex_m,age_aggregate_y15_24,geo_cov_nat,2008,15.507
prt,sex_m,age_aggregate_y15_24,geo_cov_nat,2009,21.397
prt,sex_m,age_aggregate_y15_24,geo_cov_nat,2010,24.042
prt,sex_m,age_aggregate_y15_24,geo_cov_nat,2011,34.726
prt,sex_m,age_aggregate_y15_24,geo_cov_nat,2012,44.125
prt,sex_m,age_aggregate_y15_24,geo_cov_nat,2013,46.579
prt,sex_m,age_aggregate_y15_24,geo_cov_nat,2014,43.923
prt,sex_m,age_aggregate_y15_24,geo_cov_nat,2015,38.828
prt,sex_m,age_aggregate_y15_24,geo_cov_nat,2016,36.745
prt,sex_m,age_aggregate_y15_24,geo_cov_nat,2017,31.39
prt,sex_m,age_aggregate_y15_24,geo_cov_nat,2018,28.261
prt,sex_m,age_aggregate_y15_24,geo_cov_nat,2019,24.919
prt,sex_m,age_aggregate_y15_24,geo_cov_nat,2020,32.682
prt,sex_m,age_aggregate_y15_24,geo_cov_nat,2021,30.136
prt,sex_m,age_aggregate_y15_24,geo_cov_nat,2022,26.366
prt,sex_m,age_aggregate_y15_24,geo_cov_nat,2023,26.109
prt,sex_m,age_aggregate_y15_24,geo_cov_nat,2024,26.115
prt,sex_m,age_aggregate_y15_24,geo_cov_rur,1998,10.983
prt,sex_m,age_aggregate_y15_24,geo_cov_rur,1999,10.187
prt,sex_m,age_aggregate_y15_24,geo_cov_rur,2000,4.212
prt,sex_m,age_aggregate_y15_24,geo_cov_rur,2001,10.858
prt,sex_m,age_aggregate_y15_24,geo_cov_rur,2002,9.315
prt,sex_m,age_aggregate_y15_24,geo_cov_rur,2003,13.634
prt,sex_m,age_aggregate_y15_24,geo_cov_rur,2004,15.166
prt,sex_m,age_aggregate_y15_24,geo_cov_rur,2005,15.422
prt,sex_m,age_aggregate_y15_24,geo_cov_rur,2006,14.709
prt,sex_m,age_aggregate_y15_24,geo_cov_rur,2007,15.47
prt,sex_m,age_aggregate_y15_24,geo_cov_rur,2008,12.644
prt,sex_m,age_aggregate_y15_24,geo_cov_rur,2009,17.953
prt,sex_m,age_aggregate_y15_24,geo_cov_rur,2010,17.333
prt,sex_m,age_aggregate_y15_24,geo_cov_rur,2011,29.002
prt,sex_m,age_aggregate_y15_24,geo_cov_rur,2012,36.063
prt,sex_m,age_aggregate_y15_24,geo_cov_rur,2013,36.308
prt,sex_m,age_aggregate_y15_24,geo_cov_rur,2014,35.481
prt,sex_m,age_aggregate_y15_24,geo_cov_rur,2015,35.266
prt,sex_m,age_aggregate_y15_24,geo_cov_rur,2016,34.633
prt,sex_m,age_aggregate_y15_24,geo_cov_rur,2017,30.439
prt,sex_m,age_aggregate_y15_24,geo_cov_rur,2018,24.906
prt,sex_m,age_aggregate_y15_24,geo_cov_rur,2019,21.117
prt,sex_m,age_aggregate_y15_24,geo_cov_rur,2020,30.659
prt,sex_m,age_aggregate_y15_24,geo_cov_rur,2021,32.656
prt,sex_m,age_aggregate_y15_24,geo_cov_rur,2022,25.33
prt,sex_m,age_aggregate_y15_24,geo_cov_rur,2023,20.652
prt,sex_m,age_aggregate_y15_24,geo_cov_rur,2024,26.734
prt,sex_m,age_aggregate_y15_24,geo_cov_urb,1998,10.375
prt,sex_m,age_aggregate_y15_24,geo_cov_urb,1999,9.682
prt,sex_m,age_aggregate_y15_24,geo_cov_urb,2000,7.647
prt,sex_m,age_aggregate_y15_24,geo_cov_urb,2001,6.915
prt,sex_m,age_aggregate_y15_24,geo_cov_urb,2002,10.774
prt,sex_m,age_aggregate_y15_24,geo_cov_urb,2003,12.381
prt,sex_m,age_aggregate_y15_24,geo_cov_urb,2004,14.521
prt,sex_m,age_aggregate_y15_24,geo_cov_urb,2005,16.038
prt,sex_m,age_aggregate_y15_24,geo_cov_urb,2006,17.772
prt,sex_m,age_aggregate_y15_24,geo_cov_urb,2007,16.008
prt,sex_m,age_aggregate_y15_24,geo_cov_urb,2008,16.307
prt,sex_m,age_aggregate_y15_24,geo_cov_urb,2009,22.315
prt,sex_m,age_aggregate_y15_24,geo_cov_urb,2010,25.756
prt,sex_m,age_aggregate_y15_24,geo_cov_urb,2011,36.864
prt,sex_m,age_aggregate_y15_24,geo_cov_urb,2012,46.96
prt,sex_m,age_aggregate_y15_24,geo_cov_urb,2013,50.216
prt,sex_m,age_aggregate_y15_24,geo_cov_urb,2014,47.137
prt,sex_m,age_aggregate_y15_24,geo_cov_urb,2015,40.139
prt,sex_m,age_aggregate_y15_24,geo_cov_urb,2016,37.408
prt,sex_m,age_aggregate_y15_24,geo_cov_urb,2017,31.706
prt,sex_m,age_aggregate_y15_24,geo_cov_urb,2018,29.326
prt,sex_m,age_aggregate_y15_24,geo_cov_urb,2019,26.036
prt,sex_m,age_aggregate_y15_24,geo_cov_urb,2020,33.321
prt,sex_m,age_aggregate_y15_24,geo_cov_urb,2021,29.329
prt,sex_m,age_aggregate_y15_24,geo_cov_urb,2022,26.647
prt,sex_m,age_aggregate_y15_24,geo_cov_urb,2023,27.713
prt,sex_m,age_aggregate_y15_24,geo_cov_urb,2024,25.939
prt,sex_m,age_aggregate_y25_54,geo_cov_nat,1998,4.122
prt,sex_m,age_aggregate_y25_54,geo_cov_nat,1999,4.309
prt,sex_m,age_aggregate_y25_54,geo_cov_nat,2000,3.511
prt,sex_m,age_aggregate_y25_54,geo_cov_nat,2001,3.304
prt,sex_m,age_aggregate_y25_54,geo_cov_nat,2002,4.078
prt,sex_m,age_aggregate_y25_54,geo_cov_nat,2003,5.708
prt,sex_m,age_aggregate_y25_54,geo_cov_nat,2004,5.612
prt,sex_m,age_aggregate_y25_54,geo_cov_nat,2005,6.891
prt,sex_m,age_aggregate_y25_54,geo_cov_nat,2006,6.642
prt,sex_m,age_aggregate_y25_54,geo_cov_nat,2007,6.762
prt,sex_m,age_aggregate_y25_54,geo_cov_nat,2008,6.694
prt,sex_m,age_aggregate_y25_54,geo_cov_nat,2009,9.384
prt,sex_m,age_aggregate_y25_54,geo_cov_nat,2010,9.994
prt,sex_m,age_aggregate_y25_54,geo_cov_nat,2011,13.016
prt,sex_m,age_aggregate_y25_54,geo_cov_nat,2012,16.477
prt,sex_m,age_aggregate_y25_54,geo_cov_nat,2013,17.79
prt,sex_m,age_aggregate_y25_54,geo_cov_nat,2014,14.463
prt,sex_m,age_aggregate_y25_54,geo_cov_nat,2015,13.102
prt,sex_m,age_aggregate_y25_54,geo_cov_nat,2016,11.994
prt,sex_m,age_aggregate_y25_54,geo_cov_nat,2017,9.401
prt,sex_m,age_aggregate_y25_54,geo_cov_nat,2018,7.483
prt,sex_m,age_aggregate_y25_54,geo_cov_nat,2019,6.785
prt,sex_m,age_aggregate_y25_54,geo_cov_nat,2020,8.19
prt,sex_m,age_aggregate_y25_54,geo_cov_nat,2021,7.811
prt,sex_m,age_aggregate_y25_54,geo_cov_nat,2022,6.831
prt,sex_m,age_aggregate_y25_54,geo_cov_nat,2023,6.529
prt,sex_m,age_aggregate_y25_54,geo_cov_nat,2024,6.179
prt,sex_m,age_aggregate_y25_54,geo_cov_rur,1998,3.461
prt,sex_m,age_aggregate_y25_54,geo_cov_rur,1999,3.507
prt,sex_m,age_aggregate_y25_54,geo_cov_rur,2000,1.77
prt,sex_m,age_aggregate_y25_54,geo_cov_rur,2001,2.383
prt,sex_m,age_aggregate_y25_54,geo_cov_rur,2002,3.409
prt,sex_m,age_aggregate_y25_54,geo_cov_rur,2003,4.299
prt,sex_m,age_aggregate_y25_54,geo_cov_rur,2004,5.005
prt,sex_m,age_aggregate_y25_54,geo_cov_rur,2005,5.4
prt,sex_m,age_aggregate_y25_54,geo_cov_rur,2006,5.825
prt,sex_m,age_aggregate_y25_54,geo_cov_rur,2007,4.949
prt,sex_m,age_aggregate_y25_54,geo_cov_rur,2008,4.719
prt,sex_m,age_aggregate_y25_54,geo_cov_rur,2009,8.212
prt,sex_m,age_aggregate_y25_54,geo_cov_rur,2010,8.726
prt,sex_m,age_aggregate_y25_54,geo_cov_rur,2011,10.531
prt,sex_m,age_aggregate_y25_54,geo_cov_rur,2012,12.95
prt,sex_m,age_aggregate_y25_54,geo_cov_rur,2013,15.434
prt,sex_m,age_aggregate_y25_54,geo_cov_rur,2014,12.865
prt,sex_m,age_aggregate_y25_54,geo_cov_rur,2015,11.791
prt,sex_m,age_aggregate_y25_54,geo_cov_rur,2016,11.076
prt,sex_m,age_aggregate_y25_54,geo_cov_rur,2017,8.252
prt,sex_m,age_aggregate_y25_54,geo_cov_rur,2018,7.338
prt,sex_m,age_aggregate_y25_54,geo_cov_rur,2019,6.682
prt,sex_m,age_aggregate_y25_54,geo_cov_rur,2020,6.192
prt,sex_m,age_aggregate_y25_54,geo_cov_rur,2021,8.855
prt,sex_m,age_aggregate_y25_54,geo_cov_rur,2022,7.072
prt,sex_m,age_aggregate_y25_54,geo_cov_rur,2023,6.089
prt,sex_m,age_aggregate_y25_54,geo_cov_rur,2024,5.986
prt,sex_m,age_aggregate_y25_54,geo_cov_urb,1998,4.317
prt,sex_m,age_aggregate_y25_54,geo_cov_urb,1999,4.546
prt,sex_m,age_aggregate_y25_54,geo_cov_urb,2000,4.013
prt,sex_m,age_aggregate_y25_54,geo_cov_urb,2001,3.568
prt,sex_m,age_aggregate_y25_54,geo_cov_urb,2002,4.275
prt,sex_m,age_aggregate_y25_54,geo_cov_urb,2003,6.106
prt,sex_m,age_aggregate_y25_54,geo_cov_urb,2004,5.776
prt,sex_m,age_aggregate_y25_54,geo_cov_urb,2005,7.31
prt,sex_m,age_aggregate_y25_54,geo_cov_urb,2006,6.861
prt,sex_m,age_aggregate_y25_54,geo_cov_urb,2007,7.245
prt,sex_m,age_aggregate_y25_54,geo_cov_urb,2008,7.223
prt,sex_m,age_aggregate_y25_54,geo_cov_urb,2009,9.699
prt,sex_m,age_aggregate_y25_54,geo_cov_urb,2010,10.337
prt,sex_m,age_aggregate_y25_54,geo_cov_urb,2011,13.861
prt,sex_m,age_aggregate_y25_54,geo_cov_urb,2012,17.622
prt,sex_m,age_aggregate_y25_54,geo_cov_urb,2013,18.536
prt,sex_m,age_aggregate_y25_54,geo_cov_urb,2014,14.977
prt,sex_m,age_aggregate_y25_54,geo_cov_urb,2015,13.515
prt,sex_m,age_aggregate_y25_54,geo_cov_urb,2016,12.266
prt,sex_m,age_aggregate_y25_54,geo_cov_urb,2017,9.733
prt,sex_m,age_aggregate_y25_54,geo_cov_urb,2018,7.523
prt,sex_m,age_aggregate_y25_54,geo_cov_urb,2019,6.812
prt,sex_m,age_aggregate_y25_54,geo_cov_urb,2020,8.729
prt,sex_m,age_aggregate_y25_54,geo_cov_urb,2021,7.515
prt,sex_m,age_aggregate_y25_54,geo_cov_urb,2022,6.762
prt,sex_m,age_aggregate_y25_54,geo_cov_urb,2023,6.646
prt,sex_m,age_aggregate_y25_54,geo_cov_urb,2024,6.232
prt,sex_m,age_aggregate_y55_64,geo_cov_nat,1998,4.747
prt,sex_m,age_aggregate_y55_64,geo_cov_nat,1999,5.5
prt,sex_m,age_aggregate_y55_64,geo_cov_nat,2000,4.922
prt,sex_m,age_aggregate_y55_64,geo_cov_nat,2001,3.667
prt,sex_m,age_aggregate_y55_64,geo_cov_nat,2002,4.735
prt,sex_m,age_aggregate_y55_64,geo_cov_nat,2003,6.696
prt,sex_m,age_aggregate_y55_64,geo_cov_nat,2004,7.842
prt,sex_m,age_aggregate_y55_64,geo_cov_nat,2005,8.351
prt,sex_m,age_aggregate_y55_64,geo_cov_nat,2006,8.745
prt,sex_m,age_aggregate_y55_64,geo_cov_nat,2007,8.35
prt,sex_m,age_aggregate_y55_64,geo_cov_nat,2008,8.587
prt,sex_m,age_aggregate_y55_64,geo_cov_nat,2009,9.396
prt,sex_m,age_aggregate_y55_64,geo_cov_nat,2010,11.213
prt,sex_m,age_aggregate_y55_64,geo_cov_nat,2011,15.105
prt,sex_m,age_aggregate_y55_64,geo_cov_nat,2012,19.282
prt,sex_m,age_aggregate_y55_64,geo_cov_nat,2013,20.25
prt,sex_m,age_aggregate_y55_64,geo_cov_nat,2014,20.396
prt,sex_m,age_aggregate_y55_64,geo_cov_nat,2015,19.24
prt,sex_m,age_aggregate_y55_64,geo_cov_nat,2016,17.782
prt,sex_m,age_aggregate_y55_64,geo_cov_nat,2017,13.512
prt,sex_m,age_aggregate_y55_64,geo_cov_nat,2018,10.44
prt,sex_m,age_aggregate_y55_64,geo_cov_nat,2019,9.321
prt,sex_m,age_aggregate_y55_64,geo_cov_nat,2020,10.841
prt,sex_m,age_aggregate_y55_64,geo_cov_nat,2021,9.486
prt,sex_m,age_aggregate_y55_64,geo_cov_nat,2022,7.263
prt,sex_m,age_aggregate_y55_64,geo_cov_nat,2023,7.14
prt,sex_m,age_aggregate_y55_64,geo_cov_nat,2024,6.796
prt,sex_m,age_aggregate_y55_64,geo_cov_rur,1998,4.374
prt,sex_m,age_aggregate_y55_64,geo_cov_rur,1999,4.816
prt,sex_m,age_aggregate_y55_64,geo_cov_rur,2000,1.62
prt,sex_m,age_aggregate_y55_64,geo_cov_rur,2001,2.444
prt,sex_m,age_aggregate_y55_64,geo_cov_rur,2002,3.822
prt,sex_m,age_aggregate_y55_64,geo_cov_rur,2003,3.57
prt,sex_m,age_aggregate_y55_64,geo_cov_rur,2004,4.072
prt,sex_m,age_aggregate_y55_64,geo_cov_rur,2005,3.457
prt,sex_m,age_aggregate_y55_64,geo_cov_rur,2006,4.696
prt,sex_m,age_aggregate_y55_64,geo_cov_rur,2007,4.142
prt,sex_m,age_aggregate_y55_64,geo_cov_rur,2008,6.348
prt,sex_m,age_aggregate_y55_64,geo_cov_rur,2009,8.903
prt,sex_m,age_aggregate_y55_64,geo_cov_rur,2010,10.034
prt,sex_m,age_aggregate_y55_64,geo_cov_rur,2011,10.523
prt,sex_m,age_aggregate_y55_64,geo_cov_rur,2012,14.051
prt,sex_m,age_aggregate_y55_64,geo_cov_rur,2013,13.53
prt,sex_m,age_aggregate_y55_64,geo_cov_rur,2014,14.6
prt,sex_m,age_aggregate_y55_64,geo_cov_rur,2015,15.046
prt,sex_m,age_aggregate_y55_64,geo_cov_rur,2016,12.87
prt,sex_m,age_aggregate_y55_64,geo_cov_rur,2017,10.981
prt,sex_m,age_aggregate_y55_64,geo_cov_rur,2018,8.978
prt,sex_m,age_aggregate_y55_64,geo_cov_rur,2019,6.897
prt,sex_m,age_aggregate_y55_64,geo_cov_rur,2020,8.845
prt,sex_m,age_aggregate_y55_64,geo_cov_rur,2021,9.333
prt,sex_m,age_aggregate_y55_64,geo_cov_rur,2022,6.038
prt,sex_m,age_aggregate_y55_64,geo_cov_rur,2023,6.446
prt,sex_m,age_aggregate_y55_64,geo_cov_rur,2024,5.692
prt,sex_m,age_aggregate_y55_64,geo_cov_urb,1998,4.913
prt,sex_m,age_aggregate_y55_64,geo_cov_urb,1999,5.796
prt,sex_m,age_aggregate_y55_64,geo_cov_urb,2000,6.391
prt,sex_m,age_aggregate_y55_64,geo_cov_urb,2001,4.201
prt,sex_m,age_aggregate_y55_64,geo_cov_urb,2002,5.1
prt,sex_m,age_aggregate_y55_64,geo_cov_urb,2003,7.937
prt,sex_m,age_aggregate_y55_64,geo_cov_urb,2004,9.435
prt,sex_m,age_aggregate_y55_64,geo_cov_urb,2005,10.265
prt,sex_m,age_aggregate_y55_64,geo_cov_urb,2006,10.318
prt,sex_m,age_aggregate_y55_64,geo_cov_urb,2007,9.95
prt,sex_m,age_aggregate_y55_64,geo_cov_urb,2008,9.434
prt,sex_m,age_aggregate_y55_64,geo_cov_urb,2009,9.565
prt,sex_m,age_aggregate_y55_64,geo_cov_urb,2010,11.629
prt,sex_m,age_aggregate_y55_64,geo_cov_urb,2011,17.052
prt,sex_m,age_aggregate_y55_64,geo_cov_urb,2012,21.427
prt,sex_m,age_aggregate_y55_64,geo_cov_urb,2013,23.283
prt,sex_m,age_aggregate_y55_64,geo_cov_urb,2014,22.874
prt,sex_m,age_aggregate_y55_64,geo_cov_urb,2015,20.911
prt,sex_m,age_aggregate_y55_64,geo_cov_urb,2016,19.636
prt,sex_m,age_aggregate_y55_64,geo_cov_urb,2017,14.388
prt,sex_m,age_aggregate_y55_64,geo_cov_urb,2018,10.953
prt,sex_m,age_aggregate_y55_64,geo_cov_urb,2019,10.204
prt,sex_m,age_aggregate_y55_64,geo_cov_urb,2020,11.588
prt,sex_m,age_aggregate_y55_64,geo_cov_urb,2021,9.544
prt,sex_m,age_aggregate_y55_64,geo_cov_urb,2022,7.691
prt,sex_m,age_aggregate_y55_64,geo_cov_urb,2023,7.392
prt,sex_m,age_aggregate_y55_64,geo_cov_urb,2024,7.181
prt,sex_m,age_aggregate_yge65,geo_cov_nat,1998,0.508
prt,sex_m,age_aggregate_yge65,geo_cov_nat,2001,0.451
prt,sex_m,age_aggregate_yge65,geo_cov_nat,2002,0.7
prt,sex_m,age_aggregate_yge65,geo_cov_nat,2004,0.656
prt,sex_m,age_aggregate_yge65,geo_cov_nat,2005,0.546
prt,sex_m,age_aggregate_yge65,geo_cov_nat,2006,0.194
prt,sex_m,age_aggregate_yge65,geo_cov_nat,2007,0.474
prt,sex_m,age_aggregate_yge65,geo_cov_nat,2008,0.344
prt,sex_m,age_aggregate_yge65,geo_cov_nat,2009,0.576
prt,sex_m,age_aggregate_yge65,geo_cov_nat,2010,0.33
prt,sex_m,age_aggregate_yge65,geo_cov_nat,2011,3.082
prt,sex_m,age_aggregate_yge65,geo_cov_nat,2012,4.787
prt,sex_m,age_aggregate_yge65,geo_cov_nat,2013,5.606
prt,sex_m,age_aggregate_yge65,geo_cov_nat,2014,6.735
prt,sex_m,age_aggregate_yge65,geo_cov_nat,2015,7.608
prt,sex_m,age_aggregate_yge65,geo_cov_nat,2016,5.783
prt,sex_m,age_aggregate_yge65,geo_cov_nat,2017,6.424
prt,sex_m,age_aggregate_yge65,geo_cov_nat,2018,5.352
prt,sex_m,age_aggregate_yge65,geo_cov_nat,2019,5.004
prt,sex_m,age_aggregate_yge65,geo_cov_nat,2020,4.441
prt,sex_m,age_aggregate_yge65,geo_cov_nat,2021,5.867
prt,sex_m,age_aggregate_yge65,geo_cov_nat,2022,6.153
prt,sex_m,age_aggregate_yge65,geo_cov_nat,2023,5.381
prt,sex_m,age_aggregate_yge65,geo_cov_nat,2024,4.489
prt,sex_m,age_aggregate_yge65,geo_cov_rur,2007,0.268
prt,sex_m,age_aggregate_yge65,geo_cov_rur,2011,1.185
prt,sex_m,age_aggregate_yge65,geo_cov_rur,2012,1.379
prt,sex_m,age_aggregate_yge65,geo_cov_rur,2013,1.735
prt,sex_m,age_aggregate_yge65,geo_cov_rur,2014,3.019
prt,sex_m,age_aggregate_yge65,geo_cov_rur,2015,3.017
prt,sex_m,age_aggregate_yge65,geo_cov_rur,2016,2.975
prt,sex_m,age_aggregate_yge65,geo_cov_rur,2017,3.045
prt,sex_m,age_aggregate_yge65,geo_cov_rur,2018,3.239
prt,sex_m,age_aggregate_yge65,geo_cov_rur,2019,2.598
prt,sex_m,age_aggregate_yge65,geo_cov_rur,2020,2.502
prt,sex_m,age_aggregate_yge65,geo_cov_rur,2021,3.69
prt,sex_m,age_aggregate_yge65,geo_cov_rur,2022,2.703
prt,sex_m,age_aggregate_yge65,geo_cov_rur,2023,3.237
prt,sex_m,age_aggregate_yge65,geo_cov_rur,2024,2.324
prt,sex_m,age_aggregate_yge65,geo_cov_urb,2004,1.15
prt,sex_m,age_aggregate_yge65,geo_cov_urb,2005,1.052
prt,sex_m,age_aggregate_yge65,geo_cov_urb,2007,0.668
prt,sex_m,age_aggregate_yge65,geo_cov_urb,2008,0.633
prt,sex_m,age_aggregate_yge65,geo_cov_urb,2009,0.981
prt,sex_m,age_aggregate_yge65,geo_cov_urb,2010,0.483
prt,sex_m,age_aggregate_yge65,geo_cov_urb,2011,4.911
prt,sex_m,age_aggregate_yge65,geo_cov_urb,2012,8.009
prt,sex_m,age_aggregate_yge65,geo_cov_urb,2013,9.102
prt,sex_m,age_aggregate_yge65,geo_cov_urb,2014,10.272
prt,sex_m,age_aggregate_yge65,geo_cov_urb,2015,11.648
prt,sex_m,age_aggregate_yge65,geo_cov_urb,2016,7.928
prt,sex_m,age_aggregate_yge65,geo_cov_urb,2017,8.985
prt,sex_m,age_aggregate_yge65,geo_cov_urb,2018,6.861
prt,sex_m,age_aggregate_yge65,geo_cov_urb,2019,6.512
prt,sex_m,age_aggregate_yge65,geo_cov_urb,2020,5.625
prt,sex_m,age_aggregate_yge65,geo_cov_urb,2021,6.704
prt,sex_m,age_aggregate_yge65,geo_cov_urb,2022,7.577
prt,sex_m,age_aggregate_yge65,geo_cov_urb,2023,6.164
prt,sex_m,age_aggregate_yge65,geo_cov_urb,2024,5.276
prt,sex_m,age_ythadult_y15_24,geo_cov_nat,1998,10.512
prt,sex_m,age_ythadult_y15_24,geo_cov_nat,1999,9.801
prt,sex_m,age_ythadult_y15_24,geo_cov_nat,2000,6.84
prt,sex_m,age_ythadult_y15_24,geo_cov_nat,2001,7.758
prt,sex_m,age_ythadult_y15_24,geo_cov_nat,2002,10.448
prt,sex_m,age_ythadult_y15_24,geo_cov_nat,2003,12.665
prt,sex_m,age_ythadult_y15_24,geo_cov_nat,2004,14.672
prt,sex_m,age_ythadult_y15_24,geo_cov_nat,2005,15.899
prt,sex_m,age_ythadult_y15_24,geo_cov_nat,2006,17.081
prt,sex_m,age_ythadult_y15_24,geo_cov_nat,2007,15.898
prt,sex_m,age_ythadult_y15_24,geo_cov_nat,2008,15.507
prt,sex_m,age_ythadult_y15_24,geo_cov_nat,2009,21.397
prt,sex_m,age_ythadult_y15_24,geo_cov_nat,2010,24.042
prt,sex_m,age_ythadult_y15_24,geo_cov_nat,2011,34.726
prt,sex_m,age_ythadult_y15_24,geo_cov_nat,2012,44.125
prt,sex_m,age_ythadult_y15_24,geo_cov_nat,2013,46.579
prt,sex_m,age_ythadult_y15_24,geo_cov_nat,2014,43.923
prt,sex_m,age_ythadult_y15_24,geo_cov_nat,2015,38.828
prt,sex_m,age_ythadult_y15_24,geo_cov_nat,2016,36.745
prt,sex_m,age_ythadult_y15_24,geo_cov_nat,2017,31.39
prt,sex_m,age_ythadult_y15_24,geo_cov_nat,2018,28.261
prt,sex_m,age_ythadult_y15_24,geo_cov_nat,2019,24.919
prt,sex_m,age_ythadult_y15_24,geo_cov_nat,2020,32.682
prt,sex_m,age_ythadult_y15_24,geo_cov_nat,2021,30.136
prt,sex_m,age_ythadult_y15_24,geo_cov_nat,2022,26.366
prt,sex_m,age_ythadult_y15_24,geo_cov_nat,2023,26.109
prt,sex_m,age_ythadult_y15_24,geo_cov_nat,2024,26.115
prt,sex_m,age_ythadult_y15_24,geo_cov_rur,1998,10.983
prt,sex_m,age_ythadult_y15_24,geo_cov_rur,1999,10.187
prt,sex_m,age_ythadult_y15_24,geo_cov_rur,2000,4.212
prt,sex_m,age_ythadult_y15_24,geo_cov_rur,2001,10.858
prt,sex_m,age_ythadult_y15_24,geo_cov_rur,2002,9.315
prt,sex_m,age_ythadult_y15_24,geo_cov_rur,2003,13.634
prt,sex_m,age_ythadult_y15_24,geo_cov_rur,2004,15.166
prt,sex_m,age_ythadult_y15_24,geo_cov_rur,2005,15.422
prt,sex_m,age_ythadult_y15_24,geo_cov_rur,2006,14.709
prt,sex_m,age_ythadult_y15_24,geo_cov_rur,2007,15.47
prt,sex_m,age_ythadult_y15_24,geo_cov_rur,2008,12.644
prt,sex_m,age_ythadult_y15_24,geo_cov_rur,2009,17.953
prt,sex_m,age_ythadult_y15_24,geo_cov_rur,2010,17.333
prt,sex_m,age_ythadult_y15_24,geo_cov_rur,2011,29.002
prt,sex_m,age_ythadult_y15_24,geo_cov_rur,2012,36.063
prt,sex_m,age_ythadult_y15_24,geo_cov_rur,2013,36.308
prt,sex_m,age_ythadult_y15_24,geo_cov_rur,2014,35.481
prt,sex_m,age_ythadult_y15_24,geo_cov_rur,2015,35.266
prt,sex_m,age_ythadult_y15_24,geo_cov_rur,2016,34.633
prt,sex_m,age_ythadult_y15_24,geo_cov_rur,2017,30.439
prt,sex_m,age_ythadult_y15_24,geo_cov_rur,2018,24.906
prt,sex_m,age_ythadult_y15_24,geo_cov_rur,2019,21.117
prt,sex_m,age_ythadult_y15_24,geo_cov_rur,2020,30.659
prt,sex_m,age_ythadult_y15_24,geo_cov_rur,2021,32.656
prt,sex_m,age_ythadult_y15_24,geo_cov_rur,2022,25.33
prt,sex_m,age_ythadult_y15_24,geo_cov_rur,2023,20.652
prt,sex_m,age_ythadult_y15_24,geo_cov_rur,2024,26.734
prt,sex_m,age_ythadult_y15_24,geo_cov_urb,1998,10.375
prt,sex_m,age_ythadult_y15_24,geo_cov_urb,1999,9.682
prt,sex_m,age_ythadult_y15_24,geo_cov_urb,2000,7.647
prt,sex_m,age_ythadult_y15_24,geo_cov_urb,2001,6.915
prt,sex_m,age_ythadult_y15_24,geo_cov_urb,2002,10.774
prt,sex_m,age_ythadult_y15_24,geo_cov_urb,2003,12.381
prt,sex_m,age_ythadult_y15_24,geo_cov_urb,2004,14.521
prt,sex_m,age_ythadult_y15_24,geo_cov_urb,2005,16.038
prt,sex_m,age_ythadult_y15_24,geo_cov_urb,2006,17.772
prt,sex_m,age_ythadult_y15_24,geo_cov_urb,2007,16.008
prt,sex_m,age_ythadult_y15_24,geo_cov_urb,2008,16.307
prt,sex_m,age_ythadult_y15_24,geo_cov_urb,2009,22.315
prt,sex_m,age_ythadult_y15_24,geo_cov_urb,2010,25.756
prt,sex_m,age_ythadult_y15_24,geo_cov_urb,2011,36.864
prt,sex_m,age_ythadult_y15_24,geo_cov_urb,2012,46.96
prt,sex_m,age_ythadult_y15_24,geo_cov_urb,2013,50.216
prt,sex_m,age_ythadult_y15_24,geo_cov_urb,2014,47.137
prt,sex_m,age_ythadult_y15_24,geo_cov_urb,2015,40.139
prt,sex_m,age_ythadult_y15_24,geo_cov_urb,2016,37.408
prt,sex_m,age_ythadult_y15_24,geo_cov_urb,2017,31.706
prt,sex_m,age_ythadult_y15_24,geo_cov_urb,2018,29.326
prt,sex_m,age_ythadult_y15_24,geo_cov_urb,2019,26.036
prt,sex_m,age_ythadult_y15_24,geo_cov_urb,2020,33.321
prt,sex_m,age_ythadult_y15_24,geo_cov_urb,2021,29.329
prt,sex_m,age_ythadult_y15_24,geo_cov_urb,2022,26.647
prt,sex_m,age_ythadult_y15_24,geo_cov_urb,2023,27.713
prt,sex_m,age_ythadult_y15_24,geo_cov_urb,2024,25.939
prt,sex_m,age_ythadult_y15_64,geo_cov_nat,1998,5.153
prt,sex_m,age_ythadult_y15_64,geo_cov_nat,1999,5.263
prt,sex_m,age_ythadult_y15_64,geo_cov_nat,2000,4.152
prt,sex_m,age_ythadult_y15_64,geo_cov_nat,2001,3.969
prt,sex_m,age_ythadult_y15_64,geo_cov_nat,2002,5.025
prt,sex_m,age_ythadult_y15_64,geo_cov_nat,2003,6.685
prt,sex_m,age_ythadult_y15_64,geo_cov_nat,2004,6.96
prt,sex_m,age_ythadult_y15_64,geo_cov_nat,2005,8.088
prt,sex_m,age_ythadult_y15_64,geo_cov_nat,2006,8.042
prt,sex_m,age_ythadult_y15_64,geo_cov_nat,2007,7.92
prt,sex_m,age_ythadult_y15_64,geo_cov_nat,2008,7.821
prt,sex_m,age_ythadult_y15_64,geo_cov_nat,2009,10.477
prt,sex_m,age_ythadult_y15_64,geo_cov_nat,2010,11.365
prt,sex_m,age_ythadult_y15_64,geo_cov_nat,2011,15.343
prt,sex_m,age_ythadult_y15_64,geo_cov_nat,2012,19.477
prt,sex_m,age_ythadult_y15_64,geo_cov_nat,2013,20.776
prt,sex_m,age_ythadult_y15_64,geo_cov_nat,2014,17.987
prt,sex_m,age_ythadult_y15_64,geo_cov_nat,2015,16.319
prt,sex_m,age_ythadult_y15_64,geo_cov_nat,2016,15.152
prt,sex_m,age_ythadult_y15_64,geo_cov_nat,2017,12.034
prt,sex_m,age_ythadult_y15_64,geo_cov_nat,2018,9.844
prt,sex_m,age_ythadult_y15_64,geo_cov_nat,2019,8.837
prt,sex_m,age_ythadult_y15_64,geo_cov_nat,2020,10.718
prt,sex_m,age_ythadult_y15_64,geo_cov_nat,2021,9.95
prt,sex_m,age_ythadult_y15_64,geo_cov_nat,2022,8.487
prt,sex_m,age_ythadult_y15_64,geo_cov_nat,2023,8.291
prt,sex_m,age_ythadult_y15_64,geo_cov_nat,2024,7.897
prt,sex_m,age_ythadult_y15_64,geo_cov_rur,1998,4.675
prt,sex_m,age_ythadult_y15_64,geo_cov_rur,1999,4.682
prt,sex_m,age_ythadult_y15_64,geo_cov_rur,2000,2.084
prt,sex_m,age_ythadult_y15_64,geo_cov_rur,2001,3.482
prt,sex_m,age_ythadult_y15_64,geo_cov_rur,2002,4.237
prt,sex_m,age_ythadult_y15_64,geo_cov_rur,2003,5.31
prt,sex_m,age_ythadult_y15_64,geo_cov_rur,2004,6.093
prt,sex_m,age_ythadult_y15_64,geo_cov_rur,2005,6.212
prt,sex_m,age_ythadult_y15_64,geo_cov_rur,2006,6.614
prt,sex_m,age_ythadult_y15_64,geo_cov_rur,2007,5.834
prt,sex_m,age_ythadult_y15_64,geo_cov_rur,2008,5.769
prt,sex_m,age_ythadult_y15_64,geo_cov_rur,2009,9.181
prt,sex_m,age_ythadult_y15_64,geo_cov_rur,2010,9.63
prt,sex_m,age_ythadult_y15_64,geo_cov_rur,2011,12.318
prt,sex_m,age_ythadult_y15_64,geo_cov_rur,2012,15.357
prt,sex_m,age_ythadult_y15_64,geo_cov_rur,2013,17.006
prt,sex_m,age_ythadult_y15_64,geo_cov_rur,2014,15.315
prt,sex_m,age_ythadult_y15_64,geo_cov_rur,2015,14.559
prt,sex_m,age_ythadult_y15_64,geo_cov_rur,2016,13.493
prt,sex_m,age_ythadult_y15_64,geo_cov_rur,2017,10.847
prt,sex_m,age_ythadult_y15_64,geo_cov_rur,2018,9.302
prt,sex_m,age_ythadult_y15_64,geo_cov_rur,2019,8.013
prt,sex_m,age_ythadult_y15_64,geo_cov_rur,2020,8.948
prt,sex_m,age_ythadult_y15_64,geo_cov_rur,2021,10.967
prt,sex_m,age_ythadult_y15_64,geo_cov_rur,2022,8.2
prt,sex_m,age_ythadult_y15_64,geo_cov_rur,2023,7.419
prt,sex_m,age_ythadult_y15_64,geo_cov_rur,2024,7.561
prt,sex_m,age_ythadult_y15_64,geo_cov_urb,1998,5.302
prt,sex_m,age_ythadult_y15_64,geo_cov_urb,1999,5.444
prt,sex_m,age_ythadult_y15_64,geo_cov_urb,2000,4.79
prt,sex_m,age_ythadult_y15_64,geo_cov_urb,2001,4.116
prt,sex_m,age_ythadult_y15_64,geo_cov_urb,2002,5.265
prt,sex_m,age_ythadult_y15_64,geo_cov_urb,2003,7.094
prt,sex_m,age_ythadult_y15_64,geo_cov_urb,2004,7.214
prt,sex_m,age_ythadult_y15_64,geo_cov_urb,2005,8.642
prt,sex_m,age_ythadult_y15_64,geo_cov_urb,2006,8.449
prt,sex_m,age_ythadult_y15_64,geo_cov_urb,2007,8.505
prt,sex_m,age_ythadult_y15_64,geo_cov_urb,2008,8.401
prt,sex_m,age_ythadult_y15_64,geo_cov_urb,2009,10.837
prt,sex_m,age_ythadult_y15_64,geo_cov_urb,2010,11.851
prt,sex_m,age_ythadult_y15_64,geo_cov_urb,2011,16.417
prt,sex_m,age_ythadult_y15_64,geo_cov_urb,2012,20.875
prt,sex_m,age_ythadult_y15_64,geo_cov_urb,2013,22.058
prt,sex_m,age_ythadult_y15_64,geo_cov_urb,2014,18.903
prt,sex_m,age_ythadult_y15_64,geo_cov_urb,2015,16.906
prt,sex_m,age_ythadult_y15_64,geo_cov_urb,2016,15.669
prt,sex_m,age_ythadult_y15_64,geo_cov_urb,2017,12.393
prt,sex_m,age_ythadult_y15_64,geo_cov_urb,2018,10.004
prt,sex_m,age_ythadult_y15_64,geo_cov_urb,2019,9.072
prt,sex_m,age_ythadult_y15_64,geo_cov_urb,2020,11.235
prt,sex_m,age_ythadult_y15_64,geo_cov_urb,2021,9.64
prt,sex_m,age_ythadult_y15_64,geo_cov_urb,2022,8.572
prt,sex_m,age_ythadult_y15_64,geo_cov_urb,2023,8.54
prt,sex_m,age_ythadult_y15_64,geo_cov_urb,2024,7.993
prt,sex_m,age_ythadult_yge15,geo_cov_nat,1998,4.884
prt,sex_m,age_ythadult_yge15,geo_cov_nat,1999,4.982
prt,sex_m,age_ythadult_yge15,geo_cov_nat,2000,3.902
prt,sex_m,age_ythadult_yge15,geo_cov_nat,2001,3.745
prt,sex_m,age_ythadult_yge15,geo_cov_nat,2002,4.748
prt,sex_m,age_ythadult_yge15,geo_cov_nat,2003,6.263
prt,sex_m,age_ythadult_yge15,geo_cov_nat,2004,6.549
prt,sex_m,age_ythadult_yge15,geo_cov_nat,2005,7.609
prt,sex_m,age_ythadult_yge15,geo_cov_nat,2006,7.544
prt,sex_m,age_ythadult_yge15,geo_cov_nat,2007,7.45
prt,sex_m,age_ythadult_yge15,geo_cov_nat,2008,7.356
prt,sex_m,age_ythadult_yge15,geo_cov_nat,2009,9.873
prt,sex_m,age_ythadult_yge15,geo_cov_nat,2010,10.676
prt,sex_m,age_ythadult_yge15,geo_cov_nat,2011,14.553
prt,sex_m,age_ythadult_yge15,geo_cov_nat,2012,18.503
prt,sex_m,age_ythadult_yge15,geo_cov_nat,2013,19.806
prt,sex_m,age_ythadult_yge15,geo_cov_nat,2014,17.314
prt,sex_m,age_ythadult_yge15,geo_cov_nat,2015,15.795
prt,sex_m,age_ythadult_yge15,geo_cov_nat,2016,14.6
prt,sex_m,age_ythadult_yge15,geo_cov_nat,2017,11.688
prt,sex_m,age_ythadult_yge15,geo_cov_nat,2018,9.563
prt,sex_m,age_ythadult_yge15,geo_cov_nat,2019,8.592
prt,sex_m,age_ythadult_yge15,geo_cov_nat,2020,10.306
prt,sex_m,age_ythadult_yge15,geo_cov_nat,2021,9.766
prt,sex_m,age_ythadult_yge15,geo_cov_nat,2022,8.366
prt,sex_m,age_ythadult_yge15,geo_cov_nat,2023,8.14
prt,sex_m,age_ythadult_yge15,geo_cov_nat,2024,7.73
prt,sex_m,age_ythadult_yge15,geo_cov_rur,1998,4.222
prt,sex_m,age_ythadult_yge15,geo_cov_rur,1999,4.223
prt,sex_m,age_ythadult_yge15,geo_cov_rur,2000,1.843
prt,sex_m,age_ythadult_yge15,geo_cov_rur,2001,3.067
prt,sex_m,age_ythadult_yge15,geo_cov_rur,2002,3.764
prt,sex_m,age_ythadult_yge15,geo_cov_rur,2003,4.622
prt,sex_m,age_ythadult_yge15,geo_cov_rur,2004,5.346
prt,sex_m,age_ythadult_yge15,geo_cov_rur,2005,5.419
prt,sex_m,age_ythadult_yge15,geo_cov_rur,2006,5.776
prt,sex_m,age_ythadult_yge15,geo_cov_rur,2007,5.109
prt,sex_m,age_ythadult_yge15,geo_cov_rur,2008,5.039
prt,sex_m,age_ythadult_yge15,geo_cov_rur,2009,8.066
prt,sex_m,age_ythadult_yge15,geo_cov_rur,2010,8.511
prt,sex_m,age_ythadult_yge15,geo_cov_rur,2011,11.046
prt,sex_m,age_ythadult_yge15,geo_cov_rur,2012,13.681
prt,sex_m,age_ythadult_yge15,geo_cov_rur,2013,15.275
prt,sex_m,age_ythadult_yge15,geo_cov_rur,2014,13.984
prt,sex_m,age_ythadult_yge15,geo_cov_rur,2015,13.323
prt,sex_m,age_ythadult_yge15,geo_cov_rur,2016,12.415
prt,sex_m,age_ythadult_yge15,geo_cov_rur,2017,9.997
prt,sex_m,age_ythadult_yge15,geo_cov_rur,2018,8.646
prt,sex_m,age_ythadult_yge15,geo_cov_rur,2019,7.439
prt,sex_m,age_ythadult_yge15,geo_cov_rur,2020,8.268
prt,sex_m,age_ythadult_yge15,geo_cov_rur,2021,10.581
prt,sex_m,age_ythadult_yge15,geo_cov_rur,2022,7.844
prt,sex_m,age_ythadult_yge15,geo_cov_rur,2023,7.161
prt,sex_m,age_ythadult_yge15,geo_cov_rur,2024,7.258
prt,sex_m,age_ythadult_yge15,geo_cov_urb,1998,5.105
prt,sex_m,age_ythadult_yge15,geo_cov_urb,1999,5.237
prt,sex_m,age_ythadult_yge15,geo_cov_urb,2000,4.59
prt,sex_m,age_ythadult_yge15,geo_cov_urb,2001,3.969
prt,sex_m,age_ythadult_yge15,geo_cov_urb,2002,5.079
prt,sex_m,age_ythadult_yge15,geo_cov_urb,2003,6.804
prt,sex_m,age_ythadult_yge15,geo_cov_urb,2004,6.932
prt,sex_m,age_ythadult_yge15,geo_cov_urb,2005,8.32
prt,sex_m,age_ythadult_yge15,geo_cov_urb,2006,8.097
prt,sex_m,age_ythadult_yge15,geo_cov_urb,2007,8.172
prt,sex_m,age_ythadult_yge15,geo_cov_urb,2008,8.075
prt,sex_m,age_ythadult_yge15,geo_cov_urb,2009,10.422
prt,sex_m,age_ythadult_yge15,geo_cov_urb,2010,11.332
prt,sex_m,age_ythadult_yge15,geo_cov_urb,2011,15.895
prt,sex_m,age_ythadult_yge15,geo_cov_urb,2012,20.275
prt,sex_m,age_ythadult_yge15,geo_cov_urb,2013,21.464
prt,sex_m,age_ythadult_yge15,geo_cov_urb,2014,18.541
prt,sex_m,age_ythadult_yge15,geo_cov_urb,2015,16.677
prt,sex_m,age_ythadult_yge15,geo_cov_urb,2016,15.325
prt,sex_m,age_ythadult_yge15,geo_cov_urb,2017,12.235
prt,sex_m,age_ythadult_yge15,geo_cov_urb,2018,9.854
prt,sex_m,age_ythadult_yge15,geo_cov_urb,2019,8.941
prt,sex_m,age_ythadult_yge15,geo_cov_urb,2020,10.936
prt,sex_m,age_ythadult_yge15,geo_cov_urb,2021,9.515
prt,sex_m,age_ythadult_yge15,geo_cov_urb,2022,8.525
prt,sex_m,age_ythadult_yge15,geo_cov_urb,2023,8.424
prt,sex_m,age_ythadult_yge15,geo_cov_urb,2024,7.867
prt,sex_m,age_ythadult_yge25,geo_cov_nat,1998,3.966
prt,sex_m,age_ythadult_yge25,geo_cov_nat,1999,4.211
prt,sex_m,age_ythadult_yge25,geo_cov_nat,2000,3.46
prt,sex_m,age_ythadult_yge25,geo_cov_nat,2001,3.144
prt,sex_m,age_ythadult_yge25,geo_cov_nat,2002,3.92
prt,sex_m,age_ythadult_yge25,geo_cov_nat,2003,5.437
prt,sex_m,age_ythadult_yge25,geo_cov_nat,2004,5.543
prt,sex_m,age_ythadult_yge25,geo_cov_nat,2005,6.636
prt,sex_m,age_ythadult_yge25,geo_cov_nat,2006,6.473
prt,sex_m,age_ythadult_yge25,geo_cov_nat,2007,6.543
prt,sex_m,age_ythadult_yge25,geo_cov_nat,2008,6.525
prt,sex_m,age_ythadult_yge25,geo_cov_nat,2009,8.799
prt,sex_m,age_ythadult_yge25,geo_cov_nat,2010,9.514
prt,sex_m,age_ythadult_yge25,geo_cov_nat,2011,12.625
prt,sex_m,age_ythadult_yge25,geo_cov_nat,2012,16.052
prt,sex_m,age_ythadult_yge25,geo_cov_nat,2013,17.336
prt,sex_m,age_ythadult_yge25,geo_cov_nat,2014,14.951
prt,sex_m,age_ythadult_yge25,geo_cov_nat,2015,13.802
prt,sex_m,age_ythadult_yge25,geo_cov_nat,2016,12.632
prt,sex_m,age_ythadult_yge25,geo_cov_nat,2017,9.961
prt,sex_m,age_ythadult_yge25,geo_cov_nat,2018,7.888
prt,sex_m,age_ythadult_yge25,geo_cov_nat,2019,7.146
prt,sex_m,age_ythadult_yge25,geo_cov_nat,2020,8.438
prt,sex_m,age_ythadult_yge25,geo_cov_nat,2021,8.06
prt,sex_m,age_ythadult_yge25,geo_cov_nat,2022,6.882
prt,sex_m,age_ythadult_yge25,geo_cov_nat,2023,6.589
prt,sex_m,age_ythadult_yge25,geo_cov_nat,2024,6.218
prt,sex_m,age_ythadult_yge25,geo_cov_rur,1998,3.244
prt,sex_m,age_ythadult_yge25,geo_cov_rur,1999,3.336
prt,sex_m,age_ythadult_yge25,geo_cov_rur,2000,1.512
prt,sex_m,age_ythadult_yge25,geo_cov_rur,2001,2.084
prt,sex_m,age_ythadult_yge25,geo_cov_rur,2002,3.058
prt,sex_m,age_ythadult_yge25,geo_cov_rur,2003,3.568
prt,sex_m,age_ythadult_yge25,geo_cov_rur,2004,4.168
prt,sex_m,age_ythadult_yge25,geo_cov_rur,2005,4.342
prt,sex_m,age_ythadult_yge25,geo_cov_rur,2006,4.832
prt,sex_m,age_ythadult_yge25,geo_cov_rur,2007,4.154
prt,sex_m,age_ythadult_yge25,geo_cov_rur,2008,4.33
prt,sex_m,age_ythadult_yge25,geo_cov_rur,2009,7.24
prt,sex_m,age_ythadult_yge25,geo_cov_rur,2010,7.847
prt,sex_m,age_ythadult_yge25,geo_cov_rur,2011,9.362
prt,sex_m,age_ythadult_yge25,geo_cov_rur,2012,11.615
prt,sex_m,age_ythadult_yge25,geo_cov_rur,2013,13.385
prt,sex_m,age_ythadult_yge25,geo_cov_rur,2014,12.025
prt,sex_m,age_ythadult_yge25,geo_cov_rur,2015,11.377
prt,sex_m,age_ythadult_yge25,geo_cov_rur,2016,10.527
prt,sex_m,age_ythadult_yge25,geo_cov_rur,2017,8.166
prt,sex_m,age_ythadult_yge25,geo_cov_rur,2018,7.184
prt,sex_m,age_ythadult_yge25,geo_cov_rur,2019,6.259
prt,sex_m,age_ythadult_yge25,geo_cov_rur,2020,6.365
prt,sex_m,age_ythadult_yge25,geo_cov_rur,2021,8.671
prt,sex_m,age_ythadult_yge25,geo_cov_rur,2022,6.534
prt,sex_m,age_ythadult_yge25,geo_cov_rur,2023,5.985
prt,sex_m,age_ythadult_yge25,geo_cov_rur,2024,5.687
prt,sex_m,age_ythadult_yge25,geo_cov_urb,1998,4.213
prt,sex_m,age_ythadult_yge25,geo_cov_urb,1999,4.508
prt,sex_m,age_ythadult_yge25,geo_cov_urb,2000,4.119
prt,sex_m,age_ythadult_yge25,geo_cov_urb,2001,3.504
prt,sex_m,age_ythadult_yge25,geo_cov_urb,2002,4.215
prt,sex_m,age_ythadult_yge25,geo_cov_urb,2003,6.061
prt,sex_m,age_ythadult_yge25,geo_cov_urb,2004,5.983
prt,sex_m,age_ythadult_yge25,geo_cov_urb,2005,7.389
prt,sex_m,age_ythadult_yge25,geo_cov_urb,2006,6.99
prt,sex_m,age_ythadult_yge25,geo_cov_urb,2007,7.293
prt,sex_m,age_ythadult_yge25,geo_cov_urb,2008,7.214
prt,sex_m,age_ythadult_yge25,geo_cov_urb,2009,9.278
prt,sex_m,age_ythadult_yge25,geo_cov_urb,2010,10.026
prt,sex_m,age_ythadult_yge25,geo_cov_urb,2011,13.876
prt,sex_m,age_ythadult_yge25,geo_cov_urb,2012,17.69
prt,sex_m,age_ythadult_yge25,geo_cov_urb,2013,18.785
prt,sex_m,age_ythadult_yge25,geo_cov_urb,2014,16.026
prt,sex_m,age_ythadult_yge25,geo_cov_urb,2015,14.665
prt,sex_m,age_ythadult_yge25,geo_cov_urb,2016,13.333
prt,sex_m,age_ythadult_yge25,geo_cov_urb,2017,10.54
prt,sex_m,age_ythadult_yge25,geo_cov_urb,2018,8.11
prt,sex_m,age_ythadult_yge25,geo_cov_urb,2019,7.416
prt,sex_m,age_ythadult_yge25,geo_cov_urb,2020,9.077
prt,sex_m,age_ythadult_yge25,geo_cov_urb,2021,7.872
prt,sex_m,age_ythadult_yge25,geo_cov_urb,2022,6.989
prt,sex_m,age_ythadult_yge25,geo_cov_urb,2023,6.765
prt,sex_m,age_ythadult_yge25,geo_cov_urb,2024,6.372
prt,sex_t,age_aggregate_total,geo_cov_nat,1998,6.434
prt,sex_t,age_aggregate_total,geo_cov_nat,1999,5.987
prt,sex_t,age_aggregate_total,geo_cov_nat,2000,5.215
prt,sex_t,age_aggregate_total,geo_cov_nat,2001,5.177
prt,sex_t,age_aggregate_total,geo_cov_nat,2002,5.88
prt,sex_t,age_aggregate_total,geo_cov_nat,2003,7.67
prt,sex_t,age_aggregate_total,geo_cov_nat,2004,7.844
prt,sex_t,age_aggregate_total,geo_cov_nat,2005,8.941
prt,sex_t,age_aggregate_total,geo_cov_nat,2006,9.155
prt,sex_t,age_aggregate_total,geo_cov_nat,2007,9.282
prt,sex_t,age_aggregate_total,geo_cov_nat,2008,8.864
prt,sex_t,age_aggregate_total,geo_cov_nat,2009,10.726
prt,sex_t,age_aggregate_total,geo_cov_nat,2010,12.066
prt,sex_t,age_aggregate_total,geo_cov_nat,2011,15.663
prt,sex_t,age_aggregate_total,geo_cov_nat,2012,19.218
prt,sex_t,age_aggregate_total,geo_cov_nat,2013,20.698
prt,sex_t,age_aggregate_total,geo_cov_nat,2014,18.446
prt,sex_t,age_aggregate_total,geo_cov_nat,2015,16.804
prt,sex_t,age_aggregate_total,geo_cov_nat,2016,15.17
prt,sex_t,age_aggregate_total,geo_cov_nat,2017,12.712
prt,sex_t,age_aggregate_total,geo_cov_nat,2018,10.369
prt,sex_t,age_aggregate_total,geo_cov_nat,2019,9.603
prt,sex_t,age_aggregate_total,geo_cov_nat,2020,11.018
prt,sex_t,age_aggregate_total,geo_cov_nat,2021,10.281
prt,sex_t,age_aggregate_total,geo_cov_nat,2022,8.849
prt,sex_t,age_aggregate_total,geo_cov_nat,2023,8.621
prt,sex_t,age_aggregate_total,geo_cov_nat,2024,8.457
prt,sex_t,age_aggregate_total,geo_cov_rur,1998,6.819
prt,sex_t,age_aggregate_total,geo_cov_rur,1999,6.076
prt,sex_t,age_aggregate_total,geo_cov_rur,2000,4.072
prt,sex_t,age_aggregate_total,geo_cov_rur,2001,4.385
prt,sex_t,age_aggregate_total,geo_cov_rur,2002,5.386
prt,sex_t,age_aggregate_total,geo_cov_rur,2003,6.447
prt,sex_t,age_aggregate_total,geo_cov_rur,2004,7.006
prt,sex_t,age_aggregate_total,geo_cov_rur,2005,7.028
prt,sex_t,age_aggregate_total,geo_cov_rur,2006,7.594
prt,sex_t,age_aggregate_total,geo_cov_rur,2007,7.517
prt,sex_t,age_aggregate_total,geo_cov_rur,2008,7.175
prt,sex_t,age_aggregate_total,geo_cov_rur,2009,9.007
prt,sex_t,age_aggregate_total,geo_cov_rur,2010,10.504
prt,sex_t,age_aggregate_total,geo_cov_rur,2011,13.716
prt,sex_t,age_aggregate_total,geo_cov_rur,2012,16.602
prt,sex_t,age_aggregate_total,geo_cov_rur,2013,17.494
prt,sex_t,age_aggregate_total,geo_cov_rur,2014,16.202
prt,sex_t,age_aggregate_total,geo_cov_rur,2015,15.075
prt,sex_t,age_aggregate_total,geo_cov_rur,2016,13.617
prt,sex_t,age_aggregate_total,geo_cov_rur,2017,11.596
prt,sex_t,age_aggregate_total,geo_cov_rur,2018,9.895
prt,sex_t,age_aggregate_total,geo_cov_rur,2019,9.338
prt,sex_t,age_aggregate_total,geo_cov_rur,2020,9.881
prt,sex_t,age_aggregate_total,geo_cov_rur,2021,10.526
prt,sex_t,age_aggregate_total,geo_cov_rur,2022,8.365
prt,sex_t,age_aggregate_total,geo_cov_rur,2023,7.563
prt,sex_t,age_aggregate_total,geo_cov_rur,2024,8.303
prt,sex_t,age_aggregate_total,geo_cov_urb,1998,6.31
prt,sex_t,age_aggregate_total,geo_cov_urb,1999,5.959
prt,sex_t,age_aggregate_total,geo_cov_urb,2000,5.584
prt,sex_t,age_aggregate_total,geo_cov_urb,2001,5.426
prt,sex_t,age_aggregate_total,geo_cov_urb,2002,6.041
prt,sex_t,age_aggregate_total,geo_cov_urb,2003,8.054
prt,sex_t,age_aggregate_total,geo_cov_urb,2004,8.101
prt,sex_t,age_aggregate_total,geo_cov_urb,2005,9.54
prt,sex_t,age_aggregate_total,geo_cov_urb,2006,9.629
prt,sex_t,age_aggregate_total,geo_cov_urb,2007,9.809
prt,sex_t,age_aggregate_total,geo_cov_urb,2008,9.37
prt,sex_t,age_aggregate_total,geo_cov_urb,2009,11.233
prt,sex_t,age_aggregate_total,geo_cov_urb,2010,12.527
prt,sex_t,age_aggregate_total,geo_cov_urb,2011,16.367
prt,sex_t,age_aggregate_total,geo_cov_urb,2012,20.126
prt,sex_t,age_aggregate_total,geo_cov_urb,2013,21.811
prt,sex_t,age_aggregate_total,geo_cov_urb,2014,19.214
prt,sex_t,age_aggregate_total,geo_cov_urb,2015,17.38
prt,sex_t,age_aggregate_total,geo_cov_urb,2016,15.652
prt,sex_t,age_aggregate_total,geo_cov_urb,2017,13.053
prt,sex_t,age_aggregate_total,geo_cov_urb,2018,10.51
prt,sex_t,age_aggregate_total,geo_cov_urb,2019,9.678
prt,sex_t,age_aggregate_total,geo_cov_urb,2020,11.348
prt,sex_t,age_aggregate_total,geo_cov_urb,2021,10.207
prt,sex_t,age_aggregate_total,geo_cov_urb,2022,8.992
prt,sex_t,age_aggregate_total,geo_cov_urb,2023,8.913
prt,sex_t,age_aggregate_total,geo_cov_urb,2024,8.5
prt,sex_t,age_aggregate_y15_24,geo_cov_nat,1998,12.154
prt,sex_t,age_aggregate_y15_24,geo_cov_nat,1999,11.896
prt,sex_t,age_aggregate_y15_24,geo_cov_nat,2000,10.419
prt,sex_t,age_aggregate_y15_24,geo_cov_nat,2001,11.188
prt,sex_t,age_aggregate_y15_24,geo_cov_nat,2002,12.857
prt,sex_t,age_aggregate_y15_24,geo_cov_nat,2003,15.966
prt,sex_t,age_aggregate_y15_24,geo_cov_nat,2004,16.549
prt,sex_t,age_aggregate_y15_24,geo_cov_nat,2005,18.739
prt,sex_t,age_aggregate_y15_24,geo_cov_nat,2006,19.134
prt,sex_t,age_aggregate_y15_24,geo_cov_nat,2007,19.379
prt,sex_t,age_aggregate_y15_24,geo_cov_nat,2008,19.111
prt,sex_t,age_aggregate_y15_24,geo_cov_nat,2009,22.53
prt,sex_t,age_aggregate_y15_24,geo_cov_nat,2010,25.271
prt,sex_t,age_aggregate_y15_24,geo_cov_nat,2011,36.451
prt,sex_t,age_aggregate_y15_24,geo_cov_nat,2012,45.151
prt,sex_t,age_aggregate_y15_24,geo_cov_nat,2013,47.636
prt,sex_t,age_aggregate_y15_24,geo_cov_nat,2014,44.388
prt,sex_t,age_aggregate_y15_24,geo_cov_nat,2015,41.161
prt,sex_t,age_aggregate_y15_24,geo_cov_nat,2016,37.264
prt,sex_t,age_aggregate_y15_24,geo_cov_nat,2017,32.819
prt,sex_t,age_aggregate_y15_24,geo_cov_nat,2018,28.858
prt,sex_t,age_aggregate_y15_24,geo_cov_nat,2019,26.988
prt,sex_t,age_aggregate_y15_24,geo_cov_nat,2020,33.842
prt,sex_t,age_aggregate_y15_24,geo_cov_nat,2021,32.238
prt,sex_t,age_aggregate_y15_24,geo_cov_nat,2022,26.821
prt,sex_t,age_aggregate_y15_24,geo_cov_nat,2023,25.945
prt,sex_t,age_aggregate_y15_24,geo_cov_nat,2024,27.026
prt,sex_t,age_aggregate_y15_24,geo_cov_rur,1998,14.168
prt,sex_t,age_aggregate_y15_24,geo_cov_rur,1999,14.545
prt,sex_t,age_aggregate_y15_24,geo_cov_rur,2000,9.821
prt,sex_t,age_aggregate_y15_24,geo_cov_rur,2001,14.222
prt,sex_t,age_aggregate_y15_24,geo_cov_rur,2002,15.032
prt,sex_t,age_aggregate_y15_24,geo_cov_rur,2003,18.364
prt,sex_t,age_aggregate_y15_24,geo_cov_rur,2004,18.246
prt,sex_t,age_aggregate_y15_24,geo_cov_rur,2005,20.049
prt,sex_t,age_aggregate_y15_24,geo_cov_rur,2006,19.808
prt,sex_t,age_aggregate_y15_24,geo_cov_rur,2007,19.771
prt,sex_t,age_aggregate_y15_24,geo_cov_rur,2008,16.964
prt,sex_t,age_aggregate_y15_24,geo_cov_rur,2009,21.953
prt,sex_t,age_aggregate_y15_24,geo_cov_rur,2010,23.949
prt,sex_t,age_aggregate_y15_24,geo_cov_rur,2011,35.578
prt,sex_t,age_aggregate_y15_24,geo_cov_rur,2012,44.606
prt,sex_t,age_aggregate_y15_24,geo_cov_rur,2013,42.291
prt,sex_t,age_aggregate_y15_24,geo_cov_rur,2014,38.839
prt,sex_t,age_aggregate_y15_24,geo_cov_rur,2015,41.118
prt,sex_t,age_aggregate_y15_24,geo_cov_rur,2016,35.759
prt,sex_t,age_aggregate_y15_24,geo_cov_rur,2017,32.573
prt,sex_t,age_aggregate_y15_24,geo_cov_rur,2018,28.116
prt,sex_t,age_aggregate_y15_24,geo_cov_rur,2019,26.432
prt,sex_t,age_aggregate_y15_24,geo_cov_rur,2020,33.768
prt,sex_t,age_aggregate_y15_24,geo_cov_rur,2021,32.121
prt,sex_t,age_aggregate_y15_24,geo_cov_rur,2022,25.87
prt,sex_t,age_aggregate_y15_24,geo_cov_rur,2023,21.849
prt,sex_t,age_aggregate_y15_24,geo_cov_rur,2024,28.868
prt,sex_t,age_aggregate_y15_24,geo_cov_urb,1998,11.635
prt,sex_t,age_aggregate_y15_24,geo_cov_urb,1999,11.181
prt,sex_t,age_aggregate_y15_24,geo_cov_urb,2000,10.576
prt,sex_t,age_aggregate_y15_24,geo_cov_urb,2001,10.455
prt,sex_t,age_aggregate_y15_24,geo_cov_urb,2002,12.277
prt,sex_t,age_aggregate_y15_24,geo_cov_urb,2003,15.352
prt,sex_t,age_aggregate_y15_24,geo_cov_urb,2004,16.093
prt,sex_t,age_aggregate_y15_24,geo_cov_urb,2005,18.383
prt,sex_t,age_aggregate_y15_24,geo_cov_urb,2006,18.951
prt,sex_t,age_aggregate_y15_24,geo_cov_urb,2007,19.28
prt,sex_t,age_aggregate_y15_24,geo_cov_urb,2008,19.66
prt,sex_t,age_aggregate_y15_24,geo_cov_urb,2009,22.674
prt,sex_t,age_aggregate_y15_24,geo_cov_urb,2010,25.608
prt,sex_t,age_aggregate_y15_24,geo_cov_urb,2011,36.753
prt,sex_t,age_aggregate_y15_24,geo_cov_urb,2012,45.331
prt,sex_t,age_aggregate_y15_24,geo_cov_urb,2013,49.44
prt,sex_t,age_aggregate_y15_24,geo_cov_urb,2014,46.35
prt,sex_t,age_aggregate_y15_24,geo_cov_urb,2015,41.176
prt,sex_t,age_aggregate_y15_24,geo_cov_urb,2016,37.705
prt,sex_t,age_aggregate_y15_24,geo_cov_urb,2017,32.895
prt,sex_t,age_aggregate_y15_24,geo_cov_urb,2018,29.075
prt,sex_t,age_aggregate_y15_24,geo_cov_urb,2019,27.144
prt,sex_t,age_aggregate_y15_24,geo_cov_urb,2020,33.863
prt,sex_t,age_aggregate_y15_24,geo_cov_urb,2021,32.277
prt,sex_t,age_aggregate_y15_24,geo_cov_urb,2022,27.103
prt,sex_t,age_aggregate_y15_24,geo_cov_urb,2023,27.063
prt,sex_t,age_aggregate_y15_24,geo_cov_urb,2024,26.522
prt,sex_t,age_aggregate_y25_54,geo_cov_nat,1998,5.995
prt,sex_t,age_aggregate_y25_54,geo_cov_nat,1999,5.476
prt,sex_t,age_aggregate_y25_54,geo_cov_nat,2000,4.784
prt,sex_t,age_aggregate_y25_54,geo_cov_nat,2001,4.687
prt,sex_t,age_aggregate_y25_54,geo_cov_nat,2002,5.238
prt,sex_t,age_aggregate_y25_54,geo_cov_nat,2003,7.198
prt,sex_t,age_aggregate_y25_54,geo_cov_nat,2004,7.218
prt,sex_t,age_aggregate_y25_54,geo_cov_nat,2005,8.465
prt,sex_t,age_aggregate_y25_54,geo_cov_nat,2006,8.734
prt,sex_t,age_aggregate_y25_54,geo_cov_nat,2007,8.933
prt,sex_t,age_aggregate_y25_54,geo_cov_nat,2008,8.397
prt,sex_t,age_aggregate_y25_54,geo_cov_nat,2009,10.464
prt,sex_t,age_aggregate_y25_54,geo_cov_nat,2010,11.84
prt,sex_t,age_aggregate_y25_54,geo_cov_nat,2011,14.241
prt,sex_t,age_aggregate_y25_54,geo_cov_nat,2012,17.349
prt,sex_t,age_aggregate_y25_54,geo_cov_nat,2013,18.699
prt,sex_t,age_aggregate_y25_54,geo_cov_nat,2014,15.907
prt,sex_t,age_aggregate_y25_54,geo_cov_nat,2015,14.287
prt,sex_t,age_aggregate_y25_54,geo_cov_nat,2016,12.95
prt,sex_t,age_aggregate_y25_54,geo_cov_nat,2017,10.644
prt,sex_t,age_aggregate_y25_54,geo_cov_nat,2018,8.508
prt,sex_t,age_aggregate_y25_54,geo_cov_nat,2019,7.867
prt,sex_t,age_aggregate_y25_54,geo_cov_nat,2020,9.082
prt,sex_t,age_aggregate_y25_54,geo_cov_nat,2021,8.449
prt,sex_t,age_aggregate_y25_54,geo_cov_nat,2022,7.347
prt,sex_t,age_aggregate_y25_54,geo_cov_nat,2023,7.207
prt,sex_t,age_aggregate_y25_54,geo_cov_nat,2024,6.935
prt,sex_t,age_aggregate_y25_54,geo_cov_rur,1998,6.949
prt,sex_t,age_aggregate_y25_54,geo_cov_rur,1999,5.72
prt,sex_t,age_aggregate_y25_54,geo_cov_rur,2000,4.146
prt,sex_t,age_aggregate_y25_54,geo_cov_rur,2001,4.092
prt,sex_t,age_aggregate_y25_54,geo_cov_rur,2002,5.079
prt,sex_t,age_aggregate_y25_54,geo_cov_rur,2003,6.271
prt,sex_t,age_aggregate_y25_54,geo_cov_rur,2004,7.184
prt,sex_t,age_aggregate_y25_54,geo_cov_rur,2005,7.161
prt,sex_t,age_aggregate_y25_54,geo_cov_rur,2006,8.027
prt,sex_t,age_aggregate_y25_54,geo_cov_rur,2007,8.047
prt,sex_t,age_aggregate_y25_54,geo_cov_rur,2008,7.453
prt,sex_t,age_aggregate_y25_54,geo_cov_rur,2009,9.371
prt,sex_t,age_aggregate_y25_54,geo_cov_rur,2010,11.145
prt,sex_t,age_aggregate_y25_54,geo_cov_rur,2011,13.514
prt,sex_t,age_aggregate_y25_54,geo_cov_rur,2012,16.032
prt,sex_t,age_aggregate_y25_54,geo_cov_rur,2013,17.535
prt,sex_t,age_aggregate_y25_54,geo_cov_rur,2014,15.269
prt,sex_t,age_aggregate_y25_54,geo_cov_rur,2015,13.423
prt,sex_t,age_aggregate_y25_54,geo_cov_rur,2016,12.535
prt,sex_t,age_aggregate_y25_54,geo_cov_rur,2017,10.008
prt,sex_t,age_aggregate_y25_54,geo_cov_rur,2018,8.792
prt,sex_t,age_aggregate_y25_54,geo_cov_rur,2019,8.716
prt,sex_t,age_aggregate_y25_54,geo_cov_rur,2020,8.334
prt,sex_t,age_aggregate_y25_54,geo_cov_rur,2021,9.171
prt,sex_t,age_aggregate_y25_54,geo_cov_rur,2022,7.355
prt,sex_t,age_aggregate_y25_54,geo_cov_rur,2023,6.805
prt,sex_t,age_aggregate_y25_54,geo_cov_rur,2024,7.047
prt,sex_t,age_aggregate_y25_54,geo_cov_urb,1998,5.718
prt,sex_t,age_aggregate_y25_54,geo_cov_urb,1999,5.407
prt,sex_t,age_aggregate_y25_54,geo_cov_urb,2000,4.964
prt,sex_t,age_aggregate_y25_54,geo_cov_urb,2001,4.849
prt,sex_t,age_aggregate_y25_54,geo_cov_urb,2002,5.283
prt,sex_t,age_aggregate_y25_54,geo_cov_urb,2003,7.449
prt,sex_t,age_aggregate_y25_54,geo_cov_urb,2004,7.228
prt,sex_t,age_aggregate_y25_54,geo_cov_urb,2005,8.82
prt,sex_t,age_aggregate_y25_54,geo_cov_urb,2006,8.919
prt,sex_t,age_aggregate_y25_54,geo_cov_urb,2007,9.162
prt,sex_t,age_aggregate_y25_54,geo_cov_urb,2008,8.644
prt,sex_t,age_aggregate_y25_54,geo_cov_urb,2009,10.748
prt,sex_t,age_aggregate_y25_54,geo_cov_urb,2010,12.023
prt,sex_t,age_aggregate_y25_54,geo_cov_urb,2011,14.477
prt,sex_t,age_aggregate_y25_54,geo_cov_urb,2012,17.756
prt,sex_t,age_aggregate_y25_54,geo_cov_urb,2013,19.057
prt,sex_t,age_aggregate_y25_54,geo_cov_urb,2014,16.103
prt,sex_t,age_aggregate_y25_54,geo_cov_urb,2015,14.546
prt,sex_t,age_aggregate_y25_54,geo_cov_urb,2016,13.067
prt,sex_t,age_aggregate_y25_54,geo_cov_urb,2017,10.82
prt,sex_t,age_aggregate_y25_54,geo_cov_urb,2018,8.432
prt,sex_t,age_aggregate_y25_54,geo_cov_urb,2019,7.651
prt,sex_t,age_aggregate_y25_54,geo_cov_urb,2020,9.278
prt,sex_t,age_aggregate_y25_54,geo_cov_urb,2021,8.244
prt,sex_t,age_aggregate_y25_54,geo_cov_urb,2022,7.345
prt,sex_t,age_aggregate_y25_54,geo_cov_urb,2023,7.311
prt,sex_t,age_aggregate_y25_54,geo_cov_urb,2024,6.906
prt,sex_t,age_aggregate_y55_64,geo_cov_nat,1998,4.74
prt,sex_t,age_aggregate_y55_64,geo_cov_nat,1999,4.656
prt,sex_t,age_aggregate_y55_64,geo_cov_nat,2000,4.569
prt,sex_t,age_aggregate_y55_64,geo_cov_nat,2001,3.943
prt,sex_t,age_aggregate_y55_64,geo_cov_nat,2002,5.079
prt,sex_t,age_aggregate_y55_64,geo_cov_nat,2003,6.206
prt,sex_t,age_aggregate_y55_64,geo_cov_nat,2004,7.448
prt,sex_t,age_aggregate_y55_64,geo_cov_nat,2005,7.736
prt,sex_t,age_aggregate_y55_64,geo_cov_nat,2006,8.065
prt,sex_t,age_aggregate_y55_64,geo_cov_nat,2007,8.034
prt,sex_t,age_aggregate_y55_64,geo_cov_nat,2008,8.256
prt,sex_t,age_aggregate_y55_64,geo_cov_nat,2009,9.089
prt,sex_t,age_aggregate_y55_64,geo_cov_nat,2010,10.554
prt,sex_t,age_aggregate_y55_64,geo_cov_nat,2011,14.924
prt,sex_t,age_aggregate_y55_64,geo_cov_nat,2012,18.738
prt,sex_t,age_aggregate_y55_64,geo_cov_nat,2013,20.545
prt,sex_t,age_aggregate_y55_64,geo_cov_nat,2014,20.099
prt,sex_t,age_aggregate_y55_64,geo_cov_nat,2015,18.73
prt,sex_t,age_aggregate_y55_64,geo_cov_nat,2016,16.848
prt,sex_t,age_aggregate_y55_64,geo_cov_nat,2017,13.796
prt,sex_t,age_aggregate_y55_64,geo_cov_nat,2018,10.884
prt,sex_t,age_aggregate_y55_64,geo_cov_nat,2019,10.001
prt,sex_t,age_aggregate_y55_64,geo_cov_nat,2020,10.964
prt,sex_t,age_aggregate_y55_64,geo_cov_nat,2021,9.595
prt,sex_t,age_aggregate_y55_64,geo_cov_nat,2022,8.241
prt,sex_t,age_aggregate_y55_64,geo_cov_nat,2023,7.61
prt,sex_t,age_aggregate_y55_64,geo_cov_nat,2024,7.753
prt,sex_t,age_aggregate_y55_64,geo_cov_rur,1998,4.572
prt,sex_t,age_aggregate_y55_64,geo_cov_rur,1999,4.867
prt,sex_t,age_aggregate_y55_64,geo_cov_rur,2000,2.557
prt,sex_t,age_aggregate_y55_64,geo_cov_rur,2001,2.174
prt,sex_t,age_aggregate_y55_64,geo_cov_rur,2002,3.895
prt,sex_t,age_aggregate_y55_64,geo_cov_rur,2003,4.628
prt,sex_t,age_aggregate_y55_64,geo_cov_rur,2004,4.607
prt,sex_t,age_aggregate_y55_64,geo_cov_rur,2005,4.055
prt,sex_t,age_aggregate_y55_64,geo_cov_rur,2006,4.492
prt,sex_t,age_aggregate_y55_64,geo_cov_rur,2007,4.508
prt,sex_t,age_aggregate_y55_64,geo_cov_rur,2008,6.585
prt,sex_t,age_aggregate_y55_64,geo_cov_rur,2009,8.164
prt,sex_t,age_aggregate_y55_64,geo_cov_rur,2010,9.211
prt,sex_t,age_aggregate_y55_64,geo_cov_rur,2011,10.918
prt,sex_t,age_aggregate_y55_64,geo_cov_rur,2012,14.557
prt,sex_t,age_aggregate_y55_64,geo_cov_rur,2013,14.438
prt,sex_t,age_aggregate_y55_64,geo_cov_rur,2014,15.464
prt,sex_t,age_aggregate_y55_64,geo_cov_rur,2015,14.797
prt,sex_t,age_aggregate_y55_64,geo_cov_rur,2016,13.064
prt,sex_t,age_aggregate_y55_64,geo_cov_rur,2017,12.19
prt,sex_t,age_aggregate_y55_64,geo_cov_rur,2018,9.535
prt,sex_t,age_aggregate_y55_64,geo_cov_rur,2019,7.755
prt,sex_t,age_aggregate_y55_64,geo_cov_rur,2020,9.693
prt,sex_t,age_aggregate_y55_64,geo_cov_rur,2021,8.479
prt,sex_t,age_aggregate_y55_64,geo_cov_rur,2022,6.468
prt,sex_t,age_aggregate_y55_64,geo_cov_rur,2023,5.881
prt,sex_t,age_aggregate_y55_64,geo_cov_rur,2024,6.56
prt,sex_t,age_aggregate_y55_64,geo_cov_urb,1998,4.818
prt,sex_t,age_aggregate_y55_64,geo_cov_urb,1999,4.563
prt,sex_t,age_aggregate_y55_64,geo_cov_urb,2000,5.478
prt,sex_t,age_aggregate_y55_64,geo_cov_urb,2001,4.744
prt,sex_t,age_aggregate_y55_64,geo_cov_urb,2002,5.587
prt,sex_t,age_aggregate_y55_64,geo_cov_urb,2003,6.863
prt,sex_t,age_aggregate_y55_64,geo_cov_urb,2004,8.643
prt,sex_t,age_aggregate_y55_64,geo_cov_urb,2005,9.153
prt,sex_t,age_aggregate_y55_64,geo_cov_urb,2006,9.42
prt,sex_t,age_aggregate_y55_64,geo_cov_urb,2007,9.364
prt,sex_t,age_aggregate_y55_64,geo_cov_urb,2008,8.87
prt,sex_t,age_aggregate_y55_64,geo_cov_urb,2009,9.418
prt,sex_t,age_aggregate_y55_64,geo_cov_urb,2010,11.024
prt,sex_t,age_aggregate_y55_64,geo_cov_urb,2011,16.563
prt,sex_t,age_aggregate_y55_64,geo_cov_urb,2012,20.405
prt,sex_t,age_aggregate_y55_64,geo_cov_urb,2013,23.057
prt,sex_t,age_aggregate_y55_64,geo_cov_urb,2014,21.915
prt,sex_t,age_aggregate_y55_64,geo_cov_urb,2015,20.194
prt,sex_t,age_aggregate_y55_64,geo_cov_urb,2016,18.202
prt,sex_t,age_aggregate_y55_64,geo_cov_urb,2017,14.329
prt,sex_t,age_aggregate_y55_64,geo_cov_urb,2018,11.332
prt,sex_t,age_aggregate_y55_64,geo_cov_urb,2019,10.748
prt,sex_t,age_aggregate_y55_64,geo_cov_urb,2020,11.395
prt,sex_t,age_aggregate_y55_64,geo_cov_urb,2021,9.985
prt,sex_t,age_aggregate_y55_64,geo_cov_urb,2022,8.807
prt,sex_t,age_aggregate_y55_64,geo_cov_urb,2023,8.167
prt,sex_t,age_aggregate_y55_64,geo_cov_urb,2024,8.127
prt,sex_t,age_aggregate_yge65,geo_cov_nat,1998,0.521
prt,sex_t,age_aggregate_yge65,geo_cov_nat,1999,0.231
prt,sex_t,age_aggregate_yge65,geo_cov_nat,2001,0.292
prt,sex_t,age_aggregate_yge65,geo_cov_nat,2002,0.53
prt,sex_t,age_aggregate_yge65,geo_cov_nat,2003,0.307
prt,sex_t,age_aggregate_yge65,geo_cov_nat,2004,0.559
prt,sex_t,age_aggregate_yge65,geo_cov_nat,2005,0.384
prt,sex_t,age_aggregate_yge65,geo_cov_nat,2006,0.171
prt,sex_t,age_aggregate_yge65,geo_cov_nat,2007,0.353
prt,sex_t,age_aggregate_yge65,geo_cov_nat,2008,0.275
prt,sex_t,age_aggregate_yge65,geo_cov_nat,2009,0.494
prt,sex_t,age_aggregate_yge65,geo_cov_nat,2010,0.597
prt,sex_t,age_aggregate_yge65,geo_cov_nat,2011,3.676
prt,sex_t,age_aggregate_yge65,geo_cov_nat,2012,5.617
prt,sex_t,age_aggregate_yge65,geo_cov_nat,2013,6.428
prt,sex_t,age_aggregate_yge65,geo_cov_nat,2014,8
prt,sex_t,age_aggregate_yge65,geo_cov_nat,2015,8.654
prt,sex_t,age_aggregate_yge65,geo_cov_nat,2016,6.969
prt,sex_t,age_aggregate_yge65,geo_cov_nat,2017,7.151
prt,sex_t,age_aggregate_yge65,geo_cov_nat,2018,6.302
prt,sex_t,age_aggregate_yge65,geo_cov_nat,2019,5.956
prt,sex_t,age_aggregate_yge65,geo_cov_nat,2020,5.624
prt,sex_t,age_aggregate_yge65,geo_cov_nat,2021,7.519
prt,sex_t,age_aggregate_yge65,geo_cov_nat,2022,6.675
prt,sex_t,age_aggregate_yge65,geo_cov_nat,2023,5.775
prt,sex_t,age_aggregate_yge65,geo_cov_nat,2024,4.876
prt,sex_t,age_aggregate_yge65,geo_cov_rur,2005,0.159
prt,sex_t,age_aggregate_yge65,geo_cov_rur,2006,0.17
prt,sex_t,age_aggregate_yge65,geo_cov_rur,2007,0.338
prt,sex_t,age_aggregate_yge65,geo_cov_rur,2010,0.143
prt,sex_t,age_aggregate_yge65,geo_cov_rur,2011,1.117
prt,sex_t,age_aggregate_yge65,geo_cov_rur,2012,1.564
prt,sex_t,age_aggregate_yge65,geo_cov_rur,2013,1.891
prt,sex_t,age_aggregate_yge65,geo_cov_rur,2014,3.451
prt,sex_t,age_aggregate_yge65,geo_cov_rur,2015,3.765
prt,sex_t,age_aggregate_yge65,geo_cov_rur,2016,3.779
prt,sex_t,age_aggregate_yge65,geo_cov_rur,2017,3.676
prt,sex_t,age_aggregate_yge65,geo_cov_rur,2018,3.373
prt,sex_t,age_aggregate_yge65,geo_cov_rur,2019,2.972
prt,sex_t,age_aggregate_yge65,geo_cov_rur,2020,2.997
prt,sex_t,age_aggregate_yge65,geo_cov_rur,2021,4.649
prt,sex_t,age_aggregate_yge65,geo_cov_rur,2022,5.416
prt,sex_t,age_aggregate_yge65,geo_cov_rur,2023,3.771
prt,sex_t,age_aggregate_yge65,geo_cov_rur,2024,3.006
prt,sex_t,age_aggregate_yge65,geo_cov_urb,1998,0.54
prt,sex_t,age_aggregate_yge65,geo_cov_urb,2002,0.654
prt,sex_t,age_aggregate_yge65,geo_cov_urb,2004,1.052
prt,sex_t,age_aggregate_yge65,geo_cov_urb,2005,0.617
prt,sex_t,age_aggregate_yge65,geo_cov_urb,2006,0.172
prt,sex_t,age_aggregate_yge65,geo_cov_urb,2007,0.367
prt,sex_t,age_aggregate_yge65,geo_cov_urb,2008,0.456
prt,sex_t,age_aggregate_yge65,geo_cov_urb,2009,0.866
prt,sex_t,age_aggregate_yge65,geo_cov_urb,2010,0.962
prt,sex_t,age_aggregate_yge65,geo_cov_urb,2011,6.301
prt,sex_t,age_aggregate_yge65,geo_cov_urb,2012,9.537
prt,sex_t,age_aggregate_yge65,geo_cov_urb,2013,10.744
prt,sex_t,age_aggregate_yge65,geo_cov_urb,2014,12.053
prt,sex_t,age_aggregate_yge65,geo_cov_urb,2015,12.675
prt,sex_t,age_aggregate_yge65,geo_cov_urb,2016,9.314
prt,sex_t,age_aggregate_yge65,geo_cov_urb,2017,9.734
prt,sex_t,age_aggregate_yge65,geo_cov_urb,2018,8.438
prt,sex_t,age_aggregate_yge65,geo_cov_urb,2019,7.863
prt,sex_t,age_aggregate_yge65,geo_cov_urb,2020,7.173
prt,sex_t,age_aggregate_yge65,geo_cov_urb,2021,8.567
prt,sex_t,age_aggregate_yge65,geo_cov_urb,2022,7.205
prt,sex_t,age_aggregate_yge65,geo_cov_urb,2023,6.463
prt,sex_t,age_aggregate_yge65,geo_cov_urb,2024,5.513
prt,sex_t,age_ythadult_y15_24,geo_cov_nat,1998,12.154
prt,sex_t,age_ythadult_y15_24,geo_cov_nat,1999,11.896
prt,sex_t,age_ythadult_y15_24,geo_cov_nat,2000,10.419
prt,sex_t,age_ythadult_y15_24,geo_cov_nat,2001,11.188
prt,sex_t,age_ythadult_y15_24,geo_cov_nat,2002,12.857
prt,sex_t,age_ythadult_y15_24,geo_cov_nat,2003,15.966
prt,sex_t,age_ythadult_y15_24,geo_cov_nat,2004,16.549
prt,sex_t,age_ythadult_y15_24,geo_cov_nat,2005,18.739
prt,sex_t,age_ythadult_y15_24,geo_cov_nat,2006,19.134
prt,sex_t,age_ythadult_y15_24,geo_cov_nat,2007,19.379
prt,sex_t,age_ythadult_y15_24,geo_cov_nat,2008,19.111
prt,sex_t,age_ythadult_y15_24,geo_cov_nat,2009,22.53
prt,sex_t,age_ythadult_y15_24,geo_cov_nat,2010,25.271
prt,sex_t,age_ythadult_y15_24,geo_cov_nat,2011,36.451
prt,sex_t,age_ythadult_y15_24,geo_cov_nat,2012,45.151
prt,sex_t,age_ythadult_y15_24,geo_cov_nat,2013,47.636
prt,sex_t,age_ythadult_y15_24,geo_cov_nat,2014,44.388
prt,sex_t,age_ythadult_y15_24,geo_cov_nat,2015,41.161
prt,sex_t,age_ythadult_y15_24,geo_cov_nat,2016,37.264
prt,sex_t,age_ythadult_y15_24,geo_cov_nat,2017,32.819
prt,sex_t,age_ythadult_y15_24,geo_cov_nat,2018,28.858
prt,sex_t,age_ythadult_y15_24,geo_cov_nat,2019,26.988
prt,sex_t,age_ythadult_y15_24,geo_cov_nat,2020,33.842
prt,sex_t,age_ythadult_y15_24,geo_cov_nat,2021,32.238
prt,sex_t,age_ythadult_y15_24,geo_cov_nat,2022,26.821
prt,sex_t,age_ythadult_y15_24,geo_cov_nat,2023,25.945
prt,sex_t,age_ythadult_y15_24,geo_cov_nat,2024,27.026
prt,sex_t,age_ythadult_y15_24,geo_cov_rur,1998,14.168
prt,sex_t,age_ythadult_y15_24,geo_cov_rur,1999,14.545
prt,sex_t,age_ythadult_y15_24,geo_cov_rur,2000,9.821
prt,sex_t,age_ythadult_y15_24,geo_cov_rur,2001,14.222
prt,sex_t,age_ythadult_y15_24,geo_cov_rur,2002,15.032
prt,sex_t,age_ythadult_y15_24,geo_cov_rur,2003,18.364
prt,sex_t,age_ythadult_y15_24,geo_cov_rur,2004,18.246
prt,sex_t,age_ythadult_y15_24,geo_cov_rur,2005,20.049
prt,sex_t,age_ythadult_y15_24,geo_cov_rur,2006,19.808
prt,sex_t,age_ythadult_y15_24,geo_cov_rur,2007,19.771
prt,sex_t,age_ythadult_y15_24,geo_cov_rur,2008,16.964
prt,sex_t,age_ythadult_y15_24,geo_cov_rur,2009,21.953
prt,sex_t,age_ythadult_y15_24,geo_cov_rur,2010,23.949
prt,sex_t,age_ythadult_y15_24,geo_cov_rur,2011,35.578
prt,sex_t,age_ythadult_y15_24,geo_cov_rur,2012,44.606
prt,sex_t,age_ythadult_y15_24,geo_cov_rur,2013,42.291
prt,sex_t,age_ythadult_y15_24,geo_cov_rur,2014,38.839
prt,sex_t,age_ythadult_y15_24,geo_cov_rur,2015,41.118
prt,sex_t,age_ythadult_y15_24,geo_cov_rur,2016,35.759
prt,sex_t,age_ythadult_y15_24,geo_cov_rur,2017,32.573
prt,sex_t,age_ythadult_y15_24,geo_cov_rur,2018,28.116
prt,sex_t,age_ythadult_y15_24,geo_cov_rur,2019,26.432
prt,sex_t,age_ythadult_y15_24,geo_cov_rur,2020,33.768
prt,sex_t,age_ythadult_y15_24,geo_cov_rur,2021,32.121
prt,sex_t,age_ythadult_y15_24,geo_cov_rur,2022,25.87
prt,sex_t,age_ythadult_y15_24,geo_cov_rur,2023,21.849
prt,sex_t,age_ythadult_y15_24,geo_cov_rur,2024,28.868
prt,sex_t,age_ythadult_y15_24,geo_cov_urb,1998,11.635
prt,sex_t,age_ythadult_y15_24,geo_cov_urb,1999,11.181
prt,sex_t,age_ythadult_y15_24,geo_cov_urb,2000,10.576
prt,sex_t,age_ythadult_y15_24,geo_cov_urb,2001,10.455
prt,sex_t,age_ythadult_y15_24,geo_cov_urb,2002,12.277
prt,sex_t,age_ythadult_y15_24,geo_cov_urb,2003,15.352
prt,sex_t,age_ythadult_y15_24,geo_cov_urb,2004,16.093
prt,sex_t,age_ythadult_y15_24,geo_cov_urb,2005,18.383
prt,sex_t,age_ythadult_y15_24,geo_cov_urb,2006,18.951
prt,sex_t,age_ythadult_y15_24,geo_cov_urb,2007,19.28
prt,sex_t,age_ythadult_y15_24,geo_cov_urb,2008,19.66
prt,sex_t,age_ythadult_y15_24,geo_cov_urb,2009,22.674
prt,sex_t,age_ythadult_y15_24,geo_cov_urb,2010,25.608
prt,sex_t,age_ythadult_y15_24,geo_cov_urb,2011,36.753
prt,sex_t,age_ythadult_y15_24,geo_cov_urb,2012,45.331
prt,sex_t,age_ythadult_y15_24,geo_cov_urb,2013,49.44
prt,sex_t,age_ythadult_y15_24,geo_cov_urb,2014,46.35
prt,sex_t,age_ythadult_y15_24,geo_cov_urb,2015,41.176
prt,sex_t,age_ythadult_y15_24,geo_cov_urb,2016,37.705
prt,sex_t,age_ythadult_y15_24,geo_cov_urb,2017,32.895
prt,sex_t,age_ythadult_y15_24,geo_cov_urb,2018,29.075
prt,sex_t,age_ythadult_y15_24,geo_cov_urb,2019,27.144
prt,sex_t,age_ythadult_y15_24,geo_cov_urb,2020,33.863
prt,sex_t,age_ythadult_y15_24,geo_cov_urb,2021,32.277
prt,sex_t,age_ythadult_y15_24,geo_cov_urb,2022,27.103
prt,sex_t,age_ythadult_y15_24,geo_cov_urb,2023,27.063
prt,sex_t,age_ythadult_y15_24,geo_cov_urb,2024,26.522
prt,sex_t,age_ythadult_y15_64,geo_cov_nat,1998,6.775
prt,sex_t,age_ythadult_y15_64,geo_cov_nat,1999,6.313
prt,sex_t,age_ythadult_y15_64,geo_cov_nat,2000,5.524
prt,sex_t,age_ythadult_y15_64,geo_cov_nat,2001,5.486
prt,sex_t,age_ythadult_y15_64,geo_cov_nat,2002,6.225
prt,sex_t,age_ythadult_y15_64,geo_cov_nat,2003,8.138
prt,sex_t,age_ythadult_y15_64,geo_cov_nat,2004,8.293
prt,sex_t,age_ythadult_y15_64,geo_cov_nat,2005,9.474
prt,sex_t,age_ythadult_y15_64,geo_cov_nat,2006,9.715
prt,sex_t,age_ythadult_y15_64,geo_cov_nat,2007,9.851
prt,sex_t,age_ythadult_y15_64,geo_cov_nat,2008,9.403
prt,sex_t,age_ythadult_y15_64,geo_cov_nat,2009,11.361
prt,sex_t,age_ythadult_y15_64,geo_cov_nat,2010,12.772
prt,sex_t,age_ythadult_y15_64,geo_cov_nat,2011,16.332
prt,sex_t,age_ythadult_y15_64,geo_cov_nat,2012,20.014
prt,sex_t,age_ythadult_y15_64,geo_cov_nat,2013,21.482
prt,sex_t,age_ythadult_y15_64,geo_cov_nat,2014,18.977
prt,sex_t,age_ythadult_y15_64,geo_cov_nat,2015,17.219
prt,sex_t,age_ythadult_y15_64,geo_cov_nat,2016,15.573
prt,sex_t,age_ythadult_y15_64,geo_cov_nat,2017,12.996
prt,sex_t,age_ythadult_y15_64,geo_cov_nat,2018,10.585
prt,sex_t,age_ythadult_y15_64,geo_cov_nat,2019,9.805
prt,sex_t,age_ythadult_y15_64,geo_cov_nat,2020,11.317
prt,sex_t,age_ythadult_y15_64,geo_cov_nat,2021,10.389
prt,sex_t,age_ythadult_y15_64,geo_cov_nat,2022,8.945
prt,sex_t,age_ythadult_y15_64,geo_cov_nat,2023,8.752
prt,sex_t,age_ythadult_y15_64,geo_cov_nat,2024,8.619
prt,sex_t,age_ythadult_y15_64,geo_cov_rur,1998,7.527
prt,sex_t,age_ythadult_y15_64,geo_cov_rur,1999,6.77
prt,sex_t,age_ythadult_y15_64,geo_cov_rur,2000,4.584
prt,sex_t,age_ythadult_y15_64,geo_cov_rur,2001,4.987
prt,sex_t,age_ythadult_y15_64,geo_cov_rur,2002,6.102
prt,sex_t,age_ythadult_y15_64,geo_cov_rur,2003,7.353
prt,sex_t,age_ythadult_y15_64,geo_cov_rur,2004,7.962
prt,sex_t,age_ythadult_y15_64,geo_cov_rur,2005,8.008
prt,sex_t,age_ythadult_y15_64,geo_cov_rur,2006,8.661
prt,sex_t,age_ythadult_y15_64,geo_cov_rur,2007,8.548
prt,sex_t,age_ythadult_y15_64,geo_cov_rur,2008,8.172
prt,sex_t,age_ythadult_y15_64,geo_cov_rur,2009,10.233
prt,sex_t,age_ythadult_y15_64,geo_cov_rur,2010,11.828
prt,sex_t,age_ythadult_y15_64,geo_cov_rur,2011,15.128
prt,sex_t,age_ythadult_y15_64,geo_cov_rur,2012,18.375
prt,sex_t,age_ythadult_y15_64,geo_cov_rur,2013,19.198
prt,sex_t,age_ythadult_y15_64,geo_cov_rur,2014,17.453
prt,sex_t,age_ythadult_y15_64,geo_cov_rur,2015,16.161
prt,sex_t,age_ythadult_y15_64,geo_cov_rur,2016,14.518
prt,sex_t,age_ythadult_y15_64,geo_cov_rur,2017,12.365
prt,sex_t,age_ythadult_y15_64,geo_cov_rur,2018,10.562
prt,sex_t,age_ythadult_y15_64,geo_cov_rur,2019,9.985
prt,sex_t,age_ythadult_y15_64,geo_cov_rur,2020,10.533
prt,sex_t,age_ythadult_y15_64,geo_cov_rur,2021,10.795
prt,sex_t,age_ythadult_y15_64,geo_cov_rur,2022,8.536
prt,sex_t,age_ythadult_y15_64,geo_cov_rur,2023,7.77
prt,sex_t,age_ythadult_y15_64,geo_cov_rur,2024,8.587
prt,sex_t,age_ythadult_y15_64,geo_cov_urb,1998,6.547
prt,sex_t,age_ythadult_y15_64,geo_cov_urb,1999,6.176
prt,sex_t,age_ythadult_y15_64,geo_cov_urb,2000,5.804
prt,sex_t,age_ythadult_y15_64,geo_cov_urb,2001,5.629
prt,sex_t,age_ythadult_y15_64,geo_cov_urb,2002,6.261
prt,sex_t,age_ythadult_y15_64,geo_cov_urb,2003,8.361
prt,sex_t,age_ythadult_y15_64,geo_cov_urb,2004,8.387
prt,sex_t,age_ythadult_y15_64,geo_cov_urb,2005,9.892
prt,sex_t,age_ythadult_y15_64,geo_cov_urb,2006,10.006
prt,sex_t,age_ythadult_y15_64,geo_cov_urb,2007,10.206
prt,sex_t,age_ythadult_y15_64,geo_cov_urb,2008,9.739
prt,sex_t,age_ythadult_y15_64,geo_cov_urb,2009,11.666
prt,sex_t,age_ythadult_y15_64,geo_cov_urb,2010,13.031
prt,sex_t,age_ythadult_y15_64,geo_cov_urb,2011,16.738
prt,sex_t,age_ythadult_y15_64,geo_cov_urb,2012,20.543
prt,sex_t,age_ythadult_y15_64,geo_cov_urb,2013,22.224
prt,sex_t,age_ythadult_y15_64,geo_cov_urb,2014,19.469
prt,sex_t,age_ythadult_y15_64,geo_cov_urb,2015,17.552
prt,sex_t,age_ythadult_y15_64,geo_cov_urb,2016,15.885
prt,sex_t,age_ythadult_y15_64,geo_cov_urb,2017,13.179
prt,sex_t,age_ythadult_y15_64,geo_cov_urb,2018,10.591
prt,sex_t,age_ythadult_y15_64,geo_cov_urb,2019,9.757
prt,sex_t,age_ythadult_y15_64,geo_cov_urb,2020,11.534
prt,sex_t,age_ythadult_y15_64,geo_cov_urb,2021,10.268
prt,sex_t,age_ythadult_y15_64,geo_cov_urb,2022,9.063
prt,sex_t,age_ythadult_y15_64,geo_cov_urb,2023,9.019
prt,sex_t,age_ythadult_y15_64,geo_cov_urb,2024,8.628
prt,sex_t,age_ythadult_yge15,geo_cov_nat,1998,6.434
prt,sex_t,age_ythadult_yge15,geo_cov_nat,1999,5.987
prt,sex_t,age_ythadult_yge15,geo_cov_nat,2000,5.215
prt,sex_t,age_ythadult_yge15,geo_cov_nat,2001,5.177
prt,sex_t,age_ythadult_yge15,geo_cov_nat,2002,5.88
prt,sex_t,age_ythadult_yge15,geo_cov_nat,2003,7.67
prt,sex_t,age_ythadult_yge15,geo_cov_nat,2004,7.844
prt,sex_t,age_ythadult_yge15,geo_cov_nat,2005,8.941
prt,sex_t,age_ythadult_yge15,geo_cov_nat,2006,9.155
prt,sex_t,age_ythadult_yge15,geo_cov_nat,2007,9.282
prt,sex_t,age_ythadult_yge15,geo_cov_nat,2008,8.864
prt,sex_t,age_ythadult_yge15,geo_cov_nat,2009,10.726
prt,sex_t,age_ythadult_yge15,geo_cov_nat,2010,12.066
prt,sex_t,age_ythadult_yge15,geo_cov_nat,2011,15.663
prt,sex_t,age_ythadult_yge15,geo_cov_nat,2012,19.218
prt,sex_t,age_ythadult_yge15,geo_cov_nat,2013,20.698
prt,sex_t,age_ythadult_yge15,geo_cov_nat,2014,18.446
prt,sex_t,age_ythadult_yge15,geo_cov_nat,2015,16.804
prt,sex_t,age_ythadult_yge15,geo_cov_nat,2016,15.17
prt,sex_t,age_ythadult_yge15,geo_cov_nat,2017,12.712
prt,sex_t,age_ythadult_yge15,geo_cov_nat,2018,10.369
prt,sex_t,age_ythadult_yge15,geo_cov_nat,2019,9.603
prt,sex_t,age_ythadult_yge15,geo_cov_nat,2020,11.018
prt,sex_t,age_ythadult_yge15,geo_cov_nat,2021,10.281
prt,sex_t,age_ythadult_yge15,geo_cov_nat,2022,8.849
prt,sex_t,age_ythadult_yge15,geo_cov_nat,2023,8.621
prt,sex_t,age_ythadult_yge15,geo_cov_nat,2024,8.457
prt,sex_t,age_ythadult_yge15,geo_cov_rur,1998,6.819
prt,sex_t,age_ythadult_yge15,geo_cov_rur,1999,6.076
prt,sex_t,age_ythadult_yge15,geo_cov_rur,2000,4.072
prt,sex_t,age_ythadult_yge15,geo_cov_rur,2001,4.385
prt,sex_t,age_ythadult_yge15,geo_cov_rur,2002,5.386
prt,sex_t,age_ythadult_yge15,geo_cov_rur,2003,6.447
prt,sex_t,age_ythadult_yge15,geo_cov_rur,2004,7.006
prt,sex_t,age_ythadult_yge15,geo_cov_rur,2005,7.028
prt,sex_t,age_ythadult_yge15,geo_cov_rur,2006,7.594
prt,sex_t,age_ythadult_yge15,geo_cov_rur,2007,7.517
prt,sex_t,age_ythadult_yge15,geo_cov_rur,2008,7.175
prt,sex_t,age_ythadult_yge15,geo_cov_rur,2009,9.007
prt,sex_t,age_ythadult_yge15,geo_cov_rur,2010,10.504
prt,sex_t,age_ythadult_yge15,geo_cov_rur,2011,13.716
prt,sex_t,age_ythadult_yge15,geo_cov_rur,2012,16.602
prt,sex_t,age_ythadult_yge15,geo_cov_rur,2013,17.494
prt,sex_t,age_ythadult_yge15,geo_cov_rur,2014,16.202
prt,sex_t,age_ythadult_yge15,geo_cov_rur,2015,15.075
prt,sex_t,age_ythadult_yge15,geo_cov_rur,2016,13.617
prt,sex_t,age_ythadult_yge15,geo_cov_rur,2017,11.596
prt,sex_t,age_ythadult_yge15,geo_cov_rur,2018,9.895
prt,sex_t,age_ythadult_yge15,geo_cov_rur,2019,9.338
prt,sex_t,age_ythadult_yge15,geo_cov_rur,2020,9.881
prt,sex_t,age_ythadult_yge15,geo_cov_rur,2021,10.526
prt,sex_t,age_ythadult_yge15,geo_cov_rur,2022,8.365
prt,sex_t,age_ythadult_yge15,geo_cov_rur,2023,7.563
prt,sex_t,age_ythadult_yge15,geo_cov_rur,2024,8.303
prt,sex_t,age_ythadult_yge15,geo_cov_urb,1998,6.31
prt,sex_t,age_ythadult_yge15,geo_cov_urb,1999,5.959
prt,sex_t,age_ythadult_yge15,geo_cov_urb,2000,5.584
prt,sex_t,age_ythadult_yge15,geo_cov_urb,2001,5.426
prt,sex_t,age_ythadult_yge15,geo_cov_urb,2002,6.041
prt,sex_t,age_ythadult_yge15,geo_cov_urb,2003,8.054
prt,sex_t,age_ythadult_yge15,geo_cov_urb,2004,8.101
prt,sex_t,age_ythadult_yge15,geo_cov_urb,2005,9.54
prt,sex_t,age_ythadult_yge15,geo_cov_urb,2006,9.629
prt,sex_t,age_ythadult_yge15,geo_cov_urb,2007,9.809
prt,sex_t,age_ythadult_yge15,geo_cov_urb,2008,9.37
prt,sex_t,age_ythadult_yge15,geo_cov_urb,2009,11.233
prt,sex_t,age_ythadult_yge15,geo_cov_urb,2010,12.527
prt,sex_t,age_ythadult_yge15,geo_cov_urb,2011,16.367
prt,sex_t,age_ythadult_yge15,geo_cov_urb,2012,20.126
prt,sex_t,age_ythadult_yge15,geo_cov_urb,2013,21.811
prt,sex_t,age_ythadult_yge15,geo_cov_urb,2014,19.214
prt,sex_t,age_ythadult_yge15,geo_cov_urb,2015,17.38
prt,sex_t,age_ythadult_yge15,geo_cov_urb,2016,15.652
prt,sex_t,age_ythadult_yge15,geo_cov_urb,2017,13.053
prt,sex_t,age_ythadult_yge15,geo_cov_urb,2018,10.51
prt,sex_t,age_ythadult_yge15,geo_cov_urb,2019,9.678
prt,sex_t,age_ythadult_yge15,geo_cov_urb,2020,11.348
prt,sex_t,age_ythadult_yge15,geo_cov_urb,2021,10.207
prt,sex_t,age_ythadult_yge15,geo_cov_urb,2022,8.992
prt,sex_t,age_ythadult_yge15,geo_cov_urb,2023,8.913
prt,sex_t,age_ythadult_yge15,geo_cov_urb,2024,8.5
prt,sex_t,age_ythadult_yge25,geo_cov_nat,1998,5.484
prt,sex_t,age_ythadult_yge25,geo_cov_nat,1999,5.043
prt,sex_t,age_ythadult_yge25,geo_cov_nat,2000,4.45
prt,sex_t,age_ythadult_yge25,geo_cov_nat,2001,4.294
prt,sex_t,age_ythadult_yge25,geo_cov_nat,2002,4.892
prt,sex_t,age_ythadult_yge25,geo_cov_nat,2003,6.607
prt,sex_t,age_ythadult_yge25,geo_cov_nat,2004,6.815
prt,sex_t,age_ythadult_yge25,geo_cov_nat,2005,7.844
prt,sex_t,age_ythadult_yge25,geo_cov_nat,2006,8.092
prt,sex_t,age_ythadult_yge25,geo_cov_nat,2007,8.246
prt,sex_t,age_ythadult_yge25,geo_cov_nat,2008,7.851
prt,sex_t,age_ythadult_yge25,geo_cov_nat,2009,9.641
prt,sex_t,age_ythadult_yge25,geo_cov_nat,2010,10.955
prt,sex_t,age_ythadult_yge25,geo_cov_nat,2011,13.728
prt,sex_t,age_ythadult_yge25,geo_cov_nat,2012,16.844
prt,sex_t,age_ythadult_yge25,geo_cov_nat,2013,18.285
prt,sex_t,age_ythadult_yge25,geo_cov_nat,2014,16.155
prt,sex_t,age_ythadult_yge25,geo_cov_nat,2015,14.723
prt,sex_t,age_ythadult_yge25,geo_cov_nat,2016,13.31
prt,sex_t,age_ythadult_yge25,geo_cov_nat,2017,11.023
prt,sex_t,age_ythadult_yge25,geo_cov_nat,2018,8.826
prt,sex_t,age_ythadult_yge25,geo_cov_nat,2019,8.161
prt,sex_t,age_ythadult_yge25,geo_cov_nat,2020,9.251
prt,sex_t,age_ythadult_yge25,geo_cov_nat,2021,8.642
prt,sex_t,age_ythadult_yge25,geo_cov_nat,2022,7.502
prt,sex_t,age_ythadult_yge25,geo_cov_nat,2023,7.223
prt,sex_t,age_ythadult_yge25,geo_cov_nat,2024,7.012
prt,sex_t,age_ythadult_yge25,geo_cov_rur,1998,5.824
prt,sex_t,age_ythadult_yge25,geo_cov_rur,1999,4.92
prt,sex_t,age_ythadult_yge25,geo_cov_rur,2000,3.369
prt,sex_t,age_ythadult_yge25,geo_cov_rur,2001,3.24
prt,sex_t,age_ythadult_yge25,geo_cov_rur,2002,4.241
prt,sex_t,age_ythadult_yge25,geo_cov_rur,2003,5.168
prt,sex_t,age_ythadult_yge25,geo_cov_rur,2004,5.824
prt,sex_t,age_ythadult_yge25,geo_cov_rur,2005,5.739
prt,sex_t,age_ythadult_yge25,geo_cov_rur,2006,6.408
prt,sex_t,age_ythadult_yge25,geo_cov_rur,2007,6.436
prt,sex_t,age_ythadult_yge25,geo_cov_rur,2008,6.331
prt,sex_t,age_ythadult_yge25,geo_cov_rur,2009,7.973
prt,sex_t,age_ythadult_yge25,geo_cov_rur,2010,9.504
prt,sex_t,age_ythadult_yge25,geo_cov_rur,2011,11.749
prt,sex_t,age_ythadult_yge25,geo_cov_rur,2012,14.133
prt,sex_t,age_ythadult_yge25,geo_cov_rur,2013,15.325
prt,sex_t,age_ythadult_yge25,geo_cov_rur,2014,14.152
prt,sex_t,age_ythadult_yge25,geo_cov_rur,2015,12.749
prt,sex_t,age_ythadult_yge25,geo_cov_rur,2016,11.841
prt,sex_t,age_ythadult_yge25,geo_cov_rur,2017,9.816
prt,sex_t,age_ythadult_yge25,geo_cov_rur,2018,8.397
prt,sex_t,age_ythadult_yge25,geo_cov_rur,2019,7.939
prt,sex_t,age_ythadult_yge25,geo_cov_rur,2020,8.134
prt,sex_t,age_ythadult_yge25,geo_cov_rur,2021,8.801
prt,sex_t,age_ythadult_yge25,geo_cov_rur,2022,7.045
prt,sex_t,age_ythadult_yge25,geo_cov_rur,2023,6.417
prt,sex_t,age_ythadult_yge25,geo_cov_rur,2024,6.711
prt,sex_t,age_ythadult_yge25,geo_cov_urb,1998,5.37
prt,sex_t,age_ythadult_yge25,geo_cov_urb,1999,5.084
prt,sex_t,age_ythadult_yge25,geo_cov_urb,2000,4.809
prt,sex_t,age_ythadult_yge25,geo_cov_urb,2001,4.637
prt,sex_t,age_ythadult_yge25,geo_cov_urb,2002,5.111
prt,sex_t,age_ythadult_yge25,geo_cov_urb,2003,7.071
prt,sex_t,age_ythadult_yge25,geo_cov_urb,2004,7.124
prt,sex_t,age_ythadult_yge25,geo_cov_urb,2005,8.514
prt,sex_t,age_ythadult_yge25,geo_cov_urb,2006,8.609
prt,sex_t,age_ythadult_yge25,geo_cov_urb,2007,8.795
prt,sex_t,age_ythadult_yge25,geo_cov_urb,2008,8.314
prt,sex_t,age_ythadult_yge25,geo_cov_urb,2009,10.141
prt,sex_t,age_ythadult_yge25,geo_cov_urb,2010,11.389
prt,sex_t,age_ythadult_yge25,geo_cov_urb,2011,14.447
prt,sex_t,age_ythadult_yge25,geo_cov_urb,2012,17.79
prt,sex_t,age_ythadult_yge25,geo_cov_urb,2013,19.317
prt,sex_t,age_ythadult_yge25,geo_cov_urb,2014,16.839
prt,sex_t,age_ythadult_yge25,geo_cov_urb,2015,15.378
prt,sex_t,age_ythadult_yge25,geo_cov_urb,2016,13.768
prt,sex_t,age_ythadult_yge25,geo_cov_urb,2017,11.392
prt,sex_t,age_ythadult_yge25,geo_cov_urb,2018,8.954
prt,sex_t,age_ythadult_yge25,geo_cov_urb,2019,8.224
prt,sex_t,age_ythadult_yge25,geo_cov_urb,2020,9.576
prt,sex_t,age_ythadult_yge25,geo_cov_urb,2021,8.594
prt,sex_t,age_ythadult_yge25,geo_cov_urb,2022,7.636
prt,sex_t,age_ythadult_yge25,geo_cov_urb,2023,7.445
prt,sex_t,age_ythadult_yge25,geo_cov_urb,2024,7.095
pse,sex_f,age_aggregate_total,geo_cov_nat,2012,32.719
pse,sex_f,age_aggregate_total,geo_cov_nat,2013,35.076
pse,sex_f,age_aggregate_total,geo_cov_nat,2014,39.506
pse,sex_f,age_aggregate_total,geo_cov_nat,2015,50.281
pse,sex_f,age_aggregate_total,geo_cov_nat,2016,53.062
pse,sex_f,age_aggregate_total,geo_cov_nat,2017,54.439
pse,sex_f,age_aggregate_total,geo_cov_nat,2018,56.387
pse,sex_f,age_aggregate_total,geo_cov_nat,2019,54.264
pse,sex_f,age_aggregate_total,geo_cov_nat,2020,56.486
pse,sex_f,age_aggregate_total,geo_cov_nat,2021,55.33
pse,sex_f,age_aggregate_total,geo_cov_nat,2022,51.987
pse,sex_f,age_aggregate_total,geo_cov_rur,2012,23.247
pse,sex_f,age_aggregate_total,geo_cov_rur,2013,22.8
pse,sex_f,age_aggregate_total,geo_cov_rur,2014,25.53
pse,sex_f,age_aggregate_total,geo_cov_rur,2015,30.556
pse,sex_f,age_aggregate_total,geo_cov_rur,2016,35.646
pse,sex_f,age_aggregate_total,geo_cov_rur,2017,39.382
pse,sex_f,age_aggregate_total,geo_cov_rur,2018,35.796
pse,sex_f,age_aggregate_total,geo_cov_rur,2019,30.81
pse,sex_f,age_aggregate_total,geo_cov_rur,2020,34.89
pse,sex_f,age_aggregate_total,geo_cov_rur,2021,32.422
pse,sex_f,age_aggregate_total,geo_cov_rur,2022,24.818
pse,sex_f,age_aggregate_total,geo_cov_urb,2012,34.346
pse,sex_f,age_aggregate_total,geo_cov_urb,2013,36.535
pse,sex_f,age_aggregate_total,geo_cov_urb,2014,40.798
pse,sex_f,age_aggregate_total,geo_cov_urb,2015,52.281
pse,sex_f,age_aggregate_total,geo_cov_urb,2016,54.586
pse,sex_f,age_aggregate_total,geo_cov_urb,2017,55.845
pse,sex_f,age_aggregate_total,geo_cov_urb,2018,57.913
pse,sex_f,age_aggregate_total,geo_cov_urb,2019,56.352
pse,sex_f,age_aggregate_total,geo_cov_urb,2020,58.337
pse,sex_f,age_aggregate_total,geo_cov_urb,2021,57.519
pse,sex_f,age_aggregate_total,geo_cov_urb,2022,54.72
pse,sex_f,age_aggregate_total,geo_cov_x,2012,42.135
pse,sex_f,age_aggregate_total,geo_cov_x,2013,50.538
pse,sex_f,age_aggregate_total,geo_cov_x,2014,54.673
pse,sex_f,age_aggregate_total,geo_cov_x,2015,63.808
pse,sex_f,age_aggregate_total,geo_cov_x,2016,65.969
pse,sex_f,age_aggregate_total,geo_cov_x,2017,64.562
pse,sex_f,age_aggregate_total,geo_cov_x,2018,69.231
pse,sex_f,age_aggregate_total,geo_cov_x,2019,68.334
pse,sex_f,age_aggregate_total,geo_cov_x,2020,70.26
pse,sex_f,age_aggregate_total,geo_cov_x,2021,66.655
pse,sex_f,age_aggregate_total,geo_cov_x,2022,67.311
pse,sex_f,age_aggregate_y15_24,geo_cov_nat,2012,62.545
pse,sex_f,age_aggregate_y15_24,geo_cov_nat,2013,65.167
pse,sex_f,age_aggregate_y15_24,geo_cov_nat,2014,63.751
pse,sex_f,age_aggregate_y15_24,geo_cov_nat,2015,69.51
pse,sex_f,age_aggregate_y15_24,geo_cov_nat,2016,71.139
pse,sex_f,age_aggregate_y15_24,geo_cov_nat,2017,73.426
pse,sex_f,age_aggregate_y15_24,geo_cov_nat,2018,77.346
pse,sex_f,age_aggregate_y15_24,geo_cov_nat,2019,75.8
pse,sex_f,age_aggregate_y15_24,geo_cov_nat,2020,79.49
pse,sex_f,age_aggregate_y15_24,geo_cov_nat,2021,73.215
pse,sex_f,age_aggregate_y15_24,geo_cov_nat,2022,66.383
pse,sex_f,age_aggregate_y15_24,geo_cov_rur,2012,46.251
pse,sex_f,age_aggregate_y15_24,geo_cov_rur,2013,51.516
pse,sex_f,age_aggregate_y15_24,geo_cov_rur,2014,49.654
pse,sex_f,age_aggregate_y15_24,geo_cov_rur,2015,47.727
pse,sex_f,age_aggregate_y15_24,geo_cov_rur,2016,59.665
pse,sex_f,age_aggregate_y15_24,geo_cov_rur,2017,62.965
pse,sex_f,age_aggregate_y15_24,geo_cov_rur,2018,57.952
pse,sex_f,age_aggregate_y15_24,geo_cov_rur,2019,49.861
pse,sex_f,age_aggregate_y15_24,geo_cov_rur,2020,63.613
pse,sex_f,age_aggregate_y15_24,geo_cov_rur,2021,55.338
pse,sex_f,age_aggregate_y15_24,geo_cov_rur,2022,40.217
pse,sex_f,age_aggregate_y15_24,geo_cov_urb,2012,66.337
pse,sex_f,age_aggregate_y15_24,geo_cov_urb,2013,66.615
pse,sex_f,age_aggregate_y15_24,geo_cov_urb,2014,64.546
pse,sex_f,age_aggregate_y15_24,geo_cov_urb,2015,71.545
pse,sex_f,age_aggregate_y15_24,geo_cov_urb,2016,71.679
pse,sex_f,age_aggregate_y15_24,geo_cov_urb,2017,73.971
pse,sex_f,age_aggregate_y15_24,geo_cov_urb,2018,79.422
pse,sex_f,age_aggregate_y15_24,geo_cov_urb,2019,78.311
pse,sex_f,age_aggregate_y15_24,geo_cov_urb,2020,81.032
pse,sex_f,age_aggregate_y15_24,geo_cov_urb,2021,74.159
pse,sex_f,age_aggregate_y15_24,geo_cov_urb,2022,70.168
pse,sex_f,age_aggregate_y15_24,geo_cov_x,2012,71.884
pse,sex_f,age_aggregate_y15_24,geo_cov_x,2013,83.826
pse,sex_f,age_aggregate_y15_24,geo_cov_x,2014,78.088
pse,sex_f,age_aggregate_y15_24,geo_cov_x,2015,81.688
pse,sex_f,age_aggregate_y15_24,geo_cov_x,2016,82.042
pse,sex_f,age_aggregate_y15_24,geo_cov_x,2017,82.529
pse,sex_f,age_aggregate_y15_24,geo_cov_x,2018,84.66
pse,sex_f,age_aggregate_y15_24,geo_cov_x,2019,86.686
pse,sex_f,age_aggregate_y15_24,geo_cov_x,2020,84.561
pse,sex_f,age_aggregate_y15_24,geo_cov_x,2021,87.878
pse,sex_f,age_aggregate_y15_24,geo_cov_x,2022,77.382
pse,sex_f,age_aggregate_y25_54,geo_cov_nat,2012,27.91
pse,sex_f,age_aggregate_y25_54,geo_cov_nat,2013,30.667
pse,sex_f,age_aggregate_y25_54,geo_cov_nat,2014,36.303
pse,sex_f,age_aggregate_y25_54,geo_cov_nat,2015,47.117
pse,sex_f,age_aggregate_y25_54,geo_cov_nat,2016,49.707
pse,sex_f,age_aggregate_y25_54,geo_cov_nat,2017,51
pse,sex_f,age_aggregate_y25_54,geo_cov_nat,2018,53.33
pse,sex_f,age_aggregate_y25_54,geo_cov_nat,2019,50.976
pse,sex_f,age_aggregate_y25_54,geo_cov_nat,2020,53.17
pse,sex_f,age_aggregate_y25_54,geo_cov_nat,2021,53.373
pse,sex_f,age_aggregate_y25_54,geo_cov_nat,2022,50.823
pse,sex_f,age_aggregate_y25_54,geo_cov_rur,2012,19.486
pse,sex_f,age_aggregate_y25_54,geo_cov_rur,2013,18.019
pse,sex_f,age_aggregate_y25_54,geo_cov_rur,2014,22.685
pse,sex_f,age_aggregate_y25_54,geo_cov_rur,2015,28.28
pse,sex_f,age_aggregate_y25_54,geo_cov_rur,2016,30.774
pse,sex_f,age_aggregate_y25_54,geo_cov_rur,2017,35.341
pse,sex_f,age_aggregate_y25_54,geo_cov_rur,2018,32.191
pse,sex_f,age_aggregate_y25_54,geo_cov_rur,2019,28.672
pse,sex_f,age_aggregate_y25_54,geo_cov_rur,2020,31.534
pse,sex_f,age_aggregate_y25_54,geo_cov_rur,2021,29.313
pse,sex_f,age_aggregate_y25_54,geo_cov_rur,2022,22.196
pse,sex_f,age_aggregate_y25_54,geo_cov_urb,2012,29.308
pse,sex_f,age_aggregate_y25_54,geo_cov_urb,2013,32.251
pse,sex_f,age_aggregate_y25_54,geo_cov_urb,2014,37.698
pse,sex_f,age_aggregate_y25_54,geo_cov_urb,2015,49.012
pse,sex_f,age_aggregate_y25_54,geo_cov_urb,2016,51.39
pse,sex_f,age_aggregate_y25_54,geo_cov_urb,2017,52.544
pse,sex_f,age_aggregate_y25_54,geo_cov_urb,2018,54.759
pse,sex_f,age_aggregate_y25_54,geo_cov_urb,2019,52.837
pse,sex_f,age_aggregate_y25_54,geo_cov_urb,2020,54.874
pse,sex_f,age_aggregate_y25_54,geo_cov_urb,2021,55.7
pse,sex_f,age_aggregate_y25_54,geo_cov_urb,2022,53.407
pse,sex_f,age_aggregate_y25_54,geo_cov_x,2012,36.134
pse,sex_f,age_aggregate_y25_54,geo_cov_x,2013,45.128
pse,sex_f,age_aggregate_y25_54,geo_cov_x,2014,50.437
pse,sex_f,age_aggregate_y25_54,geo_cov_x,2015,60.357
pse,sex_f,age_aggregate_y25_54,geo_cov_x,2016,63.461
pse,sex_f,age_aggregate_y25_54,geo_cov_x,2017,60.956
pse,sex_f,age_aggregate_y25_54,geo_cov_x,2018,67.144
pse,sex_f,age_aggregate_y25_54,geo_cov_x,2019,64.865
pse,sex_f,age_aggregate_y25_54,geo_cov_x,2020,68.541
pse,sex_f,age_aggregate_y25_54,geo_cov_x,2021,64.309
pse,sex_f,age_aggregate_y25_54,geo_cov_x,2022,67.322
pse,sex_f,age_aggregate_y55_64,geo_cov_nat,2012,1.465
pse,sex_f,age_aggregate_y55_64,geo_cov_nat,2014,3.296
pse,sex_f,age_aggregate_y55_64,geo_cov_nat,2015,12.798
pse,sex_f,age_aggregate_y55_64,geo_cov_nat,2016,15.298
pse,sex_f,age_aggregate_y55_64,geo_cov_nat,2017,15.553
pse,sex_f,age_aggregate_y55_64,geo_cov_nat,2018,15.034
pse,sex_f,age_aggregate_y55_64,geo_cov_nat,2019,13.613
pse,sex_f,age_aggregate_y55_64,geo_cov_nat,2020,13.145
pse,sex_f,age_aggregate_y55_64,geo_cov_nat,2021,8.952
pse,sex_f,age_aggregate_y55_64,geo_cov_nat,2022,10.932
pse,sex_f,age_aggregate_y55_64,geo_cov_rur,2015,5.463
pse,sex_f,age_aggregate_y55_64,geo_cov_urb,2012,1.557
pse,sex_f,age_aggregate_y55_64,geo_cov_urb,2014,3.639
pse,sex_f,age_aggregate_y55_64,geo_cov_urb,2015,13.435
pse,sex_f,age_aggregate_y55_64,geo_cov_urb,2016,19.113
pse,sex_f,age_aggregate_y55_64,geo_cov_urb,2017,18.598
pse,sex_f,age_aggregate_y55_64,geo_cov_urb,2018,15.406
pse,sex_f,age_aggregate_y55_64,geo_cov_urb,2019,16.663
pse,sex_f,age_aggregate_y55_64,geo_cov_urb,2020,15.127
pse,sex_f,age_aggregate_y55_64,geo_cov_urb,2021,9.137
pse,sex_f,age_aggregate_y55_64,geo_cov_urb,2022,11.011
pse,sex_f,age_aggregate_y55_64,geo_cov_x,2015,24.138
pse,sex_f,age_aggregate_y55_64,geo_cov_x,2018,30.434
pse,sex_f,age_aggregate_y55_64,geo_cov_x,2019,14.51
pse,sex_f,age_aggregate_y55_64,geo_cov_x,2020,18.288
pse,sex_f,age_aggregate_y55_64,geo_cov_x,2021,16.48
pse,sex_f,age_aggregate_y55_64,geo_cov_x,2022,24.869
pse,sex_f,age_aggregate_yge65,geo_cov_nat,2022,0
pse,sex_f,age_aggregate_yge65,geo_cov_urb,2022,0
pse,sex_f,age_ythadult_y15_24,geo_cov_nat,2012,62.545
pse,sex_f,age_ythadult_y15_24,geo_cov_nat,2013,65.167
pse,sex_f,age_ythadult_y15_24,geo_cov_nat,2014,63.751
pse,sex_f,age_ythadult_y15_24,geo_cov_nat,2015,69.51
pse,sex_f,age_ythadult_y15_24,geo_cov_nat,2016,71.139
pse,sex_f,age_ythadult_y15_24,geo_cov_nat,2017,73.426
pse,sex_f,age_ythadult_y15_24,geo_cov_nat,2018,77.346
pse,sex_f,age_ythadult_y15_24,geo_cov_nat,2019,75.8
pse,sex_f,age_ythadult_y15_24,geo_cov_nat,2020,79.49
pse,sex_f,age_ythadult_y15_24,geo_cov_nat,2021,73.215
pse,sex_f,age_ythadult_y15_24,geo_cov_nat,2022,66.383
pse,sex_f,age_ythadult_y15_24,geo_cov_rur,2012,46.251
pse,sex_f,age_ythadult_y15_24,geo_cov_rur,2013,51.516
pse,sex_f,age_ythadult_y15_24,geo_cov_rur,2014,49.654
pse,sex_f,age_ythadult_y15_24,geo_cov_rur,2015,47.727
pse,sex_f,age_ythadult_y15_24,geo_cov_rur,2016,59.665
pse,sex_f,age_ythadult_y15_24,geo_cov_rur,2017,62.965
pse,sex_f,age_ythadult_y15_24,geo_cov_rur,2018,57.952
pse,sex_f,age_ythadult_y15_24,geo_cov_rur,2019,49.861
pse,sex_f,age_ythadult_y15_24,geo_cov_rur,2020,63.613
pse,sex_f,age_ythadult_y15_24,geo_cov_rur,2021,55.338
pse,sex_f,age_ythadult_y15_24,geo_cov_rur,2022,40.217
pse,sex_f,age_ythadult_y15_24,geo_cov_urb,2012,66.337
pse,sex_f,age_ythadult_y15_24,geo_cov_urb,2013,66.615
pse,sex_f,age_ythadult_y15_24,geo_cov_urb,2014,64.546
pse,sex_f,age_ythadult_y15_24,geo_cov_urb,2015,71.545
pse,sex_f,age_ythadult_y15_24,geo_cov_urb,2016,71.679
pse,sex_f,age_ythadult_y15_24,geo_cov_urb,2017,73.971
pse,sex_f,age_ythadult_y15_24,geo_cov_urb,2018,79.422
pse,sex_f,age_ythadult_y15_24,geo_cov_urb,2019,78.311
pse,sex_f,age_ythadult_y15_24,geo_cov_urb,2020,81.032
pse,sex_f,age_ythadult_y15_24,geo_cov_urb,2021,74.159
pse,sex_f,age_ythadult_y15_24,geo_cov_urb,2022,70.168
pse,sex_f,age_ythadult_y15_24,geo_cov_x,2012,71.884
pse,sex_f,age_ythadult_y15_24,geo_cov_x,2013,83.826
pse,sex_f,age_ythadult_y15_24,geo_cov_x,2014,78.088
pse,sex_f,age_ythadult_y15_24,geo_cov_x,2015,81.688
pse,sex_f,age_ythadult_y15_24,geo_cov_x,2016,82.042
pse,sex_f,age_ythadult_y15_24,geo_cov_x,2017,82.529
pse,sex_f,age_ythadult_y15_24,geo_cov_x,2018,84.66
pse,sex_f,age_ythadult_y15_24,geo_cov_x,2019,86.686
pse,sex_f,age_ythadult_y15_24,geo_cov_x,2020,84.561
pse,sex_f,age_ythadult_y15_24,geo_cov_x,2021,87.878
pse,sex_f,age_ythadult_y15_24,geo_cov_x,2022,77.382
pse,sex_f,age_ythadult_y15_64,geo_cov_nat,2012,33.149
pse,sex_f,age_ythadult_y15_64,geo_cov_nat,2013,35.413
pse,sex_f,age_ythadult_y15_64,geo_cov_nat,2014,39.986
pse,sex_f,age_ythadult_y15_64,geo_cov_nat,2015,50.57
pse,sex_f,age_ythadult_y15_64,geo_cov_nat,2016,53.223
pse,sex_f,age_ythadult_y15_64,geo_cov_nat,2017,54.643
pse,sex_f,age_ythadult_y15_64,geo_cov_nat,2018,56.664
pse,sex_f,age_ythadult_y15_64,geo_cov_nat,2019,54.484
pse,sex_f,age_ythadult_y15_64,geo_cov_nat,2020,56.655
pse,sex_f,age_ythadult_y15_64,geo_cov_nat,2021,55.506
pse,sex_f,age_ythadult_y15_64,geo_cov_nat,2022,52.19
pse,sex_f,age_ythadult_y15_64,geo_cov_rur,2012,23.734
pse,sex_f,age_ythadult_y15_64,geo_cov_rur,2013,23.095
pse,sex_f,age_ythadult_y15_64,geo_cov_rur,2014,25.947
pse,sex_f,age_ythadult_y15_64,geo_cov_rur,2015,30.851
pse,sex_f,age_ythadult_y15_64,geo_cov_rur,2016,35.878
pse,sex_f,age_ythadult_y15_64,geo_cov_rur,2017,39.717
pse,sex_f,age_ythadult_y15_64,geo_cov_rur,2018,36.191
pse,sex_f,age_ythadult_y15_64,geo_cov_rur,2019,31.1
pse,sex_f,age_ythadult_y15_64,geo_cov_rur,2020,35.169
pse,sex_f,age_ythadult_y15_64,geo_cov_rur,2021,32.763
pse,sex_f,age_ythadult_y15_64,geo_cov_rur,2022,25.009
pse,sex_f,age_ythadult_y15_64,geo_cov_urb,2012,34.745
pse,sex_f,age_ythadult_y15_64,geo_cov_urb,2013,36.862
pse,sex_f,age_ythadult_y15_64,geo_cov_urb,2014,41.289
pse,sex_f,age_ythadult_y15_64,geo_cov_urb,2015,52.569
pse,sex_f,age_ythadult_y15_64,geo_cov_urb,2016,54.742
pse,sex_f,age_ythadult_y15_64,geo_cov_urb,2017,56.011
pse,sex_f,age_ythadult_y15_64,geo_cov_urb,2018,58.18
pse,sex_f,age_ythadult_y15_64,geo_cov_urb,2019,56.554
pse,sex_f,age_ythadult_y15_64,geo_cov_urb,2020,58.486
pse,sex_f,age_ythadult_y15_64,geo_cov_urb,2021,57.639
pse,sex_f,age_ythadult_y15_64,geo_cov_urb,2022,54.908
pse,sex_f,age_ythadult_y15_64,geo_cov_x,2012,42.437
pse,sex_f,age_ythadult_y15_64,geo_cov_x,2013,50.916
pse,sex_f,age_ythadult_y15_64,geo_cov_x,2014,54.991
pse,sex_f,age_ythadult_y15_64,geo_cov_x,2015,63.925
pse,sex_f,age_ythadult_y15_64,geo_cov_x,2016,65.981
pse,sex_f,age_ythadult_y15_64,geo_cov_x,2017,64.705
pse,sex_f,age_ythadult_y15_64,geo_cov_x,2018,69.28
pse,sex_f,age_ythadult_y15_64,geo_cov_x,2019,68.403
pse,sex_f,age_ythadult_y15_64,geo_cov_x,2020,70.26
pse,sex_f,age_ythadult_y15_64,geo_cov_x,2021,66.764
pse,sex_f,age_ythadult_y15_64,geo_cov_x,2022,67.472
pse,sex_f,age_ythadult_yge15,geo_cov_nat,2012,32.719
pse,sex_f,age_ythadult_yge15,geo_cov_nat,2013,35.076
pse,sex_f,age_ythadult_yge15,geo_cov_nat,2014,39.506
pse,sex_f,age_ythadult_yge15,geo_cov_nat,2015,50.281
pse,sex_f,age_ythadult_yge15,geo_cov_nat,2016,53.062
pse,sex_f,age_ythadult_yge15,geo_cov_nat,2017,54.439
pse,sex_f,age_ythadult_yge15,geo_cov_nat,2018,56.387
pse,sex_f,age_ythadult_yge15,geo_cov_nat,2019,54.264
pse,sex_f,age_ythadult_yge15,geo_cov_nat,2020,56.486
pse,sex_f,age_ythadult_yge15,geo_cov_nat,2021,55.33
pse,sex_f,age_ythadult_yge15,geo_cov_nat,2022,51.987
pse,sex_f,age_ythadult_yge15,geo_cov_rur,2012,23.247
pse,sex_f,age_ythadult_yge15,geo_cov_rur,2013,22.8
pse,sex_f,age_ythadult_yge15,geo_cov_rur,2014,25.53
pse,sex_f,age_ythadult_yge15,geo_cov_rur,2015,30.556
pse,sex_f,age_ythadult_yge15,geo_cov_rur,2016,35.646
pse,sex_f,age_ythadult_yge15,geo_cov_rur,2017,39.382
pse,sex_f,age_ythadult_yge15,geo_cov_rur,2018,35.796
pse,sex_f,age_ythadult_yge15,geo_cov_rur,2019,30.81
pse,sex_f,age_ythadult_yge15,geo_cov_rur,2020,34.89
pse,sex_f,age_ythadult_yge15,geo_cov_rur,2021,32.422
pse,sex_f,age_ythadult_yge15,geo_cov_rur,2022,24.818
pse,sex_f,age_ythadult_yge15,geo_cov_urb,2012,34.346
pse,sex_f,age_ythadult_yge15,geo_cov_urb,2013,36.535
pse,sex_f,age_ythadult_yge15,geo_cov_urb,2014,40.798
pse,sex_f,age_ythadult_yge15,geo_cov_urb,2015,52.281
pse,sex_f,age_ythadult_yge15,geo_cov_urb,2016,54.586
pse,sex_f,age_ythadult_yge15,geo_cov_urb,2017,55.845
pse,sex_f,age_ythadult_yge15,geo_cov_urb,2018,57.913
pse,sex_f,age_ythadult_yge15,geo_cov_urb,2019,56.352
pse,sex_f,age_ythadult_yge15,geo_cov_urb,2020,58.337
pse,sex_f,age_ythadult_yge15,geo_cov_urb,2021,57.519
pse,sex_f,age_ythadult_yge15,geo_cov_urb,2022,54.72
pse,sex_f,age_ythadult_yge15,geo_cov_x,2012,42.135
pse,sex_f,age_ythadult_yge15,geo_cov_x,2013,50.538
pse,sex_f,age_ythadult_yge15,geo_cov_x,2014,54.673
pse,sex_f,age_ythadult_yge15,geo_cov_x,2015,63.808
pse,sex_f,age_ythadult_yge15,geo_cov_x,2016,65.969
pse,sex_f,age_ythadult_yge15,geo_cov_x,2017,64.562
pse,sex_f,age_ythadult_yge15,geo_cov_x,2018,69.231
pse,sex_f,age_ythadult_yge15,geo_cov_x,2019,68.334
pse,sex_f,age_ythadult_yge15,geo_cov_x,2020,70.26
pse,sex_f,age_ythadult_yge15,geo_cov_x,2021,66.655
pse,sex_f,age_ythadult_yge15,geo_cov_x,2022,67.311
pse,sex_f,age_ythadult_yge25,geo_cov_nat,2012,25.855
pse,sex_f,age_ythadult_yge25,geo_cov_nat,2013,28.769
pse,sex_f,age_ythadult_yge25,geo_cov_nat,2014,34.1
pse,sex_f,age_ythadult_yge25,geo_cov_nat,2015,45.034
pse,sex_f,age_ythadult_yge25,geo_cov_nat,2016,48.123
pse,sex_f,age_ythadult_yge25,geo_cov_nat,2017,49.317
pse,sex_f,age_ythadult_yge25,geo_cov_nat,2018,51.415
pse,sex_f,age_ythadult_yge25,geo_cov_nat,2019,49.121
pse,sex_f,age_ythadult_yge25,geo_cov_nat,2020,51.32
pse,sex_f,age_ythadult_yge25,geo_cov_nat,2021,51.438
pse,sex_f,age_ythadult_yge25,geo_cov_nat,2022,48.796
pse,sex_f,age_ythadult_yge25,geo_cov_rur,2012,17.815
pse,sex_f,age_ythadult_yge25,geo_cov_rur,2013,16.599
pse,sex_f,age_ythadult_yge25,geo_cov_rur,2014,20.997
pse,sex_f,age_ythadult_yge25,geo_cov_rur,2015,26.567
pse,sex_f,age_ythadult_yge25,geo_cov_rur,2016,29.203
pse,sex_f,age_ythadult_yge25,geo_cov_rur,2017,33.518
pse,sex_f,age_ythadult_yge25,geo_cov_rur,2018,30.605
pse,sex_f,age_ythadult_yge25,geo_cov_rur,2019,26.591
pse,sex_f,age_ythadult_yge25,geo_cov_rur,2020,29.667
pse,sex_f,age_ythadult_yge25,geo_cov_rur,2021,27.607
pse,sex_f,age_ythadult_yge25,geo_cov_rur,2022,20.923
pse,sex_f,age_ythadult_yge25,geo_cov_urb,2012,27.088
pse,sex_f,age_ythadult_yge25,geo_cov_urb,2013,30.323
pse,sex_f,age_ythadult_yge25,geo_cov_urb,2014,35.361
pse,sex_f,age_ythadult_yge25,geo_cov_urb,2015,46.86
pse,sex_f,age_ythadult_yge25,geo_cov_urb,2016,49.931
pse,sex_f,age_ythadult_yge25,geo_cov_urb,2017,50.875
pse,sex_f,age_ythadult_yge25,geo_cov_urb,2018,52.731
pse,sex_f,age_ythadult_yge25,geo_cov_urb,2019,51.142
pse,sex_f,age_ythadult_yge25,geo_cov_urb,2020,53.11
pse,sex_f,age_ythadult_yge25,geo_cov_urb,2021,53.846
pse,sex_f,age_ythadult_yge25,geo_cov_urb,2022,51.322
pse,sex_f,age_ythadult_yge25,geo_cov_x,2012,34.953
pse,sex_f,age_ythadult_yge25,geo_cov_x,2013,43.226
pse,sex_f,age_ythadult_yge25,geo_cov_x,2014,48.947
pse,sex_f,age_ythadult_yge25,geo_cov_x,2015,58.912
pse,sex_f,age_ythadult_yge25,geo_cov_x,2016,61.38
pse,sex_f,age_ythadult_yge25,geo_cov_x,2017,59.749
pse,sex_f,age_ythadult_yge25,geo_cov_x,2018,65.954
pse,sex_f,age_ythadult_yge25,geo_cov_x,2019,63.306
pse,sex_f,age_ythadult_yge25,geo_cov_x,2020,66.843
pse,sex_f,age_ythadult_yge25,geo_cov_x,2021,62.348
pse,sex_f,age_ythadult_yge25,geo_cov_x,2022,65.354
pse,sex_m,age_aggregate_total,geo_cov_nat,2012,20.366
pse,sex_m,age_aggregate_total,geo_cov_nat,2013,20.365
pse,sex_m,age_aggregate_total,geo_cov_nat,2014,23.84
pse,sex_m,age_aggregate_total,geo_cov_nat,2015,24.524
pse,sex_m,age_aggregate_total,geo_cov_nat,2016,23.861
pse,sex_m,age_aggregate_total,geo_cov_nat,2017,24.236
pse,sex_m,age_aggregate_total,geo_cov_nat,2018,26.102
pse,sex_m,age_aggregate_total,geo_cov_nat,2019,24.563
pse,sex_m,age_aggregate_total,geo_cov_nat,2020,28.778
pse,sex_m,age_aggregate_total,geo_cov_nat,2021,25.769
pse,sex_m,age_aggregate_total,geo_cov_nat,2022,22.788
pse,sex_m,age_aggregate_total,geo_cov_rur,2012,18.25
pse,sex_m,age_aggregate_total,geo_cov_rur,2013,16.498
pse,sex_m,age_aggregate_total,geo_cov_rur,2014,16.637
pse,sex_m,age_aggregate_total,geo_cov_rur,2015,18.527
pse,sex_m,age_aggregate_total,geo_cov_rur,2016,18.492
pse,sex_m,age_aggregate_total,geo_cov_rur,2017,16.984
pse,sex_m,age_aggregate_total,geo_cov_rur,2018,17.325
pse,sex_m,age_aggregate_total,geo_cov_rur,2019,12.295
pse,sex_m,age_aggregate_total,geo_cov_rur,2020,15.716
pse,sex_m,age_aggregate_total,geo_cov_rur,2021,12.799
pse,sex_m,age_aggregate_total,geo_cov_rur,2022,12.987
pse,sex_m,age_aggregate_total,geo_cov_urb,2012,20.163
pse,sex_m,age_aggregate_total,geo_cov_urb,2013,20.561
pse,sex_m,age_aggregate_total,geo_cov_urb,2014,24.637
pse,sex_m,age_aggregate_total,geo_cov_urb,2015,24.904
pse,sex_m,age_aggregate_total,geo_cov_urb,2016,24.069
pse,sex_m,age_aggregate_total,geo_cov_urb,2017,24.742
pse,sex_m,age_aggregate_total,geo_cov_urb,2018,26.712
pse,sex_m,age_aggregate_total,geo_cov_urb,2019,25.672
pse,sex_m,age_aggregate_total,geo_cov_urb,2020,29.88
pse,sex_m,age_aggregate_total,geo_cov_urb,2021,27.023
pse,sex_m,age_aggregate_total,geo_cov_urb,2022,23.579
pse,sex_m,age_aggregate_total,geo_cov_x,2012,26.245
pse,sex_m,age_aggregate_total,geo_cov_x,2013,26.738
pse,sex_m,age_aggregate_total,geo_cov_x,2014,32.755
pse,sex_m,age_aggregate_total,geo_cov_x,2015,33.778
pse,sex_m,age_aggregate_total,geo_cov_x,2016,32.901
pse,sex_m,age_aggregate_total,geo_cov_x,2017,34.22
pse,sex_m,age_aggregate_total,geo_cov_x,2018,38.821
pse,sex_m,age_aggregate_total,geo_cov_x,2019,39.161
pse,sex_m,age_aggregate_total,geo_cov_x,2020,43.8
pse,sex_m,age_aggregate_total,geo_cov_x,2021,39.674
pse,sex_m,age_aggregate_total,geo_cov_x,2022,35.747
pse,sex_m,age_aggregate_y15_24,geo_cov_nat,2012,34.689
pse,sex_m,age_aggregate_y15_24,geo_cov_nat,2013,37.191
pse,sex_m,age_aggregate_y15_24,geo_cov_nat,2014,40.309
pse,sex_m,age_aggregate_y15_24,geo_cov_nat,2015,40.365
pse,sex_m,age_aggregate_y15_24,geo_cov_nat,2016,39.252
pse,sex_m,age_aggregate_y15_24,geo_cov_nat,2017,40.137
pse,sex_m,age_aggregate_y15_24,geo_cov_nat,2018,41.695
pse,sex_m,age_aggregate_y15_24,geo_cov_nat,2019,38.937
pse,sex_m,age_aggregate_y15_24,geo_cov_nat,2020,45.105
pse,sex_m,age_aggregate_y15_24,geo_cov_nat,2021,41.455
pse,sex_m,age_aggregate_y15_24,geo_cov_nat,2022,35.287
pse,sex_m,age_aggregate_y15_24,geo_cov_rur,2012,26.22
pse,sex_m,age_aggregate_y15_24,geo_cov_rur,2013,28.25
pse,sex_m,age_aggregate_y15_24,geo_cov_rur,2014,28.082
pse,sex_m,age_aggregate_y15_24,geo_cov_rur,2015,30.789
pse,sex_m,age_aggregate_y15_24,geo_cov_rur,2016,32.29
pse,sex_m,age_aggregate_y15_24,geo_cov_rur,2017,29.111
pse,sex_m,age_aggregate_y15_24,geo_cov_rur,2018,25.85
pse,sex_m,age_aggregate_y15_24,geo_cov_rur,2019,18.938
pse,sex_m,age_aggregate_y15_24,geo_cov_rur,2020,27.723
pse,sex_m,age_aggregate_y15_24,geo_cov_rur,2021,25.685
pse,sex_m,age_aggregate_y15_24,geo_cov_rur,2022,23.479
pse,sex_m,age_aggregate_y15_24,geo_cov_urb,2012,35.008
pse,sex_m,age_aggregate_y15_24,geo_cov_urb,2013,37.921
pse,sex_m,age_aggregate_y15_24,geo_cov_urb,2014,41.567
pse,sex_m,age_aggregate_y15_24,geo_cov_urb,2015,40.53
pse,sex_m,age_aggregate_y15_24,geo_cov_urb,2016,39.007
pse,sex_m,age_aggregate_y15_24,geo_cov_urb,2017,40.576
pse,sex_m,age_aggregate_y15_24,geo_cov_urb,2018,43.618
pse,sex_m,age_aggregate_y15_24,geo_cov_urb,2019,41.061
pse,sex_m,age_aggregate_y15_24,geo_cov_urb,2020,46.192
pse,sex_m,age_aggregate_y15_24,geo_cov_urb,2021,42.741
pse,sex_m,age_aggregate_y15_24,geo_cov_urb,2022,36.378
pse,sex_m,age_aggregate_y15_24,geo_cov_x,2012,49.766
pse,sex_m,age_aggregate_y15_24,geo_cov_x,2013,50.148
pse,sex_m,age_aggregate_y15_24,geo_cov_x,2014,58.034
pse,sex_m,age_aggregate_y15_24,geo_cov_x,2015,57.505
pse,sex_m,age_aggregate_y15_24,geo_cov_x,2016,53.438
pse,sex_m,age_aggregate_y15_24,geo_cov_x,2017,55.822
pse,sex_m,age_aggregate_y15_24,geo_cov_x,2018,55.79
pse,sex_m,age_aggregate_y15_24,geo_cov_x,2019,58.509
pse,sex_m,age_aggregate_y15_24,geo_cov_x,2020,64.688
pse,sex_m,age_aggregate_y15_24,geo_cov_x,2021,59.709
pse,sex_m,age_aggregate_y15_24,geo_cov_x,2022,51.222
pse,sex_m,age_aggregate_y25_54,geo_cov_nat,2012,15.973
pse,sex_m,age_aggregate_y25_54,geo_cov_nat,2013,15.115
pse,sex_m,age_aggregate_y25_54,geo_cov_nat,2014,18.753
pse,sex_m,age_aggregate_y25_54,geo_cov_nat,2015,19.045
pse,sex_m,age_aggregate_y25_54,geo_cov_nat,2016,18.788
pse,sex_m,age_aggregate_y25_54,geo_cov_nat,2017,19.071
pse,sex_m,age_aggregate_y25_54,geo_cov_nat,2018,21.554
pse,sex_m,age_aggregate_y25_54,geo_cov_nat,2019,20.805
pse,sex_m,age_aggregate_y25_54,geo_cov_nat,2020,24.939
pse,sex_m,age_aggregate_y25_54,geo_cov_nat,2021,21.845
pse,sex_m,age_aggregate_y25_54,geo_cov_nat,2022,19.742
pse,sex_m,age_aggregate_y25_54,geo_cov_rur,2012,15.824
pse,sex_m,age_aggregate_y25_54,geo_cov_rur,2013,12.414
pse,sex_m,age_aggregate_y25_54,geo_cov_rur,2014,12.756
pse,sex_m,age_aggregate_y25_54,geo_cov_rur,2015,14.336
pse,sex_m,age_aggregate_y25_54,geo_cov_rur,2016,13.866
pse,sex_m,age_aggregate_y25_54,geo_cov_rur,2017,13.233
pse,sex_m,age_aggregate_y25_54,geo_cov_rur,2018,14.41
pse,sex_m,age_aggregate_y25_54,geo_cov_rur,2019,10.373
pse,sex_m,age_aggregate_y25_54,geo_cov_rur,2020,12.775
pse,sex_m,age_aggregate_y25_54,geo_cov_rur,2021,9.147
pse,sex_m,age_aggregate_y25_54,geo_cov_rur,2022,9.854
pse,sex_m,age_aggregate_y25_54,geo_cov_urb,2012,15.673
pse,sex_m,age_aggregate_y25_54,geo_cov_urb,2013,15.357
pse,sex_m,age_aggregate_y25_54,geo_cov_urb,2014,19.551
pse,sex_m,age_aggregate_y25_54,geo_cov_urb,2015,19.599
pse,sex_m,age_aggregate_y25_54,geo_cov_urb,2016,19.236
pse,sex_m,age_aggregate_y25_54,geo_cov_urb,2017,19.546
pse,sex_m,age_aggregate_y25_54,geo_cov_urb,2018,21.916
pse,sex_m,age_aggregate_y25_54,geo_cov_urb,2019,21.718
pse,sex_m,age_aggregate_y25_54,geo_cov_urb,2020,26.151
pse,sex_m,age_aggregate_y25_54,geo_cov_urb,2021,23.114
pse,sex_m,age_aggregate_y25_54,geo_cov_urb,2022,20.471
pse,sex_m,age_aggregate_y25_54,geo_cov_x,2012,18.597
pse,sex_m,age_aggregate_y25_54,geo_cov_x,2013,18.623
pse,sex_m,age_aggregate_y25_54,geo_cov_x,2014,24.711
pse,sex_m,age_aggregate_y25_54,geo_cov_x,2015,24.289
pse,sex_m,age_aggregate_y25_54,geo_cov_x,2016,25.176
pse,sex_m,age_aggregate_y25_54,geo_cov_x,2017,26.769
pse,sex_m,age_aggregate_y25_54,geo_cov_x,2018,33.096
pse,sex_m,age_aggregate_y25_54,geo_cov_x,2019,33.172
pse,sex_m,age_aggregate_y25_54,geo_cov_x,2020,37.317
pse,sex_m,age_aggregate_y25_54,geo_cov_x,2021,34.671
pse,sex_m,age_aggregate_y25_54,geo_cov_x,2022,32.407
pse,sex_m,age_aggregate_y55_64,geo_cov_nat,2012,13.041
pse,sex_m,age_aggregate_y55_64,geo_cov_nat,2013,12.791
pse,sex_m,age_aggregate_y55_64,geo_cov_nat,2014,15.141
pse,sex_m,age_aggregate_y55_64,geo_cov_nat,2015,18.036
pse,sex_m,age_aggregate_y55_64,geo_cov_nat,2016,16.679
pse,sex_m,age_aggregate_y55_64,geo_cov_nat,2017,17.414
pse,sex_m,age_aggregate_y55_64,geo_cov_nat,2018,15.431
pse,sex_m,age_aggregate_y55_64,geo_cov_nat,2019,15.045
pse,sex_m,age_aggregate_y55_64,geo_cov_nat,2020,17.301
pse,sex_m,age_aggregate_y55_64,geo_cov_nat,2021,17.184
pse,sex_m,age_aggregate_y55_64,geo_cov_nat,2022,14.875
pse,sex_m,age_aggregate_y55_64,geo_cov_rur,2012,13.383
pse,sex_m,age_aggregate_y55_64,geo_cov_rur,2013,13.592
pse,sex_m,age_aggregate_y55_64,geo_cov_rur,2014,11.701
pse,sex_m,age_aggregate_y55_64,geo_cov_rur,2015,14.362
pse,sex_m,age_aggregate_y55_64,geo_cov_rur,2016,16.434
pse,sex_m,age_aggregate_y55_64,geo_cov_rur,2017,13.821
pse,sex_m,age_aggregate_y55_64,geo_cov_rur,2018,16.861
pse,sex_m,age_aggregate_y55_64,geo_cov_rur,2019,9.664
pse,sex_m,age_aggregate_y55_64,geo_cov_rur,2020,10.521
pse,sex_m,age_aggregate_y55_64,geo_cov_rur,2021,10.244
pse,sex_m,age_aggregate_y55_64,geo_cov_rur,2022,10.33
pse,sex_m,age_aggregate_y55_64,geo_cov_urb,2012,12.892
pse,sex_m,age_aggregate_y55_64,geo_cov_urb,2013,12.102
pse,sex_m,age_aggregate_y55_64,geo_cov_urb,2014,15.517
pse,sex_m,age_aggregate_y55_64,geo_cov_urb,2015,17.727
pse,sex_m,age_aggregate_y55_64,geo_cov_urb,2016,15.502
pse,sex_m,age_aggregate_y55_64,geo_cov_urb,2017,17.767
pse,sex_m,age_aggregate_y55_64,geo_cov_urb,2018,13.868
pse,sex_m,age_aggregate_y55_64,geo_cov_urb,2019,15.308
pse,sex_m,age_aggregate_y55_64,geo_cov_urb,2020,17.403
pse,sex_m,age_aggregate_y55_64,geo_cov_urb,2021,18.25
pse,sex_m,age_aggregate_y55_64,geo_cov_urb,2022,15.315
pse,sex_m,age_aggregate_y55_64,geo_cov_x,2012,13.873
pse,sex_m,age_aggregate_y55_64,geo_cov_x,2013,18.666
pse,sex_m,age_aggregate_y55_64,geo_cov_x,2014,19.737
pse,sex_m,age_aggregate_y55_64,geo_cov_x,2015,31.793
pse,sex_m,age_aggregate_y55_64,geo_cov_x,2016,26.612
pse,sex_m,age_aggregate_y55_64,geo_cov_x,2017,22.643
pse,sex_m,age_aggregate_y55_64,geo_cov_x,2018,28.372
pse,sex_m,age_aggregate_y55_64,geo_cov_x,2019,26.451
pse,sex_m,age_aggregate_y55_64,geo_cov_x,2020,32.875
pse,sex_m,age_aggregate_y55_64,geo_cov_x,2021,23.052
pse,sex_m,age_aggregate_y55_64,geo_cov_x,2022,21.98
pse,sex_m,age_aggregate_yge65,geo_cov_nat,2012,3.329
pse,sex_m,age_aggregate_yge65,geo_cov_nat,2013,3.76
pse,sex_m,age_aggregate_yge65,geo_cov_nat,2014,3.615
pse,sex_m,age_aggregate_yge65,geo_cov_nat,2015,10.709
pse,sex_m,age_aggregate_yge65,geo_cov_nat,2016,8.573
pse,sex_m,age_aggregate_yge65,geo_cov_nat,2017,8.252
pse,sex_m,age_aggregate_yge65,geo_cov_nat,2018,4.853
pse,sex_m,age_aggregate_yge65,geo_cov_nat,2019,5.436
pse,sex_m,age_aggregate_yge65,geo_cov_nat,2020,8.189
pse,sex_m,age_aggregate_yge65,geo_cov_nat,2021,9.238
pse,sex_m,age_aggregate_yge65,geo_cov_nat,2022,8.897
pse,sex_m,age_aggregate_yge65,geo_cov_rur,2015,5.315
pse,sex_m,age_aggregate_yge65,geo_cov_rur,2016,6.164
pse,sex_m,age_aggregate_yge65,geo_cov_rur,2018,5.224
pse,sex_m,age_aggregate_yge65,geo_cov_rur,2019,5.53
pse,sex_m,age_aggregate_yge65,geo_cov_rur,2020,7.247
pse,sex_m,age_aggregate_yge65,geo_cov_urb,2012,3.33
pse,sex_m,age_aggregate_yge65,geo_cov_urb,2013,3.736
pse,sex_m,age_aggregate_yge65,geo_cov_urb,2014,3.888
pse,sex_m,age_aggregate_yge65,geo_cov_urb,2015,11.832
pse,sex_m,age_aggregate_yge65,geo_cov_urb,2016,9.58
pse,sex_m,age_aggregate_yge65,geo_cov_urb,2017,8.726
pse,sex_m,age_aggregate_yge65,geo_cov_urb,2018,4.736
pse,sex_m,age_aggregate_yge65,geo_cov_urb,2019,5.588
pse,sex_m,age_aggregate_yge65,geo_cov_urb,2020,8.352
pse,sex_m,age_aggregate_yge65,geo_cov_urb,2021,11.737
pse,sex_m,age_aggregate_yge65,geo_cov_urb,2022,10.732
pse,sex_m,age_ythadult_y15_24,geo_cov_nat,2012,34.689
pse,sex_m,age_ythadult_y15_24,geo_cov_nat,2013,37.191
pse,sex_m,age_ythadult_y15_24,geo_cov_nat,2014,40.309
pse,sex_m,age_ythadult_y15_24,geo_cov_nat,2015,40.365
pse,sex_m,age_ythadult_y15_24,geo_cov_nat,2016,39.252
pse,sex_m,age_ythadult_y15_24,geo_cov_nat,2017,40.137
pse,sex_m,age_ythadult_y15_24,geo_cov_nat,2018,41.695
pse,sex_m,age_ythadult_y15_24,geo_cov_nat,2019,38.937
pse,sex_m,age_ythadult_y15_24,geo_cov_nat,2020,45.105
pse,sex_m,age_ythadult_y15_24,geo_cov_nat,2021,41.455
pse,sex_m,age_ythadult_y15_24,geo_cov_nat,2022,35.287
pse,sex_m,age_ythadult_y15_24,geo_cov_rur,2012,26.22
pse,sex_m,age_ythadult_y15_24,geo_cov_rur,2013,28.25
pse,sex_m,age_ythadult_y15_24,geo_cov_rur,2014,28.082
pse,sex_m,age_ythadult_y15_24,geo_cov_rur,2015,30.789
pse,sex_m,age_ythadult_y15_24,geo_cov_rur,2016,32.29
pse,sex_m,age_ythadult_y15_24,geo_cov_rur,2017,29.111
pse,sex_m,age_ythadult_y15_24,geo_cov_rur,2018,25.85
pse,sex_m,age_ythadult_y15_24,geo_cov_rur,2019,18.938
pse,sex_m,age_ythadult_y15_24,geo_cov_rur,2020,27.723
pse,sex_m,age_ythadult_y15_24,geo_cov_rur,2021,25.685
pse,sex_m,age_ythadult_y15_24,geo_cov_rur,2022,23.479
pse,sex_m,age_ythadult_y15_24,geo_cov_urb,2012,35.008
pse,sex_m,age_ythadult_y15_24,geo_cov_urb,2013,37.921
pse,sex_m,age_ythadult_y15_24,geo_cov_urb,2014,41.567
pse,sex_m,age_ythadult_y15_24,geo_cov_urb,2015,40.53
pse,sex_m,age_ythadult_y15_24,geo_cov_urb,2016,39.007
pse,sex_m,age_ythadult_y15_24,geo_cov_urb,2017,40.576
pse,sex_m,age_ythadult_y15_24,geo_cov_urb,2018,43.618
pse,sex_m,age_ythadult_y15_24,geo_cov_urb,2019,41.061
pse,sex_m,age_ythadult_y15_24,geo_cov_urb,2020,46.192
pse,sex_m,age_ythadult_y15_24,geo_cov_urb,2021,42.741
pse,sex_m,age_ythadult_y15_24,geo_cov_urb,2022,36.378
pse,sex_m,age_ythadult_y15_24,geo_cov_x,2012,49.766
pse,sex_m,age_ythadult_y15_24,geo_cov_x,2013,50.148
pse,sex_m,age_ythadult_y15_24,geo_cov_x,2014,58.034
pse,sex_m,age_ythadult_y15_24,geo_cov_x,2015,57.505
pse,sex_m,age_ythadult_y15_24,geo_cov_x,2016,53.438
pse,sex_m,age_ythadult_y15_24,geo_cov_x,2017,55.822
pse,sex_m,age_ythadult_y15_24,geo_cov_x,2018,55.79
pse,sex_m,age_ythadult_y15_24,geo_cov_x,2019,58.509
pse,sex_m,age_ythadult_y15_24,geo_cov_x,2020,64.688
pse,sex_m,age_ythadult_y15_24,geo_cov_x,2021,59.709
pse,sex_m,age_ythadult_y15_24,geo_cov_x,2022,51.222
pse,sex_m,age_ythadult_y15_64,geo_cov_nat,2012,20.581
pse,sex_m,age_ythadult_y15_64,geo_cov_nat,2013,20.553
pse,sex_m,age_ythadult_y15_64,geo_cov_nat,2014,24.096
pse,sex_m,age_ythadult_y15_64,geo_cov_nat,2015,24.682
pse,sex_m,age_ythadult_y15_64,geo_cov_nat,2016,24.002
pse,sex_m,age_ythadult_y15_64,geo_cov_nat,2017,24.364
pse,sex_m,age_ythadult_y15_64,geo_cov_nat,2018,26.283
pse,sex_m,age_ythadult_y15_64,geo_cov_nat,2019,24.782
pse,sex_m,age_ythadult_y15_64,geo_cov_nat,2020,29.027
pse,sex_m,age_ythadult_y15_64,geo_cov_nat,2021,25.949
pse,sex_m,age_ythadult_y15_64,geo_cov_nat,2022,22.962
pse,sex_m,age_ythadult_y15_64,geo_cov_rur,2012,18.474
pse,sex_m,age_ythadult_y15_64,geo_cov_rur,2013,16.643
pse,sex_m,age_ythadult_y15_64,geo_cov_rur,2014,16.856
pse,sex_m,age_ythadult_y15_64,geo_cov_rur,2015,18.691
pse,sex_m,age_ythadult_y15_64,geo_cov_rur,2016,18.643
pse,sex_m,age_ythadult_y15_64,geo_cov_rur,2017,17.11
pse,sex_m,age_ythadult_y15_64,geo_cov_rur,2018,17.428
pse,sex_m,age_ythadult_y15_64,geo_cov_rur,2019,12.396
pse,sex_m,age_ythadult_y15_64,geo_cov_rur,2020,15.855
pse,sex_m,age_ythadult_y15_64,geo_cov_rur,2021,12.963
pse,sex_m,age_ythadult_y15_64,geo_cov_rur,2022,13.149
pse,sex_m,age_ythadult_y15_64,geo_cov_urb,2012,20.382
pse,sex_m,age_ythadult_y15_64,geo_cov_urb,2013,20.766
pse,sex_m,age_ythadult_y15_64,geo_cov_urb,2014,24.912
pse,sex_m,age_ythadult_y15_64,geo_cov_urb,2015,25.059
pse,sex_m,age_ythadult_y15_64,geo_cov_urb,2016,24.199
pse,sex_m,age_ythadult_y15_64,geo_cov_urb,2017,24.866
pse,sex_m,age_ythadult_y15_64,geo_cov_urb,2018,26.913
pse,sex_m,age_ythadult_y15_64,geo_cov_urb,2019,25.9
pse,sex_m,age_ythadult_y15_64,geo_cov_urb,2020,30.138
pse,sex_m,age_ythadult_y15_64,geo_cov_urb,2021,27.187
pse,sex_m,age_ythadult_y15_64,geo_cov_urb,2022,23.737
pse,sex_m,age_ythadult_y15_64,geo_cov_x,2012,26.347
pse,sex_m,age_ythadult_y15_64,geo_cov_x,2013,26.822
pse,sex_m,age_ythadult_y15_64,geo_cov_x,2014,32.84
pse,sex_m,age_ythadult_y15_64,geo_cov_x,2015,33.894
pse,sex_m,age_ythadult_y15_64,geo_cov_x,2016,33.032
pse,sex_m,age_ythadult_y15_64,geo_cov_x,2017,34.312
pse,sex_m,age_ythadult_y15_64,geo_cov_x,2018,38.914
pse,sex_m,age_ythadult_y15_64,geo_cov_x,2019,39.363
pse,sex_m,age_ythadult_y15_64,geo_cov_x,2020,43.965
pse,sex_m,age_ythadult_y15_64,geo_cov_x,2021,39.896
pse,sex_m,age_ythadult_y15_64,geo_cov_x,2022,35.902
pse,sex_m,age_ythadult_yge15,geo_cov_nat,2012,20.366
pse,sex_m,age_ythadult_yge15,geo_cov_nat,2013,20.365
pse,sex_m,age_ythadult_yge15,geo_cov_nat,2014,23.84
pse,sex_m,age_ythadult_yge15,geo_cov_nat,2015,24.524
pse,sex_m,age_ythadult_yge15,geo_cov_nat,2016,23.861
pse,sex_m,age_ythadult_yge15,geo_cov_nat,2017,24.236
pse,sex_m,age_ythadult_yge15,geo_cov_nat,2018,26.102
pse,sex_m,age_ythadult_yge15,geo_cov_nat,2019,24.563
pse,sex_m,age_ythadult_yge15,geo_cov_nat,2020,28.778
pse,sex_m,age_ythadult_yge15,geo_cov_nat,2021,25.769
pse,sex_m,age_ythadult_yge15,geo_cov_nat,2022,22.788
pse,sex_m,age_ythadult_yge15,geo_cov_rur,2012,18.25
pse,sex_m,age_ythadult_yge15,geo_cov_rur,2013,16.498
pse,sex_m,age_ythadult_yge15,geo_cov_rur,2014,16.637
pse,sex_m,age_ythadult_yge15,geo_cov_rur,2015,18.527
pse,sex_m,age_ythadult_yge15,geo_cov_rur,2016,18.492
pse,sex_m,age_ythadult_yge15,geo_cov_rur,2017,16.984
pse,sex_m,age_ythadult_yge15,geo_cov_rur,2018,17.325
pse,sex_m,age_ythadult_yge15,geo_cov_rur,2019,12.295
pse,sex_m,age_ythadult_yge15,geo_cov_rur,2020,15.716
pse,sex_m,age_ythadult_yge15,geo_cov_rur,2021,12.799
pse,sex_m,age_ythadult_yge15,geo_cov_rur,2022,12.987
pse,sex_m,age_ythadult_yge15,geo_cov_urb,2012,20.163
pse,sex_m,age_ythadult_yge15,geo_cov_urb,2013,20.561
pse,sex_m,age_ythadult_yge15,geo_cov_urb,2014,24.637
pse,sex_m,age_ythadult_yge15,geo_cov_urb,2015,24.904
pse,sex_m,age_ythadult_yge15,geo_cov_urb,2016,24.069
pse,sex_m,age_ythadult_yge15,geo_cov_urb,2017,24.742
pse,sex_m,age_ythadult_yge15,geo_cov_urb,2018,26.712
pse,sex_m,age_ythadult_yge15,geo_cov_urb,2019,25.672
pse,sex_m,age_ythadult_yge15,geo_cov_urb,2020,29.88
pse,sex_m,age_ythadult_yge15,geo_cov_urb,2021,27.023
pse,sex_m,age_ythadult_yge15,geo_cov_urb,2022,23.579
pse,sex_m,age_ythadult_yge15,geo_cov_x,2012,26.245
pse,sex_m,age_ythadult_yge15,geo_cov_x,2013,26.738
pse,sex_m,age_ythadult_yge15,geo_cov_x,2014,32.755
pse,sex_m,age_ythadult_yge15,geo_cov_x,2015,33.778
pse,sex_m,age_ythadult_yge15,geo_cov_x,2016,32.901
pse,sex_m,age_ythadult_yge15,geo_cov_x,2017,34.22
pse,sex_m,age_ythadult_yge15,geo_cov_x,2018,38.821
pse,sex_m,age_ythadult_yge15,geo_cov_x,2019,39.161
pse,sex_m,age_ythadult_yge15,geo_cov_x,2020,43.8
pse,sex_m,age_ythadult_yge15,geo_cov_x,2021,39.674
pse,sex_m,age_ythadult_yge15,geo_cov_x,2022,35.747
pse,sex_m,age_ythadult_yge25,geo_cov_nat,2012,15.563
pse,sex_m,age_ythadult_yge25,geo_cov_nat,2013,14.785
pse,sex_m,age_ythadult_yge25,geo_cov_nat,2014,18.246
pse,sex_m,age_ythadult_yge25,geo_cov_nat,2015,18.839
pse,sex_m,age_ythadult_yge25,geo_cov_nat,2016,18.499
pse,sex_m,age_ythadult_yge25,geo_cov_nat,2017,18.825
pse,sex_m,age_ythadult_yge25,geo_cov_nat,2018,20.874
pse,sex_m,age_ythadult_yge25,geo_cov_nat,2019,20.092
pse,sex_m,age_ythadult_yge25,geo_cov_nat,2020,24.051
pse,sex_m,age_ythadult_yge25,geo_cov_nat,2021,21.27
pse,sex_m,age_ythadult_yge25,geo_cov_nat,2022,19.136
pse,sex_m,age_ythadult_yge25,geo_cov_rur,2012,15.414
pse,sex_m,age_ythadult_yge25,geo_cov_rur,2013,12.36
pse,sex_m,age_ythadult_yge25,geo_cov_rur,2014,12.47
pse,sex_m,age_ythadult_yge25,geo_cov_rur,2015,14.189
pse,sex_m,age_ythadult_yge25,geo_cov_rur,2016,13.964
pse,sex_m,age_ythadult_yge25,geo_cov_rur,2017,13.169
pse,sex_m,age_ythadult_yge25,geo_cov_rur,2018,14.523
pse,sex_m,age_ythadult_yge25,geo_cov_rur,2019,10.213
pse,sex_m,age_ythadult_yge25,geo_cov_rur,2020,12.449
pse,sex_m,age_ythadult_yge25,geo_cov_rur,2021,9.108
pse,sex_m,age_ythadult_yge25,geo_cov_rur,2022,9.761
pse,sex_m,age_ythadult_yge25,geo_cov_urb,2012,15.265
pse,sex_m,age_ythadult_yge25,geo_cov_urb,2013,14.934
pse,sex_m,age_ythadult_yge25,geo_cov_urb,2014,18.974
pse,sex_m,age_ythadult_yge25,geo_cov_urb,2015,19.326
pse,sex_m,age_ythadult_yge25,geo_cov_urb,2016,18.84
pse,sex_m,age_ythadult_yge25,geo_cov_urb,2017,19.293
pse,sex_m,age_ythadult_yge25,geo_cov_urb,2018,21.068
pse,sex_m,age_ythadult_yge25,geo_cov_urb,2019,20.95
pse,sex_m,age_ythadult_yge25,geo_cov_urb,2020,25.175
pse,sex_m,age_ythadult_yge25,geo_cov_urb,2021,22.546
pse,sex_m,age_ythadult_yge25,geo_cov_urb,2022,19.863
pse,sex_m,age_ythadult_yge25,geo_cov_x,2012,18.266
pse,sex_m,age_ythadult_yge25,geo_cov_x,2013,18.547
pse,sex_m,age_ythadult_yge25,geo_cov_x,2014,24.41
pse,sex_m,age_ythadult_yge25,geo_cov_x,2015,24.648
pse,sex_m,age_ythadult_yge25,geo_cov_x,2016,25.155
pse,sex_m,age_ythadult_yge25,geo_cov_x,2017,26.403
pse,sex_m,age_ythadult_yge25,geo_cov_x,2018,32.663
pse,sex_m,age_ythadult_yge25,geo_cov_x,2019,32.441
pse,sex_m,age_ythadult_yge25,geo_cov_x,2020,36.795
pse,sex_m,age_ythadult_yge25,geo_cov_x,2021,33.536
pse,sex_m,age_ythadult_yge25,geo_cov_x,2022,31.448
pse,sex_t,age_aggregate_total,geo_cov_nat,2012,22.816
pse,sex_t,age_aggregate_total,geo_cov_nat,2013,23.265
pse,sex_t,age_aggregate_total,geo_cov_nat,2014,27.187
pse,sex_t,age_aggregate_total,geo_cov_nat,2015,30.618
pse,sex_t,age_aggregate_total,geo_cov_nat,2016,30.658
pse,sex_t,age_aggregate_total,geo_cov_nat,2017,31.074
pse,sex_t,age_aggregate_total,geo_cov_nat,2018,33.291
pse,sex_t,age_aggregate_total,geo_cov_nat,2019,31.602
pse,sex_t,age_aggregate_total,geo_cov_nat,2020,35.257
pse,sex_t,age_aggregate_total,geo_cov_nat,2021,32.555
pse,sex_t,age_aggregate_total,geo_cov_nat,2022,29.668
pse,sex_t,age_aggregate_total,geo_cov_rur,2012,19.363
pse,sex_t,age_aggregate_total,geo_cov_rur,2013,17.809
pse,sex_t,age_aggregate_total,geo_cov_rur,2014,18.444
pse,sex_t,age_aggregate_total,geo_cov_rur,2015,20.94
pse,sex_t,age_aggregate_total,geo_cov_rur,2016,21.84
pse,sex_t,age_aggregate_total,geo_cov_rur,2017,21.178
pse,sex_t,age_aggregate_total,geo_cov_rur,2018,20.659
pse,sex_t,age_aggregate_total,geo_cov_rur,2019,15.94
pse,sex_t,age_aggregate_total,geo_cov_rur,2020,19.587
pse,sex_t,age_aggregate_total,geo_cov_rur,2021,16.514
pse,sex_t,age_aggregate_total,geo_cov_rur,2022,15.334
pse,sex_t,age_aggregate_total,geo_cov_urb,2012,22.883
pse,sex_t,age_aggregate_total,geo_cov_urb,2013,23.66
pse,sex_t,age_aggregate_total,geo_cov_urb,2014,28.081
pse,sex_t,age_aggregate_total,geo_cov_urb,2015,31.483
pse,sex_t,age_aggregate_total,geo_cov_urb,2016,31.302
pse,sex_t,age_aggregate_total,geo_cov_urb,2017,31.969
pse,sex_t,age_aggregate_total,geo_cov_urb,2018,34.348
pse,sex_t,age_aggregate_total,geo_cov_urb,2019,33.042
pse,sex_t,age_aggregate_total,geo_cov_urb,2020,36.572
pse,sex_t,age_aggregate_total,geo_cov_urb,2021,34.101
pse,sex_t,age_aggregate_total,geo_cov_urb,2022,31.016
pse,sex_t,age_aggregate_total,geo_cov_x,2012,29.411
pse,sex_t,age_aggregate_total,geo_cov_x,2013,31.467
pse,sex_t,age_aggregate_total,geo_cov_x,2014,37.99
pse,sex_t,age_aggregate_total,geo_cov_x,2015,42.053
pse,sex_t,age_aggregate_total,geo_cov_x,2016,41.797
pse,sex_t,age_aggregate_total,geo_cov_x,2017,41.85
pse,sex_t,age_aggregate_total,geo_cov_x,2018,47.247
pse,sex_t,age_aggregate_total,geo_cov_x,2019,47.369
pse,sex_t,age_aggregate_total,geo_cov_x,2020,51.145
pse,sex_t,age_aggregate_total,geo_cov_x,2021,47.179
pse,sex_t,age_aggregate_total,geo_cov_x,2022,44.49
pse,sex_t,age_aggregate_y15_24,geo_cov_nat,2012,39.023
pse,sex_t,age_aggregate_y15_24,geo_cov_nat,2013,41.272
pse,sex_t,age_aggregate_y15_24,geo_cov_nat,2014,44.14
pse,sex_t,age_aggregate_y15_24,geo_cov_nat,2015,46.223
pse,sex_t,age_aggregate_y15_24,geo_cov_nat,2016,45.669
pse,sex_t,age_aggregate_y15_24,geo_cov_nat,2017,46.685
pse,sex_t,age_aggregate_y15_24,geo_cov_nat,2018,48.542
pse,sex_t,age_aggregate_y15_24,geo_cov_nat,2019,46.364
pse,sex_t,age_aggregate_y15_24,geo_cov_nat,2020,51.965
pse,sex_t,age_aggregate_y15_24,geo_cov_nat,2021,47.579
pse,sex_t,age_aggregate_y15_24,geo_cov_nat,2022,41.453
pse,sex_t,age_aggregate_y15_24,geo_cov_rur,2012,29.681
pse,sex_t,age_aggregate_y15_24,geo_cov_rur,2013,31.783
pse,sex_t,age_aggregate_y15_24,geo_cov_rur,2014,30.914
pse,sex_t,age_aggregate_y15_24,geo_cov_rur,2015,33.385
pse,sex_t,age_aggregate_y15_24,geo_cov_rur,2016,36.995
pse,sex_t,age_aggregate_y15_24,geo_cov_rur,2017,34.559
pse,sex_t,age_aggregate_y15_24,geo_cov_rur,2018,30.493
pse,sex_t,age_aggregate_y15_24,geo_cov_rur,2019,23.79
pse,sex_t,age_aggregate_y15_24,geo_cov_rur,2020,33.249
pse,sex_t,age_aggregate_y15_24,geo_cov_rur,2021,30.254
pse,sex_t,age_aggregate_y15_24,geo_cov_rur,2022,26.412
pse,sex_t,age_aggregate_y15_24,geo_cov_urb,2012,39.718
pse,sex_t,age_aggregate_y15_24,geo_cov_urb,2013,42.055
pse,sex_t,age_aggregate_y15_24,geo_cov_urb,2014,45.418
pse,sex_t,age_aggregate_y15_24,geo_cov_urb,2015,47.009
pse,sex_t,age_aggregate_y15_24,geo_cov_urb,2016,45.677
pse,sex_t,age_aggregate_y15_24,geo_cov_urb,2017,47.349
pse,sex_t,age_aggregate_y15_24,geo_cov_urb,2018,50.811
pse,sex_t,age_aggregate_y15_24,geo_cov_urb,2019,48.706
pse,sex_t,age_aggregate_y15_24,geo_cov_urb,2020,53.318
pse,sex_t,age_aggregate_y15_24,geo_cov_urb,2021,48.955
pse,sex_t,age_aggregate_y15_24,geo_cov_urb,2022,43.165
pse,sex_t,age_aggregate_y15_24,geo_cov_x,2012,53.314
pse,sex_t,age_aggregate_y15_24,geo_cov_x,2013,55.097
pse,sex_t,age_aggregate_y15_24,geo_cov_x,2014,62.025
pse,sex_t,age_aggregate_y15_24,geo_cov_x,2015,63.004
pse,sex_t,age_aggregate_y15_24,geo_cov_x,2016,60.011
pse,sex_t,age_aggregate_y15_24,geo_cov_x,2017,61.452
pse,sex_t,age_aggregate_y15_24,geo_cov_x,2018,61.603
pse,sex_t,age_aggregate_y15_24,geo_cov_x,2019,65.446
pse,sex_t,age_aggregate_y15_24,geo_cov_x,2020,69.215
pse,sex_t,age_aggregate_y15_24,geo_cov_x,2021,65.823
pse,sex_t,age_aggregate_y15_24,geo_cov_x,2022,57.051
pse,sex_t,age_aggregate_y25_54,geo_cov_nat,2012,18.516
pse,sex_t,age_aggregate_y25_54,geo_cov_nat,2013,18.484
pse,sex_t,age_aggregate_y25_54,geo_cov_nat,2014,22.851
pse,sex_t,age_aggregate_y25_54,geo_cov_nat,2015,26.22
pse,sex_t,age_aggregate_y25_54,geo_cov_nat,2016,26.577
pse,sex_t,age_aggregate_y25_54,geo_cov_nat,2017,26.881
pse,sex_t,age_aggregate_y25_54,geo_cov_nat,2018,29.825
pse,sex_t,age_aggregate_y25_54,geo_cov_nat,2019,28.581
pse,sex_t,age_aggregate_y25_54,geo_cov_nat,2020,32.104
pse,sex_t,age_aggregate_y25_54,geo_cov_nat,2021,29.748
pse,sex_t,age_aggregate_y25_54,geo_cov_nat,2022,27.734
pse,sex_t,age_aggregate_y25_54,geo_cov_rur,2012,16.701
pse,sex_t,age_aggregate_y25_54,geo_cov_rur,2013,13.681
pse,sex_t,age_aggregate_y25_54,geo_cov_rur,2014,15.016
pse,sex_t,age_aggregate_y25_54,geo_cov_rur,2015,17.405
pse,sex_t,age_aggregate_y25_54,geo_cov_rur,2016,17.433
pse,sex_t,age_aggregate_y25_54,geo_cov_rur,2017,17.709
pse,sex_t,age_aggregate_y25_54,geo_cov_rur,2018,17.965
pse,sex_t,age_aggregate_y25_54,geo_cov_rur,2019,14.31
pse,sex_t,age_aggregate_y25_54,geo_cov_rur,2020,16.969
pse,sex_t,age_aggregate_y25_54,geo_cov_rur,2021,13.318
pse,sex_t,age_aggregate_y25_54,geo_cov_rur,2022,12.517
pse,sex_t,age_aggregate_y25_54,geo_cov_urb,2012,18.484
pse,sex_t,age_aggregate_y25_54,geo_cov_urb,2013,18.972
pse,sex_t,age_aggregate_y25_54,geo_cov_urb,2014,23.765
pse,sex_t,age_aggregate_y25_54,geo_cov_urb,2015,27.203
pse,sex_t,age_aggregate_y25_54,geo_cov_urb,2016,27.487
pse,sex_t,age_aggregate_y25_54,geo_cov_urb,2017,27.811
pse,sex_t,age_aggregate_y25_54,geo_cov_urb,2018,30.688
pse,sex_t,age_aggregate_y25_54,geo_cov_urb,2019,29.842
pse,sex_t,age_aggregate_y25_54,geo_cov_urb,2020,33.449
pse,sex_t,age_aggregate_y25_54,geo_cov_urb,2021,31.36
pse,sex_t,age_aggregate_y25_54,geo_cov_urb,2022,29.057
pse,sex_t,age_aggregate_y25_54,geo_cov_x,2012,22.354
pse,sex_t,age_aggregate_y25_54,geo_cov_x,2013,24.392
pse,sex_t,age_aggregate_y25_54,geo_cov_x,2014,31.263
pse,sex_t,age_aggregate_y25_54,geo_cov_x,2015,35.066
pse,sex_t,age_aggregate_y25_54,geo_cov_x,2016,36.329
pse,sex_t,age_aggregate_y25_54,geo_cov_x,2017,36.204
pse,sex_t,age_aggregate_y25_54,geo_cov_x,2018,43.641
pse,sex_t,age_aggregate_y25_54,geo_cov_x,2019,42.815
pse,sex_t,age_aggregate_y25_54,geo_cov_x,2020,46.812
pse,sex_t,age_aggregate_y25_54,geo_cov_x,2021,43.71
pse,sex_t,age_aggregate_y25_54,geo_cov_x,2022,42.841
pse,sex_t,age_aggregate_y55_64,geo_cov_nat,2012,10.798
pse,sex_t,age_aggregate_y55_64,geo_cov_nat,2013,10.758
pse,sex_t,age_aggregate_y55_64,geo_cov_nat,2014,13.049
pse,sex_t,age_aggregate_y55_64,geo_cov_nat,2015,17.103
pse,sex_t,age_aggregate_y55_64,geo_cov_nat,2016,16.479
pse,sex_t,age_aggregate_y55_64,geo_cov_nat,2017,17.158
pse,sex_t,age_aggregate_y55_64,geo_cov_nat,2018,15.372
pse,sex_t,age_aggregate_y55_64,geo_cov_nat,2019,14.84
pse,sex_t,age_aggregate_y55_64,geo_cov_nat,2020,16.724
pse,sex_t,age_aggregate_y55_64,geo_cov_nat,2021,16.155
pse,sex_t,age_aggregate_y55_64,geo_cov_nat,2022,14.319
pse,sex_t,age_aggregate_y55_64,geo_cov_rur,2012,10.383
pse,sex_t,age_aggregate_y55_64,geo_cov_rur,2013,10.526
pse,sex_t,age_aggregate_y55_64,geo_cov_rur,2014,9.334
pse,sex_t,age_aggregate_y55_64,geo_cov_rur,2015,12.803
pse,sex_t,age_aggregate_y55_64,geo_cov_rur,2016,14.757
pse,sex_t,age_aggregate_y55_64,geo_cov_rur,2017,12.316
pse,sex_t,age_aggregate_y55_64,geo_cov_rur,2018,15.448
pse,sex_t,age_aggregate_y55_64,geo_cov_rur,2019,8.53
pse,sex_t,age_aggregate_y55_64,geo_cov_rur,2020,9.446
pse,sex_t,age_aggregate_y55_64,geo_cov_rur,2021,9.434
pse,sex_t,age_aggregate_y55_64,geo_cov_rur,2022,9.299
pse,sex_t,age_aggregate_y55_64,geo_cov_urb,2012,10.725
pse,sex_t,age_aggregate_y55_64,geo_cov_urb,2013,10.373
pse,sex_t,age_aggregate_y55_64,geo_cov_urb,2014,13.497
pse,sex_t,age_aggregate_y55_64,geo_cov_urb,2015,16.97
pse,sex_t,age_aggregate_y55_64,geo_cov_urb,2016,16.037
pse,sex_t,age_aggregate_y55_64,geo_cov_urb,2017,17.891
pse,sex_t,age_aggregate_y55_64,geo_cov_urb,2018,14.115
pse,sex_t,age_aggregate_y55_64,geo_cov_urb,2019,15.498
pse,sex_t,age_aggregate_y55_64,geo_cov_urb,2020,17.089
pse,sex_t,age_aggregate_y55_64,geo_cov_urb,2021,17.146
pse,sex_t,age_aggregate_y55_64,geo_cov_urb,2022,14.706
pse,sex_t,age_aggregate_y55_64,geo_cov_x,2012,12.895
pse,sex_t,age_aggregate_y55_64,geo_cov_x,2013,15.834
pse,sex_t,age_aggregate_y55_64,geo_cov_x,2014,18.038
pse,sex_t,age_aggregate_y55_64,geo_cov_x,2015,30.229
pse,sex_t,age_aggregate_y55_64,geo_cov_x,2016,23.802
pse,sex_t,age_aggregate_y55_64,geo_cov_x,2017,21.759
pse,sex_t,age_aggregate_y55_64,geo_cov_x,2018,28.704
pse,sex_t,age_aggregate_y55_64,geo_cov_x,2019,24.786
pse,sex_t,age_aggregate_y55_64,geo_cov_x,2020,30.648
pse,sex_t,age_aggregate_y55_64,geo_cov_x,2021,21.911
pse,sex_t,age_aggregate_y55_64,geo_cov_x,2022,22.517
pse,sex_t,age_aggregate_yge65,geo_cov_nat,2012,2.727
pse,sex_t,age_aggregate_yge65,geo_cov_nat,2013,3.11
pse,sex_t,age_aggregate_yge65,geo_cov_nat,2014,2.866
pse,sex_t,age_aggregate_yge65,geo_cov_nat,2015,9.662
pse,sex_t,age_aggregate_yge65,geo_cov_nat,2016,8.69
pse,sex_t,age_aggregate_yge65,geo_cov_nat,2017,7.536
pse,sex_t,age_aggregate_yge65,geo_cov_nat,2018,5.038
pse,sex_t,age_aggregate_yge65,geo_cov_nat,2019,5.149
pse,sex_t,age_aggregate_yge65,geo_cov_nat,2020,7.785
pse,sex_t,age_aggregate_yge65,geo_cov_nat,2021,9.16
pse,sex_t,age_aggregate_yge65,geo_cov_nat,2022,8.111
pse,sex_t,age_aggregate_yge65,geo_cov_rur,2015,4.902
pse,sex_t,age_aggregate_yge65,geo_cov_rur,2016,5.455
pse,sex_t,age_aggregate_yge65,geo_cov_rur,2018,4.069
pse,sex_t,age_aggregate_yge65,geo_cov_rur,2019,4.788
pse,sex_t,age_aggregate_yge65,geo_cov_rur,2020,6.447
pse,sex_t,age_aggregate_yge65,geo_cov_urb,2012,2.747
pse,sex_t,age_aggregate_yge65,geo_cov_urb,2013,3.174
pse,sex_t,age_aggregate_yge65,geo_cov_urb,2014,3.12
pse,sex_t,age_aggregate_yge65,geo_cov_urb,2015,10.726
pse,sex_t,age_aggregate_yge65,geo_cov_urb,2016,9.688
pse,sex_t,age_aggregate_yge65,geo_cov_urb,2017,7.814
pse,sex_t,age_aggregate_yge65,geo_cov_urb,2018,4.544
pse,sex_t,age_aggregate_yge65,geo_cov_urb,2019,5.421
pse,sex_t,age_aggregate_yge65,geo_cov_urb,2020,8.071
pse,sex_t,age_aggregate_yge65,geo_cov_urb,2021,11.69
pse,sex_t,age_aggregate_yge65,geo_cov_urb,2022,9.858
pse,sex_t,age_ythadult_y15_24,geo_cov_nat,2012,39.023
pse,sex_t,age_ythadult_y15_24,geo_cov_nat,2013,41.272
pse,sex_t,age_ythadult_y15_24,geo_cov_nat,2014,44.14
pse,sex_t,age_ythadult_y15_24,geo_cov_nat,2015,46.223
pse,sex_t,age_ythadult_y15_24,geo_cov_nat,2016,45.669
pse,sex_t,age_ythadult_y15_24,geo_cov_nat,2017,46.685
pse,sex_t,age_ythadult_y15_24,geo_cov_nat,2018,48.542
pse,sex_t,age_ythadult_y15_24,geo_cov_nat,2019,46.364
pse,sex_t,age_ythadult_y15_24,geo_cov_nat,2020,51.965
pse,sex_t,age_ythadult_y15_24,geo_cov_nat,2021,47.579
pse,sex_t,age_ythadult_y15_24,geo_cov_nat,2022,41.453
pse,sex_t,age_ythadult_y15_24,geo_cov_rur,2012,29.681
pse,sex_t,age_ythadult_y15_24,geo_cov_rur,2013,31.783
pse,sex_t,age_ythadult_y15_24,geo_cov_rur,2014,30.914
pse,sex_t,age_ythadult_y15_24,geo_cov_rur,2015,33.385
pse,sex_t,age_ythadult_y15_24,geo_cov_rur,2016,36.995
pse,sex_t,age_ythadult_y15_24,geo_cov_rur,2017,34.559
pse,sex_t,age_ythadult_y15_24,geo_cov_rur,2018,30.493
pse,sex_t,age_ythadult_y15_24,geo_cov_rur,2019,23.79
pse,sex_t,age_ythadult_y15_24,geo_cov_rur,2020,33.249
pse,sex_t,age_ythadult_y15_24,geo_cov_rur,2021,30.254
pse,sex_t,age_ythadult_y15_24,geo_cov_rur,2022,26.412
pse,sex_t,age_ythadult_y15_24,geo_cov_urb,2012,39.718
pse,sex_t,age_ythadult_y15_24,geo_cov_urb,2013,42.055
pse,sex_t,age_ythadult_y15_24,geo_cov_urb,2014,45.418
pse,sex_t,age_ythadult_y15_24,geo_cov_urb,2015,47.009
pse,sex_t,age_ythadult_y15_24,geo_cov_urb,2016,45.677
pse,sex_t,age_ythadult_y15_24,geo_cov_urb,2017,47.349
pse,sex_t,age_ythadult_y15_24,geo_cov_urb,2018,50.811
pse,sex_t,age_ythadult_y15_24,geo_cov_urb,2019,48.706
pse,sex_t,age_ythadult_y15_24,geo_cov_urb,2020,53.318
pse,sex_t,age_ythadult_y15_24,geo_cov_urb,2021,48.955
pse,sex_t,age_ythadult_y15_24,geo_cov_urb,2022,43.165
pse,sex_t,age_ythadult_y15_24,geo_cov_x,2012,53.314
pse,sex_t,age_ythadult_y15_24,geo_cov_x,2013,55.097
pse,sex_t,age_ythadult_y15_24,geo_cov_x,2014,62.025
pse,sex_t,age_ythadult_y15_24,geo_cov_x,2015,63.004
pse,sex_t,age_ythadult_y15_24,geo_cov_x,2016,60.011
pse,sex_t,age_ythadult_y15_24,geo_cov_x,2017,61.452
pse,sex_t,age_ythadult_y15_24,geo_cov_x,2018,61.603
pse,sex_t,age_ythadult_y15_24,geo_cov_x,2019,65.446
pse,sex_t,age_ythadult_y15_24,geo_cov_x,2020,69.215
pse,sex_t,age_ythadult_y15_24,geo_cov_x,2021,65.823
pse,sex_t,age_ythadult_y15_24,geo_cov_x,2022,57.051
pse,sex_t,age_ythadult_y15_64,geo_cov_nat,2012,23.072
pse,sex_t,age_ythadult_y15_64,geo_cov_nat,2013,23.486
pse,sex_t,age_ythadult_y15_64,geo_cov_nat,2014,27.492
pse,sex_t,age_ythadult_y15_64,geo_cov_nat,2015,30.831
pse,sex_t,age_ythadult_y15_64,geo_cov_nat,2016,30.832
pse,sex_t,age_ythadult_y15_64,geo_cov_nat,2017,31.241
pse,sex_t,age_ythadult_y15_64,geo_cov_nat,2018,33.511
pse,sex_t,age_ythadult_y15_64,geo_cov_nat,2019,31.86
pse,sex_t,age_ythadult_y15_64,geo_cov_nat,2020,35.531
pse,sex_t,age_ythadult_y15_64,geo_cov_nat,2021,32.771
pse,sex_t,age_ythadult_y15_64,geo_cov_nat,2022,29.894
pse,sex_t,age_ythadult_y15_64,geo_cov_rur,2012,19.641
pse,sex_t,age_ythadult_y15_64,geo_cov_rur,2013,17.984
pse,sex_t,age_ythadult_y15_64,geo_cov_rur,2014,18.7
pse,sex_t,age_ythadult_y15_64,geo_cov_rur,2015,21.133
pse,sex_t,age_ythadult_y15_64,geo_cov_rur,2016,22.022
pse,sex_t,age_ythadult_y15_64,geo_cov_rur,2017,21.345
pse,sex_t,age_ythadult_y15_64,geo_cov_rur,2018,20.809
pse,sex_t,age_ythadult_y15_64,geo_cov_rur,2019,16.094
pse,sex_t,age_ythadult_y15_64,geo_cov_rur,2020,19.78
pse,sex_t,age_ythadult_y15_64,geo_cov_rur,2021,16.715
pse,sex_t,age_ythadult_y15_64,geo_cov_rur,2022,15.52
pse,sex_t,age_ythadult_y15_64,geo_cov_urb,2012,23.14
pse,sex_t,age_ythadult_y15_64,geo_cov_urb,2013,23.897
pse,sex_t,age_ythadult_y15_64,geo_cov_urb,2014,28.406
pse,sex_t,age_ythadult_y15_64,geo_cov_urb,2015,31.699
pse,sex_t,age_ythadult_y15_64,geo_cov_urb,2016,31.469
pse,sex_t,age_ythadult_y15_64,geo_cov_urb,2017,32.13
pse,sex_t,age_ythadult_y15_64,geo_cov_urb,2018,34.59
pse,sex_t,age_ythadult_y15_64,geo_cov_urb,2019,33.306
pse,sex_t,age_ythadult_y15_64,geo_cov_urb,2020,36.851
pse,sex_t,age_ythadult_y15_64,geo_cov_urb,2021,34.299
pse,sex_t,age_ythadult_y15_64,geo_cov_urb,2022,31.231
pse,sex_t,age_ythadult_y15_64,geo_cov_x,2012,29.541
pse,sex_t,age_ythadult_y15_64,geo_cov_x,2013,31.593
pse,sex_t,age_ythadult_y15_64,geo_cov_x,2014,38.124
pse,sex_t,age_ythadult_y15_64,geo_cov_x,2015,42.197
pse,sex_t,age_ythadult_y15_64,geo_cov_x,2016,41.918
pse,sex_t,age_ythadult_y15_64,geo_cov_x,2017,41.969
pse,sex_t,age_ythadult_y15_64,geo_cov_x,2018,47.323
pse,sex_t,age_ythadult_y15_64,geo_cov_x,2019,47.56
pse,sex_t,age_ythadult_y15_64,geo_cov_x,2020,51.29
pse,sex_t,age_ythadult_y15_64,geo_cov_x,2021,47.396
pse,sex_t,age_ythadult_y15_64,geo_cov_x,2022,44.662
pse,sex_t,age_ythadult_yge15,geo_cov_nat,2012,22.816
pse,sex_t,age_ythadult_yge15,geo_cov_nat,2013,23.265
pse,sex_t,age_ythadult_yge15,geo_cov_nat,2014,27.187
pse,sex_t,age_ythadult_yge15,geo_cov_nat,2015,30.618
pse,sex_t,age_ythadult_yge15,geo_cov_nat,2016,30.658
pse,sex_t,age_ythadult_yge15,geo_cov_nat,2017,31.074
pse,sex_t,age_ythadult_yge15,geo_cov_nat,2018,33.291
pse,sex_t,age_ythadult_yge15,geo_cov_nat,2019,31.602
pse,sex_t,age_ythadult_yge15,geo_cov_nat,2020,35.257
pse,sex_t,age_ythadult_yge15,geo_cov_nat,2021,32.555
pse,sex_t,age_ythadult_yge15,geo_cov_nat,2022,29.668
pse,sex_t,age_ythadult_yge15,geo_cov_rur,2012,19.363
pse,sex_t,age_ythadult_yge15,geo_cov_rur,2013,17.809
pse,sex_t,age_ythadult_yge15,geo_cov_rur,2014,18.444
pse,sex_t,age_ythadult_yge15,geo_cov_rur,2015,20.94
pse,sex_t,age_ythadult_yge15,geo_cov_rur,2016,21.84
pse,sex_t,age_ythadult_yge15,geo_cov_rur,2017,21.178
pse,sex_t,age_ythadult_yge15,geo_cov_rur,2018,20.659
pse,sex_t,age_ythadult_yge15,geo_cov_rur,2019,15.94
pse,sex_t,age_ythadult_yge15,geo_cov_rur,2020,19.587
pse,sex_t,age_ythadult_yge15,geo_cov_rur,2021,16.514
pse,sex_t,age_ythadult_yge15,geo_cov_rur,2022,15.334
pse,sex_t,age_ythadult_yge15,geo_cov_urb,2012,22.883
pse,sex_t,age_ythadult_yge15,geo_cov_urb,2013,23.66
pse,sex_t,age_ythadult_yge15,geo_cov_urb,2014,28.081
pse,sex_t,age_ythadult_yge15,geo_cov_urb,2015,31.483
pse,sex_t,age_ythadult_yge15,geo_cov_urb,2016,31.302
pse,sex_t,age_ythadult_yge15,geo_cov_urb,2017,31.969
pse,sex_t,age_ythadult_yge15,geo_cov_urb,2018,34.348
pse,sex_t,age_ythadult_yge15,geo_cov_urb,2019,33.042
pse,sex_t,age_ythadult_yge15,geo_cov_urb,2020,36.572
pse,sex_t,age_ythadult_yge15,geo_cov_urb,2021,34.101
pse,sex_t,age_ythadult_yge15,geo_cov_urb,2022,31.016
pse,sex_t,age_ythadult_yge15,geo_cov_x,2012,29.411
pse,sex_t,age_ythadult_yge15,geo_cov_x,2013,31.467
pse,sex_t,age_ythadult_yge15,geo_cov_x,2014,37.99
pse,sex_t,age_ythadult_yge15,geo_cov_x,2015,42.053
pse,sex_t,age_ythadult_yge15,geo_cov_x,2016,41.797
pse,sex_t,age_ythadult_yge15,geo_cov_x,2017,41.85
pse,sex_t,age_ythadult_yge15,geo_cov_x,2018,47.247
pse,sex_t,age_ythadult_yge15,geo_cov_x,2019,47.369
pse,sex_t,age_ythadult_yge15,geo_cov_x,2020,51.145
pse,sex_t,age_ythadult_yge15,geo_cov_x,2021,47.179
pse,sex_t,age_ythadult_yge15,geo_cov_x,2022,44.49
pse,sex_t,age_ythadult_yge25,geo_cov_nat,2012,17.741
pse,sex_t,age_ythadult_yge25,geo_cov_nat,2013,17.761
pse,sex_t,age_ythadult_yge25,geo_cov_nat,2014,21.882
pse,sex_t,age_ythadult_yge25,geo_cov_nat,2015,25.351
pse,sex_t,age_ythadult_yge25,geo_cov_nat,2016,25.702
pse,sex_t,age_ythadult_yge25,geo_cov_nat,2017,26.022
pse,sex_t,age_ythadult_yge25,geo_cov_nat,2018,28.554
pse,sex_t,age_ythadult_yge25,geo_cov_nat,2019,27.273
pse,sex_t,age_ythadult_yge25,geo_cov_nat,2020,30.683
pse,sex_t,age_ythadult_yge25,geo_cov_nat,2021,28.495
pse,sex_t,age_ythadult_yge25,geo_cov_nat,2022,26.429
pse,sex_t,age_ythadult_yge25,geo_cov_rur,2012,15.989
pse,sex_t,age_ythadult_yge25,geo_cov_rur,2013,13.318
pse,sex_t,age_ythadult_yge25,geo_cov_rur,2014,14.401
pse,sex_t,age_ythadult_yge25,geo_cov_rur,2015,16.863
pse,sex_t,age_ythadult_yge25,geo_cov_rur,2016,17.05
pse,sex_t,age_ythadult_yge25,geo_cov_rur,2017,17.142
pse,sex_t,age_ythadult_yge25,geo_cov_rur,2018,17.605
pse,sex_t,age_ythadult_yge25,geo_cov_rur,2019,13.629
pse,sex_t,age_ythadult_yge25,geo_cov_rur,2020,16.134
pse,sex_t,age_ythadult_yge25,geo_cov_rur,2021,12.787
pse,sex_t,age_ythadult_yge25,geo_cov_rur,2022,12.052
pse,sex_t,age_ythadult_yge25,geo_cov_urb,2012,17.684
pse,sex_t,age_ythadult_yge25,geo_cov_urb,2013,18.15
pse,sex_t,age_ythadult_yge25,geo_cov_urb,2014,22.698
pse,sex_t,age_ythadult_yge25,geo_cov_urb,2015,26.235
pse,sex_t,age_ythadult_yge25,geo_cov_urb,2016,26.548
pse,sex_t,age_ythadult_yge25,geo_cov_urb,2017,26.936
pse,sex_t,age_ythadult_yge25,geo_cov_urb,2018,29.248
pse,sex_t,age_ythadult_yge25,geo_cov_urb,2019,28.509
pse,sex_t,age_ythadult_yge25,geo_cov_urb,2020,31.979
pse,sex_t,age_ythadult_yge25,geo_cov_urb,2021,30.1
pse,sex_t,age_ythadult_yge25,geo_cov_urb,2022,27.701
pse,sex_t,age_ythadult_yge25,geo_cov_x,2012,21.798
pse,sex_t,age_ythadult_yge25,geo_cov_x,2013,23.862
pse,sex_t,age_ythadult_yge25,geo_cov_x,2014,30.572
pse,sex_t,age_ythadult_yge25,geo_cov_x,2015,34.672
pse,sex_t,age_ythadult_yge25,geo_cov_x,2016,35.398
pse,sex_t,age_ythadult_yge25,geo_cov_x,2017,35.245
pse,sex_t,age_ythadult_yge25,geo_cov_x,2018,42.687
pse,sex_t,age_ythadult_yge25,geo_cov_x,2019,41.479
pse,sex_t,age_ythadult_yge25,geo_cov_x,2020,45.595
pse,sex_t,age_ythadult_yge25,geo_cov_x,2021,42.037
pse,sex_t,age_ythadult_yge25,geo_cov_x,2022,41.305
rou,sex_f,age_aggregate_total,geo_cov_nat,2009,11.495
rou,sex_f,age_aggregate_total,geo_cov_nat,2010,11.601
rou,sex_f,age_aggregate_total,geo_cov_nat,2011,11.655
rou,sex_f,age_aggregate_total,geo_cov_nat,2012,10.849
rou,sex_f,age_aggregate_total,geo_cov_nat,2013,10.777
rou,sex_f,age_aggregate_total,geo_cov_nat,2014,10.173
rou,sex_f,age_aggregate_total,geo_cov_nat,2015,10.389
rou,sex_f,age_aggregate_total,geo_cov_nat,2016,9.418
rou,sex_f,age_aggregate_total,geo_cov_nat,2017,7.748
rou,sex_f,age_aggregate_total,geo_cov_nat,2018,6.714
rou,sex_f,age_aggregate_total,geo_cov_nat,2019,4.873
rou,sex_f,age_aggregate_total,geo_cov_nat,2020,6.399
rou,sex_f,age_aggregate_total,geo_cov_nat,2021,8.32
rou,sex_f,age_aggregate_total,geo_cov_nat,2022,8.004
rou,sex_f,age_aggregate_total,geo_cov_nat,2023,8.24
rou,sex_f,age_aggregate_total,geo_cov_nat,2024,8.579
rou,sex_f,age_aggregate_total,geo_cov_rur,2009,11.977
rou,sex_f,age_aggregate_total,geo_cov_rur,2010,12.24
rou,sex_f,age_aggregate_total,geo_cov_rur,2011,12.909
rou,sex_f,age_aggregate_total,geo_cov_rur,2012,10.481
rou,sex_f,age_aggregate_total,geo_cov_rur,2013,10.063
rou,sex_f,age_aggregate_total,geo_cov_rur,2014,10.281
rou,sex_f,age_aggregate_total,geo_cov_rur,2015,11.3
rou,sex_f,age_aggregate_total,geo_cov_rur,2016,11.588
rou,sex_f,age_aggregate_total,geo_cov_rur,2017,10.159
rou,sex_f,age_aggregate_total,geo_cov_rur,2018,8.351
rou,sex_f,age_aggregate_total,geo_cov_rur,2019,6.262
rou,sex_f,age_aggregate_total,geo_cov_rur,2020,7.974
rou,sex_f,age_aggregate_total,geo_cov_rur,2021,14.092
rou,sex_f,age_aggregate_total,geo_cov_rur,2022,13.725
rou,sex_f,age_aggregate_total,geo_cov_rur,2023,13.601
rou,sex_f,age_aggregate_total,geo_cov_rur,2024,14.116
rou,sex_f,age_aggregate_total,geo_cov_urb,2009,10.807
rou,sex_f,age_aggregate_total,geo_cov_urb,2010,10.662
rou,sex_f,age_aggregate_total,geo_cov_urb,2011,9.833
rou,sex_f,age_aggregate_total,geo_cov_urb,2012,11.104
rou,sex_f,age_aggregate_total,geo_cov_urb,2013,11.264
rou,sex_f,age_aggregate_total,geo_cov_urb,2014,10.1
rou,sex_f,age_aggregate_total,geo_cov_urb,2015,9.793
rou,sex_f,age_aggregate_total,geo_cov_urb,2016,8.007
rou,sex_f,age_aggregate_total,geo_cov_urb,2017,6.302
rou,sex_f,age_aggregate_total,geo_cov_urb,2018,5.77
rou,sex_f,age_aggregate_total,geo_cov_urb,2019,4.094
rou,sex_f,age_aggregate_total,geo_cov_urb,2020,5.546
rou,sex_f,age_aggregate_total,geo_cov_urb,2021,5.82
rou,sex_f,age_aggregate_total,geo_cov_urb,2022,5.489
rou,sex_f,age_aggregate_total,geo_cov_urb,2023,5.586
rou,sex_f,age_aggregate_total,geo_cov_urb,2024,5.933
rou,sex_f,age_aggregate_y15_24,geo_cov_nat,2009,32.729
rou,sex_f,age_aggregate_y15_24,geo_cov_nat,2010,35.013
rou,sex_f,age_aggregate_y15_24,geo_cov_nat,2011,35.009
rou,sex_f,age_aggregate_y15_24,geo_cov_nat,2012,32.67
rou,sex_f,age_aggregate_y15_24,geo_cov_nat,2013,34.2
rou,sex_f,age_aggregate_y15_24,geo_cov_nat,2014,34.502
rou,sex_f,age_aggregate_y15_24,geo_cov_nat,2015,33.059
rou,sex_f,age_aggregate_y15_24,geo_cov_nat,2016,32.383
rou,sex_f,age_aggregate_y15_24,geo_cov_nat,2017,26.917
rou,sex_f,age_aggregate_y15_24,geo_cov_nat,2018,23.75
rou,sex_f,age_aggregate_y15_24,geo_cov_nat,2019,21.169
rou,sex_f,age_aggregate_y15_24,geo_cov_nat,2020,22.008
rou,sex_f,age_aggregate_y15_24,geo_cov_nat,2021,28.283
rou,sex_f,age_aggregate_y15_24,geo_cov_nat,2022,31.542
rou,sex_f,age_aggregate_y15_24,geo_cov_nat,2023,30.273
rou,sex_f,age_aggregate_y15_24,geo_cov_nat,2024,32.954
rou,sex_f,age_aggregate_y15_24,geo_cov_rur,2009,32.749
rou,sex_f,age_aggregate_y15_24,geo_cov_rur,2010,35.143
rou,sex_f,age_aggregate_y15_24,geo_cov_rur,2011,35.628
rou,sex_f,age_aggregate_y15_24,geo_cov_rur,2012,29.631
rou,sex_f,age_aggregate_y15_24,geo_cov_rur,2013,28.1
rou,sex_f,age_aggregate_y15_24,geo_cov_rur,2014,32.388
rou,sex_f,age_aggregate_y15_24,geo_cov_rur,2015,31.273
rou,sex_f,age_aggregate_y15_24,geo_cov_rur,2016,33.67
rou,sex_f,age_aggregate_y15_24,geo_cov_rur,2017,28.303
rou,sex_f,age_aggregate_y15_24,geo_cov_rur,2018,23.276
rou,sex_f,age_aggregate_y15_24,geo_cov_rur,2019,21.008
rou,sex_f,age_aggregate_y15_24,geo_cov_rur,2020,22.24
rou,sex_f,age_aggregate_y15_24,geo_cov_rur,2021,32.287
rou,sex_f,age_aggregate_y15_24,geo_cov_rur,2022,35.45
rou,sex_f,age_aggregate_y15_24,geo_cov_rur,2023,31.107
rou,sex_f,age_aggregate_y15_24,geo_cov_rur,2024,36.018
rou,sex_f,age_aggregate_y15_24,geo_cov_urb,2009,32.688
rou,sex_f,age_aggregate_y15_24,geo_cov_urb,2010,34.719
rou,sex_f,age_aggregate_y15_24,geo_cov_urb,2011,33.556
rou,sex_f,age_aggregate_y15_24,geo_cov_urb,2012,35.773
rou,sex_f,age_aggregate_y15_24,geo_cov_urb,2013,40.779
rou,sex_f,age_aggregate_y15_24,geo_cov_urb,2014,37.081
rou,sex_f,age_aggregate_y15_24,geo_cov_urb,2015,35.211
rou,sex_f,age_aggregate_y15_24,geo_cov_urb,2016,30.556
rou,sex_f,age_aggregate_y15_24,geo_cov_urb,2017,25.079
rou,sex_f,age_aggregate_y15_24,geo_cov_urb,2018,24.377
rou,sex_f,age_aggregate_y15_24,geo_cov_urb,2019,21.375
rou,sex_f,age_aggregate_y15_24,geo_cov_urb,2020,21.734
rou,sex_f,age_aggregate_y15_24,geo_cov_urb,2021,24.373
rou,sex_f,age_aggregate_y15_24,geo_cov_urb,2022,27.67
rou,sex_f,age_aggregate_y15_24,geo_cov_urb,2023,29.435
rou,sex_f,age_aggregate_y15_24,geo_cov_urb,2024,29.609
rou,sex_f,age_aggregate_y25_54,geo_cov_nat,2009,10.399
rou,sex_f,age_aggregate_y25_54,geo_cov_nat,2010,10.717
rou,sex_f,age_aggregate_y25_54,geo_cov_nat,2011,10.833
rou,sex_f,age_aggregate_y25_54,geo_cov_nat,2012,10.173
rou,sex_f,age_aggregate_y25_54,geo_cov_nat,2013,10.046
rou,sex_f,age_aggregate_y25_54,geo_cov_nat,2014,9.453
rou,sex_f,age_aggregate_y25_54,geo_cov_nat,2015,9.44
rou,sex_f,age_aggregate_y25_54,geo_cov_nat,2016,8.554
rou,sex_f,age_aggregate_y25_54,geo_cov_nat,2017,6.829
rou,sex_f,age_aggregate_y25_54,geo_cov_nat,2018,6.024
rou,sex_f,age_aggregate_y25_54,geo_cov_nat,2019,4.039
rou,sex_f,age_aggregate_y25_54,geo_cov_nat,2020,5.635
rou,sex_f,age_aggregate_y25_54,geo_cov_nat,2021,7.075
rou,sex_f,age_aggregate_y25_54,geo_cov_nat,2022,6.632
rou,sex_f,age_aggregate_y25_54,geo_cov_nat,2023,7.114
rou,sex_f,age_aggregate_y25_54,geo_cov_nat,2024,7.204
rou,sex_f,age_aggregate_y25_54,geo_cov_rur,2009,11.533
rou,sex_f,age_aggregate_y25_54,geo_cov_rur,2010,12.17
rou,sex_f,age_aggregate_y25_54,geo_cov_rur,2011,12.882
rou,sex_f,age_aggregate_y25_54,geo_cov_rur,2012,11.122
rou,sex_f,age_aggregate_y25_54,geo_cov_rur,2013,10.873
rou,sex_f,age_aggregate_y25_54,geo_cov_rur,2014,10.676
rou,sex_f,age_aggregate_y25_54,geo_cov_rur,2015,11.161
rou,sex_f,age_aggregate_y25_54,geo_cov_rur,2016,11.126
rou,sex_f,age_aggregate_y25_54,geo_cov_rur,2017,9.68
rou,sex_f,age_aggregate_y25_54,geo_cov_rur,2018,8.006
rou,sex_f,age_aggregate_y25_54,geo_cov_rur,2019,5.431
rou,sex_f,age_aggregate_y25_54,geo_cov_rur,2020,7.436
rou,sex_f,age_aggregate_y25_54,geo_cov_rur,2021,12.454
rou,sex_f,age_aggregate_y25_54,geo_cov_rur,2022,11.758
rou,sex_f,age_aggregate_y25_54,geo_cov_rur,2023,12.002
rou,sex_f,age_aggregate_y25_54,geo_cov_rur,2024,12.201
rou,sex_f,age_aggregate_y25_54,geo_cov_urb,2009,9.122
rou,sex_f,age_aggregate_y25_54,geo_cov_urb,2010,9.037
rou,sex_f,age_aggregate_y25_54,geo_cov_urb,2011,8.472
rou,sex_f,age_aggregate_y25_54,geo_cov_urb,2012,9.674
rou,sex_f,age_aggregate_y25_54,geo_cov_urb,2013,9.618
rou,sex_f,age_aggregate_y25_54,geo_cov_urb,2014,8.833
rou,sex_f,age_aggregate_y25_54,geo_cov_urb,2015,8.532
rou,sex_f,age_aggregate_y25_54,geo_cov_urb,2016,7.175
rou,sex_f,age_aggregate_y25_54,geo_cov_urb,2017,5.416
rou,sex_f,age_aggregate_y25_54,geo_cov_urb,2018,5.087
rou,sex_f,age_aggregate_y25_54,geo_cov_urb,2019,3.387
rou,sex_f,age_aggregate_y25_54,geo_cov_urb,2020,4.819
rou,sex_f,age_aggregate_y25_54,geo_cov_urb,2021,4.945
rou,sex_f,age_aggregate_y25_54,geo_cov_urb,2022,4.556
rou,sex_f,age_aggregate_y25_54,geo_cov_urb,2023,4.805
rou,sex_f,age_aggregate_y25_54,geo_cov_urb,2024,4.978
rou,sex_f,age_aggregate_y55_64,geo_cov_nat,2009,4.396
rou,sex_f,age_aggregate_y55_64,geo_cov_nat,2010,4.709
rou,sex_f,age_aggregate_y55_64,geo_cov_nat,2011,4.592
rou,sex_f,age_aggregate_y55_64,geo_cov_nat,2012,4.566
rou,sex_f,age_aggregate_y55_64,geo_cov_nat,2013,4.787
rou,sex_f,age_aggregate_y55_64,geo_cov_nat,2014,4.23
rou,sex_f,age_aggregate_y55_64,geo_cov_nat,2015,5.564
rou,sex_f,age_aggregate_y55_64,geo_cov_nat,2016,5.227
rou,sex_f,age_aggregate_y55_64,geo_cov_nat,2017,4.701
rou,sex_f,age_aggregate_y55_64,geo_cov_nat,2018,3.605
rou,sex_f,age_aggregate_y55_64,geo_cov_nat,2019,3.077
rou,sex_f,age_aggregate_y55_64,geo_cov_nat,2020,4.534
rou,sex_f,age_aggregate_y55_64,geo_cov_nat,2021,6.614
rou,sex_f,age_aggregate_y55_64,geo_cov_nat,2022,6.239
rou,sex_f,age_aggregate_y55_64,geo_cov_nat,2023,6.442
rou,sex_f,age_aggregate_y55_64,geo_cov_nat,2024,5.723
rou,sex_f,age_aggregate_y55_64,geo_cov_rur,2009,3.824
rou,sex_f,age_aggregate_y55_64,geo_cov_rur,2010,3.428
rou,sex_f,age_aggregate_y55_64,geo_cov_rur,2011,4.022
rou,sex_f,age_aggregate_y55_64,geo_cov_rur,2012,3.069
rou,sex_f,age_aggregate_y55_64,geo_cov_rur,2013,2.595
rou,sex_f,age_aggregate_y55_64,geo_cov_rur,2014,1.928
rou,sex_f,age_aggregate_y55_64,geo_cov_rur,2015,4.106
rou,sex_f,age_aggregate_y55_64,geo_cov_rur,2016,4.47
rou,sex_f,age_aggregate_y55_64,geo_cov_rur,2017,3.835
rou,sex_f,age_aggregate_y55_64,geo_cov_rur,2018,3.412
rou,sex_f,age_aggregate_y55_64,geo_cov_rur,2019,3.12
rou,sex_f,age_aggregate_y55_64,geo_cov_rur,2020,4.285
rou,sex_f,age_aggregate_y55_64,geo_cov_rur,2021,10.829
rou,sex_f,age_aggregate_y55_64,geo_cov_rur,2022,11.37
rou,sex_f,age_aggregate_y55_64,geo_cov_rur,2023,13.567
rou,sex_f,age_aggregate_y55_64,geo_cov_rur,2024,9.699
rou,sex_f,age_aggregate_y55_64,geo_cov_urb,2009,6.113
rou,sex_f,age_aggregate_y55_64,geo_cov_urb,2010,8.335
rou,sex_f,age_aggregate_y55_64,geo_cov_urb,2011,6.058
rou,sex_f,age_aggregate_y55_64,geo_cov_urb,2012,6.528
rou,sex_f,age_aggregate_y55_64,geo_cov_urb,2013,7.391
rou,sex_f,age_aggregate_y55_64,geo_cov_urb,2014,6.845
rou,sex_f,age_aggregate_y55_64,geo_cov_urb,2015,6.896
rou,sex_f,age_aggregate_y55_64,geo_cov_urb,2016,5.843
rou,sex_f,age_aggregate_y55_64,geo_cov_urb,2017,5.296
rou,sex_f,age_aggregate_y55_64,geo_cov_urb,2018,3.733
rou,sex_f,age_aggregate_y55_64,geo_cov_urb,2019,3.049
rou,sex_f,age_aggregate_y55_64,geo_cov_urb,2020,4.688
rou,sex_f,age_aggregate_y55_64,geo_cov_urb,2021,4.87
rou,sex_f,age_aggregate_y55_64,geo_cov_urb,2022,4.046
rou,sex_f,age_aggregate_y55_64,geo_cov_urb,2023,3.342
rou,sex_f,age_aggregate_y55_64,geo_cov_urb,2024,3.979
rou,sex_f,age_aggregate_yge65,geo_cov_nat,2009,0.274
rou,sex_f,age_aggregate_yge65,geo_cov_nat,2010,0.12
rou,sex_f,age_aggregate_yge65,geo_cov_nat,2011,0.132
rou,sex_f,age_aggregate_yge65,geo_cov_nat,2012,0.295
rou,sex_f,age_aggregate_yge65,geo_cov_nat,2015,0.366
rou,sex_f,age_aggregate_yge65,geo_cov_nat,2016,0.232
rou,sex_f,age_aggregate_yge65,geo_cov_nat,2017,0.583
rou,sex_f,age_aggregate_yge65,geo_cov_nat,2018,0.443
rou,sex_f,age_aggregate_yge65,geo_cov_nat,2019,0.48
rou,sex_f,age_aggregate_yge65,geo_cov_nat,2020,0.636
rou,sex_f,age_aggregate_yge65,geo_cov_nat,2021,4.691
rou,sex_f,age_aggregate_yge65,geo_cov_nat,2022,4.974
rou,sex_f,age_aggregate_yge65,geo_cov_nat,2023,5.69
rou,sex_f,age_aggregate_yge65,geo_cov_nat,2024,12.601
rou,sex_f,age_aggregate_yge65,geo_cov_rur,2009,0.152
rou,sex_f,age_aggregate_yge65,geo_cov_rur,2011,0.134
rou,sex_f,age_aggregate_yge65,geo_cov_rur,2017,0.374
rou,sex_f,age_aggregate_yge65,geo_cov_rur,2019,0.28
rou,sex_f,age_aggregate_yge65,geo_cov_rur,2020,0.347
rou,sex_f,age_aggregate_yge65,geo_cov_rur,2021,4.036
rou,sex_f,age_aggregate_yge65,geo_cov_rur,2022,1.852
rou,sex_f,age_aggregate_yge65,geo_cov_rur,2023,3.684
rou,sex_f,age_aggregate_yge65,geo_cov_rur,2024,9.604
rou,sex_f,age_aggregate_yge65,geo_cov_urb,2009,20.589
rou,sex_f,age_aggregate_yge65,geo_cov_urb,2012,2.376
rou,sex_f,age_aggregate_yge65,geo_cov_urb,2015,1.726
rou,sex_f,age_aggregate_yge65,geo_cov_urb,2017,1.319
rou,sex_f,age_aggregate_yge65,geo_cov_urb,2018,1.392
rou,sex_f,age_aggregate_yge65,geo_cov_urb,2019,1.136
rou,sex_f,age_aggregate_yge65,geo_cov_urb,2020,1.741
rou,sex_f,age_aggregate_yge65,geo_cov_urb,2022,12.364
rou,sex_f,age_aggregate_yge65,geo_cov_urb,2023,9.589
rou,sex_f,age_aggregate_yge65,geo_cov_urb,2024,17.804
rou,sex_f,age_ythadult_y15_24,geo_cov_nat,2009,32.729
rou,sex_f,age_ythadult_y15_24,geo_cov_nat,2010,35.013
rou,sex_f,age_ythadult_y15_24,geo_cov_nat,2011,35.009
rou,sex_f,age_ythadult_y15_24,geo_cov_nat,2012,32.67
rou,sex_f,age_ythadult_y15_24,geo_cov_nat,2013,34.2
rou,sex_f,age_ythadult_y15_24,geo_cov_nat,2014,34.502
rou,sex_f,age_ythadult_y15_24,geo_cov_nat,2015,33.059
rou,sex_f,age_ythadult_y15_24,geo_cov_nat,2016,32.383
rou,sex_f,age_ythadult_y15_24,geo_cov_nat,2017,26.917
rou,sex_f,age_ythadult_y15_24,geo_cov_nat,2018,23.75
rou,sex_f,age_ythadult_y15_24,geo_cov_nat,2019,21.169
rou,sex_f,age_ythadult_y15_24,geo_cov_nat,2020,22.008
rou,sex_f,age_ythadult_y15_24,geo_cov_nat,2021,28.283
rou,sex_f,age_ythadult_y15_24,geo_cov_nat,2022,31.542
rou,sex_f,age_ythadult_y15_24,geo_cov_nat,2023,30.273
rou,sex_f,age_ythadult_y15_24,geo_cov_nat,2024,32.954
rou,sex_f,age_ythadult_y15_24,geo_cov_rur,2009,32.749
rou,sex_f,age_ythadult_y15_24,geo_cov_rur,2010,35.143
rou,sex_f,age_ythadult_y15_24,geo_cov_rur,2011,35.628
rou,sex_f,age_ythadult_y15_24,geo_cov_rur,2012,29.631
rou,sex_f,age_ythadult_y15_24,geo_cov_rur,2013,28.1
rou,sex_f,age_ythadult_y15_24,geo_cov_rur,2014,32.388
rou,sex_f,age_ythadult_y15_24,geo_cov_rur,2015,31.273
rou,sex_f,age_ythadult_y15_24,geo_cov_rur,2016,33.67
rou,sex_f,age_ythadult_y15_24,geo_cov_rur,2017,28.303
rou,sex_f,age_ythadult_y15_24,geo_cov_rur,2018,23.276
rou,sex_f,age_ythadult_y15_24,geo_cov_rur,2019,21.008
rou,sex_f,age_ythadult_y15_24,geo_cov_rur,2020,22.24
rou,sex_f,age_ythadult_y15_24,geo_cov_rur,2021,32.287
rou,sex_f,age_ythadult_y15_24,geo_cov_rur,2022,35.45
rou,sex_f,age_ythadult_y15_24,geo_cov_rur,2023,31.107
rou,sex_f,age_ythadult_y15_24,geo_cov_rur,2024,36.018
rou,sex_f,age_ythadult_y15_24,geo_cov_urb,2009,32.688
rou,sex_f,age_ythadult_y15_24,geo_cov_urb,2010,34.719
rou,sex_f,age_ythadult_y15_24,geo_cov_urb,2011,33.556
rou,sex_f,age_ythadult_y15_24,geo_cov_urb,2012,35.773
rou,sex_f,age_ythadult_y15_24,geo_cov_urb,2013,40.779
rou,sex_f,age_ythadult_y15_24,geo_cov_urb,2014,37.081
rou,sex_f,age_ythadult_y15_24,geo_cov_urb,2015,35.211
rou,sex_f,age_ythadult_y15_24,geo_cov_urb,2016,30.556
rou,sex_f,age_ythadult_y15_24,geo_cov_urb,2017,25.079
rou,sex_f,age_ythadult_y15_24,geo_cov_urb,2018,24.377
rou,sex_f,age_ythadult_y15_24,geo_cov_urb,2019,21.375
rou,sex_f,age_ythadult_y15_24,geo_cov_urb,2020,21.734
rou,sex_f,age_ythadult_y15_24,geo_cov_urb,2021,24.373
rou,sex_f,age_ythadult_y15_24,geo_cov_urb,2022,27.67
rou,sex_f,age_ythadult_y15_24,geo_cov_urb,2023,29.435
rou,sex_f,age_ythadult_y15_24,geo_cov_urb,2024,29.609
rou,sex_f,age_ythadult_y15_64,geo_cov_nat,2009,12.07
rou,sex_f,age_ythadult_y15_64,geo_cov_nat,2010,12.199
rou,sex_f,age_ythadult_y15_64,geo_cov_nat,2011,12.247
rou,sex_f,age_ythadult_y15_64,geo_cov_nat,2012,11.383
rou,sex_f,age_ythadult_y15_64,geo_cov_nat,2013,11.31
rou,sex_f,age_ythadult_y15_64,geo_cov_nat,2014,10.659
rou,sex_f,age_ythadult_y15_64,geo_cov_nat,2015,10.787
rou,sex_f,age_ythadult_y15_64,geo_cov_nat,2016,9.76
rou,sex_f,age_ythadult_y15_64,geo_cov_nat,2017,8.037
rou,sex_f,age_ythadult_y15_64,geo_cov_nat,2018,6.971
rou,sex_f,age_ythadult_y15_64,geo_cov_nat,2019,5.037
rou,sex_f,age_ythadult_y15_64,geo_cov_nat,2020,6.593
rou,sex_f,age_ythadult_y15_64,geo_cov_nat,2021,8.357
rou,sex_f,age_ythadult_y15_64,geo_cov_nat,2022,8.033
rou,sex_f,age_ythadult_y15_64,geo_cov_nat,2023,8.264
rou,sex_f,age_ythadult_y15_64,geo_cov_nat,2024,8.543
rou,sex_f,age_ythadult_y15_64,geo_cov_rur,2009,13.039
rou,sex_f,age_ythadult_y15_64,geo_cov_rur,2010,13.338
rou,sex_f,age_ythadult_y15_64,geo_cov_rur,2011,14.045
rou,sex_f,age_ythadult_y15_64,geo_cov_rur,2012,11.711
rou,sex_f,age_ythadult_y15_64,geo_cov_rur,2013,11.249
rou,sex_f,age_ythadult_y15_64,geo_cov_rur,2014,11.449
rou,sex_f,age_ythadult_y15_64,geo_cov_rur,2015,12.313
rou,sex_f,age_ythadult_y15_64,geo_cov_rur,2016,12.511
rou,sex_f,age_ythadult_y15_64,geo_cov_rur,2017,11.016
rou,sex_f,age_ythadult_y15_64,geo_cov_rur,2018,9.103
rou,sex_f,age_ythadult_y15_64,geo_cov_rur,2019,6.76
rou,sex_f,age_ythadult_y15_64,geo_cov_rur,2020,8.578
rou,sex_f,age_ythadult_y15_64,geo_cov_rur,2021,14.34
rou,sex_f,age_ythadult_y15_64,geo_cov_rur,2022,13.983
rou,sex_f,age_ythadult_y15_64,geo_cov_rur,2023,13.789
rou,sex_f,age_ythadult_y15_64,geo_cov_rur,2024,14.196
rou,sex_f,age_ythadult_y15_64,geo_cov_urb,2009,10.8
rou,sex_f,age_ythadult_y15_64,geo_cov_urb,2010,10.662
rou,sex_f,age_ythadult_y15_64,geo_cov_urb,2011,9.844
rou,sex_f,age_ythadult_y15_64,geo_cov_urb,2012,11.177
rou,sex_f,age_ythadult_y15_64,geo_cov_urb,2013,11.347
rou,sex_f,age_ythadult_y15_64,geo_cov_urb,2014,10.179
rou,sex_f,age_ythadult_y15_64,geo_cov_urb,2015,9.863
rou,sex_f,age_ythadult_y15_64,geo_cov_urb,2016,8.088
rou,sex_f,age_ythadult_y15_64,geo_cov_urb,2017,6.372
rou,sex_f,age_ythadult_y15_64,geo_cov_urb,2018,5.83
rou,sex_f,age_ythadult_y15_64,geo_cov_urb,2019,4.133
rou,sex_f,age_ythadult_y15_64,geo_cov_urb,2020,5.586
rou,sex_f,age_ythadult_y15_64,geo_cov_urb,2021,5.818
rou,sex_f,age_ythadult_y15_64,geo_cov_urb,2022,5.462
rou,sex_f,age_ythadult_y15_64,geo_cov_urb,2023,5.567
rou,sex_f,age_ythadult_y15_64,geo_cov_urb,2024,5.876
rou,sex_f,age_ythadult_yge15,geo_cov_nat,2009,11.495
rou,sex_f,age_ythadult_yge15,geo_cov_nat,2010,11.601
rou,sex_f,age_ythadult_yge15,geo_cov_nat,2011,11.655
rou,sex_f,age_ythadult_yge15,geo_cov_nat,2012,10.849
rou,sex_f,age_ythadult_yge15,geo_cov_nat,2013,10.777
rou,sex_f,age_ythadult_yge15,geo_cov_nat,2014,10.173
rou,sex_f,age_ythadult_yge15,geo_cov_nat,2015,10.389
rou,sex_f,age_ythadult_yge15,geo_cov_nat,2016,9.418
rou,sex_f,age_ythadult_yge15,geo_cov_nat,2017,7.748
rou,sex_f,age_ythadult_yge15,geo_cov_nat,2018,6.714
rou,sex_f,age_ythadult_yge15,geo_cov_nat,2019,4.873
rou,sex_f,age_ythadult_yge15,geo_cov_nat,2020,6.399
rou,sex_f,age_ythadult_yge15,geo_cov_nat,2021,8.32
rou,sex_f,age_ythadult_yge15,geo_cov_nat,2022,8.004
rou,sex_f,age_ythadult_yge15,geo_cov_nat,2023,8.24
rou,sex_f,age_ythadult_yge15,geo_cov_nat,2024,8.579
rou,sex_f,age_ythadult_yge15,geo_cov_rur,2009,11.977
rou,sex_f,age_ythadult_yge15,geo_cov_rur,2010,12.24
rou,sex_f,age_ythadult_yge15,geo_cov_rur,2011,12.909
rou,sex_f,age_ythadult_yge15,geo_cov_rur,2012,10.481
rou,sex_f,age_ythadult_yge15,geo_cov_rur,2013,10.063
rou,sex_f,age_ythadult_yge15,geo_cov_rur,2014,10.281
rou,sex_f,age_ythadult_yge15,geo_cov_rur,2015,11.3
rou,sex_f,age_ythadult_yge15,geo_cov_rur,2016,11.588
rou,sex_f,age_ythadult_yge15,geo_cov_rur,2017,10.159
rou,sex_f,age_ythadult_yge15,geo_cov_rur,2018,8.351
rou,sex_f,age_ythadult_yge15,geo_cov_rur,2019,6.262
rou,sex_f,age_ythadult_yge15,geo_cov_rur,2020,7.974
rou,sex_f,age_ythadult_yge15,geo_cov_rur,2021,14.092
rou,sex_f,age_ythadult_yge15,geo_cov_rur,2022,13.725
rou,sex_f,age_ythadult_yge15,geo_cov_rur,2023,13.601
rou,sex_f,age_ythadult_yge15,geo_cov_rur,2024,14.116
rou,sex_f,age_ythadult_yge15,geo_cov_urb,2009,10.807
rou,sex_f,age_ythadult_yge15,geo_cov_urb,2010,10.662
rou,sex_f,age_ythadult_yge15,geo_cov_urb,2011,9.833
rou,sex_f,age_ythadult_yge15,geo_cov_urb,2012,11.104
rou,sex_f,age_ythadult_yge15,geo_cov_urb,2013,11.264
rou,sex_f,age_ythadult_yge15,geo_cov_urb,2014,10.1
rou,sex_f,age_ythadult_yge15,geo_cov_urb,2015,9.793
rou,sex_f,age_ythadult_yge15,geo_cov_urb,2016,8.007
rou,sex_f,age_ythadult_yge15,geo_cov_urb,2017,6.302
rou,sex_f,age_ythadult_yge15,geo_cov_urb,2018,5.77
rou,sex_f,age_ythadult_yge15,geo_cov_urb,2019,4.094
rou,sex_f,age_ythadult_yge15,geo_cov_urb,2020,5.546
rou,sex_f,age_ythadult_yge15,geo_cov_urb,2021,5.82
rou,sex_f,age_ythadult_yge15,geo_cov_urb,2022,5.489
rou,sex_f,age_ythadult_yge15,geo_cov_urb,2023,5.586
rou,sex_f,age_ythadult_yge15,geo_cov_urb,2024,5.933
rou,sex_f,age_ythadult_yge25,geo_cov_nat,2009,9.184
rou,sex_f,age_ythadult_yge25,geo_cov_nat,2010,9.402
rou,sex_f,age_ythadult_yge25,geo_cov_nat,2011,9.493
rou,sex_f,age_ythadult_yge25,geo_cov_nat,2012,8.939
rou,sex_f,age_ythadult_yge25,geo_cov_nat,2013,8.844
rou,sex_f,age_ythadult_yge25,geo_cov_nat,2014,8.289
rou,sex_f,age_ythadult_yge25,geo_cov_nat,2015,8.572
rou,sex_f,age_ythadult_yge25,geo_cov_nat,2016,7.793
rou,sex_f,age_ythadult_yge25,geo_cov_nat,2017,6.289
rou,sex_f,age_ythadult_yge25,geo_cov_nat,2018,5.473
rou,sex_f,age_ythadult_yge25,geo_cov_nat,2019,3.776
rou,sex_f,age_ythadult_yge25,geo_cov_nat,2020,5.317
rou,sex_f,age_ythadult_yge25,geo_cov_nat,2021,6.993
rou,sex_f,age_ythadult_yge25,geo_cov_nat,2022,6.566
rou,sex_f,age_ythadult_yge25,geo_cov_nat,2023,6.997
rou,sex_f,age_ythadult_yge25,geo_cov_nat,2024,7.025
rou,sex_f,age_ythadult_yge25,geo_cov_rur,2009,9.366
rou,sex_f,age_ythadult_yge25,geo_cov_rur,2010,9.697
rou,sex_f,age_ythadult_yge25,geo_cov_rur,2011,10.375
rou,sex_f,age_ythadult_yge25,geo_cov_rur,2012,8.374
rou,sex_f,age_ythadult_yge25,geo_cov_rur,2013,8.115
rou,sex_f,age_ythadult_yge25,geo_cov_rur,2014,7.87
rou,sex_f,age_ythadult_yge25,geo_cov_rur,2015,9.019
rou,sex_f,age_ythadult_yge25,geo_cov_rur,2016,9.179
rou,sex_f,age_ythadult_yge25,geo_cov_rur,2017,7.972
rou,sex_f,age_ythadult_yge25,geo_cov_rur,2018,6.585
rou,sex_f,age_ythadult_yge25,geo_cov_rur,2019,4.649
rou,sex_f,age_ythadult_yge25,geo_cov_rur,2020,6.389
rou,sex_f,age_ythadult_yge25,geo_cov_rur,2021,12.028
rou,sex_f,age_ythadult_yge25,geo_cov_rur,2022,11.476
rou,sex_f,age_ythadult_yge25,geo_cov_rur,2023,12.062
rou,sex_f,age_ythadult_yge25,geo_cov_rur,2024,11.771
rou,sex_f,age_ythadult_yge25,geo_cov_urb,2009,8.932
rou,sex_f,age_ythadult_yge25,geo_cov_urb,2010,8.983
rou,sex_f,age_ythadult_yge25,geo_cov_urb,2011,8.263
rou,sex_f,age_ythadult_yge25,geo_cov_urb,2012,9.319
rou,sex_f,age_ythadult_yge25,geo_cov_urb,2013,9.323
rou,sex_f,age_ythadult_yge25,geo_cov_urb,2014,8.557
rou,sex_f,age_ythadult_yge25,geo_cov_urb,2015,8.293
rou,sex_f,age_ythadult_yge25,geo_cov_urb,2016,6.942
rou,sex_f,age_ythadult_yge25,geo_cov_urb,2017,5.342
rou,sex_f,age_ythadult_yge25,geo_cov_urb,2018,4.872
rou,sex_f,age_ythadult_yge25,geo_cov_urb,2019,3.315
rou,sex_f,age_ythadult_yge25,geo_cov_urb,2020,4.769
rou,sex_f,age_ythadult_yge25,geo_cov_urb,2021,4.942
rou,sex_f,age_ythadult_yge25,geo_cov_urb,2022,4.526
rou,sex_f,age_ythadult_yge25,geo_cov_urb,2023,4.596
rou,sex_f,age_ythadult_yge25,geo_cov_urb,2024,4.886
rou,sex_m,age_aggregate_total,geo_cov_nat,2009,9.294
rou,sex_m,age_aggregate_total,geo_cov_nat,2010,10.308
rou,sex_m,age_aggregate_total,geo_cov_nat,2011,11.467
rou,sex_m,age_aggregate_total,geo_cov_nat,2012,10.894
rou,sex_m,age_aggregate_total,geo_cov_nat,2013,11.217
rou,sex_m,age_aggregate_total,geo_cov_nat,2014,10.715
rou,sex_m,age_aggregate_total,geo_cov_nat,2015,10.31
rou,sex_m,age_aggregate_total,geo_cov_nat,2016,9.47
rou,sex_m,age_aggregate_total,geo_cov_nat,2017,7.788
rou,sex_m,age_aggregate_total,geo_cov_nat,2018,6.569
rou,sex_m,age_aggregate_total,geo_cov_nat,2019,5.319
rou,sex_m,age_aggregate_total,geo_cov_nat,2020,6.164
rou,sex_m,age_aggregate_total,geo_cov_nat,2021,7.807
rou,sex_m,age_aggregate_total,geo_cov_nat,2022,7.671
rou,sex_m,age_aggregate_total,geo_cov_nat,2023,7.515
rou,sex_m,age_aggregate_total,geo_cov_nat,2024,7.28
rou,sex_m,age_aggregate_total,geo_cov_rur,2009,9.076
rou,sex_m,age_aggregate_total,geo_cov_rur,2010,10.013
rou,sex_m,age_aggregate_total,geo_cov_rur,2011,12.354
rou,sex_m,age_aggregate_total,geo_cov_rur,2012,10.788
rou,sex_m,age_aggregate_total,geo_cov_rur,2013,10.781
rou,sex_m,age_aggregate_total,geo_cov_rur,2014,11.483
rou,sex_m,age_aggregate_total,geo_cov_rur,2015,11.325
rou,sex_m,age_aggregate_total,geo_cov_rur,2016,11.21
rou,sex_m,age_aggregate_total,geo_cov_rur,2017,8.859
rou,sex_m,age_aggregate_total,geo_cov_rur,2018,7.804
rou,sex_m,age_aggregate_total,geo_cov_rur,2019,6.254
rou,sex_m,age_aggregate_total,geo_cov_rur,2020,7.031
rou,sex_m,age_aggregate_total,geo_cov_rur,2021,11.318
rou,sex_m,age_aggregate_total,geo_cov_rur,2022,11.256
rou,sex_m,age_aggregate_total,geo_cov_rur,2023,10.764
rou,sex_m,age_aggregate_total,geo_cov_rur,2024,10.773
rou,sex_m,age_aggregate_total,geo_cov_urb,2009,9.654
rou,sex_m,age_aggregate_total,geo_cov_urb,2010,10.818
rou,sex_m,age_aggregate_total,geo_cov_urb,2011,9.984
rou,sex_m,age_aggregate_total,geo_cov_urb,2012,10.98
rou,sex_m,age_aggregate_total,geo_cov_urb,2013,11.566
rou,sex_m,age_aggregate_total,geo_cov_urb,2014,10.102
rou,sex_m,age_aggregate_total,geo_cov_urb,2015,9.492
rou,sex_m,age_aggregate_total,geo_cov_urb,2016,8.039
rou,sex_m,age_aggregate_total,geo_cov_urb,2017,7.007
rou,sex_m,age_aggregate_total,geo_cov_urb,2018,5.707
rou,sex_m,age_aggregate_total,geo_cov_urb,2019,4.66
rou,sex_m,age_aggregate_total,geo_cov_urb,2020,5.543
rou,sex_m,age_aggregate_total,geo_cov_urb,2021,5.515
rou,sex_m,age_aggregate_total,geo_cov_urb,2022,5.289
rou,sex_m,age_aggregate_total,geo_cov_urb,2023,5.144
rou,sex_m,age_aggregate_total,geo_cov_urb,2024,4.816
rou,sex_m,age_aggregate_y15_24,geo_cov_nat,2009,26.256
rou,sex_m,age_aggregate_y15_24,geo_cov_nat,2010,30.052
rou,sex_m,age_aggregate_y15_24,geo_cov_nat,2011,32.698
rou,sex_m,age_aggregate_y15_24,geo_cov_nat,2012,30.848
rou,sex_m,age_aggregate_y15_24,geo_cov_nat,2013,32.107
rou,sex_m,age_aggregate_y15_24,geo_cov_nat,2014,31.82
rou,sex_m,age_aggregate_y15_24,geo_cov_nat,2015,28.696
rou,sex_m,age_aggregate_y15_24,geo_cov_nat,2016,27.79
rou,sex_m,age_aggregate_y15_24,geo_cov_nat,2017,23.53
rou,sex_m,age_aggregate_y15_24,geo_cov_nat,2018,20.86
rou,sex_m,age_aggregate_y15_24,geo_cov_nat,2019,19.039
rou,sex_m,age_aggregate_y15_24,geo_cov_nat,2020,21.208
rou,sex_m,age_aggregate_y15_24,geo_cov_nat,2021,26.048
rou,sex_m,age_aggregate_y15_24,geo_cov_nat,2022,26.48
rou,sex_m,age_aggregate_y15_24,geo_cov_nat,2023,25.911
rou,sex_m,age_aggregate_y15_24,geo_cov_nat,2024,28.11
rou,sex_m,age_aggregate_y15_24,geo_cov_rur,2009,23.511
rou,sex_m,age_aggregate_y15_24,geo_cov_rur,2010,27.663
rou,sex_m,age_aggregate_y15_24,geo_cov_rur,2011,31.627
rou,sex_m,age_aggregate_y15_24,geo_cov_rur,2012,26.137
rou,sex_m,age_aggregate_y15_24,geo_cov_rur,2013,27.574
rou,sex_m,age_aggregate_y15_24,geo_cov_rur,2014,28.119
rou,sex_m,age_aggregate_y15_24,geo_cov_rur,2015,26.68
rou,sex_m,age_aggregate_y15_24,geo_cov_rur,2016,26.399
rou,sex_m,age_aggregate_y15_24,geo_cov_rur,2017,20.947
rou,sex_m,age_aggregate_y15_24,geo_cov_rur,2018,18.934
rou,sex_m,age_aggregate_y15_24,geo_cov_rur,2019,16.634
rou,sex_m,age_aggregate_y15_24,geo_cov_rur,2020,19.674
rou,sex_m,age_aggregate_y15_24,geo_cov_rur,2021,28.034
rou,sex_m,age_aggregate_y15_24,geo_cov_rur,2022,29.805
rou,sex_m,age_aggregate_y15_24,geo_cov_rur,2023,27.483
rou,sex_m,age_aggregate_y15_24,geo_cov_rur,2024,29.336
rou,sex_m,age_aggregate_y15_24,geo_cov_urb,2009,32.965
rou,sex_m,age_aggregate_y15_24,geo_cov_urb,2010,36.625
rou,sex_m,age_aggregate_y15_24,geo_cov_urb,2011,35.563
rou,sex_m,age_aggregate_y15_24,geo_cov_urb,2012,36.646
rou,sex_m,age_aggregate_y15_24,geo_cov_urb,2013,37.579
rou,sex_m,age_aggregate_y15_24,geo_cov_urb,2014,36.764
rou,sex_m,age_aggregate_y15_24,geo_cov_urb,2015,31.431
rou,sex_m,age_aggregate_y15_24,geo_cov_urb,2016,30.006
rou,sex_m,age_aggregate_y15_24,geo_cov_urb,2017,27.203
rou,sex_m,age_aggregate_y15_24,geo_cov_urb,2018,23.582
rou,sex_m,age_aggregate_y15_24,geo_cov_urb,2019,22.508
rou,sex_m,age_aggregate_y15_24,geo_cov_urb,2020,23.459
rou,sex_m,age_aggregate_y15_24,geo_cov_urb,2021,23.342
rou,sex_m,age_aggregate_y15_24,geo_cov_urb,2022,21.801
rou,sex_m,age_aggregate_y15_24,geo_cov_urb,2023,23.544
rou,sex_m,age_aggregate_y15_24,geo_cov_urb,2024,26.357
rou,sex_m,age_aggregate_y25_54,geo_cov_nat,2009,7.882
rou,sex_m,age_aggregate_y25_54,geo_cov_nat,2010,8.759
rou,sex_m,age_aggregate_y25_54,geo_cov_nat,2011,9.771
rou,sex_m,age_aggregate_y25_54,geo_cov_nat,2012,9.501
rou,sex_m,age_aggregate_y25_54,geo_cov_nat,2013,9.868
rou,sex_m,age_aggregate_y25_54,geo_cov_nat,2014,9.497
rou,sex_m,age_aggregate_y25_54,geo_cov_nat,2015,9.059
rou,sex_m,age_aggregate_y25_54,geo_cov_nat,2016,8.38
rou,sex_m,age_aggregate_y25_54,geo_cov_nat,2017,6.803
rou,sex_m,age_aggregate_y25_54,geo_cov_nat,2018,5.74
rou,sex_m,age_aggregate_y25_54,geo_cov_nat,2019,4.485
rou,sex_m,age_aggregate_y25_54,geo_cov_nat,2020,5.195
rou,sex_m,age_aggregate_y25_54,geo_cov_nat,2021,6.429
rou,sex_m,age_aggregate_y25_54,geo_cov_nat,2022,6.341
rou,sex_m,age_aggregate_y25_54,geo_cov_nat,2023,6.294
rou,sex_m,age_aggregate_y25_54,geo_cov_nat,2024,6.001
rou,sex_m,age_aggregate_y25_54,geo_cov_rur,2009,8
rou,sex_m,age_aggregate_y25_54,geo_cov_rur,2010,8.664
rou,sex_m,age_aggregate_y25_54,geo_cov_rur,2011,11.069
rou,sex_m,age_aggregate_y25_54,geo_cov_rur,2012,10.17
rou,sex_m,age_aggregate_y25_54,geo_cov_rur,2013,9.974
rou,sex_m,age_aggregate_y25_54,geo_cov_rur,2014,10.95
rou,sex_m,age_aggregate_y25_54,geo_cov_rur,2015,10.417
rou,sex_m,age_aggregate_y25_54,geo_cov_rur,2016,10.34
rou,sex_m,age_aggregate_y25_54,geo_cov_rur,2017,8.117
rou,sex_m,age_aggregate_y25_54,geo_cov_rur,2018,7.16
rou,sex_m,age_aggregate_y25_54,geo_cov_rur,2019,5.559
rou,sex_m,age_aggregate_y25_54,geo_cov_rur,2020,6.013
rou,sex_m,age_aggregate_y25_54,geo_cov_rur,2021,9.43
rou,sex_m,age_aggregate_y25_54,geo_cov_rur,2022,9.121
rou,sex_m,age_aggregate_y25_54,geo_cov_rur,2023,9.1
rou,sex_m,age_aggregate_y25_54,geo_cov_rur,2024,9.259
rou,sex_m,age_aggregate_y25_54,geo_cov_urb,2009,7.712
rou,sex_m,age_aggregate_y25_54,geo_cov_urb,2010,8.9
rou,sex_m,age_aggregate_y25_54,geo_cov_urb,2011,7.858
rou,sex_m,age_aggregate_y25_54,geo_cov_urb,2012,9.037
rou,sex_m,age_aggregate_y25_54,geo_cov_urb,2013,9.793
rou,sex_m,age_aggregate_y25_54,geo_cov_urb,2014,8.491
rou,sex_m,age_aggregate_y25_54,geo_cov_urb,2015,8.083
rou,sex_m,age_aggregate_y25_54,geo_cov_urb,2016,6.945
rou,sex_m,age_aggregate_y25_54,geo_cov_urb,2017,5.952
rou,sex_m,age_aggregate_y25_54,geo_cov_urb,2018,4.859
rou,sex_m,age_aggregate_y25_54,geo_cov_urb,2019,3.806
rou,sex_m,age_aggregate_y25_54,geo_cov_urb,2020,4.667
rou,sex_m,age_aggregate_y25_54,geo_cov_urb,2021,4.604
rou,sex_m,age_aggregate_y25_54,geo_cov_urb,2022,4.633
rou,sex_m,age_aggregate_y25_54,geo_cov_urb,2023,4.379
rou,sex_m,age_aggregate_y25_54,geo_cov_urb,2024,3.855
rou,sex_m,age_aggregate_y55_64,geo_cov_nat,2009,5.497
rou,sex_m,age_aggregate_y55_64,geo_cov_nat,2010,7.013
rou,sex_m,age_aggregate_y55_64,geo_cov_nat,2011,8.413
rou,sex_m,age_aggregate_y55_64,geo_cov_nat,2012,7.354
rou,sex_m,age_aggregate_y55_64,geo_cov_nat,2013,7.308
rou,sex_m,age_aggregate_y55_64,geo_cov_nat,2014,6.725
rou,sex_m,age_aggregate_y55_64,geo_cov_nat,2015,7.432
rou,sex_m,age_aggregate_y55_64,geo_cov_nat,2016,6.587
rou,sex_m,age_aggregate_y55_64,geo_cov_nat,2017,5.849
rou,sex_m,age_aggregate_y55_64,geo_cov_nat,2018,4.642
rou,sex_m,age_aggregate_y55_64,geo_cov_nat,2019,3.442
rou,sex_m,age_aggregate_y55_64,geo_cov_nat,2020,4.283
rou,sex_m,age_aggregate_y55_64,geo_cov_nat,2021,5.972
rou,sex_m,age_aggregate_y55_64,geo_cov_nat,2022,5.532
rou,sex_m,age_aggregate_y55_64,geo_cov_nat,2023,5.659
rou,sex_m,age_aggregate_y55_64,geo_cov_nat,2024,3.893
rou,sex_m,age_aggregate_y55_64,geo_cov_rur,2009,5.002
rou,sex_m,age_aggregate_y55_64,geo_cov_rur,2010,6.211
rou,sex_m,age_aggregate_y55_64,geo_cov_rur,2011,7.721
rou,sex_m,age_aggregate_y55_64,geo_cov_rur,2012,6.085
rou,sex_m,age_aggregate_y55_64,geo_cov_rur,2013,6.169
rou,sex_m,age_aggregate_y55_64,geo_cov_rur,2014,6.143
rou,sex_m,age_aggregate_y55_64,geo_cov_rur,2015,7.358
rou,sex_m,age_aggregate_y55_64,geo_cov_rur,2016,7.377
rou,sex_m,age_aggregate_y55_64,geo_cov_rur,2017,6.401
rou,sex_m,age_aggregate_y55_64,geo_cov_rur,2018,5.307
rou,sex_m,age_aggregate_y55_64,geo_cov_rur,2019,3.784
rou,sex_m,age_aggregate_y55_64,geo_cov_rur,2020,4.436
rou,sex_m,age_aggregate_y55_64,geo_cov_rur,2021,9.181
rou,sex_m,age_aggregate_y55_64,geo_cov_rur,2022,9.379
rou,sex_m,age_aggregate_y55_64,geo_cov_rur,2023,8.846
rou,sex_m,age_aggregate_y55_64,geo_cov_rur,2024,5.935
rou,sex_m,age_aggregate_y55_64,geo_cov_urb,2009,6.41
rou,sex_m,age_aggregate_y55_64,geo_cov_urb,2010,8.554
rou,sex_m,age_aggregate_y55_64,geo_cov_urb,2011,9.607
rou,sex_m,age_aggregate_y55_64,geo_cov_urb,2012,8.466
rou,sex_m,age_aggregate_y55_64,geo_cov_urb,2013,8.29
rou,sex_m,age_aggregate_y55_64,geo_cov_urb,2014,7.216
rou,sex_m,age_aggregate_y55_64,geo_cov_urb,2015,7.493
rou,sex_m,age_aggregate_y55_64,geo_cov_urb,2016,5.943
rou,sex_m,age_aggregate_y55_64,geo_cov_urb,2017,5.448
rou,sex_m,age_aggregate_y55_64,geo_cov_urb,2018,4.184
rou,sex_m,age_aggregate_y55_64,geo_cov_urb,2019,3.205
rou,sex_m,age_aggregate_y55_64,geo_cov_urb,2020,4.177
rou,sex_m,age_aggregate_y55_64,geo_cov_urb,2021,3.994
rou,sex_m,age_aggregate_y55_64,geo_cov_urb,2022,3.016
rou,sex_m,age_aggregate_y55_64,geo_cov_urb,2023,3.394
rou,sex_m,age_aggregate_y55_64,geo_cov_urb,2024,2.502
rou,sex_m,age_aggregate_yge65,geo_cov_nat,2009,0.491
rou,sex_m,age_aggregate_yge65,geo_cov_nat,2010,0.622
rou,sex_m,age_aggregate_yge65,geo_cov_nat,2011,0.52
rou,sex_m,age_aggregate_yge65,geo_cov_nat,2012,0.613
rou,sex_m,age_aggregate_yge65,geo_cov_nat,2013,0.708
rou,sex_m,age_aggregate_yge65,geo_cov_nat,2014,0.47
rou,sex_m,age_aggregate_yge65,geo_cov_nat,2015,0.652
rou,sex_m,age_aggregate_yge65,geo_cov_nat,2016,0.765
rou,sex_m,age_aggregate_yge65,geo_cov_nat,2017,1.006
rou,sex_m,age_aggregate_yge65,geo_cov_nat,2018,0.527
rou,sex_m,age_aggregate_yge65,geo_cov_nat,2019,0.393
rou,sex_m,age_aggregate_yge65,geo_cov_nat,2020,1.056
rou,sex_m,age_aggregate_yge65,geo_cov_nat,2021,4.457
rou,sex_m,age_aggregate_yge65,geo_cov_nat,2022,3.706
rou,sex_m,age_aggregate_yge65,geo_cov_nat,2023,5.077
rou,sex_m,age_aggregate_yge65,geo_cov_nat,2024,7.667
rou,sex_m,age_aggregate_yge65,geo_cov_rur,2009,0.315
rou,sex_m,age_aggregate_yge65,geo_cov_rur,2010,0.323
rou,sex_m,age_aggregate_yge65,geo_cov_rur,2011,0.388
rou,sex_m,age_aggregate_yge65,geo_cov_rur,2013,0.301
rou,sex_m,age_aggregate_yge65,geo_cov_rur,2015,0.322
rou,sex_m,age_aggregate_yge65,geo_cov_rur,2016,0.514
rou,sex_m,age_aggregate_yge65,geo_cov_rur,2017,0.393
rou,sex_m,age_aggregate_yge65,geo_cov_rur,2020,0.686
rou,sex_m,age_aggregate_yge65,geo_cov_rur,2021,2.708
rou,sex_m,age_aggregate_yge65,geo_cov_rur,2022,2.474
rou,sex_m,age_aggregate_yge65,geo_cov_rur,2023,3.931
rou,sex_m,age_aggregate_yge65,geo_cov_rur,2024,7.149
rou,sex_m,age_aggregate_yge65,geo_cov_urb,2009,9.312
rou,sex_m,age_aggregate_yge65,geo_cov_urb,2010,16.88
rou,sex_m,age_aggregate_yge65,geo_cov_urb,2011,6.202
rou,sex_m,age_aggregate_yge65,geo_cov_urb,2012,3.539
rou,sex_m,age_aggregate_yge65,geo_cov_urb,2013,3.179
rou,sex_m,age_aggregate_yge65,geo_cov_urb,2014,2.465
rou,sex_m,age_aggregate_yge65,geo_cov_urb,2015,2.083
rou,sex_m,age_aggregate_yge65,geo_cov_urb,2016,1.789
rou,sex_m,age_aggregate_yge65,geo_cov_urb,2017,2.85
rou,sex_m,age_aggregate_yge65,geo_cov_urb,2018,1.668
rou,sex_m,age_aggregate_yge65,geo_cov_urb,2019,1.312
rou,sex_m,age_aggregate_yge65,geo_cov_urb,2020,2.034
rou,sex_m,age_aggregate_yge65,geo_cov_urb,2021,6.37
rou,sex_m,age_aggregate_yge65,geo_cov_urb,2022,5.353
rou,sex_m,age_aggregate_yge65,geo_cov_urb,2023,6.435
rou,sex_m,age_aggregate_yge65,geo_cov_urb,2024,8.275
rou,sex_m,age_ythadult_y15_24,geo_cov_nat,2009,26.256
rou,sex_m,age_ythadult_y15_24,geo_cov_nat,2010,30.052
rou,sex_m,age_ythadult_y15_24,geo_cov_nat,2011,32.698
rou,sex_m,age_ythadult_y15_24,geo_cov_nat,2012,30.848
rou,sex_m,age_ythadult_y15_24,geo_cov_nat,2013,32.107
rou,sex_m,age_ythadult_y15_24,geo_cov_nat,2014,31.82
rou,sex_m,age_ythadult_y15_24,geo_cov_nat,2015,28.696
rou,sex_m,age_ythadult_y15_24,geo_cov_nat,2016,27.79
rou,sex_m,age_ythadult_y15_24,geo_cov_nat,2017,23.53
rou,sex_m,age_ythadult_y15_24,geo_cov_nat,2018,20.86
rou,sex_m,age_ythadult_y15_24,geo_cov_nat,2019,19.039
rou,sex_m,age_ythadult_y15_24,geo_cov_nat,2020,21.208
rou,sex_m,age_ythadult_y15_24,geo_cov_nat,2021,26.048
rou,sex_m,age_ythadult_y15_24,geo_cov_nat,2022,26.48
rou,sex_m,age_ythadult_y15_24,geo_cov_nat,2023,25.911
rou,sex_m,age_ythadult_y15_24,geo_cov_nat,2024,28.11
rou,sex_m,age_ythadult_y15_24,geo_cov_rur,2009,23.511
rou,sex_m,age_ythadult_y15_24,geo_cov_rur,2010,27.663
rou,sex_m,age_ythadult_y15_24,geo_cov_rur,2011,31.627
rou,sex_m,age_ythadult_y15_24,geo_cov_rur,2012,26.137
rou,sex_m,age_ythadult_y15_24,geo_cov_rur,2013,27.574
rou,sex_m,age_ythadult_y15_24,geo_cov_rur,2014,28.119
rou,sex_m,age_ythadult_y15_24,geo_cov_rur,2015,26.68
rou,sex_m,age_ythadult_y15_24,geo_cov_rur,2016,26.399
rou,sex_m,age_ythadult_y15_24,geo_cov_rur,2017,20.947
rou,sex_m,age_ythadult_y15_24,geo_cov_rur,2018,18.934
rou,sex_m,age_ythadult_y15_24,geo_cov_rur,2019,16.634
rou,sex_m,age_ythadult_y15_24,geo_cov_rur,2020,19.674
rou,sex_m,age_ythadult_y15_24,geo_cov_rur,2021,28.034
rou,sex_m,age_ythadult_y15_24,geo_cov_rur,2022,29.805
rou,sex_m,age_ythadult_y15_24,geo_cov_rur,2023,27.483
rou,sex_m,age_ythadult_y15_24,geo_cov_rur,2024,29.336
rou,sex_m,age_ythadult_y15_24,geo_cov_urb,2009,32.965
rou,sex_m,age_ythadult_y15_24,geo_cov_urb,2010,36.625
rou,sex_m,age_ythadult_y15_24,geo_cov_urb,2011,35.563
rou,sex_m,age_ythadult_y15_24,geo_cov_urb,2012,36.646
rou,sex_m,age_ythadult_y15_24,geo_cov_urb,2013,37.579
rou,sex_m,age_ythadult_y15_24,geo_cov_urb,2014,36.764
rou,sex_m,age_ythadult_y15_24,geo_cov_urb,2015,31.431
rou,sex_m,age_ythadult_y15_24,geo_cov_urb,2016,30.006
rou,sex_m,age_ythadult_y15_24,geo_cov_urb,2017,27.203
rou,sex_m,age_ythadult_y15_24,geo_cov_urb,2018,23.582
rou,sex_m,age_ythadult_y15_24,geo_cov_urb,2019,22.508
rou,sex_m,age_ythadult_y15_24,geo_cov_urb,2020,23.459
rou,sex_m,age_ythadult_y15_24,geo_cov_urb,2021,23.342
rou,sex_m,age_ythadult_y15_24,geo_cov_urb,2022,21.801
rou,sex_m,age_ythadult_y15_24,geo_cov_urb,2023,23.544
rou,sex_m,age_ythadult_y15_24,geo_cov_urb,2024,26.357
rou,sex_m,age_ythadult_y15_64,geo_cov_nat,2009,9.639
rou,sex_m,age_ythadult_y15_64,geo_cov_nat,2010,10.665
rou,sex_m,age_ythadult_y15_64,geo_cov_nat,2011,11.849
rou,sex_m,age_ythadult_y15_64,geo_cov_nat,2012,11.249
rou,sex_m,age_ythadult_y15_64,geo_cov_nat,2013,11.561
rou,sex_m,age_ythadult_y15_64,geo_cov_nat,2014,11.041
rou,sex_m,age_ythadult_y15_64,geo_cov_nat,2015,10.577
rou,sex_m,age_ythadult_y15_64,geo_cov_nat,2016,9.705
rou,sex_m,age_ythadult_y15_64,geo_cov_nat,2017,7.987
rou,sex_m,age_ythadult_y15_64,geo_cov_nat,2018,6.746
rou,sex_m,age_ythadult_y15_64,geo_cov_nat,2019,5.447
rou,sex_m,age_ythadult_y15_64,geo_cov_nat,2020,6.29
rou,sex_m,age_ythadult_y15_64,geo_cov_nat,2021,7.846
rou,sex_m,age_ythadult_y15_64,geo_cov_nat,2022,7.711
rou,sex_m,age_ythadult_y15_64,geo_cov_nat,2023,7.543
rou,sex_m,age_ythadult_y15_64,geo_cov_nat,2024,7.276
rou,sex_m,age_ythadult_y15_64,geo_cov_rur,2009,9.629
rou,sex_m,age_ythadult_y15_64,geo_cov_rur,2010,10.577
rou,sex_m,age_ythadult_y15_64,geo_cov_rur,2011,13.018
rou,sex_m,age_ythadult_y15_64,geo_cov_rur,2012,11.523
rou,sex_m,age_ythadult_y15_64,geo_cov_rur,2013,11.464
rou,sex_m,age_ythadult_y15_64,geo_cov_rur,2014,12.209
rou,sex_m,age_ythadult_y15_64,geo_cov_rur,2015,11.89
rou,sex_m,age_ythadult_y15_64,geo_cov_rur,2016,11.735
rou,sex_m,age_ythadult_y15_64,geo_cov_rur,2017,9.31
rou,sex_m,age_ythadult_y15_64,geo_cov_rur,2018,8.212
rou,sex_m,age_ythadult_y15_64,geo_cov_rur,2019,6.535
rou,sex_m,age_ythadult_y15_64,geo_cov_rur,2020,7.307
rou,sex_m,age_ythadult_y15_64,geo_cov_rur,2021,11.45
rou,sex_m,age_ythadult_y15_64,geo_cov_rur,2022,11.382
rou,sex_m,age_ythadult_y15_64,geo_cov_rur,2023,10.866
rou,sex_m,age_ythadult_y15_64,geo_cov_rur,2024,10.831
rou,sex_m,age_ythadult_y15_64,geo_cov_urb,2009,9.654
rou,sex_m,age_ythadult_y15_64,geo_cov_urb,2010,10.807
rou,sex_m,age_ythadult_y15_64,geo_cov_urb,2011,9.992
rou,sex_m,age_ythadult_y15_64,geo_cov_urb,2012,11.041
rou,sex_m,age_ythadult_y15_64,geo_cov_urb,2013,11.635
rou,sex_m,age_ythadult_y15_64,geo_cov_urb,2014,10.16
rou,sex_m,age_ythadult_y15_64,geo_cov_urb,2015,9.56
rou,sex_m,age_ythadult_y15_64,geo_cov_urb,2016,8.098
rou,sex_m,age_ythadult_y15_64,geo_cov_urb,2017,7.058
rou,sex_m,age_ythadult_y15_64,geo_cov_urb,2018,5.76
rou,sex_m,age_ythadult_y15_64,geo_cov_urb,2019,4.704
rou,sex_m,age_ythadult_y15_64,geo_cov_urb,2020,5.583
rou,sex_m,age_ythadult_y15_64,geo_cov_urb,2021,5.507
rou,sex_m,age_ythadult_y15_64,geo_cov_urb,2022,5.289
rou,sex_m,age_ythadult_y15_64,geo_cov_urb,2023,5.132
rou,sex_m,age_ythadult_y15_64,geo_cov_urb,2024,4.784
rou,sex_m,age_ythadult_yge15,geo_cov_nat,2009,9.294
rou,sex_m,age_ythadult_yge15,geo_cov_nat,2010,10.308
rou,sex_m,age_ythadult_yge15,geo_cov_nat,2011,11.467
rou,sex_m,age_ythadult_yge15,geo_cov_nat,2012,10.894
rou,sex_m,age_ythadult_yge15,geo_cov_nat,2013,11.217
rou,sex_m,age_ythadult_yge15,geo_cov_nat,2014,10.715
rou,sex_m,age_ythadult_yge15,geo_cov_nat,2015,10.31
rou,sex_m,age_ythadult_yge15,geo_cov_nat,2016,9.47
rou,sex_m,age_ythadult_yge15,geo_cov_nat,2017,7.788
rou,sex_m,age_ythadult_yge15,geo_cov_nat,2018,6.569
rou,sex_m,age_ythadult_yge15,geo_cov_nat,2019,5.319
rou,sex_m,age_ythadult_yge15,geo_cov_nat,2020,6.164
rou,sex_m,age_ythadult_yge15,geo_cov_nat,2021,7.807
rou,sex_m,age_ythadult_yge15,geo_cov_nat,2022,7.671
rou,sex_m,age_ythadult_yge15,geo_cov_nat,2023,7.515
rou,sex_m,age_ythadult_yge15,geo_cov_nat,2024,7.28
rou,sex_m,age_ythadult_yge15,geo_cov_rur,2009,9.076
rou,sex_m,age_ythadult_yge15,geo_cov_rur,2010,10.013
rou,sex_m,age_ythadult_yge15,geo_cov_rur,2011,12.354
rou,sex_m,age_ythadult_yge15,geo_cov_rur,2012,10.788
rou,sex_m,age_ythadult_yge15,geo_cov_rur,2013,10.781
rou,sex_m,age_ythadult_yge15,geo_cov_rur,2014,11.483
rou,sex_m,age_ythadult_yge15,geo_cov_rur,2015,11.325
rou,sex_m,age_ythadult_yge15,geo_cov_rur,2016,11.21
rou,sex_m,age_ythadult_yge15,geo_cov_rur,2017,8.859
rou,sex_m,age_ythadult_yge15,geo_cov_rur,2018,7.804
rou,sex_m,age_ythadult_yge15,geo_cov_rur,2019,6.254
rou,sex_m,age_ythadult_yge15,geo_cov_rur,2020,7.031
rou,sex_m,age_ythadult_yge15,geo_cov_rur,2021,11.318
rou,sex_m,age_ythadult_yge15,geo_cov_rur,2022,11.256
rou,sex_m,age_ythadult_yge15,geo_cov_rur,2023,10.764
rou,sex_m,age_ythadult_yge15,geo_cov_rur,2024,10.773
rou,sex_m,age_ythadult_yge15,geo_cov_urb,2009,9.654
rou,sex_m,age_ythadult_yge15,geo_cov_urb,2010,10.818
rou,sex_m,age_ythadult_yge15,geo_cov_urb,2011,9.984
rou,sex_m,age_ythadult_yge15,geo_cov_urb,2012,10.98
rou,sex_m,age_ythadult_yge15,geo_cov_urb,2013,11.566
rou,sex_m,age_ythadult_yge15,geo_cov_urb,2014,10.102
rou,sex_m,age_ythadult_yge15,geo_cov_urb,2015,9.492
rou,sex_m,age_ythadult_yge15,geo_cov_urb,2016,8.039
rou,sex_m,age_ythadult_yge15,geo_cov_urb,2017,7.007
rou,sex_m,age_ythadult_yge15,geo_cov_urb,2018,5.707
rou,sex_m,age_ythadult_yge15,geo_cov_urb,2019,4.66
rou,sex_m,age_ythadult_yge15,geo_cov_urb,2020,5.543
rou,sex_m,age_ythadult_yge15,geo_cov_urb,2021,5.515
rou,sex_m,age_ythadult_yge15,geo_cov_urb,2022,5.289
rou,sex_m,age_ythadult_yge15,geo_cov_urb,2023,5.144
rou,sex_m,age_ythadult_yge15,geo_cov_urb,2024,4.816
rou,sex_m,age_ythadult_yge25,geo_cov_nat,2009,7.266
rou,sex_m,age_ythadult_yge25,geo_cov_nat,2010,8.198
rou,sex_m,age_ythadult_yge25,geo_cov_nat,2011,9.238
rou,sex_m,age_ythadult_yge25,geo_cov_nat,2012,8.866
rou,sex_m,age_ythadult_yge25,geo_cov_nat,2013,9.175
rou,sex_m,age_ythadult_yge25,geo_cov_nat,2014,8.78
rou,sex_m,age_ythadult_yge25,geo_cov_nat,2015,8.58
rou,sex_m,age_ythadult_yge25,geo_cov_nat,2016,7.901
rou,sex_m,age_ythadult_yge25,geo_cov_nat,2017,6.484
rou,sex_m,age_ythadult_yge25,geo_cov_nat,2018,5.417
rou,sex_m,age_ythadult_yge25,geo_cov_nat,2019,4.217
rou,sex_m,age_ythadult_yge25,geo_cov_nat,2020,4.954
rou,sex_m,age_ythadult_yge25,geo_cov_nat,2021,6.342
rou,sex_m,age_ythadult_yge25,geo_cov_nat,2022,6.2
rou,sex_m,age_ythadult_yge25,geo_cov_nat,2023,6.174
rou,sex_m,age_ythadult_yge25,geo_cov_nat,2024,5.678
rou,sex_m,age_ythadult_yge25,geo_cov_rur,2009,7.077
rou,sex_m,age_ythadult_yge25,geo_cov_rur,2010,7.789
rou,sex_m,age_ythadult_yge25,geo_cov_rur,2011,9.958
rou,sex_m,age_ythadult_yge25,geo_cov_rur,2012,8.808
rou,sex_m,age_ythadult_yge25,geo_cov_rur,2013,8.719
rou,sex_m,age_ythadult_yge25,geo_cov_rur,2014,9.463
rou,sex_m,age_ythadult_yge25,geo_cov_rur,2015,9.409
rou,sex_m,age_ythadult_yge25,geo_cov_rur,2016,9.382
rou,sex_m,age_ythadult_yge25,geo_cov_rur,2017,7.419
rou,sex_m,age_ythadult_yge25,geo_cov_rur,2018,6.48
rou,sex_m,age_ythadult_yge25,geo_cov_rur,2019,5.021
rou,sex_m,age_ythadult_yge25,geo_cov_rur,2020,5.531
rou,sex_m,age_ythadult_yge25,geo_cov_rur,2021,9.282
rou,sex_m,age_ythadult_yge25,geo_cov_rur,2022,9.052
rou,sex_m,age_ythadult_yge25,geo_cov_rur,2023,8.973
rou,sex_m,age_ythadult_yge25,geo_cov_rur,2024,8.673
rou,sex_m,age_ythadult_yge25,geo_cov_urb,2009,7.566
rou,sex_m,age_ythadult_yge25,geo_cov_urb,2010,8.871
rou,sex_m,age_ythadult_yge25,geo_cov_urb,2011,8.086
rou,sex_m,age_ythadult_yge25,geo_cov_urb,2012,8.911
rou,sex_m,age_ythadult_yge25,geo_cov_urb,2013,9.527
rou,sex_m,age_ythadult_yge25,geo_cov_urb,2014,8.262
rou,sex_m,age_ythadult_yge25,geo_cov_urb,2015,7.943
rou,sex_m,age_ythadult_yge25,geo_cov_urb,2016,6.75
rou,sex_m,age_ythadult_yge25,geo_cov_urb,2017,5.839
rou,sex_m,age_ythadult_yge25,geo_cov_urb,2018,4.717
rou,sex_m,age_ythadult_yge25,geo_cov_urb,2019,3.683
rou,sex_m,age_ythadult_yge25,geo_cov_urb,2020,4.564
rou,sex_m,age_ythadult_yge25,geo_cov_urb,2021,4.537
rou,sex_m,age_ythadult_yge25,geo_cov_urb,2022,4.417
rou,sex_m,age_ythadult_yge25,geo_cov_urb,2023,4.238
rou,sex_m,age_ythadult_yge25,geo_cov_urb,2024,3.679
rou,sex_t,age_aggregate_total,geo_cov_nat,2009,10.294
rou,sex_t,age_aggregate_total,geo_cov_nat,2010,10.882
rou,sex_t,age_aggregate_total,geo_cov_nat,2011,11.551
rou,sex_t,age_aggregate_total,geo_cov_nat,2012,10.874
rou,sex_t,age_aggregate_total,geo_cov_nat,2013,11.024
rou,sex_t,age_aggregate_total,geo_cov_nat,2014,10.479
rou,sex_t,age_aggregate_total,geo_cov_nat,2015,10.344
rou,sex_t,age_aggregate_total,geo_cov_nat,2016,9.447
rou,sex_t,age_aggregate_total,geo_cov_nat,2017,7.771
rou,sex_t,age_aggregate_total,geo_cov_nat,2018,6.632
rou,sex_t,age_aggregate_total,geo_cov_nat,2019,5.128
rou,sex_t,age_aggregate_total,geo_cov_nat,2020,6.264
rou,sex_t,age_aggregate_total,geo_cov_nat,2021,8.022
rou,sex_t,age_aggregate_total,geo_cov_nat,2022,7.813
rou,sex_t,age_aggregate_total,geo_cov_nat,2023,7.826
rou,sex_t,age_aggregate_total,geo_cov_nat,2024,7.84
rou,sex_t,age_aggregate_total,geo_cov_rur,2009,10.353
rou,sex_t,age_aggregate_total,geo_cov_rur,2010,10.967
rou,sex_t,age_aggregate_total,geo_cov_rur,2011,12.594
rou,sex_t,age_aggregate_total,geo_cov_rur,2012,10.658
rou,sex_t,age_aggregate_total,geo_cov_rur,2013,10.483
rou,sex_t,age_aggregate_total,geo_cov_rur,2014,10.988
rou,sex_t,age_aggregate_total,geo_cov_rur,2015,11.315
rou,sex_t,age_aggregate_total,geo_cov_rur,2016,11.36
rou,sex_t,age_aggregate_total,geo_cov_rur,2017,9.388
rou,sex_t,age_aggregate_total,geo_cov_rur,2018,8.025
rou,sex_t,age_aggregate_total,geo_cov_rur,2019,6.257
rou,sex_t,age_aggregate_total,geo_cov_rur,2020,7.394
rou,sex_t,age_aggregate_total,geo_cov_rur,2021,12.303
rou,sex_t,age_aggregate_total,geo_cov_rur,2022,12.149
rou,sex_t,age_aggregate_total,geo_cov_rur,2023,11.816
rou,sex_t,age_aggregate_total,geo_cov_rur,2024,12.017
rou,sex_t,age_aggregate_total,geo_cov_urb,2009,10.203
rou,sex_t,age_aggregate_total,geo_cov_urb,2010,10.745
rou,sex_t,age_aggregate_total,geo_cov_urb,2011,9.914
rou,sex_t,age_aggregate_total,geo_cov_urb,2012,11.037
rou,sex_t,age_aggregate_total,geo_cov_urb,2013,11.429
rou,sex_t,age_aggregate_total,geo_cov_urb,2014,10.102
rou,sex_t,age_aggregate_total,geo_cov_urb,2015,9.629
rou,sex_t,age_aggregate_total,geo_cov_urb,2016,8.024
rou,sex_t,age_aggregate_total,geo_cov_urb,2017,6.686
rou,sex_t,age_aggregate_total,geo_cov_urb,2018,5.736
rou,sex_t,age_aggregate_total,geo_cov_urb,2019,4.405
rou,sex_t,age_aggregate_total,geo_cov_urb,2020,5.545
rou,sex_t,age_aggregate_total,geo_cov_urb,2021,5.654
rou,sex_t,age_aggregate_total,geo_cov_urb,2022,5.381
rou,sex_t,age_aggregate_total,geo_cov_urb,2023,5.349
rou,sex_t,age_aggregate_total,geo_cov_urb,2024,5.337
rou,sex_t,age_aggregate_y15_24,geo_cov_nat,2009,29.062
rou,sex_t,age_aggregate_y15_24,geo_cov_nat,2010,32.109
rou,sex_t,age_aggregate_y15_24,geo_cov_nat,2011,33.663
rou,sex_t,age_aggregate_y15_24,geo_cov_nat,2012,31.592
rou,sex_t,age_aggregate_y15_24,geo_cov_nat,2013,32.945
rou,sex_t,age_aggregate_y15_24,geo_cov_nat,2014,32.888
rou,sex_t,age_aggregate_y15_24,geo_cov_nat,2015,30.425
rou,sex_t,age_aggregate_y15_24,geo_cov_nat,2016,29.573
rou,sex_t,age_aggregate_y15_24,geo_cov_nat,2017,24.94
rou,sex_t,age_aggregate_y15_24,geo_cov_nat,2018,22.041
rou,sex_t,age_aggregate_y15_24,geo_cov_nat,2019,19.865
rou,sex_t,age_aggregate_y15_24,geo_cov_nat,2020,21.522
rou,sex_t,age_aggregate_y15_24,geo_cov_nat,2021,26.889
rou,sex_t,age_aggregate_y15_24,geo_cov_nat,2022,28.353
rou,sex_t,age_aggregate_y15_24,geo_cov_nat,2023,27.529
rou,sex_t,age_aggregate_y15_24,geo_cov_nat,2024,29.992
rou,sex_t,age_aggregate_y15_24,geo_cov_rur,2009,27.382
rou,sex_t,age_aggregate_y15_24,geo_cov_rur,2010,30.661
rou,sex_t,age_aggregate_y15_24,geo_cov_rur,2011,33.261
rou,sex_t,age_aggregate_y15_24,geo_cov_rur,2012,27.491
rou,sex_t,age_aggregate_y15_24,geo_cov_rur,2013,27.779
rou,sex_t,age_aggregate_y15_24,geo_cov_rur,2014,29.779
rou,sex_t,age_aggregate_y15_24,geo_cov_rur,2015,28.444
rou,sex_t,age_aggregate_y15_24,geo_cov_rur,2016,29.143
rou,sex_t,age_aggregate_y15_24,geo_cov_rur,2017,23.957
rou,sex_t,age_aggregate_y15_24,geo_cov_rur,2018,20.68
rou,sex_t,age_aggregate_y15_24,geo_cov_rur,2019,18.279
rou,sex_t,age_aggregate_y15_24,geo_cov_rur,2020,20.626
rou,sex_t,age_aggregate_y15_24,geo_cov_rur,2021,29.483
rou,sex_t,age_aggregate_y15_24,geo_cov_rur,2022,31.688
rou,sex_t,age_aggregate_y15_24,geo_cov_rur,2023,28.678
rou,sex_t,age_aggregate_y15_24,geo_cov_rur,2024,31.744
rou,sex_t,age_aggregate_y15_24,geo_cov_urb,2009,32.836
rou,sex_t,age_aggregate_y15_24,geo_cov_urb,2010,35.768
rou,sex_t,age_aggregate_y15_24,geo_cov_urb,2011,34.68
rou,sex_t,age_aggregate_y15_24,geo_cov_urb,2012,36.268
rou,sex_t,age_aggregate_y15_24,geo_cov_urb,2013,38.907
rou,sex_t,age_aggregate_y15_24,geo_cov_urb,2014,36.894
rou,sex_t,age_aggregate_y15_24,geo_cov_urb,2015,32.989
rou,sex_t,age_aggregate_y15_24,geo_cov_urb,2016,30.229
rou,sex_t,age_aggregate_y15_24,geo_cov_urb,2017,26.298
rou,sex_t,age_aggregate_y15_24,geo_cov_urb,2018,23.915
rou,sex_t,age_aggregate_y15_24,geo_cov_urb,2019,22.049
rou,sex_t,age_aggregate_y15_24,geo_cov_urb,2020,22.73
rou,sex_t,age_aggregate_y15_24,geo_cov_urb,2021,23.774
rou,sex_t,age_aggregate_y15_24,geo_cov_urb,2022,24.239
rou,sex_t,age_aggregate_y15_24,geo_cov_urb,2023,26.045
rou,sex_t,age_aggregate_y15_24,geo_cov_urb,2024,27.738
rou,sex_t,age_aggregate_y25_54,geo_cov_nat,2009,9.034
rou,sex_t,age_aggregate_y25_54,geo_cov_nat,2010,9.633
rou,sex_t,age_aggregate_y25_54,geo_cov_nat,2011,10.246
rou,sex_t,age_aggregate_y25_54,geo_cov_nat,2012,9.8
rou,sex_t,age_aggregate_y25_54,geo_cov_nat,2013,9.947
rou,sex_t,age_aggregate_y25_54,geo_cov_nat,2014,9.478
rou,sex_t,age_aggregate_y25_54,geo_cov_nat,2015,9.226
rou,sex_t,age_aggregate_y25_54,geo_cov_nat,2016,8.455
rou,sex_t,age_aggregate_y25_54,geo_cov_nat,2017,6.814
rou,sex_t,age_aggregate_y25_54,geo_cov_nat,2018,5.863
rou,sex_t,age_aggregate_y25_54,geo_cov_nat,2019,4.292
rou,sex_t,age_aggregate_y25_54,geo_cov_nat,2020,5.385
rou,sex_t,age_aggregate_y25_54,geo_cov_nat,2021,6.705
rou,sex_t,age_aggregate_y25_54,geo_cov_nat,2022,6.467
rou,sex_t,age_aggregate_y25_54,geo_cov_nat,2023,6.652
rou,sex_t,age_aggregate_y25_54,geo_cov_nat,2024,6.527
rou,sex_t,age_aggregate_y25_54,geo_cov_rur,2009,9.526
rou,sex_t,age_aggregate_y25_54,geo_cov_rur,2010,10.133
rou,sex_t,age_aggregate_y25_54,geo_cov_rur,2011,11.834
rou,sex_t,age_aggregate_y25_54,geo_cov_rur,2012,10.554
rou,sex_t,age_aggregate_y25_54,geo_cov_rur,2013,10.329
rou,sex_t,age_aggregate_y25_54,geo_cov_rur,2014,10.843
rou,sex_t,age_aggregate_y25_54,geo_cov_rur,2015,10.707
rou,sex_t,age_aggregate_y25_54,geo_cov_rur,2016,10.646
rou,sex_t,age_aggregate_y25_54,geo_cov_rur,2017,8.738
rou,sex_t,age_aggregate_y25_54,geo_cov_rur,2018,7.492
rou,sex_t,age_aggregate_y25_54,geo_cov_rur,2019,5.51
rou,sex_t,age_aggregate_y25_54,geo_cov_rur,2020,6.548
rou,sex_t,age_aggregate_y25_54,geo_cov_rur,2021,10.513
rou,sex_t,age_aggregate_y25_54,geo_cov_rur,2022,10.089
rou,sex_t,age_aggregate_y25_54,geo_cov_rur,2023,10.202
rou,sex_t,age_aggregate_y25_54,geo_cov_rur,2024,10.367
rou,sex_t,age_aggregate_y25_54,geo_cov_urb,2009,8.405
rou,sex_t,age_aggregate_y25_54,geo_cov_urb,2010,8.966
rou,sex_t,age_aggregate_y25_54,geo_cov_urb,2011,8.155
rou,sex_t,age_aggregate_y25_54,geo_cov_urb,2012,9.337
rou,sex_t,age_aggregate_y25_54,geo_cov_urb,2013,9.711
rou,sex_t,age_aggregate_y25_54,geo_cov_urb,2014,8.651
rou,sex_t,age_aggregate_y25_54,geo_cov_urb,2015,8.292
rou,sex_t,age_aggregate_y25_54,geo_cov_urb,2016,7.052
rou,sex_t,age_aggregate_y25_54,geo_cov_urb,2017,5.704
rou,sex_t,age_aggregate_y25_54,geo_cov_urb,2018,4.964
rou,sex_t,age_aggregate_y25_54,geo_cov_urb,2019,3.613
rou,sex_t,age_aggregate_y25_54,geo_cov_urb,2020,4.737
rou,sex_t,age_aggregate_y25_54,geo_cov_urb,2021,4.762
rou,sex_t,age_aggregate_y25_54,geo_cov_urb,2022,4.597
rou,sex_t,age_aggregate_y25_54,geo_cov_urb,2023,4.579
rou,sex_t,age_aggregate_y25_54,geo_cov_urb,2024,4.385
rou,sex_t,age_aggregate_y55_64,geo_cov_nat,2009,5.031
rou,sex_t,age_aggregate_y55_64,geo_cov_nat,2010,6.048
rou,sex_t,age_aggregate_y55_64,geo_cov_nat,2011,6.812
rou,sex_t,age_aggregate_y55_64,geo_cov_nat,2012,6.193
rou,sex_t,age_aggregate_y55_64,geo_cov_nat,2013,6.259
rou,sex_t,age_aggregate_y55_64,geo_cov_nat,2014,5.692
rou,sex_t,age_aggregate_y55_64,geo_cov_nat,2015,6.671
rou,sex_t,age_aggregate_y55_64,geo_cov_nat,2016,6.027
rou,sex_t,age_aggregate_y55_64,geo_cov_nat,2017,5.38
rou,sex_t,age_aggregate_y55_64,geo_cov_nat,2018,4.225
rou,sex_t,age_aggregate_y55_64,geo_cov_nat,2019,3.296
rou,sex_t,age_aggregate_y55_64,geo_cov_nat,2020,4.384
rou,sex_t,age_aggregate_y55_64,geo_cov_nat,2021,6.224
rou,sex_t,age_aggregate_y55_64,geo_cov_nat,2022,5.816
rou,sex_t,age_aggregate_y55_64,geo_cov_nat,2023,5.985
rou,sex_t,age_aggregate_y55_64,geo_cov_nat,2024,4.663
rou,sex_t,age_aggregate_y55_64,geo_cov_rur,2009,4.461
rou,sex_t,age_aggregate_y55_64,geo_cov_rur,2010,4.966
rou,sex_t,age_aggregate_y55_64,geo_cov_rur,2011,6.055
rou,sex_t,age_aggregate_y55_64,geo_cov_rur,2012,4.686
rou,sex_t,age_aggregate_y55_64,geo_cov_rur,2013,4.543
rou,sex_t,age_aggregate_y55_64,geo_cov_rur,2014,4.243
rou,sex_t,age_aggregate_y55_64,geo_cov_rur,2015,5.987
rou,sex_t,age_aggregate_y55_64,geo_cov_rur,2016,6.181
rou,sex_t,age_aggregate_y55_64,geo_cov_rur,2017,5.372
rou,sex_t,age_aggregate_y55_64,geo_cov_rur,2018,4.553
rou,sex_t,age_aggregate_y55_64,geo_cov_rur,2019,3.526
rou,sex_t,age_aggregate_y55_64,geo_cov_rur,2020,4.378
rou,sex_t,age_aggregate_y55_64,geo_cov_rur,2021,9.728
rou,sex_t,age_aggregate_y55_64,geo_cov_rur,2022,10.05
rou,sex_t,age_aggregate_y55_64,geo_cov_rur,2023,10.461
rou,sex_t,age_aggregate_y55_64,geo_cov_rur,2024,7.267
rou,sex_t,age_aggregate_y55_64,geo_cov_urb,2009,6.308
rou,sex_t,age_aggregate_y55_64,geo_cov_urb,2010,8.476
rou,sex_t,age_aggregate_y55_64,geo_cov_urb,2011,8.347
rou,sex_t,age_aggregate_y55_64,geo_cov_urb,2012,7.755
rou,sex_t,age_aggregate_y55_64,geo_cov_urb,2013,7.95
rou,sex_t,age_aggregate_y55_64,geo_cov_urb,2014,7.076
rou,sex_t,age_aggregate_y55_64,geo_cov_urb,2015,7.257
rou,sex_t,age_aggregate_y55_64,geo_cov_urb,2016,5.902
rou,sex_t,age_aggregate_y55_64,geo_cov_urb,2017,5.385
rou,sex_t,age_aggregate_y55_64,geo_cov_urb,2018,4.001
rou,sex_t,age_aggregate_y55_64,geo_cov_urb,2019,3.142
rou,sex_t,age_aggregate_y55_64,geo_cov_urb,2020,4.388
rou,sex_t,age_aggregate_y55_64,geo_cov_urb,2021,4.367
rou,sex_t,age_aggregate_y55_64,geo_cov_urb,2022,3.467
rou,sex_t,age_aggregate_y55_64,geo_cov_urb,2023,3.37
rou,sex_t,age_aggregate_y55_64,geo_cov_urb,2024,3.181
rou,sex_t,age_aggregate_yge65,geo_cov_nat,2009,0.378
rou,sex_t,age_aggregate_yge65,geo_cov_nat,2010,0.358
rou,sex_t,age_aggregate_yge65,geo_cov_nat,2011,0.311
rou,sex_t,age_aggregate_yge65,geo_cov_nat,2012,0.443
rou,sex_t,age_aggregate_yge65,geo_cov_nat,2013,0.385
rou,sex_t,age_aggregate_yge65,geo_cov_nat,2014,0.265
rou,sex_t,age_aggregate_yge65,geo_cov_nat,2015,0.504
rou,sex_t,age_aggregate_yge65,geo_cov_nat,2016,0.494
rou,sex_t,age_aggregate_yge65,geo_cov_nat,2017,0.789
rou,sex_t,age_aggregate_yge65,geo_cov_nat,2018,0.484
rou,sex_t,age_aggregate_yge65,geo_cov_nat,2019,0.438
rou,sex_t,age_aggregate_yge65,geo_cov_nat,2020,0.845
rou,sex_t,age_aggregate_yge65,geo_cov_nat,2021,4.549
rou,sex_t,age_aggregate_yge65,geo_cov_nat,2022,4.224
rou,sex_t,age_aggregate_yge65,geo_cov_nat,2023,5.31
rou,sex_t,age_aggregate_yge65,geo_cov_nat,2024,9.438
rou,sex_t,age_aggregate_yge65,geo_cov_rur,2009,0.23
rou,sex_t,age_aggregate_yge65,geo_cov_rur,2010,0.185
rou,sex_t,age_aggregate_yge65,geo_cov_rur,2011,0.25
rou,sex_t,age_aggregate_yge65,geo_cov_rur,2012,0.105
rou,sex_t,age_aggregate_yge65,geo_cov_rur,2013,0.159
rou,sex_t,age_aggregate_yge65,geo_cov_rur,2014,0.094
rou,sex_t,age_aggregate_yge65,geo_cov_rur,2015,0.231
rou,sex_t,age_aggregate_yge65,geo_cov_rur,2016,0.359
rou,sex_t,age_aggregate_yge65,geo_cov_rur,2017,0.383
rou,sex_t,age_aggregate_yge65,geo_cov_rur,2018,0.144
rou,sex_t,age_aggregate_yge65,geo_cov_rur,2019,0.151
rou,sex_t,age_aggregate_yge65,geo_cov_rur,2020,0.509
rou,sex_t,age_aggregate_yge65,geo_cov_rur,2021,3.328
rou,sex_t,age_aggregate_yge65,geo_cov_rur,2022,2.189
rou,sex_t,age_aggregate_yge65,geo_cov_rur,2023,3.825
rou,sex_t,age_aggregate_yge65,geo_cov_rur,2024,8.124
rou,sex_t,age_aggregate_yge65,geo_cov_urb,2009,12.103
rou,sex_t,age_aggregate_yge65,geo_cov_urb,2010,15.204
rou,sex_t,age_aggregate_yge65,geo_cov_urb,2011,4.243
rou,sex_t,age_aggregate_yge65,geo_cov_urb,2012,3.002
rou,sex_t,age_aggregate_yge65,geo_cov_urb,2013,2.082
rou,sex_t,age_aggregate_yge65,geo_cov_urb,2014,1.529
rou,sex_t,age_aggregate_yge65,geo_cov_urb,2015,1.926
rou,sex_t,age_aggregate_yge65,geo_cov_urb,2016,1.082
rou,sex_t,age_aggregate_yge65,geo_cov_urb,2017,2.111
rou,sex_t,age_aggregate_yge65,geo_cov_urb,2018,1.54
rou,sex_t,age_aggregate_yge65,geo_cov_urb,2019,1.232
rou,sex_t,age_aggregate_yge65,geo_cov_urb,2020,1.907
rou,sex_t,age_aggregate_yge65,geo_cov_urb,2021,6.356
rou,sex_t,age_aggregate_yge65,geo_cov_urb,2022,7.623
rou,sex_t,age_aggregate_yge65,geo_cov_urb,2023,7.422
rou,sex_t,age_aggregate_yge65,geo_cov_urb,2024,11.21
rou,sex_t,age_ythadult_y15_24,geo_cov_nat,2009,29.062
rou,sex_t,age_ythadult_y15_24,geo_cov_nat,2010,32.109
rou,sex_t,age_ythadult_y15_24,geo_cov_nat,2011,33.663
rou,sex_t,age_ythadult_y15_24,geo_cov_nat,2012,31.592
rou,sex_t,age_ythadult_y15_24,geo_cov_nat,2013,32.945
rou,sex_t,age_ythadult_y15_24,geo_cov_nat,2014,32.888
rou,sex_t,age_ythadult_y15_24,geo_cov_nat,2015,30.425
rou,sex_t,age_ythadult_y15_24,geo_cov_nat,2016,29.573
rou,sex_t,age_ythadult_y15_24,geo_cov_nat,2017,24.94
rou,sex_t,age_ythadult_y15_24,geo_cov_nat,2018,22.041
rou,sex_t,age_ythadult_y15_24,geo_cov_nat,2019,19.865
rou,sex_t,age_ythadult_y15_24,geo_cov_nat,2020,21.522
rou,sex_t,age_ythadult_y15_24,geo_cov_nat,2021,26.889
rou,sex_t,age_ythadult_y15_24,geo_cov_nat,2022,28.353
rou,sex_t,age_ythadult_y15_24,geo_cov_nat,2023,27.529
rou,sex_t,age_ythadult_y15_24,geo_cov_nat,2024,29.992
rou,sex_t,age_ythadult_y15_24,geo_cov_rur,2009,27.382
rou,sex_t,age_ythadult_y15_24,geo_cov_rur,2010,30.661
rou,sex_t,age_ythadult_y15_24,geo_cov_rur,2011,33.261
rou,sex_t,age_ythadult_y15_24,geo_cov_rur,2012,27.491
rou,sex_t,age_ythadult_y15_24,geo_cov_rur,2013,27.779
rou,sex_t,age_ythadult_y15_24,geo_cov_rur,2014,29.779
rou,sex_t,age_ythadult_y15_24,geo_cov_rur,2015,28.444
rou,sex_t,age_ythadult_y15_24,geo_cov_rur,2016,29.143
rou,sex_t,age_ythadult_y15_24,geo_cov_rur,2017,23.957
rou,sex_t,age_ythadult_y15_24,geo_cov_rur,2018,20.68
rou,sex_t,age_ythadult_y15_24,geo_cov_rur,2019,18.279
rou,sex_t,age_ythadult_y15_24,geo_cov_rur,2020,20.626
rou,sex_t,age_ythadult_y15_24,geo_cov_rur,2021,29.483
rou,sex_t,age_ythadult_y15_24,geo_cov_rur,2022,31.688
rou,sex_t,age_ythadult_y15_24,geo_cov_rur,2023,28.678
rou,sex_t,age_ythadult_y15_24,geo_cov_rur,2024,31.744
rou,sex_t,age_ythadult_y15_24,geo_cov_urb,2009,32.836
rou,sex_t,age_ythadult_y15_24,geo_cov_urb,2010,35.768
rou,sex_t,age_ythadult_y15_24,geo_cov_urb,2011,34.68
rou,sex_t,age_ythadult_y15_24,geo_cov_urb,2012,36.268
rou,sex_t,age_ythadult_y15_24,geo_cov_urb,2013,38.907
rou,sex_t,age_ythadult_y15_24,geo_cov_urb,2014,36.894
rou,sex_t,age_ythadult_y15_24,geo_cov_urb,2015,32.989
rou,sex_t,age_ythadult_y15_24,geo_cov_urb,2016,30.229
rou,sex_t,age_ythadult_y15_24,geo_cov_urb,2017,26.298
rou,sex_t,age_ythadult_y15_24,geo_cov_urb,2018,23.915
rou,sex_t,age_ythadult_y15_24,geo_cov_urb,2019,22.049
rou,sex_t,age_ythadult_y15_24,geo_cov_urb,2020,22.73
rou,sex_t,age_ythadult_y15_24,geo_cov_urb,2021,23.774
rou,sex_t,age_ythadult_y15_24,geo_cov_urb,2022,24.239
rou,sex_t,age_ythadult_y15_24,geo_cov_urb,2023,26.045
rou,sex_t,age_ythadult_y15_24,geo_cov_urb,2024,27.738
rou,sex_t,age_ythadult_y15_64,geo_cov_nat,2009,10.736
rou,sex_t,age_ythadult_y15_64,geo_cov_nat,2010,11.339
rou,sex_t,age_ythadult_y15_64,geo_cov_nat,2011,12.024
rou,sex_t,age_ythadult_y15_64,geo_cov_nat,2012,11.307
rou,sex_t,age_ythadult_y15_64,geo_cov_nat,2013,11.452
rou,sex_t,age_ythadult_y15_64,geo_cov_nat,2014,10.876
rou,sex_t,age_ythadult_y15_64,geo_cov_nat,2015,10.667
rou,sex_t,age_ythadult_y15_64,geo_cov_nat,2016,9.729
rou,sex_t,age_ythadult_y15_64,geo_cov_nat,2017,8.008
rou,sex_t,age_ythadult_y15_64,geo_cov_nat,2018,6.842
rou,sex_t,age_ythadult_y15_64,geo_cov_nat,2019,5.272
rou,sex_t,age_ythadult_y15_64,geo_cov_nat,2020,6.418
rou,sex_t,age_ythadult_y15_64,geo_cov_nat,2021,8.06
rou,sex_t,age_ythadult_y15_64,geo_cov_nat,2022,7.848
rou,sex_t,age_ythadult_y15_64,geo_cov_nat,2023,7.853
rou,sex_t,age_ythadult_y15_64,geo_cov_nat,2024,7.823
rou,sex_t,age_ythadult_y15_64,geo_cov_rur,2009,11.109
rou,sex_t,age_ythadult_y15_64,geo_cov_rur,2010,11.739
rou,sex_t,age_ythadult_y15_64,geo_cov_rur,2011,13.454
rou,sex_t,age_ythadult_y15_64,geo_cov_rur,2012,11.6
rou,sex_t,age_ythadult_y15_64,geo_cov_rur,2013,11.377
rou,sex_t,age_ythadult_y15_64,geo_cov_rur,2014,11.904
rou,sex_t,age_ythadult_y15_64,geo_cov_rur,2015,12.056
rou,sex_t,age_ythadult_y15_64,geo_cov_rur,2016,12.038
rou,sex_t,age_ythadult_y15_64,geo_cov_rur,2017,9.991
rou,sex_t,age_ythadult_y15_64,geo_cov_rur,2018,8.564
rou,sex_t,age_ythadult_y15_64,geo_cov_rur,2019,6.622
rou,sex_t,age_ythadult_y15_64,geo_cov_rur,2020,7.786
rou,sex_t,age_ythadult_y15_64,geo_cov_rur,2021,12.471
rou,sex_t,age_ythadult_y15_64,geo_cov_rur,2022,12.318
rou,sex_t,age_ythadult_y15_64,geo_cov_rur,2023,11.946
rou,sex_t,age_ythadult_y15_64,geo_cov_rur,2024,12.081
rou,sex_t,age_ythadult_y15_64,geo_cov_urb,2009,10.2
rou,sex_t,age_ythadult_y15_64,geo_cov_urb,2010,10.739
rou,sex_t,age_ythadult_y15_64,geo_cov_urb,2011,9.923
rou,sex_t,age_ythadult_y15_64,geo_cov_urb,2012,11.103
rou,sex_t,age_ythadult_y15_64,geo_cov_urb,2013,11.504
rou,sex_t,age_ythadult_y15_64,geo_cov_urb,2014,10.169
rou,sex_t,age_ythadult_y15_64,geo_cov_urb,2015,9.698
rou,sex_t,age_ythadult_y15_64,geo_cov_urb,2016,8.094
rou,sex_t,age_ythadult_y15_64,geo_cov_urb,2017,6.746
rou,sex_t,age_ythadult_y15_64,geo_cov_urb,2018,5.792
rou,sex_t,age_ythadult_y15_64,geo_cov_urb,2019,4.447
rou,sex_t,age_ythadult_y15_64,geo_cov_urb,2020,5.585
rou,sex_t,age_ythadult_y15_64,geo_cov_urb,2021,5.649
rou,sex_t,age_ythadult_y15_64,geo_cov_urb,2022,5.369
rou,sex_t,age_ythadult_y15_64,geo_cov_urb,2023,5.335
rou,sex_t,age_ythadult_y15_64,geo_cov_urb,2024,5.294
rou,sex_t,age_ythadult_yge15,geo_cov_nat,2009,10.294
rou,sex_t,age_ythadult_yge15,geo_cov_nat,2010,10.882
rou,sex_t,age_ythadult_yge15,geo_cov_nat,2011,11.551
rou,sex_t,age_ythadult_yge15,geo_cov_nat,2012,10.874
rou,sex_t,age_ythadult_yge15,geo_cov_nat,2013,11.024
rou,sex_t,age_ythadult_yge15,geo_cov_nat,2014,10.479
rou,sex_t,age_ythadult_yge15,geo_cov_nat,2015,10.344
rou,sex_t,age_ythadult_yge15,geo_cov_nat,2016,9.447
rou,sex_t,age_ythadult_yge15,geo_cov_nat,2017,7.771
rou,sex_t,age_ythadult_yge15,geo_cov_nat,2018,6.632
rou,sex_t,age_ythadult_yge15,geo_cov_nat,2019,5.128
rou,sex_t,age_ythadult_yge15,geo_cov_nat,2020,6.264
rou,sex_t,age_ythadult_yge15,geo_cov_nat,2021,8.022
rou,sex_t,age_ythadult_yge15,geo_cov_nat,2022,7.813
rou,sex_t,age_ythadult_yge15,geo_cov_nat,2023,7.826
rou,sex_t,age_ythadult_yge15,geo_cov_nat,2024,7.84
rou,sex_t,age_ythadult_yge15,geo_cov_rur,2009,10.353
rou,sex_t,age_ythadult_yge15,geo_cov_rur,2010,10.967
rou,sex_t,age_ythadult_yge15,geo_cov_rur,2011,12.594
rou,sex_t,age_ythadult_yge15,geo_cov_rur,2012,10.658
rou,sex_t,age_ythadult_yge15,geo_cov_rur,2013,10.483
rou,sex_t,age_ythadult_yge15,geo_cov_rur,2014,10.988
rou,sex_t,age_ythadult_yge15,geo_cov_rur,2015,11.315
rou,sex_t,age_ythadult_yge15,geo_cov_rur,2016,11.36
rou,sex_t,age_ythadult_yge15,geo_cov_rur,2017,9.388
rou,sex_t,age_ythadult_yge15,geo_cov_rur,2018,8.025
rou,sex_t,age_ythadult_yge15,geo_cov_rur,2019,6.257
rou,sex_t,age_ythadult_yge15,geo_cov_rur,2020,7.394
rou,sex_t,age_ythadult_yge15,geo_cov_rur,2021,12.303
rou,sex_t,age_ythadult_yge15,geo_cov_rur,2022,12.149
rou,sex_t,age_ythadult_yge15,geo_cov_rur,2023,11.816
rou,sex_t,age_ythadult_yge15,geo_cov_rur,2024,12.017
rou,sex_t,age_ythadult_yge15,geo_cov_urb,2009,10.203
rou,sex_t,age_ythadult_yge15,geo_cov_urb,2010,10.745
rou,sex_t,age_ythadult_yge15,geo_cov_urb,2011,9.914
rou,sex_t,age_ythadult_yge15,geo_cov_urb,2012,11.037
rou,sex_t,age_ythadult_yge15,geo_cov_urb,2013,11.429
rou,sex_t,age_ythadult_yge15,geo_cov_urb,2014,10.102
rou,sex_t,age_ythadult_yge15,geo_cov_urb,2015,9.629
rou,sex_t,age_ythadult_yge15,geo_cov_urb,2016,8.024
rou,sex_t,age_ythadult_yge15,geo_cov_urb,2017,6.686
rou,sex_t,age_ythadult_yge15,geo_cov_urb,2018,5.736
rou,sex_t,age_ythadult_yge15,geo_cov_urb,2019,4.405
rou,sex_t,age_ythadult_yge15,geo_cov_urb,2020,5.545
rou,sex_t,age_ythadult_yge15,geo_cov_urb,2021,5.654
rou,sex_t,age_ythadult_yge15,geo_cov_urb,2022,5.381
rou,sex_t,age_ythadult_yge15,geo_cov_urb,2023,5.349
rou,sex_t,age_ythadult_yge15,geo_cov_urb,2024,5.337
rou,sex_t,age_ythadult_yge25,geo_cov_nat,2009,8.142
rou,sex_t,age_ythadult_yge25,geo_cov_nat,2010,8.735
rou,sex_t,age_ythadult_yge25,geo_cov_nat,2011,9.352
rou,sex_t,age_ythadult_yge25,geo_cov_nat,2012,8.899
rou,sex_t,age_ythadult_yge25,geo_cov_nat,2013,9.029
rou,sex_t,age_ythadult_yge25,geo_cov_nat,2014,8.564
rou,sex_t,age_ythadult_yge25,geo_cov_nat,2015,8.576
rou,sex_t,age_ythadult_yge25,geo_cov_nat,2016,7.854
rou,sex_t,age_ythadult_yge25,geo_cov_nat,2017,6.399
rou,sex_t,age_ythadult_yge25,geo_cov_nat,2018,5.441
rou,sex_t,age_ythadult_yge25,geo_cov_nat,2019,4.027
rou,sex_t,age_ythadult_yge25,geo_cov_nat,2020,5.11
rou,sex_t,age_ythadult_yge25,geo_cov_nat,2021,6.616
rou,sex_t,age_ythadult_yge25,geo_cov_nat,2022,6.358
rou,sex_t,age_ythadult_yge25,geo_cov_nat,2023,6.53
rou,sex_t,age_ythadult_yge25,geo_cov_nat,2024,6.262
rou,sex_t,age_ythadult_yge25,geo_cov_rur,2009,8.091
rou,sex_t,age_ythadult_yge25,geo_cov_rur,2010,8.612
rou,sex_t,age_ythadult_yge25,geo_cov_rur,2011,10.14
rou,sex_t,age_ythadult_yge25,geo_cov_rur,2012,8.623
rou,sex_t,age_ythadult_yge25,geo_cov_rur,2013,8.466
rou,sex_t,age_ythadult_yge25,geo_cov_rur,2014,8.802
rou,sex_t,age_ythadult_yge25,geo_cov_rur,2015,9.251
rou,sex_t,age_ythadult_yge25,geo_cov_rur,2016,9.301
rou,sex_t,age_ythadult_yge25,geo_cov_rur,2017,7.644
rou,sex_t,age_ythadult_yge25,geo_cov_rur,2018,6.522
rou,sex_t,age_ythadult_yge25,geo_cov_rur,2019,4.874
rou,sex_t,age_ythadult_yge25,geo_cov_rur,2020,5.863
rou,sex_t,age_ythadult_yge25,geo_cov_rur,2021,10.262
rou,sex_t,age_ythadult_yge25,geo_cov_rur,2022,9.936
rou,sex_t,age_ythadult_yge25,geo_cov_rur,2023,10.131
rou,sex_t,age_ythadult_yge25,geo_cov_rur,2024,9.829
rou,sex_t,age_ythadult_yge25,geo_cov_urb,2009,8.218
rou,sex_t,age_ythadult_yge25,geo_cov_urb,2010,8.924
rou,sex_t,age_ythadult_yge25,geo_cov_urb,2011,8.169
rou,sex_t,age_ythadult_yge25,geo_cov_urb,2012,9.098
rou,sex_t,age_ythadult_yge25,geo_cov_urb,2013,9.434
rou,sex_t,age_ythadult_yge25,geo_cov_urb,2014,8.396
rou,sex_t,age_ythadult_yge25,geo_cov_urb,2015,8.103
rou,sex_t,age_ythadult_yge25,geo_cov_urb,2016,6.838
rou,sex_t,age_ythadult_yge25,geo_cov_urb,2017,5.612
rou,sex_t,age_ythadult_yge25,geo_cov_urb,2018,4.787
rou,sex_t,age_ythadult_yge25,geo_cov_urb,2019,3.517
rou,sex_t,age_ythadult_yge25,geo_cov_urb,2020,4.657
rou,sex_t,age_ythadult_yge25,geo_cov_urb,2021,4.721
rou,sex_t,age_ythadult_yge25,geo_cov_urb,2022,4.467
rou,sex_t,age_ythadult_yge25,geo_cov_urb,2023,4.405
rou,sex_t,age_ythadult_yge25,geo_cov_urb,2024,4.245
rus,sex_f,age_aggregate_total,geo_cov_nat,2010,9.626
rus,sex_f,age_aggregate_total,geo_cov_nat,2011,8.604
rus,sex_f,age_aggregate_total,geo_cov_nat,2012,7.264
rus,sex_f,age_aggregate_total,geo_cov_nat,2013,7.543
rus,sex_f,age_aggregate_total,geo_cov_nat,2014,7.075
rus,sex_f,age_aggregate_total,geo_cov_nat,2015,7.53
rus,sex_f,age_aggregate_total,geo_cov_nat,2016,7.323
rus,sex_f,age_aggregate_total,geo_cov_nat,2017,7.051
rus,sex_f,age_aggregate_total,geo_cov_nat,2018,6.654
rus,sex_f,age_aggregate_total,geo_cov_nat,2019,6.851
rus,sex_f,age_aggregate_total,geo_cov_nat,2020,8.05
rus,sex_f,age_aggregate_total,geo_cov_nat,2021,6.857
rus,sex_f,age_aggregate_total,geo_cov_nat,2022,5.629
rus,sex_f,age_aggregate_total,geo_cov_nat,2023,4.615
rus,sex_f,age_aggregate_total,geo_cov_nat,2024,3.849
rus,sex_f,age_aggregate_total,geo_cov_rur,2010,14.607
rus,sex_f,age_aggregate_total,geo_cov_rur,2011,13.408
rus,sex_f,age_aggregate_total,geo_cov_rur,2012,11.84
rus,sex_f,age_aggregate_total,geo_cov_rur,2013,11.991
rus,sex_f,age_aggregate_total,geo_cov_rur,2014,11.76
rus,sex_f,age_aggregate_total,geo_cov_rur,2015,11.831
rus,sex_f,age_aggregate_total,geo_cov_rur,2016,11.417
rus,sex_f,age_aggregate_total,geo_cov_rur,2017,11.614
rus,sex_f,age_aggregate_total,geo_cov_rur,2018,11.076
rus,sex_f,age_aggregate_total,geo_cov_rur,2019,11.472
rus,sex_f,age_aggregate_total,geo_cov_rur,2020,12.035
rus,sex_f,age_aggregate_total,geo_cov_rur,2021,10.95
rus,sex_f,age_aggregate_total,geo_cov_rur,2022,8.799
rus,sex_f,age_aggregate_total,geo_cov_rur,2023,7.505
rus,sex_f,age_aggregate_total,geo_cov_rur,2024,6.712
rus,sex_f,age_aggregate_total,geo_cov_urb,2010,8.097
rus,sex_f,age_aggregate_total,geo_cov_urb,2011,7.131
rus,sex_f,age_aggregate_total,geo_cov_urb,2012,5.885
rus,sex_f,age_aggregate_total,geo_cov_urb,2013,6.202
rus,sex_f,age_aggregate_total,geo_cov_urb,2014,5.675
rus,sex_f,age_aggregate_total,geo_cov_urb,2015,6.251
rus,sex_f,age_aggregate_total,geo_cov_urb,2016,6.124
rus,sex_f,age_aggregate_total,geo_cov_urb,2017,5.734
rus,sex_f,age_aggregate_total,geo_cov_urb,2018,5.393
rus,sex_f,age_aggregate_total,geo_cov_urb,2019,5.546
rus,sex_f,age_aggregate_total,geo_cov_urb,2020,6.942
rus,sex_f,age_aggregate_total,geo_cov_urb,2021,5.729
rus,sex_f,age_aggregate_total,geo_cov_urb,2022,4.772
rus,sex_f,age_aggregate_total,geo_cov_urb,2023,3.81
rus,sex_f,age_aggregate_total,geo_cov_urb,2024,3.072
rus,sex_f,age_aggregate_y15_24,geo_cov_nat,2010,23.482
rus,sex_f,age_aggregate_y15_24,geo_cov_nat,2011,21.22
rus,sex_f,age_aggregate_y15_24,geo_cov_nat,2012,20.018
rus,sex_f,age_aggregate_y15_24,geo_cov_nat,2013,19.96
rus,sex_f,age_aggregate_y15_24,geo_cov_nat,2014,19.087
rus,sex_f,age_aggregate_y15_24,geo_cov_nat,2015,22.293
rus,sex_f,age_aggregate_y15_24,geo_cov_nat,2016,22.112
rus,sex_f,age_aggregate_y15_24,geo_cov_nat,2017,22.489
rus,sex_f,age_aggregate_y15_24,geo_cov_nat,2018,23.553
rus,sex_f,age_aggregate_y15_24,geo_cov_nat,2019,23.203
rus,sex_f,age_aggregate_y15_24,geo_cov_nat,2020,26.067
rus,sex_f,age_aggregate_y15_24,geo_cov_nat,2021,24.659
rus,sex_f,age_aggregate_y15_24,geo_cov_nat,2022,22.477
rus,sex_f,age_aggregate_y15_24,geo_cov_nat,2023,18.844
rus,sex_f,age_aggregate_y15_24,geo_cov_nat,2024,15.645
rus,sex_f,age_aggregate_y15_24,geo_cov_rur,2010,29.082
rus,sex_f,age_aggregate_y15_24,geo_cov_rur,2011,27.863
rus,sex_f,age_aggregate_y15_24,geo_cov_rur,2012,26.689
rus,sex_f,age_aggregate_y15_24,geo_cov_rur,2013,24.876
rus,sex_f,age_aggregate_y15_24,geo_cov_rur,2014,25.849
rus,sex_f,age_aggregate_y15_24,geo_cov_rur,2015,28.224
rus,sex_f,age_aggregate_y15_24,geo_cov_rur,2016,28.115
rus,sex_f,age_aggregate_y15_24,geo_cov_rur,2017,27.263
rus,sex_f,age_aggregate_y15_24,geo_cov_rur,2018,29.202
rus,sex_f,age_aggregate_y15_24,geo_cov_rur,2019,28.526
rus,sex_f,age_aggregate_y15_24,geo_cov_rur,2020,30.576
rus,sex_f,age_aggregate_y15_24,geo_cov_rur,2021,28.851
rus,sex_f,age_aggregate_y15_24,geo_cov_rur,2022,24.093
rus,sex_f,age_aggregate_y15_24,geo_cov_rur,2023,22.143
rus,sex_f,age_aggregate_y15_24,geo_cov_rur,2024,20.087
rus,sex_f,age_aggregate_y15_24,geo_cov_urb,2010,21.418
rus,sex_f,age_aggregate_y15_24,geo_cov_urb,2011,18.793
rus,sex_f,age_aggregate_y15_24,geo_cov_urb,2012,17.714
rus,sex_f,age_aggregate_y15_24,geo_cov_urb,2013,18.286
rus,sex_f,age_aggregate_y15_24,geo_cov_urb,2014,16.887
rus,sex_f,age_aggregate_y15_24,geo_cov_urb,2015,20.302
rus,sex_f,age_aggregate_y15_24,geo_cov_urb,2016,20.119
rus,sex_f,age_aggregate_y15_24,geo_cov_urb,2017,20.77
rus,sex_f,age_aggregate_y15_24,geo_cov_urb,2018,21.35
rus,sex_f,age_aggregate_y15_24,geo_cov_urb,2019,20.982
rus,sex_f,age_aggregate_y15_24,geo_cov_urb,2020,24.155
rus,sex_f,age_aggregate_y15_24,geo_cov_urb,2021,22.85
rus,sex_f,age_aggregate_y15_24,geo_cov_urb,2022,21.779
rus,sex_f,age_aggregate_y15_24,geo_cov_urb,2023,17.631
rus,sex_f,age_aggregate_y15_24,geo_cov_urb,2024,14.063
rus,sex_f,age_aggregate_y25_54,geo_cov_nat,2010,7.832
rus,sex_f,age_aggregate_y25_54,geo_cov_nat,2011,7.084
rus,sex_f,age_aggregate_y25_54,geo_cov_nat,2012,5.914
rus,sex_f,age_aggregate_y25_54,geo_cov_nat,2013,6.059
rus,sex_f,age_aggregate_y25_54,geo_cov_nat,2014,5.772
rus,sex_f,age_aggregate_y25_54,geo_cov_nat,2015,6.085
rus,sex_f,age_aggregate_y25_54,geo_cov_nat,2016,6.072
rus,sex_f,age_aggregate_y25_54,geo_cov_nat,2017,5.734
rus,sex_f,age_aggregate_y25_54,geo_cov_nat,2018,5.404
rus,sex_f,age_aggregate_y25_54,geo_cov_nat,2019,5.718
rus,sex_f,age_aggregate_y25_54,geo_cov_nat,2020,7.025
rus,sex_f,age_aggregate_y25_54,geo_cov_nat,2021,5.791
rus,sex_f,age_aggregate_y25_54,geo_cov_nat,2022,4.692
rus,sex_f,age_aggregate_y25_54,geo_cov_nat,2023,3.795
rus,sex_f,age_aggregate_y25_54,geo_cov_nat,2024,3.103
rus,sex_f,age_aggregate_y25_54,geo_cov_rur,2010,12.965
rus,sex_f,age_aggregate_y25_54,geo_cov_rur,2011,11.833
rus,sex_f,age_aggregate_y25_54,geo_cov_rur,2012,10.516
rus,sex_f,age_aggregate_y25_54,geo_cov_rur,2013,10.709
rus,sex_f,age_aggregate_y25_54,geo_cov_rur,2014,10.304
rus,sex_f,age_aggregate_y25_54,geo_cov_rur,2015,10.352
rus,sex_f,age_aggregate_y25_54,geo_cov_rur,2016,10.202
rus,sex_f,age_aggregate_y25_54,geo_cov_rur,2017,10.247
rus,sex_f,age_aggregate_y25_54,geo_cov_rur,2018,9.646
rus,sex_f,age_aggregate_y25_54,geo_cov_rur,2019,10.101
rus,sex_f,age_aggregate_y25_54,geo_cov_rur,2020,10.729
rus,sex_f,age_aggregate_y25_54,geo_cov_rur,2021,9.78
rus,sex_f,age_aggregate_y25_54,geo_cov_rur,2022,7.925
rus,sex_f,age_aggregate_y25_54,geo_cov_rur,2023,6.75
rus,sex_f,age_aggregate_y25_54,geo_cov_rur,2024,5.912
rus,sex_f,age_aggregate_y25_54,geo_cov_urb,2010,6.258
rus,sex_f,age_aggregate_y25_54,geo_cov_urb,2011,5.635
rus,sex_f,age_aggregate_y25_54,geo_cov_urb,2012,4.533
rus,sex_f,age_aggregate_y25_54,geo_cov_urb,2013,4.659
rus,sex_f,age_aggregate_y25_54,geo_cov_urb,2014,4.42
rus,sex_f,age_aggregate_y25_54,geo_cov_urb,2015,4.826
rus,sex_f,age_aggregate_y25_54,geo_cov_urb,2016,4.875
rus,sex_f,age_aggregate_y25_54,geo_cov_urb,2017,4.45
rus,sex_f,age_aggregate_y25_54,geo_cov_urb,2018,4.224
rus,sex_f,age_aggregate_y25_54,geo_cov_urb,2019,4.525
rus,sex_f,age_aggregate_y25_54,geo_cov_urb,2020,6.038
rus,sex_f,age_aggregate_y25_54,geo_cov_urb,2021,4.746
rus,sex_f,age_aggregate_y25_54,geo_cov_urb,2022,3.859
rus,sex_f,age_aggregate_y25_54,geo_cov_urb,2023,3.001
rus,sex_f,age_aggregate_y25_54,geo_cov_urb,2024,2.373
rus,sex_f,age_aggregate_y55_64,geo_cov_nat,2010,8.331
rus,sex_f,age_aggregate_y55_64,geo_cov_nat,2011,7.39
rus,sex_f,age_aggregate_y55_64,geo_cov_nat,2012,6.007
rus,sex_f,age_aggregate_y55_64,geo_cov_nat,2013,7.044
rus,sex_f,age_aggregate_y55_64,geo_cov_nat,2014,6.692
rus,sex_f,age_aggregate_y55_64,geo_cov_nat,2015,6.899
rus,sex_f,age_aggregate_y55_64,geo_cov_nat,2016,6.284
rus,sex_f,age_aggregate_y55_64,geo_cov_nat,2017,6.678
rus,sex_f,age_aggregate_y55_64,geo_cov_nat,2018,5.91
rus,sex_f,age_aggregate_y55_64,geo_cov_nat,2019,5.872
rus,sex_f,age_aggregate_y55_64,geo_cov_nat,2020,6.237
rus,sex_f,age_aggregate_y55_64,geo_cov_nat,2021,5.418
rus,sex_f,age_aggregate_y55_64,geo_cov_nat,2022,4.406
rus,sex_f,age_aggregate_y55_64,geo_cov_nat,2023,3.656
rus,sex_f,age_aggregate_y55_64,geo_cov_nat,2024,3.191
rus,sex_f,age_aggregate_y55_64,geo_cov_rur,2010,9.75
rus,sex_f,age_aggregate_y55_64,geo_cov_rur,2011,9.351
rus,sex_f,age_aggregate_y55_64,geo_cov_rur,2012,7.833
rus,sex_f,age_aggregate_y55_64,geo_cov_rur,2013,9.214
rus,sex_f,age_aggregate_y55_64,geo_cov_rur,2014,10.6
rus,sex_f,age_aggregate_y55_64,geo_cov_rur,2015,9.634
rus,sex_f,age_aggregate_y55_64,geo_cov_rur,2016,8.518
rus,sex_f,age_aggregate_y55_64,geo_cov_rur,2017,10.26
rus,sex_f,age_aggregate_y55_64,geo_cov_rur,2018,8.789
rus,sex_f,age_aggregate_y55_64,geo_cov_rur,2019,9.164
rus,sex_f,age_aggregate_y55_64,geo_cov_rur,2020,8.905
rus,sex_f,age_aggregate_y55_64,geo_cov_rur,2021,7.62
rus,sex_f,age_aggregate_y55_64,geo_cov_rur,2022,5.663
rus,sex_f,age_aggregate_y55_64,geo_cov_rur,2023,5.032
rus,sex_f,age_aggregate_y55_64,geo_cov_rur,2024,5.104
rus,sex_f,age_aggregate_y55_64,geo_cov_urb,2010,7.982
rus,sex_f,age_aggregate_y55_64,geo_cov_urb,2011,6.878
rus,sex_f,age_aggregate_y55_64,geo_cov_urb,2012,5.517
rus,sex_f,age_aggregate_y55_64,geo_cov_urb,2013,6.465
rus,sex_f,age_aggregate_y55_64,geo_cov_urb,2014,5.609
rus,sex_f,age_aggregate_y55_64,geo_cov_urb,2015,6.122
rus,sex_f,age_aggregate_y55_64,geo_cov_urb,2016,5.653
rus,sex_f,age_aggregate_y55_64,geo_cov_urb,2017,5.685
rus,sex_f,age_aggregate_y55_64,geo_cov_urb,2018,5.104
rus,sex_f,age_aggregate_y55_64,geo_cov_urb,2019,4.935
rus,sex_f,age_aggregate_y55_64,geo_cov_urb,2020,5.468
rus,sex_f,age_aggregate_y55_64,geo_cov_urb,2021,4.78
rus,sex_f,age_aggregate_y55_64,geo_cov_urb,2022,4.048
rus,sex_f,age_aggregate_y55_64,geo_cov_urb,2023,3.248
rus,sex_f,age_aggregate_y55_64,geo_cov_urb,2024,2.623
rus,sex_f,age_aggregate_yge65,geo_cov_nat,2010,9.629
rus,sex_f,age_aggregate_yge65,geo_cov_nat,2011,8.095
rus,sex_f,age_aggregate_yge65,geo_cov_nat,2012,7.787
rus,sex_f,age_aggregate_yge65,geo_cov_nat,2013,9.239
rus,sex_f,age_aggregate_yge65,geo_cov_nat,2014,9.335
rus,sex_f,age_aggregate_yge65,geo_cov_nat,2015,8.883
rus,sex_f,age_aggregate_yge65,geo_cov_nat,2016,8.849
rus,sex_f,age_aggregate_yge65,geo_cov_nat,2017,10.243
rus,sex_f,age_aggregate_yge65,geo_cov_nat,2018,7.934
rus,sex_f,age_aggregate_yge65,geo_cov_nat,2019,8.306
rus,sex_f,age_aggregate_yge65,geo_cov_nat,2020,7.9
rus,sex_f,age_aggregate_yge65,geo_cov_nat,2021,7.223
rus,sex_f,age_aggregate_yge65,geo_cov_nat,2022,6.569
rus,sex_f,age_aggregate_yge65,geo_cov_nat,2023,5.534
rus,sex_f,age_aggregate_yge65,geo_cov_nat,2024,5.252
rus,sex_f,age_aggregate_yge65,geo_cov_rur,2010,5.616
rus,sex_f,age_aggregate_yge65,geo_cov_rur,2011,6.163
rus,sex_f,age_aggregate_yge65,geo_cov_rur,2012,6.071
rus,sex_f,age_aggregate_yge65,geo_cov_rur,2013,8.496
rus,sex_f,age_aggregate_yge65,geo_cov_rur,2014,10.187
rus,sex_f,age_aggregate_yge65,geo_cov_rur,2015,10.051
rus,sex_f,age_aggregate_yge65,geo_cov_rur,2016,8.721
rus,sex_f,age_aggregate_yge65,geo_cov_rur,2017,11.806
rus,sex_f,age_aggregate_yge65,geo_cov_rur,2018,9.867
rus,sex_f,age_aggregate_yge65,geo_cov_rur,2019,10.852
rus,sex_f,age_aggregate_yge65,geo_cov_rur,2020,9.829
rus,sex_f,age_aggregate_yge65,geo_cov_rur,2021,8.112
rus,sex_f,age_aggregate_yge65,geo_cov_rur,2022,8.617
rus,sex_f,age_aggregate_yge65,geo_cov_rur,2023,7.247
rus,sex_f,age_aggregate_yge65,geo_cov_rur,2024,5.499
rus,sex_f,age_aggregate_yge65,geo_cov_urb,2010,11.052
rus,sex_f,age_aggregate_yge65,geo_cov_urb,2011,8.807
rus,sex_f,age_aggregate_yge65,geo_cov_urb,2012,8.405
rus,sex_f,age_aggregate_yge65,geo_cov_urb,2013,9.514
rus,sex_f,age_aggregate_yge65,geo_cov_urb,2014,9.005
rus,sex_f,age_aggregate_yge65,geo_cov_urb,2015,8.482
rus,sex_f,age_aggregate_yge65,geo_cov_urb,2016,8.894
rus,sex_f,age_aggregate_yge65,geo_cov_urb,2017,9.762
rus,sex_f,age_aggregate_yge65,geo_cov_urb,2018,7.356
rus,sex_f,age_aggregate_yge65,geo_cov_urb,2019,7.572
rus,sex_f,age_aggregate_yge65,geo_cov_urb,2020,7.349
rus,sex_f,age_aggregate_yge65,geo_cov_urb,2021,6.958
rus,sex_f,age_aggregate_yge65,geo_cov_urb,2022,5.997
rus,sex_f,age_aggregate_yge65,geo_cov_urb,2023,5.022
rus,sex_f,age_aggregate_yge65,geo_cov_urb,2024,5.178
rus,sex_f,age_ythadult_y15_24,geo_cov_nat,2010,23.482
rus,sex_f,age_ythadult_y15_24,geo_cov_nat,2011,21.22
rus,sex_f,age_ythadult_y15_24,geo_cov_nat,2012,20.018
rus,sex_f,age_ythadult_y15_24,geo_cov_nat,2013,19.96
rus,sex_f,age_ythadult_y15_24,geo_cov_nat,2014,19.087
rus,sex_f,age_ythadult_y15_24,geo_cov_nat,2015,22.293
rus,sex_f,age_ythadult_y15_24,geo_cov_nat,2016,22.112
rus,sex_f,age_ythadult_y15_24,geo_cov_nat,2017,22.489
rus,sex_f,age_ythadult_y15_24,geo_cov_nat,2018,23.553
rus,sex_f,age_ythadult_y15_24,geo_cov_nat,2019,23.203
rus,sex_f,age_ythadult_y15_24,geo_cov_nat,2020,26.067
rus,sex_f,age_ythadult_y15_24,geo_cov_nat,2021,24.659
rus,sex_f,age_ythadult_y15_24,geo_cov_nat,2022,22.477
rus,sex_f,age_ythadult_y15_24,geo_cov_nat,2023,18.844
rus,sex_f,age_ythadult_y15_24,geo_cov_nat,2024,15.645
rus,sex_f,age_ythadult_y15_24,geo_cov_rur,2010,29.082
rus,sex_f,age_ythadult_y15_24,geo_cov_rur,2011,27.863
rus,sex_f,age_ythadult_y15_24,geo_cov_rur,2012,26.689
rus,sex_f,age_ythadult_y15_24,geo_cov_rur,2013,24.876
rus,sex_f,age_ythadult_y15_24,geo_cov_rur,2014,25.849
rus,sex_f,age_ythadult_y15_24,geo_cov_rur,2015,28.224
rus,sex_f,age_ythadult_y15_24,geo_cov_rur,2016,28.115
rus,sex_f,age_ythadult_y15_24,geo_cov_rur,2017,27.263
rus,sex_f,age_ythadult_y15_24,geo_cov_rur,2018,29.202
rus,sex_f,age_ythadult_y15_24,geo_cov_rur,2019,28.526
rus,sex_f,age_ythadult_y15_24,geo_cov_rur,2020,30.576
rus,sex_f,age_ythadult_y15_24,geo_cov_rur,2021,28.851
rus,sex_f,age_ythadult_y15_24,geo_cov_rur,2022,24.093
rus,sex_f,age_ythadult_y15_24,geo_cov_rur,2023,22.143
rus,sex_f,age_ythadult_y15_24,geo_cov_rur,2024,20.087
rus,sex_f,age_ythadult_y15_24,geo_cov_urb,2010,21.418
rus,sex_f,age_ythadult_y15_24,geo_cov_urb,2011,18.793
rus,sex_f,age_ythadult_y15_24,geo_cov_urb,2012,17.714
rus,sex_f,age_ythadult_y15_24,geo_cov_urb,2013,18.286
rus,sex_f,age_ythadult_y15_24,geo_cov_urb,2014,16.887
rus,sex_f,age_ythadult_y15_24,geo_cov_urb,2015,20.302
rus,sex_f,age_ythadult_y15_24,geo_cov_urb,2016,20.119
rus,sex_f,age_ythadult_y15_24,geo_cov_urb,2017,20.77
rus,sex_f,age_ythadult_y15_24,geo_cov_urb,2018,21.35
rus,sex_f,age_ythadult_y15_24,geo_cov_urb,2019,20.982
rus,sex_f,age_ythadult_y15_24,geo_cov_urb,2020,24.155
rus,sex_f,age_ythadult_y15_24,geo_cov_urb,2021,22.85
rus,sex_f,age_ythadult_y15_24,geo_cov_urb,2022,21.779
rus,sex_f,age_ythadult_y15_24,geo_cov_urb,2023,17.631
rus,sex_f,age_ythadult_y15_24,geo_cov_urb,2024,14.063
rus,sex_f,age_ythadult_y15_64,geo_cov_nat,2010,9.626
rus,sex_f,age_ythadult_y15_64,geo_cov_nat,2011,8.611
rus,sex_f,age_ythadult_y15_64,geo_cov_nat,2012,7.257
rus,sex_f,age_ythadult_y15_64,geo_cov_nat,2013,7.52
rus,sex_f,age_ythadult_y15_64,geo_cov_nat,2014,7.045
rus,sex_f,age_ythadult_y15_64,geo_cov_nat,2015,7.51
rus,sex_f,age_ythadult_y15_64,geo_cov_nat,2016,7.299
rus,sex_f,age_ythadult_y15_64,geo_cov_nat,2017,6.992
rus,sex_f,age_ythadult_y15_64,geo_cov_nat,2018,6.628
rus,sex_f,age_ythadult_y15_64,geo_cov_nat,2019,6.817
rus,sex_f,age_ythadult_y15_64,geo_cov_nat,2020,8.054
rus,sex_f,age_ythadult_y15_64,geo_cov_nat,2021,6.849
rus,sex_f,age_ythadult_y15_64,geo_cov_nat,2022,5.609
rus,sex_f,age_ythadult_y15_64,geo_cov_nat,2023,4.596
rus,sex_f,age_ythadult_y15_64,geo_cov_nat,2024,3.814
rus,sex_f,age_ythadult_y15_64,geo_cov_rur,2010,14.732
rus,sex_f,age_ythadult_y15_64,geo_cov_rur,2011,13.513
rus,sex_f,age_ythadult_y15_64,geo_cov_rur,2012,11.921
rus,sex_f,age_ythadult_y15_64,geo_cov_rur,2013,12.047
rus,sex_f,age_ythadult_y15_64,geo_cov_rur,2014,11.786
rus,sex_f,age_ythadult_y15_64,geo_cov_rur,2015,11.86
rus,sex_f,age_ythadult_y15_64,geo_cov_rur,2016,11.463
rus,sex_f,age_ythadult_y15_64,geo_cov_rur,2017,11.61
rus,sex_f,age_ythadult_y15_64,geo_cov_rur,2018,11.102
rus,sex_f,age_ythadult_y15_64,geo_cov_rur,2019,11.487
rus,sex_f,age_ythadult_y15_64,geo_cov_rur,2020,12.086
rus,sex_f,age_ythadult_y15_64,geo_cov_rur,2021,11.016
rus,sex_f,age_ythadult_y15_64,geo_cov_rur,2022,8.802
rus,sex_f,age_ythadult_y15_64,geo_cov_rur,2023,7.511
rus,sex_f,age_ythadult_y15_64,geo_cov_rur,2024,6.745
rus,sex_f,age_ythadult_y15_64,geo_cov_urb,2010,8.062
rus,sex_f,age_ythadult_y15_64,geo_cov_urb,2011,7.111
rus,sex_f,age_ythadult_y15_64,geo_cov_urb,2012,5.856
rus,sex_f,age_ythadult_y15_64,geo_cov_urb,2013,6.16
rus,sex_f,age_ythadult_y15_64,geo_cov_urb,2014,5.633
rus,sex_f,age_ythadult_y15_64,geo_cov_urb,2015,6.22
rus,sex_f,age_ythadult_y15_64,geo_cov_urb,2016,6.084
rus,sex_f,age_ythadult_y15_64,geo_cov_urb,2017,5.66
rus,sex_f,age_ythadult_y15_64,geo_cov_urb,2018,5.352
rus,sex_f,age_ythadult_y15_64,geo_cov_urb,2019,5.5
rus,sex_f,age_ythadult_y15_64,geo_cov_urb,2020,6.932
rus,sex_f,age_ythadult_y15_64,geo_cov_urb,2021,5.703
rus,sex_f,age_ythadult_y15_64,geo_cov_urb,2022,4.746
rus,sex_f,age_ythadult_y15_64,geo_cov_urb,2023,3.785
rus,sex_f,age_ythadult_y15_64,geo_cov_urb,2024,3.02
rus,sex_f,age_ythadult_yge15,geo_cov_nat,2010,9.626
rus,sex_f,age_ythadult_yge15,geo_cov_nat,2011,8.604
rus,sex_f,age_ythadult_yge15,geo_cov_nat,2012,7.264
rus,sex_f,age_ythadult_yge15,geo_cov_nat,2013,7.543
rus,sex_f,age_ythadult_yge15,geo_cov_nat,2014,7.075
rus,sex_f,age_ythadult_yge15,geo_cov_nat,2015,7.53
rus,sex_f,age_ythadult_yge15,geo_cov_nat,2016,7.323
rus,sex_f,age_ythadult_yge15,geo_cov_nat,2017,7.051
rus,sex_f,age_ythadult_yge15,geo_cov_nat,2018,6.654
rus,sex_f,age_ythadult_yge15,geo_cov_nat,2019,6.851
rus,sex_f,age_ythadult_yge15,geo_cov_nat,2020,8.05
rus,sex_f,age_ythadult_yge15,geo_cov_nat,2021,6.857
rus,sex_f,age_ythadult_yge15,geo_cov_nat,2022,5.629
rus,sex_f,age_ythadult_yge15,geo_cov_nat,2023,4.615
rus,sex_f,age_ythadult_yge15,geo_cov_nat,2024,3.849
rus,sex_f,age_ythadult_yge15,geo_cov_rur,2010,14.607
rus,sex_f,age_ythadult_yge15,geo_cov_rur,2011,13.408
rus,sex_f,age_ythadult_yge15,geo_cov_rur,2012,11.84
rus,sex_f,age_ythadult_yge15,geo_cov_rur,2013,11.991
rus,sex_f,age_ythadult_yge15,geo_cov_rur,2014,11.76
rus,sex_f,age_ythadult_yge15,geo_cov_rur,2015,11.831
rus,sex_f,age_ythadult_yge15,geo_cov_rur,2016,11.417
rus,sex_f,age_ythadult_yge15,geo_cov_rur,2017,11.614
rus,sex_f,age_ythadult_yge15,geo_cov_rur,2018,11.076
rus,sex_f,age_ythadult_yge15,geo_cov_rur,2019,11.472
rus,sex_f,age_ythadult_yge15,geo_cov_rur,2020,12.035
rus,sex_f,age_ythadult_yge15,geo_cov_rur,2021,10.95
rus,sex_f,age_ythadult_yge15,geo_cov_rur,2022,8.799
rus,sex_f,age_ythadult_yge15,geo_cov_rur,2023,7.505
rus,sex_f,age_ythadult_yge15,geo_cov_rur,2024,6.712
rus,sex_f,age_ythadult_yge15,geo_cov_urb,2010,8.097
rus,sex_f,age_ythadult_yge15,geo_cov_urb,2011,7.131
rus,sex_f,age_ythadult_yge15,geo_cov_urb,2012,5.885
rus,sex_f,age_ythadult_yge15,geo_cov_urb,2013,6.202
rus,sex_f,age_ythadult_yge15,geo_cov_urb,2014,5.675
rus,sex_f,age_ythadult_yge15,geo_cov_urb,2015,6.251
rus,sex_f,age_ythadult_yge15,geo_cov_urb,2016,6.124
rus,sex_f,age_ythadult_yge15,geo_cov_urb,2017,5.734
rus,sex_f,age_ythadult_yge15,geo_cov_urb,2018,5.393
rus,sex_f,age_ythadult_yge15,geo_cov_urb,2019,5.546
rus,sex_f,age_ythadult_yge15,geo_cov_urb,2020,6.942
rus,sex_f,age_ythadult_yge15,geo_cov_urb,2021,5.729
rus,sex_f,age_ythadult_yge15,geo_cov_urb,2022,4.772
rus,sex_f,age_ythadult_yge15,geo_cov_urb,2023,3.81
rus,sex_f,age_ythadult_yge15,geo_cov_urb,2024,3.072
rus,sex_f,age_ythadult_yge25,geo_cov_nat,2010,7.916
rus,sex_f,age_ythadult_yge25,geo_cov_nat,2011,7.137
rus,sex_f,age_ythadult_yge25,geo_cov_nat,2012,5.951
rus,sex_f,age_ythadult_yge25,geo_cov_nat,2013,6.236
rus,sex_f,age_ythadult_yge25,geo_cov_nat,2014,5.948
rus,sex_f,age_ythadult_yge25,geo_cov_nat,2015,6.242
rus,sex_f,age_ythadult_yge25,geo_cov_nat,2016,6.146
rus,sex_f,age_ythadult_yge25,geo_cov_nat,2017,5.954
rus,sex_f,age_ythadult_yge25,geo_cov_nat,2018,5.532
rus,sex_f,age_ythadult_yge25,geo_cov_nat,2019,5.803
rus,sex_f,age_ythadult_yge25,geo_cov_nat,2020,6.924
rus,sex_f,age_ythadult_yge25,geo_cov_nat,2021,5.766
rus,sex_f,age_ythadult_yge25,geo_cov_nat,2022,4.688
rus,sex_f,age_ythadult_yge25,geo_cov_nat,2023,3.81
rus,sex_f,age_ythadult_yge25,geo_cov_nat,2024,3.173
rus,sex_f,age_ythadult_yge25,geo_cov_rur,2010,12.521
rus,sex_f,age_ythadult_yge25,geo_cov_rur,2011,11.46
rus,sex_f,age_ythadult_yge25,geo_cov_rur,2012,10.126
rus,sex_f,age_ythadult_yge25,geo_cov_rur,2013,10.488
rus,sex_f,age_ythadult_yge25,geo_cov_rur,2014,10.34
rus,sex_f,age_ythadult_yge25,geo_cov_rur,2015,10.249
rus,sex_f,age_ythadult_yge25,geo_cov_rur,2016,9.943
rus,sex_f,age_ythadult_yge25,geo_cov_rur,2017,10.281
rus,sex_f,age_ythadult_yge25,geo_cov_rur,2018,9.528
rus,sex_f,age_ythadult_yge25,geo_cov_rur,2019,9.979
rus,sex_f,age_ythadult_yge25,geo_cov_rur,2020,10.413
rus,sex_f,age_ythadult_yge25,geo_cov_rur,2021,9.381
rus,sex_f,age_ythadult_yge25,geo_cov_rur,2022,7.56
rus,sex_f,age_ythadult_yge25,geo_cov_rur,2023,6.47
rus,sex_f,age_ythadult_yge25,geo_cov_rur,2024,5.757
rus,sex_f,age_ythadult_yge25,geo_cov_urb,2010,6.536
rus,sex_f,age_ythadult_yge25,geo_cov_urb,2011,5.839
rus,sex_f,age_ythadult_yge25,geo_cov_urb,2012,4.712
rus,sex_f,age_ythadult_yge25,geo_cov_urb,2013,4.972
rus,sex_f,age_ythadult_yge25,geo_cov_urb,2014,4.646
rus,sex_f,age_ythadult_yge25,geo_cov_urb,2015,5.063
rus,sex_f,age_ythadult_yge25,geo_cov_urb,2016,5.047
rus,sex_f,age_ythadult_yge25,geo_cov_urb,2017,4.725
rus,sex_f,age_ythadult_yge25,geo_cov_urb,2018,4.418
rus,sex_f,age_ythadult_yge25,geo_cov_urb,2019,4.657
rus,sex_f,age_ythadult_yge25,geo_cov_urb,2020,5.982
rus,sex_f,age_ythadult_yge25,geo_cov_urb,2021,4.8
rus,sex_f,age_ythadult_yge25,geo_cov_urb,2022,3.935
rus,sex_f,age_ythadult_yge25,geo_cov_urb,2023,3.082
rus,sex_f,age_ythadult_yge25,geo_cov_urb,2024,2.483
rus,sex_m,age_aggregate_total,geo_cov_nat,2010,10.273
rus,sex_m,age_aggregate_total,geo_cov_nat,2011,9.093
rus,sex_m,age_aggregate_total,geo_cov_nat,2012,7.706
rus,sex_m,age_aggregate_total,geo_cov_nat,2013,7.673
rus,sex_m,age_aggregate_total,geo_cov_nat,2014,7.249
rus,sex_m,age_aggregate_total,geo_cov_nat,2015,7.552
rus,sex_m,age_aggregate_total,geo_cov_nat,2016,7.298
rus,sex_m,age_aggregate_total,geo_cov_nat,2017,6.834
rus,sex_m,age_aggregate_total,geo_cov_nat,2018,6.343
rus,sex_m,age_aggregate_total,geo_cov_nat,2019,6.818
rus,sex_m,age_aggregate_total,geo_cov_nat,2020,7.904
rus,sex_m,age_aggregate_total,geo_cov_nat,2021,6.284
rus,sex_m,age_aggregate_total,geo_cov_nat,2022,5.182
rus,sex_m,age_aggregate_total,geo_cov_nat,2023,4.143
rus,sex_m,age_aggregate_total,geo_cov_nat,2024,3.49
rus,sex_m,age_aggregate_total,geo_cov_rur,2010,14.873
rus,sex_m,age_aggregate_total,geo_cov_rur,2011,13.55
rus,sex_m,age_aggregate_total,geo_cov_rur,2012,12.11
rus,sex_m,age_aggregate_total,geo_cov_rur,2013,11.918
rus,sex_m,age_aggregate_total,geo_cov_rur,2014,11.392
rus,sex_m,age_aggregate_total,geo_cov_rur,2015,11.159
rus,sex_m,age_aggregate_total,geo_cov_rur,2016,11.036
rus,sex_m,age_aggregate_total,geo_cov_rur,2017,10.885
rus,sex_m,age_aggregate_total,geo_cov_rur,2018,9.999
rus,sex_m,age_aggregate_total,geo_cov_rur,2019,11.172
rus,sex_m,age_aggregate_total,geo_cov_rur,2020,12.043
rus,sex_m,age_aggregate_total,geo_cov_rur,2021,9.732
rus,sex_m,age_aggregate_total,geo_cov_rur,2022,7.861
rus,sex_m,age_aggregate_total,geo_cov_rur,2023,6.616
rus,sex_m,age_aggregate_total,geo_cov_rur,2024,5.922
rus,sex_m,age_aggregate_total,geo_cov_urb,2010,8.635
rus,sex_m,age_aggregate_total,geo_cov_urb,2011,7.516
rus,sex_m,age_aggregate_total,geo_cov_urb,2012,6.178
rus,sex_m,age_aggregate_total,geo_cov_urb,2013,6.194
rus,sex_m,age_aggregate_total,geo_cov_urb,2014,5.821
rus,sex_m,age_aggregate_total,geo_cov_urb,2015,6.31
rus,sex_m,age_aggregate_total,geo_cov_urb,2016,6.006
rus,sex_m,age_aggregate_total,geo_cov_urb,2017,5.452
rus,sex_m,age_aggregate_total,geo_cov_urb,2018,5.102
rus,sex_m,age_aggregate_total,geo_cov_urb,2019,5.357
rus,sex_m,age_aggregate_total,geo_cov_urb,2020,6.525
rus,sex_m,age_aggregate_total,geo_cov_urb,2021,5.14
rus,sex_m,age_aggregate_total,geo_cov_urb,2022,4.302
rus,sex_m,age_aggregate_total,geo_cov_urb,2023,3.322
rus,sex_m,age_aggregate_total,geo_cov_urb,2024,2.701
rus,sex_m,age_aggregate_y15_24,geo_cov_nat,2010,21.901
rus,sex_m,age_aggregate_y15_24,geo_cov_nat,2011,19.661
rus,sex_m,age_aggregate_y15_24,geo_cov_nat,2012,18.627
rus,sex_m,age_aggregate_y15_24,geo_cov_nat,2013,17.339
rus,sex_m,age_aggregate_y15_24,geo_cov_nat,2014,17.339
rus,sex_m,age_aggregate_y15_24,geo_cov_nat,2015,19.512
rus,sex_m,age_aggregate_y15_24,geo_cov_nat,2016,19.788
rus,sex_m,age_aggregate_y15_24,geo_cov_nat,2017,19.97
rus,sex_m,age_aggregate_y15_24,geo_cov_nat,2018,21.193
rus,sex_m,age_aggregate_y15_24,geo_cov_nat,2019,21.474
rus,sex_m,age_aggregate_y15_24,geo_cov_nat,2020,23.122
rus,sex_m,age_aggregate_y15_24,geo_cov_nat,2021,21.672
rus,sex_m,age_aggregate_y15_24,geo_cov_nat,2022,19.935
rus,sex_m,age_aggregate_y15_24,geo_cov_nat,2023,16.632
rus,sex_m,age_aggregate_y15_24,geo_cov_nat,2024,14.05
rus,sex_m,age_aggregate_y15_24,geo_cov_rur,2010,25.035
rus,sex_m,age_aggregate_y15_24,geo_cov_rur,2011,22.937
rus,sex_m,age_aggregate_y15_24,geo_cov_rur,2012,22.344
rus,sex_m,age_aggregate_y15_24,geo_cov_rur,2013,20.094
rus,sex_m,age_aggregate_y15_24,geo_cov_rur,2014,21.508
rus,sex_m,age_aggregate_y15_24,geo_cov_rur,2015,22.397
rus,sex_m,age_aggregate_y15_24,geo_cov_rur,2016,23.043
rus,sex_m,age_aggregate_y15_24,geo_cov_rur,2017,22.456
rus,sex_m,age_aggregate_y15_24,geo_cov_rur,2018,23.861
rus,sex_m,age_aggregate_y15_24,geo_cov_rur,2019,25.145
rus,sex_m,age_aggregate_y15_24,geo_cov_rur,2020,26.17
rus,sex_m,age_aggregate_y15_24,geo_cov_rur,2021,23.253
rus,sex_m,age_aggregate_y15_24,geo_cov_rur,2022,20.805
rus,sex_m,age_aggregate_y15_24,geo_cov_rur,2023,17.604
rus,sex_m,age_aggregate_y15_24,geo_cov_rur,2024,16.591
rus,sex_m,age_aggregate_y15_24,geo_cov_urb,2010,20.554
rus,sex_m,age_aggregate_y15_24,geo_cov_urb,2011,18.279
rus,sex_m,age_aggregate_y15_24,geo_cov_urb,2012,17.094
rus,sex_m,age_aggregate_y15_24,geo_cov_urb,2013,16.21
rus,sex_m,age_aggregate_y15_24,geo_cov_urb,2014,15.663
rus,sex_m,age_aggregate_y15_24,geo_cov_urb,2015,18.353
rus,sex_m,age_aggregate_y15_24,geo_cov_urb,2016,18.416
rus,sex_m,age_aggregate_y15_24,geo_cov_urb,2017,18.898
rus,sex_m,age_aggregate_y15_24,geo_cov_urb,2018,19.967
rus,sex_m,age_aggregate_y15_24,geo_cov_urb,2019,19.747
rus,sex_m,age_aggregate_y15_24,geo_cov_urb,2020,21.661
rus,sex_m,age_aggregate_y15_24,geo_cov_urb,2021,20.913
rus,sex_m,age_aggregate_y15_24,geo_cov_urb,2022,19.511
rus,sex_m,age_aggregate_y15_24,geo_cov_urb,2023,16.233
rus,sex_m,age_aggregate_y15_24,geo_cov_urb,2024,13.063
rus,sex_m,age_aggregate_y25_54,geo_cov_nat,2010,8.514
rus,sex_m,age_aggregate_y25_54,geo_cov_nat,2011,7.507
rus,sex_m,age_aggregate_y25_54,geo_cov_nat,2012,6.23
rus,sex_m,age_aggregate_y25_54,geo_cov_nat,2013,6.29
rus,sex_m,age_aggregate_y25_54,geo_cov_nat,2014,5.869
rus,sex_m,age_aggregate_y25_54,geo_cov_nat,2015,6.126
rus,sex_m,age_aggregate_y25_54,geo_cov_nat,2016,5.904
rus,sex_m,age_aggregate_y25_54,geo_cov_nat,2017,5.44
rus,sex_m,age_aggregate_y25_54,geo_cov_nat,2018,4.984
rus,sex_m,age_aggregate_y25_54,geo_cov_nat,2019,5.457
rus,sex_m,age_aggregate_y25_54,geo_cov_nat,2020,6.61
rus,sex_m,age_aggregate_y25_54,geo_cov_nat,2021,4.944
rus,sex_m,age_aggregate_y25_54,geo_cov_nat,2022,4.076
rus,sex_m,age_aggregate_y25_54,geo_cov_nat,2023,3.081
rus,sex_m,age_aggregate_y25_54,geo_cov_nat,2024,2.506
rus,sex_m,age_aggregate_y25_54,geo_cov_rur,2010,13.331
rus,sex_m,age_aggregate_y25_54,geo_cov_rur,2011,12.018
rus,sex_m,age_aggregate_y25_54,geo_cov_rur,2012,10.73
rus,sex_m,age_aggregate_y25_54,geo_cov_rur,2013,10.766
rus,sex_m,age_aggregate_y25_54,geo_cov_rur,2014,9.889
rus,sex_m,age_aggregate_y25_54,geo_cov_rur,2015,9.687
rus,sex_m,age_aggregate_y25_54,geo_cov_rur,2016,9.699
rus,sex_m,age_aggregate_y25_54,geo_cov_rur,2017,9.485
rus,sex_m,age_aggregate_y25_54,geo_cov_rur,2018,8.482
rus,sex_m,age_aggregate_y25_54,geo_cov_rur,2019,9.6
rus,sex_m,age_aggregate_y25_54,geo_cov_rur,2020,10.711
rus,sex_m,age_aggregate_y25_54,geo_cov_rur,2021,8.269
rus,sex_m,age_aggregate_y25_54,geo_cov_rur,2022,6.71
rus,sex_m,age_aggregate_y25_54,geo_cov_rur,2023,5.749
rus,sex_m,age_aggregate_y25_54,geo_cov_rur,2024,4.891
rus,sex_m,age_aggregate_y25_54,geo_cov_urb,2010,6.84
rus,sex_m,age_aggregate_y25_54,geo_cov_urb,2011,5.949
rus,sex_m,age_aggregate_y25_54,geo_cov_urb,2012,4.705
rus,sex_m,age_aggregate_y25_54,geo_cov_urb,2013,4.77
rus,sex_m,age_aggregate_y25_54,geo_cov_urb,2014,4.526
rus,sex_m,age_aggregate_y25_54,geo_cov_urb,2015,4.938
rus,sex_m,age_aggregate_y25_54,geo_cov_urb,2016,4.648
rus,sex_m,age_aggregate_y25_54,geo_cov_urb,2017,4.121
rus,sex_m,age_aggregate_y25_54,geo_cov_urb,2018,3.862
rus,sex_m,age_aggregate_y25_54,geo_cov_urb,2019,4.15
rus,sex_m,age_aggregate_y25_54,geo_cov_urb,2020,5.331
rus,sex_m,age_aggregate_y25_54,geo_cov_urb,2021,3.912
rus,sex_m,age_aggregate_y25_54,geo_cov_urb,2022,3.266
rus,sex_m,age_aggregate_y25_54,geo_cov_urb,2023,2.245
rus,sex_m,age_aggregate_y25_54,geo_cov_urb,2024,1.776
rus,sex_m,age_aggregate_y55_64,geo_cov_nat,2010,8.451
rus,sex_m,age_aggregate_y55_64,geo_cov_nat,2011,7.898
rus,sex_m,age_aggregate_y55_64,geo_cov_nat,2012,6.57
rus,sex_m,age_aggregate_y55_64,geo_cov_nat,2013,7.014
rus,sex_m,age_aggregate_y55_64,geo_cov_nat,2014,7.01
rus,sex_m,age_aggregate_y55_64,geo_cov_nat,2015,7.005
rus,sex_m,age_aggregate_y55_64,geo_cov_nat,2016,6.77
rus,sex_m,age_aggregate_y55_64,geo_cov_nat,2017,6.804
rus,sex_m,age_aggregate_y55_64,geo_cov_nat,2018,5.791
rus,sex_m,age_aggregate_y55_64,geo_cov_nat,2019,6.484
rus,sex_m,age_aggregate_y55_64,geo_cov_nat,2020,7.289
rus,sex_m,age_aggregate_y55_64,geo_cov_nat,2021,6.024
rus,sex_m,age_aggregate_y55_64,geo_cov_nat,2022,4.515
rus,sex_m,age_aggregate_y55_64,geo_cov_nat,2023,3.845
rus,sex_m,age_aggregate_y55_64,geo_cov_nat,2024,3.425
rus,sex_m,age_aggregate_y55_64,geo_cov_rur,2010,11.766
rus,sex_m,age_aggregate_y55_64,geo_cov_rur,2011,12.075
rus,sex_m,age_aggregate_y55_64,geo_cov_rur,2012,9.934
rus,sex_m,age_aggregate_y55_64,geo_cov_rur,2013,10.493
rus,sex_m,age_aggregate_y55_64,geo_cov_rur,2014,10.82
rus,sex_m,age_aggregate_y55_64,geo_cov_rur,2015,10.472
rus,sex_m,age_aggregate_y55_64,geo_cov_rur,2016,9.467
rus,sex_m,age_aggregate_y55_64,geo_cov_rur,2017,10.42
rus,sex_m,age_aggregate_y55_64,geo_cov_rur,2018,9.034
rus,sex_m,age_aggregate_y55_64,geo_cov_rur,2019,10.351
rus,sex_m,age_aggregate_y55_64,geo_cov_rur,2020,10.374
rus,sex_m,age_aggregate_y55_64,geo_cov_rur,2021,9.014
rus,sex_m,age_aggregate_y55_64,geo_cov_rur,2022,6.535
rus,sex_m,age_aggregate_y55_64,geo_cov_rur,2023,5.471
rus,sex_m,age_aggregate_y55_64,geo_cov_rur,2024,5.424
rus,sex_m,age_aggregate_y55_64,geo_cov_urb,2010,7.358
rus,sex_m,age_aggregate_y55_64,geo_cov_urb,2011,6.481
rus,sex_m,age_aggregate_y55_64,geo_cov_urb,2012,5.419
rus,sex_m,age_aggregate_y55_64,geo_cov_urb,2013,5.804
rus,sex_m,age_aggregate_y55_64,geo_cov_urb,2014,5.651
rus,sex_m,age_aggregate_y55_64,geo_cov_urb,2015,5.734
rus,sex_m,age_aggregate_y55_64,geo_cov_urb,2016,5.747
rus,sex_m,age_aggregate_y55_64,geo_cov_urb,2017,5.436
rus,sex_m,age_aggregate_y55_64,geo_cov_urb,2018,4.551
rus,sex_m,age_aggregate_y55_64,geo_cov_urb,2019,5.012
rus,sex_m,age_aggregate_y55_64,geo_cov_urb,2020,6.118
rus,sex_m,age_aggregate_y55_64,geo_cov_urb,2021,4.886
rus,sex_m,age_aggregate_y55_64,geo_cov_urb,2022,3.757
rus,sex_m,age_aggregate_y55_64,geo_cov_urb,2023,3.21
rus,sex_m,age_aggregate_y55_64,geo_cov_urb,2024,2.662
rus,sex_m,age_aggregate_yge65,geo_cov_nat,2010,8.117
rus,sex_m,age_aggregate_yge65,geo_cov_nat,2011,7.135
rus,sex_m,age_aggregate_yge65,geo_cov_nat,2012,7.154
rus,sex_m,age_aggregate_yge65,geo_cov_nat,2013,7.984
rus,sex_m,age_aggregate_yge65,geo_cov_nat,2014,8.315
rus,sex_m,age_aggregate_yge65,geo_cov_nat,2015,7.489
rus,sex_m,age_aggregate_yge65,geo_cov_nat,2016,7.655
rus,sex_m,age_aggregate_yge65,geo_cov_nat,2017,7.744
rus,sex_m,age_aggregate_yge65,geo_cov_nat,2018,6.968
rus,sex_m,age_aggregate_yge65,geo_cov_nat,2019,8.211
rus,sex_m,age_aggregate_yge65,geo_cov_nat,2020,7.644
rus,sex_m,age_aggregate_yge65,geo_cov_nat,2021,6.453
rus,sex_m,age_aggregate_yge65,geo_cov_nat,2022,5.921
rus,sex_m,age_aggregate_yge65,geo_cov_nat,2023,5.261
rus,sex_m,age_aggregate_yge65,geo_cov_nat,2024,4.748
rus,sex_m,age_aggregate_yge65,geo_cov_rur,2010,7.944
rus,sex_m,age_aggregate_yge65,geo_cov_rur,2011,7.206
rus,sex_m,age_aggregate_yge65,geo_cov_rur,2012,7.213
rus,sex_m,age_aggregate_yge65,geo_cov_rur,2013,8.436
rus,sex_m,age_aggregate_yge65,geo_cov_rur,2014,10.827
rus,sex_m,age_aggregate_yge65,geo_cov_rur,2015,8.634
rus,sex_m,age_aggregate_yge65,geo_cov_rur,2016,7.705
rus,sex_m,age_aggregate_yge65,geo_cov_rur,2017,11.055
rus,sex_m,age_aggregate_yge65,geo_cov_rur,2018,8.507
rus,sex_m,age_aggregate_yge65,geo_cov_rur,2019,10.368
rus,sex_m,age_aggregate_yge65,geo_cov_rur,2020,8.713
rus,sex_m,age_aggregate_yge65,geo_cov_rur,2021,8.237
rus,sex_m,age_aggregate_yge65,geo_cov_rur,2022,6.6
rus,sex_m,age_aggregate_yge65,geo_cov_rur,2023,5.744
rus,sex_m,age_aggregate_yge65,geo_cov_rur,2024,5.781
rus,sex_m,age_aggregate_yge65,geo_cov_urb,2010,8.183
rus,sex_m,age_aggregate_yge65,geo_cov_urb,2011,7.112
rus,sex_m,age_aggregate_yge65,geo_cov_urb,2012,7.135
rus,sex_m,age_aggregate_yge65,geo_cov_urb,2013,7.822
rus,sex_m,age_aggregate_yge65,geo_cov_urb,2014,7.297
rus,sex_m,age_aggregate_yge65,geo_cov_urb,2015,7.071
rus,sex_m,age_aggregate_yge65,geo_cov_urb,2016,7.636
rus,sex_m,age_aggregate_yge65,geo_cov_urb,2017,6.648
rus,sex_m,age_aggregate_yge65,geo_cov_urb,2018,6.448
rus,sex_m,age_aggregate_yge65,geo_cov_urb,2019,7.436
rus,sex_m,age_aggregate_yge65,geo_cov_urb,2020,7.258
rus,sex_m,age_aggregate_yge65,geo_cov_urb,2021,5.832
rus,sex_m,age_aggregate_yge65,geo_cov_urb,2022,5.67
rus,sex_m,age_aggregate_yge65,geo_cov_urb,2023,5.092
rus,sex_m,age_aggregate_yge65,geo_cov_urb,2024,4.364
rus,sex_m,age_ythadult_y15_24,geo_cov_nat,2010,21.901
rus,sex_m,age_ythadult_y15_24,geo_cov_nat,2011,19.661
rus,sex_m,age_ythadult_y15_24,geo_cov_nat,2012,18.627
rus,sex_m,age_ythadult_y15_24,geo_cov_nat,2013,17.339
rus,sex_m,age_ythadult_y15_24,geo_cov_nat,2014,17.339
rus,sex_m,age_ythadult_y15_24,geo_cov_nat,2015,19.512
rus,sex_m,age_ythadult_y15_24,geo_cov_nat,2016,19.788
rus,sex_m,age_ythadult_y15_24,geo_cov_nat,2017,19.97
rus,sex_m,age_ythadult_y15_24,geo_cov_nat,2018,21.193
rus,sex_m,age_ythadult_y15_24,geo_cov_nat,2019,21.474
rus,sex_m,age_ythadult_y15_24,geo_cov_nat,2020,23.122
rus,sex_m,age_ythadult_y15_24,geo_cov_nat,2021,21.672
rus,sex_m,age_ythadult_y15_24,geo_cov_nat,2022,19.935
rus,sex_m,age_ythadult_y15_24,geo_cov_nat,2023,16.632
rus,sex_m,age_ythadult_y15_24,geo_cov_nat,2024,14.05
rus,sex_m,age_ythadult_y15_24,geo_cov_rur,2010,25.035
rus,sex_m,age_ythadult_y15_24,geo_cov_rur,2011,22.937
rus,sex_m,age_ythadult_y15_24,geo_cov_rur,2012,22.344
rus,sex_m,age_ythadult_y15_24,geo_cov_rur,2013,20.094
rus,sex_m,age_ythadult_y15_24,geo_cov_rur,2014,21.508
rus,sex_m,age_ythadult_y15_24,geo_cov_rur,2015,22.397
rus,sex_m,age_ythadult_y15_24,geo_cov_rur,2016,23.043
rus,sex_m,age_ythadult_y15_24,geo_cov_rur,2017,22.456
rus,sex_m,age_ythadult_y15_24,geo_cov_rur,2018,23.861
rus,sex_m,age_ythadult_y15_24,geo_cov_rur,2019,25.145
rus,sex_m,age_ythadult_y15_24,geo_cov_rur,2020,26.17
rus,sex_m,age_ythadult_y15_24,geo_cov_rur,2021,23.253
rus,sex_m,age_ythadult_y15_24,geo_cov_rur,2022,20.805
rus,sex_m,age_ythadult_y15_24,geo_cov_rur,2023,17.604
rus,sex_m,age_ythadult_y15_24,geo_cov_rur,2024,16.591
rus,sex_m,age_ythadult_y15_24,geo_cov_urb,2010,20.554
rus,sex_m,age_ythadult_y15_24,geo_cov_urb,2011,18.279
rus,sex_m,age_ythadult_y15_24,geo_cov_urb,2012,17.094
rus,sex_m,age_ythadult_y15_24,geo_cov_urb,2013,16.21
rus,sex_m,age_ythadult_y15_24,geo_cov_urb,2014,15.663
rus,sex_m,age_ythadult_y15_24,geo_cov_urb,2015,18.353
rus,sex_m,age_ythadult_y15_24,geo_cov_urb,2016,18.416
rus,sex_m,age_ythadult_y15_24,geo_cov_urb,2017,18.898
rus,sex_m,age_ythadult_y15_24,geo_cov_urb,2018,19.967
rus,sex_m,age_ythadult_y15_24,geo_cov_urb,2019,19.747
rus,sex_m,age_ythadult_y15_24,geo_cov_urb,2020,21.661
rus,sex_m,age_ythadult_y15_24,geo_cov_urb,2021,20.913
rus,sex_m,age_ythadult_y15_24,geo_cov_urb,2022,19.511
rus,sex_m,age_ythadult_y15_24,geo_cov_urb,2023,16.233
rus,sex_m,age_ythadult_y15_24,geo_cov_urb,2024,13.063
rus,sex_m,age_ythadult_y15_64,geo_cov_nat,2010,10.296
rus,sex_m,age_ythadult_y15_64,geo_cov_nat,2011,9.114
rus,sex_m,age_ythadult_y15_64,geo_cov_nat,2012,7.712
rus,sex_m,age_ythadult_y15_64,geo_cov_nat,2013,7.67
rus,sex_m,age_ythadult_y15_64,geo_cov_nat,2014,7.238
rus,sex_m,age_ythadult_y15_64,geo_cov_nat,2015,7.553
rus,sex_m,age_ythadult_y15_64,geo_cov_nat,2016,7.294
rus,sex_m,age_ythadult_y15_64,geo_cov_nat,2017,6.821
rus,sex_m,age_ythadult_y15_64,geo_cov_nat,2018,6.333
rus,sex_m,age_ythadult_y15_64,geo_cov_nat,2019,6.794
rus,sex_m,age_ythadult_y15_64,geo_cov_nat,2020,7.909
rus,sex_m,age_ythadult_y15_64,geo_cov_nat,2021,6.282
rus,sex_m,age_ythadult_y15_64,geo_cov_nat,2022,5.169
rus,sex_m,age_ythadult_y15_64,geo_cov_nat,2023,4.122
rus,sex_m,age_ythadult_y15_64,geo_cov_nat,2024,3.463
rus,sex_m,age_ythadult_y15_64,geo_cov_rur,2010,14.952
rus,sex_m,age_ythadult_y15_64,geo_cov_rur,2011,13.614
rus,sex_m,age_ythadult_y15_64,geo_cov_rur,2012,12.159
rus,sex_m,age_ythadult_y15_64,geo_cov_rur,2013,11.956
rus,sex_m,age_ythadult_y15_64,geo_cov_rur,2014,11.399
rus,sex_m,age_ythadult_y15_64,geo_cov_rur,2015,11.188
rus,sex_m,age_ythadult_y15_64,geo_cov_rur,2016,11.078
rus,sex_m,age_ythadult_y15_64,geo_cov_rur,2017,10.883
rus,sex_m,age_ythadult_y15_64,geo_cov_rur,2018,10.022
rus,sex_m,age_ythadult_y15_64,geo_cov_rur,2019,11.187
rus,sex_m,age_ythadult_y15_64,geo_cov_rur,2020,12.106
rus,sex_m,age_ythadult_y15_64,geo_cov_rur,2021,9.76
rus,sex_m,age_ythadult_y15_64,geo_cov_rur,2022,7.885
rus,sex_m,age_ythadult_y15_64,geo_cov_rur,2023,6.633
rus,sex_m,age_ythadult_y15_64,geo_cov_rur,2024,5.925
rus,sex_m,age_ythadult_y15_64,geo_cov_urb,2010,8.64
rus,sex_m,age_ythadult_y15_64,geo_cov_urb,2011,7.521
rus,sex_m,age_ythadult_y15_64,geo_cov_urb,2012,6.167
rus,sex_m,age_ythadult_y15_64,geo_cov_urb,2013,6.176
rus,sex_m,age_ythadult_y15_64,geo_cov_urb,2014,5.807
rus,sex_m,age_ythadult_y15_64,geo_cov_urb,2015,6.301
rus,sex_m,age_ythadult_y15_64,geo_cov_urb,2016,5.988
rus,sex_m,age_ythadult_y15_64,geo_cov_urb,2017,5.434
rus,sex_m,age_ythadult_y15_64,geo_cov_urb,2018,5.081
rus,sex_m,age_ythadult_y15_64,geo_cov_urb,2019,5.321
rus,sex_m,age_ythadult_y15_64,geo_cov_urb,2020,6.512
rus,sex_m,age_ythadult_y15_64,geo_cov_urb,2021,5.128
rus,sex_m,age_ythadult_y15_64,geo_cov_urb,2022,4.278
rus,sex_m,age_ythadult_y15_64,geo_cov_urb,2023,3.289
rus,sex_m,age_ythadult_y15_64,geo_cov_urb,2024,2.667
rus,sex_m,age_ythadult_yge15,geo_cov_nat,2010,10.273
rus,sex_m,age_ythadult_yge15,geo_cov_nat,2011,9.093
rus,sex_m,age_ythadult_yge15,geo_cov_nat,2012,7.706
rus,sex_m,age_ythadult_yge15,geo_cov_nat,2013,7.673
rus,sex_m,age_ythadult_yge15,geo_cov_nat,2014,7.249
rus,sex_m,age_ythadult_yge15,geo_cov_nat,2015,7.552
rus,sex_m,age_ythadult_yge15,geo_cov_nat,2016,7.298
rus,sex_m,age_ythadult_yge15,geo_cov_nat,2017,6.834
rus,sex_m,age_ythadult_yge15,geo_cov_nat,2018,6.343
rus,sex_m,age_ythadult_yge15,geo_cov_nat,2019,6.818
rus,sex_m,age_ythadult_yge15,geo_cov_nat,2020,7.904
rus,sex_m,age_ythadult_yge15,geo_cov_nat,2021,6.284
rus,sex_m,age_ythadult_yge15,geo_cov_nat,2022,5.182
rus,sex_m,age_ythadult_yge15,geo_cov_nat,2023,4.143
rus,sex_m,age_ythadult_yge15,geo_cov_nat,2024,3.49
rus,sex_m,age_ythadult_yge15,geo_cov_rur,2010,14.873
rus,sex_m,age_ythadult_yge15,geo_cov_rur,2011,13.55
rus,sex_m,age_ythadult_yge15,geo_cov_rur,2012,12.11
rus,sex_m,age_ythadult_yge15,geo_cov_rur,2013,11.918
rus,sex_m,age_ythadult_yge15,geo_cov_rur,2014,11.392
rus,sex_m,age_ythadult_yge15,geo_cov_rur,2015,11.159
rus,sex_m,age_ythadult_yge15,geo_cov_rur,2016,11.036
rus,sex_m,age_ythadult_yge15,geo_cov_rur,2017,10.885
rus,sex_m,age_ythadult_yge15,geo_cov_rur,2018,9.999
rus,sex_m,age_ythadult_yge15,geo_cov_rur,2019,11.172
rus,sex_m,age_ythadult_yge15,geo_cov_rur,2020,12.043
rus,sex_m,age_ythadult_yge15,geo_cov_rur,2021,9.732
rus,sex_m,age_ythadult_yge15,geo_cov_rur,2022,7.861
rus,sex_m,age_ythadult_yge15,geo_cov_rur,2023,6.616
rus,sex_m,age_ythadult_yge15,geo_cov_rur,2024,5.922
rus,sex_m,age_ythadult_yge15,geo_cov_urb,2010,8.635
rus,sex_m,age_ythadult_yge15,geo_cov_urb,2011,7.516
rus,sex_m,age_ythadult_yge15,geo_cov_urb,2012,6.178
rus,sex_m,age_ythadult_yge15,geo_cov_urb,2013,6.194
rus,sex_m,age_ythadult_yge15,geo_cov_urb,2014,5.821
rus,sex_m,age_ythadult_yge15,geo_cov_urb,2015,6.31
rus,sex_m,age_ythadult_yge15,geo_cov_urb,2016,6.006
rus,sex_m,age_ythadult_yge15,geo_cov_urb,2017,5.452
rus,sex_m,age_ythadult_yge15,geo_cov_urb,2018,5.102
rus,sex_m,age_ythadult_yge15,geo_cov_urb,2019,5.357
rus,sex_m,age_ythadult_yge15,geo_cov_urb,2020,6.525
rus,sex_m,age_ythadult_yge15,geo_cov_urb,2021,5.14
rus,sex_m,age_ythadult_yge15,geo_cov_urb,2022,4.302
rus,sex_m,age_ythadult_yge15,geo_cov_urb,2023,3.322
rus,sex_m,age_ythadult_yge15,geo_cov_urb,2024,2.701
rus,sex_m,age_ythadult_yge25,geo_cov_nat,2010,8.501
rus,sex_m,age_ythadult_yge25,geo_cov_nat,2011,7.556
rus,sex_m,age_ythadult_yge25,geo_cov_nat,2012,6.288
rus,sex_m,age_ythadult_yge25,geo_cov_nat,2013,6.412
rus,sex_m,age_ythadult_yge25,geo_cov_nat,2014,6.06
rus,sex_m,age_ythadult_yge25,geo_cov_nat,2015,6.271
rus,sex_m,age_ythadult_yge25,geo_cov_nat,2016,6.054
rus,sex_m,age_ythadult_yge25,geo_cov_nat,2017,5.683
rus,sex_m,age_ythadult_yge25,geo_cov_nat,2018,5.143
rus,sex_m,age_ythadult_yge25,geo_cov_nat,2019,5.67
rus,sex_m,age_ythadult_yge25,geo_cov_nat,2020,6.739
rus,sex_m,age_ythadult_yge25,geo_cov_nat,2021,5.152
rus,sex_m,age_ythadult_yge25,geo_cov_nat,2022,4.183
rus,sex_m,age_ythadult_yge25,geo_cov_nat,2023,3.256
rus,sex_m,age_ythadult_yge25,geo_cov_nat,2024,2.717
rus,sex_m,age_ythadult_yge25,geo_cov_rur,2010,13.059
rus,sex_m,age_ythadult_yge25,geo_cov_rur,2011,11.97
rus,sex_m,age_ythadult_yge25,geo_cov_rur,2012,10.578
rus,sex_m,age_ythadult_yge25,geo_cov_rur,2013,10.698
rus,sex_m,age_ythadult_yge25,geo_cov_rur,2014,10.039
rus,sex_m,age_ythadult_yge25,geo_cov_rur,2015,9.795
rus,sex_m,age_ythadult_yge25,geo_cov_rur,2016,9.634
rus,sex_m,age_ythadult_yge25,geo_cov_rur,2017,9.665
rus,sex_m,age_ythadult_yge25,geo_cov_rur,2018,8.578
rus,sex_m,age_ythadult_yge25,geo_cov_rur,2019,9.748
rus,sex_m,age_ythadult_yge25,geo_cov_rur,2020,10.609
rus,sex_m,age_ythadult_yge25,geo_cov_rur,2021,8.409
rus,sex_m,age_ythadult_yge25,geo_cov_rur,2022,6.675
rus,sex_m,age_ythadult_yge25,geo_cov_rur,2023,5.694
rus,sex_m,age_ythadult_yge25,geo_cov_rur,2024,5.02
rus,sex_m,age_ythadult_yge25,geo_cov_urb,2010,6.926
rus,sex_m,age_ythadult_yge25,geo_cov_urb,2011,6.037
rus,sex_m,age_ythadult_yge25,geo_cov_urb,2012,4.833
rus,sex_m,age_ythadult_yge25,geo_cov_urb,2013,4.95
rus,sex_m,age_ythadult_yge25,geo_cov_urb,2014,4.715
rus,sex_m,age_ythadult_yge25,geo_cov_urb,2015,5.077
rus,sex_m,age_ythadult_yge25,geo_cov_urb,2016,4.843
rus,sex_m,age_ythadult_yge25,geo_cov_urb,2017,4.354
rus,sex_m,age_ythadult_yge25,geo_cov_urb,2018,4.007
rus,sex_m,age_ythadult_yge25,geo_cov_urb,2019,4.34
rus,sex_m,age_ythadult_yge25,geo_cov_urb,2020,5.488
rus,sex_m,age_ythadult_yge25,geo_cov_urb,2021,4.102
rus,sex_m,age_ythadult_yge25,geo_cov_urb,2022,3.387
rus,sex_m,age_ythadult_yge25,geo_cov_urb,2023,2.46
rus,sex_m,age_ythadult_yge25,geo_cov_urb,2024,1.98
rus,sex_t,age_aggregate_total,geo_cov_nat,2010,9.956
rus,sex_t,age_aggregate_total,geo_cov_nat,2011,8.854
rus,sex_t,age_aggregate_total,geo_cov_nat,2012,7.49
rus,sex_t,age_aggregate_total,geo_cov_nat,2013,7.61
rus,sex_t,age_aggregate_total,geo_cov_nat,2014,7.164
rus,sex_t,age_aggregate_total,geo_cov_nat,2015,7.541
rus,sex_t,age_aggregate_total,geo_cov_nat,2016,7.31
rus,sex_t,age_aggregate_total,geo_cov_nat,2017,6.94
rus,sex_t,age_aggregate_total,geo_cov_nat,2018,6.495
rus,sex_t,age_aggregate_total,geo_cov_nat,2019,6.834
rus,sex_t,age_aggregate_total,geo_cov_nat,2020,7.975
rus,sex_t,age_aggregate_total,geo_cov_nat,2021,6.563
rus,sex_t,age_aggregate_total,geo_cov_nat,2022,5.4
rus,sex_t,age_aggregate_total,geo_cov_nat,2023,4.374
rus,sex_t,age_aggregate_total,geo_cov_nat,2024,3.666
rus,sex_t,age_aggregate_total,geo_cov_rur,2010,14.75
rus,sex_t,age_aggregate_total,geo_cov_rur,2011,13.485
rus,sex_t,age_aggregate_total,geo_cov_rur,2012,11.985
rus,sex_t,age_aggregate_total,geo_cov_rur,2013,11.952
rus,sex_t,age_aggregate_total,geo_cov_rur,2014,11.562
rus,sex_t,age_aggregate_total,geo_cov_rur,2015,11.467
rus,sex_t,age_aggregate_total,geo_cov_rur,2016,11.209
rus,sex_t,age_aggregate_total,geo_cov_rur,2017,11.216
rus,sex_t,age_aggregate_total,geo_cov_rur,2018,10.488
rus,sex_t,age_aggregate_total,geo_cov_rur,2019,11.308
rus,sex_t,age_aggregate_total,geo_cov_rur,2020,12.039
rus,sex_t,age_aggregate_total,geo_cov_rur,2021,10.282
rus,sex_t,age_aggregate_total,geo_cov_rur,2022,8.284
rus,sex_t,age_aggregate_total,geo_cov_rur,2023,7.021
rus,sex_t,age_aggregate_total,geo_cov_rur,2024,6.282
rus,sex_t,age_aggregate_total,geo_cov_urb,2010,8.367
rus,sex_t,age_aggregate_total,geo_cov_urb,2011,7.324
rus,sex_t,age_aggregate_total,geo_cov_urb,2012,6.032
rus,sex_t,age_aggregate_total,geo_cov_urb,2013,6.198
rus,sex_t,age_aggregate_total,geo_cov_urb,2014,5.749
rus,sex_t,age_aggregate_total,geo_cov_urb,2015,6.28
rus,sex_t,age_aggregate_total,geo_cov_urb,2016,6.065
rus,sex_t,age_aggregate_total,geo_cov_urb,2017,5.592
rus,sex_t,age_aggregate_total,geo_cov_urb,2018,5.247
rus,sex_t,age_aggregate_total,geo_cov_urb,2019,5.451
rus,sex_t,age_aggregate_total,geo_cov_urb,2020,6.732
rus,sex_t,age_aggregate_total,geo_cov_urb,2021,5.433
rus,sex_t,age_aggregate_total,geo_cov_urb,2022,4.537
rus,sex_t,age_aggregate_total,geo_cov_urb,2023,3.566
rus,sex_t,age_aggregate_total,geo_cov_urb,2024,2.887
rus,sex_t,age_aggregate_y15_24,geo_cov_nat,2010,22.602
rus,sex_t,age_aggregate_y15_24,geo_cov_nat,2011,20.348
rus,sex_t,age_aggregate_y15_24,geo_cov_nat,2012,19.234
rus,sex_t,age_aggregate_y15_24,geo_cov_nat,2013,18.493
rus,sex_t,age_aggregate_y15_24,geo_cov_nat,2014,18.102
rus,sex_t,age_aggregate_y15_24,geo_cov_nat,2015,20.735
rus,sex_t,age_aggregate_y15_24,geo_cov_nat,2016,20.798
rus,sex_t,age_aggregate_y15_24,geo_cov_nat,2017,21.073
rus,sex_t,age_aggregate_y15_24,geo_cov_nat,2018,22.235
rus,sex_t,age_aggregate_y15_24,geo_cov_nat,2019,22.235
rus,sex_t,age_aggregate_y15_24,geo_cov_nat,2020,24.419
rus,sex_t,age_aggregate_y15_24,geo_cov_nat,2021,22.999
rus,sex_t,age_aggregate_y15_24,geo_cov_nat,2022,21.061
rus,sex_t,age_aggregate_y15_24,geo_cov_nat,2023,17.597
rus,sex_t,age_aggregate_y15_24,geo_cov_nat,2024,14.741
rus,sex_t,age_aggregate_y15_24,geo_cov_rur,2010,26.718
rus,sex_t,age_aggregate_y15_24,geo_cov_rur,2011,24.983
rus,sex_t,age_aggregate_y15_24,geo_cov_rur,2012,24.106
rus,sex_t,age_aggregate_y15_24,geo_cov_rur,2013,22.044
rus,sex_t,age_aggregate_y15_24,geo_cov_rur,2014,23.238
rus,sex_t,age_aggregate_y15_24,geo_cov_rur,2015,24.772
rus,sex_t,age_aggregate_y15_24,geo_cov_rur,2016,25.034
rus,sex_t,age_aggregate_y15_24,geo_cov_rur,2017,24.41
rus,sex_t,age_aggregate_y15_24,geo_cov_rur,2018,26.068
rus,sex_t,age_aggregate_y15_24,geo_cov_rur,2019,26.565
rus,sex_t,age_aggregate_y15_24,geo_cov_rur,2020,28.019
rus,sex_t,age_aggregate_y15_24,geo_cov_rur,2021,25.641
rus,sex_t,age_aggregate_y15_24,geo_cov_rur,2022,22.195
rus,sex_t,age_aggregate_y15_24,geo_cov_rur,2023,19.497
rus,sex_t,age_aggregate_y15_24,geo_cov_rur,2024,18.051
rus,sex_t,age_aggregate_y15_24,geo_cov_urb,2010,20.946
rus,sex_t,age_aggregate_y15_24,geo_cov_urb,2011,18.511
rus,sex_t,age_aggregate_y15_24,geo_cov_urb,2012,17.372
rus,sex_t,age_aggregate_y15_24,geo_cov_urb,2013,17.15
rus,sex_t,age_aggregate_y15_24,geo_cov_urb,2014,16.215
rus,sex_t,age_aggregate_y15_24,geo_cov_urb,2015,19.233
rus,sex_t,age_aggregate_y15_24,geo_cov_urb,2016,19.183
rus,sex_t,age_aggregate_y15_24,geo_cov_urb,2017,19.742
rus,sex_t,age_aggregate_y15_24,geo_cov_urb,2018,20.594
rus,sex_t,age_aggregate_y15_24,geo_cov_urb,2019,20.302
rus,sex_t,age_aggregate_y15_24,geo_cov_urb,2020,22.783
rus,sex_t,age_aggregate_y15_24,geo_cov_urb,2021,21.79
rus,sex_t,age_aggregate_y15_24,geo_cov_urb,2022,20.537
rus,sex_t,age_aggregate_y15_24,geo_cov_urb,2023,16.854
rus,sex_t,age_aggregate_y15_24,geo_cov_urb,2024,13.502
rus,sex_t,age_aggregate_y25_54,geo_cov_nat,2010,8.173
rus,sex_t,age_aggregate_y25_54,geo_cov_nat,2011,7.296
rus,sex_t,age_aggregate_y25_54,geo_cov_nat,2012,6.073
rus,sex_t,age_aggregate_y25_54,geo_cov_nat,2013,6.175
rus,sex_t,age_aggregate_y25_54,geo_cov_nat,2014,5.821
rus,sex_t,age_aggregate_y25_54,geo_cov_nat,2015,6.106
rus,sex_t,age_aggregate_y25_54,geo_cov_nat,2016,5.987
rus,sex_t,age_aggregate_y25_54,geo_cov_nat,2017,5.585
rus,sex_t,age_aggregate_y25_54,geo_cov_nat,2018,5.191
rus,sex_t,age_aggregate_y25_54,geo_cov_nat,2019,5.585
rus,sex_t,age_aggregate_y25_54,geo_cov_nat,2020,6.814
rus,sex_t,age_aggregate_y25_54,geo_cov_nat,2021,5.361
rus,sex_t,age_aggregate_y25_54,geo_cov_nat,2022,4.379
rus,sex_t,age_aggregate_y25_54,geo_cov_nat,2023,3.436
rus,sex_t,age_aggregate_y25_54,geo_cov_nat,2024,2.803
rus,sex_t,age_aggregate_y25_54,geo_cov_rur,2010,13.157
rus,sex_t,age_aggregate_y25_54,geo_cov_rur,2011,11.93
rus,sex_t,age_aggregate_y25_54,geo_cov_rur,2012,10.628
rus,sex_t,age_aggregate_y25_54,geo_cov_rur,2013,10.739
rus,sex_t,age_aggregate_y25_54,geo_cov_rur,2014,10.085
rus,sex_t,age_aggregate_y25_54,geo_cov_rur,2015,9.998
rus,sex_t,age_aggregate_y25_54,geo_cov_rur,2016,9.934
rus,sex_t,age_aggregate_y25_54,geo_cov_rur,2017,9.84
rus,sex_t,age_aggregate_y25_54,geo_cov_rur,2018,9.023
rus,sex_t,age_aggregate_y25_54,geo_cov_rur,2019,9.832
rus,sex_t,age_aggregate_y25_54,geo_cov_rur,2020,10.719
rus,sex_t,age_aggregate_y25_54,geo_cov_rur,2021,8.963
rus,sex_t,age_aggregate_y25_54,geo_cov_rur,2022,7.267
rus,sex_t,age_aggregate_y25_54,geo_cov_rur,2023,6.217
rus,sex_t,age_aggregate_y25_54,geo_cov_rur,2024,5.366
rus,sex_t,age_aggregate_y25_54,geo_cov_urb,2010,6.545
rus,sex_t,age_aggregate_y25_54,geo_cov_urb,2011,5.79
rus,sex_t,age_aggregate_y25_54,geo_cov_urb,2012,4.618
rus,sex_t,age_aggregate_y25_54,geo_cov_urb,2013,4.714
rus,sex_t,age_aggregate_y25_54,geo_cov_urb,2014,4.473
rus,sex_t,age_aggregate_y25_54,geo_cov_urb,2015,4.882
rus,sex_t,age_aggregate_y25_54,geo_cov_urb,2016,4.762
rus,sex_t,age_aggregate_y25_54,geo_cov_urb,2017,4.285
rus,sex_t,age_aggregate_y25_54,geo_cov_urb,2018,4.043
rus,sex_t,age_aggregate_y25_54,geo_cov_urb,2019,4.337
rus,sex_t,age_aggregate_y25_54,geo_cov_urb,2020,5.685
rus,sex_t,age_aggregate_y25_54,geo_cov_urb,2021,4.33
rus,sex_t,age_aggregate_y25_54,geo_cov_urb,2022,3.564
rus,sex_t,age_aggregate_y25_54,geo_cov_urb,2023,2.627
rus,sex_t,age_aggregate_y25_54,geo_cov_urb,2024,2.078
rus,sex_t,age_aggregate_y55_64,geo_cov_nat,2010,8.394
rus,sex_t,age_aggregate_y55_64,geo_cov_nat,2011,7.657
rus,sex_t,age_aggregate_y55_64,geo_cov_nat,2012,6.303
rus,sex_t,age_aggregate_y55_64,geo_cov_nat,2013,7.029
rus,sex_t,age_aggregate_y55_64,geo_cov_nat,2014,6.857
rus,sex_t,age_aggregate_y55_64,geo_cov_nat,2015,6.955
rus,sex_t,age_aggregate_y55_64,geo_cov_nat,2016,6.539
rus,sex_t,age_aggregate_y55_64,geo_cov_nat,2017,6.745
rus,sex_t,age_aggregate_y55_64,geo_cov_nat,2018,5.847
rus,sex_t,age_aggregate_y55_64,geo_cov_nat,2019,6.195
rus,sex_t,age_aggregate_y55_64,geo_cov_nat,2020,6.787
rus,sex_t,age_aggregate_y55_64,geo_cov_nat,2021,5.737
rus,sex_t,age_aggregate_y55_64,geo_cov_nat,2022,4.463
rus,sex_t,age_aggregate_y55_64,geo_cov_nat,2023,3.755
rus,sex_t,age_aggregate_y55_64,geo_cov_nat,2024,3.313
rus,sex_t,age_aggregate_y55_64,geo_cov_rur,2010,10.934
rus,sex_t,age_aggregate_y55_64,geo_cov_rur,2011,10.918
rus,sex_t,age_aggregate_y55_64,geo_cov_rur,2012,9.034
rus,sex_t,age_aggregate_y55_64,geo_cov_rur,2013,9.943
rus,sex_t,age_aggregate_y55_64,geo_cov_rur,2014,10.725
rus,sex_t,age_aggregate_y55_64,geo_cov_rur,2015,10.11
rus,sex_t,age_aggregate_y55_64,geo_cov_rur,2016,9.067
rus,sex_t,age_aggregate_y55_64,geo_cov_rur,2017,10.354
rus,sex_t,age_aggregate_y55_64,geo_cov_rur,2018,8.933
rus,sex_t,age_aggregate_y55_64,geo_cov_rur,2019,9.854
rus,sex_t,age_aggregate_y55_64,geo_cov_rur,2020,9.748
rus,sex_t,age_aggregate_y55_64,geo_cov_rur,2021,8.424
rus,sex_t,age_aggregate_y55_64,geo_cov_rur,2022,6.164
rus,sex_t,age_aggregate_y55_64,geo_cov_rur,2023,5.286
rus,sex_t,age_aggregate_y55_64,geo_cov_rur,2024,5.286
rus,sex_t,age_aggregate_y55_64,geo_cov_urb,2010,7.66
rus,sex_t,age_aggregate_y55_64,geo_cov_urb,2011,6.676
rus,sex_t,age_aggregate_y55_64,geo_cov_urb,2012,5.467
rus,sex_t,age_aggregate_y55_64,geo_cov_urb,2013,6.132
rus,sex_t,age_aggregate_y55_64,geo_cov_urb,2014,5.63
rus,sex_t,age_aggregate_y55_64,geo_cov_urb,2015,5.926
rus,sex_t,age_aggregate_y55_64,geo_cov_urb,2016,5.7
rus,sex_t,age_aggregate_y55_64,geo_cov_urb,2017,5.558
rus,sex_t,age_aggregate_y55_64,geo_cov_urb,2018,4.822
rus,sex_t,age_aggregate_y55_64,geo_cov_urb,2019,4.974
rus,sex_t,age_aggregate_y55_64,geo_cov_urb,2020,5.796
rus,sex_t,age_aggregate_y55_64,geo_cov_urb,2021,4.834
rus,sex_t,age_aggregate_y55_64,geo_cov_urb,2022,3.901
rus,sex_t,age_aggregate_y55_64,geo_cov_urb,2023,3.228
rus,sex_t,age_aggregate_y55_64,geo_cov_urb,2024,2.643
rus,sex_t,age_aggregate_yge65,geo_cov_nat,2010,8.911
rus,sex_t,age_aggregate_yge65,geo_cov_nat,2011,7.644
rus,sex_t,age_aggregate_yge65,geo_cov_nat,2012,7.489
rus,sex_t,age_aggregate_yge65,geo_cov_nat,2013,8.669
rus,sex_t,age_aggregate_yge65,geo_cov_nat,2014,8.878
rus,sex_t,age_aggregate_yge65,geo_cov_nat,2015,8.258
rus,sex_t,age_aggregate_yge65,geo_cov_nat,2016,8.315
rus,sex_t,age_aggregate_yge65,geo_cov_nat,2017,9.086
rus,sex_t,age_aggregate_yge65,geo_cov_nat,2018,7.508
rus,sex_t,age_aggregate_yge65,geo_cov_nat,2019,8.264
rus,sex_t,age_aggregate_yge65,geo_cov_nat,2020,7.784
rus,sex_t,age_aggregate_yge65,geo_cov_nat,2021,6.867
rus,sex_t,age_aggregate_yge65,geo_cov_nat,2022,6.27
rus,sex_t,age_aggregate_yge65,geo_cov_nat,2023,5.4
rus,sex_t,age_aggregate_yge65,geo_cov_nat,2024,5.014
rus,sex_t,age_aggregate_yge65,geo_cov_rur,2010,6.751
rus,sex_t,age_aggregate_yge65,geo_cov_rur,2011,6.629
rus,sex_t,age_aggregate_yge65,geo_cov_rur,2012,6.586
rus,sex_t,age_aggregate_yge65,geo_cov_rur,2013,8.469
rus,sex_t,age_aggregate_yge65,geo_cov_rur,2014,10.479
rus,sex_t,age_aggregate_yge65,geo_cov_rur,2015,9.401
rus,sex_t,age_aggregate_yge65,geo_cov_rur,2016,8.246
rus,sex_t,age_aggregate_yge65,geo_cov_rur,2017,11.448
rus,sex_t,age_aggregate_yge65,geo_cov_rur,2018,9.237
rus,sex_t,age_aggregate_yge65,geo_cov_rur,2019,10.616
rus,sex_t,age_aggregate_yge65,geo_cov_rur,2020,9.271
rus,sex_t,age_aggregate_yge65,geo_cov_rur,2021,8.173
rus,sex_t,age_aggregate_yge65,geo_cov_rur,2022,7.58
rus,sex_t,age_aggregate_yge65,geo_cov_rur,2023,6.466
rus,sex_t,age_aggregate_yge65,geo_cov_rur,2024,5.643
rus,sex_t,age_aggregate_yge65,geo_cov_urb,2010,9.704
rus,sex_t,age_aggregate_yge65,geo_cov_urb,2011,7.997
rus,sex_t,age_aggregate_yge65,geo_cov_urb,2012,7.8
rus,sex_t,age_aggregate_yge65,geo_cov_urb,2013,8.742
rus,sex_t,age_aggregate_yge65,geo_cov_urb,2014,8.246
rus,sex_t,age_aggregate_yge65,geo_cov_urb,2015,7.855
rus,sex_t,age_aggregate_yge65,geo_cov_urb,2016,8.34
rus,sex_t,age_aggregate_yge65,geo_cov_urb,2017,8.334
rus,sex_t,age_aggregate_yge65,geo_cov_urb,2018,6.963
rus,sex_t,age_aggregate_yge65,geo_cov_urb,2019,7.513
rus,sex_t,age_aggregate_yge65,geo_cov_urb,2020,7.309
rus,sex_t,age_aggregate_yge65,geo_cov_urb,2021,6.448
rus,sex_t,age_aggregate_yge65,geo_cov_urb,2022,5.851
rus,sex_t,age_aggregate_yge65,geo_cov_urb,2023,5.055
rus,sex_t,age_aggregate_yge65,geo_cov_urb,2024,4.804
rus,sex_t,age_ythadult_y15_24,geo_cov_nat,2010,22.602
rus,sex_t,age_ythadult_y15_24,geo_cov_nat,2011,20.348
rus,sex_t,age_ythadult_y15_24,geo_cov_nat,2012,19.234
rus,sex_t,age_ythadult_y15_24,geo_cov_nat,2013,18.493
rus,sex_t,age_ythadult_y15_24,geo_cov_nat,2014,18.102
rus,sex_t,age_ythadult_y15_24,geo_cov_nat,2015,20.735
rus,sex_t,age_ythadult_y15_24,geo_cov_nat,2016,20.798
rus,sex_t,age_ythadult_y15_24,geo_cov_nat,2017,21.073
rus,sex_t,age_ythadult_y15_24,geo_cov_nat,2018,22.235
rus,sex_t,age_ythadult_y15_24,geo_cov_nat,2019,22.235
rus,sex_t,age_ythadult_y15_24,geo_cov_nat,2020,24.419
rus,sex_t,age_ythadult_y15_24,geo_cov_nat,2021,22.999
rus,sex_t,age_ythadult_y15_24,geo_cov_nat,2022,21.061
rus,sex_t,age_ythadult_y15_24,geo_cov_nat,2023,17.597
rus,sex_t,age_ythadult_y15_24,geo_cov_nat,2024,14.741
rus,sex_t,age_ythadult_y15_24,geo_cov_rur,2010,26.718
rus,sex_t,age_ythadult_y15_24,geo_cov_rur,2011,24.983
rus,sex_t,age_ythadult_y15_24,geo_cov_rur,2012,24.106
rus,sex_t,age_ythadult_y15_24,geo_cov_rur,2013,22.044
rus,sex_t,age_ythadult_y15_24,geo_cov_rur,2014,23.238
rus,sex_t,age_ythadult_y15_24,geo_cov_rur,2015,24.772
rus,sex_t,age_ythadult_y15_24,geo_cov_rur,2016,25.034
rus,sex_t,age_ythadult_y15_24,geo_cov_rur,2017,24.41
rus,sex_t,age_ythadult_y15_24,geo_cov_rur,2018,26.068
rus,sex_t,age_ythadult_y15_24,geo_cov_rur,2019,26.565
rus,sex_t,age_ythadult_y15_24,geo_cov_rur,2020,28.019
rus,sex_t,age_ythadult_y15_24,geo_cov_rur,2021,25.641
rus,sex_t,age_ythadult_y15_24,geo_cov_rur,2022,22.195
rus,sex_t,age_ythadult_y15_24,geo_cov_rur,2023,19.497
rus,sex_t,age_ythadult_y15_24,geo_cov_rur,2024,18.051
rus,sex_t,age_ythadult_y15_24,geo_cov_urb,2010,20.946
rus,sex_t,age_ythadult_y15_24,geo_cov_urb,2011,18.511
rus,sex_t,age_ythadult_y15_24,geo_cov_urb,2012,17.372
rus,sex_t,age_ythadult_y15_24,geo_cov_urb,2013,17.15
rus,sex_t,age_ythadult_y15_24,geo_cov_urb,2014,16.215
rus,sex_t,age_ythadult_y15_24,geo_cov_urb,2015,19.233
rus,sex_t,age_ythadult_y15_24,geo_cov_urb,2016,19.183
rus,sex_t,age_ythadult_y15_24,geo_cov_urb,2017,19.742
rus,sex_t,age_ythadult_y15_24,geo_cov_urb,2018,20.594
rus,sex_t,age_ythadult_y15_24,geo_cov_urb,2019,20.302
rus,sex_t,age_ythadult_y15_24,geo_cov_urb,2020,22.783
rus,sex_t,age_ythadult_y15_24,geo_cov_urb,2021,21.79
rus,sex_t,age_ythadult_y15_24,geo_cov_urb,2022,20.537
rus,sex_t,age_ythadult_y15_24,geo_cov_urb,2023,16.854
rus,sex_t,age_ythadult_y15_24,geo_cov_urb,2024,13.502
rus,sex_t,age_ythadult_y15_64,geo_cov_nat,2010,9.969
rus,sex_t,age_ythadult_y15_64,geo_cov_nat,2011,8.868
rus,sex_t,age_ythadult_y15_64,geo_cov_nat,2012,7.49
rus,sex_t,age_ythadult_y15_64,geo_cov_nat,2013,7.597
rus,sex_t,age_ythadult_y15_64,geo_cov_nat,2014,7.144
rus,sex_t,age_ythadult_y15_64,geo_cov_nat,2015,7.532
rus,sex_t,age_ythadult_y15_64,geo_cov_nat,2016,7.297
rus,sex_t,age_ythadult_y15_64,geo_cov_nat,2017,6.904
rus,sex_t,age_ythadult_y15_64,geo_cov_nat,2018,6.476
rus,sex_t,age_ythadult_y15_64,geo_cov_nat,2019,6.805
rus,sex_t,age_ythadult_y15_64,geo_cov_nat,2020,7.979
rus,sex_t,age_ythadult_y15_64,geo_cov_nat,2021,6.557
rus,sex_t,age_ythadult_y15_64,geo_cov_nat,2022,5.383
rus,sex_t,age_ythadult_y15_64,geo_cov_nat,2023,4.353
rus,sex_t,age_ythadult_y15_64,geo_cov_nat,2024,3.635
rus,sex_t,age_ythadult_y15_64,geo_cov_rur,2010,14.85
rus,sex_t,age_ythadult_y15_64,geo_cov_rur,2011,13.567
rus,sex_t,age_ythadult_y15_64,geo_cov_rur,2012,12.049
rus,sex_t,age_ythadult_y15_64,geo_cov_rur,2013,11.998
rus,sex_t,age_ythadult_y15_64,geo_cov_rur,2014,11.577
rus,sex_t,age_ythadult_y15_64,geo_cov_rur,2015,11.495
rus,sex_t,age_ythadult_y15_64,geo_cov_rur,2016,11.253
rus,sex_t,age_ythadult_y15_64,geo_cov_rur,2017,11.213
rus,sex_t,age_ythadult_y15_64,geo_cov_rur,2018,10.511
rus,sex_t,age_ythadult_y15_64,geo_cov_rur,2019,11.323
rus,sex_t,age_ythadult_y15_64,geo_cov_rur,2020,12.097
rus,sex_t,age_ythadult_y15_64,geo_cov_rur,2021,10.325
rus,sex_t,age_ythadult_y15_64,geo_cov_rur,2022,8.298
rus,sex_t,age_ythadult_y15_64,geo_cov_rur,2023,7.033
rus,sex_t,age_ythadult_y15_64,geo_cov_rur,2024,6.298
rus,sex_t,age_ythadult_y15_64,geo_cov_urb,2010,8.352
rus,sex_t,age_ythadult_y15_64,geo_cov_urb,2011,7.316
rus,sex_t,age_ythadult_y15_64,geo_cov_urb,2012,6.012
rus,sex_t,age_ythadult_y15_64,geo_cov_urb,2013,6.168
rus,sex_t,age_ythadult_y15_64,geo_cov_urb,2014,5.721
rus,sex_t,age_ythadult_y15_64,geo_cov_urb,2015,6.261
rus,sex_t,age_ythadult_y15_64,geo_cov_urb,2016,6.036
rus,sex_t,age_ythadult_y15_64,geo_cov_urb,2017,5.546
rus,sex_t,age_ythadult_y15_64,geo_cov_urb,2018,5.216
rus,sex_t,age_ythadult_y15_64,geo_cov_urb,2019,5.409
rus,sex_t,age_ythadult_y15_64,geo_cov_urb,2020,6.721
rus,sex_t,age_ythadult_y15_64,geo_cov_urb,2021,5.414
rus,sex_t,age_ythadult_y15_64,geo_cov_urb,2022,4.512
rus,sex_t,age_ythadult_y15_64,geo_cov_urb,2023,3.537
rus,sex_t,age_ythadult_y15_64,geo_cov_urb,2024,2.844
rus,sex_t,age_ythadult_yge15,geo_cov_nat,2010,9.956
rus,sex_t,age_ythadult_yge15,geo_cov_nat,2011,8.854
rus,sex_t,age_ythadult_yge15,geo_cov_nat,2012,7.49
rus,sex_t,age_ythadult_yge15,geo_cov_nat,2013,7.61
rus,sex_t,age_ythadult_yge15,geo_cov_nat,2014,7.164
rus,sex_t,age_ythadult_yge15,geo_cov_nat,2015,7.541
rus,sex_t,age_ythadult_yge15,geo_cov_nat,2016,7.31
rus,sex_t,age_ythadult_yge15,geo_cov_nat,2017,6.94
rus,sex_t,age_ythadult_yge15,geo_cov_nat,2018,6.495
rus,sex_t,age_ythadult_yge15,geo_cov_nat,2019,6.834
rus,sex_t,age_ythadult_yge15,geo_cov_nat,2020,7.975
rus,sex_t,age_ythadult_yge15,geo_cov_nat,2021,6.563
rus,sex_t,age_ythadult_yge15,geo_cov_nat,2022,5.4
rus,sex_t,age_ythadult_yge15,geo_cov_nat,2023,4.374
rus,sex_t,age_ythadult_yge15,geo_cov_nat,2024,3.666
rus,sex_t,age_ythadult_yge15,geo_cov_rur,2010,14.75
rus,sex_t,age_ythadult_yge15,geo_cov_rur,2011,13.485
rus,sex_t,age_ythadult_yge15,geo_cov_rur,2012,11.985
rus,sex_t,age_ythadult_yge15,geo_cov_rur,2013,11.952
rus,sex_t,age_ythadult_yge15,geo_cov_rur,2014,11.562
rus,sex_t,age_ythadult_yge15,geo_cov_rur,2015,11.467
rus,sex_t,age_ythadult_yge15,geo_cov_rur,2016,11.209
rus,sex_t,age_ythadult_yge15,geo_cov_rur,2017,11.216
rus,sex_t,age_ythadult_yge15,geo_cov_rur,2018,10.488
rus,sex_t,age_ythadult_yge15,geo_cov_rur,2019,11.308
rus,sex_t,age_ythadult_yge15,geo_cov_rur,2020,12.039
rus,sex_t,age_ythadult_yge15,geo_cov_rur,2021,10.282
rus,sex_t,age_ythadult_yge15,geo_cov_rur,2022,8.284
rus,sex_t,age_ythadult_yge15,geo_cov_rur,2023,7.021
rus,sex_t,age_ythadult_yge15,geo_cov_rur,2024,6.282
rus,sex_t,age_ythadult_yge15,geo_cov_urb,2010,8.367
rus,sex_t,age_ythadult_yge15,geo_cov_urb,2011,7.324
rus,sex_t,age_ythadult_yge15,geo_cov_urb,2012,6.032
rus,sex_t,age_ythadult_yge15,geo_cov_urb,2013,6.198
rus,sex_t,age_ythadult_yge15,geo_cov_urb,2014,5.749
rus,sex_t,age_ythadult_yge15,geo_cov_urb,2015,6.28
rus,sex_t,age_ythadult_yge15,geo_cov_urb,2016,6.065
rus,sex_t,age_ythadult_yge15,geo_cov_urb,2017,5.592
rus,sex_t,age_ythadult_yge15,geo_cov_urb,2018,5.247
rus,sex_t,age_ythadult_yge15,geo_cov_urb,2019,5.451
rus,sex_t,age_ythadult_yge15,geo_cov_urb,2020,6.732
rus,sex_t,age_ythadult_yge15,geo_cov_urb,2021,5.433
rus,sex_t,age_ythadult_yge15,geo_cov_urb,2022,4.537
rus,sex_t,age_ythadult_yge15,geo_cov_urb,2023,3.566
rus,sex_t,age_ythadult_yge15,geo_cov_urb,2024,2.887
rus,sex_t,age_ythadult_yge25,geo_cov_nat,2010,8.211
rus,sex_t,age_ythadult_yge25,geo_cov_nat,2011,7.348
rus,sex_t,age_ythadult_yge25,geo_cov_nat,2012,6.122
rus,sex_t,age_ythadult_yge25,geo_cov_nat,2013,6.325
rus,sex_t,age_ythadult_yge25,geo_cov_nat,2014,6.005
rus,sex_t,age_ythadult_yge25,geo_cov_nat,2015,6.257
rus,sex_t,age_ythadult_yge25,geo_cov_nat,2016,6.1
rus,sex_t,age_ythadult_yge25,geo_cov_nat,2017,5.816
rus,sex_t,age_ythadult_yge25,geo_cov_nat,2018,5.334
rus,sex_t,age_ythadult_yge25,geo_cov_nat,2019,5.735
rus,sex_t,age_ythadult_yge25,geo_cov_nat,2020,6.83
rus,sex_t,age_ythadult_yge25,geo_cov_nat,2021,5.452
rus,sex_t,age_ythadult_yge25,geo_cov_nat,2022,4.431
rus,sex_t,age_ythadult_yge25,geo_cov_nat,2023,3.529
rus,sex_t,age_ythadult_yge25,geo_cov_nat,2024,2.942
rus,sex_t,age_ythadult_yge25,geo_cov_rur,2010,12.807
rus,sex_t,age_ythadult_yge25,geo_cov_rur,2011,11.73
rus,sex_t,age_ythadult_yge25,geo_cov_rur,2012,10.366
rus,sex_t,age_ythadult_yge25,geo_cov_rur,2013,10.6
rus,sex_t,age_ythadult_yge25,geo_cov_rur,2014,10.18
rus,sex_t,age_ythadult_yge25,geo_cov_rur,2015,10.006
rus,sex_t,age_ythadult_yge25,geo_cov_rur,2016,9.776
rus,sex_t,age_ythadult_yge25,geo_cov_rur,2017,9.948
rus,sex_t,age_ythadult_yge25,geo_cov_rur,2018,9.013
rus,sex_t,age_ythadult_yge25,geo_cov_rur,2019,9.853
rus,sex_t,age_ythadult_yge25,geo_cov_rur,2020,10.519
rus,sex_t,age_ythadult_yge25,geo_cov_rur,2021,8.85
rus,sex_t,age_ythadult_yge25,geo_cov_rur,2022,7.076
rus,sex_t,age_ythadult_yge25,geo_cov_rur,2023,6.05
rus,sex_t,age_ythadult_yge25,geo_cov_rur,2024,5.358
rus,sex_t,age_ythadult_yge25,geo_cov_urb,2010,6.729
rus,sex_t,age_ythadult_yge25,geo_cov_urb,2011,5.937
rus,sex_t,age_ythadult_yge25,geo_cov_urb,2012,4.772
rus,sex_t,age_ythadult_yge25,geo_cov_urb,2013,4.961
rus,sex_t,age_ythadult_yge25,geo_cov_urb,2014,4.68
rus,sex_t,age_ythadult_yge25,geo_cov_urb,2015,5.07
rus,sex_t,age_ythadult_yge25,geo_cov_urb,2016,4.945
rus,sex_t,age_ythadult_yge25,geo_cov_urb,2017,4.539
rus,sex_t,age_ythadult_yge25,geo_cov_urb,2018,4.213
rus,sex_t,age_ythadult_yge25,geo_cov_urb,2019,4.498
rus,sex_t,age_ythadult_yge25,geo_cov_urb,2020,5.736
rus,sex_t,age_ythadult_yge25,geo_cov_urb,2021,4.452
rus,sex_t,age_ythadult_yge25,geo_cov_urb,2022,3.662
rus,sex_t,age_ythadult_yge25,geo_cov_urb,2023,2.773
rus,sex_t,age_ythadult_yge25,geo_cov_urb,2024,2.234
rwa,sex_f,age_aggregate_total,geo_cov_nat,2014,2.948
rwa,sex_f,age_aggregate_total,geo_cov_nat,2017,34.71
rwa,sex_f,age_aggregate_total,geo_cov_nat,2018,32.823
rwa,sex_f,age_aggregate_total,geo_cov_nat,2019,36.591
rwa,sex_f,age_aggregate_total,geo_cov_nat,2020,34.038
rwa,sex_f,age_aggregate_total,geo_cov_nat,2021,36.562
rwa,sex_f,age_aggregate_total,geo_cov_nat,2022,33.977
rwa,sex_f,age_aggregate_total,geo_cov_nat,2023,31.785
rwa,sex_f,age_aggregate_total,geo_cov_nat,2024,32.735
rwa,sex_f,age_aggregate_total,geo_cov_rur,2014,0.796
rwa,sex_f,age_aggregate_total,geo_cov_rur,2017,34.271
rwa,sex_f,age_aggregate_total,geo_cov_rur,2018,32.401
rwa,sex_f,age_aggregate_total,geo_cov_rur,2019,36.94
rwa,sex_f,age_aggregate_total,geo_cov_rur,2020,33.832
rwa,sex_f,age_aggregate_total,geo_cov_rur,2021,35.883
rwa,sex_f,age_aggregate_total,geo_cov_rur,2022,33.422
rwa,sex_f,age_aggregate_total,geo_cov_rur,2023,30.847
rwa,sex_f,age_aggregate_total,geo_cov_rur,2024,33.403
rwa,sex_f,age_aggregate_total,geo_cov_urb,2014,14.117
rwa,sex_f,age_aggregate_total,geo_cov_urb,2017,36.214
rwa,sex_f,age_aggregate_total,geo_cov_urb,2018,34.419
rwa,sex_f,age_aggregate_total,geo_cov_urb,2019,35.262
rwa,sex_f,age_aggregate_total,geo_cov_urb,2020,34.768
rwa,sex_f,age_aggregate_total,geo_cov_urb,2021,38.908
rwa,sex_f,age_aggregate_total,geo_cov_urb,2022,36.066
rwa,sex_f,age_aggregate_total,geo_cov_urb,2023,33.899
rwa,sex_f,age_aggregate_total,geo_cov_urb,2024,31.211
rwa,sex_f,age_aggregate_y15_24,geo_cov_nat,2014,5.37
rwa,sex_f,age_aggregate_y15_24,geo_cov_nat,2017,43.327
rwa,sex_f,age_aggregate_y15_24,geo_cov_nat,2018,42.63
rwa,sex_f,age_aggregate_y15_24,geo_cov_nat,2019,43.52
rwa,sex_f,age_aggregate_y15_24,geo_cov_nat,2020,41.211
rwa,sex_f,age_aggregate_y15_24,geo_cov_nat,2021,45.869
rwa,sex_f,age_aggregate_y15_24,geo_cov_nat,2022,44.334
rwa,sex_f,age_aggregate_y15_24,geo_cov_nat,2023,40.891
rwa,sex_f,age_aggregate_y15_24,geo_cov_nat,2024,39.872
rwa,sex_f,age_aggregate_y15_24,geo_cov_rur,2014,2.105
rwa,sex_f,age_aggregate_y15_24,geo_cov_rur,2017,44.338
rwa,sex_f,age_aggregate_y15_24,geo_cov_rur,2018,43.479
rwa,sex_f,age_aggregate_y15_24,geo_cov_rur,2019,45.597
rwa,sex_f,age_aggregate_y15_24,geo_cov_rur,2020,41.379
rwa,sex_f,age_aggregate_y15_24,geo_cov_rur,2021,45.828
rwa,sex_f,age_aggregate_y15_24,geo_cov_rur,2022,45.637
rwa,sex_f,age_aggregate_y15_24,geo_cov_rur,2023,40.753
rwa,sex_f,age_aggregate_y15_24,geo_cov_rur,2024,42.188
rwa,sex_f,age_aggregate_y15_24,geo_cov_urb,2014,18.851
rwa,sex_f,age_aggregate_y15_24,geo_cov_urb,2017,40.427
rwa,sex_f,age_aggregate_y15_24,geo_cov_urb,2018,39.672
rwa,sex_f,age_aggregate_y15_24,geo_cov_urb,2019,36.83
rwa,sex_f,age_aggregate_y15_24,geo_cov_urb,2020,40.679
rwa,sex_f,age_aggregate_y15_24,geo_cov_urb,2021,46.002
rwa,sex_f,age_aggregate_y15_24,geo_cov_urb,2022,39.757
rwa,sex_f,age_aggregate_y15_24,geo_cov_urb,2023,41.196
rwa,sex_f,age_aggregate_y15_24,geo_cov_urb,2024,35.023
rwa,sex_f,age_aggregate_y25_54,geo_cov_nat,2014,2.571
rwa,sex_f,age_aggregate_y25_54,geo_cov_nat,2017,32.763
rwa,sex_f,age_aggregate_y25_54,geo_cov_nat,2018,30.362
rwa,sex_f,age_aggregate_y25_54,geo_cov_nat,2019,35.508
rwa,sex_f,age_aggregate_y25_54,geo_cov_nat,2020,32.009
rwa,sex_f,age_aggregate_y25_54,geo_cov_nat,2021,35.062
rwa,sex_f,age_aggregate_y25_54,geo_cov_nat,2022,31.827
rwa,sex_f,age_aggregate_y25_54,geo_cov_nat,2023,29.962
rwa,sex_f,age_aggregate_y25_54,geo_cov_nat,2024,30.369
rwa,sex_f,age_aggregate_y25_54,geo_cov_rur,2014,0.458
rwa,sex_f,age_aggregate_y25_54,geo_cov_rur,2017,32.361
rwa,sex_f,age_aggregate_y25_54,geo_cov_rur,2018,29.863
rwa,sex_f,age_aggregate_y25_54,geo_cov_rur,2019,35.619
rwa,sex_f,age_aggregate_y25_54,geo_cov_rur,2020,31.91
rwa,sex_f,age_aggregate_y25_54,geo_cov_rur,2021,34.411
rwa,sex_f,age_aggregate_y25_54,geo_cov_rur,2022,30.883
rwa,sex_f,age_aggregate_y25_54,geo_cov_rur,2023,29.023
rwa,sex_f,age_aggregate_y25_54,geo_cov_rur,2024,31.01
rwa,sex_f,age_aggregate_y25_54,geo_cov_urb,2014,13.301
rwa,sex_f,age_aggregate_y25_54,geo_cov_urb,2017,34.11
rwa,sex_f,age_aggregate_y25_54,geo_cov_urb,2018,32.131
rwa,sex_f,age_aggregate_y25_54,geo_cov_urb,2019,35.094
rwa,sex_f,age_aggregate_y25_54,geo_cov_urb,2020,32.349
rwa,sex_f,age_aggregate_y25_54,geo_cov_urb,2021,37.237
rwa,sex_f,age_aggregate_y25_54,geo_cov_urb,2022,35.244
rwa,sex_f,age_aggregate_y25_54,geo_cov_urb,2023,31.897
rwa,sex_f,age_aggregate_y25_54,geo_cov_urb,2024,29.004
rwa,sex_f,age_aggregate_y55_64,geo_cov_nat,2017,27.462
rwa,sex_f,age_aggregate_y55_64,geo_cov_nat,2018,25.728
rwa,sex_f,age_aggregate_y55_64,geo_cov_nat,2019,28.961
rwa,sex_f,age_aggregate_y55_64,geo_cov_nat,2020,27.876
rwa,sex_f,age_aggregate_y55_64,geo_cov_nat,2021,26.278
rwa,sex_f,age_aggregate_y55_64,geo_cov_nat,2022,25.262
rwa,sex_f,age_aggregate_y55_64,geo_cov_nat,2023,24.718
rwa,sex_f,age_aggregate_y55_64,geo_cov_nat,2024,30.602
rwa,sex_f,age_aggregate_y55_64,geo_cov_rur,2017,25.662
rwa,sex_f,age_aggregate_y55_64,geo_cov_rur,2018,24.294
rwa,sex_f,age_aggregate_y55_64,geo_cov_rur,2019,28.733
rwa,sex_f,age_aggregate_y55_64,geo_cov_rur,2020,27.345
rwa,sex_f,age_aggregate_y55_64,geo_cov_rur,2021,25.212
rwa,sex_f,age_aggregate_y55_64,geo_cov_rur,2022,24.556
rwa,sex_f,age_aggregate_y55_64,geo_cov_rur,2023,23.641
rwa,sex_f,age_aggregate_y55_64,geo_cov_rur,2024,29.805
rwa,sex_f,age_aggregate_y55_64,geo_cov_urb,2017,39.86
rwa,sex_f,age_aggregate_y55_64,geo_cov_urb,2018,35.56
rwa,sex_f,age_aggregate_y55_64,geo_cov_urb,2019,30.548
rwa,sex_f,age_aggregate_y55_64,geo_cov_urb,2020,31.455
rwa,sex_f,age_aggregate_y55_64,geo_cov_urb,2021,31.919
rwa,sex_f,age_aggregate_y55_64,geo_cov_urb,2022,29.01
rwa,sex_f,age_aggregate_y55_64,geo_cov_urb,2023,28.87
rwa,sex_f,age_aggregate_y55_64,geo_cov_urb,2024,34.026
rwa,sex_f,age_aggregate_yge65,geo_cov_nat,2017,15.033
rwa,sex_f,age_aggregate_yge65,geo_cov_nat,2018,15.075
rwa,sex_f,age_aggregate_yge65,geo_cov_nat,2019,16.015
rwa,sex_f,age_aggregate_yge65,geo_cov_nat,2020,26.604
rwa,sex_f,age_aggregate_yge65,geo_cov_nat,2021,18.176
rwa,sex_f,age_aggregate_yge65,geo_cov_nat,2022,19.156
rwa,sex_f,age_aggregate_yge65,geo_cov_nat,2023,18.57
rwa,sex_f,age_aggregate_yge65,geo_cov_nat,2024,25.852
rwa,sex_f,age_aggregate_yge65,geo_cov_rur,2017,13.661
rwa,sex_f,age_aggregate_yge65,geo_cov_rur,2018,14.005
rwa,sex_f,age_aggregate_yge65,geo_cov_rur,2019,15.347
rwa,sex_f,age_aggregate_yge65,geo_cov_rur,2020,25.35
rwa,sex_f,age_aggregate_yge65,geo_cov_rur,2021,16.536
rwa,sex_f,age_aggregate_yge65,geo_cov_rur,2022,17.192
rwa,sex_f,age_aggregate_yge65,geo_cov_rur,2023,17.471
rwa,sex_f,age_aggregate_yge65,geo_cov_rur,2024,22.16
rwa,sex_f,age_aggregate_yge65,geo_cov_urb,2017,31.315
rwa,sex_f,age_aggregate_yge65,geo_cov_urb,2018,33.114
rwa,sex_f,age_aggregate_yge65,geo_cov_urb,2019,22.781
rwa,sex_f,age_aggregate_yge65,geo_cov_urb,2020,32.591
rwa,sex_f,age_aggregate_yge65,geo_cov_urb,2021,25.672
rwa,sex_f,age_aggregate_yge65,geo_cov_urb,2022,36.594
rwa,sex_f,age_aggregate_yge65,geo_cov_urb,2023,25.607
rwa,sex_f,age_aggregate_yge65,geo_cov_urb,2024,48.174
rwa,sex_f,age_ythadult_y15_24,geo_cov_nat,2014,5.37
rwa,sex_f,age_ythadult_y15_24,geo_cov_nat,2017,43.327
rwa,sex_f,age_ythadult_y15_24,geo_cov_nat,2018,42.63
rwa,sex_f,age_ythadult_y15_24,geo_cov_nat,2019,43.52
rwa,sex_f,age_ythadult_y15_24,geo_cov_nat,2020,41.211
rwa,sex_f,age_ythadult_y15_24,geo_cov_nat,2021,45.869
rwa,sex_f,age_ythadult_y15_24,geo_cov_nat,2022,44.334
rwa,sex_f,age_ythadult_y15_24,geo_cov_nat,2023,40.891
rwa,sex_f,age_ythadult_y15_24,geo_cov_nat,2024,39.872
rwa,sex_f,age_ythadult_y15_24,geo_cov_rur,2014,2.105
rwa,sex_f,age_ythadult_y15_24,geo_cov_rur,2017,44.338
rwa,sex_f,age_ythadult_y15_24,geo_cov_rur,2018,43.479
rwa,sex_f,age_ythadult_y15_24,geo_cov_rur,2019,45.597
rwa,sex_f,age_ythadult_y15_24,geo_cov_rur,2020,41.379
rwa,sex_f,age_ythadult_y15_24,geo_cov_rur,2021,45.828
rwa,sex_f,age_ythadult_y15_24,geo_cov_rur,2022,45.637
rwa,sex_f,age_ythadult_y15_24,geo_cov_rur,2023,40.753
rwa,sex_f,age_ythadult_y15_24,geo_cov_rur,2024,42.188
rwa,sex_f,age_ythadult_y15_24,geo_cov_urb,2014,18.851
rwa,sex_f,age_ythadult_y15_24,geo_cov_urb,2017,40.427
rwa,sex_f,age_ythadult_y15_24,geo_cov_urb,2018,39.672
rwa,sex_f,age_ythadult_y15_24,geo_cov_urb,2019,36.83
rwa,sex_f,age_ythadult_y15_24,geo_cov_urb,2020,40.679
rwa,sex_f,age_ythadult_y15_24,geo_cov_urb,2021,46.002
rwa,sex_f,age_ythadult_y15_24,geo_cov_urb,2022,39.757
rwa,sex_f,age_ythadult_y15_24,geo_cov_urb,2023,41.196
rwa,sex_f,age_ythadult_y15_24,geo_cov_urb,2024,35.023
rwa,sex_f,age_ythadult_y15_64,geo_cov_nat,2014,3.132
rwa,sex_f,age_ythadult_y15_64,geo_cov_nat,2017,35.195
rwa,sex_f,age_ythadult_y15_64,geo_cov_nat,2018,33.298
rwa,sex_f,age_ythadult_y15_64,geo_cov_nat,2019,37.153
rwa,sex_f,age_ythadult_y15_64,geo_cov_nat,2020,34.252
rwa,sex_f,age_ythadult_y15_64,geo_cov_nat,2021,37.028
rwa,sex_f,age_ythadult_y15_64,geo_cov_nat,2022,34.433
rwa,sex_f,age_ythadult_y15_64,geo_cov_nat,2023,32.227
rwa,sex_f,age_ythadult_y15_64,geo_cov_nat,2024,32.97
rwa,sex_f,age_ythadult_y15_64,geo_cov_rur,2017,34.879
rwa,sex_f,age_ythadult_y15_64,geo_cov_rur,2018,32.992
rwa,sex_f,age_ythadult_y15_64,geo_cov_rur,2019,37.621
rwa,sex_f,age_ythadult_y15_64,geo_cov_rur,2020,34.092
rwa,sex_f,age_ythadult_y15_64,geo_cov_rur,2021,36.402
rwa,sex_f,age_ythadult_y15_64,geo_cov_rur,2022,33.992
rwa,sex_f,age_ythadult_y15_64,geo_cov_rur,2023,31.41
rwa,sex_f,age_ythadult_y15_64,geo_cov_rur,2024,33.881
rwa,sex_f,age_ythadult_y15_64,geo_cov_urb,2014,14.542
rwa,sex_f,age_ythadult_y15_64,geo_cov_urb,2017,36.255
rwa,sex_f,age_ythadult_y15_64,geo_cov_urb,2018,34.428
rwa,sex_f,age_ythadult_y15_64,geo_cov_urb,2019,35.407
rwa,sex_f,age_ythadult_y15_64,geo_cov_urb,2020,34.817
rwa,sex_f,age_ythadult_y15_64,geo_cov_urb,2021,39.174
rwa,sex_f,age_ythadult_y15_64,geo_cov_urb,2022,36.059
rwa,sex_f,age_ythadult_y15_64,geo_cov_urb,2023,34.018
rwa,sex_f,age_ythadult_y15_64,geo_cov_urb,2024,30.946
rwa,sex_f,age_ythadult_yge15,geo_cov_nat,2014,2.948
rwa,sex_f,age_ythadult_yge15,geo_cov_nat,2017,34.71
rwa,sex_f,age_ythadult_yge15,geo_cov_nat,2018,32.823
rwa,sex_f,age_ythadult_yge15,geo_cov_nat,2019,36.591
rwa,sex_f,age_ythadult_yge15,geo_cov_nat,2020,34.038
rwa,sex_f,age_ythadult_yge15,geo_cov_nat,2021,36.562
rwa,sex_f,age_ythadult_yge15,geo_cov_nat,2022,33.977
rwa,sex_f,age_ythadult_yge15,geo_cov_nat,2023,31.785
rwa,sex_f,age_ythadult_yge15,geo_cov_nat,2024,32.735
rwa,sex_f,age_ythadult_yge15,geo_cov_rur,2014,0.796
rwa,sex_f,age_ythadult_yge15,geo_cov_rur,2017,34.271
rwa,sex_f,age_ythadult_yge15,geo_cov_rur,2018,32.401
rwa,sex_f,age_ythadult_yge15,geo_cov_rur,2019,36.94
rwa,sex_f,age_ythadult_yge15,geo_cov_rur,2020,33.832
rwa,sex_f,age_ythadult_yge15,geo_cov_rur,2021,35.883
rwa,sex_f,age_ythadult_yge15,geo_cov_rur,2022,33.422
rwa,sex_f,age_ythadult_yge15,geo_cov_rur,2023,30.847
rwa,sex_f,age_ythadult_yge15,geo_cov_rur,2024,33.403
rwa,sex_f,age_ythadult_yge15,geo_cov_urb,2014,14.117
rwa,sex_f,age_ythadult_yge15,geo_cov_urb,2017,36.214
rwa,sex_f,age_ythadult_yge15,geo_cov_urb,2018,34.419
rwa,sex_f,age_ythadult_yge15,geo_cov_urb,2019,35.262
rwa,sex_f,age_ythadult_yge15,geo_cov_urb,2020,34.768
rwa,sex_f,age_ythadult_yge15,geo_cov_urb,2021,38.908
rwa,sex_f,age_ythadult_yge15,geo_cov_urb,2022,36.066
rwa,sex_f,age_ythadult_yge15,geo_cov_urb,2023,33.899
rwa,sex_f,age_ythadult_yge15,geo_cov_urb,2024,31.211
rwa,sex_f,age_ythadult_yge25,geo_cov_nat,2014,2.098
rwa,sex_f,age_ythadult_yge25,geo_cov_nat,2017,31.657
rwa,sex_f,age_ythadult_yge25,geo_cov_nat,2018,29.32
rwa,sex_f,age_ythadult_yge25,geo_cov_nat,2019,34.136
rwa,sex_f,age_ythadult_yge25,geo_cov_nat,2020,31.365
rwa,sex_f,age_ythadult_yge25,geo_cov_nat,2021,33.64
rwa,sex_f,age_ythadult_yge25,geo_cov_nat,2022,30.704
rwa,sex_f,age_ythadult_yge25,geo_cov_nat,2023,28.934
rwa,sex_f,age_ythadult_yge25,geo_cov_nat,2024,30.19
rwa,sex_f,age_ythadult_yge25,geo_cov_rur,2014,0.361
rwa,sex_f,age_ythadult_yge25,geo_cov_rur,2017,30.904
rwa,sex_f,age_ythadult_yge25,geo_cov_rur,2018,28.537
rwa,sex_f,age_ythadult_yge25,geo_cov_rur,2019,34.022
rwa,sex_f,age_ythadult_yge25,geo_cov_rur,2020,31.112
rwa,sex_f,age_ythadult_yge25,geo_cov_rur,2021,32.811
rwa,sex_f,age_ythadult_yge25,geo_cov_rur,2022,29.635
rwa,sex_f,age_ythadult_yge25,geo_cov_rur,2023,27.773
rwa,sex_f,age_ythadult_yge25,geo_cov_rur,2024,30.382
rwa,sex_f,age_ythadult_yge25,geo_cov_urb,2014,11.957
rwa,sex_f,age_ythadult_yge25,geo_cov_urb,2017,34.416
rwa,sex_f,age_ythadult_yge25,geo_cov_urb,2018,32.372
rwa,sex_f,age_ythadult_yge25,geo_cov_urb,2019,34.598
rwa,sex_f,age_ythadult_yge25,geo_cov_urb,2020,32.3
rwa,sex_f,age_ythadult_yge25,geo_cov_urb,2021,36.554
rwa,sex_f,age_ythadult_yge25,geo_cov_urb,2022,34.813
rwa,sex_f,age_ythadult_yge25,geo_cov_urb,2023,31.568
rwa,sex_f,age_ythadult_yge25,geo_cov_urb,2024,29.738
rwa,sex_m,age_aggregate_total,geo_cov_nat,2014,1.56
rwa,sex_m,age_aggregate_total,geo_cov_nat,2017,24.381
rwa,sex_m,age_aggregate_total,geo_cov_nat,2018,21.74
rwa,sex_m,age_aggregate_total,geo_cov_nat,2019,24.352
rwa,sex_m,age_aggregate_total,geo_cov_nat,2020,23.967
rwa,sex_m,age_aggregate_total,geo_cov_nat,2021,25.924
rwa,sex_m,age_aggregate_total,geo_cov_nat,2022,23.987
rwa,sex_m,age_aggregate_total,geo_cov_nat,2023,20.638
rwa,sex_m,age_aggregate_total,geo_cov_nat,2024,20.445
rwa,sex_m,age_aggregate_total,geo_cov_rur,2014,0.559
rwa,sex_m,age_aggregate_total,geo_cov_rur,2017,24.271
rwa,sex_m,age_aggregate_total,geo_cov_rur,2018,21.885
rwa,sex_m,age_aggregate_total,geo_cov_rur,2019,25.03
rwa,sex_m,age_aggregate_total,geo_cov_rur,2020,24.194
rwa,sex_m,age_aggregate_total,geo_cov_rur,2021,26.077
rwa,sex_m,age_aggregate_total,geo_cov_rur,2022,24.265
rwa,sex_m,age_aggregate_total,geo_cov_rur,2023,21.926
rwa,sex_m,age_aggregate_total,geo_cov_rur,2024,22.126
rwa,sex_m,age_aggregate_total,geo_cov_urb,2014,6.018
rwa,sex_m,age_aggregate_total,geo_cov_urb,2017,24.721
rwa,sex_m,age_aggregate_total,geo_cov_urb,2018,21.257
rwa,sex_m,age_aggregate_total,geo_cov_urb,2019,21.908
rwa,sex_m,age_aggregate_total,geo_cov_urb,2020,23.209
rwa,sex_m,age_aggregate_total,geo_cov_urb,2021,25.399
rwa,sex_m,age_aggregate_total,geo_cov_urb,2022,22.958
rwa,sex_m,age_aggregate_total,geo_cov_urb,2023,17.886
rwa,sex_m,age_aggregate_total,geo_cov_urb,2024,16.845
rwa,sex_m,age_aggregate_y15_24,geo_cov_nat,2014,2.482
rwa,sex_m,age_aggregate_y15_24,geo_cov_nat,2017,33.799
rwa,sex_m,age_aggregate_y15_24,geo_cov_nat,2018,32.172
rwa,sex_m,age_aggregate_y15_24,geo_cov_nat,2019,34.351
rwa,sex_m,age_aggregate_y15_24,geo_cov_nat,2020,33.881
rwa,sex_m,age_aggregate_y15_24,geo_cov_nat,2021,37.566
rwa,sex_m,age_aggregate_y15_24,geo_cov_nat,2022,37.633
rwa,sex_m,age_aggregate_y15_24,geo_cov_nat,2023,31.547
rwa,sex_m,age_aggregate_y15_24,geo_cov_nat,2024,28.739
rwa,sex_m,age_aggregate_y15_24,geo_cov_rur,2014,1.211
rwa,sex_m,age_aggregate_y15_24,geo_cov_rur,2017,32.547
rwa,sex_m,age_aggregate_y15_24,geo_cov_rur,2018,31.377
rwa,sex_m,age_aggregate_y15_24,geo_cov_rur,2019,34.053
rwa,sex_m,age_aggregate_y15_24,geo_cov_rur,2020,32.856
rwa,sex_m,age_aggregate_y15_24,geo_cov_rur,2021,36.916
rwa,sex_m,age_aggregate_y15_24,geo_cov_rur,2022,37.21
rwa,sex_m,age_aggregate_y15_24,geo_cov_rur,2023,32.274
rwa,sex_m,age_aggregate_y15_24,geo_cov_rur,2024,29.618
rwa,sex_m,age_aggregate_y15_24,geo_cov_urb,2014,8.735
rwa,sex_m,age_aggregate_y15_24,geo_cov_urb,2017,37.741
rwa,sex_m,age_aggregate_y15_24,geo_cov_urb,2018,34.945
rwa,sex_m,age_aggregate_y15_24,geo_cov_urb,2019,35.619
rwa,sex_m,age_aggregate_y15_24,geo_cov_urb,2020,38.418
rwa,sex_m,age_aggregate_y15_24,geo_cov_urb,2021,40.623
rwa,sex_m,age_aggregate_y15_24,geo_cov_urb,2022,39.824
rwa,sex_m,age_aggregate_y15_24,geo_cov_urb,2023,29.614
rwa,sex_m,age_aggregate_y15_24,geo_cov_urb,2024,26.543
rwa,sex_m,age_aggregate_y25_54,geo_cov_nat,2014,1.401
rwa,sex_m,age_aggregate_y25_54,geo_cov_nat,2017,20.459
rwa,sex_m,age_aggregate_y25_54,geo_cov_nat,2018,17.936
rwa,sex_m,age_aggregate_y25_54,geo_cov_nat,2019,20.287
rwa,sex_m,age_aggregate_y25_54,geo_cov_nat,2020,19.301
rwa,sex_m,age_aggregate_y25_54,geo_cov_nat,2021,21.971
rwa,sex_m,age_aggregate_y25_54,geo_cov_nat,2022,18.752
rwa,sex_m,age_aggregate_y25_54,geo_cov_nat,2023,16.07
rwa,sex_m,age_aggregate_y25_54,geo_cov_nat,2024,16.048
rwa,sex_m,age_aggregate_y25_54,geo_cov_rur,2014,0.358
rwa,sex_m,age_aggregate_y25_54,geo_cov_rur,2017,20.748
rwa,sex_m,age_aggregate_y25_54,geo_cov_rur,2018,18.391
rwa,sex_m,age_aggregate_y25_54,geo_cov_rur,2019,21.283
rwa,sex_m,age_aggregate_y25_54,geo_cov_rur,2020,19.862
rwa,sex_m,age_aggregate_y25_54,geo_cov_rur,2021,22.116
rwa,sex_m,age_aggregate_y25_54,geo_cov_rur,2022,18.802
rwa,sex_m,age_aggregate_y25_54,geo_cov_rur,2023,17.395
rwa,sex_m,age_aggregate_y25_54,geo_cov_rur,2024,17.919
rwa,sex_m,age_aggregate_y25_54,geo_cov_urb,2014,5.383
rwa,sex_m,age_aggregate_y25_54,geo_cov_urb,2017,19.647
rwa,sex_m,age_aggregate_y25_54,geo_cov_urb,2018,16.563
rwa,sex_m,age_aggregate_y25_54,geo_cov_urb,2019,17.144
rwa,sex_m,age_aggregate_y25_54,geo_cov_urb,2020,17.771
rwa,sex_m,age_aggregate_y25_54,geo_cov_urb,2021,21.55
rwa,sex_m,age_aggregate_y25_54,geo_cov_urb,2022,18.598
rwa,sex_m,age_aggregate_y25_54,geo_cov_urb,2023,13.642
rwa,sex_m,age_aggregate_y25_54,geo_cov_urb,2024,12.564
rwa,sex_m,age_aggregate_y55_64,geo_cov_nat,2017,27.902
rwa,sex_m,age_aggregate_y55_64,geo_cov_nat,2018,22.002
rwa,sex_m,age_aggregate_y55_64,geo_cov_nat,2019,26.826
rwa,sex_m,age_aggregate_y55_64,geo_cov_nat,2020,24.626
rwa,sex_m,age_aggregate_y55_64,geo_cov_nat,2021,24.854
rwa,sex_m,age_aggregate_y55_64,geo_cov_nat,2022,21.731
rwa,sex_m,age_aggregate_y55_64,geo_cov_nat,2023,22.923
rwa,sex_m,age_aggregate_y55_64,geo_cov_nat,2024,24.786
rwa,sex_m,age_aggregate_y55_64,geo_cov_rur,2017,27.184
rwa,sex_m,age_aggregate_y55_64,geo_cov_rur,2018,22.101
rwa,sex_m,age_aggregate_y55_64,geo_cov_rur,2019,26.893
rwa,sex_m,age_aggregate_y55_64,geo_cov_rur,2020,23.7
rwa,sex_m,age_aggregate_y55_64,geo_cov_rur,2021,25.053
rwa,sex_m,age_aggregate_y55_64,geo_cov_rur,2022,21.99
rwa,sex_m,age_aggregate_y55_64,geo_cov_rur,2023,23.063
rwa,sex_m,age_aggregate_y55_64,geo_cov_rur,2024,25.737
rwa,sex_m,age_aggregate_y55_64,geo_cov_urb,2017,31.415
rwa,sex_m,age_aggregate_y55_64,geo_cov_urb,2018,21.512
rwa,sex_m,age_aggregate_y55_64,geo_cov_urb,2019,26.467
rwa,sex_m,age_aggregate_y55_64,geo_cov_urb,2020,30.154
rwa,sex_m,age_aggregate_y55_64,geo_cov_urb,2021,23.831
rwa,sex_m,age_aggregate_y55_64,geo_cov_urb,2022,20.448
rwa,sex_m,age_aggregate_y55_64,geo_cov_urb,2023,22.457
rwa,sex_m,age_aggregate_y55_64,geo_cov_urb,2024,21.925
rwa,sex_m,age_aggregate_yge65,geo_cov_nat,2017,21.125
rwa,sex_m,age_aggregate_yge65,geo_cov_nat,2018,15.565
rwa,sex_m,age_aggregate_yge65,geo_cov_nat,2019,20.31
rwa,sex_m,age_aggregate_yge65,geo_cov_nat,2020,24.582
rwa,sex_m,age_aggregate_yge65,geo_cov_nat,2021,20.8
rwa,sex_m,age_aggregate_yge65,geo_cov_nat,2022,23.315
rwa,sex_m,age_aggregate_yge65,geo_cov_nat,2023,20.322
rwa,sex_m,age_aggregate_yge65,geo_cov_nat,2024,25.974
rwa,sex_m,age_aggregate_yge65,geo_cov_rur,2017,21.128
rwa,sex_m,age_aggregate_yge65,geo_cov_rur,2018,15.657
rwa,sex_m,age_aggregate_yge65,geo_cov_rur,2019,19.497
rwa,sex_m,age_aggregate_yge65,geo_cov_rur,2020,23.659
rwa,sex_m,age_aggregate_yge65,geo_cov_rur,2021,19.211
rwa,sex_m,age_aggregate_yge65,geo_cov_rur,2022,23.351
rwa,sex_m,age_aggregate_yge65,geo_cov_rur,2023,18.348
rwa,sex_m,age_aggregate_yge65,geo_cov_rur,2024,24.599
rwa,sex_m,age_aggregate_yge65,geo_cov_urb,2017,21.106
rwa,sex_m,age_aggregate_yge65,geo_cov_urb,2018,14.719
rwa,sex_m,age_aggregate_yge65,geo_cov_urb,2019,26.877
rwa,sex_m,age_aggregate_yge65,geo_cov_urb,2020,31.178
rwa,sex_m,age_aggregate_yge65,geo_cov_urb,2021,29.974
rwa,sex_m,age_aggregate_yge65,geo_cov_urb,2022,23.074
rwa,sex_m,age_aggregate_yge65,geo_cov_urb,2023,27.945
rwa,sex_m,age_aggregate_yge65,geo_cov_urb,2024,33.111
rwa,sex_m,age_ythadult_y15_24,geo_cov_nat,2014,2.482
rwa,sex_m,age_ythadult_y15_24,geo_cov_nat,2017,33.799
rwa,sex_m,age_ythadult_y15_24,geo_cov_nat,2018,32.172
rwa,sex_m,age_ythadult_y15_24,geo_cov_nat,2019,34.351
rwa,sex_m,age_ythadult_y15_24,geo_cov_nat,2020,33.881
rwa,sex_m,age_ythadult_y15_24,geo_cov_nat,2021,37.566
rwa,sex_m,age_ythadult_y15_24,geo_cov_nat,2022,37.633
rwa,sex_m,age_ythadult_y15_24,geo_cov_nat,2023,31.547
rwa,sex_m,age_ythadult_y15_24,geo_cov_nat,2024,28.739
rwa,sex_m,age_ythadult_y15_24,geo_cov_rur,2014,1.211
rwa,sex_m,age_ythadult_y15_24,geo_cov_rur,2017,32.547
rwa,sex_m,age_ythadult_y15_24,geo_cov_rur,2018,31.377
rwa,sex_m,age_ythadult_y15_24,geo_cov_rur,2019,34.053
rwa,sex_m,age_ythadult_y15_24,geo_cov_rur,2020,32.856
rwa,sex_m,age_ythadult_y15_24,geo_cov_rur,2021,36.916
rwa,sex_m,age_ythadult_y15_24,geo_cov_rur,2022,37.21
rwa,sex_m,age_ythadult_y15_24,geo_cov_rur,2023,32.274
rwa,sex_m,age_ythadult_y15_24,geo_cov_rur,2024,29.618
rwa,sex_m,age_ythadult_y15_24,geo_cov_urb,2014,8.735
rwa,sex_m,age_ythadult_y15_24,geo_cov_urb,2017,37.741
rwa,sex_m,age_ythadult_y15_24,geo_cov_urb,2018,34.945
rwa,sex_m,age_ythadult_y15_24,geo_cov_urb,2019,35.619
rwa,sex_m,age_ythadult_y15_24,geo_cov_urb,2020,38.418
rwa,sex_m,age_ythadult_y15_24,geo_cov_urb,2021,40.623
rwa,sex_m,age_ythadult_y15_24,geo_cov_urb,2022,39.824
rwa,sex_m,age_ythadult_y15_24,geo_cov_urb,2023,29.614
rwa,sex_m,age_ythadult_y15_24,geo_cov_urb,2024,26.543
rwa,sex_m,age_ythadult_y15_64,geo_cov_nat,2014,1.63
rwa,sex_m,age_ythadult_y15_64,geo_cov_nat,2017,24.483
rwa,sex_m,age_ythadult_y15_64,geo_cov_nat,2018,21.95
rwa,sex_m,age_ythadult_y15_64,geo_cov_nat,2019,24.479
rwa,sex_m,age_ythadult_y15_64,geo_cov_nat,2020,23.947
rwa,sex_m,age_ythadult_y15_64,geo_cov_nat,2021,26.073
rwa,sex_m,age_ythadult_y15_64,geo_cov_nat,2022,24.009
rwa,sex_m,age_ythadult_y15_64,geo_cov_nat,2023,20.649
rwa,sex_m,age_ythadult_y15_64,geo_cov_nat,2024,20.228
rwa,sex_m,age_ythadult_y15_64,geo_cov_rur,2017,24.385
rwa,sex_m,age_ythadult_y15_64,geo_cov_rur,2018,22.135
rwa,sex_m,age_ythadult_y15_64,geo_cov_rur,2019,25.23
rwa,sex_m,age_ythadult_y15_64,geo_cov_rur,2020,24.213
rwa,sex_m,age_ythadult_y15_64,geo_cov_rur,2021,26.297
rwa,sex_m,age_ythadult_y15_64,geo_cov_rur,2022,24.298
rwa,sex_m,age_ythadult_y15_64,geo_cov_rur,2023,22.067
rwa,sex_m,age_ythadult_y15_64,geo_cov_rur,2024,22.005
rwa,sex_m,age_ythadult_y15_64,geo_cov_urb,2014,6.116
rwa,sex_m,age_ythadult_y15_64,geo_cov_urb,2017,24.779
rwa,sex_m,age_ythadult_y15_64,geo_cov_urb,2018,21.35
rwa,sex_m,age_ythadult_y15_64,geo_cov_urb,2019,21.83
rwa,sex_m,age_ythadult_y15_64,geo_cov_urb,2020,23.075
rwa,sex_m,age_ythadult_y15_64,geo_cov_urb,2021,25.313
rwa,sex_m,age_ythadult_y15_64,geo_cov_urb,2022,22.955
rwa,sex_m,age_ythadult_y15_64,geo_cov_urb,2023,17.67
rwa,sex_m,age_ythadult_y15_64,geo_cov_urb,2024,16.527
rwa,sex_m,age_ythadult_yge15,geo_cov_nat,2014,1.56
rwa,sex_m,age_ythadult_yge15,geo_cov_nat,2017,24.381
rwa,sex_m,age_ythadult_yge15,geo_cov_nat,2018,21.74
rwa,sex_m,age_ythadult_yge15,geo_cov_nat,2019,24.352
rwa,sex_m,age_ythadult_yge15,geo_cov_nat,2020,23.967
rwa,sex_m,age_ythadult_yge15,geo_cov_nat,2021,25.924
rwa,sex_m,age_ythadult_yge15,geo_cov_nat,2022,23.987
rwa,sex_m,age_ythadult_yge15,geo_cov_nat,2023,20.638
rwa,sex_m,age_ythadult_yge15,geo_cov_nat,2024,20.445
rwa,sex_m,age_ythadult_yge15,geo_cov_rur,2014,0.559
rwa,sex_m,age_ythadult_yge15,geo_cov_rur,2017,24.271
rwa,sex_m,age_ythadult_yge15,geo_cov_rur,2018,21.885
rwa,sex_m,age_ythadult_yge15,geo_cov_rur,2019,25.03
rwa,sex_m,age_ythadult_yge15,geo_cov_rur,2020,24.194
rwa,sex_m,age_ythadult_yge15,geo_cov_rur,2021,26.077
rwa,sex_m,age_ythadult_yge15,geo_cov_rur,2022,24.265
rwa,sex_m,age_ythadult_yge15,geo_cov_rur,2023,21.926
rwa,sex_m,age_ythadult_yge15,geo_cov_rur,2024,22.126
rwa,sex_m,age_ythadult_yge15,geo_cov_urb,2014,6.018
rwa,sex_m,age_ythadult_yge15,geo_cov_urb,2017,24.721
rwa,sex_m,age_ythadult_yge15,geo_cov_urb,2018,21.257
rwa,sex_m,age_ythadult_yge15,geo_cov_urb,2019,21.908
rwa,sex_m,age_ythadult_yge15,geo_cov_urb,2020,23.209
rwa,sex_m,age_ythadult_yge15,geo_cov_urb,2021,25.399
rwa,sex_m,age_ythadult_yge15,geo_cov_urb,2022,22.958
rwa,sex_m,age_ythadult_yge15,geo_cov_urb,2023,17.886
rwa,sex_m,age_ythadult_yge15,geo_cov_urb,2024,16.845
rwa,sex_m,age_ythadult_yge25,geo_cov_nat,2014,1.192
rwa,sex_m,age_ythadult_yge25,geo_cov_nat,2017,21.275
rwa,sex_m,age_ythadult_yge25,geo_cov_nat,2018,18.278
rwa,sex_m,age_ythadult_yge25,geo_cov_nat,2019,20.969
rwa,sex_m,age_ythadult_yge25,geo_cov_nat,2020,20.084
rwa,sex_m,age_ythadult_yge25,geo_cov_nat,2021,22.236
rwa,sex_m,age_ythadult_yge25,geo_cov_nat,2022,19.278
rwa,sex_m,age_ythadult_yge25,geo_cov_nat,2023,16.963
rwa,sex_m,age_ythadult_yge25,geo_cov_nat,2024,17.393
rwa,sex_m,age_ythadult_yge25,geo_cov_rur,2014,0.292
rwa,sex_m,age_ythadult_yge25,geo_cov_rur,2017,21.518
rwa,sex_m,age_ythadult_yge25,geo_cov_rur,2018,18.692
rwa,sex_m,age_ythadult_yge25,geo_cov_rur,2019,21.836
rwa,sex_m,age_ythadult_yge25,geo_cov_rur,2020,20.509
rwa,sex_m,age_ythadult_yge25,geo_cov_rur,2021,22.341
rwa,sex_m,age_ythadult_yge25,geo_cov_rur,2022,19.404
rwa,sex_m,age_ythadult_yge25,geo_cov_rur,2023,18.12
rwa,sex_m,age_ythadult_yge25,geo_cov_rur,2024,19.186
rwa,sex_m,age_ythadult_yge25,geo_cov_urb,2014,5.05
rwa,sex_m,age_ythadult_yge25,geo_cov_urb,2017,20.534
rwa,sex_m,age_ythadult_yge25,geo_cov_urb,2018,16.92
rwa,sex_m,age_ythadult_yge25,geo_cov_urb,2019,18.01
rwa,sex_m,age_ythadult_yge25,geo_cov_urb,2020,18.8
rwa,sex_m,age_ythadult_yge25,geo_cov_urb,2021,21.905
rwa,sex_m,age_ythadult_yge25,geo_cov_urb,2022,18.855
rwa,sex_m,age_ythadult_yge25,geo_cov_urb,2023,14.655
rwa,sex_m,age_ythadult_yge25,geo_cov_urb,2024,13.757
rwa,sex_t,age_aggregate_total,geo_cov_nat,2014,2.307
rwa,sex_t,age_aggregate_total,geo_cov_nat,2017,29.699
rwa,sex_t,age_aggregate_total,geo_cov_nat,2018,27.426
rwa,sex_t,age_aggregate_total,geo_cov_nat,2019,30.601
rwa,sex_t,age_aggregate_total,geo_cov_nat,2020,29.088
rwa,sex_t,age_aggregate_total,geo_cov_nat,2021,31.332
rwa,sex_t,age_aggregate_total,geo_cov_nat,2022,29.054
rwa,sex_t,age_aggregate_total,geo_cov_nat,2023,26.342
rwa,sex_t,age_aggregate_total,geo_cov_nat,2024,26.694
rwa,sex_t,age_aggregate_total,geo_cov_rur,2014,0.688
rwa,sex_t,age_aggregate_total,geo_cov_rur,2017,29.484
rwa,sex_t,age_aggregate_total,geo_cov_rur,2018,27.352
rwa,sex_t,age_aggregate_total,geo_cov_rur,2019,31.147
rwa,sex_t,age_aggregate_total,geo_cov_rur,2020,29.128
rwa,sex_t,age_aggregate_total,geo_cov_rur,2021,31.066
rwa,sex_t,age_aggregate_total,geo_cov_rur,2022,28.917
rwa,sex_t,age_aggregate_total,geo_cov_rur,2023,26.527
rwa,sex_t,age_aggregate_total,geo_cov_rur,2024,27.914
rwa,sex_t,age_aggregate_total,geo_cov_urb,2014,10.117
rwa,sex_t,age_aggregate_total,geo_cov_urb,2017,30.397
rwa,sex_t,age_aggregate_total,geo_cov_urb,2018,27.686
rwa,sex_t,age_aggregate_total,geo_cov_urb,2019,28.58
rwa,sex_t,age_aggregate_total,geo_cov_urb,2020,28.954
rwa,sex_t,age_aggregate_total,geo_cov_urb,2021,32.247
rwa,sex_t,age_aggregate_total,geo_cov_urb,2022,29.567
rwa,sex_t,age_aggregate_total,geo_cov_urb,2023,25.937
rwa,sex_t,age_aggregate_total,geo_cov_urb,2024,23.995
rwa,sex_t,age_aggregate_y15_24,geo_cov_nat,2014,3.967
rwa,sex_t,age_aggregate_y15_24,geo_cov_nat,2017,38.831
rwa,sex_t,age_aggregate_y15_24,geo_cov_nat,2018,37.68
rwa,sex_t,age_aggregate_y15_24,geo_cov_nat,2019,39.112
rwa,sex_t,age_aggregate_y15_24,geo_cov_nat,2020,37.542
rwa,sex_t,age_aggregate_y15_24,geo_cov_nat,2021,41.773
rwa,sex_t,age_aggregate_y15_24,geo_cov_nat,2022,40.921
rwa,sex_t,age_aggregate_y15_24,geo_cov_nat,2023,36.2
rwa,sex_t,age_aggregate_y15_24,geo_cov_nat,2024,34.335
rwa,sex_t,age_aggregate_y15_24,geo_cov_rur,2014,1.664
rwa,sex_t,age_aggregate_y15_24,geo_cov_rur,2017,38.706
rwa,sex_t,age_aggregate_y15_24,geo_cov_rur,2018,37.75
rwa,sex_t,age_aggregate_y15_24,geo_cov_rur,2019,39.877
rwa,sex_t,age_aggregate_y15_24,geo_cov_rur,2020,36.965
rwa,sex_t,age_aggregate_y15_24,geo_cov_rur,2021,41.266
rwa,sex_t,age_aggregate_y15_24,geo_cov_rur,2022,41.19
rwa,sex_t,age_aggregate_y15_24,geo_cov_rur,2023,36.378
rwa,sex_t,age_aggregate_y15_24,geo_cov_rur,2024,35.767
rwa,sex_t,age_aggregate_y15_24,geo_cov_urb,2014,14.299
rwa,sex_t,age_aggregate_y15_24,geo_cov_urb,2017,39.206
rwa,sex_t,age_aggregate_y15_24,geo_cov_urb,2018,37.435
rwa,sex_t,age_aggregate_y15_24,geo_cov_urb,2019,36.313
rwa,sex_t,age_aggregate_y15_24,geo_cov_urb,2020,39.694
rwa,sex_t,age_aggregate_y15_24,geo_cov_urb,2021,43.735
rwa,sex_t,age_aggregate_y15_24,geo_cov_urb,2022,39.786
rwa,sex_t,age_aggregate_y15_24,geo_cov_urb,2023,35.768
rwa,sex_t,age_aggregate_y15_24,geo_cov_urb,2024,31.066
rwa,sex_t,age_aggregate_y25_54,geo_cov_nat,2014,2.03
rwa,sex_t,age_aggregate_y25_54,geo_cov_nat,2017,26.788
rwa,sex_t,age_aggregate_y25_54,geo_cov_nat,2018,24.289
rwa,sex_t,age_aggregate_y25_54,geo_cov_nat,2019,28.044
rwa,sex_t,age_aggregate_y25_54,geo_cov_nat,2020,25.82
rwa,sex_t,age_aggregate_y25_54,geo_cov_nat,2021,28.679
rwa,sex_t,age_aggregate_y25_54,geo_cov_nat,2022,25.53
rwa,sex_t,age_aggregate_y25_54,geo_cov_nat,2023,23.244
rwa,sex_t,age_aggregate_y25_54,geo_cov_nat,2024,23.358
rwa,sex_t,age_aggregate_y25_54,geo_cov_rur,2014,0.413
rwa,sex_t,age_aggregate_y25_54,geo_cov_rur,2017,26.848
rwa,sex_t,age_aggregate_y25_54,geo_cov_rur,2018,24.364
rwa,sex_t,age_aggregate_y25_54,geo_cov_rur,2019,28.726
rwa,sex_t,age_aggregate_y25_54,geo_cov_rur,2020,26.212
rwa,sex_t,age_aggregate_y25_54,geo_cov_rur,2021,28.52
rwa,sex_t,age_aggregate_y25_54,geo_cov_rur,2022,25.17
rwa,sex_t,age_aggregate_y25_54,geo_cov_rur,2023,23.515
rwa,sex_t,age_aggregate_y25_54,geo_cov_rur,2024,24.748
rwa,sex_t,age_aggregate_y25_54,geo_cov_urb,2014,9.178
rwa,sex_t,age_aggregate_y25_54,geo_cov_urb,2017,26.603
rwa,sex_t,age_aggregate_y25_54,geo_cov_urb,2018,24.044
rwa,sex_t,age_aggregate_y25_54,geo_cov_urb,2019,25.702
rwa,sex_t,age_aggregate_y25_54,geo_cov_urb,2020,24.618
rwa,sex_t,age_aggregate_y25_54,geo_cov_urb,2021,29.175
rwa,sex_t,age_aggregate_y25_54,geo_cov_urb,2022,26.741
rwa,sex_t,age_aggregate_y25_54,geo_cov_urb,2023,22.715
rwa,sex_t,age_aggregate_y25_54,geo_cov_urb,2024,20.59
rwa,sex_t,age_aggregate_y55_64,geo_cov_nat,2014,0.264
rwa,sex_t,age_aggregate_y55_64,geo_cov_nat,2017,27.684
rwa,sex_t,age_aggregate_y55_64,geo_cov_nat,2018,23.883
rwa,sex_t,age_aggregate_y55_64,geo_cov_nat,2019,27.9
rwa,sex_t,age_aggregate_y55_64,geo_cov_nat,2020,26.302
rwa,sex_t,age_aggregate_y55_64,geo_cov_nat,2021,25.554
rwa,sex_t,age_aggregate_y55_64,geo_cov_nat,2022,23.397
rwa,sex_t,age_aggregate_y55_64,geo_cov_nat,2023,23.851
rwa,sex_t,age_aggregate_y55_64,geo_cov_nat,2024,27.859
rwa,sex_t,age_aggregate_y55_64,geo_cov_rur,2017,26.411
rwa,sex_t,age_aggregate_y55_64,geo_cov_rur,2018,23.234
rwa,sex_t,age_aggregate_y55_64,geo_cov_rur,2019,27.836
rwa,sex_t,age_aggregate_y55_64,geo_cov_rur,2020,25.595
rwa,sex_t,age_aggregate_y55_64,geo_cov_rur,2021,25.131
rwa,sex_t,age_aggregate_y55_64,geo_cov_rur,2022,23.208
rwa,sex_t,age_aggregate_y55_64,geo_cov_rur,2023,23.366
rwa,sex_t,age_aggregate_y55_64,geo_cov_rur,2024,27.965
rwa,sex_t,age_aggregate_y55_64,geo_cov_urb,2014,2.542
rwa,sex_t,age_aggregate_y55_64,geo_cov_urb,2017,34.986
rwa,sex_t,age_aggregate_y55_64,geo_cov_urb,2018,27.632
rwa,sex_t,age_aggregate_y55_64,geo_cov_urb,2019,28.293
rwa,sex_t,age_aggregate_y55_64,geo_cov_urb,2020,30.79
rwa,sex_t,age_aggregate_y55_64,geo_cov_urb,2021,27.758
rwa,sex_t,age_aggregate_y55_64,geo_cov_urb,2022,24.36
rwa,sex_t,age_aggregate_y55_64,geo_cov_urb,2023,25.59
rwa,sex_t,age_aggregate_y55_64,geo_cov_urb,2024,27.478
rwa,sex_t,age_aggregate_yge65,geo_cov_nat,2017,18.344
rwa,sex_t,age_aggregate_yge65,geo_cov_nat,2018,15.342
rwa,sex_t,age_aggregate_yge65,geo_cov_nat,2019,18.27
rwa,sex_t,age_aggregate_yge65,geo_cov_nat,2020,25.557
rwa,sex_t,age_aggregate_yge65,geo_cov_nat,2021,19.553
rwa,sex_t,age_aggregate_yge65,geo_cov_nat,2022,21.253
rwa,sex_t,age_aggregate_yge65,geo_cov_nat,2023,19.428
rwa,sex_t,age_aggregate_yge65,geo_cov_nat,2024,25.916
rwa,sex_t,age_aggregate_yge65,geo_cov_rur,2017,17.613
rwa,sex_t,age_aggregate_yge65,geo_cov_rur,2018,14.887
rwa,sex_t,age_aggregate_yge65,geo_cov_rur,2019,17.502
rwa,sex_t,age_aggregate_yge65,geo_cov_rur,2020,24.45
rwa,sex_t,age_aggregate_yge65,geo_cov_rur,2021,17.966
rwa,sex_t,age_aggregate_yge65,geo_cov_rur,2022,20.25
rwa,sex_t,age_aggregate_yge65,geo_cov_rur,2023,17.882
rwa,sex_t,age_aggregate_yge65,geo_cov_rur,2024,23.426
rwa,sex_t,age_aggregate_yge65,geo_cov_urb,2017,24.529
rwa,sex_t,age_aggregate_yge65,geo_cov_urb,2018,20.639
rwa,sex_t,age_aggregate_yge65,geo_cov_urb,2019,25.137
rwa,sex_t,age_aggregate_yge65,geo_cov_urb,2020,31.98
rwa,sex_t,age_aggregate_yge65,geo_cov_urb,2021,27.72
rwa,sex_t,age_aggregate_yge65,geo_cov_urb,2022,28.982
rwa,sex_t,age_aggregate_yge65,geo_cov_urb,2023,26.995
rwa,sex_t,age_aggregate_yge65,geo_cov_urb,2024,39.783
rwa,sex_t,age_ythadult_y15_24,geo_cov_nat,2014,3.967
rwa,sex_t,age_ythadult_y15_24,geo_cov_nat,2017,38.831
rwa,sex_t,age_ythadult_y15_24,geo_cov_nat,2018,37.68
rwa,sex_t,age_ythadult_y15_24,geo_cov_nat,2019,39.112
rwa,sex_t,age_ythadult_y15_24,geo_cov_nat,2020,37.542
rwa,sex_t,age_ythadult_y15_24,geo_cov_nat,2021,41.773
rwa,sex_t,age_ythadult_y15_24,geo_cov_nat,2022,40.921
rwa,sex_t,age_ythadult_y15_24,geo_cov_nat,2023,36.2
rwa,sex_t,age_ythadult_y15_24,geo_cov_nat,2024,34.335
rwa,sex_t,age_ythadult_y15_24,geo_cov_rur,2014,1.664
rwa,sex_t,age_ythadult_y15_24,geo_cov_rur,2017,38.706
rwa,sex_t,age_ythadult_y15_24,geo_cov_rur,2018,37.75
rwa,sex_t,age_ythadult_y15_24,geo_cov_rur,2019,39.877
rwa,sex_t,age_ythadult_y15_24,geo_cov_rur,2020,36.965
rwa,sex_t,age_ythadult_y15_24,geo_cov_rur,2021,41.266
rwa,sex_t,age_ythadult_y15_24,geo_cov_rur,2022,41.19
rwa,sex_t,age_ythadult_y15_24,geo_cov_rur,2023,36.378
rwa,sex_t,age_ythadult_y15_24,geo_cov_rur,2024,35.767
rwa,sex_t,age_ythadult_y15_24,geo_cov_urb,2014,14.299
rwa,sex_t,age_ythadult_y15_24,geo_cov_urb,2017,39.206
rwa,sex_t,age_ythadult_y15_24,geo_cov_urb,2018,37.435
rwa,sex_t,age_ythadult_y15_24,geo_cov_urb,2019,36.313
rwa,sex_t,age_ythadult_y15_24,geo_cov_urb,2020,39.694
rwa,sex_t,age_ythadult_y15_24,geo_cov_urb,2021,43.735
rwa,sex_t,age_ythadult_y15_24,geo_cov_urb,2022,39.786
rwa,sex_t,age_ythadult_y15_24,geo_cov_urb,2023,35.768
rwa,sex_t,age_ythadult_y15_24,geo_cov_urb,2024,31.066
rwa,sex_t,age_ythadult_y15_64,geo_cov_nat,2014,2.431
rwa,sex_t,age_ythadult_y15_64,geo_cov_nat,2017,30.016
rwa,sex_t,age_ythadult_y15_64,geo_cov_nat,2018,27.792
rwa,sex_t,age_ythadult_y15_64,geo_cov_nat,2019,30.964
rwa,sex_t,age_ythadult_y15_64,geo_cov_nat,2020,29.196
rwa,sex_t,age_ythadult_y15_64,geo_cov_nat,2021,31.652
rwa,sex_t,age_ythadult_y15_64,geo_cov_nat,2022,29.3
rwa,sex_t,age_ythadult_y15_64,geo_cov_nat,2023,26.574
rwa,sex_t,age_ythadult_y15_64,geo_cov_nat,2024,26.722
rwa,sex_t,age_ythadult_y15_64,geo_cov_rur,2017,29.873
rwa,sex_t,age_ythadult_y15_64,geo_cov_rur,2018,27.801
rwa,sex_t,age_ythadult_y15_64,geo_cov_rur,2019,31.607
rwa,sex_t,age_ythadult_y15_64,geo_cov_rur,2020,29.285
rwa,sex_t,age_ythadult_y15_64,geo_cov_rur,2021,31.451
rwa,sex_t,age_ythadult_y15_64,geo_cov_rur,2022,29.224
rwa,sex_t,age_ythadult_y15_64,geo_cov_rur,2023,26.88
rwa,sex_t,age_ythadult_y15_64,geo_cov_rur,2024,28.119
rwa,sex_t,age_ythadult_y15_64,geo_cov_urb,2014,10.352
rwa,sex_t,age_ythadult_y15_64,geo_cov_urb,2017,30.47
rwa,sex_t,age_ythadult_y15_64,geo_cov_urb,2018,27.761
rwa,sex_t,age_ythadult_y15_64,geo_cov_urb,2019,28.627
rwa,sex_t,age_ythadult_y15_64,geo_cov_urb,2020,28.894
rwa,sex_t,age_ythadult_y15_64,geo_cov_urb,2021,32.335
rwa,sex_t,age_ythadult_y15_64,geo_cov_urb,2022,29.577
rwa,sex_t,age_ythadult_y15_64,geo_cov_urb,2023,25.918
rwa,sex_t,age_ythadult_y15_64,geo_cov_urb,2024,23.717
rwa,sex_t,age_ythadult_yge15,geo_cov_nat,2014,2.307
rwa,sex_t,age_ythadult_yge15,geo_cov_nat,2017,29.699
rwa,sex_t,age_ythadult_yge15,geo_cov_nat,2018,27.426
rwa,sex_t,age_ythadult_yge15,geo_cov_nat,2019,30.601
rwa,sex_t,age_ythadult_yge15,geo_cov_nat,2020,29.088
rwa,sex_t,age_ythadult_yge15,geo_cov_nat,2021,31.332
rwa,sex_t,age_ythadult_yge15,geo_cov_nat,2022,29.054
rwa,sex_t,age_ythadult_yge15,geo_cov_nat,2023,26.342
rwa,sex_t,age_ythadult_yge15,geo_cov_nat,2024,26.694
rwa,sex_t,age_ythadult_yge15,geo_cov_rur,2014,0.688
rwa,sex_t,age_ythadult_yge15,geo_cov_rur,2017,29.484
rwa,sex_t,age_ythadult_yge15,geo_cov_rur,2018,27.352
rwa,sex_t,age_ythadult_yge15,geo_cov_rur,2019,31.147
rwa,sex_t,age_ythadult_yge15,geo_cov_rur,2020,29.128
rwa,sex_t,age_ythadult_yge15,geo_cov_rur,2021,31.066
rwa,sex_t,age_ythadult_yge15,geo_cov_rur,2022,28.917
rwa,sex_t,age_ythadult_yge15,geo_cov_rur,2023,26.527
rwa,sex_t,age_ythadult_yge15,geo_cov_rur,2024,27.914
rwa,sex_t,age_ythadult_yge15,geo_cov_urb,2014,10.117
rwa,sex_t,age_ythadult_yge15,geo_cov_urb,2017,30.397
rwa,sex_t,age_ythadult_yge15,geo_cov_urb,2018,27.686
rwa,sex_t,age_ythadult_yge15,geo_cov_urb,2019,28.58
rwa,sex_t,age_ythadult_yge15,geo_cov_urb,2020,28.954
rwa,sex_t,age_ythadult_yge15,geo_cov_urb,2021,32.247
rwa,sex_t,age_ythadult_yge15,geo_cov_urb,2022,29.567
rwa,sex_t,age_ythadult_yge15,geo_cov_urb,2023,25.937
rwa,sex_t,age_ythadult_yge15,geo_cov_urb,2024,23.995
rwa,sex_t,age_ythadult_yge25,geo_cov_nat,2014,1.688
rwa,sex_t,age_ythadult_yge25,geo_cov_nat,2017,26.573
rwa,sex_t,age_ythadult_yge25,geo_cov_nat,2018,23.891
rwa,sex_t,age_ythadult_yge25,geo_cov_nat,2019,27.653
rwa,sex_t,age_ythadult_yge25,geo_cov_nat,2020,25.859
rwa,sex_t,age_ythadult_yge25,geo_cov_nat,2021,28.04
rwa,sex_t,age_ythadult_yge25,geo_cov_nat,2022,25.136
rwa,sex_t,age_ythadult_yge25,geo_cov_nat,2023,23.143
rwa,sex_t,age_ythadult_yge25,geo_cov_nat,2024,23.927
rwa,sex_t,age_ythadult_yge25,geo_cov_rur,2014,0.33
rwa,sex_t,age_ythadult_yge25,geo_cov_rur,2017,26.408
rwa,sex_t,age_ythadult_yge25,geo_cov_rur,2018,23.788
rwa,sex_t,age_ythadult_yge25,geo_cov_rur,2019,28.132
rwa,sex_t,age_ythadult_yge25,geo_cov_rur,2020,26.06
rwa,sex_t,age_ythadult_yge25,geo_cov_rur,2021,27.739
rwa,sex_t,age_ythadult_yge25,geo_cov_rur,2022,24.727
rwa,sex_t,age_ythadult_yge25,geo_cov_rur,2023,23.202
rwa,sex_t,age_ythadult_yge25,geo_cov_rur,2024,25.032
rwa,sex_t,age_ythadult_yge25,geo_cov_urb,2014,8.423
rwa,sex_t,age_ythadult_yge25,geo_cov_urb,2017,27.124
rwa,sex_t,age_ythadult_yge25,geo_cov_urb,2018,24.259
rwa,sex_t,age_ythadult_yge25,geo_cov_urb,2019,25.87
rwa,sex_t,age_ythadult_yge25,geo_cov_urb,2020,25.191
rwa,sex_t,age_ythadult_yge25,geo_cov_urb,2021,29.038
rwa,sex_t,age_ythadult_yge25,geo_cov_urb,2022,26.604
rwa,sex_t,age_ythadult_yge25,geo_cov_urb,2023,23.016
rwa,sex_t,age_ythadult_yge25,geo_cov_urb,2024,21.51
sdn,sex_f,age_aggregate_total,geo_cov_nat,2022,19.466
sdn,sex_f,age_aggregate_total,geo_cov_rur,2022,12.272
sdn,sex_f,age_aggregate_total,geo_cov_urb,2022,28.287
sdn,sex_f,age_aggregate_y15_24,geo_cov_nat,2022,18.373
sdn,sex_f,age_aggregate_y15_24,geo_cov_rur,2022,9.294
sdn,sex_f,age_aggregate_y15_24,geo_cov_urb,2022,48.646
sdn,sex_f,age_aggregate_y25_54,geo_cov_nat,2022,22.9
sdn,sex_f,age_aggregate_y25_54,geo_cov_rur,2022,14.828
sdn,sex_f,age_aggregate_y25_54,geo_cov_urb,2022,30.781
sdn,sex_f,age_aggregate_y55_64,geo_cov_nat,2022,7.428
sdn,sex_f,age_aggregate_y55_64,geo_cov_rur,2022,9.232
sdn,sex_f,age_aggregate_y55_64,geo_cov_urb,2022,4.877
sdn,sex_f,age_ythadult_y15_24,geo_cov_nat,2022,18.373
sdn,sex_f,age_ythadult_y15_24,geo_cov_rur,2022,9.294
sdn,sex_f,age_ythadult_y15_24,geo_cov_urb,2022,48.646
sdn,sex_f,age_ythadult_y15_64,geo_cov_nat,2022,20.418
sdn,sex_f,age_ythadult_y15_64,geo_cov_rur,2022,12.772
sdn,sex_f,age_ythadult_y15_64,geo_cov_urb,2022,29.957
sdn,sex_f,age_ythadult_yge15,geo_cov_nat,2022,19.466
sdn,sex_f,age_ythadult_yge15,geo_cov_rur,2022,12.272
sdn,sex_f,age_ythadult_yge15,geo_cov_urb,2022,28.287
sdn,sex_f,age_ythadult_yge25,geo_cov_nat,2022,19.703
sdn,sex_f,age_ythadult_yge25,geo_cov_rur,2022,13.257
sdn,sex_f,age_ythadult_yge25,geo_cov_urb,2022,26.239
sdn,sex_m,age_aggregate_total,geo_cov_nat,2022,12.264
sdn,sex_m,age_aggregate_total,geo_cov_rur,2022,12.129
sdn,sex_m,age_aggregate_total,geo_cov_urb,2022,12.543
sdn,sex_m,age_aggregate_y15_24,geo_cov_nat,2022,22.472
sdn,sex_m,age_aggregate_y15_24,geo_cov_rur,2022,21.706
sdn,sex_m,age_aggregate_y15_24,geo_cov_urb,2022,24.698
sdn,sex_m,age_aggregate_y25_54,geo_cov_nat,2022,10.748
sdn,sex_m,age_aggregate_y25_54,geo_cov_rur,2022,10.549
sdn,sex_m,age_aggregate_y25_54,geo_cov_urb,2022,11.136
sdn,sex_m,age_aggregate_y55_64,geo_cov_nat,2022,5.072
sdn,sex_m,age_aggregate_y55_64,geo_cov_rur,2022,3.312
sdn,sex_m,age_aggregate_y55_64,geo_cov_urb,2022,7.111
sdn,sex_m,age_ythadult_y15_24,geo_cov_nat,2022,22.472
sdn,sex_m,age_ythadult_y15_24,geo_cov_rur,2022,21.706
sdn,sex_m,age_ythadult_y15_24,geo_cov_urb,2022,24.698
sdn,sex_m,age_ythadult_y15_64,geo_cov_nat,2022,13.162
sdn,sex_m,age_ythadult_y15_64,geo_cov_rur,2022,13.124
sdn,sex_m,age_ythadult_y15_64,geo_cov_urb,2022,13.239
sdn,sex_m,age_ythadult_yge15,geo_cov_nat,2022,12.264
sdn,sex_m,age_ythadult_yge15,geo_cov_rur,2022,12.129
sdn,sex_m,age_ythadult_yge15,geo_cov_urb,2022,12.543
sdn,sex_m,age_ythadult_yge25,geo_cov_nat,2022,9.033
sdn,sex_m,age_ythadult_yge25,geo_cov_rur,2022,8.673
sdn,sex_m,age_ythadult_yge25,geo_cov_urb,2022,9.709
sdn,sex_t,age_aggregate_total,geo_cov_nat,2022,13.643
sdn,sex_t,age_aggregate_total,geo_cov_rur,2022,12.152
sdn,sex_t,age_aggregate_total,geo_cov_urb,2022,16.423
sdn,sex_t,age_aggregate_y15_24,geo_cov_nat,2022,21.861
sdn,sex_t,age_aggregate_y15_24,geo_cov_rur,2022,19.801
sdn,sex_t,age_aggregate_y15_24,geo_cov_urb,2022,27.966
sdn,sex_t,age_aggregate_y25_54,geo_cov_nat,2022,13.337
sdn,sex_t,age_aggregate_y25_54,geo_cov_rur,2022,11.269
sdn,sex_t,age_aggregate_y25_54,geo_cov_urb,2022,16.798
sdn,sex_t,age_aggregate_y55_64,geo_cov_nat,2022,5.525
sdn,sex_t,age_aggregate_y55_64,geo_cov_rur,2022,4.532
sdn,sex_t,age_aggregate_y55_64,geo_cov_urb,2022,6.719
sdn,sex_t,age_ythadult_y15_24,geo_cov_nat,2022,21.861
sdn,sex_t,age_ythadult_y15_24,geo_cov_rur,2022,19.801
sdn,sex_t,age_ythadult_y15_24,geo_cov_urb,2022,27.966
sdn,sex_t,age_ythadult_y15_64,geo_cov_nat,2022,14.579
sdn,sex_t,age_ythadult_y15_64,geo_cov_rur,2022,13.065
sdn,sex_t,age_ythadult_y15_64,geo_cov_urb,2022,17.354
sdn,sex_t,age_ythadult_yge15,geo_cov_nat,2022,13.643
sdn,sex_t,age_ythadult_yge15,geo_cov_rur,2022,12.152
sdn,sex_t,age_ythadult_yge15,geo_cov_urb,2022,16.423
sdn,sex_t,age_ythadult_yge25,geo_cov_nat,2022,11.211
sdn,sex_t,age_ythadult_yge25,geo_cov_rur,2022,9.43
sdn,sex_t,age_ythadult_yge25,geo_cov_urb,2022,14.141
sen,sex_f,age_aggregate_total,geo_cov_nat,2015,43.687
sen,sex_f,age_aggregate_total,geo_cov_nat,2016,39.428
sen,sex_f,age_aggregate_total,geo_cov_nat,2017,40.418
sen,sex_f,age_aggregate_total,geo_cov_nat,2019,38.357
sen,sex_f,age_aggregate_total,geo_cov_nat,2022,50.281
sen,sex_f,age_aggregate_total,geo_cov_nat,2023,44.642
sen,sex_f,age_aggregate_total,geo_cov_nat,2024,49.856
sen,sex_f,age_aggregate_total,geo_cov_rur,2015,42.604
sen,sex_f,age_aggregate_total,geo_cov_rur,2016,37.613
sen,sex_f,age_aggregate_total,geo_cov_rur,2017,41.944
sen,sex_f,age_aggregate_total,geo_cov_rur,2019,41.853
sen,sex_f,age_aggregate_total,geo_cov_rur,2022,54.156
sen,sex_f,age_aggregate_total,geo_cov_rur,2023,48.142
sen,sex_f,age_aggregate_total,geo_cov_rur,2024,53.57
sen,sex_f,age_aggregate_total,geo_cov_urb,2015,44.704
sen,sex_f,age_aggregate_total,geo_cov_urb,2016,41.052
sen,sex_f,age_aggregate_total,geo_cov_urb,2017,38.949
sen,sex_f,age_aggregate_total,geo_cov_urb,2019,35.07
sen,sex_f,age_aggregate_total,geo_cov_urb,2022,46.74
sen,sex_f,age_aggregate_total,geo_cov_urb,2023,41.289
sen,sex_f,age_aggregate_total,geo_cov_urb,2024,47.261
sen,sex_f,age_aggregate_y15_24,geo_cov_nat,2015,54.656
sen,sex_f,age_aggregate_y15_24,geo_cov_nat,2016,51.207
sen,sex_f,age_aggregate_y15_24,geo_cov_nat,2017,52.11
sen,sex_f,age_aggregate_y15_24,geo_cov_nat,2019,53.464
sen,sex_f,age_aggregate_y15_24,geo_cov_nat,2022,67.499
sen,sex_f,age_aggregate_y15_24,geo_cov_nat,2023,63.718
sen,sex_f,age_aggregate_y15_24,geo_cov_nat,2024,66.543
sen,sex_f,age_aggregate_y15_24,geo_cov_rur,2015,50.265
sen,sex_f,age_aggregate_y15_24,geo_cov_rur,2016,47.035
sen,sex_f,age_aggregate_y15_24,geo_cov_rur,2017,50.34
sen,sex_f,age_aggregate_y15_24,geo_cov_rur,2019,55.901
sen,sex_f,age_aggregate_y15_24,geo_cov_rur,2022,70.293
sen,sex_f,age_aggregate_y15_24,geo_cov_rur,2023,63.465
sen,sex_f,age_aggregate_y15_24,geo_cov_rur,2024,67.133
sen,sex_f,age_aggregate_y15_24,geo_cov_urb,2015,60.093
sen,sex_f,age_aggregate_y15_24,geo_cov_urb,2016,55.687
sen,sex_f,age_aggregate_y15_24,geo_cov_urb,2017,54.247
sen,sex_f,age_aggregate_y15_24,geo_cov_urb,2019,50.428
sen,sex_f,age_aggregate_y15_24,geo_cov_urb,2022,64.585
sen,sex_f,age_aggregate_y15_24,geo_cov_urb,2023,64.016
sen,sex_f,age_aggregate_y15_24,geo_cov_urb,2024,66.016
sen,sex_f,age_aggregate_y25_54,geo_cov_nat,2015,41.258
sen,sex_f,age_aggregate_y25_54,geo_cov_nat,2016,36.434
sen,sex_f,age_aggregate_y25_54,geo_cov_nat,2017,38.451
sen,sex_f,age_aggregate_y25_54,geo_cov_nat,2019,35.517
sen,sex_f,age_aggregate_y25_54,geo_cov_nat,2022,47.017
sen,sex_f,age_aggregate_y25_54,geo_cov_nat,2023,41.298
sen,sex_f,age_aggregate_y25_54,geo_cov_nat,2024,46.229
sen,sex_f,age_aggregate_y25_54,geo_cov_rur,2015,40.529
sen,sex_f,age_aggregate_y25_54,geo_cov_rur,2016,34.787
sen,sex_f,age_aggregate_y25_54,geo_cov_rur,2017,40.276
sen,sex_f,age_aggregate_y25_54,geo_cov_rur,2019,38.937
sen,sex_f,age_aggregate_y25_54,geo_cov_rur,2022,50.87
sen,sex_f,age_aggregate_y25_54,geo_cov_rur,2023,45.179
sen,sex_f,age_aggregate_y25_54,geo_cov_rur,2024,49.776
sen,sex_f,age_aggregate_y25_54,geo_cov_urb,2015,41.889
sen,sex_f,age_aggregate_y25_54,geo_cov_urb,2016,37.84
sen,sex_f,age_aggregate_y25_54,geo_cov_urb,2017,36.771
sen,sex_f,age_aggregate_y25_54,geo_cov_urb,2019,32.541
sen,sex_f,age_aggregate_y25_54,geo_cov_urb,2022,43.667
sen,sex_f,age_aggregate_y25_54,geo_cov_urb,2023,37.782
sen,sex_f,age_aggregate_y25_54,geo_cov_urb,2024,43.939
sen,sex_f,age_aggregate_y55_64,geo_cov_nat,2015,29.105
sen,sex_f,age_aggregate_y55_64,geo_cov_nat,2016,27.335
sen,sex_f,age_aggregate_y55_64,geo_cov_nat,2017,27.416
sen,sex_f,age_aggregate_y55_64,geo_cov_nat,2019,27.4
sen,sex_f,age_aggregate_y55_64,geo_cov_nat,2022,34.13
sen,sex_f,age_aggregate_y55_64,geo_cov_nat,2023,27.946
sen,sex_f,age_aggregate_y55_64,geo_cov_nat,2024,34.678
sen,sex_f,age_aggregate_y55_64,geo_cov_rur,2015,31.817
sen,sex_f,age_aggregate_y55_64,geo_cov_rur,2016,26.434
sen,sex_f,age_aggregate_y55_64,geo_cov_rur,2017,30.224
sen,sex_f,age_aggregate_y55_64,geo_cov_rur,2019,25.578
sen,sex_f,age_aggregate_y55_64,geo_cov_rur,2022,39.669
sen,sex_f,age_aggregate_y55_64,geo_cov_rur,2023,34.2
sen,sex_f,age_aggregate_y55_64,geo_cov_rur,2024,41.508
sen,sex_f,age_aggregate_y55_64,geo_cov_urb,2015,27.294
sen,sex_f,age_aggregate_y55_64,geo_cov_urb,2016,27.98
sen,sex_f,age_aggregate_y55_64,geo_cov_urb,2017,25.341
sen,sex_f,age_aggregate_y55_64,geo_cov_urb,2019,28.898
sen,sex_f,age_aggregate_y55_64,geo_cov_urb,2022,29.183
sen,sex_f,age_aggregate_y55_64,geo_cov_urb,2023,22.421
sen,sex_f,age_aggregate_y55_64,geo_cov_urb,2024,30.23
sen,sex_f,age_aggregate_yge65,geo_cov_nat,2015,19.214
sen,sex_f,age_aggregate_yge65,geo_cov_nat,2016,20.963
sen,sex_f,age_aggregate_yge65,geo_cov_nat,2017,20.945
sen,sex_f,age_aggregate_yge65,geo_cov_nat,2019,27.125
sen,sex_f,age_aggregate_yge65,geo_cov_nat,2022,33.85
sen,sex_f,age_aggregate_yge65,geo_cov_nat,2023,26.103
sen,sex_f,age_aggregate_yge65,geo_cov_nat,2024,30.358
sen,sex_f,age_aggregate_yge65,geo_cov_rur,2015,14.561
sen,sex_f,age_aggregate_yge65,geo_cov_rur,2016,20.808
sen,sex_f,age_aggregate_yge65,geo_cov_rur,2017,25.454
sen,sex_f,age_aggregate_yge65,geo_cov_rur,2019,34.877
sen,sex_f,age_aggregate_yge65,geo_cov_rur,2022,32.694
sen,sex_f,age_aggregate_yge65,geo_cov_rur,2023,24.797
sen,sex_f,age_aggregate_yge65,geo_cov_rur,2024,32.345
sen,sex_f,age_aggregate_yge65,geo_cov_urb,2015,23.207
sen,sex_f,age_aggregate_yge65,geo_cov_urb,2016,21.072
sen,sex_f,age_aggregate_yge65,geo_cov_urb,2017,17.37
sen,sex_f,age_aggregate_yge65,geo_cov_urb,2019,18.855
sen,sex_f,age_aggregate_yge65,geo_cov_urb,2022,35.148
sen,sex_f,age_aggregate_yge65,geo_cov_urb,2023,27.289
sen,sex_f,age_aggregate_yge65,geo_cov_urb,2024,29.148
sen,sex_f,age_ythadult_y15_24,geo_cov_nat,2015,54.656
sen,sex_f,age_ythadult_y15_24,geo_cov_nat,2016,51.207
sen,sex_f,age_ythadult_y15_24,geo_cov_nat,2017,52.11
sen,sex_f,age_ythadult_y15_24,geo_cov_nat,2019,53.464
sen,sex_f,age_ythadult_y15_24,geo_cov_nat,2022,67.499
sen,sex_f,age_ythadult_y15_24,geo_cov_nat,2023,63.718
sen,sex_f,age_ythadult_y15_24,geo_cov_nat,2024,66.543
sen,sex_f,age_ythadult_y15_24,geo_cov_rur,2015,50.265
sen,sex_f,age_ythadult_y15_24,geo_cov_rur,2016,47.035
sen,sex_f,age_ythadult_y15_24,geo_cov_rur,2017,50.34
sen,sex_f,age_ythadult_y15_24,geo_cov_rur,2019,55.901
sen,sex_f,age_ythadult_y15_24,geo_cov_rur,2022,70.293
sen,sex_f,age_ythadult_y15_24,geo_cov_rur,2023,63.465
sen,sex_f,age_ythadult_y15_24,geo_cov_rur,2024,67.133
sen,sex_f,age_ythadult_y15_24,geo_cov_urb,2015,60.093
sen,sex_f,age_ythadult_y15_24,geo_cov_urb,2016,55.687
sen,sex_f,age_ythadult_y15_24,geo_cov_urb,2017,54.247
sen,sex_f,age_ythadult_y15_24,geo_cov_urb,2019,50.428
sen,sex_f,age_ythadult_y15_24,geo_cov_urb,2022,64.585
sen,sex_f,age_ythadult_y15_24,geo_cov_urb,2023,64.016
sen,sex_f,age_ythadult_y15_24,geo_cov_urb,2024,66.016
sen,sex_f,age_ythadult_y15_64,geo_cov_nat,2015,44.173
sen,sex_f,age_ythadult_y15_64,geo_cov_nat,2016,39.843
sen,sex_f,age_ythadult_y15_64,geo_cov_nat,2017,40.949
sen,sex_f,age_ythadult_y15_64,geo_cov_nat,2019,38.712
sen,sex_f,age_ythadult_y15_64,geo_cov_nat,2022,50.721
sen,sex_f,age_ythadult_y15_64,geo_cov_nat,2023,45.214
sen,sex_f,age_ythadult_y15_64,geo_cov_nat,2024,50.407
sen,sex_f,age_ythadult_y15_64,geo_cov_rur,2015,43.135
sen,sex_f,age_ythadult_y15_64,geo_cov_rur,2016,37.943
sen,sex_f,age_ythadult_y15_64,geo_cov_rur,2017,42.349
sen,sex_f,age_ythadult_y15_64,geo_cov_rur,2019,42.088
sen,sex_f,age_ythadult_y15_64,geo_cov_rur,2022,54.795
sen,sex_f,age_ythadult_y15_64,geo_cov_rur,2023,48.841
sen,sex_f,age_ythadult_y15_64,geo_cov_rur,2024,54.12
sen,sex_f,age_ythadult_y15_64,geo_cov_urb,2015,45.15
sen,sex_f,age_ythadult_y15_64,geo_cov_urb,2016,41.551
sen,sex_f,age_ythadult_y15_64,geo_cov_urb,2017,39.595
sen,sex_f,age_ythadult_y15_64,geo_cov_urb,2019,35.551
sen,sex_f,age_ythadult_y15_64,geo_cov_urb,2022,47.019
sen,sex_f,age_ythadult_y15_64,geo_cov_urb,2023,41.732
sen,sex_f,age_ythadult_y15_64,geo_cov_urb,2024,47.802
sen,sex_f,age_ythadult_yge15,geo_cov_nat,2015,43.687
sen,sex_f,age_ythadult_yge15,geo_cov_nat,2016,39.428
sen,sex_f,age_ythadult_yge15,geo_cov_nat,2017,40.418
sen,sex_f,age_ythadult_yge15,geo_cov_nat,2019,38.357
sen,sex_f,age_ythadult_yge15,geo_cov_nat,2022,50.281
sen,sex_f,age_ythadult_yge15,geo_cov_nat,2023,44.642
sen,sex_f,age_ythadult_yge15,geo_cov_nat,2024,49.856
sen,sex_f,age_ythadult_yge15,geo_cov_rur,2015,42.604
sen,sex_f,age_ythadult_yge15,geo_cov_rur,2016,37.613
sen,sex_f,age_ythadult_yge15,geo_cov_rur,2017,41.944
sen,sex_f,age_ythadult_yge15,geo_cov_rur,2019,41.853
sen,sex_f,age_ythadult_yge15,geo_cov_rur,2022,54.156
sen,sex_f,age_ythadult_yge15,geo_cov_rur,2023,48.142
sen,sex_f,age_ythadult_yge15,geo_cov_rur,2024,53.57
sen,sex_f,age_ythadult_yge15,geo_cov_urb,2015,44.704
sen,sex_f,age_ythadult_yge15,geo_cov_urb,2016,41.052
sen,sex_f,age_ythadult_yge15,geo_cov_urb,2017,38.949
sen,sex_f,age_ythadult_yge15,geo_cov_urb,2019,35.07
sen,sex_f,age_ythadult_yge15,geo_cov_urb,2022,46.74
sen,sex_f,age_ythadult_yge15,geo_cov_urb,2023,41.289
sen,sex_f,age_ythadult_yge15,geo_cov_urb,2024,47.261
sen,sex_f,age_ythadult_yge25,geo_cov_nat,2015,39.599
sen,sex_f,age_ythadult_yge25,geo_cov_nat,2016,35.097
sen,sex_f,age_ythadult_yge25,geo_cov_nat,2017,36.849
sen,sex_f,age_ythadult_yge25,geo_cov_nat,2019,34.341
sen,sex_f,age_ythadult_yge25,geo_cov_nat,2022,45.292
sen,sex_f,age_ythadult_yge25,geo_cov_nat,2023,39.391
sen,sex_f,age_ythadult_yge25,geo_cov_nat,2024,44.51
sen,sex_f,age_ythadult_yge25,geo_cov_rur,2015,39.16
sen,sex_f,age_ythadult_yge25,geo_cov_rur,2016,33.671
sen,sex_f,age_ythadult_yge25,geo_cov_rur,2017,38.982
sen,sex_f,age_ythadult_yge25,geo_cov_rur,2019,37.406
sen,sex_f,age_ythadult_yge25,geo_cov_rur,2022,49.055
sen,sex_f,age_ythadult_yge25,geo_cov_rur,2023,43.321
sen,sex_f,age_ythadult_yge25,geo_cov_rur,2024,48.342
sen,sex_f,age_ythadult_yge25,geo_cov_urb,2015,39.97
sen,sex_f,age_ythadult_yge25,geo_cov_urb,2016,36.289
sen,sex_f,age_ythadult_yge25,geo_cov_urb,2017,34.934
sen,sex_f,age_ythadult_yge25,geo_cov_urb,2019,31.668
sen,sex_f,age_ythadult_yge25,geo_cov_urb,2022,41.984
sen,sex_f,age_ythadult_yge25,geo_cov_urb,2023,35.839
sen,sex_f,age_ythadult_yge25,geo_cov_urb,2024,42.038
sen,sex_m,age_aggregate_total,geo_cov_nat,2015,19.098
sen,sex_m,age_aggregate_total,geo_cov_nat,2016,16.928
sen,sex_m,age_aggregate_total,geo_cov_nat,2017,16.509
sen,sex_m,age_aggregate_total,geo_cov_nat,2019,11.45
sen,sex_m,age_aggregate_total,geo_cov_nat,2022,20.525
sen,sex_m,age_aggregate_total,geo_cov_nat,2023,17.107
sen,sex_m,age_aggregate_total,geo_cov_nat,2024,19.65
sen,sex_m,age_aggregate_total,geo_cov_rur,2015,13.818
sen,sex_m,age_aggregate_total,geo_cov_rur,2016,15.334
sen,sex_m,age_aggregate_total,geo_cov_rur,2017,17.186
sen,sex_m,age_aggregate_total,geo_cov_rur,2019,12.832
sen,sex_m,age_aggregate_total,geo_cov_rur,2022,20.157
sen,sex_m,age_aggregate_total,geo_cov_rur,2023,16.843
sen,sex_m,age_aggregate_total,geo_cov_rur,2024,19.274
sen,sex_m,age_aggregate_total,geo_cov_urb,2015,24.109
sen,sex_m,age_aggregate_total,geo_cov_urb,2016,18.343
sen,sex_m,age_aggregate_total,geo_cov_urb,2017,15.861
sen,sex_m,age_aggregate_total,geo_cov_urb,2019,10.302
sen,sex_m,age_aggregate_total,geo_cov_urb,2022,20.822
sen,sex_m,age_aggregate_total,geo_cov_urb,2023,17.324
sen,sex_m,age_aggregate_total,geo_cov_urb,2024,19.889
sen,sex_m,age_aggregate_y15_24,geo_cov_nat,2015,30.353
sen,sex_m,age_aggregate_y15_24,geo_cov_nat,2016,28.486
sen,sex_m,age_aggregate_y15_24,geo_cov_nat,2017,27.242
sen,sex_m,age_aggregate_y15_24,geo_cov_nat,2019,17.401
sen,sex_m,age_aggregate_y15_24,geo_cov_nat,2022,33.455
sen,sex_m,age_aggregate_y15_24,geo_cov_nat,2023,30.19
sen,sex_m,age_aggregate_y15_24,geo_cov_nat,2024,33.805
sen,sex_m,age_aggregate_y15_24,geo_cov_rur,2015,20.484
sen,sex_m,age_aggregate_y15_24,geo_cov_rur,2016,24.398
sen,sex_m,age_aggregate_y15_24,geo_cov_rur,2017,25.65
sen,sex_m,age_aggregate_y15_24,geo_cov_rur,2019,18.081
sen,sex_m,age_aggregate_y15_24,geo_cov_rur,2022,30.804
sen,sex_m,age_aggregate_y15_24,geo_cov_rur,2023,29.207
sen,sex_m,age_aggregate_y15_24,geo_cov_rur,2024,31.83
sen,sex_m,age_aggregate_y15_24,geo_cov_urb,2015,45.793
sen,sex_m,age_aggregate_y15_24,geo_cov_urb,2016,32.673
sen,sex_m,age_aggregate_y15_24,geo_cov_urb,2017,29.108
sen,sex_m,age_aggregate_y15_24,geo_cov_urb,2019,16.633
sen,sex_m,age_aggregate_y15_24,geo_cov_urb,2022,36.158
sen,sex_m,age_aggregate_y15_24,geo_cov_urb,2023,31.299
sen,sex_m,age_aggregate_y15_24,geo_cov_urb,2024,35.43
sen,sex_m,age_aggregate_y25_54,geo_cov_nat,2015,16.249
sen,sex_m,age_aggregate_y25_54,geo_cov_nat,2016,12.718
sen,sex_m,age_aggregate_y25_54,geo_cov_nat,2017,13.33
sen,sex_m,age_aggregate_y25_54,geo_cov_nat,2019,9.59
sen,sex_m,age_aggregate_y25_54,geo_cov_nat,2022,16.674
sen,sex_m,age_aggregate_y25_54,geo_cov_nat,2023,13.101
sen,sex_m,age_aggregate_y25_54,geo_cov_nat,2024,15.568
sen,sex_m,age_aggregate_y25_54,geo_cov_rur,2015,11.534
sen,sex_m,age_aggregate_y25_54,geo_cov_rur,2016,11.743
sen,sex_m,age_aggregate_y25_54,geo_cov_rur,2017,14.158
sen,sex_m,age_aggregate_y25_54,geo_cov_rur,2019,11.008
sen,sex_m,age_aggregate_y25_54,geo_cov_rur,2022,16.404
sen,sex_m,age_aggregate_y25_54,geo_cov_rur,2023,12.047
sen,sex_m,age_aggregate_y25_54,geo_cov_rur,2024,14.549
sen,sex_m,age_aggregate_y25_54,geo_cov_urb,2015,19.944
sen,sex_m,age_aggregate_y25_54,geo_cov_urb,2016,13.491
sen,sex_m,age_aggregate_y25_54,geo_cov_urb,2017,12.615
sen,sex_m,age_aggregate_y25_54,geo_cov_urb,2019,8.599
sen,sex_m,age_aggregate_y25_54,geo_cov_urb,2022,16.857
sen,sex_m,age_aggregate_y25_54,geo_cov_urb,2023,13.82
sen,sex_m,age_aggregate_y25_54,geo_cov_urb,2024,16.127
sen,sex_m,age_aggregate_y55_64,geo_cov_nat,2015,14.002
sen,sex_m,age_aggregate_y55_64,geo_cov_nat,2016,10.819
sen,sex_m,age_aggregate_y55_64,geo_cov_nat,2017,12.713
sen,sex_m,age_aggregate_y55_64,geo_cov_nat,2019,9.177
sen,sex_m,age_aggregate_y55_64,geo_cov_nat,2022,12.559
sen,sex_m,age_aggregate_y55_64,geo_cov_nat,2023,10.474
sen,sex_m,age_aggregate_y55_64,geo_cov_nat,2024,11.161
sen,sex_m,age_aggregate_y55_64,geo_cov_rur,2015,11.618
sen,sex_m,age_aggregate_y55_64,geo_cov_rur,2016,10.648
sen,sex_m,age_aggregate_y55_64,geo_cov_rur,2017,14.52
sen,sex_m,age_aggregate_y55_64,geo_cov_rur,2019,9.714
sen,sex_m,age_aggregate_y55_64,geo_cov_rur,2022,13.232
sen,sex_m,age_aggregate_y55_64,geo_cov_rur,2023,9.944
sen,sex_m,age_aggregate_y55_64,geo_cov_rur,2024,12.538
sen,sex_m,age_aggregate_y55_64,geo_cov_urb,2015,16.152
sen,sex_m,age_aggregate_y55_64,geo_cov_urb,2016,10.992
sen,sex_m,age_aggregate_y55_64,geo_cov_urb,2017,10.896
sen,sex_m,age_aggregate_y55_64,geo_cov_urb,2019,8.628
sen,sex_m,age_aggregate_y55_64,geo_cov_urb,2022,11.845
sen,sex_m,age_aggregate_y55_64,geo_cov_urb,2023,11.03
sen,sex_m,age_aggregate_y55_64,geo_cov_urb,2024,10.152
sen,sex_m,age_aggregate_yge65,geo_cov_nat,2015,15.023
sen,sex_m,age_aggregate_yge65,geo_cov_nat,2016,14.425
sen,sex_m,age_aggregate_yge65,geo_cov_nat,2017,16.21
sen,sex_m,age_aggregate_yge65,geo_cov_nat,2019,10.555
sen,sex_m,age_aggregate_yge65,geo_cov_nat,2022,16.073
sen,sex_m,age_aggregate_yge65,geo_cov_nat,2023,13.291
sen,sex_m,age_aggregate_yge65,geo_cov_nat,2024,11.493
sen,sex_m,age_aggregate_yge65,geo_cov_rur,2015,7.049
sen,sex_m,age_aggregate_yge65,geo_cov_rur,2016,11.231
sen,sex_m,age_aggregate_yge65,geo_cov_rur,2017,17.173
sen,sex_m,age_aggregate_yge65,geo_cov_rur,2019,10.469
sen,sex_m,age_aggregate_yge65,geo_cov_rur,2022,15.792
sen,sex_m,age_aggregate_yge65,geo_cov_rur,2023,12.79
sen,sex_m,age_aggregate_yge65,geo_cov_rur,2024,11.462
sen,sex_m,age_aggregate_yge65,geo_cov_urb,2015,26.844
sen,sex_m,age_aggregate_yge65,geo_cov_urb,2016,18.385
sen,sex_m,age_aggregate_yge65,geo_cov_urb,2017,14.826
sen,sex_m,age_aggregate_yge65,geo_cov_urb,2019,10.681
sen,sex_m,age_aggregate_yge65,geo_cov_urb,2022,16.623
sen,sex_m,age_aggregate_yge65,geo_cov_urb,2023,14.226
sen,sex_m,age_aggregate_yge65,geo_cov_urb,2024,11.523
sen,sex_m,age_ythadult_y15_24,geo_cov_nat,2015,30.353
sen,sex_m,age_ythadult_y15_24,geo_cov_nat,2016,28.486
sen,sex_m,age_ythadult_y15_24,geo_cov_nat,2017,27.242
sen,sex_m,age_ythadult_y15_24,geo_cov_nat,2019,17.401
sen,sex_m,age_ythadult_y15_24,geo_cov_nat,2022,33.455
sen,sex_m,age_ythadult_y15_24,geo_cov_nat,2023,30.19
sen,sex_m,age_ythadult_y15_24,geo_cov_nat,2024,33.805
sen,sex_m,age_ythadult_y15_24,geo_cov_rur,2015,20.484
sen,sex_m,age_ythadult_y15_24,geo_cov_rur,2016,24.398
sen,sex_m,age_ythadult_y15_24,geo_cov_rur,2017,25.65
sen,sex_m,age_ythadult_y15_24,geo_cov_rur,2019,18.081
sen,sex_m,age_ythadult_y15_24,geo_cov_rur,2022,30.804
sen,sex_m,age_ythadult_y15_24,geo_cov_rur,2023,29.207
sen,sex_m,age_ythadult_y15_24,geo_cov_rur,2024,31.83
sen,sex_m,age_ythadult_y15_24,geo_cov_urb,2015,45.793
sen,sex_m,age_ythadult_y15_24,geo_cov_urb,2016,32.673
sen,sex_m,age_ythadult_y15_24,geo_cov_urb,2017,29.108
sen,sex_m,age_ythadult_y15_24,geo_cov_urb,2019,16.633
sen,sex_m,age_ythadult_y15_24,geo_cov_urb,2022,36.158
sen,sex_m,age_ythadult_y15_24,geo_cov_urb,2023,31.299
sen,sex_m,age_ythadult_y15_24,geo_cov_urb,2024,35.43
sen,sex_m,age_ythadult_y15_64,geo_cov_nat,2015,19.262
sen,sex_m,age_ythadult_y15_64,geo_cov_nat,2016,17.04
sen,sex_m,age_ythadult_y15_64,geo_cov_nat,2017,16.522
sen,sex_m,age_ythadult_y15_64,geo_cov_nat,2019,11.483
sen,sex_m,age_ythadult_y15_64,geo_cov_nat,2022,20.675
sen,sex_m,age_ythadult_y15_64,geo_cov_nat,2023,17.23
sen,sex_m,age_ythadult_y15_64,geo_cov_nat,2024,19.938
sen,sex_m,age_ythadult_y15_64,geo_cov_rur,2015,14.156
sen,sex_m,age_ythadult_y15_64,geo_cov_rur,2016,15.553
sen,sex_m,age_ythadult_y15_64,geo_cov_rur,2017,17.187
sen,sex_m,age_ythadult_y15_64,geo_cov_rur,2019,12.945
sen,sex_m,age_ythadult_y15_64,geo_cov_rur,2022,20.378
sen,sex_m,age_ythadult_y15_64,geo_cov_rur,2023,17.034
sen,sex_m,age_ythadult_y15_64,geo_cov_rur,2024,19.624
sen,sex_m,age_ythadult_y15_64,geo_cov_urb,2015,24.023
sen,sex_m,age_ythadult_y15_64,geo_cov_urb,2016,18.342
sen,sex_m,age_ythadult_y15_64,geo_cov_urb,2017,15.896
sen,sex_m,age_ythadult_y15_64,geo_cov_urb,2019,10.292
sen,sex_m,age_ythadult_y15_64,geo_cov_urb,2022,20.907
sen,sex_m,age_ythadult_y15_64,geo_cov_urb,2023,17.387
sen,sex_m,age_ythadult_y15_64,geo_cov_urb,2024,20.135
sen,sex_m,age_ythadult_yge15,geo_cov_nat,2015,19.098
sen,sex_m,age_ythadult_yge15,geo_cov_nat,2016,16.928
sen,sex_m,age_ythadult_yge15,geo_cov_nat,2017,16.509
sen,sex_m,age_ythadult_yge15,geo_cov_nat,2019,11.45
sen,sex_m,age_ythadult_yge15,geo_cov_nat,2022,20.525
sen,sex_m,age_ythadult_yge15,geo_cov_nat,2023,17.107
sen,sex_m,age_ythadult_yge15,geo_cov_nat,2024,19.65
sen,sex_m,age_ythadult_yge15,geo_cov_rur,2015,13.818
sen,sex_m,age_ythadult_yge15,geo_cov_rur,2016,15.334
sen,sex_m,age_ythadult_yge15,geo_cov_rur,2017,17.186
sen,sex_m,age_ythadult_yge15,geo_cov_rur,2019,12.832
sen,sex_m,age_ythadult_yge15,geo_cov_rur,2022,20.157
sen,sex_m,age_ythadult_yge15,geo_cov_rur,2023,16.843
sen,sex_m,age_ythadult_yge15,geo_cov_rur,2024,19.274
sen,sex_m,age_ythadult_yge15,geo_cov_urb,2015,24.109
sen,sex_m,age_ythadult_yge15,geo_cov_urb,2016,18.343
sen,sex_m,age_ythadult_yge15,geo_cov_urb,2017,15.861
sen,sex_m,age_ythadult_yge15,geo_cov_urb,2019,10.302
sen,sex_m,age_ythadult_yge15,geo_cov_urb,2022,20.822
sen,sex_m,age_ythadult_yge15,geo_cov_urb,2023,17.324
sen,sex_m,age_ythadult_yge15,geo_cov_urb,2024,19.889
sen,sex_m,age_ythadult_yge25,geo_cov_nat,2015,15.887
sen,sex_m,age_ythadult_yge25,geo_cov_nat,2016,12.567
sen,sex_m,age_ythadult_yge25,geo_cov_nat,2017,13.406
sen,sex_m,age_ythadult_yge25,geo_cov_nat,2019,9.589
sen,sex_m,age_ythadult_yge25,geo_cov_nat,2022,16.223
sen,sex_m,age_ythadult_yge25,geo_cov_nat,2023,12.84
sen,sex_m,age_ythadult_yge25,geo_cov_nat,2024,14.927
sen,sex_m,age_ythadult_yge25,geo_cov_rur,2015,11.251
sen,sex_m,age_ythadult_yge25,geo_cov_rur,2016,11.546
sen,sex_m,age_ythadult_yge25,geo_cov_rur,2017,14.404
sen,sex_m,age_ythadult_yge25,geo_cov_rur,2019,10.808
sen,sex_m,age_ythadult_yge25,geo_cov_rur,2022,15.968
sen,sex_m,age_ythadult_yge25,geo_cov_rur,2023,11.836
sen,sex_m,age_ythadult_yge25,geo_cov_rur,2024,14.122
sen,sex_m,age_ythadult_yge25,geo_cov_urb,2015,19.709
sen,sex_m,age_ythadult_yge25,geo_cov_urb,2016,13.426
sen,sex_m,age_ythadult_yge25,geo_cov_urb,2017,12.504
sen,sex_m,age_ythadult_yge25,geo_cov_urb,2019,8.669
sen,sex_m,age_ythadult_yge25,geo_cov_urb,2022,16.414
sen,sex_m,age_ythadult_yge25,geo_cov_urb,2023,13.588
sen,sex_m,age_ythadult_yge25,geo_cov_urb,2024,15.393
sen,sex_t,age_aggregate_total,geo_cov_nat,2015,31.173
sen,sex_t,age_aggregate_total,geo_cov_nat,2016,28.202
sen,sex_t,age_aggregate_total,geo_cov_nat,2017,28.94
sen,sex_t,age_aggregate_total,geo_cov_nat,2019,23.957
sen,sex_t,age_aggregate_total,geo_cov_nat,2022,34.305
sen,sex_t,age_aggregate_total,geo_cov_nat,2023,29.716
sen,sex_t,age_aggregate_total,geo_cov_nat,2024,33.584
sen,sex_t,age_aggregate_total,geo_cov_rur,2015,27.915
sen,sex_t,age_aggregate_total,geo_cov_rur,2016,26.517
sen,sex_t,age_aggregate_total,geo_cov_rur,2017,30.073
sen,sex_t,age_aggregate_total,geo_cov_rur,2019,26.797
sen,sex_t,age_aggregate_total,geo_cov_rur,2022,36.475
sen,sex_t,age_aggregate_total,geo_cov_rur,2023,31.788
sen,sex_t,age_aggregate_total,geo_cov_rur,2024,35.587
sen,sex_t,age_aggregate_total,geo_cov_urb,2015,34.248
sen,sex_t,age_aggregate_total,geo_cov_urb,2016,29.704
sen,sex_t,age_aggregate_total,geo_cov_urb,2017,27.853
sen,sex_t,age_aggregate_total,geo_cov_urb,2019,21.459
sen,sex_t,age_aggregate_total,geo_cov_urb,2022,32.452
sen,sex_t,age_aggregate_total,geo_cov_urb,2023,27.883
sen,sex_t,age_aggregate_total,geo_cov_urb,2024,32.254
sen,sex_t,age_aggregate_y15_24,geo_cov_nat,2015,43.51
sen,sex_t,age_aggregate_y15_24,geo_cov_nat,2016,39.764
sen,sex_t,age_aggregate_y15_24,geo_cov_nat,2017,40.431
sen,sex_t,age_aggregate_y15_24,geo_cov_nat,2019,33.036
sen,sex_t,age_aggregate_y15_24,geo_cov_nat,2022,48.332
sen,sex_t,age_aggregate_y15_24,geo_cov_nat,2023,44.466
sen,sex_t,age_aggregate_y15_24,geo_cov_nat,2024,48.657
sen,sex_t,age_aggregate_y15_24,geo_cov_rur,2015,35.882
sen,sex_t,age_aggregate_y15_24,geo_cov_rur,2016,35.765
sen,sex_t,age_aggregate_y15_24,geo_cov_rur,2017,38.827
sen,sex_t,age_aggregate_y15_24,geo_cov_rur,2019,34.904
sen,sex_t,age_aggregate_y15_24,geo_cov_rur,2022,48.17
sen,sex_t,age_aggregate_y15_24,geo_cov_rur,2023,43.986
sen,sex_t,age_aggregate_y15_24,geo_cov_rur,2024,48.229
sen,sex_t,age_aggregate_y15_24,geo_cov_urb,2015,54.015
sen,sex_t,age_aggregate_y15_24,geo_cov_urb,2016,43.957
sen,sex_t,age_aggregate_y15_24,geo_cov_urb,2017,42.34
sen,sex_t,age_aggregate_y15_24,geo_cov_urb,2019,30.837
sen,sex_t,age_aggregate_y15_24,geo_cov_urb,2022,48.499
sen,sex_t,age_aggregate_y15_24,geo_cov_urb,2023,45.018
sen,sex_t,age_aggregate_y15_24,geo_cov_urb,2024,49.022
sen,sex_t,age_aggregate_y25_54,geo_cov_nat,2015,28.625
sen,sex_t,age_aggregate_y25_54,geo_cov_nat,2016,25.11
sen,sex_t,age_aggregate_y25_54,geo_cov_nat,2017,26.701
sen,sex_t,age_aggregate_y25_54,geo_cov_nat,2019,21.96
sen,sex_t,age_aggregate_y25_54,geo_cov_nat,2022,31.091
sen,sex_t,age_aggregate_y25_54,geo_cov_nat,2023,26.338
sen,sex_t,age_aggregate_y25_54,geo_cov_nat,2024,29.91
sen,sex_t,age_aggregate_y25_54,geo_cov_rur,2015,26.284
sen,sex_t,age_aggregate_y25_54,geo_cov_rur,2016,24.019
sen,sex_t,age_aggregate_y25_54,geo_cov_rur,2017,28.279
sen,sex_t,age_aggregate_y25_54,geo_cov_rur,2019,25.194
sen,sex_t,age_aggregate_y25_54,geo_cov_rur,2022,33.987
sen,sex_t,age_aggregate_y25_54,geo_cov_rur,2023,28.907
sen,sex_t,age_aggregate_y25_54,geo_cov_rur,2024,31.933
sen,sex_t,age_aggregate_y25_54,geo_cov_urb,2015,30.553
sen,sex_t,age_aggregate_y25_54,geo_cov_urb,2016,26.009
sen,sex_t,age_aggregate_y25_54,geo_cov_urb,2017,25.291
sen,sex_t,age_aggregate_y25_54,geo_cov_urb,2019,19.448
sen,sex_t,age_aggregate_y25_54,geo_cov_urb,2022,28.878
sen,sex_t,age_aggregate_y25_54,geo_cov_urb,2023,24.331
sen,sex_t,age_aggregate_y25_54,geo_cov_urb,2024,28.712
sen,sex_t,age_aggregate_y55_64,geo_cov_nat,2015,19.63
sen,sex_t,age_aggregate_y55_64,geo_cov_nat,2016,17.786
sen,sex_t,age_aggregate_y55_64,geo_cov_nat,2017,19.139
sen,sex_t,age_aggregate_y55_64,geo_cov_nat,2019,17.641
sen,sex_t,age_aggregate_y55_64,geo_cov_nat,2022,22.53
sen,sex_t,age_aggregate_y55_64,geo_cov_nat,2023,18.522
sen,sex_t,age_aggregate_y55_64,geo_cov_nat,2024,21.805
sen,sex_t,age_aggregate_y55_64,geo_cov_rur,2015,18.367
sen,sex_t,age_aggregate_y55_64,geo_cov_rur,2016,16.605
sen,sex_t,age_aggregate_y55_64,geo_cov_rur,2017,20.753
sen,sex_t,age_aggregate_y55_64,geo_cov_rur,2019,16.634
sen,sex_t,age_aggregate_y55_64,geo_cov_rur,2022,24.878
sen,sex_t,age_aggregate_y55_64,geo_cov_rur,2023,20.587
sen,sex_t,age_aggregate_y55_64,geo_cov_rur,2024,25.147
sen,sex_t,age_aggregate_y55_64,geo_cov_urb,2015,20.649
sen,sex_t,age_aggregate_y55_64,geo_cov_urb,2016,18.821
sen,sex_t,age_aggregate_y55_64,geo_cov_urb,2017,17.719
sen,sex_t,age_aggregate_y55_64,geo_cov_urb,2019,18.571
sen,sex_t,age_aggregate_y55_64,geo_cov_urb,2022,20.227
sen,sex_t,age_aggregate_y55_64,geo_cov_urb,2023,16.519
sen,sex_t,age_aggregate_y55_64,geo_cov_urb,2024,19.481
sen,sex_t,age_aggregate_yge65,geo_cov_nat,2015,16.391
sen,sex_t,age_aggregate_yge65,geo_cov_nat,2016,16.641
sen,sex_t,age_aggregate_yge65,geo_cov_nat,2017,18.159
sen,sex_t,age_aggregate_yge65,geo_cov_nat,2019,17.742
sen,sex_t,age_aggregate_yge65,geo_cov_nat,2022,23.349
sen,sex_t,age_aggregate_yge65,geo_cov_nat,2023,19.014
sen,sex_t,age_aggregate_yge65,geo_cov_nat,2024,19.194
sen,sex_t,age_aggregate_yge65,geo_cov_rur,2015,9.098
sen,sex_t,age_aggregate_yge65,geo_cov_rur,2016,13.884
sen,sex_t,age_aggregate_yge65,geo_cov_rur,2017,20.023
sen,sex_t,age_aggregate_yge65,geo_cov_rur,2019,20.235
sen,sex_t,age_aggregate_yge65,geo_cov_rur,2022,21.819
sen,sex_t,age_aggregate_yge65,geo_cov_rur,2023,17.246
sen,sex_t,age_aggregate_yge65,geo_cov_rur,2024,18.738
sen,sex_t,age_aggregate_yge65,geo_cov_urb,2015,25.414
sen,sex_t,age_aggregate_yge65,geo_cov_urb,2016,19.467
sen,sex_t,age_aggregate_yge65,geo_cov_urb,2017,16.066
sen,sex_t,age_aggregate_yge65,geo_cov_urb,2019,14.575
sen,sex_t,age_aggregate_yge65,geo_cov_urb,2022,25.711
sen,sex_t,age_aggregate_yge65,geo_cov_urb,2023,21.386
sen,sex_t,age_aggregate_yge65,geo_cov_urb,2024,19.558
sen,sex_t,age_ythadult_y15_24,geo_cov_nat,2015,43.51
sen,sex_t,age_ythadult_y15_24,geo_cov_nat,2016,39.764
sen,sex_t,age_ythadult_y15_24,geo_cov_nat,2017,40.431
sen,sex_t,age_ythadult_y15_24,geo_cov_nat,2019,33.036
sen,sex_t,age_ythadult_y15_24,geo_cov_nat,2022,48.332
sen,sex_t,age_ythadult_y15_24,geo_cov_nat,2023,44.466
sen,sex_t,age_ythadult_y15_24,geo_cov_nat,2024,48.657
sen,sex_t,age_ythadult_y15_24,geo_cov_rur,2015,35.882
sen,sex_t,age_ythadult_y15_24,geo_cov_rur,2016,35.765
sen,sex_t,age_ythadult_y15_24,geo_cov_rur,2017,38.827
sen,sex_t,age_ythadult_y15_24,geo_cov_rur,2019,34.904
sen,sex_t,age_ythadult_y15_24,geo_cov_rur,2022,48.17
sen,sex_t,age_ythadult_y15_24,geo_cov_rur,2023,43.986
sen,sex_t,age_ythadult_y15_24,geo_cov_rur,2024,48.229
sen,sex_t,age_ythadult_y15_24,geo_cov_urb,2015,54.015
sen,sex_t,age_ythadult_y15_24,geo_cov_urb,2016,43.957
sen,sex_t,age_ythadult_y15_24,geo_cov_urb,2017,42.34
sen,sex_t,age_ythadult_y15_24,geo_cov_urb,2019,30.837
sen,sex_t,age_ythadult_y15_24,geo_cov_urb,2022,48.499
sen,sex_t,age_ythadult_y15_24,geo_cov_urb,2023,45.018
sen,sex_t,age_ythadult_y15_24,geo_cov_urb,2024,49.022
sen,sex_t,age_ythadult_y15_64,geo_cov_nat,2015,31.619
sen,sex_t,age_ythadult_y15_64,geo_cov_nat,2016,28.59
sen,sex_t,age_ythadult_y15_64,geo_cov_nat,2017,29.314
sen,sex_t,age_ythadult_y15_64,geo_cov_nat,2019,24.168
sen,sex_t,age_ythadult_y15_64,geo_cov_nat,2022,34.639
sen,sex_t,age_ythadult_y15_64,geo_cov_nat,2023,30.055
sen,sex_t,age_ythadult_y15_64,geo_cov_nat,2024,34.044
sen,sex_t,age_ythadult_y15_64,geo_cov_rur,2015,28.564
sen,sex_t,age_ythadult_y15_64,geo_cov_rur,2016,26.974
sen,sex_t,age_ythadult_y15_64,geo_cov_rur,2017,30.45
sen,sex_t,age_ythadult_y15_64,geo_cov_rur,2019,27.065
sen,sex_t,age_ythadult_y15_64,geo_cov_rur,2022,37.069
sen,sex_t,age_ythadult_y15_64,geo_cov_rur,2023,32.354
sen,sex_t,age_ythadult_y15_64,geo_cov_rur,2024,36.189
sen,sex_t,age_ythadult_y15_64,geo_cov_urb,2015,34.479
sen,sex_t,age_ythadult_y15_64,geo_cov_urb,2016,30.024
sen,sex_t,age_ythadult_y15_64,geo_cov_urb,2017,28.23
sen,sex_t,age_ythadult_y15_64,geo_cov_urb,2019,21.651
sen,sex_t,age_ythadult_y15_64,geo_cov_urb,2022,32.6
sen,sex_t,age_ythadult_y15_64,geo_cov_urb,2023,28.048
sen,sex_t,age_ythadult_y15_64,geo_cov_urb,2024,32.629
sen,sex_t,age_ythadult_yge15,geo_cov_nat,2015,31.173
sen,sex_t,age_ythadult_yge15,geo_cov_nat,2016,28.202
sen,sex_t,age_ythadult_yge15,geo_cov_nat,2017,28.94
sen,sex_t,age_ythadult_yge15,geo_cov_nat,2019,23.957
sen,sex_t,age_ythadult_yge15,geo_cov_nat,2022,34.305
sen,sex_t,age_ythadult_yge15,geo_cov_nat,2023,29.716
sen,sex_t,age_ythadult_yge15,geo_cov_nat,2024,33.584
sen,sex_t,age_ythadult_yge15,geo_cov_rur,2015,27.915
sen,sex_t,age_ythadult_yge15,geo_cov_rur,2016,26.517
sen,sex_t,age_ythadult_yge15,geo_cov_rur,2017,30.073
sen,sex_t,age_ythadult_yge15,geo_cov_rur,2019,26.797
sen,sex_t,age_ythadult_yge15,geo_cov_rur,2022,36.475
sen,sex_t,age_ythadult_yge15,geo_cov_rur,2023,31.788
sen,sex_t,age_ythadult_yge15,geo_cov_rur,2024,35.587
sen,sex_t,age_ythadult_yge15,geo_cov_urb,2015,34.248
sen,sex_t,age_ythadult_yge15,geo_cov_urb,2016,29.704
sen,sex_t,age_ythadult_yge15,geo_cov_urb,2017,27.853
sen,sex_t,age_ythadult_yge15,geo_cov_urb,2019,21.459
sen,sex_t,age_ythadult_yge15,geo_cov_urb,2022,32.452
sen,sex_t,age_ythadult_yge15,geo_cov_urb,2023,27.883
sen,sex_t,age_ythadult_yge15,geo_cov_urb,2024,32.254
sen,sex_t,age_ythadult_yge25,geo_cov_nat,2015,27.141
sen,sex_t,age_ythadult_yge25,geo_cov_nat,2016,23.896
sen,sex_t,age_ythadult_yge25,geo_cov_nat,2017,25.522
sen,sex_t,age_ythadult_yge25,geo_cov_nat,2019,21.319
sen,sex_t,age_ythadult_yge25,geo_cov_nat,2022,29.923
sen,sex_t,age_ythadult_yge25,geo_cov_nat,2023,25.256
sen,sex_t,age_ythadult_yge25,geo_cov_nat,2024,28.647
sen,sex_t,age_ythadult_yge25,geo_cov_rur,2015,24.602
sen,sex_t,age_ythadult_yge25,geo_cov_rur,2016,22.651
sen,sex_t,age_ythadult_yge25,geo_cov_rur,2017,27.086
sen,sex_t,age_ythadult_yge25,geo_cov_rur,2019,23.947
sen,sex_t,age_ythadult_yge25,geo_cov_rur,2022,32.321
sen,sex_t,age_ythadult_yge25,geo_cov_rur,2023,27.393
sen,sex_t,age_ythadult_yge25,geo_cov_rur,2024,30.552
sen,sex_t,age_ythadult_yge25,geo_cov_urb,2015,29.262
sen,sex_t,age_ythadult_yge25,geo_cov_urb,2016,24.94
sen,sex_t,age_ythadult_yge25,geo_cov_urb,2017,24.114
sen,sex_t,age_ythadult_yge25,geo_cov_urb,2019,19.196
sen,sex_t,age_ythadult_yge25,geo_cov_urb,2022,27.991
sen,sex_t,age_ythadult_yge25,geo_cov_urb,2023,23.513
sen,sex_t,age_ythadult_yge25,geo_cov_urb,2024,27.485
sle,sex_f,age_aggregate_total,geo_cov_nat,2003,4.686
sle,sex_f,age_aggregate_total,geo_cov_nat,2014,14.057
sle,sex_f,age_aggregate_total,geo_cov_nat,2018,17.699
sle,sex_f,age_aggregate_total,geo_cov_rur,2003,2.661
sle,sex_f,age_aggregate_total,geo_cov_rur,2014,16.444
sle,sex_f,age_aggregate_total,geo_cov_rur,2018,18.159
sle,sex_f,age_aggregate_total,geo_cov_urb,2003,8.757
sle,sex_f,age_aggregate_total,geo_cov_urb,2014,13.099
sle,sex_f,age_aggregate_total,geo_cov_urb,2018,17.071
sle,sex_f,age_aggregate_y15_24,geo_cov_nat,2003,9.487
sle,sex_f,age_aggregate_y15_24,geo_cov_nat,2014,23.705
sle,sex_f,age_aggregate_y15_24,geo_cov_nat,2018,26.939
sle,sex_f,age_aggregate_y15_24,geo_cov_rur,2003,3.978
sle,sex_f,age_aggregate_y15_24,geo_cov_rur,2014,33.491
sle,sex_f,age_aggregate_y15_24,geo_cov_rur,2018,20.849
sle,sex_f,age_aggregate_y15_24,geo_cov_urb,2003,20.964
sle,sex_f,age_aggregate_y15_24,geo_cov_urb,2014,20.522
sle,sex_f,age_aggregate_y15_24,geo_cov_urb,2018,35.125
sle,sex_f,age_aggregate_y25_54,geo_cov_nat,2003,3.23
sle,sex_f,age_aggregate_y25_54,geo_cov_nat,2014,12.111
sle,sex_f,age_aggregate_y25_54,geo_cov_nat,2018,15.059
sle,sex_f,age_aggregate_y25_54,geo_cov_rur,2003,2.119
sle,sex_f,age_aggregate_y25_54,geo_cov_rur,2014,13.35
sle,sex_f,age_aggregate_y25_54,geo_cov_rur,2018,17.735
sle,sex_f,age_aggregate_y25_54,geo_cov_urb,2003,5.432
sle,sex_f,age_aggregate_y25_54,geo_cov_urb,2014,11.57
sle,sex_f,age_aggregate_y25_54,geo_cov_urb,2018,11.534
sle,sex_f,age_aggregate_y55_64,geo_cov_nat,2003,3.791
sle,sex_f,age_aggregate_y55_64,geo_cov_nat,2014,4.714
sle,sex_f,age_aggregate_y55_64,geo_cov_nat,2018,13.319
sle,sex_f,age_aggregate_y55_64,geo_cov_rur,2003,3.701
sle,sex_f,age_aggregate_y55_64,geo_cov_rur,2014,6.247
sle,sex_f,age_aggregate_y55_64,geo_cov_rur,2018,16.529
sle,sex_f,age_aggregate_y55_64,geo_cov_urb,2003,3.987
sle,sex_f,age_aggregate_y55_64,geo_cov_urb,2014,4.217
sle,sex_f,age_aggregate_y55_64,geo_cov_urb,2018,7.37
sle,sex_f,age_aggregate_yge65,geo_cov_nat,2014,8.536
sle,sex_f,age_aggregate_yge65,geo_cov_nat,2018,13.192
sle,sex_f,age_aggregate_yge65,geo_cov_rur,2014,4.13
sle,sex_f,age_aggregate_yge65,geo_cov_rur,2018,12.568
sle,sex_f,age_aggregate_yge65,geo_cov_urb,2014,10.31
sle,sex_f,age_aggregate_yge65,geo_cov_urb,2018,14.298
sle,sex_f,age_ythadult_y15_24,geo_cov_nat,2003,9.487
sle,sex_f,age_ythadult_y15_24,geo_cov_nat,2014,23.705
sle,sex_f,age_ythadult_y15_24,geo_cov_nat,2018,26.939
sle,sex_f,age_ythadult_y15_24,geo_cov_rur,2003,3.978
sle,sex_f,age_ythadult_y15_24,geo_cov_rur,2014,33.491
sle,sex_f,age_ythadult_y15_24,geo_cov_rur,2018,20.849
sle,sex_f,age_ythadult_y15_24,geo_cov_urb,2003,20.964
sle,sex_f,age_ythadult_y15_24,geo_cov_urb,2014,20.522
sle,sex_f,age_ythadult_y15_24,geo_cov_urb,2018,35.125
sle,sex_f,age_ythadult_y15_64,geo_cov_nat,2003,4.74
sle,sex_f,age_ythadult_y15_64,geo_cov_nat,2014,14.258
sle,sex_f,age_ythadult_y15_64,geo_cov_nat,2018,17.886
sle,sex_f,age_ythadult_y15_64,geo_cov_rur,2003,2.664
sle,sex_f,age_ythadult_y15_64,geo_cov_rur,2014,16.895
sle,sex_f,age_ythadult_y15_64,geo_cov_rur,2018,18.417
sle,sex_f,age_ythadult_y15_64,geo_cov_urb,2003,8.927
sle,sex_f,age_ythadult_y15_64,geo_cov_urb,2014,13.201
sle,sex_f,age_ythadult_y15_64,geo_cov_urb,2018,17.168
sle,sex_f,age_ythadult_yge15,geo_cov_nat,2003,4.686
sle,sex_f,age_ythadult_yge15,geo_cov_nat,2014,14.057
sle,sex_f,age_ythadult_yge15,geo_cov_nat,2018,17.699
sle,sex_f,age_ythadult_yge15,geo_cov_rur,2003,2.661
sle,sex_f,age_ythadult_yge15,geo_cov_rur,2014,16.444
sle,sex_f,age_ythadult_yge15,geo_cov_rur,2018,18.159
sle,sex_f,age_ythadult_yge15,geo_cov_urb,2003,8.757
sle,sex_f,age_ythadult_yge15,geo_cov_urb,2014,13.099
sle,sex_f,age_ythadult_yge15,geo_cov_urb,2018,17.071
sle,sex_f,age_ythadult_yge25,geo_cov_nat,2003,3.242
sle,sex_f,age_ythadult_yge25,geo_cov_nat,2014,11.306
sle,sex_f,age_ythadult_yge25,geo_cov_nat,2018,14.822
sle,sex_f,age_ythadult_yge25,geo_cov_rur,2003,2.259
sle,sex_f,age_ythadult_yge25,geo_cov_rur,2014,12.44
sle,sex_f,age_ythadult_yge25,geo_cov_rur,2018,17.329
sle,sex_f,age_ythadult_yge25,geo_cov_urb,2003,5.198
sle,sex_f,age_ythadult_yge25,geo_cov_urb,2014,10.825
sle,sex_f,age_ythadult_yge25,geo_cov_urb,2018,11.381
sle,sex_m,age_aggregate_total,geo_cov_nat,2003,6.679
sle,sex_m,age_aggregate_total,geo_cov_nat,2014,13.114
sle,sex_m,age_aggregate_total,geo_cov_nat,2018,18.419
sle,sex_m,age_aggregate_total,geo_cov_rur,2003,3.461
sle,sex_m,age_aggregate_total,geo_cov_rur,2014,18.832
sle,sex_m,age_aggregate_total,geo_cov_rur,2018,18.603
sle,sex_m,age_aggregate_total,geo_cov_urb,2003,11.753
sle,sex_m,age_aggregate_total,geo_cov_urb,2014,10.533
sle,sex_m,age_aggregate_total,geo_cov_urb,2018,18.209
sle,sex_m,age_aggregate_y15_24,geo_cov_nat,2003,12.82
sle,sex_m,age_aggregate_y15_24,geo_cov_nat,2014,32.109
sle,sex_m,age_aggregate_y15_24,geo_cov_nat,2018,29.981
sle,sex_m,age_aggregate_y15_24,geo_cov_rur,2003,8.548
sle,sex_m,age_aggregate_y15_24,geo_cov_rur,2014,42.998
sle,sex_m,age_aggregate_y15_24,geo_cov_rur,2018,21.186
sle,sex_m,age_aggregate_y15_24,geo_cov_urb,2003,21.25
sle,sex_m,age_aggregate_y15_24,geo_cov_urb,2014,27.774
sle,sex_m,age_aggregate_y15_24,geo_cov_urb,2018,41.024
sle,sex_m,age_aggregate_y25_54,geo_cov_nat,2003,6.272
sle,sex_m,age_aggregate_y25_54,geo_cov_nat,2014,10.11
sle,sex_m,age_aggregate_y25_54,geo_cov_nat,2018,15.716
sle,sex_m,age_aggregate_y25_54,geo_cov_rur,2003,2.493
sle,sex_m,age_aggregate_y25_54,geo_cov_rur,2014,15.23
sle,sex_m,age_aggregate_y25_54,geo_cov_rur,2018,18.497
sle,sex_m,age_aggregate_y25_54,geo_cov_urb,2003,11.486
sle,sex_m,age_aggregate_y25_54,geo_cov_urb,2014,7.557
sle,sex_m,age_aggregate_y25_54,geo_cov_urb,2018,12.908
sle,sex_m,age_aggregate_y55_64,geo_cov_nat,2003,2.782
sle,sex_m,age_aggregate_y55_64,geo_cov_nat,2014,6.235
sle,sex_m,age_aggregate_y55_64,geo_cov_nat,2018,13.081
sle,sex_m,age_aggregate_y55_64,geo_cov_rur,2003,2.38
sle,sex_m,age_aggregate_y55_64,geo_cov_rur,2014,10.099
sle,sex_m,age_aggregate_y55_64,geo_cov_rur,2018,15.064
sle,sex_m,age_aggregate_y55_64,geo_cov_urb,2003,3.497
sle,sex_m,age_aggregate_y55_64,geo_cov_urb,2014,4.834
sle,sex_m,age_aggregate_y55_64,geo_cov_urb,2018,10.083
sle,sex_m,age_aggregate_yge65,geo_cov_nat,2014,5.685
sle,sex_m,age_aggregate_yge65,geo_cov_nat,2018,17.536
sle,sex_m,age_aggregate_yge65,geo_cov_rur,2014,10.345
sle,sex_m,age_aggregate_yge65,geo_cov_rur,2018,17.057
sle,sex_m,age_aggregate_yge65,geo_cov_urb,2014,4.494
sle,sex_m,age_aggregate_yge65,geo_cov_urb,2018,18.802
sle,sex_m,age_ythadult_y15_24,geo_cov_nat,2003,12.82
sle,sex_m,age_ythadult_y15_24,geo_cov_nat,2014,32.109
sle,sex_m,age_ythadult_y15_24,geo_cov_nat,2018,29.981
sle,sex_m,age_ythadult_y15_24,geo_cov_rur,2003,8.548
sle,sex_m,age_ythadult_y15_24,geo_cov_rur,2014,42.998
sle,sex_m,age_ythadult_y15_24,geo_cov_rur,2018,21.186
sle,sex_m,age_ythadult_y15_24,geo_cov_urb,2003,21.25
sle,sex_m,age_ythadult_y15_24,geo_cov_urb,2014,27.774
sle,sex_m,age_ythadult_y15_24,geo_cov_urb,2018,41.024
sle,sex_m,age_ythadult_y15_64,geo_cov_nat,2003,7.087
sle,sex_m,age_ythadult_y15_64,geo_cov_nat,2014,13.623
sle,sex_m,age_ythadult_y15_64,geo_cov_nat,2018,18.465
sle,sex_m,age_ythadult_y15_64,geo_cov_rur,2003,3.702
sle,sex_m,age_ythadult_y15_64,geo_cov_rur,2014,19.204
sle,sex_m,age_ythadult_y15_64,geo_cov_rur,2018,18.714
sle,sex_m,age_ythadult_y15_64,geo_cov_urb,2003,12.203
sle,sex_m,age_ythadult_y15_64,geo_cov_urb,2014,11.017
sle,sex_m,age_ythadult_y15_64,geo_cov_urb,2018,18.192
sle,sex_m,age_ythadult_yge15,geo_cov_nat,2003,6.679
sle,sex_m,age_ythadult_yge15,geo_cov_nat,2014,13.114
sle,sex_m,age_ythadult_yge15,geo_cov_nat,2018,18.419
sle,sex_m,age_ythadult_yge15,geo_cov_rur,2003,3.461
sle,sex_m,age_ythadult_yge15,geo_cov_rur,2014,18.832
sle,sex_m,age_ythadult_yge15,geo_cov_rur,2018,18.603
sle,sex_m,age_ythadult_yge15,geo_cov_urb,2003,11.753
sle,sex_m,age_ythadult_yge15,geo_cov_urb,2014,10.533
sle,sex_m,age_ythadult_yge15,geo_cov_urb,2018,18.209
sle,sex_m,age_ythadult_yge25,geo_cov_nat,2003,5.406
sle,sex_m,age_ythadult_yge25,geo_cov_nat,2014,9.374
sle,sex_m,age_ythadult_yge25,geo_cov_nat,2018,15.523
sle,sex_m,age_ythadult_yge25,geo_cov_rur,2003,2.297
sle,sex_m,age_ythadult_yge25,geo_cov_rur,2014,14.546
sle,sex_m,age_ythadult_yge25,geo_cov_rur,2018,17.92
sle,sex_m,age_ythadult_yge25,geo_cov_urb,2003,10.093
sle,sex_m,age_ythadult_yge25,geo_cov_urb,2014,6.984
sle,sex_m,age_ythadult_yge25,geo_cov_urb,2018,12.844
sle,sex_t,age_aggregate_total,geo_cov_nat,2003,5.606
sle,sex_t,age_aggregate_total,geo_cov_nat,2014,13.619
sle,sex_t,age_aggregate_total,geo_cov_nat,2018,18.045
sle,sex_t,age_aggregate_total,geo_cov_rur,2003,3.013
sle,sex_t,age_aggregate_total,geo_cov_rur,2014,17.601
sle,sex_t,age_aggregate_total,geo_cov_rur,2018,18.364
sle,sex_t,age_aggregate_total,geo_cov_urb,2003,10.256
sle,sex_t,age_aggregate_total,geo_cov_urb,2014,11.932
sle,sex_t,age_aggregate_total,geo_cov_urb,2018,17.646
sle,sex_t,age_aggregate_y15_24,geo_cov_nat,2003,10.784
sle,sex_t,age_aggregate_y15_24,geo_cov_nat,2014,26.988
sle,sex_t,age_aggregate_y15_24,geo_cov_nat,2018,28.273
sle,sex_t,age_aggregate_y15_24,geo_cov_rur,2003,5.737
sle,sex_t,age_aggregate_y15_24,geo_cov_rur,2014,37.546
sle,sex_t,age_aggregate_y15_24,geo_cov_rur,2018,20.994
sle,sex_t,age_aggregate_y15_24,geo_cov_urb,2003,21.078
sle,sex_t,age_aggregate_y15_24,geo_cov_urb,2014,23.263
sle,sex_t,age_aggregate_y15_24,geo_cov_urb,2018,37.768
sle,sex_t,age_aggregate_y25_54,geo_cov_nat,2003,4.607
sle,sex_t,age_aggregate_y25_54,geo_cov_nat,2014,11.176
sle,sex_t,age_aggregate_y25_54,geo_cov_nat,2018,15.374
sle,sex_t,age_aggregate_y25_54,geo_cov_rur,2003,2.276
sle,sex_t,age_aggregate_y25_54,geo_cov_rur,2014,14.271
sle,sex_t,age_aggregate_y25_54,geo_cov_rur,2018,18.077
sle,sex_t,age_aggregate_y25_54,geo_cov_urb,2003,8.515
sle,sex_t,age_aggregate_y25_54,geo_cov_urb,2014,9.737
sle,sex_t,age_aggregate_y25_54,geo_cov_urb,2018,12.241
sle,sex_t,age_aggregate_y55_64,geo_cov_nat,2003,3.197
sle,sex_t,age_aggregate_y55_64,geo_cov_nat,2014,5.509
sle,sex_t,age_aggregate_y55_64,geo_cov_nat,2018,13.18
sle,sex_t,age_aggregate_y55_64,geo_cov_rur,2003,2.944
sle,sex_t,age_aggregate_y55_64,geo_cov_rur,2014,8.34
sle,sex_t,age_aggregate_y55_64,geo_cov_rur,2018,15.7
sle,sex_t,age_aggregate_y55_64,geo_cov_urb,2003,3.684
sle,sex_t,age_aggregate_y55_64,geo_cov_urb,2014,4.535
sle,sex_t,age_aggregate_y55_64,geo_cov_urb,2018,9.039
sle,sex_t,age_aggregate_yge65,geo_cov_nat,2003,0.833
sle,sex_t,age_aggregate_yge65,geo_cov_nat,2014,6.793
sle,sex_t,age_aggregate_yge65,geo_cov_nat,2018,15.516
sle,sex_t,age_aggregate_yge65,geo_cov_rur,2014,7.408
sle,sex_t,age_aggregate_yge65,geo_cov_rur,2018,15.11
sle,sex_t,age_aggregate_yge65,geo_cov_urb,2014,6.603
sle,sex_t,age_aggregate_yge65,geo_cov_urb,2018,16.401
sle,sex_t,age_ythadult_y15_24,geo_cov_nat,2003,10.784
sle,sex_t,age_ythadult_y15_24,geo_cov_nat,2014,26.988
sle,sex_t,age_ythadult_y15_24,geo_cov_nat,2018,28.273
sle,sex_t,age_ythadult_y15_24,geo_cov_rur,2003,5.737
sle,sex_t,age_ythadult_y15_24,geo_cov_rur,2014,37.546
sle,sex_t,age_ythadult_y15_24,geo_cov_rur,2018,20.994
sle,sex_t,age_ythadult_y15_24,geo_cov_urb,2003,21.078
sle,sex_t,age_ythadult_y15_24,geo_cov_urb,2014,23.263
sle,sex_t,age_ythadult_y15_24,geo_cov_urb,2018,37.768
sle,sex_t,age_ythadult_y15_64,geo_cov_nat,2003,5.798
sle,sex_t,age_ythadult_y15_64,geo_cov_nat,2014,13.968
sle,sex_t,age_ythadult_y15_64,geo_cov_nat,2018,18.163
sle,sex_t,age_ythadult_y15_64,geo_cov_rur,2003,3.105
sle,sex_t,age_ythadult_y15_64,geo_cov_rur,2014,18.009
sle,sex_t,age_ythadult_y15_64,geo_cov_rur,2018,18.552
sle,sex_t,age_ythadult_y15_64,geo_cov_urb,2003,10.553
sle,sex_t,age_ythadult_y15_64,geo_cov_urb,2014,12.23
sle,sex_t,age_ythadult_y15_64,geo_cov_urb,2018,17.687
sle,sex_t,age_ythadult_yge15,geo_cov_nat,2003,5.606
sle,sex_t,age_ythadult_yge15,geo_cov_nat,2014,13.619
sle,sex_t,age_ythadult_yge15,geo_cov_nat,2018,18.045
sle,sex_t,age_ythadult_yge15,geo_cov_rur,2003,3.013
sle,sex_t,age_ythadult_yge15,geo_cov_rur,2014,17.601
sle,sex_t,age_ythadult_yge15,geo_cov_rur,2018,18.364
sle,sex_t,age_ythadult_yge15,geo_cov_urb,2003,10.256
sle,sex_t,age_ythadult_yge15,geo_cov_urb,2014,11.932
sle,sex_t,age_ythadult_yge15,geo_cov_urb,2018,17.646
sle,sex_t,age_ythadult_yge25,geo_cov_nat,2003,4.281
sle,sex_t,age_ythadult_yge25,geo_cov_nat,2014,10.376
sle,sex_t,age_ythadult_yge25,geo_cov_nat,2018,15.168
sle,sex_t,age_ythadult_yge25,geo_cov_rur,2003,2.276
sle,sex_t,age_ythadult_yge25,geo_cov_rur,2014,13.485
sle,sex_t,age_ythadult_yge25,geo_cov_rur,2018,17.607
sle,sex_t,age_ythadult_yge25,geo_cov_urb,2003,7.763
sle,sex_t,age_ythadult_yge25,geo_cov_urb,2014,9.001
sle,sex_t,age_ythadult_yge25,geo_cov_urb,2018,12.143
slv,sex_f,age_aggregate_total,geo_cov_nat,2010,5.019
slv,sex_f,age_aggregate_total,geo_cov_nat,2011,4.207
slv,sex_f,age_aggregate_total,geo_cov_nat,2012,4.209
slv,sex_f,age_aggregate_total,geo_cov_nat,2013,4.544
slv,sex_f,age_aggregate_total,geo_cov_nat,2014,4.636
slv,sex_f,age_aggregate_total,geo_cov_nat,2015,4.911
slv,sex_f,age_aggregate_total,geo_cov_nat,2016,5.276
slv,sex_f,age_aggregate_total,geo_cov_nat,2017,5.051
slv,sex_f,age_aggregate_total,geo_cov_nat,2018,4.809
slv,sex_f,age_aggregate_total,geo_cov_nat,2019,5.406
slv,sex_f,age_aggregate_total,geo_cov_nat,2020,6.4
slv,sex_f,age_aggregate_total,geo_cov_nat,2021,6.02
slv,sex_f,age_aggregate_total,geo_cov_nat,2022,4.702
slv,sex_f,age_aggregate_total,geo_cov_nat,2023,4.546
slv,sex_f,age_aggregate_total,geo_cov_rur,2010,4.966
slv,sex_f,age_aggregate_total,geo_cov_rur,2011,4.589
slv,sex_f,age_aggregate_total,geo_cov_rur,2012,4.425
slv,sex_f,age_aggregate_total,geo_cov_rur,2013,5.598
slv,sex_f,age_aggregate_total,geo_cov_rur,2014,4.854
slv,sex_f,age_aggregate_total,geo_cov_rur,2015,5.845
slv,sex_f,age_aggregate_total,geo_cov_rur,2016,5.395
slv,sex_f,age_aggregate_total,geo_cov_rur,2017,4.975
slv,sex_f,age_aggregate_total,geo_cov_rur,2018,5.403
slv,sex_f,age_aggregate_total,geo_cov_rur,2019,4.948
slv,sex_f,age_aggregate_total,geo_cov_rur,2020,6.414
slv,sex_f,age_aggregate_total,geo_cov_rur,2021,6.142
slv,sex_f,age_aggregate_total,geo_cov_rur,2022,4.65
slv,sex_f,age_aggregate_total,geo_cov_rur,2023,4.805
slv,sex_f,age_aggregate_total,geo_cov_urb,2010,5.036
slv,sex_f,age_aggregate_total,geo_cov_urb,2011,4.068
slv,sex_f,age_aggregate_total,geo_cov_urb,2012,4.134
slv,sex_f,age_aggregate_total,geo_cov_urb,2013,4.165
slv,sex_f,age_aggregate_total,geo_cov_urb,2014,4.56
slv,sex_f,age_aggregate_total,geo_cov_urb,2015,4.569
slv,sex_f,age_aggregate_total,geo_cov_urb,2016,5.231
slv,sex_f,age_aggregate_total,geo_cov_urb,2017,5.082
slv,sex_f,age_aggregate_total,geo_cov_urb,2018,4.588
slv,sex_f,age_aggregate_total,geo_cov_urb,2019,5.585
slv,sex_f,age_aggregate_total,geo_cov_urb,2020,6.395
slv,sex_f,age_aggregate_total,geo_cov_urb,2021,5.972
slv,sex_f,age_aggregate_total,geo_cov_urb,2022,4.724
slv,sex_f,age_aggregate_total,geo_cov_urb,2023,4.437
slv,sex_f,age_aggregate_y15_24,geo_cov_nat,2010,14.047
slv,sex_f,age_aggregate_y15_24,geo_cov_nat,2011,11.6
slv,sex_f,age_aggregate_y15_24,geo_cov_nat,2012,11.428
slv,sex_f,age_aggregate_y15_24,geo_cov_nat,2013,13.451
slv,sex_f,age_aggregate_y15_24,geo_cov_nat,2014,13.244
slv,sex_f,age_aggregate_y15_24,geo_cov_nat,2015,13.954
slv,sex_f,age_aggregate_y15_24,geo_cov_nat,2016,13.999
slv,sex_f,age_aggregate_y15_24,geo_cov_nat,2017,14.669
slv,sex_f,age_aggregate_y15_24,geo_cov_nat,2018,14.525
slv,sex_f,age_aggregate_y15_24,geo_cov_nat,2019,15.539
slv,sex_f,age_aggregate_y15_24,geo_cov_nat,2020,17.36
slv,sex_f,age_aggregate_y15_24,geo_cov_nat,2021,17.822
slv,sex_f,age_aggregate_y15_24,geo_cov_nat,2022,14.6
slv,sex_f,age_aggregate_y15_24,geo_cov_nat,2023,12.781
slv,sex_f,age_aggregate_y15_24,geo_cov_rur,2010,11.444
slv,sex_f,age_aggregate_y15_24,geo_cov_rur,2011,11.195
slv,sex_f,age_aggregate_y15_24,geo_cov_rur,2012,12.029
slv,sex_f,age_aggregate_y15_24,geo_cov_rur,2013,12.994
slv,sex_f,age_aggregate_y15_24,geo_cov_rur,2014,11.632
slv,sex_f,age_aggregate_y15_24,geo_cov_rur,2015,13.741
slv,sex_f,age_aggregate_y15_24,geo_cov_rur,2016,13.461
slv,sex_f,age_aggregate_y15_24,geo_cov_rur,2017,13.356
slv,sex_f,age_aggregate_y15_24,geo_cov_rur,2018,13.018
slv,sex_f,age_aggregate_y15_24,geo_cov_rur,2019,12.952
slv,sex_f,age_aggregate_y15_24,geo_cov_rur,2020,17.183
slv,sex_f,age_aggregate_y15_24,geo_cov_rur,2021,16.287
slv,sex_f,age_aggregate_y15_24,geo_cov_rur,2022,12.979
slv,sex_f,age_aggregate_y15_24,geo_cov_rur,2023,11.433
slv,sex_f,age_aggregate_y15_24,geo_cov_urb,2010,15.165
slv,sex_f,age_aggregate_y15_24,geo_cov_urb,2011,11.832
slv,sex_f,age_aggregate_y15_24,geo_cov_urb,2012,11.118
slv,sex_f,age_aggregate_y15_24,geo_cov_urb,2013,13.705
slv,sex_f,age_aggregate_y15_24,geo_cov_urb,2014,14.103
slv,sex_f,age_aggregate_y15_24,geo_cov_urb,2015,14.073
slv,sex_f,age_aggregate_y15_24,geo_cov_urb,2016,14.291
slv,sex_f,age_aggregate_y15_24,geo_cov_urb,2017,15.402
slv,sex_f,age_aggregate_y15_24,geo_cov_urb,2018,15.346
slv,sex_f,age_aggregate_y15_24,geo_cov_urb,2019,16.968
slv,sex_f,age_aggregate_y15_24,geo_cov_urb,2020,17.463
slv,sex_f,age_aggregate_y15_24,geo_cov_urb,2021,18.697
slv,sex_f,age_aggregate_y15_24,geo_cov_urb,2022,15.534
slv,sex_f,age_aggregate_y15_24,geo_cov_urb,2023,13.645
slv,sex_f,age_aggregate_y25_54,geo_cov_nat,2010,3.473
slv,sex_f,age_aggregate_y25_54,geo_cov_nat,2011,3.045
slv,sex_f,age_aggregate_y25_54,geo_cov_nat,2012,3.114
slv,sex_f,age_aggregate_y25_54,geo_cov_nat,2013,3.039
slv,sex_f,age_aggregate_y25_54,geo_cov_nat,2014,3.257
slv,sex_f,age_aggregate_y25_54,geo_cov_nat,2015,3.396
slv,sex_f,age_aggregate_y25_54,geo_cov_nat,2016,3.993
slv,sex_f,age_aggregate_y25_54,geo_cov_nat,2017,3.532
slv,sex_f,age_aggregate_y25_54,geo_cov_nat,2018,3.32
slv,sex_f,age_aggregate_y25_54,geo_cov_nat,2019,3.963
slv,sex_f,age_aggregate_y25_54,geo_cov_nat,2020,4.994
slv,sex_f,age_aggregate_y25_54,geo_cov_nat,2021,4.412
slv,sex_f,age_aggregate_y25_54,geo_cov_nat,2022,3.267
slv,sex_f,age_aggregate_y25_54,geo_cov_nat,2023,3.627
slv,sex_f,age_aggregate_y25_54,geo_cov_rur,2010,3.493
slv,sex_f,age_aggregate_y25_54,geo_cov_rur,2011,2.843
slv,sex_f,age_aggregate_y25_54,geo_cov_rur,2012,2.409
slv,sex_f,age_aggregate_y25_54,geo_cov_rur,2013,3.557
slv,sex_f,age_aggregate_y25_54,geo_cov_rur,2014,2.848
slv,sex_f,age_aggregate_y25_54,geo_cov_rur,2015,3.796
slv,sex_f,age_aggregate_y25_54,geo_cov_rur,2016,3.261
slv,sex_f,age_aggregate_y25_54,geo_cov_rur,2017,2.769
slv,sex_f,age_aggregate_y25_54,geo_cov_rur,2018,3.509
slv,sex_f,age_aggregate_y25_54,geo_cov_rur,2019,3.156
slv,sex_f,age_aggregate_y25_54,geo_cov_rur,2020,4.01
slv,sex_f,age_aggregate_y25_54,geo_cov_rur,2021,3.949
slv,sex_f,age_aggregate_y25_54,geo_cov_rur,2022,2.879
slv,sex_f,age_aggregate_y25_54,geo_cov_rur,2023,3.721
slv,sex_f,age_aggregate_y25_54,geo_cov_urb,2010,3.467
slv,sex_f,age_aggregate_y25_54,geo_cov_urb,2011,3.11
slv,sex_f,age_aggregate_y25_54,geo_cov_urb,2012,3.334
slv,sex_f,age_aggregate_y25_54,geo_cov_urb,2013,2.867
slv,sex_f,age_aggregate_y25_54,geo_cov_urb,2014,3.389
slv,sex_f,age_aggregate_y25_54,geo_cov_urb,2015,3.26
slv,sex_f,age_aggregate_y25_54,geo_cov_urb,2016,4.255
slv,sex_f,age_aggregate_y25_54,geo_cov_urb,2017,3.821
slv,sex_f,age_aggregate_y25_54,geo_cov_urb,2018,3.252
slv,sex_f,age_aggregate_y25_54,geo_cov_urb,2019,4.274
slv,sex_f,age_aggregate_y25_54,geo_cov_urb,2020,5.39
slv,sex_f,age_aggregate_y25_54,geo_cov_urb,2021,4.591
slv,sex_f,age_aggregate_y25_54,geo_cov_urb,2022,3.431
slv,sex_f,age_aggregate_y25_54,geo_cov_urb,2023,3.589
slv,sex_f,age_aggregate_y55_64,geo_cov_nat,2010,1.05
slv,sex_f,age_aggregate_y55_64,geo_cov_nat,2012,0.254
slv,sex_f,age_aggregate_y55_64,geo_cov_nat,2013,0.602
slv,sex_f,age_aggregate_y55_64,geo_cov_nat,2014,0.82
slv,sex_f,age_aggregate_y55_64,geo_cov_nat,2015,1.622
slv,sex_f,age_aggregate_y55_64,geo_cov_nat,2016,0.929
slv,sex_f,age_aggregate_y55_64,geo_cov_nat,2017,0.988
slv,sex_f,age_aggregate_y55_64,geo_cov_nat,2018,0.29
slv,sex_f,age_aggregate_y55_64,geo_cov_nat,2019,0.915
slv,sex_f,age_aggregate_y55_64,geo_cov_nat,2020,0.648
slv,sex_f,age_aggregate_y55_64,geo_cov_nat,2021,0.591
slv,sex_f,age_aggregate_y55_64,geo_cov_nat,2022,1.369
slv,sex_f,age_aggregate_y55_64,geo_cov_nat,2023,1.521
slv,sex_f,age_aggregate_y55_64,geo_cov_rur,2010,1.528
slv,sex_f,age_aggregate_y55_64,geo_cov_rur,2014,3.138
slv,sex_f,age_aggregate_y55_64,geo_cov_rur,2015,2.526
slv,sex_f,age_aggregate_y55_64,geo_cov_rur,2017,2.136
slv,sex_f,age_aggregate_y55_64,geo_cov_rur,2022,1.859
slv,sex_f,age_aggregate_y55_64,geo_cov_rur,2023,1.172
slv,sex_f,age_aggregate_y55_64,geo_cov_urb,2010,0.91
slv,sex_f,age_aggregate_y55_64,geo_cov_urb,2013,0.504
slv,sex_f,age_aggregate_y55_64,geo_cov_urb,2014,0.22
slv,sex_f,age_aggregate_y55_64,geo_cov_urb,2015,1.357
slv,sex_f,age_aggregate_y55_64,geo_cov_urb,2019,0.976
slv,sex_f,age_aggregate_y55_64,geo_cov_urb,2021,0.723
slv,sex_f,age_aggregate_y55_64,geo_cov_urb,2022,1.212
slv,sex_f,age_aggregate_y55_64,geo_cov_urb,2023,1.624
slv,sex_f,age_aggregate_yge65,geo_cov_nat,2015,0.998
slv,sex_f,age_aggregate_yge65,geo_cov_nat,2021,0.595
slv,sex_f,age_aggregate_yge65,geo_cov_nat,2023,0.687
slv,sex_f,age_aggregate_yge65,geo_cov_rur,2012,0
slv,sex_f,age_aggregate_yge65,geo_cov_rur,2020,0
slv,sex_f,age_aggregate_yge65,geo_cov_urb,2014,0
slv,sex_f,age_aggregate_yge65,geo_cov_urb,2016,0
slv,sex_f,age_aggregate_yge65,geo_cov_urb,2017,0
slv,sex_f,age_ythadult_y15_24,geo_cov_nat,2010,14.047
slv,sex_f,age_ythadult_y15_24,geo_cov_nat,2011,11.6
slv,sex_f,age_ythadult_y15_24,geo_cov_nat,2012,11.428
slv,sex_f,age_ythadult_y15_24,geo_cov_nat,2013,13.451
slv,sex_f,age_ythadult_y15_24,geo_cov_nat,2014,13.244
slv,sex_f,age_ythadult_y15_24,geo_cov_nat,2015,13.954
slv,sex_f,age_ythadult_y15_24,geo_cov_nat,2016,13.999
slv,sex_f,age_ythadult_y15_24,geo_cov_nat,2017,14.669
slv,sex_f,age_ythadult_y15_24,geo_cov_nat,2018,14.525
slv,sex_f,age_ythadult_y15_24,geo_cov_nat,2019,15.539
slv,sex_f,age_ythadult_y15_24,geo_cov_nat,2020,17.36
slv,sex_f,age_ythadult_y15_24,geo_cov_nat,2021,17.822
slv,sex_f,age_ythadult_y15_24,geo_cov_nat,2022,14.6
slv,sex_f,age_ythadult_y15_24,geo_cov_nat,2023,12.781
slv,sex_f,age_ythadult_y15_24,geo_cov_rur,2010,11.444
slv,sex_f,age_ythadult_y15_24,geo_cov_rur,2011,11.195
slv,sex_f,age_ythadult_y15_24,geo_cov_rur,2012,12.029
slv,sex_f,age_ythadult_y15_24,geo_cov_rur,2013,12.994
slv,sex_f,age_ythadult_y15_24,geo_cov_rur,2014,11.632
slv,sex_f,age_ythadult_y15_24,geo_cov_rur,2015,13.741
slv,sex_f,age_ythadult_y15_24,geo_cov_rur,2016,13.461
slv,sex_f,age_ythadult_y15_24,geo_cov_rur,2017,13.356
slv,sex_f,age_ythadult_y15_24,geo_cov_rur,2018,13.018
slv,sex_f,age_ythadult_y15_24,geo_cov_rur,2019,12.952
slv,sex_f,age_ythadult_y15_24,geo_cov_rur,2020,17.183
slv,sex_f,age_ythadult_y15_24,geo_cov_rur,2021,16.287
slv,sex_f,age_ythadult_y15_24,geo_cov_rur,2022,12.979
slv,sex_f,age_ythadult_y15_24,geo_cov_rur,2023,11.433
slv,sex_f,age_ythadult_y15_24,geo_cov_urb,2010,15.165
slv,sex_f,age_ythadult_y15_24,geo_cov_urb,2011,11.832
slv,sex_f,age_ythadult_y15_24,geo_cov_urb,2012,11.118
slv,sex_f,age_ythadult_y15_24,geo_cov_urb,2013,13.705
slv,sex_f,age_ythadult_y15_24,geo_cov_urb,2014,14.103
slv,sex_f,age_ythadult_y15_24,geo_cov_urb,2015,14.073
slv,sex_f,age_ythadult_y15_24,geo_cov_urb,2016,14.291
slv,sex_f,age_ythadult_y15_24,geo_cov_urb,2017,15.402
slv,sex_f,age_ythadult_y15_24,geo_cov_urb,2018,15.346
slv,sex_f,age_ythadult_y15_24,geo_cov_urb,2019,16.968
slv,sex_f,age_ythadult_y15_24,geo_cov_urb,2020,17.463
slv,sex_f,age_ythadult_y15_24,geo_cov_urb,2021,18.697
slv,sex_f,age_ythadult_y15_24,geo_cov_urb,2022,15.534
slv,sex_f,age_ythadult_y15_24,geo_cov_urb,2023,13.645
slv,sex_f,age_ythadult_y15_64,geo_cov_nat,2010,5.245
slv,sex_f,age_ythadult_y15_64,geo_cov_nat,2011,4.37
slv,sex_f,age_ythadult_y15_64,geo_cov_nat,2012,4.4
slv,sex_f,age_ythadult_y15_64,geo_cov_nat,2013,4.697
slv,sex_f,age_ythadult_y15_64,geo_cov_nat,2014,4.857
slv,sex_f,age_ythadult_y15_64,geo_cov_nat,2015,5.113
slv,sex_f,age_ythadult_y15_64,geo_cov_nat,2016,5.525
slv,sex_f,age_ythadult_y15_64,geo_cov_nat,2017,5.311
slv,sex_f,age_ythadult_y15_64,geo_cov_nat,2018,5.026
slv,sex_f,age_ythadult_y15_64,geo_cov_nat,2019,5.674
slv,sex_f,age_ythadult_y15_64,geo_cov_nat,2020,6.763
slv,sex_f,age_ythadult_y15_64,geo_cov_nat,2021,6.329
slv,sex_f,age_ythadult_y15_64,geo_cov_nat,2022,4.895
slv,sex_f,age_ythadult_y15_64,geo_cov_nat,2023,4.783
slv,sex_f,age_ythadult_y15_64,geo_cov_rur,2010,5.175
slv,sex_f,age_ythadult_y15_64,geo_cov_rur,2011,4.724
slv,sex_f,age_ythadult_y15_64,geo_cov_rur,2012,4.632
slv,sex_f,age_ythadult_y15_64,geo_cov_rur,2013,5.647
slv,sex_f,age_ythadult_y15_64,geo_cov_rur,2014,5.043
slv,sex_f,age_ythadult_y15_64,geo_cov_rur,2015,6.062
slv,sex_f,age_ythadult_y15_64,geo_cov_rur,2016,5.534
slv,sex_f,age_ythadult_y15_64,geo_cov_rur,2017,5.141
slv,sex_f,age_ythadult_y15_64,geo_cov_rur,2018,5.518
slv,sex_f,age_ythadult_y15_64,geo_cov_rur,2019,5.136
slv,sex_f,age_ythadult_y15_64,geo_cov_rur,2020,6.747
slv,sex_f,age_ythadult_y15_64,geo_cov_rur,2021,6.345
slv,sex_f,age_ythadult_y15_64,geo_cov_rur,2022,4.772
slv,sex_f,age_ythadult_y15_64,geo_cov_rur,2023,5.042
slv,sex_f,age_ythadult_y15_64,geo_cov_urb,2010,5.268
slv,sex_f,age_ythadult_y15_64,geo_cov_urb,2011,4.241
slv,sex_f,age_ythadult_y15_64,geo_cov_urb,2012,4.32
slv,sex_f,age_ythadult_y15_64,geo_cov_urb,2013,4.352
slv,sex_f,age_ythadult_y15_64,geo_cov_urb,2014,4.792
slv,sex_f,age_ythadult_y15_64,geo_cov_urb,2015,4.763
slv,sex_f,age_ythadult_y15_64,geo_cov_urb,2016,5.522
slv,sex_f,age_ythadult_y15_64,geo_cov_urb,2017,5.38
slv,sex_f,age_ythadult_y15_64,geo_cov_urb,2018,4.84
slv,sex_f,age_ythadult_y15_64,geo_cov_urb,2019,5.887
slv,sex_f,age_ythadult_y15_64,geo_cov_urb,2020,6.769
slv,sex_f,age_ythadult_y15_64,geo_cov_urb,2021,6.322
slv,sex_f,age_ythadult_y15_64,geo_cov_urb,2022,4.948
slv,sex_f,age_ythadult_y15_64,geo_cov_urb,2023,4.673
slv,sex_f,age_ythadult_yge15,geo_cov_nat,2010,5.019
slv,sex_f,age_ythadult_yge15,geo_cov_nat,2011,4.207
slv,sex_f,age_ythadult_yge15,geo_cov_nat,2012,4.209
slv,sex_f,age_ythadult_yge15,geo_cov_nat,2013,4.544
slv,sex_f,age_ythadult_yge15,geo_cov_nat,2014,4.636
slv,sex_f,age_ythadult_yge15,geo_cov_nat,2015,4.911
slv,sex_f,age_ythadult_yge15,geo_cov_nat,2016,5.276
slv,sex_f,age_ythadult_yge15,geo_cov_nat,2017,5.051
slv,sex_f,age_ythadult_yge15,geo_cov_nat,2018,4.809
slv,sex_f,age_ythadult_yge15,geo_cov_nat,2019,5.406
slv,sex_f,age_ythadult_yge15,geo_cov_nat,2020,6.4
slv,sex_f,age_ythadult_yge15,geo_cov_nat,2021,6.02
slv,sex_f,age_ythadult_yge15,geo_cov_nat,2022,4.702
slv,sex_f,age_ythadult_yge15,geo_cov_nat,2023,4.546
slv,sex_f,age_ythadult_yge15,geo_cov_rur,2010,4.966
slv,sex_f,age_ythadult_yge15,geo_cov_rur,2011,4.589
slv,sex_f,age_ythadult_yge15,geo_cov_rur,2012,4.425
slv,sex_f,age_ythadult_yge15,geo_cov_rur,2013,5.598
slv,sex_f,age_ythadult_yge15,geo_cov_rur,2014,4.854
slv,sex_f,age_ythadult_yge15,geo_cov_rur,2015,5.845
slv,sex_f,age_ythadult_yge15,geo_cov_rur,2016,5.395
slv,sex_f,age_ythadult_yge15,geo_cov_rur,2017,4.975
slv,sex_f,age_ythadult_yge15,geo_cov_rur,2018,5.403
slv,sex_f,age_ythadult_yge15,geo_cov_rur,2019,4.948
slv,sex_f,age_ythadult_yge15,geo_cov_rur,2020,6.414
slv,sex_f,age_ythadult_yge15,geo_cov_rur,2021,6.142
slv,sex_f,age_ythadult_yge15,geo_cov_rur,2022,4.65
slv,sex_f,age_ythadult_yge15,geo_cov_rur,2023,4.805
slv,sex_f,age_ythadult_yge15,geo_cov_urb,2010,5.036
slv,sex_f,age_ythadult_yge15,geo_cov_urb,2011,4.068
slv,sex_f,age_ythadult_yge15,geo_cov_urb,2012,4.134
slv,sex_f,age_ythadult_yge15,geo_cov_urb,2013,4.165
slv,sex_f,age_ythadult_yge15,geo_cov_urb,2014,4.56
slv,sex_f,age_ythadult_yge15,geo_cov_urb,2015,4.569
slv,sex_f,age_ythadult_yge15,geo_cov_urb,2016,5.231
slv,sex_f,age_ythadult_yge15,geo_cov_urb,2017,5.082
slv,sex_f,age_ythadult_yge15,geo_cov_urb,2018,4.588
slv,sex_f,age_ythadult_yge15,geo_cov_urb,2019,5.585
slv,sex_f,age_ythadult_yge15,geo_cov_urb,2020,6.395
slv,sex_f,age_ythadult_yge15,geo_cov_urb,2021,5.972
slv,sex_f,age_ythadult_yge15,geo_cov_urb,2022,4.724
slv,sex_f,age_ythadult_yge15,geo_cov_urb,2023,4.437
slv,sex_f,age_ythadult_yge25,geo_cov_nat,2010,3.034
slv,sex_f,age_ythadult_yge25,geo_cov_nat,2011,2.61
slv,sex_f,age_ythadult_yge25,geo_cov_nat,2012,2.648
slv,sex_f,age_ythadult_yge25,geo_cov_nat,2013,2.654
slv,sex_f,age_ythadult_yge25,geo_cov_nat,2014,2.801
slv,sex_f,age_ythadult_yge25,geo_cov_nat,2015,3.053
slv,sex_f,age_ythadult_yge25,geo_cov_nat,2016,3.43
slv,sex_f,age_ythadult_yge25,geo_cov_nat,2017,3.023
slv,sex_f,age_ythadult_yge25,geo_cov_nat,2018,2.784
slv,sex_f,age_ythadult_yge25,geo_cov_nat,2019,3.354
slv,sex_f,age_ythadult_yge25,geo_cov_nat,2020,4.15
slv,sex_f,age_ythadult_yge25,geo_cov_nat,2021,3.691
slv,sex_f,age_ythadult_yge25,geo_cov_nat,2022,2.897
slv,sex_f,age_ythadult_yge25,geo_cov_nat,2023,3.157
slv,sex_f,age_ythadult_yge25,geo_cov_rur,2010,3.105
slv,sex_f,age_ythadult_yge25,geo_cov_rur,2011,2.48
slv,sex_f,age_ythadult_yge25,geo_cov_rur,2012,2.07
slv,sex_f,age_ythadult_yge25,geo_cov_rur,2013,3.315
slv,sex_f,age_ythadult_yge25,geo_cov_rur,2014,2.754
slv,sex_f,age_ythadult_yge25,geo_cov_rur,2015,3.515
slv,sex_f,age_ythadult_yge25,geo_cov_rur,2016,3.062
slv,sex_f,age_ythadult_yge25,geo_cov_rur,2017,2.614
slv,sex_f,age_ythadult_yge25,geo_cov_rur,2018,3.208
slv,sex_f,age_ythadult_yge25,geo_cov_rur,2019,2.774
slv,sex_f,age_ythadult_yge25,geo_cov_rur,2020,3.443
slv,sex_f,age_ythadult_yge25,geo_cov_rur,2021,3.414
slv,sex_f,age_ythadult_yge25,geo_cov_rur,2022,2.729
slv,sex_f,age_ythadult_yge25,geo_cov_rur,2023,3.246
slv,sex_f,age_ythadult_yge25,geo_cov_urb,2010,3.013
slv,sex_f,age_ythadult_yge25,geo_cov_urb,2011,2.652
slv,sex_f,age_ythadult_yge25,geo_cov_urb,2012,2.829
slv,sex_f,age_ythadult_yge25,geo_cov_urb,2013,2.44
slv,sex_f,age_ythadult_yge25,geo_cov_urb,2014,2.817
slv,sex_f,age_ythadult_yge25,geo_cov_urb,2015,2.899
slv,sex_f,age_ythadult_yge25,geo_cov_urb,2016,3.557
slv,sex_f,age_ythadult_yge25,geo_cov_urb,2017,3.173
slv,sex_f,age_ythadult_yge25,geo_cov_urb,2018,2.639
slv,sex_f,age_ythadult_yge25,geo_cov_urb,2019,3.563
slv,sex_f,age_ythadult_yge25,geo_cov_urb,2020,4.419
slv,sex_f,age_ythadult_yge25,geo_cov_urb,2021,3.791
slv,sex_f,age_ythadult_yge25,geo_cov_urb,2022,2.965
slv,sex_f,age_ythadult_yge25,geo_cov_urb,2023,3.122
slv,sex_m,age_aggregate_total,geo_cov_nat,2010,8.025
slv,sex_m,age_aggregate_total,geo_cov_nat,2011,7.802
slv,sex_m,age_aggregate_total,geo_cov_nat,2012,7.037
slv,sex_m,age_aggregate_total,geo_cov_nat,2013,6.568
slv,sex_m,age_aggregate_total,geo_cov_nat,2014,8.344
slv,sex_m,age_aggregate_total,geo_cov_nat,2015,8.16
slv,sex_m,age_aggregate_total,geo_cov_nat,2016,7.96
slv,sex_m,age_aggregate_total,geo_cov_nat,2017,8.046
slv,sex_m,age_aggregate_total,geo_cov_nat,2018,6.938
slv,sex_m,age_aggregate_total,geo_cov_nat,2019,6.507
slv,sex_m,age_aggregate_total,geo_cov_nat,2020,6.74
slv,sex_m,age_aggregate_total,geo_cov_nat,2021,5.845
slv,sex_m,age_aggregate_total,geo_cov_nat,2022,4.496
slv,sex_m,age_aggregate_total,geo_cov_nat,2023,4.523
slv,sex_m,age_aggregate_total,geo_cov_rur,2010,7.91
slv,sex_m,age_aggregate_total,geo_cov_rur,2011,6.668
slv,sex_m,age_aggregate_total,geo_cov_rur,2012,5.816
slv,sex_m,age_aggregate_total,geo_cov_rur,2013,6.466
slv,sex_m,age_aggregate_total,geo_cov_rur,2014,8.205
slv,sex_m,age_aggregate_total,geo_cov_rur,2015,8.496
slv,sex_m,age_aggregate_total,geo_cov_rur,2016,7.634
slv,sex_m,age_aggregate_total,geo_cov_rur,2017,7.964
slv,sex_m,age_aggregate_total,geo_cov_rur,2018,6.904
slv,sex_m,age_aggregate_total,geo_cov_rur,2019,7.005
slv,sex_m,age_aggregate_total,geo_cov_rur,2020,6.215
slv,sex_m,age_aggregate_total,geo_cov_rur,2021,5.534
slv,sex_m,age_aggregate_total,geo_cov_rur,2022,4.702
slv,sex_m,age_aggregate_total,geo_cov_rur,2023,4.277
slv,sex_m,age_aggregate_total,geo_cov_urb,2010,8.099
slv,sex_m,age_aggregate_total,geo_cov_urb,2011,8.528
slv,sex_m,age_aggregate_total,geo_cov_urb,2012,7.821
slv,sex_m,age_aggregate_total,geo_cov_urb,2013,6.634
slv,sex_m,age_aggregate_total,geo_cov_urb,2014,8.433
slv,sex_m,age_aggregate_total,geo_cov_urb,2015,7.944
slv,sex_m,age_aggregate_total,geo_cov_urb,2016,8.174
slv,sex_m,age_aggregate_total,geo_cov_urb,2017,8.106
slv,sex_m,age_aggregate_total,geo_cov_urb,2018,6.96
slv,sex_m,age_aggregate_total,geo_cov_urb,2019,6.184
slv,sex_m,age_aggregate_total,geo_cov_urb,2020,7.089
slv,sex_m,age_aggregate_total,geo_cov_urb,2021,6.051
slv,sex_m,age_aggregate_total,geo_cov_urb,2022,4.363
slv,sex_m,age_aggregate_total,geo_cov_urb,2023,4.686
slv,sex_m,age_aggregate_y15_24,geo_cov_nat,2010,12.98
slv,sex_m,age_aggregate_y15_24,geo_cov_nat,2011,12.339
slv,sex_m,age_aggregate_y15_24,geo_cov_nat,2012,12.442
slv,sex_m,age_aggregate_y15_24,geo_cov_nat,2013,11.644
slv,sex_m,age_aggregate_y15_24,geo_cov_nat,2014,15.477
slv,sex_m,age_aggregate_y15_24,geo_cov_nat,2015,14.459
slv,sex_m,age_aggregate_y15_24,geo_cov_nat,2016,14.02
slv,sex_m,age_aggregate_y15_24,geo_cov_nat,2017,13.972
slv,sex_m,age_aggregate_y15_24,geo_cov_nat,2018,12.542
slv,sex_m,age_aggregate_y15_24,geo_cov_nat,2019,11.816
slv,sex_m,age_aggregate_y15_24,geo_cov_nat,2020,12.452
slv,sex_m,age_aggregate_y15_24,geo_cov_nat,2021,10.742
slv,sex_m,age_aggregate_y15_24,geo_cov_nat,2022,8.589
slv,sex_m,age_aggregate_y15_24,geo_cov_nat,2023,8.677
slv,sex_m,age_aggregate_y15_24,geo_cov_rur,2010,10.007
slv,sex_m,age_aggregate_y15_24,geo_cov_rur,2011,8.502
slv,sex_m,age_aggregate_y15_24,geo_cov_rur,2012,7.756
slv,sex_m,age_aggregate_y15_24,geo_cov_rur,2013,9.005
slv,sex_m,age_aggregate_y15_24,geo_cov_rur,2014,11.964
slv,sex_m,age_aggregate_y15_24,geo_cov_rur,2015,11.694
slv,sex_m,age_aggregate_y15_24,geo_cov_rur,2016,9.709
slv,sex_m,age_aggregate_y15_24,geo_cov_rur,2017,11.587
slv,sex_m,age_aggregate_y15_24,geo_cov_rur,2018,9.664
slv,sex_m,age_aggregate_y15_24,geo_cov_rur,2019,10.497
slv,sex_m,age_aggregate_y15_24,geo_cov_rur,2020,9.482
slv,sex_m,age_aggregate_y15_24,geo_cov_rur,2021,8.316
slv,sex_m,age_aggregate_y15_24,geo_cov_rur,2022,7.453
slv,sex_m,age_aggregate_y15_24,geo_cov_rur,2023,7.032
slv,sex_m,age_aggregate_y15_24,geo_cov_urb,2010,15.645
slv,sex_m,age_aggregate_y15_24,geo_cov_urb,2011,15.876
slv,sex_m,age_aggregate_y15_24,geo_cov_urb,2012,16.911
slv,sex_m,age_aggregate_y15_24,geo_cov_urb,2013,14.226
slv,sex_m,age_aggregate_y15_24,geo_cov_urb,2014,18.715
slv,sex_m,age_aggregate_y15_24,geo_cov_urb,2015,16.916
slv,sex_m,age_aggregate_y15_24,geo_cov_urb,2016,18.038
slv,sex_m,age_aggregate_y15_24,geo_cov_urb,2017,16.325
slv,sex_m,age_aggregate_y15_24,geo_cov_urb,2018,15.272
slv,sex_m,age_aggregate_y15_24,geo_cov_urb,2019,13.003
slv,sex_m,age_aggregate_y15_24,geo_cov_urb,2020,15.085
slv,sex_m,age_aggregate_y15_24,geo_cov_urb,2021,12.892
slv,sex_m,age_aggregate_y15_24,geo_cov_urb,2022,9.64
slv,sex_m,age_aggregate_y15_24,geo_cov_urb,2023,10.21
slv,sex_m,age_aggregate_y25_54,geo_cov_nat,2010,6.511
slv,sex_m,age_aggregate_y25_54,geo_cov_nat,2011,6.549
slv,sex_m,age_aggregate_y25_54,geo_cov_nat,2012,5.269
slv,sex_m,age_aggregate_y25_54,geo_cov_nat,2013,4.944
slv,sex_m,age_aggregate_y25_54,geo_cov_nat,2014,5.954
slv,sex_m,age_aggregate_y25_54,geo_cov_nat,2015,6.088
slv,sex_m,age_aggregate_y25_54,geo_cov_nat,2016,5.933
slv,sex_m,age_aggregate_y25_54,geo_cov_nat,2017,6.125
slv,sex_m,age_aggregate_y25_54,geo_cov_nat,2018,5.553
slv,sex_m,age_aggregate_y25_54,geo_cov_nat,2019,5.056
slv,sex_m,age_aggregate_y25_54,geo_cov_nat,2020,5.317
slv,sex_m,age_aggregate_y25_54,geo_cov_nat,2021,4.515
slv,sex_m,age_aggregate_y25_54,geo_cov_nat,2022,3.64
slv,sex_m,age_aggregate_y25_54,geo_cov_nat,2023,3.509
slv,sex_m,age_aggregate_y25_54,geo_cov_rur,2010,6.852
slv,sex_m,age_aggregate_y25_54,geo_cov_rur,2011,5.661
slv,sex_m,age_aggregate_y25_54,geo_cov_rur,2012,4.472
slv,sex_m,age_aggregate_y25_54,geo_cov_rur,2013,5.065
slv,sex_m,age_aggregate_y25_54,geo_cov_rur,2014,5.99
slv,sex_m,age_aggregate_y25_54,geo_cov_rur,2015,6.462
slv,sex_m,age_aggregate_y25_54,geo_cov_rur,2016,6.201
slv,sex_m,age_aggregate_y25_54,geo_cov_rur,2017,5.624
slv,sex_m,age_aggregate_y25_54,geo_cov_rur,2018,5.207
slv,sex_m,age_aggregate_y25_54,geo_cov_rur,2019,5.472
slv,sex_m,age_aggregate_y25_54,geo_cov_rur,2020,4.817
slv,sex_m,age_aggregate_y25_54,geo_cov_rur,2021,4.135
slv,sex_m,age_aggregate_y25_54,geo_cov_rur,2022,3.629
slv,sex_m,age_aggregate_y25_54,geo_cov_rur,2023,3.134
slv,sex_m,age_aggregate_y25_54,geo_cov_urb,2010,6.329
slv,sex_m,age_aggregate_y25_54,geo_cov_urb,2011,7.017
slv,sex_m,age_aggregate_y25_54,geo_cov_urb,2012,5.688
slv,sex_m,age_aggregate_y25_54,geo_cov_urb,2013,4.88
slv,sex_m,age_aggregate_y25_54,geo_cov_urb,2014,5.935
slv,sex_m,age_aggregate_y25_54,geo_cov_urb,2015,5.878
slv,sex_m,age_aggregate_y25_54,geo_cov_urb,2016,5.779
slv,sex_m,age_aggregate_y25_54,geo_cov_urb,2017,6.447
slv,sex_m,age_aggregate_y25_54,geo_cov_urb,2018,5.754
slv,sex_m,age_aggregate_y25_54,geo_cov_urb,2019,4.812
slv,sex_m,age_aggregate_y25_54,geo_cov_urb,2020,5.613
slv,sex_m,age_aggregate_y25_54,geo_cov_urb,2021,4.748
slv,sex_m,age_aggregate_y25_54,geo_cov_urb,2022,3.646
slv,sex_m,age_aggregate_y25_54,geo_cov_urb,2023,3.736
slv,sex_m,age_aggregate_y55_64,geo_cov_nat,2010,6.329
slv,sex_m,age_aggregate_y55_64,geo_cov_nat,2011,5.677
slv,sex_m,age_aggregate_y55_64,geo_cov_nat,2012,5.698
slv,sex_m,age_aggregate_y55_64,geo_cov_nat,2013,5.024
slv,sex_m,age_aggregate_y55_64,geo_cov_nat,2014,7.255
slv,sex_m,age_aggregate_y55_64,geo_cov_nat,2015,5.489
slv,sex_m,age_aggregate_y55_64,geo_cov_nat,2016,7.449
slv,sex_m,age_aggregate_y55_64,geo_cov_nat,2017,6.355
slv,sex_m,age_aggregate_y55_64,geo_cov_nat,2018,4.336
slv,sex_m,age_aggregate_y55_64,geo_cov_nat,2019,5.366
slv,sex_m,age_aggregate_y55_64,geo_cov_nat,2020,6.033
slv,sex_m,age_aggregate_y55_64,geo_cov_nat,2021,4.512
slv,sex_m,age_aggregate_y55_64,geo_cov_nat,2022,3.055
slv,sex_m,age_aggregate_y55_64,geo_cov_nat,2023,3.513
slv,sex_m,age_aggregate_y55_64,geo_cov_rur,2010,7.91
slv,sex_m,age_aggregate_y55_64,geo_cov_rur,2011,6.236
slv,sex_m,age_aggregate_y55_64,geo_cov_rur,2012,6.19
slv,sex_m,age_aggregate_y55_64,geo_cov_rur,2013,6.598
slv,sex_m,age_aggregate_y55_64,geo_cov_rur,2014,8.59
slv,sex_m,age_aggregate_y55_64,geo_cov_rur,2015,7.242
slv,sex_m,age_aggregate_y55_64,geo_cov_rur,2016,8.507
slv,sex_m,age_aggregate_y55_64,geo_cov_rur,2017,9.821
slv,sex_m,age_aggregate_y55_64,geo_cov_rur,2018,7.501
slv,sex_m,age_aggregate_y55_64,geo_cov_rur,2019,6.379
slv,sex_m,age_aggregate_y55_64,geo_cov_rur,2020,7.519
slv,sex_m,age_aggregate_y55_64,geo_cov_rur,2021,5.999
slv,sex_m,age_aggregate_y55_64,geo_cov_rur,2022,4.542
slv,sex_m,age_aggregate_y55_64,geo_cov_rur,2023,3.767
slv,sex_m,age_aggregate_y55_64,geo_cov_urb,2010,5.382
slv,sex_m,age_aggregate_y55_64,geo_cov_urb,2011,5.327
slv,sex_m,age_aggregate_y55_64,geo_cov_urb,2012,5.387
slv,sex_m,age_aggregate_y55_64,geo_cov_urb,2013,4.06
slv,sex_m,age_aggregate_y55_64,geo_cov_urb,2014,6.457
slv,sex_m,age_aggregate_y55_64,geo_cov_urb,2015,4.478
slv,sex_m,age_aggregate_y55_64,geo_cov_urb,2016,6.855
slv,sex_m,age_aggregate_y55_64,geo_cov_urb,2017,4.138
slv,sex_m,age_aggregate_y55_64,geo_cov_urb,2018,2.324
slv,sex_m,age_aggregate_y55_64,geo_cov_urb,2019,4.821
slv,sex_m,age_aggregate_y55_64,geo_cov_urb,2020,5.1
slv,sex_m,age_aggregate_y55_64,geo_cov_urb,2021,3.743
slv,sex_m,age_aggregate_y55_64,geo_cov_urb,2022,2.222
slv,sex_m,age_aggregate_y55_64,geo_cov_urb,2023,3.369
slv,sex_m,age_aggregate_yge65,geo_cov_nat,2010,6.575
slv,sex_m,age_aggregate_yge65,geo_cov_nat,2011,5.286
slv,sex_m,age_aggregate_yge65,geo_cov_nat,2012,5.699
slv,sex_m,age_aggregate_yge65,geo_cov_nat,2013,5.556
slv,sex_m,age_aggregate_yge65,geo_cov_nat,2014,7.198
slv,sex_m,age_aggregate_yge65,geo_cov_nat,2015,9.246
slv,sex_m,age_aggregate_yge65,geo_cov_nat,2016,7.195
slv,sex_m,age_aggregate_yge65,geo_cov_nat,2017,8.889
slv,sex_m,age_aggregate_yge65,geo_cov_nat,2018,6.156
slv,sex_m,age_aggregate_yge65,geo_cov_nat,2019,5.658
slv,sex_m,age_aggregate_yge65,geo_cov_nat,2020,3.317
slv,sex_m,age_aggregate_yge65,geo_cov_nat,2021,5.489
slv,sex_m,age_aggregate_yge65,geo_cov_nat,2022,3.241
slv,sex_m,age_aggregate_yge65,geo_cov_nat,2023,5.202
slv,sex_m,age_aggregate_yge65,geo_cov_rur,2010,7.577
slv,sex_m,age_aggregate_yge65,geo_cov_rur,2011,7.003
slv,sex_m,age_aggregate_yge65,geo_cov_rur,2012,6.974
slv,sex_m,age_aggregate_yge65,geo_cov_rur,2013,6.2
slv,sex_m,age_aggregate_yge65,geo_cov_rur,2014,9.779
slv,sex_m,age_aggregate_yge65,geo_cov_rur,2015,12.973
slv,sex_m,age_aggregate_yge65,geo_cov_rur,2016,9.75
slv,sex_m,age_aggregate_yge65,geo_cov_rur,2017,10.905
slv,sex_m,age_aggregate_yge65,geo_cov_rur,2018,9.343
slv,sex_m,age_aggregate_yge65,geo_cov_rur,2019,8.192
slv,sex_m,age_aggregate_yge65,geo_cov_rur,2020,4.746
slv,sex_m,age_aggregate_yge65,geo_cov_rur,2021,7.346
slv,sex_m,age_aggregate_yge65,geo_cov_rur,2022,4.84
slv,sex_m,age_aggregate_yge65,geo_cov_rur,2023,6.395
slv,sex_m,age_aggregate_yge65,geo_cov_urb,2010,5.612
slv,sex_m,age_aggregate_yge65,geo_cov_urb,2011,3.638
slv,sex_m,age_aggregate_yge65,geo_cov_urb,2012,4.566
slv,sex_m,age_aggregate_yge65,geo_cov_urb,2013,4.98
slv,sex_m,age_aggregate_yge65,geo_cov_urb,2014,4.888
slv,sex_m,age_aggregate_yge65,geo_cov_urb,2015,6.345
slv,sex_m,age_aggregate_yge65,geo_cov_urb,2016,5.236
slv,sex_m,age_aggregate_yge65,geo_cov_urb,2017,6.975
slv,sex_m,age_aggregate_yge65,geo_cov_urb,2018,3.409
slv,sex_m,age_aggregate_yge65,geo_cov_urb,2019,3.632
slv,sex_m,age_aggregate_yge65,geo_cov_urb,2020,2.097
slv,sex_m,age_aggregate_yge65,geo_cov_urb,2021,4.036
slv,sex_m,age_aggregate_yge65,geo_cov_urb,2022,2.033
slv,sex_m,age_aggregate_yge65,geo_cov_urb,2023,4.292
slv,sex_m,age_ythadult_y15_24,geo_cov_nat,2010,12.98
slv,sex_m,age_ythadult_y15_24,geo_cov_nat,2011,12.339
slv,sex_m,age_ythadult_y15_24,geo_cov_nat,2012,12.442
slv,sex_m,age_ythadult_y15_24,geo_cov_nat,2013,11.644
slv,sex_m,age_ythadult_y15_24,geo_cov_nat,2014,15.477
slv,sex_m,age_ythadult_y15_24,geo_cov_nat,2015,14.459
slv,sex_m,age_ythadult_y15_24,geo_cov_nat,2016,14.02
slv,sex_m,age_ythadult_y15_24,geo_cov_nat,2017,13.972
slv,sex_m,age_ythadult_y15_24,geo_cov_nat,2018,12.542
slv,sex_m,age_ythadult_y15_24,geo_cov_nat,2019,11.816
slv,sex_m,age_ythadult_y15_24,geo_cov_nat,2020,12.452
slv,sex_m,age_ythadult_y15_24,geo_cov_nat,2021,10.742
slv,sex_m,age_ythadult_y15_24,geo_cov_nat,2022,8.589
slv,sex_m,age_ythadult_y15_24,geo_cov_nat,2023,8.677
slv,sex_m,age_ythadult_y15_24,geo_cov_rur,2010,10.007
slv,sex_m,age_ythadult_y15_24,geo_cov_rur,2011,8.502
slv,sex_m,age_ythadult_y15_24,geo_cov_rur,2012,7.756
slv,sex_m,age_ythadult_y15_24,geo_cov_rur,2013,9.005
slv,sex_m,age_ythadult_y15_24,geo_cov_rur,2014,11.964
slv,sex_m,age_ythadult_y15_24,geo_cov_rur,2015,11.694
slv,sex_m,age_ythadult_y15_24,geo_cov_rur,2016,9.709
slv,sex_m,age_ythadult_y15_24,geo_cov_rur,2017,11.587
slv,sex_m,age_ythadult_y15_24,geo_cov_rur,2018,9.664
slv,sex_m,age_ythadult_y15_24,geo_cov_rur,2019,10.497
slv,sex_m,age_ythadult_y15_24,geo_cov_rur,2020,9.482
slv,sex_m,age_ythadult_y15_24,geo_cov_rur,2021,8.316
slv,sex_m,age_ythadult_y15_24,geo_cov_rur,2022,7.453
slv,sex_m,age_ythadult_y15_24,geo_cov_rur,2023,7.032
slv,sex_m,age_ythadult_y15_24,geo_cov_urb,2010,15.645
slv,sex_m,age_ythadult_y15_24,geo_cov_urb,2011,15.876
slv,sex_m,age_ythadult_y15_24,geo_cov_urb,2012,16.911
slv,sex_m,age_ythadult_y15_24,geo_cov_urb,2013,14.226
slv,sex_m,age_ythadult_y15_24,geo_cov_urb,2014,18.715
slv,sex_m,age_ythadult_y15_24,geo_cov_urb,2015,16.916
slv,sex_m,age_ythadult_y15_24,geo_cov_urb,2016,18.038
slv,sex_m,age_ythadult_y15_24,geo_cov_urb,2017,16.325
slv,sex_m,age_ythadult_y15_24,geo_cov_urb,2018,15.272
slv,sex_m,age_ythadult_y15_24,geo_cov_urb,2019,13.003
slv,sex_m,age_ythadult_y15_24,geo_cov_urb,2020,15.085
slv,sex_m,age_ythadult_y15_24,geo_cov_urb,2021,12.892
slv,sex_m,age_ythadult_y15_24,geo_cov_urb,2022,9.64
slv,sex_m,age_ythadult_y15_24,geo_cov_urb,2023,10.21
slv,sex_m,age_ythadult_y15_64,geo_cov_nat,2010,8.125
slv,sex_m,age_ythadult_y15_64,geo_cov_nat,2011,7.971
slv,sex_m,age_ythadult_y15_64,geo_cov_nat,2012,7.134
slv,sex_m,age_ythadult_y15_64,geo_cov_nat,2013,6.64
slv,sex_m,age_ythadult_y15_64,geo_cov_nat,2014,8.425
slv,sex_m,age_ythadult_y15_64,geo_cov_nat,2015,8.073
slv,sex_m,age_ythadult_y15_64,geo_cov_nat,2016,8.017
slv,sex_m,age_ythadult_y15_64,geo_cov_nat,2017,7.987
slv,sex_m,age_ythadult_y15_64,geo_cov_nat,2018,6.998
slv,sex_m,age_ythadult_y15_64,geo_cov_nat,2019,6.57
slv,sex_m,age_ythadult_y15_64,geo_cov_nat,2020,6.992
slv,sex_m,age_ythadult_y15_64,geo_cov_nat,2021,5.87
slv,sex_m,age_ythadult_y15_64,geo_cov_nat,2022,4.584
slv,sex_m,age_ythadult_y15_64,geo_cov_nat,2023,4.469
slv,sex_m,age_ythadult_y15_64,geo_cov_rur,2010,7.939
slv,sex_m,age_ythadult_y15_64,geo_cov_rur,2011,6.639
slv,sex_m,age_ythadult_y15_64,geo_cov_rur,2012,5.713
slv,sex_m,age_ythadult_y15_64,geo_cov_rur,2013,6.489
slv,sex_m,age_ythadult_y15_64,geo_cov_rur,2014,8.069
slv,sex_m,age_ythadult_y15_64,geo_cov_rur,2015,8.094
slv,sex_m,age_ythadult_y15_64,geo_cov_rur,2016,7.461
slv,sex_m,age_ythadult_y15_64,geo_cov_rur,2017,7.72
slv,sex_m,age_ythadult_y15_64,geo_cov_rur,2018,6.683
slv,sex_m,age_ythadult_y15_64,geo_cov_rur,2019,6.903
slv,sex_m,age_ythadult_y15_64,geo_cov_rur,2020,6.342
slv,sex_m,age_ythadult_y15_64,geo_cov_rur,2021,5.393
slv,sex_m,age_ythadult_y15_64,geo_cov_rur,2022,4.691
slv,sex_m,age_ythadult_y15_64,geo_cov_rur,2023,4.091
slv,sex_m,age_ythadult_y15_64,geo_cov_urb,2010,8.24
slv,sex_m,age_ythadult_y15_64,geo_cov_urb,2011,8.801
slv,sex_m,age_ythadult_y15_64,geo_cov_urb,2012,8.025
slv,sex_m,age_ythadult_y15_64,geo_cov_urb,2013,6.736
slv,sex_m,age_ythadult_y15_64,geo_cov_urb,2014,8.648
slv,sex_m,age_ythadult_y15_64,geo_cov_urb,2015,8.061
slv,sex_m,age_ythadult_y15_64,geo_cov_urb,2016,8.377
slv,sex_m,age_ythadult_y15_64,geo_cov_urb,2017,8.177
slv,sex_m,age_ythadult_y15_64,geo_cov_urb,2018,7.205
slv,sex_m,age_ythadult_y15_64,geo_cov_urb,2019,6.358
slv,sex_m,age_ythadult_y15_64,geo_cov_urb,2020,7.418
slv,sex_m,age_ythadult_y15_64,geo_cov_urb,2021,6.183
slv,sex_m,age_ythadult_y15_64,geo_cov_urb,2022,4.515
slv,sex_m,age_ythadult_y15_64,geo_cov_urb,2023,4.715
slv,sex_m,age_ythadult_yge15,geo_cov_nat,2010,8.025
slv,sex_m,age_ythadult_yge15,geo_cov_nat,2011,7.802
slv,sex_m,age_ythadult_yge15,geo_cov_nat,2012,7.037
slv,sex_m,age_ythadult_yge15,geo_cov_nat,2013,6.568
slv,sex_m,age_ythadult_yge15,geo_cov_nat,2014,8.344
slv,sex_m,age_ythadult_yge15,geo_cov_nat,2015,8.16
slv,sex_m,age_ythadult_yge15,geo_cov_nat,2016,7.96
slv,sex_m,age_ythadult_yge15,geo_cov_nat,2017,8.046
slv,sex_m,age_ythadult_yge15,geo_cov_nat,2018,6.938
slv,sex_m,age_ythadult_yge15,geo_cov_nat,2019,6.507
slv,sex_m,age_ythadult_yge15,geo_cov_nat,2020,6.74
slv,sex_m,age_ythadult_yge15,geo_cov_nat,2021,5.845
slv,sex_m,age_ythadult_yge15,geo_cov_nat,2022,4.496
slv,sex_m,age_ythadult_yge15,geo_cov_nat,2023,4.523
slv,sex_m,age_ythadult_yge15,geo_cov_rur,2010,7.91
slv,sex_m,age_ythadult_yge15,geo_cov_rur,2011,6.668
slv,sex_m,age_ythadult_yge15,geo_cov_rur,2012,5.816
slv,sex_m,age_ythadult_yge15,geo_cov_rur,2013,6.466
slv,sex_m,age_ythadult_yge15,geo_cov_rur,2014,8.205
slv,sex_m,age_ythadult_yge15,geo_cov_rur,2015,8.496
slv,sex_m,age_ythadult_yge15,geo_cov_rur,2016,7.634
slv,sex_m,age_ythadult_yge15,geo_cov_rur,2017,7.964
slv,sex_m,age_ythadult_yge15,geo_cov_rur,2018,6.904
slv,sex_m,age_ythadult_yge15,geo_cov_rur,2019,7.005
slv,sex_m,age_ythadult_yge15,geo_cov_rur,2020,6.215
slv,sex_m,age_ythadult_yge15,geo_cov_rur,2021,5.534
slv,sex_m,age_ythadult_yge15,geo_cov_rur,2022,4.702
slv,sex_m,age_ythadult_yge15,geo_cov_rur,2023,4.277
slv,sex_m,age_ythadult_yge15,geo_cov_urb,2010,8.099
slv,sex_m,age_ythadult_yge15,geo_cov_urb,2011,8.528
slv,sex_m,age_ythadult_yge15,geo_cov_urb,2012,7.821
slv,sex_m,age_ythadult_yge15,geo_cov_urb,2013,6.634
slv,sex_m,age_ythadult_yge15,geo_cov_urb,2014,8.433
slv,sex_m,age_ythadult_yge15,geo_cov_urb,2015,7.944
slv,sex_m,age_ythadult_yge15,geo_cov_urb,2016,8.174
slv,sex_m,age_ythadult_yge15,geo_cov_urb,2017,8.106
slv,sex_m,age_ythadult_yge15,geo_cov_urb,2018,6.96
slv,sex_m,age_ythadult_yge15,geo_cov_urb,2019,6.184
slv,sex_m,age_ythadult_yge15,geo_cov_urb,2020,7.089
slv,sex_m,age_ythadult_yge15,geo_cov_urb,2021,6.051
slv,sex_m,age_ythadult_yge15,geo_cov_urb,2022,4.363
slv,sex_m,age_ythadult_yge15,geo_cov_urb,2023,4.686
slv,sex_m,age_ythadult_yge25,geo_cov_nat,2010,6.495
slv,sex_m,age_ythadult_yge25,geo_cov_nat,2011,6.34
slv,sex_m,age_ythadult_yge25,geo_cov_nat,2012,5.364
slv,sex_m,age_ythadult_yge25,geo_cov_nat,2013,5.008
slv,sex_m,age_ythadult_yge25,geo_cov_nat,2014,6.222
slv,sex_m,age_ythadult_yge25,geo_cov_nat,2015,6.314
slv,sex_m,age_ythadult_yge25,geo_cov_nat,2016,6.254
slv,sex_m,age_ythadult_yge25,geo_cov_nat,2017,6.389
slv,sex_m,age_ythadult_yge25,geo_cov_nat,2018,5.454
slv,sex_m,age_ythadult_yge25,geo_cov_nat,2019,5.151
slv,sex_m,age_ythadult_yge25,geo_cov_nat,2020,5.233
slv,sex_m,age_ythadult_yge25,geo_cov_nat,2021,4.595
slv,sex_m,age_ythadult_yge25,geo_cov_nat,2022,3.527
slv,sex_m,age_ythadult_yge25,geo_cov_nat,2023,3.662
slv,sex_m,age_ythadult_yge25,geo_cov_rur,2010,7.067
slv,sex_m,age_ythadult_yge25,geo_cov_rur,2011,5.885
slv,sex_m,age_ythadult_yge25,geo_cov_rur,2012,5.005
slv,sex_m,age_ythadult_yge25,geo_cov_rur,2013,5.404
slv,sex_m,age_ythadult_yge25,geo_cov_rur,2014,6.739
slv,sex_m,age_ythadult_yge25,geo_cov_rur,2015,7.299
slv,sex_m,age_ythadult_yge25,geo_cov_rur,2016,6.875
slv,sex_m,age_ythadult_yge25,geo_cov_rur,2017,6.704
slv,sex_m,age_ythadult_yge25,geo_cov_rur,2018,5.964
slv,sex_m,age_ythadult_yge25,geo_cov_rur,2019,5.872
slv,sex_m,age_ythadult_yge25,geo_cov_rur,2020,5.154
slv,sex_m,age_ythadult_yge25,geo_cov_rur,2021,4.657
slv,sex_m,age_ythadult_yge25,geo_cov_rur,2022,3.862
slv,sex_m,age_ythadult_yge25,geo_cov_rur,2023,3.551
slv,sex_m,age_ythadult_yge25,geo_cov_urb,2010,6.168
slv,sex_m,age_ythadult_yge25,geo_cov_urb,2011,6.598
slv,sex_m,age_ythadult_yge25,geo_cov_urb,2012,5.567
slv,sex_m,age_ythadult_yge25,geo_cov_urb,2013,4.782
slv,sex_m,age_ythadult_yge25,geo_cov_urb,2014,5.924
slv,sex_m,age_ythadult_yge25,geo_cov_urb,2015,5.738
slv,sex_m,age_ythadult_yge25,geo_cov_urb,2016,5.887
slv,sex_m,age_ythadult_yge25,geo_cov_urb,2017,6.18
slv,sex_m,age_ythadult_yge25,geo_cov_urb,2018,5.143
slv,sex_m,age_ythadult_yge25,geo_cov_urb,2019,4.722
slv,sex_m,age_ythadult_yge25,geo_cov_urb,2020,5.282
slv,sex_m,age_ythadult_yge25,geo_cov_urb,2021,4.556
slv,sex_m,age_ythadult_yge25,geo_cov_urb,2022,3.328
slv,sex_m,age_ythadult_yge25,geo_cov_urb,2023,3.729
slv,sex_t,age_aggregate_total,geo_cov_nat,2010,6.781
slv,sex_t,age_aggregate_total,geo_cov_nat,2011,6.34
slv,sex_t,age_aggregate_total,geo_cov_nat,2012,5.876
slv,sex_t,age_aggregate_total,geo_cov_nat,2013,5.718
slv,sex_t,age_aggregate_total,geo_cov_nat,2014,6.805
slv,sex_t,age_aggregate_total,geo_cov_nat,2015,6.839
slv,sex_t,age_aggregate_total,geo_cov_nat,2016,6.849
slv,sex_t,age_aggregate_total,geo_cov_nat,2017,6.827
slv,sex_t,age_aggregate_total,geo_cov_nat,2018,6.068
slv,sex_t,age_aggregate_total,geo_cov_nat,2019,6.054
slv,sex_t,age_aggregate_total,geo_cov_nat,2020,6.6
slv,sex_t,age_aggregate_total,geo_cov_nat,2021,5.918
slv,sex_t,age_aggregate_total,geo_cov_nat,2022,4.583
slv,sex_t,age_aggregate_total,geo_cov_nat,2023,4.533
slv,sex_t,age_aggregate_total,geo_cov_rur,2010,7.01
slv,sex_t,age_aggregate_total,geo_cov_rur,2011,6.004
slv,sex_t,age_aggregate_total,geo_cov_rur,2012,5.381
slv,sex_t,age_aggregate_total,geo_cov_rur,2013,6.182
slv,sex_t,age_aggregate_total,geo_cov_rur,2014,7.138
slv,sex_t,age_aggregate_total,geo_cov_rur,2015,7.649
slv,sex_t,age_aggregate_total,geo_cov_rur,2016,6.9
slv,sex_t,age_aggregate_total,geo_cov_rur,2017,7.017
slv,sex_t,age_aggregate_total,geo_cov_rur,2018,6.425
slv,sex_t,age_aggregate_total,geo_cov_rur,2019,6.32
slv,sex_t,age_aggregate_total,geo_cov_rur,2020,6.282
slv,sex_t,age_aggregate_total,geo_cov_rur,2021,5.738
slv,sex_t,age_aggregate_total,geo_cov_rur,2022,4.683
slv,sex_t,age_aggregate_total,geo_cov_rur,2023,4.468
slv,sex_t,age_aggregate_total,geo_cov_urb,2010,6.669
slv,sex_t,age_aggregate_total,geo_cov_urb,2011,6.513
slv,sex_t,age_aggregate_total,geo_cov_urb,2012,6.127
slv,sex_t,age_aggregate_total,geo_cov_urb,2013,5.479
slv,sex_t,age_aggregate_total,geo_cov_urb,2014,6.637
slv,sex_t,age_aggregate_total,geo_cov_urb,2015,6.419
slv,sex_t,age_aggregate_total,geo_cov_urb,2016,6.823
slv,sex_t,age_aggregate_total,geo_cov_urb,2017,6.718
slv,sex_t,age_aggregate_total,geo_cov_urb,2018,5.878
slv,sex_t,age_aggregate_total,geo_cov_urb,2019,5.912
slv,sex_t,age_aggregate_total,geo_cov_urb,2020,6.775
slv,sex_t,age_aggregate_total,geo_cov_urb,2021,6.015
slv,sex_t,age_aggregate_total,geo_cov_urb,2022,4.528
slv,sex_t,age_aggregate_total,geo_cov_urb,2023,4.569
slv,sex_t,age_aggregate_y15_24,geo_cov_nat,2010,13.354
slv,sex_t,age_aggregate_y15_24,geo_cov_nat,2011,12.093
slv,sex_t,age_aggregate_y15_24,geo_cov_nat,2012,12.094
slv,sex_t,age_aggregate_y15_24,geo_cov_nat,2013,12.278
slv,sex_t,age_aggregate_y15_24,geo_cov_nat,2014,14.691
slv,sex_t,age_aggregate_y15_24,geo_cov_nat,2015,14.287
slv,sex_t,age_aggregate_y15_24,geo_cov_nat,2016,14.013
slv,sex_t,age_aggregate_y15_24,geo_cov_nat,2017,14.219
slv,sex_t,age_aggregate_y15_24,geo_cov_nat,2018,13.261
slv,sex_t,age_aggregate_y15_24,geo_cov_nat,2019,13.181
slv,sex_t,age_aggregate_y15_24,geo_cov_nat,2020,14.237
slv,sex_t,age_aggregate_y15_24,geo_cov_nat,2021,13.338
slv,sex_t,age_aggregate_y15_24,geo_cov_nat,2022,10.807
slv,sex_t,age_aggregate_y15_24,geo_cov_nat,2023,10.276
slv,sex_t,age_aggregate_y15_24,geo_cov_rur,2010,10.374
slv,sex_t,age_aggregate_y15_24,geo_cov_rur,2011,9.242
slv,sex_t,age_aggregate_y15_24,geo_cov_rur,2012,8.899
slv,sex_t,age_aggregate_y15_24,geo_cov_rur,2013,10.123
slv,sex_t,age_aggregate_y15_24,geo_cov_rur,2014,11.87
slv,sex_t,age_aggregate_y15_24,geo_cov_rur,2015,12.271
slv,sex_t,age_aggregate_y15_24,geo_cov_rur,2016,10.798
slv,sex_t,age_aggregate_y15_24,geo_cov_rur,2017,12.088
slv,sex_t,age_aggregate_y15_24,geo_cov_rur,2018,10.643
slv,sex_t,age_aggregate_y15_24,geo_cov_rur,2019,11.241
slv,sex_t,age_aggregate_y15_24,geo_cov_rur,2020,11.872
slv,sex_t,age_aggregate_y15_24,geo_cov_rur,2021,10.78
slv,sex_t,age_aggregate_y15_24,geo_cov_rur,2022,9.155
slv,sex_t,age_aggregate_y15_24,geo_cov_rur,2023,8.532
slv,sex_t,age_aggregate_y15_24,geo_cov_urb,2010,15.445
slv,sex_t,age_aggregate_y15_24,geo_cov_urb,2011,14.343
slv,sex_t,age_aggregate_y15_24,geo_cov_urb,2012,14.578
slv,sex_t,age_aggregate_y15_24,geo_cov_urb,2013,14.014
slv,sex_t,age_aggregate_y15_24,geo_cov_urb,2014,16.846
slv,sex_t,age_aggregate_y15_24,geo_cov_urb,2015,15.824
slv,sex_t,age_aggregate_y15_24,geo_cov_urb,2016,16.491
slv,sex_t,age_aggregate_y15_24,geo_cov_urb,2017,15.946
slv,sex_t,age_aggregate_y15_24,geo_cov_urb,2018,15.303
slv,sex_t,age_aggregate_y15_24,geo_cov_urb,2019,14.647
slv,sex_t,age_aggregate_y15_24,geo_cov_urb,2020,16.047
slv,sex_t,age_aggregate_y15_24,geo_cov_urb,2021,15.273
slv,sex_t,age_aggregate_y15_24,geo_cov_urb,2022,12.095
slv,sex_t,age_aggregate_y15_24,geo_cov_urb,2023,11.684
slv,sex_t,age_aggregate_y25_54,geo_cov_nat,2010,5.167
slv,sex_t,age_aggregate_y25_54,geo_cov_nat,2011,5.005
slv,sex_t,age_aggregate_y25_54,geo_cov_nat,2012,4.309
slv,sex_t,age_aggregate_y25_54,geo_cov_nat,2013,4.081
slv,sex_t,age_aggregate_y25_54,geo_cov_nat,2014,4.759
slv,sex_t,age_aggregate_y25_54,geo_cov_nat,2015,4.906
slv,sex_t,age_aggregate_y25_54,geo_cov_nat,2016,5.074
slv,sex_t,age_aggregate_y25_54,geo_cov_nat,2017,5.009
slv,sex_t,age_aggregate_y25_54,geo_cov_nat,2018,4.595
slv,sex_t,age_aggregate_y25_54,geo_cov_nat,2019,4.582
slv,sex_t,age_aggregate_y25_54,geo_cov_nat,2020,5.178
slv,sex_t,age_aggregate_y25_54,geo_cov_nat,2021,4.47
slv,sex_t,age_aggregate_y25_54,geo_cov_nat,2022,3.475
slv,sex_t,age_aggregate_y25_54,geo_cov_nat,2023,3.562
slv,sex_t,age_aggregate_y25_54,geo_cov_rur,2010,5.693
slv,sex_t,age_aggregate_y25_54,geo_cov_rur,2011,4.658
slv,sex_t,age_aggregate_y25_54,geo_cov_rur,2012,3.735
slv,sex_t,age_aggregate_y25_54,geo_cov_rur,2013,4.503
slv,sex_t,age_aggregate_y25_54,geo_cov_rur,2014,4.876
slv,sex_t,age_aggregate_y25_54,geo_cov_rur,2015,5.517
slv,sex_t,age_aggregate_y25_54,geo_cov_rur,2016,5.132
slv,sex_t,age_aggregate_y25_54,geo_cov_rur,2017,4.635
slv,sex_t,age_aggregate_y25_54,geo_cov_rur,2018,4.61
slv,sex_t,age_aggregate_y25_54,geo_cov_rur,2019,4.626
slv,sex_t,age_aggregate_y25_54,geo_cov_rur,2020,4.52
slv,sex_t,age_aggregate_y25_54,geo_cov_rur,2021,4.068
slv,sex_t,age_aggregate_y25_54,geo_cov_rur,2022,3.336
slv,sex_t,age_aggregate_y25_54,geo_cov_rur,2023,3.361
slv,sex_t,age_aggregate_y25_54,geo_cov_urb,2010,4.945
slv,sex_t,age_aggregate_y25_54,geo_cov_urb,2011,5.154
slv,sex_t,age_aggregate_y25_54,geo_cov_urb,2012,4.551
slv,sex_t,age_aggregate_y25_54,geo_cov_urb,2013,3.897
slv,sex_t,age_aggregate_y25_54,geo_cov_urb,2014,4.709
slv,sex_t,age_aggregate_y25_54,geo_cov_urb,2015,4.628
slv,sex_t,age_aggregate_y25_54,geo_cov_urb,2016,5.047
slv,sex_t,age_aggregate_y25_54,geo_cov_urb,2017,5.203
slv,sex_t,age_aggregate_y25_54,geo_cov_urb,2018,4.587
slv,sex_t,age_aggregate_y25_54,geo_cov_urb,2019,4.561
slv,sex_t,age_aggregate_y25_54,geo_cov_urb,2020,5.51
slv,sex_t,age_aggregate_y25_54,geo_cov_urb,2021,4.673
slv,sex_t,age_aggregate_y25_54,geo_cov_urb,2022,3.545
slv,sex_t,age_aggregate_y25_54,geo_cov_urb,2023,3.665
slv,sex_t,age_aggregate_y55_64,geo_cov_nat,2010,4.179
slv,sex_t,age_aggregate_y55_64,geo_cov_nat,2011,3.467
slv,sex_t,age_aggregate_y55_64,geo_cov_nat,2012,3.642
slv,sex_t,age_aggregate_y55_64,geo_cov_nat,2013,3.202
slv,sex_t,age_aggregate_y55_64,geo_cov_nat,2014,4.602
slv,sex_t,age_aggregate_y55_64,geo_cov_nat,2015,3.961
slv,sex_t,age_aggregate_y55_64,geo_cov_nat,2016,4.941
slv,sex_t,age_aggregate_y55_64,geo_cov_nat,2017,4.204
slv,sex_t,age_aggregate_y55_64,geo_cov_nat,2018,2.651
slv,sex_t,age_aggregate_y55_64,geo_cov_nat,2019,3.562
slv,sex_t,age_aggregate_y55_64,geo_cov_nat,2020,3.8
slv,sex_t,age_aggregate_y55_64,geo_cov_nat,2021,2.871
slv,sex_t,age_aggregate_y55_64,geo_cov_nat,2022,2.369
slv,sex_t,age_aggregate_y55_64,geo_cov_nat,2023,2.671
slv,sex_t,age_aggregate_y55_64,geo_cov_rur,2010,6.036
slv,sex_t,age_aggregate_y55_64,geo_cov_rur,2011,4.358
slv,sex_t,age_aggregate_y55_64,geo_cov_rur,2012,4.677
slv,sex_t,age_aggregate_y55_64,geo_cov_rur,2013,4.949
slv,sex_t,age_aggregate_y55_64,geo_cov_rur,2014,7.072
slv,sex_t,age_aggregate_y55_64,geo_cov_rur,2015,5.882
slv,sex_t,age_aggregate_y55_64,geo_cov_rur,2016,6.635
slv,sex_t,age_aggregate_y55_64,geo_cov_rur,2017,7.538
slv,sex_t,age_aggregate_y55_64,geo_cov_rur,2018,5.689
slv,sex_t,age_aggregate_y55_64,geo_cov_rur,2019,4.758
slv,sex_t,age_aggregate_y55_64,geo_cov_rur,2020,5.596
slv,sex_t,age_aggregate_y55_64,geo_cov_rur,2021,4.121
slv,sex_t,age_aggregate_y55_64,geo_cov_rur,2022,3.691
slv,sex_t,age_aggregate_y55_64,geo_cov_rur,2023,2.951
slv,sex_t,age_aggregate_y55_64,geo_cov_urb,2010,3.327
slv,sex_t,age_aggregate_y55_64,geo_cov_urb,2011,3.013
slv,sex_t,age_aggregate_y55_64,geo_cov_urb,2012,3.135
slv,sex_t,age_aggregate_y55_64,geo_cov_urb,2013,2.398
slv,sex_t,age_aggregate_y55_64,geo_cov_urb,2014,3.52
slv,sex_t,age_aggregate_y55_64,geo_cov_urb,2015,3.094
slv,sex_t,age_aggregate_y55_64,geo_cov_urb,2016,4.193
slv,sex_t,age_aggregate_y55_64,geo_cov_urb,2017,2.543
slv,sex_t,age_aggregate_y55_64,geo_cov_urb,2018,1.264
slv,sex_t,age_aggregate_y55_64,geo_cov_urb,2019,3.071
slv,sex_t,age_aggregate_y55_64,geo_cov_urb,2020,2.981
slv,sex_t,age_aggregate_y55_64,geo_cov_urb,2021,2.356
slv,sex_t,age_aggregate_y55_64,geo_cov_urb,2022,1.77
slv,sex_t,age_aggregate_y55_64,geo_cov_urb,2023,2.547
slv,sex_t,age_aggregate_yge65,geo_cov_nat,2010,4.488
slv,sex_t,age_aggregate_yge65,geo_cov_nat,2011,3.793
slv,sex_t,age_aggregate_yge65,geo_cov_nat,2012,3.957
slv,sex_t,age_aggregate_yge65,geo_cov_nat,2013,4.152
slv,sex_t,age_aggregate_yge65,geo_cov_nat,2014,4.84
slv,sex_t,age_aggregate_yge65,geo_cov_nat,2015,6.666
slv,sex_t,age_aggregate_yge65,geo_cov_nat,2016,4.943
slv,sex_t,age_aggregate_yge65,geo_cov_nat,2017,5.883
slv,sex_t,age_aggregate_yge65,geo_cov_nat,2018,4.386
slv,sex_t,age_aggregate_yge65,geo_cov_nat,2019,3.877
slv,sex_t,age_aggregate_yge65,geo_cov_nat,2020,2.24
slv,sex_t,age_aggregate_yge65,geo_cov_nat,2021,3.682
slv,sex_t,age_aggregate_yge65,geo_cov_nat,2022,2.43
slv,sex_t,age_aggregate_yge65,geo_cov_nat,2023,3.522
slv,sex_t,age_aggregate_yge65,geo_cov_rur,2010,6.202
slv,sex_t,age_aggregate_yge65,geo_cov_rur,2011,5.89
slv,sex_t,age_aggregate_yge65,geo_cov_rur,2012,5.589
slv,sex_t,age_aggregate_yge65,geo_cov_rur,2013,5.853
slv,sex_t,age_aggregate_yge65,geo_cov_rur,2014,7.94
slv,sex_t,age_aggregate_yge65,geo_cov_rur,2015,10.58
slv,sex_t,age_aggregate_yge65,geo_cov_rur,2016,8.122
slv,sex_t,age_aggregate_yge65,geo_cov_rur,2017,8.933
slv,sex_t,age_aggregate_yge65,geo_cov_rur,2018,8.089
slv,sex_t,age_aggregate_yge65,geo_cov_rur,2019,6.614
slv,sex_t,age_aggregate_yge65,geo_cov_rur,2020,3.602
slv,sex_t,age_aggregate_yge65,geo_cov_rur,2021,6.015
slv,sex_t,age_aggregate_yge65,geo_cov_rur,2022,4.121
slv,sex_t,age_aggregate_yge65,geo_cov_rur,2023,4.815
slv,sex_t,age_aggregate_yge65,geo_cov_urb,2010,3.357
slv,sex_t,age_aggregate_yge65,geo_cov_urb,2011,2.26
slv,sex_t,age_aggregate_yge65,geo_cov_urb,2012,2.882
slv,sex_t,age_aggregate_yge65,geo_cov_urb,2013,3.051
slv,sex_t,age_aggregate_yge65,geo_cov_urb,2014,2.828
slv,sex_t,age_aggregate_yge65,geo_cov_urb,2015,4.29
slv,sex_t,age_aggregate_yge65,geo_cov_urb,2016,3.096
slv,sex_t,age_aggregate_yge65,geo_cov_urb,2017,3.868
slv,sex_t,age_aggregate_yge65,geo_cov_urb,2018,2.068
slv,sex_t,age_aggregate_yge65,geo_cov_urb,2019,2.271
slv,sex_t,age_aggregate_yge65,geo_cov_urb,2020,1.389
slv,sex_t,age_aggregate_yge65,geo_cov_urb,2021,2.402
slv,sex_t,age_aggregate_yge65,geo_cov_urb,2022,1.403
slv,sex_t,age_aggregate_yge65,geo_cov_urb,2023,2.761
slv,sex_t,age_ythadult_y15_24,geo_cov_nat,2010,13.354
slv,sex_t,age_ythadult_y15_24,geo_cov_nat,2011,12.093
slv,sex_t,age_ythadult_y15_24,geo_cov_nat,2012,12.094
slv,sex_t,age_ythadult_y15_24,geo_cov_nat,2013,12.278
slv,sex_t,age_ythadult_y15_24,geo_cov_nat,2014,14.691
slv,sex_t,age_ythadult_y15_24,geo_cov_nat,2015,14.287
slv,sex_t,age_ythadult_y15_24,geo_cov_nat,2016,14.013
slv,sex_t,age_ythadult_y15_24,geo_cov_nat,2017,14.219
slv,sex_t,age_ythadult_y15_24,geo_cov_nat,2018,13.261
slv,sex_t,age_ythadult_y15_24,geo_cov_nat,2019,13.181
slv,sex_t,age_ythadult_y15_24,geo_cov_nat,2020,14.237
slv,sex_t,age_ythadult_y15_24,geo_cov_nat,2021,13.338
slv,sex_t,age_ythadult_y15_24,geo_cov_nat,2022,10.807
slv,sex_t,age_ythadult_y15_24,geo_cov_nat,2023,10.276
slv,sex_t,age_ythadult_y15_24,geo_cov_rur,2010,10.374
slv,sex_t,age_ythadult_y15_24,geo_cov_rur,2011,9.242
slv,sex_t,age_ythadult_y15_24,geo_cov_rur,2012,8.899
slv,sex_t,age_ythadult_y15_24,geo_cov_rur,2013,10.123
slv,sex_t,age_ythadult_y15_24,geo_cov_rur,2014,11.87
slv,sex_t,age_ythadult_y15_24,geo_cov_rur,2015,12.271
slv,sex_t,age_ythadult_y15_24,geo_cov_rur,2016,10.798
slv,sex_t,age_ythadult_y15_24,geo_cov_rur,2017,12.088
slv,sex_t,age_ythadult_y15_24,geo_cov_rur,2018,10.643
slv,sex_t,age_ythadult_y15_24,geo_cov_rur,2019,11.241
slv,sex_t,age_ythadult_y15_24,geo_cov_rur,2020,11.872
slv,sex_t,age_ythadult_y15_24,geo_cov_rur,2021,10.78
slv,sex_t,age_ythadult_y15_24,geo_cov_rur,2022,9.155
slv,sex_t,age_ythadult_y15_24,geo_cov_rur,2023,8.532
slv,sex_t,age_ythadult_y15_24,geo_cov_urb,2010,15.445
slv,sex_t,age_ythadult_y15_24,geo_cov_urb,2011,14.343
slv,sex_t,age_ythadult_y15_24,geo_cov_urb,2012,14.578
slv,sex_t,age_ythadult_y15_24,geo_cov_urb,2013,14.014
slv,sex_t,age_ythadult_y15_24,geo_cov_urb,2014,16.846
slv,sex_t,age_ythadult_y15_24,geo_cov_urb,2015,15.824
slv,sex_t,age_ythadult_y15_24,geo_cov_urb,2016,16.491
slv,sex_t,age_ythadult_y15_24,geo_cov_urb,2017,15.946
slv,sex_t,age_ythadult_y15_24,geo_cov_urb,2018,15.303
slv,sex_t,age_ythadult_y15_24,geo_cov_urb,2019,14.647
slv,sex_t,age_ythadult_y15_24,geo_cov_urb,2020,16.047
slv,sex_t,age_ythadult_y15_24,geo_cov_urb,2021,15.273
slv,sex_t,age_ythadult_y15_24,geo_cov_urb,2022,12.095
slv,sex_t,age_ythadult_y15_24,geo_cov_urb,2023,11.684
slv,sex_t,age_ythadult_y15_64,geo_cov_nat,2010,6.92
slv,sex_t,age_ythadult_y15_64,geo_cov_nat,2011,6.489
slv,sex_t,age_ythadult_y15_64,geo_cov_nat,2012,5.997
slv,sex_t,age_ythadult_y15_64,geo_cov_nat,2013,5.812
slv,sex_t,age_ythadult_y15_64,geo_cov_nat,2014,6.926
slv,sex_t,age_ythadult_y15_64,geo_cov_nat,2015,6.851
slv,sex_t,age_ythadult_y15_64,geo_cov_nat,2016,6.974
slv,sex_t,age_ythadult_y15_64,geo_cov_nat,2017,6.888
slv,sex_t,age_ythadult_y15_64,geo_cov_nat,2018,6.182
slv,sex_t,age_ythadult_y15_64,geo_cov_nat,2019,6.197
slv,sex_t,age_ythadult_y15_64,geo_cov_nat,2020,6.897
slv,sex_t,age_ythadult_y15_64,geo_cov_nat,2021,6.063
slv,sex_t,age_ythadult_y15_64,geo_cov_nat,2022,4.716
slv,sex_t,age_ythadult_y15_64,geo_cov_nat,2023,4.606
slv,sex_t,age_ythadult_y15_64,geo_cov_rur,2010,7.07
slv,sex_t,age_ythadult_y15_64,geo_cov_rur,2011,6.013
slv,sex_t,age_ythadult_y15_64,geo_cov_rur,2012,5.366
slv,sex_t,age_ythadult_y15_64,geo_cov_rur,2013,6.205
slv,sex_t,age_ythadult_y15_64,geo_cov_rur,2014,7.079
slv,sex_t,age_ythadult_y15_64,geo_cov_rur,2015,7.427
slv,sex_t,age_ythadult_y15_64,geo_cov_rur,2016,6.815
slv,sex_t,age_ythadult_y15_64,geo_cov_rur,2017,6.882
slv,sex_t,age_ythadult_y15_64,geo_cov_rur,2018,6.301
slv,sex_t,age_ythadult_y15_64,geo_cov_rur,2019,6.299
slv,sex_t,age_ythadult_y15_64,geo_cov_rur,2020,6.481
slv,sex_t,age_ythadult_y15_64,geo_cov_rur,2021,5.72
slv,sex_t,age_ythadult_y15_64,geo_cov_rur,2022,4.721
slv,sex_t,age_ythadult_y15_64,geo_cov_rur,2023,4.442
slv,sex_t,age_ythadult_y15_64,geo_cov_urb,2010,6.849
slv,sex_t,age_ythadult_y15_64,geo_cov_urb,2011,6.729
slv,sex_t,age_ythadult_y15_64,geo_cov_urb,2012,6.311
slv,sex_t,age_ythadult_y15_64,geo_cov_urb,2013,5.613
slv,sex_t,age_ythadult_y15_64,geo_cov_urb,2014,6.85
slv,sex_t,age_ythadult_y15_64,geo_cov_urb,2015,6.556
slv,sex_t,age_ythadult_y15_64,geo_cov_urb,2016,7.057
slv,sex_t,age_ythadult_y15_64,geo_cov_urb,2017,6.891
slv,sex_t,age_ythadult_y15_64,geo_cov_urb,2018,6.119
slv,sex_t,age_ythadult_y15_64,geo_cov_urb,2019,6.143
slv,sex_t,age_ythadult_y15_64,geo_cov_urb,2020,7.124
slv,sex_t,age_ythadult_y15_64,geo_cov_urb,2021,6.247
slv,sex_t,age_ythadult_y15_64,geo_cov_urb,2022,4.713
slv,sex_t,age_ythadult_y15_64,geo_cov_urb,2023,4.695
slv,sex_t,age_ythadult_yge15,geo_cov_nat,2010,6.781
slv,sex_t,age_ythadult_yge15,geo_cov_nat,2011,6.34
slv,sex_t,age_ythadult_yge15,geo_cov_nat,2012,5.876
slv,sex_t,age_ythadult_yge15,geo_cov_nat,2013,5.718
slv,sex_t,age_ythadult_yge15,geo_cov_nat,2014,6.805
slv,sex_t,age_ythadult_yge15,geo_cov_nat,2015,6.839
slv,sex_t,age_ythadult_yge15,geo_cov_nat,2016,6.849
slv,sex_t,age_ythadult_yge15,geo_cov_nat,2017,6.827
slv,sex_t,age_ythadult_yge15,geo_cov_nat,2018,6.068
slv,sex_t,age_ythadult_yge15,geo_cov_nat,2019,6.054
slv,sex_t,age_ythadult_yge15,geo_cov_nat,2020,6.6
slv,sex_t,age_ythadult_yge15,geo_cov_nat,2021,5.918
slv,sex_t,age_ythadult_yge15,geo_cov_nat,2022,4.583
slv,sex_t,age_ythadult_yge15,geo_cov_nat,2023,4.533
slv,sex_t,age_ythadult_yge15,geo_cov_rur,2010,7.01
slv,sex_t,age_ythadult_yge15,geo_cov_rur,2011,6.004
slv,sex_t,age_ythadult_yge15,geo_cov_rur,2012,5.381
slv,sex_t,age_ythadult_yge15,geo_cov_rur,2013,6.182
slv,sex_t,age_ythadult_yge15,geo_cov_rur,2014,7.138
slv,sex_t,age_ythadult_yge15,geo_cov_rur,2015,7.649
slv,sex_t,age_ythadult_yge15,geo_cov_rur,2016,6.9
slv,sex_t,age_ythadult_yge15,geo_cov_rur,2017,7.017
slv,sex_t,age_ythadult_yge15,geo_cov_rur,2018,6.425
slv,sex_t,age_ythadult_yge15,geo_cov_rur,2019,6.32
slv,sex_t,age_ythadult_yge15,geo_cov_rur,2020,6.282
slv,sex_t,age_ythadult_yge15,geo_cov_rur,2021,5.738
slv,sex_t,age_ythadult_yge15,geo_cov_rur,2022,4.683
slv,sex_t,age_ythadult_yge15,geo_cov_rur,2023,4.468
slv,sex_t,age_ythadult_yge15,geo_cov_urb,2010,6.669
slv,sex_t,age_ythadult_yge15,geo_cov_urb,2011,6.513
slv,sex_t,age_ythadult_yge15,geo_cov_urb,2012,6.127
slv,sex_t,age_ythadult_yge15,geo_cov_urb,2013,5.479
slv,sex_t,age_ythadult_yge15,geo_cov_urb,2014,6.637
slv,sex_t,age_ythadult_yge15,geo_cov_urb,2015,6.419
slv,sex_t,age_ythadult_yge15,geo_cov_urb,2016,6.823
slv,sex_t,age_ythadult_yge15,geo_cov_urb,2017,6.718
slv,sex_t,age_ythadult_yge15,geo_cov_urb,2018,5.878
slv,sex_t,age_ythadult_yge15,geo_cov_urb,2019,5.912
slv,sex_t,age_ythadult_yge15,geo_cov_urb,2020,6.775
slv,sex_t,age_ythadult_yge15,geo_cov_urb,2021,6.015
slv,sex_t,age_ythadult_yge15,geo_cov_urb,2022,4.528
slv,sex_t,age_ythadult_yge15,geo_cov_urb,2023,4.569
slv,sex_t,age_ythadult_yge25,geo_cov_nat,2010,5.003
slv,sex_t,age_ythadult_yge25,geo_cov_nat,2011,4.748
slv,sex_t,age_ythadult_yge25,geo_cov_nat,2012,4.201
slv,sex_t,age_ythadult_yge25,geo_cov_nat,2013,3.976
slv,sex_t,age_ythadult_yge25,geo_cov_nat,2014,4.746
slv,sex_t,age_ythadult_yge25,geo_cov_nat,2015,4.932
slv,sex_t,age_ythadult_yge25,geo_cov_nat,2016,5.047
slv,sex_t,age_ythadult_yge25,geo_cov_nat,2017,4.974
slv,sex_t,age_ythadult_yge25,geo_cov_nat,2018,4.334
slv,sex_t,age_ythadult_yge25,geo_cov_nat,2019,4.392
slv,sex_t,age_ythadult_yge25,geo_cov_nat,2020,4.775
slv,sex_t,age_ythadult_yge25,geo_cov_nat,2021,4.207
slv,sex_t,age_ythadult_yge25,geo_cov_nat,2022,3.255
slv,sex_t,age_ythadult_yge25,geo_cov_nat,2023,3.439
slv,sex_t,age_ythadult_yge25,geo_cov_rur,2010,5.783
slv,sex_t,age_ythadult_yge25,geo_cov_rur,2011,4.739
slv,sex_t,age_ythadult_yge25,geo_cov_rur,2012,4.036
slv,sex_t,age_ythadult_yge25,geo_cov_rur,2013,4.682
slv,sex_t,age_ythadult_yge25,geo_cov_rur,2014,5.417
slv,sex_t,age_ythadult_yge25,geo_cov_rur,2015,6.041
slv,sex_t,age_ythadult_yge25,geo_cov_rur,2016,5.576
slv,sex_t,age_ythadult_yge25,geo_cov_rur,2017,5.363
slv,sex_t,age_ythadult_yge25,geo_cov_rur,2018,5.061
slv,sex_t,age_ythadult_yge25,geo_cov_rur,2019,4.813
slv,sex_t,age_ythadult_yge25,geo_cov_rur,2020,4.561
slv,sex_t,age_ythadult_yge25,geo_cov_rur,2021,4.229
slv,sex_t,age_ythadult_yge25,geo_cov_rur,2022,3.442
slv,sex_t,age_ythadult_yge25,geo_cov_rur,2023,3.439
slv,sex_t,age_ythadult_yge25,geo_cov_urb,2010,4.659
slv,sex_t,age_ythadult_yge25,geo_cov_urb,2011,4.752
slv,sex_t,age_ythadult_yge25,geo_cov_urb,2012,4.275
slv,sex_t,age_ythadult_yge25,geo_cov_urb,2013,3.656
slv,sex_t,age_ythadult_yge25,geo_cov_urb,2014,4.444
slv,sex_t,age_ythadult_yge25,geo_cov_urb,2015,4.415
slv,sex_t,age_ythadult_yge25,geo_cov_urb,2016,4.795
slv,sex_t,age_ythadult_yge25,geo_cov_urb,2017,4.769
slv,sex_t,age_ythadult_yge25,geo_cov_urb,2018,3.981
slv,sex_t,age_ythadult_yge25,geo_cov_urb,2019,4.188
slv,sex_t,age_ythadult_yge25,geo_cov_urb,2020,4.883
slv,sex_t,age_ythadult_yge25,geo_cov_urb,2021,4.197
slv,sex_t,age_ythadult_yge25,geo_cov_urb,2022,3.16
slv,sex_t,age_ythadult_yge25,geo_cov_urb,2023,3.44
som,sex_f,age_aggregate_total,geo_cov_nat,2019,40.863
som,sex_f,age_aggregate_total,geo_cov_nat,2022,35.65
som,sex_f,age_aggregate_total,geo_cov_rur,2019,29.626
som,sex_f,age_aggregate_total,geo_cov_rur,2022,15.648
som,sex_f,age_aggregate_total,geo_cov_urb,2019,43.914
som,sex_f,age_aggregate_total,geo_cov_urb,2022,46.392
som,sex_f,age_aggregate_y15_24,geo_cov_nat,2019,57.222
som,sex_f,age_aggregate_y15_24,geo_cov_nat,2022,49.16
som,sex_f,age_aggregate_y15_24,geo_cov_rur,2019,33.616
som,sex_f,age_aggregate_y15_24,geo_cov_rur,2022,23.378
som,sex_f,age_aggregate_y15_24,geo_cov_urb,2019,62.596
som,sex_f,age_aggregate_y15_24,geo_cov_urb,2022,64.325
som,sex_f,age_aggregate_y25_54,geo_cov_nat,2019,36.71
som,sex_f,age_aggregate_y25_54,geo_cov_nat,2022,30.952
som,sex_f,age_aggregate_y25_54,geo_cov_rur,2019,29.554
som,sex_f,age_aggregate_y25_54,geo_cov_rur,2022,13.021
som,sex_f,age_aggregate_y25_54,geo_cov_urb,2019,38.837
som,sex_f,age_aggregate_y25_54,geo_cov_urb,2022,40.102
som,sex_f,age_aggregate_y55_64,geo_cov_nat,2019,18.891
som,sex_f,age_aggregate_y55_64,geo_cov_nat,2022,19.012
som,sex_f,age_aggregate_y55_64,geo_cov_rur,2019,11.679
som,sex_f,age_aggregate_y55_64,geo_cov_urb,2019,20.212
som,sex_f,age_aggregate_y55_64,geo_cov_urb,2022,29.401
som,sex_f,age_aggregate_yge65,geo_cov_nat,2019,35.785
som,sex_f,age_aggregate_yge65,geo_cov_urb,2019,39.589
som,sex_f,age_ythadult_y15_24,geo_cov_nat,2019,57.222
som,sex_f,age_ythadult_y15_24,geo_cov_nat,2022,49.16
som,sex_f,age_ythadult_y15_24,geo_cov_rur,2019,33.616
som,sex_f,age_ythadult_y15_24,geo_cov_rur,2022,23.378
som,sex_f,age_ythadult_y15_24,geo_cov_urb,2019,62.596
som,sex_f,age_ythadult_y15_24,geo_cov_urb,2022,64.325
som,sex_f,age_ythadult_y15_64,geo_cov_nat,2019,40.945
som,sex_f,age_ythadult_y15_64,geo_cov_nat,2022,35.65
som,sex_f,age_ythadult_y15_64,geo_cov_rur,2019,29.804
som,sex_f,age_ythadult_y15_64,geo_cov_rur,2022,15.648
som,sex_f,age_ythadult_y15_64,geo_cov_urb,2019,43.99
som,sex_f,age_ythadult_y15_64,geo_cov_urb,2022,46.392
som,sex_f,age_ythadult_yge15,geo_cov_nat,2019,40.863
som,sex_f,age_ythadult_yge15,geo_cov_nat,2022,35.65
som,sex_f,age_ythadult_yge15,geo_cov_rur,2019,29.626
som,sex_f,age_ythadult_yge15,geo_cov_rur,2022,15.648
som,sex_f,age_ythadult_yge15,geo_cov_urb,2019,43.914
som,sex_f,age_ythadult_yge15,geo_cov_urb,2022,46.392
som,sex_f,age_ythadult_yge25,geo_cov_nat,2019,35.571
som,sex_f,age_ythadult_yge25,geo_cov_nat,2022,30.184
som,sex_f,age_ythadult_yge25,geo_cov_rur,2019,28.55
som,sex_f,age_ythadult_yge25,geo_cov_rur,2022,12.249
som,sex_f,age_ythadult_yge25,geo_cov_urb,2019,37.581
som,sex_f,age_ythadult_yge25,geo_cov_urb,2022,39.46
som,sex_m,age_aggregate_total,geo_cov_nat,2019,26.631
som,sex_m,age_aggregate_total,geo_cov_nat,2022,22.298
som,sex_m,age_aggregate_total,geo_cov_rur,2019,17.662
som,sex_m,age_aggregate_total,geo_cov_rur,2022,11.106
som,sex_m,age_aggregate_total,geo_cov_urb,2019,28.985
som,sex_m,age_aggregate_total,geo_cov_urb,2022,28.887
som,sex_m,age_aggregate_y15_24,geo_cov_nat,2019,47.492
som,sex_m,age_aggregate_y15_24,geo_cov_nat,2022,41.024
som,sex_m,age_aggregate_y15_24,geo_cov_rur,2019,36.511
som,sex_m,age_aggregate_y15_24,geo_cov_rur,2022,21.326
som,sex_m,age_aggregate_y15_24,geo_cov_urb,2019,50.394
som,sex_m,age_aggregate_y15_24,geo_cov_urb,2022,53.782
som,sex_m,age_aggregate_y25_54,geo_cov_nat,2019,22.129
som,sex_m,age_aggregate_y25_54,geo_cov_nat,2022,17.109
som,sex_m,age_aggregate_y25_54,geo_cov_rur,2019,13.329
som,sex_m,age_aggregate_y25_54,geo_cov_rur,2022,8.035
som,sex_m,age_aggregate_y25_54,geo_cov_urb,2019,24.46
som,sex_m,age_aggregate_y25_54,geo_cov_urb,2022,22.401
som,sex_m,age_aggregate_y55_64,geo_cov_nat,2019,22.672
som,sex_m,age_aggregate_y55_64,geo_cov_nat,2022,15.853
som,sex_m,age_aggregate_y55_64,geo_cov_rur,2019,15.826
som,sex_m,age_aggregate_y55_64,geo_cov_rur,2022,7.368
som,sex_m,age_aggregate_y55_64,geo_cov_urb,2019,24.43
som,sex_m,age_aggregate_y55_64,geo_cov_urb,2022,19.906
som,sex_m,age_aggregate_yge65,geo_cov_nat,2019,12.227
som,sex_m,age_aggregate_yge65,geo_cov_urb,2019,13.904
som,sex_m,age_ythadult_y15_24,geo_cov_nat,2019,47.492
som,sex_m,age_ythadult_y15_24,geo_cov_nat,2022,41.024
som,sex_m,age_ythadult_y15_24,geo_cov_rur,2019,36.511
som,sex_m,age_ythadult_y15_24,geo_cov_rur,2022,21.326
som,sex_m,age_ythadult_y15_24,geo_cov_urb,2019,50.394
som,sex_m,age_ythadult_y15_24,geo_cov_urb,2022,53.782
som,sex_m,age_ythadult_y15_64,geo_cov_nat,2019,27.014
som,sex_m,age_ythadult_y15_64,geo_cov_nat,2022,22.298
som,sex_m,age_ythadult_y15_64,geo_cov_rur,2019,17.956
som,sex_m,age_ythadult_y15_64,geo_cov_rur,2022,11.106
som,sex_m,age_ythadult_y15_64,geo_cov_urb,2019,29.406
som,sex_m,age_ythadult_y15_64,geo_cov_urb,2022,28.887
som,sex_m,age_ythadult_yge15,geo_cov_nat,2019,26.631
som,sex_m,age_ythadult_yge15,geo_cov_nat,2022,22.298
som,sex_m,age_ythadult_yge15,geo_cov_rur,2019,17.662
som,sex_m,age_ythadult_yge15,geo_cov_rur,2022,11.106
som,sex_m,age_ythadult_yge15,geo_cov_urb,2019,28.985
som,sex_m,age_ythadult_yge15,geo_cov_urb,2022,28.887
som,sex_m,age_ythadult_yge25,geo_cov_nat,2019,21.867
som,sex_m,age_ythadult_yge25,geo_cov_nat,2022,16.992
som,sex_m,age_ythadult_yge25,geo_cov_rur,2019,13.329
som,sex_m,age_ythadult_yge25,geo_cov_rur,2022,7.98
som,sex_m,age_ythadult_yge25,geo_cov_urb,2019,24.105
som,sex_m,age_ythadult_yge25,geo_cov_urb,2022,22.154
som,sex_t,age_aggregate_total,geo_cov_nat,2019,31.731
som,sex_t,age_aggregate_total,geo_cov_nat,2022,27.373
som,sex_t,age_aggregate_total,geo_cov_rur,2019,22.024
som,sex_t,age_aggregate_total,geo_cov_rur,2022,12.77
som,sex_t,age_aggregate_total,geo_cov_urb,2019,34.311
som,sex_t,age_aggregate_total,geo_cov_urb,2022,35.678
som,sex_t,age_aggregate_y15_24,geo_cov_nat,2019,51.612
som,sex_t,age_aggregate_y15_24,geo_cov_nat,2022,44.64
som,sex_t,age_aggregate_y15_24,geo_cov_rur,2019,35.369
som,sex_t,age_aggregate_y15_24,geo_cov_rur,2022,22.208
som,sex_t,age_aggregate_y15_24,geo_cov_urb,2019,55.649
som,sex_t,age_aggregate_y15_24,geo_cov_urb,2022,58.564
som,sex_t,age_aggregate_y25_54,geo_cov_nat,2019,27.279
som,sex_t,age_aggregate_y25_54,geo_cov_nat,2022,22.18
som,sex_t,age_aggregate_y25_54,geo_cov_rur,2019,19.397
som,sex_t,age_aggregate_y25_54,geo_cov_rur,2022,9.763
som,sex_t,age_aggregate_y25_54,geo_cov_urb,2019,29.455
som,sex_t,age_aggregate_y25_54,geo_cov_urb,2022,29.08
som,sex_t,age_aggregate_y55_64,geo_cov_nat,2019,21.731
som,sex_t,age_aggregate_y55_64,geo_cov_nat,2022,16.734
som,sex_t,age_aggregate_y55_64,geo_cov_rur,2019,14.994
som,sex_t,age_aggregate_y55_64,geo_cov_rur,2022,5.793
som,sex_t,age_aggregate_y55_64,geo_cov_urb,2019,23.331
som,sex_t,age_aggregate_y55_64,geo_cov_urb,2022,22.378
som,sex_t,age_aggregate_yge65,geo_cov_nat,2019,18.233
som,sex_t,age_aggregate_yge65,geo_cov_rur,2019,6.096
som,sex_t,age_aggregate_yge65,geo_cov_urb,2019,20.596
som,sex_t,age_ythadult_y15_24,geo_cov_nat,2019,51.612
som,sex_t,age_ythadult_y15_24,geo_cov_nat,2022,44.64
som,sex_t,age_ythadult_y15_24,geo_cov_rur,2019,35.369
som,sex_t,age_ythadult_y15_24,geo_cov_rur,2022,22.208
som,sex_t,age_ythadult_y15_24,geo_cov_urb,2019,55.649
som,sex_t,age_ythadult_y15_24,geo_cov_urb,2022,58.564
som,sex_t,age_ythadult_y15_64,geo_cov_nat,2019,32.04
som,sex_t,age_ythadult_y15_64,geo_cov_nat,2022,27.373
som,sex_t,age_ythadult_y15_64,geo_cov_rur,2019,22.305
som,sex_t,age_ythadult_y15_64,geo_cov_rur,2022,12.77
som,sex_t,age_ythadult_y15_64,geo_cov_urb,2019,34.643
som,sex_t,age_ythadult_y15_64,geo_cov_urb,2022,35.678
som,sex_t,age_ythadult_yge15,geo_cov_nat,2019,31.731
som,sex_t,age_ythadult_yge15,geo_cov_nat,2022,27.373
som,sex_t,age_ythadult_yge15,geo_cov_rur,2019,22.024
som,sex_t,age_ythadult_yge15,geo_cov_rur,2022,12.77
som,sex_t,age_ythadult_yge15,geo_cov_urb,2019,34.311
som,sex_t,age_ythadult_yge15,geo_cov_urb,2022,35.678
som,sex_t,age_ythadult_yge25,geo_cov_nat,2019,26.546
som,sex_t,age_ythadult_yge25,geo_cov_nat,2022,21.729
som,sex_t,age_ythadult_yge25,geo_cov_rur,2019,18.767
som,sex_t,age_ythadult_yge25,geo_cov_rur,2022,9.449
som,sex_t,age_ythadult_yge25,geo_cov_urb,2019,28.648
som,sex_t,age_ythadult_yge25,geo_cov_urb,2022,28.512
srb,sex_f,age_aggregate_total,geo_cov_nat,2007,23.69
srb,sex_f,age_aggregate_total,geo_cov_nat,2008,25.096
srb,sex_f,age_aggregate_total,geo_cov_nat,2009,27.394
srb,sex_f,age_aggregate_total,geo_cov_nat,2010,30.147
srb,sex_f,age_aggregate_total,geo_cov_nat,2011,32.871
srb,sex_f,age_aggregate_total,geo_cov_nat,2012,34.33
srb,sex_f,age_aggregate_total,geo_cov_nat,2013,32.897
srb,sex_f,age_aggregate_total,geo_cov_nat,2014,29.944
srb,sex_f,age_aggregate_total,geo_cov_nat,2015,29.646
srb,sex_f,age_aggregate_total,geo_cov_nat,2016,26.549
srb,sex_f,age_aggregate_total,geo_cov_nat,2017,22.565
srb,sex_f,age_aggregate_total,geo_cov_nat,2018,20.075
srb,sex_f,age_aggregate_total,geo_cov_nat,2019,17.531
srb,sex_f,age_aggregate_total,geo_cov_nat,2020,17.328
srb,sex_f,age_aggregate_total,geo_cov_nat,2021,16.251
srb,sex_f,age_aggregate_total,geo_cov_nat,2022,13.258
srb,sex_f,age_aggregate_total,geo_cov_nat,2023,12.846
srb,sex_f,age_aggregate_total,geo_cov_nat,2024,11.307
srb,sex_f,age_aggregate_total,geo_cov_rur,2008,22.958
srb,sex_f,age_aggregate_total,geo_cov_rur,2009,26.412
srb,sex_f,age_aggregate_total,geo_cov_rur,2010,29.073
srb,sex_f,age_aggregate_total,geo_cov_rur,2011,32.29
srb,sex_f,age_aggregate_total,geo_cov_rur,2012,33.089
srb,sex_f,age_aggregate_total,geo_cov_rur,2013,31.089
srb,sex_f,age_aggregate_total,geo_cov_rur,2014,28.574
srb,sex_f,age_aggregate_total,geo_cov_rur,2015,28.668
srb,sex_f,age_aggregate_total,geo_cov_rur,2016,23.704
srb,sex_f,age_aggregate_total,geo_cov_rur,2017,21.347
srb,sex_f,age_aggregate_total,geo_cov_rur,2018,18.717
srb,sex_f,age_aggregate_total,geo_cov_rur,2019,15.845
srb,sex_f,age_aggregate_total,geo_cov_rur,2020,16.264
srb,sex_f,age_aggregate_total,geo_cov_rur,2021,15.012
srb,sex_f,age_aggregate_total,geo_cov_rur,2022,11.694
srb,sex_f,age_aggregate_total,geo_cov_rur,2023,11.544
srb,sex_f,age_aggregate_total,geo_cov_rur,2024,10.026
srb,sex_f,age_aggregate_total,geo_cov_urb,2007,24.316
srb,sex_f,age_aggregate_total,geo_cov_urb,2008,26.657
srb,sex_f,age_aggregate_total,geo_cov_urb,2009,28.102
srb,sex_f,age_aggregate_total,geo_cov_urb,2010,30.892
srb,sex_f,age_aggregate_total,geo_cov_urb,2011,33.278
srb,sex_f,age_aggregate_total,geo_cov_urb,2012,35.149
srb,sex_f,age_aggregate_total,geo_cov_urb,2013,34.074
srb,sex_f,age_aggregate_total,geo_cov_urb,2014,30.781
srb,sex_f,age_aggregate_total,geo_cov_urb,2015,30.232
srb,sex_f,age_aggregate_total,geo_cov_urb,2016,28.258
srb,sex_f,age_aggregate_total,geo_cov_urb,2017,23.333
srb,sex_f,age_aggregate_total,geo_cov_urb,2018,20.921
srb,sex_f,age_aggregate_total,geo_cov_urb,2019,18.564
srb,sex_f,age_aggregate_total,geo_cov_urb,2020,18.029
srb,sex_f,age_aggregate_total,geo_cov_urb,2021,16.255
srb,sex_f,age_aggregate_total,geo_cov_urb,2022,16.375
srb,sex_f,age_aggregate_total,geo_cov_urb,2023,15.632
srb,sex_f,age_aggregate_total,geo_cov_urb,2024,14.053
srb,sex_f,age_aggregate_total,geo_cov_x,2007,22.755
srb,sex_f,age_aggregate_total,geo_cov_x,2021,19.487
srb,sex_f,age_aggregate_y15_24,geo_cov_nat,2007,54.374
srb,sex_f,age_aggregate_y15_24,geo_cov_nat,2008,53.59
srb,sex_f,age_aggregate_y15_24,geo_cov_nat,2009,56.958
srb,sex_f,age_aggregate_y15_24,geo_cov_nat,2010,59.082
srb,sex_f,age_aggregate_y15_24,geo_cov_nat,2011,65.438
srb,sex_f,age_aggregate_y15_24,geo_cov_nat,2012,66.356
srb,sex_f,age_aggregate_y15_24,geo_cov_nat,2013,67.169
srb,sex_f,age_aggregate_y15_24,geo_cov_nat,2014,62.543
srb,sex_f,age_aggregate_y15_24,geo_cov_nat,2015,61.849
srb,sex_f,age_aggregate_y15_24,geo_cov_nat,2016,54.953
srb,sex_f,age_aggregate_y15_24,geo_cov_nat,2017,47.728
srb,sex_f,age_aggregate_y15_24,geo_cov_nat,2018,41.705
srb,sex_f,age_aggregate_y15_24,geo_cov_nat,2019,39.596
srb,sex_f,age_aggregate_y15_24,geo_cov_nat,2020,42.394
srb,sex_f,age_aggregate_y15_24,geo_cov_nat,2021,34.836
srb,sex_f,age_aggregate_y15_24,geo_cov_nat,2022,31.425
srb,sex_f,age_aggregate_y15_24,geo_cov_nat,2023,31.698
srb,sex_f,age_aggregate_y15_24,geo_cov_nat,2024,29.368
srb,sex_f,age_aggregate_y15_24,geo_cov_rur,2008,53.491
srb,sex_f,age_aggregate_y15_24,geo_cov_rur,2009,58.421
srb,sex_f,age_aggregate_y15_24,geo_cov_rur,2010,57.38
srb,sex_f,age_aggregate_y15_24,geo_cov_rur,2011,62.115
srb,sex_f,age_aggregate_y15_24,geo_cov_rur,2012,61.577
srb,sex_f,age_aggregate_y15_24,geo_cov_rur,2013,61.508
srb,sex_f,age_aggregate_y15_24,geo_cov_rur,2014,57.874
srb,sex_f,age_aggregate_y15_24,geo_cov_rur,2015,59.344
srb,sex_f,age_aggregate_y15_24,geo_cov_rur,2016,52.797
srb,sex_f,age_aggregate_y15_24,geo_cov_rur,2017,50.325
srb,sex_f,age_aggregate_y15_24,geo_cov_rur,2018,40.95
srb,sex_f,age_aggregate_y15_24,geo_cov_rur,2019,38.991
srb,sex_f,age_aggregate_y15_24,geo_cov_rur,2020,36.846
srb,sex_f,age_aggregate_y15_24,geo_cov_rur,2021,34.301
srb,sex_f,age_aggregate_y15_24,geo_cov_rur,2022,26.803
srb,sex_f,age_aggregate_y15_24,geo_cov_rur,2023,27.862
srb,sex_f,age_aggregate_y15_24,geo_cov_rur,2024,25.578
srb,sex_f,age_aggregate_y15_24,geo_cov_urb,2007,55.975
srb,sex_f,age_aggregate_y15_24,geo_cov_urb,2008,53.666
srb,sex_f,age_aggregate_y15_24,geo_cov_urb,2009,55.695
srb,sex_f,age_aggregate_y15_24,geo_cov_urb,2010,60.488
srb,sex_f,age_aggregate_y15_24,geo_cov_urb,2011,68.28
srb,sex_f,age_aggregate_y15_24,geo_cov_urb,2012,69.95
srb,sex_f,age_aggregate_y15_24,geo_cov_urb,2013,72.279
srb,sex_f,age_aggregate_y15_24,geo_cov_urb,2014,66.952
srb,sex_f,age_aggregate_y15_24,geo_cov_urb,2015,64.024
srb,sex_f,age_aggregate_y15_24,geo_cov_urb,2016,56.774
srb,sex_f,age_aggregate_y15_24,geo_cov_urb,2017,45.46
srb,sex_f,age_aggregate_y15_24,geo_cov_urb,2018,42.424
srb,sex_f,age_aggregate_y15_24,geo_cov_urb,2019,40.158
srb,sex_f,age_aggregate_y15_24,geo_cov_urb,2020,47.429
srb,sex_f,age_aggregate_y15_24,geo_cov_urb,2021,39.822
srb,sex_f,age_aggregate_y15_24,geo_cov_urb,2022,39.94
srb,sex_f,age_aggregate_y15_24,geo_cov_urb,2023,39.163
srb,sex_f,age_aggregate_y15_24,geo_cov_urb,2024,37.298
srb,sex_f,age_aggregate_y15_24,geo_cov_x,2007,52.264
srb,sex_f,age_aggregate_y15_24,geo_cov_x,2021,34.442
srb,sex_f,age_aggregate_y25_54,geo_cov_nat,2007,21.765
srb,sex_f,age_aggregate_y25_54,geo_cov_nat,2008,23.869
srb,sex_f,age_aggregate_y25_54,geo_cov_nat,2009,26.743
srb,sex_f,age_aggregate_y25_54,geo_cov_nat,2010,29.471
srb,sex_f,age_aggregate_y25_54,geo_cov_nat,2011,31.192
srb,sex_f,age_aggregate_y25_54,geo_cov_nat,2012,32.627
srb,sex_f,age_aggregate_y25_54,geo_cov_nat,2013,31.977
srb,sex_f,age_aggregate_y25_54,geo_cov_nat,2014,28.594
srb,sex_f,age_aggregate_y25_54,geo_cov_nat,2015,27.514
srb,sex_f,age_aggregate_y25_54,geo_cov_nat,2016,25.014
srb,sex_f,age_aggregate_y25_54,geo_cov_nat,2017,21.632
srb,sex_f,age_aggregate_y25_54,geo_cov_nat,2018,19.282
srb,sex_f,age_aggregate_y25_54,geo_cov_nat,2019,16.449
srb,sex_f,age_aggregate_y25_54,geo_cov_nat,2020,16.384
srb,sex_f,age_aggregate_y25_54,geo_cov_nat,2021,15.566
srb,sex_f,age_aggregate_y25_54,geo_cov_nat,2022,12.402
srb,sex_f,age_aggregate_y25_54,geo_cov_nat,2023,12.207
srb,sex_f,age_aggregate_y25_54,geo_cov_nat,2024,10.333
srb,sex_f,age_aggregate_y25_54,geo_cov_rur,2008,24.76
srb,sex_f,age_aggregate_y25_54,geo_cov_rur,2009,28.634
srb,sex_f,age_aggregate_y25_54,geo_cov_rur,2010,31.74
srb,sex_f,age_aggregate_y25_54,geo_cov_rur,2011,33.576
srb,sex_f,age_aggregate_y25_54,geo_cov_rur,2012,34.519
srb,sex_f,age_aggregate_y25_54,geo_cov_rur,2013,33.219
srb,sex_f,age_aggregate_y25_54,geo_cov_rur,2014,29.798
srb,sex_f,age_aggregate_y25_54,geo_cov_rur,2015,28.649
srb,sex_f,age_aggregate_y25_54,geo_cov_rur,2016,24.412
srb,sex_f,age_aggregate_y25_54,geo_cov_rur,2017,22.263
srb,sex_f,age_aggregate_y25_54,geo_cov_rur,2018,19.644
srb,sex_f,age_aggregate_y25_54,geo_cov_rur,2019,16.555
srb,sex_f,age_aggregate_y25_54,geo_cov_rur,2020,17.369
srb,sex_f,age_aggregate_y25_54,geo_cov_rur,2021,14.296
srb,sex_f,age_aggregate_y25_54,geo_cov_rur,2022,10.868
srb,sex_f,age_aggregate_y25_54,geo_cov_rur,2023,10.901
srb,sex_f,age_aggregate_y25_54,geo_cov_rur,2024,9.113
srb,sex_f,age_aggregate_y25_54,geo_cov_urb,2007,20.391
srb,sex_f,age_aggregate_y25_54,geo_cov_urb,2008,23.33
srb,sex_f,age_aggregate_y25_54,geo_cov_urb,2009,25.59
srb,sex_f,age_aggregate_y25_54,geo_cov_urb,2010,28.093
srb,sex_f,age_aggregate_y25_54,geo_cov_urb,2011,29.7
srb,sex_f,age_aggregate_y25_54,geo_cov_urb,2012,31.482
srb,sex_f,age_aggregate_y25_54,geo_cov_urb,2013,31.289
srb,sex_f,age_aggregate_y25_54,geo_cov_urb,2014,27.966
srb,sex_f,age_aggregate_y25_54,geo_cov_urb,2015,26.919
srb,sex_f,age_aggregate_y25_54,geo_cov_urb,2016,25.325
srb,sex_f,age_aggregate_y25_54,geo_cov_urb,2017,21.29
srb,sex_f,age_aggregate_y25_54,geo_cov_urb,2018,19.088
srb,sex_f,age_aggregate_y25_54,geo_cov_urb,2019,16.393
srb,sex_f,age_aggregate_y25_54,geo_cov_urb,2020,15.818
srb,sex_f,age_aggregate_y25_54,geo_cov_urb,2021,14.542
srb,sex_f,age_aggregate_y25_54,geo_cov_urb,2022,15.335
srb,sex_f,age_aggregate_y25_54,geo_cov_urb,2023,14.718
srb,sex_f,age_aggregate_y25_54,geo_cov_urb,2024,12.766
srb,sex_f,age_aggregate_y25_54,geo_cov_x,2007,24.201
srb,sex_f,age_aggregate_y25_54,geo_cov_x,2021,19.004
srb,sex_f,age_aggregate_y55_64,geo_cov_nat,2007,19.279
srb,sex_f,age_aggregate_y55_64,geo_cov_nat,2008,18.305
srb,sex_f,age_aggregate_y55_64,geo_cov_nat,2009,18.417
srb,sex_f,age_aggregate_y55_64,geo_cov_nat,2010,23.001
srb,sex_f,age_aggregate_y55_64,geo_cov_nat,2011,28.646
srb,sex_f,age_aggregate_y55_64,geo_cov_nat,2012,30.538
srb,sex_f,age_aggregate_y55_64,geo_cov_nat,2013,25.634
srb,sex_f,age_aggregate_y55_64,geo_cov_nat,2014,24.792
srb,sex_f,age_aggregate_y55_64,geo_cov_nat,2015,26.927
srb,sex_f,age_aggregate_y55_64,geo_cov_nat,2016,23.201
srb,sex_f,age_aggregate_y55_64,geo_cov_nat,2017,18.18
srb,sex_f,age_aggregate_y55_64,geo_cov_nat,2018,17.304
srb,sex_f,age_aggregate_y55_64,geo_cov_nat,2019,15.475
srb,sex_f,age_aggregate_y55_64,geo_cov_nat,2020,14.389
srb,sex_f,age_aggregate_y55_64,geo_cov_nat,2021,13.684
srb,sex_f,age_aggregate_y55_64,geo_cov_nat,2022,11.041
srb,sex_f,age_aggregate_y55_64,geo_cov_nat,2023,9.933
srb,sex_f,age_aggregate_y55_64,geo_cov_nat,2024,9.921
srb,sex_f,age_aggregate_y55_64,geo_cov_rur,2008,8.324
srb,sex_f,age_aggregate_y55_64,geo_cov_rur,2009,9.429
srb,sex_f,age_aggregate_y55_64,geo_cov_rur,2010,13.739
srb,sex_f,age_aggregate_y55_64,geo_cov_rur,2011,20.628
srb,sex_f,age_aggregate_y55_64,geo_cov_rur,2012,21.259
srb,sex_f,age_aggregate_y55_64,geo_cov_rur,2013,19.235
srb,sex_f,age_aggregate_y55_64,geo_cov_rur,2014,16.844
srb,sex_f,age_aggregate_y55_64,geo_cov_rur,2015,18.926
srb,sex_f,age_aggregate_y55_64,geo_cov_rur,2016,13.873
srb,sex_f,age_aggregate_y55_64,geo_cov_rur,2017,12.185
srb,sex_f,age_aggregate_y55_64,geo_cov_rur,2018,11.878
srb,sex_f,age_aggregate_y55_64,geo_cov_rur,2019,9.603
srb,sex_f,age_aggregate_y55_64,geo_cov_rur,2020,10.385
srb,sex_f,age_aggregate_y55_64,geo_cov_rur,2021,12.329
srb,sex_f,age_aggregate_y55_64,geo_cov_rur,2022,9.628
srb,sex_f,age_aggregate_y55_64,geo_cov_rur,2023,8.751
srb,sex_f,age_aggregate_y55_64,geo_cov_rur,2024,8.539
srb,sex_f,age_aggregate_y55_64,geo_cov_urb,2007,28.709
srb,sex_f,age_aggregate_y55_64,geo_cov_urb,2008,28.752
srb,sex_f,age_aggregate_y55_64,geo_cov_urb,2009,26.635
srb,sex_f,age_aggregate_y55_64,geo_cov_urb,2010,30.196
srb,sex_f,age_aggregate_y55_64,geo_cov_urb,2011,35.129
srb,sex_f,age_aggregate_y55_64,geo_cov_urb,2012,36.998
srb,sex_f,age_aggregate_y55_64,geo_cov_urb,2013,30.658
srb,sex_f,age_aggregate_y55_64,geo_cov_urb,2014,30.961
srb,sex_f,age_aggregate_y55_64,geo_cov_urb,2015,32.99
srb,sex_f,age_aggregate_y55_64,geo_cov_urb,2016,30.239
srb,sex_f,age_aggregate_y55_64,geo_cov_urb,2017,22.998
srb,sex_f,age_aggregate_y55_64,geo_cov_urb,2018,21.396
srb,sex_f,age_aggregate_y55_64,geo_cov_urb,2019,19.43
srb,sex_f,age_aggregate_y55_64,geo_cov_urb,2020,17.209
srb,sex_f,age_aggregate_y55_64,geo_cov_urb,2021,16.224
srb,sex_f,age_aggregate_y55_64,geo_cov_urb,2022,14.074
srb,sex_f,age_aggregate_y55_64,geo_cov_urb,2023,13.121
srb,sex_f,age_aggregate_y55_64,geo_cov_urb,2024,13.166
srb,sex_f,age_aggregate_y55_64,geo_cov_x,2007,8.11
srb,sex_f,age_aggregate_y55_64,geo_cov_x,2021,17.125
srb,sex_f,age_aggregate_yge65,geo_cov_nat,2007,4.33
srb,sex_f,age_aggregate_yge65,geo_cov_nat,2008,5.203
srb,sex_f,age_aggregate_yge65,geo_cov_nat,2009,6.777
srb,sex_f,age_aggregate_yge65,geo_cov_nat,2010,7.083
srb,sex_f,age_aggregate_yge65,geo_cov_nat,2011,15.542
srb,sex_f,age_aggregate_yge65,geo_cov_nat,2012,14.009
srb,sex_f,age_aggregate_yge65,geo_cov_nat,2013,10.335
srb,sex_f,age_aggregate_yge65,geo_cov_nat,2014,10.685
srb,sex_f,age_aggregate_yge65,geo_cov_nat,2015,15.851
srb,sex_f,age_aggregate_yge65,geo_cov_nat,2016,16.101
srb,sex_f,age_aggregate_yge65,geo_cov_nat,2017,14.669
srb,sex_f,age_aggregate_yge65,geo_cov_nat,2018,11.921
srb,sex_f,age_aggregate_yge65,geo_cov_nat,2019,13.847
srb,sex_f,age_aggregate_yge65,geo_cov_nat,2020,12.151
srb,sex_f,age_aggregate_yge65,geo_cov_nat,2021,12.758
srb,sex_f,age_aggregate_yge65,geo_cov_nat,2022,12.401
srb,sex_f,age_aggregate_yge65,geo_cov_nat,2023,11.996
srb,sex_f,age_aggregate_yge65,geo_cov_nat,2024,10.1
srb,sex_f,age_aggregate_yge65,geo_cov_rur,2008,2.104
srb,sex_f,age_aggregate_yge65,geo_cov_rur,2009,2.694
srb,sex_f,age_aggregate_yge65,geo_cov_rur,2011,4.869
srb,sex_f,age_aggregate_yge65,geo_cov_rur,2012,5.135
srb,sex_f,age_aggregate_yge65,geo_cov_rur,2013,1.445
srb,sex_f,age_aggregate_yge65,geo_cov_rur,2014,1.774
srb,sex_f,age_aggregate_yge65,geo_cov_rur,2015,3.686
srb,sex_f,age_aggregate_yge65,geo_cov_rur,2016,3.703
srb,sex_f,age_aggregate_yge65,geo_cov_rur,2017,2.358
srb,sex_f,age_aggregate_yge65,geo_cov_rur,2018,1.969
srb,sex_f,age_aggregate_yge65,geo_cov_rur,2019,2.385
srb,sex_f,age_aggregate_yge65,geo_cov_rur,2020,3.497
srb,sex_f,age_aggregate_yge65,geo_cov_rur,2021,13.495
srb,sex_f,age_aggregate_yge65,geo_cov_rur,2022,13.109
srb,sex_f,age_aggregate_yge65,geo_cov_rur,2023,12.834
srb,sex_f,age_aggregate_yge65,geo_cov_rur,2024,10.287
srb,sex_f,age_aggregate_yge65,geo_cov_urb,2008,31.798
srb,sex_f,age_aggregate_yge65,geo_cov_urb,2009,37.372
srb,sex_f,age_aggregate_yge65,geo_cov_urb,2010,47.42
srb,sex_f,age_aggregate_yge65,geo_cov_urb,2011,72.413
srb,sex_f,age_aggregate_yge65,geo_cov_urb,2012,44.95
srb,sex_f,age_aggregate_yge65,geo_cov_urb,2013,64.559
srb,sex_f,age_aggregate_yge65,geo_cov_urb,2014,45.523
srb,sex_f,age_aggregate_yge65,geo_cov_urb,2015,44.644
srb,sex_f,age_aggregate_yge65,geo_cov_urb,2016,41.713
srb,sex_f,age_aggregate_yge65,geo_cov_urb,2017,42.151
srb,sex_f,age_aggregate_yge65,geo_cov_urb,2018,35.492
srb,sex_f,age_aggregate_yge65,geo_cov_urb,2019,40.279
srb,sex_f,age_aggregate_yge65,geo_cov_urb,2020,35.248
srb,sex_f,age_aggregate_yge65,geo_cov_urb,2021,9.378
srb,sex_f,age_aggregate_yge65,geo_cov_urb,2022,10.373
srb,sex_f,age_aggregate_yge65,geo_cov_urb,2023,8.6
srb,sex_f,age_aggregate_yge65,geo_cov_urb,2024,9.448
srb,sex_f,age_aggregate_yge65,geo_cov_x,2021,10.589
srb,sex_f,age_ythadult_y15_24,geo_cov_nat,2007,54.374
srb,sex_f,age_ythadult_y15_24,geo_cov_nat,2008,53.59
srb,sex_f,age_ythadult_y15_24,geo_cov_nat,2009,56.958
srb,sex_f,age_ythadult_y15_24,geo_cov_nat,2010,59.082
srb,sex_f,age_ythadult_y15_24,geo_cov_nat,2011,65.438
srb,sex_f,age_ythadult_y15_24,geo_cov_nat,2012,66.356
srb,sex_f,age_ythadult_y15_24,geo_cov_nat,2013,67.169
srb,sex_f,age_ythadult_y15_24,geo_cov_nat,2014,62.543
srb,sex_f,age_ythadult_y15_24,geo_cov_nat,2015,61.849
srb,sex_f,age_ythadult_y15_24,geo_cov_nat,2016,54.953
srb,sex_f,age_ythadult_y15_24,geo_cov_nat,2017,47.728
srb,sex_f,age_ythadult_y15_24,geo_cov_nat,2018,41.705
srb,sex_f,age_ythadult_y15_24,geo_cov_nat,2019,39.596
srb,sex_f,age_ythadult_y15_24,geo_cov_nat,2020,42.394
srb,sex_f,age_ythadult_y15_24,geo_cov_nat,2021,34.836
srb,sex_f,age_ythadult_y15_24,geo_cov_nat,2022,31.425
srb,sex_f,age_ythadult_y15_24,geo_cov_nat,2023,31.698
srb,sex_f,age_ythadult_y15_24,geo_cov_nat,2024,29.368
srb,sex_f,age_ythadult_y15_24,geo_cov_rur,2008,53.491
srb,sex_f,age_ythadult_y15_24,geo_cov_rur,2009,58.421
srb,sex_f,age_ythadult_y15_24,geo_cov_rur,2010,57.38
srb,sex_f,age_ythadult_y15_24,geo_cov_rur,2011,62.115
srb,sex_f,age_ythadult_y15_24,geo_cov_rur,2012,61.577
srb,sex_f,age_ythadult_y15_24,geo_cov_rur,2013,61.508
srb,sex_f,age_ythadult_y15_24,geo_cov_rur,2014,57.874
srb,sex_f,age_ythadult_y15_24,geo_cov_rur,2015,59.344
srb,sex_f,age_ythadult_y15_24,geo_cov_rur,2016,52.797
srb,sex_f,age_ythadult_y15_24,geo_cov_rur,2017,50.325
srb,sex_f,age_ythadult_y15_24,geo_cov_rur,2018,40.95
srb,sex_f,age_ythadult_y15_24,geo_cov_rur,2019,38.991
srb,sex_f,age_ythadult_y15_24,geo_cov_rur,2020,36.846
srb,sex_f,age_ythadult_y15_24,geo_cov_rur,2021,34.301
srb,sex_f,age_ythadult_y15_24,geo_cov_rur,2022,26.803
srb,sex_f,age_ythadult_y15_24,geo_cov_rur,2023,27.862
srb,sex_f,age_ythadult_y15_24,geo_cov_rur,2024,25.578
srb,sex_f,age_ythadult_y15_24,geo_cov_urb,2007,55.975
srb,sex_f,age_ythadult_y15_24,geo_cov_urb,2008,53.666
srb,sex_f,age_ythadult_y15_24,geo_cov_urb,2009,55.695
srb,sex_f,age_ythadult_y15_24,geo_cov_urb,2010,60.488
srb,sex_f,age_ythadult_y15_24,geo_cov_urb,2011,68.28
srb,sex_f,age_ythadult_y15_24,geo_cov_urb,2012,69.95
srb,sex_f,age_ythadult_y15_24,geo_cov_urb,2013,72.279
srb,sex_f,age_ythadult_y15_24,geo_cov_urb,2014,66.952
srb,sex_f,age_ythadult_y15_24,geo_cov_urb,2015,64.024
srb,sex_f,age_ythadult_y15_24,geo_cov_urb,2016,56.774
srb,sex_f,age_ythadult_y15_24,geo_cov_urb,2017,45.46
srb,sex_f,age_ythadult_y15_24,geo_cov_urb,2018,42.424
srb,sex_f,age_ythadult_y15_24,geo_cov_urb,2019,40.158
srb,sex_f,age_ythadult_y15_24,geo_cov_urb,2020,47.429
srb,sex_f,age_ythadult_y15_24,geo_cov_urb,2021,39.822
srb,sex_f,age_ythadult_y15_24,geo_cov_urb,2022,39.94
srb,sex_f,age_ythadult_y15_24,geo_cov_urb,2023,39.163
srb,sex_f,age_ythadult_y15_24,geo_cov_urb,2024,37.298
srb,sex_f,age_ythadult_y15_24,geo_cov_x,2007,52.264
srb,sex_f,age_ythadult_y15_24,geo_cov_x,2021,34.442
srb,sex_f,age_ythadult_y15_64,geo_cov_nat,2007,24.643
srb,sex_f,age_ythadult_y15_64,geo_cov_nat,2008,26.105
srb,sex_f,age_ythadult_y15_64,geo_cov_nat,2009,28.289
srb,sex_f,age_ythadult_y15_64,geo_cov_nat,2010,31.059
srb,sex_f,age_ythadult_y15_64,geo_cov_nat,2011,33.386
srb,sex_f,age_ythadult_y15_64,geo_cov_nat,2012,34.934
srb,sex_f,age_ythadult_y15_64,geo_cov_nat,2013,33.695
srb,sex_f,age_ythadult_y15_64,geo_cov_nat,2014,30.56
srb,sex_f,age_ythadult_y15_64,geo_cov_nat,2015,30.049
srb,sex_f,age_ythadult_y15_64,geo_cov_nat,2016,26.966
srb,sex_f,age_ythadult_y15_64,geo_cov_nat,2017,22.888
srb,sex_f,age_ythadult_y15_64,geo_cov_nat,2018,20.404
srb,sex_f,age_ythadult_y15_64,geo_cov_nat,2019,17.708
srb,sex_f,age_ythadult_y15_64,geo_cov_nat,2020,17.593
srb,sex_f,age_ythadult_y15_64,geo_cov_nat,2021,16.472
srb,sex_f,age_ythadult_y15_64,geo_cov_nat,2022,13.315
srb,sex_f,age_ythadult_y15_64,geo_cov_nat,2023,12.912
srb,sex_f,age_ythadult_y15_64,geo_cov_nat,2024,11.41
srb,sex_f,age_ythadult_y15_64,geo_cov_rur,2008,25.339
srb,sex_f,age_ythadult_y15_64,geo_cov_rur,2009,28.691
srb,sex_f,age_ythadult_y15_64,geo_cov_rur,2010,31.548
srb,sex_f,age_ythadult_y15_64,geo_cov_rur,2011,34.01
srb,sex_f,age_ythadult_y15_64,geo_cov_rur,2012,34.76
srb,sex_f,age_ythadult_y15_64,geo_cov_rur,2013,33.473
srb,sex_f,age_ythadult_y15_64,geo_cov_rur,2014,30.44
srb,sex_f,age_ythadult_y15_64,geo_cov_rur,2015,30.071
srb,sex_f,age_ythadult_y15_64,geo_cov_rur,2016,25.185
srb,sex_f,age_ythadult_y15_64,geo_cov_rur,2017,22.779
srb,sex_f,age_ythadult_y15_64,geo_cov_rur,2018,19.999
srb,sex_f,age_ythadult_y15_64,geo_cov_rur,2019,17.081
srb,sex_f,age_ythadult_y15_64,geo_cov_rur,2020,17.511
srb,sex_f,age_ythadult_y15_64,geo_cov_rur,2021,15.125
srb,sex_f,age_ythadult_y15_64,geo_cov_rur,2022,11.588
srb,sex_f,age_ythadult_y15_64,geo_cov_rur,2023,11.425
srb,sex_f,age_ythadult_y15_64,geo_cov_rur,2024,10
srb,sex_f,age_ythadult_y15_64,geo_cov_urb,2007,24.364
srb,sex_f,age_ythadult_y15_64,geo_cov_urb,2008,26.612
srb,sex_f,age_ythadult_y15_64,geo_cov_urb,2009,28.023
srb,sex_f,age_ythadult_y15_64,geo_cov_urb,2010,30.744
srb,sex_f,age_ythadult_y15_64,geo_cov_urb,2011,32.972
srb,sex_f,age_ythadult_y15_64,geo_cov_urb,2012,35.043
srb,sex_f,age_ythadult_y15_64,geo_cov_urb,2013,33.83
srb,sex_f,age_ythadult_y15_64,geo_cov_urb,2014,30.63
srb,sex_f,age_ythadult_y15_64,geo_cov_urb,2015,30.035
srb,sex_f,age_ythadult_y15_64,geo_cov_urb,2016,27.983
srb,sex_f,age_ythadult_y15_64,geo_cov_urb,2017,22.952
srb,sex_f,age_ythadult_y15_64,geo_cov_urb,2018,20.643
srb,sex_f,age_ythadult_y15_64,geo_cov_urb,2019,18.068
srb,sex_f,age_ythadult_y15_64,geo_cov_urb,2020,17.643
srb,sex_f,age_ythadult_y15_64,geo_cov_urb,2021,16.585
srb,sex_f,age_ythadult_y15_64,geo_cov_urb,2022,16.681
srb,sex_f,age_ythadult_y15_64,geo_cov_urb,2023,15.96
srb,sex_f,age_ythadult_y15_64,geo_cov_urb,2024,14.321
srb,sex_f,age_ythadult_y15_64,geo_cov_x,2007,25.1
srb,sex_f,age_ythadult_y15_64,geo_cov_x,2021,19.846
srb,sex_f,age_ythadult_yge15,geo_cov_nat,2007,23.69
srb,sex_f,age_ythadult_yge15,geo_cov_nat,2008,25.096
srb,sex_f,age_ythadult_yge15,geo_cov_nat,2009,27.394
srb,sex_f,age_ythadult_yge15,geo_cov_nat,2010,30.147
srb,sex_f,age_ythadult_yge15,geo_cov_nat,2011,32.871
srb,sex_f,age_ythadult_yge15,geo_cov_nat,2012,34.33
srb,sex_f,age_ythadult_yge15,geo_cov_nat,2013,32.897
srb,sex_f,age_ythadult_yge15,geo_cov_nat,2014,29.944
srb,sex_f,age_ythadult_yge15,geo_cov_nat,2015,29.646
srb,sex_f,age_ythadult_yge15,geo_cov_nat,2016,26.549
srb,sex_f,age_ythadult_yge15,geo_cov_nat,2017,22.565
srb,sex_f,age_ythadult_yge15,geo_cov_nat,2018,20.075
srb,sex_f,age_ythadult_yge15,geo_cov_nat,2019,17.531
srb,sex_f,age_ythadult_yge15,geo_cov_nat,2020,17.328
srb,sex_f,age_ythadult_yge15,geo_cov_nat,2021,16.251
srb,sex_f,age_ythadult_yge15,geo_cov_nat,2022,13.258
srb,sex_f,age_ythadult_yge15,geo_cov_nat,2023,12.846
srb,sex_f,age_ythadult_yge15,geo_cov_nat,2024,11.307
srb,sex_f,age_ythadult_yge15,geo_cov_rur,2008,22.958
srb,sex_f,age_ythadult_yge15,geo_cov_rur,2009,26.412
srb,sex_f,age_ythadult_yge15,geo_cov_rur,2010,29.073
srb,sex_f,age_ythadult_yge15,geo_cov_rur,2011,32.29
srb,sex_f,age_ythadult_yge15,geo_cov_rur,2012,33.089
srb,sex_f,age_ythadult_yge15,geo_cov_rur,2013,31.089
srb,sex_f,age_ythadult_yge15,geo_cov_rur,2014,28.574
srb,sex_f,age_ythadult_yge15,geo_cov_rur,2015,28.668
srb,sex_f,age_ythadult_yge15,geo_cov_rur,2016,23.704
srb,sex_f,age_ythadult_yge15,geo_cov_rur,2017,21.347
srb,sex_f,age_ythadult_yge15,geo_cov_rur,2018,18.717
srb,sex_f,age_ythadult_yge15,geo_cov_rur,2019,15.845
srb,sex_f,age_ythadult_yge15,geo_cov_rur,2020,16.264
srb,sex_f,age_ythadult_yge15,geo_cov_rur,2021,15.012
srb,sex_f,age_ythadult_yge15,geo_cov_rur,2022,11.694
srb,sex_f,age_ythadult_yge15,geo_cov_rur,2023,11.544
srb,sex_f,age_ythadult_yge15,geo_cov_rur,2024,10.026
srb,sex_f,age_ythadult_yge15,geo_cov_urb,2007,24.316
srb,sex_f,age_ythadult_yge15,geo_cov_urb,2008,26.657
srb,sex_f,age_ythadult_yge15,geo_cov_urb,2009,28.102
srb,sex_f,age_ythadult_yge15,geo_cov_urb,2010,30.892
srb,sex_f,age_ythadult_yge15,geo_cov_urb,2011,33.278
srb,sex_f,age_ythadult_yge15,geo_cov_urb,2012,35.149
srb,sex_f,age_ythadult_yge15,geo_cov_urb,2013,34.074
srb,sex_f,age_ythadult_yge15,geo_cov_urb,2014,30.781
srb,sex_f,age_ythadult_yge15,geo_cov_urb,2015,30.232
srb,sex_f,age_ythadult_yge15,geo_cov_urb,2016,28.258
srb,sex_f,age_ythadult_yge15,geo_cov_urb,2017,23.333
srb,sex_f,age_ythadult_yge15,geo_cov_urb,2018,20.921
srb,sex_f,age_ythadult_yge15,geo_cov_urb,2019,18.564
srb,sex_f,age_ythadult_yge15,geo_cov_urb,2020,18.029
srb,sex_f,age_ythadult_yge15,geo_cov_urb,2021,16.255
srb,sex_f,age_ythadult_yge15,geo_cov_urb,2022,16.375
srb,sex_f,age_ythadult_yge15,geo_cov_urb,2023,15.632
srb,sex_f,age_ythadult_yge15,geo_cov_urb,2024,14.053
srb,sex_f,age_ythadult_yge15,geo_cov_x,2007,22.755
srb,sex_f,age_ythadult_yge15,geo_cov_x,2021,19.487
srb,sex_f,age_ythadult_yge25,geo_cov_nat,2007,20.569
srb,sex_f,age_ythadult_yge25,geo_cov_nat,2008,22.191
srb,sex_f,age_ythadult_yge25,geo_cov_nat,2009,24.73
srb,sex_f,age_ythadult_yge25,geo_cov_nat,2010,27.663
srb,sex_f,age_ythadult_yge25,geo_cov_nat,2011,30.334
srb,sex_f,age_ythadult_yge25,geo_cov_nat,2012,31.721
srb,sex_f,age_ythadult_yge25,geo_cov_nat,2013,30.188
srb,sex_f,age_ythadult_yge25,geo_cov_nat,2014,27.465
srb,sex_f,age_ythadult_yge25,geo_cov_nat,2015,27.074
srb,sex_f,age_ythadult_yge25,geo_cov_nat,2016,24.361
srb,sex_f,age_ythadult_yge25,geo_cov_nat,2017,20.778
srb,sex_f,age_ythadult_yge25,geo_cov_nat,2018,18.653
srb,sex_f,age_ythadult_yge25,geo_cov_nat,2019,16.156
srb,sex_f,age_ythadult_yge25,geo_cov_nat,2020,15.818
srb,sex_f,age_ythadult_yge25,geo_cov_nat,2021,15.05
srb,sex_f,age_ythadult_yge25,geo_cov_nat,2022,12.148
srb,sex_f,age_ythadult_yge25,geo_cov_nat,2023,11.745
srb,sex_f,age_ythadult_yge25,geo_cov_nat,2024,10.233
srb,sex_f,age_ythadult_yge25,geo_cov_rur,2008,19.737
srb,sex_f,age_ythadult_yge25,geo_cov_rur,2009,23.193
srb,sex_f,age_ythadult_yge25,geo_cov_rur,2010,26.364
srb,sex_f,age_ythadult_yge25,geo_cov_rur,2011,29.666
srb,sex_f,age_ythadult_yge25,geo_cov_rur,2012,30.565
srb,sex_f,age_ythadult_yge25,geo_cov_rur,2013,28.148
srb,sex_f,age_ythadult_yge25,geo_cov_rur,2014,25.658
srb,sex_f,age_ythadult_yge25,geo_cov_rur,2015,25.566
srb,sex_f,age_ythadult_yge25,geo_cov_rur,2016,20.924
srb,sex_f,age_ythadult_yge25,geo_cov_rur,2017,18.828
srb,sex_f,age_ythadult_yge25,geo_cov_rur,2018,16.827
srb,sex_f,age_ythadult_yge25,geo_cov_rur,2019,13.986
srb,sex_f,age_ythadult_yge25,geo_cov_rur,2020,14.758
srb,sex_f,age_ythadult_yge25,geo_cov_rur,2021,13.865
srb,sex_f,age_ythadult_yge25,geo_cov_rur,2022,10.798
srb,sex_f,age_ythadult_yge25,geo_cov_rur,2023,10.622
srb,sex_f,age_ythadult_yge25,geo_cov_rur,2024,9.108
srb,sex_f,age_ythadult_yge25,geo_cov_urb,2007,21.276
srb,sex_f,age_ythadult_yge25,geo_cov_urb,2008,23.974
srb,sex_f,age_ythadult_yge25,geo_cov_urb,2009,25.821
srb,sex_f,age_ythadult_yge25,geo_cov_urb,2010,28.55
srb,sex_f,age_ythadult_yge25,geo_cov_urb,2011,30.794
srb,sex_f,age_ythadult_yge25,geo_cov_urb,2012,32.474
srb,sex_f,age_ythadult_yge25,geo_cov_urb,2013,31.481
srb,sex_f,age_ythadult_yge25,geo_cov_urb,2014,28.531
srb,sex_f,age_ythadult_yge25,geo_cov_urb,2015,27.948
srb,sex_f,age_ythadult_yge25,geo_cov_urb,2016,26.372
srb,sex_f,age_ythadult_yge25,geo_cov_urb,2017,21.977
srb,sex_f,age_ythadult_yge25,geo_cov_urb,2018,19.758
srb,sex_f,age_ythadult_yge25,geo_cov_urb,2019,17.45
srb,sex_f,age_ythadult_yge25,geo_cov_urb,2020,16.501
srb,sex_f,age_ythadult_yge25,geo_cov_urb,2021,14.561
srb,sex_f,age_ythadult_yge25,geo_cov_urb,2022,14.854
srb,sex_f,age_ythadult_yge25,geo_cov_urb,2023,14.162
srb,sex_f,age_ythadult_yge25,geo_cov_urb,2024,12.646
srb,sex_f,age_ythadult_yge25,geo_cov_x,2007,19.499
srb,sex_f,age_ythadult_yge25,geo_cov_x,2021,18.352
srb,sex_m,age_aggregate_total,geo_cov_nat,2007,16.11
srb,sex_m,age_aggregate_total,geo_cov_nat,2008,17.086
srb,sex_m,age_aggregate_total,geo_cov_nat,2009,20.626
srb,sex_m,age_aggregate_total,geo_cov_nat,2010,25.423
srb,sex_m,age_aggregate_total,geo_cov_nat,2011,28.718
srb,sex_m,age_aggregate_total,geo_cov_nat,2012,29.439
srb,sex_m,age_aggregate_total,geo_cov_nat,2013,26.687
srb,sex_m,age_aggregate_total,geo_cov_nat,2014,24.831
srb,sex_m,age_aggregate_total,geo_cov_nat,2015,24.462
srb,sex_m,age_aggregate_total,geo_cov_nat,2016,21.704
srb,sex_m,age_aggregate_total,geo_cov_nat,2017,19.153
srb,sex_m,age_aggregate_total,geo_cov_nat,2018,16.395
srb,sex_m,age_aggregate_total,geo_cov_nat,2019,14.577
srb,sex_m,age_aggregate_total,geo_cov_nat,2020,15.068
srb,sex_m,age_aggregate_total,geo_cov_nat,2021,13.492
srb,sex_m,age_aggregate_total,geo_cov_nat,2022,11.409
srb,sex_m,age_aggregate_total,geo_cov_nat,2023,11.493
srb,sex_m,age_aggregate_total,geo_cov_nat,2024,10.331
srb,sex_m,age_aggregate_total,geo_cov_rur,2008,12.695
srb,sex_m,age_aggregate_total,geo_cov_rur,2009,16.014
srb,sex_m,age_aggregate_total,geo_cov_rur,2010,21.024
srb,sex_m,age_aggregate_total,geo_cov_rur,2011,24.634
srb,sex_m,age_aggregate_total,geo_cov_rur,2012,24.107
srb,sex_m,age_aggregate_total,geo_cov_rur,2013,22.189
srb,sex_m,age_aggregate_total,geo_cov_rur,2014,21.169
srb,sex_m,age_aggregate_total,geo_cov_rur,2015,21.125
srb,sex_m,age_aggregate_total,geo_cov_rur,2016,16.963
srb,sex_m,age_aggregate_total,geo_cov_rur,2017,15.665
srb,sex_m,age_aggregate_total,geo_cov_rur,2018,14.079
srb,sex_m,age_aggregate_total,geo_cov_rur,2019,11.954
srb,sex_m,age_aggregate_total,geo_cov_rur,2020,12.497
srb,sex_m,age_aggregate_total,geo_cov_rur,2021,11.854
srb,sex_m,age_aggregate_total,geo_cov_rur,2022,9.825
srb,sex_m,age_aggregate_total,geo_cov_rur,2023,10.025
srb,sex_m,age_aggregate_total,geo_cov_rur,2024,9.044
srb,sex_m,age_aggregate_total,geo_cov_urb,2007,18.977
srb,sex_m,age_aggregate_total,geo_cov_urb,2008,20.859
srb,sex_m,age_aggregate_total,geo_cov_urb,2009,24.67
srb,sex_m,age_aggregate_total,geo_cov_urb,2010,29.095
srb,sex_m,age_aggregate_total,geo_cov_urb,2011,32.191
srb,sex_m,age_aggregate_total,geo_cov_urb,2012,33.953
srb,sex_m,age_aggregate_total,geo_cov_urb,2013,30.238
srb,sex_m,age_aggregate_total,geo_cov_urb,2014,27.592
srb,sex_m,age_aggregate_total,geo_cov_urb,2015,27.009
srb,sex_m,age_aggregate_total,geo_cov_urb,2016,25.267
srb,sex_m,age_aggregate_total,geo_cov_urb,2017,21.878
srb,sex_m,age_aggregate_total,geo_cov_urb,2018,18.179
srb,sex_m,age_aggregate_total,geo_cov_urb,2019,16.608
srb,sex_m,age_aggregate_total,geo_cov_urb,2020,17.148
srb,sex_m,age_aggregate_total,geo_cov_urb,2021,15.612
srb,sex_m,age_aggregate_total,geo_cov_urb,2022,14.607
srb,sex_m,age_aggregate_total,geo_cov_urb,2023,14.609
srb,sex_m,age_aggregate_total,geo_cov_urb,2024,13.04
srb,sex_m,age_aggregate_total,geo_cov_x,2007,12.572
srb,sex_m,age_aggregate_total,geo_cov_x,2021,17.076
srb,sex_m,age_aggregate_y15_24,geo_cov_nat,2007,44.356
srb,sex_m,age_aggregate_y15_24,geo_cov_nat,2008,38.841
srb,sex_m,age_aggregate_y15_24,geo_cov_nat,2009,46.971
srb,sex_m,age_aggregate_y15_24,geo_cov_nat,2010,53.971
srb,sex_m,age_aggregate_y15_24,geo_cov_nat,2011,54.94
srb,sex_m,age_aggregate_y15_24,geo_cov_nat,2012,55.401
srb,sex_m,age_aggregate_y15_24,geo_cov_nat,2013,52.483
srb,sex_m,age_aggregate_y15_24,geo_cov_nat,2014,54.821
srb,sex_m,age_aggregate_y15_24,geo_cov_nat,2015,51.612
srb,sex_m,age_aggregate_y15_24,geo_cov_nat,2016,43.334
srb,sex_m,age_aggregate_y15_24,geo_cov_nat,2017,39.267
srb,sex_m,age_aggregate_y15_24,geo_cov_nat,2018,35.229
srb,sex_m,age_aggregate_y15_24,geo_cov_nat,2019,33.117
srb,sex_m,age_aggregate_y15_24,geo_cov_nat,2020,37.971
srb,sex_m,age_aggregate_y15_24,geo_cov_nat,2021,29.174
srb,sex_m,age_aggregate_y15_24,geo_cov_nat,2022,27.196
srb,sex_m,age_aggregate_y15_24,geo_cov_nat,2023,27.815
srb,sex_m,age_aggregate_y15_24,geo_cov_nat,2024,25.967
srb,sex_m,age_aggregate_y15_24,geo_cov_rur,2008,32.769
srb,sex_m,age_aggregate_y15_24,geo_cov_rur,2009,41.066
srb,sex_m,age_aggregate_y15_24,geo_cov_rur,2010,44.999
srb,sex_m,age_aggregate_y15_24,geo_cov_rur,2011,48.207
srb,sex_m,age_aggregate_y15_24,geo_cov_rur,2012,45.442
srb,sex_m,age_aggregate_y15_24,geo_cov_rur,2013,46.471
srb,sex_m,age_aggregate_y15_24,geo_cov_rur,2014,46.688
srb,sex_m,age_aggregate_y15_24,geo_cov_rur,2015,45.316
srb,sex_m,age_aggregate_y15_24,geo_cov_rur,2016,34.34
srb,sex_m,age_aggregate_y15_24,geo_cov_rur,2017,34.02
srb,sex_m,age_aggregate_y15_24,geo_cov_rur,2018,28.69
srb,sex_m,age_aggregate_y15_24,geo_cov_rur,2019,28.037
srb,sex_m,age_aggregate_y15_24,geo_cov_rur,2020,35.054
srb,sex_m,age_aggregate_y15_24,geo_cov_rur,2021,24.899
srb,sex_m,age_aggregate_y15_24,geo_cov_rur,2022,22.504
srb,sex_m,age_aggregate_y15_24,geo_cov_rur,2023,23.643
srb,sex_m,age_aggregate_y15_24,geo_cov_rur,2024,23.534
srb,sex_m,age_aggregate_y15_24,geo_cov_urb,2007,49.037
srb,sex_m,age_aggregate_y15_24,geo_cov_urb,2008,45.319
srb,sex_m,age_aggregate_y15_24,geo_cov_urb,2009,53.29
srb,sex_m,age_aggregate_y15_24,geo_cov_urb,2010,61.818
srb,sex_m,age_aggregate_y15_24,geo_cov_urb,2011,61.593
srb,sex_m,age_aggregate_y15_24,geo_cov_urb,2012,66.061
srb,sex_m,age_aggregate_y15_24,geo_cov_urb,2013,57.914
srb,sex_m,age_aggregate_y15_24,geo_cov_urb,2014,62.128
srb,sex_m,age_aggregate_y15_24,geo_cov_urb,2015,58.184
srb,sex_m,age_aggregate_y15_24,geo_cov_urb,2016,51.605
srb,sex_m,age_aggregate_y15_24,geo_cov_urb,2017,44.23
srb,sex_m,age_aggregate_y15_24,geo_cov_urb,2018,41.514
srb,sex_m,age_aggregate_y15_24,geo_cov_urb,2019,38.666
srb,sex_m,age_aggregate_y15_24,geo_cov_urb,2020,40.975
srb,sex_m,age_aggregate_y15_24,geo_cov_urb,2021,36.815
srb,sex_m,age_aggregate_y15_24,geo_cov_urb,2022,36.498
srb,sex_m,age_aggregate_y15_24,geo_cov_urb,2023,35.857
srb,sex_m,age_aggregate_y15_24,geo_cov_urb,2024,30.897
srb,sex_m,age_aggregate_y15_24,geo_cov_x,2007,38.513
srb,sex_m,age_aggregate_y15_24,geo_cov_x,2021,37.619
srb,sex_m,age_aggregate_y25_54,geo_cov_nat,2007,12.983
srb,sex_m,age_aggregate_y25_54,geo_cov_nat,2008,15.167
srb,sex_m,age_aggregate_y25_54,geo_cov_nat,2009,18.283
srb,sex_m,age_aggregate_y25_54,geo_cov_nat,2010,22.695
srb,sex_m,age_aggregate_y25_54,geo_cov_nat,2011,26.418
srb,sex_m,age_aggregate_y25_54,geo_cov_nat,2012,26.658
srb,sex_m,age_aggregate_y25_54,geo_cov_nat,2013,24.428
srb,sex_m,age_aggregate_y25_54,geo_cov_nat,2014,22.007
srb,sex_m,age_aggregate_y25_54,geo_cov_nat,2015,21.656
srb,sex_m,age_aggregate_y25_54,geo_cov_nat,2016,19.988
srb,sex_m,age_aggregate_y25_54,geo_cov_nat,2017,17.569
srb,sex_m,age_aggregate_y25_54,geo_cov_nat,2018,15.021
srb,sex_m,age_aggregate_y25_54,geo_cov_nat,2019,13.39
srb,sex_m,age_aggregate_y25_54,geo_cov_nat,2020,13.338
srb,sex_m,age_aggregate_y25_54,geo_cov_nat,2021,12.104
srb,sex_m,age_aggregate_y25_54,geo_cov_nat,2022,10.127
srb,sex_m,age_aggregate_y25_54,geo_cov_nat,2023,9.688
srb,sex_m,age_aggregate_y25_54,geo_cov_nat,2024,8.947
srb,sex_m,age_aggregate_y25_54,geo_cov_rur,2008,11.118
srb,sex_m,age_aggregate_y25_54,geo_cov_rur,2009,14.615
srb,sex_m,age_aggregate_y25_54,geo_cov_rur,2010,19.696
srb,sex_m,age_aggregate_y25_54,geo_cov_rur,2011,23.012
srb,sex_m,age_aggregate_y25_54,geo_cov_rur,2012,22.596
srb,sex_m,age_aggregate_y25_54,geo_cov_rur,2013,21.191
srb,sex_m,age_aggregate_y25_54,geo_cov_rur,2014,20.082
srb,sex_m,age_aggregate_y25_54,geo_cov_rur,2015,19.851
srb,sex_m,age_aggregate_y25_54,geo_cov_rur,2016,16.847
srb,sex_m,age_aggregate_y25_54,geo_cov_rur,2017,15.335
srb,sex_m,age_aggregate_y25_54,geo_cov_rur,2018,14.415
srb,sex_m,age_aggregate_y25_54,geo_cov_rur,2019,11.922
srb,sex_m,age_aggregate_y25_54,geo_cov_rur,2020,11.174
srb,sex_m,age_aggregate_y25_54,geo_cov_rur,2021,10.403
srb,sex_m,age_aggregate_y25_54,geo_cov_rur,2022,8.612
srb,sex_m,age_aggregate_y25_54,geo_cov_rur,2023,8.221
srb,sex_m,age_aggregate_y25_54,geo_cov_rur,2024,7.43
srb,sex_m,age_aggregate_y25_54,geo_cov_urb,2007,14.816
srb,sex_m,age_aggregate_y25_54,geo_cov_urb,2008,18.116
srb,sex_m,age_aggregate_y25_54,geo_cov_urb,2009,21.063
srb,sex_m,age_aggregate_y25_54,geo_cov_urb,2010,24.963
srb,sex_m,age_aggregate_y25_54,geo_cov_urb,2011,29.064
srb,sex_m,age_aggregate_y25_54,geo_cov_urb,2012,29.774
srb,sex_m,age_aggregate_y25_54,geo_cov_urb,2013,26.694
srb,sex_m,age_aggregate_y25_54,geo_cov_urb,2014,23.28
srb,sex_m,age_aggregate_y25_54,geo_cov_urb,2015,22.863
srb,sex_m,age_aggregate_y25_54,geo_cov_urb,2016,22.038
srb,sex_m,age_aggregate_y25_54,geo_cov_urb,2017,19.075
srb,sex_m,age_aggregate_y25_54,geo_cov_urb,2018,15.425
srb,sex_m,age_aggregate_y25_54,geo_cov_urb,2019,14.359
srb,sex_m,age_aggregate_y25_54,geo_cov_urb,2020,14.841
srb,sex_m,age_aggregate_y25_54,geo_cov_urb,2021,14.231
srb,sex_m,age_aggregate_y25_54,geo_cov_urb,2022,13.044
srb,sex_m,age_aggregate_y25_54,geo_cov_urb,2023,12.507
srb,sex_m,age_aggregate_y25_54,geo_cov_urb,2024,11.933
srb,sex_m,age_aggregate_y25_54,geo_cov_x,2007,10.464
srb,sex_m,age_aggregate_y25_54,geo_cov_x,2021,15.599
srb,sex_m,age_aggregate_y55_64,geo_cov_nat,2007,13.374
srb,sex_m,age_aggregate_y55_64,geo_cov_nat,2008,15.614
srb,sex_m,age_aggregate_y55_64,geo_cov_nat,2009,20.846
srb,sex_m,age_aggregate_y55_64,geo_cov_nat,2010,24.627
srb,sex_m,age_aggregate_y55_64,geo_cov_nat,2011,25.795
srb,sex_m,age_aggregate_y55_64,geo_cov_nat,2012,28.101
srb,sex_m,age_aggregate_y55_64,geo_cov_nat,2013,26.267
srb,sex_m,age_aggregate_y55_64,geo_cov_nat,2014,24.029
srb,sex_m,age_aggregate_y55_64,geo_cov_nat,2015,24.2
srb,sex_m,age_aggregate_y55_64,geo_cov_nat,2016,20.115
srb,sex_m,age_aggregate_y55_64,geo_cov_nat,2017,18.165
srb,sex_m,age_aggregate_y55_64,geo_cov_nat,2018,15.93
srb,sex_m,age_aggregate_y55_64,geo_cov_nat,2019,12.377
srb,sex_m,age_aggregate_y55_64,geo_cov_nat,2020,12.29
srb,sex_m,age_aggregate_y55_64,geo_cov_nat,2021,12.162
srb,sex_m,age_aggregate_y55_64,geo_cov_nat,2022,9.916
srb,sex_m,age_aggregate_y55_64,geo_cov_nat,2023,10.961
srb,sex_m,age_aggregate_y55_64,geo_cov_nat,2024,9.146
srb,sex_m,age_aggregate_y55_64,geo_cov_rur,2008,11.751
srb,sex_m,age_aggregate_y55_64,geo_cov_rur,2009,14.912
srb,sex_m,age_aggregate_y55_64,geo_cov_rur,2010,20.052
srb,sex_m,age_aggregate_y55_64,geo_cov_rur,2011,22.538
srb,sex_m,age_aggregate_y55_64,geo_cov_rur,2012,21.733
srb,sex_m,age_aggregate_y55_64,geo_cov_rur,2013,20.06
srb,sex_m,age_aggregate_y55_64,geo_cov_rur,2014,18.131
srb,sex_m,age_aggregate_y55_64,geo_cov_rur,2015,17.728
srb,sex_m,age_aggregate_y55_64,geo_cov_rur,2016,13.891
srb,sex_m,age_aggregate_y55_64,geo_cov_rur,2017,13.148
srb,sex_m,age_aggregate_y55_64,geo_cov_rur,2018,11.518
srb,sex_m,age_aggregate_y55_64,geo_cov_rur,2019,8.503
srb,sex_m,age_aggregate_y55_64,geo_cov_rur,2020,9.701
srb,sex_m,age_aggregate_y55_64,geo_cov_rur,2021,10.746
srb,sex_m,age_aggregate_y55_64,geo_cov_rur,2022,8.542
srb,sex_m,age_aggregate_y55_64,geo_cov_rur,2023,9.719
srb,sex_m,age_aggregate_y55_64,geo_cov_rur,2024,8.145
srb,sex_m,age_aggregate_y55_64,geo_cov_urb,2007,16.265
srb,sex_m,age_aggregate_y55_64,geo_cov_urb,2008,19.193
srb,sex_m,age_aggregate_y55_64,geo_cov_urb,2009,26.203
srb,sex_m,age_aggregate_y55_64,geo_cov_urb,2010,28.522
srb,sex_m,age_aggregate_y55_64,geo_cov_urb,2011,28.654
srb,sex_m,age_aggregate_y55_64,geo_cov_urb,2012,33.47
srb,sex_m,age_aggregate_y55_64,geo_cov_urb,2013,31.502
srb,sex_m,age_aggregate_y55_64,geo_cov_urb,2014,29.064
srb,sex_m,age_aggregate_y55_64,geo_cov_urb,2015,29.613
srb,sex_m,age_aggregate_y55_64,geo_cov_urb,2016,25.392
srb,sex_m,age_aggregate_y55_64,geo_cov_urb,2017,22.645
srb,sex_m,age_aggregate_y55_64,geo_cov_urb,2018,19.779
srb,sex_m,age_aggregate_y55_64,geo_cov_urb,2019,15.738
srb,sex_m,age_aggregate_y55_64,geo_cov_urb,2020,14.606
srb,sex_m,age_aggregate_y55_64,geo_cov_urb,2021,13.677
srb,sex_m,age_aggregate_y55_64,geo_cov_urb,2022,12.851
srb,sex_m,age_aggregate_y55_64,geo_cov_urb,2023,14.036
srb,sex_m,age_aggregate_y55_64,geo_cov_urb,2024,11.304
srb,sex_m,age_aggregate_y55_64,geo_cov_x,2007,9.795
srb,sex_m,age_aggregate_y55_64,geo_cov_x,2021,15.491
srb,sex_m,age_aggregate_yge65,geo_cov_nat,2007,8.969
srb,sex_m,age_aggregate_yge65,geo_cov_nat,2008,5.079
srb,sex_m,age_aggregate_yge65,geo_cov_nat,2009,4.515
srb,sex_m,age_aggregate_yge65,geo_cov_nat,2010,6.067
srb,sex_m,age_aggregate_yge65,geo_cov_nat,2011,13.256
srb,sex_m,age_aggregate_yge65,geo_cov_nat,2012,14.803
srb,sex_m,age_aggregate_yge65,geo_cov_nat,2013,10.603
srb,sex_m,age_aggregate_yge65,geo_cov_nat,2014,10.508
srb,sex_m,age_aggregate_yge65,geo_cov_nat,2015,12.701
srb,sex_m,age_aggregate_yge65,geo_cov_nat,2016,13.156
srb,sex_m,age_aggregate_yge65,geo_cov_nat,2017,11.04
srb,sex_m,age_aggregate_yge65,geo_cov_nat,2018,7.875
srb,sex_m,age_aggregate_yge65,geo_cov_nat,2019,10.608
srb,sex_m,age_aggregate_yge65,geo_cov_nat,2020,11.861
srb,sex_m,age_aggregate_yge65,geo_cov_nat,2021,11.854
srb,sex_m,age_aggregate_yge65,geo_cov_nat,2022,10.278
srb,sex_m,age_aggregate_yge65,geo_cov_nat,2023,12.088
srb,sex_m,age_aggregate_yge65,geo_cov_nat,2024,9.368
srb,sex_m,age_aggregate_yge65,geo_cov_rur,2008,1.084
srb,sex_m,age_aggregate_yge65,geo_cov_rur,2010,2.217
srb,sex_m,age_aggregate_yge65,geo_cov_rur,2011,4.442
srb,sex_m,age_aggregate_yge65,geo_cov_rur,2012,6.454
srb,sex_m,age_aggregate_yge65,geo_cov_rur,2013,5.079
srb,sex_m,age_aggregate_yge65,geo_cov_rur,2014,3.449
srb,sex_m,age_aggregate_yge65,geo_cov_rur,2015,3.644
srb,sex_m,age_aggregate_yge65,geo_cov_rur,2016,4.475
srb,sex_m,age_aggregate_yge65,geo_cov_rur,2017,3.9
srb,sex_m,age_aggregate_yge65,geo_cov_rur,2018,2.279
srb,sex_m,age_aggregate_yge65,geo_cov_rur,2019,3.358
srb,sex_m,age_aggregate_yge65,geo_cov_rur,2020,4.977
srb,sex_m,age_aggregate_yge65,geo_cov_rur,2021,12.918
srb,sex_m,age_aggregate_yge65,geo_cov_rur,2022,10.65
srb,sex_m,age_aggregate_yge65,geo_cov_rur,2023,12.109
srb,sex_m,age_aggregate_yge65,geo_cov_rur,2024,9.895
srb,sex_m,age_aggregate_yge65,geo_cov_urb,2007,29.456
srb,sex_m,age_aggregate_yge65,geo_cov_urb,2008,24.916
srb,sex_m,age_aggregate_yge65,geo_cov_urb,2009,29.32
srb,sex_m,age_aggregate_yge65,geo_cov_urb,2010,22.044
srb,sex_m,age_aggregate_yge65,geo_cov_urb,2011,41.387
srb,sex_m,age_aggregate_yge65,geo_cov_urb,2012,46.55
srb,sex_m,age_aggregate_yge65,geo_cov_urb,2013,29.463
srb,sex_m,age_aggregate_yge65,geo_cov_urb,2014,31.92
srb,sex_m,age_aggregate_yge65,geo_cov_urb,2015,36.952
srb,sex_m,age_aggregate_yge65,geo_cov_urb,2016,33.196
srb,sex_m,age_aggregate_yge65,geo_cov_urb,2017,28.434
srb,sex_m,age_aggregate_yge65,geo_cov_urb,2018,21.398
srb,sex_m,age_aggregate_yge65,geo_cov_urb,2019,25.897
srb,sex_m,age_aggregate_yge65,geo_cov_urb,2020,28.486
srb,sex_m,age_aggregate_yge65,geo_cov_urb,2021,8.083
srb,sex_m,age_aggregate_yge65,geo_cov_urb,2022,9.241
srb,sex_m,age_aggregate_yge65,geo_cov_urb,2023,12.004
srb,sex_m,age_aggregate_yge65,geo_cov_urb,2024,7.503
srb,sex_m,age_aggregate_yge65,geo_cov_x,2007,3.08
srb,sex_m,age_aggregate_yge65,geo_cov_x,2021,8.322
srb,sex_m,age_ythadult_y15_24,geo_cov_nat,2007,44.356
srb,sex_m,age_ythadult_y15_24,geo_cov_nat,2008,38.841
srb,sex_m,age_ythadult_y15_24,geo_cov_nat,2009,46.971
srb,sex_m,age_ythadult_y15_24,geo_cov_nat,2010,53.971
srb,sex_m,age_ythadult_y15_24,geo_cov_nat,2011,54.94
srb,sex_m,age_ythadult_y15_24,geo_cov_nat,2012,55.401
srb,sex_m,age_ythadult_y15_24,geo_cov_nat,2013,52.483
srb,sex_m,age_ythadult_y15_24,geo_cov_nat,2014,54.821
srb,sex_m,age_ythadult_y15_24,geo_cov_nat,2015,51.612
srb,sex_m,age_ythadult_y15_24,geo_cov_nat,2016,43.334
srb,sex_m,age_ythadult_y15_24,geo_cov_nat,2017,39.267
srb,sex_m,age_ythadult_y15_24,geo_cov_nat,2018,35.229
srb,sex_m,age_ythadult_y15_24,geo_cov_nat,2019,33.117
srb,sex_m,age_ythadult_y15_24,geo_cov_nat,2020,37.971
srb,sex_m,age_ythadult_y15_24,geo_cov_nat,2021,29.174
srb,sex_m,age_ythadult_y15_24,geo_cov_nat,2022,27.196
srb,sex_m,age_ythadult_y15_24,geo_cov_nat,2023,27.815
srb,sex_m,age_ythadult_y15_24,geo_cov_nat,2024,25.967
srb,sex_m,age_ythadult_y15_24,geo_cov_rur,2008,32.769
srb,sex_m,age_ythadult_y15_24,geo_cov_rur,2009,41.066
srb,sex_m,age_ythadult_y15_24,geo_cov_rur,2010,44.999
srb,sex_m,age_ythadult_y15_24,geo_cov_rur,2011,48.207
srb,sex_m,age_ythadult_y15_24,geo_cov_rur,2012,45.442
srb,sex_m,age_ythadult_y15_24,geo_cov_rur,2013,46.471
srb,sex_m,age_ythadult_y15_24,geo_cov_rur,2014,46.688
srb,sex_m,age_ythadult_y15_24,geo_cov_rur,2015,45.316
srb,sex_m,age_ythadult_y15_24,geo_cov_rur,2016,34.34
srb,sex_m,age_ythadult_y15_24,geo_cov_rur,2017,34.02
srb,sex_m,age_ythadult_y15_24,geo_cov_rur,2018,28.69
srb,sex_m,age_ythadult_y15_24,geo_cov_rur,2019,28.037
srb,sex_m,age_ythadult_y15_24,geo_cov_rur,2020,35.054
srb,sex_m,age_ythadult_y15_24,geo_cov_rur,2021,24.899
srb,sex_m,age_ythadult_y15_24,geo_cov_rur,2022,22.504
srb,sex_m,age_ythadult_y15_24,geo_cov_rur,2023,23.643
srb,sex_m,age_ythadult_y15_24,geo_cov_rur,2024,23.534
srb,sex_m,age_ythadult_y15_24,geo_cov_urb,2007,49.037
srb,sex_m,age_ythadult_y15_24,geo_cov_urb,2008,45.319
srb,sex_m,age_ythadult_y15_24,geo_cov_urb,2009,53.29
srb,sex_m,age_ythadult_y15_24,geo_cov_urb,2010,61.818
srb,sex_m,age_ythadult_y15_24,geo_cov_urb,2011,61.593
srb,sex_m,age_ythadult_y15_24,geo_cov_urb,2012,66.061
srb,sex_m,age_ythadult_y15_24,geo_cov_urb,2013,57.914
srb,sex_m,age_ythadult_y15_24,geo_cov_urb,2014,62.128
srb,sex_m,age_ythadult_y15_24,geo_cov_urb,2015,58.184
srb,sex_m,age_ythadult_y15_24,geo_cov_urb,2016,51.605
srb,sex_m,age_ythadult_y15_24,geo_cov_urb,2017,44.23
srb,sex_m,age_ythadult_y15_24,geo_cov_urb,2018,41.514
srb,sex_m,age_ythadult_y15_24,geo_cov_urb,2019,38.666
srb,sex_m,age_ythadult_y15_24,geo_cov_urb,2020,40.975
srb,sex_m,age_ythadult_y15_24,geo_cov_urb,2021,36.815
srb,sex_m,age_ythadult_y15_24,geo_cov_urb,2022,36.498
srb,sex_m,age_ythadult_y15_24,geo_cov_urb,2023,35.857
srb,sex_m,age_ythadult_y15_24,geo_cov_urb,2024,30.897
srb,sex_m,age_ythadult_y15_24,geo_cov_x,2007,38.513
srb,sex_m,age_ythadult_y15_24,geo_cov_x,2021,37.619
srb,sex_m,age_ythadult_y15_64,geo_cov_nat,2007,16.544
srb,sex_m,age_ythadult_y15_64,geo_cov_nat,2008,17.762
srb,sex_m,age_ythadult_y15_64,geo_cov_nat,2009,21.454
srb,sex_m,age_ythadult_y15_64,geo_cov_nat,2010,26.256
srb,sex_m,age_ythadult_y15_64,geo_cov_nat,2011,29.242
srb,sex_m,age_ythadult_y15_64,geo_cov_nat,2012,29.926
srb,sex_m,age_ythadult_y15_64,geo_cov_nat,2013,27.388
srb,sex_m,age_ythadult_y15_64,geo_cov_nat,2014,25.435
srb,sex_m,age_ythadult_y15_64,geo_cov_nat,2015,24.938
srb,sex_m,age_ythadult_y15_64,geo_cov_nat,2016,22.17
srb,sex_m,age_ythadult_y15_64,geo_cov_nat,2017,19.619
srb,sex_m,age_ythadult_y15_64,geo_cov_nat,2018,16.88
srb,sex_m,age_ythadult_y15_64,geo_cov_nat,2019,14.842
srb,sex_m,age_ythadult_y15_64,geo_cov_nat,2020,15.281
srb,sex_m,age_ythadult_y15_64,geo_cov_nat,2021,13.621
srb,sex_m,age_ythadult_y15_64,geo_cov_nat,2022,11.5
srb,sex_m,age_ythadult_y15_64,geo_cov_nat,2023,11.437
srb,sex_m,age_ythadult_y15_64,geo_cov_nat,2024,10.429
srb,sex_m,age_ythadult_y15_64,geo_cov_rur,2008,13.929
srb,sex_m,age_ythadult_y15_64,geo_cov_rur,2009,17.555
srb,sex_m,age_ythadult_y15_64,geo_cov_rur,2010,22.507
srb,sex_m,age_ythadult_y15_64,geo_cov_rur,2011,25.794
srb,sex_m,age_ythadult_y15_64,geo_cov_rur,2012,25.148
srb,sex_m,age_ythadult_y15_64,geo_cov_rur,2013,23.541
srb,sex_m,age_ythadult_y15_64,geo_cov_rur,2014,22.519
srb,sex_m,age_ythadult_y15_64,geo_cov_rur,2015,22.348
srb,sex_m,age_ythadult_y15_64,geo_cov_rur,2016,18.11
srb,sex_m,age_ythadult_y15_64,geo_cov_rur,2017,16.798
srb,sex_m,age_ythadult_y15_64,geo_cov_rur,2018,15.212
srb,sex_m,age_ythadult_y15_64,geo_cov_rur,2019,12.883
srb,sex_m,age_ythadult_y15_64,geo_cov_rur,2020,13.321
srb,sex_m,age_ythadult_y15_64,geo_cov_rur,2021,11.755
srb,sex_m,age_ythadult_y15_64,geo_cov_rur,2022,9.751
srb,sex_m,age_ythadult_y15_64,geo_cov_rur,2023,9.791
srb,sex_m,age_ythadult_y15_64,geo_cov_rur,2024,8.943
srb,sex_m,age_ythadult_y15_64,geo_cov_urb,2007,18.728
srb,sex_m,age_ythadult_y15_64,geo_cov_urb,2008,20.79
srb,sex_m,age_ythadult_y15_64,geo_cov_urb,2009,24.607
srb,sex_m,age_ythadult_y15_64,geo_cov_urb,2010,29.2
srb,sex_m,age_ythadult_y15_64,geo_cov_urb,2011,32.056
srb,sex_m,age_ythadult_y15_64,geo_cov_urb,2012,33.795
srb,sex_m,age_ythadult_y15_64,geo_cov_urb,2013,30.251
srb,sex_m,age_ythadult_y15_64,geo_cov_urb,2014,27.514
srb,sex_m,age_ythadult_y15_64,geo_cov_urb,2015,26.821
srb,sex_m,age_ythadult_y15_64,geo_cov_urb,2016,25.043
srb,sex_m,age_ythadult_y15_64,geo_cov_urb,2017,21.688
srb,sex_m,age_ythadult_y15_64,geo_cov_urb,2018,18.086
srb,sex_m,age_ythadult_y15_64,geo_cov_urb,2019,16.263
srb,sex_m,age_ythadult_y15_64,geo_cov_urb,2020,16.759
srb,sex_m,age_ythadult_y15_64,geo_cov_urb,2021,16.088
srb,sex_m,age_ythadult_y15_64,geo_cov_urb,2022,14.943
srb,sex_m,age_ythadult_y15_64,geo_cov_urb,2023,14.757
srb,sex_m,age_ythadult_y15_64,geo_cov_urb,2024,13.413
srb,sex_m,age_ythadult_y15_64,geo_cov_x,2007,13.62
srb,sex_m,age_ythadult_y15_64,geo_cov_x,2021,17.505
srb,sex_m,age_ythadult_yge15,geo_cov_nat,2007,16.11
srb,sex_m,age_ythadult_yge15,geo_cov_nat,2008,17.086
srb,sex_m,age_ythadult_yge15,geo_cov_nat,2009,20.626
srb,sex_m,age_ythadult_yge15,geo_cov_nat,2010,25.423
srb,sex_m,age_ythadult_yge15,geo_cov_nat,2011,28.718
srb,sex_m,age_ythadult_yge15,geo_cov_nat,2012,29.439
srb,sex_m,age_ythadult_yge15,geo_cov_nat,2013,26.687
srb,sex_m,age_ythadult_yge15,geo_cov_nat,2014,24.831
srb,sex_m,age_ythadult_yge15,geo_cov_nat,2015,24.462
srb,sex_m,age_ythadult_yge15,geo_cov_nat,2016,21.704
srb,sex_m,age_ythadult_yge15,geo_cov_nat,2017,19.153
srb,sex_m,age_ythadult_yge15,geo_cov_nat,2018,16.395
srb,sex_m,age_ythadult_yge15,geo_cov_nat,2019,14.577
srb,sex_m,age_ythadult_yge15,geo_cov_nat,2020,15.068
srb,sex_m,age_ythadult_yge15,geo_cov_nat,2021,13.492
srb,sex_m,age_ythadult_yge15,geo_cov_nat,2022,11.409
srb,sex_m,age_ythadult_yge15,geo_cov_nat,2023,11.493
srb,sex_m,age_ythadult_yge15,geo_cov_nat,2024,10.331
srb,sex_m,age_ythadult_yge15,geo_cov_rur,2008,12.695
srb,sex_m,age_ythadult_yge15,geo_cov_rur,2009,16.014
srb,sex_m,age_ythadult_yge15,geo_cov_rur,2010,21.024
srb,sex_m,age_ythadult_yge15,geo_cov_rur,2011,24.634
srb,sex_m,age_ythadult_yge15,geo_cov_rur,2012,24.107
srb,sex_m,age_ythadult_yge15,geo_cov_rur,2013,22.189
srb,sex_m,age_ythadult_yge15,geo_cov_rur,2014,21.169
srb,sex_m,age_ythadult_yge15,geo_cov_rur,2015,21.125
srb,sex_m,age_ythadult_yge15,geo_cov_rur,2016,16.963
srb,sex_m,age_ythadult_yge15,geo_cov_rur,2017,15.665
srb,sex_m,age_ythadult_yge15,geo_cov_rur,2018,14.079
srb,sex_m,age_ythadult_yge15,geo_cov_rur,2019,11.954
srb,sex_m,age_ythadult_yge15,geo_cov_rur,2020,12.497
srb,sex_m,age_ythadult_yge15,geo_cov_rur,2021,11.854
srb,sex_m,age_ythadult_yge15,geo_cov_rur,2022,9.825
srb,sex_m,age_ythadult_yge15,geo_cov_rur,2023,10.025
srb,sex_m,age_ythadult_yge15,geo_cov_rur,2024,9.044
srb,sex_m,age_ythadult_yge15,geo_cov_urb,2007,18.977
srb,sex_m,age_ythadult_yge15,geo_cov_urb,2008,20.859
srb,sex_m,age_ythadult_yge15,geo_cov_urb,2009,24.67
srb,sex_m,age_ythadult_yge15,geo_cov_urb,2010,29.095
srb,sex_m,age_ythadult_yge15,geo_cov_urb,2011,32.191
srb,sex_m,age_ythadult_yge15,geo_cov_urb,2012,33.953
srb,sex_m,age_ythadult_yge15,geo_cov_urb,2013,30.238
srb,sex_m,age_ythadult_yge15,geo_cov_urb,2014,27.592
srb,sex_m,age_ythadult_yge15,geo_cov_urb,2015,27.009
srb,sex_m,age_ythadult_yge15,geo_cov_urb,2016,25.267
srb,sex_m,age_ythadult_yge15,geo_cov_urb,2017,21.878
srb,sex_m,age_ythadult_yge15,geo_cov_urb,2018,18.179
srb,sex_m,age_ythadult_yge15,geo_cov_urb,2019,16.608
srb,sex_m,age_ythadult_yge15,geo_cov_urb,2020,17.148
srb,sex_m,age_ythadult_yge15,geo_cov_urb,2021,15.612
srb,sex_m,age_ythadult_yge15,geo_cov_urb,2022,14.607
srb,sex_m,age_ythadult_yge15,geo_cov_urb,2023,14.609
srb,sex_m,age_ythadult_yge15,geo_cov_urb,2024,13.04
srb,sex_m,age_ythadult_yge15,geo_cov_x,2007,12.572
srb,sex_m,age_ythadult_yge15,geo_cov_x,2021,17.076
srb,sex_m,age_ythadult_yge25,geo_cov_nat,2007,12.786
srb,sex_m,age_ythadult_yge25,geo_cov_nat,2008,14.646
srb,sex_m,age_ythadult_yge25,geo_cov_nat,2009,18.031
srb,sex_m,age_ythadult_yge25,geo_cov_nat,2010,22.326
srb,sex_m,age_ythadult_yge25,geo_cov_nat,2011,25.807
srb,sex_m,age_ythadult_yge25,geo_cov_nat,2012,26.55
srb,sex_m,age_ythadult_yge25,geo_cov_nat,2013,24.184
srb,sex_m,age_ythadult_yge25,geo_cov_nat,2014,21.878
srb,sex_m,age_ythadult_yge25,geo_cov_nat,2015,21.759
srb,sex_m,age_ythadult_yge25,geo_cov_nat,2016,19.625
srb,sex_m,age_ythadult_yge25,geo_cov_nat,2017,17.297
srb,sex_m,age_ythadult_yge25,geo_cov_nat,2018,14.777
srb,sex_m,age_ythadult_yge25,geo_cov_nat,2019,13.009
srb,sex_m,age_ythadult_yge25,geo_cov_nat,2020,13.041
srb,sex_m,age_ythadult_yge25,geo_cov_nat,2021,12.095
srb,sex_m,age_ythadult_yge25,geo_cov_nat,2022,10.098
srb,sex_m,age_ythadult_yge25,geo_cov_nat,2023,10.16
srb,sex_m,age_ythadult_yge25,geo_cov_nat,2024,9.028
srb,sex_m,age_ythadult_yge25,geo_cov_rur,2008,10.147
srb,sex_m,age_ythadult_yge25,geo_cov_rur,2009,13.254
srb,sex_m,age_ythadult_yge25,geo_cov_rur,2010,18.349
srb,sex_m,age_ythadult_yge25,geo_cov_rur,2011,21.778
srb,sex_m,age_ythadult_yge25,geo_cov_rur,2012,21.392
srb,sex_m,age_ythadult_yge25,geo_cov_rur,2013,19.637
srb,sex_m,age_ythadult_yge25,geo_cov_rur,2014,18.376
srb,sex_m,age_ythadult_yge25,geo_cov_rur,2015,18.231
srb,sex_m,age_ythadult_yge25,geo_cov_rur,2016,15.078
srb,sex_m,age_ythadult_yge25,geo_cov_rur,2017,13.768
srb,sex_m,age_ythadult_yge25,geo_cov_rur,2018,12.65
srb,sex_m,age_ythadult_yge25,geo_cov_rur,2019,10.301
srb,sex_m,age_ythadult_yge25,geo_cov_rur,2020,10.205
srb,sex_m,age_ythadult_yge25,geo_cov_rur,2021,10.703
srb,sex_m,age_ythadult_yge25,geo_cov_rur,2022,8.778
srb,sex_m,age_ythadult_yge25,geo_cov_rur,2023,8.951
srb,sex_m,age_ythadult_yge25,geo_cov_rur,2024,7.852
srb,sex_m,age_ythadult_yge25,geo_cov_urb,2007,15.419
srb,sex_m,age_ythadult_yge25,geo_cov_urb,2008,18.418
srb,sex_m,age_ythadult_yge25,geo_cov_urb,2009,22.137
srb,sex_m,age_ythadult_yge25,geo_cov_urb,2010,25.629
srb,sex_m,age_ythadult_yge25,geo_cov_urb,2011,29.177
srb,sex_m,age_ythadult_yge25,geo_cov_urb,2012,30.804
srb,sex_m,age_ythadult_yge25,geo_cov_urb,2013,27.728
srb,sex_m,age_ythadult_yge25,geo_cov_urb,2014,24.474
srb,sex_m,age_ythadult_yge25,geo_cov_urb,2015,24.368
srb,sex_m,age_ythadult_yge25,geo_cov_urb,2016,22.977
srb,sex_m,age_ythadult_yge25,geo_cov_urb,2017,20.004
srb,sex_m,age_ythadult_yge25,geo_cov_urb,2018,16.384
srb,sex_m,age_ythadult_yge25,geo_cov_urb,2019,15.046
srb,sex_m,age_ythadult_yge25,geo_cov_urb,2020,15.286
srb,sex_m,age_ythadult_yge25,geo_cov_urb,2021,13.726
srb,sex_m,age_ythadult_yge25,geo_cov_urb,2022,12.766
srb,sex_m,age_ythadult_yge25,geo_cov_urb,2023,12.747
srb,sex_m,age_ythadult_yge25,geo_cov_urb,2024,11.509
srb,sex_m,age_ythadult_yge25,geo_cov_x,2007,9.541
srb,sex_m,age_ythadult_yge25,geo_cov_x,2021,15.208
srb,sex_t,age_aggregate_total,geo_cov_nat,2007,19.557
srb,sex_t,age_aggregate_total,geo_cov_nat,2008,20.722
srb,sex_t,age_aggregate_total,geo_cov_nat,2009,23.698
srb,sex_t,age_aggregate_total,geo_cov_nat,2010,27.517
srb,sex_t,age_aggregate_total,geo_cov_nat,2011,30.527
srb,sex_t,age_aggregate_total,geo_cov_nat,2012,31.578
srb,sex_t,age_aggregate_total,geo_cov_nat,2013,29.451
srb,sex_t,age_aggregate_total,geo_cov_nat,2014,27.121
srb,sex_t,age_aggregate_total,geo_cov_nat,2015,26.784
srb,sex_t,age_aggregate_total,geo_cov_nat,2016,23.896
srb,sex_t,age_aggregate_total,geo_cov_nat,2017,20.691
srb,sex_t,age_aggregate_total,geo_cov_nat,2018,18.05
srb,sex_t,age_aggregate_total,geo_cov_nat,2019,15.911
srb,sex_t,age_aggregate_total,geo_cov_nat,2020,16.087
srb,sex_t,age_aggregate_total,geo_cov_nat,2021,14.746
srb,sex_t,age_aggregate_total,geo_cov_nat,2022,12.255
srb,sex_t,age_aggregate_total,geo_cov_nat,2023,12.116
srb,sex_t,age_aggregate_total,geo_cov_nat,2024,10.783
srb,sex_t,age_aggregate_total,geo_cov_rur,2008,17.125
srb,sex_t,age_aggregate_total,geo_cov_rur,2009,20.455
srb,sex_t,age_aggregate_total,geo_cov_rur,2010,24.383
srb,sex_t,age_aggregate_total,geo_cov_rur,2011,27.765
srb,sex_t,age_aggregate_total,geo_cov_rur,2012,27.722
srb,sex_t,age_aggregate_total,geo_cov_rur,2013,25.904
srb,sex_t,age_aggregate_total,geo_cov_rur,2014,24.259
srb,sex_t,age_aggregate_total,geo_cov_rur,2015,24.235
srb,sex_t,age_aggregate_total,geo_cov_rur,2016,19.793
srb,sex_t,age_aggregate_total,geo_cov_rur,2017,18.049
srb,sex_t,age_aggregate_total,geo_cov_rur,2018,16.022
srb,sex_t,age_aggregate_total,geo_cov_rur,2019,13.578
srb,sex_t,age_aggregate_total,geo_cov_rur,2020,14.084
srb,sex_t,age_aggregate_total,geo_cov_rur,2021,13.291
srb,sex_t,age_aggregate_total,geo_cov_rur,2022,10.678
srb,sex_t,age_aggregate_total,geo_cov_rur,2023,10.726
srb,sex_t,age_aggregate_total,geo_cov_rur,2024,9.5
srb,sex_t,age_aggregate_total,geo_cov_urb,2007,21.513
srb,sex_t,age_aggregate_total,geo_cov_urb,2008,23.595
srb,sex_t,age_aggregate_total,geo_cov_urb,2009,26.302
srb,sex_t,age_aggregate_total,geo_cov_urb,2010,29.927
srb,sex_t,age_aggregate_total,geo_cov_urb,2011,32.687
srb,sex_t,age_aggregate_total,geo_cov_urb,2012,34.508
srb,sex_t,age_aggregate_total,geo_cov_urb,2013,32.022
srb,sex_t,age_aggregate_total,geo_cov_urb,2014,29.088
srb,sex_t,age_aggregate_total,geo_cov_urb,2015,28.531
srb,sex_t,age_aggregate_total,geo_cov_urb,2016,26.687
srb,sex_t,age_aggregate_total,geo_cov_urb,2017,22.565
srb,sex_t,age_aggregate_total,geo_cov_urb,2018,19.471
srb,sex_t,age_aggregate_total,geo_cov_urb,2019,17.538
srb,sex_t,age_aggregate_total,geo_cov_urb,2020,17.564
srb,sex_t,age_aggregate_total,geo_cov_urb,2021,15.903
srb,sex_t,age_aggregate_total,geo_cov_urb,2022,15.42
srb,sex_t,age_aggregate_total,geo_cov_urb,2023,15.079
srb,sex_t,age_aggregate_total,geo_cov_urb,2024,13.506
srb,sex_t,age_aggregate_total,geo_cov_x,2007,16.925
srb,sex_t,age_aggregate_total,geo_cov_x,2021,18.17
srb,sex_t,age_aggregate_y15_24,geo_cov_nat,2007,48.587
srb,sex_t,age_aggregate_y15_24,geo_cov_nat,2008,45.224
srb,sex_t,age_aggregate_y15_24,geo_cov_nat,2009,51.303
srb,sex_t,age_aggregate_y15_24,geo_cov_nat,2010,55.971
srb,sex_t,age_aggregate_y15_24,geo_cov_nat,2011,58.7
srb,sex_t,age_aggregate_y15_24,geo_cov_nat,2012,59.444
srb,sex_t,age_aggregate_y15_24,geo_cov_nat,2013,58.344
srb,sex_t,age_aggregate_y15_24,geo_cov_nat,2014,57.835
srb,sex_t,age_aggregate_y15_24,geo_cov_nat,2015,55.693
srb,sex_t,age_aggregate_y15_24,geo_cov_nat,2016,48.014
srb,sex_t,age_aggregate_y15_24,geo_cov_nat,2017,42.58
srb,sex_t,age_aggregate_y15_24,geo_cov_nat,2018,37.75
srb,sex_t,age_aggregate_y15_24,geo_cov_nat,2019,35.596
srb,sex_t,age_aggregate_y15_24,geo_cov_nat,2020,39.584
srb,sex_t,age_aggregate_y15_24,geo_cov_nat,2021,31.338
srb,sex_t,age_aggregate_y15_24,geo_cov_nat,2022,28.836
srb,sex_t,age_aggregate_y15_24,geo_cov_nat,2023,29.306
srb,sex_t,age_aggregate_y15_24,geo_cov_nat,2024,27.279
srb,sex_t,age_aggregate_y15_24,geo_cov_rur,2008,40.883
srb,sex_t,age_aggregate_y15_24,geo_cov_rur,2009,48.131
srb,sex_t,age_aggregate_y15_24,geo_cov_rur,2010,49.754
srb,sex_t,age_aggregate_y15_24,geo_cov_rur,2011,52.951
srb,sex_t,age_aggregate_y15_24,geo_cov_rur,2012,50.715
srb,sex_t,age_aggregate_y15_24,geo_cov_rur,2013,52.472
srb,sex_t,age_aggregate_y15_24,geo_cov_rur,2014,51.123
srb,sex_t,age_aggregate_y15_24,geo_cov_rur,2015,50.594
srb,sex_t,age_aggregate_y15_24,geo_cov_rur,2016,41.576
srb,sex_t,age_aggregate_y15_24,geo_cov_rur,2017,40.244
srb,sex_t,age_aggregate_y15_24,geo_cov_rur,2018,33.446
srb,sex_t,age_aggregate_y15_24,geo_cov_rur,2019,32.02
srb,sex_t,age_aggregate_y15_24,geo_cov_rur,2020,35.681
srb,sex_t,age_aggregate_y15_24,geo_cov_rur,2021,28.342
srb,sex_t,age_aggregate_y15_24,geo_cov_rur,2022,24.145
srb,sex_t,age_aggregate_y15_24,geo_cov_rur,2023,25.266
srb,sex_t,age_aggregate_y15_24,geo_cov_rur,2024,24.327
srb,sex_t,age_aggregate_y15_24,geo_cov_urb,2007,52.008
srb,sex_t,age_aggregate_y15_24,geo_cov_urb,2008,49.25
srb,sex_t,age_aggregate_y15_24,geo_cov_urb,2009,54.396
srb,sex_t,age_aggregate_y15_24,geo_cov_urb,2010,61.289
srb,sex_t,age_aggregate_y15_24,geo_cov_urb,2011,64.096
srb,sex_t,age_aggregate_y15_24,geo_cov_urb,2012,67.65
srb,sex_t,age_aggregate_y15_24,geo_cov_urb,2013,63.649
srb,sex_t,age_aggregate_y15_24,geo_cov_urb,2014,63.984
srb,sex_t,age_aggregate_y15_24,geo_cov_urb,2015,60.639
srb,sex_t,age_aggregate_y15_24,geo_cov_urb,2016,53.736
srb,sex_t,age_aggregate_y15_24,geo_cov_urb,2017,44.723
srb,sex_t,age_aggregate_y15_24,geo_cov_urb,2018,41.869
srb,sex_t,age_aggregate_y15_24,geo_cov_urb,2019,39.266
srb,sex_t,age_aggregate_y15_24,geo_cov_urb,2020,43.422
srb,sex_t,age_aggregate_y15_24,geo_cov_urb,2021,38.033
srb,sex_t,age_aggregate_y15_24,geo_cov_urb,2022,37.872
srb,sex_t,age_aggregate_y15_24,geo_cov_urb,2023,37.122
srb,sex_t,age_aggregate_y15_24,geo_cov_urb,2024,33.335
srb,sex_t,age_aggregate_y15_24,geo_cov_x,2007,44.219
srb,sex_t,age_aggregate_y15_24,geo_cov_x,2021,36.308
srb,sex_t,age_aggregate_y25_54,geo_cov_nat,2007,17.138
srb,sex_t,age_aggregate_y25_54,geo_cov_nat,2008,19.291
srb,sex_t,age_aggregate_y25_54,geo_cov_nat,2009,22.314
srb,sex_t,age_aggregate_y25_54,geo_cov_nat,2010,25.884
srb,sex_t,age_aggregate_y25_54,geo_cov_nat,2011,28.639
srb,sex_t,age_aggregate_y25_54,geo_cov_nat,2012,29.438
srb,sex_t,age_aggregate_y25_54,geo_cov_nat,2013,27.975
srb,sex_t,age_aggregate_y25_54,geo_cov_nat,2014,25.116
srb,sex_t,age_aggregate_y25_54,geo_cov_nat,2015,24.417
srb,sex_t,age_aggregate_y25_54,geo_cov_nat,2016,22.367
srb,sex_t,age_aggregate_y25_54,geo_cov_nat,2017,19.482
srb,sex_t,age_aggregate_y25_54,geo_cov_nat,2018,17.018
srb,sex_t,age_aggregate_y25_54,geo_cov_nat,2019,14.825
srb,sex_t,age_aggregate_y25_54,geo_cov_nat,2020,14.76
srb,sex_t,age_aggregate_y25_54,geo_cov_nat,2021,13.729
srb,sex_t,age_aggregate_y25_54,geo_cov_nat,2022,11.194
srb,sex_t,age_aggregate_y25_54,geo_cov_nat,2023,10.876
srb,sex_t,age_aggregate_y25_54,geo_cov_nat,2024,9.603
srb,sex_t,age_aggregate_y25_54,geo_cov_rur,2008,17.201
srb,sex_t,age_aggregate_y25_54,geo_cov_rur,2009,20.846
srb,sex_t,age_aggregate_y25_54,geo_cov_rur,2010,24.973
srb,sex_t,age_aggregate_y25_54,geo_cov_rur,2011,27.594
srb,sex_t,age_aggregate_y25_54,geo_cov_rur,2012,27.733
srb,sex_t,age_aggregate_y25_54,geo_cov_rur,2013,26.412
srb,sex_t,age_aggregate_y25_54,geo_cov_rur,2014,24.308
srb,sex_t,age_aggregate_y25_54,geo_cov_rur,2015,23.664
srb,sex_t,age_aggregate_y25_54,geo_cov_rur,2016,20.156
srb,sex_t,age_aggregate_y25_54,geo_cov_rur,2017,18.363
srb,sex_t,age_aggregate_y25_54,geo_cov_rur,2018,16.69
srb,sex_t,age_aggregate_y25_54,geo_cov_rur,2019,13.938
srb,sex_t,age_aggregate_y25_54,geo_cov_rur,2020,13.888
srb,sex_t,age_aggregate_y25_54,geo_cov_rur,2021,12.23
srb,sex_t,age_aggregate_y25_54,geo_cov_rur,2022,9.669
srb,sex_t,age_aggregate_y25_54,geo_cov_rur,2023,9.484
srb,sex_t,age_aggregate_y25_54,geo_cov_rur,2024,8.228
srb,sex_t,age_aggregate_y25_54,geo_cov_urb,2007,17.593
srb,sex_t,age_aggregate_y25_54,geo_cov_urb,2008,20.684
srb,sex_t,age_aggregate_y25_54,geo_cov_urb,2009,23.319
srb,sex_t,age_aggregate_y25_54,geo_cov_urb,2010,26.506
srb,sex_t,age_aggregate_y25_54,geo_cov_urb,2011,29.374
srb,sex_t,age_aggregate_y25_54,geo_cov_urb,2012,30.61
srb,sex_t,age_aggregate_y25_54,geo_cov_urb,2013,28.956
srb,sex_t,age_aggregate_y25_54,geo_cov_urb,2014,25.594
srb,sex_t,age_aggregate_y25_54,geo_cov_urb,2015,24.867
srb,sex_t,age_aggregate_y25_54,geo_cov_urb,2016,23.663
srb,sex_t,age_aggregate_y25_54,geo_cov_urb,2017,20.164
srb,sex_t,age_aggregate_y25_54,geo_cov_urb,2018,17.216
srb,sex_t,age_aggregate_y25_54,geo_cov_urb,2019,15.354
srb,sex_t,age_aggregate_y25_54,geo_cov_urb,2020,15.315
srb,sex_t,age_aggregate_y25_54,geo_cov_urb,2021,14.378
srb,sex_t,age_aggregate_y25_54,geo_cov_urb,2022,14.122
srb,sex_t,age_aggregate_y25_54,geo_cov_urb,2023,13.55
srb,sex_t,age_aggregate_y25_54,geo_cov_urb,2024,12.325
srb,sex_t,age_aggregate_y25_54,geo_cov_x,2007,16.434
srb,sex_t,age_aggregate_y25_54,geo_cov_x,2021,17.194
srb,sex_t,age_aggregate_y55_64,geo_cov_nat,2007,15.701
srb,sex_t,age_aggregate_y55_64,geo_cov_nat,2008,16.619
srb,sex_t,age_aggregate_y55_64,geo_cov_nat,2009,19.948
srb,sex_t,age_aggregate_y55_64,geo_cov_nat,2010,24.052
srb,sex_t,age_aggregate_y55_64,geo_cov_nat,2011,26.806
srb,sex_t,age_aggregate_y55_64,geo_cov_nat,2012,28.984
srb,sex_t,age_aggregate_y55_64,geo_cov_nat,2013,26.029
srb,sex_t,age_aggregate_y55_64,geo_cov_nat,2014,24.319
srb,sex_t,age_aggregate_y55_64,geo_cov_nat,2015,25.239
srb,sex_t,age_aggregate_y55_64,geo_cov_nat,2016,21.369
srb,sex_t,age_aggregate_y55_64,geo_cov_nat,2017,18.171
srb,sex_t,age_aggregate_y55_64,geo_cov_nat,2018,16.503
srb,sex_t,age_aggregate_y55_64,geo_cov_nat,2019,13.715
srb,sex_t,age_aggregate_y55_64,geo_cov_nat,2020,13.214
srb,sex_t,age_aggregate_y55_64,geo_cov_nat,2021,12.839
srb,sex_t,age_aggregate_y55_64,geo_cov_nat,2022,10.428
srb,sex_t,age_aggregate_y55_64,geo_cov_nat,2023,10.481
srb,sex_t,age_aggregate_y55_64,geo_cov_nat,2024,9.512
srb,sex_t,age_aggregate_y55_64,geo_cov_rur,2008,10.421
srb,sex_t,age_aggregate_y55_64,geo_cov_rur,2009,12.878
srb,sex_t,age_aggregate_y55_64,geo_cov_rur,2010,17.892
srb,sex_t,age_aggregate_y55_64,geo_cov_rur,2011,21.88
srb,sex_t,age_aggregate_y55_64,geo_cov_rur,2012,21.573
srb,sex_t,age_aggregate_y55_64,geo_cov_rur,2013,19.758
srb,sex_t,age_aggregate_y55_64,geo_cov_rur,2014,17.657
srb,sex_t,age_aggregate_y55_64,geo_cov_rur,2015,18.169
srb,sex_t,age_aggregate_y55_64,geo_cov_rur,2016,13.884
srb,sex_t,age_aggregate_y55_64,geo_cov_rur,2017,12.763
srb,sex_t,age_aggregate_y55_64,geo_cov_rur,2018,11.661
srb,sex_t,age_aggregate_y55_64,geo_cov_rur,2019,8.94
srb,sex_t,age_aggregate_y55_64,geo_cov_rur,2020,9.98
srb,sex_t,age_aggregate_y55_64,geo_cov_rur,2021,11.47
srb,sex_t,age_aggregate_y55_64,geo_cov_rur,2022,9.037
srb,sex_t,age_aggregate_y55_64,geo_cov_rur,2023,9.261
srb,sex_t,age_aggregate_y55_64,geo_cov_rur,2024,8.334
srb,sex_t,age_aggregate_y55_64,geo_cov_urb,2007,21.109
srb,sex_t,age_aggregate_y55_64,geo_cov_urb,2008,22.629
srb,sex_t,age_aggregate_y55_64,geo_cov_urb,2009,26.362
srb,sex_t,age_aggregate_y55_64,geo_cov_urb,2010,29.13
srb,sex_t,age_aggregate_y55_64,geo_cov_urb,2011,31.006
srb,sex_t,age_aggregate_y55_64,geo_cov_urb,2012,34.817
srb,sex_t,age_aggregate_y55_64,geo_cov_urb,2013,31.178
srb,sex_t,age_aggregate_y55_64,geo_cov_urb,2014,29.804
srb,sex_t,age_aggregate_y55_64,geo_cov_urb,2015,30.934
srb,sex_t,age_aggregate_y55_64,geo_cov_urb,2016,27.424
srb,sex_t,age_aggregate_y55_64,geo_cov_urb,2017,22.795
srb,sex_t,age_aggregate_y55_64,geo_cov_urb,2018,20.48
srb,sex_t,age_aggregate_y55_64,geo_cov_urb,2019,17.432
srb,sex_t,age_aggregate_y55_64,geo_cov_urb,2020,15.82
srb,sex_t,age_aggregate_y55_64,geo_cov_urb,2021,14.732
srb,sex_t,age_aggregate_y55_64,geo_cov_urb,2022,13.407
srb,sex_t,age_aggregate_y55_64,geo_cov_urb,2023,13.623
srb,sex_t,age_aggregate_y55_64,geo_cov_urb,2024,12.157
srb,sex_t,age_aggregate_y55_64,geo_cov_x,2007,9.121
srb,sex_t,age_aggregate_y55_64,geo_cov_x,2021,16.178
srb,sex_t,age_aggregate_yge65,geo_cov_nat,2007,7.087
srb,sex_t,age_aggregate_yge65,geo_cov_nat,2008,5.132
srb,sex_t,age_aggregate_yge65,geo_cov_nat,2009,5.452
srb,sex_t,age_aggregate_yge65,geo_cov_nat,2010,6.497
srb,sex_t,age_aggregate_yge65,geo_cov_nat,2011,14.181
srb,sex_t,age_aggregate_yge65,geo_cov_nat,2012,14.478
srb,sex_t,age_aggregate_yge65,geo_cov_nat,2013,10.497
srb,sex_t,age_aggregate_yge65,geo_cov_nat,2014,10.576
srb,sex_t,age_aggregate_yge65,geo_cov_nat,2015,13.871
srb,sex_t,age_aggregate_yge65,geo_cov_nat,2016,14.277
srb,sex_t,age_aggregate_yge65,geo_cov_nat,2017,12.391
srb,sex_t,age_aggregate_yge65,geo_cov_nat,2018,9.374
srb,sex_t,age_aggregate_yge65,geo_cov_nat,2019,11.823
srb,sex_t,age_aggregate_yge65,geo_cov_nat,2020,11.974
srb,sex_t,age_aggregate_yge65,geo_cov_nat,2021,12.219
srb,sex_t,age_aggregate_yge65,geo_cov_nat,2022,11.164
srb,sex_t,age_aggregate_yge65,geo_cov_nat,2023,12.05
srb,sex_t,age_aggregate_yge65,geo_cov_nat,2024,9.678
srb,sex_t,age_aggregate_yge65,geo_cov_rur,2008,1.541
srb,sex_t,age_aggregate_yge65,geo_cov_rur,2009,1.328
srb,sex_t,age_aggregate_yge65,geo_cov_rur,2010,1.522
srb,sex_t,age_aggregate_yge65,geo_cov_rur,2011,4.626
srb,sex_t,age_aggregate_yge65,geo_cov_rur,2012,5.919
srb,sex_t,age_aggregate_yge65,geo_cov_rur,2013,3.548
srb,sex_t,age_aggregate_yge65,geo_cov_rur,2014,2.784
srb,sex_t,age_aggregate_yge65,geo_cov_rur,2015,3.659
srb,sex_t,age_aggregate_yge65,geo_cov_rur,2016,4.187
srb,sex_t,age_aggregate_yge65,geo_cov_rur,2017,3.335
srb,sex_t,age_aggregate_yge65,geo_cov_rur,2018,2.165
srb,sex_t,age_aggregate_yge65,geo_cov_rur,2019,2.987
srb,sex_t,age_aggregate_yge65,geo_cov_rur,2020,4.391
srb,sex_t,age_aggregate_yge65,geo_cov_rur,2021,13.151
srb,sex_t,age_aggregate_yge65,geo_cov_rur,2022,11.681
srb,sex_t,age_aggregate_yge65,geo_cov_rur,2023,12.41
srb,sex_t,age_aggregate_yge65,geo_cov_rur,2024,10.061
srb,sex_t,age_aggregate_yge65,geo_cov_urb,2007,26.576
srb,sex_t,age_aggregate_yge65,geo_cov_urb,2008,27.112
srb,sex_t,age_aggregate_yge65,geo_cov_urb,2009,32.268
srb,sex_t,age_aggregate_yge65,geo_cov_urb,2010,30.73
srb,sex_t,age_aggregate_yge65,geo_cov_urb,2011,51.015
srb,sex_t,age_aggregate_yge65,geo_cov_urb,2012,45.868
srb,sex_t,age_aggregate_yge65,geo_cov_urb,2013,39.627
srb,sex_t,age_aggregate_yge65,geo_cov_urb,2014,36.519
srb,sex_t,age_aggregate_yge65,geo_cov_urb,2015,39.969
srb,sex_t,age_aggregate_yge65,geo_cov_urb,2016,36.59
srb,sex_t,age_aggregate_yge65,geo_cov_urb,2017,33.736
srb,sex_t,age_aggregate_yge65,geo_cov_urb,2018,26.667
srb,sex_t,age_aggregate_yge65,geo_cov_urb,2019,31.087
srb,sex_t,age_aggregate_yge65,geo_cov_urb,2020,31.006
srb,sex_t,age_aggregate_yge65,geo_cov_urb,2021,8.587
srb,sex_t,age_aggregate_yge65,geo_cov_urb,2022,9.708
srb,sex_t,age_aggregate_yge65,geo_cov_urb,2023,10.6
srb,sex_t,age_aggregate_yge65,geo_cov_urb,2024,8.332
srb,sex_t,age_aggregate_yge65,geo_cov_x,2007,2.471
srb,sex_t,age_aggregate_yge65,geo_cov_x,2021,9.248
srb,sex_t,age_ythadult_y15_24,geo_cov_nat,2007,48.587
srb,sex_t,age_ythadult_y15_24,geo_cov_nat,2008,45.224
srb,sex_t,age_ythadult_y15_24,geo_cov_nat,2009,51.303
srb,sex_t,age_ythadult_y15_24,geo_cov_nat,2010,55.971
srb,sex_t,age_ythadult_y15_24,geo_cov_nat,2011,58.7
srb,sex_t,age_ythadult_y15_24,geo_cov_nat,2012,59.444
srb,sex_t,age_ythadult_y15_24,geo_cov_nat,2013,58.344
srb,sex_t,age_ythadult_y15_24,geo_cov_nat,2014,57.835
srb,sex_t,age_ythadult_y15_24,geo_cov_nat,2015,55.693
srb,sex_t,age_ythadult_y15_24,geo_cov_nat,2016,48.014
srb,sex_t,age_ythadult_y15_24,geo_cov_nat,2017,42.58
srb,sex_t,age_ythadult_y15_24,geo_cov_nat,2018,37.75
srb,sex_t,age_ythadult_y15_24,geo_cov_nat,2019,35.596
srb,sex_t,age_ythadult_y15_24,geo_cov_nat,2020,39.584
srb,sex_t,age_ythadult_y15_24,geo_cov_nat,2021,31.338
srb,sex_t,age_ythadult_y15_24,geo_cov_nat,2022,28.836
srb,sex_t,age_ythadult_y15_24,geo_cov_nat,2023,29.306
srb,sex_t,age_ythadult_y15_24,geo_cov_nat,2024,27.279
srb,sex_t,age_ythadult_y15_24,geo_cov_rur,2008,40.883
srb,sex_t,age_ythadult_y15_24,geo_cov_rur,2009,48.131
srb,sex_t,age_ythadult_y15_24,geo_cov_rur,2010,49.754
srb,sex_t,age_ythadult_y15_24,geo_cov_rur,2011,52.951
srb,sex_t,age_ythadult_y15_24,geo_cov_rur,2012,50.715
srb,sex_t,age_ythadult_y15_24,geo_cov_rur,2013,52.472
srb,sex_t,age_ythadult_y15_24,geo_cov_rur,2014,51.123
srb,sex_t,age_ythadult_y15_24,geo_cov_rur,2015,50.594
srb,sex_t,age_ythadult_y15_24,geo_cov_rur,2016,41.576
srb,sex_t,age_ythadult_y15_24,geo_cov_rur,2017,40.244
srb,sex_t,age_ythadult_y15_24,geo_cov_rur,2018,33.446
srb,sex_t,age_ythadult_y15_24,geo_cov_rur,2019,32.02
srb,sex_t,age_ythadult_y15_24,geo_cov_rur,2020,35.681
srb,sex_t,age_ythadult_y15_24,geo_cov_rur,2021,28.342
srb,sex_t,age_ythadult_y15_24,geo_cov_rur,2022,24.145
srb,sex_t,age_ythadult_y15_24,geo_cov_rur,2023,25.266
srb,sex_t,age_ythadult_y15_24,geo_cov_rur,2024,24.327
srb,sex_t,age_ythadult_y15_24,geo_cov_urb,2007,52.008
srb,sex_t,age_ythadult_y15_24,geo_cov_urb,2008,49.25
srb,sex_t,age_ythadult_y15_24,geo_cov_urb,2009,54.396
srb,sex_t,age_ythadult_y15_24,geo_cov_urb,2010,61.289
srb,sex_t,age_ythadult_y15_24,geo_cov_urb,2011,64.096
srb,sex_t,age_ythadult_y15_24,geo_cov_urb,2012,67.65
srb,sex_t,age_ythadult_y15_24,geo_cov_urb,2013,63.649
srb,sex_t,age_ythadult_y15_24,geo_cov_urb,2014,63.984
srb,sex_t,age_ythadult_y15_24,geo_cov_urb,2015,60.639
srb,sex_t,age_ythadult_y15_24,geo_cov_urb,2016,53.736
srb,sex_t,age_ythadult_y15_24,geo_cov_urb,2017,44.723
srb,sex_t,age_ythadult_y15_24,geo_cov_urb,2018,41.869
srb,sex_t,age_ythadult_y15_24,geo_cov_urb,2019,39.266
srb,sex_t,age_ythadult_y15_24,geo_cov_urb,2020,43.422
srb,sex_t,age_ythadult_y15_24,geo_cov_urb,2021,38.033
srb,sex_t,age_ythadult_y15_24,geo_cov_urb,2022,37.872
srb,sex_t,age_ythadult_y15_24,geo_cov_urb,2023,37.122
srb,sex_t,age_ythadult_y15_24,geo_cov_urb,2024,33.335
srb,sex_t,age_ythadult_y15_24,geo_cov_x,2007,44.219
srb,sex_t,age_ythadult_y15_24,geo_cov_x,2021,36.308
srb,sex_t,age_ythadult_y15_64,geo_cov_nat,2007,20.248
srb,sex_t,age_ythadult_y15_64,geo_cov_nat,2008,21.561
srb,sex_t,age_ythadult_y15_64,geo_cov_nat,2009,24.57
srb,sex_t,age_ythadult_y15_64,geo_cov_nat,2010,28.389
srb,sex_t,age_ythadult_y15_64,geo_cov_nat,2011,31.051
srb,sex_t,age_ythadult_y15_64,geo_cov_nat,2012,32.121
srb,sex_t,age_ythadult_y15_64,geo_cov_nat,2013,30.207
srb,sex_t,age_ythadult_y15_64,geo_cov_nat,2014,27.743
srb,sex_t,age_ythadult_y15_64,geo_cov_nat,2015,27.241
srb,sex_t,age_ythadult_y15_64,geo_cov_nat,2016,24.357
srb,sex_t,age_ythadult_y15_64,geo_cov_nat,2017,21.105
srb,sex_t,age_ythadult_y15_64,geo_cov_nat,2018,18.479
srb,sex_t,age_ythadult_y15_64,geo_cov_nat,2019,16.149
srb,sex_t,age_ythadult_y15_64,geo_cov_nat,2020,16.332
srb,sex_t,age_ythadult_y15_64,geo_cov_nat,2021,14.927
srb,sex_t,age_ythadult_y15_64,geo_cov_nat,2022,12.336
srb,sex_t,age_ythadult_y15_64,geo_cov_nat,2023,12.122
srb,sex_t,age_ythadult_y15_64,geo_cov_nat,2024,10.887
srb,sex_t,age_ythadult_y15_64,geo_cov_rur,2008,18.834
srb,sex_t,age_ythadult_y15_64,geo_cov_rur,2009,22.317
srb,sex_t,age_ythadult_y15_64,geo_cov_rur,2010,26.264
srb,sex_t,age_ythadult_y15_64,geo_cov_rur,2011,29.144
srb,sex_t,age_ythadult_y15_64,geo_cov_rur,2012,29.015
srb,sex_t,age_ythadult_y15_64,geo_cov_rur,2013,27.684
srb,sex_t,age_ythadult_y15_64,geo_cov_rur,2014,25.836
srb,sex_t,age_ythadult_y15_64,geo_cov_rur,2015,25.557
srb,sex_t,age_ythadult_y15_64,geo_cov_rur,2016,21.108
srb,sex_t,age_ythadult_y15_64,geo_cov_rur,2017,19.336
srb,sex_t,age_ythadult_y15_64,geo_cov_rur,2018,17.238
srb,sex_t,age_ythadult_y15_64,geo_cov_rur,2019,14.65
srb,sex_t,age_ythadult_y15_64,geo_cov_rur,2020,15.098
srb,sex_t,age_ythadult_y15_64,geo_cov_rur,2021,13.303
srb,sex_t,age_ythadult_y15_64,geo_cov_rur,2022,10.596
srb,sex_t,age_ythadult_y15_64,geo_cov_rur,2023,10.552
srb,sex_t,age_ythadult_y15_64,geo_cov_rur,2024,9.438
srb,sex_t,age_ythadult_y15_64,geo_cov_urb,2007,21.422
srb,sex_t,age_ythadult_y15_64,geo_cov_urb,2008,23.549
srb,sex_t,age_ythadult_y15_64,geo_cov_urb,2009,26.235
srb,sex_t,age_ythadult_y15_64,geo_cov_urb,2010,29.917
srb,sex_t,age_ythadult_y15_64,geo_cov_urb,2011,32.475
srb,sex_t,age_ythadult_y15_64,geo_cov_urb,2012,34.374
srb,sex_t,age_ythadult_y15_64,geo_cov_urb,2013,31.924
srb,sex_t,age_ythadult_y15_64,geo_cov_urb,2014,28.982
srb,sex_t,age_ythadult_y15_64,geo_cov_urb,2015,28.343
srb,sex_t,age_ythadult_y15_64,geo_cov_urb,2016,26.445
srb,sex_t,age_ythadult_y15_64,geo_cov_urb,2017,22.288
srb,sex_t,age_ythadult_y15_64,geo_cov_urb,2018,19.298
srb,sex_t,age_ythadult_y15_64,geo_cov_urb,2019,17.127
srb,sex_t,age_ythadult_y15_64,geo_cov_urb,2020,17.179
srb,sex_t,age_ythadult_y15_64,geo_cov_urb,2021,16.315
srb,sex_t,age_ythadult_y15_64,geo_cov_urb,2022,15.747
srb,sex_t,age_ythadult_y15_64,geo_cov_urb,2023,15.312
srb,sex_t,age_ythadult_y15_64,geo_cov_urb,2024,13.832
srb,sex_t,age_ythadult_y15_64,geo_cov_x,2007,18.525
srb,sex_t,age_ythadult_y15_64,geo_cov_x,2021,18.572
srb,sex_t,age_ythadult_yge15,geo_cov_nat,2007,19.557
srb,sex_t,age_ythadult_yge15,geo_cov_nat,2008,20.722
srb,sex_t,age_ythadult_yge15,geo_cov_nat,2009,23.698
srb,sex_t,age_ythadult_yge15,geo_cov_nat,2010,27.517
srb,sex_t,age_ythadult_yge15,geo_cov_nat,2011,30.527
srb,sex_t,age_ythadult_yge15,geo_cov_nat,2012,31.578
srb,sex_t,age_ythadult_yge15,geo_cov_nat,2013,29.451
srb,sex_t,age_ythadult_yge15,geo_cov_nat,2014,27.121
srb,sex_t,age_ythadult_yge15,geo_cov_nat,2015,26.784
srb,sex_t,age_ythadult_yge15,geo_cov_nat,2016,23.896
srb,sex_t,age_ythadult_yge15,geo_cov_nat,2017,20.691
srb,sex_t,age_ythadult_yge15,geo_cov_nat,2018,18.05
srb,sex_t,age_ythadult_yge15,geo_cov_nat,2019,15.911
srb,sex_t,age_ythadult_yge15,geo_cov_nat,2020,16.087
srb,sex_t,age_ythadult_yge15,geo_cov_nat,2021,14.746
srb,sex_t,age_ythadult_yge15,geo_cov_nat,2022,12.255
srb,sex_t,age_ythadult_yge15,geo_cov_nat,2023,12.116
srb,sex_t,age_ythadult_yge15,geo_cov_nat,2024,10.783
srb,sex_t,age_ythadult_yge15,geo_cov_rur,2008,17.125
srb,sex_t,age_ythadult_yge15,geo_cov_rur,2009,20.455
srb,sex_t,age_ythadult_yge15,geo_cov_rur,2010,24.383
srb,sex_t,age_ythadult_yge15,geo_cov_rur,2011,27.765
srb,sex_t,age_ythadult_yge15,geo_cov_rur,2012,27.722
srb,sex_t,age_ythadult_yge15,geo_cov_rur,2013,25.904
srb,sex_t,age_ythadult_yge15,geo_cov_rur,2014,24.259
srb,sex_t,age_ythadult_yge15,geo_cov_rur,2015,24.235
srb,sex_t,age_ythadult_yge15,geo_cov_rur,2016,19.793
srb,sex_t,age_ythadult_yge15,geo_cov_rur,2017,18.049
srb,sex_t,age_ythadult_yge15,geo_cov_rur,2018,16.022
srb,sex_t,age_ythadult_yge15,geo_cov_rur,2019,13.578
srb,sex_t,age_ythadult_yge15,geo_cov_rur,2020,14.084
srb,sex_t,age_ythadult_yge15,geo_cov_rur,2021,13.291
srb,sex_t,age_ythadult_yge15,geo_cov_rur,2022,10.678
srb,sex_t,age_ythadult_yge15,geo_cov_rur,2023,10.726
srb,sex_t,age_ythadult_yge15,geo_cov_rur,2024,9.5
srb,sex_t,age_ythadult_yge15,geo_cov_urb,2007,21.513
srb,sex_t,age_ythadult_yge15,geo_cov_urb,2008,23.595
srb,sex_t,age_ythadult_yge15,geo_cov_urb,2009,26.302
srb,sex_t,age_ythadult_yge15,geo_cov_urb,2010,29.927
srb,sex_t,age_ythadult_yge15,geo_cov_urb,2011,32.687
srb,sex_t,age_ythadult_yge15,geo_cov_urb,2012,34.508
srb,sex_t,age_ythadult_yge15,geo_cov_urb,2013,32.022
srb,sex_t,age_ythadult_yge15,geo_cov_urb,2014,29.088
srb,sex_t,age_ythadult_yge15,geo_cov_urb,2015,28.531
srb,sex_t,age_ythadult_yge15,geo_cov_urb,2016,26.687
srb,sex_t,age_ythadult_yge15,geo_cov_urb,2017,22.565
srb,sex_t,age_ythadult_yge15,geo_cov_urb,2018,19.471
srb,sex_t,age_ythadult_yge15,geo_cov_urb,2019,17.538
srb,sex_t,age_ythadult_yge15,geo_cov_urb,2020,17.564
srb,sex_t,age_ythadult_yge15,geo_cov_urb,2021,15.903
srb,sex_t,age_ythadult_yge15,geo_cov_urb,2022,15.42
srb,sex_t,age_ythadult_yge15,geo_cov_urb,2023,15.079
srb,sex_t,age_ythadult_yge15,geo_cov_urb,2024,13.506
srb,sex_t,age_ythadult_yge15,geo_cov_x,2007,16.925
srb,sex_t,age_ythadult_yge15,geo_cov_x,2021,18.17
srb,sex_t,age_ythadult_yge25,geo_cov_nat,2007,16.353
srb,sex_t,age_ythadult_yge25,geo_cov_nat,2008,18.089
srb,sex_t,age_ythadult_yge25,geo_cov_nat,2009,21.085
srb,sex_t,age_ythadult_yge25,geo_cov_nat,2010,24.718
srb,sex_t,age_ythadult_yge25,geo_cov_nat,2011,27.812
srb,sex_t,age_ythadult_yge25,geo_cov_nat,2012,28.846
srb,sex_t,age_ythadult_yge25,geo_cov_nat,2013,26.881
srb,sex_t,age_ythadult_yge25,geo_cov_nat,2014,24.41
srb,sex_t,age_ythadult_yge25,geo_cov_nat,2015,24.163
srb,sex_t,age_ythadult_yge25,geo_cov_nat,2016,21.789
srb,sex_t,age_ythadult_yge25,geo_cov_nat,2017,18.882
srb,sex_t,age_ythadult_yge25,geo_cov_nat,2018,16.538
srb,sex_t,age_ythadult_yge25,geo_cov_nat,2019,14.446
srb,sex_t,age_ythadult_yge25,geo_cov_nat,2020,14.311
srb,sex_t,age_ythadult_yge25,geo_cov_nat,2021,13.455
srb,sex_t,age_ythadult_yge25,geo_cov_nat,2022,11.047
srb,sex_t,age_ythadult_yge25,geo_cov_nat,2023,10.898
srb,sex_t,age_ythadult_yge25,geo_cov_nat,2024,9.592
srb,sex_t,age_ythadult_yge25,geo_cov_rur,2008,14.332
srb,sex_t,age_ythadult_yge25,geo_cov_rur,2009,17.52
srb,sex_t,age_ythadult_yge25,geo_cov_rur,2010,21.722
srb,sex_t,age_ythadult_yge25,geo_cov_rur,2011,25.061
srb,sex_t,age_ythadult_yge25,geo_cov_rur,2012,25.161
srb,sex_t,age_ythadult_yge25,geo_cov_rur,2013,23.206
srb,sex_t,age_ythadult_yge25,geo_cov_rur,2014,21.431
srb,sex_t,age_ythadult_yge25,geo_cov_rur,2015,21.285
srb,sex_t,age_ythadult_yge25,geo_cov_rur,2016,17.549
srb,sex_t,age_ythadult_yge25,geo_cov_rur,2017,15.91
srb,sex_t,age_ythadult_yge25,geo_cov_rur,2018,14.412
srb,sex_t,age_ythadult_yge25,geo_cov_rur,2019,11.857
srb,sex_t,age_ythadult_yge25,geo_cov_rur,2020,12.153
srb,sex_t,age_ythadult_yge25,geo_cov_rur,2021,12.162
srb,sex_t,age_ythadult_yge25,geo_cov_rur,2022,9.711
srb,sex_t,age_ythadult_yge25,geo_cov_rur,2023,9.73
srb,sex_t,age_ythadult_yge25,geo_cov_rur,2024,8.442
srb,sex_t,age_ythadult_yge25,geo_cov_urb,2007,18.231
srb,sex_t,age_ythadult_yge25,geo_cov_urb,2008,21.04
srb,sex_t,age_ythadult_yge25,geo_cov_urb,2009,23.894
srb,sex_t,age_ythadult_yge25,geo_cov_urb,2010,27
srb,sex_t,age_ythadult_yge25,geo_cov_urb,2011,29.926
srb,sex_t,age_ythadult_yge25,geo_cov_urb,2012,31.587
srb,sex_t,age_ythadult_yge25,geo_cov_urb,2013,29.493
srb,sex_t,age_ythadult_yge25,geo_cov_urb,2014,26.404
srb,sex_t,age_ythadult_yge25,geo_cov_urb,2015,26.073
srb,sex_t,age_ythadult_yge25,geo_cov_urb,2016,24.605
srb,sex_t,age_ythadult_yge25,geo_cov_urb,2017,20.947
srb,sex_t,age_ythadult_yge25,geo_cov_urb,2018,17.992
srb,sex_t,age_ythadult_yge25,geo_cov_urb,2019,16.2
srb,sex_t,age_ythadult_yge25,geo_cov_urb,2020,15.868
srb,sex_t,age_ythadult_yge25,geo_cov_urb,2021,14.108
srb,sex_t,age_ythadult_yge25,geo_cov_urb,2022,13.735
srb,sex_t,age_ythadult_yge25,geo_cov_urb,2023,13.405
srb,sex_t,age_ythadult_yge25,geo_cov_urb,2024,12.039
srb,sex_t,age_ythadult_yge25,geo_cov_x,2007,13.812
srb,sex_t,age_ythadult_yge25,geo_cov_x,2021,16.645
svn,sex_f,age_aggregate_total,geo_cov_nat,2005,9.941
svn,sex_f,age_aggregate_total,geo_cov_nat,2006,10.186
svn,sex_f,age_aggregate_total,geo_cov_nat,2007,8.342
svn,sex_f,age_aggregate_total,geo_cov_nat,2008,6.749
svn,sex_f,age_aggregate_total,geo_cov_nat,2009,8.364
svn,sex_f,age_aggregate_total,geo_cov_nat,2010,9.401
svn,sex_f,age_aggregate_total,geo_cov_nat,2011,10.331
svn,sex_f,age_aggregate_total,geo_cov_nat,2012,11.68
svn,sex_f,age_aggregate_total,geo_cov_nat,2013,13.819
svn,sex_f,age_aggregate_total,geo_cov_nat,2014,14.124
svn,sex_f,age_aggregate_total,geo_cov_nat,2015,13.04
svn,sex_f,age_aggregate_total,geo_cov_nat,2016,10.94
svn,sex_f,age_aggregate_total,geo_cov_nat,2017,9.091
svn,sex_f,age_aggregate_total,geo_cov_nat,2018,7.21
svn,sex_f,age_aggregate_total,geo_cov_nat,2019,6.313
svn,sex_f,age_aggregate_total,geo_cov_nat,2020,7.267
svn,sex_f,age_aggregate_total,geo_cov_nat,2021,8.413
svn,sex_f,age_aggregate_total,geo_cov_nat,2022,6.093
svn,sex_f,age_aggregate_total,geo_cov_nat,2023,5.606
svn,sex_f,age_aggregate_total,geo_cov_nat,2024,5.652
svn,sex_f,age_aggregate_total,geo_cov_rur,2005,9.952
svn,sex_f,age_aggregate_total,geo_cov_rur,2006,9.519
svn,sex_f,age_aggregate_total,geo_cov_rur,2007,8.256
svn,sex_f,age_aggregate_total,geo_cov_rur,2008,7.116
svn,sex_f,age_aggregate_total,geo_cov_rur,2009,8.35
svn,sex_f,age_aggregate_total,geo_cov_rur,2010,9.182
svn,sex_f,age_aggregate_total,geo_cov_rur,2011,10.193
svn,sex_f,age_aggregate_total,geo_cov_rur,2012,11.888
svn,sex_f,age_aggregate_total,geo_cov_rur,2013,13.781
svn,sex_f,age_aggregate_total,geo_cov_rur,2014,13.313
svn,sex_f,age_aggregate_total,geo_cov_rur,2015,13.075
svn,sex_f,age_aggregate_total,geo_cov_rur,2016,10.798
svn,sex_f,age_aggregate_total,geo_cov_rur,2017,8.838
svn,sex_f,age_aggregate_total,geo_cov_rur,2018,6.799
svn,sex_f,age_aggregate_total,geo_cov_rur,2019,6.303
svn,sex_f,age_aggregate_total,geo_cov_rur,2020,6.958
svn,sex_f,age_aggregate_total,geo_cov_rur,2021,8.329
svn,sex_f,age_aggregate_total,geo_cov_rur,2022,5.5
svn,sex_f,age_aggregate_total,geo_cov_rur,2023,4.997
svn,sex_f,age_aggregate_total,geo_cov_rur,2024,5.017
svn,sex_f,age_aggregate_total,geo_cov_urb,2005,9.93
svn,sex_f,age_aggregate_total,geo_cov_urb,2006,10.786
svn,sex_f,age_aggregate_total,geo_cov_urb,2007,8.413
svn,sex_f,age_aggregate_total,geo_cov_urb,2008,6.453
svn,sex_f,age_aggregate_total,geo_cov_urb,2009,8.375
svn,sex_f,age_aggregate_total,geo_cov_urb,2010,9.585
svn,sex_f,age_aggregate_total,geo_cov_urb,2011,10.444
svn,sex_f,age_aggregate_total,geo_cov_urb,2012,11.482
svn,sex_f,age_aggregate_total,geo_cov_urb,2013,13.855
svn,sex_f,age_aggregate_total,geo_cov_urb,2014,14.921
svn,sex_f,age_aggregate_total,geo_cov_urb,2015,13.006
svn,sex_f,age_aggregate_total,geo_cov_urb,2016,11.064
svn,sex_f,age_aggregate_total,geo_cov_urb,2017,9.3
svn,sex_f,age_aggregate_total,geo_cov_urb,2018,7.544
svn,sex_f,age_aggregate_total,geo_cov_urb,2019,6.32
svn,sex_f,age_aggregate_total,geo_cov_urb,2020,7.513
svn,sex_f,age_aggregate_total,geo_cov_urb,2021,8.48
svn,sex_f,age_aggregate_total,geo_cov_urb,2022,6.561
svn,sex_f,age_aggregate_total,geo_cov_urb,2023,6.11
svn,sex_f,age_aggregate_total,geo_cov_urb,2024,6.168
svn,sex_f,age_aggregate_y15_24,geo_cov_nat,2005,27.715
svn,sex_f,age_aggregate_y15_24,geo_cov_nat,2006,27.151
svn,sex_f,age_aggregate_y15_24,geo_cov_nat,2007,21.944
svn,sex_f,age_aggregate_y15_24,geo_cov_nat,2008,17.65
svn,sex_f,age_aggregate_y15_24,geo_cov_nat,2009,21.106
svn,sex_f,age_aggregate_y15_24,geo_cov_nat,2010,19.407
svn,sex_f,age_aggregate_y15_24,geo_cov_nat,2011,24.938
svn,sex_f,age_aggregate_y15_24,geo_cov_nat,2012,29.224
svn,sex_f,age_aggregate_y15_24,geo_cov_nat,2013,32.961
svn,sex_f,age_aggregate_y15_24,geo_cov_nat,2014,28.796
svn,sex_f,age_aggregate_y15_24,geo_cov_nat,2015,23.151
svn,sex_f,age_aggregate_y15_24,geo_cov_nat,2016,22.137
svn,sex_f,age_aggregate_y15_24,geo_cov_nat,2017,19.923
svn,sex_f,age_aggregate_y15_24,geo_cov_nat,2018,16.029
svn,sex_f,age_aggregate_y15_24,geo_cov_nat,2019,14.947
svn,sex_f,age_aggregate_y15_24,geo_cov_nat,2020,23.295
svn,sex_f,age_aggregate_y15_24,geo_cov_nat,2021,23.256
svn,sex_f,age_aggregate_y15_24,geo_cov_nat,2022,15.773
svn,sex_f,age_aggregate_y15_24,geo_cov_nat,2023,14.828
svn,sex_f,age_aggregate_y15_24,geo_cov_nat,2024,16.223
svn,sex_f,age_aggregate_y15_24,geo_cov_rur,2005,25.843
svn,sex_f,age_aggregate_y15_24,geo_cov_rur,2006,25.02
svn,sex_f,age_aggregate_y15_24,geo_cov_rur,2007,22.401
svn,sex_f,age_aggregate_y15_24,geo_cov_rur,2008,18.212
svn,sex_f,age_aggregate_y15_24,geo_cov_rur,2009,19.072
svn,sex_f,age_aggregate_y15_24,geo_cov_rur,2010,17.032
svn,sex_f,age_aggregate_y15_24,geo_cov_rur,2011,21.849
svn,sex_f,age_aggregate_y15_24,geo_cov_rur,2012,28.184
svn,sex_f,age_aggregate_y15_24,geo_cov_rur,2013,34.796
svn,sex_f,age_aggregate_y15_24,geo_cov_rur,2014,26.912
svn,sex_f,age_aggregate_y15_24,geo_cov_rur,2015,22.662
svn,sex_f,age_aggregate_y15_24,geo_cov_rur,2016,21.836
svn,sex_f,age_aggregate_y15_24,geo_cov_rur,2017,19.842
svn,sex_f,age_aggregate_y15_24,geo_cov_rur,2018,16.012
svn,sex_f,age_aggregate_y15_24,geo_cov_rur,2019,14.048
svn,sex_f,age_aggregate_y15_24,geo_cov_rur,2020,20.214
svn,sex_f,age_aggregate_y15_24,geo_cov_rur,2021,23.743
svn,sex_f,age_aggregate_y15_24,geo_cov_rur,2022,13.961
svn,sex_f,age_aggregate_y15_24,geo_cov_rur,2023,10.541
svn,sex_f,age_aggregate_y15_24,geo_cov_rur,2024,13.602
svn,sex_f,age_aggregate_y15_24,geo_cov_urb,2005,29.833
svn,sex_f,age_aggregate_y15_24,geo_cov_urb,2006,29.27
svn,sex_f,age_aggregate_y15_24,geo_cov_urb,2007,21.545
svn,sex_f,age_aggregate_y15_24,geo_cov_urb,2008,17.149
svn,sex_f,age_aggregate_y15_24,geo_cov_urb,2009,22.871
svn,sex_f,age_aggregate_y15_24,geo_cov_urb,2010,21.258
svn,sex_f,age_aggregate_y15_24,geo_cov_urb,2011,27.793
svn,sex_f,age_aggregate_y15_24,geo_cov_urb,2012,30.382
svn,sex_f,age_aggregate_y15_24,geo_cov_urb,2013,31.285
svn,sex_f,age_aggregate_y15_24,geo_cov_urb,2014,30.967
svn,sex_f,age_aggregate_y15_24,geo_cov_urb,2015,23.683
svn,sex_f,age_aggregate_y15_24,geo_cov_urb,2016,22.457
svn,sex_f,age_aggregate_y15_24,geo_cov_urb,2017,19.99
svn,sex_f,age_aggregate_y15_24,geo_cov_urb,2018,16.045
svn,sex_f,age_aggregate_y15_24,geo_cov_urb,2019,15.73
svn,sex_f,age_aggregate_y15_24,geo_cov_urb,2020,25.633
svn,sex_f,age_aggregate_y15_24,geo_cov_urb,2021,22.859
svn,sex_f,age_aggregate_y15_24,geo_cov_urb,2022,17.242
svn,sex_f,age_aggregate_y15_24,geo_cov_urb,2023,18.49
svn,sex_f,age_aggregate_y15_24,geo_cov_urb,2024,18.176
svn,sex_f,age_aggregate_y25_54,geo_cov_nat,2005,7.89
svn,sex_f,age_aggregate_y25_54,geo_cov_nat,2006,8.46
svn,sex_f,age_aggregate_y25_54,geo_cov_nat,2007,6.88
svn,sex_f,age_aggregate_y25_54,geo_cov_nat,2008,5.322
svn,sex_f,age_aggregate_y25_54,geo_cov_nat,2009,6.865
svn,sex_f,age_aggregate_y25_54,geo_cov_nat,2010,8.4
svn,sex_f,age_aggregate_y25_54,geo_cov_nat,2011,9.204
svn,sex_f,age_aggregate_y25_54,geo_cov_nat,2012,10.315
svn,sex_f,age_aggregate_y25_54,geo_cov_nat,2013,12.406
svn,sex_f,age_aggregate_y25_54,geo_cov_nat,2014,13.209
svn,sex_f,age_aggregate_y25_54,geo_cov_nat,2015,12.449
svn,sex_f,age_aggregate_y25_54,geo_cov_nat,2016,10.324
svn,sex_f,age_aggregate_y25_54,geo_cov_nat,2017,8.359
svn,sex_f,age_aggregate_y25_54,geo_cov_nat,2018,6.681
svn,sex_f,age_aggregate_y25_54,geo_cov_nat,2019,5.656
svn,sex_f,age_aggregate_y25_54,geo_cov_nat,2020,6.319
svn,sex_f,age_aggregate_y25_54,geo_cov_nat,2021,6.69
svn,sex_f,age_aggregate_y25_54,geo_cov_nat,2022,4.814
svn,sex_f,age_aggregate_y25_54,geo_cov_nat,2023,4.425
svn,sex_f,age_aggregate_y25_54,geo_cov_nat,2024,4.588
svn,sex_f,age_aggregate_y25_54,geo_cov_rur,2005,8.078
svn,sex_f,age_aggregate_y25_54,geo_cov_rur,2006,7.958
svn,sex_f,age_aggregate_y25_54,geo_cov_rur,2007,6.548
svn,sex_f,age_aggregate_y25_54,geo_cov_rur,2008,5.931
svn,sex_f,age_aggregate_y25_54,geo_cov_rur,2009,7.099
svn,sex_f,age_aggregate_y25_54,geo_cov_rur,2010,8.469
svn,sex_f,age_aggregate_y25_54,geo_cov_rur,2011,9.57
svn,sex_f,age_aggregate_y25_54,geo_cov_rur,2012,10.883
svn,sex_f,age_aggregate_y25_54,geo_cov_rur,2013,12.506
svn,sex_f,age_aggregate_y25_54,geo_cov_rur,2014,12.69
svn,sex_f,age_aggregate_y25_54,geo_cov_rur,2015,12.725
svn,sex_f,age_aggregate_y25_54,geo_cov_rur,2016,10.093
svn,sex_f,age_aggregate_y25_54,geo_cov_rur,2017,8.06
svn,sex_f,age_aggregate_y25_54,geo_cov_rur,2018,6.473
svn,sex_f,age_aggregate_y25_54,geo_cov_rur,2019,5.593
svn,sex_f,age_aggregate_y25_54,geo_cov_rur,2020,6.299
svn,sex_f,age_aggregate_y25_54,geo_cov_rur,2021,6.962
svn,sex_f,age_aggregate_y25_54,geo_cov_rur,2022,4.442
svn,sex_f,age_aggregate_y25_54,geo_cov_rur,2023,4.071
svn,sex_f,age_aggregate_y25_54,geo_cov_rur,2024,3.829
svn,sex_f,age_aggregate_y25_54,geo_cov_urb,2005,7.711
svn,sex_f,age_aggregate_y25_54,geo_cov_urb,2006,8.896
svn,sex_f,age_aggregate_y25_54,geo_cov_urb,2007,7.147
svn,sex_f,age_aggregate_y25_54,geo_cov_urb,2008,4.849
svn,sex_f,age_aggregate_y25_54,geo_cov_urb,2009,6.671
svn,sex_f,age_aggregate_y25_54,geo_cov_urb,2010,8.342
svn,sex_f,age_aggregate_y25_54,geo_cov_urb,2011,8.91
svn,sex_f,age_aggregate_y25_54,geo_cov_urb,2012,9.79
svn,sex_f,age_aggregate_y25_54,geo_cov_urb,2013,12.313
svn,sex_f,age_aggregate_y25_54,geo_cov_urb,2014,13.706
svn,sex_f,age_aggregate_y25_54,geo_cov_urb,2015,12.183
svn,sex_f,age_aggregate_y25_54,geo_cov_urb,2016,10.523
svn,sex_f,age_aggregate_y25_54,geo_cov_urb,2017,8.603
svn,sex_f,age_aggregate_y25_54,geo_cov_urb,2018,6.848
svn,sex_f,age_aggregate_y25_54,geo_cov_urb,2019,5.705
svn,sex_f,age_aggregate_y25_54,geo_cov_urb,2020,6.336
svn,sex_f,age_aggregate_y25_54,geo_cov_urb,2021,6.476
svn,sex_f,age_aggregate_y25_54,geo_cov_urb,2022,5.108
svn,sex_f,age_aggregate_y25_54,geo_cov_urb,2023,4.721
svn,sex_f,age_aggregate_y25_54,geo_cov_urb,2024,5.226
svn,sex_f,age_aggregate_y55_64,geo_cov_nat,2005,7.894
svn,sex_f,age_aggregate_y55_64,geo_cov_nat,2006,7.246
svn,sex_f,age_aggregate_y55_64,geo_cov_nat,2007,9.008
svn,sex_f,age_aggregate_y55_64,geo_cov_nat,2008,10.304
svn,sex_f,age_aggregate_y55_64,geo_cov_nat,2009,11.24
svn,sex_f,age_aggregate_y55_64,geo_cov_nat,2010,11.049
svn,sex_f,age_aggregate_y55_64,geo_cov_nat,2011,9.473
svn,sex_f,age_aggregate_y55_64,geo_cov_nat,2012,11.868
svn,sex_f,age_aggregate_y55_64,geo_cov_nat,2013,13.207
svn,sex_f,age_aggregate_y55_64,geo_cov_nat,2014,14.271
svn,sex_f,age_aggregate_y55_64,geo_cov_nat,2015,12.222
svn,sex_f,age_aggregate_y55_64,geo_cov_nat,2016,9.505
svn,sex_f,age_aggregate_y55_64,geo_cov_nat,2017,8.275
svn,sex_f,age_aggregate_y55_64,geo_cov_nat,2018,6.337
svn,sex_f,age_aggregate_y55_64,geo_cov_nat,2019,6.226
svn,sex_f,age_aggregate_y55_64,geo_cov_nat,2020,6.284
svn,sex_f,age_aggregate_y55_64,geo_cov_nat,2021,8.336
svn,sex_f,age_aggregate_y55_64,geo_cov_nat,2022,6.381
svn,sex_f,age_aggregate_y55_64,geo_cov_nat,2023,5.52
svn,sex_f,age_aggregate_y55_64,geo_cov_nat,2024,5.054
svn,sex_f,age_aggregate_y55_64,geo_cov_rur,2005,7.222
svn,sex_f,age_aggregate_y55_64,geo_cov_rur,2006,6.348
svn,sex_f,age_aggregate_y55_64,geo_cov_rur,2007,11.936
svn,sex_f,age_aggregate_y55_64,geo_cov_rur,2008,7.404
svn,sex_f,age_aggregate_y55_64,geo_cov_rur,2009,12.734
svn,sex_f,age_aggregate_y55_64,geo_cov_rur,2010,11.511
svn,sex_f,age_aggregate_y55_64,geo_cov_rur,2011,6.869
svn,sex_f,age_aggregate_y55_64,geo_cov_rur,2012,9.659
svn,sex_f,age_aggregate_y55_64,geo_cov_rur,2013,11.57
svn,sex_f,age_aggregate_y55_64,geo_cov_rur,2014,12.187
svn,sex_f,age_aggregate_y55_64,geo_cov_rur,2015,11.144
svn,sex_f,age_aggregate_y55_64,geo_cov_rur,2016,9.806
svn,sex_f,age_aggregate_y55_64,geo_cov_rur,2017,8.484
svn,sex_f,age_aggregate_y55_64,geo_cov_rur,2018,4.647
svn,sex_f,age_aggregate_y55_64,geo_cov_rur,2019,6.765
svn,sex_f,age_aggregate_y55_64,geo_cov_rur,2020,5.785
svn,sex_f,age_aggregate_y55_64,geo_cov_rur,2021,7.113
svn,sex_f,age_aggregate_y55_64,geo_cov_rur,2022,5.524
svn,sex_f,age_aggregate_y55_64,geo_cov_rur,2023,5.288
svn,sex_f,age_aggregate_y55_64,geo_cov_rur,2024,6.563
svn,sex_f,age_aggregate_y55_64,geo_cov_urb,2005,8.6
svn,sex_f,age_aggregate_y55_64,geo_cov_urb,2006,8.034
svn,sex_f,age_aggregate_y55_64,geo_cov_urb,2007,6.768
svn,sex_f,age_aggregate_y55_64,geo_cov_urb,2008,12.671
svn,sex_f,age_aggregate_y55_64,geo_cov_urb,2009,10.205
svn,sex_f,age_aggregate_y55_64,geo_cov_urb,2010,10.707
svn,sex_f,age_aggregate_y55_64,geo_cov_urb,2011,11.833
svn,sex_f,age_aggregate_y55_64,geo_cov_urb,2012,14.011
svn,sex_f,age_aggregate_y55_64,geo_cov_urb,2013,14.693
svn,sex_f,age_aggregate_y55_64,geo_cov_urb,2014,16.138
svn,sex_f,age_aggregate_y55_64,geo_cov_urb,2015,13.167
svn,sex_f,age_aggregate_y55_64,geo_cov_urb,2016,9.27
svn,sex_f,age_aggregate_y55_64,geo_cov_urb,2017,8.105
svn,sex_f,age_aggregate_y55_64,geo_cov_urb,2018,7.596
svn,sex_f,age_aggregate_y55_64,geo_cov_urb,2019,5.815
svn,sex_f,age_aggregate_y55_64,geo_cov_urb,2020,6.698
svn,sex_f,age_aggregate_y55_64,geo_cov_urb,2021,9.305
svn,sex_f,age_aggregate_y55_64,geo_cov_urb,2022,7.029
svn,sex_f,age_aggregate_y55_64,geo_cov_urb,2023,5.693
svn,sex_f,age_aggregate_y55_64,geo_cov_urb,2024,3.969
svn,sex_f,age_aggregate_yge65,geo_cov_nat,2021,24.731
svn,sex_f,age_aggregate_yge65,geo_cov_nat,2022,19.155
svn,sex_f,age_aggregate_yge65,geo_cov_nat,2023,19.887
svn,sex_f,age_aggregate_yge65,geo_cov_nat,2024,16.972
svn,sex_f,age_aggregate_yge65,geo_cov_rur,2021,16.713
svn,sex_f,age_aggregate_yge65,geo_cov_rur,2022,15.396
svn,sex_f,age_aggregate_yge65,geo_cov_rur,2023,16.378
svn,sex_f,age_aggregate_yge65,geo_cov_rur,2024,10.515
svn,sex_f,age_aggregate_yge65,geo_cov_urb,2021,30.701
svn,sex_f,age_aggregate_yge65,geo_cov_urb,2022,22.55
svn,sex_f,age_aggregate_yge65,geo_cov_urb,2023,24.258
svn,sex_f,age_aggregate_yge65,geo_cov_urb,2024,22.402
svn,sex_f,age_ythadult_y15_24,geo_cov_nat,2005,27.715
svn,sex_f,age_ythadult_y15_24,geo_cov_nat,2006,27.151
svn,sex_f,age_ythadult_y15_24,geo_cov_nat,2007,21.944
svn,sex_f,age_ythadult_y15_24,geo_cov_nat,2008,17.65
svn,sex_f,age_ythadult_y15_24,geo_cov_nat,2009,21.106
svn,sex_f,age_ythadult_y15_24,geo_cov_nat,2010,19.407
svn,sex_f,age_ythadult_y15_24,geo_cov_nat,2011,24.938
svn,sex_f,age_ythadult_y15_24,geo_cov_nat,2012,29.224
svn,sex_f,age_ythadult_y15_24,geo_cov_nat,2013,32.961
svn,sex_f,age_ythadult_y15_24,geo_cov_nat,2014,28.796
svn,sex_f,age_ythadult_y15_24,geo_cov_nat,2015,23.151
svn,sex_f,age_ythadult_y15_24,geo_cov_nat,2016,22.137
svn,sex_f,age_ythadult_y15_24,geo_cov_nat,2017,19.923
svn,sex_f,age_ythadult_y15_24,geo_cov_nat,2018,16.029
svn,sex_f,age_ythadult_y15_24,geo_cov_nat,2019,14.947
svn,sex_f,age_ythadult_y15_24,geo_cov_nat,2020,23.295
svn,sex_f,age_ythadult_y15_24,geo_cov_nat,2021,23.256
svn,sex_f,age_ythadult_y15_24,geo_cov_nat,2022,15.773
svn,sex_f,age_ythadult_y15_24,geo_cov_nat,2023,14.828
svn,sex_f,age_ythadult_y15_24,geo_cov_nat,2024,16.223
svn,sex_f,age_ythadult_y15_24,geo_cov_rur,2005,25.843
svn,sex_f,age_ythadult_y15_24,geo_cov_rur,2006,25.02
svn,sex_f,age_ythadult_y15_24,geo_cov_rur,2007,22.401
svn,sex_f,age_ythadult_y15_24,geo_cov_rur,2008,18.212
svn,sex_f,age_ythadult_y15_24,geo_cov_rur,2009,19.072
svn,sex_f,age_ythadult_y15_24,geo_cov_rur,2010,17.032
svn,sex_f,age_ythadult_y15_24,geo_cov_rur,2011,21.849
svn,sex_f,age_ythadult_y15_24,geo_cov_rur,2012,28.184
svn,sex_f,age_ythadult_y15_24,geo_cov_rur,2013,34.796
svn,sex_f,age_ythadult_y15_24,geo_cov_rur,2014,26.912
svn,sex_f,age_ythadult_y15_24,geo_cov_rur,2015,22.662
svn,sex_f,age_ythadult_y15_24,geo_cov_rur,2016,21.836
svn,sex_f,age_ythadult_y15_24,geo_cov_rur,2017,19.842
svn,sex_f,age_ythadult_y15_24,geo_cov_rur,2018,16.012
svn,sex_f,age_ythadult_y15_24,geo_cov_rur,2019,14.048
svn,sex_f,age_ythadult_y15_24,geo_cov_rur,2020,20.214
svn,sex_f,age_ythadult_y15_24,geo_cov_rur,2021,23.743
svn,sex_f,age_ythadult_y15_24,geo_cov_rur,2022,13.961
svn,sex_f,age_ythadult_y15_24,geo_cov_rur,2023,10.541
svn,sex_f,age_ythadult_y15_24,geo_cov_rur,2024,13.602
svn,sex_f,age_ythadult_y15_24,geo_cov_urb,2005,29.833
svn,sex_f,age_ythadult_y15_24,geo_cov_urb,2006,29.27
svn,sex_f,age_ythadult_y15_24,geo_cov_urb,2007,21.545
svn,sex_f,age_ythadult_y15_24,geo_cov_urb,2008,17.149
svn,sex_f,age_ythadult_y15_24,geo_cov_urb,2009,22.871
svn,sex_f,age_ythadult_y15_24,geo_cov_urb,2010,21.258
svn,sex_f,age_ythadult_y15_24,geo_cov_urb,2011,27.793
svn,sex_f,age_ythadult_y15_24,geo_cov_urb,2012,30.382
svn,sex_f,age_ythadult_y15_24,geo_cov_urb,2013,31.285
svn,sex_f,age_ythadult_y15_24,geo_cov_urb,2014,30.967
svn,sex_f,age_ythadult_y15_24,geo_cov_urb,2015,23.683
svn,sex_f,age_ythadult_y15_24,geo_cov_urb,2016,22.457
svn,sex_f,age_ythadult_y15_24,geo_cov_urb,2017,19.99
svn,sex_f,age_ythadult_y15_24,geo_cov_urb,2018,16.045
svn,sex_f,age_ythadult_y15_24,geo_cov_urb,2019,15.73
svn,sex_f,age_ythadult_y15_24,geo_cov_urb,2020,25.633
svn,sex_f,age_ythadult_y15_24,geo_cov_urb,2021,22.859
svn,sex_f,age_ythadult_y15_24,geo_cov_urb,2022,17.242
svn,sex_f,age_ythadult_y15_24,geo_cov_urb,2023,18.49
svn,sex_f,age_ythadult_y15_24,geo_cov_urb,2024,18.176
svn,sex_f,age_ythadult_y15_64,geo_cov_nat,2005,10.142
svn,sex_f,age_ythadult_y15_64,geo_cov_nat,2006,10.41
svn,sex_f,age_ythadult_y15_64,geo_cov_nat,2007,8.573
svn,sex_f,age_ythadult_y15_64,geo_cov_nat,2008,6.875
svn,sex_f,age_ythadult_y15_64,geo_cov_nat,2009,8.532
svn,sex_f,age_ythadult_y15_64,geo_cov_nat,2010,9.561
svn,sex_f,age_ythadult_y15_64,geo_cov_nat,2011,10.538
svn,sex_f,age_ythadult_y15_64,geo_cov_nat,2012,11.846
svn,sex_f,age_ythadult_y15_64,geo_cov_nat,2013,14.026
svn,sex_f,age_ythadult_y15_64,geo_cov_nat,2014,14.437
svn,sex_f,age_ythadult_y15_64,geo_cov_nat,2015,13.227
svn,sex_f,age_ythadult_y15_64,geo_cov_nat,2016,11.064
svn,sex_f,age_ythadult_y15_64,geo_cov_nat,2017,9.196
svn,sex_f,age_ythadult_y15_64,geo_cov_nat,2018,7.3
svn,sex_f,age_ythadult_y15_64,geo_cov_nat,2019,6.37
svn,sex_f,age_ythadult_y15_64,geo_cov_nat,2020,7.347
svn,sex_f,age_ythadult_y15_64,geo_cov_nat,2021,8.13
svn,sex_f,age_ythadult_y15_64,geo_cov_nat,2022,5.862
svn,sex_f,age_ythadult_y15_64,geo_cov_nat,2023,5.332
svn,sex_f,age_ythadult_y15_64,geo_cov_nat,2024,5.468
svn,sex_f,age_ythadult_y15_64,geo_cov_rur,2005,10.204
svn,sex_f,age_ythadult_y15_64,geo_cov_rur,2006,9.828
svn,sex_f,age_ythadult_y15_64,geo_cov_rur,2007,8.591
svn,sex_f,age_ythadult_y15_64,geo_cov_rur,2008,7.346
svn,sex_f,age_ythadult_y15_64,geo_cov_rur,2009,8.636
svn,sex_f,age_ythadult_y15_64,geo_cov_rur,2010,9.408
svn,sex_f,age_ythadult_y15_64,geo_cov_rur,2011,10.452
svn,sex_f,age_ythadult_y15_64,geo_cov_rur,2012,12.162
svn,sex_f,age_ythadult_y15_64,geo_cov_rur,2013,14.091
svn,sex_f,age_ythadult_y15_64,geo_cov_rur,2014,13.751
svn,sex_f,age_ythadult_y15_64,geo_cov_rur,2015,13.353
svn,sex_f,age_ythadult_y15_64,geo_cov_rur,2016,10.98
svn,sex_f,age_ythadult_y15_64,geo_cov_rur,2017,8.979
svn,sex_f,age_ythadult_y15_64,geo_cov_rur,2018,6.941
svn,sex_f,age_ythadult_y15_64,geo_cov_rur,2019,6.369
svn,sex_f,age_ythadult_y15_64,geo_cov_rur,2020,7.038
svn,sex_f,age_ythadult_y15_64,geo_cov_rur,2021,8.188
svn,sex_f,age_ythadult_y15_64,geo_cov_rur,2022,5.311
svn,sex_f,age_ythadult_y15_64,geo_cov_rur,2023,4.729
svn,sex_f,age_ythadult_y15_64,geo_cov_rur,2024,4.926
svn,sex_f,age_ythadult_y15_64,geo_cov_urb,2005,10.082
svn,sex_f,age_ythadult_y15_64,geo_cov_urb,2006,10.924
svn,sex_f,age_ythadult_y15_64,geo_cov_urb,2007,8.559
svn,sex_f,age_ythadult_y15_64,geo_cov_urb,2008,6.504
svn,sex_f,age_ythadult_y15_64,geo_cov_urb,2009,8.447
svn,sex_f,age_ythadult_y15_64,geo_cov_urb,2010,9.688
svn,sex_f,age_ythadult_y15_64,geo_cov_urb,2011,10.608
svn,sex_f,age_ythadult_y15_64,geo_cov_urb,2012,11.549
svn,sex_f,age_ythadult_y15_64,geo_cov_urb,2013,13.966
svn,sex_f,age_ythadult_y15_64,geo_cov_urb,2014,15.097
svn,sex_f,age_ythadult_y15_64,geo_cov_urb,2015,13.106
svn,sex_f,age_ythadult_y15_64,geo_cov_urb,2016,11.137
svn,sex_f,age_ythadult_y15_64,geo_cov_urb,2017,9.374
svn,sex_f,age_ythadult_y15_64,geo_cov_urb,2018,7.589
svn,sex_f,age_ythadult_y15_64,geo_cov_urb,2019,6.371
svn,sex_f,age_ythadult_y15_64,geo_cov_urb,2020,7.594
svn,sex_f,age_ythadult_y15_64,geo_cov_urb,2021,8.083
svn,sex_f,age_ythadult_y15_64,geo_cov_urb,2022,6.295
svn,sex_f,age_ythadult_y15_64,geo_cov_urb,2023,5.828
svn,sex_f,age_ythadult_y15_64,geo_cov_urb,2024,5.908
svn,sex_f,age_ythadult_yge15,geo_cov_nat,2005,9.941
svn,sex_f,age_ythadult_yge15,geo_cov_nat,2006,10.186
svn,sex_f,age_ythadult_yge15,geo_cov_nat,2007,8.342
svn,sex_f,age_ythadult_yge15,geo_cov_nat,2008,6.749
svn,sex_f,age_ythadult_yge15,geo_cov_nat,2009,8.364
svn,sex_f,age_ythadult_yge15,geo_cov_nat,2010,9.401
svn,sex_f,age_ythadult_yge15,geo_cov_nat,2011,10.331
svn,sex_f,age_ythadult_yge15,geo_cov_nat,2012,11.68
svn,sex_f,age_ythadult_yge15,geo_cov_nat,2013,13.819
svn,sex_f,age_ythadult_yge15,geo_cov_nat,2014,14.124
svn,sex_f,age_ythadult_yge15,geo_cov_nat,2015,13.04
svn,sex_f,age_ythadult_yge15,geo_cov_nat,2016,10.94
svn,sex_f,age_ythadult_yge15,geo_cov_nat,2017,9.091
svn,sex_f,age_ythadult_yge15,geo_cov_nat,2018,7.21
svn,sex_f,age_ythadult_yge15,geo_cov_nat,2019,6.313
svn,sex_f,age_ythadult_yge15,geo_cov_nat,2020,7.267
svn,sex_f,age_ythadult_yge15,geo_cov_nat,2021,8.413
svn,sex_f,age_ythadult_yge15,geo_cov_nat,2022,6.093
svn,sex_f,age_ythadult_yge15,geo_cov_nat,2023,5.606
svn,sex_f,age_ythadult_yge15,geo_cov_nat,2024,5.652
svn,sex_f,age_ythadult_yge15,geo_cov_rur,2005,9.952
svn,sex_f,age_ythadult_yge15,geo_cov_rur,2006,9.519
svn,sex_f,age_ythadult_yge15,geo_cov_rur,2007,8.256
svn,sex_f,age_ythadult_yge15,geo_cov_rur,2008,7.116
svn,sex_f,age_ythadult_yge15,geo_cov_rur,2009,8.35
svn,sex_f,age_ythadult_yge15,geo_cov_rur,2010,9.182
svn,sex_f,age_ythadult_yge15,geo_cov_rur,2011,10.193
svn,sex_f,age_ythadult_yge15,geo_cov_rur,2012,11.888
svn,sex_f,age_ythadult_yge15,geo_cov_rur,2013,13.781
svn,sex_f,age_ythadult_yge15,geo_cov_rur,2014,13.313
svn,sex_f,age_ythadult_yge15,geo_cov_rur,2015,13.075
svn,sex_f,age_ythadult_yge15,geo_cov_rur,2016,10.798
svn,sex_f,age_ythadult_yge15,geo_cov_rur,2017,8.838
svn,sex_f,age_ythadult_yge15,geo_cov_rur,2018,6.799
svn,sex_f,age_ythadult_yge15,geo_cov_rur,2019,6.303
svn,sex_f,age_ythadult_yge15,geo_cov_rur,2020,6.958
svn,sex_f,age_ythadult_yge15,geo_cov_rur,2021,8.329
svn,sex_f,age_ythadult_yge15,geo_cov_rur,2022,5.5
svn,sex_f,age_ythadult_yge15,geo_cov_rur,2023,4.997
svn,sex_f,age_ythadult_yge15,geo_cov_rur,2024,5.017
svn,sex_f,age_ythadult_yge15,geo_cov_urb,2005,9.93
svn,sex_f,age_ythadult_yge15,geo_cov_urb,2006,10.786
svn,sex_f,age_ythadult_yge15,geo_cov_urb,2007,8.413
svn,sex_f,age_ythadult_yge15,geo_cov_urb,2008,6.453
svn,sex_f,age_ythadult_yge15,geo_cov_urb,2009,8.375
svn,sex_f,age_ythadult_yge15,geo_cov_urb,2010,9.585
svn,sex_f,age_ythadult_yge15,geo_cov_urb,2011,10.444
svn,sex_f,age_ythadult_yge15,geo_cov_urb,2012,11.482
svn,sex_f,age_ythadult_yge15,geo_cov_urb,2013,13.855
svn,sex_f,age_ythadult_yge15,geo_cov_urb,2014,14.921
svn,sex_f,age_ythadult_yge15,geo_cov_urb,2015,13.006
svn,sex_f,age_ythadult_yge15,geo_cov_urb,2016,11.064
svn,sex_f,age_ythadult_yge15,geo_cov_urb,2017,9.3
svn,sex_f,age_ythadult_yge15,geo_cov_urb,2018,7.544
svn,sex_f,age_ythadult_yge15,geo_cov_urb,2019,6.32
svn,sex_f,age_ythadult_yge15,geo_cov_urb,2020,7.513
svn,sex_f,age_ythadult_yge15,geo_cov_urb,2021,8.48
svn,sex_f,age_ythadult_yge15,geo_cov_urb,2022,6.561
svn,sex_f,age_ythadult_yge15,geo_cov_urb,2023,6.11
svn,sex_f,age_ythadult_yge15,geo_cov_urb,2024,6.168
svn,sex_f,age_ythadult_yge25,geo_cov_nat,2005,7.72
svn,sex_f,age_ythadult_yge25,geo_cov_nat,2006,8.183
svn,sex_f,age_ythadult_yge25,geo_cov_nat,2007,6.821
svn,sex_f,age_ythadult_yge25,geo_cov_nat,2008,5.556
svn,sex_f,age_ythadult_yge25,geo_cov_nat,2009,7.064
svn,sex_f,age_ythadult_yge25,geo_cov_nat,2010,8.471
svn,sex_f,age_ythadult_yge25,geo_cov_nat,2011,9.029
svn,sex_f,age_ythadult_yge25,geo_cov_nat,2012,10.307
svn,sex_f,age_ythadult_yge25,geo_cov_nat,2013,12.287
svn,sex_f,age_ythadult_yge25,geo_cov_nat,2014,13.02
svn,sex_f,age_ythadult_yge25,geo_cov_nat,2015,12.233
svn,sex_f,age_ythadult_yge25,geo_cov_nat,2016,10.1
svn,sex_f,age_ythadult_yge25,geo_cov_nat,2017,8.245
svn,sex_f,age_ythadult_yge25,geo_cov_nat,2018,6.543
svn,sex_f,age_ythadult_yge25,geo_cov_nat,2019,5.69
svn,sex_f,age_ythadult_yge25,geo_cov_nat,2020,6.24
svn,sex_f,age_ythadult_yge25,geo_cov_nat,2021,7.31
svn,sex_f,age_ythadult_yge25,geo_cov_nat,2022,5.367
svn,sex_f,age_ythadult_yge25,geo_cov_nat,2023,4.94
svn,sex_f,age_ythadult_yge25,geo_cov_nat,2024,4.889
svn,sex_f,age_ythadult_yge25,geo_cov_rur,2005,7.817
svn,sex_f,age_ythadult_yge25,geo_cov_rur,2006,7.579
svn,sex_f,age_ythadult_yge25,geo_cov_rur,2007,6.623
svn,sex_f,age_ythadult_yge25,geo_cov_rur,2008,5.826
svn,sex_f,age_ythadult_yge25,geo_cov_rur,2009,7.235
svn,sex_f,age_ythadult_yge25,geo_cov_rur,2010,8.485
svn,sex_f,age_ythadult_yge25,geo_cov_rur,2011,9.084
svn,sex_f,age_ythadult_yge25,geo_cov_rur,2012,10.504
svn,sex_f,age_ythadult_yge25,geo_cov_rur,2013,12.122
svn,sex_f,age_ythadult_yge25,geo_cov_rur,2014,12.199
svn,sex_f,age_ythadult_yge25,geo_cov_rur,2015,12.265
svn,sex_f,age_ythadult_yge25,geo_cov_rur,2016,9.879
svn,sex_f,age_ythadult_yge25,geo_cov_rur,2017,7.98
svn,sex_f,age_ythadult_yge25,geo_cov_rur,2018,6.074
svn,sex_f,age_ythadult_yge25,geo_cov_rur,2019,5.708
svn,sex_f,age_ythadult_yge25,geo_cov_rur,2020,6.136
svn,sex_f,age_ythadult_yge25,geo_cov_rur,2021,7.162
svn,sex_f,age_ythadult_yge25,geo_cov_rur,2022,4.855
svn,sex_f,age_ythadult_yge25,geo_cov_rur,2023,4.59
svn,sex_f,age_ythadult_yge25,geo_cov_rur,2024,4.428
svn,sex_f,age_ythadult_yge25,geo_cov_urb,2005,7.626
svn,sex_f,age_ythadult_yge25,geo_cov_urb,2006,8.719
svn,sex_f,age_ythadult_yge25,geo_cov_urb,2007,6.984
svn,sex_f,age_ythadult_yge25,geo_cov_urb,2008,5.341
svn,sex_f,age_ythadult_yge25,geo_cov_urb,2009,6.921
svn,sex_f,age_ythadult_yge25,geo_cov_urb,2010,8.46
svn,sex_f,age_ythadult_yge25,geo_cov_urb,2011,8.984
svn,sex_f,age_ythadult_yge25,geo_cov_urb,2012,10.12
svn,sex_f,age_ythadult_yge25,geo_cov_urb,2013,12.442
svn,sex_f,age_ythadult_yge25,geo_cov_urb,2014,13.816
svn,sex_f,age_ythadult_yge25,geo_cov_urb,2015,12.202
svn,sex_f,age_ythadult_yge25,geo_cov_urb,2016,10.291
svn,sex_f,age_ythadult_yge25,geo_cov_urb,2017,8.464
svn,sex_f,age_ythadult_yge25,geo_cov_urb,2018,6.923
svn,sex_f,age_ythadult_yge25,geo_cov_urb,2019,5.675
svn,sex_f,age_ythadult_yge25,geo_cov_urb,2020,6.323
svn,sex_f,age_ythadult_yge25,geo_cov_urb,2021,7.427
svn,sex_f,age_ythadult_yge25,geo_cov_urb,2022,5.771
svn,sex_f,age_ythadult_yge25,geo_cov_urb,2023,5.23
svn,sex_f,age_ythadult_yge25,geo_cov_urb,2024,5.265
svn,sex_m,age_aggregate_total,geo_cov_nat,2005,8.201
svn,sex_m,age_aggregate_total,geo_cov_nat,2006,7.125
svn,sex_m,age_aggregate_total,geo_cov_nat,2007,5.944
svn,sex_m,age_aggregate_total,geo_cov_nat,2008,5.279
svn,sex_m,age_aggregate_total,geo_cov_nat,2009,7.717
svn,sex_m,age_aggregate_total,geo_cov_nat,2010,9.064
svn,sex_m,age_aggregate_total,geo_cov_nat,2011,9.848
svn,sex_m,age_aggregate_total,geo_cov_nat,2012,9.854
svn,sex_m,age_aggregate_total,geo_cov_nat,2013,11.586
svn,sex_m,age_aggregate_total,geo_cov_nat,2014,11.709
svn,sex_m,age_aggregate_total,geo_cov_nat,2015,10.154
svn,sex_m,age_aggregate_total,geo_cov_nat,2016,9.157
svn,sex_m,age_aggregate_total,geo_cov_nat,2017,7.22
svn,sex_m,age_aggregate_total,geo_cov_nat,2018,5.769
svn,sex_m,age_aggregate_total,geo_cov_nat,2019,4.954
svn,sex_m,age_aggregate_total,geo_cov_nat,2020,5.574
svn,sex_m,age_aggregate_total,geo_cov_nat,2021,6.316
svn,sex_m,age_aggregate_total,geo_cov_nat,2022,5.003
svn,sex_m,age_aggregate_total,geo_cov_nat,2023,4.929
svn,sex_m,age_aggregate_total,geo_cov_nat,2024,4.692
svn,sex_m,age_aggregate_total,geo_cov_rur,2005,7.396
svn,sex_m,age_aggregate_total,geo_cov_rur,2006,5.998
svn,sex_m,age_aggregate_total,geo_cov_rur,2007,5.45
svn,sex_m,age_aggregate_total,geo_cov_rur,2008,4.22
svn,sex_m,age_aggregate_total,geo_cov_rur,2009,7.021
svn,sex_m,age_aggregate_total,geo_cov_rur,2010,7.61
svn,sex_m,age_aggregate_total,geo_cov_rur,2011,8.769
svn,sex_m,age_aggregate_total,geo_cov_rur,2012,9.837
svn,sex_m,age_aggregate_total,geo_cov_rur,2013,10.597
svn,sex_m,age_aggregate_total,geo_cov_rur,2014,10.58
svn,sex_m,age_aggregate_total,geo_cov_rur,2015,9.045
svn,sex_m,age_aggregate_total,geo_cov_rur,2016,7.561
svn,sex_m,age_aggregate_total,geo_cov_rur,2017,5.804
svn,sex_m,age_aggregate_total,geo_cov_rur,2018,4.823
svn,sex_m,age_aggregate_total,geo_cov_rur,2019,4.726
svn,sex_m,age_aggregate_total,geo_cov_rur,2020,4.537
svn,sex_m,age_aggregate_total,geo_cov_rur,2021,5.794
svn,sex_m,age_aggregate_total,geo_cov_rur,2022,4.179
svn,sex_m,age_aggregate_total,geo_cov_rur,2023,3.788
svn,sex_m,age_aggregate_total,geo_cov_rur,2024,3.67
svn,sex_m,age_aggregate_total,geo_cov_urb,2005,9.058
svn,sex_m,age_aggregate_total,geo_cov_urb,2006,8.225
svn,sex_m,age_aggregate_total,geo_cov_urb,2007,6.395
svn,sex_m,age_aggregate_total,geo_cov_urb,2008,6.255
svn,sex_m,age_aggregate_total,geo_cov_urb,2009,8.353
svn,sex_m,age_aggregate_total,geo_cov_urb,2010,10.358
svn,sex_m,age_aggregate_total,geo_cov_urb,2011,10.773
svn,sex_m,age_aggregate_total,geo_cov_urb,2012,9.872
svn,sex_m,age_aggregate_total,geo_cov_urb,2013,12.655
svn,sex_m,age_aggregate_total,geo_cov_urb,2014,12.939
svn,sex_m,age_aggregate_total,geo_cov_urb,2015,11.319
svn,sex_m,age_aggregate_total,geo_cov_urb,2016,10.684
svn,sex_m,age_aggregate_total,geo_cov_urb,2017,8.477
svn,sex_m,age_aggregate_total,geo_cov_urb,2018,6.573
svn,sex_m,age_aggregate_total,geo_cov_urb,2019,5.148
svn,sex_m,age_aggregate_total,geo_cov_urb,2020,6.432
svn,sex_m,age_aggregate_total,geo_cov_urb,2021,6.762
svn,sex_m,age_aggregate_total,geo_cov_urb,2022,5.709
svn,sex_m,age_aggregate_total,geo_cov_urb,2023,5.9
svn,sex_m,age_aggregate_total,geo_cov_urb,2024,5.54
svn,sex_m,age_aggregate_y15_24,geo_cov_nat,2005,22.663
svn,sex_m,age_aggregate_y15_24,geo_cov_nat,2006,20.413
svn,sex_m,age_aggregate_y15_24,geo_cov_nat,2007,16.455
svn,sex_m,age_aggregate_y15_24,geo_cov_nat,2008,14.223
svn,sex_m,age_aggregate_y15_24,geo_cov_nat,2009,18.848
svn,sex_m,age_aggregate_y15_24,geo_cov_nat,2010,19.978
svn,sex_m,age_aggregate_y15_24,geo_cov_nat,2011,19.724
svn,sex_m,age_aggregate_y15_24,geo_cov_nat,2012,24.694
svn,sex_m,age_aggregate_y15_24,geo_cov_nat,2013,27.995
svn,sex_m,age_aggregate_y15_24,geo_cov_nat,2014,27.832
svn,sex_m,age_aggregate_y15_24,geo_cov_nat,2015,24.27
svn,sex_m,age_aggregate_y15_24,geo_cov_nat,2016,21.63
svn,sex_m,age_aggregate_y15_24,geo_cov_nat,2017,15.216
svn,sex_m,age_aggregate_y15_24,geo_cov_nat,2018,12.884
svn,sex_m,age_aggregate_y15_24,geo_cov_nat,2019,11.669
svn,sex_m,age_aggregate_y15_24,geo_cov_nat,2020,17.579
svn,sex_m,age_aggregate_y15_24,geo_cov_nat,2021,18.166
svn,sex_m,age_aggregate_y15_24,geo_cov_nat,2022,11.684
svn,sex_m,age_aggregate_y15_24,geo_cov_nat,2023,13.704
svn,sex_m,age_aggregate_y15_24,geo_cov_nat,2024,14.532
svn,sex_m,age_aggregate_y15_24,geo_cov_rur,2005,19.387
svn,sex_m,age_aggregate_y15_24,geo_cov_rur,2006,16.921
svn,sex_m,age_aggregate_y15_24,geo_cov_rur,2007,13.513
svn,sex_m,age_aggregate_y15_24,geo_cov_rur,2008,10.313
svn,sex_m,age_aggregate_y15_24,geo_cov_rur,2009,18.275
svn,sex_m,age_aggregate_y15_24,geo_cov_rur,2010,16.41
svn,sex_m,age_aggregate_y15_24,geo_cov_rur,2011,18.3
svn,sex_m,age_aggregate_y15_24,geo_cov_rur,2012,25.934
svn,sex_m,age_aggregate_y15_24,geo_cov_rur,2013,23.194
svn,sex_m,age_aggregate_y15_24,geo_cov_rur,2014,22.623
svn,sex_m,age_aggregate_y15_24,geo_cov_rur,2015,23.743
svn,sex_m,age_aggregate_y15_24,geo_cov_rur,2016,13.889
svn,sex_m,age_aggregate_y15_24,geo_cov_rur,2017,12.246
svn,sex_m,age_aggregate_y15_24,geo_cov_rur,2018,10.97
svn,sex_m,age_aggregate_y15_24,geo_cov_rur,2019,9.996
svn,sex_m,age_aggregate_y15_24,geo_cov_rur,2020,14.292
svn,sex_m,age_aggregate_y15_24,geo_cov_rur,2021,15.474
svn,sex_m,age_aggregate_y15_24,geo_cov_rur,2022,9.386
svn,sex_m,age_aggregate_y15_24,geo_cov_rur,2023,10.944
svn,sex_m,age_aggregate_y15_24,geo_cov_rur,2024,10.75
svn,sex_m,age_aggregate_y15_24,geo_cov_urb,2005,26.529
svn,sex_m,age_aggregate_y15_24,geo_cov_urb,2006,24.102
svn,sex_m,age_aggregate_y15_24,geo_cov_urb,2007,19.298
svn,sex_m,age_aggregate_y15_24,geo_cov_urb,2008,17.989
svn,sex_m,age_aggregate_y15_24,geo_cov_urb,2009,19.408
svn,sex_m,age_aggregate_y15_24,geo_cov_urb,2010,23.602
svn,sex_m,age_aggregate_y15_24,geo_cov_urb,2011,21.094
svn,sex_m,age_aggregate_y15_24,geo_cov_urb,2012,23.176
svn,sex_m,age_aggregate_y15_24,geo_cov_urb,2013,33.967
svn,sex_m,age_aggregate_y15_24,geo_cov_urb,2014,34.419
svn,sex_m,age_aggregate_y15_24,geo_cov_urb,2015,24.924
svn,sex_m,age_aggregate_y15_24,geo_cov_urb,2016,28.726
svn,sex_m,age_aggregate_y15_24,geo_cov_urb,2017,17.821
svn,sex_m,age_aggregate_y15_24,geo_cov_urb,2018,14.759
svn,sex_m,age_aggregate_y15_24,geo_cov_urb,2019,13.38
svn,sex_m,age_aggregate_y15_24,geo_cov_urb,2020,20.925
svn,sex_m,age_aggregate_y15_24,geo_cov_urb,2021,20.724
svn,sex_m,age_aggregate_y15_24,geo_cov_urb,2022,13.965
svn,sex_m,age_aggregate_y15_24,geo_cov_urb,2023,15.982
svn,sex_m,age_aggregate_y15_24,geo_cov_urb,2024,17.551
svn,sex_m,age_aggregate_y25_54,geo_cov_nat,2005,6.292
svn,sex_m,age_aggregate_y25_54,geo_cov_nat,2006,5.45
svn,sex_m,age_aggregate_y25_54,geo_cov_nat,2007,4.594
svn,sex_m,age_aggregate_y25_54,geo_cov_nat,2008,3.902
svn,sex_m,age_aggregate_y25_54,geo_cov_nat,2009,6.209
svn,sex_m,age_aggregate_y25_54,geo_cov_nat,2010,8.004
svn,sex_m,age_aggregate_y25_54,geo_cov_nat,2011,8.662
svn,sex_m,age_aggregate_y25_54,geo_cov_nat,2012,8.466
svn,sex_m,age_aggregate_y25_54,geo_cov_nat,2013,10.131
svn,sex_m,age_aggregate_y25_54,geo_cov_nat,2014,10.114
svn,sex_m,age_aggregate_y25_54,geo_cov_nat,2015,8.744
svn,sex_m,age_aggregate_y25_54,geo_cov_nat,2016,7.955
svn,sex_m,age_aggregate_y25_54,geo_cov_nat,2017,6.045
svn,sex_m,age_aggregate_y25_54,geo_cov_nat,2018,4.948
svn,sex_m,age_aggregate_y25_54,geo_cov_nat,2019,4.086
svn,sex_m,age_aggregate_y25_54,geo_cov_nat,2020,4.705
svn,sex_m,age_aggregate_y25_54,geo_cov_nat,2021,4.619
svn,sex_m,age_aggregate_y25_54,geo_cov_nat,2022,3.883
svn,sex_m,age_aggregate_y25_54,geo_cov_nat,2023,3.567
svn,sex_m,age_aggregate_y25_54,geo_cov_nat,2024,3.216
svn,sex_m,age_aggregate_y25_54,geo_cov_rur,2005,5.832
svn,sex_m,age_aggregate_y25_54,geo_cov_rur,2006,4.458
svn,sex_m,age_aggregate_y25_54,geo_cov_rur,2007,4.447
svn,sex_m,age_aggregate_y25_54,geo_cov_rur,2008,3.373
svn,sex_m,age_aggregate_y25_54,geo_cov_rur,2009,5.349
svn,sex_m,age_aggregate_y25_54,geo_cov_rur,2010,6.686
svn,sex_m,age_aggregate_y25_54,geo_cov_rur,2011,7.774
svn,sex_m,age_aggregate_y25_54,geo_cov_rur,2012,8.438
svn,sex_m,age_aggregate_y25_54,geo_cov_rur,2013,9.513
svn,sex_m,age_aggregate_y25_54,geo_cov_rur,2014,9.606
svn,sex_m,age_aggregate_y25_54,geo_cov_rur,2015,7.69
svn,sex_m,age_aggregate_y25_54,geo_cov_rur,2016,6.621
svn,sex_m,age_aggregate_y25_54,geo_cov_rur,2017,4.683
svn,sex_m,age_aggregate_y25_54,geo_cov_rur,2018,3.947
svn,sex_m,age_aggregate_y25_54,geo_cov_rur,2019,3.681
svn,sex_m,age_aggregate_y25_54,geo_cov_rur,2020,3.925
svn,sex_m,age_aggregate_y25_54,geo_cov_rur,2021,4.29
svn,sex_m,age_aggregate_y25_54,geo_cov_rur,2022,3.139
svn,sex_m,age_aggregate_y25_54,geo_cov_rur,2023,2.487
svn,sex_m,age_aggregate_y25_54,geo_cov_rur,2024,2.64
svn,sex_m,age_aggregate_y25_54,geo_cov_urb,2005,6.776
svn,sex_m,age_aggregate_y25_54,geo_cov_urb,2006,6.4
svn,sex_m,age_aggregate_y25_54,geo_cov_urb,2007,4.727
svn,sex_m,age_aggregate_y25_54,geo_cov_urb,2008,4.389
svn,sex_m,age_aggregate_y25_54,geo_cov_urb,2009,7.003
svn,sex_m,age_aggregate_y25_54,geo_cov_urb,2010,9.152
svn,sex_m,age_aggregate_y25_54,geo_cov_urb,2011,9.404
svn,sex_m,age_aggregate_y25_54,geo_cov_urb,2012,8.495
svn,sex_m,age_aggregate_y25_54,geo_cov_urb,2013,10.784
svn,sex_m,age_aggregate_y25_54,geo_cov_urb,2014,10.644
svn,sex_m,age_aggregate_y25_54,geo_cov_urb,2015,9.805
svn,sex_m,age_aggregate_y25_54,geo_cov_urb,2016,9.23
svn,sex_m,age_aggregate_y25_54,geo_cov_urb,2017,7.231
svn,sex_m,age_aggregate_y25_54,geo_cov_urb,2018,5.78
svn,sex_m,age_aggregate_y25_54,geo_cov_urb,2019,4.43
svn,sex_m,age_aggregate_y25_54,geo_cov_urb,2020,5.346
svn,sex_m,age_aggregate_y25_54,geo_cov_urb,2021,4.893
svn,sex_m,age_aggregate_y25_54,geo_cov_urb,2022,4.515
svn,sex_m,age_aggregate_y25_54,geo_cov_urb,2023,4.488
svn,sex_m,age_aggregate_y25_54,geo_cov_urb,2024,3.699
svn,sex_m,age_aggregate_y55_64,geo_cov_nat,2005,7.185
svn,sex_m,age_aggregate_y55_64,geo_cov_nat,2006,5.579
svn,sex_m,age_aggregate_y55_64,geo_cov_nat,2007,4.926
svn,sex_m,age_aggregate_y55_64,geo_cov_nat,2008,6.043
svn,sex_m,age_aggregate_y55_64,geo_cov_nat,2009,8.655
svn,sex_m,age_aggregate_y55_64,geo_cov_nat,2010,8.023
svn,sex_m,age_aggregate_y55_64,geo_cov_nat,2011,11.167
svn,sex_m,age_aggregate_y55_64,geo_cov_nat,2012,9.505
svn,sex_m,age_aggregate_y55_64,geo_cov_nat,2013,11.119
svn,sex_m,age_aggregate_y55_64,geo_cov_nat,2014,13.652
svn,sex_m,age_aggregate_y55_64,geo_cov_nat,2015,11.298
svn,sex_m,age_aggregate_y55_64,geo_cov_nat,2016,10.078
svn,sex_m,age_aggregate_y55_64,geo_cov_nat,2017,9.376
svn,sex_m,age_aggregate_y55_64,geo_cov_nat,2018,6.772
svn,sex_m,age_aggregate_y55_64,geo_cov_nat,2019,6.352
svn,sex_m,age_aggregate_y55_64,geo_cov_nat,2020,5.004
svn,sex_m,age_aggregate_y55_64,geo_cov_nat,2021,7.035
svn,sex_m,age_aggregate_y55_64,geo_cov_nat,2022,5.873
svn,sex_m,age_aggregate_y55_64,geo_cov_nat,2023,5.496
svn,sex_m,age_aggregate_y55_64,geo_cov_nat,2024,4.843
svn,sex_m,age_aggregate_y55_64,geo_cov_rur,2005,6.131
svn,sex_m,age_aggregate_y55_64,geo_cov_rur,2006,5.978
svn,sex_m,age_aggregate_y55_64,geo_cov_rur,2007,4.759
svn,sex_m,age_aggregate_y55_64,geo_cov_rur,2008,4.379
svn,sex_m,age_aggregate_y55_64,geo_cov_rur,2009,9.134
svn,sex_m,age_aggregate_y55_64,geo_cov_rur,2010,7.054
svn,sex_m,age_aggregate_y55_64,geo_cov_rur,2011,9.095
svn,sex_m,age_aggregate_y55_64,geo_cov_rur,2012,8.286
svn,sex_m,age_aggregate_y55_64,geo_cov_rur,2013,9.837
svn,sex_m,age_aggregate_y55_64,geo_cov_rur,2014,10.853
svn,sex_m,age_aggregate_y55_64,geo_cov_rur,2015,8.944
svn,sex_m,age_aggregate_y55_64,geo_cov_rur,2016,10.5
svn,sex_m,age_aggregate_y55_64,geo_cov_rur,2017,8.569
svn,sex_m,age_aggregate_y55_64,geo_cov_rur,2018,6.423
svn,sex_m,age_aggregate_y55_64,geo_cov_rur,2019,7.713
svn,sex_m,age_aggregate_y55_64,geo_cov_rur,2020,3.167
svn,sex_m,age_aggregate_y55_64,geo_cov_rur,2021,6.152
svn,sex_m,age_aggregate_y55_64,geo_cov_rur,2022,5.524
svn,sex_m,age_aggregate_y55_64,geo_cov_rur,2023,4.874
svn,sex_m,age_aggregate_y55_64,geo_cov_rur,2024,3.573
svn,sex_m,age_aggregate_y55_64,geo_cov_urb,2005,8.166
svn,sex_m,age_aggregate_y55_64,geo_cov_urb,2006,5.245
svn,sex_m,age_aggregate_y55_64,geo_cov_urb,2007,5.053
svn,sex_m,age_aggregate_y55_64,geo_cov_urb,2008,7.311
svn,sex_m,age_aggregate_y55_64,geo_cov_urb,2009,8.312
svn,sex_m,age_aggregate_y55_64,geo_cov_urb,2010,8.813
svn,sex_m,age_aggregate_y55_64,geo_cov_urb,2011,12.79
svn,sex_m,age_aggregate_y55_64,geo_cov_urb,2012,10.771
svn,sex_m,age_aggregate_y55_64,geo_cov_urb,2013,12.508
svn,sex_m,age_aggregate_y55_64,geo_cov_urb,2014,16.956
svn,sex_m,age_aggregate_y55_64,geo_cov_urb,2015,13.921
svn,sex_m,age_aggregate_y55_64,geo_cov_urb,2016,9.678
svn,sex_m,age_aggregate_y55_64,geo_cov_urb,2017,10.137
svn,sex_m,age_aggregate_y55_64,geo_cov_urb,2018,7.064
svn,sex_m,age_aggregate_y55_64,geo_cov_urb,2019,5.299
svn,sex_m,age_aggregate_y55_64,geo_cov_urb,2020,6.429
svn,sex_m,age_aggregate_y55_64,geo_cov_urb,2021,7.827
svn,sex_m,age_aggregate_y55_64,geo_cov_urb,2022,6.163
svn,sex_m,age_aggregate_y55_64,geo_cov_urb,2023,6.014
svn,sex_m,age_aggregate_y55_64,geo_cov_urb,2024,5.881
svn,sex_m,age_aggregate_yge65,geo_cov_nat,2017,1.855
svn,sex_m,age_aggregate_yge65,geo_cov_nat,2021,17.089
svn,sex_m,age_aggregate_yge65,geo_cov_nat,2022,11.789
svn,sex_m,age_aggregate_yge65,geo_cov_nat,2023,12.669
svn,sex_m,age_aggregate_yge65,geo_cov_nat,2024,12.635
svn,sex_m,age_aggregate_yge65,geo_cov_rur,2021,17.358
svn,sex_m,age_aggregate_yge65,geo_cov_rur,2022,8.549
svn,sex_m,age_aggregate_yge65,geo_cov_rur,2023,11.635
svn,sex_m,age_aggregate_yge65,geo_cov_rur,2024,10.675
svn,sex_m,age_aggregate_yge65,geo_cov_urb,2021,16.858
svn,sex_m,age_aggregate_yge65,geo_cov_urb,2022,14.879
svn,sex_m,age_aggregate_yge65,geo_cov_urb,2023,13.646
svn,sex_m,age_aggregate_yge65,geo_cov_urb,2024,14.25
svn,sex_m,age_ythadult_y15_24,geo_cov_nat,2005,22.663
svn,sex_m,age_ythadult_y15_24,geo_cov_nat,2006,20.413
svn,sex_m,age_ythadult_y15_24,geo_cov_nat,2007,16.455
svn,sex_m,age_ythadult_y15_24,geo_cov_nat,2008,14.223
svn,sex_m,age_ythadult_y15_24,geo_cov_nat,2009,18.848
svn,sex_m,age_ythadult_y15_24,geo_cov_nat,2010,19.978
svn,sex_m,age_ythadult_y15_24,geo_cov_nat,2011,19.724
svn,sex_m,age_ythadult_y15_24,geo_cov_nat,2012,24.694
svn,sex_m,age_ythadult_y15_24,geo_cov_nat,2013,27.995
svn,sex_m,age_ythadult_y15_24,geo_cov_nat,2014,27.832
svn,sex_m,age_ythadult_y15_24,geo_cov_nat,2015,24.27
svn,sex_m,age_ythadult_y15_24,geo_cov_nat,2016,21.63
svn,sex_m,age_ythadult_y15_24,geo_cov_nat,2017,15.216
svn,sex_m,age_ythadult_y15_24,geo_cov_nat,2018,12.884
svn,sex_m,age_ythadult_y15_24,geo_cov_nat,2019,11.669
svn,sex_m,age_ythadult_y15_24,geo_cov_nat,2020,17.579
svn,sex_m,age_ythadult_y15_24,geo_cov_nat,2021,18.166
svn,sex_m,age_ythadult_y15_24,geo_cov_nat,2022,11.684
svn,sex_m,age_ythadult_y15_24,geo_cov_nat,2023,13.704
svn,sex_m,age_ythadult_y15_24,geo_cov_nat,2024,14.532
svn,sex_m,age_ythadult_y15_24,geo_cov_rur,2005,19.387
svn,sex_m,age_ythadult_y15_24,geo_cov_rur,2006,16.921
svn,sex_m,age_ythadult_y15_24,geo_cov_rur,2007,13.513
svn,sex_m,age_ythadult_y15_24,geo_cov_rur,2008,10.313
svn,sex_m,age_ythadult_y15_24,geo_cov_rur,2009,18.275
svn,sex_m,age_ythadult_y15_24,geo_cov_rur,2010,16.41
svn,sex_m,age_ythadult_y15_24,geo_cov_rur,2011,18.3
svn,sex_m,age_ythadult_y15_24,geo_cov_rur,2012,25.934
svn,sex_m,age_ythadult_y15_24,geo_cov_rur,2013,23.194
svn,sex_m,age_ythadult_y15_24,geo_cov_rur,2014,22.623
svn,sex_m,age_ythadult_y15_24,geo_cov_rur,2015,23.743
svn,sex_m,age_ythadult_y15_24,geo_cov_rur,2016,13.889
svn,sex_m,age_ythadult_y15_24,geo_cov_rur,2017,12.246
svn,sex_m,age_ythadult_y15_24,geo_cov_rur,2018,10.97
svn,sex_m,age_ythadult_y15_24,geo_cov_rur,2019,9.996
svn,sex_m,age_ythadult_y15_24,geo_cov_rur,2020,14.292
svn,sex_m,age_ythadult_y15_24,geo_cov_rur,2021,15.474
svn,sex_m,age_ythadult_y15_24,geo_cov_rur,2022,9.386
svn,sex_m,age_ythadult_y15_24,geo_cov_rur,2023,10.944
svn,sex_m,age_ythadult_y15_24,geo_cov_rur,2024,10.75
svn,sex_m,age_ythadult_y15_24,geo_cov_urb,2005,26.529
svn,sex_m,age_ythadult_y15_24,geo_cov_urb,2006,24.102
svn,sex_m,age_ythadult_y15_24,geo_cov_urb,2007,19.298
svn,sex_m,age_ythadult_y15_24,geo_cov_urb,2008,17.989
svn,sex_m,age_ythadult_y15_24,geo_cov_urb,2009,19.408
svn,sex_m,age_ythadult_y15_24,geo_cov_urb,2010,23.602
svn,sex_m,age_ythadult_y15_24,geo_cov_urb,2011,21.094
svn,sex_m,age_ythadult_y15_24,geo_cov_urb,2012,23.176
svn,sex_m,age_ythadult_y15_24,geo_cov_urb,2013,33.967
svn,sex_m,age_ythadult_y15_24,geo_cov_urb,2014,34.419
svn,sex_m,age_ythadult_y15_24,geo_cov_urb,2015,24.924
svn,sex_m,age_ythadult_y15_24,geo_cov_urb,2016,28.726
svn,sex_m,age_ythadult_y15_24,geo_cov_urb,2017,17.821
svn,sex_m,age_ythadult_y15_24,geo_cov_urb,2018,14.759
svn,sex_m,age_ythadult_y15_24,geo_cov_urb,2019,13.38
svn,sex_m,age_ythadult_y15_24,geo_cov_urb,2020,20.925
svn,sex_m,age_ythadult_y15_24,geo_cov_urb,2021,20.724
svn,sex_m,age_ythadult_y15_24,geo_cov_urb,2022,13.965
svn,sex_m,age_ythadult_y15_24,geo_cov_urb,2023,15.982
svn,sex_m,age_ythadult_y15_24,geo_cov_urb,2024,17.551
svn,sex_m,age_ythadult_y15_64,geo_cov_nat,2005,8.392
svn,sex_m,age_ythadult_y15_64,geo_cov_nat,2006,7.307
svn,sex_m,age_ythadult_y15_64,geo_cov_nat,2007,6.102
svn,sex_m,age_ythadult_y15_64,geo_cov_nat,2008,5.378
svn,sex_m,age_ythadult_y15_64,geo_cov_nat,2009,7.907
svn,sex_m,age_ythadult_y15_64,geo_cov_nat,2010,9.291
svn,sex_m,age_ythadult_y15_64,geo_cov_nat,2011,10.051
svn,sex_m,age_ythadult_y15_64,geo_cov_nat,2012,10.027
svn,sex_m,age_ythadult_y15_64,geo_cov_nat,2013,11.789
svn,sex_m,age_ythadult_y15_64,geo_cov_nat,2014,11.986
svn,sex_m,age_ythadult_y15_64,geo_cov_nat,2015,10.312
svn,sex_m,age_ythadult_y15_64,geo_cov_nat,2016,9.278
svn,sex_m,age_ythadult_y15_64,geo_cov_nat,2017,7.317
svn,sex_m,age_ythadult_y15_64,geo_cov_nat,2018,5.877
svn,sex_m,age_ythadult_y15_64,geo_cov_nat,2019,5.015
svn,sex_m,age_ythadult_y15_64,geo_cov_nat,2020,5.626
svn,sex_m,age_ythadult_y15_64,geo_cov_nat,2021,6.054
svn,sex_m,age_ythadult_y15_64,geo_cov_nat,2022,4.824
svn,sex_m,age_ythadult_y15_64,geo_cov_nat,2023,4.741
svn,sex_m,age_ythadult_y15_64,geo_cov_nat,2024,4.503
svn,sex_m,age_ythadult_y15_64,geo_cov_rur,2005,7.619
svn,sex_m,age_ythadult_y15_64,geo_cov_rur,2006,6.21
svn,sex_m,age_ythadult_y15_64,geo_cov_rur,2007,5.646
svn,sex_m,age_ythadult_y15_64,geo_cov_rur,2008,4.336
svn,sex_m,age_ythadult_y15_64,geo_cov_rur,2009,7.238
svn,sex_m,age_ythadult_y15_64,geo_cov_rur,2010,7.852
svn,sex_m,age_ythadult_y15_64,geo_cov_rur,2011,9.044
svn,sex_m,age_ythadult_y15_64,geo_cov_rur,2012,10.072
svn,sex_m,age_ythadult_y15_64,geo_cov_rur,2013,10.811
svn,sex_m,age_ythadult_y15_64,geo_cov_rur,2014,10.894
svn,sex_m,age_ythadult_y15_64,geo_cov_rur,2015,9.249
svn,sex_m,age_ythadult_y15_64,geo_cov_rur,2016,7.681
svn,sex_m,age_ythadult_y15_64,geo_cov_rur,2017,5.912
svn,sex_m,age_ythadult_y15_64,geo_cov_rur,2018,4.944
svn,sex_m,age_ythadult_y15_64,geo_cov_rur,2019,4.8
svn,sex_m,age_ythadult_y15_64,geo_cov_rur,2020,4.594
svn,sex_m,age_ythadult_y15_64,geo_cov_rur,2021,5.512
svn,sex_m,age_ythadult_y15_64,geo_cov_rur,2022,4.058
svn,sex_m,age_ythadult_y15_64,geo_cov_rur,2023,3.585
svn,sex_m,age_ythadult_y15_64,geo_cov_rur,2024,3.503
svn,sex_m,age_ythadult_y15_64,geo_cov_urb,2005,9.206
svn,sex_m,age_ythadult_y15_64,geo_cov_urb,2006,8.357
svn,sex_m,age_ythadult_y15_64,geo_cov_urb,2007,6.51
svn,sex_m,age_ythadult_y15_64,geo_cov_urb,2008,6.324
svn,sex_m,age_ythadult_y15_64,geo_cov_urb,2009,8.511
svn,sex_m,age_ythadult_y15_64,geo_cov_urb,2010,10.556
svn,sex_m,age_ythadult_y15_64,geo_cov_urb,2011,10.898
svn,sex_m,age_ythadult_y15_64,geo_cov_urb,2012,9.979
svn,sex_m,age_ythadult_y15_64,geo_cov_urb,2013,12.84
svn,sex_m,age_ythadult_y15_64,geo_cov_urb,2014,13.163
svn,sex_m,age_ythadult_y15_64,geo_cov_urb,2015,11.414
svn,sex_m,age_ythadult_y15_64,geo_cov_urb,2016,10.796
svn,sex_m,age_ythadult_y15_64,geo_cov_urb,2017,8.555
svn,sex_m,age_ythadult_y15_64,geo_cov_urb,2018,6.663
svn,sex_m,age_ythadult_y15_64,geo_cov_urb,2019,5.198
svn,sex_m,age_ythadult_y15_64,geo_cov_urb,2020,6.478
svn,sex_m,age_ythadult_y15_64,geo_cov_urb,2021,6.517
svn,sex_m,age_ythadult_y15_64,geo_cov_urb,2022,5.48
svn,sex_m,age_ythadult_y15_64,geo_cov_urb,2023,5.72
svn,sex_m,age_ythadult_y15_64,geo_cov_urb,2024,5.331
svn,sex_m,age_ythadult_yge15,geo_cov_nat,2005,8.201
svn,sex_m,age_ythadult_yge15,geo_cov_nat,2006,7.125
svn,sex_m,age_ythadult_yge15,geo_cov_nat,2007,5.944
svn,sex_m,age_ythadult_yge15,geo_cov_nat,2008,5.279
svn,sex_m,age_ythadult_yge15,geo_cov_nat,2009,7.717
svn,sex_m,age_ythadult_yge15,geo_cov_nat,2010,9.064
svn,sex_m,age_ythadult_yge15,geo_cov_nat,2011,9.848
svn,sex_m,age_ythadult_yge15,geo_cov_nat,2012,9.854
svn,sex_m,age_ythadult_yge15,geo_cov_nat,2013,11.586
svn,sex_m,age_ythadult_yge15,geo_cov_nat,2014,11.709
svn,sex_m,age_ythadult_yge15,geo_cov_nat,2015,10.154
svn,sex_m,age_ythadult_yge15,geo_cov_nat,2016,9.157
svn,sex_m,age_ythadult_yge15,geo_cov_nat,2017,7.22
svn,sex_m,age_ythadult_yge15,geo_cov_nat,2018,5.769
svn,sex_m,age_ythadult_yge15,geo_cov_nat,2019,4.954
svn,sex_m,age_ythadult_yge15,geo_cov_nat,2020,5.574
svn,sex_m,age_ythadult_yge15,geo_cov_nat,2021,6.316
svn,sex_m,age_ythadult_yge15,geo_cov_nat,2022,5.003
svn,sex_m,age_ythadult_yge15,geo_cov_nat,2023,4.929
svn,sex_m,age_ythadult_yge15,geo_cov_nat,2024,4.692
svn,sex_m,age_ythadult_yge15,geo_cov_rur,2005,7.396
svn,sex_m,age_ythadult_yge15,geo_cov_rur,2006,5.998
svn,sex_m,age_ythadult_yge15,geo_cov_rur,2007,5.45
svn,sex_m,age_ythadult_yge15,geo_cov_rur,2008,4.22
svn,sex_m,age_ythadult_yge15,geo_cov_rur,2009,7.021
svn,sex_m,age_ythadult_yge15,geo_cov_rur,2010,7.61
svn,sex_m,age_ythadult_yge15,geo_cov_rur,2011,8.769
svn,sex_m,age_ythadult_yge15,geo_cov_rur,2012,9.837
svn,sex_m,age_ythadult_yge15,geo_cov_rur,2013,10.597
svn,sex_m,age_ythadult_yge15,geo_cov_rur,2014,10.58
svn,sex_m,age_ythadult_yge15,geo_cov_rur,2015,9.045
svn,sex_m,age_ythadult_yge15,geo_cov_rur,2016,7.561
svn,sex_m,age_ythadult_yge15,geo_cov_rur,2017,5.804
svn,sex_m,age_ythadult_yge15,geo_cov_rur,2018,4.823
svn,sex_m,age_ythadult_yge15,geo_cov_rur,2019,4.726
svn,sex_m,age_ythadult_yge15,geo_cov_rur,2020,4.537
svn,sex_m,age_ythadult_yge15,geo_cov_rur,2021,5.794
svn,sex_m,age_ythadult_yge15,geo_cov_rur,2022,4.179
svn,sex_m,age_ythadult_yge15,geo_cov_rur,2023,3.788
svn,sex_m,age_ythadult_yge15,geo_cov_rur,2024,3.67
svn,sex_m,age_ythadult_yge15,geo_cov_urb,2005,9.058
svn,sex_m,age_ythadult_yge15,geo_cov_urb,2006,8.225
svn,sex_m,age_ythadult_yge15,geo_cov_urb,2007,6.395
svn,sex_m,age_ythadult_yge15,geo_cov_urb,2008,6.255
svn,sex_m,age_ythadult_yge15,geo_cov_urb,2009,8.353
svn,sex_m,age_ythadult_yge15,geo_cov_urb,2010,10.358
svn,sex_m,age_ythadult_yge15,geo_cov_urb,2011,10.773
svn,sex_m,age_ythadult_yge15,geo_cov_urb,2012,9.872
svn,sex_m,age_ythadult_yge15,geo_cov_urb,2013,12.655
svn,sex_m,age_ythadult_yge15,geo_cov_urb,2014,12.939
svn,sex_m,age_ythadult_yge15,geo_cov_urb,2015,11.319
svn,sex_m,age_ythadult_yge15,geo_cov_urb,2016,10.684
svn,sex_m,age_ythadult_yge15,geo_cov_urb,2017,8.477
svn,sex_m,age_ythadult_yge15,geo_cov_urb,2018,6.573
svn,sex_m,age_ythadult_yge15,geo_cov_urb,2019,5.148
svn,sex_m,age_ythadult_yge15,geo_cov_urb,2020,6.432
svn,sex_m,age_ythadult_yge15,geo_cov_urb,2021,6.762
svn,sex_m,age_ythadult_yge15,geo_cov_urb,2022,5.709
svn,sex_m,age_ythadult_yge15,geo_cov_urb,2023,5.9
svn,sex_m,age_ythadult_yge15,geo_cov_urb,2024,5.54
svn,sex_m,age_ythadult_yge25,geo_cov_nat,2005,6.226
svn,sex_m,age_ythadult_yge25,geo_cov_nat,2006,5.31
svn,sex_m,age_ythadult_yge25,geo_cov_nat,2007,4.497
svn,sex_m,age_ythadult_yge25,geo_cov_nat,2008,4.072
svn,sex_m,age_ythadult_yge25,geo_cov_nat,2009,6.346
svn,sex_m,age_ythadult_yge25,geo_cov_nat,2010,7.788
svn,sex_m,age_ythadult_yge25,geo_cov_nat,2011,8.78
svn,sex_m,age_ythadult_yge25,geo_cov_nat,2012,8.44
svn,sex_m,age_ythadult_yge25,geo_cov_nat,2013,10.075
svn,sex_m,age_ythadult_yge25,geo_cov_nat,2014,10.346
svn,sex_m,age_ythadult_yge25,geo_cov_nat,2015,8.954
svn,sex_m,age_ythadult_yge25,geo_cov_nat,2016,8.148
svn,sex_m,age_ythadult_yge25,geo_cov_nat,2017,6.473
svn,sex_m,age_ythadult_yge25,geo_cov_nat,2018,5.142
svn,sex_m,age_ythadult_yge25,geo_cov_nat,2019,4.403
svn,sex_m,age_ythadult_yge25,geo_cov_nat,2020,4.713
svn,sex_m,age_ythadult_yge25,geo_cov_nat,2021,5.357
svn,sex_m,age_ythadult_yge25,geo_cov_nat,2022,4.456
svn,sex_m,age_ythadult_yge25,geo_cov_nat,2023,4.152
svn,sex_m,age_ythadult_yge25,geo_cov_nat,2024,3.77
svn,sex_m,age_ythadult_yge25,geo_cov_rur,2005,5.665
svn,sex_m,age_ythadult_yge25,geo_cov_rur,2006,4.437
svn,sex_m,age_ythadult_yge25,geo_cov_rur,2007,4.302
svn,sex_m,age_ythadult_yge25,geo_cov_rur,2008,3.376
svn,sex_m,age_ythadult_yge25,geo_cov_rur,2009,5.58
svn,sex_m,age_ythadult_yge25,geo_cov_rur,2010,6.499
svn,sex_m,age_ythadult_yge25,geo_cov_rur,2011,7.668
svn,sex_m,age_ythadult_yge25,geo_cov_rur,2012,8.202
svn,sex_m,age_ythadult_yge25,geo_cov_rur,2013,9.352
svn,sex_m,age_ythadult_yge25,geo_cov_rur,2014,9.483
svn,sex_m,age_ythadult_yge25,geo_cov_rur,2015,7.684
svn,sex_m,age_ythadult_yge25,geo_cov_rur,2016,7.061
svn,sex_m,age_ythadult_yge25,geo_cov_rur,2017,5.206
svn,sex_m,age_ythadult_yge25,geo_cov_rur,2018,4.235
svn,sex_m,age_ythadult_yge25,geo_cov_rur,2019,4.247
svn,sex_m,age_ythadult_yge25,geo_cov_rur,2020,3.753
svn,sex_m,age_ythadult_yge25,geo_cov_rur,2021,4.961
svn,sex_m,age_ythadult_yge25,geo_cov_rur,2022,3.717
svn,sex_m,age_ythadult_yge25,geo_cov_rur,2023,3.165
svn,sex_m,age_ythadult_yge25,geo_cov_rur,2024,3.021
svn,sex_m,age_ythadult_yge25,geo_cov_urb,2005,6.814
svn,sex_m,age_ythadult_yge25,geo_cov_urb,2006,6.152
svn,sex_m,age_ythadult_yge25,geo_cov_urb,2007,4.674
svn,sex_m,age_ythadult_yge25,geo_cov_urb,2008,4.709
svn,sex_m,age_ythadult_yge25,geo_cov_urb,2009,7.04
svn,sex_m,age_ythadult_yge25,geo_cov_urb,2010,8.917
svn,sex_m,age_ythadult_yge25,geo_cov_urb,2011,9.723
svn,sex_m,age_ythadult_yge25,geo_cov_urb,2012,8.694
svn,sex_m,age_ythadult_yge25,geo_cov_urb,2013,10.847
svn,sex_m,age_ythadult_yge25,geo_cov_urb,2014,11.274
svn,sex_m,age_ythadult_yge25,geo_cov_urb,2015,10.268
svn,sex_m,age_ythadult_yge25,geo_cov_urb,2016,9.19
svn,sex_m,age_ythadult_yge25,geo_cov_urb,2017,7.599
svn,sex_m,age_ythadult_yge25,geo_cov_urb,2018,5.903
svn,sex_m,age_ythadult_yge25,geo_cov_urb,2019,4.533
svn,sex_m,age_ythadult_yge25,geo_cov_urb,2020,5.498
svn,sex_m,age_ythadult_yge25,geo_cov_urb,2021,5.692
svn,sex_m,age_ythadult_yge25,geo_cov_urb,2022,5.083
svn,sex_m,age_ythadult_yge25,geo_cov_urb,2023,4.994
svn,sex_m,age_ythadult_yge25,geo_cov_urb,2024,4.393
svn,sex_t,age_aggregate_total,geo_cov_nat,2005,9.004
svn,sex_t,age_aggregate_total,geo_cov_nat,2006,8.544
svn,sex_t,age_aggregate_total,geo_cov_nat,2007,7.044
svn,sex_t,age_aggregate_total,geo_cov_nat,2008,5.953
svn,sex_t,age_aggregate_total,geo_cov_nat,2009,8.015
svn,sex_t,age_aggregate_total,geo_cov_nat,2010,9.219
svn,sex_t,age_aggregate_total,geo_cov_nat,2011,10.07
svn,sex_t,age_aggregate_total,geo_cov_nat,2012,10.701
svn,sex_t,age_aggregate_total,geo_cov_nat,2013,12.614
svn,sex_t,age_aggregate_total,geo_cov_nat,2014,12.826
svn,sex_t,age_aggregate_total,geo_cov_nat,2015,11.488
svn,sex_t,age_aggregate_total,geo_cov_nat,2016,9.992
svn,sex_t,age_aggregate_total,geo_cov_nat,2017,8.094
svn,sex_t,age_aggregate_total,geo_cov_nat,2018,6.436
svn,sex_t,age_aggregate_total,geo_cov_nat,2019,5.582
svn,sex_t,age_aggregate_total,geo_cov_nat,2020,6.356
svn,sex_t,age_aggregate_total,geo_cov_nat,2021,7.286
svn,sex_t,age_aggregate_total,geo_cov_nat,2022,5.503
svn,sex_t,age_aggregate_total,geo_cov_nat,2023,5.239
svn,sex_t,age_aggregate_total,geo_cov_nat,2024,5.13
svn,sex_t,age_aggregate_total,geo_cov_rur,2005,8.554
svn,sex_t,age_aggregate_total,geo_cov_rur,2006,7.593
svn,sex_t,age_aggregate_total,geo_cov_rur,2007,6.7
svn,sex_t,age_aggregate_total,geo_cov_rur,2008,5.497
svn,sex_t,age_aggregate_total,geo_cov_rur,2009,7.618
svn,sex_t,age_aggregate_total,geo_cov_rur,2010,8.319
svn,sex_t,age_aggregate_total,geo_cov_rur,2011,9.418
svn,sex_t,age_aggregate_total,geo_cov_rur,2012,10.758
svn,sex_t,age_aggregate_total,geo_cov_rur,2013,12.006
svn,sex_t,age_aggregate_total,geo_cov_rur,2014,11.809
svn,sex_t,age_aggregate_total,geo_cov_rur,2015,10.872
svn,sex_t,age_aggregate_total,geo_cov_rur,2016,9.039
svn,sex_t,age_aggregate_total,geo_cov_rur,2017,7.191
svn,sex_t,age_aggregate_total,geo_cov_rur,2018,5.727
svn,sex_t,age_aggregate_total,geo_cov_rur,2019,5.436
svn,sex_t,age_aggregate_total,geo_cov_rur,2020,5.645
svn,sex_t,age_aggregate_total,geo_cov_rur,2021,6.94
svn,sex_t,age_aggregate_total,geo_cov_rur,2022,4.77
svn,sex_t,age_aggregate_total,geo_cov_rur,2023,4.337
svn,sex_t,age_aggregate_total,geo_cov_rur,2024,4.281
svn,sex_t,age_aggregate_total,geo_cov_urb,2005,9.468
svn,sex_t,age_aggregate_total,geo_cov_urb,2006,9.437
svn,sex_t,age_aggregate_total,geo_cov_urb,2007,7.344
svn,sex_t,age_aggregate_total,geo_cov_urb,2008,6.349
svn,sex_t,age_aggregate_total,geo_cov_urb,2009,8.364
svn,sex_t,age_aggregate_total,geo_cov_urb,2010,9.998
svn,sex_t,age_aggregate_total,geo_cov_urb,2011,10.62
svn,sex_t,age_aggregate_total,geo_cov_urb,2012,10.643
svn,sex_t,age_aggregate_total,geo_cov_urb,2013,13.229
svn,sex_t,age_aggregate_total,geo_cov_urb,2014,13.882
svn,sex_t,age_aggregate_total,geo_cov_urb,2015,12.114
svn,sex_t,age_aggregate_total,geo_cov_urb,2016,10.866
svn,sex_t,age_aggregate_total,geo_cov_urb,2017,8.868
svn,sex_t,age_aggregate_total,geo_cov_urb,2018,7.027
svn,sex_t,age_aggregate_total,geo_cov_urb,2019,5.701
svn,sex_t,age_aggregate_total,geo_cov_urb,2020,6.936
svn,sex_t,age_aggregate_total,geo_cov_urb,2021,7.571
svn,sex_t,age_aggregate_total,geo_cov_urb,2022,6.108
svn,sex_t,age_aggregate_total,geo_cov_urb,2023,5.996
svn,sex_t,age_aggregate_total,geo_cov_urb,2024,5.828
svn,sex_t,age_aggregate_y15_24,geo_cov_nat,2005,24.896
svn,sex_t,age_aggregate_y15_24,geo_cov_nat,2006,23.321
svn,sex_t,age_aggregate_y15_24,geo_cov_nat,2007,18.723
svn,sex_t,age_aggregate_y15_24,geo_cov_nat,2008,15.638
svn,sex_t,age_aggregate_y15_24,geo_cov_nat,2009,19.794
svn,sex_t,age_aggregate_y15_24,geo_cov_nat,2010,19.745
svn,sex_t,age_aggregate_y15_24,geo_cov_nat,2011,21.9
svn,sex_t,age_aggregate_y15_24,geo_cov_nat,2012,26.594
svn,sex_t,age_aggregate_y15_24,geo_cov_nat,2013,30.123
svn,sex_t,age_aggregate_y15_24,geo_cov_nat,2014,28.252
svn,sex_t,age_aggregate_y15_24,geo_cov_nat,2015,23.769
svn,sex_t,age_aggregate_y15_24,geo_cov_nat,2016,21.859
svn,sex_t,age_aggregate_y15_24,geo_cov_nat,2017,17.224
svn,sex_t,age_aggregate_y15_24,geo_cov_nat,2018,14.23
svn,sex_t,age_aggregate_y15_24,geo_cov_nat,2019,13.087
svn,sex_t,age_aggregate_y15_24,geo_cov_nat,2020,20.072
svn,sex_t,age_aggregate_y15_24,geo_cov_nat,2021,20.419
svn,sex_t,age_aggregate_y15_24,geo_cov_nat,2022,13.479
svn,sex_t,age_aggregate_y15_24,geo_cov_nat,2023,14.166
svn,sex_t,age_aggregate_y15_24,geo_cov_nat,2024,15.204
svn,sex_t,age_aggregate_y15_24,geo_cov_rur,2005,22.21
svn,sex_t,age_aggregate_y15_24,geo_cov_rur,2006,20.356
svn,sex_t,age_aggregate_y15_24,geo_cov_rur,2007,17.071
svn,sex_t,age_aggregate_y15_24,geo_cov_rur,2008,13.498
svn,sex_t,age_aggregate_y15_24,geo_cov_rur,2009,18.597
svn,sex_t,age_aggregate_y15_24,geo_cov_rur,2010,16.643
svn,sex_t,age_aggregate_y15_24,geo_cov_rur,2011,19.764
svn,sex_t,age_aggregate_y15_24,geo_cov_rur,2012,26.855
svn,sex_t,age_aggregate_y15_24,geo_cov_rur,2013,27.746
svn,sex_t,age_aggregate_y15_24,geo_cov_rur,2014,24.447
svn,sex_t,age_aggregate_y15_24,geo_cov_rur,2015,23.275
svn,sex_t,age_aggregate_y15_24,geo_cov_rur,2016,17.611
svn,sex_t,age_aggregate_y15_24,geo_cov_rur,2017,15.422
svn,sex_t,age_aggregate_y15_24,geo_cov_rur,2018,13.053
svn,sex_t,age_aggregate_y15_24,geo_cov_rur,2019,11.666
svn,sex_t,age_aggregate_y15_24,geo_cov_rur,2020,16.649
svn,sex_t,age_aggregate_y15_24,geo_cov_rur,2021,18.97
svn,sex_t,age_aggregate_y15_24,geo_cov_rur,2022,11.276
svn,sex_t,age_aggregate_y15_24,geo_cov_rur,2023,10.777
svn,sex_t,age_aggregate_y15_24,geo_cov_rur,2024,11.857
svn,sex_t,age_aggregate_y15_24,geo_cov_urb,2005,28.008
svn,sex_t,age_aggregate_y15_24,geo_cov_urb,2006,26.371
svn,sex_t,age_aggregate_y15_24,geo_cov_urb,2007,20.253
svn,sex_t,age_aggregate_y15_24,geo_cov_urb,2008,17.634
svn,sex_t,age_aggregate_y15_24,geo_cov_urb,2009,20.906
svn,sex_t,age_aggregate_y15_24,geo_cov_urb,2010,22.575
svn,sex_t,age_aggregate_y15_24,geo_cov_urb,2011,23.922
svn,sex_t,age_aggregate_y15_24,geo_cov_urb,2012,26.288
svn,sex_t,age_aggregate_y15_24,geo_cov_urb,2013,32.712
svn,sex_t,age_aggregate_y15_24,geo_cov_urb,2014,32.872
svn,sex_t,age_aggregate_y15_24,geo_cov_urb,2015,24.346
svn,sex_t,age_aggregate_y15_24,geo_cov_urb,2016,26.011
svn,sex_t,age_aggregate_y15_24,geo_cov_urb,2017,18.762
svn,sex_t,age_aggregate_y15_24,geo_cov_urb,2018,15.327
svn,sex_t,age_aggregate_y15_24,geo_cov_urb,2019,14.442
svn,sex_t,age_aggregate_y15_24,geo_cov_urb,2020,23.138
svn,sex_t,age_aggregate_y15_24,geo_cov_urb,2021,21.707
svn,sex_t,age_aggregate_y15_24,geo_cov_urb,2022,15.48
svn,sex_t,age_aggregate_y15_24,geo_cov_urb,2023,17.003
svn,sex_t,age_aggregate_y15_24,geo_cov_urb,2024,17.804
svn,sex_t,age_aggregate_y25_54,geo_cov_nat,2005,7.058
svn,sex_t,age_aggregate_y25_54,geo_cov_nat,2006,6.901
svn,sex_t,age_aggregate_y25_54,geo_cov_nat,2007,5.683
svn,sex_t,age_aggregate_y25_54,geo_cov_nat,2008,4.581
svn,sex_t,age_aggregate_y25_54,geo_cov_nat,2009,6.524
svn,sex_t,age_aggregate_y25_54,geo_cov_nat,2010,8.193
svn,sex_t,age_aggregate_y25_54,geo_cov_nat,2011,8.921
svn,sex_t,age_aggregate_y25_54,geo_cov_nat,2012,9.351
svn,sex_t,age_aggregate_y25_54,geo_cov_nat,2013,11.211
svn,sex_t,age_aggregate_y25_54,geo_cov_nat,2014,11.577
svn,sex_t,age_aggregate_y25_54,geo_cov_nat,2015,10.489
svn,sex_t,age_aggregate_y25_54,geo_cov_nat,2016,9.084
svn,sex_t,age_aggregate_y25_54,geo_cov_nat,2017,7.152
svn,sex_t,age_aggregate_y25_54,geo_cov_nat,2018,5.765
svn,sex_t,age_aggregate_y25_54,geo_cov_nat,2019,4.822
svn,sex_t,age_aggregate_y25_54,geo_cov_nat,2020,5.457
svn,sex_t,age_aggregate_y25_54,geo_cov_nat,2021,5.583
svn,sex_t,age_aggregate_y25_54,geo_cov_nat,2022,4.313
svn,sex_t,age_aggregate_y25_54,geo_cov_nat,2023,3.963
svn,sex_t,age_aggregate_y25_54,geo_cov_nat,2024,3.853
svn,sex_t,age_aggregate_y25_54,geo_cov_rur,2005,6.881
svn,sex_t,age_aggregate_y25_54,geo_cov_rur,2006,6.101
svn,sex_t,age_aggregate_y25_54,geo_cov_rur,2007,5.414
svn,sex_t,age_aggregate_y25_54,geo_cov_rur,2008,4.536
svn,sex_t,age_aggregate_y25_54,geo_cov_rur,2009,6.163
svn,sex_t,age_aggregate_y25_54,geo_cov_rur,2010,7.532
svn,sex_t,age_aggregate_y25_54,geo_cov_rur,2011,8.623
svn,sex_t,age_aggregate_y25_54,geo_cov_rur,2012,9.569
svn,sex_t,age_aggregate_y25_54,geo_cov_rur,2013,10.884
svn,sex_t,age_aggregate_y25_54,geo_cov_rur,2014,11.03
svn,sex_t,age_aggregate_y25_54,geo_cov_rur,2015,10.034
svn,sex_t,age_aggregate_y25_54,geo_cov_rur,2016,8.229
svn,sex_t,age_aggregate_y25_54,geo_cov_rur,2017,6.271
svn,sex_t,age_aggregate_y25_54,geo_cov_rur,2018,5.13
svn,sex_t,age_aggregate_y25_54,geo_cov_rur,2019,4.554
svn,sex_t,age_aggregate_y25_54,geo_cov_rur,2020,5.021
svn,sex_t,age_aggregate_y25_54,geo_cov_rur,2021,5.513
svn,sex_t,age_aggregate_y25_54,geo_cov_rur,2022,3.729
svn,sex_t,age_aggregate_y25_54,geo_cov_rur,2023,3.214
svn,sex_t,age_aggregate_y25_54,geo_cov_rur,2024,3.193
svn,sex_t,age_aggregate_y25_54,geo_cov_urb,2005,7.235
svn,sex_t,age_aggregate_y25_54,geo_cov_urb,2006,7.633
svn,sex_t,age_aggregate_y25_54,geo_cov_urb,2007,5.914
svn,sex_t,age_aggregate_y25_54,geo_cov_urb,2008,4.618
svn,sex_t,age_aggregate_y25_54,geo_cov_urb,2009,6.84
svn,sex_t,age_aggregate_y25_54,geo_cov_urb,2010,8.761
svn,sex_t,age_aggregate_y25_54,geo_cov_urb,2011,9.165
svn,sex_t,age_aggregate_y25_54,geo_cov_urb,2012,9.136
svn,sex_t,age_aggregate_y25_54,geo_cov_urb,2013,11.535
svn,sex_t,age_aggregate_y25_54,geo_cov_urb,2014,12.124
svn,sex_t,age_aggregate_y25_54,geo_cov_urb,2015,10.938
svn,sex_t,age_aggregate_y25_54,geo_cov_urb,2016,9.862
svn,sex_t,age_aggregate_y25_54,geo_cov_urb,2017,7.897
svn,sex_t,age_aggregate_y25_54,geo_cov_urb,2018,6.287
svn,sex_t,age_aggregate_y25_54,geo_cov_urb,2019,5.04
svn,sex_t,age_aggregate_y25_54,geo_cov_urb,2020,5.81
svn,sex_t,age_aggregate_y25_54,geo_cov_urb,2021,5.639
svn,sex_t,age_aggregate_y25_54,geo_cov_urb,2022,4.794
svn,sex_t,age_aggregate_y25_54,geo_cov_urb,2023,4.596
svn,sex_t,age_aggregate_y25_54,geo_cov_urb,2024,4.407
svn,sex_t,age_aggregate_y55_64,geo_cov_nat,2005,7.401
svn,sex_t,age_aggregate_y55_64,geo_cov_nat,2006,6.131
svn,sex_t,age_aggregate_y55_64,geo_cov_nat,2007,6.35
svn,sex_t,age_aggregate_y55_64,geo_cov_nat,2008,7.473
svn,sex_t,age_aggregate_y55_64,geo_cov_nat,2009,9.572
svn,sex_t,age_aggregate_y55_64,geo_cov_nat,2010,9.107
svn,sex_t,age_aggregate_y55_64,geo_cov_nat,2011,10.564
svn,sex_t,age_aggregate_y55_64,geo_cov_nat,2012,10.418
svn,sex_t,age_aggregate_y55_64,geo_cov_nat,2013,11.919
svn,sex_t,age_aggregate_y55_64,geo_cov_nat,2014,13.907
svn,sex_t,age_aggregate_y55_64,geo_cov_nat,2015,11.684
svn,sex_t,age_aggregate_y55_64,geo_cov_nat,2016,9.833
svn,sex_t,age_aggregate_y55_64,geo_cov_nat,2017,8.896
svn,sex_t,age_aggregate_y55_64,geo_cov_nat,2018,6.578
svn,sex_t,age_aggregate_y55_64,geo_cov_nat,2019,6.295
svn,sex_t,age_aggregate_y55_64,geo_cov_nat,2020,5.595
svn,sex_t,age_aggregate_y55_64,geo_cov_nat,2021,7.642
svn,sex_t,age_aggregate_y55_64,geo_cov_nat,2022,6.11
svn,sex_t,age_aggregate_y55_64,geo_cov_nat,2023,5.507
svn,sex_t,age_aggregate_y55_64,geo_cov_nat,2024,4.94
svn,sex_t,age_aggregate_y55_64,geo_cov_rur,2005,6.478
svn,sex_t,age_aggregate_y55_64,geo_cov_rur,2006,6.103
svn,sex_t,age_aggregate_y55_64,geo_cov_rur,2007,7.273
svn,sex_t,age_aggregate_y55_64,geo_cov_rur,2008,5.42
svn,sex_t,age_aggregate_y55_64,geo_cov_rur,2009,10.396
svn,sex_t,age_aggregate_y55_64,geo_cov_rur,2010,8.596
svn,sex_t,age_aggregate_y55_64,geo_cov_rur,2011,8.262
svn,sex_t,age_aggregate_y55_64,geo_cov_rur,2012,8.806
svn,sex_t,age_aggregate_y55_64,geo_cov_rur,2013,10.465
svn,sex_t,age_aggregate_y55_64,geo_cov_rur,2014,11.358
svn,sex_t,age_aggregate_y55_64,geo_cov_rur,2015,9.799
svn,sex_t,age_aggregate_y55_64,geo_cov_rur,2016,10.22
svn,sex_t,age_aggregate_y55_64,geo_cov_rur,2017,8.533
svn,sex_t,age_aggregate_y55_64,geo_cov_rur,2018,5.658
svn,sex_t,age_aggregate_y55_64,geo_cov_rur,2019,7.289
svn,sex_t,age_aggregate_y55_64,geo_cov_rur,2020,4.401
svn,sex_t,age_aggregate_y55_64,geo_cov_rur,2021,6.584
svn,sex_t,age_aggregate_y55_64,geo_cov_rur,2022,5.524
svn,sex_t,age_aggregate_y55_64,geo_cov_rur,2023,5.062
svn,sex_t,age_aggregate_y55_64,geo_cov_rur,2024,4.888
svn,sex_t,age_aggregate_y55_64,geo_cov_urb,2005,8.293
svn,sex_t,age_aggregate_y55_64,geo_cov_urb,2006,6.155
svn,sex_t,age_aggregate_y55_64,geo_cov_urb,2007,5.649
svn,sex_t,age_aggregate_y55_64,geo_cov_urb,2008,9.074
svn,sex_t,age_aggregate_y55_64,geo_cov_urb,2009,8.99
svn,sex_t,age_aggregate_y55_64,geo_cov_urb,2010,9.509
svn,sex_t,age_aggregate_y55_64,geo_cov_urb,2011,12.464
svn,sex_t,age_aggregate_y55_64,geo_cov_urb,2012,12.049
svn,sex_t,age_aggregate_y55_64,geo_cov_urb,2013,13.391
svn,sex_t,age_aggregate_y55_64,geo_cov_urb,2014,16.592
svn,sex_t,age_aggregate_y55_64,geo_cov_urb,2015,13.584
svn,sex_t,age_aggregate_y55_64,geo_cov_urb,2016,9.495
svn,sex_t,age_aggregate_y55_64,geo_cov_urb,2017,9.216
svn,sex_t,age_aggregate_y55_64,geo_cov_urb,2018,7.308
svn,sex_t,age_aggregate_y55_64,geo_cov_urb,2019,5.532
svn,sex_t,age_aggregate_y55_64,geo_cov_urb,2020,6.551
svn,sex_t,age_aggregate_y55_64,geo_cov_urb,2021,8.538
svn,sex_t,age_aggregate_y55_64,geo_cov_urb,2022,6.576
svn,sex_t,age_aggregate_y55_64,geo_cov_urb,2023,5.86
svn,sex_t,age_aggregate_y55_64,geo_cov_urb,2024,4.98
svn,sex_t,age_aggregate_yge65,geo_cov_nat,2005,0.828
svn,sex_t,age_aggregate_yge65,geo_cov_nat,2017,1.357
svn,sex_t,age_aggregate_yge65,geo_cov_nat,2019,0.708
svn,sex_t,age_aggregate_yge65,geo_cov_nat,2021,20.01
svn,sex_t,age_aggregate_yge65,geo_cov_nat,2022,14.477
svn,sex_t,age_aggregate_yge65,geo_cov_nat,2023,15.553
svn,sex_t,age_aggregate_yge65,geo_cov_nat,2024,14.221
svn,sex_t,age_aggregate_yge65,geo_cov_rur,2021,17.124
svn,sex_t,age_aggregate_yge65,geo_cov_rur,2022,11.003
svn,sex_t,age_aggregate_yge65,geo_cov_rur,2023,13.682
svn,sex_t,age_aggregate_yge65,geo_cov_rur,2024,10.617
svn,sex_t,age_aggregate_yge65,geo_cov_urb,2017,2.461
svn,sex_t,age_aggregate_yge65,geo_cov_urb,2021,22.356
svn,sex_t,age_aggregate_yge65,geo_cov_urb,2022,17.725
svn,sex_t,age_aggregate_yge65,geo_cov_urb,2023,17.526
svn,sex_t,age_aggregate_yge65,geo_cov_urb,2024,17.213
svn,sex_t,age_ythadult_y15_24,geo_cov_nat,2005,24.896
svn,sex_t,age_ythadult_y15_24,geo_cov_nat,2006,23.321
svn,sex_t,age_ythadult_y15_24,geo_cov_nat,2007,18.723
svn,sex_t,age_ythadult_y15_24,geo_cov_nat,2008,15.638
svn,sex_t,age_ythadult_y15_24,geo_cov_nat,2009,19.794
svn,sex_t,age_ythadult_y15_24,geo_cov_nat,2010,19.745
svn,sex_t,age_ythadult_y15_24,geo_cov_nat,2011,21.9
svn,sex_t,age_ythadult_y15_24,geo_cov_nat,2012,26.594
svn,sex_t,age_ythadult_y15_24,geo_cov_nat,2013,30.123
svn,sex_t,age_ythadult_y15_24,geo_cov_nat,2014,28.252
svn,sex_t,age_ythadult_y15_24,geo_cov_nat,2015,23.769
svn,sex_t,age_ythadult_y15_24,geo_cov_nat,2016,21.859
svn,sex_t,age_ythadult_y15_24,geo_cov_nat,2017,17.224
svn,sex_t,age_ythadult_y15_24,geo_cov_nat,2018,14.23
svn,sex_t,age_ythadult_y15_24,geo_cov_nat,2019,13.087
svn,sex_t,age_ythadult_y15_24,geo_cov_nat,2020,20.072
svn,sex_t,age_ythadult_y15_24,geo_cov_nat,2021,20.419
svn,sex_t,age_ythadult_y15_24,geo_cov_nat,2022,13.479
svn,sex_t,age_ythadult_y15_24,geo_cov_nat,2023,14.166
svn,sex_t,age_ythadult_y15_24,geo_cov_nat,2024,15.204
svn,sex_t,age_ythadult_y15_24,geo_cov_rur,2005,22.21
svn,sex_t,age_ythadult_y15_24,geo_cov_rur,2006,20.356
svn,sex_t,age_ythadult_y15_24,geo_cov_rur,2007,17.071
svn,sex_t,age_ythadult_y15_24,geo_cov_rur,2008,13.498
svn,sex_t,age_ythadult_y15_24,geo_cov_rur,2009,18.597
svn,sex_t,age_ythadult_y15_24,geo_cov_rur,2010,16.643
svn,sex_t,age_ythadult_y15_24,geo_cov_rur,2011,19.764
svn,sex_t,age_ythadult_y15_24,geo_cov_rur,2012,26.855
svn,sex_t,age_ythadult_y15_24,geo_cov_rur,2013,27.746
svn,sex_t,age_ythadult_y15_24,geo_cov_rur,2014,24.447
svn,sex_t,age_ythadult_y15_24,geo_cov_rur,2015,23.275
svn,sex_t,age_ythadult_y15_24,geo_cov_rur,2016,17.611
svn,sex_t,age_ythadult_y15_24,geo_cov_rur,2017,15.422
svn,sex_t,age_ythadult_y15_24,geo_cov_rur,2018,13.053
svn,sex_t,age_ythadult_y15_24,geo_cov_rur,2019,11.666
svn,sex_t,age_ythadult_y15_24,geo_cov_rur,2020,16.649
svn,sex_t,age_ythadult_y15_24,geo_cov_rur,2021,18.97
svn,sex_t,age_ythadult_y15_24,geo_cov_rur,2022,11.276
svn,sex_t,age_ythadult_y15_24,geo_cov_rur,2023,10.777
svn,sex_t,age_ythadult_y15_24,geo_cov_rur,2024,11.857
svn,sex_t,age_ythadult_y15_24,geo_cov_urb,2005,28.008
svn,sex_t,age_ythadult_y15_24,geo_cov_urb,2006,26.371
svn,sex_t,age_ythadult_y15_24,geo_cov_urb,2007,20.253
svn,sex_t,age_ythadult_y15_24,geo_cov_urb,2008,17.634
svn,sex_t,age_ythadult_y15_24,geo_cov_urb,2009,20.906
svn,sex_t,age_ythadult_y15_24,geo_cov_urb,2010,22.575
svn,sex_t,age_ythadult_y15_24,geo_cov_urb,2011,23.922
svn,sex_t,age_ythadult_y15_24,geo_cov_urb,2012,26.288
svn,sex_t,age_ythadult_y15_24,geo_cov_urb,2013,32.712
svn,sex_t,age_ythadult_y15_24,geo_cov_urb,2014,32.872
svn,sex_t,age_ythadult_y15_24,geo_cov_urb,2015,24.346
svn,sex_t,age_ythadult_y15_24,geo_cov_urb,2016,26.011
svn,sex_t,age_ythadult_y15_24,geo_cov_urb,2017,18.762
svn,sex_t,age_ythadult_y15_24,geo_cov_urb,2018,15.327
svn,sex_t,age_ythadult_y15_24,geo_cov_urb,2019,14.442
svn,sex_t,age_ythadult_y15_24,geo_cov_urb,2020,23.138
svn,sex_t,age_ythadult_y15_24,geo_cov_urb,2021,21.707
svn,sex_t,age_ythadult_y15_24,geo_cov_urb,2022,15.48
svn,sex_t,age_ythadult_y15_24,geo_cov_urb,2023,17.003
svn,sex_t,age_ythadult_y15_24,geo_cov_urb,2024,17.804
svn,sex_t,age_ythadult_y15_64,geo_cov_nat,2005,9.201
svn,sex_t,age_ythadult_y15_64,geo_cov_nat,2006,8.748
svn,sex_t,age_ythadult_y15_64,geo_cov_nat,2007,7.235
svn,sex_t,age_ythadult_y15_64,geo_cov_nat,2008,6.064
svn,sex_t,age_ythadult_y15_64,geo_cov_nat,2009,8.195
svn,sex_t,age_ythadult_y15_64,geo_cov_nat,2010,9.415
svn,sex_t,age_ythadult_y15_64,geo_cov_nat,2011,10.275
svn,sex_t,age_ythadult_y15_64,geo_cov_nat,2012,10.872
svn,sex_t,age_ythadult_y15_64,geo_cov_nat,2013,12.82
svn,sex_t,age_ythadult_y15_64,geo_cov_nat,2014,13.12
svn,sex_t,age_ythadult_y15_64,geo_cov_nat,2015,11.661
svn,sex_t,age_ythadult_y15_64,geo_cov_nat,2016,10.115
svn,sex_t,age_ythadult_y15_64,geo_cov_nat,2017,8.198
svn,sex_t,age_ythadult_y15_64,geo_cov_nat,2018,6.538
svn,sex_t,age_ythadult_y15_64,geo_cov_nat,2019,5.643
svn,sex_t,age_ythadult_y15_64,geo_cov_nat,2020,6.423
svn,sex_t,age_ythadult_y15_64,geo_cov_nat,2021,7.017
svn,sex_t,age_ythadult_y15_64,geo_cov_nat,2022,5.302
svn,sex_t,age_ythadult_y15_64,geo_cov_nat,2023,5.012
svn,sex_t,age_ythadult_y15_64,geo_cov_nat,2024,4.945
svn,sex_t,age_ythadult_y15_64,geo_cov_rur,2005,8.79
svn,sex_t,age_ythadult_y15_64,geo_cov_rur,2006,7.852
svn,sex_t,age_ythadult_y15_64,geo_cov_rur,2007,6.955
svn,sex_t,age_ythadult_y15_64,geo_cov_rur,2008,5.659
svn,sex_t,age_ythadult_y15_64,geo_cov_rur,2009,7.866
svn,sex_t,age_ythadult_y15_64,geo_cov_rur,2010,8.555
svn,sex_t,age_ythadult_y15_64,geo_cov_rur,2011,9.688
svn,sex_t,age_ythadult_y15_64,geo_cov_rur,2012,11.01
svn,sex_t,age_ythadult_y15_64,geo_cov_rur,2013,12.261
svn,sex_t,age_ythadult_y15_64,geo_cov_rur,2014,12.176
svn,sex_t,age_ythadult_y15_64,geo_cov_rur,2015,11.111
svn,sex_t,age_ythadult_y15_64,geo_cov_rur,2016,9.186
svn,sex_t,age_ythadult_y15_64,geo_cov_rur,2017,7.319
svn,sex_t,age_ythadult_y15_64,geo_cov_rur,2018,5.859
svn,sex_t,age_ythadult_y15_64,geo_cov_rur,2019,5.509
svn,sex_t,age_ythadult_y15_64,geo_cov_rur,2020,5.715
svn,sex_t,age_ythadult_y15_64,geo_cov_rur,2021,6.727
svn,sex_t,age_ythadult_y15_64,geo_cov_rur,2022,4.621
svn,sex_t,age_ythadult_y15_64,geo_cov_rur,2023,4.105
svn,sex_t,age_ythadult_y15_64,geo_cov_rur,2024,4.151
svn,sex_t,age_ythadult_y15_64,geo_cov_urb,2005,9.62
svn,sex_t,age_ythadult_y15_64,geo_cov_urb,2006,9.574
svn,sex_t,age_ythadult_y15_64,geo_cov_urb,2007,7.474
svn,sex_t,age_ythadult_y15_64,geo_cov_urb,2008,6.409
svn,sex_t,age_ythadult_y15_64,geo_cov_urb,2009,8.481
svn,sex_t,age_ythadult_y15_64,geo_cov_urb,2010,10.151
svn,sex_t,age_ythadult_y15_64,geo_cov_urb,2011,10.764
svn,sex_t,age_ythadult_y15_64,geo_cov_urb,2012,10.732
svn,sex_t,age_ythadult_y15_64,geo_cov_urb,2013,13.38
svn,sex_t,age_ythadult_y15_64,geo_cov_urb,2014,14.085
svn,sex_t,age_ythadult_y15_64,geo_cov_urb,2015,12.213
svn,sex_t,age_ythadult_y15_64,geo_cov_urb,2016,10.96
svn,sex_t,age_ythadult_y15_64,geo_cov_urb,2017,8.946
svn,sex_t,age_ythadult_y15_64,geo_cov_urb,2018,7.098
svn,sex_t,age_ythadult_y15_64,geo_cov_urb,2019,5.753
svn,sex_t,age_ythadult_y15_64,geo_cov_urb,2020,6.999
svn,sex_t,age_ythadult_y15_64,geo_cov_urb,2021,7.256
svn,sex_t,age_ythadult_y15_64,geo_cov_urb,2022,5.864
svn,sex_t,age_ythadult_y15_64,geo_cov_urb,2023,5.77
svn,sex_t,age_ythadult_y15_64,geo_cov_urb,2024,5.597
svn,sex_t,age_ythadult_yge15,geo_cov_nat,2005,9.004
svn,sex_t,age_ythadult_yge15,geo_cov_nat,2006,8.544
svn,sex_t,age_ythadult_yge15,geo_cov_nat,2007,7.044
svn,sex_t,age_ythadult_yge15,geo_cov_nat,2008,5.953
svn,sex_t,age_ythadult_yge15,geo_cov_nat,2009,8.015
svn,sex_t,age_ythadult_yge15,geo_cov_nat,2010,9.219
svn,sex_t,age_ythadult_yge15,geo_cov_nat,2011,10.07
svn,sex_t,age_ythadult_yge15,geo_cov_nat,2012,10.701
svn,sex_t,age_ythadult_yge15,geo_cov_nat,2013,12.614
svn,sex_t,age_ythadult_yge15,geo_cov_nat,2014,12.826
svn,sex_t,age_ythadult_yge15,geo_cov_nat,2015,11.488
svn,sex_t,age_ythadult_yge15,geo_cov_nat,2016,9.992
svn,sex_t,age_ythadult_yge15,geo_cov_nat,2017,8.094
svn,sex_t,age_ythadult_yge15,geo_cov_nat,2018,6.436
svn,sex_t,age_ythadult_yge15,geo_cov_nat,2019,5.582
svn,sex_t,age_ythadult_yge15,geo_cov_nat,2020,6.356
svn,sex_t,age_ythadult_yge15,geo_cov_nat,2021,7.286
svn,sex_t,age_ythadult_yge15,geo_cov_nat,2022,5.503
svn,sex_t,age_ythadult_yge15,geo_cov_nat,2023,5.239
svn,sex_t,age_ythadult_yge15,geo_cov_nat,2024,5.13
svn,sex_t,age_ythadult_yge15,geo_cov_rur,2005,8.554
svn,sex_t,age_ythadult_yge15,geo_cov_rur,2006,7.593
svn,sex_t,age_ythadult_yge15,geo_cov_rur,2007,6.7
svn,sex_t,age_ythadult_yge15,geo_cov_rur,2008,5.497
svn,sex_t,age_ythadult_yge15,geo_cov_rur,2009,7.618
svn,sex_t,age_ythadult_yge15,geo_cov_rur,2010,8.319
svn,sex_t,age_ythadult_yge15,geo_cov_rur,2011,9.418
svn,sex_t,age_ythadult_yge15,geo_cov_rur,2012,10.758
svn,sex_t,age_ythadult_yge15,geo_cov_rur,2013,12.006
svn,sex_t,age_ythadult_yge15,geo_cov_rur,2014,11.809
svn,sex_t,age_ythadult_yge15,geo_cov_rur,2015,10.872
svn,sex_t,age_ythadult_yge15,geo_cov_rur,2016,9.039
svn,sex_t,age_ythadult_yge15,geo_cov_rur,2017,7.191
svn,sex_t,age_ythadult_yge15,geo_cov_rur,2018,5.727
svn,sex_t,age_ythadult_yge15,geo_cov_rur,2019,5.436
svn,sex_t,age_ythadult_yge15,geo_cov_rur,2020,5.645
svn,sex_t,age_ythadult_yge15,geo_cov_rur,2021,6.94
svn,sex_t,age_ythadult_yge15,geo_cov_rur,2022,4.77
svn,sex_t,age_ythadult_yge15,geo_cov_rur,2023,4.337
svn,sex_t,age_ythadult_yge15,geo_cov_rur,2024,4.281
svn,sex_t,age_ythadult_yge15,geo_cov_urb,2005,9.468
svn,sex_t,age_ythadult_yge15,geo_cov_urb,2006,9.437
svn,sex_t,age_ythadult_yge15,geo_cov_urb,2007,7.344
svn,sex_t,age_ythadult_yge15,geo_cov_urb,2008,6.349
svn,sex_t,age_ythadult_yge15,geo_cov_urb,2009,8.364
svn,sex_t,age_ythadult_yge15,geo_cov_urb,2010,9.998
svn,sex_t,age_ythadult_yge15,geo_cov_urb,2011,10.62
svn,sex_t,age_ythadult_yge15,geo_cov_urb,2012,10.643
svn,sex_t,age_ythadult_yge15,geo_cov_urb,2013,13.229
svn,sex_t,age_ythadult_yge15,geo_cov_urb,2014,13.882
svn,sex_t,age_ythadult_yge15,geo_cov_urb,2015,12.114
svn,sex_t,age_ythadult_yge15,geo_cov_urb,2016,10.866
svn,sex_t,age_ythadult_yge15,geo_cov_urb,2017,8.868
svn,sex_t,age_ythadult_yge15,geo_cov_urb,2018,7.027
svn,sex_t,age_ythadult_yge15,geo_cov_urb,2019,5.701
svn,sex_t,age_ythadult_yge15,geo_cov_urb,2020,6.936
svn,sex_t,age_ythadult_yge15,geo_cov_urb,2021,7.571
svn,sex_t,age_ythadult_yge15,geo_cov_urb,2022,6.108
svn,sex_t,age_ythadult_yge15,geo_cov_urb,2023,5.996
svn,sex_t,age_ythadult_yge15,geo_cov_urb,2024,5.828
svn,sex_t,age_ythadult_yge25,geo_cov_nat,2005,6.919
svn,sex_t,age_ythadult_yge25,geo_cov_nat,2006,6.653
svn,sex_t,age_ythadult_yge25,geo_cov_nat,2007,5.577
svn,sex_t,age_ythadult_yge25,geo_cov_nat,2008,4.761
svn,sex_t,age_ythadult_yge25,geo_cov_nat,2009,6.68
svn,sex_t,age_ythadult_yge25,geo_cov_nat,2010,8.105
svn,sex_t,age_ythadult_yge25,geo_cov_nat,2011,8.896
svn,sex_t,age_ythadult_yge25,geo_cov_nat,2012,9.313
svn,sex_t,age_ythadult_yge25,geo_cov_nat,2013,11.1
svn,sex_t,age_ythadult_yge25,geo_cov_nat,2014,11.588
svn,sex_t,age_ythadult_yge25,geo_cov_nat,2015,10.473
svn,sex_t,age_ythadult_yge25,geo_cov_nat,2016,9.065
svn,sex_t,age_ythadult_yge25,geo_cov_nat,2017,7.307
svn,sex_t,age_ythadult_yge25,geo_cov_nat,2018,5.795
svn,sex_t,age_ythadult_yge25,geo_cov_nat,2019,5
svn,sex_t,age_ythadult_yge25,geo_cov_nat,2020,5.422
svn,sex_t,age_ythadult_yge25,geo_cov_nat,2021,6.263
svn,sex_t,age_ythadult_yge25,geo_cov_nat,2022,4.875
svn,sex_t,age_ythadult_yge25,geo_cov_nat,2023,4.516
svn,sex_t,age_ythadult_yge25,geo_cov_nat,2024,4.286
svn,sex_t,age_ythadult_yge25,geo_cov_rur,2005,6.644
svn,sex_t,age_ythadult_yge25,geo_cov_rur,2006,5.872
svn,sex_t,age_ythadult_yge25,geo_cov_rur,2007,5.35
svn,sex_t,age_ythadult_yge25,geo_cov_rur,2008,4.468
svn,sex_t,age_ythadult_yge25,geo_cov_rur,2009,6.333
svn,sex_t,age_ythadult_yge25,geo_cov_rur,2010,7.412
svn,sex_t,age_ythadult_yge25,geo_cov_rur,2011,8.319
svn,sex_t,age_ythadult_yge25,geo_cov_rur,2012,9.244
svn,sex_t,age_ythadult_yge25,geo_cov_rur,2013,10.59
svn,sex_t,age_ythadult_yge25,geo_cov_rur,2014,10.71
svn,sex_t,age_ythadult_yge25,geo_cov_rur,2015,9.769
svn,sex_t,age_ythadult_yge25,geo_cov_rur,2016,8.344
svn,sex_t,age_ythadult_yge25,geo_cov_rur,2017,6.484
svn,sex_t,age_ythadult_yge25,geo_cov_rur,2018,5.083
svn,sex_t,age_ythadult_yge25,geo_cov_rur,2019,4.91
svn,sex_t,age_ythadult_yge25,geo_cov_rur,2020,4.853
svn,sex_t,age_ythadult_yge25,geo_cov_rur,2021,5.961
svn,sex_t,age_ythadult_yge25,geo_cov_rur,2022,4.229
svn,sex_t,age_ythadult_yge25,geo_cov_rur,2023,3.817
svn,sex_t,age_ythadult_yge25,geo_cov_rur,2024,3.667
svn,sex_t,age_ythadult_yge25,geo_cov_urb,2005,7.198
svn,sex_t,age_ythadult_yge25,geo_cov_urb,2006,7.378
svn,sex_t,age_ythadult_yge25,geo_cov_urb,2007,5.773
svn,sex_t,age_ythadult_yge25,geo_cov_urb,2008,5.013
svn,sex_t,age_ythadult_yge25,geo_cov_urb,2009,6.983
svn,sex_t,age_ythadult_yge25,geo_cov_urb,2010,8.703
svn,sex_t,age_ythadult_yge25,geo_cov_urb,2011,9.376
svn,sex_t,age_ythadult_yge25,geo_cov_urb,2012,9.383
svn,sex_t,age_ythadult_yge25,geo_cov_urb,2013,11.612
svn,sex_t,age_ythadult_yge25,geo_cov_urb,2014,12.488
svn,sex_t,age_ythadult_yge25,geo_cov_urb,2015,11.18
svn,sex_t,age_ythadult_yge25,geo_cov_urb,2016,9.722
svn,sex_t,age_ythadult_yge25,geo_cov_urb,2017,8.014
svn,sex_t,age_ythadult_yge25,geo_cov_urb,2018,6.382
svn,sex_t,age_ythadult_yge25,geo_cov_urb,2019,5.074
svn,sex_t,age_ythadult_yge25,geo_cov_urb,2020,5.882
svn,sex_t,age_ythadult_yge25,geo_cov_urb,2021,6.51
svn,sex_t,age_ythadult_yge25,geo_cov_urb,2022,5.405
svn,sex_t,age_ythadult_yge25,geo_cov_urb,2023,5.104
svn,sex_t,age_ythadult_yge25,geo_cov_urb,2024,4.797
swe,sex_f,age_aggregate_total,geo_cov_nat,2005,11.206
swe,sex_f,age_aggregate_total,geo_cov_nat,2006,10.758
swe,sex_f,age_aggregate_total,geo_cov_nat,2007,9.864
swe,sex_f,age_aggregate_total,geo_cov_nat,2008,9.732
swe,sex_f,age_aggregate_total,geo_cov_nat,2009,11.788
swe,sex_f,age_aggregate_total,geo_cov_nat,2010,12.257
swe,sex_f,age_aggregate_total,geo_cov_nat,2011,11.333
swe,sex_f,age_aggregate_total,geo_cov_nat,2012,11.326
swe,sex_f,age_aggregate_total,geo_cov_nat,2013,11.771
swe,sex_f,age_aggregate_total,geo_cov_nat,2014,11.391
swe,sex_f,age_aggregate_total,geo_cov_nat,2015,10.652
swe,sex_f,age_aggregate_total,geo_cov_nat,2016,9.549
swe,sex_f,age_aggregate_total,geo_cov_nat,2017,9.239
swe,sex_f,age_aggregate_total,geo_cov_nat,2018,9.101
swe,sex_f,age_aggregate_total,geo_cov_nat,2019,10.292
swe,sex_f,age_aggregate_total,geo_cov_nat,2020,12.359
swe,sex_f,age_aggregate_total,geo_cov_nat,2021,14.848
swe,sex_f,age_aggregate_total,geo_cov_nat,2022,13.43
swe,sex_f,age_aggregate_total,geo_cov_nat,2023,13.038
swe,sex_f,age_aggregate_total,geo_cov_nat,2024,14.012
swe,sex_f,age_aggregate_total,geo_cov_rur,2005,11.18
swe,sex_f,age_aggregate_total,geo_cov_rur,2006,10.681
swe,sex_f,age_aggregate_total,geo_cov_rur,2007,9.673
swe,sex_f,age_aggregate_total,geo_cov_rur,2008,9.856
swe,sex_f,age_aggregate_total,geo_cov_rur,2009,12.005
swe,sex_f,age_aggregate_total,geo_cov_rur,2010,12.356
swe,sex_f,age_aggregate_total,geo_cov_rur,2011,11.183
swe,sex_f,age_aggregate_total,geo_cov_rur,2012,10.671
swe,sex_f,age_aggregate_total,geo_cov_rur,2013,10.667
swe,sex_f,age_aggregate_total,geo_cov_rur,2014,10.096
swe,sex_f,age_aggregate_total,geo_cov_rur,2015,9.515
swe,sex_f,age_aggregate_total,geo_cov_rur,2016,8.398
swe,sex_f,age_aggregate_total,geo_cov_rur,2017,8.131
swe,sex_f,age_aggregate_total,geo_cov_rur,2018,8.486
swe,sex_f,age_aggregate_total,geo_cov_rur,2019,9.379
swe,sex_f,age_aggregate_total,geo_cov_rur,2020,11.313
swe,sex_f,age_aggregate_total,geo_cov_rur,2021,13.889
swe,sex_f,age_aggregate_total,geo_cov_rur,2022,12.078
swe,sex_f,age_aggregate_total,geo_cov_rur,2023,12.656
swe,sex_f,age_aggregate_total,geo_cov_rur,2024,13.192
swe,sex_f,age_aggregate_total,geo_cov_urb,2005,11.247
swe,sex_f,age_aggregate_total,geo_cov_urb,2006,10.875
swe,sex_f,age_aggregate_total,geo_cov_urb,2007,10.156
swe,sex_f,age_aggregate_total,geo_cov_urb,2008,9.546
swe,sex_f,age_aggregate_total,geo_cov_urb,2009,11.469
swe,sex_f,age_aggregate_total,geo_cov_urb,2010,12.113
swe,sex_f,age_aggregate_total,geo_cov_urb,2011,11.55
swe,sex_f,age_aggregate_total,geo_cov_urb,2012,11.577
swe,sex_f,age_aggregate_total,geo_cov_urb,2013,12.187
swe,sex_f,age_aggregate_total,geo_cov_urb,2014,11.873
swe,sex_f,age_aggregate_total,geo_cov_urb,2015,11.063
swe,sex_f,age_aggregate_total,geo_cov_urb,2016,9.955
swe,sex_f,age_aggregate_total,geo_cov_urb,2017,9.627
swe,sex_f,age_aggregate_total,geo_cov_urb,2018,9.319
swe,sex_f,age_aggregate_total,geo_cov_urb,2019,10.609
swe,sex_f,age_aggregate_total,geo_cov_urb,2020,12.71
swe,sex_f,age_aggregate_total,geo_cov_urb,2021,15.175
swe,sex_f,age_aggregate_total,geo_cov_urb,2022,13.876
swe,sex_f,age_aggregate_total,geo_cov_urb,2023,13.165
swe,sex_f,age_aggregate_total,geo_cov_urb,2024,14.277
swe,sex_f,age_aggregate_y15_24,geo_cov_nat,2005,34.229
swe,sex_f,age_aggregate_y15_24,geo_cov_nat,2006,34.071
swe,sex_f,age_aggregate_y15_24,geo_cov_nat,2007,31.994
swe,sex_f,age_aggregate_y15_24,geo_cov_nat,2008,31.215
swe,sex_f,age_aggregate_y15_24,geo_cov_nat,2009,36.276
swe,sex_f,age_aggregate_y15_24,geo_cov_nat,2010,35.534
swe,sex_f,age_aggregate_y15_24,geo_cov_nat,2011,33.717
swe,sex_f,age_aggregate_y15_24,geo_cov_nat,2012,33.663
swe,sex_f,age_aggregate_y15_24,geo_cov_nat,2013,34.188
swe,sex_f,age_aggregate_y15_24,geo_cov_nat,2014,33.178
swe,sex_f,age_aggregate_y15_24,geo_cov_nat,2015,30.641
swe,sex_f,age_aggregate_y15_24,geo_cov_nat,2016,27.76
swe,sex_f,age_aggregate_y15_24,geo_cov_nat,2017,26.883
swe,sex_f,age_aggregate_y15_24,geo_cov_nat,2018,26.353
swe,sex_f,age_aggregate_y15_24,geo_cov_nat,2019,30.746
swe,sex_f,age_aggregate_y15_24,geo_cov_nat,2020,36.781
swe,sex_f,age_aggregate_y15_24,geo_cov_nat,2021,40.404
swe,sex_f,age_aggregate_y15_24,geo_cov_nat,2022,38.668
swe,sex_f,age_aggregate_y15_24,geo_cov_nat,2023,36.99
swe,sex_f,age_aggregate_y15_24,geo_cov_nat,2024,39.364
swe,sex_f,age_aggregate_y15_24,geo_cov_rur,2005,34.005
swe,sex_f,age_aggregate_y15_24,geo_cov_rur,2006,34.33
swe,sex_f,age_aggregate_y15_24,geo_cov_rur,2007,30.764
swe,sex_f,age_aggregate_y15_24,geo_cov_rur,2008,31.473
swe,sex_f,age_aggregate_y15_24,geo_cov_rur,2009,37.132
swe,sex_f,age_aggregate_y15_24,geo_cov_rur,2010,36.305
swe,sex_f,age_aggregate_y15_24,geo_cov_rur,2011,33.741
swe,sex_f,age_aggregate_y15_24,geo_cov_rur,2012,33.532
swe,sex_f,age_aggregate_y15_24,geo_cov_rur,2013,33.307
swe,sex_f,age_aggregate_y15_24,geo_cov_rur,2014,31.602
swe,sex_f,age_aggregate_y15_24,geo_cov_rur,2015,30.258
swe,sex_f,age_aggregate_y15_24,geo_cov_rur,2016,27.502
swe,sex_f,age_aggregate_y15_24,geo_cov_rur,2017,26.747
swe,sex_f,age_aggregate_y15_24,geo_cov_rur,2018,27.442
swe,sex_f,age_aggregate_y15_24,geo_cov_rur,2019,30.594
swe,sex_f,age_aggregate_y15_24,geo_cov_rur,2020,33.444
swe,sex_f,age_aggregate_y15_24,geo_cov_rur,2021,40.929
swe,sex_f,age_aggregate_y15_24,geo_cov_rur,2022,36.555
swe,sex_f,age_aggregate_y15_24,geo_cov_rur,2023,36.742
swe,sex_f,age_aggregate_y15_24,geo_cov_rur,2024,40.914
swe,sex_f,age_aggregate_y15_24,geo_cov_urb,2005,34.617
swe,sex_f,age_aggregate_y15_24,geo_cov_urb,2006,33.652
swe,sex_f,age_aggregate_y15_24,geo_cov_urb,2007,33.954
swe,sex_f,age_aggregate_y15_24,geo_cov_urb,2008,30.817
swe,sex_f,age_aggregate_y15_24,geo_cov_urb,2009,34.894
swe,sex_f,age_aggregate_y15_24,geo_cov_urb,2010,34.29
swe,sex_f,age_aggregate_y15_24,geo_cov_urb,2011,33.679
swe,sex_f,age_aggregate_y15_24,geo_cov_urb,2012,33.71
swe,sex_f,age_aggregate_y15_24,geo_cov_urb,2013,34.493
swe,sex_f,age_aggregate_y15_24,geo_cov_urb,2014,33.73
swe,sex_f,age_aggregate_y15_24,geo_cov_urb,2015,30.765
swe,sex_f,age_aggregate_y15_24,geo_cov_urb,2016,27.843
swe,sex_f,age_aggregate_y15_24,geo_cov_urb,2017,26.927
swe,sex_f,age_aggregate_y15_24,geo_cov_urb,2018,25.995
swe,sex_f,age_aggregate_y15_24,geo_cov_urb,2019,30.792
swe,sex_f,age_aggregate_y15_24,geo_cov_urb,2020,37.78
swe,sex_f,age_aggregate_y15_24,geo_cov_urb,2021,40.234
swe,sex_f,age_aggregate_y15_24,geo_cov_urb,2022,39.297
swe,sex_f,age_aggregate_y15_24,geo_cov_urb,2023,37.06
swe,sex_f,age_aggregate_y15_24,geo_cov_urb,2024,38.883
swe,sex_f,age_aggregate_y25_54,geo_cov_nat,2005,7.961
swe,sex_f,age_aggregate_y25_54,geo_cov_nat,2006,7.17
swe,sex_f,age_aggregate_y25_54,geo_cov_nat,2007,6.154
swe,sex_f,age_aggregate_y25_54,geo_cov_nat,2008,6.065
swe,sex_f,age_aggregate_y25_54,geo_cov_nat,2009,7.671
swe,sex_f,age_aggregate_y25_54,geo_cov_nat,2010,8.425
swe,sex_f,age_aggregate_y25_54,geo_cov_nat,2011,7.487
swe,sex_f,age_aggregate_y25_54,geo_cov_nat,2012,7.376
swe,sex_f,age_aggregate_y25_54,geo_cov_nat,2013,7.944
swe,sex_f,age_aggregate_y25_54,geo_cov_nat,2014,7.695
swe,sex_f,age_aggregate_y25_54,geo_cov_nat,2015,7.452
swe,sex_f,age_aggregate_y25_54,geo_cov_nat,2016,6.771
swe,sex_f,age_aggregate_y25_54,geo_cov_nat,2017,6.662
swe,sex_f,age_aggregate_y25_54,geo_cov_nat,2018,6.772
swe,sex_f,age_aggregate_y25_54,geo_cov_nat,2019,7.217
swe,sex_f,age_aggregate_y25_54,geo_cov_nat,2020,9.042
swe,sex_f,age_aggregate_y25_54,geo_cov_nat,2021,10.385
swe,sex_f,age_aggregate_y25_54,geo_cov_nat,2022,8.758
swe,sex_f,age_aggregate_y25_54,geo_cov_nat,2023,8.476
swe,sex_f,age_aggregate_y25_54,geo_cov_nat,2024,9.047
swe,sex_f,age_aggregate_y25_54,geo_cov_rur,2005,7.828
swe,sex_f,age_aggregate_y25_54,geo_cov_rur,2006,7.035
swe,sex_f,age_aggregate_y25_54,geo_cov_rur,2007,6.027
swe,sex_f,age_aggregate_y25_54,geo_cov_rur,2008,6.176
swe,sex_f,age_aggregate_y25_54,geo_cov_rur,2009,7.683
swe,sex_f,age_aggregate_y25_54,geo_cov_rur,2010,8.228
swe,sex_f,age_aggregate_y25_54,geo_cov_rur,2011,7.046
swe,sex_f,age_aggregate_y25_54,geo_cov_rur,2012,6.855
swe,sex_f,age_aggregate_y25_54,geo_cov_rur,2013,6.939
swe,sex_f,age_aggregate_y25_54,geo_cov_rur,2014,6.54
swe,sex_f,age_aggregate_y25_54,geo_cov_rur,2015,6.441
swe,sex_f,age_aggregate_y25_54,geo_cov_rur,2016,5.607
swe,sex_f,age_aggregate_y25_54,geo_cov_rur,2017,5.528
swe,sex_f,age_aggregate_y25_54,geo_cov_rur,2018,6.14
swe,sex_f,age_aggregate_y25_54,geo_cov_rur,2019,6.448
swe,sex_f,age_aggregate_y25_54,geo_cov_rur,2020,8.793
swe,sex_f,age_aggregate_y25_54,geo_cov_rur,2021,9.194
swe,sex_f,age_aggregate_y25_54,geo_cov_rur,2022,7.45
swe,sex_f,age_aggregate_y25_54,geo_cov_rur,2023,8.523
swe,sex_f,age_aggregate_y25_54,geo_cov_rur,2024,7.704
swe,sex_f,age_aggregate_y25_54,geo_cov_urb,2005,8.158
swe,sex_f,age_aggregate_y25_54,geo_cov_urb,2006,7.366
swe,sex_f,age_aggregate_y25_54,geo_cov_urb,2007,6.335
swe,sex_f,age_aggregate_y25_54,geo_cov_urb,2008,5.909
swe,sex_f,age_aggregate_y25_54,geo_cov_urb,2009,7.655
swe,sex_f,age_aggregate_y25_54,geo_cov_urb,2010,8.69
swe,sex_f,age_aggregate_y25_54,geo_cov_urb,2011,8.081
swe,sex_f,age_aggregate_y25_54,geo_cov_urb,2012,7.566
swe,sex_f,age_aggregate_y25_54,geo_cov_urb,2013,8.31
swe,sex_f,age_aggregate_y25_54,geo_cov_urb,2014,8.107
swe,sex_f,age_aggregate_y25_54,geo_cov_urb,2015,7.8
swe,sex_f,age_aggregate_y25_54,geo_cov_urb,2016,7.152
swe,sex_f,age_aggregate_y25_54,geo_cov_urb,2017,7.034
swe,sex_f,age_aggregate_y25_54,geo_cov_urb,2018,6.981
swe,sex_f,age_aggregate_y25_54,geo_cov_urb,2019,7.462
swe,sex_f,age_aggregate_y25_54,geo_cov_urb,2020,9.118
swe,sex_f,age_aggregate_y25_54,geo_cov_urb,2021,10.753
swe,sex_f,age_aggregate_y25_54,geo_cov_urb,2022,9.156
swe,sex_f,age_aggregate_y25_54,geo_cov_urb,2023,8.462
swe,sex_f,age_aggregate_y25_54,geo_cov_urb,2024,9.437
swe,sex_f,age_aggregate_y55_64,geo_cov_nat,2005,4.94
swe,sex_f,age_aggregate_y55_64,geo_cov_nat,2006,5.232
swe,sex_f,age_aggregate_y55_64,geo_cov_nat,2007,4.732
swe,sex_f,age_aggregate_y55_64,geo_cov_nat,2008,4.614
swe,sex_f,age_aggregate_y55_64,geo_cov_nat,2009,5.765
swe,sex_f,age_aggregate_y55_64,geo_cov_nat,2010,6.336
swe,sex_f,age_aggregate_y55_64,geo_cov_nat,2011,5.97
swe,sex_f,age_aggregate_y55_64,geo_cov_nat,2012,6.32
swe,sex_f,age_aggregate_y55_64,geo_cov_nat,2013,5.904
swe,sex_f,age_aggregate_y55_64,geo_cov_nat,2014,5.957
swe,sex_f,age_aggregate_y55_64,geo_cov_nat,2015,5.673
swe,sex_f,age_aggregate_y55_64,geo_cov_nat,2016,5.469
swe,sex_f,age_aggregate_y55_64,geo_cov_nat,2017,5.32
swe,sex_f,age_aggregate_y55_64,geo_cov_nat,2018,4.721
swe,sex_f,age_aggregate_y55_64,geo_cov_nat,2019,5.493
swe,sex_f,age_aggregate_y55_64,geo_cov_nat,2020,6.869
swe,sex_f,age_aggregate_y55_64,geo_cov_nat,2021,7.971
swe,sex_f,age_aggregate_y55_64,geo_cov_nat,2022,8.193
swe,sex_f,age_aggregate_y55_64,geo_cov_nat,2023,7.589
swe,sex_f,age_aggregate_y55_64,geo_cov_nat,2024,7.781
swe,sex_f,age_aggregate_y55_64,geo_cov_rur,2005,5.153
swe,sex_f,age_aggregate_y55_64,geo_cov_rur,2006,4.855
swe,sex_f,age_aggregate_y55_64,geo_cov_rur,2007,4.942
swe,sex_f,age_aggregate_y55_64,geo_cov_rur,2008,4.605
swe,sex_f,age_aggregate_y55_64,geo_cov_rur,2009,5.47
swe,sex_f,age_aggregate_y55_64,geo_cov_rur,2010,6.113
swe,sex_f,age_aggregate_y55_64,geo_cov_rur,2011,6.097
swe,sex_f,age_aggregate_y55_64,geo_cov_rur,2012,6.154
swe,sex_f,age_aggregate_y55_64,geo_cov_rur,2013,5.422
swe,sex_f,age_aggregate_y55_64,geo_cov_rur,2014,5.132
swe,sex_f,age_aggregate_y55_64,geo_cov_rur,2015,4.677
swe,sex_f,age_aggregate_y55_64,geo_cov_rur,2016,4.662
swe,sex_f,age_aggregate_y55_64,geo_cov_rur,2017,4.567
swe,sex_f,age_aggregate_y55_64,geo_cov_rur,2018,4.231
swe,sex_f,age_aggregate_y55_64,geo_cov_rur,2019,5.383
swe,sex_f,age_aggregate_y55_64,geo_cov_rur,2020,5.627
swe,sex_f,age_aggregate_y55_64,geo_cov_rur,2021,6.223
swe,sex_f,age_aggregate_y55_64,geo_cov_rur,2022,7.726
swe,sex_f,age_aggregate_y55_64,geo_cov_rur,2023,6.18
swe,sex_f,age_aggregate_y55_64,geo_cov_rur,2024,6.017
swe,sex_f,age_aggregate_y55_64,geo_cov_urb,2005,4.547
swe,sex_f,age_aggregate_y55_64,geo_cov_urb,2006,5.907
swe,sex_f,age_aggregate_y55_64,geo_cov_urb,2007,4.335
swe,sex_f,age_aggregate_y55_64,geo_cov_urb,2008,4.631
swe,sex_f,age_aggregate_y55_64,geo_cov_urb,2009,6.303
swe,sex_f,age_aggregate_y55_64,geo_cov_urb,2010,6.729
swe,sex_f,age_aggregate_y55_64,geo_cov_urb,2011,5.744
swe,sex_f,age_aggregate_y55_64,geo_cov_urb,2012,6.399
swe,sex_f,age_aggregate_y55_64,geo_cov_urb,2013,6.126
swe,sex_f,age_aggregate_y55_64,geo_cov_urb,2014,6.334
swe,sex_f,age_aggregate_y55_64,geo_cov_urb,2015,6.134
swe,sex_f,age_aggregate_y55_64,geo_cov_urb,2016,5.847
swe,sex_f,age_aggregate_y55_64,geo_cov_urb,2017,5.66
swe,sex_f,age_aggregate_y55_64,geo_cov_urb,2018,4.946
swe,sex_f,age_aggregate_y55_64,geo_cov_urb,2019,5.545
swe,sex_f,age_aggregate_y55_64,geo_cov_urb,2020,7.444
swe,sex_f,age_aggregate_y55_64,geo_cov_urb,2021,8.762
swe,sex_f,age_aggregate_y55_64,geo_cov_urb,2022,8.395
swe,sex_f,age_aggregate_y55_64,geo_cov_urb,2023,8.202
swe,sex_f,age_aggregate_y55_64,geo_cov_urb,2024,8.505
swe,sex_f,age_aggregate_yge65,geo_cov_nat,2005,14.651
swe,sex_f,age_aggregate_yge65,geo_cov_nat,2006,9.056
swe,sex_f,age_aggregate_yge65,geo_cov_nat,2007,12.555
swe,sex_f,age_aggregate_yge65,geo_cov_nat,2008,15.122
swe,sex_f,age_aggregate_yge65,geo_cov_nat,2009,14.031
swe,sex_f,age_aggregate_yge65,geo_cov_nat,2010,12.456
swe,sex_f,age_aggregate_yge65,geo_cov_nat,2011,12.903
swe,sex_f,age_aggregate_yge65,geo_cov_nat,2012,13.457
swe,sex_f,age_aggregate_yge65,geo_cov_nat,2013,14.015
swe,sex_f,age_aggregate_yge65,geo_cov_nat,2014,12.939
swe,sex_f,age_aggregate_yge65,geo_cov_nat,2015,11.081
swe,sex_f,age_aggregate_yge65,geo_cov_nat,2016,9.968
swe,sex_f,age_aggregate_yge65,geo_cov_nat,2017,10.224
swe,sex_f,age_aggregate_yge65,geo_cov_nat,2018,10.501
swe,sex_f,age_aggregate_yge65,geo_cov_nat,2019,14.646
swe,sex_f,age_aggregate_yge65,geo_cov_nat,2020,13.549
swe,sex_f,age_aggregate_yge65,geo_cov_nat,2021,26.727
swe,sex_f,age_aggregate_yge65,geo_cov_nat,2022,22.442
swe,sex_f,age_aggregate_yge65,geo_cov_nat,2023,23.777
swe,sex_f,age_aggregate_yge65,geo_cov_nat,2024,26.466
swe,sex_f,age_aggregate_yge65,geo_cov_rur,2005,10.19
swe,sex_f,age_aggregate_yge65,geo_cov_rur,2006,8.34
swe,sex_f,age_aggregate_yge65,geo_cov_rur,2007,12.03
swe,sex_f,age_aggregate_yge65,geo_cov_rur,2008,15.407
swe,sex_f,age_aggregate_yge65,geo_cov_rur,2009,14.361
swe,sex_f,age_aggregate_yge65,geo_cov_rur,2010,12.169
swe,sex_f,age_aggregate_yge65,geo_cov_rur,2011,12.399
swe,sex_f,age_aggregate_yge65,geo_cov_rur,2012,10.515
swe,sex_f,age_aggregate_yge65,geo_cov_rur,2013,16.036
swe,sex_f,age_aggregate_yge65,geo_cov_rur,2014,14.096
swe,sex_f,age_aggregate_yge65,geo_cov_rur,2015,12.828
swe,sex_f,age_aggregate_yge65,geo_cov_rur,2016,10.37
swe,sex_f,age_aggregate_yge65,geo_cov_rur,2017,9.105
swe,sex_f,age_aggregate_yge65,geo_cov_rur,2018,8.726
swe,sex_f,age_aggregate_yge65,geo_cov_rur,2019,11.958
swe,sex_f,age_aggregate_yge65,geo_cov_rur,2020,16.862
swe,sex_f,age_aggregate_yge65,geo_cov_rur,2021,28.533
swe,sex_f,age_aggregate_yge65,geo_cov_rur,2022,22.205
swe,sex_f,age_aggregate_yge65,geo_cov_rur,2023,25.92
swe,sex_f,age_aggregate_yge65,geo_cov_rur,2024,25.61
swe,sex_f,age_aggregate_yge65,geo_cov_urb,2005,21.316
swe,sex_f,age_aggregate_yge65,geo_cov_urb,2006,10.169
swe,sex_f,age_aggregate_yge65,geo_cov_urb,2007,13.403
swe,sex_f,age_aggregate_yge65,geo_cov_urb,2008,14.738
swe,sex_f,age_aggregate_yge65,geo_cov_urb,2009,13.582
swe,sex_f,age_aggregate_yge65,geo_cov_urb,2010,12.873
swe,sex_f,age_aggregate_yge65,geo_cov_urb,2011,13.622
swe,sex_f,age_aggregate_yge65,geo_cov_urb,2012,14.77
swe,sex_f,age_aggregate_yge65,geo_cov_urb,2013,13.268
swe,sex_f,age_aggregate_yge65,geo_cov_urb,2014,12.502
swe,sex_f,age_aggregate_yge65,geo_cov_urb,2015,10.314
swe,sex_f,age_aggregate_yge65,geo_cov_urb,2016,9.787
swe,sex_f,age_aggregate_yge65,geo_cov_urb,2017,10.725
swe,sex_f,age_aggregate_yge65,geo_cov_urb,2018,11.344
swe,sex_f,age_aggregate_yge65,geo_cov_urb,2019,15.974
swe,sex_f,age_aggregate_yge65,geo_cov_urb,2020,12.039
swe,sex_f,age_aggregate_yge65,geo_cov_urb,2021,25.877
swe,sex_f,age_aggregate_yge65,geo_cov_urb,2022,22.548
swe,sex_f,age_aggregate_yge65,geo_cov_urb,2023,22.634
swe,sex_f,age_aggregate_yge65,geo_cov_urb,2024,26.911
swe,sex_f,age_ythadult_y15_24,geo_cov_nat,2005,34.229
swe,sex_f,age_ythadult_y15_24,geo_cov_nat,2006,34.071
swe,sex_f,age_ythadult_y15_24,geo_cov_nat,2007,31.994
swe,sex_f,age_ythadult_y15_24,geo_cov_nat,2008,31.215
swe,sex_f,age_ythadult_y15_24,geo_cov_nat,2009,36.276
swe,sex_f,age_ythadult_y15_24,geo_cov_nat,2010,35.534
swe,sex_f,age_ythadult_y15_24,geo_cov_nat,2011,33.717
swe,sex_f,age_ythadult_y15_24,geo_cov_nat,2012,33.663
swe,sex_f,age_ythadult_y15_24,geo_cov_nat,2013,34.188
swe,sex_f,age_ythadult_y15_24,geo_cov_nat,2014,33.178
swe,sex_f,age_ythadult_y15_24,geo_cov_nat,2015,30.641
swe,sex_f,age_ythadult_y15_24,geo_cov_nat,2016,27.76
swe,sex_f,age_ythadult_y15_24,geo_cov_nat,2017,26.883
swe,sex_f,age_ythadult_y15_24,geo_cov_nat,2018,26.353
swe,sex_f,age_ythadult_y15_24,geo_cov_nat,2019,30.746
swe,sex_f,age_ythadult_y15_24,geo_cov_nat,2020,36.781
swe,sex_f,age_ythadult_y15_24,geo_cov_nat,2021,40.404
swe,sex_f,age_ythadult_y15_24,geo_cov_nat,2022,38.668
swe,sex_f,age_ythadult_y15_24,geo_cov_nat,2023,36.99
swe,sex_f,age_ythadult_y15_24,geo_cov_nat,2024,39.364
swe,sex_f,age_ythadult_y15_24,geo_cov_rur,2005,34.005
swe,sex_f,age_ythadult_y15_24,geo_cov_rur,2006,34.33
swe,sex_f,age_ythadult_y15_24,geo_cov_rur,2007,30.764
swe,sex_f,age_ythadult_y15_24,geo_cov_rur,2008,31.473
swe,sex_f,age_ythadult_y15_24,geo_cov_rur,2009,37.132
swe,sex_f,age_ythadult_y15_24,geo_cov_rur,2010,36.305
swe,sex_f,age_ythadult_y15_24,geo_cov_rur,2011,33.741
swe,sex_f,age_ythadult_y15_24,geo_cov_rur,2012,33.532
swe,sex_f,age_ythadult_y15_24,geo_cov_rur,2013,33.307
swe,sex_f,age_ythadult_y15_24,geo_cov_rur,2014,31.602
swe,sex_f,age_ythadult_y15_24,geo_cov_rur,2015,30.258
swe,sex_f,age_ythadult_y15_24,geo_cov_rur,2016,27.502
swe,sex_f,age_ythadult_y15_24,geo_cov_rur,2017,26.747
swe,sex_f,age_ythadult_y15_24,geo_cov_rur,2018,27.442
swe,sex_f,age_ythadult_y15_24,geo_cov_rur,2019,30.594
swe,sex_f,age_ythadult_y15_24,geo_cov_rur,2020,33.444
swe,sex_f,age_ythadult_y15_24,geo_cov_rur,2021,40.929
swe,sex_f,age_ythadult_y15_24,geo_cov_rur,2022,36.555
swe,sex_f,age_ythadult_y15_24,geo_cov_rur,2023,36.742
swe,sex_f,age_ythadult_y15_24,geo_cov_rur,2024,40.914
swe,sex_f,age_ythadult_y15_24,geo_cov_urb,2005,34.617
swe,sex_f,age_ythadult_y15_24,geo_cov_urb,2006,33.652
swe,sex_f,age_ythadult_y15_24,geo_cov_urb,2007,33.954
swe,sex_f,age_ythadult_y15_24,geo_cov_urb,2008,30.817
swe,sex_f,age_ythadult_y15_24,geo_cov_urb,2009,34.894
swe,sex_f,age_ythadult_y15_24,geo_cov_urb,2010,34.29
swe,sex_f,age_ythadult_y15_24,geo_cov_urb,2011,33.679
swe,sex_f,age_ythadult_y15_24,geo_cov_urb,2012,33.71
swe,sex_f,age_ythadult_y15_24,geo_cov_urb,2013,34.493
swe,sex_f,age_ythadult_y15_24,geo_cov_urb,2014,33.73
swe,sex_f,age_ythadult_y15_24,geo_cov_urb,2015,30.765
swe,sex_f,age_ythadult_y15_24,geo_cov_urb,2016,27.843
swe,sex_f,age_ythadult_y15_24,geo_cov_urb,2017,26.927
swe,sex_f,age_ythadult_y15_24,geo_cov_urb,2018,25.995
swe,sex_f,age_ythadult_y15_24,geo_cov_urb,2019,30.792
swe,sex_f,age_ythadult_y15_24,geo_cov_urb,2020,37.78
swe,sex_f,age_ythadult_y15_24,geo_cov_urb,2021,40.234
swe,sex_f,age_ythadult_y15_24,geo_cov_urb,2022,39.297
swe,sex_f,age_ythadult_y15_24,geo_cov_urb,2023,37.06
swe,sex_f,age_ythadult_y15_24,geo_cov_urb,2024,38.883
swe,sex_f,age_ythadult_y15_64,geo_cov_nat,2005,11.167
swe,sex_f,age_ythadult_y15_64,geo_cov_nat,2006,10.779
swe,sex_f,age_ythadult_y15_64,geo_cov_nat,2007,9.825
swe,sex_f,age_ythadult_y15_64,geo_cov_nat,2008,9.64
swe,sex_f,age_ythadult_y15_64,geo_cov_nat,2009,11.745
swe,sex_f,age_ythadult_y15_64,geo_cov_nat,2010,12.253
swe,sex_f,age_ythadult_y15_64,geo_cov_nat,2011,11.299
swe,sex_f,age_ythadult_y15_64,geo_cov_nat,2012,11.27
swe,sex_f,age_ythadult_y15_64,geo_cov_nat,2013,11.712
swe,sex_f,age_ythadult_y15_64,geo_cov_nat,2014,11.346
swe,sex_f,age_ythadult_y15_64,geo_cov_nat,2015,10.639
swe,sex_f,age_ythadult_y15_64,geo_cov_nat,2016,9.536
swe,sex_f,age_ythadult_y15_64,geo_cov_nat,2017,9.208
swe,sex_f,age_ythadult_y15_64,geo_cov_nat,2018,9.056
swe,sex_f,age_ythadult_y15_64,geo_cov_nat,2019,10.135
swe,sex_f,age_ythadult_y15_64,geo_cov_nat,2020,12.318
swe,sex_f,age_ythadult_y15_64,geo_cov_nat,2021,14.27
swe,sex_f,age_ythadult_y15_64,geo_cov_nat,2022,13.004
swe,sex_f,age_ythadult_y15_64,geo_cov_nat,2023,12.508
swe,sex_f,age_ythadult_y15_64,geo_cov_nat,2024,13.35
swe,sex_f,age_ythadult_y15_64,geo_cov_rur,2005,11.191
swe,sex_f,age_ythadult_y15_64,geo_cov_rur,2006,10.711
swe,sex_f,age_ythadult_y15_64,geo_cov_rur,2007,9.638
swe,sex_f,age_ythadult_y15_64,geo_cov_rur,2008,9.766
swe,sex_f,age_ythadult_y15_64,geo_cov_rur,2009,11.961
swe,sex_f,age_ythadult_y15_64,geo_cov_rur,2010,12.359
swe,sex_f,age_ythadult_y15_64,geo_cov_rur,2011,11.157
swe,sex_f,age_ythadult_y15_64,geo_cov_rur,2012,10.676
swe,sex_f,age_ythadult_y15_64,geo_cov_rur,2013,10.527
swe,sex_f,age_ythadult_y15_64,geo_cov_rur,2014,9.978
swe,sex_f,age_ythadult_y15_64,geo_cov_rur,2015,9.4
swe,sex_f,age_ythadult_y15_64,geo_cov_rur,2016,8.325
swe,sex_f,age_ythadult_y15_64,geo_cov_rur,2017,8.094
swe,sex_f,age_ythadult_y15_64,geo_cov_rur,2018,8.477
swe,sex_f,age_ythadult_y15_64,geo_cov_rur,2019,9.258
swe,sex_f,age_ythadult_y15_64,geo_cov_rur,2020,11.075
swe,sex_f,age_ythadult_y15_64,geo_cov_rur,2021,12.981
swe,sex_f,age_ythadult_y15_64,geo_cov_rur,2022,11.476
swe,sex_f,age_ythadult_y15_64,geo_cov_rur,2023,11.723
swe,sex_f,age_ythadult_y15_64,geo_cov_rur,2024,12.247
swe,sex_f,age_ythadult_y15_64,geo_cov_urb,2005,11.129
swe,sex_f,age_ythadult_y15_64,geo_cov_urb,2006,10.884
swe,sex_f,age_ythadult_y15_64,geo_cov_urb,2007,10.11
swe,sex_f,age_ythadult_y15_64,geo_cov_urb,2008,9.452
swe,sex_f,age_ythadult_y15_64,geo_cov_urb,2009,11.426
swe,sex_f,age_ythadult_y15_64,geo_cov_urb,2010,12.099
swe,sex_f,age_ythadult_y15_64,geo_cov_urb,2011,11.505
swe,sex_f,age_ythadult_y15_64,geo_cov_urb,2012,11.497
swe,sex_f,age_ythadult_y15_64,geo_cov_urb,2013,12.158
swe,sex_f,age_ythadult_y15_64,geo_cov_urb,2014,11.854
swe,sex_f,age_ythadult_y15_64,geo_cov_urb,2015,11.084
swe,sex_f,age_ythadult_y15_64,geo_cov_urb,2016,9.959
swe,sex_f,age_ythadult_y15_64,geo_cov_urb,2017,9.595
swe,sex_f,age_ythadult_y15_64,geo_cov_urb,2018,9.259
swe,sex_f,age_ythadult_y15_64,geo_cov_urb,2019,10.435
swe,sex_f,age_ythadult_y15_64,geo_cov_urb,2020,12.731
swe,sex_f,age_ythadult_y15_64,geo_cov_urb,2021,14.702
swe,sex_f,age_ythadult_y15_64,geo_cov_urb,2022,13.501
swe,sex_f,age_ythadult_y15_64,geo_cov_urb,2023,12.761
swe,sex_f,age_ythadult_y15_64,geo_cov_urb,2024,13.697
swe,sex_f,age_ythadult_yge15,geo_cov_nat,2005,11.206
swe,sex_f,age_ythadult_yge15,geo_cov_nat,2006,10.758
swe,sex_f,age_ythadult_yge15,geo_cov_nat,2007,9.864
swe,sex_f,age_ythadult_yge15,geo_cov_nat,2008,9.732
swe,sex_f,age_ythadult_yge15,geo_cov_nat,2009,11.788
swe,sex_f,age_ythadult_yge15,geo_cov_nat,2010,12.257
swe,sex_f,age_ythadult_yge15,geo_cov_nat,2011,11.333
swe,sex_f,age_ythadult_yge15,geo_cov_nat,2012,11.326
swe,sex_f,age_ythadult_yge15,geo_cov_nat,2013,11.771
swe,sex_f,age_ythadult_yge15,geo_cov_nat,2014,11.391
swe,sex_f,age_ythadult_yge15,geo_cov_nat,2015,10.652
swe,sex_f,age_ythadult_yge15,geo_cov_nat,2016,9.549
swe,sex_f,age_ythadult_yge15,geo_cov_nat,2017,9.239
swe,sex_f,age_ythadult_yge15,geo_cov_nat,2018,9.101
swe,sex_f,age_ythadult_yge15,geo_cov_nat,2019,10.292
swe,sex_f,age_ythadult_yge15,geo_cov_nat,2020,12.359
swe,sex_f,age_ythadult_yge15,geo_cov_nat,2021,14.848
swe,sex_f,age_ythadult_yge15,geo_cov_nat,2022,13.43
swe,sex_f,age_ythadult_yge15,geo_cov_nat,2023,13.038
swe,sex_f,age_ythadult_yge15,geo_cov_nat,2024,14.012
swe,sex_f,age_ythadult_yge15,geo_cov_rur,2005,11.18
swe,sex_f,age_ythadult_yge15,geo_cov_rur,2006,10.681
swe,sex_f,age_ythadult_yge15,geo_cov_rur,2007,9.673
swe,sex_f,age_ythadult_yge15,geo_cov_rur,2008,9.856
swe,sex_f,age_ythadult_yge15,geo_cov_rur,2009,12.005
swe,sex_f,age_ythadult_yge15,geo_cov_rur,2010,12.356
swe,sex_f,age_ythadult_yge15,geo_cov_rur,2011,11.183
swe,sex_f,age_ythadult_yge15,geo_cov_rur,2012,10.671
swe,sex_f,age_ythadult_yge15,geo_cov_rur,2013,10.667
swe,sex_f,age_ythadult_yge15,geo_cov_rur,2014,10.096
swe,sex_f,age_ythadult_yge15,geo_cov_rur,2015,9.515
swe,sex_f,age_ythadult_yge15,geo_cov_rur,2016,8.398
swe,sex_f,age_ythadult_yge15,geo_cov_rur,2017,8.131
swe,sex_f,age_ythadult_yge15,geo_cov_rur,2018,8.486
swe,sex_f,age_ythadult_yge15,geo_cov_rur,2019,9.379
swe,sex_f,age_ythadult_yge15,geo_cov_rur,2020,11.313
swe,sex_f,age_ythadult_yge15,geo_cov_rur,2021,13.889
swe,sex_f,age_ythadult_yge15,geo_cov_rur,2022,12.078
swe,sex_f,age_ythadult_yge15,geo_cov_rur,2023,12.656
swe,sex_f,age_ythadult_yge15,geo_cov_rur,2024,13.192
swe,sex_f,age_ythadult_yge15,geo_cov_urb,2005,11.247
swe,sex_f,age_ythadult_yge15,geo_cov_urb,2006,10.875
swe,sex_f,age_ythadult_yge15,geo_cov_urb,2007,10.156
swe,sex_f,age_ythadult_yge15,geo_cov_urb,2008,9.546
swe,sex_f,age_ythadult_yge15,geo_cov_urb,2009,11.469
swe,sex_f,age_ythadult_yge15,geo_cov_urb,2010,12.113
swe,sex_f,age_ythadult_yge15,geo_cov_urb,2011,11.55
swe,sex_f,age_ythadult_yge15,geo_cov_urb,2012,11.577
swe,sex_f,age_ythadult_yge15,geo_cov_urb,2013,12.187
swe,sex_f,age_ythadult_yge15,geo_cov_urb,2014,11.873
swe,sex_f,age_ythadult_yge15,geo_cov_urb,2015,11.063
swe,sex_f,age_ythadult_yge15,geo_cov_urb,2016,9.955
swe,sex_f,age_ythadult_yge15,geo_cov_urb,2017,9.627
swe,sex_f,age_ythadult_yge15,geo_cov_urb,2018,9.319
swe,sex_f,age_ythadult_yge15,geo_cov_urb,2019,10.609
swe,sex_f,age_ythadult_yge15,geo_cov_urb,2020,12.71
swe,sex_f,age_ythadult_yge15,geo_cov_urb,2021,15.175
swe,sex_f,age_ythadult_yge15,geo_cov_urb,2022,13.876
swe,sex_f,age_ythadult_yge15,geo_cov_urb,2023,13.165
swe,sex_f,age_ythadult_yge15,geo_cov_urb,2024,14.277
swe,sex_f,age_ythadult_yge25,geo_cov_nat,2005,7.418
swe,sex_f,age_ythadult_yge25,geo_cov_nat,2006,6.785
swe,sex_f,age_ythadult_yge25,geo_cov_nat,2007,5.962
swe,sex_f,age_ythadult_yge25,geo_cov_nat,2008,5.941
swe,sex_f,age_ythadult_yge25,geo_cov_nat,2009,7.417
swe,sex_f,age_ythadult_yge25,geo_cov_nat,2010,8.079
swe,sex_f,age_ythadult_yge25,geo_cov_nat,2011,7.307
swe,sex_f,age_ythadult_yge25,geo_cov_nat,2012,7.344
swe,sex_f,age_ythadult_yge25,geo_cov_nat,2013,7.72
swe,sex_f,age_ythadult_yge25,geo_cov_nat,2014,7.522
swe,sex_f,age_ythadult_yge25,geo_cov_nat,2015,7.226
swe,sex_f,age_ythadult_yge25,geo_cov_nat,2016,6.625
swe,sex_f,age_ythadult_yge25,geo_cov_nat,2017,6.525
swe,sex_f,age_ythadult_yge25,geo_cov_nat,2018,6.504
swe,sex_f,age_ythadult_yge25,geo_cov_nat,2019,7.174
swe,sex_f,age_ythadult_yge25,geo_cov_nat,2020,8.772
swe,sex_f,age_ythadult_yge25,geo_cov_nat,2021,10.778
swe,sex_f,age_ythadult_yge25,geo_cov_nat,2022,9.359
swe,sex_f,age_ythadult_yge25,geo_cov_nat,2023,9.133
swe,sex_f,age_ythadult_yge25,geo_cov_nat,2024,9.809
swe,sex_f,age_ythadult_yge25,geo_cov_rur,2005,7.262
swe,sex_f,age_ythadult_yge25,geo_cov_rur,2006,6.562
swe,sex_f,age_ythadult_yge25,geo_cov_rur,2007,5.883
swe,sex_f,age_ythadult_yge25,geo_cov_rur,2008,5.992
swe,sex_f,age_ythadult_yge25,geo_cov_rur,2009,7.326
swe,sex_f,age_ythadult_yge25,geo_cov_rur,2010,7.837
swe,sex_f,age_ythadult_yge25,geo_cov_rur,2011,6.964
swe,sex_f,age_ythadult_yge25,geo_cov_rur,2012,6.812
swe,sex_f,age_ythadult_yge25,geo_cov_rur,2013,6.862
swe,sex_f,age_ythadult_yge25,geo_cov_rur,2014,6.47
swe,sex_f,age_ythadult_yge25,geo_cov_rur,2015,6.28
swe,sex_f,age_ythadult_yge25,geo_cov_rur,2016,5.576
swe,sex_f,age_ythadult_yge25,geo_cov_rur,2017,5.455
swe,sex_f,age_ythadult_yge25,geo_cov_rur,2018,5.808
swe,sex_f,age_ythadult_yge25,geo_cov_rur,2019,6.468
swe,sex_f,age_ythadult_yge25,geo_cov_rur,2020,8.37
swe,sex_f,age_ythadult_yge25,geo_cov_rur,2021,9.766
swe,sex_f,age_ythadult_yge25,geo_cov_rur,2022,8.469
swe,sex_f,age_ythadult_yge25,geo_cov_rur,2023,9.256
swe,sex_f,age_ythadult_yge25,geo_cov_rur,2024,8.758
swe,sex_f,age_ythadult_yge25,geo_cov_urb,2005,7.659
swe,sex_f,age_ythadult_yge25,geo_cov_urb,2006,7.126
swe,sex_f,age_ythadult_yge25,geo_cov_urb,2007,6.082
swe,sex_f,age_ythadult_yge25,geo_cov_urb,2008,5.864
swe,sex_f,age_ythadult_yge25,geo_cov_urb,2009,7.549
swe,sex_f,age_ythadult_yge25,geo_cov_urb,2010,8.422
swe,sex_f,age_ythadult_yge25,geo_cov_urb,2011,7.796
swe,sex_f,age_ythadult_yge25,geo_cov_urb,2012,7.55
swe,sex_f,age_ythadult_yge25,geo_cov_urb,2013,8.048
swe,sex_f,age_ythadult_yge25,geo_cov_urb,2014,7.918
swe,sex_f,age_ythadult_yge25,geo_cov_urb,2015,7.574
swe,sex_f,age_ythadult_yge25,geo_cov_urb,2016,6.999
swe,sex_f,age_ythadult_yge25,geo_cov_urb,2017,6.905
swe,sex_f,age_ythadult_yge25,geo_cov_urb,2018,6.754
swe,sex_f,age_ythadult_yge25,geo_cov_urb,2019,7.423
swe,sex_f,age_ythadult_yge25,geo_cov_urb,2020,8.909
swe,sex_f,age_ythadult_yge25,geo_cov_urb,2021,11.126
swe,sex_f,age_ythadult_yge25,geo_cov_urb,2022,9.657
swe,sex_f,age_ythadult_yge25,geo_cov_urb,2023,9.091
swe,sex_f,age_ythadult_yge25,geo_cov_urb,2024,10.151
swe,sex_m,age_aggregate_total,geo_cov_nat,2005,10.98
swe,sex_m,age_aggregate_total,geo_cov_nat,2006,9.755
swe,sex_m,age_aggregate_total,geo_cov_nat,2007,8.531
swe,sex_m,age_aggregate_total,geo_cov_nat,2008,8.581
swe,sex_m,age_aggregate_total,geo_cov_nat,2009,11.8
swe,sex_m,age_aggregate_total,geo_cov_nat,2010,11.723
swe,sex_m,age_aggregate_total,geo_cov_nat,2011,10.684
swe,sex_m,age_aggregate_total,geo_cov_nat,2012,11.387
swe,sex_m,age_aggregate_total,geo_cov_nat,2013,11.476
swe,sex_m,age_aggregate_total,geo_cov_nat,2014,11.304
swe,sex_m,age_aggregate_total,geo_cov_nat,2015,10.587
swe,sex_m,age_aggregate_total,geo_cov_nat,2016,10.167
swe,sex_m,age_aggregate_total,geo_cov_nat,2017,9.424
swe,sex_m,age_aggregate_total,geo_cov_nat,2018,9.05
swe,sex_m,age_aggregate_total,geo_cov_nat,2019,9.77
swe,sex_m,age_aggregate_total,geo_cov_nat,2020,11.664
swe,sex_m,age_aggregate_total,geo_cov_nat,2021,13.557
swe,sex_m,age_aggregate_total,geo_cov_nat,2022,11.69
swe,sex_m,age_aggregate_total,geo_cov_nat,2023,12.074
swe,sex_m,age_aggregate_total,geo_cov_nat,2024,13.267
swe,sex_m,age_aggregate_total,geo_cov_rur,2005,10.819
swe,sex_m,age_aggregate_total,geo_cov_rur,2006,9.733
swe,sex_m,age_aggregate_total,geo_cov_rur,2007,8.528
swe,sex_m,age_aggregate_total,geo_cov_rur,2008,8.601
swe,sex_m,age_aggregate_total,geo_cov_rur,2009,12.165
swe,sex_m,age_aggregate_total,geo_cov_rur,2010,11.975
swe,sex_m,age_aggregate_total,geo_cov_rur,2011,10.532
swe,sex_m,age_aggregate_total,geo_cov_rur,2012,10.302
swe,sex_m,age_aggregate_total,geo_cov_rur,2013,10.44
swe,sex_m,age_aggregate_total,geo_cov_rur,2014,10.036
swe,sex_m,age_aggregate_total,geo_cov_rur,2015,9.624
swe,sex_m,age_aggregate_total,geo_cov_rur,2016,9.902
swe,sex_m,age_aggregate_total,geo_cov_rur,2017,8.856
swe,sex_m,age_aggregate_total,geo_cov_rur,2018,8.333
swe,sex_m,age_aggregate_total,geo_cov_rur,2019,9.103
swe,sex_m,age_aggregate_total,geo_cov_rur,2020,10.122
swe,sex_m,age_aggregate_total,geo_cov_rur,2021,11.997
swe,sex_m,age_aggregate_total,geo_cov_rur,2022,11.031
swe,sex_m,age_aggregate_total,geo_cov_rur,2023,11.914
swe,sex_m,age_aggregate_total,geo_cov_rur,2024,12.181
swe,sex_m,age_aggregate_total,geo_cov_urb,2005,11.238
swe,sex_m,age_aggregate_total,geo_cov_urb,2006,9.791
swe,sex_m,age_aggregate_total,geo_cov_urb,2007,8.535
swe,sex_m,age_aggregate_total,geo_cov_urb,2008,8.55
swe,sex_m,age_aggregate_total,geo_cov_urb,2009,11.232
swe,sex_m,age_aggregate_total,geo_cov_urb,2010,11.338
swe,sex_m,age_aggregate_total,geo_cov_urb,2011,10.914
swe,sex_m,age_aggregate_total,geo_cov_urb,2012,11.822
swe,sex_m,age_aggregate_total,geo_cov_urb,2013,11.888
swe,sex_m,age_aggregate_total,geo_cov_urb,2014,11.799
swe,sex_m,age_aggregate_total,geo_cov_urb,2015,10.958
swe,sex_m,age_aggregate_total,geo_cov_urb,2016,10.269
swe,sex_m,age_aggregate_total,geo_cov_urb,2017,9.639
swe,sex_m,age_aggregate_total,geo_cov_urb,2018,9.319
swe,sex_m,age_aggregate_total,geo_cov_urb,2019,10.02
swe,sex_m,age_aggregate_total,geo_cov_urb,2020,12.224
swe,sex_m,age_aggregate_total,geo_cov_urb,2021,14.14
swe,sex_m,age_aggregate_total,geo_cov_urb,2022,11.933
swe,sex_m,age_aggregate_total,geo_cov_urb,2023,12.131
swe,sex_m,age_aggregate_total,geo_cov_urb,2024,13.658
swe,sex_m,age_aggregate_y15_24,geo_cov_nat,2005,35.403
swe,sex_m,age_aggregate_y15_24,geo_cov_nat,2006,32.452
swe,sex_m,age_aggregate_y15_24,geo_cov_nat,2007,29.946
swe,sex_m,age_aggregate_y15_24,geo_cov_nat,2008,30.179
swe,sex_m,age_aggregate_y15_24,geo_cov_nat,2009,37.894
swe,sex_m,age_aggregate_y15_24,geo_cov_nat,2010,36.833
swe,sex_m,age_aggregate_y15_24,geo_cov_nat,2011,33.175
swe,sex_m,age_aggregate_y15_24,geo_cov_nat,2012,36.578
swe,sex_m,age_aggregate_y15_24,geo_cov_nat,2013,36.3
swe,sex_m,age_aggregate_y15_24,geo_cov_nat,2014,35.655
swe,sex_m,age_aggregate_y15_24,geo_cov_nat,2015,33.026
swe,sex_m,age_aggregate_y15_24,geo_cov_nat,2016,31.642
swe,sex_m,age_aggregate_y15_24,geo_cov_nat,2017,28.897
swe,sex_m,age_aggregate_y15_24,geo_cov_nat,2018,29.345
swe,sex_m,age_aggregate_y15_24,geo_cov_nat,2019,32.235
swe,sex_m,age_aggregate_y15_24,geo_cov_nat,2020,37.877
swe,sex_m,age_aggregate_y15_24,geo_cov_nat,2021,41.644
swe,sex_m,age_aggregate_y15_24,geo_cov_nat,2022,35.363
swe,sex_m,age_aggregate_y15_24,geo_cov_nat,2023,37.398
swe,sex_m,age_aggregate_y15_24,geo_cov_nat,2024,41.074
swe,sex_m,age_aggregate_y15_24,geo_cov_rur,2005,35.693
swe,sex_m,age_aggregate_y15_24,geo_cov_rur,2006,32.489
swe,sex_m,age_aggregate_y15_24,geo_cov_rur,2007,29.393
swe,sex_m,age_aggregate_y15_24,geo_cov_rur,2008,30.174
swe,sex_m,age_aggregate_y15_24,geo_cov_rur,2009,38.764
swe,sex_m,age_aggregate_y15_24,geo_cov_rur,2010,36.403
swe,sex_m,age_aggregate_y15_24,geo_cov_rur,2011,32.758
swe,sex_m,age_aggregate_y15_24,geo_cov_rur,2012,35.441
swe,sex_m,age_aggregate_y15_24,geo_cov_rur,2013,35.913
swe,sex_m,age_aggregate_y15_24,geo_cov_rur,2014,33.426
swe,sex_m,age_aggregate_y15_24,geo_cov_rur,2015,31.387
swe,sex_m,age_aggregate_y15_24,geo_cov_rur,2016,31.145
swe,sex_m,age_aggregate_y15_24,geo_cov_rur,2017,28.64
swe,sex_m,age_aggregate_y15_24,geo_cov_rur,2018,28.333
swe,sex_m,age_aggregate_y15_24,geo_cov_rur,2019,31.273
swe,sex_m,age_aggregate_y15_24,geo_cov_rur,2020,34.574
swe,sex_m,age_aggregate_y15_24,geo_cov_rur,2021,38.087
swe,sex_m,age_aggregate_y15_24,geo_cov_rur,2022,32.916
swe,sex_m,age_aggregate_y15_24,geo_cov_rur,2023,37.111
swe,sex_m,age_aggregate_y15_24,geo_cov_rur,2024,37.576
swe,sex_m,age_aggregate_y15_24,geo_cov_urb,2005,34.911
swe,sex_m,age_aggregate_y15_24,geo_cov_urb,2006,32.388
swe,sex_m,age_aggregate_y15_24,geo_cov_urb,2007,30.98
swe,sex_m,age_aggregate_y15_24,geo_cov_urb,2008,30.188
swe,sex_m,age_aggregate_y15_24,geo_cov_urb,2009,36.359
swe,sex_m,age_aggregate_y15_24,geo_cov_urb,2010,37.586
swe,sex_m,age_aggregate_y15_24,geo_cov_urb,2011,33.881
swe,sex_m,age_aggregate_y15_24,geo_cov_urb,2012,37.043
swe,sex_m,age_aggregate_y15_24,geo_cov_urb,2013,36.454
swe,sex_m,age_aggregate_y15_24,geo_cov_urb,2014,36.524
swe,sex_m,age_aggregate_y15_24,geo_cov_urb,2015,33.664
swe,sex_m,age_aggregate_y15_24,geo_cov_urb,2016,31.836
swe,sex_m,age_aggregate_y15_24,geo_cov_urb,2017,28.994
swe,sex_m,age_aggregate_y15_24,geo_cov_urb,2018,29.722
swe,sex_m,age_aggregate_y15_24,geo_cov_urb,2019,32.633
swe,sex_m,age_aggregate_y15_24,geo_cov_urb,2020,39.139
swe,sex_m,age_aggregate_y15_24,geo_cov_urb,2021,42.887
swe,sex_m,age_aggregate_y15_24,geo_cov_urb,2022,36.281
swe,sex_m,age_aggregate_y15_24,geo_cov_urb,2023,37.507
swe,sex_m,age_aggregate_y15_24,geo_cov_urb,2024,42.344
swe,sex_m,age_aggregate_y25_54,geo_cov_nat,2005,7.354
swe,sex_m,age_aggregate_y25_54,geo_cov_nat,2006,6.178
swe,sex_m,age_aggregate_y25_54,geo_cov_nat,2007,4.948
swe,sex_m,age_aggregate_y25_54,geo_cov_nat,2008,4.782
swe,sex_m,age_aggregate_y25_54,geo_cov_nat,2009,7.441
swe,sex_m,age_aggregate_y25_54,geo_cov_nat,2010,7.299
swe,sex_m,age_aggregate_y25_54,geo_cov_nat,2011,6.764
swe,sex_m,age_aggregate_y25_54,geo_cov_nat,2012,7.131
swe,sex_m,age_aggregate_y25_54,geo_cov_nat,2013,7.167
swe,sex_m,age_aggregate_y25_54,geo_cov_nat,2014,7.118
swe,sex_m,age_aggregate_y25_54,geo_cov_nat,2015,6.89
swe,sex_m,age_aggregate_y25_54,geo_cov_nat,2016,6.703
swe,sex_m,age_aggregate_y25_54,geo_cov_nat,2017,6.513
swe,sex_m,age_aggregate_y25_54,geo_cov_nat,2018,6.158
swe,sex_m,age_aggregate_y25_54,geo_cov_nat,2019,6.317
swe,sex_m,age_aggregate_y25_54,geo_cov_nat,2020,7.747
swe,sex_m,age_aggregate_y25_54,geo_cov_nat,2021,8.352
swe,sex_m,age_aggregate_y25_54,geo_cov_nat,2022,7.025
swe,sex_m,age_aggregate_y25_54,geo_cov_nat,2023,7.199
swe,sex_m,age_aggregate_y25_54,geo_cov_nat,2024,7.962
swe,sex_m,age_aggregate_y25_54,geo_cov_rur,2005,7.044
swe,sex_m,age_aggregate_y25_54,geo_cov_rur,2006,5.907
swe,sex_m,age_aggregate_y25_54,geo_cov_rur,2007,4.83
swe,sex_m,age_aggregate_y25_54,geo_cov_rur,2008,4.549
swe,sex_m,age_aggregate_y25_54,geo_cov_rur,2009,7.502
swe,sex_m,age_aggregate_y25_54,geo_cov_rur,2010,7.388
swe,sex_m,age_aggregate_y25_54,geo_cov_rur,2011,6.434
swe,sex_m,age_aggregate_y25_54,geo_cov_rur,2012,5.768
swe,sex_m,age_aggregate_y25_54,geo_cov_rur,2013,6.06
swe,sex_m,age_aggregate_y25_54,geo_cov_rur,2014,5.923
swe,sex_m,age_aggregate_y25_54,geo_cov_rur,2015,5.942
swe,sex_m,age_aggregate_y25_54,geo_cov_rur,2016,6.568
swe,sex_m,age_aggregate_y25_54,geo_cov_rur,2017,6.022
swe,sex_m,age_aggregate_y25_54,geo_cov_rur,2018,5.764
swe,sex_m,age_aggregate_y25_54,geo_cov_rur,2019,5.558
swe,sex_m,age_aggregate_y25_54,geo_cov_rur,2020,6.104
swe,sex_m,age_aggregate_y25_54,geo_cov_rur,2021,6.925
swe,sex_m,age_aggregate_y25_54,geo_cov_rur,2022,6.269
swe,sex_m,age_aggregate_y25_54,geo_cov_rur,2023,6.648
swe,sex_m,age_aggregate_y25_54,geo_cov_rur,2024,7.034
swe,sex_m,age_aggregate_y25_54,geo_cov_urb,2005,7.818
swe,sex_m,age_aggregate_y25_54,geo_cov_urb,2006,6.583
swe,sex_m,age_aggregate_y25_54,geo_cov_urb,2007,5.125
swe,sex_m,age_aggregate_y25_54,geo_cov_urb,2008,5.122
swe,sex_m,age_aggregate_y25_54,geo_cov_urb,2009,7.357
swe,sex_m,age_aggregate_y25_54,geo_cov_urb,2010,7.177
swe,sex_m,age_aggregate_y25_54,geo_cov_urb,2011,7.218
swe,sex_m,age_aggregate_y25_54,geo_cov_urb,2012,7.624
swe,sex_m,age_aggregate_y25_54,geo_cov_urb,2013,7.565
swe,sex_m,age_aggregate_y25_54,geo_cov_urb,2014,7.544
swe,sex_m,age_aggregate_y25_54,geo_cov_urb,2015,7.226
swe,sex_m,age_aggregate_y25_54,geo_cov_urb,2016,6.751
swe,sex_m,age_aggregate_y25_54,geo_cov_urb,2017,6.681
swe,sex_m,age_aggregate_y25_54,geo_cov_urb,2018,6.295
swe,sex_m,age_aggregate_y25_54,geo_cov_urb,2019,6.575
swe,sex_m,age_aggregate_y25_54,geo_cov_urb,2020,8.28
swe,sex_m,age_aggregate_y25_54,geo_cov_urb,2021,8.831
swe,sex_m,age_aggregate_y25_54,geo_cov_urb,2022,7.275
swe,sex_m,age_aggregate_y25_54,geo_cov_urb,2023,7.38
swe,sex_m,age_aggregate_y25_54,geo_cov_urb,2024,8.258
swe,sex_m,age_aggregate_y55_64,geo_cov_nat,2005,7.165
swe,sex_m,age_aggregate_y55_64,geo_cov_nat,2006,5.928
swe,sex_m,age_aggregate_y55_64,geo_cov_nat,2007,5.266
swe,sex_m,age_aggregate_y55_64,geo_cov_nat,2008,5.231
swe,sex_m,age_aggregate_y55_64,geo_cov_nat,2009,7.367
swe,sex_m,age_aggregate_y55_64,geo_cov_nat,2010,8.176
swe,sex_m,age_aggregate_y55_64,geo_cov_nat,2011,7.276
swe,sex_m,age_aggregate_y55_64,geo_cov_nat,2012,7.296
swe,sex_m,age_aggregate_y55_64,geo_cov_nat,2013,7.297
swe,sex_m,age_aggregate_y55_64,geo_cov_nat,2014,7.427
swe,sex_m,age_aggregate_y55_64,geo_cov_nat,2015,7.206
swe,sex_m,age_aggregate_y55_64,geo_cov_nat,2016,7.014
swe,sex_m,age_aggregate_y55_64,geo_cov_nat,2017,6.599
swe,sex_m,age_aggregate_y55_64,geo_cov_nat,2018,5.642
swe,sex_m,age_aggregate_y55_64,geo_cov_nat,2019,6.052
swe,sex_m,age_aggregate_y55_64,geo_cov_nat,2020,7.955
swe,sex_m,age_aggregate_y55_64,geo_cov_nat,2021,9.981
swe,sex_m,age_aggregate_y55_64,geo_cov_nat,2022,7.954
swe,sex_m,age_aggregate_y55_64,geo_cov_nat,2023,7.766
swe,sex_m,age_aggregate_y55_64,geo_cov_nat,2024,8.328
swe,sex_m,age_aggregate_y55_64,geo_cov_rur,2005,6.881
swe,sex_m,age_aggregate_y55_64,geo_cov_rur,2006,5.85
swe,sex_m,age_aggregate_y55_64,geo_cov_rur,2007,4.872
swe,sex_m,age_aggregate_y55_64,geo_cov_rur,2008,5.004
swe,sex_m,age_aggregate_y55_64,geo_cov_rur,2009,7.333
swe,sex_m,age_aggregate_y55_64,geo_cov_rur,2010,8.302
swe,sex_m,age_aggregate_y55_64,geo_cov_rur,2011,7.225
swe,sex_m,age_aggregate_y55_64,geo_cov_rur,2012,6.672
swe,sex_m,age_aggregate_y55_64,geo_cov_rur,2013,6.225
swe,sex_m,age_aggregate_y55_64,geo_cov_rur,2014,6.845
swe,sex_m,age_aggregate_y55_64,geo_cov_rur,2015,6.411
swe,sex_m,age_aggregate_y55_64,geo_cov_rur,2016,6.268
swe,sex_m,age_aggregate_y55_64,geo_cov_rur,2017,5.601
swe,sex_m,age_aggregate_y55_64,geo_cov_rur,2018,4.21
swe,sex_m,age_aggregate_y55_64,geo_cov_rur,2019,4.527
swe,sex_m,age_aggregate_y55_64,geo_cov_rur,2020,6.554
swe,sex_m,age_aggregate_y55_64,geo_cov_rur,2021,8.507
swe,sex_m,age_aggregate_y55_64,geo_cov_rur,2022,6.393
swe,sex_m,age_aggregate_y55_64,geo_cov_rur,2023,6.934
swe,sex_m,age_aggregate_y55_64,geo_cov_rur,2024,7.018
swe,sex_m,age_aggregate_y55_64,geo_cov_urb,2005,7.718
swe,sex_m,age_aggregate_y55_64,geo_cov_urb,2006,6.079
swe,sex_m,age_aggregate_y55_64,geo_cov_urb,2007,5.993
swe,sex_m,age_aggregate_y55_64,geo_cov_urb,2008,5.673
swe,sex_m,age_aggregate_y55_64,geo_cov_urb,2009,7.436
swe,sex_m,age_aggregate_y55_64,geo_cov_urb,2010,7.935
swe,sex_m,age_aggregate_y55_64,geo_cov_urb,2011,7.375
swe,sex_m,age_aggregate_y55_64,geo_cov_urb,2012,7.625
swe,sex_m,age_aggregate_y55_64,geo_cov_urb,2013,7.866
swe,sex_m,age_aggregate_y55_64,geo_cov_urb,2014,7.729
swe,sex_m,age_aggregate_y55_64,geo_cov_urb,2015,7.588
swe,sex_m,age_aggregate_y55_64,geo_cov_urb,2016,7.358
swe,sex_m,age_aggregate_y55_64,geo_cov_urb,2017,7.072
swe,sex_m,age_aggregate_y55_64,geo_cov_urb,2018,6.295
swe,sex_m,age_aggregate_y55_64,geo_cov_urb,2019,6.729
swe,sex_m,age_aggregate_y55_64,geo_cov_urb,2020,8.61
swe,sex_m,age_aggregate_y55_64,geo_cov_urb,2021,10.675
swe,sex_m,age_aggregate_y55_64,geo_cov_urb,2022,8.632
swe,sex_m,age_aggregate_y55_64,geo_cov_urb,2023,8.108
swe,sex_m,age_aggregate_y55_64,geo_cov_urb,2024,8.923
swe,sex_m,age_aggregate_yge65,geo_cov_nat,2005,9.314
swe,sex_m,age_aggregate_yge65,geo_cov_nat,2006,11.1
swe,sex_m,age_aggregate_yge65,geo_cov_nat,2007,8.117
swe,sex_m,age_aggregate_yge65,geo_cov_nat,2008,10.101
swe,sex_m,age_aggregate_yge65,geo_cov_nat,2009,8.595
swe,sex_m,age_aggregate_yge65,geo_cov_nat,2010,8.451
swe,sex_m,age_aggregate_yge65,geo_cov_nat,2011,8.296
swe,sex_m,age_aggregate_yge65,geo_cov_nat,2012,8.949
swe,sex_m,age_aggregate_yge65,geo_cov_nat,2013,9.907
swe,sex_m,age_aggregate_yge65,geo_cov_nat,2014,8.736
swe,sex_m,age_aggregate_yge65,geo_cov_nat,2015,8.094
swe,sex_m,age_aggregate_yge65,geo_cov_nat,2016,8.47
swe,sex_m,age_aggregate_yge65,geo_cov_nat,2017,6.757
swe,sex_m,age_aggregate_yge65,geo_cov_nat,2018,7.889
swe,sex_m,age_aggregate_yge65,geo_cov_nat,2019,10.341
swe,sex_m,age_aggregate_yge65,geo_cov_nat,2020,9.486
swe,sex_m,age_aggregate_yge65,geo_cov_nat,2021,16.768
swe,sex_m,age_aggregate_yge65,geo_cov_nat,2022,17.539
swe,sex_m,age_aggregate_yge65,geo_cov_nat,2023,16.64
swe,sex_m,age_aggregate_yge65,geo_cov_nat,2024,17.392
swe,sex_m,age_aggregate_yge65,geo_cov_rur,2005,8.297
swe,sex_m,age_aggregate_yge65,geo_cov_rur,2006,11.768
swe,sex_m,age_aggregate_yge65,geo_cov_rur,2007,9.106
swe,sex_m,age_aggregate_yge65,geo_cov_rur,2008,11.26
swe,sex_m,age_aggregate_yge65,geo_cov_rur,2009,8.275
swe,sex_m,age_aggregate_yge65,geo_cov_rur,2010,8.456
swe,sex_m,age_aggregate_yge65,geo_cov_rur,2011,6.817
swe,sex_m,age_aggregate_yge65,geo_cov_rur,2012,7.862
swe,sex_m,age_aggregate_yge65,geo_cov_rur,2013,7.113
swe,sex_m,age_aggregate_yge65,geo_cov_rur,2014,6.149
swe,sex_m,age_aggregate_yge65,geo_cov_rur,2015,7.187
swe,sex_m,age_aggregate_yge65,geo_cov_rur,2016,7.609
swe,sex_m,age_aggregate_yge65,geo_cov_rur,2017,6.106
swe,sex_m,age_aggregate_yge65,geo_cov_rur,2018,6.731
swe,sex_m,age_aggregate_yge65,geo_cov_rur,2019,9.027
swe,sex_m,age_aggregate_yge65,geo_cov_rur,2020,9.382
swe,sex_m,age_aggregate_yge65,geo_cov_rur,2021,16.44
swe,sex_m,age_aggregate_yge65,geo_cov_rur,2022,18.327
swe,sex_m,age_aggregate_yge65,geo_cov_rur,2023,16.974
swe,sex_m,age_aggregate_yge65,geo_cov_rur,2024,16.887
swe,sex_m,age_aggregate_yge65,geo_cov_urb,2005,11.182
swe,sex_m,age_aggregate_yge65,geo_cov_urb,2006,9.746
swe,sex_m,age_aggregate_yge65,geo_cov_urb,2007,6.136
swe,sex_m,age_aggregate_yge65,geo_cov_urb,2008,7.991
swe,sex_m,age_aggregate_yge65,geo_cov_urb,2009,9.257
swe,sex_m,age_aggregate_yge65,geo_cov_urb,2010,8.439
swe,sex_m,age_aggregate_yge65,geo_cov_urb,2011,10.987
swe,sex_m,age_aggregate_yge65,geo_cov_urb,2012,9.543
swe,sex_m,age_aggregate_yge65,geo_cov_urb,2013,11.311
swe,sex_m,age_aggregate_yge65,geo_cov_urb,2014,9.91
swe,sex_m,age_aggregate_yge65,geo_cov_urb,2015,8.559
swe,sex_m,age_aggregate_yge65,geo_cov_urb,2016,8.903
swe,sex_m,age_aggregate_yge65,geo_cov_urb,2017,7.121
swe,sex_m,age_aggregate_yge65,geo_cov_urb,2018,8.551
swe,sex_m,age_aggregate_yge65,geo_cov_urb,2019,11.196
swe,sex_m,age_aggregate_yge65,geo_cov_urb,2020,9.544
swe,sex_m,age_aggregate_yge65,geo_cov_urb,2021,16.966
swe,sex_m,age_aggregate_yge65,geo_cov_urb,2022,17.047
swe,sex_m,age_aggregate_yge65,geo_cov_urb,2023,16.471
swe,sex_m,age_aggregate_yge65,geo_cov_urb,2024,17.67
swe,sex_m,age_ythadult_y15_24,geo_cov_nat,2005,35.403
swe,sex_m,age_ythadult_y15_24,geo_cov_nat,2006,32.452
swe,sex_m,age_ythadult_y15_24,geo_cov_nat,2007,29.946
swe,sex_m,age_ythadult_y15_24,geo_cov_nat,2008,30.179
swe,sex_m,age_ythadult_y15_24,geo_cov_nat,2009,37.894
swe,sex_m,age_ythadult_y15_24,geo_cov_nat,2010,36.833
swe,sex_m,age_ythadult_y15_24,geo_cov_nat,2011,33.175
swe,sex_m,age_ythadult_y15_24,geo_cov_nat,2012,36.578
swe,sex_m,age_ythadult_y15_24,geo_cov_nat,2013,36.3
swe,sex_m,age_ythadult_y15_24,geo_cov_nat,2014,35.655
swe,sex_m,age_ythadult_y15_24,geo_cov_nat,2015,33.026
swe,sex_m,age_ythadult_y15_24,geo_cov_nat,2016,31.642
swe,sex_m,age_ythadult_y15_24,geo_cov_nat,2017,28.897
swe,sex_m,age_ythadult_y15_24,geo_cov_nat,2018,29.345
swe,sex_m,age_ythadult_y15_24,geo_cov_nat,2019,32.235
swe,sex_m,age_ythadult_y15_24,geo_cov_nat,2020,37.877
swe,sex_m,age_ythadult_y15_24,geo_cov_nat,2021,41.644
swe,sex_m,age_ythadult_y15_24,geo_cov_nat,2022,35.363
swe,sex_m,age_ythadult_y15_24,geo_cov_nat,2023,37.398
swe,sex_m,age_ythadult_y15_24,geo_cov_nat,2024,41.074
swe,sex_m,age_ythadult_y15_24,geo_cov_rur,2005,35.693
swe,sex_m,age_ythadult_y15_24,geo_cov_rur,2006,32.489
swe,sex_m,age_ythadult_y15_24,geo_cov_rur,2007,29.393
swe,sex_m,age_ythadult_y15_24,geo_cov_rur,2008,30.174
swe,sex_m,age_ythadult_y15_24,geo_cov_rur,2009,38.764
swe,sex_m,age_ythadult_y15_24,geo_cov_rur,2010,36.403
swe,sex_m,age_ythadult_y15_24,geo_cov_rur,2011,32.758
swe,sex_m,age_ythadult_y15_24,geo_cov_rur,2012,35.441
swe,sex_m,age_ythadult_y15_24,geo_cov_rur,2013,35.913
swe,sex_m,age_ythadult_y15_24,geo_cov_rur,2014,33.426
swe,sex_m,age_ythadult_y15_24,geo_cov_rur,2015,31.387
swe,sex_m,age_ythadult_y15_24,geo_cov_rur,2016,31.145
swe,sex_m,age_ythadult_y15_24,geo_cov_rur,2017,28.64
swe,sex_m,age_ythadult_y15_24,geo_cov_rur,2018,28.333
swe,sex_m,age_ythadult_y15_24,geo_cov_rur,2019,31.273
swe,sex_m,age_ythadult_y15_24,geo_cov_rur,2020,34.574
swe,sex_m,age_ythadult_y15_24,geo_cov_rur,2021,38.087
swe,sex_m,age_ythadult_y15_24,geo_cov_rur,2022,32.916
swe,sex_m,age_ythadult_y15_24,geo_cov_rur,2023,37.111
swe,sex_m,age_ythadult_y15_24,geo_cov_rur,2024,37.576
swe,sex_m,age_ythadult_y15_24,geo_cov_urb,2005,34.911
swe,sex_m,age_ythadult_y15_24,geo_cov_urb,2006,32.388
swe,sex_m,age_ythadult_y15_24,geo_cov_urb,2007,30.98
swe,sex_m,age_ythadult_y15_24,geo_cov_urb,2008,30.188
swe,sex_m,age_ythadult_y15_24,geo_cov_urb,2009,36.359
swe,sex_m,age_ythadult_y15_24,geo_cov_urb,2010,37.586
swe,sex_m,age_ythadult_y15_24,geo_cov_urb,2011,33.881
swe,sex_m,age_ythadult_y15_24,geo_cov_urb,2012,37.043
swe,sex_m,age_ythadult_y15_24,geo_cov_urb,2013,36.454
swe,sex_m,age_ythadult_y15_24,geo_cov_urb,2014,36.524
swe,sex_m,age_ythadult_y15_24,geo_cov_urb,2015,33.664
swe,sex_m,age_ythadult_y15_24,geo_cov_urb,2016,31.836
swe,sex_m,age_ythadult_y15_24,geo_cov_urb,2017,28.994
swe,sex_m,age_ythadult_y15_24,geo_cov_urb,2018,29.722
swe,sex_m,age_ythadult_y15_24,geo_cov_urb,2019,32.633
swe,sex_m,age_ythadult_y15_24,geo_cov_urb,2020,39.139
swe,sex_m,age_ythadult_y15_24,geo_cov_urb,2021,42.887
swe,sex_m,age_ythadult_y15_24,geo_cov_urb,2022,36.281
swe,sex_m,age_ythadult_y15_24,geo_cov_urb,2023,37.507
swe,sex_m,age_ythadult_y15_24,geo_cov_urb,2024,42.344
swe,sex_m,age_ythadult_y15_64,geo_cov_nat,2005,11.019
swe,sex_m,age_ythadult_y15_64,geo_cov_nat,2006,9.725
swe,sex_m,age_ythadult_y15_64,geo_cov_nat,2007,8.541
swe,sex_m,age_ythadult_y15_64,geo_cov_nat,2008,8.539
swe,sex_m,age_ythadult_y15_64,geo_cov_nat,2009,11.892
swe,sex_m,age_ythadult_y15_64,geo_cov_nat,2010,11.835
swe,sex_m,age_ythadult_y15_64,geo_cov_nat,2011,10.766
swe,sex_m,age_ythadult_y15_64,geo_cov_nat,2012,11.48
swe,sex_m,age_ythadult_y15_64,geo_cov_nat,2013,11.537
swe,sex_m,age_ythadult_y15_64,geo_cov_nat,2014,11.42
swe,sex_m,age_ythadult_y15_64,geo_cov_nat,2015,10.697
swe,sex_m,age_ythadult_y15_64,geo_cov_nat,2016,10.238
swe,sex_m,age_ythadult_y15_64,geo_cov_nat,2017,9.542
swe,sex_m,age_ythadult_y15_64,geo_cov_nat,2018,9.1
swe,sex_m,age_ythadult_y15_64,geo_cov_nat,2019,9.745
swe,sex_m,age_ythadult_y15_64,geo_cov_nat,2020,11.767
swe,sex_m,age_ythadult_y15_64,geo_cov_nat,2021,13.336
swe,sex_m,age_ythadult_y15_64,geo_cov_nat,2022,11.304
swe,sex_m,age_ythadult_y15_64,geo_cov_nat,2023,11.758
swe,sex_m,age_ythadult_y15_64,geo_cov_nat,2024,12.984
swe,sex_m,age_ythadult_y15_64,geo_cov_rur,2005,10.88
swe,sex_m,age_ythadult_y15_64,geo_cov_rur,2006,9.683
swe,sex_m,age_ythadult_y15_64,geo_cov_rur,2007,8.513
swe,sex_m,age_ythadult_y15_64,geo_cov_rur,2008,8.522
swe,sex_m,age_ythadult_y15_64,geo_cov_rur,2009,12.29
swe,sex_m,age_ythadult_y15_64,geo_cov_rur,2010,12.112
swe,sex_m,age_ythadult_y15_64,geo_cov_rur,2011,10.669
swe,sex_m,age_ythadult_y15_64,geo_cov_rur,2012,10.418
swe,sex_m,age_ythadult_y15_64,geo_cov_rur,2013,10.593
swe,sex_m,age_ythadult_y15_64,geo_cov_rur,2014,10.233
swe,sex_m,age_ythadult_y15_64,geo_cov_rur,2015,9.756
swe,sex_m,age_ythadult_y15_64,geo_cov_rur,2016,10.018
swe,sex_m,age_ythadult_y15_64,geo_cov_rur,2017,9.017
swe,sex_m,age_ythadult_y15_64,geo_cov_rur,2018,8.427
swe,sex_m,age_ythadult_y15_64,geo_cov_rur,2019,9.108
swe,sex_m,age_ythadult_y15_64,geo_cov_rur,2020,10.169
swe,sex_m,age_ythadult_y15_64,geo_cov_rur,2021,11.564
swe,sex_m,age_ythadult_y15_64,geo_cov_rur,2022,10.325
swe,sex_m,age_ythadult_y15_64,geo_cov_rur,2023,11.461
swe,sex_m,age_ythadult_y15_64,geo_cov_rur,2024,11.738
swe,sex_m,age_ythadult_y15_64,geo_cov_urb,2005,11.24
swe,sex_m,age_ythadult_y15_64,geo_cov_urb,2006,9.792
swe,sex_m,age_ythadult_y15_64,geo_cov_urb,2007,8.586
swe,sex_m,age_ythadult_y15_64,geo_cov_urb,2008,8.564
swe,sex_m,age_ythadult_y15_64,geo_cov_urb,2009,11.279
swe,sex_m,age_ythadult_y15_64,geo_cov_urb,2010,11.417
swe,sex_m,age_ythadult_y15_64,geo_cov_urb,2011,10.911
swe,sex_m,age_ythadult_y15_64,geo_cov_urb,2012,11.9
swe,sex_m,age_ythadult_y15_64,geo_cov_urb,2013,11.909
swe,sex_m,age_ythadult_y15_64,geo_cov_urb,2014,11.88
swe,sex_m,age_ythadult_y15_64,geo_cov_urb,2015,11.054
swe,sex_m,age_ythadult_y15_64,geo_cov_urb,2016,10.321
swe,sex_m,age_ythadult_y15_64,geo_cov_urb,2017,9.736
swe,sex_m,age_ythadult_y15_64,geo_cov_urb,2018,9.348
swe,sex_m,age_ythadult_y15_64,geo_cov_urb,2019,9.978
swe,sex_m,age_ythadult_y15_64,geo_cov_urb,2020,12.335
swe,sex_m,age_ythadult_y15_64,geo_cov_urb,2021,13.975
swe,sex_m,age_ythadult_y15_64,geo_cov_urb,2022,11.651
swe,sex_m,age_ythadult_y15_64,geo_cov_urb,2023,11.862
swe,sex_m,age_ythadult_y15_64,geo_cov_urb,2024,13.418
swe,sex_m,age_ythadult_yge15,geo_cov_nat,2005,10.98
swe,sex_m,age_ythadult_yge15,geo_cov_nat,2006,9.755
swe,sex_m,age_ythadult_yge15,geo_cov_nat,2007,8.531
swe,sex_m,age_ythadult_yge15,geo_cov_nat,2008,8.581
swe,sex_m,age_ythadult_yge15,geo_cov_nat,2009,11.8
swe,sex_m,age_ythadult_yge15,geo_cov_nat,2010,11.723
swe,sex_m,age_ythadult_yge15,geo_cov_nat,2011,10.684
swe,sex_m,age_ythadult_yge15,geo_cov_nat,2012,11.387
swe,sex_m,age_ythadult_yge15,geo_cov_nat,2013,11.476
swe,sex_m,age_ythadult_yge15,geo_cov_nat,2014,11.304
swe,sex_m,age_ythadult_yge15,geo_cov_nat,2015,10.587
swe,sex_m,age_ythadult_yge15,geo_cov_nat,2016,10.167
swe,sex_m,age_ythadult_yge15,geo_cov_nat,2017,9.424
swe,sex_m,age_ythadult_yge15,geo_cov_nat,2018,9.05
swe,sex_m,age_ythadult_yge15,geo_cov_nat,2019,9.77
swe,sex_m,age_ythadult_yge15,geo_cov_nat,2020,11.664
swe,sex_m,age_ythadult_yge15,geo_cov_nat,2021,13.557
swe,sex_m,age_ythadult_yge15,geo_cov_nat,2022,11.69
swe,sex_m,age_ythadult_yge15,geo_cov_nat,2023,12.074
swe,sex_m,age_ythadult_yge15,geo_cov_nat,2024,13.267
swe,sex_m,age_ythadult_yge15,geo_cov_rur,2005,10.819
swe,sex_m,age_ythadult_yge15,geo_cov_rur,2006,9.733
swe,sex_m,age_ythadult_yge15,geo_cov_rur,2007,8.528
swe,sex_m,age_ythadult_yge15,geo_cov_rur,2008,8.601
swe,sex_m,age_ythadult_yge15,geo_cov_rur,2009,12.165
swe,sex_m,age_ythadult_yge15,geo_cov_rur,2010,11.975
swe,sex_m,age_ythadult_yge15,geo_cov_rur,2011,10.532
swe,sex_m,age_ythadult_yge15,geo_cov_rur,2012,10.302
swe,sex_m,age_ythadult_yge15,geo_cov_rur,2013,10.44
swe,sex_m,age_ythadult_yge15,geo_cov_rur,2014,10.036
swe,sex_m,age_ythadult_yge15,geo_cov_rur,2015,9.624
swe,sex_m,age_ythadult_yge15,geo_cov_rur,2016,9.902
swe,sex_m,age_ythadult_yge15,geo_cov_rur,2017,8.856
swe,sex_m,age_ythadult_yge15,geo_cov_rur,2018,8.333
swe,sex_m,age_ythadult_yge15,geo_cov_rur,2019,9.103
swe,sex_m,age_ythadult_yge15,geo_cov_rur,2020,10.122
swe,sex_m,age_ythadult_yge15,geo_cov_rur,2021,11.997
swe,sex_m,age_ythadult_yge15,geo_cov_rur,2022,11.031
swe,sex_m,age_ythadult_yge15,geo_cov_rur,2023,11.914
swe,sex_m,age_ythadult_yge15,geo_cov_rur,2024,12.181
swe,sex_m,age_ythadult_yge15,geo_cov_urb,2005,11.238
swe,sex_m,age_ythadult_yge15,geo_cov_urb,2006,9.791
swe,sex_m,age_ythadult_yge15,geo_cov_urb,2007,8.535
swe,sex_m,age_ythadult_yge15,geo_cov_urb,2008,8.55
swe,sex_m,age_ythadult_yge15,geo_cov_urb,2009,11.232
swe,sex_m,age_ythadult_yge15,geo_cov_urb,2010,11.338
swe,sex_m,age_ythadult_yge15,geo_cov_urb,2011,10.914
swe,sex_m,age_ythadult_yge15,geo_cov_urb,2012,11.822
swe,sex_m,age_ythadult_yge15,geo_cov_urb,2013,11.888
swe,sex_m,age_ythadult_yge15,geo_cov_urb,2014,11.799
swe,sex_m,age_ythadult_yge15,geo_cov_urb,2015,10.958
swe,sex_m,age_ythadult_yge15,geo_cov_urb,2016,10.269
swe,sex_m,age_ythadult_yge15,geo_cov_urb,2017,9.639
swe,sex_m,age_ythadult_yge15,geo_cov_urb,2018,9.319
swe,sex_m,age_ythadult_yge15,geo_cov_urb,2019,10.02
swe,sex_m,age_ythadult_yge15,geo_cov_urb,2020,12.224
swe,sex_m,age_ythadult_yge15,geo_cov_urb,2021,14.14
swe,sex_m,age_ythadult_yge15,geo_cov_urb,2022,11.933
swe,sex_m,age_ythadult_yge15,geo_cov_urb,2023,12.131
swe,sex_m,age_ythadult_yge15,geo_cov_urb,2024,13.658
swe,sex_m,age_ythadult_yge25,geo_cov_nat,2005,7.365
swe,sex_m,age_ythadult_yge25,geo_cov_nat,2006,6.252
swe,sex_m,age_ythadult_yge25,geo_cov_nat,2007,5.103
swe,sex_m,age_ythadult_yge25,geo_cov_nat,2008,5.045
swe,sex_m,age_ythadult_yge25,geo_cov_nat,2009,7.463
swe,sex_m,age_ythadult_yge25,geo_cov_nat,2010,7.526
swe,sex_m,age_ythadult_yge25,geo_cov_nat,2011,6.928
swe,sex_m,age_ythadult_yge25,geo_cov_nat,2012,7.242
swe,sex_m,age_ythadult_yge25,geo_cov_nat,2013,7.313
swe,sex_m,age_ythadult_yge25,geo_cov_nat,2014,7.26
swe,sex_m,age_ythadult_yge25,geo_cov_nat,2015,7.01
swe,sex_m,age_ythadult_yge25,geo_cov_nat,2016,6.844
swe,sex_m,age_ythadult_yge25,geo_cov_nat,2017,6.541
swe,sex_m,age_ythadult_yge25,geo_cov_nat,2018,6.14
swe,sex_m,age_ythadult_yge25,geo_cov_nat,2019,6.459
swe,sex_m,age_ythadult_yge25,geo_cov_nat,2020,7.878
swe,sex_m,age_ythadult_yge25,geo_cov_nat,2021,9.293
swe,sex_m,age_ythadult_yge25,geo_cov_nat,2022,7.962
swe,sex_m,age_ythadult_yge25,geo_cov_nat,2023,8.021
swe,sex_m,age_ythadult_yge25,geo_cov_nat,2024,8.74
swe,sex_m,age_ythadult_yge25,geo_cov_rur,2005,7.041
swe,sex_m,age_ythadult_yge25,geo_cov_rur,2006,6.058
swe,sex_m,age_ythadult_yge25,geo_cov_rur,2007,4.969
swe,sex_m,age_ythadult_yge25,geo_cov_rur,2008,4.879
swe,sex_m,age_ythadult_yge25,geo_cov_rur,2009,7.491
swe,sex_m,age_ythadult_yge25,geo_cov_rur,2010,7.643
swe,sex_m,age_ythadult_yge25,geo_cov_rur,2011,6.628
swe,sex_m,age_ythadult_yge25,geo_cov_rur,2012,6.1
swe,sex_m,age_ythadult_yge25,geo_cov_rur,2013,6.155
swe,sex_m,age_ythadult_yge25,geo_cov_rur,2014,6.155
swe,sex_m,age_ythadult_yge25,geo_cov_rur,2015,6.123
swe,sex_m,age_ythadult_yge25,geo_cov_rur,2016,6.56
swe,sex_m,age_ythadult_yge25,geo_cov_rur,2017,5.932
swe,sex_m,age_ythadult_yge25,geo_cov_rur,2018,5.481
swe,sex_m,age_ythadult_yge25,geo_cov_rur,2019,5.575
swe,sex_m,age_ythadult_yge25,geo_cov_rur,2020,6.44
swe,sex_m,age_ythadult_yge25,geo_cov_rur,2021,8.252
swe,sex_m,age_ythadult_yge25,geo_cov_rur,2022,7.531
swe,sex_m,age_ythadult_yge25,geo_cov_rur,2023,7.702
swe,sex_m,age_ythadult_yge25,geo_cov_rur,2024,8.017
swe,sex_m,age_ythadult_yge25,geo_cov_urb,2005,7.879
swe,sex_m,age_ythadult_yge25,geo_cov_urb,2006,6.559
swe,sex_m,age_ythadult_yge25,geo_cov_urb,2007,5.313
swe,sex_m,age_ythadult_yge25,geo_cov_urb,2008,5.304
swe,sex_m,age_ythadult_yge25,geo_cov_urb,2009,7.422
swe,sex_m,age_ythadult_yge25,geo_cov_urb,2010,7.35
swe,sex_m,age_ythadult_yge25,geo_cov_urb,2011,7.374
swe,sex_m,age_ythadult_yge25,geo_cov_urb,2012,7.699
swe,sex_m,age_ythadult_yge25,geo_cov_urb,2013,7.773
swe,sex_m,age_ythadult_yge25,geo_cov_urb,2014,7.691
swe,sex_m,age_ythadult_yge25,geo_cov_urb,2015,7.351
swe,sex_m,age_ythadult_yge25,geo_cov_urb,2016,6.953
swe,sex_m,age_ythadult_yge25,geo_cov_urb,2017,6.77
swe,sex_m,age_ythadult_yge25,geo_cov_urb,2018,6.388
swe,sex_m,age_ythadult_yge25,geo_cov_urb,2019,6.788
swe,sex_m,age_ythadult_yge25,geo_cov_urb,2020,8.398
swe,sex_m,age_ythadult_yge25,geo_cov_urb,2021,9.685
swe,sex_m,age_ythadult_yge25,geo_cov_urb,2022,8.12
swe,sex_m,age_ythadult_yge25,geo_cov_urb,2023,8.135
swe,sex_m,age_ythadult_yge25,geo_cov_urb,2024,9
swe,sex_t,age_aggregate_total,geo_cov_nat,2005,11.088
swe,sex_t,age_aggregate_total,geo_cov_nat,2006,10.233
swe,sex_t,age_aggregate_total,geo_cov_nat,2007,9.167
swe,sex_t,age_aggregate_total,geo_cov_nat,2008,9.129
swe,sex_t,age_aggregate_total,geo_cov_nat,2009,11.794
swe,sex_t,age_aggregate_total,geo_cov_nat,2010,11.975
swe,sex_t,age_aggregate_total,geo_cov_nat,2011,10.992
swe,sex_t,age_aggregate_total,geo_cov_nat,2012,11.358
swe,sex_t,age_aggregate_total,geo_cov_nat,2013,11.617
swe,sex_t,age_aggregate_total,geo_cov_nat,2014,11.345
swe,sex_t,age_aggregate_total,geo_cov_nat,2015,10.618
swe,sex_t,age_aggregate_total,geo_cov_nat,2016,9.873
swe,sex_t,age_aggregate_total,geo_cov_nat,2017,9.336
swe,sex_t,age_aggregate_total,geo_cov_nat,2018,9.074
swe,sex_t,age_aggregate_total,geo_cov_nat,2019,10.019
swe,sex_t,age_aggregate_total,geo_cov_nat,2020,11.993
swe,sex_t,age_aggregate_total,geo_cov_nat,2021,14.168
swe,sex_t,age_aggregate_total,geo_cov_nat,2022,12.514
swe,sex_t,age_aggregate_total,geo_cov_nat,2023,12.532
swe,sex_t,age_aggregate_total,geo_cov_nat,2024,13.622
swe,sex_t,age_aggregate_total,geo_cov_rur,2005,10.99
swe,sex_t,age_aggregate_total,geo_cov_rur,2006,10.18
swe,sex_t,age_aggregate_total,geo_cov_rur,2007,9.069
swe,sex_t,age_aggregate_total,geo_cov_rur,2008,9.191
swe,sex_t,age_aggregate_total,geo_cov_rur,2009,12.09
swe,sex_t,age_aggregate_total,geo_cov_rur,2010,12.153
swe,sex_t,age_aggregate_total,geo_cov_rur,2011,10.838
swe,sex_t,age_aggregate_total,geo_cov_rur,2012,10.475
swe,sex_t,age_aggregate_total,geo_cov_rur,2013,10.546
swe,sex_t,age_aggregate_total,geo_cov_rur,2014,10.064
swe,sex_t,age_aggregate_total,geo_cov_rur,2015,9.573
swe,sex_t,age_aggregate_total,geo_cov_rur,2016,9.208
swe,sex_t,age_aggregate_total,geo_cov_rur,2017,8.52
swe,sex_t,age_aggregate_total,geo_cov_rur,2018,8.405
swe,sex_t,age_aggregate_total,geo_cov_rur,2019,9.23
swe,sex_t,age_aggregate_total,geo_cov_rur,2020,10.668
swe,sex_t,age_aggregate_total,geo_cov_rur,2021,12.86
swe,sex_t,age_aggregate_total,geo_cov_rur,2022,11.506
swe,sex_t,age_aggregate_total,geo_cov_rur,2023,12.255
swe,sex_t,age_aggregate_total,geo_cov_rur,2024,12.643
swe,sex_t,age_aggregate_total,geo_cov_urb,2005,11.243
swe,sex_t,age_aggregate_total,geo_cov_urb,2006,10.316
swe,sex_t,age_aggregate_total,geo_cov_urb,2007,9.322
swe,sex_t,age_aggregate_total,geo_cov_urb,2008,9.033
swe,sex_t,age_aggregate_total,geo_cov_urb,2009,11.346
swe,sex_t,age_aggregate_total,geo_cov_urb,2010,11.71
swe,sex_t,age_aggregate_total,geo_cov_urb,2011,11.22
swe,sex_t,age_aggregate_total,geo_cov_urb,2012,11.705
swe,sex_t,age_aggregate_total,geo_cov_urb,2013,12.031
swe,sex_t,age_aggregate_total,geo_cov_urb,2014,11.834
swe,sex_t,age_aggregate_total,geo_cov_urb,2015,11.008
swe,sex_t,age_aggregate_total,geo_cov_urb,2016,10.117
swe,sex_t,age_aggregate_total,geo_cov_urb,2017,9.633
swe,sex_t,age_aggregate_total,geo_cov_urb,2018,9.319
swe,sex_t,age_aggregate_total,geo_cov_urb,2019,10.304
swe,sex_t,age_aggregate_total,geo_cov_urb,2020,12.457
swe,sex_t,age_aggregate_total,geo_cov_urb,2021,14.636
swe,sex_t,age_aggregate_total,geo_cov_urb,2022,12.867
swe,sex_t,age_aggregate_total,geo_cov_urb,2023,12.627
swe,sex_t,age_aggregate_total,geo_cov_urb,2024,13.957
swe,sex_t,age_aggregate_y15_24,geo_cov_nat,2005,34.818
swe,sex_t,age_aggregate_y15_24,geo_cov_nat,2006,33.258
swe,sex_t,age_aggregate_y15_24,geo_cov_nat,2007,30.965
swe,sex_t,age_aggregate_y15_24,geo_cov_nat,2008,30.688
swe,sex_t,age_aggregate_y15_24,geo_cov_nat,2009,37.099
swe,sex_t,age_aggregate_y15_24,geo_cov_nat,2010,36.2
swe,sex_t,age_aggregate_y15_24,geo_cov_nat,2011,33.441
swe,sex_t,age_aggregate_y15_24,geo_cov_nat,2012,35.143
swe,sex_t,age_aggregate_y15_24,geo_cov_nat,2013,35.26
swe,sex_t,age_aggregate_y15_24,geo_cov_nat,2014,34.441
swe,sex_t,age_aggregate_y15_24,geo_cov_nat,2015,31.851
swe,sex_t,age_aggregate_y15_24,geo_cov_nat,2016,29.761
swe,sex_t,age_aggregate_y15_24,geo_cov_nat,2017,27.922
swe,sex_t,age_aggregate_y15_24,geo_cov_nat,2018,27.887
swe,sex_t,age_aggregate_y15_24,geo_cov_nat,2019,31.514
swe,sex_t,age_aggregate_y15_24,geo_cov_nat,2020,37.354
swe,sex_t,age_aggregate_y15_24,geo_cov_nat,2021,41.044
swe,sex_t,age_aggregate_y15_24,geo_cov_nat,2022,36.946
swe,sex_t,age_aggregate_y15_24,geo_cov_nat,2023,37.203
swe,sex_t,age_aggregate_y15_24,geo_cov_nat,2024,40.251
swe,sex_t,age_aggregate_y15_24,geo_cov_rur,2005,34.848
swe,sex_t,age_aggregate_y15_24,geo_cov_rur,2006,33.387
swe,sex_t,age_aggregate_y15_24,geo_cov_rur,2007,30.056
swe,sex_t,age_aggregate_y15_24,geo_cov_rur,2008,30.795
swe,sex_t,age_aggregate_y15_24,geo_cov_rur,2009,37.976
swe,sex_t,age_aggregate_y15_24,geo_cov_rur,2010,36.356
swe,sex_t,age_aggregate_y15_24,geo_cov_rur,2011,33.233
swe,sex_t,age_aggregate_y15_24,geo_cov_rur,2012,34.544
swe,sex_t,age_aggregate_y15_24,geo_cov_rur,2013,34.698
swe,sex_t,age_aggregate_y15_24,geo_cov_rur,2014,32.568
swe,sex_t,age_aggregate_y15_24,geo_cov_rur,2015,30.868
swe,sex_t,age_aggregate_y15_24,geo_cov_rur,2016,29.513
swe,sex_t,age_aggregate_y15_24,geo_cov_rur,2017,27.776
swe,sex_t,age_aggregate_y15_24,geo_cov_rur,2018,27.919
swe,sex_t,age_aggregate_y15_24,geo_cov_rur,2019,30.982
swe,sex_t,age_aggregate_y15_24,geo_cov_rur,2020,34.086
swe,sex_t,age_aggregate_y15_24,geo_cov_rur,2021,39.421
swe,sex_t,age_aggregate_y15_24,geo_cov_rur,2022,34.504
swe,sex_t,age_aggregate_y15_24,geo_cov_rur,2023,36.954
swe,sex_t,age_aggregate_y15_24,geo_cov_rur,2024,39.084
swe,sex_t,age_aggregate_y15_24,geo_cov_urb,2005,34.765
swe,sex_t,age_aggregate_y15_24,geo_cov_urb,2006,33.038
swe,sex_t,age_aggregate_y15_24,geo_cov_urb,2007,32.537
swe,sex_t,age_aggregate_y15_24,geo_cov_urb,2008,30.512
swe,sex_t,age_aggregate_y15_24,geo_cov_urb,2009,35.62
swe,sex_t,age_aggregate_y15_24,geo_cov_urb,2010,35.937
swe,sex_t,age_aggregate_y15_24,geo_cov_urb,2011,33.779
swe,sex_t,age_aggregate_y15_24,geo_cov_urb,2012,35.373
swe,sex_t,age_aggregate_y15_24,geo_cov_urb,2013,35.47
swe,sex_t,age_aggregate_y15_24,geo_cov_urb,2014,35.135
swe,sex_t,age_aggregate_y15_24,geo_cov_urb,2015,32.201
swe,sex_t,age_aggregate_y15_24,geo_cov_urb,2016,29.849
swe,sex_t,age_aggregate_y15_24,geo_cov_urb,2017,27.973
swe,sex_t,age_aggregate_y15_24,geo_cov_urb,2018,27.875
swe,sex_t,age_aggregate_y15_24,geo_cov_urb,2019,31.706
swe,sex_t,age_aggregate_y15_24,geo_cov_urb,2020,38.469
swe,sex_t,age_aggregate_y15_24,geo_cov_urb,2021,41.592
swe,sex_t,age_aggregate_y15_24,geo_cov_urb,2022,37.77
swe,sex_t,age_aggregate_y15_24,geo_cov_urb,2023,37.285
swe,sex_t,age_aggregate_y15_24,geo_cov_urb,2024,40.644
swe,sex_t,age_aggregate_y25_54,geo_cov_nat,2005,7.643
swe,sex_t,age_aggregate_y25_54,geo_cov_nat,2006,6.65
swe,sex_t,age_aggregate_y25_54,geo_cov_nat,2007,5.523
swe,sex_t,age_aggregate_y25_54,geo_cov_nat,2008,5.394
swe,sex_t,age_aggregate_y25_54,geo_cov_nat,2009,7.551
swe,sex_t,age_aggregate_y25_54,geo_cov_nat,2010,7.834
swe,sex_t,age_aggregate_y25_54,geo_cov_nat,2011,7.108
swe,sex_t,age_aggregate_y25_54,geo_cov_nat,2012,7.248
swe,sex_t,age_aggregate_y25_54,geo_cov_nat,2013,7.539
swe,sex_t,age_aggregate_y25_54,geo_cov_nat,2014,7.394
swe,sex_t,age_aggregate_y25_54,geo_cov_nat,2015,7.159
swe,sex_t,age_aggregate_y25_54,geo_cov_nat,2016,6.735
swe,sex_t,age_aggregate_y25_54,geo_cov_nat,2017,6.584
swe,sex_t,age_aggregate_y25_54,geo_cov_nat,2018,6.452
swe,sex_t,age_aggregate_y25_54,geo_cov_nat,2019,6.746
swe,sex_t,age_aggregate_y25_54,geo_cov_nat,2020,8.364
swe,sex_t,age_aggregate_y25_54,geo_cov_nat,2021,9.32
swe,sex_t,age_aggregate_y25_54,geo_cov_nat,2022,7.852
swe,sex_t,age_aggregate_y25_54,geo_cov_nat,2023,7.812
swe,sex_t,age_aggregate_y25_54,geo_cov_nat,2024,8.483
swe,sex_t,age_aggregate_y25_54,geo_cov_rur,2005,7.416
swe,sex_t,age_aggregate_y25_54,geo_cov_rur,2006,6.441
swe,sex_t,age_aggregate_y25_54,geo_cov_rur,2007,5.395
swe,sex_t,age_aggregate_y25_54,geo_cov_rur,2008,5.319
swe,sex_t,age_aggregate_y25_54,geo_cov_rur,2009,7.588
swe,sex_t,age_aggregate_y25_54,geo_cov_rur,2010,7.785
swe,sex_t,age_aggregate_y25_54,geo_cov_rur,2011,6.723
swe,sex_t,age_aggregate_y25_54,geo_cov_rur,2012,6.287
swe,sex_t,age_aggregate_y25_54,geo_cov_rur,2013,6.482
swe,sex_t,age_aggregate_y25_54,geo_cov_rur,2014,6.217
swe,sex_t,age_aggregate_y25_54,geo_cov_rur,2015,6.178
swe,sex_t,age_aggregate_y25_54,geo_cov_rur,2016,6.124
swe,sex_t,age_aggregate_y25_54,geo_cov_rur,2017,5.791
swe,sex_t,age_aggregate_y25_54,geo_cov_rur,2018,5.94
swe,sex_t,age_aggregate_y25_54,geo_cov_rur,2019,5.971
swe,sex_t,age_aggregate_y25_54,geo_cov_rur,2020,7.357
swe,sex_t,age_aggregate_y25_54,geo_cov_rur,2021,7.97
swe,sex_t,age_aggregate_y25_54,geo_cov_rur,2022,6.814
swe,sex_t,age_aggregate_y25_54,geo_cov_rur,2023,7.522
swe,sex_t,age_aggregate_y25_54,geo_cov_rur,2024,7.344
swe,sex_t,age_aggregate_y25_54,geo_cov_urb,2005,7.981
swe,sex_t,age_aggregate_y25_54,geo_cov_urb,2006,6.958
swe,sex_t,age_aggregate_y25_54,geo_cov_urb,2007,5.71
swe,sex_t,age_aggregate_y25_54,geo_cov_urb,2008,5.502
swe,sex_t,age_aggregate_y25_54,geo_cov_urb,2009,7.5
swe,sex_t,age_aggregate_y25_54,geo_cov_urb,2010,7.902
swe,sex_t,age_aggregate_y25_54,geo_cov_urb,2011,7.631
swe,sex_t,age_aggregate_y25_54,geo_cov_urb,2012,7.597
swe,sex_t,age_aggregate_y25_54,geo_cov_urb,2013,7.921
swe,sex_t,age_aggregate_y25_54,geo_cov_urb,2014,7.813
swe,sex_t,age_aggregate_y25_54,geo_cov_urb,2015,7.502
swe,sex_t,age_aggregate_y25_54,geo_cov_urb,2016,6.945
swe,sex_t,age_aggregate_y25_54,geo_cov_urb,2017,6.851
swe,sex_t,age_aggregate_y25_54,geo_cov_urb,2018,6.625
swe,sex_t,age_aggregate_y25_54,geo_cov_urb,2019,7.001
swe,sex_t,age_aggregate_y25_54,geo_cov_urb,2020,8.682
swe,sex_t,age_aggregate_y25_54,geo_cov_urb,2021,9.755
swe,sex_t,age_aggregate_y25_54,geo_cov_urb,2022,8.182
swe,sex_t,age_aggregate_y25_54,geo_cov_urb,2023,7.904
swe,sex_t,age_aggregate_y25_54,geo_cov_urb,2024,8.831
swe,sex_t,age_aggregate_y55_64,geo_cov_nat,2005,6.115
swe,sex_t,age_aggregate_y55_64,geo_cov_nat,2006,5.596
swe,sex_t,age_aggregate_y55_64,geo_cov_nat,2007,5.012
swe,sex_t,age_aggregate_y55_64,geo_cov_nat,2008,4.939
swe,sex_t,age_aggregate_y55_64,geo_cov_nat,2009,6.612
swe,sex_t,age_aggregate_y55_64,geo_cov_nat,2010,7.312
swe,sex_t,age_aggregate_y55_64,geo_cov_nat,2011,6.656
swe,sex_t,age_aggregate_y55_64,geo_cov_nat,2012,6.833
swe,sex_t,age_aggregate_y55_64,geo_cov_nat,2013,6.638
swe,sex_t,age_aggregate_y55_64,geo_cov_nat,2014,6.723
swe,sex_t,age_aggregate_y55_64,geo_cov_nat,2015,6.473
swe,sex_t,age_aggregate_y55_64,geo_cov_nat,2016,6.271
swe,sex_t,age_aggregate_y55_64,geo_cov_nat,2017,5.984
swe,sex_t,age_aggregate_y55_64,geo_cov_nat,2018,5.2
swe,sex_t,age_aggregate_y55_64,geo_cov_nat,2019,5.782
swe,sex_t,age_aggregate_y55_64,geo_cov_nat,2020,7.435
swe,sex_t,age_aggregate_y55_64,geo_cov_nat,2021,9.017
swe,sex_t,age_aggregate_y55_64,geo_cov_nat,2022,8.069
swe,sex_t,age_aggregate_y55_64,geo_cov_nat,2023,7.682
swe,sex_t,age_aggregate_y55_64,geo_cov_nat,2024,8.064
swe,sex_t,age_aggregate_y55_64,geo_cov_rur,2005,6.074
swe,sex_t,age_aggregate_y55_64,geo_cov_rur,2006,5.383
swe,sex_t,age_aggregate_y55_64,geo_cov_rur,2007,4.906
swe,sex_t,age_aggregate_y55_64,geo_cov_rur,2008,4.816
swe,sex_t,age_aggregate_y55_64,geo_cov_rur,2009,6.471
swe,sex_t,age_aggregate_y55_64,geo_cov_rur,2010,7.291
swe,sex_t,age_aggregate_y55_64,geo_cov_rur,2011,6.697
swe,sex_t,age_aggregate_y55_64,geo_cov_rur,2012,6.435
swe,sex_t,age_aggregate_y55_64,geo_cov_rur,2013,5.864
swe,sex_t,age_aggregate_y55_64,geo_cov_rur,2014,6.06
swe,sex_t,age_aggregate_y55_64,geo_cov_rur,2015,5.593
swe,sex_t,age_aggregate_y55_64,geo_cov_rur,2016,5.491
swe,sex_t,age_aggregate_y55_64,geo_cov_rur,2017,5.113
swe,sex_t,age_aggregate_y55_64,geo_cov_rur,2018,4.22
swe,sex_t,age_aggregate_y55_64,geo_cov_rur,2019,4.95
swe,sex_t,age_aggregate_y55_64,geo_cov_rur,2020,6.111
swe,sex_t,age_aggregate_y55_64,geo_cov_rur,2021,7.428
swe,sex_t,age_aggregate_y55_64,geo_cov_rur,2022,7.035
swe,sex_t,age_aggregate_y55_64,geo_cov_rur,2023,6.567
swe,sex_t,age_aggregate_y55_64,geo_cov_rur,2024,6.552
swe,sex_t,age_aggregate_y55_64,geo_cov_urb,2005,6.193
swe,sex_t,age_aggregate_y55_64,geo_cov_urb,2006,5.995
swe,sex_t,age_aggregate_y55_64,geo_cov_urb,2007,5.21
swe,sex_t,age_aggregate_y55_64,geo_cov_urb,2008,5.175
swe,sex_t,age_aggregate_y55_64,geo_cov_urb,2009,6.882
swe,sex_t,age_aggregate_y55_64,geo_cov_urb,2010,7.351
swe,sex_t,age_aggregate_y55_64,geo_cov_urb,2011,6.58
swe,sex_t,age_aggregate_y55_64,geo_cov_urb,2012,7.033
swe,sex_t,age_aggregate_y55_64,geo_cov_urb,2013,7.022
swe,sex_t,age_aggregate_y55_64,geo_cov_urb,2014,7.047
swe,sex_t,age_aggregate_y55_64,geo_cov_urb,2015,6.888
swe,sex_t,age_aggregate_y55_64,geo_cov_urb,2016,6.633
swe,sex_t,age_aggregate_y55_64,geo_cov_urb,2017,6.387
swe,sex_t,age_aggregate_y55_64,geo_cov_urb,2018,5.647
swe,sex_t,age_aggregate_y55_64,geo_cov_urb,2019,6.165
swe,sex_t,age_aggregate_y55_64,geo_cov_urb,2020,8.051
swe,sex_t,age_aggregate_y55_64,geo_cov_urb,2021,9.752
swe,sex_t,age_aggregate_y55_64,geo_cov_urb,2022,8.518
swe,sex_t,age_aggregate_y55_64,geo_cov_urb,2023,8.152
swe,sex_t,age_aggregate_y55_64,geo_cov_urb,2024,8.718
swe,sex_t,age_aggregate_yge65,geo_cov_nat,2005,10.974
swe,sex_t,age_aggregate_yge65,geo_cov_nat,2006,10.412
swe,sex_t,age_aggregate_yge65,geo_cov_nat,2007,9.687
swe,sex_t,age_aggregate_yge65,geo_cov_nat,2008,11.888
swe,sex_t,age_aggregate_yge65,geo_cov_nat,2009,10.66
swe,sex_t,age_aggregate_yge65,geo_cov_nat,2010,9.77
swe,sex_t,age_aggregate_yge65,geo_cov_nat,2011,9.965
swe,sex_t,age_aggregate_yge65,geo_cov_nat,2012,10.688
swe,sex_t,age_aggregate_yge65,geo_cov_nat,2013,11.485
swe,sex_t,age_aggregate_yge65,geo_cov_nat,2014,10.301
swe,sex_t,age_aggregate_yge65,geo_cov_nat,2015,9.245
swe,sex_t,age_aggregate_yge65,geo_cov_nat,2016,9.078
swe,sex_t,age_aggregate_yge65,geo_cov_nat,2017,8.143
swe,sex_t,age_aggregate_yge65,geo_cov_nat,2018,8.962
swe,sex_t,age_aggregate_yge65,geo_cov_nat,2019,12.195
swe,sex_t,age_aggregate_yge65,geo_cov_nat,2020,11.099
swe,sex_t,age_aggregate_yge65,geo_cov_nat,2021,20.686
swe,sex_t,age_aggregate_yge65,geo_cov_nat,2022,19.481
swe,sex_t,age_aggregate_yge65,geo_cov_nat,2023,19.472
swe,sex_t,age_aggregate_yge65,geo_cov_nat,2024,21.183
swe,sex_t,age_aggregate_yge65,geo_cov_rur,2005,8.854
swe,sex_t,age_aggregate_yge65,geo_cov_rur,2006,10.687
swe,sex_t,age_aggregate_yge65,geo_cov_rur,2007,10.09
swe,sex_t,age_aggregate_yge65,geo_cov_rur,2008,12.627
swe,sex_t,age_aggregate_yge65,geo_cov_rur,2009,10.365
swe,sex_t,age_aggregate_yge65,geo_cov_rur,2010,9.565
swe,sex_t,age_aggregate_yge65,geo_cov_rur,2011,8.722
swe,sex_t,age_aggregate_yge65,geo_cov_rur,2012,8.802
swe,sex_t,age_aggregate_yge65,geo_cov_rur,2013,10.1
swe,sex_t,age_aggregate_yge65,geo_cov_rur,2014,8.874
swe,sex_t,age_aggregate_yge65,geo_cov_rur,2015,9.22
swe,sex_t,age_aggregate_yge65,geo_cov_rur,2016,8.679
swe,sex_t,age_aggregate_yge65,geo_cov_rur,2017,7.199
swe,sex_t,age_aggregate_yge65,geo_cov_rur,2018,7.493
swe,sex_t,age_aggregate_yge65,geo_cov_rur,2019,10.165
swe,sex_t,age_aggregate_yge65,geo_cov_rur,2020,12.119
swe,sex_t,age_aggregate_yge65,geo_cov_rur,2021,20.74
swe,sex_t,age_aggregate_yge65,geo_cov_rur,2022,19.667
swe,sex_t,age_aggregate_yge65,geo_cov_rur,2023,20.6
swe,sex_t,age_aggregate_yge65,geo_cov_rur,2024,20.453
swe,sex_t,age_aggregate_yge65,geo_cov_urb,2005,14.62
swe,sex_t,age_aggregate_yge65,geo_cov_urb,2006,9.905
swe,sex_t,age_aggregate_yge65,geo_cov_urb,2007,8.939
swe,sex_t,age_aggregate_yge65,geo_cov_urb,2008,10.681
swe,sex_t,age_aggregate_yge65,geo_cov_urb,2009,11.177
swe,sex_t,age_aggregate_yge65,geo_cov_urb,2010,10.154
swe,sex_t,age_aggregate_yge65,geo_cov_urb,2011,12.034
swe,sex_t,age_aggregate_yge65,geo_cov_urb,2012,11.641
swe,sex_t,age_aggregate_yge65,geo_cov_urb,2013,12.106
swe,sex_t,age_aggregate_yge65,geo_cov_urb,2014,10.908
swe,sex_t,age_aggregate_yge65,geo_cov_urb,2015,9.256
swe,sex_t,age_aggregate_yge65,geo_cov_urb,2016,9.269
swe,sex_t,age_aggregate_yge65,geo_cov_urb,2017,8.627
swe,sex_t,age_aggregate_yge65,geo_cov_urb,2018,9.741
swe,sex_t,age_aggregate_yge65,geo_cov_urb,2019,13.371
swe,sex_t,age_aggregate_yge65,geo_cov_urb,2020,10.574
swe,sex_t,age_aggregate_yge65,geo_cov_urb,2021,20.656
swe,sex_t,age_aggregate_yge65,geo_cov_urb,2022,19.379
swe,sex_t,age_aggregate_yge65,geo_cov_urb,2023,18.89
swe,sex_t,age_aggregate_yge65,geo_cov_urb,2024,21.576
swe,sex_t,age_ythadult_y15_24,geo_cov_nat,2005,34.818
swe,sex_t,age_ythadult_y15_24,geo_cov_nat,2006,33.258
swe,sex_t,age_ythadult_y15_24,geo_cov_nat,2007,30.965
swe,sex_t,age_ythadult_y15_24,geo_cov_nat,2008,30.688
swe,sex_t,age_ythadult_y15_24,geo_cov_nat,2009,37.099
swe,sex_t,age_ythadult_y15_24,geo_cov_nat,2010,36.2
swe,sex_t,age_ythadult_y15_24,geo_cov_nat,2011,33.441
swe,sex_t,age_ythadult_y15_24,geo_cov_nat,2012,35.143
swe,sex_t,age_ythadult_y15_24,geo_cov_nat,2013,35.26
swe,sex_t,age_ythadult_y15_24,geo_cov_nat,2014,34.441
swe,sex_t,age_ythadult_y15_24,geo_cov_nat,2015,31.851
swe,sex_t,age_ythadult_y15_24,geo_cov_nat,2016,29.761
swe,sex_t,age_ythadult_y15_24,geo_cov_nat,2017,27.922
swe,sex_t,age_ythadult_y15_24,geo_cov_nat,2018,27.887
swe,sex_t,age_ythadult_y15_24,geo_cov_nat,2019,31.514
swe,sex_t,age_ythadult_y15_24,geo_cov_nat,2020,37.354
swe,sex_t,age_ythadult_y15_24,geo_cov_nat,2021,41.044
swe,sex_t,age_ythadult_y15_24,geo_cov_nat,2022,36.946
swe,sex_t,age_ythadult_y15_24,geo_cov_nat,2023,37.203
swe,sex_t,age_ythadult_y15_24,geo_cov_nat,2024,40.251
swe,sex_t,age_ythadult_y15_24,geo_cov_rur,2005,34.848
swe,sex_t,age_ythadult_y15_24,geo_cov_rur,2006,33.387
swe,sex_t,age_ythadult_y15_24,geo_cov_rur,2007,30.056
swe,sex_t,age_ythadult_y15_24,geo_cov_rur,2008,30.795
swe,sex_t,age_ythadult_y15_24,geo_cov_rur,2009,37.976
swe,sex_t,age_ythadult_y15_24,geo_cov_rur,2010,36.356
swe,sex_t,age_ythadult_y15_24,geo_cov_rur,2011,33.233
swe,sex_t,age_ythadult_y15_24,geo_cov_rur,2012,34.544
swe,sex_t,age_ythadult_y15_24,geo_cov_rur,2013,34.698
swe,sex_t,age_ythadult_y15_24,geo_cov_rur,2014,32.568
swe,sex_t,age_ythadult_y15_24,geo_cov_rur,2015,30.868
swe,sex_t,age_ythadult_y15_24,geo_cov_rur,2016,29.513
swe,sex_t,age_ythadult_y15_24,geo_cov_rur,2017,27.776
swe,sex_t,age_ythadult_y15_24,geo_cov_rur,2018,27.919
swe,sex_t,age_ythadult_y15_24,geo_cov_rur,2019,30.982
swe,sex_t,age_ythadult_y15_24,geo_cov_rur,2020,34.086
swe,sex_t,age_ythadult_y15_24,geo_cov_rur,2021,39.421
swe,sex_t,age_ythadult_y15_24,geo_cov_rur,2022,34.504
swe,sex_t,age_ythadult_y15_24,geo_cov_rur,2023,36.954
swe,sex_t,age_ythadult_y15_24,geo_cov_rur,2024,39.084
swe,sex_t,age_ythadult_y15_24,geo_cov_urb,2005,34.765
swe,sex_t,age_ythadult_y15_24,geo_cov_urb,2006,33.038
swe,sex_t,age_ythadult_y15_24,geo_cov_urb,2007,32.537
swe,sex_t,age_ythadult_y15_24,geo_cov_urb,2008,30.512
swe,sex_t,age_ythadult_y15_24,geo_cov_urb,2009,35.62
swe,sex_t,age_ythadult_y15_24,geo_cov_urb,2010,35.937
swe,sex_t,age_ythadult_y15_24,geo_cov_urb,2011,33.779
swe,sex_t,age_ythadult_y15_24,geo_cov_urb,2012,35.373
swe,sex_t,age_ythadult_y15_24,geo_cov_urb,2013,35.47
swe,sex_t,age_ythadult_y15_24,geo_cov_urb,2014,35.135
swe,sex_t,age_ythadult_y15_24,geo_cov_urb,2015,32.201
swe,sex_t,age_ythadult_y15_24,geo_cov_urb,2016,29.849
swe,sex_t,age_ythadult_y15_24,geo_cov_urb,2017,27.973
swe,sex_t,age_ythadult_y15_24,geo_cov_urb,2018,27.875
swe,sex_t,age_ythadult_y15_24,geo_cov_urb,2019,31.706
swe,sex_t,age_ythadult_y15_24,geo_cov_urb,2020,38.469
swe,sex_t,age_ythadult_y15_24,geo_cov_urb,2021,41.592
swe,sex_t,age_ythadult_y15_24,geo_cov_urb,2022,37.77
swe,sex_t,age_ythadult_y15_24,geo_cov_urb,2023,37.285
swe,sex_t,age_ythadult_y15_24,geo_cov_urb,2024,40.644
swe,sex_t,age_ythadult_y15_64,geo_cov_nat,2005,11.09
swe,sex_t,age_ythadult_y15_64,geo_cov_nat,2006,10.23
swe,sex_t,age_ythadult_y15_64,geo_cov_nat,2007,9.157
swe,sex_t,age_ythadult_y15_64,geo_cov_nat,2008,9.066
swe,sex_t,age_ythadult_y15_64,geo_cov_nat,2009,11.822
swe,sex_t,age_ythadult_y15_64,geo_cov_nat,2010,12.034
swe,sex_t,age_ythadult_y15_64,geo_cov_nat,2011,11.021
swe,sex_t,age_ythadult_y15_64,geo_cov_nat,2012,11.38
swe,sex_t,age_ythadult_y15_64,geo_cov_nat,2013,11.621
swe,sex_t,age_ythadult_y15_64,geo_cov_nat,2014,11.384
swe,sex_t,age_ythadult_y15_64,geo_cov_nat,2015,10.669
swe,sex_t,age_ythadult_y15_64,geo_cov_nat,2016,9.902
swe,sex_t,age_ythadult_y15_64,geo_cov_nat,2017,9.382
swe,sex_t,age_ythadult_y15_64,geo_cov_nat,2018,9.079
swe,sex_t,age_ythadult_y15_64,geo_cov_nat,2019,9.931
swe,sex_t,age_ythadult_y15_64,geo_cov_nat,2020,12.03
swe,sex_t,age_ythadult_y15_64,geo_cov_nat,2021,13.782
swe,sex_t,age_ythadult_y15_64,geo_cov_nat,2022,12.117
swe,sex_t,age_ythadult_y15_64,geo_cov_nat,2023,12.117
swe,sex_t,age_ythadult_y15_64,geo_cov_nat,2024,13.16
swe,sex_t,age_ythadult_y15_64,geo_cov_rur,2005,11.029
swe,sex_t,age_ythadult_y15_64,geo_cov_rur,2006,10.171
swe,sex_t,age_ythadult_y15_64,geo_cov_rur,2007,9.047
swe,sex_t,age_ythadult_y15_64,geo_cov_rur,2008,9.111
swe,sex_t,age_ythadult_y15_64,geo_cov_rur,2009,12.134
swe,sex_t,age_ythadult_y15_64,geo_cov_rur,2010,12.228
swe,sex_t,age_ythadult_y15_64,geo_cov_rur,2011,10.9
swe,sex_t,age_ythadult_y15_64,geo_cov_rur,2012,10.54
swe,sex_t,age_ythadult_y15_64,geo_cov_rur,2013,10.562
swe,sex_t,age_ythadult_y15_64,geo_cov_rur,2014,10.112
swe,sex_t,age_ythadult_y15_64,geo_cov_rur,2015,9.589
swe,sex_t,age_ythadult_y15_64,geo_cov_rur,2016,9.231
swe,sex_t,age_ythadult_y15_64,geo_cov_rur,2017,8.585
swe,sex_t,age_ythadult_y15_64,geo_cov_rur,2018,8.45
swe,sex_t,age_ythadult_y15_64,geo_cov_rur,2019,9.178
swe,sex_t,age_ythadult_y15_64,geo_cov_rur,2020,10.59
swe,sex_t,age_ythadult_y15_64,geo_cov_rur,2021,12.222
swe,sex_t,age_ythadult_y15_64,geo_cov_rur,2022,10.857
swe,sex_t,age_ythadult_y15_64,geo_cov_rur,2023,11.583
swe,sex_t,age_ythadult_y15_64,geo_cov_rur,2024,11.973
swe,sex_t,age_ythadult_y15_64,geo_cov_urb,2005,11.187
swe,sex_t,age_ythadult_y15_64,geo_cov_urb,2006,10.323
swe,sex_t,age_ythadult_y15_64,geo_cov_urb,2007,9.329
swe,sex_t,age_ythadult_y15_64,geo_cov_urb,2008,8.996
swe,sex_t,age_ythadult_y15_64,geo_cov_urb,2009,11.35
swe,sex_t,age_ythadult_y15_64,geo_cov_urb,2010,11.746
swe,sex_t,age_ythadult_y15_64,geo_cov_urb,2011,11.199
swe,sex_t,age_ythadult_y15_64,geo_cov_urb,2012,11.707
swe,sex_t,age_ythadult_y15_64,geo_cov_urb,2013,12.029
swe,sex_t,age_ythadult_y15_64,geo_cov_urb,2014,11.868
swe,sex_t,age_ythadult_y15_64,geo_cov_urb,2015,11.069
swe,sex_t,age_ythadult_y15_64,geo_cov_urb,2016,10.146
swe,sex_t,age_ythadult_y15_64,geo_cov_urb,2017,9.668
swe,sex_t,age_ythadult_y15_64,geo_cov_urb,2018,9.305
swe,sex_t,age_ythadult_y15_64,geo_cov_urb,2019,10.199
swe,sex_t,age_ythadult_y15_64,geo_cov_urb,2020,12.526
swe,sex_t,age_ythadult_y15_64,geo_cov_urb,2021,14.326
swe,sex_t,age_ythadult_y15_64,geo_cov_urb,2022,12.546
swe,sex_t,age_ythadult_y15_64,geo_cov_urb,2023,12.297
swe,sex_t,age_ythadult_y15_64,geo_cov_urb,2024,13.554
swe,sex_t,age_ythadult_yge15,geo_cov_nat,2005,11.088
swe,sex_t,age_ythadult_yge15,geo_cov_nat,2006,10.233
swe,sex_t,age_ythadult_yge15,geo_cov_nat,2007,9.167
swe,sex_t,age_ythadult_yge15,geo_cov_nat,2008,9.129
swe,sex_t,age_ythadult_yge15,geo_cov_nat,2009,11.794
swe,sex_t,age_ythadult_yge15,geo_cov_nat,2010,11.975
swe,sex_t,age_ythadult_yge15,geo_cov_nat,2011,10.992
swe,sex_t,age_ythadult_yge15,geo_cov_nat,2012,11.358
swe,sex_t,age_ythadult_yge15,geo_cov_nat,2013,11.617
swe,sex_t,age_ythadult_yge15,geo_cov_nat,2014,11.345
swe,sex_t,age_ythadult_yge15,geo_cov_nat,2015,10.618
swe,sex_t,age_ythadult_yge15,geo_cov_nat,2016,9.873
swe,sex_t,age_ythadult_yge15,geo_cov_nat,2017,9.336
swe,sex_t,age_ythadult_yge15,geo_cov_nat,2018,9.074
swe,sex_t,age_ythadult_yge15,geo_cov_nat,2019,10.019
swe,sex_t,age_ythadult_yge15,geo_cov_nat,2020,11.993
swe,sex_t,age_ythadult_yge15,geo_cov_nat,2021,14.168
swe,sex_t,age_ythadult_yge15,geo_cov_nat,2022,12.514
swe,sex_t,age_ythadult_yge15,geo_cov_nat,2023,12.532
swe,sex_t,age_ythadult_yge15,geo_cov_nat,2024,13.622
swe,sex_t,age_ythadult_yge15,geo_cov_rur,2005,10.99
swe,sex_t,age_ythadult_yge15,geo_cov_rur,2006,10.18
swe,sex_t,age_ythadult_yge15,geo_cov_rur,2007,9.069
swe,sex_t,age_ythadult_yge15,geo_cov_rur,2008,9.191
swe,sex_t,age_ythadult_yge15,geo_cov_rur,2009,12.09
swe,sex_t,age_ythadult_yge15,geo_cov_rur,2010,12.153
swe,sex_t,age_ythadult_yge15,geo_cov_rur,2011,10.838
swe,sex_t,age_ythadult_yge15,geo_cov_rur,2012,10.475
swe,sex_t,age_ythadult_yge15,geo_cov_rur,2013,10.546
swe,sex_t,age_ythadult_yge15,geo_cov_rur,2014,10.064
swe,sex_t,age_ythadult_yge15,geo_cov_rur,2015,9.573
swe,sex_t,age_ythadult_yge15,geo_cov_rur,2016,9.208
swe,sex_t,age_ythadult_yge15,geo_cov_rur,2017,8.52
swe,sex_t,age_ythadult_yge15,geo_cov_rur,2018,8.405
swe,sex_t,age_ythadult_yge15,geo_cov_rur,2019,9.23
swe,sex_t,age_ythadult_yge15,geo_cov_rur,2020,10.668
swe,sex_t,age_ythadult_yge15,geo_cov_rur,2021,12.86
swe,sex_t,age_ythadult_yge15,geo_cov_rur,2022,11.506
swe,sex_t,age_ythadult_yge15,geo_cov_rur,2023,12.255
swe,sex_t,age_ythadult_yge15,geo_cov_rur,2024,12.643
swe,sex_t,age_ythadult_yge15,geo_cov_urb,2005,11.243
swe,sex_t,age_ythadult_yge15,geo_cov_urb,2006,10.316
swe,sex_t,age_ythadult_yge15,geo_cov_urb,2007,9.322
swe,sex_t,age_ythadult_yge15,geo_cov_urb,2008,9.033
swe,sex_t,age_ythadult_yge15,geo_cov_urb,2009,11.346
swe,sex_t,age_ythadult_yge15,geo_cov_urb,2010,11.71
swe,sex_t,age_ythadult_yge15,geo_cov_urb,2011,11.22
swe,sex_t,age_ythadult_yge15,geo_cov_urb,2012,11.705
swe,sex_t,age_ythadult_yge15,geo_cov_urb,2013,12.031
swe,sex_t,age_ythadult_yge15,geo_cov_urb,2014,11.834
swe,sex_t,age_ythadult_yge15,geo_cov_urb,2015,11.008
swe,sex_t,age_ythadult_yge15,geo_cov_urb,2016,10.117
swe,sex_t,age_ythadult_yge15,geo_cov_urb,2017,9.633
swe,sex_t,age_ythadult_yge15,geo_cov_urb,2018,9.319
swe,sex_t,age_ythadult_yge15,geo_cov_urb,2019,10.304
swe,sex_t,age_ythadult_yge15,geo_cov_urb,2020,12.457
swe,sex_t,age_ythadult_yge15,geo_cov_urb,2021,14.636
swe,sex_t,age_ythadult_yge15,geo_cov_urb,2022,12.867
swe,sex_t,age_ythadult_yge15,geo_cov_urb,2023,12.627
swe,sex_t,age_ythadult_yge15,geo_cov_urb,2024,13.957
swe,sex_t,age_ythadult_yge25,geo_cov_nat,2005,7.39
swe,sex_t,age_ythadult_yge25,geo_cov_nat,2006,6.504
swe,sex_t,age_ythadult_yge25,geo_cov_nat,2007,5.51
swe,sex_t,age_ythadult_yge25,geo_cov_nat,2008,5.469
swe,sex_t,age_ythadult_yge25,geo_cov_nat,2009,7.442
swe,sex_t,age_ythadult_yge25,geo_cov_nat,2010,7.785
swe,sex_t,age_ythadult_yge25,geo_cov_nat,2011,7.107
swe,sex_t,age_ythadult_yge25,geo_cov_nat,2012,7.29
swe,sex_t,age_ythadult_yge25,geo_cov_nat,2013,7.506
swe,sex_t,age_ythadult_yge25,geo_cov_nat,2014,7.384
swe,sex_t,age_ythadult_yge25,geo_cov_nat,2015,7.112
swe,sex_t,age_ythadult_yge25,geo_cov_nat,2016,6.74
swe,sex_t,age_ythadult_yge25,geo_cov_nat,2017,6.534
swe,sex_t,age_ythadult_yge25,geo_cov_nat,2018,6.313
swe,sex_t,age_ythadult_yge25,geo_cov_nat,2019,6.799
swe,sex_t,age_ythadult_yge25,geo_cov_nat,2020,8.301
swe,sex_t,age_ythadult_yge25,geo_cov_nat,2021,9.992
swe,sex_t,age_ythadult_yge25,geo_cov_nat,2022,8.623
swe,sex_t,age_ythadult_yge25,geo_cov_nat,2023,8.548
swe,sex_t,age_ythadult_yge25,geo_cov_nat,2024,9.249
swe,sex_t,age_ythadult_yge25,geo_cov_rur,2005,7.145
swe,sex_t,age_ythadult_yge25,geo_cov_rur,2006,6.294
swe,sex_t,age_ythadult_yge25,geo_cov_rur,2007,5.399
swe,sex_t,age_ythadult_yge25,geo_cov_rur,2008,5.401
swe,sex_t,age_ythadult_yge25,geo_cov_rur,2009,7.414
swe,sex_t,age_ythadult_yge25,geo_cov_rur,2010,7.733
swe,sex_t,age_ythadult_yge25,geo_cov_rur,2011,6.785
swe,sex_t,age_ythadult_yge25,geo_cov_rur,2012,6.433
swe,sex_t,age_ythadult_yge25,geo_cov_rur,2013,6.485
swe,sex_t,age_ythadult_yge25,geo_cov_rur,2014,6.302
swe,sex_t,age_ythadult_yge25,geo_cov_rur,2015,6.196
swe,sex_t,age_ythadult_yge25,geo_cov_rur,2016,6.104
swe,sex_t,age_ythadult_yge25,geo_cov_rur,2017,5.711
swe,sex_t,age_ythadult_yge25,geo_cov_rur,2018,5.633
swe,sex_t,age_ythadult_yge25,geo_cov_rur,2019,5.991
swe,sex_t,age_ythadult_yge25,geo_cov_rur,2020,7.333
swe,sex_t,age_ythadult_yge25,geo_cov_rur,2021,8.94
swe,sex_t,age_ythadult_yge25,geo_cov_rur,2022,7.959
swe,sex_t,age_ythadult_yge25,geo_cov_rur,2023,8.426
swe,sex_t,age_ythadult_yge25,geo_cov_rur,2024,8.356
swe,sex_t,age_ythadult_yge25,geo_cov_urb,2005,7.774
swe,sex_t,age_ythadult_yge25,geo_cov_urb,2006,6.831
swe,sex_t,age_ythadult_yge25,geo_cov_urb,2007,5.682
swe,sex_t,age_ythadult_yge25,geo_cov_urb,2008,5.573
swe,sex_t,age_ythadult_yge25,geo_cov_urb,2009,7.483
swe,sex_t,age_ythadult_yge25,geo_cov_urb,2010,7.862
swe,sex_t,age_ythadult_yge25,geo_cov_urb,2011,7.576
swe,sex_t,age_ythadult_yge25,geo_cov_urb,2012,7.628
swe,sex_t,age_ythadult_yge25,geo_cov_urb,2013,7.904
swe,sex_t,age_ythadult_yge25,geo_cov_urb,2014,7.8
swe,sex_t,age_ythadult_yge25,geo_cov_urb,2015,7.458
swe,sex_t,age_ythadult_yge25,geo_cov_urb,2016,6.975
swe,sex_t,age_ythadult_yge25,geo_cov_urb,2017,6.835
swe,sex_t,age_ythadult_yge25,geo_cov_urb,2018,6.563
swe,sex_t,age_ythadult_yge25,geo_cov_urb,2019,7.092
swe,sex_t,age_ythadult_yge25,geo_cov_urb,2020,8.641
swe,sex_t,age_ythadult_yge25,geo_cov_urb,2021,10.373
swe,sex_t,age_ythadult_yge25,geo_cov_urb,2022,8.856
swe,sex_t,age_ythadult_yge25,geo_cov_urb,2023,8.591
swe,sex_t,age_ythadult_yge25,geo_cov_urb,2024,9.556
swz,sex_f,age_aggregate_total,geo_cov_nat,2016,39.211
swz,sex_f,age_aggregate_total,geo_cov_nat,2021,47.943
swz,sex_f,age_aggregate_total,geo_cov_nat,2023,47.401
swz,sex_f,age_aggregate_total,geo_cov_rur,2016,43.072
swz,sex_f,age_aggregate_total,geo_cov_rur,2021,51.392
swz,sex_f,age_aggregate_total,geo_cov_rur,2023,53.246
swz,sex_f,age_aggregate_total,geo_cov_urb,2016,30.187
swz,sex_f,age_aggregate_total,geo_cov_urb,2021,42.515
swz,sex_f,age_aggregate_total,geo_cov_urb,2023,37.259
swz,sex_f,age_aggregate_y15_24,geo_cov_nat,2016,66.626
swz,sex_f,age_aggregate_y15_24,geo_cov_nat,2021,70.09
swz,sex_f,age_aggregate_y15_24,geo_cov_nat,2023,69.264
swz,sex_f,age_aggregate_y15_24,geo_cov_rur,2016,67.656
swz,sex_f,age_aggregate_y15_24,geo_cov_rur,2021,71.87
swz,sex_f,age_aggregate_y15_24,geo_cov_rur,2023,71.837
swz,sex_f,age_aggregate_y15_24,geo_cov_urb,2016,63.961
swz,sex_f,age_aggregate_y15_24,geo_cov_urb,2021,66.531
swz,sex_f,age_aggregate_y15_24,geo_cov_urb,2023,62.601
swz,sex_f,age_aggregate_y25_54,geo_cov_nat,2016,34.55
swz,sex_f,age_aggregate_y25_54,geo_cov_nat,2021,44.061
swz,sex_f,age_aggregate_y25_54,geo_cov_nat,2023,44.376
swz,sex_f,age_aggregate_y25_54,geo_cov_rur,2016,39.486
swz,sex_f,age_aggregate_y25_54,geo_cov_rur,2021,47.895
swz,sex_f,age_aggregate_y25_54,geo_cov_rur,2023,51.084
swz,sex_f,age_aggregate_y25_54,geo_cov_urb,2016,23.67
swz,sex_f,age_aggregate_y25_54,geo_cov_urb,2021,38.648
swz,sex_f,age_aggregate_y25_54,geo_cov_urb,2023,34.273
swz,sex_f,age_aggregate_y55_64,geo_cov_nat,2016,23.523
swz,sex_f,age_aggregate_y55_64,geo_cov_nat,2021,30.162
swz,sex_f,age_aggregate_y55_64,geo_cov_nat,2023,31.363
swz,sex_f,age_aggregate_y55_64,geo_cov_rur,2016,25.546
swz,sex_f,age_aggregate_y55_64,geo_cov_rur,2021,30.094
swz,sex_f,age_aggregate_y55_64,geo_cov_rur,2023,33.446
swz,sex_f,age_aggregate_y55_64,geo_cov_urb,2016,16.477
swz,sex_f,age_aggregate_y55_64,geo_cov_urb,2021,30.3
swz,sex_f,age_aggregate_y55_64,geo_cov_urb,2023,25.342
swz,sex_f,age_aggregate_yge65,geo_cov_nat,2016,10.229
swz,sex_f,age_aggregate_yge65,geo_cov_nat,2021,36.782
swz,sex_f,age_aggregate_yge65,geo_cov_nat,2023,28.434
swz,sex_f,age_aggregate_yge65,geo_cov_rur,2016,7.924
swz,sex_f,age_aggregate_yge65,geo_cov_rur,2021,40.885
swz,sex_f,age_aggregate_yge65,geo_cov_rur,2023,32.636
swz,sex_f,age_ythadult_y15_24,geo_cov_nat,2016,66.626
swz,sex_f,age_ythadult_y15_24,geo_cov_nat,2021,70.09
swz,sex_f,age_ythadult_y15_24,geo_cov_nat,2023,69.264
swz,sex_f,age_ythadult_y15_24,geo_cov_rur,2016,67.656
swz,sex_f,age_ythadult_y15_24,geo_cov_rur,2021,71.87
swz,sex_f,age_ythadult_y15_24,geo_cov_rur,2023,71.837
swz,sex_f,age_ythadult_y15_24,geo_cov_urb,2016,63.961
swz,sex_f,age_ythadult_y15_24,geo_cov_urb,2021,66.531
swz,sex_f,age_ythadult_y15_24,geo_cov_urb,2023,62.601
swz,sex_f,age_ythadult_y15_64,geo_cov_nat,2016,40.05
swz,sex_f,age_ythadult_y15_64,geo_cov_nat,2021,48.138
swz,sex_f,age_ythadult_y15_64,geo_cov_nat,2023,48.032
swz,sex_f,age_ythadult_y15_64,geo_cov_rur,2016,44.064
swz,sex_f,age_ythadult_y15_64,geo_cov_rur,2021,51.665
swz,sex_f,age_ythadult_y15_64,geo_cov_rur,2023,53.987
swz,sex_f,age_ythadult_y15_64,geo_cov_urb,2016,30.648
swz,sex_f,age_ythadult_y15_64,geo_cov_urb,2021,42.704
swz,sex_f,age_ythadult_y15_64,geo_cov_urb,2023,37.772
swz,sex_f,age_ythadult_yge15,geo_cov_nat,2016,39.211
swz,sex_f,age_ythadult_yge15,geo_cov_nat,2021,47.943
swz,sex_f,age_ythadult_yge15,geo_cov_nat,2023,47.401
swz,sex_f,age_ythadult_yge15,geo_cov_rur,2016,43.072
swz,sex_f,age_ythadult_yge15,geo_cov_rur,2021,51.392
swz,sex_f,age_ythadult_yge15,geo_cov_rur,2023,53.246
swz,sex_f,age_ythadult_yge15,geo_cov_urb,2016,30.187
swz,sex_f,age_ythadult_yge15,geo_cov_urb,2021,42.515
swz,sex_f,age_ythadult_yge15,geo_cov_urb,2023,37.259
swz,sex_f,age_ythadult_yge25,geo_cov_nat,2016,32.756
swz,sex_f,age_ythadult_yge25,geo_cov_nat,2021,42.834
swz,sex_f,age_ythadult_yge25,geo_cov_nat,2023,42.702
swz,sex_f,age_ythadult_yge25,geo_cov_rur,2016,37.069
swz,sex_f,age_ythadult_yge25,geo_cov_rur,2021,46.132
swz,sex_f,age_ythadult_yge25,geo_cov_rur,2023,48.564
swz,sex_f,age_ythadult_yge25,geo_cov_urb,2016,22.909
swz,sex_f,age_ythadult_yge25,geo_cov_urb,2021,37.914
swz,sex_f,age_ythadult_yge25,geo_cov_urb,2023,33.31
swz,sex_m,age_aggregate_total,geo_cov_nat,2016,32.508
swz,sex_m,age_aggregate_total,geo_cov_nat,2021,41.135
swz,sex_m,age_aggregate_total,geo_cov_nat,2023,41.109
swz,sex_m,age_aggregate_total,geo_cov_rur,2016,36.807
swz,sex_m,age_aggregate_total,geo_cov_rur,2021,46.787
swz,sex_m,age_aggregate_total,geo_cov_rur,2023,50.319
swz,sex_m,age_aggregate_total,geo_cov_urb,2016,21.668
swz,sex_m,age_aggregate_total,geo_cov_urb,2021,31.173
swz,sex_m,age_aggregate_total,geo_cov_urb,2023,26.074
swz,sex_m,age_aggregate_y15_24,geo_cov_nat,2016,60.027
swz,sex_m,age_aggregate_y15_24,geo_cov_nat,2021,61.447
swz,sex_m,age_aggregate_y15_24,geo_cov_nat,2023,63.635
swz,sex_m,age_aggregate_y15_24,geo_cov_rur,2016,62.461
swz,sex_m,age_aggregate_y15_24,geo_cov_rur,2021,64.425
swz,sex_m,age_aggregate_y15_24,geo_cov_rur,2023,68.791
swz,sex_m,age_aggregate_y15_24,geo_cov_urb,2016,51.831
swz,sex_m,age_aggregate_y15_24,geo_cov_urb,2021,54.561
swz,sex_m,age_aggregate_y15_24,geo_cov_urb,2023,50.019
swz,sex_m,age_aggregate_y25_54,geo_cov_nat,2016,26.163
swz,sex_m,age_aggregate_y25_54,geo_cov_nat,2021,36.384
swz,sex_m,age_aggregate_y25_54,geo_cov_nat,2023,36.323
swz,sex_m,age_aggregate_y25_54,geo_cov_rur,2016,30.628
swz,sex_m,age_aggregate_y25_54,geo_cov_rur,2021,42.864
swz,sex_m,age_aggregate_y25_54,geo_cov_rur,2023,46.763
swz,sex_m,age_aggregate_y25_54,geo_cov_urb,2016,16.115
swz,sex_m,age_aggregate_y25_54,geo_cov_urb,2021,26.042
swz,sex_m,age_aggregate_y25_54,geo_cov_urb,2023,21.669
swz,sex_m,age_aggregate_y55_64,geo_cov_nat,2016,21.791
swz,sex_m,age_aggregate_y55_64,geo_cov_nat,2021,33.461
swz,sex_m,age_aggregate_y55_64,geo_cov_nat,2023,29.741
swz,sex_m,age_aggregate_y55_64,geo_cov_rur,2016,24.012
swz,sex_m,age_aggregate_y55_64,geo_cov_rur,2021,32.093
swz,sex_m,age_aggregate_y55_64,geo_cov_rur,2023,31.13
swz,sex_m,age_aggregate_y55_64,geo_cov_urb,2016,13.861
swz,sex_m,age_aggregate_y55_64,geo_cov_urb,2021,36.273
swz,sex_m,age_aggregate_y55_64,geo_cov_urb,2023,27.465
swz,sex_m,age_aggregate_yge65,geo_cov_nat,2016,25.43
swz,sex_m,age_aggregate_yge65,geo_cov_nat,2021,30.789
swz,sex_m,age_aggregate_yge65,geo_cov_nat,2023,36.91
swz,sex_m,age_aggregate_yge65,geo_cov_rur,2016,28.022
swz,sex_m,age_aggregate_yge65,geo_cov_rur,2021,35.617
swz,sex_m,age_aggregate_yge65,geo_cov_rur,2023,40.074
swz,sex_m,age_ythadult_y15_24,geo_cov_nat,2016,60.027
swz,sex_m,age_ythadult_y15_24,geo_cov_nat,2021,61.447
swz,sex_m,age_ythadult_y15_24,geo_cov_nat,2023,63.635
swz,sex_m,age_ythadult_y15_24,geo_cov_rur,2016,62.461
swz,sex_m,age_ythadult_y15_24,geo_cov_rur,2021,64.425
swz,sex_m,age_ythadult_y15_24,geo_cov_rur,2023,68.791
swz,sex_m,age_ythadult_y15_24,geo_cov_urb,2016,51.831
swz,sex_m,age_ythadult_y15_24,geo_cov_urb,2021,54.561
swz,sex_m,age_ythadult_y15_24,geo_cov_urb,2023,50.019
swz,sex_m,age_ythadult_y15_64,geo_cov_nat,2016,32.696
swz,sex_m,age_ythadult_y15_64,geo_cov_nat,2021,41.343
swz,sex_m,age_ythadult_y15_64,geo_cov_nat,2023,41.206
swz,sex_m,age_ythadult_y15_64,geo_cov_rur,2016,37.061
swz,sex_m,age_ythadult_y15_64,geo_cov_rur,2021,47.064
swz,sex_m,age_ythadult_y15_64,geo_cov_rur,2023,50.642
swz,sex_m,age_ythadult_y15_64,geo_cov_urb,2016,21.778
swz,sex_m,age_ythadult_y15_64,geo_cov_urb,2021,31.386
swz,sex_m,age_ythadult_y15_64,geo_cov_urb,2023,26.135
swz,sex_m,age_ythadult_yge15,geo_cov_nat,2016,32.508
swz,sex_m,age_ythadult_yge15,geo_cov_nat,2021,41.135
swz,sex_m,age_ythadult_yge15,geo_cov_nat,2023,41.109
swz,sex_m,age_ythadult_yge15,geo_cov_rur,2016,36.807
swz,sex_m,age_ythadult_yge15,geo_cov_rur,2021,46.787
swz,sex_m,age_ythadult_yge15,geo_cov_rur,2023,50.319
swz,sex_m,age_ythadult_yge15,geo_cov_urb,2016,21.668
swz,sex_m,age_ythadult_yge15,geo_cov_urb,2021,31.173
swz,sex_m,age_ythadult_yge15,geo_cov_urb,2023,26.074
swz,sex_m,age_ythadult_yge25,geo_cov_nat,2016,25.769
swz,sex_m,age_ythadult_yge25,geo_cov_nat,2021,36.043
swz,sex_m,age_ythadult_yge25,geo_cov_nat,2023,35.698
swz,sex_m,age_ythadult_yge25,geo_cov_rur,2016,29.912
swz,sex_m,age_ythadult_yge25,geo_cov_rur,2021,41.833
swz,sex_m,age_ythadult_yge25,geo_cov_rur,2023,44.908
swz,sex_m,age_ythadult_yge25,geo_cov_urb,2016,15.982
swz,sex_m,age_ythadult_yge25,geo_cov_urb,2021,26.479
swz,sex_m,age_ythadult_yge25,geo_cov_urb,2023,22.174
swz,sex_t,age_aggregate_total,geo_cov_nat,2016,35.95
swz,sex_t,age_aggregate_total,geo_cov_nat,2021,44.825
swz,sex_t,age_aggregate_total,geo_cov_nat,2023,44.397
swz,sex_t,age_aggregate_total,geo_cov_rur,2016,39.99
swz,sex_t,age_aggregate_total,geo_cov_rur,2021,49.235
swz,sex_t,age_aggregate_total,geo_cov_rur,2023,51.865
swz,sex_t,age_aggregate_total,geo_cov_urb,2016,26.157
swz,sex_t,age_aggregate_total,geo_cov_urb,2021,37.519
swz,sex_t,age_aggregate_total,geo_cov_urb,2023,31.813
swz,sex_t,age_aggregate_y15_24,geo_cov_nat,2016,63.364
swz,sex_t,age_aggregate_y15_24,geo_cov_nat,2021,65.988
swz,sex_t,age_aggregate_y15_24,geo_cov_nat,2023,66.449
swz,sex_t,age_aggregate_y15_24,geo_cov_rur,2016,65.001
swz,sex_t,age_aggregate_y15_24,geo_cov_rur,2021,68.251
swz,sex_t,age_aggregate_y15_24,geo_cov_rur,2023,70.31
swz,sex_t,age_aggregate_y15_24,geo_cov_urb,2016,58.558
swz,sex_t,age_aggregate_y15_24,geo_cov_urb,2021,61.144
swz,sex_t,age_aggregate_y15_24,geo_cov_urb,2023,56.354
swz,sex_t,age_aggregate_y25_54,geo_cov_nat,2016,30.477
swz,sex_t,age_aggregate_y25_54,geo_cov_nat,2021,40.567
swz,sex_t,age_aggregate_y25_54,geo_cov_nat,2023,40.586
swz,sex_t,age_aggregate_y25_54,geo_cov_rur,2016,35.17
swz,sex_t,age_aggregate_y25_54,geo_cov_rur,2021,45.544
swz,sex_t,age_aggregate_y25_54,geo_cov_rur,2023,49.081
swz,sex_t,age_aggregate_y25_54,geo_cov_urb,2016,20.028
swz,sex_t,age_aggregate_y25_54,geo_cov_urb,2021,33.139
swz,sex_t,age_aggregate_y25_54,geo_cov_urb,2023,28.209
swz,sex_t,age_aggregate_y55_64,geo_cov_nat,2016,22.69
swz,sex_t,age_aggregate_y55_64,geo_cov_nat,2021,31.572
swz,sex_t,age_aggregate_y55_64,geo_cov_nat,2023,30.521
swz,sex_t,age_aggregate_y55_64,geo_cov_rur,2016,24.806
swz,sex_t,age_aggregate_y55_64,geo_cov_rur,2021,30.95
swz,sex_t,age_aggregate_y55_64,geo_cov_rur,2023,32.347
swz,sex_t,age_aggregate_y55_64,geo_cov_urb,2016,15.232
swz,sex_t,age_aggregate_y55_64,geo_cov_urb,2021,32.844
swz,sex_t,age_aggregate_y55_64,geo_cov_urb,2023,26.646
swz,sex_t,age_aggregate_yge65,geo_cov_nat,2016,17.313
swz,sex_t,age_aggregate_yge65,geo_cov_nat,2021,33.828
swz,sex_t,age_aggregate_yge65,geo_cov_nat,2023,31.73
swz,sex_t,age_aggregate_yge65,geo_cov_rur,2016,17.938
swz,sex_t,age_aggregate_yge65,geo_cov_rur,2021,38.474
swz,sex_t,age_aggregate_yge65,geo_cov_rur,2023,35.912
swz,sex_t,age_aggregate_yge65,geo_cov_urb,2016,15.656
swz,sex_t,age_ythadult_y15_24,geo_cov_nat,2016,63.364
swz,sex_t,age_ythadult_y15_24,geo_cov_nat,2021,65.988
swz,sex_t,age_ythadult_y15_24,geo_cov_nat,2023,66.449
swz,sex_t,age_ythadult_y15_24,geo_cov_rur,2016,65.001
swz,sex_t,age_ythadult_y15_24,geo_cov_rur,2021,68.251
swz,sex_t,age_ythadult_y15_24,geo_cov_rur,2023,70.31
swz,sex_t,age_ythadult_y15_24,geo_cov_urb,2016,58.558
swz,sex_t,age_ythadult_y15_24,geo_cov_urb,2021,61.144
swz,sex_t,age_ythadult_y15_24,geo_cov_urb,2023,56.354
swz,sex_t,age_ythadult_y15_64,geo_cov_nat,2016,36.469
swz,sex_t,age_ythadult_y15_64,geo_cov_nat,2021,45.03
swz,sex_t,age_ythadult_y15_64,geo_cov_nat,2023,44.756
swz,sex_t,age_ythadult_y15_64,geo_cov_rur,2016,40.62
swz,sex_t,age_ythadult_y15_64,geo_cov_rur,2021,49.508
swz,sex_t,age_ythadult_y15_64,geo_cov_rur,2023,52.406
swz,sex_t,age_ythadult_y15_64,geo_cov_urb,2016,26.431
swz,sex_t,age_ythadult_y15_64,geo_cov_urb,2021,37.74
swz,sex_t,age_ythadult_y15_64,geo_cov_urb,2023,32.05
swz,sex_t,age_ythadult_yge15,geo_cov_nat,2016,35.95
swz,sex_t,age_ythadult_yge15,geo_cov_nat,2021,44.825
swz,sex_t,age_ythadult_yge15,geo_cov_nat,2023,44.397
swz,sex_t,age_ythadult_yge15,geo_cov_rur,2016,39.99
swz,sex_t,age_ythadult_yge15,geo_cov_rur,2021,49.235
swz,sex_t,age_ythadult_yge15,geo_cov_rur,2023,51.865
swz,sex_t,age_ythadult_yge15,geo_cov_urb,2016,26.157
swz,sex_t,age_ythadult_yge15,geo_cov_urb,2021,37.519
swz,sex_t,age_ythadult_yge15,geo_cov_urb,2023,31.813
swz,sex_t,age_ythadult_yge25,geo_cov_nat,2016,29.37
swz,sex_t,age_ythadult_yge25,geo_cov_nat,2021,39.751
swz,sex_t,age_ythadult_yge25,geo_cov_nat,2023,39.395
swz,sex_t,age_ythadult_yge25,geo_cov_rur,2016,33.583
swz,sex_t,age_ythadult_yge25,geo_cov_rur,2021,44.138
swz,sex_t,age_ythadult_yge25,geo_cov_rur,2023,46.869
swz,sex_t,age_ythadult_yge25,geo_cov_urb,2016,19.594
swz,sex_t,age_ythadult_yge25,geo_cov_urb,2021,32.899
swz,sex_t,age_ythadult_yge25,geo_cov_urb,2023,27.905
tgo,sex_f,age_aggregate_total,geo_cov_nat,2011,9.704
tgo,sex_f,age_aggregate_total,geo_cov_nat,2015,8.063
tgo,sex_f,age_aggregate_total,geo_cov_nat,2017,11.286
tgo,sex_f,age_aggregate_total,geo_cov_nat,2022,4.602
tgo,sex_f,age_aggregate_total,geo_cov_rur,2011,6.283
tgo,sex_f,age_aggregate_total,geo_cov_rur,2015,4.211
tgo,sex_f,age_aggregate_total,geo_cov_rur,2017,8.871
tgo,sex_f,age_aggregate_total,geo_cov_rur,2022,2.552
tgo,sex_f,age_aggregate_total,geo_cov_urb,2011,14.997
tgo,sex_f,age_aggregate_total,geo_cov_urb,2015,13.43
tgo,sex_f,age_aggregate_total,geo_cov_urb,2017,14.534
tgo,sex_f,age_aggregate_total,geo_cov_urb,2022,7.21
tgo,sex_f,age_aggregate_y15_24,geo_cov_nat,2011,15.439
tgo,sex_f,age_aggregate_y15_24,geo_cov_nat,2015,14.656
tgo,sex_f,age_aggregate_y15_24,geo_cov_nat,2017,22.61
tgo,sex_f,age_aggregate_y15_24,geo_cov_nat,2022,10.931
tgo,sex_f,age_aggregate_y15_24,geo_cov_rur,2011,11.201
tgo,sex_f,age_aggregate_y15_24,geo_cov_rur,2015,6.422
tgo,sex_f,age_aggregate_y15_24,geo_cov_rur,2017,17.822
tgo,sex_f,age_aggregate_y15_24,geo_cov_rur,2022,7.303
tgo,sex_f,age_aggregate_y15_24,geo_cov_urb,2011,22.591
tgo,sex_f,age_aggregate_y15_24,geo_cov_urb,2015,25.368
tgo,sex_f,age_aggregate_y15_24,geo_cov_urb,2017,28.468
tgo,sex_f,age_aggregate_y15_24,geo_cov_urb,2022,15.824
tgo,sex_f,age_aggregate_y25_54,geo_cov_nat,2011,7.811
tgo,sex_f,age_aggregate_y25_54,geo_cov_nat,2015,6.866
tgo,sex_f,age_aggregate_y25_54,geo_cov_nat,2017,10.274
tgo,sex_f,age_aggregate_y25_54,geo_cov_nat,2022,4.066
tgo,sex_f,age_aggregate_y25_54,geo_cov_rur,2011,4.207
tgo,sex_f,age_aggregate_y25_54,geo_cov_rur,2015,4.024
tgo,sex_f,age_aggregate_y25_54,geo_cov_rur,2017,8.275
tgo,sex_f,age_aggregate_y25_54,geo_cov_rur,2022,1.944
tgo,sex_f,age_aggregate_y25_54,geo_cov_urb,2011,12.745
tgo,sex_f,age_aggregate_y25_54,geo_cov_urb,2015,10.56
tgo,sex_f,age_aggregate_y25_54,geo_cov_urb,2017,12.794
tgo,sex_f,age_aggregate_y25_54,geo_cov_urb,2022,6.647
tgo,sex_f,age_aggregate_y55_64,geo_cov_nat,2011,5.248
tgo,sex_f,age_aggregate_y55_64,geo_cov_nat,2015,2.373
tgo,sex_f,age_aggregate_y55_64,geo_cov_nat,2017,3.521
tgo,sex_f,age_aggregate_y55_64,geo_cov_rur,2011,3.854
tgo,sex_f,age_aggregate_y55_64,geo_cov_rur,2017,2.808
tgo,sex_f,age_aggregate_y55_64,geo_cov_urb,2011,8.525
tgo,sex_f,age_aggregate_y55_64,geo_cov_urb,2017,4.801
tgo,sex_f,age_aggregate_yge65,geo_cov_nat,2011,4.356
tgo,sex_f,age_aggregate_yge65,geo_cov_nat,2017,2.833
tgo,sex_f,age_aggregate_yge65,geo_cov_rur,2011,4.825
tgo,sex_f,age_ythadult_y15_24,geo_cov_nat,2011,15.439
tgo,sex_f,age_ythadult_y15_24,geo_cov_nat,2015,14.656
tgo,sex_f,age_ythadult_y15_24,geo_cov_nat,2017,22.61
tgo,sex_f,age_ythadult_y15_24,geo_cov_nat,2022,10.931
tgo,sex_f,age_ythadult_y15_24,geo_cov_rur,2011,11.201
tgo,sex_f,age_ythadult_y15_24,geo_cov_rur,2015,6.422
tgo,sex_f,age_ythadult_y15_24,geo_cov_rur,2017,17.822
tgo,sex_f,age_ythadult_y15_24,geo_cov_rur,2022,7.303
tgo,sex_f,age_ythadult_y15_24,geo_cov_urb,2011,22.591
tgo,sex_f,age_ythadult_y15_24,geo_cov_urb,2015,25.368
tgo,sex_f,age_ythadult_y15_24,geo_cov_urb,2017,28.468
tgo,sex_f,age_ythadult_y15_24,geo_cov_urb,2022,15.824
tgo,sex_f,age_ythadult_y15_64,geo_cov_nat,2011,9.909
tgo,sex_f,age_ythadult_y15_64,geo_cov_nat,2015,8.443
tgo,sex_f,age_ythadult_y15_64,geo_cov_nat,2017,11.757
tgo,sex_f,age_ythadult_y15_64,geo_cov_nat,2022,4.882
tgo,sex_f,age_ythadult_y15_64,geo_cov_rur,2011,6.355
tgo,sex_f,age_ythadult_y15_64,geo_cov_rur,2017,9.314
tgo,sex_f,age_ythadult_y15_64,geo_cov_urb,2011,15.267
tgo,sex_f,age_ythadult_y15_64,geo_cov_urb,2015,13.777
tgo,sex_f,age_ythadult_y15_64,geo_cov_urb,2017,14.898
tgo,sex_f,age_ythadult_y15_64,geo_cov_urb,2022,7.527
tgo,sex_f,age_ythadult_yge15,geo_cov_nat,2011,9.704
tgo,sex_f,age_ythadult_yge15,geo_cov_nat,2015,8.063
tgo,sex_f,age_ythadult_yge15,geo_cov_nat,2017,11.286
tgo,sex_f,age_ythadult_yge15,geo_cov_nat,2022,4.602
tgo,sex_f,age_ythadult_yge15,geo_cov_rur,2011,6.283
tgo,sex_f,age_ythadult_yge15,geo_cov_rur,2015,4.211
tgo,sex_f,age_ythadult_yge15,geo_cov_rur,2017,8.871
tgo,sex_f,age_ythadult_yge15,geo_cov_rur,2022,2.552
tgo,sex_f,age_ythadult_yge15,geo_cov_urb,2011,14.997
tgo,sex_f,age_ythadult_yge15,geo_cov_urb,2015,13.43
tgo,sex_f,age_ythadult_yge15,geo_cov_urb,2017,14.534
tgo,sex_f,age_ythadult_yge15,geo_cov_urb,2022,7.21
tgo,sex_f,age_ythadult_yge25,geo_cov_nat,2011,7.398
tgo,sex_f,age_ythadult_yge25,geo_cov_nat,2015,6.09
tgo,sex_f,age_ythadult_yge25,geo_cov_nat,2017,9.257
tgo,sex_f,age_ythadult_yge25,geo_cov_nat,2022,3.31
tgo,sex_f,age_ythadult_yge25,geo_cov_rur,2011,4.21
tgo,sex_f,age_ythadult_yge25,geo_cov_rur,2015,3.574
tgo,sex_f,age_ythadult_yge25,geo_cov_rur,2017,7.343
tgo,sex_f,age_ythadult_yge25,geo_cov_rur,2022,1.552
tgo,sex_f,age_ythadult_yge25,geo_cov_urb,2011,12.162
tgo,sex_f,age_ythadult_yge25,geo_cov_urb,2015,9.667
tgo,sex_f,age_ythadult_yge25,geo_cov_urb,2017,11.876
tgo,sex_f,age_ythadult_yge25,geo_cov_urb,2022,5.519
tgo,sex_m,age_aggregate_total,geo_cov_nat,2011,8.418
tgo,sex_m,age_aggregate_total,geo_cov_nat,2015,6.647
tgo,sex_m,age_aggregate_total,geo_cov_nat,2017,10.609
tgo,sex_m,age_aggregate_total,geo_cov_nat,2022,3.257
tgo,sex_m,age_aggregate_total,geo_cov_rur,2011,4.052
tgo,sex_m,age_aggregate_total,geo_cov_rur,2015,2.92
tgo,sex_m,age_aggregate_total,geo_cov_rur,2017,8.719
tgo,sex_m,age_aggregate_total,geo_cov_rur,2022,1.34
tgo,sex_m,age_aggregate_total,geo_cov_urb,2011,14.588
tgo,sex_m,age_aggregate_total,geo_cov_urb,2015,11.557
tgo,sex_m,age_aggregate_total,geo_cov_urb,2017,13.128
tgo,sex_m,age_aggregate_total,geo_cov_urb,2022,5.536
tgo,sex_m,age_aggregate_y15_24,geo_cov_nat,2011,13.636
tgo,sex_m,age_aggregate_y15_24,geo_cov_nat,2015,8.369
tgo,sex_m,age_aggregate_y15_24,geo_cov_nat,2017,27.671
tgo,sex_m,age_aggregate_y15_24,geo_cov_nat,2022,8.723
tgo,sex_m,age_aggregate_y15_24,geo_cov_rur,2011,6.616
tgo,sex_m,age_aggregate_y15_24,geo_cov_rur,2015,3.797
tgo,sex_m,age_aggregate_y15_24,geo_cov_rur,2017,23.685
tgo,sex_m,age_aggregate_y15_24,geo_cov_rur,2022,4.643
tgo,sex_m,age_aggregate_y15_24,geo_cov_urb,2011,27.036
tgo,sex_m,age_aggregate_y15_24,geo_cov_urb,2015,16.88
tgo,sex_m,age_aggregate_y15_24,geo_cov_urb,2017,33.475
tgo,sex_m,age_aggregate_y15_24,geo_cov_urb,2022,14.605
tgo,sex_m,age_aggregate_y25_54,geo_cov_nat,2011,6.172
tgo,sex_m,age_aggregate_y25_54,geo_cov_nat,2015,6.525
tgo,sex_m,age_aggregate_y25_54,geo_cov_nat,2017,8.79
tgo,sex_m,age_aggregate_y25_54,geo_cov_nat,2022,2.556
tgo,sex_m,age_aggregate_y25_54,geo_cov_rur,2011,2.853
tgo,sex_m,age_aggregate_y25_54,geo_cov_rur,2015,3.062
tgo,sex_m,age_aggregate_y25_54,geo_cov_rur,2017,7.131
tgo,sex_m,age_aggregate_y25_54,geo_cov_rur,2022,0.784
tgo,sex_m,age_aggregate_y25_54,geo_cov_urb,2011,10.037
tgo,sex_m,age_aggregate_y25_54,geo_cov_urb,2015,10.084
tgo,sex_m,age_aggregate_y25_54,geo_cov_urb,2017,10.77
tgo,sex_m,age_aggregate_y25_54,geo_cov_urb,2022,4.432
tgo,sex_m,age_aggregate_y55_64,geo_cov_nat,2011,7.454
tgo,sex_m,age_aggregate_y55_64,geo_cov_nat,2015,4.941
tgo,sex_m,age_aggregate_y55_64,geo_cov_nat,2017,4.38
tgo,sex_m,age_aggregate_y55_64,geo_cov_nat,2022,1.19
tgo,sex_m,age_aggregate_y55_64,geo_cov_rur,2011,2.699
tgo,sex_m,age_aggregate_y55_64,geo_cov_rur,2017,2.462
tgo,sex_m,age_aggregate_y55_64,geo_cov_urb,2011,14.888
tgo,sex_m,age_aggregate_y55_64,geo_cov_urb,2015,10.454
tgo,sex_m,age_aggregate_y55_64,geo_cov_urb,2017,7.715
tgo,sex_m,age_aggregate_y55_64,geo_cov_urb,2022,2.692
tgo,sex_m,age_aggregate_yge65,geo_cov_nat,2011,4.642
tgo,sex_m,age_aggregate_yge65,geo_cov_nat,2017,3.415
tgo,sex_m,age_aggregate_yge65,geo_cov_rur,2017,3.924
tgo,sex_m,age_aggregate_yge65,geo_cov_urb,2011,12.183
tgo,sex_m,age_ythadult_y15_24,geo_cov_nat,2011,13.636
tgo,sex_m,age_ythadult_y15_24,geo_cov_nat,2015,8.369
tgo,sex_m,age_ythadult_y15_24,geo_cov_nat,2017,27.671
tgo,sex_m,age_ythadult_y15_24,geo_cov_nat,2022,8.723
tgo,sex_m,age_ythadult_y15_24,geo_cov_rur,2011,6.616
tgo,sex_m,age_ythadult_y15_24,geo_cov_rur,2015,3.797
tgo,sex_m,age_ythadult_y15_24,geo_cov_rur,2017,23.685
tgo,sex_m,age_ythadult_y15_24,geo_cov_rur,2022,4.643
tgo,sex_m,age_ythadult_y15_24,geo_cov_urb,2011,27.036
tgo,sex_m,age_ythadult_y15_24,geo_cov_urb,2015,16.88
tgo,sex_m,age_ythadult_y15_24,geo_cov_urb,2017,33.475
tgo,sex_m,age_ythadult_y15_24,geo_cov_urb,2022,14.605
tgo,sex_m,age_ythadult_y15_64,geo_cov_nat,2011,8.581
tgo,sex_m,age_ythadult_y15_64,geo_cov_nat,2015,6.916
tgo,sex_m,age_ythadult_y15_64,geo_cov_nat,2017,11.033
tgo,sex_m,age_ythadult_y15_64,geo_cov_nat,2022,3.434
tgo,sex_m,age_ythadult_y15_64,geo_cov_rur,2011,4.171
tgo,sex_m,age_ythadult_y15_64,geo_cov_rur,2017,9.121
tgo,sex_m,age_ythadult_y15_64,geo_cov_urb,2011,14.655
tgo,sex_m,age_ythadult_y15_64,geo_cov_urb,2015,11.565
tgo,sex_m,age_ythadult_y15_64,geo_cov_urb,2017,13.448
tgo,sex_m,age_ythadult_y15_64,geo_cov_urb,2022,5.74
tgo,sex_m,age_ythadult_yge15,geo_cov_nat,2011,8.418
tgo,sex_m,age_ythadult_yge15,geo_cov_nat,2015,6.647
tgo,sex_m,age_ythadult_yge15,geo_cov_nat,2017,10.609
tgo,sex_m,age_ythadult_yge15,geo_cov_nat,2022,3.257
tgo,sex_m,age_ythadult_yge15,geo_cov_rur,2011,4.052
tgo,sex_m,age_ythadult_yge15,geo_cov_rur,2015,2.92
tgo,sex_m,age_ythadult_yge15,geo_cov_rur,2017,8.719
tgo,sex_m,age_ythadult_yge15,geo_cov_rur,2022,1.34
tgo,sex_m,age_ythadult_yge15,geo_cov_urb,2011,14.588
tgo,sex_m,age_ythadult_yge15,geo_cov_urb,2015,11.557
tgo,sex_m,age_ythadult_yge15,geo_cov_urb,2017,13.128
tgo,sex_m,age_ythadult_yge15,geo_cov_urb,2022,5.536
tgo,sex_m,age_ythadult_yge25,geo_cov_nat,2011,6.194
tgo,sex_m,age_ythadult_yge25,geo_cov_nat,2015,6.05
tgo,sex_m,age_ythadult_yge25,geo_cov_nat,2017,8.057
tgo,sex_m,age_ythadult_yge25,geo_cov_nat,2022,2.221
tgo,sex_m,age_ythadult_yge25,geo_cov_rur,2011,2.76
tgo,sex_m,age_ythadult_yge25,geo_cov_rur,2015,2.553
tgo,sex_m,age_ythadult_yge25,geo_cov_rur,2017,6.384
tgo,sex_m,age_ythadult_yge25,geo_cov_rur,2022,0.648
tgo,sex_m,age_ythadult_yge25,geo_cov_urb,2011,10.485
tgo,sex_m,age_ythadult_yge25,geo_cov_urb,2015,10.155
tgo,sex_m,age_ythadult_yge25,geo_cov_urb,2017,10.259
tgo,sex_m,age_ythadult_yge25,geo_cov_urb,2022,4.026
tgo,sex_t,age_aggregate_total,geo_cov_nat,2011,9.086
tgo,sex_t,age_aggregate_total,geo_cov_nat,2015,7.366
tgo,sex_t,age_aggregate_total,geo_cov_nat,2017,10.965
tgo,sex_t,age_aggregate_total,geo_cov_nat,2022,3.973
tgo,sex_t,age_aggregate_total,geo_cov_rur,2011,5.231
tgo,sex_t,age_aggregate_total,geo_cov_rur,2015,3.583
tgo,sex_t,age_aggregate_total,geo_cov_rur,2017,8.799
tgo,sex_t,age_aggregate_total,geo_cov_rur,2022,1.994
tgo,sex_t,age_aggregate_total,geo_cov_urb,2011,14.795
tgo,sex_t,age_aggregate_total,geo_cov_urb,2015,12.493
tgo,sex_t,age_aggregate_total,geo_cov_urb,2017,13.865
tgo,sex_t,age_aggregate_total,geo_cov_urb,2022,6.411
tgo,sex_t,age_aggregate_y15_24,geo_cov_nat,2011,14.554
tgo,sex_t,age_aggregate_y15_24,geo_cov_nat,2015,11.384
tgo,sex_t,age_aggregate_y15_24,geo_cov_nat,2017,24.817
tgo,sex_t,age_aggregate_y15_24,geo_cov_nat,2022,9.932
tgo,sex_t,age_aggregate_y15_24,geo_cov_rur,2011,8.899
tgo,sex_t,age_aggregate_y15_24,geo_cov_rur,2015,4.964
tgo,sex_t,age_aggregate_y15_24,geo_cov_rur,2017,20.486
tgo,sex_t,age_aggregate_y15_24,geo_cov_rur,2022,6.081
tgo,sex_t,age_aggregate_y15_24,geo_cov_urb,2011,24.686
tgo,sex_t,age_aggregate_y15_24,geo_cov_urb,2015,21.413
tgo,sex_t,age_aggregate_y15_24,geo_cov_urb,2017,30.53
tgo,sex_t,age_aggregate_y15_24,geo_cov_urb,2022,15.284
tgo,sex_t,age_aggregate_y25_54,geo_cov_nat,2011,7.032
tgo,sex_t,age_aggregate_y25_54,geo_cov_nat,2015,6.701
tgo,sex_t,age_aggregate_y25_54,geo_cov_nat,2017,9.564
tgo,sex_t,age_aggregate_y25_54,geo_cov_nat,2022,3.359
tgo,sex_t,age_aggregate_y25_54,geo_cov_rur,2011,3.587
tgo,sex_t,age_aggregate_y25_54,geo_cov_rur,2015,3.586
tgo,sex_t,age_aggregate_y25_54,geo_cov_rur,2017,7.734
tgo,sex_t,age_aggregate_y25_54,geo_cov_rur,2022,1.419
tgo,sex_t,age_aggregate_y25_54,geo_cov_urb,2011,11.396
tgo,sex_t,age_aggregate_y25_54,geo_cov_urb,2015,10.316
tgo,sex_t,age_aggregate_y25_54,geo_cov_urb,2017,11.81
tgo,sex_t,age_aggregate_y25_54,geo_cov_urb,2022,5.569
tgo,sex_t,age_aggregate_y55_64,geo_cov_nat,2011,6.273
tgo,sex_t,age_aggregate_y55_64,geo_cov_nat,2015,3.621
tgo,sex_t,age_aggregate_y55_64,geo_cov_nat,2017,3.949
tgo,sex_t,age_aggregate_y55_64,geo_cov_nat,2022,0.735
tgo,sex_t,age_aggregate_y55_64,geo_cov_rur,2011,3.357
tgo,sex_t,age_aggregate_y55_64,geo_cov_rur,2017,2.637
tgo,sex_t,age_aggregate_y55_64,geo_cov_urb,2011,11.907
tgo,sex_t,age_aggregate_y55_64,geo_cov_urb,2015,6.973
tgo,sex_t,age_aggregate_y55_64,geo_cov_urb,2017,6.269
tgo,sex_t,age_aggregate_y55_64,geo_cov_urb,2022,1.58
tgo,sex_t,age_aggregate_yge65,geo_cov_nat,2011,4.502
tgo,sex_t,age_aggregate_yge65,geo_cov_nat,2015,2.118
tgo,sex_t,age_aggregate_yge65,geo_cov_nat,2017,3.117
tgo,sex_t,age_aggregate_yge65,geo_cov_rur,2011,3.351
tgo,sex_t,age_aggregate_yge65,geo_cov_rur,2017,3.485
tgo,sex_t,age_aggregate_yge65,geo_cov_urb,2011,7.947
tgo,sex_t,age_aggregate_yge65,geo_cov_urb,2015,6.566
tgo,sex_t,age_ythadult_y15_24,geo_cov_nat,2011,14.554
tgo,sex_t,age_ythadult_y15_24,geo_cov_nat,2015,11.384
tgo,sex_t,age_ythadult_y15_24,geo_cov_nat,2017,24.817
tgo,sex_t,age_ythadult_y15_24,geo_cov_nat,2022,9.932
tgo,sex_t,age_ythadult_y15_24,geo_cov_rur,2011,8.899
tgo,sex_t,age_ythadult_y15_24,geo_cov_rur,2015,4.964
tgo,sex_t,age_ythadult_y15_24,geo_cov_rur,2017,20.486
tgo,sex_t,age_ythadult_y15_24,geo_cov_rur,2022,6.081
tgo,sex_t,age_ythadult_y15_24,geo_cov_urb,2011,24.686
tgo,sex_t,age_ythadult_y15_24,geo_cov_urb,2015,21.413
tgo,sex_t,age_ythadult_y15_24,geo_cov_urb,2017,30.53
tgo,sex_t,age_ythadult_y15_24,geo_cov_urb,2022,15.284
tgo,sex_t,age_ythadult_y15_64,geo_cov_nat,2011,9.272
tgo,sex_t,age_ythadult_y15_64,geo_cov_nat,2015,7.691
tgo,sex_t,age_ythadult_y15_64,geo_cov_nat,2017,11.414
tgo,sex_t,age_ythadult_y15_64,geo_cov_nat,2022,4.205
tgo,sex_t,age_ythadult_y15_64,geo_cov_rur,2011,5.327
tgo,sex_t,age_ythadult_y15_64,geo_cov_rur,2017,9.223
tgo,sex_t,age_ythadult_y15_64,geo_cov_urb,2011,14.965
tgo,sex_t,age_ythadult_y15_64,geo_cov_urb,2015,12.668
tgo,sex_t,age_ythadult_y15_64,geo_cov_urb,2017,14.208
tgo,sex_t,age_ythadult_y15_64,geo_cov_urb,2022,6.671
tgo,sex_t,age_ythadult_yge15,geo_cov_nat,2011,9.086
tgo,sex_t,age_ythadult_yge15,geo_cov_nat,2015,7.366
tgo,sex_t,age_ythadult_yge15,geo_cov_nat,2017,10.965
tgo,sex_t,age_ythadult_yge15,geo_cov_nat,2022,3.973
tgo,sex_t,age_ythadult_yge15,geo_cov_rur,2011,5.231
tgo,sex_t,age_ythadult_yge15,geo_cov_rur,2015,3.583
tgo,sex_t,age_ythadult_yge15,geo_cov_rur,2017,8.799
tgo,sex_t,age_ythadult_yge15,geo_cov_rur,2022,1.994
tgo,sex_t,age_ythadult_yge15,geo_cov_urb,2011,14.795
tgo,sex_t,age_ythadult_yge15,geo_cov_urb,2015,12.493
tgo,sex_t,age_ythadult_yge15,geo_cov_urb,2017,13.865
tgo,sex_t,age_ythadult_yge15,geo_cov_urb,2022,6.411
tgo,sex_t,age_ythadult_yge25,geo_cov_nat,2011,6.824
tgo,sex_t,age_ythadult_yge25,geo_cov_nat,2015,6.07
tgo,sex_t,age_ythadult_yge25,geo_cov_nat,2017,8.68
tgo,sex_t,age_ythadult_yge25,geo_cov_nat,2022,2.797
tgo,sex_t,age_ythadult_yge25,geo_cov_rur,2011,3.547
tgo,sex_t,age_ythadult_yge25,geo_cov_rur,2015,3.102
tgo,sex_t,age_ythadult_yge25,geo_cov_rur,2017,6.886
tgo,sex_t,age_ythadult_yge25,geo_cov_rur,2022,1.136
tgo,sex_t,age_ythadult_yge25,geo_cov_urb,2011,11.32
tgo,sex_t,age_ythadult_yge25,geo_cov_urb,2015,9.916
tgo,sex_t,age_ythadult_yge25,geo_cov_urb,2017,11.089
tgo,sex_t,age_ythadult_yge25,geo_cov_urb,2022,4.797
tha,sex_f,age_aggregate_total,geo_cov_nat,2010,1.304
tha,sex_f,age_aggregate_total,geo_cov_nat,2013,0.537
tha,sex_f,age_aggregate_total,geo_cov_nat,2014,0.806
tha,sex_f,age_aggregate_total,geo_cov_nat,2015,0.878
tha,sex_f,age_aggregate_total,geo_cov_nat,2016,0.997
tha,sex_f,age_aggregate_total,geo_cov_nat,2017,1.154
tha,sex_f,age_aggregate_total,geo_cov_nat,2018,1.049
tha,sex_f,age_aggregate_total,geo_cov_nat,2019,0.961
tha,sex_f,age_aggregate_total,geo_cov_nat,2020,1.686
tha,sex_f,age_aggregate_total,geo_cov_nat,2021,1.969
tha,sex_f,age_aggregate_total,geo_cov_nat,2022,1.43
tha,sex_f,age_aggregate_total,geo_cov_nat,2023,1.057
tha,sex_f,age_aggregate_total,geo_cov_nat,2024,1.045
tha,sex_f,age_aggregate_total,geo_cov_rur,2010,1.3
tha,sex_f,age_aggregate_total,geo_cov_rur,2013,0.635
tha,sex_f,age_aggregate_total,geo_cov_rur,2014,0.848
tha,sex_f,age_aggregate_total,geo_cov_rur,2015,0.867
tha,sex_f,age_aggregate_total,geo_cov_rur,2016,1.067
tha,sex_f,age_aggregate_total,geo_cov_rur,2017,1.236
tha,sex_f,age_aggregate_total,geo_cov_rur,2018,1.096
tha,sex_f,age_aggregate_total,geo_cov_rur,2019,1.071
tha,sex_f,age_aggregate_total,geo_cov_rur,2020,1.62
tha,sex_f,age_aggregate_total,geo_cov_rur,2021,1.82
tha,sex_f,age_aggregate_total,geo_cov_rur,2022,1.469
tha,sex_f,age_aggregate_total,geo_cov_rur,2023,1.093
tha,sex_f,age_aggregate_total,geo_cov_rur,2024,1.028
tha,sex_f,age_aggregate_total,geo_cov_urb,2010,1.313
tha,sex_f,age_aggregate_total,geo_cov_urb,2013,0.698
tha,sex_f,age_aggregate_total,geo_cov_urb,2014,0.758
tha,sex_f,age_aggregate_total,geo_cov_urb,2015,0.891
tha,sex_f,age_aggregate_total,geo_cov_urb,2016,0.916
tha,sex_f,age_aggregate_total,geo_cov_urb,2017,1.062
tha,sex_f,age_aggregate_total,geo_cov_urb,2018,0.995
tha,sex_f,age_aggregate_total,geo_cov_urb,2019,0.837
tha,sex_f,age_aggregate_total,geo_cov_urb,2020,1.759
tha,sex_f,age_aggregate_total,geo_cov_urb,2021,2.139
tha,sex_f,age_aggregate_total,geo_cov_urb,2022,1.388
tha,sex_f,age_aggregate_total,geo_cov_urb,2023,1.018
tha,sex_f,age_aggregate_total,geo_cov_urb,2024,1.063
tha,sex_f,age_aggregate_total,geo_cov_x,2013,0.181
tha,sex_f,age_aggregate_y15_24,geo_cov_nat,2010,5.056
tha,sex_f,age_aggregate_y15_24,geo_cov_nat,2013,2.516
tha,sex_f,age_aggregate_y15_24,geo_cov_nat,2014,5.035
tha,sex_f,age_aggregate_y15_24,geo_cov_nat,2015,5.008
tha,sex_f,age_aggregate_y15_24,geo_cov_nat,2016,5.934
tha,sex_f,age_aggregate_y15_24,geo_cov_nat,2017,6.879
tha,sex_f,age_aggregate_y15_24,geo_cov_nat,2018,6.181
tha,sex_f,age_aggregate_y15_24,geo_cov_nat,2019,6.504
tha,sex_f,age_aggregate_y15_24,geo_cov_nat,2020,8.285
tha,sex_f,age_aggregate_y15_24,geo_cov_nat,2021,10.007
tha,sex_f,age_aggregate_y15_24,geo_cov_nat,2022,8.46
tha,sex_f,age_aggregate_y15_24,geo_cov_nat,2023,7.287
tha,sex_f,age_aggregate_y15_24,geo_cov_nat,2024,6.891
tha,sex_f,age_aggregate_y15_24,geo_cov_rur,2010,4.896
tha,sex_f,age_aggregate_y15_24,geo_cov_rur,2013,2.795
tha,sex_f,age_aggregate_y15_24,geo_cov_rur,2014,5.455
tha,sex_f,age_aggregate_y15_24,geo_cov_rur,2015,5.251
tha,sex_f,age_aggregate_y15_24,geo_cov_rur,2016,6.625
tha,sex_f,age_aggregate_y15_24,geo_cov_rur,2017,7.652
tha,sex_f,age_aggregate_y15_24,geo_cov_rur,2018,6.069
tha,sex_f,age_aggregate_y15_24,geo_cov_rur,2019,6.96
tha,sex_f,age_aggregate_y15_24,geo_cov_rur,2020,8.394
tha,sex_f,age_aggregate_y15_24,geo_cov_rur,2021,9.942
tha,sex_f,age_aggregate_y15_24,geo_cov_rur,2022,8.763
tha,sex_f,age_aggregate_y15_24,geo_cov_rur,2023,7.22
tha,sex_f,age_aggregate_y15_24,geo_cov_rur,2024,6.454
tha,sex_f,age_aggregate_y15_24,geo_cov_urb,2010,5.458
tha,sex_f,age_aggregate_y15_24,geo_cov_urb,2013,3.395
tha,sex_f,age_aggregate_y15_24,geo_cov_urb,2014,4.544
tha,sex_f,age_aggregate_y15_24,geo_cov_urb,2015,4.718
tha,sex_f,age_aggregate_y15_24,geo_cov_urb,2016,5.065
tha,sex_f,age_aggregate_y15_24,geo_cov_urb,2017,5.853
tha,sex_f,age_aggregate_y15_24,geo_cov_urb,2018,6.335
tha,sex_f,age_aggregate_y15_24,geo_cov_urb,2019,5.883
tha,sex_f,age_aggregate_y15_24,geo_cov_urb,2020,8.136
tha,sex_f,age_aggregate_y15_24,geo_cov_urb,2021,10.098
tha,sex_f,age_aggregate_y15_24,geo_cov_urb,2022,8.082
tha,sex_f,age_aggregate_y15_24,geo_cov_urb,2023,7.375
tha,sex_f,age_aggregate_y15_24,geo_cov_urb,2024,7.461
tha,sex_f,age_aggregate_y15_24,geo_cov_x,2013,1.102
tha,sex_f,age_aggregate_y25_54,geo_cov_nat,2010,0.792
tha,sex_f,age_aggregate_y25_54,geo_cov_nat,2013,0.274
tha,sex_f,age_aggregate_y25_54,geo_cov_nat,2014,0.406
tha,sex_f,age_aggregate_y25_54,geo_cov_nat,2015,0.51
tha,sex_f,age_aggregate_y25_54,geo_cov_nat,2016,0.558
tha,sex_f,age_aggregate_y25_54,geo_cov_nat,2017,0.666
tha,sex_f,age_aggregate_y25_54,geo_cov_nat,2018,0.627
tha,sex_f,age_aggregate_y25_54,geo_cov_nat,2019,0.486
tha,sex_f,age_aggregate_y25_54,geo_cov_nat,2020,1.251
tha,sex_f,age_aggregate_y25_54,geo_cov_nat,2021,1.464
tha,sex_f,age_aggregate_y25_54,geo_cov_nat,2022,0.946
tha,sex_f,age_aggregate_y25_54,geo_cov_nat,2023,0.581
tha,sex_f,age_aggregate_y25_54,geo_cov_nat,2024,0.629
tha,sex_f,age_aggregate_y25_54,geo_cov_rur,2010,0.777
tha,sex_f,age_aggregate_y25_54,geo_cov_rur,2013,0.315
tha,sex_f,age_aggregate_y25_54,geo_cov_rur,2014,0.412
tha,sex_f,age_aggregate_y25_54,geo_cov_rur,2015,0.461
tha,sex_f,age_aggregate_y25_54,geo_cov_rur,2016,0.534
tha,sex_f,age_aggregate_y25_54,geo_cov_rur,2017,0.628
tha,sex_f,age_aggregate_y25_54,geo_cov_rur,2018,0.664
tha,sex_f,age_aggregate_y25_54,geo_cov_rur,2019,0.518
tha,sex_f,age_aggregate_y25_54,geo_cov_rur,2020,1.117
tha,sex_f,age_aggregate_y25_54,geo_cov_rur,2021,1.229
tha,sex_f,age_aggregate_y25_54,geo_cov_rur,2022,0.934
tha,sex_f,age_aggregate_y25_54,geo_cov_rur,2023,0.58
tha,sex_f,age_aggregate_y25_54,geo_cov_rur,2024,0.63
tha,sex_f,age_aggregate_y25_54,geo_cov_urb,2010,0.819
tha,sex_f,age_aggregate_y25_54,geo_cov_urb,2013,0.359
tha,sex_f,age_aggregate_y25_54,geo_cov_urb,2014,0.399
tha,sex_f,age_aggregate_y25_54,geo_cov_urb,2015,0.562
tha,sex_f,age_aggregate_y25_54,geo_cov_urb,2016,0.584
tha,sex_f,age_aggregate_y25_54,geo_cov_urb,2017,0.705
tha,sex_f,age_aggregate_y25_54,geo_cov_urb,2018,0.589
tha,sex_f,age_aggregate_y25_54,geo_cov_urb,2019,0.455
tha,sex_f,age_aggregate_y25_54,geo_cov_urb,2020,1.387
tha,sex_f,age_aggregate_y25_54,geo_cov_urb,2021,1.701
tha,sex_f,age_aggregate_y25_54,geo_cov_urb,2022,0.958
tha,sex_f,age_aggregate_y25_54,geo_cov_urb,2023,0.581
tha,sex_f,age_aggregate_y25_54,geo_cov_urb,2024,0.629
tha,sex_f,age_aggregate_y25_54,geo_cov_x,2013,0.1
tha,sex_f,age_aggregate_y55_64,geo_cov_nat,2010,0.594
tha,sex_f,age_aggregate_y55_64,geo_cov_nat,2013,0.213
tha,sex_f,age_aggregate_y55_64,geo_cov_nat,2014,0.135
tha,sex_f,age_aggregate_y55_64,geo_cov_nat,2015,0.154
tha,sex_f,age_aggregate_y55_64,geo_cov_nat,2016,0.16
tha,sex_f,age_aggregate_y55_64,geo_cov_nat,2017,0.17
tha,sex_f,age_aggregate_y55_64,geo_cov_nat,2018,0.163
tha,sex_f,age_aggregate_y55_64,geo_cov_nat,2019,0.148
tha,sex_f,age_aggregate_y55_64,geo_cov_nat,2020,0.412
tha,sex_f,age_aggregate_y55_64,geo_cov_nat,2021,0.537
tha,sex_f,age_aggregate_y55_64,geo_cov_nat,2022,0.26
tha,sex_f,age_aggregate_y55_64,geo_cov_nat,2023,0.135
tha,sex_f,age_aggregate_y55_64,geo_cov_nat,2024,0.185
tha,sex_f,age_aggregate_y55_64,geo_cov_rur,2010,0.533
tha,sex_f,age_aggregate_y55_64,geo_cov_rur,2013,0.21
tha,sex_f,age_aggregate_y55_64,geo_cov_rur,2014,0.135
tha,sex_f,age_aggregate_y55_64,geo_cov_rur,2015,0.172
tha,sex_f,age_aggregate_y55_64,geo_cov_rur,2016,0.192
tha,sex_f,age_aggregate_y55_64,geo_cov_rur,2017,0.155
tha,sex_f,age_aggregate_y55_64,geo_cov_rur,2018,0.156
tha,sex_f,age_aggregate_y55_64,geo_cov_rur,2019,0.183
tha,sex_f,age_aggregate_y55_64,geo_cov_rur,2020,0.326
tha,sex_f,age_aggregate_y55_64,geo_cov_rur,2021,0.405
tha,sex_f,age_aggregate_y55_64,geo_cov_rur,2022,0.262
tha,sex_f,age_aggregate_y55_64,geo_cov_rur,2023,0.172
tha,sex_f,age_aggregate_y55_64,geo_cov_rur,2024,0.106
tha,sex_f,age_aggregate_y55_64,geo_cov_urb,2010,0.736
tha,sex_f,age_aggregate_y55_64,geo_cov_urb,2013,0.451
tha,sex_f,age_aggregate_y55_64,geo_cov_urb,2014,0.136
tha,sex_f,age_aggregate_y55_64,geo_cov_urb,2015,0.127
tha,sex_f,age_aggregate_y55_64,geo_cov_urb,2016,0.111
tha,sex_f,age_aggregate_y55_64,geo_cov_urb,2017,0.193
tha,sex_f,age_aggregate_y55_64,geo_cov_urb,2018,0.174
tha,sex_f,age_aggregate_y55_64,geo_cov_urb,2019,0.096
tha,sex_f,age_aggregate_y55_64,geo_cov_urb,2020,0.536
tha,sex_f,age_aggregate_y55_64,geo_cov_urb,2021,0.731
tha,sex_f,age_aggregate_y55_64,geo_cov_urb,2022,0.257
tha,sex_f,age_aggregate_y55_64,geo_cov_urb,2023,0.085
tha,sex_f,age_aggregate_y55_64,geo_cov_urb,2024,0.29
tha,sex_f,age_aggregate_yge65,geo_cov_nat,2010,2.075
tha,sex_f,age_aggregate_yge65,geo_cov_nat,2013,1.614
tha,sex_f,age_aggregate_yge65,geo_cov_nat,2014,0.122
tha,sex_f,age_aggregate_yge65,geo_cov_nat,2015,0.247
tha,sex_f,age_aggregate_yge65,geo_cov_nat,2016,0.112
tha,sex_f,age_aggregate_yge65,geo_cov_nat,2017,0.224
tha,sex_f,age_aggregate_yge65,geo_cov_nat,2018,0.129
tha,sex_f,age_aggregate_yge65,geo_cov_nat,2019,0.158
tha,sex_f,age_aggregate_yge65,geo_cov_nat,2020,0.187
tha,sex_f,age_aggregate_yge65,geo_cov_nat,2021,0.192
tha,sex_f,age_aggregate_yge65,geo_cov_nat,2022,0.172
tha,sex_f,age_aggregate_yge65,geo_cov_nat,2023,0.116
tha,sex_f,age_aggregate_yge65,geo_cov_nat,2024,0.103
tha,sex_f,age_aggregate_yge65,geo_cov_rur,2010,1.77
tha,sex_f,age_aggregate_yge65,geo_cov_rur,2013,1.912
tha,sex_f,age_aggregate_yge65,geo_cov_rur,2014,0.158
tha,sex_f,age_aggregate_yge65,geo_cov_rur,2015,0.211
tha,sex_f,age_aggregate_yge65,geo_cov_rur,2016,0.14
tha,sex_f,age_aggregate_yge65,geo_cov_rur,2017,0.293
tha,sex_f,age_aggregate_yge65,geo_cov_rur,2018,0.128
tha,sex_f,age_aggregate_yge65,geo_cov_rur,2019,0.178
tha,sex_f,age_aggregate_yge65,geo_cov_rur,2020,0.157
tha,sex_f,age_aggregate_yge65,geo_cov_rur,2021,0.117
tha,sex_f,age_aggregate_yge65,geo_cov_rur,2022,0.173
tha,sex_f,age_aggregate_yge65,geo_cov_rur,2023,0.114
tha,sex_f,age_aggregate_yge65,geo_cov_rur,2024,0.14
tha,sex_f,age_aggregate_yge65,geo_cov_urb,2010,2.918
tha,sex_f,age_aggregate_yge65,geo_cov_urb,2013,2.77
tha,sex_f,age_aggregate_yge65,geo_cov_urb,2014,0.058
tha,sex_f,age_aggregate_yge65,geo_cov_urb,2015,0.313
tha,sex_f,age_aggregate_yge65,geo_cov_urb,2017,0.111
tha,sex_f,age_aggregate_yge65,geo_cov_urb,2019,0.125
tha,sex_f,age_aggregate_yge65,geo_cov_urb,2020,0.238
tha,sex_f,age_aggregate_yge65,geo_cov_urb,2021,0.318
tha,sex_f,age_aggregate_yge65,geo_cov_urb,2022,0.171
tha,sex_f,age_aggregate_yge65,geo_cov_urb,2023,0.118
tha,sex_f,age_aggregate_yge65,geo_cov_urb,2024,0.051
tha,sex_f,age_ythadult_y15_24,geo_cov_nat,2010,5.056
tha,sex_f,age_ythadult_y15_24,geo_cov_nat,2013,2.516
tha,sex_f,age_ythadult_y15_24,geo_cov_nat,2014,5.035
tha,sex_f,age_ythadult_y15_24,geo_cov_nat,2015,5.008
tha,sex_f,age_ythadult_y15_24,geo_cov_nat,2016,5.934
tha,sex_f,age_ythadult_y15_24,geo_cov_nat,2017,6.879
tha,sex_f,age_ythadult_y15_24,geo_cov_nat,2018,6.181
tha,sex_f,age_ythadult_y15_24,geo_cov_nat,2019,6.504
tha,sex_f,age_ythadult_y15_24,geo_cov_nat,2020,8.285
tha,sex_f,age_ythadult_y15_24,geo_cov_nat,2021,10.007
tha,sex_f,age_ythadult_y15_24,geo_cov_nat,2022,8.46
tha,sex_f,age_ythadult_y15_24,geo_cov_nat,2023,7.287
tha,sex_f,age_ythadult_y15_24,geo_cov_nat,2024,6.891
tha,sex_f,age_ythadult_y15_24,geo_cov_rur,2010,4.896
tha,sex_f,age_ythadult_y15_24,geo_cov_rur,2013,2.795
tha,sex_f,age_ythadult_y15_24,geo_cov_rur,2014,5.455
tha,sex_f,age_ythadult_y15_24,geo_cov_rur,2015,5.251
tha,sex_f,age_ythadult_y15_24,geo_cov_rur,2016,6.625
tha,sex_f,age_ythadult_y15_24,geo_cov_rur,2017,7.652
tha,sex_f,age_ythadult_y15_24,geo_cov_rur,2018,6.069
tha,sex_f,age_ythadult_y15_24,geo_cov_rur,2019,6.96
tha,sex_f,age_ythadult_y15_24,geo_cov_rur,2020,8.394
tha,sex_f,age_ythadult_y15_24,geo_cov_rur,2021,9.942
tha,sex_f,age_ythadult_y15_24,geo_cov_rur,2022,8.763
tha,sex_f,age_ythadult_y15_24,geo_cov_rur,2023,7.22
tha,sex_f,age_ythadult_y15_24,geo_cov_rur,2024,6.454
tha,sex_f,age_ythadult_y15_24,geo_cov_urb,2010,5.458
tha,sex_f,age_ythadult_y15_24,geo_cov_urb,2013,3.395
tha,sex_f,age_ythadult_y15_24,geo_cov_urb,2014,4.544
tha,sex_f,age_ythadult_y15_24,geo_cov_urb,2015,4.718
tha,sex_f,age_ythadult_y15_24,geo_cov_urb,2016,5.065
tha,sex_f,age_ythadult_y15_24,geo_cov_urb,2017,5.853
tha,sex_f,age_ythadult_y15_24,geo_cov_urb,2018,6.335
tha,sex_f,age_ythadult_y15_24,geo_cov_urb,2019,5.883
tha,sex_f,age_ythadult_y15_24,geo_cov_urb,2020,8.136
tha,sex_f,age_ythadult_y15_24,geo_cov_urb,2021,10.098
tha,sex_f,age_ythadult_y15_24,geo_cov_urb,2022,8.082
tha,sex_f,age_ythadult_y15_24,geo_cov_urb,2023,7.375
tha,sex_f,age_ythadult_y15_24,geo_cov_urb,2024,7.461
tha,sex_f,age_ythadult_y15_24,geo_cov_x,2013,1.102
tha,sex_f,age_ythadult_y15_64,geo_cov_nat,2010,1.278
tha,sex_f,age_ythadult_y15_64,geo_cov_nat,2013,0.498
tha,sex_f,age_ythadult_y15_64,geo_cov_nat,2014,0.833
tha,sex_f,age_ythadult_y15_64,geo_cov_nat,2015,0.904
tha,sex_f,age_ythadult_y15_64,geo_cov_nat,2016,1.034
tha,sex_f,age_ythadult_y15_64,geo_cov_nat,2017,1.195
tha,sex_f,age_ythadult_y15_64,geo_cov_nat,2018,1.091
tha,sex_f,age_ythadult_y15_64,geo_cov_nat,2019,0.999
tha,sex_f,age_ythadult_y15_64,geo_cov_nat,2020,1.764
tha,sex_f,age_ythadult_y15_64,geo_cov_nat,2021,2.071
tha,sex_f,age_ythadult_y15_64,geo_cov_nat,2022,1.505
tha,sex_f,age_ythadult_y15_64,geo_cov_nat,2023,1.116
tha,sex_f,age_ythadult_y15_64,geo_cov_nat,2024,1.106
tha,sex_f,age_ythadult_y15_64,geo_cov_rur,2010,1.282
tha,sex_f,age_ythadult_y15_64,geo_cov_rur,2013,0.583
tha,sex_f,age_ythadult_y15_64,geo_cov_rur,2014,0.88
tha,sex_f,age_ythadult_y15_64,geo_cov_rur,2015,0.9
tha,sex_f,age_ythadult_y15_64,geo_cov_rur,2016,1.114
tha,sex_f,age_ythadult_y15_64,geo_cov_rur,2017,1.284
tha,sex_f,age_ythadult_y15_64,geo_cov_rur,2018,1.149
tha,sex_f,age_ythadult_y15_64,geo_cov_rur,2019,1.122
tha,sex_f,age_ythadult_y15_64,geo_cov_rur,2020,1.713
tha,sex_f,age_ythadult_y15_64,geo_cov_rur,2021,1.936
tha,sex_f,age_ythadult_y15_64,geo_cov_rur,2022,1.56
tha,sex_f,age_ythadult_y15_64,geo_cov_rur,2023,1.165
tha,sex_f,age_ythadult_y15_64,geo_cov_rur,2024,1.093
tha,sex_f,age_ythadult_y15_64,geo_cov_urb,2010,1.269
tha,sex_f,age_ythadult_y15_64,geo_cov_urb,2013,0.635
tha,sex_f,age_ythadult_y15_64,geo_cov_urb,2014,0.779
tha,sex_f,age_ythadult_y15_64,geo_cov_urb,2015,0.909
tha,sex_f,age_ythadult_y15_64,geo_cov_urb,2016,0.944
tha,sex_f,age_ythadult_y15_64,geo_cov_urb,2017,1.095
tha,sex_f,age_ythadult_y15_64,geo_cov_urb,2018,1.027
tha,sex_f,age_ythadult_y15_64,geo_cov_urb,2019,0.863
tha,sex_f,age_ythadult_y15_64,geo_cov_urb,2020,1.822
tha,sex_f,age_ythadult_y15_64,geo_cov_urb,2021,2.22
tha,sex_f,age_ythadult_y15_64,geo_cov_urb,2022,1.446
tha,sex_f,age_ythadult_y15_64,geo_cov_urb,2023,1.064
tha,sex_f,age_ythadult_y15_64,geo_cov_urb,2024,1.118
tha,sex_f,age_ythadult_yge15,geo_cov_nat,2010,1.304
tha,sex_f,age_ythadult_yge15,geo_cov_nat,2013,0.537
tha,sex_f,age_ythadult_yge15,geo_cov_nat,2014,0.806
tha,sex_f,age_ythadult_yge15,geo_cov_nat,2015,0.878
tha,sex_f,age_ythadult_yge15,geo_cov_nat,2016,0.997
tha,sex_f,age_ythadult_yge15,geo_cov_nat,2017,1.154
tha,sex_f,age_ythadult_yge15,geo_cov_nat,2018,1.049
tha,sex_f,age_ythadult_yge15,geo_cov_nat,2019,0.961
tha,sex_f,age_ythadult_yge15,geo_cov_nat,2020,1.686
tha,sex_f,age_ythadult_yge15,geo_cov_nat,2021,1.969
tha,sex_f,age_ythadult_yge15,geo_cov_nat,2022,1.43
tha,sex_f,age_ythadult_yge15,geo_cov_nat,2023,1.057
tha,sex_f,age_ythadult_yge15,geo_cov_nat,2024,1.045
tha,sex_f,age_ythadult_yge15,geo_cov_rur,2010,1.3
tha,sex_f,age_ythadult_yge15,geo_cov_rur,2013,0.635
tha,sex_f,age_ythadult_yge15,geo_cov_rur,2014,0.848
tha,sex_f,age_ythadult_yge15,geo_cov_rur,2015,0.867
tha,sex_f,age_ythadult_yge15,geo_cov_rur,2016,1.067
tha,sex_f,age_ythadult_yge15,geo_cov_rur,2017,1.236
tha,sex_f,age_ythadult_yge15,geo_cov_rur,2018,1.096
tha,sex_f,age_ythadult_yge15,geo_cov_rur,2019,1.071
tha,sex_f,age_ythadult_yge15,geo_cov_rur,2020,1.62
tha,sex_f,age_ythadult_yge15,geo_cov_rur,2021,1.82
tha,sex_f,age_ythadult_yge15,geo_cov_rur,2022,1.469
tha,sex_f,age_ythadult_yge15,geo_cov_rur,2023,1.093
tha,sex_f,age_ythadult_yge15,geo_cov_rur,2024,1.028
tha,sex_f,age_ythadult_yge15,geo_cov_urb,2010,1.313
tha,sex_f,age_ythadult_yge15,geo_cov_urb,2013,0.698
tha,sex_f,age_ythadult_yge15,geo_cov_urb,2014,0.758
tha,sex_f,age_ythadult_yge15,geo_cov_urb,2015,0.891
tha,sex_f,age_ythadult_yge15,geo_cov_urb,2016,0.916
tha,sex_f,age_ythadult_yge15,geo_cov_urb,2017,1.062
tha,sex_f,age_ythadult_yge15,geo_cov_urb,2018,0.995
tha,sex_f,age_ythadult_yge15,geo_cov_urb,2019,0.837
tha,sex_f,age_ythadult_yge15,geo_cov_urb,2020,1.759
tha,sex_f,age_ythadult_yge15,geo_cov_urb,2021,2.139
tha,sex_f,age_ythadult_yge15,geo_cov_urb,2022,1.388
tha,sex_f,age_ythadult_yge15,geo_cov_urb,2023,1.018
tha,sex_f,age_ythadult_yge15,geo_cov_urb,2024,1.063
tha,sex_f,age_ythadult_yge15,geo_cov_x,2013,0.181
tha,sex_f,age_ythadult_yge25,geo_cov_nat,2010,0.816
tha,sex_f,age_ythadult_yge25,geo_cov_nat,2013,0.318
tha,sex_f,age_ythadult_yge25,geo_cov_nat,2014,0.354
tha,sex_f,age_ythadult_yge25,geo_cov_nat,2015,0.444
tha,sex_f,age_ythadult_yge25,geo_cov_nat,2016,0.477
tha,sex_f,age_ythadult_yge25,geo_cov_nat,2017,0.566
tha,sex_f,age_ythadult_yge25,geo_cov_nat,2018,0.525
tha,sex_f,age_ythadult_yge25,geo_cov_nat,2019,0.412
tha,sex_f,age_ythadult_yge25,geo_cov_nat,2020,1.044
tha,sex_f,age_ythadult_yge25,geo_cov_nat,2021,1.221
tha,sex_f,age_ythadult_yge25,geo_cov_nat,2022,0.775
tha,sex_f,age_ythadult_yge25,geo_cov_nat,2023,0.468
tha,sex_f,age_ythadult_yge25,geo_cov_nat,2024,0.512
tha,sex_f,age_ythadult_yge25,geo_cov_rur,2010,0.787
tha,sex_f,age_ythadult_yge25,geo_cov_rur,2013,0.37
tha,sex_f,age_ythadult_yge25,geo_cov_rur,2014,0.352
tha,sex_f,age_ythadult_yge25,geo_cov_rur,2015,0.398
tha,sex_f,age_ythadult_yge25,geo_cov_rur,2016,0.453
tha,sex_f,age_ythadult_yge25,geo_cov_rur,2017,0.524
tha,sex_f,age_ythadult_yge25,geo_cov_rur,2018,0.537
tha,sex_f,age_ythadult_yge25,geo_cov_rur,2019,0.432
tha,sex_f,age_ythadult_yge25,geo_cov_rur,2020,0.896
tha,sex_f,age_ythadult_yge25,geo_cov_rur,2021,0.982
tha,sex_f,age_ythadult_yge25,geo_cov_rur,2022,0.743
tha,sex_f,age_ythadult_yge25,geo_cov_rur,2023,0.46
tha,sex_f,age_ythadult_yge25,geo_cov_rur,2024,0.486
tha,sex_f,age_ythadult_yge25,geo_cov_urb,2010,0.872
tha,sex_f,age_ythadult_yge25,geo_cov_urb,2013,0.448
tha,sex_f,age_ythadult_yge25,geo_cov_urb,2014,0.355
tha,sex_f,age_ythadult_yge25,geo_cov_urb,2015,0.497
tha,sex_f,age_ythadult_yge25,geo_cov_urb,2016,0.503
tha,sex_f,age_ythadult_yge25,geo_cov_urb,2017,0.613
tha,sex_f,age_ythadult_yge25,geo_cov_urb,2018,0.51
tha,sex_f,age_ythadult_yge25,geo_cov_urb,2019,0.389
tha,sex_f,age_ythadult_yge25,geo_cov_urb,2020,1.208
tha,sex_f,age_ythadult_yge25,geo_cov_urb,2021,1.486
tha,sex_f,age_ythadult_yge25,geo_cov_urb,2022,0.811
tha,sex_f,age_ythadult_yge25,geo_cov_urb,2023,0.476
tha,sex_f,age_ythadult_yge25,geo_cov_urb,2024,0.541
tha,sex_f,age_ythadult_yge25,geo_cov_x,2013,0.082
tha,sex_m,age_aggregate_total,geo_cov_nat,2010,1.215
tha,sex_m,age_aggregate_total,geo_cov_nat,2013,0.434
tha,sex_m,age_aggregate_total,geo_cov_nat,2014,0.895
tha,sex_m,age_aggregate_total,geo_cov_nat,2015,0.928
tha,sex_m,age_aggregate_total,geo_cov_nat,2016,1.033
tha,sex_m,age_aggregate_total,geo_cov_nat,2017,1.255
tha,sex_m,age_aggregate_total,geo_cov_nat,2018,1.105
tha,sex_m,age_aggregate_total,geo_cov_nat,2019,1.049
tha,sex_m,age_aggregate_total,geo_cov_nat,2020,1.763
tha,sex_m,age_aggregate_total,geo_cov_nat,2021,1.97
tha,sex_m,age_aggregate_total,geo_cov_nat,2022,1.267
tha,sex_m,age_aggregate_total,geo_cov_nat,2023,0.944
tha,sex_m,age_aggregate_total,geo_cov_nat,2024,0.992
tha,sex_m,age_aggregate_total,geo_cov_rur,2010,1.123
tha,sex_m,age_aggregate_total,geo_cov_rur,2013,0.507
tha,sex_m,age_aggregate_total,geo_cov_rur,2014,0.823
tha,sex_m,age_aggregate_total,geo_cov_rur,2015,0.887
tha,sex_m,age_aggregate_total,geo_cov_rur,2016,0.913
tha,sex_m,age_aggregate_total,geo_cov_rur,2017,1.194
tha,sex_m,age_aggregate_total,geo_cov_rur,2018,1.069
tha,sex_m,age_aggregate_total,geo_cov_rur,2019,0.972
tha,sex_m,age_aggregate_total,geo_cov_rur,2020,1.625
tha,sex_m,age_aggregate_total,geo_cov_rur,2021,1.739
tha,sex_m,age_aggregate_total,geo_cov_rur,2022,1.153
tha,sex_m,age_aggregate_total,geo_cov_rur,2023,0.844
tha,sex_m,age_aggregate_total,geo_cov_rur,2024,0.92
tha,sex_m,age_aggregate_total,geo_cov_urb,2010,1.419
tha,sex_m,age_aggregate_total,geo_cov_urb,2013,0.567
tha,sex_m,age_aggregate_total,geo_cov_urb,2014,0.987
tha,sex_m,age_aggregate_total,geo_cov_urb,2015,0.98
tha,sex_m,age_aggregate_total,geo_cov_urb,2016,1.184
tha,sex_m,age_aggregate_total,geo_cov_urb,2017,1.33
tha,sex_m,age_aggregate_total,geo_cov_urb,2018,1.151
tha,sex_m,age_aggregate_total,geo_cov_urb,2019,1.146
tha,sex_m,age_aggregate_total,geo_cov_urb,2020,1.933
tha,sex_m,age_aggregate_total,geo_cov_urb,2021,2.255
tha,sex_m,age_aggregate_total,geo_cov_urb,2022,1.406
tha,sex_m,age_aggregate_total,geo_cov_urb,2023,1.065
tha,sex_m,age_aggregate_total,geo_cov_urb,2024,1.078
tha,sex_m,age_aggregate_total,geo_cov_x,2013,0.158
tha,sex_m,age_aggregate_y15_24,geo_cov_nat,2010,4.27
tha,sex_m,age_aggregate_y15_24,geo_cov_nat,2013,1.689
tha,sex_m,age_aggregate_y15_24,geo_cov_nat,2014,3.869
tha,sex_m,age_aggregate_y15_24,geo_cov_nat,2015,3.765
tha,sex_m,age_aggregate_y15_24,geo_cov_nat,2016,4.412
tha,sex_m,age_aggregate_y15_24,geo_cov_nat,2017,5.389
tha,sex_m,age_aggregate_y15_24,geo_cov_nat,2018,4.889
tha,sex_m,age_aggregate_y15_24,geo_cov_nat,2019,4.78
tha,sex_m,age_aggregate_y15_24,geo_cov_nat,2020,6.97
tha,sex_m,age_aggregate_y15_24,geo_cov_nat,2021,7.251
tha,sex_m,age_aggregate_y15_24,geo_cov_nat,2022,5.356
tha,sex_m,age_aggregate_y15_24,geo_cov_nat,2023,4.176
tha,sex_m,age_aggregate_y15_24,geo_cov_nat,2024,4.721
tha,sex_m,age_aggregate_y15_24,geo_cov_rur,2010,3.769
tha,sex_m,age_aggregate_y15_24,geo_cov_rur,2013,1.92
tha,sex_m,age_aggregate_y15_24,geo_cov_rur,2014,3.393
tha,sex_m,age_aggregate_y15_24,geo_cov_rur,2015,3.349
tha,sex_m,age_aggregate_y15_24,geo_cov_rur,2016,3.685
tha,sex_m,age_aggregate_y15_24,geo_cov_rur,2017,4.842
tha,sex_m,age_aggregate_y15_24,geo_cov_rur,2018,4.529
tha,sex_m,age_aggregate_y15_24,geo_cov_rur,2019,4.077
tha,sex_m,age_aggregate_y15_24,geo_cov_rur,2020,6.554
tha,sex_m,age_aggregate_y15_24,geo_cov_rur,2021,6.598
tha,sex_m,age_aggregate_y15_24,geo_cov_rur,2022,4.656
tha,sex_m,age_aggregate_y15_24,geo_cov_rur,2023,3.64
tha,sex_m,age_aggregate_y15_24,geo_cov_rur,2024,4.393
tha,sex_m,age_aggregate_y15_24,geo_cov_urb,2010,5.848
tha,sex_m,age_aggregate_y15_24,geo_cov_urb,2013,2.412
tha,sex_m,age_aggregate_y15_24,geo_cov_urb,2014,4.604
tha,sex_m,age_aggregate_y15_24,geo_cov_urb,2015,4.416
tha,sex_m,age_aggregate_y15_24,geo_cov_urb,2016,5.593
tha,sex_m,age_aggregate_y15_24,geo_cov_urb,2017,6.287
tha,sex_m,age_aggregate_y15_24,geo_cov_urb,2018,5.499
tha,sex_m,age_aggregate_y15_24,geo_cov_urb,2019,5.967
tha,sex_m,age_aggregate_y15_24,geo_cov_urb,2020,7.676
tha,sex_m,age_aggregate_y15_24,geo_cov_urb,2021,8.356
tha,sex_m,age_aggregate_y15_24,geo_cov_urb,2022,6.536
tha,sex_m,age_aggregate_y15_24,geo_cov_urb,2023,5.048
tha,sex_m,age_aggregate_y15_24,geo_cov_urb,2024,5.248
tha,sex_m,age_aggregate_y15_24,geo_cov_x,2013,0.621
tha,sex_m,age_aggregate_y25_54,geo_cov_nat,2010,0.777
tha,sex_m,age_aggregate_y25_54,geo_cov_nat,2013,0.234
tha,sex_m,age_aggregate_y25_54,geo_cov_nat,2014,0.59
tha,sex_m,age_aggregate_y25_54,geo_cov_nat,2015,0.655
tha,sex_m,age_aggregate_y25_54,geo_cov_nat,2016,0.698
tha,sex_m,age_aggregate_y25_54,geo_cov_nat,2017,0.886
tha,sex_m,age_aggregate_y25_54,geo_cov_nat,2018,0.767
tha,sex_m,age_aggregate_y25_54,geo_cov_nat,2019,0.729
tha,sex_m,age_aggregate_y25_54,geo_cov_nat,2020,1.366
tha,sex_m,age_aggregate_y25_54,geo_cov_nat,2021,1.647
tha,sex_m,age_aggregate_y25_54,geo_cov_nat,2022,0.994
tha,sex_m,age_aggregate_y25_54,geo_cov_nat,2023,0.727
tha,sex_m,age_aggregate_y25_54,geo_cov_nat,2024,0.759
tha,sex_m,age_aggregate_y25_54,geo_cov_rur,2010,0.713
tha,sex_m,age_aggregate_y25_54,geo_cov_rur,2013,0.244
tha,sex_m,age_aggregate_y25_54,geo_cov_rur,2014,0.533
tha,sex_m,age_aggregate_y25_54,geo_cov_rur,2015,0.632
tha,sex_m,age_aggregate_y25_54,geo_cov_rur,2016,0.599
tha,sex_m,age_aggregate_y25_54,geo_cov_rur,2017,0.832
tha,sex_m,age_aggregate_y25_54,geo_cov_rur,2018,0.719
tha,sex_m,age_aggregate_y25_54,geo_cov_rur,2019,0.685
tha,sex_m,age_aggregate_y25_54,geo_cov_rur,2020,1.169
tha,sex_m,age_aggregate_y25_54,geo_cov_rur,2021,1.377
tha,sex_m,age_aggregate_y25_54,geo_cov_rur,2022,0.901
tha,sex_m,age_aggregate_y25_54,geo_cov_rur,2023,0.638
tha,sex_m,age_aggregate_y25_54,geo_cov_rur,2024,0.66
tha,sex_m,age_aggregate_y25_54,geo_cov_urb,2010,0.904
tha,sex_m,age_aggregate_y25_54,geo_cov_urb,2013,0.349
tha,sex_m,age_aggregate_y25_54,geo_cov_urb,2014,0.655
tha,sex_m,age_aggregate_y25_54,geo_cov_urb,2015,0.68
tha,sex_m,age_aggregate_y25_54,geo_cov_urb,2016,0.807
tha,sex_m,age_aggregate_y25_54,geo_cov_urb,2017,0.946
tha,sex_m,age_aggregate_y25_54,geo_cov_urb,2018,0.82
tha,sex_m,age_aggregate_y25_54,geo_cov_urb,2019,0.776
tha,sex_m,age_aggregate_y25_54,geo_cov_urb,2020,1.578
tha,sex_m,age_aggregate_y25_54,geo_cov_urb,2021,1.934
tha,sex_m,age_aggregate_y25_54,geo_cov_urb,2022,1.092
tha,sex_m,age_aggregate_y25_54,geo_cov_urb,2023,0.82
tha,sex_m,age_aggregate_y25_54,geo_cov_urb,2024,0.864
tha,sex_m,age_aggregate_y25_54,geo_cov_x,2013,0.097
tha,sex_m,age_aggregate_y55_64,geo_cov_nat,2010,0.318
tha,sex_m,age_aggregate_y55_64,geo_cov_nat,2013,0.137
tha,sex_m,age_aggregate_y55_64,geo_cov_nat,2014,0.152
tha,sex_m,age_aggregate_y55_64,geo_cov_nat,2015,0.213
tha,sex_m,age_aggregate_y55_64,geo_cov_nat,2016,0.266
tha,sex_m,age_aggregate_y55_64,geo_cov_nat,2017,0.198
tha,sex_m,age_aggregate_y55_64,geo_cov_nat,2018,0.17
tha,sex_m,age_aggregate_y55_64,geo_cov_nat,2019,0.16
tha,sex_m,age_aggregate_y55_64,geo_cov_nat,2020,0.51
tha,sex_m,age_aggregate_y55_64,geo_cov_nat,2021,0.624
tha,sex_m,age_aggregate_y55_64,geo_cov_nat,2022,0.282
tha,sex_m,age_aggregate_y55_64,geo_cov_nat,2023,0.186
tha,sex_m,age_aggregate_y55_64,geo_cov_nat,2024,0.116
tha,sex_m,age_aggregate_y55_64,geo_cov_rur,2010,0.256
tha,sex_m,age_aggregate_y55_64,geo_cov_rur,2013,0.117
tha,sex_m,age_aggregate_y55_64,geo_cov_rur,2014,0.178
tha,sex_m,age_aggregate_y55_64,geo_cov_rur,2015,0.249
tha,sex_m,age_aggregate_y55_64,geo_cov_rur,2016,0.266
tha,sex_m,age_aggregate_y55_64,geo_cov_rur,2017,0.199
tha,sex_m,age_aggregate_y55_64,geo_cov_rur,2018,0.145
tha,sex_m,age_aggregate_y55_64,geo_cov_rur,2019,0.15
tha,sex_m,age_aggregate_y55_64,geo_cov_rur,2020,0.399
tha,sex_m,age_aggregate_y55_64,geo_cov_rur,2021,0.463
tha,sex_m,age_aggregate_y55_64,geo_cov_rur,2022,0.208
tha,sex_m,age_aggregate_y55_64,geo_cov_rur,2023,0.117
tha,sex_m,age_aggregate_y55_64,geo_cov_rur,2024,0.085
tha,sex_m,age_aggregate_y55_64,geo_cov_urb,2010,0.476
tha,sex_m,age_aggregate_y55_64,geo_cov_urb,2013,0.246
tha,sex_m,age_aggregate_y55_64,geo_cov_urb,2014,0.111
tha,sex_m,age_aggregate_y55_64,geo_cov_urb,2015,0.158
tha,sex_m,age_aggregate_y55_64,geo_cov_urb,2016,0.265
tha,sex_m,age_aggregate_y55_64,geo_cov_urb,2017,0.198
tha,sex_m,age_aggregate_y55_64,geo_cov_urb,2018,0.208
tha,sex_m,age_aggregate_y55_64,geo_cov_urb,2019,0.176
tha,sex_m,age_aggregate_y55_64,geo_cov_urb,2020,0.679
tha,sex_m,age_aggregate_y55_64,geo_cov_urb,2021,0.873
tha,sex_m,age_aggregate_y55_64,geo_cov_urb,2022,0.392
tha,sex_m,age_aggregate_y55_64,geo_cov_urb,2023,0.287
tha,sex_m,age_aggregate_y55_64,geo_cov_urb,2024,0.16
tha,sex_m,age_aggregate_y55_64,geo_cov_x,2013,0.076
tha,sex_m,age_aggregate_yge65,geo_cov_nat,2010,0.678
tha,sex_m,age_aggregate_yge65,geo_cov_nat,2013,0.71
tha,sex_m,age_aggregate_yge65,geo_cov_nat,2014,0.096
tha,sex_m,age_aggregate_yge65,geo_cov_nat,2015,0.142
tha,sex_m,age_aggregate_yge65,geo_cov_nat,2016,0.138
tha,sex_m,age_aggregate_yge65,geo_cov_nat,2017,0.135
tha,sex_m,age_aggregate_yge65,geo_cov_nat,2018,0.064
tha,sex_m,age_aggregate_yge65,geo_cov_nat,2019,0.12
tha,sex_m,age_aggregate_yge65,geo_cov_nat,2020,0.195
tha,sex_m,age_aggregate_yge65,geo_cov_nat,2021,0.203
tha,sex_m,age_aggregate_yge65,geo_cov_nat,2022,0.097
tha,sex_m,age_aggregate_yge65,geo_cov_nat,2023,0.09
tha,sex_m,age_aggregate_yge65,geo_cov_nat,2024,0.071
tha,sex_m,age_aggregate_yge65,geo_cov_rur,2010,0.433
tha,sex_m,age_aggregate_yge65,geo_cov_rur,2013,0.963
tha,sex_m,age_aggregate_yge65,geo_cov_rur,2014,0.077
tha,sex_m,age_aggregate_yge65,geo_cov_rur,2015,0.083
tha,sex_m,age_aggregate_yge65,geo_cov_rur,2016,0.147
tha,sex_m,age_aggregate_yge65,geo_cov_rur,2017,0.139
tha,sex_m,age_aggregate_yge65,geo_cov_rur,2018,0.05
tha,sex_m,age_aggregate_yge65,geo_cov_rur,2019,0.055
tha,sex_m,age_aggregate_yge65,geo_cov_rur,2020,0.231
tha,sex_m,age_aggregate_yge65,geo_cov_rur,2021,0.19
tha,sex_m,age_aggregate_yge65,geo_cov_rur,2022,0.062
tha,sex_m,age_aggregate_yge65,geo_cov_rur,2023,0.072
tha,sex_m,age_aggregate_yge65,geo_cov_rur,2024,0.048
tha,sex_m,age_aggregate_yge65,geo_cov_urb,2010,1.5
tha,sex_m,age_aggregate_yge65,geo_cov_urb,2013,0.979
tha,sex_m,age_aggregate_yge65,geo_cov_urb,2014,0.133
tha,sex_m,age_aggregate_yge65,geo_cov_urb,2015,0.262
tha,sex_m,age_aggregate_yge65,geo_cov_urb,2016,0.118
tha,sex_m,age_aggregate_yge65,geo_cov_urb,2017,0.126
tha,sex_m,age_aggregate_yge65,geo_cov_urb,2018,0.092
tha,sex_m,age_aggregate_yge65,geo_cov_urb,2019,0.252
tha,sex_m,age_aggregate_yge65,geo_cov_urb,2020,0.122
tha,sex_m,age_aggregate_yge65,geo_cov_urb,2021,0.229
tha,sex_m,age_aggregate_yge65,geo_cov_urb,2022,0.164
tha,sex_m,age_aggregate_yge65,geo_cov_urb,2023,0.121
tha,sex_m,age_aggregate_yge65,geo_cov_urb,2024,0.114
tha,sex_m,age_ythadult_y15_24,geo_cov_nat,2010,4.27
tha,sex_m,age_ythadult_y15_24,geo_cov_nat,2013,1.689
tha,sex_m,age_ythadult_y15_24,geo_cov_nat,2014,3.869
tha,sex_m,age_ythadult_y15_24,geo_cov_nat,2015,3.765
tha,sex_m,age_ythadult_y15_24,geo_cov_nat,2016,4.412
tha,sex_m,age_ythadult_y15_24,geo_cov_nat,2017,5.389
tha,sex_m,age_ythadult_y15_24,geo_cov_nat,2018,4.889
tha,sex_m,age_ythadult_y15_24,geo_cov_nat,2019,4.78
tha,sex_m,age_ythadult_y15_24,geo_cov_nat,2020,6.97
tha,sex_m,age_ythadult_y15_24,geo_cov_nat,2021,7.251
tha,sex_m,age_ythadult_y15_24,geo_cov_nat,2022,5.356
tha,sex_m,age_ythadult_y15_24,geo_cov_nat,2023,4.176
tha,sex_m,age_ythadult_y15_24,geo_cov_nat,2024,4.721
tha,sex_m,age_ythadult_y15_24,geo_cov_rur,2010,3.769
tha,sex_m,age_ythadult_y15_24,geo_cov_rur,2013,1.92
tha,sex_m,age_ythadult_y15_24,geo_cov_rur,2014,3.393
tha,sex_m,age_ythadult_y15_24,geo_cov_rur,2015,3.349
tha,sex_m,age_ythadult_y15_24,geo_cov_rur,2016,3.685
tha,sex_m,age_ythadult_y15_24,geo_cov_rur,2017,4.842
tha,sex_m,age_ythadult_y15_24,geo_cov_rur,2018,4.529
tha,sex_m,age_ythadult_y15_24,geo_cov_rur,2019,4.077
tha,sex_m,age_ythadult_y15_24,geo_cov_rur,2020,6.554
tha,sex_m,age_ythadult_y15_24,geo_cov_rur,2021,6.598
tha,sex_m,age_ythadult_y15_24,geo_cov_rur,2022,4.656
tha,sex_m,age_ythadult_y15_24,geo_cov_rur,2023,3.64
tha,sex_m,age_ythadult_y15_24,geo_cov_rur,2024,4.393
tha,sex_m,age_ythadult_y15_24,geo_cov_urb,2010,5.848
tha,sex_m,age_ythadult_y15_24,geo_cov_urb,2013,2.412
tha,sex_m,age_ythadult_y15_24,geo_cov_urb,2014,4.604
tha,sex_m,age_ythadult_y15_24,geo_cov_urb,2015,4.416
tha,sex_m,age_ythadult_y15_24,geo_cov_urb,2016,5.593
tha,sex_m,age_ythadult_y15_24,geo_cov_urb,2017,6.287
tha,sex_m,age_ythadult_y15_24,geo_cov_urb,2018,5.499
tha,sex_m,age_ythadult_y15_24,geo_cov_urb,2019,5.967
tha,sex_m,age_ythadult_y15_24,geo_cov_urb,2020,7.676
tha,sex_m,age_ythadult_y15_24,geo_cov_urb,2021,8.356
tha,sex_m,age_ythadult_y15_24,geo_cov_urb,2022,6.536
tha,sex_m,age_ythadult_y15_24,geo_cov_urb,2023,5.048
tha,sex_m,age_ythadult_y15_24,geo_cov_urb,2024,5.248
tha,sex_m,age_ythadult_y15_24,geo_cov_x,2013,0.621
tha,sex_m,age_ythadult_y15_64,geo_cov_nat,2010,1.239
tha,sex_m,age_ythadult_y15_64,geo_cov_nat,2013,0.421
tha,sex_m,age_ythadult_y15_64,geo_cov_nat,2014,0.937
tha,sex_m,age_ythadult_y15_64,geo_cov_nat,2015,0.971
tha,sex_m,age_ythadult_y15_64,geo_cov_nat,2016,1.084
tha,sex_m,age_ythadult_y15_64,geo_cov_nat,2017,1.32
tha,sex_m,age_ythadult_y15_64,geo_cov_nat,2018,1.169
tha,sex_m,age_ythadult_y15_64,geo_cov_nat,2019,1.106
tha,sex_m,age_ythadult_y15_64,geo_cov_nat,2020,1.868
tha,sex_m,age_ythadult_y15_64,geo_cov_nat,2021,2.096
tha,sex_m,age_ythadult_y15_64,geo_cov_nat,2022,1.344
tha,sex_m,age_ythadult_y15_64,geo_cov_nat,2023,1.004
tha,sex_m,age_ythadult_y15_64,geo_cov_nat,2024,1.055
tha,sex_m,age_ythadult_y15_64,geo_cov_rur,2010,1.157
tha,sex_m,age_ythadult_y15_64,geo_cov_rur,2013,0.485
tha,sex_m,age_ythadult_y15_64,geo_cov_rur,2014,0.87
tha,sex_m,age_ythadult_y15_64,geo_cov_rur,2015,0.94
tha,sex_m,age_ythadult_y15_64,geo_cov_rur,2016,0.966
tha,sex_m,age_ythadult_y15_64,geo_cov_rur,2017,1.27
tha,sex_m,age_ythadult_y15_64,geo_cov_rur,2018,1.145
tha,sex_m,age_ythadult_y15_64,geo_cov_rur,2019,1.04
tha,sex_m,age_ythadult_y15_64,geo_cov_rur,2020,1.741
tha,sex_m,age_ythadult_y15_64,geo_cov_rur,2021,1.874
tha,sex_m,age_ythadult_y15_64,geo_cov_rur,2022,1.241
tha,sex_m,age_ythadult_y15_64,geo_cov_rur,2023,0.909
tha,sex_m,age_ythadult_y15_64,geo_cov_rur,2024,0.992
tha,sex_m,age_ythadult_y15_64,geo_cov_urb,2010,1.416
tha,sex_m,age_ythadult_y15_64,geo_cov_urb,2013,0.553
tha,sex_m,age_ythadult_y15_64,geo_cov_urb,2014,1.02
tha,sex_m,age_ythadult_y15_64,geo_cov_urb,2015,1.008
tha,sex_m,age_ythadult_y15_64,geo_cov_urb,2016,1.226
tha,sex_m,age_ythadult_y15_64,geo_cov_urb,2017,1.381
tha,sex_m,age_ythadult_y15_64,geo_cov_urb,2018,1.198
tha,sex_m,age_ythadult_y15_64,geo_cov_urb,2019,1.186
tha,sex_m,age_ythadult_y15_64,geo_cov_urb,2020,2.021
tha,sex_m,age_ythadult_y15_64,geo_cov_urb,2021,2.362
tha,sex_m,age_ythadult_y15_64,geo_cov_urb,2022,1.467
tha,sex_m,age_ythadult_y15_64,geo_cov_urb,2023,1.115
tha,sex_m,age_ythadult_y15_64,geo_cov_urb,2024,1.128
tha,sex_m,age_ythadult_yge15,geo_cov_nat,2010,1.215
tha,sex_m,age_ythadult_yge15,geo_cov_nat,2013,0.434
tha,sex_m,age_ythadult_yge15,geo_cov_nat,2014,0.895
tha,sex_m,age_ythadult_yge15,geo_cov_nat,2015,0.928
tha,sex_m,age_ythadult_yge15,geo_cov_nat,2016,1.033
tha,sex_m,age_ythadult_yge15,geo_cov_nat,2017,1.255
tha,sex_m,age_ythadult_yge15,geo_cov_nat,2018,1.105
tha,sex_m,age_ythadult_yge15,geo_cov_nat,2019,1.049
tha,sex_m,age_ythadult_yge15,geo_cov_nat,2020,1.763
tha,sex_m,age_ythadult_yge15,geo_cov_nat,2021,1.97
tha,sex_m,age_ythadult_yge15,geo_cov_nat,2022,1.267
tha,sex_m,age_ythadult_yge15,geo_cov_nat,2023,0.944
tha,sex_m,age_ythadult_yge15,geo_cov_nat,2024,0.992
tha,sex_m,age_ythadult_yge15,geo_cov_rur,2010,1.123
tha,sex_m,age_ythadult_yge15,geo_cov_rur,2013,0.507
tha,sex_m,age_ythadult_yge15,geo_cov_rur,2014,0.823
tha,sex_m,age_ythadult_yge15,geo_cov_rur,2015,0.887
tha,sex_m,age_ythadult_yge15,geo_cov_rur,2016,0.913
tha,sex_m,age_ythadult_yge15,geo_cov_rur,2017,1.194
tha,sex_m,age_ythadult_yge15,geo_cov_rur,2018,1.069
tha,sex_m,age_ythadult_yge15,geo_cov_rur,2019,0.972
tha,sex_m,age_ythadult_yge15,geo_cov_rur,2020,1.625
tha,sex_m,age_ythadult_yge15,geo_cov_rur,2021,1.739
tha,sex_m,age_ythadult_yge15,geo_cov_rur,2022,1.153
tha,sex_m,age_ythadult_yge15,geo_cov_rur,2023,0.844
tha,sex_m,age_ythadult_yge15,geo_cov_rur,2024,0.92
tha,sex_m,age_ythadult_yge15,geo_cov_urb,2010,1.419
tha,sex_m,age_ythadult_yge15,geo_cov_urb,2013,0.567
tha,sex_m,age_ythadult_yge15,geo_cov_urb,2014,0.987
tha,sex_m,age_ythadult_yge15,geo_cov_urb,2015,0.98
tha,sex_m,age_ythadult_yge15,geo_cov_urb,2016,1.184
tha,sex_m,age_ythadult_yge15,geo_cov_urb,2017,1.33
tha,sex_m,age_ythadult_yge15,geo_cov_urb,2018,1.151
tha,sex_m,age_ythadult_yge15,geo_cov_urb,2019,1.146
tha,sex_m,age_ythadult_yge15,geo_cov_urb,2020,1.933
tha,sex_m,age_ythadult_yge15,geo_cov_urb,2021,2.255
tha,sex_m,age_ythadult_yge15,geo_cov_urb,2022,1.406
tha,sex_m,age_ythadult_yge15,geo_cov_urb,2023,1.065
tha,sex_m,age_ythadult_yge15,geo_cov_urb,2024,1.078
tha,sex_m,age_ythadult_yge15,geo_cov_x,2013,0.158
tha,sex_m,age_ythadult_yge25,geo_cov_nat,2010,0.711
tha,sex_m,age_ythadult_yge25,geo_cov_nat,2013,0.243
tha,sex_m,age_ythadult_yge25,geo_cov_nat,2014,0.492
tha,sex_m,age_ythadult_yge25,geo_cov_nat,2015,0.553
tha,sex_m,age_ythadult_yge25,geo_cov_nat,2016,0.592
tha,sex_m,age_ythadult_yge25,geo_cov_nat,2017,0.723
tha,sex_m,age_ythadult_yge25,geo_cov_nat,2018,0.618
tha,sex_m,age_ythadult_yge25,geo_cov_nat,2019,0.589
tha,sex_m,age_ythadult_yge25,geo_cov_nat,2020,1.129
tha,sex_m,age_ythadult_yge25,geo_cov_nat,2021,1.351
tha,sex_m,age_ythadult_yge25,geo_cov_nat,2022,0.803
tha,sex_m,age_ythadult_yge25,geo_cov_nat,2023,0.58
tha,sex_m,age_ythadult_yge25,geo_cov_nat,2024,0.586
tha,sex_m,age_ythadult_yge25,geo_cov_rur,2010,0.632
tha,sex_m,age_ythadult_yge25,geo_cov_rur,2013,0.264
tha,sex_m,age_ythadult_yge25,geo_cov_rur,2014,0.439
tha,sex_m,age_ythadult_yge25,geo_cov_rur,2015,0.524
tha,sex_m,age_ythadult_yge25,geo_cov_rur,2016,0.504
tha,sex_m,age_ythadult_yge25,geo_cov_rur,2017,0.66
tha,sex_m,age_ythadult_yge25,geo_cov_rur,2018,0.555
tha,sex_m,age_ythadult_yge25,geo_cov_rur,2019,0.529
tha,sex_m,age_ythadult_yge25,geo_cov_rur,2020,0.934
tha,sex_m,age_ythadult_yge25,geo_cov_rur,2021,1.08
tha,sex_m,age_ythadult_yge25,geo_cov_rur,2022,0.692
tha,sex_m,age_ythadult_yge25,geo_cov_rur,2023,0.482
tha,sex_m,age_ythadult_yge25,geo_cov_rur,2024,0.487
tha,sex_m,age_ythadult_yge25,geo_cov_urb,2010,0.875
tha,sex_m,age_ythadult_yge25,geo_cov_urb,2013,0.358
tha,sex_m,age_ythadult_yge25,geo_cov_urb,2014,0.558
tha,sex_m,age_ythadult_yge25,geo_cov_urb,2015,0.589
tha,sex_m,age_ythadult_yge25,geo_cov_urb,2016,0.699
tha,sex_m,age_ythadult_yge25,geo_cov_urb,2017,0.799
tha,sex_m,age_ythadult_yge25,geo_cov_urb,2018,0.693
tha,sex_m,age_ythadult_yge25,geo_cov_urb,2019,0.66
tha,sex_m,age_ythadult_yge25,geo_cov_urb,2020,1.363
tha,sex_m,age_ythadult_yge25,geo_cov_urb,2021,1.673
tha,sex_m,age_ythadult_yge25,geo_cov_urb,2022,0.934
tha,sex_m,age_ythadult_yge25,geo_cov_urb,2023,0.695
tha,sex_m,age_ythadult_yge25,geo_cov_urb,2024,0.701
tha,sex_m,age_ythadult_yge25,geo_cov_x,2013,0.089
tha,sex_t,age_aggregate_total,geo_cov_nat,2010,1.256
tha,sex_t,age_aggregate_total,geo_cov_nat,2013,0.481
tha,sex_t,age_aggregate_total,geo_cov_nat,2014,0.855
tha,sex_t,age_aggregate_total,geo_cov_nat,2015,0.905
tha,sex_t,age_aggregate_total,geo_cov_nat,2016,1.017
tha,sex_t,age_aggregate_total,geo_cov_nat,2017,1.209
tha,sex_t,age_aggregate_total,geo_cov_nat,2018,1.08
tha,sex_t,age_aggregate_total,geo_cov_nat,2019,1.009
tha,sex_t,age_aggregate_total,geo_cov_nat,2020,1.727
tha,sex_t,age_aggregate_total,geo_cov_nat,2021,1.97
tha,sex_t,age_aggregate_total,geo_cov_nat,2022,1.343
tha,sex_t,age_aggregate_total,geo_cov_nat,2023,0.997
tha,sex_t,age_aggregate_total,geo_cov_nat,2024,1.016
tha,sex_t,age_aggregate_total,geo_cov_rur,2010,1.202
tha,sex_t,age_aggregate_total,geo_cov_rur,2013,0.564
tha,sex_t,age_aggregate_total,geo_cov_rur,2014,0.834
tha,sex_t,age_aggregate_total,geo_cov_rur,2015,0.878
tha,sex_t,age_aggregate_total,geo_cov_rur,2016,0.982
tha,sex_t,age_aggregate_total,geo_cov_rur,2017,1.213
tha,sex_t,age_aggregate_total,geo_cov_rur,2018,1.081
tha,sex_t,age_aggregate_total,geo_cov_rur,2019,1.016
tha,sex_t,age_aggregate_total,geo_cov_rur,2020,1.623
tha,sex_t,age_aggregate_total,geo_cov_rur,2021,1.776
tha,sex_t,age_aggregate_total,geo_cov_rur,2022,1.295
tha,sex_t,age_aggregate_total,geo_cov_rur,2023,0.957
tha,sex_t,age_aggregate_total,geo_cov_rur,2024,0.969
tha,sex_t,age_aggregate_total,geo_cov_urb,2010,1.368
tha,sex_t,age_aggregate_total,geo_cov_urb,2013,0.629
tha,sex_t,age_aggregate_total,geo_cov_urb,2014,0.88
tha,sex_t,age_aggregate_total,geo_cov_urb,2015,0.939
tha,sex_t,age_aggregate_total,geo_cov_urb,2016,1.058
tha,sex_t,age_aggregate_total,geo_cov_urb,2017,1.205
tha,sex_t,age_aggregate_total,geo_cov_urb,2018,1.078
tha,sex_t,age_aggregate_total,geo_cov_urb,2019,1.001
tha,sex_t,age_aggregate_total,geo_cov_urb,2020,1.852
tha,sex_t,age_aggregate_total,geo_cov_urb,2021,2.2
tha,sex_t,age_aggregate_total,geo_cov_urb,2022,1.397
tha,sex_t,age_aggregate_total,geo_cov_urb,2023,1.042
tha,sex_t,age_aggregate_total,geo_cov_urb,2024,1.071
tha,sex_t,age_aggregate_total,geo_cov_x,2013,0.168
tha,sex_t,age_aggregate_y15_24,geo_cov_nat,2010,4.589
tha,sex_t,age_aggregate_y15_24,geo_cov_nat,2013,2.009
tha,sex_t,age_aggregate_y15_24,geo_cov_nat,2014,4.339
tha,sex_t,age_aggregate_y15_24,geo_cov_nat,2015,4.269
tha,sex_t,age_aggregate_y15_24,geo_cov_nat,2016,5.034
tha,sex_t,age_aggregate_y15_24,geo_cov_nat,2017,5.993
tha,sex_t,age_aggregate_y15_24,geo_cov_nat,2018,5.411
tha,sex_t,age_aggregate_y15_24,geo_cov_nat,2019,5.482
tha,sex_t,age_aggregate_y15_24,geo_cov_nat,2020,7.506
tha,sex_t,age_aggregate_y15_24,geo_cov_nat,2021,8.372
tha,sex_t,age_aggregate_y15_24,geo_cov_nat,2022,6.659
tha,sex_t,age_aggregate_y15_24,geo_cov_nat,2023,5.501
tha,sex_t,age_aggregate_y15_24,geo_cov_nat,2024,5.637
tha,sex_t,age_aggregate_y15_24,geo_cov_rur,2010,4.211
tha,sex_t,age_aggregate_y15_24,geo_cov_rur,2013,2.247
tha,sex_t,age_aggregate_y15_24,geo_cov_rur,2014,4.166
tha,sex_t,age_aggregate_y15_24,geo_cov_rur,2015,4.067
tha,sex_t,age_aggregate_y15_24,geo_cov_rur,2016,4.811
tha,sex_t,age_aggregate_y15_24,geo_cov_rur,2017,5.923
tha,sex_t,age_aggregate_y15_24,geo_cov_rur,2018,5.123
tha,sex_t,age_aggregate_y15_24,geo_cov_rur,2019,5.192
tha,sex_t,age_aggregate_y15_24,geo_cov_rur,2020,7.267
tha,sex_t,age_aggregate_y15_24,geo_cov_rur,2021,7.899
tha,sex_t,age_aggregate_y15_24,geo_cov_rur,2022,6.258
tha,sex_t,age_aggregate_y15_24,geo_cov_rur,2023,5.086
tha,sex_t,age_aggregate_y15_24,geo_cov_rur,2024,5.221
tha,sex_t,age_aggregate_y15_24,geo_cov_urb,2010,5.674
tha,sex_t,age_aggregate_y15_24,geo_cov_urb,2013,2.833
tha,sex_t,age_aggregate_y15_24,geo_cov_urb,2014,4.577
tha,sex_t,age_aggregate_y15_24,geo_cov_urb,2015,4.551
tha,sex_t,age_aggregate_y15_24,geo_cov_urb,2016,5.358
tha,sex_t,age_aggregate_y15_24,geo_cov_urb,2017,6.098
tha,sex_t,age_aggregate_y15_24,geo_cov_urb,2018,5.862
tha,sex_t,age_aggregate_y15_24,geo_cov_urb,2019,5.93
tha,sex_t,age_aggregate_y15_24,geo_cov_urb,2020,7.877
tha,sex_t,age_aggregate_y15_24,geo_cov_urb,2021,9.113
tha,sex_t,age_aggregate_y15_24,geo_cov_urb,2022,7.253
tha,sex_t,age_aggregate_y15_24,geo_cov_urb,2023,6.114
tha,sex_t,age_aggregate_y15_24,geo_cov_urb,2024,6.249
tha,sex_t,age_aggregate_y15_24,geo_cov_x,2013,0.805
tha,sex_t,age_aggregate_y25_54,geo_cov_nat,2010,0.784
tha,sex_t,age_aggregate_y25_54,geo_cov_nat,2013,0.253
tha,sex_t,age_aggregate_y25_54,geo_cov_nat,2014,0.503
tha,sex_t,age_aggregate_y25_54,geo_cov_nat,2015,0.587
tha,sex_t,age_aggregate_y25_54,geo_cov_nat,2016,0.632
tha,sex_t,age_aggregate_y25_54,geo_cov_nat,2017,0.783
tha,sex_t,age_aggregate_y25_54,geo_cov_nat,2018,0.702
tha,sex_t,age_aggregate_y25_54,geo_cov_nat,2019,0.616
tha,sex_t,age_aggregate_y25_54,geo_cov_nat,2020,1.312
tha,sex_t,age_aggregate_y25_54,geo_cov_nat,2021,1.561
tha,sex_t,age_aggregate_y25_54,geo_cov_nat,2022,0.971
tha,sex_t,age_aggregate_y25_54,geo_cov_nat,2023,0.658
tha,sex_t,age_aggregate_y25_54,geo_cov_nat,2024,0.698
tha,sex_t,age_aggregate_y25_54,geo_cov_rur,2010,0.743
tha,sex_t,age_aggregate_y25_54,geo_cov_rur,2013,0.277
tha,sex_t,age_aggregate_y25_54,geo_cov_rur,2014,0.477
tha,sex_t,age_aggregate_y25_54,geo_cov_rur,2015,0.553
tha,sex_t,age_aggregate_y25_54,geo_cov_rur,2016,0.569
tha,sex_t,age_aggregate_y25_54,geo_cov_rur,2017,0.738
tha,sex_t,age_aggregate_y25_54,geo_cov_rur,2018,0.694
tha,sex_t,age_aggregate_y25_54,geo_cov_rur,2019,0.608
tha,sex_t,age_aggregate_y25_54,geo_cov_rur,2020,1.145
tha,sex_t,age_aggregate_y25_54,geo_cov_rur,2021,1.308
tha,sex_t,age_aggregate_y25_54,geo_cov_rur,2022,0.917
tha,sex_t,age_aggregate_y25_54,geo_cov_rur,2023,0.611
tha,sex_t,age_aggregate_y25_54,geo_cov_rur,2024,0.646
tha,sex_t,age_aggregate_y25_54,geo_cov_urb,2010,0.863
tha,sex_t,age_aggregate_y25_54,geo_cov_urb,2013,0.354
tha,sex_t,age_aggregate_y25_54,geo_cov_urb,2014,0.533
tha,sex_t,age_aggregate_y25_54,geo_cov_urb,2015,0.624
tha,sex_t,age_aggregate_y25_54,geo_cov_urb,2016,0.701
tha,sex_t,age_aggregate_y25_54,geo_cov_urb,2017,0.831
tha,sex_t,age_aggregate_y25_54,geo_cov_urb,2018,0.71
tha,sex_t,age_aggregate_y25_54,geo_cov_urb,2019,0.624
tha,sex_t,age_aggregate_y25_54,geo_cov_urb,2020,1.488
tha,sex_t,age_aggregate_y25_54,geo_cov_urb,2021,1.823
tha,sex_t,age_aggregate_y25_54,geo_cov_urb,2022,1.027
tha,sex_t,age_aggregate_y25_54,geo_cov_urb,2023,0.705
tha,sex_t,age_aggregate_y25_54,geo_cov_urb,2024,0.751
tha,sex_t,age_aggregate_y25_54,geo_cov_x,2013,0.099
tha,sex_t,age_aggregate_y55_64,geo_cov_nat,2010,0.441
tha,sex_t,age_aggregate_y55_64,geo_cov_nat,2013,0.171
tha,sex_t,age_aggregate_y55_64,geo_cov_nat,2014,0.145
tha,sex_t,age_aggregate_y55_64,geo_cov_nat,2015,0.187
tha,sex_t,age_aggregate_y55_64,geo_cov_nat,2016,0.219
tha,sex_t,age_aggregate_y55_64,geo_cov_nat,2017,0.186
tha,sex_t,age_aggregate_y55_64,geo_cov_nat,2018,0.167
tha,sex_t,age_aggregate_y55_64,geo_cov_nat,2019,0.154
tha,sex_t,age_aggregate_y55_64,geo_cov_nat,2020,0.465
tha,sex_t,age_aggregate_y55_64,geo_cov_nat,2021,0.584
tha,sex_t,age_aggregate_y55_64,geo_cov_nat,2022,0.272
tha,sex_t,age_aggregate_y55_64,geo_cov_nat,2023,0.162
tha,sex_t,age_aggregate_y55_64,geo_cov_nat,2024,0.147
tha,sex_t,age_aggregate_y55_64,geo_cov_rur,2010,0.378
tha,sex_t,age_aggregate_y55_64,geo_cov_rur,2013,0.159
tha,sex_t,age_aggregate_y55_64,geo_cov_rur,2014,0.159
tha,sex_t,age_aggregate_y55_64,geo_cov_rur,2015,0.215
tha,sex_t,age_aggregate_y55_64,geo_cov_rur,2016,0.233
tha,sex_t,age_aggregate_y55_64,geo_cov_rur,2017,0.179
tha,sex_t,age_aggregate_y55_64,geo_cov_rur,2018,0.15
tha,sex_t,age_aggregate_y55_64,geo_cov_rur,2019,0.165
tha,sex_t,age_aggregate_y55_64,geo_cov_rur,2020,0.366
tha,sex_t,age_aggregate_y55_64,geo_cov_rur,2021,0.437
tha,sex_t,age_aggregate_y55_64,geo_cov_rur,2022,0.233
tha,sex_t,age_aggregate_y55_64,geo_cov_rur,2023,0.142
tha,sex_t,age_aggregate_y55_64,geo_cov_rur,2024,0.094
tha,sex_t,age_aggregate_y55_64,geo_cov_urb,2010,0.596
tha,sex_t,age_aggregate_y55_64,geo_cov_urb,2013,0.339
tha,sex_t,age_aggregate_y55_64,geo_cov_urb,2014,0.122
tha,sex_t,age_aggregate_y55_64,geo_cov_urb,2015,0.144
tha,sex_t,age_aggregate_y55_64,geo_cov_urb,2016,0.196
tha,sex_t,age_aggregate_y55_64,geo_cov_urb,2017,0.196
tha,sex_t,age_aggregate_y55_64,geo_cov_urb,2018,0.193
tha,sex_t,age_aggregate_y55_64,geo_cov_urb,2019,0.139
tha,sex_t,age_aggregate_y55_64,geo_cov_urb,2020,0.612
tha,sex_t,age_aggregate_y55_64,geo_cov_urb,2021,0.807
tha,sex_t,age_aggregate_y55_64,geo_cov_urb,2022,0.328
tha,sex_t,age_aggregate_y55_64,geo_cov_urb,2023,0.19
tha,sex_t,age_aggregate_y55_64,geo_cov_urb,2024,0.22
tha,sex_t,age_aggregate_y55_64,geo_cov_x,2013,0.042
tha,sex_t,age_aggregate_yge65,geo_cov_nat,2010,1.239
tha,sex_t,age_aggregate_yge65,geo_cov_nat,2013,1.08
tha,sex_t,age_aggregate_yge65,geo_cov_nat,2014,0.106
tha,sex_t,age_aggregate_yge65,geo_cov_nat,2015,0.183
tha,sex_t,age_aggregate_yge65,geo_cov_nat,2016,0.128
tha,sex_t,age_aggregate_yge65,geo_cov_nat,2017,0.17
tha,sex_t,age_aggregate_yge65,geo_cov_nat,2018,0.089
tha,sex_t,age_aggregate_yge65,geo_cov_nat,2019,0.135
tha,sex_t,age_aggregate_yge65,geo_cov_nat,2020,0.192
tha,sex_t,age_aggregate_yge65,geo_cov_nat,2021,0.199
tha,sex_t,age_aggregate_yge65,geo_cov_nat,2022,0.13
tha,sex_t,age_aggregate_yge65,geo_cov_nat,2023,0.101
tha,sex_t,age_aggregate_yge65,geo_cov_nat,2024,0.086
tha,sex_t,age_aggregate_yge65,geo_cov_rur,2010,0.955
tha,sex_t,age_aggregate_yge65,geo_cov_rur,2013,1.343
tha,sex_t,age_aggregate_yge65,geo_cov_rur,2014,0.108
tha,sex_t,age_aggregate_yge65,geo_cov_rur,2015,0.132
tha,sex_t,age_aggregate_yge65,geo_cov_rur,2016,0.144
tha,sex_t,age_aggregate_yge65,geo_cov_rur,2017,0.196
tha,sex_t,age_aggregate_yge65,geo_cov_rur,2018,0.079
tha,sex_t,age_aggregate_yge65,geo_cov_rur,2019,0.102
tha,sex_t,age_aggregate_yge65,geo_cov_rur,2020,0.203
tha,sex_t,age_aggregate_yge65,geo_cov_rur,2021,0.162
tha,sex_t,age_aggregate_yge65,geo_cov_rur,2022,0.108
tha,sex_t,age_aggregate_yge65,geo_cov_rur,2023,0.09
tha,sex_t,age_aggregate_yge65,geo_cov_rur,2024,0.087
tha,sex_t,age_aggregate_yge65,geo_cov_urb,2010,2.121
tha,sex_t,age_aggregate_yge65,geo_cov_urb,2013,1.783
tha,sex_t,age_aggregate_yge65,geo_cov_urb,2014,0.102
tha,sex_t,age_aggregate_yge65,geo_cov_urb,2015,0.283
tha,sex_t,age_aggregate_yge65,geo_cov_urb,2016,0.095
tha,sex_t,age_aggregate_yge65,geo_cov_urb,2017,0.12
tha,sex_t,age_aggregate_yge65,geo_cov_urb,2018,0.109
tha,sex_t,age_aggregate_yge65,geo_cov_urb,2019,0.198
tha,sex_t,age_aggregate_yge65,geo_cov_urb,2020,0.172
tha,sex_t,age_aggregate_yge65,geo_cov_urb,2021,0.267
tha,sex_t,age_aggregate_yge65,geo_cov_urb,2022,0.167
tha,sex_t,age_aggregate_yge65,geo_cov_urb,2023,0.12
tha,sex_t,age_aggregate_yge65,geo_cov_urb,2024,0.084
tha,sex_t,age_ythadult_y15_24,geo_cov_nat,2010,4.589
tha,sex_t,age_ythadult_y15_24,geo_cov_nat,2013,2.009
tha,sex_t,age_ythadult_y15_24,geo_cov_nat,2014,4.339
tha,sex_t,age_ythadult_y15_24,geo_cov_nat,2015,4.269
tha,sex_t,age_ythadult_y15_24,geo_cov_nat,2016,5.034
tha,sex_t,age_ythadult_y15_24,geo_cov_nat,2017,5.993
tha,sex_t,age_ythadult_y15_24,geo_cov_nat,2018,5.411
tha,sex_t,age_ythadult_y15_24,geo_cov_nat,2019,5.482
tha,sex_t,age_ythadult_y15_24,geo_cov_nat,2020,7.506
tha,sex_t,age_ythadult_y15_24,geo_cov_nat,2021,8.372
tha,sex_t,age_ythadult_y15_24,geo_cov_nat,2022,6.659
tha,sex_t,age_ythadult_y15_24,geo_cov_nat,2023,5.501
tha,sex_t,age_ythadult_y15_24,geo_cov_nat,2024,5.637
tha,sex_t,age_ythadult_y15_24,geo_cov_rur,2010,4.211
tha,sex_t,age_ythadult_y15_24,geo_cov_rur,2013,2.247
tha,sex_t,age_ythadult_y15_24,geo_cov_rur,2014,4.166
tha,sex_t,age_ythadult_y15_24,geo_cov_rur,2015,4.067
tha,sex_t,age_ythadult_y15_24,geo_cov_rur,2016,4.811
tha,sex_t,age_ythadult_y15_24,geo_cov_rur,2017,5.923
tha,sex_t,age_ythadult_y15_24,geo_cov_rur,2018,5.123
tha,sex_t,age_ythadult_y15_24,geo_cov_rur,2019,5.192
tha,sex_t,age_ythadult_y15_24,geo_cov_rur,2020,7.267
tha,sex_t,age_ythadult_y15_24,geo_cov_rur,2021,7.899
tha,sex_t,age_ythadult_y15_24,geo_cov_rur,2022,6.258
tha,sex_t,age_ythadult_y15_24,geo_cov_rur,2023,5.086
tha,sex_t,age_ythadult_y15_24,geo_cov_rur,2024,5.221
tha,sex_t,age_ythadult_y15_24,geo_cov_urb,2010,5.674
tha,sex_t,age_ythadult_y15_24,geo_cov_urb,2013,2.833
tha,sex_t,age_ythadult_y15_24,geo_cov_urb,2014,4.577
tha,sex_t,age_ythadult_y15_24,geo_cov_urb,2015,4.551
tha,sex_t,age_ythadult_y15_24,geo_cov_urb,2016,5.358
tha,sex_t,age_ythadult_y15_24,geo_cov_urb,2017,6.098
tha,sex_t,age_ythadult_y15_24,geo_cov_urb,2018,5.862
tha,sex_t,age_ythadult_y15_24,geo_cov_urb,2019,5.93
tha,sex_t,age_ythadult_y15_24,geo_cov_urb,2020,7.877
tha,sex_t,age_ythadult_y15_24,geo_cov_urb,2021,9.113
tha,sex_t,age_ythadult_y15_24,geo_cov_urb,2022,7.253
tha,sex_t,age_ythadult_y15_24,geo_cov_urb,2023,6.114
tha,sex_t,age_ythadult_y15_24,geo_cov_urb,2024,6.249
tha,sex_t,age_ythadult_y15_24,geo_cov_x,2013,0.805
tha,sex_t,age_ythadult_y15_64,geo_cov_nat,2010,1.257
tha,sex_t,age_ythadult_y15_64,geo_cov_nat,2013,0.456
tha,sex_t,age_ythadult_y15_64,geo_cov_nat,2014,0.889
tha,sex_t,age_ythadult_y15_64,geo_cov_nat,2015,0.94
tha,sex_t,age_ythadult_y15_64,geo_cov_nat,2016,1.061
tha,sex_t,age_ythadult_y15_64,geo_cov_nat,2017,1.262
tha,sex_t,age_ythadult_y15_64,geo_cov_nat,2018,1.133
tha,sex_t,age_ythadult_y15_64,geo_cov_nat,2019,1.057
tha,sex_t,age_ythadult_y15_64,geo_cov_nat,2020,1.82
tha,sex_t,age_ythadult_y15_64,geo_cov_nat,2021,2.084
tha,sex_t,age_ythadult_y15_64,geo_cov_nat,2022,1.419
tha,sex_t,age_ythadult_y15_64,geo_cov_nat,2023,1.056
tha,sex_t,age_ythadult_y15_64,geo_cov_nat,2024,1.078
tha,sex_t,age_ythadult_y15_64,geo_cov_rur,2010,1.213
tha,sex_t,age_ythadult_y15_64,geo_cov_rur,2013,0.529
tha,sex_t,age_ythadult_y15_64,geo_cov_rur,2014,0.875
tha,sex_t,age_ythadult_y15_64,geo_cov_rur,2015,0.922
tha,sex_t,age_ythadult_y15_64,geo_cov_rur,2016,1.033
tha,sex_t,age_ythadult_y15_64,geo_cov_rur,2017,1.276
tha,sex_t,age_ythadult_y15_64,geo_cov_rur,2018,1.147
tha,sex_t,age_ythadult_y15_64,geo_cov_rur,2019,1.077
tha,sex_t,age_ythadult_y15_64,geo_cov_rur,2020,1.728
tha,sex_t,age_ythadult_y15_64,geo_cov_rur,2021,1.902
tha,sex_t,age_ythadult_y15_64,geo_cov_rur,2022,1.386
tha,sex_t,age_ythadult_y15_64,geo_cov_rur,2023,1.026
tha,sex_t,age_ythadult_y15_64,geo_cov_rur,2024,1.038
tha,sex_t,age_ythadult_y15_64,geo_cov_urb,2010,1.345
tha,sex_t,age_ythadult_y15_64,geo_cov_urb,2013,0.592
tha,sex_t,age_ythadult_y15_64,geo_cov_urb,2014,0.907
tha,sex_t,age_ythadult_y15_64,geo_cov_urb,2015,0.962
tha,sex_t,age_ythadult_y15_64,geo_cov_urb,2016,1.094
tha,sex_t,age_ythadult_y15_64,geo_cov_urb,2017,1.247
tha,sex_t,age_ythadult_y15_64,geo_cov_urb,2018,1.118
tha,sex_t,age_ythadult_y15_64,geo_cov_urb,2019,1.034
tha,sex_t,age_ythadult_y15_64,geo_cov_urb,2020,1.927
tha,sex_t,age_ythadult_y15_64,geo_cov_urb,2021,2.295
tha,sex_t,age_ythadult_y15_64,geo_cov_urb,2022,1.457
tha,sex_t,age_ythadult_y15_64,geo_cov_urb,2023,1.091
tha,sex_t,age_ythadult_y15_64,geo_cov_urb,2024,1.124
tha,sex_t,age_ythadult_yge15,geo_cov_nat,2010,1.256
tha,sex_t,age_ythadult_yge15,geo_cov_nat,2013,0.481
tha,sex_t,age_ythadult_yge15,geo_cov_nat,2014,0.855
tha,sex_t,age_ythadult_yge15,geo_cov_nat,2015,0.905
tha,sex_t,age_ythadult_yge15,geo_cov_nat,2016,1.017
tha,sex_t,age_ythadult_yge15,geo_cov_nat,2017,1.209
tha,sex_t,age_ythadult_yge15,geo_cov_nat,2018,1.08
tha,sex_t,age_ythadult_yge15,geo_cov_nat,2019,1.009
tha,sex_t,age_ythadult_yge15,geo_cov_nat,2020,1.727
tha,sex_t,age_ythadult_yge15,geo_cov_nat,2021,1.97
tha,sex_t,age_ythadult_yge15,geo_cov_nat,2022,1.343
tha,sex_t,age_ythadult_yge15,geo_cov_nat,2023,0.997
tha,sex_t,age_ythadult_yge15,geo_cov_nat,2024,1.016
tha,sex_t,age_ythadult_yge15,geo_cov_rur,2010,1.202
tha,sex_t,age_ythadult_yge15,geo_cov_rur,2013,0.564
tha,sex_t,age_ythadult_yge15,geo_cov_rur,2014,0.834
tha,sex_t,age_ythadult_yge15,geo_cov_rur,2015,0.878
tha,sex_t,age_ythadult_yge15,geo_cov_rur,2016,0.982
tha,sex_t,age_ythadult_yge15,geo_cov_rur,2017,1.213
tha,sex_t,age_ythadult_yge15,geo_cov_rur,2018,1.081
tha,sex_t,age_ythadult_yge15,geo_cov_rur,2019,1.016
tha,sex_t,age_ythadult_yge15,geo_cov_rur,2020,1.623
tha,sex_t,age_ythadult_yge15,geo_cov_rur,2021,1.776
tha,sex_t,age_ythadult_yge15,geo_cov_rur,2022,1.295
tha,sex_t,age_ythadult_yge15,geo_cov_rur,2023,0.957
tha,sex_t,age_ythadult_yge15,geo_cov_rur,2024,0.969
tha,sex_t,age_ythadult_yge15,geo_cov_urb,2010,1.368
tha,sex_t,age_ythadult_yge15,geo_cov_urb,2013,0.629
tha,sex_t,age_ythadult_yge15,geo_cov_urb,2014,0.88
tha,sex_t,age_ythadult_yge15,geo_cov_urb,2015,0.939
tha,sex_t,age_ythadult_yge15,geo_cov_urb,2016,1.058
tha,sex_t,age_ythadult_yge15,geo_cov_urb,2017,1.205
tha,sex_t,age_ythadult_yge15,geo_cov_urb,2018,1.078
tha,sex_t,age_ythadult_yge15,geo_cov_urb,2019,1.001
tha,sex_t,age_ythadult_yge15,geo_cov_urb,2020,1.852
tha,sex_t,age_ythadult_yge15,geo_cov_urb,2021,2.2
tha,sex_t,age_ythadult_yge15,geo_cov_urb,2022,1.397
tha,sex_t,age_ythadult_yge15,geo_cov_urb,2023,1.042
tha,sex_t,age_ythadult_yge15,geo_cov_urb,2024,1.071
tha,sex_t,age_ythadult_yge15,geo_cov_x,2013,0.168
tha,sex_t,age_ythadult_yge25,geo_cov_nat,2010,0.76
tha,sex_t,age_ythadult_yge25,geo_cov_nat,2013,0.278
tha,sex_t,age_ythadult_yge25,geo_cov_nat,2014,0.428
tha,sex_t,age_ythadult_yge25,geo_cov_nat,2015,0.503
tha,sex_t,age_ythadult_yge25,geo_cov_nat,2016,0.539
tha,sex_t,age_ythadult_yge25,geo_cov_nat,2017,0.651
tha,sex_t,age_ythadult_yge25,geo_cov_nat,2018,0.575
tha,sex_t,age_ythadult_yge25,geo_cov_nat,2019,0.507
tha,sex_t,age_ythadult_yge25,geo_cov_nat,2020,1.09
tha,sex_t,age_ythadult_yge25,geo_cov_nat,2021,1.29
tha,sex_t,age_ythadult_yge25,geo_cov_nat,2022,0.79
tha,sex_t,age_ythadult_yge25,geo_cov_nat,2023,0.527
tha,sex_t,age_ythadult_yge25,geo_cov_nat,2024,0.552
tha,sex_t,age_ythadult_yge25,geo_cov_rur,2010,0.703
tha,sex_t,age_ythadult_yge25,geo_cov_rur,2013,0.312
tha,sex_t,age_ythadult_yge25,geo_cov_rur,2014,0.4
tha,sex_t,age_ythadult_yge25,geo_cov_rur,2015,0.467
tha,sex_t,age_ythadult_yge25,geo_cov_rur,2016,0.481
tha,sex_t,age_ythadult_yge25,geo_cov_rur,2017,0.599
tha,sex_t,age_ythadult_yge25,geo_cov_rur,2018,0.547
tha,sex_t,age_ythadult_yge25,geo_cov_rur,2019,0.485
tha,sex_t,age_ythadult_yge25,geo_cov_rur,2020,0.917
tha,sex_t,age_ythadult_yge25,geo_cov_rur,2021,1.036
tha,sex_t,age_ythadult_yge25,geo_cov_rur,2022,0.715
tha,sex_t,age_ythadult_yge25,geo_cov_rur,2023,0.472
tha,sex_t,age_ythadult_yge25,geo_cov_rur,2024,0.486
tha,sex_t,age_ythadult_yge25,geo_cov_urb,2010,0.874
tha,sex_t,age_ythadult_yge25,geo_cov_urb,2013,0.401
tha,sex_t,age_ythadult_yge25,geo_cov_urb,2014,0.463
tha,sex_t,age_ythadult_yge25,geo_cov_urb,2015,0.545
tha,sex_t,age_ythadult_yge25,geo_cov_urb,2016,0.607
tha,sex_t,age_ythadult_yge25,geo_cov_urb,2017,0.712
tha,sex_t,age_ythadult_yge25,geo_cov_urb,2018,0.607
tha,sex_t,age_ythadult_yge25,geo_cov_urb,2019,0.532
tha,sex_t,age_ythadult_yge25,geo_cov_urb,2020,1.29
tha,sex_t,age_ythadult_yge25,geo_cov_urb,2021,1.584
tha,sex_t,age_ythadult_yge25,geo_cov_urb,2022,0.875
tha,sex_t,age_ythadult_yge25,geo_cov_urb,2023,0.59
tha,sex_t,age_ythadult_yge25,geo_cov_urb,2024,0.625
tha,sex_t,age_ythadult_yge25,geo_cov_x,2013,0.086
tls,sex_f,age_aggregate_total,geo_cov_nat,2010,5.963
tls,sex_f,age_aggregate_total,geo_cov_nat,2013,5.611
tls,sex_f,age_aggregate_total,geo_cov_nat,2016,9.172
tls,sex_f,age_aggregate_total,geo_cov_nat,2021,25.767
tls,sex_f,age_aggregate_total,geo_cov_nat,2022,3.886
tls,sex_f,age_aggregate_total,geo_cov_rur,2010,3.617
tls,sex_f,age_aggregate_total,geo_cov_rur,2013,3.954
tls,sex_f,age_aggregate_total,geo_cov_rur,2016,6.005
tls,sex_f,age_aggregate_total,geo_cov_rur,2021,27.026
tls,sex_f,age_aggregate_total,geo_cov_rur,2022,2.98
tls,sex_f,age_aggregate_total,geo_cov_urb,2010,11.725
tls,sex_f,age_aggregate_total,geo_cov_urb,2013,10.796
tls,sex_f,age_aggregate_total,geo_cov_urb,2016,22.946
tls,sex_f,age_aggregate_total,geo_cov_urb,2021,23.509
tls,sex_f,age_aggregate_total,geo_cov_urb,2022,6.642
tls,sex_f,age_aggregate_y15_24,geo_cov_nat,2010,23.672
tls,sex_f,age_aggregate_y15_24,geo_cov_nat,2013,9.06
tls,sex_f,age_aggregate_y15_24,geo_cov_nat,2016,23.156
tls,sex_f,age_aggregate_y15_24,geo_cov_nat,2021,54.318
tls,sex_f,age_aggregate_y15_24,geo_cov_nat,2022,8.885
tls,sex_f,age_aggregate_y15_24,geo_cov_rur,2010,20.042
tls,sex_f,age_aggregate_y15_24,geo_cov_rur,2013,6.818
tls,sex_f,age_aggregate_y15_24,geo_cov_rur,2016,17.348
tls,sex_f,age_aggregate_y15_24,geo_cov_rur,2021,52.092
tls,sex_f,age_aggregate_y15_24,geo_cov_rur,2022,6.684
tls,sex_f,age_aggregate_y15_24,geo_cov_urb,2010,29.434
tls,sex_f,age_aggregate_y15_24,geo_cov_urb,2013,17.328
tls,sex_f,age_aggregate_y15_24,geo_cov_urb,2016,46.761
tls,sex_f,age_aggregate_y15_24,geo_cov_urb,2021,58.796
tls,sex_f,age_aggregate_y15_24,geo_cov_urb,2022,15.965
tls,sex_f,age_aggregate_y25_54,geo_cov_nat,2010,4.19
tls,sex_f,age_aggregate_y25_54,geo_cov_nat,2013,5.769
tls,sex_f,age_aggregate_y25_54,geo_cov_nat,2016,5.909
tls,sex_f,age_aggregate_y25_54,geo_cov_nat,2021,19.602
tls,sex_f,age_aggregate_y25_54,geo_cov_nat,2022,3.486
tls,sex_f,age_aggregate_y25_54,geo_cov_rur,2010,2.049
tls,sex_f,age_aggregate_y25_54,geo_cov_rur,2013,3.963
tls,sex_f,age_aggregate_y25_54,geo_cov_rur,2016,3.205
tls,sex_f,age_aggregate_y25_54,geo_cov_rur,2021,21.512
tls,sex_f,age_aggregate_y25_54,geo_cov_rur,2022,2.709
tls,sex_f,age_aggregate_y25_54,geo_cov_urb,2010,9.359
tls,sex_f,age_aggregate_y25_54,geo_cov_urb,2013,10.602
tls,sex_f,age_aggregate_y25_54,geo_cov_urb,2016,17.006
tls,sex_f,age_aggregate_y25_54,geo_cov_urb,2021,16.61
tls,sex_f,age_aggregate_y25_54,geo_cov_urb,2022,5.436
tls,sex_f,age_aggregate_y55_64,geo_cov_nat,2021,21.221
tls,sex_f,age_aggregate_y55_64,geo_cov_nat,2022,1.309
tls,sex_f,age_aggregate_y55_64,geo_cov_rur,2021,21.122
tls,sex_f,age_aggregate_y55_64,geo_cov_rur,2022,1.148
tls,sex_f,age_aggregate_y55_64,geo_cov_urb,2021,21.501
tls,sex_f,age_aggregate_y55_64,geo_cov_urb,2022,2.112
tls,sex_f,age_aggregate_yge65,geo_cov_nat,2016,3.75
tls,sex_f,age_aggregate_yge65,geo_cov_nat,2021,21.237
tls,sex_f,age_aggregate_yge65,geo_cov_nat,2022,1.182
tls,sex_f,age_aggregate_yge65,geo_cov_rur,2021,23.677
tls,sex_f,age_aggregate_yge65,geo_cov_rur,2022,1.131
tls,sex_f,age_aggregate_yge65,geo_cov_urb,2021,13.51
tls,sex_f,age_aggregate_yge65,geo_cov_urb,2022,1.685
tls,sex_f,age_ythadult_y15_24,geo_cov_nat,2010,23.672
tls,sex_f,age_ythadult_y15_24,geo_cov_nat,2013,9.06
tls,sex_f,age_ythadult_y15_24,geo_cov_nat,2016,23.156
tls,sex_f,age_ythadult_y15_24,geo_cov_nat,2021,54.318
tls,sex_f,age_ythadult_y15_24,geo_cov_nat,2022,8.885
tls,sex_f,age_ythadult_y15_24,geo_cov_rur,2010,20.042
tls,sex_f,age_ythadult_y15_24,geo_cov_rur,2013,6.818
tls,sex_f,age_ythadult_y15_24,geo_cov_rur,2016,17.348
tls,sex_f,age_ythadult_y15_24,geo_cov_rur,2021,52.092
tls,sex_f,age_ythadult_y15_24,geo_cov_rur,2022,6.684
tls,sex_f,age_ythadult_y15_24,geo_cov_urb,2010,29.434
tls,sex_f,age_ythadult_y15_24,geo_cov_urb,2013,17.328
tls,sex_f,age_ythadult_y15_24,geo_cov_urb,2016,46.761
tls,sex_f,age_ythadult_y15_24,geo_cov_urb,2021,58.796
tls,sex_f,age_ythadult_y15_24,geo_cov_urb,2022,15.965
tls,sex_f,age_ythadult_y15_64,geo_cov_nat,2010,6.074
tls,sex_f,age_ythadult_y15_64,geo_cov_nat,2013,5.862
tls,sex_f,age_ythadult_y15_64,geo_cov_nat,2016,9.65
tls,sex_f,age_ythadult_y15_64,geo_cov_nat,2021,26.048
tls,sex_f,age_ythadult_y15_64,geo_cov_nat,2022,4.164
tls,sex_f,age_ythadult_y15_64,geo_cov_rur,2010,3.702
tls,sex_f,age_ythadult_y15_64,geo_cov_rur,2013,4.142
tls,sex_f,age_ythadult_y15_64,geo_cov_rur,2021,27.274
tls,sex_f,age_ythadult_y15_64,geo_cov_rur,2022,3.214
tls,sex_f,age_ythadult_y15_64,geo_cov_urb,2013,11.06
tls,sex_f,age_ythadult_y15_64,geo_cov_urb,2021,23.915
tls,sex_f,age_ythadult_y15_64,geo_cov_urb,2022,6.819
tls,sex_f,age_ythadult_yge15,geo_cov_nat,2010,5.963
tls,sex_f,age_ythadult_yge15,geo_cov_nat,2013,5.611
tls,sex_f,age_ythadult_yge15,geo_cov_nat,2016,9.172
tls,sex_f,age_ythadult_yge15,geo_cov_nat,2021,25.767
tls,sex_f,age_ythadult_yge15,geo_cov_nat,2022,3.886
tls,sex_f,age_ythadult_yge15,geo_cov_rur,2010,3.617
tls,sex_f,age_ythadult_yge15,geo_cov_rur,2013,3.954
tls,sex_f,age_ythadult_yge15,geo_cov_rur,2016,6.005
tls,sex_f,age_ythadult_yge15,geo_cov_rur,2021,27.026
tls,sex_f,age_ythadult_yge15,geo_cov_rur,2022,2.98
tls,sex_f,age_ythadult_yge15,geo_cov_urb,2010,11.725
tls,sex_f,age_ythadult_yge15,geo_cov_urb,2013,10.796
tls,sex_f,age_ythadult_yge15,geo_cov_urb,2016,22.946
tls,sex_f,age_ythadult_yge15,geo_cov_urb,2021,23.509
tls,sex_f,age_ythadult_yge15,geo_cov_urb,2022,6.642
tls,sex_f,age_ythadult_yge25,geo_cov_nat,2010,3.566
tls,sex_f,age_ythadult_yge25,geo_cov_nat,2013,4.92
tls,sex_f,age_ythadult_yge25,geo_cov_nat,2016,5.314
tls,sex_f,age_ythadult_yge25,geo_cov_nat,2021,19.916
tls,sex_f,age_ythadult_yge25,geo_cov_nat,2022,2.97
tls,sex_f,age_ythadult_yge25,geo_cov_rur,2010,1.733
tls,sex_f,age_ythadult_yge25,geo_cov_rur,2013,3.354
tls,sex_f,age_ythadult_yge25,geo_cov_rur,2016,2.927
tls,sex_f,age_ythadult_yge25,geo_cov_rur,2021,21.638
tls,sex_f,age_ythadult_yge25,geo_cov_rur,2022,2.29
tls,sex_f,age_ythadult_yge25,geo_cov_urb,2010,8.37
tls,sex_f,age_ythadult_yge25,geo_cov_urb,2013,9.671
tls,sex_f,age_ythadult_yge25,geo_cov_urb,2016,15.896
tls,sex_f,age_ythadult_yge25,geo_cov_urb,2021,16.898
tls,sex_f,age_ythadult_yge25,geo_cov_urb,2022,5.016
tls,sex_m,age_aggregate_total,geo_cov_nat,2010,3.603
tls,sex_m,age_aggregate_total,geo_cov_nat,2013,5.055
tls,sex_m,age_aggregate_total,geo_cov_nat,2016,5.319
tls,sex_m,age_aggregate_total,geo_cov_nat,2021,18.579
tls,sex_m,age_aggregate_total,geo_cov_nat,2022,3.434
tls,sex_m,age_aggregate_total,geo_cov_rur,2010,2.073
tls,sex_m,age_aggregate_total,geo_cov_rur,2013,3.16
tls,sex_m,age_aggregate_total,geo_cov_rur,2016,3.612
tls,sex_m,age_aggregate_total,geo_cov_rur,2021,20.572
tls,sex_m,age_aggregate_total,geo_cov_rur,2022,2.833
tls,sex_m,age_aggregate_total,geo_cov_urb,2010,7.255
tls,sex_m,age_aggregate_total,geo_cov_urb,2013,9.717
tls,sex_m,age_aggregate_total,geo_cov_urb,2016,11.929
tls,sex_m,age_aggregate_total,geo_cov_urb,2021,15.172
tls,sex_m,age_aggregate_total,geo_cov_urb,2022,5.023
tls,sex_m,age_aggregate_y15_24,geo_cov_nat,2010,10.483
tls,sex_m,age_aggregate_y15_24,geo_cov_nat,2013,11.91
tls,sex_m,age_aggregate_y15_24,geo_cov_nat,2016,16.473
tls,sex_m,age_aggregate_y15_24,geo_cov_nat,2021,44.525
tls,sex_m,age_aggregate_y15_24,geo_cov_nat,2022,8.05
tls,sex_m,age_aggregate_y15_24,geo_cov_rur,2010,5.824
tls,sex_m,age_aggregate_y15_24,geo_cov_rur,2013,6.646
tls,sex_m,age_aggregate_y15_24,geo_cov_rur,2016,12.009
tls,sex_m,age_aggregate_y15_24,geo_cov_rur,2021,39.578
tls,sex_m,age_aggregate_y15_24,geo_cov_rur,2022,6.375
tls,sex_m,age_aggregate_y15_24,geo_cov_urb,2010,20.894
tls,sex_m,age_aggregate_y15_24,geo_cov_urb,2013,29.853
tls,sex_m,age_aggregate_y15_24,geo_cov_urb,2016,34.072
tls,sex_m,age_aggregate_y15_24,geo_cov_urb,2021,56.169
tls,sex_m,age_aggregate_y15_24,geo_cov_urb,2022,13.373
tls,sex_m,age_aggregate_y25_54,geo_cov_nat,2010,3.249
tls,sex_m,age_aggregate_y25_54,geo_cov_nat,2013,4.477
tls,sex_m,age_aggregate_y25_54,geo_cov_nat,2016,2.986
tls,sex_m,age_aggregate_y25_54,geo_cov_nat,2021,13.729
tls,sex_m,age_aggregate_y25_54,geo_cov_nat,2022,3.049
tls,sex_m,age_aggregate_y25_54,geo_cov_rur,2010,1.842
tls,sex_m,age_aggregate_y25_54,geo_cov_rur,2013,2.781
tls,sex_m,age_aggregate_y25_54,geo_cov_rur,2016,1.765
tls,sex_m,age_aggregate_y25_54,geo_cov_rur,2021,16.323
tls,sex_m,age_aggregate_y25_54,geo_cov_rur,2022,2.588
tls,sex_m,age_aggregate_y25_54,geo_cov_urb,2010,6.193
tls,sex_m,age_aggregate_y25_54,geo_cov_urb,2013,7.912
tls,sex_m,age_aggregate_y25_54,geo_cov_urb,2016,7.101
tls,sex_m,age_aggregate_y25_54,geo_cov_urb,2021,9.831
tls,sex_m,age_aggregate_y25_54,geo_cov_urb,2022,4.055
tls,sex_m,age_aggregate_y55_64,geo_cov_nat,2010,1.422
tls,sex_m,age_aggregate_y55_64,geo_cov_nat,2013,1.154
tls,sex_m,age_aggregate_y55_64,geo_cov_nat,2021,13
tls,sex_m,age_aggregate_y55_64,geo_cov_nat,2022,1.352
tls,sex_m,age_aggregate_y55_64,geo_cov_rur,2013,1.011
tls,sex_m,age_aggregate_y55_64,geo_cov_rur,2021,16.967
tls,sex_m,age_aggregate_y55_64,geo_cov_rur,2022,1.165
tls,sex_m,age_aggregate_y55_64,geo_cov_urb,2021,6.416
tls,sex_m,age_aggregate_y55_64,geo_cov_urb,2022,2.035
tls,sex_m,age_aggregate_yge65,geo_cov_nat,2013,3.055
tls,sex_m,age_aggregate_yge65,geo_cov_nat,2021,22.539
tls,sex_m,age_aggregate_yge65,geo_cov_nat,2022,0.751
tls,sex_m,age_aggregate_yge65,geo_cov_rur,2013,2.99
tls,sex_m,age_aggregate_yge65,geo_cov_rur,2021,22.454
tls,sex_m,age_aggregate_yge65,geo_cov_rur,2022,0.731
tls,sex_m,age_aggregate_yge65,geo_cov_urb,2021,22.973
tls,sex_m,age_aggregate_yge65,geo_cov_urb,2022,0.934
tls,sex_m,age_ythadult_y15_24,geo_cov_nat,2010,10.483
tls,sex_m,age_ythadult_y15_24,geo_cov_nat,2013,11.91
tls,sex_m,age_ythadult_y15_24,geo_cov_nat,2016,16.473
tls,sex_m,age_ythadult_y15_24,geo_cov_nat,2021,44.525
tls,sex_m,age_ythadult_y15_24,geo_cov_nat,2022,8.05
tls,sex_m,age_ythadult_y15_24,geo_cov_rur,2010,5.824
tls,sex_m,age_ythadult_y15_24,geo_cov_rur,2013,6.646
tls,sex_m,age_ythadult_y15_24,geo_cov_rur,2016,12.009
tls,sex_m,age_ythadult_y15_24,geo_cov_rur,2021,39.578
tls,sex_m,age_ythadult_y15_24,geo_cov_rur,2022,6.375
tls,sex_m,age_ythadult_y15_24,geo_cov_urb,2010,20.894
tls,sex_m,age_ythadult_y15_24,geo_cov_urb,2013,29.853
tls,sex_m,age_ythadult_y15_24,geo_cov_urb,2016,34.072
tls,sex_m,age_ythadult_y15_24,geo_cov_urb,2021,56.169
tls,sex_m,age_ythadult_y15_24,geo_cov_urb,2022,13.373
tls,sex_m,age_ythadult_y15_64,geo_cov_nat,2010,3.773
tls,sex_m,age_ythadult_y15_64,geo_cov_nat,2013,5.185
tls,sex_m,age_ythadult_y15_64,geo_cov_nat,2016,5.716
tls,sex_m,age_ythadult_y15_64,geo_cov_nat,2021,18.341
tls,sex_m,age_ythadult_y15_64,geo_cov_nat,2022,3.684
tls,sex_m,age_ythadult_y15_64,geo_cov_rur,2010,2.165
tls,sex_m,age_ythadult_y15_64,geo_cov_rur,2013,3.174
tls,sex_m,age_ythadult_y15_64,geo_cov_rur,2021,20.419
tls,sex_m,age_ythadult_y15_64,geo_cov_rur,2022,3.081
tls,sex_m,age_ythadult_y15_64,geo_cov_urb,2013,9.865
tls,sex_m,age_ythadult_y15_64,geo_cov_urb,2021,14.972
tls,sex_m,age_ythadult_y15_64,geo_cov_urb,2022,5.155
tls,sex_m,age_ythadult_yge15,geo_cov_nat,2010,3.603
tls,sex_m,age_ythadult_yge15,geo_cov_nat,2013,5.055
tls,sex_m,age_ythadult_yge15,geo_cov_nat,2016,5.319
tls,sex_m,age_ythadult_yge15,geo_cov_nat,2021,18.579
tls,sex_m,age_ythadult_yge15,geo_cov_nat,2022,3.434
tls,sex_m,age_ythadult_yge15,geo_cov_rur,2010,2.073
tls,sex_m,age_ythadult_yge15,geo_cov_rur,2013,3.16
tls,sex_m,age_ythadult_yge15,geo_cov_rur,2016,3.612
tls,sex_m,age_ythadult_yge15,geo_cov_rur,2021,20.572
tls,sex_m,age_ythadult_yge15,geo_cov_rur,2022,2.833
tls,sex_m,age_ythadult_yge15,geo_cov_urb,2010,7.255
tls,sex_m,age_ythadult_yge15,geo_cov_urb,2013,9.717
tls,sex_m,age_ythadult_yge15,geo_cov_urb,2016,11.929
tls,sex_m,age_ythadult_yge15,geo_cov_urb,2021,15.172
tls,sex_m,age_ythadult_yge15,geo_cov_urb,2022,5.023
tls,sex_m,age_ythadult_yge25,geo_cov_nat,2010,2.833
tls,sex_m,age_ythadult_yge25,geo_cov_nat,2013,3.984
tls,sex_m,age_ythadult_yge25,geo_cov_nat,2016,2.417
tls,sex_m,age_ythadult_yge25,geo_cov_nat,2021,14.221
tls,sex_m,age_ythadult_yge25,geo_cov_nat,2022,2.61
tls,sex_m,age_ythadult_yge25,geo_cov_rur,2010,1.663
tls,sex_m,age_ythadult_yge25,geo_cov_rur,2013,2.558
tls,sex_m,age_ythadult_yge25,geo_cov_rur,2016,1.418
tls,sex_m,age_ythadult_yge25,geo_cov_rur,2021,16.953
tls,sex_m,age_ythadult_yge25,geo_cov_rur,2022,2.165
tls,sex_m,age_ythadult_yge25,geo_cov_urb,2010,5.649
tls,sex_m,age_ythadult_yge25,geo_cov_urb,2013,7.328
tls,sex_m,age_ythadult_yge25,geo_cov_urb,2016,6.271
tls,sex_m,age_ythadult_yge25,geo_cov_urb,2021,9.781
tls,sex_m,age_ythadult_yge25,geo_cov_urb,2022,3.752
tls,sex_t,age_aggregate_total,geo_cov_nat,2010,4.361
tls,sex_t,age_aggregate_total,geo_cov_nat,2013,5.276
tls,sex_t,age_aggregate_total,geo_cov_nat,2016,7.068
tls,sex_t,age_aggregate_total,geo_cov_nat,2021,21.625
tls,sex_t,age_aggregate_total,geo_cov_nat,2022,3.63
tls,sex_t,age_aggregate_total,geo_cov_rur,2010,2.572
tls,sex_t,age_aggregate_total,geo_cov_rur,2013,3.487
tls,sex_t,age_aggregate_total,geo_cov_rur,2016,4.712
tls,sex_t,age_aggregate_total,geo_cov_rur,2021,23.335
tls,sex_t,age_aggregate_total,geo_cov_rur,2022,2.898
tls,sex_t,age_aggregate_total,geo_cov_urb,2010,8.672
tls,sex_t,age_aggregate_total,geo_cov_urb,2013,10.1
tls,sex_t,age_aggregate_total,geo_cov_urb,2016,16.677
tls,sex_t,age_aggregate_total,geo_cov_urb,2021,18.642
tls,sex_t,age_aggregate_total,geo_cov_urb,2022,5.685
tls,sex_t,age_aggregate_y15_24,geo_cov_nat,2010,15.223
tls,sex_t,age_aggregate_y15_24,geo_cov_nat,2013,10.634
tls,sex_t,age_aggregate_y15_24,geo_cov_nat,2016,19.584
tls,sex_t,age_aggregate_y15_24,geo_cov_nat,2021,49.081
tls,sex_t,age_aggregate_y15_24,geo_cov_nat,2022,8.417
tls,sex_t,age_aggregate_y15_24,geo_cov_rur,2010,10.552
tls,sex_t,age_aggregate_y15_24,geo_cov_rur,2013,6.724
tls,sex_t,age_aggregate_y15_24,geo_cov_rur,2016,14.502
tls,sex_t,age_aggregate_y15_24,geo_cov_rur,2021,45.246
tls,sex_t,age_aggregate_y15_24,geo_cov_rur,2022,6.511
tls,sex_t,age_aggregate_y15_24,geo_cov_urb,2010,24.414
tls,sex_t,age_aggregate_y15_24,geo_cov_urb,2013,24.433
tls,sex_t,age_aggregate_y15_24,geo_cov_urb,2016,39.902
tls,sex_t,age_aggregate_y15_24,geo_cov_urb,2021,57.462
tls,sex_t,age_aggregate_y15_24,geo_cov_urb,2022,14.506
tls,sex_t,age_aggregate_y25_54,geo_cov_nat,2010,3.549
tls,sex_t,age_aggregate_y25_54,geo_cov_nat,2013,4.982
tls,sex_t,age_aggregate_y25_54,geo_cov_nat,2016,4.32
tls,sex_t,age_aggregate_y25_54,geo_cov_nat,2021,16.168
tls,sex_t,age_aggregate_y25_54,geo_cov_nat,2022,3.237
tls,sex_t,age_aggregate_y25_54,geo_cov_rur,2010,1.91
tls,sex_t,age_aggregate_y25_54,geo_cov_rur,2013,3.266
tls,sex_t,age_aggregate_y25_54,geo_cov_rur,2016,2.438
tls,sex_t,age_aggregate_y25_54,geo_cov_rur,2021,18.499
tls,sex_t,age_aggregate_y25_54,geo_cov_rur,2022,2.642
tls,sex_t,age_aggregate_y25_54,geo_cov_urb,2010,7.135
tls,sex_t,age_aggregate_y25_54,geo_cov_urb,2013,8.842
tls,sex_t,age_aggregate_y25_54,geo_cov_urb,2016,11.246
tls,sex_t,age_aggregate_y25_54,geo_cov_urb,2021,12.606
tls,sex_t,age_aggregate_y25_54,geo_cov_urb,2022,4.617
tls,sex_t,age_aggregate_y55_64,geo_cov_nat,2010,0.97
tls,sex_t,age_aggregate_y55_64,geo_cov_nat,2013,1.062
tls,sex_t,age_aggregate_y55_64,geo_cov_nat,2021,16.4
tls,sex_t,age_aggregate_y55_64,geo_cov_nat,2022,1.334
tls,sex_t,age_aggregate_y55_64,geo_cov_rur,2013,0.984
tls,sex_t,age_aggregate_y55_64,geo_cov_rur,2021,18.859
tls,sex_t,age_aggregate_y55_64,geo_cov_rur,2022,1.157
tls,sex_t,age_aggregate_y55_64,geo_cov_urb,2021,11.36
tls,sex_t,age_aggregate_y55_64,geo_cov_urb,2022,2.064
tls,sex_t,age_aggregate_yge65,geo_cov_nat,2013,2.369
tls,sex_t,age_aggregate_yge65,geo_cov_nat,2016,2.309
tls,sex_t,age_aggregate_yge65,geo_cov_nat,2021,21.978
tls,sex_t,age_aggregate_yge65,geo_cov_nat,2022,0.948
tls,sex_t,age_aggregate_yge65,geo_cov_rur,2013,2.298
tls,sex_t,age_aggregate_yge65,geo_cov_rur,2016,1.968
tls,sex_t,age_aggregate_yge65,geo_cov_rur,2021,22.952
tls,sex_t,age_aggregate_yge65,geo_cov_rur,2022,0.914
tls,sex_t,age_aggregate_yge65,geo_cov_urb,2021,17.978
tls,sex_t,age_aggregate_yge65,geo_cov_urb,2022,1.258
tls,sex_t,age_ythadult_y15_24,geo_cov_nat,2010,15.223
tls,sex_t,age_ythadult_y15_24,geo_cov_nat,2013,10.634
tls,sex_t,age_ythadult_y15_24,geo_cov_nat,2016,19.584
tls,sex_t,age_ythadult_y15_24,geo_cov_nat,2021,49.081
tls,sex_t,age_ythadult_y15_24,geo_cov_nat,2022,8.417
tls,sex_t,age_ythadult_y15_24,geo_cov_rur,2010,10.552
tls,sex_t,age_ythadult_y15_24,geo_cov_rur,2013,6.724
tls,sex_t,age_ythadult_y15_24,geo_cov_rur,2016,14.502
tls,sex_t,age_ythadult_y15_24,geo_cov_rur,2021,45.246
tls,sex_t,age_ythadult_y15_24,geo_cov_rur,2022,6.511
tls,sex_t,age_ythadult_y15_24,geo_cov_urb,2010,24.414
tls,sex_t,age_ythadult_y15_24,geo_cov_urb,2013,24.433
tls,sex_t,age_ythadult_y15_24,geo_cov_urb,2016,39.902
tls,sex_t,age_ythadult_y15_24,geo_cov_urb,2021,57.462
tls,sex_t,age_ythadult_y15_24,geo_cov_urb,2022,14.506
tls,sex_t,age_ythadult_y15_64,geo_cov_nat,2010,4.517
tls,sex_t,age_ythadult_y15_64,geo_cov_nat,2013,5.455
tls,sex_t,age_ythadult_y15_64,geo_cov_nat,2016,7.51
tls,sex_t,age_ythadult_y15_64,geo_cov_nat,2021,21.604
tls,sex_t,age_ythadult_y15_64,geo_cov_nat,2022,3.891
tls,sex_t,age_ythadult_y15_64,geo_cov_rur,2010,2.666
tls,sex_t,age_ythadult_y15_64,geo_cov_rur,2013,3.576
tls,sex_t,age_ythadult_y15_64,geo_cov_rur,2021,23.365
tls,sex_t,age_ythadult_y15_64,geo_cov_rur,2022,3.14
tls,sex_t,age_ythadult_y15_64,geo_cov_urb,2013,10.288
tls,sex_t,age_ythadult_y15_64,geo_cov_urb,2021,18.663
tls,sex_t,age_ythadult_y15_64,geo_cov_urb,2022,5.834
tls,sex_t,age_ythadult_yge15,geo_cov_nat,2010,4.361
tls,sex_t,age_ythadult_yge15,geo_cov_nat,2013,5.276
tls,sex_t,age_ythadult_yge15,geo_cov_nat,2016,7.068
tls,sex_t,age_ythadult_yge15,geo_cov_nat,2021,21.625
tls,sex_t,age_ythadult_yge15,geo_cov_nat,2022,3.63
tls,sex_t,age_ythadult_yge15,geo_cov_rur,2010,2.572
tls,sex_t,age_ythadult_yge15,geo_cov_rur,2013,3.487
tls,sex_t,age_ythadult_yge15,geo_cov_rur,2016,4.712
tls,sex_t,age_ythadult_yge15,geo_cov_rur,2021,23.335
tls,sex_t,age_ythadult_yge15,geo_cov_rur,2022,2.898
tls,sex_t,age_ythadult_yge15,geo_cov_urb,2010,8.672
tls,sex_t,age_ythadult_yge15,geo_cov_urb,2013,10.1
tls,sex_t,age_ythadult_yge15,geo_cov_urb,2016,16.677
tls,sex_t,age_ythadult_yge15,geo_cov_urb,2021,18.642
tls,sex_t,age_ythadult_yge15,geo_cov_urb,2022,5.685
tls,sex_t,age_ythadult_yge25,geo_cov_nat,2010,3.065
tls,sex_t,age_ythadult_yge25,geo_cov_nat,2013,4.347
tls,sex_t,age_ythadult_yge25,geo_cov_nat,2016,3.724
tls,sex_t,age_ythadult_yge25,geo_cov_nat,2021,16.591
tls,sex_t,age_ythadult_yge25,geo_cov_nat,2022,2.766
tls,sex_t,age_ythadult_yge25,geo_cov_rur,2010,1.686
tls,sex_t,age_ythadult_yge25,geo_cov_rur,2013,2.88
tls,sex_t,age_ythadult_yge25,geo_cov_rur,2016,2.109
tls,sex_t,age_ythadult_yge25,geo_cov_rur,2021,18.935
tls,sex_t,age_ythadult_yge25,geo_cov_rur,2022,2.221
tls,sex_t,age_ythadult_yge25,geo_cov_urb,2010,6.475
tls,sex_t,age_ythadult_yge25,geo_cov_urb,2013,8.134
tls,sex_t,age_ythadult_yge25,geo_cov_urb,2016,10.344
tls,sex_t,age_ythadult_yge25,geo_cov_urb,2021,12.661
tls,sex_t,age_ythadult_yge25,geo_cov_urb,2022,4.263
ton,sex_f,age_aggregate_total,geo_cov_nat,2018,13.749
ton,sex_f,age_aggregate_total,geo_cov_nat,2021,10.741
ton,sex_f,age_aggregate_total,geo_cov_nat,2023,9.795
ton,sex_f,age_aggregate_total,geo_cov_rur,2018,14.323
ton,sex_f,age_aggregate_total,geo_cov_rur,2021,11.068
ton,sex_f,age_aggregate_total,geo_cov_rur,2023,10.132
ton,sex_f,age_aggregate_total,geo_cov_urb,2018,11.926
ton,sex_f,age_aggregate_total,geo_cov_urb,2021,9.673
ton,sex_f,age_aggregate_total,geo_cov_urb,2023,8.534
ton,sex_f,age_aggregate_y15_24,geo_cov_nat,2018,32.492
ton,sex_f,age_aggregate_y15_24,geo_cov_nat,2021,32.283
ton,sex_f,age_aggregate_y15_24,geo_cov_nat,2023,24.415
ton,sex_f,age_aggregate_y15_24,geo_cov_rur,2018,33.304
ton,sex_f,age_aggregate_y15_24,geo_cov_rur,2021,34.5
ton,sex_f,age_aggregate_y15_24,geo_cov_rur,2023,26.058
ton,sex_f,age_aggregate_y15_24,geo_cov_urb,2018,30.507
ton,sex_f,age_aggregate_y15_24,geo_cov_urb,2021,26.449
ton,sex_f,age_aggregate_y15_24,geo_cov_urb,2023,18.706
ton,sex_f,age_aggregate_y25_54,geo_cov_nat,2018,11.134
ton,sex_f,age_aggregate_y25_54,geo_cov_nat,2021,7.854
ton,sex_f,age_aggregate_y25_54,geo_cov_nat,2023,8.722
ton,sex_f,age_aggregate_y25_54,geo_cov_rur,2018,12.083
ton,sex_f,age_aggregate_y25_54,geo_cov_rur,2021,8.287
ton,sex_f,age_aggregate_y25_54,geo_cov_rur,2023,9.077
ton,sex_f,age_aggregate_y25_54,geo_cov_urb,2018,7.998
ton,sex_f,age_aggregate_y25_54,geo_cov_urb,2021,6.425
ton,sex_f,age_aggregate_y25_54,geo_cov_urb,2023,7.42
ton,sex_f,age_aggregate_y55_64,geo_cov_nat,2018,4.446
ton,sex_f,age_aggregate_y55_64,geo_cov_nat,2021,3.239
ton,sex_f,age_aggregate_y55_64,geo_cov_rur,2018,5.427
ton,sex_f,age_aggregate_y55_64,geo_cov_rur,2021,3.187
ton,sex_f,age_ythadult_y15_24,geo_cov_nat,2018,32.492
ton,sex_f,age_ythadult_y15_24,geo_cov_nat,2021,32.283
ton,sex_f,age_ythadult_y15_24,geo_cov_nat,2023,24.415
ton,sex_f,age_ythadult_y15_24,geo_cov_rur,2018,33.304
ton,sex_f,age_ythadult_y15_24,geo_cov_rur,2021,34.5
ton,sex_f,age_ythadult_y15_24,geo_cov_rur,2023,26.058
ton,sex_f,age_ythadult_y15_24,geo_cov_urb,2018,30.507
ton,sex_f,age_ythadult_y15_24,geo_cov_urb,2021,26.449
ton,sex_f,age_ythadult_y15_24,geo_cov_urb,2023,18.706
ton,sex_f,age_ythadult_y15_64,geo_cov_nat,2018,14.249
ton,sex_f,age_ythadult_y15_64,geo_cov_nat,2021,11.449
ton,sex_f,age_ythadult_y15_64,geo_cov_nat,2023,10.254
ton,sex_f,age_ythadult_y15_64,geo_cov_rur,2018,14.931
ton,sex_f,age_ythadult_y15_64,geo_cov_rur,2021,11.879
ton,sex_f,age_ythadult_y15_64,geo_cov_urb,2018,12.114
ton,sex_f,age_ythadult_y15_64,geo_cov_urb,2021,10.063
ton,sex_f,age_ythadult_yge15,geo_cov_nat,2018,13.749
ton,sex_f,age_ythadult_yge15,geo_cov_nat,2021,10.741
ton,sex_f,age_ythadult_yge15,geo_cov_nat,2023,9.795
ton,sex_f,age_ythadult_yge15,geo_cov_rur,2018,14.323
ton,sex_f,age_ythadult_yge15,geo_cov_rur,2021,11.068
ton,sex_f,age_ythadult_yge15,geo_cov_rur,2023,10.132
ton,sex_f,age_ythadult_yge15,geo_cov_urb,2018,11.926
ton,sex_f,age_ythadult_yge15,geo_cov_urb,2021,9.673
ton,sex_f,age_ythadult_yge15,geo_cov_urb,2023,8.534
ton,sex_f,age_ythadult_yge25,geo_cov_nat,2018,9.956
ton,sex_f,age_ythadult_yge25,geo_cov_nat,2021,6.694
ton,sex_f,age_ythadult_yge25,geo_cov_nat,2023,7.22
ton,sex_f,age_ythadult_yge25,geo_cov_rur,2018,10.785
ton,sex_f,age_ythadult_yge25,geo_cov_rur,2021,6.944
ton,sex_f,age_ythadult_yge25,geo_cov_rur,2023,7.38
ton,sex_f,age_ythadult_yge25,geo_cov_urb,2018,7.175
ton,sex_f,age_ythadult_yge25,geo_cov_urb,2021,5.841
ton,sex_f,age_ythadult_yge25,geo_cov_urb,2023,6.611
ton,sex_m,age_aggregate_total,geo_cov_nat,2018,7.147
ton,sex_m,age_aggregate_total,geo_cov_nat,2021,5.32
ton,sex_m,age_aggregate_total,geo_cov_nat,2023,4.255
ton,sex_m,age_aggregate_total,geo_cov_rur,2018,7.224
ton,sex_m,age_aggregate_total,geo_cov_rur,2021,5.081
ton,sex_m,age_aggregate_total,geo_cov_rur,2023,3.886
ton,sex_m,age_aggregate_total,geo_cov_urb,2018,6.881
ton,sex_m,age_aggregate_total,geo_cov_urb,2021,6.123
ton,sex_m,age_aggregate_total,geo_cov_urb,2023,5.687
ton,sex_m,age_aggregate_y15_24,geo_cov_nat,2018,19.095
ton,sex_m,age_aggregate_y15_24,geo_cov_nat,2021,14.006
ton,sex_m,age_aggregate_y15_24,geo_cov_nat,2023,12.491
ton,sex_m,age_aggregate_y15_24,geo_cov_rur,2018,19.763
ton,sex_m,age_aggregate_y15_24,geo_cov_rur,2021,13.748
ton,sex_m,age_aggregate_y15_24,geo_cov_rur,2023,10.366
ton,sex_m,age_aggregate_y15_24,geo_cov_urb,2018,16.835
ton,sex_m,age_aggregate_y15_24,geo_cov_urb,2021,14.719
ton,sex_m,age_aggregate_y15_24,geo_cov_urb,2023,20.687
ton,sex_m,age_aggregate_y25_54,geo_cov_nat,2018,4.845
ton,sex_m,age_aggregate_y25_54,geo_cov_nat,2021,3.554
ton,sex_m,age_aggregate_y25_54,geo_cov_nat,2023,3.083
ton,sex_m,age_aggregate_y25_54,geo_cov_rur,2018,4.702
ton,sex_m,age_aggregate_y25_54,geo_cov_rur,2021,3.539
ton,sex_m,age_aggregate_y25_54,geo_cov_rur,2023,3.163
ton,sex_m,age_aggregate_y25_54,geo_cov_urb,2018,5.312
ton,sex_m,age_aggregate_y25_54,geo_cov_urb,2021,3.605
ton,sex_m,age_aggregate_y25_54,geo_cov_urb,2023,2.779
ton,sex_m,age_aggregate_y55_64,geo_cov_nat,2018,2.927
ton,sex_m,age_aggregate_y55_64,geo_cov_nat,2021,1.782
ton,sex_m,age_aggregate_y55_64,geo_cov_rur,2018,3.125
ton,sex_m,age_aggregate_y55_64,geo_cov_rur,2021,1.518
ton,sex_m,age_aggregate_yge65,geo_cov_nat,2018,3.247
ton,sex_m,age_aggregate_yge65,geo_cov_rur,2018,3.96
ton,sex_m,age_ythadult_y15_24,geo_cov_nat,2018,19.095
ton,sex_m,age_ythadult_y15_24,geo_cov_nat,2021,14.006
ton,sex_m,age_ythadult_y15_24,geo_cov_nat,2023,12.491
ton,sex_m,age_ythadult_y15_24,geo_cov_rur,2018,19.763
ton,sex_m,age_ythadult_y15_24,geo_cov_rur,2021,13.748
ton,sex_m,age_ythadult_y15_24,geo_cov_rur,2023,10.366
ton,sex_m,age_ythadult_y15_24,geo_cov_urb,2018,16.835
ton,sex_m,age_ythadult_y15_24,geo_cov_urb,2021,14.719
ton,sex_m,age_ythadult_y15_24,geo_cov_urb,2023,20.687
ton,sex_m,age_ythadult_y15_64,geo_cov_nat,2018,7.43
ton,sex_m,age_ythadult_y15_64,geo_cov_nat,2021,5.47
ton,sex_m,age_ythadult_y15_64,geo_cov_nat,2023,4.426
ton,sex_m,age_ythadult_y15_64,geo_cov_rur,2018,7.476
ton,sex_m,age_ythadult_y15_64,geo_cov_rur,2021,5.279
ton,sex_m,age_ythadult_y15_64,geo_cov_urb,2018,7.274
ton,sex_m,age_ythadult_y15_64,geo_cov_urb,2021,6.087
ton,sex_m,age_ythadult_yge15,geo_cov_nat,2018,7.147
ton,sex_m,age_ythadult_yge15,geo_cov_nat,2021,5.32
ton,sex_m,age_ythadult_yge15,geo_cov_nat,2023,4.255
ton,sex_m,age_ythadult_yge15,geo_cov_rur,2018,7.224
ton,sex_m,age_ythadult_yge15,geo_cov_rur,2021,5.081
ton,sex_m,age_ythadult_yge15,geo_cov_rur,2023,3.886
ton,sex_m,age_ythadult_yge15,geo_cov_urb,2018,6.881
ton,sex_m,age_ythadult_yge15,geo_cov_urb,2021,6.123
ton,sex_m,age_ythadult_yge15,geo_cov_urb,2023,5.687
ton,sex_m,age_ythadult_yge25,geo_cov_nat,2018,4.472
ton,sex_m,age_ythadult_yge25,geo_cov_nat,2021,3.275
ton,sex_m,age_ythadult_yge25,geo_cov_nat,2023,2.567
ton,sex_m,age_ythadult_yge25,geo_cov_rur,2018,4.431
ton,sex_m,age_ythadult_yge25,geo_cov_rur,2021,3.158
ton,sex_m,age_ythadult_yge25,geo_cov_rur,2023,2.559
ton,sex_m,age_ythadult_yge25,geo_cov_urb,2018,4.617
ton,sex_m,age_ythadult_yge25,geo_cov_urb,2021,3.688
ton,sex_m,age_ythadult_yge25,geo_cov_urb,2023,2.594
ton,sex_t,age_aggregate_total,geo_cov_nat,2018,10.043
ton,sex_t,age_aggregate_total,geo_cov_nat,2021,7.86
ton,sex_t,age_aggregate_total,geo_cov_nat,2023,6.819
ton,sex_t,age_aggregate_total,geo_cov_rur,2018,10.306
ton,sex_t,age_aggregate_total,geo_cov_rur,2021,7.876
ton,sex_t,age_aggregate_total,geo_cov_rur,2023,6.765
ton,sex_t,age_aggregate_total,geo_cov_urb,2018,9.171
ton,sex_t,age_aggregate_total,geo_cov_urb,2021,7.805
ton,sex_t,age_aggregate_total,geo_cov_urb,2023,7.023
ton,sex_t,age_aggregate_y15_24,geo_cov_nat,2018,24.698
ton,sex_t,age_aggregate_y15_24,geo_cov_nat,2021,21.728
ton,sex_t,age_aggregate_y15_24,geo_cov_nat,2023,17.633
ton,sex_t,age_aggregate_y15_24,geo_cov_rur,2018,25.153
ton,sex_t,age_aggregate_y15_24,geo_cov_rur,2021,22.45
ton,sex_t,age_aggregate_y15_24,geo_cov_rur,2023,17.047
ton,sex_t,age_aggregate_y15_24,geo_cov_urb,2018,23.362
ton,sex_t,age_aggregate_y15_24,geo_cov_urb,2021,19.776
ton,sex_t,age_aggregate_y15_24,geo_cov_urb,2023,19.793
ton,sex_t,age_aggregate_y25_54,geo_cov_nat,2018,7.731
ton,sex_t,age_aggregate_y25_54,geo_cov_nat,2021,5.647
ton,sex_t,age_aggregate_y25_54,geo_cov_nat,2023,5.861
ton,sex_t,age_aggregate_y25_54,geo_cov_rur,2018,8.095
ton,sex_t,age_aggregate_y25_54,geo_cov_rur,2021,5.85
ton,sex_t,age_aggregate_y25_54,geo_cov_rur,2023,6.066
ton,sex_t,age_aggregate_y25_54,geo_cov_urb,2018,6.537
ton,sex_t,age_aggregate_y25_54,geo_cov_urb,2021,4.979
ton,sex_t,age_aggregate_y25_54,geo_cov_urb,2023,5.095
ton,sex_t,age_aggregate_y55_64,geo_cov_nat,2018,3.546
ton,sex_t,age_aggregate_y55_64,geo_cov_nat,2021,2.433
ton,sex_t,age_aggregate_y55_64,geo_cov_rur,2018,4.035
ton,sex_t,age_aggregate_y55_64,geo_cov_rur,2021,2.263
ton,sex_t,age_aggregate_yge65,geo_cov_nat,2018,2.732
ton,sex_t,age_aggregate_yge65,geo_cov_nat,2021,2.101
ton,sex_t,age_aggregate_yge65,geo_cov_nat,2023,1.441
ton,sex_t,age_aggregate_yge65,geo_cov_rur,2018,2.931
ton,sex_t,age_ythadult_y15_24,geo_cov_nat,2018,24.698
ton,sex_t,age_ythadult_y15_24,geo_cov_nat,2021,21.728
ton,sex_t,age_ythadult_y15_24,geo_cov_nat,2023,17.633
ton,sex_t,age_ythadult_y15_24,geo_cov_rur,2018,25.153
ton,sex_t,age_ythadult_y15_24,geo_cov_rur,2021,22.45
ton,sex_t,age_ythadult_y15_24,geo_cov_rur,2023,17.047
ton,sex_t,age_ythadult_y15_24,geo_cov_urb,2018,23.362
ton,sex_t,age_ythadult_y15_24,geo_cov_urb,2021,19.776
ton,sex_t,age_ythadult_y15_24,geo_cov_urb,2023,19.793
ton,sex_t,age_ythadult_y15_64,geo_cov_nat,2018,10.471
ton,sex_t,age_ythadult_y15_64,geo_cov_nat,2021,8.279
ton,sex_t,age_ythadult_y15_64,geo_cov_nat,2023,7.149
ton,sex_t,age_ythadult_y15_64,geo_cov_rur,2018,10.768
ton,sex_t,age_ythadult_y15_64,geo_cov_rur,2021,8.378
ton,sex_t,age_ythadult_y15_64,geo_cov_urb,2018,9.502
ton,sex_t,age_ythadult_y15_64,geo_cov_urb,2021,7.96
ton,sex_t,age_ythadult_yge15,geo_cov_nat,2018,10.043
ton,sex_t,age_ythadult_yge15,geo_cov_nat,2021,7.86
ton,sex_t,age_ythadult_yge15,geo_cov_nat,2023,6.819
ton,sex_t,age_ythadult_yge15,geo_cov_rur,2018,10.306
ton,sex_t,age_ythadult_yge15,geo_cov_rur,2021,7.876
ton,sex_t,age_ythadult_yge15,geo_cov_rur,2023,6.765
ton,sex_t,age_ythadult_yge15,geo_cov_urb,2018,9.171
ton,sex_t,age_ythadult_yge15,geo_cov_urb,2021,7.805
ton,sex_t,age_ythadult_yge15,geo_cov_urb,2023,7.023
ton,sex_t,age_ythadult_yge25,geo_cov_nat,2018,6.902
ton,sex_t,age_ythadult_yge25,geo_cov_nat,2021,4.91
ton,sex_t,age_ythadult_yge25,geo_cov_nat,2023,4.748
ton,sex_t,age_ythadult_yge25,geo_cov_rur,2018,7.236
ton,sex_t,age_ythadult_yge25,geo_cov_rur,2021,4.962
ton,sex_t,age_ythadult_yge25,geo_cov_rur,2023,4.814
ton,sex_t,age_ythadult_yge25,geo_cov_urb,2018,5.763
ton,sex_t,age_ythadult_yge25,geo_cov_urb,2021,4.731
ton,sex_t,age_ythadult_yge25,geo_cov_urb,2023,4.495
tun,sex_f,age_aggregate_total,geo_cov_nat,2019,26.344
tun,sex_f,age_aggregate_total,geo_cov_nat,2022,25.938
tun,sex_f,age_aggregate_total,geo_cov_nat,2023,26.963
tun,sex_f,age_aggregate_total,geo_cov_rur,2019,29.595
tun,sex_f,age_aggregate_total,geo_cov_rur,2022,29.965
tun,sex_f,age_aggregate_total,geo_cov_rur,2023,33.36
tun,sex_f,age_aggregate_total,geo_cov_urb,2019,25.379
tun,sex_f,age_aggregate_total,geo_cov_urb,2022,24.484
tun,sex_f,age_aggregate_total,geo_cov_urb,2023,24.625
tun,sex_f,age_aggregate_y15_24,geo_cov_nat,2019,39.749
tun,sex_f,age_aggregate_y15_24,geo_cov_nat,2022,45.674
tun,sex_f,age_aggregate_y15_24,geo_cov_nat,2023,47.538
tun,sex_f,age_aggregate_y15_24,geo_cov_rur,2019,38.137
tun,sex_f,age_aggregate_y15_24,geo_cov_rur,2022,46.354
tun,sex_f,age_aggregate_y15_24,geo_cov_rur,2023,48.403
tun,sex_f,age_aggregate_y15_24,geo_cov_urb,2019,40.574
tun,sex_f,age_aggregate_y15_24,geo_cov_urb,2022,45.193
tun,sex_f,age_aggregate_y15_24,geo_cov_urb,2023,46.922
tun,sex_f,age_aggregate_y25_54,geo_cov_nat,2019,24.889
tun,sex_f,age_aggregate_y25_54,geo_cov_nat,2022,24.889
tun,sex_f,age_aggregate_y25_54,geo_cov_nat,2023,26.175
tun,sex_f,age_aggregate_y25_54,geo_cov_rur,2019,28.606
tun,sex_f,age_aggregate_y25_54,geo_cov_rur,2022,28.694
tun,sex_f,age_aggregate_y25_54,geo_cov_rur,2023,32.803
tun,sex_f,age_aggregate_y25_54,geo_cov_urb,2019,23.946
tun,sex_f,age_aggregate_y25_54,geo_cov_urb,2022,23.696
tun,sex_f,age_aggregate_y25_54,geo_cov_urb,2023,24.013
tun,sex_f,age_aggregate_y55_64,geo_cov_nat,2019,6.334
tun,sex_f,age_aggregate_y55_64,geo_cov_nat,2022,4.967
tun,sex_f,age_aggregate_y55_64,geo_cov_nat,2023,3.768
tun,sex_f,age_aggregate_y55_64,geo_cov_rur,2019,8.697
tun,sex_f,age_aggregate_y55_64,geo_cov_rur,2022,6.759
tun,sex_f,age_aggregate_y55_64,geo_cov_rur,2023,6.366
tun,sex_f,age_aggregate_y55_64,geo_cov_urb,2019,5.544
tun,sex_f,age_aggregate_y55_64,geo_cov_urb,2022,4.222
tun,sex_f,age_aggregate_y55_64,geo_cov_urb,2023,2.77
tun,sex_f,age_aggregate_yge65,geo_cov_nat,2019,13.49
tun,sex_f,age_aggregate_yge65,geo_cov_nat,2022,2.753
tun,sex_f,age_aggregate_yge65,geo_cov_nat,2023,4.968
tun,sex_f,age_aggregate_yge65,geo_cov_rur,2019,11.06
tun,sex_f,age_aggregate_yge65,geo_cov_rur,2022,3.164
tun,sex_f,age_aggregate_yge65,geo_cov_rur,2023,3.058
tun,sex_f,age_aggregate_yge65,geo_cov_urb,2019,15.379
tun,sex_f,age_aggregate_yge65,geo_cov_urb,2023,6.654
tun,sex_f,age_ythadult_y15_24,geo_cov_nat,2019,39.749
tun,sex_f,age_ythadult_y15_24,geo_cov_nat,2022,45.674
tun,sex_f,age_ythadult_y15_24,geo_cov_nat,2023,47.538
tun,sex_f,age_ythadult_y15_24,geo_cov_rur,2019,38.137
tun,sex_f,age_ythadult_y15_24,geo_cov_rur,2022,46.354
tun,sex_f,age_ythadult_y15_24,geo_cov_rur,2023,48.403
tun,sex_f,age_ythadult_y15_24,geo_cov_urb,2019,40.574
tun,sex_f,age_ythadult_y15_24,geo_cov_urb,2022,45.193
tun,sex_f,age_ythadult_y15_24,geo_cov_urb,2023,46.922
tun,sex_f,age_ythadult_y15_64,geo_cov_nat,2019,26.454
tun,sex_f,age_ythadult_y15_64,geo_cov_nat,2022,26.156
tun,sex_f,age_ythadult_y15_64,geo_cov_nat,2023,27.14
tun,sex_f,age_ythadult_y15_64,geo_cov_rur,2019,29.901
tun,sex_f,age_ythadult_y15_64,geo_cov_rur,2022,30.524
tun,sex_f,age_ythadult_y15_64,geo_cov_rur,2023,33.792
tun,sex_f,age_ythadult_y15_64,geo_cov_urb,2019,25.441
tun,sex_f,age_ythadult_y15_64,geo_cov_urb,2022,24.603
tun,sex_f,age_ythadult_y15_64,geo_cov_urb,2023,24.73
tun,sex_f,age_ythadult_yge15,geo_cov_nat,2019,26.344
tun,sex_f,age_ythadult_yge15,geo_cov_nat,2022,25.938
tun,sex_f,age_ythadult_yge15,geo_cov_nat,2023,26.963
tun,sex_f,age_ythadult_yge15,geo_cov_rur,2019,29.595
tun,sex_f,age_ythadult_yge15,geo_cov_rur,2022,29.965
tun,sex_f,age_ythadult_yge15,geo_cov_rur,2023,33.36
tun,sex_f,age_ythadult_yge15,geo_cov_urb,2019,25.379
tun,sex_f,age_ythadult_yge15,geo_cov_urb,2022,24.484
tun,sex_f,age_ythadult_yge15,geo_cov_urb,2023,24.625
tun,sex_f,age_ythadult_yge25,geo_cov_nat,2019,23.731
tun,sex_f,age_ythadult_yge25,geo_cov_nat,2022,23.372
tun,sex_f,age_ythadult_yge25,geo_cov_nat,2023,24.524
tun,sex_f,age_ythadult_yge25,geo_cov_rur,2019,26.88
tun,sex_f,age_ythadult_yge25,geo_cov_rur,2022,26.368
tun,sex_f,age_ythadult_yge25,geo_cov_rur,2023,30.391
tun,sex_f,age_ythadult_yge25,geo_cov_urb,2019,22.906
tun,sex_f,age_ythadult_yge25,geo_cov_urb,2022,22.396
tun,sex_f,age_ythadult_yge25,geo_cov_urb,2023,22.568
tun,sex_m,age_aggregate_total,geo_cov_nat,2019,14.066
tun,sex_m,age_aggregate_total,geo_cov_nat,2022,15.887
tun,sex_m,age_aggregate_total,geo_cov_nat,2023,15.747
tun,sex_m,age_aggregate_total,geo_cov_rur,2019,14.193
tun,sex_m,age_aggregate_total,geo_cov_rur,2022,18.651
tun,sex_m,age_aggregate_total,geo_cov_rur,2023,18.328
tun,sex_m,age_aggregate_total,geo_cov_urb,2019,14.011
tun,sex_m,age_aggregate_total,geo_cov_urb,2022,14.554
tun,sex_m,age_aggregate_total,geo_cov_urb,2023,14.479
tun,sex_m,age_aggregate_y15_24,geo_cov_nat,2019,38.164
tun,sex_m,age_aggregate_y15_24,geo_cov_nat,2022,45.789
tun,sex_m,age_aggregate_y15_24,geo_cov_nat,2023,46.629
tun,sex_m,age_aggregate_y15_24,geo_cov_rur,2019,36.249
tun,sex_m,age_aggregate_y15_24,geo_cov_rur,2022,48.279
tun,sex_m,age_aggregate_y15_24,geo_cov_rur,2023,49.994
tun,sex_m,age_aggregate_y15_24,geo_cov_urb,2019,39.327
tun,sex_m,age_aggregate_y15_24,geo_cov_urb,2022,43.908
tun,sex_m,age_aggregate_y15_24,geo_cov_urb,2023,44.145
tun,sex_m,age_aggregate_y25_54,geo_cov_nat,2019,12.104
tun,sex_m,age_aggregate_y25_54,geo_cov_nat,2022,14.066
tun,sex_m,age_aggregate_y25_54,geo_cov_nat,2023,13.929
tun,sex_m,age_aggregate_y25_54,geo_cov_rur,2019,11.783
tun,sex_m,age_aggregate_y25_54,geo_cov_rur,2022,16.023
tun,sex_m,age_aggregate_y25_54,geo_cov_rur,2023,15.52
tun,sex_m,age_aggregate_y25_54,geo_cov_urb,2019,12.23
tun,sex_m,age_aggregate_y25_54,geo_cov_urb,2022,13.205
tun,sex_m,age_aggregate_y25_54,geo_cov_urb,2023,13.213
tun,sex_m,age_aggregate_y55_64,geo_cov_nat,2019,2.904
tun,sex_m,age_aggregate_y55_64,geo_cov_nat,2022,3.558
tun,sex_m,age_aggregate_y55_64,geo_cov_nat,2023,4.268
tun,sex_m,age_aggregate_y55_64,geo_cov_rur,2019,3.162
tun,sex_m,age_aggregate_y55_64,geo_cov_rur,2022,4.71
tun,sex_m,age_aggregate_y55_64,geo_cov_rur,2023,6.313
tun,sex_m,age_aggregate_y55_64,geo_cov_urb,2019,2.785
tun,sex_m,age_aggregate_y55_64,geo_cov_urb,2022,3.009
tun,sex_m,age_aggregate_y55_64,geo_cov_urb,2023,3.258
tun,sex_m,age_aggregate_yge65,geo_cov_nat,2019,3.208
tun,sex_m,age_aggregate_yge65,geo_cov_nat,2022,5.031
tun,sex_m,age_aggregate_yge65,geo_cov_nat,2023,3.825
tun,sex_m,age_aggregate_yge65,geo_cov_rur,2019,2.839
tun,sex_m,age_aggregate_yge65,geo_cov_rur,2022,4.16
tun,sex_m,age_aggregate_yge65,geo_cov_rur,2023,3.748
tun,sex_m,age_aggregate_yge65,geo_cov_urb,2019,3.549
tun,sex_m,age_aggregate_yge65,geo_cov_urb,2022,6.184
tun,sex_m,age_aggregate_yge65,geo_cov_urb,2023,3.921
tun,sex_m,age_ythadult_y15_24,geo_cov_nat,2019,38.164
tun,sex_m,age_ythadult_y15_24,geo_cov_nat,2022,45.789
tun,sex_m,age_ythadult_y15_24,geo_cov_nat,2023,46.629
tun,sex_m,age_ythadult_y15_24,geo_cov_rur,2019,36.249
tun,sex_m,age_ythadult_y15_24,geo_cov_rur,2022,48.279
tun,sex_m,age_ythadult_y15_24,geo_cov_rur,2023,49.994
tun,sex_m,age_ythadult_y15_24,geo_cov_urb,2019,39.327
tun,sex_m,age_ythadult_y15_24,geo_cov_urb,2022,43.908
tun,sex_m,age_ythadult_y15_24,geo_cov_urb,2023,44.145
tun,sex_m,age_ythadult_y15_64,geo_cov_nat,2019,14.384
tun,sex_m,age_ythadult_y15_64,geo_cov_nat,2022,16.105
tun,sex_m,age_ythadult_y15_64,geo_cov_nat,2023,16.013
tun,sex_m,age_ythadult_y15_64,geo_cov_rur,2019,14.727
tun,sex_m,age_ythadult_y15_64,geo_cov_rur,2022,19.167
tun,sex_m,age_ythadult_y15_64,geo_cov_rur,2023,18.887
tun,sex_m,age_ythadult_y15_64,geo_cov_urb,2019,14.238
tun,sex_m,age_ythadult_y15_64,geo_cov_urb,2022,14.66
tun,sex_m,age_ythadult_y15_64,geo_cov_urb,2023,14.633
tun,sex_m,age_ythadult_yge15,geo_cov_nat,2019,14.066
tun,sex_m,age_ythadult_yge15,geo_cov_nat,2022,15.887
tun,sex_m,age_ythadult_yge15,geo_cov_nat,2023,15.747
tun,sex_m,age_ythadult_yge15,geo_cov_rur,2019,14.193
tun,sex_m,age_ythadult_yge15,geo_cov_rur,2022,18.651
tun,sex_m,age_ythadult_yge15,geo_cov_rur,2023,18.328
tun,sex_m,age_ythadult_yge15,geo_cov_urb,2019,14.011
tun,sex_m,age_ythadult_yge15,geo_cov_urb,2022,14.554
tun,sex_m,age_ythadult_yge15,geo_cov_urb,2023,14.479
tun,sex_m,age_ythadult_yge25,geo_cov_nat,2019,10.531
tun,sex_m,age_ythadult_yge25,geo_cov_nat,2022,12.467
tun,sex_m,age_ythadult_yge25,geo_cov_nat,2023,12.384
tun,sex_m,age_ythadult_yge25,geo_cov_rur,2019,10.012
tun,sex_m,age_ythadult_yge25,geo_cov_rur,2022,13.999
tun,sex_m,age_ythadult_yge25,geo_cov_rur,2023,13.738
tun,sex_m,age_ythadult_yge25,geo_cov_urb,2019,10.745
tun,sex_m,age_ythadult_yge25,geo_cov_urb,2022,11.768
tun,sex_m,age_ythadult_yge25,geo_cov_urb,2023,11.749
tun,sex_t,age_aggregate_total,geo_cov_nat,2019,17.712
tun,sex_t,age_aggregate_total,geo_cov_nat,2022,19.035
tun,sex_t,age_aggregate_total,geo_cov_nat,2023,19.232
tun,sex_t,age_aggregate_total,geo_cov_rur,2019,17.915
tun,sex_t,age_aggregate_total,geo_cov_rur,2022,21.715
tun,sex_t,age_aggregate_total,geo_cov_rur,2023,22.357
tun,sex_t,age_aggregate_total,geo_cov_urb,2019,17.633
tun,sex_t,age_aggregate_total,geo_cov_urb,2022,17.849
tun,sex_t,age_aggregate_total,geo_cov_urb,2023,17.826
tun,sex_t,age_aggregate_y15_24,geo_cov_nat,2019,38.719
tun,sex_t,age_aggregate_y15_24,geo_cov_nat,2022,45.751
tun,sex_t,age_aggregate_y15_24,geo_cov_nat,2023,46.926
tun,sex_t,age_aggregate_y15_24,geo_cov_rur,2019,36.864
tun,sex_t,age_aggregate_y15_24,geo_cov_rur,2022,47.643
tun,sex_t,age_aggregate_y15_24,geo_cov_rur,2023,49.48
tun,sex_t,age_aggregate_y15_24,geo_cov_urb,2019,39.781
tun,sex_t,age_aggregate_y15_24,geo_cov_urb,2022,44.35
tun,sex_t,age_aggregate_y15_24,geo_cov_urb,2023,45.062
tun,sex_t,age_aggregate_y25_54,geo_cov_nat,2019,16.115
tun,sex_t,age_aggregate_y25_54,geo_cov_nat,2022,17.636
tun,sex_t,age_aggregate_y25_54,geo_cov_nat,2023,17.966
tun,sex_t,age_aggregate_y25_54,geo_cov_rur,2019,15.947
tun,sex_t,age_aggregate_y25_54,geo_cov_rur,2022,19.542
tun,sex_t,age_aggregate_y25_54,geo_cov_rur,2023,20.366
tun,sex_t,age_aggregate_y25_54,geo_cov_urb,2019,16.172
tun,sex_t,age_aggregate_y25_54,geo_cov_urb,2022,16.882
tun,sex_t,age_aggregate_y25_54,geo_cov_urb,2023,16.99
tun,sex_t,age_aggregate_y55_64,geo_cov_nat,2019,3.386
tun,sex_t,age_aggregate_y55_64,geo_cov_nat,2022,3.81
tun,sex_t,age_aggregate_y55_64,geo_cov_nat,2023,4.179
tun,sex_t,age_aggregate_y55_64,geo_cov_rur,2019,3.799
tun,sex_t,age_aggregate_y55_64,geo_cov_rur,2022,5.049
tun,sex_t,age_aggregate_y55_64,geo_cov_rur,2023,6.321
tun,sex_t,age_aggregate_y55_64,geo_cov_urb,2019,3.204
tun,sex_t,age_aggregate_y55_64,geo_cov_urb,2022,3.233
tun,sex_t,age_aggregate_y55_64,geo_cov_urb,2023,3.166
tun,sex_t,age_aggregate_yge65,geo_cov_nat,2019,4.362
tun,sex_t,age_aggregate_yge65,geo_cov_nat,2022,4.627
tun,sex_t,age_aggregate_yge65,geo_cov_nat,2023,3.987
tun,sex_t,age_aggregate_yge65,geo_cov_rur,2019,3.689
tun,sex_t,age_aggregate_yge65,geo_cov_rur,2022,3.98
tun,sex_t,age_aggregate_yge65,geo_cov_rur,2023,3.664
tun,sex_t,age_aggregate_yge65,geo_cov_urb,2019,4.97
tun,sex_t,age_aggregate_yge65,geo_cov_urb,2022,5.492
tun,sex_t,age_aggregate_yge65,geo_cov_urb,2023,4.373
tun,sex_t,age_ythadult_y15_24,geo_cov_nat,2019,38.719
tun,sex_t,age_ythadult_y15_24,geo_cov_nat,2022,45.751
tun,sex_t,age_ythadult_y15_24,geo_cov_nat,2023,46.926
tun,sex_t,age_ythadult_y15_24,geo_cov_rur,2019,36.864
tun,sex_t,age_ythadult_y15_24,geo_cov_rur,2022,47.643
tun,sex_t,age_ythadult_y15_24,geo_cov_rur,2023,49.48
tun,sex_t,age_ythadult_y15_24,geo_cov_urb,2019,39.781
tun,sex_t,age_ythadult_y15_24,geo_cov_urb,2022,44.35
tun,sex_t,age_ythadult_y15_24,geo_cov_urb,2023,45.062
tun,sex_t,age_ythadult_y15_64,geo_cov_nat,2019,18.02
tun,sex_t,age_ythadult_y15_64,geo_cov_nat,2022,19.275
tun,sex_t,age_ythadult_y15_64,geo_cov_nat,2023,19.504
tun,sex_t,age_ythadult_y15_64,geo_cov_rur,2019,18.477
tun,sex_t,age_ythadult_y15_64,geo_cov_rur,2022,22.275
tun,sex_t,age_ythadult_y15_64,geo_cov_rur,2023,22.95
tun,sex_t,age_ythadult_y15_64,geo_cov_urb,2019,17.845
tun,sex_t,age_ythadult_y15_64,geo_cov_urb,2022,17.975
tun,sex_t,age_ythadult_y15_64,geo_cov_urb,2023,17.984
tun,sex_t,age_ythadult_yge15,geo_cov_nat,2019,17.712
tun,sex_t,age_ythadult_yge15,geo_cov_nat,2022,19.035
tun,sex_t,age_ythadult_yge15,geo_cov_nat,2023,19.232
tun,sex_t,age_ythadult_yge15,geo_cov_rur,2019,17.915
tun,sex_t,age_ythadult_yge15,geo_cov_rur,2022,21.715
tun,sex_t,age_ythadult_yge15,geo_cov_rur,2023,22.357
tun,sex_t,age_ythadult_yge15,geo_cov_urb,2019,17.633
tun,sex_t,age_ythadult_yge15,geo_cov_urb,2022,17.849
tun,sex_t,age_ythadult_yge15,geo_cov_urb,2023,17.826
tun,sex_t,age_ythadult_yge25,geo_cov_nat,2019,14.338
tun,sex_t,age_ythadult_yge25,geo_cov_nat,2022,15.85
tun,sex_t,age_ythadult_yge25,geo_cov_nat,2023,16.133
tun,sex_t,age_ythadult_yge25,geo_cov_rur,2019,13.78
tun,sex_t,age_ythadult_yge25,geo_cov_rur,2022,17.223
tun,sex_t,age_ythadult_yge25,geo_cov_rur,2023,18.056
tun,sex_t,age_ythadult_yge25,geo_cov_urb,2019,14.542
tun,sex_t,age_ythadult_yge25,geo_cov_urb,2022,15.282
tun,sex_t,age_ythadult_yge25,geo_cov_urb,2023,15.318
tur,sex_f,age_aggregate_total,geo_cov_nat,2000,9.035
tur,sex_f,age_aggregate_total,geo_cov_nat,2001,9.357
tur,sex_f,age_aggregate_total,geo_cov_nat,2002,11.318
tur,sex_f,age_aggregate_total,geo_cov_nat,2003,11.782
tur,sex_f,age_aggregate_total,geo_cov_nat,2004,18.862
tur,sex_f,age_aggregate_total,geo_cov_nat,2005,22.687
tur,sex_f,age_aggregate_total,geo_cov_nat,2006,24.331
tur,sex_f,age_aggregate_total,geo_cov_nat,2007,23.075
tur,sex_f,age_aggregate_total,geo_cov_nat,2008,24.004
tur,sex_f,age_aggregate_total,geo_cov_nat,2009,26.979
tur,sex_f,age_aggregate_total,geo_cov_nat,2010,24.799
tur,sex_f,age_aggregate_total,geo_cov_nat,2011,22.321
tur,sex_f,age_aggregate_total,geo_cov_nat,2012,21.185
tur,sex_f,age_aggregate_total,geo_cov_nat,2013,22.851
tur,sex_f,age_aggregate_total,geo_cov_rur,2000,4.007
tur,sex_f,age_aggregate_total,geo_cov_rur,2001,3.332
tur,sex_f,age_aggregate_total,geo_cov_rur,2002,4.491
tur,sex_f,age_aggregate_total,geo_cov_rur,2003,5.614
tur,sex_f,age_aggregate_total,geo_cov_rur,2004,8.592
tur,sex_f,age_aggregate_total,geo_cov_rur,2005,12.731
tur,sex_f,age_aggregate_total,geo_cov_rur,2006,15.029
tur,sex_f,age_aggregate_total,geo_cov_rur,2007,15.067
tur,sex_f,age_aggregate_total,geo_cov_rur,2008,14.636
tur,sex_f,age_aggregate_total,geo_cov_rur,2009,16.644
tur,sex_f,age_aggregate_total,geo_cov_rur,2010,14.472
tur,sex_f,age_aggregate_total,geo_cov_rur,2011,12.931
tur,sex_f,age_aggregate_total,geo_cov_rur,2012,12.207
tur,sex_f,age_aggregate_total,geo_cov_rur,2013,13.464
tur,sex_f,age_aggregate_total,geo_cov_urb,2000,16.883
tur,sex_f,age_aggregate_total,geo_cov_urb,2001,18.857
tur,sex_f,age_aggregate_total,geo_cov_urb,2002,20.93
tur,sex_f,age_aggregate_total,geo_cov_urb,2003,20.156
tur,sex_f,age_aggregate_total,geo_cov_urb,2004,27.224
tur,sex_f,age_aggregate_total,geo_cov_urb,2005,29.902
tur,sex_f,age_aggregate_total,geo_cov_urb,2006,30.725
tur,sex_f,age_aggregate_total,geo_cov_urb,2007,28.578
tur,sex_f,age_aggregate_total,geo_cov_urb,2008,30.102
tur,sex_f,age_aggregate_total,geo_cov_urb,2009,33.61
tur,sex_f,age_aggregate_total,geo_cov_urb,2010,31.402
tur,sex_f,age_aggregate_total,geo_cov_urb,2011,28.455
tur,sex_f,age_aggregate_total,geo_cov_urb,2012,26.752
tur,sex_f,age_aggregate_total,geo_cov_urb,2013,28.252
tur,sex_f,age_aggregate_y15_24,geo_cov_nat,2000,16.118
tur,sex_f,age_aggregate_y15_24,geo_cov_nat,2001,16.753
tur,sex_f,age_aggregate_y15_24,geo_cov_nat,2002,19.569
tur,sex_f,age_aggregate_y15_24,geo_cov_nat,2003,21.165
tur,sex_f,age_aggregate_y15_24,geo_cov_nat,2004,30.426
tur,sex_f,age_aggregate_y15_24,geo_cov_nat,2005,34.053
tur,sex_f,age_aggregate_y15_24,geo_cov_nat,2006,35.479
tur,sex_f,age_aggregate_y15_24,geo_cov_nat,2007,34.387
tur,sex_f,age_aggregate_y15_24,geo_cov_nat,2008,34.417
tur,sex_f,age_aggregate_y15_24,geo_cov_nat,2009,38.321
tur,sex_f,age_aggregate_y15_24,geo_cov_nat,2010,35.707
tur,sex_f,age_aggregate_y15_24,geo_cov_nat,2011,33.032
tur,sex_f,age_aggregate_y15_24,geo_cov_nat,2012,32.158
tur,sex_f,age_aggregate_y15_24,geo_cov_nat,2013,33.61
tur,sex_f,age_aggregate_y15_24,geo_cov_rur,2000,7.472
tur,sex_f,age_aggregate_y15_24,geo_cov_rur,2001,6.292
tur,sex_f,age_aggregate_y15_24,geo_cov_rur,2002,8.939
tur,sex_f,age_aggregate_y15_24,geo_cov_rur,2003,11.64
tur,sex_f,age_aggregate_y15_24,geo_cov_rur,2004,17.503
tur,sex_f,age_aggregate_y15_24,geo_cov_rur,2005,24.02
tur,sex_f,age_aggregate_y15_24,geo_cov_rur,2006,27.505
tur,sex_f,age_aggregate_y15_24,geo_cov_rur,2007,28.655
tur,sex_f,age_aggregate_y15_24,geo_cov_rur,2008,25.008
tur,sex_f,age_aggregate_y15_24,geo_cov_rur,2009,29.082
tur,sex_f,age_aggregate_y15_24,geo_cov_rur,2010,26.016
tur,sex_f,age_aggregate_y15_24,geo_cov_rur,2011,24.765
tur,sex_f,age_aggregate_y15_24,geo_cov_rur,2012,24.621
tur,sex_f,age_aggregate_y15_24,geo_cov_rur,2013,25.712
tur,sex_f,age_aggregate_y15_24,geo_cov_urb,2000,27.191
tur,sex_f,age_aggregate_y15_24,geo_cov_urb,2001,30.09
tur,sex_f,age_aggregate_y15_24,geo_cov_urb,2002,31.8
tur,sex_f,age_aggregate_y15_24,geo_cov_urb,2003,31.048
tur,sex_f,age_aggregate_y15_24,geo_cov_urb,2004,38.659
tur,sex_f,age_aggregate_y15_24,geo_cov_urb,2005,39.981
tur,sex_f,age_aggregate_y15_24,geo_cov_urb,2006,39.908
tur,sex_f,age_aggregate_y15_24,geo_cov_urb,2007,37.434
tur,sex_f,age_aggregate_y15_24,geo_cov_urb,2008,39.225
tur,sex_f,age_aggregate_y15_24,geo_cov_urb,2009,42.927
tur,sex_f,age_aggregate_y15_24,geo_cov_urb,2010,40.706
tur,sex_f,age_aggregate_y15_24,geo_cov_urb,2011,37.545
tur,sex_f,age_aggregate_y15_24,geo_cov_urb,2012,36.167
tur,sex_f,age_aggregate_y15_24,geo_cov_urb,2013,37.563
tur,sex_f,age_aggregate_y25_54,geo_cov_nat,2000,6.619
tur,sex_f,age_aggregate_y25_54,geo_cov_nat,2001,7.316
tur,sex_f,age_aggregate_y25_54,geo_cov_nat,2002,9.272
tur,sex_f,age_aggregate_y25_54,geo_cov_nat,2003,9.605
tur,sex_f,age_aggregate_y25_54,geo_cov_nat,2004,16
tur,sex_f,age_aggregate_y25_54,geo_cov_nat,2005,20.146
tur,sex_f,age_aggregate_y25_54,geo_cov_nat,2006,22.104
tur,sex_f,age_aggregate_y25_54,geo_cov_nat,2007,20.736
tur,sex_f,age_aggregate_y25_54,geo_cov_nat,2008,22.103
tur,sex_f,age_aggregate_y25_54,geo_cov_nat,2009,25.25
tur,sex_f,age_aggregate_y25_54,geo_cov_nat,2010,23.18
tur,sex_f,age_aggregate_y25_54,geo_cov_nat,2011,20.84
tur,sex_f,age_aggregate_y25_54,geo_cov_nat,2012,19.799
tur,sex_f,age_aggregate_y25_54,geo_cov_nat,2013,21.574
tur,sex_f,age_aggregate_y25_54,geo_cov_rur,2000,2.852
tur,sex_f,age_aggregate_y25_54,geo_cov_rur,2001,2.721
tur,sex_f,age_aggregate_y25_54,geo_cov_rur,2002,3.578
tur,sex_f,age_aggregate_y25_54,geo_cov_rur,2003,4.61
tur,sex_f,age_aggregate_y25_54,geo_cov_rur,2004,6.913
tur,sex_f,age_aggregate_y25_54,geo_cov_rur,2005,10.901
tur,sex_f,age_aggregate_y25_54,geo_cov_rur,2006,13.546
tur,sex_f,age_aggregate_y25_54,geo_cov_rur,2007,13.296
tur,sex_f,age_aggregate_y25_54,geo_cov_rur,2008,13.966
tur,sex_f,age_aggregate_y25_54,geo_cov_rur,2009,16.019
tur,sex_f,age_aggregate_y25_54,geo_cov_rur,2010,13.73
tur,sex_f,age_aggregate_y25_54,geo_cov_rur,2011,11.984
tur,sex_f,age_aggregate_y25_54,geo_cov_rur,2012,11.216
tur,sex_f,age_aggregate_y25_54,geo_cov_rur,2013,12.82
tur,sex_f,age_aggregate_y25_54,geo_cov_urb,2000,11.766
tur,sex_f,age_aggregate_y25_54,geo_cov_urb,2001,13.735
tur,sex_f,age_aggregate_y25_54,geo_cov_urb,2002,16.297
tur,sex_f,age_aggregate_y25_54,geo_cov_urb,2003,15.672
tur,sex_f,age_aggregate_y25_54,geo_cov_urb,2004,22.582
tur,sex_f,age_aggregate_y25_54,geo_cov_urb,2005,26.187
tur,sex_f,age_aggregate_y25_54,geo_cov_urb,2006,27.454
tur,sex_f,age_aggregate_y25_54,geo_cov_urb,2007,25.402
tur,sex_f,age_aggregate_y25_54,geo_cov_urb,2008,26.85
tur,sex_f,age_aggregate_y25_54,geo_cov_urb,2009,30.546
tur,sex_f,age_aggregate_y25_54,geo_cov_urb,2010,28.565
tur,sex_f,age_aggregate_y25_54,geo_cov_urb,2011,25.916
tur,sex_f,age_aggregate_y25_54,geo_cov_urb,2012,24.393
tur,sex_f,age_aggregate_y25_54,geo_cov_urb,2013,25.925
tur,sex_f,age_aggregate_y55_64,geo_cov_nat,2000,2.651
tur,sex_f,age_aggregate_y55_64,geo_cov_nat,2001,1.262
tur,sex_f,age_aggregate_y55_64,geo_cov_nat,2002,2.053
tur,sex_f,age_aggregate_y55_64,geo_cov_nat,2003,1.735
tur,sex_f,age_aggregate_y55_64,geo_cov_nat,2004,3.952
tur,sex_f,age_aggregate_y55_64,geo_cov_nat,2005,6.301
tur,sex_f,age_aggregate_y55_64,geo_cov_nat,2006,7.071
tur,sex_f,age_aggregate_y55_64,geo_cov_nat,2007,7.976
tur,sex_f,age_aggregate_y55_64,geo_cov_nat,2008,9.686
tur,sex_f,age_aggregate_y55_64,geo_cov_nat,2009,10.87
tur,sex_f,age_aggregate_y55_64,geo_cov_nat,2010,10.7
tur,sex_f,age_aggregate_y55_64,geo_cov_nat,2011,9.956
tur,sex_f,age_aggregate_y55_64,geo_cov_nat,2012,9.133
tur,sex_f,age_aggregate_y55_64,geo_cov_nat,2013,10.58
tur,sex_f,age_aggregate_y55_64,geo_cov_rur,2000,2.212
tur,sex_f,age_aggregate_y55_64,geo_cov_rur,2001,0.884
tur,sex_f,age_aggregate_y55_64,geo_cov_rur,2002,1.164
tur,sex_f,age_aggregate_y55_64,geo_cov_rur,2003,0.981
tur,sex_f,age_aggregate_y55_64,geo_cov_rur,2004,2.05
tur,sex_f,age_aggregate_y55_64,geo_cov_rur,2005,3.024
tur,sex_f,age_aggregate_y55_64,geo_cov_rur,2006,2.273
tur,sex_f,age_aggregate_y55_64,geo_cov_rur,2007,3.669
tur,sex_f,age_aggregate_y55_64,geo_cov_rur,2008,4.327
tur,sex_f,age_aggregate_y55_64,geo_cov_rur,2009,4.558
tur,sex_f,age_aggregate_y55_64,geo_cov_rur,2010,3.848
tur,sex_f,age_aggregate_y55_64,geo_cov_rur,2011,3.817
tur,sex_f,age_aggregate_y55_64,geo_cov_rur,2012,3.287
tur,sex_f,age_aggregate_y55_64,geo_cov_rur,2013,3.531
tur,sex_f,age_aggregate_y55_64,geo_cov_urb,2000,7.476
tur,sex_f,age_aggregate_y55_64,geo_cov_urb,2001,4.928
tur,sex_f,age_aggregate_y55_64,geo_cov_urb,2002,9.473
tur,sex_f,age_aggregate_y55_64,geo_cov_urb,2003,8.793
tur,sex_f,age_aggregate_y55_64,geo_cov_urb,2004,11.965
tur,sex_f,age_aggregate_y55_64,geo_cov_urb,2005,16.964
tur,sex_f,age_aggregate_y55_64,geo_cov_urb,2006,20.991
tur,sex_f,age_aggregate_y55_64,geo_cov_urb,2007,21.578
tur,sex_f,age_aggregate_y55_64,geo_cov_urb,2008,26.98
tur,sex_f,age_aggregate_y55_64,geo_cov_urb,2009,30.088
tur,sex_f,age_aggregate_y55_64,geo_cov_urb,2010,29.038
tur,sex_f,age_aggregate_y55_64,geo_cov_urb,2011,25.463
tur,sex_f,age_aggregate_y55_64,geo_cov_urb,2012,23.925
tur,sex_f,age_aggregate_y55_64,geo_cov_urb,2013,26.133
tur,sex_f,age_aggregate_yge65,geo_cov_nat,2000,2.299
tur,sex_f,age_aggregate_yge65,geo_cov_nat,2001,0.624
tur,sex_f,age_aggregate_yge65,geo_cov_nat,2002,0.646
tur,sex_f,age_aggregate_yge65,geo_cov_nat,2003,0.678
tur,sex_f,age_aggregate_yge65,geo_cov_nat,2004,2.225
tur,sex_f,age_aggregate_yge65,geo_cov_nat,2005,2.598
tur,sex_f,age_aggregate_yge65,geo_cov_nat,2006,3.394
tur,sex_f,age_aggregate_yge65,geo_cov_nat,2007,3.941
tur,sex_f,age_aggregate_yge65,geo_cov_nat,2008,5.793
tur,sex_f,age_aggregate_yge65,geo_cov_nat,2009,5.678
tur,sex_f,age_aggregate_yge65,geo_cov_nat,2010,6.704
tur,sex_f,age_aggregate_yge65,geo_cov_nat,2011,4.512
tur,sex_f,age_aggregate_yge65,geo_cov_nat,2012,5.533
tur,sex_f,age_aggregate_yge65,geo_cov_nat,2013,6.625
tur,sex_f,age_aggregate_yge65,geo_cov_rur,2000,1.843
tur,sex_f,age_aggregate_yge65,geo_cov_rur,2003,0.449
tur,sex_f,age_aggregate_yge65,geo_cov_rur,2004,1.068
tur,sex_f,age_aggregate_yge65,geo_cov_rur,2005,0.846
tur,sex_f,age_aggregate_yge65,geo_cov_rur,2006,1.428
tur,sex_f,age_aggregate_yge65,geo_cov_rur,2007,2.464
tur,sex_f,age_aggregate_yge65,geo_cov_rur,2008,2.39
tur,sex_f,age_aggregate_yge65,geo_cov_rur,2009,2.864
tur,sex_f,age_aggregate_yge65,geo_cov_rur,2010,3.271
tur,sex_f,age_aggregate_yge65,geo_cov_rur,2011,1.76
tur,sex_f,age_aggregate_yge65,geo_cov_rur,2012,2.842
tur,sex_f,age_aggregate_yge65,geo_cov_rur,2013,2.563
tur,sex_f,age_aggregate_yge65,geo_cov_urb,2000,9.011
tur,sex_f,age_aggregate_yge65,geo_cov_urb,2001,5.614
tur,sex_f,age_aggregate_yge65,geo_cov_urb,2002,6.657
tur,sex_f,age_aggregate_yge65,geo_cov_urb,2003,4.138
tur,sex_f,age_aggregate_yge65,geo_cov_urb,2004,9.759
tur,sex_f,age_aggregate_yge65,geo_cov_urb,2005,11.441
tur,sex_f,age_aggregate_yge65,geo_cov_urb,2006,15.33
tur,sex_f,age_aggregate_yge65,geo_cov_urb,2007,12.824
tur,sex_f,age_aggregate_yge65,geo_cov_urb,2008,25.463
tur,sex_f,age_aggregate_yge65,geo_cov_urb,2009,23.191
tur,sex_f,age_aggregate_yge65,geo_cov_urb,2010,22.755
tur,sex_f,age_aggregate_yge65,geo_cov_urb,2011,19.675
tur,sex_f,age_aggregate_yge65,geo_cov_urb,2012,19.92
tur,sex_f,age_aggregate_yge65,geo_cov_urb,2013,24.982
tur,sex_f,age_ythadult_y15_24,geo_cov_nat,2000,16.118
tur,sex_f,age_ythadult_y15_24,geo_cov_nat,2001,16.753
tur,sex_f,age_ythadult_y15_24,geo_cov_nat,2002,19.569
tur,sex_f,age_ythadult_y15_24,geo_cov_nat,2003,21.165
tur,sex_f,age_ythadult_y15_24,geo_cov_nat,2004,30.426
tur,sex_f,age_ythadult_y15_24,geo_cov_nat,2005,34.053
tur,sex_f,age_ythadult_y15_24,geo_cov_nat,2006,35.479
tur,sex_f,age_ythadult_y15_24,geo_cov_nat,2007,34.387
tur,sex_f,age_ythadult_y15_24,geo_cov_nat,2008,34.417
tur,sex_f,age_ythadult_y15_24,geo_cov_nat,2009,38.321
tur,sex_f,age_ythadult_y15_24,geo_cov_nat,2010,35.707
tur,sex_f,age_ythadult_y15_24,geo_cov_nat,2011,33.032
tur,sex_f,age_ythadult_y15_24,geo_cov_nat,2012,32.158
tur,sex_f,age_ythadult_y15_24,geo_cov_nat,2013,33.61
tur,sex_f,age_ythadult_y15_24,geo_cov_rur,2000,7.472
tur,sex_f,age_ythadult_y15_24,geo_cov_rur,2001,6.292
tur,sex_f,age_ythadult_y15_24,geo_cov_rur,2002,8.939
tur,sex_f,age_ythadult_y15_24,geo_cov_rur,2003,11.64
tur,sex_f,age_ythadult_y15_24,geo_cov_rur,2004,17.503
tur,sex_f,age_ythadult_y15_24,geo_cov_rur,2005,24.02
tur,sex_f,age_ythadult_y15_24,geo_cov_rur,2006,27.505
tur,sex_f,age_ythadult_y15_24,geo_cov_rur,2007,28.655
tur,sex_f,age_ythadult_y15_24,geo_cov_rur,2008,25.008
tur,sex_f,age_ythadult_y15_24,geo_cov_rur,2009,29.082
tur,sex_f,age_ythadult_y15_24,geo_cov_rur,2010,26.016
tur,sex_f,age_ythadult_y15_24,geo_cov_rur,2011,24.765
tur,sex_f,age_ythadult_y15_24,geo_cov_rur,2012,24.621
tur,sex_f,age_ythadult_y15_24,geo_cov_rur,2013,25.712
tur,sex_f,age_ythadult_y15_24,geo_cov_urb,2000,27.191
tur,sex_f,age_ythadult_y15_24,geo_cov_urb,2001,30.09
tur,sex_f,age_ythadult_y15_24,geo_cov_urb,2002,31.8
tur,sex_f,age_ythadult_y15_24,geo_cov_urb,2003,31.048
tur,sex_f,age_ythadult_y15_24,geo_cov_urb,2004,38.659
tur,sex_f,age_ythadult_y15_24,geo_cov_urb,2005,39.981
tur,sex_f,age_ythadult_y15_24,geo_cov_urb,2006,39.908
tur,sex_f,age_ythadult_y15_24,geo_cov_urb,2007,37.434
tur,sex_f,age_ythadult_y15_24,geo_cov_urb,2008,39.225
tur,sex_f,age_ythadult_y15_24,geo_cov_urb,2009,42.927
tur,sex_f,age_ythadult_y15_24,geo_cov_urb,2010,40.706
tur,sex_f,age_ythadult_y15_24,geo_cov_urb,2011,37.545
tur,sex_f,age_ythadult_y15_24,geo_cov_urb,2012,36.167
tur,sex_f,age_ythadult_y15_24,geo_cov_urb,2013,37.563
tur,sex_f,age_ythadult_y15_64,geo_cov_nat,2000,9.284
tur,sex_f,age_ythadult_y15_64,geo_cov_nat,2001,9.705
tur,sex_f,age_ythadult_y15_64,geo_cov_nat,2002,11.703
tur,sex_f,age_ythadult_y15_64,geo_cov_nat,2003,12.17
tur,sex_f,age_ythadult_y15_64,geo_cov_nat,2004,19.379
tur,sex_f,age_ythadult_y15_64,geo_cov_nat,2005,23.219
tur,sex_f,age_ythadult_y15_64,geo_cov_nat,2006,24.8
tur,sex_f,age_ythadult_y15_64,geo_cov_nat,2007,23.519
tur,sex_f,age_ythadult_y15_64,geo_cov_nat,2008,24.422
tur,sex_f,age_ythadult_y15_64,geo_cov_nat,2009,27.447
tur,sex_f,age_ythadult_y15_64,geo_cov_nat,2010,25.183
tur,sex_f,age_ythadult_y15_64,geo_cov_nat,2011,22.727
tur,sex_f,age_ythadult_y15_64,geo_cov_nat,2012,21.534
tur,sex_f,age_ythadult_y15_64,geo_cov_nat,2013,23.189
tur,sex_f,age_ythadult_y15_64,geo_cov_rur,2000,4.132
tur,sex_f,age_ythadult_y15_64,geo_cov_rur,2001,3.522
tur,sex_f,age_ythadult_y15_64,geo_cov_rur,2002,4.743
tur,sex_f,age_ythadult_y15_64,geo_cov_rur,2003,5.914
tur,sex_f,age_ythadult_y15_64,geo_cov_rur,2004,9.057
tur,sex_f,age_ythadult_y15_64,geo_cov_rur,2005,13.373
tur,sex_f,age_ythadult_y15_64,geo_cov_rur,2006,15.688
tur,sex_f,age_ythadult_y15_64,geo_cov_rur,2007,15.699
tur,sex_f,age_ythadult_y15_64,geo_cov_rur,2008,15.261
tur,sex_f,age_ythadult_y15_64,geo_cov_rur,2009,17.329
tur,sex_f,age_ythadult_y15_64,geo_cov_rur,2010,14.987
tur,sex_f,age_ythadult_y15_64,geo_cov_rur,2011,13.491
tur,sex_f,age_ythadult_y15_64,geo_cov_rur,2012,12.678
tur,sex_f,age_ythadult_y15_64,geo_cov_rur,2013,13.987
tur,sex_f,age_ythadult_y15_64,geo_cov_urb,2000,16.929
tur,sex_f,age_ythadult_y15_64,geo_cov_urb,2001,18.942
tur,sex_f,age_ythadult_y15_64,geo_cov_urb,2002,21.014
tur,sex_f,age_ythadult_y15_64,geo_cov_urb,2003,20.235
tur,sex_f,age_ythadult_y15_64,geo_cov_urb,2004,27.352
tur,sex_f,age_ythadult_y15_64,geo_cov_urb,2005,30.039
tur,sex_f,age_ythadult_y15_64,geo_cov_urb,2006,30.806
tur,sex_f,age_ythadult_y15_64,geo_cov_urb,2007,28.664
tur,sex_f,age_ythadult_y15_64,geo_cov_urb,2008,30.128
tur,sex_f,age_ythadult_y15_64,geo_cov_urb,2009,33.661
tur,sex_f,age_ythadult_y15_64,geo_cov_urb,2010,31.454
tur,sex_f,age_ythadult_y15_64,geo_cov_urb,2011,28.505
tur,sex_f,age_ythadult_y15_64,geo_cov_urb,2012,26.79
tur,sex_f,age_ythadult_y15_64,geo_cov_urb,2013,28.271
tur,sex_f,age_ythadult_yge15,geo_cov_nat,2000,9.035
tur,sex_f,age_ythadult_yge15,geo_cov_nat,2001,9.357
tur,sex_f,age_ythadult_yge15,geo_cov_nat,2002,11.318
tur,sex_f,age_ythadult_yge15,geo_cov_nat,2003,11.782
tur,sex_f,age_ythadult_yge15,geo_cov_nat,2004,18.862
tur,sex_f,age_ythadult_yge15,geo_cov_nat,2005,22.687
tur,sex_f,age_ythadult_yge15,geo_cov_nat,2006,24.331
tur,sex_f,age_ythadult_yge15,geo_cov_nat,2007,23.075
tur,sex_f,age_ythadult_yge15,geo_cov_nat,2008,24.004
tur,sex_f,age_ythadult_yge15,geo_cov_nat,2009,26.979
tur,sex_f,age_ythadult_yge15,geo_cov_nat,2010,24.799
tur,sex_f,age_ythadult_yge15,geo_cov_nat,2011,22.321
tur,sex_f,age_ythadult_yge15,geo_cov_nat,2012,21.185
tur,sex_f,age_ythadult_yge15,geo_cov_nat,2013,22.851
tur,sex_f,age_ythadult_yge15,geo_cov_rur,2000,4.007
tur,sex_f,age_ythadult_yge15,geo_cov_rur,2001,3.332
tur,sex_f,age_ythadult_yge15,geo_cov_rur,2002,4.491
tur,sex_f,age_ythadult_yge15,geo_cov_rur,2003,5.614
tur,sex_f,age_ythadult_yge15,geo_cov_rur,2004,8.592
tur,sex_f,age_ythadult_yge15,geo_cov_rur,2005,12.731
tur,sex_f,age_ythadult_yge15,geo_cov_rur,2006,15.029
tur,sex_f,age_ythadult_yge15,geo_cov_rur,2007,15.067
tur,sex_f,age_ythadult_yge15,geo_cov_rur,2008,14.636
tur,sex_f,age_ythadult_yge15,geo_cov_rur,2009,16.644
tur,sex_f,age_ythadult_yge15,geo_cov_rur,2010,14.472
tur,sex_f,age_ythadult_yge15,geo_cov_rur,2011,12.931
tur,sex_f,age_ythadult_yge15,geo_cov_rur,2012,12.207
tur,sex_f,age_ythadult_yge15,geo_cov_rur,2013,13.464
tur,sex_f,age_ythadult_yge15,geo_cov_urb,2000,16.883
tur,sex_f,age_ythadult_yge15,geo_cov_urb,2001,18.857
tur,sex_f,age_ythadult_yge15,geo_cov_urb,2002,20.93
tur,sex_f,age_ythadult_yge15,geo_cov_urb,2003,20.156
tur,sex_f,age_ythadult_yge15,geo_cov_urb,2004,27.224
tur,sex_f,age_ythadult_yge15,geo_cov_urb,2005,29.902
tur,sex_f,age_ythadult_yge15,geo_cov_urb,2006,30.725
tur,sex_f,age_ythadult_yge15,geo_cov_urb,2007,28.578
tur,sex_f,age_ythadult_yge15,geo_cov_urb,2008,30.102
tur,sex_f,age_ythadult_yge15,geo_cov_urb,2009,33.61
tur,sex_f,age_ythadult_yge15,geo_cov_urb,2010,31.402
tur,sex_f,age_ythadult_yge15,geo_cov_urb,2011,28.455
tur,sex_f,age_ythadult_yge15,geo_cov_urb,2012,26.752
tur,sex_f,age_ythadult_yge15,geo_cov_urb,2013,28.252
tur,sex_f,age_ythadult_yge25,geo_cov_nat,2000,5.998
tur,sex_f,age_ythadult_yge25,geo_cov_nat,2001,6.379
tur,sex_f,age_ythadult_yge25,geo_cov_nat,2002,8.152
tur,sex_f,age_ythadult_yge25,geo_cov_nat,2003,8.463
tur,sex_f,age_ythadult_yge25,geo_cov_nat,2004,14.397
tur,sex_f,age_ythadult_yge25,geo_cov_nat,2005,18.499
tur,sex_f,age_ythadult_yge25,geo_cov_nat,2006,20.454
tur,sex_f,age_ythadult_yge25,geo_cov_nat,2007,19.278
tur,sex_f,age_ythadult_yge25,geo_cov_nat,2008,20.7
tur,sex_f,age_ythadult_yge25,geo_cov_nat,2009,23.603
tur,sex_f,age_ythadult_yge25,geo_cov_nat,2010,21.763
tur,sex_f,age_ythadult_yge25,geo_cov_nat,2011,19.507
tur,sex_f,age_ythadult_yge25,geo_cov_nat,2012,18.568
tur,sex_f,age_ythadult_yge25,geo_cov_nat,2013,20.321
tur,sex_f,age_ythadult_yge25,geo_cov_rur,2000,2.682
tur,sex_f,age_ythadult_yge25,geo_cov_rur,2001,2.276
tur,sex_f,age_ythadult_yge25,geo_cov_rur,2002,2.978
tur,sex_f,age_ythadult_yge25,geo_cov_rur,2003,3.802
tur,sex_f,age_ythadult_yge25,geo_cov_rur,2004,5.754
tur,sex_f,age_ythadult_yge25,geo_cov_rur,2005,9.204
tur,sex_f,age_ythadult_yge25,geo_cov_rur,2006,11.383
tur,sex_f,age_ythadult_yge25,geo_cov_rur,2007,11.366
tur,sex_f,age_ythadult_yge25,geo_cov_rur,2008,11.934
tur,sex_f,age_ythadult_yge25,geo_cov_rur,2009,13.627
tur,sex_f,age_ythadult_yge25,geo_cov_rur,2010,11.765
tur,sex_f,age_ythadult_yge25,geo_cov_rur,2011,10.228
tur,sex_f,age_ythadult_yge25,geo_cov_rur,2012,9.578
tur,sex_f,age_ythadult_yge25,geo_cov_rur,2013,10.886
tur,sex_f,age_ythadult_yge25,geo_cov_urb,2000,11.644
tur,sex_f,age_ythadult_yge25,geo_cov_urb,2001,13.444
tur,sex_f,age_ythadult_yge25,geo_cov_urb,2002,16.035
tur,sex_f,age_ythadult_yge25,geo_cov_urb,2003,15.436
tur,sex_f,age_ythadult_yge25,geo_cov_urb,2004,22.118
tur,sex_f,age_ythadult_yge25,geo_cov_urb,2005,25.747
tur,sex_f,age_ythadult_yge25,geo_cov_urb,2006,27.156
tur,sex_f,age_ythadult_yge25,geo_cov_urb,2007,25.188
tur,sex_f,age_ythadult_yge25,geo_cov_urb,2008,26.844
tur,sex_f,age_ythadult_yge25,geo_cov_urb,2009,30.483
tur,sex_f,age_ythadult_yge25,geo_cov_urb,2010,28.536
tur,sex_f,age_ythadult_yge25,geo_cov_urb,2011,25.854
tur,sex_f,age_ythadult_yge25,geo_cov_urb,2012,24.344
tur,sex_f,age_ythadult_yge25,geo_cov_urb,2013,25.926
tur,sex_m,age_aggregate_total,geo_cov_nat,2000,7.698
tur,sex_m,age_aggregate_total,geo_cov_nat,2001,9.623
tur,sex_m,age_aggregate_total,geo_cov_nat,2002,11.527
tur,sex_m,age_aggregate_total,geo_cov_nat,2003,11.667
tur,sex_m,age_aggregate_total,geo_cov_nat,2004,13.782
tur,sex_m,age_aggregate_total,geo_cov_nat,2005,14.194
tur,sex_m,age_aggregate_total,geo_cov_nat,2006,14.509
tur,sex_m,age_aggregate_total,geo_cov_nat,2007,14.15
tur,sex_m,age_aggregate_total,geo_cov_nat,2008,14.866
tur,sex_m,age_aggregate_total,geo_cov_nat,2009,18.109
tur,sex_m,age_aggregate_total,geo_cov_nat,2010,15.578
tur,sex_m,age_aggregate_total,geo_cov_nat,2011,13.168
tur,sex_m,age_aggregate_total,geo_cov_nat,2012,12.914
tur,sex_m,age_aggregate_total,geo_cov_nat,2013,12.796
tur,sex_m,age_aggregate_total,geo_cov_rur,2000,6.097
tur,sex_m,age_aggregate_total,geo_cov_rur,2001,7.624
tur,sex_m,age_aggregate_total,geo_cov_rur,2002,8.431
tur,sex_m,age_aggregate_total,geo_cov_rur,2003,9.521
tur,sex_m,age_aggregate_total,geo_cov_rur,2004,10.978
tur,sex_m,age_aggregate_total,geo_cov_rur,2005,12.847
tur,sex_m,age_aggregate_total,geo_cov_rur,2006,13.931
tur,sex_m,age_aggregate_total,geo_cov_rur,2007,14.307
tur,sex_m,age_aggregate_total,geo_cov_rur,2008,14.24
tur,sex_m,age_aggregate_total,geo_cov_rur,2009,16.449
tur,sex_m,age_aggregate_total,geo_cov_rur,2010,14.065
tur,sex_m,age_aggregate_total,geo_cov_rur,2011,11.865
tur,sex_m,age_aggregate_total,geo_cov_rur,2012,12.297
tur,sex_m,age_aggregate_total,geo_cov_rur,2013,12
tur,sex_m,age_aggregate_total,geo_cov_urb,2000,8.858
tur,sex_m,age_aggregate_total,geo_cov_urb,2001,11.025
tur,sex_m,age_aggregate_total,geo_cov_urb,2002,13.636
tur,sex_m,age_aggregate_total,geo_cov_urb,2003,13.09
tur,sex_m,age_aggregate_total,geo_cov_urb,2004,15.007
tur,sex_m,age_aggregate_total,geo_cov_urb,2005,14.764
tur,sex_m,age_aggregate_total,geo_cov_urb,2006,14.75
tur,sex_m,age_aggregate_total,geo_cov_urb,2007,14.083
tur,sex_m,age_aggregate_total,geo_cov_urb,2008,15.134
tur,sex_m,age_aggregate_total,geo_cov_urb,2009,18.843
tur,sex_m,age_aggregate_total,geo_cov_urb,2010,16.251
tur,sex_m,age_aggregate_total,geo_cov_urb,2011,13.772
tur,sex_m,age_aggregate_total,geo_cov_urb,2012,13.197
tur,sex_m,age_aggregate_total,geo_cov_urb,2013,13.16
tur,sex_m,age_aggregate_y15_24,geo_cov_nat,2000,15.934
tur,sex_m,age_aggregate_y15_24,geo_cov_nat,2001,18.939
tur,sex_m,age_aggregate_y15_24,geo_cov_nat,2002,21.438
tur,sex_m,age_aggregate_y15_24,geo_cov_nat,2003,23.222
tur,sex_m,age_aggregate_y15_24,geo_cov_nat,2004,26.614
tur,sex_m,age_aggregate_y15_24,geo_cov_nat,2005,26.635
tur,sex_m,age_aggregate_y15_24,geo_cov_nat,2006,26.612
tur,sex_m,age_aggregate_y15_24,geo_cov_nat,2007,27.063
tur,sex_m,age_aggregate_y15_24,geo_cov_nat,2008,27.424
tur,sex_m,age_aggregate_y15_24,geo_cov_nat,2009,32.435
tur,sex_m,age_aggregate_y15_24,geo_cov_nat,2010,28.712
tur,sex_m,age_aggregate_y15_24,geo_cov_nat,2011,24.304
tur,sex_m,age_aggregate_y15_24,geo_cov_nat,2012,24.782
tur,sex_m,age_aggregate_y15_24,geo_cov_nat,2013,24.59
tur,sex_m,age_aggregate_y15_24,geo_cov_rur,2000,13.392
tur,sex_m,age_aggregate_y15_24,geo_cov_rur,2001,15.864
tur,sex_m,age_aggregate_y15_24,geo_cov_rur,2002,17.109
tur,sex_m,age_aggregate_y15_24,geo_cov_rur,2003,21.693
tur,sex_m,age_aggregate_y15_24,geo_cov_rur,2004,23.859
tur,sex_m,age_aggregate_y15_24,geo_cov_rur,2005,27.686
tur,sex_m,age_aggregate_y15_24,geo_cov_rur,2006,28.846
tur,sex_m,age_aggregate_y15_24,geo_cov_rur,2007,30.874
tur,sex_m,age_aggregate_y15_24,geo_cov_rur,2008,30.353
tur,sex_m,age_aggregate_y15_24,geo_cov_rur,2009,33.273
tur,sex_m,age_aggregate_y15_24,geo_cov_rur,2010,28.808
tur,sex_m,age_aggregate_y15_24,geo_cov_rur,2011,24.076
tur,sex_m,age_aggregate_y15_24,geo_cov_rur,2012,26.102
tur,sex_m,age_aggregate_y15_24,geo_cov_rur,2013,24.694
tur,sex_m,age_aggregate_y15_24,geo_cov_urb,2000,18.116
tur,sex_m,age_aggregate_y15_24,geo_cov_urb,2001,21.461
tur,sex_m,age_aggregate_y15_24,geo_cov_urb,2002,24.624
tur,sex_m,age_aggregate_y15_24,geo_cov_urb,2003,24.279
tur,sex_m,age_aggregate_y15_24,geo_cov_urb,2004,27.974
tur,sex_m,age_aggregate_y15_24,geo_cov_urb,2005,26.177
tur,sex_m,age_aggregate_y15_24,geo_cov_urb,2006,25.687
tur,sex_m,age_aggregate_y15_24,geo_cov_urb,2007,25.457
tur,sex_m,age_aggregate_y15_24,geo_cov_urb,2008,26.176
tur,sex_m,age_aggregate_y15_24,geo_cov_urb,2009,32.04
tur,sex_m,age_aggregate_y15_24,geo_cov_urb,2010,28.665
tur,sex_m,age_aggregate_y15_24,geo_cov_urb,2011,24.422
tur,sex_m,age_aggregate_y15_24,geo_cov_urb,2012,24.09
tur,sex_m,age_aggregate_y15_24,geo_cov_urb,2013,24.536
tur,sex_m,age_aggregate_y25_54,geo_cov_nat,2000,5.64
tur,sex_m,age_aggregate_y25_54,geo_cov_nat,2001,7.677
tur,sex_m,age_aggregate_y25_54,geo_cov_nat,2002,9.718
tur,sex_m,age_aggregate_y25_54,geo_cov_nat,2003,9.61
tur,sex_m,age_aggregate_y25_54,geo_cov_nat,2004,11.275
tur,sex_m,age_aggregate_y25_54,geo_cov_nat,2005,11.604
tur,sex_m,age_aggregate_y25_54,geo_cov_nat,2006,11.901
tur,sex_m,age_aggregate_y25_54,geo_cov_nat,2007,11.39
tur,sex_m,age_aggregate_y25_54,geo_cov_nat,2008,12.214
tur,sex_m,age_aggregate_y25_54,geo_cov_nat,2009,15.163
tur,sex_m,age_aggregate_y25_54,geo_cov_nat,2010,12.757
tur,sex_m,age_aggregate_y25_54,geo_cov_nat,2011,10.749
tur,sex_m,age_aggregate_y25_54,geo_cov_nat,2012,10.432
tur,sex_m,age_aggregate_y25_54,geo_cov_nat,2013,10.161
tur,sex_m,age_aggregate_y25_54,geo_cov_rur,2000,4.251
tur,sex_m,age_aggregate_y25_54,geo_cov_rur,2001,6.135
tur,sex_m,age_aggregate_y25_54,geo_cov_rur,2002,7.322
tur,sex_m,age_aggregate_y25_54,geo_cov_rur,2003,7.833
tur,sex_m,age_aggregate_y25_54,geo_cov_rur,2004,9.037
tur,sex_m,age_aggregate_y25_54,geo_cov_rur,2005,10.723
tur,sex_m,age_aggregate_y25_54,geo_cov_rur,2006,11.958
tur,sex_m,age_aggregate_y25_54,geo_cov_rur,2007,11.899
tur,sex_m,age_aggregate_y25_54,geo_cov_rur,2008,12.067
tur,sex_m,age_aggregate_y25_54,geo_cov_rur,2009,14.279
tur,sex_m,age_aggregate_y25_54,geo_cov_rur,2010,11.973
tur,sex_m,age_aggregate_y25_54,geo_cov_rur,2011,10.325
tur,sex_m,age_aggregate_y25_54,geo_cov_rur,2012,10.436
tur,sex_m,age_aggregate_y25_54,geo_cov_rur,2013,10.315
tur,sex_m,age_aggregate_y25_54,geo_cov_urb,2000,6.45
tur,sex_m,age_aggregate_y25_54,geo_cov_urb,2001,8.546
tur,sex_m,age_aggregate_y25_54,geo_cov_urb,2002,11.098
tur,sex_m,age_aggregate_y25_54,geo_cov_urb,2003,10.619
tur,sex_m,age_aggregate_y25_54,geo_cov_urb,2004,12.089
tur,sex_m,age_aggregate_y25_54,geo_cov_urb,2005,11.925
tur,sex_m,age_aggregate_y25_54,geo_cov_urb,2006,11.88
tur,sex_m,age_aggregate_y25_54,geo_cov_urb,2007,11.201
tur,sex_m,age_aggregate_y25_54,geo_cov_urb,2008,12.268
tur,sex_m,age_aggregate_y25_54,geo_cov_urb,2009,15.5
tur,sex_m,age_aggregate_y25_54,geo_cov_urb,2010,13.056
tur,sex_m,age_aggregate_y25_54,geo_cov_urb,2011,10.917
tur,sex_m,age_aggregate_y25_54,geo_cov_urb,2012,10.43
tur,sex_m,age_aggregate_y25_54,geo_cov_urb,2013,10.101
tur,sex_m,age_aggregate_y55_64,geo_cov_nat,2000,4.23
tur,sex_m,age_aggregate_y55_64,geo_cov_nat,2001,4.252
tur,sex_m,age_aggregate_y55_64,geo_cov_nat,2002,5.859
tur,sex_m,age_aggregate_y55_64,geo_cov_nat,2003,6.138
tur,sex_m,age_aggregate_y55_64,geo_cov_nat,2004,8.171
tur,sex_m,age_aggregate_y55_64,geo_cov_nat,2005,11.004
tur,sex_m,age_aggregate_y55_64,geo_cov_nat,2006,13.034
tur,sex_m,age_aggregate_y55_64,geo_cov_nat,2007,12.413
tur,sex_m,age_aggregate_y55_64,geo_cov_nat,2008,14.222
tur,sex_m,age_aggregate_y55_64,geo_cov_nat,2009,17.029
tur,sex_m,age_aggregate_y55_64,geo_cov_nat,2010,16.475
tur,sex_m,age_aggregate_y55_64,geo_cov_nat,2011,14.37
tur,sex_m,age_aggregate_y55_64,geo_cov_nat,2012,13.472
tur,sex_m,age_aggregate_y55_64,geo_cov_nat,2013,14.877
tur,sex_m,age_aggregate_y55_64,geo_cov_rur,2000,1.829
tur,sex_m,age_aggregate_y55_64,geo_cov_rur,2001,2.108
tur,sex_m,age_aggregate_y55_64,geo_cov_rur,2002,2.035
tur,sex_m,age_aggregate_y55_64,geo_cov_rur,2003,2.283
tur,sex_m,age_aggregate_y55_64,geo_cov_rur,2004,2.344
tur,sex_m,age_aggregate_y55_64,geo_cov_rur,2005,4.648
tur,sex_m,age_aggregate_y55_64,geo_cov_rur,2006,5.902
tur,sex_m,age_aggregate_y55_64,geo_cov_rur,2007,6.263
tur,sex_m,age_aggregate_y55_64,geo_cov_rur,2008,7.138
tur,sex_m,age_aggregate_y55_64,geo_cov_rur,2009,7.898
tur,sex_m,age_aggregate_y55_64,geo_cov_rur,2010,7.643
tur,sex_m,age_aggregate_y55_64,geo_cov_rur,2011,6.123
tur,sex_m,age_aggregate_y55_64,geo_cov_rur,2012,6.085
tur,sex_m,age_aggregate_y55_64,geo_cov_rur,2013,6.875
tur,sex_m,age_aggregate_y55_64,geo_cov_urb,2000,8.787
tur,sex_m,age_aggregate_y55_64,geo_cov_urb,2001,8.544
tur,sex_m,age_aggregate_y55_64,geo_cov_urb,2002,12.634
tur,sex_m,age_aggregate_y55_64,geo_cov_urb,2003,12.94
tur,sex_m,age_aggregate_y55_64,geo_cov_urb,2004,13.837
tur,sex_m,age_aggregate_y55_64,geo_cov_urb,2005,16.837
tur,sex_m,age_aggregate_y55_64,geo_cov_urb,2006,19.584
tur,sex_m,age_aggregate_y55_64,geo_cov_urb,2007,18.265
tur,sex_m,age_aggregate_y55_64,geo_cov_urb,2008,20.878
tur,sex_m,age_aggregate_y55_64,geo_cov_urb,2009,25.223
tur,sex_m,age_aggregate_y55_64,geo_cov_urb,2010,24.369
tur,sex_m,age_aggregate_y55_64,geo_cov_urb,2011,21.917
tur,sex_m,age_aggregate_y55_64,geo_cov_urb,2012,20.24
tur,sex_m,age_aggregate_y55_64,geo_cov_urb,2013,22.137
tur,sex_m,age_aggregate_yge65,geo_cov_nat,2000,3.502
tur,sex_m,age_aggregate_yge65,geo_cov_nat,2001,1.898
tur,sex_m,age_aggregate_yge65,geo_cov_nat,2002,2.046
tur,sex_m,age_aggregate_yge65,geo_cov_nat,2003,1.584
tur,sex_m,age_aggregate_yge65,geo_cov_nat,2004,3.221
tur,sex_m,age_aggregate_yge65,geo_cov_nat,2005,4.936
tur,sex_m,age_aggregate_yge65,geo_cov_nat,2006,5.862
tur,sex_m,age_aggregate_yge65,geo_cov_nat,2007,6.429
tur,sex_m,age_aggregate_yge65,geo_cov_nat,2008,6.871
tur,sex_m,age_aggregate_yge65,geo_cov_nat,2009,8.794
tur,sex_m,age_aggregate_yge65,geo_cov_nat,2010,9.094
tur,sex_m,age_aggregate_yge65,geo_cov_nat,2011,8.057
tur,sex_m,age_aggregate_yge65,geo_cov_nat,2012,7.94
tur,sex_m,age_aggregate_yge65,geo_cov_nat,2013,8.471
tur,sex_m,age_aggregate_yge65,geo_cov_rur,2000,2.956
tur,sex_m,age_aggregate_yge65,geo_cov_rur,2001,1.005
tur,sex_m,age_aggregate_yge65,geo_cov_rur,2002,0.802
tur,sex_m,age_aggregate_yge65,geo_cov_rur,2003,0.983
tur,sex_m,age_aggregate_yge65,geo_cov_rur,2004,1.525
tur,sex_m,age_aggregate_yge65,geo_cov_rur,2005,1.648
tur,sex_m,age_aggregate_yge65,geo_cov_rur,2006,2.625
tur,sex_m,age_aggregate_yge65,geo_cov_rur,2007,3.339
tur,sex_m,age_aggregate_yge65,geo_cov_rur,2008,2.606
tur,sex_m,age_aggregate_yge65,geo_cov_rur,2009,3.308
tur,sex_m,age_aggregate_yge65,geo_cov_rur,2010,3.994
tur,sex_m,age_aggregate_yge65,geo_cov_rur,2011,2.976
tur,sex_m,age_aggregate_yge65,geo_cov_rur,2012,3.279
tur,sex_m,age_aggregate_yge65,geo_cov_rur,2013,2.824
tur,sex_m,age_aggregate_yge65,geo_cov_urb,2000,5.847
tur,sex_m,age_aggregate_yge65,geo_cov_urb,2001,6.374
tur,sex_m,age_aggregate_yge65,geo_cov_urb,2002,7.348
tur,sex_m,age_aggregate_yge65,geo_cov_urb,2003,4.742
tur,sex_m,age_aggregate_yge65,geo_cov_urb,2004,7.752
tur,sex_m,age_aggregate_yge65,geo_cov_urb,2005,11.993
tur,sex_m,age_aggregate_yge65,geo_cov_urb,2006,12.672
tur,sex_m,age_aggregate_yge65,geo_cov_urb,2007,12.932
tur,sex_m,age_aggregate_yge65,geo_cov_urb,2008,16.67
tur,sex_m,age_aggregate_yge65,geo_cov_urb,2009,21.547
tur,sex_m,age_aggregate_yge65,geo_cov_urb,2010,19.891
tur,sex_m,age_aggregate_yge65,geo_cov_urb,2011,19.796
tur,sex_m,age_aggregate_yge65,geo_cov_urb,2012,18.695
tur,sex_m,age_aggregate_yge65,geo_cov_urb,2013,20.431
tur,sex_m,age_ythadult_y15_24,geo_cov_nat,2000,15.934
tur,sex_m,age_ythadult_y15_24,geo_cov_nat,2001,18.939
tur,sex_m,age_ythadult_y15_24,geo_cov_nat,2002,21.438
tur,sex_m,age_ythadult_y15_24,geo_cov_nat,2003,23.222
tur,sex_m,age_ythadult_y15_24,geo_cov_nat,2004,26.614
tur,sex_m,age_ythadult_y15_24,geo_cov_nat,2005,26.635
tur,sex_m,age_ythadult_y15_24,geo_cov_nat,2006,26.612
tur,sex_m,age_ythadult_y15_24,geo_cov_nat,2007,27.063
tur,sex_m,age_ythadult_y15_24,geo_cov_nat,2008,27.424
tur,sex_m,age_ythadult_y15_24,geo_cov_nat,2009,32.435
tur,sex_m,age_ythadult_y15_24,geo_cov_nat,2010,28.712
tur,sex_m,age_ythadult_y15_24,geo_cov_nat,2011,24.304
tur,sex_m,age_ythadult_y15_24,geo_cov_nat,2012,24.782
tur,sex_m,age_ythadult_y15_24,geo_cov_nat,2013,24.59
tur,sex_m,age_ythadult_y15_24,geo_cov_rur,2000,13.392
tur,sex_m,age_ythadult_y15_24,geo_cov_rur,2001,15.864
tur,sex_m,age_ythadult_y15_24,geo_cov_rur,2002,17.109
tur,sex_m,age_ythadult_y15_24,geo_cov_rur,2003,21.693
tur,sex_m,age_ythadult_y15_24,geo_cov_rur,2004,23.859
tur,sex_m,age_ythadult_y15_24,geo_cov_rur,2005,27.686
tur,sex_m,age_ythadult_y15_24,geo_cov_rur,2006,28.846
tur,sex_m,age_ythadult_y15_24,geo_cov_rur,2007,30.874
tur,sex_m,age_ythadult_y15_24,geo_cov_rur,2008,30.353
tur,sex_m,age_ythadult_y15_24,geo_cov_rur,2009,33.273
tur,sex_m,age_ythadult_y15_24,geo_cov_rur,2010,28.808
tur,sex_m,age_ythadult_y15_24,geo_cov_rur,2011,24.076
tur,sex_m,age_ythadult_y15_24,geo_cov_rur,2012,26.102
tur,sex_m,age_ythadult_y15_24,geo_cov_rur,2013,24.694
tur,sex_m,age_ythadult_y15_24,geo_cov_urb,2000,18.116
tur,sex_m,age_ythadult_y15_24,geo_cov_urb,2001,21.461
tur,sex_m,age_ythadult_y15_24,geo_cov_urb,2002,24.624
tur,sex_m,age_ythadult_y15_24,geo_cov_urb,2003,24.279
tur,sex_m,age_ythadult_y15_24,geo_cov_urb,2004,27.974
tur,sex_m,age_ythadult_y15_24,geo_cov_urb,2005,26.177
tur,sex_m,age_ythadult_y15_24,geo_cov_urb,2006,25.687
tur,sex_m,age_ythadult_y15_24,geo_cov_urb,2007,25.457
tur,sex_m,age_ythadult_y15_24,geo_cov_urb,2008,26.176
tur,sex_m,age_ythadult_y15_24,geo_cov_urb,2009,32.04
tur,sex_m,age_ythadult_y15_24,geo_cov_urb,2010,28.665
tur,sex_m,age_ythadult_y15_24,geo_cov_urb,2011,24.422
tur,sex_m,age_ythadult_y15_24,geo_cov_urb,2012,24.09
tur,sex_m,age_ythadult_y15_24,geo_cov_urb,2013,24.536
tur,sex_m,age_ythadult_y15_64,geo_cov_nat,2000,7.835
tur,sex_m,age_ythadult_y15_64,geo_cov_nat,2001,9.86
tur,sex_m,age_ythadult_y15_64,geo_cov_nat,2002,11.79
tur,sex_m,age_ythadult_y15_64,geo_cov_nat,2003,11.94
tur,sex_m,age_ythadult_y15_64,geo_cov_nat,2004,14.079
tur,sex_m,age_ythadult_y15_64,geo_cov_nat,2005,14.442
tur,sex_m,age_ythadult_y15_64,geo_cov_nat,2006,14.721
tur,sex_m,age_ythadult_y15_64,geo_cov_nat,2007,14.329
tur,sex_m,age_ythadult_y15_64,geo_cov_nat,2008,15.059
tur,sex_m,age_ythadult_y15_64,geo_cov_nat,2009,18.338
tur,sex_m,age_ythadult_y15_64,geo_cov_nat,2010,15.74
tur,sex_m,age_ythadult_y15_64,geo_cov_nat,2011,13.3
tur,sex_m,age_ythadult_y15_64,geo_cov_nat,2012,13.04
tur,sex_m,age_ythadult_y15_64,geo_cov_nat,2013,12.908
tur,sex_m,age_ythadult_y15_64,geo_cov_rur,2000,6.302
tur,sex_m,age_ythadult_y15_64,geo_cov_rur,2001,8.048
tur,sex_m,age_ythadult_y15_64,geo_cov_rur,2002,8.866
tur,sex_m,age_ythadult_y15_64,geo_cov_rur,2003,10.023
tur,sex_m,age_ythadult_y15_64,geo_cov_rur,2004,11.641
tur,sex_m,age_ythadult_y15_64,geo_cov_rur,2005,13.56
tur,sex_m,age_ythadult_y15_64,geo_cov_rur,2006,14.591
tur,sex_m,age_ythadult_y15_64,geo_cov_rur,2007,14.907
tur,sex_m,age_ythadult_y15_64,geo_cov_rur,2008,14.914
tur,sex_m,age_ythadult_y15_64,geo_cov_rur,2009,17.209
tur,sex_m,age_ythadult_y15_64,geo_cov_rur,2010,14.637
tur,sex_m,age_ythadult_y15_64,geo_cov_rur,2011,12.39
tur,sex_m,age_ythadult_y15_64,geo_cov_rur,2012,12.821
tur,sex_m,age_ythadult_y15_64,geo_cov_rur,2013,12.532
tur,sex_m,age_ythadult_y15_64,geo_cov_urb,2000,8.89
tur,sex_m,age_ythadult_y15_64,geo_cov_urb,2001,11.065
tur,sex_m,age_ythadult_y15_64,geo_cov_urb,2002,13.691
tur,sex_m,age_ythadult_y15_64,geo_cov_urb,2003,13.149
tur,sex_m,age_ythadult_y15_64,geo_cov_urb,2004,15.085
tur,sex_m,age_ythadult_y15_64,geo_cov_urb,2005,14.797
tur,sex_m,age_ythadult_y15_64,geo_cov_urb,2006,14.773
tur,sex_m,age_ythadult_y15_64,geo_cov_urb,2007,14.095
tur,sex_m,age_ythadult_y15_64,geo_cov_urb,2008,15.118
tur,sex_m,age_ythadult_y15_64,geo_cov_urb,2009,18.814
tur,sex_m,age_ythadult_y15_64,geo_cov_urb,2010,16.209
tur,sex_m,age_ythadult_y15_64,geo_cov_urb,2011,13.704
tur,sex_m,age_ythadult_y15_64,geo_cov_urb,2012,13.136
tur,sex_m,age_ythadult_y15_64,geo_cov_urb,2013,13.073
tur,sex_m,age_ythadult_yge15,geo_cov_nat,2000,7.698
tur,sex_m,age_ythadult_yge15,geo_cov_nat,2001,9.623
tur,sex_m,age_ythadult_yge15,geo_cov_nat,2002,11.527
tur,sex_m,age_ythadult_yge15,geo_cov_nat,2003,11.667
tur,sex_m,age_ythadult_yge15,geo_cov_nat,2004,13.782
tur,sex_m,age_ythadult_yge15,geo_cov_nat,2005,14.194
tur,sex_m,age_ythadult_yge15,geo_cov_nat,2006,14.509
tur,sex_m,age_ythadult_yge15,geo_cov_nat,2007,14.15
tur,sex_m,age_ythadult_yge15,geo_cov_nat,2008,14.866
tur,sex_m,age_ythadult_yge15,geo_cov_nat,2009,18.109
tur,sex_m,age_ythadult_yge15,geo_cov_nat,2010,15.578
tur,sex_m,age_ythadult_yge15,geo_cov_nat,2011,13.168
tur,sex_m,age_ythadult_yge15,geo_cov_nat,2012,12.914
tur,sex_m,age_ythadult_yge15,geo_cov_nat,2013,12.796
tur,sex_m,age_ythadult_yge15,geo_cov_rur,2000,6.097
tur,sex_m,age_ythadult_yge15,geo_cov_rur,2001,7.624
tur,sex_m,age_ythadult_yge15,geo_cov_rur,2002,8.431
tur,sex_m,age_ythadult_yge15,geo_cov_rur,2003,9.521
tur,sex_m,age_ythadult_yge15,geo_cov_rur,2004,10.978
tur,sex_m,age_ythadult_yge15,geo_cov_rur,2005,12.847
tur,sex_m,age_ythadult_yge15,geo_cov_rur,2006,13.931
tur,sex_m,age_ythadult_yge15,geo_cov_rur,2007,14.307
tur,sex_m,age_ythadult_yge15,geo_cov_rur,2008,14.24
tur,sex_m,age_ythadult_yge15,geo_cov_rur,2009,16.449
tur,sex_m,age_ythadult_yge15,geo_cov_rur,2010,14.065
tur,sex_m,age_ythadult_yge15,geo_cov_rur,2011,11.865
tur,sex_m,age_ythadult_yge15,geo_cov_rur,2012,12.297
tur,sex_m,age_ythadult_yge15,geo_cov_rur,2013,12
tur,sex_m,age_ythadult_yge15,geo_cov_urb,2000,8.858
tur,sex_m,age_ythadult_yge15,geo_cov_urb,2001,11.025
tur,sex_m,age_ythadult_yge15,geo_cov_urb,2002,13.636
tur,sex_m,age_ythadult_yge15,geo_cov_urb,2003,13.09
tur,sex_m,age_ythadult_yge15,geo_cov_urb,2004,15.007
tur,sex_m,age_ythadult_yge15,geo_cov_urb,2005,14.764
tur,sex_m,age_ythadult_yge15,geo_cov_urb,2006,14.75
tur,sex_m,age_ythadult_yge15,geo_cov_urb,2007,14.083
tur,sex_m,age_ythadult_yge15,geo_cov_urb,2008,15.134
tur,sex_m,age_ythadult_yge15,geo_cov_urb,2009,18.843
tur,sex_m,age_ythadult_yge15,geo_cov_urb,2010,16.251
tur,sex_m,age_ythadult_yge15,geo_cov_urb,2011,13.772
tur,sex_m,age_ythadult_yge15,geo_cov_urb,2012,13.197
tur,sex_m,age_ythadult_yge15,geo_cov_urb,2013,13.16
tur,sex_m,age_ythadult_yge25,geo_cov_nat,2000,5.442
tur,sex_m,age_ythadult_yge25,geo_cov_nat,2001,7.194
tur,sex_m,age_ythadult_yge25,geo_cov_nat,2002,9.173
tur,sex_m,age_ythadult_yge25,geo_cov_nat,2003,9.111
tur,sex_m,age_ythadult_yge25,geo_cov_nat,2004,10.787
tur,sex_m,age_ythadult_yge25,geo_cov_nat,2005,11.348
tur,sex_m,age_ythadult_yge25,geo_cov_nat,2006,11.805
tur,sex_m,age_ythadult_yge25,geo_cov_nat,2007,11.326
tur,sex_m,age_ythadult_yge25,geo_cov_nat,2008,12.211
tur,sex_m,age_ythadult_yge25,geo_cov_nat,2009,15.126
tur,sex_m,age_ythadult_yge25,geo_cov_nat,2010,12.961
tur,sex_m,age_ythadult_yge25,geo_cov_nat,2011,10.987
tur,sex_m,age_ythadult_yge25,geo_cov_nat,2012,10.637
tur,sex_m,age_ythadult_yge25,geo_cov_nat,2013,10.548
tur,sex_m,age_ythadult_yge25,geo_cov_rur,2000,3.839
tur,sex_m,age_ythadult_yge25,geo_cov_rur,2001,5.216
tur,sex_m,age_ythadult_yge25,geo_cov_rur,2002,6.25
tur,sex_m,age_ythadult_yge25,geo_cov_rur,2003,6.748
tur,sex_m,age_ythadult_yge25,geo_cov_rur,2004,7.646
tur,sex_m,age_ythadult_yge25,geo_cov_rur,2005,9.362
tur,sex_m,age_ythadult_yge25,geo_cov_rur,2006,10.624
tur,sex_m,age_ythadult_yge25,geo_cov_rur,2007,10.698
tur,sex_m,age_ythadult_yge25,geo_cov_rur,2008,10.844
tur,sex_m,age_ythadult_yge25,geo_cov_rur,2009,12.759
tur,sex_m,age_ythadult_yge25,geo_cov_rur,2010,10.888
tur,sex_m,age_ythadult_yge25,geo_cov_rur,2011,9.261
tur,sex_m,age_ythadult_yge25,geo_cov_rur,2012,9.341
tur,sex_m,age_ythadult_yge25,geo_cov_rur,2013,9.324
tur,sex_m,age_ythadult_yge25,geo_cov_urb,2000,6.55
tur,sex_m,age_ythadult_yge25,geo_cov_urb,2001,8.524
tur,sex_m,age_ythadult_yge25,geo_cov_urb,2002,11.127
tur,sex_m,age_ythadult_yge25,geo_cov_urb,2003,10.665
tur,sex_m,age_ythadult_yge25,geo_cov_urb,2004,12.12
tur,sex_m,age_ythadult_yge25,geo_cov_urb,2005,12.182
tur,sex_m,age_ythadult_yge25,geo_cov_urb,2006,12.3
tur,sex_m,age_ythadult_yge25,geo_cov_urb,2007,11.592
tur,sex_m,age_ythadult_yge25,geo_cov_urb,2008,12.797
tur,sex_m,age_ythadult_yge25,geo_cov_urb,2009,16.159
tur,sex_m,age_ythadult_yge25,geo_cov_urb,2010,13.865
tur,sex_m,age_ythadult_yge25,geo_cov_urb,2011,11.772
tur,sex_m,age_ythadult_yge25,geo_cov_urb,2012,11.214
tur,sex_m,age_ythadult_yge25,geo_cov_urb,2013,11.094
tur,sex_t,age_aggregate_total,geo_cov_nat,2000,8.061
tur,sex_t,age_aggregate_total,geo_cov_nat,2001,9.55
tur,sex_t,age_aggregate_total,geo_cov_nat,2002,11.467
tur,sex_t,age_aggregate_total,geo_cov_nat,2003,11.699
tur,sex_t,age_aggregate_total,geo_cov_nat,2004,15.147
tur,sex_t,age_aggregate_total,geo_cov_nat,2005,16.528
tur,sex_t,age_aggregate_total,geo_cov_nat,2006,17.273
tur,sex_t,age_aggregate_total,geo_cov_nat,2007,16.647
tur,sex_t,age_aggregate_total,geo_cov_nat,2008,17.486
tur,sex_t,age_aggregate_total,geo_cov_nat,2009,20.765
tur,sex_t,age_aggregate_total,geo_cov_nat,2010,18.422
tur,sex_t,age_aggregate_total,geo_cov_nat,2011,16.029
tur,sex_t,age_aggregate_total,geo_cov_nat,2012,15.525
tur,sex_t,age_aggregate_total,geo_cov_nat,2013,16.071
tur,sex_t,age_aggregate_total,geo_cov_rur,2000,5.363
tur,sex_t,age_aggregate_total,geo_cov_rur,2001,6.069
tur,sex_t,age_aggregate_total,geo_cov_rur,2002,6.987
tur,sex_t,age_aggregate_total,geo_cov_rur,2003,8.121
tur,sex_t,age_aggregate_total,geo_cov_rur,2004,10.139
tur,sex_t,age_aggregate_total,geo_cov_rur,2005,12.806
tur,sex_t,age_aggregate_total,geo_cov_rur,2006,14.317
tur,sex_t,age_aggregate_total,geo_cov_rur,2007,14.571
tur,sex_t,age_aggregate_total,geo_cov_rur,2008,14.377
tur,sex_t,age_aggregate_total,geo_cov_rur,2009,16.518
tur,sex_t,age_aggregate_total,geo_cov_rur,2010,14.212
tur,sex_t,age_aggregate_total,geo_cov_rur,2011,12.251
tur,sex_t,age_aggregate_total,geo_cov_rur,2012,12.265
tur,sex_t,age_aggregate_total,geo_cov_rur,2013,12.527
tur,sex_t,age_aggregate_total,geo_cov_urb,2000,10.47
tur,sex_t,age_aggregate_total,geo_cov_urb,2001,12.605
tur,sex_t,age_aggregate_total,geo_cov_urb,2002,15.231
tur,sex_t,age_aggregate_total,geo_cov_urb,2003,14.604
tur,sex_t,age_aggregate_total,geo_cov_urb,2004,17.762
tur,sex_t,age_aggregate_total,geo_cov_urb,2005,18.37
tur,sex_t,age_aggregate_total,geo_cov_urb,2006,18.706
tur,sex_t,age_aggregate_total,geo_cov_urb,2007,17.661
tur,sex_t,age_aggregate_total,geo_cov_urb,2008,18.994
tur,sex_t,age_aggregate_total,geo_cov_urb,2009,22.874
tur,sex_t,age_aggregate_total,geo_cov_urb,2010,20.526
tur,sex_t,age_aggregate_total,geo_cov_urb,2011,17.988
tur,sex_t,age_aggregate_total,geo_cov_urb,2012,17.172
tur,sex_t,age_aggregate_total,geo_cov_urb,2013,17.819
tur,sex_t,age_aggregate_y15_24,geo_cov_nat,2000,15.997
tur,sex_t,age_aggregate_y15_24,geo_cov_nat,2001,18.181
tur,sex_t,age_aggregate_y15_24,geo_cov_nat,2002,20.753
tur,sex_t,age_aggregate_y15_24,geo_cov_nat,2003,22.485
tur,sex_t,age_aggregate_y15_24,geo_cov_nat,2004,27.953
tur,sex_t,age_aggregate_y15_24,geo_cov_nat,2005,29.261
tur,sex_t,age_aggregate_y15_24,geo_cov_nat,2006,29.772
tur,sex_t,age_aggregate_y15_24,geo_cov_nat,2007,29.644
tur,sex_t,age_aggregate_y15_24,geo_cov_nat,2008,29.919
tur,sex_t,age_aggregate_y15_24,geo_cov_nat,2009,34.569
tur,sex_t,age_aggregate_y15_24,geo_cov_nat,2010,31.292
tur,sex_t,age_aggregate_y15_24,geo_cov_nat,2011,27.501
tur,sex_t,age_aggregate_y15_24,geo_cov_nat,2012,27.404
tur,sex_t,age_aggregate_y15_24,geo_cov_nat,2013,27.881
tur,sex_t,age_aggregate_y15_24,geo_cov_rur,2000,11.097
tur,sex_t,age_aggregate_y15_24,geo_cov_rur,2001,12.057
tur,sex_t,age_aggregate_y15_24,geo_cov_rur,2002,13.658
tur,sex_t,age_aggregate_y15_24,geo_cov_rur,2003,17.57
tur,sex_t,age_aggregate_y15_24,geo_cov_rur,2004,21.384
tur,sex_t,age_aggregate_y15_24,geo_cov_rur,2005,26.215
tur,sex_t,age_aggregate_y15_24,geo_cov_rur,2006,28.306
tur,sex_t,age_aggregate_y15_24,geo_cov_rur,2007,30.01
tur,sex_t,age_aggregate_y15_24,geo_cov_rur,2008,28.292
tur,sex_t,age_aggregate_y15_24,geo_cov_rur,2009,31.716
tur,sex_t,age_aggregate_y15_24,geo_cov_rur,2010,27.754
tur,sex_t,age_aggregate_y15_24,geo_cov_rur,2011,24.334
tur,sex_t,age_aggregate_y15_24,geo_cov_rur,2012,25.572
tur,sex_t,age_aggregate_y15_24,geo_cov_rur,2013,25.06
tur,sex_t,age_aggregate_y15_24,geo_cov_urb,2000,20.82
tur,sex_t,age_aggregate_y15_24,geo_cov_urb,2001,24.034
tur,sex_t,age_aggregate_y15_24,geo_cov_urb,2002,26.91
tur,sex_t,age_aggregate_y15_24,geo_cov_urb,2003,26.421
tur,sex_t,age_aggregate_y15_24,geo_cov_urb,2004,31.505
tur,sex_t,age_aggregate_y15_24,geo_cov_urb,2005,30.746
tur,sex_t,age_aggregate_y15_24,geo_cov_urb,2006,30.448
tur,sex_t,age_aggregate_y15_24,geo_cov_urb,2007,29.476
tur,sex_t,age_aggregate_y15_24,geo_cov_urb,2008,30.66
tur,sex_t,age_aggregate_y15_24,geo_cov_urb,2009,35.941
tur,sex_t,age_aggregate_y15_24,geo_cov_urb,2010,33.056
tur,sex_t,age_aggregate_y15_24,geo_cov_urb,2011,29.169
tur,sex_t,age_aggregate_y15_24,geo_cov_urb,2012,28.37
tur,sex_t,age_aggregate_y15_24,geo_cov_urb,2013,29.322
tur,sex_t,age_aggregate_y25_54,geo_cov_nat,2000,5.878
tur,sex_t,age_aggregate_y25_54,geo_cov_nat,2001,7.587
tur,sex_t,age_aggregate_y25_54,geo_cov_nat,2002,9.604
tur,sex_t,age_aggregate_y25_54,geo_cov_nat,2003,9.609
tur,sex_t,age_aggregate_y25_54,geo_cov_nat,2004,12.417
tur,sex_t,age_aggregate_y25_54,geo_cov_nat,2005,13.759
tur,sex_t,age_aggregate_y25_54,geo_cov_nat,2006,14.574
tur,sex_t,age_aggregate_y25_54,geo_cov_nat,2007,13.826
tur,sex_t,age_aggregate_y25_54,geo_cov_nat,2008,14.881
tur,sex_t,age_aggregate_y25_54,geo_cov_nat,2009,18.043
tur,sex_t,age_aggregate_y25_54,geo_cov_nat,2010,15.851
tur,sex_t,age_aggregate_y25_54,geo_cov_nat,2011,13.812
tur,sex_t,age_aggregate_y25_54,geo_cov_nat,2012,13.344
tur,sex_t,age_aggregate_y25_54,geo_cov_nat,2013,13.837
tur,sex_t,age_aggregate_y25_54,geo_cov_rur,2000,3.783
tur,sex_t,age_aggregate_y25_54,geo_cov_rur,2001,4.946
tur,sex_t,age_aggregate_y25_54,geo_cov_rur,2002,6.042
tur,sex_t,age_aggregate_y25_54,geo_cov_rur,2003,6.75
tur,sex_t,age_aggregate_y25_54,geo_cov_rur,2004,8.327
tur,sex_t,age_aggregate_y25_54,geo_cov_rur,2005,10.783
tur,sex_t,age_aggregate_y25_54,geo_cov_rur,2006,12.494
tur,sex_t,age_aggregate_y25_54,geo_cov_rur,2007,12.366
tur,sex_t,age_aggregate_y25_54,geo_cov_rur,2008,12.701
tur,sex_t,age_aggregate_y25_54,geo_cov_rur,2009,14.88
tur,sex_t,age_aggregate_y25_54,geo_cov_rur,2010,12.601
tur,sex_t,age_aggregate_y25_54,geo_cov_rur,2011,10.921
tur,sex_t,age_aggregate_y25_54,geo_cov_rur,2012,10.718
tur,sex_t,age_aggregate_y25_54,geo_cov_rur,2013,11.222
tur,sex_t,age_aggregate_y25_54,geo_cov_urb,2000,7.388
tur,sex_t,age_aggregate_y25_54,geo_cov_urb,2001,9.467
tur,sex_t,age_aggregate_y25_54,geo_cov_urb,2002,12.112
tur,sex_t,age_aggregate_y25_54,geo_cov_urb,2003,11.585
tur,sex_t,age_aggregate_y25_54,geo_cov_urb,2004,14.2
tur,sex_t,age_aggregate_y25_54,geo_cov_urb,2005,15.035
tur,sex_t,age_aggregate_y25_54,geo_cov_urb,2006,15.459
tur,sex_t,age_aggregate_y25_54,geo_cov_urb,2007,14.453
tur,sex_t,age_aggregate_y25_54,geo_cov_urb,2008,15.805
tur,sex_t,age_aggregate_y25_54,geo_cov_urb,2009,19.406
tur,sex_t,age_aggregate_y25_54,geo_cov_urb,2010,17.253
tur,sex_t,age_aggregate_y25_54,geo_cov_urb,2011,15.095
tur,sex_t,age_aggregate_y25_54,geo_cov_urb,2012,14.467
tur,sex_t,age_aggregate_y25_54,geo_cov_urb,2013,14.933
tur,sex_t,age_aggregate_y55_64,geo_cov_nat,2000,3.76
tur,sex_t,age_aggregate_y55_64,geo_cov_nat,2001,3.365
tur,sex_t,age_aggregate_y55_64,geo_cov_nat,2002,4.647
tur,sex_t,age_aggregate_y55_64,geo_cov_nat,2003,4.73
tur,sex_t,age_aggregate_y55_64,geo_cov_nat,2004,6.966
tur,sex_t,age_aggregate_y55_64,geo_cov_nat,2005,9.762
tur,sex_t,age_aggregate_y55_64,geo_cov_nat,2006,11.452
tur,sex_t,age_aggregate_y55_64,geo_cov_nat,2007,11.218
tur,sex_t,age_aggregate_y55_64,geo_cov_nat,2008,13.006
tur,sex_t,age_aggregate_y55_64,geo_cov_nat,2009,15.321
tur,sex_t,age_aggregate_y55_64,geo_cov_nat,2010,14.847
tur,sex_t,age_aggregate_y55_64,geo_cov_nat,2011,13.127
tur,sex_t,age_aggregate_y55_64,geo_cov_nat,2012,12.268
tur,sex_t,age_aggregate_y55_64,geo_cov_nat,2013,13.652
tur,sex_t,age_aggregate_y55_64,geo_cov_rur,2000,1.972
tur,sex_t,age_aggregate_y55_64,geo_cov_rur,2001,1.662
tur,sex_t,age_aggregate_y55_64,geo_cov_rur,2002,1.691
tur,sex_t,age_aggregate_y55_64,geo_cov_rur,2003,1.763
tur,sex_t,age_aggregate_y55_64,geo_cov_rur,2004,2.228
tur,sex_t,age_aggregate_y55_64,geo_cov_rur,2005,4.056
tur,sex_t,age_aggregate_y55_64,geo_cov_rur,2006,4.598
tur,sex_t,age_aggregate_y55_64,geo_cov_rur,2007,5.317
tur,sex_t,age_aggregate_y55_64,geo_cov_rur,2008,6.109
tur,sex_t,age_aggregate_y55_64,geo_cov_rur,2009,6.632
tur,sex_t,age_aggregate_y55_64,geo_cov_rur,2010,6.212
tur,sex_t,age_aggregate_y55_64,geo_cov_rur,2011,5.269
tur,sex_t,age_aggregate_y55_64,geo_cov_rur,2012,5.062
tur,sex_t,age_aggregate_y55_64,geo_cov_rur,2013,5.652
tur,sex_t,age_aggregate_y55_64,geo_cov_urb,2000,8.666
tur,sex_t,age_aggregate_y55_64,geo_cov_urb,2001,8.161
tur,sex_t,age_aggregate_y55_64,geo_cov_urb,2002,12.249
tur,sex_t,age_aggregate_y55_64,geo_cov_urb,2003,12.478
tur,sex_t,age_aggregate_y55_64,geo_cov_urb,2004,13.591
tur,sex_t,age_aggregate_y55_64,geo_cov_urb,2005,16.855
tur,sex_t,age_aggregate_y55_64,geo_cov_urb,2006,19.796
tur,sex_t,age_aggregate_y55_64,geo_cov_urb,2007,18.754
tur,sex_t,age_aggregate_y55_64,geo_cov_urb,2008,21.756
tur,sex_t,age_aggregate_y55_64,geo_cov_urb,2009,25.965
tur,sex_t,age_aggregate_y55_64,geo_cov_urb,2010,25.154
tur,sex_t,age_aggregate_y55_64,geo_cov_urb,2011,22.54
tur,sex_t,age_aggregate_y55_64,geo_cov_urb,2012,20.876
tur,sex_t,age_aggregate_y55_64,geo_cov_urb,2013,22.903
tur,sex_t,age_aggregate_yge65,geo_cov_nat,2000,3.147
tur,sex_t,age_aggregate_yge65,geo_cov_nat,2001,1.478
tur,sex_t,age_aggregate_yge65,geo_cov_nat,2002,1.569
tur,sex_t,age_aggregate_yge65,geo_cov_nat,2003,1.284
tur,sex_t,age_aggregate_yge65,geo_cov_nat,2004,2.933
tur,sex_t,age_aggregate_yge65,geo_cov_nat,2005,4.299
tur,sex_t,age_aggregate_yge65,geo_cov_nat,2006,5.21
tur,sex_t,age_aggregate_yge65,geo_cov_nat,2007,5.734
tur,sex_t,age_aggregate_yge65,geo_cov_nat,2008,6.573
tur,sex_t,age_aggregate_yge65,geo_cov_nat,2009,7.931
tur,sex_t,age_aggregate_yge65,geo_cov_nat,2010,8.435
tur,sex_t,age_aggregate_yge65,geo_cov_nat,2011,7.044
tur,sex_t,age_aggregate_yge65,geo_cov_nat,2012,7.244
tur,sex_t,age_aggregate_yge65,geo_cov_nat,2013,7.953
tur,sex_t,age_aggregate_yge65,geo_cov_rur,2000,2.593
tur,sex_t,age_aggregate_yge65,geo_cov_rur,2001,0.746
tur,sex_t,age_aggregate_yge65,geo_cov_rur,2002,0.575
tur,sex_t,age_aggregate_yge65,geo_cov_rur,2003,0.793
tur,sex_t,age_aggregate_yge65,geo_cov_rur,2004,1.377
tur,sex_t,age_aggregate_yge65,geo_cov_rur,2005,1.396
tur,sex_t,age_aggregate_yge65,geo_cov_rur,2006,2.251
tur,sex_t,age_aggregate_yge65,geo_cov_rur,2007,3.051
tur,sex_t,age_aggregate_yge65,geo_cov_rur,2008,2.537
tur,sex_t,age_aggregate_yge65,geo_cov_rur,2009,3.166
tur,sex_t,age_aggregate_yge65,geo_cov_rur,2010,3.766
tur,sex_t,age_aggregate_yge65,geo_cov_rur,2011,2.579
tur,sex_t,age_aggregate_yge65,geo_cov_rur,2012,3.135
tur,sex_t,age_aggregate_yge65,geo_cov_rur,2013,2.741
tur,sex_t,age_aggregate_yge65,geo_cov_urb,2000,6.239
tur,sex_t,age_aggregate_yge65,geo_cov_urb,2001,6.252
tur,sex_t,age_aggregate_yge65,geo_cov_urb,2002,7.237
tur,sex_t,age_aggregate_yge65,geo_cov_urb,2003,4.644
tur,sex_t,age_aggregate_yge65,geo_cov_urb,2004,8.084
tur,sex_t,age_aggregate_yge65,geo_cov_urb,2005,11.903
tur,sex_t,age_aggregate_yge65,geo_cov_urb,2006,13.034
tur,sex_t,age_aggregate_yge65,geo_cov_urb,2007,12.916
tur,sex_t,age_aggregate_yge65,geo_cov_urb,2008,18.051
tur,sex_t,age_aggregate_yge65,geo_cov_urb,2009,21.794
tur,sex_t,age_aggregate_yge65,geo_cov_urb,2010,20.387
tur,sex_t,age_aggregate_yge65,geo_cov_urb,2011,19.775
tur,sex_t,age_aggregate_yge65,geo_cov_urb,2012,18.909
tur,sex_t,age_aggregate_yge65,geo_cov_urb,2013,21.252
tur,sex_t,age_ythadult_y15_24,geo_cov_nat,2000,15.997
tur,sex_t,age_ythadult_y15_24,geo_cov_nat,2001,18.181
tur,sex_t,age_ythadult_y15_24,geo_cov_nat,2002,20.753
tur,sex_t,age_ythadult_y15_24,geo_cov_nat,2003,22.485
tur,sex_t,age_ythadult_y15_24,geo_cov_nat,2004,27.953
tur,sex_t,age_ythadult_y15_24,geo_cov_nat,2005,29.261
tur,sex_t,age_ythadult_y15_24,geo_cov_nat,2006,29.772
tur,sex_t,age_ythadult_y15_24,geo_cov_nat,2007,29.644
tur,sex_t,age_ythadult_y15_24,geo_cov_nat,2008,29.919
tur,sex_t,age_ythadult_y15_24,geo_cov_nat,2009,34.569
tur,sex_t,age_ythadult_y15_24,geo_cov_nat,2010,31.292
tur,sex_t,age_ythadult_y15_24,geo_cov_nat,2011,27.501
tur,sex_t,age_ythadult_y15_24,geo_cov_nat,2012,27.404
tur,sex_t,age_ythadult_y15_24,geo_cov_nat,2013,27.881
tur,sex_t,age_ythadult_y15_24,geo_cov_rur,2000,11.097
tur,sex_t,age_ythadult_y15_24,geo_cov_rur,2001,12.057
tur,sex_t,age_ythadult_y15_24,geo_cov_rur,2002,13.658
tur,sex_t,age_ythadult_y15_24,geo_cov_rur,2003,17.57
tur,sex_t,age_ythadult_y15_24,geo_cov_rur,2004,21.384
tur,sex_t,age_ythadult_y15_24,geo_cov_rur,2005,26.215
tur,sex_t,age_ythadult_y15_24,geo_cov_rur,2006,28.306
tur,sex_t,age_ythadult_y15_24,geo_cov_rur,2007,30.01
tur,sex_t,age_ythadult_y15_24,geo_cov_rur,2008,28.292
tur,sex_t,age_ythadult_y15_24,geo_cov_rur,2009,31.716
tur,sex_t,age_ythadult_y15_24,geo_cov_rur,2010,27.754
tur,sex_t,age_ythadult_y15_24,geo_cov_rur,2011,24.334
tur,sex_t,age_ythadult_y15_24,geo_cov_rur,2012,25.572
tur,sex_t,age_ythadult_y15_24,geo_cov_rur,2013,25.06
tur,sex_t,age_ythadult_y15_24,geo_cov_urb,2000,20.82
tur,sex_t,age_ythadult_y15_24,geo_cov_urb,2001,24.034
tur,sex_t,age_ythadult_y15_24,geo_cov_urb,2002,26.91
tur,sex_t,age_ythadult_y15_24,geo_cov_urb,2003,26.421
tur,sex_t,age_ythadult_y15_24,geo_cov_urb,2004,31.505
tur,sex_t,age_ythadult_y15_24,geo_cov_urb,2005,30.746
tur,sex_t,age_ythadult_y15_24,geo_cov_urb,2006,30.448
tur,sex_t,age_ythadult_y15_24,geo_cov_urb,2007,29.476
tur,sex_t,age_ythadult_y15_24,geo_cov_urb,2008,30.66
tur,sex_t,age_ythadult_y15_24,geo_cov_urb,2009,35.941
tur,sex_t,age_ythadult_y15_24,geo_cov_urb,2010,33.056
tur,sex_t,age_ythadult_y15_24,geo_cov_urb,2011,29.169
tur,sex_t,age_ythadult_y15_24,geo_cov_urb,2012,28.37
tur,sex_t,age_ythadult_y15_24,geo_cov_urb,2013,29.322
tur,sex_t,age_ythadult_y15_64,geo_cov_nat,2000,8.228
tur,sex_t,age_ythadult_y15_64,geo_cov_nat,2001,9.818
tur,sex_t,age_ythadult_y15_64,geo_cov_nat,2002,11.766
tur,sex_t,age_ythadult_y15_64,geo_cov_nat,2003,12.004
tur,sex_t,age_ythadult_y15_64,geo_cov_nat,2004,15.501
tur,sex_t,age_ythadult_y15_64,geo_cov_nat,2005,16.855
tur,sex_t,age_ythadult_y15_64,geo_cov_nat,2006,17.562
tur,sex_t,age_ythadult_y15_64,geo_cov_nat,2007,16.901
tur,sex_t,age_ythadult_y15_64,geo_cov_nat,2008,17.745
tur,sex_t,age_ythadult_y15_64,geo_cov_nat,2009,21.07
tur,sex_t,age_ythadult_y15_64,geo_cov_nat,2010,18.66
tur,sex_t,age_ythadult_y15_64,geo_cov_nat,2011,16.254
tur,sex_t,age_ythadult_y15_64,geo_cov_nat,2012,15.726
tur,sex_t,age_ythadult_y15_64,geo_cov_nat,2013,16.268
tur,sex_t,age_ythadult_y15_64,geo_cov_rur,2000,5.537
tur,sex_t,age_ythadult_y15_64,geo_cov_rur,2001,6.407
tur,sex_t,age_ythadult_y15_64,geo_cov_rur,2002,7.356
tur,sex_t,age_ythadult_y15_64,geo_cov_rur,2003,8.55
tur,sex_t,age_ythadult_y15_64,geo_cov_rur,2004,10.727
tur,sex_t,age_ythadult_y15_64,geo_cov_rur,2005,13.494
tur,sex_t,age_ythadult_y15_64,geo_cov_rur,2006,14.979
tur,sex_t,age_ythadult_y15_64,geo_cov_rur,2007,15.183
tur,sex_t,age_ythadult_y15_64,geo_cov_rur,2008,15.035
tur,sex_t,age_ythadult_y15_64,geo_cov_rur,2009,17.252
tur,sex_t,age_ythadult_y15_64,geo_cov_rur,2010,14.764
tur,sex_t,age_ythadult_y15_64,geo_cov_rur,2011,12.79
tur,sex_t,age_ythadult_y15_64,geo_cov_rur,2012,12.77
tur,sex_t,age_ythadult_y15_64,geo_cov_rur,2013,13.059
tur,sex_t,age_ythadult_y15_64,geo_cov_urb,2000,10.51
tur,sex_t,age_ythadult_y15_64,geo_cov_urb,2001,12.656
tur,sex_t,age_ythadult_y15_64,geo_cov_urb,2002,15.296
tur,sex_t,age_ythadult_y15_64,geo_cov_urb,2003,14.67
tur,sex_t,age_ythadult_y15_64,geo_cov_urb,2004,17.859
tur,sex_t,age_ythadult_y15_64,geo_cov_urb,2005,18.44
tur,sex_t,age_ythadult_y15_64,geo_cov_urb,2006,18.76
tur,sex_t,age_ythadult_y15_64,geo_cov_urb,2007,17.705
tur,sex_t,age_ythadult_y15_64,geo_cov_urb,2008,19.002
tur,sex_t,age_ythadult_y15_64,geo_cov_urb,2009,22.883
tur,sex_t,age_ythadult_y15_64,geo_cov_urb,2010,20.527
tur,sex_t,age_ythadult_y15_64,geo_cov_urb,2011,17.971
tur,sex_t,age_ythadult_y15_64,geo_cov_urb,2012,17.156
tur,sex_t,age_ythadult_y15_64,geo_cov_urb,2013,17.785
tur,sex_t,age_ythadult_yge15,geo_cov_nat,2000,8.061
tur,sex_t,age_ythadult_yge15,geo_cov_nat,2001,9.55
tur,sex_t,age_ythadult_yge15,geo_cov_nat,2002,11.467
tur,sex_t,age_ythadult_yge15,geo_cov_nat,2003,11.699
tur,sex_t,age_ythadult_yge15,geo_cov_nat,2004,15.147
tur,sex_t,age_ythadult_yge15,geo_cov_nat,2005,16.528
tur,sex_t,age_ythadult_yge15,geo_cov_nat,2006,17.273
tur,sex_t,age_ythadult_yge15,geo_cov_nat,2007,16.647
tur,sex_t,age_ythadult_yge15,geo_cov_nat,2008,17.486
tur,sex_t,age_ythadult_yge15,geo_cov_nat,2009,20.765
tur,sex_t,age_ythadult_yge15,geo_cov_nat,2010,18.422
tur,sex_t,age_ythadult_yge15,geo_cov_nat,2011,16.029
tur,sex_t,age_ythadult_yge15,geo_cov_nat,2012,15.525
tur,sex_t,age_ythadult_yge15,geo_cov_nat,2013,16.071
tur,sex_t,age_ythadult_yge15,geo_cov_rur,2000,5.363
tur,sex_t,age_ythadult_yge15,geo_cov_rur,2001,6.069
tur,sex_t,age_ythadult_yge15,geo_cov_rur,2002,6.987
tur,sex_t,age_ythadult_yge15,geo_cov_rur,2003,8.121
tur,sex_t,age_ythadult_yge15,geo_cov_rur,2004,10.139
tur,sex_t,age_ythadult_yge15,geo_cov_rur,2005,12.806
tur,sex_t,age_ythadult_yge15,geo_cov_rur,2006,14.317
tur,sex_t,age_ythadult_yge15,geo_cov_rur,2007,14.571
tur,sex_t,age_ythadult_yge15,geo_cov_rur,2008,14.377
tur,sex_t,age_ythadult_yge15,geo_cov_rur,2009,16.518
tur,sex_t,age_ythadult_yge15,geo_cov_rur,2010,14.212
tur,sex_t,age_ythadult_yge15,geo_cov_rur,2011,12.251
tur,sex_t,age_ythadult_yge15,geo_cov_rur,2012,12.265
tur,sex_t,age_ythadult_yge15,geo_cov_rur,2013,12.527
tur,sex_t,age_ythadult_yge15,geo_cov_urb,2000,10.47
tur,sex_t,age_ythadult_yge15,geo_cov_urb,2001,12.605
tur,sex_t,age_ythadult_yge15,geo_cov_urb,2002,15.231
tur,sex_t,age_ythadult_yge15,geo_cov_urb,2003,14.604
tur,sex_t,age_ythadult_yge15,geo_cov_urb,2004,17.762
tur,sex_t,age_ythadult_yge15,geo_cov_urb,2005,18.37
tur,sex_t,age_ythadult_yge15,geo_cov_urb,2006,18.706
tur,sex_t,age_ythadult_yge15,geo_cov_urb,2007,17.661
tur,sex_t,age_ythadult_yge15,geo_cov_urb,2008,18.994
tur,sex_t,age_ythadult_yge15,geo_cov_urb,2009,22.874
tur,sex_t,age_ythadult_yge15,geo_cov_urb,2010,20.526
tur,sex_t,age_ythadult_yge15,geo_cov_urb,2011,17.988
tur,sex_t,age_ythadult_yge15,geo_cov_urb,2012,17.172
tur,sex_t,age_ythadult_yge15,geo_cov_urb,2013,17.819
tur,sex_t,age_ythadult_yge25,geo_cov_nat,2000,5.581
tur,sex_t,age_ythadult_yge25,geo_cov_nat,2001,6.985
tur,sex_t,age_ythadult_yge25,geo_cov_nat,2002,8.903
tur,sex_t,age_ythadult_yge25,geo_cov_nat,2003,8.944
tur,sex_t,age_ythadult_yge25,geo_cov_nat,2004,11.677
tur,sex_t,age_ythadult_yge25,geo_cov_nat,2005,13.163
tur,sex_t,age_ythadult_yge25,geo_cov_nat,2006,14.074
tur,sex_t,age_ythadult_yge25,geo_cov_nat,2007,13.407
tur,sex_t,age_ythadult_yge25,geo_cov_nat,2008,14.502
tur,sex_t,age_ythadult_yge25,geo_cov_nat,2009,17.539
tur,sex_t,age_ythadult_yge25,geo_cov_nat,2010,15.558
tur,sex_t,age_ythadult_yge25,geo_cov_nat,2011,13.552
tur,sex_t,age_ythadult_yge25,geo_cov_nat,2012,13.075
tur,sex_t,age_ythadult_yge25,geo_cov_nat,2013,13.653
tur,sex_t,age_ythadult_yge25,geo_cov_rur,2000,3.447
tur,sex_t,age_ythadult_yge25,geo_cov_rur,2001,4.184
tur,sex_t,age_ythadult_yge25,geo_cov_rur,2002,5.103
tur,sex_t,age_ythadult_yge25,geo_cov_rur,2003,5.731
tur,sex_t,age_ythadult_yge25,geo_cov_rur,2004,7
tur,sex_t,age_ythadult_yge25,geo_cov_rur,2005,9.309
tur,sex_t,age_ythadult_yge25,geo_cov_rur,2006,10.881
tur,sex_t,age_ythadult_yge25,geo_cov_rur,2007,10.923
tur,sex_t,age_ythadult_yge25,geo_cov_rur,2008,11.211
tur,sex_t,age_ythadult_yge25,geo_cov_rur,2009,13.061
tur,sex_t,age_ythadult_yge25,geo_cov_rur,2010,11.202
tur,sex_t,age_ythadult_yge25,geo_cov_rur,2011,9.608
tur,sex_t,age_ythadult_yge25,geo_cov_rur,2012,9.426
tur,sex_t,age_ythadult_yge25,geo_cov_rur,2013,9.886
tur,sex_t,age_ythadult_yge25,geo_cov_urb,2000,7.428
tur,sex_t,age_ythadult_yge25,geo_cov_urb,2001,9.382
tur,sex_t,age_ythadult_yge25,geo_cov_urb,2002,12.068
tur,sex_t,age_ythadult_yge25,geo_cov_urb,2003,11.562
tur,sex_t,age_ythadult_yge25,geo_cov_urb,2004,14.095
tur,sex_t,age_ythadult_yge25,geo_cov_urb,2005,15.079
tur,sex_t,age_ythadult_yge25,geo_cov_urb,2006,15.64
tur,sex_t,age_ythadult_yge25,geo_cov_urb,2007,14.64
tur,sex_t,age_ythadult_yge25,geo_cov_urb,2008,16.123
tur,sex_t,age_ythadult_yge25,geo_cov_urb,2009,19.78
tur,sex_t,age_ythadult_yge25,geo_cov_urb,2010,17.734
tur,sex_t,age_ythadult_yge25,geo_cov_urb,2011,15.59
tur,sex_t,age_ythadult_yge25,geo_cov_urb,2012,14.902
tur,sex_t,age_ythadult_yge25,geo_cov_urb,2013,15.497
tza,sex_f,age_aggregate_total,geo_cov_nat,2020,7.95
tza,sex_f,age_aggregate_total,geo_cov_rur,2020,3.833
tza,sex_f,age_aggregate_total,geo_cov_urb,2020,17.605
tza,sex_f,age_aggregate_y15_24,geo_cov_nat,2020,13.18
tza,sex_f,age_aggregate_y15_24,geo_cov_rur,2020,7.376
tza,sex_f,age_aggregate_y15_24,geo_cov_urb,2020,28.695
tza,sex_f,age_aggregate_y25_54,geo_cov_nat,2020,6.804
tza,sex_f,age_aggregate_y25_54,geo_cov_rur,2020,2.741
tza,sex_f,age_aggregate_y25_54,geo_cov_urb,2020,15.145
tza,sex_f,age_aggregate_y55_64,geo_cov_nat,2020,2.753
tza,sex_f,age_aggregate_y55_64,geo_cov_rur,2020,1.594
tza,sex_f,age_aggregate_y55_64,geo_cov_urb,2020,6.182
tza,sex_f,age_aggregate_yge65,geo_cov_nat,2020,1.085
tza,sex_f,age_aggregate_yge65,geo_cov_rur,2020,0.35
tza,sex_f,age_aggregate_yge65,geo_cov_urb,2020,4.153
tza,sex_f,age_ythadult_y15_24,geo_cov_nat,2020,13.18
tza,sex_f,age_ythadult_y15_24,geo_cov_rur,2020,7.376
tza,sex_f,age_ythadult_y15_24,geo_cov_urb,2020,28.695
tza,sex_f,age_ythadult_y15_64,geo_cov_nat,2020,8.356
tza,sex_f,age_ythadult_y15_64,geo_cov_rur,2020,4.072
tza,sex_f,age_ythadult_y15_64,geo_cov_urb,2020,18.108
tza,sex_f,age_ythadult_yge15,geo_cov_nat,2020,7.95
tza,sex_f,age_ythadult_yge15,geo_cov_rur,2020,3.833
tza,sex_f,age_ythadult_yge15,geo_cov_urb,2020,17.605
tza,sex_f,age_ythadult_yge25,geo_cov_nat,2020,5.935
tza,sex_f,age_ythadult_yge25,geo_cov_rur,2020,2.395
tza,sex_f,age_ythadult_yge25,geo_cov_urb,2020,13.841
tza,sex_m,age_aggregate_total,geo_cov_nat,2020,2.557
tza,sex_m,age_aggregate_total,geo_cov_rur,2020,1.403
tza,sex_m,age_aggregate_total,geo_cov_urb,2020,5.553
tza,sex_m,age_aggregate_y15_24,geo_cov_nat,2020,5.061
tza,sex_m,age_aggregate_y15_24,geo_cov_rur,2020,2.55
tza,sex_m,age_aggregate_y15_24,geo_cov_urb,2020,14.585
tza,sex_m,age_aggregate_y25_54,geo_cov_nat,2020,1.706
tza,sex_m,age_aggregate_y25_54,geo_cov_rur,2020,1.041
tza,sex_m,age_aggregate_y25_54,geo_cov_urb,2020,3.13
tza,sex_m,age_aggregate_y55_64,geo_cov_nat,2020,1.164
tza,sex_m,age_aggregate_y55_64,geo_cov_urb,2020,4.184
tza,sex_m,age_aggregate_yge65,geo_cov_nat,2020,1.386
tza,sex_m,age_aggregate_yge65,geo_cov_rur,2020,0.922
tza,sex_m,age_aggregate_yge65,geo_cov_urb,2020,3.103
tza,sex_m,age_ythadult_y15_24,geo_cov_nat,2020,5.061
tza,sex_m,age_ythadult_y15_24,geo_cov_rur,2020,2.55
tza,sex_m,age_ythadult_y15_24,geo_cov_urb,2020,14.585
tza,sex_m,age_ythadult_y15_64,geo_cov_nat,2020,2.63
tza,sex_m,age_ythadult_y15_64,geo_cov_rur,2020,1.436
tza,sex_m,age_ythadult_y15_64,geo_cov_urb,2020,5.669
tza,sex_m,age_ythadult_yge15,geo_cov_nat,2020,2.557
tza,sex_m,age_ythadult_yge15,geo_cov_rur,2020,1.403
tza,sex_m,age_ythadult_yge15,geo_cov_urb,2020,5.553
tza,sex_m,age_ythadult_yge25,geo_cov_nat,2020,1.619
tza,sex_m,age_ythadult_yge25,geo_cov_rur,2020,0.915
tza,sex_m,age_ythadult_yge25,geo_cov_urb,2020,3.232
tza,sex_t,age_aggregate_total,geo_cov_nat,2020,5.318
tza,sex_t,age_aggregate_total,geo_cov_rur,2020,2.63
tza,sex_t,age_aggregate_total,geo_cov_urb,2020,11.941
tza,sex_t,age_aggregate_y15_24,geo_cov_nat,2020,9.259
tza,sex_t,age_aggregate_y15_24,geo_cov_rur,2020,4.945
tza,sex_t,age_aggregate_y15_24,geo_cov_urb,2020,22.81
tza,sex_t,age_aggregate_y25_54,geo_cov_nat,2020,4.321
tza,sex_t,age_aggregate_y25_54,geo_cov_rur,2020,1.908
tza,sex_t,age_aggregate_y25_54,geo_cov_urb,2020,9.38
tza,sex_t,age_aggregate_y55_64,geo_cov_nat,2020,1.951
tza,sex_t,age_aggregate_y55_64,geo_cov_rur,2020,0.828
tza,sex_t,age_aggregate_y55_64,geo_cov_urb,2020,5.145
tza,sex_t,age_aggregate_yge65,geo_cov_nat,2020,1.236
tza,sex_t,age_aggregate_yge65,geo_cov_rur,2020,0.633
tza,sex_t,age_aggregate_yge65,geo_cov_urb,2020,3.602
tza,sex_t,age_ythadult_y15_24,geo_cov_nat,2020,9.259
tza,sex_t,age_ythadult_y15_24,geo_cov_rur,2020,4.945
tza,sex_t,age_ythadult_y15_24,geo_cov_urb,2020,22.81
tza,sex_t,age_ythadult_y15_64,geo_cov_nat,2020,5.566
tza,sex_t,age_ythadult_y15_64,geo_cov_rur,2020,2.766
tza,sex_t,age_ythadult_y15_64,geo_cov_urb,2020,12.291
tza,sex_t,age_ythadult_yge15,geo_cov_nat,2020,5.318
tza,sex_t,age_ythadult_yge15,geo_cov_rur,2020,2.63
tza,sex_t,age_ythadult_yge15,geo_cov_urb,2020,11.941
tza,sex_t,age_ythadult_yge25,geo_cov_nat,2020,3.82
tza,sex_t,age_ythadult_yge25,geo_cov_rur,2020,1.667
tza,sex_t,age_ythadult_yge25,geo_cov_urb,2020,8.688
uga,sex_f,age_aggregate_total,geo_cov_nat,2012,11.772
uga,sex_f,age_aggregate_total,geo_cov_nat,2017,10.402
uga,sex_f,age_aggregate_total,geo_cov_nat,2021,5.391
uga,sex_f,age_aggregate_total,geo_cov_rur,2012,9.382
uga,sex_f,age_aggregate_total,geo_cov_rur,2017,8.117
uga,sex_f,age_aggregate_total,geo_cov_rur,2021,2.455
uga,sex_f,age_aggregate_total,geo_cov_urb,2012,22.324
uga,sex_f,age_aggregate_total,geo_cov_urb,2017,16.696
uga,sex_f,age_aggregate_total,geo_cov_urb,2021,12.091
uga,sex_f,age_aggregate_y15_24,geo_cov_nat,2012,15.966
uga,sex_f,age_aggregate_y15_24,geo_cov_nat,2017,14.31
uga,sex_f,age_aggregate_y15_24,geo_cov_nat,2021,8.348
uga,sex_f,age_aggregate_y15_24,geo_cov_rur,2012,11.783
uga,sex_f,age_aggregate_y15_24,geo_cov_rur,2017,10.447
uga,sex_f,age_aggregate_y15_24,geo_cov_rur,2021,4.111
uga,sex_f,age_aggregate_y15_24,geo_cov_urb,2012,33.226
uga,sex_f,age_aggregate_y15_24,geo_cov_urb,2017,25.086
uga,sex_f,age_aggregate_y15_24,geo_cov_urb,2021,18.53
uga,sex_f,age_aggregate_y25_54,geo_cov_nat,2012,10.496
uga,sex_f,age_aggregate_y25_54,geo_cov_nat,2017,8.916
uga,sex_f,age_aggregate_y25_54,geo_cov_nat,2021,4.448
uga,sex_f,age_aggregate_y25_54,geo_cov_rur,2012,8.766
uga,sex_f,age_aggregate_y25_54,geo_cov_rur,2017,7.132
uga,sex_f,age_aggregate_y25_54,geo_cov_rur,2021,1.903
uga,sex_f,age_aggregate_y25_54,geo_cov_urb,2012,17.757
uga,sex_f,age_aggregate_y25_54,geo_cov_urb,2017,13.464
uga,sex_f,age_aggregate_y25_54,geo_cov_urb,2021,9.798
uga,sex_f,age_aggregate_y55_64,geo_cov_nat,2012,6.444
uga,sex_f,age_aggregate_y55_64,geo_cov_nat,2017,8.138
uga,sex_f,age_aggregate_y55_64,geo_cov_nat,2021,1.194
uga,sex_f,age_aggregate_y55_64,geo_cov_rur,2012,6.541
uga,sex_f,age_aggregate_y55_64,geo_cov_rur,2017,7.133
uga,sex_f,age_aggregate_y55_64,geo_cov_urb,2017,12.281
uga,sex_f,age_aggregate_y55_64,geo_cov_urb,2021,3.651
uga,sex_f,age_aggregate_yge65,geo_cov_nat,2012,4.375
uga,sex_f,age_aggregate_yge65,geo_cov_nat,2017,4.877
uga,sex_f,age_aggregate_yge65,geo_cov_rur,2017,5.837
uga,sex_f,age_ythadult_y15_24,geo_cov_nat,2012,15.966
uga,sex_f,age_ythadult_y15_24,geo_cov_nat,2017,14.31
uga,sex_f,age_ythadult_y15_24,geo_cov_nat,2021,8.348
uga,sex_f,age_ythadult_y15_24,geo_cov_rur,2012,11.783
uga,sex_f,age_ythadult_y15_24,geo_cov_rur,2017,10.447
uga,sex_f,age_ythadult_y15_24,geo_cov_rur,2021,4.111
uga,sex_f,age_ythadult_y15_24,geo_cov_urb,2012,33.226
uga,sex_f,age_ythadult_y15_24,geo_cov_urb,2017,25.086
uga,sex_f,age_ythadult_y15_24,geo_cov_urb,2021,18.53
uga,sex_f,age_ythadult_y15_64,geo_cov_nat,2012,12.032
uga,sex_f,age_ythadult_y15_64,geo_cov_nat,2017,10.631
uga,sex_f,age_ythadult_y15_64,geo_cov_nat,2021,5.574
uga,sex_f,age_ythadult_y15_64,geo_cov_rur,2012,9.594
uga,sex_f,age_ythadult_y15_64,geo_cov_rur,2017,8.226
uga,sex_f,age_ythadult_y15_64,geo_cov_rur,2021,2.566
uga,sex_f,age_ythadult_y15_64,geo_cov_urb,2012,22.519
uga,sex_f,age_ythadult_y15_64,geo_cov_urb,2017,17.116
uga,sex_f,age_ythadult_y15_64,geo_cov_urb,2021,12.298
uga,sex_f,age_ythadult_yge15,geo_cov_nat,2012,11.772
uga,sex_f,age_ythadult_yge15,geo_cov_nat,2017,10.402
uga,sex_f,age_ythadult_yge15,geo_cov_nat,2021,5.391
uga,sex_f,age_ythadult_yge15,geo_cov_rur,2012,9.382
uga,sex_f,age_ythadult_yge15,geo_cov_rur,2017,8.117
uga,sex_f,age_ythadult_yge15,geo_cov_rur,2021,2.455
uga,sex_f,age_ythadult_yge15,geo_cov_urb,2012,22.324
uga,sex_f,age_ythadult_yge15,geo_cov_urb,2017,16.696
uga,sex_f,age_ythadult_yge15,geo_cov_urb,2021,12.091
uga,sex_f,age_ythadult_yge25,geo_cov_nat,2012,9.913
uga,sex_f,age_ythadult_yge25,geo_cov_nat,2017,8.615
uga,sex_f,age_ythadult_yge25,geo_cov_nat,2021,3.957
uga,sex_f,age_ythadult_yge25,geo_cov_rur,2012,8.337
uga,sex_f,age_ythadult_yge25,geo_cov_rur,2017,7.046
uga,sex_f,age_ythadult_yge25,geo_cov_rur,2021,1.632
uga,sex_f,age_ythadult_yge25,geo_cov_urb,2012,17.09
uga,sex_f,age_ythadult_yge25,geo_cov_urb,2017,12.91
uga,sex_f,age_ythadult_yge25,geo_cov_urb,2021,9.131
uga,sex_m,age_aggregate_total,geo_cov_nat,2012,7.008
uga,sex_m,age_aggregate_total,geo_cov_nat,2017,7.445
uga,sex_m,age_aggregate_total,geo_cov_nat,2021,3.599
uga,sex_m,age_aggregate_total,geo_cov_rur,2012,6.718
uga,sex_m,age_aggregate_total,geo_cov_rur,2017,7.34
uga,sex_m,age_aggregate_total,geo_cov_rur,2021,1.986
uga,sex_m,age_aggregate_total,geo_cov_urb,2012,8.371
uga,sex_m,age_aggregate_total,geo_cov_urb,2017,7.742
uga,sex_m,age_aggregate_total,geo_cov_urb,2021,7.403
uga,sex_m,age_aggregate_y15_24,geo_cov_nat,2012,11.093
uga,sex_m,age_aggregate_y15_24,geo_cov_nat,2017,11.089
uga,sex_m,age_aggregate_y15_24,geo_cov_nat,2021,5.3
uga,sex_m,age_aggregate_y15_24,geo_cov_rur,2012,9.56
uga,sex_m,age_aggregate_y15_24,geo_cov_rur,2017,9.915
uga,sex_m,age_aggregate_y15_24,geo_cov_rur,2021,2.94
uga,sex_m,age_aggregate_y15_24,geo_cov_urb,2012,20.291
uga,sex_m,age_aggregate_y15_24,geo_cov_urb,2017,15.507
uga,sex_m,age_aggregate_y15_24,geo_cov_urb,2021,12.335
uga,sex_m,age_aggregate_y25_54,geo_cov_nat,2012,5.427
uga,sex_m,age_aggregate_y25_54,geo_cov_nat,2017,6.183
uga,sex_m,age_aggregate_y25_54,geo_cov_nat,2021,3.143
uga,sex_m,age_aggregate_y25_54,geo_cov_rur,2012,5.656
uga,sex_m,age_aggregate_y25_54,geo_cov_rur,2017,6.543
uga,sex_m,age_aggregate_y25_54,geo_cov_rur,2021,1.607
uga,sex_m,age_aggregate_y25_54,geo_cov_urb,2012,4.543
uga,sex_m,age_aggregate_y25_54,geo_cov_urb,2017,5.365
uga,sex_m,age_aggregate_y25_54,geo_cov_urb,2021,6.254
uga,sex_m,age_aggregate_y55_64,geo_cov_nat,2012,4.469
uga,sex_m,age_aggregate_y55_64,geo_cov_nat,2017,4.181
uga,sex_m,age_aggregate_y55_64,geo_cov_nat,2021,0.948
uga,sex_m,age_aggregate_y55_64,geo_cov_rur,2012,4.462
uga,sex_m,age_aggregate_y55_64,geo_cov_rur,2017,3.963
uga,sex_m,age_aggregate_y55_64,geo_cov_rur,2021,1.279
uga,sex_m,age_aggregate_yge65,geo_cov_nat,2012,4.402
uga,sex_m,age_aggregate_yge65,geo_cov_nat,2017,4.234
uga,sex_m,age_aggregate_yge65,geo_cov_rur,2012,4.4
uga,sex_m,age_ythadult_y15_24,geo_cov_nat,2012,11.093
uga,sex_m,age_ythadult_y15_24,geo_cov_nat,2017,11.089
uga,sex_m,age_ythadult_y15_24,geo_cov_nat,2021,5.3
uga,sex_m,age_ythadult_y15_24,geo_cov_rur,2012,9.56
uga,sex_m,age_ythadult_y15_24,geo_cov_rur,2017,9.915
uga,sex_m,age_ythadult_y15_24,geo_cov_rur,2021,2.94
uga,sex_m,age_ythadult_y15_24,geo_cov_urb,2012,20.291
uga,sex_m,age_ythadult_y15_24,geo_cov_urb,2017,15.507
uga,sex_m,age_ythadult_y15_24,geo_cov_urb,2021,12.335
uga,sex_m,age_ythadult_y15_64,geo_cov_nat,2012,7.15
uga,sex_m,age_ythadult_y15_64,geo_cov_nat,2017,7.58
uga,sex_m,age_ythadult_y15_64,geo_cov_nat,2021,3.703
uga,sex_m,age_ythadult_y15_64,geo_cov_rur,2012,6.857
uga,sex_m,age_ythadult_y15_64,geo_cov_rur,2017,7.489
uga,sex_m,age_ythadult_y15_64,geo_cov_rur,2021,2.052
uga,sex_m,age_ythadult_y15_64,geo_cov_urb,2012,8.484
uga,sex_m,age_ythadult_y15_64,geo_cov_urb,2017,7.829
uga,sex_m,age_ythadult_y15_64,geo_cov_urb,2021,7.561
uga,sex_m,age_ythadult_yge15,geo_cov_nat,2012,7.008
uga,sex_m,age_ythadult_yge15,geo_cov_nat,2017,7.445
uga,sex_m,age_ythadult_yge15,geo_cov_nat,2021,3.599
uga,sex_m,age_ythadult_yge15,geo_cov_rur,2012,6.718
uga,sex_m,age_ythadult_yge15,geo_cov_rur,2017,7.34
uga,sex_m,age_ythadult_yge15,geo_cov_rur,2021,1.986
uga,sex_m,age_ythadult_yge15,geo_cov_urb,2012,8.371
uga,sex_m,age_ythadult_yge15,geo_cov_urb,2017,7.742
uga,sex_m,age_ythadult_yge15,geo_cov_urb,2021,7.403
uga,sex_m,age_ythadult_yge25,geo_cov_nat,2012,5.263
uga,sex_m,age_ythadult_yge25,geo_cov_nat,2017,5.889
uga,sex_m,age_ythadult_yge25,geo_cov_nat,2021,2.806
uga,sex_m,age_ythadult_yge25,geo_cov_rur,2012,5.433
uga,sex_m,age_ythadult_yge25,geo_cov_rur,2017,6.123
uga,sex_m,age_ythadult_yge25,geo_cov_rur,2021,1.497
uga,sex_m,age_ythadult_yge25,geo_cov_urb,2012,4.537
uga,sex_m,age_ythadult_yge25,geo_cov_urb,2017,5.303
uga,sex_m,age_ythadult_yge25,geo_cov_urb,2021,5.595
uga,sex_t,age_aggregate_total,geo_cov_nat,2012,9.336
uga,sex_t,age_aggregate_total,geo_cov_nat,2017,8.931
uga,sex_t,age_aggregate_total,geo_cov_nat,2021,4.477
uga,sex_t,age_aggregate_total,geo_cov_rur,2012,8.012
uga,sex_t,age_aggregate_total,geo_cov_rur,2017,7.729
uga,sex_t,age_aggregate_total,geo_cov_rur,2021,2.215
uga,sex_t,age_aggregate_total,geo_cov_urb,2012,15.362
uga,sex_t,age_aggregate_total,geo_cov_urb,2017,12.27
uga,sex_t,age_aggregate_total,geo_cov_urb,2021,9.727
uga,sex_t,age_aggregate_y15_24,geo_cov_nat,2012,13.505
uga,sex_t,age_aggregate_y15_24,geo_cov_nat,2017,12.746
uga,sex_t,age_aggregate_y15_24,geo_cov_nat,2021,6.814
uga,sex_t,age_aggregate_y15_24,geo_cov_rur,2012,10.626
uga,sex_t,age_aggregate_y15_24,geo_cov_rur,2017,10.18
uga,sex_t,age_aggregate_y15_24,geo_cov_rur,2021,3.505
uga,sex_t,age_aggregate_y15_24,geo_cov_urb,2012,27.695
uga,sex_t,age_aggregate_y15_24,geo_cov_urb,2017,20.976
uga,sex_t,age_aggregate_y15_24,geo_cov_urb,2021,15.654
uga,sex_t,age_aggregate_y25_54,geo_cov_nat,2012,7.959
uga,sex_t,age_aggregate_y25_54,geo_cov_nat,2017,7.545
uga,sex_t,age_aggregate_y25_54,geo_cov_nat,2021,3.78
uga,sex_t,age_aggregate_y25_54,geo_cov_rur,2012,7.222
uga,sex_t,age_aggregate_y25_54,geo_cov_rur,2017,6.842
uga,sex_t,age_aggregate_y25_54,geo_cov_rur,2021,1.752
uga,sex_t,age_aggregate_y25_54,geo_cov_urb,2012,10.918
uga,sex_t,age_aggregate_y25_54,geo_cov_urb,2017,9.235
uga,sex_t,age_aggregate_y25_54,geo_cov_urb,2021,7.959
uga,sex_t,age_aggregate_y55_64,geo_cov_nat,2012,5.294
uga,sex_t,age_aggregate_y55_64,geo_cov_nat,2017,6.092
uga,sex_t,age_aggregate_y55_64,geo_cov_nat,2021,1.061
uga,sex_t,age_aggregate_y55_64,geo_cov_rur,2012,5.342
uga,sex_t,age_aggregate_y55_64,geo_cov_rur,2017,5.487
uga,sex_t,age_aggregate_y55_64,geo_cov_rur,2021,0.838
uga,sex_t,age_aggregate_y55_64,geo_cov_urb,2012,4.911
uga,sex_t,age_aggregate_y55_64,geo_cov_urb,2017,8.645
uga,sex_t,age_aggregate_y55_64,geo_cov_urb,2021,1.692
uga,sex_t,age_aggregate_yge65,geo_cov_nat,2012,4.392
uga,sex_t,age_aggregate_yge65,geo_cov_nat,2017,4.555
uga,sex_t,age_aggregate_yge65,geo_cov_rur,2012,4.277
uga,sex_t,age_aggregate_yge65,geo_cov_rur,2017,5.071
uga,sex_t,age_aggregate_yge65,geo_cov_urb,2012,5.607
uga,sex_t,age_ythadult_y15_24,geo_cov_nat,2012,13.505
uga,sex_t,age_ythadult_y15_24,geo_cov_nat,2017,12.746
uga,sex_t,age_ythadult_y15_24,geo_cov_nat,2021,6.814
uga,sex_t,age_ythadult_y15_24,geo_cov_rur,2012,10.626
uga,sex_t,age_ythadult_y15_24,geo_cov_rur,2017,10.18
uga,sex_t,age_ythadult_y15_24,geo_cov_rur,2021,3.505
uga,sex_t,age_ythadult_y15_24,geo_cov_urb,2012,27.695
uga,sex_t,age_ythadult_y15_24,geo_cov_urb,2017,20.976
uga,sex_t,age_ythadult_y15_24,geo_cov_urb,2021,15.654
uga,sex_t,age_ythadult_y15_64,geo_cov_nat,2012,9.558
uga,sex_t,age_ythadult_y15_64,geo_cov_nat,2017,9.114
uga,sex_t,age_ythadult_y15_64,geo_cov_nat,2021,4.617
uga,sex_t,age_ythadult_y15_64,geo_cov_rur,2012,8.2
uga,sex_t,age_ythadult_y15_64,geo_cov_rur,2017,7.859
uga,sex_t,age_ythadult_y15_64,geo_cov_rur,2021,2.301
uga,sex_t,age_ythadult_y15_64,geo_cov_urb,2012,15.567
uga,sex_t,age_ythadult_y15_64,geo_cov_urb,2017,12.517
uga,sex_t,age_ythadult_y15_64,geo_cov_urb,2021,9.913
uga,sex_t,age_ythadult_yge15,geo_cov_nat,2012,9.336
uga,sex_t,age_ythadult_yge15,geo_cov_nat,2017,8.931
uga,sex_t,age_ythadult_yge15,geo_cov_nat,2021,4.477
uga,sex_t,age_ythadult_yge15,geo_cov_rur,2012,8.012
uga,sex_t,age_ythadult_yge15,geo_cov_rur,2017,7.729
uga,sex_t,age_ythadult_yge15,geo_cov_rur,2021,2.215
uga,sex_t,age_ythadult_yge15,geo_cov_urb,2012,15.362
uga,sex_t,age_ythadult_yge15,geo_cov_urb,2017,12.27
uga,sex_t,age_ythadult_yge15,geo_cov_urb,2021,9.727
uga,sex_t,age_ythadult_yge25,geo_cov_nat,2012,7.522
uga,sex_t,age_ythadult_yge25,geo_cov_nat,2017,7.244
uga,sex_t,age_ythadult_yge25,geo_cov_nat,2021,3.366
uga,sex_t,age_ythadult_yge25,geo_cov_rur,2012,6.852
uga,sex_t,age_ythadult_yge25,geo_cov_rur,2017,6.588
uga,sex_t,age_ythadult_yge25,geo_cov_rur,2021,1.563
uga,sex_t,age_ythadult_yge25,geo_cov_urb,2012,10.472
uga,sex_t,age_ythadult_yge25,geo_cov_urb,2017,8.962
uga,sex_t,age_ythadult_yge25,geo_cov_urb,2021,7.289
ury,sex_f,age_aggregate_total,geo_cov_nat,2006,23.841
ury,sex_f,age_aggregate_total,geo_cov_nat,2007,21.636
ury,sex_f,age_aggregate_total,geo_cov_nat,2008,20.002
ury,sex_f,age_aggregate_total,geo_cov_nat,2009,19.042
ury,sex_f,age_aggregate_total,geo_cov_nat,2010,17.607
ury,sex_f,age_aggregate_total,geo_cov_nat,2011,15.478
ury,sex_f,age_aggregate_total,geo_cov_nat,2012,15.321
ury,sex_f,age_aggregate_total,geo_cov_nat,2013,14.72
ury,sex_f,age_aggregate_total,geo_cov_nat,2014,14.203
ury,sex_f,age_aggregate_total,geo_cov_nat,2015,14.596
ury,sex_f,age_aggregate_total,geo_cov_nat,2016,14.765
ury,sex_f,age_aggregate_total,geo_cov_nat,2017,14.692
ury,sex_f,age_aggregate_total,geo_cov_nat,2018,15.167
ury,sex_f,age_aggregate_total,geo_cov_nat,2019,15.774
ury,sex_f,age_aggregate_total,geo_cov_nat,2020,17.495
ury,sex_f,age_aggregate_total,geo_cov_nat,2021,14.973
ury,sex_f,age_aggregate_total,geo_cov_nat,2022,12.468
ury,sex_f,age_aggregate_total,geo_cov_nat,2023,12.664
ury,sex_f,age_aggregate_total,geo_cov_nat,2024,12.738
ury,sex_f,age_aggregate_total,geo_cov_rur,2006,21.008
ury,sex_f,age_aggregate_total,geo_cov_rur,2007,19.485
ury,sex_f,age_aggregate_total,geo_cov_rur,2008,17.778
ury,sex_f,age_aggregate_total,geo_cov_rur,2009,15.594
ury,sex_f,age_aggregate_total,geo_cov_rur,2010,13.267
ury,sex_f,age_aggregate_total,geo_cov_rur,2011,13.272
ury,sex_f,age_aggregate_total,geo_cov_rur,2012,12.91
ury,sex_f,age_aggregate_total,geo_cov_rur,2013,9.686
ury,sex_f,age_aggregate_total,geo_cov_rur,2014,9.896
ury,sex_f,age_aggregate_total,geo_cov_rur,2015,10.755
ury,sex_f,age_aggregate_total,geo_cov_rur,2016,9.888
ury,sex_f,age_aggregate_total,geo_cov_rur,2017,10.888
ury,sex_f,age_aggregate_total,geo_cov_rur,2018,11.656
ury,sex_f,age_aggregate_total,geo_cov_rur,2019,10.816
ury,sex_f,age_aggregate_total,geo_cov_rur,2020,12.164
ury,sex_f,age_aggregate_total,geo_cov_rur,2021,11.189
ury,sex_f,age_aggregate_total,geo_cov_rur,2022,10.418
ury,sex_f,age_aggregate_total,geo_cov_rur,2023,9.995
ury,sex_f,age_aggregate_total,geo_cov_rur,2024,10.767
ury,sex_f,age_aggregate_total,geo_cov_urb,2006,23.995
ury,sex_f,age_aggregate_total,geo_cov_urb,2007,21.752
ury,sex_f,age_aggregate_total,geo_cov_urb,2008,20.118
ury,sex_f,age_aggregate_total,geo_cov_urb,2009,19.217
ury,sex_f,age_aggregate_total,geo_cov_urb,2010,17.822
ury,sex_f,age_aggregate_total,geo_cov_urb,2011,15.637
ury,sex_f,age_aggregate_total,geo_cov_urb,2012,15.452
ury,sex_f,age_aggregate_total,geo_cov_urb,2013,14.964
ury,sex_f,age_aggregate_total,geo_cov_urb,2014,14.415
ury,sex_f,age_aggregate_total,geo_cov_urb,2015,14.783
ury,sex_f,age_aggregate_total,geo_cov_urb,2016,15.003
ury,sex_f,age_aggregate_total,geo_cov_urb,2017,14.873
ury,sex_f,age_aggregate_total,geo_cov_urb,2018,15.336
ury,sex_f,age_aggregate_total,geo_cov_urb,2019,16.014
ury,sex_f,age_aggregate_total,geo_cov_urb,2020,17.737
ury,sex_f,age_aggregate_total,geo_cov_urb,2021,15.152
ury,sex_f,age_aggregate_total,geo_cov_urb,2022,12.568
ury,sex_f,age_aggregate_total,geo_cov_urb,2023,12.79
ury,sex_f,age_aggregate_total,geo_cov_urb,2024,12.838
ury,sex_f,age_aggregate_y15_24,geo_cov_nat,2006,47.092
ury,sex_f,age_aggregate_y15_24,geo_cov_nat,2007,42.975
ury,sex_f,age_aggregate_y15_24,geo_cov_nat,2008,40.628
ury,sex_f,age_aggregate_y15_24,geo_cov_nat,2009,39.548
ury,sex_f,age_aggregate_y15_24,geo_cov_nat,2010,38.444
ury,sex_f,age_aggregate_y15_24,geo_cov_nat,2011,34.073
ury,sex_f,age_aggregate_y15_24,geo_cov_nat,2012,35.439
ury,sex_f,age_aggregate_y15_24,geo_cov_nat,2013,34.769
ury,sex_f,age_aggregate_y15_24,geo_cov_nat,2014,33.682
ury,sex_f,age_aggregate_y15_24,geo_cov_nat,2015,36.019
ury,sex_f,age_aggregate_y15_24,geo_cov_nat,2016,37.086
ury,sex_f,age_aggregate_y15_24,geo_cov_nat,2017,39.717
ury,sex_f,age_aggregate_y15_24,geo_cov_nat,2018,39.25
ury,sex_f,age_aggregate_y15_24,geo_cov_nat,2019,41.384
ury,sex_f,age_aggregate_y15_24,geo_cov_nat,2020,46.649
ury,sex_f,age_aggregate_y15_24,geo_cov_nat,2021,42.619
ury,sex_f,age_aggregate_y15_24,geo_cov_nat,2022,32.798
ury,sex_f,age_aggregate_y15_24,geo_cov_nat,2023,34.086
ury,sex_f,age_aggregate_y15_24,geo_cov_nat,2024,36.21
ury,sex_f,age_aggregate_y15_24,geo_cov_rur,2006,44.324
ury,sex_f,age_aggregate_y15_24,geo_cov_rur,2007,38.997
ury,sex_f,age_aggregate_y15_24,geo_cov_rur,2008,39.018
ury,sex_f,age_aggregate_y15_24,geo_cov_rur,2009,36.233
ury,sex_f,age_aggregate_y15_24,geo_cov_rur,2010,33.705
ury,sex_f,age_aggregate_y15_24,geo_cov_rur,2011,38.423
ury,sex_f,age_aggregate_y15_24,geo_cov_rur,2012,32.519
ury,sex_f,age_aggregate_y15_24,geo_cov_rur,2013,27.329
ury,sex_f,age_aggregate_y15_24,geo_cov_rur,2014,28.194
ury,sex_f,age_aggregate_y15_24,geo_cov_rur,2015,28.791
ury,sex_f,age_aggregate_y15_24,geo_cov_rur,2016,32.225
ury,sex_f,age_aggregate_y15_24,geo_cov_rur,2017,30.128
ury,sex_f,age_aggregate_y15_24,geo_cov_rur,2018,36.945
ury,sex_f,age_aggregate_y15_24,geo_cov_rur,2019,27.089
ury,sex_f,age_aggregate_y15_24,geo_cov_rur,2020,37.03
ury,sex_f,age_aggregate_y15_24,geo_cov_rur,2021,47.682
ury,sex_f,age_aggregate_y15_24,geo_cov_rur,2022,37.958
ury,sex_f,age_aggregate_y15_24,geo_cov_rur,2023,31.19
ury,sex_f,age_aggregate_y15_24,geo_cov_rur,2024,42.457
ury,sex_f,age_aggregate_y15_24,geo_cov_urb,2006,47.232
ury,sex_f,age_aggregate_y15_24,geo_cov_urb,2007,43.184
ury,sex_f,age_aggregate_y15_24,geo_cov_urb,2008,40.703
ury,sex_f,age_aggregate_y15_24,geo_cov_urb,2009,39.684
ury,sex_f,age_aggregate_y15_24,geo_cov_urb,2010,38.62
ury,sex_f,age_aggregate_y15_24,geo_cov_urb,2011,33.79
ury,sex_f,age_aggregate_y15_24,geo_cov_urb,2012,35.566
ury,sex_f,age_aggregate_y15_24,geo_cov_urb,2013,35.101
ury,sex_f,age_aggregate_y15_24,geo_cov_urb,2014,33.928
ury,sex_f,age_aggregate_y15_24,geo_cov_urb,2015,36.328
ury,sex_f,age_aggregate_y15_24,geo_cov_urb,2016,37.298
ury,sex_f,age_aggregate_y15_24,geo_cov_urb,2017,40.092
ury,sex_f,age_aggregate_y15_24,geo_cov_urb,2018,39.337
ury,sex_f,age_aggregate_y15_24,geo_cov_urb,2019,41.958
ury,sex_f,age_aggregate_y15_24,geo_cov_urb,2020,47.011
ury,sex_f,age_aggregate_y15_24,geo_cov_urb,2021,42.472
ury,sex_f,age_aggregate_y15_24,geo_cov_urb,2022,32.6
ury,sex_f,age_aggregate_y15_24,geo_cov_urb,2023,34.198
ury,sex_f,age_aggregate_y15_24,geo_cov_urb,2024,35.958
ury,sex_f,age_aggregate_y25_54,geo_cov_nat,2006,18.973
ury,sex_f,age_aggregate_y25_54,geo_cov_nat,2007,17.746
ury,sex_f,age_aggregate_y25_54,geo_cov_nat,2008,15.649
ury,sex_f,age_aggregate_y25_54,geo_cov_nat,2009,14.848
ury,sex_f,age_aggregate_y25_54,geo_cov_nat,2010,13.374
ury,sex_f,age_aggregate_y25_54,geo_cov_nat,2011,11.329
ury,sex_f,age_aggregate_y25_54,geo_cov_nat,2012,11.102
ury,sex_f,age_aggregate_y25_54,geo_cov_nat,2013,10.507
ury,sex_f,age_aggregate_y25_54,geo_cov_nat,2014,10.508
ury,sex_f,age_aggregate_y25_54,geo_cov_nat,2015,10.505
ury,sex_f,age_aggregate_y25_54,geo_cov_nat,2016,10.873
ury,sex_f,age_aggregate_y25_54,geo_cov_nat,2017,10.43
ury,sex_f,age_aggregate_y25_54,geo_cov_nat,2018,11.101
ury,sex_f,age_aggregate_y25_54,geo_cov_nat,2019,11.32
ury,sex_f,age_aggregate_y25_54,geo_cov_nat,2020,13.037
ury,sex_f,age_aggregate_y25_54,geo_cov_nat,2021,11.271
ury,sex_f,age_aggregate_y25_54,geo_cov_nat,2022,9.529
ury,sex_f,age_aggregate_y25_54,geo_cov_nat,2023,9.739
ury,sex_f,age_aggregate_y25_54,geo_cov_nat,2024,9.426
ury,sex_f,age_aggregate_y25_54,geo_cov_rur,2006,18.352
ury,sex_f,age_aggregate_y25_54,geo_cov_rur,2007,17.471
ury,sex_f,age_aggregate_y25_54,geo_cov_rur,2008,15.183
ury,sex_f,age_aggregate_y25_54,geo_cov_rur,2009,14.411
ury,sex_f,age_aggregate_y25_54,geo_cov_rur,2010,10.71
ury,sex_f,age_aggregate_y25_54,geo_cov_rur,2011,10.248
ury,sex_f,age_aggregate_y25_54,geo_cov_rur,2012,10.098
ury,sex_f,age_aggregate_y25_54,geo_cov_rur,2013,7.333
ury,sex_f,age_aggregate_y25_54,geo_cov_rur,2014,7.55
ury,sex_f,age_aggregate_y25_54,geo_cov_rur,2015,8.381
ury,sex_f,age_aggregate_y25_54,geo_cov_rur,2016,7.426
ury,sex_f,age_aggregate_y25_54,geo_cov_rur,2017,9.302
ury,sex_f,age_aggregate_y25_54,geo_cov_rur,2018,9.243
ury,sex_f,age_aggregate_y25_54,geo_cov_rur,2019,9.385
ury,sex_f,age_aggregate_y25_54,geo_cov_rur,2020,9.205
ury,sex_f,age_aggregate_y25_54,geo_cov_rur,2021,9.101
ury,sex_f,age_aggregate_y25_54,geo_cov_rur,2022,8.005
ury,sex_f,age_aggregate_y25_54,geo_cov_rur,2023,8.676
ury,sex_f,age_aggregate_y25_54,geo_cov_rur,2024,8.172
ury,sex_f,age_aggregate_y25_54,geo_cov_urb,2006,19.007
ury,sex_f,age_aggregate_y25_54,geo_cov_urb,2007,17.761
ury,sex_f,age_aggregate_y25_54,geo_cov_urb,2008,15.673
ury,sex_f,age_aggregate_y25_54,geo_cov_urb,2009,14.871
ury,sex_f,age_aggregate_y25_54,geo_cov_urb,2010,13.51
ury,sex_f,age_aggregate_y25_54,geo_cov_urb,2011,11.405
ury,sex_f,age_aggregate_y25_54,geo_cov_urb,2012,11.157
ury,sex_f,age_aggregate_y25_54,geo_cov_urb,2013,10.664
ury,sex_f,age_aggregate_y25_54,geo_cov_urb,2014,10.66
ury,sex_f,age_aggregate_y25_54,geo_cov_urb,2015,10.608
ury,sex_f,age_aggregate_y25_54,geo_cov_urb,2016,11.038
ury,sex_f,age_aggregate_y25_54,geo_cov_urb,2017,10.486
ury,sex_f,age_aggregate_y25_54,geo_cov_urb,2018,11.193
ury,sex_f,age_aggregate_y25_54,geo_cov_urb,2019,11.415
ury,sex_f,age_aggregate_y25_54,geo_cov_urb,2020,13.207
ury,sex_f,age_aggregate_y25_54,geo_cov_urb,2021,11.377
ury,sex_f,age_aggregate_y25_54,geo_cov_urb,2022,9.604
ury,sex_f,age_aggregate_y25_54,geo_cov_urb,2023,9.789
ury,sex_f,age_aggregate_y25_54,geo_cov_urb,2024,9.491
ury,sex_f,age_aggregate_y55_64,geo_cov_nat,2006,17.605
ury,sex_f,age_aggregate_y55_64,geo_cov_nat,2007,14.441
ury,sex_f,age_aggregate_y55_64,geo_cov_nat,2008,15.108
ury,sex_f,age_aggregate_y55_64,geo_cov_nat,2009,13.361
ury,sex_f,age_aggregate_y55_64,geo_cov_nat,2010,12.073
ury,sex_f,age_aggregate_y55_64,geo_cov_nat,2011,11.231
ury,sex_f,age_aggregate_y55_64,geo_cov_nat,2012,10.195
ury,sex_f,age_aggregate_y55_64,geo_cov_nat,2013,9.272
ury,sex_f,age_aggregate_y55_64,geo_cov_nat,2014,8.985
ury,sex_f,age_aggregate_y55_64,geo_cov_nat,2015,9.846
ury,sex_f,age_aggregate_y55_64,geo_cov_nat,2016,8.64
ury,sex_f,age_aggregate_y55_64,geo_cov_nat,2017,8.373
ury,sex_f,age_aggregate_y55_64,geo_cov_nat,2018,9.043
ury,sex_f,age_aggregate_y55_64,geo_cov_nat,2019,9.764
ury,sex_f,age_aggregate_y55_64,geo_cov_nat,2020,11.174
ury,sex_f,age_aggregate_y55_64,geo_cov_nat,2021,9.125
ury,sex_f,age_aggregate_y55_64,geo_cov_nat,2022,8.504
ury,sex_f,age_aggregate_y55_64,geo_cov_nat,2023,8.084
ury,sex_f,age_aggregate_y55_64,geo_cov_nat,2024,8.6
ury,sex_f,age_aggregate_y55_64,geo_cov_rur,2006,8.88
ury,sex_f,age_aggregate_y55_64,geo_cov_rur,2007,8.815
ury,sex_f,age_aggregate_y55_64,geo_cov_rur,2008,10.234
ury,sex_f,age_aggregate_y55_64,geo_cov_rur,2009,5.76
ury,sex_f,age_aggregate_y55_64,geo_cov_rur,2010,8.938
ury,sex_f,age_aggregate_y55_64,geo_cov_rur,2011,4.002
ury,sex_f,age_aggregate_y55_64,geo_cov_rur,2012,10.353
ury,sex_f,age_aggregate_y55_64,geo_cov_rur,2013,3.176
ury,sex_f,age_aggregate_y55_64,geo_cov_rur,2014,4.233
ury,sex_f,age_aggregate_y55_64,geo_cov_rur,2015,6.99
ury,sex_f,age_aggregate_y55_64,geo_cov_rur,2016,3.084
ury,sex_f,age_aggregate_y55_64,geo_cov_rur,2017,2.856
ury,sex_f,age_aggregate_y55_64,geo_cov_rur,2018,5.407
ury,sex_f,age_aggregate_y55_64,geo_cov_rur,2019,5.376
ury,sex_f,age_aggregate_y55_64,geo_cov_rur,2020,7.488
ury,sex_f,age_aggregate_y55_64,geo_cov_rur,2021,4.746
ury,sex_f,age_aggregate_y55_64,geo_cov_rur,2022,4.023
ury,sex_f,age_aggregate_y55_64,geo_cov_rur,2023,3.832
ury,sex_f,age_aggregate_y55_64,geo_cov_rur,2024,3.783
ury,sex_f,age_aggregate_y55_64,geo_cov_urb,2006,18.118
ury,sex_f,age_aggregate_y55_64,geo_cov_urb,2007,14.785
ury,sex_f,age_aggregate_y55_64,geo_cov_urb,2008,15.391
ury,sex_f,age_aggregate_y55_64,geo_cov_urb,2009,13.829
ury,sex_f,age_aggregate_y55_64,geo_cov_urb,2010,12.244
ury,sex_f,age_aggregate_y55_64,geo_cov_urb,2011,11.864
ury,sex_f,age_aggregate_y55_64,geo_cov_urb,2012,10.185
ury,sex_f,age_aggregate_y55_64,geo_cov_urb,2013,9.576
ury,sex_f,age_aggregate_y55_64,geo_cov_urb,2014,9.21
ury,sex_f,age_aggregate_y55_64,geo_cov_urb,2015,9.991
ury,sex_f,age_aggregate_y55_64,geo_cov_urb,2016,8.956
ury,sex_f,age_aggregate_y55_64,geo_cov_urb,2017,8.634
ury,sex_f,age_aggregate_y55_64,geo_cov_urb,2018,9.24
ury,sex_f,age_aggregate_y55_64,geo_cov_urb,2019,9.975
ury,sex_f,age_aggregate_y55_64,geo_cov_urb,2020,11.375
ury,sex_f,age_aggregate_y55_64,geo_cov_urb,2021,9.362
ury,sex_f,age_aggregate_y55_64,geo_cov_urb,2022,8.762
ury,sex_f,age_aggregate_y55_64,geo_cov_urb,2023,8.274
ury,sex_f,age_aggregate_y55_64,geo_cov_urb,2024,8.878
ury,sex_f,age_aggregate_yge65,geo_cov_nat,2006,24.901
ury,sex_f,age_aggregate_yge65,geo_cov_nat,2007,18.789
ury,sex_f,age_aggregate_yge65,geo_cov_nat,2008,22.277
ury,sex_f,age_aggregate_yge65,geo_cov_nat,2009,22.306
ury,sex_f,age_aggregate_yge65,geo_cov_nat,2010,21.583
ury,sex_f,age_aggregate_yge65,geo_cov_nat,2011,24.026
ury,sex_f,age_aggregate_yge65,geo_cov_nat,2012,20.882
ury,sex_f,age_aggregate_yge65,geo_cov_nat,2013,21.794
ury,sex_f,age_aggregate_yge65,geo_cov_nat,2014,17.018
ury,sex_f,age_aggregate_yge65,geo_cov_nat,2015,16.02
ury,sex_f,age_aggregate_yge65,geo_cov_nat,2016,17.087
ury,sex_f,age_aggregate_yge65,geo_cov_nat,2017,14.602
ury,sex_f,age_aggregate_yge65,geo_cov_nat,2018,16.116
ury,sex_f,age_aggregate_yge65,geo_cov_nat,2019,17.082
ury,sex_f,age_aggregate_yge65,geo_cov_nat,2020,14.601
ury,sex_f,age_aggregate_yge65,geo_cov_nat,2021,12.602
ury,sex_f,age_aggregate_yge65,geo_cov_nat,2022,13.48
ury,sex_f,age_aggregate_yge65,geo_cov_nat,2023,12.128
ury,sex_f,age_aggregate_yge65,geo_cov_nat,2024,11.694
ury,sex_f,age_aggregate_yge65,geo_cov_rur,2006,11.453
ury,sex_f,age_aggregate_yge65,geo_cov_rur,2007,8.934
ury,sex_f,age_aggregate_yge65,geo_cov_rur,2008,10.366
ury,sex_f,age_aggregate_yge65,geo_cov_rur,2010,10.792
ury,sex_f,age_aggregate_yge65,geo_cov_rur,2011,9.047
ury,sex_f,age_aggregate_yge65,geo_cov_rur,2017,5.603
ury,sex_f,age_aggregate_yge65,geo_cov_rur,2020,9.355
ury,sex_f,age_aggregate_yge65,geo_cov_rur,2022,8.39
ury,sex_f,age_aggregate_yge65,geo_cov_rur,2023,2.297
ury,sex_f,age_aggregate_yge65,geo_cov_rur,2024,2.852
ury,sex_f,age_aggregate_yge65,geo_cov_urb,2006,25.521
ury,sex_f,age_aggregate_yge65,geo_cov_urb,2007,19.263
ury,sex_f,age_aggregate_yge65,geo_cov_urb,2008,22.829
ury,sex_f,age_aggregate_yge65,geo_cov_urb,2009,23.009
ury,sex_f,age_aggregate_yge65,geo_cov_urb,2010,22.17
ury,sex_f,age_aggregate_yge65,geo_cov_urb,2011,25.324
ury,sex_f,age_aggregate_yge65,geo_cov_urb,2012,21.692
ury,sex_f,age_aggregate_yge65,geo_cov_urb,2013,22.546
ury,sex_f,age_aggregate_yge65,geo_cov_urb,2014,17.624
ury,sex_f,age_aggregate_yge65,geo_cov_urb,2015,16.766
ury,sex_f,age_aggregate_yge65,geo_cov_urb,2016,17.865
ury,sex_f,age_aggregate_yge65,geo_cov_urb,2017,15.129
ury,sex_f,age_aggregate_yge65,geo_cov_urb,2018,16.709
ury,sex_f,age_aggregate_yge65,geo_cov_urb,2019,17.987
ury,sex_f,age_aggregate_yge65,geo_cov_urb,2020,14.923
ury,sex_f,age_aggregate_yge65,geo_cov_urb,2021,13.265
ury,sex_f,age_aggregate_yge65,geo_cov_urb,2022,13.752
ury,sex_f,age_aggregate_yge65,geo_cov_urb,2023,13.077
ury,sex_f,age_aggregate_yge65,geo_cov_urb,2024,12.169
ury,sex_f,age_ythadult_y15_24,geo_cov_nat,2006,47.092
ury,sex_f,age_ythadult_y15_24,geo_cov_nat,2007,42.975
ury,sex_f,age_ythadult_y15_24,geo_cov_nat,2008,40.628
ury,sex_f,age_ythadult_y15_24,geo_cov_nat,2009,39.548
ury,sex_f,age_ythadult_y15_24,geo_cov_nat,2010,38.444
ury,sex_f,age_ythadult_y15_24,geo_cov_nat,2011,34.073
ury,sex_f,age_ythadult_y15_24,geo_cov_nat,2012,35.439
ury,sex_f,age_ythadult_y15_24,geo_cov_nat,2013,34.769
ury,sex_f,age_ythadult_y15_24,geo_cov_nat,2014,33.682
ury,sex_f,age_ythadult_y15_24,geo_cov_nat,2015,36.019
ury,sex_f,age_ythadult_y15_24,geo_cov_nat,2016,37.086
ury,sex_f,age_ythadult_y15_24,geo_cov_nat,2017,39.717
ury,sex_f,age_ythadult_y15_24,geo_cov_nat,2018,39.25
ury,sex_f,age_ythadult_y15_24,geo_cov_nat,2019,41.384
ury,sex_f,age_ythadult_y15_24,geo_cov_nat,2020,46.649
ury,sex_f,age_ythadult_y15_24,geo_cov_nat,2021,42.619
ury,sex_f,age_ythadult_y15_24,geo_cov_nat,2022,32.798
ury,sex_f,age_ythadult_y15_24,geo_cov_nat,2023,34.086
ury,sex_f,age_ythadult_y15_24,geo_cov_nat,2024,36.21
ury,sex_f,age_ythadult_y15_24,geo_cov_rur,2006,44.324
ury,sex_f,age_ythadult_y15_24,geo_cov_rur,2007,38.997
ury,sex_f,age_ythadult_y15_24,geo_cov_rur,2008,39.018
ury,sex_f,age_ythadult_y15_24,geo_cov_rur,2009,36.233
ury,sex_f,age_ythadult_y15_24,geo_cov_rur,2010,33.705
ury,sex_f,age_ythadult_y15_24,geo_cov_rur,2011,38.423
ury,sex_f,age_ythadult_y15_24,geo_cov_rur,2012,32.519
ury,sex_f,age_ythadult_y15_24,geo_cov_rur,2013,27.329
ury,sex_f,age_ythadult_y15_24,geo_cov_rur,2014,28.194
ury,sex_f,age_ythadult_y15_24,geo_cov_rur,2015,28.791
ury,sex_f,age_ythadult_y15_24,geo_cov_rur,2016,32.225
ury,sex_f,age_ythadult_y15_24,geo_cov_rur,2017,30.128
ury,sex_f,age_ythadult_y15_24,geo_cov_rur,2018,36.945
ury,sex_f,age_ythadult_y15_24,geo_cov_rur,2019,27.089
ury,sex_f,age_ythadult_y15_24,geo_cov_rur,2020,37.03
ury,sex_f,age_ythadult_y15_24,geo_cov_rur,2021,47.682
ury,sex_f,age_ythadult_y15_24,geo_cov_rur,2022,37.958
ury,sex_f,age_ythadult_y15_24,geo_cov_rur,2023,31.19
ury,sex_f,age_ythadult_y15_24,geo_cov_rur,2024,42.457
ury,sex_f,age_ythadult_y15_24,geo_cov_urb,2006,47.232
ury,sex_f,age_ythadult_y15_24,geo_cov_urb,2007,43.184
ury,sex_f,age_ythadult_y15_24,geo_cov_urb,2008,40.703
ury,sex_f,age_ythadult_y15_24,geo_cov_urb,2009,39.684
ury,sex_f,age_ythadult_y15_24,geo_cov_urb,2010,38.62
ury,sex_f,age_ythadult_y15_24,geo_cov_urb,2011,33.79
ury,sex_f,age_ythadult_y15_24,geo_cov_urb,2012,35.566
ury,sex_f,age_ythadult_y15_24,geo_cov_urb,2013,35.101
ury,sex_f,age_ythadult_y15_24,geo_cov_urb,2014,33.928
ury,sex_f,age_ythadult_y15_24,geo_cov_urb,2015,36.328
ury,sex_f,age_ythadult_y15_24,geo_cov_urb,2016,37.298
ury,sex_f,age_ythadult_y15_24,geo_cov_urb,2017,40.092
ury,sex_f,age_ythadult_y15_24,geo_cov_urb,2018,39.337
ury,sex_f,age_ythadult_y15_24,geo_cov_urb,2019,41.958
ury,sex_f,age_ythadult_y15_24,geo_cov_urb,2020,47.011
ury,sex_f,age_ythadult_y15_24,geo_cov_urb,2021,42.472
ury,sex_f,age_ythadult_y15_24,geo_cov_urb,2022,32.6
ury,sex_f,age_ythadult_y15_24,geo_cov_urb,2023,34.198
ury,sex_f,age_ythadult_y15_24,geo_cov_urb,2024,35.958
ury,sex_f,age_ythadult_y15_64,geo_cov_nat,2006,23.799
ury,sex_f,age_ythadult_y15_64,geo_cov_nat,2007,21.756
ury,sex_f,age_ythadult_y15_64,geo_cov_nat,2008,19.884
ury,sex_f,age_ythadult_y15_64,geo_cov_nat,2009,18.872
ury,sex_f,age_ythadult_y15_64,geo_cov_nat,2010,17.418
ury,sex_f,age_ythadult_y15_64,geo_cov_nat,2011,15.076
ury,sex_f,age_ythadult_y15_64,geo_cov_nat,2012,15.079
ury,sex_f,age_ythadult_y15_64,geo_cov_nat,2013,14.421
ury,sex_f,age_ythadult_y15_64,geo_cov_nat,2014,14.08
ury,sex_f,age_ythadult_y15_64,geo_cov_nat,2015,14.537
ury,sex_f,age_ythadult_y15_64,geo_cov_nat,2016,14.663
ury,sex_f,age_ythadult_y15_64,geo_cov_nat,2017,14.695
ury,sex_f,age_ythadult_y15_64,geo_cov_nat,2018,15.127
ury,sex_f,age_ythadult_y15_64,geo_cov_nat,2019,15.725
ury,sex_f,age_ythadult_y15_64,geo_cov_nat,2020,17.589
ury,sex_f,age_ythadult_y15_64,geo_cov_nat,2021,15.049
ury,sex_f,age_ythadult_y15_64,geo_cov_nat,2022,12.438
ury,sex_f,age_ythadult_y15_64,geo_cov_nat,2023,12.682
ury,sex_f,age_ythadult_y15_64,geo_cov_nat,2024,12.775
ury,sex_f,age_ythadult_y15_64,geo_cov_rur,2006,21.335
ury,sex_f,age_ythadult_y15_64,geo_cov_rur,2007,19.883
ury,sex_f,age_ythadult_y15_64,geo_cov_rur,2008,18.119
ury,sex_f,age_ythadult_y15_64,geo_cov_rur,2009,16.056
ury,sex_f,age_ythadult_y15_64,geo_cov_rur,2010,13.396
ury,sex_f,age_ythadult_y15_64,geo_cov_rur,2011,13.509
ury,sex_f,age_ythadult_y15_64,geo_cov_rur,2012,13.213
ury,sex_f,age_ythadult_y15_64,geo_cov_rur,2013,9.874
ury,sex_f,age_ythadult_y15_64,geo_cov_rur,2014,10.177
ury,sex_f,age_ythadult_y15_64,geo_cov_rur,2015,11.132
ury,sex_f,age_ythadult_y15_64,geo_cov_rur,2016,10.235
ury,sex_f,age_ythadult_y15_64,geo_cov_rur,2017,11.152
ury,sex_f,age_ythadult_y15_64,geo_cov_rur,2018,12.002
ury,sex_f,age_ythadult_y15_64,geo_cov_rur,2019,11.156
ury,sex_f,age_ythadult_y15_64,geo_cov_rur,2020,12.287
ury,sex_f,age_ythadult_y15_64,geo_cov_rur,2021,11.572
ury,sex_f,age_ythadult_y15_64,geo_cov_rur,2022,10.483
ury,sex_f,age_ythadult_y15_64,geo_cov_rur,2023,10.509
ury,sex_f,age_ythadult_y15_64,geo_cov_rur,2024,11.06
ury,sex_f,age_ythadult_y15_64,geo_cov_urb,2006,23.933
ury,sex_f,age_ythadult_y15_64,geo_cov_urb,2007,21.858
ury,sex_f,age_ythadult_y15_64,geo_cov_urb,2008,19.976
ury,sex_f,age_ythadult_y15_64,geo_cov_urb,2009,19.016
ury,sex_f,age_ythadult_y15_64,geo_cov_urb,2010,17.615
ury,sex_f,age_ythadult_y15_64,geo_cov_urb,2011,15.188
ury,sex_f,age_ythadult_y15_64,geo_cov_urb,2012,15.181
ury,sex_f,age_ythadult_y15_64,geo_cov_urb,2013,14.643
ury,sex_f,age_ythadult_y15_64,geo_cov_urb,2014,14.274
ury,sex_f,age_ythadult_y15_64,geo_cov_urb,2015,14.7
ury,sex_f,age_ythadult_y15_64,geo_cov_urb,2016,14.878
ury,sex_f,age_ythadult_y15_64,geo_cov_urb,2017,14.863
ury,sex_f,age_ythadult_y15_64,geo_cov_urb,2018,15.278
ury,sex_f,age_ythadult_y15_64,geo_cov_urb,2019,15.94
ury,sex_f,age_ythadult_y15_64,geo_cov_urb,2020,17.827
ury,sex_f,age_ythadult_y15_64,geo_cov_urb,2021,15.211
ury,sex_f,age_ythadult_y15_64,geo_cov_urb,2022,12.533
ury,sex_f,age_ythadult_y15_64,geo_cov_urb,2023,12.781
ury,sex_f,age_ythadult_y15_64,geo_cov_urb,2024,12.862
ury,sex_f,age_ythadult_yge15,geo_cov_nat,2006,23.841
ury,sex_f,age_ythadult_yge15,geo_cov_nat,2007,21.636
ury,sex_f,age_ythadult_yge15,geo_cov_nat,2008,20.002
ury,sex_f,age_ythadult_yge15,geo_cov_nat,2009,19.042
ury,sex_f,age_ythadult_yge15,geo_cov_nat,2010,17.607
ury,sex_f,age_ythadult_yge15,geo_cov_nat,2011,15.478
ury,sex_f,age_ythadult_yge15,geo_cov_nat,2012,15.321
ury,sex_f,age_ythadult_yge15,geo_cov_nat,2013,14.72
ury,sex_f,age_ythadult_yge15,geo_cov_nat,2014,14.203
ury,sex_f,age_ythadult_yge15,geo_cov_nat,2015,14.596
ury,sex_f,age_ythadult_yge15,geo_cov_nat,2016,14.765
ury,sex_f,age_ythadult_yge15,geo_cov_nat,2017,14.692
ury,sex_f,age_ythadult_yge15,geo_cov_nat,2018,15.167
ury,sex_f,age_ythadult_yge15,geo_cov_nat,2019,15.774
ury,sex_f,age_ythadult_yge15,geo_cov_nat,2020,17.495
ury,sex_f,age_ythadult_yge15,geo_cov_nat,2021,14.973
ury,sex_f,age_ythadult_yge15,geo_cov_nat,2022,12.468
ury,sex_f,age_ythadult_yge15,geo_cov_nat,2023,12.664
ury,sex_f,age_ythadult_yge15,geo_cov_nat,2024,12.738
ury,sex_f,age_ythadult_yge15,geo_cov_rur,2006,21.008
ury,sex_f,age_ythadult_yge15,geo_cov_rur,2007,19.485
ury,sex_f,age_ythadult_yge15,geo_cov_rur,2008,17.778
ury,sex_f,age_ythadult_yge15,geo_cov_rur,2009,15.594
ury,sex_f,age_ythadult_yge15,geo_cov_rur,2010,13.267
ury,sex_f,age_ythadult_yge15,geo_cov_rur,2011,13.272
ury,sex_f,age_ythadult_yge15,geo_cov_rur,2012,12.91
ury,sex_f,age_ythadult_yge15,geo_cov_rur,2013,9.686
ury,sex_f,age_ythadult_yge15,geo_cov_rur,2014,9.896
ury,sex_f,age_ythadult_yge15,geo_cov_rur,2015,10.755
ury,sex_f,age_ythadult_yge15,geo_cov_rur,2016,9.888
ury,sex_f,age_ythadult_yge15,geo_cov_rur,2017,10.888
ury,sex_f,age_ythadult_yge15,geo_cov_rur,2018,11.656
ury,sex_f,age_ythadult_yge15,geo_cov_rur,2019,10.816
ury,sex_f,age_ythadult_yge15,geo_cov_rur,2020,12.164
ury,sex_f,age_ythadult_yge15,geo_cov_rur,2021,11.189
ury,sex_f,age_ythadult_yge15,geo_cov_rur,2022,10.418
ury,sex_f,age_ythadult_yge15,geo_cov_rur,2023,9.995
ury,sex_f,age_ythadult_yge15,geo_cov_rur,2024,10.767
ury,sex_f,age_ythadult_yge15,geo_cov_urb,2006,23.995
ury,sex_f,age_ythadult_yge15,geo_cov_urb,2007,21.752
ury,sex_f,age_ythadult_yge15,geo_cov_urb,2008,20.118
ury,sex_f,age_ythadult_yge15,geo_cov_urb,2009,19.217
ury,sex_f,age_ythadult_yge15,geo_cov_urb,2010,17.822
ury,sex_f,age_ythadult_yge15,geo_cov_urb,2011,15.637
ury,sex_f,age_ythadult_yge15,geo_cov_urb,2012,15.452
ury,sex_f,age_ythadult_yge15,geo_cov_urb,2013,14.964
ury,sex_f,age_ythadult_yge15,geo_cov_urb,2014,14.415
ury,sex_f,age_ythadult_yge15,geo_cov_urb,2015,14.783
ury,sex_f,age_ythadult_yge15,geo_cov_urb,2016,15.003
ury,sex_f,age_ythadult_yge15,geo_cov_urb,2017,14.873
ury,sex_f,age_ythadult_yge15,geo_cov_urb,2018,15.336
ury,sex_f,age_ythadult_yge15,geo_cov_urb,2019,16.014
ury,sex_f,age_ythadult_yge15,geo_cov_urb,2020,17.737
ury,sex_f,age_ythadult_yge15,geo_cov_urb,2021,15.152
ury,sex_f,age_ythadult_yge15,geo_cov_urb,2022,12.568
ury,sex_f,age_ythadult_yge15,geo_cov_urb,2023,12.79
ury,sex_f,age_ythadult_yge15,geo_cov_urb,2024,12.838
ury,sex_f,age_ythadult_yge25,geo_cov_nat,2006,19.045
ury,sex_f,age_ythadult_yge25,geo_cov_nat,2007,17.307
ury,sex_f,age_ythadult_yge25,geo_cov_nat,2008,15.956
ury,sex_f,age_ythadult_yge25,geo_cov_nat,2009,15.068
ury,sex_f,age_ythadult_yge25,geo_cov_nat,2010,13.62
ury,sex_f,age_ythadult_yge25,geo_cov_nat,2011,11.99
ury,sex_f,age_ythadult_yge25,geo_cov_nat,2012,11.451
ury,sex_f,age_ythadult_yge25,geo_cov_nat,2013,10.87
ury,sex_f,age_ythadult_yge25,geo_cov_nat,2014,10.597
ury,sex_f,age_ythadult_yge25,geo_cov_nat,2015,10.669
ury,sex_f,age_ythadult_yge25,geo_cov_nat,2016,10.839
ury,sex_f,age_ythadult_yge25,geo_cov_nat,2017,10.319
ury,sex_f,age_ythadult_yge25,geo_cov_nat,2018,11.021
ury,sex_f,age_ythadult_yge25,geo_cov_nat,2019,11.33
ury,sex_f,age_ythadult_yge25,geo_cov_nat,2020,12.805
ury,sex_f,age_ythadult_yge25,geo_cov_nat,2021,10.984
ury,sex_f,age_ythadult_yge25,geo_cov_nat,2022,9.501
ury,sex_f,age_ythadult_yge25,geo_cov_nat,2023,9.579
ury,sex_f,age_ythadult_yge25,geo_cov_nat,2024,9.391
ury,sex_f,age_ythadult_yge25,geo_cov_rur,2006,16.569
ury,sex_f,age_ythadult_yge25,geo_cov_rur,2007,15.67
ury,sex_f,age_ythadult_yge25,geo_cov_rur,2008,14.102
ury,sex_f,age_ythadult_yge25,geo_cov_rur,2009,12.448
ury,sex_f,age_ythadult_yge25,geo_cov_rur,2010,10.429
ury,sex_f,age_ythadult_yge25,geo_cov_rur,2011,9.069
ury,sex_f,age_ythadult_yge25,geo_cov_rur,2012,9.942
ury,sex_f,age_ythadult_yge25,geo_cov_rur,2013,6.607
ury,sex_f,age_ythadult_yge25,geo_cov_rur,2014,6.844
ury,sex_f,age_ythadult_yge25,geo_cov_rur,2015,7.886
ury,sex_f,age_ythadult_yge25,geo_cov_rur,2016,6.419
ury,sex_f,age_ythadult_yge25,geo_cov_rur,2017,8.185
ury,sex_f,age_ythadult_yge25,geo_cov_rur,2018,8.33
ury,sex_f,age_ythadult_yge25,geo_cov_rur,2019,8.512
ury,sex_f,age_ythadult_yge25,geo_cov_rur,2020,8.903
ury,sex_f,age_ythadult_yge25,geo_cov_rur,2021,8.063
ury,sex_f,age_ythadult_yge25,geo_cov_rur,2022,7.329
ury,sex_f,age_ythadult_yge25,geo_cov_rur,2023,7.562
ury,sex_f,age_ythadult_yge25,geo_cov_rur,2024,7.239
ury,sex_f,age_ythadult_yge25,geo_cov_urb,2006,19.181
ury,sex_f,age_ythadult_yge25,geo_cov_urb,2007,17.396
ury,sex_f,age_ythadult_yge25,geo_cov_urb,2008,16.054
ury,sex_f,age_ythadult_yge25,geo_cov_urb,2009,15.206
ury,sex_f,age_ythadult_yge25,geo_cov_urb,2010,13.785
ury,sex_f,age_ythadult_yge25,geo_cov_urb,2011,12.205
ury,sex_f,age_ythadult_yge25,geo_cov_urb,2012,11.536
ury,sex_f,age_ythadult_yge25,geo_cov_urb,2013,11.081
ury,sex_f,age_ythadult_yge25,geo_cov_urb,2014,10.784
ury,sex_f,age_ythadult_yge25,geo_cov_urb,2015,10.807
ury,sex_f,age_ythadult_yge25,geo_cov_urb,2016,11.059
ury,sex_f,age_ythadult_yge25,geo_cov_urb,2017,10.424
ury,sex_f,age_ythadult_yge25,geo_cov_urb,2018,11.156
ury,sex_f,age_ythadult_yge25,geo_cov_urb,2019,11.47
ury,sex_f,age_ythadult_yge25,geo_cov_urb,2020,12.987
ury,sex_f,age_ythadult_yge25,geo_cov_urb,2021,11.13
ury,sex_f,age_ythadult_yge25,geo_cov_urb,2022,9.611
ury,sex_f,age_ythadult_yge25,geo_cov_urb,2023,9.677
ury,sex_f,age_ythadult_yge25,geo_cov_urb,2024,9.503
ury,sex_m,age_aggregate_total,geo_cov_nat,2006,11.799
ury,sex_m,age_aggregate_total,geo_cov_nat,2007,9.944
ury,sex_m,age_aggregate_total,geo_cov_nat,2008,9.113
ury,sex_m,age_aggregate_total,geo_cov_nat,2009,9.21
ury,sex_m,age_aggregate_total,geo_cov_nat,2010,8.856
ury,sex_m,age_aggregate_total,geo_cov_nat,2011,7.95
ury,sex_m,age_aggregate_total,geo_cov_nat,2012,8.267
ury,sex_m,age_aggregate_total,geo_cov_nat,2013,7.937
ury,sex_m,age_aggregate_total,geo_cov_nat,2014,7.759
ury,sex_m,age_aggregate_total,geo_cov_nat,2015,9.12
ury,sex_m,age_aggregate_total,geo_cov_nat,2016,9.043
ury,sex_m,age_aggregate_total,geo_cov_nat,2017,9.267
ury,sex_m,age_aggregate_total,geo_cov_nat,2018,9.491
ury,sex_m,age_aggregate_total,geo_cov_nat,2019,10.008
ury,sex_m,age_aggregate_total,geo_cov_nat,2020,11.664
ury,sex_m,age_aggregate_total,geo_cov_nat,2021,10.243
ury,sex_m,age_aggregate_total,geo_cov_nat,2022,8.619
ury,sex_m,age_aggregate_total,geo_cov_nat,2023,9.051
ury,sex_m,age_aggregate_total,geo_cov_nat,2024,8.906
ury,sex_m,age_aggregate_total,geo_cov_rur,2006,4.047
ury,sex_m,age_aggregate_total,geo_cov_rur,2007,3.245
ury,sex_m,age_aggregate_total,geo_cov_rur,2008,2.671
ury,sex_m,age_aggregate_total,geo_cov_rur,2009,2.487
ury,sex_m,age_aggregate_total,geo_cov_rur,2010,3.297
ury,sex_m,age_aggregate_total,geo_cov_rur,2011,2.698
ury,sex_m,age_aggregate_total,geo_cov_rur,2012,2.696
ury,sex_m,age_aggregate_total,geo_cov_rur,2013,3.537
ury,sex_m,age_aggregate_total,geo_cov_rur,2014,2.023
ury,sex_m,age_aggregate_total,geo_cov_rur,2015,3.276
ury,sex_m,age_aggregate_total,geo_cov_rur,2016,3.207
ury,sex_m,age_aggregate_total,geo_cov_rur,2017,2.96
ury,sex_m,age_aggregate_total,geo_cov_rur,2018,3.35
ury,sex_m,age_aggregate_total,geo_cov_rur,2019,3.392
ury,sex_m,age_aggregate_total,geo_cov_rur,2020,5.383
ury,sex_m,age_aggregate_total,geo_cov_rur,2021,2.844
ury,sex_m,age_aggregate_total,geo_cov_rur,2022,3.248
ury,sex_m,age_aggregate_total,geo_cov_rur,2023,3.137
ury,sex_m,age_aggregate_total,geo_cov_rur,2024,3.557
ury,sex_m,age_aggregate_total,geo_cov_urb,2006,12.466
ury,sex_m,age_aggregate_total,geo_cov_urb,2007,10.509
ury,sex_m,age_aggregate_total,geo_cov_urb,2008,9.669
ury,sex_m,age_aggregate_total,geo_cov_urb,2009,9.775
ury,sex_m,age_aggregate_total,geo_cov_urb,2010,9.278
ury,sex_m,age_aggregate_total,geo_cov_urb,2011,8.543
ury,sex_m,age_aggregate_total,geo_cov_urb,2012,8.721
ury,sex_m,age_aggregate_total,geo_cov_urb,2013,8.248
ury,sex_m,age_aggregate_total,geo_cov_urb,2014,8.156
ury,sex_m,age_aggregate_total,geo_cov_urb,2015,9.536
ury,sex_m,age_aggregate_total,geo_cov_urb,2016,9.444
ury,sex_m,age_aggregate_total,geo_cov_urb,2017,9.702
ury,sex_m,age_aggregate_total,geo_cov_urb,2018,9.91
ury,sex_m,age_aggregate_total,geo_cov_urb,2019,10.462
ury,sex_m,age_aggregate_total,geo_cov_urb,2020,12.067
ury,sex_m,age_aggregate_total,geo_cov_urb,2021,10.743
ury,sex_m,age_aggregate_total,geo_cov_urb,2022,9.008
ury,sex_m,age_aggregate_total,geo_cov_urb,2023,9.497
ury,sex_m,age_aggregate_total,geo_cov_urb,2024,9.289
ury,sex_m,age_aggregate_y15_24,geo_cov_nat,2006,31.4
ury,sex_m,age_aggregate_y15_24,geo_cov_nat,2007,27.805
ury,sex_m,age_aggregate_y15_24,geo_cov_nat,2008,26.19
ury,sex_m,age_aggregate_y15_24,geo_cov_nat,2009,26.244
ury,sex_m,age_aggregate_y15_24,geo_cov_nat,2010,25.15
ury,sex_m,age_aggregate_y15_24,geo_cov_nat,2011,22.489
ury,sex_m,age_aggregate_y15_24,geo_cov_nat,2012,23.202
ury,sex_m,age_aggregate_y15_24,geo_cov_nat,2013,23.109
ury,sex_m,age_aggregate_y15_24,geo_cov_nat,2014,23.067
ury,sex_m,age_aggregate_y15_24,geo_cov_nat,2015,26.971
ury,sex_m,age_aggregate_y15_24,geo_cov_nat,2016,27.266
ury,sex_m,age_aggregate_y15_24,geo_cov_nat,2017,27.907
ury,sex_m,age_aggregate_y15_24,geo_cov_nat,2018,29.09
ury,sex_m,age_aggregate_y15_24,geo_cov_nat,2019,30.85
ury,sex_m,age_aggregate_y15_24,geo_cov_nat,2020,36.922
ury,sex_m,age_aggregate_y15_24,geo_cov_nat,2021,34.399
ury,sex_m,age_aggregate_y15_24,geo_cov_nat,2022,28.296
ury,sex_m,age_aggregate_y15_24,geo_cov_nat,2023,28.577
ury,sex_m,age_aggregate_y15_24,geo_cov_nat,2024,28.553
ury,sex_m,age_aggregate_y15_24,geo_cov_rur,2006,13.264
ury,sex_m,age_aggregate_y15_24,geo_cov_rur,2007,10.911
ury,sex_m,age_aggregate_y15_24,geo_cov_rur,2008,10.221
ury,sex_m,age_aggregate_y15_24,geo_cov_rur,2009,10.724
ury,sex_m,age_aggregate_y15_24,geo_cov_rur,2010,10.242
ury,sex_m,age_aggregate_y15_24,geo_cov_rur,2011,9.691
ury,sex_m,age_aggregate_y15_24,geo_cov_rur,2012,9.637
ury,sex_m,age_aggregate_y15_24,geo_cov_rur,2013,11.955
ury,sex_m,age_aggregate_y15_24,geo_cov_rur,2014,8.426
ury,sex_m,age_aggregate_y15_24,geo_cov_rur,2015,11.672
ury,sex_m,age_aggregate_y15_24,geo_cov_rur,2016,10.406
ury,sex_m,age_aggregate_y15_24,geo_cov_rur,2017,9.304
ury,sex_m,age_aggregate_y15_24,geo_cov_rur,2018,14.454
ury,sex_m,age_aggregate_y15_24,geo_cov_rur,2019,14.152
ury,sex_m,age_aggregate_y15_24,geo_cov_rur,2020,22.046
ury,sex_m,age_aggregate_y15_24,geo_cov_rur,2021,12.729
ury,sex_m,age_aggregate_y15_24,geo_cov_rur,2022,10.454
ury,sex_m,age_aggregate_y15_24,geo_cov_rur,2023,12.052
ury,sex_m,age_aggregate_y15_24,geo_cov_rur,2024,12.075
ury,sex_m,age_aggregate_y15_24,geo_cov_urb,2006,32.616
ury,sex_m,age_aggregate_y15_24,geo_cov_urb,2007,28.842
ury,sex_m,age_aggregate_y15_24,geo_cov_urb,2008,27.255
ury,sex_m,age_aggregate_y15_24,geo_cov_urb,2009,27.231
ury,sex_m,age_aggregate_y15_24,geo_cov_urb,2010,25.996
ury,sex_m,age_aggregate_y15_24,geo_cov_urb,2011,23.646
ury,sex_m,age_aggregate_y15_24,geo_cov_urb,2012,24.131
ury,sex_m,age_aggregate_y15_24,geo_cov_urb,2013,23.826
ury,sex_m,age_aggregate_y15_24,geo_cov_urb,2014,23.956
ury,sex_m,age_aggregate_y15_24,geo_cov_urb,2015,27.881
ury,sex_m,age_aggregate_y15_24,geo_cov_urb,2016,28.335
ury,sex_m,age_aggregate_y15_24,geo_cov_urb,2017,29.042
ury,sex_m,age_aggregate_y15_24,geo_cov_urb,2018,30.024
ury,sex_m,age_aggregate_y15_24,geo_cov_urb,2019,31.812
ury,sex_m,age_aggregate_y15_24,geo_cov_urb,2020,37.794
ury,sex_m,age_aggregate_y15_24,geo_cov_urb,2021,35.58
ury,sex_m,age_aggregate_y15_24,geo_cov_urb,2022,29.321
ury,sex_m,age_aggregate_y15_24,geo_cov_urb,2023,29.608
ury,sex_m,age_aggregate_y15_24,geo_cov_urb,2024,29.608
ury,sex_m,age_aggregate_y25_54,geo_cov_nat,2006,6.082
ury,sex_m,age_aggregate_y25_54,geo_cov_nat,2007,4.617
ury,sex_m,age_aggregate_y25_54,geo_cov_nat,2008,4.015
ury,sex_m,age_aggregate_y25_54,geo_cov_nat,2009,3.97
ury,sex_m,age_aggregate_y25_54,geo_cov_nat,2010,3.689
ury,sex_m,age_aggregate_y25_54,geo_cov_nat,2011,3.591
ury,sex_m,age_aggregate_y25_54,geo_cov_nat,2012,3.87
ury,sex_m,age_aggregate_y25_54,geo_cov_nat,2013,3.608
ury,sex_m,age_aggregate_y25_54,geo_cov_nat,2014,3.857
ury,sex_m,age_aggregate_y25_54,geo_cov_nat,2015,4.775
ury,sex_m,age_aggregate_y25_54,geo_cov_nat,2016,4.824
ury,sex_m,age_aggregate_y25_54,geo_cov_nat,2017,5.192
ury,sex_m,age_aggregate_y25_54,geo_cov_nat,2018,5.07
ury,sex_m,age_aggregate_y25_54,geo_cov_nat,2019,5.507
ury,sex_m,age_aggregate_y25_54,geo_cov_nat,2020,6.873
ury,sex_m,age_aggregate_y25_54,geo_cov_nat,2021,5.635
ury,sex_m,age_aggregate_y25_54,geo_cov_nat,2022,5.533
ury,sex_m,age_aggregate_y25_54,geo_cov_nat,2023,5.917
ury,sex_m,age_aggregate_y25_54,geo_cov_nat,2024,5.699
ury,sex_m,age_aggregate_y25_54,geo_cov_rur,2006,2.172
ury,sex_m,age_aggregate_y25_54,geo_cov_rur,2007,1.483
ury,sex_m,age_aggregate_y25_54,geo_cov_rur,2008,1.112
ury,sex_m,age_aggregate_y25_54,geo_cov_rur,2009,1.006
ury,sex_m,age_aggregate_y25_54,geo_cov_rur,2010,1.448
ury,sex_m,age_aggregate_y25_54,geo_cov_rur,2011,1.336
ury,sex_m,age_aggregate_y25_54,geo_cov_rur,2012,1.041
ury,sex_m,age_aggregate_y25_54,geo_cov_rur,2013,1.51
ury,sex_m,age_aggregate_y25_54,geo_cov_rur,2014,0.568
ury,sex_m,age_aggregate_y25_54,geo_cov_rur,2015,1.778
ury,sex_m,age_aggregate_y25_54,geo_cov_rur,2016,1.951
ury,sex_m,age_aggregate_y25_54,geo_cov_rur,2017,2.04
ury,sex_m,age_aggregate_y25_54,geo_cov_rur,2018,1.079
ury,sex_m,age_aggregate_y25_54,geo_cov_rur,2019,1.675
ury,sex_m,age_aggregate_y25_54,geo_cov_rur,2020,2.674
ury,sex_m,age_aggregate_y25_54,geo_cov_rur,2021,1.464
ury,sex_m,age_aggregate_y25_54,geo_cov_rur,2022,2.676
ury,sex_m,age_aggregate_y25_54,geo_cov_rur,2023,1.676
ury,sex_m,age_aggregate_y25_54,geo_cov_rur,2024,3.099
ury,sex_m,age_aggregate_y25_54,geo_cov_urb,2006,6.397
ury,sex_m,age_aggregate_y25_54,geo_cov_urb,2007,4.862
ury,sex_m,age_aggregate_y25_54,geo_cov_urb,2008,4.245
ury,sex_m,age_aggregate_y25_54,geo_cov_urb,2009,4.206
ury,sex_m,age_aggregate_y25_54,geo_cov_urb,2010,3.844
ury,sex_m,age_aggregate_y25_54,geo_cov_urb,2011,3.817
ury,sex_m,age_aggregate_y25_54,geo_cov_urb,2012,4.077
ury,sex_m,age_aggregate_y25_54,geo_cov_urb,2013,3.741
ury,sex_m,age_aggregate_y25_54,geo_cov_urb,2014,4.07
ury,sex_m,age_aggregate_y25_54,geo_cov_urb,2015,4.971
ury,sex_m,age_aggregate_y25_54,geo_cov_urb,2016,5.001
ury,sex_m,age_aggregate_y25_54,geo_cov_urb,2017,5.387
ury,sex_m,age_aggregate_y25_54,geo_cov_urb,2018,5.31
ury,sex_m,age_aggregate_y25_54,geo_cov_urb,2019,5.742
ury,sex_m,age_aggregate_y25_54,geo_cov_urb,2020,7.112
ury,sex_m,age_aggregate_y25_54,geo_cov_urb,2021,5.892
ury,sex_m,age_aggregate_y25_54,geo_cov_urb,2022,5.72
ury,sex_m,age_aggregate_y25_54,geo_cov_urb,2023,6.205
ury,sex_m,age_aggregate_y25_54,geo_cov_urb,2024,5.87
ury,sex_m,age_aggregate_y55_64,geo_cov_nat,2006,8.373
ury,sex_m,age_aggregate_y55_64,geo_cov_nat,2007,7.346
ury,sex_m,age_aggregate_y55_64,geo_cov_nat,2008,6.764
ury,sex_m,age_aggregate_y55_64,geo_cov_nat,2009,6.425
ury,sex_m,age_aggregate_y55_64,geo_cov_nat,2010,6.039
ury,sex_m,age_aggregate_y55_64,geo_cov_nat,2011,5.201
ury,sex_m,age_aggregate_y55_64,geo_cov_nat,2012,5.281
ury,sex_m,age_aggregate_y55_64,geo_cov_nat,2013,5.416
ury,sex_m,age_aggregate_y55_64,geo_cov_nat,2014,4.783
ury,sex_m,age_aggregate_y55_64,geo_cov_nat,2015,5.028
ury,sex_m,age_aggregate_y55_64,geo_cov_nat,2016,5.269
ury,sex_m,age_aggregate_y55_64,geo_cov_nat,2017,4.864
ury,sex_m,age_aggregate_y55_64,geo_cov_nat,2018,5.874
ury,sex_m,age_aggregate_y55_64,geo_cov_nat,2019,5.914
ury,sex_m,age_aggregate_y55_64,geo_cov_nat,2020,6.538
ury,sex_m,age_aggregate_y55_64,geo_cov_nat,2021,6.222
ury,sex_m,age_aggregate_y55_64,geo_cov_nat,2022,4.794
ury,sex_m,age_aggregate_y55_64,geo_cov_nat,2023,5.374
ury,sex_m,age_aggregate_y55_64,geo_cov_nat,2024,4.767
ury,sex_m,age_aggregate_y55_64,geo_cov_rur,2006,2.516
ury,sex_m,age_aggregate_y55_64,geo_cov_rur,2007,3.278
ury,sex_m,age_aggregate_y55_64,geo_cov_rur,2008,1.634
ury,sex_m,age_aggregate_y55_64,geo_cov_rur,2010,2.243
ury,sex_m,age_aggregate_y55_64,geo_cov_rur,2012,1.751
ury,sex_m,age_aggregate_y55_64,geo_cov_rur,2013,2.391
ury,sex_m,age_aggregate_y55_64,geo_cov_rur,2014,1.473
ury,sex_m,age_aggregate_y55_64,geo_cov_rur,2016,1.236
ury,sex_m,age_aggregate_y55_64,geo_cov_rur,2017,1.067
ury,sex_m,age_aggregate_y55_64,geo_cov_rur,2018,1.652
ury,sex_m,age_aggregate_y55_64,geo_cov_rur,2019,1.156
ury,sex_m,age_aggregate_y55_64,geo_cov_rur,2020,2.331
ury,sex_m,age_aggregate_y55_64,geo_cov_rur,2022,1.876
ury,sex_m,age_aggregate_y55_64,geo_cov_rur,2023,2.344
ury,sex_m,age_aggregate_y55_64,geo_cov_rur,2024,0.663
ury,sex_m,age_aggregate_y55_64,geo_cov_urb,2006,9.042
ury,sex_m,age_aggregate_y55_64,geo_cov_urb,2007,7.816
ury,sex_m,age_aggregate_y55_64,geo_cov_urb,2008,7.344
ury,sex_m,age_aggregate_y55_64,geo_cov_urb,2009,7.038
ury,sex_m,age_aggregate_y55_64,geo_cov_urb,2010,6.429
ury,sex_m,age_aggregate_y55_64,geo_cov_urb,2011,5.898
ury,sex_m,age_aggregate_y55_64,geo_cov_urb,2012,5.654
ury,sex_m,age_aggregate_y55_64,geo_cov_urb,2013,5.688
ury,sex_m,age_aggregate_y55_64,geo_cov_urb,2014,5.056
ury,sex_m,age_aggregate_y55_64,geo_cov_urb,2015,5.381
ury,sex_m,age_aggregate_y55_64,geo_cov_urb,2016,5.626
ury,sex_m,age_aggregate_y55_64,geo_cov_urb,2017,5.209
ury,sex_m,age_aggregate_y55_64,geo_cov_urb,2018,6.229
ury,sex_m,age_aggregate_y55_64,geo_cov_urb,2019,6.328
ury,sex_m,age_aggregate_y55_64,geo_cov_urb,2020,6.871
ury,sex_m,age_aggregate_y55_64,geo_cov_urb,2021,6.711
ury,sex_m,age_aggregate_y55_64,geo_cov_urb,2022,5.049
ury,sex_m,age_aggregate_y55_64,geo_cov_urb,2023,5.638
ury,sex_m,age_aggregate_y55_64,geo_cov_urb,2024,5.095
ury,sex_m,age_aggregate_yge65,geo_cov_nat,2006,17.165
ury,sex_m,age_aggregate_yge65,geo_cov_nat,2007,15.854
ury,sex_m,age_aggregate_yge65,geo_cov_nat,2008,14.037
ury,sex_m,age_aggregate_yge65,geo_cov_nat,2009,16.138
ury,sex_m,age_aggregate_yge65,geo_cov_nat,2010,16.312
ury,sex_m,age_aggregate_yge65,geo_cov_nat,2011,15.367
ury,sex_m,age_aggregate_yge65,geo_cov_nat,2012,14.619
ury,sex_m,age_aggregate_yge65,geo_cov_nat,2013,13.605
ury,sex_m,age_aggregate_yge65,geo_cov_nat,2014,11.95
ury,sex_m,age_aggregate_yge65,geo_cov_nat,2015,11.896
ury,sex_m,age_aggregate_yge65,geo_cov_nat,2016,10.475
ury,sex_m,age_aggregate_yge65,geo_cov_nat,2017,10.702
ury,sex_m,age_aggregate_yge65,geo_cov_nat,2018,10.158
ury,sex_m,age_aggregate_yge65,geo_cov_nat,2019,11.121
ury,sex_m,age_aggregate_yge65,geo_cov_nat,2020,10.916
ury,sex_m,age_aggregate_yge65,geo_cov_nat,2021,8.821
ury,sex_m,age_aggregate_yge65,geo_cov_nat,2022,6.498
ury,sex_m,age_aggregate_yge65,geo_cov_nat,2023,7.239
ury,sex_m,age_aggregate_yge65,geo_cov_nat,2024,8.236
ury,sex_m,age_aggregate_yge65,geo_cov_rur,2006,3.736
ury,sex_m,age_aggregate_yge65,geo_cov_rur,2007,2.869
ury,sex_m,age_aggregate_yge65,geo_cov_rur,2008,2.387
ury,sex_m,age_aggregate_yge65,geo_cov_rur,2009,2.428
ury,sex_m,age_aggregate_yge65,geo_cov_rur,2010,5.375
ury,sex_m,age_aggregate_yge65,geo_cov_rur,2011,3.245
ury,sex_m,age_aggregate_yge65,geo_cov_rur,2012,2.674
ury,sex_m,age_aggregate_yge65,geo_cov_rur,2013,2.988
ury,sex_m,age_aggregate_yge65,geo_cov_rur,2015,3.141
ury,sex_m,age_aggregate_yge65,geo_cov_rur,2016,2.193
ury,sex_m,age_aggregate_yge65,geo_cov_rur,2018,1.555
ury,sex_m,age_aggregate_yge65,geo_cov_rur,2019,2.255
ury,sex_m,age_aggregate_yge65,geo_cov_rur,2020,2.73
ury,sex_m,age_aggregate_yge65,geo_cov_rur,2021,3.226
ury,sex_m,age_aggregate_yge65,geo_cov_rur,2022,1.114
ury,sex_m,age_aggregate_yge65,geo_cov_rur,2023,2.956
ury,sex_m,age_aggregate_yge65,geo_cov_urb,2006,19.27
ury,sex_m,age_aggregate_yge65,geo_cov_urb,2007,17.914
ury,sex_m,age_aggregate_yge65,geo_cov_urb,2008,15.99
ury,sex_m,age_aggregate_yge65,geo_cov_urb,2009,18.137
ury,sex_m,age_aggregate_yge65,geo_cov_urb,2010,17.902
ury,sex_m,age_aggregate_yge65,geo_cov_urb,2011,18.209
ury,sex_m,age_aggregate_yge65,geo_cov_urb,2012,16.638
ury,sex_m,age_aggregate_yge65,geo_cov_urb,2013,15.018
ury,sex_m,age_aggregate_yge65,geo_cov_urb,2014,13.226
ury,sex_m,age_aggregate_yge65,geo_cov_urb,2015,13.182
ury,sex_m,age_aggregate_yge65,geo_cov_urb,2016,11.576
ury,sex_m,age_aggregate_yge65,geo_cov_urb,2017,11.934
ury,sex_m,age_aggregate_yge65,geo_cov_urb,2018,11.476
ury,sex_m,age_aggregate_yge65,geo_cov_urb,2019,12.597
ury,sex_m,age_aggregate_yge65,geo_cov_urb,2020,12.291
ury,sex_m,age_aggregate_yge65,geo_cov_urb,2021,9.795
ury,sex_m,age_aggregate_yge65,geo_cov_urb,2022,7.511
ury,sex_m,age_aggregate_yge65,geo_cov_urb,2023,8.051
ury,sex_m,age_aggregate_yge65,geo_cov_urb,2024,9.36
ury,sex_m,age_ythadult_y15_24,geo_cov_nat,2006,31.4
ury,sex_m,age_ythadult_y15_24,geo_cov_nat,2007,27.805
ury,sex_m,age_ythadult_y15_24,geo_cov_nat,2008,26.19
ury,sex_m,age_ythadult_y15_24,geo_cov_nat,2009,26.244
ury,sex_m,age_ythadult_y15_24,geo_cov_nat,2010,25.15
ury,sex_m,age_ythadult_y15_24,geo_cov_nat,2011,22.489
ury,sex_m,age_ythadult_y15_24,geo_cov_nat,2012,23.202
ury,sex_m,age_ythadult_y15_24,geo_cov_nat,2013,23.109
ury,sex_m,age_ythadult_y15_24,geo_cov_nat,2014,23.067
ury,sex_m,age_ythadult_y15_24,geo_cov_nat,2015,26.971
ury,sex_m,age_ythadult_y15_24,geo_cov_nat,2016,27.266
ury,sex_m,age_ythadult_y15_24,geo_cov_nat,2017,27.907
ury,sex_m,age_ythadult_y15_24,geo_cov_nat,2018,29.09
ury,sex_m,age_ythadult_y15_24,geo_cov_nat,2019,30.85
ury,sex_m,age_ythadult_y15_24,geo_cov_nat,2020,36.922
ury,sex_m,age_ythadult_y15_24,geo_cov_nat,2021,34.399
ury,sex_m,age_ythadult_y15_24,geo_cov_nat,2022,28.296
ury,sex_m,age_ythadult_y15_24,geo_cov_nat,2023,28.577
ury,sex_m,age_ythadult_y15_24,geo_cov_nat,2024,28.553
ury,sex_m,age_ythadult_y15_24,geo_cov_rur,2006,13.264
ury,sex_m,age_ythadult_y15_24,geo_cov_rur,2007,10.911
ury,sex_m,age_ythadult_y15_24,geo_cov_rur,2008,10.221
ury,sex_m,age_ythadult_y15_24,geo_cov_rur,2009,10.724
ury,sex_m,age_ythadult_y15_24,geo_cov_rur,2010,10.242
ury,sex_m,age_ythadult_y15_24,geo_cov_rur,2011,9.691
ury,sex_m,age_ythadult_y15_24,geo_cov_rur,2012,9.637
ury,sex_m,age_ythadult_y15_24,geo_cov_rur,2013,11.955
ury,sex_m,age_ythadult_y15_24,geo_cov_rur,2014,8.426
ury,sex_m,age_ythadult_y15_24,geo_cov_rur,2015,11.672
ury,sex_m,age_ythadult_y15_24,geo_cov_rur,2016,10.406
ury,sex_m,age_ythadult_y15_24,geo_cov_rur,2017,9.304
ury,sex_m,age_ythadult_y15_24,geo_cov_rur,2018,14.454
ury,sex_m,age_ythadult_y15_24,geo_cov_rur,2019,14.152
ury,sex_m,age_ythadult_y15_24,geo_cov_rur,2020,22.046
ury,sex_m,age_ythadult_y15_24,geo_cov_rur,2021,12.729
ury,sex_m,age_ythadult_y15_24,geo_cov_rur,2022,10.454
ury,sex_m,age_ythadult_y15_24,geo_cov_rur,2023,12.052
ury,sex_m,age_ythadult_y15_24,geo_cov_rur,2024,12.075
ury,sex_m,age_ythadult_y15_24,geo_cov_urb,2006,32.616
ury,sex_m,age_ythadult_y15_24,geo_cov_urb,2007,28.842
ury,sex_m,age_ythadult_y15_24,geo_cov_urb,2008,27.255
ury,sex_m,age_ythadult_y15_24,geo_cov_urb,2009,27.231
ury,sex_m,age_ythadult_y15_24,geo_cov_urb,2010,25.996
ury,sex_m,age_ythadult_y15_24,geo_cov_urb,2011,23.646
ury,sex_m,age_ythadult_y15_24,geo_cov_urb,2012,24.131
ury,sex_m,age_ythadult_y15_24,geo_cov_urb,2013,23.826
ury,sex_m,age_ythadult_y15_24,geo_cov_urb,2014,23.956
ury,sex_m,age_ythadult_y15_24,geo_cov_urb,2015,27.881
ury,sex_m,age_ythadult_y15_24,geo_cov_urb,2016,28.335
ury,sex_m,age_ythadult_y15_24,geo_cov_urb,2017,29.042
ury,sex_m,age_ythadult_y15_24,geo_cov_urb,2018,30.024
ury,sex_m,age_ythadult_y15_24,geo_cov_urb,2019,31.812
ury,sex_m,age_ythadult_y15_24,geo_cov_urb,2020,37.794
ury,sex_m,age_ythadult_y15_24,geo_cov_urb,2021,35.58
ury,sex_m,age_ythadult_y15_24,geo_cov_urb,2022,29.321
ury,sex_m,age_ythadult_y15_24,geo_cov_urb,2023,29.608
ury,sex_m,age_ythadult_y15_24,geo_cov_urb,2024,29.608
ury,sex_m,age_ythadult_y15_64,geo_cov_nat,2006,11.501
ury,sex_m,age_ythadult_y15_64,geo_cov_nat,2007,9.578
ury,sex_m,age_ythadult_y15_64,geo_cov_nat,2008,8.793
ury,sex_m,age_ythadult_y15_64,geo_cov_nat,2009,8.751
ury,sex_m,age_ythadult_y15_64,geo_cov_nat,2010,8.363
ury,sex_m,age_ythadult_y15_64,geo_cov_nat,2011,7.492
ury,sex_m,age_ythadult_y15_64,geo_cov_nat,2012,7.884
ury,sex_m,age_ythadult_y15_64,geo_cov_nat,2013,7.616
ury,sex_m,age_ythadult_y15_64,geo_cov_nat,2014,7.532
ury,sex_m,age_ythadult_y15_64,geo_cov_nat,2015,8.966
ury,sex_m,age_ythadult_y15_64,geo_cov_nat,2016,8.969
ury,sex_m,age_ythadult_y15_64,geo_cov_nat,2017,9.194
ury,sex_m,age_ythadult_y15_64,geo_cov_nat,2018,9.457
ury,sex_m,age_ythadult_y15_64,geo_cov_nat,2019,9.954
ury,sex_m,age_ythadult_y15_64,geo_cov_nat,2020,11.696
ury,sex_m,age_ythadult_y15_64,geo_cov_nat,2021,10.305
ury,sex_m,age_ythadult_y15_64,geo_cov_nat,2022,8.718
ury,sex_m,age_ythadult_y15_64,geo_cov_nat,2023,9.151
ury,sex_m,age_ythadult_y15_64,geo_cov_nat,2024,8.947
ury,sex_m,age_ythadult_y15_64,geo_cov_rur,2006,4.078
ury,sex_m,age_ythadult_y15_64,geo_cov_rur,2007,3.288
ury,sex_m,age_ythadult_y15_64,geo_cov_rur,2008,2.706
ury,sex_m,age_ythadult_y15_64,geo_cov_rur,2009,2.494
ury,sex_m,age_ythadult_y15_64,geo_cov_rur,2010,3.035
ury,sex_m,age_ythadult_y15_64,geo_cov_rur,2011,2.632
ury,sex_m,age_ythadult_y15_64,geo_cov_rur,2012,2.698
ury,sex_m,age_ythadult_y15_64,geo_cov_rur,2013,3.594
ury,sex_m,age_ythadult_y15_64,geo_cov_rur,2014,2.057
ury,sex_m,age_ythadult_y15_64,geo_cov_rur,2015,3.291
ury,sex_m,age_ythadult_y15_64,geo_cov_rur,2016,3.306
ury,sex_m,age_ythadult_y15_64,geo_cov_rur,2017,3.062
ury,sex_m,age_ythadult_y15_64,geo_cov_rur,2018,3.55
ury,sex_m,age_ythadult_y15_64,geo_cov_rur,2019,3.522
ury,sex_m,age_ythadult_y15_64,geo_cov_rur,2020,5.673
ury,sex_m,age_ythadult_y15_64,geo_cov_rur,2021,2.803
ury,sex_m,age_ythadult_y15_64,geo_cov_rur,2022,3.497
ury,sex_m,age_ythadult_y15_64,geo_cov_rur,2023,3.162
ury,sex_m,age_ythadult_y15_64,geo_cov_rur,2024,3.939
ury,sex_m,age_ythadult_y15_64,geo_cov_urb,2006,12.113
ury,sex_m,age_ythadult_y15_64,geo_cov_urb,2007,10.082
ury,sex_m,age_ythadult_y15_64,geo_cov_urb,2008,9.289
ury,sex_m,age_ythadult_y15_64,geo_cov_urb,2009,9.252
ury,sex_m,age_ythadult_y15_64,geo_cov_urb,2010,8.744
ury,sex_m,age_ythadult_y15_64,geo_cov_urb,2011,8.009
ury,sex_m,age_ythadult_y15_64,geo_cov_urb,2012,8.282
ury,sex_m,age_ythadult_y15_64,geo_cov_urb,2013,7.887
ury,sex_m,age_ythadult_y15_64,geo_cov_urb,2014,7.895
ury,sex_m,age_ythadult_y15_64,geo_cov_urb,2015,9.348
ury,sex_m,age_ythadult_y15_64,geo_cov_urb,2016,9.341
ury,sex_m,age_ythadult_y15_64,geo_cov_urb,2017,9.597
ury,sex_m,age_ythadult_y15_64,geo_cov_urb,2018,9.837
ury,sex_m,age_ythadult_y15_64,geo_cov_urb,2019,10.367
ury,sex_m,age_ythadult_y15_64,geo_cov_urb,2020,12.058
ury,sex_m,age_ythadult_y15_64,geo_cov_urb,2021,10.781
ury,sex_m,age_ythadult_y15_64,geo_cov_urb,2022,9.07
ury,sex_m,age_ythadult_y15_64,geo_cov_urb,2023,9.569
ury,sex_m,age_ythadult_y15_64,geo_cov_urb,2024,9.285
ury,sex_m,age_ythadult_yge15,geo_cov_nat,2006,11.799
ury,sex_m,age_ythadult_yge15,geo_cov_nat,2007,9.944
ury,sex_m,age_ythadult_yge15,geo_cov_nat,2008,9.113
ury,sex_m,age_ythadult_yge15,geo_cov_nat,2009,9.21
ury,sex_m,age_ythadult_yge15,geo_cov_nat,2010,8.856
ury,sex_m,age_ythadult_yge15,geo_cov_nat,2011,7.95
ury,sex_m,age_ythadult_yge15,geo_cov_nat,2012,8.267
ury,sex_m,age_ythadult_yge15,geo_cov_nat,2013,7.937
ury,sex_m,age_ythadult_yge15,geo_cov_nat,2014,7.759
ury,sex_m,age_ythadult_yge15,geo_cov_nat,2015,9.12
ury,sex_m,age_ythadult_yge15,geo_cov_nat,2016,9.043
ury,sex_m,age_ythadult_yge15,geo_cov_nat,2017,9.267
ury,sex_m,age_ythadult_yge15,geo_cov_nat,2018,9.491
ury,sex_m,age_ythadult_yge15,geo_cov_nat,2019,10.008
ury,sex_m,age_ythadult_yge15,geo_cov_nat,2020,11.664
ury,sex_m,age_ythadult_yge15,geo_cov_nat,2021,10.243
ury,sex_m,age_ythadult_yge15,geo_cov_nat,2022,8.619
ury,sex_m,age_ythadult_yge15,geo_cov_nat,2023,9.051
ury,sex_m,age_ythadult_yge15,geo_cov_nat,2024,8.906
ury,sex_m,age_ythadult_yge15,geo_cov_rur,2006,4.047
ury,sex_m,age_ythadult_yge15,geo_cov_rur,2007,3.245
ury,sex_m,age_ythadult_yge15,geo_cov_rur,2008,2.671
ury,sex_m,age_ythadult_yge15,geo_cov_rur,2009,2.487
ury,sex_m,age_ythadult_yge15,geo_cov_rur,2010,3.297
ury,sex_m,age_ythadult_yge15,geo_cov_rur,2011,2.698
ury,sex_m,age_ythadult_yge15,geo_cov_rur,2012,2.696
ury,sex_m,age_ythadult_yge15,geo_cov_rur,2013,3.537
ury,sex_m,age_ythadult_yge15,geo_cov_rur,2014,2.023
ury,sex_m,age_ythadult_yge15,geo_cov_rur,2015,3.276
ury,sex_m,age_ythadult_yge15,geo_cov_rur,2016,3.207
ury,sex_m,age_ythadult_yge15,geo_cov_rur,2017,2.96
ury,sex_m,age_ythadult_yge15,geo_cov_rur,2018,3.35
ury,sex_m,age_ythadult_yge15,geo_cov_rur,2019,3.392
ury,sex_m,age_ythadult_yge15,geo_cov_rur,2020,5.383
ury,sex_m,age_ythadult_yge15,geo_cov_rur,2021,2.844
ury,sex_m,age_ythadult_yge15,geo_cov_rur,2022,3.248
ury,sex_m,age_ythadult_yge15,geo_cov_rur,2023,3.137
ury,sex_m,age_ythadult_yge15,geo_cov_rur,2024,3.557
ury,sex_m,age_ythadult_yge15,geo_cov_urb,2006,12.466
ury,sex_m,age_ythadult_yge15,geo_cov_urb,2007,10.509
ury,sex_m,age_ythadult_yge15,geo_cov_urb,2008,9.669
ury,sex_m,age_ythadult_yge15,geo_cov_urb,2009,9.775
ury,sex_m,age_ythadult_yge15,geo_cov_urb,2010,9.278
ury,sex_m,age_ythadult_yge15,geo_cov_urb,2011,8.543
ury,sex_m,age_ythadult_yge15,geo_cov_urb,2012,8.721
ury,sex_m,age_ythadult_yge15,geo_cov_urb,2013,8.248
ury,sex_m,age_ythadult_yge15,geo_cov_urb,2014,8.156
ury,sex_m,age_ythadult_yge15,geo_cov_urb,2015,9.536
ury,sex_m,age_ythadult_yge15,geo_cov_urb,2016,9.444
ury,sex_m,age_ythadult_yge15,geo_cov_urb,2017,9.702
ury,sex_m,age_ythadult_yge15,geo_cov_urb,2018,9.91
ury,sex_m,age_ythadult_yge15,geo_cov_urb,2019,10.462
ury,sex_m,age_ythadult_yge15,geo_cov_urb,2020,12.067
ury,sex_m,age_ythadult_yge15,geo_cov_urb,2021,10.743
ury,sex_m,age_ythadult_yge15,geo_cov_urb,2022,9.008
ury,sex_m,age_ythadult_yge15,geo_cov_urb,2023,9.497
ury,sex_m,age_ythadult_yge15,geo_cov_urb,2024,9.289
ury,sex_m,age_ythadult_yge25,geo_cov_nat,2006,7.185
ury,sex_m,age_ythadult_yge25,geo_cov_nat,2007,5.866
ury,sex_m,age_ythadult_yge25,geo_cov_nat,2008,5.233
ury,sex_m,age_ythadult_yge25,geo_cov_nat,2009,5.319
ury,sex_m,age_ythadult_yge25,geo_cov_nat,2010,5.055
ury,sex_m,age_ythadult_yge25,geo_cov_nat,2011,4.696
ury,sex_m,age_ythadult_yge25,geo_cov_nat,2012,4.847
ury,sex_m,age_ythadult_yge25,geo_cov_nat,2013,4.549
ury,sex_m,age_ythadult_yge25,geo_cov_nat,2014,4.513
ury,sex_m,age_ythadult_yge25,geo_cov_nat,2015,5.271
ury,sex_m,age_ythadult_yge25,geo_cov_nat,2016,5.229
ury,sex_m,age_ythadult_yge25,geo_cov_nat,2017,5.458
ury,sex_m,age_ythadult_yge25,geo_cov_nat,2018,5.5
ury,sex_m,age_ythadult_yge25,geo_cov_nat,2019,5.886
ury,sex_m,age_ythadult_yge25,geo_cov_nat,2020,7.017
ury,sex_m,age_ythadult_yge25,geo_cov_nat,2021,5.887
ury,sex_m,age_ythadult_yge25,geo_cov_nat,2022,5.466
ury,sex_m,age_ythadult_yge25,geo_cov_nat,2023,5.909
ury,sex_m,age_ythadult_yge25,geo_cov_nat,2024,5.715
ury,sex_m,age_ythadult_yge25,geo_cov_rur,2006,2.408
ury,sex_m,age_ythadult_yge25,geo_cov_rur,2007,2.016
ury,sex_m,age_ythadult_yge25,geo_cov_rur,2008,1.384
ury,sex_m,age_ythadult_yge25,geo_cov_rur,2009,1.107
ury,sex_m,age_ythadult_yge25,geo_cov_rur,2010,2.13
ury,sex_m,age_ythadult_yge25,geo_cov_rur,2011,1.47
ury,sex_m,age_ythadult_yge25,geo_cov_rur,2012,1.392
ury,sex_m,age_ythadult_yge25,geo_cov_rur,2013,1.85
ury,sex_m,age_ythadult_yge25,geo_cov_rur,2014,0.852
ury,sex_m,age_ythadult_yge25,geo_cov_rur,2015,1.8
ury,sex_m,age_ythadult_yge25,geo_cov_rur,2016,1.832
ury,sex_m,age_ythadult_yge25,geo_cov_rur,2017,1.831
ury,sex_m,age_ythadult_yge25,geo_cov_rur,2018,1.251
ury,sex_m,age_ythadult_yge25,geo_cov_rur,2019,1.64
ury,sex_m,age_ythadult_yge25,geo_cov_rur,2020,2.614
ury,sex_m,age_ythadult_yge25,geo_cov_rur,2021,1.437
ury,sex_m,age_ythadult_yge25,geo_cov_rur,2022,2.346
ury,sex_m,age_ythadult_yge25,geo_cov_rur,2023,1.969
ury,sex_m,age_ythadult_yge25,geo_cov_rur,2024,2.329
ury,sex_m,age_ythadult_yge25,geo_cov_urb,2006,7.619
ury,sex_m,age_ythadult_yge25,geo_cov_urb,2007,6.211
ury,sex_m,age_ythadult_yge25,geo_cov_urb,2008,5.583
ury,sex_m,age_ythadult_yge25,geo_cov_urb,2009,5.693
ury,sex_m,age_ythadult_yge25,geo_cov_urb,2010,5.29
ury,sex_m,age_ythadult_yge25,geo_cov_urb,2011,5.078
ury,sex_m,age_ythadult_yge25,geo_cov_urb,2012,5.14
ury,sex_m,age_ythadult_yge25,geo_cov_urb,2013,4.744
ury,sex_m,age_ythadult_yge25,geo_cov_urb,2014,4.773
ury,sex_m,age_ythadult_yge25,geo_cov_urb,2015,5.528
ury,sex_m,age_ythadult_yge25,geo_cov_urb,2016,5.467
ury,sex_m,age_ythadult_yge25,geo_cov_urb,2017,5.714
ury,sex_m,age_ythadult_yge25,geo_cov_urb,2018,5.794
ury,sex_m,age_ythadult_yge25,geo_cov_urb,2019,6.186
ury,sex_m,age_ythadult_yge25,geo_cov_urb,2020,7.305
ury,sex_m,age_ythadult_yge25,geo_cov_urb,2021,6.199
ury,sex_m,age_ythadult_yge25,geo_cov_urb,2022,5.699
ury,sex_m,age_ythadult_yge25,geo_cov_urb,2023,6.215
ury,sex_m,age_ythadult_yge25,geo_cov_urb,2024,5.961
ury,sex_t,age_aggregate_total,geo_cov_nat,2006,17.475
ury,sex_t,age_aggregate_total,geo_cov_nat,2007,15.482
ury,sex_t,age_aggregate_total,geo_cov_nat,2008,14.346
ury,sex_t,age_aggregate_total,geo_cov_nat,2009,13.88
ury,sex_t,age_aggregate_total,geo_cov_nat,2010,12.983
ury,sex_t,age_aggregate_total,geo_cov_nat,2011,11.465
ury,sex_t,age_aggregate_total,geo_cov_nat,2012,11.598
ury,sex_t,age_aggregate_total,geo_cov_nat,2013,11.072
ury,sex_t,age_aggregate_total,geo_cov_nat,2014,10.742
ury,sex_t,age_aggregate_total,geo_cov_nat,2015,11.654
ury,sex_t,age_aggregate_total,geo_cov_nat,2016,11.7
ury,sex_t,age_aggregate_total,geo_cov_nat,2017,11.787
ury,sex_t,age_aggregate_total,geo_cov_nat,2018,12.139
ury,sex_t,age_aggregate_total,geo_cov_nat,2019,12.706
ury,sex_t,age_aggregate_total,geo_cov_nat,2020,14.403
ury,sex_t,age_aggregate_total,geo_cov_nat,2021,12.464
ury,sex_t,age_aggregate_total,geo_cov_nat,2022,10.405
ury,sex_t,age_aggregate_total,geo_cov_nat,2023,10.713
ury,sex_t,age_aggregate_total,geo_cov_nat,2024,10.668
ury,sex_t,age_aggregate_total,geo_cov_rur,2006,10.261
ury,sex_t,age_aggregate_total,geo_cov_rur,2007,9.3
ury,sex_t,age_aggregate_total,geo_cov_rur,2008,8.188
ury,sex_t,age_aggregate_total,geo_cov_rur,2009,7.206
ury,sex_t,age_aggregate_total,geo_cov_rur,2010,7.016
ury,sex_t,age_aggregate_total,geo_cov_rur,2011,6.587
ury,sex_t,age_aggregate_total,geo_cov_rur,2012,6.566
ury,sex_t,age_aggregate_total,geo_cov_rur,2013,5.849
ury,sex_t,age_aggregate_total,geo_cov_rur,2014,5.051
ury,sex_t,age_aggregate_total,geo_cov_rur,2015,6.073
ury,sex_t,age_aggregate_total,geo_cov_rur,2016,5.784
ury,sex_t,age_aggregate_total,geo_cov_rur,2017,5.966
ury,sex_t,age_aggregate_total,geo_cov_rur,2018,6.56
ury,sex_t,age_aggregate_total,geo_cov_rur,2019,6.261
ury,sex_t,age_aggregate_total,geo_cov_rur,2020,8.019
ury,sex_t,age_aggregate_total,geo_cov_rur,2021,6.069
ury,sex_t,age_aggregate_total,geo_cov_rur,2022,5.932
ury,sex_t,age_aggregate_total,geo_cov_rur,2023,5.57
ury,sex_t,age_aggregate_total,geo_cov_rur,2024,6.308
ury,sex_t,age_aggregate_total,geo_cov_urb,2006,17.986
ury,sex_t,age_aggregate_total,geo_cov_urb,2007,15.913
ury,sex_t,age_aggregate_total,geo_cov_urb,2008,14.775
ury,sex_t,age_aggregate_total,geo_cov_urb,2009,14.333
ury,sex_t,age_aggregate_total,geo_cov_urb,2010,13.36
ury,sex_t,age_aggregate_total,geo_cov_urb,2011,11.921
ury,sex_t,age_aggregate_total,geo_cov_urb,2012,11.943
ury,sex_t,age_aggregate_total,geo_cov_urb,2013,11.387
ury,sex_t,age_aggregate_total,geo_cov_urb,2014,11.083
ury,sex_t,age_aggregate_total,geo_cov_urb,2015,11.993
ury,sex_t,age_aggregate_total,geo_cov_urb,2016,12.051
ury,sex_t,age_aggregate_total,geo_cov_urb,2017,12.13
ury,sex_t,age_aggregate_total,geo_cov_urb,2018,12.467
ury,sex_t,age_aggregate_total,geo_cov_urb,2019,13.086
ury,sex_t,age_aggregate_total,geo_cov_urb,2020,14.756
ury,sex_t,age_aggregate_total,geo_cov_urb,2021,12.834
ury,sex_t,age_aggregate_total,geo_cov_urb,2022,10.679
ury,sex_t,age_aggregate_total,geo_cov_urb,2023,11.034
ury,sex_t,age_aggregate_total,geo_cov_urb,2024,10.938
ury,sex_t,age_aggregate_y15_24,geo_cov_nat,2006,38.377
ury,sex_t,age_aggregate_y15_24,geo_cov_nat,2007,34.624
ury,sex_t,age_aggregate_y15_24,geo_cov_nat,2008,32.693
ury,sex_t,age_aggregate_y15_24,geo_cov_nat,2009,32.114
ury,sex_t,age_aggregate_y15_24,geo_cov_nat,2010,30.881
ury,sex_t,age_aggregate_y15_24,geo_cov_nat,2011,27.478
ury,sex_t,age_aggregate_y15_24,geo_cov_nat,2012,28.545
ury,sex_t,age_aggregate_y15_24,geo_cov_nat,2013,28.138
ury,sex_t,age_aggregate_y15_24,geo_cov_nat,2014,27.684
ury,sex_t,age_aggregate_y15_24,geo_cov_nat,2015,30.856
ury,sex_t,age_aggregate_y15_24,geo_cov_nat,2016,31.473
ury,sex_t,age_aggregate_y15_24,geo_cov_nat,2017,33.01
ury,sex_t,age_aggregate_y15_24,geo_cov_nat,2018,33.475
ury,sex_t,age_aggregate_y15_24,geo_cov_nat,2019,35.49
ury,sex_t,age_aggregate_y15_24,geo_cov_nat,2020,41.215
ury,sex_t,age_aggregate_y15_24,geo_cov_nat,2021,37.869
ury,sex_t,age_aggregate_y15_24,geo_cov_nat,2022,30.294
ury,sex_t,age_aggregate_y15_24,geo_cov_nat,2023,30.981
ury,sex_t,age_aggregate_y15_24,geo_cov_nat,2024,31.86
ury,sex_t,age_aggregate_y15_24,geo_cov_rur,2006,25.062
ury,sex_t,age_aggregate_y15_24,geo_cov_rur,2007,22.513
ury,sex_t,age_aggregate_y15_24,geo_cov_rur,2008,20.824
ury,sex_t,age_aggregate_y15_24,geo_cov_rur,2009,19.433
ury,sex_t,age_aggregate_y15_24,geo_cov_rur,2010,18.107
ury,sex_t,age_aggregate_y15_24,geo_cov_rur,2011,19.974
ury,sex_t,age_aggregate_y15_24,geo_cov_rur,2012,17.336
ury,sex_t,age_aggregate_y15_24,geo_cov_rur,2013,17.324
ury,sex_t,age_aggregate_y15_24,geo_cov_rur,2014,15.665
ury,sex_t,age_aggregate_y15_24,geo_cov_rur,2015,17.735
ury,sex_t,age_aggregate_y15_24,geo_cov_rur,2016,17.928
ury,sex_t,age_aggregate_y15_24,geo_cov_rur,2017,16.229
ury,sex_t,age_aggregate_y15_24,geo_cov_rur,2018,21.546
ury,sex_t,age_aggregate_y15_24,geo_cov_rur,2019,18.782
ury,sex_t,age_aggregate_y15_24,geo_cov_rur,2020,27.155
ury,sex_t,age_aggregate_y15_24,geo_cov_rur,2021,22.697
ury,sex_t,age_aggregate_y15_24,geo_cov_rur,2022,20.122
ury,sex_t,age_aggregate_y15_24,geo_cov_rur,2023,18.333
ury,sex_t,age_aggregate_y15_24,geo_cov_rur,2024,22.072
ury,sex_t,age_aggregate_y15_24,geo_cov_urb,2006,39.171
ury,sex_t,age_aggregate_y15_24,geo_cov_urb,2007,35.318
ury,sex_t,age_aggregate_y15_24,geo_cov_urb,2008,33.376
ury,sex_t,age_aggregate_y15_24,geo_cov_urb,2009,32.792
ury,sex_t,age_aggregate_y15_24,geo_cov_urb,2010,31.496
ury,sex_t,age_aggregate_y15_24,geo_cov_urb,2011,28.073
ury,sex_t,age_aggregate_y15_24,geo_cov_urb,2012,29.19
ury,sex_t,age_aggregate_y15_24,geo_cov_urb,2013,28.741
ury,sex_t,age_aggregate_y15_24,geo_cov_urb,2014,28.33
ury,sex_t,age_aggregate_y15_24,geo_cov_urb,2015,31.541
ury,sex_t,age_aggregate_y15_24,geo_cov_urb,2016,32.216
ury,sex_t,age_aggregate_y15_24,geo_cov_urb,2017,33.873
ury,sex_t,age_aggregate_y15_24,geo_cov_urb,2018,34.1
ury,sex_t,age_aggregate_y15_24,geo_cov_urb,2019,36.324
ury,sex_t,age_aggregate_y15_24,geo_cov_urb,2020,41.908
ury,sex_t,age_aggregate_y15_24,geo_cov_urb,2021,38.531
ury,sex_t,age_aggregate_y15_24,geo_cov_urb,2022,30.791
ury,sex_t,age_aggregate_y15_24,geo_cov_urb,2023,31.636
ury,sex_t,age_aggregate_y15_24,geo_cov_urb,2024,32.386
ury,sex_t,age_aggregate_y25_54,geo_cov_nat,2006,12.383
ury,sex_t,age_aggregate_y25_54,geo_cov_nat,2007,11.06
ury,sex_t,age_aggregate_y25_54,geo_cov_nat,2008,9.798
ury,sex_t,age_aggregate_y25_54,geo_cov_nat,2009,9.348
ury,sex_t,age_aggregate_y25_54,geo_cov_nat,2010,8.461
ury,sex_t,age_aggregate_y25_54,geo_cov_nat,2011,7.344
ury,sex_t,age_aggregate_y25_54,geo_cov_nat,2012,7.407
ury,sex_t,age_aggregate_y25_54,geo_cov_nat,2013,6.904
ury,sex_t,age_aggregate_y25_54,geo_cov_nat,2014,7.02
ury,sex_t,age_aggregate_y25_54,geo_cov_nat,2015,7.52
ury,sex_t,age_aggregate_y25_54,geo_cov_nat,2016,7.71
ury,sex_t,age_aggregate_y25_54,geo_cov_nat,2017,7.702
ury,sex_t,age_aggregate_y25_54,geo_cov_nat,2018,7.97
ury,sex_t,age_aggregate_y25_54,geo_cov_nat,2019,8.302
ury,sex_t,age_aggregate_y25_54,geo_cov_nat,2020,9.834
ury,sex_t,age_aggregate_y25_54,geo_cov_nat,2021,8.357
ury,sex_t,age_aggregate_y25_54,geo_cov_nat,2022,7.43
ury,sex_t,age_aggregate_y25_54,geo_cov_nat,2023,7.733
ury,sex_t,age_aggregate_y25_54,geo_cov_nat,2024,7.477
ury,sex_t,age_aggregate_y25_54,geo_cov_rur,2006,8.639
ury,sex_t,age_aggregate_y25_54,geo_cov_rur,2007,7.928
ury,sex_t,age_aggregate_y25_54,geo_cov_rur,2008,6.778
ury,sex_t,age_aggregate_y25_54,geo_cov_rur,2009,6.319
ury,sex_t,age_aggregate_y25_54,geo_cov_rur,2010,5.345
ury,sex_t,age_aggregate_y25_54,geo_cov_rur,2011,4.942
ury,sex_t,age_aggregate_y25_54,geo_cov_rur,2012,4.855
ury,sex_t,age_aggregate_y25_54,geo_cov_rur,2013,3.948
ury,sex_t,age_aggregate_y25_54,geo_cov_rur,2014,3.507
ury,sex_t,age_aggregate_y25_54,geo_cov_rur,2015,4.487
ury,sex_t,age_aggregate_y25_54,geo_cov_rur,2016,4.245
ury,sex_t,age_aggregate_y25_54,geo_cov_rur,2017,5.121
ury,sex_t,age_aggregate_y25_54,geo_cov_rur,2018,4.634
ury,sex_t,age_aggregate_y25_54,geo_cov_rur,2019,4.964
ury,sex_t,age_aggregate_y25_54,geo_cov_rur,2020,5.432
ury,sex_t,age_aggregate_y25_54,geo_cov_rur,2021,4.715
ury,sex_t,age_aggregate_y25_54,geo_cov_rur,2022,4.843
ury,sex_t,age_aggregate_y25_54,geo_cov_rur,2023,4.42
ury,sex_t,age_aggregate_y25_54,geo_cov_rur,2024,5.226
ury,sex_t,age_aggregate_y25_54,geo_cov_urb,2006,12.636
ury,sex_t,age_aggregate_y25_54,geo_cov_urb,2007,11.267
ury,sex_t,age_aggregate_y25_54,geo_cov_urb,2008,9.997
ury,sex_t,age_aggregate_y25_54,geo_cov_urb,2009,9.547
ury,sex_t,age_aggregate_y25_54,geo_cov_urb,2010,8.649
ury,sex_t,age_aggregate_y25_54,geo_cov_urb,2011,7.549
ury,sex_t,age_aggregate_y25_54,geo_cov_urb,2012,7.571
ury,sex_t,age_aggregate_y25_54,geo_cov_urb,2013,7.073
ury,sex_t,age_aggregate_y25_54,geo_cov_urb,2014,7.224
ury,sex_t,age_aggregate_y25_54,geo_cov_urb,2015,7.694
ury,sex_t,age_aggregate_y25_54,geo_cov_urb,2016,7.9
ury,sex_t,age_aggregate_y25_54,geo_cov_urb,2017,7.845
ury,sex_t,age_aggregate_y25_54,geo_cov_urb,2018,8.154
ury,sex_t,age_aggregate_y25_54,geo_cov_urb,2019,8.487
ury,sex_t,age_aggregate_y25_54,geo_cov_urb,2020,10.058
ury,sex_t,age_aggregate_y25_54,geo_cov_urb,2021,8.559
ury,sex_t,age_aggregate_y25_54,geo_cov_urb,2022,7.579
ury,sex_t,age_aggregate_y25_54,geo_cov_urb,2023,7.925
ury,sex_t,age_aggregate_y25_54,geo_cov_urb,2024,7.61
ury,sex_t,age_aggregate_y55_64,geo_cov_nat,2006,12.527
ury,sex_t,age_aggregate_y55_64,geo_cov_nat,2007,10.578
ury,sex_t,age_aggregate_y55_64,geo_cov_nat,2008,10.633
ury,sex_t,age_aggregate_y55_64,geo_cov_nat,2009,9.542
ury,sex_t,age_aggregate_y55_64,geo_cov_nat,2010,8.783
ury,sex_t,age_aggregate_y55_64,geo_cov_nat,2011,7.917
ury,sex_t,age_aggregate_y55_64,geo_cov_nat,2012,7.568
ury,sex_t,age_aggregate_y55_64,geo_cov_nat,2013,7.148
ury,sex_t,age_aggregate_y55_64,geo_cov_nat,2014,6.693
ury,sex_t,age_aggregate_y55_64,geo_cov_nat,2015,7.184
ury,sex_t,age_aggregate_y55_64,geo_cov_nat,2016,6.81
ury,sex_t,age_aggregate_y55_64,geo_cov_nat,2017,6.434
ury,sex_t,age_aggregate_y55_64,geo_cov_nat,2018,7.307
ury,sex_t,age_aggregate_y55_64,geo_cov_nat,2019,7.658
ury,sex_t,age_aggregate_y55_64,geo_cov_nat,2020,8.696
ury,sex_t,age_aggregate_y55_64,geo_cov_nat,2021,7.588
ury,sex_t,age_aggregate_y55_64,geo_cov_nat,2022,6.497
ury,sex_t,age_aggregate_y55_64,geo_cov_nat,2023,6.578
ury,sex_t,age_aggregate_y55_64,geo_cov_nat,2024,6.462
ury,sex_t,age_aggregate_y55_64,geo_cov_rur,2006,4.47
ury,sex_t,age_aggregate_y55_64,geo_cov_rur,2007,5.035
ury,sex_t,age_aggregate_y55_64,geo_cov_rur,2008,4.37
ury,sex_t,age_aggregate_y55_64,geo_cov_rur,2009,2.345
ury,sex_t,age_aggregate_y55_64,geo_cov_rur,2010,4.36
ury,sex_t,age_aggregate_y55_64,geo_cov_rur,2011,1.856
ury,sex_t,age_aggregate_y55_64,geo_cov_rur,2012,4.816
ury,sex_t,age_aggregate_y55_64,geo_cov_rur,2013,2.642
ury,sex_t,age_aggregate_y55_64,geo_cov_rur,2014,2.386
ury,sex_t,age_aggregate_y55_64,geo_cov_rur,2015,2.977
ury,sex_t,age_aggregate_y55_64,geo_cov_rur,2016,1.898
ury,sex_t,age_aggregate_y55_64,geo_cov_rur,2017,1.613
ury,sex_t,age_aggregate_y55_64,geo_cov_rur,2018,2.98
ury,sex_t,age_aggregate_y55_64,geo_cov_rur,2019,2.512
ury,sex_t,age_aggregate_y55_64,geo_cov_rur,2020,4.292
ury,sex_t,age_aggregate_y55_64,geo_cov_rur,2021,1.943
ury,sex_t,age_aggregate_y55_64,geo_cov_rur,2022,2.659
ury,sex_t,age_aggregate_y55_64,geo_cov_rur,2023,2.79
ury,sex_t,age_aggregate_y55_64,geo_cov_rur,2024,1.814
ury,sex_t,age_aggregate_y55_64,geo_cov_urb,2006,13.241
ury,sex_t,age_aggregate_y55_64,geo_cov_urb,2007,11.077
ury,sex_t,age_aggregate_y55_64,geo_cov_urb,2008,11.176
ury,sex_t,age_aggregate_y55_64,geo_cov_urb,2009,10.159
ury,sex_t,age_aggregate_y55_64,geo_cov_urb,2010,9.138
ury,sex_t,age_aggregate_y55_64,geo_cov_urb,2011,8.679
ury,sex_t,age_aggregate_y55_64,geo_cov_urb,2012,7.806
ury,sex_t,age_aggregate_y55_64,geo_cov_urb,2013,7.471
ury,sex_t,age_aggregate_y55_64,geo_cov_urb,2014,6.979
ury,sex_t,age_aggregate_y55_64,geo_cov_urb,2015,7.484
ury,sex_t,age_aggregate_y55_64,geo_cov_urb,2016,7.173
ury,sex_t,age_aggregate_y55_64,geo_cov_urb,2017,6.776
ury,sex_t,age_aggregate_y55_64,geo_cov_urb,2018,7.611
ury,sex_t,age_aggregate_y55_64,geo_cov_urb,2019,8.013
ury,sex_t,age_aggregate_y55_64,geo_cov_urb,2020,8.993
ury,sex_t,age_aggregate_y55_64,geo_cov_urb,2021,7.975
ury,sex_t,age_aggregate_y55_64,geo_cov_urb,2022,6.78
ury,sex_t,age_aggregate_y55_64,geo_cov_urb,2023,6.834
ury,sex_t,age_aggregate_y55_64,geo_cov_urb,2024,6.788
ury,sex_t,age_aggregate_yge65,geo_cov_nat,2006,20.225
ury,sex_t,age_aggregate_yge65,geo_cov_nat,2007,16.988
ury,sex_t,age_aggregate_yge65,geo_cov_nat,2008,17.559
ury,sex_t,age_aggregate_yge65,geo_cov_nat,2009,18.725
ury,sex_t,age_aggregate_yge65,geo_cov_nat,2010,18.396
ury,sex_t,age_aggregate_yge65,geo_cov_nat,2011,18.859
ury,sex_t,age_aggregate_yge65,geo_cov_nat,2012,17.1
ury,sex_t,age_aggregate_yge65,geo_cov_nat,2013,16.828
ury,sex_t,age_aggregate_yge65,geo_cov_nat,2014,14.034
ury,sex_t,age_aggregate_yge65,geo_cov_nat,2015,13.531
ury,sex_t,age_aggregate_yge65,geo_cov_nat,2016,13.317
ury,sex_t,age_aggregate_yge65,geo_cov_nat,2017,12.316
ury,sex_t,age_aggregate_yge65,geo_cov_nat,2018,12.672
ury,sex_t,age_aggregate_yge65,geo_cov_nat,2019,13.573
ury,sex_t,age_aggregate_yge65,geo_cov_nat,2020,12.397
ury,sex_t,age_aggregate_yge65,geo_cov_nat,2021,10.311
ury,sex_t,age_aggregate_yge65,geo_cov_nat,2022,8.985
ury,sex_t,age_aggregate_yge65,geo_cov_nat,2023,8.919
ury,sex_t,age_aggregate_yge65,geo_cov_nat,2024,9.4
ury,sex_t,age_aggregate_yge65,geo_cov_rur,2006,5.091
ury,sex_t,age_aggregate_yge65,geo_cov_rur,2007,3.924
ury,sex_t,age_aggregate_yge65,geo_cov_rur,2008,3.881
ury,sex_t,age_aggregate_yge65,geo_cov_rur,2009,2.681
ury,sex_t,age_aggregate_yge65,geo_cov_rur,2010,6.512
ury,sex_t,age_aggregate_yge65,geo_cov_rur,2011,4.527
ury,sex_t,age_aggregate_yge65,geo_cov_rur,2012,3.29
ury,sex_t,age_aggregate_yge65,geo_cov_rur,2013,3.33
ury,sex_t,age_aggregate_yge65,geo_cov_rur,2014,1.755
ury,sex_t,age_aggregate_yge65,geo_cov_rur,2015,3.174
ury,sex_t,age_aggregate_yge65,geo_cov_rur,2016,2.367
ury,sex_t,age_aggregate_yge65,geo_cov_rur,2017,2.827
ury,sex_t,age_aggregate_yge65,geo_cov_rur,2018,1.76
ury,sex_t,age_aggregate_yge65,geo_cov_rur,2019,2.972
ury,sex_t,age_aggregate_yge65,geo_cov_rur,2020,4.139
ury,sex_t,age_aggregate_yge65,geo_cov_rur,2021,3.064
ury,sex_t,age_aggregate_yge65,geo_cov_rur,2022,2.211
ury,sex_t,age_aggregate_yge65,geo_cov_rur,2023,2.808
ury,sex_t,age_aggregate_yge65,geo_cov_rur,2024,0.769
ury,sex_t,age_aggregate_yge65,geo_cov_urb,2006,21.894
ury,sex_t,age_aggregate_yge65,geo_cov_urb,2007,18.467
ury,sex_t,age_aggregate_yge65,geo_cov_urb,2008,19.099
ury,sex_t,age_aggregate_yge65,geo_cov_urb,2009,20.299
ury,sex_t,age_aggregate_yge65,geo_cov_urb,2010,19.675
ury,sex_t,age_aggregate_yge65,geo_cov_urb,2011,21.299
ury,sex_t,age_aggregate_yge65,geo_cov_urb,2012,18.766
ury,sex_t,age_aggregate_yge65,geo_cov_urb,2013,18.129
ury,sex_t,age_aggregate_yge65,geo_cov_urb,2014,15.118
ury,sex_t,age_aggregate_yge65,geo_cov_urb,2015,14.673
ury,sex_t,age_aggregate_yge65,geo_cov_urb,2016,14.389
ury,sex_t,age_aggregate_yge65,geo_cov_urb,2017,13.315
ury,sex_t,age_aggregate_yge65,geo_cov_urb,2018,13.812
ury,sex_t,age_aggregate_yge65,geo_cov_urb,2019,14.921
ury,sex_t,age_aggregate_yge65,geo_cov_urb,2020,13.41
ury,sex_t,age_aggregate_yge65,geo_cov_urb,2021,11.243
ury,sex_t,age_aggregate_yge65,geo_cov_urb,2022,9.909
ury,sex_t,age_aggregate_yge65,geo_cov_urb,2023,9.872
ury,sex_t,age_aggregate_yge65,geo_cov_urb,2024,10.358
ury,sex_t,age_ythadult_y15_24,geo_cov_nat,2006,38.377
ury,sex_t,age_ythadult_y15_24,geo_cov_nat,2007,34.624
ury,sex_t,age_ythadult_y15_24,geo_cov_nat,2008,32.693
ury,sex_t,age_ythadult_y15_24,geo_cov_nat,2009,32.114
ury,sex_t,age_ythadult_y15_24,geo_cov_nat,2010,30.881
ury,sex_t,age_ythadult_y15_24,geo_cov_nat,2011,27.478
ury,sex_t,age_ythadult_y15_24,geo_cov_nat,2012,28.545
ury,sex_t,age_ythadult_y15_24,geo_cov_nat,2013,28.138
ury,sex_t,age_ythadult_y15_24,geo_cov_nat,2014,27.684
ury,sex_t,age_ythadult_y15_24,geo_cov_nat,2015,30.856
ury,sex_t,age_ythadult_y15_24,geo_cov_nat,2016,31.473
ury,sex_t,age_ythadult_y15_24,geo_cov_nat,2017,33.01
ury,sex_t,age_ythadult_y15_24,geo_cov_nat,2018,33.475
ury,sex_t,age_ythadult_y15_24,geo_cov_nat,2019,35.49
ury,sex_t,age_ythadult_y15_24,geo_cov_nat,2020,41.215
ury,sex_t,age_ythadult_y15_24,geo_cov_nat,2021,37.869
ury,sex_t,age_ythadult_y15_24,geo_cov_nat,2022,30.294
ury,sex_t,age_ythadult_y15_24,geo_cov_nat,2023,30.981
ury,sex_t,age_ythadult_y15_24,geo_cov_nat,2024,31.86
ury,sex_t,age_ythadult_y15_24,geo_cov_rur,2006,25.062
ury,sex_t,age_ythadult_y15_24,geo_cov_rur,2007,22.513
ury,sex_t,age_ythadult_y15_24,geo_cov_rur,2008,20.824
ury,sex_t,age_ythadult_y15_24,geo_cov_rur,2009,19.433
ury,sex_t,age_ythadult_y15_24,geo_cov_rur,2010,18.107
ury,sex_t,age_ythadult_y15_24,geo_cov_rur,2011,19.974
ury,sex_t,age_ythadult_y15_24,geo_cov_rur,2012,17.336
ury,sex_t,age_ythadult_y15_24,geo_cov_rur,2013,17.324
ury,sex_t,age_ythadult_y15_24,geo_cov_rur,2014,15.665
ury,sex_t,age_ythadult_y15_24,geo_cov_rur,2015,17.735
ury,sex_t,age_ythadult_y15_24,geo_cov_rur,2016,17.928
ury,sex_t,age_ythadult_y15_24,geo_cov_rur,2017,16.229
ury,sex_t,age_ythadult_y15_24,geo_cov_rur,2018,21.546
ury,sex_t,age_ythadult_y15_24,geo_cov_rur,2019,18.782
ury,sex_t,age_ythadult_y15_24,geo_cov_rur,2020,27.155
ury,sex_t,age_ythadult_y15_24,geo_cov_rur,2021,22.697
ury,sex_t,age_ythadult_y15_24,geo_cov_rur,2022,20.122
ury,sex_t,age_ythadult_y15_24,geo_cov_rur,2023,18.333
ury,sex_t,age_ythadult_y15_24,geo_cov_rur,2024,22.072
ury,sex_t,age_ythadult_y15_24,geo_cov_urb,2006,39.171
ury,sex_t,age_ythadult_y15_24,geo_cov_urb,2007,35.318
ury,sex_t,age_ythadult_y15_24,geo_cov_urb,2008,33.376
ury,sex_t,age_ythadult_y15_24,geo_cov_urb,2009,32.792
ury,sex_t,age_ythadult_y15_24,geo_cov_urb,2010,31.496
ury,sex_t,age_ythadult_y15_24,geo_cov_urb,2011,28.073
ury,sex_t,age_ythadult_y15_24,geo_cov_urb,2012,29.19
ury,sex_t,age_ythadult_y15_24,geo_cov_urb,2013,28.741
ury,sex_t,age_ythadult_y15_24,geo_cov_urb,2014,28.33
ury,sex_t,age_ythadult_y15_24,geo_cov_urb,2015,31.541
ury,sex_t,age_ythadult_y15_24,geo_cov_urb,2016,32.216
ury,sex_t,age_ythadult_y15_24,geo_cov_urb,2017,33.873
ury,sex_t,age_ythadult_y15_24,geo_cov_urb,2018,34.1
ury,sex_t,age_ythadult_y15_24,geo_cov_urb,2019,36.324
ury,sex_t,age_ythadult_y15_24,geo_cov_urb,2020,41.908
ury,sex_t,age_ythadult_y15_24,geo_cov_urb,2021,38.531
ury,sex_t,age_ythadult_y15_24,geo_cov_urb,2022,30.791
ury,sex_t,age_ythadult_y15_24,geo_cov_urb,2023,31.636
ury,sex_t,age_ythadult_y15_24,geo_cov_urb,2024,32.386
ury,sex_t,age_ythadult_y15_64,geo_cov_nat,2006,17.343
ury,sex_t,age_ythadult_y15_64,geo_cov_nat,2007,15.402
ury,sex_t,age_ythadult_y15_64,geo_cov_nat,2008,14.158
ury,sex_t,age_ythadult_y15_64,geo_cov_nat,2009,13.591
ury,sex_t,age_ythadult_y15_64,geo_cov_nat,2010,12.672
ury,sex_t,age_ythadult_y15_64,geo_cov_nat,2011,11.06
ury,sex_t,age_ythadult_y15_64,geo_cov_nat,2012,11.311
ury,sex_t,age_ythadult_y15_64,geo_cov_nat,2013,10.785
ury,sex_t,age_ythadult_y15_64,geo_cov_nat,2014,10.58
ury,sex_t,age_ythadult_y15_64,geo_cov_nat,2015,11.562
ury,sex_t,age_ythadult_y15_64,geo_cov_nat,2016,11.622
ury,sex_t,age_ythadult_y15_64,geo_cov_nat,2017,11.763
ury,sex_t,age_ythadult_y15_64,geo_cov_nat,2018,12.114
ury,sex_t,age_ythadult_y15_64,geo_cov_nat,2019,12.668
ury,sex_t,age_ythadult_y15_64,geo_cov_nat,2020,14.479
ury,sex_t,age_ythadult_y15_64,geo_cov_nat,2021,12.546
ury,sex_t,age_ythadult_y15_64,geo_cov_nat,2022,10.46
ury,sex_t,age_ythadult_y15_64,geo_cov_nat,2023,10.794
ury,sex_t,age_ythadult_y15_64,geo_cov_nat,2024,10.73
ury,sex_t,age_ythadult_y15_64,geo_cov_rur,2006,10.644
ury,sex_t,age_ythadult_y15_64,geo_cov_rur,2007,9.754
ury,sex_t,age_ythadult_y15_64,geo_cov_rur,2008,8.593
ury,sex_t,age_ythadult_y15_64,geo_cov_rur,2009,7.595
ury,sex_t,age_ythadult_y15_64,geo_cov_rur,2010,7.064
ury,sex_t,age_ythadult_y15_64,geo_cov_rur,2011,6.787
ury,sex_t,age_ythadult_y15_64,geo_cov_rur,2012,6.864
ury,sex_t,age_ythadult_y15_64,geo_cov_rur,2013,6.048
ury,sex_t,age_ythadult_y15_64,geo_cov_rur,2014,5.29
ury,sex_t,age_ythadult_y15_64,geo_cov_rur,2015,6.33
ury,sex_t,age_ythadult_y15_64,geo_cov_rur,2016,6.052
ury,sex_t,age_ythadult_y15_64,geo_cov_rur,2017,6.221
ury,sex_t,age_ythadult_y15_64,geo_cov_rur,2018,6.954
ury,sex_t,age_ythadult_y15_64,geo_cov_rur,2019,6.565
ury,sex_t,age_ythadult_y15_64,geo_cov_rur,2020,8.341
ury,sex_t,age_ythadult_y15_64,geo_cov_rur,2021,6.319
ury,sex_t,age_ythadult_y15_64,geo_cov_rur,2022,6.242
ury,sex_t,age_ythadult_y15_64,geo_cov_rur,2023,5.874
ury,sex_t,age_ythadult_y15_64,geo_cov_rur,2024,6.785
ury,sex_t,age_ythadult_y15_64,geo_cov_urb,2006,17.805
ury,sex_t,age_ythadult_y15_64,geo_cov_urb,2007,15.784
ury,sex_t,age_ythadult_y15_64,geo_cov_urb,2008,14.531
ury,sex_t,age_ythadult_y15_64,geo_cov_urb,2009,13.988
ury,sex_t,age_ythadult_y15_64,geo_cov_urb,2010,13.013
ury,sex_t,age_ythadult_y15_64,geo_cov_urb,2011,11.443
ury,sex_t,age_ythadult_y15_64,geo_cov_urb,2012,11.604
ury,sex_t,age_ythadult_y15_64,geo_cov_urb,2013,11.063
ury,sex_t,age_ythadult_y15_64,geo_cov_urb,2014,10.889
ury,sex_t,age_ythadult_y15_64,geo_cov_urb,2015,11.867
ury,sex_t,age_ythadult_y15_64,geo_cov_urb,2016,11.943
ury,sex_t,age_ythadult_y15_64,geo_cov_urb,2017,12.078
ury,sex_t,age_ythadult_y15_64,geo_cov_urb,2018,12.407
ury,sex_t,age_ythadult_y15_64,geo_cov_urb,2019,13.011
ury,sex_t,age_ythadult_y15_64,geo_cov_urb,2020,14.804
ury,sex_t,age_ythadult_y15_64,geo_cov_urb,2021,12.891
ury,sex_t,age_ythadult_y15_64,geo_cov_urb,2022,10.707
ury,sex_t,age_ythadult_y15_64,geo_cov_urb,2023,11.082
ury,sex_t,age_ythadult_y15_64,geo_cov_urb,2024,10.965
ury,sex_t,age_ythadult_yge15,geo_cov_nat,2006,17.475
ury,sex_t,age_ythadult_yge15,geo_cov_nat,2007,15.482
ury,sex_t,age_ythadult_yge15,geo_cov_nat,2008,14.346
ury,sex_t,age_ythadult_yge15,geo_cov_nat,2009,13.88
ury,sex_t,age_ythadult_yge15,geo_cov_nat,2010,12.983
ury,sex_t,age_ythadult_yge15,geo_cov_nat,2011,11.465
ury,sex_t,age_ythadult_yge15,geo_cov_nat,2012,11.598
ury,sex_t,age_ythadult_yge15,geo_cov_nat,2013,11.072
ury,sex_t,age_ythadult_yge15,geo_cov_nat,2014,10.742
ury,sex_t,age_ythadult_yge15,geo_cov_nat,2015,11.654
ury,sex_t,age_ythadult_yge15,geo_cov_nat,2016,11.7
ury,sex_t,age_ythadult_yge15,geo_cov_nat,2017,11.787
ury,sex_t,age_ythadult_yge15,geo_cov_nat,2018,12.139
ury,sex_t,age_ythadult_yge15,geo_cov_nat,2019,12.706
ury,sex_t,age_ythadult_yge15,geo_cov_nat,2020,14.403
ury,sex_t,age_ythadult_yge15,geo_cov_nat,2021,12.464
ury,sex_t,age_ythadult_yge15,geo_cov_nat,2022,10.405
ury,sex_t,age_ythadult_yge15,geo_cov_nat,2023,10.713
ury,sex_t,age_ythadult_yge15,geo_cov_nat,2024,10.668
ury,sex_t,age_ythadult_yge15,geo_cov_rur,2006,10.261
ury,sex_t,age_ythadult_yge15,geo_cov_rur,2007,9.3
ury,sex_t,age_ythadult_yge15,geo_cov_rur,2008,8.188
ury,sex_t,age_ythadult_yge15,geo_cov_rur,2009,7.206
ury,sex_t,age_ythadult_yge15,geo_cov_rur,2010,7.016
ury,sex_t,age_ythadult_yge15,geo_cov_rur,2011,6.587
ury,sex_t,age_ythadult_yge15,geo_cov_rur,2012,6.566
ury,sex_t,age_ythadult_yge15,geo_cov_rur,2013,5.849
ury,sex_t,age_ythadult_yge15,geo_cov_rur,2014,5.051
ury,sex_t,age_ythadult_yge15,geo_cov_rur,2015,6.073
ury,sex_t,age_ythadult_yge15,geo_cov_rur,2016,5.784
ury,sex_t,age_ythadult_yge15,geo_cov_rur,2017,5.966
ury,sex_t,age_ythadult_yge15,geo_cov_rur,2018,6.56
ury,sex_t,age_ythadult_yge15,geo_cov_rur,2019,6.261
ury,sex_t,age_ythadult_yge15,geo_cov_rur,2020,8.019
ury,sex_t,age_ythadult_yge15,geo_cov_rur,2021,6.069
ury,sex_t,age_ythadult_yge15,geo_cov_rur,2022,5.932
ury,sex_t,age_ythadult_yge15,geo_cov_rur,2023,5.57
ury,sex_t,age_ythadult_yge15,geo_cov_rur,2024,6.308
ury,sex_t,age_ythadult_yge15,geo_cov_urb,2006,17.986
ury,sex_t,age_ythadult_yge15,geo_cov_urb,2007,15.913
ury,sex_t,age_ythadult_yge15,geo_cov_urb,2008,14.775
ury,sex_t,age_ythadult_yge15,geo_cov_urb,2009,14.333
ury,sex_t,age_ythadult_yge15,geo_cov_urb,2010,13.36
ury,sex_t,age_ythadult_yge15,geo_cov_urb,2011,11.921
ury,sex_t,age_ythadult_yge15,geo_cov_urb,2012,11.943
ury,sex_t,age_ythadult_yge15,geo_cov_urb,2013,11.387
ury,sex_t,age_ythadult_yge15,geo_cov_urb,2014,11.083
ury,sex_t,age_ythadult_yge15,geo_cov_urb,2015,11.993
ury,sex_t,age_ythadult_yge15,geo_cov_urb,2016,12.051
ury,sex_t,age_ythadult_yge15,geo_cov_urb,2017,12.13
ury,sex_t,age_ythadult_yge15,geo_cov_urb,2018,12.467
ury,sex_t,age_ythadult_yge15,geo_cov_urb,2019,13.086
ury,sex_t,age_ythadult_yge15,geo_cov_urb,2020,14.756
ury,sex_t,age_ythadult_yge15,geo_cov_urb,2021,12.834
ury,sex_t,age_ythadult_yge15,geo_cov_urb,2022,10.679
ury,sex_t,age_ythadult_yge15,geo_cov_urb,2023,11.034
ury,sex_t,age_ythadult_yge15,geo_cov_urb,2024,10.938
ury,sex_t,age_ythadult_yge25,geo_cov_nat,2006,12.846
ury,sex_t,age_ythadult_yge25,geo_cov_nat,2007,11.345
ury,sex_t,age_ythadult_yge25,geo_cov_nat,2008,10.455
ury,sex_t,age_ythadult_yge25,geo_cov_nat,2009,10.019
ury,sex_t,age_ythadult_yge25,geo_cov_nat,2010,9.167
ury,sex_t,age_ythadult_yge25,geo_cov_nat,2011,8.157
ury,sex_t,age_ythadult_yge25,geo_cov_nat,2012,8.016
ury,sex_t,age_ythadult_yge25,geo_cov_nat,2013,7.512
ury,sex_t,age_ythadult_yge25,geo_cov_nat,2014,7.364
ury,sex_t,age_ythadult_yge25,geo_cov_nat,2015,7.805
ury,sex_t,age_ythadult_yge25,geo_cov_nat,2016,7.873
ury,sex_t,age_ythadult_yge25,geo_cov_nat,2017,7.746
ury,sex_t,age_ythadult_yge25,geo_cov_nat,2018,8.112
ury,sex_t,age_ythadult_yge25,geo_cov_nat,2019,8.46
ury,sex_t,age_ythadult_yge25,geo_cov_nat,2020,9.765
ury,sex_t,age_ythadult_yge25,geo_cov_nat,2021,8.319
ury,sex_t,age_ythadult_yge25,geo_cov_nat,2022,7.351
ury,sex_t,age_ythadult_yge25,geo_cov_nat,2023,7.611
ury,sex_t,age_ythadult_yge25,geo_cov_nat,2024,7.421
ury,sex_t,age_ythadult_yge25,geo_cov_rur,2006,7.561
ury,sex_t,age_ythadult_yge25,geo_cov_rur,2007,7.012
ury,sex_t,age_ythadult_yge25,geo_cov_rur,2008,6.022
ury,sex_t,age_ythadult_yge25,geo_cov_rur,2009,5.224
ury,sex_t,age_ythadult_yge25,geo_cov_rur,2010,5.275
ury,sex_t,age_ythadult_yge25,geo_cov_rur,2011,4.278
ury,sex_t,age_ythadult_yge25,geo_cov_rur,2012,4.695
ury,sex_t,age_ythadult_yge25,geo_cov_rur,2013,3.663
ury,sex_t,age_ythadult_yge25,geo_cov_rur,2014,3.176
ury,sex_t,age_ythadult_yge25,geo_cov_rur,2015,4.097
ury,sex_t,age_ythadult_yge25,geo_cov_rur,2016,3.634
ury,sex_t,age_ythadult_yge25,geo_cov_rur,2017,4.289
ury,sex_t,age_ythadult_yge25,geo_cov_rur,2018,4.07
ury,sex_t,age_ythadult_yge25,geo_cov_rur,2019,4.326
ury,sex_t,age_ythadult_yge25,geo_cov_rur,2020,5.104
ury,sex_t,age_ythadult_yge25,geo_cov_rur,2021,4.078
ury,sex_t,age_ythadult_yge25,geo_cov_rur,2022,4.225
ury,sex_t,age_ythadult_yge25,geo_cov_rur,2023,3.971
ury,sex_t,age_ythadult_yge25,geo_cov_rur,2024,4.236
ury,sex_t,age_ythadult_yge25,geo_cov_urb,2006,13.234
ury,sex_t,age_ythadult_yge25,geo_cov_urb,2007,11.659
ury,sex_t,age_ythadult_yge25,geo_cov_urb,2008,10.775
ury,sex_t,age_ythadult_yge25,geo_cov_urb,2009,10.359
ury,sex_t,age_ythadult_yge25,geo_cov_urb,2010,9.426
ury,sex_t,age_ythadult_yge25,geo_cov_urb,2011,8.531
ury,sex_t,age_ythadult_yge25,geo_cov_urb,2012,8.251
ury,sex_t,age_ythadult_yge25,geo_cov_urb,2013,7.748
ury,sex_t,age_ythadult_yge25,geo_cov_urb,2014,7.619
ury,sex_t,age_ythadult_yge25,geo_cov_urb,2015,8.036
ury,sex_t,age_ythadult_yge25,geo_cov_urb,2016,8.129
ury,sex_t,age_ythadult_yge25,geo_cov_urb,2017,7.955
ury,sex_t,age_ythadult_yge25,geo_cov_urb,2018,8.355
ury,sex_t,age_ythadult_yge25,geo_cov_urb,2019,8.712
ury,sex_t,age_ythadult_yge25,geo_cov_urb,2020,10.027
ury,sex_t,age_ythadult_yge25,geo_cov_urb,2021,8.575
ury,sex_t,age_ythadult_yge25,geo_cov_urb,2022,7.549
ury,sex_t,age_ythadult_yge25,geo_cov_urb,2023,7.844
ury,sex_t,age_ythadult_yge25,geo_cov_urb,2024,7.622
usa,sex_f,age_aggregate_total,geo_cov_nat,2005,6.175
usa,sex_f,age_aggregate_total,geo_cov_nat,2006,5.65
usa,sex_f,age_aggregate_total,geo_cov_nat,2007,5.447
usa,sex_f,age_aggregate_total,geo_cov_nat,2008,6.46
usa,sex_f,age_aggregate_total,geo_cov_nat,2009,9.305
usa,sex_f,age_aggregate_total,geo_cov_nat,2010,9.96
usa,sex_f,age_aggregate_total,geo_cov_nat,2011,9.852
usa,sex_f,age_aggregate_total,geo_cov_nat,2012,9.339
usa,sex_f,age_aggregate_total,geo_cov_nat,2013,8.451
usa,sex_f,age_aggregate_total,geo_cov_nat,2014,7.371
usa,sex_f,age_aggregate_total,geo_cov_nat,2015,6.376
usa,sex_f,age_aggregate_total,geo_cov_nat,2016,5.89
usa,sex_f,age_aggregate_total,geo_cov_nat,2017,5.296
usa,sex_f,age_aggregate_total,geo_cov_nat,2018,4.746
usa,sex_f,age_aggregate_total,geo_cov_nat,2019,4.463
usa,sex_f,age_aggregate_total,geo_cov_nat,2020,9.361
usa,sex_f,age_aggregate_total,geo_cov_nat,2021,6.224
usa,sex_f,age_aggregate_total,geo_cov_nat,2022,4.573
usa,sex_f,age_aggregate_total,geo_cov_nat,2023,4.358
usa,sex_f,age_aggregate_total,geo_cov_nat,2024,4.86
usa,sex_f,age_aggregate_total,geo_cov_nat,2025,5.197
usa,sex_f,age_aggregate_total,geo_cov_rur,2005,6.248
usa,sex_f,age_aggregate_total,geo_cov_rur,2006,5.733
usa,sex_f,age_aggregate_total,geo_cov_rur,2007,5.475
usa,sex_f,age_aggregate_total,geo_cov_rur,2008,6.084
usa,sex_f,age_aggregate_total,geo_cov_rur,2009,8.31
usa,sex_f,age_aggregate_total,geo_cov_rur,2010,9.236
usa,sex_f,age_aggregate_total,geo_cov_rur,2011,8.888
usa,sex_f,age_aggregate_total,geo_cov_rur,2012,8.702
usa,sex_f,age_aggregate_total,geo_cov_rur,2013,8.416
usa,sex_f,age_aggregate_total,geo_cov_rur,2014,7.244
usa,sex_f,age_aggregate_total,geo_cov_rur,2015,6.555
usa,sex_f,age_aggregate_total,geo_cov_rur,2016,6.14
usa,sex_f,age_aggregate_total,geo_cov_rur,2017,5.385
usa,sex_f,age_aggregate_total,geo_cov_rur,2018,4.885
usa,sex_f,age_aggregate_total,geo_cov_rur,2019,4.666
usa,sex_f,age_aggregate_total,geo_cov_rur,2020,7.509
usa,sex_f,age_aggregate_total,geo_cov_rur,2021,5.057
usa,sex_f,age_aggregate_total,geo_cov_rur,2022,4.268
usa,sex_f,age_aggregate_total,geo_cov_rur,2023,4.16
usa,sex_f,age_aggregate_total,geo_cov_rur,2024,4.335
usa,sex_f,age_aggregate_total,geo_cov_rur,2025,4.692
usa,sex_f,age_aggregate_total,geo_cov_urb,2005,6.157
usa,sex_f,age_aggregate_total,geo_cov_urb,2006,5.631
usa,sex_f,age_aggregate_total,geo_cov_urb,2007,5.441
usa,sex_f,age_aggregate_total,geo_cov_urb,2008,6.546
usa,sex_f,age_aggregate_total,geo_cov_urb,2009,9.534
usa,sex_f,age_aggregate_total,geo_cov_urb,2010,10.126
usa,sex_f,age_aggregate_total,geo_cov_urb,2011,10.068
usa,sex_f,age_aggregate_total,geo_cov_urb,2012,9.478
usa,sex_f,age_aggregate_total,geo_cov_urb,2013,8.459
usa,sex_f,age_aggregate_total,geo_cov_urb,2014,7.398
usa,sex_f,age_aggregate_total,geo_cov_urb,2015,6.341
usa,sex_f,age_aggregate_total,geo_cov_urb,2016,5.841
usa,sex_f,age_aggregate_total,geo_cov_urb,2017,5.279
usa,sex_f,age_aggregate_total,geo_cov_urb,2018,4.72
usa,sex_f,age_aggregate_total,geo_cov_urb,2019,4.425
usa,sex_f,age_aggregate_total,geo_cov_urb,2020,9.707
usa,sex_f,age_aggregate_total,geo_cov_urb,2021,6.437
usa,sex_f,age_aggregate_total,geo_cov_urb,2022,4.628
usa,sex_f,age_aggregate_total,geo_cov_urb,2023,4.393
usa,sex_f,age_aggregate_total,geo_cov_urb,2024,4.957
usa,sex_f,age_aggregate_total,geo_cov_urb,2025,5.291
usa,sex_f,age_aggregate_y15_24,geo_cov_nat,2005,12.558
usa,sex_f,age_aggregate_y15_24,geo_cov_nat,2006,12.143
usa,sex_f,age_aggregate_y15_24,geo_cov_nat,2007,11.623
usa,sex_f,age_aggregate_y15_24,geo_cov_nat,2008,13.588
usa,sex_f,age_aggregate_y15_24,geo_cov_nat,2009,17.572
usa,sex_f,age_aggregate_y15_24,geo_cov_nat,2010,18.777
usa,sex_f,age_aggregate_y15_24,geo_cov_nat,2011,18.513
usa,sex_f,age_aggregate_y15_24,geo_cov_nat,2012,17.718
usa,sex_f,age_aggregate_y15_24,geo_cov_nat,2013,16.8
usa,sex_f,age_aggregate_y15_24,geo_cov_nat,2014,14.906
usa,sex_f,age_aggregate_y15_24,geo_cov_nat,2015,12.806
usa,sex_f,age_aggregate_y15_24,geo_cov_nat,2016,11.621
usa,sex_f,age_aggregate_y15_24,geo_cov_nat,2017,10.134
usa,sex_f,age_aggregate_y15_24,geo_cov_nat,2018,9.646
usa,sex_f,age_aggregate_y15_24,geo_cov_nat,2019,9.289
usa,sex_f,age_aggregate_y15_24,geo_cov_nat,2020,16.901
usa,sex_f,age_aggregate_y15_24,geo_cov_nat,2021,10.744
usa,sex_f,age_aggregate_y15_24,geo_cov_nat,2022,9.418
usa,sex_f,age_aggregate_y15_24,geo_cov_nat,2023,9.113
usa,sex_f,age_aggregate_y15_24,geo_cov_nat,2024,10.195
usa,sex_f,age_aggregate_y15_24,geo_cov_nat,2025,11.49
usa,sex_f,age_aggregate_y15_24,geo_cov_rur,2005,14.056
usa,sex_f,age_aggregate_y15_24,geo_cov_rur,2006,13.101
usa,sex_f,age_aggregate_y15_24,geo_cov_rur,2007,12.53
usa,sex_f,age_aggregate_y15_24,geo_cov_rur,2008,13.583
usa,sex_f,age_aggregate_y15_24,geo_cov_rur,2009,16.858
usa,sex_f,age_aggregate_y15_24,geo_cov_rur,2010,19.153
usa,sex_f,age_aggregate_y15_24,geo_cov_rur,2011,17.997
usa,sex_f,age_aggregate_y15_24,geo_cov_rur,2012,17.642
usa,sex_f,age_aggregate_y15_24,geo_cov_rur,2013,18.673
usa,sex_f,age_aggregate_y15_24,geo_cov_rur,2014,15.857
usa,sex_f,age_aggregate_y15_24,geo_cov_rur,2015,14.024
usa,sex_f,age_aggregate_y15_24,geo_cov_rur,2016,12.803
usa,sex_f,age_aggregate_y15_24,geo_cov_rur,2017,10.02
usa,sex_f,age_aggregate_y15_24,geo_cov_rur,2018,10.107
usa,sex_f,age_aggregate_y15_24,geo_cov_rur,2019,9.239
usa,sex_f,age_aggregate_y15_24,geo_cov_rur,2020,14.413
usa,sex_f,age_aggregate_y15_24,geo_cov_rur,2021,9.154
usa,sex_f,age_aggregate_y15_24,geo_cov_rur,2022,9.015
usa,sex_f,age_aggregate_y15_24,geo_cov_rur,2023,8.687
usa,sex_f,age_aggregate_y15_24,geo_cov_rur,2024,9.5
usa,sex_f,age_aggregate_y15_24,geo_cov_rur,2025,10.272
usa,sex_f,age_aggregate_y15_24,geo_cov_urb,2005,12.197
usa,sex_f,age_aggregate_y15_24,geo_cov_urb,2006,11.916
usa,sex_f,age_aggregate_y15_24,geo_cov_urb,2007,11.405
usa,sex_f,age_aggregate_y15_24,geo_cov_urb,2008,13.589
usa,sex_f,age_aggregate_y15_24,geo_cov_urb,2009,17.742
usa,sex_f,age_aggregate_y15_24,geo_cov_urb,2010,18.685
usa,sex_f,age_aggregate_y15_24,geo_cov_urb,2011,18.633
usa,sex_f,age_aggregate_y15_24,geo_cov_urb,2012,17.735
usa,sex_f,age_aggregate_y15_24,geo_cov_urb,2013,16.385
usa,sex_f,age_aggregate_y15_24,geo_cov_urb,2014,14.695
usa,sex_f,age_aggregate_y15_24,geo_cov_urb,2015,12.55
usa,sex_f,age_aggregate_y15_24,geo_cov_urb,2016,11.383
usa,sex_f,age_aggregate_y15_24,geo_cov_urb,2017,10.158
usa,sex_f,age_aggregate_y15_24,geo_cov_urb,2018,9.554
usa,sex_f,age_aggregate_y15_24,geo_cov_urb,2019,9.298
usa,sex_f,age_aggregate_y15_24,geo_cov_urb,2020,17.381
usa,sex_f,age_aggregate_y15_24,geo_cov_urb,2021,11.05
usa,sex_f,age_aggregate_y15_24,geo_cov_urb,2022,9.499
usa,sex_f,age_aggregate_y15_24,geo_cov_urb,2023,9.194
usa,sex_f,age_aggregate_y15_24,geo_cov_urb,2024,10.338
usa,sex_f,age_aggregate_y15_24,geo_cov_urb,2025,11.744
usa,sex_f,age_aggregate_y25_54,geo_cov_nat,2005,5.175
usa,sex_f,age_aggregate_y25_54,geo_cov_nat,2006,4.664
usa,sex_f,age_aggregate_y25_54,geo_cov_nat,2007,4.519
usa,sex_f,age_aggregate_y25_54,geo_cov_nat,2008,5.403
usa,sex_f,age_aggregate_y25_54,geo_cov_nat,2009,8.123
usa,sex_f,age_aggregate_y25_54,geo_cov_nat,2010,8.819
usa,sex_f,age_aggregate_y25_54,geo_cov_nat,2011,8.713
usa,sex_f,age_aggregate_y25_54,geo_cov_nat,2012,8.216
usa,sex_f,age_aggregate_y25_54,geo_cov_nat,2013,7.34
usa,sex_f,age_aggregate_y25_54,geo_cov_nat,2014,6.33
usa,sex_f,age_aggregate_y25_54,geo_cov_nat,2015,5.512
usa,sex_f,age_aggregate_y25_54,geo_cov_nat,2016,5.136
usa,sex_f,age_aggregate_y25_54,geo_cov_nat,2017,4.638
usa,sex_f,age_aggregate_y25_54,geo_cov_nat,2018,4.075
usa,sex_f,age_aggregate_y25_54,geo_cov_nat,2019,3.768
usa,sex_f,age_aggregate_y25_54,geo_cov_nat,2020,8.163
usa,sex_f,age_aggregate_y25_54,geo_cov_nat,2021,5.651
usa,sex_f,age_aggregate_y25_54,geo_cov_nat,2022,3.932
usa,sex_f,age_aggregate_y25_54,geo_cov_nat,2023,3.687
usa,sex_f,age_aggregate_y25_54,geo_cov_nat,2024,4.177
usa,sex_f,age_aggregate_y25_54,geo_cov_nat,2025,4.347
usa,sex_f,age_aggregate_y25_54,geo_cov_rur,2005,5.033
usa,sex_f,age_aggregate_y25_54,geo_cov_rur,2006,4.618
usa,sex_f,age_aggregate_y25_54,geo_cov_rur,2007,4.426
usa,sex_f,age_aggregate_y25_54,geo_cov_rur,2008,5.059
usa,sex_f,age_aggregate_y25_54,geo_cov_rur,2009,7.149
usa,sex_f,age_aggregate_y25_54,geo_cov_rur,2010,8.114
usa,sex_f,age_aggregate_y25_54,geo_cov_rur,2011,7.898
usa,sex_f,age_aggregate_y25_54,geo_cov_rur,2012,7.599
usa,sex_f,age_aggregate_y25_54,geo_cov_rur,2013,7.064
usa,sex_f,age_aggregate_y25_54,geo_cov_rur,2014,6.21
usa,sex_f,age_aggregate_y25_54,geo_cov_rur,2015,5.593
usa,sex_f,age_aggregate_y25_54,geo_cov_rur,2016,5.478
usa,sex_f,age_aggregate_y25_54,geo_cov_rur,2017,4.971
usa,sex_f,age_aggregate_y25_54,geo_cov_rur,2018,4.302
usa,sex_f,age_aggregate_y25_54,geo_cov_rur,2019,4.279
usa,sex_f,age_aggregate_y25_54,geo_cov_rur,2020,6.465
usa,sex_f,age_aggregate_y25_54,geo_cov_rur,2021,4.737
usa,sex_f,age_aggregate_y25_54,geo_cov_rur,2022,3.575
usa,sex_f,age_aggregate_y25_54,geo_cov_rur,2023,3.666
usa,sex_f,age_aggregate_y25_54,geo_cov_rur,2024,3.832
usa,sex_f,age_aggregate_y25_54,geo_cov_rur,2025,3.995
usa,sex_f,age_aggregate_y25_54,geo_cov_urb,2005,5.208
usa,sex_f,age_aggregate_y25_54,geo_cov_urb,2006,4.674
usa,sex_f,age_aggregate_y25_54,geo_cov_urb,2007,4.54
usa,sex_f,age_aggregate_y25_54,geo_cov_urb,2008,5.478
usa,sex_f,age_aggregate_y25_54,geo_cov_urb,2009,8.338
usa,sex_f,age_aggregate_y25_54,geo_cov_urb,2010,8.974
usa,sex_f,age_aggregate_y25_54,geo_cov_urb,2011,8.886
usa,sex_f,age_aggregate_y25_54,geo_cov_urb,2012,8.343
usa,sex_f,age_aggregate_y25_54,geo_cov_urb,2013,7.396
usa,sex_f,age_aggregate_y25_54,geo_cov_urb,2014,6.354
usa,sex_f,age_aggregate_y25_54,geo_cov_urb,2015,5.496
usa,sex_f,age_aggregate_y25_54,geo_cov_urb,2016,5.072
usa,sex_f,age_aggregate_y25_54,geo_cov_urb,2017,4.579
usa,sex_f,age_aggregate_y25_54,geo_cov_urb,2018,4.035
usa,sex_f,age_aggregate_y25_54,geo_cov_urb,2019,3.678
usa,sex_f,age_aggregate_y25_54,geo_cov_urb,2020,8.459
usa,sex_f,age_aggregate_y25_54,geo_cov_urb,2021,5.806
usa,sex_f,age_aggregate_y25_54,geo_cov_urb,2022,3.992
usa,sex_f,age_aggregate_y25_54,geo_cov_urb,2023,3.691
usa,sex_f,age_aggregate_y25_54,geo_cov_urb,2024,4.237
usa,sex_f,age_aggregate_y25_54,geo_cov_urb,2025,4.408
usa,sex_f,age_aggregate_y55_64,geo_cov_nat,2005,4.032
usa,sex_f,age_aggregate_y55_64,geo_cov_nat,2006,3.528
usa,sex_f,age_aggregate_y55_64,geo_cov_nat,2007,3.565
usa,sex_f,age_aggregate_y55_64,geo_cov_nat,2008,4.324
usa,sex_f,age_aggregate_y55_64,geo_cov_nat,2009,6.932
usa,sex_f,age_aggregate_y55_64,geo_cov_nat,2010,7.203
usa,sex_f,age_aggregate_y55_64,geo_cov_nat,2011,7.153
usa,sex_f,age_aggregate_y55_64,geo_cov_nat,2012,6.646
usa,sex_f,age_aggregate_y55_64,geo_cov_nat,2013,5.898
usa,sex_f,age_aggregate_y55_64,geo_cov_nat,2014,5.121
usa,sex_f,age_aggregate_y55_64,geo_cov_nat,2015,4.537
usa,sex_f,age_aggregate_y55_64,geo_cov_nat,2016,4.09
usa,sex_f,age_aggregate_y55_64,geo_cov_nat,2017,3.782
usa,sex_f,age_aggregate_y55_64,geo_cov_nat,2018,3.29
usa,sex_f,age_aggregate_y55_64,geo_cov_nat,2019,3.237
usa,sex_f,age_aggregate_y55_64,geo_cov_nat,2020,7.896
usa,sex_f,age_aggregate_y55_64,geo_cov_nat,2021,4.916
usa,sex_f,age_aggregate_y55_64,geo_cov_nat,2022,3.188
usa,sex_f,age_aggregate_y55_64,geo_cov_nat,2023,2.959
usa,sex_f,age_aggregate_y55_64,geo_cov_nat,2024,3.235
usa,sex_f,age_aggregate_y55_64,geo_cov_nat,2025,3.475
usa,sex_f,age_aggregate_y55_64,geo_cov_rur,2005,4.05
usa,sex_f,age_aggregate_y55_64,geo_cov_rur,2006,3.444
usa,sex_f,age_aggregate_y55_64,geo_cov_rur,2007,3.086
usa,sex_f,age_aggregate_y55_64,geo_cov_rur,2008,3.244
usa,sex_f,age_aggregate_y55_64,geo_cov_rur,2009,5.586
usa,sex_f,age_aggregate_y55_64,geo_cov_rur,2010,5.663
usa,sex_f,age_aggregate_y55_64,geo_cov_rur,2011,5.785
usa,sex_f,age_aggregate_y55_64,geo_cov_rur,2012,5.691
usa,sex_f,age_aggregate_y55_64,geo_cov_rur,2013,5.154
usa,sex_f,age_aggregate_y55_64,geo_cov_rur,2014,3.955
usa,sex_f,age_aggregate_y55_64,geo_cov_rur,2015,4.043
usa,sex_f,age_aggregate_y55_64,geo_cov_rur,2016,3.579
usa,sex_f,age_aggregate_y55_64,geo_cov_rur,2017,3.298
usa,sex_f,age_aggregate_y55_64,geo_cov_rur,2018,2.956
usa,sex_f,age_aggregate_y55_64,geo_cov_rur,2019,3.023
usa,sex_f,age_aggregate_y55_64,geo_cov_rur,2020,6.053
usa,sex_f,age_aggregate_y55_64,geo_cov_rur,2021,3.463
usa,sex_f,age_aggregate_y55_64,geo_cov_rur,2022,3.054
usa,sex_f,age_aggregate_y55_64,geo_cov_rur,2023,2.298
usa,sex_f,age_aggregate_y55_64,geo_cov_rur,2024,2.094
usa,sex_f,age_aggregate_y55_64,geo_cov_rur,2025,2.962
usa,sex_f,age_aggregate_y55_64,geo_cov_urb,2005,4.027
usa,sex_f,age_aggregate_y55_64,geo_cov_urb,2006,3.55
usa,sex_f,age_aggregate_y55_64,geo_cov_urb,2007,3.689
usa,sex_f,age_aggregate_y55_64,geo_cov_urb,2008,4.595
usa,sex_f,age_aggregate_y55_64,geo_cov_urb,2009,7.267
usa,sex_f,age_aggregate_y55_64,geo_cov_urb,2010,7.584
usa,sex_f,age_aggregate_y55_64,geo_cov_urb,2011,7.497
usa,sex_f,age_aggregate_y55_64,geo_cov_urb,2012,6.88
usa,sex_f,age_aggregate_y55_64,geo_cov_urb,2013,6.076
usa,sex_f,age_aggregate_y55_64,geo_cov_urb,2014,5.399
usa,sex_f,age_aggregate_y55_64,geo_cov_urb,2015,4.649
usa,sex_f,age_aggregate_y55_64,geo_cov_urb,2016,4.206
usa,sex_f,age_aggregate_y55_64,geo_cov_urb,2017,3.889
usa,sex_f,age_aggregate_y55_64,geo_cov_urb,2018,3.363
usa,sex_f,age_aggregate_y55_64,geo_cov_urb,2019,3.282
usa,sex_f,age_aggregate_y55_64,geo_cov_urb,2020,8.284
usa,sex_f,age_aggregate_y55_64,geo_cov_urb,2021,5.216
usa,sex_f,age_aggregate_y55_64,geo_cov_urb,2022,3.216
usa,sex_f,age_aggregate_y55_64,geo_cov_urb,2023,3.091
usa,sex_f,age_aggregate_y55_64,geo_cov_urb,2024,3.463
usa,sex_f,age_aggregate_y55_64,geo_cov_urb,2025,3.578
usa,sex_f,age_aggregate_yge65,geo_cov_nat,2005,5
usa,sex_f,age_aggregate_yge65,geo_cov_nat,2006,4.436
usa,sex_f,age_aggregate_yge65,geo_cov_nat,2007,4.121
usa,sex_f,age_aggregate_yge65,geo_cov_nat,2008,5.254
usa,sex_f,age_aggregate_yge65,geo_cov_nat,2009,7.738
usa,sex_f,age_aggregate_yge65,geo_cov_nat,2010,8.004
usa,sex_f,age_aggregate_yge65,geo_cov_nat,2011,8.568
usa,sex_f,age_aggregate_yge65,geo_cov_nat,2012,8.452
usa,sex_f,age_aggregate_yge65,geo_cov_nat,2013,6.975
usa,sex_f,age_aggregate_yge65,geo_cov_nat,2014,6.57
usa,sex_f,age_aggregate_yge65,geo_cov_nat,2015,5.34
usa,sex_f,age_aggregate_yge65,geo_cov_nat,2016,5.57
usa,sex_f,age_aggregate_yge65,geo_cov_nat,2017,5.381
usa,sex_f,age_aggregate_yge65,geo_cov_nat,2018,4.753
usa,sex_f,age_aggregate_yge65,geo_cov_nat,2019,4.28
usa,sex_f,age_aggregate_yge65,geo_cov_nat,2020,9.419
usa,sex_f,age_aggregate_yge65,geo_cov_nat,2021,5.805
usa,sex_f,age_aggregate_yge65,geo_cov_nat,2022,4.245
usa,sex_f,age_aggregate_yge65,geo_cov_nat,2023,4.038
usa,sex_f,age_aggregate_yge65,geo_cov_nat,2024,4.322
usa,sex_f,age_aggregate_yge65,geo_cov_nat,2025,4.536
usa,sex_f,age_aggregate_yge65,geo_cov_rur,2005,3.731
usa,sex_f,age_aggregate_yge65,geo_cov_rur,2006,4.02
usa,sex_f,age_aggregate_yge65,geo_cov_rur,2007,4.289
usa,sex_f,age_aggregate_yge65,geo_cov_rur,2008,4.748
usa,sex_f,age_aggregate_yge65,geo_cov_rur,2009,6.215
usa,sex_f,age_aggregate_yge65,geo_cov_rur,2010,5.445
usa,sex_f,age_aggregate_yge65,geo_cov_rur,2011,5.516
usa,sex_f,age_aggregate_yge65,geo_cov_rur,2012,6.472
usa,sex_f,age_aggregate_yge65,geo_cov_rur,2013,6.6
usa,sex_f,age_aggregate_yge65,geo_cov_rur,2014,6.343
usa,sex_f,age_aggregate_yge65,geo_cov_rur,2015,5.66
usa,sex_f,age_aggregate_yge65,geo_cov_rur,2016,5.088
usa,sex_f,age_aggregate_yge65,geo_cov_rur,2017,5.006
usa,sex_f,age_aggregate_yge65,geo_cov_rur,2018,4.399
usa,sex_f,age_aggregate_yge65,geo_cov_rur,2019,3.104
usa,sex_f,age_aggregate_yge65,geo_cov_rur,2020,6.906
usa,sex_f,age_aggregate_yge65,geo_cov_rur,2021,3.892
usa,sex_f,age_aggregate_yge65,geo_cov_rur,2022,3.298
usa,sex_f,age_aggregate_yge65,geo_cov_rur,2023,3.514
usa,sex_f,age_aggregate_yge65,geo_cov_rur,2024,3.196
usa,sex_f,age_aggregate_yge65,geo_cov_rur,2025,3.125
usa,sex_f,age_aggregate_yge65,geo_cov_urb,2005,5.377
usa,sex_f,age_aggregate_yge65,geo_cov_urb,2006,4.559
usa,sex_f,age_aggregate_yge65,geo_cov_urb,2007,4.074
usa,sex_f,age_aggregate_yge65,geo_cov_urb,2008,5.389
usa,sex_f,age_aggregate_yge65,geo_cov_urb,2009,8.162
usa,sex_f,age_aggregate_yge65,geo_cov_urb,2010,8.739
usa,sex_f,age_aggregate_yge65,geo_cov_urb,2011,9.386
usa,sex_f,age_aggregate_yge65,geo_cov_urb,2012,8.977
usa,sex_f,age_aggregate_yge65,geo_cov_urb,2013,7.072
usa,sex_f,age_aggregate_yge65,geo_cov_urb,2014,6.627
usa,sex_f,age_aggregate_yge65,geo_cov_urb,2015,5.262
usa,sex_f,age_aggregate_yge65,geo_cov_urb,2016,5.684
usa,sex_f,age_aggregate_yge65,geo_cov_urb,2017,5.467
usa,sex_f,age_aggregate_yge65,geo_cov_urb,2018,4.836
usa,sex_f,age_aggregate_yge65,geo_cov_urb,2019,4.545
usa,sex_f,age_aggregate_yge65,geo_cov_urb,2020,10.024
usa,sex_f,age_aggregate_yge65,geo_cov_urb,2021,6.252
usa,sex_f,age_aggregate_yge65,geo_cov_urb,2022,4.448
usa,sex_f,age_aggregate_yge65,geo_cov_urb,2023,4.149
usa,sex_f,age_aggregate_yge65,geo_cov_urb,2024,4.572
usa,sex_f,age_aggregate_yge65,geo_cov_urb,2025,4.868
usa,sex_f,age_ythadult_y15_24,geo_cov_nat,2005,12.558
usa,sex_f,age_ythadult_y15_24,geo_cov_nat,2006,12.143
usa,sex_f,age_ythadult_y15_24,geo_cov_nat,2007,11.623
usa,sex_f,age_ythadult_y15_24,geo_cov_nat,2008,13.588
usa,sex_f,age_ythadult_y15_24,geo_cov_nat,2009,17.572
usa,sex_f,age_ythadult_y15_24,geo_cov_nat,2010,18.777
usa,sex_f,age_ythadult_y15_24,geo_cov_nat,2011,18.513
usa,sex_f,age_ythadult_y15_24,geo_cov_nat,2012,17.718
usa,sex_f,age_ythadult_y15_24,geo_cov_nat,2013,16.8
usa,sex_f,age_ythadult_y15_24,geo_cov_nat,2014,14.906
usa,sex_f,age_ythadult_y15_24,geo_cov_nat,2015,12.806
usa,sex_f,age_ythadult_y15_24,geo_cov_nat,2016,11.621
usa,sex_f,age_ythadult_y15_24,geo_cov_nat,2017,10.134
usa,sex_f,age_ythadult_y15_24,geo_cov_nat,2018,9.646
usa,sex_f,age_ythadult_y15_24,geo_cov_nat,2019,9.289
usa,sex_f,age_ythadult_y15_24,geo_cov_nat,2020,16.901
usa,sex_f,age_ythadult_y15_24,geo_cov_nat,2021,10.744
usa,sex_f,age_ythadult_y15_24,geo_cov_nat,2022,9.418
usa,sex_f,age_ythadult_y15_24,geo_cov_nat,2023,9.113
usa,sex_f,age_ythadult_y15_24,geo_cov_nat,2024,10.195
usa,sex_f,age_ythadult_y15_24,geo_cov_nat,2025,11.49
usa,sex_f,age_ythadult_y15_24,geo_cov_rur,2005,14.056
usa,sex_f,age_ythadult_y15_24,geo_cov_rur,2006,13.101
usa,sex_f,age_ythadult_y15_24,geo_cov_rur,2007,12.53
usa,sex_f,age_ythadult_y15_24,geo_cov_rur,2008,13.583
usa,sex_f,age_ythadult_y15_24,geo_cov_rur,2009,16.858
usa,sex_f,age_ythadult_y15_24,geo_cov_rur,2010,19.153
usa,sex_f,age_ythadult_y15_24,geo_cov_rur,2011,17.997
usa,sex_f,age_ythadult_y15_24,geo_cov_rur,2012,17.642
usa,sex_f,age_ythadult_y15_24,geo_cov_rur,2013,18.673
usa,sex_f,age_ythadult_y15_24,geo_cov_rur,2014,15.857
usa,sex_f,age_ythadult_y15_24,geo_cov_rur,2015,14.024
usa,sex_f,age_ythadult_y15_24,geo_cov_rur,2016,12.803
usa,sex_f,age_ythadult_y15_24,geo_cov_rur,2017,10.02
usa,sex_f,age_ythadult_y15_24,geo_cov_rur,2018,10.107
usa,sex_f,age_ythadult_y15_24,geo_cov_rur,2019,9.239
usa,sex_f,age_ythadult_y15_24,geo_cov_rur,2020,14.413
usa,sex_f,age_ythadult_y15_24,geo_cov_rur,2021,9.154
usa,sex_f,age_ythadult_y15_24,geo_cov_rur,2022,9.015
usa,sex_f,age_ythadult_y15_24,geo_cov_rur,2023,8.687
usa,sex_f,age_ythadult_y15_24,geo_cov_rur,2024,9.5
usa,sex_f,age_ythadult_y15_24,geo_cov_rur,2025,10.272
usa,sex_f,age_ythadult_y15_24,geo_cov_urb,2005,12.197
usa,sex_f,age_ythadult_y15_24,geo_cov_urb,2006,11.916
usa,sex_f,age_ythadult_y15_24,geo_cov_urb,2007,11.405
usa,sex_f,age_ythadult_y15_24,geo_cov_urb,2008,13.589
usa,sex_f,age_ythadult_y15_24,geo_cov_urb,2009,17.742
usa,sex_f,age_ythadult_y15_24,geo_cov_urb,2010,18.685
usa,sex_f,age_ythadult_y15_24,geo_cov_urb,2011,18.633
usa,sex_f,age_ythadult_y15_24,geo_cov_urb,2012,17.735
usa,sex_f,age_ythadult_y15_24,geo_cov_urb,2013,16.385
usa,sex_f,age_ythadult_y15_24,geo_cov_urb,2014,14.695
usa,sex_f,age_ythadult_y15_24,geo_cov_urb,2015,12.55
usa,sex_f,age_ythadult_y15_24,geo_cov_urb,2016,11.383
usa,sex_f,age_ythadult_y15_24,geo_cov_urb,2017,10.158
usa,sex_f,age_ythadult_y15_24,geo_cov_urb,2018,9.554
usa,sex_f,age_ythadult_y15_24,geo_cov_urb,2019,9.298
usa,sex_f,age_ythadult_y15_24,geo_cov_urb,2020,17.381
usa,sex_f,age_ythadult_y15_24,geo_cov_urb,2021,11.05
usa,sex_f,age_ythadult_y15_24,geo_cov_urb,2022,9.499
usa,sex_f,age_ythadult_y15_24,geo_cov_urb,2023,9.194
usa,sex_f,age_ythadult_y15_24,geo_cov_urb,2024,10.338
usa,sex_f,age_ythadult_y15_24,geo_cov_urb,2025,11.744
usa,sex_f,age_ythadult_y15_64,geo_cov_nat,2005,6.216
usa,sex_f,age_ythadult_y15_64,geo_cov_nat,2006,5.693
usa,sex_f,age_ythadult_y15_64,geo_cov_nat,2007,5.498
usa,sex_f,age_ythadult_y15_64,geo_cov_nat,2008,6.509
usa,sex_f,age_ythadult_y15_64,geo_cov_nat,2009,9.372
usa,sex_f,age_ythadult_y15_64,geo_cov_nat,2010,10.046
usa,sex_f,age_ythadult_y15_64,geo_cov_nat,2011,9.911
usa,sex_f,age_ythadult_y15_64,geo_cov_nat,2012,9.383
usa,sex_f,age_ythadult_y15_64,geo_cov_nat,2013,8.529
usa,sex_f,age_ythadult_y15_64,geo_cov_nat,2014,7.415
usa,sex_f,age_ythadult_y15_64,geo_cov_nat,2015,6.436
usa,sex_f,age_ythadult_y15_64,geo_cov_nat,2016,5.909
usa,sex_f,age_ythadult_y15_64,geo_cov_nat,2017,5.291
usa,sex_f,age_ythadult_y15_64,geo_cov_nat,2018,4.746
usa,sex_f,age_ythadult_y15_64,geo_cov_nat,2019,4.475
usa,sex_f,age_ythadult_y15_64,geo_cov_nat,2020,9.357
usa,sex_f,age_ythadult_y15_64,geo_cov_nat,2021,6.252
usa,sex_f,age_ythadult_y15_64,geo_cov_nat,2022,4.594
usa,sex_f,age_ythadult_y15_64,geo_cov_nat,2023,4.38
usa,sex_f,age_ythadult_y15_64,geo_cov_nat,2024,4.899
usa,sex_f,age_ythadult_y15_64,geo_cov_nat,2025,5.244
usa,sex_f,age_ythadult_y15_64,geo_cov_rur,2005,6.351
usa,sex_f,age_ythadult_y15_64,geo_cov_rur,2006,5.807
usa,sex_f,age_ythadult_y15_64,geo_cov_rur,2007,5.529
usa,sex_f,age_ythadult_y15_64,geo_cov_rur,2008,6.146
usa,sex_f,age_ythadult_y15_64,geo_cov_rur,2009,8.415
usa,sex_f,age_ythadult_y15_64,geo_cov_rur,2010,9.437
usa,sex_f,age_ythadult_y15_64,geo_cov_rur,2011,9.068
usa,sex_f,age_ythadult_y15_64,geo_cov_rur,2012,8.832
usa,sex_f,age_ythadult_y15_64,geo_cov_rur,2013,8.528
usa,sex_f,age_ythadult_y15_64,geo_cov_rur,2014,7.301
usa,sex_f,age_ythadult_y15_64,geo_cov_rur,2015,6.615
usa,sex_f,age_ythadult_y15_64,geo_cov_rur,2016,6.214
usa,sex_f,age_ythadult_y15_64,geo_cov_rur,2017,5.412
usa,sex_f,age_ythadult_y15_64,geo_cov_rur,2018,4.922
usa,sex_f,age_ythadult_y15_64,geo_cov_rur,2019,4.789
usa,sex_f,age_ythadult_y15_64,geo_cov_rur,2020,7.56
usa,sex_f,age_ythadult_y15_64,geo_cov_rur,2021,5.153
usa,sex_f,age_ythadult_y15_64,geo_cov_rur,2022,4.343
usa,sex_f,age_ythadult_y15_64,geo_cov_rur,2023,4.212
usa,sex_f,age_ythadult_y15_64,geo_cov_rur,2024,4.431
usa,sex_f,age_ythadult_y15_64,geo_cov_rur,2025,4.827
usa,sex_f,age_ythadult_y15_64,geo_cov_urb,2005,6.183
usa,sex_f,age_ythadult_y15_64,geo_cov_urb,2006,5.667
usa,sex_f,age_ythadult_y15_64,geo_cov_urb,2007,5.491
usa,sex_f,age_ythadult_y15_64,geo_cov_urb,2008,6.591
usa,sex_f,age_ythadult_y15_64,geo_cov_urb,2009,9.59
usa,sex_f,age_ythadult_y15_64,geo_cov_urb,2010,10.184
usa,sex_f,age_ythadult_y15_64,geo_cov_urb,2011,10.098
usa,sex_f,age_ythadult_y15_64,geo_cov_urb,2012,9.502
usa,sex_f,age_ythadult_y15_64,geo_cov_urb,2013,8.529
usa,sex_f,age_ythadult_y15_64,geo_cov_urb,2014,7.439
usa,sex_f,age_ythadult_y15_64,geo_cov_urb,2015,6.4
usa,sex_f,age_ythadult_y15_64,geo_cov_urb,2016,5.85
usa,sex_f,age_ythadult_y15_64,geo_cov_urb,2017,5.268
usa,sex_f,age_ythadult_y15_64,geo_cov_urb,2018,4.713
usa,sex_f,age_ythadult_y15_64,geo_cov_urb,2019,4.417
usa,sex_f,age_ythadult_y15_64,geo_cov_urb,2020,9.687
usa,sex_f,age_ythadult_y15_64,geo_cov_urb,2021,6.449
usa,sex_f,age_ythadult_y15_64,geo_cov_urb,2022,4.64
usa,sex_f,age_ythadult_y15_64,geo_cov_urb,2023,4.41
usa,sex_f,age_ythadult_y15_64,geo_cov_urb,2024,4.984
usa,sex_f,age_ythadult_y15_64,geo_cov_urb,2025,5.32
usa,sex_f,age_ythadult_yge15,geo_cov_nat,2005,6.175
usa,sex_f,age_ythadult_yge15,geo_cov_nat,2006,5.65
usa,sex_f,age_ythadult_yge15,geo_cov_nat,2007,5.447
usa,sex_f,age_ythadult_yge15,geo_cov_nat,2008,6.46
usa,sex_f,age_ythadult_yge15,geo_cov_nat,2009,9.305
usa,sex_f,age_ythadult_yge15,geo_cov_nat,2010,9.96
usa,sex_f,age_ythadult_yge15,geo_cov_nat,2011,9.852
usa,sex_f,age_ythadult_yge15,geo_cov_nat,2012,9.339
usa,sex_f,age_ythadult_yge15,geo_cov_nat,2013,8.451
usa,sex_f,age_ythadult_yge15,geo_cov_nat,2014,7.371
usa,sex_f,age_ythadult_yge15,geo_cov_nat,2015,6.376
usa,sex_f,age_ythadult_yge15,geo_cov_nat,2016,5.89
usa,sex_f,age_ythadult_yge15,geo_cov_nat,2017,5.296
usa,sex_f,age_ythadult_yge15,geo_cov_nat,2018,4.746
usa,sex_f,age_ythadult_yge15,geo_cov_nat,2019,4.463
usa,sex_f,age_ythadult_yge15,geo_cov_nat,2020,9.361
usa,sex_f,age_ythadult_yge15,geo_cov_nat,2021,6.224
usa,sex_f,age_ythadult_yge15,geo_cov_nat,2022,4.573
usa,sex_f,age_ythadult_yge15,geo_cov_nat,2023,4.358
usa,sex_f,age_ythadult_yge15,geo_cov_nat,2024,4.86
usa,sex_f,age_ythadult_yge15,geo_cov_nat,2025,5.197
usa,sex_f,age_ythadult_yge15,geo_cov_rur,2005,6.248
usa,sex_f,age_ythadult_yge15,geo_cov_rur,2006,5.733
usa,sex_f,age_ythadult_yge15,geo_cov_rur,2007,5.475
usa,sex_f,age_ythadult_yge15,geo_cov_rur,2008,6.084
usa,sex_f,age_ythadult_yge15,geo_cov_rur,2009,8.31
usa,sex_f,age_ythadult_yge15,geo_cov_rur,2010,9.236
usa,sex_f,age_ythadult_yge15,geo_cov_rur,2011,8.888
usa,sex_f,age_ythadult_yge15,geo_cov_rur,2012,8.702
usa,sex_f,age_ythadult_yge15,geo_cov_rur,2013,8.416
usa,sex_f,age_ythadult_yge15,geo_cov_rur,2014,7.244
usa,sex_f,age_ythadult_yge15,geo_cov_rur,2015,6.555
usa,sex_f,age_ythadult_yge15,geo_cov_rur,2016,6.14
usa,sex_f,age_ythadult_yge15,geo_cov_rur,2017,5.385
usa,sex_f,age_ythadult_yge15,geo_cov_rur,2018,4.885
usa,sex_f,age_ythadult_yge15,geo_cov_rur,2019,4.666
usa,sex_f,age_ythadult_yge15,geo_cov_rur,2020,7.509
usa,sex_f,age_ythadult_yge15,geo_cov_rur,2021,5.057
usa,sex_f,age_ythadult_yge15,geo_cov_rur,2022,4.268
usa,sex_f,age_ythadult_yge15,geo_cov_rur,2023,4.16
usa,sex_f,age_ythadult_yge15,geo_cov_rur,2024,4.335
usa,sex_f,age_ythadult_yge15,geo_cov_rur,2025,4.692
usa,sex_f,age_ythadult_yge15,geo_cov_urb,2005,6.157
usa,sex_f,age_ythadult_yge15,geo_cov_urb,2006,5.631
usa,sex_f,age_ythadult_yge15,geo_cov_urb,2007,5.441
usa,sex_f,age_ythadult_yge15,geo_cov_urb,2008,6.546
usa,sex_f,age_ythadult_yge15,geo_cov_urb,2009,9.534
usa,sex_f,age_ythadult_yge15,geo_cov_urb,2010,10.126
usa,sex_f,age_ythadult_yge15,geo_cov_urb,2011,10.068
usa,sex_f,age_ythadult_yge15,geo_cov_urb,2012,9.478
usa,sex_f,age_ythadult_yge15,geo_cov_urb,2013,8.459
usa,sex_f,age_ythadult_yge15,geo_cov_urb,2014,7.398
usa,sex_f,age_ythadult_yge15,geo_cov_urb,2015,6.341
usa,sex_f,age_ythadult_yge15,geo_cov_urb,2016,5.841
usa,sex_f,age_ythadult_yge15,geo_cov_urb,2017,5.279
usa,sex_f,age_ythadult_yge15,geo_cov_urb,2018,4.72
usa,sex_f,age_ythadult_yge15,geo_cov_urb,2019,4.425
usa,sex_f,age_ythadult_yge15,geo_cov_urb,2020,9.707
usa,sex_f,age_ythadult_yge15,geo_cov_urb,2021,6.437
usa,sex_f,age_ythadult_yge15,geo_cov_urb,2022,4.628
usa,sex_f,age_ythadult_yge15,geo_cov_urb,2023,4.393
usa,sex_f,age_ythadult_yge15,geo_cov_urb,2024,4.957
usa,sex_f,age_ythadult_yge15,geo_cov_urb,2025,5.291
usa,sex_f,age_ythadult_yge25,geo_cov_nat,2005,4.994
usa,sex_f,age_ythadult_yge25,geo_cov_nat,2006,4.474
usa,sex_f,age_ythadult_yge25,geo_cov_nat,2007,4.347
usa,sex_f,age_ythadult_yge25,geo_cov_nat,2008,5.215
usa,sex_f,age_ythadult_yge25,geo_cov_nat,2009,7.896
usa,sex_f,age_ythadult_yge25,geo_cov_nat,2010,8.487
usa,sex_f,age_ythadult_yge25,geo_cov_nat,2011,8.416
usa,sex_f,age_ythadult_yge25,geo_cov_nat,2012,7.932
usa,sex_f,age_ythadult_yge25,geo_cov_nat,2013,7.043
usa,sex_f,age_ythadult_yge25,geo_cov_nat,2014,6.111
usa,sex_f,age_ythadult_yge25,geo_cov_nat,2015,5.311
usa,sex_f,age_ythadult_yge25,geo_cov_nat,2016,4.96
usa,sex_f,age_ythadult_yge25,geo_cov_nat,2017,4.52
usa,sex_f,age_ythadult_yge25,geo_cov_nat,2018,3.968
usa,sex_f,age_ythadult_yge25,geo_cov_nat,2019,3.701
usa,sex_f,age_ythadult_yge25,geo_cov_nat,2020,8.202
usa,sex_f,age_ythadult_yge25,geo_cov_nat,2021,5.518
usa,sex_f,age_ythadult_yge25,geo_cov_nat,2022,3.811
usa,sex_f,age_ythadult_yge25,geo_cov_nat,2023,3.576
usa,sex_f,age_ythadult_yge25,geo_cov_nat,2024,4.014
usa,sex_f,age_ythadult_yge25,geo_cov_nat,2025,4.199
usa,sex_f,age_ythadult_yge25,geo_cov_rur,2005,4.812
usa,sex_f,age_ythadult_yge25,geo_cov_rur,2006,4.385
usa,sex_f,age_ythadult_yge25,geo_cov_rur,2007,4.181
usa,sex_f,age_ythadult_yge25,geo_cov_rur,2008,4.712
usa,sex_f,age_ythadult_yge25,geo_cov_rur,2009,6.804
usa,sex_f,age_ythadult_yge25,geo_cov_rur,2010,7.481
usa,sex_f,age_ythadult_yge25,geo_cov_rur,2011,7.325
usa,sex_f,age_ythadult_yge25,geo_cov_rur,2012,7.127
usa,sex_f,age_ythadult_yge25,geo_cov_rur,2013,6.629
usa,sex_f,age_ythadult_yge25,geo_cov_rur,2014,5.735
usa,sex_f,age_ythadult_yge25,geo_cov_rur,2015,5.265
usa,sex_f,age_ythadult_yge25,geo_cov_rur,2016,5.031
usa,sex_f,age_ythadult_yge25,geo_cov_rur,2017,4.602
usa,sex_f,age_ythadult_yge25,geo_cov_rur,2018,4.011
usa,sex_f,age_ythadult_yge25,geo_cov_rur,2019,3.902
usa,sex_f,age_ythadult_yge25,geo_cov_rur,2020,6.415
usa,sex_f,age_ythadult_yge25,geo_cov_rur,2021,4.385
usa,sex_f,age_ythadult_yge25,geo_cov_rur,2022,3.439
usa,sex_f,age_ythadult_yge25,geo_cov_rur,2023,3.368
usa,sex_f,age_ythadult_yge25,geo_cov_rur,2024,3.424
usa,sex_f,age_ythadult_yge25,geo_cov_rur,2025,3.707
usa,sex_f,age_ythadult_yge25,geo_cov_urb,2005,5.038
usa,sex_f,age_ythadult_yge25,geo_cov_urb,2006,4.495
usa,sex_f,age_ythadult_yge25,geo_cov_urb,2007,4.385
usa,sex_f,age_ythadult_yge25,geo_cov_urb,2008,5.329
usa,sex_f,age_ythadult_yge25,geo_cov_urb,2009,8.146
usa,sex_f,age_ythadult_yge25,geo_cov_urb,2010,8.716
usa,sex_f,age_ythadult_yge25,geo_cov_urb,2011,8.659
usa,sex_f,age_ythadult_yge25,geo_cov_urb,2012,8.106
usa,sex_f,age_ythadult_yge25,geo_cov_urb,2013,7.131
usa,sex_f,age_ythadult_yge25,geo_cov_urb,2014,6.189
usa,sex_f,age_ythadult_yge25,geo_cov_urb,2015,5.32
usa,sex_f,age_ythadult_yge25,geo_cov_urb,2016,4.946
usa,sex_f,age_ythadult_yge25,geo_cov_urb,2017,4.504
usa,sex_f,age_ythadult_yge25,geo_cov_urb,2018,3.96
usa,sex_f,age_ythadult_yge25,geo_cov_urb,2019,3.663
usa,sex_f,age_ythadult_yge25,geo_cov_urb,2020,8.534
usa,sex_f,age_ythadult_yge25,geo_cov_urb,2021,5.724
usa,sex_f,age_ythadult_yge25,geo_cov_urb,2022,3.878
usa,sex_f,age_ythadult_yge25,geo_cov_urb,2023,3.614
usa,sex_f,age_ythadult_yge25,geo_cov_urb,2024,4.121
usa,sex_f,age_ythadult_yge25,geo_cov_urb,2025,4.29
usa,sex_m,age_aggregate_total,geo_cov_nat,2005,5.924
usa,sex_m,age_aggregate_total,geo_cov_nat,2006,5.416
usa,sex_m,age_aggregate_total,geo_cov_nat,2007,5.511
usa,sex_m,age_aggregate_total,geo_cov_nat,2008,6.933
usa,sex_m,age_aggregate_total,geo_cov_nat,2009,11.395
usa,sex_m,age_aggregate_total,geo_cov_nat,2010,11.746
usa,sex_m,age_aggregate_total,geo_cov_nat,2011,10.597
usa,sex_m,age_aggregate_total,geo_cov_nat,2012,9.453
usa,sex_m,age_aggregate_total,geo_cov_nat,2013,8.805
usa,sex_m,age_aggregate_total,geo_cov_nat,2014,7.406
usa,sex_m,age_aggregate_total,geo_cov_nat,2015,6.41
usa,sex_m,age_aggregate_total,geo_cov_nat,2016,5.918
usa,sex_m,age_aggregate_total,geo_cov_nat,2017,5.274
usa,sex_m,age_aggregate_total,geo_cov_nat,2018,4.784
usa,sex_m,age_aggregate_total,geo_cov_nat,2019,4.488
usa,sex_m,age_aggregate_total,geo_cov_nat,2020,8.803
usa,sex_m,age_aggregate_total,geo_cov_nat,2021,6.423
usa,sex_m,age_aggregate_total,geo_cov_nat,2022,4.517
usa,sex_m,age_aggregate_total,geo_cov_nat,2023,4.58
usa,sex_m,age_aggregate_total,geo_cov_nat,2024,4.955
usa,sex_m,age_aggregate_total,geo_cov_nat,2025,5.284
usa,sex_m,age_aggregate_total,geo_cov_rur,2005,6.261
usa,sex_m,age_aggregate_total,geo_cov_rur,2006,5.628
usa,sex_m,age_aggregate_total,geo_cov_rur,2007,5.695
usa,sex_m,age_aggregate_total,geo_cov_rur,2008,6.838
usa,sex_m,age_aggregate_total,geo_cov_rur,2009,11.267
usa,sex_m,age_aggregate_total,geo_cov_rur,2010,11.394
usa,sex_m,age_aggregate_total,geo_cov_rur,2011,10.238
usa,sex_m,age_aggregate_total,geo_cov_rur,2012,9.173
usa,sex_m,age_aggregate_total,geo_cov_rur,2013,8.868
usa,sex_m,age_aggregate_total,geo_cov_rur,2014,7.505
usa,sex_m,age_aggregate_total,geo_cov_rur,2015,7.078
usa,sex_m,age_aggregate_total,geo_cov_rur,2016,6.606
usa,sex_m,age_aggregate_total,geo_cov_rur,2017,6.076
usa,sex_m,age_aggregate_total,geo_cov_rur,2018,5.333
usa,sex_m,age_aggregate_total,geo_cov_rur,2019,4.95
usa,sex_m,age_aggregate_total,geo_cov_rur,2020,7.655
usa,sex_m,age_aggregate_total,geo_cov_rur,2021,5.558
usa,sex_m,age_aggregate_total,geo_cov_rur,2022,4.509
usa,sex_m,age_aggregate_total,geo_cov_rur,2023,4.559
usa,sex_m,age_aggregate_total,geo_cov_rur,2024,4.706
usa,sex_m,age_aggregate_total,geo_cov_rur,2025,5.097
usa,sex_m,age_aggregate_total,geo_cov_urb,2005,5.843
usa,sex_m,age_aggregate_total,geo_cov_urb,2006,5.367
usa,sex_m,age_aggregate_total,geo_cov_urb,2007,5.469
usa,sex_m,age_aggregate_total,geo_cov_urb,2008,6.954
usa,sex_m,age_aggregate_total,geo_cov_urb,2009,11.423
usa,sex_m,age_aggregate_total,geo_cov_urb,2010,11.825
usa,sex_m,age_aggregate_total,geo_cov_urb,2011,10.678
usa,sex_m,age_aggregate_total,geo_cov_urb,2012,9.514
usa,sex_m,age_aggregate_total,geo_cov_urb,2013,8.791
usa,sex_m,age_aggregate_total,geo_cov_urb,2014,7.385
usa,sex_m,age_aggregate_total,geo_cov_urb,2015,6.274
usa,sex_m,age_aggregate_total,geo_cov_urb,2016,5.784
usa,sex_m,age_aggregate_total,geo_cov_urb,2017,5.119
usa,sex_m,age_aggregate_total,geo_cov_urb,2018,4.678
usa,sex_m,age_aggregate_total,geo_cov_urb,2019,4.401
usa,sex_m,age_aggregate_total,geo_cov_urb,2020,9.017
usa,sex_m,age_aggregate_total,geo_cov_urb,2021,6.58
usa,sex_m,age_aggregate_total,geo_cov_urb,2022,4.519
usa,sex_m,age_aggregate_total,geo_cov_urb,2023,4.583
usa,sex_m,age_aggregate_total,geo_cov_urb,2024,5.002
usa,sex_m,age_aggregate_total,geo_cov_urb,2025,5.32
usa,sex_m,age_aggregate_y15_24,geo_cov_nat,2005,14.849
usa,sex_m,age_aggregate_y15_24,geo_cov_nat,2006,13.539
usa,sex_m,age_aggregate_y15_24,geo_cov_nat,2007,13.901
usa,sex_m,age_aggregate_y15_24,geo_cov_nat,2008,16.712
usa,sex_m,age_aggregate_y15_24,geo_cov_nat,2009,23.04
usa,sex_m,age_aggregate_y15_24,geo_cov_nat,2010,23.858
usa,sex_m,age_aggregate_y15_24,geo_cov_nat,2011,21.679
usa,sex_m,age_aggregate_y15_24,geo_cov_nat,2012,20.627
usa,sex_m,age_aggregate_y15_24,geo_cov_nat,2013,20.006
usa,sex_m,age_aggregate_y15_24,geo_cov_nat,2014,17.45
usa,sex_m,age_aggregate_y15_24,geo_cov_nat,2015,15.197
usa,sex_m,age_aggregate_y15_24,geo_cov_nat,2016,13.965
usa,sex_m,age_aggregate_y15_24,geo_cov_nat,2017,12.606
usa,sex_m,age_aggregate_y15_24,geo_cov_nat,2018,11.75
usa,sex_m,age_aggregate_y15_24,geo_cov_nat,2019,11.32
usa,sex_m,age_aggregate_y15_24,geo_cov_nat,2020,17.35
usa,sex_m,age_aggregate_y15_24,geo_cov_nat,2021,12.625
usa,sex_m,age_aggregate_y15_24,geo_cov_nat,2022,10.879
usa,sex_m,age_aggregate_y15_24,geo_cov_nat,2023,10.83
usa,sex_m,age_aggregate_y15_24,geo_cov_nat,2024,12.017
usa,sex_m,age_aggregate_y15_24,geo_cov_nat,2025,13.504
usa,sex_m,age_aggregate_y15_24,geo_cov_rur,2005,15.431
usa,sex_m,age_aggregate_y15_24,geo_cov_rur,2006,13.435
usa,sex_m,age_aggregate_y15_24,geo_cov_rur,2007,14.192
usa,sex_m,age_aggregate_y15_24,geo_cov_rur,2008,16.629
usa,sex_m,age_aggregate_y15_24,geo_cov_rur,2009,22.466
usa,sex_m,age_aggregate_y15_24,geo_cov_rur,2010,23.391
usa,sex_m,age_aggregate_y15_24,geo_cov_rur,2011,21.343
usa,sex_m,age_aggregate_y15_24,geo_cov_rur,2012,20.34
usa,sex_m,age_aggregate_y15_24,geo_cov_rur,2013,20.627
usa,sex_m,age_aggregate_y15_24,geo_cov_rur,2014,18.195
usa,sex_m,age_aggregate_y15_24,geo_cov_rur,2015,17.208
usa,sex_m,age_aggregate_y15_24,geo_cov_rur,2016,14.411
usa,sex_m,age_aggregate_y15_24,geo_cov_rur,2017,13.609
usa,sex_m,age_aggregate_y15_24,geo_cov_rur,2018,12.55
usa,sex_m,age_aggregate_y15_24,geo_cov_rur,2019,11.764
usa,sex_m,age_aggregate_y15_24,geo_cov_rur,2020,15.033
usa,sex_m,age_aggregate_y15_24,geo_cov_rur,2021,10.607
usa,sex_m,age_aggregate_y15_24,geo_cov_rur,2022,11.14
usa,sex_m,age_aggregate_y15_24,geo_cov_rur,2023,9.583
usa,sex_m,age_aggregate_y15_24,geo_cov_rur,2024,11.007
usa,sex_m,age_aggregate_y15_24,geo_cov_rur,2025,11.966
usa,sex_m,age_aggregate_y15_24,geo_cov_urb,2005,14.699
usa,sex_m,age_aggregate_y15_24,geo_cov_urb,2006,13.564
usa,sex_m,age_aggregate_y15_24,geo_cov_urb,2007,13.83
usa,sex_m,age_aggregate_y15_24,geo_cov_urb,2008,16.731
usa,sex_m,age_aggregate_y15_24,geo_cov_urb,2009,23.18
usa,sex_m,age_aggregate_y15_24,geo_cov_urb,2010,23.973
usa,sex_m,age_aggregate_y15_24,geo_cov_urb,2011,21.761
usa,sex_m,age_aggregate_y15_24,geo_cov_urb,2012,20.693
usa,sex_m,age_aggregate_y15_24,geo_cov_urb,2013,19.87
usa,sex_m,age_aggregate_y15_24,geo_cov_urb,2014,17.278
usa,sex_m,age_aggregate_y15_24,geo_cov_urb,2015,14.742
usa,sex_m,age_aggregate_y15_24,geo_cov_urb,2016,13.874
usa,sex_m,age_aggregate_y15_24,geo_cov_urb,2017,12.398
usa,sex_m,age_aggregate_y15_24,geo_cov_urb,2018,11.577
usa,sex_m,age_aggregate_y15_24,geo_cov_urb,2019,11.225
usa,sex_m,age_aggregate_y15_24,geo_cov_urb,2020,17.832
usa,sex_m,age_aggregate_y15_24,geo_cov_urb,2021,13.035
usa,sex_m,age_aggregate_y15_24,geo_cov_urb,2022,10.825
usa,sex_m,age_aggregate_y15_24,geo_cov_urb,2023,11.093
usa,sex_m,age_aggregate_y15_24,geo_cov_urb,2024,12.229
usa,sex_m,age_aggregate_y15_24,geo_cov_urb,2025,13.835
usa,sex_m,age_aggregate_y25_54,geo_cov_nat,2005,4.431
usa,sex_m,age_aggregate_y25_54,geo_cov_nat,2006,4.092
usa,sex_m,age_aggregate_y25_54,geo_cov_nat,2007,4.164
usa,sex_m,age_aggregate_y25_54,geo_cov_nat,2008,5.497
usa,sex_m,age_aggregate_y25_54,geo_cov_nat,2009,9.965
usa,sex_m,age_aggregate_y25_54,geo_cov_nat,2010,10.107
usa,sex_m,age_aggregate_y25_54,geo_cov_nat,2011,9.021
usa,sex_m,age_aggregate_y25_54,geo_cov_nat,2012,7.749
usa,sex_m,age_aggregate_y25_54,geo_cov_nat,2013,7.134
usa,sex_m,age_aggregate_y25_54,geo_cov_nat,2014,5.915
usa,sex_m,age_aggregate_y25_54,geo_cov_nat,2015,5.098
usa,sex_m,age_aggregate_y25_54,geo_cov_nat,2016,4.686
usa,sex_m,age_aggregate_y25_54,geo_cov_nat,2017,4.214
usa,sex_m,age_aggregate_y25_54,geo_cov_nat,2018,3.744
usa,sex_m,age_aggregate_y25_54,geo_cov_nat,2019,3.587
usa,sex_m,age_aggregate_y25_54,geo_cov_nat,2020,7.689
usa,sex_m,age_aggregate_y25_54,geo_cov_nat,2021,5.701
usa,sex_m,age_aggregate_y25_54,geo_cov_nat,2022,3.688
usa,sex_m,age_aggregate_y25_54,geo_cov_nat,2023,3.782
usa,sex_m,age_aggregate_y25_54,geo_cov_nat,2024,4.023
usa,sex_m,age_aggregate_y25_54,geo_cov_nat,2025,4.174
usa,sex_m,age_aggregate_y25_54,geo_cov_rur,2005,4.735
usa,sex_m,age_aggregate_y25_54,geo_cov_rur,2006,4.447
usa,sex_m,age_aggregate_y25_54,geo_cov_rur,2007,4.347
usa,sex_m,age_aggregate_y25_54,geo_cov_rur,2008,5.399
usa,sex_m,age_aggregate_y25_54,geo_cov_rur,2009,10.109
usa,sex_m,age_aggregate_y25_54,geo_cov_rur,2010,9.982
usa,sex_m,age_aggregate_y25_54,geo_cov_rur,2011,8.911
usa,sex_m,age_aggregate_y25_54,geo_cov_rur,2012,7.599
usa,sex_m,age_aggregate_y25_54,geo_cov_rur,2013,7.562
usa,sex_m,age_aggregate_y25_54,geo_cov_rur,2014,6.173
usa,sex_m,age_aggregate_y25_54,geo_cov_rur,2015,5.858
usa,sex_m,age_aggregate_y25_54,geo_cov_rur,2016,5.853
usa,sex_m,age_aggregate_y25_54,geo_cov_rur,2017,5.427
usa,sex_m,age_aggregate_y25_54,geo_cov_rur,2018,4.373
usa,sex_m,age_aggregate_y25_54,geo_cov_rur,2019,4.227
usa,sex_m,age_aggregate_y25_54,geo_cov_rur,2020,6.837
usa,sex_m,age_aggregate_y25_54,geo_cov_rur,2021,5.09
usa,sex_m,age_aggregate_y25_54,geo_cov_rur,2022,3.691
usa,sex_m,age_aggregate_y25_54,geo_cov_rur,2023,3.946
usa,sex_m,age_aggregate_y25_54,geo_cov_rur,2024,3.962
usa,sex_m,age_aggregate_y25_54,geo_cov_rur,2025,4.325
usa,sex_m,age_aggregate_y25_54,geo_cov_urb,2005,4.361
usa,sex_m,age_aggregate_y25_54,geo_cov_urb,2006,4.014
usa,sex_m,age_aggregate_y25_54,geo_cov_urb,2007,4.125
usa,sex_m,age_aggregate_y25_54,geo_cov_urb,2008,5.518
usa,sex_m,age_aggregate_y25_54,geo_cov_urb,2009,9.934
usa,sex_m,age_aggregate_y25_54,geo_cov_urb,2010,10.134
usa,sex_m,age_aggregate_y25_54,geo_cov_urb,2011,9.045
usa,sex_m,age_aggregate_y25_54,geo_cov_urb,2012,7.78
usa,sex_m,age_aggregate_y25_54,geo_cov_urb,2013,7.047
usa,sex_m,age_aggregate_y25_54,geo_cov_urb,2014,5.863
usa,sex_m,age_aggregate_y25_54,geo_cov_urb,2015,4.953
usa,sex_m,age_aggregate_y25_54,geo_cov_urb,2016,4.475
usa,sex_m,age_aggregate_y25_54,geo_cov_urb,2017,3.999
usa,sex_m,age_aggregate_y25_54,geo_cov_urb,2018,3.634
usa,sex_m,age_aggregate_y25_54,geo_cov_urb,2019,3.476
usa,sex_m,age_aggregate_y25_54,geo_cov_urb,2020,7.836
usa,sex_m,age_aggregate_y25_54,geo_cov_urb,2021,5.805
usa,sex_m,age_aggregate_y25_54,geo_cov_urb,2022,3.688
usa,sex_m,age_aggregate_y25_54,geo_cov_urb,2023,3.754
usa,sex_m,age_aggregate_y25_54,geo_cov_urb,2024,4.034
usa,sex_m,age_aggregate_y25_54,geo_cov_urb,2025,4.148
usa,sex_m,age_aggregate_y55_64,geo_cov_nat,2005,3.858
usa,sex_m,age_aggregate_y55_64,geo_cov_nat,2006,3.564
usa,sex_m,age_aggregate_y55_64,geo_cov_nat,2007,3.683
usa,sex_m,age_aggregate_y55_64,geo_cov_nat,2008,4.287
usa,sex_m,age_aggregate_y55_64,geo_cov_nat,2009,7.91
usa,sex_m,age_aggregate_y55_64,geo_cov_nat,2010,8.931
usa,sex_m,age_aggregate_y55_64,geo_cov_nat,2011,8.133
usa,sex_m,age_aggregate_y55_64,geo_cov_nat,2012,7.294
usa,sex_m,age_aggregate_y55_64,geo_cov_nat,2013,6.478
usa,sex_m,age_aggregate_y55_64,geo_cov_nat,2014,5.33
usa,sex_m,age_aggregate_y55_64,geo_cov_nat,2015,4.828
usa,sex_m,age_aggregate_y55_64,geo_cov_nat,2016,4.566
usa,sex_m,age_aggregate_y55_64,geo_cov_nat,2017,3.828
usa,sex_m,age_aggregate_y55_64,geo_cov_nat,2018,3.636
usa,sex_m,age_aggregate_y55_64,geo_cov_nat,2019,3.072
usa,sex_m,age_aggregate_y55_64,geo_cov_nat,2020,7.086
usa,sex_m,age_aggregate_y55_64,geo_cov_nat,2021,4.969
usa,sex_m,age_aggregate_y55_64,geo_cov_nat,2022,3.062
usa,sex_m,age_aggregate_y55_64,geo_cov_nat,2023,3.178
usa,sex_m,age_aggregate_y55_64,geo_cov_nat,2024,3.484
usa,sex_m,age_aggregate_y55_64,geo_cov_nat,2025,3.567
usa,sex_m,age_aggregate_y55_64,geo_cov_rur,2005,3.798
usa,sex_m,age_aggregate_y55_64,geo_cov_rur,2006,3.207
usa,sex_m,age_aggregate_y55_64,geo_cov_rur,2007,3.752
usa,sex_m,age_aggregate_y55_64,geo_cov_rur,2008,4.203
usa,sex_m,age_aggregate_y55_64,geo_cov_rur,2009,7.391
usa,sex_m,age_aggregate_y55_64,geo_cov_rur,2010,7.723
usa,sex_m,age_aggregate_y55_64,geo_cov_rur,2011,6.563
usa,sex_m,age_aggregate_y55_64,geo_cov_rur,2012,6.635
usa,sex_m,age_aggregate_y55_64,geo_cov_rur,2013,5.316
usa,sex_m,age_aggregate_y55_64,geo_cov_rur,2014,4.59
usa,sex_m,age_aggregate_y55_64,geo_cov_rur,2015,4.144
usa,sex_m,age_aggregate_y55_64,geo_cov_rur,2016,4.177
usa,sex_m,age_aggregate_y55_64,geo_cov_rur,2017,3.363
usa,sex_m,age_aggregate_y55_64,geo_cov_rur,2018,3.692
usa,sex_m,age_aggregate_y55_64,geo_cov_rur,2019,2.83
usa,sex_m,age_aggregate_y55_64,geo_cov_rur,2020,6.042
usa,sex_m,age_aggregate_y55_64,geo_cov_rur,2021,4.5
usa,sex_m,age_aggregate_y55_64,geo_cov_rur,2022,2.548
usa,sex_m,age_aggregate_y55_64,geo_cov_rur,2023,3.095
usa,sex_m,age_aggregate_y55_64,geo_cov_rur,2024,2.656
usa,sex_m,age_aggregate_y55_64,geo_cov_rur,2025,3.098
usa,sex_m,age_aggregate_y55_64,geo_cov_urb,2005,3.875
usa,sex_m,age_aggregate_y55_64,geo_cov_urb,2006,3.663
usa,sex_m,age_aggregate_y55_64,geo_cov_urb,2007,3.664
usa,sex_m,age_aggregate_y55_64,geo_cov_urb,2008,4.309
usa,sex_m,age_aggregate_y55_64,geo_cov_urb,2009,8.043
usa,sex_m,age_aggregate_y55_64,geo_cov_urb,2010,9.242
usa,sex_m,age_aggregate_y55_64,geo_cov_urb,2011,8.534
usa,sex_m,age_aggregate_y55_64,geo_cov_urb,2012,7.457
usa,sex_m,age_aggregate_y55_64,geo_cov_urb,2013,6.761
usa,sex_m,age_aggregate_y55_64,geo_cov_urb,2014,5.502
usa,sex_m,age_aggregate_y55_64,geo_cov_urb,2015,4.98
usa,sex_m,age_aggregate_y55_64,geo_cov_urb,2016,4.653
usa,sex_m,age_aggregate_y55_64,geo_cov_urb,2017,3.933
usa,sex_m,age_aggregate_y55_64,geo_cov_urb,2018,3.624
usa,sex_m,age_aggregate_y55_64,geo_cov_urb,2019,3.124
usa,sex_m,age_aggregate_y55_64,geo_cov_urb,2020,7.301
usa,sex_m,age_aggregate_y55_64,geo_cov_urb,2021,5.064
usa,sex_m,age_aggregate_y55_64,geo_cov_urb,2022,3.165
usa,sex_m,age_aggregate_y55_64,geo_cov_urb,2023,3.193
usa,sex_m,age_aggregate_y55_64,geo_cov_urb,2024,3.65
usa,sex_m,age_aggregate_y55_64,geo_cov_urb,2025,3.664
usa,sex_m,age_aggregate_yge65,geo_cov_nat,2005,4.948
usa,sex_m,age_aggregate_yge65,geo_cov_nat,2006,3.959
usa,sex_m,age_aggregate_yge65,geo_cov_nat,2007,4.297
usa,sex_m,age_aggregate_yge65,geo_cov_nat,2008,5.578
usa,sex_m,age_aggregate_yge65,geo_cov_nat,2009,8.054
usa,sex_m,age_aggregate_yge65,geo_cov_nat,2010,8.876
usa,sex_m,age_aggregate_yge65,geo_cov_nat,2011,8.445
usa,sex_m,age_aggregate_yge65,geo_cov_nat,2012,7.857
usa,sex_m,age_aggregate_yge65,geo_cov_nat,2013,7.284
usa,sex_m,age_aggregate_yge65,geo_cov_nat,2014,6.253
usa,sex_m,age_aggregate_yge65,geo_cov_nat,2015,5.345
usa,sex_m,age_aggregate_yge65,geo_cov_nat,2016,5.189
usa,sex_m,age_aggregate_yge65,geo_cov_nat,2017,4.733
usa,sex_m,age_aggregate_yge65,geo_cov_nat,2018,4.465
usa,sex_m,age_aggregate_yge65,geo_cov_nat,2019,3.82
usa,sex_m,age_aggregate_yge65,geo_cov_nat,2020,8.137
usa,sex_m,age_aggregate_yge65,geo_cov_nat,2021,5.348
usa,sex_m,age_aggregate_yge65,geo_cov_nat,2022,4.176
usa,sex_m,age_aggregate_yge65,geo_cov_nat,2023,3.671
usa,sex_m,age_aggregate_yge65,geo_cov_nat,2024,4.118
usa,sex_m,age_aggregate_yge65,geo_cov_nat,2025,4.43
usa,sex_m,age_aggregate_yge65,geo_cov_rur,2005,4.343
usa,sex_m,age_aggregate_yge65,geo_cov_rur,2006,3.908
usa,sex_m,age_aggregate_yge65,geo_cov_rur,2007,3.409
usa,sex_m,age_aggregate_yge65,geo_cov_rur,2008,4.654
usa,sex_m,age_aggregate_yge65,geo_cov_rur,2009,5.787
usa,sex_m,age_aggregate_yge65,geo_cov_rur,2010,6.842
usa,sex_m,age_aggregate_yge65,geo_cov_rur,2011,6.986
usa,sex_m,age_aggregate_yge65,geo_cov_rur,2012,6.077
usa,sex_m,age_aggregate_yge65,geo_cov_rur,2013,5.712
usa,sex_m,age_aggregate_yge65,geo_cov_rur,2014,4.16
usa,sex_m,age_aggregate_yge65,geo_cov_rur,2015,4.089
usa,sex_m,age_aggregate_yge65,geo_cov_rur,2016,4.382
usa,sex_m,age_aggregate_yge65,geo_cov_rur,2017,4.143
usa,sex_m,age_aggregate_yge65,geo_cov_rur,2018,3.716
usa,sex_m,age_aggregate_yge65,geo_cov_rur,2019,3.25
usa,sex_m,age_aggregate_yge65,geo_cov_rur,2020,5.135
usa,sex_m,age_aggregate_yge65,geo_cov_rur,2021,2.895
usa,sex_m,age_aggregate_yge65,geo_cov_rur,2022,3.485
usa,sex_m,age_aggregate_yge65,geo_cov_rur,2023,3.25
usa,sex_m,age_aggregate_yge65,geo_cov_rur,2024,3.723
usa,sex_m,age_aggregate_yge65,geo_cov_rur,2025,3.088
usa,sex_m,age_aggregate_yge65,geo_cov_urb,2005,5.135
usa,sex_m,age_aggregate_yge65,geo_cov_urb,2006,3.975
usa,sex_m,age_aggregate_yge65,geo_cov_urb,2007,4.571
usa,sex_m,age_aggregate_yge65,geo_cov_urb,2008,5.87
usa,sex_m,age_aggregate_yge65,geo_cov_urb,2009,8.721
usa,sex_m,age_aggregate_yge65,geo_cov_urb,2010,9.44
usa,sex_m,age_aggregate_yge65,geo_cov_urb,2011,8.858
usa,sex_m,age_aggregate_yge65,geo_cov_urb,2012,8.353
usa,sex_m,age_aggregate_yge65,geo_cov_urb,2013,7.726
usa,sex_m,age_aggregate_yge65,geo_cov_urb,2014,6.813
usa,sex_m,age_aggregate_yge65,geo_cov_urb,2015,5.672
usa,sex_m,age_aggregate_yge65,geo_cov_urb,2016,5.387
usa,sex_m,age_aggregate_yge65,geo_cov_urb,2017,4.879
usa,sex_m,age_aggregate_yge65,geo_cov_urb,2018,4.642
usa,sex_m,age_aggregate_yge65,geo_cov_urb,2019,3.949
usa,sex_m,age_aggregate_yge65,geo_cov_urb,2020,8.823
usa,sex_m,age_aggregate_yge65,geo_cov_urb,2021,5.9
usa,sex_m,age_aggregate_yge65,geo_cov_urb,2022,4.327
usa,sex_m,age_aggregate_yge65,geo_cov_urb,2023,3.766
usa,sex_m,age_aggregate_yge65,geo_cov_urb,2024,4.207
usa,sex_m,age_aggregate_yge65,geo_cov_urb,2025,4.73
usa,sex_m,age_ythadult_y15_24,geo_cov_nat,2005,14.849
usa,sex_m,age_ythadult_y15_24,geo_cov_nat,2006,13.539
usa,sex_m,age_ythadult_y15_24,geo_cov_nat,2007,13.901
usa,sex_m,age_ythadult_y15_24,geo_cov_nat,2008,16.712
usa,sex_m,age_ythadult_y15_24,geo_cov_nat,2009,23.04
usa,sex_m,age_ythadult_y15_24,geo_cov_nat,2010,23.858
usa,sex_m,age_ythadult_y15_24,geo_cov_nat,2011,21.679
usa,sex_m,age_ythadult_y15_24,geo_cov_nat,2012,20.627
usa,sex_m,age_ythadult_y15_24,geo_cov_nat,2013,20.006
usa,sex_m,age_ythadult_y15_24,geo_cov_nat,2014,17.45
usa,sex_m,age_ythadult_y15_24,geo_cov_nat,2015,15.197
usa,sex_m,age_ythadult_y15_24,geo_cov_nat,2016,13.965
usa,sex_m,age_ythadult_y15_24,geo_cov_nat,2017,12.606
usa,sex_m,age_ythadult_y15_24,geo_cov_nat,2018,11.75
usa,sex_m,age_ythadult_y15_24,geo_cov_nat,2019,11.32
usa,sex_m,age_ythadult_y15_24,geo_cov_nat,2020,17.35
usa,sex_m,age_ythadult_y15_24,geo_cov_nat,2021,12.625
usa,sex_m,age_ythadult_y15_24,geo_cov_nat,2022,10.879
usa,sex_m,age_ythadult_y15_24,geo_cov_nat,2023,10.83
usa,sex_m,age_ythadult_y15_24,geo_cov_nat,2024,12.017
usa,sex_m,age_ythadult_y15_24,geo_cov_nat,2025,13.504
usa,sex_m,age_ythadult_y15_24,geo_cov_rur,2005,15.431
usa,sex_m,age_ythadult_y15_24,geo_cov_rur,2006,13.435
usa,sex_m,age_ythadult_y15_24,geo_cov_rur,2007,14.192
usa,sex_m,age_ythadult_y15_24,geo_cov_rur,2008,16.629
usa,sex_m,age_ythadult_y15_24,geo_cov_rur,2009,22.466
usa,sex_m,age_ythadult_y15_24,geo_cov_rur,2010,23.391
usa,sex_m,age_ythadult_y15_24,geo_cov_rur,2011,21.343
usa,sex_m,age_ythadult_y15_24,geo_cov_rur,2012,20.34
usa,sex_m,age_ythadult_y15_24,geo_cov_rur,2013,20.627
usa,sex_m,age_ythadult_y15_24,geo_cov_rur,2014,18.195
usa,sex_m,age_ythadult_y15_24,geo_cov_rur,2015,17.208
usa,sex_m,age_ythadult_y15_24,geo_cov_rur,2016,14.411
usa,sex_m,age_ythadult_y15_24,geo_cov_rur,2017,13.609
usa,sex_m,age_ythadult_y15_24,geo_cov_rur,2018,12.55
usa,sex_m,age_ythadult_y15_24,geo_cov_rur,2019,11.764
usa,sex_m,age_ythadult_y15_24,geo_cov_rur,2020,15.033
usa,sex_m,age_ythadult_y15_24,geo_cov_rur,2021,10.607
usa,sex_m,age_ythadult_y15_24,geo_cov_rur,2022,11.14
usa,sex_m,age_ythadult_y15_24,geo_cov_rur,2023,9.583
usa,sex_m,age_ythadult_y15_24,geo_cov_rur,2024,11.007
usa,sex_m,age_ythadult_y15_24,geo_cov_rur,2025,11.966
usa,sex_m,age_ythadult_y15_24,geo_cov_urb,2005,14.699
usa,sex_m,age_ythadult_y15_24,geo_cov_urb,2006,13.564
usa,sex_m,age_ythadult_y15_24,geo_cov_urb,2007,13.83
usa,sex_m,age_ythadult_y15_24,geo_cov_urb,2008,16.731
usa,sex_m,age_ythadult_y15_24,geo_cov_urb,2009,23.18
usa,sex_m,age_ythadult_y15_24,geo_cov_urb,2010,23.973
usa,sex_m,age_ythadult_y15_24,geo_cov_urb,2011,21.761
usa,sex_m,age_ythadult_y15_24,geo_cov_urb,2012,20.693
usa,sex_m,age_ythadult_y15_24,geo_cov_urb,2013,19.87
usa,sex_m,age_ythadult_y15_24,geo_cov_urb,2014,17.278
usa,sex_m,age_ythadult_y15_24,geo_cov_urb,2015,14.742
usa,sex_m,age_ythadult_y15_24,geo_cov_urb,2016,13.874
usa,sex_m,age_ythadult_y15_24,geo_cov_urb,2017,12.398
usa,sex_m,age_ythadult_y15_24,geo_cov_urb,2018,11.577
usa,sex_m,age_ythadult_y15_24,geo_cov_urb,2019,11.225
usa,sex_m,age_ythadult_y15_24,geo_cov_urb,2020,17.832
usa,sex_m,age_ythadult_y15_24,geo_cov_urb,2021,13.035
usa,sex_m,age_ythadult_y15_24,geo_cov_urb,2022,10.825
usa,sex_m,age_ythadult_y15_24,geo_cov_urb,2023,11.093
usa,sex_m,age_ythadult_y15_24,geo_cov_urb,2024,12.229
usa,sex_m,age_ythadult_y15_24,geo_cov_urb,2025,13.835
usa,sex_m,age_ythadult_y15_64,geo_cov_nat,2005,5.962
usa,sex_m,age_ythadult_y15_64,geo_cov_nat,2006,5.474
usa,sex_m,age_ythadult_y15_64,geo_cov_nat,2007,5.56
usa,sex_m,age_ythadult_y15_64,geo_cov_nat,2008,6.992
usa,sex_m,age_ythadult_y15_64,geo_cov_nat,2009,11.548
usa,sex_m,age_ythadult_y15_64,geo_cov_nat,2010,11.882
usa,sex_m,age_ythadult_y15_64,geo_cov_nat,2011,10.709
usa,sex_m,age_ythadult_y15_64,geo_cov_nat,2012,9.543
usa,sex_m,age_ythadult_y15_64,geo_cov_nat,2013,8.893
usa,sex_m,age_ythadult_y15_64,geo_cov_nat,2014,7.474
usa,sex_m,age_ythadult_y15_64,geo_cov_nat,2015,6.476
usa,sex_m,age_ythadult_y15_64,geo_cov_nat,2016,5.965
usa,sex_m,age_ythadult_y15_64,geo_cov_nat,2017,5.31
usa,sex_m,age_ythadult_y15_64,geo_cov_nat,2018,4.806
usa,sex_m,age_ythadult_y15_64,geo_cov_nat,2019,4.536
usa,sex_m,age_ythadult_y15_64,geo_cov_nat,2020,8.853
usa,sex_m,age_ythadult_y15_64,geo_cov_nat,2021,6.502
usa,sex_m,age_ythadult_y15_64,geo_cov_nat,2022,4.543
usa,sex_m,age_ythadult_y15_64,geo_cov_nat,2023,4.647
usa,sex_m,age_ythadult_y15_64,geo_cov_nat,2024,5.02
usa,sex_m,age_ythadult_y15_64,geo_cov_nat,2025,5.351
usa,sex_m,age_ythadult_y15_64,geo_cov_rur,2005,6.352
usa,sex_m,age_ythadult_y15_64,geo_cov_rur,2006,5.713
usa,sex_m,age_ythadult_y15_64,geo_cov_rur,2007,5.814
usa,sex_m,age_ythadult_y15_64,geo_cov_rur,2008,6.962
usa,sex_m,age_ythadult_y15_64,geo_cov_rur,2009,11.582
usa,sex_m,age_ythadult_y15_64,geo_cov_rur,2010,11.651
usa,sex_m,age_ythadult_y15_64,geo_cov_rur,2011,10.443
usa,sex_m,age_ythadult_y15_64,geo_cov_rur,2012,9.386
usa,sex_m,age_ythadult_y15_64,geo_cov_rur,2013,9.099
usa,sex_m,age_ythadult_y15_64,geo_cov_rur,2014,7.745
usa,sex_m,age_ythadult_y15_64,geo_cov_rur,2015,7.307
usa,sex_m,age_ythadult_y15_64,geo_cov_rur,2016,6.783
usa,sex_m,age_ythadult_y15_64,geo_cov_rur,2017,6.236
usa,sex_m,age_ythadult_y15_64,geo_cov_rur,2018,5.466
usa,sex_m,age_ythadult_y15_64,geo_cov_rur,2019,5.095
usa,sex_m,age_ythadult_y15_64,geo_cov_rur,2020,7.88
usa,sex_m,age_ythadult_y15_64,geo_cov_rur,2021,5.796
usa,sex_m,age_ythadult_y15_64,geo_cov_rur,2022,4.601
usa,sex_m,age_ythadult_y15_64,geo_cov_rur,2023,4.675
usa,sex_m,age_ythadult_y15_64,geo_cov_rur,2024,4.796
usa,sex_m,age_ythadult_y15_64,geo_cov_rur,2025,5.278
usa,sex_m,age_ythadult_y15_64,geo_cov_urb,2005,5.868
usa,sex_m,age_ythadult_y15_64,geo_cov_urb,2006,5.42
usa,sex_m,age_ythadult_y15_64,geo_cov_urb,2007,5.503
usa,sex_m,age_ythadult_y15_64,geo_cov_urb,2008,6.998
usa,sex_m,age_ythadult_y15_64,geo_cov_urb,2009,11.541
usa,sex_m,age_ythadult_y15_64,geo_cov_urb,2010,11.934
usa,sex_m,age_ythadult_y15_64,geo_cov_urb,2011,10.767
usa,sex_m,age_ythadult_y15_64,geo_cov_urb,2012,9.576
usa,sex_m,age_ythadult_y15_64,geo_cov_urb,2013,8.849
usa,sex_m,age_ythadult_y15_64,geo_cov_urb,2014,7.417
usa,sex_m,age_ythadult_y15_64,geo_cov_urb,2015,6.31
usa,sex_m,age_ythadult_y15_64,geo_cov_urb,2016,5.809
usa,sex_m,age_ythadult_y15_64,geo_cov_urb,2017,5.134
usa,sex_m,age_ythadult_y15_64,geo_cov_urb,2018,4.681
usa,sex_m,age_ythadult_y15_64,geo_cov_urb,2019,4.432
usa,sex_m,age_ythadult_y15_64,geo_cov_urb,2020,9.031
usa,sex_m,age_ythadult_y15_64,geo_cov_urb,2021,6.629
usa,sex_m,age_ythadult_y15_64,geo_cov_urb,2022,4.533
usa,sex_m,age_ythadult_y15_64,geo_cov_urb,2023,4.641
usa,sex_m,age_ythadult_y15_64,geo_cov_urb,2024,5.061
usa,sex_m,age_ythadult_y15_64,geo_cov_urb,2025,5.364
usa,sex_m,age_ythadult_yge15,geo_cov_nat,2005,5.924
usa,sex_m,age_ythadult_yge15,geo_cov_nat,2006,5.416
usa,sex_m,age_ythadult_yge15,geo_cov_nat,2007,5.511
usa,sex_m,age_ythadult_yge15,geo_cov_nat,2008,6.933
usa,sex_m,age_ythadult_yge15,geo_cov_nat,2009,11.395
usa,sex_m,age_ythadult_yge15,geo_cov_nat,2010,11.746
usa,sex_m,age_ythadult_yge15,geo_cov_nat,2011,10.597
usa,sex_m,age_ythadult_yge15,geo_cov_nat,2012,9.453
usa,sex_m,age_ythadult_yge15,geo_cov_nat,2013,8.805
usa,sex_m,age_ythadult_yge15,geo_cov_nat,2014,7.406
usa,sex_m,age_ythadult_yge15,geo_cov_nat,2015,6.41
usa,sex_m,age_ythadult_yge15,geo_cov_nat,2016,5.918
usa,sex_m,age_ythadult_yge15,geo_cov_nat,2017,5.274
usa,sex_m,age_ythadult_yge15,geo_cov_nat,2018,4.784
usa,sex_m,age_ythadult_yge15,geo_cov_nat,2019,4.488
usa,sex_m,age_ythadult_yge15,geo_cov_nat,2020,8.803
usa,sex_m,age_ythadult_yge15,geo_cov_nat,2021,6.423
usa,sex_m,age_ythadult_yge15,geo_cov_nat,2022,4.517
usa,sex_m,age_ythadult_yge15,geo_cov_nat,2023,4.58
usa,sex_m,age_ythadult_yge15,geo_cov_nat,2024,4.955
usa,sex_m,age_ythadult_yge15,geo_cov_nat,2025,5.284
usa,sex_m,age_ythadult_yge15,geo_cov_rur,2005,6.261
usa,sex_m,age_ythadult_yge15,geo_cov_rur,2006,5.628
usa,sex_m,age_ythadult_yge15,geo_cov_rur,2007,5.695
usa,sex_m,age_ythadult_yge15,geo_cov_rur,2008,6.838
usa,sex_m,age_ythadult_yge15,geo_cov_rur,2009,11.267
usa,sex_m,age_ythadult_yge15,geo_cov_rur,2010,11.394
usa,sex_m,age_ythadult_yge15,geo_cov_rur,2011,10.238
usa,sex_m,age_ythadult_yge15,geo_cov_rur,2012,9.173
usa,sex_m,age_ythadult_yge15,geo_cov_rur,2013,8.868
usa,sex_m,age_ythadult_yge15,geo_cov_rur,2014,7.505
usa,sex_m,age_ythadult_yge15,geo_cov_rur,2015,7.078
usa,sex_m,age_ythadult_yge15,geo_cov_rur,2016,6.606
usa,sex_m,age_ythadult_yge15,geo_cov_rur,2017,6.076
usa,sex_m,age_ythadult_yge15,geo_cov_rur,2018,5.333
usa,sex_m,age_ythadult_yge15,geo_cov_rur,2019,4.95
usa,sex_m,age_ythadult_yge15,geo_cov_rur,2020,7.655
usa,sex_m,age_ythadult_yge15,geo_cov_rur,2021,5.558
usa,sex_m,age_ythadult_yge15,geo_cov_rur,2022,4.509
usa,sex_m,age_ythadult_yge15,geo_cov_rur,2023,4.559
usa,sex_m,age_ythadult_yge15,geo_cov_rur,2024,4.706
usa,sex_m,age_ythadult_yge15,geo_cov_rur,2025,5.097
usa,sex_m,age_ythadult_yge15,geo_cov_urb,2005,5.843
usa,sex_m,age_ythadult_yge15,geo_cov_urb,2006,5.367
usa,sex_m,age_ythadult_yge15,geo_cov_urb,2007,5.469
usa,sex_m,age_ythadult_yge15,geo_cov_urb,2008,6.954
usa,sex_m,age_ythadult_yge15,geo_cov_urb,2009,11.423
usa,sex_m,age_ythadult_yge15,geo_cov_urb,2010,11.825
usa,sex_m,age_ythadult_yge15,geo_cov_urb,2011,10.678
usa,sex_m,age_ythadult_yge15,geo_cov_urb,2012,9.514
usa,sex_m,age_ythadult_yge15,geo_cov_urb,2013,8.791
usa,sex_m,age_ythadult_yge15,geo_cov_urb,2014,7.385
usa,sex_m,age_ythadult_yge15,geo_cov_urb,2015,6.274
usa,sex_m,age_ythadult_yge15,geo_cov_urb,2016,5.784
usa,sex_m,age_ythadult_yge15,geo_cov_urb,2017,5.119
usa,sex_m,age_ythadult_yge15,geo_cov_urb,2018,4.678
usa,sex_m,age_ythadult_yge15,geo_cov_urb,2019,4.401
usa,sex_m,age_ythadult_yge15,geo_cov_urb,2020,9.017
usa,sex_m,age_ythadult_yge15,geo_cov_urb,2021,6.58
usa,sex_m,age_ythadult_yge15,geo_cov_urb,2022,4.519
usa,sex_m,age_ythadult_yge15,geo_cov_urb,2023,4.583
usa,sex_m,age_ythadult_yge15,geo_cov_urb,2024,5.002
usa,sex_m,age_ythadult_yge15,geo_cov_urb,2025,5.32
usa,sex_m,age_ythadult_yge25,geo_cov_nat,2005,4.369
usa,sex_m,age_ythadult_yge25,geo_cov_nat,2006,4.006
usa,sex_m,age_ythadult_yge25,geo_cov_nat,2007,4.096
usa,sex_m,age_ythadult_yge25,geo_cov_nat,2008,5.308
usa,sex_m,age_ythadult_yge25,geo_cov_nat,2009,9.528
usa,sex_m,age_ythadult_yge25,geo_cov_nat,2010,9.842
usa,sex_m,age_ythadult_yge25,geo_cov_nat,2011,8.834
usa,sex_m,age_ythadult_yge25,geo_cov_nat,2012,7.673
usa,sex_m,age_ythadult_yge25,geo_cov_nat,2013,7.023
usa,sex_m,age_ythadult_yge25,geo_cov_nat,2014,5.828
usa,sex_m,age_ythadult_yge25,geo_cov_nat,2015,5.064
usa,sex_m,age_ythadult_yge25,geo_cov_nat,2016,4.698
usa,sex_m,age_ythadult_yge25,geo_cov_nat,2017,4.178
usa,sex_m,age_ythadult_yge25,geo_cov_nat,2018,3.777
usa,sex_m,age_ythadult_yge25,geo_cov_nat,2019,3.507
usa,sex_m,age_ythadult_yge25,geo_cov_nat,2020,7.608
usa,sex_m,age_ythadult_yge25,geo_cov_nat,2021,5.534
usa,sex_m,age_ythadult_yge25,geo_cov_nat,2022,3.608
usa,sex_m,age_ythadult_yge25,geo_cov_nat,2023,3.66
usa,sex_m,age_ythadult_yge25,geo_cov_nat,2024,3.931
usa,sex_m,age_ythadult_yge25,geo_cov_nat,2025,4.085
usa,sex_m,age_ythadult_yge25,geo_cov_rur,2005,4.56
usa,sex_m,age_ythadult_yge25,geo_cov_rur,2006,4.201
usa,sex_m,age_ythadult_yge25,geo_cov_rur,2007,4.186
usa,sex_m,age_ythadult_yge25,geo_cov_rur,2008,5.132
usa,sex_m,age_ythadult_yge25,geo_cov_rur,2009,9.331
usa,sex_m,age_ythadult_yge25,geo_cov_rur,2010,9.354
usa,sex_m,age_ythadult_yge25,geo_cov_rur,2011,8.317
usa,sex_m,age_ythadult_yge25,geo_cov_rur,2012,7.29
usa,sex_m,age_ythadult_yge25,geo_cov_rur,2013,6.959
usa,sex_m,age_ythadult_yge25,geo_cov_rur,2014,5.696
usa,sex_m,age_ythadult_yge25,geo_cov_rur,2015,5.362
usa,sex_m,age_ythadult_yge25,geo_cov_rur,2016,5.368
usa,sex_m,age_ythadult_yge25,geo_cov_rur,2017,4.864
usa,sex_m,age_ythadult_yge25,geo_cov_rur,2018,4.168
usa,sex_m,age_ythadult_yge25,geo_cov_rur,2019,3.839
usa,sex_m,age_ythadult_yge25,geo_cov_rur,2020,6.508
usa,sex_m,age_ythadult_yge25,geo_cov_rur,2021,4.757
usa,sex_m,age_ythadult_yge25,geo_cov_rur,2022,3.431
usa,sex_m,age_ythadult_yge25,geo_cov_rur,2023,3.712
usa,sex_m,age_ythadult_yge25,geo_cov_rur,2024,3.677
usa,sex_m,age_ythadult_yge25,geo_cov_rur,2025,3.96
usa,sex_m,age_ythadult_yge25,geo_cov_urb,2005,4.324
usa,sex_m,age_ythadult_yge25,geo_cov_urb,2006,3.961
usa,sex_m,age_ythadult_yge25,geo_cov_urb,2007,4.075
usa,sex_m,age_ythadult_yge25,geo_cov_urb,2008,5.347
usa,sex_m,age_ythadult_yge25,geo_cov_urb,2009,9.572
usa,sex_m,age_ythadult_yge25,geo_cov_urb,2010,9.951
usa,sex_m,age_ythadult_yge25,geo_cov_urb,2011,8.948
usa,sex_m,age_ythadult_yge25,geo_cov_urb,2012,7.756
usa,sex_m,age_ythadult_yge25,geo_cov_urb,2013,7.037
usa,sex_m,age_ythadult_yge25,geo_cov_urb,2014,5.855
usa,sex_m,age_ythadult_yge25,geo_cov_urb,2015,5.004
usa,sex_m,age_ythadult_yge25,geo_cov_urb,2016,4.569
usa,sex_m,age_ythadult_yge25,geo_cov_urb,2017,4.047
usa,sex_m,age_ythadult_yge25,geo_cov_urb,2018,3.703
usa,sex_m,age_ythadult_yge25,geo_cov_urb,2019,3.445
usa,sex_m,age_ythadult_yge25,geo_cov_urb,2020,7.81
usa,sex_m,age_ythadult_yge25,geo_cov_urb,2021,5.674
usa,sex_m,age_ythadult_yge25,geo_cov_urb,2022,3.64
usa,sex_m,age_ythadult_yge25,geo_cov_urb,2023,3.651
usa,sex_m,age_ythadult_yge25,geo_cov_urb,2024,3.977
usa,sex_m,age_ythadult_yge25,geo_cov_urb,2025,4.108
usa,sex_t,age_aggregate_total,geo_cov_nat,2005,6.04
usa,sex_t,age_aggregate_total,geo_cov_nat,2006,5.525
usa,sex_t,age_aggregate_total,geo_cov_nat,2007,5.481
usa,sex_t,age_aggregate_total,geo_cov_nat,2008,6.713
usa,sex_t,age_aggregate_total,geo_cov_nat,2009,10.418
usa,sex_t,age_aggregate_total,geo_cov_nat,2010,10.911
usa,sex_t,age_aggregate_total,geo_cov_nat,2011,10.249
usa,sex_t,age_aggregate_total,geo_cov_nat,2012,9.4
usa,sex_t,age_aggregate_total,geo_cov_nat,2013,8.639
usa,sex_t,age_aggregate_total,geo_cov_nat,2014,7.39
usa,sex_t,age_aggregate_total,geo_cov_nat,2015,6.394
usa,sex_t,age_aggregate_total,geo_cov_nat,2016,5.905
usa,sex_t,age_aggregate_total,geo_cov_nat,2017,5.284
usa,sex_t,age_aggregate_total,geo_cov_nat,2018,4.766
usa,sex_t,age_aggregate_total,geo_cov_nat,2019,4.476
usa,sex_t,age_aggregate_total,geo_cov_nat,2020,9.065
usa,sex_t,age_aggregate_total,geo_cov_nat,2021,6.329
usa,sex_t,age_aggregate_total,geo_cov_nat,2022,4.543
usa,sex_t,age_aggregate_total,geo_cov_nat,2023,4.476
usa,sex_t,age_aggregate_total,geo_cov_nat,2024,4.91
usa,sex_t,age_aggregate_total,geo_cov_nat,2025,5.243
usa,sex_t,age_aggregate_total,geo_cov_rur,2005,6.255
usa,sex_t,age_aggregate_total,geo_cov_rur,2006,5.677
usa,sex_t,age_aggregate_total,geo_cov_rur,2007,5.593
usa,sex_t,age_aggregate_total,geo_cov_rur,2008,6.487
usa,sex_t,age_aggregate_total,geo_cov_rur,2009,9.875
usa,sex_t,age_aggregate_total,geo_cov_rur,2010,10.378
usa,sex_t,age_aggregate_total,geo_cov_rur,2011,9.607
usa,sex_t,age_aggregate_total,geo_cov_rur,2012,8.952
usa,sex_t,age_aggregate_total,geo_cov_rur,2013,8.656
usa,sex_t,age_aggregate_total,geo_cov_rur,2014,7.383
usa,sex_t,age_aggregate_total,geo_cov_rur,2015,6.835
usa,sex_t,age_aggregate_total,geo_cov_rur,2016,6.388
usa,sex_t,age_aggregate_total,geo_cov_rur,2017,5.752
usa,sex_t,age_aggregate_total,geo_cov_rur,2018,5.124
usa,sex_t,age_aggregate_total,geo_cov_rur,2019,4.817
usa,sex_t,age_aggregate_total,geo_cov_rur,2020,7.586
usa,sex_t,age_aggregate_total,geo_cov_rur,2021,5.323
usa,sex_t,age_aggregate_total,geo_cov_rur,2022,4.396
usa,sex_t,age_aggregate_total,geo_cov_rur,2023,4.374
usa,sex_t,age_aggregate_total,geo_cov_rur,2024,4.532
usa,sex_t,age_aggregate_total,geo_cov_rur,2025,4.907
usa,sex_t,age_aggregate_total,geo_cov_urb,2005,5.989
usa,sex_t,age_aggregate_total,geo_cov_urb,2006,5.489
usa,sex_t,age_aggregate_total,geo_cov_urb,2007,5.456
usa,sex_t,age_aggregate_total,geo_cov_urb,2008,6.764
usa,sex_t,age_aggregate_total,geo_cov_urb,2009,10.541
usa,sex_t,age_aggregate_total,geo_cov_urb,2010,11.032
usa,sex_t,age_aggregate_total,geo_cov_urb,2011,10.393
usa,sex_t,age_aggregate_total,geo_cov_urb,2012,9.497
usa,sex_t,age_aggregate_total,geo_cov_urb,2013,8.635
usa,sex_t,age_aggregate_total,geo_cov_urb,2014,7.391
usa,sex_t,age_aggregate_total,geo_cov_urb,2015,6.305
usa,sex_t,age_aggregate_total,geo_cov_urb,2016,5.811
usa,sex_t,age_aggregate_total,geo_cov_urb,2017,5.194
usa,sex_t,age_aggregate_total,geo_cov_urb,2018,4.698
usa,sex_t,age_aggregate_total,geo_cov_urb,2019,4.412
usa,sex_t,age_aggregate_total,geo_cov_urb,2020,9.341
usa,sex_t,age_aggregate_total,geo_cov_urb,2021,6.513
usa,sex_t,age_aggregate_total,geo_cov_urb,2022,4.57
usa,sex_t,age_aggregate_total,geo_cov_urb,2023,4.494
usa,sex_t,age_aggregate_total,geo_cov_urb,2024,4.981
usa,sex_t,age_aggregate_total,geo_cov_urb,2025,5.306
usa,sex_t,age_aggregate_y15_24,geo_cov_nat,2005,13.755
usa,sex_t,age_aggregate_y15_24,geo_cov_nat,2006,12.879
usa,sex_t,age_aggregate_y15_24,geo_cov_nat,2007,12.817
usa,sex_t,age_aggregate_y15_24,geo_cov_nat,2008,15.224
usa,sex_t,age_aggregate_y15_24,geo_cov_nat,2009,20.412
usa,sex_t,age_aggregate_y15_24,geo_cov_nat,2010,21.416
usa,sex_t,age_aggregate_y15_24,geo_cov_nat,2011,20.173
usa,sex_t,age_aggregate_y15_24,geo_cov_nat,2012,19.228
usa,sex_t,age_aggregate_y15_24,geo_cov_nat,2013,18.463
usa,sex_t,age_aggregate_y15_24,geo_cov_nat,2014,16.223
usa,sex_t,age_aggregate_y15_24,geo_cov_nat,2015,14.037
usa,sex_t,age_aggregate_y15_24,geo_cov_nat,2016,12.833
usa,sex_t,age_aggregate_y15_24,geo_cov_nat,2017,11.408
usa,sex_t,age_aggregate_y15_24,geo_cov_nat,2018,10.72
usa,sex_t,age_aggregate_y15_24,geo_cov_nat,2019,10.323
usa,sex_t,age_aggregate_y15_24,geo_cov_nat,2020,17.13
usa,sex_t,age_aggregate_y15_24,geo_cov_nat,2021,11.706
usa,sex_t,age_aggregate_y15_24,geo_cov_nat,2022,10.165
usa,sex_t,age_aggregate_y15_24,geo_cov_nat,2023,9.984
usa,sex_t,age_aggregate_y15_24,geo_cov_nat,2024,11.123
usa,sex_t,age_aggregate_y15_24,geo_cov_nat,2025,12.521
usa,sex_t,age_aggregate_y15_24,geo_cov_rur,2005,14.792
usa,sex_t,age_aggregate_y15_24,geo_cov_rur,2006,13.28
usa,sex_t,age_aggregate_y15_24,geo_cov_rur,2007,13.403
usa,sex_t,age_aggregate_y15_24,geo_cov_rur,2008,15.178
usa,sex_t,age_aggregate_y15_24,geo_cov_rur,2009,19.803
usa,sex_t,age_aggregate_y15_24,geo_cov_rur,2010,21.36
usa,sex_t,age_aggregate_y15_24,geo_cov_rur,2011,19.785
usa,sex_t,age_aggregate_y15_24,geo_cov_rur,2012,19.05
usa,sex_t,age_aggregate_y15_24,geo_cov_rur,2013,19.683
usa,sex_t,age_aggregate_y15_24,geo_cov_rur,2014,17.086
usa,sex_t,age_aggregate_y15_24,geo_cov_rur,2015,15.713
usa,sex_t,age_aggregate_y15_24,geo_cov_rur,2016,13.639
usa,sex_t,age_aggregate_y15_24,geo_cov_rur,2017,11.888
usa,sex_t,age_aggregate_y15_24,geo_cov_rur,2018,11.391
usa,sex_t,age_aggregate_y15_24,geo_cov_rur,2019,10.568
usa,sex_t,age_aggregate_y15_24,geo_cov_rur,2020,14.739
usa,sex_t,age_aggregate_y15_24,geo_cov_rur,2021,9.914
usa,sex_t,age_aggregate_y15_24,geo_cov_rur,2022,10.114
usa,sex_t,age_aggregate_y15_24,geo_cov_rur,2023,9.16
usa,sex_t,age_aggregate_y15_24,geo_cov_rur,2024,10.273
usa,sex_t,age_aggregate_y15_24,geo_cov_rur,2025,11.149
usa,sex_t,age_aggregate_y15_24,geo_cov_urb,2005,13.497
usa,sex_t,age_aggregate_y15_24,geo_cov_urb,2006,12.782
usa,sex_t,age_aggregate_y15_24,geo_cov_urb,2007,12.676
usa,sex_t,age_aggregate_y15_24,geo_cov_urb,2008,15.235
usa,sex_t,age_aggregate_y15_24,geo_cov_urb,2009,20.558
usa,sex_t,age_aggregate_y15_24,geo_cov_urb,2010,21.43
usa,sex_t,age_aggregate_y15_24,geo_cov_urb,2011,20.266
usa,sex_t,age_aggregate_y15_24,geo_cov_urb,2012,19.269
usa,sex_t,age_aggregate_y15_24,geo_cov_urb,2013,18.195
usa,sex_t,age_aggregate_y15_24,geo_cov_urb,2014,16.028
usa,sex_t,age_aggregate_y15_24,geo_cov_urb,2015,13.671
usa,sex_t,age_aggregate_y15_24,geo_cov_urb,2016,12.67
usa,sex_t,age_aggregate_y15_24,geo_cov_urb,2017,11.31
usa,sex_t,age_aggregate_y15_24,geo_cov_urb,2018,10.581
usa,sex_t,age_aggregate_y15_24,geo_cov_urb,2019,10.272
usa,sex_t,age_aggregate_y15_24,geo_cov_urb,2020,17.609
usa,sex_t,age_aggregate_y15_24,geo_cov_urb,2021,12.06
usa,sex_t,age_aggregate_y15_24,geo_cov_urb,2022,10.175
usa,sex_t,age_aggregate_y15_24,geo_cov_urb,2023,10.15
usa,sex_t,age_aggregate_y15_24,geo_cov_urb,2024,11.3
usa,sex_t,age_aggregate_y15_24,geo_cov_urb,2025,12.811
usa,sex_t,age_aggregate_y25_54,geo_cov_nat,2005,4.774
usa,sex_t,age_aggregate_y25_54,geo_cov_nat,2006,4.356
usa,sex_t,age_aggregate_y25_54,geo_cov_nat,2007,4.328
usa,sex_t,age_aggregate_y25_54,geo_cov_nat,2008,5.454
usa,sex_t,age_aggregate_y25_54,geo_cov_nat,2009,9.111
usa,sex_t,age_aggregate_y25_54,geo_cov_nat,2010,9.511
usa,sex_t,age_aggregate_y25_54,geo_cov_nat,2011,8.878
usa,sex_t,age_aggregate_y25_54,geo_cov_nat,2012,7.967
usa,sex_t,age_aggregate_y25_54,geo_cov_nat,2013,7.23
usa,sex_t,age_aggregate_y25_54,geo_cov_nat,2014,6.108
usa,sex_t,age_aggregate_y25_54,geo_cov_nat,2015,5.29
usa,sex_t,age_aggregate_y25_54,geo_cov_nat,2016,4.895
usa,sex_t,age_aggregate_y25_54,geo_cov_nat,2017,4.412
usa,sex_t,age_aggregate_y25_54,geo_cov_nat,2018,3.899
usa,sex_t,age_aggregate_y25_54,geo_cov_nat,2019,3.672
usa,sex_t,age_aggregate_y25_54,geo_cov_nat,2020,7.91
usa,sex_t,age_aggregate_y25_54,geo_cov_nat,2021,5.678
usa,sex_t,age_aggregate_y25_54,geo_cov_nat,2022,3.802
usa,sex_t,age_aggregate_y25_54,geo_cov_nat,2023,3.738
usa,sex_t,age_aggregate_y25_54,geo_cov_nat,2024,4.095
usa,sex_t,age_aggregate_y25_54,geo_cov_nat,2025,4.255
usa,sex_t,age_aggregate_y25_54,geo_cov_rur,2005,4.875
usa,sex_t,age_aggregate_y25_54,geo_cov_rur,2006,4.527
usa,sex_t,age_aggregate_y25_54,geo_cov_rur,2007,4.384
usa,sex_t,age_aggregate_y25_54,geo_cov_rur,2008,5.24
usa,sex_t,age_aggregate_y25_54,geo_cov_rur,2009,8.712
usa,sex_t,age_aggregate_y25_54,geo_cov_rur,2010,9.105
usa,sex_t,age_aggregate_y25_54,geo_cov_rur,2011,8.436
usa,sex_t,age_aggregate_y25_54,geo_cov_rur,2012,7.599
usa,sex_t,age_aggregate_y25_54,geo_cov_rur,2013,7.33
usa,sex_t,age_aggregate_y25_54,geo_cov_rur,2014,6.19
usa,sex_t,age_aggregate_y25_54,geo_cov_rur,2015,5.735
usa,sex_t,age_aggregate_y25_54,geo_cov_rur,2016,5.677
usa,sex_t,age_aggregate_y25_54,geo_cov_rur,2017,5.213
usa,sex_t,age_aggregate_y25_54,geo_cov_rur,2018,4.34
usa,sex_t,age_aggregate_y25_54,geo_cov_rur,2019,4.251
usa,sex_t,age_aggregate_y25_54,geo_cov_rur,2020,6.663
usa,sex_t,age_aggregate_y25_54,geo_cov_rur,2021,4.925
usa,sex_t,age_aggregate_y25_54,geo_cov_rur,2022,3.636
usa,sex_t,age_aggregate_y25_54,geo_cov_rur,2023,3.816
usa,sex_t,age_aggregate_y25_54,geo_cov_rur,2024,3.901
usa,sex_t,age_aggregate_y25_54,geo_cov_rur,2025,4.171
usa,sex_t,age_aggregate_y25_54,geo_cov_urb,2005,4.751
usa,sex_t,age_aggregate_y25_54,geo_cov_urb,2006,4.318
usa,sex_t,age_aggregate_y25_54,geo_cov_urb,2007,4.315
usa,sex_t,age_aggregate_y25_54,geo_cov_urb,2008,5.5
usa,sex_t,age_aggregate_y25_54,geo_cov_urb,2009,9.198
usa,sex_t,age_aggregate_y25_54,geo_cov_urb,2010,9.598
usa,sex_t,age_aggregate_y25_54,geo_cov_urb,2011,8.971
usa,sex_t,age_aggregate_y25_54,geo_cov_urb,2012,8.043
usa,sex_t,age_aggregate_y25_54,geo_cov_urb,2013,7.21
usa,sex_t,age_aggregate_y25_54,geo_cov_urb,2014,6.091
usa,sex_t,age_aggregate_y25_54,geo_cov_urb,2015,5.206
usa,sex_t,age_aggregate_y25_54,geo_cov_urb,2016,4.753
usa,sex_t,age_aggregate_y25_54,geo_cov_urb,2017,4.27
usa,sex_t,age_aggregate_y25_54,geo_cov_urb,2018,3.821
usa,sex_t,age_aggregate_y25_54,geo_cov_urb,2019,3.57
usa,sex_t,age_aggregate_y25_54,geo_cov_urb,2020,8.127
usa,sex_t,age_aggregate_y25_54,geo_cov_urb,2021,5.805
usa,sex_t,age_aggregate_y25_54,geo_cov_urb,2022,3.83
usa,sex_t,age_aggregate_y25_54,geo_cov_urb,2023,3.725
usa,sex_t,age_aggregate_y25_54,geo_cov_urb,2024,4.129
usa,sex_t,age_aggregate_y25_54,geo_cov_urb,2025,4.27
usa,sex_t,age_aggregate_y55_64,geo_cov_nat,2005,3.94
usa,sex_t,age_aggregate_y55_64,geo_cov_nat,2006,3.547
usa,sex_t,age_aggregate_y55_64,geo_cov_nat,2007,3.627
usa,sex_t,age_aggregate_y55_64,geo_cov_nat,2008,4.304
usa,sex_t,age_aggregate_y55_64,geo_cov_nat,2009,7.441
usa,sex_t,age_aggregate_y55_64,geo_cov_nat,2010,8.101
usa,sex_t,age_aggregate_y55_64,geo_cov_nat,2011,7.662
usa,sex_t,age_aggregate_y55_64,geo_cov_nat,2012,6.984
usa,sex_t,age_aggregate_y55_64,geo_cov_nat,2013,6.201
usa,sex_t,age_aggregate_y55_64,geo_cov_nat,2014,5.23
usa,sex_t,age_aggregate_y55_64,geo_cov_nat,2015,4.69
usa,sex_t,age_aggregate_y55_64,geo_cov_nat,2016,4.341
usa,sex_t,age_aggregate_y55_64,geo_cov_nat,2017,3.806
usa,sex_t,age_aggregate_y55_64,geo_cov_nat,2018,3.473
usa,sex_t,age_aggregate_y55_64,geo_cov_nat,2019,3.15
usa,sex_t,age_aggregate_y55_64,geo_cov_nat,2020,7.469
usa,sex_t,age_aggregate_y55_64,geo_cov_nat,2021,4.944
usa,sex_t,age_aggregate_y55_64,geo_cov_nat,2022,3.121
usa,sex_t,age_aggregate_y55_64,geo_cov_nat,2023,3.076
usa,sex_t,age_aggregate_y55_64,geo_cov_nat,2024,3.368
usa,sex_t,age_aggregate_y55_64,geo_cov_nat,2025,3.524
usa,sex_t,age_aggregate_y55_64,geo_cov_rur,2005,3.915
usa,sex_t,age_aggregate_y55_64,geo_cov_rur,2006,3.317
usa,sex_t,age_aggregate_y55_64,geo_cov_rur,2007,3.442
usa,sex_t,age_aggregate_y55_64,geo_cov_rur,2008,3.759
usa,sex_t,age_aggregate_y55_64,geo_cov_rur,2009,6.537
usa,sex_t,age_aggregate_y55_64,geo_cov_rur,2010,6.75
usa,sex_t,age_aggregate_y55_64,geo_cov_rur,2011,6.192
usa,sex_t,age_aggregate_y55_64,geo_cov_rur,2012,6.185
usa,sex_t,age_aggregate_y55_64,geo_cov_rur,2013,5.239
usa,sex_t,age_aggregate_y55_64,geo_cov_rur,2014,4.284
usa,sex_t,age_aggregate_y55_64,geo_cov_rur,2015,4.096
usa,sex_t,age_aggregate_y55_64,geo_cov_rur,2016,3.894
usa,sex_t,age_aggregate_y55_64,geo_cov_rur,2017,3.332
usa,sex_t,age_aggregate_y55_64,geo_cov_rur,2018,3.345
usa,sex_t,age_aggregate_y55_64,geo_cov_rur,2019,2.921
usa,sex_t,age_aggregate_y55_64,geo_cov_rur,2020,6.047
usa,sex_t,age_aggregate_y55_64,geo_cov_rur,2021,4.005
usa,sex_t,age_aggregate_y55_64,geo_cov_rur,2022,2.786
usa,sex_t,age_aggregate_y55_64,geo_cov_rur,2023,2.714
usa,sex_t,age_aggregate_y55_64,geo_cov_rur,2024,2.393
usa,sex_t,age_aggregate_y55_64,geo_cov_rur,2025,3.034
usa,sex_t,age_aggregate_y55_64,geo_cov_urb,2005,3.947
usa,sex_t,age_aggregate_y55_64,geo_cov_urb,2006,3.609
usa,sex_t,age_aggregate_y55_64,geo_cov_urb,2007,3.676
usa,sex_t,age_aggregate_y55_64,geo_cov_urb,2008,4.446
usa,sex_t,age_aggregate_y55_64,geo_cov_urb,2009,7.67
usa,sex_t,age_aggregate_y55_64,geo_cov_urb,2010,8.443
usa,sex_t,age_aggregate_y55_64,geo_cov_urb,2011,8.034
usa,sex_t,age_aggregate_y55_64,geo_cov_urb,2012,7.18
usa,sex_t,age_aggregate_y55_64,geo_cov_urb,2013,6.433
usa,sex_t,age_aggregate_y55_64,geo_cov_urb,2014,5.453
usa,sex_t,age_aggregate_y55_64,geo_cov_urb,2015,4.823
usa,sex_t,age_aggregate_y55_64,geo_cov_urb,2016,4.441
usa,sex_t,age_aggregate_y55_64,geo_cov_urb,2017,3.912
usa,sex_t,age_aggregate_y55_64,geo_cov_urb,2018,3.501
usa,sex_t,age_aggregate_y55_64,geo_cov_urb,2019,3.199
usa,sex_t,age_aggregate_y55_64,geo_cov_urb,2020,7.765
usa,sex_t,age_aggregate_y55_64,geo_cov_urb,2021,5.136
usa,sex_t,age_aggregate_y55_64,geo_cov_urb,2022,3.189
usa,sex_t,age_aggregate_y55_64,geo_cov_urb,2023,3.146
usa,sex_t,age_aggregate_y55_64,geo_cov_urb,2024,3.562
usa,sex_t,age_aggregate_y55_64,geo_cov_urb,2025,3.624
usa,sex_t,age_aggregate_yge65,geo_cov_nat,2005,4.971
usa,sex_t,age_aggregate_yge65,geo_cov_nat,2006,4.167
usa,sex_t,age_aggregate_yge65,geo_cov_nat,2007,4.218
usa,sex_t,age_aggregate_yge65,geo_cov_nat,2008,5.432
usa,sex_t,age_aggregate_yge65,geo_cov_nat,2009,7.912
usa,sex_t,age_aggregate_yge65,geo_cov_nat,2010,8.485
usa,sex_t,age_aggregate_yge65,geo_cov_nat,2011,8.499
usa,sex_t,age_aggregate_yge65,geo_cov_nat,2012,8.118
usa,sex_t,age_aggregate_yge65,geo_cov_nat,2013,7.146
usa,sex_t,age_aggregate_yge65,geo_cov_nat,2014,6.396
usa,sex_t,age_aggregate_yge65,geo_cov_nat,2015,5.343
usa,sex_t,age_aggregate_yge65,geo_cov_nat,2016,5.359
usa,sex_t,age_aggregate_yge65,geo_cov_nat,2017,5.023
usa,sex_t,age_aggregate_yge65,geo_cov_nat,2018,4.595
usa,sex_t,age_aggregate_yge65,geo_cov_nat,2019,4.028
usa,sex_t,age_aggregate_yge65,geo_cov_nat,2020,8.71
usa,sex_t,age_aggregate_yge65,geo_cov_nat,2021,5.551
usa,sex_t,age_aggregate_yge65,geo_cov_nat,2022,4.206
usa,sex_t,age_aggregate_yge65,geo_cov_nat,2023,3.838
usa,sex_t,age_aggregate_yge65,geo_cov_nat,2024,4.211
usa,sex_t,age_aggregate_yge65,geo_cov_nat,2025,4.478
usa,sex_t,age_aggregate_yge65,geo_cov_rur,2005,4.078
usa,sex_t,age_aggregate_yge65,geo_cov_rur,2006,3.956
usa,sex_t,age_aggregate_yge65,geo_cov_rur,2007,3.791
usa,sex_t,age_aggregate_yge65,geo_cov_rur,2008,4.693
usa,sex_t,age_aggregate_yge65,geo_cov_rur,2009,5.975
usa,sex_t,age_aggregate_yge65,geo_cov_rur,2010,6.205
usa,sex_t,age_aggregate_yge65,geo_cov_rur,2011,6.356
usa,sex_t,age_aggregate_yge65,geo_cov_rur,2012,6.246
usa,sex_t,age_aggregate_yge65,geo_cov_rur,2013,6.092
usa,sex_t,age_aggregate_yge65,geo_cov_rur,2014,5.118
usa,sex_t,age_aggregate_yge65,geo_cov_rur,2015,4.773
usa,sex_t,age_aggregate_yge65,geo_cov_rur,2016,4.692
usa,sex_t,age_aggregate_yge65,geo_cov_rur,2017,4.516
usa,sex_t,age_aggregate_yge65,geo_cov_rur,2018,4.024
usa,sex_t,age_aggregate_yge65,geo_cov_rur,2019,3.184
usa,sex_t,age_aggregate_yge65,geo_cov_rur,2020,5.944
usa,sex_t,age_aggregate_yge65,geo_cov_rur,2021,3.345
usa,sex_t,age_aggregate_yge65,geo_cov_rur,2022,3.404
usa,sex_t,age_aggregate_yge65,geo_cov_rur,2023,3.367
usa,sex_t,age_aggregate_yge65,geo_cov_rur,2024,3.485
usa,sex_t,age_aggregate_yge65,geo_cov_rur,2025,3.105
usa,sex_t,age_aggregate_yge65,geo_cov_urb,2005,5.242
usa,sex_t,age_aggregate_yge65,geo_cov_urb,2006,4.23
usa,sex_t,age_aggregate_yge65,geo_cov_urb,2007,4.344
usa,sex_t,age_aggregate_yge65,geo_cov_urb,2008,5.649
usa,sex_t,age_aggregate_yge65,geo_cov_urb,2009,8.468
usa,sex_t,age_aggregate_yge65,geo_cov_urb,2010,9.126
usa,sex_t,age_aggregate_yge65,geo_cov_urb,2011,9.091
usa,sex_t,age_aggregate_yge65,geo_cov_urb,2012,8.629
usa,sex_t,age_aggregate_yge65,geo_cov_urb,2013,7.432
usa,sex_t,age_aggregate_yge65,geo_cov_urb,2014,6.728
usa,sex_t,age_aggregate_yge65,geo_cov_urb,2015,5.487
usa,sex_t,age_aggregate_yge65,geo_cov_urb,2016,5.52
usa,sex_t,age_aggregate_yge65,geo_cov_urb,2017,5.145
usa,sex_t,age_aggregate_yge65,geo_cov_urb,2018,4.729
usa,sex_t,age_aggregate_yge65,geo_cov_urb,2019,4.218
usa,sex_t,age_aggregate_yge65,geo_cov_urb,2020,9.356
usa,sex_t,age_aggregate_yge65,geo_cov_urb,2021,6.055
usa,sex_t,age_aggregate_yge65,geo_cov_urb,2022,4.38
usa,sex_t,age_aggregate_yge65,geo_cov_urb,2023,3.941
usa,sex_t,age_aggregate_yge65,geo_cov_urb,2024,4.373
usa,sex_t,age_aggregate_yge65,geo_cov_urb,2025,4.791
usa,sex_t,age_ythadult_y15_24,geo_cov_nat,2005,13.755
usa,sex_t,age_ythadult_y15_24,geo_cov_nat,2006,12.879
usa,sex_t,age_ythadult_y15_24,geo_cov_nat,2007,12.817
usa,sex_t,age_ythadult_y15_24,geo_cov_nat,2008,15.224
usa,sex_t,age_ythadult_y15_24,geo_cov_nat,2009,20.412
usa,sex_t,age_ythadult_y15_24,geo_cov_nat,2010,21.416
usa,sex_t,age_ythadult_y15_24,geo_cov_nat,2011,20.173
usa,sex_t,age_ythadult_y15_24,geo_cov_nat,2012,19.228
usa,sex_t,age_ythadult_y15_24,geo_cov_nat,2013,18.463
usa,sex_t,age_ythadult_y15_24,geo_cov_nat,2014,16.223
usa,sex_t,age_ythadult_y15_24,geo_cov_nat,2015,14.037
usa,sex_t,age_ythadult_y15_24,geo_cov_nat,2016,12.833
usa,sex_t,age_ythadult_y15_24,geo_cov_nat,2017,11.408
usa,sex_t,age_ythadult_y15_24,geo_cov_nat,2018,10.72
usa,sex_t,age_ythadult_y15_24,geo_cov_nat,2019,10.323
usa,sex_t,age_ythadult_y15_24,geo_cov_nat,2020,17.13
usa,sex_t,age_ythadult_y15_24,geo_cov_nat,2021,11.706
usa,sex_t,age_ythadult_y15_24,geo_cov_nat,2022,10.165
usa,sex_t,age_ythadult_y15_24,geo_cov_nat,2023,9.984
usa,sex_t,age_ythadult_y15_24,geo_cov_nat,2024,11.123
usa,sex_t,age_ythadult_y15_24,geo_cov_nat,2025,12.521
usa,sex_t,age_ythadult_y15_24,geo_cov_rur,2005,14.792
usa,sex_t,age_ythadult_y15_24,geo_cov_rur,2006,13.28
usa,sex_t,age_ythadult_y15_24,geo_cov_rur,2007,13.403
usa,sex_t,age_ythadult_y15_24,geo_cov_rur,2008,15.178
usa,sex_t,age_ythadult_y15_24,geo_cov_rur,2009,19.803
usa,sex_t,age_ythadult_y15_24,geo_cov_rur,2010,21.36
usa,sex_t,age_ythadult_y15_24,geo_cov_rur,2011,19.785
usa,sex_t,age_ythadult_y15_24,geo_cov_rur,2012,19.05
usa,sex_t,age_ythadult_y15_24,geo_cov_rur,2013,19.683
usa,sex_t,age_ythadult_y15_24,geo_cov_rur,2014,17.086
usa,sex_t,age_ythadult_y15_24,geo_cov_rur,2015,15.713
usa,sex_t,age_ythadult_y15_24,geo_cov_rur,2016,13.639
usa,sex_t,age_ythadult_y15_24,geo_cov_rur,2017,11.888
usa,sex_t,age_ythadult_y15_24,geo_cov_rur,2018,11.391
usa,sex_t,age_ythadult_y15_24,geo_cov_rur,2019,10.568
usa,sex_t,age_ythadult_y15_24,geo_cov_rur,2020,14.739
usa,sex_t,age_ythadult_y15_24,geo_cov_rur,2021,9.914
usa,sex_t,age_ythadult_y15_24,geo_cov_rur,2022,10.114
usa,sex_t,age_ythadult_y15_24,geo_cov_rur,2023,9.16
usa,sex_t,age_ythadult_y15_24,geo_cov_rur,2024,10.273
usa,sex_t,age_ythadult_y15_24,geo_cov_rur,2025,11.149
usa,sex_t,age_ythadult_y15_24,geo_cov_urb,2005,13.497
usa,sex_t,age_ythadult_y15_24,geo_cov_urb,2006,12.782
usa,sex_t,age_ythadult_y15_24,geo_cov_urb,2007,12.676
usa,sex_t,age_ythadult_y15_24,geo_cov_urb,2008,15.235
usa,sex_t,age_ythadult_y15_24,geo_cov_urb,2009,20.558
usa,sex_t,age_ythadult_y15_24,geo_cov_urb,2010,21.43
usa,sex_t,age_ythadult_y15_24,geo_cov_urb,2011,20.266
usa,sex_t,age_ythadult_y15_24,geo_cov_urb,2012,19.269
usa,sex_t,age_ythadult_y15_24,geo_cov_urb,2013,18.195
usa,sex_t,age_ythadult_y15_24,geo_cov_urb,2014,16.028
usa,sex_t,age_ythadult_y15_24,geo_cov_urb,2015,13.671
usa,sex_t,age_ythadult_y15_24,geo_cov_urb,2016,12.67
usa,sex_t,age_ythadult_y15_24,geo_cov_urb,2017,11.31
usa,sex_t,age_ythadult_y15_24,geo_cov_urb,2018,10.581
usa,sex_t,age_ythadult_y15_24,geo_cov_urb,2019,10.272
usa,sex_t,age_ythadult_y15_24,geo_cov_urb,2020,17.609
usa,sex_t,age_ythadult_y15_24,geo_cov_urb,2021,12.06
usa,sex_t,age_ythadult_y15_24,geo_cov_urb,2022,10.175
usa,sex_t,age_ythadult_y15_24,geo_cov_urb,2023,10.15
usa,sex_t,age_ythadult_y15_24,geo_cov_urb,2024,11.3
usa,sex_t,age_ythadult_y15_24,geo_cov_urb,2025,12.811
usa,sex_t,age_ythadult_y15_64,geo_cov_nat,2005,6.08
usa,sex_t,age_ythadult_y15_64,geo_cov_nat,2006,5.576
usa,sex_t,age_ythadult_y15_64,geo_cov_nat,2007,5.531
usa,sex_t,age_ythadult_y15_64,geo_cov_nat,2008,6.767
usa,sex_t,age_ythadult_y15_64,geo_cov_nat,2009,10.529
usa,sex_t,age_ythadult_y15_64,geo_cov_nat,2010,11.022
usa,sex_t,age_ythadult_y15_64,geo_cov_nat,2011,10.335
usa,sex_t,age_ythadult_y15_64,geo_cov_nat,2012,9.467
usa,sex_t,age_ythadult_y15_64,geo_cov_nat,2013,8.722
usa,sex_t,age_ythadult_y15_64,geo_cov_nat,2014,7.447
usa,sex_t,age_ythadult_y15_64,geo_cov_nat,2015,6.457
usa,sex_t,age_ythadult_y15_64,geo_cov_nat,2016,5.939
usa,sex_t,age_ythadult_y15_64,geo_cov_nat,2017,5.301
usa,sex_t,age_ythadult_y15_64,geo_cov_nat,2018,4.778
usa,sex_t,age_ythadult_y15_64,geo_cov_nat,2019,4.507
usa,sex_t,age_ythadult_y15_64,geo_cov_nat,2020,9.091
usa,sex_t,age_ythadult_y15_64,geo_cov_nat,2021,6.384
usa,sex_t,age_ythadult_y15_64,geo_cov_nat,2022,4.567
usa,sex_t,age_ythadult_y15_64,geo_cov_nat,2023,4.521
usa,sex_t,age_ythadult_y15_64,geo_cov_nat,2024,4.963
usa,sex_t,age_ythadult_y15_64,geo_cov_nat,2025,5.3
usa,sex_t,age_ythadult_y15_64,geo_cov_rur,2005,6.351
usa,sex_t,age_ythadult_y15_64,geo_cov_rur,2006,5.757
usa,sex_t,age_ythadult_y15_64,geo_cov_rur,2007,5.68
usa,sex_t,age_ythadult_y15_64,geo_cov_rur,2008,6.58
usa,sex_t,age_ythadult_y15_64,geo_cov_rur,2009,10.085
usa,sex_t,age_ythadult_y15_64,geo_cov_rur,2010,10.607
usa,sex_t,age_ythadult_y15_64,geo_cov_rur,2011,9.797
usa,sex_t,age_ythadult_y15_64,geo_cov_rur,2012,9.125
usa,sex_t,age_ythadult_y15_64,geo_cov_rur,2013,8.83
usa,sex_t,age_ythadult_y15_64,geo_cov_rur,2014,7.537
usa,sex_t,age_ythadult_y15_64,geo_cov_rur,2015,6.984
usa,sex_t,age_ythadult_y15_64,geo_cov_rur,2016,6.514
usa,sex_t,age_ythadult_y15_64,geo_cov_rur,2017,5.848
usa,sex_t,age_ythadult_y15_64,geo_cov_rur,2018,5.212
usa,sex_t,age_ythadult_y15_64,geo_cov_rur,2019,4.951
usa,sex_t,age_ythadult_y15_64,geo_cov_rur,2020,7.729
usa,sex_t,age_ythadult_y15_64,geo_cov_rur,2021,5.493
usa,sex_t,age_ythadult_y15_64,geo_cov_rur,2022,4.479
usa,sex_t,age_ythadult_y15_64,geo_cov_rur,2023,4.459
usa,sex_t,age_ythadult_y15_64,geo_cov_rur,2024,4.624
usa,sex_t,age_ythadult_y15_64,geo_cov_rur,2025,5.066
usa,sex_t,age_ythadult_y15_64,geo_cov_urb,2005,6.015
usa,sex_t,age_ythadult_y15_64,geo_cov_urb,2006,5.535
usa,sex_t,age_ythadult_y15_64,geo_cov_urb,2007,5.497
usa,sex_t,age_ythadult_y15_64,geo_cov_urb,2008,6.809
usa,sex_t,age_ythadult_y15_64,geo_cov_urb,2009,10.629
usa,sex_t,age_ythadult_y15_64,geo_cov_urb,2010,11.116
usa,sex_t,age_ythadult_y15_64,geo_cov_urb,2011,10.454
usa,sex_t,age_ythadult_y15_64,geo_cov_urb,2012,9.541
usa,sex_t,age_ythadult_y15_64,geo_cov_urb,2013,8.699
usa,sex_t,age_ythadult_y15_64,geo_cov_urb,2014,7.428
usa,sex_t,age_ythadult_y15_64,geo_cov_urb,2015,6.352
usa,sex_t,age_ythadult_y15_64,geo_cov_urb,2016,5.828
usa,sex_t,age_ythadult_y15_64,geo_cov_urb,2017,5.197
usa,sex_t,age_ythadult_y15_64,geo_cov_urb,2018,4.696
usa,sex_t,age_ythadult_y15_64,geo_cov_urb,2019,4.425
usa,sex_t,age_ythadult_y15_64,geo_cov_urb,2020,9.34
usa,sex_t,age_ythadult_y15_64,geo_cov_urb,2021,6.544
usa,sex_t,age_ythadult_y15_64,geo_cov_urb,2022,4.583
usa,sex_t,age_ythadult_y15_64,geo_cov_urb,2023,4.533
usa,sex_t,age_ythadult_y15_64,geo_cov_urb,2024,5.024
usa,sex_t,age_ythadult_y15_64,geo_cov_urb,2025,5.343
usa,sex_t,age_ythadult_yge15,geo_cov_nat,2005,6.04
usa,sex_t,age_ythadult_yge15,geo_cov_nat,2006,5.525
usa,sex_t,age_ythadult_yge15,geo_cov_nat,2007,5.481
usa,sex_t,age_ythadult_yge15,geo_cov_nat,2008,6.713
usa,sex_t,age_ythadult_yge15,geo_cov_nat,2009,10.418
usa,sex_t,age_ythadult_yge15,geo_cov_nat,2010,10.911
usa,sex_t,age_ythadult_yge15,geo_cov_nat,2011,10.249
usa,sex_t,age_ythadult_yge15,geo_cov_nat,2012,9.4
usa,sex_t,age_ythadult_yge15,geo_cov_nat,2013,8.639
usa,sex_t,age_ythadult_yge15,geo_cov_nat,2014,7.39
usa,sex_t,age_ythadult_yge15,geo_cov_nat,2015,6.394
usa,sex_t,age_ythadult_yge15,geo_cov_nat,2016,5.905
usa,sex_t,age_ythadult_yge15,geo_cov_nat,2017,5.284
usa,sex_t,age_ythadult_yge15,geo_cov_nat,2018,4.766
usa,sex_t,age_ythadult_yge15,geo_cov_nat,2019,4.476
usa,sex_t,age_ythadult_yge15,geo_cov_nat,2020,9.065
usa,sex_t,age_ythadult_yge15,geo_cov_nat,2021,6.329
usa,sex_t,age_ythadult_yge15,geo_cov_nat,2022,4.543
usa,sex_t,age_ythadult_yge15,geo_cov_nat,2023,4.476
usa,sex_t,age_ythadult_yge15,geo_cov_nat,2024,4.91
usa,sex_t,age_ythadult_yge15,geo_cov_nat,2025,5.243
usa,sex_t,age_ythadult_yge15,geo_cov_rur,2005,6.255
usa,sex_t,age_ythadult_yge15,geo_cov_rur,2006,5.677
usa,sex_t,age_ythadult_yge15,geo_cov_rur,2007,5.593
usa,sex_t,age_ythadult_yge15,geo_cov_rur,2008,6.487
usa,sex_t,age_ythadult_yge15,geo_cov_rur,2009,9.875
usa,sex_t,age_ythadult_yge15,geo_cov_rur,2010,10.378
usa,sex_t,age_ythadult_yge15,geo_cov_rur,2011,9.607
usa,sex_t,age_ythadult_yge15,geo_cov_rur,2012,8.952
usa,sex_t,age_ythadult_yge15,geo_cov_rur,2013,8.656
usa,sex_t,age_ythadult_yge15,geo_cov_rur,2014,7.383
usa,sex_t,age_ythadult_yge15,geo_cov_rur,2015,6.835
usa,sex_t,age_ythadult_yge15,geo_cov_rur,2016,6.388
usa,sex_t,age_ythadult_yge15,geo_cov_rur,2017,5.752
usa,sex_t,age_ythadult_yge15,geo_cov_rur,2018,5.124
usa,sex_t,age_ythadult_yge15,geo_cov_rur,2019,4.817
usa,sex_t,age_ythadult_yge15,geo_cov_rur,2020,7.586
usa,sex_t,age_ythadult_yge15,geo_cov_rur,2021,5.323
usa,sex_t,age_ythadult_yge15,geo_cov_rur,2022,4.396
usa,sex_t,age_ythadult_yge15,geo_cov_rur,2023,4.374
usa,sex_t,age_ythadult_yge15,geo_cov_rur,2024,4.532
usa,sex_t,age_ythadult_yge15,geo_cov_rur,2025,4.907
usa,sex_t,age_ythadult_yge15,geo_cov_urb,2005,5.989
usa,sex_t,age_ythadult_yge15,geo_cov_urb,2006,5.489
usa,sex_t,age_ythadult_yge15,geo_cov_urb,2007,5.456
usa,sex_t,age_ythadult_yge15,geo_cov_urb,2008,6.764
usa,sex_t,age_ythadult_yge15,geo_cov_urb,2009,10.541
usa,sex_t,age_ythadult_yge15,geo_cov_urb,2010,11.032
usa,sex_t,age_ythadult_yge15,geo_cov_urb,2011,10.393
usa,sex_t,age_ythadult_yge15,geo_cov_urb,2012,9.497
usa,sex_t,age_ythadult_yge15,geo_cov_urb,2013,8.635
usa,sex_t,age_ythadult_yge15,geo_cov_urb,2014,7.391
usa,sex_t,age_ythadult_yge15,geo_cov_urb,2015,6.305
usa,sex_t,age_ythadult_yge15,geo_cov_urb,2016,5.811
usa,sex_t,age_ythadult_yge15,geo_cov_urb,2017,5.194
usa,sex_t,age_ythadult_yge15,geo_cov_urb,2018,4.698
usa,sex_t,age_ythadult_yge15,geo_cov_urb,2019,4.412
usa,sex_t,age_ythadult_yge15,geo_cov_urb,2020,9.341
usa,sex_t,age_ythadult_yge15,geo_cov_urb,2021,6.513
usa,sex_t,age_ythadult_yge15,geo_cov_urb,2022,4.57
usa,sex_t,age_ythadult_yge15,geo_cov_urb,2023,4.494
usa,sex_t,age_ythadult_yge15,geo_cov_urb,2024,4.981
usa,sex_t,age_ythadult_yge15,geo_cov_urb,2025,5.306
usa,sex_t,age_ythadult_yge25,geo_cov_nat,2005,4.658
usa,sex_t,age_ythadult_yge25,geo_cov_nat,2006,4.222
usa,sex_t,age_ythadult_yge25,geo_cov_nat,2007,4.212
usa,sex_t,age_ythadult_yge25,geo_cov_nat,2008,5.265
usa,sex_t,age_ythadult_yge25,geo_cov_nat,2009,8.769
usa,sex_t,age_ythadult_yge25,geo_cov_nat,2010,9.211
usa,sex_t,age_ythadult_yge25,geo_cov_nat,2011,8.64
usa,sex_t,age_ythadult_yge25,geo_cov_nat,2012,7.794
usa,sex_t,age_ythadult_yge25,geo_cov_nat,2013,7.032
usa,sex_t,age_ythadult_yge25,geo_cov_nat,2014,5.96
usa,sex_t,age_ythadult_yge25,geo_cov_nat,2015,5.179
usa,sex_t,age_ythadult_yge25,geo_cov_nat,2016,4.82
usa,sex_t,age_ythadult_yge25,geo_cov_nat,2017,4.338
usa,sex_t,age_ythadult_yge25,geo_cov_nat,2018,3.866
usa,sex_t,age_ythadult_yge25,geo_cov_nat,2019,3.597
usa,sex_t,age_ythadult_yge25,geo_cov_nat,2020,7.885
usa,sex_t,age_ythadult_yge25,geo_cov_nat,2021,5.527
usa,sex_t,age_ythadult_yge25,geo_cov_nat,2022,3.703
usa,sex_t,age_ythadult_yge25,geo_cov_nat,2023,3.621
usa,sex_t,age_ythadult_yge25,geo_cov_nat,2024,3.97
usa,sex_t,age_ythadult_yge25,geo_cov_nat,2025,4.138
usa,sex_t,age_ythadult_yge25,geo_cov_rur,2005,4.678
usa,sex_t,age_ythadult_yge25,geo_cov_rur,2006,4.287
usa,sex_t,age_ythadult_yge25,geo_cov_rur,2007,4.184
usa,sex_t,age_ythadult_yge25,geo_cov_rur,2008,4.937
usa,sex_t,age_ythadult_yge25,geo_cov_rur,2009,8.143
usa,sex_t,age_ythadult_yge25,geo_cov_rur,2010,8.475
usa,sex_t,age_ythadult_yge25,geo_cov_rur,2011,7.853
usa,sex_t,age_ythadult_yge25,geo_cov_rur,2012,7.214
usa,sex_t,age_ythadult_yge25,geo_cov_rur,2013,6.805
usa,sex_t,age_ythadult_yge25,geo_cov_rur,2014,5.714
usa,sex_t,age_ythadult_yge25,geo_cov_rur,2015,5.317
usa,sex_t,age_ythadult_yge25,geo_cov_rur,2016,5.21
usa,sex_t,age_ythadult_yge25,geo_cov_rur,2017,4.741
usa,sex_t,age_ythadult_yge25,geo_cov_rur,2018,4.095
usa,sex_t,age_ythadult_yge25,geo_cov_rur,2019,3.868
usa,sex_t,age_ythadult_yge25,geo_cov_rur,2020,6.464
usa,sex_t,age_ythadult_yge25,geo_cov_rur,2021,4.583
usa,sex_t,age_ythadult_yge25,geo_cov_rur,2022,3.435
usa,sex_t,age_ythadult_yge25,geo_cov_rur,2023,3.553
usa,sex_t,age_ythadult_yge25,geo_cov_rur,2024,3.559
usa,sex_t,age_ythadult_yge25,geo_cov_rur,2025,3.842
usa,sex_t,age_ythadult_yge25,geo_cov_urb,2005,4.653
usa,sex_t,age_ythadult_yge25,geo_cov_urb,2006,4.207
usa,sex_t,age_ythadult_yge25,geo_cov_urb,2007,4.218
usa,sex_t,age_ythadult_yge25,geo_cov_urb,2008,5.339
usa,sex_t,age_ythadult_yge25,geo_cov_urb,2009,8.91
usa,sex_t,age_ythadult_yge25,geo_cov_urb,2010,9.377
usa,sex_t,age_ythadult_yge25,geo_cov_urb,2011,8.814
usa,sex_t,age_ythadult_yge25,geo_cov_urb,2012,7.92
usa,sex_t,age_ythadult_yge25,geo_cov_urb,2013,7.081
usa,sex_t,age_ythadult_yge25,geo_cov_urb,2014,6.011
usa,sex_t,age_ythadult_yge25,geo_cov_urb,2015,5.151
usa,sex_t,age_ythadult_yge25,geo_cov_urb,2016,4.745
usa,sex_t,age_ythadult_yge25,geo_cov_urb,2017,4.261
usa,sex_t,age_ythadult_yge25,geo_cov_urb,2018,3.823
usa,sex_t,age_ythadult_yge25,geo_cov_urb,2019,3.547
usa,sex_t,age_ythadult_yge25,geo_cov_urb,2020,8.148
usa,sex_t,age_ythadult_yge25,geo_cov_urb,2021,5.697
usa,sex_t,age_ythadult_yge25,geo_cov_urb,2022,3.75
usa,sex_t,age_ythadult_yge25,geo_cov_urb,2023,3.634
usa,sex_t,age_ythadult_yge25,geo_cov_urb,2024,4.044
usa,sex_t,age_ythadult_yge25,geo_cov_urb,2025,4.193
uzb,sex_f,age_aggregate_total,geo_cov_nat,2020,7.822
uzb,sex_f,age_aggregate_total,geo_cov_rur,2020,7.503
uzb,sex_f,age_aggregate_total,geo_cov_urb,2020,8.134
uzb,sex_f,age_aggregate_y15_24,geo_cov_nat,2020,21.542
uzb,sex_f,age_aggregate_y15_24,geo_cov_rur,2020,21.068
uzb,sex_f,age_aggregate_y15_24,geo_cov_urb,2020,22.118
uzb,sex_f,age_aggregate_y25_54,geo_cov_nat,2020,6.029
uzb,sex_f,age_aggregate_y25_54,geo_cov_rur,2020,5.573
uzb,sex_f,age_aggregate_y25_54,geo_cov_urb,2020,6.456
uzb,sex_f,age_ythadult_y15_24,geo_cov_nat,2020,21.542
uzb,sex_f,age_ythadult_y15_24,geo_cov_rur,2020,21.068
uzb,sex_f,age_ythadult_y15_24,geo_cov_urb,2020,22.118
uzb,sex_f,age_ythadult_yge15,geo_cov_nat,2020,7.822
uzb,sex_f,age_ythadult_yge15,geo_cov_rur,2020,7.503
uzb,sex_f,age_ythadult_yge15,geo_cov_urb,2020,8.134
uzb,sex_f,age_ythadult_yge25,geo_cov_nat,2020,5.772
uzb,sex_f,age_ythadult_yge25,geo_cov_rur,2020,5.218
uzb,sex_f,age_ythadult_yge25,geo_cov_urb,2020,6.298
uzb,sex_m,age_aggregate_total,geo_cov_nat,2020,4.021
uzb,sex_m,age_aggregate_total,geo_cov_rur,2020,3.97
uzb,sex_m,age_aggregate_total,geo_cov_urb,2020,4.07
uzb,sex_m,age_aggregate_y15_24,geo_cov_nat,2020,8.342
uzb,sex_m,age_aggregate_y15_24,geo_cov_rur,2020,8.13
uzb,sex_m,age_aggregate_y15_24,geo_cov_urb,2020,8.564
uzb,sex_m,age_aggregate_y25_54,geo_cov_nat,2020,3.52
uzb,sex_m,age_aggregate_y25_54,geo_cov_rur,2020,3.485
uzb,sex_m,age_aggregate_y25_54,geo_cov_urb,2020,3.553
uzb,sex_m,age_aggregate_y55_64,geo_cov_nat,2020,2.389
uzb,sex_m,age_aggregate_y55_64,geo_cov_rur,2020,2.262
uzb,sex_m,age_ythadult_y15_24,geo_cov_nat,2020,8.342
uzb,sex_m,age_ythadult_y15_24,geo_cov_rur,2020,8.13
uzb,sex_m,age_ythadult_y15_24,geo_cov_urb,2020,8.564
uzb,sex_m,age_ythadult_yge15,geo_cov_nat,2020,4.021
uzb,sex_m,age_ythadult_yge15,geo_cov_rur,2020,3.97
uzb,sex_m,age_ythadult_yge15,geo_cov_urb,2020,4.07
uzb,sex_m,age_ythadult_yge25,geo_cov_nat,2020,3.41
uzb,sex_m,age_ythadult_yge25,geo_cov_rur,2020,3.359
uzb,sex_m,age_ythadult_yge25,geo_cov_urb,2020,3.458
uzb,sex_t,age_aggregate_total,geo_cov_nat,2020,5.397
uzb,sex_t,age_aggregate_total,geo_cov_rur,2020,5.249
uzb,sex_t,age_aggregate_total,geo_cov_urb,2020,5.541
uzb,sex_t,age_aggregate_y15_24,geo_cov_nat,2020,13.266
uzb,sex_t,age_aggregate_y15_24,geo_cov_rur,2020,13.172
uzb,sex_t,age_aggregate_y15_24,geo_cov_urb,2020,13.37
uzb,sex_t,age_aggregate_y25_54,geo_cov_nat,2020,4.444
uzb,sex_t,age_aggregate_y25_54,geo_cov_rur,2020,4.249
uzb,sex_t,age_aggregate_y25_54,geo_cov_urb,2020,4.629
uzb,sex_t,age_aggregate_y55_64,geo_cov_nat,2020,2.216
uzb,sex_t,age_aggregate_y55_64,geo_cov_rur,2020,1.652
uzb,sex_t,age_aggregate_y55_64,geo_cov_urb,2020,2.832
uzb,sex_t,age_ythadult_y15_24,geo_cov_nat,2020,13.266
uzb,sex_t,age_ythadult_y15_24,geo_cov_rur,2020,13.172
uzb,sex_t,age_ythadult_y15_24,geo_cov_urb,2020,13.37
uzb,sex_t,age_ythadult_yge15,geo_cov_nat,2020,5.397
uzb,sex_t,age_ythadult_yge15,geo_cov_rur,2020,5.249
uzb,sex_t,age_ythadult_yge15,geo_cov_urb,2020,5.541
uzb,sex_t,age_ythadult_yge25,geo_cov_nat,2020,4.261
uzb,sex_t,age_ythadult_yge25,geo_cov_rur,2020,4.024
uzb,sex_t,age_ythadult_yge25,geo_cov_urb,2020,4.489
vnm,sex_f,age_aggregate_total,geo_cov_nat,2007,2.448
vnm,sex_f,age_aggregate_total,geo_cov_nat,2009,3.121
vnm,sex_f,age_aggregate_total,geo_cov_nat,2010,3.182
vnm,sex_f,age_aggregate_total,geo_cov_nat,2011,2.471
vnm,sex_f,age_aggregate_total,geo_cov_nat,2012,2.029
vnm,sex_f,age_aggregate_total,geo_cov_nat,2013,2.066
vnm,sex_f,age_aggregate_total,geo_cov_nat,2014,1.9
vnm,sex_f,age_aggregate_total,geo_cov_nat,2015,2.601
vnm,sex_f,age_aggregate_total,geo_cov_nat,2016,2.42
vnm,sex_f,age_aggregate_total,geo_cov_nat,2017,2.337
vnm,sex_f,age_aggregate_total,geo_cov_nat,2018,8.591
vnm,sex_f,age_aggregate_total,geo_cov_nat,2019,2.013
vnm,sex_f,age_aggregate_total,geo_cov_nat,2020,2.755
vnm,sex_f,age_aggregate_total,geo_cov_nat,2021,3.216
vnm,sex_f,age_aggregate_total,geo_cov_nat,2022,1.818
vnm,sex_f,age_aggregate_total,geo_cov_nat,2023,1.655
vnm,sex_f,age_aggregate_total,geo_cov_nat,2024,1.506
vnm,sex_f,age_aggregate_total,geo_cov_rur,2007,1.687
vnm,sex_f,age_aggregate_total,geo_cov_rur,2009,2.321
vnm,sex_f,age_aggregate_total,geo_cov_rur,2010,2.66
vnm,sex_f,age_aggregate_total,geo_cov_rur,2011,1.835
vnm,sex_f,age_aggregate_total,geo_cov_rur,2012,1.48
vnm,sex_f,age_aggregate_total,geo_cov_rur,2013,1.584
vnm,sex_f,age_aggregate_total,geo_cov_rur,2014,1.459
vnm,sex_f,age_aggregate_total,geo_cov_rur,2015,2.066
vnm,sex_f,age_aggregate_total,geo_cov_rur,2016,1.975
vnm,sex_f,age_aggregate_total,geo_cov_rur,2017,1.866
vnm,sex_f,age_aggregate_total,geo_cov_rur,2018,6.402
vnm,sex_f,age_aggregate_total,geo_cov_rur,2019,1.515
vnm,sex_f,age_aggregate_total,geo_cov_rur,2020,1.924
vnm,sex_f,age_aggregate_total,geo_cov_rur,2021,2.167
vnm,sex_f,age_aggregate_total,geo_cov_rur,2022,1.279
vnm,sex_f,age_aggregate_total,geo_cov_rur,2023,1.328
vnm,sex_f,age_aggregate_total,geo_cov_rur,2024,1.23
vnm,sex_f,age_aggregate_total,geo_cov_urb,2007,4.64
vnm,sex_f,age_aggregate_total,geo_cov_urb,2009,5.168
vnm,sex_f,age_aggregate_total,geo_cov_urb,2010,4.566
vnm,sex_f,age_aggregate_total,geo_cov_urb,2011,3.987
vnm,sex_f,age_aggregate_total,geo_cov_urb,2012,3.292
vnm,sex_f,age_aggregate_total,geo_cov_urb,2013,3.192
vnm,sex_f,age_aggregate_total,geo_cov_urb,2014,2.905
vnm,sex_f,age_aggregate_total,geo_cov_urb,2015,3.773
vnm,sex_f,age_aggregate_total,geo_cov_urb,2016,3.367
vnm,sex_f,age_aggregate_total,geo_cov_urb,2017,3.321
vnm,sex_f,age_aggregate_total,geo_cov_urb,2018,12.848
vnm,sex_f,age_aggregate_total,geo_cov_urb,2019,3.016
vnm,sex_f,age_aggregate_total,geo_cov_urb,2020,4.402
vnm,sex_f,age_aggregate_total,geo_cov_urb,2021,5.175
vnm,sex_f,age_aggregate_total,geo_cov_urb,2022,2.946
vnm,sex_f,age_aggregate_total,geo_cov_urb,2023,2.24
vnm,sex_f,age_aggregate_total,geo_cov_urb,2024,1.967
vnm,sex_f,age_aggregate_total,geo_cov_x,2022,1.654
vnm,sex_f,age_aggregate_y15_24,geo_cov_nat,2007,7.169
vnm,sex_f,age_aggregate_y15_24,geo_cov_nat,2009,6.768
vnm,sex_f,age_aggregate_y15_24,geo_cov_nat,2010,8.483
vnm,sex_f,age_aggregate_y15_24,geo_cov_nat,2011,6.452
vnm,sex_f,age_aggregate_y15_24,geo_cov_nat,2012,6.693
vnm,sex_f,age_aggregate_y15_24,geo_cov_nat,2013,7.447
vnm,sex_f,age_aggregate_y15_24,geo_cov_nat,2014,7.458
vnm,sex_f,age_aggregate_y15_24,geo_cov_nat,2015,8.892
vnm,sex_f,age_aggregate_y15_24,geo_cov_nat,2016,8.911
vnm,sex_f,age_aggregate_y15_24,geo_cov_nat,2017,9.013
vnm,sex_f,age_aggregate_y15_24,geo_cov_nat,2018,19.659
vnm,sex_f,age_aggregate_y15_24,geo_cov_nat,2019,6.47
vnm,sex_f,age_aggregate_y15_24,geo_cov_nat,2020,8.522
vnm,sex_f,age_aggregate_y15_24,geo_cov_nat,2021,8.93
vnm,sex_f,age_aggregate_y15_24,geo_cov_nat,2022,7.187
vnm,sex_f,age_aggregate_y15_24,geo_cov_nat,2023,6.4
vnm,sex_f,age_aggregate_y15_24,geo_cov_nat,2024,6.346
vnm,sex_f,age_aggregate_y15_24,geo_cov_rur,2007,5.292
vnm,sex_f,age_aggregate_y15_24,geo_cov_rur,2009,4.553
vnm,sex_f,age_aggregate_y15_24,geo_cov_rur,2010,7.076
vnm,sex_f,age_aggregate_y15_24,geo_cov_rur,2011,5.258
vnm,sex_f,age_aggregate_y15_24,geo_cov_rur,2012,5.617
vnm,sex_f,age_aggregate_y15_24,geo_cov_rur,2013,6.005
vnm,sex_f,age_aggregate_y15_24,geo_cov_rur,2014,5.814
vnm,sex_f,age_aggregate_y15_24,geo_cov_rur,2015,6.711
vnm,sex_f,age_aggregate_y15_24,geo_cov_rur,2016,6.984
vnm,sex_f,age_aggregate_y15_24,geo_cov_rur,2017,7.088
vnm,sex_f,age_aggregate_y15_24,geo_cov_rur,2018,15.774
vnm,sex_f,age_aggregate_y15_24,geo_cov_rur,2019,4.537
vnm,sex_f,age_aggregate_y15_24,geo_cov_rur,2020,6.884
vnm,sex_f,age_aggregate_y15_24,geo_cov_rur,2021,6.257
vnm,sex_f,age_aggregate_y15_24,geo_cov_rur,2022,5.581
vnm,sex_f,age_aggregate_y15_24,geo_cov_rur,2023,5.096
vnm,sex_f,age_aggregate_y15_24,geo_cov_rur,2024,5.728
vnm,sex_f,age_aggregate_y15_24,geo_cov_urb,2007,14.522
vnm,sex_f,age_aggregate_y15_24,geo_cov_urb,2009,13.832
vnm,sex_f,age_aggregate_y15_24,geo_cov_urb,2010,13.287
vnm,sex_f,age_aggregate_y15_24,geo_cov_urb,2011,9.933
vnm,sex_f,age_aggregate_y15_24,geo_cov_urb,2012,9.527
vnm,sex_f,age_aggregate_y15_24,geo_cov_urb,2013,11.599
vnm,sex_f,age_aggregate_y15_24,geo_cov_urb,2014,11.856
vnm,sex_f,age_aggregate_y15_24,geo_cov_urb,2015,14.077
vnm,sex_f,age_aggregate_y15_24,geo_cov_urb,2016,13.633
vnm,sex_f,age_aggregate_y15_24,geo_cov_urb,2017,13.562
vnm,sex_f,age_aggregate_y15_24,geo_cov_urb,2018,28.091
vnm,sex_f,age_aggregate_y15_24,geo_cov_urb,2019,10.743
vnm,sex_f,age_aggregate_y15_24,geo_cov_urb,2020,12.087
vnm,sex_f,age_aggregate_y15_24,geo_cov_urb,2021,14.413
vnm,sex_f,age_aggregate_y15_24,geo_cov_urb,2022,10.411
vnm,sex_f,age_aggregate_y15_24,geo_cov_urb,2023,9.046
vnm,sex_f,age_aggregate_y15_24,geo_cov_urb,2024,7.543
vnm,sex_f,age_aggregate_y15_24,geo_cov_x,2022,6.973
vnm,sex_f,age_aggregate_y25_54,geo_cov_nat,2007,1.568
vnm,sex_f,age_aggregate_y25_54,geo_cov_nat,2009,2.503
vnm,sex_f,age_aggregate_y25_54,geo_cov_nat,2010,2.297
vnm,sex_f,age_aggregate_y25_54,geo_cov_nat,2011,2.008
vnm,sex_f,age_aggregate_y25_54,geo_cov_nat,2012,1.486
vnm,sex_f,age_aggregate_y25_54,geo_cov_nat,2013,1.382
vnm,sex_f,age_aggregate_y25_54,geo_cov_nat,2014,1.219
vnm,sex_f,age_aggregate_y25_54,geo_cov_nat,2015,1.647
vnm,sex_f,age_aggregate_y25_54,geo_cov_nat,2016,1.522
vnm,sex_f,age_aggregate_y25_54,geo_cov_nat,2017,1.357
vnm,sex_f,age_aggregate_y25_54,geo_cov_nat,2018,2.753
vnm,sex_f,age_aggregate_y25_54,geo_cov_nat,2019,1.538
vnm,sex_f,age_aggregate_y25_54,geo_cov_nat,2020,2.308
vnm,sex_f,age_aggregate_y25_54,geo_cov_nat,2021,2.941
vnm,sex_f,age_aggregate_y25_54,geo_cov_nat,2022,1.48
vnm,sex_f,age_aggregate_y25_54,geo_cov_nat,2023,1.33
vnm,sex_f,age_aggregate_y25_54,geo_cov_nat,2024,1.183
vnm,sex_f,age_aggregate_y25_54,geo_cov_rur,2007,0.911
vnm,sex_f,age_aggregate_y25_54,geo_cov_rur,2009,1.956
vnm,sex_f,age_aggregate_y25_54,geo_cov_rur,2010,1.866
vnm,sex_f,age_aggregate_y25_54,geo_cov_rur,2011,1.37
vnm,sex_f,age_aggregate_y25_54,geo_cov_rur,2012,0.921
vnm,sex_f,age_aggregate_y25_54,geo_cov_rur,2013,0.958
vnm,sex_f,age_aggregate_y25_54,geo_cov_rur,2014,0.894
vnm,sex_f,age_aggregate_y25_54,geo_cov_rur,2015,1.345
vnm,sex_f,age_aggregate_y25_54,geo_cov_rur,2016,1.242
vnm,sex_f,age_aggregate_y25_54,geo_cov_rur,2017,1.056
vnm,sex_f,age_aggregate_y25_54,geo_cov_rur,2018,1.518
vnm,sex_f,age_aggregate_y25_54,geo_cov_rur,2019,1.188
vnm,sex_f,age_aggregate_y25_54,geo_cov_rur,2020,1.451
vnm,sex_f,age_aggregate_y25_54,geo_cov_rur,2021,2.042
vnm,sex_f,age_aggregate_y25_54,geo_cov_rur,2022,0.984
vnm,sex_f,age_aggregate_y25_54,geo_cov_rur,2023,1.06
vnm,sex_f,age_aggregate_y25_54,geo_cov_rur,2024,0.891
vnm,sex_f,age_aggregate_y25_54,geo_cov_urb,2007,3.229
vnm,sex_f,age_aggregate_y25_54,geo_cov_urb,2009,3.76
vnm,sex_f,age_aggregate_y25_54,geo_cov_urb,2010,3.304
vnm,sex_f,age_aggregate_y25_54,geo_cov_urb,2011,3.37
vnm,sex_f,age_aggregate_y25_54,geo_cov_urb,2012,2.663
vnm,sex_f,age_aggregate_y25_54,geo_cov_urb,2013,2.263
vnm,sex_f,age_aggregate_y25_54,geo_cov_urb,2014,1.878
vnm,sex_f,age_aggregate_y25_54,geo_cov_urb,2015,2.238
vnm,sex_f,age_aggregate_y25_54,geo_cov_urb,2016,2.059
vnm,sex_f,age_aggregate_y25_54,geo_cov_urb,2017,1.92
vnm,sex_f,age_aggregate_y25_54,geo_cov_urb,2018,4.956
vnm,sex_f,age_aggregate_y25_54,geo_cov_urb,2019,2.166
vnm,sex_f,age_aggregate_y25_54,geo_cov_urb,2020,3.869
vnm,sex_f,age_aggregate_y25_54,geo_cov_urb,2021,4.381
vnm,sex_f,age_aggregate_y25_54,geo_cov_urb,2022,2.39
vnm,sex_f,age_aggregate_y25_54,geo_cov_urb,2023,1.747
vnm,sex_f,age_aggregate_y25_54,geo_cov_urb,2024,1.605
vnm,sex_f,age_aggregate_y25_54,geo_cov_x,2022,1.331
vnm,sex_f,age_aggregate_y55_64,geo_cov_nat,2007,0.495
vnm,sex_f,age_aggregate_y55_64,geo_cov_nat,2009,1.153
vnm,sex_f,age_aggregate_y55_64,geo_cov_nat,2010,0.356
vnm,sex_f,age_aggregate_y55_64,geo_cov_nat,2011,0.287
vnm,sex_f,age_aggregate_y55_64,geo_cov_nat,2012,0.145
vnm,sex_f,age_aggregate_y55_64,geo_cov_nat,2013,0.276
vnm,sex_f,age_aggregate_y55_64,geo_cov_nat,2014,0.227
vnm,sex_f,age_aggregate_y55_64,geo_cov_nat,2015,1.014
vnm,sex_f,age_aggregate_y55_64,geo_cov_nat,2016,0.914
vnm,sex_f,age_aggregate_y55_64,geo_cov_nat,2017,0.864
vnm,sex_f,age_aggregate_y55_64,geo_cov_nat,2018,12.743
vnm,sex_f,age_aggregate_y55_64,geo_cov_nat,2019,0.85
vnm,sex_f,age_aggregate_y55_64,geo_cov_nat,2020,0.956
vnm,sex_f,age_aggregate_y55_64,geo_cov_nat,2021,1.587
vnm,sex_f,age_aggregate_y55_64,geo_cov_nat,2022,0.431
vnm,sex_f,age_aggregate_y55_64,geo_cov_nat,2023,0.623
vnm,sex_f,age_aggregate_y55_64,geo_cov_nat,2024,0.512
vnm,sex_f,age_aggregate_y55_64,geo_cov_rur,2007,0.382
vnm,sex_f,age_aggregate_y55_64,geo_cov_rur,2010,0.294
vnm,sex_f,age_aggregate_y55_64,geo_cov_rur,2011,0.166
vnm,sex_f,age_aggregate_y55_64,geo_cov_rur,2012,0.089
vnm,sex_f,age_aggregate_y55_64,geo_cov_rur,2013,0.186
vnm,sex_f,age_aggregate_y55_64,geo_cov_rur,2014,0.125
vnm,sex_f,age_aggregate_y55_64,geo_cov_rur,2015,0.811
vnm,sex_f,age_aggregate_y55_64,geo_cov_rur,2016,0.841
vnm,sex_f,age_aggregate_y55_64,geo_cov_rur,2017,0.607
vnm,sex_f,age_aggregate_y55_64,geo_cov_rur,2018,6.891
vnm,sex_f,age_aggregate_y55_64,geo_cov_rur,2019,0.75
vnm,sex_f,age_aggregate_y55_64,geo_cov_rur,2020,0.778
vnm,sex_f,age_aggregate_y55_64,geo_cov_rur,2021,0.828
vnm,sex_f,age_aggregate_y55_64,geo_cov_rur,2022,0.333
vnm,sex_f,age_aggregate_y55_64,geo_cov_rur,2023,0.556
vnm,sex_f,age_aggregate_y55_64,geo_cov_rur,2024,0.365
vnm,sex_f,age_aggregate_y55_64,geo_cov_urb,2007,0.953
vnm,sex_f,age_aggregate_y55_64,geo_cov_urb,2009,2.317
vnm,sex_f,age_aggregate_y55_64,geo_cov_urb,2010,0.595
vnm,sex_f,age_aggregate_y55_64,geo_cov_urb,2011,0.692
vnm,sex_f,age_aggregate_y55_64,geo_cov_urb,2012,0.322
vnm,sex_f,age_aggregate_y55_64,geo_cov_urb,2013,0.571
vnm,sex_f,age_aggregate_y55_64,geo_cov_urb,2014,0.548
vnm,sex_f,age_aggregate_y55_64,geo_cov_urb,2015,1.661
vnm,sex_f,age_aggregate_y55_64,geo_cov_urb,2016,1.128
vnm,sex_f,age_aggregate_y55_64,geo_cov_urb,2017,1.642
vnm,sex_f,age_aggregate_y55_64,geo_cov_urb,2018,26.732
vnm,sex_f,age_aggregate_y55_64,geo_cov_urb,2019,1.152
vnm,sex_f,age_aggregate_y55_64,geo_cov_urb,2020,1.432
vnm,sex_f,age_aggregate_y55_64,geo_cov_urb,2021,3.784
vnm,sex_f,age_aggregate_y55_64,geo_cov_urb,2022,0.927
vnm,sex_f,age_aggregate_y55_64,geo_cov_urb,2023,0.803
vnm,sex_f,age_aggregate_y55_64,geo_cov_urb,2024,0.866
vnm,sex_f,age_aggregate_y55_64,geo_cov_x,2022,0.243
vnm,sex_f,age_aggregate_yge65,geo_cov_nat,2007,0.568
vnm,sex_f,age_aggregate_yge65,geo_cov_nat,2010,0.283
vnm,sex_f,age_aggregate_yge65,geo_cov_nat,2011,0.374
vnm,sex_f,age_aggregate_yge65,geo_cov_nat,2012,0.244
vnm,sex_f,age_aggregate_yge65,geo_cov_nat,2013,0.652
vnm,sex_f,age_aggregate_yge65,geo_cov_nat,2014,0.527
vnm,sex_f,age_aggregate_yge65,geo_cov_nat,2015,1.888
vnm,sex_f,age_aggregate_yge65,geo_cov_nat,2016,1.45
vnm,sex_f,age_aggregate_yge65,geo_cov_nat,2017,1.969
vnm,sex_f,age_aggregate_yge65,geo_cov_nat,2018,38.52
vnm,sex_f,age_aggregate_yge65,geo_cov_nat,2019,0.714
vnm,sex_f,age_aggregate_yge65,geo_cov_nat,2020,0.515
vnm,sex_f,age_aggregate_yge65,geo_cov_nat,2021,0.925
vnm,sex_f,age_aggregate_yge65,geo_cov_nat,2022,0.215
vnm,sex_f,age_aggregate_yge65,geo_cov_nat,2023,0.247
vnm,sex_f,age_aggregate_yge65,geo_cov_nat,2024,0.336
vnm,sex_f,age_aggregate_yge65,geo_cov_rur,2007,0.495
vnm,sex_f,age_aggregate_yge65,geo_cov_rur,2010,0.261
vnm,sex_f,age_aggregate_yge65,geo_cov_rur,2011,0.35
vnm,sex_f,age_aggregate_yge65,geo_cov_rur,2012,0.256
vnm,sex_f,age_aggregate_yge65,geo_cov_rur,2013,0.601
vnm,sex_f,age_aggregate_yge65,geo_cov_rur,2014,0.492
vnm,sex_f,age_aggregate_yge65,geo_cov_rur,2015,1.683
vnm,sex_f,age_aggregate_yge65,geo_cov_rur,2016,1.167
vnm,sex_f,age_aggregate_yge65,geo_cov_rur,2017,1.877
vnm,sex_f,age_aggregate_yge65,geo_cov_rur,2018,32.295
vnm,sex_f,age_aggregate_yge65,geo_cov_rur,2019,0.642
vnm,sex_f,age_aggregate_yge65,geo_cov_rur,2020,0.4
vnm,sex_f,age_aggregate_yge65,geo_cov_rur,2021,0.611
vnm,sex_f,age_aggregate_yge65,geo_cov_rur,2022,0.153
vnm,sex_f,age_aggregate_yge65,geo_cov_rur,2023,0.271
vnm,sex_f,age_aggregate_yge65,geo_cov_rur,2024,0.337
vnm,sex_f,age_aggregate_yge65,geo_cov_urb,2007,1.02
vnm,sex_f,age_aggregate_yge65,geo_cov_urb,2010,0.405
vnm,sex_f,age_aggregate_yge65,geo_cov_urb,2011,0.492
vnm,sex_f,age_aggregate_yge65,geo_cov_urb,2012,0.189
vnm,sex_f,age_aggregate_yge65,geo_cov_urb,2013,0.885
vnm,sex_f,age_aggregate_yge65,geo_cov_urb,2014,0.691
vnm,sex_f,age_aggregate_yge65,geo_cov_urb,2015,2.809
vnm,sex_f,age_aggregate_yge65,geo_cov_urb,2016,2.569
vnm,sex_f,age_aggregate_yge65,geo_cov_urb,2017,2.328
vnm,sex_f,age_aggregate_yge65,geo_cov_urb,2018,55.09
vnm,sex_f,age_aggregate_yge65,geo_cov_urb,2019,1.037
vnm,sex_f,age_aggregate_yge65,geo_cov_urb,2020,0.916
vnm,sex_f,age_aggregate_yge65,geo_cov_urb,2021,2.225
vnm,sex_f,age_aggregate_yge65,geo_cov_urb,2022,0.553
vnm,sex_f,age_aggregate_yge65,geo_cov_urb,2023,0.16
vnm,sex_f,age_aggregate_yge65,geo_cov_urb,2024,0.332
vnm,sex_f,age_aggregate_yge65,geo_cov_x,2022,0.157
vnm,sex_f,age_ythadult_y15_24,geo_cov_nat,2007,7.169
vnm,sex_f,age_ythadult_y15_24,geo_cov_nat,2009,6.768
vnm,sex_f,age_ythadult_y15_24,geo_cov_nat,2010,8.483
vnm,sex_f,age_ythadult_y15_24,geo_cov_nat,2011,6.452
vnm,sex_f,age_ythadult_y15_24,geo_cov_nat,2012,6.693
vnm,sex_f,age_ythadult_y15_24,geo_cov_nat,2013,7.447
vnm,sex_f,age_ythadult_y15_24,geo_cov_nat,2014,7.458
vnm,sex_f,age_ythadult_y15_24,geo_cov_nat,2015,8.892
vnm,sex_f,age_ythadult_y15_24,geo_cov_nat,2016,8.911
vnm,sex_f,age_ythadult_y15_24,geo_cov_nat,2017,9.013
vnm,sex_f,age_ythadult_y15_24,geo_cov_nat,2018,19.659
vnm,sex_f,age_ythadult_y15_24,geo_cov_nat,2019,6.47
vnm,sex_f,age_ythadult_y15_24,geo_cov_nat,2020,8.522
vnm,sex_f,age_ythadult_y15_24,geo_cov_nat,2021,8.93
vnm,sex_f,age_ythadult_y15_24,geo_cov_nat,2022,7.187
vnm,sex_f,age_ythadult_y15_24,geo_cov_nat,2023,6.4
vnm,sex_f,age_ythadult_y15_24,geo_cov_nat,2024,6.346
vnm,sex_f,age_ythadult_y15_24,geo_cov_rur,2007,5.292
vnm,sex_f,age_ythadult_y15_24,geo_cov_rur,2009,4.553
vnm,sex_f,age_ythadult_y15_24,geo_cov_rur,2010,7.076
vnm,sex_f,age_ythadult_y15_24,geo_cov_rur,2011,5.258
vnm,sex_f,age_ythadult_y15_24,geo_cov_rur,2012,5.617
vnm,sex_f,age_ythadult_y15_24,geo_cov_rur,2013,6.005
vnm,sex_f,age_ythadult_y15_24,geo_cov_rur,2014,5.814
vnm,sex_f,age_ythadult_y15_24,geo_cov_rur,2015,6.711
vnm,sex_f,age_ythadult_y15_24,geo_cov_rur,2016,6.984
vnm,sex_f,age_ythadult_y15_24,geo_cov_rur,2017,7.088
vnm,sex_f,age_ythadult_y15_24,geo_cov_rur,2018,15.774
vnm,sex_f,age_ythadult_y15_24,geo_cov_rur,2019,4.537
vnm,sex_f,age_ythadult_y15_24,geo_cov_rur,2020,6.884
vnm,sex_f,age_ythadult_y15_24,geo_cov_rur,2021,6.257
vnm,sex_f,age_ythadult_y15_24,geo_cov_rur,2022,5.581
vnm,sex_f,age_ythadult_y15_24,geo_cov_rur,2023,5.096
vnm,sex_f,age_ythadult_y15_24,geo_cov_rur,2024,5.728
vnm,sex_f,age_ythadult_y15_24,geo_cov_urb,2007,14.522
vnm,sex_f,age_ythadult_y15_24,geo_cov_urb,2009,13.832
vnm,sex_f,age_ythadult_y15_24,geo_cov_urb,2010,13.287
vnm,sex_f,age_ythadult_y15_24,geo_cov_urb,2011,9.933
vnm,sex_f,age_ythadult_y15_24,geo_cov_urb,2012,9.527
vnm,sex_f,age_ythadult_y15_24,geo_cov_urb,2013,11.599
vnm,sex_f,age_ythadult_y15_24,geo_cov_urb,2014,11.856
vnm,sex_f,age_ythadult_y15_24,geo_cov_urb,2015,14.077
vnm,sex_f,age_ythadult_y15_24,geo_cov_urb,2016,13.633
vnm,sex_f,age_ythadult_y15_24,geo_cov_urb,2017,13.562
vnm,sex_f,age_ythadult_y15_24,geo_cov_urb,2018,28.091
vnm,sex_f,age_ythadult_y15_24,geo_cov_urb,2019,10.743
vnm,sex_f,age_ythadult_y15_24,geo_cov_urb,2020,12.087
vnm,sex_f,age_ythadult_y15_24,geo_cov_urb,2021,14.413
vnm,sex_f,age_ythadult_y15_24,geo_cov_urb,2022,10.411
vnm,sex_f,age_ythadult_y15_24,geo_cov_urb,2023,9.046
vnm,sex_f,age_ythadult_y15_24,geo_cov_urb,2024,7.543
vnm,sex_f,age_ythadult_y15_24,geo_cov_x,2022,6.973
vnm,sex_f,age_ythadult_y15_64,geo_cov_nat,2007,2.514
vnm,sex_f,age_ythadult_y15_64,geo_cov_nat,2009,3.2
vnm,sex_f,age_ythadult_y15_64,geo_cov_nat,2010,3.285
vnm,sex_f,age_ythadult_y15_64,geo_cov_nat,2011,2.551
vnm,sex_f,age_ythadult_y15_64,geo_cov_nat,2012,2.101
vnm,sex_f,age_ythadult_y15_64,geo_cov_nat,2013,2.126
vnm,sex_f,age_ythadult_y15_64,geo_cov_nat,2014,1.961
vnm,sex_f,age_ythadult_y15_64,geo_cov_nat,2015,2.633
vnm,sex_f,age_ythadult_y15_64,geo_cov_nat,2016,2.463
vnm,sex_f,age_ythadult_y15_64,geo_cov_nat,2017,2.353
vnm,sex_f,age_ythadult_y15_64,geo_cov_nat,2018,6.556
vnm,sex_f,age_ythadult_y15_64,geo_cov_nat,2019,2.075
vnm,sex_f,age_ythadult_y15_64,geo_cov_nat,2020,2.857
vnm,sex_f,age_ythadult_y15_64,geo_cov_nat,2021,3.366
vnm,sex_f,age_ythadult_y15_64,geo_cov_nat,2022,1.926
vnm,sex_f,age_ythadult_y15_64,geo_cov_nat,2023,1.758
vnm,sex_f,age_ythadult_y15_64,geo_cov_nat,2024,1.596
vnm,sex_f,age_ythadult_y15_64,geo_cov_rur,2007,1.736
vnm,sex_f,age_ythadult_y15_64,geo_cov_rur,2009,2.377
vnm,sex_f,age_ythadult_y15_64,geo_cov_rur,2010,2.759
vnm,sex_f,age_ythadult_y15_64,geo_cov_rur,2011,1.903
vnm,sex_f,age_ythadult_y15_64,geo_cov_rur,2012,1.539
vnm,sex_f,age_ythadult_y15_64,geo_cov_rur,2013,1.634
vnm,sex_f,age_ythadult_y15_64,geo_cov_rur,2014,1.51
vnm,sex_f,age_ythadult_y15_64,geo_cov_rur,2015,2.086
vnm,sex_f,age_ythadult_y15_64,geo_cov_rur,2016,2.018
vnm,sex_f,age_ythadult_y15_64,geo_cov_rur,2017,1.865
vnm,sex_f,age_ythadult_y15_64,geo_cov_rur,2018,4.451
vnm,sex_f,age_ythadult_y15_64,geo_cov_rur,2019,1.567
vnm,sex_f,age_ythadult_y15_64,geo_cov_rur,2020,2.006
vnm,sex_f,age_ythadult_y15_64,geo_cov_rur,2021,2.295
vnm,sex_f,age_ythadult_y15_64,geo_cov_rur,2022,1.374
vnm,sex_f,age_ythadult_y15_64,geo_cov_rur,2023,1.424
vnm,sex_f,age_ythadult_y15_64,geo_cov_rur,2024,1.316
vnm,sex_f,age_ythadult_y15_64,geo_cov_urb,2007,4.707
vnm,sex_f,age_ythadult_y15_64,geo_cov_urb,2009,5.267
vnm,sex_f,age_ythadult_y15_64,geo_cov_urb,2010,4.648
vnm,sex_f,age_ythadult_y15_64,geo_cov_urb,2011,4.061
vnm,sex_f,age_ythadult_y15_64,geo_cov_urb,2012,3.363
vnm,sex_f,age_ythadult_y15_64,geo_cov_urb,2013,3.251
vnm,sex_f,age_ythadult_y15_64,geo_cov_urb,2014,2.961
vnm,sex_f,age_ythadult_y15_64,geo_cov_urb,2015,3.797
vnm,sex_f,age_ythadult_y15_64,geo_cov_urb,2016,3.39
vnm,sex_f,age_ythadult_y15_64,geo_cov_urb,2017,3.348
vnm,sex_f,age_ythadult_y15_64,geo_cov_urb,2018,10.569
vnm,sex_f,age_ythadult_y15_64,geo_cov_urb,2019,3.067
vnm,sex_f,age_ythadult_y15_64,geo_cov_urb,2020,4.507
vnm,sex_f,age_ythadult_y15_64,geo_cov_urb,2021,5.279
vnm,sex_f,age_ythadult_y15_64,geo_cov_urb,2022,3.035
vnm,sex_f,age_ythadult_y15_64,geo_cov_urb,2023,2.329
vnm,sex_f,age_ythadult_y15_64,geo_cov_urb,2024,2.043
vnm,sex_f,age_ythadult_y15_64,geo_cov_x,2022,1.753
vnm,sex_f,age_ythadult_yge15,geo_cov_nat,2007,2.448
vnm,sex_f,age_ythadult_yge15,geo_cov_nat,2009,3.121
vnm,sex_f,age_ythadult_yge15,geo_cov_nat,2010,3.182
vnm,sex_f,age_ythadult_yge15,geo_cov_nat,2011,2.471
vnm,sex_f,age_ythadult_yge15,geo_cov_nat,2012,2.029
vnm,sex_f,age_ythadult_yge15,geo_cov_nat,2013,2.066
vnm,sex_f,age_ythadult_yge15,geo_cov_nat,2014,1.9
vnm,sex_f,age_ythadult_yge15,geo_cov_nat,2015,2.601
vnm,sex_f,age_ythadult_yge15,geo_cov_nat,2016,2.42
vnm,sex_f,age_ythadult_yge15,geo_cov_nat,2017,2.337
vnm,sex_f,age_ythadult_yge15,geo_cov_nat,2018,8.591
vnm,sex_f,age_ythadult_yge15,geo_cov_nat,2019,2.013
vnm,sex_f,age_ythadult_yge15,geo_cov_nat,2020,2.755
vnm,sex_f,age_ythadult_yge15,geo_cov_nat,2021,3.216
vnm,sex_f,age_ythadult_yge15,geo_cov_nat,2022,1.818
vnm,sex_f,age_ythadult_yge15,geo_cov_nat,2023,1.655
vnm,sex_f,age_ythadult_yge15,geo_cov_nat,2024,1.506
vnm,sex_f,age_ythadult_yge15,geo_cov_rur,2007,1.687
vnm,sex_f,age_ythadult_yge15,geo_cov_rur,2009,2.321
vnm,sex_f,age_ythadult_yge15,geo_cov_rur,2010,2.66
vnm,sex_f,age_ythadult_yge15,geo_cov_rur,2011,1.835
vnm,sex_f,age_ythadult_yge15,geo_cov_rur,2012,1.48
vnm,sex_f,age_ythadult_yge15,geo_cov_rur,2013,1.584
vnm,sex_f,age_ythadult_yge15,geo_cov_rur,2014,1.459
vnm,sex_f,age_ythadult_yge15,geo_cov_rur,2015,2.066
vnm,sex_f,age_ythadult_yge15,geo_cov_rur,2016,1.975
vnm,sex_f,age_ythadult_yge15,geo_cov_rur,2017,1.866
vnm,sex_f,age_ythadult_yge15,geo_cov_rur,2018,6.402
vnm,sex_f,age_ythadult_yge15,geo_cov_rur,2019,1.515
vnm,sex_f,age_ythadult_yge15,geo_cov_rur,2020,1.924
vnm,sex_f,age_ythadult_yge15,geo_cov_rur,2021,2.167
vnm,sex_f,age_ythadult_yge15,geo_cov_rur,2022,1.279
vnm,sex_f,age_ythadult_yge15,geo_cov_rur,2023,1.328
vnm,sex_f,age_ythadult_yge15,geo_cov_rur,2024,1.23
vnm,sex_f,age_ythadult_yge15,geo_cov_urb,2007,4.64
vnm,sex_f,age_ythadult_yge15,geo_cov_urb,2009,5.168
vnm,sex_f,age_ythadult_yge15,geo_cov_urb,2010,4.566
vnm,sex_f,age_ythadult_yge15,geo_cov_urb,2011,3.987
vnm,sex_f,age_ythadult_yge15,geo_cov_urb,2012,3.292
vnm,sex_f,age_ythadult_yge15,geo_cov_urb,2013,3.192
vnm,sex_f,age_ythadult_yge15,geo_cov_urb,2014,2.905
vnm,sex_f,age_ythadult_yge15,geo_cov_urb,2015,3.773
vnm,sex_f,age_ythadult_yge15,geo_cov_urb,2016,3.367
vnm,sex_f,age_ythadult_yge15,geo_cov_urb,2017,3.321
vnm,sex_f,age_ythadult_yge15,geo_cov_urb,2018,12.848
vnm,sex_f,age_ythadult_yge15,geo_cov_urb,2019,3.016
vnm,sex_f,age_ythadult_yge15,geo_cov_urb,2020,4.402
vnm,sex_f,age_ythadult_yge15,geo_cov_urb,2021,5.175
vnm,sex_f,age_ythadult_yge15,geo_cov_urb,2022,2.946
vnm,sex_f,age_ythadult_yge15,geo_cov_urb,2023,2.24
vnm,sex_f,age_ythadult_yge15,geo_cov_urb,2024,1.967
vnm,sex_f,age_ythadult_yge15,geo_cov_x,2022,1.654
vnm,sex_f,age_ythadult_yge25,geo_cov_nat,2007,1.427
vnm,sex_f,age_ythadult_yge25,geo_cov_nat,2009,2.3
vnm,sex_f,age_ythadult_yge25,geo_cov_nat,2010,2.017
vnm,sex_f,age_ythadult_yge25,geo_cov_nat,2011,1.746
vnm,sex_f,age_ythadult_yge25,geo_cov_nat,2012,1.269
vnm,sex_f,age_ythadult_yge25,geo_cov_nat,2013,1.204
vnm,sex_f,age_ythadult_yge25,geo_cov_nat,2014,1.05
vnm,sex_f,age_ythadult_yge25,geo_cov_nat,2015,1.57
vnm,sex_f,age_ythadult_yge25,geo_cov_nat,2016,1.431
vnm,sex_f,age_ythadult_yge25,geo_cov_nat,2017,1.318
vnm,sex_f,age_ythadult_yge25,geo_cov_nat,2018,6.868
vnm,sex_f,age_ythadult_yge25,geo_cov_nat,2019,1.406
vnm,sex_f,age_ythadult_yge25,geo_cov_nat,2020,2.053
vnm,sex_f,age_ythadult_yge25,geo_cov_nat,2021,2.59
vnm,sex_f,age_ythadult_yge25,geo_cov_nat,2022,1.241
vnm,sex_f,age_ythadult_yge25,geo_cov_nat,2023,1.144
vnm,sex_f,age_ythadult_yge25,geo_cov_nat,2024,1.015
vnm,sex_f,age_ythadult_yge25,geo_cov_rur,2007,0.837
vnm,sex_f,age_ythadult_yge25,geo_cov_rur,2009,1.782
vnm,sex_f,age_ythadult_yge25,geo_cov_rur,2010,1.611
vnm,sex_f,age_ythadult_yge25,geo_cov_rur,2011,1.169
vnm,sex_f,age_ythadult_yge25,geo_cov_rur,2012,0.775
vnm,sex_f,age_ythadult_yge25,geo_cov_rur,2013,0.828
vnm,sex_f,age_ythadult_yge25,geo_cov_rur,2014,0.756
vnm,sex_f,age_ythadult_yge25,geo_cov_rur,2015,1.282
vnm,sex_f,age_ythadult_yge25,geo_cov_rur,2016,1.174
vnm,sex_f,age_ythadult_yge25,geo_cov_rur,2017,1.033
vnm,sex_f,age_ythadult_yge25,geo_cov_rur,2018,4.881
vnm,sex_f,age_ythadult_yge25,geo_cov_rur,2019,1.089
vnm,sex_f,age_ythadult_yge25,geo_cov_rur,2020,1.3
vnm,sex_f,age_ythadult_yge25,geo_cov_rur,2021,1.703
vnm,sex_f,age_ythadult_yge25,geo_cov_rur,2022,0.804
vnm,sex_f,age_ythadult_yge25,geo_cov_rur,2023,0.902
vnm,sex_f,age_ythadult_yge25,geo_cov_rur,2024,0.747
vnm,sex_f,age_ythadult_yge25,geo_cov_urb,2007,3.026
vnm,sex_f,age_ythadult_yge25,geo_cov_urb,2009,3.565
vnm,sex_f,age_ythadult_yge25,geo_cov_urb,2010,3.04
vnm,sex_f,age_ythadult_yge25,geo_cov_urb,2011,3.073
vnm,sex_f,age_ythadult_yge25,geo_cov_urb,2012,2.382
vnm,sex_f,age_ythadult_yge25,geo_cov_urb,2013,2.058
vnm,sex_f,age_ythadult_yge25,geo_cov_urb,2014,1.705
vnm,sex_f,age_ythadult_yge25,geo_cov_urb,2015,2.193
vnm,sex_f,age_ythadult_yge25,geo_cov_urb,2016,1.968
vnm,sex_f,age_ythadult_yge25,geo_cov_urb,2017,1.903
vnm,sex_f,age_ythadult_yge25,geo_cov_urb,2018,10.668
vnm,sex_f,age_ythadult_yge25,geo_cov_urb,2019,2.036
vnm,sex_f,age_ythadult_yge25,geo_cov_urb,2020,3.531
vnm,sex_f,age_ythadult_yge25,geo_cov_urb,2021,4.231
vnm,sex_f,age_ythadult_yge25,geo_cov_urb,2022,2.159
vnm,sex_f,age_ythadult_yge25,geo_cov_urb,2023,1.57
vnm,sex_f,age_ythadult_yge25,geo_cov_urb,2024,1.456
vnm,sex_f,age_ythadult_yge25,geo_cov_x,2022,1.098
vnm,sex_m,age_aggregate_total,geo_cov_nat,2007,2.532
vnm,sex_m,age_aggregate_total,geo_cov_nat,2009,2.866
vnm,sex_m,age_aggregate_total,geo_cov_nat,2010,2.379
vnm,sex_m,age_aggregate_total,geo_cov_nat,2011,1.709
vnm,sex_m,age_aggregate_total,geo_cov_nat,2012,1.587
vnm,sex_m,age_aggregate_total,geo_cov_nat,2013,2.124
vnm,sex_m,age_aggregate_total,geo_cov_nat,2014,2.036
vnm,sex_m,age_aggregate_total,geo_cov_nat,2015,2.62
vnm,sex_m,age_aggregate_total,geo_cov_nat,2016,2.56
vnm,sex_m,age_aggregate_total,geo_cov_nat,2017,2.536
vnm,sex_m,age_aggregate_total,geo_cov_nat,2018,5.617
vnm,sex_m,age_aggregate_total,geo_cov_nat,2019,1.994
vnm,sex_m,age_aggregate_total,geo_cov_nat,2020,1.962
vnm,sex_m,age_aggregate_total,geo_cov_nat,2021,3.239
vnm,sex_m,age_aggregate_total,geo_cov_nat,2022,1.944
vnm,sex_m,age_aggregate_total,geo_cov_nat,2023,1.884
vnm,sex_m,age_aggregate_total,geo_cov_nat,2024,1.685
vnm,sex_m,age_aggregate_total,geo_cov_rur,2007,1.864
vnm,sex_m,age_aggregate_total,geo_cov_rur,2009,2.099
vnm,sex_m,age_aggregate_total,geo_cov_rur,2010,1.744
vnm,sex_m,age_aggregate_total,geo_cov_rur,2011,1.171
vnm,sex_m,age_aggregate_total,geo_cov_rur,2012,1.067
vnm,sex_m,age_aggregate_total,geo_cov_rur,2013,1.361
vnm,sex_m,age_aggregate_total,geo_cov_rur,2014,1.314
vnm,sex_m,age_aggregate_total,geo_cov_rur,2015,2.039
vnm,sex_m,age_aggregate_total,geo_cov_rur,2016,2.038
vnm,sex_m,age_aggregate_total,geo_cov_rur,2017,1.972
vnm,sex_m,age_aggregate_total,geo_cov_rur,2018,3.887
vnm,sex_m,age_aggregate_total,geo_cov_rur,2019,1.496
vnm,sex_m,age_aggregate_total,geo_cov_rur,2020,1.415
vnm,sex_m,age_aggregate_total,geo_cov_rur,2021,2.203
vnm,sex_m,age_aggregate_total,geo_cov_rur,2022,1.477
vnm,sex_m,age_aggregate_total,geo_cov_rur,2023,1.382
vnm,sex_m,age_aggregate_total,geo_cov_rur,2024,1.216
vnm,sex_m,age_aggregate_total,geo_cov_urb,2007,4.327
vnm,sex_m,age_aggregate_total,geo_cov_urb,2009,4.758
vnm,sex_m,age_aggregate_total,geo_cov_urb,2010,3.965
vnm,sex_m,age_aggregate_total,geo_cov_urb,2011,2.967
vnm,sex_m,age_aggregate_total,geo_cov_urb,2012,2.776
vnm,sex_m,age_aggregate_total,geo_cov_urb,2013,3.872
vnm,sex_m,age_aggregate_total,geo_cov_urb,2014,3.645
vnm,sex_m,age_aggregate_total,geo_cov_urb,2015,3.889
vnm,sex_m,age_aggregate_total,geo_cov_urb,2016,3.657
vnm,sex_m,age_aggregate_total,geo_cov_urb,2017,3.728
vnm,sex_m,age_aggregate_total,geo_cov_urb,2018,9.049
vnm,sex_m,age_aggregate_total,geo_cov_urb,2019,2.99
vnm,sex_m,age_aggregate_total,geo_cov_urb,2020,3.077
vnm,sex_m,age_aggregate_total,geo_cov_urb,2021,5.196
vnm,sex_m,age_aggregate_total,geo_cov_urb,2022,3.125
vnm,sex_m,age_aggregate_total,geo_cov_urb,2023,2.798
vnm,sex_m,age_aggregate_total,geo_cov_urb,2024,2.501
vnm,sex_m,age_aggregate_total,geo_cov_x,2022,1.619
vnm,sex_m,age_aggregate_y15_24,geo_cov_nat,2007,7.422
vnm,sex_m,age_aggregate_y15_24,geo_cov_nat,2009,7.137
vnm,sex_m,age_aggregate_y15_24,geo_cov_nat,2010,6.234
vnm,sex_m,age_aggregate_y15_24,geo_cov_nat,2011,4.486
vnm,sex_m,age_aggregate_y15_24,geo_cov_nat,2012,4.66
vnm,sex_m,age_aggregate_y15_24,geo_cov_nat,2013,5.894
vnm,sex_m,age_aggregate_y15_24,geo_cov_nat,2014,5.891
vnm,sex_m,age_aggregate_y15_24,geo_cov_nat,2015,7.983
vnm,sex_m,age_aggregate_y15_24,geo_cov_nat,2016,8.608
vnm,sex_m,age_aggregate_y15_24,geo_cov_nat,2017,8.644
vnm,sex_m,age_aggregate_y15_24,geo_cov_nat,2018,15.524
vnm,sex_m,age_aggregate_y15_24,geo_cov_nat,2019,6.676
vnm,sex_m,age_aggregate_y15_24,geo_cov_nat,2020,6.296
vnm,sex_m,age_aggregate_y15_24,geo_cov_nat,2021,8.897
vnm,sex_m,age_aggregate_y15_24,geo_cov_nat,2022,7.087
vnm,sex_m,age_aggregate_y15_24,geo_cov_nat,2023,7.035
vnm,sex_m,age_aggregate_y15_24,geo_cov_nat,2024,6.816
vnm,sex_m,age_aggregate_y15_24,geo_cov_rur,2007,5.805
vnm,sex_m,age_aggregate_y15_24,geo_cov_rur,2009,5.311
vnm,sex_m,age_aggregate_y15_24,geo_cov_rur,2010,4.776
vnm,sex_m,age_aggregate_y15_24,geo_cov_rur,2011,3.278
vnm,sex_m,age_aggregate_y15_24,geo_cov_rur,2012,3.339
vnm,sex_m,age_aggregate_y15_24,geo_cov_rur,2013,4.163
vnm,sex_m,age_aggregate_y15_24,geo_cov_rur,2014,4.21
vnm,sex_m,age_aggregate_y15_24,geo_cov_rur,2015,5.993
vnm,sex_m,age_aggregate_y15_24,geo_cov_rur,2016,6.708
vnm,sex_m,age_aggregate_y15_24,geo_cov_rur,2017,6.841
vnm,sex_m,age_aggregate_y15_24,geo_cov_rur,2018,11.344
vnm,sex_m,age_aggregate_y15_24,geo_cov_rur,2019,5.045
vnm,sex_m,age_aggregate_y15_24,geo_cov_rur,2020,4.856
vnm,sex_m,age_aggregate_y15_24,geo_cov_rur,2021,6.618
vnm,sex_m,age_aggregate_y15_24,geo_cov_rur,2022,5.87
vnm,sex_m,age_aggregate_y15_24,geo_cov_rur,2023,5.274
vnm,sex_m,age_aggregate_y15_24,geo_cov_rur,2024,5.003
vnm,sex_m,age_aggregate_y15_24,geo_cov_urb,2007,13.974
vnm,sex_m,age_aggregate_y15_24,geo_cov_urb,2009,13.45
vnm,sex_m,age_aggregate_y15_24,geo_cov_urb,2010,11.639
vnm,sex_m,age_aggregate_y15_24,geo_cov_urb,2011,8.762
vnm,sex_m,age_aggregate_y15_24,geo_cov_urb,2012,9.091
vnm,sex_m,age_aggregate_y15_24,geo_cov_urb,2013,11.927
vnm,sex_m,age_aggregate_y15_24,geo_cov_urb,2014,11.254
vnm,sex_m,age_aggregate_y15_24,geo_cov_urb,2015,13.953
vnm,sex_m,age_aggregate_y15_24,geo_cov_urb,2016,14.07
vnm,sex_m,age_aggregate_y15_24,geo_cov_urb,2017,13.654
vnm,sex_m,age_aggregate_y15_24,geo_cov_urb,2018,25.668
vnm,sex_m,age_aggregate_y15_24,geo_cov_urb,2019,10.773
vnm,sex_m,age_aggregate_y15_24,geo_cov_urb,2020,10.011
vnm,sex_m,age_aggregate_y15_24,geo_cov_urb,2021,14.196
vnm,sex_m,age_aggregate_y15_24,geo_cov_urb,2022,10.957
vnm,sex_m,age_aggregate_y15_24,geo_cov_urb,2023,11.187
vnm,sex_m,age_aggregate_y15_24,geo_cov_urb,2024,10.787
vnm,sex_m,age_aggregate_y15_24,geo_cov_x,2022,5.995
vnm,sex_m,age_aggregate_y25_54,geo_cov_nat,2007,1.44
vnm,sex_m,age_aggregate_y25_54,geo_cov_nat,2009,1.996
vnm,sex_m,age_aggregate_y25_54,geo_cov_nat,2010,1.431
vnm,sex_m,age_aggregate_y25_54,geo_cov_nat,2011,1.096
vnm,sex_m,age_aggregate_y25_54,geo_cov_nat,2012,0.989
vnm,sex_m,age_aggregate_y25_54,geo_cov_nat,2013,1.295
vnm,sex_m,age_aggregate_y25_54,geo_cov_nat,2014,1.231
vnm,sex_m,age_aggregate_y25_54,geo_cov_nat,2015,1.69
vnm,sex_m,age_aggregate_y25_54,geo_cov_nat,2016,1.59
vnm,sex_m,age_aggregate_y25_54,geo_cov_nat,2017,1.557
vnm,sex_m,age_aggregate_y25_54,geo_cov_nat,2018,1.726
vnm,sex_m,age_aggregate_y25_54,geo_cov_nat,2019,1.423
vnm,sex_m,age_aggregate_y25_54,geo_cov_nat,2020,1.512
vnm,sex_m,age_aggregate_y25_54,geo_cov_nat,2021,2.848
vnm,sex_m,age_aggregate_y25_54,geo_cov_nat,2022,1.515
vnm,sex_m,age_aggregate_y25_54,geo_cov_nat,2023,1.453
vnm,sex_m,age_aggregate_y25_54,geo_cov_nat,2024,1.274
vnm,sex_m,age_aggregate_y25_54,geo_cov_rur,2007,0.869
vnm,sex_m,age_aggregate_y25_54,geo_cov_rur,2009,1.386
vnm,sex_m,age_aggregate_y25_54,geo_cov_rur,2010,0.922
vnm,sex_m,age_aggregate_y25_54,geo_cov_rur,2011,0.64
vnm,sex_m,age_aggregate_y25_54,geo_cov_rur,2012,0.576
vnm,sex_m,age_aggregate_y25_54,geo_cov_rur,2013,0.779
vnm,sex_m,age_aggregate_y25_54,geo_cov_rur,2014,0.73
vnm,sex_m,age_aggregate_y25_54,geo_cov_rur,2015,1.271
vnm,sex_m,age_aggregate_y25_54,geo_cov_rur,2016,1.191
vnm,sex_m,age_aggregate_y25_54,geo_cov_rur,2017,1.114
vnm,sex_m,age_aggregate_y25_54,geo_cov_rur,2018,1.029
vnm,sex_m,age_aggregate_y25_54,geo_cov_rur,2019,1.022
vnm,sex_m,age_aggregate_y25_54,geo_cov_rur,2020,1.009
vnm,sex_m,age_aggregate_y25_54,geo_cov_rur,2021,1.892
vnm,sex_m,age_aggregate_y25_54,geo_cov_rur,2022,1.097
vnm,sex_m,age_aggregate_y25_54,geo_cov_rur,2023,1.01
vnm,sex_m,age_aggregate_y25_54,geo_cov_rur,2024,0.879
vnm,sex_m,age_aggregate_y25_54,geo_cov_urb,2007,2.782
vnm,sex_m,age_aggregate_y25_54,geo_cov_urb,2009,3.33
vnm,sex_m,age_aggregate_y25_54,geo_cov_urb,2010,2.544
vnm,sex_m,age_aggregate_y25_54,geo_cov_urb,2011,2.034
vnm,sex_m,age_aggregate_y25_54,geo_cov_urb,2012,1.83
vnm,sex_m,age_aggregate_y25_54,geo_cov_urb,2013,2.344
vnm,sex_m,age_aggregate_y25_54,geo_cov_urb,2014,2.235
vnm,sex_m,age_aggregate_y25_54,geo_cov_urb,2015,2.498
vnm,sex_m,age_aggregate_y25_54,geo_cov_urb,2016,2.342
vnm,sex_m,age_aggregate_y25_54,geo_cov_urb,2017,2.403
vnm,sex_m,age_aggregate_y25_54,geo_cov_urb,2018,3.022
vnm,sex_m,age_aggregate_y25_54,geo_cov_urb,2019,2.15
vnm,sex_m,age_aggregate_y25_54,geo_cov_urb,2020,2.451
vnm,sex_m,age_aggregate_y25_54,geo_cov_urb,2021,4.449
vnm,sex_m,age_aggregate_y25_54,geo_cov_urb,2022,2.489
vnm,sex_m,age_aggregate_y25_54,geo_cov_urb,2023,2.166
vnm,sex_m,age_aggregate_y25_54,geo_cov_urb,2024,1.887
vnm,sex_m,age_aggregate_y25_54,geo_cov_x,2022,1.207
vnm,sex_m,age_aggregate_y55_64,geo_cov_nat,2007,1.48
vnm,sex_m,age_aggregate_y55_64,geo_cov_nat,2009,0.945
vnm,sex_m,age_aggregate_y55_64,geo_cov_nat,2010,2.475
vnm,sex_m,age_aggregate_y55_64,geo_cov_nat,2011,1.704
vnm,sex_m,age_aggregate_y55_64,geo_cov_nat,2012,1.302
vnm,sex_m,age_aggregate_y55_64,geo_cov_nat,2013,2.391
vnm,sex_m,age_aggregate_y55_64,geo_cov_nat,2014,2.469
vnm,sex_m,age_aggregate_y55_64,geo_cov_nat,2015,1.158
vnm,sex_m,age_aggregate_y55_64,geo_cov_nat,2016,1.223
vnm,sex_m,age_aggregate_y55_64,geo_cov_nat,2017,1.121
vnm,sex_m,age_aggregate_y55_64,geo_cov_nat,2018,7.334
vnm,sex_m,age_aggregate_y55_64,geo_cov_nat,2019,0.696
vnm,sex_m,age_aggregate_y55_64,geo_cov_nat,2020,0.943
vnm,sex_m,age_aggregate_y55_64,geo_cov_nat,2021,1.68
vnm,sex_m,age_aggregate_y55_64,geo_cov_nat,2022,0.826
vnm,sex_m,age_aggregate_y55_64,geo_cov_nat,2023,0.894
vnm,sex_m,age_aggregate_y55_64,geo_cov_nat,2024,0.753
vnm,sex_m,age_aggregate_y55_64,geo_cov_rur,2007,0.838
vnm,sex_m,age_aggregate_y55_64,geo_cov_rur,2010,1.555
vnm,sex_m,age_aggregate_y55_64,geo_cov_rur,2011,1.075
vnm,sex_m,age_aggregate_y55_64,geo_cov_rur,2012,0.692
vnm,sex_m,age_aggregate_y55_64,geo_cov_rur,2013,0.732
vnm,sex_m,age_aggregate_y55_64,geo_cov_rur,2014,1.01
vnm,sex_m,age_aggregate_y55_64,geo_cov_rur,2015,0.795
vnm,sex_m,age_aggregate_y55_64,geo_cov_rur,2016,0.884
vnm,sex_m,age_aggregate_y55_64,geo_cov_rur,2017,0.659
vnm,sex_m,age_aggregate_y55_64,geo_cov_rur,2018,3.028
vnm,sex_m,age_aggregate_y55_64,geo_cov_rur,2019,0.523
vnm,sex_m,age_aggregate_y55_64,geo_cov_rur,2020,0.657
vnm,sex_m,age_aggregate_y55_64,geo_cov_rur,2021,0.955
vnm,sex_m,age_aggregate_y55_64,geo_cov_rur,2022,0.367
vnm,sex_m,age_aggregate_y55_64,geo_cov_rur,2023,0.642
vnm,sex_m,age_aggregate_y55_64,geo_cov_rur,2024,0.543
vnm,sex_m,age_aggregate_y55_64,geo_cov_urb,2007,3.389
vnm,sex_m,age_aggregate_y55_64,geo_cov_urb,2009,2.801
vnm,sex_m,age_aggregate_y55_64,geo_cov_urb,2010,5.102
vnm,sex_m,age_aggregate_y55_64,geo_cov_urb,2011,3.348
vnm,sex_m,age_aggregate_y55_64,geo_cov_urb,2012,2.834
vnm,sex_m,age_aggregate_y55_64,geo_cov_urb,2013,6.454
vnm,sex_m,age_aggregate_y55_64,geo_cov_urb,2014,5.864
vnm,sex_m,age_aggregate_y55_64,geo_cov_urb,2015,2.069
vnm,sex_m,age_aggregate_y55_64,geo_cov_urb,2016,2.005
vnm,sex_m,age_aggregate_y55_64,geo_cov_urb,2017,2.214
vnm,sex_m,age_aggregate_y55_64,geo_cov_urb,2018,16.107
vnm,sex_m,age_aggregate_y55_64,geo_cov_urb,2019,1.114
vnm,sex_m,age_aggregate_y55_64,geo_cov_urb,2020,1.635
vnm,sex_m,age_aggregate_y55_64,geo_cov_urb,2021,3.404
vnm,sex_m,age_aggregate_y55_64,geo_cov_urb,2022,1.64
vnm,sex_m,age_aggregate_y55_64,geo_cov_urb,2023,1.446
vnm,sex_m,age_aggregate_y55_64,geo_cov_urb,2024,1.191
vnm,sex_m,age_aggregate_y55_64,geo_cov_x,2022,1.051
vnm,sex_m,age_aggregate_yge65,geo_cov_nat,2007,0.412
vnm,sex_m,age_aggregate_yge65,geo_cov_nat,2009,1.25
vnm,sex_m,age_aggregate_yge65,geo_cov_nat,2010,0.303
vnm,sex_m,age_aggregate_yge65,geo_cov_nat,2011,0.268
vnm,sex_m,age_aggregate_yge65,geo_cov_nat,2012,0.266
vnm,sex_m,age_aggregate_yge65,geo_cov_nat,2013,0.511
vnm,sex_m,age_aggregate_yge65,geo_cov_nat,2014,0.138
vnm,sex_m,age_aggregate_yge65,geo_cov_nat,2015,1.551
vnm,sex_m,age_aggregate_yge65,geo_cov_nat,2016,1.314
vnm,sex_m,age_aggregate_yge65,geo_cov_nat,2017,1.417
vnm,sex_m,age_aggregate_yge65,geo_cov_nat,2018,26.231
vnm,sex_m,age_aggregate_yge65,geo_cov_nat,2019,0.682
vnm,sex_m,age_aggregate_yge65,geo_cov_nat,2020,0.702
vnm,sex_m,age_aggregate_yge65,geo_cov_nat,2021,1.04
vnm,sex_m,age_aggregate_yge65,geo_cov_nat,2022,0.233
vnm,sex_m,age_aggregate_yge65,geo_cov_nat,2023,0.414
vnm,sex_m,age_aggregate_yge65,geo_cov_nat,2024,0.204
vnm,sex_m,age_aggregate_yge65,geo_cov_rur,2007,0.303
vnm,sex_m,age_aggregate_yge65,geo_cov_rur,2010,0.194
vnm,sex_m,age_aggregate_yge65,geo_cov_rur,2011,0.206
vnm,sex_m,age_aggregate_yge65,geo_cov_rur,2012,0.259
vnm,sex_m,age_aggregate_yge65,geo_cov_rur,2013,0.421
vnm,sex_m,age_aggregate_yge65,geo_cov_rur,2014,0.146
vnm,sex_m,age_aggregate_yge65,geo_cov_rur,2015,1.423
vnm,sex_m,age_aggregate_yge65,geo_cov_rur,2016,1.254
vnm,sex_m,age_aggregate_yge65,geo_cov_rur,2017,1.285
vnm,sex_m,age_aggregate_yge65,geo_cov_rur,2018,20.22
vnm,sex_m,age_aggregate_yge65,geo_cov_rur,2019,0.441
vnm,sex_m,age_aggregate_yge65,geo_cov_rur,2020,0.464
vnm,sex_m,age_aggregate_yge65,geo_cov_rur,2021,0.489
vnm,sex_m,age_aggregate_yge65,geo_cov_rur,2022,0.194
vnm,sex_m,age_aggregate_yge65,geo_cov_rur,2023,0.334
vnm,sex_m,age_aggregate_yge65,geo_cov_rur,2024,0.139
vnm,sex_m,age_aggregate_yge65,geo_cov_urb,2007,1.035
vnm,sex_m,age_aggregate_yge65,geo_cov_urb,2009,1.848
vnm,sex_m,age_aggregate_yge65,geo_cov_urb,2010,0.837
vnm,sex_m,age_aggregate_yge65,geo_cov_urb,2011,0.533
vnm,sex_m,age_aggregate_yge65,geo_cov_urb,2012,0.298
vnm,sex_m,age_aggregate_yge65,geo_cov_urb,2013,0.872
vnm,sex_m,age_aggregate_yge65,geo_cov_urb,2014,0.106
vnm,sex_m,age_aggregate_yge65,geo_cov_urb,2015,2.104
vnm,sex_m,age_aggregate_yge65,geo_cov_urb,2016,1.557
vnm,sex_m,age_aggregate_yge65,geo_cov_urb,2017,1.948
vnm,sex_m,age_aggregate_yge65,geo_cov_urb,2018,42.778
vnm,sex_m,age_aggregate_yge65,geo_cov_urb,2019,1.567
vnm,sex_m,age_aggregate_yge65,geo_cov_urb,2020,1.545
vnm,sex_m,age_aggregate_yge65,geo_cov_urb,2021,3.296
vnm,sex_m,age_aggregate_yge65,geo_cov_urb,2022,0.473
vnm,sex_m,age_aggregate_yge65,geo_cov_urb,2023,0.703
vnm,sex_m,age_aggregate_yge65,geo_cov_urb,2024,0.422
vnm,sex_m,age_aggregate_yge65,geo_cov_x,2022,0.174
vnm,sex_m,age_ythadult_y15_24,geo_cov_nat,2007,7.422
vnm,sex_m,age_ythadult_y15_24,geo_cov_nat,2009,7.137
vnm,sex_m,age_ythadult_y15_24,geo_cov_nat,2010,6.234
vnm,sex_m,age_ythadult_y15_24,geo_cov_nat,2011,4.486
vnm,sex_m,age_ythadult_y15_24,geo_cov_nat,2012,4.66
vnm,sex_m,age_ythadult_y15_24,geo_cov_nat,2013,5.894
vnm,sex_m,age_ythadult_y15_24,geo_cov_nat,2014,5.891
vnm,sex_m,age_ythadult_y15_24,geo_cov_nat,2015,7.983
vnm,sex_m,age_ythadult_y15_24,geo_cov_nat,2016,8.608
vnm,sex_m,age_ythadult_y15_24,geo_cov_nat,2017,8.644
vnm,sex_m,age_ythadult_y15_24,geo_cov_nat,2018,15.524
vnm,sex_m,age_ythadult_y15_24,geo_cov_nat,2019,6.676
vnm,sex_m,age_ythadult_y15_24,geo_cov_nat,2020,6.296
vnm,sex_m,age_ythadult_y15_24,geo_cov_nat,2021,8.897
vnm,sex_m,age_ythadult_y15_24,geo_cov_nat,2022,7.087
vnm,sex_m,age_ythadult_y15_24,geo_cov_nat,2023,7.035
vnm,sex_m,age_ythadult_y15_24,geo_cov_nat,2024,6.816
vnm,sex_m,age_ythadult_y15_24,geo_cov_rur,2007,5.805
vnm,sex_m,age_ythadult_y15_24,geo_cov_rur,2009,5.311
vnm,sex_m,age_ythadult_y15_24,geo_cov_rur,2010,4.776
vnm,sex_m,age_ythadult_y15_24,geo_cov_rur,2011,3.278
vnm,sex_m,age_ythadult_y15_24,geo_cov_rur,2012,3.339
vnm,sex_m,age_ythadult_y15_24,geo_cov_rur,2013,4.163
vnm,sex_m,age_ythadult_y15_24,geo_cov_rur,2014,4.21
vnm,sex_m,age_ythadult_y15_24,geo_cov_rur,2015,5.993
vnm,sex_m,age_ythadult_y15_24,geo_cov_rur,2016,6.708
vnm,sex_m,age_ythadult_y15_24,geo_cov_rur,2017,6.841
vnm,sex_m,age_ythadult_y15_24,geo_cov_rur,2018,11.344
vnm,sex_m,age_ythadult_y15_24,geo_cov_rur,2019,5.045
vnm,sex_m,age_ythadult_y15_24,geo_cov_rur,2020,4.856
vnm,sex_m,age_ythadult_y15_24,geo_cov_rur,2021,6.618
vnm,sex_m,age_ythadult_y15_24,geo_cov_rur,2022,5.87
vnm,sex_m,age_ythadult_y15_24,geo_cov_rur,2023,5.274
vnm,sex_m,age_ythadult_y15_24,geo_cov_rur,2024,5.003
vnm,sex_m,age_ythadult_y15_24,geo_cov_urb,2007,13.974
vnm,sex_m,age_ythadult_y15_24,geo_cov_urb,2009,13.45
vnm,sex_m,age_ythadult_y15_24,geo_cov_urb,2010,11.639
vnm,sex_m,age_ythadult_y15_24,geo_cov_urb,2011,8.762
vnm,sex_m,age_ythadult_y15_24,geo_cov_urb,2012,9.091
vnm,sex_m,age_ythadult_y15_24,geo_cov_urb,2013,11.927
vnm,sex_m,age_ythadult_y15_24,geo_cov_urb,2014,11.254
vnm,sex_m,age_ythadult_y15_24,geo_cov_urb,2015,13.953
vnm,sex_m,age_ythadult_y15_24,geo_cov_urb,2016,14.07
vnm,sex_m,age_ythadult_y15_24,geo_cov_urb,2017,13.654
vnm,sex_m,age_ythadult_y15_24,geo_cov_urb,2018,25.668
vnm,sex_m,age_ythadult_y15_24,geo_cov_urb,2019,10.773
vnm,sex_m,age_ythadult_y15_24,geo_cov_urb,2020,10.011
vnm,sex_m,age_ythadult_y15_24,geo_cov_urb,2021,14.196
vnm,sex_m,age_ythadult_y15_24,geo_cov_urb,2022,10.957
vnm,sex_m,age_ythadult_y15_24,geo_cov_urb,2023,11.187
vnm,sex_m,age_ythadult_y15_24,geo_cov_urb,2024,10.787
vnm,sex_m,age_ythadult_y15_24,geo_cov_x,2022,5.995
vnm,sex_m,age_ythadult_y15_64,geo_cov_nat,2007,2.604
vnm,sex_m,age_ythadult_y15_64,geo_cov_nat,2009,2.922
vnm,sex_m,age_ythadult_y15_64,geo_cov_nat,2010,2.447
vnm,sex_m,age_ythadult_y15_64,geo_cov_nat,2011,1.76
vnm,sex_m,age_ythadult_y15_64,geo_cov_nat,2012,1.634
vnm,sex_m,age_ythadult_y15_64,geo_cov_nat,2013,2.185
vnm,sex_m,age_ythadult_y15_64,geo_cov_nat,2014,2.109
vnm,sex_m,age_ythadult_y15_64,geo_cov_nat,2015,2.664
vnm,sex_m,age_ythadult_y15_64,geo_cov_nat,2016,2.611
vnm,sex_m,age_ythadult_y15_64,geo_cov_nat,2017,2.582
vnm,sex_m,age_ythadult_y15_64,geo_cov_nat,2018,4.509
vnm,sex_m,age_ythadult_y15_64,geo_cov_nat,2019,2.047
vnm,sex_m,age_ythadult_y15_64,geo_cov_nat,2020,2.012
vnm,sex_m,age_ythadult_y15_64,geo_cov_nat,2021,3.36
vnm,sex_m,age_ythadult_y15_64,geo_cov_nat,2022,2.037
vnm,sex_m,age_ythadult_y15_64,geo_cov_nat,2023,1.973
vnm,sex_m,age_ythadult_y15_64,geo_cov_nat,2024,1.776
vnm,sex_m,age_ythadult_y15_64,geo_cov_rur,2007,1.927
vnm,sex_m,age_ythadult_y15_64,geo_cov_rur,2009,2.138
vnm,sex_m,age_ythadult_y15_64,geo_cov_rur,2010,1.803
vnm,sex_m,age_ythadult_y15_64,geo_cov_rur,2011,1.211
vnm,sex_m,age_ythadult_y15_64,geo_cov_rur,2012,1.101
vnm,sex_m,age_ythadult_y15_64,geo_cov_rur,2013,1.402
vnm,sex_m,age_ythadult_y15_64,geo_cov_rur,2014,1.366
vnm,sex_m,age_ythadult_y15_64,geo_cov_rur,2015,2.069
vnm,sex_m,age_ythadult_y15_64,geo_cov_rur,2016,2.076
vnm,sex_m,age_ythadult_y15_64,geo_cov_rur,2017,2.005
vnm,sex_m,age_ythadult_y15_64,geo_cov_rur,2018,2.914
vnm,sex_m,age_ythadult_y15_64,geo_cov_rur,2019,1.547
vnm,sex_m,age_ythadult_y15_64,geo_cov_rur,2020,1.459
vnm,sex_m,age_ythadult_y15_64,geo_cov_rur,2021,2.32
vnm,sex_m,age_ythadult_y15_64,geo_cov_rur,2022,1.563
vnm,sex_m,age_ythadult_y15_64,geo_cov_rur,2023,1.459
vnm,sex_m,age_ythadult_y15_64,geo_cov_rur,2024,1.298
vnm,sex_m,age_ythadult_y15_64,geo_cov_urb,2007,4.388
vnm,sex_m,age_ythadult_y15_64,geo_cov_urb,2009,4.823
vnm,sex_m,age_ythadult_y15_64,geo_cov_urb,2010,4.024
vnm,sex_m,age_ythadult_y15_64,geo_cov_urb,2011,3.021
vnm,sex_m,age_ythadult_y15_64,geo_cov_urb,2012,2.832
vnm,sex_m,age_ythadult_y15_64,geo_cov_urb,2013,3.946
vnm,sex_m,age_ythadult_y15_64,geo_cov_urb,2014,3.729
vnm,sex_m,age_ythadult_y15_64,geo_cov_urb,2015,3.932
vnm,sex_m,age_ythadult_y15_64,geo_cov_urb,2016,3.709
vnm,sex_m,age_ythadult_y15_64,geo_cov_urb,2017,3.773
vnm,sex_m,age_ythadult_y15_64,geo_cov_urb,2018,7.623
vnm,sex_m,age_ythadult_y15_64,geo_cov_urb,2019,3.026
vnm,sex_m,age_ythadult_y15_64,geo_cov_urb,2020,3.118
vnm,sex_m,age_ythadult_y15_64,geo_cov_urb,2021,5.254
vnm,sex_m,age_ythadult_y15_64,geo_cov_urb,2022,3.21
vnm,sex_m,age_ythadult_y15_64,geo_cov_urb,2023,2.874
vnm,sex_m,age_ythadult_y15_64,geo_cov_urb,2024,2.581
vnm,sex_m,age_ythadult_y15_64,geo_cov_x,2022,1.699
vnm,sex_m,age_ythadult_yge15,geo_cov_nat,2007,2.532
vnm,sex_m,age_ythadult_yge15,geo_cov_nat,2009,2.866
vnm,sex_m,age_ythadult_yge15,geo_cov_nat,2010,2.379
vnm,sex_m,age_ythadult_yge15,geo_cov_nat,2011,1.709
vnm,sex_m,age_ythadult_yge15,geo_cov_nat,2012,1.587
vnm,sex_m,age_ythadult_yge15,geo_cov_nat,2013,2.124
vnm,sex_m,age_ythadult_yge15,geo_cov_nat,2014,2.036
vnm,sex_m,age_ythadult_yge15,geo_cov_nat,2015,2.62
vnm,sex_m,age_ythadult_yge15,geo_cov_nat,2016,2.56
vnm,sex_m,age_ythadult_yge15,geo_cov_nat,2017,2.536
vnm,sex_m,age_ythadult_yge15,geo_cov_nat,2018,5.617
vnm,sex_m,age_ythadult_yge15,geo_cov_nat,2019,1.994
vnm,sex_m,age_ythadult_yge15,geo_cov_nat,2020,1.962
vnm,sex_m,age_ythadult_yge15,geo_cov_nat,2021,3.239
vnm,sex_m,age_ythadult_yge15,geo_cov_nat,2022,1.944
vnm,sex_m,age_ythadult_yge15,geo_cov_nat,2023,1.884
vnm,sex_m,age_ythadult_yge15,geo_cov_nat,2024,1.685
vnm,sex_m,age_ythadult_yge15,geo_cov_rur,2007,1.864
vnm,sex_m,age_ythadult_yge15,geo_cov_rur,2009,2.099
vnm,sex_m,age_ythadult_yge15,geo_cov_rur,2010,1.744
vnm,sex_m,age_ythadult_yge15,geo_cov_rur,2011,1.171
vnm,sex_m,age_ythadult_yge15,geo_cov_rur,2012,1.067
vnm,sex_m,age_ythadult_yge15,geo_cov_rur,2013,1.361
vnm,sex_m,age_ythadult_yge15,geo_cov_rur,2014,1.314
vnm,sex_m,age_ythadult_yge15,geo_cov_rur,2015,2.039
vnm,sex_m,age_ythadult_yge15,geo_cov_rur,2016,2.038
vnm,sex_m,age_ythadult_yge15,geo_cov_rur,2017,1.972
vnm,sex_m,age_ythadult_yge15,geo_cov_rur,2018,3.887
vnm,sex_m,age_ythadult_yge15,geo_cov_rur,2019,1.496
vnm,sex_m,age_ythadult_yge15,geo_cov_rur,2020,1.415
vnm,sex_m,age_ythadult_yge15,geo_cov_rur,2021,2.203
vnm,sex_m,age_ythadult_yge15,geo_cov_rur,2022,1.477
vnm,sex_m,age_ythadult_yge15,geo_cov_rur,2023,1.382
vnm,sex_m,age_ythadult_yge15,geo_cov_rur,2024,1.216
vnm,sex_m,age_ythadult_yge15,geo_cov_urb,2007,4.327
vnm,sex_m,age_ythadult_yge15,geo_cov_urb,2009,4.758
vnm,sex_m,age_ythadult_yge15,geo_cov_urb,2010,3.965
vnm,sex_m,age_ythadult_yge15,geo_cov_urb,2011,2.967
vnm,sex_m,age_ythadult_yge15,geo_cov_urb,2012,2.776
vnm,sex_m,age_ythadult_yge15,geo_cov_urb,2013,3.872
vnm,sex_m,age_ythadult_yge15,geo_cov_urb,2014,3.645
vnm,sex_m,age_ythadult_yge15,geo_cov_urb,2015,3.889
vnm,sex_m,age_ythadult_yge15,geo_cov_urb,2016,3.657
vnm,sex_m,age_ythadult_yge15,geo_cov_urb,2017,3.728
vnm,sex_m,age_ythadult_yge15,geo_cov_urb,2018,9.049
vnm,sex_m,age_ythadult_yge15,geo_cov_urb,2019,2.99
vnm,sex_m,age_ythadult_yge15,geo_cov_urb,2020,3.077
vnm,sex_m,age_ythadult_yge15,geo_cov_urb,2021,5.196
vnm,sex_m,age_ythadult_yge15,geo_cov_urb,2022,3.125
vnm,sex_m,age_ythadult_yge15,geo_cov_urb,2023,2.798
vnm,sex_m,age_ythadult_yge15,geo_cov_urb,2024,2.501
vnm,sex_m,age_ythadult_yge15,geo_cov_x,2022,1.619
vnm,sex_m,age_ythadult_yge25,geo_cov_nat,2007,1.401
vnm,sex_m,age_ythadult_yge25,geo_cov_nat,2009,1.863
vnm,sex_m,age_ythadult_yge25,geo_cov_nat,2010,1.491
vnm,sex_m,age_ythadult_yge25,geo_cov_nat,2011,1.13
vnm,sex_m,age_ythadult_yge25,geo_cov_nat,2012,0.998
vnm,sex_m,age_ythadult_yge25,geo_cov_nat,2013,1.408
vnm,sex_m,age_ythadult_yge25,geo_cov_nat,2014,1.356
vnm,sex_m,age_ythadult_yge25,geo_cov_nat,2015,1.61
vnm,sex_m,age_ythadult_yge25,geo_cov_nat,2016,1.525
vnm,sex_m,age_ythadult_yge25,geo_cov_nat,2017,1.488
vnm,sex_m,age_ythadult_yge25,geo_cov_nat,2018,4.034
vnm,sex_m,age_ythadult_yge25,geo_cov_nat,2019,1.29
vnm,sex_m,age_ythadult_yge25,geo_cov_nat,2020,1.398
vnm,sex_m,age_ythadult_yge25,geo_cov_nat,2021,2.563
vnm,sex_m,age_ythadult_yge25,geo_cov_nat,2022,1.333
vnm,sex_m,age_ythadult_yge25,geo_cov_nat,2023,1.297
vnm,sex_m,age_ythadult_yge25,geo_cov_nat,2024,1.119
vnm,sex_m,age_ythadult_yge25,geo_cov_rur,2007,0.839
vnm,sex_m,age_ythadult_yge25,geo_cov_rur,2009,1.259
vnm,sex_m,age_ythadult_yge25,geo_cov_rur,2010,0.955
vnm,sex_m,age_ythadult_yge25,geo_cov_rur,2011,0.67
vnm,sex_m,age_ythadult_yge25,geo_cov_rur,2012,0.575
vnm,sex_m,age_ythadult_yge25,geo_cov_rur,2013,0.754
vnm,sex_m,age_ythadult_yge25,geo_cov_rur,2014,0.74
vnm,sex_m,age_ythadult_yge25,geo_cov_rur,2015,1.21
vnm,sex_m,age_ythadult_yge25,geo_cov_rur,2016,1.149
vnm,sex_m,age_ythadult_yge25,geo_cov_rur,2017,1.054
vnm,sex_m,age_ythadult_yge25,geo_cov_rur,2018,2.606
vnm,sex_m,age_ythadult_yge25,geo_cov_rur,2019,0.918
vnm,sex_m,age_ythadult_yge25,geo_cov_rur,2020,0.929
vnm,sex_m,age_ythadult_yge25,geo_cov_rur,2021,1.634
vnm,sex_m,age_ythadult_yge25,geo_cov_rur,2022,0.91
vnm,sex_m,age_ythadult_yge25,geo_cov_rur,2023,0.893
vnm,sex_m,age_ythadult_yge25,geo_cov_rur,2024,0.761
vnm,sex_m,age_ythadult_yge25,geo_cov_urb,2007,2.794
vnm,sex_m,age_ythadult_yge25,geo_cov_urb,2009,3.248
vnm,sex_m,age_ythadult_yge25,geo_cov_urb,2010,2.725
vnm,sex_m,age_ythadult_yge25,geo_cov_urb,2011,2.126
vnm,sex_m,age_ythadult_yge25,geo_cov_urb,2012,1.902
vnm,sex_m,age_ythadult_yge25,geo_cov_urb,2013,2.803
vnm,sex_m,age_ythadult_yge25,geo_cov_urb,2014,2.651
vnm,sex_m,age_ythadult_yge25,geo_cov_urb,2015,2.436
vnm,sex_m,age_ythadult_yge25,geo_cov_urb,2016,2.277
vnm,sex_m,age_ythadult_yge25,geo_cov_urb,2017,2.366
vnm,sex_m,age_ythadult_yge25,geo_cov_urb,2018,6.783
vnm,sex_m,age_ythadult_yge25,geo_cov_urb,2019,2.01
vnm,sex_m,age_ythadult_yge25,geo_cov_urb,2020,2.327
vnm,sex_m,age_ythadult_yge25,geo_cov_urb,2021,4.277
vnm,sex_m,age_ythadult_yge25,geo_cov_urb,2022,2.306
vnm,sex_m,age_ythadult_yge25,geo_cov_urb,2023,2.009
vnm,sex_m,age_ythadult_yge25,geo_cov_urb,2024,1.727
vnm,sex_m,age_ythadult_yge25,geo_cov_x,2022,1.123
vnm,sex_t,age_aggregate_total,geo_cov_nat,2007,2.49
vnm,sex_t,age_aggregate_total,geo_cov_nat,2009,2.99
vnm,sex_t,age_aggregate_total,geo_cov_nat,2010,2.769
vnm,sex_t,age_aggregate_total,geo_cov_nat,2011,2.079
vnm,sex_t,age_aggregate_total,geo_cov_nat,2012,1.802
vnm,sex_t,age_aggregate_total,geo_cov_nat,2013,2.096
vnm,sex_t,age_aggregate_total,geo_cov_nat,2014,1.97
vnm,sex_t,age_aggregate_total,geo_cov_nat,2015,2.611
vnm,sex_t,age_aggregate_total,geo_cov_nat,2016,2.492
vnm,sex_t,age_aggregate_total,geo_cov_nat,2017,2.44
vnm,sex_t,age_aggregate_total,geo_cov_nat,2018,7.062
vnm,sex_t,age_aggregate_total,geo_cov_nat,2019,2.003
vnm,sex_t,age_aggregate_total,geo_cov_nat,2020,2.337
vnm,sex_t,age_aggregate_total,geo_cov_nat,2021,3.228
vnm,sex_t,age_aggregate_total,geo_cov_nat,2022,1.884
vnm,sex_t,age_aggregate_total,geo_cov_nat,2023,1.775
vnm,sex_t,age_aggregate_total,geo_cov_nat,2024,1.599
vnm,sex_t,age_aggregate_total,geo_cov_rur,2007,1.776
vnm,sex_t,age_aggregate_total,geo_cov_rur,2009,2.208
vnm,sex_t,age_aggregate_total,geo_cov_rur,2010,2.193
vnm,sex_t,age_aggregate_total,geo_cov_rur,2011,1.494
vnm,sex_t,age_aggregate_total,geo_cov_rur,2012,1.268
vnm,sex_t,age_aggregate_total,geo_cov_rur,2013,1.47
vnm,sex_t,age_aggregate_total,geo_cov_rur,2014,1.385
vnm,sex_t,age_aggregate_total,geo_cov_rur,2015,2.052
vnm,sex_t,age_aggregate_total,geo_cov_rur,2016,2.008
vnm,sex_t,age_aggregate_total,geo_cov_rur,2017,1.921
vnm,sex_t,age_aggregate_total,geo_cov_rur,2018,5.105
vnm,sex_t,age_aggregate_total,geo_cov_rur,2019,1.505
vnm,sex_t,age_aggregate_total,geo_cov_rur,2020,1.654
vnm,sex_t,age_aggregate_total,geo_cov_rur,2021,2.186
vnm,sex_t,age_aggregate_total,geo_cov_rur,2022,1.383
vnm,sex_t,age_aggregate_total,geo_cov_rur,2023,1.356
vnm,sex_t,age_aggregate_total,geo_cov_rur,2024,1.223
vnm,sex_t,age_aggregate_total,geo_cov_urb,2007,4.477
vnm,sex_t,age_aggregate_total,geo_cov_urb,2009,4.955
vnm,sex_t,age_aggregate_total,geo_cov_urb,2010,4.251
vnm,sex_t,age_aggregate_total,geo_cov_urb,2011,3.459
vnm,sex_t,age_aggregate_total,geo_cov_urb,2012,3.026
vnm,sex_t,age_aggregate_total,geo_cov_urb,2013,3.544
vnm,sex_t,age_aggregate_total,geo_cov_urb,2014,3.287
vnm,sex_t,age_aggregate_total,geo_cov_urb,2015,3.833
vnm,sex_t,age_aggregate_total,geo_cov_urb,2016,3.517
vnm,sex_t,age_aggregate_total,geo_cov_urb,2017,3.531
vnm,sex_t,age_aggregate_total,geo_cov_urb,2018,10.907
vnm,sex_t,age_aggregate_total,geo_cov_urb,2019,3.002
vnm,sex_t,age_aggregate_total,geo_cov_urb,2020,3.71
vnm,sex_t,age_aggregate_total,geo_cov_urb,2021,5.186
vnm,sex_t,age_aggregate_total,geo_cov_urb,2022,3.038
vnm,sex_t,age_aggregate_total,geo_cov_urb,2023,2.529
vnm,sex_t,age_aggregate_total,geo_cov_urb,2024,2.242
vnm,sex_t,age_aggregate_total,geo_cov_x,2022,1.636
vnm,sex_t,age_aggregate_y15_24,geo_cov_nat,2007,7.301
vnm,sex_t,age_aggregate_y15_24,geo_cov_nat,2009,6.961
vnm,sex_t,age_aggregate_y15_24,geo_cov_nat,2010,7.306
vnm,sex_t,age_aggregate_y15_24,geo_cov_nat,2011,5.386
vnm,sex_t,age_aggregate_y15_24,geo_cov_nat,2012,5.578
vnm,sex_t,age_aggregate_y15_24,geo_cov_nat,2013,6.593
vnm,sex_t,age_aggregate_y15_24,geo_cov_nat,2014,6.607
vnm,sex_t,age_aggregate_y15_24,geo_cov_nat,2015,8.397
vnm,sex_t,age_aggregate_y15_24,geo_cov_nat,2016,8.747
vnm,sex_t,age_aggregate_y15_24,geo_cov_nat,2017,8.812
vnm,sex_t,age_aggregate_y15_24,geo_cov_nat,2018,17.51
vnm,sex_t,age_aggregate_y15_24,geo_cov_nat,2019,6.582
vnm,sex_t,age_aggregate_y15_24,geo_cov_nat,2020,7.316
vnm,sex_t,age_aggregate_y15_24,geo_cov_nat,2021,8.912
vnm,sex_t,age_aggregate_y15_24,geo_cov_nat,2022,7.133
vnm,sex_t,age_aggregate_y15_24,geo_cov_nat,2023,6.739
vnm,sex_t,age_aggregate_y15_24,geo_cov_nat,2024,6.6
vnm,sex_t,age_aggregate_y15_24,geo_cov_rur,2007,5.56
vnm,sex_t,age_aggregate_y15_24,geo_cov_rur,2009,4.952
vnm,sex_t,age_aggregate_y15_24,geo_cov_rur,2010,5.861
vnm,sex_t,age_aggregate_y15_24,geo_cov_rur,2011,4.162
vnm,sex_t,age_aggregate_y15_24,geo_cov_rur,2012,4.332
vnm,sex_t,age_aggregate_y15_24,geo_cov_rur,2013,4.971
vnm,sex_t,age_aggregate_y15_24,geo_cov_rur,2014,4.925
vnm,sex_t,age_aggregate_y15_24,geo_cov_rur,2015,6.309
vnm,sex_t,age_aggregate_y15_24,geo_cov_rur,2016,6.832
vnm,sex_t,age_aggregate_y15_24,geo_cov_rur,2017,6.951
vnm,sex_t,age_aggregate_y15_24,geo_cov_rur,2018,13.434
vnm,sex_t,age_aggregate_y15_24,geo_cov_rur,2019,4.819
vnm,sex_t,age_aggregate_y15_24,geo_cov_rur,2020,5.76
vnm,sex_t,age_aggregate_y15_24,geo_cov_rur,2021,6.456
vnm,sex_t,age_aggregate_y15_24,geo_cov_rur,2022,5.742
vnm,sex_t,age_aggregate_y15_24,geo_cov_rur,2023,5.193
vnm,sex_t,age_aggregate_y15_24,geo_cov_rur,2024,5.33
vnm,sex_t,age_aggregate_y15_24,geo_cov_urb,2007,14.24
vnm,sex_t,age_aggregate_y15_24,geo_cov_urb,2009,13.639
vnm,sex_t,age_aggregate_y15_24,geo_cov_urb,2010,12.451
vnm,sex_t,age_aggregate_y15_24,geo_cov_urb,2011,9.341
vnm,sex_t,age_aggregate_y15_24,geo_cov_urb,2012,9.307
vnm,sex_t,age_aggregate_y15_24,geo_cov_urb,2013,11.768
vnm,sex_t,age_aggregate_y15_24,geo_cov_urb,2014,11.549
vnm,sex_t,age_aggregate_y15_24,geo_cov_urb,2015,14.015
vnm,sex_t,age_aggregate_y15_24,geo_cov_urb,2016,13.857
vnm,sex_t,age_aggregate_y15_24,geo_cov_urb,2017,13.609
vnm,sex_t,age_aggregate_y15_24,geo_cov_urb,2018,26.879
vnm,sex_t,age_aggregate_y15_24,geo_cov_urb,2019,10.758
vnm,sex_t,age_aggregate_y15_24,geo_cov_urb,2020,11.024
vnm,sex_t,age_aggregate_y15_24,geo_cov_urb,2021,14.301
vnm,sex_t,age_aggregate_y15_24,geo_cov_urb,2022,10.69
vnm,sex_t,age_aggregate_y15_24,geo_cov_urb,2023,10.133
vnm,sex_t,age_aggregate_y15_24,geo_cov_urb,2024,9.226
vnm,sex_t,age_aggregate_y15_24,geo_cov_x,2022,6.447
vnm,sex_t,age_aggregate_y25_54,geo_cov_nat,2007,1.503
vnm,sex_t,age_aggregate_y25_54,geo_cov_nat,2009,2.244
vnm,sex_t,age_aggregate_y25_54,geo_cov_nat,2010,1.853
vnm,sex_t,age_aggregate_y25_54,geo_cov_nat,2011,1.544
vnm,sex_t,age_aggregate_y25_54,geo_cov_nat,2012,1.233
vnm,sex_t,age_aggregate_y25_54,geo_cov_nat,2013,1.338
vnm,sex_t,age_aggregate_y25_54,geo_cov_nat,2014,1.225
vnm,sex_t,age_aggregate_y25_54,geo_cov_nat,2015,1.669
vnm,sex_t,age_aggregate_y25_54,geo_cov_nat,2016,1.557
vnm,sex_t,age_aggregate_y25_54,geo_cov_nat,2017,1.46
vnm,sex_t,age_aggregate_y25_54,geo_cov_nat,2018,2.223
vnm,sex_t,age_aggregate_y25_54,geo_cov_nat,2019,1.478
vnm,sex_t,age_aggregate_y25_54,geo_cov_nat,2020,1.892
vnm,sex_t,age_aggregate_y25_54,geo_cov_nat,2021,2.892
vnm,sex_t,age_aggregate_y25_54,geo_cov_nat,2022,1.498
vnm,sex_t,age_aggregate_y25_54,geo_cov_nat,2023,1.394
vnm,sex_t,age_aggregate_y25_54,geo_cov_nat,2024,1.23
vnm,sex_t,age_aggregate_y25_54,geo_cov_rur,2007,0.89
vnm,sex_t,age_aggregate_y25_54,geo_cov_rur,2009,1.666
vnm,sex_t,age_aggregate_y25_54,geo_cov_rur,2010,1.386
vnm,sex_t,age_aggregate_y25_54,geo_cov_rur,2011,1
vnm,sex_t,age_aggregate_y25_54,geo_cov_rur,2012,0.746
vnm,sex_t,age_aggregate_y25_54,geo_cov_rur,2013,0.868
vnm,sex_t,age_aggregate_y25_54,geo_cov_rur,2014,0.811
vnm,sex_t,age_aggregate_y25_54,geo_cov_rur,2015,1.307
vnm,sex_t,age_aggregate_y25_54,geo_cov_rur,2016,1.216
vnm,sex_t,age_aggregate_y25_54,geo_cov_rur,2017,1.086
vnm,sex_t,age_aggregate_y25_54,geo_cov_rur,2018,1.264
vnm,sex_t,age_aggregate_y25_54,geo_cov_rur,2019,1.101
vnm,sex_t,age_aggregate_y25_54,geo_cov_rur,2020,1.219
vnm,sex_t,age_aggregate_y25_54,geo_cov_rur,2021,1.963
vnm,sex_t,age_aggregate_y25_54,geo_cov_rur,2022,1.043
vnm,sex_t,age_aggregate_y25_54,geo_cov_rur,2023,1.034
vnm,sex_t,age_aggregate_y25_54,geo_cov_rur,2024,0.885
vnm,sex_t,age_aggregate_y25_54,geo_cov_urb,2007,2.997
vnm,sex_t,age_aggregate_y25_54,geo_cov_urb,2009,3.536
vnm,sex_t,age_aggregate_y25_54,geo_cov_urb,2010,2.906
vnm,sex_t,age_aggregate_y25_54,geo_cov_urb,2011,2.681
vnm,sex_t,age_aggregate_y25_54,geo_cov_urb,2012,2.236
vnm,sex_t,age_aggregate_y25_54,geo_cov_urb,2013,2.305
vnm,sex_t,age_aggregate_y25_54,geo_cov_urb,2014,2.06
vnm,sex_t,age_aggregate_y25_54,geo_cov_urb,2015,2.372
vnm,sex_t,age_aggregate_y25_54,geo_cov_urb,2016,2.205
vnm,sex_t,age_aggregate_y25_54,geo_cov_urb,2017,2.166
vnm,sex_t,age_aggregate_y25_54,geo_cov_urb,2018,3.97
vnm,sex_t,age_aggregate_y25_54,geo_cov_urb,2019,2.158
vnm,sex_t,age_aggregate_y25_54,geo_cov_urb,2020,3.134
vnm,sex_t,age_aggregate_y25_54,geo_cov_urb,2021,4.416
vnm,sex_t,age_aggregate_y25_54,geo_cov_urb,2022,2.44
vnm,sex_t,age_aggregate_y25_54,geo_cov_urb,2023,1.962
vnm,sex_t,age_aggregate_y25_54,geo_cov_urb,2024,1.748
vnm,sex_t,age_aggregate_y25_54,geo_cov_x,2022,1.267
vnm,sex_t,age_aggregate_y55_64,geo_cov_nat,2007,0.989
vnm,sex_t,age_aggregate_y55_64,geo_cov_nat,2009,1.048
vnm,sex_t,age_aggregate_y55_64,geo_cov_nat,2010,1.433
vnm,sex_t,age_aggregate_y55_64,geo_cov_nat,2011,1.011
vnm,sex_t,age_aggregate_y55_64,geo_cov_nat,2012,0.739
vnm,sex_t,age_aggregate_y55_64,geo_cov_nat,2013,1.366
vnm,sex_t,age_aggregate_y55_64,geo_cov_nat,2014,1.381
vnm,sex_t,age_aggregate_y55_64,geo_cov_nat,2015,1.087
vnm,sex_t,age_aggregate_y55_64,geo_cov_nat,2016,1.071
vnm,sex_t,age_aggregate_y55_64,geo_cov_nat,2017,0.999
vnm,sex_t,age_aggregate_y55_64,geo_cov_nat,2018,9.924
vnm,sex_t,age_aggregate_y55_64,geo_cov_nat,2019,0.768
vnm,sex_t,age_aggregate_y55_64,geo_cov_nat,2020,0.949
vnm,sex_t,age_aggregate_y55_64,geo_cov_nat,2021,1.635
vnm,sex_t,age_aggregate_y55_64,geo_cov_nat,2022,0.642
vnm,sex_t,age_aggregate_y55_64,geo_cov_nat,2023,0.77
vnm,sex_t,age_aggregate_y55_64,geo_cov_nat,2024,0.642
vnm,sex_t,age_aggregate_y55_64,geo_cov_rur,2007,0.603
vnm,sex_t,age_aggregate_y55_64,geo_cov_rur,2009,0.556
vnm,sex_t,age_aggregate_y55_64,geo_cov_rur,2010,0.913
vnm,sex_t,age_aggregate_y55_64,geo_cov_rur,2011,0.617
vnm,sex_t,age_aggregate_y55_64,geo_cov_rur,2012,0.389
vnm,sex_t,age_aggregate_y55_64,geo_cov_rur,2013,0.457
vnm,sex_t,age_aggregate_y55_64,geo_cov_rur,2014,0.562
vnm,sex_t,age_aggregate_y55_64,geo_cov_rur,2015,0.803
vnm,sex_t,age_aggregate_y55_64,geo_cov_rur,2016,0.862
vnm,sex_t,age_aggregate_y55_64,geo_cov_rur,2017,0.633
vnm,sex_t,age_aggregate_y55_64,geo_cov_rur,2018,4.926
vnm,sex_t,age_aggregate_y55_64,geo_cov_rur,2019,0.632
vnm,sex_t,age_aggregate_y55_64,geo_cov_rur,2020,0.712
vnm,sex_t,age_aggregate_y55_64,geo_cov_rur,2021,0.892
vnm,sex_t,age_aggregate_y55_64,geo_cov_rur,2022,0.351
vnm,sex_t,age_aggregate_y55_64,geo_cov_rur,2023,0.601
vnm,sex_t,age_aggregate_y55_64,geo_cov_rur,2024,0.459
vnm,sex_t,age_aggregate_y55_64,geo_cov_urb,2007,2.32
vnm,sex_t,age_aggregate_y55_64,geo_cov_urb,2009,2.575
vnm,sex_t,age_aggregate_y55_64,geo_cov_urb,2010,3.142
vnm,sex_t,age_aggregate_y55_64,geo_cov_urb,2011,2.167
vnm,sex_t,age_aggregate_y55_64,geo_cov_urb,2012,1.726
vnm,sex_t,age_aggregate_y55_64,geo_cov_urb,2013,3.924
vnm,sex_t,age_aggregate_y55_64,geo_cov_urb,2014,3.574
vnm,sex_t,age_aggregate_y55_64,geo_cov_urb,2015,1.886
vnm,sex_t,age_aggregate_y55_64,geo_cov_urb,2016,1.609
vnm,sex_t,age_aggregate_y55_64,geo_cov_urb,2017,1.967
vnm,sex_t,age_aggregate_y55_64,geo_cov_urb,2018,20.904
vnm,sex_t,age_aggregate_y55_64,geo_cov_urb,2019,1.13
vnm,sex_t,age_aggregate_y55_64,geo_cov_urb,2020,1.548
vnm,sex_t,age_aggregate_y55_64,geo_cov_urb,2021,3.575
vnm,sex_t,age_aggregate_y55_64,geo_cov_urb,2022,1.331
vnm,sex_t,age_aggregate_y55_64,geo_cov_urb,2023,1.173
vnm,sex_t,age_aggregate_y55_64,geo_cov_urb,2024,1.049
vnm,sex_t,age_aggregate_y55_64,geo_cov_x,2022,0.677
vnm,sex_t,age_aggregate_yge65,geo_cov_nat,2007,0.49
vnm,sex_t,age_aggregate_yge65,geo_cov_nat,2009,1.087
vnm,sex_t,age_aggregate_yge65,geo_cov_nat,2010,0.293
vnm,sex_t,age_aggregate_yge65,geo_cov_nat,2011,0.321
vnm,sex_t,age_aggregate_yge65,geo_cov_nat,2012,0.255
vnm,sex_t,age_aggregate_yge65,geo_cov_nat,2013,0.584
vnm,sex_t,age_aggregate_yge65,geo_cov_nat,2014,0.341
vnm,sex_t,age_aggregate_yge65,geo_cov_nat,2015,1.721
vnm,sex_t,age_aggregate_yge65,geo_cov_nat,2016,1.384
vnm,sex_t,age_aggregate_yge65,geo_cov_nat,2017,1.695
vnm,sex_t,age_aggregate_yge65,geo_cov_nat,2018,32.883
vnm,sex_t,age_aggregate_yge65,geo_cov_nat,2019,0.699
vnm,sex_t,age_aggregate_yge65,geo_cov_nat,2020,0.608
vnm,sex_t,age_aggregate_yge65,geo_cov_nat,2021,0.98
vnm,sex_t,age_aggregate_yge65,geo_cov_nat,2022,0.223
vnm,sex_t,age_aggregate_yge65,geo_cov_nat,2023,0.327
vnm,sex_t,age_aggregate_yge65,geo_cov_nat,2024,0.274
vnm,sex_t,age_aggregate_yge65,geo_cov_rur,2007,0.4
vnm,sex_t,age_aggregate_yge65,geo_cov_rur,2010,0.228
vnm,sex_t,age_aggregate_yge65,geo_cov_rur,2011,0.279
vnm,sex_t,age_aggregate_yge65,geo_cov_rur,2012,0.258
vnm,sex_t,age_aggregate_yge65,geo_cov_rur,2013,0.515
vnm,sex_t,age_aggregate_yge65,geo_cov_rur,2014,0.329
vnm,sex_t,age_aggregate_yge65,geo_cov_rur,2015,1.554
vnm,sex_t,age_aggregate_yge65,geo_cov_rur,2016,1.21
vnm,sex_t,age_aggregate_yge65,geo_cov_rur,2017,1.582
vnm,sex_t,age_aggregate_yge65,geo_cov_rur,2018,26.729
vnm,sex_t,age_aggregate_yge65,geo_cov_rur,2019,0.547
vnm,sex_t,age_aggregate_yge65,geo_cov_rur,2020,0.432
vnm,sex_t,age_aggregate_yge65,geo_cov_rur,2021,0.552
vnm,sex_t,age_aggregate_yge65,geo_cov_rur,2022,0.172
vnm,sex_t,age_aggregate_yge65,geo_cov_rur,2023,0.301
vnm,sex_t,age_aggregate_yge65,geo_cov_rur,2024,0.244
vnm,sex_t,age_aggregate_yge65,geo_cov_urb,2007,1.028
vnm,sex_t,age_aggregate_yge65,geo_cov_urb,2009,1.291
vnm,sex_t,age_aggregate_yge65,geo_cov_urb,2010,0.628
vnm,sex_t,age_aggregate_yge65,geo_cov_urb,2011,0.514
vnm,sex_t,age_aggregate_yge65,geo_cov_urb,2012,0.245
vnm,sex_t,age_aggregate_yge65,geo_cov_urb,2013,0.878
vnm,sex_t,age_aggregate_yge65,geo_cov_urb,2014,0.396
vnm,sex_t,age_aggregate_yge65,geo_cov_urb,2015,2.453
vnm,sex_t,age_aggregate_yge65,geo_cov_urb,2016,2.079
vnm,sex_t,age_aggregate_yge65,geo_cov_urb,2017,2.141
vnm,sex_t,age_aggregate_yge65,geo_cov_urb,2018,49.517
vnm,sex_t,age_aggregate_yge65,geo_cov_urb,2019,1.315
vnm,sex_t,age_aggregate_yge65,geo_cov_urb,2020,1.226
vnm,sex_t,age_aggregate_yge65,geo_cov_urb,2021,2.743
vnm,sex_t,age_aggregate_yge65,geo_cov_urb,2022,0.514
vnm,sex_t,age_aggregate_yge65,geo_cov_urb,2023,0.42
vnm,sex_t,age_aggregate_yge65,geo_cov_urb,2024,0.374
vnm,sex_t,age_aggregate_yge65,geo_cov_x,2022,0.165
vnm,sex_t,age_ythadult_y15_24,geo_cov_nat,2007,7.301
vnm,sex_t,age_ythadult_y15_24,geo_cov_nat,2009,6.961
vnm,sex_t,age_ythadult_y15_24,geo_cov_nat,2010,7.306
vnm,sex_t,age_ythadult_y15_24,geo_cov_nat,2011,5.386
vnm,sex_t,age_ythadult_y15_24,geo_cov_nat,2012,5.578
vnm,sex_t,age_ythadult_y15_24,geo_cov_nat,2013,6.593
vnm,sex_t,age_ythadult_y15_24,geo_cov_nat,2014,6.607
vnm,sex_t,age_ythadult_y15_24,geo_cov_nat,2015,8.397
vnm,sex_t,age_ythadult_y15_24,geo_cov_nat,2016,8.747
vnm,sex_t,age_ythadult_y15_24,geo_cov_nat,2017,8.812
vnm,sex_t,age_ythadult_y15_24,geo_cov_nat,2018,17.51
vnm,sex_t,age_ythadult_y15_24,geo_cov_nat,2019,6.582
vnm,sex_t,age_ythadult_y15_24,geo_cov_nat,2020,7.316
vnm,sex_t,age_ythadult_y15_24,geo_cov_nat,2021,8.912
vnm,sex_t,age_ythadult_y15_24,geo_cov_nat,2022,7.133
vnm,sex_t,age_ythadult_y15_24,geo_cov_nat,2023,6.739
vnm,sex_t,age_ythadult_y15_24,geo_cov_nat,2024,6.6
vnm,sex_t,age_ythadult_y15_24,geo_cov_rur,2007,5.56
vnm,sex_t,age_ythadult_y15_24,geo_cov_rur,2009,4.952
vnm,sex_t,age_ythadult_y15_24,geo_cov_rur,2010,5.861
vnm,sex_t,age_ythadult_y15_24,geo_cov_rur,2011,4.162
vnm,sex_t,age_ythadult_y15_24,geo_cov_rur,2012,4.332
vnm,sex_t,age_ythadult_y15_24,geo_cov_rur,2013,4.971
vnm,sex_t,age_ythadult_y15_24,geo_cov_rur,2014,4.925
vnm,sex_t,age_ythadult_y15_24,geo_cov_rur,2015,6.309
vnm,sex_t,age_ythadult_y15_24,geo_cov_rur,2016,6.832
vnm,sex_t,age_ythadult_y15_24,geo_cov_rur,2017,6.951
vnm,sex_t,age_ythadult_y15_24,geo_cov_rur,2018,13.434
vnm,sex_t,age_ythadult_y15_24,geo_cov_rur,2019,4.819
vnm,sex_t,age_ythadult_y15_24,geo_cov_rur,2020,5.76
vnm,sex_t,age_ythadult_y15_24,geo_cov_rur,2021,6.456
vnm,sex_t,age_ythadult_y15_24,geo_cov_rur,2022,5.742
vnm,sex_t,age_ythadult_y15_24,geo_cov_rur,2023,5.193
vnm,sex_t,age_ythadult_y15_24,geo_cov_rur,2024,5.33
vnm,sex_t,age_ythadult_y15_24,geo_cov_urb,2007,14.24
vnm,sex_t,age_ythadult_y15_24,geo_cov_urb,2009,13.639
vnm,sex_t,age_ythadult_y15_24,geo_cov_urb,2010,12.451
vnm,sex_t,age_ythadult_y15_24,geo_cov_urb,2011,9.341
vnm,sex_t,age_ythadult_y15_24,geo_cov_urb,2012,9.307
vnm,sex_t,age_ythadult_y15_24,geo_cov_urb,2013,11.768
vnm,sex_t,age_ythadult_y15_24,geo_cov_urb,2014,11.549
vnm,sex_t,age_ythadult_y15_24,geo_cov_urb,2015,14.015
vnm,sex_t,age_ythadult_y15_24,geo_cov_urb,2016,13.857
vnm,sex_t,age_ythadult_y15_24,geo_cov_urb,2017,13.609
vnm,sex_t,age_ythadult_y15_24,geo_cov_urb,2018,26.879
vnm,sex_t,age_ythadult_y15_24,geo_cov_urb,2019,10.758
vnm,sex_t,age_ythadult_y15_24,geo_cov_urb,2020,11.024
vnm,sex_t,age_ythadult_y15_24,geo_cov_urb,2021,14.301
vnm,sex_t,age_ythadult_y15_24,geo_cov_urb,2022,10.69
vnm,sex_t,age_ythadult_y15_24,geo_cov_urb,2023,10.133
vnm,sex_t,age_ythadult_y15_24,geo_cov_urb,2024,9.226
vnm,sex_t,age_ythadult_y15_24,geo_cov_x,2022,6.447
vnm,sex_t,age_ythadult_y15_64,geo_cov_nat,2007,2.56
vnm,sex_t,age_ythadult_y15_64,geo_cov_nat,2009,3.057
vnm,sex_t,age_ythadult_y15_64,geo_cov_nat,2010,2.854
vnm,sex_t,age_ythadult_y15_64,geo_cov_nat,2011,2.144
vnm,sex_t,age_ythadult_y15_64,geo_cov_nat,2012,1.86
vnm,sex_t,age_ythadult_y15_64,geo_cov_nat,2013,2.156
vnm,sex_t,age_ythadult_y15_64,geo_cov_nat,2014,2.037
vnm,sex_t,age_ythadult_y15_64,geo_cov_nat,2015,2.649
vnm,sex_t,age_ythadult_y15_64,geo_cov_nat,2016,2.539
vnm,sex_t,age_ythadult_y15_64,geo_cov_nat,2017,2.472
vnm,sex_t,age_ythadult_y15_64,geo_cov_nat,2018,5.497
vnm,sex_t,age_ythadult_y15_64,geo_cov_nat,2019,2.06
vnm,sex_t,age_ythadult_y15_64,geo_cov_nat,2020,2.411
vnm,sex_t,age_ythadult_y15_64,geo_cov_nat,2021,3.363
vnm,sex_t,age_ythadult_y15_64,geo_cov_nat,2022,1.984
vnm,sex_t,age_ythadult_y15_64,geo_cov_nat,2023,1.87
vnm,sex_t,age_ythadult_y15_64,geo_cov_nat,2024,1.691
vnm,sex_t,age_ythadult_y15_64,geo_cov_rur,2007,1.832
vnm,sex_t,age_ythadult_y15_64,geo_cov_rur,2009,2.255
vnm,sex_t,age_ythadult_y15_64,geo_cov_rur,2010,2.271
vnm,sex_t,age_ythadult_y15_64,geo_cov_rur,2011,1.547
vnm,sex_t,age_ythadult_y15_64,geo_cov_rur,2012,1.313
vnm,sex_t,age_ythadult_y15_64,geo_cov_rur,2013,1.515
vnm,sex_t,age_ythadult_y15_64,geo_cov_rur,2014,1.436
vnm,sex_t,age_ythadult_y15_64,geo_cov_rur,2015,2.077
vnm,sex_t,age_ythadult_y15_64,geo_cov_rur,2016,2.048
vnm,sex_t,age_ythadult_y15_64,geo_cov_rur,2017,1.938
vnm,sex_t,age_ythadult_y15_64,geo_cov_rur,2018,3.652
vnm,sex_t,age_ythadult_y15_64,geo_cov_rur,2019,1.556
vnm,sex_t,age_ythadult_y15_64,geo_cov_rur,2020,1.716
vnm,sex_t,age_ythadult_y15_64,geo_cov_rur,2021,2.308
vnm,sex_t,age_ythadult_y15_64,geo_cov_rur,2022,1.474
vnm,sex_t,age_ythadult_y15_64,geo_cov_rur,2023,1.443
vnm,sex_t,age_ythadult_y15_64,geo_cov_rur,2024,1.307
vnm,sex_t,age_ythadult_y15_64,geo_cov_urb,2007,4.541
vnm,sex_t,age_ythadult_y15_64,geo_cov_urb,2009,5.037
vnm,sex_t,age_ythadult_y15_64,geo_cov_urb,2010,4.321
vnm,sex_t,age_ythadult_y15_64,geo_cov_urb,2011,3.522
vnm,sex_t,age_ythadult_y15_64,geo_cov_urb,2012,3.09
vnm,sex_t,age_ythadult_y15_64,geo_cov_urb,2013,3.611
vnm,sex_t,age_ythadult_y15_64,geo_cov_urb,2014,3.358
vnm,sex_t,age_ythadult_y15_64,geo_cov_urb,2015,3.867
vnm,sex_t,age_ythadult_y15_64,geo_cov_urb,2016,3.555
vnm,sex_t,age_ythadult_y15_64,geo_cov_urb,2017,3.568
vnm,sex_t,age_ythadult_y15_64,geo_cov_urb,2018,9.056
vnm,sex_t,age_ythadult_y15_64,geo_cov_urb,2019,3.046
vnm,sex_t,age_ythadult_y15_64,geo_cov_urb,2020,3.78
vnm,sex_t,age_ythadult_y15_64,geo_cov_urb,2021,5.266
vnm,sex_t,age_ythadult_y15_64,geo_cov_urb,2022,3.125
vnm,sex_t,age_ythadult_y15_64,geo_cov_urb,2023,2.612
vnm,sex_t,age_ythadult_y15_64,geo_cov_urb,2024,2.32
vnm,sex_t,age_ythadult_y15_64,geo_cov_x,2022,1.725
vnm,sex_t,age_ythadult_yge15,geo_cov_nat,2007,2.49
vnm,sex_t,age_ythadult_yge15,geo_cov_nat,2009,2.99
vnm,sex_t,age_ythadult_yge15,geo_cov_nat,2010,2.769
vnm,sex_t,age_ythadult_yge15,geo_cov_nat,2011,2.079
vnm,sex_t,age_ythadult_yge15,geo_cov_nat,2012,1.802
vnm,sex_t,age_ythadult_yge15,geo_cov_nat,2013,2.096
vnm,sex_t,age_ythadult_yge15,geo_cov_nat,2014,1.97
vnm,sex_t,age_ythadult_yge15,geo_cov_nat,2015,2.611
vnm,sex_t,age_ythadult_yge15,geo_cov_nat,2016,2.492
vnm,sex_t,age_ythadult_yge15,geo_cov_nat,2017,2.44
vnm,sex_t,age_ythadult_yge15,geo_cov_nat,2018,7.062
vnm,sex_t,age_ythadult_yge15,geo_cov_nat,2019,2.003
vnm,sex_t,age_ythadult_yge15,geo_cov_nat,2020,2.337
vnm,sex_t,age_ythadult_yge15,geo_cov_nat,2021,3.228
vnm,sex_t,age_ythadult_yge15,geo_cov_nat,2022,1.884
vnm,sex_t,age_ythadult_yge15,geo_cov_nat,2023,1.775
vnm,sex_t,age_ythadult_yge15,geo_cov_nat,2024,1.599
vnm,sex_t,age_ythadult_yge15,geo_cov_rur,2007,1.776
vnm,sex_t,age_ythadult_yge15,geo_cov_rur,2009,2.208
vnm,sex_t,age_ythadult_yge15,geo_cov_rur,2010,2.193
vnm,sex_t,age_ythadult_yge15,geo_cov_rur,2011,1.494
vnm,sex_t,age_ythadult_yge15,geo_cov_rur,2012,1.268
vnm,sex_t,age_ythadult_yge15,geo_cov_rur,2013,1.47
vnm,sex_t,age_ythadult_yge15,geo_cov_rur,2014,1.385
vnm,sex_t,age_ythadult_yge15,geo_cov_rur,2015,2.052
vnm,sex_t,age_ythadult_yge15,geo_cov_rur,2016,2.008
vnm,sex_t,age_ythadult_yge15,geo_cov_rur,2017,1.921
vnm,sex_t,age_ythadult_yge15,geo_cov_rur,2018,5.105
vnm,sex_t,age_ythadult_yge15,geo_cov_rur,2019,1.505
vnm,sex_t,age_ythadult_yge15,geo_cov_rur,2020,1.654
vnm,sex_t,age_ythadult_yge15,geo_cov_rur,2021,2.186
vnm,sex_t,age_ythadult_yge15,geo_cov_rur,2022,1.383
vnm,sex_t,age_ythadult_yge15,geo_cov_rur,2023,1.356
vnm,sex_t,age_ythadult_yge15,geo_cov_rur,2024,1.223
vnm,sex_t,age_ythadult_yge15,geo_cov_urb,2007,4.477
vnm,sex_t,age_ythadult_yge15,geo_cov_urb,2009,4.955
vnm,sex_t,age_ythadult_yge15,geo_cov_urb,2010,4.251
vnm,sex_t,age_ythadult_yge15,geo_cov_urb,2011,3.459
vnm,sex_t,age_ythadult_yge15,geo_cov_urb,2012,3.026
vnm,sex_t,age_ythadult_yge15,geo_cov_urb,2013,3.544
vnm,sex_t,age_ythadult_yge15,geo_cov_urb,2014,3.287
vnm,sex_t,age_ythadult_yge15,geo_cov_urb,2015,3.833
vnm,sex_t,age_ythadult_yge15,geo_cov_urb,2016,3.517
vnm,sex_t,age_ythadult_yge15,geo_cov_urb,2017,3.531
vnm,sex_t,age_ythadult_yge15,geo_cov_urb,2018,10.907
vnm,sex_t,age_ythadult_yge15,geo_cov_urb,2019,3.002
vnm,sex_t,age_ythadult_yge15,geo_cov_urb,2020,3.71
vnm,sex_t,age_ythadult_yge15,geo_cov_urb,2021,5.186
vnm,sex_t,age_ythadult_yge15,geo_cov_urb,2022,3.038
vnm,sex_t,age_ythadult_yge15,geo_cov_urb,2023,2.529
vnm,sex_t,age_ythadult_yge15,geo_cov_urb,2024,2.242
vnm,sex_t,age_ythadult_yge15,geo_cov_x,2022,1.636
vnm,sex_t,age_ythadult_yge25,geo_cov_nat,2007,1.414
vnm,sex_t,age_ythadult_yge25,geo_cov_nat,2009,2.077
vnm,sex_t,age_ythadult_yge25,geo_cov_nat,2010,1.748
vnm,sex_t,age_ythadult_yge25,geo_cov_nat,2011,1.432
vnm,sex_t,age_ythadult_yge25,geo_cov_nat,2012,1.131
vnm,sex_t,age_ythadult_yge25,geo_cov_nat,2013,1.308
vnm,sex_t,age_ythadult_yge25,geo_cov_nat,2014,1.206
vnm,sex_t,age_ythadult_yge25,geo_cov_nat,2015,1.591
vnm,sex_t,age_ythadult_yge25,geo_cov_nat,2016,1.479
vnm,sex_t,age_ythadult_yge25,geo_cov_nat,2017,1.405
vnm,sex_t,age_ythadult_yge25,geo_cov_nat,2018,5.413
vnm,sex_t,age_ythadult_yge25,geo_cov_nat,2019,1.345
vnm,sex_t,age_ythadult_yge25,geo_cov_nat,2020,1.709
vnm,sex_t,age_ythadult_yge25,geo_cov_nat,2021,2.576
vnm,sex_t,age_ythadult_yge25,geo_cov_nat,2022,1.288
vnm,sex_t,age_ythadult_yge25,geo_cov_nat,2023,1.223
vnm,sex_t,age_ythadult_yge25,geo_cov_nat,2024,1.069
vnm,sex_t,age_ythadult_yge25,geo_cov_rur,2007,0.838
vnm,sex_t,age_ythadult_yge25,geo_cov_rur,2009,1.517
vnm,sex_t,age_ythadult_yge25,geo_cov_rur,2010,1.279
vnm,sex_t,age_ythadult_yge25,geo_cov_rur,2011,0.917
vnm,sex_t,age_ythadult_yge25,geo_cov_rur,2012,0.674
vnm,sex_t,age_ythadult_yge25,geo_cov_rur,2013,0.791
vnm,sex_t,age_ythadult_yge25,geo_cov_rur,2014,0.748
vnm,sex_t,age_ythadult_yge25,geo_cov_rur,2015,1.246
vnm,sex_t,age_ythadult_yge25,geo_cov_rur,2016,1.161
vnm,sex_t,age_ythadult_yge25,geo_cov_rur,2017,1.044
vnm,sex_t,age_ythadult_yge25,geo_cov_rur,2018,3.712
vnm,sex_t,age_ythadult_yge25,geo_cov_rur,2019,1
vnm,sex_t,age_ythadult_yge25,geo_cov_rur,2020,1.105
vnm,sex_t,age_ythadult_yge25,geo_cov_rur,2021,1.667
vnm,sex_t,age_ythadult_yge25,geo_cov_rur,2022,0.859
vnm,sex_t,age_ythadult_yge25,geo_cov_rur,2023,0.898
vnm,sex_t,age_ythadult_yge25,geo_cov_rur,2024,0.754
vnm,sex_t,age_ythadult_yge25,geo_cov_urb,2007,2.905
vnm,sex_t,age_ythadult_yge25,geo_cov_urb,2009,3.4
vnm,sex_t,age_ythadult_yge25,geo_cov_urb,2010,2.874
vnm,sex_t,age_ythadult_yge25,geo_cov_urb,2011,2.581
vnm,sex_t,age_ythadult_yge25,geo_cov_urb,2012,2.134
vnm,sex_t,age_ythadult_yge25,geo_cov_urb,2013,2.444
vnm,sex_t,age_ythadult_yge25,geo_cov_urb,2014,2.194
vnm,sex_t,age_ythadult_yge25,geo_cov_urb,2015,2.319
vnm,sex_t,age_ythadult_yge25,geo_cov_urb,2016,2.128
vnm,sex_t,age_ythadult_yge25,geo_cov_urb,2017,2.142
vnm,sex_t,age_ythadult_yge25,geo_cov_urb,2018,8.678
vnm,sex_t,age_ythadult_yge25,geo_cov_urb,2019,2.022
vnm,sex_t,age_ythadult_yge25,geo_cov_urb,2020,2.9
vnm,sex_t,age_ythadult_yge25,geo_cov_urb,2021,4.255
vnm,sex_t,age_ythadult_yge25,geo_cov_urb,2022,2.235
vnm,sex_t,age_ythadult_yge25,geo_cov_urb,2023,1.798
vnm,sex_t,age_ythadult_yge25,geo_cov_urb,2024,1.596
vnm,sex_t,age_ythadult_yge25,geo_cov_x,2022,1.111
vut,sex_f,age_aggregate_total,geo_cov_nat,2010,4.121
vut,sex_f,age_aggregate_total,geo_cov_nat,2019,12.701
vut,sex_f,age_aggregate_total,geo_cov_rur,2010,2.652
vut,sex_f,age_aggregate_total,geo_cov_rur,2019,15.701
vut,sex_f,age_aggregate_total,geo_cov_urb,2010,9.518
vut,sex_f,age_aggregate_total,geo_cov_urb,2019,5.491
vut,sex_f,age_aggregate_y15_24,geo_cov_nat,2010,11.492
vut,sex_f,age_aggregate_y15_24,geo_cov_nat,2019,27.38
vut,sex_f,age_aggregate_y15_24,geo_cov_rur,2010,8.12
vut,sex_f,age_aggregate_y15_24,geo_cov_rur,2019,31.254
vut,sex_f,age_aggregate_y15_24,geo_cov_urb,2010,22.115
vut,sex_f,age_aggregate_y15_24,geo_cov_urb,2019,12.117
vut,sex_f,age_aggregate_y25_54,geo_cov_nat,2010,2.083
vut,sex_f,age_aggregate_y25_54,geo_cov_nat,2019,8.847
vut,sex_f,age_aggregate_y25_54,geo_cov_rur,2010,1.133
vut,sex_f,age_aggregate_y25_54,geo_cov_rur,2019,11.291
vut,sex_f,age_aggregate_y25_54,geo_cov_urb,2010,5.344
vut,sex_f,age_aggregate_y25_54,geo_cov_urb,2019,3.805
vut,sex_f,age_aggregate_y55_64,geo_cov_nat,2010,1.617
vut,sex_f,age_aggregate_y55_64,geo_cov_nat,2019,8.259
vut,sex_f,age_aggregate_y55_64,geo_cov_rur,2019,7.765
vut,sex_f,age_aggregate_y55_64,geo_cov_urb,2019,9.426
vut,sex_f,age_aggregate_yge65,geo_cov_nat,2019,7.867
vut,sex_f,age_aggregate_yge65,geo_cov_rur,2019,8.677
vut,sex_f,age_ythadult_y15_24,geo_cov_nat,2010,11.492
vut,sex_f,age_ythadult_y15_24,geo_cov_nat,2019,27.38
vut,sex_f,age_ythadult_y15_24,geo_cov_rur,2010,8.12
vut,sex_f,age_ythadult_y15_24,geo_cov_rur,2019,31.254
vut,sex_f,age_ythadult_y15_24,geo_cov_urb,2010,22.115
vut,sex_f,age_ythadult_y15_24,geo_cov_urb,2019,12.117
vut,sex_f,age_ythadult_y15_64,geo_cov_nat,2010,4.236
vut,sex_f,age_ythadult_y15_64,geo_cov_nat,2019,12.866
vut,sex_f,age_ythadult_y15_64,geo_cov_rur,2019,15.973
vut,sex_f,age_ythadult_y15_64,geo_cov_urb,2010,9.509
vut,sex_f,age_ythadult_y15_64,geo_cov_urb,2019,5.509
vut,sex_f,age_ythadult_yge15,geo_cov_nat,2010,4.121
vut,sex_f,age_ythadult_yge15,geo_cov_nat,2019,12.701
vut,sex_f,age_ythadult_yge15,geo_cov_rur,2010,2.652
vut,sex_f,age_ythadult_yge15,geo_cov_rur,2019,15.701
vut,sex_f,age_ythadult_yge15,geo_cov_urb,2010,9.518
vut,sex_f,age_ythadult_yge15,geo_cov_urb,2019,5.491
vut,sex_f,age_ythadult_yge25,geo_cov_nat,2010,1.996
vut,sex_f,age_ythadult_yge25,geo_cov_nat,2019,8.747
vut,sex_f,age_ythadult_yge25,geo_cov_rur,2010,1.145
vut,sex_f,age_ythadult_yge25,geo_cov_rur,2019,10.799
vut,sex_f,age_ythadult_yge25,geo_cov_urb,2010,5.274
vut,sex_f,age_ythadult_yge25,geo_cov_urb,2019,4.357
vut,sex_m,age_aggregate_total,geo_cov_nat,2010,4.691
vut,sex_m,age_aggregate_total,geo_cov_nat,2019,8.371
vut,sex_m,age_aggregate_total,geo_cov_rur,2010,2.656
vut,sex_m,age_aggregate_total,geo_cov_rur,2019,9.533
vut,sex_m,age_aggregate_total,geo_cov_urb,2010,10.362
vut,sex_m,age_aggregate_total,geo_cov_urb,2019,5.403
vut,sex_m,age_aggregate_y15_24,geo_cov_nat,2010,11.633
vut,sex_m,age_aggregate_y15_24,geo_cov_nat,2019,20.32
vut,sex_m,age_aggregate_y15_24,geo_cov_rur,2010,5.898
vut,sex_m,age_aggregate_y15_24,geo_cov_rur,2019,21.917
vut,sex_m,age_aggregate_y15_24,geo_cov_urb,2010,27.758
vut,sex_m,age_aggregate_y15_24,geo_cov_urb,2019,15.061
vut,sex_m,age_aggregate_y25_54,geo_cov_nat,2010,3.52
vut,sex_m,age_aggregate_y25_54,geo_cov_nat,2019,5.844
vut,sex_m,age_aggregate_y25_54,geo_cov_rur,2010,2.314
vut,sex_m,age_aggregate_y25_54,geo_cov_rur,2019,6.708
vut,sex_m,age_aggregate_y25_54,geo_cov_urb,2010,6.536
vut,sex_m,age_aggregate_y25_54,geo_cov_urb,2019,3.861
vut,sex_m,age_aggregate_y55_64,geo_cov_nat,2019,3.869
vut,sex_m,age_aggregate_y55_64,geo_cov_rur,2019,4.309
vut,sex_m,age_aggregate_yge65,geo_cov_nat,2019,3.135
vut,sex_m,age_aggregate_yge65,geo_cov_rur,2019,4.197
vut,sex_m,age_ythadult_y15_24,geo_cov_nat,2010,11.633
vut,sex_m,age_ythadult_y15_24,geo_cov_nat,2019,20.32
vut,sex_m,age_ythadult_y15_24,geo_cov_rur,2010,5.898
vut,sex_m,age_ythadult_y15_24,geo_cov_rur,2019,21.917
vut,sex_m,age_ythadult_y15_24,geo_cov_urb,2010,27.758
vut,sex_m,age_ythadult_y15_24,geo_cov_urb,2019,15.061
vut,sex_m,age_ythadult_y15_64,geo_cov_nat,2010,4.917
vut,sex_m,age_ythadult_y15_64,geo_cov_nat,2019,8.626
vut,sex_m,age_ythadult_y15_64,geo_cov_rur,2019,9.803
vut,sex_m,age_ythadult_y15_64,geo_cov_urb,2010,10.481
vut,sex_m,age_ythadult_y15_64,geo_cov_urb,2019,5.638
vut,sex_m,age_ythadult_yge15,geo_cov_nat,2010,4.691
vut,sex_m,age_ythadult_yge15,geo_cov_nat,2019,8.371
vut,sex_m,age_ythadult_yge15,geo_cov_rur,2010,2.656
vut,sex_m,age_ythadult_yge15,geo_cov_rur,2019,9.533
vut,sex_m,age_ythadult_yge15,geo_cov_urb,2010,10.362
vut,sex_m,age_ythadult_yge15,geo_cov_urb,2019,5.403
vut,sex_m,age_ythadult_yge25,geo_cov_nat,2010,3.067
vut,sex_m,age_ythadult_yge25,geo_cov_nat,2019,5.488
vut,sex_m,age_ythadult_yge25,geo_cov_rur,2010,1.896
vut,sex_m,age_ythadult_yge25,geo_cov_rur,2019,6.291
vut,sex_m,age_ythadult_yge25,geo_cov_urb,2010,6.324
vut,sex_m,age_ythadult_yge25,geo_cov_urb,2019,3.553
vut,sex_t,age_aggregate_total,geo_cov_nat,2010,4.433
vut,sex_t,age_aggregate_total,geo_cov_nat,2019,10.374
vut,sex_t,age_aggregate_total,geo_cov_rur,2010,2.654
vut,sex_t,age_aggregate_total,geo_cov_rur,2019,12.359
vut,sex_t,age_aggregate_total,geo_cov_urb,2010,10.023
vut,sex_t,age_aggregate_total,geo_cov_urb,2019,5.445
vut,sex_t,age_aggregate_y15_24,geo_cov_nat,2010,11.563
vut,sex_t,age_aggregate_y15_24,geo_cov_nat,2019,23.74
vut,sex_t,age_aggregate_y15_24,geo_cov_rur,2010,7.012
vut,sex_t,age_aggregate_y15_24,geo_cov_rur,2019,26.531
vut,sex_t,age_aggregate_y15_24,geo_cov_urb,2010,25.09
vut,sex_t,age_aggregate_y15_24,geo_cov_urb,2019,13.737
vut,sex_t,age_aggregate_y25_54,geo_cov_nat,2010,2.875
vut,sex_t,age_aggregate_y25_54,geo_cov_nat,2019,7.231
vut,sex_t,age_aggregate_y25_54,geo_cov_rur,2010,1.76
vut,sex_t,age_aggregate_y25_54,geo_cov_rur,2019,8.786
vut,sex_t,age_aggregate_y25_54,geo_cov_urb,2010,6.069
vut,sex_t,age_aggregate_y25_54,geo_cov_urb,2019,3.834
vut,sex_t,age_aggregate_y55_64,geo_cov_nat,2010,1.274
vut,sex_t,age_aggregate_y55_64,geo_cov_nat,2019,5.864
vut,sex_t,age_aggregate_y55_64,geo_cov_rur,2019,5.802
vut,sex_t,age_aggregate_y55_64,geo_cov_urb,2010,4.384
vut,sex_t,age_aggregate_y55_64,geo_cov_urb,2019,6.041
vut,sex_t,age_aggregate_yge65,geo_cov_nat,2019,4.937
vut,sex_t,age_aggregate_yge65,geo_cov_rur,2019,5.967
vut,sex_t,age_ythadult_y15_24,geo_cov_nat,2010,11.563
vut,sex_t,age_ythadult_y15_24,geo_cov_nat,2019,23.74
vut,sex_t,age_ythadult_y15_24,geo_cov_rur,2010,7.012
vut,sex_t,age_ythadult_y15_24,geo_cov_rur,2019,26.531
vut,sex_t,age_ythadult_y15_24,geo_cov_urb,2010,25.09
vut,sex_t,age_ythadult_y15_24,geo_cov_urb,2019,13.737
vut,sex_t,age_ythadult_y15_64,geo_cov_nat,2010,4.607
vut,sex_t,age_ythadult_y15_64,geo_cov_nat,2019,10.602
vut,sex_t,age_ythadult_y15_64,geo_cov_rur,2019,12.648
vut,sex_t,age_ythadult_y15_64,geo_cov_urb,2010,10.089
vut,sex_t,age_ythadult_y15_64,geo_cov_urb,2019,5.576
vut,sex_t,age_ythadult_yge15,geo_cov_nat,2010,4.433
vut,sex_t,age_ythadult_yge15,geo_cov_nat,2019,10.374
vut,sex_t,age_ythadult_yge15,geo_cov_rur,2010,2.654
vut,sex_t,age_ythadult_yge15,geo_cov_rur,2019,12.359
vut,sex_t,age_ythadult_yge15,geo_cov_urb,2010,10.023
vut,sex_t,age_ythadult_yge15,geo_cov_urb,2019,5.445
vut,sex_t,age_ythadult_yge25,geo_cov_nat,2010,2.593
vut,sex_t,age_ythadult_yge25,geo_cov_nat,2019,6.978
vut,sex_t,age_ythadult_yge25,geo_cov_rur,2010,1.549
vut,sex_t,age_ythadult_yge25,geo_cov_rur,2019,8.31
vut,sex_t,age_ythadult_yge25,geo_cov_urb,2010,5.923
vut,sex_t,age_ythadult_yge25,geo_cov_urb,2019,3.937
wsm,sex_f,age_aggregate_total,geo_cov_nat,2012,14.296
wsm,sex_f,age_aggregate_total,geo_cov_nat,2017,24.372
wsm,sex_f,age_aggregate_total,geo_cov_rur,2012,14.313
wsm,sex_f,age_aggregate_total,geo_cov_rur,2017,26.509
wsm,sex_f,age_aggregate_total,geo_cov_urb,2012,14.259
wsm,sex_f,age_aggregate_total,geo_cov_urb,2017,16.155
wsm,sex_f,age_aggregate_y15_24,geo_cov_nat,2012,30.667
wsm,sex_f,age_aggregate_y15_24,geo_cov_nat,2017,41.041
wsm,sex_f,age_aggregate_y15_24,geo_cov_rur,2012,31.906
wsm,sex_f,age_aggregate_y15_24,geo_cov_rur,2017,43.17
wsm,sex_f,age_aggregate_y15_24,geo_cov_urb,2012,25.672
wsm,sex_f,age_aggregate_y15_24,geo_cov_urb,2017,31.313
wsm,sex_f,age_aggregate_y25_54,geo_cov_nat,2012,11.513
wsm,sex_f,age_aggregate_y25_54,geo_cov_nat,2017,21.147
wsm,sex_f,age_aggregate_y25_54,geo_cov_rur,2012,10.798
wsm,sex_f,age_aggregate_y25_54,geo_cov_rur,2017,23.227
wsm,sex_f,age_aggregate_y25_54,geo_cov_urb,2012,13.02
wsm,sex_f,age_aggregate_y25_54,geo_cov_urb,2017,13.833
wsm,sex_f,age_aggregate_y55_64,geo_cov_nat,2012,5.299
wsm,sex_f,age_aggregate_y55_64,geo_cov_nat,2017,10.149
wsm,sex_f,age_aggregate_y55_64,geo_cov_rur,2017,11.913
wsm,sex_f,age_ythadult_y15_24,geo_cov_nat,2012,30.667
wsm,sex_f,age_ythadult_y15_24,geo_cov_nat,2017,41.041
wsm,sex_f,age_ythadult_y15_24,geo_cov_rur,2012,31.906
wsm,sex_f,age_ythadult_y15_24,geo_cov_rur,2017,43.17
wsm,sex_f,age_ythadult_y15_24,geo_cov_urb,2012,25.672
wsm,sex_f,age_ythadult_y15_24,geo_cov_urb,2017,31.313
wsm,sex_f,age_ythadult_y15_64,geo_cov_nat,2012,14.618
wsm,sex_f,age_ythadult_y15_64,geo_cov_nat,2017,24.956
wsm,sex_f,age_ythadult_y15_64,geo_cov_rur,2012,14.845
wsm,sex_f,age_ythadult_y15_64,geo_cov_rur,2017,27.106
wsm,sex_f,age_ythadult_y15_64,geo_cov_urb,2012,14.098
wsm,sex_f,age_ythadult_y15_64,geo_cov_urb,2017,16.632
wsm,sex_f,age_ythadult_yge15,geo_cov_nat,2012,14.296
wsm,sex_f,age_ythadult_yge15,geo_cov_nat,2017,24.372
wsm,sex_f,age_ythadult_yge15,geo_cov_rur,2012,14.313
wsm,sex_f,age_ythadult_yge15,geo_cov_rur,2017,26.509
wsm,sex_f,age_ythadult_yge15,geo_cov_urb,2012,14.259
wsm,sex_f,age_ythadult_yge15,geo_cov_urb,2017,16.155
wsm,sex_f,age_ythadult_yge25,geo_cov_nat,2012,10.68
wsm,sex_f,age_ythadult_yge25,geo_cov_nat,2017,19.318
wsm,sex_f,age_ythadult_yge25,geo_cov_rur,2012,9.696
wsm,sex_f,age_ythadult_yge25,geo_cov_rur,2017,21.233
wsm,sex_f,age_ythadult_yge25,geo_cov_urb,2012,12.72
wsm,sex_f,age_ythadult_yge25,geo_cov_urb,2017,12.308
wsm,sex_m,age_aggregate_total,geo_cov_nat,2012,10.668
wsm,sex_m,age_aggregate_total,geo_cov_nat,2017,10.258
wsm,sex_m,age_aggregate_total,geo_cov_rur,2012,9.63
wsm,sex_m,age_aggregate_total,geo_cov_rur,2017,10.587
wsm,sex_m,age_aggregate_total,geo_cov_urb,2012,13.265
wsm,sex_m,age_aggregate_total,geo_cov_urb,2017,8.883
wsm,sex_m,age_aggregate_y15_24,geo_cov_nat,2012,20.128
wsm,sex_m,age_aggregate_y15_24,geo_cov_nat,2017,19.947
wsm,sex_m,age_aggregate_y15_24,geo_cov_rur,2012,18.167
wsm,sex_m,age_aggregate_y15_24,geo_cov_rur,2017,20.977
wsm,sex_m,age_aggregate_y15_24,geo_cov_urb,2012,26.697
wsm,sex_m,age_aggregate_y15_24,geo_cov_urb,2017,15.172
wsm,sex_m,age_aggregate_y25_54,geo_cov_nat,2012,9.321
wsm,sex_m,age_aggregate_y25_54,geo_cov_nat,2017,8.395
wsm,sex_m,age_aggregate_y25_54,geo_cov_rur,2012,7.923
wsm,sex_m,age_aggregate_y25_54,geo_cov_rur,2017,8.588
wsm,sex_m,age_aggregate_y25_54,geo_cov_urb,2012,12.598
wsm,sex_m,age_aggregate_y25_54,geo_cov_urb,2017,7.606
wsm,sex_m,age_aggregate_y55_64,geo_cov_nat,2012,3.697
wsm,sex_m,age_aggregate_y55_64,geo_cov_nat,2017,4.045
wsm,sex_m,age_aggregate_y55_64,geo_cov_rur,2012,5.144
wsm,sex_m,age_aggregate_y55_64,geo_cov_rur,2017,3.176
wsm,sex_m,age_aggregate_y55_64,geo_cov_urb,2017,7.317
wsm,sex_m,age_ythadult_y15_24,geo_cov_nat,2012,20.128
wsm,sex_m,age_ythadult_y15_24,geo_cov_nat,2017,19.947
wsm,sex_m,age_ythadult_y15_24,geo_cov_rur,2012,18.167
wsm,sex_m,age_ythadult_y15_24,geo_cov_rur,2017,20.977
wsm,sex_m,age_ythadult_y15_24,geo_cov_urb,2012,26.697
wsm,sex_m,age_ythadult_y15_24,geo_cov_urb,2017,15.172
wsm,sex_m,age_ythadult_y15_64,geo_cov_nat,2012,10.984
wsm,sex_m,age_ythadult_y15_64,geo_cov_nat,2017,10.614
wsm,sex_m,age_ythadult_y15_64,geo_cov_rur,2012,9.865
wsm,sex_m,age_ythadult_y15_64,geo_cov_rur,2017,10.953
wsm,sex_m,age_ythadult_y15_64,geo_cov_urb,2012,13.805
wsm,sex_m,age_ythadult_y15_64,geo_cov_urb,2017,9.199
wsm,sex_m,age_ythadult_yge15,geo_cov_nat,2012,10.668
wsm,sex_m,age_ythadult_yge15,geo_cov_nat,2017,10.258
wsm,sex_m,age_ythadult_yge15,geo_cov_rur,2012,9.63
wsm,sex_m,age_ythadult_yge15,geo_cov_rur,2017,10.587
wsm,sex_m,age_ythadult_yge15,geo_cov_urb,2012,13.265
wsm,sex_m,age_ythadult_yge15,geo_cov_urb,2017,8.883
wsm,sex_m,age_ythadult_yge25,geo_cov_nat,2012,8.436
wsm,sex_m,age_ythadult_yge25,geo_cov_nat,2017,7.431
wsm,sex_m,age_ythadult_yge25,geo_cov_rur,2012,7.42
wsm,sex_m,age_ythadult_yge25,geo_cov_rur,2017,7.48
wsm,sex_m,age_ythadult_yge25,geo_cov_urb,2012,10.825
wsm,sex_m,age_ythadult_yge25,geo_cov_urb,2017,7.233
wsm,sex_t,age_aggregate_total,geo_cov_nat,2012,12.042
wsm,sex_t,age_aggregate_total,geo_cov_nat,2017,15.844
wsm,sex_t,age_aggregate_total,geo_cov_rur,2012,11.377
wsm,sex_t,age_aggregate_total,geo_cov_rur,2017,16.825
wsm,sex_t,age_aggregate_total,geo_cov_urb,2012,13.655
wsm,sex_t,age_aggregate_total,geo_cov_urb,2017,11.879
wsm,sex_t,age_aggregate_y15_24,geo_cov_nat,2012,23.988
wsm,sex_t,age_aggregate_y15_24,geo_cov_nat,2017,28.445
wsm,sex_t,age_aggregate_y15_24,geo_cov_rur,2012,23.327
wsm,sex_t,age_aggregate_y15_24,geo_cov_rur,2017,29.905
wsm,sex_t,age_aggregate_y15_24,geo_cov_urb,2012,26.355
wsm,sex_t,age_aggregate_y15_24,geo_cov_urb,2017,21.721
wsm,sex_t,age_aggregate_y25_54,geo_cov_nat,2012,10.162
wsm,sex_t,age_aggregate_y25_54,geo_cov_nat,2017,13.59
wsm,sex_t,age_aggregate_y25_54,geo_cov_rur,2012,9.004
wsm,sex_t,age_aggregate_y25_54,geo_cov_rur,2017,14.438
wsm,sex_t,age_aggregate_y25_54,geo_cov_urb,2012,12.767
wsm,sex_t,age_aggregate_y25_54,geo_cov_urb,2017,10.328
wsm,sex_t,age_aggregate_y55_64,geo_cov_nat,2012,4.276
wsm,sex_t,age_aggregate_y55_64,geo_cov_nat,2017,6.082
wsm,sex_t,age_aggregate_y55_64,geo_cov_rur,2012,4.608
wsm,sex_t,age_aggregate_y55_64,geo_cov_rur,2017,6.24
wsm,sex_t,age_aggregate_y55_64,geo_cov_urb,2017,5.405
wsm,sex_t,age_ythadult_y15_24,geo_cov_nat,2012,23.988
wsm,sex_t,age_ythadult_y15_24,geo_cov_nat,2017,28.445
wsm,sex_t,age_ythadult_y15_24,geo_cov_rur,2012,23.327
wsm,sex_t,age_ythadult_y15_24,geo_cov_rur,2017,29.905
wsm,sex_t,age_ythadult_y15_24,geo_cov_urb,2012,26.355
wsm,sex_t,age_ythadult_y15_24,geo_cov_urb,2017,21.721
wsm,sex_t,age_ythadult_y15_64,geo_cov_nat,2012,12.36
wsm,sex_t,age_ythadult_y15_64,geo_cov_nat,2017,16.334
wsm,sex_t,age_ythadult_y15_64,geo_cov_rur,2012,11.718
wsm,sex_t,age_ythadult_y15_64,geo_cov_rur,2017,17.337
wsm,sex_t,age_ythadult_y15_64,geo_cov_urb,2012,13.921
wsm,sex_t,age_ythadult_y15_64,geo_cov_urb,2017,12.271
wsm,sex_t,age_ythadult_yge15,geo_cov_nat,2012,12.042
wsm,sex_t,age_ythadult_yge15,geo_cov_nat,2017,15.844
wsm,sex_t,age_ythadult_yge15,geo_cov_rur,2012,11.377
wsm,sex_t,age_ythadult_yge15,geo_cov_rur,2017,16.825
wsm,sex_t,age_ythadult_yge15,geo_cov_urb,2012,13.655
wsm,sex_t,age_ythadult_yge15,geo_cov_urb,2017,11.879
wsm,sex_t,age_ythadult_yge25,geo_cov_nat,2012,9.293
wsm,sex_t,age_ythadult_yge25,geo_cov_nat,2017,12.111
wsm,sex_t,age_ythadult_yge25,geo_cov_rur,2012,8.268
wsm,sex_t,age_ythadult_yge25,geo_cov_rur,2017,12.824
wsm,sex_t,age_ythadult_yge25,geo_cov_urb,2012,11.588
wsm,sex_t,age_ythadult_yge25,geo_cov_urb,2017,9.332
yem,sex_f,age_aggregate_total,geo_cov_nat,2014,65.148
yem,sex_f,age_aggregate_total,geo_cov_rur,2014,67.678
yem,sex_f,age_aggregate_total,geo_cov_urb,2014,56.59
yem,sex_f,age_aggregate_y15_24,geo_cov_nat,2014,78.494
yem,sex_f,age_aggregate_y15_24,geo_cov_rur,2014,77.481
yem,sex_f,age_aggregate_y15_24,geo_cov_urb,2014,83.339
yem,sex_f,age_aggregate_y25_54,geo_cov_nat,2014,57.833
yem,sex_f,age_aggregate_y25_54,geo_cov_rur,2014,62.492
yem,sex_f,age_aggregate_y25_54,geo_cov_urb,2014,45.446
yem,sex_f,age_aggregate_y55_64,geo_cov_nat,2014,15.234
yem,sex_f,age_aggregate_y55_64,geo_cov_rur,2014,17.056
yem,sex_f,age_ythadult_y15_24,geo_cov_nat,2014,78.494
yem,sex_f,age_ythadult_y15_24,geo_cov_rur,2014,77.481
yem,sex_f,age_ythadult_y15_24,geo_cov_urb,2014,83.339
yem,sex_f,age_ythadult_y15_64,geo_cov_nat,2014,65.446
yem,sex_f,age_ythadult_y15_64,geo_cov_rur,2014,67.983
yem,sex_f,age_ythadult_y15_64,geo_cov_urb,2014,56.854
yem,sex_f,age_ythadult_yge15,geo_cov_nat,2014,65.148
yem,sex_f,age_ythadult_yge15,geo_cov_rur,2014,67.678
yem,sex_f,age_ythadult_yge15,geo_cov_urb,2014,56.59
yem,sex_f,age_ythadult_yge25,geo_cov_nat,2014,55.414
yem,sex_f,age_ythadult_yge25,geo_cov_rur,2014,59.596
yem,sex_f,age_ythadult_yge25,geo_cov_urb,2014,44.019
yem,sex_m,age_aggregate_total,geo_cov_nat,2014,20.262
yem,sex_m,age_aggregate_total,geo_cov_rur,2014,21.401
yem,sex_m,age_aggregate_total,geo_cov_urb,2014,16.125
yem,sex_m,age_aggregate_y15_24,geo_cov_nat,2014,36.626
yem,sex_m,age_aggregate_y15_24,geo_cov_rur,2014,37.212
yem,sex_m,age_aggregate_y15_24,geo_cov_urb,2014,34.077
yem,sex_m,age_aggregate_y25_54,geo_cov_nat,2014,14.467
yem,sex_m,age_aggregate_y25_54,geo_cov_rur,2014,15.649
yem,sex_m,age_aggregate_y25_54,geo_cov_urb,2014,10.569
yem,sex_m,age_aggregate_y55_64,geo_cov_nat,2014,9.184
yem,sex_m,age_aggregate_y55_64,geo_cov_rur,2014,9.797
yem,sex_m,age_aggregate_y55_64,geo_cov_urb,2014,6.916
yem,sex_m,age_aggregate_yge65,geo_cov_nat,2014,5.564
yem,sex_m,age_aggregate_yge65,geo_cov_rur,2014,5.255
yem,sex_m,age_aggregate_yge65,geo_cov_urb,2014,7.299
yem,sex_m,age_ythadult_y15_24,geo_cov_nat,2014,36.626
yem,sex_m,age_ythadult_y15_24,geo_cov_rur,2014,37.212
yem,sex_m,age_ythadult_y15_24,geo_cov_urb,2014,34.077
yem,sex_m,age_ythadult_y15_64,geo_cov_nat,2014,20.681
yem,sex_m,age_ythadult_y15_64,geo_cov_rur,2014,21.902
yem,sex_m,age_ythadult_y15_64,geo_cov_urb,2014,16.3
yem,sex_m,age_ythadult_yge15,geo_cov_nat,2014,20.262
yem,sex_m,age_ythadult_yge15,geo_cov_rur,2014,21.401
yem,sex_m,age_ythadult_yge15,geo_cov_urb,2014,16.125
yem,sex_m,age_ythadult_yge25,geo_cov_nat,2014,13.658
yem,sex_m,age_ythadult_yge25,geo_cov_rur,2014,14.682
yem,sex_m,age_ythadult_yge25,geo_cov_urb,2014,10.186
yem,sex_t,age_aggregate_total,geo_cov_nat,2014,26.839
yem,sex_t,age_aggregate_total,geo_cov_rur,2014,28.092
yem,sex_t,age_aggregate_total,geo_cov_urb,2014,22.34
yem,sex_t,age_aggregate_y15_24,geo_cov_nat,2014,45.05
yem,sex_t,age_aggregate_y15_24,geo_cov_rur,2014,45.423
yem,sex_t,age_aggregate_y15_24,geo_cov_urb,2014,43.398
yem,sex_t,age_aggregate_y25_54,geo_cov_nat,2014,20.151
yem,sex_t,age_aggregate_y25_54,geo_cov_rur,2014,21.505
yem,sex_t,age_aggregate_y25_54,geo_cov_urb,2014,15.816
yem,sex_t,age_aggregate_y55_64,geo_cov_nat,2014,9.599
yem,sex_t,age_aggregate_y55_64,geo_cov_rur,2014,10.32
yem,sex_t,age_aggregate_y55_64,geo_cov_urb,2014,6.88
yem,sex_t,age_aggregate_yge65,geo_cov_nat,2014,5.497
yem,sex_t,age_aggregate_yge65,geo_cov_rur,2014,5.126
yem,sex_t,age_aggregate_yge65,geo_cov_urb,2014,7.525
yem,sex_t,age_ythadult_y15_24,geo_cov_nat,2014,45.05
yem,sex_t,age_ythadult_y15_24,geo_cov_rur,2014,45.423
yem,sex_t,age_ythadult_y15_24,geo_cov_urb,2014,43.398
yem,sex_t,age_ythadult_y15_64,geo_cov_nat,2014,27.373
yem,sex_t,age_ythadult_y15_64,geo_cov_rur,2014,28.714
yem,sex_t,age_ythadult_y15_64,geo_cov_urb,2014,22.601
yem,sex_t,age_ythadult_yge15,geo_cov_nat,2014,26.839
yem,sex_t,age_ythadult_yge15,geo_cov_rur,2014,28.092
yem,sex_t,age_ythadult_yge15,geo_cov_urb,2014,22.34
yem,sex_t,age_ythadult_yge25,geo_cov_nat,2014,18.765
yem,sex_t,age_ythadult_yge25,geo_cov_rur,2014,19.92
yem,sex_t,age_ythadult_yge25,geo_cov_urb,2014,14.959
zaf,sex_f,age_aggregate_total,geo_cov_nat,2008,34.869
zaf,sex_f,age_aggregate_total,geo_cov_nat,2009,36.464
zaf,sex_f,age_aggregate_total,geo_cov_nat,2010,39.79
zaf,sex_f,age_aggregate_total,geo_cov_nat,2011,40.034
zaf,sex_f,age_aggregate_total,geo_cov_nat,2012,39.892
zaf,sex_f,age_aggregate_total,geo_cov_nat,2013,38.878
zaf,sex_f,age_aggregate_total,geo_cov_nat,2014,38.76
zaf,sex_f,age_aggregate_total,geo_cov_nat,2015,38.778
zaf,sex_f,age_aggregate_total,geo_cov_nat,2016,40.042
zaf,sex_f,age_aggregate_total,geo_cov_nat,2017,40.085
zaf,sex_f,age_aggregate_total,geo_cov_nat,2018,40.792
zaf,sex_f,age_aggregate_total,geo_cov_nat,2019,41.786
zaf,sex_f,age_aggregate_total,geo_cov_nat,2020,45.273
zaf,sex_f,age_aggregate_total,geo_cov_nat,2021,49.063
zaf,sex_f,age_aggregate_total,geo_cov_nat,2022,47.225
zaf,sex_f,age_aggregate_total,geo_cov_nat,2023,45.089
zaf,sex_f,age_aggregate_total,geo_cov_nat,2024,45.296
zaf,sex_f,age_aggregate_total,geo_cov_rur,2008,46.819
zaf,sex_f,age_aggregate_total,geo_cov_rur,2009,49.548
zaf,sex_f,age_aggregate_total,geo_cov_rur,2010,53.668
zaf,sex_f,age_aggregate_total,geo_cov_rur,2011,54.565
zaf,sex_f,age_aggregate_total,geo_cov_rur,2012,54.109
zaf,sex_f,age_aggregate_total,geo_cov_rur,2013,52.024
zaf,sex_f,age_aggregate_total,geo_cov_rur,2014,50.994
zaf,sex_f,age_aggregate_total,geo_cov_rur,2015,50.031
zaf,sex_f,age_aggregate_total,geo_cov_rur,2016,51.232
zaf,sex_f,age_aggregate_total,geo_cov_rur,2017,51.981
zaf,sex_f,age_aggregate_total,geo_cov_rur,2018,52.651
zaf,sex_f,age_aggregate_total,geo_cov_rur,2019,52.705
zaf,sex_f,age_aggregate_total,geo_cov_rur,2020,56.869
zaf,sex_f,age_aggregate_total,geo_cov_rur,2021,60.199
zaf,sex_f,age_aggregate_total,geo_cov_rur,2022,59.124
zaf,sex_f,age_aggregate_total,geo_cov_rur,2023,57.006
zaf,sex_f,age_aggregate_total,geo_cov_rur,2024,56.021
zaf,sex_f,age_aggregate_total,geo_cov_urb,2008,30.112
zaf,sex_f,age_aggregate_total,geo_cov_urb,2009,31.247
zaf,sex_f,age_aggregate_total,geo_cov_urb,2010,34.152
zaf,sex_f,age_aggregate_total,geo_cov_urb,2011,34.206
zaf,sex_f,age_aggregate_total,geo_cov_urb,2012,34.076
zaf,sex_f,age_aggregate_total,geo_cov_urb,2013,33.62
zaf,sex_f,age_aggregate_total,geo_cov_urb,2014,33.897
zaf,sex_f,age_aggregate_total,geo_cov_urb,2015,34.059
zaf,sex_f,age_aggregate_total,geo_cov_urb,2016,35.328
zaf,sex_f,age_aggregate_total,geo_cov_urb,2017,35.072
zaf,sex_f,age_aggregate_total,geo_cov_urb,2018,35.874
zaf,sex_f,age_aggregate_total,geo_cov_urb,2019,37.195
zaf,sex_f,age_aggregate_total,geo_cov_urb,2020,40.24
zaf,sex_f,age_aggregate_total,geo_cov_urb,2021,44.176
zaf,sex_f,age_aggregate_total,geo_cov_urb,2022,42.063
zaf,sex_f,age_aggregate_total,geo_cov_urb,2023,39.943
zaf,sex_f,age_aggregate_total,geo_cov_urb,2024,40.3
zaf,sex_f,age_aggregate_total,geo_cov_x,2024,45.313
zaf,sex_f,age_aggregate_y15_24,geo_cov_nat,2008,61.041
zaf,sex_f,age_aggregate_y15_24,geo_cov_nat,2009,64.795
zaf,sex_f,age_aggregate_y15_24,geo_cov_nat,2010,69.244
zaf,sex_f,age_aggregate_y15_24,geo_cov_nat,2011,69.475
zaf,sex_f,age_aggregate_y15_24,geo_cov_nat,2012,70.954
zaf,sex_f,age_aggregate_y15_24,geo_cov_nat,2013,69.432
zaf,sex_f,age_aggregate_y15_24,geo_cov_nat,2014,69.039
zaf,sex_f,age_aggregate_y15_24,geo_cov_nat,2015,67.9
zaf,sex_f,age_aggregate_y15_24,geo_cov_nat,2016,71.552
zaf,sex_f,age_aggregate_y15_24,geo_cov_nat,2017,70.298
zaf,sex_f,age_aggregate_y15_24,geo_cov_nat,2018,72.183
zaf,sex_f,age_aggregate_y15_24,geo_cov_nat,2019,73.598
zaf,sex_f,age_aggregate_y15_24,geo_cov_nat,2020,76.604
zaf,sex_f,age_aggregate_y15_24,geo_cov_nat,2021,80.347
zaf,sex_f,age_aggregate_y15_24,geo_cov_nat,2022,76.411
zaf,sex_f,age_aggregate_y15_24,geo_cov_nat,2023,73.192
zaf,sex_f,age_aggregate_y15_24,geo_cov_nat,2024,73.805
zaf,sex_f,age_aggregate_y15_24,geo_cov_rur,2008,72.24
zaf,sex_f,age_aggregate_y15_24,geo_cov_rur,2009,77.808
zaf,sex_f,age_aggregate_y15_24,geo_cov_rur,2010,81.198
zaf,sex_f,age_aggregate_y15_24,geo_cov_rur,2011,81.625
zaf,sex_f,age_aggregate_y15_24,geo_cov_rur,2012,84.388
zaf,sex_f,age_aggregate_y15_24,geo_cov_rur,2013,81.958
zaf,sex_f,age_aggregate_y15_24,geo_cov_rur,2014,81.25
zaf,sex_f,age_aggregate_y15_24,geo_cov_rur,2015,78.756
zaf,sex_f,age_aggregate_y15_24,geo_cov_rur,2016,82.612
zaf,sex_f,age_aggregate_y15_24,geo_cov_rur,2017,82.426
zaf,sex_f,age_aggregate_y15_24,geo_cov_rur,2018,84.928
zaf,sex_f,age_aggregate_y15_24,geo_cov_rur,2019,84.043
zaf,sex_f,age_aggregate_y15_24,geo_cov_rur,2020,85.232
zaf,sex_f,age_aggregate_y15_24,geo_cov_rur,2021,85.91
zaf,sex_f,age_aggregate_y15_24,geo_cov_rur,2022,83.291
zaf,sex_f,age_aggregate_y15_24,geo_cov_rur,2023,80.96
zaf,sex_f,age_aggregate_y15_24,geo_cov_rur,2024,83.198
zaf,sex_f,age_aggregate_y15_24,geo_cov_urb,2008,55.784
zaf,sex_f,age_aggregate_y15_24,geo_cov_urb,2009,58.32
zaf,sex_f,age_aggregate_y15_24,geo_cov_urb,2010,62.879
zaf,sex_f,age_aggregate_y15_24,geo_cov_urb,2011,62.737
zaf,sex_f,age_aggregate_y15_24,geo_cov_urb,2012,63.813
zaf,sex_f,age_aggregate_y15_24,geo_cov_urb,2013,62.957
zaf,sex_f,age_aggregate_y15_24,geo_cov_urb,2014,62.715
zaf,sex_f,age_aggregate_y15_24,geo_cov_urb,2015,62.04
zaf,sex_f,age_aggregate_y15_24,geo_cov_urb,2016,65.175
zaf,sex_f,age_aggregate_y15_24,geo_cov_urb,2017,63.663
zaf,sex_f,age_aggregate_y15_24,geo_cov_urb,2018,65.201
zaf,sex_f,age_aggregate_y15_24,geo_cov_urb,2019,67.961
zaf,sex_f,age_aggregate_y15_24,geo_cov_urb,2020,71.275
zaf,sex_f,age_aggregate_y15_24,geo_cov_urb,2021,77.208
zaf,sex_f,age_aggregate_y15_24,geo_cov_urb,2022,72.714
zaf,sex_f,age_aggregate_y15_24,geo_cov_urb,2023,68.991
zaf,sex_f,age_aggregate_y15_24,geo_cov_urb,2024,67.863
zaf,sex_f,age_aggregate_y15_24,geo_cov_x,2024,73.927
zaf,sex_f,age_aggregate_y25_54,geo_cov_nat,2008,30.759
zaf,sex_f,age_aggregate_y25_54,geo_cov_nat,2009,32.176
zaf,sex_f,age_aggregate_y25_54,geo_cov_nat,2010,35.421
zaf,sex_f,age_aggregate_y25_54,geo_cov_nat,2011,35.87
zaf,sex_f,age_aggregate_y25_54,geo_cov_nat,2012,35.415
zaf,sex_f,age_aggregate_y25_54,geo_cov_nat,2013,34.708
zaf,sex_f,age_aggregate_y25_54,geo_cov_nat,2014,34.992
zaf,sex_f,age_aggregate_y25_54,geo_cov_nat,2015,35.474
zaf,sex_f,age_aggregate_y25_54,geo_cov_nat,2016,36.376
zaf,sex_f,age_aggregate_y25_54,geo_cov_nat,2017,36.855
zaf,sex_f,age_aggregate_y25_54,geo_cov_nat,2018,37.7
zaf,sex_f,age_aggregate_y25_54,geo_cov_nat,2019,38.828
zaf,sex_f,age_aggregate_y25_54,geo_cov_nat,2020,42.995
zaf,sex_f,age_aggregate_y25_54,geo_cov_nat,2021,46.784
zaf,sex_f,age_aggregate_y25_54,geo_cov_nat,2022,44.746
zaf,sex_f,age_aggregate_y25_54,geo_cov_nat,2023,43.23
zaf,sex_f,age_aggregate_y25_54,geo_cov_nat,2024,43.595
zaf,sex_f,age_aggregate_y25_54,geo_cov_rur,2008,42.635
zaf,sex_f,age_aggregate_y25_54,geo_cov_rur,2009,44.53
zaf,sex_f,age_aggregate_y25_54,geo_cov_rur,2010,48.556
zaf,sex_f,age_aggregate_y25_54,geo_cov_rur,2011,49.382
zaf,sex_f,age_aggregate_y25_54,geo_cov_rur,2012,48.298
zaf,sex_f,age_aggregate_y25_54,geo_cov_rur,2013,46.999
zaf,sex_f,age_aggregate_y25_54,geo_cov_rur,2014,46.424
zaf,sex_f,age_aggregate_y25_54,geo_cov_rur,2015,46.042
zaf,sex_f,age_aggregate_y25_54,geo_cov_rur,2016,46.146
zaf,sex_f,age_aggregate_y25_54,geo_cov_rur,2017,48.431
zaf,sex_f,age_aggregate_y25_54,geo_cov_rur,2018,48.619
zaf,sex_f,age_aggregate_y25_54,geo_cov_rur,2019,49.283
zaf,sex_f,age_aggregate_y25_54,geo_cov_rur,2020,54.564
zaf,sex_f,age_aggregate_y25_54,geo_cov_rur,2021,58.266
zaf,sex_f,age_aggregate_y25_54,geo_cov_rur,2022,56.873
zaf,sex_f,age_aggregate_y25_54,geo_cov_rur,2023,55.125
zaf,sex_f,age_aggregate_y25_54,geo_cov_rur,2024,53.758
zaf,sex_f,age_aggregate_y25_54,geo_cov_urb,2008,26.217
zaf,sex_f,age_aggregate_y25_54,geo_cov_urb,2009,27.471
zaf,sex_f,age_aggregate_y25_54,geo_cov_urb,2010,30.363
zaf,sex_f,age_aggregate_y25_54,geo_cov_urb,2011,30.755
zaf,sex_f,age_aggregate_y25_54,geo_cov_urb,2012,30.359
zaf,sex_f,age_aggregate_y25_54,geo_cov_urb,2013,30.034
zaf,sex_f,age_aggregate_y25_54,geo_cov_urb,2014,30.694
zaf,sex_f,age_aggregate_y25_54,geo_cov_urb,2015,31.214
zaf,sex_f,age_aggregate_y25_54,geo_cov_urb,2016,32.472
zaf,sex_f,age_aggregate_y25_54,geo_cov_urb,2017,32.214
zaf,sex_f,age_aggregate_y25_54,geo_cov_urb,2018,33.367
zaf,sex_f,age_aggregate_y25_54,geo_cov_urb,2019,34.591
zaf,sex_f,age_aggregate_y25_54,geo_cov_urb,2020,38.215
zaf,sex_f,age_aggregate_y25_54,geo_cov_urb,2021,41.848
zaf,sex_f,age_aggregate_y25_54,geo_cov_urb,2022,39.613
zaf,sex_f,age_aggregate_y25_54,geo_cov_urb,2023,38.208
zaf,sex_f,age_aggregate_y25_54,geo_cov_urb,2024,38.816
zaf,sex_f,age_aggregate_y25_54,geo_cov_x,2024,43.634
zaf,sex_f,age_aggregate_y55_64,geo_cov_nat,2008,10.247
zaf,sex_f,age_aggregate_y55_64,geo_cov_nat,2009,11.18
zaf,sex_f,age_aggregate_y55_64,geo_cov_nat,2010,14.024
zaf,sex_f,age_aggregate_y55_64,geo_cov_nat,2011,12.112
zaf,sex_f,age_aggregate_y55_64,geo_cov_nat,2012,14.563
zaf,sex_f,age_aggregate_y55_64,geo_cov_nat,2013,13.947
zaf,sex_f,age_aggregate_y55_64,geo_cov_nat,2014,15.546
zaf,sex_f,age_aggregate_y55_64,geo_cov_nat,2015,14.098
zaf,sex_f,age_aggregate_y55_64,geo_cov_nat,2016,14.818
zaf,sex_f,age_aggregate_y55_64,geo_cov_nat,2017,16.023
zaf,sex_f,age_aggregate_y55_64,geo_cov_nat,2018,16.342
zaf,sex_f,age_aggregate_y55_64,geo_cov_nat,2019,15.882
zaf,sex_f,age_aggregate_y55_64,geo_cov_nat,2020,20.86
zaf,sex_f,age_aggregate_y55_64,geo_cov_nat,2021,23.166
zaf,sex_f,age_aggregate_y55_64,geo_cov_nat,2022,22.41
zaf,sex_f,age_aggregate_y55_64,geo_cov_nat,2023,20.619
zaf,sex_f,age_aggregate_y55_64,geo_cov_nat,2024,20.562
zaf,sex_f,age_aggregate_y55_64,geo_cov_rur,2008,15.506
zaf,sex_f,age_aggregate_y55_64,geo_cov_rur,2009,17.916
zaf,sex_f,age_aggregate_y55_64,geo_cov_rur,2010,22.506
zaf,sex_f,age_aggregate_y55_64,geo_cov_rur,2011,19.796
zaf,sex_f,age_aggregate_y55_64,geo_cov_rur,2012,26.16
zaf,sex_f,age_aggregate_y55_64,geo_cov_rur,2013,21.2
zaf,sex_f,age_aggregate_y55_64,geo_cov_rur,2014,22.298
zaf,sex_f,age_aggregate_y55_64,geo_cov_rur,2015,18.032
zaf,sex_f,age_aggregate_y55_64,geo_cov_rur,2016,21.934
zaf,sex_f,age_aggregate_y55_64,geo_cov_rur,2017,18.004
zaf,sex_f,age_aggregate_y55_64,geo_cov_rur,2018,20.733
zaf,sex_f,age_aggregate_y55_64,geo_cov_rur,2019,19.373
zaf,sex_f,age_aggregate_y55_64,geo_cov_rur,2020,23.719
zaf,sex_f,age_aggregate_y55_64,geo_cov_rur,2021,26.197
zaf,sex_f,age_aggregate_y55_64,geo_cov_rur,2022,31.044
zaf,sex_f,age_aggregate_y55_64,geo_cov_rur,2023,30.859
zaf,sex_f,age_aggregate_y55_64,geo_cov_rur,2024,28.439
zaf,sex_f,age_aggregate_y55_64,geo_cov_urb,2008,8.299
zaf,sex_f,age_aggregate_y55_64,geo_cov_urb,2009,8.811
zaf,sex_f,age_aggregate_y55_64,geo_cov_urb,2010,11.085
zaf,sex_f,age_aggregate_y55_64,geo_cov_urb,2011,9.739
zaf,sex_f,age_aggregate_y55_64,geo_cov_urb,2012,10.903
zaf,sex_f,age_aggregate_y55_64,geo_cov_urb,2013,11.341
zaf,sex_f,age_aggregate_y55_64,geo_cov_urb,2014,12.917
zaf,sex_f,age_aggregate_y55_64,geo_cov_urb,2015,12.656
zaf,sex_f,age_aggregate_y55_64,geo_cov_urb,2016,12.285
zaf,sex_f,age_aggregate_y55_64,geo_cov_urb,2017,15.222
zaf,sex_f,age_aggregate_y55_64,geo_cov_urb,2018,14.724
zaf,sex_f,age_aggregate_y55_64,geo_cov_urb,2019,14.603
zaf,sex_f,age_aggregate_y55_64,geo_cov_urb,2020,19.768
zaf,sex_f,age_aggregate_y55_64,geo_cov_urb,2021,22.101
zaf,sex_f,age_aggregate_y55_64,geo_cov_urb,2022,19.26
zaf,sex_f,age_aggregate_y55_64,geo_cov_urb,2023,16.959
zaf,sex_f,age_aggregate_y55_64,geo_cov_urb,2024,18.809
zaf,sex_f,age_aggregate_y55_64,geo_cov_x,2024,20.279
zaf,sex_f,age_aggregate_yge65,geo_cov_nat,2008,16.874
zaf,sex_f,age_aggregate_yge65,geo_cov_nat,2009,12.267
zaf,sex_f,age_aggregate_yge65,geo_cov_nat,2010,8.272
zaf,sex_f,age_aggregate_yge65,geo_cov_nat,2011,12.913
zaf,sex_f,age_aggregate_yge65,geo_cov_nat,2012,14.252
zaf,sex_f,age_aggregate_yge65,geo_cov_nat,2013,8.211
zaf,sex_f,age_aggregate_yge65,geo_cov_nat,2014,10.208
zaf,sex_f,age_aggregate_yge65,geo_cov_nat,2015,12.059
zaf,sex_f,age_aggregate_yge65,geo_cov_nat,2016,13.733
zaf,sex_f,age_aggregate_yge65,geo_cov_nat,2017,14.683
zaf,sex_f,age_aggregate_yge65,geo_cov_nat,2018,13.249
zaf,sex_f,age_aggregate_yge65,geo_cov_nat,2019,11.96
zaf,sex_f,age_aggregate_yge65,geo_cov_nat,2020,13.577
zaf,sex_f,age_aggregate_yge65,geo_cov_nat,2021,12.149
zaf,sex_f,age_aggregate_yge65,geo_cov_nat,2022,12.965
zaf,sex_f,age_aggregate_yge65,geo_cov_nat,2023,7.939
zaf,sex_f,age_aggregate_yge65,geo_cov_nat,2024,9.088
zaf,sex_f,age_aggregate_yge65,geo_cov_rur,2008,18.028
zaf,sex_f,age_aggregate_yge65,geo_cov_rur,2009,11.025
zaf,sex_f,age_aggregate_yge65,geo_cov_rur,2010,11.845
zaf,sex_f,age_aggregate_yge65,geo_cov_rur,2011,17.987
zaf,sex_f,age_aggregate_yge65,geo_cov_rur,2012,18.738
zaf,sex_f,age_aggregate_yge65,geo_cov_rur,2013,12.207
zaf,sex_f,age_aggregate_yge65,geo_cov_rur,2014,11.911
zaf,sex_f,age_aggregate_yge65,geo_cov_rur,2015,18.508
zaf,sex_f,age_aggregate_yge65,geo_cov_rur,2016,19.835
zaf,sex_f,age_aggregate_yge65,geo_cov_rur,2017,16.945
zaf,sex_f,age_aggregate_yge65,geo_cov_rur,2018,19.038
zaf,sex_f,age_aggregate_yge65,geo_cov_rur,2019,13.098
zaf,sex_f,age_aggregate_yge65,geo_cov_rur,2020,12.302
zaf,sex_f,age_aggregate_yge65,geo_cov_rur,2021,21.185
zaf,sex_f,age_aggregate_yge65,geo_cov_rur,2022,23.319
zaf,sex_f,age_aggregate_yge65,geo_cov_rur,2023,13.237
zaf,sex_f,age_aggregate_yge65,geo_cov_rur,2024,9.424
zaf,sex_f,age_aggregate_yge65,geo_cov_urb,2008,16.118
zaf,sex_f,age_aggregate_yge65,geo_cov_urb,2009,12.939
zaf,sex_f,age_aggregate_yge65,geo_cov_urb,2010,6.693
zaf,sex_f,age_aggregate_yge65,geo_cov_urb,2011,10.886
zaf,sex_f,age_aggregate_yge65,geo_cov_urb,2012,11.913
zaf,sex_f,age_aggregate_yge65,geo_cov_urb,2013,6.319
zaf,sex_f,age_aggregate_yge65,geo_cov_urb,2014,9.425
zaf,sex_f,age_aggregate_yge65,geo_cov_urb,2015,9.665
zaf,sex_f,age_aggregate_yge65,geo_cov_urb,2016,10.544
zaf,sex_f,age_aggregate_yge65,geo_cov_urb,2017,13.542
zaf,sex_f,age_aggregate_yge65,geo_cov_urb,2018,10.561
zaf,sex_f,age_aggregate_yge65,geo_cov_urb,2019,11.36
zaf,sex_f,age_aggregate_yge65,geo_cov_urb,2020,14.273
zaf,sex_f,age_aggregate_yge65,geo_cov_urb,2021,9.035
zaf,sex_f,age_aggregate_yge65,geo_cov_urb,2022,7.459
zaf,sex_f,age_aggregate_yge65,geo_cov_urb,2023,5.319
zaf,sex_f,age_aggregate_yge65,geo_cov_urb,2024,12.644
zaf,sex_f,age_aggregate_yge65,geo_cov_x,2024,8.216
zaf,sex_f,age_ythadult_y15_24,geo_cov_nat,2008,61.041
zaf,sex_f,age_ythadult_y15_24,geo_cov_nat,2009,64.795
zaf,sex_f,age_ythadult_y15_24,geo_cov_nat,2010,69.244
zaf,sex_f,age_ythadult_y15_24,geo_cov_nat,2011,69.475
zaf,sex_f,age_ythadult_y15_24,geo_cov_nat,2012,70.954
zaf,sex_f,age_ythadult_y15_24,geo_cov_nat,2013,69.432
zaf,sex_f,age_ythadult_y15_24,geo_cov_nat,2014,69.039
zaf,sex_f,age_ythadult_y15_24,geo_cov_nat,2015,67.9
zaf,sex_f,age_ythadult_y15_24,geo_cov_nat,2016,71.552
zaf,sex_f,age_ythadult_y15_24,geo_cov_nat,2017,70.298
zaf,sex_f,age_ythadult_y15_24,geo_cov_nat,2018,72.183
zaf,sex_f,age_ythadult_y15_24,geo_cov_nat,2019,73.598
zaf,sex_f,age_ythadult_y15_24,geo_cov_nat,2020,76.604
zaf,sex_f,age_ythadult_y15_24,geo_cov_nat,2021,80.347
zaf,sex_f,age_ythadult_y15_24,geo_cov_nat,2022,76.411
zaf,sex_f,age_ythadult_y15_24,geo_cov_nat,2023,73.192
zaf,sex_f,age_ythadult_y15_24,geo_cov_nat,2024,73.805
zaf,sex_f,age_ythadult_y15_24,geo_cov_rur,2008,72.24
zaf,sex_f,age_ythadult_y15_24,geo_cov_rur,2009,77.808
zaf,sex_f,age_ythadult_y15_24,geo_cov_rur,2010,81.198
zaf,sex_f,age_ythadult_y15_24,geo_cov_rur,2011,81.625
zaf,sex_f,age_ythadult_y15_24,geo_cov_rur,2012,84.388
zaf,sex_f,age_ythadult_y15_24,geo_cov_rur,2013,81.958
zaf,sex_f,age_ythadult_y15_24,geo_cov_rur,2014,81.25
zaf,sex_f,age_ythadult_y15_24,geo_cov_rur,2015,78.756
zaf,sex_f,age_ythadult_y15_24,geo_cov_rur,2016,82.612
zaf,sex_f,age_ythadult_y15_24,geo_cov_rur,2017,82.426
zaf,sex_f,age_ythadult_y15_24,geo_cov_rur,2018,84.928
zaf,sex_f,age_ythadult_y15_24,geo_cov_rur,2019,84.043
zaf,sex_f,age_ythadult_y15_24,geo_cov_rur,2020,85.232
zaf,sex_f,age_ythadult_y15_24,geo_cov_rur,2021,85.91
zaf,sex_f,age_ythadult_y15_24,geo_cov_rur,2022,83.291
zaf,sex_f,age_ythadult_y15_24,geo_cov_rur,2023,80.96
zaf,sex_f,age_ythadult_y15_24,geo_cov_rur,2024,83.198
zaf,sex_f,age_ythadult_y15_24,geo_cov_urb,2008,55.784
zaf,sex_f,age_ythadult_y15_24,geo_cov_urb,2009,58.32
zaf,sex_f,age_ythadult_y15_24,geo_cov_urb,2010,62.879
zaf,sex_f,age_ythadult_y15_24,geo_cov_urb,2011,62.737
zaf,sex_f,age_ythadult_y15_24,geo_cov_urb,2012,63.813
zaf,sex_f,age_ythadult_y15_24,geo_cov_urb,2013,62.957
zaf,sex_f,age_ythadult_y15_24,geo_cov_urb,2014,62.715
zaf,sex_f,age_ythadult_y15_24,geo_cov_urb,2015,62.04
zaf,sex_f,age_ythadult_y15_24,geo_cov_urb,2016,65.175
zaf,sex_f,age_ythadult_y15_24,geo_cov_urb,2017,63.663
zaf,sex_f,age_ythadult_y15_24,geo_cov_urb,2018,65.201
zaf,sex_f,age_ythadult_y15_24,geo_cov_urb,2019,67.961
zaf,sex_f,age_ythadult_y15_24,geo_cov_urb,2020,71.275
zaf,sex_f,age_ythadult_y15_24,geo_cov_urb,2021,77.208
zaf,sex_f,age_ythadult_y15_24,geo_cov_urb,2022,72.714
zaf,sex_f,age_ythadult_y15_24,geo_cov_urb,2023,68.991
zaf,sex_f,age_ythadult_y15_24,geo_cov_urb,2024,67.863
zaf,sex_f,age_ythadult_y15_24,geo_cov_x,2024,73.927
zaf,sex_f,age_ythadult_y15_64,geo_cov_nat,2008,35.005
zaf,sex_f,age_ythadult_y15_64,geo_cov_nat,2009,36.628
zaf,sex_f,age_ythadult_y15_64,geo_cov_nat,2010,40.008
zaf,sex_f,age_ythadult_y15_64,geo_cov_nat,2011,40.195
zaf,sex_f,age_ythadult_y15_64,geo_cov_nat,2012,40.019
zaf,sex_f,age_ythadult_y15_64,geo_cov_nat,2013,39.079
zaf,sex_f,age_ythadult_y15_64,geo_cov_nat,2014,38.98
zaf,sex_f,age_ythadult_y15_64,geo_cov_nat,2015,38.994
zaf,sex_f,age_ythadult_y15_64,geo_cov_nat,2016,40.232
zaf,sex_f,age_ythadult_y15_64,geo_cov_nat,2017,40.285
zaf,sex_f,age_ythadult_y15_64,geo_cov_nat,2018,41.043
zaf,sex_f,age_ythadult_y15_64,geo_cov_nat,2019,42.033
zaf,sex_f,age_ythadult_y15_64,geo_cov_nat,2020,45.525
zaf,sex_f,age_ythadult_y15_64,geo_cov_nat,2021,49.337
zaf,sex_f,age_ythadult_y15_64,geo_cov_nat,2022,47.456
zaf,sex_f,age_ythadult_y15_64,geo_cov_nat,2023,45.42
zaf,sex_f,age_ythadult_y15_64,geo_cov_nat,2024,45.678
zaf,sex_f,age_ythadult_y15_64,geo_cov_rur,2008,47.12
zaf,sex_f,age_ythadult_y15_64,geo_cov_rur,2009,49.869
zaf,sex_f,age_ythadult_y15_64,geo_cov_rur,2010,53.975
zaf,sex_f,age_ythadult_y15_64,geo_cov_rur,2011,54.782
zaf,sex_f,age_ythadult_y15_64,geo_cov_rur,2012,54.315
zaf,sex_f,age_ythadult_y15_64,geo_cov_rur,2013,52.318
zaf,sex_f,age_ythadult_y15_64,geo_cov_rur,2014,51.327
zaf,sex_f,age_ythadult_y15_64,geo_cov_rur,2015,50.264
zaf,sex_f,age_ythadult_y15_64,geo_cov_rur,2016,51.495
zaf,sex_f,age_ythadult_y15_64,geo_cov_rur,2017,52.294
zaf,sex_f,age_ythadult_y15_64,geo_cov_rur,2018,52.984
zaf,sex_f,age_ythadult_y15_64,geo_cov_rur,2019,53.087
zaf,sex_f,age_ythadult_y15_64,geo_cov_rur,2020,57.284
zaf,sex_f,age_ythadult_y15_64,geo_cov_rur,2021,60.442
zaf,sex_f,age_ythadult_y15_64,geo_cov_rur,2022,59.401
zaf,sex_f,age_ythadult_y15_64,geo_cov_rur,2023,57.434
zaf,sex_f,age_ythadult_y15_64,geo_cov_rur,2024,56.391
zaf,sex_f,age_ythadult_y15_64,geo_cov_urb,2008,30.201
zaf,sex_f,age_ythadult_y15_64,geo_cov_urb,2009,31.359
zaf,sex_f,age_ythadult_y15_64,geo_cov_urb,2010,34.337
zaf,sex_f,age_ythadult_y15_64,geo_cov_urb,2011,34.345
zaf,sex_f,age_ythadult_y15_64,geo_cov_urb,2012,34.177
zaf,sex_f,age_ythadult_y15_64,geo_cov_urb,2013,33.79
zaf,sex_f,age_ythadult_y15_64,geo_cov_urb,2014,34.077
zaf,sex_f,age_ythadult_y15_64,geo_cov_urb,2015,34.263
zaf,sex_f,age_ythadult_y15_64,geo_cov_urb,2016,35.495
zaf,sex_f,age_ythadult_y15_64,geo_cov_urb,2017,35.232
zaf,sex_f,age_ythadult_y15_64,geo_cov_urb,2018,36.098
zaf,sex_f,age_ythadult_y15_64,geo_cov_urb,2019,37.394
zaf,sex_f,age_ythadult_y15_64,geo_cov_urb,2020,40.432
zaf,sex_f,age_ythadult_y15_64,geo_cov_urb,2021,44.455
zaf,sex_f,age_ythadult_y15_64,geo_cov_urb,2022,42.281
zaf,sex_f,age_ythadult_y15_64,geo_cov_urb,2023,40.238
zaf,sex_f,age_ythadult_y15_64,geo_cov_urb,2024,40.611
zaf,sex_f,age_ythadult_y15_64,geo_cov_x,2024,45.708
zaf,sex_f,age_ythadult_yge15,geo_cov_nat,2008,34.869
zaf,sex_f,age_ythadult_yge15,geo_cov_nat,2009,36.464
zaf,sex_f,age_ythadult_yge15,geo_cov_nat,2010,39.79
zaf,sex_f,age_ythadult_yge15,geo_cov_nat,2011,40.034
zaf,sex_f,age_ythadult_yge15,geo_cov_nat,2012,39.892
zaf,sex_f,age_ythadult_yge15,geo_cov_nat,2013,38.878
zaf,sex_f,age_ythadult_yge15,geo_cov_nat,2014,38.76
zaf,sex_f,age_ythadult_yge15,geo_cov_nat,2015,38.778
zaf,sex_f,age_ythadult_yge15,geo_cov_nat,2016,40.042
zaf,sex_f,age_ythadult_yge15,geo_cov_nat,2017,40.085
zaf,sex_f,age_ythadult_yge15,geo_cov_nat,2018,40.792
zaf,sex_f,age_ythadult_yge15,geo_cov_nat,2019,41.786
zaf,sex_f,age_ythadult_yge15,geo_cov_nat,2020,45.273
zaf,sex_f,age_ythadult_yge15,geo_cov_nat,2021,49.063
zaf,sex_f,age_ythadult_yge15,geo_cov_nat,2022,47.225
zaf,sex_f,age_ythadult_yge15,geo_cov_nat,2023,45.089
zaf,sex_f,age_ythadult_yge15,geo_cov_nat,2024,45.296
zaf,sex_f,age_ythadult_yge15,geo_cov_rur,2008,46.819
zaf,sex_f,age_ythadult_yge15,geo_cov_rur,2009,49.548
zaf,sex_f,age_ythadult_yge15,geo_cov_rur,2010,53.668
zaf,sex_f,age_ythadult_yge15,geo_cov_rur,2011,54.565
zaf,sex_f,age_ythadult_yge15,geo_cov_rur,2012,54.109
zaf,sex_f,age_ythadult_yge15,geo_cov_rur,2013,52.024
zaf,sex_f,age_ythadult_yge15,geo_cov_rur,2014,50.994
zaf,sex_f,age_ythadult_yge15,geo_cov_rur,2015,50.031
zaf,sex_f,age_ythadult_yge15,geo_cov_rur,2016,51.232
zaf,sex_f,age_ythadult_yge15,geo_cov_rur,2017,51.981
zaf,sex_f,age_ythadult_yge15,geo_cov_rur,2018,52.651
zaf,sex_f,age_ythadult_yge15,geo_cov_rur,2019,52.705
zaf,sex_f,age_ythadult_yge15,geo_cov_rur,2020,56.869
zaf,sex_f,age_ythadult_yge15,geo_cov_rur,2021,60.199
zaf,sex_f,age_ythadult_yge15,geo_cov_rur,2022,59.124
zaf,sex_f,age_ythadult_yge15,geo_cov_rur,2023,57.006
zaf,sex_f,age_ythadult_yge15,geo_cov_rur,2024,56.021
zaf,sex_f,age_ythadult_yge15,geo_cov_urb,2008,30.112
zaf,sex_f,age_ythadult_yge15,geo_cov_urb,2009,31.247
zaf,sex_f,age_ythadult_yge15,geo_cov_urb,2010,34.152
zaf,sex_f,age_ythadult_yge15,geo_cov_urb,2011,34.206
zaf,sex_f,age_ythadult_yge15,geo_cov_urb,2012,34.076
zaf,sex_f,age_ythadult_yge15,geo_cov_urb,2013,33.62
zaf,sex_f,age_ythadult_yge15,geo_cov_urb,2014,33.897
zaf,sex_f,age_ythadult_yge15,geo_cov_urb,2015,34.059
zaf,sex_f,age_ythadult_yge15,geo_cov_urb,2016,35.328
zaf,sex_f,age_ythadult_yge15,geo_cov_urb,2017,35.072
zaf,sex_f,age_ythadult_yge15,geo_cov_urb,2018,35.874
zaf,sex_f,age_ythadult_yge15,geo_cov_urb,2019,37.195
zaf,sex_f,age_ythadult_yge15,geo_cov_urb,2020,40.24
zaf,sex_f,age_ythadult_yge15,geo_cov_urb,2021,44.176
zaf,sex_f,age_ythadult_yge15,geo_cov_urb,2022,42.063
zaf,sex_f,age_ythadult_yge15,geo_cov_urb,2023,39.943
zaf,sex_f,age_ythadult_yge15,geo_cov_urb,2024,40.3
zaf,sex_f,age_ythadult_yge15,geo_cov_x,2024,45.313
zaf,sex_f,age_ythadult_yge25,geo_cov_nat,2008,29.232
zaf,sex_f,age_ythadult_yge25,geo_cov_nat,2009,30.628
zaf,sex_f,age_ythadult_yge25,geo_cov_nat,2010,33.751
zaf,sex_f,age_ythadult_yge25,geo_cov_nat,2011,34.092
zaf,sex_f,age_ythadult_yge25,geo_cov_nat,2012,33.795
zaf,sex_f,age_ythadult_yge25,geo_cov_nat,2013,32.995
zaf,sex_f,age_ythadult_yge25,geo_cov_nat,2014,33.259
zaf,sex_f,age_ythadult_yge25,geo_cov_nat,2015,33.613
zaf,sex_f,age_ythadult_yge25,geo_cov_nat,2016,34.501
zaf,sex_f,age_ythadult_yge25,geo_cov_nat,2017,34.965
zaf,sex_f,age_ythadult_yge25,geo_cov_nat,2018,35.684
zaf,sex_f,age_ythadult_yge25,geo_cov_nat,2019,36.695
zaf,sex_f,age_ythadult_yge25,geo_cov_nat,2020,40.887
zaf,sex_f,age_ythadult_yge25,geo_cov_nat,2021,44.585
zaf,sex_f,age_ythadult_yge25,geo_cov_nat,2022,42.805
zaf,sex_f,age_ythadult_yge25,geo_cov_nat,2023,40.986
zaf,sex_f,age_ythadult_yge25,geo_cov_nat,2024,41.23
zaf,sex_f,age_ythadult_yge25,geo_cov_rur,2008,40.51
zaf,sex_f,age_ythadult_yge25,geo_cov_rur,2009,42.523
zaf,sex_f,age_ythadult_yge25,geo_cov_rur,2010,46.584
zaf,sex_f,age_ythadult_yge25,geo_cov_rur,2011,47.404
zaf,sex_f,age_ythadult_yge25,geo_cov_rur,2012,46.721
zaf,sex_f,age_ythadult_yge25,geo_cov_rur,2013,44.883
zaf,sex_f,age_ythadult_yge25,geo_cov_rur,2014,44.153
zaf,sex_f,age_ythadult_yge25,geo_cov_rur,2015,43.779
zaf,sex_f,age_ythadult_yge25,geo_cov_rur,2016,44.132
zaf,sex_f,age_ythadult_yge25,geo_cov_rur,2017,45.62
zaf,sex_f,age_ythadult_yge25,geo_cov_rur,2018,46.087
zaf,sex_f,age_ythadult_yge25,geo_cov_rur,2019,46.585
zaf,sex_f,age_ythadult_yge25,geo_cov_rur,2020,51.67
zaf,sex_f,age_ythadult_yge25,geo_cov_rur,2021,55.73
zaf,sex_f,age_ythadult_yge25,geo_cov_rur,2022,54.794
zaf,sex_f,age_ythadult_yge25,geo_cov_rur,2023,52.837
zaf,sex_f,age_ythadult_yge25,geo_cov_rur,2024,51.452
zaf,sex_f,age_ythadult_yge25,geo_cov_urb,2008,24.905
zaf,sex_f,age_ythadult_yge25,geo_cov_urb,2009,26.108
zaf,sex_f,age_ythadult_yge25,geo_cov_urb,2010,28.838
zaf,sex_f,age_ythadult_yge25,geo_cov_urb,2011,29.118
zaf,sex_f,age_ythadult_yge25,geo_cov_urb,2012,28.789
zaf,sex_f,age_ythadult_yge25,geo_cov_urb,2013,28.484
zaf,sex_f,age_ythadult_yge25,geo_cov_urb,2014,29.145
zaf,sex_f,age_ythadult_yge25,geo_cov_urb,2015,29.548
zaf,sex_f,age_ythadult_yge25,geo_cov_urb,2016,30.678
zaf,sex_f,age_ythadult_yge25,geo_cov_urb,2017,30.681
zaf,sex_f,age_ythadult_yge25,geo_cov_urb,2018,31.574
zaf,sex_f,age_ythadult_yge25,geo_cov_urb,2019,32.708
zaf,sex_f,age_ythadult_yge25,geo_cov_urb,2020,36.45
zaf,sex_f,age_ythadult_yge25,geo_cov_urb,2021,39.876
zaf,sex_f,age_ythadult_yge25,geo_cov_urb,2022,37.776
zaf,sex_f,age_ythadult_yge25,geo_cov_urb,2023,36.041
zaf,sex_f,age_ythadult_yge25,geo_cov_urb,2024,36.691
zaf,sex_f,age_ythadult_yge25,geo_cov_x,2024,41.229
zaf,sex_m,age_aggregate_total,geo_cov_nat,2008,24.879
zaf,sex_m,age_aggregate_total,geo_cov_nat,2009,28.536
zaf,sex_m,age_aggregate_total,geo_cov_nat,2010,31.144
zaf,sex_m,age_aggregate_total,geo_cov_nat,2011,31.412
zaf,sex_m,age_aggregate_total,geo_cov_nat,2012,31.555
zaf,sex_m,age_aggregate_total,geo_cov_nat,2013,31.741
zaf,sex_m,age_aggregate_total,geo_cov_nat,2014,31.908
zaf,sex_m,age_aggregate_total,geo_cov_nat,2015,30.936
zaf,sex_m,age_aggregate_total,geo_cov_nat,2016,32.358
zaf,sex_m,age_aggregate_total,geo_cov_nat,2017,32.81
zaf,sex_m,age_aggregate_total,geo_cov_nat,2018,33.287
zaf,sex_m,age_aggregate_total,geo_cov_nat,2019,35.092
zaf,sex_m,age_aggregate_total,geo_cov_nat,2020,38.416
zaf,sex_m,age_aggregate_total,geo_cov_nat,2021,41.181
zaf,sex_m,age_aggregate_total,geo_cov_nat,2022,40.461
zaf,sex_m,age_aggregate_total,geo_cov_nat,2023,38.187
zaf,sex_m,age_aggregate_total,geo_cov_nat,2024,38.619
zaf,sex_m,age_aggregate_total,geo_cov_rur,2008,35.589
zaf,sex_m,age_aggregate_total,geo_cov_rur,2009,39.48
zaf,sex_m,age_aggregate_total,geo_cov_rur,2010,43.775
zaf,sex_m,age_aggregate_total,geo_cov_rur,2011,45.368
zaf,sex_m,age_aggregate_total,geo_cov_rur,2012,45.199
zaf,sex_m,age_aggregate_total,geo_cov_rur,2013,43.595
zaf,sex_m,age_aggregate_total,geo_cov_rur,2014,43.862
zaf,sex_m,age_aggregate_total,geo_cov_rur,2015,39.973
zaf,sex_m,age_aggregate_total,geo_cov_rur,2016,41.242
zaf,sex_m,age_aggregate_total,geo_cov_rur,2017,43.274
zaf,sex_m,age_aggregate_total,geo_cov_rur,2018,44.479
zaf,sex_m,age_aggregate_total,geo_cov_rur,2019,46.18
zaf,sex_m,age_aggregate_total,geo_cov_rur,2020,48.05
zaf,sex_m,age_aggregate_total,geo_cov_rur,2021,50.87
zaf,sex_m,age_aggregate_total,geo_cov_rur,2022,52.435
zaf,sex_m,age_aggregate_total,geo_cov_rur,2023,49.151
zaf,sex_m,age_aggregate_total,geo_cov_rur,2024,47.507
zaf,sex_m,age_aggregate_total,geo_cov_urb,2008,21.28
zaf,sex_m,age_aggregate_total,geo_cov_urb,2009,24.744
zaf,sex_m,age_aggregate_total,geo_cov_urb,2010,26.653
zaf,sex_m,age_aggregate_total,geo_cov_urb,2011,26.501
zaf,sex_m,age_aggregate_total,geo_cov_urb,2012,26.643
zaf,sex_m,age_aggregate_total,geo_cov_urb,2013,27.393
zaf,sex_m,age_aggregate_total,geo_cov_urb,2014,27.517
zaf,sex_m,age_aggregate_total,geo_cov_urb,2015,27.289
zaf,sex_m,age_aggregate_total,geo_cov_urb,2016,28.724
zaf,sex_m,age_aggregate_total,geo_cov_urb,2017,28.782
zaf,sex_m,age_aggregate_total,geo_cov_urb,2018,28.933
zaf,sex_m,age_aggregate_total,geo_cov_urb,2019,30.741
zaf,sex_m,age_aggregate_total,geo_cov_urb,2020,34.59
zaf,sex_m,age_aggregate_total,geo_cov_urb,2021,37.342
zaf,sex_m,age_aggregate_total,geo_cov_urb,2022,35.67
zaf,sex_m,age_aggregate_total,geo_cov_urb,2023,33.724
zaf,sex_m,age_aggregate_total,geo_cov_urb,2024,34.422
zaf,sex_m,age_aggregate_total,geo_cov_x,2024,38.695
zaf,sex_m,age_aggregate_y15_24,geo_cov_nat,2008,50.325
zaf,sex_m,age_aggregate_y15_24,geo_cov_nat,2009,55.992
zaf,sex_m,age_aggregate_y15_24,geo_cov_nat,2010,61.127
zaf,sex_m,age_aggregate_y15_24,geo_cov_nat,2011,60.923
zaf,sex_m,age_aggregate_y15_24,geo_cov_nat,2012,61.486
zaf,sex_m,age_aggregate_y15_24,geo_cov_nat,2013,61.92
zaf,sex_m,age_aggregate_y15_24,geo_cov_nat,2014,61.506
zaf,sex_m,age_aggregate_y15_24,geo_cov_nat,2015,58.431
zaf,sex_m,age_aggregate_y15_24,geo_cov_nat,2016,60.641
zaf,sex_m,age_aggregate_y15_24,geo_cov_nat,2017,60.816
zaf,sex_m,age_aggregate_y15_24,geo_cov_nat,2018,61.724
zaf,sex_m,age_aggregate_y15_24,geo_cov_nat,2019,65.431
zaf,sex_m,age_aggregate_y15_24,geo_cov_nat,2020,69.173
zaf,sex_m,age_aggregate_y15_24,geo_cov_nat,2021,71.98
zaf,sex_m,age_aggregate_y15_24,geo_cov_nat,2022,68.47
zaf,sex_m,age_aggregate_y15_24,geo_cov_nat,2023,66.414
zaf,sex_m,age_aggregate_y15_24,geo_cov_nat,2024,67.236
zaf,sex_m,age_aggregate_y15_24,geo_cov_rur,2008,60.562
zaf,sex_m,age_aggregate_y15_24,geo_cov_rur,2009,67.035
zaf,sex_m,age_aggregate_y15_24,geo_cov_rur,2010,71.677
zaf,sex_m,age_aggregate_y15_24,geo_cov_rur,2011,72.962
zaf,sex_m,age_aggregate_y15_24,geo_cov_rur,2012,74.263
zaf,sex_m,age_aggregate_y15_24,geo_cov_rur,2013,71.283
zaf,sex_m,age_aggregate_y15_24,geo_cov_rur,2014,71.363
zaf,sex_m,age_aggregate_y15_24,geo_cov_rur,2015,67.966
zaf,sex_m,age_aggregate_y15_24,geo_cov_rur,2016,67.885
zaf,sex_m,age_aggregate_y15_24,geo_cov_rur,2017,69.93
zaf,sex_m,age_aggregate_y15_24,geo_cov_rur,2018,71.196
zaf,sex_m,age_aggregate_y15_24,geo_cov_rur,2019,75.074
zaf,sex_m,age_aggregate_y15_24,geo_cov_rur,2020,76.259
zaf,sex_m,age_aggregate_y15_24,geo_cov_rur,2021,77.758
zaf,sex_m,age_aggregate_y15_24,geo_cov_rur,2022,73.35
zaf,sex_m,age_aggregate_y15_24,geo_cov_rur,2023,73.072
zaf,sex_m,age_aggregate_y15_24,geo_cov_rur,2024,73.124
zaf,sex_m,age_aggregate_y15_24,geo_cov_urb,2008,45.684
zaf,sex_m,age_aggregate_y15_24,geo_cov_urb,2009,50.276
zaf,sex_m,age_aggregate_y15_24,geo_cov_urb,2010,55.391
zaf,sex_m,age_aggregate_y15_24,geo_cov_urb,2011,54.368
zaf,sex_m,age_aggregate_y15_24,geo_cov_urb,2012,54.686
zaf,sex_m,age_aggregate_y15_24,geo_cov_urb,2013,56.788
zaf,sex_m,age_aggregate_y15_24,geo_cov_urb,2014,55.978
zaf,sex_m,age_aggregate_y15_24,geo_cov_urb,2015,52.914
zaf,sex_m,age_aggregate_y15_24,geo_cov_urb,2016,56.215
zaf,sex_m,age_aggregate_y15_24,geo_cov_urb,2017,55.841
zaf,sex_m,age_aggregate_y15_24,geo_cov_urb,2018,56.372
zaf,sex_m,age_aggregate_y15_24,geo_cov_urb,2019,60.008
zaf,sex_m,age_aggregate_y15_24,geo_cov_urb,2020,65.146
zaf,sex_m,age_aggregate_y15_24,geo_cov_urb,2021,68.682
zaf,sex_m,age_aggregate_y15_24,geo_cov_urb,2022,65.797
zaf,sex_m,age_aggregate_y15_24,geo_cov_urb,2023,62.574
zaf,sex_m,age_aggregate_y15_24,geo_cov_urb,2024,62.361
zaf,sex_m,age_aggregate_y15_24,geo_cov_x,2024,67.531
zaf,sex_m,age_aggregate_y25_54,geo_cov_nat,2008,20.315
zaf,sex_m,age_aggregate_y25_54,geo_cov_nat,2009,24.103
zaf,sex_m,age_aggregate_y25_54,geo_cov_nat,2010,26.174
zaf,sex_m,age_aggregate_y25_54,geo_cov_nat,2011,26.855
zaf,sex_m,age_aggregate_y25_54,geo_cov_nat,2012,26.997
zaf,sex_m,age_aggregate_y25_54,geo_cov_nat,2013,27.245
zaf,sex_m,age_aggregate_y25_54,geo_cov_nat,2014,27.861
zaf,sex_m,age_aggregate_y25_54,geo_cov_nat,2015,27.098
zaf,sex_m,age_aggregate_y25_54,geo_cov_nat,2016,28.542
zaf,sex_m,age_aggregate_y25_54,geo_cov_nat,2017,29.433
zaf,sex_m,age_aggregate_y25_54,geo_cov_nat,2018,30.014
zaf,sex_m,age_aggregate_y25_54,geo_cov_nat,2019,31.573
zaf,sex_m,age_aggregate_y25_54,geo_cov_nat,2020,35.586
zaf,sex_m,age_aggregate_y25_54,geo_cov_nat,2021,38.631
zaf,sex_m,age_aggregate_y25_54,geo_cov_nat,2022,37.797
zaf,sex_m,age_aggregate_y25_54,geo_cov_nat,2023,35.648
zaf,sex_m,age_aggregate_y25_54,geo_cov_nat,2024,36.144
zaf,sex_m,age_aggregate_y25_54,geo_cov_rur,2008,29.733
zaf,sex_m,age_aggregate_y25_54,geo_cov_rur,2009,32.877
zaf,sex_m,age_aggregate_y25_54,geo_cov_rur,2010,37.124
zaf,sex_m,age_aggregate_y25_54,geo_cov_rur,2011,38.801
zaf,sex_m,age_aggregate_y25_54,geo_cov_rur,2012,38.93
zaf,sex_m,age_aggregate_y25_54,geo_cov_rur,2013,37.857
zaf,sex_m,age_aggregate_y25_54,geo_cov_rur,2014,38.002
zaf,sex_m,age_aggregate_y25_54,geo_cov_rur,2015,34.442
zaf,sex_m,age_aggregate_y25_54,geo_cov_rur,2016,36.142
zaf,sex_m,age_aggregate_y25_54,geo_cov_rur,2017,38.837
zaf,sex_m,age_aggregate_y25_54,geo_cov_rur,2018,40.422
zaf,sex_m,age_aggregate_y25_54,geo_cov_rur,2019,41.609
zaf,sex_m,age_aggregate_y25_54,geo_cov_rur,2020,44.99
zaf,sex_m,age_aggregate_y25_54,geo_cov_rur,2021,47.841
zaf,sex_m,age_aggregate_y25_54,geo_cov_rur,2022,49.76
zaf,sex_m,age_aggregate_y25_54,geo_cov_rur,2023,46.321
zaf,sex_m,age_aggregate_y25_54,geo_cov_rur,2024,44.609
zaf,sex_m,age_aggregate_y25_54,geo_cov_urb,2008,17.388
zaf,sex_m,age_aggregate_y25_54,geo_cov_urb,2009,21.342
zaf,sex_m,age_aggregate_y25_54,geo_cov_urb,2010,22.616
zaf,sex_m,age_aggregate_y25_54,geo_cov_urb,2011,22.984
zaf,sex_m,age_aggregate_y25_54,geo_cov_urb,2012,22.983
zaf,sex_m,age_aggregate_y25_54,geo_cov_urb,2013,23.624
zaf,sex_m,age_aggregate_y25_54,geo_cov_urb,2014,24.381
zaf,sex_m,age_aggregate_y25_54,geo_cov_urb,2015,24.286
zaf,sex_m,age_aggregate_y25_54,geo_cov_urb,2016,25.602
zaf,sex_m,age_aggregate_y25_54,geo_cov_urb,2017,26.004
zaf,sex_m,age_aggregate_y25_54,geo_cov_urb,2018,26.177
zaf,sex_m,age_aggregate_y25_54,geo_cov_urb,2019,27.854
zaf,sex_m,age_aggregate_y25_54,geo_cov_urb,2020,32.029
zaf,sex_m,age_aggregate_y25_54,geo_cov_urb,2021,35.106
zaf,sex_m,age_aggregate_y25_54,geo_cov_urb,2022,33.157
zaf,sex_m,age_aggregate_y25_54,geo_cov_urb,2023,31.477
zaf,sex_m,age_aggregate_y25_54,geo_cov_urb,2024,32.349
zaf,sex_m,age_aggregate_y25_54,geo_cov_x,2024,36.198
zaf,sex_m,age_aggregate_y55_64,geo_cov_nat,2008,12.62
zaf,sex_m,age_aggregate_y55_64,geo_cov_nat,2009,12.459
zaf,sex_m,age_aggregate_y55_64,geo_cov_nat,2010,15.388
zaf,sex_m,age_aggregate_y55_64,geo_cov_nat,2011,13.485
zaf,sex_m,age_aggregate_y55_64,geo_cov_nat,2012,14.451
zaf,sex_m,age_aggregate_y55_64,geo_cov_nat,2013,15.045
zaf,sex_m,age_aggregate_y55_64,geo_cov_nat,2014,14.715
zaf,sex_m,age_aggregate_y55_64,geo_cov_nat,2015,16.592
zaf,sex_m,age_aggregate_y55_64,geo_cov_nat,2016,17.712
zaf,sex_m,age_aggregate_y55_64,geo_cov_nat,2017,16.176
zaf,sex_m,age_aggregate_y55_64,geo_cov_nat,2018,17.185
zaf,sex_m,age_aggregate_y55_64,geo_cov_nat,2019,18.945
zaf,sex_m,age_aggregate_y55_64,geo_cov_nat,2020,21.899
zaf,sex_m,age_aggregate_y55_64,geo_cov_nat,2021,23.156
zaf,sex_m,age_aggregate_y55_64,geo_cov_nat,2022,21.822
zaf,sex_m,age_aggregate_y55_64,geo_cov_nat,2023,19.746
zaf,sex_m,age_aggregate_y55_64,geo_cov_nat,2024,20.011
zaf,sex_m,age_aggregate_y55_64,geo_cov_rur,2008,21.535
zaf,sex_m,age_aggregate_y55_64,geo_cov_rur,2009,20.828
zaf,sex_m,age_aggregate_y55_64,geo_cov_rur,2010,21.886
zaf,sex_m,age_aggregate_y55_64,geo_cov_rur,2011,23.264
zaf,sex_m,age_aggregate_y55_64,geo_cov_rur,2012,20.745
zaf,sex_m,age_aggregate_y55_64,geo_cov_rur,2013,19.358
zaf,sex_m,age_aggregate_y55_64,geo_cov_rur,2014,24.089
zaf,sex_m,age_aggregate_y55_64,geo_cov_rur,2015,20.281
zaf,sex_m,age_aggregate_y55_64,geo_cov_rur,2016,21.177
zaf,sex_m,age_aggregate_y55_64,geo_cov_rur,2017,22.206
zaf,sex_m,age_aggregate_y55_64,geo_cov_rur,2018,21.436
zaf,sex_m,age_aggregate_y55_64,geo_cov_rur,2019,26.02
zaf,sex_m,age_aggregate_y55_64,geo_cov_rur,2020,22.961
zaf,sex_m,age_aggregate_y55_64,geo_cov_rur,2021,28.036
zaf,sex_m,age_aggregate_y55_64,geo_cov_rur,2022,33.158
zaf,sex_m,age_aggregate_y55_64,geo_cov_rur,2023,27.224
zaf,sex_m,age_aggregate_y55_64,geo_cov_rur,2024,26.02
zaf,sex_m,age_aggregate_y55_64,geo_cov_urb,2008,9.547
zaf,sex_m,age_aggregate_y55_64,geo_cov_urb,2009,9.682
zaf,sex_m,age_aggregate_y55_64,geo_cov_urb,2010,13.374
zaf,sex_m,age_aggregate_y55_64,geo_cov_urb,2011,10.823
zaf,sex_m,age_aggregate_y55_64,geo_cov_urb,2012,12.666
zaf,sex_m,age_aggregate_y55_64,geo_cov_urb,2013,13.714
zaf,sex_m,age_aggregate_y55_64,geo_cov_urb,2014,12.069
zaf,sex_m,age_aggregate_y55_64,geo_cov_urb,2015,15.416
zaf,sex_m,age_aggregate_y55_64,geo_cov_urb,2016,16.634
zaf,sex_m,age_aggregate_y55_64,geo_cov_urb,2017,14.211
zaf,sex_m,age_aggregate_y55_64,geo_cov_urb,2018,15.797
zaf,sex_m,age_aggregate_y55_64,geo_cov_urb,2019,16.423
zaf,sex_m,age_aggregate_y55_64,geo_cov_urb,2020,21.532
zaf,sex_m,age_aggregate_y55_64,geo_cov_urb,2021,21.645
zaf,sex_m,age_aggregate_y55_64,geo_cov_urb,2022,18.262
zaf,sex_m,age_aggregate_y55_64,geo_cov_urb,2023,17.254
zaf,sex_m,age_aggregate_y55_64,geo_cov_urb,2024,17.716
zaf,sex_m,age_aggregate_y55_64,geo_cov_x,2024,20.039
zaf,sex_m,age_aggregate_yge65,geo_cov_nat,2008,13.151
zaf,sex_m,age_aggregate_yge65,geo_cov_nat,2009,8.4
zaf,sex_m,age_aggregate_yge65,geo_cov_nat,2010,8.503
zaf,sex_m,age_aggregate_yge65,geo_cov_nat,2011,11.091
zaf,sex_m,age_aggregate_yge65,geo_cov_nat,2012,9.972
zaf,sex_m,age_aggregate_yge65,geo_cov_nat,2013,7.806
zaf,sex_m,age_aggregate_yge65,geo_cov_nat,2014,9.673
zaf,sex_m,age_aggregate_yge65,geo_cov_nat,2015,8.171
zaf,sex_m,age_aggregate_yge65,geo_cov_nat,2016,9.524
zaf,sex_m,age_aggregate_yge65,geo_cov_nat,2017,11.408
zaf,sex_m,age_aggregate_yge65,geo_cov_nat,2018,9.02
zaf,sex_m,age_aggregate_yge65,geo_cov_nat,2019,11.02
zaf,sex_m,age_aggregate_yge65,geo_cov_nat,2020,9.166
zaf,sex_m,age_aggregate_yge65,geo_cov_nat,2021,9.347
zaf,sex_m,age_aggregate_yge65,geo_cov_nat,2022,9.826
zaf,sex_m,age_aggregate_yge65,geo_cov_nat,2023,8.816
zaf,sex_m,age_aggregate_yge65,geo_cov_nat,2024,9.626
zaf,sex_m,age_aggregate_yge65,geo_cov_rur,2008,15.611
zaf,sex_m,age_aggregate_yge65,geo_cov_rur,2009,9.652
zaf,sex_m,age_aggregate_yge65,geo_cov_rur,2010,11.335
zaf,sex_m,age_aggregate_yge65,geo_cov_rur,2011,19.476
zaf,sex_m,age_aggregate_yge65,geo_cov_rur,2012,16.327
zaf,sex_m,age_aggregate_yge65,geo_cov_rur,2013,14.69
zaf,sex_m,age_aggregate_yge65,geo_cov_rur,2014,19.744
zaf,sex_m,age_aggregate_yge65,geo_cov_rur,2015,19.615
zaf,sex_m,age_aggregate_yge65,geo_cov_rur,2016,10.145
zaf,sex_m,age_aggregate_yge65,geo_cov_rur,2017,19.212
zaf,sex_m,age_aggregate_yge65,geo_cov_rur,2018,10.116
zaf,sex_m,age_aggregate_yge65,geo_cov_rur,2019,14.132
zaf,sex_m,age_aggregate_yge65,geo_cov_rur,2020,14.978
zaf,sex_m,age_aggregate_yge65,geo_cov_rur,2021,10.31
zaf,sex_m,age_aggregate_yge65,geo_cov_rur,2022,19.287
zaf,sex_m,age_aggregate_yge65,geo_cov_rur,2023,9.215
zaf,sex_m,age_aggregate_yge65,geo_cov_rur,2024,12.308
zaf,sex_m,age_aggregate_yge65,geo_cov_urb,2008,12.264
zaf,sex_m,age_aggregate_yge65,geo_cov_urb,2009,7.921
zaf,sex_m,age_aggregate_yge65,geo_cov_urb,2010,7.698
zaf,sex_m,age_aggregate_yge65,geo_cov_urb,2011,8.358
zaf,sex_m,age_aggregate_yge65,geo_cov_urb,2012,8.173
zaf,sex_m,age_aggregate_yge65,geo_cov_urb,2013,6.171
zaf,sex_m,age_aggregate_yge65,geo_cov_urb,2014,6.536
zaf,sex_m,age_aggregate_yge65,geo_cov_urb,2015,4.781
zaf,sex_m,age_aggregate_yge65,geo_cov_urb,2016,9.349
zaf,sex_m,age_aggregate_yge65,geo_cov_urb,2017,8.638
zaf,sex_m,age_aggregate_yge65,geo_cov_urb,2018,8.685
zaf,sex_m,age_aggregate_yge65,geo_cov_urb,2019,10.035
zaf,sex_m,age_aggregate_yge65,geo_cov_urb,2020,6.298
zaf,sex_m,age_aggregate_yge65,geo_cov_urb,2021,9.032
zaf,sex_m,age_aggregate_yge65,geo_cov_urb,2022,7.472
zaf,sex_m,age_aggregate_yge65,geo_cov_urb,2023,8.679
zaf,sex_m,age_aggregate_yge65,geo_cov_urb,2024,9.382
zaf,sex_m,age_aggregate_yge65,geo_cov_x,2024,9.438
zaf,sex_m,age_ythadult_y15_24,geo_cov_nat,2008,50.325
zaf,sex_m,age_ythadult_y15_24,geo_cov_nat,2009,55.992
zaf,sex_m,age_ythadult_y15_24,geo_cov_nat,2010,61.127
zaf,sex_m,age_ythadult_y15_24,geo_cov_nat,2011,60.923
zaf,sex_m,age_ythadult_y15_24,geo_cov_nat,2012,61.486
zaf,sex_m,age_ythadult_y15_24,geo_cov_nat,2013,61.92
zaf,sex_m,age_ythadult_y15_24,geo_cov_nat,2014,61.506
zaf,sex_m,age_ythadult_y15_24,geo_cov_nat,2015,58.431
zaf,sex_m,age_ythadult_y15_24,geo_cov_nat,2016,60.641
zaf,sex_m,age_ythadult_y15_24,geo_cov_nat,2017,60.816
zaf,sex_m,age_ythadult_y15_24,geo_cov_nat,2018,61.724
zaf,sex_m,age_ythadult_y15_24,geo_cov_nat,2019,65.431
zaf,sex_m,age_ythadult_y15_24,geo_cov_nat,2020,69.173
zaf,sex_m,age_ythadult_y15_24,geo_cov_nat,2021,71.98
zaf,sex_m,age_ythadult_y15_24,geo_cov_nat,2022,68.47
zaf,sex_m,age_ythadult_y15_24,geo_cov_nat,2023,66.414
zaf,sex_m,age_ythadult_y15_24,geo_cov_nat,2024,67.236
zaf,sex_m,age_ythadult_y15_24,geo_cov_rur,2008,60.562
zaf,sex_m,age_ythadult_y15_24,geo_cov_rur,2009,67.035
zaf,sex_m,age_ythadult_y15_24,geo_cov_rur,2010,71.677
zaf,sex_m,age_ythadult_y15_24,geo_cov_rur,2011,72.962
zaf,sex_m,age_ythadult_y15_24,geo_cov_rur,2012,74.263
zaf,sex_m,age_ythadult_y15_24,geo_cov_rur,2013,71.283
zaf,sex_m,age_ythadult_y15_24,geo_cov_rur,2014,71.363
zaf,sex_m,age_ythadult_y15_24,geo_cov_rur,2015,67.966
zaf,sex_m,age_ythadult_y15_24,geo_cov_rur,2016,67.885
zaf,sex_m,age_ythadult_y15_24,geo_cov_rur,2017,69.93
zaf,sex_m,age_ythadult_y15_24,geo_cov_rur,2018,71.196
zaf,sex_m,age_ythadult_y15_24,geo_cov_rur,2019,75.074
zaf,sex_m,age_ythadult_y15_24,geo_cov_rur,2020,76.259
zaf,sex_m,age_ythadult_y15_24,geo_cov_rur,2021,77.758
zaf,sex_m,age_ythadult_y15_24,geo_cov_rur,2022,73.35
zaf,sex_m,age_ythadult_y15_24,geo_cov_rur,2023,73.072
zaf,sex_m,age_ythadult_y15_24,geo_cov_rur,2024,73.124
zaf,sex_m,age_ythadult_y15_24,geo_cov_urb,2008,45.684
zaf,sex_m,age_ythadult_y15_24,geo_cov_urb,2009,50.276
zaf,sex_m,age_ythadult_y15_24,geo_cov_urb,2010,55.391
zaf,sex_m,age_ythadult_y15_24,geo_cov_urb,2011,54.368
zaf,sex_m,age_ythadult_y15_24,geo_cov_urb,2012,54.686
zaf,sex_m,age_ythadult_y15_24,geo_cov_urb,2013,56.788
zaf,sex_m,age_ythadult_y15_24,geo_cov_urb,2014,55.978
zaf,sex_m,age_ythadult_y15_24,geo_cov_urb,2015,52.914
zaf,sex_m,age_ythadult_y15_24,geo_cov_urb,2016,56.215
zaf,sex_m,age_ythadult_y15_24,geo_cov_urb,2017,55.841
zaf,sex_m,age_ythadult_y15_24,geo_cov_urb,2018,56.372
zaf,sex_m,age_ythadult_y15_24,geo_cov_urb,2019,60.008
zaf,sex_m,age_ythadult_y15_24,geo_cov_urb,2020,65.146
zaf,sex_m,age_ythadult_y15_24,geo_cov_urb,2021,68.682
zaf,sex_m,age_ythadult_y15_24,geo_cov_urb,2022,65.797
zaf,sex_m,age_ythadult_y15_24,geo_cov_urb,2023,62.574
zaf,sex_m,age_ythadult_y15_24,geo_cov_urb,2024,62.361
zaf,sex_m,age_ythadult_y15_24,geo_cov_x,2024,67.531
zaf,sex_m,age_ythadult_y15_64,geo_cov_nat,2008,24.998
zaf,sex_m,age_ythadult_y15_64,geo_cov_nat,2009,28.7
zaf,sex_m,age_ythadult_y15_64,geo_cov_nat,2010,31.336
zaf,sex_m,age_ythadult_y15_64,geo_cov_nat,2011,31.554
zaf,sex_m,age_ythadult_y15_64,geo_cov_nat,2012,31.719
zaf,sex_m,age_ythadult_y15_64,geo_cov_nat,2013,31.946
zaf,sex_m,age_ythadult_y15_64,geo_cov_nat,2014,32.096
zaf,sex_m,age_ythadult_y15_64,geo_cov_nat,2015,31.143
zaf,sex_m,age_ythadult_y15_64,geo_cov_nat,2016,32.58
zaf,sex_m,age_ythadult_y15_64,geo_cov_nat,2017,33.025
zaf,sex_m,age_ythadult_y15_64,geo_cov_nat,2018,33.517
zaf,sex_m,age_ythadult_y15_64,geo_cov_nat,2019,35.342
zaf,sex_m,age_ythadult_y15_64,geo_cov_nat,2020,38.67
zaf,sex_m,age_ythadult_y15_64,geo_cov_nat,2021,41.455
zaf,sex_m,age_ythadult_y15_64,geo_cov_nat,2022,40.728
zaf,sex_m,age_ythadult_y15_64,geo_cov_nat,2023,38.459
zaf,sex_m,age_ythadult_y15_64,geo_cov_nat,2024,38.912
zaf,sex_m,age_ythadult_y15_64,geo_cov_rur,2008,35.803
zaf,sex_m,age_ythadult_y15_64,geo_cov_rur,2009,39.741
zaf,sex_m,age_ythadult_y15_64,geo_cov_rur,2010,44.007
zaf,sex_m,age_ythadult_y15_64,geo_cov_rur,2011,45.54
zaf,sex_m,age_ythadult_y15_64,geo_cov_rur,2012,45.381
zaf,sex_m,age_ythadult_y15_64,geo_cov_rur,2013,43.771
zaf,sex_m,age_ythadult_y15_64,geo_cov_rur,2014,44.042
zaf,sex_m,age_ythadult_y15_64,geo_cov_rur,2015,40.12
zaf,sex_m,age_ythadult_y15_64,geo_cov_rur,2016,41.471
zaf,sex_m,age_ythadult_y15_64,geo_cov_rur,2017,43.501
zaf,sex_m,age_ythadult_y15_64,geo_cov_rur,2018,44.751
zaf,sex_m,age_ythadult_y15_64,geo_cov_rur,2019,46.463
zaf,sex_m,age_ythadult_y15_64,geo_cov_rur,2020,48.384
zaf,sex_m,age_ythadult_y15_64,geo_cov_rur,2021,51.173
zaf,sex_m,age_ythadult_y15_64,geo_cov_rur,2022,52.636
zaf,sex_m,age_ythadult_y15_64,geo_cov_rur,2023,49.477
zaf,sex_m,age_ythadult_y15_64,geo_cov_rur,2024,47.834
zaf,sex_m,age_ythadult_y15_64,geo_cov_urb,2008,21.369
zaf,sex_m,age_ythadult_y15_64,geo_cov_urb,2009,24.877
zaf,sex_m,age_ythadult_y15_64,geo_cov_urb,2010,26.823
zaf,sex_m,age_ythadult_y15_64,geo_cov_urb,2011,26.631
zaf,sex_m,age_ythadult_y15_64,geo_cov_urb,2012,26.792
zaf,sex_m,age_ythadult_y15_64,geo_cov_urb,2013,27.593
zaf,sex_m,age_ythadult_y15_64,geo_cov_urb,2014,27.702
zaf,sex_m,age_ythadult_y15_64,geo_cov_urb,2015,27.511
zaf,sex_m,age_ythadult_y15_64,geo_cov_urb,2016,28.932
zaf,sex_m,age_ythadult_y15_64,geo_cov_urb,2017,28.988
zaf,sex_m,age_ythadult_y15_64,geo_cov_urb,2018,29.137
zaf,sex_m,age_ythadult_y15_64,geo_cov_urb,2019,30.968
zaf,sex_m,age_ythadult_y15_64,geo_cov_urb,2020,34.82
zaf,sex_m,age_ythadult_y15_64,geo_cov_urb,2021,37.598
zaf,sex_m,age_ythadult_y15_64,geo_cov_urb,2022,35.946
zaf,sex_m,age_ythadult_y15_64,geo_cov_urb,2023,33.967
zaf,sex_m,age_ythadult_y15_64,geo_cov_urb,2024,34.677
zaf,sex_m,age_ythadult_y15_64,geo_cov_x,2024,38.992
zaf,sex_m,age_ythadult_yge15,geo_cov_nat,2008,24.879
zaf,sex_m,age_ythadult_yge15,geo_cov_nat,2009,28.536
zaf,sex_m,age_ythadult_yge15,geo_cov_nat,2010,31.144
zaf,sex_m,age_ythadult_yge15,geo_cov_nat,2011,31.412
zaf,sex_m,age_ythadult_yge15,geo_cov_nat,2012,31.555
zaf,sex_m,age_ythadult_yge15,geo_cov_nat,2013,31.741
zaf,sex_m,age_ythadult_yge15,geo_cov_nat,2014,31.908
zaf,sex_m,age_ythadult_yge15,geo_cov_nat,2015,30.936
zaf,sex_m,age_ythadult_yge15,geo_cov_nat,2016,32.358
zaf,sex_m,age_ythadult_yge15,geo_cov_nat,2017,32.81
zaf,sex_m,age_ythadult_yge15,geo_cov_nat,2018,33.287
zaf,sex_m,age_ythadult_yge15,geo_cov_nat,2019,35.092
zaf,sex_m,age_ythadult_yge15,geo_cov_nat,2020,38.416
zaf,sex_m,age_ythadult_yge15,geo_cov_nat,2021,41.181
zaf,sex_m,age_ythadult_yge15,geo_cov_nat,2022,40.461
zaf,sex_m,age_ythadult_yge15,geo_cov_nat,2023,38.187
zaf,sex_m,age_ythadult_yge15,geo_cov_nat,2024,38.619
zaf,sex_m,age_ythadult_yge15,geo_cov_rur,2008,35.589
zaf,sex_m,age_ythadult_yge15,geo_cov_rur,2009,39.48
zaf,sex_m,age_ythadult_yge15,geo_cov_rur,2010,43.775
zaf,sex_m,age_ythadult_yge15,geo_cov_rur,2011,45.368
zaf,sex_m,age_ythadult_yge15,geo_cov_rur,2012,45.199
zaf,sex_m,age_ythadult_yge15,geo_cov_rur,2013,43.595
zaf,sex_m,age_ythadult_yge15,geo_cov_rur,2014,43.862
zaf,sex_m,age_ythadult_yge15,geo_cov_rur,2015,39.973
zaf,sex_m,age_ythadult_yge15,geo_cov_rur,2016,41.242
zaf,sex_m,age_ythadult_yge15,geo_cov_rur,2017,43.274
zaf,sex_m,age_ythadult_yge15,geo_cov_rur,2018,44.479
zaf,sex_m,age_ythadult_yge15,geo_cov_rur,2019,46.18
zaf,sex_m,age_ythadult_yge15,geo_cov_rur,2020,48.05
zaf,sex_m,age_ythadult_yge15,geo_cov_rur,2021,50.87
zaf,sex_m,age_ythadult_yge15,geo_cov_rur,2022,52.435
zaf,sex_m,age_ythadult_yge15,geo_cov_rur,2023,49.151
zaf,sex_m,age_ythadult_yge15,geo_cov_rur,2024,47.507
zaf,sex_m,age_ythadult_yge15,geo_cov_urb,2008,21.28
zaf,sex_m,age_ythadult_yge15,geo_cov_urb,2009,24.744
zaf,sex_m,age_ythadult_yge15,geo_cov_urb,2010,26.653
zaf,sex_m,age_ythadult_yge15,geo_cov_urb,2011,26.501
zaf,sex_m,age_ythadult_yge15,geo_cov_urb,2012,26.643
zaf,sex_m,age_ythadult_yge15,geo_cov_urb,2013,27.393
zaf,sex_m,age_ythadult_yge15,geo_cov_urb,2014,27.517
zaf,sex_m,age_ythadult_yge15,geo_cov_urb,2015,27.289
zaf,sex_m,age_ythadult_yge15,geo_cov_urb,2016,28.724
zaf,sex_m,age_ythadult_yge15,geo_cov_urb,2017,28.782
zaf,sex_m,age_ythadult_yge15,geo_cov_urb,2018,28.933
zaf,sex_m,age_ythadult_yge15,geo_cov_urb,2019,30.741
zaf,sex_m,age_ythadult_yge15,geo_cov_urb,2020,34.59
zaf,sex_m,age_ythadult_yge15,geo_cov_urb,2021,37.342
zaf,sex_m,age_ythadult_yge15,geo_cov_urb,2022,35.67
zaf,sex_m,age_ythadult_yge15,geo_cov_urb,2023,33.724
zaf,sex_m,age_ythadult_yge15,geo_cov_urb,2024,34.422
zaf,sex_m,age_ythadult_yge15,geo_cov_x,2024,38.695
zaf,sex_m,age_ythadult_yge25,geo_cov_nat,2008,19.597
zaf,sex_m,age_ythadult_yge25,geo_cov_nat,2009,23.001
zaf,sex_m,age_ythadult_yge25,geo_cov_nat,2010,25.144
zaf,sex_m,age_ythadult_yge25,geo_cov_nat,2011,25.666
zaf,sex_m,age_ythadult_yge25,geo_cov_nat,2012,25.858
zaf,sex_m,age_ythadult_yge25,geo_cov_nat,2013,26.065
zaf,sex_m,age_ythadult_yge25,geo_cov_nat,2014,26.586
zaf,sex_m,age_ythadult_yge25,geo_cov_nat,2015,26.03
zaf,sex_m,age_ythadult_yge25,geo_cov_nat,2016,27.437
zaf,sex_m,age_ythadult_yge25,geo_cov_nat,2017,28.094
zaf,sex_m,age_ythadult_yge25,geo_cov_nat,2018,28.701
zaf,sex_m,age_ythadult_yge25,geo_cov_nat,2019,30.262
zaf,sex_m,age_ythadult_yge25,geo_cov_nat,2020,34.17
zaf,sex_m,age_ythadult_yge25,geo_cov_nat,2021,37.089
zaf,sex_m,age_ythadult_yge25,geo_cov_nat,2022,36.263
zaf,sex_m,age_ythadult_yge25,geo_cov_nat,2023,34.092
zaf,sex_m,age_ythadult_yge25,geo_cov_nat,2024,34.482
zaf,sex_m,age_ythadult_yge25,geo_cov_rur,2008,28.822
zaf,sex_m,age_ythadult_yge25,geo_cov_rur,2009,31.6
zaf,sex_m,age_ythadult_yge25,geo_cov_rur,2010,35.724
zaf,sex_m,age_ythadult_yge25,geo_cov_rur,2011,37.551
zaf,sex_m,age_ythadult_yge25,geo_cov_rur,2012,37.482
zaf,sex_m,age_ythadult_yge25,geo_cov_rur,2013,36.285
zaf,sex_m,age_ythadult_yge25,geo_cov_rur,2014,36.821
zaf,sex_m,age_ythadult_yge25,geo_cov_rur,2015,33.278
zaf,sex_m,age_ythadult_yge25,geo_cov_rur,2016,34.845
zaf,sex_m,age_ythadult_yge25,geo_cov_rur,2017,37.3
zaf,sex_m,age_ythadult_yge25,geo_cov_rur,2018,38.654
zaf,sex_m,age_ythadult_yge25,geo_cov_rur,2019,40.033
zaf,sex_m,age_ythadult_yge25,geo_cov_rur,2020,42.888
zaf,sex_m,age_ythadult_yge25,geo_cov_rur,2021,46.118
zaf,sex_m,age_ythadult_yge25,geo_cov_rur,2022,48.408
zaf,sex_m,age_ythadult_yge25,geo_cov_rur,2023,44.59
zaf,sex_m,age_ythadult_yge25,geo_cov_rur,2024,42.858
zaf,sex_m,age_ythadult_yge25,geo_cov_urb,2008,16.699
zaf,sex_m,age_ythadult_yge25,geo_cov_urb,2009,20.278
zaf,sex_m,age_ythadult_yge25,geo_cov_urb,2010,21.724
zaf,sex_m,age_ythadult_yge25,geo_cov_urb,2011,21.864
zaf,sex_m,age_ythadult_yge25,geo_cov_urb,2012,22.004
zaf,sex_m,age_ythadult_yge25,geo_cov_urb,2013,22.617
zaf,sex_m,age_ythadult_yge25,geo_cov_urb,2014,23.131
zaf,sex_m,age_ythadult_yge25,geo_cov_urb,2015,23.302
zaf,sex_m,age_ythadult_yge25,geo_cov_urb,2016,24.63
zaf,sex_m,age_ythadult_yge25,geo_cov_urb,2017,24.77
zaf,sex_m,age_ythadult_yge25,geo_cov_urb,2018,25.076
zaf,sex_m,age_ythadult_yge25,geo_cov_urb,2019,26.66
zaf,sex_m,age_ythadult_yge25,geo_cov_urb,2020,30.888
zaf,sex_m,age_ythadult_yge25,geo_cov_urb,2021,33.694
zaf,sex_m,age_ythadult_yge25,geo_cov_urb,2022,31.644
zaf,sex_m,age_ythadult_yge25,geo_cov_urb,2023,30.046
zaf,sex_m,age_ythadult_yge25,geo_cov_urb,2024,30.823
zaf,sex_m,age_ythadult_yge25,geo_cov_x,2024,34.524
zaf,sex_t,age_aggregate_total,geo_cov_nat,2008,29.527
zaf,sex_t,age_aggregate_total,geo_cov_nat,2009,32.221
zaf,sex_t,age_aggregate_total,geo_cov_nat,2010,35.161
zaf,sex_t,age_aggregate_total,geo_cov_nat,2011,35.439
zaf,sex_t,age_aggregate_total,geo_cov_nat,2012,35.437
zaf,sex_t,age_aggregate_total,geo_cov_nat,2013,35.073
zaf,sex_t,age_aggregate_total,geo_cov_nat,2014,35.089
zaf,sex_t,age_aggregate_total,geo_cov_nat,2015,34.598
zaf,sex_t,age_aggregate_total,geo_cov_nat,2016,35.93
zaf,sex_t,age_aggregate_total,geo_cov_nat,2017,36.209
zaf,sex_t,age_aggregate_total,geo_cov_nat,2018,36.809
zaf,sex_t,age_aggregate_total,geo_cov_nat,2019,38.216
zaf,sex_t,age_aggregate_total,geo_cov_nat,2020,41.621
zaf,sex_t,age_aggregate_total,geo_cov_nat,2021,44.881
zaf,sex_t,age_aggregate_total,geo_cov_nat,2022,43.634
zaf,sex_t,age_aggregate_total,geo_cov_nat,2023,41.445
zaf,sex_t,age_aggregate_total,geo_cov_nat,2024,41.795
zaf,sex_t,age_aggregate_total,geo_cov_rur,2008,41.161
zaf,sex_t,age_aggregate_total,geo_cov_rur,2009,44.416
zaf,sex_t,age_aggregate_total,geo_cov_rur,2010,48.609
zaf,sex_t,age_aggregate_total,geo_cov_rur,2011,49.882
zaf,sex_t,age_aggregate_total,geo_cov_rur,2012,49.553
zaf,sex_t,age_aggregate_total,geo_cov_rur,2013,47.661
zaf,sex_t,age_aggregate_total,geo_cov_rur,2014,47.275
zaf,sex_t,age_aggregate_total,geo_cov_rur,2015,44.738
zaf,sex_t,age_aggregate_total,geo_cov_rur,2016,45.938
zaf,sex_t,age_aggregate_total,geo_cov_rur,2017,47.482
zaf,sex_t,age_aggregate_total,geo_cov_rur,2018,48.407
zaf,sex_t,age_aggregate_total,geo_cov_rur,2019,49.305
zaf,sex_t,age_aggregate_total,geo_cov_rur,2020,52.311
zaf,sex_t,age_aggregate_total,geo_cov_rur,2021,55.416
zaf,sex_t,age_aggregate_total,geo_cov_rur,2022,55.669
zaf,sex_t,age_aggregate_total,geo_cov_rur,2023,52.941
zaf,sex_t,age_aggregate_total,geo_cov_rur,2024,51.641
zaf,sex_t,age_aggregate_total,geo_cov_urb,2008,25.289
zaf,sex_t,age_aggregate_total,geo_cov_urb,2009,27.705
zaf,sex_t,age_aggregate_total,geo_cov_urb,2010,30.069
zaf,sex_t,age_aggregate_total,geo_cov_urb,2011,30.032
zaf,sex_t,age_aggregate_total,geo_cov_urb,2012,30.039
zaf,sex_t,age_aggregate_total,geo_cov_urb,2013,30.263
zaf,sex_t,age_aggregate_total,geo_cov_urb,2014,30.445
zaf,sex_t,age_aggregate_total,geo_cov_urb,2015,30.431
zaf,sex_t,age_aggregate_total,geo_cov_urb,2016,31.78
zaf,sex_t,age_aggregate_total,geo_cov_urb,2017,31.68
zaf,sex_t,age_aggregate_total,geo_cov_urb,2018,32.159
zaf,sex_t,age_aggregate_total,geo_cov_urb,2019,33.721
zaf,sex_t,age_aggregate_total,geo_cov_urb,2020,37.195
zaf,sex_t,age_aggregate_total,geo_cov_urb,2021,40.499
zaf,sex_t,age_aggregate_total,geo_cov_urb,2022,38.631
zaf,sex_t,age_aggregate_total,geo_cov_urb,2023,36.632
zaf,sex_t,age_aggregate_total,geo_cov_urb,2024,37.197
zaf,sex_t,age_aggregate_total,geo_cov_x,2024,41.842
zaf,sex_t,age_aggregate_y15_24,geo_cov_nat,2008,55.392
zaf,sex_t,age_aggregate_y15_24,geo_cov_nat,2009,60.123
zaf,sex_t,age_aggregate_y15_24,geo_cov_nat,2010,64.939
zaf,sex_t,age_aggregate_y15_24,geo_cov_nat,2011,64.982
zaf,sex_t,age_aggregate_y15_24,geo_cov_nat,2012,65.955
zaf,sex_t,age_aggregate_y15_24,geo_cov_nat,2013,65.464
zaf,sex_t,age_aggregate_y15_24,geo_cov_nat,2014,65.019
zaf,sex_t,age_aggregate_y15_24,geo_cov_nat,2015,62.841
zaf,sex_t,age_aggregate_y15_24,geo_cov_nat,2016,65.737
zaf,sex_t,age_aggregate_y15_24,geo_cov_nat,2017,65.259
zaf,sex_t,age_aggregate_y15_24,geo_cov_nat,2018,66.653
zaf,sex_t,age_aggregate_y15_24,geo_cov_nat,2019,69.252
zaf,sex_t,age_aggregate_y15_24,geo_cov_nat,2020,72.67
zaf,sex_t,age_aggregate_y15_24,geo_cov_nat,2021,76.043
zaf,sex_t,age_aggregate_y15_24,geo_cov_nat,2022,72.214
zaf,sex_t,age_aggregate_y15_24,geo_cov_nat,2023,69.623
zaf,sex_t,age_aggregate_y15_24,geo_cov_nat,2024,70.342
zaf,sex_t,age_aggregate_y15_24,geo_cov_rur,2008,66.152
zaf,sex_t,age_aggregate_y15_24,geo_cov_rur,2009,72.02
zaf,sex_t,age_aggregate_y15_24,geo_cov_rur,2010,76.115
zaf,sex_t,age_aggregate_y15_24,geo_cov_rur,2011,77.099
zaf,sex_t,age_aggregate_y15_24,geo_cov_rur,2012,79.041
zaf,sex_t,age_aggregate_y15_24,geo_cov_rur,2013,76.217
zaf,sex_t,age_aggregate_y15_24,geo_cov_rur,2014,75.848
zaf,sex_t,age_aggregate_y15_24,geo_cov_rur,2015,72.872
zaf,sex_t,age_aggregate_y15_24,geo_cov_rur,2016,74.63
zaf,sex_t,age_aggregate_y15_24,geo_cov_rur,2017,75.789
zaf,sex_t,age_aggregate_y15_24,geo_cov_rur,2018,77.599
zaf,sex_t,age_aggregate_y15_24,geo_cov_rur,2019,79.211
zaf,sex_t,age_aggregate_y15_24,geo_cov_rur,2020,80.598
zaf,sex_t,age_aggregate_y15_24,geo_cov_rur,2021,81.703
zaf,sex_t,age_aggregate_y15_24,geo_cov_rur,2022,78.005
zaf,sex_t,age_aggregate_y15_24,geo_cov_rur,2023,76.726
zaf,sex_t,age_aggregate_y15_24,geo_cov_rur,2024,77.851
zaf,sex_t,age_aggregate_y15_24,geo_cov_urb,2008,50.432
zaf,sex_t,age_aggregate_y15_24,geo_cov_urb,2009,54.078
zaf,sex_t,age_aggregate_y15_24,geo_cov_urb,2010,58.921
zaf,sex_t,age_aggregate_y15_24,geo_cov_urb,2011,58.326
zaf,sex_t,age_aggregate_y15_24,geo_cov_urb,2012,58.995
zaf,sex_t,age_aggregate_y15_24,geo_cov_urb,2013,59.729
zaf,sex_t,age_aggregate_y15_24,geo_cov_urb,2014,59.167
zaf,sex_t,age_aggregate_y15_24,geo_cov_urb,2015,57.22
zaf,sex_t,age_aggregate_y15_24,geo_cov_urb,2016,60.448
zaf,sex_t,age_aggregate_y15_24,geo_cov_urb,2017,59.504
zaf,sex_t,age_aggregate_y15_24,geo_cov_urb,2018,60.557
zaf,sex_t,age_aggregate_y15_24,geo_cov_urb,2019,63.758
zaf,sex_t,age_aggregate_y15_24,geo_cov_urb,2020,67.983
zaf,sex_t,age_aggregate_y15_24,geo_cov_urb,2021,72.831
zaf,sex_t,age_aggregate_y15_24,geo_cov_urb,2022,69.07
zaf,sex_t,age_aggregate_y15_24,geo_cov_urb,2023,65.65
zaf,sex_t,age_aggregate_y15_24,geo_cov_urb,2024,64.978
zaf,sex_t,age_aggregate_y15_24,geo_cov_x,2024,70.555
zaf,sex_t,age_aggregate_y25_54,geo_cov_nat,2008,25.204
zaf,sex_t,age_aggregate_y25_54,geo_cov_nat,2009,27.885
zaf,sex_t,age_aggregate_y25_54,geo_cov_nat,2010,30.494
zaf,sex_t,age_aggregate_y25_54,geo_cov_nat,2011,31.083
zaf,sex_t,age_aggregate_y25_54,geo_cov_nat,2012,30.929
zaf,sex_t,age_aggregate_y25_54,geo_cov_nat,2013,30.743
zaf,sex_t,age_aggregate_y25_54,geo_cov_nat,2014,31.182
zaf,sex_t,age_aggregate_y25_54,geo_cov_nat,2015,31.027
zaf,sex_t,age_aggregate_y25_54,geo_cov_nat,2016,32.195
zaf,sex_t,age_aggregate_y25_54,geo_cov_nat,2017,32.913
zaf,sex_t,age_aggregate_y25_54,geo_cov_nat,2018,33.624
zaf,sex_t,age_aggregate_y25_54,geo_cov_nat,2019,34.968
zaf,sex_t,age_aggregate_y25_54,geo_cov_nat,2020,39.051
zaf,sex_t,age_aggregate_y25_54,geo_cov_nat,2021,42.444
zaf,sex_t,age_aggregate_y25_54,geo_cov_nat,2022,41.064
zaf,sex_t,age_aggregate_y25_54,geo_cov_nat,2023,39.219
zaf,sex_t,age_aggregate_y25_54,geo_cov_nat,2024,39.69
zaf,sex_t,age_aggregate_y25_54,geo_cov_rur,2008,36.27
zaf,sex_t,age_aggregate_y25_54,geo_cov_rur,2009,38.749
zaf,sex_t,age_aggregate_y25_54,geo_cov_rur,2010,42.823
zaf,sex_t,age_aggregate_y25_54,geo_cov_rur,2011,44.067
zaf,sex_t,age_aggregate_y25_54,geo_cov_rur,2012,43.571
zaf,sex_t,age_aggregate_y25_54,geo_cov_rur,2013,42.324
zaf,sex_t,age_aggregate_y25_54,geo_cov_rur,2014,42.065
zaf,sex_t,age_aggregate_y25_54,geo_cov_rur,2015,39.991
zaf,sex_t,age_aggregate_y25_54,geo_cov_rur,2016,40.865
zaf,sex_t,age_aggregate_y25_54,geo_cov_rur,2017,43.499
zaf,sex_t,age_aggregate_y25_54,geo_cov_rur,2018,44.381
zaf,sex_t,age_aggregate_y25_54,geo_cov_rur,2019,45.323
zaf,sex_t,age_aggregate_y25_54,geo_cov_rur,2020,49.618
zaf,sex_t,age_aggregate_y25_54,geo_cov_rur,2021,52.932
zaf,sex_t,age_aggregate_y25_54,geo_cov_rur,2022,53.214
zaf,sex_t,age_aggregate_y25_54,geo_cov_rur,2023,50.589
zaf,sex_t,age_aggregate_y25_54,geo_cov_rur,2024,49.082
zaf,sex_t,age_aggregate_y25_54,geo_cov_urb,2008,21.404
zaf,sex_t,age_aggregate_y25_54,geo_cov_urb,2009,24.139
zaf,sex_t,age_aggregate_y25_54,geo_cov_urb,2010,26.149
zaf,sex_t,age_aggregate_y25_54,geo_cov_urb,2011,26.551
zaf,sex_t,age_aggregate_y25_54,geo_cov_urb,2012,26.353
zaf,sex_t,age_aggregate_y25_54,geo_cov_urb,2013,26.582
zaf,sex_t,age_aggregate_y25_54,geo_cov_urb,2014,27.283
zaf,sex_t,age_aggregate_y25_54,geo_cov_urb,2015,27.511
zaf,sex_t,age_aggregate_y25_54,geo_cov_urb,2016,28.79
zaf,sex_t,age_aggregate_y25_54,geo_cov_urb,2017,28.875
zaf,sex_t,age_aggregate_y25_54,geo_cov_urb,2018,29.518
zaf,sex_t,age_aggregate_y25_54,geo_cov_urb,2019,30.964
zaf,sex_t,age_aggregate_y25_54,geo_cov_urb,2020,34.884
zaf,sex_t,age_aggregate_y25_54,geo_cov_urb,2021,38.202
zaf,sex_t,age_aggregate_y25_54,geo_cov_urb,2022,36.151
zaf,sex_t,age_aggregate_y25_54,geo_cov_urb,2023,34.611
zaf,sex_t,age_aggregate_y25_54,geo_cov_urb,2024,35.391
zaf,sex_t,age_aggregate_y25_54,geo_cov_x,2024,39.736
zaf,sex_t,age_aggregate_y55_64,geo_cov_nat,2008,11.627
zaf,sex_t,age_aggregate_y55_64,geo_cov_nat,2009,11.932
zaf,sex_t,age_aggregate_y55_64,geo_cov_nat,2010,14.808
zaf,sex_t,age_aggregate_y55_64,geo_cov_nat,2011,12.898
zaf,sex_t,age_aggregate_y55_64,geo_cov_nat,2012,14.501
zaf,sex_t,age_aggregate_y55_64,geo_cov_nat,2013,14.562
zaf,sex_t,age_aggregate_y55_64,geo_cov_nat,2014,15.086
zaf,sex_t,age_aggregate_y55_64,geo_cov_nat,2015,15.472
zaf,sex_t,age_aggregate_y55_64,geo_cov_nat,2016,16.404
zaf,sex_t,age_aggregate_y55_64,geo_cov_nat,2017,16.107
zaf,sex_t,age_aggregate_y55_64,geo_cov_nat,2018,16.795
zaf,sex_t,age_aggregate_y55_64,geo_cov_nat,2019,17.54
zaf,sex_t,age_aggregate_y55_64,geo_cov_nat,2020,21.418
zaf,sex_t,age_aggregate_y55_64,geo_cov_nat,2021,23.161
zaf,sex_t,age_aggregate_y55_64,geo_cov_nat,2022,22.093
zaf,sex_t,age_aggregate_y55_64,geo_cov_nat,2023,20.167
zaf,sex_t,age_aggregate_y55_64,geo_cov_nat,2024,20.274
zaf,sex_t,age_aggregate_y55_64,geo_cov_rur,2008,18.933
zaf,sex_t,age_aggregate_y55_64,geo_cov_rur,2009,19.597
zaf,sex_t,age_aggregate_y55_64,geo_cov_rur,2010,22.162
zaf,sex_t,age_aggregate_y55_64,geo_cov_rur,2011,21.696
zaf,sex_t,age_aggregate_y55_64,geo_cov_rur,2012,23.248
zaf,sex_t,age_aggregate_y55_64,geo_cov_rur,2013,20.22
zaf,sex_t,age_aggregate_y55_64,geo_cov_rur,2014,23.182
zaf,sex_t,age_aggregate_y55_64,geo_cov_rur,2015,19.213
zaf,sex_t,age_aggregate_y55_64,geo_cov_rur,2016,21.538
zaf,sex_t,age_aggregate_y55_64,geo_cov_rur,2017,20.131
zaf,sex_t,age_aggregate_y55_64,geo_cov_rur,2018,21.095
zaf,sex_t,age_aggregate_y55_64,geo_cov_rur,2019,22.938
zaf,sex_t,age_aggregate_y55_64,geo_cov_rur,2020,23.326
zaf,sex_t,age_aggregate_y55_64,geo_cov_rur,2021,27.137
zaf,sex_t,age_aggregate_y55_64,geo_cov_rur,2022,32.126
zaf,sex_t,age_aggregate_y55_64,geo_cov_rur,2023,29.024
zaf,sex_t,age_aggregate_y55_64,geo_cov_rur,2024,27.198
zaf,sex_t,age_aggregate_y55_64,geo_cov_urb,2008,9.03
zaf,sex_t,age_aggregate_y55_64,geo_cov_urb,2009,9.326
zaf,sex_t,age_aggregate_y55_64,geo_cov_urb,2010,12.416
zaf,sex_t,age_aggregate_y55_64,geo_cov_urb,2011,10.366
zaf,sex_t,age_aggregate_y55_64,geo_cov_urb,2012,11.898
zaf,sex_t,age_aggregate_y55_64,geo_cov_urb,2013,12.693
zaf,sex_t,age_aggregate_y55_64,geo_cov_urb,2014,12.431
zaf,sex_t,age_aggregate_y55_64,geo_cov_urb,2015,14.2
zaf,sex_t,age_aggregate_y55_64,geo_cov_urb,2016,14.704
zaf,sex_t,age_aggregate_y55_64,geo_cov_urb,2017,14.656
zaf,sex_t,age_aggregate_y55_64,geo_cov_urb,2018,15.309
zaf,sex_t,age_aggregate_y55_64,geo_cov_urb,2019,15.592
zaf,sex_t,age_aggregate_y55_64,geo_cov_urb,2020,20.727
zaf,sex_t,age_aggregate_y55_64,geo_cov_urb,2021,21.853
zaf,sex_t,age_aggregate_y55_64,geo_cov_urb,2022,18.712
zaf,sex_t,age_aggregate_y55_64,geo_cov_urb,2023,17.113
zaf,sex_t,age_aggregate_y55_64,geo_cov_urb,2024,18.242
zaf,sex_t,age_aggregate_y55_64,geo_cov_x,2024,20.153
zaf,sex_t,age_aggregate_yge65,geo_cov_nat,2008,14.614
zaf,sex_t,age_aggregate_yge65,geo_cov_nat,2009,10.021
zaf,sex_t,age_aggregate_yge65,geo_cov_nat,2010,8.407
zaf,sex_t,age_aggregate_yge65,geo_cov_nat,2011,11.867
zaf,sex_t,age_aggregate_yge65,geo_cov_nat,2012,11.522
zaf,sex_t,age_aggregate_yge65,geo_cov_nat,2013,7.969
zaf,sex_t,age_aggregate_yge65,geo_cov_nat,2014,9.909
zaf,sex_t,age_aggregate_yge65,geo_cov_nat,2015,9.873
zaf,sex_t,age_aggregate_yge65,geo_cov_nat,2016,11.177
zaf,sex_t,age_aggregate_yge65,geo_cov_nat,2017,12.748
zaf,sex_t,age_aggregate_yge65,geo_cov_nat,2018,10.965
zaf,sex_t,age_aggregate_yge65,geo_cov_nat,2019,11.407
zaf,sex_t,age_aggregate_yge65,geo_cov_nat,2020,11.136
zaf,sex_t,age_aggregate_yge65,geo_cov_nat,2021,10.562
zaf,sex_t,age_aggregate_yge65,geo_cov_nat,2022,11.102
zaf,sex_t,age_aggregate_yge65,geo_cov_nat,2023,8.41
zaf,sex_t,age_aggregate_yge65,geo_cov_nat,2024,9.365
zaf,sex_t,age_aggregate_yge65,geo_cov_rur,2008,16.799
zaf,sex_t,age_aggregate_yge65,geo_cov_rur,2009,10.309
zaf,sex_t,age_aggregate_yge65,geo_cov_rur,2010,11.588
zaf,sex_t,age_aggregate_yge65,geo_cov_rur,2011,18.788
zaf,sex_t,age_aggregate_yge65,geo_cov_rur,2012,17.456
zaf,sex_t,age_aggregate_yge65,geo_cov_rur,2013,13.374
zaf,sex_t,age_aggregate_yge65,geo_cov_rur,2014,15.741
zaf,sex_t,age_aggregate_yge65,geo_cov_rur,2015,19.084
zaf,sex_t,age_aggregate_yge65,geo_cov_rur,2016,15.008
zaf,sex_t,age_aggregate_yge65,geo_cov_rur,2017,18.146
zaf,sex_t,age_aggregate_yge65,geo_cov_rur,2018,14.895
zaf,sex_t,age_aggregate_yge65,geo_cov_rur,2019,13.614
zaf,sex_t,age_aggregate_yge65,geo_cov_rur,2020,13.739
zaf,sex_t,age_aggregate_yge65,geo_cov_rur,2021,15.122
zaf,sex_t,age_aggregate_yge65,geo_cov_rur,2022,21.481
zaf,sex_t,age_aggregate_yge65,geo_cov_rur,2023,11.339
zaf,sex_t,age_aggregate_yge65,geo_cov_rur,2024,11.021
zaf,sex_t,age_aggregate_yge65,geo_cov_urb,2008,13.603
zaf,sex_t,age_aggregate_yge65,geo_cov_urb,2009,9.893
zaf,sex_t,age_aggregate_yge65,geo_cov_urb,2010,7.309
zaf,sex_t,age_aggregate_yge65,geo_cov_urb,2011,9.401
zaf,sex_t,age_aggregate_yge65,geo_cov_urb,2012,9.383
zaf,sex_t,age_aggregate_yge65,geo_cov_urb,2013,6.225
zaf,sex_t,age_aggregate_yge65,geo_cov_urb,2014,7.733
zaf,sex_t,age_aggregate_yge65,geo_cov_urb,2015,6.852
zaf,sex_t,age_aggregate_yge65,geo_cov_urb,2016,9.77
zaf,sex_t,age_aggregate_yge65,geo_cov_urb,2017,10.521
zaf,sex_t,age_aggregate_yge65,geo_cov_urb,2018,9.495
zaf,sex_t,age_aggregate_yge65,geo_cov_urb,2019,10.533
zaf,sex_t,age_aggregate_yge65,geo_cov_urb,2020,9.792
zaf,sex_t,age_aggregate_yge65,geo_cov_urb,2021,9.033
zaf,sex_t,age_aggregate_yge65,geo_cov_urb,2022,7.468
zaf,sex_t,age_aggregate_yge65,geo_cov_urb,2023,7.213
zaf,sex_t,age_aggregate_yge65,geo_cov_urb,2024,11.001
zaf,sex_t,age_aggregate_yge65,geo_cov_x,2024,8.842
zaf,sex_t,age_ythadult_y15_24,geo_cov_nat,2008,55.392
zaf,sex_t,age_ythadult_y15_24,geo_cov_nat,2009,60.123
zaf,sex_t,age_ythadult_y15_24,geo_cov_nat,2010,64.939
zaf,sex_t,age_ythadult_y15_24,geo_cov_nat,2011,64.982
zaf,sex_t,age_ythadult_y15_24,geo_cov_nat,2012,65.955
zaf,sex_t,age_ythadult_y15_24,geo_cov_nat,2013,65.464
zaf,sex_t,age_ythadult_y15_24,geo_cov_nat,2014,65.019
zaf,sex_t,age_ythadult_y15_24,geo_cov_nat,2015,62.841
zaf,sex_t,age_ythadult_y15_24,geo_cov_nat,2016,65.737
zaf,sex_t,age_ythadult_y15_24,geo_cov_nat,2017,65.259
zaf,sex_t,age_ythadult_y15_24,geo_cov_nat,2018,66.653
zaf,sex_t,age_ythadult_y15_24,geo_cov_nat,2019,69.252
zaf,sex_t,age_ythadult_y15_24,geo_cov_nat,2020,72.67
zaf,sex_t,age_ythadult_y15_24,geo_cov_nat,2021,76.043
zaf,sex_t,age_ythadult_y15_24,geo_cov_nat,2022,72.214
zaf,sex_t,age_ythadult_y15_24,geo_cov_nat,2023,69.623
zaf,sex_t,age_ythadult_y15_24,geo_cov_nat,2024,70.342
zaf,sex_t,age_ythadult_y15_24,geo_cov_rur,2008,66.152
zaf,sex_t,age_ythadult_y15_24,geo_cov_rur,2009,72.02
zaf,sex_t,age_ythadult_y15_24,geo_cov_rur,2010,76.115
zaf,sex_t,age_ythadult_y15_24,geo_cov_rur,2011,77.099
zaf,sex_t,age_ythadult_y15_24,geo_cov_rur,2012,79.041
zaf,sex_t,age_ythadult_y15_24,geo_cov_rur,2013,76.217
zaf,sex_t,age_ythadult_y15_24,geo_cov_rur,2014,75.848
zaf,sex_t,age_ythadult_y15_24,geo_cov_rur,2015,72.872
zaf,sex_t,age_ythadult_y15_24,geo_cov_rur,2016,74.63
zaf,sex_t,age_ythadult_y15_24,geo_cov_rur,2017,75.789
zaf,sex_t,age_ythadult_y15_24,geo_cov_rur,2018,77.599
zaf,sex_t,age_ythadult_y15_24,geo_cov_rur,2019,79.211
zaf,sex_t,age_ythadult_y15_24,geo_cov_rur,2020,80.598
zaf,sex_t,age_ythadult_y15_24,geo_cov_rur,2021,81.703
zaf,sex_t,age_ythadult_y15_24,geo_cov_rur,2022,78.005
zaf,sex_t,age_ythadult_y15_24,geo_cov_rur,2023,76.726
zaf,sex_t,age_ythadult_y15_24,geo_cov_rur,2024,77.851
zaf,sex_t,age_ythadult_y15_24,geo_cov_urb,2008,50.432
zaf,sex_t,age_ythadult_y15_24,geo_cov_urb,2009,54.078
zaf,sex_t,age_ythadult_y15_24,geo_cov_urb,2010,58.921
zaf,sex_t,age_ythadult_y15_24,geo_cov_urb,2011,58.326
zaf,sex_t,age_ythadult_y15_24,geo_cov_urb,2012,58.995
zaf,sex_t,age_ythadult_y15_24,geo_cov_urb,2013,59.729
zaf,sex_t,age_ythadult_y15_24,geo_cov_urb,2014,59.167
zaf,sex_t,age_ythadult_y15_24,geo_cov_urb,2015,57.22
zaf,sex_t,age_ythadult_y15_24,geo_cov_urb,2016,60.448
zaf,sex_t,age_ythadult_y15_24,geo_cov_urb,2017,59.504
zaf,sex_t,age_ythadult_y15_24,geo_cov_urb,2018,60.557
zaf,sex_t,age_ythadult_y15_24,geo_cov_urb,2019,63.758
zaf,sex_t,age_ythadult_y15_24,geo_cov_urb,2020,67.983
zaf,sex_t,age_ythadult_y15_24,geo_cov_urb,2021,72.831
zaf,sex_t,age_ythadult_y15_24,geo_cov_urb,2022,69.07
zaf,sex_t,age_ythadult_y15_24,geo_cov_urb,2023,65.65
zaf,sex_t,age_ythadult_y15_24,geo_cov_urb,2024,64.978
zaf,sex_t,age_ythadult_y15_24,geo_cov_x,2024,70.555
zaf,sex_t,age_ythadult_y15_64,geo_cov_nat,2008,29.66
zaf,sex_t,age_ythadult_y15_64,geo_cov_nat,2009,32.388
zaf,sex_t,age_ythadult_y15_64,geo_cov_nat,2010,35.368
zaf,sex_t,age_ythadult_y15_64,geo_cov_nat,2011,35.593
zaf,sex_t,age_ythadult_y15_64,geo_cov_nat,2012,35.589
zaf,sex_t,age_ythadult_y15_64,geo_cov_nat,2013,35.279
zaf,sex_t,age_ythadult_y15_64,geo_cov_nat,2014,35.293
zaf,sex_t,age_ythadult_y15_64,geo_cov_nat,2015,34.811
zaf,sex_t,age_ythadult_y15_64,geo_cov_nat,2016,36.142
zaf,sex_t,age_ythadult_y15_64,geo_cov_nat,2017,36.421
zaf,sex_t,age_ythadult_y15_64,geo_cov_nat,2018,37.05
zaf,sex_t,age_ythadult_y15_64,geo_cov_nat,2019,38.468
zaf,sex_t,age_ythadult_y15_64,geo_cov_nat,2020,41.876
zaf,sex_t,age_ythadult_y15_64,geo_cov_nat,2021,45.157
zaf,sex_t,age_ythadult_y15_64,geo_cov_nat,2022,43.888
zaf,sex_t,age_ythadult_y15_64,geo_cov_nat,2023,41.746
zaf,sex_t,age_ythadult_y15_64,geo_cov_nat,2024,42.13
zaf,sex_t,age_ythadult_y15_64,geo_cov_rur,2008,41.418
zaf,sex_t,age_ythadult_y15_64,geo_cov_rur,2009,44.707
zaf,sex_t,age_ythadult_y15_64,geo_cov_rur,2010,48.877
zaf,sex_t,age_ythadult_y15_64,geo_cov_rur,2011,50.078
zaf,sex_t,age_ythadult_y15_64,geo_cov_rur,2012,49.748
zaf,sex_t,age_ythadult_y15_64,geo_cov_rur,2013,47.891
zaf,sex_t,age_ythadult_y15_64,geo_cov_rur,2014,47.526
zaf,sex_t,age_ythadult_y15_64,geo_cov_rur,2015,44.925
zaf,sex_t,age_ythadult_y15_64,geo_cov_rur,2016,46.18
zaf,sex_t,age_ythadult_y15_64,geo_cov_rur,2017,47.751
zaf,sex_t,age_ythadult_y15_64,geo_cov_rur,2018,48.704
zaf,sex_t,age_ythadult_y15_64,geo_cov_rur,2019,49.634
zaf,sex_t,age_ythadult_y15_64,geo_cov_rur,2020,52.685
zaf,sex_t,age_ythadult_y15_64,geo_cov_rur,2021,55.693
zaf,sex_t,age_ythadult_y15_64,geo_cov_rur,2022,55.904
zaf,sex_t,age_ythadult_y15_64,geo_cov_rur,2023,53.312
zaf,sex_t,age_ythadult_y15_64,geo_cov_rur,2024,51.991
zaf,sex_t,age_ythadult_y15_64,geo_cov_urb,2008,25.386
zaf,sex_t,age_ythadult_y15_64,geo_cov_urb,2009,27.832
zaf,sex_t,age_ythadult_y15_64,geo_cov_urb,2010,30.25
zaf,sex_t,age_ythadult_y15_64,geo_cov_urb,2011,30.168
zaf,sex_t,age_ythadult_y15_64,geo_cov_urb,2012,30.172
zaf,sex_t,age_ythadult_y15_64,geo_cov_urb,2013,30.454
zaf,sex_t,age_ythadult_y15_64,geo_cov_urb,2014,30.629
zaf,sex_t,age_ythadult_y15_64,geo_cov_urb,2015,30.648
zaf,sex_t,age_ythadult_y15_64,geo_cov_urb,2016,31.975
zaf,sex_t,age_ythadult_y15_64,geo_cov_urb,2017,31.869
zaf,sex_t,age_ythadult_y15_64,geo_cov_urb,2018,32.375
zaf,sex_t,age_ythadult_y15_64,geo_cov_urb,2019,33.94
zaf,sex_t,age_ythadult_y15_64,geo_cov_urb,2020,37.408
zaf,sex_t,age_ythadult_y15_64,geo_cov_urb,2021,40.768
zaf,sex_t,age_ythadult_y15_64,geo_cov_urb,2022,38.886
zaf,sex_t,age_ythadult_y15_64,geo_cov_urb,2023,36.902
zaf,sex_t,age_ythadult_y15_64,geo_cov_urb,2024,37.477
zaf,sex_t,age_ythadult_y15_64,geo_cov_x,2024,42.185
zaf,sex_t,age_ythadult_yge15,geo_cov_nat,2008,29.527
zaf,sex_t,age_ythadult_yge15,geo_cov_nat,2009,32.221
zaf,sex_t,age_ythadult_yge15,geo_cov_nat,2010,35.161
zaf,sex_t,age_ythadult_yge15,geo_cov_nat,2011,35.439
zaf,sex_t,age_ythadult_yge15,geo_cov_nat,2012,35.437
zaf,sex_t,age_ythadult_yge15,geo_cov_nat,2013,35.073
zaf,sex_t,age_ythadult_yge15,geo_cov_nat,2014,35.089
zaf,sex_t,age_ythadult_yge15,geo_cov_nat,2015,34.598
zaf,sex_t,age_ythadult_yge15,geo_cov_nat,2016,35.93
zaf,sex_t,age_ythadult_yge15,geo_cov_nat,2017,36.209
zaf,sex_t,age_ythadult_yge15,geo_cov_nat,2018,36.809
zaf,sex_t,age_ythadult_yge15,geo_cov_nat,2019,38.216
zaf,sex_t,age_ythadult_yge15,geo_cov_nat,2020,41.621
zaf,sex_t,age_ythadult_yge15,geo_cov_nat,2021,44.881
zaf,sex_t,age_ythadult_yge15,geo_cov_nat,2022,43.634
zaf,sex_t,age_ythadult_yge15,geo_cov_nat,2023,41.445
zaf,sex_t,age_ythadult_yge15,geo_cov_nat,2024,41.795
zaf,sex_t,age_ythadult_yge15,geo_cov_rur,2008,41.161
zaf,sex_t,age_ythadult_yge15,geo_cov_rur,2009,44.416
zaf,sex_t,age_ythadult_yge15,geo_cov_rur,2010,48.609
zaf,sex_t,age_ythadult_yge15,geo_cov_rur,2011,49.882
zaf,sex_t,age_ythadult_yge15,geo_cov_rur,2012,49.553
zaf,sex_t,age_ythadult_yge15,geo_cov_rur,2013,47.661
zaf,sex_t,age_ythadult_yge15,geo_cov_rur,2014,47.275
zaf,sex_t,age_ythadult_yge15,geo_cov_rur,2015,44.738
zaf,sex_t,age_ythadult_yge15,geo_cov_rur,2016,45.938
zaf,sex_t,age_ythadult_yge15,geo_cov_rur,2017,47.482
zaf,sex_t,age_ythadult_yge15,geo_cov_rur,2018,48.407
zaf,sex_t,age_ythadult_yge15,geo_cov_rur,2019,49.305
zaf,sex_t,age_ythadult_yge15,geo_cov_rur,2020,52.311
zaf,sex_t,age_ythadult_yge15,geo_cov_rur,2021,55.416
zaf,sex_t,age_ythadult_yge15,geo_cov_rur,2022,55.669
zaf,sex_t,age_ythadult_yge15,geo_cov_rur,2023,52.941
zaf,sex_t,age_ythadult_yge15,geo_cov_rur,2024,51.641
zaf,sex_t,age_ythadult_yge15,geo_cov_urb,2008,25.289
zaf,sex_t,age_ythadult_yge15,geo_cov_urb,2009,27.705
zaf,sex_t,age_ythadult_yge15,geo_cov_urb,2010,30.069
zaf,sex_t,age_ythadult_yge15,geo_cov_urb,2011,30.032
zaf,sex_t,age_ythadult_yge15,geo_cov_urb,2012,30.039
zaf,sex_t,age_ythadult_yge15,geo_cov_urb,2013,30.263
zaf,sex_t,age_ythadult_yge15,geo_cov_urb,2014,30.445
zaf,sex_t,age_ythadult_yge15,geo_cov_urb,2015,30.431
zaf,sex_t,age_ythadult_yge15,geo_cov_urb,2016,31.78
zaf,sex_t,age_ythadult_yge15,geo_cov_urb,2017,31.68
zaf,sex_t,age_ythadult_yge15,geo_cov_urb,2018,32.159
zaf,sex_t,age_ythadult_yge15,geo_cov_urb,2019,33.721
zaf,sex_t,age_ythadult_yge15,geo_cov_urb,2020,37.195
zaf,sex_t,age_ythadult_yge15,geo_cov_urb,2021,40.499
zaf,sex_t,age_ythadult_yge15,geo_cov_urb,2022,38.631
zaf,sex_t,age_ythadult_yge15,geo_cov_urb,2023,36.632
zaf,sex_t,age_ythadult_yge15,geo_cov_urb,2024,37.197
zaf,sex_t,age_ythadult_yge15,geo_cov_x,2024,41.842
zaf,sex_t,age_ythadult_yge25,geo_cov_nat,2008,24.063
zaf,sex_t,age_ythadult_yge25,geo_cov_nat,2009,26.539
zaf,sex_t,age_ythadult_yge25,geo_cov_nat,2010,29.134
zaf,sex_t,age_ythadult_yge25,geo_cov_nat,2011,29.59
zaf,sex_t,age_ythadult_yge25,geo_cov_nat,2012,29.544
zaf,sex_t,age_ythadult_yge25,geo_cov_nat,2013,29.293
zaf,sex_t,age_ythadult_yge25,geo_cov_nat,2014,29.681
zaf,sex_t,age_ythadult_yge25,geo_cov_nat,2015,29.573
zaf,sex_t,age_ythadult_yge25,geo_cov_nat,2016,30.718
zaf,sex_t,age_ythadult_yge25,geo_cov_nat,2017,31.303
zaf,sex_t,age_ythadult_yge25,geo_cov_nat,2018,31.976
zaf,sex_t,age_ythadult_yge25,geo_cov_nat,2019,33.263
zaf,sex_t,age_ythadult_yge25,geo_cov_nat,2020,37.307
zaf,sex_t,age_ythadult_yge25,geo_cov_nat,2021,40.591
zaf,sex_t,age_ythadult_yge25,geo_cov_nat,2022,39.33
zaf,sex_t,age_ythadult_yge25,geo_cov_nat,2023,37.345
zaf,sex_t,age_ythadult_yge25,geo_cov_nat,2024,37.695
zaf,sex_t,age_ythadult_yge25,geo_cov_rur,2008,34.674
zaf,sex_t,age_ythadult_yge25,geo_cov_rur,2009,37.036
zaf,sex_t,age_ythadult_yge25,geo_cov_rur,2010,41.098
zaf,sex_t,age_ythadult_yge25,geo_cov_rur,2011,42.423
zaf,sex_t,age_ythadult_yge25,geo_cov_rur,2012,42.036
zaf,sex_t,age_ythadult_yge25,geo_cov_rur,2013,40.476
zaf,sex_t,age_ythadult_yge25,geo_cov_rur,2014,40.373
zaf,sex_t,age_ythadult_yge25,geo_cov_rur,2015,38.298
zaf,sex_t,age_ythadult_yge25,geo_cov_rur,2016,39.235
zaf,sex_t,age_ythadult_yge25,geo_cov_rur,2017,41.346
zaf,sex_t,age_ythadult_yge25,geo_cov_rur,2018,42.249
zaf,sex_t,age_ythadult_yge25,geo_cov_rur,2019,43.195
zaf,sex_t,age_ythadult_yge25,geo_cov_rur,2020,47.13
zaf,sex_t,age_ythadult_yge25,geo_cov_rur,2021,50.808
zaf,sex_t,age_ythadult_yge25,geo_cov_rur,2022,51.514
zaf,sex_t,age_ythadult_yge25,geo_cov_rur,2023,48.597
zaf,sex_t,age_ythadult_yge25,geo_cov_rur,2024,47.055
zaf,sex_t,age_ythadult_yge25,geo_cov_urb,2008,20.398
zaf,sex_t,age_ythadult_yge25,geo_cov_urb,2009,22.914
zaf,sex_t,age_ythadult_yge25,geo_cov_urb,2010,24.944
zaf,sex_t,age_ythadult_yge25,geo_cov_urb,2011,25.17
zaf,sex_t,age_ythadult_yge25,geo_cov_urb,2012,25.086
zaf,sex_t,age_ythadult_yge25,geo_cov_urb,2013,25.305
zaf,sex_t,age_ythadult_yge25,geo_cov_urb,2014,25.877
zaf,sex_t,age_ythadult_yge25,geo_cov_urb,2015,26.194
zaf,sex_t,age_ythadult_yge25,geo_cov_urb,2016,27.419
zaf,sex_t,age_ythadult_yge25,geo_cov_urb,2017,27.487
zaf,sex_t,age_ythadult_yge25,geo_cov_urb,2018,28.087
zaf,sex_t,age_ythadult_yge25,geo_cov_urb,2019,29.444
zaf,sex_t,age_ythadult_yge25,geo_cov_urb,2020,33.451
zaf,sex_t,age_ythadult_yge25,geo_cov_urb,2021,36.531
zaf,sex_t,age_ythadult_yge25,geo_cov_urb,2022,34.476
zaf,sex_t,age_ythadult_yge25,geo_cov_urb,2023,32.841
zaf,sex_t,age_ythadult_yge25,geo_cov_urb,2024,33.591
zaf,sex_t,age_ythadult_yge25,geo_cov_x,2024,37.716
zmb,sex_f,age_aggregate_total,geo_cov_nat,2017,18.238
zmb,sex_f,age_aggregate_total,geo_cov_nat,2018,20.926
zmb,sex_f,age_aggregate_total,geo_cov_nat,2019,19.108
zmb,sex_f,age_aggregate_total,geo_cov_nat,2020,18.863
zmb,sex_f,age_aggregate_total,geo_cov_nat,2021,19.662
zmb,sex_f,age_aggregate_total,geo_cov_nat,2022,21.092
zmb,sex_f,age_aggregate_total,geo_cov_nat,2023,19.641
zmb,sex_f,age_aggregate_total,geo_cov_nat,2024,19.116
zmb,sex_f,age_aggregate_total,geo_cov_rur,2017,9.763
zmb,sex_f,age_aggregate_total,geo_cov_rur,2018,12.696
zmb,sex_f,age_aggregate_total,geo_cov_rur,2019,11.317
zmb,sex_f,age_aggregate_total,geo_cov_rur,2020,9.778
zmb,sex_f,age_aggregate_total,geo_cov_rur,2021,10.335
zmb,sex_f,age_aggregate_total,geo_cov_rur,2022,9.931
zmb,sex_f,age_aggregate_total,geo_cov_rur,2023,10.337
zmb,sex_f,age_aggregate_total,geo_cov_rur,2024,12.023
zmb,sex_f,age_aggregate_total,geo_cov_urb,2017,31.134
zmb,sex_f,age_aggregate_total,geo_cov_urb,2018,33.054
zmb,sex_f,age_aggregate_total,geo_cov_urb,2019,29.927
zmb,sex_f,age_aggregate_total,geo_cov_urb,2020,30.805
zmb,sex_f,age_aggregate_total,geo_cov_urb,2021,31.65
zmb,sex_f,age_aggregate_total,geo_cov_urb,2022,34.788
zmb,sex_f,age_aggregate_total,geo_cov_urb,2023,30.63
zmb,sex_f,age_aggregate_total,geo_cov_urb,2024,29.965
zmb,sex_f,age_aggregate_y15_24,geo_cov_nat,2017,28.531
zmb,sex_f,age_aggregate_y15_24,geo_cov_nat,2018,32.013
zmb,sex_f,age_aggregate_y15_24,geo_cov_nat,2019,31.054
zmb,sex_f,age_aggregate_y15_24,geo_cov_nat,2020,28.491
zmb,sex_f,age_aggregate_y15_24,geo_cov_nat,2021,29.808
zmb,sex_f,age_aggregate_y15_24,geo_cov_nat,2022,32.703
zmb,sex_f,age_aggregate_y15_24,geo_cov_nat,2023,32.712
zmb,sex_f,age_aggregate_y15_24,geo_cov_nat,2024,32.942
zmb,sex_f,age_aggregate_y15_24,geo_cov_rur,2017,14.735
zmb,sex_f,age_aggregate_y15_24,geo_cov_rur,2018,19.325
zmb,sex_f,age_aggregate_y15_24,geo_cov_rur,2019,18.034
zmb,sex_f,age_aggregate_y15_24,geo_cov_rur,2020,16.219
zmb,sex_f,age_aggregate_y15_24,geo_cov_rur,2021,16.082
zmb,sex_f,age_aggregate_y15_24,geo_cov_rur,2022,16.112
zmb,sex_f,age_aggregate_y15_24,geo_cov_rur,2023,17.381
zmb,sex_f,age_aggregate_y15_24,geo_cov_rur,2024,21.543
zmb,sex_f,age_aggregate_y15_24,geo_cov_urb,2017,54.752
zmb,sex_f,age_aggregate_y15_24,geo_cov_urb,2018,56.308
zmb,sex_f,age_aggregate_y15_24,geo_cov_urb,2019,55.115
zmb,sex_f,age_aggregate_y15_24,geo_cov_urb,2020,50.958
zmb,sex_f,age_aggregate_y15_24,geo_cov_urb,2021,54.86
zmb,sex_f,age_aggregate_y15_24,geo_cov_urb,2022,62.182
zmb,sex_f,age_aggregate_y15_24,geo_cov_urb,2023,56.858
zmb,sex_f,age_aggregate_y15_24,geo_cov_urb,2024,57.589
zmb,sex_f,age_aggregate_y25_54,geo_cov_nat,2017,15.083
zmb,sex_f,age_aggregate_y25_54,geo_cov_nat,2018,18.994
zmb,sex_f,age_aggregate_y25_54,geo_cov_nat,2019,16.328
zmb,sex_f,age_aggregate_y25_54,geo_cov_nat,2020,16.907
zmb,sex_f,age_aggregate_y25_54,geo_cov_nat,2021,17.882
zmb,sex_f,age_aggregate_y25_54,geo_cov_nat,2022,19.208
zmb,sex_f,age_aggregate_y25_54,geo_cov_nat,2023,16.908
zmb,sex_f,age_aggregate_y25_54,geo_cov_nat,2024,15.458
zmb,sex_f,age_aggregate_y25_54,geo_cov_rur,2017,7.67
zmb,sex_f,age_aggregate_y25_54,geo_cov_rur,2018,11.366
zmb,sex_f,age_aggregate_y25_54,geo_cov_rur,2019,9.31
zmb,sex_f,age_aggregate_y25_54,geo_cov_rur,2020,7.841
zmb,sex_f,age_aggregate_y25_54,geo_cov_rur,2021,8.691
zmb,sex_f,age_aggregate_y25_54,geo_cov_rur,2022,8.536
zmb,sex_f,age_aggregate_y25_54,geo_cov_rur,2023,8.257
zmb,sex_f,age_aggregate_y25_54,geo_cov_rur,2024,8.866
zmb,sex_f,age_aggregate_y25_54,geo_cov_urb,2017,24.475
zmb,sex_f,age_aggregate_y25_54,geo_cov_urb,2018,28.306
zmb,sex_f,age_aggregate_y25_54,geo_cov_urb,2019,24.695
zmb,sex_f,age_aggregate_y25_54,geo_cov_urb,2020,26.713
zmb,sex_f,age_aggregate_y25_54,geo_cov_urb,2021,27.601
zmb,sex_f,age_aggregate_y25_54,geo_cov_urb,2022,29.901
zmb,sex_f,age_aggregate_y25_54,geo_cov_urb,2023,25.412
zmb,sex_f,age_aggregate_y25_54,geo_cov_urb,2024,23.815
zmb,sex_f,age_aggregate_y55_64,geo_cov_nat,2017,8.928
zmb,sex_f,age_aggregate_y55_64,geo_cov_nat,2018,5.632
zmb,sex_f,age_aggregate_y55_64,geo_cov_nat,2019,3.779
zmb,sex_f,age_aggregate_y55_64,geo_cov_nat,2020,4.854
zmb,sex_f,age_aggregate_y55_64,geo_cov_nat,2021,5.738
zmb,sex_f,age_aggregate_y55_64,geo_cov_nat,2022,5.729
zmb,sex_f,age_aggregate_y55_64,geo_cov_nat,2023,5.93
zmb,sex_f,age_aggregate_y55_64,geo_cov_nat,2024,5.689
zmb,sex_f,age_aggregate_y55_64,geo_cov_rur,2017,5.979
zmb,sex_f,age_aggregate_y55_64,geo_cov_rur,2018,4.795
zmb,sex_f,age_aggregate_y55_64,geo_cov_rur,2019,3.483
zmb,sex_f,age_aggregate_y55_64,geo_cov_rur,2020,1.449
zmb,sex_f,age_aggregate_y55_64,geo_cov_rur,2021,6.211
zmb,sex_f,age_aggregate_y55_64,geo_cov_rur,2022,2.676
zmb,sex_f,age_aggregate_y55_64,geo_cov_rur,2023,5.575
zmb,sex_f,age_aggregate_y55_64,geo_cov_rur,2024,4.002
zmb,sex_f,age_aggregate_y55_64,geo_cov_urb,2017,14.17
zmb,sex_f,age_aggregate_y55_64,geo_cov_urb,2018,7.268
zmb,sex_f,age_aggregate_y55_64,geo_cov_urb,2019,4.27
zmb,sex_f,age_aggregate_y55_64,geo_cov_urb,2020,10.006
zmb,sex_f,age_aggregate_y55_64,geo_cov_urb,2021,4.951
zmb,sex_f,age_aggregate_y55_64,geo_cov_urb,2022,10.942
zmb,sex_f,age_aggregate_y55_64,geo_cov_urb,2023,6.546
zmb,sex_f,age_aggregate_y55_64,geo_cov_urb,2024,8.912
zmb,sex_f,age_aggregate_yge65,geo_cov_nat,2017,9.263
zmb,sex_f,age_aggregate_yge65,geo_cov_nat,2018,2.608
zmb,sex_f,age_aggregate_yge65,geo_cov_nat,2019,4.018
zmb,sex_f,age_aggregate_yge65,geo_cov_nat,2020,3.205
zmb,sex_f,age_aggregate_yge65,geo_cov_nat,2021,6.07
zmb,sex_f,age_aggregate_yge65,geo_cov_nat,2022,2.896
zmb,sex_f,age_aggregate_yge65,geo_cov_nat,2023,2.158
zmb,sex_f,age_aggregate_yge65,geo_cov_nat,2024,4.578
zmb,sex_f,age_aggregate_yge65,geo_cov_rur,2017,7.969
zmb,sex_f,age_aggregate_yge65,geo_cov_rur,2018,1.439
zmb,sex_f,age_aggregate_yge65,geo_cov_rur,2019,3.158
zmb,sex_f,age_aggregate_yge65,geo_cov_rur,2022,1.47
zmb,sex_f,age_aggregate_yge65,geo_cov_rur,2023,1.679
zmb,sex_f,age_aggregate_yge65,geo_cov_rur,2024,1.499
zmb,sex_f,age_aggregate_yge65,geo_cov_urb,2017,14.432
zmb,sex_f,age_aggregate_yge65,geo_cov_urb,2018,6.348
zmb,sex_f,age_aggregate_yge65,geo_cov_urb,2019,5.652
zmb,sex_f,age_aggregate_yge65,geo_cov_urb,2020,7.26
zmb,sex_f,age_aggregate_yge65,geo_cov_urb,2021,16.663
zmb,sex_f,age_aggregate_yge65,geo_cov_urb,2022,7.058
zmb,sex_f,age_aggregate_yge65,geo_cov_urb,2024,13.609
zmb,sex_f,age_ythadult_y15_24,geo_cov_nat,2017,28.531
zmb,sex_f,age_ythadult_y15_24,geo_cov_nat,2018,32.013
zmb,sex_f,age_ythadult_y15_24,geo_cov_nat,2019,31.054
zmb,sex_f,age_ythadult_y15_24,geo_cov_nat,2020,28.491
zmb,sex_f,age_ythadult_y15_24,geo_cov_nat,2021,29.808
zmb,sex_f,age_ythadult_y15_24,geo_cov_nat,2022,32.703
zmb,sex_f,age_ythadult_y15_24,geo_cov_nat,2023,32.712
zmb,sex_f,age_ythadult_y15_24,geo_cov_nat,2024,32.942
zmb,sex_f,age_ythadult_y15_24,geo_cov_rur,2017,14.735
zmb,sex_f,age_ythadult_y15_24,geo_cov_rur,2018,19.325
zmb,sex_f,age_ythadult_y15_24,geo_cov_rur,2019,18.034
zmb,sex_f,age_ythadult_y15_24,geo_cov_rur,2020,16.219
zmb,sex_f,age_ythadult_y15_24,geo_cov_rur,2021,16.082
zmb,sex_f,age_ythadult_y15_24,geo_cov_rur,2022,16.112
zmb,sex_f,age_ythadult_y15_24,geo_cov_rur,2023,17.381
zmb,sex_f,age_ythadult_y15_24,geo_cov_rur,2024,21.543
zmb,sex_f,age_ythadult_y15_24,geo_cov_urb,2017,54.752
zmb,sex_f,age_ythadult_y15_24,geo_cov_urb,2018,56.308
zmb,sex_f,age_ythadult_y15_24,geo_cov_urb,2019,55.115
zmb,sex_f,age_ythadult_y15_24,geo_cov_urb,2020,50.958
zmb,sex_f,age_ythadult_y15_24,geo_cov_urb,2021,54.86
zmb,sex_f,age_ythadult_y15_24,geo_cov_urb,2022,62.182
zmb,sex_f,age_ythadult_y15_24,geo_cov_urb,2023,56.858
zmb,sex_f,age_ythadult_y15_24,geo_cov_urb,2024,57.589
zmb,sex_f,age_ythadult_y15_64,geo_cov_nat,2017,18.696
zmb,sex_f,age_ythadult_y15_64,geo_cov_nat,2018,21.837
zmb,sex_f,age_ythadult_y15_64,geo_cov_nat,2019,19.695
zmb,sex_f,age_ythadult_y15_64,geo_cov_nat,2020,19.474
zmb,sex_f,age_ythadult_y15_64,geo_cov_nat,2021,20.182
zmb,sex_f,age_ythadult_y15_64,geo_cov_nat,2022,21.747
zmb,sex_f,age_ythadult_y15_64,geo_cov_nat,2023,20.344
zmb,sex_f,age_ythadult_y15_64,geo_cov_nat,2024,19.657
zmb,sex_f,age_ythadult_y15_64,geo_cov_rur,2017,9.887
zmb,sex_f,age_ythadult_y15_64,geo_cov_rur,2018,13.422
zmb,sex_f,age_ythadult_y15_64,geo_cov_rur,2019,11.676
zmb,sex_f,age_ythadult_y15_64,geo_cov_rur,2021,10.741
zmb,sex_f,age_ythadult_y15_64,geo_cov_rur,2022,10.348
zmb,sex_f,age_ythadult_y15_64,geo_cov_rur,2023,10.79
zmb,sex_f,age_ythadult_y15_64,geo_cov_rur,2024,12.511
zmb,sex_f,age_ythadult_y15_64,geo_cov_urb,2017,31.554
zmb,sex_f,age_ythadult_y15_64,geo_cov_urb,2018,33.821
zmb,sex_f,age_ythadult_y15_64,geo_cov_urb,2019,30.7
zmb,sex_f,age_ythadult_y15_64,geo_cov_urb,2020,31.382
zmb,sex_f,age_ythadult_y15_64,geo_cov_urb,2021,31.984
zmb,sex_f,age_ythadult_y15_64,geo_cov_urb,2022,35.346
zmb,sex_f,age_ythadult_y15_64,geo_cov_urb,2023,31.351
zmb,sex_f,age_ythadult_y15_64,geo_cov_urb,2024,30.352
zmb,sex_f,age_ythadult_yge15,geo_cov_nat,2017,18.238
zmb,sex_f,age_ythadult_yge15,geo_cov_nat,2018,20.926
zmb,sex_f,age_ythadult_yge15,geo_cov_nat,2019,19.108
zmb,sex_f,age_ythadult_yge15,geo_cov_nat,2020,18.863
zmb,sex_f,age_ythadult_yge15,geo_cov_nat,2021,19.662
zmb,sex_f,age_ythadult_yge15,geo_cov_nat,2022,21.092
zmb,sex_f,age_ythadult_yge15,geo_cov_nat,2023,19.641
zmb,sex_f,age_ythadult_yge15,geo_cov_nat,2024,19.116
zmb,sex_f,age_ythadult_yge15,geo_cov_rur,2017,9.763
zmb,sex_f,age_ythadult_yge15,geo_cov_rur,2018,12.696
zmb,sex_f,age_ythadult_yge15,geo_cov_rur,2019,11.317
zmb,sex_f,age_ythadult_yge15,geo_cov_rur,2020,9.778
zmb,sex_f,age_ythadult_yge15,geo_cov_rur,2021,10.335
zmb,sex_f,age_ythadult_yge15,geo_cov_rur,2022,9.931
zmb,sex_f,age_ythadult_yge15,geo_cov_rur,2023,10.337
zmb,sex_f,age_ythadult_yge15,geo_cov_rur,2024,12.023
zmb,sex_f,age_ythadult_yge15,geo_cov_urb,2017,31.134
zmb,sex_f,age_ythadult_yge15,geo_cov_urb,2018,33.054
zmb,sex_f,age_ythadult_yge15,geo_cov_urb,2019,29.927
zmb,sex_f,age_ythadult_yge15,geo_cov_urb,2020,30.805
zmb,sex_f,age_ythadult_yge15,geo_cov_urb,2021,31.65
zmb,sex_f,age_ythadult_yge15,geo_cov_urb,2022,34.788
zmb,sex_f,age_ythadult_yge15,geo_cov_urb,2023,30.63
zmb,sex_f,age_ythadult_yge15,geo_cov_urb,2024,29.965
zmb,sex_f,age_ythadult_yge25,geo_cov_nat,2017,14.12
zmb,sex_f,age_ythadult_yge25,geo_cov_nat,2018,16.798
zmb,sex_f,age_ythadult_yge25,geo_cov_nat,2019,14.659
zmb,sex_f,age_ythadult_yge25,geo_cov_nat,2020,15.143
zmb,sex_f,age_ythadult_yge25,geo_cov_nat,2021,16.274
zmb,sex_f,age_ythadult_yge25,geo_cov_nat,2022,17.355
zmb,sex_f,age_ythadult_yge25,geo_cov_nat,2023,15.219
zmb,sex_f,age_ythadult_yge25,geo_cov_nat,2024,14.124
zmb,sex_f,age_ythadult_yge25,geo_cov_rur,2017,7.527
zmb,sex_f,age_ythadult_yge25,geo_cov_rur,2018,9.865
zmb,sex_f,age_ythadult_yge25,geo_cov_rur,2019,8.398
zmb,sex_f,age_ythadult_yge25,geo_cov_rur,2020,6.784
zmb,sex_f,age_ythadult_yge25,geo_cov_rur,2021,8.015
zmb,sex_f,age_ythadult_yge25,geo_cov_rur,2022,7.494
zmb,sex_f,age_ythadult_yge25,geo_cov_rur,2023,7.523
zmb,sex_f,age_ythadult_yge25,geo_cov_rur,2024,7.945
zmb,sex_f,age_ythadult_yge25,geo_cov_urb,2017,23.328
zmb,sex_f,age_ythadult_yge25,geo_cov_urb,2018,26.097
zmb,sex_f,age_ythadult_yge25,geo_cov_urb,2019,22.506
zmb,sex_f,age_ythadult_yge25,geo_cov_urb,2020,24.859
zmb,sex_f,age_ythadult_yge25,geo_cov_urb,2021,25.757
zmb,sex_f,age_ythadult_yge25,geo_cov_urb,2022,28.14
zmb,sex_f,age_ythadult_yge25,geo_cov_urb,2023,23.484
zmb,sex_f,age_ythadult_yge25,geo_cov_urb,2024,22.524
zmb,sex_m,age_aggregate_total,geo_cov_nat,2017,13.32
zmb,sex_m,age_aggregate_total,geo_cov_nat,2018,16.031
zmb,sex_m,age_aggregate_total,geo_cov_nat,2019,15.95
zmb,sex_m,age_aggregate_total,geo_cov_nat,2020,14.036
zmb,sex_m,age_aggregate_total,geo_cov_nat,2021,14.282
zmb,sex_m,age_aggregate_total,geo_cov_nat,2022,16.495
zmb,sex_m,age_aggregate_total,geo_cov_nat,2023,15.337
zmb,sex_m,age_aggregate_total,geo_cov_nat,2024,13.587
zmb,sex_m,age_aggregate_total,geo_cov_rur,2017,9.349
zmb,sex_m,age_aggregate_total,geo_cov_rur,2018,12.796
zmb,sex_m,age_aggregate_total,geo_cov_rur,2019,13.037
zmb,sex_m,age_aggregate_total,geo_cov_rur,2020,10.046
zmb,sex_m,age_aggregate_total,geo_cov_rur,2021,9.751
zmb,sex_m,age_aggregate_total,geo_cov_rur,2022,9.983
zmb,sex_m,age_aggregate_total,geo_cov_rur,2023,9.699
zmb,sex_m,age_aggregate_total,geo_cov_rur,2024,8.972
zmb,sex_m,age_aggregate_total,geo_cov_urb,2017,18.29
zmb,sex_m,age_aggregate_total,geo_cov_urb,2018,19.935
zmb,sex_m,age_aggregate_total,geo_cov_urb,2019,19.539
zmb,sex_m,age_aggregate_total,geo_cov_urb,2020,18.645
zmb,sex_m,age_aggregate_total,geo_cov_urb,2021,19.36
zmb,sex_m,age_aggregate_total,geo_cov_urb,2022,23.774
zmb,sex_m,age_aggregate_total,geo_cov_urb,2023,21.504
zmb,sex_m,age_aggregate_total,geo_cov_urb,2024,20.13
zmb,sex_m,age_aggregate_y15_24,geo_cov_nat,2017,27.206
zmb,sex_m,age_aggregate_y15_24,geo_cov_nat,2018,31.296
zmb,sex_m,age_aggregate_y15_24,geo_cov_nat,2019,30.97
zmb,sex_m,age_aggregate_y15_24,geo_cov_nat,2020,28.069
zmb,sex_m,age_aggregate_y15_24,geo_cov_nat,2021,27.394
zmb,sex_m,age_aggregate_y15_24,geo_cov_nat,2022,31.023
zmb,sex_m,age_aggregate_y15_24,geo_cov_nat,2023,29.496
zmb,sex_m,age_aggregate_y15_24,geo_cov_nat,2024,26.903
zmb,sex_m,age_aggregate_y15_24,geo_cov_rur,2017,17.277
zmb,sex_m,age_aggregate_y15_24,geo_cov_rur,2018,21.506
zmb,sex_m,age_aggregate_y15_24,geo_cov_rur,2019,21.577
zmb,sex_m,age_aggregate_y15_24,geo_cov_rur,2020,17.902
zmb,sex_m,age_aggregate_y15_24,geo_cov_rur,2021,16.471
zmb,sex_m,age_aggregate_y15_24,geo_cov_rur,2022,16.27
zmb,sex_m,age_aggregate_y15_24,geo_cov_rur,2023,16.748
zmb,sex_m,age_aggregate_y15_24,geo_cov_rur,2024,16.144
zmb,sex_m,age_aggregate_y15_24,geo_cov_urb,2017,44.423
zmb,sex_m,age_aggregate_y15_24,geo_cov_urb,2018,48.607
zmb,sex_m,age_aggregate_y15_24,geo_cov_urb,2019,49.395
zmb,sex_m,age_aggregate_y15_24,geo_cov_urb,2020,47.602
zmb,sex_m,age_aggregate_y15_24,geo_cov_urb,2021,46.2
zmb,sex_m,age_aggregate_y15_24,geo_cov_urb,2022,56.58
zmb,sex_m,age_aggregate_y15_24,geo_cov_urb,2023,50.513
zmb,sex_m,age_aggregate_y15_24,geo_cov_urb,2024,52.772
zmb,sex_m,age_aggregate_y25_54,geo_cov_nat,2017,8.98
zmb,sex_m,age_aggregate_y25_54,geo_cov_nat,2018,11.685
zmb,sex_m,age_aggregate_y25_54,geo_cov_nat,2019,11.867
zmb,sex_m,age_aggregate_y25_54,geo_cov_nat,2020,10.201
zmb,sex_m,age_aggregate_y25_54,geo_cov_nat,2021,9.899
zmb,sex_m,age_aggregate_y25_54,geo_cov_nat,2022,12.459
zmb,sex_m,age_aggregate_y25_54,geo_cov_nat,2023,11.636
zmb,sex_m,age_aggregate_y25_54,geo_cov_nat,2024,9.908
zmb,sex_m,age_aggregate_y25_54,geo_cov_rur,2017,6.46
zmb,sex_m,age_aggregate_y25_54,geo_cov_rur,2018,9.993
zmb,sex_m,age_aggregate_y25_54,geo_cov_rur,2019,10.333
zmb,sex_m,age_aggregate_y25_54,geo_cov_rur,2020,7.224
zmb,sex_m,age_aggregate_y25_54,geo_cov_rur,2021,6.797
zmb,sex_m,age_aggregate_y25_54,geo_cov_rur,2022,8.297
zmb,sex_m,age_aggregate_y25_54,geo_cov_rur,2023,7.389
zmb,sex_m,age_aggregate_y25_54,geo_cov_rur,2024,6.445
zmb,sex_m,age_aggregate_y25_54,geo_cov_urb,2017,11.626
zmb,sex_m,age_aggregate_y25_54,geo_cov_urb,2018,13.366
zmb,sex_m,age_aggregate_y25_54,geo_cov_urb,2019,13.441
zmb,sex_m,age_aggregate_y25_54,geo_cov_urb,2020,12.992
zmb,sex_m,age_aggregate_y25_54,geo_cov_urb,2021,12.658
zmb,sex_m,age_aggregate_y25_54,geo_cov_urb,2022,16.185
zmb,sex_m,age_aggregate_y25_54,geo_cov_urb,2023,15.471
zmb,sex_m,age_aggregate_y25_54,geo_cov_urb,2024,13.883
zmb,sex_m,age_aggregate_y55_64,geo_cov_nat,2017,7.037
zmb,sex_m,age_aggregate_y55_64,geo_cov_nat,2018,8.555
zmb,sex_m,age_aggregate_y55_64,geo_cov_nat,2019,7.745
zmb,sex_m,age_aggregate_y55_64,geo_cov_nat,2020,7.229
zmb,sex_m,age_aggregate_y55_64,geo_cov_nat,2021,7.295
zmb,sex_m,age_aggregate_y55_64,geo_cov_nat,2022,8.3
zmb,sex_m,age_aggregate_y55_64,geo_cov_nat,2023,5.44
zmb,sex_m,age_aggregate_y55_64,geo_cov_nat,2024,4.91
zmb,sex_m,age_aggregate_y55_64,geo_cov_rur,2017,4.92
zmb,sex_m,age_aggregate_y55_64,geo_cov_rur,2018,7.129
zmb,sex_m,age_aggregate_y55_64,geo_cov_rur,2019,6.402
zmb,sex_m,age_aggregate_y55_64,geo_cov_rur,2020,5.985
zmb,sex_m,age_aggregate_y55_64,geo_cov_rur,2021,6.392
zmb,sex_m,age_aggregate_y55_64,geo_cov_rur,2022,3.327
zmb,sex_m,age_aggregate_y55_64,geo_cov_rur,2023,4.147
zmb,sex_m,age_aggregate_y55_64,geo_cov_rur,2024,3.399
zmb,sex_m,age_aggregate_y55_64,geo_cov_urb,2017,9.91
zmb,sex_m,age_aggregate_y55_64,geo_cov_urb,2018,10.831
zmb,sex_m,age_aggregate_y55_64,geo_cov_urb,2019,9.525
zmb,sex_m,age_aggregate_y55_64,geo_cov_urb,2020,8.816
zmb,sex_m,age_aggregate_y55_64,geo_cov_urb,2021,8.643
zmb,sex_m,age_aggregate_y55_64,geo_cov_urb,2022,15.317
zmb,sex_m,age_aggregate_y55_64,geo_cov_urb,2023,7.136
zmb,sex_m,age_aggregate_y55_64,geo_cov_urb,2024,7.063
zmb,sex_m,age_aggregate_yge65,geo_cov_nat,2017,6.221
zmb,sex_m,age_aggregate_yge65,geo_cov_nat,2018,5.642
zmb,sex_m,age_aggregate_yge65,geo_cov_nat,2019,3.564
zmb,sex_m,age_aggregate_yge65,geo_cov_nat,2020,1.302
zmb,sex_m,age_aggregate_yge65,geo_cov_nat,2021,5.33
zmb,sex_m,age_aggregate_yge65,geo_cov_nat,2022,3.08
zmb,sex_m,age_aggregate_yge65,geo_cov_nat,2023,5.286
zmb,sex_m,age_aggregate_yge65,geo_cov_nat,2024,2.836
zmb,sex_m,age_aggregate_yge65,geo_cov_rur,2017,4.44
zmb,sex_m,age_aggregate_yge65,geo_cov_rur,2018,4.382
zmb,sex_m,age_aggregate_yge65,geo_cov_rur,2019,2.263
zmb,sex_m,age_aggregate_yge65,geo_cov_rur,2021,3.829
zmb,sex_m,age_aggregate_yge65,geo_cov_rur,2023,3.7
zmb,sex_m,age_aggregate_yge65,geo_cov_urb,2017,10.435
zmb,sex_m,age_aggregate_yge65,geo_cov_urb,2018,8.774
zmb,sex_m,age_aggregate_yge65,geo_cov_urb,2019,5.486
zmb,sex_m,age_aggregate_yge65,geo_cov_urb,2021,8.294
zmb,sex_m,age_aggregate_yge65,geo_cov_urb,2022,8.309
zmb,sex_m,age_aggregate_yge65,geo_cov_urb,2023,8.137
zmb,sex_m,age_aggregate_yge65,geo_cov_urb,2024,5.441
zmb,sex_m,age_ythadult_y15_24,geo_cov_nat,2017,27.206
zmb,sex_m,age_ythadult_y15_24,geo_cov_nat,2018,31.296
zmb,sex_m,age_ythadult_y15_24,geo_cov_nat,2019,30.97
zmb,sex_m,age_ythadult_y15_24,geo_cov_nat,2020,28.069
zmb,sex_m,age_ythadult_y15_24,geo_cov_nat,2021,27.394
zmb,sex_m,age_ythadult_y15_24,geo_cov_nat,2022,31.023
zmb,sex_m,age_ythadult_y15_24,geo_cov_nat,2023,29.496
zmb,sex_m,age_ythadult_y15_24,geo_cov_nat,2024,26.903
zmb,sex_m,age_ythadult_y15_24,geo_cov_rur,2017,17.277
zmb,sex_m,age_ythadult_y15_24,geo_cov_rur,2018,21.506
zmb,sex_m,age_ythadult_y15_24,geo_cov_rur,2019,21.577
zmb,sex_m,age_ythadult_y15_24,geo_cov_rur,2020,17.902
zmb,sex_m,age_ythadult_y15_24,geo_cov_rur,2021,16.471
zmb,sex_m,age_ythadult_y15_24,geo_cov_rur,2022,16.27
zmb,sex_m,age_ythadult_y15_24,geo_cov_rur,2023,16.748
zmb,sex_m,age_ythadult_y15_24,geo_cov_rur,2024,16.144
zmb,sex_m,age_ythadult_y15_24,geo_cov_urb,2017,44.423
zmb,sex_m,age_ythadult_y15_24,geo_cov_urb,2018,48.607
zmb,sex_m,age_ythadult_y15_24,geo_cov_urb,2019,49.395
zmb,sex_m,age_ythadult_y15_24,geo_cov_urb,2020,47.602
zmb,sex_m,age_ythadult_y15_24,geo_cov_urb,2021,46.2
zmb,sex_m,age_ythadult_y15_24,geo_cov_urb,2022,56.58
zmb,sex_m,age_ythadult_y15_24,geo_cov_urb,2023,50.513
zmb,sex_m,age_ythadult_y15_24,geo_cov_urb,2024,52.772
zmb,sex_m,age_ythadult_y15_64,geo_cov_nat,2017,13.682
zmb,sex_m,age_ythadult_y15_64,geo_cov_nat,2018,16.418
zmb,sex_m,age_ythadult_y15_64,geo_cov_nat,2019,16.444
zmb,sex_m,age_ythadult_y15_64,geo_cov_nat,2020,14.479
zmb,sex_m,age_ythadult_y15_64,geo_cov_nat,2021,14.595
zmb,sex_m,age_ythadult_y15_64,geo_cov_nat,2022,16.998
zmb,sex_m,age_ythadult_y15_64,geo_cov_nat,2023,15.736
zmb,sex_m,age_ythadult_y15_64,geo_cov_nat,2024,13.973
zmb,sex_m,age_ythadult_y15_64,geo_cov_rur,2017,9.67
zmb,sex_m,age_ythadult_y15_64,geo_cov_rur,2018,13.21
zmb,sex_m,age_ythadult_y15_64,geo_cov_rur,2019,13.503
zmb,sex_m,age_ythadult_y15_64,geo_cov_rur,2021,10.014
zmb,sex_m,age_ythadult_y15_64,geo_cov_rur,2022,10.443
zmb,sex_m,age_ythadult_y15_64,geo_cov_rur,2023,9.995
zmb,sex_m,age_ythadult_y15_64,geo_cov_rur,2024,9.284
zmb,sex_m,age_ythadult_y15_64,geo_cov_urb,2017,18.554
zmb,sex_m,age_ythadult_y15_64,geo_cov_urb,2018,20.195
zmb,sex_m,age_ythadult_y15_64,geo_cov_urb,2019,20.041
zmb,sex_m,age_ythadult_y15_64,geo_cov_urb,2020,19.072
zmb,sex_m,age_ythadult_y15_64,geo_cov_urb,2021,19.633
zmb,sex_m,age_ythadult_y15_64,geo_cov_urb,2022,24.148
zmb,sex_m,age_ythadult_y15_64,geo_cov_urb,2023,21.897
zmb,sex_m,age_ythadult_y15_64,geo_cov_urb,2024,20.514
zmb,sex_m,age_ythadult_yge15,geo_cov_nat,2017,13.32
zmb,sex_m,age_ythadult_yge15,geo_cov_nat,2018,16.031
zmb,sex_m,age_ythadult_yge15,geo_cov_nat,2019,15.95
zmb,sex_m,age_ythadult_yge15,geo_cov_nat,2020,14.036
zmb,sex_m,age_ythadult_yge15,geo_cov_nat,2021,14.282
zmb,sex_m,age_ythadult_yge15,geo_cov_nat,2022,16.495
zmb,sex_m,age_ythadult_yge15,geo_cov_nat,2023,15.337
zmb,sex_m,age_ythadult_yge15,geo_cov_nat,2024,13.587
zmb,sex_m,age_ythadult_yge15,geo_cov_rur,2017,9.349
zmb,sex_m,age_ythadult_yge15,geo_cov_rur,2018,12.796
zmb,sex_m,age_ythadult_yge15,geo_cov_rur,2019,13.037
zmb,sex_m,age_ythadult_yge15,geo_cov_rur,2020,10.046
zmb,sex_m,age_ythadult_yge15,geo_cov_rur,2021,9.751
zmb,sex_m,age_ythadult_yge15,geo_cov_rur,2022,9.983
zmb,sex_m,age_ythadult_yge15,geo_cov_rur,2023,9.699
zmb,sex_m,age_ythadult_yge15,geo_cov_rur,2024,8.972
zmb,sex_m,age_ythadult_yge15,geo_cov_urb,2017,18.29
zmb,sex_m,age_ythadult_yge15,geo_cov_urb,2018,19.935
zmb,sex_m,age_ythadult_yge15,geo_cov_urb,2019,19.539
zmb,sex_m,age_ythadult_yge15,geo_cov_urb,2020,18.645
zmb,sex_m,age_ythadult_yge15,geo_cov_urb,2021,19.36
zmb,sex_m,age_ythadult_yge15,geo_cov_urb,2022,23.774
zmb,sex_m,age_ythadult_yge15,geo_cov_urb,2023,21.504
zmb,sex_m,age_ythadult_yge15,geo_cov_urb,2024,20.13
zmb,sex_m,age_ythadult_yge25,geo_cov_nat,2017,8.648
zmb,sex_m,age_ythadult_yge25,geo_cov_nat,2018,11.158
zmb,sex_m,age_ythadult_yge25,geo_cov_nat,2019,11.107
zmb,sex_m,age_ythadult_yge25,geo_cov_nat,2020,9.57
zmb,sex_m,age_ythadult_yge25,geo_cov_nat,2021,9.471
zmb,sex_m,age_ythadult_yge25,geo_cov_nat,2022,11.656
zmb,sex_m,age_ythadult_yge25,geo_cov_nat,2023,10.818
zmb,sex_m,age_ythadult_yge25,geo_cov_nat,2024,9.153
zmb,sex_m,age_ythadult_yge25,geo_cov_rur,2017,6.153
zmb,sex_m,age_ythadult_yge25,geo_cov_rur,2018,9.365
zmb,sex_m,age_ythadult_yge25,geo_cov_rur,2019,9.504
zmb,sex_m,age_ythadult_yge25,geo_cov_rur,2020,6.741
zmb,sex_m,age_ythadult_yge25,geo_cov_rur,2021,6.57
zmb,sex_m,age_ythadult_yge25,geo_cov_rur,2022,7.288
zmb,sex_m,age_ythadult_yge25,geo_cov_rur,2023,6.844
zmb,sex_m,age_ythadult_yge25,geo_cov_rur,2024,5.886
zmb,sex_m,age_ythadult_yge25,geo_cov_urb,2017,11.455
zmb,sex_m,age_ythadult_yge25,geo_cov_urb,2018,13.081
zmb,sex_m,age_ythadult_yge25,geo_cov_urb,2019,12.818
zmb,sex_m,age_ythadult_yge25,geo_cov_urb,2020,12.369
zmb,sex_m,age_ythadult_yge25,geo_cov_urb,2021,12.261
zmb,sex_m,age_ythadult_yge25,geo_cov_urb,2022,15.895
zmb,sex_m,age_ythadult_yge25,geo_cov_urb,2023,14.644
zmb,sex_m,age_ythadult_yge25,geo_cov_urb,2024,13.091
zmb,sex_t,age_aggregate_total,geo_cov_nat,2017,15.706
zmb,sex_t,age_aggregate_total,geo_cov_nat,2018,18.392
zmb,sex_t,age_aggregate_total,geo_cov_nat,2019,17.448
zmb,sex_t,age_aggregate_total,geo_cov_nat,2020,16.381
zmb,sex_t,age_aggregate_total,geo_cov_nat,2021,16.835
zmb,sex_t,age_aggregate_total,geo_cov_nat,2022,18.686
zmb,sex_t,age_aggregate_total,geo_cov_nat,2023,17.383
zmb,sex_t,age_aggregate_total,geo_cov_nat,2024,16.194
zmb,sex_t,age_aggregate_total,geo_cov_rur,2017,9.559
zmb,sex_t,age_aggregate_total,geo_cov_rur,2018,12.746
zmb,sex_t,age_aggregate_total,geo_cov_rur,2019,12.199
zmb,sex_t,age_aggregate_total,geo_cov_rur,2020,9.912
zmb,sex_t,age_aggregate_total,geo_cov_rur,2021,10.037
zmb,sex_t,age_aggregate_total,geo_cov_rur,2022,9.958
zmb,sex_t,age_aggregate_total,geo_cov_rur,2023,10.008
zmb,sex_t,age_aggregate_total,geo_cov_rur,2024,10.434
zmb,sex_t,age_aggregate_total,geo_cov_urb,2017,24.159
zmb,sex_t,age_aggregate_total,geo_cov_urb,2018,25.891
zmb,sex_t,age_aggregate_total,geo_cov_urb,2019,24.288
zmb,sex_t,age_aggregate_total,geo_cov_urb,2020,24.336
zmb,sex_t,age_aggregate_total,geo_cov_urb,2021,24.964
zmb,sex_t,age_aggregate_total,geo_cov_urb,2022,28.886
zmb,sex_t,age_aggregate_total,geo_cov_urb,2023,25.749
zmb,sex_t,age_aggregate_total,geo_cov_urb,2024,24.657
zmb,sex_t,age_aggregate_y15_24,geo_cov_nat,2017,27.891
zmb,sex_t,age_aggregate_y15_24,geo_cov_nat,2018,31.662
zmb,sex_t,age_aggregate_y15_24,geo_cov_nat,2019,31.012
zmb,sex_t,age_aggregate_y15_24,geo_cov_nat,2020,28.289
zmb,sex_t,age_aggregate_y15_24,geo_cov_nat,2021,28.498
zmb,sex_t,age_aggregate_y15_24,geo_cov_nat,2022,31.813
zmb,sex_t,age_aggregate_y15_24,geo_cov_nat,2023,31.06
zmb,sex_t,age_aggregate_y15_24,geo_cov_nat,2024,29.841
zmb,sex_t,age_aggregate_y15_24,geo_cov_rur,2017,15.943
zmb,sex_t,age_aggregate_y15_24,geo_cov_rur,2018,20.376
zmb,sex_t,age_aggregate_y15_24,geo_cov_rur,2019,19.821
zmb,sex_t,age_aggregate_y15_24,geo_cov_rur,2020,17.031
zmb,sex_t,age_aggregate_y15_24,geo_cov_rur,2021,16.291
zmb,sex_t,age_aggregate_y15_24,geo_cov_rur,2022,16.195
zmb,sex_t,age_aggregate_y15_24,geo_cov_rur,2023,17.053
zmb,sex_t,age_aggregate_y15_24,geo_cov_rur,2024,18.727
zmb,sex_t,age_aggregate_y15_24,geo_cov_urb,2017,49.608
zmb,sex_t,age_aggregate_y15_24,geo_cov_urb,2018,52.443
zmb,sex_t,age_aggregate_y15_24,geo_cov_urb,2019,52.316
zmb,sex_t,age_aggregate_y15_24,geo_cov_urb,2020,49.379
zmb,sex_t,age_aggregate_y15_24,geo_cov_urb,2021,50.08
zmb,sex_t,age_aggregate_y15_24,geo_cov_urb,2022,59.192
zmb,sex_t,age_aggregate_y15_24,geo_cov_urb,2023,53.643
zmb,sex_t,age_aggregate_y15_24,geo_cov_urb,2024,55.204
zmb,sex_t,age_aggregate_y25_54,geo_cov_nat,2017,11.841
zmb,sex_t,age_aggregate_y25_54,geo_cov_nat,2018,15.085
zmb,sex_t,age_aggregate_y25_54,geo_cov_nat,2019,13.94
zmb,sex_t,age_aggregate_y25_54,geo_cov_nat,2020,13.345
zmb,sex_t,age_aggregate_y25_54,geo_cov_nat,2021,13.727
zmb,sex_t,age_aggregate_y25_54,geo_cov_nat,2022,15.7
zmb,sex_t,age_aggregate_y25_54,geo_cov_nat,2023,14.114
zmb,sex_t,age_aggregate_y25_54,geo_cov_nat,2024,12.497
zmb,sex_t,age_aggregate_y25_54,geo_cov_rur,2017,7.054
zmb,sex_t,age_aggregate_y25_54,geo_cov_rur,2018,10.665
zmb,sex_t,age_aggregate_y25_54,geo_cov_rur,2019,9.84
zmb,sex_t,age_aggregate_y25_54,geo_cov_rur,2020,7.524
zmb,sex_t,age_aggregate_y25_54,geo_cov_rur,2021,7.747
zmb,sex_t,age_aggregate_y25_54,geo_cov_rur,2022,8.415
zmb,sex_t,age_aggregate_y25_54,geo_cov_rur,2023,7.806
zmb,sex_t,age_aggregate_y25_54,geo_cov_rur,2024,7.602
zmb,sex_t,age_aggregate_y25_54,geo_cov_urb,2017,17.328
zmb,sex_t,age_aggregate_y25_54,geo_cov_urb,2018,19.918
zmb,sex_t,age_aggregate_y25_54,geo_cov_urb,2019,18.45
zmb,sex_t,age_aggregate_y25_54,geo_cov_urb,2020,19.181
zmb,sex_t,age_aggregate_y25_54,geo_cov_urb,2021,19.505
zmb,sex_t,age_aggregate_y25_54,geo_cov_urb,2022,22.584
zmb,sex_t,age_aggregate_y25_54,geo_cov_urb,2023,20.043
zmb,sex_t,age_aggregate_y25_54,geo_cov_urb,2024,18.384
zmb,sex_t,age_aggregate_y55_64,geo_cov_nat,2017,8.004
zmb,sex_t,age_aggregate_y55_64,geo_cov_nat,2018,7.104
zmb,sex_t,age_aggregate_y55_64,geo_cov_nat,2019,5.899
zmb,sex_t,age_aggregate_y55_64,geo_cov_nat,2020,6.053
zmb,sex_t,age_aggregate_y55_64,geo_cov_nat,2021,6.541
zmb,sex_t,age_aggregate_y55_64,geo_cov_nat,2022,7.088
zmb,sex_t,age_aggregate_y55_64,geo_cov_nat,2023,5.677
zmb,sex_t,age_aggregate_y55_64,geo_cov_nat,2024,5.266
zmb,sex_t,age_aggregate_y55_64,geo_cov_rur,2017,5.49
zmb,sex_t,age_aggregate_y55_64,geo_cov_rur,2018,5.928
zmb,sex_t,age_aggregate_y55_64,geo_cov_rur,2019,4.977
zmb,sex_t,age_aggregate_y55_64,geo_cov_rur,2020,3.656
zmb,sex_t,age_aggregate_y55_64,geo_cov_rur,2021,6.303
zmb,sex_t,age_aggregate_y55_64,geo_cov_rur,2022,3.008
zmb,sex_t,age_aggregate_y55_64,geo_cov_rur,2023,4.878
zmb,sex_t,age_aggregate_y55_64,geo_cov_rur,2024,3.691
zmb,sex_t,age_aggregate_y55_64,geo_cov_urb,2017,11.914
zmb,sex_t,age_aggregate_y55_64,geo_cov_urb,2018,9.176
zmb,sex_t,age_aggregate_y55_64,geo_cov_urb,2019,7.252
zmb,sex_t,age_aggregate_y55_64,geo_cov_urb,2020,9.376
zmb,sex_t,age_aggregate_y55_64,geo_cov_urb,2021,6.917
zmb,sex_t,age_aggregate_y55_64,geo_cov_urb,2022,13.38
zmb,sex_t,age_aggregate_y55_64,geo_cov_urb,2023,6.875
zmb,sex_t,age_aggregate_y55_64,geo_cov_urb,2024,7.824
zmb,sex_t,age_aggregate_yge65,geo_cov_nat,2017,7.698
zmb,sex_t,age_aggregate_yge65,geo_cov_nat,2018,3.97
zmb,sex_t,age_aggregate_yge65,geo_cov_nat,2019,3.777
zmb,sex_t,age_aggregate_yge65,geo_cov_nat,2020,2.279
zmb,sex_t,age_aggregate_yge65,geo_cov_nat,2021,5.697
zmb,sex_t,age_aggregate_yge65,geo_cov_nat,2022,2.994
zmb,sex_t,age_aggregate_yge65,geo_cov_nat,2023,3.789
zmb,sex_t,age_aggregate_yge65,geo_cov_nat,2024,3.673
zmb,sex_t,age_aggregate_yge65,geo_cov_rur,2017,6.268
zmb,sex_t,age_aggregate_yge65,geo_cov_rur,2018,2.712
zmb,sex_t,age_aggregate_yge65,geo_cov_rur,2019,2.703
zmb,sex_t,age_aggregate_yge65,geo_cov_rur,2020,1.278
zmb,sex_t,age_aggregate_yge65,geo_cov_rur,2021,3.065
zmb,sex_t,age_aggregate_yge65,geo_cov_rur,2022,1.101
zmb,sex_t,age_aggregate_yge65,geo_cov_rur,2023,2.693
zmb,sex_t,age_aggregate_yge65,geo_cov_rur,2024,1.6
zmb,sex_t,age_aggregate_yge65,geo_cov_urb,2017,11.99
zmb,sex_t,age_aggregate_yge65,geo_cov_urb,2018,7.549
zmb,sex_t,age_aggregate_yge65,geo_cov_urb,2019,5.557
zmb,sex_t,age_aggregate_yge65,geo_cov_urb,2020,4.496
zmb,sex_t,age_aggregate_yge65,geo_cov_urb,2021,11.904
zmb,sex_t,age_aggregate_yge65,geo_cov_urb,2022,7.784
zmb,sex_t,age_aggregate_yge65,geo_cov_urb,2023,5.996
zmb,sex_t,age_aggregate_yge65,geo_cov_urb,2024,9.004
zmb,sex_t,age_ythadult_y15_24,geo_cov_nat,2017,27.891
zmb,sex_t,age_ythadult_y15_24,geo_cov_nat,2018,31.662
zmb,sex_t,age_ythadult_y15_24,geo_cov_nat,2019,31.012
zmb,sex_t,age_ythadult_y15_24,geo_cov_nat,2020,28.289
zmb,sex_t,age_ythadult_y15_24,geo_cov_nat,2021,28.498
zmb,sex_t,age_ythadult_y15_24,geo_cov_nat,2022,31.813
zmb,sex_t,age_ythadult_y15_24,geo_cov_nat,2023,31.06
zmb,sex_t,age_ythadult_y15_24,geo_cov_nat,2024,29.841
zmb,sex_t,age_ythadult_y15_24,geo_cov_rur,2017,15.943
zmb,sex_t,age_ythadult_y15_24,geo_cov_rur,2018,20.376
zmb,sex_t,age_ythadult_y15_24,geo_cov_rur,2019,19.821
zmb,sex_t,age_ythadult_y15_24,geo_cov_rur,2020,17.031
zmb,sex_t,age_ythadult_y15_24,geo_cov_rur,2021,16.291
zmb,sex_t,age_ythadult_y15_24,geo_cov_rur,2022,16.195
zmb,sex_t,age_ythadult_y15_24,geo_cov_rur,2023,17.053
zmb,sex_t,age_ythadult_y15_24,geo_cov_rur,2024,18.727
zmb,sex_t,age_ythadult_y15_24,geo_cov_urb,2017,49.608
zmb,sex_t,age_ythadult_y15_24,geo_cov_urb,2018,52.443
zmb,sex_t,age_ythadult_y15_24,geo_cov_urb,2019,52.316
zmb,sex_t,age_ythadult_y15_24,geo_cov_urb,2020,49.379
zmb,sex_t,age_ythadult_y15_24,geo_cov_urb,2021,50.08
zmb,sex_t,age_ythadult_y15_24,geo_cov_urb,2022,59.192
zmb,sex_t,age_ythadult_y15_24,geo_cov_urb,2023,53.643
zmb,sex_t,age_ythadult_y15_24,geo_cov_urb,2024,55.204
zmb,sex_t,age_ythadult_y15_64,geo_cov_nat,2017,16.114
zmb,sex_t,age_ythadult_y15_64,geo_cov_nat,2018,19.016
zmb,sex_t,age_ythadult_y15_64,geo_cov_nat,2019,17.986
zmb,sex_t,age_ythadult_y15_64,geo_cov_nat,2020,16.9
zmb,sex_t,age_ythadult_y15_64,geo_cov_nat,2021,17.242
zmb,sex_t,age_ythadult_y15_64,geo_cov_nat,2022,19.264
zmb,sex_t,age_ythadult_y15_64,geo_cov_nat,2023,17.926
zmb,sex_t,age_ythadult_y15_64,geo_cov_nat,2024,16.652
zmb,sex_t,age_ythadult_y15_64,geo_cov_rur,2017,9.779
zmb,sex_t,age_ythadult_y15_64,geo_cov_rur,2018,13.316
zmb,sex_t,age_ythadult_y15_64,geo_cov_rur,2019,12.614
zmb,sex_t,age_ythadult_y15_64,geo_cov_rur,2021,10.369
zmb,sex_t,age_ythadult_y15_64,geo_cov_rur,2022,10.396
zmb,sex_t,age_ythadult_y15_64,geo_cov_rur,2023,10.38
zmb,sex_t,age_ythadult_y15_64,geo_cov_rur,2024,10.828
zmb,sex_t,age_ythadult_y15_64,geo_cov_urb,2017,24.52
zmb,sex_t,age_ythadult_y15_64,geo_cov_urb,2018,26.363
zmb,sex_t,age_ythadult_y15_64,geo_cov_urb,2019,24.924
zmb,sex_t,age_ythadult_y15_64,geo_cov_urb,2020,24.838
zmb,sex_t,age_ythadult_y15_64,geo_cov_urb,2021,25.272
zmb,sex_t,age_ythadult_y15_64,geo_cov_urb,2022,29.357
zmb,sex_t,age_ythadult_y15_64,geo_cov_urb,2023,26.302
zmb,sex_t,age_ythadult_y15_64,geo_cov_urb,2024,25.049
zmb,sex_t,age_ythadult_yge15,geo_cov_nat,2017,15.706
zmb,sex_t,age_ythadult_yge15,geo_cov_nat,2018,18.392
zmb,sex_t,age_ythadult_yge15,geo_cov_nat,2019,17.448
zmb,sex_t,age_ythadult_yge15,geo_cov_nat,2020,16.381
zmb,sex_t,age_ythadult_yge15,geo_cov_nat,2021,16.835
zmb,sex_t,age_ythadult_yge15,geo_cov_nat,2022,18.686
zmb,sex_t,age_ythadult_yge15,geo_cov_nat,2023,17.383
zmb,sex_t,age_ythadult_yge15,geo_cov_nat,2024,16.194
zmb,sex_t,age_ythadult_yge15,geo_cov_rur,2017,9.559
zmb,sex_t,age_ythadult_yge15,geo_cov_rur,2018,12.746
zmb,sex_t,age_ythadult_yge15,geo_cov_rur,2019,12.199
zmb,sex_t,age_ythadult_yge15,geo_cov_rur,2020,9.912
zmb,sex_t,age_ythadult_yge15,geo_cov_rur,2021,10.037
zmb,sex_t,age_ythadult_yge15,geo_cov_rur,2022,9.958
zmb,sex_t,age_ythadult_yge15,geo_cov_rur,2023,10.008
zmb,sex_t,age_ythadult_yge15,geo_cov_rur,2024,10.434
zmb,sex_t,age_ythadult_yge15,geo_cov_urb,2017,24.159
zmb,sex_t,age_ythadult_yge15,geo_cov_urb,2018,25.891
zmb,sex_t,age_ythadult_yge15,geo_cov_urb,2019,24.288
zmb,sex_t,age_ythadult_yge15,geo_cov_urb,2020,24.336
zmb,sex_t,age_ythadult_yge15,geo_cov_urb,2021,24.964
zmb,sex_t,age_ythadult_yge15,geo_cov_urb,2022,28.886
zmb,sex_t,age_ythadult_yge15,geo_cov_urb,2023,25.749
zmb,sex_t,age_ythadult_yge15,geo_cov_urb,2024,24.657
zmb,sex_t,age_ythadult_yge25,geo_cov_nat,2017,11.239
zmb,sex_t,age_ythadult_yge25,geo_cov_nat,2018,13.823
zmb,sex_t,age_ythadult_yge25,geo_cov_nat,2019,12.758
zmb,sex_t,age_ythadult_yge25,geo_cov_nat,2020,12.207
zmb,sex_t,age_ythadult_yge25,geo_cov_nat,2021,12.741
zmb,sex_t,age_ythadult_yge25,geo_cov_nat,2022,14.385
zmb,sex_t,age_ythadult_yge25,geo_cov_nat,2023,12.894
zmb,sex_t,age_ythadult_yge25,geo_cov_nat,2024,11.472
zmb,sex_t,age_ythadult_yge25,geo_cov_rur,2017,6.837
zmb,sex_t,age_ythadult_yge25,geo_cov_rur,2018,9.614
zmb,sex_t,age_ythadult_yge25,geo_cov_rur,2019,8.969
zmb,sex_t,age_ythadult_yge25,geo_cov_rur,2020,6.762
zmb,sex_t,age_ythadult_yge25,geo_cov_rur,2021,7.296
zmb,sex_t,age_ythadult_yge25,geo_cov_rur,2022,7.389
zmb,sex_t,age_ythadult_yge25,geo_cov_rur,2023,7.173
zmb,sex_t,age_ythadult_yge25,geo_cov_rur,2024,6.873
zmb,sex_t,age_ythadult_yge25,geo_cov_urb,2017,16.724
zmb,sex_t,age_ythadult_yge25,geo_cov_urb,2018,18.838
zmb,sex_t,age_ythadult_yge25,geo_cov_urb,2019,17.115
zmb,sex_t,age_ythadult_yge25,geo_cov_urb,2020,18.021
zmb,sex_t,age_ythadult_yge25,geo_cov_urb,2021,18.444
zmb,sex_t,age_ythadult_yge25,geo_cov_urb,2022,21.573
zmb,sex_t,age_ythadult_yge25,geo_cov_urb,2023,18.693
zmb,sex_t,age_ythadult_yge25,geo_cov_urb,2024,17.332
zwe,sex_f,age_aggregate_total,geo_cov_nat,2014,15.005
zwe,sex_f,age_aggregate_total,geo_cov_nat,2019,23.144
zwe,sex_f,age_aggregate_total,geo_cov_nat,2021,21.58
zwe,sex_f,age_aggregate_total,geo_cov_nat,2022,21.071
zwe,sex_f,age_aggregate_total,geo_cov_nat,2023,19.035
zwe,sex_f,age_aggregate_total,geo_cov_nat,2024,24.884
zwe,sex_f,age_aggregate_total,geo_cov_rur,2014,3.554
zwe,sex_f,age_aggregate_total,geo_cov_rur,2019,21.384
zwe,sex_f,age_aggregate_total,geo_cov_rur,2021,14.652
zwe,sex_f,age_aggregate_total,geo_cov_rur,2022,13.503
zwe,sex_f,age_aggregate_total,geo_cov_rur,2023,11.694
zwe,sex_f,age_aggregate_total,geo_cov_rur,2024,17.474
zwe,sex_f,age_aggregate_total,geo_cov_urb,2014,39.32
zwe,sex_f,age_aggregate_total,geo_cov_urb,2019,26.164
zwe,sex_f,age_aggregate_total,geo_cov_urb,2021,34.968
zwe,sex_f,age_aggregate_total,geo_cov_urb,2022,34.508
zwe,sex_f,age_aggregate_total,geo_cov_urb,2023,32.887
zwe,sex_f,age_aggregate_total,geo_cov_urb,2024,37.286
zwe,sex_f,age_aggregate_y15_24,geo_cov_nat,2014,21.44
zwe,sex_f,age_aggregate_y15_24,geo_cov_nat,2019,36.653
zwe,sex_f,age_aggregate_y15_24,geo_cov_nat,2021,32.261
zwe,sex_f,age_aggregate_y15_24,geo_cov_nat,2022,33.6
zwe,sex_f,age_aggregate_y15_24,geo_cov_nat,2023,30.799
zwe,sex_f,age_aggregate_y15_24,geo_cov_nat,2024,42.5
zwe,sex_f,age_aggregate_y15_24,geo_cov_rur,2014,6.622
zwe,sex_f,age_aggregate_y15_24,geo_cov_rur,2019,33.992
zwe,sex_f,age_aggregate_y15_24,geo_cov_rur,2021,22.662
zwe,sex_f,age_aggregate_y15_24,geo_cov_rur,2022,22.9
zwe,sex_f,age_aggregate_y15_24,geo_cov_rur,2023,20.386
zwe,sex_f,age_aggregate_y15_24,geo_cov_rur,2024,31.899
zwe,sex_f,age_aggregate_y15_24,geo_cov_urb,2014,55.877
zwe,sex_f,age_aggregate_y15_24,geo_cov_urb,2019,41.466
zwe,sex_f,age_aggregate_y15_24,geo_cov_urb,2021,52.879
zwe,sex_f,age_aggregate_y15_24,geo_cov_urb,2022,53.124
zwe,sex_f,age_aggregate_y15_24,geo_cov_urb,2023,51.447
zwe,sex_f,age_aggregate_y15_24,geo_cov_urb,2024,60.829
zwe,sex_f,age_aggregate_y25_54,geo_cov_nat,2014,14.187
zwe,sex_f,age_aggregate_y25_54,geo_cov_nat,2019,21.637
zwe,sex_f,age_aggregate_y25_54,geo_cov_nat,2021,20.669
zwe,sex_f,age_aggregate_y25_54,geo_cov_nat,2022,20.351
zwe,sex_f,age_aggregate_y25_54,geo_cov_nat,2023,18.524
zwe,sex_f,age_aggregate_y25_54,geo_cov_nat,2024,22.574
zwe,sex_f,age_aggregate_y25_54,geo_cov_rur,2014,2.932
zwe,sex_f,age_aggregate_y25_54,geo_cov_rur,2019,21.148
zwe,sex_f,age_aggregate_y25_54,geo_cov_rur,2021,14.274
zwe,sex_f,age_aggregate_y25_54,geo_cov_rur,2022,13.297
zwe,sex_f,age_aggregate_y25_54,geo_cov_rur,2023,11.549
zwe,sex_f,age_aggregate_y25_54,geo_cov_rur,2024,15.927
zwe,sex_f,age_aggregate_y25_54,geo_cov_urb,2014,33.05
zwe,sex_f,age_aggregate_y25_54,geo_cov_urb,2019,22.359
zwe,sex_f,age_aggregate_y25_54,geo_cov_urb,2021,30.898
zwe,sex_f,age_aggregate_y25_54,geo_cov_urb,2022,30.881
zwe,sex_f,age_aggregate_y25_54,geo_cov_urb,2023,29.327
zwe,sex_f,age_aggregate_y25_54,geo_cov_urb,2024,32.077
zwe,sex_f,age_aggregate_y55_64,geo_cov_nat,2014,7.505
zwe,sex_f,age_aggregate_y55_64,geo_cov_nat,2019,10.126
zwe,sex_f,age_aggregate_y55_64,geo_cov_nat,2021,9.334
zwe,sex_f,age_aggregate_y55_64,geo_cov_nat,2022,7.815
zwe,sex_f,age_aggregate_y55_64,geo_cov_nat,2023,6.732
zwe,sex_f,age_aggregate_y55_64,geo_cov_nat,2024,10.414
zwe,sex_f,age_aggregate_y55_64,geo_cov_rur,2019,7.216
zwe,sex_f,age_aggregate_y55_64,geo_cov_rur,2021,6.072
zwe,sex_f,age_aggregate_y55_64,geo_cov_rur,2022,4.909
zwe,sex_f,age_aggregate_y55_64,geo_cov_rur,2023,3.255
zwe,sex_f,age_aggregate_y55_64,geo_cov_rur,2024,6.158
zwe,sex_f,age_aggregate_y55_64,geo_cov_urb,2014,32.686
zwe,sex_f,age_aggregate_y55_64,geo_cov_urb,2019,17.513
zwe,sex_f,age_aggregate_y55_64,geo_cov_urb,2021,20.211
zwe,sex_f,age_aggregate_y55_64,geo_cov_urb,2022,16.227
zwe,sex_f,age_aggregate_y55_64,geo_cov_urb,2023,18.421
zwe,sex_f,age_aggregate_y55_64,geo_cov_urb,2024,22.114
zwe,sex_f,age_aggregate_yge65,geo_cov_nat,2014,3.529
zwe,sex_f,age_aggregate_yge65,geo_cov_nat,2019,6.246
zwe,sex_f,age_aggregate_yge65,geo_cov_nat,2021,5.672
zwe,sex_f,age_aggregate_yge65,geo_cov_nat,2022,4.16
zwe,sex_f,age_aggregate_yge65,geo_cov_nat,2023,2.169
zwe,sex_f,age_aggregate_yge65,geo_cov_nat,2024,5.384
zwe,sex_f,age_aggregate_yge65,geo_cov_rur,2019,3.866
zwe,sex_f,age_aggregate_yge65,geo_cov_rur,2021,3.037
zwe,sex_f,age_aggregate_yge65,geo_cov_rur,2022,1.713
zwe,sex_f,age_aggregate_yge65,geo_cov_rur,2023,1.464
zwe,sex_f,age_aggregate_yge65,geo_cov_rur,2024,3.399
zwe,sex_f,age_aggregate_yge65,geo_cov_urb,2014,37.699
zwe,sex_f,age_aggregate_yge65,geo_cov_urb,2019,15.819
zwe,sex_f,age_aggregate_yge65,geo_cov_urb,2021,24.223
zwe,sex_f,age_aggregate_yge65,geo_cov_urb,2022,22.677
zwe,sex_f,age_aggregate_yge65,geo_cov_urb,2023,8.664
zwe,sex_f,age_aggregate_yge65,geo_cov_urb,2024,18.807
zwe,sex_f,age_ythadult_y15_24,geo_cov_nat,2014,21.44
zwe,sex_f,age_ythadult_y15_24,geo_cov_nat,2019,36.653
zwe,sex_f,age_ythadult_y15_24,geo_cov_nat,2021,32.261
zwe,sex_f,age_ythadult_y15_24,geo_cov_nat,2022,33.6
zwe,sex_f,age_ythadult_y15_24,geo_cov_nat,2023,30.799
zwe,sex_f,age_ythadult_y15_24,geo_cov_nat,2024,42.5
zwe,sex_f,age_ythadult_y15_24,geo_cov_rur,2014,6.622
zwe,sex_f,age_ythadult_y15_24,geo_cov_rur,2019,33.992
zwe,sex_f,age_ythadult_y15_24,geo_cov_rur,2021,22.662
zwe,sex_f,age_ythadult_y15_24,geo_cov_rur,2022,22.9
zwe,sex_f,age_ythadult_y15_24,geo_cov_rur,2023,20.386
zwe,sex_f,age_ythadult_y15_24,geo_cov_rur,2024,31.899
zwe,sex_f,age_ythadult_y15_24,geo_cov_urb,2014,55.877
zwe,sex_f,age_ythadult_y15_24,geo_cov_urb,2019,41.466
zwe,sex_f,age_ythadult_y15_24,geo_cov_urb,2021,52.879
zwe,sex_f,age_ythadult_y15_24,geo_cov_urb,2022,53.124
zwe,sex_f,age_ythadult_y15_24,geo_cov_urb,2023,51.447
zwe,sex_f,age_ythadult_y15_24,geo_cov_urb,2024,60.829
zwe,sex_f,age_ythadult_y15_64,geo_cov_nat,2014,15.806
zwe,sex_f,age_ythadult_y15_64,geo_cov_nat,2019,24.351
zwe,sex_f,age_ythadult_y15_64,geo_cov_nat,2021,22.56
zwe,sex_f,age_ythadult_y15_64,geo_cov_nat,2022,22.266
zwe,sex_f,age_ythadult_y15_64,geo_cov_nat,2023,20.312
zwe,sex_f,age_ythadult_y15_64,geo_cov_nat,2024,26.089
zwe,sex_f,age_ythadult_y15_64,geo_cov_rur,2014,3.85
zwe,sex_f,age_ythadult_y15_64,geo_cov_rur,2019,23
zwe,sex_f,age_ythadult_y15_64,geo_cov_rur,2021,15.623
zwe,sex_f,age_ythadult_y15_64,geo_cov_rur,2022,14.685
zwe,sex_f,age_ythadult_y15_64,geo_cov_rur,2023,12.795
zwe,sex_f,age_ythadult_y15_64,geo_cov_rur,2024,18.714
zwe,sex_f,age_ythadult_y15_64,geo_cov_urb,2014,39.347
zwe,sex_f,age_ythadult_y15_64,geo_cov_urb,2019,26.551
zwe,sex_f,age_ythadult_y15_64,geo_cov_urb,2021,35.2
zwe,sex_f,age_ythadult_y15_64,geo_cov_urb,2022,34.766
zwe,sex_f,age_ythadult_y15_64,geo_cov_urb,2023,33.378
zwe,sex_f,age_ythadult_y15_64,geo_cov_urb,2024,37.664
zwe,sex_f,age_ythadult_yge15,geo_cov_nat,2014,15.005
zwe,sex_f,age_ythadult_yge15,geo_cov_nat,2019,23.144
zwe,sex_f,age_ythadult_yge15,geo_cov_nat,2021,21.58
zwe,sex_f,age_ythadult_yge15,geo_cov_nat,2022,21.071
zwe,sex_f,age_ythadult_yge15,geo_cov_nat,2023,19.035
zwe,sex_f,age_ythadult_yge15,geo_cov_nat,2024,24.884
zwe,sex_f,age_ythadult_yge15,geo_cov_rur,2014,3.554
zwe,sex_f,age_ythadult_yge15,geo_cov_rur,2019,21.384
zwe,sex_f,age_ythadult_yge15,geo_cov_rur,2021,14.652
zwe,sex_f,age_ythadult_yge15,geo_cov_rur,2022,13.503
zwe,sex_f,age_ythadult_yge15,geo_cov_rur,2023,11.694
zwe,sex_f,age_ythadult_yge15,geo_cov_rur,2024,17.474
zwe,sex_f,age_ythadult_yge15,geo_cov_urb,2014,39.32
zwe,sex_f,age_ythadult_yge15,geo_cov_urb,2019,26.164
zwe,sex_f,age_ythadult_yge15,geo_cov_urb,2021,34.968
zwe,sex_f,age_ythadult_yge15,geo_cov_urb,2022,34.508
zwe,sex_f,age_ythadult_yge15,geo_cov_urb,2023,32.887
zwe,sex_f,age_ythadult_yge15,geo_cov_urb,2024,37.286
zwe,sex_f,age_ythadult_yge25,geo_cov_nat,2014,12.38
zwe,sex_f,age_ythadult_yge25,geo_cov_nat,2019,18.956
zwe,sex_f,age_ythadult_yge25,geo_cov_nat,2021,18.298
zwe,sex_f,age_ythadult_yge25,geo_cov_nat,2022,17.666
zwe,sex_f,age_ythadult_yge25,geo_cov_nat,2023,15.86
zwe,sex_f,age_ythadult_yge25,geo_cov_nat,2024,20.081
zwe,sex_f,age_ythadult_yge25,geo_cov_rur,2014,2.251
zwe,sex_f,age_ythadult_yge25,geo_cov_rur,2019,17.375
zwe,sex_f,age_ythadult_yge25,geo_cov_rur,2021,12.075
zwe,sex_f,age_ythadult_yge25,geo_cov_rur,2022,10.918
zwe,sex_f,age_ythadult_yge25,geo_cov_rur,2023,9.298
zwe,sex_f,age_ythadult_yge25,geo_cov_rur,2024,13.48
zwe,sex_f,age_ythadult_yge25,geo_cov_urb,2014,33.126
zwe,sex_f,age_ythadult_yge25,geo_cov_urb,2019,21.625
zwe,sex_f,age_ythadult_yge25,geo_cov_urb,2021,29.946
zwe,sex_f,age_ythadult_yge25,geo_cov_urb,2022,29.56
zwe,sex_f,age_ythadult_yge25,geo_cov_urb,2023,28.081
zwe,sex_f,age_ythadult_yge25,geo_cov_urb,2024,31.032
zwe,sex_m,age_aggregate_total,geo_cov_nat,2014,7.403
zwe,sex_m,age_aggregate_total,geo_cov_nat,2019,19.588
zwe,sex_m,age_aggregate_total,geo_cov_nat,2021,17.248
zwe,sex_m,age_aggregate_total,geo_cov_nat,2022,16.814
zwe,sex_m,age_aggregate_total,geo_cov_nat,2023,14.945
zwe,sex_m,age_aggregate_total,geo_cov_nat,2024,19.012
zwe,sex_m,age_aggregate_total,geo_cov_rur,2014,1.656
zwe,sex_m,age_aggregate_total,geo_cov_rur,2019,22.476
zwe,sex_m,age_aggregate_total,geo_cov_rur,2021,14.692
zwe,sex_m,age_aggregate_total,geo_cov_rur,2022,14.629
zwe,sex_m,age_aggregate_total,geo_cov_rur,2023,11.545
zwe,sex_m,age_aggregate_total,geo_cov_rur,2024,16.485
zwe,sex_m,age_aggregate_total,geo_cov_urb,2014,19.189
zwe,sex_m,age_aggregate_total,geo_cov_urb,2019,14.879
zwe,sex_m,age_aggregate_total,geo_cov_urb,2021,21.991
zwe,sex_m,age_aggregate_total,geo_cov_urb,2022,20.322
zwe,sex_m,age_aggregate_total,geo_cov_urb,2023,21.017
zwe,sex_m,age_aggregate_total,geo_cov_urb,2024,23.168
zwe,sex_m,age_aggregate_y15_24,geo_cov_nat,2014,11.834
zwe,sex_m,age_aggregate_y15_24,geo_cov_nat,2019,26.282
zwe,sex_m,age_aggregate_y15_24,geo_cov_nat,2021,26.163
zwe,sex_m,age_aggregate_y15_24,geo_cov_nat,2022,27.604
zwe,sex_m,age_aggregate_y15_24,geo_cov_nat,2023,23.973
zwe,sex_m,age_aggregate_y15_24,geo_cov_nat,2024,32.001
zwe,sex_m,age_aggregate_y15_24,geo_cov_rur,2014,2.747
zwe,sex_m,age_aggregate_y15_24,geo_cov_rur,2019,25.778
zwe,sex_m,age_aggregate_y15_24,geo_cov_rur,2021,19.764
zwe,sex_m,age_aggregate_y15_24,geo_cov_rur,2022,20.056
zwe,sex_m,age_aggregate_y15_24,geo_cov_rur,2023,17.029
zwe,sex_m,age_aggregate_y15_24,geo_cov_rur,2024,25.841
zwe,sex_m,age_aggregate_y15_24,geo_cov_urb,2014,43.234
zwe,sex_m,age_aggregate_y15_24,geo_cov_urb,2019,27.364
zwe,sex_m,age_aggregate_y15_24,geo_cov_urb,2021,44.552
zwe,sex_m,age_aggregate_y15_24,geo_cov_urb,2022,47.782
zwe,sex_m,age_aggregate_y15_24,geo_cov_urb,2023,44.757
zwe,sex_m,age_aggregate_y15_24,geo_cov_urb,2024,47.153
zwe,sex_m,age_aggregate_y25_54,geo_cov_nat,2014,5.629
zwe,sex_m,age_aggregate_y25_54,geo_cov_nat,2019,18.069
zwe,sex_m,age_aggregate_y25_54,geo_cov_nat,2021,14.936
zwe,sex_m,age_aggregate_y25_54,geo_cov_nat,2022,14.259
zwe,sex_m,age_aggregate_y25_54,geo_cov_nat,2023,13.314
zwe,sex_m,age_aggregate_y25_54,geo_cov_nat,2024,15.718
zwe,sex_m,age_aggregate_y25_54,geo_cov_rur,2014,1.166
zwe,sex_m,age_aggregate_y25_54,geo_cov_rur,2019,23.456
zwe,sex_m,age_aggregate_y25_54,geo_cov_rur,2021,13.976
zwe,sex_m,age_aggregate_y25_54,geo_cov_rur,2022,13.828
zwe,sex_m,age_aggregate_y25_54,geo_cov_rur,2023,10.752
zwe,sex_m,age_aggregate_y25_54,geo_cov_rur,2024,14.14
zwe,sex_m,age_aggregate_y25_54,geo_cov_urb,2014,11.888
zwe,sex_m,age_aggregate_y25_54,geo_cov_urb,2019,10.899
zwe,sex_m,age_aggregate_y25_54,geo_cov_urb,2021,16.319
zwe,sex_m,age_aggregate_y25_54,geo_cov_urb,2022,14.796
zwe,sex_m,age_aggregate_y25_54,geo_cov_urb,2023,16.823
zwe,sex_m,age_aggregate_y25_54,geo_cov_urb,2024,17.788
zwe,sex_m,age_aggregate_y55_64,geo_cov_nat,2014,4.953
zwe,sex_m,age_aggregate_y55_64,geo_cov_nat,2019,12.056
zwe,sex_m,age_aggregate_y55_64,geo_cov_nat,2021,10.33
zwe,sex_m,age_aggregate_y55_64,geo_cov_nat,2022,9.889
zwe,sex_m,age_aggregate_y55_64,geo_cov_nat,2023,6.441
zwe,sex_m,age_aggregate_y55_64,geo_cov_nat,2024,10.185
zwe,sex_m,age_aggregate_y55_64,geo_cov_rur,2019,13.048
zwe,sex_m,age_aggregate_y55_64,geo_cov_rur,2021,7.875
zwe,sex_m,age_aggregate_y55_64,geo_cov_rur,2022,8.988
zwe,sex_m,age_aggregate_y55_64,geo_cov_rur,2023,4.988
zwe,sex_m,age_aggregate_y55_64,geo_cov_rur,2024,8.538
zwe,sex_m,age_aggregate_y55_64,geo_cov_urb,2014,14.109
zwe,sex_m,age_aggregate_y55_64,geo_cov_urb,2019,10.341
zwe,sex_m,age_aggregate_y55_64,geo_cov_urb,2021,14.839
zwe,sex_m,age_aggregate_y55_64,geo_cov_urb,2022,11.337
zwe,sex_m,age_aggregate_y55_64,geo_cov_urb,2023,9.379
zwe,sex_m,age_aggregate_y55_64,geo_cov_urb,2024,13.322
zwe,sex_m,age_aggregate_yge65,geo_cov_nat,2014,3.078
zwe,sex_m,age_aggregate_yge65,geo_cov_nat,2019,9.974
zwe,sex_m,age_aggregate_yge65,geo_cov_nat,2021,6.559
zwe,sex_m,age_aggregate_yge65,geo_cov_nat,2022,6.936
zwe,sex_m,age_aggregate_yge65,geo_cov_nat,2023,5.644
zwe,sex_m,age_aggregate_yge65,geo_cov_nat,2024,8.059
zwe,sex_m,age_aggregate_yge65,geo_cov_rur,2019,9.943
zwe,sex_m,age_aggregate_yge65,geo_cov_rur,2021,4.184
zwe,sex_m,age_aggregate_yge65,geo_cov_rur,2022,5.017
zwe,sex_m,age_aggregate_yge65,geo_cov_rur,2023,3.608
zwe,sex_m,age_aggregate_yge65,geo_cov_rur,2024,5.245
zwe,sex_m,age_aggregate_yge65,geo_cov_urb,2014,22.666
zwe,sex_m,age_aggregate_yge65,geo_cov_urb,2019,10.075
zwe,sex_m,age_aggregate_yge65,geo_cov_urb,2021,22.388
zwe,sex_m,age_aggregate_yge65,geo_cov_urb,2022,16.544
zwe,sex_m,age_aggregate_yge65,geo_cov_urb,2023,16.496
zwe,sex_m,age_aggregate_yge65,geo_cov_urb,2024,22.636
zwe,sex_m,age_ythadult_y15_24,geo_cov_nat,2014,11.834
zwe,sex_m,age_ythadult_y15_24,geo_cov_nat,2019,26.282
zwe,sex_m,age_ythadult_y15_24,geo_cov_nat,2021,26.163
zwe,sex_m,age_ythadult_y15_24,geo_cov_nat,2022,27.604
zwe,sex_m,age_ythadult_y15_24,geo_cov_nat,2023,23.973
zwe,sex_m,age_ythadult_y15_24,geo_cov_nat,2024,32.001
zwe,sex_m,age_ythadult_y15_24,geo_cov_rur,2014,2.747
zwe,sex_m,age_ythadult_y15_24,geo_cov_rur,2019,25.778
zwe,sex_m,age_ythadult_y15_24,geo_cov_rur,2021,19.764
zwe,sex_m,age_ythadult_y15_24,geo_cov_rur,2022,20.056
zwe,sex_m,age_ythadult_y15_24,geo_cov_rur,2023,17.029
zwe,sex_m,age_ythadult_y15_24,geo_cov_rur,2024,25.841
zwe,sex_m,age_ythadult_y15_24,geo_cov_urb,2014,43.234
zwe,sex_m,age_ythadult_y15_24,geo_cov_urb,2019,27.364
zwe,sex_m,age_ythadult_y15_24,geo_cov_urb,2021,44.552
zwe,sex_m,age_ythadult_y15_24,geo_cov_urb,2022,47.782
zwe,sex_m,age_ythadult_y15_24,geo_cov_urb,2023,44.757
zwe,sex_m,age_ythadult_y15_24,geo_cov_urb,2024,47.153
zwe,sex_m,age_ythadult_y15_64,geo_cov_nat,2014,7.718
zwe,sex_m,age_ythadult_y15_64,geo_cov_nat,2019,20.235
zwe,sex_m,age_ythadult_y15_64,geo_cov_nat,2021,17.845
zwe,sex_m,age_ythadult_y15_64,geo_cov_nat,2022,17.395
zwe,sex_m,age_ythadult_y15_64,geo_cov_nat,2023,15.531
zwe,sex_m,age_ythadult_y15_64,geo_cov_nat,2024,19.537
zwe,sex_m,age_ythadult_y15_64,geo_cov_rur,2014,1.782
zwe,sex_m,age_ythadult_y15_64,geo_cov_rur,2019,23.534
zwe,sex_m,age_ythadult_y15_64,geo_cov_rur,2021,15.492
zwe,sex_m,age_ythadult_y15_64,geo_cov_rur,2022,15.411
zwe,sex_m,age_ythadult_y15_64,geo_cov_rur,2023,12.215
zwe,sex_m,age_ythadult_y15_64,geo_cov_rur,2024,17.224
zwe,sex_m,age_ythadult_y15_64,geo_cov_urb,2014,19.099
zwe,sex_m,age_ythadult_y15_64,geo_cov_urb,2019,15.073
zwe,sex_m,age_ythadult_y15_64,geo_cov_urb,2021,21.983
zwe,sex_m,age_ythadult_y15_64,geo_cov_urb,2022,20.416
zwe,sex_m,age_ythadult_y15_64,geo_cov_urb,2023,21.137
zwe,sex_m,age_ythadult_y15_64,geo_cov_urb,2024,23.179
zwe,sex_m,age_ythadult_yge15,geo_cov_nat,2014,7.403
zwe,sex_m,age_ythadult_yge15,geo_cov_nat,2019,19.588
zwe,sex_m,age_ythadult_yge15,geo_cov_nat,2021,17.248
zwe,sex_m,age_ythadult_yge15,geo_cov_nat,2022,16.814
zwe,sex_m,age_ythadult_yge15,geo_cov_nat,2023,14.945
zwe,sex_m,age_ythadult_yge15,geo_cov_nat,2024,19.012
zwe,sex_m,age_ythadult_yge15,geo_cov_rur,2014,1.656
zwe,sex_m,age_ythadult_yge15,geo_cov_rur,2019,22.476
zwe,sex_m,age_ythadult_yge15,geo_cov_rur,2021,14.692
zwe,sex_m,age_ythadult_yge15,geo_cov_rur,2022,14.629
zwe,sex_m,age_ythadult_yge15,geo_cov_rur,2023,11.545
zwe,sex_m,age_ythadult_yge15,geo_cov_rur,2024,16.485
zwe,sex_m,age_ythadult_yge15,geo_cov_urb,2014,19.189
zwe,sex_m,age_ythadult_yge15,geo_cov_urb,2019,14.879
zwe,sex_m,age_ythadult_yge15,geo_cov_urb,2021,21.991
zwe,sex_m,age_ythadult_yge15,geo_cov_urb,2022,20.322
zwe,sex_m,age_ythadult_yge15,geo_cov_urb,2023,21.017
zwe,sex_m,age_ythadult_yge15,geo_cov_urb,2024,23.168
zwe,sex_m,age_ythadult_yge25,geo_cov_nat,2014,5.308
zwe,sex_m,age_ythadult_yge25,geo_cov_nat,2019,16.804
zwe,sex_m,age_ythadult_yge25,geo_cov_nat,2021,13.928
zwe,sex_m,age_ythadult_yge25,geo_cov_nat,2022,13.321
zwe,sex_m,age_ythadult_yge25,geo_cov_nat,2023,12.099
zwe,sex_m,age_ythadult_yge25,geo_cov_nat,2024,14.713
zwe,sex_m,age_ythadult_yge25,geo_cov_rur,2014,1.015
zwe,sex_m,age_ythadult_yge25,geo_cov_rur,2019,20.898
zwe,sex_m,age_ythadult_yge25,geo_cov_rur,2021,12.415
zwe,sex_m,age_ythadult_yge25,geo_cov_rur,2022,12.426
zwe,sex_m,age_ythadult_yge25,geo_cov_rur,2023,9.409
zwe,sex_m,age_ythadult_yge25,geo_cov_rur,2024,12.77
zwe,sex_m,age_ythadult_yge25,geo_cov_urb,2014,12.414
zwe,sex_m,age_ythadult_yge25,geo_cov_urb,2019,10.811
zwe,sex_m,age_ythadult_yge25,geo_cov_urb,2021,16.351
zwe,sex_m,age_ythadult_yge25,geo_cov_urb,2022,14.557
zwe,sex_m,age_ythadult_yge25,geo_cov_urb,2023,16.25
zwe,sex_m,age_ythadult_yge25,geo_cov_urb,2024,17.538
zwe,sex_t,age_aggregate_total,geo_cov_nat,2014,11.417
zwe,sex_t,age_aggregate_total,geo_cov_nat,2019,21.419
zwe,sex_t,age_aggregate_total,geo_cov_nat,2021,19.425
zwe,sex_t,age_aggregate_total,geo_cov_nat,2022,18.957
zwe,sex_t,age_aggregate_total,geo_cov_nat,2023,17
zwe,sex_t,age_aggregate_total,geo_cov_nat,2024,21.95
zwe,sex_t,age_aggregate_total,geo_cov_rur,2014,2.664
zwe,sex_t,age_aggregate_total,geo_cov_rur,2019,21.908
zwe,sex_t,age_aggregate_total,geo_cov_rur,2021,14.671
zwe,sex_t,age_aggregate_total,geo_cov_rur,2022,14.052
zwe,sex_t,age_aggregate_total,geo_cov_rur,2023,11.621
zwe,sex_t,age_aggregate_total,geo_cov_rur,2024,16.982
zwe,sex_t,age_aggregate_total,geo_cov_urb,2014,29.701
zwe,sex_t,age_aggregate_total,geo_cov_urb,2019,20.602
zwe,sex_t,age_aggregate_total,geo_cov_urb,2021,28.426
zwe,sex_t,age_aggregate_total,geo_cov_urb,2022,27.24
zwe,sex_t,age_aggregate_total,geo_cov_urb,2023,26.874
zwe,sex_t,age_aggregate_total,geo_cov_urb,2024,30.194
zwe,sex_t,age_aggregate_y15_24,geo_cov_nat,2014,16.661
zwe,sex_t,age_aggregate_y15_24,geo_cov_nat,2019,31.063
zwe,sex_t,age_aggregate_y15_24,geo_cov_nat,2021,29.009
zwe,sex_t,age_aggregate_y15_24,geo_cov_nat,2022,30.42
zwe,sex_t,age_aggregate_y15_24,geo_cov_nat,2023,27.197
zwe,sex_t,age_aggregate_y15_24,geo_cov_nat,2024,36.864
zwe,sex_t,age_aggregate_y15_24,geo_cov_rur,2014,4.593
zwe,sex_t,age_aggregate_y15_24,geo_cov_rur,2019,29.448
zwe,sex_t,age_aggregate_y15_24,geo_cov_rur,2021,21.056
zwe,sex_t,age_aggregate_y15_24,geo_cov_rur,2022,21.308
zwe,sex_t,age_aggregate_y15_24,geo_cov_rur,2023,18.515
zwe,sex_t,age_aggregate_y15_24,geo_cov_rur,2024,28.474
zwe,sex_t,age_aggregate_y15_24,geo_cov_urb,2014,50.505
zwe,sex_t,age_aggregate_y15_24,geo_cov_urb,2019,34.263
zwe,sex_t,age_aggregate_y15_24,geo_cov_urb,2021,48.87
zwe,sex_t,age_aggregate_y15_24,geo_cov_urb,2022,50.641
zwe,sex_t,age_aggregate_y15_24,geo_cov_urb,2023,48.404
zwe,sex_t,age_aggregate_y15_24,geo_cov_urb,2024,54.297
zwe,sex_t,age_aggregate_y25_54,geo_cov_nat,2014,10.193
zwe,sex_t,age_aggregate_y25_54,geo_cov_nat,2019,19.95
zwe,sex_t,age_aggregate_y25_54,geo_cov_nat,2021,17.843
zwe,sex_t,age_aggregate_y25_54,geo_cov_nat,2022,17.341
zwe,sex_t,age_aggregate_y25_54,geo_cov_nat,2023,15.939
zwe,sex_t,age_aggregate_y25_54,geo_cov_nat,2024,19.191
zwe,sex_t,age_aggregate_y25_54,geo_cov_rur,2014,2.139
zwe,sex_t,age_aggregate_y25_54,geo_cov_rur,2019,22.215
zwe,sex_t,age_aggregate_y25_54,geo_cov_rur,2021,14.13
zwe,sex_t,age_aggregate_y25_54,geo_cov_rur,2022,13.549
zwe,sex_t,age_aggregate_y25_54,geo_cov_rur,2023,11.164
zwe,sex_t,age_aggregate_y25_54,geo_cov_rur,2024,15.062
zwe,sex_t,age_aggregate_y25_54,geo_cov_urb,2014,22.605
zwe,sex_t,age_aggregate_y25_54,geo_cov_urb,2019,16.768
zwe,sex_t,age_aggregate_y25_54,geo_cov_urb,2021,23.482
zwe,sex_t,age_aggregate_y25_54,geo_cov_urb,2022,22.507
zwe,sex_t,age_aggregate_y25_54,geo_cov_urb,2023,22.896
zwe,sex_t,age_aggregate_y25_54,geo_cov_urb,2024,24.849
zwe,sex_t,age_aggregate_y55_64,geo_cov_nat,2014,6.482
zwe,sex_t,age_aggregate_y55_64,geo_cov_nat,2019,10.905
zwe,sex_t,age_aggregate_y55_64,geo_cov_nat,2021,9.762
zwe,sex_t,age_aggregate_y55_64,geo_cov_nat,2022,8.75
zwe,sex_t,age_aggregate_y55_64,geo_cov_nat,2023,6.599
zwe,sex_t,age_aggregate_y55_64,geo_cov_nat,2024,10.304
zwe,sex_t,age_aggregate_y55_64,geo_cov_rur,2014,0.506
zwe,sex_t,age_aggregate_y55_64,geo_cov_rur,2019,9.399
zwe,sex_t,age_aggregate_y55_64,geo_cov_rur,2021,6.771
zwe,sex_t,age_aggregate_y55_64,geo_cov_rur,2022,6.561
zwe,sex_t,age_aggregate_y55_64,geo_cov_rur,2023,3.987
zwe,sex_t,age_aggregate_y55_64,geo_cov_rur,2024,7.236
zwe,sex_t,age_aggregate_y55_64,geo_cov_urb,2014,23.693
zwe,sex_t,age_aggregate_y55_64,geo_cov_urb,2019,14.159
zwe,sex_t,age_aggregate_y55_64,geo_cov_urb,2021,17.336
zwe,sex_t,age_aggregate_y55_64,geo_cov_urb,2022,13.534
zwe,sex_t,age_aggregate_y55_64,geo_cov_urb,2023,13.461
zwe,sex_t,age_aggregate_y55_64,geo_cov_urb,2024,17.327
zwe,sex_t,age_aggregate_yge65,geo_cov_nat,2014,3.312
zwe,sex_t,age_aggregate_yge65,geo_cov_nat,2019,8.002
zwe,sex_t,age_aggregate_yge65,geo_cov_nat,2021,6.093
zwe,sex_t,age_aggregate_yge65,geo_cov_nat,2022,5.42
zwe,sex_t,age_aggregate_yge65,geo_cov_nat,2023,3.749
zwe,sex_t,age_aggregate_yge65,geo_cov_nat,2024,6.561
zwe,sex_t,age_aggregate_yge65,geo_cov_rur,2014,0.43
zwe,sex_t,age_aggregate_yge65,geo_cov_rur,2019,6.662
zwe,sex_t,age_aggregate_yge65,geo_cov_rur,2021,3.578
zwe,sex_t,age_aggregate_yge65,geo_cov_rur,2022,3.165
zwe,sex_t,age_aggregate_yge65,geo_cov_rur,2023,2.403
zwe,sex_t,age_aggregate_yge65,geo_cov_rur,2024,4.194
zwe,sex_t,age_aggregate_yge65,geo_cov_urb,2014,28.967
zwe,sex_t,age_aggregate_yge65,geo_cov_urb,2019,12.882
zwe,sex_t,age_aggregate_yge65,geo_cov_urb,2021,23.332
zwe,sex_t,age_aggregate_yge65,geo_cov_urb,2022,19.351
zwe,sex_t,age_aggregate_yge65,geo_cov_urb,2023,13.16
zwe,sex_t,age_aggregate_yge65,geo_cov_urb,2024,20.709
zwe,sex_t,age_ythadult_y15_24,geo_cov_nat,2014,16.661
zwe,sex_t,age_ythadult_y15_24,geo_cov_nat,2019,31.063
zwe,sex_t,age_ythadult_y15_24,geo_cov_nat,2021,29.009
zwe,sex_t,age_ythadult_y15_24,geo_cov_nat,2022,30.42
zwe,sex_t,age_ythadult_y15_24,geo_cov_nat,2023,27.197
zwe,sex_t,age_ythadult_y15_24,geo_cov_nat,2024,36.864
zwe,sex_t,age_ythadult_y15_24,geo_cov_rur,2014,4.593
zwe,sex_t,age_ythadult_y15_24,geo_cov_rur,2019,29.448
zwe,sex_t,age_ythadult_y15_24,geo_cov_rur,2021,21.056
zwe,sex_t,age_ythadult_y15_24,geo_cov_rur,2022,21.308
zwe,sex_t,age_ythadult_y15_24,geo_cov_rur,2023,18.515
zwe,sex_t,age_ythadult_y15_24,geo_cov_rur,2024,28.474
zwe,sex_t,age_ythadult_y15_24,geo_cov_urb,2014,50.505
zwe,sex_t,age_ythadult_y15_24,geo_cov_urb,2019,34.263
zwe,sex_t,age_ythadult_y15_24,geo_cov_urb,2021,48.87
zwe,sex_t,age_ythadult_y15_24,geo_cov_urb,2022,50.641
zwe,sex_t,age_ythadult_y15_24,geo_cov_urb,2023,48.404
zwe,sex_t,age_ythadult_y15_24,geo_cov_urb,2024,54.297
zwe,sex_t,age_ythadult_y15_64,geo_cov_nat,2014,11.995
zwe,sex_t,age_ythadult_y15_64,geo_cov_nat,2019,22.351
zwe,sex_t,age_ythadult_y15_64,geo_cov_nat,2021,20.208
zwe,sex_t,age_ythadult_y15_64,geo_cov_nat,2022,19.833
zwe,sex_t,age_ythadult_y15_64,geo_cov_nat,2023,17.919
zwe,sex_t,age_ythadult_y15_64,geo_cov_nat,2024,22.793
zwe,sex_t,age_ythadult_y15_64,geo_cov_rur,2014,2.88
zwe,sex_t,age_ythadult_y15_64,geo_cov_rur,2019,23.258
zwe,sex_t,age_ythadult_y15_64,geo_cov_rur,2021,15.558
zwe,sex_t,age_ythadult_y15_64,geo_cov_rur,2022,15.042
zwe,sex_t,age_ythadult_y15_64,geo_cov_rur,2023,12.506
zwe,sex_t,age_ythadult_y15_64,geo_cov_rur,2024,17.964
zwe,sex_t,age_ythadult_y15_64,geo_cov_urb,2014,29.716
zwe,sex_t,age_ythadult_y15_64,geo_cov_urb,2019,20.902
zwe,sex_t,age_ythadult_y15_64,geo_cov_urb,2021,28.533
zwe,sex_t,age_ythadult_y15_64,geo_cov_urb,2022,27.424
zwe,sex_t,age_ythadult_y15_64,geo_cov_urb,2023,27.197
zwe,sex_t,age_ythadult_y15_64,geo_cov_urb,2024,30.385
zwe,sex_t,age_ythadult_yge15,geo_cov_nat,2014,11.417
zwe,sex_t,age_ythadult_yge15,geo_cov_nat,2019,21.419
zwe,sex_t,age_ythadult_yge15,geo_cov_nat,2021,19.425
zwe,sex_t,age_ythadult_yge15,geo_cov_nat,2022,18.957
zwe,sex_t,age_ythadult_yge15,geo_cov_nat,2023,17
zwe,sex_t,age_ythadult_yge15,geo_cov_nat,2024,21.95
zwe,sex_t,age_ythadult_yge15,geo_cov_rur,2014,2.664
zwe,sex_t,age_ythadult_yge15,geo_cov_rur,2019,21.908
zwe,sex_t,age_ythadult_yge15,geo_cov_rur,2021,14.671
zwe,sex_t,age_ythadult_yge15,geo_cov_rur,2022,14.052
zwe,sex_t,age_ythadult_yge15,geo_cov_rur,2023,11.621
zwe,sex_t,age_ythadult_yge15,geo_cov_rur,2024,16.982
zwe,sex_t,age_ythadult_yge15,geo_cov_urb,2014,29.701
zwe,sex_t,age_ythadult_yge15,geo_cov_urb,2019,20.602
zwe,sex_t,age_ythadult_yge15,geo_cov_urb,2021,28.426
zwe,sex_t,age_ythadult_yge15,geo_cov_urb,2022,27.24
zwe,sex_t,age_ythadult_yge15,geo_cov_urb,2023,26.874
zwe,sex_t,age_ythadult_yge15,geo_cov_urb,2024,30.194
zwe,sex_t,age_ythadult_yge25,geo_cov_nat,2014,9.122
zwe,sex_t,age_ythadult_yge25,geo_cov_nat,2019,17.954
zwe,sex_t,age_ythadult_yge25,geo_cov_nat,2021,16.177
zwe,sex_t,age_ythadult_yge25,geo_cov_nat,2022,15.551
zwe,sex_t,age_ythadult_yge25,geo_cov_nat,2023,14.022
zwe,sex_t,age_ythadult_yge25,geo_cov_nat,2024,17.459
zwe,sex_t,age_ythadult_yge25,geo_cov_rur,2014,1.705
zwe,sex_t,age_ythadult_yge25,geo_cov_rur,2019,18.967
zwe,sex_t,age_ythadult_yge25,geo_cov_rur,2021,12.235
zwe,sex_t,age_ythadult_yge25,geo_cov_rur,2022,11.616
zwe,sex_t,age_ythadult_yge25,geo_cov_rur,2023,9.35
zwe,sex_t,age_ythadult_yge25,geo_cov_rur,2024,13.143
zwe,sex_t,age_ythadult_yge25,geo_cov_urb,2014,22.869
zwe,sex_t,age_ythadult_yge25,geo_cov_urb,2019,16.356
zwe,sex_t,age_ythadult_yge25,geo_cov_urb,2021,23.012
zwe,sex_t,age_ythadult_yge25,geo_cov_urb,2022,21.704
zwe,sex_t,age_ythadult_yge25,geo_cov_urb,2023,21.948
zwe,sex_t,age_ythadult_yge25,geo_cov_urb,2024,24.169
