ref_area,sex,classif1,classif2,time,emp_temp_sex_age_geo_nb
nam,sex_f,age_10yrbands_total,geo_cov_nat,1994,163.547
nam,sex_f,age_10yrbands_total,geo_cov_nat,2010,291.935
nam,sex_f,age_10yrbands_total,geo_cov_nat,2012,296.87
nam,sex_f,age_10yrbands_total,geo_cov_nat,2013,340.508
nam,sex_f,age_10yrbands_total,geo_cov_nat,2014,340.013
nam,sex_f,age_10yrbands_total,geo_cov_nat,2016,318.284
nam,sex_f,age_10yrbands_total,geo_cov_nat,2018,362.383
nam,sex_f,age_10yrbands_total,geo_cov_rur,1994,107.546
nam,sex_f,age_10yrbands_total,geo_cov_rur,2010,152.813
nam,sex_f,age_10yrbands_total,geo_cov_rur,2012,137.654
nam,sex_f,age_10yrbands_total,geo_cov_rur,2013,175.253
nam,sex_f,age_10yrbands_total,geo_cov_rur,2014,159.776
nam,sex_f,age_10yrbands_total,geo_cov_rur,2016,123.656
nam,sex_f,age_10yrbands_total,geo_cov_rur,2018,158.389
nam,sex_f,age_10yrbands_total,geo_cov_urb,1994,56.001
nam,sex_f,age_10yrbands_total,geo_cov_urb,2010,139.123
nam,sex_f,age_10yrbands_total,geo_cov_urb,2012,159.217
nam,sex_f,age_10yrbands_total,geo_cov_urb,2013,165.255
nam,sex_f,age_10yrbands_total,geo_cov_urb,2014,180.238
nam,sex_f,age_10yrbands_total,geo_cov_urb,2016,194.628
nam,sex_f,age_10yrbands_total,geo_cov_urb,2018,203.994
nam,sex_f,age_10yrbands_y15_24,geo_cov_nat,1994,35.505
nam,sex_f,age_10yrbands_y15_24,geo_cov_nat,2010,48.401
nam,sex_f,age_10yrbands_y15_24,geo_cov_nat,2012,37.892
nam,sex_f,age_10yrbands_y15_24,geo_cov_nat,2013,39.403
nam,sex_f,age_10yrbands_y15_24,geo_cov_nat,2014,41.879
nam,sex_f,age_10yrbands_y15_24,geo_cov_nat,2016,36.533
nam,sex_f,age_10yrbands_y15_24,geo_cov_nat,2018,39.163
nam,sex_f,age_10yrbands_y15_24,geo_cov_rur,1994,26.136
nam,sex_f,age_10yrbands_y15_24,geo_cov_rur,2010,29.726
nam,sex_f,age_10yrbands_y15_24,geo_cov_rur,2012,15.294
nam,sex_f,age_10yrbands_y15_24,geo_cov_rur,2013,17.17
nam,sex_f,age_10yrbands_y15_24,geo_cov_rur,2014,20.01
nam,sex_f,age_10yrbands_y15_24,geo_cov_rur,2016,11.805
nam,sex_f,age_10yrbands_y15_24,geo_cov_rur,2018,20.716
nam,sex_f,age_10yrbands_y15_24,geo_cov_urb,1994,9.368
nam,sex_f,age_10yrbands_y15_24,geo_cov_urb,2010,18.675
nam,sex_f,age_10yrbands_y15_24,geo_cov_urb,2012,22.597
nam,sex_f,age_10yrbands_y15_24,geo_cov_urb,2013,22.233
nam,sex_f,age_10yrbands_y15_24,geo_cov_urb,2014,21.869
nam,sex_f,age_10yrbands_y15_24,geo_cov_urb,2016,24.729
nam,sex_f,age_10yrbands_y15_24,geo_cov_urb,2018,18.447
nam,sex_f,age_10yrbands_y25_34,geo_cov_nat,1994,52.031
nam,sex_f,age_10yrbands_y25_34,geo_cov_nat,2010,96.905
nam,sex_f,age_10yrbands_y25_34,geo_cov_nat,2012,92.125
nam,sex_f,age_10yrbands_y25_34,geo_cov_nat,2013,102.668
nam,sex_f,age_10yrbands_y25_34,geo_cov_nat,2014,102.853
nam,sex_f,age_10yrbands_y25_34,geo_cov_nat,2016,101.939
nam,sex_f,age_10yrbands_y25_34,geo_cov_nat,2018,109.628
nam,sex_f,age_10yrbands_y25_34,geo_cov_rur,1994,28.986
nam,sex_f,age_10yrbands_y25_34,geo_cov_rur,2010,42.631
nam,sex_f,age_10yrbands_y25_34,geo_cov_rur,2012,34.9
nam,sex_f,age_10yrbands_y25_34,geo_cov_rur,2013,39.715
nam,sex_f,age_10yrbands_y25_34,geo_cov_rur,2014,35.563
nam,sex_f,age_10yrbands_y25_34,geo_cov_rur,2016,30.048
nam,sex_f,age_10yrbands_y25_34,geo_cov_rur,2018,31.902
nam,sex_f,age_10yrbands_y25_34,geo_cov_urb,1994,23.045
nam,sex_f,age_10yrbands_y25_34,geo_cov_urb,2010,54.274
nam,sex_f,age_10yrbands_y25_34,geo_cov_urb,2012,57.225
nam,sex_f,age_10yrbands_y25_34,geo_cov_urb,2013,62.953
nam,sex_f,age_10yrbands_y25_34,geo_cov_urb,2014,67.29
nam,sex_f,age_10yrbands_y25_34,geo_cov_urb,2016,71.892
nam,sex_f,age_10yrbands_y25_34,geo_cov_urb,2018,77.726
nam,sex_f,age_10yrbands_y35_44,geo_cov_nat,1994,37.738
nam,sex_f,age_10yrbands_y35_44,geo_cov_nat,2010,70.521
nam,sex_f,age_10yrbands_y35_44,geo_cov_nat,2012,73.5
nam,sex_f,age_10yrbands_y35_44,geo_cov_nat,2013,80.848
nam,sex_f,age_10yrbands_y35_44,geo_cov_nat,2014,86.047
nam,sex_f,age_10yrbands_y35_44,geo_cov_nat,2016,84.094
nam,sex_f,age_10yrbands_y35_44,geo_cov_nat,2018,93.062
nam,sex_f,age_10yrbands_y35_44,geo_cov_rur,1994,22.132
nam,sex_f,age_10yrbands_y35_44,geo_cov_rur,2010,32.28
nam,sex_f,age_10yrbands_y35_44,geo_cov_rur,2012,28.966
nam,sex_f,age_10yrbands_y35_44,geo_cov_rur,2013,36.089
nam,sex_f,age_10yrbands_y35_44,geo_cov_rur,2014,34.959
nam,sex_f,age_10yrbands_y35_44,geo_cov_rur,2016,29.17
nam,sex_f,age_10yrbands_y35_44,geo_cov_rur,2018,32.049
nam,sex_f,age_10yrbands_y35_44,geo_cov_urb,1994,15.606
nam,sex_f,age_10yrbands_y35_44,geo_cov_urb,2010,38.242
nam,sex_f,age_10yrbands_y35_44,geo_cov_urb,2012,44.535
nam,sex_f,age_10yrbands_y35_44,geo_cov_urb,2013,44.758
nam,sex_f,age_10yrbands_y35_44,geo_cov_urb,2014,51.088
nam,sex_f,age_10yrbands_y35_44,geo_cov_urb,2016,54.925
nam,sex_f,age_10yrbands_y35_44,geo_cov_urb,2018,61.013
nam,sex_f,age_10yrbands_y45_54,geo_cov_nat,1994,19.181
nam,sex_f,age_10yrbands_y45_54,geo_cov_nat,2010,47.806
nam,sex_f,age_10yrbands_y45_54,geo_cov_nat,2012,49.058
nam,sex_f,age_10yrbands_y45_54,geo_cov_nat,2013,56.675
nam,sex_f,age_10yrbands_y45_54,geo_cov_nat,2014,58.017
nam,sex_f,age_10yrbands_y45_54,geo_cov_nat,2016,56.856
nam,sex_f,age_10yrbands_y45_54,geo_cov_nat,2018,63.924
nam,sex_f,age_10yrbands_y45_54,geo_cov_rur,1994,13.277
nam,sex_f,age_10yrbands_y45_54,geo_cov_rur,2010,26.555
nam,sex_f,age_10yrbands_y45_54,geo_cov_rur,2012,23.902
nam,sex_f,age_10yrbands_y45_54,geo_cov_rur,2013,32.976
nam,sex_f,age_10yrbands_y45_54,geo_cov_rur,2014,30.166
nam,sex_f,age_10yrbands_y45_54,geo_cov_rur,2016,24.499
nam,sex_f,age_10yrbands_y45_54,geo_cov_rur,2018,31.543
nam,sex_f,age_10yrbands_y45_54,geo_cov_urb,1994,5.904
nam,sex_f,age_10yrbands_y45_54,geo_cov_urb,2010,21.252
nam,sex_f,age_10yrbands_y45_54,geo_cov_urb,2012,25.156
nam,sex_f,age_10yrbands_y45_54,geo_cov_urb,2013,23.699
nam,sex_f,age_10yrbands_y45_54,geo_cov_urb,2014,27.851
nam,sex_f,age_10yrbands_y45_54,geo_cov_urb,2016,32.357
nam,sex_f,age_10yrbands_y45_54,geo_cov_urb,2018,32.381
nam,sex_f,age_10yrbands_y55_64,geo_cov_nat,1994,9.551
nam,sex_f,age_10yrbands_y55_64,geo_cov_nat,2010,18.879
nam,sex_f,age_10yrbands_y55_64,geo_cov_nat,2012,25.305
nam,sex_f,age_10yrbands_y55_64,geo_cov_nat,2013,34.711
nam,sex_f,age_10yrbands_y55_64,geo_cov_nat,2014,29.861
nam,sex_f,age_10yrbands_y55_64,geo_cov_nat,2016,24.607
nam,sex_f,age_10yrbands_y55_64,geo_cov_nat,2018,34.124
nam,sex_f,age_10yrbands_y55_64,geo_cov_rur,1994,8.364
nam,sex_f,age_10yrbands_y55_64,geo_cov_rur,2010,13
nam,sex_f,age_10yrbands_y55_64,geo_cov_rur,2012,17.179
nam,sex_f,age_10yrbands_y55_64,geo_cov_rur,2013,25.153
nam,sex_f,age_10yrbands_y55_64,geo_cov_rur,2014,19.848
nam,sex_f,age_10yrbands_y55_64,geo_cov_rur,2016,14.959
nam,sex_f,age_10yrbands_y55_64,geo_cov_rur,2018,22.281
nam,sex_f,age_10yrbands_y55_64,geo_cov_urb,1994,1.188
nam,sex_f,age_10yrbands_y55_64,geo_cov_urb,2010,5.88
nam,sex_f,age_10yrbands_y55_64,geo_cov_urb,2012,8.126
nam,sex_f,age_10yrbands_y55_64,geo_cov_urb,2013,9.558
nam,sex_f,age_10yrbands_y55_64,geo_cov_urb,2014,10.013
nam,sex_f,age_10yrbands_y55_64,geo_cov_urb,2016,9.649
nam,sex_f,age_10yrbands_y55_64,geo_cov_urb,2018,11.843
nam,sex_f,age_10yrbands_yge65,geo_cov_nat,1994,9.542
nam,sex_f,age_10yrbands_yge65,geo_cov_nat,2010,9.422
nam,sex_f,age_10yrbands_yge65,geo_cov_nat,2012,18.991
nam,sex_f,age_10yrbands_yge65,geo_cov_nat,2013,26.204
nam,sex_f,age_10yrbands_yge65,geo_cov_nat,2014,21.357
nam,sex_f,age_10yrbands_yge65,geo_cov_nat,2016,14.254
nam,sex_f,age_10yrbands_yge65,geo_cov_nat,2018,22.482
nam,sex_f,age_10yrbands_yge65,geo_cov_rur,1994,8.651
nam,sex_f,age_10yrbands_yge65,geo_cov_rur,2010,8.622
nam,sex_f,age_10yrbands_yge65,geo_cov_rur,2012,17.413
nam,sex_f,age_10yrbands_yge65,geo_cov_rur,2013,24.149
nam,sex_f,age_10yrbands_yge65,geo_cov_rur,2014,19.23
nam,sex_f,age_10yrbands_yge65,geo_cov_rur,2016,13.177
nam,sex_f,age_10yrbands_yge65,geo_cov_rur,2018,19.898
nam,sex_f,age_10yrbands_yge65,geo_cov_urb,1994,0.891
nam,sex_f,age_10yrbands_yge65,geo_cov_urb,2010,0.8
nam,sex_f,age_10yrbands_yge65,geo_cov_urb,2012,1.578
nam,sex_f,age_10yrbands_yge65,geo_cov_urb,2013,2.055
nam,sex_f,age_10yrbands_yge65,geo_cov_urb,2014,2.128
nam,sex_f,age_10yrbands_yge65,geo_cov_urb,2016,1.077
nam,sex_f,age_10yrbands_yge65,geo_cov_urb,2018,2.584
nam,sex_f,age_aggregate_total,geo_cov_nat,1994,163.547
nam,sex_f,age_aggregate_total,geo_cov_nat,2010,291.935
nam,sex_f,age_aggregate_total,geo_cov_nat,2012,296.87
nam,sex_f,age_aggregate_total,geo_cov_nat,2013,340.508
nam,sex_f,age_aggregate_total,geo_cov_nat,2014,340.013
nam,sex_f,age_aggregate_total,geo_cov_nat,2016,318.284
nam,sex_f,age_aggregate_total,geo_cov_nat,2018,362.383
nam,sex_f,age_aggregate_total,geo_cov_rur,1994,107.546
nam,sex_f,age_aggregate_total,geo_cov_rur,2010,152.813
nam,sex_f,age_aggregate_total,geo_cov_rur,2012,137.654
nam,sex_f,age_aggregate_total,geo_cov_rur,2013,175.253
nam,sex_f,age_aggregate_total,geo_cov_rur,2014,159.776
nam,sex_f,age_aggregate_total,geo_cov_rur,2016,123.656
nam,sex_f,age_aggregate_total,geo_cov_rur,2018,158.389
nam,sex_f,age_aggregate_total,geo_cov_urb,1994,56.001
nam,sex_f,age_aggregate_total,geo_cov_urb,2010,139.123
nam,sex_f,age_aggregate_total,geo_cov_urb,2012,159.217
nam,sex_f,age_aggregate_total,geo_cov_urb,2013,165.255
nam,sex_f,age_aggregate_total,geo_cov_urb,2014,180.238
nam,sex_f,age_aggregate_total,geo_cov_urb,2016,194.628
nam,sex_f,age_aggregate_total,geo_cov_urb,2018,203.994
nam,sex_f,age_aggregate_y15_24,geo_cov_nat,1994,35.505
nam,sex_f,age_aggregate_y15_24,geo_cov_nat,2010,48.401
nam,sex_f,age_aggregate_y15_24,geo_cov_nat,2012,37.892
nam,sex_f,age_aggregate_y15_24,geo_cov_nat,2013,39.403
nam,sex_f,age_aggregate_y15_24,geo_cov_nat,2014,41.879
nam,sex_f,age_aggregate_y15_24,geo_cov_nat,2016,36.533
nam,sex_f,age_aggregate_y15_24,geo_cov_nat,2018,39.163
nam,sex_f,age_aggregate_y15_24,geo_cov_rur,1994,26.136
nam,sex_f,age_aggregate_y15_24,geo_cov_rur,2010,29.726
nam,sex_f,age_aggregate_y15_24,geo_cov_rur,2012,15.294
nam,sex_f,age_aggregate_y15_24,geo_cov_rur,2013,17.17
nam,sex_f,age_aggregate_y15_24,geo_cov_rur,2014,20.01
nam,sex_f,age_aggregate_y15_24,geo_cov_rur,2016,11.805
nam,sex_f,age_aggregate_y15_24,geo_cov_rur,2018,20.716
nam,sex_f,age_aggregate_y15_24,geo_cov_urb,1994,9.368
nam,sex_f,age_aggregate_y15_24,geo_cov_urb,2010,18.675
nam,sex_f,age_aggregate_y15_24,geo_cov_urb,2012,22.597
nam,sex_f,age_aggregate_y15_24,geo_cov_urb,2013,22.233
nam,sex_f,age_aggregate_y15_24,geo_cov_urb,2014,21.869
nam,sex_f,age_aggregate_y15_24,geo_cov_urb,2016,24.729
nam,sex_f,age_aggregate_y15_24,geo_cov_urb,2018,18.447
nam,sex_f,age_aggregate_y25_54,geo_cov_nat,1994,108.95
nam,sex_f,age_aggregate_y25_54,geo_cov_nat,2010,215.233
nam,sex_f,age_aggregate_y25_54,geo_cov_nat,2012,214.683
nam,sex_f,age_aggregate_y25_54,geo_cov_nat,2013,240.191
nam,sex_f,age_aggregate_y25_54,geo_cov_nat,2014,246.916
nam,sex_f,age_aggregate_y25_54,geo_cov_nat,2016,242.889
nam,sex_f,age_aggregate_y25_54,geo_cov_nat,2018,266.614
nam,sex_f,age_aggregate_y25_54,geo_cov_rur,1994,64.395
nam,sex_f,age_aggregate_y25_54,geo_cov_rur,2010,101.465
nam,sex_f,age_aggregate_y25_54,geo_cov_rur,2012,87.767
nam,sex_f,age_aggregate_y25_54,geo_cov_rur,2013,108.78
nam,sex_f,age_aggregate_y25_54,geo_cov_rur,2014,100.688
nam,sex_f,age_aggregate_y25_54,geo_cov_rur,2016,83.716
nam,sex_f,age_aggregate_y25_54,geo_cov_rur,2018,95.494
nam,sex_f,age_aggregate_y25_54,geo_cov_urb,1994,44.555
nam,sex_f,age_aggregate_y25_54,geo_cov_urb,2010,113.768
nam,sex_f,age_aggregate_y25_54,geo_cov_urb,2012,126.916
nam,sex_f,age_aggregate_y25_54,geo_cov_urb,2013,131.41
nam,sex_f,age_aggregate_y25_54,geo_cov_urb,2014,146.229
nam,sex_f,age_aggregate_y25_54,geo_cov_urb,2016,159.173
nam,sex_f,age_aggregate_y25_54,geo_cov_urb,2018,171.12
nam,sex_f,age_aggregate_y55_64,geo_cov_nat,1994,9.551
nam,sex_f,age_aggregate_y55_64,geo_cov_nat,2010,18.879
nam,sex_f,age_aggregate_y55_64,geo_cov_nat,2012,25.305
nam,sex_f,age_aggregate_y55_64,geo_cov_nat,2013,34.711
nam,sex_f,age_aggregate_y55_64,geo_cov_nat,2014,29.861
nam,sex_f,age_aggregate_y55_64,geo_cov_nat,2016,24.607
nam,sex_f,age_aggregate_y55_64,geo_cov_nat,2018,34.124
nam,sex_f,age_aggregate_y55_64,geo_cov_rur,1994,8.364
nam,sex_f,age_aggregate_y55_64,geo_cov_rur,2010,13
nam,sex_f,age_aggregate_y55_64,geo_cov_rur,2012,17.179
nam,sex_f,age_aggregate_y55_64,geo_cov_rur,2013,25.153
nam,sex_f,age_aggregate_y55_64,geo_cov_rur,2014,19.848
nam,sex_f,age_aggregate_y55_64,geo_cov_rur,2016,14.959
nam,sex_f,age_aggregate_y55_64,geo_cov_rur,2018,22.281
nam,sex_f,age_aggregate_y55_64,geo_cov_urb,1994,1.188
nam,sex_f,age_aggregate_y55_64,geo_cov_urb,2010,5.88
nam,sex_f,age_aggregate_y55_64,geo_cov_urb,2012,8.126
nam,sex_f,age_aggregate_y55_64,geo_cov_urb,2013,9.558
nam,sex_f,age_aggregate_y55_64,geo_cov_urb,2014,10.013
nam,sex_f,age_aggregate_y55_64,geo_cov_urb,2016,9.649
nam,sex_f,age_aggregate_y55_64,geo_cov_urb,2018,11.843
nam,sex_f,age_aggregate_yge65,geo_cov_nat,1994,9.542
nam,sex_f,age_aggregate_yge65,geo_cov_nat,2010,9.422
nam,sex_f,age_aggregate_yge65,geo_cov_nat,2012,18.991
nam,sex_f,age_aggregate_yge65,geo_cov_nat,2013,26.204
nam,sex_f,age_aggregate_yge65,geo_cov_nat,2014,21.357
nam,sex_f,age_aggregate_yge65,geo_cov_nat,2016,14.254
nam,sex_f,age_aggregate_yge65,geo_cov_nat,2018,22.482
nam,sex_f,age_aggregate_yge65,geo_cov_rur,1994,8.651
nam,sex_f,age_aggregate_yge65,geo_cov_rur,2010,8.622
nam,sex_f,age_aggregate_yge65,geo_cov_rur,2012,17.413
nam,sex_f,age_aggregate_yge65,geo_cov_rur,2013,24.149
nam,sex_f,age_aggregate_yge65,geo_cov_rur,2014,19.23
nam,sex_f,age_aggregate_yge65,geo_cov_rur,2016,13.177
nam,sex_f,age_aggregate_yge65,geo_cov_rur,2018,19.898
nam,sex_f,age_aggregate_yge65,geo_cov_urb,1994,0.891
nam,sex_f,age_aggregate_yge65,geo_cov_urb,2010,0.8
nam,sex_f,age_aggregate_yge65,geo_cov_urb,2012,1.578
nam,sex_f,age_aggregate_yge65,geo_cov_urb,2013,2.055
nam,sex_f,age_aggregate_yge65,geo_cov_urb,2014,2.128
nam,sex_f,age_aggregate_yge65,geo_cov_urb,2016,1.077
nam,sex_f,age_aggregate_yge65,geo_cov_urb,2018,2.584
nam,sex_f,age_ythadult_y15_24,geo_cov_nat,1994,35.505
nam,sex_f,age_ythadult_y15_24,geo_cov_nat,2010,48.401
nam,sex_f,age_ythadult_y15_24,geo_cov_nat,2012,37.892
nam,sex_f,age_ythadult_y15_24,geo_cov_nat,2013,39.403
nam,sex_f,age_ythadult_y15_24,geo_cov_nat,2014,41.879
nam,sex_f,age_ythadult_y15_24,geo_cov_nat,2016,36.533
nam,sex_f,age_ythadult_y15_24,geo_cov_nat,2018,39.163
nam,sex_f,age_ythadult_y15_24,geo_cov_rur,1994,26.136
nam,sex_f,age_ythadult_y15_24,geo_cov_rur,2010,29.726
nam,sex_f,age_ythadult_y15_24,geo_cov_rur,2012,15.294
nam,sex_f,age_ythadult_y15_24,geo_cov_rur,2013,17.17
nam,sex_f,age_ythadult_y15_24,geo_cov_rur,2014,20.01
nam,sex_f,age_ythadult_y15_24,geo_cov_rur,2016,11.805
nam,sex_f,age_ythadult_y15_24,geo_cov_rur,2018,20.716
nam,sex_f,age_ythadult_y15_24,geo_cov_urb,1994,9.368
nam,sex_f,age_ythadult_y15_24,geo_cov_urb,2010,18.675
nam,sex_f,age_ythadult_y15_24,geo_cov_urb,2012,22.597
nam,sex_f,age_ythadult_y15_24,geo_cov_urb,2013,22.233
nam,sex_f,age_ythadult_y15_24,geo_cov_urb,2014,21.869
nam,sex_f,age_ythadult_y15_24,geo_cov_urb,2016,24.729
nam,sex_f,age_ythadult_y15_24,geo_cov_urb,2018,18.447
nam,sex_f,age_ythadult_y15_64,geo_cov_nat,1994,154.005
nam,sex_f,age_ythadult_y15_64,geo_cov_nat,2010,282.513
nam,sex_f,age_ythadult_y15_64,geo_cov_nat,2012,277.88
nam,sex_f,age_ythadult_y15_64,geo_cov_nat,2013,314.304
nam,sex_f,age_ythadult_y15_64,geo_cov_nat,2014,318.656
nam,sex_f,age_ythadult_y15_64,geo_cov_nat,2016,304.03
nam,sex_f,age_ythadult_y15_64,geo_cov_nat,2018,339.901
nam,sex_f,age_ythadult_y15_64,geo_cov_rur,1994,98.895
nam,sex_f,age_ythadult_y15_64,geo_cov_rur,2010,144.191
nam,sex_f,age_ythadult_y15_64,geo_cov_rur,2012,120.241
nam,sex_f,age_ythadult_y15_64,geo_cov_rur,2013,151.103
nam,sex_f,age_ythadult_y15_64,geo_cov_rur,2014,140.546
nam,sex_f,age_ythadult_y15_64,geo_cov_rur,2016,110.479
nam,sex_f,age_ythadult_y15_64,geo_cov_rur,2018,138.49
nam,sex_f,age_ythadult_y15_64,geo_cov_urb,1994,55.11
nam,sex_f,age_ythadult_y15_64,geo_cov_urb,2010,138.322
nam,sex_f,age_ythadult_y15_64,geo_cov_urb,2012,157.639
nam,sex_f,age_ythadult_y15_64,geo_cov_urb,2013,163.201
nam,sex_f,age_ythadult_y15_64,geo_cov_urb,2014,178.11
nam,sex_f,age_ythadult_y15_64,geo_cov_urb,2016,193.551
nam,sex_f,age_ythadult_y15_64,geo_cov_urb,2018,201.411
nam,sex_f,age_ythadult_yge15,geo_cov_nat,1994,163.547
nam,sex_f,age_ythadult_yge15,geo_cov_nat,2010,291.935
nam,sex_f,age_ythadult_yge15,geo_cov_nat,2012,296.87
nam,sex_f,age_ythadult_yge15,geo_cov_nat,2013,340.508
nam,sex_f,age_ythadult_yge15,geo_cov_nat,2014,340.013
nam,sex_f,age_ythadult_yge15,geo_cov_nat,2016,318.284
nam,sex_f,age_ythadult_yge15,geo_cov_nat,2018,362.383
nam,sex_f,age_ythadult_yge15,geo_cov_rur,1994,107.546
nam,sex_f,age_ythadult_yge15,geo_cov_rur,2010,152.813
nam,sex_f,age_ythadult_yge15,geo_cov_rur,2012,137.654
nam,sex_f,age_ythadult_yge15,geo_cov_rur,2013,175.253
nam,sex_f,age_ythadult_yge15,geo_cov_rur,2014,159.776
nam,sex_f,age_ythadult_yge15,geo_cov_rur,2016,123.656
nam,sex_f,age_ythadult_yge15,geo_cov_rur,2018,158.389
nam,sex_f,age_ythadult_yge15,geo_cov_urb,1994,56.001
nam,sex_f,age_ythadult_yge15,geo_cov_urb,2010,139.123
nam,sex_f,age_ythadult_yge15,geo_cov_urb,2012,159.217
nam,sex_f,age_ythadult_yge15,geo_cov_urb,2013,165.255
nam,sex_f,age_ythadult_yge15,geo_cov_urb,2014,180.238
nam,sex_f,age_ythadult_yge15,geo_cov_urb,2016,194.628
nam,sex_f,age_ythadult_yge15,geo_cov_urb,2018,203.994
nam,sex_f,age_ythadult_yge25,geo_cov_nat,1994,128.043
nam,sex_f,age_ythadult_yge25,geo_cov_nat,2010,243.534
nam,sex_f,age_ythadult_yge25,geo_cov_nat,2012,258.979
nam,sex_f,age_ythadult_yge25,geo_cov_nat,2013,301.105
nam,sex_f,age_ythadult_yge25,geo_cov_nat,2014,298.135
nam,sex_f,age_ythadult_yge25,geo_cov_nat,2016,281.751
nam,sex_f,age_ythadult_yge25,geo_cov_nat,2018,323.22
nam,sex_f,age_ythadult_yge25,geo_cov_rur,1994,81.41
nam,sex_f,age_ythadult_yge25,geo_cov_rur,2010,123.087
nam,sex_f,age_ythadult_yge25,geo_cov_rur,2012,122.359
nam,sex_f,age_ythadult_yge25,geo_cov_rur,2013,158.082
nam,sex_f,age_ythadult_yge25,geo_cov_rur,2014,139.766
nam,sex_f,age_ythadult_yge25,geo_cov_rur,2016,111.851
nam,sex_f,age_ythadult_yge25,geo_cov_rur,2018,137.673
nam,sex_f,age_ythadult_yge25,geo_cov_urb,1994,46.633
nam,sex_f,age_ythadult_yge25,geo_cov_urb,2010,120.448
nam,sex_f,age_ythadult_yge25,geo_cov_urb,2012,136.62
nam,sex_f,age_ythadult_yge25,geo_cov_urb,2013,143.023
nam,sex_f,age_ythadult_yge25,geo_cov_urb,2014,158.369
nam,sex_f,age_ythadult_yge25,geo_cov_urb,2016,169.899
nam,sex_f,age_ythadult_yge25,geo_cov_urb,2018,185.547
nam,sex_m,age_10yrbands_total,geo_cov_nat,1994,186.733
nam,sex_m,age_10yrbands_total,geo_cov_nat,2010,316.068
nam,sex_m,age_10yrbands_total,geo_cov_nat,2012,325.634
nam,sex_m,age_10yrbands_total,geo_cov_nat,2013,341.609
nam,sex_m,age_10yrbands_total,geo_cov_nat,2014,365.352
nam,sex_m,age_10yrbands_total,geo_cov_nat,2016,343.506
nam,sex_m,age_10yrbands_total,geo_cov_nat,2018,360.33
nam,sex_m,age_10yrbands_total,geo_cov_rur,1994,108.327
nam,sex_m,age_10yrbands_total,geo_cov_rur,2010,156.975
nam,sex_m,age_10yrbands_total,geo_cov_rur,2012,133.094
nam,sex_m,age_10yrbands_total,geo_cov_rur,2013,160.666
nam,sex_m,age_10yrbands_total,geo_cov_rur,2014,158.067
nam,sex_m,age_10yrbands_total,geo_cov_rur,2016,129.673
nam,sex_m,age_10yrbands_total,geo_cov_rur,2018,148.872
nam,sex_m,age_10yrbands_total,geo_cov_urb,1994,78.406
nam,sex_m,age_10yrbands_total,geo_cov_urb,2010,159.094
nam,sex_m,age_10yrbands_total,geo_cov_urb,2012,192.54
nam,sex_m,age_10yrbands_total,geo_cov_urb,2013,180.943
nam,sex_m,age_10yrbands_total,geo_cov_urb,2014,207.286
nam,sex_m,age_10yrbands_total,geo_cov_urb,2016,213.833
nam,sex_m,age_10yrbands_total,geo_cov_urb,2018,211.458
nam,sex_m,age_10yrbands_y15_24,geo_cov_nat,1994,36.875
nam,sex_m,age_10yrbands_y15_24,geo_cov_nat,2010,55.288
nam,sex_m,age_10yrbands_y15_24,geo_cov_nat,2012,51.996
nam,sex_m,age_10yrbands_y15_24,geo_cov_nat,2013,47.214
nam,sex_m,age_10yrbands_y15_24,geo_cov_nat,2014,52.072
nam,sex_m,age_10yrbands_y15_24,geo_cov_nat,2016,51.053
nam,sex_m,age_10yrbands_y15_24,geo_cov_nat,2018,47.348
nam,sex_m,age_10yrbands_y15_24,geo_cov_rur,1994,26.563
nam,sex_m,age_10yrbands_y15_24,geo_cov_rur,2010,33.164
nam,sex_m,age_10yrbands_y15_24,geo_cov_rur,2012,21.462
nam,sex_m,age_10yrbands_y15_24,geo_cov_rur,2013,22.114
nam,sex_m,age_10yrbands_y15_24,geo_cov_rur,2014,28.079
nam,sex_m,age_10yrbands_y15_24,geo_cov_rur,2016,21.734
nam,sex_m,age_10yrbands_y15_24,geo_cov_rur,2018,30.022
nam,sex_m,age_10yrbands_y15_24,geo_cov_urb,1994,10.312
nam,sex_m,age_10yrbands_y15_24,geo_cov_urb,2010,22.124
nam,sex_m,age_10yrbands_y15_24,geo_cov_urb,2012,30.534
nam,sex_m,age_10yrbands_y15_24,geo_cov_urb,2013,25.1
nam,sex_m,age_10yrbands_y15_24,geo_cov_urb,2014,23.994
nam,sex_m,age_10yrbands_y15_24,geo_cov_urb,2016,29.319
nam,sex_m,age_10yrbands_y15_24,geo_cov_urb,2018,17.326
nam,sex_m,age_10yrbands_y25_34,geo_cov_nat,1994,56.007
nam,sex_m,age_10yrbands_y25_34,geo_cov_nat,2010,101.101
nam,sex_m,age_10yrbands_y25_34,geo_cov_nat,2012,101.85
nam,sex_m,age_10yrbands_y25_34,geo_cov_nat,2013,104.918
nam,sex_m,age_10yrbands_y25_34,geo_cov_nat,2014,121.472
nam,sex_m,age_10yrbands_y25_34,geo_cov_nat,2016,113.904
nam,sex_m,age_10yrbands_y25_34,geo_cov_nat,2018,114.009
nam,sex_m,age_10yrbands_y25_34,geo_cov_rur,1994,27.631
nam,sex_m,age_10yrbands_y25_34,geo_cov_rur,2010,43.049
nam,sex_m,age_10yrbands_y25_34,geo_cov_rur,2012,35.362
nam,sex_m,age_10yrbands_y25_34,geo_cov_rur,2013,40.972
nam,sex_m,age_10yrbands_y25_34,geo_cov_rur,2014,42.936
nam,sex_m,age_10yrbands_y25_34,geo_cov_rur,2016,35.375
nam,sex_m,age_10yrbands_y25_34,geo_cov_rur,2018,36.181
nam,sex_m,age_10yrbands_y25_34,geo_cov_urb,1994,28.376
nam,sex_m,age_10yrbands_y25_34,geo_cov_urb,2010,58.052
nam,sex_m,age_10yrbands_y25_34,geo_cov_urb,2012,66.488
nam,sex_m,age_10yrbands_y25_34,geo_cov_urb,2013,63.946
nam,sex_m,age_10yrbands_y25_34,geo_cov_urb,2014,78.535
nam,sex_m,age_10yrbands_y25_34,geo_cov_urb,2016,78.529
nam,sex_m,age_10yrbands_y25_34,geo_cov_urb,2018,77.828
nam,sex_m,age_10yrbands_y35_44,geo_cov_nat,1994,41.212
nam,sex_m,age_10yrbands_y35_44,geo_cov_nat,2010,75.212
nam,sex_m,age_10yrbands_y35_44,geo_cov_nat,2012,79.651
nam,sex_m,age_10yrbands_y35_44,geo_cov_nat,2013,89.591
nam,sex_m,age_10yrbands_y35_44,geo_cov_nat,2014,92.417
nam,sex_m,age_10yrbands_y35_44,geo_cov_nat,2016,86.658
nam,sex_m,age_10yrbands_y35_44,geo_cov_nat,2018,92.777
nam,sex_m,age_10yrbands_y35_44,geo_cov_rur,1994,20.646
nam,sex_m,age_10yrbands_y35_44,geo_cov_rur,2010,33.106
nam,sex_m,age_10yrbands_y35_44,geo_cov_rur,2012,29.235
nam,sex_m,age_10yrbands_y35_44,geo_cov_rur,2013,37.338
nam,sex_m,age_10yrbands_y35_44,geo_cov_rur,2014,34.601
nam,sex_m,age_10yrbands_y35_44,geo_cov_rur,2016,29.237
nam,sex_m,age_10yrbands_y35_44,geo_cov_rur,2018,29.036
nam,sex_m,age_10yrbands_y35_44,geo_cov_urb,1994,20.567
nam,sex_m,age_10yrbands_y35_44,geo_cov_urb,2010,42.105
nam,sex_m,age_10yrbands_y35_44,geo_cov_urb,2012,50.417
nam,sex_m,age_10yrbands_y35_44,geo_cov_urb,2013,52.254
nam,sex_m,age_10yrbands_y35_44,geo_cov_urb,2014,57.816
nam,sex_m,age_10yrbands_y35_44,geo_cov_urb,2016,57.422
nam,sex_m,age_10yrbands_y35_44,geo_cov_urb,2018,63.741
nam,sex_m,age_10yrbands_y45_54,geo_cov_nat,1994,27.162
nam,sex_m,age_10yrbands_y45_54,geo_cov_nat,2010,49.953
nam,sex_m,age_10yrbands_y45_54,geo_cov_nat,2012,48.654
nam,sex_m,age_10yrbands_y45_54,geo_cov_nat,2013,51.602
nam,sex_m,age_10yrbands_y45_54,geo_cov_nat,2014,57.261
nam,sex_m,age_10yrbands_y45_54,geo_cov_nat,2016,53.417
nam,sex_m,age_10yrbands_y45_54,geo_cov_nat,2018,60.065
nam,sex_m,age_10yrbands_y45_54,geo_cov_rur,1994,14.493
nam,sex_m,age_10yrbands_y45_54,geo_cov_rur,2010,24.326
nam,sex_m,age_10yrbands_y45_54,geo_cov_rur,2012,17.832
nam,sex_m,age_10yrbands_y45_54,geo_cov_rur,2013,25.352
nam,sex_m,age_10yrbands_y45_54,geo_cov_rur,2014,24.332
nam,sex_m,age_10yrbands_y45_54,geo_cov_rur,2016,19.731
nam,sex_m,age_10yrbands_y45_54,geo_cov_rur,2018,23.963
nam,sex_m,age_10yrbands_y45_54,geo_cov_urb,1994,12.669
nam,sex_m,age_10yrbands_y45_54,geo_cov_urb,2010,25.627
nam,sex_m,age_10yrbands_y45_54,geo_cov_urb,2012,30.822
nam,sex_m,age_10yrbands_y45_54,geo_cov_urb,2013,26.25
nam,sex_m,age_10yrbands_y45_54,geo_cov_urb,2014,32.929
nam,sex_m,age_10yrbands_y45_54,geo_cov_urb,2016,33.685
nam,sex_m,age_10yrbands_y45_54,geo_cov_urb,2018,36.102
nam,sex_m,age_10yrbands_y55_64,geo_cov_nat,1994,14.415
nam,sex_m,age_10yrbands_y55_64,geo_cov_nat,2010,22.671
nam,sex_m,age_10yrbands_y55_64,geo_cov_nat,2012,25.956
nam,sex_m,age_10yrbands_y55_64,geo_cov_nat,2013,28.566
nam,sex_m,age_10yrbands_y55_64,geo_cov_nat,2014,27.042
nam,sex_m,age_10yrbands_y55_64,geo_cov_nat,2016,24.147
nam,sex_m,age_10yrbands_y55_64,geo_cov_nat,2018,27.978
nam,sex_m,age_10yrbands_y55_64,geo_cov_rur,1994,10.598
nam,sex_m,age_10yrbands_y55_64,geo_cov_rur,2010,13.239
nam,sex_m,age_10yrbands_y55_64,geo_cov_rur,2012,14.016
nam,sex_m,age_10yrbands_y55_64,geo_cov_rur,2013,17.771
nam,sex_m,age_10yrbands_y55_64,geo_cov_rur,2014,15.026
nam,sex_m,age_10yrbands_y55_64,geo_cov_rur,2016,11.728
nam,sex_m,age_10yrbands_y55_64,geo_cov_rur,2018,13.824
nam,sex_m,age_10yrbands_y55_64,geo_cov_urb,1994,3.818
nam,sex_m,age_10yrbands_y55_64,geo_cov_urb,2010,9.431
nam,sex_m,age_10yrbands_y55_64,geo_cov_urb,2012,11.94
nam,sex_m,age_10yrbands_y55_64,geo_cov_urb,2013,10.796
nam,sex_m,age_10yrbands_y55_64,geo_cov_urb,2014,12.016
nam,sex_m,age_10yrbands_y55_64,geo_cov_urb,2016,12.419
nam,sex_m,age_10yrbands_y55_64,geo_cov_urb,2018,14.155
nam,sex_m,age_10yrbands_yge65,geo_cov_nat,1994,11.061
nam,sex_m,age_10yrbands_yge65,geo_cov_nat,2010,11.844
nam,sex_m,age_10yrbands_yge65,geo_cov_nat,2012,17.526
nam,sex_m,age_10yrbands_yge65,geo_cov_nat,2013,19.718
nam,sex_m,age_10yrbands_yge65,geo_cov_nat,2014,15.089
nam,sex_m,age_10yrbands_yge65,geo_cov_nat,2016,14.328
nam,sex_m,age_10yrbands_yge65,geo_cov_nat,2018,18.154
nam,sex_m,age_10yrbands_yge65,geo_cov_rur,1994,8.397
nam,sex_m,age_10yrbands_yge65,geo_cov_rur,2010,10.09
nam,sex_m,age_10yrbands_yge65,geo_cov_rur,2012,15.188
nam,sex_m,age_10yrbands_yge65,geo_cov_rur,2013,17.121
nam,sex_m,age_10yrbands_yge65,geo_cov_rur,2014,13.093
nam,sex_m,age_10yrbands_yge65,geo_cov_rur,2016,11.868
nam,sex_m,age_10yrbands_yge65,geo_cov_rur,2018,15.847
nam,sex_m,age_10yrbands_yge65,geo_cov_urb,1994,2.664
nam,sex_m,age_10yrbands_yge65,geo_cov_urb,2010,1.754
nam,sex_m,age_10yrbands_yge65,geo_cov_urb,2012,2.339
nam,sex_m,age_10yrbands_yge65,geo_cov_urb,2013,2.597
nam,sex_m,age_10yrbands_yge65,geo_cov_urb,2014,1.996
nam,sex_m,age_10yrbands_yge65,geo_cov_urb,2016,2.46
nam,sex_m,age_10yrbands_yge65,geo_cov_urb,2018,2.307
nam,sex_m,age_aggregate_total,geo_cov_nat,1994,186.733
nam,sex_m,age_aggregate_total,geo_cov_nat,2010,316.068
nam,sex_m,age_aggregate_total,geo_cov_nat,2012,325.634
nam,sex_m,age_aggregate_total,geo_cov_nat,2013,341.609
nam,sex_m,age_aggregate_total,geo_cov_nat,2014,365.352
nam,sex_m,age_aggregate_total,geo_cov_nat,2016,343.506
nam,sex_m,age_aggregate_total,geo_cov_nat,2018,360.33
nam,sex_m,age_aggregate_total,geo_cov_rur,1994,108.327
nam,sex_m,age_aggregate_total,geo_cov_rur,2010,156.975
nam,sex_m,age_aggregate_total,geo_cov_rur,2012,133.094
nam,sex_m,age_aggregate_total,geo_cov_rur,2013,160.666
nam,sex_m,age_aggregate_total,geo_cov_rur,2014,158.067
nam,sex_m,age_aggregate_total,geo_cov_rur,2016,129.673
nam,sex_m,age_aggregate_total,geo_cov_rur,2018,148.872
nam,sex_m,age_aggregate_total,geo_cov_urb,1994,78.406
nam,sex_m,age_aggregate_total,geo_cov_urb,2010,159.094
nam,sex_m,age_aggregate_total,geo_cov_urb,2012,192.54
nam,sex_m,age_aggregate_total,geo_cov_urb,2013,180.943
nam,sex_m,age_aggregate_total,geo_cov_urb,2014,207.286
nam,sex_m,age_aggregate_total,geo_cov_urb,2016,213.833
nam,sex_m,age_aggregate_total,geo_cov_urb,2018,211.458
nam,sex_m,age_aggregate_y15_24,geo_cov_nat,1994,36.875
nam,sex_m,age_aggregate_y15_24,geo_cov_nat,2010,55.288
nam,sex_m,age_aggregate_y15_24,geo_cov_nat,2012,51.996
nam,sex_m,age_aggregate_y15_24,geo_cov_nat,2013,47.214
nam,sex_m,age_aggregate_y15_24,geo_cov_nat,2014,52.072
nam,sex_m,age_aggregate_y15_24,geo_cov_nat,2016,51.053
nam,sex_m,age_aggregate_y15_24,geo_cov_nat,2018,47.348
nam,sex_m,age_aggregate_y15_24,geo_cov_rur,1994,26.563
nam,sex_m,age_aggregate_y15_24,geo_cov_rur,2010,33.164
nam,sex_m,age_aggregate_y15_24,geo_cov_rur,2012,21.462
nam,sex_m,age_aggregate_y15_24,geo_cov_rur,2013,22.114
nam,sex_m,age_aggregate_y15_24,geo_cov_rur,2014,28.079
nam,sex_m,age_aggregate_y15_24,geo_cov_rur,2016,21.734
nam,sex_m,age_aggregate_y15_24,geo_cov_rur,2018,30.022
nam,sex_m,age_aggregate_y15_24,geo_cov_urb,1994,10.312
nam,sex_m,age_aggregate_y15_24,geo_cov_urb,2010,22.124
nam,sex_m,age_aggregate_y15_24,geo_cov_urb,2012,30.534
nam,sex_m,age_aggregate_y15_24,geo_cov_urb,2013,25.1
nam,sex_m,age_aggregate_y15_24,geo_cov_urb,2014,23.994
nam,sex_m,age_aggregate_y15_24,geo_cov_urb,2016,29.319
nam,sex_m,age_aggregate_y15_24,geo_cov_urb,2018,17.326
nam,sex_m,age_aggregate_y25_54,geo_cov_nat,1994,124.381
nam,sex_m,age_aggregate_y25_54,geo_cov_nat,2010,226.266
nam,sex_m,age_aggregate_y25_54,geo_cov_nat,2012,230.156
nam,sex_m,age_aggregate_y25_54,geo_cov_nat,2013,246.111
nam,sex_m,age_aggregate_y25_54,geo_cov_nat,2014,271.149
nam,sex_m,age_aggregate_y25_54,geo_cov_nat,2016,253.979
nam,sex_m,age_aggregate_y25_54,geo_cov_nat,2018,266.85
nam,sex_m,age_aggregate_y25_54,geo_cov_rur,1994,62.769
nam,sex_m,age_aggregate_y25_54,geo_cov_rur,2010,100.482
nam,sex_m,age_aggregate_y25_54,geo_cov_rur,2012,82.429
nam,sex_m,age_aggregate_y25_54,geo_cov_rur,2013,103.661
nam,sex_m,age_aggregate_y25_54,geo_cov_rur,2014,101.869
nam,sex_m,age_aggregate_y25_54,geo_cov_rur,2016,84.343
nam,sex_m,age_aggregate_y25_54,geo_cov_rur,2018,89.179
nam,sex_m,age_aggregate_y25_54,geo_cov_urb,1994,61.612
nam,sex_m,age_aggregate_y25_54,geo_cov_urb,2010,125.784
nam,sex_m,age_aggregate_y25_54,geo_cov_urb,2012,147.727
nam,sex_m,age_aggregate_y25_54,geo_cov_urb,2013,142.45
nam,sex_m,age_aggregate_y25_54,geo_cov_urb,2014,169.28
nam,sex_m,age_aggregate_y25_54,geo_cov_urb,2016,169.636
nam,sex_m,age_aggregate_y25_54,geo_cov_urb,2018,177.671
nam,sex_m,age_aggregate_y55_64,geo_cov_nat,1994,14.415
nam,sex_m,age_aggregate_y55_64,geo_cov_nat,2010,22.671
nam,sex_m,age_aggregate_y55_64,geo_cov_nat,2012,25.956
nam,sex_m,age_aggregate_y55_64,geo_cov_nat,2013,28.566
nam,sex_m,age_aggregate_y55_64,geo_cov_nat,2014,27.042
nam,sex_m,age_aggregate_y55_64,geo_cov_nat,2016,24.147
nam,sex_m,age_aggregate_y55_64,geo_cov_nat,2018,27.978
nam,sex_m,age_aggregate_y55_64,geo_cov_rur,1994,10.598
nam,sex_m,age_aggregate_y55_64,geo_cov_rur,2010,13.239
nam,sex_m,age_aggregate_y55_64,geo_cov_rur,2012,14.016
nam,sex_m,age_aggregate_y55_64,geo_cov_rur,2013,17.771
nam,sex_m,age_aggregate_y55_64,geo_cov_rur,2014,15.026
nam,sex_m,age_aggregate_y55_64,geo_cov_rur,2016,11.728
nam,sex_m,age_aggregate_y55_64,geo_cov_rur,2018,13.824
nam,sex_m,age_aggregate_y55_64,geo_cov_urb,1994,3.818
nam,sex_m,age_aggregate_y55_64,geo_cov_urb,2010,9.431
nam,sex_m,age_aggregate_y55_64,geo_cov_urb,2012,11.94
nam,sex_m,age_aggregate_y55_64,geo_cov_urb,2013,10.796
nam,sex_m,age_aggregate_y55_64,geo_cov_urb,2014,12.016
nam,sex_m,age_aggregate_y55_64,geo_cov_urb,2016,12.419
nam,sex_m,age_aggregate_y55_64,geo_cov_urb,2018,14.155
nam,sex_m,age_aggregate_yge65,geo_cov_nat,1994,11.061
nam,sex_m,age_aggregate_yge65,geo_cov_nat,2010,11.844
nam,sex_m,age_aggregate_yge65,geo_cov_nat,2012,17.526
nam,sex_m,age_aggregate_yge65,geo_cov_nat,2013,19.718
nam,sex_m,age_aggregate_yge65,geo_cov_nat,2014,15.089
nam,sex_m,age_aggregate_yge65,geo_cov_nat,2016,14.328
nam,sex_m,age_aggregate_yge65,geo_cov_nat,2018,18.154
nam,sex_m,age_aggregate_yge65,geo_cov_rur,1994,8.397
nam,sex_m,age_aggregate_yge65,geo_cov_rur,2010,10.09
nam,sex_m,age_aggregate_yge65,geo_cov_rur,2012,15.188
nam,sex_m,age_aggregate_yge65,geo_cov_rur,2013,17.121
nam,sex_m,age_aggregate_yge65,geo_cov_rur,2014,13.093
nam,sex_m,age_aggregate_yge65,geo_cov_rur,2016,11.868
nam,sex_m,age_aggregate_yge65,geo_cov_rur,2018,15.847
nam,sex_m,age_aggregate_yge65,geo_cov_urb,1994,2.664
nam,sex_m,age_aggregate_yge65,geo_cov_urb,2010,1.754
nam,sex_m,age_aggregate_yge65,geo_cov_urb,2012,2.339
nam,sex_m,age_aggregate_yge65,geo_cov_urb,2013,2.597
nam,sex_m,age_aggregate_yge65,geo_cov_urb,2014,1.996
nam,sex_m,age_aggregate_yge65,geo_cov_urb,2016,2.46
nam,sex_m,age_aggregate_yge65,geo_cov_urb,2018,2.307
nam,sex_m,age_ythadult_y15_24,geo_cov_nat,1994,36.875
nam,sex_m,age_ythadult_y15_24,geo_cov_nat,2010,55.288
nam,sex_m,age_ythadult_y15_24,geo_cov_nat,2012,51.996
nam,sex_m,age_ythadult_y15_24,geo_cov_nat,2013,47.214
nam,sex_m,age_ythadult_y15_24,geo_cov_nat,2014,52.072
nam,sex_m,age_ythadult_y15_24,geo_cov_nat,2016,51.053
nam,sex_m,age_ythadult_y15_24,geo_cov_nat,2018,47.348
nam,sex_m,age_ythadult_y15_24,geo_cov_rur,1994,26.563
nam,sex_m,age_ythadult_y15_24,geo_cov_rur,2010,33.164
nam,sex_m,age_ythadult_y15_24,geo_cov_rur,2012,21.462
nam,sex_m,age_ythadult_y15_24,geo_cov_rur,2013,22.114
nam,sex_m,age_ythadult_y15_24,geo_cov_rur,2014,28.079
nam,sex_m,age_ythadult_y15_24,geo_cov_rur,2016,21.734
nam,sex_m,age_ythadult_y15_24,geo_cov_rur,2018,30.022
nam,sex_m,age_ythadult_y15_24,geo_cov_urb,1994,10.312
nam,sex_m,age_ythadult_y15_24,geo_cov_urb,2010,22.124
nam,sex_m,age_ythadult_y15_24,geo_cov_urb,2012,30.534
nam,sex_m,age_ythadult_y15_24,geo_cov_urb,2013,25.1
nam,sex_m,age_ythadult_y15_24,geo_cov_urb,2014,23.994
nam,sex_m,age_ythadult_y15_24,geo_cov_urb,2016,29.319
nam,sex_m,age_ythadult_y15_24,geo_cov_urb,2018,17.326
nam,sex_m,age_ythadult_y15_64,geo_cov_nat,1994,175.672
nam,sex_m,age_ythadult_y15_64,geo_cov_nat,2010,304.224
nam,sex_m,age_ythadult_y15_64,geo_cov_nat,2012,308.107
nam,sex_m,age_ythadult_y15_64,geo_cov_nat,2013,321.891
nam,sex_m,age_ythadult_y15_64,geo_cov_nat,2014,350.263
nam,sex_m,age_ythadult_y15_64,geo_cov_nat,2016,329.178
nam,sex_m,age_ythadult_y15_64,geo_cov_nat,2018,342.176
nam,sex_m,age_ythadult_y15_64,geo_cov_rur,1994,99.93
nam,sex_m,age_ythadult_y15_64,geo_cov_rur,2010,146.885
nam,sex_m,age_ythadult_y15_64,geo_cov_rur,2012,117.906
nam,sex_m,age_ythadult_y15_64,geo_cov_rur,2013,143.545
nam,sex_m,age_ythadult_y15_64,geo_cov_rur,2014,144.974
nam,sex_m,age_ythadult_y15_64,geo_cov_rur,2016,117.805
nam,sex_m,age_ythadult_y15_64,geo_cov_rur,2018,133.025
nam,sex_m,age_ythadult_y15_64,geo_cov_urb,1994,75.742
nam,sex_m,age_ythadult_y15_64,geo_cov_urb,2010,157.339
nam,sex_m,age_ythadult_y15_64,geo_cov_urb,2012,190.201
nam,sex_m,age_ythadult_y15_64,geo_cov_urb,2013,178.346
nam,sex_m,age_ythadult_y15_64,geo_cov_urb,2014,205.29
nam,sex_m,age_ythadult_y15_64,geo_cov_urb,2016,211.373
nam,sex_m,age_ythadult_y15_64,geo_cov_urb,2018,209.151
nam,sex_m,age_ythadult_yge15,geo_cov_nat,1994,186.733
nam,sex_m,age_ythadult_yge15,geo_cov_nat,2010,316.068
nam,sex_m,age_ythadult_yge15,geo_cov_nat,2012,325.634
nam,sex_m,age_ythadult_yge15,geo_cov_nat,2013,341.609
nam,sex_m,age_ythadult_yge15,geo_cov_nat,2014,365.352
nam,sex_m,age_ythadult_yge15,geo_cov_nat,2016,343.506
nam,sex_m,age_ythadult_yge15,geo_cov_nat,2018,360.33
nam,sex_m,age_ythadult_yge15,geo_cov_rur,1994,108.327
nam,sex_m,age_ythadult_yge15,geo_cov_rur,2010,156.975
nam,sex_m,age_ythadult_yge15,geo_cov_rur,2012,133.094
nam,sex_m,age_ythadult_yge15,geo_cov_rur,2013,160.666
nam,sex_m,age_ythadult_yge15,geo_cov_rur,2014,158.067
nam,sex_m,age_ythadult_yge15,geo_cov_rur,2016,129.673
nam,sex_m,age_ythadult_yge15,geo_cov_rur,2018,148.872
nam,sex_m,age_ythadult_yge15,geo_cov_urb,1994,78.406
nam,sex_m,age_ythadult_yge15,geo_cov_urb,2010,159.094
nam,sex_m,age_ythadult_yge15,geo_cov_urb,2012,192.54
nam,sex_m,age_ythadult_yge15,geo_cov_urb,2013,180.943
nam,sex_m,age_ythadult_yge15,geo_cov_urb,2014,207.286
nam,sex_m,age_ythadult_yge15,geo_cov_urb,2016,213.833
nam,sex_m,age_ythadult_yge15,geo_cov_urb,2018,211.458
nam,sex_m,age_ythadult_yge25,geo_cov_nat,1994,149.858
nam,sex_m,age_ythadult_yge25,geo_cov_nat,2010,260.781
nam,sex_m,age_ythadult_yge25,geo_cov_nat,2012,273.638
nam,sex_m,age_ythadult_yge25,geo_cov_nat,2013,294.395
nam,sex_m,age_ythadult_yge25,geo_cov_nat,2014,313.28
nam,sex_m,age_ythadult_yge25,geo_cov_nat,2016,292.453
nam,sex_m,age_ythadult_yge25,geo_cov_nat,2018,312.982
nam,sex_m,age_ythadult_yge25,geo_cov_rur,1994,81.764
nam,sex_m,age_ythadult_yge25,geo_cov_rur,2010,123.811
nam,sex_m,age_ythadult_yge25,geo_cov_rur,2012,111.632
nam,sex_m,age_ythadult_yge25,geo_cov_rur,2013,138.552
nam,sex_m,age_ythadult_yge25,geo_cov_rur,2014,129.988
nam,sex_m,age_ythadult_yge25,geo_cov_rur,2016,107.939
nam,sex_m,age_ythadult_yge25,geo_cov_rur,2018,118.85
nam,sex_m,age_ythadult_yge25,geo_cov_urb,1994,68.094
nam,sex_m,age_ythadult_yge25,geo_cov_urb,2010,136.97
nam,sex_m,age_ythadult_yge25,geo_cov_urb,2012,162.006
nam,sex_m,age_ythadult_yge25,geo_cov_urb,2013,155.843
nam,sex_m,age_ythadult_yge25,geo_cov_urb,2014,183.292
nam,sex_m,age_ythadult_yge25,geo_cov_urb,2016,184.515
nam,sex_m,age_ythadult_yge25,geo_cov_urb,2018,194.133
nam,sex_t,age_10yrbands_total,geo_cov_nat,1994,350.28
nam,sex_t,age_10yrbands_total,geo_cov_nat,2010,608.004
nam,sex_t,age_10yrbands_total,geo_cov_nat,2012,622.504
nam,sex_t,age_10yrbands_total,geo_cov_nat,2013,682.117
nam,sex_t,age_10yrbands_total,geo_cov_nat,2014,705.366
nam,sex_t,age_10yrbands_total,geo_cov_nat,2016,661.79
nam,sex_t,age_10yrbands_total,geo_cov_nat,2018,722.712
nam,sex_t,age_10yrbands_total,geo_cov_rur,1994,215.873
nam,sex_t,age_10yrbands_total,geo_cov_rur,2010,309.787
nam,sex_t,age_10yrbands_total,geo_cov_rur,2012,270.747
nam,sex_t,age_10yrbands_total,geo_cov_rur,2013,335.918
nam,sex_t,age_10yrbands_total,geo_cov_rur,2014,317.842
nam,sex_t,age_10yrbands_total,geo_cov_rur,2016,253.328
nam,sex_t,age_10yrbands_total,geo_cov_rur,2018,307.26
nam,sex_t,age_10yrbands_total,geo_cov_urb,1994,134.407
nam,sex_t,age_10yrbands_total,geo_cov_urb,2010,298.216
nam,sex_t,age_10yrbands_total,geo_cov_urb,2012,351.757
nam,sex_t,age_10yrbands_total,geo_cov_urb,2013,346.198
nam,sex_t,age_10yrbands_total,geo_cov_urb,2014,387.523
nam,sex_t,age_10yrbands_total,geo_cov_urb,2016,408.461
nam,sex_t,age_10yrbands_total,geo_cov_urb,2018,415.452
nam,sex_t,age_10yrbands_y15_24,geo_cov_nat,1994,72.38
nam,sex_t,age_10yrbands_y15_24,geo_cov_nat,2010,103.689
nam,sex_t,age_10yrbands_y15_24,geo_cov_nat,2012,89.887
nam,sex_t,age_10yrbands_y15_24,geo_cov_nat,2013,86.617
nam,sex_t,age_10yrbands_y15_24,geo_cov_nat,2014,93.951
nam,sex_t,age_10yrbands_y15_24,geo_cov_nat,2016,87.586
nam,sex_t,age_10yrbands_y15_24,geo_cov_nat,2018,86.511
nam,sex_t,age_10yrbands_y15_24,geo_cov_rur,1994,52.699
nam,sex_t,age_10yrbands_y15_24,geo_cov_rur,2010,62.89
nam,sex_t,age_10yrbands_y15_24,geo_cov_rur,2012,36.756
nam,sex_t,age_10yrbands_y15_24,geo_cov_rur,2013,39.284
nam,sex_t,age_10yrbands_y15_24,geo_cov_rur,2014,48.089
nam,sex_t,age_10yrbands_y15_24,geo_cov_rur,2016,33.539
nam,sex_t,age_10yrbands_y15_24,geo_cov_rur,2018,50.738
nam,sex_t,age_10yrbands_y15_24,geo_cov_urb,1994,19.68
nam,sex_t,age_10yrbands_y15_24,geo_cov_urb,2010,40.799
nam,sex_t,age_10yrbands_y15_24,geo_cov_urb,2012,53.131
nam,sex_t,age_10yrbands_y15_24,geo_cov_urb,2013,47.333
nam,sex_t,age_10yrbands_y15_24,geo_cov_urb,2014,45.862
nam,sex_t,age_10yrbands_y15_24,geo_cov_urb,2016,54.047
nam,sex_t,age_10yrbands_y15_24,geo_cov_urb,2018,35.773
nam,sex_t,age_10yrbands_y25_34,geo_cov_nat,1994,108.038
nam,sex_t,age_10yrbands_y25_34,geo_cov_nat,2010,198.007
nam,sex_t,age_10yrbands_y25_34,geo_cov_nat,2012,193.975
nam,sex_t,age_10yrbands_y25_34,geo_cov_nat,2013,207.586
nam,sex_t,age_10yrbands_y25_34,geo_cov_nat,2014,224.324
nam,sex_t,age_10yrbands_y25_34,geo_cov_nat,2016,215.843
nam,sex_t,age_10yrbands_y25_34,geo_cov_nat,2018,223.636
nam,sex_t,age_10yrbands_y25_34,geo_cov_rur,1994,56.617
nam,sex_t,age_10yrbands_y25_34,geo_cov_rur,2010,85.68
nam,sex_t,age_10yrbands_y25_34,geo_cov_rur,2012,70.262
nam,sex_t,age_10yrbands_y25_34,geo_cov_rur,2013,80.687
nam,sex_t,age_10yrbands_y25_34,geo_cov_rur,2014,78.499
nam,sex_t,age_10yrbands_y25_34,geo_cov_rur,2016,65.423
nam,sex_t,age_10yrbands_y25_34,geo_cov_rur,2018,68.082
nam,sex_t,age_10yrbands_y25_34,geo_cov_urb,1994,51.421
nam,sex_t,age_10yrbands_y25_34,geo_cov_urb,2010,112.327
nam,sex_t,age_10yrbands_y25_34,geo_cov_urb,2012,123.713
nam,sex_t,age_10yrbands_y25_34,geo_cov_urb,2013,126.899
nam,sex_t,age_10yrbands_y25_34,geo_cov_urb,2014,145.826
nam,sex_t,age_10yrbands_y25_34,geo_cov_urb,2016,150.421
nam,sex_t,age_10yrbands_y25_34,geo_cov_urb,2018,155.554
nam,sex_t,age_10yrbands_y35_44,geo_cov_nat,1994,78.951
nam,sex_t,age_10yrbands_y35_44,geo_cov_nat,2010,145.733
nam,sex_t,age_10yrbands_y35_44,geo_cov_nat,2012,153.152
nam,sex_t,age_10yrbands_y35_44,geo_cov_nat,2013,170.439
nam,sex_t,age_10yrbands_y35_44,geo_cov_nat,2014,178.464
nam,sex_t,age_10yrbands_y35_44,geo_cov_nat,2016,170.753
nam,sex_t,age_10yrbands_y35_44,geo_cov_nat,2018,185.839
nam,sex_t,age_10yrbands_y35_44,geo_cov_rur,1994,42.778
nam,sex_t,age_10yrbands_y35_44,geo_cov_rur,2010,65.386
nam,sex_t,age_10yrbands_y35_44,geo_cov_rur,2012,58.2
nam,sex_t,age_10yrbands_y35_44,geo_cov_rur,2013,73.427
nam,sex_t,age_10yrbands_y35_44,geo_cov_rur,2014,69.56
nam,sex_t,age_10yrbands_y35_44,geo_cov_rur,2016,58.406
nam,sex_t,age_10yrbands_y35_44,geo_cov_rur,2018,61.084
nam,sex_t,age_10yrbands_y35_44,geo_cov_urb,1994,36.173
nam,sex_t,age_10yrbands_y35_44,geo_cov_urb,2010,80.347
nam,sex_t,age_10yrbands_y35_44,geo_cov_urb,2012,94.952
nam,sex_t,age_10yrbands_y35_44,geo_cov_urb,2013,97.012
nam,sex_t,age_10yrbands_y35_44,geo_cov_urb,2014,108.904
nam,sex_t,age_10yrbands_y35_44,geo_cov_urb,2016,112.346
nam,sex_t,age_10yrbands_y35_44,geo_cov_urb,2018,124.754
nam,sex_t,age_10yrbands_y45_54,geo_cov_nat,1994,46.342
nam,sex_t,age_10yrbands_y45_54,geo_cov_nat,2010,97.759
nam,sex_t,age_10yrbands_y45_54,geo_cov_nat,2012,97.712
nam,sex_t,age_10yrbands_y45_54,geo_cov_nat,2013,108.277
nam,sex_t,age_10yrbands_y45_54,geo_cov_nat,2014,115.278
nam,sex_t,age_10yrbands_y45_54,geo_cov_nat,2016,110.272
nam,sex_t,age_10yrbands_y45_54,geo_cov_nat,2018,123.989
nam,sex_t,age_10yrbands_y45_54,geo_cov_rur,1994,27.77
nam,sex_t,age_10yrbands_y45_54,geo_cov_rur,2010,50.881
nam,sex_t,age_10yrbands_y45_54,geo_cov_rur,2012,41.734
nam,sex_t,age_10yrbands_y45_54,geo_cov_rur,2013,58.328
nam,sex_t,age_10yrbands_y45_54,geo_cov_rur,2014,54.498
nam,sex_t,age_10yrbands_y45_54,geo_cov_rur,2016,44.23
nam,sex_t,age_10yrbands_y45_54,geo_cov_rur,2018,55.506
nam,sex_t,age_10yrbands_y45_54,geo_cov_urb,1994,18.573
nam,sex_t,age_10yrbands_y45_54,geo_cov_urb,2010,46.878
nam,sex_t,age_10yrbands_y45_54,geo_cov_urb,2012,55.978
nam,sex_t,age_10yrbands_y45_54,geo_cov_urb,2013,49.949
nam,sex_t,age_10yrbands_y45_54,geo_cov_urb,2014,60.779
nam,sex_t,age_10yrbands_y45_54,geo_cov_urb,2016,66.043
nam,sex_t,age_10yrbands_y45_54,geo_cov_urb,2018,68.483
nam,sex_t,age_10yrbands_y55_64,geo_cov_nat,1994,23.966
nam,sex_t,age_10yrbands_y55_64,geo_cov_nat,2010,41.55
nam,sex_t,age_10yrbands_y55_64,geo_cov_nat,2012,51.261
nam,sex_t,age_10yrbands_y55_64,geo_cov_nat,2013,63.277
nam,sex_t,age_10yrbands_y55_64,geo_cov_nat,2014,56.903
nam,sex_t,age_10yrbands_y55_64,geo_cov_nat,2016,48.754
nam,sex_t,age_10yrbands_y55_64,geo_cov_nat,2018,62.103
nam,sex_t,age_10yrbands_y55_64,geo_cov_rur,1994,18.961
nam,sex_t,age_10yrbands_y55_64,geo_cov_rur,2010,26.239
nam,sex_t,age_10yrbands_y55_64,geo_cov_rur,2012,31.195
nam,sex_t,age_10yrbands_y55_64,geo_cov_rur,2013,42.923
nam,sex_t,age_10yrbands_y55_64,geo_cov_rur,2014,34.874
nam,sex_t,age_10yrbands_y55_64,geo_cov_rur,2016,26.687
nam,sex_t,age_10yrbands_y55_64,geo_cov_rur,2018,36.105
nam,sex_t,age_10yrbands_y55_64,geo_cov_urb,1994,5.005
nam,sex_t,age_10yrbands_y55_64,geo_cov_urb,2010,15.311
nam,sex_t,age_10yrbands_y55_64,geo_cov_urb,2012,20.066
nam,sex_t,age_10yrbands_y55_64,geo_cov_urb,2013,20.354
nam,sex_t,age_10yrbands_y55_64,geo_cov_urb,2014,22.029
nam,sex_t,age_10yrbands_y55_64,geo_cov_urb,2016,22.067
nam,sex_t,age_10yrbands_y55_64,geo_cov_urb,2018,25.998
nam,sex_t,age_10yrbands_yge65,geo_cov_nat,1994,20.603
nam,sex_t,age_10yrbands_yge65,geo_cov_nat,2010,21.267
nam,sex_t,age_10yrbands_yge65,geo_cov_nat,2012,36.517
nam,sex_t,age_10yrbands_yge65,geo_cov_nat,2013,45.922
nam,sex_t,age_10yrbands_yge65,geo_cov_nat,2014,36.447
nam,sex_t,age_10yrbands_yge65,geo_cov_nat,2016,28.582
nam,sex_t,age_10yrbands_yge65,geo_cov_nat,2018,40.636
nam,sex_t,age_10yrbands_yge65,geo_cov_rur,1994,17.048
nam,sex_t,age_10yrbands_yge65,geo_cov_rur,2010,18.712
nam,sex_t,age_10yrbands_yge65,geo_cov_rur,2012,32.601
nam,sex_t,age_10yrbands_yge65,geo_cov_rur,2013,41.27
nam,sex_t,age_10yrbands_yge65,geo_cov_rur,2014,32.323
nam,sex_t,age_10yrbands_yge65,geo_cov_rur,2016,25.045
nam,sex_t,age_10yrbands_yge65,geo_cov_rur,2018,35.745
nam,sex_t,age_10yrbands_yge65,geo_cov_urb,1994,3.555
nam,sex_t,age_10yrbands_yge65,geo_cov_urb,2010,2.555
nam,sex_t,age_10yrbands_yge65,geo_cov_urb,2012,3.917
nam,sex_t,age_10yrbands_yge65,geo_cov_urb,2013,4.652
nam,sex_t,age_10yrbands_yge65,geo_cov_urb,2014,4.124
nam,sex_t,age_10yrbands_yge65,geo_cov_urb,2016,3.537
nam,sex_t,age_10yrbands_yge65,geo_cov_urb,2018,4.891
nam,sex_t,age_aggregate_total,geo_cov_nat,1994,350.28
nam,sex_t,age_aggregate_total,geo_cov_nat,2010,608.004
nam,sex_t,age_aggregate_total,geo_cov_nat,2012,622.504
nam,sex_t,age_aggregate_total,geo_cov_nat,2013,682.117
nam,sex_t,age_aggregate_total,geo_cov_nat,2014,705.366
nam,sex_t,age_aggregate_total,geo_cov_nat,2016,661.79
nam,sex_t,age_aggregate_total,geo_cov_nat,2018,722.712
nam,sex_t,age_aggregate_total,geo_cov_rur,1994,215.873
nam,sex_t,age_aggregate_total,geo_cov_rur,2010,309.787
nam,sex_t,age_aggregate_total,geo_cov_rur,2012,270.747
nam,sex_t,age_aggregate_total,geo_cov_rur,2013,335.918
nam,sex_t,age_aggregate_total,geo_cov_rur,2014,317.842
nam,sex_t,age_aggregate_total,geo_cov_rur,2016,253.328
nam,sex_t,age_aggregate_total,geo_cov_rur,2018,307.26
nam,sex_t,age_aggregate_total,geo_cov_urb,1994,134.407
nam,sex_t,age_aggregate_total,geo_cov_urb,2010,298.216
nam,sex_t,age_aggregate_total,geo_cov_urb,2012,351.757
nam,sex_t,age_aggregate_total,geo_cov_urb,2013,346.198
nam,sex_t,age_aggregate_total,geo_cov_urb,2014,387.523
nam,sex_t,age_aggregate_total,geo_cov_urb,2016,408.461
nam,sex_t,age_aggregate_total,geo_cov_urb,2018,415.452
nam,sex_t,age_aggregate_y15_24,geo_cov_nat,1994,72.38
nam,sex_t,age_aggregate_y15_24,geo_cov_nat,2010,103.689
nam,sex_t,age_aggregate_y15_24,geo_cov_nat,2012,89.887
nam,sex_t,age_aggregate_y15_24,geo_cov_nat,2013,86.617
nam,sex_t,age_aggregate_y15_24,geo_cov_nat,2014,93.951
nam,sex_t,age_aggregate_y15_24,geo_cov_nat,2016,87.586
nam,sex_t,age_aggregate_y15_24,geo_cov_nat,2018,86.511
nam,sex_t,age_aggregate_y15_24,geo_cov_rur,1994,52.699
nam,sex_t,age_aggregate_y15_24,geo_cov_rur,2010,62.89
nam,sex_t,age_aggregate_y15_24,geo_cov_rur,2012,36.756
nam,sex_t,age_aggregate_y15_24,geo_cov_rur,2013,39.284
nam,sex_t,age_aggregate_y15_24,geo_cov_rur,2014,48.089
nam,sex_t,age_aggregate_y15_24,geo_cov_rur,2016,33.539
nam,sex_t,age_aggregate_y15_24,geo_cov_rur,2018,50.738
nam,sex_t,age_aggregate_y15_24,geo_cov_urb,1994,19.68
nam,sex_t,age_aggregate_y15_24,geo_cov_urb,2010,40.799
nam,sex_t,age_aggregate_y15_24,geo_cov_urb,2012,53.131
nam,sex_t,age_aggregate_y15_24,geo_cov_urb,2013,47.333
nam,sex_t,age_aggregate_y15_24,geo_cov_urb,2014,45.862
nam,sex_t,age_aggregate_y15_24,geo_cov_urb,2016,54.047
nam,sex_t,age_aggregate_y15_24,geo_cov_urb,2018,35.773
nam,sex_t,age_aggregate_y25_54,geo_cov_nat,1994,233.331
nam,sex_t,age_aggregate_y25_54,geo_cov_nat,2010,441.498
nam,sex_t,age_aggregate_y25_54,geo_cov_nat,2012,444.839
nam,sex_t,age_aggregate_y25_54,geo_cov_nat,2013,486.302
nam,sex_t,age_aggregate_y25_54,geo_cov_nat,2014,518.065
nam,sex_t,age_aggregate_y25_54,geo_cov_nat,2016,496.868
nam,sex_t,age_aggregate_y25_54,geo_cov_nat,2018,533.464
nam,sex_t,age_aggregate_y25_54,geo_cov_rur,1994,127.164
nam,sex_t,age_aggregate_y25_54,geo_cov_rur,2010,201.947
nam,sex_t,age_aggregate_y25_54,geo_cov_rur,2012,170.196
nam,sex_t,age_aggregate_y25_54,geo_cov_rur,2013,212.441
nam,sex_t,age_aggregate_y25_54,geo_cov_rur,2014,202.557
nam,sex_t,age_aggregate_y25_54,geo_cov_rur,2016,168.058
nam,sex_t,age_aggregate_y25_54,geo_cov_rur,2018,184.673
nam,sex_t,age_aggregate_y25_54,geo_cov_urb,1994,106.167
nam,sex_t,age_aggregate_y25_54,geo_cov_urb,2010,239.552
nam,sex_t,age_aggregate_y25_54,geo_cov_urb,2012,274.643
nam,sex_t,age_aggregate_y25_54,geo_cov_urb,2013,273.86
nam,sex_t,age_aggregate_y25_54,geo_cov_urb,2014,315.509
nam,sex_t,age_aggregate_y25_54,geo_cov_urb,2016,328.81
nam,sex_t,age_aggregate_y25_54,geo_cov_urb,2018,348.791
nam,sex_t,age_aggregate_y55_64,geo_cov_nat,1994,23.966
nam,sex_t,age_aggregate_y55_64,geo_cov_nat,2010,41.55
nam,sex_t,age_aggregate_y55_64,geo_cov_nat,2012,51.261
nam,sex_t,age_aggregate_y55_64,geo_cov_nat,2013,63.277
nam,sex_t,age_aggregate_y55_64,geo_cov_nat,2014,56.903
nam,sex_t,age_aggregate_y55_64,geo_cov_nat,2016,48.754
nam,sex_t,age_aggregate_y55_64,geo_cov_nat,2018,62.103
nam,sex_t,age_aggregate_y55_64,geo_cov_rur,1994,18.961
nam,sex_t,age_aggregate_y55_64,geo_cov_rur,2010,26.239
nam,sex_t,age_aggregate_y55_64,geo_cov_rur,2012,31.195
nam,sex_t,age_aggregate_y55_64,geo_cov_rur,2013,42.923
nam,sex_t,age_aggregate_y55_64,geo_cov_rur,2014,34.874
nam,sex_t,age_aggregate_y55_64,geo_cov_rur,2016,26.687
nam,sex_t,age_aggregate_y55_64,geo_cov_rur,2018,36.105
nam,sex_t,age_aggregate_y55_64,geo_cov_urb,1994,5.005
nam,sex_t,age_aggregate_y55_64,geo_cov_urb,2010,15.311
nam,sex_t,age_aggregate_y55_64,geo_cov_urb,2012,20.066
nam,sex_t,age_aggregate_y55_64,geo_cov_urb,2013,20.354
nam,sex_t,age_aggregate_y55_64,geo_cov_urb,2014,22.029
nam,sex_t,age_aggregate_y55_64,geo_cov_urb,2016,22.067
nam,sex_t,age_aggregate_y55_64,geo_cov_urb,2018,25.998
nam,sex_t,age_aggregate_yge65,geo_cov_nat,1994,20.603
nam,sex_t,age_aggregate_yge65,geo_cov_nat,2010,21.267
nam,sex_t,age_aggregate_yge65,geo_cov_nat,2012,36.517
nam,sex_t,age_aggregate_yge65,geo_cov_nat,2013,45.922
nam,sex_t,age_aggregate_yge65,geo_cov_nat,2014,36.447
nam,sex_t,age_aggregate_yge65,geo_cov_nat,2016,28.582
nam,sex_t,age_aggregate_yge65,geo_cov_nat,2018,40.636
nam,sex_t,age_aggregate_yge65,geo_cov_rur,1994,17.048
nam,sex_t,age_aggregate_yge65,geo_cov_rur,2010,18.712
nam,sex_t,age_aggregate_yge65,geo_cov_rur,2012,32.601
nam,sex_t,age_aggregate_yge65,geo_cov_rur,2013,41.27
nam,sex_t,age_aggregate_yge65,geo_cov_rur,2014,32.323
nam,sex_t,age_aggregate_yge65,geo_cov_rur,2016,25.045
nam,sex_t,age_aggregate_yge65,geo_cov_rur,2018,35.745
nam,sex_t,age_aggregate_yge65,geo_cov_urb,1994,3.555
nam,sex_t,age_aggregate_yge65,geo_cov_urb,2010,2.555
nam,sex_t,age_aggregate_yge65,geo_cov_urb,2012,3.917
nam,sex_t,age_aggregate_yge65,geo_cov_urb,2013,4.652
nam,sex_t,age_aggregate_yge65,geo_cov_urb,2014,4.124
nam,sex_t,age_aggregate_yge65,geo_cov_urb,2016,3.537
nam,sex_t,age_aggregate_yge65,geo_cov_urb,2018,4.891
nam,sex_t,age_ythadult_y15_24,geo_cov_nat,1994,72.38
nam,sex_t,age_ythadult_y15_24,geo_cov_nat,2010,103.689
nam,sex_t,age_ythadult_y15_24,geo_cov_nat,2012,89.887
nam,sex_t,age_ythadult_y15_24,geo_cov_nat,2013,86.617
nam,sex_t,age_ythadult_y15_24,geo_cov_nat,2014,93.951
nam,sex_t,age_ythadult_y15_24,geo_cov_nat,2016,87.586
nam,sex_t,age_ythadult_y15_24,geo_cov_nat,2018,86.511
nam,sex_t,age_ythadult_y15_24,geo_cov_rur,1994,52.699
nam,sex_t,age_ythadult_y15_24,geo_cov_rur,2010,62.89
nam,sex_t,age_ythadult_y15_24,geo_cov_rur,2012,36.756
nam,sex_t,age_ythadult_y15_24,geo_cov_rur,2013,39.284
nam,sex_t,age_ythadult_y15_24,geo_cov_rur,2014,48.089
nam,sex_t,age_ythadult_y15_24,geo_cov_rur,2016,33.539
nam,sex_t,age_ythadult_y15_24,geo_cov_rur,2018,50.738
nam,sex_t,age_ythadult_y15_24,geo_cov_urb,1994,19.68
nam,sex_t,age_ythadult_y15_24,geo_cov_urb,2010,40.799
nam,sex_t,age_ythadult_y15_24,geo_cov_urb,2012,53.131
nam,sex_t,age_ythadult_y15_24,geo_cov_urb,2013,47.333
nam,sex_t,age_ythadult_y15_24,geo_cov_urb,2014,45.862
nam,sex_t,age_ythadult_y15_24,geo_cov_urb,2016,54.047
nam,sex_t,age_ythadult_y15_24,geo_cov_urb,2018,35.773
nam,sex_t,age_ythadult_y15_64,geo_cov_nat,1994,329.677
nam,sex_t,age_ythadult_y15_64,geo_cov_nat,2010,586.737
nam,sex_t,age_ythadult_y15_64,geo_cov_nat,2012,585.987
nam,sex_t,age_ythadult_y15_64,geo_cov_nat,2013,636.195
nam,sex_t,age_ythadult_y15_64,geo_cov_nat,2014,668.919
nam,sex_t,age_ythadult_y15_64,geo_cov_nat,2016,633.208
nam,sex_t,age_ythadult_y15_64,geo_cov_nat,2018,682.077
nam,sex_t,age_ythadult_y15_64,geo_cov_rur,1994,198.825
nam,sex_t,age_ythadult_y15_64,geo_cov_rur,2010,291.076
nam,sex_t,age_ythadult_y15_64,geo_cov_rur,2012,238.147
nam,sex_t,age_ythadult_y15_64,geo_cov_rur,2013,294.649
nam,sex_t,age_ythadult_y15_64,geo_cov_rur,2014,285.52
nam,sex_t,age_ythadult_y15_64,geo_cov_rur,2016,228.284
nam,sex_t,age_ythadult_y15_64,geo_cov_rur,2018,271.515
nam,sex_t,age_ythadult_y15_64,geo_cov_urb,1994,130.853
nam,sex_t,age_ythadult_y15_64,geo_cov_urb,2010,295.662
nam,sex_t,age_ythadult_y15_64,geo_cov_urb,2012,347.84
nam,sex_t,age_ythadult_y15_64,geo_cov_urb,2013,341.546
nam,sex_t,age_ythadult_y15_64,geo_cov_urb,2014,383.4
nam,sex_t,age_ythadult_y15_64,geo_cov_urb,2016,404.924
nam,sex_t,age_ythadult_y15_64,geo_cov_urb,2018,410.562
nam,sex_t,age_ythadult_yge15,geo_cov_nat,1994,350.28
nam,sex_t,age_ythadult_yge15,geo_cov_nat,2010,608.004
nam,sex_t,age_ythadult_yge15,geo_cov_nat,2012,622.504
nam,sex_t,age_ythadult_yge15,geo_cov_nat,2013,682.117
nam,sex_t,age_ythadult_yge15,geo_cov_nat,2014,705.366
nam,sex_t,age_ythadult_yge15,geo_cov_nat,2016,661.79
nam,sex_t,age_ythadult_yge15,geo_cov_nat,2018,722.712
nam,sex_t,age_ythadult_yge15,geo_cov_rur,1994,215.873
nam,sex_t,age_ythadult_yge15,geo_cov_rur,2010,309.787
nam,sex_t,age_ythadult_yge15,geo_cov_rur,2012,270.747
nam,sex_t,age_ythadult_yge15,geo_cov_rur,2013,335.918
nam,sex_t,age_ythadult_yge15,geo_cov_rur,2014,317.842
nam,sex_t,age_ythadult_yge15,geo_cov_rur,2016,253.328
nam,sex_t,age_ythadult_yge15,geo_cov_rur,2018,307.26
nam,sex_t,age_ythadult_yge15,geo_cov_urb,1994,134.407
nam,sex_t,age_ythadult_yge15,geo_cov_urb,2010,298.216
nam,sex_t,age_ythadult_yge15,geo_cov_urb,2012,351.757
nam,sex_t,age_ythadult_yge15,geo_cov_urb,2013,346.198
nam,sex_t,age_ythadult_yge15,geo_cov_urb,2014,387.523
nam,sex_t,age_ythadult_yge15,geo_cov_urb,2016,408.461
nam,sex_t,age_ythadult_yge15,geo_cov_urb,2018,415.452
nam,sex_t,age_ythadult_yge25,geo_cov_nat,1994,277.9
nam,sex_t,age_ythadult_yge25,geo_cov_nat,2010,504.315
nam,sex_t,age_ythadult_yge25,geo_cov_nat,2012,532.617
nam,sex_t,age_ythadult_yge25,geo_cov_nat,2013,595.5
nam,sex_t,age_ythadult_yge25,geo_cov_nat,2014,611.415
nam,sex_t,age_ythadult_yge25,geo_cov_nat,2016,574.204
nam,sex_t,age_ythadult_yge25,geo_cov_nat,2018,636.202
nam,sex_t,age_ythadult_yge25,geo_cov_rur,1994,163.174
nam,sex_t,age_ythadult_yge25,geo_cov_rur,2010,246.898
nam,sex_t,age_ythadult_yge25,geo_cov_rur,2012,233.991
nam,sex_t,age_ythadult_yge25,geo_cov_rur,2013,296.634
nam,sex_t,age_ythadult_yge25,geo_cov_rur,2014,269.754
nam,sex_t,age_ythadult_yge25,geo_cov_rur,2016,219.79
nam,sex_t,age_ythadult_yge25,geo_cov_rur,2018,256.523
nam,sex_t,age_ythadult_yge25,geo_cov_urb,1994,114.727
nam,sex_t,age_ythadult_yge25,geo_cov_urb,2010,257.417
nam,sex_t,age_ythadult_yge25,geo_cov_urb,2012,298.626
nam,sex_t,age_ythadult_yge25,geo_cov_urb,2013,298.866
nam,sex_t,age_ythadult_yge25,geo_cov_urb,2014,341.661
nam,sex_t,age_ythadult_yge25,geo_cov_urb,2016,354.414
nam,sex_t,age_ythadult_yge25,geo_cov_urb,2018,379.679
