ref_area,sex,classif1,classif2,time,ear_4mth_sex_eco_cur_nb
sen,sex_f,eco_aggregate_agr,cur_type_lcu,2011,28448.603
sen,sex_f,eco_aggregate_agr,cur_type_lcu,2019,120565.428
sen,sex_f,eco_aggregate_agr,cur_type_lcu,2022,50988.419
sen,sex_f,eco_aggregate_agr,cur_type_ppp,2011,114.124
sen,sex_f,eco_aggregate_agr,cur_type_ppp,2019,518.406
sen,sex_f,eco_aggregate_agr,cur_type_ppp,2022,221.563
sen,sex_f,eco_aggregate_agr,cur_type_usd,2011,60.369
sen,sex_f,eco_aggregate_agr,cur_type_usd,2019,205.774
sen,sex_f,eco_aggregate_agr,cur_type_usd,2022,81.744
sen,sex_f,eco_aggregate_man,cur_type_lcu,2011,63770.211
sen,sex_f,eco_aggregate_man,cur_type_lcu,2019,55343.812
sen,sex_f,eco_aggregate_man,cur_type_lcu,2022,58119.037
sen,sex_f,eco_aggregate_man,cur_type_ppp,2011,255.82
sen,sex_f,eco_aggregate_man,cur_type_ppp,2019,237.966
sen,sex_f,eco_aggregate_man,cur_type_ppp,2022,252.549
sen,sex_f,eco_aggregate_man,cur_type_usd,2011,135.322
sen,sex_f,eco_aggregate_man,cur_type_usd,2019,94.458
sen,sex_f,eco_aggregate_man,cur_type_usd,2022,93.175
sen,sex_f,eco_aggregate_mel,cur_type_lcu,2011,121510.054
sen,sex_f,eco_aggregate_mel,cur_type_lcu,2019,88843.492
sen,sex_f,eco_aggregate_mel,cur_type_lcu,2022,62479.741
sen,sex_f,eco_aggregate_mel,cur_type_ppp,2011,487.449
sen,sex_f,eco_aggregate_mel,cur_type_ppp,2019,382.008
sen,sex_f,eco_aggregate_mel,cur_type_ppp,2022,271.498
sen,sex_f,eco_aggregate_mel,cur_type_usd,2011,257.847
sen,sex_f,eco_aggregate_mel,cur_type_usd,2019,151.633
sen,sex_f,eco_aggregate_mel,cur_type_usd,2022,100.166
sen,sex_f,eco_aggregate_mkt,cur_type_lcu,2011,153024.241
sen,sex_f,eco_aggregate_mkt,cur_type_lcu,2019,81885.415
sen,sex_f,eco_aggregate_mkt,cur_type_lcu,2022,144781.065
sen,sex_f,eco_aggregate_mkt,cur_type_ppp,2011,613.871
sen,sex_f,eco_aggregate_mkt,cur_type_ppp,2019,352.09
sen,sex_f,eco_aggregate_mkt,cur_type_ppp,2022,629.127
sen,sex_f,eco_aggregate_mkt,cur_type_usd,2011,324.721
sen,sex_f,eco_aggregate_mkt,cur_type_usd,2019,139.757
sen,sex_f,eco_aggregate_mkt,cur_type_usd,2022,232.11
sen,sex_f,eco_aggregate_pub,cur_type_lcu,2011,43330.579
sen,sex_f,eco_aggregate_pub,cur_type_lcu,2019,48281.096
sen,sex_f,eco_aggregate_pub,cur_type_lcu,2022,72350.916
sen,sex_f,eco_aggregate_pub,cur_type_ppp,2011,173.825
sen,sex_f,eco_aggregate_pub,cur_type_ppp,2019,207.598
sen,sex_f,eco_aggregate_pub,cur_type_ppp,2022,314.391
sen,sex_f,eco_aggregate_pub,cur_type_usd,2011,91.948
sen,sex_f,eco_aggregate_pub,cur_type_usd,2019,82.403
sen,sex_f,eco_aggregate_pub,cur_type_usd,2022,115.992
sen,sex_f,eco_aggregate_total,cur_type_lcu,2011,90938.174
sen,sex_f,eco_aggregate_total,cur_type_lcu,2019,58507.003
sen,sex_f,eco_aggregate_total,cur_type_lcu,2022,89516.111
sen,sex_f,eco_aggregate_total,cur_type_ppp,2011,364.807
sen,sex_f,eco_aggregate_total,cur_type_ppp,2019,251.568
sen,sex_f,eco_aggregate_total,cur_type_ppp,2022,388.98
sen,sex_f,eco_aggregate_total,cur_type_usd,2011,192.973
sen,sex_f,eco_aggregate_total,cur_type_usd,2019,99.856
sen,sex_f,eco_aggregate_total,cur_type_usd,2022,143.511
sen,sex_f,eco_aggregate_x,cur_type_lcu,2011,116119.13
sen,sex_f,eco_aggregate_x,cur_type_ppp,2011,465.823
sen,sex_f,eco_aggregate_x,cur_type_usd,2011,246.407
sen,sex_f,eco_isic4_a,cur_type_lcu,2011,28448.603
sen,sex_f,eco_isic4_a,cur_type_lcu,2019,120565.428
sen,sex_f,eco_isic4_a,cur_type_lcu,2022,50988.419
sen,sex_f,eco_isic4_a,cur_type_ppp,2011,114.124
sen,sex_f,eco_isic4_a,cur_type_ppp,2019,518.406
sen,sex_f,eco_isic4_a,cur_type_ppp,2022,221.563
sen,sex_f,eco_isic4_a,cur_type_usd,2011,60.369
sen,sex_f,eco_isic4_a,cur_type_usd,2019,205.774
sen,sex_f,eco_isic4_a,cur_type_usd,2022,81.744
sen,sex_f,eco_isic4_b,cur_type_lcu,2011,127663.066
sen,sex_f,eco_isic4_b,cur_type_ppp,2011,512.132
sen,sex_f,eco_isic4_b,cur_type_usd,2011,270.904
sen,sex_f,eco_isic4_c,cur_type_lcu,2011,63770.211
sen,sex_f,eco_isic4_c,cur_type_lcu,2019,55343.812
sen,sex_f,eco_isic4_c,cur_type_lcu,2022,58119.037
sen,sex_f,eco_isic4_c,cur_type_ppp,2011,255.82
sen,sex_f,eco_isic4_c,cur_type_ppp,2019,237.966
sen,sex_f,eco_isic4_c,cur_type_ppp,2022,252.549
sen,sex_f,eco_isic4_c,cur_type_usd,2011,135.322
sen,sex_f,eco_isic4_c,cur_type_usd,2019,94.458
sen,sex_f,eco_isic4_c,cur_type_usd,2022,93.175
sen,sex_f,eco_isic4_e,cur_type_lcu,2022,61756.32
sen,sex_f,eco_isic4_e,cur_type_ppp,2022,268.354
sen,sex_f,eco_isic4_e,cur_type_usd,2022,99.007
sen,sex_f,eco_isic4_g,cur_type_lcu,2011,105383.987
sen,sex_f,eco_isic4_g,cur_type_lcu,2019,111892.541
sen,sex_f,eco_isic4_g,cur_type_lcu,2022,76667.503
sen,sex_f,eco_isic4_g,cur_type_ppp,2011,422.758
sen,sex_f,eco_isic4_g,cur_type_ppp,2019,481.114
sen,sex_f,eco_isic4_g,cur_type_ppp,2022,333.148
sen,sex_f,eco_isic4_g,cur_type_usd,2011,223.627
sen,sex_f,eco_isic4_g,cur_type_usd,2019,190.972
sen,sex_f,eco_isic4_g,cur_type_usd,2022,122.912
sen,sex_f,eco_isic4_h,cur_type_lcu,2011,45376.092
sen,sex_f,eco_isic4_h,cur_type_lcu,2019,55848.442
sen,sex_f,eco_isic4_h,cur_type_lcu,2022,177413.202
sen,sex_f,eco_isic4_h,cur_type_ppp,2011,182.03
sen,sex_f,eco_isic4_h,cur_type_ppp,2019,240.136
sen,sex_f,eco_isic4_h,cur_type_ppp,2022,770.926
sen,sex_f,eco_isic4_h,cur_type_usd,2011,96.289
sen,sex_f,eco_isic4_h,cur_type_usd,2019,95.319
sen,sex_f,eco_isic4_h,cur_type_usd,2022,284.426
sen,sex_f,eco_isic4_i,cur_type_lcu,2011,136026.534
sen,sex_f,eco_isic4_i,cur_type_lcu,2019,46813.888
sen,sex_f,eco_isic4_i,cur_type_lcu,2022,70906.744
sen,sex_f,eco_isic4_i,cur_type_ppp,2011,545.683
sen,sex_f,eco_isic4_i,cur_type_ppp,2019,201.29
sen,sex_f,eco_isic4_i,cur_type_ppp,2022,308.116
sen,sex_f,eco_isic4_i,cur_type_usd,2011,288.651
sen,sex_f,eco_isic4_i,cur_type_usd,2019,79.899
sen,sex_f,eco_isic4_i,cur_type_usd,2022,113.676
sen,sex_f,eco_isic4_j,cur_type_lcu,2011,287773.445
sen,sex_f,eco_isic4_j,cur_type_lcu,2019,76954.403
sen,sex_f,eco_isic4_j,cur_type_lcu,2022,235225.909
sen,sex_f,eco_isic4_j,cur_type_ppp,2011,1154.43
sen,sex_f,eco_isic4_j,cur_type_ppp,2019,330.887
sen,sex_f,eco_isic4_j,cur_type_ppp,2022,1022.143
sen,sex_f,eco_isic4_j,cur_type_usd,2011,610.662
sen,sex_f,eco_isic4_j,cur_type_usd,2019,131.341
sen,sex_f,eco_isic4_j,cur_type_usd,2022,377.11
sen,sex_f,eco_isic4_k,cur_type_lcu,2011,179143.544
sen,sex_f,eco_isic4_k,cur_type_lcu,2019,83290.389
sen,sex_f,eco_isic4_k,cur_type_lcu,2022,189024.373
sen,sex_f,eco_isic4_k,cur_type_ppp,2011,718.651
sen,sex_f,eco_isic4_k,cur_type_ppp,2019,358.131
sen,sex_f,eco_isic4_k,cur_type_ppp,2022,821.38
sen,sex_f,eco_isic4_k,cur_type_usd,2011,380.147
sen,sex_f,eco_isic4_k,cur_type_usd,2019,142.155
sen,sex_f,eco_isic4_k,cur_type_usd,2022,303.04
sen,sex_f,eco_isic4_m,cur_type_lcu,2011,264416.401
sen,sex_f,eco_isic4_m,cur_type_lcu,2019,178895.128
sen,sex_f,eco_isic4_m,cur_type_lcu,2022,339311.353
sen,sex_f,eco_isic4_m,cur_type_ppp,2011,1060.731
sen,sex_f,eco_isic4_m,cur_type_ppp,2019,769.211
sen,sex_f,eco_isic4_m,cur_type_ppp,2022,1474.433
sen,sex_f,eco_isic4_m,cur_type_usd,2011,561.097
sen,sex_f,eco_isic4_m,cur_type_usd,2019,305.328
sen,sex_f,eco_isic4_m,cur_type_usd,2022,543.978
sen,sex_f,eco_isic4_n,cur_type_lcu,2011,148806.718
sen,sex_f,eco_isic4_n,cur_type_lcu,2019,118764.316
sen,sex_f,eco_isic4_n,cur_type_lcu,2022,159013.141
sen,sex_f,eco_isic4_n,cur_type_ppp,2011,596.952
sen,sex_f,eco_isic4_n,cur_type_ppp,2019,510.661
sen,sex_f,eco_isic4_n,cur_type_ppp,2022,690.971
sen,sex_f,eco_isic4_n,cur_type_usd,2011,315.771
sen,sex_f,eco_isic4_n,cur_type_usd,2019,202.7
sen,sex_f,eco_isic4_n,cur_type_usd,2022,254.927
sen,sex_f,eco_isic4_o,cur_type_lcu,2019,59280.624
sen,sex_f,eco_isic4_o,cur_type_ppp,2019,254.894
sen,sex_f,eco_isic4_o,cur_type_usd,2019,101.177
sen,sex_f,eco_isic4_p,cur_type_lcu,2011,115345.264
sen,sex_f,eco_isic4_p,cur_type_lcu,2019,117946.5
sen,sex_f,eco_isic4_p,cur_type_lcu,2022,137421.707
sen,sex_f,eco_isic4_p,cur_type_ppp,2011,462.718
sen,sex_f,eco_isic4_p,cur_type_ppp,2019,507.145
sen,sex_f,eco_isic4_p,cur_type_ppp,2022,597.148
sen,sex_f,eco_isic4_p,cur_type_usd,2011,244.765
sen,sex_f,eco_isic4_p,cur_type_usd,2019,201.304
sen,sex_f,eco_isic4_p,cur_type_usd,2022,220.312
sen,sex_f,eco_isic4_q,cur_type_lcu,2019,87384.195
sen,sex_f,eco_isic4_q,cur_type_lcu,2022,122974.79
sen,sex_f,eco_isic4_q,cur_type_ppp,2019,375.733
sen,sex_f,eco_isic4_q,cur_type_ppp,2022,534.371
sen,sex_f,eco_isic4_q,cur_type_usd,2019,149.142
sen,sex_f,eco_isic4_q,cur_type_usd,2022,197.151
sen,sex_f,eco_isic4_r,cur_type_lcu,2011,35916.453
sen,sex_f,eco_isic4_r,cur_type_ppp,2011,144.082
sen,sex_f,eco_isic4_r,cur_type_usd,2011,76.216
sen,sex_f,eco_isic4_s,cur_type_lcu,2011,28709.924
sen,sex_f,eco_isic4_s,cur_type_lcu,2019,41853.499
sen,sex_f,eco_isic4_s,cur_type_lcu,2022,65376.031
sen,sex_f,eco_isic4_s,cur_type_ppp,2011,115.172
sen,sex_f,eco_isic4_s,cur_type_ppp,2019,179.961
sen,sex_f,eco_isic4_s,cur_type_ppp,2022,284.083
sen,sex_f,eco_isic4_s,cur_type_usd,2011,60.923
sen,sex_f,eco_isic4_s,cur_type_usd,2019,71.433
sen,sex_f,eco_isic4_s,cur_type_usd,2022,104.81
sen,sex_f,eco_isic4_t,cur_type_lcu,2019,32529.374
sen,sex_f,eco_isic4_t,cur_type_lcu,2022,52218.637
sen,sex_f,eco_isic4_t,cur_type_ppp,2019,139.869
sen,sex_f,eco_isic4_t,cur_type_ppp,2022,226.909
sen,sex_f,eco_isic4_t,cur_type_usd,2019,55.519
sen,sex_f,eco_isic4_t,cur_type_usd,2022,83.716
sen,sex_f,eco_isic4_total,cur_type_lcu,2011,90938.174
sen,sex_f,eco_isic4_total,cur_type_lcu,2019,58507.003
sen,sex_f,eco_isic4_total,cur_type_lcu,2022,89516.111
sen,sex_f,eco_isic4_total,cur_type_ppp,2011,364.807
sen,sex_f,eco_isic4_total,cur_type_ppp,2019,251.568
sen,sex_f,eco_isic4_total,cur_type_ppp,2022,388.98
sen,sex_f,eco_isic4_total,cur_type_usd,2011,192.973
sen,sex_f,eco_isic4_total,cur_type_usd,2019,99.856
sen,sex_f,eco_isic4_total,cur_type_usd,2022,143.511
sen,sex_f,eco_isic4_x,cur_type_lcu,2011,116119.13
sen,sex_f,eco_isic4_x,cur_type_ppp,2011,465.823
sen,sex_f,eco_isic4_x,cur_type_usd,2011,246.407
sen,sex_f,eco_sector_agr,cur_type_lcu,2011,28448.603
sen,sex_f,eco_sector_agr,cur_type_lcu,2019,120565.428
sen,sex_f,eco_sector_agr,cur_type_lcu,2022,50988.419
sen,sex_f,eco_sector_agr,cur_type_ppp,2011,114.124
sen,sex_f,eco_sector_agr,cur_type_ppp,2019,518.406
sen,sex_f,eco_sector_agr,cur_type_ppp,2022,221.563
sen,sex_f,eco_sector_agr,cur_type_usd,2011,60.369
sen,sex_f,eco_sector_agr,cur_type_usd,2019,205.774
sen,sex_f,eco_sector_agr,cur_type_usd,2022,81.744
sen,sex_f,eco_sector_ind,cur_type_lcu,2011,76604.473
sen,sex_f,eco_sector_ind,cur_type_lcu,2019,62635.959
sen,sex_f,eco_sector_ind,cur_type_lcu,2022,115006.046
sen,sex_f,eco_sector_ind,cur_type_ppp,2011,307.306
sen,sex_f,eco_sector_ind,cur_type_ppp,2019,269.321
sen,sex_f,eco_sector_ind,cur_type_ppp,2022,499.744
sen,sex_f,eco_sector_ind,cur_type_usd,2011,162.556
sen,sex_f,eco_sector_ind,cur_type_usd,2019,106.903
sen,sex_f,eco_sector_ind,cur_type_usd,2022,184.376
sen,sex_f,eco_sector_ser,cur_type_lcu,2011,99202.298
sen,sex_f,eco_sector_ser,cur_type_lcu,2019,53581.006
sen,sex_f,eco_sector_ser,cur_type_lcu,2022,88971.056
sen,sex_f,eco_sector_ser,cur_type_ppp,2011,397.959
sen,sex_f,eco_sector_ser,cur_type_ppp,2019,230.387
sen,sex_f,eco_sector_ser,cur_type_ppp,2022,386.612
sen,sex_f,eco_sector_ser,cur_type_usd,2011,210.51
sen,sex_f,eco_sector_ser,cur_type_usd,2019,91.449
sen,sex_f,eco_sector_ser,cur_type_usd,2022,142.637
sen,sex_f,eco_sector_total,cur_type_lcu,2011,90938.174
sen,sex_f,eco_sector_total,cur_type_lcu,2019,58507.003
sen,sex_f,eco_sector_total,cur_type_lcu,2022,89516.111
sen,sex_f,eco_sector_total,cur_type_ppp,2011,364.807
sen,sex_f,eco_sector_total,cur_type_ppp,2019,251.568
sen,sex_f,eco_sector_total,cur_type_ppp,2022,388.98
sen,sex_f,eco_sector_total,cur_type_usd,2011,192.973
sen,sex_f,eco_sector_total,cur_type_usd,2019,99.856
sen,sex_f,eco_sector_total,cur_type_usd,2022,143.511
sen,sex_f,eco_sector_x,cur_type_lcu,2011,116119.13
sen,sex_f,eco_sector_x,cur_type_ppp,2011,465.823
sen,sex_f,eco_sector_x,cur_type_usd,2011,246.407
sen,sex_m,eco_aggregate_agr,cur_type_lcu,2011,75688.01
sen,sex_m,eco_aggregate_agr,cur_type_lcu,2019,81107.211
sen,sex_m,eco_aggregate_agr,cur_type_lcu,2022,93944.065
sen,sex_m,eco_aggregate_agr,cur_type_ppp,2011,303.629
sen,sex_m,eco_aggregate_agr,cur_type_ppp,2019,348.744
sen,sex_m,eco_aggregate_agr,cur_type_ppp,2022,408.222
sen,sex_m,eco_aggregate_agr,cur_type_usd,2011,160.612
sen,sex_m,eco_aggregate_agr,cur_type_usd,2019,138.429
sen,sex_m,eco_aggregate_agr,cur_type_usd,2022,150.609
sen,sex_m,eco_aggregate_con,cur_type_lcu,2011,211174.836
sen,sex_m,eco_aggregate_con,cur_type_lcu,2019,89881.493
sen,sex_m,eco_aggregate_con,cur_type_lcu,2022,111805.114
sen,sex_m,eco_aggregate_con,cur_type_ppp,2011,847.147
sen,sex_m,eco_aggregate_con,cur_type_ppp,2019,386.471
sen,sex_m,eco_aggregate_con,cur_type_ppp,2022,485.834
sen,sex_m,eco_aggregate_con,cur_type_usd,2011,448.118
sen,sex_m,eco_aggregate_con,cur_type_usd,2019,153.405
sen,sex_m,eco_aggregate_con,cur_type_usd,2022,179.244
sen,sex_m,eco_aggregate_man,cur_type_lcu,2011,77765.62
sen,sex_m,eco_aggregate_man,cur_type_lcu,2019,84724.097
sen,sex_m,eco_aggregate_man,cur_type_lcu,2022,105109.669
sen,sex_m,eco_aggregate_man,cur_type_ppp,2011,311.964
sen,sex_m,eco_aggregate_man,cur_type_ppp,2019,364.295
sen,sex_m,eco_aggregate_man,cur_type_ppp,2022,456.74
sen,sex_m,eco_aggregate_man,cur_type_usd,2011,165.02
sen,sex_m,eco_aggregate_man,cur_type_usd,2019,144.602
sen,sex_m,eco_aggregate_man,cur_type_usd,2022,168.51
sen,sex_m,eco_aggregate_mel,cur_type_lcu,2011,165110.393
sen,sex_m,eco_aggregate_mel,cur_type_lcu,2019,111623.155
sen,sex_m,eco_aggregate_mel,cur_type_lcu,2022,260394.276
sen,sex_m,eco_aggregate_mel,cur_type_ppp,2011,662.356
sen,sex_m,eco_aggregate_mel,cur_type_ppp,2019,479.956
sen,sex_m,eco_aggregate_mel,cur_type_ppp,2022,1131.509
sen,sex_m,eco_aggregate_mel,cur_type_usd,2011,350.368
sen,sex_m,eco_aggregate_mel,cur_type_usd,2019,190.512
sen,sex_m,eco_aggregate_mel,cur_type_usd,2022,417.459
sen,sex_m,eco_aggregate_mkt,cur_type_lcu,2011,127798.75
sen,sex_m,eco_aggregate_mkt,cur_type_lcu,2019,92129.369
sen,sex_m,eco_aggregate_mkt,cur_type_lcu,2022,146141.686
sen,sex_m,eco_aggregate_mkt,cur_type_ppp,2011,512.676
sen,sex_m,eco_aggregate_mkt,cur_type_ppp,2019,396.136
sen,sex_m,eco_aggregate_mkt,cur_type_ppp,2022,635.039
sen,sex_m,eco_aggregate_mkt,cur_type_usd,2011,271.192
sen,sex_m,eco_aggregate_mkt,cur_type_usd,2019,157.241
sen,sex_m,eco_aggregate_mkt,cur_type_usd,2022,234.292
sen,sex_m,eco_aggregate_pub,cur_type_lcu,2011,88249.42
sen,sex_m,eco_aggregate_pub,cur_type_lcu,2019,127958.27
sen,sex_m,eco_aggregate_pub,cur_type_lcu,2022,178587.638
sen,sex_m,eco_aggregate_pub,cur_type_ppp,2011,354.021
sen,sex_m,eco_aggregate_pub,cur_type_ppp,2019,550.193
sen,sex_m,eco_aggregate_pub,cur_type_ppp,2022,776.029
sen,sex_m,eco_aggregate_pub,cur_type_usd,2011,187.267
sen,sex_m,eco_aggregate_pub,cur_type_usd,2019,218.392
sen,sex_m,eco_aggregate_pub,cur_type_usd,2022,286.308
sen,sex_m,eco_aggregate_total,cur_type_lcu,2011,110551.034
sen,sex_m,eco_aggregate_total,cur_type_lcu,2019,98897.264
sen,sex_m,eco_aggregate_total,cur_type_lcu,2022,140155.948
sen,sex_m,eco_aggregate_total,cur_type_ppp,2011,443.486
sen,sex_m,eco_aggregate_total,cur_type_ppp,2019,425.237
sen,sex_m,eco_aggregate_total,cur_type_ppp,2022,609.029
sen,sex_m,eco_aggregate_total,cur_type_usd,2011,234.592
sen,sex_m,eco_aggregate_total,cur_type_usd,2019,168.792
sen,sex_m,eco_aggregate_total,cur_type_usd,2022,224.695
sen,sex_m,eco_aggregate_x,cur_type_lcu,2011,112764.73
sen,sex_m,eco_aggregate_x,cur_type_ppp,2011,452.366
sen,sex_m,eco_aggregate_x,cur_type_usd,2011,239.289
sen,sex_m,eco_isic4_a,cur_type_lcu,2011,75688.01
sen,sex_m,eco_isic4_a,cur_type_lcu,2019,81107.211
sen,sex_m,eco_isic4_a,cur_type_lcu,2022,93944.065
sen,sex_m,eco_isic4_a,cur_type_ppp,2011,303.629
sen,sex_m,eco_isic4_a,cur_type_ppp,2019,348.744
sen,sex_m,eco_isic4_a,cur_type_ppp,2022,408.222
sen,sex_m,eco_isic4_a,cur_type_usd,2011,160.612
sen,sex_m,eco_isic4_a,cur_type_usd,2019,138.429
sen,sex_m,eco_isic4_a,cur_type_usd,2022,150.609
sen,sex_m,eco_isic4_b,cur_type_lcu,2011,224440.881
sen,sex_m,eco_isic4_b,cur_type_lcu,2019,118807.032
sen,sex_m,eco_isic4_b,cur_type_lcu,2022,499083.472
sen,sex_m,eco_isic4_b,cur_type_ppp,2011,900.365
sen,sex_m,eco_isic4_b,cur_type_ppp,2019,510.845
sen,sex_m,eco_isic4_b,cur_type_ppp,2022,2168.701
sen,sex_m,eco_isic4_b,cur_type_usd,2011,476.269
sen,sex_m,eco_isic4_b,cur_type_usd,2019,202.773
sen,sex_m,eco_isic4_b,cur_type_usd,2022,800.121
sen,sex_m,eco_isic4_c,cur_type_lcu,2011,77765.62
sen,sex_m,eco_isic4_c,cur_type_lcu,2019,84724.097
sen,sex_m,eco_isic4_c,cur_type_lcu,2022,105109.669
sen,sex_m,eco_isic4_c,cur_type_ppp,2011,311.964
sen,sex_m,eco_isic4_c,cur_type_ppp,2019,364.295
sen,sex_m,eco_isic4_c,cur_type_ppp,2022,456.74
sen,sex_m,eco_isic4_c,cur_type_usd,2011,165.02
sen,sex_m,eco_isic4_c,cur_type_usd,2019,144.602
sen,sex_m,eco_isic4_c,cur_type_usd,2022,168.51
sen,sex_m,eco_isic4_d,cur_type_lcu,2011,59424.947
sen,sex_m,eco_isic4_d,cur_type_lcu,2019,113747.909
sen,sex_m,eco_isic4_d,cur_type_lcu,2022,148158.155
sen,sex_m,eco_isic4_d,cur_type_ppp,2011,238.389
sen,sex_m,eco_isic4_d,cur_type_ppp,2019,489.092
sen,sex_m,eco_isic4_d,cur_type_ppp,2022,643.802
sen,sex_m,eco_isic4_d,cur_type_usd,2011,126.101
sen,sex_m,eco_isic4_d,cur_type_usd,2019,194.138
sen,sex_m,eco_isic4_d,cur_type_usd,2022,237.524
sen,sex_m,eco_isic4_e,cur_type_lcu,2011,64712.556
sen,sex_m,eco_isic4_e,cur_type_lcu,2022,103771.816
sen,sex_m,eco_isic4_e,cur_type_ppp,2011,259.6
sen,sex_m,eco_isic4_e,cur_type_ppp,2022,450.927
sen,sex_m,eco_isic4_e,cur_type_usd,2011,137.321
sen,sex_m,eco_isic4_e,cur_type_usd,2022,166.365
sen,sex_m,eco_isic4_f,cur_type_lcu,2011,211174.836
sen,sex_m,eco_isic4_f,cur_type_lcu,2019,89881.493
sen,sex_m,eco_isic4_f,cur_type_lcu,2022,111805.114
sen,sex_m,eco_isic4_f,cur_type_ppp,2011,847.147
sen,sex_m,eco_isic4_f,cur_type_ppp,2019,386.471
sen,sex_m,eco_isic4_f,cur_type_ppp,2022,485.834
sen,sex_m,eco_isic4_f,cur_type_usd,2011,448.118
sen,sex_m,eco_isic4_f,cur_type_usd,2019,153.405
sen,sex_m,eco_isic4_f,cur_type_usd,2022,179.244
sen,sex_m,eco_isic4_g,cur_type_lcu,2011,93380.592
sen,sex_m,eco_isic4_g,cur_type_lcu,2019,106237.944
sen,sex_m,eco_isic4_g,cur_type_lcu,2022,118856.265
sen,sex_m,eco_isic4_g,cur_type_ppp,2011,374.605
sen,sex_m,eco_isic4_g,cur_type_ppp,2019,456.8
sen,sex_m,eco_isic4_g,cur_type_ppp,2022,516.474
sen,sex_m,eco_isic4_g,cur_type_usd,2011,198.156
sen,sex_m,eco_isic4_g,cur_type_usd,2019,181.321
sen,sex_m,eco_isic4_g,cur_type_usd,2022,190.548
sen,sex_m,eco_isic4_h,cur_type_lcu,2011,77355.884
sen,sex_m,eco_isic4_h,cur_type_lcu,2019,79033.335
sen,sex_m,eco_isic4_h,cur_type_lcu,2022,119404.468
sen,sex_m,eco_isic4_h,cur_type_ppp,2011,310.32
sen,sex_m,eco_isic4_h,cur_type_ppp,2019,339.826
sen,sex_m,eco_isic4_h,cur_type_ppp,2022,518.856
sen,sex_m,eco_isic4_h,cur_type_usd,2011,164.151
sen,sex_m,eco_isic4_h,cur_type_usd,2019,134.89
sen,sex_m,eco_isic4_h,cur_type_usd,2022,191.427
sen,sex_m,eco_isic4_i,cur_type_lcu,2011,124779.085
sen,sex_m,eco_isic4_i,cur_type_lcu,2019,120872.848
sen,sex_m,eco_isic4_i,cur_type_lcu,2022,135106.659
sen,sex_m,eco_isic4_i,cur_type_ppp,2011,500.563
sen,sex_m,eco_isic4_i,cur_type_ppp,2019,519.727
sen,sex_m,eco_isic4_i,cur_type_ppp,2022,587.088
sen,sex_m,eco_isic4_i,cur_type_usd,2011,264.784
sen,sex_m,eco_isic4_i,cur_type_usd,2019,206.299
sen,sex_m,eco_isic4_i,cur_type_usd,2022,216.601
sen,sex_m,eco_isic4_j,cur_type_lcu,2011,113898.747
sen,sex_m,eco_isic4_j,cur_type_lcu,2019,82916.886
sen,sex_m,eco_isic4_j,cur_type_lcu,2022,213516.948
sen,sex_m,eco_isic4_j,cur_type_ppp,2011,456.915
sen,sex_m,eco_isic4_j,cur_type_ppp,2019,356.525
sen,sex_m,eco_isic4_j,cur_type_ppp,2022,927.81
sen,sex_m,eco_isic4_j,cur_type_usd,2011,241.696
sen,sex_m,eco_isic4_j,cur_type_usd,2019,141.518
sen,sex_m,eco_isic4_j,cur_type_usd,2022,342.306
sen,sex_m,eco_isic4_k,cur_type_lcu,2011,187503.64
sen,sex_m,eco_isic4_k,cur_type_lcu,2019,79674.761
sen,sex_m,eco_isic4_k,cur_type_lcu,2022,231085.442
sen,sex_m,eco_isic4_k,cur_type_ppp,2011,752.188
sen,sex_m,eco_isic4_k,cur_type_ppp,2019,342.584
sen,sex_m,eco_isic4_k,cur_type_ppp,2022,1004.151
sen,sex_m,eco_isic4_k,cur_type_usd,2011,397.887
sen,sex_m,eco_isic4_k,cur_type_usd,2019,135.984
sen,sex_m,eco_isic4_k,cur_type_usd,2022,370.472
sen,sex_m,eco_isic4_l,cur_type_lcu,2019,52076.82
sen,sex_m,eco_isic4_l,cur_type_lcu,2022,271063.785
sen,sex_m,eco_isic4_l,cur_type_ppp,2019,223.919
sen,sex_m,eco_isic4_l,cur_type_ppp,2022,1177.872
sen,sex_m,eco_isic4_l,cur_type_usd,2019,88.882
sen,sex_m,eco_isic4_l,cur_type_usd,2022,434.564
sen,sex_m,eco_isic4_m,cur_type_lcu,2011,196626.53
sen,sex_m,eco_isic4_m,cur_type_lcu,2019,127656.816
sen,sex_m,eco_isic4_m,cur_type_lcu,2022,300268.223
sen,sex_m,eco_isic4_m,cur_type_ppp,2011,788.785
sen,sex_m,eco_isic4_m,cur_type_ppp,2019,548.897
sen,sex_m,eco_isic4_m,cur_type_ppp,2022,1304.776
sen,sex_m,eco_isic4_m,cur_type_usd,2011,417.246
sen,sex_m,eco_isic4_m,cur_type_usd,2019,217.878
sen,sex_m,eco_isic4_m,cur_type_usd,2022,481.384
sen,sex_m,eco_isic4_n,cur_type_lcu,2011,250734.318
sen,sex_m,eco_isic4_n,cur_type_lcu,2019,91447.796
sen,sex_m,eco_isic4_n,cur_type_lcu,2022,164834.243
sen,sex_m,eco_isic4_n,cur_type_ppp,2011,1005.844
sen,sex_m,eco_isic4_n,cur_type_ppp,2019,393.206
sen,sex_m,eco_isic4_n,cur_type_ppp,2022,716.265
sen,sex_m,eco_isic4_n,cur_type_usd,2011,532.064
sen,sex_m,eco_isic4_n,cur_type_usd,2019,156.078
sen,sex_m,eco_isic4_n,cur_type_usd,2022,264.259
sen,sex_m,eco_isic4_o,cur_type_lcu,2019,131555.901
sen,sex_m,eco_isic4_o,cur_type_lcu,2022,182470.901
sen,sex_m,eco_isic4_o,cur_type_ppp,2019,565.662
sen,sex_m,eco_isic4_o,cur_type_ppp,2022,792.903
sen,sex_m,eco_isic4_o,cur_type_usd,2019,224.532
sen,sex_m,eco_isic4_o,cur_type_usd,2022,292.534
sen,sex_m,eco_isic4_p,cur_type_lcu,2011,98224.487
sen,sex_m,eco_isic4_p,cur_type_lcu,2019,206210.104
sen,sex_m,eco_isic4_p,cur_type_lcu,2022,226653.747
sen,sex_m,eco_isic4_p,cur_type_ppp,2011,394.037
sen,sex_m,eco_isic4_p,cur_type_ppp,2019,886.659
sen,sex_m,eco_isic4_p,cur_type_ppp,2022,984.894
sen,sex_m,eco_isic4_p,cur_type_usd,2011,208.435
sen,sex_m,eco_isic4_p,cur_type_usd,2019,351.948
sen,sex_m,eco_isic4_p,cur_type_usd,2022,363.367
sen,sex_m,eco_isic4_q,cur_type_lcu,2019,220883.792
sen,sex_m,eco_isic4_q,cur_type_lcu,2022,316028.284
sen,sex_m,eco_isic4_q,cur_type_ppp,2019,949.753
sen,sex_m,eco_isic4_q,cur_type_ppp,2022,1373.259
sen,sex_m,eco_isic4_q,cur_type_usd,2019,376.992
sen,sex_m,eco_isic4_q,cur_type_usd,2022,506.651
sen,sex_m,eco_isic4_r,cur_type_lcu,2011,93759.392
sen,sex_m,eco_isic4_r,cur_type_lcu,2022,206092.522
sen,sex_m,eco_isic4_r,cur_type_ppp,2011,376.124
sen,sex_m,eco_isic4_r,cur_type_ppp,2022,895.548
sen,sex_m,eco_isic4_r,cur_type_usd,2011,198.959
sen,sex_m,eco_isic4_r,cur_type_usd,2022,330.404
sen,sex_m,eco_isic4_s,cur_type_lcu,2011,43208.673
sen,sex_m,eco_isic4_s,cur_type_lcu,2019,76331.126
sen,sex_m,eco_isic4_s,cur_type_lcu,2022,138803.534
sen,sex_m,eco_isic4_s,cur_type_ppp,2011,173.336
sen,sex_m,eco_isic4_s,cur_type_ppp,2019,328.207
sen,sex_m,eco_isic4_s,cur_type_ppp,2022,603.152
sen,sex_m,eco_isic4_s,cur_type_usd,2011,91.69
sen,sex_m,eco_isic4_s,cur_type_usd,2019,130.278
sen,sex_m,eco_isic4_s,cur_type_usd,2022,222.527
sen,sex_m,eco_isic4_t,cur_type_lcu,2019,72146.031
sen,sex_m,eco_isic4_t,cur_type_lcu,2022,63999.314
sen,sex_m,eco_isic4_t,cur_type_ppp,2019,310.212
sen,sex_m,eco_isic4_t,cur_type_ppp,2022,278.101
sen,sex_m,eco_isic4_t,cur_type_usd,2019,123.135
sen,sex_m,eco_isic4_t,cur_type_usd,2022,102.603
sen,sex_m,eco_isic4_total,cur_type_lcu,2011,110551.034
sen,sex_m,eco_isic4_total,cur_type_lcu,2019,98897.264
sen,sex_m,eco_isic4_total,cur_type_lcu,2022,140155.948
sen,sex_m,eco_isic4_total,cur_type_ppp,2011,443.486
sen,sex_m,eco_isic4_total,cur_type_ppp,2019,425.237
sen,sex_m,eco_isic4_total,cur_type_ppp,2022,609.029
sen,sex_m,eco_isic4_total,cur_type_usd,2011,234.592
sen,sex_m,eco_isic4_total,cur_type_usd,2019,168.792
sen,sex_m,eco_isic4_total,cur_type_usd,2022,224.695
sen,sex_m,eco_isic4_u,cur_type_lcu,2011,78839.183
sen,sex_m,eco_isic4_u,cur_type_lcu,2019,140172.089
sen,sex_m,eco_isic4_u,cur_type_ppp,2011,316.271
sen,sex_m,eco_isic4_u,cur_type_ppp,2019,602.71
sen,sex_m,eco_isic4_u,cur_type_usd,2011,167.298
sen,sex_m,eco_isic4_u,cur_type_usd,2019,239.238
sen,sex_m,eco_isic4_x,cur_type_lcu,2011,112764.73
sen,sex_m,eco_isic4_x,cur_type_ppp,2011,452.366
sen,sex_m,eco_isic4_x,cur_type_usd,2011,239.289
sen,sex_m,eco_sector_agr,cur_type_lcu,2011,75688.01
sen,sex_m,eco_sector_agr,cur_type_lcu,2019,81107.211
sen,sex_m,eco_sector_agr,cur_type_lcu,2022,93944.065
sen,sex_m,eco_sector_agr,cur_type_ppp,2011,303.629
sen,sex_m,eco_sector_agr,cur_type_ppp,2019,348.744
sen,sex_m,eco_sector_agr,cur_type_ppp,2022,408.222
sen,sex_m,eco_sector_agr,cur_type_usd,2011,160.612
sen,sex_m,eco_sector_agr,cur_type_usd,2019,138.429
sen,sex_m,eco_sector_agr,cur_type_usd,2022,150.609
sen,sex_m,eco_sector_ind,cur_type_lcu,2011,100258.284
sen,sex_m,eco_sector_ind,cur_type_lcu,2019,90099.39
sen,sex_m,eco_sector_ind,cur_type_lcu,2022,122029.116
sen,sex_m,eco_sector_ind,cur_type_ppp,2011,402.195
sen,sex_m,eco_sector_ind,cur_type_ppp,2019,387.408
sen,sex_m,eco_sector_ind,cur_type_ppp,2022,530.261
sen,sex_m,eco_sector_ind,cur_type_usd,2011,212.75
sen,sex_m,eco_sector_ind,cur_type_usd,2019,153.777
sen,sex_m,eco_sector_ind,cur_type_usd,2022,195.635
sen,sex_m,eco_sector_ser,cur_type_lcu,2011,123406.764
sen,sex_m,eco_sector_ser,cur_type_lcu,2019,109568.999
sen,sex_m,eco_sector_ser,cur_type_lcu,2022,158951.835
sen,sex_m,eco_sector_ser,cur_type_ppp,2011,495.058
sen,sex_m,eco_sector_ser,cur_type_ppp,2019,471.123
sen,sex_m,eco_sector_ser,cur_type_ppp,2022,690.704
sen,sex_m,eco_sector_ser,cur_type_usd,2011,261.872
sen,sex_m,eco_sector_ser,cur_type_usd,2019,187.006
sen,sex_m,eco_sector_ser,cur_type_usd,2022,254.829
sen,sex_m,eco_sector_total,cur_type_lcu,2011,110551.034
sen,sex_m,eco_sector_total,cur_type_lcu,2019,98897.264
sen,sex_m,eco_sector_total,cur_type_lcu,2022,140155.948
sen,sex_m,eco_sector_total,cur_type_ppp,2011,443.486
sen,sex_m,eco_sector_total,cur_type_ppp,2019,425.237
sen,sex_m,eco_sector_total,cur_type_ppp,2022,609.029
sen,sex_m,eco_sector_total,cur_type_usd,2011,234.592
sen,sex_m,eco_sector_total,cur_type_usd,2019,168.792
sen,sex_m,eco_sector_total,cur_type_usd,2022,224.695
sen,sex_m,eco_sector_x,cur_type_lcu,2011,112764.73
sen,sex_m,eco_sector_x,cur_type_ppp,2011,452.366
sen,sex_m,eco_sector_x,cur_type_usd,2011,239.289
sen,sex_t,eco_aggregate_agr,cur_type_lcu,2011,58371.417
sen,sex_t,eco_aggregate_agr,cur_type_lcu,2019,90574.278
sen,sex_t,eco_aggregate_agr,cur_type_lcu,2022,86383.136
sen,sex_t,eco_aggregate_agr,cur_type_ppp,2011,234.162
sen,sex_t,eco_aggregate_agr,cur_type_ppp,2019,389.45
sen,sex_t,eco_aggregate_agr,cur_type_ppp,2022,375.366
sen,sex_t,eco_aggregate_agr,cur_type_usd,2011,123.865
sen,sex_t,eco_aggregate_agr,cur_type_usd,2019,154.587
sen,sex_t,eco_aggregate_agr,cur_type_usd,2022,138.488
sen,sex_t,eco_aggregate_con,cur_type_lcu,2011,166074.049
sen,sex_t,eco_aggregate_con,cur_type_lcu,2019,90294.196
sen,sex_t,eco_aggregate_con,cur_type_lcu,2022,119667.566
sen,sex_t,eco_aggregate_con,cur_type_ppp,2011,666.221
sen,sex_t,eco_aggregate_con,cur_type_ppp,2019,388.246
sen,sex_t,eco_aggregate_con,cur_type_ppp,2022,520
sen,sex_t,eco_aggregate_con,cur_type_usd,2011,352.413
sen,sex_t,eco_aggregate_con,cur_type_usd,2019,154.109
sen,sex_t,eco_aggregate_con,cur_type_usd,2022,191.849
sen,sex_t,eco_aggregate_man,cur_type_lcu,2011,75156.417
sen,sex_t,eco_aggregate_man,cur_type_lcu,2019,80141.226
sen,sex_t,eco_aggregate_man,cur_type_lcu,2022,97849.864
sen,sex_t,eco_aggregate_man,cur_type_ppp,2011,301.497
sen,sex_t,eco_aggregate_man,cur_type_ppp,2019,344.59
sen,sex_t,eco_aggregate_man,cur_type_ppp,2022,425.194
sen,sex_t,eco_aggregate_man,cur_type_usd,2011,159.484
sen,sex_t,eco_aggregate_man,cur_type_usd,2019,136.78
sen,sex_t,eco_aggregate_man,cur_type_usd,2022,156.871
sen,sex_t,eco_aggregate_mel,cur_type_lcu,2011,158723.957
sen,sex_t,eco_aggregate_mel,cur_type_lcu,2019,110412.231
sen,sex_t,eco_aggregate_mel,cur_type_lcu,2022,249209.425
sen,sex_t,eco_aggregate_mel,cur_type_ppp,2011,636.736
sen,sex_t,eco_aggregate_mel,cur_type_ppp,2019,474.749
sen,sex_t,eco_aggregate_mel,cur_type_ppp,2022,1082.907
sen,sex_t,eco_aggregate_mel,cur_type_usd,2011,336.816
sen,sex_t,eco_aggregate_mel,cur_type_usd,2019,188.445
sen,sex_t,eco_aggregate_mel,cur_type_usd,2022,399.528
sen,sex_t,eco_aggregate_mkt,cur_type_lcu,2011,132965.724
sen,sex_t,eco_aggregate_mkt,cur_type_lcu,2019,90062.731
sen,sex_t,eco_aggregate_mkt,cur_type_lcu,2022,145821.269
sen,sex_t,eco_aggregate_mkt,cur_type_ppp,2011,533.404
sen,sex_t,eco_aggregate_mkt,cur_type_ppp,2019,387.25
sen,sex_t,eco_aggregate_mkt,cur_type_ppp,2022,633.647
sen,sex_t,eco_aggregate_mkt,cur_type_usd,2011,282.156
sen,sex_t,eco_aggregate_mkt,cur_type_usd,2019,153.714
sen,sex_t,eco_aggregate_mkt,cur_type_usd,2022,233.778
sen,sex_t,eco_aggregate_pub,cur_type_lcu,2011,58371.869
sen,sex_t,eco_aggregate_pub,cur_type_lcu,2019,81162.041
sen,sex_t,eco_aggregate_pub,cur_type_lcu,2022,113440.26
sen,sex_t,eco_aggregate_pub,cur_type_ppp,2011,234.164
sen,sex_t,eco_aggregate_pub,cur_type_ppp,2019,348.979
sen,sex_t,eco_aggregate_pub,cur_type_ppp,2022,492.94
sen,sex_t,eco_aggregate_pub,cur_type_usd,2011,123.866
sen,sex_t,eco_aggregate_pub,cur_type_usd,2019,138.523
sen,sex_t,eco_aggregate_pub,cur_type_usd,2022,181.865
sen,sex_t,eco_aggregate_total,cur_type_lcu,2011,105131.304
sen,sex_t,eco_aggregate_total,cur_type_lcu,2019,85966.014
sen,sex_t,eco_aggregate_total,cur_type_lcu,2022,123334.164
sen,sex_t,eco_aggregate_total,cur_type_ppp,2011,421.744
sen,sex_t,eco_aggregate_total,cur_type_ppp,2019,369.635
sen,sex_t,eco_aggregate_total,cur_type_ppp,2022,535.932
sen,sex_t,eco_aggregate_total,cur_type_usd,2011,223.091
sen,sex_t,eco_aggregate_total,cur_type_usd,2019,146.722
sen,sex_t,eco_aggregate_total,cur_type_usd,2022,197.727
sen,sex_t,eco_aggregate_x,cur_type_lcu,2011,113792.328
sen,sex_t,eco_aggregate_x,cur_type_ppp,2011,456.488
sen,sex_t,eco_aggregate_x,cur_type_usd,2011,241.47
sen,sex_t,eco_isic4_a,cur_type_lcu,2011,58371.417
sen,sex_t,eco_isic4_a,cur_type_lcu,2019,90574.278
sen,sex_t,eco_isic4_a,cur_type_lcu,2022,86383.136
sen,sex_t,eco_isic4_a,cur_type_ppp,2011,234.162
sen,sex_t,eco_isic4_a,cur_type_ppp,2019,389.45
sen,sex_t,eco_isic4_a,cur_type_ppp,2022,375.366
sen,sex_t,eco_isic4_a,cur_type_usd,2011,123.865
sen,sex_t,eco_isic4_a,cur_type_usd,2019,154.587
sen,sex_t,eco_isic4_a,cur_type_usd,2022,138.488
sen,sex_t,eco_isic4_b,cur_type_lcu,2011,204946.027
sen,sex_t,eco_isic4_b,cur_type_lcu,2019,117419.07
sen,sex_t,eco_isic4_b,cur_type_lcu,2022,468856.095
sen,sex_t,eco_isic4_b,cur_type_ppp,2011,822.16
sen,sex_t,eco_isic4_b,cur_type_ppp,2019,504.877
sen,sex_t,eco_isic4_b,cur_type_ppp,2022,2037.352
sen,sex_t,eco_isic4_b,cur_type_usd,2011,434.9
sen,sex_t,eco_isic4_b,cur_type_usd,2019,200.404
sen,sex_t,eco_isic4_b,cur_type_usd,2022,751.661
sen,sex_t,eco_isic4_c,cur_type_lcu,2011,75156.417
sen,sex_t,eco_isic4_c,cur_type_lcu,2019,80141.226
sen,sex_t,eco_isic4_c,cur_type_lcu,2022,97849.864
sen,sex_t,eco_isic4_c,cur_type_ppp,2011,301.497
sen,sex_t,eco_isic4_c,cur_type_ppp,2019,344.59
sen,sex_t,eco_isic4_c,cur_type_ppp,2022,425.194
sen,sex_t,eco_isic4_c,cur_type_usd,2011,159.484
sen,sex_t,eco_isic4_c,cur_type_usd,2019,136.78
sen,sex_t,eco_isic4_c,cur_type_usd,2022,156.871
sen,sex_t,eco_isic4_d,cur_type_lcu,2011,58365.976
sen,sex_t,eco_isic4_d,cur_type_lcu,2019,113747.909
sen,sex_t,eco_isic4_d,cur_type_lcu,2022,148485.385
sen,sex_t,eco_isic4_d,cur_type_ppp,2011,234.141
sen,sex_t,eco_isic4_d,cur_type_ppp,2019,489.092
sen,sex_t,eco_isic4_d,cur_type_ppp,2022,645.224
sen,sex_t,eco_isic4_d,cur_type_usd,2011,123.854
sen,sex_t,eco_isic4_d,cur_type_usd,2019,194.138
sen,sex_t,eco_isic4_d,cur_type_usd,2022,238.049
sen,sex_t,eco_isic4_e,cur_type_lcu,2011,64203.87
sen,sex_t,eco_isic4_e,cur_type_lcu,2019,59233.92
sen,sex_t,eco_isic4_e,cur_type_lcu,2022,98261.878
sen,sex_t,eco_isic4_e,cur_type_ppp,2011,257.56
sen,sex_t,eco_isic4_e,cur_type_ppp,2019,254.693
sen,sex_t,eco_isic4_e,cur_type_ppp,2022,426.984
sen,sex_t,eco_isic4_e,cur_type_usd,2011,136.242
sen,sex_t,eco_isic4_e,cur_type_usd,2019,101.097
sen,sex_t,eco_isic4_e,cur_type_usd,2022,157.532
sen,sex_t,eco_isic4_f,cur_type_lcu,2011,166074.049
sen,sex_t,eco_isic4_f,cur_type_lcu,2019,90294.196
sen,sex_t,eco_isic4_f,cur_type_lcu,2022,119667.566
sen,sex_t,eco_isic4_f,cur_type_ppp,2011,666.221
sen,sex_t,eco_isic4_f,cur_type_ppp,2019,388.246
sen,sex_t,eco_isic4_f,cur_type_ppp,2022,520
sen,sex_t,eco_isic4_f,cur_type_usd,2011,352.413
sen,sex_t,eco_isic4_f,cur_type_usd,2019,154.109
sen,sex_t,eco_isic4_f,cur_type_usd,2022,191.849
sen,sex_t,eco_isic4_g,cur_type_lcu,2011,94141.929
sen,sex_t,eco_isic4_g,cur_type_lcu,2019,107156.888
sen,sex_t,eco_isic4_g,cur_type_lcu,2022,108466.026
sen,sex_t,eco_isic4_g,cur_type_ppp,2011,377.659
sen,sex_t,eco_isic4_g,cur_type_ppp,2019,460.752
sen,sex_t,eco_isic4_g,cur_type_ppp,2022,471.325
sen,sex_t,eco_isic4_g,cur_type_usd,2011,199.771
sen,sex_t,eco_isic4_g,cur_type_usd,2019,182.889
sen,sex_t,eco_isic4_g,cur_type_usd,2022,173.891
sen,sex_t,eco_isic4_h,cur_type_lcu,2011,69649.791
sen,sex_t,eco_isic4_h,cur_type_lcu,2019,78205.503
sen,sex_t,eco_isic4_h,cur_type_lcu,2022,122926.299
sen,sex_t,eco_isic4_h,cur_type_ppp,2011,279.407
sen,sex_t,eco_isic4_h,cur_type_ppp,2019,336.267
sen,sex_t,eco_isic4_h,cur_type_ppp,2022,534.16
sen,sex_t,eco_isic4_h,cur_type_usd,2011,147.798
sen,sex_t,eco_isic4_h,cur_type_usd,2019,133.477
sen,sex_t,eco_isic4_h,cur_type_usd,2022,197.073
sen,sex_t,eco_isic4_i,cur_type_lcu,2011,129514.176
sen,sex_t,eco_isic4_i,cur_type_lcu,2019,82167.777
sen,sex_t,eco_isic4_i,cur_type_lcu,2022,94542.687
sen,sex_t,eco_isic4_i,cur_type_ppp,2011,519.558
sen,sex_t,eco_isic4_i,cur_type_ppp,2019,353.304
sen,sex_t,eco_isic4_i,cur_type_ppp,2022,410.823
sen,sex_t,eco_isic4_i,cur_type_usd,2011,274.832
sen,sex_t,eco_isic4_i,cur_type_usd,2019,140.239
sen,sex_t,eco_isic4_i,cur_type_usd,2022,151.569
sen,sex_t,eco_isic4_j,cur_type_lcu,2011,122030.073
sen,sex_t,eco_isic4_j,cur_type_lcu,2019,78412.125
sen,sex_t,eco_isic4_j,cur_type_lcu,2022,224872.743
sen,sex_t,eco_isic4_j,cur_type_ppp,2011,489.535
sen,sex_t,eco_isic4_j,cur_type_ppp,2019,337.155
sen,sex_t,eco_isic4_j,cur_type_ppp,2022,977.155
sen,sex_t,eco_isic4_j,cur_type_usd,2011,258.95
sen,sex_t,eco_isic4_j,cur_type_usd,2019,133.829
sen,sex_t,eco_isic4_j,cur_type_usd,2022,360.512
sen,sex_t,eco_isic4_k,cur_type_lcu,2011,185187.919
sen,sex_t,eco_isic4_k,cur_type_lcu,2019,81867.173
sen,sex_t,eco_isic4_k,cur_type_lcu,2022,207708.753
sen,sex_t,eco_isic4_k,cur_type_ppp,2011,742.898
sen,sex_t,eco_isic4_k,cur_type_ppp,2019,352.011
sen,sex_t,eco_isic4_k,cur_type_ppp,2022,902.571
sen,sex_t,eco_isic4_k,cur_type_usd,2011,392.973
sen,sex_t,eco_isic4_k,cur_type_usd,2019,139.726
sen,sex_t,eco_isic4_k,cur_type_usd,2022,332.995
sen,sex_t,eco_isic4_l,cur_type_lcu,2019,35492.487
sen,sex_t,eco_isic4_l,cur_type_lcu,2022,258898.834
sen,sex_t,eco_isic4_l,cur_type_ppp,2019,152.61
sen,sex_t,eco_isic4_l,cur_type_ppp,2022,1125.011
sen,sex_t,eco_isic4_l,cur_type_usd,2019,60.577
sen,sex_t,eco_isic4_l,cur_type_usd,2022,415.062
sen,sex_t,eco_isic4_m,cur_type_lcu,2011,223711.706
sen,sex_t,eco_isic4_m,cur_type_lcu,2019,144261.327
sen,sex_t,eco_isic4_m,cur_type_lcu,2022,308915.208
sen,sex_t,eco_isic4_m,cur_type_ppp,2011,897.44
sen,sex_t,eco_isic4_m,cur_type_ppp,2019,620.293
sen,sex_t,eco_isic4_m,cur_type_ppp,2022,1342.35
sen,sex_t,eco_isic4_m,cur_type_usd,2011,474.721
sen,sex_t,eco_isic4_m,cur_type_usd,2019,246.217
sen,sex_t,eco_isic4_m,cur_type_usd,2022,495.247
sen,sex_t,eco_isic4_n,cur_type_lcu,2011,211797.474
sen,sex_t,eco_isic4_n,cur_type_lcu,2019,100405.994
sen,sex_t,eco_isic4_n,cur_type_lcu,2022,163666.171
sen,sex_t,eco_isic4_n,cur_type_ppp,2011,849.645
sen,sex_t,eco_isic4_n,cur_type_ppp,2019,431.724
sen,sex_t,eco_isic4_n,cur_type_ppp,2022,711.19
sen,sex_t,eco_isic4_n,cur_type_usd,2011,449.439
sen,sex_t,eco_isic4_n,cur_type_usd,2019,171.367
sen,sex_t,eco_isic4_n,cur_type_usd,2022,262.387
sen,sex_t,eco_isic4_o,cur_type_lcu,2019,84826.151
sen,sex_t,eco_isic4_o,cur_type_lcu,2022,177314.371
sen,sex_t,eco_isic4_o,cur_type_ppp,2019,364.734
sen,sex_t,eco_isic4_o,cur_type_ppp,2022,770.496
sen,sex_t,eco_isic4_o,cur_type_usd,2019,144.776
sen,sex_t,eco_isic4_o,cur_type_usd,2022,284.267
sen,sex_t,eco_isic4_p,cur_type_lcu,2011,107204.465
sen,sex_t,eco_isic4_p,cur_type_lcu,2019,178986.888
sen,sex_t,eco_isic4_p,cur_type_lcu,2022,188998.894
sen,sex_t,eco_isic4_p,cur_type_ppp,2011,430.061
sen,sex_t,eco_isic4_p,cur_type_ppp,2019,769.605
sen,sex_t,eco_isic4_p,cur_type_ppp,2022,821.27
sen,sex_t,eco_isic4_p,cur_type_usd,2011,227.49
sen,sex_t,eco_isic4_p,cur_type_usd,2019,305.485
sen,sex_t,eco_isic4_p,cur_type_usd,2022,303
sen,sex_t,eco_isic4_q,cur_type_lcu,2019,149638.744
sen,sex_t,eco_isic4_q,cur_type_lcu,2022,194142.498
sen,sex_t,eco_isic4_q,cur_type_ppp,2019,643.414
sen,sex_t,eco_isic4_q,cur_type_ppp,2022,843.621
sen,sex_t,eco_isic4_q,cur_type_usd,2019,255.395
sen,sex_t,eco_isic4_q,cur_type_usd,2022,311.246
sen,sex_t,eco_isic4_r,cur_type_lcu,2011,55062.826
sen,sex_t,eco_isic4_r,cur_type_lcu,2022,195159.911
sen,sex_t,eco_isic4_r,cur_type_ppp,2011,220.89
sen,sex_t,eco_isic4_r,cur_type_ppp,2022,848.042
sen,sex_t,eco_isic4_r,cur_type_usd,2011,116.844
sen,sex_t,eco_isic4_r,cur_type_usd,2022,312.877
sen,sex_t,eco_isic4_s,cur_type_lcu,2011,30305.873
sen,sex_t,eco_isic4_s,cur_type_lcu,2019,58811.479
sen,sex_t,eco_isic4_s,cur_type_lcu,2022,107908.805
sen,sex_t,eco_isic4_s,cur_type_ppp,2011,121.575
sen,sex_t,eco_isic4_s,cur_type_ppp,2019,252.877
sen,sex_t,eco_isic4_s,cur_type_ppp,2022,468.903
sen,sex_t,eco_isic4_s,cur_type_usd,2011,64.31
sen,sex_t,eco_isic4_s,cur_type_usd,2019,100.376
sen,sex_t,eco_isic4_s,cur_type_usd,2022,172.997
sen,sex_t,eco_isic4_t,cur_type_lcu,2019,36676.817
sen,sex_t,eco_isic4_t,cur_type_lcu,2022,53002.884
sen,sex_t,eco_isic4_t,cur_type_ppp,2019,157.702
sen,sex_t,eco_isic4_t,cur_type_ppp,2022,230.317
sen,sex_t,eco_isic4_t,cur_type_usd,2019,62.598
sen,sex_t,eco_isic4_t,cur_type_usd,2022,84.973
sen,sex_t,eco_isic4_total,cur_type_lcu,2011,105131.304
sen,sex_t,eco_isic4_total,cur_type_lcu,2019,85966.014
sen,sex_t,eco_isic4_total,cur_type_lcu,2022,123334.164
sen,sex_t,eco_isic4_total,cur_type_ppp,2011,421.744
sen,sex_t,eco_isic4_total,cur_type_ppp,2019,369.635
sen,sex_t,eco_isic4_total,cur_type_ppp,2022,535.932
sen,sex_t,eco_isic4_total,cur_type_usd,2011,223.091
sen,sex_t,eco_isic4_total,cur_type_usd,2019,146.722
sen,sex_t,eco_isic4_total,cur_type_usd,2022,197.727
sen,sex_t,eco_isic4_u,cur_type_lcu,2011,79102.304
sen,sex_t,eco_isic4_u,cur_type_lcu,2019,124112.177
sen,sex_t,eco_isic4_u,cur_type_ppp,2011,317.326
sen,sex_t,eco_isic4_u,cur_type_ppp,2019,533.656
sen,sex_t,eco_isic4_u,cur_type_usd,2011,167.857
sen,sex_t,eco_isic4_u,cur_type_usd,2019,211.828
sen,sex_t,eco_isic4_x,cur_type_lcu,2011,113792.328
sen,sex_t,eco_isic4_x,cur_type_ppp,2011,456.488
sen,sex_t,eco_isic4_x,cur_type_usd,2011,241.47
sen,sex_t,eco_sector_agr,cur_type_lcu,2011,58371.417
sen,sex_t,eco_sector_agr,cur_type_lcu,2019,90574.278
sen,sex_t,eco_sector_agr,cur_type_lcu,2022,86383.136
sen,sex_t,eco_sector_agr,cur_type_ppp,2011,234.162
sen,sex_t,eco_sector_agr,cur_type_ppp,2019,389.45
sen,sex_t,eco_sector_agr,cur_type_ppp,2022,375.366
sen,sex_t,eco_sector_agr,cur_type_usd,2011,123.865
sen,sex_t,eco_sector_agr,cur_type_usd,2019,154.587
sen,sex_t,eco_sector_agr,cur_type_usd,2022,138.488
sen,sex_t,eco_sector_ind,cur_type_lcu,2011,96017.12
sen,sex_t,eco_sector_ind,cur_type_lcu,2019,88061.46
sen,sex_t,eco_sector_ind,cur_type_lcu,2022,121434.484
sen,sex_t,eco_sector_ind,cur_type_ppp,2011,385.182
sen,sex_t,eco_sector_ind,cur_type_ppp,2019,378.645
sen,sex_t,eco_sector_ind,cur_type_ppp,2022,527.678
sen,sex_t,eco_sector_ind,cur_type_usd,2011,203.75
sen,sex_t,eco_sector_ind,cur_type_usd,2019,150.298
sen,sex_t,eco_sector_ind,cur_type_usd,2022,194.682
sen,sex_t,eco_sector_ser,cur_type_lcu,2011,115899.907
sen,sex_t,eco_sector_ser,cur_type_lcu,2019,84302.225
sen,sex_t,eco_sector_ser,cur_type_lcu,2022,127583.32
sen,sex_t,eco_sector_ser,cur_type_ppp,2011,464.943
sen,sex_t,eco_sector_ser,cur_type_ppp,2019,362.481
sen,sex_t,eco_sector_ser,cur_type_ppp,2022,554.396
sen,sex_t,eco_sector_ser,cur_type_usd,2011,245.942
sen,sex_t,eco_sector_ser,cur_type_usd,2019,143.882
sen,sex_t,eco_sector_ser,cur_type_usd,2022,204.539
sen,sex_t,eco_sector_total,cur_type_lcu,2011,105131.304
sen,sex_t,eco_sector_total,cur_type_lcu,2019,85966.014
sen,sex_t,eco_sector_total,cur_type_lcu,2022,123334.164
sen,sex_t,eco_sector_total,cur_type_ppp,2011,421.744
sen,sex_t,eco_sector_total,cur_type_ppp,2019,369.635
sen,sex_t,eco_sector_total,cur_type_ppp,2022,535.932
sen,sex_t,eco_sector_total,cur_type_usd,2011,223.091
sen,sex_t,eco_sector_total,cur_type_usd,2019,146.722
sen,sex_t,eco_sector_total,cur_type_usd,2022,197.727
sen,sex_t,eco_sector_x,cur_type_lcu,2011,113792.328
sen,sex_t,eco_sector_x,cur_type_ppp,2011,456.488
sen,sex_t,eco_sector_x,cur_type_usd,2011,241.47
