ref_area,sex,classif1,classif2,time,pop_xwap_sex_age_edu_nb
hkg,sex_f,age_10yrbands_total,edu_aggregate_adv,2009,643.8
hkg,sex_f,age_10yrbands_total,edu_aggregate_adv,2010,551.337
hkg,sex_f,age_10yrbands_total,edu_aggregate_adv,2011,585.303
hkg,sex_f,age_10yrbands_total,edu_aggregate_adv,2012,624.176
hkg,sex_f,age_10yrbands_total,edu_aggregate_adv,2013,658.963
hkg,sex_f,age_10yrbands_total,edu_aggregate_adv,2014,696.316
hkg,sex_f,age_10yrbands_total,edu_aggregate_adv,2015,740.441
hkg,sex_f,age_10yrbands_total,edu_aggregate_adv,2016,781.563
hkg,sex_f,age_10yrbands_total,edu_aggregate_adv,2017,816.198
hkg,sex_f,age_10yrbands_total,edu_aggregate_adv,2018,841.826
hkg,sex_f,age_10yrbands_total,edu_aggregate_adv,2019,849.51
hkg,sex_f,age_10yrbands_total,edu_aggregate_adv,2020,844.628
hkg,sex_f,age_10yrbands_total,edu_aggregate_adv,2021,838.497
hkg,sex_f,age_10yrbands_total,edu_aggregate_adv,2022,848.181
hkg,sex_f,age_10yrbands_total,edu_aggregate_adv,2023,908.918
hkg,sex_f,age_10yrbands_total,edu_aggregate_adv,2024,928.461
hkg,sex_f,age_10yrbands_total,edu_aggregate_bas,2009,1061.5
hkg,sex_f,age_10yrbands_total,edu_aggregate_bas,2010,1290.474
hkg,sex_f,age_10yrbands_total,edu_aggregate_bas,2011,1272.2
hkg,sex_f,age_10yrbands_total,edu_aggregate_bas,2012,1265.916
hkg,sex_f,age_10yrbands_total,edu_aggregate_bas,2013,1257.726
hkg,sex_f,age_10yrbands_total,edu_aggregate_bas,2014,1258.249
hkg,sex_f,age_10yrbands_total,edu_aggregate_bas,2015,1250.175
hkg,sex_f,age_10yrbands_total,edu_aggregate_bas,2016,1237.276
hkg,sex_f,age_10yrbands_total,edu_aggregate_bas,2017,1242.774
hkg,sex_f,age_10yrbands_total,edu_aggregate_bas,2018,1240.901
hkg,sex_f,age_10yrbands_total,edu_aggregate_bas,2019,1259.044
hkg,sex_f,age_10yrbands_total,edu_aggregate_bas,2020,1235.805
hkg,sex_f,age_10yrbands_total,edu_aggregate_bas,2021,1224.089
hkg,sex_f,age_10yrbands_total,edu_aggregate_bas,2022,1222.351
hkg,sex_f,age_10yrbands_total,edu_aggregate_bas,2023,1230.595
hkg,sex_f,age_10yrbands_total,edu_aggregate_bas,2024,1216.465
hkg,sex_f,age_10yrbands_total,edu_aggregate_int,2009,1275.2
hkg,sex_f,age_10yrbands_total,edu_aggregate_int,2010,1433.045
hkg,sex_f,age_10yrbands_total,edu_aggregate_int,2011,1467.082
hkg,sex_f,age_10yrbands_total,edu_aggregate_int,2012,1492.956
hkg,sex_f,age_10yrbands_total,edu_aggregate_int,2013,1500.222
hkg,sex_f,age_10yrbands_total,edu_aggregate_int,2014,1494.71
hkg,sex_f,age_10yrbands_total,edu_aggregate_int,2015,1491.431
hkg,sex_f,age_10yrbands_total,edu_aggregate_int,2016,1492.82
hkg,sex_f,age_10yrbands_total,edu_aggregate_int,2017,1490.692
hkg,sex_f,age_10yrbands_total,edu_aggregate_int,2018,1504.155
hkg,sex_f,age_10yrbands_total,edu_aggregate_int,2019,1518.59
hkg,sex_f,age_10yrbands_total,edu_aggregate_int,2020,1534.385
hkg,sex_f,age_10yrbands_total,edu_aggregate_int,2021,1531.179
hkg,sex_f,age_10yrbands_total,edu_aggregate_int,2022,1501.984
hkg,sex_f,age_10yrbands_total,edu_aggregate_int,2023,1538.34
hkg,sex_f,age_10yrbands_total,edu_aggregate_int,2024,1551.394
hkg,sex_f,age_10yrbands_total,edu_aggregate_ltb,2009,242
hkg,sex_f,age_10yrbands_total,edu_aggregate_total,2009,3222.6
hkg,sex_f,age_10yrbands_total,edu_aggregate_total,2010,3274.857
hkg,sex_f,age_10yrbands_total,edu_aggregate_total,2011,3324.585
hkg,sex_f,age_10yrbands_total,edu_aggregate_total,2012,3383.047
hkg,sex_f,age_10yrbands_total,edu_aggregate_total,2013,3416.911
hkg,sex_f,age_10yrbands_total,edu_aggregate_total,2014,3449.275
hkg,sex_f,age_10yrbands_total,edu_aggregate_total,2015,3482.047
hkg,sex_f,age_10yrbands_total,edu_aggregate_total,2016,3511.659
hkg,sex_f,age_10yrbands_total,edu_aggregate_total,2017,3549.664
hkg,sex_f,age_10yrbands_total,edu_aggregate_total,2018,3586.882
hkg,sex_f,age_10yrbands_total,edu_aggregate_total,2019,3627.143
hkg,sex_f,age_10yrbands_total,edu_aggregate_total,2020,3614.818
hkg,sex_f,age_10yrbands_total,edu_aggregate_total,2021,3593.765
hkg,sex_f,age_10yrbands_total,edu_aggregate_total,2022,3572.515
hkg,sex_f,age_10yrbands_total,edu_aggregate_total,2023,3677.853
hkg,sex_f,age_10yrbands_total,edu_aggregate_total,2024,3696.32
hkg,sex_f,age_10yrbands_total,edu_isced97_0,2009,0.2
hkg,sex_f,age_10yrbands_total,edu_isced97_1,2009,594
hkg,sex_f,age_10yrbands_total,edu_isced97_2,2009,467.5
hkg,sex_f,age_10yrbands_total,edu_isced97_3,2009,1076.4
hkg,sex_f,age_10yrbands_total,edu_isced97_4,2009,198.8
hkg,sex_f,age_10yrbands_total,edu_isced97_5,2009,557.4
hkg,sex_f,age_10yrbands_total,edu_isced97_6,2009,86.4
hkg,sex_f,age_10yrbands_total,edu_isced97_total,2009,3222.6
hkg,sex_f,age_10yrbands_total,edu_isced97_x,2009,241.8
hkg,sex_f,age_10yrbands_y15_24,edu_aggregate_adv,2009,142.6
hkg,sex_f,age_10yrbands_y15_24,edu_aggregate_adv,2010,110.843
hkg,sex_f,age_10yrbands_y15_24,edu_aggregate_adv,2011,108.582
hkg,sex_f,age_10yrbands_y15_24,edu_aggregate_adv,2012,121.592
hkg,sex_f,age_10yrbands_y15_24,edu_aggregate_adv,2013,135.64
hkg,sex_f,age_10yrbands_y15_24,edu_aggregate_adv,2014,142.056
hkg,sex_f,age_10yrbands_y15_24,edu_aggregate_adv,2015,145.966
hkg,sex_f,age_10yrbands_y15_24,edu_aggregate_adv,2016,153.404
hkg,sex_f,age_10yrbands_y15_24,edu_aggregate_adv,2017,159.676
hkg,sex_f,age_10yrbands_y15_24,edu_aggregate_adv,2018,156.851
hkg,sex_f,age_10yrbands_y15_24,edu_aggregate_adv,2019,152.37
hkg,sex_f,age_10yrbands_y15_24,edu_aggregate_adv,2020,136.871
hkg,sex_f,age_10yrbands_y15_24,edu_aggregate_adv,2021,127.144
hkg,sex_f,age_10yrbands_y15_24,edu_aggregate_adv,2022,120.877
hkg,sex_f,age_10yrbands_y15_24,edu_aggregate_adv,2023,139.68
hkg,sex_f,age_10yrbands_y15_24,edu_aggregate_adv,2024,137.168
hkg,sex_f,age_10yrbands_y15_24,edu_aggregate_bas,2009,46.1
hkg,sex_f,age_10yrbands_y15_24,edu_aggregate_bas,2010,38.474
hkg,sex_f,age_10yrbands_y15_24,edu_aggregate_bas,2011,40.302
hkg,sex_f,age_10yrbands_y15_24,edu_aggregate_bas,2012,31.62
hkg,sex_f,age_10yrbands_y15_24,edu_aggregate_bas,2013,31.8
hkg,sex_f,age_10yrbands_y15_24,edu_aggregate_bas,2014,28.57
hkg,sex_f,age_10yrbands_y15_24,edu_aggregate_bas,2015,29.622
hkg,sex_f,age_10yrbands_y15_24,edu_aggregate_bas,2016,25.898
hkg,sex_f,age_10yrbands_y15_24,edu_aggregate_bas,2017,24.449
hkg,sex_f,age_10yrbands_y15_24,edu_aggregate_bas,2018,23.485
hkg,sex_f,age_10yrbands_y15_24,edu_aggregate_bas,2019,19.883
hkg,sex_f,age_10yrbands_y15_24,edu_aggregate_bas,2020,21.127
hkg,sex_f,age_10yrbands_y15_24,edu_aggregate_bas,2021,17.22
hkg,sex_f,age_10yrbands_y15_24,edu_aggregate_bas,2022,19.663
hkg,sex_f,age_10yrbands_y15_24,edu_aggregate_bas,2023,16.843
hkg,sex_f,age_10yrbands_y15_24,edu_aggregate_bas,2024,17.035
hkg,sex_f,age_10yrbands_y15_24,edu_aggregate_int,2009,254.8
hkg,sex_f,age_10yrbands_y15_24,edu_aggregate_int,2010,289.202
hkg,sex_f,age_10yrbands_y15_24,edu_aggregate_int,2011,286.537
hkg,sex_f,age_10yrbands_y15_24,edu_aggregate_int,2012,281.955
hkg,sex_f,age_10yrbands_y15_24,edu_aggregate_int,2013,259.975
hkg,sex_f,age_10yrbands_y15_24,edu_aggregate_int,2014,243.458
hkg,sex_f,age_10yrbands_y15_24,edu_aggregate_int,2015,225.517
hkg,sex_f,age_10yrbands_y15_24,edu_aggregate_int,2016,208.997
hkg,sex_f,age_10yrbands_y15_24,edu_aggregate_int,2017,188.06
hkg,sex_f,age_10yrbands_y15_24,edu_aggregate_int,2018,176.66
hkg,sex_f,age_10yrbands_y15_24,edu_aggregate_int,2019,167.589
hkg,sex_f,age_10yrbands_y15_24,edu_aggregate_int,2020,157.551
hkg,sex_f,age_10yrbands_y15_24,edu_aggregate_int,2021,146.039
hkg,sex_f,age_10yrbands_y15_24,edu_aggregate_int,2022,140.299
hkg,sex_f,age_10yrbands_y15_24,edu_aggregate_int,2023,143.511
hkg,sex_f,age_10yrbands_y15_24,edu_aggregate_int,2024,138.537
hkg,sex_f,age_10yrbands_y15_24,edu_aggregate_total,2009,443.6
hkg,sex_f,age_10yrbands_y15_24,edu_aggregate_total,2010,438.518
hkg,sex_f,age_10yrbands_y15_24,edu_aggregate_total,2011,435.421
hkg,sex_f,age_10yrbands_y15_24,edu_aggregate_total,2012,435.167
hkg,sex_f,age_10yrbands_y15_24,edu_aggregate_total,2013,427.414
hkg,sex_f,age_10yrbands_y15_24,edu_aggregate_total,2014,414.083
hkg,sex_f,age_10yrbands_y15_24,edu_aggregate_total,2015,401.105
hkg,sex_f,age_10yrbands_y15_24,edu_aggregate_total,2016,388.299
hkg,sex_f,age_10yrbands_y15_24,edu_aggregate_total,2017,372.185
hkg,sex_f,age_10yrbands_y15_24,edu_aggregate_total,2018,356.995
hkg,sex_f,age_10yrbands_y15_24,edu_aggregate_total,2019,339.842
hkg,sex_f,age_10yrbands_y15_24,edu_aggregate_total,2020,315.548
hkg,sex_f,age_10yrbands_y15_24,edu_aggregate_total,2021,290.403
hkg,sex_f,age_10yrbands_y15_24,edu_aggregate_total,2022,280.839
hkg,sex_f,age_10yrbands_y15_24,edu_aggregate_total,2023,300.034
hkg,sex_f,age_10yrbands_y15_24,edu_aggregate_total,2024,292.739
hkg,sex_f,age_10yrbands_y15_24,edu_isced97_1,2009,4.1
hkg,sex_f,age_10yrbands_y15_24,edu_isced97_2,2009,42
hkg,sex_f,age_10yrbands_y15_24,edu_isced97_3,2009,197.4
hkg,sex_f,age_10yrbands_y15_24,edu_isced97_4,2009,57.4
hkg,sex_f,age_10yrbands_y15_24,edu_isced97_5,2009,136.7
hkg,sex_f,age_10yrbands_y15_24,edu_isced97_6,2009,5.9
hkg,sex_f,age_10yrbands_y15_24,edu_isced97_total,2009,443.6
hkg,sex_f,age_10yrbands_y25_34,edu_aggregate_adv,2009,216.4
hkg,sex_f,age_10yrbands_y25_34,edu_aggregate_adv,2010,196.417
hkg,sex_f,age_10yrbands_y25_34,edu_aggregate_adv,2011,207.179
hkg,sex_f,age_10yrbands_y25_34,edu_aggregate_adv,2012,219.087
hkg,sex_f,age_10yrbands_y25_34,edu_aggregate_adv,2013,226.402
hkg,sex_f,age_10yrbands_y25_34,edu_aggregate_adv,2014,237.403
hkg,sex_f,age_10yrbands_y25_34,edu_aggregate_adv,2015,246.346
hkg,sex_f,age_10yrbands_y25_34,edu_aggregate_adv,2016,252.368
hkg,sex_f,age_10yrbands_y25_34,edu_aggregate_adv,2017,262.779
hkg,sex_f,age_10yrbands_y25_34,edu_aggregate_adv,2018,261.562
hkg,sex_f,age_10yrbands_y25_34,edu_aggregate_adv,2019,262.08
hkg,sex_f,age_10yrbands_y25_34,edu_aggregate_adv,2020,261.575
hkg,sex_f,age_10yrbands_y25_34,edu_aggregate_adv,2021,258.134
hkg,sex_f,age_10yrbands_y25_34,edu_aggregate_adv,2022,253.27
hkg,sex_f,age_10yrbands_y25_34,edu_aggregate_adv,2023,264.419
hkg,sex_f,age_10yrbands_y25_34,edu_aggregate_adv,2024,257.473
hkg,sex_f,age_10yrbands_y25_34,edu_aggregate_bas,2009,103.7
hkg,sex_f,age_10yrbands_y25_34,edu_aggregate_bas,2010,94.752
hkg,sex_f,age_10yrbands_y25_34,edu_aggregate_bas,2011,91.753
hkg,sex_f,age_10yrbands_y25_34,edu_aggregate_bas,2012,88.835
hkg,sex_f,age_10yrbands_y25_34,edu_aggregate_bas,2013,79.546
hkg,sex_f,age_10yrbands_y25_34,edu_aggregate_bas,2014,74.161
hkg,sex_f,age_10yrbands_y25_34,edu_aggregate_bas,2015,68.567
hkg,sex_f,age_10yrbands_y25_34,edu_aggregate_bas,2016,62.781
hkg,sex_f,age_10yrbands_y25_34,edu_aggregate_bas,2017,56.443
hkg,sex_f,age_10yrbands_y25_34,edu_aggregate_bas,2018,52.227
hkg,sex_f,age_10yrbands_y25_34,edu_aggregate_bas,2019,48.518
hkg,sex_f,age_10yrbands_y25_34,edu_aggregate_bas,2020,45.325
hkg,sex_f,age_10yrbands_y25_34,edu_aggregate_bas,2021,39.728
hkg,sex_f,age_10yrbands_y25_34,edu_aggregate_bas,2022,34.944
hkg,sex_f,age_10yrbands_y25_34,edu_aggregate_bas,2023,32.014
hkg,sex_f,age_10yrbands_y25_34,edu_aggregate_bas,2024,30.948
hkg,sex_f,age_10yrbands_y25_34,edu_aggregate_int,2009,289.8
hkg,sex_f,age_10yrbands_y25_34,edu_aggregate_int,2010,328.065
hkg,sex_f,age_10yrbands_y25_34,edu_aggregate_int,2011,328.634
hkg,sex_f,age_10yrbands_y25_34,edu_aggregate_int,2012,326.655
hkg,sex_f,age_10yrbands_y25_34,edu_aggregate_int,2013,329.095
hkg,sex_f,age_10yrbands_y25_34,edu_aggregate_int,2014,324.174
hkg,sex_f,age_10yrbands_y25_34,edu_aggregate_int,2015,316.806
hkg,sex_f,age_10yrbands_y25_34,edu_aggregate_int,2016,310.571
hkg,sex_f,age_10yrbands_y25_34,edu_aggregate_int,2017,294
hkg,sex_f,age_10yrbands_y25_34,edu_aggregate_int,2018,285.058
hkg,sex_f,age_10yrbands_y25_34,edu_aggregate_int,2019,279.63
hkg,sex_f,age_10yrbands_y25_34,edu_aggregate_int,2020,265.096
hkg,sex_f,age_10yrbands_y25_34,edu_aggregate_int,2021,243.488
hkg,sex_f,age_10yrbands_y25_34,edu_aggregate_int,2022,225.942
hkg,sex_f,age_10yrbands_y25_34,edu_aggregate_int,2023,214.845
hkg,sex_f,age_10yrbands_y25_34,edu_aggregate_int,2024,208.113
hkg,sex_f,age_10yrbands_y25_34,edu_aggregate_ltb,2009,1.2
hkg,sex_f,age_10yrbands_y25_34,edu_aggregate_total,2009,611.2
hkg,sex_f,age_10yrbands_y25_34,edu_aggregate_total,2010,619.235
hkg,sex_f,age_10yrbands_y25_34,edu_aggregate_total,2011,627.566
hkg,sex_f,age_10yrbands_y25_34,edu_aggregate_total,2012,634.577
hkg,sex_f,age_10yrbands_y25_34,edu_aggregate_total,2013,635.043
hkg,sex_f,age_10yrbands_y25_34,edu_aggregate_total,2014,635.738
hkg,sex_f,age_10yrbands_y25_34,edu_aggregate_total,2015,631.72
hkg,sex_f,age_10yrbands_y25_34,edu_aggregate_total,2016,625.72
hkg,sex_f,age_10yrbands_y25_34,edu_aggregate_total,2017,613.222
hkg,sex_f,age_10yrbands_y25_34,edu_aggregate_total,2018,598.847
hkg,sex_f,age_10yrbands_y25_34,edu_aggregate_total,2019,590.228
hkg,sex_f,age_10yrbands_y25_34,edu_aggregate_total,2020,571.997
hkg,sex_f,age_10yrbands_y25_34,edu_aggregate_total,2021,541.35
hkg,sex_f,age_10yrbands_y25_34,edu_aggregate_total,2022,514.157
hkg,sex_f,age_10yrbands_y25_34,edu_aggregate_total,2023,511.279
hkg,sex_f,age_10yrbands_y25_34,edu_aggregate_total,2024,496.533
hkg,sex_f,age_10yrbands_y25_34,edu_isced97_1,2009,29.4
hkg,sex_f,age_10yrbands_y25_34,edu_isced97_2,2009,74.3
hkg,sex_f,age_10yrbands_y25_34,edu_isced97_3,2009,245.5
hkg,sex_f,age_10yrbands_y25_34,edu_isced97_4,2009,44.3
hkg,sex_f,age_10yrbands_y25_34,edu_isced97_5,2009,179.8
hkg,sex_f,age_10yrbands_y25_34,edu_isced97_6,2009,36.6
hkg,sex_f,age_10yrbands_y25_34,edu_isced97_total,2009,611.2
hkg,sex_f,age_10yrbands_y25_34,edu_isced97_x,2009,1.2
hkg,sex_f,age_10yrbands_y35_44,edu_aggregate_adv,2009,238
hkg,sex_f,age_10yrbands_y35_44,edu_aggregate_adv,2010,140.767
hkg,sex_f,age_10yrbands_y35_44,edu_aggregate_adv,2011,155.351
hkg,sex_f,age_10yrbands_y35_44,edu_aggregate_adv,2012,160.687
hkg,sex_f,age_10yrbands_y35_44,edu_aggregate_adv,2013,163.424
hkg,sex_f,age_10yrbands_y35_44,edu_aggregate_adv,2014,168.29
hkg,sex_f,age_10yrbands_y35_44,edu_aggregate_adv,2015,185.68
hkg,sex_f,age_10yrbands_y35_44,edu_aggregate_adv,2016,188.113
hkg,sex_f,age_10yrbands_y35_44,edu_aggregate_adv,2017,201.606
hkg,sex_f,age_10yrbands_y35_44,edu_aggregate_adv,2018,210.768
hkg,sex_f,age_10yrbands_y35_44,edu_aggregate_adv,2019,215.009
hkg,sex_f,age_10yrbands_y35_44,edu_aggregate_adv,2020,220.586
hkg,sex_f,age_10yrbands_y35_44,edu_aggregate_adv,2021,218.045
hkg,sex_f,age_10yrbands_y35_44,edu_aggregate_adv,2022,219.94
hkg,sex_f,age_10yrbands_y35_44,edu_aggregate_adv,2023,228.185
hkg,sex_f,age_10yrbands_y35_44,edu_aggregate_adv,2024,235.735
hkg,sex_f,age_10yrbands_y35_44,edu_aggregate_bas,2009,468.8
hkg,sex_f,age_10yrbands_y35_44,edu_aggregate_bas,2010,167.113
hkg,sex_f,age_10yrbands_y35_44,edu_aggregate_bas,2011,157.761
hkg,sex_f,age_10yrbands_y35_44,edu_aggregate_bas,2012,157.63
hkg,sex_f,age_10yrbands_y35_44,edu_aggregate_bas,2013,154.871
hkg,sex_f,age_10yrbands_y35_44,edu_aggregate_bas,2014,150.626
hkg,sex_f,age_10yrbands_y35_44,edu_aggregate_bas,2015,146.241
hkg,sex_f,age_10yrbands_y35_44,edu_aggregate_bas,2016,136.775
hkg,sex_f,age_10yrbands_y35_44,edu_aggregate_bas,2017,135.73
hkg,sex_f,age_10yrbands_y35_44,edu_aggregate_bas,2018,126.872
hkg,sex_f,age_10yrbands_y35_44,edu_aggregate_bas,2019,131.145
hkg,sex_f,age_10yrbands_y35_44,edu_aggregate_bas,2020,126.518
hkg,sex_f,age_10yrbands_y35_44,edu_aggregate_bas,2021,117.659
hkg,sex_f,age_10yrbands_y35_44,edu_aggregate_bas,2022,111.305
hkg,sex_f,age_10yrbands_y35_44,edu_aggregate_bas,2023,107.105
hkg,sex_f,age_10yrbands_y35_44,edu_aggregate_bas,2024,96.587
hkg,sex_f,age_10yrbands_y35_44,edu_aggregate_int,2009,599
hkg,sex_f,age_10yrbands_y35_44,edu_aggregate_int,2010,352.446
hkg,sex_f,age_10yrbands_y35_44,edu_aggregate_int,2011,343.485
hkg,sex_f,age_10yrbands_y35_44,edu_aggregate_int,2012,346.479
hkg,sex_f,age_10yrbands_y35_44,edu_aggregate_int,2013,346.78
hkg,sex_f,age_10yrbands_y35_44,edu_aggregate_int,2014,347.421
hkg,sex_f,age_10yrbands_y35_44,edu_aggregate_int,2015,340.103
hkg,sex_f,age_10yrbands_y35_44,edu_aggregate_int,2016,352.022
hkg,sex_f,age_10yrbands_y35_44,edu_aggregate_int,2017,352.118
hkg,sex_f,age_10yrbands_y35_44,edu_aggregate_int,2018,362.628
hkg,sex_f,age_10yrbands_y35_44,edu_aggregate_int,2019,362.462
hkg,sex_f,age_10yrbands_y35_44,edu_aggregate_int,2020,361.89
hkg,sex_f,age_10yrbands_y35_44,edu_aggregate_int,2021,367.814
hkg,sex_f,age_10yrbands_y35_44,edu_aggregate_int,2022,350.966
hkg,sex_f,age_10yrbands_y35_44,edu_aggregate_int,2023,357.488
hkg,sex_f,age_10yrbands_y35_44,edu_aggregate_int,2024,360.184
hkg,sex_f,age_10yrbands_y35_44,edu_aggregate_ltb,2009,18.4
hkg,sex_f,age_10yrbands_y35_44,edu_aggregate_total,2009,1324.3
hkg,sex_f,age_10yrbands_y35_44,edu_aggregate_total,2010,660.325
hkg,sex_f,age_10yrbands_y35_44,edu_aggregate_total,2011,656.597
hkg,sex_f,age_10yrbands_y35_44,edu_aggregate_total,2012,664.796
hkg,sex_f,age_10yrbands_y35_44,edu_aggregate_total,2013,665.075
hkg,sex_f,age_10yrbands_y35_44,edu_aggregate_total,2014,666.337
hkg,sex_f,age_10yrbands_y35_44,edu_aggregate_total,2015,672.024
hkg,sex_f,age_10yrbands_y35_44,edu_aggregate_total,2016,676.91
hkg,sex_f,age_10yrbands_y35_44,edu_aggregate_total,2017,689.453
hkg,sex_f,age_10yrbands_y35_44,edu_aggregate_total,2018,700.268
hkg,sex_f,age_10yrbands_y35_44,edu_aggregate_total,2019,708.617
hkg,sex_f,age_10yrbands_y35_44,edu_aggregate_total,2020,708.994
hkg,sex_f,age_10yrbands_y35_44,edu_aggregate_total,2021,703.518
hkg,sex_f,age_10yrbands_y35_44,edu_aggregate_total,2022,682.211
hkg,sex_f,age_10yrbands_y35_44,edu_aggregate_total,2023,692.777
hkg,sex_f,age_10yrbands_y35_44,edu_aggregate_total,2024,692.506
hkg,sex_f,age_10yrbands_y35_44,edu_isced97_1,2009,219.2
hkg,sex_f,age_10yrbands_y35_44,edu_isced97_2,2009,249.6
hkg,sex_f,age_10yrbands_y35_44,edu_isced97_3,2009,519.8
hkg,sex_f,age_10yrbands_y35_44,edu_isced97_4,2009,79.2
hkg,sex_f,age_10yrbands_y35_44,edu_isced97_5,2009,198.1
hkg,sex_f,age_10yrbands_y35_44,edu_isced97_6,2009,39.9
hkg,sex_f,age_10yrbands_y35_44,edu_isced97_total,2009,1324.3
hkg,sex_f,age_10yrbands_y35_44,edu_isced97_x,2009,18.4
hkg,sex_f,age_10yrbands_y45_54,edu_aggregate_adv,2010,69.781
hkg,sex_f,age_10yrbands_y45_54,edu_aggregate_adv,2011,77.777
hkg,sex_f,age_10yrbands_y45_54,edu_aggregate_adv,2012,80.315
hkg,sex_f,age_10yrbands_y45_54,edu_aggregate_adv,2013,86.089
hkg,sex_f,age_10yrbands_y45_54,edu_aggregate_adv,2014,94.652
hkg,sex_f,age_10yrbands_y45_54,edu_aggregate_adv,2015,102.828
hkg,sex_f,age_10yrbands_y45_54,edu_aggregate_adv,2016,117.804
hkg,sex_f,age_10yrbands_y45_54,edu_aggregate_adv,2017,118.391
hkg,sex_f,age_10yrbands_y45_54,edu_aggregate_adv,2018,129.298
hkg,sex_f,age_10yrbands_y45_54,edu_aggregate_adv,2019,130.803
hkg,sex_f,age_10yrbands_y45_54,edu_aggregate_adv,2020,134.392
hkg,sex_f,age_10yrbands_y45_54,edu_aggregate_adv,2021,139.339
hkg,sex_f,age_10yrbands_y45_54,edu_aggregate_adv,2022,145.07
hkg,sex_f,age_10yrbands_y45_54,edu_aggregate_adv,2023,152.715
hkg,sex_f,age_10yrbands_y45_54,edu_aggregate_adv,2024,163.302
hkg,sex_f,age_10yrbands_y45_54,edu_aggregate_bas,2010,303.661
hkg,sex_f,age_10yrbands_y45_54,edu_aggregate_bas,2011,283.314
hkg,sex_f,age_10yrbands_y45_54,edu_aggregate_bas,2012,263.327
hkg,sex_f,age_10yrbands_y45_54,edu_aggregate_bas,2013,249.227
hkg,sex_f,age_10yrbands_y45_54,edu_aggregate_bas,2014,241.871
hkg,sex_f,age_10yrbands_y45_54,edu_aggregate_bas,2015,231.449
hkg,sex_f,age_10yrbands_y45_54,edu_aggregate_bas,2016,218.663
hkg,sex_f,age_10yrbands_y45_54,edu_aggregate_bas,2017,215.895
hkg,sex_f,age_10yrbands_y45_54,edu_aggregate_bas,2018,206.085
hkg,sex_f,age_10yrbands_y45_54,edu_aggregate_bas,2019,209.856
hkg,sex_f,age_10yrbands_y45_54,edu_aggregate_bas,2020,203.705
hkg,sex_f,age_10yrbands_y45_54,edu_aggregate_bas,2021,192.912
hkg,sex_f,age_10yrbands_y45_54,edu_aggregate_bas,2022,187.23
hkg,sex_f,age_10yrbands_y45_54,edu_aggregate_bas,2023,187.435
hkg,sex_f,age_10yrbands_y45_54,edu_aggregate_bas,2024,179.893
hkg,sex_f,age_10yrbands_y45_54,edu_aggregate_int,2010,300.206
hkg,sex_f,age_10yrbands_y45_54,edu_aggregate_int,2011,318.138
hkg,sex_f,age_10yrbands_y45_54,edu_aggregate_int,2012,335.13
hkg,sex_f,age_10yrbands_y45_54,edu_aggregate_int,2013,340.336
hkg,sex_f,age_10yrbands_y45_54,edu_aggregate_int,2014,338.513
hkg,sex_f,age_10yrbands_y45_54,edu_aggregate_int,2015,339.176
hkg,sex_f,age_10yrbands_y45_54,edu_aggregate_int,2016,338.094
hkg,sex_f,age_10yrbands_y45_54,edu_aggregate_int,2017,342.426
hkg,sex_f,age_10yrbands_y45_54,edu_aggregate_int,2018,337.572
hkg,sex_f,age_10yrbands_y45_54,edu_aggregate_int,2019,335.992
hkg,sex_f,age_10yrbands_y45_54,edu_aggregate_int,2020,332.145
hkg,sex_f,age_10yrbands_y45_54,edu_aggregate_int,2021,336.756
hkg,sex_f,age_10yrbands_y45_54,edu_aggregate_int,2022,330.307
hkg,sex_f,age_10yrbands_y45_54,edu_aggregate_int,2023,331.285
hkg,sex_f,age_10yrbands_y45_54,edu_aggregate_int,2024,329.185
hkg,sex_f,age_10yrbands_y45_54,edu_aggregate_total,2010,673.649
hkg,sex_f,age_10yrbands_y45_54,edu_aggregate_total,2011,679.229
hkg,sex_f,age_10yrbands_y45_54,edu_aggregate_total,2012,678.773
hkg,sex_f,age_10yrbands_y45_54,edu_aggregate_total,2013,675.653
hkg,sex_f,age_10yrbands_y45_54,edu_aggregate_total,2014,675.036
hkg,sex_f,age_10yrbands_y45_54,edu_aggregate_total,2015,673.452
hkg,sex_f,age_10yrbands_y45_54,edu_aggregate_total,2016,674.561
hkg,sex_f,age_10yrbands_y45_54,edu_aggregate_total,2017,676.711
hkg,sex_f,age_10yrbands_y45_54,edu_aggregate_total,2018,672.955
hkg,sex_f,age_10yrbands_y45_54,edu_aggregate_total,2019,676.651
hkg,sex_f,age_10yrbands_y45_54,edu_aggregate_total,2020,670.242
hkg,sex_f,age_10yrbands_y45_54,edu_aggregate_total,2021,669.007
hkg,sex_f,age_10yrbands_y45_54,edu_aggregate_total,2022,662.606
hkg,sex_f,age_10yrbands_y45_54,edu_aggregate_total,2023,671.435
hkg,sex_f,age_10yrbands_y45_54,edu_aggregate_total,2024,672.379
hkg,sex_f,age_10yrbands_y55_64,edu_aggregate_adv,2009,28.9
hkg,sex_f,age_10yrbands_y55_64,edu_aggregate_adv,2010,20.587
hkg,sex_f,age_10yrbands_y55_64,edu_aggregate_adv,2011,22.79
hkg,sex_f,age_10yrbands_y55_64,edu_aggregate_adv,2012,26.295
hkg,sex_f,age_10yrbands_y55_64,edu_aggregate_adv,2013,28.166
hkg,sex_f,age_10yrbands_y55_64,edu_aggregate_adv,2014,35.269
hkg,sex_f,age_10yrbands_y55_64,edu_aggregate_adv,2015,37.606
hkg,sex_f,age_10yrbands_y55_64,edu_aggregate_adv,2016,44.29
hkg,sex_f,age_10yrbands_y55_64,edu_aggregate_adv,2017,51.467
hkg,sex_f,age_10yrbands_y55_64,edu_aggregate_adv,2018,55.272
hkg,sex_f,age_10yrbands_y55_64,edu_aggregate_adv,2019,61.667
hkg,sex_f,age_10yrbands_y55_64,edu_aggregate_adv,2020,64.332
hkg,sex_f,age_10yrbands_y55_64,edu_aggregate_adv,2021,65.623
hkg,sex_f,age_10yrbands_y55_64,edu_aggregate_adv,2022,75.289
hkg,sex_f,age_10yrbands_y55_64,edu_aggregate_adv,2023,85.339
hkg,sex_f,age_10yrbands_y55_64,edu_aggregate_adv,2024,86.162
hkg,sex_f,age_10yrbands_y55_64,edu_aggregate_bas,2009,245.7
hkg,sex_f,age_10yrbands_y55_64,edu_aggregate_bas,2010,297.156
hkg,sex_f,age_10yrbands_y55_64,edu_aggregate_bas,2011,306.304
hkg,sex_f,age_10yrbands_y55_64,edu_aggregate_bas,2012,321.858
hkg,sex_f,age_10yrbands_y55_64,edu_aggregate_bas,2013,326.82
hkg,sex_f,age_10yrbands_y55_64,edu_aggregate_bas,2014,329.026
hkg,sex_f,age_10yrbands_y55_64,edu_aggregate_bas,2015,325.849
hkg,sex_f,age_10yrbands_y55_64,edu_aggregate_bas,2016,326.269
hkg,sex_f,age_10yrbands_y55_64,edu_aggregate_bas,2017,324.135
hkg,sex_f,age_10yrbands_y55_64,edu_aggregate_bas,2018,331.148
hkg,sex_f,age_10yrbands_y55_64,edu_aggregate_bas,2019,324.249
hkg,sex_f,age_10yrbands_y55_64,edu_aggregate_bas,2020,307.945
hkg,sex_f,age_10yrbands_y55_64,edu_aggregate_bas,2021,300.199
hkg,sex_f,age_10yrbands_y55_64,edu_aggregate_bas,2022,287.94
hkg,sex_f,age_10yrbands_y55_64,edu_aggregate_bas,2023,276.91
hkg,sex_f,age_10yrbands_y55_64,edu_aggregate_bas,2024,269.959
hkg,sex_f,age_10yrbands_y55_64,edu_aggregate_int,2009,96
hkg,sex_f,age_10yrbands_y55_64,edu_aggregate_int,2010,114.694
hkg,sex_f,age_10yrbands_y55_64,edu_aggregate_int,2011,132.498
hkg,sex_f,age_10yrbands_y55_64,edu_aggregate_int,2012,137.849
hkg,sex_f,age_10yrbands_y55_64,edu_aggregate_int,2013,153.592
hkg,sex_f,age_10yrbands_y55_64,edu_aggregate_int,2014,165.158
hkg,sex_f,age_10yrbands_y55_64,edu_aggregate_int,2015,183.504
hkg,sex_f,age_10yrbands_y55_64,edu_aggregate_int,2016,193.594
hkg,sex_f,age_10yrbands_y55_64,edu_aggregate_int,2017,212.602
hkg,sex_f,age_10yrbands_y55_64,edu_aggregate_int,2018,234.046
hkg,sex_f,age_10yrbands_y55_64,edu_aggregate_int,2019,256.744
hkg,sex_f,age_10yrbands_y55_64,edu_aggregate_int,2020,279.97
hkg,sex_f,age_10yrbands_y55_64,edu_aggregate_int,2021,290.887
hkg,sex_f,age_10yrbands_y55_64,edu_aggregate_int,2022,292.916
hkg,sex_f,age_10yrbands_y55_64,edu_aggregate_int,2023,304.401
hkg,sex_f,age_10yrbands_y55_64,edu_aggregate_int,2024,309.757
hkg,sex_f,age_10yrbands_y55_64,edu_aggregate_ltb,2009,32.6
hkg,sex_f,age_10yrbands_y55_64,edu_aggregate_total,2009,403.1
hkg,sex_f,age_10yrbands_y55_64,edu_aggregate_total,2010,432.438
hkg,sex_f,age_10yrbands_y55_64,edu_aggregate_total,2011,461.592
hkg,sex_f,age_10yrbands_y55_64,edu_aggregate_total,2012,486.003
hkg,sex_f,age_10yrbands_y55_64,edu_aggregate_total,2013,508.578
hkg,sex_f,age_10yrbands_y55_64,edu_aggregate_total,2014,529.453
hkg,sex_f,age_10yrbands_y55_64,edu_aggregate_total,2015,546.96
hkg,sex_f,age_10yrbands_y55_64,edu_aggregate_total,2016,564.152
hkg,sex_f,age_10yrbands_y55_64,edu_aggregate_total,2017,588.204
hkg,sex_f,age_10yrbands_y55_64,edu_aggregate_total,2018,620.467
hkg,sex_f,age_10yrbands_y55_64,edu_aggregate_total,2019,642.66
hkg,sex_f,age_10yrbands_y55_64,edu_aggregate_total,2020,652.247
hkg,sex_f,age_10yrbands_y55_64,edu_aggregate_total,2021,656.709
hkg,sex_f,age_10yrbands_y55_64,edu_aggregate_total,2022,656.146
hkg,sex_f,age_10yrbands_y55_64,edu_aggregate_total,2023,666.65
hkg,sex_f,age_10yrbands_y55_64,edu_aggregate_total,2024,665.877
hkg,sex_f,age_10yrbands_y55_64,edu_isced97_1,2009,176.1
hkg,sex_f,age_10yrbands_y55_64,edu_isced97_2,2009,69.6
hkg,sex_f,age_10yrbands_y55_64,edu_isced97_3,2009,84.1
hkg,sex_f,age_10yrbands_y55_64,edu_isced97_4,2009,11.9
hkg,sex_f,age_10yrbands_y55_64,edu_isced97_5,2009,25.7
hkg,sex_f,age_10yrbands_y55_64,edu_isced97_6,2009,3.2
hkg,sex_f,age_10yrbands_y55_64,edu_isced97_total,2009,403.1
hkg,sex_f,age_10yrbands_y55_64,edu_isced97_x,2009,32.6
hkg,sex_f,age_10yrbands_yge65,edu_aggregate_adv,2009,17.9
hkg,sex_f,age_10yrbands_yge65,edu_aggregate_adv,2010,12.942
hkg,sex_f,age_10yrbands_yge65,edu_aggregate_adv,2011,13.625
hkg,sex_f,age_10yrbands_yge65,edu_aggregate_adv,2012,16.199
hkg,sex_f,age_10yrbands_yge65,edu_aggregate_adv,2013,19.242
hkg,sex_f,age_10yrbands_yge65,edu_aggregate_adv,2014,18.645
hkg,sex_f,age_10yrbands_yge65,edu_aggregate_adv,2015,22.015
hkg,sex_f,age_10yrbands_yge65,edu_aggregate_adv,2016,25.583
hkg,sex_f,age_10yrbands_yge65,edu_aggregate_adv,2017,22.28
hkg,sex_f,age_10yrbands_yge65,edu_aggregate_adv,2018,28.075
hkg,sex_f,age_10yrbands_yge65,edu_aggregate_adv,2019,27.581
hkg,sex_f,age_10yrbands_yge65,edu_aggregate_adv,2020,26.872
hkg,sex_f,age_10yrbands_yge65,edu_aggregate_adv,2021,30.212
hkg,sex_f,age_10yrbands_yge65,edu_aggregate_adv,2022,33.734
hkg,sex_f,age_10yrbands_yge65,edu_aggregate_adv,2023,38.579
hkg,sex_f,age_10yrbands_yge65,edu_aggregate_adv,2024,48.622
hkg,sex_f,age_10yrbands_yge65,edu_aggregate_bas,2009,197.3
hkg,sex_f,age_10yrbands_yge65,edu_aggregate_bas,2010,389.318
hkg,sex_f,age_10yrbands_yge65,edu_aggregate_bas,2011,392.766
hkg,sex_f,age_10yrbands_yge65,edu_aggregate_bas,2012,402.646
hkg,sex_f,age_10yrbands_yge65,edu_aggregate_bas,2013,415.462
hkg,sex_f,age_10yrbands_yge65,edu_aggregate_bas,2014,433.996
hkg,sex_f,age_10yrbands_yge65,edu_aggregate_bas,2015,448.447
hkg,sex_f,age_10yrbands_yge65,edu_aggregate_bas,2016,466.891
hkg,sex_f,age_10yrbands_yge65,edu_aggregate_bas,2017,486.123
hkg,sex_f,age_10yrbands_yge65,edu_aggregate_bas,2018,501.085
hkg,sex_f,age_10yrbands_yge65,edu_aggregate_bas,2019,525.393
hkg,sex_f,age_10yrbands_yge65,edu_aggregate_bas,2020,531.184
hkg,sex_f,age_10yrbands_yge65,edu_aggregate_bas,2021,556.371
hkg,sex_f,age_10yrbands_yge65,edu_aggregate_bas,2022,581.269
hkg,sex_f,age_10yrbands_yge65,edu_aggregate_bas,2023,610.288
hkg,sex_f,age_10yrbands_yge65,edu_aggregate_bas,2024,622.045
hkg,sex_f,age_10yrbands_yge65,edu_aggregate_int,2009,35.7
hkg,sex_f,age_10yrbands_yge65,edu_aggregate_int,2010,48.432
hkg,sex_f,age_10yrbands_yge65,edu_aggregate_int,2011,57.789
hkg,sex_f,age_10yrbands_yge65,edu_aggregate_int,2012,64.886
hkg,sex_f,age_10yrbands_yge65,edu_aggregate_int,2013,70.444
hkg,sex_f,age_10yrbands_yge65,edu_aggregate_int,2014,75.987
hkg,sex_f,age_10yrbands_yge65,edu_aggregate_int,2015,86.324
hkg,sex_f,age_10yrbands_yge65,edu_aggregate_int,2016,89.542
hkg,sex_f,age_10yrbands_yge65,edu_aggregate_int,2017,101.486
hkg,sex_f,age_10yrbands_yge65,edu_aggregate_int,2018,108.19
hkg,sex_f,age_10yrbands_yge65,edu_aggregate_int,2019,116.172
hkg,sex_f,age_10yrbands_yge65,edu_aggregate_int,2020,137.733
hkg,sex_f,age_10yrbands_yge65,edu_aggregate_int,2021,146.195
hkg,sex_f,age_10yrbands_yge65,edu_aggregate_int,2022,161.553
hkg,sex_f,age_10yrbands_yge65,edu_aggregate_int,2023,186.81
hkg,sex_f,age_10yrbands_yge65,edu_aggregate_int,2024,205.618
hkg,sex_f,age_10yrbands_yge65,edu_aggregate_ltb,2009,189.5
hkg,sex_f,age_10yrbands_yge65,edu_aggregate_total,2009,440.4
hkg,sex_f,age_10yrbands_yge65,edu_aggregate_total,2010,450.692
hkg,sex_f,age_10yrbands_yge65,edu_aggregate_total,2011,464.18
hkg,sex_f,age_10yrbands_yge65,edu_aggregate_total,2012,483.731
hkg,sex_f,age_10yrbands_yge65,edu_aggregate_total,2013,505.148
hkg,sex_f,age_10yrbands_yge65,edu_aggregate_total,2014,528.628
hkg,sex_f,age_10yrbands_yge65,edu_aggregate_total,2015,556.786
hkg,sex_f,age_10yrbands_yge65,edu_aggregate_total,2016,582.016
hkg,sex_f,age_10yrbands_yge65,edu_aggregate_total,2017,609.889
hkg,sex_f,age_10yrbands_yge65,edu_aggregate_total,2018,637.35
hkg,sex_f,age_10yrbands_yge65,edu_aggregate_total,2019,669.147
hkg,sex_f,age_10yrbands_yge65,edu_aggregate_total,2020,695.79
hkg,sex_f,age_10yrbands_yge65,edu_aggregate_total,2021,732.778
hkg,sex_f,age_10yrbands_yge65,edu_aggregate_total,2022,776.556
hkg,sex_f,age_10yrbands_yge65,edu_aggregate_total,2023,835.677
hkg,sex_f,age_10yrbands_yge65,edu_aggregate_total,2024,876.285
hkg,sex_f,age_10yrbands_yge65,edu_isced97_1,2009,165.2
hkg,sex_f,age_10yrbands_yge65,edu_isced97_2,2009,32.1
hkg,sex_f,age_10yrbands_yge65,edu_isced97_3,2009,29.8
hkg,sex_f,age_10yrbands_yge65,edu_isced97_4,2009,5.9
hkg,sex_f,age_10yrbands_yge65,edu_isced97_5,2009,17.1
hkg,sex_f,age_10yrbands_yge65,edu_isced97_6,2009,0.8
hkg,sex_f,age_10yrbands_yge65,edu_isced97_total,2009,440.4
hkg,sex_f,age_10yrbands_yge65,edu_isced97_x,2009,189.5
hkg,sex_f,age_aggregate_total,edu_aggregate_adv,2009,643.8
hkg,sex_f,age_aggregate_total,edu_aggregate_adv,2010,551.337
hkg,sex_f,age_aggregate_total,edu_aggregate_adv,2011,585.303
hkg,sex_f,age_aggregate_total,edu_aggregate_adv,2012,624.176
hkg,sex_f,age_aggregate_total,edu_aggregate_adv,2013,658.963
hkg,sex_f,age_aggregate_total,edu_aggregate_adv,2014,696.316
hkg,sex_f,age_aggregate_total,edu_aggregate_adv,2015,740.441
hkg,sex_f,age_aggregate_total,edu_aggregate_adv,2016,781.563
hkg,sex_f,age_aggregate_total,edu_aggregate_adv,2017,816.198
hkg,sex_f,age_aggregate_total,edu_aggregate_adv,2018,841.826
hkg,sex_f,age_aggregate_total,edu_aggregate_adv,2019,849.51
hkg,sex_f,age_aggregate_total,edu_aggregate_adv,2020,844.628
hkg,sex_f,age_aggregate_total,edu_aggregate_adv,2021,838.497
hkg,sex_f,age_aggregate_total,edu_aggregate_adv,2022,848.181
hkg,sex_f,age_aggregate_total,edu_aggregate_adv,2023,908.918
hkg,sex_f,age_aggregate_total,edu_aggregate_adv,2024,928.461
hkg,sex_f,age_aggregate_total,edu_aggregate_bas,2009,1061.5
hkg,sex_f,age_aggregate_total,edu_aggregate_bas,2010,1290.474
hkg,sex_f,age_aggregate_total,edu_aggregate_bas,2011,1272.2
hkg,sex_f,age_aggregate_total,edu_aggregate_bas,2012,1265.916
hkg,sex_f,age_aggregate_total,edu_aggregate_bas,2013,1257.726
hkg,sex_f,age_aggregate_total,edu_aggregate_bas,2014,1258.249
hkg,sex_f,age_aggregate_total,edu_aggregate_bas,2015,1250.175
hkg,sex_f,age_aggregate_total,edu_aggregate_bas,2016,1237.276
hkg,sex_f,age_aggregate_total,edu_aggregate_bas,2017,1242.774
hkg,sex_f,age_aggregate_total,edu_aggregate_bas,2018,1240.901
hkg,sex_f,age_aggregate_total,edu_aggregate_bas,2019,1259.044
hkg,sex_f,age_aggregate_total,edu_aggregate_bas,2020,1235.805
hkg,sex_f,age_aggregate_total,edu_aggregate_bas,2021,1224.089
hkg,sex_f,age_aggregate_total,edu_aggregate_bas,2022,1222.351
hkg,sex_f,age_aggregate_total,edu_aggregate_bas,2023,1230.595
hkg,sex_f,age_aggregate_total,edu_aggregate_bas,2024,1216.465
hkg,sex_f,age_aggregate_total,edu_aggregate_int,2009,1275.2
hkg,sex_f,age_aggregate_total,edu_aggregate_int,2010,1433.045
hkg,sex_f,age_aggregate_total,edu_aggregate_int,2011,1467.082
hkg,sex_f,age_aggregate_total,edu_aggregate_int,2012,1492.956
hkg,sex_f,age_aggregate_total,edu_aggregate_int,2013,1500.222
hkg,sex_f,age_aggregate_total,edu_aggregate_int,2014,1494.71
hkg,sex_f,age_aggregate_total,edu_aggregate_int,2015,1491.431
hkg,sex_f,age_aggregate_total,edu_aggregate_int,2016,1492.82
hkg,sex_f,age_aggregate_total,edu_aggregate_int,2017,1490.692
hkg,sex_f,age_aggregate_total,edu_aggregate_int,2018,1504.155
hkg,sex_f,age_aggregate_total,edu_aggregate_int,2019,1518.59
hkg,sex_f,age_aggregate_total,edu_aggregate_int,2020,1534.385
hkg,sex_f,age_aggregate_total,edu_aggregate_int,2021,1531.179
hkg,sex_f,age_aggregate_total,edu_aggregate_int,2022,1501.984
hkg,sex_f,age_aggregate_total,edu_aggregate_int,2023,1538.34
hkg,sex_f,age_aggregate_total,edu_aggregate_int,2024,1551.394
hkg,sex_f,age_aggregate_total,edu_aggregate_ltb,2009,242
hkg,sex_f,age_aggregate_total,edu_aggregate_total,2009,3222.6
hkg,sex_f,age_aggregate_total,edu_aggregate_total,2010,3274.857
hkg,sex_f,age_aggregate_total,edu_aggregate_total,2011,3324.585
hkg,sex_f,age_aggregate_total,edu_aggregate_total,2012,3383.047
hkg,sex_f,age_aggregate_total,edu_aggregate_total,2013,3416.911
hkg,sex_f,age_aggregate_total,edu_aggregate_total,2014,3449.275
hkg,sex_f,age_aggregate_total,edu_aggregate_total,2015,3482.047
hkg,sex_f,age_aggregate_total,edu_aggregate_total,2016,3511.659
hkg,sex_f,age_aggregate_total,edu_aggregate_total,2017,3549.664
hkg,sex_f,age_aggregate_total,edu_aggregate_total,2018,3586.882
hkg,sex_f,age_aggregate_total,edu_aggregate_total,2019,3627.143
hkg,sex_f,age_aggregate_total,edu_aggregate_total,2020,3614.818
hkg,sex_f,age_aggregate_total,edu_aggregate_total,2021,3593.765
hkg,sex_f,age_aggregate_total,edu_aggregate_total,2022,3572.515
hkg,sex_f,age_aggregate_total,edu_aggregate_total,2023,3677.853
hkg,sex_f,age_aggregate_total,edu_aggregate_total,2024,3696.32
hkg,sex_f,age_aggregate_total,edu_isced97_0,2009,0.2
hkg,sex_f,age_aggregate_total,edu_isced97_1,2009,594
hkg,sex_f,age_aggregate_total,edu_isced97_2,2009,467.5
hkg,sex_f,age_aggregate_total,edu_isced97_3,2009,1076.4
hkg,sex_f,age_aggregate_total,edu_isced97_4,2009,198.8
hkg,sex_f,age_aggregate_total,edu_isced97_5,2009,557.4
hkg,sex_f,age_aggregate_total,edu_isced97_6,2009,86.4
hkg,sex_f,age_aggregate_total,edu_isced97_total,2009,3222.6
hkg,sex_f,age_aggregate_total,edu_isced97_x,2009,241.8
hkg,sex_f,age_aggregate_y15_24,edu_aggregate_adv,2009,142.6
hkg,sex_f,age_aggregate_y15_24,edu_aggregate_adv,2010,110.843
hkg,sex_f,age_aggregate_y15_24,edu_aggregate_adv,2011,108.582
hkg,sex_f,age_aggregate_y15_24,edu_aggregate_adv,2012,121.592
hkg,sex_f,age_aggregate_y15_24,edu_aggregate_adv,2013,135.64
hkg,sex_f,age_aggregate_y15_24,edu_aggregate_adv,2014,142.056
hkg,sex_f,age_aggregate_y15_24,edu_aggregate_adv,2015,145.966
hkg,sex_f,age_aggregate_y15_24,edu_aggregate_adv,2016,153.404
hkg,sex_f,age_aggregate_y15_24,edu_aggregate_adv,2017,159.676
hkg,sex_f,age_aggregate_y15_24,edu_aggregate_adv,2018,156.851
hkg,sex_f,age_aggregate_y15_24,edu_aggregate_adv,2019,152.37
hkg,sex_f,age_aggregate_y15_24,edu_aggregate_adv,2020,136.871
hkg,sex_f,age_aggregate_y15_24,edu_aggregate_adv,2021,127.144
hkg,sex_f,age_aggregate_y15_24,edu_aggregate_adv,2022,120.877
hkg,sex_f,age_aggregate_y15_24,edu_aggregate_adv,2023,139.68
hkg,sex_f,age_aggregate_y15_24,edu_aggregate_adv,2024,137.168
hkg,sex_f,age_aggregate_y15_24,edu_aggregate_bas,2009,46.1
hkg,sex_f,age_aggregate_y15_24,edu_aggregate_bas,2010,38.474
hkg,sex_f,age_aggregate_y15_24,edu_aggregate_bas,2011,40.302
hkg,sex_f,age_aggregate_y15_24,edu_aggregate_bas,2012,31.62
hkg,sex_f,age_aggregate_y15_24,edu_aggregate_bas,2013,31.8
hkg,sex_f,age_aggregate_y15_24,edu_aggregate_bas,2014,28.57
hkg,sex_f,age_aggregate_y15_24,edu_aggregate_bas,2015,29.622
hkg,sex_f,age_aggregate_y15_24,edu_aggregate_bas,2016,25.898
hkg,sex_f,age_aggregate_y15_24,edu_aggregate_bas,2017,24.449
hkg,sex_f,age_aggregate_y15_24,edu_aggregate_bas,2018,23.485
hkg,sex_f,age_aggregate_y15_24,edu_aggregate_bas,2019,19.883
hkg,sex_f,age_aggregate_y15_24,edu_aggregate_bas,2020,21.127
hkg,sex_f,age_aggregate_y15_24,edu_aggregate_bas,2021,17.22
hkg,sex_f,age_aggregate_y15_24,edu_aggregate_bas,2022,19.663
hkg,sex_f,age_aggregate_y15_24,edu_aggregate_bas,2023,16.843
hkg,sex_f,age_aggregate_y15_24,edu_aggregate_bas,2024,17.035
hkg,sex_f,age_aggregate_y15_24,edu_aggregate_int,2009,254.8
hkg,sex_f,age_aggregate_y15_24,edu_aggregate_int,2010,289.202
hkg,sex_f,age_aggregate_y15_24,edu_aggregate_int,2011,286.537
hkg,sex_f,age_aggregate_y15_24,edu_aggregate_int,2012,281.955
hkg,sex_f,age_aggregate_y15_24,edu_aggregate_int,2013,259.975
hkg,sex_f,age_aggregate_y15_24,edu_aggregate_int,2014,243.458
hkg,sex_f,age_aggregate_y15_24,edu_aggregate_int,2015,225.517
hkg,sex_f,age_aggregate_y15_24,edu_aggregate_int,2016,208.997
hkg,sex_f,age_aggregate_y15_24,edu_aggregate_int,2017,188.06
hkg,sex_f,age_aggregate_y15_24,edu_aggregate_int,2018,176.66
hkg,sex_f,age_aggregate_y15_24,edu_aggregate_int,2019,167.589
hkg,sex_f,age_aggregate_y15_24,edu_aggregate_int,2020,157.551
hkg,sex_f,age_aggregate_y15_24,edu_aggregate_int,2021,146.039
hkg,sex_f,age_aggregate_y15_24,edu_aggregate_int,2022,140.299
hkg,sex_f,age_aggregate_y15_24,edu_aggregate_int,2023,143.511
hkg,sex_f,age_aggregate_y15_24,edu_aggregate_int,2024,138.537
hkg,sex_f,age_aggregate_y15_24,edu_aggregate_total,2009,443.6
hkg,sex_f,age_aggregate_y15_24,edu_aggregate_total,2010,438.518
hkg,sex_f,age_aggregate_y15_24,edu_aggregate_total,2011,435.421
hkg,sex_f,age_aggregate_y15_24,edu_aggregate_total,2012,435.167
hkg,sex_f,age_aggregate_y15_24,edu_aggregate_total,2013,427.414
hkg,sex_f,age_aggregate_y15_24,edu_aggregate_total,2014,414.083
hkg,sex_f,age_aggregate_y15_24,edu_aggregate_total,2015,401.105
hkg,sex_f,age_aggregate_y15_24,edu_aggregate_total,2016,388.299
hkg,sex_f,age_aggregate_y15_24,edu_aggregate_total,2017,372.185
hkg,sex_f,age_aggregate_y15_24,edu_aggregate_total,2018,356.995
hkg,sex_f,age_aggregate_y15_24,edu_aggregate_total,2019,339.842
hkg,sex_f,age_aggregate_y15_24,edu_aggregate_total,2020,315.548
hkg,sex_f,age_aggregate_y15_24,edu_aggregate_total,2021,290.403
hkg,sex_f,age_aggregate_y15_24,edu_aggregate_total,2022,280.839
hkg,sex_f,age_aggregate_y15_24,edu_aggregate_total,2023,300.034
hkg,sex_f,age_aggregate_y15_24,edu_aggregate_total,2024,292.739
hkg,sex_f,age_aggregate_y15_24,edu_isced97_1,2009,4.1
hkg,sex_f,age_aggregate_y15_24,edu_isced97_2,2009,42
hkg,sex_f,age_aggregate_y15_24,edu_isced97_3,2009,197.4
hkg,sex_f,age_aggregate_y15_24,edu_isced97_4,2009,57.4
hkg,sex_f,age_aggregate_y15_24,edu_isced97_5,2009,136.7
hkg,sex_f,age_aggregate_y15_24,edu_isced97_6,2009,5.9
hkg,sex_f,age_aggregate_y15_24,edu_isced97_total,2009,443.6
hkg,sex_f,age_aggregate_y25_54,edu_aggregate_adv,2010,406.965
hkg,sex_f,age_aggregate_y25_54,edu_aggregate_adv,2011,440.306
hkg,sex_f,age_aggregate_y25_54,edu_aggregate_adv,2012,460.089
hkg,sex_f,age_aggregate_y25_54,edu_aggregate_adv,2013,475.915
hkg,sex_f,age_aggregate_y25_54,edu_aggregate_adv,2014,500.346
hkg,sex_f,age_aggregate_y25_54,edu_aggregate_adv,2015,534.854
hkg,sex_f,age_aggregate_y25_54,edu_aggregate_adv,2016,558.286
hkg,sex_f,age_aggregate_y25_54,edu_aggregate_adv,2017,582.775
hkg,sex_f,age_aggregate_y25_54,edu_aggregate_adv,2018,601.628
hkg,sex_f,age_aggregate_y25_54,edu_aggregate_adv,2019,607.892
hkg,sex_f,age_aggregate_y25_54,edu_aggregate_adv,2020,616.553
hkg,sex_f,age_aggregate_y25_54,edu_aggregate_adv,2021,615.518
hkg,sex_f,age_aggregate_y25_54,edu_aggregate_adv,2022,618.28
hkg,sex_f,age_aggregate_y25_54,edu_aggregate_adv,2023,645.319
hkg,sex_f,age_aggregate_y25_54,edu_aggregate_adv,2024,656.51
hkg,sex_f,age_aggregate_y25_54,edu_aggregate_bas,2010,565.527
hkg,sex_f,age_aggregate_y25_54,edu_aggregate_bas,2011,532.828
hkg,sex_f,age_aggregate_y25_54,edu_aggregate_bas,2012,509.792
hkg,sex_f,age_aggregate_y25_54,edu_aggregate_bas,2013,483.644
hkg,sex_f,age_aggregate_y25_54,edu_aggregate_bas,2014,466.658
hkg,sex_f,age_aggregate_y25_54,edu_aggregate_bas,2015,446.257
hkg,sex_f,age_aggregate_y25_54,edu_aggregate_bas,2016,418.219
hkg,sex_f,age_aggregate_y25_54,edu_aggregate_bas,2017,408.067
hkg,sex_f,age_aggregate_y25_54,edu_aggregate_bas,2018,385.184
hkg,sex_f,age_aggregate_y25_54,edu_aggregate_bas,2019,389.519
hkg,sex_f,age_aggregate_y25_54,edu_aggregate_bas,2020,375.548
hkg,sex_f,age_aggregate_y25_54,edu_aggregate_bas,2021,350.299
hkg,sex_f,age_aggregate_y25_54,edu_aggregate_bas,2022,333.479
hkg,sex_f,age_aggregate_y25_54,edu_aggregate_bas,2023,326.555
hkg,sex_f,age_aggregate_y25_54,edu_aggregate_bas,2024,307.427
hkg,sex_f,age_aggregate_y25_54,edu_aggregate_int,2010,980.717
hkg,sex_f,age_aggregate_y25_54,edu_aggregate_int,2011,990.257
hkg,sex_f,age_aggregate_y25_54,edu_aggregate_int,2012,1008.265
hkg,sex_f,age_aggregate_y25_54,edu_aggregate_int,2013,1016.211
hkg,sex_f,age_aggregate_y25_54,edu_aggregate_int,2014,1010.108
hkg,sex_f,age_aggregate_y25_54,edu_aggregate_int,2015,996.085
hkg,sex_f,age_aggregate_y25_54,edu_aggregate_int,2016,1000.687
hkg,sex_f,age_aggregate_y25_54,edu_aggregate_int,2017,988.544
hkg,sex_f,age_aggregate_y25_54,edu_aggregate_int,2018,985.258
hkg,sex_f,age_aggregate_y25_54,edu_aggregate_int,2019,978.085
hkg,sex_f,age_aggregate_y25_54,edu_aggregate_int,2020,959.131
hkg,sex_f,age_aggregate_y25_54,edu_aggregate_int,2021,948.058
hkg,sex_f,age_aggregate_y25_54,edu_aggregate_int,2022,907.215
hkg,sex_f,age_aggregate_y25_54,edu_aggregate_int,2023,903.617
hkg,sex_f,age_aggregate_y25_54,edu_aggregate_int,2024,897.482
hkg,sex_f,age_aggregate_y25_54,edu_aggregate_total,2010,1953.209
hkg,sex_f,age_aggregate_y25_54,edu_aggregate_total,2011,1963.392
hkg,sex_f,age_aggregate_y25_54,edu_aggregate_total,2012,1978.146
hkg,sex_f,age_aggregate_y25_54,edu_aggregate_total,2013,1975.771
hkg,sex_f,age_aggregate_y25_54,edu_aggregate_total,2014,1977.111
hkg,sex_f,age_aggregate_y25_54,edu_aggregate_total,2015,1977.196
hkg,sex_f,age_aggregate_y25_54,edu_aggregate_total,2016,1977.192
hkg,sex_f,age_aggregate_y25_54,edu_aggregate_total,2017,1979.387
hkg,sex_f,age_aggregate_y25_54,edu_aggregate_total,2018,1972.07
hkg,sex_f,age_aggregate_y25_54,edu_aggregate_total,2019,1975.495
hkg,sex_f,age_aggregate_y25_54,edu_aggregate_total,2020,1951.232
hkg,sex_f,age_aggregate_y25_54,edu_aggregate_total,2021,1913.876
hkg,sex_f,age_aggregate_y25_54,edu_aggregate_total,2022,1858.974
hkg,sex_f,age_aggregate_y25_54,edu_aggregate_total,2023,1875.492
hkg,sex_f,age_aggregate_y25_54,edu_aggregate_total,2024,1861.418
hkg,sex_f,age_aggregate_y55_64,edu_aggregate_adv,2009,28.9
hkg,sex_f,age_aggregate_y55_64,edu_aggregate_adv,2010,20.587
hkg,sex_f,age_aggregate_y55_64,edu_aggregate_adv,2011,22.79
hkg,sex_f,age_aggregate_y55_64,edu_aggregate_adv,2012,26.295
hkg,sex_f,age_aggregate_y55_64,edu_aggregate_adv,2013,28.166
hkg,sex_f,age_aggregate_y55_64,edu_aggregate_adv,2014,35.269
hkg,sex_f,age_aggregate_y55_64,edu_aggregate_adv,2015,37.606
hkg,sex_f,age_aggregate_y55_64,edu_aggregate_adv,2016,44.29
hkg,sex_f,age_aggregate_y55_64,edu_aggregate_adv,2017,51.467
hkg,sex_f,age_aggregate_y55_64,edu_aggregate_adv,2018,55.272
hkg,sex_f,age_aggregate_y55_64,edu_aggregate_adv,2019,61.667
hkg,sex_f,age_aggregate_y55_64,edu_aggregate_adv,2020,64.332
hkg,sex_f,age_aggregate_y55_64,edu_aggregate_adv,2021,65.623
hkg,sex_f,age_aggregate_y55_64,edu_aggregate_adv,2022,75.289
hkg,sex_f,age_aggregate_y55_64,edu_aggregate_adv,2023,85.339
hkg,sex_f,age_aggregate_y55_64,edu_aggregate_adv,2024,86.162
hkg,sex_f,age_aggregate_y55_64,edu_aggregate_bas,2009,245.7
hkg,sex_f,age_aggregate_y55_64,edu_aggregate_bas,2010,297.156
hkg,sex_f,age_aggregate_y55_64,edu_aggregate_bas,2011,306.304
hkg,sex_f,age_aggregate_y55_64,edu_aggregate_bas,2012,321.858
hkg,sex_f,age_aggregate_y55_64,edu_aggregate_bas,2013,326.82
hkg,sex_f,age_aggregate_y55_64,edu_aggregate_bas,2014,329.026
hkg,sex_f,age_aggregate_y55_64,edu_aggregate_bas,2015,325.849
hkg,sex_f,age_aggregate_y55_64,edu_aggregate_bas,2016,326.269
hkg,sex_f,age_aggregate_y55_64,edu_aggregate_bas,2017,324.135
hkg,sex_f,age_aggregate_y55_64,edu_aggregate_bas,2018,331.148
hkg,sex_f,age_aggregate_y55_64,edu_aggregate_bas,2019,324.249
hkg,sex_f,age_aggregate_y55_64,edu_aggregate_bas,2020,307.945
hkg,sex_f,age_aggregate_y55_64,edu_aggregate_bas,2021,300.199
hkg,sex_f,age_aggregate_y55_64,edu_aggregate_bas,2022,287.94
hkg,sex_f,age_aggregate_y55_64,edu_aggregate_bas,2023,276.91
hkg,sex_f,age_aggregate_y55_64,edu_aggregate_bas,2024,269.959
hkg,sex_f,age_aggregate_y55_64,edu_aggregate_int,2009,96
hkg,sex_f,age_aggregate_y55_64,edu_aggregate_int,2010,114.694
hkg,sex_f,age_aggregate_y55_64,edu_aggregate_int,2011,132.498
hkg,sex_f,age_aggregate_y55_64,edu_aggregate_int,2012,137.849
hkg,sex_f,age_aggregate_y55_64,edu_aggregate_int,2013,153.592
hkg,sex_f,age_aggregate_y55_64,edu_aggregate_int,2014,165.158
hkg,sex_f,age_aggregate_y55_64,edu_aggregate_int,2015,183.504
hkg,sex_f,age_aggregate_y55_64,edu_aggregate_int,2016,193.594
hkg,sex_f,age_aggregate_y55_64,edu_aggregate_int,2017,212.602
hkg,sex_f,age_aggregate_y55_64,edu_aggregate_int,2018,234.046
hkg,sex_f,age_aggregate_y55_64,edu_aggregate_int,2019,256.744
hkg,sex_f,age_aggregate_y55_64,edu_aggregate_int,2020,279.97
hkg,sex_f,age_aggregate_y55_64,edu_aggregate_int,2021,290.887
hkg,sex_f,age_aggregate_y55_64,edu_aggregate_int,2022,292.916
hkg,sex_f,age_aggregate_y55_64,edu_aggregate_int,2023,304.401
hkg,sex_f,age_aggregate_y55_64,edu_aggregate_int,2024,309.757
hkg,sex_f,age_aggregate_y55_64,edu_aggregate_ltb,2009,32.6
hkg,sex_f,age_aggregate_y55_64,edu_aggregate_total,2009,403.1
hkg,sex_f,age_aggregate_y55_64,edu_aggregate_total,2010,432.438
hkg,sex_f,age_aggregate_y55_64,edu_aggregate_total,2011,461.592
hkg,sex_f,age_aggregate_y55_64,edu_aggregate_total,2012,486.003
hkg,sex_f,age_aggregate_y55_64,edu_aggregate_total,2013,508.578
hkg,sex_f,age_aggregate_y55_64,edu_aggregate_total,2014,529.453
hkg,sex_f,age_aggregate_y55_64,edu_aggregate_total,2015,546.96
hkg,sex_f,age_aggregate_y55_64,edu_aggregate_total,2016,564.152
hkg,sex_f,age_aggregate_y55_64,edu_aggregate_total,2017,588.204
hkg,sex_f,age_aggregate_y55_64,edu_aggregate_total,2018,620.467
hkg,sex_f,age_aggregate_y55_64,edu_aggregate_total,2019,642.66
hkg,sex_f,age_aggregate_y55_64,edu_aggregate_total,2020,652.247
hkg,sex_f,age_aggregate_y55_64,edu_aggregate_total,2021,656.709
hkg,sex_f,age_aggregate_y55_64,edu_aggregate_total,2022,656.146
hkg,sex_f,age_aggregate_y55_64,edu_aggregate_total,2023,666.65
hkg,sex_f,age_aggregate_y55_64,edu_aggregate_total,2024,665.877
hkg,sex_f,age_aggregate_y55_64,edu_isced97_1,2009,176.1
hkg,sex_f,age_aggregate_y55_64,edu_isced97_2,2009,69.6
hkg,sex_f,age_aggregate_y55_64,edu_isced97_3,2009,84.1
hkg,sex_f,age_aggregate_y55_64,edu_isced97_4,2009,11.9
hkg,sex_f,age_aggregate_y55_64,edu_isced97_5,2009,25.7
hkg,sex_f,age_aggregate_y55_64,edu_isced97_6,2009,3.2
hkg,sex_f,age_aggregate_y55_64,edu_isced97_total,2009,403.1
hkg,sex_f,age_aggregate_y55_64,edu_isced97_x,2009,32.6
hkg,sex_f,age_aggregate_yge65,edu_aggregate_adv,2009,17.9
hkg,sex_f,age_aggregate_yge65,edu_aggregate_adv,2010,12.942
hkg,sex_f,age_aggregate_yge65,edu_aggregate_adv,2011,13.625
hkg,sex_f,age_aggregate_yge65,edu_aggregate_adv,2012,16.199
hkg,sex_f,age_aggregate_yge65,edu_aggregate_adv,2013,19.242
hkg,sex_f,age_aggregate_yge65,edu_aggregate_adv,2014,18.645
hkg,sex_f,age_aggregate_yge65,edu_aggregate_adv,2015,22.015
hkg,sex_f,age_aggregate_yge65,edu_aggregate_adv,2016,25.583
hkg,sex_f,age_aggregate_yge65,edu_aggregate_adv,2017,22.28
hkg,sex_f,age_aggregate_yge65,edu_aggregate_adv,2018,28.075
hkg,sex_f,age_aggregate_yge65,edu_aggregate_adv,2019,27.581
hkg,sex_f,age_aggregate_yge65,edu_aggregate_adv,2020,26.872
hkg,sex_f,age_aggregate_yge65,edu_aggregate_adv,2021,30.212
hkg,sex_f,age_aggregate_yge65,edu_aggregate_adv,2022,33.734
hkg,sex_f,age_aggregate_yge65,edu_aggregate_adv,2023,38.579
hkg,sex_f,age_aggregate_yge65,edu_aggregate_adv,2024,48.622
hkg,sex_f,age_aggregate_yge65,edu_aggregate_bas,2009,197.3
hkg,sex_f,age_aggregate_yge65,edu_aggregate_bas,2010,389.318
hkg,sex_f,age_aggregate_yge65,edu_aggregate_bas,2011,392.766
hkg,sex_f,age_aggregate_yge65,edu_aggregate_bas,2012,402.646
hkg,sex_f,age_aggregate_yge65,edu_aggregate_bas,2013,415.462
hkg,sex_f,age_aggregate_yge65,edu_aggregate_bas,2014,433.996
hkg,sex_f,age_aggregate_yge65,edu_aggregate_bas,2015,448.447
hkg,sex_f,age_aggregate_yge65,edu_aggregate_bas,2016,466.891
hkg,sex_f,age_aggregate_yge65,edu_aggregate_bas,2017,486.123
hkg,sex_f,age_aggregate_yge65,edu_aggregate_bas,2018,501.085
hkg,sex_f,age_aggregate_yge65,edu_aggregate_bas,2019,525.393
hkg,sex_f,age_aggregate_yge65,edu_aggregate_bas,2020,531.184
hkg,sex_f,age_aggregate_yge65,edu_aggregate_bas,2021,556.371
hkg,sex_f,age_aggregate_yge65,edu_aggregate_bas,2022,581.269
hkg,sex_f,age_aggregate_yge65,edu_aggregate_bas,2023,610.288
hkg,sex_f,age_aggregate_yge65,edu_aggregate_bas,2024,622.045
hkg,sex_f,age_aggregate_yge65,edu_aggregate_int,2009,35.7
hkg,sex_f,age_aggregate_yge65,edu_aggregate_int,2010,48.432
hkg,sex_f,age_aggregate_yge65,edu_aggregate_int,2011,57.789
hkg,sex_f,age_aggregate_yge65,edu_aggregate_int,2012,64.886
hkg,sex_f,age_aggregate_yge65,edu_aggregate_int,2013,70.444
hkg,sex_f,age_aggregate_yge65,edu_aggregate_int,2014,75.987
hkg,sex_f,age_aggregate_yge65,edu_aggregate_int,2015,86.324
hkg,sex_f,age_aggregate_yge65,edu_aggregate_int,2016,89.542
hkg,sex_f,age_aggregate_yge65,edu_aggregate_int,2017,101.486
hkg,sex_f,age_aggregate_yge65,edu_aggregate_int,2018,108.19
hkg,sex_f,age_aggregate_yge65,edu_aggregate_int,2019,116.172
hkg,sex_f,age_aggregate_yge65,edu_aggregate_int,2020,137.733
hkg,sex_f,age_aggregate_yge65,edu_aggregate_int,2021,146.195
hkg,sex_f,age_aggregate_yge65,edu_aggregate_int,2022,161.553
hkg,sex_f,age_aggregate_yge65,edu_aggregate_int,2023,186.81
hkg,sex_f,age_aggregate_yge65,edu_aggregate_int,2024,205.618
hkg,sex_f,age_aggregate_yge65,edu_aggregate_ltb,2009,189.5
hkg,sex_f,age_aggregate_yge65,edu_aggregate_total,2009,440.4
hkg,sex_f,age_aggregate_yge65,edu_aggregate_total,2010,450.692
hkg,sex_f,age_aggregate_yge65,edu_aggregate_total,2011,464.18
hkg,sex_f,age_aggregate_yge65,edu_aggregate_total,2012,483.731
hkg,sex_f,age_aggregate_yge65,edu_aggregate_total,2013,505.148
hkg,sex_f,age_aggregate_yge65,edu_aggregate_total,2014,528.628
hkg,sex_f,age_aggregate_yge65,edu_aggregate_total,2015,556.786
hkg,sex_f,age_aggregate_yge65,edu_aggregate_total,2016,582.016
hkg,sex_f,age_aggregate_yge65,edu_aggregate_total,2017,609.889
hkg,sex_f,age_aggregate_yge65,edu_aggregate_total,2018,637.35
hkg,sex_f,age_aggregate_yge65,edu_aggregate_total,2019,669.147
hkg,sex_f,age_aggregate_yge65,edu_aggregate_total,2020,695.79
hkg,sex_f,age_aggregate_yge65,edu_aggregate_total,2021,732.778
hkg,sex_f,age_aggregate_yge65,edu_aggregate_total,2022,776.556
hkg,sex_f,age_aggregate_yge65,edu_aggregate_total,2023,835.677
hkg,sex_f,age_aggregate_yge65,edu_aggregate_total,2024,876.285
hkg,sex_f,age_aggregate_yge65,edu_isced97_1,2009,165.2
hkg,sex_f,age_aggregate_yge65,edu_isced97_2,2009,32.1
hkg,sex_f,age_aggregate_yge65,edu_isced97_3,2009,29.8
hkg,sex_f,age_aggregate_yge65,edu_isced97_4,2009,5.9
hkg,sex_f,age_aggregate_yge65,edu_isced97_5,2009,17.1
hkg,sex_f,age_aggregate_yge65,edu_isced97_6,2009,0.8
hkg,sex_f,age_aggregate_yge65,edu_isced97_total,2009,440.4
hkg,sex_f,age_aggregate_yge65,edu_isced97_x,2009,189.5
hkg,sex_f,age_ythadult_y15_24,edu_aggregate_adv,2009,142.6
hkg,sex_f,age_ythadult_y15_24,edu_aggregate_adv,2010,110.843
hkg,sex_f,age_ythadult_y15_24,edu_aggregate_adv,2011,108.582
hkg,sex_f,age_ythadult_y15_24,edu_aggregate_adv,2012,121.592
hkg,sex_f,age_ythadult_y15_24,edu_aggregate_adv,2013,135.64
hkg,sex_f,age_ythadult_y15_24,edu_aggregate_adv,2014,142.056
hkg,sex_f,age_ythadult_y15_24,edu_aggregate_adv,2015,145.966
hkg,sex_f,age_ythadult_y15_24,edu_aggregate_adv,2016,153.404
hkg,sex_f,age_ythadult_y15_24,edu_aggregate_adv,2017,159.676
hkg,sex_f,age_ythadult_y15_24,edu_aggregate_adv,2018,156.851
hkg,sex_f,age_ythadult_y15_24,edu_aggregate_adv,2019,152.37
hkg,sex_f,age_ythadult_y15_24,edu_aggregate_adv,2020,136.871
hkg,sex_f,age_ythadult_y15_24,edu_aggregate_adv,2021,127.144
hkg,sex_f,age_ythadult_y15_24,edu_aggregate_adv,2022,120.877
hkg,sex_f,age_ythadult_y15_24,edu_aggregate_adv,2023,139.68
hkg,sex_f,age_ythadult_y15_24,edu_aggregate_adv,2024,137.168
hkg,sex_f,age_ythadult_y15_24,edu_aggregate_bas,2009,46.1
hkg,sex_f,age_ythadult_y15_24,edu_aggregate_bas,2010,38.474
hkg,sex_f,age_ythadult_y15_24,edu_aggregate_bas,2011,40.302
hkg,sex_f,age_ythadult_y15_24,edu_aggregate_bas,2012,31.62
hkg,sex_f,age_ythadult_y15_24,edu_aggregate_bas,2013,31.8
hkg,sex_f,age_ythadult_y15_24,edu_aggregate_bas,2014,28.57
hkg,sex_f,age_ythadult_y15_24,edu_aggregate_bas,2015,29.622
hkg,sex_f,age_ythadult_y15_24,edu_aggregate_bas,2016,25.898
hkg,sex_f,age_ythadult_y15_24,edu_aggregate_bas,2017,24.449
hkg,sex_f,age_ythadult_y15_24,edu_aggregate_bas,2018,23.485
hkg,sex_f,age_ythadult_y15_24,edu_aggregate_bas,2019,19.883
hkg,sex_f,age_ythadult_y15_24,edu_aggregate_bas,2020,21.127
hkg,sex_f,age_ythadult_y15_24,edu_aggregate_bas,2021,17.22
hkg,sex_f,age_ythadult_y15_24,edu_aggregate_bas,2022,19.663
hkg,sex_f,age_ythadult_y15_24,edu_aggregate_bas,2023,16.843
hkg,sex_f,age_ythadult_y15_24,edu_aggregate_bas,2024,17.035
hkg,sex_f,age_ythadult_y15_24,edu_aggregate_int,2009,254.8
hkg,sex_f,age_ythadult_y15_24,edu_aggregate_int,2010,289.202
hkg,sex_f,age_ythadult_y15_24,edu_aggregate_int,2011,286.537
hkg,sex_f,age_ythadult_y15_24,edu_aggregate_int,2012,281.955
hkg,sex_f,age_ythadult_y15_24,edu_aggregate_int,2013,259.975
hkg,sex_f,age_ythadult_y15_24,edu_aggregate_int,2014,243.458
hkg,sex_f,age_ythadult_y15_24,edu_aggregate_int,2015,225.517
hkg,sex_f,age_ythadult_y15_24,edu_aggregate_int,2016,208.997
hkg,sex_f,age_ythadult_y15_24,edu_aggregate_int,2017,188.06
hkg,sex_f,age_ythadult_y15_24,edu_aggregate_int,2018,176.66
hkg,sex_f,age_ythadult_y15_24,edu_aggregate_int,2019,167.589
hkg,sex_f,age_ythadult_y15_24,edu_aggregate_int,2020,157.551
hkg,sex_f,age_ythadult_y15_24,edu_aggregate_int,2021,146.039
hkg,sex_f,age_ythadult_y15_24,edu_aggregate_int,2022,140.299
hkg,sex_f,age_ythadult_y15_24,edu_aggregate_int,2023,143.511
hkg,sex_f,age_ythadult_y15_24,edu_aggregate_int,2024,138.537
hkg,sex_f,age_ythadult_y15_24,edu_aggregate_total,2009,443.6
hkg,sex_f,age_ythadult_y15_24,edu_aggregate_total,2010,438.518
hkg,sex_f,age_ythadult_y15_24,edu_aggregate_total,2011,435.421
hkg,sex_f,age_ythadult_y15_24,edu_aggregate_total,2012,435.167
hkg,sex_f,age_ythadult_y15_24,edu_aggregate_total,2013,427.414
hkg,sex_f,age_ythadult_y15_24,edu_aggregate_total,2014,414.083
hkg,sex_f,age_ythadult_y15_24,edu_aggregate_total,2015,401.105
hkg,sex_f,age_ythadult_y15_24,edu_aggregate_total,2016,388.299
hkg,sex_f,age_ythadult_y15_24,edu_aggregate_total,2017,372.185
hkg,sex_f,age_ythadult_y15_24,edu_aggregate_total,2018,356.995
hkg,sex_f,age_ythadult_y15_24,edu_aggregate_total,2019,339.842
hkg,sex_f,age_ythadult_y15_24,edu_aggregate_total,2020,315.548
hkg,sex_f,age_ythadult_y15_24,edu_aggregate_total,2021,290.403
hkg,sex_f,age_ythadult_y15_24,edu_aggregate_total,2022,280.839
hkg,sex_f,age_ythadult_y15_24,edu_aggregate_total,2023,300.034
hkg,sex_f,age_ythadult_y15_24,edu_aggregate_total,2024,292.739
hkg,sex_f,age_ythadult_y15_24,edu_isced97_1,2009,4.1
hkg,sex_f,age_ythadult_y15_24,edu_isced97_2,2009,42
hkg,sex_f,age_ythadult_y15_24,edu_isced97_3,2009,197.4
hkg,sex_f,age_ythadult_y15_24,edu_isced97_4,2009,57.4
hkg,sex_f,age_ythadult_y15_24,edu_isced97_5,2009,136.7
hkg,sex_f,age_ythadult_y15_24,edu_isced97_6,2009,5.9
hkg,sex_f,age_ythadult_y15_24,edu_isced97_total,2009,443.6
hkg,sex_f,age_ythadult_y15_64,edu_aggregate_adv,2010,538.396
hkg,sex_f,age_ythadult_y15_64,edu_aggregate_adv,2011,571.678
hkg,sex_f,age_ythadult_y15_64,edu_aggregate_adv,2012,607.976
hkg,sex_f,age_ythadult_y15_64,edu_aggregate_adv,2013,639.721
hkg,sex_f,age_ythadult_y15_64,edu_aggregate_adv,2014,677.671
hkg,sex_f,age_ythadult_y15_64,edu_aggregate_adv,2015,718.426
hkg,sex_f,age_ythadult_y15_64,edu_aggregate_adv,2016,755.98
hkg,sex_f,age_ythadult_y15_64,edu_aggregate_adv,2017,793.918
hkg,sex_f,age_ythadult_y15_64,edu_aggregate_adv,2018,813.751
hkg,sex_f,age_ythadult_y15_64,edu_aggregate_adv,2019,821.929
hkg,sex_f,age_ythadult_y15_64,edu_aggregate_adv,2020,817.756
hkg,sex_f,age_ythadult_y15_64,edu_aggregate_adv,2021,808.285
hkg,sex_f,age_ythadult_y15_64,edu_aggregate_adv,2022,814.447
hkg,sex_f,age_ythadult_y15_64,edu_aggregate_adv,2023,870.339
hkg,sex_f,age_ythadult_y15_64,edu_aggregate_adv,2024,879.839
hkg,sex_f,age_ythadult_y15_64,edu_aggregate_bas,2010,901.156
hkg,sex_f,age_ythadult_y15_64,edu_aggregate_bas,2011,879.434
hkg,sex_f,age_ythadult_y15_64,edu_aggregate_bas,2012,863.27
hkg,sex_f,age_ythadult_y15_64,edu_aggregate_bas,2013,842.264
hkg,sex_f,age_ythadult_y15_64,edu_aggregate_bas,2014,824.253
hkg,sex_f,age_ythadult_y15_64,edu_aggregate_bas,2015,801.728
hkg,sex_f,age_ythadult_y15_64,edu_aggregate_bas,2016,770.386
hkg,sex_f,age_ythadult_y15_64,edu_aggregate_bas,2017,756.651
hkg,sex_f,age_ythadult_y15_64,edu_aggregate_bas,2018,739.817
hkg,sex_f,age_ythadult_y15_64,edu_aggregate_bas,2019,733.651
hkg,sex_f,age_ythadult_y15_64,edu_aggregate_bas,2020,704.621
hkg,sex_f,age_ythadult_y15_64,edu_aggregate_bas,2021,667.719
hkg,sex_f,age_ythadult_y15_64,edu_aggregate_bas,2022,641.081
hkg,sex_f,age_ythadult_y15_64,edu_aggregate_bas,2023,620.308
hkg,sex_f,age_ythadult_y15_64,edu_aggregate_bas,2024,594.42
hkg,sex_f,age_ythadult_y15_64,edu_aggregate_int,2010,1384.613
hkg,sex_f,age_ythadult_y15_64,edu_aggregate_int,2011,1409.292
hkg,sex_f,age_ythadult_y15_64,edu_aggregate_int,2012,1428.069
hkg,sex_f,age_ythadult_y15_64,edu_aggregate_int,2013,1429.778
hkg,sex_f,age_ythadult_y15_64,edu_aggregate_int,2014,1418.723
hkg,sex_f,age_ythadult_y15_64,edu_aggregate_int,2015,1405.107
hkg,sex_f,age_ythadult_y15_64,edu_aggregate_int,2016,1403.277
hkg,sex_f,age_ythadult_y15_64,edu_aggregate_int,2017,1389.206
hkg,sex_f,age_ythadult_y15_64,edu_aggregate_int,2018,1395.965
hkg,sex_f,age_ythadult_y15_64,edu_aggregate_int,2019,1402.417
hkg,sex_f,age_ythadult_y15_64,edu_aggregate_int,2020,1396.651
hkg,sex_f,age_ythadult_y15_64,edu_aggregate_int,2021,1384.984
hkg,sex_f,age_ythadult_y15_64,edu_aggregate_int,2022,1340.43
hkg,sex_f,age_ythadult_y15_64,edu_aggregate_int,2023,1351.53
hkg,sex_f,age_ythadult_y15_64,edu_aggregate_int,2024,1345.775
hkg,sex_f,age_ythadult_y15_64,edu_aggregate_total,2010,2824.164
hkg,sex_f,age_ythadult_y15_64,edu_aggregate_total,2011,2860.405
hkg,sex_f,age_ythadult_y15_64,edu_aggregate_total,2012,2899.316
hkg,sex_f,age_ythadult_y15_64,edu_aggregate_total,2013,2911.763
hkg,sex_f,age_ythadult_y15_64,edu_aggregate_total,2014,2920.647
hkg,sex_f,age_ythadult_y15_64,edu_aggregate_total,2015,2925.261
hkg,sex_f,age_ythadult_y15_64,edu_aggregate_total,2016,2929.643
hkg,sex_f,age_ythadult_y15_64,edu_aggregate_total,2017,2939.775
hkg,sex_f,age_ythadult_y15_64,edu_aggregate_total,2018,2949.532
hkg,sex_f,age_ythadult_y15_64,edu_aggregate_total,2019,2957.997
hkg,sex_f,age_ythadult_y15_64,edu_aggregate_total,2020,2919.028
hkg,sex_f,age_ythadult_y15_64,edu_aggregate_total,2021,2860.988
hkg,sex_f,age_ythadult_y15_64,edu_aggregate_total,2022,2795.959
hkg,sex_f,age_ythadult_y15_64,edu_aggregate_total,2023,2842.176
hkg,sex_f,age_ythadult_y15_64,edu_aggregate_total,2024,2820.035
hkg,sex_f,age_ythadult_yge15,edu_aggregate_adv,2009,643.8
hkg,sex_f,age_ythadult_yge15,edu_aggregate_adv,2010,551.337
hkg,sex_f,age_ythadult_yge15,edu_aggregate_adv,2011,585.303
hkg,sex_f,age_ythadult_yge15,edu_aggregate_adv,2012,624.176
hkg,sex_f,age_ythadult_yge15,edu_aggregate_adv,2013,658.963
hkg,sex_f,age_ythadult_yge15,edu_aggregate_adv,2014,696.316
hkg,sex_f,age_ythadult_yge15,edu_aggregate_adv,2015,740.441
hkg,sex_f,age_ythadult_yge15,edu_aggregate_adv,2016,781.563
hkg,sex_f,age_ythadult_yge15,edu_aggregate_adv,2017,816.198
hkg,sex_f,age_ythadult_yge15,edu_aggregate_adv,2018,841.826
hkg,sex_f,age_ythadult_yge15,edu_aggregate_adv,2019,849.51
hkg,sex_f,age_ythadult_yge15,edu_aggregate_adv,2020,844.628
hkg,sex_f,age_ythadult_yge15,edu_aggregate_adv,2021,838.497
hkg,sex_f,age_ythadult_yge15,edu_aggregate_adv,2022,848.181
hkg,sex_f,age_ythadult_yge15,edu_aggregate_adv,2023,908.918
hkg,sex_f,age_ythadult_yge15,edu_aggregate_adv,2024,928.461
hkg,sex_f,age_ythadult_yge15,edu_aggregate_bas,2009,1061.5
hkg,sex_f,age_ythadult_yge15,edu_aggregate_bas,2010,1290.474
hkg,sex_f,age_ythadult_yge15,edu_aggregate_bas,2011,1272.2
hkg,sex_f,age_ythadult_yge15,edu_aggregate_bas,2012,1265.916
hkg,sex_f,age_ythadult_yge15,edu_aggregate_bas,2013,1257.726
hkg,sex_f,age_ythadult_yge15,edu_aggregate_bas,2014,1258.249
hkg,sex_f,age_ythadult_yge15,edu_aggregate_bas,2015,1250.175
hkg,sex_f,age_ythadult_yge15,edu_aggregate_bas,2016,1237.276
hkg,sex_f,age_ythadult_yge15,edu_aggregate_bas,2017,1242.774
hkg,sex_f,age_ythadult_yge15,edu_aggregate_bas,2018,1240.901
hkg,sex_f,age_ythadult_yge15,edu_aggregate_bas,2019,1259.044
hkg,sex_f,age_ythadult_yge15,edu_aggregate_bas,2020,1235.805
hkg,sex_f,age_ythadult_yge15,edu_aggregate_bas,2021,1224.089
hkg,sex_f,age_ythadult_yge15,edu_aggregate_bas,2022,1222.351
hkg,sex_f,age_ythadult_yge15,edu_aggregate_bas,2023,1230.595
hkg,sex_f,age_ythadult_yge15,edu_aggregate_bas,2024,1216.465
hkg,sex_f,age_ythadult_yge15,edu_aggregate_int,2009,1275.2
hkg,sex_f,age_ythadult_yge15,edu_aggregate_int,2010,1433.045
hkg,sex_f,age_ythadult_yge15,edu_aggregate_int,2011,1467.082
hkg,sex_f,age_ythadult_yge15,edu_aggregate_int,2012,1492.956
hkg,sex_f,age_ythadult_yge15,edu_aggregate_int,2013,1500.222
hkg,sex_f,age_ythadult_yge15,edu_aggregate_int,2014,1494.71
hkg,sex_f,age_ythadult_yge15,edu_aggregate_int,2015,1491.431
hkg,sex_f,age_ythadult_yge15,edu_aggregate_int,2016,1492.82
hkg,sex_f,age_ythadult_yge15,edu_aggregate_int,2017,1490.692
hkg,sex_f,age_ythadult_yge15,edu_aggregate_int,2018,1504.155
hkg,sex_f,age_ythadult_yge15,edu_aggregate_int,2019,1518.59
hkg,sex_f,age_ythadult_yge15,edu_aggregate_int,2020,1534.385
hkg,sex_f,age_ythadult_yge15,edu_aggregate_int,2021,1531.179
hkg,sex_f,age_ythadult_yge15,edu_aggregate_int,2022,1501.984
hkg,sex_f,age_ythadult_yge15,edu_aggregate_int,2023,1538.34
hkg,sex_f,age_ythadult_yge15,edu_aggregate_int,2024,1551.394
hkg,sex_f,age_ythadult_yge15,edu_aggregate_ltb,2009,242
hkg,sex_f,age_ythadult_yge15,edu_aggregate_total,2009,3222.6
hkg,sex_f,age_ythadult_yge15,edu_aggregate_total,2010,3274.857
hkg,sex_f,age_ythadult_yge15,edu_aggregate_total,2011,3324.585
hkg,sex_f,age_ythadult_yge15,edu_aggregate_total,2012,3383.047
hkg,sex_f,age_ythadult_yge15,edu_aggregate_total,2013,3416.911
hkg,sex_f,age_ythadult_yge15,edu_aggregate_total,2014,3449.275
hkg,sex_f,age_ythadult_yge15,edu_aggregate_total,2015,3482.047
hkg,sex_f,age_ythadult_yge15,edu_aggregate_total,2016,3511.659
hkg,sex_f,age_ythadult_yge15,edu_aggregate_total,2017,3549.664
hkg,sex_f,age_ythadult_yge15,edu_aggregate_total,2018,3586.882
hkg,sex_f,age_ythadult_yge15,edu_aggregate_total,2019,3627.143
hkg,sex_f,age_ythadult_yge15,edu_aggregate_total,2020,3614.818
hkg,sex_f,age_ythadult_yge15,edu_aggregate_total,2021,3593.765
hkg,sex_f,age_ythadult_yge15,edu_aggregate_total,2022,3572.515
hkg,sex_f,age_ythadult_yge15,edu_aggregate_total,2023,3677.853
hkg,sex_f,age_ythadult_yge15,edu_aggregate_total,2024,3696.32
hkg,sex_f,age_ythadult_yge15,edu_isced97_0,2009,0.2
hkg,sex_f,age_ythadult_yge15,edu_isced97_1,2009,594
hkg,sex_f,age_ythadult_yge15,edu_isced97_2,2009,467.5
hkg,sex_f,age_ythadult_yge15,edu_isced97_3,2009,1076.4
hkg,sex_f,age_ythadult_yge15,edu_isced97_4,2009,198.8
hkg,sex_f,age_ythadult_yge15,edu_isced97_5,2009,557.4
hkg,sex_f,age_ythadult_yge15,edu_isced97_6,2009,86.4
hkg,sex_f,age_ythadult_yge15,edu_isced97_total,2009,3222.6
hkg,sex_f,age_ythadult_yge15,edu_isced97_x,2009,241.8
hkg,sex_f,age_ythadult_yge25,edu_aggregate_adv,2009,501.2
hkg,sex_f,age_ythadult_yge25,edu_aggregate_adv,2010,440.495
hkg,sex_f,age_ythadult_yge25,edu_aggregate_adv,2011,476.721
hkg,sex_f,age_ythadult_yge25,edu_aggregate_adv,2012,502.584
hkg,sex_f,age_ythadult_yge25,edu_aggregate_adv,2013,523.323
hkg,sex_f,age_ythadult_yge25,edu_aggregate_adv,2014,554.26
hkg,sex_f,age_ythadult_yge25,edu_aggregate_adv,2015,594.475
hkg,sex_f,age_ythadult_yge25,edu_aggregate_adv,2016,628.159
hkg,sex_f,age_ythadult_yge25,edu_aggregate_adv,2017,656.522
hkg,sex_f,age_ythadult_yge25,edu_aggregate_adv,2018,684.975
hkg,sex_f,age_ythadult_yge25,edu_aggregate_adv,2019,697.14
hkg,sex_f,age_ythadult_yge25,edu_aggregate_adv,2020,707.757
hkg,sex_f,age_ythadult_yge25,edu_aggregate_adv,2021,711.353
hkg,sex_f,age_ythadult_yge25,edu_aggregate_adv,2022,727.303
hkg,sex_f,age_ythadult_yge25,edu_aggregate_adv,2023,769.238
hkg,sex_f,age_ythadult_yge25,edu_aggregate_adv,2024,791.293
hkg,sex_f,age_ythadult_yge25,edu_aggregate_bas,2009,1015.4
hkg,sex_f,age_ythadult_yge25,edu_aggregate_bas,2010,1252.001
hkg,sex_f,age_ythadult_yge25,edu_aggregate_bas,2011,1231.898
hkg,sex_f,age_ythadult_yge25,edu_aggregate_bas,2012,1234.296
hkg,sex_f,age_ythadult_yge25,edu_aggregate_bas,2013,1225.927
hkg,sex_f,age_ythadult_yge25,edu_aggregate_bas,2014,1229.68
hkg,sex_f,age_ythadult_yge25,edu_aggregate_bas,2015,1220.553
hkg,sex_f,age_ythadult_yge25,edu_aggregate_bas,2016,1211.378
hkg,sex_f,age_ythadult_yge25,edu_aggregate_bas,2017,1218.325
hkg,sex_f,age_ythadult_yge25,edu_aggregate_bas,2018,1217.417
hkg,sex_f,age_ythadult_yge25,edu_aggregate_bas,2019,1239.161
hkg,sex_f,age_ythadult_yge25,edu_aggregate_bas,2020,1214.678
hkg,sex_f,age_ythadult_yge25,edu_aggregate_bas,2021,1206.869
hkg,sex_f,age_ythadult_yge25,edu_aggregate_bas,2022,1202.688
hkg,sex_f,age_ythadult_yge25,edu_aggregate_bas,2023,1213.752
hkg,sex_f,age_ythadult_yge25,edu_aggregate_bas,2024,1199.431
hkg,sex_f,age_ythadult_yge25,edu_aggregate_int,2009,1020.4
hkg,sex_f,age_ythadult_yge25,edu_aggregate_int,2010,1143.843
hkg,sex_f,age_ythadult_yge25,edu_aggregate_int,2011,1180.545
hkg,sex_f,age_ythadult_yge25,edu_aggregate_int,2012,1211
hkg,sex_f,age_ythadult_yge25,edu_aggregate_int,2013,1240.247
hkg,sex_f,age_ythadult_yge25,edu_aggregate_int,2014,1251.253
hkg,sex_f,age_ythadult_yge25,edu_aggregate_int,2015,1265.914
hkg,sex_f,age_ythadult_yge25,edu_aggregate_int,2016,1283.823
hkg,sex_f,age_ythadult_yge25,edu_aggregate_int,2017,1302.632
hkg,sex_f,age_ythadult_yge25,edu_aggregate_int,2018,1327.495
hkg,sex_f,age_ythadult_yge25,edu_aggregate_int,2019,1351.001
hkg,sex_f,age_ythadult_yge25,edu_aggregate_int,2020,1376.834
hkg,sex_f,age_ythadult_yge25,edu_aggregate_int,2021,1385.14
hkg,sex_f,age_ythadult_yge25,edu_aggregate_int,2022,1361.685
hkg,sex_f,age_ythadult_yge25,edu_aggregate_int,2023,1394.829
hkg,sex_f,age_ythadult_yge25,edu_aggregate_int,2024,1412.857
hkg,sex_f,age_ythadult_yge25,edu_aggregate_total,2009,2779
hkg,sex_f,age_ythadult_yge25,edu_aggregate_total,2010,2836.339
hkg,sex_f,age_ythadult_yge25,edu_aggregate_total,2011,2889.164
hkg,sex_f,age_ythadult_yge25,edu_aggregate_total,2012,2947.88
hkg,sex_f,age_ythadult_yge25,edu_aggregate_total,2013,2989.497
hkg,sex_f,age_ythadult_yge25,edu_aggregate_total,2014,3035.192
hkg,sex_f,age_ythadult_yge25,edu_aggregate_total,2015,3080.942
hkg,sex_f,age_ythadult_yge25,edu_aggregate_total,2016,3123.36
hkg,sex_f,age_ythadult_yge25,edu_aggregate_total,2017,3177.479
hkg,sex_f,age_ythadult_yge25,edu_aggregate_total,2018,3229.886
hkg,sex_f,age_ythadult_yge25,edu_aggregate_total,2019,3287.302
hkg,sex_f,age_ythadult_yge25,edu_aggregate_total,2020,3299.269
hkg,sex_f,age_ythadult_yge25,edu_aggregate_total,2021,3303.362
hkg,sex_f,age_ythadult_yge25,edu_aggregate_total,2022,3291.676
hkg,sex_f,age_ythadult_yge25,edu_aggregate_total,2023,3377.819
hkg,sex_f,age_ythadult_yge25,edu_aggregate_total,2024,3403.58
hkg,sex_f,age_ythadult_yge25,edu_isced97_1,2009,589.9
hkg,sex_f,age_ythadult_yge25,edu_isced97_2,2009,425.5
hkg,sex_f,age_ythadult_yge25,edu_isced97_3,2009,879
hkg,sex_f,age_ythadult_yge25,edu_isced97_4,2009,141.4
hkg,sex_f,age_ythadult_yge25,edu_isced97_5,2009,420.7
hkg,sex_f,age_ythadult_yge25,edu_isced97_6,2009,80.5
hkg,sex_f,age_ythadult_yge25,edu_isced97_total,2009,2779
hkg,sex_m,age_10yrbands_total,edu_aggregate_adv,2009,674.7
hkg,sex_m,age_10yrbands_total,edu_aggregate_adv,2010,573.936
hkg,sex_m,age_10yrbands_total,edu_aggregate_adv,2011,610.516
hkg,sex_m,age_10yrbands_total,edu_aggregate_adv,2012,640.314
hkg,sex_m,age_10yrbands_total,edu_aggregate_adv,2013,670.471
hkg,sex_m,age_10yrbands_total,edu_aggregate_adv,2014,696.602
hkg,sex_m,age_10yrbands_total,edu_aggregate_adv,2015,744.869
hkg,sex_m,age_10yrbands_total,edu_aggregate_adv,2016,760.069
hkg,sex_m,age_10yrbands_total,edu_aggregate_adv,2017,785.011
hkg,sex_m,age_10yrbands_total,edu_aggregate_adv,2018,808.5
hkg,sex_m,age_10yrbands_total,edu_aggregate_adv,2019,808.129
hkg,sex_m,age_10yrbands_total,edu_aggregate_adv,2020,819.05
hkg,sex_m,age_10yrbands_total,edu_aggregate_adv,2021,794.99
hkg,sex_m,age_10yrbands_total,edu_aggregate_adv,2022,806.652
hkg,sex_m,age_10yrbands_total,edu_aggregate_adv,2023,859.761
hkg,sex_m,age_10yrbands_total,edu_aggregate_adv,2024,866.112
hkg,sex_m,age_10yrbands_total,edu_aggregate_bas,2009,953.8
hkg,sex_m,age_10yrbands_total,edu_aggregate_bas,2010,1010.55
hkg,sex_m,age_10yrbands_total,edu_aggregate_bas,2011,976.772
hkg,sex_m,age_10yrbands_total,edu_aggregate_bas,2012,962.718
hkg,sex_m,age_10yrbands_total,edu_aggregate_bas,2013,954.336
hkg,sex_m,age_10yrbands_total,edu_aggregate_bas,2014,947.076
hkg,sex_m,age_10yrbands_total,edu_aggregate_bas,2015,925.131
hkg,sex_m,age_10yrbands_total,edu_aggregate_bas,2016,921.885
hkg,sex_m,age_10yrbands_total,edu_aggregate_bas,2017,913.004
hkg,sex_m,age_10yrbands_total,edu_aggregate_bas,2018,905.846
hkg,sex_m,age_10yrbands_total,edu_aggregate_bas,2019,909.198
hkg,sex_m,age_10yrbands_total,edu_aggregate_bas,2020,893.186
hkg,sex_m,age_10yrbands_total,edu_aggregate_bas,2021,897.384
hkg,sex_m,age_10yrbands_total,edu_aggregate_bas,2022,888.215
hkg,sex_m,age_10yrbands_total,edu_aggregate_bas,2023,884.102
hkg,sex_m,age_10yrbands_total,edu_aggregate_bas,2024,872.426
hkg,sex_m,age_10yrbands_total,edu_aggregate_int,2009,1099.6
hkg,sex_m,age_10yrbands_total,edu_aggregate_int,2010,1234.495
hkg,sex_m,age_10yrbands_total,edu_aggregate_int,2011,1252.478
hkg,sex_m,age_10yrbands_total,edu_aggregate_int,2012,1265.412
hkg,sex_m,age_10yrbands_total,edu_aggregate_int,2013,1255.793
hkg,sex_m,age_10yrbands_total,edu_aggregate_int,2014,1247.16
hkg,sex_m,age_10yrbands_total,edu_aggregate_int,2015,1231.637
hkg,sex_m,age_10yrbands_total,edu_aggregate_int,2016,1227.301
hkg,sex_m,age_10yrbands_total,edu_aggregate_int,2017,1224.835
hkg,sex_m,age_10yrbands_total,edu_aggregate_int,2018,1221.406
hkg,sex_m,age_10yrbands_total,edu_aggregate_int,2019,1228.186
hkg,sex_m,age_10yrbands_total,edu_aggregate_int,2020,1235.164
hkg,sex_m,age_10yrbands_total,edu_aggregate_int,2021,1232.468
hkg,sex_m,age_10yrbands_total,edu_aggregate_int,2022,1219.621
hkg,sex_m,age_10yrbands_total,edu_aggregate_int,2023,1245.649
hkg,sex_m,age_10yrbands_total,edu_aggregate_int,2024,1248.184
hkg,sex_m,age_10yrbands_total,edu_aggregate_ltb,2009,72.1
hkg,sex_m,age_10yrbands_total,edu_aggregate_total,2009,2800.3
hkg,sex_m,age_10yrbands_total,edu_aggregate_total,2010,2818.981
hkg,sex_m,age_10yrbands_total,edu_aggregate_total,2011,2839.766
hkg,sex_m,age_10yrbands_total,edu_aggregate_total,2012,2868.444
hkg,sex_m,age_10yrbands_total,edu_aggregate_total,2013,2880.601
hkg,sex_m,age_10yrbands_total,edu_aggregate_total,2014,2890.838
hkg,sex_m,age_10yrbands_total,edu_aggregate_total,2015,2901.637
hkg,sex_m,age_10yrbands_total,edu_aggregate_total,2016,2909.255
hkg,sex_m,age_10yrbands_total,edu_aggregate_total,2017,2922.85
hkg,sex_m,age_10yrbands_total,edu_aggregate_total,2018,2935.753
hkg,sex_m,age_10yrbands_total,edu_aggregate_total,2019,2945.513
hkg,sex_m,age_10yrbands_total,edu_aggregate_total,2020,2947.401
hkg,sex_m,age_10yrbands_total,edu_aggregate_total,2021,2924.842
hkg,sex_m,age_10yrbands_total,edu_aggregate_total,2022,2914.488
hkg,sex_m,age_10yrbands_total,edu_aggregate_total,2023,2989.513
hkg,sex_m,age_10yrbands_total,edu_aggregate_total,2024,2986.722
hkg,sex_m,age_10yrbands_total,edu_isced97_0,2009,0.1
hkg,sex_m,age_10yrbands_total,edu_isced97_1,2009,463.6
hkg,sex_m,age_10yrbands_total,edu_isced97_2,2009,490.2
hkg,sex_m,age_10yrbands_total,edu_isced97_3,2009,947.5
hkg,sex_m,age_10yrbands_total,edu_isced97_4,2009,152.1
hkg,sex_m,age_10yrbands_total,edu_isced97_5,2009,556.2
hkg,sex_m,age_10yrbands_total,edu_isced97_6,2009,118.5
hkg,sex_m,age_10yrbands_total,edu_isced97_total,2009,2800.3
hkg,sex_m,age_10yrbands_total,edu_isced97_x,2009,72
hkg,sex_m,age_10yrbands_y15_24,edu_aggregate_adv,2009,125.7
hkg,sex_m,age_10yrbands_y15_24,edu_aggregate_adv,2010,95.317
hkg,sex_m,age_10yrbands_y15_24,edu_aggregate_adv,2011,98.003
hkg,sex_m,age_10yrbands_y15_24,edu_aggregate_adv,2012,107.252
hkg,sex_m,age_10yrbands_y15_24,edu_aggregate_adv,2013,116.463
hkg,sex_m,age_10yrbands_y15_24,edu_aggregate_adv,2014,120.523
hkg,sex_m,age_10yrbands_y15_24,edu_aggregate_adv,2015,129.419
hkg,sex_m,age_10yrbands_y15_24,edu_aggregate_adv,2016,134.232
hkg,sex_m,age_10yrbands_y15_24,edu_aggregate_adv,2017,130.48
hkg,sex_m,age_10yrbands_y15_24,edu_aggregate_adv,2018,131.608
hkg,sex_m,age_10yrbands_y15_24,edu_aggregate_adv,2019,124.334
hkg,sex_m,age_10yrbands_y15_24,edu_aggregate_adv,2020,115.053
hkg,sex_m,age_10yrbands_y15_24,edu_aggregate_adv,2021,106.519
hkg,sex_m,age_10yrbands_y15_24,edu_aggregate_adv,2022,107.963
hkg,sex_m,age_10yrbands_y15_24,edu_aggregate_adv,2023,123.15
hkg,sex_m,age_10yrbands_y15_24,edu_aggregate_adv,2024,117.515
hkg,sex_m,age_10yrbands_y15_24,edu_aggregate_bas,2009,50.4
hkg,sex_m,age_10yrbands_y15_24,edu_aggregate_bas,2010,50.149
hkg,sex_m,age_10yrbands_y15_24,edu_aggregate_bas,2011,48.115
hkg,sex_m,age_10yrbands_y15_24,edu_aggregate_bas,2012,45.627
hkg,sex_m,age_10yrbands_y15_24,edu_aggregate_bas,2013,39.492
hkg,sex_m,age_10yrbands_y15_24,edu_aggregate_bas,2014,38.023
hkg,sex_m,age_10yrbands_y15_24,edu_aggregate_bas,2015,34.113
hkg,sex_m,age_10yrbands_y15_24,edu_aggregate_bas,2016,30.778
hkg,sex_m,age_10yrbands_y15_24,edu_aggregate_bas,2017,30.702
hkg,sex_m,age_10yrbands_y15_24,edu_aggregate_bas,2018,25.5
hkg,sex_m,age_10yrbands_y15_24,edu_aggregate_bas,2019,25.581
hkg,sex_m,age_10yrbands_y15_24,edu_aggregate_bas,2020,23.308
hkg,sex_m,age_10yrbands_y15_24,edu_aggregate_bas,2021,22.41
hkg,sex_m,age_10yrbands_y15_24,edu_aggregate_bas,2022,22.679
hkg,sex_m,age_10yrbands_y15_24,edu_aggregate_bas,2023,22.846
hkg,sex_m,age_10yrbands_y15_24,edu_aggregate_bas,2024,22.375
hkg,sex_m,age_10yrbands_y15_24,edu_aggregate_int,2009,261.8
hkg,sex_m,age_10yrbands_y15_24,edu_aggregate_int,2010,292.002
hkg,sex_m,age_10yrbands_y15_24,edu_aggregate_int,2011,290.272
hkg,sex_m,age_10yrbands_y15_24,edu_aggregate_int,2012,286.304
hkg,sex_m,age_10yrbands_y15_24,edu_aggregate_int,2013,276.634
hkg,sex_m,age_10yrbands_y15_24,edu_aggregate_int,2014,261.566
hkg,sex_m,age_10yrbands_y15_24,edu_aggregate_int,2015,243.678
hkg,sex_m,age_10yrbands_y15_24,edu_aggregate_int,2016,229.656
hkg,sex_m,age_10yrbands_y15_24,edu_aggregate_int,2017,214.899
hkg,sex_m,age_10yrbands_y15_24,edu_aggregate_int,2018,201.775
hkg,sex_m,age_10yrbands_y15_24,edu_aggregate_int,2019,187.789
hkg,sex_m,age_10yrbands_y15_24,edu_aggregate_int,2020,180.381
hkg,sex_m,age_10yrbands_y15_24,edu_aggregate_int,2021,168.517
hkg,sex_m,age_10yrbands_y15_24,edu_aggregate_int,2022,157.937
hkg,sex_m,age_10yrbands_y15_24,edu_aggregate_int,2023,161.252
hkg,sex_m,age_10yrbands_y15_24,edu_aggregate_int,2024,161.696
hkg,sex_m,age_10yrbands_y15_24,edu_aggregate_total,2009,438.1
hkg,sex_m,age_10yrbands_y15_24,edu_aggregate_total,2010,437.468
hkg,sex_m,age_10yrbands_y15_24,edu_aggregate_total,2011,436.391
hkg,sex_m,age_10yrbands_y15_24,edu_aggregate_total,2012,439.183
hkg,sex_m,age_10yrbands_y15_24,edu_aggregate_total,2013,432.589
hkg,sex_m,age_10yrbands_y15_24,edu_aggregate_total,2014,420.112
hkg,sex_m,age_10yrbands_y15_24,edu_aggregate_total,2015,407.21
hkg,sex_m,age_10yrbands_y15_24,edu_aggregate_total,2016,394.665
hkg,sex_m,age_10yrbands_y15_24,edu_aggregate_total,2017,376.082
hkg,sex_m,age_10yrbands_y15_24,edu_aggregate_total,2018,358.882
hkg,sex_m,age_10yrbands_y15_24,edu_aggregate_total,2019,337.704
hkg,sex_m,age_10yrbands_y15_24,edu_aggregate_total,2020,318.743
hkg,sex_m,age_10yrbands_y15_24,edu_aggregate_total,2021,297.446
hkg,sex_m,age_10yrbands_y15_24,edu_aggregate_total,2022,288.579
hkg,sex_m,age_10yrbands_y15_24,edu_aggregate_total,2023,307.247
hkg,sex_m,age_10yrbands_y15_24,edu_aggregate_total,2024,301.586
hkg,sex_m,age_10yrbands_y15_24,edu_isced97_1,2009,1
hkg,sex_m,age_10yrbands_y15_24,edu_isced97_2,2009,49.4
hkg,sex_m,age_10yrbands_y15_24,edu_isced97_3,2009,212
hkg,sex_m,age_10yrbands_y15_24,edu_isced97_4,2009,49.8
hkg,sex_m,age_10yrbands_y15_24,edu_isced97_5,2009,119.4
hkg,sex_m,age_10yrbands_y15_24,edu_isced97_6,2009,6.3
hkg,sex_m,age_10yrbands_y15_24,edu_isced97_total,2009,438.1
hkg,sex_m,age_10yrbands_y25_34,edu_aggregate_adv,2009,186.8
hkg,sex_m,age_10yrbands_y25_34,edu_aggregate_adv,2010,166.237
hkg,sex_m,age_10yrbands_y25_34,edu_aggregate_adv,2011,176.49
hkg,sex_m,age_10yrbands_y25_34,edu_aggregate_adv,2012,182.316
hkg,sex_m,age_10yrbands_y25_34,edu_aggregate_adv,2013,186.679
hkg,sex_m,age_10yrbands_y25_34,edu_aggregate_adv,2014,190.583
hkg,sex_m,age_10yrbands_y25_34,edu_aggregate_adv,2015,206.789
hkg,sex_m,age_10yrbands_y25_34,edu_aggregate_adv,2016,204.763
hkg,sex_m,age_10yrbands_y25_34,edu_aggregate_adv,2017,215.481
hkg,sex_m,age_10yrbands_y25_34,edu_aggregate_adv,2018,216.229
hkg,sex_m,age_10yrbands_y25_34,edu_aggregate_adv,2019,219.549
hkg,sex_m,age_10yrbands_y25_34,edu_aggregate_adv,2020,220.599
hkg,sex_m,age_10yrbands_y25_34,edu_aggregate_adv,2021,206.517
hkg,sex_m,age_10yrbands_y25_34,edu_aggregate_adv,2022,208.733
hkg,sex_m,age_10yrbands_y25_34,edu_aggregate_adv,2023,214.59
hkg,sex_m,age_10yrbands_y25_34,edu_aggregate_adv,2024,213.393
hkg,sex_m,age_10yrbands_y25_34,edu_aggregate_bas,2009,66.8
hkg,sex_m,age_10yrbands_y25_34,edu_aggregate_bas,2010,56.639
hkg,sex_m,age_10yrbands_y25_34,edu_aggregate_bas,2011,50.936
hkg,sex_m,age_10yrbands_y25_34,edu_aggregate_bas,2012,46.792
hkg,sex_m,age_10yrbands_y25_34,edu_aggregate_bas,2013,46.891
hkg,sex_m,age_10yrbands_y25_34,edu_aggregate_bas,2014,44.568
hkg,sex_m,age_10yrbands_y25_34,edu_aggregate_bas,2015,38.649
hkg,sex_m,age_10yrbands_y25_34,edu_aggregate_bas,2016,38.063
hkg,sex_m,age_10yrbands_y25_34,edu_aggregate_bas,2017,36.353
hkg,sex_m,age_10yrbands_y25_34,edu_aggregate_bas,2018,34.244
hkg,sex_m,age_10yrbands_y25_34,edu_aggregate_bas,2019,31.859
hkg,sex_m,age_10yrbands_y25_34,edu_aggregate_bas,2020,30.572
hkg,sex_m,age_10yrbands_y25_34,edu_aggregate_bas,2021,28.953
hkg,sex_m,age_10yrbands_y25_34,edu_aggregate_bas,2022,27.226
hkg,sex_m,age_10yrbands_y25_34,edu_aggregate_bas,2023,27.268
hkg,sex_m,age_10yrbands_y25_34,edu_aggregate_bas,2024,24.827
hkg,sex_m,age_10yrbands_y25_34,edu_aggregate_int,2009,198.2
hkg,sex_m,age_10yrbands_y25_34,edu_aggregate_int,2010,227.294
hkg,sex_m,age_10yrbands_y25_34,edu_aggregate_int,2011,224.465
hkg,sex_m,age_10yrbands_y25_34,edu_aggregate_int,2012,222.322
hkg,sex_m,age_10yrbands_y25_34,edu_aggregate_int,2013,217.292
hkg,sex_m,age_10yrbands_y25_34,edu_aggregate_int,2014,219.02
hkg,sex_m,age_10yrbands_y25_34,edu_aggregate_int,2015,211.869
hkg,sex_m,age_10yrbands_y25_34,edu_aggregate_int,2016,215.27
hkg,sex_m,age_10yrbands_y25_34,edu_aggregate_int,2017,204.6
hkg,sex_m,age_10yrbands_y25_34,edu_aggregate_int,2018,202.841
hkg,sex_m,age_10yrbands_y25_34,edu_aggregate_int,2019,201
hkg,sex_m,age_10yrbands_y25_34,edu_aggregate_int,2020,199.484
hkg,sex_m,age_10yrbands_y25_34,edu_aggregate_int,2021,203.706
hkg,sex_m,age_10yrbands_y25_34,edu_aggregate_int,2022,194.027
hkg,sex_m,age_10yrbands_y25_34,edu_aggregate_int,2023,187.267
hkg,sex_m,age_10yrbands_y25_34,edu_aggregate_int,2024,179.966
hkg,sex_m,age_10yrbands_y25_34,edu_aggregate_ltb,2009,0.4
hkg,sex_m,age_10yrbands_y25_34,edu_aggregate_total,2009,452.2
hkg,sex_m,age_10yrbands_y25_34,edu_aggregate_total,2010,450.171
hkg,sex_m,age_10yrbands_y25_34,edu_aggregate_total,2011,451.891
hkg,sex_m,age_10yrbands_y25_34,edu_aggregate_total,2012,451.43
hkg,sex_m,age_10yrbands_y25_34,edu_aggregate_total,2013,450.862
hkg,sex_m,age_10yrbands_y25_34,edu_aggregate_total,2014,454.171
hkg,sex_m,age_10yrbands_y25_34,edu_aggregate_total,2015,457.306
hkg,sex_m,age_10yrbands_y25_34,edu_aggregate_total,2016,458.097
hkg,sex_m,age_10yrbands_y25_34,edu_aggregate_total,2017,456.434
hkg,sex_m,age_10yrbands_y25_34,edu_aggregate_total,2018,453.314
hkg,sex_m,age_10yrbands_y25_34,edu_aggregate_total,2019,452.408
hkg,sex_m,age_10yrbands_y25_34,edu_aggregate_total,2020,450.655
hkg,sex_m,age_10yrbands_y25_34,edu_aggregate_total,2021,439.176
hkg,sex_m,age_10yrbands_y25_34,edu_aggregate_total,2022,429.986
hkg,sex_m,age_10yrbands_y25_34,edu_aggregate_total,2023,429.124
hkg,sex_m,age_10yrbands_y25_34,edu_aggregate_total,2024,418.186
hkg,sex_m,age_10yrbands_y25_34,edu_isced97_1,2009,5.1
hkg,sex_m,age_10yrbands_y25_34,edu_isced97_2,2009,61.7
hkg,sex_m,age_10yrbands_y25_34,edu_isced97_3,2009,176.3
hkg,sex_m,age_10yrbands_y25_34,edu_isced97_4,2009,21.9
hkg,sex_m,age_10yrbands_y25_34,edu_isced97_5,2009,153.2
hkg,sex_m,age_10yrbands_y25_34,edu_isced97_6,2009,33.6
hkg,sex_m,age_10yrbands_y25_34,edu_isced97_total,2009,452.2
hkg,sex_m,age_10yrbands_y25_34,edu_isced97_x,2009,0.4
hkg,sex_m,age_10yrbands_y35_44,edu_aggregate_adv,2009,276.1
hkg,sex_m,age_10yrbands_y35_44,edu_aggregate_adv,2010,139.219
hkg,sex_m,age_10yrbands_y35_44,edu_aggregate_adv,2011,146.913
hkg,sex_m,age_10yrbands_y35_44,edu_aggregate_adv,2012,153.928
hkg,sex_m,age_10yrbands_y35_44,edu_aggregate_adv,2013,153.442
hkg,sex_m,age_10yrbands_y35_44,edu_aggregate_adv,2014,160.605
hkg,sex_m,age_10yrbands_y35_44,edu_aggregate_adv,2015,169.161
hkg,sex_m,age_10yrbands_y35_44,edu_aggregate_adv,2016,171.998
hkg,sex_m,age_10yrbands_y35_44,edu_aggregate_adv,2017,174.737
hkg,sex_m,age_10yrbands_y35_44,edu_aggregate_adv,2018,181.915
hkg,sex_m,age_10yrbands_y35_44,edu_aggregate_adv,2019,183.155
hkg,sex_m,age_10yrbands_y35_44,edu_aggregate_adv,2020,191.499
hkg,sex_m,age_10yrbands_y35_44,edu_aggregate_adv,2021,189.47
hkg,sex_m,age_10yrbands_y35_44,edu_aggregate_adv,2022,179.934
hkg,sex_m,age_10yrbands_y35_44,edu_aggregate_adv,2023,193.292
hkg,sex_m,age_10yrbands_y35_44,edu_aggregate_adv,2024,197.857
hkg,sex_m,age_10yrbands_y35_44,edu_aggregate_bas,2009,370
hkg,sex_m,age_10yrbands_y35_44,edu_aggregate_bas,2010,114.162
hkg,sex_m,age_10yrbands_y35_44,edu_aggregate_bas,2011,101.231
hkg,sex_m,age_10yrbands_y35_44,edu_aggregate_bas,2012,96.458
hkg,sex_m,age_10yrbands_y35_44,edu_aggregate_bas,2013,94.305
hkg,sex_m,age_10yrbands_y35_44,edu_aggregate_bas,2014,88.639
hkg,sex_m,age_10yrbands_y35_44,edu_aggregate_bas,2015,82.308
hkg,sex_m,age_10yrbands_y35_44,edu_aggregate_bas,2016,77.445
hkg,sex_m,age_10yrbands_y35_44,edu_aggregate_bas,2017,76.95
hkg,sex_m,age_10yrbands_y35_44,edu_aggregate_bas,2018,70.792
hkg,sex_m,age_10yrbands_y35_44,edu_aggregate_bas,2019,69.768
hkg,sex_m,age_10yrbands_y35_44,edu_aggregate_bas,2020,61.66
hkg,sex_m,age_10yrbands_y35_44,edu_aggregate_bas,2021,61.586
hkg,sex_m,age_10yrbands_y35_44,edu_aggregate_bas,2022,61.379
hkg,sex_m,age_10yrbands_y35_44,edu_aggregate_bas,2023,56.272
hkg,sex_m,age_10yrbands_y35_44,edu_aggregate_bas,2024,52.822
hkg,sex_m,age_10yrbands_y35_44,edu_aggregate_int,2009,458.2
hkg,sex_m,age_10yrbands_y35_44,edu_aggregate_int,2010,231.759
hkg,sex_m,age_10yrbands_y35_44,edu_aggregate_int,2011,225.581
hkg,sex_m,age_10yrbands_y35_44,edu_aggregate_int,2012,222.122
hkg,sex_m,age_10yrbands_y35_44,edu_aggregate_int,2013,218.469
hkg,sex_m,age_10yrbands_y35_44,edu_aggregate_int,2014,214.008
hkg,sex_m,age_10yrbands_y35_44,edu_aggregate_int,2015,209.987
hkg,sex_m,age_10yrbands_y35_44,edu_aggregate_int,2016,209.794
hkg,sex_m,age_10yrbands_y35_44,edu_aggregate_int,2017,212.303
hkg,sex_m,age_10yrbands_y35_44,edu_aggregate_int,2018,214.351
hkg,sex_m,age_10yrbands_y35_44,edu_aggregate_int,2019,216.478
hkg,sex_m,age_10yrbands_y35_44,edu_aggregate_int,2020,217.599
hkg,sex_m,age_10yrbands_y35_44,edu_aggregate_int,2021,215.023
hkg,sex_m,age_10yrbands_y35_44,edu_aggregate_int,2022,217.076
hkg,sex_m,age_10yrbands_y35_44,edu_aggregate_int,2023,217.57
hkg,sex_m,age_10yrbands_y35_44,edu_aggregate_int,2024,217.662
hkg,sex_m,age_10yrbands_y35_44,edu_aggregate_ltb,2009,5.8
hkg,sex_m,age_10yrbands_y35_44,edu_aggregate_total,2009,1110.2
hkg,sex_m,age_10yrbands_y35_44,edu_aggregate_total,2010,485.14
hkg,sex_m,age_10yrbands_y35_44,edu_aggregate_total,2011,473.725
hkg,sex_m,age_10yrbands_y35_44,edu_aggregate_total,2012,472.508
hkg,sex_m,age_10yrbands_y35_44,edu_aggregate_total,2013,466.216
hkg,sex_m,age_10yrbands_y35_44,edu_aggregate_total,2014,463.252
hkg,sex_m,age_10yrbands_y35_44,edu_aggregate_total,2015,461.457
hkg,sex_m,age_10yrbands_y35_44,edu_aggregate_total,2016,459.236
hkg,sex_m,age_10yrbands_y35_44,edu_aggregate_total,2017,463.99
hkg,sex_m,age_10yrbands_y35_44,edu_aggregate_total,2018,467.057
hkg,sex_m,age_10yrbands_y35_44,edu_aggregate_total,2019,469.401
hkg,sex_m,age_10yrbands_y35_44,edu_aggregate_total,2020,470.758
hkg,sex_m,age_10yrbands_y35_44,edu_aggregate_total,2021,466.078
hkg,sex_m,age_10yrbands_y35_44,edu_aggregate_total,2022,458.389
hkg,sex_m,age_10yrbands_y35_44,edu_aggregate_total,2023,467.132
hkg,sex_m,age_10yrbands_y35_44,edu_aggregate_total,2024,468.341
hkg,sex_m,age_10yrbands_y35_44,edu_isced97_1,2009,132
hkg,sex_m,age_10yrbands_y35_44,edu_isced97_2,2009,238
hkg,sex_m,age_10yrbands_y35_44,edu_isced97_3,2009,405.8
hkg,sex_m,age_10yrbands_y35_44,edu_isced97_4,2009,52.4
hkg,sex_m,age_10yrbands_y35_44,edu_isced97_5,2009,209
hkg,sex_m,age_10yrbands_y35_44,edu_isced97_6,2009,67.1
hkg,sex_m,age_10yrbands_y35_44,edu_isced97_total,2009,1110.2
hkg,sex_m,age_10yrbands_y35_44,edu_isced97_x,2009,5.8
hkg,sex_m,age_10yrbands_y45_54,edu_aggregate_adv,2010,101.013
hkg,sex_m,age_10yrbands_y45_54,edu_aggregate_adv,2011,106.263
hkg,sex_m,age_10yrbands_y45_54,edu_aggregate_adv,2012,111.014
hkg,sex_m,age_10yrbands_y45_54,edu_aggregate_adv,2013,119.286
hkg,sex_m,age_10yrbands_y45_54,edu_aggregate_adv,2014,123.625
hkg,sex_m,age_10yrbands_y45_54,edu_aggregate_adv,2015,129.508
hkg,sex_m,age_10yrbands_y45_54,edu_aggregate_adv,2016,131.677
hkg,sex_m,age_10yrbands_y45_54,edu_aggregate_adv,2017,137.645
hkg,sex_m,age_10yrbands_y45_54,edu_aggregate_adv,2018,136.635
hkg,sex_m,age_10yrbands_y45_54,edu_aggregate_adv,2019,131.961
hkg,sex_m,age_10yrbands_y45_54,edu_aggregate_adv,2020,137.926
hkg,sex_m,age_10yrbands_y45_54,edu_aggregate_adv,2021,139.809
hkg,sex_m,age_10yrbands_y45_54,edu_aggregate_adv,2022,139.582
hkg,sex_m,age_10yrbands_y45_54,edu_aggregate_adv,2023,145.143
hkg,sex_m,age_10yrbands_y45_54,edu_aggregate_adv,2024,151.305
hkg,sex_m,age_10yrbands_y45_54,edu_aggregate_bas,2010,241.06
hkg,sex_m,age_10yrbands_y45_54,edu_aggregate_bas,2011,224.731
hkg,sex_m,age_10yrbands_y45_54,edu_aggregate_bas,2012,205.753
hkg,sex_m,age_10yrbands_y45_54,edu_aggregate_bas,2013,190.856
hkg,sex_m,age_10yrbands_y45_54,edu_aggregate_bas,2014,177.256
hkg,sex_m,age_10yrbands_y45_54,edu_aggregate_bas,2015,166.348
hkg,sex_m,age_10yrbands_y45_54,edu_aggregate_bas,2016,156.11
hkg,sex_m,age_10yrbands_y45_54,edu_aggregate_bas,2017,140.392
hkg,sex_m,age_10yrbands_y45_54,edu_aggregate_bas,2018,134.139
hkg,sex_m,age_10yrbands_y45_54,edu_aggregate_bas,2019,136.793
hkg,sex_m,age_10yrbands_y45_54,edu_aggregate_bas,2020,129.639
hkg,sex_m,age_10yrbands_y45_54,edu_aggregate_bas,2021,124.009
hkg,sex_m,age_10yrbands_y45_54,edu_aggregate_bas,2022,116.072
hkg,sex_m,age_10yrbands_y45_54,edu_aggregate_bas,2023,115.356
hkg,sex_m,age_10yrbands_y45_54,edu_aggregate_bas,2024,109.886
hkg,sex_m,age_10yrbands_y45_54,edu_aggregate_int,2010,269.365
hkg,sex_m,age_10yrbands_y45_54,edu_aggregate_int,2011,273.509
hkg,sex_m,age_10yrbands_y45_54,edu_aggregate_int,2012,277.977
hkg,sex_m,age_10yrbands_y45_54,edu_aggregate_int,2013,270.808
hkg,sex_m,age_10yrbands_y45_54,edu_aggregate_int,2014,263.989
hkg,sex_m,age_10yrbands_y45_54,edu_aggregate_int,2015,250.784
hkg,sex_m,age_10yrbands_y45_54,edu_aggregate_int,2016,241.845
hkg,sex_m,age_10yrbands_y45_54,edu_aggregate_int,2017,240.644
hkg,sex_m,age_10yrbands_y45_54,edu_aggregate_int,2018,236.022
hkg,sex_m,age_10yrbands_y45_54,edu_aggregate_int,2019,232.238
hkg,sex_m,age_10yrbands_y45_54,edu_aggregate_int,2020,223.878
hkg,sex_m,age_10yrbands_y45_54,edu_aggregate_int,2021,219.52
hkg,sex_m,age_10yrbands_y45_54,edu_aggregate_int,2022,219.246
hkg,sex_m,age_10yrbands_y45_54,edu_aggregate_int,2023,216.588
hkg,sex_m,age_10yrbands_y45_54,edu_aggregate_int,2024,211.481
hkg,sex_m,age_10yrbands_y45_54,edu_aggregate_total,2010,611.438
hkg,sex_m,age_10yrbands_y45_54,edu_aggregate_total,2011,604.503
hkg,sex_m,age_10yrbands_y45_54,edu_aggregate_total,2012,594.745
hkg,sex_m,age_10yrbands_y45_54,edu_aggregate_total,2013,580.95
hkg,sex_m,age_10yrbands_y45_54,edu_aggregate_total,2014,564.87
hkg,sex_m,age_10yrbands_y45_54,edu_aggregate_total,2015,546.641
hkg,sex_m,age_10yrbands_y45_54,edu_aggregate_total,2016,529.632
hkg,sex_m,age_10yrbands_y45_54,edu_aggregate_total,2017,518.681
hkg,sex_m,age_10yrbands_y45_54,edu_aggregate_total,2018,506.796
hkg,sex_m,age_10yrbands_y45_54,edu_aggregate_total,2019,500.992
hkg,sex_m,age_10yrbands_y45_54,edu_aggregate_total,2020,491.444
hkg,sex_m,age_10yrbands_y45_54,edu_aggregate_total,2021,483.338
hkg,sex_m,age_10yrbands_y45_54,edu_aggregate_total,2022,474.9
hkg,sex_m,age_10yrbands_y45_54,edu_aggregate_total,2023,477.087
hkg,sex_m,age_10yrbands_y45_54,edu_aggregate_total,2024,472.672
hkg,sex_m,age_10yrbands_y55_64,edu_aggregate_adv,2009,49.3
hkg,sex_m,age_10yrbands_y55_64,edu_aggregate_adv,2010,42.742
hkg,sex_m,age_10yrbands_y55_64,edu_aggregate_adv,2011,49.32
hkg,sex_m,age_10yrbands_y55_64,edu_aggregate_adv,2012,51.471
hkg,sex_m,age_10yrbands_y55_64,edu_aggregate_adv,2013,56.587
hkg,sex_m,age_10yrbands_y55_64,edu_aggregate_adv,2014,60.155
hkg,sex_m,age_10yrbands_y55_64,edu_aggregate_adv,2015,65.523
hkg,sex_m,age_10yrbands_y55_64,edu_aggregate_adv,2016,72.229
hkg,sex_m,age_10yrbands_y55_64,edu_aggregate_adv,2017,80.247
hkg,sex_m,age_10yrbands_y55_64,edu_aggregate_adv,2018,89.488
hkg,sex_m,age_10yrbands_y55_64,edu_aggregate_adv,2019,94.626
hkg,sex_m,age_10yrbands_y55_64,edu_aggregate_adv,2020,96.863
hkg,sex_m,age_10yrbands_y55_64,edu_aggregate_adv,2021,96.125
hkg,sex_m,age_10yrbands_y55_64,edu_aggregate_adv,2022,103.384
hkg,sex_m,age_10yrbands_y55_64,edu_aggregate_adv,2023,107.099
hkg,sex_m,age_10yrbands_y55_64,edu_aggregate_adv,2024,106.534
hkg,sex_m,age_10yrbands_y55_64,edu_aggregate_bas,2009,225.5
hkg,sex_m,age_10yrbands_y55_64,edu_aggregate_bas,2010,246.911
hkg,sex_m,age_10yrbands_y55_64,edu_aggregate_bas,2011,249.937
hkg,sex_m,age_10yrbands_y55_64,edu_aggregate_bas,2012,262.636
hkg,sex_m,age_10yrbands_y55_64,edu_aggregate_bas,2013,270.512
hkg,sex_m,age_10yrbands_y55_64,edu_aggregate_bas,2014,277.079
hkg,sex_m,age_10yrbands_y55_64,edu_aggregate_bas,2015,273.069
hkg,sex_m,age_10yrbands_y55_64,edu_aggregate_bas,2016,269.293
hkg,sex_m,age_10yrbands_y55_64,edu_aggregate_bas,2017,266.839
hkg,sex_m,age_10yrbands_y55_64,edu_aggregate_bas,2018,268.085
hkg,sex_m,age_10yrbands_y55_64,edu_aggregate_bas,2019,255.859
hkg,sex_m,age_10yrbands_y55_64,edu_aggregate_bas,2020,249.272
hkg,sex_m,age_10yrbands_y55_64,edu_aggregate_bas,2021,237.537
hkg,sex_m,age_10yrbands_y55_64,edu_aggregate_bas,2022,219.984
hkg,sex_m,age_10yrbands_y55_64,edu_aggregate_bas,2023,208.296
hkg,sex_m,age_10yrbands_y55_64,edu_aggregate_bas,2024,194.121
hkg,sex_m,age_10yrbands_y55_64,edu_aggregate_int,2009,118.6
hkg,sex_m,age_10yrbands_y55_64,edu_aggregate_int,2010,138.855
hkg,sex_m,age_10yrbands_y55_64,edu_aggregate_int,2011,156.302
hkg,sex_m,age_10yrbands_y55_64,edu_aggregate_int,2012,163.325
hkg,sex_m,age_10yrbands_y55_64,edu_aggregate_int,2013,170.172
hkg,sex_m,age_10yrbands_y55_64,edu_aggregate_int,2014,177.975
hkg,sex_m,age_10yrbands_y55_64,edu_aggregate_int,2015,192.684
hkg,sex_m,age_10yrbands_y55_64,edu_aggregate_int,2016,205.578
hkg,sex_m,age_10yrbands_y55_64,edu_aggregate_int,2017,215.731
hkg,sex_m,age_10yrbands_y55_64,edu_aggregate_int,2018,222.608
hkg,sex_m,age_10yrbands_y55_64,edu_aggregate_int,2019,237.744
hkg,sex_m,age_10yrbands_y55_64,edu_aggregate_int,2020,244.377
hkg,sex_m,age_10yrbands_y55_64,edu_aggregate_int,2021,246.254
hkg,sex_m,age_10yrbands_y55_64,edu_aggregate_int,2022,245.92
hkg,sex_m,age_10yrbands_y55_64,edu_aggregate_int,2023,247.722
hkg,sex_m,age_10yrbands_y55_64,edu_aggregate_int,2024,245.794
hkg,sex_m,age_10yrbands_y55_64,edu_aggregate_ltb,2009,10.1
hkg,sex_m,age_10yrbands_y55_64,edu_aggregate_total,2009,403.4
hkg,sex_m,age_10yrbands_y55_64,edu_aggregate_total,2010,428.508
hkg,sex_m,age_10yrbands_y55_64,edu_aggregate_total,2011,455.559
hkg,sex_m,age_10yrbands_y55_64,edu_aggregate_total,2012,477.433
hkg,sex_m,age_10yrbands_y55_64,edu_aggregate_total,2013,497.272
hkg,sex_m,age_10yrbands_y55_64,edu_aggregate_total,2014,515.209
hkg,sex_m,age_10yrbands_y55_64,edu_aggregate_total,2015,531.276
hkg,sex_m,age_10yrbands_y55_64,edu_aggregate_total,2016,547.099
hkg,sex_m,age_10yrbands_y55_64,edu_aggregate_total,2017,562.817
hkg,sex_m,age_10yrbands_y55_64,edu_aggregate_total,2018,580.182
hkg,sex_m,age_10yrbands_y55_64,edu_aggregate_total,2019,588.23
hkg,sex_m,age_10yrbands_y55_64,edu_aggregate_total,2020,590.511
hkg,sex_m,age_10yrbands_y55_64,edu_aggregate_total,2021,579.916
hkg,sex_m,age_10yrbands_y55_64,edu_aggregate_total,2022,569.288
hkg,sex_m,age_10yrbands_y55_64,edu_aggregate_total,2023,563.118
hkg,sex_m,age_10yrbands_y55_64,edu_aggregate_total,2024,546.449
hkg,sex_m,age_10yrbands_y55_64,edu_isced97_1,2009,139.1
hkg,sex_m,age_10yrbands_y55_64,edu_isced97_2,2009,86.4
hkg,sex_m,age_10yrbands_y55_64,edu_isced97_3,2009,100.9
hkg,sex_m,age_10yrbands_y55_64,edu_isced97_4,2009,17.7
hkg,sex_m,age_10yrbands_y55_64,edu_isced97_5,2009,40.3
hkg,sex_m,age_10yrbands_y55_64,edu_isced97_6,2009,9
hkg,sex_m,age_10yrbands_y55_64,edu_isced97_total,2009,403.4
hkg,sex_m,age_10yrbands_y55_64,edu_isced97_x,2009,10.1
hkg,sex_m,age_10yrbands_yge65,edu_aggregate_adv,2009,36.9
hkg,sex_m,age_10yrbands_yge65,edu_aggregate_adv,2010,29.408
hkg,sex_m,age_10yrbands_yge65,edu_aggregate_adv,2011,33.527
hkg,sex_m,age_10yrbands_yge65,edu_aggregate_adv,2012,34.333
hkg,sex_m,age_10yrbands_yge65,edu_aggregate_adv,2013,38.014
hkg,sex_m,age_10yrbands_yge65,edu_aggregate_adv,2014,41.111
hkg,sex_m,age_10yrbands_yge65,edu_aggregate_adv,2015,44.469
hkg,sex_m,age_10yrbands_yge65,edu_aggregate_adv,2016,45.17
hkg,sex_m,age_10yrbands_yge65,edu_aggregate_adv,2017,46.42
hkg,sex_m,age_10yrbands_yge65,edu_aggregate_adv,2018,52.626
hkg,sex_m,age_10yrbands_yge65,edu_aggregate_adv,2019,54.504
hkg,sex_m,age_10yrbands_yge65,edu_aggregate_adv,2020,57.11
hkg,sex_m,age_10yrbands_yge65,edu_aggregate_adv,2021,56.551
hkg,sex_m,age_10yrbands_yge65,edu_aggregate_adv,2022,67.056
hkg,sex_m,age_10yrbands_yge65,edu_aggregate_adv,2023,76.489
hkg,sex_m,age_10yrbands_yge65,edu_aggregate_adv,2024,79.509
hkg,sex_m,age_10yrbands_yge65,edu_aggregate_bas,2009,241.1
hkg,sex_m,age_10yrbands_yge65,edu_aggregate_bas,2010,301.628
hkg,sex_m,age_10yrbands_yge65,edu_aggregate_bas,2011,301.821
hkg,sex_m,age_10yrbands_yge65,edu_aggregate_bas,2012,305.452
hkg,sex_m,age_10yrbands_yge65,edu_aggregate_bas,2013,312.28
hkg,sex_m,age_10yrbands_yge65,edu_aggregate_bas,2014,321.51
hkg,sex_m,age_10yrbands_yge65,edu_aggregate_bas,2015,330.644
hkg,sex_m,age_10yrbands_yge65,edu_aggregate_bas,2016,350.197
hkg,sex_m,age_10yrbands_yge65,edu_aggregate_bas,2017,361.767
hkg,sex_m,age_10yrbands_yge65,edu_aggregate_bas,2018,373.087
hkg,sex_m,age_10yrbands_yge65,edu_aggregate_bas,2019,389.336
hkg,sex_m,age_10yrbands_yge65,edu_aggregate_bas,2020,398.736
hkg,sex_m,age_10yrbands_yge65,edu_aggregate_bas,2021,422.889
hkg,sex_m,age_10yrbands_yge65,edu_aggregate_bas,2022,440.875
hkg,sex_m,age_10yrbands_yge65,edu_aggregate_bas,2023,454.065
hkg,sex_m,age_10yrbands_yge65,edu_aggregate_bas,2024,468.394
hkg,sex_m,age_10yrbands_yge65,edu_aggregate_int,2009,62.7
hkg,sex_m,age_10yrbands_yge65,edu_aggregate_int,2010,75.22
hkg,sex_m,age_10yrbands_yge65,edu_aggregate_int,2011,82.349
hkg,sex_m,age_10yrbands_yge65,edu_aggregate_int,2012,93.361
hkg,sex_m,age_10yrbands_yge65,edu_aggregate_int,2013,102.418
hkg,sex_m,age_10yrbands_yge65,edu_aggregate_int,2014,110.602
hkg,sex_m,age_10yrbands_yge65,edu_aggregate_int,2015,122.634
hkg,sex_m,age_10yrbands_yge65,edu_aggregate_int,2016,125.158
hkg,sex_m,age_10yrbands_yge65,edu_aggregate_int,2017,136.658
hkg,sex_m,age_10yrbands_yge65,edu_aggregate_int,2018,143.808
hkg,sex_m,age_10yrbands_yge65,edu_aggregate_int,2019,152.937
hkg,sex_m,age_10yrbands_yge65,edu_aggregate_int,2020,169.444
hkg,sex_m,age_10yrbands_yge65,edu_aggregate_int,2021,179.45
hkg,sex_m,age_10yrbands_yge65,edu_aggregate_int,2022,185.414
hkg,sex_m,age_10yrbands_yge65,edu_aggregate_int,2023,215.25
hkg,sex_m,age_10yrbands_yge65,edu_aggregate_int,2024,231.585
hkg,sex_m,age_10yrbands_yge65,edu_aggregate_ltb,2009,55.6
hkg,sex_m,age_10yrbands_yge65,edu_aggregate_total,2009,396.4
hkg,sex_m,age_10yrbands_yge65,edu_aggregate_total,2010,406.256
hkg,sex_m,age_10yrbands_yge65,edu_aggregate_total,2011,417.697
hkg,sex_m,age_10yrbands_yge65,edu_aggregate_total,2012,433.145
hkg,sex_m,age_10yrbands_yge65,edu_aggregate_total,2013,452.713
hkg,sex_m,age_10yrbands_yge65,edu_aggregate_total,2014,473.223
hkg,sex_m,age_10yrbands_yge65,edu_aggregate_total,2015,497.747
hkg,sex_m,age_10yrbands_yge65,edu_aggregate_total,2016,520.525
hkg,sex_m,age_10yrbands_yge65,edu_aggregate_total,2017,544.846
hkg,sex_m,age_10yrbands_yge65,edu_aggregate_total,2018,569.521
hkg,sex_m,age_10yrbands_yge65,edu_aggregate_total,2019,596.777
hkg,sex_m,age_10yrbands_yge65,edu_aggregate_total,2020,625.289
hkg,sex_m,age_10yrbands_yge65,edu_aggregate_total,2021,658.889
hkg,sex_m,age_10yrbands_yge65,edu_aggregate_total,2022,693.345
hkg,sex_m,age_10yrbands_yge65,edu_aggregate_total,2023,745.804
hkg,sex_m,age_10yrbands_yge65,edu_aggregate_total,2024,779.488
hkg,sex_m,age_10yrbands_yge65,edu_isced97_1,2009,186.4
hkg,sex_m,age_10yrbands_yge65,edu_isced97_2,2009,54.7
hkg,sex_m,age_10yrbands_yge65,edu_isced97_3,2009,52.5
hkg,sex_m,age_10yrbands_yge65,edu_isced97_4,2009,10.2
hkg,sex_m,age_10yrbands_yge65,edu_isced97_5,2009,34.4
hkg,sex_m,age_10yrbands_yge65,edu_isced97_6,2009,2.5
hkg,sex_m,age_10yrbands_yge65,edu_isced97_total,2009,396.4
hkg,sex_m,age_10yrbands_yge65,edu_isced97_x,2009,55.6
hkg,sex_m,age_aggregate_total,edu_aggregate_adv,2009,674.7
hkg,sex_m,age_aggregate_total,edu_aggregate_adv,2010,573.936
hkg,sex_m,age_aggregate_total,edu_aggregate_adv,2011,610.516
hkg,sex_m,age_aggregate_total,edu_aggregate_adv,2012,640.314
hkg,sex_m,age_aggregate_total,edu_aggregate_adv,2013,670.471
hkg,sex_m,age_aggregate_total,edu_aggregate_adv,2014,696.602
hkg,sex_m,age_aggregate_total,edu_aggregate_adv,2015,744.869
hkg,sex_m,age_aggregate_total,edu_aggregate_adv,2016,760.069
hkg,sex_m,age_aggregate_total,edu_aggregate_adv,2017,785.011
hkg,sex_m,age_aggregate_total,edu_aggregate_adv,2018,808.5
hkg,sex_m,age_aggregate_total,edu_aggregate_adv,2019,808.129
hkg,sex_m,age_aggregate_total,edu_aggregate_adv,2020,819.05
hkg,sex_m,age_aggregate_total,edu_aggregate_adv,2021,794.99
hkg,sex_m,age_aggregate_total,edu_aggregate_adv,2022,806.652
hkg,sex_m,age_aggregate_total,edu_aggregate_adv,2023,859.761
hkg,sex_m,age_aggregate_total,edu_aggregate_adv,2024,866.112
hkg,sex_m,age_aggregate_total,edu_aggregate_bas,2009,953.8
hkg,sex_m,age_aggregate_total,edu_aggregate_bas,2010,1010.55
hkg,sex_m,age_aggregate_total,edu_aggregate_bas,2011,976.772
hkg,sex_m,age_aggregate_total,edu_aggregate_bas,2012,962.718
hkg,sex_m,age_aggregate_total,edu_aggregate_bas,2013,954.336
hkg,sex_m,age_aggregate_total,edu_aggregate_bas,2014,947.076
hkg,sex_m,age_aggregate_total,edu_aggregate_bas,2015,925.131
hkg,sex_m,age_aggregate_total,edu_aggregate_bas,2016,921.885
hkg,sex_m,age_aggregate_total,edu_aggregate_bas,2017,913.004
hkg,sex_m,age_aggregate_total,edu_aggregate_bas,2018,905.846
hkg,sex_m,age_aggregate_total,edu_aggregate_bas,2019,909.198
hkg,sex_m,age_aggregate_total,edu_aggregate_bas,2020,893.186
hkg,sex_m,age_aggregate_total,edu_aggregate_bas,2021,897.384
hkg,sex_m,age_aggregate_total,edu_aggregate_bas,2022,888.215
hkg,sex_m,age_aggregate_total,edu_aggregate_bas,2023,884.102
hkg,sex_m,age_aggregate_total,edu_aggregate_bas,2024,872.426
hkg,sex_m,age_aggregate_total,edu_aggregate_int,2009,1099.6
hkg,sex_m,age_aggregate_total,edu_aggregate_int,2010,1234.495
hkg,sex_m,age_aggregate_total,edu_aggregate_int,2011,1252.478
hkg,sex_m,age_aggregate_total,edu_aggregate_int,2012,1265.412
hkg,sex_m,age_aggregate_total,edu_aggregate_int,2013,1255.793
hkg,sex_m,age_aggregate_total,edu_aggregate_int,2014,1247.16
hkg,sex_m,age_aggregate_total,edu_aggregate_int,2015,1231.637
hkg,sex_m,age_aggregate_total,edu_aggregate_int,2016,1227.301
hkg,sex_m,age_aggregate_total,edu_aggregate_int,2017,1224.835
hkg,sex_m,age_aggregate_total,edu_aggregate_int,2018,1221.406
hkg,sex_m,age_aggregate_total,edu_aggregate_int,2019,1228.186
hkg,sex_m,age_aggregate_total,edu_aggregate_int,2020,1235.164
hkg,sex_m,age_aggregate_total,edu_aggregate_int,2021,1232.468
hkg,sex_m,age_aggregate_total,edu_aggregate_int,2022,1219.621
hkg,sex_m,age_aggregate_total,edu_aggregate_int,2023,1245.649
hkg,sex_m,age_aggregate_total,edu_aggregate_int,2024,1248.184
hkg,sex_m,age_aggregate_total,edu_aggregate_ltb,2009,72.1
hkg,sex_m,age_aggregate_total,edu_aggregate_total,2009,2800.3
hkg,sex_m,age_aggregate_total,edu_aggregate_total,2010,2818.981
hkg,sex_m,age_aggregate_total,edu_aggregate_total,2011,2839.766
hkg,sex_m,age_aggregate_total,edu_aggregate_total,2012,2868.444
hkg,sex_m,age_aggregate_total,edu_aggregate_total,2013,2880.601
hkg,sex_m,age_aggregate_total,edu_aggregate_total,2014,2890.838
hkg,sex_m,age_aggregate_total,edu_aggregate_total,2015,2901.637
hkg,sex_m,age_aggregate_total,edu_aggregate_total,2016,2909.255
hkg,sex_m,age_aggregate_total,edu_aggregate_total,2017,2922.85
hkg,sex_m,age_aggregate_total,edu_aggregate_total,2018,2935.753
hkg,sex_m,age_aggregate_total,edu_aggregate_total,2019,2945.513
hkg,sex_m,age_aggregate_total,edu_aggregate_total,2020,2947.401
hkg,sex_m,age_aggregate_total,edu_aggregate_total,2021,2924.842
hkg,sex_m,age_aggregate_total,edu_aggregate_total,2022,2914.488
hkg,sex_m,age_aggregate_total,edu_aggregate_total,2023,2989.513
hkg,sex_m,age_aggregate_total,edu_aggregate_total,2024,2986.722
hkg,sex_m,age_aggregate_total,edu_isced97_0,2009,0.1
hkg,sex_m,age_aggregate_total,edu_isced97_1,2009,463.6
hkg,sex_m,age_aggregate_total,edu_isced97_2,2009,490.2
hkg,sex_m,age_aggregate_total,edu_isced97_3,2009,947.5
hkg,sex_m,age_aggregate_total,edu_isced97_4,2009,152.1
hkg,sex_m,age_aggregate_total,edu_isced97_5,2009,556.2
hkg,sex_m,age_aggregate_total,edu_isced97_6,2009,118.5
hkg,sex_m,age_aggregate_total,edu_isced97_total,2009,2800.3
hkg,sex_m,age_aggregate_total,edu_isced97_x,2009,72
hkg,sex_m,age_aggregate_y15_24,edu_aggregate_adv,2009,125.7
hkg,sex_m,age_aggregate_y15_24,edu_aggregate_adv,2010,95.317
hkg,sex_m,age_aggregate_y15_24,edu_aggregate_adv,2011,98.003
hkg,sex_m,age_aggregate_y15_24,edu_aggregate_adv,2012,107.252
hkg,sex_m,age_aggregate_y15_24,edu_aggregate_adv,2013,116.463
hkg,sex_m,age_aggregate_y15_24,edu_aggregate_adv,2014,120.523
hkg,sex_m,age_aggregate_y15_24,edu_aggregate_adv,2015,129.419
hkg,sex_m,age_aggregate_y15_24,edu_aggregate_adv,2016,134.232
hkg,sex_m,age_aggregate_y15_24,edu_aggregate_adv,2017,130.48
hkg,sex_m,age_aggregate_y15_24,edu_aggregate_adv,2018,131.608
hkg,sex_m,age_aggregate_y15_24,edu_aggregate_adv,2019,124.334
hkg,sex_m,age_aggregate_y15_24,edu_aggregate_adv,2020,115.053
hkg,sex_m,age_aggregate_y15_24,edu_aggregate_adv,2021,106.519
hkg,sex_m,age_aggregate_y15_24,edu_aggregate_adv,2022,107.963
hkg,sex_m,age_aggregate_y15_24,edu_aggregate_adv,2023,123.15
hkg,sex_m,age_aggregate_y15_24,edu_aggregate_adv,2024,117.515
hkg,sex_m,age_aggregate_y15_24,edu_aggregate_bas,2009,50.4
hkg,sex_m,age_aggregate_y15_24,edu_aggregate_bas,2010,50.149
hkg,sex_m,age_aggregate_y15_24,edu_aggregate_bas,2011,48.115
hkg,sex_m,age_aggregate_y15_24,edu_aggregate_bas,2012,45.627
hkg,sex_m,age_aggregate_y15_24,edu_aggregate_bas,2013,39.492
hkg,sex_m,age_aggregate_y15_24,edu_aggregate_bas,2014,38.023
hkg,sex_m,age_aggregate_y15_24,edu_aggregate_bas,2015,34.113
hkg,sex_m,age_aggregate_y15_24,edu_aggregate_bas,2016,30.778
hkg,sex_m,age_aggregate_y15_24,edu_aggregate_bas,2017,30.702
hkg,sex_m,age_aggregate_y15_24,edu_aggregate_bas,2018,25.5
hkg,sex_m,age_aggregate_y15_24,edu_aggregate_bas,2019,25.581
hkg,sex_m,age_aggregate_y15_24,edu_aggregate_bas,2020,23.308
hkg,sex_m,age_aggregate_y15_24,edu_aggregate_bas,2021,22.41
hkg,sex_m,age_aggregate_y15_24,edu_aggregate_bas,2022,22.679
hkg,sex_m,age_aggregate_y15_24,edu_aggregate_bas,2023,22.846
hkg,sex_m,age_aggregate_y15_24,edu_aggregate_bas,2024,22.375
hkg,sex_m,age_aggregate_y15_24,edu_aggregate_int,2009,261.8
hkg,sex_m,age_aggregate_y15_24,edu_aggregate_int,2010,292.002
hkg,sex_m,age_aggregate_y15_24,edu_aggregate_int,2011,290.272
hkg,sex_m,age_aggregate_y15_24,edu_aggregate_int,2012,286.304
hkg,sex_m,age_aggregate_y15_24,edu_aggregate_int,2013,276.634
hkg,sex_m,age_aggregate_y15_24,edu_aggregate_int,2014,261.566
hkg,sex_m,age_aggregate_y15_24,edu_aggregate_int,2015,243.678
hkg,sex_m,age_aggregate_y15_24,edu_aggregate_int,2016,229.656
hkg,sex_m,age_aggregate_y15_24,edu_aggregate_int,2017,214.899
hkg,sex_m,age_aggregate_y15_24,edu_aggregate_int,2018,201.775
hkg,sex_m,age_aggregate_y15_24,edu_aggregate_int,2019,187.789
hkg,sex_m,age_aggregate_y15_24,edu_aggregate_int,2020,180.381
hkg,sex_m,age_aggregate_y15_24,edu_aggregate_int,2021,168.517
hkg,sex_m,age_aggregate_y15_24,edu_aggregate_int,2022,157.937
hkg,sex_m,age_aggregate_y15_24,edu_aggregate_int,2023,161.252
hkg,sex_m,age_aggregate_y15_24,edu_aggregate_int,2024,161.696
hkg,sex_m,age_aggregate_y15_24,edu_aggregate_total,2009,438.1
hkg,sex_m,age_aggregate_y15_24,edu_aggregate_total,2010,437.468
hkg,sex_m,age_aggregate_y15_24,edu_aggregate_total,2011,436.391
hkg,sex_m,age_aggregate_y15_24,edu_aggregate_total,2012,439.183
hkg,sex_m,age_aggregate_y15_24,edu_aggregate_total,2013,432.589
hkg,sex_m,age_aggregate_y15_24,edu_aggregate_total,2014,420.112
hkg,sex_m,age_aggregate_y15_24,edu_aggregate_total,2015,407.21
hkg,sex_m,age_aggregate_y15_24,edu_aggregate_total,2016,394.665
hkg,sex_m,age_aggregate_y15_24,edu_aggregate_total,2017,376.082
hkg,sex_m,age_aggregate_y15_24,edu_aggregate_total,2018,358.882
hkg,sex_m,age_aggregate_y15_24,edu_aggregate_total,2019,337.704
hkg,sex_m,age_aggregate_y15_24,edu_aggregate_total,2020,318.743
hkg,sex_m,age_aggregate_y15_24,edu_aggregate_total,2021,297.446
hkg,sex_m,age_aggregate_y15_24,edu_aggregate_total,2022,288.579
hkg,sex_m,age_aggregate_y15_24,edu_aggregate_total,2023,307.247
hkg,sex_m,age_aggregate_y15_24,edu_aggregate_total,2024,301.586
hkg,sex_m,age_aggregate_y15_24,edu_isced97_1,2009,1
hkg,sex_m,age_aggregate_y15_24,edu_isced97_2,2009,49.4
hkg,sex_m,age_aggregate_y15_24,edu_isced97_3,2009,212
hkg,sex_m,age_aggregate_y15_24,edu_isced97_4,2009,49.8
hkg,sex_m,age_aggregate_y15_24,edu_isced97_5,2009,119.4
hkg,sex_m,age_aggregate_y15_24,edu_isced97_6,2009,6.3
hkg,sex_m,age_aggregate_y15_24,edu_isced97_total,2009,438.1
hkg,sex_m,age_aggregate_y25_54,edu_aggregate_adv,2010,406.469
hkg,sex_m,age_aggregate_y25_54,edu_aggregate_adv,2011,429.666
hkg,sex_m,age_aggregate_y25_54,edu_aggregate_adv,2012,447.258
hkg,sex_m,age_aggregate_y25_54,edu_aggregate_adv,2013,459.408
hkg,sex_m,age_aggregate_y25_54,edu_aggregate_adv,2014,474.813
hkg,sex_m,age_aggregate_y25_54,edu_aggregate_adv,2015,505.458
hkg,sex_m,age_aggregate_y25_54,edu_aggregate_adv,2016,508.438
hkg,sex_m,age_aggregate_y25_54,edu_aggregate_adv,2017,527.863
hkg,sex_m,age_aggregate_y25_54,edu_aggregate_adv,2018,534.778
hkg,sex_m,age_aggregate_y25_54,edu_aggregate_adv,2019,534.665
hkg,sex_m,age_aggregate_y25_54,edu_aggregate_adv,2020,550.024
hkg,sex_m,age_aggregate_y25_54,edu_aggregate_adv,2021,535.796
hkg,sex_m,age_aggregate_y25_54,edu_aggregate_adv,2022,528.25
hkg,sex_m,age_aggregate_y25_54,edu_aggregate_adv,2023,553.024
hkg,sex_m,age_aggregate_y25_54,edu_aggregate_adv,2024,562.555
hkg,sex_m,age_aggregate_y25_54,edu_aggregate_bas,2010,411.862
hkg,sex_m,age_aggregate_y25_54,edu_aggregate_bas,2011,376.898
hkg,sex_m,age_aggregate_y25_54,edu_aggregate_bas,2012,349.003
hkg,sex_m,age_aggregate_y25_54,edu_aggregate_bas,2013,332.052
hkg,sex_m,age_aggregate_y25_54,edu_aggregate_bas,2014,310.463
hkg,sex_m,age_aggregate_y25_54,edu_aggregate_bas,2015,287.305
hkg,sex_m,age_aggregate_y25_54,edu_aggregate_bas,2016,271.618
hkg,sex_m,age_aggregate_y25_54,edu_aggregate_bas,2017,253.695
hkg,sex_m,age_aggregate_y25_54,edu_aggregate_bas,2018,239.175
hkg,sex_m,age_aggregate_y25_54,edu_aggregate_bas,2019,238.421
hkg,sex_m,age_aggregate_y25_54,edu_aggregate_bas,2020,221.87
hkg,sex_m,age_aggregate_y25_54,edu_aggregate_bas,2021,214.547
hkg,sex_m,age_aggregate_y25_54,edu_aggregate_bas,2022,204.677
hkg,sex_m,age_aggregate_y25_54,edu_aggregate_bas,2023,198.896
hkg,sex_m,age_aggregate_y25_54,edu_aggregate_bas,2024,187.536
hkg,sex_m,age_aggregate_y25_54,edu_aggregate_int,2010,728.418
hkg,sex_m,age_aggregate_y25_54,edu_aggregate_int,2011,723.555
hkg,sex_m,age_aggregate_y25_54,edu_aggregate_int,2012,722.421
hkg,sex_m,age_aggregate_y25_54,edu_aggregate_int,2013,706.568
hkg,sex_m,age_aggregate_y25_54,edu_aggregate_int,2014,697.018
hkg,sex_m,age_aggregate_y25_54,edu_aggregate_int,2015,672.64
hkg,sex_m,age_aggregate_y25_54,edu_aggregate_int,2016,666.909
hkg,sex_m,age_aggregate_y25_54,edu_aggregate_int,2017,657.547
hkg,sex_m,age_aggregate_y25_54,edu_aggregate_int,2018,653.214
hkg,sex_m,age_aggregate_y25_54,edu_aggregate_int,2019,649.716
hkg,sex_m,age_aggregate_y25_54,edu_aggregate_int,2020,640.962
hkg,sex_m,age_aggregate_y25_54,edu_aggregate_int,2021,638.248
hkg,sex_m,age_aggregate_y25_54,edu_aggregate_int,2022,630.349
hkg,sex_m,age_aggregate_y25_54,edu_aggregate_int,2023,621.425
hkg,sex_m,age_aggregate_y25_54,edu_aggregate_int,2024,609.109
hkg,sex_m,age_aggregate_y25_54,edu_aggregate_total,2010,1546.749
hkg,sex_m,age_aggregate_y25_54,edu_aggregate_total,2011,1530.119
hkg,sex_m,age_aggregate_y25_54,edu_aggregate_total,2012,1518.682
hkg,sex_m,age_aggregate_y25_54,edu_aggregate_total,2013,1498.027
hkg,sex_m,age_aggregate_y25_54,edu_aggregate_total,2014,1482.293
hkg,sex_m,age_aggregate_y25_54,edu_aggregate_total,2015,1465.404
hkg,sex_m,age_aggregate_y25_54,edu_aggregate_total,2016,1446.966
hkg,sex_m,age_aggregate_y25_54,edu_aggregate_total,2017,1439.105
hkg,sex_m,age_aggregate_y25_54,edu_aggregate_total,2018,1427.168
hkg,sex_m,age_aggregate_y25_54,edu_aggregate_total,2019,1422.802
hkg,sex_m,age_aggregate_y25_54,edu_aggregate_total,2020,1412.857
hkg,sex_m,age_aggregate_y25_54,edu_aggregate_total,2021,1388.592
hkg,sex_m,age_aggregate_y25_54,edu_aggregate_total,2022,1363.275
hkg,sex_m,age_aggregate_y25_54,edu_aggregate_total,2023,1373.344
hkg,sex_m,age_aggregate_y25_54,edu_aggregate_total,2024,1359.199
hkg,sex_m,age_aggregate_y55_64,edu_aggregate_adv,2009,49.3
hkg,sex_m,age_aggregate_y55_64,edu_aggregate_adv,2010,42.742
hkg,sex_m,age_aggregate_y55_64,edu_aggregate_adv,2011,49.32
hkg,sex_m,age_aggregate_y55_64,edu_aggregate_adv,2012,51.471
hkg,sex_m,age_aggregate_y55_64,edu_aggregate_adv,2013,56.587
hkg,sex_m,age_aggregate_y55_64,edu_aggregate_adv,2014,60.155
hkg,sex_m,age_aggregate_y55_64,edu_aggregate_adv,2015,65.523
hkg,sex_m,age_aggregate_y55_64,edu_aggregate_adv,2016,72.229
hkg,sex_m,age_aggregate_y55_64,edu_aggregate_adv,2017,80.247
hkg,sex_m,age_aggregate_y55_64,edu_aggregate_adv,2018,89.488
hkg,sex_m,age_aggregate_y55_64,edu_aggregate_adv,2019,94.626
hkg,sex_m,age_aggregate_y55_64,edu_aggregate_adv,2020,96.863
hkg,sex_m,age_aggregate_y55_64,edu_aggregate_adv,2021,96.125
hkg,sex_m,age_aggregate_y55_64,edu_aggregate_adv,2022,103.384
hkg,sex_m,age_aggregate_y55_64,edu_aggregate_adv,2023,107.099
hkg,sex_m,age_aggregate_y55_64,edu_aggregate_adv,2024,106.534
hkg,sex_m,age_aggregate_y55_64,edu_aggregate_bas,2009,225.5
hkg,sex_m,age_aggregate_y55_64,edu_aggregate_bas,2010,246.911
hkg,sex_m,age_aggregate_y55_64,edu_aggregate_bas,2011,249.937
hkg,sex_m,age_aggregate_y55_64,edu_aggregate_bas,2012,262.636
hkg,sex_m,age_aggregate_y55_64,edu_aggregate_bas,2013,270.512
hkg,sex_m,age_aggregate_y55_64,edu_aggregate_bas,2014,277.079
hkg,sex_m,age_aggregate_y55_64,edu_aggregate_bas,2015,273.069
hkg,sex_m,age_aggregate_y55_64,edu_aggregate_bas,2016,269.293
hkg,sex_m,age_aggregate_y55_64,edu_aggregate_bas,2017,266.839
hkg,sex_m,age_aggregate_y55_64,edu_aggregate_bas,2018,268.085
hkg,sex_m,age_aggregate_y55_64,edu_aggregate_bas,2019,255.859
hkg,sex_m,age_aggregate_y55_64,edu_aggregate_bas,2020,249.272
hkg,sex_m,age_aggregate_y55_64,edu_aggregate_bas,2021,237.537
hkg,sex_m,age_aggregate_y55_64,edu_aggregate_bas,2022,219.984
hkg,sex_m,age_aggregate_y55_64,edu_aggregate_bas,2023,208.296
hkg,sex_m,age_aggregate_y55_64,edu_aggregate_bas,2024,194.121
hkg,sex_m,age_aggregate_y55_64,edu_aggregate_int,2009,118.6
hkg,sex_m,age_aggregate_y55_64,edu_aggregate_int,2010,138.855
hkg,sex_m,age_aggregate_y55_64,edu_aggregate_int,2011,156.302
hkg,sex_m,age_aggregate_y55_64,edu_aggregate_int,2012,163.325
hkg,sex_m,age_aggregate_y55_64,edu_aggregate_int,2013,170.172
hkg,sex_m,age_aggregate_y55_64,edu_aggregate_int,2014,177.975
hkg,sex_m,age_aggregate_y55_64,edu_aggregate_int,2015,192.684
hkg,sex_m,age_aggregate_y55_64,edu_aggregate_int,2016,205.578
hkg,sex_m,age_aggregate_y55_64,edu_aggregate_int,2017,215.731
hkg,sex_m,age_aggregate_y55_64,edu_aggregate_int,2018,222.608
hkg,sex_m,age_aggregate_y55_64,edu_aggregate_int,2019,237.744
hkg,sex_m,age_aggregate_y55_64,edu_aggregate_int,2020,244.377
hkg,sex_m,age_aggregate_y55_64,edu_aggregate_int,2021,246.254
hkg,sex_m,age_aggregate_y55_64,edu_aggregate_int,2022,245.92
hkg,sex_m,age_aggregate_y55_64,edu_aggregate_int,2023,247.722
hkg,sex_m,age_aggregate_y55_64,edu_aggregate_int,2024,245.794
hkg,sex_m,age_aggregate_y55_64,edu_aggregate_ltb,2009,10.1
hkg,sex_m,age_aggregate_y55_64,edu_aggregate_total,2009,403.4
hkg,sex_m,age_aggregate_y55_64,edu_aggregate_total,2010,428.508
hkg,sex_m,age_aggregate_y55_64,edu_aggregate_total,2011,455.559
hkg,sex_m,age_aggregate_y55_64,edu_aggregate_total,2012,477.433
hkg,sex_m,age_aggregate_y55_64,edu_aggregate_total,2013,497.272
hkg,sex_m,age_aggregate_y55_64,edu_aggregate_total,2014,515.209
hkg,sex_m,age_aggregate_y55_64,edu_aggregate_total,2015,531.276
hkg,sex_m,age_aggregate_y55_64,edu_aggregate_total,2016,547.099
hkg,sex_m,age_aggregate_y55_64,edu_aggregate_total,2017,562.817
hkg,sex_m,age_aggregate_y55_64,edu_aggregate_total,2018,580.182
hkg,sex_m,age_aggregate_y55_64,edu_aggregate_total,2019,588.23
hkg,sex_m,age_aggregate_y55_64,edu_aggregate_total,2020,590.511
hkg,sex_m,age_aggregate_y55_64,edu_aggregate_total,2021,579.916
hkg,sex_m,age_aggregate_y55_64,edu_aggregate_total,2022,569.288
hkg,sex_m,age_aggregate_y55_64,edu_aggregate_total,2023,563.118
hkg,sex_m,age_aggregate_y55_64,edu_aggregate_total,2024,546.449
hkg,sex_m,age_aggregate_y55_64,edu_isced97_1,2009,139.1
hkg,sex_m,age_aggregate_y55_64,edu_isced97_2,2009,86.4
hkg,sex_m,age_aggregate_y55_64,edu_isced97_3,2009,100.9
hkg,sex_m,age_aggregate_y55_64,edu_isced97_4,2009,17.7
hkg,sex_m,age_aggregate_y55_64,edu_isced97_5,2009,40.3
hkg,sex_m,age_aggregate_y55_64,edu_isced97_6,2009,9
hkg,sex_m,age_aggregate_y55_64,edu_isced97_total,2009,403.4
hkg,sex_m,age_aggregate_y55_64,edu_isced97_x,2009,10.1
hkg,sex_m,age_aggregate_yge65,edu_aggregate_adv,2009,36.9
hkg,sex_m,age_aggregate_yge65,edu_aggregate_adv,2010,29.408
hkg,sex_m,age_aggregate_yge65,edu_aggregate_adv,2011,33.527
hkg,sex_m,age_aggregate_yge65,edu_aggregate_adv,2012,34.333
hkg,sex_m,age_aggregate_yge65,edu_aggregate_adv,2013,38.014
hkg,sex_m,age_aggregate_yge65,edu_aggregate_adv,2014,41.111
hkg,sex_m,age_aggregate_yge65,edu_aggregate_adv,2015,44.469
hkg,sex_m,age_aggregate_yge65,edu_aggregate_adv,2016,45.17
hkg,sex_m,age_aggregate_yge65,edu_aggregate_adv,2017,46.42
hkg,sex_m,age_aggregate_yge65,edu_aggregate_adv,2018,52.626
hkg,sex_m,age_aggregate_yge65,edu_aggregate_adv,2019,54.504
hkg,sex_m,age_aggregate_yge65,edu_aggregate_adv,2020,57.11
hkg,sex_m,age_aggregate_yge65,edu_aggregate_adv,2021,56.551
hkg,sex_m,age_aggregate_yge65,edu_aggregate_adv,2022,67.056
hkg,sex_m,age_aggregate_yge65,edu_aggregate_adv,2023,76.489
hkg,sex_m,age_aggregate_yge65,edu_aggregate_adv,2024,79.509
hkg,sex_m,age_aggregate_yge65,edu_aggregate_bas,2009,241.1
hkg,sex_m,age_aggregate_yge65,edu_aggregate_bas,2010,301.628
hkg,sex_m,age_aggregate_yge65,edu_aggregate_bas,2011,301.821
hkg,sex_m,age_aggregate_yge65,edu_aggregate_bas,2012,305.452
hkg,sex_m,age_aggregate_yge65,edu_aggregate_bas,2013,312.28
hkg,sex_m,age_aggregate_yge65,edu_aggregate_bas,2014,321.51
hkg,sex_m,age_aggregate_yge65,edu_aggregate_bas,2015,330.644
hkg,sex_m,age_aggregate_yge65,edu_aggregate_bas,2016,350.197
hkg,sex_m,age_aggregate_yge65,edu_aggregate_bas,2017,361.767
hkg,sex_m,age_aggregate_yge65,edu_aggregate_bas,2018,373.087
hkg,sex_m,age_aggregate_yge65,edu_aggregate_bas,2019,389.336
hkg,sex_m,age_aggregate_yge65,edu_aggregate_bas,2020,398.736
hkg,sex_m,age_aggregate_yge65,edu_aggregate_bas,2021,422.889
hkg,sex_m,age_aggregate_yge65,edu_aggregate_bas,2022,440.875
hkg,sex_m,age_aggregate_yge65,edu_aggregate_bas,2023,454.065
hkg,sex_m,age_aggregate_yge65,edu_aggregate_bas,2024,468.394
hkg,sex_m,age_aggregate_yge65,edu_aggregate_int,2009,62.7
hkg,sex_m,age_aggregate_yge65,edu_aggregate_int,2010,75.22
hkg,sex_m,age_aggregate_yge65,edu_aggregate_int,2011,82.349
hkg,sex_m,age_aggregate_yge65,edu_aggregate_int,2012,93.361
hkg,sex_m,age_aggregate_yge65,edu_aggregate_int,2013,102.418
hkg,sex_m,age_aggregate_yge65,edu_aggregate_int,2014,110.602
hkg,sex_m,age_aggregate_yge65,edu_aggregate_int,2015,122.634
hkg,sex_m,age_aggregate_yge65,edu_aggregate_int,2016,125.158
hkg,sex_m,age_aggregate_yge65,edu_aggregate_int,2017,136.658
hkg,sex_m,age_aggregate_yge65,edu_aggregate_int,2018,143.808
hkg,sex_m,age_aggregate_yge65,edu_aggregate_int,2019,152.937
hkg,sex_m,age_aggregate_yge65,edu_aggregate_int,2020,169.444
hkg,sex_m,age_aggregate_yge65,edu_aggregate_int,2021,179.45
hkg,sex_m,age_aggregate_yge65,edu_aggregate_int,2022,185.414
hkg,sex_m,age_aggregate_yge65,edu_aggregate_int,2023,215.25
hkg,sex_m,age_aggregate_yge65,edu_aggregate_int,2024,231.585
hkg,sex_m,age_aggregate_yge65,edu_aggregate_ltb,2009,55.6
hkg,sex_m,age_aggregate_yge65,edu_aggregate_total,2009,396.4
hkg,sex_m,age_aggregate_yge65,edu_aggregate_total,2010,406.256
hkg,sex_m,age_aggregate_yge65,edu_aggregate_total,2011,417.697
hkg,sex_m,age_aggregate_yge65,edu_aggregate_total,2012,433.145
hkg,sex_m,age_aggregate_yge65,edu_aggregate_total,2013,452.713
hkg,sex_m,age_aggregate_yge65,edu_aggregate_total,2014,473.223
hkg,sex_m,age_aggregate_yge65,edu_aggregate_total,2015,497.747
hkg,sex_m,age_aggregate_yge65,edu_aggregate_total,2016,520.525
hkg,sex_m,age_aggregate_yge65,edu_aggregate_total,2017,544.846
hkg,sex_m,age_aggregate_yge65,edu_aggregate_total,2018,569.521
hkg,sex_m,age_aggregate_yge65,edu_aggregate_total,2019,596.777
hkg,sex_m,age_aggregate_yge65,edu_aggregate_total,2020,625.289
hkg,sex_m,age_aggregate_yge65,edu_aggregate_total,2021,658.889
hkg,sex_m,age_aggregate_yge65,edu_aggregate_total,2022,693.345
hkg,sex_m,age_aggregate_yge65,edu_aggregate_total,2023,745.804
hkg,sex_m,age_aggregate_yge65,edu_aggregate_total,2024,779.488
hkg,sex_m,age_aggregate_yge65,edu_isced97_1,2009,186.4
hkg,sex_m,age_aggregate_yge65,edu_isced97_2,2009,54.7
hkg,sex_m,age_aggregate_yge65,edu_isced97_3,2009,52.5
hkg,sex_m,age_aggregate_yge65,edu_isced97_4,2009,10.2
hkg,sex_m,age_aggregate_yge65,edu_isced97_5,2009,34.4
hkg,sex_m,age_aggregate_yge65,edu_isced97_6,2009,2.5
hkg,sex_m,age_aggregate_yge65,edu_isced97_total,2009,396.4
hkg,sex_m,age_aggregate_yge65,edu_isced97_x,2009,55.6
hkg,sex_m,age_ythadult_y15_24,edu_aggregate_adv,2009,125.7
hkg,sex_m,age_ythadult_y15_24,edu_aggregate_adv,2010,95.317
hkg,sex_m,age_ythadult_y15_24,edu_aggregate_adv,2011,98.003
hkg,sex_m,age_ythadult_y15_24,edu_aggregate_adv,2012,107.252
hkg,sex_m,age_ythadult_y15_24,edu_aggregate_adv,2013,116.463
hkg,sex_m,age_ythadult_y15_24,edu_aggregate_adv,2014,120.523
hkg,sex_m,age_ythadult_y15_24,edu_aggregate_adv,2015,129.419
hkg,sex_m,age_ythadult_y15_24,edu_aggregate_adv,2016,134.232
hkg,sex_m,age_ythadult_y15_24,edu_aggregate_adv,2017,130.48
hkg,sex_m,age_ythadult_y15_24,edu_aggregate_adv,2018,131.608
hkg,sex_m,age_ythadult_y15_24,edu_aggregate_adv,2019,124.334
hkg,sex_m,age_ythadult_y15_24,edu_aggregate_adv,2020,115.053
hkg,sex_m,age_ythadult_y15_24,edu_aggregate_adv,2021,106.519
hkg,sex_m,age_ythadult_y15_24,edu_aggregate_adv,2022,107.963
hkg,sex_m,age_ythadult_y15_24,edu_aggregate_adv,2023,123.15
hkg,sex_m,age_ythadult_y15_24,edu_aggregate_adv,2024,117.515
hkg,sex_m,age_ythadult_y15_24,edu_aggregate_bas,2009,50.4
hkg,sex_m,age_ythadult_y15_24,edu_aggregate_bas,2010,50.149
hkg,sex_m,age_ythadult_y15_24,edu_aggregate_bas,2011,48.115
hkg,sex_m,age_ythadult_y15_24,edu_aggregate_bas,2012,45.627
hkg,sex_m,age_ythadult_y15_24,edu_aggregate_bas,2013,39.492
hkg,sex_m,age_ythadult_y15_24,edu_aggregate_bas,2014,38.023
hkg,sex_m,age_ythadult_y15_24,edu_aggregate_bas,2015,34.113
hkg,sex_m,age_ythadult_y15_24,edu_aggregate_bas,2016,30.778
hkg,sex_m,age_ythadult_y15_24,edu_aggregate_bas,2017,30.702
hkg,sex_m,age_ythadult_y15_24,edu_aggregate_bas,2018,25.5
hkg,sex_m,age_ythadult_y15_24,edu_aggregate_bas,2019,25.581
hkg,sex_m,age_ythadult_y15_24,edu_aggregate_bas,2020,23.308
hkg,sex_m,age_ythadult_y15_24,edu_aggregate_bas,2021,22.41
hkg,sex_m,age_ythadult_y15_24,edu_aggregate_bas,2022,22.679
hkg,sex_m,age_ythadult_y15_24,edu_aggregate_bas,2023,22.846
hkg,sex_m,age_ythadult_y15_24,edu_aggregate_bas,2024,22.375
hkg,sex_m,age_ythadult_y15_24,edu_aggregate_int,2009,261.8
hkg,sex_m,age_ythadult_y15_24,edu_aggregate_int,2010,292.002
hkg,sex_m,age_ythadult_y15_24,edu_aggregate_int,2011,290.272
hkg,sex_m,age_ythadult_y15_24,edu_aggregate_int,2012,286.304
hkg,sex_m,age_ythadult_y15_24,edu_aggregate_int,2013,276.634
hkg,sex_m,age_ythadult_y15_24,edu_aggregate_int,2014,261.566
hkg,sex_m,age_ythadult_y15_24,edu_aggregate_int,2015,243.678
hkg,sex_m,age_ythadult_y15_24,edu_aggregate_int,2016,229.656
hkg,sex_m,age_ythadult_y15_24,edu_aggregate_int,2017,214.899
hkg,sex_m,age_ythadult_y15_24,edu_aggregate_int,2018,201.775
hkg,sex_m,age_ythadult_y15_24,edu_aggregate_int,2019,187.789
hkg,sex_m,age_ythadult_y15_24,edu_aggregate_int,2020,180.381
hkg,sex_m,age_ythadult_y15_24,edu_aggregate_int,2021,168.517
hkg,sex_m,age_ythadult_y15_24,edu_aggregate_int,2022,157.937
hkg,sex_m,age_ythadult_y15_24,edu_aggregate_int,2023,161.252
hkg,sex_m,age_ythadult_y15_24,edu_aggregate_int,2024,161.696
hkg,sex_m,age_ythadult_y15_24,edu_aggregate_total,2009,438.1
hkg,sex_m,age_ythadult_y15_24,edu_aggregate_total,2010,437.468
hkg,sex_m,age_ythadult_y15_24,edu_aggregate_total,2011,436.391
hkg,sex_m,age_ythadult_y15_24,edu_aggregate_total,2012,439.183
hkg,sex_m,age_ythadult_y15_24,edu_aggregate_total,2013,432.589
hkg,sex_m,age_ythadult_y15_24,edu_aggregate_total,2014,420.112
hkg,sex_m,age_ythadult_y15_24,edu_aggregate_total,2015,407.21
hkg,sex_m,age_ythadult_y15_24,edu_aggregate_total,2016,394.665
hkg,sex_m,age_ythadult_y15_24,edu_aggregate_total,2017,376.082
hkg,sex_m,age_ythadult_y15_24,edu_aggregate_total,2018,358.882
hkg,sex_m,age_ythadult_y15_24,edu_aggregate_total,2019,337.704
hkg,sex_m,age_ythadult_y15_24,edu_aggregate_total,2020,318.743
hkg,sex_m,age_ythadult_y15_24,edu_aggregate_total,2021,297.446
hkg,sex_m,age_ythadult_y15_24,edu_aggregate_total,2022,288.579
hkg,sex_m,age_ythadult_y15_24,edu_aggregate_total,2023,307.247
hkg,sex_m,age_ythadult_y15_24,edu_aggregate_total,2024,301.586
hkg,sex_m,age_ythadult_y15_24,edu_isced97_1,2009,1
hkg,sex_m,age_ythadult_y15_24,edu_isced97_2,2009,49.4
hkg,sex_m,age_ythadult_y15_24,edu_isced97_3,2009,212
hkg,sex_m,age_ythadult_y15_24,edu_isced97_4,2009,49.8
hkg,sex_m,age_ythadult_y15_24,edu_isced97_5,2009,119.4
hkg,sex_m,age_ythadult_y15_24,edu_isced97_6,2009,6.3
hkg,sex_m,age_ythadult_y15_24,edu_isced97_total,2009,438.1
hkg,sex_m,age_ythadult_y15_64,edu_aggregate_adv,2010,544.528
hkg,sex_m,age_ythadult_y15_64,edu_aggregate_adv,2011,576.989
hkg,sex_m,age_ythadult_y15_64,edu_aggregate_adv,2012,605.982
hkg,sex_m,age_ythadult_y15_64,edu_aggregate_adv,2013,632.457
hkg,sex_m,age_ythadult_y15_64,edu_aggregate_adv,2014,655.491
hkg,sex_m,age_ythadult_y15_64,edu_aggregate_adv,2015,700.4
hkg,sex_m,age_ythadult_y15_64,edu_aggregate_adv,2016,714.899
hkg,sex_m,age_ythadult_y15_64,edu_aggregate_adv,2017,738.591
hkg,sex_m,age_ythadult_y15_64,edu_aggregate_adv,2018,755.874
hkg,sex_m,age_ythadult_y15_64,edu_aggregate_adv,2019,753.625
hkg,sex_m,age_ythadult_y15_64,edu_aggregate_adv,2020,761.94
hkg,sex_m,age_ythadult_y15_64,edu_aggregate_adv,2021,738.439
hkg,sex_m,age_ythadult_y15_64,edu_aggregate_adv,2022,739.596
hkg,sex_m,age_ythadult_y15_64,edu_aggregate_adv,2023,783.273
hkg,sex_m,age_ythadult_y15_64,edu_aggregate_adv,2024,786.604
hkg,sex_m,age_ythadult_y15_64,edu_aggregate_bas,2010,708.922
hkg,sex_m,age_ythadult_y15_64,edu_aggregate_bas,2011,674.951
hkg,sex_m,age_ythadult_y15_64,edu_aggregate_bas,2012,657.266
hkg,sex_m,age_ythadult_y15_64,edu_aggregate_bas,2013,642.056
hkg,sex_m,age_ythadult_y15_64,edu_aggregate_bas,2014,625.566
hkg,sex_m,age_ythadult_y15_64,edu_aggregate_bas,2015,594.487
hkg,sex_m,age_ythadult_y15_64,edu_aggregate_bas,2016,571.688
hkg,sex_m,age_ythadult_y15_64,edu_aggregate_bas,2017,551.237
hkg,sex_m,age_ythadult_y15_64,edu_aggregate_bas,2018,532.76
hkg,sex_m,age_ythadult_y15_64,edu_aggregate_bas,2019,519.861
hkg,sex_m,age_ythadult_y15_64,edu_aggregate_bas,2020,494.45
hkg,sex_m,age_ythadult_y15_64,edu_aggregate_bas,2021,474.495
hkg,sex_m,age_ythadult_y15_64,edu_aggregate_bas,2022,447.34
hkg,sex_m,age_ythadult_y15_64,edu_aggregate_bas,2023,430.037
hkg,sex_m,age_ythadult_y15_64,edu_aggregate_bas,2024,404.032
hkg,sex_m,age_ythadult_y15_64,edu_aggregate_int,2010,1159.275
hkg,sex_m,age_ythadult_y15_64,edu_aggregate_int,2011,1170.129
hkg,sex_m,age_ythadult_y15_64,edu_aggregate_int,2012,1172.051
hkg,sex_m,age_ythadult_y15_64,edu_aggregate_int,2013,1153.374
hkg,sex_m,age_ythadult_y15_64,edu_aggregate_int,2014,1136.558
hkg,sex_m,age_ythadult_y15_64,edu_aggregate_int,2015,1109.003
hkg,sex_m,age_ythadult_y15_64,edu_aggregate_int,2016,1102.143
hkg,sex_m,age_ythadult_y15_64,edu_aggregate_int,2017,1088.177
hkg,sex_m,age_ythadult_y15_64,edu_aggregate_int,2018,1077.597
hkg,sex_m,age_ythadult_y15_64,edu_aggregate_int,2019,1075.249
hkg,sex_m,age_ythadult_y15_64,edu_aggregate_int,2020,1065.721
hkg,sex_m,age_ythadult_y15_64,edu_aggregate_int,2021,1053.019
hkg,sex_m,age_ythadult_y15_64,edu_aggregate_int,2022,1034.206
hkg,sex_m,age_ythadult_y15_64,edu_aggregate_int,2023,1030.399
hkg,sex_m,age_ythadult_y15_64,edu_aggregate_int,2024,1016.599
hkg,sex_m,age_ythadult_y15_64,edu_aggregate_total,2010,2412.725
hkg,sex_m,age_ythadult_y15_64,edu_aggregate_total,2011,2422.069
hkg,sex_m,age_ythadult_y15_64,edu_aggregate_total,2012,2435.299
hkg,sex_m,age_ythadult_y15_64,edu_aggregate_total,2013,2427.888
hkg,sex_m,age_ythadult_y15_64,edu_aggregate_total,2014,2417.615
hkg,sex_m,age_ythadult_y15_64,edu_aggregate_total,2015,2403.89
hkg,sex_m,age_ythadult_y15_64,edu_aggregate_total,2016,2388.73
hkg,sex_m,age_ythadult_y15_64,edu_aggregate_total,2017,2378.004
hkg,sex_m,age_ythadult_y15_64,edu_aggregate_total,2018,2366.232
hkg,sex_m,age_ythadult_y15_64,edu_aggregate_total,2019,2348.736
hkg,sex_m,age_ythadult_y15_64,edu_aggregate_total,2020,2322.111
hkg,sex_m,age_ythadult_y15_64,edu_aggregate_total,2021,2265.953
hkg,sex_m,age_ythadult_y15_64,edu_aggregate_total,2022,2221.143
hkg,sex_m,age_ythadult_y15_64,edu_aggregate_total,2023,2243.709
hkg,sex_m,age_ythadult_y15_64,edu_aggregate_total,2024,2207.234
hkg,sex_m,age_ythadult_yge15,edu_aggregate_adv,2009,674.7
hkg,sex_m,age_ythadult_yge15,edu_aggregate_adv,2010,573.936
hkg,sex_m,age_ythadult_yge15,edu_aggregate_adv,2011,610.516
hkg,sex_m,age_ythadult_yge15,edu_aggregate_adv,2012,640.314
hkg,sex_m,age_ythadult_yge15,edu_aggregate_adv,2013,670.471
hkg,sex_m,age_ythadult_yge15,edu_aggregate_adv,2014,696.602
hkg,sex_m,age_ythadult_yge15,edu_aggregate_adv,2015,744.869
hkg,sex_m,age_ythadult_yge15,edu_aggregate_adv,2016,760.069
hkg,sex_m,age_ythadult_yge15,edu_aggregate_adv,2017,785.011
hkg,sex_m,age_ythadult_yge15,edu_aggregate_adv,2018,808.5
hkg,sex_m,age_ythadult_yge15,edu_aggregate_adv,2019,808.129
hkg,sex_m,age_ythadult_yge15,edu_aggregate_adv,2020,819.05
hkg,sex_m,age_ythadult_yge15,edu_aggregate_adv,2021,794.99
hkg,sex_m,age_ythadult_yge15,edu_aggregate_adv,2022,806.652
hkg,sex_m,age_ythadult_yge15,edu_aggregate_adv,2023,859.761
hkg,sex_m,age_ythadult_yge15,edu_aggregate_adv,2024,866.112
hkg,sex_m,age_ythadult_yge15,edu_aggregate_bas,2009,953.8
hkg,sex_m,age_ythadult_yge15,edu_aggregate_bas,2010,1010.55
hkg,sex_m,age_ythadult_yge15,edu_aggregate_bas,2011,976.772
hkg,sex_m,age_ythadult_yge15,edu_aggregate_bas,2012,962.718
hkg,sex_m,age_ythadult_yge15,edu_aggregate_bas,2013,954.336
hkg,sex_m,age_ythadult_yge15,edu_aggregate_bas,2014,947.076
hkg,sex_m,age_ythadult_yge15,edu_aggregate_bas,2015,925.131
hkg,sex_m,age_ythadult_yge15,edu_aggregate_bas,2016,921.885
hkg,sex_m,age_ythadult_yge15,edu_aggregate_bas,2017,913.004
hkg,sex_m,age_ythadult_yge15,edu_aggregate_bas,2018,905.846
hkg,sex_m,age_ythadult_yge15,edu_aggregate_bas,2019,909.198
hkg,sex_m,age_ythadult_yge15,edu_aggregate_bas,2020,893.186
hkg,sex_m,age_ythadult_yge15,edu_aggregate_bas,2021,897.384
hkg,sex_m,age_ythadult_yge15,edu_aggregate_bas,2022,888.215
hkg,sex_m,age_ythadult_yge15,edu_aggregate_bas,2023,884.102
hkg,sex_m,age_ythadult_yge15,edu_aggregate_bas,2024,872.426
hkg,sex_m,age_ythadult_yge15,edu_aggregate_int,2009,1099.6
hkg,sex_m,age_ythadult_yge15,edu_aggregate_int,2010,1234.495
hkg,sex_m,age_ythadult_yge15,edu_aggregate_int,2011,1252.478
hkg,sex_m,age_ythadult_yge15,edu_aggregate_int,2012,1265.412
hkg,sex_m,age_ythadult_yge15,edu_aggregate_int,2013,1255.793
hkg,sex_m,age_ythadult_yge15,edu_aggregate_int,2014,1247.16
hkg,sex_m,age_ythadult_yge15,edu_aggregate_int,2015,1231.637
hkg,sex_m,age_ythadult_yge15,edu_aggregate_int,2016,1227.301
hkg,sex_m,age_ythadult_yge15,edu_aggregate_int,2017,1224.835
hkg,sex_m,age_ythadult_yge15,edu_aggregate_int,2018,1221.406
hkg,sex_m,age_ythadult_yge15,edu_aggregate_int,2019,1228.186
hkg,sex_m,age_ythadult_yge15,edu_aggregate_int,2020,1235.164
hkg,sex_m,age_ythadult_yge15,edu_aggregate_int,2021,1232.468
hkg,sex_m,age_ythadult_yge15,edu_aggregate_int,2022,1219.621
hkg,sex_m,age_ythadult_yge15,edu_aggregate_int,2023,1245.649
hkg,sex_m,age_ythadult_yge15,edu_aggregate_int,2024,1248.184
hkg,sex_m,age_ythadult_yge15,edu_aggregate_ltb,2009,72.1
hkg,sex_m,age_ythadult_yge15,edu_aggregate_total,2009,2800.3
hkg,sex_m,age_ythadult_yge15,edu_aggregate_total,2010,2818.981
hkg,sex_m,age_ythadult_yge15,edu_aggregate_total,2011,2839.766
hkg,sex_m,age_ythadult_yge15,edu_aggregate_total,2012,2868.444
hkg,sex_m,age_ythadult_yge15,edu_aggregate_total,2013,2880.601
hkg,sex_m,age_ythadult_yge15,edu_aggregate_total,2014,2890.838
hkg,sex_m,age_ythadult_yge15,edu_aggregate_total,2015,2901.637
hkg,sex_m,age_ythadult_yge15,edu_aggregate_total,2016,2909.255
hkg,sex_m,age_ythadult_yge15,edu_aggregate_total,2017,2922.85
hkg,sex_m,age_ythadult_yge15,edu_aggregate_total,2018,2935.753
hkg,sex_m,age_ythadult_yge15,edu_aggregate_total,2019,2945.513
hkg,sex_m,age_ythadult_yge15,edu_aggregate_total,2020,2947.401
hkg,sex_m,age_ythadult_yge15,edu_aggregate_total,2021,2924.842
hkg,sex_m,age_ythadult_yge15,edu_aggregate_total,2022,2914.488
hkg,sex_m,age_ythadult_yge15,edu_aggregate_total,2023,2989.513
hkg,sex_m,age_ythadult_yge15,edu_aggregate_total,2024,2986.722
hkg,sex_m,age_ythadult_yge15,edu_isced97_0,2009,0.1
hkg,sex_m,age_ythadult_yge15,edu_isced97_1,2009,463.6
hkg,sex_m,age_ythadult_yge15,edu_isced97_2,2009,490.2
hkg,sex_m,age_ythadult_yge15,edu_isced97_3,2009,947.5
hkg,sex_m,age_ythadult_yge15,edu_isced97_4,2009,152.1
hkg,sex_m,age_ythadult_yge15,edu_isced97_5,2009,556.2
hkg,sex_m,age_ythadult_yge15,edu_isced97_6,2009,118.5
hkg,sex_m,age_ythadult_yge15,edu_isced97_total,2009,2800.3
hkg,sex_m,age_ythadult_yge15,edu_isced97_x,2009,72
hkg,sex_m,age_ythadult_yge25,edu_aggregate_adv,2009,549
hkg,sex_m,age_ythadult_yge25,edu_aggregate_adv,2010,478.619
hkg,sex_m,age_ythadult_yge25,edu_aggregate_adv,2011,512.513
hkg,sex_m,age_ythadult_yge25,edu_aggregate_adv,2012,533.062
hkg,sex_m,age_ythadult_yge25,edu_aggregate_adv,2013,554.008
hkg,sex_m,age_ythadult_yge25,edu_aggregate_adv,2014,576.079
hkg,sex_m,age_ythadult_yge25,edu_aggregate_adv,2015,615.45
hkg,sex_m,age_ythadult_yge25,edu_aggregate_adv,2016,625.837
hkg,sex_m,age_ythadult_yge25,edu_aggregate_adv,2017,654.531
hkg,sex_m,age_ythadult_yge25,edu_aggregate_adv,2018,676.893
hkg,sex_m,age_ythadult_yge25,edu_aggregate_adv,2019,683.795
hkg,sex_m,age_ythadult_yge25,edu_aggregate_adv,2020,703.997
hkg,sex_m,age_ythadult_yge25,edu_aggregate_adv,2021,688.471
hkg,sex_m,age_ythadult_yge25,edu_aggregate_adv,2022,698.69
hkg,sex_m,age_ythadult_yge25,edu_aggregate_adv,2023,736.612
hkg,sex_m,age_ythadult_yge25,edu_aggregate_adv,2024,748.597
hkg,sex_m,age_ythadult_yge25,edu_aggregate_bas,2009,903.4
hkg,sex_m,age_ythadult_yge25,edu_aggregate_bas,2010,960.401
hkg,sex_m,age_ythadult_yge25,edu_aggregate_bas,2011,928.657
hkg,sex_m,age_ythadult_yge25,edu_aggregate_bas,2012,917.091
hkg,sex_m,age_ythadult_yge25,edu_aggregate_bas,2013,914.845
hkg,sex_m,age_ythadult_yge25,edu_aggregate_bas,2014,909.053
hkg,sex_m,age_ythadult_yge25,edu_aggregate_bas,2015,891.018
hkg,sex_m,age_ythadult_yge25,edu_aggregate_bas,2016,891.108
hkg,sex_m,age_ythadult_yge25,edu_aggregate_bas,2017,882.302
hkg,sex_m,age_ythadult_yge25,edu_aggregate_bas,2018,880.346
hkg,sex_m,age_ythadult_yge25,edu_aggregate_bas,2019,883.616
hkg,sex_m,age_ythadult_yge25,edu_aggregate_bas,2020,869.877
hkg,sex_m,age_ythadult_yge25,edu_aggregate_bas,2021,874.973
hkg,sex_m,age_ythadult_yge25,edu_aggregate_bas,2022,865.536
hkg,sex_m,age_ythadult_yge25,edu_aggregate_bas,2023,861.257
hkg,sex_m,age_ythadult_yge25,edu_aggregate_bas,2024,850.051
hkg,sex_m,age_ythadult_yge25,edu_aggregate_int,2009,837.8
hkg,sex_m,age_ythadult_yge25,edu_aggregate_int,2010,942.493
hkg,sex_m,age_ythadult_yge25,edu_aggregate_int,2011,962.206
hkg,sex_m,age_ythadult_yge25,edu_aggregate_int,2012,979.107
hkg,sex_m,age_ythadult_yge25,edu_aggregate_int,2013,979.159
hkg,sex_m,age_ythadult_yge25,edu_aggregate_int,2014,985.594
hkg,sex_m,age_ythadult_yge25,edu_aggregate_int,2015,987.959
hkg,sex_m,age_ythadult_yge25,edu_aggregate_int,2016,997.645
hkg,sex_m,age_ythadult_yge25,edu_aggregate_int,2017,1009.935
hkg,sex_m,age_ythadult_yge25,edu_aggregate_int,2018,1019.631
hkg,sex_m,age_ythadult_yge25,edu_aggregate_int,2019,1040.397
hkg,sex_m,age_ythadult_yge25,edu_aggregate_int,2020,1054.783
hkg,sex_m,age_ythadult_yge25,edu_aggregate_int,2021,1063.952
hkg,sex_m,age_ythadult_yge25,edu_aggregate_int,2022,1061.684
hkg,sex_m,age_ythadult_yge25,edu_aggregate_int,2023,1084.397
hkg,sex_m,age_ythadult_yge25,edu_aggregate_int,2024,1086.488
hkg,sex_m,age_ythadult_yge25,edu_aggregate_total,2009,2362.2
hkg,sex_m,age_ythadult_yge25,edu_aggregate_total,2010,2381.513
hkg,sex_m,age_ythadult_yge25,edu_aggregate_total,2011,2403.375
hkg,sex_m,age_ythadult_yge25,edu_aggregate_total,2012,2429.261
hkg,sex_m,age_ythadult_yge25,edu_aggregate_total,2013,2448.012
hkg,sex_m,age_ythadult_yge25,edu_aggregate_total,2014,2470.726
hkg,sex_m,age_ythadult_yge25,edu_aggregate_total,2015,2494.426
hkg,sex_m,age_ythadult_yge25,edu_aggregate_total,2016,2514.59
hkg,sex_m,age_ythadult_yge25,edu_aggregate_total,2017,2546.768
hkg,sex_m,age_ythadult_yge25,edu_aggregate_total,2018,2576.87
hkg,sex_m,age_ythadult_yge25,edu_aggregate_total,2019,2607.808
hkg,sex_m,age_ythadult_yge25,edu_aggregate_total,2020,2628.657
hkg,sex_m,age_ythadult_yge25,edu_aggregate_total,2021,2627.396
hkg,sex_m,age_ythadult_yge25,edu_aggregate_total,2022,2625.909
hkg,sex_m,age_ythadult_yge25,edu_aggregate_total,2023,2682.266
hkg,sex_m,age_ythadult_yge25,edu_aggregate_total,2024,2685.136
hkg,sex_m,age_ythadult_yge25,edu_isced97_1,2009,462.6
hkg,sex_m,age_ythadult_yge25,edu_isced97_2,2009,440.8
hkg,sex_m,age_ythadult_yge25,edu_isced97_3,2009,735.5
hkg,sex_m,age_ythadult_yge25,edu_isced97_4,2009,102.3
hkg,sex_m,age_ythadult_yge25,edu_isced97_5,2009,436.8
hkg,sex_m,age_ythadult_yge25,edu_isced97_6,2009,112.2
hkg,sex_m,age_ythadult_yge25,edu_isced97_total,2009,2362.2
hkg,sex_t,age_10yrbands_total,edu_aggregate_adv,2009,1318.5
hkg,sex_t,age_10yrbands_total,edu_aggregate_adv,2010,1125.274
hkg,sex_t,age_10yrbands_total,edu_aggregate_adv,2011,1195.82
hkg,sex_t,age_10yrbands_total,edu_aggregate_adv,2012,1264.49
hkg,sex_t,age_10yrbands_total,edu_aggregate_adv,2013,1329.434
hkg,sex_t,age_10yrbands_total,edu_aggregate_adv,2014,1392.918
hkg,sex_t,age_10yrbands_total,edu_aggregate_adv,2015,1485.31
hkg,sex_t,age_10yrbands_total,edu_aggregate_adv,2016,1541.632
hkg,sex_t,age_10yrbands_total,edu_aggregate_adv,2017,1601.209
hkg,sex_t,age_10yrbands_total,edu_aggregate_adv,2018,1650.326
hkg,sex_t,age_10yrbands_total,edu_aggregate_adv,2019,1657.639
hkg,sex_t,age_10yrbands_total,edu_aggregate_adv,2020,1663.678
hkg,sex_t,age_10yrbands_total,edu_aggregate_adv,2021,1633.487
hkg,sex_t,age_10yrbands_total,edu_aggregate_adv,2022,1654.833
hkg,sex_t,age_10yrbands_total,edu_aggregate_adv,2023,1768.679
hkg,sex_t,age_10yrbands_total,edu_aggregate_adv,2024,1794.573
hkg,sex_t,age_10yrbands_total,edu_aggregate_bas,2009,2015.5
hkg,sex_t,age_10yrbands_total,edu_aggregate_bas,2010,2301.024
hkg,sex_t,age_10yrbands_total,edu_aggregate_bas,2011,2248.972
hkg,sex_t,age_10yrbands_total,edu_aggregate_bas,2012,2228.634
hkg,sex_t,age_10yrbands_total,edu_aggregate_bas,2013,2212.063
hkg,sex_t,age_10yrbands_total,edu_aggregate_bas,2014,2205.325
hkg,sex_t,age_10yrbands_total,edu_aggregate_bas,2015,2175.305
hkg,sex_t,age_10yrbands_total,edu_aggregate_bas,2016,2159.162
hkg,sex_t,age_10yrbands_total,edu_aggregate_bas,2017,2155.778
hkg,sex_t,age_10yrbands_total,edu_aggregate_bas,2018,2146.748
hkg,sex_t,age_10yrbands_total,edu_aggregate_bas,2019,2168.241
hkg,sex_t,age_10yrbands_total,edu_aggregate_bas,2020,2128.991
hkg,sex_t,age_10yrbands_total,edu_aggregate_bas,2021,2121.473
hkg,sex_t,age_10yrbands_total,edu_aggregate_bas,2022,2110.566
hkg,sex_t,age_10yrbands_total,edu_aggregate_bas,2023,2114.698
hkg,sex_t,age_10yrbands_total,edu_aggregate_bas,2024,2088.891
hkg,sex_t,age_10yrbands_total,edu_aggregate_int,2009,2374.9
hkg,sex_t,age_10yrbands_total,edu_aggregate_int,2010,2667.54
hkg,sex_t,age_10yrbands_total,edu_aggregate_int,2011,2719.559
hkg,sex_t,age_10yrbands_total,edu_aggregate_int,2012,2758.367
hkg,sex_t,age_10yrbands_total,edu_aggregate_int,2013,2756.015
hkg,sex_t,age_10yrbands_total,edu_aggregate_int,2014,2741.87
hkg,sex_t,age_10yrbands_total,edu_aggregate_int,2015,2723.068
hkg,sex_t,age_10yrbands_total,edu_aggregate_int,2016,2720.12
hkg,sex_t,age_10yrbands_total,edu_aggregate_int,2017,2715.527
hkg,sex_t,age_10yrbands_total,edu_aggregate_int,2018,2725.56
hkg,sex_t,age_10yrbands_total,edu_aggregate_int,2019,2746.776
hkg,sex_t,age_10yrbands_total,edu_aggregate_int,2020,2769.549
hkg,sex_t,age_10yrbands_total,edu_aggregate_int,2021,2763.647
hkg,sex_t,age_10yrbands_total,edu_aggregate_int,2022,2721.604
hkg,sex_t,age_10yrbands_total,edu_aggregate_int,2023,2783.989
hkg,sex_t,age_10yrbands_total,edu_aggregate_int,2024,2799.578
hkg,sex_t,age_10yrbands_total,edu_aggregate_ltb,2009,314.1
hkg,sex_t,age_10yrbands_total,edu_aggregate_total,2009,6022.9
hkg,sex_t,age_10yrbands_total,edu_aggregate_total,2010,6093.838
hkg,sex_t,age_10yrbands_total,edu_aggregate_total,2011,6164.351
hkg,sex_t,age_10yrbands_total,edu_aggregate_total,2012,6251.491
hkg,sex_t,age_10yrbands_total,edu_aggregate_total,2013,6297.512
hkg,sex_t,age_10yrbands_total,edu_aggregate_total,2014,6340.113
hkg,sex_t,age_10yrbands_total,edu_aggregate_total,2015,6383.684
hkg,sex_t,age_10yrbands_total,edu_aggregate_total,2016,6420.914
hkg,sex_t,age_10yrbands_total,edu_aggregate_total,2017,6472.514
hkg,sex_t,age_10yrbands_total,edu_aggregate_total,2018,6522.634
hkg,sex_t,age_10yrbands_total,edu_aggregate_total,2019,6572.656
hkg,sex_t,age_10yrbands_total,edu_aggregate_total,2020,6562.218
hkg,sex_t,age_10yrbands_total,edu_aggregate_total,2021,6518.607
hkg,sex_t,age_10yrbands_total,edu_aggregate_total,2022,6487.003
hkg,sex_t,age_10yrbands_total,edu_aggregate_total,2023,6667.366
hkg,sex_t,age_10yrbands_total,edu_aggregate_total,2024,6683.042
hkg,sex_t,age_10yrbands_total,edu_isced97_0,2009,0.3
hkg,sex_t,age_10yrbands_total,edu_isced97_1,2009,1057.8
hkg,sex_t,age_10yrbands_total,edu_isced97_2,2009,957.7
hkg,sex_t,age_10yrbands_total,edu_isced97_3,2009,2024
hkg,sex_t,age_10yrbands_total,edu_isced97_4,2009,350.9
hkg,sex_t,age_10yrbands_total,edu_isced97_5,2009,1113.6
hkg,sex_t,age_10yrbands_total,edu_isced97_6,2009,204.9
hkg,sex_t,age_10yrbands_total,edu_isced97_total,2009,6022.9
hkg,sex_t,age_10yrbands_total,edu_isced97_x,2009,313.8
hkg,sex_t,age_10yrbands_y15_24,edu_aggregate_adv,2009,268.3
hkg,sex_t,age_10yrbands_y15_24,edu_aggregate_adv,2010,206.16
hkg,sex_t,age_10yrbands_y15_24,edu_aggregate_adv,2011,206.586
hkg,sex_t,age_10yrbands_y15_24,edu_aggregate_adv,2012,228.844
hkg,sex_t,age_10yrbands_y15_24,edu_aggregate_adv,2013,252.103
hkg,sex_t,age_10yrbands_y15_24,edu_aggregate_adv,2014,262.579
hkg,sex_t,age_10yrbands_y15_24,edu_aggregate_adv,2015,275.385
hkg,sex_t,age_10yrbands_y15_24,edu_aggregate_adv,2016,287.636
hkg,sex_t,age_10yrbands_y15_24,edu_aggregate_adv,2017,290.156
hkg,sex_t,age_10yrbands_y15_24,edu_aggregate_adv,2018,288.458
hkg,sex_t,age_10yrbands_y15_24,edu_aggregate_adv,2019,276.704
hkg,sex_t,age_10yrbands_y15_24,edu_aggregate_adv,2020,251.924
hkg,sex_t,age_10yrbands_y15_24,edu_aggregate_adv,2021,233.663
hkg,sex_t,age_10yrbands_y15_24,edu_aggregate_adv,2022,228.84
hkg,sex_t,age_10yrbands_y15_24,edu_aggregate_adv,2023,262.83
hkg,sex_t,age_10yrbands_y15_24,edu_aggregate_adv,2024,254.683
hkg,sex_t,age_10yrbands_y15_24,edu_aggregate_bas,2009,96.5
hkg,sex_t,age_10yrbands_y15_24,edu_aggregate_bas,2010,88.622
hkg,sex_t,age_10yrbands_y15_24,edu_aggregate_bas,2011,88.417
hkg,sex_t,age_10yrbands_y15_24,edu_aggregate_bas,2012,77.247
hkg,sex_t,age_10yrbands_y15_24,edu_aggregate_bas,2013,71.291
hkg,sex_t,age_10yrbands_y15_24,edu_aggregate_bas,2014,66.593
hkg,sex_t,age_10yrbands_y15_24,edu_aggregate_bas,2015,63.735
hkg,sex_t,age_10yrbands_y15_24,edu_aggregate_bas,2016,56.675
hkg,sex_t,age_10yrbands_y15_24,edu_aggregate_bas,2017,55.151
hkg,sex_t,age_10yrbands_y15_24,edu_aggregate_bas,2018,48.985
hkg,sex_t,age_10yrbands_y15_24,edu_aggregate_bas,2019,45.464
hkg,sex_t,age_10yrbands_y15_24,edu_aggregate_bas,2020,44.436
hkg,sex_t,age_10yrbands_y15_24,edu_aggregate_bas,2021,39.631
hkg,sex_t,age_10yrbands_y15_24,edu_aggregate_bas,2022,42.342
hkg,sex_t,age_10yrbands_y15_24,edu_aggregate_bas,2023,39.688
hkg,sex_t,age_10yrbands_y15_24,edu_aggregate_bas,2024,39.409
hkg,sex_t,age_10yrbands_y15_24,edu_aggregate_int,2009,516.6
hkg,sex_t,age_10yrbands_y15_24,edu_aggregate_int,2010,581.204
hkg,sex_t,age_10yrbands_y15_24,edu_aggregate_int,2011,576.809
hkg,sex_t,age_10yrbands_y15_24,edu_aggregate_int,2012,568.259
hkg,sex_t,age_10yrbands_y15_24,edu_aggregate_int,2013,536.609
hkg,sex_t,age_10yrbands_y15_24,edu_aggregate_int,2014,505.023
hkg,sex_t,age_10yrbands_y15_24,edu_aggregate_int,2015,469.195
hkg,sex_t,age_10yrbands_y15_24,edu_aggregate_int,2016,438.652
hkg,sex_t,age_10yrbands_y15_24,edu_aggregate_int,2017,402.959
hkg,sex_t,age_10yrbands_y15_24,edu_aggregate_int,2018,378.434
hkg,sex_t,age_10yrbands_y15_24,edu_aggregate_int,2019,355.378
hkg,sex_t,age_10yrbands_y15_24,edu_aggregate_int,2020,337.932
hkg,sex_t,age_10yrbands_y15_24,edu_aggregate_int,2021,314.556
hkg,sex_t,age_10yrbands_y15_24,edu_aggregate_int,2022,298.236
hkg,sex_t,age_10yrbands_y15_24,edu_aggregate_int,2023,304.763
hkg,sex_t,age_10yrbands_y15_24,edu_aggregate_int,2024,300.233
hkg,sex_t,age_10yrbands_y15_24,edu_aggregate_total,2009,881.7
hkg,sex_t,age_10yrbands_y15_24,edu_aggregate_total,2010,875.986
hkg,sex_t,age_10yrbands_y15_24,edu_aggregate_total,2011,871.812
hkg,sex_t,age_10yrbands_y15_24,edu_aggregate_total,2012,874.35
hkg,sex_t,age_10yrbands_y15_24,edu_aggregate_total,2013,860.003
hkg,sex_t,age_10yrbands_y15_24,edu_aggregate_total,2014,834.195
hkg,sex_t,age_10yrbands_y15_24,edu_aggregate_total,2015,808.316
hkg,sex_t,age_10yrbands_y15_24,edu_aggregate_total,2016,782.964
hkg,sex_t,age_10yrbands_y15_24,edu_aggregate_total,2017,748.267
hkg,sex_t,age_10yrbands_y15_24,edu_aggregate_total,2018,715.878
hkg,sex_t,age_10yrbands_y15_24,edu_aggregate_total,2019,677.546
hkg,sex_t,age_10yrbands_y15_24,edu_aggregate_total,2020,634.292
hkg,sex_t,age_10yrbands_y15_24,edu_aggregate_total,2021,587.849
hkg,sex_t,age_10yrbands_y15_24,edu_aggregate_total,2022,569.418
hkg,sex_t,age_10yrbands_y15_24,edu_aggregate_total,2023,607.281
hkg,sex_t,age_10yrbands_y15_24,edu_aggregate_total,2024,594.325
hkg,sex_t,age_10yrbands_y15_24,edu_isced97_1,2009,5.1
hkg,sex_t,age_10yrbands_y15_24,edu_isced97_2,2009,91.4
hkg,sex_t,age_10yrbands_y15_24,edu_isced97_3,2009,409.4
hkg,sex_t,age_10yrbands_y15_24,edu_isced97_4,2009,107.2
hkg,sex_t,age_10yrbands_y15_24,edu_isced97_5,2009,256.1
hkg,sex_t,age_10yrbands_y15_24,edu_isced97_6,2009,12.2
hkg,sex_t,age_10yrbands_y15_24,edu_isced97_total,2009,881.7
hkg,sex_t,age_10yrbands_y25_34,edu_aggregate_adv,2009,403.1
hkg,sex_t,age_10yrbands_y25_34,edu_aggregate_adv,2010,362.654
hkg,sex_t,age_10yrbands_y25_34,edu_aggregate_adv,2011,383.668
hkg,sex_t,age_10yrbands_y25_34,edu_aggregate_adv,2012,401.403
hkg,sex_t,age_10yrbands_y25_34,edu_aggregate_adv,2013,413.082
hkg,sex_t,age_10yrbands_y25_34,edu_aggregate_adv,2014,427.986
hkg,sex_t,age_10yrbands_y25_34,edu_aggregate_adv,2015,453.135
hkg,sex_t,age_10yrbands_y25_34,edu_aggregate_adv,2016,457.132
hkg,sex_t,age_10yrbands_y25_34,edu_aggregate_adv,2017,478.26
hkg,sex_t,age_10yrbands_y25_34,edu_aggregate_adv,2018,477.791
hkg,sex_t,age_10yrbands_y25_34,edu_aggregate_adv,2019,481.629
hkg,sex_t,age_10yrbands_y25_34,edu_aggregate_adv,2020,482.174
hkg,sex_t,age_10yrbands_y25_34,edu_aggregate_adv,2021,464.652
hkg,sex_t,age_10yrbands_y25_34,edu_aggregate_adv,2022,462.004
hkg,sex_t,age_10yrbands_y25_34,edu_aggregate_adv,2023,479.009
hkg,sex_t,age_10yrbands_y25_34,edu_aggregate_adv,2024,470.865
hkg,sex_t,age_10yrbands_y25_34,edu_aggregate_bas,2009,170.5
hkg,sex_t,age_10yrbands_y25_34,edu_aggregate_bas,2010,151.392
hkg,sex_t,age_10yrbands_y25_34,edu_aggregate_bas,2011,142.689
hkg,sex_t,age_10yrbands_y25_34,edu_aggregate_bas,2012,135.626
hkg,sex_t,age_10yrbands_y25_34,edu_aggregate_bas,2013,126.437
hkg,sex_t,age_10yrbands_y25_34,edu_aggregate_bas,2014,118.728
hkg,sex_t,age_10yrbands_y25_34,edu_aggregate_bas,2015,107.216
hkg,sex_t,age_10yrbands_y25_34,edu_aggregate_bas,2016,100.845
hkg,sex_t,age_10yrbands_y25_34,edu_aggregate_bas,2017,92.796
hkg,sex_t,age_10yrbands_y25_34,edu_aggregate_bas,2018,86.471
hkg,sex_t,age_10yrbands_y25_34,edu_aggregate_bas,2019,80.377
hkg,sex_t,age_10yrbands_y25_34,edu_aggregate_bas,2020,75.897
hkg,sex_t,age_10yrbands_y25_34,edu_aggregate_bas,2021,68.681
hkg,sex_t,age_10yrbands_y25_34,edu_aggregate_bas,2022,62.17
hkg,sex_t,age_10yrbands_y25_34,edu_aggregate_bas,2023,59.282
hkg,sex_t,age_10yrbands_y25_34,edu_aggregate_bas,2024,55.775
hkg,sex_t,age_10yrbands_y25_34,edu_aggregate_int,2009,488.1
hkg,sex_t,age_10yrbands_y25_34,edu_aggregate_int,2010,555.36
hkg,sex_t,age_10yrbands_y25_34,edu_aggregate_int,2011,553.099
hkg,sex_t,age_10yrbands_y25_34,edu_aggregate_int,2012,548.977
hkg,sex_t,age_10yrbands_y25_34,edu_aggregate_int,2013,546.387
hkg,sex_t,age_10yrbands_y25_34,edu_aggregate_int,2014,543.194
hkg,sex_t,age_10yrbands_y25_34,edu_aggregate_int,2015,528.675
hkg,sex_t,age_10yrbands_y25_34,edu_aggregate_int,2016,525.841
hkg,sex_t,age_10yrbands_y25_34,edu_aggregate_int,2017,498.6
hkg,sex_t,age_10yrbands_y25_34,edu_aggregate_int,2018,487.899
hkg,sex_t,age_10yrbands_y25_34,edu_aggregate_int,2019,480.63
hkg,sex_t,age_10yrbands_y25_34,edu_aggregate_int,2020,464.581
hkg,sex_t,age_10yrbands_y25_34,edu_aggregate_int,2021,447.193
hkg,sex_t,age_10yrbands_y25_34,edu_aggregate_int,2022,419.97
hkg,sex_t,age_10yrbands_y25_34,edu_aggregate_int,2023,402.112
hkg,sex_t,age_10yrbands_y25_34,edu_aggregate_int,2024,388.079
hkg,sex_t,age_10yrbands_y25_34,edu_aggregate_ltb,2009,1.6
hkg,sex_t,age_10yrbands_y25_34,edu_aggregate_total,2009,1063.3
hkg,sex_t,age_10yrbands_y25_34,edu_aggregate_total,2010,1069.406
hkg,sex_t,age_10yrbands_y25_34,edu_aggregate_total,2011,1079.457
hkg,sex_t,age_10yrbands_y25_34,edu_aggregate_total,2012,1086.006
hkg,sex_t,age_10yrbands_y25_34,edu_aggregate_total,2013,1085.905
hkg,sex_t,age_10yrbands_y25_34,edu_aggregate_total,2014,1089.909
hkg,sex_t,age_10yrbands_y25_34,edu_aggregate_total,2015,1089.026
hkg,sex_t,age_10yrbands_y25_34,edu_aggregate_total,2016,1083.817
hkg,sex_t,age_10yrbands_y25_34,edu_aggregate_total,2017,1069.657
hkg,sex_t,age_10yrbands_y25_34,edu_aggregate_total,2018,1052.161
hkg,sex_t,age_10yrbands_y25_34,edu_aggregate_total,2019,1042.636
hkg,sex_t,age_10yrbands_y25_34,edu_aggregate_total,2020,1022.652
hkg,sex_t,age_10yrbands_y25_34,edu_aggregate_total,2021,980.526
hkg,sex_t,age_10yrbands_y25_34,edu_aggregate_total,2022,944.143
hkg,sex_t,age_10yrbands_y25_34,edu_aggregate_total,2023,940.403
hkg,sex_t,age_10yrbands_y25_34,edu_aggregate_total,2024,914.719
hkg,sex_t,age_10yrbands_y25_34,edu_isced97_1,2009,34.5
hkg,sex_t,age_10yrbands_y25_34,edu_isced97_2,2009,136
hkg,sex_t,age_10yrbands_y25_34,edu_isced97_3,2009,421.8
hkg,sex_t,age_10yrbands_y25_34,edu_isced97_4,2009,66.3
hkg,sex_t,age_10yrbands_y25_34,edu_isced97_5,2009,332.9
hkg,sex_t,age_10yrbands_y25_34,edu_isced97_6,2009,70.2
hkg,sex_t,age_10yrbands_y25_34,edu_isced97_total,2009,1063.3
hkg,sex_t,age_10yrbands_y25_34,edu_isced97_x,2009,1.6
hkg,sex_t,age_10yrbands_y35_44,edu_aggregate_adv,2009,514.1
hkg,sex_t,age_10yrbands_y35_44,edu_aggregate_adv,2010,279.986
hkg,sex_t,age_10yrbands_y35_44,edu_aggregate_adv,2011,302.263
hkg,sex_t,age_10yrbands_y35_44,edu_aggregate_adv,2012,314.615
hkg,sex_t,age_10yrbands_y35_44,edu_aggregate_adv,2013,316.866
hkg,sex_t,age_10yrbands_y35_44,edu_aggregate_adv,2014,328.895
hkg,sex_t,age_10yrbands_y35_44,edu_aggregate_adv,2015,354.841
hkg,sex_t,age_10yrbands_y35_44,edu_aggregate_adv,2016,360.111
hkg,sex_t,age_10yrbands_y35_44,edu_aggregate_adv,2017,376.343
hkg,sex_t,age_10yrbands_y35_44,edu_aggregate_adv,2018,392.682
hkg,sex_t,age_10yrbands_y35_44,edu_aggregate_adv,2019,398.164
hkg,sex_t,age_10yrbands_y35_44,edu_aggregate_adv,2020,412.085
hkg,sex_t,age_10yrbands_y35_44,edu_aggregate_adv,2021,407.515
hkg,sex_t,age_10yrbands_y35_44,edu_aggregate_adv,2022,399.875
hkg,sex_t,age_10yrbands_y35_44,edu_aggregate_adv,2023,421.476
hkg,sex_t,age_10yrbands_y35_44,edu_aggregate_adv,2024,433.592
hkg,sex_t,age_10yrbands_y35_44,edu_aggregate_bas,2009,838.9
hkg,sex_t,age_10yrbands_y35_44,edu_aggregate_bas,2010,281.275
hkg,sex_t,age_10yrbands_y35_44,edu_aggregate_bas,2011,258.992
hkg,sex_t,age_10yrbands_y35_44,edu_aggregate_bas,2012,254.088
hkg,sex_t,age_10yrbands_y35_44,edu_aggregate_bas,2013,249.176
hkg,sex_t,age_10yrbands_y35_44,edu_aggregate_bas,2014,239.265
hkg,sex_t,age_10yrbands_y35_44,edu_aggregate_bas,2015,228.549
hkg,sex_t,age_10yrbands_y35_44,edu_aggregate_bas,2016,214.22
hkg,sex_t,age_10yrbands_y35_44,edu_aggregate_bas,2017,212.68
hkg,sex_t,age_10yrbands_y35_44,edu_aggregate_bas,2018,197.664
hkg,sex_t,age_10yrbands_y35_44,edu_aggregate_bas,2019,200.913
hkg,sex_t,age_10yrbands_y35_44,edu_aggregate_bas,2020,188.178
hkg,sex_t,age_10yrbands_y35_44,edu_aggregate_bas,2021,179.244
hkg,sex_t,age_10yrbands_y35_44,edu_aggregate_bas,2022,172.683
hkg,sex_t,age_10yrbands_y35_44,edu_aggregate_bas,2023,163.376
hkg,sex_t,age_10yrbands_y35_44,edu_aggregate_bas,2024,149.409
hkg,sex_t,age_10yrbands_y35_44,edu_aggregate_int,2009,1057.2
hkg,sex_t,age_10yrbands_y35_44,edu_aggregate_int,2010,584.205
hkg,sex_t,age_10yrbands_y35_44,edu_aggregate_int,2011,569.066
hkg,sex_t,age_10yrbands_y35_44,edu_aggregate_int,2012,568.601
hkg,sex_t,age_10yrbands_y35_44,edu_aggregate_int,2013,565.249
hkg,sex_t,age_10yrbands_y35_44,edu_aggregate_int,2014,561.429
hkg,sex_t,age_10yrbands_y35_44,edu_aggregate_int,2015,550.09
hkg,sex_t,age_10yrbands_y35_44,edu_aggregate_int,2016,561.816
hkg,sex_t,age_10yrbands_y35_44,edu_aggregate_int,2017,564.421
hkg,sex_t,age_10yrbands_y35_44,edu_aggregate_int,2018,576.979
hkg,sex_t,age_10yrbands_y35_44,edu_aggregate_int,2019,578.94
hkg,sex_t,age_10yrbands_y35_44,edu_aggregate_int,2020,579.489
hkg,sex_t,age_10yrbands_y35_44,edu_aggregate_int,2021,582.837
hkg,sex_t,age_10yrbands_y35_44,edu_aggregate_int,2022,568.042
hkg,sex_t,age_10yrbands_y35_44,edu_aggregate_int,2023,575.057
hkg,sex_t,age_10yrbands_y35_44,edu_aggregate_int,2024,577.846
hkg,sex_t,age_10yrbands_y35_44,edu_aggregate_ltb,2009,24.1
hkg,sex_t,age_10yrbands_y35_44,edu_aggregate_total,2009,2434.5
hkg,sex_t,age_10yrbands_y35_44,edu_aggregate_total,2010,1145.466
hkg,sex_t,age_10yrbands_y35_44,edu_aggregate_total,2011,1130.322
hkg,sex_t,age_10yrbands_y35_44,edu_aggregate_total,2012,1137.304
hkg,sex_t,age_10yrbands_y35_44,edu_aggregate_total,2013,1131.291
hkg,sex_t,age_10yrbands_y35_44,edu_aggregate_total,2014,1129.589
hkg,sex_t,age_10yrbands_y35_44,edu_aggregate_total,2015,1133.481
hkg,sex_t,age_10yrbands_y35_44,edu_aggregate_total,2016,1136.147
hkg,sex_t,age_10yrbands_y35_44,edu_aggregate_total,2017,1153.443
hkg,sex_t,age_10yrbands_y35_44,edu_aggregate_total,2018,1167.325
hkg,sex_t,age_10yrbands_y35_44,edu_aggregate_total,2019,1178.017
hkg,sex_t,age_10yrbands_y35_44,edu_aggregate_total,2020,1179.752
hkg,sex_t,age_10yrbands_y35_44,edu_aggregate_total,2021,1169.596
hkg,sex_t,age_10yrbands_y35_44,edu_aggregate_total,2022,1140.6
hkg,sex_t,age_10yrbands_y35_44,edu_aggregate_total,2023,1159.91
hkg,sex_t,age_10yrbands_y35_44,edu_aggregate_total,2024,1160.847
hkg,sex_t,age_10yrbands_y35_44,edu_isced97_1,2009,351.3
hkg,sex_t,age_10yrbands_y35_44,edu_isced97_2,2009,487.6
hkg,sex_t,age_10yrbands_y35_44,edu_isced97_3,2009,925.5
hkg,sex_t,age_10yrbands_y35_44,edu_isced97_4,2009,131.7
hkg,sex_t,age_10yrbands_y35_44,edu_isced97_5,2009,407.1
hkg,sex_t,age_10yrbands_y35_44,edu_isced97_6,2009,107
hkg,sex_t,age_10yrbands_y35_44,edu_isced97_total,2009,2434.5
hkg,sex_t,age_10yrbands_y35_44,edu_isced97_x,2009,24.1
hkg,sex_t,age_10yrbands_y45_54,edu_aggregate_adv,2010,170.795
hkg,sex_t,age_10yrbands_y45_54,edu_aggregate_adv,2011,184.04
hkg,sex_t,age_10yrbands_y45_54,edu_aggregate_adv,2012,191.33
hkg,sex_t,age_10yrbands_y45_54,edu_aggregate_adv,2013,205.375
hkg,sex_t,age_10yrbands_y45_54,edu_aggregate_adv,2014,218.277
hkg,sex_t,age_10yrbands_y45_54,edu_aggregate_adv,2015,232.335
hkg,sex_t,age_10yrbands_y45_54,edu_aggregate_adv,2016,249.481
hkg,sex_t,age_10yrbands_y45_54,edu_aggregate_adv,2017,256.036
hkg,sex_t,age_10yrbands_y45_54,edu_aggregate_adv,2018,265.933
hkg,sex_t,age_10yrbands_y45_54,edu_aggregate_adv,2019,262.764
hkg,sex_t,age_10yrbands_y45_54,edu_aggregate_adv,2020,272.318
hkg,sex_t,age_10yrbands_y45_54,edu_aggregate_adv,2021,279.147
hkg,sex_t,age_10yrbands_y45_54,edu_aggregate_adv,2022,284.652
hkg,sex_t,age_10yrbands_y45_54,edu_aggregate_adv,2023,297.858
hkg,sex_t,age_10yrbands_y45_54,edu_aggregate_adv,2024,314.607
hkg,sex_t,age_10yrbands_y45_54,edu_aggregate_bas,2010,544.722
hkg,sex_t,age_10yrbands_y45_54,edu_aggregate_bas,2011,508.045
hkg,sex_t,age_10yrbands_y45_54,edu_aggregate_bas,2012,469.08
hkg,sex_t,age_10yrbands_y45_54,edu_aggregate_bas,2013,440.084
hkg,sex_t,age_10yrbands_y45_54,edu_aggregate_bas,2014,419.128
hkg,sex_t,age_10yrbands_y45_54,edu_aggregate_bas,2015,397.798
hkg,sex_t,age_10yrbands_y45_54,edu_aggregate_bas,2016,374.773
hkg,sex_t,age_10yrbands_y45_54,edu_aggregate_bas,2017,356.286
hkg,sex_t,age_10yrbands_y45_54,edu_aggregate_bas,2018,340.224
hkg,sex_t,age_10yrbands_y45_54,edu_aggregate_bas,2019,346.649
hkg,sex_t,age_10yrbands_y45_54,edu_aggregate_bas,2020,333.344
hkg,sex_t,age_10yrbands_y45_54,edu_aggregate_bas,2021,316.922
hkg,sex_t,age_10yrbands_y45_54,edu_aggregate_bas,2022,303.302
hkg,sex_t,age_10yrbands_y45_54,edu_aggregate_bas,2023,302.792
hkg,sex_t,age_10yrbands_y45_54,edu_aggregate_bas,2024,289.779
hkg,sex_t,age_10yrbands_y45_54,edu_aggregate_int,2010,569.571
hkg,sex_t,age_10yrbands_y45_54,edu_aggregate_int,2011,591.646
hkg,sex_t,age_10yrbands_y45_54,edu_aggregate_int,2012,613.108
hkg,sex_t,age_10yrbands_y45_54,edu_aggregate_int,2013,611.144
hkg,sex_t,age_10yrbands_y45_54,edu_aggregate_int,2014,602.502
hkg,sex_t,age_10yrbands_y45_54,edu_aggregate_int,2015,589.96
hkg,sex_t,age_10yrbands_y45_54,edu_aggregate_int,2016,579.939
hkg,sex_t,age_10yrbands_y45_54,edu_aggregate_int,2017,583.07
hkg,sex_t,age_10yrbands_y45_54,edu_aggregate_int,2018,573.594
hkg,sex_t,age_10yrbands_y45_54,edu_aggregate_int,2019,568.23
hkg,sex_t,age_10yrbands_y45_54,edu_aggregate_int,2020,556.023
hkg,sex_t,age_10yrbands_y45_54,edu_aggregate_int,2021,556.276
hkg,sex_t,age_10yrbands_y45_54,edu_aggregate_int,2022,549.553
hkg,sex_t,age_10yrbands_y45_54,edu_aggregate_int,2023,547.873
hkg,sex_t,age_10yrbands_y45_54,edu_aggregate_int,2024,540.665
hkg,sex_t,age_10yrbands_y45_54,edu_aggregate_total,2010,1285.087
hkg,sex_t,age_10yrbands_y45_54,edu_aggregate_total,2011,1283.732
hkg,sex_t,age_10yrbands_y45_54,edu_aggregate_total,2012,1273.517
hkg,sex_t,age_10yrbands_y45_54,edu_aggregate_total,2013,1256.603
hkg,sex_t,age_10yrbands_y45_54,edu_aggregate_total,2014,1239.906
hkg,sex_t,age_10yrbands_y45_54,edu_aggregate_total,2015,1220.093
hkg,sex_t,age_10yrbands_y45_54,edu_aggregate_total,2016,1204.193
hkg,sex_t,age_10yrbands_y45_54,edu_aggregate_total,2017,1195.392
hkg,sex_t,age_10yrbands_y45_54,edu_aggregate_total,2018,1179.751
hkg,sex_t,age_10yrbands_y45_54,edu_aggregate_total,2019,1177.643
hkg,sex_t,age_10yrbands_y45_54,edu_aggregate_total,2020,1161.685
hkg,sex_t,age_10yrbands_y45_54,edu_aggregate_total,2021,1152.345
hkg,sex_t,age_10yrbands_y45_54,edu_aggregate_total,2022,1137.507
hkg,sex_t,age_10yrbands_y45_54,edu_aggregate_total,2023,1148.523
hkg,sex_t,age_10yrbands_y45_54,edu_aggregate_total,2024,1145.051
hkg,sex_t,age_10yrbands_y55_64,edu_aggregate_adv,2009,78.2
hkg,sex_t,age_10yrbands_y55_64,edu_aggregate_adv,2010,63.33
hkg,sex_t,age_10yrbands_y55_64,edu_aggregate_adv,2011,72.109
hkg,sex_t,age_10yrbands_y55_64,edu_aggregate_adv,2012,77.767
hkg,sex_t,age_10yrbands_y55_64,edu_aggregate_adv,2013,84.752
hkg,sex_t,age_10yrbands_y55_64,edu_aggregate_adv,2014,95.424
hkg,sex_t,age_10yrbands_y55_64,edu_aggregate_adv,2015,103.129
hkg,sex_t,age_10yrbands_y55_64,edu_aggregate_adv,2016,116.519
hkg,sex_t,age_10yrbands_y55_64,edu_aggregate_adv,2017,131.714
hkg,sex_t,age_10yrbands_y55_64,edu_aggregate_adv,2018,144.761
hkg,sex_t,age_10yrbands_y55_64,edu_aggregate_adv,2019,156.293
hkg,sex_t,age_10yrbands_y55_64,edu_aggregate_adv,2020,161.195
hkg,sex_t,age_10yrbands_y55_64,edu_aggregate_adv,2021,161.748
hkg,sex_t,age_10yrbands_y55_64,edu_aggregate_adv,2022,178.673
hkg,sex_t,age_10yrbands_y55_64,edu_aggregate_adv,2023,192.439
hkg,sex_t,age_10yrbands_y55_64,edu_aggregate_adv,2024,192.696
hkg,sex_t,age_10yrbands_y55_64,edu_aggregate_bas,2009,471.1
hkg,sex_t,age_10yrbands_y55_64,edu_aggregate_bas,2010,544.067
hkg,sex_t,age_10yrbands_y55_64,edu_aggregate_bas,2011,556.241
hkg,sex_t,age_10yrbands_y55_64,edu_aggregate_bas,2012,584.495
hkg,sex_t,age_10yrbands_y55_64,edu_aggregate_bas,2013,597.333
hkg,sex_t,age_10yrbands_y55_64,edu_aggregate_bas,2014,606.105
hkg,sex_t,age_10yrbands_y55_64,edu_aggregate_bas,2015,598.918
hkg,sex_t,age_10yrbands_y55_64,edu_aggregate_bas,2016,595.562
hkg,sex_t,age_10yrbands_y55_64,edu_aggregate_bas,2017,590.974
hkg,sex_t,age_10yrbands_y55_64,edu_aggregate_bas,2018,599.233
hkg,sex_t,age_10yrbands_y55_64,edu_aggregate_bas,2019,580.109
hkg,sex_t,age_10yrbands_y55_64,edu_aggregate_bas,2020,557.217
hkg,sex_t,age_10yrbands_y55_64,edu_aggregate_bas,2021,537.736
hkg,sex_t,age_10yrbands_y55_64,edu_aggregate_bas,2022,507.924
hkg,sex_t,age_10yrbands_y55_64,edu_aggregate_bas,2023,485.206
hkg,sex_t,age_10yrbands_y55_64,edu_aggregate_bas,2024,464.08
hkg,sex_t,age_10yrbands_y55_64,edu_aggregate_int,2009,214.6
hkg,sex_t,age_10yrbands_y55_64,edu_aggregate_int,2010,253.549
hkg,sex_t,age_10yrbands_y55_64,edu_aggregate_int,2011,288.8
hkg,sex_t,age_10yrbands_y55_64,edu_aggregate_int,2012,301.175
hkg,sex_t,age_10yrbands_y55_64,edu_aggregate_int,2013,323.764
hkg,sex_t,age_10yrbands_y55_64,edu_aggregate_int,2014,343.133
hkg,sex_t,age_10yrbands_y55_64,edu_aggregate_int,2015,376.188
hkg,sex_t,age_10yrbands_y55_64,edu_aggregate_int,2016,399.171
hkg,sex_t,age_10yrbands_y55_64,edu_aggregate_int,2017,428.333
hkg,sex_t,age_10yrbands_y55_64,edu_aggregate_int,2018,456.655
hkg,sex_t,age_10yrbands_y55_64,edu_aggregate_int,2019,494.488
hkg,sex_t,age_10yrbands_y55_64,edu_aggregate_int,2020,524.347
hkg,sex_t,age_10yrbands_y55_64,edu_aggregate_int,2021,537.141
hkg,sex_t,age_10yrbands_y55_64,edu_aggregate_int,2022,538.836
hkg,sex_t,age_10yrbands_y55_64,edu_aggregate_int,2023,552.123
hkg,sex_t,age_10yrbands_y55_64,edu_aggregate_int,2024,555.551
hkg,sex_t,age_10yrbands_y55_64,edu_aggregate_ltb,2009,42.7
hkg,sex_t,age_10yrbands_y55_64,edu_aggregate_total,2009,806.6
hkg,sex_t,age_10yrbands_y55_64,edu_aggregate_total,2010,860.945
hkg,sex_t,age_10yrbands_y55_64,edu_aggregate_total,2011,917.151
hkg,sex_t,age_10yrbands_y55_64,edu_aggregate_total,2012,963.436
hkg,sex_t,age_10yrbands_y55_64,edu_aggregate_total,2013,1005.849
hkg,sex_t,age_10yrbands_y55_64,edu_aggregate_total,2014,1044.662
hkg,sex_t,age_10yrbands_y55_64,edu_aggregate_total,2015,1078.236
hkg,sex_t,age_10yrbands_y55_64,edu_aggregate_total,2016,1111.252
hkg,sex_t,age_10yrbands_y55_64,edu_aggregate_total,2017,1151.021
hkg,sex_t,age_10yrbands_y55_64,edu_aggregate_total,2018,1200.648
hkg,sex_t,age_10yrbands_y55_64,edu_aggregate_total,2019,1230.889
hkg,sex_t,age_10yrbands_y55_64,edu_aggregate_total,2020,1242.758
hkg,sex_t,age_10yrbands_y55_64,edu_aggregate_total,2021,1236.625
hkg,sex_t,age_10yrbands_y55_64,edu_aggregate_total,2022,1225.434
hkg,sex_t,age_10yrbands_y55_64,edu_aggregate_total,2023,1229.768
hkg,sex_t,age_10yrbands_y55_64,edu_aggregate_total,2024,1212.326
hkg,sex_t,age_10yrbands_y55_64,edu_isced97_1,2009,315.2
hkg,sex_t,age_10yrbands_y55_64,edu_isced97_2,2009,155.9
hkg,sex_t,age_10yrbands_y55_64,edu_isced97_3,2009,185
hkg,sex_t,age_10yrbands_y55_64,edu_isced97_4,2009,29.6
hkg,sex_t,age_10yrbands_y55_64,edu_isced97_5,2009,66
hkg,sex_t,age_10yrbands_y55_64,edu_isced97_6,2009,12.2
hkg,sex_t,age_10yrbands_y55_64,edu_isced97_total,2009,806.6
hkg,sex_t,age_10yrbands_y55_64,edu_isced97_x,2009,42.7
hkg,sex_t,age_10yrbands_yge65,edu_aggregate_adv,2009,54.8
hkg,sex_t,age_10yrbands_yge65,edu_aggregate_adv,2010,42.35
hkg,sex_t,age_10yrbands_yge65,edu_aggregate_adv,2011,47.152
hkg,sex_t,age_10yrbands_yge65,edu_aggregate_adv,2012,50.532
hkg,sex_t,age_10yrbands_yge65,edu_aggregate_adv,2013,57.256
hkg,sex_t,age_10yrbands_yge65,edu_aggregate_adv,2014,59.756
hkg,sex_t,age_10yrbands_yge65,edu_aggregate_adv,2015,66.484
hkg,sex_t,age_10yrbands_yge65,edu_aggregate_adv,2016,70.753
hkg,sex_t,age_10yrbands_yge65,edu_aggregate_adv,2017,68.701
hkg,sex_t,age_10yrbands_yge65,edu_aggregate_adv,2018,80.701
hkg,sex_t,age_10yrbands_yge65,edu_aggregate_adv,2019,82.085
hkg,sex_t,age_10yrbands_yge65,edu_aggregate_adv,2020,83.982
hkg,sex_t,age_10yrbands_yge65,edu_aggregate_adv,2021,86.763
hkg,sex_t,age_10yrbands_yge65,edu_aggregate_adv,2022,100.79
hkg,sex_t,age_10yrbands_yge65,edu_aggregate_adv,2023,115.068
hkg,sex_t,age_10yrbands_yge65,edu_aggregate_adv,2024,128.13
hkg,sex_t,age_10yrbands_yge65,edu_aggregate_bas,2009,438.4
hkg,sex_t,age_10yrbands_yge65,edu_aggregate_bas,2010,690.946
hkg,sex_t,age_10yrbands_yge65,edu_aggregate_bas,2011,694.587
hkg,sex_t,age_10yrbands_yge65,edu_aggregate_bas,2012,708.098
hkg,sex_t,age_10yrbands_yge65,edu_aggregate_bas,2013,727.742
hkg,sex_t,age_10yrbands_yge65,edu_aggregate_bas,2014,755.506
hkg,sex_t,age_10yrbands_yge65,edu_aggregate_bas,2015,779.09
hkg,sex_t,age_10yrbands_yge65,edu_aggregate_bas,2016,817.088
hkg,sex_t,age_10yrbands_yge65,edu_aggregate_bas,2017,847.89
hkg,sex_t,age_10yrbands_yge65,edu_aggregate_bas,2018,874.171
hkg,sex_t,age_10yrbands_yge65,edu_aggregate_bas,2019,914.729
hkg,sex_t,age_10yrbands_yge65,edu_aggregate_bas,2020,929.92
hkg,sex_t,age_10yrbands_yge65,edu_aggregate_bas,2021,979.26
hkg,sex_t,age_10yrbands_yge65,edu_aggregate_bas,2022,1022.144
hkg,sex_t,age_10yrbands_yge65,edu_aggregate_bas,2023,1064.353
hkg,sex_t,age_10yrbands_yge65,edu_aggregate_bas,2024,1090.439
hkg,sex_t,age_10yrbands_yge65,edu_aggregate_int,2009,98.4
hkg,sex_t,age_10yrbands_yge65,edu_aggregate_int,2010,123.652
hkg,sex_t,age_10yrbands_yge65,edu_aggregate_int,2011,140.138
hkg,sex_t,age_10yrbands_yge65,edu_aggregate_int,2012,158.247
hkg,sex_t,age_10yrbands_yge65,edu_aggregate_int,2013,172.863
hkg,sex_t,age_10yrbands_yge65,edu_aggregate_int,2014,186.589
hkg,sex_t,age_10yrbands_yge65,edu_aggregate_int,2015,208.958
hkg,sex_t,age_10yrbands_yge65,edu_aggregate_int,2016,214.7
hkg,sex_t,age_10yrbands_yge65,edu_aggregate_int,2017,238.144
hkg,sex_t,age_10yrbands_yge65,edu_aggregate_int,2018,251.999
hkg,sex_t,age_10yrbands_yge65,edu_aggregate_int,2019,269.109
hkg,sex_t,age_10yrbands_yge65,edu_aggregate_int,2020,307.177
hkg,sex_t,age_10yrbands_yge65,edu_aggregate_int,2021,325.644
hkg,sex_t,age_10yrbands_yge65,edu_aggregate_int,2022,346.968
hkg,sex_t,age_10yrbands_yge65,edu_aggregate_int,2023,402.061
hkg,sex_t,age_10yrbands_yge65,edu_aggregate_int,2024,437.204
hkg,sex_t,age_10yrbands_yge65,edu_aggregate_ltb,2009,245.1
hkg,sex_t,age_10yrbands_yge65,edu_aggregate_total,2009,836.8
hkg,sex_t,age_10yrbands_yge65,edu_aggregate_total,2010,856.948
hkg,sex_t,age_10yrbands_yge65,edu_aggregate_total,2011,881.877
hkg,sex_t,age_10yrbands_yge65,edu_aggregate_total,2012,916.876
hkg,sex_t,age_10yrbands_yge65,edu_aggregate_total,2013,957.861
hkg,sex_t,age_10yrbands_yge65,edu_aggregate_total,2014,1001.851
hkg,sex_t,age_10yrbands_yge65,edu_aggregate_total,2015,1054.533
hkg,sex_t,age_10yrbands_yge65,edu_aggregate_total,2016,1102.541
hkg,sex_t,age_10yrbands_yge65,edu_aggregate_total,2017,1154.735
hkg,sex_t,age_10yrbands_yge65,edu_aggregate_total,2018,1206.871
hkg,sex_t,age_10yrbands_yge65,edu_aggregate_total,2019,1265.924
hkg,sex_t,age_10yrbands_yge65,edu_aggregate_total,2020,1321.079
hkg,sex_t,age_10yrbands_yge65,edu_aggregate_total,2021,1391.666
hkg,sex_t,age_10yrbands_yge65,edu_aggregate_total,2022,1469.902
hkg,sex_t,age_10yrbands_yge65,edu_aggregate_total,2023,1581.481
hkg,sex_t,age_10yrbands_yge65,edu_aggregate_total,2024,1655.773
hkg,sex_t,age_10yrbands_yge65,edu_isced97_1,2009,351.6
hkg,sex_t,age_10yrbands_yge65,edu_isced97_2,2009,86.8
hkg,sex_t,age_10yrbands_yge65,edu_isced97_3,2009,82.3
hkg,sex_t,age_10yrbands_yge65,edu_isced97_4,2009,16.1
hkg,sex_t,age_10yrbands_yge65,edu_isced97_5,2009,51.5
hkg,sex_t,age_10yrbands_yge65,edu_isced97_6,2009,3.3
hkg,sex_t,age_10yrbands_yge65,edu_isced97_total,2009,836.8
hkg,sex_t,age_10yrbands_yge65,edu_isced97_x,2009,245.1
hkg,sex_t,age_aggregate_total,edu_aggregate_adv,2009,1318.5
hkg,sex_t,age_aggregate_total,edu_aggregate_adv,2010,1125.274
hkg,sex_t,age_aggregate_total,edu_aggregate_adv,2011,1195.82
hkg,sex_t,age_aggregate_total,edu_aggregate_adv,2012,1264.49
hkg,sex_t,age_aggregate_total,edu_aggregate_adv,2013,1329.434
hkg,sex_t,age_aggregate_total,edu_aggregate_adv,2014,1392.918
hkg,sex_t,age_aggregate_total,edu_aggregate_adv,2015,1485.31
hkg,sex_t,age_aggregate_total,edu_aggregate_adv,2016,1541.632
hkg,sex_t,age_aggregate_total,edu_aggregate_adv,2017,1601.209
hkg,sex_t,age_aggregate_total,edu_aggregate_adv,2018,1650.326
hkg,sex_t,age_aggregate_total,edu_aggregate_adv,2019,1657.639
hkg,sex_t,age_aggregate_total,edu_aggregate_adv,2020,1663.678
hkg,sex_t,age_aggregate_total,edu_aggregate_adv,2021,1633.487
hkg,sex_t,age_aggregate_total,edu_aggregate_adv,2022,1654.833
hkg,sex_t,age_aggregate_total,edu_aggregate_adv,2023,1768.679
hkg,sex_t,age_aggregate_total,edu_aggregate_adv,2024,1794.573
hkg,sex_t,age_aggregate_total,edu_aggregate_bas,2009,2015.5
hkg,sex_t,age_aggregate_total,edu_aggregate_bas,2010,2301.024
hkg,sex_t,age_aggregate_total,edu_aggregate_bas,2011,2248.972
hkg,sex_t,age_aggregate_total,edu_aggregate_bas,2012,2228.634
hkg,sex_t,age_aggregate_total,edu_aggregate_bas,2013,2212.063
hkg,sex_t,age_aggregate_total,edu_aggregate_bas,2014,2205.325
hkg,sex_t,age_aggregate_total,edu_aggregate_bas,2015,2175.305
hkg,sex_t,age_aggregate_total,edu_aggregate_bas,2016,2159.162
hkg,sex_t,age_aggregate_total,edu_aggregate_bas,2017,2155.778
hkg,sex_t,age_aggregate_total,edu_aggregate_bas,2018,2146.748
hkg,sex_t,age_aggregate_total,edu_aggregate_bas,2019,2168.241
hkg,sex_t,age_aggregate_total,edu_aggregate_bas,2020,2128.991
hkg,sex_t,age_aggregate_total,edu_aggregate_bas,2021,2121.473
hkg,sex_t,age_aggregate_total,edu_aggregate_bas,2022,2110.566
hkg,sex_t,age_aggregate_total,edu_aggregate_bas,2023,2114.698
hkg,sex_t,age_aggregate_total,edu_aggregate_bas,2024,2088.891
hkg,sex_t,age_aggregate_total,edu_aggregate_int,2009,2374.9
hkg,sex_t,age_aggregate_total,edu_aggregate_int,2010,2667.54
hkg,sex_t,age_aggregate_total,edu_aggregate_int,2011,2719.559
hkg,sex_t,age_aggregate_total,edu_aggregate_int,2012,2758.367
hkg,sex_t,age_aggregate_total,edu_aggregate_int,2013,2756.015
hkg,sex_t,age_aggregate_total,edu_aggregate_int,2014,2741.87
hkg,sex_t,age_aggregate_total,edu_aggregate_int,2015,2723.068
hkg,sex_t,age_aggregate_total,edu_aggregate_int,2016,2720.12
hkg,sex_t,age_aggregate_total,edu_aggregate_int,2017,2715.527
hkg,sex_t,age_aggregate_total,edu_aggregate_int,2018,2725.56
hkg,sex_t,age_aggregate_total,edu_aggregate_int,2019,2746.776
hkg,sex_t,age_aggregate_total,edu_aggregate_int,2020,2769.549
hkg,sex_t,age_aggregate_total,edu_aggregate_int,2021,2763.647
hkg,sex_t,age_aggregate_total,edu_aggregate_int,2022,2721.604
hkg,sex_t,age_aggregate_total,edu_aggregate_int,2023,2783.989
hkg,sex_t,age_aggregate_total,edu_aggregate_int,2024,2799.578
hkg,sex_t,age_aggregate_total,edu_aggregate_ltb,2009,314.1
hkg,sex_t,age_aggregate_total,edu_aggregate_total,2009,6022.9
hkg,sex_t,age_aggregate_total,edu_aggregate_total,2010,6093.838
hkg,sex_t,age_aggregate_total,edu_aggregate_total,2011,6164.351
hkg,sex_t,age_aggregate_total,edu_aggregate_total,2012,6251.491
hkg,sex_t,age_aggregate_total,edu_aggregate_total,2013,6297.512
hkg,sex_t,age_aggregate_total,edu_aggregate_total,2014,6340.113
hkg,sex_t,age_aggregate_total,edu_aggregate_total,2015,6383.684
hkg,sex_t,age_aggregate_total,edu_aggregate_total,2016,6420.914
hkg,sex_t,age_aggregate_total,edu_aggregate_total,2017,6472.514
hkg,sex_t,age_aggregate_total,edu_aggregate_total,2018,6522.634
hkg,sex_t,age_aggregate_total,edu_aggregate_total,2019,6572.656
hkg,sex_t,age_aggregate_total,edu_aggregate_total,2020,6562.218
hkg,sex_t,age_aggregate_total,edu_aggregate_total,2021,6518.607
hkg,sex_t,age_aggregate_total,edu_aggregate_total,2022,6487.003
hkg,sex_t,age_aggregate_total,edu_aggregate_total,2023,6667.366
hkg,sex_t,age_aggregate_total,edu_aggregate_total,2024,6683.042
hkg,sex_t,age_aggregate_total,edu_isced97_0,2009,0.3
hkg,sex_t,age_aggregate_total,edu_isced97_1,2009,1057.8
hkg,sex_t,age_aggregate_total,edu_isced97_2,2009,957.7
hkg,sex_t,age_aggregate_total,edu_isced97_3,2009,2024
hkg,sex_t,age_aggregate_total,edu_isced97_4,2009,350.9
hkg,sex_t,age_aggregate_total,edu_isced97_5,2009,1113.6
hkg,sex_t,age_aggregate_total,edu_isced97_6,2009,204.9
hkg,sex_t,age_aggregate_total,edu_isced97_total,2009,6022.9
hkg,sex_t,age_aggregate_total,edu_isced97_x,2009,313.8
hkg,sex_t,age_aggregate_y15_24,edu_aggregate_adv,2009,268.3
hkg,sex_t,age_aggregate_y15_24,edu_aggregate_adv,2010,206.16
hkg,sex_t,age_aggregate_y15_24,edu_aggregate_adv,2011,206.586
hkg,sex_t,age_aggregate_y15_24,edu_aggregate_adv,2012,228.844
hkg,sex_t,age_aggregate_y15_24,edu_aggregate_adv,2013,252.103
hkg,sex_t,age_aggregate_y15_24,edu_aggregate_adv,2014,262.579
hkg,sex_t,age_aggregate_y15_24,edu_aggregate_adv,2015,275.385
hkg,sex_t,age_aggregate_y15_24,edu_aggregate_adv,2016,287.636
hkg,sex_t,age_aggregate_y15_24,edu_aggregate_adv,2017,290.156
hkg,sex_t,age_aggregate_y15_24,edu_aggregate_adv,2018,288.458
hkg,sex_t,age_aggregate_y15_24,edu_aggregate_adv,2019,276.704
hkg,sex_t,age_aggregate_y15_24,edu_aggregate_adv,2020,251.924
hkg,sex_t,age_aggregate_y15_24,edu_aggregate_adv,2021,233.663
hkg,sex_t,age_aggregate_y15_24,edu_aggregate_adv,2022,228.84
hkg,sex_t,age_aggregate_y15_24,edu_aggregate_adv,2023,262.83
hkg,sex_t,age_aggregate_y15_24,edu_aggregate_adv,2024,254.683
hkg,sex_t,age_aggregate_y15_24,edu_aggregate_bas,2009,96.5
hkg,sex_t,age_aggregate_y15_24,edu_aggregate_bas,2010,88.622
hkg,sex_t,age_aggregate_y15_24,edu_aggregate_bas,2011,88.417
hkg,sex_t,age_aggregate_y15_24,edu_aggregate_bas,2012,77.247
hkg,sex_t,age_aggregate_y15_24,edu_aggregate_bas,2013,71.291
hkg,sex_t,age_aggregate_y15_24,edu_aggregate_bas,2014,66.593
hkg,sex_t,age_aggregate_y15_24,edu_aggregate_bas,2015,63.735
hkg,sex_t,age_aggregate_y15_24,edu_aggregate_bas,2016,56.675
hkg,sex_t,age_aggregate_y15_24,edu_aggregate_bas,2017,55.151
hkg,sex_t,age_aggregate_y15_24,edu_aggregate_bas,2018,48.985
hkg,sex_t,age_aggregate_y15_24,edu_aggregate_bas,2019,45.464
hkg,sex_t,age_aggregate_y15_24,edu_aggregate_bas,2020,44.436
hkg,sex_t,age_aggregate_y15_24,edu_aggregate_bas,2021,39.631
hkg,sex_t,age_aggregate_y15_24,edu_aggregate_bas,2022,42.342
hkg,sex_t,age_aggregate_y15_24,edu_aggregate_bas,2023,39.688
hkg,sex_t,age_aggregate_y15_24,edu_aggregate_bas,2024,39.409
hkg,sex_t,age_aggregate_y15_24,edu_aggregate_int,2009,516.6
hkg,sex_t,age_aggregate_y15_24,edu_aggregate_int,2010,581.204
hkg,sex_t,age_aggregate_y15_24,edu_aggregate_int,2011,576.809
hkg,sex_t,age_aggregate_y15_24,edu_aggregate_int,2012,568.259
hkg,sex_t,age_aggregate_y15_24,edu_aggregate_int,2013,536.609
hkg,sex_t,age_aggregate_y15_24,edu_aggregate_int,2014,505.023
hkg,sex_t,age_aggregate_y15_24,edu_aggregate_int,2015,469.195
hkg,sex_t,age_aggregate_y15_24,edu_aggregate_int,2016,438.652
hkg,sex_t,age_aggregate_y15_24,edu_aggregate_int,2017,402.959
hkg,sex_t,age_aggregate_y15_24,edu_aggregate_int,2018,378.434
hkg,sex_t,age_aggregate_y15_24,edu_aggregate_int,2019,355.378
hkg,sex_t,age_aggregate_y15_24,edu_aggregate_int,2020,337.932
hkg,sex_t,age_aggregate_y15_24,edu_aggregate_int,2021,314.556
hkg,sex_t,age_aggregate_y15_24,edu_aggregate_int,2022,298.236
hkg,sex_t,age_aggregate_y15_24,edu_aggregate_int,2023,304.763
hkg,sex_t,age_aggregate_y15_24,edu_aggregate_int,2024,300.233
hkg,sex_t,age_aggregate_y15_24,edu_aggregate_total,2009,881.7
hkg,sex_t,age_aggregate_y15_24,edu_aggregate_total,2010,875.986
hkg,sex_t,age_aggregate_y15_24,edu_aggregate_total,2011,871.812
hkg,sex_t,age_aggregate_y15_24,edu_aggregate_total,2012,874.35
hkg,sex_t,age_aggregate_y15_24,edu_aggregate_total,2013,860.003
hkg,sex_t,age_aggregate_y15_24,edu_aggregate_total,2014,834.195
hkg,sex_t,age_aggregate_y15_24,edu_aggregate_total,2015,808.316
hkg,sex_t,age_aggregate_y15_24,edu_aggregate_total,2016,782.964
hkg,sex_t,age_aggregate_y15_24,edu_aggregate_total,2017,748.267
hkg,sex_t,age_aggregate_y15_24,edu_aggregate_total,2018,715.878
hkg,sex_t,age_aggregate_y15_24,edu_aggregate_total,2019,677.546
hkg,sex_t,age_aggregate_y15_24,edu_aggregate_total,2020,634.292
hkg,sex_t,age_aggregate_y15_24,edu_aggregate_total,2021,587.849
hkg,sex_t,age_aggregate_y15_24,edu_aggregate_total,2022,569.418
hkg,sex_t,age_aggregate_y15_24,edu_aggregate_total,2023,607.281
hkg,sex_t,age_aggregate_y15_24,edu_aggregate_total,2024,594.325
hkg,sex_t,age_aggregate_y15_24,edu_isced97_1,2009,5.1
hkg,sex_t,age_aggregate_y15_24,edu_isced97_2,2009,91.4
hkg,sex_t,age_aggregate_y15_24,edu_isced97_3,2009,409.4
hkg,sex_t,age_aggregate_y15_24,edu_isced97_4,2009,107.2
hkg,sex_t,age_aggregate_y15_24,edu_isced97_5,2009,256.1
hkg,sex_t,age_aggregate_y15_24,edu_isced97_6,2009,12.2
hkg,sex_t,age_aggregate_y15_24,edu_isced97_total,2009,881.7
hkg,sex_t,age_aggregate_y25_54,edu_aggregate_adv,2010,813.434
hkg,sex_t,age_aggregate_y25_54,edu_aggregate_adv,2011,869.972
hkg,sex_t,age_aggregate_y25_54,edu_aggregate_adv,2012,907.347
hkg,sex_t,age_aggregate_y25_54,edu_aggregate_adv,2013,935.323
hkg,sex_t,age_aggregate_y25_54,edu_aggregate_adv,2014,975.158
hkg,sex_t,age_aggregate_y25_54,edu_aggregate_adv,2015,1040.312
hkg,sex_t,age_aggregate_y25_54,edu_aggregate_adv,2016,1066.724
hkg,sex_t,age_aggregate_y25_54,edu_aggregate_adv,2017,1110.638
hkg,sex_t,age_aggregate_y25_54,edu_aggregate_adv,2018,1136.406
hkg,sex_t,age_aggregate_y25_54,edu_aggregate_adv,2019,1142.557
hkg,sex_t,age_aggregate_y25_54,edu_aggregate_adv,2020,1166.578
hkg,sex_t,age_aggregate_y25_54,edu_aggregate_adv,2021,1151.314
hkg,sex_t,age_aggregate_y25_54,edu_aggregate_adv,2022,1146.53
hkg,sex_t,age_aggregate_y25_54,edu_aggregate_adv,2023,1198.343
hkg,sex_t,age_aggregate_y25_54,edu_aggregate_adv,2024,1219.064
hkg,sex_t,age_aggregate_y25_54,edu_aggregate_bas,2010,977.389
hkg,sex_t,age_aggregate_y25_54,edu_aggregate_bas,2011,909.727
hkg,sex_t,age_aggregate_y25_54,edu_aggregate_bas,2012,858.794
hkg,sex_t,age_aggregate_y25_54,edu_aggregate_bas,2013,815.696
hkg,sex_t,age_aggregate_y25_54,edu_aggregate_bas,2014,777.121
hkg,sex_t,age_aggregate_y25_54,edu_aggregate_bas,2015,733.562
hkg,sex_t,age_aggregate_y25_54,edu_aggregate_bas,2016,689.837
hkg,sex_t,age_aggregate_y25_54,edu_aggregate_bas,2017,661.763
hkg,sex_t,age_aggregate_y25_54,edu_aggregate_bas,2018,624.359
hkg,sex_t,age_aggregate_y25_54,edu_aggregate_bas,2019,627.939
hkg,sex_t,age_aggregate_y25_54,edu_aggregate_bas,2020,597.419
hkg,sex_t,age_aggregate_y25_54,edu_aggregate_bas,2021,564.847
hkg,sex_t,age_aggregate_y25_54,edu_aggregate_bas,2022,538.155
hkg,sex_t,age_aggregate_y25_54,edu_aggregate_bas,2023,525.45
hkg,sex_t,age_aggregate_y25_54,edu_aggregate_bas,2024,494.963
hkg,sex_t,age_aggregate_y25_54,edu_aggregate_int,2010,1709.135
hkg,sex_t,age_aggregate_y25_54,edu_aggregate_int,2011,1713.812
hkg,sex_t,age_aggregate_y25_54,edu_aggregate_int,2012,1730.686
hkg,sex_t,age_aggregate_y25_54,edu_aggregate_int,2013,1722.78
hkg,sex_t,age_aggregate_y25_54,edu_aggregate_int,2014,1707.125
hkg,sex_t,age_aggregate_y25_54,edu_aggregate_int,2015,1668.726
hkg,sex_t,age_aggregate_y25_54,edu_aggregate_int,2016,1667.596
hkg,sex_t,age_aggregate_y25_54,edu_aggregate_int,2017,1646.091
hkg,sex_t,age_aggregate_y25_54,edu_aggregate_int,2018,1638.473
hkg,sex_t,age_aggregate_y25_54,edu_aggregate_int,2019,1627.8
hkg,sex_t,age_aggregate_y25_54,edu_aggregate_int,2020,1600.093
hkg,sex_t,age_aggregate_y25_54,edu_aggregate_int,2021,1586.306
hkg,sex_t,age_aggregate_y25_54,edu_aggregate_int,2022,1537.564
hkg,sex_t,age_aggregate_y25_54,edu_aggregate_int,2023,1525.042
hkg,sex_t,age_aggregate_y25_54,edu_aggregate_int,2024,1506.59
hkg,sex_t,age_aggregate_y25_54,edu_aggregate_total,2010,3499.959
hkg,sex_t,age_aggregate_y25_54,edu_aggregate_total,2011,3493.511
hkg,sex_t,age_aggregate_y25_54,edu_aggregate_total,2012,3496.828
hkg,sex_t,age_aggregate_y25_54,edu_aggregate_total,2013,3473.799
hkg,sex_t,age_aggregate_y25_54,edu_aggregate_total,2014,3459.404
hkg,sex_t,age_aggregate_y25_54,edu_aggregate_total,2015,3442.599
hkg,sex_t,age_aggregate_y25_54,edu_aggregate_total,2016,3424.157
hkg,sex_t,age_aggregate_y25_54,edu_aggregate_total,2017,3418.492
hkg,sex_t,age_aggregate_y25_54,edu_aggregate_total,2018,3399.238
hkg,sex_t,age_aggregate_y25_54,edu_aggregate_total,2019,3398.297
hkg,sex_t,age_aggregate_y25_54,edu_aggregate_total,2020,3364.089
hkg,sex_t,age_aggregate_y25_54,edu_aggregate_total,2021,3302.467
hkg,sex_t,age_aggregate_y25_54,edu_aggregate_total,2022,3222.249
hkg,sex_t,age_aggregate_y25_54,edu_aggregate_total,2023,3248.836
hkg,sex_t,age_aggregate_y25_54,edu_aggregate_total,2024,3220.617
hkg,sex_t,age_aggregate_y55_64,edu_aggregate_adv,2009,78.2
hkg,sex_t,age_aggregate_y55_64,edu_aggregate_adv,2010,63.33
hkg,sex_t,age_aggregate_y55_64,edu_aggregate_adv,2011,72.109
hkg,sex_t,age_aggregate_y55_64,edu_aggregate_adv,2012,77.767
hkg,sex_t,age_aggregate_y55_64,edu_aggregate_adv,2013,84.752
hkg,sex_t,age_aggregate_y55_64,edu_aggregate_adv,2014,95.424
hkg,sex_t,age_aggregate_y55_64,edu_aggregate_adv,2015,103.129
hkg,sex_t,age_aggregate_y55_64,edu_aggregate_adv,2016,116.519
hkg,sex_t,age_aggregate_y55_64,edu_aggregate_adv,2017,131.714
hkg,sex_t,age_aggregate_y55_64,edu_aggregate_adv,2018,144.761
hkg,sex_t,age_aggregate_y55_64,edu_aggregate_adv,2019,156.293
hkg,sex_t,age_aggregate_y55_64,edu_aggregate_adv,2020,161.195
hkg,sex_t,age_aggregate_y55_64,edu_aggregate_adv,2021,161.748
hkg,sex_t,age_aggregate_y55_64,edu_aggregate_adv,2022,178.673
hkg,sex_t,age_aggregate_y55_64,edu_aggregate_adv,2023,192.439
hkg,sex_t,age_aggregate_y55_64,edu_aggregate_adv,2024,192.696
hkg,sex_t,age_aggregate_y55_64,edu_aggregate_bas,2009,471.1
hkg,sex_t,age_aggregate_y55_64,edu_aggregate_bas,2010,544.067
hkg,sex_t,age_aggregate_y55_64,edu_aggregate_bas,2011,556.241
hkg,sex_t,age_aggregate_y55_64,edu_aggregate_bas,2012,584.495
hkg,sex_t,age_aggregate_y55_64,edu_aggregate_bas,2013,597.333
hkg,sex_t,age_aggregate_y55_64,edu_aggregate_bas,2014,606.105
hkg,sex_t,age_aggregate_y55_64,edu_aggregate_bas,2015,598.918
hkg,sex_t,age_aggregate_y55_64,edu_aggregate_bas,2016,595.562
hkg,sex_t,age_aggregate_y55_64,edu_aggregate_bas,2017,590.974
hkg,sex_t,age_aggregate_y55_64,edu_aggregate_bas,2018,599.233
hkg,sex_t,age_aggregate_y55_64,edu_aggregate_bas,2019,580.109
hkg,sex_t,age_aggregate_y55_64,edu_aggregate_bas,2020,557.217
hkg,sex_t,age_aggregate_y55_64,edu_aggregate_bas,2021,537.736
hkg,sex_t,age_aggregate_y55_64,edu_aggregate_bas,2022,507.924
hkg,sex_t,age_aggregate_y55_64,edu_aggregate_bas,2023,485.206
hkg,sex_t,age_aggregate_y55_64,edu_aggregate_bas,2024,464.08
hkg,sex_t,age_aggregate_y55_64,edu_aggregate_int,2009,214.6
hkg,sex_t,age_aggregate_y55_64,edu_aggregate_int,2010,253.549
hkg,sex_t,age_aggregate_y55_64,edu_aggregate_int,2011,288.8
hkg,sex_t,age_aggregate_y55_64,edu_aggregate_int,2012,301.175
hkg,sex_t,age_aggregate_y55_64,edu_aggregate_int,2013,323.764
hkg,sex_t,age_aggregate_y55_64,edu_aggregate_int,2014,343.133
hkg,sex_t,age_aggregate_y55_64,edu_aggregate_int,2015,376.188
hkg,sex_t,age_aggregate_y55_64,edu_aggregate_int,2016,399.171
hkg,sex_t,age_aggregate_y55_64,edu_aggregate_int,2017,428.333
hkg,sex_t,age_aggregate_y55_64,edu_aggregate_int,2018,456.655
hkg,sex_t,age_aggregate_y55_64,edu_aggregate_int,2019,494.488
hkg,sex_t,age_aggregate_y55_64,edu_aggregate_int,2020,524.347
hkg,sex_t,age_aggregate_y55_64,edu_aggregate_int,2021,537.141
hkg,sex_t,age_aggregate_y55_64,edu_aggregate_int,2022,538.836
hkg,sex_t,age_aggregate_y55_64,edu_aggregate_int,2023,552.123
hkg,sex_t,age_aggregate_y55_64,edu_aggregate_int,2024,555.551
hkg,sex_t,age_aggregate_y55_64,edu_aggregate_ltb,2009,42.7
hkg,sex_t,age_aggregate_y55_64,edu_aggregate_total,2009,806.6
hkg,sex_t,age_aggregate_y55_64,edu_aggregate_total,2010,860.945
hkg,sex_t,age_aggregate_y55_64,edu_aggregate_total,2011,917.151
hkg,sex_t,age_aggregate_y55_64,edu_aggregate_total,2012,963.436
hkg,sex_t,age_aggregate_y55_64,edu_aggregate_total,2013,1005.849
hkg,sex_t,age_aggregate_y55_64,edu_aggregate_total,2014,1044.662
hkg,sex_t,age_aggregate_y55_64,edu_aggregate_total,2015,1078.236
hkg,sex_t,age_aggregate_y55_64,edu_aggregate_total,2016,1111.252
hkg,sex_t,age_aggregate_y55_64,edu_aggregate_total,2017,1151.021
hkg,sex_t,age_aggregate_y55_64,edu_aggregate_total,2018,1200.648
hkg,sex_t,age_aggregate_y55_64,edu_aggregate_total,2019,1230.889
hkg,sex_t,age_aggregate_y55_64,edu_aggregate_total,2020,1242.758
hkg,sex_t,age_aggregate_y55_64,edu_aggregate_total,2021,1236.625
hkg,sex_t,age_aggregate_y55_64,edu_aggregate_total,2022,1225.434
hkg,sex_t,age_aggregate_y55_64,edu_aggregate_total,2023,1229.768
hkg,sex_t,age_aggregate_y55_64,edu_aggregate_total,2024,1212.326
hkg,sex_t,age_aggregate_y55_64,edu_isced97_1,2009,315.2
hkg,sex_t,age_aggregate_y55_64,edu_isced97_2,2009,155.9
hkg,sex_t,age_aggregate_y55_64,edu_isced97_3,2009,185
hkg,sex_t,age_aggregate_y55_64,edu_isced97_4,2009,29.6
hkg,sex_t,age_aggregate_y55_64,edu_isced97_5,2009,66
hkg,sex_t,age_aggregate_y55_64,edu_isced97_6,2009,12.2
hkg,sex_t,age_aggregate_y55_64,edu_isced97_total,2009,806.6
hkg,sex_t,age_aggregate_y55_64,edu_isced97_x,2009,42.7
hkg,sex_t,age_aggregate_yge65,edu_aggregate_adv,2009,54.8
hkg,sex_t,age_aggregate_yge65,edu_aggregate_adv,2010,42.35
hkg,sex_t,age_aggregate_yge65,edu_aggregate_adv,2011,47.152
hkg,sex_t,age_aggregate_yge65,edu_aggregate_adv,2012,50.532
hkg,sex_t,age_aggregate_yge65,edu_aggregate_adv,2013,57.256
hkg,sex_t,age_aggregate_yge65,edu_aggregate_adv,2014,59.756
hkg,sex_t,age_aggregate_yge65,edu_aggregate_adv,2015,66.484
hkg,sex_t,age_aggregate_yge65,edu_aggregate_adv,2016,70.753
hkg,sex_t,age_aggregate_yge65,edu_aggregate_adv,2017,68.701
hkg,sex_t,age_aggregate_yge65,edu_aggregate_adv,2018,80.701
hkg,sex_t,age_aggregate_yge65,edu_aggregate_adv,2019,82.085
hkg,sex_t,age_aggregate_yge65,edu_aggregate_adv,2020,83.982
hkg,sex_t,age_aggregate_yge65,edu_aggregate_adv,2021,86.763
hkg,sex_t,age_aggregate_yge65,edu_aggregate_adv,2022,100.79
hkg,sex_t,age_aggregate_yge65,edu_aggregate_adv,2023,115.068
hkg,sex_t,age_aggregate_yge65,edu_aggregate_adv,2024,128.13
hkg,sex_t,age_aggregate_yge65,edu_aggregate_bas,2009,438.4
hkg,sex_t,age_aggregate_yge65,edu_aggregate_bas,2010,690.946
hkg,sex_t,age_aggregate_yge65,edu_aggregate_bas,2011,694.587
hkg,sex_t,age_aggregate_yge65,edu_aggregate_bas,2012,708.098
hkg,sex_t,age_aggregate_yge65,edu_aggregate_bas,2013,727.742
hkg,sex_t,age_aggregate_yge65,edu_aggregate_bas,2014,755.506
hkg,sex_t,age_aggregate_yge65,edu_aggregate_bas,2015,779.09
hkg,sex_t,age_aggregate_yge65,edu_aggregate_bas,2016,817.088
hkg,sex_t,age_aggregate_yge65,edu_aggregate_bas,2017,847.89
hkg,sex_t,age_aggregate_yge65,edu_aggregate_bas,2018,874.171
hkg,sex_t,age_aggregate_yge65,edu_aggregate_bas,2019,914.729
hkg,sex_t,age_aggregate_yge65,edu_aggregate_bas,2020,929.92
hkg,sex_t,age_aggregate_yge65,edu_aggregate_bas,2021,979.26
hkg,sex_t,age_aggregate_yge65,edu_aggregate_bas,2022,1022.144
hkg,sex_t,age_aggregate_yge65,edu_aggregate_bas,2023,1064.353
hkg,sex_t,age_aggregate_yge65,edu_aggregate_bas,2024,1090.439
hkg,sex_t,age_aggregate_yge65,edu_aggregate_int,2009,98.4
hkg,sex_t,age_aggregate_yge65,edu_aggregate_int,2010,123.652
hkg,sex_t,age_aggregate_yge65,edu_aggregate_int,2011,140.138
hkg,sex_t,age_aggregate_yge65,edu_aggregate_int,2012,158.247
hkg,sex_t,age_aggregate_yge65,edu_aggregate_int,2013,172.863
hkg,sex_t,age_aggregate_yge65,edu_aggregate_int,2014,186.589
hkg,sex_t,age_aggregate_yge65,edu_aggregate_int,2015,208.958
hkg,sex_t,age_aggregate_yge65,edu_aggregate_int,2016,214.7
hkg,sex_t,age_aggregate_yge65,edu_aggregate_int,2017,238.144
hkg,sex_t,age_aggregate_yge65,edu_aggregate_int,2018,251.999
hkg,sex_t,age_aggregate_yge65,edu_aggregate_int,2019,269.109
hkg,sex_t,age_aggregate_yge65,edu_aggregate_int,2020,307.177
hkg,sex_t,age_aggregate_yge65,edu_aggregate_int,2021,325.644
hkg,sex_t,age_aggregate_yge65,edu_aggregate_int,2022,346.968
hkg,sex_t,age_aggregate_yge65,edu_aggregate_int,2023,402.061
hkg,sex_t,age_aggregate_yge65,edu_aggregate_int,2024,437.204
hkg,sex_t,age_aggregate_yge65,edu_aggregate_ltb,2009,245.1
hkg,sex_t,age_aggregate_yge65,edu_aggregate_total,2009,836.8
hkg,sex_t,age_aggregate_yge65,edu_aggregate_total,2010,856.948
hkg,sex_t,age_aggregate_yge65,edu_aggregate_total,2011,881.877
hkg,sex_t,age_aggregate_yge65,edu_aggregate_total,2012,916.876
hkg,sex_t,age_aggregate_yge65,edu_aggregate_total,2013,957.861
hkg,sex_t,age_aggregate_yge65,edu_aggregate_total,2014,1001.851
hkg,sex_t,age_aggregate_yge65,edu_aggregate_total,2015,1054.533
hkg,sex_t,age_aggregate_yge65,edu_aggregate_total,2016,1102.541
hkg,sex_t,age_aggregate_yge65,edu_aggregate_total,2017,1154.735
hkg,sex_t,age_aggregate_yge65,edu_aggregate_total,2018,1206.871
hkg,sex_t,age_aggregate_yge65,edu_aggregate_total,2019,1265.924
hkg,sex_t,age_aggregate_yge65,edu_aggregate_total,2020,1321.079
hkg,sex_t,age_aggregate_yge65,edu_aggregate_total,2021,1391.666
hkg,sex_t,age_aggregate_yge65,edu_aggregate_total,2022,1469.902
hkg,sex_t,age_aggregate_yge65,edu_aggregate_total,2023,1581.481
hkg,sex_t,age_aggregate_yge65,edu_aggregate_total,2024,1655.773
hkg,sex_t,age_aggregate_yge65,edu_isced97_1,2009,351.6
hkg,sex_t,age_aggregate_yge65,edu_isced97_2,2009,86.8
hkg,sex_t,age_aggregate_yge65,edu_isced97_3,2009,82.3
hkg,sex_t,age_aggregate_yge65,edu_isced97_4,2009,16.1
hkg,sex_t,age_aggregate_yge65,edu_isced97_5,2009,51.5
hkg,sex_t,age_aggregate_yge65,edu_isced97_6,2009,3.3
hkg,sex_t,age_aggregate_yge65,edu_isced97_total,2009,836.8
hkg,sex_t,age_aggregate_yge65,edu_isced97_x,2009,245.1
hkg,sex_t,age_ythadult_y15_24,edu_aggregate_adv,2009,268.3
hkg,sex_t,age_ythadult_y15_24,edu_aggregate_adv,2010,206.16
hkg,sex_t,age_ythadult_y15_24,edu_aggregate_adv,2011,206.586
hkg,sex_t,age_ythadult_y15_24,edu_aggregate_adv,2012,228.844
hkg,sex_t,age_ythadult_y15_24,edu_aggregate_adv,2013,252.103
hkg,sex_t,age_ythadult_y15_24,edu_aggregate_adv,2014,262.579
hkg,sex_t,age_ythadult_y15_24,edu_aggregate_adv,2015,275.385
hkg,sex_t,age_ythadult_y15_24,edu_aggregate_adv,2016,287.636
hkg,sex_t,age_ythadult_y15_24,edu_aggregate_adv,2017,290.156
hkg,sex_t,age_ythadult_y15_24,edu_aggregate_adv,2018,288.458
hkg,sex_t,age_ythadult_y15_24,edu_aggregate_adv,2019,276.704
hkg,sex_t,age_ythadult_y15_24,edu_aggregate_adv,2020,251.924
hkg,sex_t,age_ythadult_y15_24,edu_aggregate_adv,2021,233.663
hkg,sex_t,age_ythadult_y15_24,edu_aggregate_adv,2022,228.84
hkg,sex_t,age_ythadult_y15_24,edu_aggregate_adv,2023,262.83
hkg,sex_t,age_ythadult_y15_24,edu_aggregate_adv,2024,254.683
hkg,sex_t,age_ythadult_y15_24,edu_aggregate_bas,2009,96.5
hkg,sex_t,age_ythadult_y15_24,edu_aggregate_bas,2010,88.622
hkg,sex_t,age_ythadult_y15_24,edu_aggregate_bas,2011,88.417
hkg,sex_t,age_ythadult_y15_24,edu_aggregate_bas,2012,77.247
hkg,sex_t,age_ythadult_y15_24,edu_aggregate_bas,2013,71.291
hkg,sex_t,age_ythadult_y15_24,edu_aggregate_bas,2014,66.593
hkg,sex_t,age_ythadult_y15_24,edu_aggregate_bas,2015,63.735
hkg,sex_t,age_ythadult_y15_24,edu_aggregate_bas,2016,56.675
hkg,sex_t,age_ythadult_y15_24,edu_aggregate_bas,2017,55.151
hkg,sex_t,age_ythadult_y15_24,edu_aggregate_bas,2018,48.985
hkg,sex_t,age_ythadult_y15_24,edu_aggregate_bas,2019,45.464
hkg,sex_t,age_ythadult_y15_24,edu_aggregate_bas,2020,44.436
hkg,sex_t,age_ythadult_y15_24,edu_aggregate_bas,2021,39.631
hkg,sex_t,age_ythadult_y15_24,edu_aggregate_bas,2022,42.342
hkg,sex_t,age_ythadult_y15_24,edu_aggregate_bas,2023,39.688
hkg,sex_t,age_ythadult_y15_24,edu_aggregate_bas,2024,39.409
hkg,sex_t,age_ythadult_y15_24,edu_aggregate_int,2009,516.6
hkg,sex_t,age_ythadult_y15_24,edu_aggregate_int,2010,581.204
hkg,sex_t,age_ythadult_y15_24,edu_aggregate_int,2011,576.809
hkg,sex_t,age_ythadult_y15_24,edu_aggregate_int,2012,568.259
hkg,sex_t,age_ythadult_y15_24,edu_aggregate_int,2013,536.609
hkg,sex_t,age_ythadult_y15_24,edu_aggregate_int,2014,505.023
hkg,sex_t,age_ythadult_y15_24,edu_aggregate_int,2015,469.195
hkg,sex_t,age_ythadult_y15_24,edu_aggregate_int,2016,438.652
hkg,sex_t,age_ythadult_y15_24,edu_aggregate_int,2017,402.959
hkg,sex_t,age_ythadult_y15_24,edu_aggregate_int,2018,378.434
hkg,sex_t,age_ythadult_y15_24,edu_aggregate_int,2019,355.378
hkg,sex_t,age_ythadult_y15_24,edu_aggregate_int,2020,337.932
hkg,sex_t,age_ythadult_y15_24,edu_aggregate_int,2021,314.556
hkg,sex_t,age_ythadult_y15_24,edu_aggregate_int,2022,298.236
hkg,sex_t,age_ythadult_y15_24,edu_aggregate_int,2023,304.763
hkg,sex_t,age_ythadult_y15_24,edu_aggregate_int,2024,300.233
hkg,sex_t,age_ythadult_y15_24,edu_aggregate_total,2009,881.7
hkg,sex_t,age_ythadult_y15_24,edu_aggregate_total,2010,875.986
hkg,sex_t,age_ythadult_y15_24,edu_aggregate_total,2011,871.812
hkg,sex_t,age_ythadult_y15_24,edu_aggregate_total,2012,874.35
hkg,sex_t,age_ythadult_y15_24,edu_aggregate_total,2013,860.003
hkg,sex_t,age_ythadult_y15_24,edu_aggregate_total,2014,834.195
hkg,sex_t,age_ythadult_y15_24,edu_aggregate_total,2015,808.316
hkg,sex_t,age_ythadult_y15_24,edu_aggregate_total,2016,782.964
hkg,sex_t,age_ythadult_y15_24,edu_aggregate_total,2017,748.267
hkg,sex_t,age_ythadult_y15_24,edu_aggregate_total,2018,715.878
hkg,sex_t,age_ythadult_y15_24,edu_aggregate_total,2019,677.546
hkg,sex_t,age_ythadult_y15_24,edu_aggregate_total,2020,634.292
hkg,sex_t,age_ythadult_y15_24,edu_aggregate_total,2021,587.849
hkg,sex_t,age_ythadult_y15_24,edu_aggregate_total,2022,569.418
hkg,sex_t,age_ythadult_y15_24,edu_aggregate_total,2023,607.281
hkg,sex_t,age_ythadult_y15_24,edu_aggregate_total,2024,594.325
hkg,sex_t,age_ythadult_y15_24,edu_isced97_1,2009,5.1
hkg,sex_t,age_ythadult_y15_24,edu_isced97_2,2009,91.4
hkg,sex_t,age_ythadult_y15_24,edu_isced97_3,2009,409.4
hkg,sex_t,age_ythadult_y15_24,edu_isced97_4,2009,107.2
hkg,sex_t,age_ythadult_y15_24,edu_isced97_5,2009,256.1
hkg,sex_t,age_ythadult_y15_24,edu_isced97_6,2009,12.2
hkg,sex_t,age_ythadult_y15_24,edu_isced97_total,2009,881.7
hkg,sex_t,age_ythadult_y15_64,edu_aggregate_adv,2010,1082.924
hkg,sex_t,age_ythadult_y15_64,edu_aggregate_adv,2011,1148.667
hkg,sex_t,age_ythadult_y15_64,edu_aggregate_adv,2012,1213.958
hkg,sex_t,age_ythadult_y15_64,edu_aggregate_adv,2013,1272.178
hkg,sex_t,age_ythadult_y15_64,edu_aggregate_adv,2014,1333.162
hkg,sex_t,age_ythadult_y15_64,edu_aggregate_adv,2015,1418.826
hkg,sex_t,age_ythadult_y15_64,edu_aggregate_adv,2016,1470.879
hkg,sex_t,age_ythadult_y15_64,edu_aggregate_adv,2017,1532.508
hkg,sex_t,age_ythadult_y15_64,edu_aggregate_adv,2018,1569.625
hkg,sex_t,age_ythadult_y15_64,edu_aggregate_adv,2019,1575.554
hkg,sex_t,age_ythadult_y15_64,edu_aggregate_adv,2020,1579.696
hkg,sex_t,age_ythadult_y15_64,edu_aggregate_adv,2021,1546.724
hkg,sex_t,age_ythadult_y15_64,edu_aggregate_adv,2022,1554.043
hkg,sex_t,age_ythadult_y15_64,edu_aggregate_adv,2023,1653.611
hkg,sex_t,age_ythadult_y15_64,edu_aggregate_adv,2024,1666.442
hkg,sex_t,age_ythadult_y15_64,edu_aggregate_bas,2010,1610.078
hkg,sex_t,age_ythadult_y15_64,edu_aggregate_bas,2011,1554.385
hkg,sex_t,age_ythadult_y15_64,edu_aggregate_bas,2012,1520.536
hkg,sex_t,age_ythadult_y15_64,edu_aggregate_bas,2013,1484.321
hkg,sex_t,age_ythadult_y15_64,edu_aggregate_bas,2014,1449.819
hkg,sex_t,age_ythadult_y15_64,edu_aggregate_bas,2015,1396.215
hkg,sex_t,age_ythadult_y15_64,edu_aggregate_bas,2016,1342.074
hkg,sex_t,age_ythadult_y15_64,edu_aggregate_bas,2017,1307.888
hkg,sex_t,age_ythadult_y15_64,edu_aggregate_bas,2018,1272.576
hkg,sex_t,age_ythadult_y15_64,edu_aggregate_bas,2019,1253.512
hkg,sex_t,age_ythadult_y15_64,edu_aggregate_bas,2020,1199.071
hkg,sex_t,age_ythadult_y15_64,edu_aggregate_bas,2021,1142.214
hkg,sex_t,age_ythadult_y15_64,edu_aggregate_bas,2022,1088.421
hkg,sex_t,age_ythadult_y15_64,edu_aggregate_bas,2023,1050.345
hkg,sex_t,age_ythadult_y15_64,edu_aggregate_bas,2024,998.452
hkg,sex_t,age_ythadult_y15_64,edu_aggregate_int,2010,2543.887
hkg,sex_t,age_ythadult_y15_64,edu_aggregate_int,2011,2579.422
hkg,sex_t,age_ythadult_y15_64,edu_aggregate_int,2012,2600.12
hkg,sex_t,age_ythadult_y15_64,edu_aggregate_int,2013,2583.152
hkg,sex_t,age_ythadult_y15_64,edu_aggregate_int,2014,2555.281
hkg,sex_t,age_ythadult_y15_64,edu_aggregate_int,2015,2514.109
hkg,sex_t,age_ythadult_y15_64,edu_aggregate_int,2016,2505.42
hkg,sex_t,age_ythadult_y15_64,edu_aggregate_int,2017,2477.383
hkg,sex_t,age_ythadult_y15_64,edu_aggregate_int,2018,2473.562
hkg,sex_t,age_ythadult_y15_64,edu_aggregate_int,2019,2477.666
hkg,sex_t,age_ythadult_y15_64,edu_aggregate_int,2020,2462.372
hkg,sex_t,age_ythadult_y15_64,edu_aggregate_int,2021,2438.003
hkg,sex_t,age_ythadult_y15_64,edu_aggregate_int,2022,2374.637
hkg,sex_t,age_ythadult_y15_64,edu_aggregate_int,2023,2381.928
hkg,sex_t,age_ythadult_y15_64,edu_aggregate_int,2024,2362.374
hkg,sex_t,age_ythadult_y15_64,edu_aggregate_total,2010,5236.89
hkg,sex_t,age_ythadult_y15_64,edu_aggregate_total,2011,5282.474
hkg,sex_t,age_ythadult_y15_64,edu_aggregate_total,2012,5334.614
hkg,sex_t,age_ythadult_y15_64,edu_aggregate_total,2013,5339.651
hkg,sex_t,age_ythadult_y15_64,edu_aggregate_total,2014,5338.262
hkg,sex_t,age_ythadult_y15_64,edu_aggregate_total,2015,5329.151
hkg,sex_t,age_ythadult_y15_64,edu_aggregate_total,2016,5318.373
hkg,sex_t,age_ythadult_y15_64,edu_aggregate_total,2017,5317.779
hkg,sex_t,age_ythadult_y15_64,edu_aggregate_total,2018,5315.763
hkg,sex_t,age_ythadult_y15_64,edu_aggregate_total,2019,5306.732
hkg,sex_t,age_ythadult_y15_64,edu_aggregate_total,2020,5241.139
hkg,sex_t,age_ythadult_y15_64,edu_aggregate_total,2021,5126.941
hkg,sex_t,age_ythadult_y15_64,edu_aggregate_total,2022,5017.101
hkg,sex_t,age_ythadult_y15_64,edu_aggregate_total,2023,5085.885
hkg,sex_t,age_ythadult_y15_64,edu_aggregate_total,2024,5027.269
hkg,sex_t,age_ythadult_yge15,edu_aggregate_adv,2009,1318.5
hkg,sex_t,age_ythadult_yge15,edu_aggregate_adv,2010,1125.274
hkg,sex_t,age_ythadult_yge15,edu_aggregate_adv,2011,1195.82
hkg,sex_t,age_ythadult_yge15,edu_aggregate_adv,2012,1264.49
hkg,sex_t,age_ythadult_yge15,edu_aggregate_adv,2013,1329.434
hkg,sex_t,age_ythadult_yge15,edu_aggregate_adv,2014,1392.918
hkg,sex_t,age_ythadult_yge15,edu_aggregate_adv,2015,1485.31
hkg,sex_t,age_ythadult_yge15,edu_aggregate_adv,2016,1541.632
hkg,sex_t,age_ythadult_yge15,edu_aggregate_adv,2017,1601.209
hkg,sex_t,age_ythadult_yge15,edu_aggregate_adv,2018,1650.326
hkg,sex_t,age_ythadult_yge15,edu_aggregate_adv,2019,1657.639
hkg,sex_t,age_ythadult_yge15,edu_aggregate_adv,2020,1663.678
hkg,sex_t,age_ythadult_yge15,edu_aggregate_adv,2021,1633.487
hkg,sex_t,age_ythadult_yge15,edu_aggregate_adv,2022,1654.833
hkg,sex_t,age_ythadult_yge15,edu_aggregate_adv,2023,1768.679
hkg,sex_t,age_ythadult_yge15,edu_aggregate_adv,2024,1794.573
hkg,sex_t,age_ythadult_yge15,edu_aggregate_bas,2009,2015.5
hkg,sex_t,age_ythadult_yge15,edu_aggregate_bas,2010,2301.024
hkg,sex_t,age_ythadult_yge15,edu_aggregate_bas,2011,2248.972
hkg,sex_t,age_ythadult_yge15,edu_aggregate_bas,2012,2228.634
hkg,sex_t,age_ythadult_yge15,edu_aggregate_bas,2013,2212.063
hkg,sex_t,age_ythadult_yge15,edu_aggregate_bas,2014,2205.325
hkg,sex_t,age_ythadult_yge15,edu_aggregate_bas,2015,2175.305
hkg,sex_t,age_ythadult_yge15,edu_aggregate_bas,2016,2159.162
hkg,sex_t,age_ythadult_yge15,edu_aggregate_bas,2017,2155.778
hkg,sex_t,age_ythadult_yge15,edu_aggregate_bas,2018,2146.748
hkg,sex_t,age_ythadult_yge15,edu_aggregate_bas,2019,2168.241
hkg,sex_t,age_ythadult_yge15,edu_aggregate_bas,2020,2128.991
hkg,sex_t,age_ythadult_yge15,edu_aggregate_bas,2021,2121.473
hkg,sex_t,age_ythadult_yge15,edu_aggregate_bas,2022,2110.566
hkg,sex_t,age_ythadult_yge15,edu_aggregate_bas,2023,2114.698
hkg,sex_t,age_ythadult_yge15,edu_aggregate_bas,2024,2088.891
hkg,sex_t,age_ythadult_yge15,edu_aggregate_int,2009,2374.9
hkg,sex_t,age_ythadult_yge15,edu_aggregate_int,2010,2667.54
hkg,sex_t,age_ythadult_yge15,edu_aggregate_int,2011,2719.559
hkg,sex_t,age_ythadult_yge15,edu_aggregate_int,2012,2758.367
hkg,sex_t,age_ythadult_yge15,edu_aggregate_int,2013,2756.015
hkg,sex_t,age_ythadult_yge15,edu_aggregate_int,2014,2741.87
hkg,sex_t,age_ythadult_yge15,edu_aggregate_int,2015,2723.068
hkg,sex_t,age_ythadult_yge15,edu_aggregate_int,2016,2720.12
hkg,sex_t,age_ythadult_yge15,edu_aggregate_int,2017,2715.527
hkg,sex_t,age_ythadult_yge15,edu_aggregate_int,2018,2725.56
hkg,sex_t,age_ythadult_yge15,edu_aggregate_int,2019,2746.776
hkg,sex_t,age_ythadult_yge15,edu_aggregate_int,2020,2769.549
hkg,sex_t,age_ythadult_yge15,edu_aggregate_int,2021,2763.647
hkg,sex_t,age_ythadult_yge15,edu_aggregate_int,2022,2721.604
hkg,sex_t,age_ythadult_yge15,edu_aggregate_int,2023,2783.989
hkg,sex_t,age_ythadult_yge15,edu_aggregate_int,2024,2799.578
hkg,sex_t,age_ythadult_yge15,edu_aggregate_ltb,2009,314.1
hkg,sex_t,age_ythadult_yge15,edu_aggregate_total,2009,6022.9
hkg,sex_t,age_ythadult_yge15,edu_aggregate_total,2010,6093.838
hkg,sex_t,age_ythadult_yge15,edu_aggregate_total,2011,6164.351
hkg,sex_t,age_ythadult_yge15,edu_aggregate_total,2012,6251.491
hkg,sex_t,age_ythadult_yge15,edu_aggregate_total,2013,6297.512
hkg,sex_t,age_ythadult_yge15,edu_aggregate_total,2014,6340.113
hkg,sex_t,age_ythadult_yge15,edu_aggregate_total,2015,6383.684
hkg,sex_t,age_ythadult_yge15,edu_aggregate_total,2016,6420.914
hkg,sex_t,age_ythadult_yge15,edu_aggregate_total,2017,6472.514
hkg,sex_t,age_ythadult_yge15,edu_aggregate_total,2018,6522.634
hkg,sex_t,age_ythadult_yge15,edu_aggregate_total,2019,6572.656
hkg,sex_t,age_ythadult_yge15,edu_aggregate_total,2020,6562.218
hkg,sex_t,age_ythadult_yge15,edu_aggregate_total,2021,6518.607
hkg,sex_t,age_ythadult_yge15,edu_aggregate_total,2022,6487.003
hkg,sex_t,age_ythadult_yge15,edu_aggregate_total,2023,6667.366
hkg,sex_t,age_ythadult_yge15,edu_aggregate_total,2024,6683.042
hkg,sex_t,age_ythadult_yge15,edu_isced97_0,2009,0.3
hkg,sex_t,age_ythadult_yge15,edu_isced97_1,2009,1057.8
hkg,sex_t,age_ythadult_yge15,edu_isced97_2,2009,957.7
hkg,sex_t,age_ythadult_yge15,edu_isced97_3,2009,2024
hkg,sex_t,age_ythadult_yge15,edu_isced97_4,2009,350.9
hkg,sex_t,age_ythadult_yge15,edu_isced97_5,2009,1113.6
hkg,sex_t,age_ythadult_yge15,edu_isced97_6,2009,204.9
hkg,sex_t,age_ythadult_yge15,edu_isced97_total,2009,6022.9
hkg,sex_t,age_ythadult_yge15,edu_isced97_x,2009,313.8
hkg,sex_t,age_ythadult_yge25,edu_aggregate_adv,2009,1050.2
hkg,sex_t,age_ythadult_yge25,edu_aggregate_adv,2010,919.114
hkg,sex_t,age_ythadult_yge25,edu_aggregate_adv,2011,989.234
hkg,sex_t,age_ythadult_yge25,edu_aggregate_adv,2012,1035.646
hkg,sex_t,age_ythadult_yge25,edu_aggregate_adv,2013,1077.331
hkg,sex_t,age_ythadult_yge25,edu_aggregate_adv,2014,1130.338
hkg,sex_t,age_ythadult_yge25,edu_aggregate_adv,2015,1209.925
hkg,sex_t,age_ythadult_yge25,edu_aggregate_adv,2016,1253.996
hkg,sex_t,age_ythadult_yge25,edu_aggregate_adv,2017,1311.053
hkg,sex_t,age_ythadult_yge25,edu_aggregate_adv,2018,1361.868
hkg,sex_t,age_ythadult_yge25,edu_aggregate_adv,2019,1380.935
hkg,sex_t,age_ythadult_yge25,edu_aggregate_adv,2020,1411.754
hkg,sex_t,age_ythadult_yge25,edu_aggregate_adv,2021,1399.824
hkg,sex_t,age_ythadult_yge25,edu_aggregate_adv,2022,1425.993
hkg,sex_t,age_ythadult_yge25,edu_aggregate_adv,2023,1505.85
hkg,sex_t,age_ythadult_yge25,edu_aggregate_adv,2024,1539.89
hkg,sex_t,age_ythadult_yge25,edu_aggregate_bas,2009,1919
hkg,sex_t,age_ythadult_yge25,edu_aggregate_bas,2010,2212.402
hkg,sex_t,age_ythadult_yge25,edu_aggregate_bas,2011,2160.555
hkg,sex_t,age_ythadult_yge25,edu_aggregate_bas,2012,2151.387
hkg,sex_t,age_ythadult_yge25,edu_aggregate_bas,2013,2140.771
hkg,sex_t,age_ythadult_yge25,edu_aggregate_bas,2014,2138.732
hkg,sex_t,age_ythadult_yge25,edu_aggregate_bas,2015,2111.571
hkg,sex_t,age_ythadult_yge25,edu_aggregate_bas,2016,2102.486
hkg,sex_t,age_ythadult_yge25,edu_aggregate_bas,2017,2100.627
hkg,sex_t,age_ythadult_yge25,edu_aggregate_bas,2018,2097.763
hkg,sex_t,age_ythadult_yge25,edu_aggregate_bas,2019,2122.777
hkg,sex_t,age_ythadult_yge25,edu_aggregate_bas,2020,2084.555
hkg,sex_t,age_ythadult_yge25,edu_aggregate_bas,2021,2081.843
hkg,sex_t,age_ythadult_yge25,edu_aggregate_bas,2022,2068.224
hkg,sex_t,age_ythadult_yge25,edu_aggregate_bas,2023,2075.009
hkg,sex_t,age_ythadult_yge25,edu_aggregate_bas,2024,2049.482
hkg,sex_t,age_ythadult_yge25,edu_aggregate_int,2009,1858.3
hkg,sex_t,age_ythadult_yge25,edu_aggregate_int,2010,2086.336
hkg,sex_t,age_ythadult_yge25,edu_aggregate_int,2011,2142.75
hkg,sex_t,age_ythadult_yge25,edu_aggregate_int,2012,2190.108
hkg,sex_t,age_ythadult_yge25,edu_aggregate_int,2013,2219.406
hkg,sex_t,age_ythadult_yge25,edu_aggregate_int,2014,2236.847
hkg,sex_t,age_ythadult_yge25,edu_aggregate_int,2015,2253.872
hkg,sex_t,age_ythadult_yge25,edu_aggregate_int,2016,2281.468
hkg,sex_t,age_ythadult_yge25,edu_aggregate_int,2017,2312.568
hkg,sex_t,age_ythadult_yge25,edu_aggregate_int,2018,2347.126
hkg,sex_t,age_ythadult_yge25,edu_aggregate_int,2019,2391.398
hkg,sex_t,age_ythadult_yge25,edu_aggregate_int,2020,2431.616
hkg,sex_t,age_ythadult_yge25,edu_aggregate_int,2021,2449.091
hkg,sex_t,age_ythadult_yge25,edu_aggregate_int,2022,2423.368
hkg,sex_t,age_ythadult_yge25,edu_aggregate_int,2023,2479.226
hkg,sex_t,age_ythadult_yge25,edu_aggregate_int,2024,2499.345
hkg,sex_t,age_ythadult_yge25,edu_aggregate_total,2009,5141.2
hkg,sex_t,age_ythadult_yge25,edu_aggregate_total,2010,5217.852
hkg,sex_t,age_ythadult_yge25,edu_aggregate_total,2011,5292.539
hkg,sex_t,age_ythadult_yge25,edu_aggregate_total,2012,5377.141
hkg,sex_t,age_ythadult_yge25,edu_aggregate_total,2013,5437.509
hkg,sex_t,age_ythadult_yge25,edu_aggregate_total,2014,5505.918
hkg,sex_t,age_ythadult_yge25,edu_aggregate_total,2015,5575.368
hkg,sex_t,age_ythadult_yge25,edu_aggregate_total,2016,5637.95
hkg,sex_t,age_ythadult_yge25,edu_aggregate_total,2017,5724.248
hkg,sex_t,age_ythadult_yge25,edu_aggregate_total,2018,5806.757
hkg,sex_t,age_ythadult_yge25,edu_aggregate_total,2019,5895.11
hkg,sex_t,age_ythadult_yge25,edu_aggregate_total,2020,5927.926
hkg,sex_t,age_ythadult_yge25,edu_aggregate_total,2021,5930.758
hkg,sex_t,age_ythadult_yge25,edu_aggregate_total,2022,5917.585
hkg,sex_t,age_ythadult_yge25,edu_aggregate_total,2023,6060.085
hkg,sex_t,age_ythadult_yge25,edu_aggregate_total,2024,6088.717
hkg,sex_t,age_ythadult_yge25,edu_isced97_1,2009,1052.7
hkg,sex_t,age_ythadult_yge25,edu_isced97_2,2009,866.3
hkg,sex_t,age_ythadult_yge25,edu_isced97_3,2009,1614.6
hkg,sex_t,age_ythadult_yge25,edu_isced97_4,2009,243.7
hkg,sex_t,age_ythadult_yge25,edu_isced97_5,2009,857.5
hkg,sex_t,age_ythadult_yge25,edu_isced97_6,2009,192.7
hkg,sex_t,age_ythadult_yge25,edu_isced97_total,2009,5141.2
