ref_area,sex,classif1,classif2,time,how_xees_sex_ocu_edu_nb
mdv,sex_f,ocu_isco08_0,edu_aggregate_bas,2014,45.08
mdv,sex_f,ocu_isco08_0,edu_aggregate_int,2014,45.57
mdv,sex_f,ocu_isco08_0,edu_aggregate_ltb,2014,42
mdv,sex_f,ocu_isco08_0,edu_aggregate_total,2014,44.72
mdv,sex_f,ocu_isco08_0,edu_aggregate_total,2016,53.68
mdv,sex_f,ocu_isco08_0,edu_aggregate_x,2014,39.17
mdv,sex_f,ocu_isco08_0,edu_isced11_2,2014,45.08
mdv,sex_f,ocu_isco08_0,edu_isced11_3,2014,46.18
mdv,sex_f,ocu_isco08_0,edu_isced11_4,2014,45.19
mdv,sex_f,ocu_isco08_0,edu_isced11_9,2014,39.17
mdv,sex_f,ocu_isco08_0,edu_isced11_total,2014,44.72
mdv,sex_f,ocu_isco08_0,edu_isced11_total,2016,53.68
mdv,sex_f,ocu_isco08_0,edu_isced11_x,2014,42
mdv,sex_f,ocu_isco08_1,edu_aggregate_adv,2014,45.28
mdv,sex_f,ocu_isco08_1,edu_aggregate_adv,2016,43.69
mdv,sex_f,ocu_isco08_1,edu_aggregate_adv,2019,45.89
mdv,sex_f,ocu_isco08_1,edu_aggregate_bas,2014,41.84
mdv,sex_f,ocu_isco08_1,edu_aggregate_bas,2016,48.69
mdv,sex_f,ocu_isco08_1,edu_aggregate_bas,2019,46.4
mdv,sex_f,ocu_isco08_1,edu_aggregate_int,2014,41.8
mdv,sex_f,ocu_isco08_1,edu_aggregate_int,2016,47.94
mdv,sex_f,ocu_isco08_1,edu_aggregate_int,2019,40.6
mdv,sex_f,ocu_isco08_1,edu_aggregate_ltb,2014,40.86
mdv,sex_f,ocu_isco08_1,edu_aggregate_ltb,2016,38.03
mdv,sex_f,ocu_isco08_1,edu_aggregate_total,2014,42.11
mdv,sex_f,ocu_isco08_1,edu_aggregate_total,2016,44.78
mdv,sex_f,ocu_isco08_1,edu_aggregate_total,2019,44.99
mdv,sex_f,ocu_isco08_1,edu_aggregate_x,2014,44.46
mdv,sex_f,ocu_isco08_1,edu_isced11_2,2014,41.84
mdv,sex_f,ocu_isco08_1,edu_isced11_2,2016,48.69
mdv,sex_f,ocu_isco08_1,edu_isced11_2,2019,46.4
mdv,sex_f,ocu_isco08_1,edu_isced11_3,2014,41.72
mdv,sex_f,ocu_isco08_1,edu_isced11_4,2014,41.83
mdv,sex_f,ocu_isco08_1,edu_isced11_4,2016,47.17
mdv,sex_f,ocu_isco08_1,edu_isced11_4,2019,41.18
mdv,sex_f,ocu_isco08_1,edu_isced11_6,2014,44.75
mdv,sex_f,ocu_isco08_1,edu_isced11_6,2016,41.9
mdv,sex_f,ocu_isco08_1,edu_isced11_6,2019,49.23
mdv,sex_f,ocu_isco08_1,edu_isced11_7,2016,45.35
mdv,sex_f,ocu_isco08_1,edu_isced11_7,2019,42.55
mdv,sex_f,ocu_isco08_1,edu_isced11_8,2014,58
mdv,sex_f,ocu_isco08_1,edu_isced11_9,2014,44.46
mdv,sex_f,ocu_isco08_1,edu_isced11_total,2014,42.11
mdv,sex_f,ocu_isco08_1,edu_isced11_total,2016,44.78
mdv,sex_f,ocu_isco08_1,edu_isced11_total,2019,44.99
mdv,sex_f,ocu_isco08_1,edu_isced11_x,2014,40.86
mdv,sex_f,ocu_isco08_1,edu_isced11_x,2016,38.03
mdv,sex_f,ocu_isco08_2,edu_aggregate_adv,2014,39.16
mdv,sex_f,ocu_isco08_2,edu_aggregate_adv,2016,41.8
mdv,sex_f,ocu_isco08_2,edu_aggregate_adv,2019,43.63
mdv,sex_f,ocu_isco08_2,edu_aggregate_bas,2014,38.35
mdv,sex_f,ocu_isco08_2,edu_aggregate_bas,2016,41.88
mdv,sex_f,ocu_isco08_2,edu_aggregate_bas,2019,38.14
mdv,sex_f,ocu_isco08_2,edu_aggregate_int,2014,39.09
mdv,sex_f,ocu_isco08_2,edu_aggregate_int,2016,42.06
mdv,sex_f,ocu_isco08_2,edu_aggregate_int,2019,42.02
mdv,sex_f,ocu_isco08_2,edu_aggregate_ltb,2014,35.64
mdv,sex_f,ocu_isco08_2,edu_aggregate_ltb,2016,27.97
mdv,sex_f,ocu_isco08_2,edu_aggregate_total,2014,38.48
mdv,sex_f,ocu_isco08_2,edu_aggregate_total,2016,41.75
mdv,sex_f,ocu_isco08_2,edu_aggregate_total,2019,42.3
mdv,sex_f,ocu_isco08_2,edu_aggregate_x,2014,37.32
mdv,sex_f,ocu_isco08_2,edu_aggregate_x,2016,41.81
mdv,sex_f,ocu_isco08_2,edu_isced11_1,2019,29.48
mdv,sex_f,ocu_isco08_2,edu_isced11_2,2014,38.35
mdv,sex_f,ocu_isco08_2,edu_isced11_2,2016,41.79
mdv,sex_f,ocu_isco08_2,edu_isced11_2,2019,38.92
mdv,sex_f,ocu_isco08_2,edu_isced11_3,2014,38.23
mdv,sex_f,ocu_isco08_2,edu_isced11_3,2016,39.43
mdv,sex_f,ocu_isco08_2,edu_isced11_3,2019,40.84
mdv,sex_f,ocu_isco08_2,edu_isced11_4,2014,39.26
mdv,sex_f,ocu_isco08_2,edu_isced11_4,2016,42.83
mdv,sex_f,ocu_isco08_2,edu_isced11_4,2019,42.14
mdv,sex_f,ocu_isco08_2,edu_isced11_6,2014,39.17
mdv,sex_f,ocu_isco08_2,edu_isced11_6,2016,42.83
mdv,sex_f,ocu_isco08_2,edu_isced11_6,2019,42.9
mdv,sex_f,ocu_isco08_2,edu_isced11_7,2016,38.39
mdv,sex_f,ocu_isco08_2,edu_isced11_7,2019,44.83
mdv,sex_f,ocu_isco08_2,edu_isced11_8,2014,38.85
mdv,sex_f,ocu_isco08_2,edu_isced11_9,2014,37.32
mdv,sex_f,ocu_isco08_2,edu_isced11_9,2016,41.81
mdv,sex_f,ocu_isco08_2,edu_isced11_total,2014,38.48
mdv,sex_f,ocu_isco08_2,edu_isced11_total,2016,41.75
mdv,sex_f,ocu_isco08_2,edu_isced11_total,2019,42.3
mdv,sex_f,ocu_isco08_2,edu_isced11_x,2014,35.64
mdv,sex_f,ocu_isco08_2,edu_isced11_x,2016,27.97
mdv,sex_f,ocu_isco08_3,edu_aggregate_adv,2014,42.89
mdv,sex_f,ocu_isco08_3,edu_aggregate_adv,2016,49.68
mdv,sex_f,ocu_isco08_3,edu_aggregate_adv,2019,40.72
mdv,sex_f,ocu_isco08_3,edu_aggregate_bas,2014,40.11
mdv,sex_f,ocu_isco08_3,edu_aggregate_bas,2016,43.74
mdv,sex_f,ocu_isco08_3,edu_aggregate_bas,2019,47.83
mdv,sex_f,ocu_isco08_3,edu_aggregate_int,2014,40.25
mdv,sex_f,ocu_isco08_3,edu_aggregate_int,2016,42.56
mdv,sex_f,ocu_isco08_3,edu_aggregate_int,2019,45.28
mdv,sex_f,ocu_isco08_3,edu_aggregate_ltb,2014,39.38
mdv,sex_f,ocu_isco08_3,edu_aggregate_ltb,2016,49.02
mdv,sex_f,ocu_isco08_3,edu_aggregate_total,2014,40.18
mdv,sex_f,ocu_isco08_3,edu_aggregate_total,2016,44.76
mdv,sex_f,ocu_isco08_3,edu_aggregate_total,2019,44.57
mdv,sex_f,ocu_isco08_3,edu_aggregate_x,2014,40.27
mdv,sex_f,ocu_isco08_3,edu_aggregate_x,2016,43.38
mdv,sex_f,ocu_isco08_3,edu_isced11_1,2019,53.63
mdv,sex_f,ocu_isco08_3,edu_isced11_2,2014,40.11
mdv,sex_f,ocu_isco08_3,edu_isced11_2,2016,43.74
mdv,sex_f,ocu_isco08_3,edu_isced11_2,2019,47.37
mdv,sex_f,ocu_isco08_3,edu_isced11_3,2014,40.27
mdv,sex_f,ocu_isco08_3,edu_isced11_3,2016,37.47
mdv,sex_f,ocu_isco08_3,edu_isced11_3,2019,45.89
mdv,sex_f,ocu_isco08_3,edu_isced11_4,2014,40.24
mdv,sex_f,ocu_isco08_3,edu_isced11_4,2016,44.17
mdv,sex_f,ocu_isco08_3,edu_isced11_4,2019,45.08
mdv,sex_f,ocu_isco08_3,edu_isced11_6,2014,42.7
mdv,sex_f,ocu_isco08_3,edu_isced11_6,2016,48.17
mdv,sex_f,ocu_isco08_3,edu_isced11_6,2019,40.21
mdv,sex_f,ocu_isco08_3,edu_isced11_7,2019,45.42
mdv,sex_f,ocu_isco08_3,edu_isced11_9,2014,40.27
mdv,sex_f,ocu_isco08_3,edu_isced11_9,2016,43.38
mdv,sex_f,ocu_isco08_3,edu_isced11_total,2014,40.18
mdv,sex_f,ocu_isco08_3,edu_isced11_total,2016,44.76
mdv,sex_f,ocu_isco08_3,edu_isced11_total,2019,44.57
mdv,sex_f,ocu_isco08_3,edu_isced11_x,2014,39.38
mdv,sex_f,ocu_isco08_3,edu_isced11_x,2016,49.02
mdv,sex_f,ocu_isco08_4,edu_aggregate_adv,2014,43.94
mdv,sex_f,ocu_isco08_4,edu_aggregate_adv,2016,42.34
mdv,sex_f,ocu_isco08_4,edu_aggregate_adv,2019,45.33
mdv,sex_f,ocu_isco08_4,edu_aggregate_bas,2014,39.88
mdv,sex_f,ocu_isco08_4,edu_aggregate_bas,2016,42.7
mdv,sex_f,ocu_isco08_4,edu_aggregate_bas,2019,42.04
mdv,sex_f,ocu_isco08_4,edu_aggregate_int,2014,40.38
mdv,sex_f,ocu_isco08_4,edu_aggregate_int,2016,43.28
mdv,sex_f,ocu_isco08_4,edu_aggregate_int,2019,42.58
mdv,sex_f,ocu_isco08_4,edu_aggregate_ltb,2014,39.71
mdv,sex_f,ocu_isco08_4,edu_aggregate_ltb,2016,40.45
mdv,sex_f,ocu_isco08_4,edu_aggregate_total,2014,40.08
mdv,sex_f,ocu_isco08_4,edu_aggregate_total,2016,42.61
mdv,sex_f,ocu_isco08_4,edu_aggregate_total,2019,42.66
mdv,sex_f,ocu_isco08_4,edu_aggregate_x,2014,40.01
mdv,sex_f,ocu_isco08_4,edu_aggregate_x,2016,38.77
mdv,sex_f,ocu_isco08_4,edu_isced11_1,2019,38.46
mdv,sex_f,ocu_isco08_4,edu_isced11_2,2014,39.88
mdv,sex_f,ocu_isco08_4,edu_isced11_2,2016,42.7
mdv,sex_f,ocu_isco08_4,edu_isced11_2,2019,42.97
mdv,sex_f,ocu_isco08_4,edu_isced11_3,2014,40.32
mdv,sex_f,ocu_isco08_4,edu_isced11_3,2016,44.85
mdv,sex_f,ocu_isco08_4,edu_isced11_3,2019,42.35
mdv,sex_f,ocu_isco08_4,edu_isced11_4,2014,40.43
mdv,sex_f,ocu_isco08_4,edu_isced11_4,2016,41.39
mdv,sex_f,ocu_isco08_4,edu_isced11_4,2019,42.76
mdv,sex_f,ocu_isco08_4,edu_isced11_6,2014,43.94
mdv,sex_f,ocu_isco08_4,edu_isced11_6,2016,41.42
mdv,sex_f,ocu_isco08_4,edu_isced11_6,2019,45.11
mdv,sex_f,ocu_isco08_4,edu_isced11_9,2014,40.01
mdv,sex_f,ocu_isco08_4,edu_isced11_9,2016,38.77
mdv,sex_f,ocu_isco08_4,edu_isced11_total,2014,40.08
mdv,sex_f,ocu_isco08_4,edu_isced11_total,2016,42.61
mdv,sex_f,ocu_isco08_4,edu_isced11_total,2019,42.66
mdv,sex_f,ocu_isco08_4,edu_isced11_x,2014,39.71
mdv,sex_f,ocu_isco08_4,edu_isced11_x,2016,40.45
mdv,sex_f,ocu_isco08_5,edu_aggregate_adv,2014,44.08
mdv,sex_f,ocu_isco08_5,edu_aggregate_adv,2016,44.96
mdv,sex_f,ocu_isco08_5,edu_aggregate_bas,2014,40.11
mdv,sex_f,ocu_isco08_5,edu_aggregate_bas,2016,47.26
mdv,sex_f,ocu_isco08_5,edu_aggregate_bas,2019,45.08
mdv,sex_f,ocu_isco08_5,edu_aggregate_int,2014,41.37
mdv,sex_f,ocu_isco08_5,edu_aggregate_int,2016,47.44
mdv,sex_f,ocu_isco08_5,edu_aggregate_int,2019,43.49
mdv,sex_f,ocu_isco08_5,edu_aggregate_ltb,2014,40.88
mdv,sex_f,ocu_isco08_5,edu_aggregate_ltb,2016,47.05
mdv,sex_f,ocu_isco08_5,edu_aggregate_ltb,2019,41.53
mdv,sex_f,ocu_isco08_5,edu_aggregate_total,2014,40.71
mdv,sex_f,ocu_isco08_5,edu_aggregate_total,2016,47.18
mdv,sex_f,ocu_isco08_5,edu_aggregate_total,2019,44.66
mdv,sex_f,ocu_isco08_5,edu_aggregate_x,2014,40.67
mdv,sex_f,ocu_isco08_5,edu_isced11_1,2019,39.87
mdv,sex_f,ocu_isco08_5,edu_isced11_2,2014,40.11
mdv,sex_f,ocu_isco08_5,edu_isced11_2,2016,47.26
mdv,sex_f,ocu_isco08_5,edu_isced11_2,2019,46.32
mdv,sex_f,ocu_isco08_5,edu_isced11_3,2014,41.06
mdv,sex_f,ocu_isco08_5,edu_isced11_3,2016,48.9
mdv,sex_f,ocu_isco08_5,edu_isced11_3,2019,41.92
mdv,sex_f,ocu_isco08_5,edu_isced11_4,2014,41.72
mdv,sex_f,ocu_isco08_5,edu_isced11_4,2016,45.77
mdv,sex_f,ocu_isco08_5,edu_isced11_4,2019,44.11
mdv,sex_f,ocu_isco08_5,edu_isced11_6,2014,44.03
mdv,sex_f,ocu_isco08_5,edu_isced11_6,2016,44.96
mdv,sex_f,ocu_isco08_5,edu_isced11_9,2014,40.67
mdv,sex_f,ocu_isco08_5,edu_isced11_total,2014,40.71
mdv,sex_f,ocu_isco08_5,edu_isced11_total,2016,47.18
mdv,sex_f,ocu_isco08_5,edu_isced11_total,2019,44.66
mdv,sex_f,ocu_isco08_5,edu_isced11_x,2014,40.88
mdv,sex_f,ocu_isco08_5,edu_isced11_x,2016,47.3
mdv,sex_f,ocu_isco08_5,edu_isced11_x,2019,41.53
mdv,sex_f,ocu_isco08_6,edu_aggregate_adv,2019,40.45
mdv,sex_f,ocu_isco08_6,edu_aggregate_bas,2014,41.25
mdv,sex_f,ocu_isco08_6,edu_aggregate_bas,2019,36.36
mdv,sex_f,ocu_isco08_6,edu_aggregate_int,2014,38.57
mdv,sex_f,ocu_isco08_6,edu_aggregate_int,2019,37.27
mdv,sex_f,ocu_isco08_6,edu_aggregate_ltb,2014,38.62
mdv,sex_f,ocu_isco08_6,edu_aggregate_ltb,2016,48.73
mdv,sex_f,ocu_isco08_6,edu_aggregate_ltb,2019,42.82
mdv,sex_f,ocu_isco08_6,edu_aggregate_total,2014,40.54
mdv,sex_f,ocu_isco08_6,edu_aggregate_total,2016,53.84
mdv,sex_f,ocu_isco08_6,edu_aggregate_total,2019,37.2
mdv,sex_f,ocu_isco08_6,edu_isced11_1,2019,34.67
mdv,sex_f,ocu_isco08_6,edu_isced11_2,2014,41.25
mdv,sex_f,ocu_isco08_6,edu_isced11_2,2019,38.61
mdv,sex_f,ocu_isco08_6,edu_isced11_3,2019,38.13
mdv,sex_f,ocu_isco08_6,edu_isced11_4,2019,37.19
mdv,sex_f,ocu_isco08_6,edu_isced11_6,2019,38.86
mdv,sex_f,ocu_isco08_6,edu_isced11_7,2019,42.16
mdv,sex_f,ocu_isco08_6,edu_isced11_total,2014,40.54
mdv,sex_f,ocu_isco08_6,edu_isced11_total,2016,53.84
mdv,sex_f,ocu_isco08_6,edu_isced11_total,2019,37.2
mdv,sex_f,ocu_isco08_6,edu_isced11_x,2014,38.62
mdv,sex_f,ocu_isco08_6,edu_isced11_x,2016,48.73
mdv,sex_f,ocu_isco08_6,edu_isced11_x,2019,42.82
mdv,sex_f,ocu_isco08_7,edu_aggregate_adv,2014,42
mdv,sex_f,ocu_isco08_7,edu_aggregate_bas,2014,36.5
mdv,sex_f,ocu_isco08_7,edu_aggregate_bas,2019,33.08
mdv,sex_f,ocu_isco08_7,edu_aggregate_int,2014,39.6
mdv,sex_f,ocu_isco08_7,edu_aggregate_ltb,2014,36.62
mdv,sex_f,ocu_isco08_7,edu_aggregate_ltb,2016,36.24
mdv,sex_f,ocu_isco08_7,edu_aggregate_total,2014,37.39
mdv,sex_f,ocu_isco08_7,edu_aggregate_total,2016,41.39
mdv,sex_f,ocu_isco08_7,edu_aggregate_total,2019,33.74
mdv,sex_f,ocu_isco08_7,edu_aggregate_x,2014,36.77
mdv,sex_f,ocu_isco08_7,edu_isced11_1,2019,27.77
mdv,sex_f,ocu_isco08_7,edu_isced11_2,2014,36.5
mdv,sex_f,ocu_isco08_7,edu_isced11_2,2019,35.65
mdv,sex_f,ocu_isco08_7,edu_isced11_3,2014,38.38
mdv,sex_f,ocu_isco08_7,edu_isced11_4,2014,40.5
mdv,sex_f,ocu_isco08_7,edu_isced11_6,2014,42
mdv,sex_f,ocu_isco08_7,edu_isced11_9,2014,36.77
mdv,sex_f,ocu_isco08_7,edu_isced11_total,2014,37.39
mdv,sex_f,ocu_isco08_7,edu_isced11_total,2016,41.39
mdv,sex_f,ocu_isco08_7,edu_isced11_total,2019,33.74
mdv,sex_f,ocu_isco08_7,edu_isced11_x,2014,36.62
mdv,sex_f,ocu_isco08_7,edu_isced11_x,2016,36.24
mdv,sex_f,ocu_isco08_8,edu_aggregate_bas,2014,41.94
mdv,sex_f,ocu_isco08_8,edu_aggregate_bas,2019,44.68
mdv,sex_f,ocu_isco08_8,edu_aggregate_int,2014,38.62
mdv,sex_f,ocu_isco08_8,edu_aggregate_ltb,2014,39.14
mdv,sex_f,ocu_isco08_8,edu_aggregate_ltb,2016,40.64
mdv,sex_f,ocu_isco08_8,edu_aggregate_total,2014,39.79
mdv,sex_f,ocu_isco08_8,edu_aggregate_total,2016,41.01
mdv,sex_f,ocu_isco08_8,edu_aggregate_total,2019,45
mdv,sex_f,ocu_isco08_8,edu_aggregate_x,2014,43
mdv,sex_f,ocu_isco08_8,edu_isced11_1,2019,41.96
mdv,sex_f,ocu_isco08_8,edu_isced11_2,2014,41.94
mdv,sex_f,ocu_isco08_8,edu_isced11_2,2019,49.8
mdv,sex_f,ocu_isco08_8,edu_isced11_3,2014,37.25
mdv,sex_f,ocu_isco08_8,edu_isced11_4,2014,41.67
mdv,sex_f,ocu_isco08_8,edu_isced11_9,2014,43
mdv,sex_f,ocu_isco08_8,edu_isced11_total,2014,39.79
mdv,sex_f,ocu_isco08_8,edu_isced11_total,2016,41.01
mdv,sex_f,ocu_isco08_8,edu_isced11_total,2019,45
mdv,sex_f,ocu_isco08_8,edu_isced11_x,2014,39.14
mdv,sex_f,ocu_isco08_8,edu_isced11_x,2016,40.64
mdv,sex_f,ocu_isco08_9,edu_aggregate_adv,2014,45.36
mdv,sex_f,ocu_isco08_9,edu_aggregate_bas,2014,39.55
mdv,sex_f,ocu_isco08_9,edu_aggregate_bas,2016,41.35
mdv,sex_f,ocu_isco08_9,edu_aggregate_bas,2019,45.94
mdv,sex_f,ocu_isco08_9,edu_aggregate_int,2014,40.19
mdv,sex_f,ocu_isco08_9,edu_aggregate_int,2016,42.84
mdv,sex_f,ocu_isco08_9,edu_aggregate_int,2019,46.34
mdv,sex_f,ocu_isco08_9,edu_aggregate_ltb,2014,38.62
mdv,sex_f,ocu_isco08_9,edu_aggregate_ltb,2016,42.06
mdv,sex_f,ocu_isco08_9,edu_aggregate_ltb,2019,58.24
mdv,sex_f,ocu_isco08_9,edu_aggregate_total,2014,38.91
mdv,sex_f,ocu_isco08_9,edu_aggregate_total,2016,42.27
mdv,sex_f,ocu_isco08_9,edu_aggregate_total,2019,48
mdv,sex_f,ocu_isco08_9,edu_aggregate_x,2014,39.79
mdv,sex_f,ocu_isco08_9,edu_aggregate_x,2016,41.63
mdv,sex_f,ocu_isco08_9,edu_isced11_1,2019,43.38
mdv,sex_f,ocu_isco08_9,edu_isced11_2,2014,39.55
mdv,sex_f,ocu_isco08_9,edu_isced11_2,2016,41.35
mdv,sex_f,ocu_isco08_9,edu_isced11_2,2019,51.04
mdv,sex_f,ocu_isco08_9,edu_isced11_3,2014,40.26
mdv,sex_f,ocu_isco08_9,edu_isced11_3,2016,45.63
mdv,sex_f,ocu_isco08_9,edu_isced11_4,2014,40.05
mdv,sex_f,ocu_isco08_9,edu_isced11_4,2019,42.94
mdv,sex_f,ocu_isco08_9,edu_isced11_6,2014,44.58
mdv,sex_f,ocu_isco08_9,edu_isced11_9,2014,39.79
mdv,sex_f,ocu_isco08_9,edu_isced11_9,2016,41.63
mdv,sex_f,ocu_isco08_9,edu_isced11_total,2014,38.91
mdv,sex_f,ocu_isco08_9,edu_isced11_total,2016,42.27
mdv,sex_f,ocu_isco08_9,edu_isced11_total,2019,48
mdv,sex_f,ocu_isco08_9,edu_isced11_x,2014,38.62
mdv,sex_f,ocu_isco08_9,edu_isced11_x,2016,42.06
mdv,sex_f,ocu_isco08_9,edu_isced11_x,2019,58.24
mdv,sex_f,ocu_isco08_total,edu_aggregate_adv,2014,42.03
mdv,sex_f,ocu_isco08_total,edu_aggregate_adv,2016,43.77
mdv,sex_f,ocu_isco08_total,edu_aggregate_adv,2019,43.31
mdv,sex_f,ocu_isco08_total,edu_aggregate_bas,2014,39.73
mdv,sex_f,ocu_isco08_total,edu_aggregate_bas,2016,44.68
mdv,sex_f,ocu_isco08_total,edu_aggregate_bas,2019,43.54
mdv,sex_f,ocu_isco08_total,edu_aggregate_int,2014,40.21
mdv,sex_f,ocu_isco08_total,edu_aggregate_int,2016,43.3
mdv,sex_f,ocu_isco08_total,edu_aggregate_int,2019,42.93
mdv,sex_f,ocu_isco08_total,edu_aggregate_ltb,2014,39.1
mdv,sex_f,ocu_isco08_total,edu_aggregate_ltb,2016,43.02
mdv,sex_f,ocu_isco08_total,edu_aggregate_ltb,2019,54.99
mdv,sex_f,ocu_isco08_total,edu_aggregate_total,2014,39.78
mdv,sex_f,ocu_isco08_total,edu_aggregate_total,2016,43.64
mdv,sex_f,ocu_isco08_total,edu_aggregate_total,2019,43.61
mdv,sex_f,ocu_isco08_total,edu_aggregate_x,2014,39.23
mdv,sex_f,ocu_isco08_total,edu_aggregate_x,2016,41.89
mdv,sex_f,ocu_isco08_total,edu_isced11_1,2016,46.49
mdv,sex_f,ocu_isco08_total,edu_isced11_1,2019,40.55
mdv,sex_f,ocu_isco08_total,edu_isced11_2,2014,39.73
mdv,sex_f,ocu_isco08_total,edu_isced11_2,2016,44.67
mdv,sex_f,ocu_isco08_total,edu_isced11_2,2019,44.99
mdv,sex_f,ocu_isco08_total,edu_isced11_3,2014,40.26
mdv,sex_f,ocu_isco08_total,edu_isced11_3,2016,43.14
mdv,sex_f,ocu_isco08_total,edu_isced11_3,2019,43.19
mdv,sex_f,ocu_isco08_total,edu_isced11_4,2014,40.19
mdv,sex_f,ocu_isco08_total,edu_isced11_4,2016,43.38
mdv,sex_f,ocu_isco08_total,edu_isced11_4,2019,42.85
mdv,sex_f,ocu_isco08_total,edu_isced11_6,2014,41.92
mdv,sex_f,ocu_isco08_total,edu_isced11_6,2016,43.78
mdv,sex_f,ocu_isco08_total,edu_isced11_6,2019,42.81
mdv,sex_f,ocu_isco08_total,edu_isced11_7,2016,44.23
mdv,sex_f,ocu_isco08_total,edu_isced11_7,2019,44.38
mdv,sex_f,ocu_isco08_total,edu_isced11_8,2014,45.6
mdv,sex_f,ocu_isco08_total,edu_isced11_9,2014,39.23
mdv,sex_f,ocu_isco08_total,edu_isced11_9,2016,41.89
mdv,sex_f,ocu_isco08_total,edu_isced11_total,2014,39.78
mdv,sex_f,ocu_isco08_total,edu_isced11_total,2016,43.64
mdv,sex_f,ocu_isco08_total,edu_isced11_total,2019,43.61
mdv,sex_f,ocu_isco08_total,edu_isced11_x,2014,39.1
mdv,sex_f,ocu_isco08_total,edu_isced11_x,2016,43.05
mdv,sex_f,ocu_isco08_total,edu_isced11_x,2019,55.12
mdv,sex_f,ocu_isco08_x,edu_aggregate_adv,2014,48.75
mdv,sex_f,ocu_isco08_x,edu_aggregate_bas,2014,41.15
mdv,sex_f,ocu_isco08_x,edu_aggregate_int,2014,42.42
mdv,sex_f,ocu_isco08_x,edu_aggregate_ltb,2014,40.59
mdv,sex_f,ocu_isco08_x,edu_aggregate_total,2014,42.01
mdv,sex_f,ocu_isco08_x,edu_aggregate_x,2014,43.44
mdv,sex_f,ocu_isco08_x,edu_isced11_2,2014,41.15
mdv,sex_f,ocu_isco08_x,edu_isced11_3,2014,41.96
mdv,sex_f,ocu_isco08_x,edu_isced11_4,2014,42.7
mdv,sex_f,ocu_isco08_x,edu_isced11_6,2014,48.75
mdv,sex_f,ocu_isco08_x,edu_isced11_9,2014,43.44
mdv,sex_f,ocu_isco08_x,edu_isced11_total,2014,42.01
mdv,sex_f,ocu_isco08_x,edu_isced11_x,2014,40.59
mdv,sex_f,ocu_skill_l1,edu_aggregate_adv,2014,45.36
mdv,sex_f,ocu_skill_l1,edu_aggregate_bas,2014,39.55
mdv,sex_f,ocu_skill_l1,edu_aggregate_bas,2016,41.35
mdv,sex_f,ocu_skill_l1,edu_aggregate_bas,2019,45.94
mdv,sex_f,ocu_skill_l1,edu_aggregate_int,2014,40.19
mdv,sex_f,ocu_skill_l1,edu_aggregate_int,2016,42.84
mdv,sex_f,ocu_skill_l1,edu_aggregate_int,2019,46.34
mdv,sex_f,ocu_skill_l1,edu_aggregate_ltb,2014,38.62
mdv,sex_f,ocu_skill_l1,edu_aggregate_ltb,2016,42.06
mdv,sex_f,ocu_skill_l1,edu_aggregate_ltb,2019,58.24
mdv,sex_f,ocu_skill_l1,edu_aggregate_total,2014,38.91
mdv,sex_f,ocu_skill_l1,edu_aggregate_total,2016,42.27
mdv,sex_f,ocu_skill_l1,edu_aggregate_total,2019,48
mdv,sex_f,ocu_skill_l1,edu_aggregate_x,2014,39.79
mdv,sex_f,ocu_skill_l1,edu_aggregate_x,2016,41.63
mdv,sex_f,ocu_skill_l1,edu_isced11_1,2019,43.38
mdv,sex_f,ocu_skill_l1,edu_isced11_2,2014,39.55
mdv,sex_f,ocu_skill_l1,edu_isced11_2,2016,41.35
mdv,sex_f,ocu_skill_l1,edu_isced11_2,2019,51.04
mdv,sex_f,ocu_skill_l1,edu_isced11_3,2014,40.26
mdv,sex_f,ocu_skill_l1,edu_isced11_3,2016,45.63
mdv,sex_f,ocu_skill_l1,edu_isced11_4,2014,40.05
mdv,sex_f,ocu_skill_l1,edu_isced11_4,2019,42.94
mdv,sex_f,ocu_skill_l1,edu_isced11_6,2014,44.58
mdv,sex_f,ocu_skill_l1,edu_isced11_9,2014,39.79
mdv,sex_f,ocu_skill_l1,edu_isced11_9,2016,41.63
mdv,sex_f,ocu_skill_l1,edu_isced11_total,2014,38.91
mdv,sex_f,ocu_skill_l1,edu_isced11_total,2016,42.27
mdv,sex_f,ocu_skill_l1,edu_isced11_total,2019,48
mdv,sex_f,ocu_skill_l1,edu_isced11_x,2014,38.62
mdv,sex_f,ocu_skill_l1,edu_isced11_x,2016,42.06
mdv,sex_f,ocu_skill_l1,edu_isced11_x,2019,58.24
mdv,sex_f,ocu_skill_l2,edu_aggregate_adv,2014,44.03
mdv,sex_f,ocu_skill_l2,edu_aggregate_adv,2016,42.98
mdv,sex_f,ocu_skill_l2,edu_aggregate_adv,2019,43.91
mdv,sex_f,ocu_skill_l2,edu_aggregate_bas,2014,39.95
mdv,sex_f,ocu_skill_l2,edu_aggregate_bas,2016,45.4
mdv,sex_f,ocu_skill_l2,edu_aggregate_bas,2019,42.52
mdv,sex_f,ocu_skill_l2,edu_aggregate_int,2014,40.77
mdv,sex_f,ocu_skill_l2,edu_aggregate_int,2016,44.57
mdv,sex_f,ocu_skill_l2,edu_aggregate_int,2019,42.21
mdv,sex_f,ocu_skill_l2,edu_aggregate_ltb,2014,40.12
mdv,sex_f,ocu_skill_l2,edu_aggregate_ltb,2016,43.8
mdv,sex_f,ocu_skill_l2,edu_aggregate_ltb,2019,42.2
mdv,sex_f,ocu_skill_l2,edu_aggregate_total,2014,40.3
mdv,sex_f,ocu_skill_l2,edu_aggregate_total,2016,44.6
mdv,sex_f,ocu_skill_l2,edu_aggregate_total,2019,42.5
mdv,sex_f,ocu_skill_l2,edu_aggregate_x,2014,40.2
mdv,sex_f,ocu_skill_l2,edu_aggregate_x,2016,40.85
mdv,sex_f,ocu_skill_l2,edu_isced11_1,2019,37.39
mdv,sex_f,ocu_skill_l2,edu_isced11_2,2014,39.95
mdv,sex_f,ocu_skill_l2,edu_isced11_2,2016,45.39
mdv,sex_f,ocu_skill_l2,edu_isced11_2,2019,44.4
mdv,sex_f,ocu_skill_l2,edu_isced11_3,2014,40.59
mdv,sex_f,ocu_skill_l2,edu_isced11_3,2016,45.9
mdv,sex_f,ocu_skill_l2,edu_isced11_3,2019,42.11
mdv,sex_f,ocu_skill_l2,edu_isced11_4,2014,40.97
mdv,sex_f,ocu_skill_l2,edu_isced11_4,2016,42.97
mdv,sex_f,ocu_skill_l2,edu_isced11_4,2019,42.26
mdv,sex_f,ocu_skill_l2,edu_isced11_6,2014,43.99
mdv,sex_f,ocu_skill_l2,edu_isced11_6,2016,42.13
mdv,sex_f,ocu_skill_l2,edu_isced11_6,2019,43.98
mdv,sex_f,ocu_skill_l2,edu_isced11_7,2019,43.58
mdv,sex_f,ocu_skill_l2,edu_isced11_9,2014,40.2
mdv,sex_f,ocu_skill_l2,edu_isced11_9,2016,40.85
mdv,sex_f,ocu_skill_l2,edu_isced11_total,2014,40.3
mdv,sex_f,ocu_skill_l2,edu_isced11_total,2016,44.6
mdv,sex_f,ocu_skill_l2,edu_isced11_total,2019,42.5
mdv,sex_f,ocu_skill_l2,edu_isced11_x,2014,40.12
mdv,sex_f,ocu_skill_l2,edu_isced11_x,2016,43.91
mdv,sex_f,ocu_skill_l2,edu_isced11_x,2019,42.32
mdv,sex_f,ocu_skill_l3_4,edu_aggregate_adv,2014,41.11
mdv,sex_f,ocu_skill_l3_4,edu_aggregate_adv,2016,43.7
mdv,sex_f,ocu_skill_l3_4,edu_aggregate_adv,2019,43.23
mdv,sex_f,ocu_skill_l3_4,edu_aggregate_bas,2014,39.48
mdv,sex_f,ocu_skill_l3_4,edu_aggregate_bas,2016,43.21
mdv,sex_f,ocu_skill_l3_4,edu_aggregate_bas,2019,43.58
mdv,sex_f,ocu_skill_l3_4,edu_aggregate_int,2014,39.78
mdv,sex_f,ocu_skill_l3_4,edu_aggregate_int,2016,42.46
mdv,sex_f,ocu_skill_l3_4,edu_aggregate_int,2019,43.3
mdv,sex_f,ocu_skill_l3_4,edu_aggregate_ltb,2014,38.31
mdv,sex_f,ocu_skill_l3_4,edu_aggregate_ltb,2016,44.3
mdv,sex_f,ocu_skill_l3_4,edu_aggregate_total,2014,39.52
mdv,sex_f,ocu_skill_l3_4,edu_aggregate_total,2016,43.06
mdv,sex_f,ocu_skill_l3_4,edu_aggregate_total,2019,43.33
mdv,sex_f,ocu_skill_l3_4,edu_aggregate_x,2014,38.53
mdv,sex_f,ocu_skill_l3_4,edu_aggregate_x,2016,42.52
mdv,sex_f,ocu_skill_l3_4,edu_isced11_1,2019,41.82
mdv,sex_f,ocu_skill_l3_4,edu_isced11_2,2014,39.48
mdv,sex_f,ocu_skill_l3_4,edu_isced11_2,2016,43.18
mdv,sex_f,ocu_skill_l3_4,edu_isced11_2,2019,43.71
mdv,sex_f,ocu_skill_l3_4,edu_isced11_3,2014,39.66
mdv,sex_f,ocu_skill_l3_4,edu_isced11_3,2016,39.24
mdv,sex_f,ocu_skill_l3_4,edu_isced11_3,2019,43.88
mdv,sex_f,ocu_skill_l3_4,edu_isced11_4,2014,39.81
mdv,sex_f,ocu_skill_l3_4,edu_isced11_4,2016,43.46
mdv,sex_f,ocu_skill_l3_4,edu_isced11_4,2019,43.19
mdv,sex_f,ocu_skill_l3_4,edu_isced11_6,2014,40.97
mdv,sex_f,ocu_skill_l3_4,edu_isced11_6,2016,43.9
mdv,sex_f,ocu_skill_l3_4,edu_isced11_6,2019,42.62
mdv,sex_f,ocu_skill_l3_4,edu_isced11_7,2016,43.7
mdv,sex_f,ocu_skill_l3_4,edu_isced11_7,2019,44.44
mdv,sex_f,ocu_skill_l3_4,edu_isced11_8,2014,45
mdv,sex_f,ocu_skill_l3_4,edu_isced11_9,2014,38.53
mdv,sex_f,ocu_skill_l3_4,edu_isced11_9,2016,42.52
mdv,sex_f,ocu_skill_l3_4,edu_isced11_total,2014,39.52
mdv,sex_f,ocu_skill_l3_4,edu_isced11_total,2016,43.06
mdv,sex_f,ocu_skill_l3_4,edu_isced11_total,2019,43.33
mdv,sex_f,ocu_skill_l3_4,edu_isced11_x,2014,38.31
mdv,sex_f,ocu_skill_l3_4,edu_isced11_x,2016,44.3
mdv,sex_f,ocu_skill_total,edu_aggregate_adv,2014,42.03
mdv,sex_f,ocu_skill_total,edu_aggregate_adv,2016,43.77
mdv,sex_f,ocu_skill_total,edu_aggregate_adv,2019,43.31
mdv,sex_f,ocu_skill_total,edu_aggregate_bas,2014,39.73
mdv,sex_f,ocu_skill_total,edu_aggregate_bas,2016,44.68
mdv,sex_f,ocu_skill_total,edu_aggregate_bas,2019,43.54
mdv,sex_f,ocu_skill_total,edu_aggregate_int,2014,40.21
mdv,sex_f,ocu_skill_total,edu_aggregate_int,2016,43.3
mdv,sex_f,ocu_skill_total,edu_aggregate_int,2019,42.93
mdv,sex_f,ocu_skill_total,edu_aggregate_ltb,2014,39.1
mdv,sex_f,ocu_skill_total,edu_aggregate_ltb,2016,43.02
mdv,sex_f,ocu_skill_total,edu_aggregate_ltb,2019,54.99
mdv,sex_f,ocu_skill_total,edu_aggregate_total,2014,39.78
mdv,sex_f,ocu_skill_total,edu_aggregate_total,2016,43.64
mdv,sex_f,ocu_skill_total,edu_aggregate_total,2019,43.61
mdv,sex_f,ocu_skill_total,edu_aggregate_x,2014,39.23
mdv,sex_f,ocu_skill_total,edu_aggregate_x,2016,41.89
mdv,sex_f,ocu_skill_total,edu_isced11_1,2016,46.49
mdv,sex_f,ocu_skill_total,edu_isced11_1,2019,40.55
mdv,sex_f,ocu_skill_total,edu_isced11_2,2014,39.73
mdv,sex_f,ocu_skill_total,edu_isced11_2,2016,44.67
mdv,sex_f,ocu_skill_total,edu_isced11_2,2019,44.99
mdv,sex_f,ocu_skill_total,edu_isced11_3,2014,40.26
mdv,sex_f,ocu_skill_total,edu_isced11_3,2016,43.14
mdv,sex_f,ocu_skill_total,edu_isced11_3,2019,43.19
mdv,sex_f,ocu_skill_total,edu_isced11_4,2014,40.19
mdv,sex_f,ocu_skill_total,edu_isced11_4,2016,43.38
mdv,sex_f,ocu_skill_total,edu_isced11_4,2019,42.85
mdv,sex_f,ocu_skill_total,edu_isced11_6,2014,41.92
mdv,sex_f,ocu_skill_total,edu_isced11_6,2016,43.78
mdv,sex_f,ocu_skill_total,edu_isced11_6,2019,42.81
mdv,sex_f,ocu_skill_total,edu_isced11_7,2016,44.23
mdv,sex_f,ocu_skill_total,edu_isced11_7,2019,44.38
mdv,sex_f,ocu_skill_total,edu_isced11_8,2014,45.6
mdv,sex_f,ocu_skill_total,edu_isced11_9,2014,39.23
mdv,sex_f,ocu_skill_total,edu_isced11_9,2016,41.89
mdv,sex_f,ocu_skill_total,edu_isced11_total,2014,39.78
mdv,sex_f,ocu_skill_total,edu_isced11_total,2016,43.64
mdv,sex_f,ocu_skill_total,edu_isced11_total,2019,43.61
mdv,sex_f,ocu_skill_total,edu_isced11_x,2014,39.1
mdv,sex_f,ocu_skill_total,edu_isced11_x,2016,43.05
mdv,sex_f,ocu_skill_total,edu_isced11_x,2019,55.12
mdv,sex_f,ocu_skill_x,edu_aggregate_adv,2014,48.75
mdv,sex_f,ocu_skill_x,edu_aggregate_bas,2014,43.15
mdv,sex_f,ocu_skill_x,edu_aggregate_int,2014,43.75
mdv,sex_f,ocu_skill_x,edu_aggregate_int,2016,46.95
mdv,sex_f,ocu_skill_x,edu_aggregate_ltb,2014,40.91
mdv,sex_f,ocu_skill_x,edu_aggregate_total,2014,43.11
mdv,sex_f,ocu_skill_x,edu_aggregate_total,2016,51.66
mdv,sex_f,ocu_skill_x,edu_aggregate_x,2014,42.27
mdv,sex_f,ocu_skill_x,edu_isced11_2,2014,43.15
mdv,sex_f,ocu_skill_x,edu_isced11_3,2014,43.75
mdv,sex_f,ocu_skill_x,edu_isced11_4,2014,43.75
mdv,sex_f,ocu_skill_x,edu_isced11_6,2014,48.75
mdv,sex_f,ocu_skill_x,edu_isced11_9,2014,42.27
mdv,sex_f,ocu_skill_x,edu_isced11_total,2014,43.11
mdv,sex_f,ocu_skill_x,edu_isced11_total,2016,51.66
mdv,sex_f,ocu_skill_x,edu_isced11_x,2014,40.91
mdv,sex_m,ocu_isco08_0,edu_aggregate_adv,2016,79.15
mdv,sex_m,ocu_isco08_0,edu_aggregate_adv,2019,75.81
mdv,sex_m,ocu_isco08_0,edu_aggregate_bas,2014,47.57
mdv,sex_m,ocu_isco08_0,edu_aggregate_bas,2016,60.83
mdv,sex_m,ocu_isco08_0,edu_aggregate_bas,2019,67.39
mdv,sex_m,ocu_isco08_0,edu_aggregate_int,2014,48.71
mdv,sex_m,ocu_isco08_0,edu_aggregate_int,2016,64.92
mdv,sex_m,ocu_isco08_0,edu_aggregate_int,2019,61.71
mdv,sex_m,ocu_isco08_0,edu_aggregate_ltb,2014,49.08
mdv,sex_m,ocu_isco08_0,edu_aggregate_ltb,2016,52.6
mdv,sex_m,ocu_isco08_0,edu_aggregate_total,2014,48.14
mdv,sex_m,ocu_isco08_0,edu_aggregate_total,2016,63.7
mdv,sex_m,ocu_isco08_0,edu_aggregate_total,2019,67.68
mdv,sex_m,ocu_isco08_0,edu_aggregate_x,2014,47.97
mdv,sex_m,ocu_isco08_0,edu_isced11_1,2019,96.41
mdv,sex_m,ocu_isco08_0,edu_isced11_2,2014,47.57
mdv,sex_m,ocu_isco08_0,edu_isced11_2,2016,60.83
mdv,sex_m,ocu_isco08_0,edu_isced11_2,2019,63.49
mdv,sex_m,ocu_isco08_0,edu_isced11_3,2014,48.03
mdv,sex_m,ocu_isco08_0,edu_isced11_3,2016,62.59
mdv,sex_m,ocu_isco08_0,edu_isced11_4,2014,49.14
mdv,sex_m,ocu_isco08_0,edu_isced11_4,2016,66.27
mdv,sex_m,ocu_isco08_0,edu_isced11_4,2019,62.72
mdv,sex_m,ocu_isco08_0,edu_isced11_6,2016,68.91
mdv,sex_m,ocu_isco08_0,edu_isced11_9,2014,47.97
mdv,sex_m,ocu_isco08_0,edu_isced11_total,2014,48.14
mdv,sex_m,ocu_isco08_0,edu_isced11_total,2016,63.7
mdv,sex_m,ocu_isco08_0,edu_isced11_total,2019,67.68
mdv,sex_m,ocu_isco08_0,edu_isced11_x,2014,49.08
mdv,sex_m,ocu_isco08_0,edu_isced11_x,2016,52.6
mdv,sex_m,ocu_isco08_1,edu_aggregate_adv,2014,46.12
mdv,sex_m,ocu_isco08_1,edu_aggregate_adv,2016,51.72
mdv,sex_m,ocu_isco08_1,edu_aggregate_adv,2019,49.39
mdv,sex_m,ocu_isco08_1,edu_aggregate_bas,2014,44.67
mdv,sex_m,ocu_isco08_1,edu_aggregate_bas,2016,47.23
mdv,sex_m,ocu_isco08_1,edu_aggregate_bas,2019,54.4
mdv,sex_m,ocu_isco08_1,edu_aggregate_int,2014,45.19
mdv,sex_m,ocu_isco08_1,edu_aggregate_int,2016,55.34
mdv,sex_m,ocu_isco08_1,edu_aggregate_int,2019,49.07
mdv,sex_m,ocu_isco08_1,edu_aggregate_ltb,2014,46.79
mdv,sex_m,ocu_isco08_1,edu_aggregate_ltb,2016,57.52
mdv,sex_m,ocu_isco08_1,edu_aggregate_total,2014,45.28
mdv,sex_m,ocu_isco08_1,edu_aggregate_total,2016,53.19
mdv,sex_m,ocu_isco08_1,edu_aggregate_total,2019,51
mdv,sex_m,ocu_isco08_1,edu_aggregate_x,2014,45.19
mdv,sex_m,ocu_isco08_1,edu_aggregate_x,2016,55.79
mdv,sex_m,ocu_isco08_1,edu_isced11_1,2019,54.02
mdv,sex_m,ocu_isco08_1,edu_isced11_2,2014,44.67
mdv,sex_m,ocu_isco08_1,edu_isced11_2,2016,47.23
mdv,sex_m,ocu_isco08_1,edu_isced11_2,2019,54.51
mdv,sex_m,ocu_isco08_1,edu_isced11_3,2014,45.24
mdv,sex_m,ocu_isco08_1,edu_isced11_3,2016,49.01
mdv,sex_m,ocu_isco08_1,edu_isced11_3,2019,53.07
mdv,sex_m,ocu_isco08_1,edu_isced11_4,2014,45.16
mdv,sex_m,ocu_isco08_1,edu_isced11_4,2016,58.18
mdv,sex_m,ocu_isco08_1,edu_isced11_4,2019,47.49
mdv,sex_m,ocu_isco08_1,edu_isced11_6,2014,46.12
mdv,sex_m,ocu_isco08_1,edu_isced11_6,2016,50.06
mdv,sex_m,ocu_isco08_1,edu_isced11_6,2019,50.6
mdv,sex_m,ocu_isco08_1,edu_isced11_7,2016,57.38
mdv,sex_m,ocu_isco08_1,edu_isced11_7,2019,49.26
mdv,sex_m,ocu_isco08_1,edu_isced11_8,2014,46.07
mdv,sex_m,ocu_isco08_1,edu_isced11_9,2014,45.19
mdv,sex_m,ocu_isco08_1,edu_isced11_9,2016,55.79
mdv,sex_m,ocu_isco08_1,edu_isced11_total,2014,45.28
mdv,sex_m,ocu_isco08_1,edu_isced11_total,2016,53.19
mdv,sex_m,ocu_isco08_1,edu_isced11_total,2019,51
mdv,sex_m,ocu_isco08_1,edu_isced11_x,2014,46.79
mdv,sex_m,ocu_isco08_1,edu_isced11_x,2016,57.52
mdv,sex_m,ocu_isco08_2,edu_aggregate_adv,2014,41.01
mdv,sex_m,ocu_isco08_2,edu_aggregate_adv,2016,43.6
mdv,sex_m,ocu_isco08_2,edu_aggregate_adv,2019,45.21
mdv,sex_m,ocu_isco08_2,edu_aggregate_bas,2014,41.39
mdv,sex_m,ocu_isco08_2,edu_aggregate_bas,2016,43.38
mdv,sex_m,ocu_isco08_2,edu_aggregate_bas,2019,42.57
mdv,sex_m,ocu_isco08_2,edu_aggregate_int,2014,40.44
mdv,sex_m,ocu_isco08_2,edu_aggregate_int,2016,44.04
mdv,sex_m,ocu_isco08_2,edu_aggregate_int,2019,52.22
mdv,sex_m,ocu_isco08_2,edu_aggregate_ltb,2014,38.59
mdv,sex_m,ocu_isco08_2,edu_aggregate_ltb,2016,36.62
mdv,sex_m,ocu_isco08_2,edu_aggregate_total,2014,40.53
mdv,sex_m,ocu_isco08_2,edu_aggregate_total,2016,43.38
mdv,sex_m,ocu_isco08_2,edu_aggregate_total,2019,46.63
mdv,sex_m,ocu_isco08_2,edu_aggregate_x,2014,39.22
mdv,sex_m,ocu_isco08_2,edu_aggregate_x,2016,43.72
mdv,sex_m,ocu_isco08_2,edu_isced11_1,2019,41.57
mdv,sex_m,ocu_isco08_2,edu_isced11_2,2014,41.39
mdv,sex_m,ocu_isco08_2,edu_isced11_2,2016,43.38
mdv,sex_m,ocu_isco08_2,edu_isced11_2,2019,42.78
mdv,sex_m,ocu_isco08_2,edu_isced11_3,2014,41.2
mdv,sex_m,ocu_isco08_2,edu_isced11_3,2016,41.65
mdv,sex_m,ocu_isco08_2,edu_isced11_3,2019,60.78
mdv,sex_m,ocu_isco08_2,edu_isced11_4,2014,40.19
mdv,sex_m,ocu_isco08_2,edu_isced11_4,2016,45.25
mdv,sex_m,ocu_isco08_2,edu_isced11_4,2019,48.22
mdv,sex_m,ocu_isco08_2,edu_isced11_6,2014,41.06
mdv,sex_m,ocu_isco08_2,edu_isced11_6,2016,41.88
mdv,sex_m,ocu_isco08_2,edu_isced11_6,2019,47.1
mdv,sex_m,ocu_isco08_2,edu_isced11_7,2016,46.8
mdv,sex_m,ocu_isco08_2,edu_isced11_7,2019,42.91
mdv,sex_m,ocu_isco08_2,edu_isced11_8,2014,39.67
mdv,sex_m,ocu_isco08_2,edu_isced11_9,2014,39.22
mdv,sex_m,ocu_isco08_2,edu_isced11_9,2016,43.72
mdv,sex_m,ocu_isco08_2,edu_isced11_total,2014,40.53
mdv,sex_m,ocu_isco08_2,edu_isced11_total,2016,43.38
mdv,sex_m,ocu_isco08_2,edu_isced11_total,2019,46.63
mdv,sex_m,ocu_isco08_2,edu_isced11_x,2014,38.59
mdv,sex_m,ocu_isco08_2,edu_isced11_x,2016,38.91
mdv,sex_m,ocu_isco08_3,edu_aggregate_adv,2014,46.02
mdv,sex_m,ocu_isco08_3,edu_aggregate_adv,2016,55.92
mdv,sex_m,ocu_isco08_3,edu_aggregate_adv,2019,50.72
mdv,sex_m,ocu_isco08_3,edu_aggregate_bas,2014,43.8
mdv,sex_m,ocu_isco08_3,edu_aggregate_bas,2016,51.39
mdv,sex_m,ocu_isco08_3,edu_aggregate_bas,2019,51.19
mdv,sex_m,ocu_isco08_3,edu_aggregate_int,2014,44.94
mdv,sex_m,ocu_isco08_3,edu_aggregate_int,2016,51.42
mdv,sex_m,ocu_isco08_3,edu_aggregate_int,2019,49.39
mdv,sex_m,ocu_isco08_3,edu_aggregate_ltb,2014,46.81
mdv,sex_m,ocu_isco08_3,edu_aggregate_ltb,2016,53.6
mdv,sex_m,ocu_isco08_3,edu_aggregate_ltb,2019,50.69
mdv,sex_m,ocu_isco08_3,edu_aggregate_total,2014,45.15
mdv,sex_m,ocu_isco08_3,edu_aggregate_total,2016,52.71
mdv,sex_m,ocu_isco08_3,edu_aggregate_total,2019,50.52
mdv,sex_m,ocu_isco08_3,edu_aggregate_x,2014,43.76
mdv,sex_m,ocu_isco08_3,edu_aggregate_x,2016,59.14
mdv,sex_m,ocu_isco08_3,edu_isced11_1,2019,58.22
mdv,sex_m,ocu_isco08_3,edu_isced11_2,2014,43.8
mdv,sex_m,ocu_isco08_3,edu_isced11_2,2016,51.86
mdv,sex_m,ocu_isco08_3,edu_isced11_2,2019,48.31
mdv,sex_m,ocu_isco08_3,edu_isced11_3,2014,45.25
mdv,sex_m,ocu_isco08_3,edu_isced11_3,2016,52.36
mdv,sex_m,ocu_isco08_3,edu_isced11_3,2019,49.17
mdv,sex_m,ocu_isco08_3,edu_isced11_4,2014,44.69
mdv,sex_m,ocu_isco08_3,edu_isced11_4,2016,50.61
mdv,sex_m,ocu_isco08_3,edu_isced11_4,2019,49.47
mdv,sex_m,ocu_isco08_3,edu_isced11_6,2014,46.04
mdv,sex_m,ocu_isco08_3,edu_isced11_6,2016,58.59
mdv,sex_m,ocu_isco08_3,edu_isced11_6,2019,51.95
mdv,sex_m,ocu_isco08_3,edu_isced11_7,2016,50.43
mdv,sex_m,ocu_isco08_3,edu_isced11_7,2019,46.01
mdv,sex_m,ocu_isco08_3,edu_isced11_9,2014,43.76
mdv,sex_m,ocu_isco08_3,edu_isced11_9,2016,59.14
mdv,sex_m,ocu_isco08_3,edu_isced11_total,2014,45.15
mdv,sex_m,ocu_isco08_3,edu_isced11_total,2016,52.71
mdv,sex_m,ocu_isco08_3,edu_isced11_total,2019,50.52
mdv,sex_m,ocu_isco08_3,edu_isced11_x,2014,46.81
mdv,sex_m,ocu_isco08_3,edu_isced11_x,2016,53.6
mdv,sex_m,ocu_isco08_3,edu_isced11_x,2019,50.69
mdv,sex_m,ocu_isco08_4,edu_aggregate_adv,2014,47.36
mdv,sex_m,ocu_isco08_4,edu_aggregate_adv,2016,48.58
mdv,sex_m,ocu_isco08_4,edu_aggregate_adv,2019,50.99
mdv,sex_m,ocu_isco08_4,edu_aggregate_bas,2014,42.13
mdv,sex_m,ocu_isco08_4,edu_aggregate_bas,2016,48.24
mdv,sex_m,ocu_isco08_4,edu_aggregate_bas,2019,46.72
mdv,sex_m,ocu_isco08_4,edu_aggregate_int,2014,42.51
mdv,sex_m,ocu_isco08_4,edu_aggregate_int,2016,44.91
mdv,sex_m,ocu_isco08_4,edu_aggregate_int,2019,46.8
mdv,sex_m,ocu_isco08_4,edu_aggregate_ltb,2014,44.18
mdv,sex_m,ocu_isco08_4,edu_aggregate_ltb,2016,55.58
mdv,sex_m,ocu_isco08_4,edu_aggregate_total,2014,42.68
mdv,sex_m,ocu_isco08_4,edu_aggregate_total,2016,48.15
mdv,sex_m,ocu_isco08_4,edu_aggregate_total,2019,47.13
mdv,sex_m,ocu_isco08_4,edu_aggregate_x,2014,41.58
mdv,sex_m,ocu_isco08_4,edu_aggregate_x,2016,43.85
mdv,sex_m,ocu_isco08_4,edu_isced11_1,2019,48.3
mdv,sex_m,ocu_isco08_4,edu_isced11_2,2014,42.13
mdv,sex_m,ocu_isco08_4,edu_isced11_2,2016,48.24
mdv,sex_m,ocu_isco08_4,edu_isced11_2,2019,46.53
mdv,sex_m,ocu_isco08_4,edu_isced11_3,2014,42.24
mdv,sex_m,ocu_isco08_4,edu_isced11_3,2016,44.6
mdv,sex_m,ocu_isco08_4,edu_isced11_3,2019,47.59
mdv,sex_m,ocu_isco08_4,edu_isced11_4,2014,42.86
mdv,sex_m,ocu_isco08_4,edu_isced11_4,2016,45.29
mdv,sex_m,ocu_isco08_4,edu_isced11_4,2019,46.21
mdv,sex_m,ocu_isco08_4,edu_isced11_6,2014,47.5
mdv,sex_m,ocu_isco08_4,edu_isced11_6,2016,48.62
mdv,sex_m,ocu_isco08_4,edu_isced11_6,2019,49.07
mdv,sex_m,ocu_isco08_4,edu_isced11_9,2014,41.58
mdv,sex_m,ocu_isco08_4,edu_isced11_9,2016,43.85
mdv,sex_m,ocu_isco08_4,edu_isced11_total,2014,42.68
mdv,sex_m,ocu_isco08_4,edu_isced11_total,2016,48.15
mdv,sex_m,ocu_isco08_4,edu_isced11_total,2019,47.13
mdv,sex_m,ocu_isco08_4,edu_isced11_x,2014,44.18
mdv,sex_m,ocu_isco08_4,edu_isced11_x,2016,55.58
mdv,sex_m,ocu_isco08_5,edu_aggregate_adv,2014,46.74
mdv,sex_m,ocu_isco08_5,edu_aggregate_adv,2016,54.21
mdv,sex_m,ocu_isco08_5,edu_aggregate_adv,2019,50.23
mdv,sex_m,ocu_isco08_5,edu_aggregate_bas,2014,44.49
mdv,sex_m,ocu_isco08_5,edu_aggregate_bas,2016,53.7
mdv,sex_m,ocu_isco08_5,edu_aggregate_bas,2019,53.55
mdv,sex_m,ocu_isco08_5,edu_aggregate_int,2014,45.7
mdv,sex_m,ocu_isco08_5,edu_aggregate_int,2016,54.26
mdv,sex_m,ocu_isco08_5,edu_aggregate_int,2019,53.97
mdv,sex_m,ocu_isco08_5,edu_aggregate_ltb,2014,49.28
mdv,sex_m,ocu_isco08_5,edu_aggregate_ltb,2016,56.37
mdv,sex_m,ocu_isco08_5,edu_aggregate_ltb,2019,65.44
mdv,sex_m,ocu_isco08_5,edu_aggregate_total,2014,46.77
mdv,sex_m,ocu_isco08_5,edu_aggregate_total,2016,55.21
mdv,sex_m,ocu_isco08_5,edu_aggregate_total,2019,54.35
mdv,sex_m,ocu_isco08_5,edu_aggregate_x,2014,46.21
mdv,sex_m,ocu_isco08_5,edu_aggregate_x,2016,64.46
mdv,sex_m,ocu_isco08_5,edu_isced11_1,2019,53.89
mdv,sex_m,ocu_isco08_5,edu_isced11_2,2014,44.49
mdv,sex_m,ocu_isco08_5,edu_isced11_2,2016,53.7
mdv,sex_m,ocu_isco08_5,edu_isced11_2,2019,53.38
mdv,sex_m,ocu_isco08_5,edu_isced11_3,2014,45.69
mdv,sex_m,ocu_isco08_5,edu_isced11_3,2016,52.62
mdv,sex_m,ocu_isco08_5,edu_isced11_3,2019,52.49
mdv,sex_m,ocu_isco08_5,edu_isced11_4,2014,45.72
mdv,sex_m,ocu_isco08_5,edu_isced11_4,2016,57.39
mdv,sex_m,ocu_isco08_5,edu_isced11_4,2019,54.91
mdv,sex_m,ocu_isco08_5,edu_isced11_6,2014,46.74
mdv,sex_m,ocu_isco08_5,edu_isced11_6,2016,54.21
mdv,sex_m,ocu_isco08_5,edu_isced11_6,2019,50.23
mdv,sex_m,ocu_isco08_5,edu_isced11_9,2014,46.21
mdv,sex_m,ocu_isco08_5,edu_isced11_9,2016,64.46
mdv,sex_m,ocu_isco08_5,edu_isced11_total,2014,46.77
mdv,sex_m,ocu_isco08_5,edu_isced11_total,2016,55.21
mdv,sex_m,ocu_isco08_5,edu_isced11_total,2019,54.35
mdv,sex_m,ocu_isco08_5,edu_isced11_x,2014,49.28
mdv,sex_m,ocu_isco08_5,edu_isced11_x,2016,56.37
mdv,sex_m,ocu_isco08_5,edu_isced11_x,2019,65.1
mdv,sex_m,ocu_isco08_6,edu_aggregate_adv,2014,50.83
mdv,sex_m,ocu_isco08_6,edu_aggregate_adv,2019,47.03
mdv,sex_m,ocu_isco08_6,edu_aggregate_bas,2014,55.64
mdv,sex_m,ocu_isco08_6,edu_aggregate_bas,2016,72.53
mdv,sex_m,ocu_isco08_6,edu_aggregate_bas,2019,55.8
mdv,sex_m,ocu_isco08_6,edu_aggregate_int,2014,54.9
mdv,sex_m,ocu_isco08_6,edu_aggregate_int,2016,77.08
mdv,sex_m,ocu_isco08_6,edu_aggregate_int,2019,45.23
mdv,sex_m,ocu_isco08_6,edu_aggregate_ltb,2014,54.66
mdv,sex_m,ocu_isco08_6,edu_aggregate_ltb,2016,70.02
mdv,sex_m,ocu_isco08_6,edu_aggregate_ltb,2019,59.09
mdv,sex_m,ocu_isco08_6,edu_aggregate_total,2014,54.83
mdv,sex_m,ocu_isco08_6,edu_aggregate_total,2016,71.3
mdv,sex_m,ocu_isco08_6,edu_aggregate_total,2019,53.63
mdv,sex_m,ocu_isco08_6,edu_aggregate_x,2014,55.99
mdv,sex_m,ocu_isco08_6,edu_aggregate_x,2016,86.4
mdv,sex_m,ocu_isco08_6,edu_isced11_1,2019,57.24
mdv,sex_m,ocu_isco08_6,edu_isced11_2,2014,55.64
mdv,sex_m,ocu_isco08_6,edu_isced11_2,2016,72.53
mdv,sex_m,ocu_isco08_6,edu_isced11_2,2019,54.12
mdv,sex_m,ocu_isco08_6,edu_isced11_3,2014,54.73
mdv,sex_m,ocu_isco08_6,edu_isced11_3,2016,82.13
mdv,sex_m,ocu_isco08_6,edu_isced11_3,2019,42.4
mdv,sex_m,ocu_isco08_6,edu_isced11_4,2014,55.32
mdv,sex_m,ocu_isco08_6,edu_isced11_4,2019,45.76
mdv,sex_m,ocu_isco08_6,edu_isced11_6,2014,50.83
mdv,sex_m,ocu_isco08_6,edu_isced11_6,2019,49.48
mdv,sex_m,ocu_isco08_6,edu_isced11_7,2019,44.45
mdv,sex_m,ocu_isco08_6,edu_isced11_9,2014,55.99
mdv,sex_m,ocu_isco08_6,edu_isced11_9,2016,86.4
mdv,sex_m,ocu_isco08_6,edu_isced11_total,2014,54.83
mdv,sex_m,ocu_isco08_6,edu_isced11_total,2016,71.3
mdv,sex_m,ocu_isco08_6,edu_isced11_total,2019,53.63
mdv,sex_m,ocu_isco08_6,edu_isced11_x,2014,54.66
mdv,sex_m,ocu_isco08_6,edu_isced11_x,2016,70.02
mdv,sex_m,ocu_isco08_6,edu_isced11_x,2019,59.45
mdv,sex_m,ocu_isco08_7,edu_aggregate_adv,2014,47.02
mdv,sex_m,ocu_isco08_7,edu_aggregate_adv,2016,63.31
mdv,sex_m,ocu_isco08_7,edu_aggregate_bas,2014,45.63
mdv,sex_m,ocu_isco08_7,edu_aggregate_bas,2016,57.36
mdv,sex_m,ocu_isco08_7,edu_aggregate_bas,2019,51.32
mdv,sex_m,ocu_isco08_7,edu_aggregate_int,2014,45.6
mdv,sex_m,ocu_isco08_7,edu_aggregate_int,2016,43.52
mdv,sex_m,ocu_isco08_7,edu_aggregate_int,2019,45.82
mdv,sex_m,ocu_isco08_7,edu_aggregate_ltb,2014,48.71
mdv,sex_m,ocu_isco08_7,edu_aggregate_ltb,2016,61.01
mdv,sex_m,ocu_isco08_7,edu_aggregate_ltb,2019,56.22
mdv,sex_m,ocu_isco08_7,edu_aggregate_total,2014,47.86
mdv,sex_m,ocu_isco08_7,edu_aggregate_total,2016,58.29
mdv,sex_m,ocu_isco08_7,edu_aggregate_total,2019,50.21
mdv,sex_m,ocu_isco08_7,edu_aggregate_x,2014,47.21
mdv,sex_m,ocu_isco08_7,edu_aggregate_x,2016,55.88
mdv,sex_m,ocu_isco08_7,edu_isced11_1,2019,51.32
mdv,sex_m,ocu_isco08_7,edu_isced11_2,2014,45.63
mdv,sex_m,ocu_isco08_7,edu_isced11_2,2016,57.36
mdv,sex_m,ocu_isco08_7,edu_isced11_2,2019,51.31
mdv,sex_m,ocu_isco08_7,edu_isced11_3,2014,45.54
mdv,sex_m,ocu_isco08_7,edu_isced11_3,2016,42.39
mdv,sex_m,ocu_isco08_7,edu_isced11_3,2019,37.78
mdv,sex_m,ocu_isco08_7,edu_isced11_4,2014,45.68
mdv,sex_m,ocu_isco08_7,edu_isced11_4,2016,44.48
mdv,sex_m,ocu_isco08_7,edu_isced11_4,2019,48.59
mdv,sex_m,ocu_isco08_7,edu_isced11_6,2014,47.05
mdv,sex_m,ocu_isco08_7,edu_isced11_9,2014,47.21
mdv,sex_m,ocu_isco08_7,edu_isced11_9,2016,55.88
mdv,sex_m,ocu_isco08_7,edu_isced11_total,2014,47.86
mdv,sex_m,ocu_isco08_7,edu_isced11_total,2016,58.29
mdv,sex_m,ocu_isco08_7,edu_isced11_total,2019,50.21
mdv,sex_m,ocu_isco08_7,edu_isced11_x,2014,48.71
mdv,sex_m,ocu_isco08_7,edu_isced11_x,2016,61.01
mdv,sex_m,ocu_isco08_7,edu_isced11_x,2019,56.22
mdv,sex_m,ocu_isco08_8,edu_aggregate_adv,2014,47.27
mdv,sex_m,ocu_isco08_8,edu_aggregate_adv,2016,94.55
mdv,sex_m,ocu_isco08_8,edu_aggregate_bas,2014,45.8
mdv,sex_m,ocu_isco08_8,edu_aggregate_bas,2016,56.8
mdv,sex_m,ocu_isco08_8,edu_aggregate_bas,2019,52.26
mdv,sex_m,ocu_isco08_8,edu_aggregate_int,2014,47.46
mdv,sex_m,ocu_isco08_8,edu_aggregate_int,2016,55.05
mdv,sex_m,ocu_isco08_8,edu_aggregate_int,2019,53.46
mdv,sex_m,ocu_isco08_8,edu_aggregate_ltb,2014,48.91
mdv,sex_m,ocu_isco08_8,edu_aggregate_ltb,2016,54.62
mdv,sex_m,ocu_isco08_8,edu_aggregate_ltb,2019,60.59
mdv,sex_m,ocu_isco08_8,edu_aggregate_total,2014,48.03
mdv,sex_m,ocu_isco08_8,edu_aggregate_total,2016,56.54
mdv,sex_m,ocu_isco08_8,edu_aggregate_total,2019,52.59
mdv,sex_m,ocu_isco08_8,edu_aggregate_x,2014,47.05
mdv,sex_m,ocu_isco08_8,edu_aggregate_x,2016,60.18
mdv,sex_m,ocu_isco08_8,edu_isced11_1,2019,52.21
mdv,sex_m,ocu_isco08_8,edu_isced11_2,2014,45.8
mdv,sex_m,ocu_isco08_8,edu_isced11_2,2016,56.8
mdv,sex_m,ocu_isco08_8,edu_isced11_2,2019,52.31
mdv,sex_m,ocu_isco08_8,edu_isced11_3,2014,47.36
mdv,sex_m,ocu_isco08_8,edu_isced11_3,2016,47.73
mdv,sex_m,ocu_isco08_8,edu_isced11_4,2014,47.69
mdv,sex_m,ocu_isco08_8,edu_isced11_4,2016,64.36
mdv,sex_m,ocu_isco08_8,edu_isced11_4,2019,54.52
mdv,sex_m,ocu_isco08_8,edu_isced11_6,2014,46.9
mdv,sex_m,ocu_isco08_8,edu_isced11_6,2016,94.55
mdv,sex_m,ocu_isco08_8,edu_isced11_9,2014,47.05
mdv,sex_m,ocu_isco08_8,edu_isced11_9,2016,60.18
mdv,sex_m,ocu_isco08_8,edu_isced11_total,2014,48.03
mdv,sex_m,ocu_isco08_8,edu_isced11_total,2016,56.54
mdv,sex_m,ocu_isco08_8,edu_isced11_total,2019,52.59
mdv,sex_m,ocu_isco08_8,edu_isced11_x,2014,48.91
mdv,sex_m,ocu_isco08_8,edu_isced11_x,2016,54.62
mdv,sex_m,ocu_isco08_8,edu_isced11_x,2019,60.59
mdv,sex_m,ocu_isco08_9,edu_aggregate_adv,2014,48.15
mdv,sex_m,ocu_isco08_9,edu_aggregate_adv,2016,45.32
mdv,sex_m,ocu_isco08_9,edu_aggregate_bas,2014,44.85
mdv,sex_m,ocu_isco08_9,edu_aggregate_bas,2016,55.34
mdv,sex_m,ocu_isco08_9,edu_aggregate_bas,2019,50.73
mdv,sex_m,ocu_isco08_9,edu_aggregate_int,2014,45.58
mdv,sex_m,ocu_isco08_9,edu_aggregate_int,2016,49.03
mdv,sex_m,ocu_isco08_9,edu_aggregate_int,2019,61.62
mdv,sex_m,ocu_isco08_9,edu_aggregate_ltb,2014,47.06
mdv,sex_m,ocu_isco08_9,edu_aggregate_ltb,2016,51.98
mdv,sex_m,ocu_isco08_9,edu_aggregate_ltb,2019,47.53
mdv,sex_m,ocu_isco08_9,edu_aggregate_total,2014,46.66
mdv,sex_m,ocu_isco08_9,edu_aggregate_total,2016,52.31
mdv,sex_m,ocu_isco08_9,edu_aggregate_total,2019,51.4
mdv,sex_m,ocu_isco08_9,edu_aggregate_x,2014,48.81
mdv,sex_m,ocu_isco08_9,edu_aggregate_x,2016,50.84
mdv,sex_m,ocu_isco08_9,edu_isced11_1,2019,48.85
mdv,sex_m,ocu_isco08_9,edu_isced11_2,2014,44.85
mdv,sex_m,ocu_isco08_9,edu_isced11_2,2016,55.37
mdv,sex_m,ocu_isco08_9,edu_isced11_2,2019,53.6
mdv,sex_m,ocu_isco08_9,edu_isced11_3,2014,46.22
mdv,sex_m,ocu_isco08_9,edu_isced11_3,2016,51.27
mdv,sex_m,ocu_isco08_9,edu_isced11_3,2019,72.75
mdv,sex_m,ocu_isco08_9,edu_isced11_4,2014,44.18
mdv,sex_m,ocu_isco08_9,edu_isced11_4,2016,44.64
mdv,sex_m,ocu_isco08_9,edu_isced11_4,2019,55.4
mdv,sex_m,ocu_isco08_9,edu_isced11_6,2014,48.15
mdv,sex_m,ocu_isco08_9,edu_isced11_6,2016,45.32
mdv,sex_m,ocu_isco08_9,edu_isced11_9,2014,48.81
mdv,sex_m,ocu_isco08_9,edu_isced11_9,2016,50.84
mdv,sex_m,ocu_isco08_9,edu_isced11_total,2014,46.66
mdv,sex_m,ocu_isco08_9,edu_isced11_total,2016,52.31
mdv,sex_m,ocu_isco08_9,edu_isced11_total,2019,51.4
mdv,sex_m,ocu_isco08_9,edu_isced11_x,2014,47.06
mdv,sex_m,ocu_isco08_9,edu_isced11_x,2016,51.98
mdv,sex_m,ocu_isco08_9,edu_isced11_x,2019,49.06
mdv,sex_m,ocu_isco08_total,edu_aggregate_adv,2014,44.19
mdv,sex_m,ocu_isco08_total,edu_aggregate_adv,2016,52.27
mdv,sex_m,ocu_isco08_total,edu_aggregate_adv,2019,48.6
mdv,sex_m,ocu_isco08_total,edu_aggregate_bas,2014,44.4
mdv,sex_m,ocu_isco08_total,edu_aggregate_bas,2016,53.11
mdv,sex_m,ocu_isco08_total,edu_aggregate_bas,2019,52.64
mdv,sex_m,ocu_isco08_total,edu_aggregate_int,2014,44.81
mdv,sex_m,ocu_isco08_total,edu_aggregate_int,2016,50.62
mdv,sex_m,ocu_isco08_total,edu_aggregate_int,2019,50.28
mdv,sex_m,ocu_isco08_total,edu_aggregate_ltb,2014,48.14
mdv,sex_m,ocu_isco08_total,edu_aggregate_ltb,2016,56.35
mdv,sex_m,ocu_isco08_total,edu_aggregate_ltb,2019,55.76
mdv,sex_m,ocu_isco08_total,edu_aggregate_total,2014,46.23
mdv,sex_m,ocu_isco08_total,edu_aggregate_total,2016,53.81
mdv,sex_m,ocu_isco08_total,edu_aggregate_total,2019,51.62
mdv,sex_m,ocu_isco08_total,edu_aggregate_x,2014,44.36
mdv,sex_m,ocu_isco08_total,edu_aggregate_x,2016,56.86
mdv,sex_m,ocu_isco08_total,edu_isced11_0,2019,44.51
mdv,sex_m,ocu_isco08_total,edu_isced11_1,2019,54.42
mdv,sex_m,ocu_isco08_total,edu_isced11_2,2014,44.4
mdv,sex_m,ocu_isco08_total,edu_isced11_2,2016,53.21
mdv,sex_m,ocu_isco08_total,edu_isced11_2,2019,51.58
mdv,sex_m,ocu_isco08_total,edu_isced11_3,2014,45.17
mdv,sex_m,ocu_isco08_total,edu_isced11_3,2016,49.73
mdv,sex_m,ocu_isco08_total,edu_isced11_3,2019,51.27
mdv,sex_m,ocu_isco08_total,edu_isced11_4,2014,44.47
mdv,sex_m,ocu_isco08_total,edu_isced11_4,2016,51.42
mdv,sex_m,ocu_isco08_total,edu_isced11_4,2019,49.85
mdv,sex_m,ocu_isco08_total,edu_isced11_6,2014,44.23
mdv,sex_m,ocu_isco08_total,edu_isced11_6,2016,51.36
mdv,sex_m,ocu_isco08_total,edu_isced11_6,2019,49.44
mdv,sex_m,ocu_isco08_total,edu_isced11_7,2016,54.87
mdv,sex_m,ocu_isco08_total,edu_isced11_7,2019,47.63
mdv,sex_m,ocu_isco08_total,edu_isced11_8,2014,42.45
mdv,sex_m,ocu_isco08_total,edu_isced11_8,2019,34.98
mdv,sex_m,ocu_isco08_total,edu_isced11_9,2014,44.36
mdv,sex_m,ocu_isco08_total,edu_isced11_9,2016,56.86
mdv,sex_m,ocu_isco08_total,edu_isced11_total,2014,46.23
mdv,sex_m,ocu_isco08_total,edu_isced11_total,2016,53.81
mdv,sex_m,ocu_isco08_total,edu_isced11_total,2019,51.62
mdv,sex_m,ocu_isco08_total,edu_isced11_x,2014,48.14
mdv,sex_m,ocu_isco08_total,edu_isced11_x,2016,56.4
mdv,sex_m,ocu_isco08_total,edu_isced11_x,2019,56.68
mdv,sex_m,ocu_isco08_x,edu_aggregate_adv,2014,45.71
mdv,sex_m,ocu_isco08_x,edu_aggregate_bas,2014,45.24
mdv,sex_m,ocu_isco08_x,edu_aggregate_bas,2019,47.05
mdv,sex_m,ocu_isco08_x,edu_aggregate_int,2014,45.32
mdv,sex_m,ocu_isco08_x,edu_aggregate_int,2019,65.03
mdv,sex_m,ocu_isco08_x,edu_aggregate_ltb,2014,47.25
mdv,sex_m,ocu_isco08_x,edu_aggregate_ltb,2016,45.63
mdv,sex_m,ocu_isco08_x,edu_aggregate_total,2014,46.13
mdv,sex_m,ocu_isco08_x,edu_aggregate_total,2016,46.22
mdv,sex_m,ocu_isco08_x,edu_aggregate_total,2019,57.47
mdv,sex_m,ocu_isco08_x,edu_aggregate_x,2014,43.5
mdv,sex_m,ocu_isco08_x,edu_isced11_2,2014,45.24
mdv,sex_m,ocu_isco08_x,edu_isced11_3,2014,45.17
mdv,sex_m,ocu_isco08_x,edu_isced11_4,2014,45.49
mdv,sex_m,ocu_isco08_x,edu_isced11_4,2019,72
mdv,sex_m,ocu_isco08_x,edu_isced11_6,2014,45.38
mdv,sex_m,ocu_isco08_x,edu_isced11_9,2014,43.5
mdv,sex_m,ocu_isco08_x,edu_isced11_total,2014,46.13
mdv,sex_m,ocu_isco08_x,edu_isced11_total,2016,46.22
mdv,sex_m,ocu_isco08_x,edu_isced11_total,2019,57.47
mdv,sex_m,ocu_isco08_x,edu_isced11_x,2014,47.25
mdv,sex_m,ocu_isco08_x,edu_isced11_x,2016,45.63
mdv,sex_m,ocu_skill_l1,edu_aggregate_adv,2014,48.15
mdv,sex_m,ocu_skill_l1,edu_aggregate_adv,2016,45.32
mdv,sex_m,ocu_skill_l1,edu_aggregate_bas,2014,44.85
mdv,sex_m,ocu_skill_l1,edu_aggregate_bas,2016,55.34
mdv,sex_m,ocu_skill_l1,edu_aggregate_bas,2019,50.73
mdv,sex_m,ocu_skill_l1,edu_aggregate_int,2014,45.58
mdv,sex_m,ocu_skill_l1,edu_aggregate_int,2016,49.03
mdv,sex_m,ocu_skill_l1,edu_aggregate_int,2019,61.62
mdv,sex_m,ocu_skill_l1,edu_aggregate_ltb,2014,47.06
mdv,sex_m,ocu_skill_l1,edu_aggregate_ltb,2016,51.98
mdv,sex_m,ocu_skill_l1,edu_aggregate_ltb,2019,47.53
mdv,sex_m,ocu_skill_l1,edu_aggregate_total,2014,46.66
mdv,sex_m,ocu_skill_l1,edu_aggregate_total,2016,52.31
mdv,sex_m,ocu_skill_l1,edu_aggregate_total,2019,51.4
mdv,sex_m,ocu_skill_l1,edu_aggregate_x,2014,48.81
mdv,sex_m,ocu_skill_l1,edu_aggregate_x,2016,50.84
mdv,sex_m,ocu_skill_l1,edu_isced11_1,2019,48.85
mdv,sex_m,ocu_skill_l1,edu_isced11_2,2014,44.85
mdv,sex_m,ocu_skill_l1,edu_isced11_2,2016,55.37
mdv,sex_m,ocu_skill_l1,edu_isced11_2,2019,53.6
mdv,sex_m,ocu_skill_l1,edu_isced11_3,2014,46.22
mdv,sex_m,ocu_skill_l1,edu_isced11_3,2016,51.27
mdv,sex_m,ocu_skill_l1,edu_isced11_3,2019,72.75
mdv,sex_m,ocu_skill_l1,edu_isced11_4,2014,44.18
mdv,sex_m,ocu_skill_l1,edu_isced11_4,2016,44.64
mdv,sex_m,ocu_skill_l1,edu_isced11_4,2019,55.4
mdv,sex_m,ocu_skill_l1,edu_isced11_6,2014,48.15
mdv,sex_m,ocu_skill_l1,edu_isced11_6,2016,45.32
mdv,sex_m,ocu_skill_l1,edu_isced11_9,2014,48.81
mdv,sex_m,ocu_skill_l1,edu_isced11_9,2016,50.84
mdv,sex_m,ocu_skill_l1,edu_isced11_total,2014,46.66
mdv,sex_m,ocu_skill_l1,edu_isced11_total,2016,52.31
mdv,sex_m,ocu_skill_l1,edu_isced11_total,2019,51.4
mdv,sex_m,ocu_skill_l1,edu_isced11_x,2014,47.06
mdv,sex_m,ocu_skill_l1,edu_isced11_x,2016,51.98
mdv,sex_m,ocu_skill_l1,edu_isced11_x,2019,49.06
mdv,sex_m,ocu_skill_l2,edu_aggregate_adv,2014,46.99
mdv,sex_m,ocu_skill_l2,edu_aggregate_adv,2016,56.37
mdv,sex_m,ocu_skill_l2,edu_aggregate_adv,2019,47.95
mdv,sex_m,ocu_skill_l2,edu_aggregate_bas,2014,44.67
mdv,sex_m,ocu_skill_l2,edu_aggregate_bas,2016,54.12
mdv,sex_m,ocu_skill_l2,edu_aggregate_bas,2019,52.88
mdv,sex_m,ocu_skill_l2,edu_aggregate_int,2014,45.17
mdv,sex_m,ocu_skill_l2,edu_aggregate_int,2016,49.54
mdv,sex_m,ocu_skill_l2,edu_aggregate_int,2019,48.94
mdv,sex_m,ocu_skill_l2,edu_aggregate_ltb,2014,49.34
mdv,sex_m,ocu_skill_l2,edu_aggregate_ltb,2016,59.18
mdv,sex_m,ocu_skill_l2,edu_aggregate_ltb,2019,60.66
mdv,sex_m,ocu_skill_l2,edu_aggregate_total,2014,47.2
mdv,sex_m,ocu_skill_l2,edu_aggregate_total,2016,55.89
mdv,sex_m,ocu_skill_l2,edu_aggregate_total,2019,52.3
mdv,sex_m,ocu_skill_l2,edu_aggregate_x,2014,46.11
mdv,sex_m,ocu_skill_l2,edu_aggregate_x,2016,60.62
mdv,sex_m,ocu_skill_l2,edu_isced11_0,2019,59.76
mdv,sex_m,ocu_skill_l2,edu_isced11_1,2019,54.39
mdv,sex_m,ocu_skill_l2,edu_isced11_2,2014,44.67
mdv,sex_m,ocu_skill_l2,edu_isced11_2,2016,54.12
mdv,sex_m,ocu_skill_l2,edu_isced11_2,2019,51.89
mdv,sex_m,ocu_skill_l2,edu_isced11_3,2014,45.16
mdv,sex_m,ocu_skill_l2,edu_isced11_3,2016,48.92
mdv,sex_m,ocu_skill_l2,edu_isced11_3,2019,48.06
mdv,sex_m,ocu_skill_l2,edu_isced11_4,2014,45.19
mdv,sex_m,ocu_skill_l2,edu_isced11_4,2016,50.43
mdv,sex_m,ocu_skill_l2,edu_isced11_4,2019,49.34
mdv,sex_m,ocu_skill_l2,edu_isced11_6,2014,47
mdv,sex_m,ocu_skill_l2,edu_isced11_6,2016,55.93
mdv,sex_m,ocu_skill_l2,edu_isced11_6,2019,48.51
mdv,sex_m,ocu_skill_l2,edu_isced11_7,2019,46.32
mdv,sex_m,ocu_skill_l2,edu_isced11_8,2014,45.71
mdv,sex_m,ocu_skill_l2,edu_isced11_9,2014,46.11
mdv,sex_m,ocu_skill_l2,edu_isced11_9,2016,60.62
mdv,sex_m,ocu_skill_l2,edu_isced11_total,2014,47.2
mdv,sex_m,ocu_skill_l2,edu_isced11_total,2016,55.89
mdv,sex_m,ocu_skill_l2,edu_isced11_total,2019,52.3
mdv,sex_m,ocu_skill_l2,edu_isced11_x,2014,49.34
mdv,sex_m,ocu_skill_l2,edu_isced11_x,2016,59.19
mdv,sex_m,ocu_skill_l2,edu_isced11_x,2019,60.69
mdv,sex_m,ocu_skill_l3_4,edu_aggregate_adv,2014,43.17
mdv,sex_m,ocu_skill_l3_4,edu_aggregate_adv,2016,49.32
mdv,sex_m,ocu_skill_l3_4,edu_aggregate_adv,2019,47.62
mdv,sex_m,ocu_skill_l3_4,edu_aggregate_bas,2014,43.52
mdv,sex_m,ocu_skill_l3_4,edu_aggregate_bas,2016,49.58
mdv,sex_m,ocu_skill_l3_4,edu_aggregate_bas,2019,51.24
mdv,sex_m,ocu_skill_l3_4,edu_aggregate_int,2014,44.14
mdv,sex_m,ocu_skill_l3_4,edu_aggregate_int,2016,50.4
mdv,sex_m,ocu_skill_l3_4,edu_aggregate_int,2019,49.85
mdv,sex_m,ocu_skill_l3_4,edu_aggregate_ltb,2014,46.25
mdv,sex_m,ocu_skill_l3_4,edu_aggregate_ltb,2016,53.88
mdv,sex_m,ocu_skill_l3_4,edu_aggregate_ltb,2019,48.75
mdv,sex_m,ocu_skill_l3_4,edu_aggregate_total,2014,44.18
mdv,sex_m,ocu_skill_l3_4,edu_aggregate_total,2016,50.8
mdv,sex_m,ocu_skill_l3_4,edu_aggregate_total,2019,49.74
mdv,sex_m,ocu_skill_l3_4,edu_aggregate_x,2014,41.68
mdv,sex_m,ocu_skill_l3_4,edu_aggregate_x,2016,53.97
mdv,sex_m,ocu_skill_l3_4,edu_isced11_1,2019,56.95
mdv,sex_m,ocu_skill_l3_4,edu_isced11_2,2014,43.52
mdv,sex_m,ocu_skill_l3_4,edu_isced11_2,2016,49.87
mdv,sex_m,ocu_skill_l3_4,edu_isced11_2,2019,49.09
mdv,sex_m,ocu_skill_l3_4,edu_isced11_3,2014,44.73
mdv,sex_m,ocu_skill_l3_4,edu_isced11_3,2016,49.5
mdv,sex_m,ocu_skill_l3_4,edu_isced11_3,2019,52.18
mdv,sex_m,ocu_skill_l3_4,edu_isced11_4,2014,43.77
mdv,sex_m,ocu_skill_l3_4,edu_isced11_4,2016,50.99
mdv,sex_m,ocu_skill_l3_4,edu_isced11_4,2019,48.9
mdv,sex_m,ocu_skill_l3_4,edu_isced11_6,2014,43.21
mdv,sex_m,ocu_skill_l3_4,edu_isced11_6,2016,49.21
mdv,sex_m,ocu_skill_l3_4,edu_isced11_6,2019,49.42
mdv,sex_m,ocu_skill_l3_4,edu_isced11_7,2016,49.87
mdv,sex_m,ocu_skill_l3_4,edu_isced11_7,2019,45.31
mdv,sex_m,ocu_skill_l3_4,edu_isced11_8,2014,41.81
mdv,sex_m,ocu_skill_l3_4,edu_isced11_8,2019,33.6
mdv,sex_m,ocu_skill_l3_4,edu_isced11_9,2014,41.68
mdv,sex_m,ocu_skill_l3_4,edu_isced11_9,2016,53.97
mdv,sex_m,ocu_skill_l3_4,edu_isced11_total,2014,44.18
mdv,sex_m,ocu_skill_l3_4,edu_isced11_total,2016,50.8
mdv,sex_m,ocu_skill_l3_4,edu_isced11_total,2019,49.74
mdv,sex_m,ocu_skill_l3_4,edu_isced11_x,2014,46.25
mdv,sex_m,ocu_skill_l3_4,edu_isced11_x,2016,54.1
mdv,sex_m,ocu_skill_l3_4,edu_isced11_x,2019,48.75
mdv,sex_m,ocu_skill_total,edu_aggregate_adv,2014,44.19
mdv,sex_m,ocu_skill_total,edu_aggregate_adv,2016,52.27
mdv,sex_m,ocu_skill_total,edu_aggregate_adv,2019,48.6
mdv,sex_m,ocu_skill_total,edu_aggregate_bas,2014,44.4
mdv,sex_m,ocu_skill_total,edu_aggregate_bas,2016,53.11
mdv,sex_m,ocu_skill_total,edu_aggregate_bas,2019,52.64
mdv,sex_m,ocu_skill_total,edu_aggregate_int,2014,44.81
mdv,sex_m,ocu_skill_total,edu_aggregate_int,2016,50.62
mdv,sex_m,ocu_skill_total,edu_aggregate_int,2019,50.28
mdv,sex_m,ocu_skill_total,edu_aggregate_ltb,2014,48.14
mdv,sex_m,ocu_skill_total,edu_aggregate_ltb,2016,56.35
mdv,sex_m,ocu_skill_total,edu_aggregate_ltb,2019,55.76
mdv,sex_m,ocu_skill_total,edu_aggregate_total,2014,46.23
mdv,sex_m,ocu_skill_total,edu_aggregate_total,2016,53.81
mdv,sex_m,ocu_skill_total,edu_aggregate_total,2019,51.62
mdv,sex_m,ocu_skill_total,edu_aggregate_x,2014,44.36
mdv,sex_m,ocu_skill_total,edu_aggregate_x,2016,56.86
mdv,sex_m,ocu_skill_total,edu_isced11_0,2019,44.51
mdv,sex_m,ocu_skill_total,edu_isced11_1,2019,54.42
mdv,sex_m,ocu_skill_total,edu_isced11_2,2014,44.4
mdv,sex_m,ocu_skill_total,edu_isced11_2,2016,53.21
mdv,sex_m,ocu_skill_total,edu_isced11_2,2019,51.58
mdv,sex_m,ocu_skill_total,edu_isced11_3,2014,45.17
mdv,sex_m,ocu_skill_total,edu_isced11_3,2016,49.73
mdv,sex_m,ocu_skill_total,edu_isced11_3,2019,51.27
mdv,sex_m,ocu_skill_total,edu_isced11_4,2014,44.47
mdv,sex_m,ocu_skill_total,edu_isced11_4,2016,51.42
mdv,sex_m,ocu_skill_total,edu_isced11_4,2019,49.85
mdv,sex_m,ocu_skill_total,edu_isced11_6,2014,44.23
mdv,sex_m,ocu_skill_total,edu_isced11_6,2016,51.36
mdv,sex_m,ocu_skill_total,edu_isced11_6,2019,49.44
mdv,sex_m,ocu_skill_total,edu_isced11_7,2016,54.87
mdv,sex_m,ocu_skill_total,edu_isced11_7,2019,47.63
mdv,sex_m,ocu_skill_total,edu_isced11_8,2014,42.45
mdv,sex_m,ocu_skill_total,edu_isced11_8,2019,34.98
mdv,sex_m,ocu_skill_total,edu_isced11_9,2014,44.36
mdv,sex_m,ocu_skill_total,edu_isced11_9,2016,56.86
mdv,sex_m,ocu_skill_total,edu_isced11_total,2014,46.23
mdv,sex_m,ocu_skill_total,edu_isced11_total,2016,53.81
mdv,sex_m,ocu_skill_total,edu_isced11_total,2019,51.62
mdv,sex_m,ocu_skill_total,edu_isced11_x,2014,48.14
mdv,sex_m,ocu_skill_total,edu_isced11_x,2016,56.4
mdv,sex_m,ocu_skill_total,edu_isced11_x,2019,56.68
mdv,sex_m,ocu_skill_x,edu_aggregate_adv,2014,45.67
mdv,sex_m,ocu_skill_x,edu_aggregate_adv,2016,74.47
mdv,sex_m,ocu_skill_x,edu_aggregate_adv,2019,75.81
mdv,sex_m,ocu_skill_x,edu_aggregate_bas,2014,47.13
mdv,sex_m,ocu_skill_x,edu_aggregate_bas,2016,59.75
mdv,sex_m,ocu_skill_x,edu_aggregate_bas,2019,65.97
mdv,sex_m,ocu_skill_x,edu_aggregate_int,2014,48.04
mdv,sex_m,ocu_skill_x,edu_aggregate_int,2016,63.92
mdv,sex_m,ocu_skill_x,edu_aggregate_int,2019,62.61
mdv,sex_m,ocu_skill_x,edu_aggregate_ltb,2014,48.06
mdv,sex_m,ocu_skill_x,edu_aggregate_ltb,2016,50.58
mdv,sex_m,ocu_skill_x,edu_aggregate_total,2014,47.54
mdv,sex_m,ocu_skill_x,edu_aggregate_total,2016,61.62
mdv,sex_m,ocu_skill_x,edu_aggregate_total,2019,66.61
mdv,sex_m,ocu_skill_x,edu_aggregate_x,2014,46.32
mdv,sex_m,ocu_skill_x,edu_isced11_1,2019,82.95
mdv,sex_m,ocu_skill_x,edu_isced11_2,2014,47.13
mdv,sex_m,ocu_skill_x,edu_isced11_2,2016,59.75
mdv,sex_m,ocu_skill_x,edu_isced11_2,2019,62.8
mdv,sex_m,ocu_skill_x,edu_isced11_3,2014,47.29
mdv,sex_m,ocu_skill_x,edu_isced11_3,2016,62.14
mdv,sex_m,ocu_skill_x,edu_isced11_4,2014,48.58
mdv,sex_m,ocu_skill_x,edu_isced11_4,2016,64.82
mdv,sex_m,ocu_skill_x,edu_isced11_4,2019,64.87
mdv,sex_m,ocu_skill_x,edu_isced11_6,2014,45.36
mdv,sex_m,ocu_skill_x,edu_isced11_6,2016,62.42
mdv,sex_m,ocu_skill_x,edu_isced11_9,2014,46.32
mdv,sex_m,ocu_skill_x,edu_isced11_total,2014,47.54
mdv,sex_m,ocu_skill_x,edu_isced11_total,2016,61.62
mdv,sex_m,ocu_skill_x,edu_isced11_total,2019,66.61
mdv,sex_m,ocu_skill_x,edu_isced11_x,2014,48.06
mdv,sex_m,ocu_skill_x,edu_isced11_x,2016,50.58
mdv,sex_t,ocu_isco08_0,edu_aggregate_adv,2016,78.24
mdv,sex_t,ocu_isco08_0,edu_aggregate_adv,2019,75.81
mdv,sex_t,ocu_isco08_0,edu_aggregate_bas,2014,47.45
mdv,sex_t,ocu_isco08_0,edu_aggregate_bas,2016,59.65
mdv,sex_t,ocu_isco08_0,edu_aggregate_bas,2019,66.12
mdv,sex_t,ocu_isco08_0,edu_aggregate_int,2014,48.51
mdv,sex_t,ocu_isco08_0,edu_aggregate_int,2016,61.75
mdv,sex_t,ocu_isco08_0,edu_aggregate_int,2019,61.71
mdv,sex_t,ocu_isco08_0,edu_aggregate_ltb,2014,48.9
mdv,sex_t,ocu_isco08_0,edu_aggregate_ltb,2016,54.71
mdv,sex_t,ocu_isco08_0,edu_aggregate_total,2014,47.97
mdv,sex_t,ocu_isco08_0,edu_aggregate_total,2016,62.16
mdv,sex_t,ocu_isco08_0,edu_aggregate_total,2019,66.83
mdv,sex_t,ocu_isco08_0,edu_aggregate_x,2014,47.39
mdv,sex_t,ocu_isco08_0,edu_isced11_1,2019,96.41
mdv,sex_t,ocu_isco08_0,edu_isced11_2,2014,47.45
mdv,sex_t,ocu_isco08_0,edu_isced11_2,2016,59.65
mdv,sex_t,ocu_isco08_0,edu_isced11_2,2019,62.23
mdv,sex_t,ocu_isco08_0,edu_isced11_3,2014,47.91
mdv,sex_t,ocu_isco08_0,edu_isced11_3,2016,57.24
mdv,sex_t,ocu_isco08_0,edu_isced11_4,2014,48.89
mdv,sex_t,ocu_isco08_0,edu_isced11_4,2016,64.34
mdv,sex_t,ocu_isco08_0,edu_isced11_4,2019,62.72
mdv,sex_t,ocu_isco08_0,edu_isced11_6,2016,67.87
mdv,sex_t,ocu_isco08_0,edu_isced11_9,2014,47.39
mdv,sex_t,ocu_isco08_0,edu_isced11_total,2014,47.97
mdv,sex_t,ocu_isco08_0,edu_isced11_total,2016,62.16
mdv,sex_t,ocu_isco08_0,edu_isced11_total,2019,66.83
mdv,sex_t,ocu_isco08_0,edu_isced11_x,2014,48.9
mdv,sex_t,ocu_isco08_0,edu_isced11_x,2016,54.71
mdv,sex_t,ocu_isco08_1,edu_aggregate_adv,2014,45.88
mdv,sex_t,ocu_isco08_1,edu_aggregate_adv,2016,47.94
mdv,sex_t,ocu_isco08_1,edu_aggregate_adv,2019,48.24
mdv,sex_t,ocu_isco08_1,edu_aggregate_bas,2014,43.9
mdv,sex_t,ocu_isco08_1,edu_aggregate_bas,2016,47.45
mdv,sex_t,ocu_isco08_1,edu_aggregate_bas,2019,53.42
mdv,sex_t,ocu_isco08_1,edu_aggregate_int,2014,44.55
mdv,sex_t,ocu_isco08_1,edu_aggregate_int,2016,54.23
mdv,sex_t,ocu_isco08_1,edu_aggregate_int,2019,47.5
mdv,sex_t,ocu_isco08_1,edu_aggregate_ltb,2014,46.38
mdv,sex_t,ocu_isco08_1,edu_aggregate_ltb,2016,56.38
mdv,sex_t,ocu_isco08_1,edu_aggregate_total,2014,44.6
mdv,sex_t,ocu_isco08_1,edu_aggregate_total,2016,51.25
mdv,sex_t,ocu_isco08_1,edu_aggregate_total,2019,49.59
mdv,sex_t,ocu_isco08_1,edu_aggregate_x,2014,45.03
mdv,sex_t,ocu_isco08_1,edu_aggregate_x,2016,54.42
mdv,sex_t,ocu_isco08_1,edu_isced11_1,2019,54.02
mdv,sex_t,ocu_isco08_1,edu_isced11_2,2014,43.9
mdv,sex_t,ocu_isco08_1,edu_isced11_2,2016,47.45
mdv,sex_t,ocu_isco08_1,edu_isced11_2,2019,53.27
mdv,sex_t,ocu_isco08_1,edu_isced11_3,2014,44.64
mdv,sex_t,ocu_isco08_1,edu_isced11_3,2016,49.05
mdv,sex_t,ocu_isco08_1,edu_isced11_3,2019,51.33
mdv,sex_t,ocu_isco08_1,edu_isced11_4,2014,44.51
mdv,sex_t,ocu_isco08_1,edu_isced11_4,2016,56.64
mdv,sex_t,ocu_isco08_1,edu_isced11_4,2019,46.15
mdv,sex_t,ocu_isco08_1,edu_isced11_6,2014,45.72
mdv,sex_t,ocu_isco08_1,edu_isced11_6,2016,47.15
mdv,sex_t,ocu_isco08_1,edu_isced11_6,2019,50.19
mdv,sex_t,ocu_isco08_1,edu_isced11_7,2016,49.31
mdv,sex_t,ocu_isco08_1,edu_isced11_7,2019,46.83
mdv,sex_t,ocu_isco08_1,edu_isced11_8,2014,49.21
mdv,sex_t,ocu_isco08_1,edu_isced11_9,2014,45.03
mdv,sex_t,ocu_isco08_1,edu_isced11_9,2016,54.42
mdv,sex_t,ocu_isco08_1,edu_isced11_total,2014,44.6
mdv,sex_t,ocu_isco08_1,edu_isced11_total,2016,51.25
mdv,sex_t,ocu_isco08_1,edu_isced11_total,2019,49.59
mdv,sex_t,ocu_isco08_1,edu_isced11_x,2014,46.38
mdv,sex_t,ocu_isco08_1,edu_isced11_x,2016,56.38
mdv,sex_t,ocu_isco08_2,edu_aggregate_adv,2014,40.48
mdv,sex_t,ocu_isco08_2,edu_aggregate_adv,2016,42.51
mdv,sex_t,ocu_isco08_2,edu_aggregate_adv,2019,44.3
mdv,sex_t,ocu_isco08_2,edu_aggregate_bas,2014,39.56
mdv,sex_t,ocu_isco08_2,edu_aggregate_bas,2016,42.26
mdv,sex_t,ocu_isco08_2,edu_aggregate_bas,2019,39.51
mdv,sex_t,ocu_isco08_2,edu_aggregate_int,2014,39.57
mdv,sex_t,ocu_isco08_2,edu_aggregate_int,2016,42.64
mdv,sex_t,ocu_isco08_2,edu_aggregate_int,2019,44.76
mdv,sex_t,ocu_isco08_2,edu_aggregate_ltb,2014,37.6
mdv,sex_t,ocu_isco08_2,edu_aggregate_ltb,2016,33.81
mdv,sex_t,ocu_isco08_2,edu_aggregate_total,2014,39.39
mdv,sex_t,ocu_isco08_2,edu_aggregate_total,2016,42.3
mdv,sex_t,ocu_isco08_2,edu_aggregate_total,2019,43.86
mdv,sex_t,ocu_isco08_2,edu_aggregate_x,2014,38.37
mdv,sex_t,ocu_isco08_2,edu_aggregate_x,2016,42.64
mdv,sex_t,ocu_isco08_2,edu_isced11_1,2019,35.42
mdv,sex_t,ocu_isco08_2,edu_isced11_2,2014,39.56
mdv,sex_t,ocu_isco08_2,edu_isced11_2,2016,42.2
mdv,sex_t,ocu_isco08_2,edu_isced11_2,2019,40.03
mdv,sex_t,ocu_isco08_2,edu_isced11_3,2014,39.61
mdv,sex_t,ocu_isco08_2,edu_isced11_3,2016,40.27
mdv,sex_t,ocu_isco08_2,edu_isced11_3,2019,51.82
mdv,sex_t,ocu_isco08_2,edu_isced11_4,2014,39.57
mdv,sex_t,ocu_isco08_2,edu_isced11_4,2016,43.46
mdv,sex_t,ocu_isco08_2,edu_isced11_4,2019,43.46
mdv,sex_t,ocu_isco08_2,edu_isced11_6,2014,40.52
mdv,sex_t,ocu_isco08_2,edu_isced11_6,2016,42.51
mdv,sex_t,ocu_isco08_2,edu_isced11_6,2019,44.61
mdv,sex_t,ocu_isco08_2,edu_isced11_7,2016,43.2
mdv,sex_t,ocu_isco08_2,edu_isced11_7,2019,43.96
mdv,sex_t,ocu_isco08_2,edu_isced11_8,2014,39.42
mdv,sex_t,ocu_isco08_2,edu_isced11_9,2014,38.37
mdv,sex_t,ocu_isco08_2,edu_isced11_9,2016,42.64
mdv,sex_t,ocu_isco08_2,edu_isced11_total,2014,39.39
mdv,sex_t,ocu_isco08_2,edu_isced11_total,2016,42.3
mdv,sex_t,ocu_isco08_2,edu_isced11_total,2019,43.86
mdv,sex_t,ocu_isco08_2,edu_isced11_x,2014,37.6
mdv,sex_t,ocu_isco08_2,edu_isced11_x,2016,35.08
mdv,sex_t,ocu_isco08_3,edu_aggregate_adv,2014,45.33
mdv,sex_t,ocu_isco08_3,edu_aggregate_adv,2016,53.25
mdv,sex_t,ocu_isco08_3,edu_aggregate_adv,2019,45.44
mdv,sex_t,ocu_isco08_3,edu_aggregate_bas,2014,42.78
mdv,sex_t,ocu_isco08_3,edu_aggregate_bas,2016,49.59
mdv,sex_t,ocu_isco08_3,edu_aggregate_bas,2019,50.62
mdv,sex_t,ocu_isco08_3,edu_aggregate_int,2014,43.49
mdv,sex_t,ocu_isco08_3,edu_aggregate_int,2016,47.68
mdv,sex_t,ocu_isco08_3,edu_aggregate_int,2019,47.87
mdv,sex_t,ocu_isco08_3,edu_aggregate_ltb,2014,46.33
mdv,sex_t,ocu_isco08_3,edu_aggregate_ltb,2016,52.85
mdv,sex_t,ocu_isco08_3,edu_aggregate_ltb,2019,50.69
mdv,sex_t,ocu_isco08_3,edu_aggregate_total,2014,43.99
mdv,sex_t,ocu_isco08_3,edu_aggregate_total,2016,50.15
mdv,sex_t,ocu_isco08_3,edu_aggregate_total,2019,48.7
mdv,sex_t,ocu_isco08_3,edu_aggregate_x,2014,42.74
mdv,sex_t,ocu_isco08_3,edu_aggregate_x,2016,54.18
mdv,sex_t,ocu_isco08_3,edu_isced11_1,2019,57.99
mdv,sex_t,ocu_isco08_3,edu_isced11_2,2014,42.78
mdv,sex_t,ocu_isco08_3,edu_isced11_2,2016,49.94
mdv,sex_t,ocu_isco08_3,edu_isced11_2,2019,48.11
mdv,sex_t,ocu_isco08_3,edu_isced11_3,2014,44.14
mdv,sex_t,ocu_isco08_3,edu_isced11_3,2016,48.25
mdv,sex_t,ocu_isco08_3,edu_isced11_3,2019,48.07
mdv,sex_t,ocu_isco08_3,edu_isced11_4,2014,43.04
mdv,sex_t,ocu_isco08_3,edu_isced11_4,2016,47.35
mdv,sex_t,ocu_isco08_3,edu_isced11_4,2019,47.79
mdv,sex_t,ocu_isco08_3,edu_isced11_6,2014,45.31
mdv,sex_t,ocu_isco08_3,edu_isced11_6,2016,53.44
mdv,sex_t,ocu_isco08_3,edu_isced11_6,2019,45.55
mdv,sex_t,ocu_isco08_3,edu_isced11_7,2016,52.64
mdv,sex_t,ocu_isco08_3,edu_isced11_7,2019,45.76
mdv,sex_t,ocu_isco08_3,edu_isced11_8,2014,47
mdv,sex_t,ocu_isco08_3,edu_isced11_9,2014,42.74
mdv,sex_t,ocu_isco08_3,edu_isced11_9,2016,54.18
mdv,sex_t,ocu_isco08_3,edu_isced11_total,2014,43.99
mdv,sex_t,ocu_isco08_3,edu_isced11_total,2016,50.15
mdv,sex_t,ocu_isco08_3,edu_isced11_total,2019,48.7
mdv,sex_t,ocu_isco08_3,edu_isced11_x,2014,46.33
mdv,sex_t,ocu_isco08_3,edu_isced11_x,2016,52.85
mdv,sex_t,ocu_isco08_3,edu_isced11_x,2019,50.69
mdv,sex_t,ocu_isco08_4,edu_aggregate_adv,2014,46.23
mdv,sex_t,ocu_isco08_4,edu_aggregate_adv,2016,44.99
mdv,sex_t,ocu_isco08_4,edu_aggregate_adv,2019,47.7
mdv,sex_t,ocu_isco08_4,edu_aggregate_bas,2014,40.95
mdv,sex_t,ocu_isco08_4,edu_aggregate_bas,2016,45.47
mdv,sex_t,ocu_isco08_4,edu_aggregate_bas,2019,44.52
mdv,sex_t,ocu_isco08_4,edu_aggregate_int,2014,41.4
mdv,sex_t,ocu_isco08_4,edu_aggregate_int,2016,43.93
mdv,sex_t,ocu_isco08_4,edu_aggregate_int,2019,44.06
mdv,sex_t,ocu_isco08_4,edu_aggregate_ltb,2014,42.75
mdv,sex_t,ocu_isco08_4,edu_aggregate_ltb,2016,49.62
mdv,sex_t,ocu_isco08_4,edu_aggregate_total,2014,41.39
mdv,sex_t,ocu_isco08_4,edu_aggregate_total,2016,45.18
mdv,sex_t,ocu_isco08_4,edu_aggregate_total,2019,44.62
mdv,sex_t,ocu_isco08_4,edu_aggregate_x,2014,40.7
mdv,sex_t,ocu_isco08_4,edu_aggregate_x,2016,41.33
mdv,sex_t,ocu_isco08_4,edu_isced11_1,2019,42.1
mdv,sex_t,ocu_isco08_4,edu_isced11_2,2014,40.95
mdv,sex_t,ocu_isco08_4,edu_isced11_2,2016,45.47
mdv,sex_t,ocu_isco08_4,edu_isced11_2,2019,44.96
mdv,sex_t,ocu_isco08_4,edu_isced11_3,2014,41.32
mdv,sex_t,ocu_isco08_4,edu_isced11_3,2016,44.75
mdv,sex_t,ocu_isco08_4,edu_isced11_3,2019,44.18
mdv,sex_t,ocu_isco08_4,edu_isced11_4,2014,41.5
mdv,sex_t,ocu_isco08_4,edu_isced11_4,2016,42.92
mdv,sex_t,ocu_isco08_4,edu_isced11_4,2019,43.97
mdv,sex_t,ocu_isco08_4,edu_isced11_6,2014,46.31
mdv,sex_t,ocu_isco08_4,edu_isced11_6,2016,44.45
mdv,sex_t,ocu_isco08_4,edu_isced11_6,2019,46.67
mdv,sex_t,ocu_isco08_4,edu_isced11_9,2014,40.7
mdv,sex_t,ocu_isco08_4,edu_isced11_9,2016,41.33
mdv,sex_t,ocu_isco08_4,edu_isced11_total,2014,41.39
mdv,sex_t,ocu_isco08_4,edu_isced11_total,2016,45.18
mdv,sex_t,ocu_isco08_4,edu_isced11_total,2019,44.62
mdv,sex_t,ocu_isco08_4,edu_isced11_x,2014,42.75
mdv,sex_t,ocu_isco08_4,edu_isced11_x,2016,49.62
mdv,sex_t,ocu_isco08_5,edu_aggregate_adv,2014,45.81
mdv,sex_t,ocu_isco08_5,edu_aggregate_adv,2016,50.39
mdv,sex_t,ocu_isco08_5,edu_aggregate_adv,2019,48.75
mdv,sex_t,ocu_isco08_5,edu_aggregate_bas,2014,43.29
mdv,sex_t,ocu_isco08_5,edu_aggregate_bas,2016,50.94
mdv,sex_t,ocu_isco08_5,edu_aggregate_bas,2019,49.89
mdv,sex_t,ocu_isco08_5,edu_aggregate_int,2014,44.39
mdv,sex_t,ocu_isco08_5,edu_aggregate_int,2016,51.48
mdv,sex_t,ocu_isco08_5,edu_aggregate_int,2019,49.2
mdv,sex_t,ocu_isco08_5,edu_aggregate_ltb,2014,48.23
mdv,sex_t,ocu_isco08_5,edu_aggregate_ltb,2016,54.51
mdv,sex_t,ocu_isco08_5,edu_aggregate_ltb,2019,60.6
mdv,sex_t,ocu_isco08_5,edu_aggregate_total,2014,45.38
mdv,sex_t,ocu_isco08_5,edu_aggregate_total,2016,52.45
mdv,sex_t,ocu_isco08_5,edu_aggregate_total,2019,50.25
mdv,sex_t,ocu_isco08_5,edu_aggregate_x,2014,44.4
mdv,sex_t,ocu_isco08_5,edu_aggregate_x,2016,62.93
mdv,sex_t,ocu_isco08_5,edu_isced11_1,2019,49.58
mdv,sex_t,ocu_isco08_5,edu_isced11_2,2014,43.29
mdv,sex_t,ocu_isco08_5,edu_isced11_2,2016,50.95
mdv,sex_t,ocu_isco08_5,edu_isced11_2,2019,50.01
mdv,sex_t,ocu_isco08_5,edu_isced11_3,2014,44.4
mdv,sex_t,ocu_isco08_5,edu_isced11_3,2016,51.28
mdv,sex_t,ocu_isco08_5,edu_isced11_3,2019,48.51
mdv,sex_t,ocu_isco08_5,edu_isced11_4,2014,44.37
mdv,sex_t,ocu_isco08_5,edu_isced11_4,2016,51.78
mdv,sex_t,ocu_isco08_5,edu_isced11_4,2019,49.56
mdv,sex_t,ocu_isco08_5,edu_isced11_6,2014,45.8
mdv,sex_t,ocu_isco08_5,edu_isced11_6,2016,50.39
mdv,sex_t,ocu_isco08_5,edu_isced11_6,2019,48.75
mdv,sex_t,ocu_isco08_5,edu_isced11_8,2014,46.67
mdv,sex_t,ocu_isco08_5,edu_isced11_9,2014,44.4
mdv,sex_t,ocu_isco08_5,edu_isced11_9,2016,62.93
mdv,sex_t,ocu_isco08_5,edu_isced11_total,2014,45.38
mdv,sex_t,ocu_isco08_5,edu_isced11_total,2016,52.45
mdv,sex_t,ocu_isco08_5,edu_isced11_total,2019,50.25
mdv,sex_t,ocu_isco08_5,edu_isced11_x,2014,48.23
mdv,sex_t,ocu_isco08_5,edu_isced11_x,2016,54.57
mdv,sex_t,ocu_isco08_5,edu_isced11_x,2019,60.26
mdv,sex_t,ocu_isco08_6,edu_aggregate_adv,2014,54.29
mdv,sex_t,ocu_isco08_6,edu_aggregate_adv,2019,44.6
mdv,sex_t,ocu_isco08_6,edu_aggregate_bas,2014,55.39
mdv,sex_t,ocu_isco08_6,edu_aggregate_bas,2016,72.68
mdv,sex_t,ocu_isco08_6,edu_aggregate_bas,2019,51.62
mdv,sex_t,ocu_isco08_6,edu_aggregate_int,2014,54.21
mdv,sex_t,ocu_isco08_6,edu_aggregate_int,2016,77.08
mdv,sex_t,ocu_isco08_6,edu_aggregate_int,2019,42.75
mdv,sex_t,ocu_isco08_6,edu_aggregate_ltb,2014,54.5
mdv,sex_t,ocu_isco08_6,edu_aggregate_ltb,2016,69.63
mdv,sex_t,ocu_isco08_6,edu_aggregate_ltb,2019,57.67
mdv,sex_t,ocu_isco08_6,edu_aggregate_total,2014,54.65
mdv,sex_t,ocu_isco08_6,edu_aggregate_total,2016,71.01
mdv,sex_t,ocu_isco08_6,edu_aggregate_total,2019,49.73
mdv,sex_t,ocu_isco08_6,edu_aggregate_x,2014,56.14
mdv,sex_t,ocu_isco08_6,edu_aggregate_x,2016,86.4
mdv,sex_t,ocu_isco08_6,edu_isced11_1,2019,52.16
mdv,sex_t,ocu_isco08_6,edu_isced11_2,2014,55.39
mdv,sex_t,ocu_isco08_6,edu_isced11_2,2016,72.68
mdv,sex_t,ocu_isco08_6,edu_isced11_2,2019,50.97
mdv,sex_t,ocu_isco08_6,edu_isced11_3,2014,54.38
mdv,sex_t,ocu_isco08_6,edu_isced11_3,2016,82.13
mdv,sex_t,ocu_isco08_6,edu_isced11_3,2019,41.54
mdv,sex_t,ocu_isco08_6,edu_isced11_4,2014,53.82
mdv,sex_t,ocu_isco08_6,edu_isced11_4,2019,42.94
mdv,sex_t,ocu_isco08_6,edu_isced11_6,2014,54.29
mdv,sex_t,ocu_isco08_6,edu_isced11_6,2019,45.4
mdv,sex_t,ocu_isco08_6,edu_isced11_7,2019,43.62
mdv,sex_t,ocu_isco08_6,edu_isced11_9,2014,56.14
mdv,sex_t,ocu_isco08_6,edu_isced11_9,2016,86.4
mdv,sex_t,ocu_isco08_6,edu_isced11_total,2014,54.65
mdv,sex_t,ocu_isco08_6,edu_isced11_total,2016,71.01
mdv,sex_t,ocu_isco08_6,edu_isced11_total,2019,49.73
mdv,sex_t,ocu_isco08_6,edu_isced11_x,2014,54.5
mdv,sex_t,ocu_isco08_6,edu_isced11_x,2016,69.63
mdv,sex_t,ocu_isco08_6,edu_isced11_x,2019,57.93
mdv,sex_t,ocu_isco08_7,edu_aggregate_adv,2014,45.97
mdv,sex_t,ocu_isco08_7,edu_aggregate_adv,2016,58.67
mdv,sex_t,ocu_isco08_7,edu_aggregate_bas,2014,45.1
mdv,sex_t,ocu_isco08_7,edu_aggregate_bas,2016,57.16
mdv,sex_t,ocu_isco08_7,edu_aggregate_bas,2019,49.5
mdv,sex_t,ocu_isco08_7,edu_aggregate_int,2014,45.19
mdv,sex_t,ocu_isco08_7,edu_aggregate_int,2016,44.03
mdv,sex_t,ocu_isco08_7,edu_aggregate_int,2019,45.9
mdv,sex_t,ocu_isco08_7,edu_aggregate_ltb,2014,48.47
mdv,sex_t,ocu_isco08_7,edu_aggregate_ltb,2016,59.52
mdv,sex_t,ocu_isco08_7,edu_aggregate_ltb,2019,55.93
mdv,sex_t,ocu_isco08_7,edu_aggregate_total,2014,47.5
mdv,sex_t,ocu_isco08_7,edu_aggregate_total,2016,57.19
mdv,sex_t,ocu_isco08_7,edu_aggregate_total,2019,48.98
mdv,sex_t,ocu_isco08_7,edu_aggregate_x,2014,46.27
mdv,sex_t,ocu_isco08_7,edu_aggregate_x,2016,55.88
mdv,sex_t,ocu_isco08_7,edu_isced11_1,2019,49.63
mdv,sex_t,ocu_isco08_7,edu_isced11_2,2014,45.1
mdv,sex_t,ocu_isco08_7,edu_isced11_2,2016,57.16
mdv,sex_t,ocu_isco08_7,edu_isced11_2,2019,49.39
mdv,sex_t,ocu_isco08_7,edu_isced11_3,2014,45.14
mdv,sex_t,ocu_isco08_7,edu_isced11_3,2016,41.73
mdv,sex_t,ocu_isco08_7,edu_isced11_3,2019,37.78
mdv,sex_t,ocu_isco08_7,edu_isced11_4,2014,45.25
mdv,sex_t,ocu_isco08_7,edu_isced11_4,2016,46.35
mdv,sex_t,ocu_isco08_7,edu_isced11_4,2019,48.62
mdv,sex_t,ocu_isco08_7,edu_isced11_6,2014,45.99
mdv,sex_t,ocu_isco08_7,edu_isced11_9,2014,46.27
mdv,sex_t,ocu_isco08_7,edu_isced11_9,2016,55.88
mdv,sex_t,ocu_isco08_7,edu_isced11_total,2014,47.5
mdv,sex_t,ocu_isco08_7,edu_isced11_total,2016,57.19
mdv,sex_t,ocu_isco08_7,edu_isced11_total,2019,48.98
mdv,sex_t,ocu_isco08_7,edu_isced11_x,2014,48.47
mdv,sex_t,ocu_isco08_7,edu_isced11_x,2016,59.52
mdv,sex_t,ocu_isco08_7,edu_isced11_x,2019,55.93
mdv,sex_t,ocu_isco08_8,edu_aggregate_adv,2014,46.96
mdv,sex_t,ocu_isco08_8,edu_aggregate_adv,2016,94.55
mdv,sex_t,ocu_isco08_8,edu_aggregate_bas,2014,45.69
mdv,sex_t,ocu_isco08_8,edu_aggregate_bas,2016,56.58
mdv,sex_t,ocu_isco08_8,edu_aggregate_bas,2019,51.94
mdv,sex_t,ocu_isco08_8,edu_aggregate_int,2014,47.09
mdv,sex_t,ocu_isco08_8,edu_aggregate_int,2016,55.05
mdv,sex_t,ocu_isco08_8,edu_aggregate_int,2019,53.46
mdv,sex_t,ocu_isco08_8,edu_aggregate_ltb,2014,48.63
mdv,sex_t,ocu_isco08_8,edu_aggregate_ltb,2016,54.09
mdv,sex_t,ocu_isco08_8,edu_aggregate_ltb,2019,58.82
mdv,sex_t,ocu_isco08_8,edu_aggregate_total,2014,47.78
mdv,sex_t,ocu_isco08_8,edu_aggregate_total,2016,56.12
mdv,sex_t,ocu_isco08_8,edu_aggregate_total,2019,52.28
mdv,sex_t,ocu_isco08_8,edu_aggregate_x,2014,46.95
mdv,sex_t,ocu_isco08_8,edu_aggregate_x,2016,60.18
mdv,sex_t,ocu_isco08_8,edu_isced11_1,2019,51.65
mdv,sex_t,ocu_isco08_8,edu_isced11_2,2014,45.69
mdv,sex_t,ocu_isco08_8,edu_isced11_2,2016,56.58
mdv,sex_t,ocu_isco08_8,edu_isced11_2,2019,52.23
mdv,sex_t,ocu_isco08_8,edu_isced11_3,2014,46.94
mdv,sex_t,ocu_isco08_8,edu_isced11_3,2016,47.73
mdv,sex_t,ocu_isco08_8,edu_isced11_4,2014,47.43
mdv,sex_t,ocu_isco08_8,edu_isced11_4,2016,64.36
mdv,sex_t,ocu_isco08_8,edu_isced11_4,2019,54.52
mdv,sex_t,ocu_isco08_8,edu_isced11_6,2014,46.59
mdv,sex_t,ocu_isco08_8,edu_isced11_6,2016,94.55
mdv,sex_t,ocu_isco08_8,edu_isced11_9,2014,46.95
mdv,sex_t,ocu_isco08_8,edu_isced11_9,2016,60.18
mdv,sex_t,ocu_isco08_8,edu_isced11_total,2014,47.78
mdv,sex_t,ocu_isco08_8,edu_isced11_total,2016,56.12
mdv,sex_t,ocu_isco08_8,edu_isced11_total,2019,52.28
mdv,sex_t,ocu_isco08_8,edu_isced11_x,2014,48.63
mdv,sex_t,ocu_isco08_8,edu_isced11_x,2016,54.09
mdv,sex_t,ocu_isco08_8,edu_isced11_x,2019,60.16
mdv,sex_t,ocu_isco08_9,edu_aggregate_adv,2014,47.63
mdv,sex_t,ocu_isco08_9,edu_aggregate_adv,2016,49.88
mdv,sex_t,ocu_isco08_9,edu_aggregate_bas,2014,44.16
mdv,sex_t,ocu_isco08_9,edu_aggregate_bas,2016,51.99
mdv,sex_t,ocu_isco08_9,edu_aggregate_bas,2019,48.22
mdv,sex_t,ocu_isco08_9,edu_aggregate_int,2014,44.47
mdv,sex_t,ocu_isco08_9,edu_aggregate_int,2016,47.45
mdv,sex_t,ocu_isco08_9,edu_aggregate_int,2019,55.51
mdv,sex_t,ocu_isco08_9,edu_aggregate_ltb,2014,45.52
mdv,sex_t,ocu_isco08_9,edu_aggregate_ltb,2016,47.73
mdv,sex_t,ocu_isco08_9,edu_aggregate_ltb,2019,53
mdv,sex_t,ocu_isco08_9,edu_aggregate_total,2014,45.28
mdv,sex_t,ocu_isco08_9,edu_aggregate_total,2016,48.41
mdv,sex_t,ocu_isco08_9,edu_aggregate_total,2019,49.67
mdv,sex_t,ocu_isco08_9,edu_aggregate_x,2014,46.5
mdv,sex_t,ocu_isco08_9,edu_aggregate_x,2016,46.87
mdv,sex_t,ocu_isco08_9,edu_isced11_1,2019,45.86
mdv,sex_t,ocu_isco08_9,edu_isced11_2,2014,44.16
mdv,sex_t,ocu_isco08_9,edu_isced11_2,2016,52.01
mdv,sex_t,ocu_isco08_9,edu_isced11_2,2019,52.37
mdv,sex_t,ocu_isco08_9,edu_isced11_3,2014,45
mdv,sex_t,ocu_isco08_9,edu_isced11_3,2016,49.48
mdv,sex_t,ocu_isco08_9,edu_isced11_3,2019,71.88
mdv,sex_t,ocu_isco08_9,edu_isced11_4,2014,43.3
mdv,sex_t,ocu_isco08_9,edu_isced11_4,2016,42.17
mdv,sex_t,ocu_isco08_9,edu_isced11_4,2019,49.5
mdv,sex_t,ocu_isco08_9,edu_isced11_6,2014,47.57
mdv,sex_t,ocu_isco08_9,edu_isced11_6,2016,49.88
mdv,sex_t,ocu_isco08_9,edu_isced11_9,2014,46.5
mdv,sex_t,ocu_isco08_9,edu_isced11_9,2016,46.87
mdv,sex_t,ocu_isco08_9,edu_isced11_total,2014,45.28
mdv,sex_t,ocu_isco08_9,edu_isced11_total,2016,48.41
mdv,sex_t,ocu_isco08_9,edu_isced11_total,2019,49.67
mdv,sex_t,ocu_isco08_9,edu_isced11_x,2014,45.52
mdv,sex_t,ocu_isco08_9,edu_isced11_x,2016,47.73
mdv,sex_t,ocu_isco08_9,edu_isced11_x,2019,54.17
mdv,sex_t,ocu_isco08_total,edu_aggregate_adv,2014,43.58
mdv,sex_t,ocu_isco08_total,edu_aggregate_adv,2016,47.98
mdv,sex_t,ocu_isco08_total,edu_aggregate_adv,2019,45.99
mdv,sex_t,ocu_isco08_total,edu_aggregate_bas,2014,42.95
mdv,sex_t,ocu_isco08_total,edu_aggregate_bas,2016,50.21
mdv,sex_t,ocu_isco08_total,edu_aggregate_bas,2019,49.71
mdv,sex_t,ocu_isco08_total,edu_aggregate_int,2014,43.18
mdv,sex_t,ocu_isco08_total,edu_aggregate_int,2016,47.07
mdv,sex_t,ocu_isco08_total,edu_aggregate_int,2019,46.85
mdv,sex_t,ocu_isco08_total,edu_aggregate_ltb,2014,47.09
mdv,sex_t,ocu_isco08_total,edu_aggregate_ltb,2016,53.3
mdv,sex_t,ocu_isco08_total,edu_aggregate_ltb,2019,55.52
mdv,sex_t,ocu_isco08_total,edu_aggregate_total,2014,44.66
mdv,sex_t,ocu_isco08_total,edu_aggregate_total,2016,50.08
mdv,sex_t,ocu_isco08_total,edu_aggregate_total,2019,48.48
mdv,sex_t,ocu_isco08_total,edu_aggregate_x,2014,42.63
mdv,sex_t,ocu_isco08_total,edu_aggregate_x,2016,52.36
mdv,sex_t,ocu_isco08_total,edu_isced11_0,2019,44.28
mdv,sex_t,ocu_isco08_total,edu_isced11_1,2016,31.83
mdv,sex_t,ocu_isco08_total,edu_isced11_1,2019,50.36
mdv,sex_t,ocu_isco08_total,edu_isced11_2,2014,42.95
mdv,sex_t,ocu_isco08_total,edu_isced11_2,2016,50.28
mdv,sex_t,ocu_isco08_total,edu_isced11_2,2019,49.35
mdv,sex_t,ocu_isco08_total,edu_isced11_3,2014,43.79
mdv,sex_t,ocu_isco08_total,edu_isced11_3,2016,46.98
mdv,sex_t,ocu_isco08_total,edu_isced11_3,2019,47.99
mdv,sex_t,ocu_isco08_total,edu_isced11_4,2014,42.71
mdv,sex_t,ocu_isco08_total,edu_isced11_4,2016,47.13
mdv,sex_t,ocu_isco08_total,edu_isced11_4,2019,46.44
mdv,sex_t,ocu_isco08_total,edu_isced11_6,2014,43.59
mdv,sex_t,ocu_isco08_total,edu_isced11_6,2016,47.31
mdv,sex_t,ocu_isco08_total,edu_isced11_6,2019,46.06
mdv,sex_t,ocu_isco08_total,edu_isced11_7,2016,50.48
mdv,sex_t,ocu_isco08_total,edu_isced11_7,2019,46.14
mdv,sex_t,ocu_isco08_total,edu_isced11_8,2014,43.44
mdv,sex_t,ocu_isco08_total,edu_isced11_8,2019,38.15
mdv,sex_t,ocu_isco08_total,edu_isced11_9,2014,42.63
mdv,sex_t,ocu_isco08_total,edu_isced11_9,2016,52.36
mdv,sex_t,ocu_isco08_total,edu_isced11_total,2014,44.66
mdv,sex_t,ocu_isco08_total,edu_isced11_total,2016,50.08
mdv,sex_t,ocu_isco08_total,edu_isced11_total,2019,48.48
mdv,sex_t,ocu_isco08_total,edu_isced11_x,2014,47.09
mdv,sex_t,ocu_isco08_total,edu_isced11_x,2016,53.35
mdv,sex_t,ocu_isco08_total,edu_isced11_x,2019,56.17
mdv,sex_t,ocu_isco08_x,edu_aggregate_adv,2014,46.82
mdv,sex_t,ocu_isco08_x,edu_aggregate_bas,2014,44.54
mdv,sex_t,ocu_isco08_x,edu_aggregate_bas,2019,47.64
mdv,sex_t,ocu_isco08_x,edu_aggregate_int,2014,44.52
mdv,sex_t,ocu_isco08_x,edu_aggregate_int,2016,51.88
mdv,sex_t,ocu_isco08_x,edu_aggregate_int,2019,64.2
mdv,sex_t,ocu_isco08_x,edu_aggregate_ltb,2014,46.8
mdv,sex_t,ocu_isco08_x,edu_aggregate_ltb,2016,42.03
mdv,sex_t,ocu_isco08_x,edu_aggregate_total,2014,45.5
mdv,sex_t,ocu_isco08_x,edu_aggregate_total,2016,44.39
mdv,sex_t,ocu_isco08_x,edu_aggregate_total,2019,57.16
mdv,sex_t,ocu_isco08_x,edu_aggregate_x,2014,43.48
mdv,sex_t,ocu_isco08_x,edu_isced11_2,2014,44.54
mdv,sex_t,ocu_isco08_x,edu_isced11_2,2019,41.11
mdv,sex_t,ocu_isco08_x,edu_isced11_3,2014,44.5
mdv,sex_t,ocu_isco08_x,edu_isced11_4,2014,44.54
mdv,sex_t,ocu_isco08_x,edu_isced11_4,2019,72
mdv,sex_t,ocu_isco08_x,edu_isced11_6,2014,46.67
mdv,sex_t,ocu_isco08_x,edu_isced11_9,2014,43.48
mdv,sex_t,ocu_isco08_x,edu_isced11_total,2014,45.5
mdv,sex_t,ocu_isco08_x,edu_isced11_total,2016,44.39
mdv,sex_t,ocu_isco08_x,edu_isced11_total,2019,57.16
mdv,sex_t,ocu_isco08_x,edu_isced11_x,2014,46.8
mdv,sex_t,ocu_isco08_x,edu_isced11_x,2016,42.03
mdv,sex_t,ocu_skill_l1,edu_aggregate_adv,2014,47.63
mdv,sex_t,ocu_skill_l1,edu_aggregate_adv,2016,49.88
mdv,sex_t,ocu_skill_l1,edu_aggregate_bas,2014,44.16
mdv,sex_t,ocu_skill_l1,edu_aggregate_bas,2016,51.99
mdv,sex_t,ocu_skill_l1,edu_aggregate_bas,2019,48.22
mdv,sex_t,ocu_skill_l1,edu_aggregate_int,2014,44.47
mdv,sex_t,ocu_skill_l1,edu_aggregate_int,2016,47.45
mdv,sex_t,ocu_skill_l1,edu_aggregate_int,2019,55.51
mdv,sex_t,ocu_skill_l1,edu_aggregate_ltb,2014,45.52
mdv,sex_t,ocu_skill_l1,edu_aggregate_ltb,2016,47.73
mdv,sex_t,ocu_skill_l1,edu_aggregate_ltb,2019,53
mdv,sex_t,ocu_skill_l1,edu_aggregate_total,2014,45.28
mdv,sex_t,ocu_skill_l1,edu_aggregate_total,2016,48.41
mdv,sex_t,ocu_skill_l1,edu_aggregate_total,2019,49.67
mdv,sex_t,ocu_skill_l1,edu_aggregate_x,2014,46.5
mdv,sex_t,ocu_skill_l1,edu_aggregate_x,2016,46.87
mdv,sex_t,ocu_skill_l1,edu_isced11_1,2019,45.86
mdv,sex_t,ocu_skill_l1,edu_isced11_2,2014,44.16
mdv,sex_t,ocu_skill_l1,edu_isced11_2,2016,52.01
mdv,sex_t,ocu_skill_l1,edu_isced11_2,2019,52.37
mdv,sex_t,ocu_skill_l1,edu_isced11_3,2014,45
mdv,sex_t,ocu_skill_l1,edu_isced11_3,2016,49.48
mdv,sex_t,ocu_skill_l1,edu_isced11_3,2019,71.88
mdv,sex_t,ocu_skill_l1,edu_isced11_4,2014,43.3
mdv,sex_t,ocu_skill_l1,edu_isced11_4,2016,42.17
mdv,sex_t,ocu_skill_l1,edu_isced11_4,2019,49.5
mdv,sex_t,ocu_skill_l1,edu_isced11_6,2014,47.57
mdv,sex_t,ocu_skill_l1,edu_isced11_6,2016,49.88
mdv,sex_t,ocu_skill_l1,edu_isced11_9,2014,46.5
mdv,sex_t,ocu_skill_l1,edu_isced11_9,2016,46.87
mdv,sex_t,ocu_skill_l1,edu_isced11_total,2014,45.28
mdv,sex_t,ocu_skill_l1,edu_isced11_total,2016,48.41
mdv,sex_t,ocu_skill_l1,edu_isced11_total,2019,49.67
mdv,sex_t,ocu_skill_l1,edu_isced11_x,2014,45.52
mdv,sex_t,ocu_skill_l1,edu_isced11_x,2016,47.73
mdv,sex_t,ocu_skill_l1,edu_isced11_x,2019,54.17
mdv,sex_t,ocu_skill_l2,edu_aggregate_adv,2014,46.05
mdv,sex_t,ocu_skill_l2,edu_aggregate_adv,2016,49.97
mdv,sex_t,ocu_skill_l2,edu_aggregate_adv,2019,46.22
mdv,sex_t,ocu_skill_l2,edu_aggregate_bas,2014,43.25
mdv,sex_t,ocu_skill_l2,edu_aggregate_bas,2016,50.85
mdv,sex_t,ocu_skill_l2,edu_aggregate_bas,2019,49.57
mdv,sex_t,ocu_skill_l2,edu_aggregate_int,2014,43.68
mdv,sex_t,ocu_skill_l2,edu_aggregate_int,2016,47.12
mdv,sex_t,ocu_skill_l2,edu_aggregate_int,2019,45.75
mdv,sex_t,ocu_skill_l2,edu_aggregate_ltb,2014,48.62
mdv,sex_t,ocu_skill_l2,edu_aggregate_ltb,2016,57.06
mdv,sex_t,ocu_skill_l2,edu_aggregate_ltb,2019,58.44
mdv,sex_t,ocu_skill_l2,edu_aggregate_total,2014,45.74
mdv,sex_t,ocu_skill_l2,edu_aggregate_total,2016,52.29
mdv,sex_t,ocu_skill_l2,edu_aggregate_total,2019,48.81
mdv,sex_t,ocu_skill_l2,edu_aggregate_x,2014,44.17
mdv,sex_t,ocu_skill_l2,edu_aggregate_x,2016,56.73
mdv,sex_t,ocu_skill_l2,edu_isced11_0,2019,55.91
mdv,sex_t,ocu_skill_l2,edu_isced11_1,2019,50.3
mdv,sex_t,ocu_skill_l2,edu_isced11_2,2014,43.25
mdv,sex_t,ocu_skill_l2,edu_isced11_2,2016,50.86
mdv,sex_t,ocu_skill_l2,edu_isced11_2,2019,49.17
mdv,sex_t,ocu_skill_l2,edu_isced11_3,2014,43.76
mdv,sex_t,ocu_skill_l2,edu_isced11_3,2016,47.51
mdv,sex_t,ocu_skill_l2,edu_isced11_3,2019,45.14
mdv,sex_t,ocu_skill_l2,edu_isced11_4,2014,43.58
mdv,sex_t,ocu_skill_l2,edu_isced11_4,2016,46.6
mdv,sex_t,ocu_skill_l2,edu_isced11_4,2019,46.05
mdv,sex_t,ocu_skill_l2,edu_isced11_6,2014,46.05
mdv,sex_t,ocu_skill_l2,edu_isced11_6,2016,49.01
mdv,sex_t,ocu_skill_l2,edu_isced11_6,2019,46.45
mdv,sex_t,ocu_skill_l2,edu_isced11_7,2016,60.2
mdv,sex_t,ocu_skill_l2,edu_isced11_7,2019,45.38
mdv,sex_t,ocu_skill_l2,edu_isced11_8,2014,46
mdv,sex_t,ocu_skill_l2,edu_isced11_9,2014,44.17
mdv,sex_t,ocu_skill_l2,edu_isced11_9,2016,56.73
mdv,sex_t,ocu_skill_l2,edu_isced11_total,2014,45.74
mdv,sex_t,ocu_skill_l2,edu_isced11_total,2016,52.29
mdv,sex_t,ocu_skill_l2,edu_isced11_total,2019,48.81
mdv,sex_t,ocu_skill_l2,edu_isced11_x,2014,48.62
mdv,sex_t,ocu_skill_l2,edu_isced11_x,2016,57.09
mdv,sex_t,ocu_skill_l2,edu_isced11_x,2019,58.52
mdv,sex_t,ocu_skill_l3_4,edu_aggregate_adv,2014,42.61
mdv,sex_t,ocu_skill_l3_4,edu_aggregate_adv,2016,46.33
mdv,sex_t,ocu_skill_l3_4,edu_aggregate_adv,2019,45.36
mdv,sex_t,ocu_skill_l3_4,edu_aggregate_bas,2014,41.96
mdv,sex_t,ocu_skill_l3_4,edu_aggregate_bas,2016,47.43
mdv,sex_t,ocu_skill_l3_4,edu_aggregate_bas,2019,49.4
mdv,sex_t,ocu_skill_l3_4,edu_aggregate_int,2014,42.42
mdv,sex_t,ocu_skill_l3_4,edu_aggregate_int,2016,46.35
mdv,sex_t,ocu_skill_l3_4,edu_aggregate_int,2019,46.72
mdv,sex_t,ocu_skill_l3_4,edu_aggregate_ltb,2014,45.53
mdv,sex_t,ocu_skill_l3_4,edu_aggregate_ltb,2016,52.5
mdv,sex_t,ocu_skill_l3_4,edu_aggregate_ltb,2019,49
mdv,sex_t,ocu_skill_l3_4,edu_aggregate_total,2014,42.62
mdv,sex_t,ocu_skill_l3_4,edu_aggregate_total,2016,47.49
mdv,sex_t,ocu_skill_l3_4,edu_aggregate_total,2019,47.07
mdv,sex_t,ocu_skill_l3_4,edu_aggregate_x,2014,40.51
mdv,sex_t,ocu_skill_l3_4,edu_aggregate_x,2016,49.44
mdv,sex_t,ocu_skill_l3_4,edu_isced11_1,2019,55.79
mdv,sex_t,ocu_skill_l3_4,edu_isced11_2,2014,41.96
mdv,sex_t,ocu_skill_l3_4,edu_isced11_2,2016,47.62
mdv,sex_t,ocu_skill_l3_4,edu_isced11_2,2019,47.55
mdv,sex_t,ocu_skill_l3_4,edu_isced11_3,2014,43.34
mdv,sex_t,ocu_skill_l3_4,edu_isced11_3,2016,45.57
mdv,sex_t,ocu_skill_l3_4,edu_isced11_3,2019,49.4
mdv,sex_t,ocu_skill_l3_4,edu_isced11_4,2014,41.98
mdv,sex_t,ocu_skill_l3_4,edu_isced11_4,2016,46.72
mdv,sex_t,ocu_skill_l3_4,edu_isced11_4,2019,45.93
mdv,sex_t,ocu_skill_l3_4,edu_isced11_6,2014,42.6
mdv,sex_t,ocu_skill_l3_4,edu_isced11_6,2016,46.23
mdv,sex_t,ocu_skill_l3_4,edu_isced11_6,2019,45.82
mdv,sex_t,ocu_skill_l3_4,edu_isced11_7,2016,47.05
mdv,sex_t,ocu_skill_l3_4,edu_isced11_7,2019,44.88
mdv,sex_t,ocu_skill_l3_4,edu_isced11_8,2014,42.76
mdv,sex_t,ocu_skill_l3_4,edu_isced11_8,2019,37.61
mdv,sex_t,ocu_skill_l3_4,edu_isced11_9,2014,40.51
mdv,sex_t,ocu_skill_l3_4,edu_isced11_9,2016,49.44
mdv,sex_t,ocu_skill_l3_4,edu_isced11_total,2014,42.62
mdv,sex_t,ocu_skill_l3_4,edu_isced11_total,2016,47.49
mdv,sex_t,ocu_skill_l3_4,edu_isced11_total,2019,47.07
mdv,sex_t,ocu_skill_l3_4,edu_isced11_x,2014,45.53
mdv,sex_t,ocu_skill_l3_4,edu_isced11_x,2016,52.68
mdv,sex_t,ocu_skill_l3_4,edu_isced11_x,2019,49
mdv,sex_t,ocu_skill_total,edu_aggregate_adv,2014,43.58
mdv,sex_t,ocu_skill_total,edu_aggregate_adv,2016,47.98
mdv,sex_t,ocu_skill_total,edu_aggregate_adv,2019,45.99
mdv,sex_t,ocu_skill_total,edu_aggregate_bas,2014,42.95
mdv,sex_t,ocu_skill_total,edu_aggregate_bas,2016,50.21
mdv,sex_t,ocu_skill_total,edu_aggregate_bas,2019,49.71
mdv,sex_t,ocu_skill_total,edu_aggregate_int,2014,43.18
mdv,sex_t,ocu_skill_total,edu_aggregate_int,2016,47.07
mdv,sex_t,ocu_skill_total,edu_aggregate_int,2019,46.85
mdv,sex_t,ocu_skill_total,edu_aggregate_ltb,2014,47.09
mdv,sex_t,ocu_skill_total,edu_aggregate_ltb,2016,53.3
mdv,sex_t,ocu_skill_total,edu_aggregate_ltb,2019,55.52
mdv,sex_t,ocu_skill_total,edu_aggregate_total,2014,44.66
mdv,sex_t,ocu_skill_total,edu_aggregate_total,2016,50.08
mdv,sex_t,ocu_skill_total,edu_aggregate_total,2019,48.48
mdv,sex_t,ocu_skill_total,edu_aggregate_x,2014,42.63
mdv,sex_t,ocu_skill_total,edu_aggregate_x,2016,52.36
mdv,sex_t,ocu_skill_total,edu_isced11_0,2019,44.28
mdv,sex_t,ocu_skill_total,edu_isced11_1,2016,31.83
mdv,sex_t,ocu_skill_total,edu_isced11_1,2019,50.36
mdv,sex_t,ocu_skill_total,edu_isced11_2,2014,42.95
mdv,sex_t,ocu_skill_total,edu_isced11_2,2016,50.28
mdv,sex_t,ocu_skill_total,edu_isced11_2,2019,49.35
mdv,sex_t,ocu_skill_total,edu_isced11_3,2014,43.79
mdv,sex_t,ocu_skill_total,edu_isced11_3,2016,46.98
mdv,sex_t,ocu_skill_total,edu_isced11_3,2019,47.99
mdv,sex_t,ocu_skill_total,edu_isced11_4,2014,42.71
mdv,sex_t,ocu_skill_total,edu_isced11_4,2016,47.13
mdv,sex_t,ocu_skill_total,edu_isced11_4,2019,46.44
mdv,sex_t,ocu_skill_total,edu_isced11_6,2014,43.59
mdv,sex_t,ocu_skill_total,edu_isced11_6,2016,47.31
mdv,sex_t,ocu_skill_total,edu_isced11_6,2019,46.06
mdv,sex_t,ocu_skill_total,edu_isced11_7,2016,50.48
mdv,sex_t,ocu_skill_total,edu_isced11_7,2019,46.14
mdv,sex_t,ocu_skill_total,edu_isced11_8,2014,43.44
mdv,sex_t,ocu_skill_total,edu_isced11_8,2019,38.15
mdv,sex_t,ocu_skill_total,edu_isced11_9,2014,42.63
mdv,sex_t,ocu_skill_total,edu_isced11_9,2016,52.36
mdv,sex_t,ocu_skill_total,edu_isced11_total,2014,44.66
mdv,sex_t,ocu_skill_total,edu_isced11_total,2016,50.08
mdv,sex_t,ocu_skill_total,edu_isced11_total,2019,48.48
mdv,sex_t,ocu_skill_total,edu_isced11_x,2014,47.09
mdv,sex_t,ocu_skill_total,edu_isced11_x,2016,53.35
mdv,sex_t,ocu_skill_total,edu_isced11_x,2019,56.17
mdv,sex_t,ocu_skill_x,edu_aggregate_adv,2014,46.74
mdv,sex_t,ocu_skill_x,edu_aggregate_adv,2016,73.82
mdv,sex_t,ocu_skill_x,edu_aggregate_adv,2019,75.81
mdv,sex_t,ocu_skill_x,edu_aggregate_bas,2014,46.83
mdv,sex_t,ocu_skill_x,edu_aggregate_bas,2016,58.8
mdv,sex_t,ocu_skill_x,edu_aggregate_bas,2019,64.8
mdv,sex_t,ocu_skill_x,edu_aggregate_int,2014,47.55
mdv,sex_t,ocu_skill_x,edu_aggregate_int,2016,60.73
mdv,sex_t,ocu_skill_x,edu_aggregate_int,2019,62.41
mdv,sex_t,ocu_skill_x,edu_aggregate_ltb,2014,47.71
mdv,sex_t,ocu_skill_x,edu_aggregate_ltb,2016,51.3
mdv,sex_t,ocu_skill_x,edu_aggregate_total,2014,47.18
mdv,sex_t,ocu_skill_x,edu_aggregate_total,2016,60.14
mdv,sex_t,ocu_skill_x,edu_aggregate_total,2019,65.79
mdv,sex_t,ocu_skill_x,edu_aggregate_x,2014,45.76
mdv,sex_t,ocu_skill_x,edu_isced11_1,2019,82.95
mdv,sex_t,ocu_skill_x,edu_isced11_2,2014,46.83
mdv,sex_t,ocu_skill_x,edu_isced11_2,2016,58.8
mdv,sex_t,ocu_skill_x,edu_isced11_2,2019,61.58
mdv,sex_t,ocu_skill_x,edu_isced11_3,2014,46.92
mdv,sex_t,ocu_skill_x,edu_isced11_3,2016,56.96
mdv,sex_t,ocu_skill_x,edu_isced11_4,2014,48
mdv,sex_t,ocu_skill_x,edu_isced11_4,2016,62.6
mdv,sex_t,ocu_skill_x,edu_isced11_4,2019,64.87
mdv,sex_t,ocu_skill_x,edu_isced11_6,2014,46.59
mdv,sex_t,ocu_skill_x,edu_isced11_6,2016,62.01
mdv,sex_t,ocu_skill_x,edu_isced11_9,2014,45.76
mdv,sex_t,ocu_skill_x,edu_isced11_total,2014,47.18
mdv,sex_t,ocu_skill_x,edu_isced11_total,2016,60.14
mdv,sex_t,ocu_skill_x,edu_isced11_total,2019,65.79
mdv,sex_t,ocu_skill_x,edu_isced11_x,2014,47.71
mdv,sex_t,ocu_skill_x,edu_isced11_x,2016,51.3
