ref_area,sex,classif1,classif2,time,emp_pifl_sex_age_eco_rt
deu,sex_f,age_10yrbands_total,eco_aggregate_agr,2020,9.858
deu,sex_f,age_10yrbands_total,eco_aggregate_agr,2021,18.108
deu,sex_f,age_10yrbands_total,eco_aggregate_man,2020,1.982
deu,sex_f,age_10yrbands_total,eco_aggregate_man,2021,0.375
deu,sex_f,age_10yrbands_total,eco_aggregate_mkt,2020,1.129
deu,sex_f,age_10yrbands_total,eco_aggregate_mkt,2021,0.815
deu,sex_f,age_10yrbands_total,eco_aggregate_pub,2020,5.719
deu,sex_f,age_10yrbands_total,eco_aggregate_pub,2021,6.125
deu,sex_f,age_10yrbands_total,eco_aggregate_total,2020,3.512
deu,sex_f,age_10yrbands_total,eco_aggregate_total,2021,3.847
deu,sex_f,age_10yrbands_total,eco_aggregate_x,2021,21.568
deu,sex_f,age_10yrbands_total,eco_sector_agr,2020,9.858
deu,sex_f,age_10yrbands_total,eco_sector_agr,2021,18.108
deu,sex_f,age_10yrbands_total,eco_sector_ind,2020,1.791
deu,sex_f,age_10yrbands_total,eco_sector_ind,2021,0.322
deu,sex_f,age_10yrbands_total,eco_sector_ser,2020,3.754
deu,sex_f,age_10yrbands_total,eco_sector_ser,2021,3.837
deu,sex_f,age_10yrbands_total,eco_sector_total,2020,3.512
deu,sex_f,age_10yrbands_total,eco_sector_total,2021,3.847
deu,sex_f,age_10yrbands_total,eco_sector_x,2021,21.568
deu,sex_f,age_10yrbands_y15_24,eco_aggregate_man,2020,14.098
deu,sex_f,age_10yrbands_y15_24,eco_aggregate_mkt,2020,3.768
deu,sex_f,age_10yrbands_y15_24,eco_aggregate_mkt,2021,1.782
deu,sex_f,age_10yrbands_y15_24,eco_aggregate_pub,2020,6.546
deu,sex_f,age_10yrbands_y15_24,eco_aggregate_pub,2021,8.31
deu,sex_f,age_10yrbands_y15_24,eco_aggregate_total,2020,6.632
deu,sex_f,age_10yrbands_y15_24,eco_aggregate_total,2021,5.595
deu,sex_f,age_10yrbands_y15_24,eco_aggregate_x,2021,21.206
deu,sex_f,age_10yrbands_y15_24,eco_sector_ind,2020,12.668
deu,sex_f,age_10yrbands_y15_24,eco_sector_ser,2020,5.524
deu,sex_f,age_10yrbands_y15_24,eco_sector_ser,2021,5.573
deu,sex_f,age_10yrbands_y15_24,eco_sector_total,2020,6.632
deu,sex_f,age_10yrbands_y15_24,eco_sector_total,2021,5.595
deu,sex_f,age_10yrbands_y15_24,eco_sector_x,2021,21.206
deu,sex_f,age_10yrbands_y25_34,eco_aggregate_mkt,2020,1.47
deu,sex_f,age_10yrbands_y25_34,eco_aggregate_mkt,2021,0.805
deu,sex_f,age_10yrbands_y25_34,eco_aggregate_pub,2020,5.563
deu,sex_f,age_10yrbands_y25_34,eco_aggregate_pub,2021,5.676
deu,sex_f,age_10yrbands_y25_34,eco_aggregate_total,2020,3.581
deu,sex_f,age_10yrbands_y25_34,eco_aggregate_total,2021,3.232
deu,sex_f,age_10yrbands_y25_34,eco_aggregate_x,2021,13.676
deu,sex_f,age_10yrbands_y25_34,eco_sector_ser,2020,3.803
deu,sex_f,age_10yrbands_y25_34,eco_sector_ser,2021,3.509
deu,sex_f,age_10yrbands_y25_34,eco_sector_total,2020,3.581
deu,sex_f,age_10yrbands_y25_34,eco_sector_total,2021,3.232
deu,sex_f,age_10yrbands_y25_34,eco_sector_x,2021,13.676
deu,sex_f,age_10yrbands_y35_44,eco_aggregate_mkt,2020,1.68
deu,sex_f,age_10yrbands_y35_44,eco_aggregate_pub,2020,6.057
deu,sex_f,age_10yrbands_y35_44,eco_aggregate_pub,2021,6.226
deu,sex_f,age_10yrbands_y35_44,eco_aggregate_total,2020,3.564
deu,sex_f,age_10yrbands_y35_44,eco_aggregate_total,2021,3.352
deu,sex_f,age_10yrbands_y35_44,eco_aggregate_x,2021,11.54
deu,sex_f,age_10yrbands_y35_44,eco_sector_ser,2020,4.175
deu,sex_f,age_10yrbands_y35_44,eco_sector_ser,2021,3.662
deu,sex_f,age_10yrbands_y35_44,eco_sector_total,2020,3.564
deu,sex_f,age_10yrbands_y35_44,eco_sector_total,2021,3.352
deu,sex_f,age_10yrbands_y35_44,eco_sector_x,2021,11.54
deu,sex_f,age_10yrbands_y45_54,eco_aggregate_mkt,2021,0.886
deu,sex_f,age_10yrbands_y45_54,eco_aggregate_pub,2020,4.394
deu,sex_f,age_10yrbands_y45_54,eco_aggregate_pub,2021,5.411
deu,sex_f,age_10yrbands_y45_54,eco_aggregate_total,2020,2.304
deu,sex_f,age_10yrbands_y45_54,eco_aggregate_total,2021,3.185
deu,sex_f,age_10yrbands_y45_54,eco_aggregate_x,2021,20.689
deu,sex_f,age_10yrbands_y45_54,eco_sector_ser,2020,2.63
deu,sex_f,age_10yrbands_y45_54,eco_sector_ser,2021,3.413
deu,sex_f,age_10yrbands_y45_54,eco_sector_total,2020,2.304
deu,sex_f,age_10yrbands_y45_54,eco_sector_total,2021,3.185
deu,sex_f,age_10yrbands_y45_54,eco_sector_x,2021,20.689
deu,sex_f,age_10yrbands_y55_64,eco_aggregate_agr,2021,33.835
deu,sex_f,age_10yrbands_y55_64,eco_aggregate_mkt,2021,0.756
deu,sex_f,age_10yrbands_y55_64,eco_aggregate_pub,2020,6.704
deu,sex_f,age_10yrbands_y55_64,eco_aggregate_pub,2021,6.11
deu,sex_f,age_10yrbands_y55_64,eco_aggregate_total,2020,3.585
deu,sex_f,age_10yrbands_y55_64,eco_aggregate_total,2021,3.944
deu,sex_f,age_10yrbands_y55_64,eco_aggregate_x,2021,12.459
deu,sex_f,age_10yrbands_y55_64,eco_sector_agr,2021,33.835
deu,sex_f,age_10yrbands_y55_64,eco_sector_ser,2020,3.977
deu,sex_f,age_10yrbands_y55_64,eco_sector_ser,2021,3.968
deu,sex_f,age_10yrbands_y55_64,eco_sector_total,2020,3.585
deu,sex_f,age_10yrbands_y55_64,eco_sector_total,2021,3.944
deu,sex_f,age_10yrbands_y55_64,eco_sector_x,2021,12.459
deu,sex_f,age_10yrbands_yge65,eco_aggregate_agr,2021,63.808
deu,sex_f,age_10yrbands_yge65,eco_aggregate_pub,2020,6.71
deu,sex_f,age_10yrbands_yge65,eco_aggregate_pub,2021,13.711
deu,sex_f,age_10yrbands_yge65,eco_aggregate_total,2020,4.582
deu,sex_f,age_10yrbands_yge65,eco_aggregate_total,2021,20.64
deu,sex_f,age_10yrbands_yge65,eco_aggregate_x,2021,71.475
deu,sex_f,age_10yrbands_yge65,eco_sector_agr,2021,63.808
deu,sex_f,age_10yrbands_yge65,eco_sector_ser,2020,4.175
deu,sex_f,age_10yrbands_yge65,eco_sector_ser,2021,7.787
deu,sex_f,age_10yrbands_yge65,eco_sector_total,2020,4.582
deu,sex_f,age_10yrbands_yge65,eco_sector_total,2021,20.64
deu,sex_f,age_10yrbands_yge65,eco_sector_x,2021,71.475
deu,sex_f,age_aggregate_total,eco_aggregate_agr,2020,9.858
deu,sex_f,age_aggregate_total,eco_aggregate_agr,2021,18.108
deu,sex_f,age_aggregate_total,eco_aggregate_man,2020,1.982
deu,sex_f,age_aggregate_total,eco_aggregate_man,2021,0.375
deu,sex_f,age_aggregate_total,eco_aggregate_mkt,2020,1.129
deu,sex_f,age_aggregate_total,eco_aggregate_mkt,2021,0.815
deu,sex_f,age_aggregate_total,eco_aggregate_pub,2020,5.719
deu,sex_f,age_aggregate_total,eco_aggregate_pub,2021,6.125
deu,sex_f,age_aggregate_total,eco_aggregate_total,2020,3.512
deu,sex_f,age_aggregate_total,eco_aggregate_total,2021,3.847
deu,sex_f,age_aggregate_total,eco_aggregate_x,2021,21.568
deu,sex_f,age_aggregate_total,eco_isic4_a,2020,9.858
deu,sex_f,age_aggregate_total,eco_isic4_a,2021,18.108
deu,sex_f,age_aggregate_total,eco_isic4_c,2020,1.982
deu,sex_f,age_aggregate_total,eco_isic4_c,2021,0.375
deu,sex_f,age_aggregate_total,eco_isic4_g,2020,1.175
deu,sex_f,age_aggregate_total,eco_isic4_g,2021,0.754
deu,sex_f,age_aggregate_total,eco_isic4_i,2021,2.08
deu,sex_f,age_aggregate_total,eco_isic4_l,2020,1.84
deu,sex_f,age_aggregate_total,eco_isic4_l,2021,1.01
deu,sex_f,age_aggregate_total,eco_isic4_p,2020,1.178
deu,sex_f,age_aggregate_total,eco_isic4_p,2021,1.219
deu,sex_f,age_aggregate_total,eco_isic4_q,2020,0.867
deu,sex_f,age_aggregate_total,eco_isic4_q,2021,0.661
deu,sex_f,age_aggregate_total,eco_isic4_s,2020,35.94
deu,sex_f,age_aggregate_total,eco_isic4_s,2021,42.218
deu,sex_f,age_aggregate_total,eco_isic4_total,2020,3.512
deu,sex_f,age_aggregate_total,eco_isic4_total,2021,3.847
deu,sex_f,age_aggregate_total,eco_isic4_x,2021,21.568
deu,sex_f,age_aggregate_total,eco_sector_agr,2020,9.858
deu,sex_f,age_aggregate_total,eco_sector_agr,2021,18.108
deu,sex_f,age_aggregate_total,eco_sector_ind,2020,1.791
deu,sex_f,age_aggregate_total,eco_sector_ind,2021,0.322
deu,sex_f,age_aggregate_total,eco_sector_ser,2020,3.754
deu,sex_f,age_aggregate_total,eco_sector_ser,2021,3.837
deu,sex_f,age_aggregate_total,eco_sector_total,2020,3.512
deu,sex_f,age_aggregate_total,eco_sector_total,2021,3.847
deu,sex_f,age_aggregate_total,eco_sector_x,2021,21.568
deu,sex_f,age_aggregate_y15_24,eco_aggregate_man,2020,14.098
deu,sex_f,age_aggregate_y15_24,eco_aggregate_mkt,2020,3.768
deu,sex_f,age_aggregate_y15_24,eco_aggregate_mkt,2021,1.782
deu,sex_f,age_aggregate_y15_24,eco_aggregate_pub,2020,6.546
deu,sex_f,age_aggregate_y15_24,eco_aggregate_pub,2021,8.31
deu,sex_f,age_aggregate_y15_24,eco_aggregate_total,2020,6.632
deu,sex_f,age_aggregate_y15_24,eco_aggregate_total,2021,5.595
deu,sex_f,age_aggregate_y15_24,eco_aggregate_x,2021,21.206
deu,sex_f,age_aggregate_y15_24,eco_isic4_c,2020,14.098
deu,sex_f,age_aggregate_y15_24,eco_isic4_g,2020,5.87
deu,sex_f,age_aggregate_y15_24,eco_isic4_q,2020,4.796
deu,sex_f,age_aggregate_y15_24,eco_isic4_q,2021,3.383
deu,sex_f,age_aggregate_y15_24,eco_isic4_s,2020,28.206
deu,sex_f,age_aggregate_y15_24,eco_isic4_s,2021,49.363
deu,sex_f,age_aggregate_y15_24,eco_isic4_total,2020,6.632
deu,sex_f,age_aggregate_y15_24,eco_isic4_total,2021,5.595
deu,sex_f,age_aggregate_y15_24,eco_isic4_x,2021,21.206
deu,sex_f,age_aggregate_y15_24,eco_sector_ind,2020,12.668
deu,sex_f,age_aggregate_y15_24,eco_sector_ser,2020,5.524
deu,sex_f,age_aggregate_y15_24,eco_sector_ser,2021,5.573
deu,sex_f,age_aggregate_y15_24,eco_sector_total,2020,6.632
deu,sex_f,age_aggregate_y15_24,eco_sector_total,2021,5.595
deu,sex_f,age_aggregate_y15_24,eco_sector_x,2021,21.206
deu,sex_f,age_aggregate_y25_54,eco_aggregate_mkt,2020,1.131
deu,sex_f,age_aggregate_y25_54,eco_aggregate_mkt,2021,0.694
deu,sex_f,age_aggregate_y25_54,eco_aggregate_pub,2020,5.27
deu,sex_f,age_aggregate_y25_54,eco_aggregate_pub,2021,5.751
deu,sex_f,age_aggregate_y25_54,eco_aggregate_total,2020,3.071
deu,sex_f,age_aggregate_y25_54,eco_aggregate_total,2021,3.252
deu,sex_f,age_aggregate_y25_54,eco_aggregate_x,2021,15.035
deu,sex_f,age_aggregate_y25_54,eco_isic4_g,2020,0.927
deu,sex_f,age_aggregate_y25_54,eco_isic4_g,2021,0.526
deu,sex_f,age_aggregate_y25_54,eco_isic4_l,2020,2.231
deu,sex_f,age_aggregate_y25_54,eco_isic4_l,2021,1.157
deu,sex_f,age_aggregate_y25_54,eco_isic4_p,2020,1.072
deu,sex_f,age_aggregate_y25_54,eco_isic4_p,2021,1.08
deu,sex_f,age_aggregate_y25_54,eco_isic4_q,2020,0.308
deu,sex_f,age_aggregate_y25_54,eco_isic4_q,2021,0.356
deu,sex_f,age_aggregate_y25_54,eco_isic4_s,2020,36.15
deu,sex_f,age_aggregate_y25_54,eco_isic4_s,2021,41.335
deu,sex_f,age_aggregate_y25_54,eco_isic4_total,2020,3.071
deu,sex_f,age_aggregate_y25_54,eco_isic4_total,2021,3.252
deu,sex_f,age_aggregate_y25_54,eco_isic4_x,2021,15.035
deu,sex_f,age_aggregate_y25_54,eco_sector_ser,2020,3.458
deu,sex_f,age_aggregate_y25_54,eco_sector_ser,2021,3.521
deu,sex_f,age_aggregate_y25_54,eco_sector_total,2020,3.071
deu,sex_f,age_aggregate_y25_54,eco_sector_total,2021,3.252
deu,sex_f,age_aggregate_y25_54,eco_sector_x,2021,15.035
deu,sex_f,age_aggregate_y55_64,eco_aggregate_agr,2021,33.835
deu,sex_f,age_aggregate_y55_64,eco_aggregate_mkt,2021,0.756
deu,sex_f,age_aggregate_y55_64,eco_aggregate_pub,2020,6.704
deu,sex_f,age_aggregate_y55_64,eco_aggregate_pub,2021,6.11
deu,sex_f,age_aggregate_y55_64,eco_aggregate_total,2020,3.585
deu,sex_f,age_aggregate_y55_64,eco_aggregate_total,2021,3.944
deu,sex_f,age_aggregate_y55_64,eco_aggregate_x,2021,12.459
deu,sex_f,age_aggregate_y55_64,eco_isic4_a,2021,33.835
deu,sex_f,age_aggregate_y55_64,eco_isic4_s,2020,38.946
deu,sex_f,age_aggregate_y55_64,eco_isic4_s,2021,41.526
deu,sex_f,age_aggregate_y55_64,eco_isic4_total,2020,3.585
deu,sex_f,age_aggregate_y55_64,eco_isic4_total,2021,3.944
deu,sex_f,age_aggregate_y55_64,eco_isic4_x,2021,12.459
deu,sex_f,age_aggregate_y55_64,eco_sector_agr,2021,33.835
deu,sex_f,age_aggregate_y55_64,eco_sector_ser,2020,3.977
deu,sex_f,age_aggregate_y55_64,eco_sector_ser,2021,3.968
deu,sex_f,age_aggregate_y55_64,eco_sector_total,2020,3.585
deu,sex_f,age_aggregate_y55_64,eco_sector_total,2021,3.944
deu,sex_f,age_aggregate_y55_64,eco_sector_x,2021,12.459
deu,sex_f,age_aggregate_yge65,eco_aggregate_agr,2021,63.808
deu,sex_f,age_aggregate_yge65,eco_aggregate_pub,2020,6.71
deu,sex_f,age_aggregate_yge65,eco_aggregate_pub,2021,13.711
deu,sex_f,age_aggregate_yge65,eco_aggregate_total,2020,4.582
deu,sex_f,age_aggregate_yge65,eco_aggregate_total,2021,20.64
deu,sex_f,age_aggregate_yge65,eco_aggregate_x,2021,71.475
deu,sex_f,age_aggregate_yge65,eco_isic4_a,2021,63.808
deu,sex_f,age_aggregate_yge65,eco_isic4_s,2020,24.108
deu,sex_f,age_aggregate_yge65,eco_isic4_s,2021,58.208
deu,sex_f,age_aggregate_yge65,eco_isic4_total,2020,4.582
deu,sex_f,age_aggregate_yge65,eco_isic4_total,2021,20.64
deu,sex_f,age_aggregate_yge65,eco_isic4_x,2021,71.475
deu,sex_f,age_aggregate_yge65,eco_sector_agr,2021,63.808
deu,sex_f,age_aggregate_yge65,eco_sector_ser,2020,4.175
deu,sex_f,age_aggregate_yge65,eco_sector_ser,2021,7.787
deu,sex_f,age_aggregate_yge65,eco_sector_total,2020,4.582
deu,sex_f,age_aggregate_yge65,eco_sector_total,2021,20.64
deu,sex_f,age_aggregate_yge65,eco_sector_x,2021,71.475
deu,sex_f,age_ythadult_y15_24,eco_aggregate_man,2020,14.098
deu,sex_f,age_ythadult_y15_24,eco_aggregate_mkt,2020,3.768
deu,sex_f,age_ythadult_y15_24,eco_aggregate_mkt,2021,1.782
deu,sex_f,age_ythadult_y15_24,eco_aggregate_pub,2020,6.546
deu,sex_f,age_ythadult_y15_24,eco_aggregate_pub,2021,8.31
deu,sex_f,age_ythadult_y15_24,eco_aggregate_total,2020,6.632
deu,sex_f,age_ythadult_y15_24,eco_aggregate_total,2021,5.595
deu,sex_f,age_ythadult_y15_24,eco_aggregate_x,2021,21.206
deu,sex_f,age_ythadult_y15_24,eco_isic4_c,2020,14.098
deu,sex_f,age_ythadult_y15_24,eco_isic4_g,2020,5.87
deu,sex_f,age_ythadult_y15_24,eco_isic4_q,2020,4.796
deu,sex_f,age_ythadult_y15_24,eco_isic4_q,2021,3.383
deu,sex_f,age_ythadult_y15_24,eco_isic4_s,2020,28.206
deu,sex_f,age_ythadult_y15_24,eco_isic4_s,2021,49.363
deu,sex_f,age_ythadult_y15_24,eco_isic4_total,2020,6.632
deu,sex_f,age_ythadult_y15_24,eco_isic4_total,2021,5.595
deu,sex_f,age_ythadult_y15_24,eco_isic4_x,2021,21.206
deu,sex_f,age_ythadult_y15_24,eco_sector_ind,2020,12.668
deu,sex_f,age_ythadult_y15_24,eco_sector_ser,2020,5.524
deu,sex_f,age_ythadult_y15_24,eco_sector_ser,2021,5.573
deu,sex_f,age_ythadult_y15_24,eco_sector_total,2020,6.632
deu,sex_f,age_ythadult_y15_24,eco_sector_total,2021,5.595
deu,sex_f,age_ythadult_y15_24,eco_sector_x,2021,21.206
deu,sex_f,age_ythadult_yge15,eco_aggregate_agr,2020,9.858
deu,sex_f,age_ythadult_yge15,eco_aggregate_agr,2021,18.108
deu,sex_f,age_ythadult_yge15,eco_aggregate_man,2020,1.982
deu,sex_f,age_ythadult_yge15,eco_aggregate_man,2021,0.375
deu,sex_f,age_ythadult_yge15,eco_aggregate_mkt,2020,1.129
deu,sex_f,age_ythadult_yge15,eco_aggregate_mkt,2021,0.815
deu,sex_f,age_ythadult_yge15,eco_aggregate_pub,2020,5.719
deu,sex_f,age_ythadult_yge15,eco_aggregate_pub,2021,6.125
deu,sex_f,age_ythadult_yge15,eco_aggregate_total,2020,3.512
deu,sex_f,age_ythadult_yge15,eco_aggregate_total,2021,3.847
deu,sex_f,age_ythadult_yge15,eco_aggregate_x,2021,21.568
deu,sex_f,age_ythadult_yge15,eco_isic4_a,2020,9.858
deu,sex_f,age_ythadult_yge15,eco_isic4_a,2021,18.108
deu,sex_f,age_ythadult_yge15,eco_isic4_c,2020,1.982
deu,sex_f,age_ythadult_yge15,eco_isic4_c,2021,0.375
deu,sex_f,age_ythadult_yge15,eco_isic4_g,2020,1.175
deu,sex_f,age_ythadult_yge15,eco_isic4_g,2021,0.754
deu,sex_f,age_ythadult_yge15,eco_isic4_i,2021,2.08
deu,sex_f,age_ythadult_yge15,eco_isic4_l,2020,1.84
deu,sex_f,age_ythadult_yge15,eco_isic4_l,2021,1.01
deu,sex_f,age_ythadult_yge15,eco_isic4_p,2020,1.178
deu,sex_f,age_ythadult_yge15,eco_isic4_p,2021,1.219
deu,sex_f,age_ythadult_yge15,eco_isic4_q,2020,0.867
deu,sex_f,age_ythadult_yge15,eco_isic4_q,2021,0.661
deu,sex_f,age_ythadult_yge15,eco_isic4_s,2020,35.94
deu,sex_f,age_ythadult_yge15,eco_isic4_s,2021,42.218
deu,sex_f,age_ythadult_yge15,eco_isic4_total,2020,3.512
deu,sex_f,age_ythadult_yge15,eco_isic4_total,2021,3.847
deu,sex_f,age_ythadult_yge15,eco_isic4_x,2021,21.568
deu,sex_f,age_ythadult_yge15,eco_sector_agr,2020,9.858
deu,sex_f,age_ythadult_yge15,eco_sector_agr,2021,18.108
deu,sex_f,age_ythadult_yge15,eco_sector_ind,2020,1.791
deu,sex_f,age_ythadult_yge15,eco_sector_ind,2021,0.322
deu,sex_f,age_ythadult_yge15,eco_sector_ser,2020,3.754
deu,sex_f,age_ythadult_yge15,eco_sector_ser,2021,3.837
deu,sex_f,age_ythadult_yge15,eco_sector_total,2020,3.512
deu,sex_f,age_ythadult_yge15,eco_sector_total,2021,3.847
deu,sex_f,age_ythadult_yge15,eco_sector_x,2021,21.568
deu,sex_f,age_ythadult_yge25,eco_aggregate_agr,2020,10.644
deu,sex_f,age_ythadult_yge25,eco_aggregate_agr,2021,19.537
deu,sex_f,age_ythadult_yge25,eco_aggregate_mkt,2020,0.921
deu,sex_f,age_ythadult_yge25,eco_aggregate_mkt,2021,0.732
deu,sex_f,age_ythadult_yge25,eco_aggregate_pub,2020,5.633
deu,sex_f,age_ythadult_yge25,eco_aggregate_pub,2021,5.927
deu,sex_f,age_ythadult_yge25,eco_aggregate_total,2020,3.212
deu,sex_f,age_ythadult_yge25,eco_aggregate_total,2021,3.688
deu,sex_f,age_ythadult_yge25,eco_aggregate_x,2021,21.634
deu,sex_f,age_ythadult_yge25,eco_isic4_a,2020,10.644
deu,sex_f,age_ythadult_yge25,eco_isic4_a,2021,19.537
deu,sex_f,age_ythadult_yge25,eco_isic4_g,2020,0.795
deu,sex_f,age_ythadult_yge25,eco_isic4_g,2021,0.664
deu,sex_f,age_ythadult_yge25,eco_isic4_i,2021,1.717
deu,sex_f,age_ythadult_yge25,eco_isic4_l,2020,1.762
deu,sex_f,age_ythadult_yge25,eco_isic4_l,2021,1.034
deu,sex_f,age_ythadult_yge25,eco_isic4_p,2020,0.848
deu,sex_f,age_ythadult_yge25,eco_isic4_p,2021,0.923
deu,sex_f,age_ythadult_yge25,eco_isic4_q,2020,0.408
deu,sex_f,age_ythadult_yge25,eco_isic4_q,2021,0.358
deu,sex_f,age_ythadult_yge25,eco_isic4_s,2020,36.586
deu,sex_f,age_ythadult_yge25,eco_isic4_s,2021,41.672
deu,sex_f,age_ythadult_yge25,eco_isic4_total,2020,3.212
deu,sex_f,age_ythadult_yge25,eco_isic4_total,2021,3.688
deu,sex_f,age_ythadult_yge25,eco_isic4_x,2021,21.634
deu,sex_f,age_ythadult_yge25,eco_sector_agr,2020,10.644
deu,sex_f,age_ythadult_yge25,eco_sector_agr,2021,19.537
deu,sex_f,age_ythadult_yge25,eco_sector_ser,2020,3.59
deu,sex_f,age_ythadult_yge25,eco_sector_ser,2021,3.683
deu,sex_f,age_ythadult_yge25,eco_sector_total,2020,3.212
deu,sex_f,age_ythadult_yge25,eco_sector_total,2021,3.688
deu,sex_f,age_ythadult_yge25,eco_sector_x,2021,21.634
deu,sex_m,age_10yrbands_total,eco_aggregate_agr,2020,3.761
deu,sex_m,age_10yrbands_total,eco_aggregate_agr,2021,4.987
deu,sex_m,age_10yrbands_total,eco_aggregate_con,2020,0.931
deu,sex_m,age_10yrbands_total,eco_aggregate_con,2021,0.655
deu,sex_m,age_10yrbands_total,eco_aggregate_man,2020,0.767
deu,sex_m,age_10yrbands_total,eco_aggregate_man,2021,0.733
deu,sex_m,age_10yrbands_total,eco_aggregate_mkt,2020,1.232
deu,sex_m,age_10yrbands_total,eco_aggregate_mkt,2021,0.944
deu,sex_m,age_10yrbands_total,eco_aggregate_pub,2020,2.711
deu,sex_m,age_10yrbands_total,eco_aggregate_pub,2021,2.363
deu,sex_m,age_10yrbands_total,eco_aggregate_total,2020,1.404
deu,sex_m,age_10yrbands_total,eco_aggregate_total,2021,1.468
deu,sex_m,age_10yrbands_total,eco_aggregate_x,2021,14.557
deu,sex_m,age_10yrbands_total,eco_sector_agr,2020,3.761
deu,sex_m,age_10yrbands_total,eco_sector_agr,2021,4.987
deu,sex_m,age_10yrbands_total,eco_sector_ind,2020,0.803
deu,sex_m,age_10yrbands_total,eco_sector_ind,2021,0.714
deu,sex_m,age_10yrbands_total,eco_sector_ser,2020,1.768
deu,sex_m,age_10yrbands_total,eco_sector_ser,2021,1.449
deu,sex_m,age_10yrbands_total,eco_sector_total,2020,1.404
deu,sex_m,age_10yrbands_total,eco_sector_total,2021,1.468
deu,sex_m,age_10yrbands_total,eco_sector_x,2021,14.557
deu,sex_m,age_10yrbands_y15_24,eco_aggregate_man,2020,2.992
deu,sex_m,age_10yrbands_y15_24,eco_aggregate_man,2021,1.773
deu,sex_m,age_10yrbands_y15_24,eco_aggregate_mkt,2020,8.426
deu,sex_m,age_10yrbands_y15_24,eco_aggregate_mkt,2021,2.021
deu,sex_m,age_10yrbands_y15_24,eco_aggregate_pub,2020,10.646
deu,sex_m,age_10yrbands_y15_24,eco_aggregate_pub,2021,4.106
deu,sex_m,age_10yrbands_y15_24,eco_aggregate_total,2020,6.497
deu,sex_m,age_10yrbands_y15_24,eco_aggregate_total,2021,2.985
deu,sex_m,age_10yrbands_y15_24,eco_aggregate_x,2021,34.746
deu,sex_m,age_10yrbands_y15_24,eco_sector_ind,2020,3.033
deu,sex_m,age_10yrbands_y15_24,eco_sector_ind,2021,1.879
deu,sex_m,age_10yrbands_y15_24,eco_sector_ser,2020,9.257
deu,sex_m,age_10yrbands_y15_24,eco_sector_ser,2021,2.77
deu,sex_m,age_10yrbands_y15_24,eco_sector_total,2020,6.497
deu,sex_m,age_10yrbands_y15_24,eco_sector_total,2021,2.985
deu,sex_m,age_10yrbands_y15_24,eco_sector_x,2021,34.746
deu,sex_m,age_10yrbands_y25_34,eco_aggregate_man,2020,1.564
deu,sex_m,age_10yrbands_y25_34,eco_aggregate_pub,2020,1.323
deu,sex_m,age_10yrbands_y25_34,eco_aggregate_pub,2021,1.776
deu,sex_m,age_10yrbands_y25_34,eco_aggregate_total,2020,1.214
deu,sex_m,age_10yrbands_y25_34,eco_aggregate_total,2021,0.727
deu,sex_m,age_10yrbands_y25_34,eco_sector_ind,2020,1.661
deu,sex_m,age_10yrbands_y25_34,eco_sector_ser,2020,0.965
deu,sex_m,age_10yrbands_y25_34,eco_sector_ser,2021,0.7
deu,sex_m,age_10yrbands_y25_34,eco_sector_total,2020,1.214
deu,sex_m,age_10yrbands_y25_34,eco_sector_total,2021,0.727
deu,sex_m,age_10yrbands_y35_44,eco_aggregate_man,2021,0.824
deu,sex_m,age_10yrbands_y35_44,eco_aggregate_mkt,2021,0.6
deu,sex_m,age_10yrbands_y35_44,eco_aggregate_pub,2020,3.261
deu,sex_m,age_10yrbands_y35_44,eco_aggregate_pub,2021,2.002
deu,sex_m,age_10yrbands_y35_44,eco_aggregate_total,2020,1.086
deu,sex_m,age_10yrbands_y35_44,eco_aggregate_total,2021,1.105
deu,sex_m,age_10yrbands_y35_44,eco_aggregate_x,2021,9.057
deu,sex_m,age_10yrbands_y35_44,eco_sector_ind,2021,0.803
deu,sex_m,age_10yrbands_y35_44,eco_sector_ser,2020,1.245
deu,sex_m,age_10yrbands_y35_44,eco_sector_ser,2021,1.047
deu,sex_m,age_10yrbands_y35_44,eco_sector_total,2020,1.086
deu,sex_m,age_10yrbands_y35_44,eco_sector_total,2021,1.105
deu,sex_m,age_10yrbands_y35_44,eco_sector_x,2021,9.057
deu,sex_m,age_10yrbands_y45_54,eco_aggregate_man,2021,0.55
deu,sex_m,age_10yrbands_y45_54,eco_aggregate_mkt,2021,0.998
deu,sex_m,age_10yrbands_y45_54,eco_aggregate_pub,2020,2.318
deu,sex_m,age_10yrbands_y45_54,eco_aggregate_pub,2021,2.362
deu,sex_m,age_10yrbands_y45_54,eco_aggregate_total,2020,0.675
deu,sex_m,age_10yrbands_y45_54,eco_aggregate_total,2021,1.215
deu,sex_m,age_10yrbands_y45_54,eco_sector_ind,2021,0.593
deu,sex_m,age_10yrbands_y45_54,eco_sector_ser,2020,1.151
deu,sex_m,age_10yrbands_y45_54,eco_sector_ser,2021,1.479
deu,sex_m,age_10yrbands_y45_54,eco_sector_total,2020,0.675
deu,sex_m,age_10yrbands_y45_54,eco_sector_total,2021,1.215
deu,sex_m,age_10yrbands_y55_64,eco_aggregate_mkt,2020,0.85
deu,sex_m,age_10yrbands_y55_64,eco_aggregate_mkt,2021,1.696
deu,sex_m,age_10yrbands_y55_64,eco_aggregate_pub,2020,0.831
deu,sex_m,age_10yrbands_y55_64,eco_aggregate_pub,2021,2.147
deu,sex_m,age_10yrbands_y55_64,eco_aggregate_total,2020,0.669
deu,sex_m,age_10yrbands_y55_64,eco_aggregate_total,2021,1.548
deu,sex_m,age_10yrbands_y55_64,eco_aggregate_x,2021,16.007
deu,sex_m,age_10yrbands_y55_64,eco_sector_ind,2021,0.395
deu,sex_m,age_10yrbands_y55_64,eco_sector_ser,2020,0.843
deu,sex_m,age_10yrbands_y55_64,eco_sector_ser,2021,1.87
deu,sex_m,age_10yrbands_y55_64,eco_sector_total,2020,0.669
deu,sex_m,age_10yrbands_y55_64,eco_sector_total,2021,1.548
deu,sex_m,age_10yrbands_y55_64,eco_sector_x,2021,16.007
deu,sex_m,age_10yrbands_yge65,eco_aggregate_agr,2021,43.117
deu,sex_m,age_10yrbands_yge65,eco_aggregate_pub,2021,7.276
deu,sex_m,age_10yrbands_yge65,eco_aggregate_total,2021,8.847
deu,sex_m,age_10yrbands_yge65,eco_aggregate_x,2021,44.186
deu,sex_m,age_10yrbands_yge65,eco_sector_agr,2021,43.117
deu,sex_m,age_10yrbands_yge65,eco_sector_ser,2021,3.292
deu,sex_m,age_10yrbands_yge65,eco_sector_total,2021,8.847
deu,sex_m,age_10yrbands_yge65,eco_sector_x,2021,44.186
deu,sex_m,age_aggregate_total,eco_aggregate_agr,2020,3.761
deu,sex_m,age_aggregate_total,eco_aggregate_agr,2021,4.987
deu,sex_m,age_aggregate_total,eco_aggregate_con,2020,0.931
deu,sex_m,age_aggregate_total,eco_aggregate_con,2021,0.655
deu,sex_m,age_aggregate_total,eco_aggregate_man,2020,0.767
deu,sex_m,age_aggregate_total,eco_aggregate_man,2021,0.733
deu,sex_m,age_aggregate_total,eco_aggregate_mkt,2020,1.232
deu,sex_m,age_aggregate_total,eco_aggregate_mkt,2021,0.944
deu,sex_m,age_aggregate_total,eco_aggregate_pub,2020,2.711
deu,sex_m,age_aggregate_total,eco_aggregate_pub,2021,2.363
deu,sex_m,age_aggregate_total,eco_aggregate_total,2020,1.404
deu,sex_m,age_aggregate_total,eco_aggregate_total,2021,1.468
deu,sex_m,age_aggregate_total,eco_aggregate_x,2021,14.557
deu,sex_m,age_aggregate_total,eco_isic4_a,2020,3.761
deu,sex_m,age_aggregate_total,eco_isic4_a,2021,4.987
deu,sex_m,age_aggregate_total,eco_isic4_c,2020,0.767
deu,sex_m,age_aggregate_total,eco_isic4_c,2021,0.733
deu,sex_m,age_aggregate_total,eco_isic4_f,2020,0.931
deu,sex_m,age_aggregate_total,eco_isic4_f,2021,0.655
deu,sex_m,age_aggregate_total,eco_isic4_g,2020,1.561
deu,sex_m,age_aggregate_total,eco_isic4_g,2021,1.057
deu,sex_m,age_aggregate_total,eco_isic4_h,2020,1.748
deu,sex_m,age_aggregate_total,eco_isic4_h,2021,0.603
deu,sex_m,age_aggregate_total,eco_isic4_i,2021,1.912
deu,sex_m,age_aggregate_total,eco_isic4_l,2020,0.736
deu,sex_m,age_aggregate_total,eco_isic4_l,2021,1.33
deu,sex_m,age_aggregate_total,eco_isic4_p,2020,1.938
deu,sex_m,age_aggregate_total,eco_isic4_q,2020,2.616
deu,sex_m,age_aggregate_total,eco_isic4_q,2021,0.915
deu,sex_m,age_aggregate_total,eco_isic4_s,2020,8.366
deu,sex_m,age_aggregate_total,eco_isic4_s,2021,9.918
deu,sex_m,age_aggregate_total,eco_isic4_total,2020,1.404
deu,sex_m,age_aggregate_total,eco_isic4_total,2021,1.468
deu,sex_m,age_aggregate_total,eco_isic4_x,2021,14.557
deu,sex_m,age_aggregate_total,eco_sector_agr,2020,3.761
deu,sex_m,age_aggregate_total,eco_sector_agr,2021,4.987
deu,sex_m,age_aggregate_total,eco_sector_ind,2020,0.803
deu,sex_m,age_aggregate_total,eco_sector_ind,2021,0.714
deu,sex_m,age_aggregate_total,eco_sector_ser,2020,1.768
deu,sex_m,age_aggregate_total,eco_sector_ser,2021,1.449
deu,sex_m,age_aggregate_total,eco_sector_total,2020,1.404
deu,sex_m,age_aggregate_total,eco_sector_total,2021,1.468
deu,sex_m,age_aggregate_total,eco_sector_x,2021,14.557
deu,sex_m,age_aggregate_y15_24,eco_aggregate_man,2020,2.992
deu,sex_m,age_aggregate_y15_24,eco_aggregate_man,2021,1.773
deu,sex_m,age_aggregate_y15_24,eco_aggregate_mkt,2020,8.426
deu,sex_m,age_aggregate_y15_24,eco_aggregate_mkt,2021,2.021
deu,sex_m,age_aggregate_y15_24,eco_aggregate_pub,2020,10.646
deu,sex_m,age_aggregate_y15_24,eco_aggregate_pub,2021,4.106
deu,sex_m,age_aggregate_y15_24,eco_aggregate_total,2020,6.497
deu,sex_m,age_aggregate_y15_24,eco_aggregate_total,2021,2.985
deu,sex_m,age_aggregate_y15_24,eco_aggregate_x,2021,34.746
deu,sex_m,age_aggregate_y15_24,eco_isic4_c,2020,2.992
deu,sex_m,age_aggregate_y15_24,eco_isic4_c,2021,1.773
deu,sex_m,age_aggregate_y15_24,eco_isic4_g,2020,6.522
deu,sex_m,age_aggregate_y15_24,eco_isic4_h,2020,16.432
deu,sex_m,age_aggregate_y15_24,eco_isic4_p,2020,13.064
deu,sex_m,age_aggregate_y15_24,eco_isic4_q,2020,15.905
deu,sex_m,age_aggregate_y15_24,eco_isic4_s,2020,16.982
deu,sex_m,age_aggregate_y15_24,eco_isic4_s,2021,12.423
deu,sex_m,age_aggregate_y15_24,eco_isic4_total,2020,6.497
deu,sex_m,age_aggregate_y15_24,eco_isic4_total,2021,2.985
deu,sex_m,age_aggregate_y15_24,eco_isic4_x,2021,34.746
deu,sex_m,age_aggregate_y15_24,eco_sector_ind,2020,3.033
deu,sex_m,age_aggregate_y15_24,eco_sector_ind,2021,1.879
deu,sex_m,age_aggregate_y15_24,eco_sector_ser,2020,9.257
deu,sex_m,age_aggregate_y15_24,eco_sector_ser,2021,2.77
deu,sex_m,age_aggregate_y15_24,eco_sector_total,2020,6.497
deu,sex_m,age_aggregate_y15_24,eco_sector_total,2021,2.985
deu,sex_m,age_aggregate_y15_24,eco_sector_x,2021,34.746
deu,sex_m,age_aggregate_y25_54,eco_aggregate_agr,2021,3.17
deu,sex_m,age_aggregate_y25_54,eco_aggregate_con,2021,0.523
deu,sex_m,age_aggregate_y25_54,eco_aggregate_man,2020,0.707
deu,sex_m,age_aggregate_y25_54,eco_aggregate_man,2021,0.65
deu,sex_m,age_aggregate_y25_54,eco_aggregate_mkt,2020,0.496
deu,sex_m,age_aggregate_y25_54,eco_aggregate_mkt,2021,0.585
deu,sex_m,age_aggregate_y25_54,eco_aggregate_pub,2020,2.281
deu,sex_m,age_aggregate_y25_54,eco_aggregate_pub,2021,2.062
deu,sex_m,age_aggregate_y25_54,eco_aggregate_total,2020,0.974
deu,sex_m,age_aggregate_y25_54,eco_aggregate_total,2021,1.026
deu,sex_m,age_aggregate_y25_54,eco_aggregate_x,2021,6.247
deu,sex_m,age_aggregate_y25_54,eco_isic4_a,2021,3.17
deu,sex_m,age_aggregate_y25_54,eco_isic4_c,2020,0.707
deu,sex_m,age_aggregate_y25_54,eco_isic4_c,2021,0.65
deu,sex_m,age_aggregate_y25_54,eco_isic4_f,2021,0.523
deu,sex_m,age_aggregate_y25_54,eco_isic4_g,2021,0.533
deu,sex_m,age_aggregate_y25_54,eco_isic4_l,2021,0.998
deu,sex_m,age_aggregate_y25_54,eco_isic4_s,2020,8.974
deu,sex_m,age_aggregate_y25_54,eco_isic4_s,2021,9.624
deu,sex_m,age_aggregate_y25_54,eco_isic4_total,2020,0.974
deu,sex_m,age_aggregate_y25_54,eco_isic4_total,2021,1.026
deu,sex_m,age_aggregate_y25_54,eco_isic4_x,2021,6.247
deu,sex_m,age_aggregate_y25_54,eco_sector_agr,2021,3.17
deu,sex_m,age_aggregate_y25_54,eco_sector_ind,2020,0.707
deu,sex_m,age_aggregate_y25_54,eco_sector_ind,2021,0.619
deu,sex_m,age_aggregate_y25_54,eco_sector_ser,2020,1.121
deu,sex_m,age_aggregate_y25_54,eco_sector_ser,2021,1.097
deu,sex_m,age_aggregate_y25_54,eco_sector_total,2020,0.974
deu,sex_m,age_aggregate_y25_54,eco_sector_total,2021,1.026
deu,sex_m,age_aggregate_y25_54,eco_sector_x,2021,6.247
deu,sex_m,age_aggregate_y55_64,eco_aggregate_mkt,2020,0.85
deu,sex_m,age_aggregate_y55_64,eco_aggregate_mkt,2021,1.696
deu,sex_m,age_aggregate_y55_64,eco_aggregate_pub,2020,0.831
deu,sex_m,age_aggregate_y55_64,eco_aggregate_pub,2021,2.147
deu,sex_m,age_aggregate_y55_64,eco_aggregate_total,2020,0.669
deu,sex_m,age_aggregate_y55_64,eco_aggregate_total,2021,1.548
deu,sex_m,age_aggregate_y55_64,eco_aggregate_x,2021,16.007
deu,sex_m,age_aggregate_y55_64,eco_isic4_g,2021,2.787
deu,sex_m,age_aggregate_y55_64,eco_isic4_s,2021,7.969
deu,sex_m,age_aggregate_y55_64,eco_isic4_total,2020,0.669
deu,sex_m,age_aggregate_y55_64,eco_isic4_total,2021,1.548
deu,sex_m,age_aggregate_y55_64,eco_isic4_x,2021,16.007
deu,sex_m,age_aggregate_y55_64,eco_sector_ind,2021,0.395
deu,sex_m,age_aggregate_y55_64,eco_sector_ser,2020,0.843
deu,sex_m,age_aggregate_y55_64,eco_sector_ser,2021,1.87
deu,sex_m,age_aggregate_y55_64,eco_sector_total,2020,0.669
deu,sex_m,age_aggregate_y55_64,eco_sector_total,2021,1.548
deu,sex_m,age_aggregate_y55_64,eco_sector_x,2021,16.007
deu,sex_m,age_aggregate_yge65,eco_aggregate_agr,2021,43.117
deu,sex_m,age_aggregate_yge65,eco_aggregate_pub,2021,7.276
deu,sex_m,age_aggregate_yge65,eco_aggregate_total,2021,8.847
deu,sex_m,age_aggregate_yge65,eco_aggregate_x,2021,44.186
deu,sex_m,age_aggregate_yge65,eco_isic4_a,2021,43.117
deu,sex_m,age_aggregate_yge65,eco_isic4_s,2021,22.942
deu,sex_m,age_aggregate_yge65,eco_isic4_total,2021,8.847
deu,sex_m,age_aggregate_yge65,eco_isic4_x,2021,44.186
deu,sex_m,age_aggregate_yge65,eco_sector_agr,2021,43.117
deu,sex_m,age_aggregate_yge65,eco_sector_ser,2021,3.292
deu,sex_m,age_aggregate_yge65,eco_sector_total,2021,8.847
deu,sex_m,age_aggregate_yge65,eco_sector_x,2021,44.186
deu,sex_m,age_ythadult_y15_24,eco_aggregate_man,2020,2.992
deu,sex_m,age_ythadult_y15_24,eco_aggregate_man,2021,1.773
deu,sex_m,age_ythadult_y15_24,eco_aggregate_mkt,2020,8.426
deu,sex_m,age_ythadult_y15_24,eco_aggregate_mkt,2021,2.021
deu,sex_m,age_ythadult_y15_24,eco_aggregate_pub,2020,10.646
deu,sex_m,age_ythadult_y15_24,eco_aggregate_pub,2021,4.106
deu,sex_m,age_ythadult_y15_24,eco_aggregate_total,2020,6.497
deu,sex_m,age_ythadult_y15_24,eco_aggregate_total,2021,2.985
deu,sex_m,age_ythadult_y15_24,eco_aggregate_x,2021,34.746
deu,sex_m,age_ythadult_y15_24,eco_isic4_c,2020,2.992
deu,sex_m,age_ythadult_y15_24,eco_isic4_c,2021,1.773
deu,sex_m,age_ythadult_y15_24,eco_isic4_g,2020,6.522
deu,sex_m,age_ythadult_y15_24,eco_isic4_h,2020,16.432
deu,sex_m,age_ythadult_y15_24,eco_isic4_p,2020,13.064
deu,sex_m,age_ythadult_y15_24,eco_isic4_q,2020,15.905
deu,sex_m,age_ythadult_y15_24,eco_isic4_s,2020,16.982
deu,sex_m,age_ythadult_y15_24,eco_isic4_s,2021,12.423
deu,sex_m,age_ythadult_y15_24,eco_isic4_total,2020,6.497
deu,sex_m,age_ythadult_y15_24,eco_isic4_total,2021,2.985
deu,sex_m,age_ythadult_y15_24,eco_isic4_x,2021,34.746
deu,sex_m,age_ythadult_y15_24,eco_sector_ind,2020,3.033
deu,sex_m,age_ythadult_y15_24,eco_sector_ind,2021,1.879
deu,sex_m,age_ythadult_y15_24,eco_sector_ser,2020,9.257
deu,sex_m,age_ythadult_y15_24,eco_sector_ser,2021,2.77
deu,sex_m,age_ythadult_y15_24,eco_sector_total,2020,6.497
deu,sex_m,age_ythadult_y15_24,eco_sector_total,2021,2.985
deu,sex_m,age_ythadult_y15_24,eco_sector_x,2021,34.746
deu,sex_m,age_ythadult_yge15,eco_aggregate_agr,2020,3.761
deu,sex_m,age_ythadult_yge15,eco_aggregate_agr,2021,4.987
deu,sex_m,age_ythadult_yge15,eco_aggregate_con,2020,0.931
deu,sex_m,age_ythadult_yge15,eco_aggregate_con,2021,0.655
deu,sex_m,age_ythadult_yge15,eco_aggregate_man,2020,0.767
deu,sex_m,age_ythadult_yge15,eco_aggregate_man,2021,0.733
deu,sex_m,age_ythadult_yge15,eco_aggregate_mkt,2020,1.232
deu,sex_m,age_ythadult_yge15,eco_aggregate_mkt,2021,0.944
deu,sex_m,age_ythadult_yge15,eco_aggregate_pub,2020,2.711
deu,sex_m,age_ythadult_yge15,eco_aggregate_pub,2021,2.363
deu,sex_m,age_ythadult_yge15,eco_aggregate_total,2020,1.404
deu,sex_m,age_ythadult_yge15,eco_aggregate_total,2021,1.468
deu,sex_m,age_ythadult_yge15,eco_aggregate_x,2021,14.557
deu,sex_m,age_ythadult_yge15,eco_isic4_a,2020,3.761
deu,sex_m,age_ythadult_yge15,eco_isic4_a,2021,4.987
deu,sex_m,age_ythadult_yge15,eco_isic4_c,2020,0.767
deu,sex_m,age_ythadult_yge15,eco_isic4_c,2021,0.733
deu,sex_m,age_ythadult_yge15,eco_isic4_f,2020,0.931
deu,sex_m,age_ythadult_yge15,eco_isic4_f,2021,0.655
deu,sex_m,age_ythadult_yge15,eco_isic4_g,2020,1.561
deu,sex_m,age_ythadult_yge15,eco_isic4_g,2021,1.057
deu,sex_m,age_ythadult_yge15,eco_isic4_h,2020,1.748
deu,sex_m,age_ythadult_yge15,eco_isic4_h,2021,0.603
deu,sex_m,age_ythadult_yge15,eco_isic4_i,2021,1.912
deu,sex_m,age_ythadult_yge15,eco_isic4_l,2020,0.736
deu,sex_m,age_ythadult_yge15,eco_isic4_l,2021,1.33
deu,sex_m,age_ythadult_yge15,eco_isic4_p,2020,1.938
deu,sex_m,age_ythadult_yge15,eco_isic4_q,2020,2.616
deu,sex_m,age_ythadult_yge15,eco_isic4_q,2021,0.915
deu,sex_m,age_ythadult_yge15,eco_isic4_s,2020,8.366
deu,sex_m,age_ythadult_yge15,eco_isic4_s,2021,9.918
deu,sex_m,age_ythadult_yge15,eco_isic4_total,2020,1.404
deu,sex_m,age_ythadult_yge15,eco_isic4_total,2021,1.468
deu,sex_m,age_ythadult_yge15,eco_isic4_x,2021,14.557
deu,sex_m,age_ythadult_yge15,eco_sector_agr,2020,3.761
deu,sex_m,age_ythadult_yge15,eco_sector_agr,2021,4.987
deu,sex_m,age_ythadult_yge15,eco_sector_ind,2020,0.803
deu,sex_m,age_ythadult_yge15,eco_sector_ind,2021,0.714
deu,sex_m,age_ythadult_yge15,eco_sector_ser,2020,1.768
deu,sex_m,age_ythadult_yge15,eco_sector_ser,2021,1.449
deu,sex_m,age_ythadult_yge15,eco_sector_total,2020,1.404
deu,sex_m,age_ythadult_yge15,eco_sector_total,2021,1.468
deu,sex_m,age_ythadult_yge15,eco_sector_x,2021,14.557
deu,sex_m,age_ythadult_yge25,eco_aggregate_agr,2020,3.427
deu,sex_m,age_ythadult_yge25,eco_aggregate_agr,2021,5.279
deu,sex_m,age_ythadult_yge25,eco_aggregate_con,2021,0.49
deu,sex_m,age_ythadult_yge25,eco_aggregate_man,2020,0.532
deu,sex_m,age_ythadult_yge25,eco_aggregate_man,2021,0.621
deu,sex_m,age_ythadult_yge25,eco_aggregate_mkt,2020,0.56
deu,sex_m,age_ythadult_yge25,eco_aggregate_mkt,2021,0.847
deu,sex_m,age_ythadult_yge25,eco_aggregate_pub,2020,1.927
deu,sex_m,age_ythadult_yge25,eco_aggregate_pub,2021,2.204
deu,sex_m,age_ythadult_yge25,eco_aggregate_total,2020,0.897
deu,sex_m,age_ythadult_yge25,eco_aggregate_total,2021,1.321
deu,sex_m,age_ythadult_yge25,eco_aggregate_x,2021,12.575
deu,sex_m,age_ythadult_yge25,eco_isic4_a,2020,3.427
deu,sex_m,age_ythadult_yge25,eco_isic4_a,2021,5.279
deu,sex_m,age_ythadult_yge25,eco_isic4_c,2020,0.532
deu,sex_m,age_ythadult_yge25,eco_isic4_c,2021,0.621
deu,sex_m,age_ythadult_yge25,eco_isic4_f,2021,0.49
deu,sex_m,age_ythadult_yge25,eco_isic4_g,2020,0.948
deu,sex_m,age_ythadult_yge25,eco_isic4_g,2021,0.991
deu,sex_m,age_ythadult_yge25,eco_isic4_i,2021,2.139
deu,sex_m,age_ythadult_yge25,eco_isic4_l,2021,1.201
deu,sex_m,age_ythadult_yge25,eco_isic4_s,2020,7.601
deu,sex_m,age_ythadult_yge25,eco_isic4_s,2021,9.682
deu,sex_m,age_ythadult_yge25,eco_isic4_total,2020,0.897
deu,sex_m,age_ythadult_yge25,eco_isic4_total,2021,1.321
deu,sex_m,age_ythadult_yge25,eco_isic4_x,2021,12.575
deu,sex_m,age_ythadult_yge25,eco_sector_agr,2020,3.427
deu,sex_m,age_ythadult_yge25,eco_sector_agr,2021,5.279
deu,sex_m,age_ythadult_yge25,eco_sector_ind,2020,0.568
deu,sex_m,age_ythadult_yge25,eco_sector_ind,2021,0.588
deu,sex_m,age_ythadult_yge25,eco_sector_ser,2020,1.054
deu,sex_m,age_ythadult_yge25,eco_sector_ser,2021,1.33
deu,sex_m,age_ythadult_yge25,eco_sector_total,2020,0.897
deu,sex_m,age_ythadult_yge25,eco_sector_total,2021,1.321
deu,sex_m,age_ythadult_yge25,eco_sector_x,2021,12.575
deu,sex_t,age_10yrbands_total,eco_aggregate_agr,2020,5.412
deu,sex_t,age_10yrbands_total,eco_aggregate_agr,2021,8.549
deu,sex_t,age_10yrbands_total,eco_aggregate_con,2020,0.867
deu,sex_t,age_10yrbands_total,eco_aggregate_con,2021,0.561
deu,sex_t,age_10yrbands_total,eco_aggregate_man,2020,1.063
deu,sex_t,age_10yrbands_total,eco_aggregate_man,2021,0.643
deu,sex_t,age_10yrbands_total,eco_aggregate_mkt,2020,1.185
deu,sex_t,age_10yrbands_total,eco_aggregate_mkt,2021,0.885
deu,sex_t,age_10yrbands_total,eco_aggregate_pub,2020,4.711
deu,sex_t,age_10yrbands_total,eco_aggregate_pub,2021,4.879
deu,sex_t,age_10yrbands_total,eco_aggregate_total,2020,2.373
deu,sex_t,age_10yrbands_total,eco_aggregate_total,2021,2.559
deu,sex_t,age_10yrbands_total,eco_aggregate_x,2021,17.994
deu,sex_t,age_10yrbands_total,eco_sector_agr,2020,5.412
deu,sex_t,age_10yrbands_total,eco_sector_agr,2021,8.549
deu,sex_t,age_10yrbands_total,eco_sector_ind,2020,1.024
deu,sex_t,age_10yrbands_total,eco_sector_ind,2021,0.625
deu,sex_t,age_10yrbands_total,eco_sector_ser,2020,2.874
deu,sex_t,age_10yrbands_total,eco_sector_ser,2021,2.782
deu,sex_t,age_10yrbands_total,eco_sector_total,2020,2.373
deu,sex_t,age_10yrbands_total,eco_sector_total,2021,2.559
deu,sex_t,age_10yrbands_total,eco_sector_x,2021,17.994
deu,sex_t,age_10yrbands_y15_24,eco_aggregate_man,2020,5.898
deu,sex_t,age_10yrbands_y15_24,eco_aggregate_man,2021,1.767
deu,sex_t,age_10yrbands_y15_24,eco_aggregate_mkt,2020,6.475
deu,sex_t,age_10yrbands_y15_24,eco_aggregate_mkt,2021,1.914
deu,sex_t,age_10yrbands_y15_24,eco_aggregate_pub,2020,7.88
deu,sex_t,age_10yrbands_y15_24,eco_aggregate_pub,2021,6.914
deu,sex_t,age_10yrbands_y15_24,eco_aggregate_total,2020,6.558
deu,sex_t,age_10yrbands_y15_24,eco_aggregate_total,2021,4.145
deu,sex_t,age_10yrbands_y15_24,eco_aggregate_x,2021,26.313
deu,sex_t,age_10yrbands_y15_24,eco_sector_ind,2020,5.381
deu,sex_t,age_10yrbands_y15_24,eco_sector_ind,2021,1.772
deu,sex_t,age_10yrbands_y15_24,eco_sector_ser,2020,7.2
deu,sex_t,age_10yrbands_y15_24,eco_sector_ser,2021,4.324
deu,sex_t,age_10yrbands_y15_24,eco_sector_total,2020,6.558
deu,sex_t,age_10yrbands_y15_24,eco_sector_total,2021,4.145
deu,sex_t,age_10yrbands_y15_24,eco_sector_x,2021,26.313
deu,sex_t,age_10yrbands_y25_34,eco_aggregate_man,2020,1.755
deu,sex_t,age_10yrbands_y25_34,eco_aggregate_mkt,2020,1.074
deu,sex_t,age_10yrbands_y25_34,eco_aggregate_mkt,2021,0.4
deu,sex_t,age_10yrbands_y25_34,eco_aggregate_pub,2020,4.08
deu,sex_t,age_10yrbands_y25_34,eco_aggregate_pub,2021,4.243
deu,sex_t,age_10yrbands_y25_34,eco_aggregate_total,2020,2.264
deu,sex_t,age_10yrbands_y25_34,eco_aggregate_total,2021,1.814
deu,sex_t,age_10yrbands_y25_34,eco_aggregate_x,2021,7.504
deu,sex_t,age_10yrbands_y25_34,eco_sector_ind,2020,1.762
deu,sex_t,age_10yrbands_y25_34,eco_sector_ser,2020,2.49
deu,sex_t,age_10yrbands_y25_34,eco_sector_ser,2021,2.194
deu,sex_t,age_10yrbands_y25_34,eco_sector_total,2020,2.264
deu,sex_t,age_10yrbands_y25_34,eco_sector_total,2021,1.814
deu,sex_t,age_10yrbands_y25_34,eco_sector_x,2021,7.504
deu,sex_t,age_10yrbands_y35_44,eco_aggregate_man,2021,0.612
deu,sex_t,age_10yrbands_y35_44,eco_aggregate_mkt,2020,0.883
deu,sex_t,age_10yrbands_y35_44,eco_aggregate_mkt,2021,0.491
deu,sex_t,age_10yrbands_y35_44,eco_aggregate_pub,2020,5.175
deu,sex_t,age_10yrbands_y35_44,eco_aggregate_pub,2021,4.939
deu,sex_t,age_10yrbands_y35_44,eco_aggregate_total,2020,2.223
deu,sex_t,age_10yrbands_y35_44,eco_aggregate_total,2021,2.139
deu,sex_t,age_10yrbands_y35_44,eco_aggregate_x,2021,10.235
deu,sex_t,age_10yrbands_y35_44,eco_sector_ind,2021,0.626
deu,sex_t,age_10yrbands_y35_44,eco_sector_ser,2020,2.892
deu,sex_t,age_10yrbands_y35_44,eco_sector_ser,2021,2.521
deu,sex_t,age_10yrbands_y35_44,eco_sector_total,2020,2.223
deu,sex_t,age_10yrbands_y35_44,eco_sector_total,2021,2.139
deu,sex_t,age_10yrbands_y35_44,eco_sector_x,2021,10.235
deu,sex_t,age_10yrbands_y45_54,eco_aggregate_man,2021,0.458
deu,sex_t,age_10yrbands_y45_54,eco_aggregate_mkt,2020,0.488
deu,sex_t,age_10yrbands_y45_54,eco_aggregate_mkt,2021,0.944
deu,sex_t,age_10yrbands_y45_54,eco_aggregate_pub,2020,3.708
deu,sex_t,age_10yrbands_y45_54,eco_aggregate_pub,2021,4.439
deu,sex_t,age_10yrbands_y45_54,eco_aggregate_total,2020,1.452
deu,sex_t,age_10yrbands_y45_54,eco_aggregate_total,2021,2.158
deu,sex_t,age_10yrbands_y45_54,eco_aggregate_x,2021,13.846
deu,sex_t,age_10yrbands_y45_54,eco_sector_ind,2021,0.488
deu,sex_t,age_10yrbands_y45_54,eco_sector_ser,2020,1.991
deu,sex_t,age_10yrbands_y45_54,eco_sector_ser,2021,2.59
deu,sex_t,age_10yrbands_y45_54,eco_sector_total,2020,1.452
deu,sex_t,age_10yrbands_y45_54,eco_sector_total,2021,2.158
deu,sex_t,age_10yrbands_y45_54,eco_sector_x,2021,13.846
deu,sex_t,age_10yrbands_y55_64,eco_aggregate_agr,2020,7.353
deu,sex_t,age_10yrbands_y55_64,eco_aggregate_agr,2021,12.191
deu,sex_t,age_10yrbands_y55_64,eco_aggregate_man,2021,0.404
deu,sex_t,age_10yrbands_y55_64,eco_aggregate_mkt,2020,0.52
deu,sex_t,age_10yrbands_y55_64,eco_aggregate_mkt,2021,1.26
deu,sex_t,age_10yrbands_y55_64,eco_aggregate_pub,2020,4.718
deu,sex_t,age_10yrbands_y55_64,eco_aggregate_pub,2021,4.816
deu,sex_t,age_10yrbands_y55_64,eco_aggregate_total,2020,2.024
deu,sex_t,age_10yrbands_y55_64,eco_aggregate_total,2021,2.673
deu,sex_t,age_10yrbands_y55_64,eco_aggregate_x,2021,14.224
deu,sex_t,age_10yrbands_y55_64,eco_sector_agr,2020,7.353
deu,sex_t,age_10yrbands_y55_64,eco_sector_agr,2021,12.191
deu,sex_t,age_10yrbands_y55_64,eco_sector_ind,2021,0.36
deu,sex_t,age_10yrbands_y55_64,eco_sector_ser,2020,2.623
deu,sex_t,age_10yrbands_y55_64,eco_sector_ser,2021,3.067
deu,sex_t,age_10yrbands_y55_64,eco_sector_total,2020,2.024
deu,sex_t,age_10yrbands_y55_64,eco_sector_total,2021,2.673
deu,sex_t,age_10yrbands_y55_64,eco_sector_x,2021,14.224
deu,sex_t,age_10yrbands_yge65,eco_aggregate_agr,2021,49.387
deu,sex_t,age_10yrbands_yge65,eco_aggregate_pub,2020,4.423
deu,sex_t,age_10yrbands_yge65,eco_aggregate_pub,2021,10.327
deu,sex_t,age_10yrbands_yge65,eco_aggregate_total,2020,2.144
deu,sex_t,age_10yrbands_yge65,eco_aggregate_total,2021,13.243
deu,sex_t,age_10yrbands_yge65,eco_aggregate_x,2021,57.956
deu,sex_t,age_10yrbands_yge65,eco_sector_agr,2021,49.387
deu,sex_t,age_10yrbands_yge65,eco_sector_ind,2021,3.734
deu,sex_t,age_10yrbands_yge65,eco_sector_ser,2020,2.354
deu,sex_t,age_10yrbands_yge65,eco_sector_ser,2021,5.072
deu,sex_t,age_10yrbands_yge65,eco_sector_total,2020,2.144
deu,sex_t,age_10yrbands_yge65,eco_sector_total,2021,13.243
deu,sex_t,age_10yrbands_yge65,eco_sector_x,2021,57.956
deu,sex_t,age_aggregate_total,eco_aggregate_agr,2020,5.412
deu,sex_t,age_aggregate_total,eco_aggregate_agr,2021,8.549
deu,sex_t,age_aggregate_total,eco_aggregate_con,2020,0.867
deu,sex_t,age_aggregate_total,eco_aggregate_con,2021,0.561
deu,sex_t,age_aggregate_total,eco_aggregate_man,2020,1.063
deu,sex_t,age_aggregate_total,eco_aggregate_man,2021,0.643
deu,sex_t,age_aggregate_total,eco_aggregate_mkt,2020,1.185
deu,sex_t,age_aggregate_total,eco_aggregate_mkt,2021,0.885
deu,sex_t,age_aggregate_total,eco_aggregate_pub,2020,4.711
deu,sex_t,age_aggregate_total,eco_aggregate_pub,2021,4.879
deu,sex_t,age_aggregate_total,eco_aggregate_total,2020,2.373
deu,sex_t,age_aggregate_total,eco_aggregate_total,2021,2.559
deu,sex_t,age_aggregate_total,eco_aggregate_x,2021,17.994
deu,sex_t,age_aggregate_total,eco_isic4_a,2020,5.412
deu,sex_t,age_aggregate_total,eco_isic4_a,2021,8.549
deu,sex_t,age_aggregate_total,eco_isic4_c,2020,1.063
deu,sex_t,age_aggregate_total,eco_isic4_c,2021,0.643
deu,sex_t,age_aggregate_total,eco_isic4_f,2020,0.867
deu,sex_t,age_aggregate_total,eco_isic4_f,2021,0.561
deu,sex_t,age_aggregate_total,eco_isic4_g,2020,1.362
deu,sex_t,age_aggregate_total,eco_isic4_g,2021,0.9
deu,sex_t,age_aggregate_total,eco_isic4_h,2020,1.452
deu,sex_t,age_aggregate_total,eco_isic4_h,2021,0.553
deu,sex_t,age_aggregate_total,eco_isic4_i,2020,1.358
deu,sex_t,age_aggregate_total,eco_isic4_i,2021,1.997
deu,sex_t,age_aggregate_total,eco_isic4_l,2020,1.293
deu,sex_t,age_aggregate_total,eco_isic4_l,2021,1.169
deu,sex_t,age_aggregate_total,eco_isic4_p,2020,1.398
deu,sex_t,age_aggregate_total,eco_isic4_p,2021,1.017
deu,sex_t,age_aggregate_total,eco_isic4_q,2020,1.268
deu,sex_t,age_aggregate_total,eco_isic4_q,2021,0.717
deu,sex_t,age_aggregate_total,eco_isic4_s,2020,24.371
deu,sex_t,age_aggregate_total,eco_isic4_s,2021,28.168
deu,sex_t,age_aggregate_total,eco_isic4_total,2020,2.373
deu,sex_t,age_aggregate_total,eco_isic4_total,2021,2.559
deu,sex_t,age_aggregate_total,eco_isic4_x,2021,17.994
deu,sex_t,age_aggregate_total,eco_sector_agr,2020,5.412
deu,sex_t,age_aggregate_total,eco_sector_agr,2021,8.549
deu,sex_t,age_aggregate_total,eco_sector_ind,2020,1.024
deu,sex_t,age_aggregate_total,eco_sector_ind,2021,0.625
deu,sex_t,age_aggregate_total,eco_sector_ser,2020,2.874
deu,sex_t,age_aggregate_total,eco_sector_ser,2021,2.782
deu,sex_t,age_aggregate_total,eco_sector_total,2020,2.373
deu,sex_t,age_aggregate_total,eco_sector_total,2021,2.559
deu,sex_t,age_aggregate_total,eco_sector_x,2021,17.994
deu,sex_t,age_aggregate_y15_24,eco_aggregate_man,2020,5.898
deu,sex_t,age_aggregate_y15_24,eco_aggregate_man,2021,1.767
deu,sex_t,age_aggregate_y15_24,eco_aggregate_mkt,2020,6.475
deu,sex_t,age_aggregate_y15_24,eco_aggregate_mkt,2021,1.914
deu,sex_t,age_aggregate_y15_24,eco_aggregate_pub,2020,7.88
deu,sex_t,age_aggregate_y15_24,eco_aggregate_pub,2021,6.914
deu,sex_t,age_aggregate_y15_24,eco_aggregate_total,2020,6.558
deu,sex_t,age_aggregate_y15_24,eco_aggregate_total,2021,4.145
deu,sex_t,age_aggregate_y15_24,eco_aggregate_x,2021,26.313
deu,sex_t,age_aggregate_y15_24,eco_isic4_c,2020,5.898
deu,sex_t,age_aggregate_y15_24,eco_isic4_c,2021,1.767
deu,sex_t,age_aggregate_y15_24,eco_isic4_g,2020,6.248
deu,sex_t,age_aggregate_y15_24,eco_isic4_g,2021,1.58
deu,sex_t,age_aggregate_y15_24,eco_isic4_h,2020,13.113
deu,sex_t,age_aggregate_y15_24,eco_isic4_l,2020,3.659
deu,sex_t,age_aggregate_y15_24,eco_isic4_p,2020,7.324
deu,sex_t,age_aggregate_y15_24,eco_isic4_q,2020,7.439
deu,sex_t,age_aggregate_y15_24,eco_isic4_q,2021,3.674
deu,sex_t,age_aggregate_y15_24,eco_isic4_s,2020,23.341
deu,sex_t,age_aggregate_y15_24,eco_isic4_s,2021,31.537
deu,sex_t,age_aggregate_y15_24,eco_isic4_total,2020,6.558
deu,sex_t,age_aggregate_y15_24,eco_isic4_total,2021,4.145
deu,sex_t,age_aggregate_y15_24,eco_isic4_x,2021,26.313
deu,sex_t,age_aggregate_y15_24,eco_sector_ind,2020,5.381
deu,sex_t,age_aggregate_y15_24,eco_sector_ind,2021,1.772
deu,sex_t,age_aggregate_y15_24,eco_sector_ser,2020,7.2
deu,sex_t,age_aggregate_y15_24,eco_sector_ser,2021,4.324
deu,sex_t,age_aggregate_y15_24,eco_sector_total,2020,6.558
deu,sex_t,age_aggregate_y15_24,eco_sector_total,2021,4.145
deu,sex_t,age_aggregate_y15_24,eco_sector_x,2021,26.313
deu,sex_t,age_aggregate_y25_54,eco_aggregate_agr,2021,3.825
deu,sex_t,age_aggregate_y25_54,eco_aggregate_con,2021,0.452
deu,sex_t,age_aggregate_y25_54,eco_aggregate_man,2020,0.71
deu,sex_t,age_aggregate_y25_54,eco_aggregate_man,2021,0.505
deu,sex_t,age_aggregate_y25_54,eco_aggregate_mkt,2020,0.787
deu,sex_t,age_aggregate_y25_54,eco_aggregate_mkt,2021,0.635
deu,sex_t,age_aggregate_y25_54,eco_aggregate_pub,2020,4.279
deu,sex_t,age_aggregate_y25_54,eco_aggregate_pub,2021,4.538
deu,sex_t,age_aggregate_y25_54,eco_aggregate_total,2020,1.941
deu,sex_t,age_aggregate_y25_54,eco_aggregate_total,2021,2.049
deu,sex_t,age_aggregate_y25_54,eco_aggregate_x,2021,10.25
deu,sex_t,age_aggregate_y25_54,eco_isic4_a,2021,3.825
deu,sex_t,age_aggregate_y25_54,eco_isic4_c,2020,0.71
deu,sex_t,age_aggregate_y25_54,eco_isic4_c,2021,0.505
deu,sex_t,age_aggregate_y25_54,eco_isic4_f,2021,0.452
deu,sex_t,age_aggregate_y25_54,eco_isic4_g,2020,0.84
deu,sex_t,age_aggregate_y25_54,eco_isic4_g,2021,0.529
deu,sex_t,age_aggregate_y25_54,eco_isic4_i,2021,1.159
deu,sex_t,age_aggregate_y25_54,eco_isic4_l,2020,1.393
deu,sex_t,age_aggregate_y25_54,eco_isic4_l,2021,1.081
deu,sex_t,age_aggregate_y25_54,eco_isic4_p,2020,1.043
deu,sex_t,age_aggregate_y25_54,eco_isic4_p,2021,0.883
deu,sex_t,age_aggregate_y25_54,eco_isic4_q,2020,0.453
deu,sex_t,age_aggregate_y25_54,eco_isic4_q,2021,0.326
deu,sex_t,age_aggregate_y25_54,eco_isic4_s,2020,24.389
deu,sex_t,age_aggregate_y25_54,eco_isic4_s,2021,27.626
deu,sex_t,age_aggregate_y25_54,eco_isic4_total,2020,1.941
deu,sex_t,age_aggregate_y25_54,eco_isic4_total,2021,2.049
deu,sex_t,age_aggregate_y25_54,eco_isic4_x,2021,10.25
deu,sex_t,age_aggregate_y25_54,eco_sector_agr,2021,3.825
deu,sex_t,age_aggregate_y25_54,eco_sector_ind,2020,0.69
deu,sex_t,age_aggregate_y25_54,eco_sector_ind,2021,0.494
deu,sex_t,age_aggregate_y25_54,eco_sector_ser,2020,2.422
deu,sex_t,age_aggregate_y25_54,eco_sector_ser,2021,2.45
deu,sex_t,age_aggregate_y25_54,eco_sector_total,2020,1.941
deu,sex_t,age_aggregate_y25_54,eco_sector_total,2021,2.049
deu,sex_t,age_aggregate_y25_54,eco_sector_x,2021,10.25
deu,sex_t,age_aggregate_y55_64,eco_aggregate_agr,2020,7.353
deu,sex_t,age_aggregate_y55_64,eco_aggregate_agr,2021,12.191
deu,sex_t,age_aggregate_y55_64,eco_aggregate_man,2021,0.404
deu,sex_t,age_aggregate_y55_64,eco_aggregate_mkt,2020,0.52
deu,sex_t,age_aggregate_y55_64,eco_aggregate_mkt,2021,1.26
deu,sex_t,age_aggregate_y55_64,eco_aggregate_pub,2020,4.718
deu,sex_t,age_aggregate_y55_64,eco_aggregate_pub,2021,4.816
deu,sex_t,age_aggregate_y55_64,eco_aggregate_total,2020,2.024
deu,sex_t,age_aggregate_y55_64,eco_aggregate_total,2021,2.673
deu,sex_t,age_aggregate_y55_64,eco_aggregate_x,2021,14.224
deu,sex_t,age_aggregate_y55_64,eco_isic4_a,2020,7.353
deu,sex_t,age_aggregate_y55_64,eco_isic4_a,2021,12.191
deu,sex_t,age_aggregate_y55_64,eco_isic4_c,2021,0.404
deu,sex_t,age_aggregate_y55_64,eco_isic4_g,2020,1.043
deu,sex_t,age_aggregate_y55_64,eco_isic4_g,2021,1.727
deu,sex_t,age_aggregate_y55_64,eco_isic4_l,2021,1.288
deu,sex_t,age_aggregate_y55_64,eco_isic4_s,2020,25.687
deu,sex_t,age_aggregate_y55_64,eco_isic4_s,2021,27.77
deu,sex_t,age_aggregate_y55_64,eco_isic4_total,2020,2.024
deu,sex_t,age_aggregate_y55_64,eco_isic4_total,2021,2.673
deu,sex_t,age_aggregate_y55_64,eco_isic4_x,2021,14.224
deu,sex_t,age_aggregate_y55_64,eco_sector_agr,2020,7.353
deu,sex_t,age_aggregate_y55_64,eco_sector_agr,2021,12.191
deu,sex_t,age_aggregate_y55_64,eco_sector_ind,2021,0.36
deu,sex_t,age_aggregate_y55_64,eco_sector_ser,2020,2.623
deu,sex_t,age_aggregate_y55_64,eco_sector_ser,2021,3.067
deu,sex_t,age_aggregate_y55_64,eco_sector_total,2020,2.024
deu,sex_t,age_aggregate_y55_64,eco_sector_total,2021,2.673
deu,sex_t,age_aggregate_y55_64,eco_sector_x,2021,14.224
deu,sex_t,age_aggregate_yge65,eco_aggregate_agr,2021,49.387
deu,sex_t,age_aggregate_yge65,eco_aggregate_pub,2020,4.423
deu,sex_t,age_aggregate_yge65,eco_aggregate_pub,2021,10.327
deu,sex_t,age_aggregate_yge65,eco_aggregate_total,2020,2.144
deu,sex_t,age_aggregate_yge65,eco_aggregate_total,2021,13.243
deu,sex_t,age_aggregate_yge65,eco_aggregate_x,2021,57.956
deu,sex_t,age_aggregate_yge65,eco_isic4_a,2021,49.387
deu,sex_t,age_aggregate_yge65,eco_isic4_s,2020,16.145
deu,sex_t,age_aggregate_yge65,eco_isic4_s,2021,36.439
deu,sex_t,age_aggregate_yge65,eco_isic4_total,2020,2.144
deu,sex_t,age_aggregate_yge65,eco_isic4_total,2021,13.243
deu,sex_t,age_aggregate_yge65,eco_isic4_x,2021,57.956
deu,sex_t,age_aggregate_yge65,eco_sector_agr,2021,49.387
deu,sex_t,age_aggregate_yge65,eco_sector_ind,2021,3.734
deu,sex_t,age_aggregate_yge65,eco_sector_ser,2020,2.354
deu,sex_t,age_aggregate_yge65,eco_sector_ser,2021,5.072
deu,sex_t,age_aggregate_yge65,eco_sector_total,2020,2.144
deu,sex_t,age_aggregate_yge65,eco_sector_total,2021,13.243
deu,sex_t,age_aggregate_yge65,eco_sector_x,2021,57.956
deu,sex_t,age_ythadult_y15_24,eco_aggregate_man,2020,5.898
deu,sex_t,age_ythadult_y15_24,eco_aggregate_man,2021,1.767
deu,sex_t,age_ythadult_y15_24,eco_aggregate_mkt,2020,6.475
deu,sex_t,age_ythadult_y15_24,eco_aggregate_mkt,2021,1.914
deu,sex_t,age_ythadult_y15_24,eco_aggregate_pub,2020,7.88
deu,sex_t,age_ythadult_y15_24,eco_aggregate_pub,2021,6.914
deu,sex_t,age_ythadult_y15_24,eco_aggregate_total,2020,6.558
deu,sex_t,age_ythadult_y15_24,eco_aggregate_total,2021,4.145
deu,sex_t,age_ythadult_y15_24,eco_aggregate_x,2021,26.313
deu,sex_t,age_ythadult_y15_24,eco_isic4_c,2020,5.898
deu,sex_t,age_ythadult_y15_24,eco_isic4_c,2021,1.767
deu,sex_t,age_ythadult_y15_24,eco_isic4_g,2020,6.248
deu,sex_t,age_ythadult_y15_24,eco_isic4_g,2021,1.58
deu,sex_t,age_ythadult_y15_24,eco_isic4_h,2020,13.113
deu,sex_t,age_ythadult_y15_24,eco_isic4_l,2020,3.659
deu,sex_t,age_ythadult_y15_24,eco_isic4_p,2020,7.324
deu,sex_t,age_ythadult_y15_24,eco_isic4_q,2020,7.439
deu,sex_t,age_ythadult_y15_24,eco_isic4_q,2021,3.674
deu,sex_t,age_ythadult_y15_24,eco_isic4_s,2020,23.341
deu,sex_t,age_ythadult_y15_24,eco_isic4_s,2021,31.537
deu,sex_t,age_ythadult_y15_24,eco_isic4_total,2020,6.558
deu,sex_t,age_ythadult_y15_24,eco_isic4_total,2021,4.145
deu,sex_t,age_ythadult_y15_24,eco_isic4_x,2021,26.313
deu,sex_t,age_ythadult_y15_24,eco_sector_ind,2020,5.381
deu,sex_t,age_ythadult_y15_24,eco_sector_ind,2021,1.772
deu,sex_t,age_ythadult_y15_24,eco_sector_ser,2020,7.2
deu,sex_t,age_ythadult_y15_24,eco_sector_ser,2021,4.324
deu,sex_t,age_ythadult_y15_24,eco_sector_total,2020,6.558
deu,sex_t,age_ythadult_y15_24,eco_sector_total,2021,4.145
deu,sex_t,age_ythadult_y15_24,eco_sector_x,2021,26.313
deu,sex_t,age_ythadult_yge15,eco_aggregate_agr,2020,5.412
deu,sex_t,age_ythadult_yge15,eco_aggregate_agr,2021,8.549
deu,sex_t,age_ythadult_yge15,eco_aggregate_con,2020,0.867
deu,sex_t,age_ythadult_yge15,eco_aggregate_con,2021,0.561
deu,sex_t,age_ythadult_yge15,eco_aggregate_man,2020,1.063
deu,sex_t,age_ythadult_yge15,eco_aggregate_man,2021,0.643
deu,sex_t,age_ythadult_yge15,eco_aggregate_mkt,2020,1.185
deu,sex_t,age_ythadult_yge15,eco_aggregate_mkt,2021,0.885
deu,sex_t,age_ythadult_yge15,eco_aggregate_pub,2020,4.711
deu,sex_t,age_ythadult_yge15,eco_aggregate_pub,2021,4.879
deu,sex_t,age_ythadult_yge15,eco_aggregate_total,2020,2.373
deu,sex_t,age_ythadult_yge15,eco_aggregate_total,2021,2.559
deu,sex_t,age_ythadult_yge15,eco_aggregate_x,2021,17.994
deu,sex_t,age_ythadult_yge15,eco_isic4_a,2020,5.412
deu,sex_t,age_ythadult_yge15,eco_isic4_a,2021,8.549
deu,sex_t,age_ythadult_yge15,eco_isic4_c,2020,1.063
deu,sex_t,age_ythadult_yge15,eco_isic4_c,2021,0.643
deu,sex_t,age_ythadult_yge15,eco_isic4_f,2020,0.867
deu,sex_t,age_ythadult_yge15,eco_isic4_f,2021,0.561
deu,sex_t,age_ythadult_yge15,eco_isic4_g,2020,1.362
deu,sex_t,age_ythadult_yge15,eco_isic4_g,2021,0.9
deu,sex_t,age_ythadult_yge15,eco_isic4_h,2020,1.452
deu,sex_t,age_ythadult_yge15,eco_isic4_h,2021,0.553
deu,sex_t,age_ythadult_yge15,eco_isic4_i,2020,1.358
deu,sex_t,age_ythadult_yge15,eco_isic4_i,2021,1.997
deu,sex_t,age_ythadult_yge15,eco_isic4_l,2020,1.293
deu,sex_t,age_ythadult_yge15,eco_isic4_l,2021,1.169
deu,sex_t,age_ythadult_yge15,eco_isic4_p,2020,1.398
deu,sex_t,age_ythadult_yge15,eco_isic4_p,2021,1.017
deu,sex_t,age_ythadult_yge15,eco_isic4_q,2020,1.268
deu,sex_t,age_ythadult_yge15,eco_isic4_q,2021,0.717
deu,sex_t,age_ythadult_yge15,eco_isic4_s,2020,24.371
deu,sex_t,age_ythadult_yge15,eco_isic4_s,2021,28.168
deu,sex_t,age_ythadult_yge15,eco_isic4_total,2020,2.373
deu,sex_t,age_ythadult_yge15,eco_isic4_total,2021,2.559
deu,sex_t,age_ythadult_yge15,eco_isic4_x,2021,17.994
deu,sex_t,age_ythadult_yge15,eco_sector_agr,2020,5.412
deu,sex_t,age_ythadult_yge15,eco_sector_agr,2021,8.549
deu,sex_t,age_ythadult_yge15,eco_sector_ind,2020,1.024
deu,sex_t,age_ythadult_yge15,eco_sector_ind,2021,0.625
deu,sex_t,age_ythadult_yge15,eco_sector_ser,2020,2.874
deu,sex_t,age_ythadult_yge15,eco_sector_ser,2021,2.782
deu,sex_t,age_ythadult_yge15,eco_sector_total,2020,2.373
deu,sex_t,age_ythadult_yge15,eco_sector_total,2021,2.559
deu,sex_t,age_ythadult_yge15,eco_sector_x,2021,17.994
deu,sex_t,age_ythadult_yge25,eco_aggregate_agr,2020,5.395
deu,sex_t,age_ythadult_yge25,eco_aggregate_agr,2021,9.095
deu,sex_t,age_ythadult_yge25,eco_aggregate_con,2021,0.421
deu,sex_t,age_ythadult_yge25,eco_aggregate_man,2020,0.54
deu,sex_t,age_ythadult_yge25,eco_aggregate_man,2021,0.53
deu,sex_t,age_ythadult_yge25,eco_aggregate_mkt,2020,0.726
deu,sex_t,age_ythadult_yge25,eco_aggregate_mkt,2021,0.794
deu,sex_t,age_ythadult_yge25,eco_aggregate_pub,2020,4.387
deu,sex_t,age_ythadult_yge25,eco_aggregate_pub,2021,4.694
deu,sex_t,age_ythadult_yge25,eco_aggregate_total,2020,1.963
deu,sex_t,age_ythadult_yge25,eco_aggregate_total,2021,2.41
deu,sex_t,age_ythadult_yge25,eco_aggregate_x,2021,16.851
deu,sex_t,age_ythadult_yge25,eco_isic4_a,2020,5.395
deu,sex_t,age_ythadult_yge25,eco_isic4_a,2021,9.095
deu,sex_t,age_ythadult_yge25,eco_isic4_c,2020,0.54
deu,sex_t,age_ythadult_yge25,eco_isic4_c,2021,0.53
deu,sex_t,age_ythadult_yge25,eco_isic4_f,2021,0.421
deu,sex_t,age_ythadult_yge25,eco_isic4_g,2020,0.868
deu,sex_t,age_ythadult_yge25,eco_isic4_g,2021,0.819
deu,sex_t,age_ythadult_yge25,eco_isic4_i,2021,1.927
deu,sex_t,age_ythadult_yge25,eco_isic4_l,2020,1.121
deu,sex_t,age_ythadult_yge25,eco_isic4_l,2021,1.118
deu,sex_t,age_ythadult_yge25,eco_isic4_p,2020,0.812
deu,sex_t,age_ythadult_yge25,eco_isic4_p,2021,0.816
deu,sex_t,age_ythadult_yge25,eco_isic4_q,2020,0.537
deu,sex_t,age_ythadult_yge25,eco_isic4_q,2021,0.391
deu,sex_t,age_ythadult_yge25,eco_isic4_s,2020,24.459
deu,sex_t,age_ythadult_yge25,eco_isic4_s,2021,27.885
deu,sex_t,age_ythadult_yge25,eco_isic4_total,2020,1.963
deu,sex_t,age_ythadult_yge25,eco_isic4_total,2021,2.41
deu,sex_t,age_ythadult_yge25,eco_isic4_x,2021,16.851
deu,sex_t,age_ythadult_yge25,eco_sector_agr,2020,5.395
deu,sex_t,age_ythadult_yge25,eco_sector_agr,2021,9.095
deu,sex_t,age_ythadult_yge25,eco_sector_ind,2020,0.551
deu,sex_t,age_ythadult_yge25,eco_sector_ind,2021,0.506
deu,sex_t,age_ythadult_yge25,eco_sector_ser,2020,2.467
deu,sex_t,age_ythadult_yge25,eco_sector_ser,2021,2.644
deu,sex_t,age_ythadult_yge25,eco_sector_total,2020,1.963
deu,sex_t,age_ythadult_yge25,eco_sector_total,2021,2.41
deu,sex_t,age_ythadult_yge25,eco_sector_x,2021,16.851
