ref_area,sex,classif1,classif2,time,emp_2emp_sex_geo_ocu_nb
x84,sex_f,geo_cov_nat,ocu_details_1,2010,4258.412
x84,sex_f,geo_cov_nat,ocu_details_1,2011,4343.998
x84,sex_f,geo_cov_nat,ocu_details_1,2012,4401.716
x84,sex_f,geo_cov_nat,ocu_details_1,2013,4945.738
x84,sex_f,geo_cov_nat,ocu_details_1,2014,5107.252
x84,sex_f,geo_cov_nat,ocu_details_1,2015,5249.397
x84,sex_f,geo_cov_nat,ocu_details_1,2016,5331.349
x84,sex_f,geo_cov_nat,ocu_details_1,2017,5269.238
x84,sex_f,geo_cov_nat,ocu_details_1,2018,5465.504
x84,sex_f,geo_cov_nat,ocu_details_1,2019,5711.592
x84,sex_f,geo_cov_nat,ocu_details_1,2020,5969.285
x84,sex_f,geo_cov_nat,ocu_details_1,2021,6247.428
x84,sex_f,geo_cov_nat,ocu_details_1,2022,6529.946
x84,sex_f,geo_cov_nat,ocu_details_1,2023,6815.937
x84,sex_f,geo_cov_nat,ocu_details_1,2024,7112.795
x84,sex_f,geo_cov_nat,ocu_details_2,2010,7921.29
x84,sex_f,geo_cov_nat,ocu_details_2,2011,8583.383
x84,sex_f,geo_cov_nat,ocu_details_2,2012,9182.82
x84,sex_f,geo_cov_nat,ocu_details_2,2013,9564.8
x84,sex_f,geo_cov_nat,ocu_details_2,2014,10140.551
x84,sex_f,geo_cov_nat,ocu_details_2,2015,10708.324
x84,sex_f,geo_cov_nat,ocu_details_2,2016,11192.321
x84,sex_f,geo_cov_nat,ocu_details_2,2017,11596.111
x84,sex_f,geo_cov_nat,ocu_details_2,2018,12253.316
x84,sex_f,geo_cov_nat,ocu_details_2,2019,12962.636
x84,sex_f,geo_cov_nat,ocu_details_2,2020,13700.928
x84,sex_f,geo_cov_nat,ocu_details_2,2021,14478.494
x84,sex_f,geo_cov_nat,ocu_details_2,2022,15276.879
x84,sex_f,geo_cov_nat,ocu_details_2,2023,16091.858
x84,sex_f,geo_cov_nat,ocu_details_2,2024,16938.027
x84,sex_f,geo_cov_nat,ocu_details_3,2010,3759.907
x84,sex_f,geo_cov_nat,ocu_details_3,2011,3826.447
x84,sex_f,geo_cov_nat,ocu_details_3,2012,3877.838
x84,sex_f,geo_cov_nat,ocu_details_3,2013,3961.508
x84,sex_f,geo_cov_nat,ocu_details_3,2014,4197.487
x84,sex_f,geo_cov_nat,ocu_details_3,2015,4405.172
x84,sex_f,geo_cov_nat,ocu_details_3,2016,4457.797
x84,sex_f,geo_cov_nat,ocu_details_3,2017,4573.391
x84,sex_f,geo_cov_nat,ocu_details_3,2018,4734.383
x84,sex_f,geo_cov_nat,ocu_details_3,2019,4884.937
x84,sex_f,geo_cov_nat,ocu_details_3,2020,5037.681
x84,sex_f,geo_cov_nat,ocu_details_3,2021,5195.538
x84,sex_f,geo_cov_nat,ocu_details_3,2022,5354.339
x84,sex_f,geo_cov_nat,ocu_details_3,2023,5510.75
x84,sex_f,geo_cov_nat,ocu_details_3,2024,5671.151
x84,sex_f,geo_cov_nat,ocu_details_4,2010,5769.792
x84,sex_f,geo_cov_nat,ocu_details_4,2011,5932.961
x84,sex_f,geo_cov_nat,ocu_details_4,2012,6249.53
x84,sex_f,geo_cov_nat,ocu_details_4,2013,6390.303
x84,sex_f,geo_cov_nat,ocu_details_4,2014,6947.102
x84,sex_f,geo_cov_nat,ocu_details_4,2015,7225.351
x84,sex_f,geo_cov_nat,ocu_details_4,2016,7310.317
x84,sex_f,geo_cov_nat,ocu_details_4,2017,7341.357
x84,sex_f,geo_cov_nat,ocu_details_4,2018,7717.905
x84,sex_f,geo_cov_nat,ocu_details_4,2019,8056.66
x84,sex_f,geo_cov_nat,ocu_details_4,2020,8402.147
x84,sex_f,geo_cov_nat,ocu_details_4,2021,8768.714
x84,sex_f,geo_cov_nat,ocu_details_4,2022,9142.398
x84,sex_f,geo_cov_nat,ocu_details_4,2023,9520.191
x84,sex_f,geo_cov_nat,ocu_details_4,2024,9914.13
x84,sex_f,geo_cov_nat,ocu_details_5,2010,27835.302
x84,sex_f,geo_cov_nat,ocu_details_5,2011,29086.911
x84,sex_f,geo_cov_nat,ocu_details_5,2012,30216.349
x84,sex_f,geo_cov_nat,ocu_details_5,2013,31242.708
x84,sex_f,geo_cov_nat,ocu_details_5,2014,32709.958
x84,sex_f,geo_cov_nat,ocu_details_5,2015,32734.336
x84,sex_f,geo_cov_nat,ocu_details_5,2016,33807.631
x84,sex_f,geo_cov_nat,ocu_details_5,2017,34795.146
x84,sex_f,geo_cov_nat,ocu_details_5,2018,35920.79
x84,sex_f,geo_cov_nat,ocu_details_5,2019,36862.779
x84,sex_f,geo_cov_nat,ocu_details_5,2020,37790.766
x84,sex_f,geo_cov_nat,ocu_details_5,2021,38733.948
x84,sex_f,geo_cov_nat,ocu_details_5,2022,39635.877
x84,sex_f,geo_cov_nat,ocu_details_5,2023,40485.069
x84,sex_f,geo_cov_nat,ocu_details_5,2024,41325.041
x84,sex_f,geo_cov_nat,ocu_details_7,2010,10096.986
x84,sex_f,geo_cov_nat,ocu_details_7,2011,10007.027
x84,sex_f,geo_cov_nat,ocu_details_7,2012,10129.781
x84,sex_f,geo_cov_nat,ocu_details_7,2013,10757.643
x84,sex_f,geo_cov_nat,ocu_details_7,2014,10435.764
x84,sex_f,geo_cov_nat,ocu_details_7,2015,10373.588
x84,sex_f,geo_cov_nat,ocu_details_7,2016,10635.447
x84,sex_f,geo_cov_nat,ocu_details_7,2017,10927.744
x84,sex_f,geo_cov_nat,ocu_details_7,2018,11274.252
x84,sex_f,geo_cov_nat,ocu_details_7,2019,11450.321
x84,sex_f,geo_cov_nat,ocu_details_7,2020,11629.413
x84,sex_f,geo_cov_nat,ocu_details_7,2021,11806.986
x84,sex_f,geo_cov_nat,ocu_details_7,2022,11956.209
x84,sex_f,geo_cov_nat,ocu_details_7,2023,12075.013
x84,sex_f,geo_cov_nat,ocu_details_7,2024,12182.465
x84,sex_f,geo_cov_nat,ocu_details_8,2010,3837.849
x84,sex_f,geo_cov_nat,ocu_details_8,2011,4053.005
x84,sex_f,geo_cov_nat,ocu_details_8,2012,4301.837
x84,sex_f,geo_cov_nat,ocu_details_8,2013,4327.548
x84,sex_f,geo_cov_nat,ocu_details_8,2014,4489.602
x84,sex_f,geo_cov_nat,ocu_details_8,2015,5089.584
x84,sex_f,geo_cov_nat,ocu_details_8,2016,5257.874
x84,sex_f,geo_cov_nat,ocu_details_8,2017,5327.219
x84,sex_f,geo_cov_nat,ocu_details_8,2018,5383.874
x84,sex_f,geo_cov_nat,ocu_details_8,2019,5475.7
x84,sex_f,geo_cov_nat,ocu_details_8,2020,5560.785
x84,sex_f,geo_cov_nat,ocu_details_8,2021,5644.804
x84,sex_f,geo_cov_nat,ocu_details_8,2022,5724.184
x84,sex_f,geo_cov_nat,ocu_details_8,2023,5796.207
x84,sex_f,geo_cov_nat,ocu_details_8,2024,5866.689
x84,sex_f,geo_cov_nat,ocu_details_96,2010,55123.896
x84,sex_f,geo_cov_nat,ocu_details_96,2011,56069.372
x84,sex_f,geo_cov_nat,ocu_details_96,2012,56023.012
x84,sex_f,geo_cov_nat,ocu_details_96,2013,54144.068
x84,sex_f,geo_cov_nat,ocu_details_96,2014,53361.365
x84,sex_f,geo_cov_nat,ocu_details_96,2015,52766.987
x84,sex_f,geo_cov_nat,ocu_details_96,2016,51862.398
x84,sex_f,geo_cov_nat,ocu_details_96,2017,51237.612
x84,sex_f,geo_cov_nat,ocu_details_96,2018,51085.263
x84,sex_f,geo_cov_nat,ocu_details_96,2019,50117.581
x84,sex_f,geo_cov_nat,ocu_details_96,2020,49006.53
x84,sex_f,geo_cov_nat,ocu_details_96,2021,47869.265
x84,sex_f,geo_cov_nat,ocu_details_96,2022,46677.289
x84,sex_f,geo_cov_nat,ocu_details_96,2023,45418.894
x84,sex_f,geo_cov_nat,ocu_details_96,2024,44143.045
x84,sex_f,geo_cov_nat,ocu_details_total,2010,118603.438
x84,sex_f,geo_cov_nat,ocu_details_total,2011,121903.102
x84,sex_f,geo_cov_nat,ocu_details_total,2012,124382.884
x84,sex_f,geo_cov_nat,ocu_details_total,2013,125334.321
x84,sex_f,geo_cov_nat,ocu_details_total,2014,127389.085
x84,sex_f,geo_cov_nat,ocu_details_total,2015,128552.742
x84,sex_f,geo_cov_nat,ocu_details_total,2016,129855.139
x84,sex_f,geo_cov_nat,ocu_details_total,2017,131067.813
x84,sex_f,geo_cov_nat,ocu_details_total,2018,133835.287
x84,sex_f,geo_cov_nat,ocu_details_total,2019,135522.209
x84,sex_f,geo_cov_nat,ocu_details_total,2020,137097.533
x84,sex_f,geo_cov_nat,ocu_details_total,2021,138745.174
x84,sex_f,geo_cov_nat,ocu_details_total,2022,140297.122
x84,sex_f,geo_cov_nat,ocu_details_total,2023,141713.918
x84,sex_f,geo_cov_nat,ocu_details_total,2024,143153.338
x84,sex_f,geo_cov_rur,ocu_details_1,2010,1774.973
x84,sex_f,geo_cov_rur,ocu_details_1,2011,1778.76
x84,sex_f,geo_cov_rur,ocu_details_1,2012,1798.307
x84,sex_f,geo_cov_rur,ocu_details_1,2013,2012.222
x84,sex_f,geo_cov_rur,ocu_details_1,2014,2030.821
x84,sex_f,geo_cov_rur,ocu_details_1,2015,2063.601
x84,sex_f,geo_cov_rur,ocu_details_1,2016,2219.83
x84,sex_f,geo_cov_rur,ocu_details_1,2017,2209.574
x84,sex_f,geo_cov_rur,ocu_details_1,2018,2311.278
x84,sex_f,geo_cov_rur,ocu_details_1,2019,2443.57
x84,sex_f,geo_cov_rur,ocu_details_1,2020,2583.279
x84,sex_f,geo_cov_rur,ocu_details_1,2021,2733.247
x84,sex_f,geo_cov_rur,ocu_details_1,2022,2885.6
x84,sex_f,geo_cov_rur,ocu_details_1,2023,3040.35
x84,sex_f,geo_cov_rur,ocu_details_1,2024,3200.427
x84,sex_f,geo_cov_rur,ocu_details_2,2010,3095.409
x84,sex_f,geo_cov_rur,ocu_details_2,2011,3137.671
x84,sex_f,geo_cov_rur,ocu_details_2,2012,3380.74
x84,sex_f,geo_cov_rur,ocu_details_2,2013,3555.866
x84,sex_f,geo_cov_rur,ocu_details_2,2014,3670.306
x84,sex_f,geo_cov_rur,ocu_details_2,2015,3679.983
x84,sex_f,geo_cov_rur,ocu_details_2,2016,3895.486
x84,sex_f,geo_cov_rur,ocu_details_2,2017,4061.572
x84,sex_f,geo_cov_rur,ocu_details_2,2018,4323.511
x84,sex_f,geo_cov_rur,ocu_details_2,2019,4622.251
x84,sex_f,geo_cov_rur,ocu_details_2,2020,4939.769
x84,sex_f,geo_cov_rur,ocu_details_2,2021,5278.498
x84,sex_f,geo_cov_rur,ocu_details_2,2022,5631.259
x84,sex_f,geo_cov_rur,ocu_details_2,2023,5997.301
x84,sex_f,geo_cov_rur,ocu_details_2,2024,6380.959
x84,sex_f,geo_cov_rur,ocu_details_3,2010,1397.016
x84,sex_f,geo_cov_rur,ocu_details_3,2011,1318.809
x84,sex_f,geo_cov_rur,ocu_details_3,2012,1350.218
x84,sex_f,geo_cov_rur,ocu_details_3,2013,1349.048
x84,sex_f,geo_cov_rur,ocu_details_3,2014,1365.915
x84,sex_f,geo_cov_rur,ocu_details_3,2015,1348.854
x84,sex_f,geo_cov_rur,ocu_details_3,2016,1414.217
x84,sex_f,geo_cov_rur,ocu_details_3,2017,1431.715
x84,sex_f,geo_cov_rur,ocu_details_3,2018,1511.287
x84,sex_f,geo_cov_rur,ocu_details_3,2019,1569.077
x84,sex_f,geo_cov_rur,ocu_details_3,2020,1629.662
x84,sex_f,geo_cov_rur,ocu_details_3,2021,1693.028
x84,sex_f,geo_cov_rur,ocu_details_3,2022,1757.69
x84,sex_f,geo_cov_rur,ocu_details_3,2023,1822.939
x84,sex_f,geo_cov_rur,ocu_details_3,2024,1890.215
x84,sex_f,geo_cov_rur,ocu_details_4,2010,1630.137
x84,sex_f,geo_cov_rur,ocu_details_4,2011,1511.236
x84,sex_f,geo_cov_rur,ocu_details_4,2012,1611.957
x84,sex_f,geo_cov_rur,ocu_details_4,2013,1638.583
x84,sex_f,geo_cov_rur,ocu_details_4,2014,1739.453
x84,sex_f,geo_cov_rur,ocu_details_4,2015,1731.278
x84,sex_f,geo_cov_rur,ocu_details_4,2016,1844.336
x84,sex_f,geo_cov_rur,ocu_details_4,2017,1871.031
x84,sex_f,geo_cov_rur,ocu_details_4,2018,2038.436
x84,sex_f,geo_cov_rur,ocu_details_4,2019,2166.136
x84,sex_f,geo_cov_rur,ocu_details_4,2020,2301.235
x84,sex_f,geo_cov_rur,ocu_details_4,2021,2446.733
x84,sex_f,geo_cov_rur,ocu_details_4,2022,2598.921
x84,sex_f,geo_cov_rur,ocu_details_4,2023,2757.307
x84,sex_f,geo_cov_rur,ocu_details_4,2024,2924.33
x84,sex_f,geo_cov_rur,ocu_details_5,2010,12554.58
x84,sex_f,geo_cov_rur,ocu_details_5,2011,12031.715
x84,sex_f,geo_cov_rur,ocu_details_5,2012,12565.895
x84,sex_f,geo_cov_rur,ocu_details_5,2013,12966.963
x84,sex_f,geo_cov_rur,ocu_details_5,2014,13197.566
x84,sex_f,geo_cov_rur,ocu_details_5,2015,12530.206
x84,sex_f,geo_cov_rur,ocu_details_5,2016,13164.027
x84,sex_f,geo_cov_rur,ocu_details_5,2017,13590.149
x84,sex_f,geo_cov_rur,ocu_details_5,2018,14168.502
x84,sex_f,geo_cov_rur,ocu_details_5,2019,14671.452
x84,sex_f,geo_cov_rur,ocu_details_5,2020,15181.056
x84,sex_f,geo_cov_rur,ocu_details_5,2021,15701.955
x84,sex_f,geo_cov_rur,ocu_details_5,2022,16212.176
x84,sex_f,geo_cov_rur,ocu_details_5,2023,16707.326
x84,sex_f,geo_cov_rur,ocu_details_5,2024,17198.891
x84,sex_f,geo_cov_rur,ocu_details_7,2010,5891.011
x84,sex_f,geo_cov_rur,ocu_details_7,2011,5411.872
x84,sex_f,geo_cov_rur,ocu_details_7,2012,5493.427
x84,sex_f,geo_cov_rur,ocu_details_7,2013,5879.851
x84,sex_f,geo_cov_rur,ocu_details_7,2014,5659.135
x84,sex_f,geo_cov_rur,ocu_details_7,2015,5408.427
x84,sex_f,geo_cov_rur,ocu_details_7,2016,5666.058
x84,sex_f,geo_cov_rur,ocu_details_7,2017,5884.624
x84,sex_f,geo_cov_rur,ocu_details_7,2018,6090.785
x84,sex_f,geo_cov_rur,ocu_details_7,2019,6234.678
x84,sex_f,geo_cov_rur,ocu_details_7,2020,6383.488
x84,sex_f,geo_cov_rur,ocu_details_7,2021,6531.094
x84,sex_f,geo_cov_rur,ocu_details_7,2022,6664.973
x84,sex_f,geo_cov_rur,ocu_details_7,2023,6783.049
x84,sex_f,geo_cov_rur,ocu_details_7,2024,6892.515
x84,sex_f,geo_cov_rur,ocu_details_8,2010,1885.072
x84,sex_f,geo_cov_rur,ocu_details_8,2011,1841.736
x84,sex_f,geo_cov_rur,ocu_details_8,2012,1940.844
x84,sex_f,geo_cov_rur,ocu_details_8,2013,1919.474
x84,sex_f,geo_cov_rur,ocu_details_8,2014,1984.1
x84,sex_f,geo_cov_rur,ocu_details_8,2015,2270.649
x84,sex_f,geo_cov_rur,ocu_details_8,2016,2439.964
x84,sex_f,geo_cov_rur,ocu_details_8,2017,2582.802
x84,sex_f,geo_cov_rur,ocu_details_8,2018,2617.815
x84,sex_f,geo_cov_rur,ocu_details_8,2019,2684.515
x84,sex_f,geo_cov_rur,ocu_details_8,2020,2749.755
x84,sex_f,geo_cov_rur,ocu_details_8,2021,2814.612
x84,sex_f,geo_cov_rur,ocu_details_8,2022,2878.178
x84,sex_f,geo_cov_rur,ocu_details_8,2023,2939.232
x84,sex_f,geo_cov_rur,ocu_details_8,2024,2999.241
x84,sex_f,geo_cov_rur,ocu_details_96,2010,45199.94
x84,sex_f,geo_cov_rur,ocu_details_96,2011,45146.139
x84,sex_f,geo_cov_rur,ocu_details_96,2012,45017.159
x84,sex_f,geo_cov_rur,ocu_details_96,2013,43313.704
x84,sex_f,geo_cov_rur,ocu_details_96,2014,42303.886
x84,sex_f,geo_cov_rur,ocu_details_96,2015,41126.816
x84,sex_f,geo_cov_rur,ocu_details_96,2016,40470.087
x84,sex_f,geo_cov_rur,ocu_details_96,2017,39711.943
x84,sex_f,geo_cov_rur,ocu_details_96,2018,39490.219
x84,sex_f,geo_cov_rur,ocu_details_96,2019,38774.334
x84,sex_f,geo_cov_rur,ocu_details_96,2020,37953.003
x84,sex_f,geo_cov_rur,ocu_details_96,2021,37109.263
x84,sex_f,geo_cov_rur,ocu_details_96,2022,36223.14
x84,sex_f,geo_cov_rur,ocu_details_96,2023,35286.071
x84,sex_f,geo_cov_rur,ocu_details_96,2024,34330.411
x84,sex_f,geo_cov_rur,ocu_details_total,2010,73428.138
x84,sex_f,geo_cov_rur,ocu_details_total,2011,72177.938
x84,sex_f,geo_cov_rur,ocu_details_total,2012,73158.549
x84,sex_f,geo_cov_rur,ocu_details_total,2013,72635.713
x84,sex_f,geo_cov_rur,ocu_details_total,2014,71951.182
x84,sex_f,geo_cov_rur,ocu_details_total,2015,70159.814
x84,sex_f,geo_cov_rur,ocu_details_total,2016,71114.005
x84,sex_f,geo_cov_rur,ocu_details_total,2017,71343.411
x84,sex_f,geo_cov_rur,ocu_details_total,2018,72551.834
x84,sex_f,geo_cov_rur,ocu_details_total,2019,73166.014
x84,sex_f,geo_cov_rur,ocu_details_total,2020,73721.248
x84,sex_f,geo_cov_rur,ocu_details_total,2021,74308.43
x84,sex_f,geo_cov_rur,ocu_details_total,2022,74851.936
x84,sex_f,geo_cov_rur,ocu_details_total,2023,75333.575
x84,sex_f,geo_cov_rur,ocu_details_total,2024,75816.988
x84,sex_f,geo_cov_urb,ocu_details_1,2010,2483.438
x84,sex_f,geo_cov_urb,ocu_details_1,2011,2565.237
x84,sex_f,geo_cov_urb,ocu_details_1,2012,2603.409
x84,sex_f,geo_cov_urb,ocu_details_1,2013,2933.516
x84,sex_f,geo_cov_urb,ocu_details_1,2014,3076.431
x84,sex_f,geo_cov_urb,ocu_details_1,2015,3185.796
x84,sex_f,geo_cov_urb,ocu_details_1,2016,3111.519
x84,sex_f,geo_cov_urb,ocu_details_1,2017,3059.664
x84,sex_f,geo_cov_urb,ocu_details_1,2018,3154.226
x84,sex_f,geo_cov_urb,ocu_details_1,2019,3268.022
x84,sex_f,geo_cov_urb,ocu_details_1,2020,3386.005
x84,sex_f,geo_cov_urb,ocu_details_1,2021,3514.181
x84,sex_f,geo_cov_urb,ocu_details_1,2022,3644.346
x84,sex_f,geo_cov_urb,ocu_details_1,2023,3775.587
x84,sex_f,geo_cov_urb,ocu_details_1,2024,3912.368
x84,sex_f,geo_cov_urb,ocu_details_2,2010,4825.88
x84,sex_f,geo_cov_urb,ocu_details_2,2011,5445.711
x84,sex_f,geo_cov_urb,ocu_details_2,2012,5802.079
x84,sex_f,geo_cov_urb,ocu_details_2,2013,6008.934
x84,sex_f,geo_cov_urb,ocu_details_2,2014,6470.244
x84,sex_f,geo_cov_urb,ocu_details_2,2015,7028.341
x84,sex_f,geo_cov_urb,ocu_details_2,2016,7296.835
x84,sex_f,geo_cov_urb,ocu_details_2,2017,7534.539
x84,sex_f,geo_cov_urb,ocu_details_2,2018,7929.805
x84,sex_f,geo_cov_urb,ocu_details_2,2019,8340.385
x84,sex_f,geo_cov_urb,ocu_details_2,2020,8761.158
x84,sex_f,geo_cov_urb,ocu_details_2,2021,9199.996
x84,sex_f,geo_cov_urb,ocu_details_2,2022,9645.62
x84,sex_f,geo_cov_urb,ocu_details_2,2023,10094.557
x84,sex_f,geo_cov_urb,ocu_details_2,2024,10557.067
x84,sex_f,geo_cov_urb,ocu_details_3,2010,2362.891
x84,sex_f,geo_cov_urb,ocu_details_3,2011,2507.638
x84,sex_f,geo_cov_urb,ocu_details_3,2012,2527.619
x84,sex_f,geo_cov_urb,ocu_details_3,2013,2612.46
x84,sex_f,geo_cov_urb,ocu_details_3,2014,2831.572
x84,sex_f,geo_cov_urb,ocu_details_3,2015,3056.318
x84,sex_f,geo_cov_urb,ocu_details_3,2016,3043.58
x84,sex_f,geo_cov_urb,ocu_details_3,2017,3141.676
x84,sex_f,geo_cov_urb,ocu_details_3,2018,3223.096
x84,sex_f,geo_cov_urb,ocu_details_3,2019,3315.86
x84,sex_f,geo_cov_urb,ocu_details_3,2020,3408.018
x84,sex_f,geo_cov_urb,ocu_details_3,2021,3502.509
x84,sex_f,geo_cov_urb,ocu_details_3,2022,3596.649
x84,sex_f,geo_cov_urb,ocu_details_3,2023,3687.812
x84,sex_f,geo_cov_urb,ocu_details_3,2024,3780.935
x84,sex_f,geo_cov_urb,ocu_details_4,2010,4139.655
x84,sex_f,geo_cov_urb,ocu_details_4,2011,4421.725
x84,sex_f,geo_cov_urb,ocu_details_4,2012,4637.573
x84,sex_f,geo_cov_urb,ocu_details_4,2013,4751.72
x84,sex_f,geo_cov_urb,ocu_details_4,2014,5207.649
x84,sex_f,geo_cov_urb,ocu_details_4,2015,5494.073
x84,sex_f,geo_cov_urb,ocu_details_4,2016,5465.981
x84,sex_f,geo_cov_urb,ocu_details_4,2017,5470.326
x84,sex_f,geo_cov_urb,ocu_details_4,2018,5679.469
x84,sex_f,geo_cov_urb,ocu_details_4,2019,5890.523
x84,sex_f,geo_cov_urb,ocu_details_4,2020,6100.913
x84,sex_f,geo_cov_urb,ocu_details_4,2021,6321.981
x84,sex_f,geo_cov_urb,ocu_details_4,2022,6543.476
x84,sex_f,geo_cov_urb,ocu_details_4,2023,6762.884
x84,sex_f,geo_cov_urb,ocu_details_4,2024,6989.8
x84,sex_f,geo_cov_urb,ocu_details_5,2010,15280.722
x84,sex_f,geo_cov_urb,ocu_details_5,2011,17055.195
x84,sex_f,geo_cov_urb,ocu_details_5,2012,17650.454
x84,sex_f,geo_cov_urb,ocu_details_5,2013,18275.746
x84,sex_f,geo_cov_urb,ocu_details_5,2014,19512.392
x84,sex_f,geo_cov_urb,ocu_details_5,2015,20204.129
x84,sex_f,geo_cov_urb,ocu_details_5,2016,20643.604
x84,sex_f,geo_cov_urb,ocu_details_5,2017,21204.997
x84,sex_f,geo_cov_urb,ocu_details_5,2018,21752.288
x84,sex_f,geo_cov_urb,ocu_details_5,2019,22191.327
x84,sex_f,geo_cov_urb,ocu_details_5,2020,22609.71
x84,sex_f,geo_cov_urb,ocu_details_5,2021,23031.993
x84,sex_f,geo_cov_urb,ocu_details_5,2022,23423.701
x84,sex_f,geo_cov_urb,ocu_details_5,2023,23777.743
x84,sex_f,geo_cov_urb,ocu_details_5,2024,24126.15
x84,sex_f,geo_cov_urb,ocu_details_7,2010,4205.975
x84,sex_f,geo_cov_urb,ocu_details_7,2011,4595.155
x84,sex_f,geo_cov_urb,ocu_details_7,2012,4636.354
x84,sex_f,geo_cov_urb,ocu_details_7,2013,4877.793
x84,sex_f,geo_cov_urb,ocu_details_7,2014,4776.63
x84,sex_f,geo_cov_urb,ocu_details_7,2015,4965.161
x84,sex_f,geo_cov_urb,ocu_details_7,2016,4969.389
x84,sex_f,geo_cov_urb,ocu_details_7,2017,5043.12
x84,sex_f,geo_cov_urb,ocu_details_7,2018,5183.466
x84,sex_f,geo_cov_urb,ocu_details_7,2019,5215.643
x84,sex_f,geo_cov_urb,ocu_details_7,2020,5245.925
x84,sex_f,geo_cov_urb,ocu_details_7,2021,5275.892
x84,sex_f,geo_cov_urb,ocu_details_7,2022,5291.236
x84,sex_f,geo_cov_urb,ocu_details_7,2023,5291.964
x84,sex_f,geo_cov_urb,ocu_details_7,2024,5289.951
x84,sex_f,geo_cov_urb,ocu_details_8,2010,1952.776
x84,sex_f,geo_cov_urb,ocu_details_8,2011,2211.269
x84,sex_f,geo_cov_urb,ocu_details_8,2012,2360.993
x84,sex_f,geo_cov_urb,ocu_details_8,2013,2408.074
x84,sex_f,geo_cov_urb,ocu_details_8,2014,2505.501
x84,sex_f,geo_cov_urb,ocu_details_8,2015,2818.935
x84,sex_f,geo_cov_urb,ocu_details_8,2016,2817.91
x84,sex_f,geo_cov_urb,ocu_details_8,2017,2744.417
x84,sex_f,geo_cov_urb,ocu_details_8,2018,2766.059
x84,sex_f,geo_cov_urb,ocu_details_8,2019,2791.185
x84,sex_f,geo_cov_urb,ocu_details_8,2020,2811.03
x84,sex_f,geo_cov_urb,ocu_details_8,2021,2830.193
x84,sex_f,geo_cov_urb,ocu_details_8,2022,2846.006
x84,sex_f,geo_cov_urb,ocu_details_8,2023,2856.976
x84,sex_f,geo_cov_urb,ocu_details_8,2024,2867.448
x84,sex_f,geo_cov_urb,ocu_details_96,2010,9923.955
x84,sex_f,geo_cov_urb,ocu_details_96,2011,10923.232
x84,sex_f,geo_cov_urb,ocu_details_96,2012,11005.853
x84,sex_f,geo_cov_urb,ocu_details_96,2013,10830.364
x84,sex_f,geo_cov_urb,ocu_details_96,2014,11057.48
x84,sex_f,geo_cov_urb,ocu_details_96,2015,11640.171
x84,sex_f,geo_cov_urb,ocu_details_96,2016,11392.311
x84,sex_f,geo_cov_urb,ocu_details_96,2017,11525.669
x84,sex_f,geo_cov_urb,ocu_details_96,2018,11595.042
x84,sex_f,geo_cov_urb,ocu_details_96,2019,11343.246
x84,sex_f,geo_cov_urb,ocu_details_96,2020,11053.527
x84,sex_f,geo_cov_urb,ocu_details_96,2021,10760.002
x84,sex_f,geo_cov_urb,ocu_details_96,2022,10454.15
x84,sex_f,geo_cov_urb,ocu_details_96,2023,10132.822
x84,sex_f,geo_cov_urb,ocu_details_96,2024,9812.634
x84,sex_f,geo_cov_urb,ocu_details_total,2010,45175.294
x84,sex_f,geo_cov_urb,ocu_details_total,2011,49725.165
x84,sex_f,geo_cov_urb,ocu_details_total,2012,51224.334
x84,sex_f,geo_cov_urb,ocu_details_total,2013,52698.607
x84,sex_f,geo_cov_urb,ocu_details_total,2014,55437.899
x84,sex_f,geo_cov_urb,ocu_details_total,2015,58392.923
x84,sex_f,geo_cov_urb,ocu_details_total,2016,58741.129
x84,sex_f,geo_cov_urb,ocu_details_total,2017,59724.407
x84,sex_f,geo_cov_urb,ocu_details_total,2018,61283.452
x84,sex_f,geo_cov_urb,ocu_details_total,2019,62356.191
x84,sex_f,geo_cov_urb,ocu_details_total,2020,63376.287
x84,sex_f,geo_cov_urb,ocu_details_total,2021,64436.747
x84,sex_f,geo_cov_urb,ocu_details_total,2022,65445.184
x84,sex_f,geo_cov_urb,ocu_details_total,2023,66380.346
x84,sex_f,geo_cov_urb,ocu_details_total,2024,67336.353
x84,sex_m,geo_cov_nat,ocu_details_1,2010,6129.253
x84,sex_m,geo_cov_nat,ocu_details_1,2011,6342.396
x84,sex_m,geo_cov_nat,ocu_details_1,2012,7000.95
x84,sex_m,geo_cov_nat,ocu_details_1,2013,7547.296
x84,sex_m,geo_cov_nat,ocu_details_1,2014,7731.355
x84,sex_m,geo_cov_nat,ocu_details_1,2015,8046.592
x84,sex_m,geo_cov_nat,ocu_details_1,2016,7993.507
x84,sex_m,geo_cov_nat,ocu_details_1,2017,7904.391
x84,sex_m,geo_cov_nat,ocu_details_1,2018,7903.908
x84,sex_m,geo_cov_nat,ocu_details_1,2019,8105.074
x84,sex_m,geo_cov_nat,ocu_details_1,2020,8315.565
x84,sex_m,geo_cov_nat,ocu_details_1,2021,8539.018
x84,sex_m,geo_cov_nat,ocu_details_1,2022,8758.793
x84,sex_m,geo_cov_nat,ocu_details_1,2023,8980.542
x84,sex_m,geo_cov_nat,ocu_details_1,2024,9211.104
x84,sex_m,geo_cov_nat,ocu_details_2,2010,6346.054
x84,sex_m,geo_cov_nat,ocu_details_2,2011,6636.467
x84,sex_m,geo_cov_nat,ocu_details_2,2012,6826.852
x84,sex_m,geo_cov_nat,ocu_details_2,2013,7129.744
x84,sex_m,geo_cov_nat,ocu_details_2,2014,7479.063
x84,sex_m,geo_cov_nat,ocu_details_2,2015,7795.268
x84,sex_m,geo_cov_nat,ocu_details_2,2016,8086.925
x84,sex_m,geo_cov_nat,ocu_details_2,2017,8217.572
x84,sex_m,geo_cov_nat,ocu_details_2,2018,8574.459
x84,sex_m,geo_cov_nat,ocu_details_2,2019,8976.966
x84,sex_m,geo_cov_nat,ocu_details_2,2020,9389.375
x84,sex_m,geo_cov_nat,ocu_details_2,2021,9813.492
x84,sex_m,geo_cov_nat,ocu_details_2,2022,10247.327
x84,sex_m,geo_cov_nat,ocu_details_2,2023,10697.683
x84,sex_m,geo_cov_nat,ocu_details_2,2024,11154.034
x84,sex_m,geo_cov_nat,ocu_details_3,2010,5658.216
x84,sex_m,geo_cov_nat,ocu_details_3,2011,5782.447
x84,sex_m,geo_cov_nat,ocu_details_3,2012,6021.419
x84,sex_m,geo_cov_nat,ocu_details_3,2013,6208.586
x84,sex_m,geo_cov_nat,ocu_details_3,2014,6539.919
x84,sex_m,geo_cov_nat,ocu_details_3,2015,6787.989
x84,sex_m,geo_cov_nat,ocu_details_3,2016,6789.808
x84,sex_m,geo_cov_nat,ocu_details_3,2017,6941.314
x84,sex_m,geo_cov_nat,ocu_details_3,2018,7282.221
x84,sex_m,geo_cov_nat,ocu_details_3,2019,7588.214
x84,sex_m,geo_cov_nat,ocu_details_3,2020,7905.72
x84,sex_m,geo_cov_nat,ocu_details_3,2021,8237.14
x84,sex_m,geo_cov_nat,ocu_details_3,2022,8576.349
x84,sex_m,geo_cov_nat,ocu_details_3,2023,8927.314
x84,sex_m,geo_cov_nat,ocu_details_3,2024,9286.805
x84,sex_m,geo_cov_nat,ocu_details_4,2010,5113.02
x84,sex_m,geo_cov_nat,ocu_details_4,2011,5443.268
x84,sex_m,geo_cov_nat,ocu_details_4,2012,5767.223
x84,sex_m,geo_cov_nat,ocu_details_4,2013,6031.505
x84,sex_m,geo_cov_nat,ocu_details_4,2014,6175.965
x84,sex_m,geo_cov_nat,ocu_details_4,2015,6429.782
x84,sex_m,geo_cov_nat,ocu_details_4,2016,6448.749
x84,sex_m,geo_cov_nat,ocu_details_4,2017,6544.84
x84,sex_m,geo_cov_nat,ocu_details_4,2018,6922.47
x84,sex_m,geo_cov_nat,ocu_details_4,2019,7323.134
x84,sex_m,geo_cov_nat,ocu_details_4,2020,7745.318
x84,sex_m,geo_cov_nat,ocu_details_4,2021,8194.824
x84,sex_m,geo_cov_nat,ocu_details_4,2022,8661.05
x84,sex_m,geo_cov_nat,ocu_details_4,2023,9150.304
x84,sex_m,geo_cov_nat,ocu_details_4,2024,9656.272
x84,sex_m,geo_cov_nat,ocu_details_5,2010,23542.097
x84,sex_m,geo_cov_nat,ocu_details_5,2011,24597.413
x84,sex_m,geo_cov_nat,ocu_details_5,2012,25193.881
x84,sex_m,geo_cov_nat,ocu_details_5,2013,25724.425
x84,sex_m,geo_cov_nat,ocu_details_5,2014,26729.17
x84,sex_m,geo_cov_nat,ocu_details_5,2015,27048.046
x84,sex_m,geo_cov_nat,ocu_details_5,2016,27506.069
x84,sex_m,geo_cov_nat,ocu_details_5,2017,28140.274
x84,sex_m,geo_cov_nat,ocu_details_5,2018,28569.414
x84,sex_m,geo_cov_nat,ocu_details_5,2019,29464.285
x84,sex_m,geo_cov_nat,ocu_details_5,2020,30367.877
x84,sex_m,geo_cov_nat,ocu_details_5,2021,31292.818
x84,sex_m,geo_cov_nat,ocu_details_5,2022,32210.062
x84,sex_m,geo_cov_nat,ocu_details_5,2023,33142.709
x84,sex_m,geo_cov_nat,ocu_details_5,2024,34058.365
x84,sex_m,geo_cov_nat,ocu_details_7,2010,21408.27
x84,sex_m,geo_cov_nat,ocu_details_7,2011,22100.615
x84,sex_m,geo_cov_nat,ocu_details_7,2012,22525.669
x84,sex_m,geo_cov_nat,ocu_details_7,2013,23333.15
x84,sex_m,geo_cov_nat,ocu_details_7,2014,23927.641
x84,sex_m,geo_cov_nat,ocu_details_7,2015,24175.601
x84,sex_m,geo_cov_nat,ocu_details_7,2016,24802.551
x84,sex_m,geo_cov_nat,ocu_details_7,2017,25143.904
x84,sex_m,geo_cov_nat,ocu_details_7,2018,25749.82
x84,sex_m,geo_cov_nat,ocu_details_7,2019,26415.675
x84,sex_m,geo_cov_nat,ocu_details_7,2020,27064.769
x84,sex_m,geo_cov_nat,ocu_details_7,2021,27714.758
x84,sex_m,geo_cov_nat,ocu_details_7,2022,28352.574
x84,sex_m,geo_cov_nat,ocu_details_7,2023,28985.798
x84,sex_m,geo_cov_nat,ocu_details_7,2024,29596.394
x84,sex_m,geo_cov_nat,ocu_details_8,2010,15049.846
x84,sex_m,geo_cov_nat,ocu_details_8,2011,15352.591
x84,sex_m,geo_cov_nat,ocu_details_8,2012,15765.383
x84,sex_m,geo_cov_nat,ocu_details_8,2013,15875.343
x84,sex_m,geo_cov_nat,ocu_details_8,2014,16636.14
x84,sex_m,geo_cov_nat,ocu_details_8,2015,17013.538
x84,sex_m,geo_cov_nat,ocu_details_8,2016,17571.192
x84,sex_m,geo_cov_nat,ocu_details_8,2017,17983.355
x84,sex_m,geo_cov_nat,ocu_details_8,2018,18537.391
x84,sex_m,geo_cov_nat,ocu_details_8,2019,18942.292
x84,sex_m,geo_cov_nat,ocu_details_8,2020,19332.019
x84,sex_m,geo_cov_nat,ocu_details_8,2021,19725.103
x84,sex_m,geo_cov_nat,ocu_details_8,2022,20099.516
x84,sex_m,geo_cov_nat,ocu_details_8,2023,20463.774
x84,sex_m,geo_cov_nat,ocu_details_8,2024,20815.747
x84,sex_m,geo_cov_nat,ocu_details_96,2010,83576.054
x84,sex_m,geo_cov_nat,ocu_details_96,2011,84475.621
x84,sex_m,geo_cov_nat,ocu_details_96,2012,85040.078
x84,sex_m,geo_cov_nat,ocu_details_96,2013,84102.265
x84,sex_m,geo_cov_nat,ocu_details_96,2014,83196.154
x84,sex_m,geo_cov_nat,ocu_details_96,2015,82554.189
x84,sex_m,geo_cov_nat,ocu_details_96,2016,82037.757
x84,sex_m,geo_cov_nat,ocu_details_96,2017,82480.547
x84,sex_m,geo_cov_nat,ocu_details_96,2018,82041.736
x84,sex_m,geo_cov_nat,ocu_details_96,2019,81043.691
x84,sex_m,geo_cov_nat,ocu_details_96,2020,79836.286
x84,sex_m,geo_cov_nat,ocu_details_96,2021,78561.601
x84,sex_m,geo_cov_nat,ocu_details_96,2022,77182.884
x84,sex_m,geo_cov_nat,ocu_details_96,2023,75744.313
x84,sex_m,geo_cov_nat,ocu_details_96,2024,74205.593
x84,sex_m,geo_cov_nat,ocu_details_total,2010,166822.808
x84,sex_m,geo_cov_nat,ocu_details_total,2011,170730.812
x84,sex_m,geo_cov_nat,ocu_details_total,2012,174141.452
x84,sex_m,geo_cov_nat,ocu_details_total,2013,175952.32
x84,sex_m,geo_cov_nat,ocu_details_total,2014,178415.409
x84,sex_m,geo_cov_nat,ocu_details_total,2015,179851.014
x84,sex_m,geo_cov_nat,ocu_details_total,2016,181236.553
x84,sex_m,geo_cov_nat,ocu_details_total,2017,183356.198
x84,sex_m,geo_cov_nat,ocu_details_total,2018,185581.42
x84,sex_m,geo_cov_nat,ocu_details_total,2019,187859.339
x84,sex_m,geo_cov_nat,ocu_details_total,2020,189956.936
x84,sex_m,geo_cov_nat,ocu_details_total,2021,192078.756
x84,sex_m,geo_cov_nat,ocu_details_total,2022,194088.562
x84,sex_m,geo_cov_nat,ocu_details_total,2023,196092.431
x84,sex_m,geo_cov_nat,ocu_details_total,2024,197984.315
x84,sex_m,geo_cov_rur,ocu_details_1,2010,2408.148
x84,sex_m,geo_cov_rur,ocu_details_1,2011,2341.137
x84,sex_m,geo_cov_rur,ocu_details_1,2012,2632.675
x84,sex_m,geo_cov_rur,ocu_details_1,2013,2837.628
x84,sex_m,geo_cov_rur,ocu_details_1,2014,2850.407
x84,sex_m,geo_cov_rur,ocu_details_1,2015,2883.161
x84,sex_m,geo_cov_rur,ocu_details_1,2016,3005.114
x84,sex_m,geo_cov_rur,ocu_details_1,2017,2980.047
x84,sex_m,geo_cov_rur,ocu_details_1,2018,2950.777
x84,sex_m,geo_cov_rur,ocu_details_1,2019,3063.25
x84,sex_m,geo_cov_rur,ocu_details_1,2020,3183.772
x84,sex_m,geo_cov_rur,ocu_details_1,2021,3311.973
x84,sex_m,geo_cov_rur,ocu_details_1,2022,3439.545
x84,sex_m,geo_cov_rur,ocu_details_1,2023,3569.239
x84,sex_m,geo_cov_rur,ocu_details_1,2024,3704.791
x84,sex_m,geo_cov_rur,ocu_details_2,2010,2155.09
x84,sex_m,geo_cov_rur,ocu_details_2,2011,2056.667
x84,sex_m,geo_cov_rur,ocu_details_2,2012,2111.798
x84,sex_m,geo_cov_rur,ocu_details_2,2013,2172.256
x84,sex_m,geo_cov_rur,ocu_details_2,2014,2265.187
x84,sex_m,geo_cov_rur,ocu_details_2,2015,2266.192
x84,sex_m,geo_cov_rur,ocu_details_2,2016,2393.154
x84,sex_m,geo_cov_rur,ocu_details_2,2017,2428.173
x84,sex_m,geo_cov_rur,ocu_details_2,2018,2541.455
x84,sex_m,geo_cov_rur,ocu_details_2,2019,2692.842
x84,sex_m,geo_cov_rur,ocu_details_2,2020,2852.789
x84,sex_m,geo_cov_rur,ocu_details_2,2021,3020.705
x84,sex_m,geo_cov_rur,ocu_details_2,2022,3195.062
x84,sex_m,geo_cov_rur,ocu_details_2,2023,3378.034
x84,sex_m,geo_cov_rur,ocu_details_2,2024,3566.804
x84,sex_m,geo_cov_rur,ocu_details_3,2010,1737.842
x84,sex_m,geo_cov_rur,ocu_details_3,2011,1600.797
x84,sex_m,geo_cov_rur,ocu_details_3,2012,1681.838
x84,sex_m,geo_cov_rur,ocu_details_3,2013,1696.747
x84,sex_m,geo_cov_rur,ocu_details_3,2014,1754.481
x84,sex_m,geo_cov_rur,ocu_details_3,2015,1706.528
x84,sex_m,geo_cov_rur,ocu_details_3,2016,1709.696
x84,sex_m,geo_cov_rur,ocu_details_3,2017,1744.527
x84,sex_m,geo_cov_rur,ocu_details_3,2018,1849.756
x84,sex_m,geo_cov_rur,ocu_details_3,2019,1946.896
x84,sex_m,geo_cov_rur,ocu_details_3,2020,2051.833
x84,sex_m,geo_cov_rur,ocu_details_3,2021,2163.589
x84,sex_m,geo_cov_rur,ocu_details_3,2022,2280.306
x84,sex_m,geo_cov_rur,ocu_details_3,2023,2403.104
x84,sex_m,geo_cov_rur,ocu_details_3,2024,2531.799
x84,sex_m,geo_cov_rur,ocu_details_4,2010,1643.847
x84,sex_m,geo_cov_rur,ocu_details_4,2011,1519.863
x84,sex_m,geo_cov_rur,ocu_details_4,2012,1626.844
x84,sex_m,geo_cov_rur,ocu_details_4,2013,1677.807
x84,sex_m,geo_cov_rur,ocu_details_4,2014,1697.425
x84,sex_m,geo_cov_rur,ocu_details_4,2015,1641.028
x84,sex_m,geo_cov_rur,ocu_details_4,2016,1761.027
x84,sex_m,geo_cov_rur,ocu_details_4,2017,1782.814
x84,sex_m,geo_cov_rur,ocu_details_4,2018,1902.466
x84,sex_m,geo_cov_rur,ocu_details_4,2019,2053.469
x84,sex_m,geo_cov_rur,ocu_details_4,2020,2218.362
x84,sex_m,geo_cov_rur,ocu_details_4,2021,2397.716
x84,sex_m,geo_cov_rur,ocu_details_4,2022,2588.457
x84,sex_m,geo_cov_rur,ocu_details_4,2023,2792.321
x84,sex_m,geo_cov_rur,ocu_details_4,2024,3008.08
x84,sex_m,geo_cov_rur,ocu_details_5,2010,9386.37
x84,sex_m,geo_cov_rur,ocu_details_5,2011,8815.393
x84,sex_m,geo_cov_rur,ocu_details_5,2012,9096.347
x84,sex_m,geo_cov_rur,ocu_details_5,2013,9117.074
x84,sex_m,geo_cov_rur,ocu_details_5,2014,9352.595
x84,sex_m,geo_cov_rur,ocu_details_5,2015,8928.525
x84,sex_m,geo_cov_rur,ocu_details_5,2016,9368.392
x84,sex_m,geo_cov_rur,ocu_details_5,2017,9653.416
x84,sex_m,geo_cov_rur,ocu_details_5,2018,9804.525
x84,sex_m,geo_cov_rur,ocu_details_5,2019,10208.969
x84,sex_m,geo_cov_rur,ocu_details_5,2020,10629.688
x84,sex_m,geo_cov_rur,ocu_details_5,2021,11065.655
x84,sex_m,geo_cov_rur,ocu_details_5,2022,11505.364
x84,sex_m,geo_cov_rur,ocu_details_5,2023,11955.961
x84,sex_m,geo_cov_rur,ocu_details_5,2024,12408.378
x84,sex_m,geo_cov_rur,ocu_details_7,2010,11660.456
x84,sex_m,geo_cov_rur,ocu_details_7,2011,11219.247
x84,sex_m,geo_cov_rur,ocu_details_7,2012,11375.524
x84,sex_m,geo_cov_rur,ocu_details_7,2013,11680.504
x84,sex_m,geo_cov_rur,ocu_details_7,2014,11808.874
x84,sex_m,geo_cov_rur,ocu_details_7,2015,11599.792
x84,sex_m,geo_cov_rur,ocu_details_7,2016,12229.074
x84,sex_m,geo_cov_rur,ocu_details_7,2017,12344.458
x84,sex_m,geo_cov_rur,ocu_details_7,2018,12638.047
x84,sex_m,geo_cov_rur,ocu_details_7,2019,13037.1
x84,sex_m,geo_cov_rur,ocu_details_7,2020,13436.967
x84,sex_m,geo_cov_rur,ocu_details_7,2021,13840.42
x84,sex_m,geo_cov_rur,ocu_details_7,2022,14241.098
x84,sex_m,geo_cov_rur,ocu_details_7,2023,14642.237
x84,sex_m,geo_cov_rur,ocu_details_7,2024,15035.911
x84,sex_m,geo_cov_rur,ocu_details_8,2010,6746.841
x84,sex_m,geo_cov_rur,ocu_details_8,2011,6329.591
x84,sex_m,geo_cov_rur,ocu_details_8,2012,6539.536
x84,sex_m,geo_cov_rur,ocu_details_8,2013,6463.166
x84,sex_m,geo_cov_rur,ocu_details_8,2014,6689.454
x84,sex_m,geo_cov_rur,ocu_details_8,2015,6586.183
x84,sex_m,geo_cov_rur,ocu_details_8,2016,7021.403
x84,sex_m,geo_cov_rur,ocu_details_8,2017,7328.377
x84,sex_m,geo_cov_rur,ocu_details_8,2018,7530.2
x84,sex_m,geo_cov_rur,ocu_details_8,2019,7752.024
x84,sex_m,geo_cov_rur,ocu_details_8,2020,7974.523
x84,sex_m,geo_cov_rur,ocu_details_8,2021,8201.276
x84,sex_m,geo_cov_rur,ocu_details_8,2022,8423.024
x84,sex_m,geo_cov_rur,ocu_details_8,2023,8643.056
x84,sex_m,geo_cov_rur,ocu_details_8,2024,8860.752
x84,sex_m,geo_cov_rur,ocu_details_96,2010,66840.347
x84,sex_m,geo_cov_rur,ocu_details_96,2011,65431.742
x84,sex_m,geo_cov_rur,ocu_details_96,2012,65869.944
x84,sex_m,geo_cov_rur,ocu_details_96,2013,64733.089
x84,sex_m,geo_cov_rur,ocu_details_96,2014,63532.155
x84,sex_m,geo_cov_rur,ocu_details_96,2015,61653.986
x84,sex_m,geo_cov_rur,ocu_details_96,2016,61689.77
x84,sex_m,geo_cov_rur,ocu_details_96,2017,61713.918
x84,sex_m,geo_cov_rur,ocu_details_96,2018,61268.965
x84,sex_m,geo_cov_rur,ocu_details_96,2019,60570.434
x84,sex_m,geo_cov_rur,ocu_details_96,2020,59726.233
x84,sex_m,geo_cov_rur,ocu_details_96,2021,58832.757
x84,sex_m,geo_cov_rur,ocu_details_96,2022,57863.331
x84,sex_m,geo_cov_rur,ocu_details_96,2023,56847.629
x84,sex_m,geo_cov_rur,ocu_details_96,2024,55757.259
x84,sex_m,geo_cov_rur,ocu_details_total,2010,102578.944
x84,sex_m,geo_cov_rur,ocu_details_total,2011,99314.436
x84,sex_m,geo_cov_rur,ocu_details_total,2012,100934.506
x84,sex_m,geo_cov_rur,ocu_details_total,2013,100378.271
x84,sex_m,geo_cov_rur,ocu_details_total,2014,99950.577
x84,sex_m,geo_cov_rur,ocu_details_total,2015,97265.397
x84,sex_m,geo_cov_rur,ocu_details_total,2016,99177.631
x84,sex_m,geo_cov_rur,ocu_details_total,2017,99975.729
x84,sex_m,geo_cov_rur,ocu_details_total,2018,100486.191
x84,sex_m,geo_cov_rur,ocu_details_total,2019,101324.985
x84,sex_m,geo_cov_rur,ocu_details_total,2020,102074.165
x84,sex_m,geo_cov_rur,ocu_details_total,2021,102834.091
x84,sex_m,geo_cov_rur,ocu_details_total,2022,103536.188
x84,sex_m,geo_cov_rur,ocu_details_total,2023,104231.582
x84,sex_m,geo_cov_rur,ocu_details_total,2024,104873.774
x84,sex_m,geo_cov_urb,ocu_details_1,2010,3721.105
x84,sex_m,geo_cov_urb,ocu_details_1,2011,4001.26
x84,sex_m,geo_cov_urb,ocu_details_1,2012,4368.275
x84,sex_m,geo_cov_urb,ocu_details_1,2013,4709.668
x84,sex_m,geo_cov_urb,ocu_details_1,2014,4880.948
x84,sex_m,geo_cov_urb,ocu_details_1,2015,5163.43
x84,sex_m,geo_cov_urb,ocu_details_1,2016,4988.393
x84,sex_m,geo_cov_urb,ocu_details_1,2017,4924.344
x84,sex_m,geo_cov_urb,ocu_details_1,2018,4953.131
x84,sex_m,geo_cov_urb,ocu_details_1,2019,5041.824
x84,sex_m,geo_cov_urb,ocu_details_1,2020,5131.793
x84,sex_m,geo_cov_urb,ocu_details_1,2021,5227.045
x84,sex_m,geo_cov_urb,ocu_details_1,2022,5319.248
x84,sex_m,geo_cov_urb,ocu_details_1,2023,5411.303
x84,sex_m,geo_cov_urb,ocu_details_1,2024,5506.312
x84,sex_m,geo_cov_urb,ocu_details_2,2010,4190.964
x84,sex_m,geo_cov_urb,ocu_details_2,2011,4579.801
x84,sex_m,geo_cov_urb,ocu_details_2,2012,4715.054
x84,sex_m,geo_cov_urb,ocu_details_2,2013,4957.488
x84,sex_m,geo_cov_urb,ocu_details_2,2014,5213.876
x84,sex_m,geo_cov_urb,ocu_details_2,2015,5529.076
x84,sex_m,geo_cov_urb,ocu_details_2,2016,5693.77
x84,sex_m,geo_cov_urb,ocu_details_2,2017,5789.399
x84,sex_m,geo_cov_urb,ocu_details_2,2018,6033.004
x84,sex_m,geo_cov_urb,ocu_details_2,2019,6284.124
x84,sex_m,geo_cov_urb,ocu_details_2,2020,6536.587
x84,sex_m,geo_cov_urb,ocu_details_2,2021,6792.787
x84,sex_m,geo_cov_urb,ocu_details_2,2022,7052.265
x84,sex_m,geo_cov_urb,ocu_details_2,2023,7319.649
x84,sex_m,geo_cov_urb,ocu_details_2,2024,7587.23
x84,sex_m,geo_cov_urb,ocu_details_3,2010,3920.374
x84,sex_m,geo_cov_urb,ocu_details_3,2011,4181.65
x84,sex_m,geo_cov_urb,ocu_details_3,2012,4339.581
x84,sex_m,geo_cov_urb,ocu_details_3,2013,4511.839
x84,sex_m,geo_cov_urb,ocu_details_3,2014,4785.438
x84,sex_m,geo_cov_urb,ocu_details_3,2015,5081.46
x84,sex_m,geo_cov_urb,ocu_details_3,2016,5080.112
x84,sex_m,geo_cov_urb,ocu_details_3,2017,5196.787
x84,sex_m,geo_cov_urb,ocu_details_3,2018,5432.465
x84,sex_m,geo_cov_urb,ocu_details_3,2019,5641.318
x84,sex_m,geo_cov_urb,ocu_details_3,2020,5853.888
x84,sex_m,geo_cov_urb,ocu_details_3,2021,6073.551
x84,sex_m,geo_cov_urb,ocu_details_3,2022,6296.043
x84,sex_m,geo_cov_urb,ocu_details_3,2023,6524.21
x84,sex_m,geo_cov_urb,ocu_details_3,2024,6755.006
x84,sex_m,geo_cov_urb,ocu_details_4,2010,3469.173
x84,sex_m,geo_cov_urb,ocu_details_4,2011,3923.405
x84,sex_m,geo_cov_urb,ocu_details_4,2012,4140.378
x84,sex_m,geo_cov_urb,ocu_details_4,2013,4353.698
x84,sex_m,geo_cov_urb,ocu_details_4,2014,4478.54
x84,sex_m,geo_cov_urb,ocu_details_4,2015,4788.754
x84,sex_m,geo_cov_urb,ocu_details_4,2016,4687.722
x84,sex_m,geo_cov_urb,ocu_details_4,2017,4762.026
x84,sex_m,geo_cov_urb,ocu_details_4,2018,5020.004
x84,sex_m,geo_cov_urb,ocu_details_4,2019,5269.664
x84,sex_m,geo_cov_urb,ocu_details_4,2020,5526.956
x84,sex_m,geo_cov_urb,ocu_details_4,2021,5797.108
x84,sex_m,geo_cov_urb,ocu_details_4,2022,6072.593
x84,sex_m,geo_cov_urb,ocu_details_4,2023,6357.983
x84,sex_m,geo_cov_urb,ocu_details_4,2024,6648.192
x84,sex_m,geo_cov_urb,ocu_details_5,2010,14155.727
x84,sex_m,geo_cov_urb,ocu_details_5,2011,15782.02
x84,sex_m,geo_cov_urb,ocu_details_5,2012,16097.534
x84,sex_m,geo_cov_urb,ocu_details_5,2013,16607.35
x84,sex_m,geo_cov_urb,ocu_details_5,2014,17376.575
x84,sex_m,geo_cov_urb,ocu_details_5,2015,18119.521
x84,sex_m,geo_cov_urb,ocu_details_5,2016,18137.677
x84,sex_m,geo_cov_urb,ocu_details_5,2017,18486.859
x84,sex_m,geo_cov_urb,ocu_details_5,2018,18764.889
x84,sex_m,geo_cov_urb,ocu_details_5,2019,19255.317
x84,sex_m,geo_cov_urb,ocu_details_5,2020,19738.188
x84,sex_m,geo_cov_urb,ocu_details_5,2021,20227.163
x84,sex_m,geo_cov_urb,ocu_details_5,2022,20704.699
x84,sex_m,geo_cov_urb,ocu_details_5,2023,21186.748
x84,sex_m,geo_cov_urb,ocu_details_5,2024,21649.987
x84,sex_m,geo_cov_urb,ocu_details_7,2010,9747.813
x84,sex_m,geo_cov_urb,ocu_details_7,2011,10881.368
x84,sex_m,geo_cov_urb,ocu_details_7,2012,11150.145
x84,sex_m,geo_cov_urb,ocu_details_7,2013,11652.646
x84,sex_m,geo_cov_urb,ocu_details_7,2014,12118.767
x84,sex_m,geo_cov_urb,ocu_details_7,2015,12575.809
x84,sex_m,geo_cov_urb,ocu_details_7,2016,12573.476
x84,sex_m,geo_cov_urb,ocu_details_7,2017,12799.446
x84,sex_m,geo_cov_urb,ocu_details_7,2018,13111.773
x84,sex_m,geo_cov_urb,ocu_details_7,2019,13378.574
x84,sex_m,geo_cov_urb,ocu_details_7,2020,13627.802
x84,sex_m,geo_cov_urb,ocu_details_7,2021,13874.339
x84,sex_m,geo_cov_urb,ocu_details_7,2022,14111.476
x84,sex_m,geo_cov_urb,ocu_details_7,2023,14343.56
x84,sex_m,geo_cov_urb,ocu_details_7,2024,14560.482
x84,sex_m,geo_cov_urb,ocu_details_8,2010,8303.005
x84,sex_m,geo_cov_urb,ocu_details_8,2011,9023
x84,sex_m,geo_cov_urb,ocu_details_8,2012,9225.846
x84,sex_m,geo_cov_urb,ocu_details_8,2013,9412.177
x84,sex_m,geo_cov_urb,ocu_details_8,2014,9946.686
x84,sex_m,geo_cov_urb,ocu_details_8,2015,10427.355
x84,sex_m,geo_cov_urb,ocu_details_8,2016,10549.788
x84,sex_m,geo_cov_urb,ocu_details_8,2017,10654.978
x84,sex_m,geo_cov_urb,ocu_details_8,2018,11007.191
x84,sex_m,geo_cov_urb,ocu_details_8,2019,11190.268
x84,sex_m,geo_cov_urb,ocu_details_8,2020,11357.496
x84,sex_m,geo_cov_urb,ocu_details_8,2021,11523.827
x84,sex_m,geo_cov_urb,ocu_details_8,2022,11676.492
x84,sex_m,geo_cov_urb,ocu_details_8,2023,11820.718
x84,sex_m,geo_cov_urb,ocu_details_8,2024,11954.995
x84,sex_m,geo_cov_urb,ocu_details_96,2010,16735.706
x84,sex_m,geo_cov_urb,ocu_details_96,2011,19043.88
x84,sex_m,geo_cov_urb,ocu_details_96,2012,19170.132
x84,sex_m,geo_cov_urb,ocu_details_96,2013,19369.177
x84,sex_m,geo_cov_urb,ocu_details_96,2014,19663.998
x84,sex_m,geo_cov_urb,ocu_details_96,2015,20900.203
x84,sex_m,geo_cov_urb,ocu_details_96,2016,20347.987
x84,sex_m,geo_cov_urb,ocu_details_96,2017,20766.629
x84,sex_m,geo_cov_urb,ocu_details_96,2018,20772.771
x84,sex_m,geo_cov_urb,ocu_details_96,2019,20473.256
x84,sex_m,geo_cov_urb,ocu_details_96,2020,20110.052
x84,sex_m,geo_cov_urb,ocu_details_96,2021,19728.844
x84,sex_m,geo_cov_urb,ocu_details_96,2022,19319.554
x84,sex_m,geo_cov_urb,ocu_details_96,2023,18896.685
x84,sex_m,geo_cov_urb,ocu_details_96,2024,18448.334
x84,sex_m,geo_cov_urb,ocu_details_total,2010,64243.868
x84,sex_m,geo_cov_urb,ocu_details_total,2011,71416.384
x84,sex_m,geo_cov_urb,ocu_details_total,2012,73206.947
x84,sex_m,geo_cov_urb,ocu_details_total,2013,75574.042
x84,sex_m,geo_cov_urb,ocu_details_total,2014,78464.827
x84,sex_m,geo_cov_urb,ocu_details_total,2015,82585.607
x84,sex_m,geo_cov_urb,ocu_details_total,2016,82058.927
x84,sex_m,geo_cov_urb,ocu_details_total,2017,83380.466
x84,sex_m,geo_cov_urb,ocu_details_total,2018,85095.229
x84,sex_m,geo_cov_urb,ocu_details_total,2019,86534.347
x84,sex_m,geo_cov_urb,ocu_details_total,2020,87882.763
x84,sex_m,geo_cov_urb,ocu_details_total,2021,89244.664
x84,sex_m,geo_cov_urb,ocu_details_total,2022,90552.368
x84,sex_m,geo_cov_urb,ocu_details_total,2023,91860.857
x84,sex_m,geo_cov_urb,ocu_details_total,2024,93110.539
x84,sex_t,geo_cov_nat,ocu_details_1,2010,10387.664
x84,sex_t,geo_cov_nat,ocu_details_1,2011,10686.394
x84,sex_t,geo_cov_nat,ocu_details_1,2012,11402.665
x84,sex_t,geo_cov_nat,ocu_details_1,2013,12493.034
x84,sex_t,geo_cov_nat,ocu_details_1,2014,12838.606
x84,sex_t,geo_cov_nat,ocu_details_1,2015,13295.988
x84,sex_t,geo_cov_nat,ocu_details_1,2016,13324.856
x84,sex_t,geo_cov_nat,ocu_details_1,2017,13173.629
x84,sex_t,geo_cov_nat,ocu_details_1,2018,13369.412
x84,sex_t,geo_cov_nat,ocu_details_1,2019,13816.666
x84,sex_t,geo_cov_nat,ocu_details_1,2020,14284.849
x84,sex_t,geo_cov_nat,ocu_details_1,2021,14786.446
x84,sex_t,geo_cov_nat,ocu_details_1,2022,15288.739
x84,sex_t,geo_cov_nat,ocu_details_1,2023,15796.479
x84,sex_t,geo_cov_nat,ocu_details_1,2024,16323.899
x84,sex_t,geo_cov_nat,ocu_details_2,2010,14267.344
x84,sex_t,geo_cov_nat,ocu_details_2,2011,15219.85
x84,sex_t,geo_cov_nat,ocu_details_2,2012,16009.672
x84,sex_t,geo_cov_nat,ocu_details_2,2013,16694.545
x84,sex_t,geo_cov_nat,ocu_details_2,2014,17619.613
x84,sex_t,geo_cov_nat,ocu_details_2,2015,18503.592
x84,sex_t,geo_cov_nat,ocu_details_2,2016,19279.246
x84,sex_t,geo_cov_nat,ocu_details_2,2017,19813.683
x84,sex_t,geo_cov_nat,ocu_details_2,2018,20827.775
x84,sex_t,geo_cov_nat,ocu_details_2,2019,21939.603
x84,sex_t,geo_cov_nat,ocu_details_2,2020,23090.303
x84,sex_t,geo_cov_nat,ocu_details_2,2021,24291.987
x84,sex_t,geo_cov_nat,ocu_details_2,2022,25524.206
x84,sex_t,geo_cov_nat,ocu_details_2,2023,26789.541
x84,sex_t,geo_cov_nat,ocu_details_2,2024,28092.061
x84,sex_t,geo_cov_nat,ocu_details_3,2010,9418.123
x84,sex_t,geo_cov_nat,ocu_details_3,2011,9608.894
x84,sex_t,geo_cov_nat,ocu_details_3,2012,9899.256
x84,sex_t,geo_cov_nat,ocu_details_3,2013,10170.094
x84,sex_t,geo_cov_nat,ocu_details_3,2014,10737.406
x84,sex_t,geo_cov_nat,ocu_details_3,2015,11193.16
x84,sex_t,geo_cov_nat,ocu_details_3,2016,11247.605
x84,sex_t,geo_cov_nat,ocu_details_3,2017,11514.706
x84,sex_t,geo_cov_nat,ocu_details_3,2018,12016.603
x84,sex_t,geo_cov_nat,ocu_details_3,2019,12473.151
x84,sex_t,geo_cov_nat,ocu_details_3,2020,12943.401
x84,sex_t,geo_cov_nat,ocu_details_3,2021,13432.678
x84,sex_t,geo_cov_nat,ocu_details_3,2022,13930.688
x84,sex_t,geo_cov_nat,ocu_details_3,2023,14438.064
x84,sex_t,geo_cov_nat,ocu_details_3,2024,14957.956
x84,sex_t,geo_cov_nat,ocu_details_4,2010,10882.812
x84,sex_t,geo_cov_nat,ocu_details_4,2011,11376.228
x84,sex_t,geo_cov_nat,ocu_details_4,2012,12016.753
x84,sex_t,geo_cov_nat,ocu_details_4,2013,12421.808
x84,sex_t,geo_cov_nat,ocu_details_4,2014,13123.067
x84,sex_t,geo_cov_nat,ocu_details_4,2015,13655.133
x84,sex_t,geo_cov_nat,ocu_details_4,2016,13759.066
x84,sex_t,geo_cov_nat,ocu_details_4,2017,13886.196
x84,sex_t,geo_cov_nat,ocu_details_4,2018,14640.376
x84,sex_t,geo_cov_nat,ocu_details_4,2019,15379.793
x84,sex_t,geo_cov_nat,ocu_details_4,2020,16147.465
x84,sex_t,geo_cov_nat,ocu_details_4,2021,16963.538
x84,sex_t,geo_cov_nat,ocu_details_4,2022,17803.448
x84,sex_t,geo_cov_nat,ocu_details_4,2023,18670.495
x84,sex_t,geo_cov_nat,ocu_details_4,2024,19570.402
x84,sex_t,geo_cov_nat,ocu_details_5,2010,51377.397
x84,sex_t,geo_cov_nat,ocu_details_5,2011,53684.324
x84,sex_t,geo_cov_nat,ocu_details_5,2012,55410.232
x84,sex_t,geo_cov_nat,ocu_details_5,2013,56967.132
x84,sex_t,geo_cov_nat,ocu_details_5,2014,59439.127
x84,sex_t,geo_cov_nat,ocu_details_5,2015,59782.382
x84,sex_t,geo_cov_nat,ocu_details_5,2016,61313.701
x84,sex_t,geo_cov_nat,ocu_details_5,2017,62935.421
x84,sex_t,geo_cov_nat,ocu_details_5,2018,64490.204
x84,sex_t,geo_cov_nat,ocu_details_5,2019,66327.063
x84,sex_t,geo_cov_nat,ocu_details_5,2020,68158.641
x84,sex_t,geo_cov_nat,ocu_details_5,2021,70026.765
x84,sex_t,geo_cov_nat,ocu_details_5,2022,71845.939
x84,sex_t,geo_cov_nat,ocu_details_5,2023,73627.778
x84,sex_t,geo_cov_nat,ocu_details_5,2024,75383.404
x84,sex_t,geo_cov_nat,ocu_details_7,2010,31505.255
x84,sex_t,geo_cov_nat,ocu_details_7,2011,32107.642
x84,sex_t,geo_cov_nat,ocu_details_7,2012,32655.45
x84,sex_t,geo_cov_nat,ocu_details_7,2013,34090.794
x84,sex_t,geo_cov_nat,ocu_details_7,2014,34363.405
x84,sex_t,geo_cov_nat,ocu_details_7,2015,34549.188
x84,sex_t,geo_cov_nat,ocu_details_7,2016,35437.997
x84,sex_t,geo_cov_nat,ocu_details_7,2017,36071.649
x84,sex_t,geo_cov_nat,ocu_details_7,2018,37024.072
x84,sex_t,geo_cov_nat,ocu_details_7,2019,37865.996
x84,sex_t,geo_cov_nat,ocu_details_7,2020,38694.181
x84,sex_t,geo_cov_nat,ocu_details_7,2021,39521.744
x84,sex_t,geo_cov_nat,ocu_details_7,2022,40308.784
x84,sex_t,geo_cov_nat,ocu_details_7,2023,41060.81
x84,sex_t,geo_cov_nat,ocu_details_7,2024,41778.859
x84,sex_t,geo_cov_nat,ocu_details_8,2010,18887.695
x84,sex_t,geo_cov_nat,ocu_details_8,2011,19405.597
x84,sex_t,geo_cov_nat,ocu_details_8,2012,20067.219
x84,sex_t,geo_cov_nat,ocu_details_8,2013,20202.891
x84,sex_t,geo_cov_nat,ocu_details_8,2014,21125.741
x84,sex_t,geo_cov_nat,ocu_details_8,2015,22103.122
x84,sex_t,geo_cov_nat,ocu_details_8,2016,22829.066
x84,sex_t,geo_cov_nat,ocu_details_8,2017,23310.574
x84,sex_t,geo_cov_nat,ocu_details_8,2018,23921.264
x84,sex_t,geo_cov_nat,ocu_details_8,2019,24417.993
x84,sex_t,geo_cov_nat,ocu_details_8,2020,24892.804
x84,sex_t,geo_cov_nat,ocu_details_8,2021,25369.907
x84,sex_t,geo_cov_nat,ocu_details_8,2022,25823.701
x84,sex_t,geo_cov_nat,ocu_details_8,2023,26259.981
x84,sex_t,geo_cov_nat,ocu_details_8,2024,26682.436
x84,sex_t,geo_cov_nat,ocu_details_96,2010,138699.951
x84,sex_t,geo_cov_nat,ocu_details_96,2011,140544.995
x84,sex_t,geo_cov_nat,ocu_details_96,2012,141063.092
x84,sex_t,geo_cov_nat,ocu_details_96,2013,138246.335
x84,sex_t,geo_cov_nat,ocu_details_96,2014,136557.52
x84,sex_t,geo_cov_nat,ocu_details_96,2015,135321.174
x84,sex_t,geo_cov_nat,ocu_details_96,2016,133900.153
x84,sex_t,geo_cov_nat,ocu_details_96,2017,133718.163
x84,sex_t,geo_cov_nat,ocu_details_96,2018,133127.001
x84,sex_t,geo_cov_nat,ocu_details_96,2019,131161.271
x84,sex_t,geo_cov_nat,ocu_details_96,2020,128842.817
x84,sex_t,geo_cov_nat,ocu_details_96,2021,126430.865
x84,sex_t,geo_cov_nat,ocu_details_96,2022,123860.172
x84,sex_t,geo_cov_nat,ocu_details_96,2023,121163.206
x84,sex_t,geo_cov_nat,ocu_details_96,2024,118348.641
x84,sex_t,geo_cov_nat,ocu_details_total,2010,285426.251
x84,sex_t,geo_cov_nat,ocu_details_total,2011,292633.91
x84,sex_t,geo_cov_nat,ocu_details_total,2012,298524.33
x84,sex_t,geo_cov_nat,ocu_details_total,2013,301286.644
x84,sex_t,geo_cov_nat,ocu_details_total,2014,305804.495
x84,sex_t,geo_cov_nat,ocu_details_total,2015,308403.754
x84,sex_t,geo_cov_nat,ocu_details_total,2016,311091.691
x84,sex_t,geo_cov_nat,ocu_details_total,2017,314424.011
x84,sex_t,geo_cov_nat,ocu_details_total,2018,319416.712
x84,sex_t,geo_cov_nat,ocu_details_total,2019,323381.551
x84,sex_t,geo_cov_nat,ocu_details_total,2020,327054.469
x84,sex_t,geo_cov_nat,ocu_details_total,2021,330823.926
x84,sex_t,geo_cov_nat,ocu_details_total,2022,334385.69
x84,sex_t,geo_cov_nat,ocu_details_total,2023,337806.352
x84,sex_t,geo_cov_nat,ocu_details_total,2024,341137.655
x84,sex_t,geo_cov_rur,ocu_details_1,2010,4183.122
x84,sex_t,geo_cov_rur,ocu_details_1,2011,4119.897
x84,sex_t,geo_cov_rur,ocu_details_1,2012,4430.981
x84,sex_t,geo_cov_rur,ocu_details_1,2013,4849.85
x84,sex_t,geo_cov_rur,ocu_details_1,2014,4881.228
x84,sex_t,geo_cov_rur,ocu_details_1,2015,4946.762
x84,sex_t,geo_cov_rur,ocu_details_1,2016,5224.944
x84,sex_t,geo_cov_rur,ocu_details_1,2017,5189.621
x84,sex_t,geo_cov_rur,ocu_details_1,2018,5262.055
x84,sex_t,geo_cov_rur,ocu_details_1,2019,5506.82
x84,sex_t,geo_cov_rur,ocu_details_1,2020,5767.051
x84,sex_t,geo_cov_rur,ocu_details_1,2021,6045.22
x84,sex_t,geo_cov_rur,ocu_details_1,2022,6325.145
x84,sex_t,geo_cov_rur,ocu_details_1,2023,6609.589
x84,sex_t,geo_cov_rur,ocu_details_1,2024,6905.218
x84,sex_t,geo_cov_rur,ocu_details_2,2010,5250.499
x84,sex_t,geo_cov_rur,ocu_details_2,2011,5194.338
x84,sex_t,geo_cov_rur,ocu_details_2,2012,5492.539
x84,sex_t,geo_cov_rur,ocu_details_2,2013,5728.122
x84,sex_t,geo_cov_rur,ocu_details_2,2014,5935.493
x84,sex_t,geo_cov_rur,ocu_details_2,2015,5946.174
x84,sex_t,geo_cov_rur,ocu_details_2,2016,6288.641
x84,sex_t,geo_cov_rur,ocu_details_2,2017,6489.745
x84,sex_t,geo_cov_rur,ocu_details_2,2018,6864.966
x84,sex_t,geo_cov_rur,ocu_details_2,2019,7315.093
x84,sex_t,geo_cov_rur,ocu_details_2,2020,7792.558
x84,sex_t,geo_cov_rur,ocu_details_2,2021,8299.204
x84,sex_t,geo_cov_rur,ocu_details_2,2022,8826.321
x84,sex_t,geo_cov_rur,ocu_details_2,2023,9375.335
x84,sex_t,geo_cov_rur,ocu_details_2,2024,9947.764
x84,sex_t,geo_cov_rur,ocu_details_3,2010,3134.859
x84,sex_t,geo_cov_rur,ocu_details_3,2011,2919.606
x84,sex_t,geo_cov_rur,ocu_details_3,2012,3032.056
x84,sex_t,geo_cov_rur,ocu_details_3,2013,3045.795
x84,sex_t,geo_cov_rur,ocu_details_3,2014,3120.396
x84,sex_t,geo_cov_rur,ocu_details_3,2015,3055.382
x84,sex_t,geo_cov_rur,ocu_details_3,2016,3123.914
x84,sex_t,geo_cov_rur,ocu_details_3,2017,3176.242
x84,sex_t,geo_cov_rur,ocu_details_3,2018,3361.043
x84,sex_t,geo_cov_rur,ocu_details_3,2019,3515.973
x84,sex_t,geo_cov_rur,ocu_details_3,2020,3681.495
x84,sex_t,geo_cov_rur,ocu_details_3,2021,3856.618
x84,sex_t,geo_cov_rur,ocu_details_3,2022,4037.996
x84,sex_t,geo_cov_rur,ocu_details_3,2023,4226.043
x84,sex_t,geo_cov_rur,ocu_details_3,2024,4422.015
x84,sex_t,geo_cov_rur,ocu_details_4,2010,3273.984
x84,sex_t,geo_cov_rur,ocu_details_4,2011,3031.098
x84,sex_t,geo_cov_rur,ocu_details_4,2012,3238.802
x84,sex_t,geo_cov_rur,ocu_details_4,2013,3316.39
x84,sex_t,geo_cov_rur,ocu_details_4,2014,3436.878
x84,sex_t,geo_cov_rur,ocu_details_4,2015,3372.306
x84,sex_t,geo_cov_rur,ocu_details_4,2016,3605.363
x84,sex_t,geo_cov_rur,ocu_details_4,2017,3653.845
x84,sex_t,geo_cov_rur,ocu_details_4,2018,3940.903
x84,sex_t,geo_cov_rur,ocu_details_4,2019,4219.606
x84,sex_t,geo_cov_rur,ocu_details_4,2020,4519.596
x84,sex_t,geo_cov_rur,ocu_details_4,2021,4844.449
x84,sex_t,geo_cov_rur,ocu_details_4,2022,5187.378
x84,sex_t,geo_cov_rur,ocu_details_4,2023,5549.628
x84,sex_t,geo_cov_rur,ocu_details_4,2024,5932.41
x84,sex_t,geo_cov_rur,ocu_details_5,2010,21940.95
x84,sex_t,geo_cov_rur,ocu_details_5,2011,20847.108
x84,sex_t,geo_cov_rur,ocu_details_5,2012,21662.242
x84,sex_t,geo_cov_rur,ocu_details_5,2013,22084.037
x84,sex_t,geo_cov_rur,ocu_details_5,2014,22550.161
x84,sex_t,geo_cov_rur,ocu_details_5,2015,21458.732
x84,sex_t,geo_cov_rur,ocu_details_5,2016,22532.419
x84,sex_t,geo_cov_rur,ocu_details_5,2017,23243.565
x84,sex_t,geo_cov_rur,ocu_details_5,2018,23973.027
x84,sex_t,geo_cov_rur,ocu_details_5,2019,24880.42
x84,sex_t,geo_cov_rur,ocu_details_5,2020,25810.745
x84,sex_t,geo_cov_rur,ocu_details_5,2021,26767.61
x84,sex_t,geo_cov_rur,ocu_details_5,2022,27717.539
x84,sex_t,geo_cov_rur,ocu_details_5,2023,28663.287
x84,sex_t,geo_cov_rur,ocu_details_5,2024,29607.269
x84,sex_t,geo_cov_rur,ocu_details_7,2010,17551.467
x84,sex_t,geo_cov_rur,ocu_details_7,2011,16631.119
x84,sex_t,geo_cov_rur,ocu_details_7,2012,16868.951
x84,sex_t,geo_cov_rur,ocu_details_7,2013,17560.355
x84,sex_t,geo_cov_rur,ocu_details_7,2014,17468.008
x84,sex_t,geo_cov_rur,ocu_details_7,2015,17008.218
x84,sex_t,geo_cov_rur,ocu_details_7,2016,17895.132
x84,sex_t,geo_cov_rur,ocu_details_7,2017,18229.082
x84,sex_t,geo_cov_rur,ocu_details_7,2018,18728.833
x84,sex_t,geo_cov_rur,ocu_details_7,2019,19271.779
x84,sex_t,geo_cov_rur,ocu_details_7,2020,19820.454
x84,sex_t,geo_cov_rur,ocu_details_7,2021,20371.514
x84,sex_t,geo_cov_rur,ocu_details_7,2022,20906.071
x84,sex_t,geo_cov_rur,ocu_details_7,2023,21425.286
x84,sex_t,geo_cov_rur,ocu_details_7,2024,21928.426
x84,sex_t,geo_cov_rur,ocu_details_8,2010,8631.914
x84,sex_t,geo_cov_rur,ocu_details_8,2011,8171.327
x84,sex_t,geo_cov_rur,ocu_details_8,2012,8480.38
x84,sex_t,geo_cov_rur,ocu_details_8,2013,8382.64
x84,sex_t,geo_cov_rur,ocu_details_8,2014,8673.554
x84,sex_t,geo_cov_rur,ocu_details_8,2015,8856.831
x84,sex_t,geo_cov_rur,ocu_details_8,2016,9461.367
x84,sex_t,geo_cov_rur,ocu_details_8,2017,9911.179
x84,sex_t,geo_cov_rur,ocu_details_8,2018,10148.015
x84,sex_t,geo_cov_rur,ocu_details_8,2019,10436.54
x84,sex_t,geo_cov_rur,ocu_details_8,2020,10724.278
x84,sex_t,geo_cov_rur,ocu_details_8,2021,11015.887
x84,sex_t,geo_cov_rur,ocu_details_8,2022,11301.202
x84,sex_t,geo_cov_rur,ocu_details_8,2023,11582.288
x84,sex_t,geo_cov_rur,ocu_details_8,2024,11859.993
x84,sex_t,geo_cov_rur,ocu_details_96,2010,112040.289
x84,sex_t,geo_cov_rur,ocu_details_96,2011,110577.879
x84,sex_t,geo_cov_rur,ocu_details_96,2012,110887.106
x84,sex_t,geo_cov_rur,ocu_details_96,2013,108046.793
x84,sex_t,geo_cov_rur,ocu_details_96,2014,105836.042
x84,sex_t,geo_cov_rur,ocu_details_96,2015,102780.801
x84,sex_t,geo_cov_rur,ocu_details_96,2016,102159.856
x84,sex_t,geo_cov_rur,ocu_details_96,2017,101425.862
x84,sex_t,geo_cov_rur,ocu_details_96,2018,100759.185
x84,sex_t,geo_cov_rur,ocu_details_96,2019,99344.767
x84,sex_t,geo_cov_rur,ocu_details_96,2020,97679.238
x84,sex_t,geo_cov_rur,ocu_details_96,2021,95942.019
x84,sex_t,geo_cov_rur,ocu_details_96,2022,94086.473
x84,sex_t,geo_cov_rur,ocu_details_96,2023,92133.7
x84,sex_t,geo_cov_rur,ocu_details_96,2024,90087.671
x84,sex_t,geo_cov_rur,ocu_details_total,2010,176007.08
x84,sex_t,geo_cov_rur,ocu_details_total,2011,171492.371
x84,sex_t,geo_cov_rur,ocu_details_total,2012,174093.059
x84,sex_t,geo_cov_rur,ocu_details_total,2013,173013.981
x84,sex_t,geo_cov_rur,ocu_details_total,2014,171901.758
x84,sex_t,geo_cov_rur,ocu_details_total,2015,167425.205
x84,sex_t,geo_cov_rur,ocu_details_total,2016,170291.641
x84,sex_t,geo_cov_rur,ocu_details_total,2017,171319.142
x84,sex_t,geo_cov_rur,ocu_details_total,2018,173038.028
x84,sex_t,geo_cov_rur,ocu_details_total,2019,174491.003
x84,sex_t,geo_cov_rur,ocu_details_total,2020,175795.418
x84,sex_t,geo_cov_rur,ocu_details_total,2021,177142.522
x84,sex_t,geo_cov_rur,ocu_details_total,2022,178388.125
x84,sex_t,geo_cov_rur,ocu_details_total,2023,179565.157
x84,sex_t,geo_cov_rur,ocu_details_total,2024,180690.767
x84,sex_t,geo_cov_urb,ocu_details_1,2010,6204.543
x84,sex_t,geo_cov_urb,ocu_details_1,2011,6566.497
x84,sex_t,geo_cov_urb,ocu_details_1,2012,6971.684
x84,sex_t,geo_cov_urb,ocu_details_1,2013,7643.184
x84,sex_t,geo_cov_urb,ocu_details_1,2014,7957.379
x84,sex_t,geo_cov_urb,ocu_details_1,2015,8349.226
x84,sex_t,geo_cov_urb,ocu_details_1,2016,8099.911
x84,sex_t,geo_cov_urb,ocu_details_1,2017,7984.008
x84,sex_t,geo_cov_urb,ocu_details_1,2018,8107.356
x84,sex_t,geo_cov_urb,ocu_details_1,2019,8309.846
x84,sex_t,geo_cov_urb,ocu_details_1,2020,8517.798
x84,sex_t,geo_cov_urb,ocu_details_1,2021,8741.226
x84,sex_t,geo_cov_urb,ocu_details_1,2022,8963.594
x84,sex_t,geo_cov_urb,ocu_details_1,2023,9186.89
x84,sex_t,geo_cov_urb,ocu_details_1,2024,9418.68
x84,sex_t,geo_cov_urb,ocu_details_2,2010,9016.844
x84,sex_t,geo_cov_urb,ocu_details_2,2011,10025.512
x84,sex_t,geo_cov_urb,ocu_details_2,2012,10517.134
x84,sex_t,geo_cov_urb,ocu_details_2,2013,10966.422
x84,sex_t,geo_cov_urb,ocu_details_2,2014,11684.12
x84,sex_t,geo_cov_urb,ocu_details_2,2015,12557.417
x84,sex_t,geo_cov_urb,ocu_details_2,2016,12990.606
x84,sex_t,geo_cov_urb,ocu_details_2,2017,13323.939
x84,sex_t,geo_cov_urb,ocu_details_2,2018,13962.809
x84,sex_t,geo_cov_urb,ocu_details_2,2019,14624.51
x84,sex_t,geo_cov_urb,ocu_details_2,2020,15297.745
x84,sex_t,geo_cov_urb,ocu_details_2,2021,15992.784
x84,sex_t,geo_cov_urb,ocu_details_2,2022,16697.884
x84,sex_t,geo_cov_urb,ocu_details_2,2023,17414.206
x84,sex_t,geo_cov_urb,ocu_details_2,2024,18144.297
x84,sex_t,geo_cov_urb,ocu_details_3,2010,6283.265
x84,sex_t,geo_cov_urb,ocu_details_3,2011,6689.288
x84,sex_t,geo_cov_urb,ocu_details_3,2012,6867.2
x84,sex_t,geo_cov_urb,ocu_details_3,2013,7124.299
x84,sex_t,geo_cov_urb,ocu_details_3,2014,7617.01
x84,sex_t,geo_cov_urb,ocu_details_3,2015,8137.778
x84,sex_t,geo_cov_urb,ocu_details_3,2016,8123.691
x84,sex_t,geo_cov_urb,ocu_details_3,2017,8338.463
x84,sex_t,geo_cov_urb,ocu_details_3,2018,8655.561
x84,sex_t,geo_cov_urb,ocu_details_3,2019,8957.178
x84,sex_t,geo_cov_urb,ocu_details_3,2020,9261.906
x84,sex_t,geo_cov_urb,ocu_details_3,2021,9576.06
x84,sex_t,geo_cov_urb,ocu_details_3,2022,9892.692
x84,sex_t,geo_cov_urb,ocu_details_3,2023,10212.022
x84,sex_t,geo_cov_urb,ocu_details_3,2024,10535.941
x84,sex_t,geo_cov_urb,ocu_details_4,2010,7608.828
x84,sex_t,geo_cov_urb,ocu_details_4,2011,8345.13
x84,sex_t,geo_cov_urb,ocu_details_4,2012,8777.952
x84,sex_t,geo_cov_urb,ocu_details_4,2013,9105.418
x84,sex_t,geo_cov_urb,ocu_details_4,2014,9686.19
x84,sex_t,geo_cov_urb,ocu_details_4,2015,10282.827
x84,sex_t,geo_cov_urb,ocu_details_4,2016,10153.702
x84,sex_t,geo_cov_urb,ocu_details_4,2017,10232.352
x84,sex_t,geo_cov_urb,ocu_details_4,2018,10699.473
x84,sex_t,geo_cov_urb,ocu_details_4,2019,11160.187
x84,sex_t,geo_cov_urb,ocu_details_4,2020,11627.869
x84,sex_t,geo_cov_urb,ocu_details_4,2021,12119.089
x84,sex_t,geo_cov_urb,ocu_details_4,2022,12616.07
x84,sex_t,geo_cov_urb,ocu_details_4,2023,13120.868
x84,sex_t,geo_cov_urb,ocu_details_4,2024,13637.992
x84,sex_t,geo_cov_urb,ocu_details_5,2010,29436.449
x84,sex_t,geo_cov_urb,ocu_details_5,2011,32837.215
x84,sex_t,geo_cov_urb,ocu_details_5,2012,33747.987
x84,sex_t,geo_cov_urb,ocu_details_5,2013,34883.096
x84,sex_t,geo_cov_urb,ocu_details_5,2014,36888.967
x84,sex_t,geo_cov_urb,ocu_details_5,2015,38323.649
x84,sex_t,geo_cov_urb,ocu_details_5,2016,38781.281
x84,sex_t,geo_cov_urb,ocu_details_5,2017,39691.857
x84,sex_t,geo_cov_urb,ocu_details_5,2018,40517.177
x84,sex_t,geo_cov_urb,ocu_details_5,2019,41446.644
x84,sex_t,geo_cov_urb,ocu_details_5,2020,42347.898
x84,sex_t,geo_cov_urb,ocu_details_5,2021,43259.156
x84,sex_t,geo_cov_urb,ocu_details_5,2022,44128.4
x84,sex_t,geo_cov_urb,ocu_details_5,2023,44964.491
x84,sex_t,geo_cov_urb,ocu_details_5,2024,45776.137
x84,sex_t,geo_cov_urb,ocu_details_7,2010,13953.788
x84,sex_t,geo_cov_urb,ocu_details_7,2011,15476.523
x84,sex_t,geo_cov_urb,ocu_details_7,2012,15786.499
x84,sex_t,geo_cov_urb,ocu_details_7,2013,16530.439
x84,sex_t,geo_cov_urb,ocu_details_7,2014,16895.396
x84,sex_t,geo_cov_urb,ocu_details_7,2015,17540.97
x84,sex_t,geo_cov_urb,ocu_details_7,2016,17542.865
x84,sex_t,geo_cov_urb,ocu_details_7,2017,17842.566
x84,sex_t,geo_cov_urb,ocu_details_7,2018,18295.239
x84,sex_t,geo_cov_urb,ocu_details_7,2019,18594.218
x84,sex_t,geo_cov_urb,ocu_details_7,2020,18873.727
x84,sex_t,geo_cov_urb,ocu_details_7,2021,19150.231
x84,sex_t,geo_cov_urb,ocu_details_7,2022,19402.713
x84,sex_t,geo_cov_urb,ocu_details_7,2023,19635.524
x84,sex_t,geo_cov_urb,ocu_details_7,2024,19850.433
x84,sex_t,geo_cov_urb,ocu_details_8,2010,10255.781
x84,sex_t,geo_cov_urb,ocu_details_8,2011,11234.269
x84,sex_t,geo_cov_urb,ocu_details_8,2012,11586.839
x84,sex_t,geo_cov_urb,ocu_details_8,2013,11820.251
x84,sex_t,geo_cov_urb,ocu_details_8,2014,12452.187
x84,sex_t,geo_cov_urb,ocu_details_8,2015,13246.29
x84,sex_t,geo_cov_urb,ocu_details_8,2016,13367.699
x84,sex_t,geo_cov_urb,ocu_details_8,2017,13399.395
x84,sex_t,geo_cov_urb,ocu_details_8,2018,13773.25
x84,sex_t,geo_cov_urb,ocu_details_8,2019,13981.453
x84,sex_t,geo_cov_urb,ocu_details_8,2020,14168.526
x84,sex_t,geo_cov_urb,ocu_details_8,2021,14354.02
x84,sex_t,geo_cov_urb,ocu_details_8,2022,14522.498
x84,sex_t,geo_cov_urb,ocu_details_8,2023,14677.694
x84,sex_t,geo_cov_urb,ocu_details_8,2024,14822.444
x84,sex_t,geo_cov_urb,ocu_details_96,2010,26659.661
x84,sex_t,geo_cov_urb,ocu_details_96,2011,29967.112
x84,sex_t,geo_cov_urb,ocu_details_96,2012,30175.985
x84,sex_t,geo_cov_urb,ocu_details_96,2013,30199.542
x84,sex_t,geo_cov_urb,ocu_details_96,2014,30721.478
x84,sex_t,geo_cov_urb,ocu_details_96,2015,32540.374
x84,sex_t,geo_cov_urb,ocu_details_96,2016,31740.297
x84,sex_t,geo_cov_urb,ocu_details_96,2017,32292.299
x84,sex_t,geo_cov_urb,ocu_details_96,2018,32367.814
x84,sex_t,geo_cov_urb,ocu_details_96,2019,31816.501
x84,sex_t,geo_cov_urb,ocu_details_96,2020,31163.58
x84,sex_t,geo_cov_urb,ocu_details_96,2021,30488.846
x84,sex_t,geo_cov_urb,ocu_details_96,2022,29773.703
x84,sex_t,geo_cov_urb,ocu_details_96,2023,29029.507
x84,sex_t,geo_cov_urb,ocu_details_96,2024,28260.968
x84,sex_t,geo_cov_urb,ocu_details_total,2010,109419.162
x84,sex_t,geo_cov_urb,ocu_details_total,2011,121141.55
x84,sex_t,geo_cov_urb,ocu_details_total,2012,124431.278
x84,sex_t,geo_cov_urb,ocu_details_total,2013,128272.652
x84,sex_t,geo_cov_urb,ocu_details_total,2014,133902.725
x84,sex_t,geo_cov_urb,ocu_details_total,2015,140978.532
x84,sex_t,geo_cov_urb,ocu_details_total,2016,140800.052
x84,sex_t,geo_cov_urb,ocu_details_total,2017,143104.878
x84,sex_t,geo_cov_urb,ocu_details_total,2018,146378.681
x84,sex_t,geo_cov_urb,ocu_details_total,2019,148890.534
x84,sex_t,geo_cov_urb,ocu_details_total,2020,151259.05
x84,sex_t,geo_cov_urb,ocu_details_total,2021,153681.411
x84,sex_t,geo_cov_urb,ocu_details_total,2022,155997.556
x84,sex_t,geo_cov_urb,ocu_details_total,2023,158241.197
x84,sex_t,geo_cov_urb,ocu_details_total,2024,160446.889
