ref_area,sex,classif1,classif2,time,eip_teip_sex_edu_mts_nb
ken,sex_f,edu_aggregate_adv,mts_aggregate_1,1999,13.22
ken,sex_f,edu_aggregate_adv,mts_aggregate_1,2005,12.307
ken,sex_f,edu_aggregate_adv,mts_aggregate_1,2016,122.098
ken,sex_f,edu_aggregate_adv,mts_aggregate_1,2019,32.906
ken,sex_f,edu_aggregate_adv,mts_aggregate_1,2021,194.879
ken,sex_f,edu_aggregate_adv,mts_aggregate_1,2022,221.977
ken,sex_f,edu_aggregate_adv,mts_aggregate_2,2005,8.687
ken,sex_f,edu_aggregate_adv,mts_aggregate_2,2016,29.422
ken,sex_f,edu_aggregate_adv,mts_aggregate_2,2019,39.727
ken,sex_f,edu_aggregate_adv,mts_aggregate_2,2021,83.799
ken,sex_f,edu_aggregate_adv,mts_aggregate_2,2022,89.69
ken,sex_f,edu_aggregate_adv,mts_aggregate_total,1999,13.524
ken,sex_f,edu_aggregate_adv,mts_aggregate_total,2005,21.984
ken,sex_f,edu_aggregate_adv,mts_aggregate_total,2016,151.519
ken,sex_f,edu_aggregate_adv,mts_aggregate_total,2019,72.632
ken,sex_f,edu_aggregate_adv,mts_aggregate_total,2021,278.678
ken,sex_f,edu_aggregate_adv,mts_aggregate_total,2022,311.666
ken,sex_f,edu_aggregate_adv,mts_details_mrd,2005,8.687
ken,sex_f,edu_aggregate_adv,mts_details_mrd,2016,27.064
ken,sex_f,edu_aggregate_adv,mts_details_mrd,2019,37.677
ken,sex_f,edu_aggregate_adv,mts_details_mrd,2021,76.053
ken,sex_f,edu_aggregate_adv,mts_details_mrd,2022,86.968
ken,sex_f,edu_aggregate_adv,mts_details_sgle,1999,13.22
ken,sex_f,edu_aggregate_adv,mts_details_sgle,2005,12.041
ken,sex_f,edu_aggregate_adv,mts_details_sgle,2016,122.098
ken,sex_f,edu_aggregate_adv,mts_details_sgle,2019,31.161
ken,sex_f,edu_aggregate_adv,mts_details_sgle,2021,194.009
ken,sex_f,edu_aggregate_adv,mts_details_sgle,2022,217.497
ken,sex_f,edu_aggregate_adv,mts_details_total,1999,13.524
ken,sex_f,edu_aggregate_adv,mts_details_total,2005,21.984
ken,sex_f,edu_aggregate_adv,mts_details_total,2016,151.519
ken,sex_f,edu_aggregate_adv,mts_details_total,2019,72.632
ken,sex_f,edu_aggregate_adv,mts_details_total,2021,278.678
ken,sex_f,edu_aggregate_adv,mts_details_total,2022,311.666
ken,sex_f,edu_aggregate_adv,mts_details_wid,2022,4.479
ken,sex_f,edu_aggregate_bas,mts_aggregate_1,1999,803.819
ken,sex_f,edu_aggregate_bas,mts_aggregate_1,2005,1692.078
ken,sex_f,edu_aggregate_bas,mts_aggregate_1,2016,932.365
ken,sex_f,edu_aggregate_bas,mts_aggregate_1,2019,2043.713
ken,sex_f,edu_aggregate_bas,mts_aggregate_1,2021,1210.828
ken,sex_f,edu_aggregate_bas,mts_aggregate_1,2022,1226.783
ken,sex_f,edu_aggregate_bas,mts_aggregate_2,1999,477.2
ken,sex_f,edu_aggregate_bas,mts_aggregate_2,2005,797.402
ken,sex_f,edu_aggregate_bas,mts_aggregate_2,2016,447.042
ken,sex_f,edu_aggregate_bas,mts_aggregate_2,2019,1029.38
ken,sex_f,edu_aggregate_bas,mts_aggregate_2,2021,773.364
ken,sex_f,edu_aggregate_bas,mts_aggregate_2,2022,994.43
ken,sex_f,edu_aggregate_bas,mts_aggregate_total,1999,1283.445
ken,sex_f,edu_aggregate_bas,mts_aggregate_total,2005,2490.987
ken,sex_f,edu_aggregate_bas,mts_aggregate_total,2016,1379.407
ken,sex_f,edu_aggregate_bas,mts_aggregate_total,2019,3073.093
ken,sex_f,edu_aggregate_bas,mts_aggregate_total,2021,1984.192
ken,sex_f,edu_aggregate_bas,mts_aggregate_total,2022,2221.212
ken,sex_f,edu_aggregate_bas,mts_aggregate_x,2005,1.507
ken,sex_f,edu_aggregate_bas,mts_details_mrd,1999,477.2
ken,sex_f,edu_aggregate_bas,mts_details_mrd,2005,768.77
ken,sex_f,edu_aggregate_bas,mts_details_mrd,2016,440.384
ken,sex_f,edu_aggregate_bas,mts_details_mrd,2019,971.161
ken,sex_f,edu_aggregate_bas,mts_details_mrd,2021,758.521
ken,sex_f,edu_aggregate_bas,mts_details_mrd,2022,956.407
ken,sex_f,edu_aggregate_bas,mts_details_sep,1999,33.178
ken,sex_f,edu_aggregate_bas,mts_details_sep,2005,42.424
ken,sex_f,edu_aggregate_bas,mts_details_sep,2016,27.716
ken,sex_f,edu_aggregate_bas,mts_details_sep,2019,56.924
ken,sex_f,edu_aggregate_bas,mts_details_sep,2021,46.21
ken,sex_f,edu_aggregate_bas,mts_details_sep,2022,91.493
ken,sex_f,edu_aggregate_bas,mts_details_sgle,1999,739.997
ken,sex_f,edu_aggregate_bas,mts_details_sgle,2005,1591.424
ken,sex_f,edu_aggregate_bas,mts_details_sgle,2016,846.964
ken,sex_f,edu_aggregate_bas,mts_details_sgle,2019,1910.401
ken,sex_f,edu_aggregate_bas,mts_details_sgle,2021,1032.138
ken,sex_f,edu_aggregate_bas,mts_details_sgle,2022,998.619
ken,sex_f,edu_aggregate_bas,mts_details_total,1999,1283.445
ken,sex_f,edu_aggregate_bas,mts_details_total,2005,2490.987
ken,sex_f,edu_aggregate_bas,mts_details_total,2016,1379.407
ken,sex_f,edu_aggregate_bas,mts_details_total,2019,3073.093
ken,sex_f,edu_aggregate_bas,mts_details_total,2021,1984.192
ken,sex_f,edu_aggregate_bas,mts_details_total,2022,2221.212
ken,sex_f,edu_aggregate_bas,mts_details_union,2005,28.632
ken,sex_f,edu_aggregate_bas,mts_details_union,2016,6.658
ken,sex_f,edu_aggregate_bas,mts_details_union,2019,58.219
ken,sex_f,edu_aggregate_bas,mts_details_union,2021,14.843
ken,sex_f,edu_aggregate_bas,mts_details_union,2022,38.023
ken,sex_f,edu_aggregate_bas,mts_details_wid,1999,30.644
ken,sex_f,edu_aggregate_bas,mts_details_wid,2005,58.23
ken,sex_f,edu_aggregate_bas,mts_details_wid,2016,57.684
ken,sex_f,edu_aggregate_bas,mts_details_wid,2019,76.388
ken,sex_f,edu_aggregate_bas,mts_details_wid,2021,132.48
ken,sex_f,edu_aggregate_bas,mts_details_wid,2022,136.67
ken,sex_f,edu_aggregate_bas,mts_details_x,2005,1.507
ken,sex_f,edu_aggregate_int,mts_aggregate_1,1999,470.946
ken,sex_f,edu_aggregate_int,mts_aggregate_1,2005,248.58
ken,sex_f,edu_aggregate_int,mts_aggregate_1,2016,1280.173
ken,sex_f,edu_aggregate_int,mts_aggregate_1,2019,558.498
ken,sex_f,edu_aggregate_int,mts_aggregate_1,2021,1702.428
ken,sex_f,edu_aggregate_int,mts_aggregate_1,2022,2398.88
ken,sex_f,edu_aggregate_int,mts_aggregate_2,1999,132.784
ken,sex_f,edu_aggregate_int,mts_aggregate_2,2005,202.021
ken,sex_f,edu_aggregate_int,mts_aggregate_2,2016,405.532
ken,sex_f,edu_aggregate_int,mts_aggregate_2,2019,394.768
ken,sex_f,edu_aggregate_int,mts_aggregate_2,2021,855.649
ken,sex_f,edu_aggregate_int,mts_aggregate_2,2022,1134.419
ken,sex_f,edu_aggregate_int,mts_aggregate_total,1999,604.154
ken,sex_f,edu_aggregate_int,mts_aggregate_total,2005,454.974
ken,sex_f,edu_aggregate_int,mts_aggregate_total,2016,1685.705
ken,sex_f,edu_aggregate_int,mts_aggregate_total,2019,956.77
ken,sex_f,edu_aggregate_int,mts_aggregate_total,2021,2558.078
ken,sex_f,edu_aggregate_int,mts_aggregate_total,2022,3533.3
ken,sex_f,edu_aggregate_int,mts_details_mrd,1999,132.784
ken,sex_f,edu_aggregate_int,mts_details_mrd,2005,195.488
ken,sex_f,edu_aggregate_int,mts_details_mrd,2016,397.051
ken,sex_f,edu_aggregate_int,mts_details_mrd,2019,375.372
ken,sex_f,edu_aggregate_int,mts_details_mrd,2021,844.818
ken,sex_f,edu_aggregate_int,mts_details_mrd,2022,1079.867
ken,sex_f,edu_aggregate_int,mts_details_sep,1999,4.675
ken,sex_f,edu_aggregate_int,mts_details_sep,2005,4.508
ken,sex_f,edu_aggregate_int,mts_details_sep,2016,14.009
ken,sex_f,edu_aggregate_int,mts_details_sep,2019,10.521
ken,sex_f,edu_aggregate_int,mts_details_sep,2021,29.241
ken,sex_f,edu_aggregate_int,mts_details_sep,2022,82.682
ken,sex_f,edu_aggregate_int,mts_details_sgle,1999,462.533
ken,sex_f,edu_aggregate_int,mts_details_sgle,2005,236.573
ken,sex_f,edu_aggregate_int,mts_details_sgle,2016,1250.323
ken,sex_f,edu_aggregate_int,mts_details_sgle,2019,543.579
ken,sex_f,edu_aggregate_int,mts_details_sgle,2021,1633.518
ken,sex_f,edu_aggregate_int,mts_details_sgle,2022,2281.252
ken,sex_f,edu_aggregate_int,mts_details_total,1999,604.154
ken,sex_f,edu_aggregate_int,mts_details_total,2005,454.974
ken,sex_f,edu_aggregate_int,mts_details_total,2016,1685.705
ken,sex_f,edu_aggregate_int,mts_details_total,2019,956.77
ken,sex_f,edu_aggregate_int,mts_details_total,2021,2558.078
ken,sex_f,edu_aggregate_int,mts_details_total,2022,3533.3
ken,sex_f,edu_aggregate_int,mts_details_union,2005,6.532
ken,sex_f,edu_aggregate_int,mts_details_union,2016,8.481
ken,sex_f,edu_aggregate_int,mts_details_union,2019,19.396
ken,sex_f,edu_aggregate_int,mts_details_union,2021,10.831
ken,sex_f,edu_aggregate_int,mts_details_union,2022,54.552
ken,sex_f,edu_aggregate_int,mts_details_wid,1999,3.738
ken,sex_f,edu_aggregate_int,mts_details_wid,2005,7.5
ken,sex_f,edu_aggregate_int,mts_details_wid,2016,15.841
ken,sex_f,edu_aggregate_int,mts_details_wid,2019,4.397
ken,sex_f,edu_aggregate_int,mts_details_wid,2021,39.67
ken,sex_f,edu_aggregate_int,mts_details_wid,2022,34.946
ken,sex_f,edu_aggregate_ltb,mts_aggregate_1,1999,340.251
ken,sex_f,edu_aggregate_ltb,mts_aggregate_1,2005,747.683
ken,sex_f,edu_aggregate_ltb,mts_aggregate_1,2016,305.915
ken,sex_f,edu_aggregate_ltb,mts_aggregate_1,2019,703.435
ken,sex_f,edu_aggregate_ltb,mts_aggregate_1,2021,462.332
ken,sex_f,edu_aggregate_ltb,mts_aggregate_1,2022,491.409
ken,sex_f,edu_aggregate_ltb,mts_aggregate_2,1999,332.672
ken,sex_f,edu_aggregate_ltb,mts_aggregate_2,2005,691.904
ken,sex_f,edu_aggregate_ltb,mts_aggregate_2,2016,343.269
ken,sex_f,edu_aggregate_ltb,mts_aggregate_2,2019,718.09
ken,sex_f,edu_aggregate_ltb,mts_aggregate_2,2021,598.896
ken,sex_f,edu_aggregate_ltb,mts_aggregate_2,2022,701.262
ken,sex_f,edu_aggregate_ltb,mts_aggregate_total,1999,675.629
ken,sex_f,edu_aggregate_ltb,mts_aggregate_total,2005,1444.195
ken,sex_f,edu_aggregate_ltb,mts_aggregate_total,2016,649.185
ken,sex_f,edu_aggregate_ltb,mts_aggregate_total,2019,1421.524
ken,sex_f,edu_aggregate_ltb,mts_aggregate_total,2021,1061.228
ken,sex_f,edu_aggregate_ltb,mts_aggregate_total,2022,1192.671
ken,sex_f,edu_aggregate_ltb,mts_aggregate_x,1999,2.707
ken,sex_f,edu_aggregate_ltb,mts_aggregate_x,2005,4.607
ken,sex_f,edu_aggregate_ltb,mts_details_mrd,1999,332.672
ken,sex_f,edu_aggregate_ltb,mts_details_mrd,2005,686.347
ken,sex_f,edu_aggregate_ltb,mts_details_mrd,2016,342.388
ken,sex_f,edu_aggregate_ltb,mts_details_mrd,2019,667.298
ken,sex_f,edu_aggregate_ltb,mts_details_mrd,2021,586.205
ken,sex_f,edu_aggregate_ltb,mts_details_mrd,2022,693.825
ken,sex_f,edu_aggregate_ltb,mts_details_sep,1999,90.875
ken,sex_f,edu_aggregate_ltb,mts_details_sep,2005,45.207
ken,sex_f,edu_aggregate_ltb,mts_details_sep,2016,27.371
ken,sex_f,edu_aggregate_ltb,mts_details_sep,2019,54.996
ken,sex_f,edu_aggregate_ltb,mts_details_sep,2021,32.545
ken,sex_f,edu_aggregate_ltb,mts_details_sep,2022,49.155
ken,sex_f,edu_aggregate_ltb,mts_details_sgle,1999,85.717
ken,sex_f,edu_aggregate_ltb,mts_details_sgle,2005,323.666
ken,sex_f,edu_aggregate_ltb,mts_details_sgle,2016,48.294
ken,sex_f,edu_aggregate_ltb,mts_details_sgle,2019,202.619
ken,sex_f,edu_aggregate_ltb,mts_details_sgle,2021,71.705
ken,sex_f,edu_aggregate_ltb,mts_details_sgle,2022,132.754
ken,sex_f,edu_aggregate_ltb,mts_details_total,1999,675.629
ken,sex_f,edu_aggregate_ltb,mts_details_total,2005,1444.195
ken,sex_f,edu_aggregate_ltb,mts_details_total,2016,649.185
ken,sex_f,edu_aggregate_ltb,mts_details_total,2019,1421.524
ken,sex_f,edu_aggregate_ltb,mts_details_total,2021,1061.228
ken,sex_f,edu_aggregate_ltb,mts_details_total,2022,1192.671
ken,sex_f,edu_aggregate_ltb,mts_details_union,2005,5.557
ken,sex_f,edu_aggregate_ltb,mts_details_union,2019,50.792
ken,sex_f,edu_aggregate_ltb,mts_details_union,2021,12.692
ken,sex_f,edu_aggregate_ltb,mts_details_union,2022,7.438
ken,sex_f,edu_aggregate_ltb,mts_details_wid,1999,163.658
ken,sex_f,edu_aggregate_ltb,mts_details_wid,2005,378.81
ken,sex_f,edu_aggregate_ltb,mts_details_wid,2016,230.25
ken,sex_f,edu_aggregate_ltb,mts_details_wid,2019,445.82
ken,sex_f,edu_aggregate_ltb,mts_details_wid,2021,358.081
ken,sex_f,edu_aggregate_ltb,mts_details_wid,2022,309.5
ken,sex_f,edu_aggregate_ltb,mts_details_x,1999,2.707
ken,sex_f,edu_aggregate_ltb,mts_details_x,2005,4.607
ken,sex_f,edu_aggregate_total,mts_aggregate_1,1999,1638.348
ken,sex_f,edu_aggregate_total,mts_aggregate_1,2005,2712.24
ken,sex_f,edu_aggregate_total,mts_aggregate_1,2016,2660.282
ken,sex_f,edu_aggregate_total,mts_aggregate_1,2019,3353.835
ken,sex_f,edu_aggregate_total,mts_aggregate_1,2021,3578.799
ken,sex_f,edu_aggregate_total,mts_aggregate_1,2022,4367.378
ken,sex_f,edu_aggregate_total,mts_aggregate_2,1999,943.37
ken,sex_f,edu_aggregate_total,mts_aggregate_2,2005,1707.13
ken,sex_f,edu_aggregate_total,mts_aggregate_2,2016,1243.092
ken,sex_f,edu_aggregate_total,mts_aggregate_2,2019,2194.038
ken,sex_f,edu_aggregate_total,mts_aggregate_2,2021,2319.164
ken,sex_f,edu_aggregate_total,mts_aggregate_2,2022,2952.753
ken,sex_f,edu_aggregate_total,mts_aggregate_total,1999,2587.275
ken,sex_f,edu_aggregate_total,mts_aggregate_total,2005,4430.849
ken,sex_f,edu_aggregate_total,mts_aggregate_total,2016,3903.374
ken,sex_f,edu_aggregate_total,mts_aggregate_total,2019,5552.595
ken,sex_f,edu_aggregate_total,mts_aggregate_total,2021,5897.963
ken,sex_f,edu_aggregate_total,mts_aggregate_total,2022,7320.131
ken,sex_f,edu_aggregate_total,mts_aggregate_x,1999,5.557
ken,sex_f,edu_aggregate_total,mts_aggregate_x,2005,11.478
ken,sex_f,edu_aggregate_total,mts_details_mrd,1999,943.37
ken,sex_f,edu_aggregate_total,mts_details_mrd,2005,1665.9
ken,sex_f,edu_aggregate_total,mts_details_mrd,2016,1224.714
ken,sex_f,edu_aggregate_total,mts_details_mrd,2019,2062.883
ken,sex_f,edu_aggregate_total,mts_details_mrd,2021,2273.052
ken,sex_f,edu_aggregate_total,mts_details_mrd,2022,2850.018
ken,sex_f,edu_aggregate_total,mts_details_sep,1999,129.136
ken,sex_f,edu_aggregate_total,mts_details_sep,2005,93.878
ken,sex_f,edu_aggregate_total,mts_details_sep,2016,72.033
ken,sex_f,edu_aggregate_total,mts_details_sep,2019,124.596
ken,sex_f,edu_aggregate_total,mts_details_sep,2021,108.865
ken,sex_f,edu_aggregate_total,mts_details_sep,2022,223.597
ken,sex_f,edu_aggregate_total,mts_details_sgle,1999,1310.345
ken,sex_f,edu_aggregate_total,mts_details_sgle,2005,2171.884
ken,sex_f,edu_aggregate_total,mts_details_sgle,2016,2276.77
ken,sex_f,edu_aggregate_total,mts_details_sgle,2019,2694.482
ken,sex_f,edu_aggregate_total,mts_details_sgle,2021,2936.998
ken,sex_f,edu_aggregate_total,mts_details_sgle,2022,3655.306
ken,sex_f,edu_aggregate_total,mts_details_total,1999,2587.275
ken,sex_f,edu_aggregate_total,mts_details_total,2005,4430.849
ken,sex_f,edu_aggregate_total,mts_details_total,2016,3903.374
ken,sex_f,edu_aggregate_total,mts_details_total,2019,5552.595
ken,sex_f,edu_aggregate_total,mts_details_total,2021,5897.963
ken,sex_f,edu_aggregate_total,mts_details_total,2022,7320.131
ken,sex_f,edu_aggregate_total,mts_details_union,2005,41.23
ken,sex_f,edu_aggregate_total,mts_details_union,2016,18.378
ken,sex_f,edu_aggregate_total,mts_details_union,2019,131.155
ken,sex_f,edu_aggregate_total,mts_details_union,2021,46.112
ken,sex_f,edu_aggregate_total,mts_details_union,2022,102.735
ken,sex_f,edu_aggregate_total,mts_details_wid,1999,198.867
ken,sex_f,edu_aggregate_total,mts_details_wid,2005,446.477
ken,sex_f,edu_aggregate_total,mts_details_wid,2016,311.479
ken,sex_f,edu_aggregate_total,mts_details_wid,2019,534.758
ken,sex_f,edu_aggregate_total,mts_details_wid,2021,532.936
ken,sex_f,edu_aggregate_total,mts_details_wid,2022,488.476
ken,sex_f,edu_aggregate_total,mts_details_x,1999,5.557
ken,sex_f,edu_aggregate_total,mts_details_x,2005,11.478
ken,sex_f,edu_aggregate_x,mts_aggregate_1,1999,10.112
ken,sex_f,edu_aggregate_x,mts_aggregate_1,2005,11.592
ken,sex_f,edu_aggregate_x,mts_aggregate_1,2016,19.732
ken,sex_f,edu_aggregate_x,mts_aggregate_1,2019,15.284
ken,sex_f,edu_aggregate_x,mts_aggregate_1,2021,8.332
ken,sex_f,edu_aggregate_x,mts_aggregate_1,2022,28.329
ken,sex_f,edu_aggregate_x,mts_aggregate_2,2005,7.116
ken,sex_f,edu_aggregate_x,mts_aggregate_2,2016,17.827
ken,sex_f,edu_aggregate_x,mts_aggregate_2,2019,12.074
ken,sex_f,edu_aggregate_x,mts_aggregate_2,2021,7.454
ken,sex_f,edu_aggregate_x,mts_aggregate_2,2022,32.952
ken,sex_f,edu_aggregate_x,mts_aggregate_total,1999,10.523
ken,sex_f,edu_aggregate_x,mts_aggregate_total,2005,18.708
ken,sex_f,edu_aggregate_x,mts_aggregate_total,2016,37.559
ken,sex_f,edu_aggregate_x,mts_aggregate_total,2019,28.575
ken,sex_f,edu_aggregate_x,mts_aggregate_total,2021,15.787
ken,sex_f,edu_aggregate_x,mts_aggregate_total,2022,61.281
ken,sex_f,edu_aggregate_x,mts_details_mrd,2005,6.608
ken,sex_f,edu_aggregate_x,mts_details_mrd,2016,17.827
ken,sex_f,edu_aggregate_x,mts_details_mrd,2019,11.376
ken,sex_f,edu_aggregate_x,mts_details_mrd,2021,7.454
ken,sex_f,edu_aggregate_x,mts_details_mrd,2022,32.952
ken,sex_f,edu_aggregate_x,mts_details_sep,2016,2.937
ken,sex_f,edu_aggregate_x,mts_details_sgle,1999,8.878
ken,sex_f,edu_aggregate_x,mts_details_sgle,2005,8.18
ken,sex_f,edu_aggregate_x,mts_details_sgle,2016,9.091
ken,sex_f,edu_aggregate_x,mts_details_sgle,2019,6.721
ken,sex_f,edu_aggregate_x,mts_details_sgle,2021,5.627
ken,sex_f,edu_aggregate_x,mts_details_sgle,2022,25.184
ken,sex_f,edu_aggregate_x,mts_details_total,1999,10.523
ken,sex_f,edu_aggregate_x,mts_details_total,2005,18.708
ken,sex_f,edu_aggregate_x,mts_details_total,2016,37.559
ken,sex_f,edu_aggregate_x,mts_details_total,2019,28.575
ken,sex_f,edu_aggregate_x,mts_details_total,2021,15.787
ken,sex_f,edu_aggregate_x,mts_details_total,2022,61.281
ken,sex_f,edu_aggregate_x,mts_details_wid,2016,7.704
ken,sex_f,edu_aggregate_x,mts_details_wid,2019,8.153
ken,sex_f,edu_aggregate_x,mts_details_wid,2021,2.705
ken,sex_f,edu_aggregate_x,mts_details_wid,2022,2.88
ken,sex_f,edu_isced11_0,mts_aggregate_1,2019,211.95
ken,sex_f,edu_isced11_0,mts_aggregate_1,2021,5.439
ken,sex_f,edu_isced11_0,mts_aggregate_1,2022,4.271
ken,sex_f,edu_isced11_0,mts_aggregate_2,2019,143.93
ken,sex_f,edu_isced11_0,mts_aggregate_2,2021,2.656
ken,sex_f,edu_isced11_0,mts_aggregate_total,2019,355.881
ken,sex_f,edu_isced11_0,mts_aggregate_total,2021,8.095
ken,sex_f,edu_isced11_0,mts_aggregate_total,2022,5.888
ken,sex_f,edu_isced11_0,mts_details_mrd,2019,141.325
ken,sex_f,edu_isced11_0,mts_details_mrd,2021,2.656
ken,sex_f,edu_isced11_0,mts_details_sep,2019,13.539
ken,sex_f,edu_isced11_0,mts_details_sgle,2019,115.861
ken,sex_f,edu_isced11_0,mts_details_sgle,2021,4.072
ken,sex_f,edu_isced11_0,mts_details_total,2019,355.881
ken,sex_f,edu_isced11_0,mts_details_total,2021,8.095
ken,sex_f,edu_isced11_0,mts_details_total,2022,5.888
ken,sex_f,edu_isced11_0,mts_details_union,2019,2.605
ken,sex_f,edu_isced11_0,mts_details_wid,2019,82.551
ken,sex_f,edu_isced11_1,mts_aggregate_1,2019,145.585
ken,sex_f,edu_isced11_1,mts_aggregate_1,2021,429.827
ken,sex_f,edu_isced11_1,mts_aggregate_1,2022,361.49
ken,sex_f,edu_isced11_1,mts_aggregate_2,2019,74.185
ken,sex_f,edu_isced11_1,mts_aggregate_2,2021,217.581
ken,sex_f,edu_isced11_1,mts_aggregate_2,2022,247.578
ken,sex_f,edu_isced11_1,mts_aggregate_total,2019,219.77
ken,sex_f,edu_isced11_1,mts_aggregate_total,2021,647.408
ken,sex_f,edu_isced11_1,mts_aggregate_total,2022,609.067
ken,sex_f,edu_isced11_1,mts_details_mrd,2019,68.949
ken,sex_f,edu_isced11_1,mts_details_mrd,2021,211.073
ken,sex_f,edu_isced11_1,mts_details_mrd,2022,239.763
ken,sex_f,edu_isced11_1,mts_details_sep,2019,5.449
ken,sex_f,edu_isced11_1,mts_details_sep,2021,18.622
ken,sex_f,edu_isced11_1,mts_details_sep,2022,36.17
ken,sex_f,edu_isced11_1,mts_details_sgle,2019,130.957
ken,sex_f,edu_isced11_1,mts_details_sgle,2021,313.796
ken,sex_f,edu_isced11_1,mts_details_sgle,2022,238.201
ken,sex_f,edu_isced11_1,mts_details_total,2019,219.77
ken,sex_f,edu_isced11_1,mts_details_total,2021,647.408
ken,sex_f,edu_isced11_1,mts_details_total,2022,609.067
ken,sex_f,edu_isced11_1,mts_details_union,2019,5.236
ken,sex_f,edu_isced11_1,mts_details_union,2021,6.508
ken,sex_f,edu_isced11_1,mts_details_union,2022,7.815
ken,sex_f,edu_isced11_1,mts_details_wid,2019,9.179
ken,sex_f,edu_isced11_1,mts_details_wid,2021,97.409
ken,sex_f,edu_isced11_1,mts_details_wid,2022,87.118
ken,sex_f,edu_isced11_2,mts_aggregate_1,2019,1898.129
ken,sex_f,edu_isced11_2,mts_aggregate_1,2021,781.001
ken,sex_f,edu_isced11_2,mts_aggregate_1,2022,865.293
ken,sex_f,edu_isced11_2,mts_aggregate_2,2019,955.194
ken,sex_f,edu_isced11_2,mts_aggregate_2,2021,555.783
ken,sex_f,edu_isced11_2,mts_aggregate_2,2022,746.852
ken,sex_f,edu_isced11_2,mts_aggregate_total,2019,2853.323
ken,sex_f,edu_isced11_2,mts_aggregate_total,2021,1336.784
ken,sex_f,edu_isced11_2,mts_aggregate_total,2022,1612.145
ken,sex_f,edu_isced11_2,mts_details_mrd,2019,902.212
ken,sex_f,edu_isced11_2,mts_details_mrd,2021,547.448
ken,sex_f,edu_isced11_2,mts_details_mrd,2022,716.644
ken,sex_f,edu_isced11_2,mts_details_sep,2019,51.476
ken,sex_f,edu_isced11_2,mts_details_sep,2021,27.588
ken,sex_f,edu_isced11_2,mts_details_sep,2022,55.323
ken,sex_f,edu_isced11_2,mts_details_sgle,2019,1779.445
ken,sex_f,edu_isced11_2,mts_details_sgle,2021,718.342
ken,sex_f,edu_isced11_2,mts_details_sgle,2022,760.418
ken,sex_f,edu_isced11_2,mts_details_total,2019,2853.323
ken,sex_f,edu_isced11_2,mts_details_total,2021,1336.784
ken,sex_f,edu_isced11_2,mts_details_total,2022,1612.145
ken,sex_f,edu_isced11_2,mts_details_union,2019,52.983
ken,sex_f,edu_isced11_2,mts_details_union,2021,8.335
ken,sex_f,edu_isced11_2,mts_details_union,2022,30.208
ken,sex_f,edu_isced11_2,mts_details_wid,2019,67.209
ken,sex_f,edu_isced11_2,mts_details_wid,2021,35.071
ken,sex_f,edu_isced11_2,mts_details_wid,2022,49.552
ken,sex_f,edu_isced11_3,mts_aggregate_1,2019,553.645
ken,sex_f,edu_isced11_3,mts_aggregate_1,2021,1683.87
ken,sex_f,edu_isced11_3,mts_aggregate_1,2022,2375.443
ken,sex_f,edu_isced11_3,mts_aggregate_2,2019,388.727
ken,sex_f,edu_isced11_3,mts_aggregate_2,2021,842.603
ken,sex_f,edu_isced11_3,mts_aggregate_2,2022,1117.511
ken,sex_f,edu_isced11_3,mts_aggregate_total,2019,945.877
ken,sex_f,edu_isced11_3,mts_aggregate_total,2021,2526.474
ken,sex_f,edu_isced11_3,mts_aggregate_total,2022,3492.954
ken,sex_f,edu_isced11_3,mts_details_mrd,2019,370.678
ken,sex_f,edu_isced11_3,mts_details_mrd,2021,832.027
ken,sex_f,edu_isced11_3,mts_details_mrd,2022,1064.804
ken,sex_f,edu_isced11_3,mts_details_sep,2019,8.836
ken,sex_f,edu_isced11_3,mts_details_sep,2021,27.839
ken,sex_f,edu_isced11_3,mts_details_sep,2022,80.054
ken,sex_f,edu_isced11_3,mts_details_sgle,2019,540.412
ken,sex_f,edu_isced11_3,mts_details_sgle,2021,1617.425
ken,sex_f,edu_isced11_3,mts_details_sgle,2022,2260.444
ken,sex_f,edu_isced11_3,mts_details_total,2019,945.877
ken,sex_f,edu_isced11_3,mts_details_total,2021,2526.474
ken,sex_f,edu_isced11_3,mts_details_total,2022,3492.954
ken,sex_f,edu_isced11_3,mts_details_union,2019,18.049
ken,sex_f,edu_isced11_3,mts_details_union,2021,10.576
ken,sex_f,edu_isced11_3,mts_details_union,2022,52.706
ken,sex_f,edu_isced11_3,mts_details_wid,2019,4.397
ken,sex_f,edu_isced11_3,mts_details_wid,2021,38.606
ken,sex_f,edu_isced11_3,mts_details_wid,2022,34.946
ken,sex_f,edu_isced11_4,mts_aggregate_1,2019,4.852
ken,sex_f,edu_isced11_4,mts_aggregate_1,2021,18.558
ken,sex_f,edu_isced11_4,mts_aggregate_1,2022,23.437
ken,sex_f,edu_isced11_4,mts_aggregate_2,2019,6.041
ken,sex_f,edu_isced11_4,mts_aggregate_2,2021,13.046
ken,sex_f,edu_isced11_4,mts_aggregate_2,2022,16.909
ken,sex_f,edu_isced11_4,mts_aggregate_total,2019,10.893
ken,sex_f,edu_isced11_4,mts_aggregate_total,2021,31.604
ken,sex_f,edu_isced11_4,mts_aggregate_total,2022,40.346
ken,sex_f,edu_isced11_4,mts_details_mrd,2019,4.694
ken,sex_f,edu_isced11_4,mts_details_mrd,2021,12.791
ken,sex_f,edu_isced11_4,mts_details_mrd,2022,15.063
ken,sex_f,edu_isced11_4,mts_details_sgle,2019,3.168
ken,sex_f,edu_isced11_4,mts_details_sgle,2021,16.093
ken,sex_f,edu_isced11_4,mts_details_sgle,2022,20.808
ken,sex_f,edu_isced11_4,mts_details_total,2019,10.893
ken,sex_f,edu_isced11_4,mts_details_total,2021,31.604
ken,sex_f,edu_isced11_4,mts_details_total,2022,40.346
ken,sex_f,edu_isced11_6,mts_aggregate_1,2019,30.908
ken,sex_f,edu_isced11_6,mts_aggregate_1,2021,193.229
ken,sex_f,edu_isced11_6,mts_aggregate_1,2022,214.835
ken,sex_f,edu_isced11_6,mts_aggregate_2,2019,34.467
ken,sex_f,edu_isced11_6,mts_aggregate_2,2021,76.167
ken,sex_f,edu_isced11_6,mts_aggregate_2,2022,76.512
ken,sex_f,edu_isced11_6,mts_aggregate_total,2019,65.375
ken,sex_f,edu_isced11_6,mts_aggregate_total,2021,269.396
ken,sex_f,edu_isced11_6,mts_aggregate_total,2022,291.347
ken,sex_f,edu_isced11_6,mts_details_mrd,2019,32.418
ken,sex_f,edu_isced11_6,mts_details_mrd,2021,68.421
ken,sex_f,edu_isced11_6,mts_details_mrd,2022,73.79
ken,sex_f,edu_isced11_6,mts_details_sgle,2019,29.163
ken,sex_f,edu_isced11_6,mts_details_sgle,2021,192.36
ken,sex_f,edu_isced11_6,mts_details_sgle,2022,211.467
ken,sex_f,edu_isced11_6,mts_details_total,2019,65.375
ken,sex_f,edu_isced11_6,mts_details_total,2021,269.396
ken,sex_f,edu_isced11_6,mts_details_total,2022,291.347
ken,sex_f,edu_isced11_7,mts_aggregate_1,2022,7.141
ken,sex_f,edu_isced11_7,mts_aggregate_2,2019,5.259
ken,sex_f,edu_isced11_7,mts_aggregate_total,2019,7.257
ken,sex_f,edu_isced11_7,mts_aggregate_total,2021,9.282
ken,sex_f,edu_isced11_7,mts_aggregate_total,2022,20.319
ken,sex_f,edu_isced11_7,mts_details_mrd,2019,5.259
ken,sex_f,edu_isced11_7,mts_details_total,2019,7.257
ken,sex_f,edu_isced11_7,mts_details_total,2021,9.282
ken,sex_f,edu_isced11_7,mts_details_total,2022,20.319
ken,sex_f,edu_isced11_9,mts_aggregate_1,2019,15.284
ken,sex_f,edu_isced11_9,mts_aggregate_1,2021,8.332
ken,sex_f,edu_isced11_9,mts_aggregate_1,2022,28.329
ken,sex_f,edu_isced11_9,mts_aggregate_2,2019,12.074
ken,sex_f,edu_isced11_9,mts_aggregate_2,2021,7.454
ken,sex_f,edu_isced11_9,mts_aggregate_2,2022,32.952
ken,sex_f,edu_isced11_9,mts_aggregate_total,2019,28.575
ken,sex_f,edu_isced11_9,mts_aggregate_total,2021,15.787
ken,sex_f,edu_isced11_9,mts_aggregate_total,2022,61.281
ken,sex_f,edu_isced11_9,mts_details_mrd,2019,11.376
ken,sex_f,edu_isced11_9,mts_details_mrd,2021,7.454
ken,sex_f,edu_isced11_9,mts_details_mrd,2022,32.952
ken,sex_f,edu_isced11_9,mts_details_sgle,2019,6.721
ken,sex_f,edu_isced11_9,mts_details_sgle,2021,5.627
ken,sex_f,edu_isced11_9,mts_details_sgle,2022,25.184
ken,sex_f,edu_isced11_9,mts_details_total,2019,28.575
ken,sex_f,edu_isced11_9,mts_details_total,2021,15.787
ken,sex_f,edu_isced11_9,mts_details_total,2022,61.281
ken,sex_f,edu_isced11_9,mts_details_wid,2019,8.153
ken,sex_f,edu_isced11_9,mts_details_wid,2021,2.705
ken,sex_f,edu_isced11_9,mts_details_wid,2022,2.88
ken,sex_f,edu_isced11_total,mts_aggregate_1,2019,3353.835
ken,sex_f,edu_isced11_total,mts_aggregate_1,2021,3578.799
ken,sex_f,edu_isced11_total,mts_aggregate_1,2022,4367.378
ken,sex_f,edu_isced11_total,mts_aggregate_2,2019,2194.038
ken,sex_f,edu_isced11_total,mts_aggregate_2,2021,2319.164
ken,sex_f,edu_isced11_total,mts_aggregate_2,2022,2952.753
ken,sex_f,edu_isced11_total,mts_aggregate_total,2019,5552.595
ken,sex_f,edu_isced11_total,mts_aggregate_total,2021,5897.963
ken,sex_f,edu_isced11_total,mts_aggregate_total,2022,7320.131
ken,sex_f,edu_isced11_total,mts_details_mrd,2019,2062.883
ken,sex_f,edu_isced11_total,mts_details_mrd,2021,2273.052
ken,sex_f,edu_isced11_total,mts_details_mrd,2022,2850.018
ken,sex_f,edu_isced11_total,mts_details_sep,2019,124.596
ken,sex_f,edu_isced11_total,mts_details_sep,2021,108.865
ken,sex_f,edu_isced11_total,mts_details_sep,2022,223.597
ken,sex_f,edu_isced11_total,mts_details_sgle,2019,2694.482
ken,sex_f,edu_isced11_total,mts_details_sgle,2021,2936.998
ken,sex_f,edu_isced11_total,mts_details_sgle,2022,3655.306
ken,sex_f,edu_isced11_total,mts_details_total,2019,5552.595
ken,sex_f,edu_isced11_total,mts_details_total,2021,5897.963
ken,sex_f,edu_isced11_total,mts_details_total,2022,7320.131
ken,sex_f,edu_isced11_total,mts_details_union,2019,131.155
ken,sex_f,edu_isced11_total,mts_details_union,2021,46.112
ken,sex_f,edu_isced11_total,mts_details_union,2022,102.735
ken,sex_f,edu_isced11_total,mts_details_wid,2019,534.758
ken,sex_f,edu_isced11_total,mts_details_wid,2021,532.936
ken,sex_f,edu_isced11_total,mts_details_wid,2022,488.476
ken,sex_f,edu_isced11_x,mts_aggregate_1,2019,491.484
ken,sex_f,edu_isced11_x,mts_aggregate_1,2021,456.893
ken,sex_f,edu_isced11_x,mts_aggregate_1,2022,487.139
ken,sex_f,edu_isced11_x,mts_aggregate_2,2019,574.159
ken,sex_f,edu_isced11_x,mts_aggregate_2,2021,596.24
ken,sex_f,edu_isced11_x,mts_aggregate_2,2022,699.645
ken,sex_f,edu_isced11_x,mts_aggregate_total,2019,1065.643
ken,sex_f,edu_isced11_x,mts_aggregate_total,2021,1053.133
ken,sex_f,edu_isced11_x,mts_aggregate_total,2022,1186.784
ken,sex_f,edu_isced11_x,mts_details_mrd,2019,525.972
ken,sex_f,edu_isced11_x,mts_details_mrd,2021,583.549
ken,sex_f,edu_isced11_x,mts_details_mrd,2022,692.207
ken,sex_f,edu_isced11_x,mts_details_sep,2019,41.457
ken,sex_f,edu_isced11_x,mts_details_sep,2021,31.92
ken,sex_f,edu_isced11_x,mts_details_sep,2022,49.019
ken,sex_f,edu_isced11_x,mts_details_sgle,2019,86.758
ken,sex_f,edu_isced11_x,mts_details_sgle,2021,67.634
ken,sex_f,edu_isced11_x,mts_details_sgle,2022,129.363
ken,sex_f,edu_isced11_x,mts_details_total,2019,1065.643
ken,sex_f,edu_isced11_x,mts_details_total,2021,1053.133
ken,sex_f,edu_isced11_x,mts_details_total,2022,1186.784
ken,sex_f,edu_isced11_x,mts_details_union,2019,48.187
ken,sex_f,edu_isced11_x,mts_details_union,2021,12.692
ken,sex_f,edu_isced11_x,mts_details_union,2022,7.438
ken,sex_f,edu_isced11_x,mts_details_wid,2019,363.269
ken,sex_f,edu_isced11_x,mts_details_wid,2021,357.339
ken,sex_f,edu_isced11_x,mts_details_wid,2022,308.757
ken,sex_f,edu_isced97_0,mts_aggregate_1,2005,283.772
ken,sex_f,edu_isced97_0,mts_aggregate_1,2016,7.821
ken,sex_f,edu_isced97_0,mts_aggregate_2,2005,159.118
ken,sex_f,edu_isced97_0,mts_aggregate_2,2016,2.097
ken,sex_f,edu_isced97_0,mts_aggregate_total,2005,443.536
ken,sex_f,edu_isced97_0,mts_aggregate_total,2016,9.919
ken,sex_f,edu_isced97_0,mts_details_mrd,2005,154.58
ken,sex_f,edu_isced97_0,mts_details_mrd,2016,1.82
ken,sex_f,edu_isced97_0,mts_details_sep,2005,10.602
ken,sex_f,edu_isced97_0,mts_details_sgle,2005,234.008
ken,sex_f,edu_isced97_0,mts_details_sgle,2016,4.105
ken,sex_f,edu_isced97_0,mts_details_total,2005,443.536
ken,sex_f,edu_isced97_0,mts_details_total,2016,9.919
ken,sex_f,edu_isced97_0,mts_details_wid,2005,39.162
ken,sex_f,edu_isced97_0,mts_details_wid,2016,3.274
ken,sex_f,edu_isced97_1,mts_aggregate_1,2005,1233.485
ken,sex_f,edu_isced97_1,mts_aggregate_1,2016,915.05
ken,sex_f,edu_isced97_1,mts_aggregate_2,2005,670.766
ken,sex_f,edu_isced97_1,mts_aggregate_2,2016,438.893
ken,sex_f,edu_isced97_1,mts_aggregate_total,2005,1905.758
ken,sex_f,edu_isced97_1,mts_aggregate_total,2016,1353.943
ken,sex_f,edu_isced97_1,mts_aggregate_x,2005,1.507
ken,sex_f,edu_isced97_1,mts_details_mrd,2005,649.418
ken,sex_f,edu_isced97_1,mts_details_mrd,2016,432.236
ken,sex_f,edu_isced97_1,mts_details_sep,2005,39.908
ken,sex_f,edu_isced97_1,mts_details_sep,2016,26.521
ken,sex_f,edu_isced97_1,mts_details_sgle,2005,1142.11
ken,sex_f,edu_isced97_1,mts_details_sgle,2016,830.845
ken,sex_f,edu_isced97_1,mts_details_total,2005,1905.758
ken,sex_f,edu_isced97_1,mts_details_total,2016,1353.943
ken,sex_f,edu_isced97_1,mts_details_union,2005,21.348
ken,sex_f,edu_isced97_1,mts_details_union,2016,6.658
ken,sex_f,edu_isced97_1,mts_details_wid,2005,51.467
ken,sex_f,edu_isced97_1,mts_details_wid,2016,57.684
ken,sex_f,edu_isced97_1,mts_details_x,2005,1.507
ken,sex_f,edu_isced97_2,mts_aggregate_1,2005,458.593
ken,sex_f,edu_isced97_2,mts_aggregate_1,2016,17.315
ken,sex_f,edu_isced97_2,mts_aggregate_2,2005,126.636
ken,sex_f,edu_isced97_2,mts_aggregate_2,2016,8.149
ken,sex_f,edu_isced97_2,mts_aggregate_total,2005,585.229
ken,sex_f,edu_isced97_2,mts_aggregate_total,2016,25.463
ken,sex_f,edu_isced97_2,mts_details_mrd,2005,119.352
ken,sex_f,edu_isced97_2,mts_details_mrd,2016,8.149
ken,sex_f,edu_isced97_2,mts_details_sep,2005,2.516
ken,sex_f,edu_isced97_2,mts_details_sgle,2005,449.314
ken,sex_f,edu_isced97_2,mts_details_sgle,2016,16.119
ken,sex_f,edu_isced97_2,mts_details_total,2005,585.229
ken,sex_f,edu_isced97_2,mts_details_total,2016,25.463
ken,sex_f,edu_isced97_2,mts_details_union,2005,7.285
ken,sex_f,edu_isced97_2,mts_details_wid,2005,6.763
ken,sex_f,edu_isced97_3,mts_aggregate_1,2005,235.621
ken,sex_f,edu_isced97_3,mts_aggregate_1,2016,1151.124
ken,sex_f,edu_isced97_3,mts_aggregate_2,2005,200.507
ken,sex_f,edu_isced97_3,mts_aggregate_2,2016,320.007
ken,sex_f,edu_isced97_3,mts_aggregate_total,2005,439.511
ken,sex_f,edu_isced97_3,mts_aggregate_total,2016,1471.131
ken,sex_f,edu_isced97_3,mts_details_mrd,2005,193.974
ken,sex_f,edu_isced97_3,mts_details_mrd,2016,312.158
ken,sex_f,edu_isced97_3,mts_details_sep,2005,4.508
ken,sex_f,edu_isced97_3,mts_details_sep,2016,10.003
ken,sex_f,edu_isced97_3,mts_details_sgle,2005,225.358
ken,sex_f,edu_isced97_3,mts_details_sgle,2016,1133.672
ken,sex_f,edu_isced97_3,mts_details_total,2005,439.511
ken,sex_f,edu_isced97_3,mts_details_total,2016,1471.131
ken,sex_f,edu_isced97_3,mts_details_union,2005,6.532
ken,sex_f,edu_isced97_3,mts_details_union,2016,7.85
ken,sex_f,edu_isced97_3,mts_details_wid,2005,5.756
ken,sex_f,edu_isced97_3,mts_details_wid,2016,7.449
ken,sex_f,edu_isced97_4,mts_aggregate_1,2005,12.959
ken,sex_f,edu_isced97_4,mts_aggregate_1,2016,129.049
ken,sex_f,edu_isced97_4,mts_aggregate_2,2016,85.525
ken,sex_f,edu_isced97_4,mts_aggregate_total,2005,15.464
ken,sex_f,edu_isced97_4,mts_aggregate_total,2016,214.574
ken,sex_f,edu_isced97_4,mts_details_mrd,2016,84.893
ken,sex_f,edu_isced97_4,mts_details_sep,2016,4.006
ken,sex_f,edu_isced97_4,mts_details_sgle,2005,11.215
ken,sex_f,edu_isced97_4,mts_details_sgle,2016,116.651
ken,sex_f,edu_isced97_4,mts_details_total,2005,15.464
ken,sex_f,edu_isced97_4,mts_details_total,2016,214.574
ken,sex_f,edu_isced97_4,mts_details_wid,2016,8.392
ken,sex_f,edu_isced97_5,mts_aggregate_1,2005,12.192
ken,sex_f,edu_isced97_5,mts_aggregate_1,2016,122.013
ken,sex_f,edu_isced97_5,mts_aggregate_2,2005,6.554
ken,sex_f,edu_isced97_5,mts_aggregate_2,2016,26.75
ken,sex_f,edu_isced97_5,mts_aggregate_total,2005,19.736
ken,sex_f,edu_isced97_5,mts_aggregate_total,2016,148.763
ken,sex_f,edu_isced97_5,mts_details_mrd,2005,6.554
ken,sex_f,edu_isced97_5,mts_details_mrd,2016,24.392
ken,sex_f,edu_isced97_5,mts_details_sgle,2005,12.041
ken,sex_f,edu_isced97_5,mts_details_sgle,2016,122.013
ken,sex_f,edu_isced97_5,mts_details_total,2005,19.736
ken,sex_f,edu_isced97_5,mts_details_total,2016,148.763
ken,sex_f,edu_isced97_6,mts_aggregate_2,2005,2.133
ken,sex_f,edu_isced97_6,mts_aggregate_2,2016,2.672
ken,sex_f,edu_isced97_6,mts_aggregate_total,2005,2.248
ken,sex_f,edu_isced97_6,mts_aggregate_total,2016,2.756
ken,sex_f,edu_isced97_6,mts_details_mrd,2005,2.133
ken,sex_f,edu_isced97_6,mts_details_mrd,2016,2.672
ken,sex_f,edu_isced97_6,mts_details_total,2005,2.248
ken,sex_f,edu_isced97_6,mts_details_total,2016,2.756
ken,sex_f,edu_isced97_total,mts_aggregate_1,2005,2712.24
ken,sex_f,edu_isced97_total,mts_aggregate_1,2016,2660.282
ken,sex_f,edu_isced97_total,mts_aggregate_2,2005,1707.13
ken,sex_f,edu_isced97_total,mts_aggregate_2,2016,1243.092
ken,sex_f,edu_isced97_total,mts_aggregate_total,2005,4430.849
ken,sex_f,edu_isced97_total,mts_aggregate_total,2016,3903.374
ken,sex_f,edu_isced97_total,mts_aggregate_x,2005,11.478
ken,sex_f,edu_isced97_total,mts_details_mrd,2005,1665.9
ken,sex_f,edu_isced97_total,mts_details_mrd,2016,1224.714
ken,sex_f,edu_isced97_total,mts_details_sep,2005,93.878
ken,sex_f,edu_isced97_total,mts_details_sep,2016,72.033
ken,sex_f,edu_isced97_total,mts_details_sgle,2005,2171.884
ken,sex_f,edu_isced97_total,mts_details_sgle,2016,2276.77
ken,sex_f,edu_isced97_total,mts_details_total,2005,4430.849
ken,sex_f,edu_isced97_total,mts_details_total,2016,3903.374
ken,sex_f,edu_isced97_total,mts_details_union,2005,41.23
ken,sex_f,edu_isced97_total,mts_details_union,2016,18.378
ken,sex_f,edu_isced97_total,mts_details_wid,2005,446.477
ken,sex_f,edu_isced97_total,mts_details_wid,2016,311.479
ken,sex_f,edu_isced97_total,mts_details_x,2005,11.478
ken,sex_f,edu_isced97_unk,mts_aggregate_1,2005,11.592
ken,sex_f,edu_isced97_unk,mts_aggregate_1,2016,19.732
ken,sex_f,edu_isced97_unk,mts_aggregate_2,2005,7.116
ken,sex_f,edu_isced97_unk,mts_aggregate_2,2016,17.827
ken,sex_f,edu_isced97_unk,mts_aggregate_total,2005,18.708
ken,sex_f,edu_isced97_unk,mts_aggregate_total,2016,37.559
ken,sex_f,edu_isced97_unk,mts_details_mrd,2005,6.608
ken,sex_f,edu_isced97_unk,mts_details_mrd,2016,17.827
ken,sex_f,edu_isced97_unk,mts_details_sep,2016,2.937
ken,sex_f,edu_isced97_unk,mts_details_sgle,2005,8.18
ken,sex_f,edu_isced97_unk,mts_details_sgle,2016,9.091
ken,sex_f,edu_isced97_unk,mts_details_total,2005,18.708
ken,sex_f,edu_isced97_unk,mts_details_total,2016,37.559
ken,sex_f,edu_isced97_unk,mts_details_wid,2016,7.704
ken,sex_f,edu_isced97_x,mts_aggregate_1,2005,463.911
ken,sex_f,edu_isced97_x,mts_aggregate_1,2016,298.094
ken,sex_f,edu_isced97_x,mts_aggregate_2,2005,532.787
ken,sex_f,edu_isced97_x,mts_aggregate_2,2016,341.172
ken,sex_f,edu_isced97_x,mts_aggregate_total,2005,1000.658
ken,sex_f,edu_isced97_x,mts_aggregate_total,2016,639.266
ken,sex_f,edu_isced97_x,mts_aggregate_x,2005,3.96
ken,sex_f,edu_isced97_x,mts_details_mrd,2005,531.767
ken,sex_f,edu_isced97_x,mts_details_mrd,2016,340.568
ken,sex_f,edu_isced97_x,mts_details_sep,2005,34.605
ken,sex_f,edu_isced97_x,mts_details_sep,2016,26.928
ken,sex_f,edu_isced97_x,mts_details_sgle,2005,89.658
ken,sex_f,edu_isced97_x,mts_details_sgle,2016,44.189
ken,sex_f,edu_isced97_x,mts_details_total,2005,1000.658
ken,sex_f,edu_isced97_x,mts_details_total,2016,639.266
ken,sex_f,edu_isced97_x,mts_details_wid,2005,339.649
ken,sex_f,edu_isced97_x,mts_details_wid,2016,226.977
ken,sex_f,edu_isced97_x,mts_details_x,2005,3.96
ken,sex_m,edu_aggregate_adv,mts_aggregate_1,1999,29.086
ken,sex_m,edu_aggregate_adv,mts_aggregate_1,2005,14.665
ken,sex_m,edu_aggregate_adv,mts_aggregate_1,2016,198.229
ken,sex_m,edu_aggregate_adv,mts_aggregate_1,2019,38.071
ken,sex_m,edu_aggregate_adv,mts_aggregate_1,2021,205.965
ken,sex_m,edu_aggregate_adv,mts_aggregate_1,2022,258.791
ken,sex_m,edu_aggregate_adv,mts_aggregate_2,1999,4.514
ken,sex_m,edu_aggregate_adv,mts_aggregate_2,2005,7.891
ken,sex_m,edu_aggregate_adv,mts_aggregate_2,2016,16.197
ken,sex_m,edu_aggregate_adv,mts_aggregate_2,2019,28.412
ken,sex_m,edu_aggregate_adv,mts_aggregate_2,2021,54.091
ken,sex_m,edu_aggregate_adv,mts_aggregate_2,2022,58.654
ken,sex_m,edu_aggregate_adv,mts_aggregate_total,1999,33.6
ken,sex_m,edu_aggregate_adv,mts_aggregate_total,2005,23.547
ken,sex_m,edu_aggregate_adv,mts_aggregate_total,2016,214.426
ken,sex_m,edu_aggregate_adv,mts_aggregate_total,2019,66.483
ken,sex_m,edu_aggregate_adv,mts_aggregate_total,2021,260.055
ken,sex_m,edu_aggregate_adv,mts_aggregate_total,2022,317.445
ken,sex_m,edu_aggregate_adv,mts_details_mrd,1999,4.514
ken,sex_m,edu_aggregate_adv,mts_details_mrd,2005,7.891
ken,sex_m,edu_aggregate_adv,mts_details_mrd,2016,15.491
ken,sex_m,edu_aggregate_adv,mts_details_mrd,2019,27.589
ken,sex_m,edu_aggregate_adv,mts_details_mrd,2021,44.168
ken,sex_m,edu_aggregate_adv,mts_details_mrd,2022,54.191
ken,sex_m,edu_aggregate_adv,mts_details_sgle,1999,28.433
ken,sex_m,edu_aggregate_adv,mts_details_sgle,2005,13.915
ken,sex_m,edu_aggregate_adv,mts_details_sgle,2016,198.215
ken,sex_m,edu_aggregate_adv,mts_details_sgle,2019,37.203
ken,sex_m,edu_aggregate_adv,mts_details_sgle,2021,202.613
ken,sex_m,edu_aggregate_adv,mts_details_sgle,2022,257.302
ken,sex_m,edu_aggregate_adv,mts_details_total,1999,33.6
ken,sex_m,edu_aggregate_adv,mts_details_total,2005,23.547
ken,sex_m,edu_aggregate_adv,mts_details_total,2016,214.426
ken,sex_m,edu_aggregate_adv,mts_details_total,2019,66.483
ken,sex_m,edu_aggregate_adv,mts_details_total,2021,260.055
ken,sex_m,edu_aggregate_adv,mts_details_total,2022,317.445
ken,sex_m,edu_aggregate_adv,mts_details_union,2021,9.923
ken,sex_m,edu_aggregate_bas,mts_aggregate_1,1999,880.75
ken,sex_m,edu_aggregate_bas,mts_aggregate_1,2005,1696.161
ken,sex_m,edu_aggregate_bas,mts_aggregate_1,2016,1061.479
ken,sex_m,edu_aggregate_bas,mts_aggregate_1,2019,2054.147
ken,sex_m,edu_aggregate_bas,mts_aggregate_1,2021,1294.331
ken,sex_m,edu_aggregate_bas,mts_aggregate_1,2022,1428.136
ken,sex_m,edu_aggregate_bas,mts_aggregate_2,1999,272.887
ken,sex_m,edu_aggregate_bas,mts_aggregate_2,2005,161.972
ken,sex_m,edu_aggregate_bas,mts_aggregate_2,2016,92.292
ken,sex_m,edu_aggregate_bas,mts_aggregate_2,2019,305.342
ken,sex_m,edu_aggregate_bas,mts_aggregate_2,2021,270.4
ken,sex_m,edu_aggregate_bas,mts_aggregate_2,2022,414.069
ken,sex_m,edu_aggregate_bas,mts_aggregate_total,1999,1154.825
ken,sex_m,edu_aggregate_bas,mts_aggregate_total,2005,1860.695
ken,sex_m,edu_aggregate_bas,mts_aggregate_total,2016,1153.771
ken,sex_m,edu_aggregate_bas,mts_aggregate_total,2019,2359.488
ken,sex_m,edu_aggregate_bas,mts_aggregate_total,2021,1564.84
ken,sex_m,edu_aggregate_bas,mts_aggregate_total,2022,1842.205
ken,sex_m,edu_aggregate_bas,mts_aggregate_x,2005,2.562
ken,sex_m,edu_aggregate_bas,mts_details_mrd,1999,272.887
ken,sex_m,edu_aggregate_bas,mts_details_mrd,2005,159.647
ken,sex_m,edu_aggregate_bas,mts_details_mrd,2016,92.292
ken,sex_m,edu_aggregate_bas,mts_details_mrd,2019,292.953
ken,sex_m,edu_aggregate_bas,mts_details_mrd,2021,254.484
ken,sex_m,edu_aggregate_bas,mts_details_mrd,2022,394.765
ken,sex_m,edu_aggregate_bas,mts_details_sep,1999,10.523
ken,sex_m,edu_aggregate_bas,mts_details_sep,2005,12.63
ken,sex_m,edu_aggregate_bas,mts_details_sep,2016,10.327
ken,sex_m,edu_aggregate_bas,mts_details_sep,2019,26.014
ken,sex_m,edu_aggregate_bas,mts_details_sep,2021,25.134
ken,sex_m,edu_aggregate_bas,mts_details_sep,2022,60.092
ken,sex_m,edu_aggregate_bas,mts_details_sgle,1999,861.078
ken,sex_m,edu_aggregate_bas,mts_details_sgle,2005,1677.253
ken,sex_m,edu_aggregate_bas,mts_details_sgle,2016,1036.773
ken,sex_m,edu_aggregate_bas,mts_details_sgle,2019,2003.597
ken,sex_m,edu_aggregate_bas,mts_details_sgle,2021,1240.729
ken,sex_m,edu_aggregate_bas,mts_details_sgle,2022,1339.804
ken,sex_m,edu_aggregate_bas,mts_details_total,1999,1154.825
ken,sex_m,edu_aggregate_bas,mts_details_total,2005,1860.695
ken,sex_m,edu_aggregate_bas,mts_details_total,2016,1153.771
ken,sex_m,edu_aggregate_bas,mts_details_total,2019,2359.488
ken,sex_m,edu_aggregate_bas,mts_details_total,2021,1564.84
ken,sex_m,edu_aggregate_bas,mts_details_total,2022,1842.205
ken,sex_m,edu_aggregate_bas,mts_details_union,2019,12.389
ken,sex_m,edu_aggregate_bas,mts_details_union,2021,15.916
ken,sex_m,edu_aggregate_bas,mts_details_union,2022,19.304
ken,sex_m,edu_aggregate_bas,mts_details_wid,1999,9.15
ken,sex_m,edu_aggregate_bas,mts_details_wid,2005,6.279
ken,sex_m,edu_aggregate_bas,mts_details_wid,2016,14.378
ken,sex_m,edu_aggregate_bas,mts_details_wid,2019,24.536
ken,sex_m,edu_aggregate_bas,mts_details_wid,2021,28.468
ken,sex_m,edu_aggregate_bas,mts_details_wid,2022,28.24
ken,sex_m,edu_aggregate_bas,mts_details_x,2005,2.562
ken,sex_m,edu_aggregate_int,mts_aggregate_1,1999,539.133
ken,sex_m,edu_aggregate_int,mts_aggregate_1,2005,266.554
ken,sex_m,edu_aggregate_int,mts_aggregate_1,2016,1271.65
ken,sex_m,edu_aggregate_int,mts_aggregate_1,2019,606.928
ken,sex_m,edu_aggregate_int,mts_aggregate_1,2021,1547.431
ken,sex_m,edu_aggregate_int,mts_aggregate_1,2022,2311.384
ken,sex_m,edu_aggregate_int,mts_aggregate_2,1999,81.063
ken,sex_m,edu_aggregate_int,mts_aggregate_2,2005,68.877
ken,sex_m,edu_aggregate_int,mts_aggregate_2,2016,75.461
ken,sex_m,edu_aggregate_int,mts_aggregate_2,2019,110.13
ken,sex_m,edu_aggregate_int,mts_aggregate_2,2021,220.3
ken,sex_m,edu_aggregate_int,mts_aggregate_2,2022,448.081
ken,sex_m,edu_aggregate_int,mts_aggregate_total,1999,620.62
ken,sex_m,edu_aggregate_int,mts_aggregate_total,2005,335.619
ken,sex_m,edu_aggregate_int,mts_aggregate_total,2016,1347.112
ken,sex_m,edu_aggregate_int,mts_aggregate_total,2019,717.059
ken,sex_m,edu_aggregate_int,mts_aggregate_total,2021,1767.731
ken,sex_m,edu_aggregate_int,mts_aggregate_total,2022,2759.465
ken,sex_m,edu_aggregate_int,mts_details_mrd,1999,81.063
ken,sex_m,edu_aggregate_int,mts_details_mrd,2005,66.424
ken,sex_m,edu_aggregate_int,mts_details_mrd,2016,74.436
ken,sex_m,edu_aggregate_int,mts_details_mrd,2019,107.122
ken,sex_m,edu_aggregate_int,mts_details_mrd,2021,212.464
ken,sex_m,edu_aggregate_int,mts_details_mrd,2022,414.157
ken,sex_m,edu_aggregate_int,mts_details_sep,2005,5.506
ken,sex_m,edu_aggregate_int,mts_details_sep,2016,10.629
ken,sex_m,edu_aggregate_int,mts_details_sep,2019,9.653
ken,sex_m,edu_aggregate_int,mts_details_sep,2021,21.741
ken,sex_m,edu_aggregate_int,mts_details_sep,2022,27.026
ken,sex_m,edu_aggregate_int,mts_details_sgle,1999,536.478
ken,sex_m,edu_aggregate_int,mts_details_sgle,2005,257.579
ken,sex_m,edu_aggregate_int,mts_details_sgle,2016,1257.178
ken,sex_m,edu_aggregate_int,mts_details_sgle,2019,592.838
ken,sex_m,edu_aggregate_int,mts_details_sgle,2021,1508.973
ken,sex_m,edu_aggregate_int,mts_details_sgle,2022,2264.878
ken,sex_m,edu_aggregate_int,mts_details_total,1999,620.62
ken,sex_m,edu_aggregate_int,mts_details_total,2005,335.619
ken,sex_m,edu_aggregate_int,mts_details_total,2016,1347.112
ken,sex_m,edu_aggregate_int,mts_details_total,2019,717.059
ken,sex_m,edu_aggregate_int,mts_details_total,2021,1767.731
ken,sex_m,edu_aggregate_int,mts_details_total,2022,2759.465
ken,sex_m,edu_aggregate_int,mts_details_union,2019,3.008
ken,sex_m,edu_aggregate_int,mts_details_union,2021,7.836
ken,sex_m,edu_aggregate_int,mts_details_union,2022,33.924
ken,sex_m,edu_aggregate_int,mts_details_wid,2005,3.469
ken,sex_m,edu_aggregate_int,mts_details_wid,2016,3.844
ken,sex_m,edu_aggregate_int,mts_details_wid,2019,4.438
ken,sex_m,edu_aggregate_int,mts_details_wid,2021,16.717
ken,sex_m,edu_aggregate_int,mts_details_wid,2022,19.48
ken,sex_m,edu_aggregate_ltb,mts_aggregate_1,1999,129.895
ken,sex_m,edu_aggregate_ltb,mts_aggregate_1,2005,382.211
ken,sex_m,edu_aggregate_ltb,mts_aggregate_1,2016,73.172
ken,sex_m,edu_aggregate_ltb,mts_aggregate_1,2019,348.174
ken,sex_m,edu_aggregate_ltb,mts_aggregate_1,2021,130.302
ken,sex_m,edu_aggregate_ltb,mts_aggregate_1,2022,210.804
ken,sex_m,edu_aggregate_ltb,mts_aggregate_2,1999,182.405
ken,sex_m,edu_aggregate_ltb,mts_aggregate_2,2005,276.674
ken,sex_m,edu_aggregate_ltb,mts_aggregate_2,2016,117.21
ken,sex_m,edu_aggregate_ltb,mts_aggregate_2,2019,291.958
ken,sex_m,edu_aggregate_ltb,mts_aggregate_2,2021,182.027
ken,sex_m,edu_aggregate_ltb,mts_aggregate_2,2022,312.827
ken,sex_m,edu_aggregate_ltb,mts_aggregate_total,1999,313.213
ken,sex_m,edu_aggregate_ltb,mts_aggregate_total,2005,665.048
ken,sex_m,edu_aggregate_ltb,mts_aggregate_total,2016,190.382
ken,sex_m,edu_aggregate_ltb,mts_aggregate_total,2019,640.132
ken,sex_m,edu_aggregate_ltb,mts_aggregate_total,2021,312.329
ken,sex_m,edu_aggregate_ltb,mts_aggregate_total,2022,523.631
ken,sex_m,edu_aggregate_ltb,mts_aggregate_x,2005,6.164
ken,sex_m,edu_aggregate_ltb,mts_details_mrd,1999,182.405
ken,sex_m,edu_aggregate_ltb,mts_details_mrd,2005,276.333
ken,sex_m,edu_aggregate_ltb,mts_details_mrd,2016,117.21
ken,sex_m,edu_aggregate_ltb,mts_details_mrd,2019,286.525
ken,sex_m,edu_aggregate_ltb,mts_details_mrd,2021,179.376
ken,sex_m,edu_aggregate_ltb,mts_details_mrd,2022,297.935
ken,sex_m,edu_aggregate_ltb,mts_details_sep,1999,22.503
ken,sex_m,edu_aggregate_ltb,mts_details_sep,2005,14.384
ken,sex_m,edu_aggregate_ltb,mts_details_sep,2016,3.494
ken,sex_m,edu_aggregate_ltb,mts_details_sep,2019,14.296
ken,sex_m,edu_aggregate_ltb,mts_details_sep,2021,9.104
ken,sex_m,edu_aggregate_ltb,mts_details_sep,2022,15.121
ken,sex_m,edu_aggregate_ltb,mts_details_sgle,1999,88.761
ken,sex_m,edu_aggregate_ltb,mts_details_sgle,2005,330.647
ken,sex_m,edu_aggregate_ltb,mts_details_sgle,2016,43.761
ken,sex_m,edu_aggregate_ltb,mts_details_sgle,2019,286.404
ken,sex_m,edu_aggregate_ltb,mts_details_sgle,2021,90.031
ken,sex_m,edu_aggregate_ltb,mts_details_sgle,2022,166.637
ken,sex_m,edu_aggregate_ltb,mts_details_total,1999,313.213
ken,sex_m,edu_aggregate_ltb,mts_details_total,2005,665.048
ken,sex_m,edu_aggregate_ltb,mts_details_total,2016,190.382
ken,sex_m,edu_aggregate_ltb,mts_details_total,2019,640.132
ken,sex_m,edu_aggregate_ltb,mts_details_total,2021,312.329
ken,sex_m,edu_aggregate_ltb,mts_details_total,2022,523.631
ken,sex_m,edu_aggregate_ltb,mts_details_union,2019,5.433
ken,sex_m,edu_aggregate_ltb,mts_details_union,2022,14.892
ken,sex_m,edu_aggregate_ltb,mts_details_wid,1999,18.631
ken,sex_m,edu_aggregate_ltb,mts_details_wid,2005,37.18
ken,sex_m,edu_aggregate_ltb,mts_details_wid,2016,25.916
ken,sex_m,edu_aggregate_ltb,mts_details_wid,2019,47.473
ken,sex_m,edu_aggregate_ltb,mts_details_wid,2021,31.166
ken,sex_m,edu_aggregate_ltb,mts_details_wid,2022,29.046
ken,sex_m,edu_aggregate_ltb,mts_details_x,2005,6.164
ken,sex_m,edu_aggregate_total,mts_aggregate_1,1999,1587.857
ken,sex_m,edu_aggregate_total,mts_aggregate_1,2005,2370.987
ken,sex_m,edu_aggregate_total,mts_aggregate_1,2016,2616.374
ken,sex_m,edu_aggregate_total,mts_aggregate_1,2019,3061.719
ken,sex_m,edu_aggregate_total,mts_aggregate_1,2021,3186.75
ken,sex_m,edu_aggregate_total,mts_aggregate_1,2022,4233.398
ken,sex_m,edu_aggregate_total,mts_aggregate_2,1999,541.579
ken,sex_m,edu_aggregate_total,mts_aggregate_2,2005,518.034
ken,sex_m,edu_aggregate_total,mts_aggregate_2,2016,312.36
ken,sex_m,edu_aggregate_total,mts_aggregate_2,2019,744.45
ken,sex_m,edu_aggregate_total,mts_aggregate_2,2021,735.234
ken,sex_m,edu_aggregate_total,mts_aggregate_2,2022,1242.439
ken,sex_m,edu_aggregate_total,mts_aggregate_total,1999,2131.961
ken,sex_m,edu_aggregate_total,mts_aggregate_total,2005,2900.712
ken,sex_m,edu_aggregate_total,mts_aggregate_total,2016,2928.733
ken,sex_m,edu_aggregate_total,mts_aggregate_total,2019,3808.226
ken,sex_m,edu_aggregate_total,mts_aggregate_total,2021,3922.092
ken,sex_m,edu_aggregate_total,mts_aggregate_total,2022,5475.837
ken,sex_m,edu_aggregate_total,mts_aggregate_x,1999,2.525
ken,sex_m,edu_aggregate_total,mts_aggregate_x,2005,11.691
ken,sex_m,edu_aggregate_total,mts_details_mrd,1999,541.579
ken,sex_m,edu_aggregate_total,mts_details_mrd,2005,512.916
ken,sex_m,edu_aggregate_total,mts_details_mrd,2016,310.013
ken,sex_m,edu_aggregate_total,mts_details_mrd,2019,722.439
ken,sex_m,edu_aggregate_total,mts_details_mrd,2021,698.908
ken,sex_m,edu_aggregate_total,mts_details_mrd,2022,1169.855
ken,sex_m,edu_aggregate_total,mts_details_sep,1999,34.291
ken,sex_m,edu_aggregate_total,mts_details_sep,2005,32.726
ken,sex_m,edu_aggregate_total,mts_details_sep,2016,26.045
ken,sex_m,edu_aggregate_total,mts_details_sep,2019,50.969
ken,sex_m,edu_aggregate_total,mts_details_sep,2021,55.979
ken,sex_m,edu_aggregate_total,mts_details_sep,2022,103.728
ken,sex_m,edu_aggregate_total,mts_details_sgle,1999,1523.742
ken,sex_m,edu_aggregate_total,mts_details_sgle,2005,2289.936
ken,sex_m,edu_aggregate_total,mts_details_sgle,2016,2543.35
ken,sex_m,edu_aggregate_total,mts_details_sgle,2019,2932.839
ken,sex_m,edu_aggregate_total,mts_details_sgle,2021,3051.067
ken,sex_m,edu_aggregate_total,mts_details_sgle,2022,4050.32
ken,sex_m,edu_aggregate_total,mts_details_total,1999,2131.961
ken,sex_m,edu_aggregate_total,mts_details_total,2005,2900.712
ken,sex_m,edu_aggregate_total,mts_details_total,2016,2928.733
ken,sex_m,edu_aggregate_total,mts_details_total,2019,3808.226
ken,sex_m,edu_aggregate_total,mts_details_total,2021,3922.092
ken,sex_m,edu_aggregate_total,mts_details_total,2022,5475.837
ken,sex_m,edu_aggregate_total,mts_details_union,2005,5.118
ken,sex_m,edu_aggregate_total,mts_details_union,2019,22.011
ken,sex_m,edu_aggregate_total,mts_details_union,2021,36.326
ken,sex_m,edu_aggregate_total,mts_details_union,2022,72.584
ken,sex_m,edu_aggregate_total,mts_details_wid,1999,29.824
ken,sex_m,edu_aggregate_total,mts_details_wid,2005,48.325
ken,sex_m,edu_aggregate_total,mts_details_wid,2016,46.978
ken,sex_m,edu_aggregate_total,mts_details_wid,2019,77.911
ken,sex_m,edu_aggregate_total,mts_details_wid,2021,79.703
ken,sex_m,edu_aggregate_total,mts_details_wid,2022,79.351
ken,sex_m,edu_aggregate_total,mts_details_x,1999,2.525
ken,sex_m,edu_aggregate_total,mts_details_x,2005,11.691
ken,sex_m,edu_aggregate_x,mts_aggregate_1,1999,8.992
ken,sex_m,edu_aggregate_x,mts_aggregate_1,2005,11.395
ken,sex_m,edu_aggregate_x,mts_aggregate_1,2016,11.843
ken,sex_m,edu_aggregate_x,mts_aggregate_1,2019,14.4
ken,sex_m,edu_aggregate_x,mts_aggregate_1,2021,8.721
ken,sex_m,edu_aggregate_x,mts_aggregate_1,2022,24.283
ken,sex_m,edu_aggregate_x,mts_aggregate_2,2005,2.621
ken,sex_m,edu_aggregate_x,mts_aggregate_2,2016,11.199
ken,sex_m,edu_aggregate_x,mts_aggregate_2,2019,8.607
ken,sex_m,edu_aggregate_x,mts_aggregate_2,2021,8.416
ken,sex_m,edu_aggregate_x,mts_aggregate_2,2022,8.807
ken,sex_m,edu_aggregate_x,mts_aggregate_total,1999,9.702
ken,sex_m,edu_aggregate_x,mts_aggregate_total,2005,15.802
ken,sex_m,edu_aggregate_x,mts_aggregate_total,2016,23.043
ken,sex_m,edu_aggregate_x,mts_aggregate_total,2019,25.063
ken,sex_m,edu_aggregate_x,mts_aggregate_total,2021,17.137
ken,sex_m,edu_aggregate_x,mts_aggregate_total,2022,33.09
ken,sex_m,edu_aggregate_x,mts_details_mrd,2005,2.621
ken,sex_m,edu_aggregate_x,mts_details_mrd,2016,10.584
ken,sex_m,edu_aggregate_x,mts_details_mrd,2019,8.25
ken,sex_m,edu_aggregate_x,mts_details_mrd,2021,8.416
ken,sex_m,edu_aggregate_x,mts_details_mrd,2022,8.807
ken,sex_m,edu_aggregate_x,mts_details_sep,2016,1.581
ken,sex_m,edu_aggregate_x,mts_details_sgle,1999,8.992
ken,sex_m,edu_aggregate_x,mts_details_sgle,2005,10.542
ken,sex_m,edu_aggregate_x,mts_details_sgle,2016,7.423
ken,sex_m,edu_aggregate_x,mts_details_sgle,2019,12.797
ken,sex_m,edu_aggregate_x,mts_details_sgle,2021,8.721
ken,sex_m,edu_aggregate_x,mts_details_sgle,2022,21.699
ken,sex_m,edu_aggregate_x,mts_details_total,1999,9.702
ken,sex_m,edu_aggregate_x,mts_details_total,2005,15.802
ken,sex_m,edu_aggregate_x,mts_details_total,2016,23.043
ken,sex_m,edu_aggregate_x,mts_details_total,2019,25.063
ken,sex_m,edu_aggregate_x,mts_details_total,2021,17.137
ken,sex_m,edu_aggregate_x,mts_details_total,2022,33.09
ken,sex_m,edu_isced11_0,mts_aggregate_1,2019,208.983
ken,sex_m,edu_isced11_0,mts_aggregate_1,2021,5.295
ken,sex_m,edu_isced11_0,mts_aggregate_1,2022,6.273
ken,sex_m,edu_isced11_0,mts_aggregate_2,2019,103.451
ken,sex_m,edu_isced11_0,mts_aggregate_total,2019,312.434
ken,sex_m,edu_isced11_0,mts_aggregate_total,2021,7.16
ken,sex_m,edu_isced11_0,mts_aggregate_total,2022,7.094
ken,sex_m,edu_isced11_0,mts_details_mrd,2019,98.754
ken,sex_m,edu_isced11_0,mts_details_sep,2019,4.014
ken,sex_m,edu_isced11_0,mts_details_sgle,2019,192.646
ken,sex_m,edu_isced11_0,mts_details_sgle,2021,4.7
ken,sex_m,edu_isced11_0,mts_details_sgle,2022,6.273
ken,sex_m,edu_isced11_0,mts_details_total,2019,312.434
ken,sex_m,edu_isced11_0,mts_details_total,2021,7.16
ken,sex_m,edu_isced11_0,mts_details_total,2022,7.094
ken,sex_m,edu_isced11_0,mts_details_union,2019,4.696
ken,sex_m,edu_isced11_0,mts_details_wid,2019,12.324
ken,sex_m,edu_isced11_1,mts_aggregate_1,2019,191.343
ken,sex_m,edu_isced11_1,mts_aggregate_1,2021,480.36
ken,sex_m,edu_isced11_1,mts_aggregate_1,2022,416.998
ken,sex_m,edu_isced11_1,mts_aggregate_2,2019,28.784
ken,sex_m,edu_isced11_1,mts_aggregate_2,2021,110.289
ken,sex_m,edu_isced11_1,mts_aggregate_2,2022,127.422
ken,sex_m,edu_isced11_1,mts_aggregate_total,2019,220.127
ken,sex_m,edu_isced11_1,mts_aggregate_total,2021,590.758
ken,sex_m,edu_isced11_1,mts_aggregate_total,2022,544.419
ken,sex_m,edu_isced11_1,mts_details_mrd,2019,26.591
ken,sex_m,edu_isced11_1,mts_details_mrd,2021,100.344
ken,sex_m,edu_isced11_1,mts_details_mrd,2022,119.877
ken,sex_m,edu_isced11_1,mts_details_sep,2019,7.83
ken,sex_m,edu_isced11_1,mts_details_sep,2021,8.247
ken,sex_m,edu_isced11_1,mts_details_sep,2022,22.141
ken,sex_m,edu_isced11_1,mts_details_sgle,2019,180.603
ken,sex_m,edu_isced11_1,mts_details_sgle,2021,460.257
ken,sex_m,edu_isced11_1,mts_details_sgle,2022,380.962
ken,sex_m,edu_isced11_1,mts_details_total,2019,220.127
ken,sex_m,edu_isced11_1,mts_details_total,2021,590.758
ken,sex_m,edu_isced11_1,mts_details_total,2022,544.419
ken,sex_m,edu_isced11_1,mts_details_union,2021,9.945
ken,sex_m,edu_isced11_1,mts_details_union,2022,7.545
ken,sex_m,edu_isced11_1,mts_details_wid,2019,2.909
ken,sex_m,edu_isced11_1,mts_details_wid,2021,11.855
ken,sex_m,edu_isced11_1,mts_details_wid,2022,13.895
ken,sex_m,edu_isced11_2,mts_aggregate_1,2019,1862.804
ken,sex_m,edu_isced11_2,mts_aggregate_1,2021,813.972
ken,sex_m,edu_isced11_2,mts_aggregate_1,2022,1011.138
ken,sex_m,edu_isced11_2,mts_aggregate_2,2019,276.558
ken,sex_m,edu_isced11_2,mts_aggregate_2,2021,160.11
ken,sex_m,edu_isced11_2,mts_aggregate_2,2022,286.648
ken,sex_m,edu_isced11_2,mts_aggregate_total,2019,2139.362
ken,sex_m,edu_isced11_2,mts_aggregate_total,2021,974.082
ken,sex_m,edu_isced11_2,mts_aggregate_total,2022,1297.786
ken,sex_m,edu_isced11_2,mts_details_mrd,2019,266.362
ken,sex_m,edu_isced11_2,mts_details_mrd,2021,154.14
ken,sex_m,edu_isced11_2,mts_details_mrd,2022,274.888
ken,sex_m,edu_isced11_2,mts_details_sep,2019,18.184
ken,sex_m,edu_isced11_2,mts_details_sep,2021,16.887
ken,sex_m,edu_isced11_2,mts_details_sep,2022,37.951
ken,sex_m,edu_isced11_2,mts_details_sgle,2019,1822.993
ken,sex_m,edu_isced11_2,mts_details_sgle,2021,780.472
ken,sex_m,edu_isced11_2,mts_details_sgle,2022,958.842
ken,sex_m,edu_isced11_2,mts_details_total,2019,2139.362
ken,sex_m,edu_isced11_2,mts_details_total,2021,974.082
ken,sex_m,edu_isced11_2,mts_details_total,2022,1297.786
ken,sex_m,edu_isced11_2,mts_details_union,2019,10.195
ken,sex_m,edu_isced11_2,mts_details_union,2021,5.971
ken,sex_m,edu_isced11_2,mts_details_union,2022,11.76
ken,sex_m,edu_isced11_2,mts_details_wid,2019,21.627
ken,sex_m,edu_isced11_2,mts_details_wid,2021,16.613
ken,sex_m,edu_isced11_2,mts_details_wid,2022,14.345
ken,sex_m,edu_isced11_3,mts_aggregate_1,2019,601.913
ken,sex_m,edu_isced11_3,mts_aggregate_1,2021,1510.339
ken,sex_m,edu_isced11_3,mts_aggregate_1,2022,2270.257
ken,sex_m,edu_isced11_3,mts_aggregate_2,2019,106.342
ken,sex_m,edu_isced11_3,mts_aggregate_2,2021,212.702
ken,sex_m,edu_isced11_3,mts_aggregate_2,2022,439.484
ken,sex_m,edu_isced11_3,mts_aggregate_total,2019,708.255
ken,sex_m,edu_isced11_3,mts_aggregate_total,2021,1723.041
ken,sex_m,edu_isced11_3,mts_aggregate_total,2022,2709.741
ken,sex_m,edu_isced11_3,mts_details_mrd,2019,103.334
ken,sex_m,edu_isced11_3,mts_details_mrd,2021,204.866
ken,sex_m,edu_isced11_3,mts_details_mrd,2022,406.317
ken,sex_m,edu_isced11_3,mts_details_sep,2019,8.163
ken,sex_m,edu_isced11_3,mts_details_sep,2021,21.36
ken,sex_m,edu_isced11_3,mts_details_sep,2022,27.026
ken,sex_m,edu_isced11_3,mts_details_sgle,2019,589.312
ken,sex_m,edu_isced11_3,mts_details_sgle,2021,1472.262
ken,sex_m,edu_isced11_3,mts_details_sgle,2022,2223.751
ken,sex_m,edu_isced11_3,mts_details_total,2019,708.255
ken,sex_m,edu_isced11_3,mts_details_total,2021,1723.041
ken,sex_m,edu_isced11_3,mts_details_total,2022,2709.741
ken,sex_m,edu_isced11_3,mts_details_union,2019,3.008
ken,sex_m,edu_isced11_3,mts_details_union,2021,7.836
ken,sex_m,edu_isced11_3,mts_details_union,2022,33.167
ken,sex_m,edu_isced11_3,mts_details_wid,2019,4.438
ken,sex_m,edu_isced11_3,mts_details_wid,2021,16.717
ken,sex_m,edu_isced11_3,mts_details_wid,2022,19.48
ken,sex_m,edu_isced11_4,mts_aggregate_1,2019,5.015
ken,sex_m,edu_isced11_4,mts_aggregate_1,2021,37.092
ken,sex_m,edu_isced11_4,mts_aggregate_1,2022,41.126
ken,sex_m,edu_isced11_4,mts_aggregate_2,2019,3.788
ken,sex_m,edu_isced11_4,mts_aggregate_2,2021,7.598
ken,sex_m,edu_isced11_4,mts_aggregate_2,2022,8.598
ken,sex_m,edu_isced11_4,mts_aggregate_total,2019,8.803
ken,sex_m,edu_isced11_4,mts_aggregate_total,2021,44.69
ken,sex_m,edu_isced11_4,mts_aggregate_total,2022,49.724
ken,sex_m,edu_isced11_4,mts_details_mrd,2019,3.788
ken,sex_m,edu_isced11_4,mts_details_mrd,2021,7.598
ken,sex_m,edu_isced11_4,mts_details_mrd,2022,7.84
ken,sex_m,edu_isced11_4,mts_details_sgle,2019,3.526
ken,sex_m,edu_isced11_4,mts_details_sgle,2021,36.711
ken,sex_m,edu_isced11_4,mts_details_sgle,2022,41.126
ken,sex_m,edu_isced11_4,mts_details_total,2019,8.803
ken,sex_m,edu_isced11_4,mts_details_total,2021,44.69
ken,sex_m,edu_isced11_4,mts_details_total,2022,49.724
ken,sex_m,edu_isced11_6,mts_aggregate_1,2019,37.739
ken,sex_m,edu_isced11_6,mts_aggregate_1,2021,199.435
ken,sex_m,edu_isced11_6,mts_aggregate_1,2022,257.951
ken,sex_m,edu_isced11_6,mts_aggregate_2,2019,23.863
ken,sex_m,edu_isced11_6,mts_aggregate_2,2021,44.463
ken,sex_m,edu_isced11_6,mts_aggregate_2,2022,51.88
ken,sex_m,edu_isced11_6,mts_aggregate_total,2019,61.602
ken,sex_m,edu_isced11_6,mts_aggregate_total,2021,243.898
ken,sex_m,edu_isced11_6,mts_aggregate_total,2022,309.831
ken,sex_m,edu_isced11_6,mts_details_mrd,2019,23.04
ken,sex_m,edu_isced11_6,mts_details_mrd,2021,34.54
ken,sex_m,edu_isced11_6,mts_details_mrd,2022,47.417
ken,sex_m,edu_isced11_6,mts_details_sgle,2019,36.87
ken,sex_m,edu_isced11_6,mts_details_sgle,2021,196.083
ken,sex_m,edu_isced11_6,mts_details_sgle,2022,256.462
ken,sex_m,edu_isced11_6,mts_details_total,2019,61.602
ken,sex_m,edu_isced11_6,mts_details_total,2021,243.898
ken,sex_m,edu_isced11_6,mts_details_total,2022,309.831
ken,sex_m,edu_isced11_6,mts_details_union,2021,9.923
ken,sex_m,edu_isced11_7,mts_aggregate_2,2019,2.804
ken,sex_m,edu_isced11_7,mts_aggregate_2,2021,9.628
ken,sex_m,edu_isced11_7,mts_aggregate_total,2019,3.136
ken,sex_m,edu_isced11_7,mts_aggregate_total,2021,16.158
ken,sex_m,edu_isced11_7,mts_details_mrd,2019,2.804
ken,sex_m,edu_isced11_7,mts_details_mrd,2021,9.628
ken,sex_m,edu_isced11_7,mts_details_total,2019,3.136
ken,sex_m,edu_isced11_7,mts_details_total,2021,16.158
ken,sex_m,edu_isced11_8,mts_aggregate_total,2022,5.322
ken,sex_m,edu_isced11_8,mts_details_total,2022,5.322
ken,sex_m,edu_isced11_9,mts_aggregate_1,2019,14.4
ken,sex_m,edu_isced11_9,mts_aggregate_1,2021,8.721
ken,sex_m,edu_isced11_9,mts_aggregate_1,2022,24.283
ken,sex_m,edu_isced11_9,mts_aggregate_2,2019,8.607
ken,sex_m,edu_isced11_9,mts_aggregate_2,2021,8.416
ken,sex_m,edu_isced11_9,mts_aggregate_2,2022,8.807
ken,sex_m,edu_isced11_9,mts_aggregate_total,2019,25.063
ken,sex_m,edu_isced11_9,mts_aggregate_total,2021,17.137
ken,sex_m,edu_isced11_9,mts_aggregate_total,2022,33.09
ken,sex_m,edu_isced11_9,mts_details_mrd,2019,8.25
ken,sex_m,edu_isced11_9,mts_details_mrd,2021,8.416
ken,sex_m,edu_isced11_9,mts_details_mrd,2022,8.807
ken,sex_m,edu_isced11_9,mts_details_sgle,2019,12.797
ken,sex_m,edu_isced11_9,mts_details_sgle,2021,8.721
ken,sex_m,edu_isced11_9,mts_details_sgle,2022,21.699
ken,sex_m,edu_isced11_9,mts_details_total,2019,25.063
ken,sex_m,edu_isced11_9,mts_details_total,2021,17.137
ken,sex_m,edu_isced11_9,mts_details_total,2022,33.09
ken,sex_m,edu_isced11_total,mts_aggregate_1,2019,3061.719
ken,sex_m,edu_isced11_total,mts_aggregate_1,2021,3186.75
ken,sex_m,edu_isced11_total,mts_aggregate_1,2022,4233.398
ken,sex_m,edu_isced11_total,mts_aggregate_2,2019,744.45
ken,sex_m,edu_isced11_total,mts_aggregate_2,2021,735.234
ken,sex_m,edu_isced11_total,mts_aggregate_2,2022,1242.439
ken,sex_m,edu_isced11_total,mts_aggregate_total,2019,3808.226
ken,sex_m,edu_isced11_total,mts_aggregate_total,2021,3922.092
ken,sex_m,edu_isced11_total,mts_aggregate_total,2022,5475.837
ken,sex_m,edu_isced11_total,mts_details_mrd,2019,722.439
ken,sex_m,edu_isced11_total,mts_details_mrd,2021,698.908
ken,sex_m,edu_isced11_total,mts_details_mrd,2022,1169.855
ken,sex_m,edu_isced11_total,mts_details_sep,2019,50.969
ken,sex_m,edu_isced11_total,mts_details_sep,2021,55.979
ken,sex_m,edu_isced11_total,mts_details_sep,2022,103.728
ken,sex_m,edu_isced11_total,mts_details_sgle,2019,2932.839
ken,sex_m,edu_isced11_total,mts_details_sgle,2021,3051.067
ken,sex_m,edu_isced11_total,mts_details_sgle,2022,4050.32
ken,sex_m,edu_isced11_total,mts_details_total,2019,3808.226
ken,sex_m,edu_isced11_total,mts_details_total,2021,3922.092
ken,sex_m,edu_isced11_total,mts_details_total,2022,5475.837
ken,sex_m,edu_isced11_total,mts_details_union,2019,22.011
ken,sex_m,edu_isced11_total,mts_details_union,2021,36.326
ken,sex_m,edu_isced11_total,mts_details_union,2022,72.584
ken,sex_m,edu_isced11_total,mts_details_wid,2019,77.911
ken,sex_m,edu_isced11_total,mts_details_wid,2021,79.703
ken,sex_m,edu_isced11_total,mts_details_wid,2022,79.351
ken,sex_m,edu_isced11_x,mts_aggregate_1,2019,139.19
ken,sex_m,edu_isced11_x,mts_aggregate_1,2021,125.006
ken,sex_m,edu_isced11_x,mts_aggregate_1,2022,204.531
ken,sex_m,edu_isced11_x,mts_aggregate_2,2019,188.508
ken,sex_m,edu_isced11_x,mts_aggregate_2,2021,180.162
ken,sex_m,edu_isced11_x,mts_aggregate_2,2022,312.007
ken,sex_m,edu_isced11_x,mts_aggregate_total,2019,327.698
ken,sex_m,edu_isced11_x,mts_aggregate_total,2021,305.168
ken,sex_m,edu_isced11_x,mts_aggregate_total,2022,516.537
ken,sex_m,edu_isced11_x,mts_details_mrd,2019,187.771
ken,sex_m,edu_isced11_x,mts_details_mrd,2021,177.511
ken,sex_m,edu_isced11_x,mts_details_mrd,2022,297.115
ken,sex_m,edu_isced11_x,mts_details_sep,2019,10.282
ken,sex_m,edu_isced11_x,mts_details_sep,2021,9.104
ken,sex_m,edu_isced11_x,mts_details_sep,2022,15.121
ken,sex_m,edu_isced11_x,mts_details_sgle,2019,93.759
ken,sex_m,edu_isced11_x,mts_details_sgle,2021,85.331
ken,sex_m,edu_isced11_x,mts_details_sgle,2022,160.364
ken,sex_m,edu_isced11_x,mts_details_total,2019,327.698
ken,sex_m,edu_isced11_x,mts_details_total,2021,305.168
ken,sex_m,edu_isced11_x,mts_details_total,2022,516.537
ken,sex_m,edu_isced11_x,mts_details_union,2022,14.892
ken,sex_m,edu_isced11_x,mts_details_wid,2019,35.149
ken,sex_m,edu_isced11_x,mts_details_wid,2021,30.571
ken,sex_m,edu_isced11_x,mts_details_wid,2022,29.046
ken,sex_m,edu_isced97_0,mts_aggregate_1,2005,289.56
ken,sex_m,edu_isced97_0,mts_aggregate_1,2016,6.913
ken,sex_m,edu_isced97_0,mts_aggregate_2,2005,73.917
ken,sex_m,edu_isced97_0,mts_aggregate_total,2005,366.981
ken,sex_m,edu_isced97_0,mts_aggregate_total,2016,7.513
ken,sex_m,edu_isced97_0,mts_aggregate_x,2005,3.504
ken,sex_m,edu_isced97_0,mts_details_mrd,2005,73.917
ken,sex_m,edu_isced97_0,mts_details_sep,2005,7.877
ken,sex_m,edu_isced97_0,mts_details_sgle,2005,276.176
ken,sex_m,edu_isced97_0,mts_details_sgle,2016,6.913
ken,sex_m,edu_isced97_0,mts_details_total,2005,366.981
ken,sex_m,edu_isced97_0,mts_details_total,2016,7.513
ken,sex_m,edu_isced97_0,mts_details_wid,2005,5.507
ken,sex_m,edu_isced97_0,mts_details_x,2005,3.504
ken,sex_m,edu_isced97_1,mts_aggregate_1,2005,1228.688
ken,sex_m,edu_isced97_1,mts_aggregate_1,2016,1043.051
ken,sex_m,edu_isced97_1,mts_aggregate_2,2005,129.742
ken,sex_m,edu_isced97_1,mts_aggregate_2,2016,90.747
ken,sex_m,edu_isced97_1,mts_aggregate_total,2005,1360.666
ken,sex_m,edu_isced97_1,mts_aggregate_total,2016,1133.798
ken,sex_m,edu_isced97_1,mts_details_mrd,2005,127.418
ken,sex_m,edu_isced97_1,mts_details_mrd,2016,90.747
ken,sex_m,edu_isced97_1,mts_details_sep,2005,9.007
ken,sex_m,edu_isced97_1,mts_details_sep,2016,10.327
ken,sex_m,edu_isced97_1,mts_details_sgle,2005,1213.403
ken,sex_m,edu_isced97_1,mts_details_sgle,2016,1018.346
ken,sex_m,edu_isced97_1,mts_details_total,2005,1360.666
ken,sex_m,edu_isced97_1,mts_details_total,2016,1133.798
ken,sex_m,edu_isced97_1,mts_details_wid,2005,6.279
ken,sex_m,edu_isced97_1,mts_details_wid,2016,14.378
ken,sex_m,edu_isced97_2,mts_aggregate_1,2005,467.473
ken,sex_m,edu_isced97_2,mts_aggregate_1,2016,18.427
ken,sex_m,edu_isced97_2,mts_aggregate_2,2005,32.23
ken,sex_m,edu_isced97_2,mts_aggregate_total,2005,500.029
ken,sex_m,edu_isced97_2,mts_aggregate_total,2016,19.973
ken,sex_m,edu_isced97_2,mts_details_mrd,2005,32.23
ken,sex_m,edu_isced97_2,mts_details_sep,2005,3.623
ken,sex_m,edu_isced97_2,mts_details_sgle,2005,463.85
ken,sex_m,edu_isced97_2,mts_details_sgle,2016,18.427
ken,sex_m,edu_isced97_2,mts_details_total,2005,500.029
ken,sex_m,edu_isced97_2,mts_details_total,2016,19.973
ken,sex_m,edu_isced97_3,mts_aggregate_1,2005,234.794
ken,sex_m,edu_isced97_3,mts_aggregate_1,2016,1178.934
ken,sex_m,edu_isced97_3,mts_aggregate_2,2005,65.882
ken,sex_m,edu_isced97_3,mts_aggregate_2,2016,47.42
ken,sex_m,edu_isced97_3,mts_aggregate_total,2005,300.865
ken,sex_m,edu_isced97_3,mts_aggregate_total,2016,1226.353
ken,sex_m,edu_isced97_3,mts_details_mrd,2005,63.43
ken,sex_m,edu_isced97_3,mts_details_mrd,2016,47.142
ken,sex_m,edu_isced97_3,mts_details_sep,2005,5.506
ken,sex_m,edu_isced97_3,mts_details_sep,2016,9.693
ken,sex_m,edu_isced97_3,mts_details_sgle,2005,226.834
ken,sex_m,edu_isced97_3,mts_details_sgle,2016,1166.365
ken,sex_m,edu_isced97_3,mts_details_total,2005,300.865
ken,sex_m,edu_isced97_3,mts_details_total,2016,1226.353
ken,sex_m,edu_isced97_3,mts_details_wid,2005,2.453
ken,sex_m,edu_isced97_3,mts_details_wid,2016,2.875
ken,sex_m,edu_isced97_4,mts_aggregate_1,2005,31.76
ken,sex_m,edu_isced97_4,mts_aggregate_1,2016,92.717
ken,sex_m,edu_isced97_4,mts_aggregate_2,2016,28.041
ken,sex_m,edu_isced97_4,mts_aggregate_total,2005,34.755
ken,sex_m,edu_isced97_4,mts_aggregate_total,2016,120.758
ken,sex_m,edu_isced97_4,mts_details_mrd,2016,27.293
ken,sex_m,edu_isced97_4,mts_details_sgle,2005,30.745
ken,sex_m,edu_isced97_4,mts_details_sgle,2016,90.813
ken,sex_m,edu_isced97_4,mts_details_total,2005,34.755
ken,sex_m,edu_isced97_4,mts_details_total,2016,120.758
ken,sex_m,edu_isced97_5,mts_aggregate_1,2005,13.496
ken,sex_m,edu_isced97_5,mts_aggregate_1,2016,196.204
ken,sex_m,edu_isced97_5,mts_aggregate_2,2005,4.797
ken,sex_m,edu_isced97_5,mts_aggregate_2,2016,9.229
ken,sex_m,edu_isced97_5,mts_aggregate_total,2005,19.283
ken,sex_m,edu_isced97_5,mts_aggregate_total,2016,205.433
ken,sex_m,edu_isced97_5,mts_details_mrd,2005,4.797
ken,sex_m,edu_isced97_5,mts_details_mrd,2016,8.524
ken,sex_m,edu_isced97_5,mts_details_sgle,2005,13.289
ken,sex_m,edu_isced97_5,mts_details_sgle,2016,196.204
ken,sex_m,edu_isced97_5,mts_details_total,2005,19.283
ken,sex_m,edu_isced97_5,mts_details_total,2016,205.433
ken,sex_m,edu_isced97_6,mts_aggregate_1,2016,2.025
ken,sex_m,edu_isced97_6,mts_aggregate_total,2005,4.264
ken,sex_m,edu_isced97_6,mts_aggregate_total,2016,8.992
ken,sex_m,edu_isced97_6,mts_details_sgle,2016,2.011
ken,sex_m,edu_isced97_6,mts_details_total,2005,4.264
ken,sex_m,edu_isced97_6,mts_details_total,2016,8.992
ken,sex_m,edu_isced97_total,mts_aggregate_1,2005,2370.987
ken,sex_m,edu_isced97_total,mts_aggregate_1,2016,2616.374
ken,sex_m,edu_isced97_total,mts_aggregate_2,2005,518.034
ken,sex_m,edu_isced97_total,mts_aggregate_2,2016,312.36
ken,sex_m,edu_isced97_total,mts_aggregate_total,2005,2900.712
ken,sex_m,edu_isced97_total,mts_aggregate_total,2016,2928.733
ken,sex_m,edu_isced97_total,mts_aggregate_x,2005,11.691
ken,sex_m,edu_isced97_total,mts_details_mrd,2005,512.916
ken,sex_m,edu_isced97_total,mts_details_mrd,2016,310.013
ken,sex_m,edu_isced97_total,mts_details_sep,2005,32.726
ken,sex_m,edu_isced97_total,mts_details_sep,2016,26.045
ken,sex_m,edu_isced97_total,mts_details_sgle,2005,2289.936
ken,sex_m,edu_isced97_total,mts_details_sgle,2016,2543.35
ken,sex_m,edu_isced97_total,mts_details_total,2005,2900.712
ken,sex_m,edu_isced97_total,mts_details_total,2016,2928.733
ken,sex_m,edu_isced97_total,mts_details_union,2005,5.118
ken,sex_m,edu_isced97_total,mts_details_wid,2005,48.325
ken,sex_m,edu_isced97_total,mts_details_wid,2016,46.978
ken,sex_m,edu_isced97_total,mts_details_x,2005,11.691
ken,sex_m,edu_isced97_unk,mts_aggregate_1,2005,11.395
ken,sex_m,edu_isced97_unk,mts_aggregate_1,2016,11.843
ken,sex_m,edu_isced97_unk,mts_aggregate_2,2005,2.621
ken,sex_m,edu_isced97_unk,mts_aggregate_2,2016,11.199
ken,sex_m,edu_isced97_unk,mts_aggregate_total,2005,15.802
ken,sex_m,edu_isced97_unk,mts_aggregate_total,2016,23.043
ken,sex_m,edu_isced97_unk,mts_details_mrd,2005,2.621
ken,sex_m,edu_isced97_unk,mts_details_mrd,2016,10.584
ken,sex_m,edu_isced97_unk,mts_details_sep,2016,1.581
ken,sex_m,edu_isced97_unk,mts_details_sgle,2005,10.542
ken,sex_m,edu_isced97_unk,mts_details_sgle,2016,7.423
ken,sex_m,edu_isced97_unk,mts_details_total,2005,15.802
ken,sex_m,edu_isced97_unk,mts_details_total,2016,23.043
ken,sex_m,edu_isced97_x,mts_aggregate_1,2005,92.651
ken,sex_m,edu_isced97_x,mts_aggregate_1,2016,66.258
ken,sex_m,edu_isced97_x,mts_aggregate_2,2005,202.757
ken,sex_m,edu_isced97_x,mts_aggregate_2,2016,116.611
ken,sex_m,edu_isced97_x,mts_aggregate_total,2005,298.068
ken,sex_m,edu_isced97_x,mts_aggregate_total,2016,182.869
ken,sex_m,edu_isced97_x,mts_aggregate_x,2005,2.66
ken,sex_m,edu_isced97_x,mts_details_mrd,2005,202.416
ken,sex_m,edu_isced97_x,mts_details_mrd,2016,116.611
ken,sex_m,edu_isced97_x,mts_details_sep,2005,6.506
ken,sex_m,edu_isced97_x,mts_details_sep,2016,3.494
ken,sex_m,edu_isced97_x,mts_details_sgle,2005,54.472
ken,sex_m,edu_isced97_x,mts_details_sgle,2016,36.848
ken,sex_m,edu_isced97_x,mts_details_total,2005,298.068
ken,sex_m,edu_isced97_x,mts_details_total,2016,182.869
ken,sex_m,edu_isced97_x,mts_details_wid,2005,31.673
ken,sex_m,edu_isced97_x,mts_details_wid,2016,25.916
ken,sex_m,edu_isced97_x,mts_details_x,2005,2.66
ken,sex_t,edu_aggregate_adv,mts_aggregate_1,1999,42.306
ken,sex_t,edu_aggregate_adv,mts_aggregate_1,2005,26.972
ken,sex_t,edu_aggregate_adv,mts_aggregate_1,2016,320.327
ken,sex_t,edu_aggregate_adv,mts_aggregate_1,2019,70.977
ken,sex_t,edu_aggregate_adv,mts_aggregate_1,2021,400.843
ken,sex_t,edu_aggregate_adv,mts_aggregate_1,2022,480.768
ken,sex_t,edu_aggregate_adv,mts_aggregate_2,1999,4.818
ken,sex_t,edu_aggregate_adv,mts_aggregate_2,2005,16.578
ken,sex_t,edu_aggregate_adv,mts_aggregate_2,2016,45.618
ken,sex_t,edu_aggregate_adv,mts_aggregate_2,2019,68.139
ken,sex_t,edu_aggregate_adv,mts_aggregate_2,2021,137.89
ken,sex_t,edu_aggregate_adv,mts_aggregate_2,2022,148.343
ken,sex_t,edu_aggregate_adv,mts_aggregate_total,1999,47.125
ken,sex_t,edu_aggregate_adv,mts_aggregate_total,2005,45.531
ken,sex_t,edu_aggregate_adv,mts_aggregate_total,2016,365.945
ken,sex_t,edu_aggregate_adv,mts_aggregate_total,2019,139.116
ken,sex_t,edu_aggregate_adv,mts_aggregate_total,2021,538.733
ken,sex_t,edu_aggregate_adv,mts_aggregate_total,2022,629.111
ken,sex_t,edu_aggregate_adv,mts_details_mrd,1999,4.818
ken,sex_t,edu_aggregate_adv,mts_details_mrd,2005,16.578
ken,sex_t,edu_aggregate_adv,mts_details_mrd,2016,42.554
ken,sex_t,edu_aggregate_adv,mts_details_mrd,2019,65.266
ken,sex_t,edu_aggregate_adv,mts_details_mrd,2021,120.221
ken,sex_t,edu_aggregate_adv,mts_details_mrd,2022,141.158
ken,sex_t,edu_aggregate_adv,mts_details_sgle,1999,41.653
ken,sex_t,edu_aggregate_adv,mts_details_sgle,2005,25.956
ken,sex_t,edu_aggregate_adv,mts_details_sgle,2016,320.313
ken,sex_t,edu_aggregate_adv,mts_details_sgle,2019,68.364
ken,sex_t,edu_aggregate_adv,mts_details_sgle,2021,396.622
ken,sex_t,edu_aggregate_adv,mts_details_sgle,2022,474.799
ken,sex_t,edu_aggregate_adv,mts_details_total,1999,47.125
ken,sex_t,edu_aggregate_adv,mts_details_total,2005,45.531
ken,sex_t,edu_aggregate_adv,mts_details_total,2016,365.945
ken,sex_t,edu_aggregate_adv,mts_details_total,2019,139.116
ken,sex_t,edu_aggregate_adv,mts_details_total,2021,538.733
ken,sex_t,edu_aggregate_adv,mts_details_total,2022,629.111
ken,sex_t,edu_aggregate_adv,mts_details_union,2021,17.669
ken,sex_t,edu_aggregate_adv,mts_details_union,2022,7.185
ken,sex_t,edu_aggregate_adv,mts_details_wid,2022,4.479
ken,sex_t,edu_aggregate_bas,mts_aggregate_1,1999,1684.569
ken,sex_t,edu_aggregate_bas,mts_aggregate_1,2005,3388.239
ken,sex_t,edu_aggregate_bas,mts_aggregate_1,2016,1993.844
ken,sex_t,edu_aggregate_bas,mts_aggregate_1,2019,4097.86
ken,sex_t,edu_aggregate_bas,mts_aggregate_1,2021,2505.159
ken,sex_t,edu_aggregate_bas,mts_aggregate_1,2022,2654.919
ken,sex_t,edu_aggregate_bas,mts_aggregate_2,1999,750.087
ken,sex_t,edu_aggregate_bas,mts_aggregate_2,2005,959.374
ken,sex_t,edu_aggregate_bas,mts_aggregate_2,2016,539.334
ken,sex_t,edu_aggregate_bas,mts_aggregate_2,2019,1334.722
ken,sex_t,edu_aggregate_bas,mts_aggregate_2,2021,1043.764
ken,sex_t,edu_aggregate_bas,mts_aggregate_2,2022,1408.499
ken,sex_t,edu_aggregate_bas,mts_aggregate_total,1999,2438.27
ken,sex_t,edu_aggregate_bas,mts_aggregate_total,2005,4351.683
ken,sex_t,edu_aggregate_bas,mts_aggregate_total,2016,2533.177
ken,sex_t,edu_aggregate_bas,mts_aggregate_total,2019,5432.582
ken,sex_t,edu_aggregate_bas,mts_aggregate_total,2021,3549.032
ken,sex_t,edu_aggregate_bas,mts_aggregate_total,2022,4063.418
ken,sex_t,edu_aggregate_bas,mts_aggregate_x,1999,3.614
ken,sex_t,edu_aggregate_bas,mts_aggregate_x,2005,4.069
ken,sex_t,edu_aggregate_bas,mts_details_mrd,1999,750.087
ken,sex_t,edu_aggregate_bas,mts_details_mrd,2005,928.417
ken,sex_t,edu_aggregate_bas,mts_details_mrd,2016,532.676
ken,sex_t,edu_aggregate_bas,mts_details_mrd,2019,1264.114
ken,sex_t,edu_aggregate_bas,mts_details_mrd,2021,1013.006
ken,sex_t,edu_aggregate_bas,mts_details_mrd,2022,1351.171
ken,sex_t,edu_aggregate_bas,mts_details_sep,1999,43.701
ken,sex_t,edu_aggregate_bas,mts_details_sep,2005,55.054
ken,sex_t,edu_aggregate_bas,mts_details_sep,2016,38.044
ken,sex_t,edu_aggregate_bas,mts_details_sep,2019,82.938
ken,sex_t,edu_aggregate_bas,mts_details_sep,2021,71.344
ken,sex_t,edu_aggregate_bas,mts_details_sep,2022,151.585
ken,sex_t,edu_aggregate_bas,mts_details_sgle,1999,1601.075
ken,sex_t,edu_aggregate_bas,mts_details_sgle,2005,3268.677
ken,sex_t,edu_aggregate_bas,mts_details_sgle,2016,1883.737
ken,sex_t,edu_aggregate_bas,mts_details_sgle,2019,3913.998
ken,sex_t,edu_aggregate_bas,mts_details_sgle,2021,2272.867
ken,sex_t,edu_aggregate_bas,mts_details_sgle,2022,2338.423
ken,sex_t,edu_aggregate_bas,mts_details_total,1999,2438.27
ken,sex_t,edu_aggregate_bas,mts_details_total,2005,4351.683
ken,sex_t,edu_aggregate_bas,mts_details_total,2016,2533.177
ken,sex_t,edu_aggregate_bas,mts_details_total,2019,5432.582
ken,sex_t,edu_aggregate_bas,mts_details_total,2021,3549.032
ken,sex_t,edu_aggregate_bas,mts_details_total,2022,4063.418
ken,sex_t,edu_aggregate_bas,mts_details_union,2005,30.957
ken,sex_t,edu_aggregate_bas,mts_details_union,2016,6.658
ken,sex_t,edu_aggregate_bas,mts_details_union,2019,70.608
ken,sex_t,edu_aggregate_bas,mts_details_union,2021,30.758
ken,sex_t,edu_aggregate_bas,mts_details_union,2022,57.327
ken,sex_t,edu_aggregate_bas,mts_details_wid,1999,39.793
ken,sex_t,edu_aggregate_bas,mts_details_wid,2005,64.508
ken,sex_t,edu_aggregate_bas,mts_details_wid,2016,72.063
ken,sex_t,edu_aggregate_bas,mts_details_wid,2019,100.924
ken,sex_t,edu_aggregate_bas,mts_details_wid,2021,160.948
ken,sex_t,edu_aggregate_bas,mts_details_wid,2022,164.91
ken,sex_t,edu_aggregate_bas,mts_details_x,1999,3.614
ken,sex_t,edu_aggregate_bas,mts_details_x,2005,4.069
ken,sex_t,edu_aggregate_int,mts_aggregate_1,1999,1010.078
ken,sex_t,edu_aggregate_int,mts_aggregate_1,2005,515.134
ken,sex_t,edu_aggregate_int,mts_aggregate_1,2016,2551.824
ken,sex_t,edu_aggregate_int,mts_aggregate_1,2019,1165.426
ken,sex_t,edu_aggregate_int,mts_aggregate_1,2021,3249.86
ken,sex_t,edu_aggregate_int,mts_aggregate_1,2022,4710.264
ken,sex_t,edu_aggregate_int,mts_aggregate_2,1999,213.847
ken,sex_t,edu_aggregate_int,mts_aggregate_2,2005,270.898
ken,sex_t,edu_aggregate_int,mts_aggregate_2,2016,480.993
ken,sex_t,edu_aggregate_int,mts_aggregate_2,2019,504.898
ken,sex_t,edu_aggregate_int,mts_aggregate_2,2021,1075.949
ken,sex_t,edu_aggregate_int,mts_aggregate_2,2022,1582.501
ken,sex_t,edu_aggregate_int,mts_aggregate_total,1999,1224.774
ken,sex_t,edu_aggregate_int,mts_aggregate_total,2005,790.594
ken,sex_t,edu_aggregate_int,mts_aggregate_total,2016,3032.817
ken,sex_t,edu_aggregate_int,mts_aggregate_total,2019,1673.829
ken,sex_t,edu_aggregate_int,mts_aggregate_total,2021,4325.809
ken,sex_t,edu_aggregate_int,mts_aggregate_total,2022,6292.764
ken,sex_t,edu_aggregate_int,mts_aggregate_x,2005,4.562
ken,sex_t,edu_aggregate_int,mts_details_mrd,1999,213.847
ken,sex_t,edu_aggregate_int,mts_details_mrd,2005,261.913
ken,sex_t,edu_aggregate_int,mts_details_mrd,2016,471.486
ken,sex_t,edu_aggregate_int,mts_details_mrd,2019,482.494
ken,sex_t,edu_aggregate_int,mts_details_mrd,2021,1057.282
ken,sex_t,edu_aggregate_int,mts_details_mrd,2022,1494.024
ken,sex_t,edu_aggregate_int,mts_details_sep,1999,5.94
ken,sex_t,edu_aggregate_int,mts_details_sep,2005,10.014
ken,sex_t,edu_aggregate_int,mts_details_sep,2016,24.638
ken,sex_t,edu_aggregate_int,mts_details_sep,2019,20.174
ken,sex_t,edu_aggregate_int,mts_details_sep,2021,50.981
ken,sex_t,edu_aggregate_int,mts_details_sep,2022,109.708
ken,sex_t,edu_aggregate_int,mts_details_sgle,1999,999.011
ken,sex_t,edu_aggregate_int,mts_details_sgle,2005,494.152
ken,sex_t,edu_aggregate_int,mts_details_sgle,2016,2507.501
ken,sex_t,edu_aggregate_int,mts_details_sgle,2019,1136.417
ken,sex_t,edu_aggregate_int,mts_details_sgle,2021,3142.491
ken,sex_t,edu_aggregate_int,mts_details_sgle,2022,4546.13
ken,sex_t,edu_aggregate_int,mts_details_total,1999,1224.774
ken,sex_t,edu_aggregate_int,mts_details_total,2005,790.594
ken,sex_t,edu_aggregate_int,mts_details_total,2016,3032.817
ken,sex_t,edu_aggregate_int,mts_details_total,2019,1673.829
ken,sex_t,edu_aggregate_int,mts_details_total,2021,4325.809
ken,sex_t,edu_aggregate_int,mts_details_total,2022,6292.764
ken,sex_t,edu_aggregate_int,mts_details_union,2005,8.985
ken,sex_t,edu_aggregate_int,mts_details_union,2016,9.507
ken,sex_t,edu_aggregate_int,mts_details_union,2019,22.405
ken,sex_t,edu_aggregate_int,mts_details_union,2021,18.667
ken,sex_t,edu_aggregate_int,mts_details_union,2022,88.476
ken,sex_t,edu_aggregate_int,mts_details_wid,1999,5.128
ken,sex_t,edu_aggregate_int,mts_details_wid,2005,10.968
ken,sex_t,edu_aggregate_int,mts_details_wid,2016,19.685
ken,sex_t,edu_aggregate_int,mts_details_wid,2019,8.835
ken,sex_t,edu_aggregate_int,mts_details_wid,2021,56.387
ken,sex_t,edu_aggregate_int,mts_details_wid,2022,54.426
ken,sex_t,edu_aggregate_int,mts_details_x,2005,4.562
ken,sex_t,edu_aggregate_ltb,mts_aggregate_1,1999,470.146
ken,sex_t,edu_aggregate_ltb,mts_aggregate_1,2005,1129.894
ken,sex_t,edu_aggregate_ltb,mts_aggregate_1,2016,379.087
ken,sex_t,edu_aggregate_ltb,mts_aggregate_1,2019,1051.608
ken,sex_t,edu_aggregate_ltb,mts_aggregate_1,2021,592.633
ken,sex_t,edu_aggregate_ltb,mts_aggregate_1,2022,702.213
ken,sex_t,edu_aggregate_ltb,mts_aggregate_2,1999,515.077
ken,sex_t,edu_aggregate_ltb,mts_aggregate_2,2005,968.578
ken,sex_t,edu_aggregate_ltb,mts_aggregate_2,2016,460.48
ken,sex_t,edu_aggregate_ltb,mts_aggregate_2,2019,1010.048
ken,sex_t,edu_aggregate_ltb,mts_aggregate_2,2021,780.924
ken,sex_t,edu_aggregate_ltb,mts_aggregate_2,2022,1014.09
ken,sex_t,edu_aggregate_ltb,mts_aggregate_total,1999,988.843
ken,sex_t,edu_aggregate_ltb,mts_aggregate_total,2005,2109.243
ken,sex_t,edu_aggregate_ltb,mts_aggregate_total,2016,839.567
ken,sex_t,edu_aggregate_ltb,mts_aggregate_total,2019,2061.656
ken,sex_t,edu_aggregate_ltb,mts_aggregate_total,2021,1373.557
ken,sex_t,edu_aggregate_ltb,mts_aggregate_total,2022,1716.302
ken,sex_t,edu_aggregate_ltb,mts_aggregate_x,1999,3.62
ken,sex_t,edu_aggregate_ltb,mts_aggregate_x,2005,10.771
ken,sex_t,edu_aggregate_ltb,mts_details_mrd,1999,515.077
ken,sex_t,edu_aggregate_ltb,mts_details_mrd,2005,962.68
ken,sex_t,edu_aggregate_ltb,mts_details_mrd,2016,459.598
ken,sex_t,edu_aggregate_ltb,mts_details_mrd,2019,953.823
ken,sex_t,edu_aggregate_ltb,mts_details_mrd,2021,765.581
ken,sex_t,edu_aggregate_ltb,mts_details_mrd,2022,991.76
ken,sex_t,edu_aggregate_ltb,mts_details_sep,1999,113.378
ken,sex_t,edu_aggregate_ltb,mts_details_sep,2005,59.59
ken,sex_t,edu_aggregate_ltb,mts_details_sep,2016,30.865
ken,sex_t,edu_aggregate_ltb,mts_details_sep,2019,69.292
ken,sex_t,edu_aggregate_ltb,mts_details_sep,2021,41.65
ken,sex_t,edu_aggregate_ltb,mts_details_sep,2022,64.277
ken,sex_t,edu_aggregate_ltb,mts_details_sgle,1999,174.478
ken,sex_t,edu_aggregate_ltb,mts_details_sgle,2005,654.314
ken,sex_t,edu_aggregate_ltb,mts_details_sgle,2016,92.056
ken,sex_t,edu_aggregate_ltb,mts_details_sgle,2019,489.023
ken,sex_t,edu_aggregate_ltb,mts_details_sgle,2021,161.737
ken,sex_t,edu_aggregate_ltb,mts_details_sgle,2022,299.39
ken,sex_t,edu_aggregate_ltb,mts_details_total,1999,988.843
ken,sex_t,edu_aggregate_ltb,mts_details_total,2005,2109.243
ken,sex_t,edu_aggregate_ltb,mts_details_total,2016,839.567
ken,sex_t,edu_aggregate_ltb,mts_details_total,2019,2061.656
ken,sex_t,edu_aggregate_ltb,mts_details_total,2021,1373.557
ken,sex_t,edu_aggregate_ltb,mts_details_total,2022,1716.302
ken,sex_t,edu_aggregate_ltb,mts_details_union,2005,5.898
ken,sex_t,edu_aggregate_ltb,mts_details_union,2019,56.225
ken,sex_t,edu_aggregate_ltb,mts_details_union,2021,15.343
ken,sex_t,edu_aggregate_ltb,mts_details_union,2022,22.33
ken,sex_t,edu_aggregate_ltb,mts_details_wid,1999,182.289
ken,sex_t,edu_aggregate_ltb,mts_details_wid,2005,415.99
ken,sex_t,edu_aggregate_ltb,mts_details_wid,2016,256.166
ken,sex_t,edu_aggregate_ltb,mts_details_wid,2019,493.293
ken,sex_t,edu_aggregate_ltb,mts_details_wid,2021,389.247
ken,sex_t,edu_aggregate_ltb,mts_details_wid,2022,338.546
ken,sex_t,edu_aggregate_ltb,mts_details_x,1999,3.62
ken,sex_t,edu_aggregate_ltb,mts_details_x,2005,10.771
ken,sex_t,edu_aggregate_total,mts_aggregate_1,1999,3226.204
ken,sex_t,edu_aggregate_total,mts_aggregate_1,2005,5083.227
ken,sex_t,edu_aggregate_total,mts_aggregate_1,2016,5276.656
ken,sex_t,edu_aggregate_total,mts_aggregate_1,2019,6415.554
ken,sex_t,edu_aggregate_total,mts_aggregate_1,2021,6765.549
ken,sex_t,edu_aggregate_total,mts_aggregate_1,2022,8600.777
ken,sex_t,edu_aggregate_total,mts_aggregate_2,1999,1484.949
ken,sex_t,edu_aggregate_total,mts_aggregate_2,2005,2225.164
ken,sex_t,edu_aggregate_total,mts_aggregate_2,2016,1555.451
ken,sex_t,edu_aggregate_total,mts_aggregate_2,2019,2938.489
ken,sex_t,edu_aggregate_total,mts_aggregate_2,2021,3054.397
ken,sex_t,edu_aggregate_total,mts_aggregate_2,2022,4195.191
ken,sex_t,edu_aggregate_total,mts_aggregate_total,1999,4719.236
ken,sex_t,edu_aggregate_total,mts_aggregate_total,2005,7331.561
ken,sex_t,edu_aggregate_total,mts_aggregate_total,2016,6832.107
ken,sex_t,edu_aggregate_total,mts_aggregate_total,2019,9360.821
ken,sex_t,edu_aggregate_total,mts_aggregate_total,2021,9820.055
ken,sex_t,edu_aggregate_total,mts_aggregate_total,2022,12795.968
ken,sex_t,edu_aggregate_total,mts_aggregate_x,1999,8.082
ken,sex_t,edu_aggregate_total,mts_aggregate_x,2005,23.17
ken,sex_t,edu_aggregate_total,mts_details_mrd,1999,1484.949
ken,sex_t,edu_aggregate_total,mts_details_mrd,2005,2178.816
ken,sex_t,edu_aggregate_total,mts_details_mrd,2016,1534.726
ken,sex_t,edu_aggregate_total,mts_details_mrd,2019,2785.322
ken,sex_t,edu_aggregate_total,mts_details_mrd,2021,2971.96
ken,sex_t,edu_aggregate_total,mts_details_mrd,2022,4019.873
ken,sex_t,edu_aggregate_total,mts_details_sep,1999,163.427
ken,sex_t,edu_aggregate_total,mts_details_sep,2005,126.604
ken,sex_t,edu_aggregate_total,mts_details_sep,2016,98.079
ken,sex_t,edu_aggregate_total,mts_details_sep,2019,175.565
ken,sex_t,edu_aggregate_total,mts_details_sep,2021,164.845
ken,sex_t,edu_aggregate_total,mts_details_sep,2022,327.325
ken,sex_t,edu_aggregate_total,mts_details_sgle,1999,2834.087
ken,sex_t,edu_aggregate_total,mts_details_sgle,2005,4461.821
ken,sex_t,edu_aggregate_total,mts_details_sgle,2016,4820.12
ken,sex_t,edu_aggregate_total,mts_details_sgle,2019,5627.321
ken,sex_t,edu_aggregate_total,mts_details_sgle,2021,5988.065
ken,sex_t,edu_aggregate_total,mts_details_sgle,2022,7705.625
ken,sex_t,edu_aggregate_total,mts_details_total,1999,4719.236
ken,sex_t,edu_aggregate_total,mts_details_total,2005,7331.561
ken,sex_t,edu_aggregate_total,mts_details_total,2016,6832.107
ken,sex_t,edu_aggregate_total,mts_details_total,2019,9360.821
ken,sex_t,edu_aggregate_total,mts_details_total,2021,9820.055
ken,sex_t,edu_aggregate_total,mts_details_total,2022,12795.968
ken,sex_t,edu_aggregate_total,mts_details_union,2005,46.348
ken,sex_t,edu_aggregate_total,mts_details_union,2016,20.725
ken,sex_t,edu_aggregate_total,mts_details_union,2019,153.167
ken,sex_t,edu_aggregate_total,mts_details_union,2021,82.438
ken,sex_t,edu_aggregate_total,mts_details_union,2022,175.319
ken,sex_t,edu_aggregate_total,mts_details_wid,1999,228.691
ken,sex_t,edu_aggregate_total,mts_details_wid,2005,494.802
ken,sex_t,edu_aggregate_total,mts_details_wid,2016,358.457
ken,sex_t,edu_aggregate_total,mts_details_wid,2019,612.669
ken,sex_t,edu_aggregate_total,mts_details_wid,2021,612.639
ken,sex_t,edu_aggregate_total,mts_details_wid,2022,567.826
ken,sex_t,edu_aggregate_total,mts_details_x,1999,8.082
ken,sex_t,edu_aggregate_total,mts_details_x,2005,23.17
ken,sex_t,edu_aggregate_x,mts_aggregate_1,1999,19.105
ken,sex_t,edu_aggregate_x,mts_aggregate_1,2005,22.987
ken,sex_t,edu_aggregate_x,mts_aggregate_1,2016,31.575
ken,sex_t,edu_aggregate_x,mts_aggregate_1,2019,29.683
ken,sex_t,edu_aggregate_x,mts_aggregate_1,2021,17.054
ken,sex_t,edu_aggregate_x,mts_aggregate_1,2022,52.613
ken,sex_t,edu_aggregate_x,mts_aggregate_2,2005,9.737
ken,sex_t,edu_aggregate_x,mts_aggregate_2,2016,29.026
ken,sex_t,edu_aggregate_x,mts_aggregate_2,2019,20.682
ken,sex_t,edu_aggregate_x,mts_aggregate_2,2021,15.87
ken,sex_t,edu_aggregate_x,mts_aggregate_2,2022,41.759
ken,sex_t,edu_aggregate_x,mts_aggregate_total,1999,20.224
ken,sex_t,edu_aggregate_x,mts_aggregate_total,2005,34.51
ken,sex_t,edu_aggregate_x,mts_aggregate_total,2016,60.602
ken,sex_t,edu_aggregate_x,mts_aggregate_total,2019,53.638
ken,sex_t,edu_aggregate_x,mts_aggregate_total,2021,32.923
ken,sex_t,edu_aggregate_x,mts_aggregate_total,2022,94.372
ken,sex_t,edu_aggregate_x,mts_details_mrd,2005,9.229
ken,sex_t,edu_aggregate_x,mts_details_mrd,2016,28.41
ken,sex_t,edu_aggregate_x,mts_details_mrd,2019,19.626
ken,sex_t,edu_aggregate_x,mts_details_mrd,2021,15.87
ken,sex_t,edu_aggregate_x,mts_details_mrd,2022,41.759
ken,sex_t,edu_aggregate_x,mts_details_sep,2016,4.518
ken,sex_t,edu_aggregate_x,mts_details_sgle,1999,17.87
ken,sex_t,edu_aggregate_x,mts_details_sgle,2005,18.722
ken,sex_t,edu_aggregate_x,mts_details_sgle,2016,16.514
ken,sex_t,edu_aggregate_x,mts_details_sgle,2019,19.519
ken,sex_t,edu_aggregate_x,mts_details_sgle,2021,14.348
ken,sex_t,edu_aggregate_x,mts_details_sgle,2022,46.882
ken,sex_t,edu_aggregate_x,mts_details_total,1999,20.224
ken,sex_t,edu_aggregate_x,mts_details_total,2005,34.51
ken,sex_t,edu_aggregate_x,mts_details_total,2016,60.602
ken,sex_t,edu_aggregate_x,mts_details_total,2019,53.638
ken,sex_t,edu_aggregate_x,mts_details_total,2021,32.923
ken,sex_t,edu_aggregate_x,mts_details_total,2022,94.372
ken,sex_t,edu_aggregate_x,mts_details_wid,2005,2.526
ken,sex_t,edu_aggregate_x,mts_details_wid,2016,10.544
ken,sex_t,edu_aggregate_x,mts_details_wid,2019,8.942
ken,sex_t,edu_aggregate_x,mts_details_wid,2021,2.705
ken,sex_t,edu_aggregate_x,mts_details_wid,2022,5.465
ken,sex_t,edu_isced11_0,mts_aggregate_1,2019,420.934
ken,sex_t,edu_isced11_0,mts_aggregate_1,2021,10.734
ken,sex_t,edu_isced11_0,mts_aggregate_1,2022,10.544
ken,sex_t,edu_isced11_0,mts_aggregate_2,2019,247.381
ken,sex_t,edu_isced11_0,mts_aggregate_2,2021,4.521
ken,sex_t,edu_isced11_0,mts_aggregate_2,2022,2.438
ken,sex_t,edu_isced11_0,mts_aggregate_total,2019,668.315
ken,sex_t,edu_isced11_0,mts_aggregate_total,2021,15.255
ken,sex_t,edu_isced11_0,mts_aggregate_total,2022,12.982
ken,sex_t,edu_isced11_0,mts_details_mrd,2019,240.08
ken,sex_t,edu_isced11_0,mts_details_mrd,2021,4.521
ken,sex_t,edu_isced11_0,mts_details_mrd,2022,2.438
ken,sex_t,edu_isced11_0,mts_details_sep,2019,17.553
ken,sex_t,edu_isced11_0,mts_details_sgle,2019,308.507
ken,sex_t,edu_isced11_0,mts_details_sgle,2021,8.772
ken,sex_t,edu_isced11_0,mts_details_sgle,2022,9.664
ken,sex_t,edu_isced11_0,mts_details_total,2019,668.315
ken,sex_t,edu_isced11_0,mts_details_total,2021,15.255
ken,sex_t,edu_isced11_0,mts_details_total,2022,12.982
ken,sex_t,edu_isced11_0,mts_details_union,2019,7.302
ken,sex_t,edu_isced11_0,mts_details_wid,2019,94.874
ken,sex_t,edu_isced11_1,mts_aggregate_1,2019,336.927
ken,sex_t,edu_isced11_1,mts_aggregate_1,2021,910.186
ken,sex_t,edu_isced11_1,mts_aggregate_1,2022,778.487
ken,sex_t,edu_isced11_1,mts_aggregate_2,2019,102.97
ken,sex_t,edu_isced11_1,mts_aggregate_2,2021,327.871
ken,sex_t,edu_isced11_1,mts_aggregate_2,2022,374.999
ken,sex_t,edu_isced11_1,mts_aggregate_total,2019,439.897
ken,sex_t,edu_isced11_1,mts_aggregate_total,2021,1238.166
ken,sex_t,edu_isced11_1,mts_aggregate_total,2022,1153.487
ken,sex_t,edu_isced11_1,mts_details_mrd,2019,95.54
ken,sex_t,edu_isced11_1,mts_details_mrd,2021,311.418
ken,sex_t,edu_isced11_1,mts_details_mrd,2022,359.64
ken,sex_t,edu_isced11_1,mts_details_sep,2019,13.279
ken,sex_t,edu_isced11_1,mts_details_sep,2021,26.869
ken,sex_t,edu_isced11_1,mts_details_sep,2022,58.311
ken,sex_t,edu_isced11_1,mts_details_sgle,2019,311.56
ken,sex_t,edu_isced11_1,mts_details_sgle,2021,774.054
ken,sex_t,edu_isced11_1,mts_details_sgle,2022,619.163
ken,sex_t,edu_isced11_1,mts_details_total,2019,439.897
ken,sex_t,edu_isced11_1,mts_details_total,2021,1238.166
ken,sex_t,edu_isced11_1,mts_details_total,2022,1153.487
ken,sex_t,edu_isced11_1,mts_details_union,2019,7.43
ken,sex_t,edu_isced11_1,mts_details_union,2021,16.453
ken,sex_t,edu_isced11_1,mts_details_union,2022,15.36
ken,sex_t,edu_isced11_1,mts_details_wid,2019,12.088
ken,sex_t,edu_isced11_1,mts_details_wid,2021,109.264
ken,sex_t,edu_isced11_1,mts_details_wid,2022,101.013
ken,sex_t,edu_isced11_2,mts_aggregate_1,2019,3760.933
ken,sex_t,edu_isced11_2,mts_aggregate_1,2021,1594.973
ken,sex_t,edu_isced11_2,mts_aggregate_1,2022,1876.432
ken,sex_t,edu_isced11_2,mts_aggregate_2,2019,1231.752
ken,sex_t,edu_isced11_2,mts_aggregate_2,2021,715.893
ken,sex_t,edu_isced11_2,mts_aggregate_2,2022,1033.499
ken,sex_t,edu_isced11_2,mts_aggregate_total,2019,4992.685
ken,sex_t,edu_isced11_2,mts_aggregate_total,2021,2310.866
ken,sex_t,edu_isced11_2,mts_aggregate_total,2022,2909.931
ken,sex_t,edu_isced11_2,mts_details_mrd,2019,1168.574
ken,sex_t,edu_isced11_2,mts_details_mrd,2021,701.588
ken,sex_t,edu_isced11_2,mts_details_mrd,2022,991.532
ken,sex_t,edu_isced11_2,mts_details_sep,2019,69.659
ken,sex_t,edu_isced11_2,mts_details_sep,2021,44.476
ken,sex_t,edu_isced11_2,mts_details_sep,2022,93.274
ken,sex_t,edu_isced11_2,mts_details_sgle,2019,3602.438
ken,sex_t,edu_isced11_2,mts_details_sgle,2021,1498.814
ken,sex_t,edu_isced11_2,mts_details_sgle,2022,1719.261
ken,sex_t,edu_isced11_2,mts_details_total,2019,4992.685
ken,sex_t,edu_isced11_2,mts_details_total,2021,2310.866
ken,sex_t,edu_isced11_2,mts_details_total,2022,2909.931
ken,sex_t,edu_isced11_2,mts_details_union,2019,63.178
ken,sex_t,edu_isced11_2,mts_details_union,2021,14.305
ken,sex_t,edu_isced11_2,mts_details_union,2022,41.968
ken,sex_t,edu_isced11_2,mts_details_wid,2019,88.836
ken,sex_t,edu_isced11_2,mts_details_wid,2021,51.684
ken,sex_t,edu_isced11_2,mts_details_wid,2022,63.897
ken,sex_t,edu_isced11_3,mts_aggregate_1,2019,1155.559
ken,sex_t,edu_isced11_3,mts_aggregate_1,2021,3194.209
ken,sex_t,edu_isced11_3,mts_aggregate_1,2022,4645.7
ken,sex_t,edu_isced11_3,mts_aggregate_2,2019,495.069
ken,sex_t,edu_isced11_3,mts_aggregate_2,2021,1055.306
ken,sex_t,edu_isced11_3,mts_aggregate_2,2022,1556.994
ken,sex_t,edu_isced11_3,mts_aggregate_total,2019,1654.132
ken,sex_t,edu_isced11_3,mts_aggregate_total,2021,4249.515
ken,sex_t,edu_isced11_3,mts_aggregate_total,2022,6202.695
ken,sex_t,edu_isced11_3,mts_details_mrd,2019,474.012
ken,sex_t,edu_isced11_3,mts_details_mrd,2021,1036.893
ken,sex_t,edu_isced11_3,mts_details_mrd,2022,1471.121
ken,sex_t,edu_isced11_3,mts_details_sep,2019,17
ken,sex_t,edu_isced11_3,mts_details_sep,2021,49.199
ken,sex_t,edu_isced11_3,mts_details_sep,2022,107.079
ken,sex_t,edu_isced11_3,mts_details_sgle,2019,1129.724
ken,sex_t,edu_isced11_3,mts_details_sgle,2021,3089.687
ken,sex_t,edu_isced11_3,mts_details_sgle,2022,4484.195
ken,sex_t,edu_isced11_3,mts_details_total,2019,1654.132
ken,sex_t,edu_isced11_3,mts_details_total,2021,4249.515
ken,sex_t,edu_isced11_3,mts_details_total,2022,6202.695
ken,sex_t,edu_isced11_3,mts_details_union,2019,21.057
ken,sex_t,edu_isced11_3,mts_details_union,2021,18.412
ken,sex_t,edu_isced11_3,mts_details_union,2022,85.873
ken,sex_t,edu_isced11_3,mts_details_wid,2019,8.835
ken,sex_t,edu_isced11_3,mts_details_wid,2021,55.323
ken,sex_t,edu_isced11_3,mts_details_wid,2022,54.426
ken,sex_t,edu_isced11_4,mts_aggregate_1,2019,9.867
ken,sex_t,edu_isced11_4,mts_aggregate_1,2021,55.65
ken,sex_t,edu_isced11_4,mts_aggregate_1,2022,64.563
ken,sex_t,edu_isced11_4,mts_aggregate_2,2019,9.829
ken,sex_t,edu_isced11_4,mts_aggregate_2,2021,20.644
ken,sex_t,edu_isced11_4,mts_aggregate_2,2022,25.506
ken,sex_t,edu_isced11_4,mts_aggregate_total,2019,19.696
ken,sex_t,edu_isced11_4,mts_aggregate_total,2021,76.294
ken,sex_t,edu_isced11_4,mts_aggregate_total,2022,90.07
ken,sex_t,edu_isced11_4,mts_details_mrd,2019,8.482
ken,sex_t,edu_isced11_4,mts_details_mrd,2021,20.389
ken,sex_t,edu_isced11_4,mts_details_mrd,2022,22.903
ken,sex_t,edu_isced11_4,mts_details_sgle,2019,6.693
ken,sex_t,edu_isced11_4,mts_details_sgle,2021,52.804
ken,sex_t,edu_isced11_4,mts_details_sgle,2022,61.935
ken,sex_t,edu_isced11_4,mts_details_total,2019,19.696
ken,sex_t,edu_isced11_4,mts_details_total,2021,76.294
ken,sex_t,edu_isced11_4,mts_details_total,2022,90.07
ken,sex_t,edu_isced11_6,mts_aggregate_1,2019,68.646
ken,sex_t,edu_isced11_6,mts_aggregate_1,2021,392.664
ken,sex_t,edu_isced11_6,mts_aggregate_1,2022,472.786
ken,sex_t,edu_isced11_6,mts_aggregate_2,2019,58.331
ken,sex_t,edu_isced11_6,mts_aggregate_2,2021,120.63
ken,sex_t,edu_isced11_6,mts_aggregate_2,2022,128.392
ken,sex_t,edu_isced11_6,mts_aggregate_total,2019,126.977
ken,sex_t,edu_isced11_6,mts_aggregate_total,2021,513.294
ken,sex_t,edu_isced11_6,mts_aggregate_total,2022,601.178
ken,sex_t,edu_isced11_6,mts_details_mrd,2019,55.458
ken,sex_t,edu_isced11_6,mts_details_mrd,2021,102.961
ken,sex_t,edu_isced11_6,mts_details_mrd,2022,121.206
ken,sex_t,edu_isced11_6,mts_details_sgle,2019,66.034
ken,sex_t,edu_isced11_6,mts_details_sgle,2021,388.442
ken,sex_t,edu_isced11_6,mts_details_sgle,2022,467.929
ken,sex_t,edu_isced11_6,mts_details_total,2019,126.977
ken,sex_t,edu_isced11_6,mts_details_total,2021,513.294
ken,sex_t,edu_isced11_6,mts_details_total,2022,601.178
ken,sex_t,edu_isced11_6,mts_details_union,2021,17.669
ken,sex_t,edu_isced11_6,mts_details_union,2022,7.185
ken,sex_t,edu_isced11_7,mts_aggregate_1,2022,7.141
ken,sex_t,edu_isced11_7,mts_aggregate_2,2019,8.063
ken,sex_t,edu_isced11_7,mts_aggregate_2,2021,17.261
ken,sex_t,edu_isced11_7,mts_aggregate_2,2022,15.47
ken,sex_t,edu_isced11_7,mts_aggregate_total,2019,10.394
ken,sex_t,edu_isced11_7,mts_aggregate_total,2021,25.44
ken,sex_t,edu_isced11_7,mts_aggregate_total,2022,22.612
ken,sex_t,edu_isced11_7,mts_details_mrd,2019,8.063
ken,sex_t,edu_isced11_7,mts_details_mrd,2021,17.261
ken,sex_t,edu_isced11_7,mts_details_mrd,2022,15.47
ken,sex_t,edu_isced11_7,mts_details_total,2019,10.394
ken,sex_t,edu_isced11_7,mts_details_total,2021,25.44
ken,sex_t,edu_isced11_7,mts_details_total,2022,22.612
ken,sex_t,edu_isced11_8,mts_aggregate_total,2022,5.322
ken,sex_t,edu_isced11_8,mts_details_total,2022,5.322
ken,sex_t,edu_isced11_9,mts_aggregate_1,2019,29.683
ken,sex_t,edu_isced11_9,mts_aggregate_1,2021,17.054
ken,sex_t,edu_isced11_9,mts_aggregate_1,2022,52.613
ken,sex_t,edu_isced11_9,mts_aggregate_2,2019,20.682
ken,sex_t,edu_isced11_9,mts_aggregate_2,2021,15.87
ken,sex_t,edu_isced11_9,mts_aggregate_2,2022,41.759
ken,sex_t,edu_isced11_9,mts_aggregate_total,2019,53.638
ken,sex_t,edu_isced11_9,mts_aggregate_total,2021,32.923
ken,sex_t,edu_isced11_9,mts_aggregate_total,2022,94.372
ken,sex_t,edu_isced11_9,mts_details_mrd,2019,19.626
ken,sex_t,edu_isced11_9,mts_details_mrd,2021,15.87
ken,sex_t,edu_isced11_9,mts_details_mrd,2022,41.759
ken,sex_t,edu_isced11_9,mts_details_sgle,2019,19.519
ken,sex_t,edu_isced11_9,mts_details_sgle,2021,14.348
ken,sex_t,edu_isced11_9,mts_details_sgle,2022,46.882
ken,sex_t,edu_isced11_9,mts_details_total,2019,53.638
ken,sex_t,edu_isced11_9,mts_details_total,2021,32.923
ken,sex_t,edu_isced11_9,mts_details_total,2022,94.372
ken,sex_t,edu_isced11_9,mts_details_wid,2019,8.942
ken,sex_t,edu_isced11_9,mts_details_wid,2021,2.705
ken,sex_t,edu_isced11_9,mts_details_wid,2022,5.465
ken,sex_t,edu_isced11_total,mts_aggregate_1,2019,6415.554
ken,sex_t,edu_isced11_total,mts_aggregate_1,2021,6765.549
ken,sex_t,edu_isced11_total,mts_aggregate_1,2022,8600.777
ken,sex_t,edu_isced11_total,mts_aggregate_2,2019,2938.489
ken,sex_t,edu_isced11_total,mts_aggregate_2,2021,3054.397
ken,sex_t,edu_isced11_total,mts_aggregate_2,2022,4195.191
ken,sex_t,edu_isced11_total,mts_aggregate_total,2019,9360.821
ken,sex_t,edu_isced11_total,mts_aggregate_total,2021,9820.055
ken,sex_t,edu_isced11_total,mts_aggregate_total,2022,12795.968
ken,sex_t,edu_isced11_total,mts_details_mrd,2019,2785.322
ken,sex_t,edu_isced11_total,mts_details_mrd,2021,2971.96
ken,sex_t,edu_isced11_total,mts_details_mrd,2022,4019.873
ken,sex_t,edu_isced11_total,mts_details_sep,2019,175.565
ken,sex_t,edu_isced11_total,mts_details_sep,2021,164.845
ken,sex_t,edu_isced11_total,mts_details_sep,2022,327.325
ken,sex_t,edu_isced11_total,mts_details_sgle,2019,5627.321
ken,sex_t,edu_isced11_total,mts_details_sgle,2021,5988.065
ken,sex_t,edu_isced11_total,mts_details_sgle,2022,7705.625
ken,sex_t,edu_isced11_total,mts_details_total,2019,9360.821
ken,sex_t,edu_isced11_total,mts_details_total,2021,9820.055
ken,sex_t,edu_isced11_total,mts_details_total,2022,12795.968
ken,sex_t,edu_isced11_total,mts_details_union,2019,153.167
ken,sex_t,edu_isced11_total,mts_details_union,2021,82.438
ken,sex_t,edu_isced11_total,mts_details_union,2022,175.319
ken,sex_t,edu_isced11_total,mts_details_wid,2019,612.669
ken,sex_t,edu_isced11_total,mts_details_wid,2021,612.639
ken,sex_t,edu_isced11_total,mts_details_wid,2022,567.826
ken,sex_t,edu_isced11_x,mts_aggregate_1,2019,630.674
ken,sex_t,edu_isced11_x,mts_aggregate_1,2021,581.899
ken,sex_t,edu_isced11_x,mts_aggregate_1,2022,691.669
ken,sex_t,edu_isced11_x,mts_aggregate_2,2019,762.667
ken,sex_t,edu_isced11_x,mts_aggregate_2,2021,776.403
ken,sex_t,edu_isced11_x,mts_aggregate_2,2022,1011.652
ken,sex_t,edu_isced11_x,mts_aggregate_total,2019,1393.342
ken,sex_t,edu_isced11_x,mts_aggregate_total,2021,1358.302
ken,sex_t,edu_isced11_x,mts_aggregate_total,2022,1703.321
ken,sex_t,edu_isced11_x,mts_details_mrd,2019,713.743
ken,sex_t,edu_isced11_x,mts_details_mrd,2021,761.06
ken,sex_t,edu_isced11_x,mts_details_mrd,2022,989.322
ken,sex_t,edu_isced11_x,mts_details_sep,2019,51.74
ken,sex_t,edu_isced11_x,mts_details_sep,2021,41.025
ken,sex_t,edu_isced11_x,mts_details_sep,2022,64.14
ken,sex_t,edu_isced11_x,mts_details_sgle,2019,180.516
ken,sex_t,edu_isced11_x,mts_details_sgle,2021,152.965
ken,sex_t,edu_isced11_x,mts_details_sgle,2022,289.726
ken,sex_t,edu_isced11_x,mts_details_total,2019,1393.342
ken,sex_t,edu_isced11_x,mts_details_total,2021,1358.302
ken,sex_t,edu_isced11_x,mts_details_total,2022,1703.321
ken,sex_t,edu_isced11_x,mts_details_union,2019,48.924
ken,sex_t,edu_isced11_x,mts_details_union,2021,15.343
ken,sex_t,edu_isced11_x,mts_details_union,2022,22.33
ken,sex_t,edu_isced11_x,mts_details_wid,2019,398.418
ken,sex_t,edu_isced11_x,mts_details_wid,2021,387.91
ken,sex_t,edu_isced11_x,mts_details_wid,2022,337.803
ken,sex_t,edu_isced97_0,mts_aggregate_1,2005,573.332
ken,sex_t,edu_isced97_0,mts_aggregate_1,2016,14.735
ken,sex_t,edu_isced97_0,mts_aggregate_2,2005,233.035
ken,sex_t,edu_isced97_0,mts_aggregate_2,2016,2.697
ken,sex_t,edu_isced97_0,mts_aggregate_total,2005,810.517
ken,sex_t,edu_isced97_0,mts_aggregate_total,2016,17.432
ken,sex_t,edu_isced97_0,mts_aggregate_x,2005,4.151
ken,sex_t,edu_isced97_0,mts_details_mrd,2005,228.497
ken,sex_t,edu_isced97_0,mts_details_mrd,2016,2.419
ken,sex_t,edu_isced97_0,mts_details_sep,2005,18.479
ken,sex_t,edu_isced97_0,mts_details_sgle,2005,510.184
ken,sex_t,edu_isced97_0,mts_details_sgle,2016,11.018
ken,sex_t,edu_isced97_0,mts_details_total,2005,810.517
ken,sex_t,edu_isced97_0,mts_details_total,2016,17.432
ken,sex_t,edu_isced97_0,mts_details_wid,2005,44.669
ken,sex_t,edu_isced97_0,mts_details_wid,2016,3.274
ken,sex_t,edu_isced97_0,mts_details_x,2005,4.151
ken,sex_t,edu_isced97_1,mts_aggregate_1,2005,2462.173
ken,sex_t,edu_isced97_1,mts_aggregate_1,2016,1958.102
ken,sex_t,edu_isced97_1,mts_aggregate_2,2005,800.508
ken,sex_t,edu_isced97_1,mts_aggregate_2,2016,529.64
ken,sex_t,edu_isced97_1,mts_aggregate_total,2005,3266.424
ken,sex_t,edu_isced97_1,mts_aggregate_total,2016,2487.742
ken,sex_t,edu_isced97_1,mts_aggregate_x,2005,3.742
ken,sex_t,edu_isced97_1,mts_details_mrd,2005,776.836
ken,sex_t,edu_isced97_1,mts_details_mrd,2016,522.982
ken,sex_t,edu_isced97_1,mts_details_sep,2005,48.915
ken,sex_t,edu_isced97_1,mts_details_sep,2016,36.848
ken,sex_t,edu_isced97_1,mts_details_sgle,2005,2355.513
ken,sex_t,edu_isced97_1,mts_details_sgle,2016,1849.191
ken,sex_t,edu_isced97_1,mts_details_total,2005,3266.424
ken,sex_t,edu_isced97_1,mts_details_total,2016,2487.742
ken,sex_t,edu_isced97_1,mts_details_union,2005,23.672
ken,sex_t,edu_isced97_1,mts_details_union,2016,6.658
ken,sex_t,edu_isced97_1,mts_details_wid,2005,57.746
ken,sex_t,edu_isced97_1,mts_details_wid,2016,72.063
ken,sex_t,edu_isced97_1,mts_details_x,2005,3.742
ken,sex_t,edu_isced97_2,mts_aggregate_1,2005,926.066
ken,sex_t,edu_isced97_2,mts_aggregate_1,2016,35.742
ken,sex_t,edu_isced97_2,mts_aggregate_2,2005,158.866
ken,sex_t,edu_isced97_2,mts_aggregate_2,2016,9.694
ken,sex_t,edu_isced97_2,mts_aggregate_total,2005,1085.259
ken,sex_t,edu_isced97_2,mts_aggregate_total,2016,45.436
ken,sex_t,edu_isced97_2,mts_details_mrd,2005,151.581
ken,sex_t,edu_isced97_2,mts_details_mrd,2016,9.694
ken,sex_t,edu_isced97_2,mts_details_sep,2005,6.14
ken,sex_t,edu_isced97_2,mts_details_sgle,2005,913.164
ken,sex_t,edu_isced97_2,mts_details_sgle,2016,34.547
ken,sex_t,edu_isced97_2,mts_details_total,2005,1085.259
ken,sex_t,edu_isced97_2,mts_details_total,2016,45.436
ken,sex_t,edu_isced97_2,mts_details_union,2005,7.285
ken,sex_t,edu_isced97_2,mts_details_wid,2005,6.763
ken,sex_t,edu_isced97_3,mts_aggregate_1,2005,470.415
ken,sex_t,edu_isced97_3,mts_aggregate_1,2016,2330.058
ken,sex_t,edu_isced97_3,mts_aggregate_2,2005,266.389
ken,sex_t,edu_isced97_3,mts_aggregate_2,2016,367.427
ken,sex_t,edu_isced97_3,mts_aggregate_total,2005,740.376
ken,sex_t,edu_isced97_3,mts_aggregate_total,2016,2697.485
ken,sex_t,edu_isced97_3,mts_details_mrd,2005,257.404
ken,sex_t,edu_isced97_3,mts_details_mrd,2016,359.3
ken,sex_t,edu_isced97_3,mts_details_sep,2005,10.014
ken,sex_t,edu_isced97_3,mts_details_sep,2016,19.696
ken,sex_t,edu_isced97_3,mts_details_sgle,2005,452.192
ken,sex_t,edu_isced97_3,mts_details_sgle,2016,2300.037
ken,sex_t,edu_isced97_3,mts_details_total,2005,740.376
ken,sex_t,edu_isced97_3,mts_details_total,2016,2697.485
ken,sex_t,edu_isced97_3,mts_details_union,2005,8.985
ken,sex_t,edu_isced97_3,mts_details_union,2016,8.127
ken,sex_t,edu_isced97_3,mts_details_wid,2005,8.209
ken,sex_t,edu_isced97_3,mts_details_wid,2016,10.325
ken,sex_t,edu_isced97_4,mts_aggregate_1,2005,44.719
ken,sex_t,edu_isced97_4,mts_aggregate_1,2016,221.766
ken,sex_t,edu_isced97_4,mts_aggregate_2,2005,4.509
ken,sex_t,edu_isced97_4,mts_aggregate_2,2016,113.567
ken,sex_t,edu_isced97_4,mts_aggregate_total,2005,50.218
ken,sex_t,edu_isced97_4,mts_aggregate_total,2016,335.332
ken,sex_t,edu_isced97_4,mts_details_mrd,2005,4.509
ken,sex_t,edu_isced97_4,mts_details_mrd,2016,112.186
ken,sex_t,edu_isced97_4,mts_details_sep,2016,4.942
ken,sex_t,edu_isced97_4,mts_details_sgle,2005,41.96
ken,sex_t,edu_isced97_4,mts_details_sgle,2016,207.464
ken,sex_t,edu_isced97_4,mts_details_total,2005,50.218
ken,sex_t,edu_isced97_4,mts_details_total,2016,335.332
ken,sex_t,edu_isced97_4,mts_details_wid,2016,9.36
ken,sex_t,edu_isced97_5,mts_aggregate_1,2005,25.687
ken,sex_t,edu_isced97_5,mts_aggregate_1,2016,318.217
ken,sex_t,edu_isced97_5,mts_aggregate_2,2005,11.351
ken,sex_t,edu_isced97_5,mts_aggregate_2,2016,35.979
ken,sex_t,edu_isced97_5,mts_aggregate_total,2005,39.02
ken,sex_t,edu_isced97_5,mts_aggregate_total,2016,354.196
ken,sex_t,edu_isced97_5,mts_details_mrd,2005,11.351
ken,sex_t,edu_isced97_5,mts_details_mrd,2016,32.916
ken,sex_t,edu_isced97_5,mts_details_sgle,2005,25.331
ken,sex_t,edu_isced97_5,mts_details_sgle,2016,318.217
ken,sex_t,edu_isced97_5,mts_details_total,2005,39.02
ken,sex_t,edu_isced97_5,mts_details_total,2016,354.196
ken,sex_t,edu_isced97_6,mts_aggregate_1,2016,2.11
ken,sex_t,edu_isced97_6,mts_aggregate_2,2005,5.227
ken,sex_t,edu_isced97_6,mts_aggregate_2,2016,9.639
ken,sex_t,edu_isced97_6,mts_aggregate_total,2005,6.512
ken,sex_t,edu_isced97_6,mts_aggregate_total,2016,11.749
ken,sex_t,edu_isced97_6,mts_details_mrd,2005,5.227
ken,sex_t,edu_isced97_6,mts_details_mrd,2016,9.639
ken,sex_t,edu_isced97_6,mts_details_sgle,2016,2.096
ken,sex_t,edu_isced97_6,mts_details_total,2005,6.512
ken,sex_t,edu_isced97_6,mts_details_total,2016,11.749
ken,sex_t,edu_isced97_total,mts_aggregate_1,2005,5083.227
ken,sex_t,edu_isced97_total,mts_aggregate_1,2016,5276.656
ken,sex_t,edu_isced97_total,mts_aggregate_2,2005,2225.164
ken,sex_t,edu_isced97_total,mts_aggregate_2,2016,1555.451
ken,sex_t,edu_isced97_total,mts_aggregate_total,2005,7331.561
ken,sex_t,edu_isced97_total,mts_aggregate_total,2016,6832.107
ken,sex_t,edu_isced97_total,mts_aggregate_x,2005,23.17
ken,sex_t,edu_isced97_total,mts_details_mrd,2005,2178.816
ken,sex_t,edu_isced97_total,mts_details_mrd,2016,1534.726
ken,sex_t,edu_isced97_total,mts_details_sep,2005,126.604
ken,sex_t,edu_isced97_total,mts_details_sep,2016,98.079
ken,sex_t,edu_isced97_total,mts_details_sgle,2005,4461.821
ken,sex_t,edu_isced97_total,mts_details_sgle,2016,4820.12
ken,sex_t,edu_isced97_total,mts_details_total,2005,7331.561
ken,sex_t,edu_isced97_total,mts_details_total,2016,6832.107
ken,sex_t,edu_isced97_total,mts_details_union,2005,46.348
ken,sex_t,edu_isced97_total,mts_details_union,2016,20.725
ken,sex_t,edu_isced97_total,mts_details_wid,2005,494.802
ken,sex_t,edu_isced97_total,mts_details_wid,2016,358.457
ken,sex_t,edu_isced97_total,mts_details_x,2005,23.17
ken,sex_t,edu_isced97_unk,mts_aggregate_1,2005,22.987
ken,sex_t,edu_isced97_unk,mts_aggregate_1,2016,31.575
ken,sex_t,edu_isced97_unk,mts_aggregate_2,2005,9.737
ken,sex_t,edu_isced97_unk,mts_aggregate_2,2016,29.026
ken,sex_t,edu_isced97_unk,mts_aggregate_total,2005,34.51
ken,sex_t,edu_isced97_unk,mts_aggregate_total,2016,60.602
ken,sex_t,edu_isced97_unk,mts_details_mrd,2005,9.229
ken,sex_t,edu_isced97_unk,mts_details_mrd,2016,28.41
ken,sex_t,edu_isced97_unk,mts_details_sep,2016,4.518
ken,sex_t,edu_isced97_unk,mts_details_sgle,2005,18.722
ken,sex_t,edu_isced97_unk,mts_details_sgle,2016,16.514
ken,sex_t,edu_isced97_unk,mts_details_total,2005,34.51
ken,sex_t,edu_isced97_unk,mts_details_total,2016,60.602
ken,sex_t,edu_isced97_unk,mts_details_wid,2005,2.526
ken,sex_t,edu_isced97_unk,mts_details_wid,2016,10.544
ken,sex_t,edu_isced97_x,mts_aggregate_1,2005,556.562
ken,sex_t,edu_isced97_x,mts_aggregate_1,2016,364.352
ken,sex_t,edu_isced97_x,mts_aggregate_2,2005,735.544
ken,sex_t,edu_isced97_x,mts_aggregate_2,2016,457.783
ken,sex_t,edu_isced97_x,mts_aggregate_total,2005,1298.726
ken,sex_t,edu_isced97_x,mts_aggregate_total,2016,822.135
ken,sex_t,edu_isced97_x,mts_aggregate_x,2005,6.62
ken,sex_t,edu_isced97_x,mts_details_mrd,2005,734.183
ken,sex_t,edu_isced97_x,mts_details_mrd,2016,457.179
ken,sex_t,edu_isced97_x,mts_details_sep,2005,41.111
ken,sex_t,edu_isced97_x,mts_details_sep,2016,30.422
ken,sex_t,edu_isced97_x,mts_details_sgle,2005,144.13
ken,sex_t,edu_isced97_x,mts_details_sgle,2016,81.037
ken,sex_t,edu_isced97_x,mts_details_total,2005,1298.726
ken,sex_t,edu_isced97_x,mts_details_total,2016,822.135
ken,sex_t,edu_isced97_x,mts_details_wid,2005,371.322
ken,sex_t,edu_isced97_x,mts_details_wid,2016,252.892
ken,sex_t,edu_isced97_x,mts_details_x,2005,6.62
