ref_area,sex,classif1,classif2,time,how_xees_sex_eco_mts_nb
hnd,sex_f,eco_aggregate_agr,mts_aggregate_1,2005,51.67
hnd,sex_f,eco_aggregate_agr,mts_aggregate_1,2006,44.09
hnd,sex_f,eco_aggregate_agr,mts_aggregate_1,2007,41.91
hnd,sex_f,eco_aggregate_agr,mts_aggregate_1,2008,39.11
hnd,sex_f,eco_aggregate_agr,mts_aggregate_1,2009,38.9
hnd,sex_f,eco_aggregate_agr,mts_aggregate_1,2010,36.29
hnd,sex_f,eco_aggregate_agr,mts_aggregate_1,2011,36.22
hnd,sex_f,eco_aggregate_agr,mts_aggregate_1,2012,42.62
hnd,sex_f,eco_aggregate_agr,mts_aggregate_1,2013,43.22
hnd,sex_f,eco_aggregate_agr,mts_aggregate_1,2014,33.72
hnd,sex_f,eco_aggregate_agr,mts_aggregate_1,2015,39.68
hnd,sex_f,eco_aggregate_agr,mts_aggregate_1,2016,37.46
hnd,sex_f,eco_aggregate_agr,mts_aggregate_1,2017,35.48
hnd,sex_f,eco_aggregate_agr,mts_aggregate_1,2018,38.09
hnd,sex_f,eco_aggregate_agr,mts_aggregate_1,2019,41.76
hnd,sex_f,eco_aggregate_agr,mts_aggregate_1,2020,35.71
hnd,sex_f,eco_aggregate_agr,mts_aggregate_1,2021,35.41
hnd,sex_f,eco_aggregate_agr,mts_aggregate_1,2022,38.35
hnd,sex_f,eco_aggregate_agr,mts_aggregate_1,2023,39.51
hnd,sex_f,eco_aggregate_agr,mts_aggregate_1,2024,34.14
hnd,sex_f,eco_aggregate_agr,mts_aggregate_2,2005,39.91
hnd,sex_f,eco_aggregate_agr,mts_aggregate_2,2006,42.87
hnd,sex_f,eco_aggregate_agr,mts_aggregate_2,2007,41.88
hnd,sex_f,eco_aggregate_agr,mts_aggregate_2,2008,40.91
hnd,sex_f,eco_aggregate_agr,mts_aggregate_2,2009,38.22
hnd,sex_f,eco_aggregate_agr,mts_aggregate_2,2010,38.29
hnd,sex_f,eco_aggregate_agr,mts_aggregate_2,2011,38.79
hnd,sex_f,eco_aggregate_agr,mts_aggregate_2,2012,40.85
hnd,sex_f,eco_aggregate_agr,mts_aggregate_2,2013,44.83
hnd,sex_f,eco_aggregate_agr,mts_aggregate_2,2014,50.83
hnd,sex_f,eco_aggregate_agr,mts_aggregate_2,2015,35.09
hnd,sex_f,eco_aggregate_agr,mts_aggregate_2,2016,27.75
hnd,sex_f,eco_aggregate_agr,mts_aggregate_2,2017,33.12
hnd,sex_f,eco_aggregate_agr,mts_aggregate_2,2018,40.47
hnd,sex_f,eco_aggregate_agr,mts_aggregate_2,2019,43.35
hnd,sex_f,eco_aggregate_agr,mts_aggregate_2,2020,40.59
hnd,sex_f,eco_aggregate_agr,mts_aggregate_2,2021,35.92
hnd,sex_f,eco_aggregate_agr,mts_aggregate_2,2022,36.85
hnd,sex_f,eco_aggregate_agr,mts_aggregate_2,2023,34.26
hnd,sex_f,eco_aggregate_agr,mts_aggregate_2,2024,40.21
hnd,sex_f,eco_aggregate_agr,mts_aggregate_total,2005,47.32
hnd,sex_f,eco_aggregate_agr,mts_aggregate_total,2006,43.62
hnd,sex_f,eco_aggregate_agr,mts_aggregate_total,2007,41.9
hnd,sex_f,eco_aggregate_agr,mts_aggregate_total,2008,39.66
hnd,sex_f,eco_aggregate_agr,mts_aggregate_total,2009,38.68
hnd,sex_f,eco_aggregate_agr,mts_aggregate_total,2010,37.08
hnd,sex_f,eco_aggregate_agr,mts_aggregate_total,2011,37.17
hnd,sex_f,eco_aggregate_agr,mts_aggregate_total,2012,41.91
hnd,sex_f,eco_aggregate_agr,mts_aggregate_total,2013,43.76
hnd,sex_f,eco_aggregate_agr,mts_aggregate_total,2014,40.04
hnd,sex_f,eco_aggregate_agr,mts_aggregate_total,2015,38.19
hnd,sex_f,eco_aggregate_agr,mts_aggregate_total,2016,34.82
hnd,sex_f,eco_aggregate_agr,mts_aggregate_total,2017,34.82
hnd,sex_f,eco_aggregate_agr,mts_aggregate_total,2018,39.15
hnd,sex_f,eco_aggregate_agr,mts_aggregate_total,2019,42.4
hnd,sex_f,eco_aggregate_agr,mts_aggregate_total,2020,37.76
hnd,sex_f,eco_aggregate_agr,mts_aggregate_total,2021,35.68
hnd,sex_f,eco_aggregate_agr,mts_aggregate_total,2022,37.75
hnd,sex_f,eco_aggregate_agr,mts_aggregate_total,2023,37.87
hnd,sex_f,eco_aggregate_agr,mts_aggregate_total,2024,36.98
hnd,sex_f,eco_aggregate_agr,mts_details_mrd,2005,40.49
hnd,sex_f,eco_aggregate_agr,mts_details_mrd,2006,46.37
hnd,sex_f,eco_aggregate_agr,mts_details_mrd,2007,40.86
hnd,sex_f,eco_aggregate_agr,mts_details_mrd,2008,37.93
hnd,sex_f,eco_aggregate_agr,mts_details_mrd,2009,31.31
hnd,sex_f,eco_aggregate_agr,mts_details_mrd,2010,38.93
hnd,sex_f,eco_aggregate_agr,mts_details_mrd,2011,38.09
hnd,sex_f,eco_aggregate_agr,mts_details_mrd,2013,48.39
hnd,sex_f,eco_aggregate_agr,mts_details_mrd,2017,22.75
hnd,sex_f,eco_aggregate_agr,mts_details_mrd,2018,38.05
hnd,sex_f,eco_aggregate_agr,mts_details_mrd,2019,32.32
hnd,sex_f,eco_aggregate_agr,mts_details_mrd,2020,41.18
hnd,sex_f,eco_aggregate_agr,mts_details_mrd,2021,32.34
hnd,sex_f,eco_aggregate_agr,mts_details_mrd,2022,36.64
hnd,sex_f,eco_aggregate_agr,mts_details_mrd,2023,22.6
hnd,sex_f,eco_aggregate_agr,mts_details_mrd,2024,25.17
hnd,sex_f,eco_aggregate_agr,mts_details_sep,2006,47.52
hnd,sex_f,eco_aggregate_agr,mts_details_sep,2007,40.98
hnd,sex_f,eco_aggregate_agr,mts_details_sep,2008,39.65
hnd,sex_f,eco_aggregate_agr,mts_details_sep,2009,42.57
hnd,sex_f,eco_aggregate_agr,mts_details_sep,2016,25.23
hnd,sex_f,eco_aggregate_agr,mts_details_sgle,2005,51.57
hnd,sex_f,eco_aggregate_agr,mts_details_sgle,2006,43.41
hnd,sex_f,eco_aggregate_agr,mts_details_sgle,2007,42.08
hnd,sex_f,eco_aggregate_agr,mts_details_sgle,2008,38.41
hnd,sex_f,eco_aggregate_agr,mts_details_sgle,2009,39.28
hnd,sex_f,eco_aggregate_agr,mts_details_sgle,2010,35.15
hnd,sex_f,eco_aggregate_agr,mts_details_sgle,2011,36.27
hnd,sex_f,eco_aggregate_agr,mts_details_sgle,2012,43.57
hnd,sex_f,eco_aggregate_agr,mts_details_sgle,2013,43.13
hnd,sex_f,eco_aggregate_agr,mts_details_sgle,2014,33.69
hnd,sex_f,eco_aggregate_agr,mts_details_sgle,2015,40.91
hnd,sex_f,eco_aggregate_agr,mts_details_sgle,2016,36.92
hnd,sex_f,eco_aggregate_agr,mts_details_sgle,2017,35.83
hnd,sex_f,eco_aggregate_agr,mts_details_sgle,2018,39.16
hnd,sex_f,eco_aggregate_agr,mts_details_sgle,2019,42.74
hnd,sex_f,eco_aggregate_agr,mts_details_sgle,2020,35.57
hnd,sex_f,eco_aggregate_agr,mts_details_sgle,2021,34.93
hnd,sex_f,eco_aggregate_agr,mts_details_sgle,2022,38.64
hnd,sex_f,eco_aggregate_agr,mts_details_sgle,2023,40.53
hnd,sex_f,eco_aggregate_agr,mts_details_sgle,2024,34.71
hnd,sex_f,eco_aggregate_agr,mts_details_total,2005,47.32
hnd,sex_f,eco_aggregate_agr,mts_details_total,2006,43.62
hnd,sex_f,eco_aggregate_agr,mts_details_total,2007,41.9
hnd,sex_f,eco_aggregate_agr,mts_details_total,2008,39.66
hnd,sex_f,eco_aggregate_agr,mts_details_total,2009,38.68
hnd,sex_f,eco_aggregate_agr,mts_details_total,2010,37.08
hnd,sex_f,eco_aggregate_agr,mts_details_total,2011,37.17
hnd,sex_f,eco_aggregate_agr,mts_details_total,2012,41.91
hnd,sex_f,eco_aggregate_agr,mts_details_total,2013,43.76
hnd,sex_f,eco_aggregate_agr,mts_details_total,2014,40.04
hnd,sex_f,eco_aggregate_agr,mts_details_total,2015,38.19
hnd,sex_f,eco_aggregate_agr,mts_details_total,2016,34.82
hnd,sex_f,eco_aggregate_agr,mts_details_total,2017,34.82
hnd,sex_f,eco_aggregate_agr,mts_details_total,2018,39.15
hnd,sex_f,eco_aggregate_agr,mts_details_total,2019,42.4
hnd,sex_f,eco_aggregate_agr,mts_details_total,2020,37.76
hnd,sex_f,eco_aggregate_agr,mts_details_total,2021,35.68
hnd,sex_f,eco_aggregate_agr,mts_details_total,2022,37.75
hnd,sex_f,eco_aggregate_agr,mts_details_total,2023,37.87
hnd,sex_f,eco_aggregate_agr,mts_details_total,2024,36.98
hnd,sex_f,eco_aggregate_agr,mts_details_union,2005,39.69
hnd,sex_f,eco_aggregate_agr,mts_details_union,2006,41.21
hnd,sex_f,eco_aggregate_agr,mts_details_union,2007,42.38
hnd,sex_f,eco_aggregate_agr,mts_details_union,2008,42.46
hnd,sex_f,eco_aggregate_agr,mts_details_union,2009,40.86
hnd,sex_f,eco_aggregate_agr,mts_details_union,2010,37.77
hnd,sex_f,eco_aggregate_agr,mts_details_union,2011,39.28
hnd,sex_f,eco_aggregate_agr,mts_details_union,2012,44.12
hnd,sex_f,eco_aggregate_agr,mts_details_union,2013,41.78
hnd,sex_f,eco_aggregate_agr,mts_details_union,2014,48.72
hnd,sex_f,eco_aggregate_agr,mts_details_union,2015,35.58
hnd,sex_f,eco_aggregate_agr,mts_details_union,2016,27.58
hnd,sex_f,eco_aggregate_agr,mts_details_union,2017,38.92
hnd,sex_f,eco_aggregate_agr,mts_details_union,2018,41.07
hnd,sex_f,eco_aggregate_agr,mts_details_union,2019,46.02
hnd,sex_f,eco_aggregate_agr,mts_details_union,2020,40.26
hnd,sex_f,eco_aggregate_agr,mts_details_union,2021,37.59
hnd,sex_f,eco_aggregate_agr,mts_details_union,2022,37
hnd,sex_f,eco_aggregate_agr,mts_details_union,2023,39.76
hnd,sex_f,eco_aggregate_agr,mts_details_union,2024,42.37
hnd,sex_f,eco_aggregate_agr,mts_details_wid,2006,43.62
hnd,sex_f,eco_aggregate_agr,mts_details_wid,2007,40.38
hnd,sex_f,eco_aggregate_agr,mts_details_wid,2008,52.39
hnd,sex_f,eco_aggregate_agr,mts_details_wid,2009,29.84
hnd,sex_f,eco_aggregate_con,mts_aggregate_1,2005,49.19
hnd,sex_f,eco_aggregate_con,mts_aggregate_1,2006,47.42
hnd,sex_f,eco_aggregate_con,mts_aggregate_1,2007,43.65
hnd,sex_f,eco_aggregate_con,mts_aggregate_1,2008,41.95
hnd,sex_f,eco_aggregate_con,mts_aggregate_1,2009,43.58
hnd,sex_f,eco_aggregate_con,mts_aggregate_1,2011,45.01
hnd,sex_f,eco_aggregate_con,mts_aggregate_1,2012,47.77
hnd,sex_f,eco_aggregate_con,mts_aggregate_1,2013,43.93
hnd,sex_f,eco_aggregate_con,mts_aggregate_1,2014,47.78
hnd,sex_f,eco_aggregate_con,mts_aggregate_1,2015,49.18
hnd,sex_f,eco_aggregate_con,mts_aggregate_1,2016,34.08
hnd,sex_f,eco_aggregate_con,mts_aggregate_1,2018,45.34
hnd,sex_f,eco_aggregate_con,mts_aggregate_1,2019,48.33
hnd,sex_f,eco_aggregate_con,mts_aggregate_1,2020,52.1
hnd,sex_f,eco_aggregate_con,mts_aggregate_1,2021,52.47
hnd,sex_f,eco_aggregate_con,mts_aggregate_1,2023,46.75
hnd,sex_f,eco_aggregate_con,mts_aggregate_1,2024,36.37
hnd,sex_f,eco_aggregate_con,mts_aggregate_2,2005,44.41
hnd,sex_f,eco_aggregate_con,mts_aggregate_2,2006,44.12
hnd,sex_f,eco_aggregate_con,mts_aggregate_2,2007,39.12
hnd,sex_f,eco_aggregate_con,mts_aggregate_2,2008,44.04
hnd,sex_f,eco_aggregate_con,mts_aggregate_2,2009,41.02
hnd,sex_f,eco_aggregate_con,mts_aggregate_2,2010,41
hnd,sex_f,eco_aggregate_con,mts_aggregate_2,2014,46.78
hnd,sex_f,eco_aggregate_con,mts_aggregate_2,2018,48.62
hnd,sex_f,eco_aggregate_con,mts_aggregate_total,2005,47.36
hnd,sex_f,eco_aggregate_con,mts_aggregate_total,2006,46.11
hnd,sex_f,eco_aggregate_con,mts_aggregate_total,2007,42.77
hnd,sex_f,eco_aggregate_con,mts_aggregate_total,2008,42.74
hnd,sex_f,eco_aggregate_con,mts_aggregate_total,2009,42.88
hnd,sex_f,eco_aggregate_con,mts_aggregate_total,2010,37.92
hnd,sex_f,eco_aggregate_con,mts_aggregate_total,2011,43.58
hnd,sex_f,eco_aggregate_con,mts_aggregate_total,2012,47.56
hnd,sex_f,eco_aggregate_con,mts_aggregate_total,2013,42.22
hnd,sex_f,eco_aggregate_con,mts_aggregate_total,2014,47.35
hnd,sex_f,eco_aggregate_con,mts_aggregate_total,2015,49.18
hnd,sex_f,eco_aggregate_con,mts_aggregate_total,2016,37.43
hnd,sex_f,eco_aggregate_con,mts_aggregate_total,2017,37.45
hnd,sex_f,eco_aggregate_con,mts_aggregate_total,2018,46.72
hnd,sex_f,eco_aggregate_con,mts_aggregate_total,2019,48.56
hnd,sex_f,eco_aggregate_con,mts_aggregate_total,2020,42.29
hnd,sex_f,eco_aggregate_con,mts_aggregate_total,2021,47.46
hnd,sex_f,eco_aggregate_con,mts_aggregate_total,2023,42.28
hnd,sex_f,eco_aggregate_con,mts_aggregate_total,2024,38.15
hnd,sex_f,eco_aggregate_con,mts_details_mrd,2005,44.41
hnd,sex_f,eco_aggregate_con,mts_details_mrd,2008,45.95
hnd,sex_f,eco_aggregate_con,mts_details_mrd,2009,39.19
hnd,sex_f,eco_aggregate_con,mts_details_mrd,2014,47.25
hnd,sex_f,eco_aggregate_con,mts_details_sgle,2005,49.19
hnd,sex_f,eco_aggregate_con,mts_details_sgle,2006,47.62
hnd,sex_f,eco_aggregate_con,mts_details_sgle,2007,43.91
hnd,sex_f,eco_aggregate_con,mts_details_sgle,2008,39.9
hnd,sex_f,eco_aggregate_con,mts_details_sgle,2009,43.54
hnd,sex_f,eco_aggregate_con,mts_details_sgle,2011,45.01
hnd,sex_f,eco_aggregate_con,mts_details_sgle,2012,47.77
hnd,sex_f,eco_aggregate_con,mts_details_sgle,2013,43.2
hnd,sex_f,eco_aggregate_con,mts_details_sgle,2014,47.77
hnd,sex_f,eco_aggregate_con,mts_details_sgle,2015,49.67
hnd,sex_f,eco_aggregate_con,mts_details_sgle,2016,34.08
hnd,sex_f,eco_aggregate_con,mts_details_sgle,2018,45.37
hnd,sex_f,eco_aggregate_con,mts_details_sgle,2019,48.65
hnd,sex_f,eco_aggregate_con,mts_details_sgle,2020,52.39
hnd,sex_f,eco_aggregate_con,mts_details_sgle,2021,53.73
hnd,sex_f,eco_aggregate_con,mts_details_sgle,2023,46.75
hnd,sex_f,eco_aggregate_con,mts_details_sgle,2024,36.37
hnd,sex_f,eco_aggregate_con,mts_details_total,2005,47.36
hnd,sex_f,eco_aggregate_con,mts_details_total,2006,46.11
hnd,sex_f,eco_aggregate_con,mts_details_total,2007,42.77
hnd,sex_f,eco_aggregate_con,mts_details_total,2008,42.74
hnd,sex_f,eco_aggregate_con,mts_details_total,2009,42.88
hnd,sex_f,eco_aggregate_con,mts_details_total,2010,37.92
hnd,sex_f,eco_aggregate_con,mts_details_total,2011,43.58
hnd,sex_f,eco_aggregate_con,mts_details_total,2012,47.56
hnd,sex_f,eco_aggregate_con,mts_details_total,2013,42.22
hnd,sex_f,eco_aggregate_con,mts_details_total,2014,47.35
hnd,sex_f,eco_aggregate_con,mts_details_total,2015,49.18
hnd,sex_f,eco_aggregate_con,mts_details_total,2016,37.43
hnd,sex_f,eco_aggregate_con,mts_details_total,2017,37.45
hnd,sex_f,eco_aggregate_con,mts_details_total,2018,46.72
hnd,sex_f,eco_aggregate_con,mts_details_total,2019,48.56
hnd,sex_f,eco_aggregate_con,mts_details_total,2020,42.29
hnd,sex_f,eco_aggregate_con,mts_details_total,2021,47.46
hnd,sex_f,eco_aggregate_con,mts_details_total,2023,42.28
hnd,sex_f,eco_aggregate_con,mts_details_total,2024,38.15
hnd,sex_f,eco_aggregate_con,mts_details_union,2006,42.76
hnd,sex_f,eco_aggregate_con,mts_details_union,2009,43.22
hnd,sex_f,eco_aggregate_man,mts_aggregate_1,2005,47.2
hnd,sex_f,eco_aggregate_man,mts_aggregate_1,2006,47.67
hnd,sex_f,eco_aggregate_man,mts_aggregate_1,2007,47.51
hnd,sex_f,eco_aggregate_man,mts_aggregate_1,2008,46.7
hnd,sex_f,eco_aggregate_man,mts_aggregate_1,2009,46.1
hnd,sex_f,eco_aggregate_man,mts_aggregate_1,2010,45.34
hnd,sex_f,eco_aggregate_man,mts_aggregate_1,2011,46.37
hnd,sex_f,eco_aggregate_man,mts_aggregate_1,2012,46.67
hnd,sex_f,eco_aggregate_man,mts_aggregate_1,2013,46.23
hnd,sex_f,eco_aggregate_man,mts_aggregate_1,2014,46.68
hnd,sex_f,eco_aggregate_man,mts_aggregate_1,2015,46.72
hnd,sex_f,eco_aggregate_man,mts_aggregate_1,2016,48.8
hnd,sex_f,eco_aggregate_man,mts_aggregate_1,2017,47.32
hnd,sex_f,eco_aggregate_man,mts_aggregate_1,2018,47.33
hnd,sex_f,eco_aggregate_man,mts_aggregate_1,2019,47.92
hnd,sex_f,eco_aggregate_man,mts_aggregate_1,2020,45.88
hnd,sex_f,eco_aggregate_man,mts_aggregate_1,2021,45.6
hnd,sex_f,eco_aggregate_man,mts_aggregate_1,2022,46.15
hnd,sex_f,eco_aggregate_man,mts_aggregate_1,2023,44.36
hnd,sex_f,eco_aggregate_man,mts_aggregate_1,2024,46.96
hnd,sex_f,eco_aggregate_man,mts_aggregate_2,2005,47.27
hnd,sex_f,eco_aggregate_man,mts_aggregate_2,2006,46.32
hnd,sex_f,eco_aggregate_man,mts_aggregate_2,2007,46.55
hnd,sex_f,eco_aggregate_man,mts_aggregate_2,2008,46.02
hnd,sex_f,eco_aggregate_man,mts_aggregate_2,2009,44.69
hnd,sex_f,eco_aggregate_man,mts_aggregate_2,2010,45.45
hnd,sex_f,eco_aggregate_man,mts_aggregate_2,2011,43.98
hnd,sex_f,eco_aggregate_man,mts_aggregate_2,2012,43.73
hnd,sex_f,eco_aggregate_man,mts_aggregate_2,2013,44.74
hnd,sex_f,eco_aggregate_man,mts_aggregate_2,2014,45.97
hnd,sex_f,eco_aggregate_man,mts_aggregate_2,2015,46.47
hnd,sex_f,eco_aggregate_man,mts_aggregate_2,2016,45.28
hnd,sex_f,eco_aggregate_man,mts_aggregate_2,2017,44.12
hnd,sex_f,eco_aggregate_man,mts_aggregate_2,2018,44.68
hnd,sex_f,eco_aggregate_man,mts_aggregate_2,2019,47.13
hnd,sex_f,eco_aggregate_man,mts_aggregate_2,2020,40.78
hnd,sex_f,eco_aggregate_man,mts_aggregate_2,2021,43.53
hnd,sex_f,eco_aggregate_man,mts_aggregate_2,2022,45.73
hnd,sex_f,eco_aggregate_man,mts_aggregate_2,2023,44.49
hnd,sex_f,eco_aggregate_man,mts_aggregate_2,2024,45.22
hnd,sex_f,eco_aggregate_man,mts_aggregate_total,2005,47.23
hnd,sex_f,eco_aggregate_man,mts_aggregate_total,2006,47.12
hnd,sex_f,eco_aggregate_man,mts_aggregate_total,2007,47.11
hnd,sex_f,eco_aggregate_man,mts_aggregate_total,2008,46.42
hnd,sex_f,eco_aggregate_man,mts_aggregate_total,2009,45.53
hnd,sex_f,eco_aggregate_man,mts_aggregate_total,2010,45.39
hnd,sex_f,eco_aggregate_man,mts_aggregate_total,2011,45.44
hnd,sex_f,eco_aggregate_man,mts_aggregate_total,2012,45.54
hnd,sex_f,eco_aggregate_man,mts_aggregate_total,2013,45.61
hnd,sex_f,eco_aggregate_man,mts_aggregate_total,2014,46.39
hnd,sex_f,eco_aggregate_man,mts_aggregate_total,2015,46.61
hnd,sex_f,eco_aggregate_man,mts_aggregate_total,2016,47.4
hnd,sex_f,eco_aggregate_man,mts_aggregate_total,2017,45.86
hnd,sex_f,eco_aggregate_man,mts_aggregate_total,2018,46.12
hnd,sex_f,eco_aggregate_man,mts_aggregate_total,2019,47.54
hnd,sex_f,eco_aggregate_man,mts_aggregate_total,2020,43.84
hnd,sex_f,eco_aggregate_man,mts_aggregate_total,2021,44.85
hnd,sex_f,eco_aggregate_man,mts_aggregate_total,2022,45.99
hnd,sex_f,eco_aggregate_man,mts_aggregate_total,2023,44.41
hnd,sex_f,eco_aggregate_man,mts_aggregate_total,2024,46.27
hnd,sex_f,eco_aggregate_man,mts_details_mrd,2005,46.81
hnd,sex_f,eco_aggregate_man,mts_details_mrd,2006,45.33
hnd,sex_f,eco_aggregate_man,mts_details_mrd,2007,46.42
hnd,sex_f,eco_aggregate_man,mts_details_mrd,2008,46.15
hnd,sex_f,eco_aggregate_man,mts_details_mrd,2009,43.76
hnd,sex_f,eco_aggregate_man,mts_details_mrd,2010,45.44
hnd,sex_f,eco_aggregate_man,mts_details_mrd,2011,42.51
hnd,sex_f,eco_aggregate_man,mts_details_mrd,2012,42.15
hnd,sex_f,eco_aggregate_man,mts_details_mrd,2013,44.76
hnd,sex_f,eco_aggregate_man,mts_details_mrd,2014,45.27
hnd,sex_f,eco_aggregate_man,mts_details_mrd,2015,46.63
hnd,sex_f,eco_aggregate_man,mts_details_mrd,2016,47.14
hnd,sex_f,eco_aggregate_man,mts_details_mrd,2017,44.91
hnd,sex_f,eco_aggregate_man,mts_details_mrd,2018,43.44
hnd,sex_f,eco_aggregate_man,mts_details_mrd,2019,46.73
hnd,sex_f,eco_aggregate_man,mts_details_mrd,2020,40.53
hnd,sex_f,eco_aggregate_man,mts_details_mrd,2021,45.23
hnd,sex_f,eco_aggregate_man,mts_details_mrd,2022,44.45
hnd,sex_f,eco_aggregate_man,mts_details_mrd,2023,40.35
hnd,sex_f,eco_aggregate_man,mts_details_mrd,2024,43.1
hnd,sex_f,eco_aggregate_man,mts_details_sep,2005,50.73
hnd,sex_f,eco_aggregate_man,mts_details_sep,2006,46.85
hnd,sex_f,eco_aggregate_man,mts_details_sep,2007,46.46
hnd,sex_f,eco_aggregate_man,mts_details_sep,2008,43.12
hnd,sex_f,eco_aggregate_man,mts_details_sep,2009,47.51
hnd,sex_f,eco_aggregate_man,mts_details_sep,2010,42.57
hnd,sex_f,eco_aggregate_man,mts_details_sep,2011,48.22
hnd,sex_f,eco_aggregate_man,mts_details_sep,2012,45.15
hnd,sex_f,eco_aggregate_man,mts_details_sep,2013,45.74
hnd,sex_f,eco_aggregate_man,mts_details_sep,2014,42.84
hnd,sex_f,eco_aggregate_man,mts_details_sep,2015,51.8
hnd,sex_f,eco_aggregate_man,mts_details_sep,2016,46.46
hnd,sex_f,eco_aggregate_man,mts_details_sep,2017,51.53
hnd,sex_f,eco_aggregate_man,mts_details_sep,2018,51.38
hnd,sex_f,eco_aggregate_man,mts_details_sep,2019,59.97
hnd,sex_f,eco_aggregate_man,mts_details_sep,2020,42.47
hnd,sex_f,eco_aggregate_man,mts_details_sep,2021,47.62
hnd,sex_f,eco_aggregate_man,mts_details_sep,2022,45.76
hnd,sex_f,eco_aggregate_man,mts_details_sep,2023,49.03
hnd,sex_f,eco_aggregate_man,mts_details_sep,2024,52.05
hnd,sex_f,eco_aggregate_man,mts_details_sgle,2005,46.98
hnd,sex_f,eco_aggregate_man,mts_details_sgle,2006,48
hnd,sex_f,eco_aggregate_man,mts_details_sgle,2007,47.7
hnd,sex_f,eco_aggregate_man,mts_details_sgle,2008,47.1
hnd,sex_f,eco_aggregate_man,mts_details_sgle,2009,45.88
hnd,sex_f,eco_aggregate_man,mts_details_sgle,2010,45.78
hnd,sex_f,eco_aggregate_man,mts_details_sgle,2011,46.17
hnd,sex_f,eco_aggregate_man,mts_details_sgle,2012,46.77
hnd,sex_f,eco_aggregate_man,mts_details_sgle,2013,46.25
hnd,sex_f,eco_aggregate_man,mts_details_sgle,2014,47.05
hnd,sex_f,eco_aggregate_man,mts_details_sgle,2015,45.79
hnd,sex_f,eco_aggregate_man,mts_details_sgle,2016,48.94
hnd,sex_f,eco_aggregate_man,mts_details_sgle,2017,46.95
hnd,sex_f,eco_aggregate_man,mts_details_sgle,2018,47.5
hnd,sex_f,eco_aggregate_man,mts_details_sgle,2019,48
hnd,sex_f,eco_aggregate_man,mts_details_sgle,2020,46.35
hnd,sex_f,eco_aggregate_man,mts_details_sgle,2021,45.46
hnd,sex_f,eco_aggregate_man,mts_details_sgle,2022,46.51
hnd,sex_f,eco_aggregate_man,mts_details_sgle,2023,44.06
hnd,sex_f,eco_aggregate_man,mts_details_sgle,2024,46.23
hnd,sex_f,eco_aggregate_man,mts_details_total,2005,47.23
hnd,sex_f,eco_aggregate_man,mts_details_total,2006,47.12
hnd,sex_f,eco_aggregate_man,mts_details_total,2007,47.11
hnd,sex_f,eco_aggregate_man,mts_details_total,2008,46.42
hnd,sex_f,eco_aggregate_man,mts_details_total,2009,45.53
hnd,sex_f,eco_aggregate_man,mts_details_total,2010,45.39
hnd,sex_f,eco_aggregate_man,mts_details_total,2011,45.44
hnd,sex_f,eco_aggregate_man,mts_details_total,2012,45.54
hnd,sex_f,eco_aggregate_man,mts_details_total,2013,45.61
hnd,sex_f,eco_aggregate_man,mts_details_total,2014,46.39
hnd,sex_f,eco_aggregate_man,mts_details_total,2015,46.61
hnd,sex_f,eco_aggregate_man,mts_details_total,2016,47.4
hnd,sex_f,eco_aggregate_man,mts_details_total,2017,45.86
hnd,sex_f,eco_aggregate_man,mts_details_total,2018,46.12
hnd,sex_f,eco_aggregate_man,mts_details_total,2019,47.54
hnd,sex_f,eco_aggregate_man,mts_details_total,2020,43.84
hnd,sex_f,eco_aggregate_man,mts_details_total,2021,44.85
hnd,sex_f,eco_aggregate_man,mts_details_total,2022,45.99
hnd,sex_f,eco_aggregate_man,mts_details_total,2023,44.41
hnd,sex_f,eco_aggregate_man,mts_details_total,2024,46.27
hnd,sex_f,eco_aggregate_man,mts_details_union,2005,47.67
hnd,sex_f,eco_aggregate_man,mts_details_union,2006,47.03
hnd,sex_f,eco_aggregate_man,mts_details_union,2007,46.63
hnd,sex_f,eco_aggregate_man,mts_details_union,2008,45.94
hnd,sex_f,eco_aggregate_man,mts_details_union,2009,45.31
hnd,sex_f,eco_aggregate_man,mts_details_union,2010,45.46
hnd,sex_f,eco_aggregate_man,mts_details_union,2011,44.7
hnd,sex_f,eco_aggregate_man,mts_details_union,2012,44.87
hnd,sex_f,eco_aggregate_man,mts_details_union,2013,44.72
hnd,sex_f,eco_aggregate_man,mts_details_union,2014,46.28
hnd,sex_f,eco_aggregate_man,mts_details_union,2015,46.32
hnd,sex_f,eco_aggregate_man,mts_details_union,2016,43.95
hnd,sex_f,eco_aggregate_man,mts_details_union,2017,43.59
hnd,sex_f,eco_aggregate_man,mts_details_union,2018,45.15
hnd,sex_f,eco_aggregate_man,mts_details_union,2019,47.36
hnd,sex_f,eco_aggregate_man,mts_details_union,2020,41.05
hnd,sex_f,eco_aggregate_man,mts_details_union,2021,42.61
hnd,sex_f,eco_aggregate_man,mts_details_union,2022,46.16
hnd,sex_f,eco_aggregate_man,mts_details_union,2023,46.61
hnd,sex_f,eco_aggregate_man,mts_details_union,2024,46.43
hnd,sex_f,eco_aggregate_man,mts_details_wid,2005,42.96
hnd,sex_f,eco_aggregate_man,mts_details_wid,2006,40.88
hnd,sex_f,eco_aggregate_man,mts_details_wid,2007,44.74
hnd,sex_f,eco_aggregate_man,mts_details_wid,2008,42.71
hnd,sex_f,eco_aggregate_man,mts_details_wid,2009,48.61
hnd,sex_f,eco_aggregate_man,mts_details_wid,2012,46.06
hnd,sex_f,eco_aggregate_man,mts_details_wid,2013,46.88
hnd,sex_f,eco_aggregate_man,mts_details_wid,2018,38.81
hnd,sex_f,eco_aggregate_man,mts_details_wid,2019,32.51
hnd,sex_f,eco_aggregate_man,mts_details_wid,2021,45.41
hnd,sex_f,eco_aggregate_mel,mts_aggregate_1,2006,44.24
hnd,sex_f,eco_aggregate_mel,mts_aggregate_1,2007,39.75
hnd,sex_f,eco_aggregate_mel,mts_aggregate_1,2008,45.92
hnd,sex_f,eco_aggregate_mel,mts_aggregate_1,2009,44.57
hnd,sex_f,eco_aggregate_mel,mts_aggregate_1,2010,44.35
hnd,sex_f,eco_aggregate_mel,mts_aggregate_1,2011,45.64
hnd,sex_f,eco_aggregate_mel,mts_aggregate_1,2012,44.5
hnd,sex_f,eco_aggregate_mel,mts_aggregate_1,2013,40.03
hnd,sex_f,eco_aggregate_mel,mts_aggregate_1,2014,43.12
hnd,sex_f,eco_aggregate_mel,mts_aggregate_1,2016,41.83
hnd,sex_f,eco_aggregate_mel,mts_aggregate_1,2018,41.57
hnd,sex_f,eco_aggregate_mel,mts_aggregate_1,2019,30.02
hnd,sex_f,eco_aggregate_mel,mts_aggregate_1,2024,42.78
hnd,sex_f,eco_aggregate_mel,mts_aggregate_2,2006,46.69
hnd,sex_f,eco_aggregate_mel,mts_aggregate_2,2007,40.56
hnd,sex_f,eco_aggregate_mel,mts_aggregate_2,2008,40.5
hnd,sex_f,eco_aggregate_mel,mts_aggregate_2,2009,43.55
hnd,sex_f,eco_aggregate_mel,mts_aggregate_2,2010,36.87
hnd,sex_f,eco_aggregate_mel,mts_aggregate_2,2013,40.42
hnd,sex_f,eco_aggregate_mel,mts_aggregate_total,2005,44.84
hnd,sex_f,eco_aggregate_mel,mts_aggregate_total,2006,44.94
hnd,sex_f,eco_aggregate_mel,mts_aggregate_total,2007,40.09
hnd,sex_f,eco_aggregate_mel,mts_aggregate_total,2008,43.45
hnd,sex_f,eco_aggregate_mel,mts_aggregate_total,2009,44.07
hnd,sex_f,eco_aggregate_mel,mts_aggregate_total,2010,40.85
hnd,sex_f,eco_aggregate_mel,mts_aggregate_total,2011,43.9
hnd,sex_f,eco_aggregate_mel,mts_aggregate_total,2012,44.77
hnd,sex_f,eco_aggregate_mel,mts_aggregate_total,2013,40.17
hnd,sex_f,eco_aggregate_mel,mts_aggregate_total,2014,41.93
hnd,sex_f,eco_aggregate_mel,mts_aggregate_total,2015,48.69
hnd,sex_f,eco_aggregate_mel,mts_aggregate_total,2016,43.22
hnd,sex_f,eco_aggregate_mel,mts_aggregate_total,2018,43.32
hnd,sex_f,eco_aggregate_mel,mts_aggregate_total,2019,30.02
hnd,sex_f,eco_aggregate_mel,mts_aggregate_total,2020,32.59
hnd,sex_f,eco_aggregate_mel,mts_aggregate_total,2021,31.57
hnd,sex_f,eco_aggregate_mel,mts_aggregate_total,2023,39.81
hnd,sex_f,eco_aggregate_mel,mts_aggregate_total,2024,43.11
hnd,sex_f,eco_aggregate_mel,mts_details_mrd,2008,45.18
hnd,sex_f,eco_aggregate_mel,mts_details_mrd,2009,40.15
hnd,sex_f,eco_aggregate_mel,mts_details_mrd,2013,40.49
hnd,sex_f,eco_aggregate_mel,mts_details_sep,2006,40
hnd,sex_f,eco_aggregate_mel,mts_details_sgle,2006,46.19
hnd,sex_f,eco_aggregate_mel,mts_details_sgle,2007,36.51
hnd,sex_f,eco_aggregate_mel,mts_details_sgle,2008,46.4
hnd,sex_f,eco_aggregate_mel,mts_details_sgle,2009,45.39
hnd,sex_f,eco_aggregate_mel,mts_details_sgle,2010,44.35
hnd,sex_f,eco_aggregate_mel,mts_details_sgle,2012,45.67
hnd,sex_f,eco_aggregate_mel,mts_details_sgle,2013,40.04
hnd,sex_f,eco_aggregate_mel,mts_details_sgle,2014,43.12
hnd,sex_f,eco_aggregate_mel,mts_details_sgle,2016,41.83
hnd,sex_f,eco_aggregate_mel,mts_details_sgle,2019,27.06
hnd,sex_f,eco_aggregate_mel,mts_details_sgle,2024,42.78
hnd,sex_f,eco_aggregate_mel,mts_details_total,2005,44.84
hnd,sex_f,eco_aggregate_mel,mts_details_total,2006,44.94
hnd,sex_f,eco_aggregate_mel,mts_details_total,2007,40.09
hnd,sex_f,eco_aggregate_mel,mts_details_total,2008,43.45
hnd,sex_f,eco_aggregate_mel,mts_details_total,2009,44.07
hnd,sex_f,eco_aggregate_mel,mts_details_total,2010,40.85
hnd,sex_f,eco_aggregate_mel,mts_details_total,2011,43.9
hnd,sex_f,eco_aggregate_mel,mts_details_total,2012,44.77
hnd,sex_f,eco_aggregate_mel,mts_details_total,2013,40.17
hnd,sex_f,eco_aggregate_mel,mts_details_total,2014,41.93
hnd,sex_f,eco_aggregate_mel,mts_details_total,2015,48.69
hnd,sex_f,eco_aggregate_mel,mts_details_total,2016,43.22
hnd,sex_f,eco_aggregate_mel,mts_details_total,2018,43.32
hnd,sex_f,eco_aggregate_mel,mts_details_total,2019,30.02
hnd,sex_f,eco_aggregate_mel,mts_details_total,2020,32.59
hnd,sex_f,eco_aggregate_mel,mts_details_total,2021,31.57
hnd,sex_f,eco_aggregate_mel,mts_details_total,2023,39.81
hnd,sex_f,eco_aggregate_mel,mts_details_total,2024,43.11
hnd,sex_f,eco_aggregate_mel,mts_details_union,2007,40.9
hnd,sex_f,eco_aggregate_mkt,mts_aggregate_1,2005,49.16
hnd,sex_f,eco_aggregate_mkt,mts_aggregate_1,2006,50.24
hnd,sex_f,eco_aggregate_mkt,mts_aggregate_1,2007,48.38
hnd,sex_f,eco_aggregate_mkt,mts_aggregate_1,2008,48.06
hnd,sex_f,eco_aggregate_mkt,mts_aggregate_1,2009,46.79
hnd,sex_f,eco_aggregate_mkt,mts_aggregate_1,2010,45.98
hnd,sex_f,eco_aggregate_mkt,mts_aggregate_1,2011,48.53
hnd,sex_f,eco_aggregate_mkt,mts_aggregate_1,2012,48.14
hnd,sex_f,eco_aggregate_mkt,mts_aggregate_1,2013,47.8
hnd,sex_f,eco_aggregate_mkt,mts_aggregate_1,2014,50.79
hnd,sex_f,eco_aggregate_mkt,mts_aggregate_1,2015,48.18
hnd,sex_f,eco_aggregate_mkt,mts_aggregate_1,2016,50.32
hnd,sex_f,eco_aggregate_mkt,mts_aggregate_1,2017,50.87
hnd,sex_f,eco_aggregate_mkt,mts_aggregate_1,2018,49.63
hnd,sex_f,eco_aggregate_mkt,mts_aggregate_1,2019,49.95
hnd,sex_f,eco_aggregate_mkt,mts_aggregate_1,2020,42.87
hnd,sex_f,eco_aggregate_mkt,mts_aggregate_1,2021,50.88
hnd,sex_f,eco_aggregate_mkt,mts_aggregate_1,2022,48.86
hnd,sex_f,eco_aggregate_mkt,mts_aggregate_1,2023,46.52
hnd,sex_f,eco_aggregate_mkt,mts_aggregate_1,2024,47.81
hnd,sex_f,eco_aggregate_mkt,mts_aggregate_2,2005,49.05
hnd,sex_f,eco_aggregate_mkt,mts_aggregate_2,2006,47.97
hnd,sex_f,eco_aggregate_mkt,mts_aggregate_2,2007,47.43
hnd,sex_f,eco_aggregate_mkt,mts_aggregate_2,2008,47.13
hnd,sex_f,eco_aggregate_mkt,mts_aggregate_2,2009,46.74
hnd,sex_f,eco_aggregate_mkt,mts_aggregate_2,2010,46.95
hnd,sex_f,eco_aggregate_mkt,mts_aggregate_2,2011,45.94
hnd,sex_f,eco_aggregate_mkt,mts_aggregate_2,2012,48.14
hnd,sex_f,eco_aggregate_mkt,mts_aggregate_2,2013,46.53
hnd,sex_f,eco_aggregate_mkt,mts_aggregate_2,2014,46.6
hnd,sex_f,eco_aggregate_mkt,mts_aggregate_2,2015,45.8
hnd,sex_f,eco_aggregate_mkt,mts_aggregate_2,2016,46.48
hnd,sex_f,eco_aggregate_mkt,mts_aggregate_2,2017,46.86
hnd,sex_f,eco_aggregate_mkt,mts_aggregate_2,2018,47.57
hnd,sex_f,eco_aggregate_mkt,mts_aggregate_2,2019,44.92
hnd,sex_f,eco_aggregate_mkt,mts_aggregate_2,2020,36.36
hnd,sex_f,eco_aggregate_mkt,mts_aggregate_2,2021,37.37
hnd,sex_f,eco_aggregate_mkt,mts_aggregate_2,2022,43.44
hnd,sex_f,eco_aggregate_mkt,mts_aggregate_2,2023,44.91
hnd,sex_f,eco_aggregate_mkt,mts_aggregate_2,2024,44.93
hnd,sex_f,eco_aggregate_mkt,mts_aggregate_total,2005,49.12
hnd,sex_f,eco_aggregate_mkt,mts_aggregate_total,2006,49.53
hnd,sex_f,eco_aggregate_mkt,mts_aggregate_total,2007,48.08
hnd,sex_f,eco_aggregate_mkt,mts_aggregate_total,2008,47.77
hnd,sex_f,eco_aggregate_mkt,mts_aggregate_total,2009,46.78
hnd,sex_f,eco_aggregate_mkt,mts_aggregate_total,2010,46.32
hnd,sex_f,eco_aggregate_mkt,mts_aggregate_total,2011,47.72
hnd,sex_f,eco_aggregate_mkt,mts_aggregate_total,2012,48.14
hnd,sex_f,eco_aggregate_mkt,mts_aggregate_total,2013,47.4
hnd,sex_f,eco_aggregate_mkt,mts_aggregate_total,2014,49.34
hnd,sex_f,eco_aggregate_mkt,mts_aggregate_total,2015,47.36
hnd,sex_f,eco_aggregate_mkt,mts_aggregate_total,2016,48.98
hnd,sex_f,eco_aggregate_mkt,mts_aggregate_total,2017,49.65
hnd,sex_f,eco_aggregate_mkt,mts_aggregate_total,2018,48.93
hnd,sex_f,eco_aggregate_mkt,mts_aggregate_total,2019,48.35
hnd,sex_f,eco_aggregate_mkt,mts_aggregate_total,2020,40.83
hnd,sex_f,eco_aggregate_mkt,mts_aggregate_total,2021,46.28
hnd,sex_f,eco_aggregate_mkt,mts_aggregate_total,2022,47.14
hnd,sex_f,eco_aggregate_mkt,mts_aggregate_total,2023,45.98
hnd,sex_f,eco_aggregate_mkt,mts_aggregate_total,2024,46.91
hnd,sex_f,eco_aggregate_mkt,mts_details_mrd,2005,47.85
hnd,sex_f,eco_aggregate_mkt,mts_details_mrd,2006,46.37
hnd,sex_f,eco_aggregate_mkt,mts_details_mrd,2007,45.9
hnd,sex_f,eco_aggregate_mkt,mts_details_mrd,2008,46.26
hnd,sex_f,eco_aggregate_mkt,mts_details_mrd,2009,47.16
hnd,sex_f,eco_aggregate_mkt,mts_details_mrd,2010,43.92
hnd,sex_f,eco_aggregate_mkt,mts_details_mrd,2011,44.17
hnd,sex_f,eco_aggregate_mkt,mts_details_mrd,2012,47.41
hnd,sex_f,eco_aggregate_mkt,mts_details_mrd,2013,46.75
hnd,sex_f,eco_aggregate_mkt,mts_details_mrd,2014,47.48
hnd,sex_f,eco_aggregate_mkt,mts_details_mrd,2015,44.3
hnd,sex_f,eco_aggregate_mkt,mts_details_mrd,2016,45.32
hnd,sex_f,eco_aggregate_mkt,mts_details_mrd,2017,43.58
hnd,sex_f,eco_aggregate_mkt,mts_details_mrd,2018,45.79
hnd,sex_f,eco_aggregate_mkt,mts_details_mrd,2019,44.72
hnd,sex_f,eco_aggregate_mkt,mts_details_mrd,2020,38.64
hnd,sex_f,eco_aggregate_mkt,mts_details_mrd,2021,37.86
hnd,sex_f,eco_aggregate_mkt,mts_details_mrd,2022,41.13
hnd,sex_f,eco_aggregate_mkt,mts_details_mrd,2023,42.78
hnd,sex_f,eco_aggregate_mkt,mts_details_mrd,2024,40.37
hnd,sex_f,eco_aggregate_mkt,mts_details_sep,2005,46.93
hnd,sex_f,eco_aggregate_mkt,mts_details_sep,2006,48.84
hnd,sex_f,eco_aggregate_mkt,mts_details_sep,2007,49.61
hnd,sex_f,eco_aggregate_mkt,mts_details_sep,2008,46.5
hnd,sex_f,eco_aggregate_mkt,mts_details_sep,2009,47.7
hnd,sex_f,eco_aggregate_mkt,mts_details_sep,2010,43.7
hnd,sex_f,eco_aggregate_mkt,mts_details_sep,2011,47.18
hnd,sex_f,eco_aggregate_mkt,mts_details_sep,2012,51.08
hnd,sex_f,eco_aggregate_mkt,mts_details_sep,2013,53.15
hnd,sex_f,eco_aggregate_mkt,mts_details_sep,2014,48.71
hnd,sex_f,eco_aggregate_mkt,mts_details_sep,2015,40.34
hnd,sex_f,eco_aggregate_mkt,mts_details_sep,2016,46.69
hnd,sex_f,eco_aggregate_mkt,mts_details_sep,2017,45.84
hnd,sex_f,eco_aggregate_mkt,mts_details_sep,2018,42.44
hnd,sex_f,eco_aggregate_mkt,mts_details_sep,2019,48.52
hnd,sex_f,eco_aggregate_mkt,mts_details_sep,2020,33.88
hnd,sex_f,eco_aggregate_mkt,mts_details_sep,2021,44.24
hnd,sex_f,eco_aggregate_mkt,mts_details_sep,2022,51.5
hnd,sex_f,eco_aggregate_mkt,mts_details_sep,2023,45.78
hnd,sex_f,eco_aggregate_mkt,mts_details_sep,2024,39.65
hnd,sex_f,eco_aggregate_mkt,mts_details_sgle,2005,49.16
hnd,sex_f,eco_aggregate_mkt,mts_details_sgle,2006,50.25
hnd,sex_f,eco_aggregate_mkt,mts_details_sgle,2007,48.27
hnd,sex_f,eco_aggregate_mkt,mts_details_sgle,2008,48.31
hnd,sex_f,eco_aggregate_mkt,mts_details_sgle,2009,46.67
hnd,sex_f,eco_aggregate_mkt,mts_details_sgle,2010,46.11
hnd,sex_f,eco_aggregate_mkt,mts_details_sgle,2011,48.43
hnd,sex_f,eco_aggregate_mkt,mts_details_sgle,2012,47.82
hnd,sex_f,eco_aggregate_mkt,mts_details_sgle,2013,47.18
hnd,sex_f,eco_aggregate_mkt,mts_details_sgle,2014,51.27
hnd,sex_f,eco_aggregate_mkt,mts_details_sgle,2015,48.87
hnd,sex_f,eco_aggregate_mkt,mts_details_sgle,2016,50.7
hnd,sex_f,eco_aggregate_mkt,mts_details_sgle,2017,51.15
hnd,sex_f,eco_aggregate_mkt,mts_details_sgle,2018,50.13
hnd,sex_f,eco_aggregate_mkt,mts_details_sgle,2019,49.93
hnd,sex_f,eco_aggregate_mkt,mts_details_sgle,2020,43.84
hnd,sex_f,eco_aggregate_mkt,mts_details_sgle,2021,51.46
hnd,sex_f,eco_aggregate_mkt,mts_details_sgle,2022,48.91
hnd,sex_f,eco_aggregate_mkt,mts_details_sgle,2023,46.77
hnd,sex_f,eco_aggregate_mkt,mts_details_sgle,2024,48.76
hnd,sex_f,eco_aggregate_mkt,mts_details_total,2005,49.12
hnd,sex_f,eco_aggregate_mkt,mts_details_total,2006,49.53
hnd,sex_f,eco_aggregate_mkt,mts_details_total,2007,48.08
hnd,sex_f,eco_aggregate_mkt,mts_details_total,2008,47.77
hnd,sex_f,eco_aggregate_mkt,mts_details_total,2009,46.78
hnd,sex_f,eco_aggregate_mkt,mts_details_total,2010,46.32
hnd,sex_f,eco_aggregate_mkt,mts_details_total,2011,47.72
hnd,sex_f,eco_aggregate_mkt,mts_details_total,2012,48.14
hnd,sex_f,eco_aggregate_mkt,mts_details_total,2013,47.4
hnd,sex_f,eco_aggregate_mkt,mts_details_total,2014,49.34
hnd,sex_f,eco_aggregate_mkt,mts_details_total,2015,47.36
hnd,sex_f,eco_aggregate_mkt,mts_details_total,2016,48.98
hnd,sex_f,eco_aggregate_mkt,mts_details_total,2017,49.65
hnd,sex_f,eco_aggregate_mkt,mts_details_total,2018,48.93
hnd,sex_f,eco_aggregate_mkt,mts_details_total,2019,48.35
hnd,sex_f,eco_aggregate_mkt,mts_details_total,2020,40.83
hnd,sex_f,eco_aggregate_mkt,mts_details_total,2021,46.28
hnd,sex_f,eco_aggregate_mkt,mts_details_total,2022,47.14
hnd,sex_f,eco_aggregate_mkt,mts_details_total,2023,45.98
hnd,sex_f,eco_aggregate_mkt,mts_details_total,2024,46.91
hnd,sex_f,eco_aggregate_mkt,mts_details_union,2005,50.22
hnd,sex_f,eco_aggregate_mkt,mts_details_union,2006,49.8
hnd,sex_f,eco_aggregate_mkt,mts_details_union,2007,49.12
hnd,sex_f,eco_aggregate_mkt,mts_details_union,2008,47.97
hnd,sex_f,eco_aggregate_mkt,mts_details_union,2009,46.39
hnd,sex_f,eco_aggregate_mkt,mts_details_union,2010,49.35
hnd,sex_f,eco_aggregate_mkt,mts_details_union,2011,47.71
hnd,sex_f,eco_aggregate_mkt,mts_details_union,2012,48.58
hnd,sex_f,eco_aggregate_mkt,mts_details_union,2013,46.38
hnd,sex_f,eco_aggregate_mkt,mts_details_union,2014,45.87
hnd,sex_f,eco_aggregate_mkt,mts_details_union,2015,47
hnd,sex_f,eco_aggregate_mkt,mts_details_union,2016,47.79
hnd,sex_f,eco_aggregate_mkt,mts_details_union,2017,48.82
hnd,sex_f,eco_aggregate_mkt,mts_details_union,2018,48.89
hnd,sex_f,eco_aggregate_mkt,mts_details_union,2019,45.14
hnd,sex_f,eco_aggregate_mkt,mts_details_union,2020,34.66
hnd,sex_f,eco_aggregate_mkt,mts_details_union,2021,37.12
hnd,sex_f,eco_aggregate_mkt,mts_details_union,2022,44.83
hnd,sex_f,eco_aggregate_mkt,mts_details_union,2023,46.19
hnd,sex_f,eco_aggregate_mkt,mts_details_union,2024,47.67
hnd,sex_f,eco_aggregate_mkt,mts_details_wid,2005,55.98
hnd,sex_f,eco_aggregate_mkt,mts_details_wid,2006,54.88
hnd,sex_f,eco_aggregate_mkt,mts_details_wid,2007,48.57
hnd,sex_f,eco_aggregate_mkt,mts_details_wid,2008,41.13
hnd,sex_f,eco_aggregate_mkt,mts_details_wid,2009,47.25
hnd,sex_f,eco_aggregate_mkt,mts_details_wid,2010,46.14
hnd,sex_f,eco_aggregate_mkt,mts_details_wid,2011,52.42
hnd,sex_f,eco_aggregate_mkt,mts_details_wid,2012,51.64
hnd,sex_f,eco_aggregate_mkt,mts_details_wid,2013,53
hnd,sex_f,eco_aggregate_mkt,mts_details_wid,2014,41.3
hnd,sex_f,eco_aggregate_mkt,mts_details_wid,2015,42.7
hnd,sex_f,eco_aggregate_mkt,mts_details_wid,2016,43.75
hnd,sex_f,eco_aggregate_mkt,mts_details_wid,2017,52.02
hnd,sex_f,eco_aggregate_mkt,mts_details_wid,2018,48.11
hnd,sex_f,eco_aggregate_mkt,mts_details_wid,2019,54.63
hnd,sex_f,eco_aggregate_mkt,mts_details_wid,2020,25.18
hnd,sex_f,eco_aggregate_mkt,mts_details_wid,2021,34.76
hnd,sex_f,eco_aggregate_mkt,mts_details_wid,2022,42.99
hnd,sex_f,eco_aggregate_mkt,mts_details_wid,2023,34.9
hnd,sex_f,eco_aggregate_mkt,mts_details_wid,2024,38.87
hnd,sex_f,eco_aggregate_pub,mts_aggregate_1,2005,42.75
hnd,sex_f,eco_aggregate_pub,mts_aggregate_1,2006,44.37
hnd,sex_f,eco_aggregate_pub,mts_aggregate_1,2007,43.81
hnd,sex_f,eco_aggregate_pub,mts_aggregate_1,2008,41.88
hnd,sex_f,eco_aggregate_pub,mts_aggregate_1,2009,40.71
hnd,sex_f,eco_aggregate_pub,mts_aggregate_1,2010,41.93
hnd,sex_f,eco_aggregate_pub,mts_aggregate_1,2011,42.61
hnd,sex_f,eco_aggregate_pub,mts_aggregate_1,2012,43.81
hnd,sex_f,eco_aggregate_pub,mts_aggregate_1,2013,43.28
hnd,sex_f,eco_aggregate_pub,mts_aggregate_1,2014,45.38
hnd,sex_f,eco_aggregate_pub,mts_aggregate_1,2015,43.78
hnd,sex_f,eco_aggregate_pub,mts_aggregate_1,2016,43.49
hnd,sex_f,eco_aggregate_pub,mts_aggregate_1,2017,43.87
hnd,sex_f,eco_aggregate_pub,mts_aggregate_1,2018,44.19
hnd,sex_f,eco_aggregate_pub,mts_aggregate_1,2019,42.94
hnd,sex_f,eco_aggregate_pub,mts_aggregate_1,2020,40.35
hnd,sex_f,eco_aggregate_pub,mts_aggregate_1,2021,43.1
hnd,sex_f,eco_aggregate_pub,mts_aggregate_1,2022,39.86
hnd,sex_f,eco_aggregate_pub,mts_aggregate_1,2023,42.09
hnd,sex_f,eco_aggregate_pub,mts_aggregate_1,2024,42.87
hnd,sex_f,eco_aggregate_pub,mts_aggregate_2,2005,37.75
hnd,sex_f,eco_aggregate_pub,mts_aggregate_2,2006,37.5
hnd,sex_f,eco_aggregate_pub,mts_aggregate_2,2007,37.6
hnd,sex_f,eco_aggregate_pub,mts_aggregate_2,2008,36.93
hnd,sex_f,eco_aggregate_pub,mts_aggregate_2,2009,36.54
hnd,sex_f,eco_aggregate_pub,mts_aggregate_2,2010,36.49
hnd,sex_f,eco_aggregate_pub,mts_aggregate_2,2011,37.22
hnd,sex_f,eco_aggregate_pub,mts_aggregate_2,2012,36.92
hnd,sex_f,eco_aggregate_pub,mts_aggregate_2,2013,37.96
hnd,sex_f,eco_aggregate_pub,mts_aggregate_2,2014,37.25
hnd,sex_f,eco_aggregate_pub,mts_aggregate_2,2015,37.94
hnd,sex_f,eco_aggregate_pub,mts_aggregate_2,2016,38.57
hnd,sex_f,eco_aggregate_pub,mts_aggregate_2,2017,37.04
hnd,sex_f,eco_aggregate_pub,mts_aggregate_2,2018,36.79
hnd,sex_f,eco_aggregate_pub,mts_aggregate_2,2019,35.35
hnd,sex_f,eco_aggregate_pub,mts_aggregate_2,2020,30.54
hnd,sex_f,eco_aggregate_pub,mts_aggregate_2,2021,37.01
hnd,sex_f,eco_aggregate_pub,mts_aggregate_2,2022,33.2
hnd,sex_f,eco_aggregate_pub,mts_aggregate_2,2023,35.82
hnd,sex_f,eco_aggregate_pub,mts_aggregate_2,2024,37.13
hnd,sex_f,eco_aggregate_pub,mts_aggregate_total,2005,40.76
hnd,sex_f,eco_aggregate_pub,mts_aggregate_total,2006,41.9
hnd,sex_f,eco_aggregate_pub,mts_aggregate_total,2007,41.41
hnd,sex_f,eco_aggregate_pub,mts_aggregate_total,2008,40.03
hnd,sex_f,eco_aggregate_pub,mts_aggregate_total,2009,39.1
hnd,sex_f,eco_aggregate_pub,mts_aggregate_total,2010,39.94
hnd,sex_f,eco_aggregate_pub,mts_aggregate_total,2011,40.51
hnd,sex_f,eco_aggregate_pub,mts_aggregate_total,2012,41.3
hnd,sex_f,eco_aggregate_pub,mts_aggregate_total,2013,41.39
hnd,sex_f,eco_aggregate_pub,mts_aggregate_total,2014,42.24
hnd,sex_f,eco_aggregate_pub,mts_aggregate_total,2015,41.56
hnd,sex_f,eco_aggregate_pub,mts_aggregate_total,2016,41.55
hnd,sex_f,eco_aggregate_pub,mts_aggregate_total,2017,41.2
hnd,sex_f,eco_aggregate_pub,mts_aggregate_total,2018,41.43
hnd,sex_f,eco_aggregate_pub,mts_aggregate_total,2019,40.11
hnd,sex_f,eco_aggregate_pub,mts_aggregate_total,2020,36.92
hnd,sex_f,eco_aggregate_pub,mts_aggregate_total,2021,40.3
hnd,sex_f,eco_aggregate_pub,mts_aggregate_total,2022,37.32
hnd,sex_f,eco_aggregate_pub,mts_aggregate_total,2023,39.56
hnd,sex_f,eco_aggregate_pub,mts_aggregate_total,2024,40.69
hnd,sex_f,eco_aggregate_pub,mts_details_mrd,2005,36.08
hnd,sex_f,eco_aggregate_pub,mts_details_mrd,2006,36.9
hnd,sex_f,eco_aggregate_pub,mts_details_mrd,2007,36.15
hnd,sex_f,eco_aggregate_pub,mts_details_mrd,2008,36.14
hnd,sex_f,eco_aggregate_pub,mts_details_mrd,2009,35.98
hnd,sex_f,eco_aggregate_pub,mts_details_mrd,2010,34.32
hnd,sex_f,eco_aggregate_pub,mts_details_mrd,2011,36.29
hnd,sex_f,eco_aggregate_pub,mts_details_mrd,2012,36.96
hnd,sex_f,eco_aggregate_pub,mts_details_mrd,2013,37.73
hnd,sex_f,eco_aggregate_pub,mts_details_mrd,2014,37
hnd,sex_f,eco_aggregate_pub,mts_details_mrd,2015,39.22
hnd,sex_f,eco_aggregate_pub,mts_details_mrd,2016,38.35
hnd,sex_f,eco_aggregate_pub,mts_details_mrd,2017,36.25
hnd,sex_f,eco_aggregate_pub,mts_details_mrd,2018,36.5
hnd,sex_f,eco_aggregate_pub,mts_details_mrd,2019,35.68
hnd,sex_f,eco_aggregate_pub,mts_details_mrd,2020,33.36
hnd,sex_f,eco_aggregate_pub,mts_details_mrd,2021,37.09
hnd,sex_f,eco_aggregate_pub,mts_details_mrd,2022,33.27
hnd,sex_f,eco_aggregate_pub,mts_details_mrd,2023,35.43
hnd,sex_f,eco_aggregate_pub,mts_details_mrd,2024,35.64
hnd,sex_f,eco_aggregate_pub,mts_details_sep,2005,40.58
hnd,sex_f,eco_aggregate_pub,mts_details_sep,2006,41.79
hnd,sex_f,eco_aggregate_pub,mts_details_sep,2007,41.81
hnd,sex_f,eco_aggregate_pub,mts_details_sep,2008,38.69
hnd,sex_f,eco_aggregate_pub,mts_details_sep,2009,41.83
hnd,sex_f,eco_aggregate_pub,mts_details_sep,2010,43.79
hnd,sex_f,eco_aggregate_pub,mts_details_sep,2011,39.37
hnd,sex_f,eco_aggregate_pub,mts_details_sep,2012,41.83
hnd,sex_f,eco_aggregate_pub,mts_details_sep,2013,40.96
hnd,sex_f,eco_aggregate_pub,mts_details_sep,2014,39.86
hnd,sex_f,eco_aggregate_pub,mts_details_sep,2015,39.58
hnd,sex_f,eco_aggregate_pub,mts_details_sep,2016,47.81
hnd,sex_f,eco_aggregate_pub,mts_details_sep,2017,39.02
hnd,sex_f,eco_aggregate_pub,mts_details_sep,2018,37.29
hnd,sex_f,eco_aggregate_pub,mts_details_sep,2019,37.59
hnd,sex_f,eco_aggregate_pub,mts_details_sep,2020,42.3
hnd,sex_f,eco_aggregate_pub,mts_details_sep,2021,36.53
hnd,sex_f,eco_aggregate_pub,mts_details_sep,2022,42.77
hnd,sex_f,eco_aggregate_pub,mts_details_sep,2023,35.05
hnd,sex_f,eco_aggregate_pub,mts_details_sep,2024,40.39
hnd,sex_f,eco_aggregate_pub,mts_details_sgle,2005,43.15
hnd,sex_f,eco_aggregate_pub,mts_details_sgle,2006,44.97
hnd,sex_f,eco_aggregate_pub,mts_details_sgle,2007,44.49
hnd,sex_f,eco_aggregate_pub,mts_details_sgle,2008,42.48
hnd,sex_f,eco_aggregate_pub,mts_details_sgle,2009,40.58
hnd,sex_f,eco_aggregate_pub,mts_details_sgle,2010,41.93
hnd,sex_f,eco_aggregate_pub,mts_details_sgle,2011,42.81
hnd,sex_f,eco_aggregate_pub,mts_details_sgle,2012,44.3
hnd,sex_f,eco_aggregate_pub,mts_details_sgle,2013,43.86
hnd,sex_f,eco_aggregate_pub,mts_details_sgle,2014,46.04
hnd,sex_f,eco_aggregate_pub,mts_details_sgle,2015,43.94
hnd,sex_f,eco_aggregate_pub,mts_details_sgle,2016,43.23
hnd,sex_f,eco_aggregate_pub,mts_details_sgle,2017,44.24
hnd,sex_f,eco_aggregate_pub,mts_details_sgle,2018,45.29
hnd,sex_f,eco_aggregate_pub,mts_details_sgle,2019,43.52
hnd,sex_f,eco_aggregate_pub,mts_details_sgle,2020,41.18
hnd,sex_f,eco_aggregate_pub,mts_details_sgle,2021,43.99
hnd,sex_f,eco_aggregate_pub,mts_details_sgle,2022,39.98
hnd,sex_f,eco_aggregate_pub,mts_details_sgle,2023,43.18
hnd,sex_f,eco_aggregate_pub,mts_details_sgle,2024,43.18
hnd,sex_f,eco_aggregate_pub,mts_details_total,2005,40.76
hnd,sex_f,eco_aggregate_pub,mts_details_total,2006,41.9
hnd,sex_f,eco_aggregate_pub,mts_details_total,2007,41.41
hnd,sex_f,eco_aggregate_pub,mts_details_total,2008,40.03
hnd,sex_f,eco_aggregate_pub,mts_details_total,2009,39.1
hnd,sex_f,eco_aggregate_pub,mts_details_total,2010,39.94
hnd,sex_f,eco_aggregate_pub,mts_details_total,2011,40.51
hnd,sex_f,eco_aggregate_pub,mts_details_total,2012,41.3
hnd,sex_f,eco_aggregate_pub,mts_details_total,2013,41.39
hnd,sex_f,eco_aggregate_pub,mts_details_total,2014,42.24
hnd,sex_f,eco_aggregate_pub,mts_details_total,2015,41.56
hnd,sex_f,eco_aggregate_pub,mts_details_total,2016,41.55
hnd,sex_f,eco_aggregate_pub,mts_details_total,2017,41.2
hnd,sex_f,eco_aggregate_pub,mts_details_total,2018,41.43
hnd,sex_f,eco_aggregate_pub,mts_details_total,2019,40.11
hnd,sex_f,eco_aggregate_pub,mts_details_total,2020,36.92
hnd,sex_f,eco_aggregate_pub,mts_details_total,2021,40.3
hnd,sex_f,eco_aggregate_pub,mts_details_total,2022,37.32
hnd,sex_f,eco_aggregate_pub,mts_details_total,2023,39.56
hnd,sex_f,eco_aggregate_pub,mts_details_total,2024,40.69
hnd,sex_f,eco_aggregate_pub,mts_details_union,2005,40.33
hnd,sex_f,eco_aggregate_pub,mts_details_union,2006,38.79
hnd,sex_f,eco_aggregate_pub,mts_details_union,2007,40.36
hnd,sex_f,eco_aggregate_pub,mts_details_union,2008,38.41
hnd,sex_f,eco_aggregate_pub,mts_details_union,2009,37.55
hnd,sex_f,eco_aggregate_pub,mts_details_union,2010,39.58
hnd,sex_f,eco_aggregate_pub,mts_details_union,2011,38.98
hnd,sex_f,eco_aggregate_pub,mts_details_union,2012,36.86
hnd,sex_f,eco_aggregate_pub,mts_details_union,2013,38.3
hnd,sex_f,eco_aggregate_pub,mts_details_union,2014,37.62
hnd,sex_f,eco_aggregate_pub,mts_details_union,2015,35.69
hnd,sex_f,eco_aggregate_pub,mts_details_union,2016,38.89
hnd,sex_f,eco_aggregate_pub,mts_details_union,2017,38.04
hnd,sex_f,eco_aggregate_pub,mts_details_union,2018,37.07
hnd,sex_f,eco_aggregate_pub,mts_details_union,2019,34.94
hnd,sex_f,eco_aggregate_pub,mts_details_union,2020,26.91
hnd,sex_f,eco_aggregate_pub,mts_details_union,2021,36.92
hnd,sex_f,eco_aggregate_pub,mts_details_union,2022,33.11
hnd,sex_f,eco_aggregate_pub,mts_details_union,2023,36.26
hnd,sex_f,eco_aggregate_pub,mts_details_union,2024,38.55
hnd,sex_f,eco_aggregate_pub,mts_details_wid,2005,41.46
hnd,sex_f,eco_aggregate_pub,mts_details_wid,2006,43.2
hnd,sex_f,eco_aggregate_pub,mts_details_wid,2007,37.5
hnd,sex_f,eco_aggregate_pub,mts_details_wid,2008,36.51
hnd,sex_f,eco_aggregate_pub,mts_details_wid,2009,40.13
hnd,sex_f,eco_aggregate_pub,mts_details_wid,2010,38.39
hnd,sex_f,eco_aggregate_pub,mts_details_wid,2011,42.28
hnd,sex_f,eco_aggregate_pub,mts_details_wid,2012,39.93
hnd,sex_f,eco_aggregate_pub,mts_details_wid,2013,39.42
hnd,sex_f,eco_aggregate_pub,mts_details_wid,2014,41.86
hnd,sex_f,eco_aggregate_pub,mts_details_wid,2015,49.51
hnd,sex_f,eco_aggregate_pub,mts_details_wid,2016,41.56
hnd,sex_f,eco_aggregate_pub,mts_details_wid,2017,44.98
hnd,sex_f,eco_aggregate_pub,mts_details_wid,2018,35.3
hnd,sex_f,eco_aggregate_pub,mts_details_wid,2019,40.18
hnd,sex_f,eco_aggregate_pub,mts_details_wid,2020,21.77
hnd,sex_f,eco_aggregate_pub,mts_details_wid,2021,33.31
hnd,sex_f,eco_aggregate_pub,mts_details_wid,2022,30.66
hnd,sex_f,eco_aggregate_pub,mts_details_wid,2023,31.87
hnd,sex_f,eco_aggregate_pub,mts_details_wid,2024,41.69
hnd,sex_f,eco_aggregate_total,mts_aggregate_1,2005,45.74
hnd,sex_f,eco_aggregate_total,mts_aggregate_1,2006,46.62
hnd,sex_f,eco_aggregate_total,mts_aggregate_1,2007,45.71
hnd,sex_f,eco_aggregate_total,mts_aggregate_1,2008,44.52
hnd,sex_f,eco_aggregate_total,mts_aggregate_1,2009,43.39
hnd,sex_f,eco_aggregate_total,mts_aggregate_1,2010,43.32
hnd,sex_f,eco_aggregate_total,mts_aggregate_1,2011,44.69
hnd,sex_f,eco_aggregate_total,mts_aggregate_1,2012,45.61
hnd,sex_f,eco_aggregate_total,mts_aggregate_1,2013,45.04
hnd,sex_f,eco_aggregate_total,mts_aggregate_1,2014,46.97
hnd,sex_f,eco_aggregate_total,mts_aggregate_1,2015,45.49
hnd,sex_f,eco_aggregate_total,mts_aggregate_1,2016,46.51
hnd,sex_f,eco_aggregate_total,mts_aggregate_1,2017,46.34
hnd,sex_f,eco_aggregate_total,mts_aggregate_1,2018,46.13
hnd,sex_f,eco_aggregate_total,mts_aggregate_1,2019,45.72
hnd,sex_f,eco_aggregate_total,mts_aggregate_1,2020,41.42
hnd,sex_f,eco_aggregate_total,mts_aggregate_1,2021,45.48
hnd,sex_f,eco_aggregate_total,mts_aggregate_1,2022,43.84
hnd,sex_f,eco_aggregate_total,mts_aggregate_1,2023,44.05
hnd,sex_f,eco_aggregate_total,mts_aggregate_1,2024,45.13
hnd,sex_f,eco_aggregate_total,mts_aggregate_2,2005,42.47
hnd,sex_f,eco_aggregate_total,mts_aggregate_2,2006,42.23
hnd,sex_f,eco_aggregate_total,mts_aggregate_2,2007,42
hnd,sex_f,eco_aggregate_total,mts_aggregate_2,2008,41.73
hnd,sex_f,eco_aggregate_total,mts_aggregate_2,2009,40.59
hnd,sex_f,eco_aggregate_total,mts_aggregate_2,2010,41.04
hnd,sex_f,eco_aggregate_total,mts_aggregate_2,2011,40.46
hnd,sex_f,eco_aggregate_total,mts_aggregate_2,2012,40.93
hnd,sex_f,eco_aggregate_total,mts_aggregate_2,2013,41.63
hnd,sex_f,eco_aggregate_total,mts_aggregate_2,2014,41.94
hnd,sex_f,eco_aggregate_total,mts_aggregate_2,2015,41.83
hnd,sex_f,eco_aggregate_total,mts_aggregate_2,2016,42.1
hnd,sex_f,eco_aggregate_total,mts_aggregate_2,2017,40.74
hnd,sex_f,eco_aggregate_total,mts_aggregate_2,2018,41.54
hnd,sex_f,eco_aggregate_total,mts_aggregate_2,2019,40.39
hnd,sex_f,eco_aggregate_total,mts_aggregate_2,2020,34.62
hnd,sex_f,eco_aggregate_total,mts_aggregate_2,2021,37.83
hnd,sex_f,eco_aggregate_total,mts_aggregate_2,2022,38.35
hnd,sex_f,eco_aggregate_total,mts_aggregate_2,2023,40.02
hnd,sex_f,eco_aggregate_total,mts_aggregate_2,2024,41.06
hnd,sex_f,eco_aggregate_total,mts_aggregate_total,2005,44.5
hnd,sex_f,eco_aggregate_total,mts_aggregate_total,2006,45.05
hnd,sex_f,eco_aggregate_total,mts_aggregate_total,2007,44.33
hnd,sex_f,eco_aggregate_total,mts_aggregate_total,2008,43.51
hnd,sex_f,eco_aggregate_total,mts_aggregate_total,2009,42.38
hnd,sex_f,eco_aggregate_total,mts_aggregate_total,2010,42.47
hnd,sex_f,eco_aggregate_total,mts_aggregate_total,2011,43.15
hnd,sex_f,eco_aggregate_total,mts_aggregate_total,2012,44.02
hnd,sex_f,eco_aggregate_total,mts_aggregate_total,2013,43.85
hnd,sex_f,eco_aggregate_total,mts_aggregate_total,2014,45.06
hnd,sex_f,eco_aggregate_total,mts_aggregate_total,2015,44.1
hnd,sex_f,eco_aggregate_total,mts_aggregate_total,2016,44.85
hnd,sex_f,eco_aggregate_total,mts_aggregate_total,2017,44.25
hnd,sex_f,eco_aggregate_total,mts_aggregate_total,2018,44.4
hnd,sex_f,eco_aggregate_total,mts_aggregate_total,2019,43.76
hnd,sex_f,eco_aggregate_total,mts_aggregate_total,2020,39.02
hnd,sex_f,eco_aggregate_total,mts_aggregate_total,2021,42.31
hnd,sex_f,eco_aggregate_total,mts_aggregate_total,2022,41.86
hnd,sex_f,eco_aggregate_total,mts_aggregate_total,2023,42.57
hnd,sex_f,eco_aggregate_total,mts_aggregate_total,2024,43.67
hnd,sex_f,eco_aggregate_total,mts_details_mrd,2005,40.66
hnd,sex_f,eco_aggregate_total,mts_details_mrd,2006,40.63
hnd,sex_f,eco_aggregate_total,mts_details_mrd,2007,39.89
hnd,sex_f,eco_aggregate_total,mts_details_mrd,2008,40.19
hnd,sex_f,eco_aggregate_total,mts_details_mrd,2009,39.26
hnd,sex_f,eco_aggregate_total,mts_details_mrd,2010,38.33
hnd,sex_f,eco_aggregate_total,mts_details_mrd,2011,38.67
hnd,sex_f,eco_aggregate_total,mts_details_mrd,2012,39.46
hnd,sex_f,eco_aggregate_total,mts_details_mrd,2013,41.08
hnd,sex_f,eco_aggregate_total,mts_details_mrd,2014,40.94
hnd,sex_f,eco_aggregate_total,mts_details_mrd,2015,41.77
hnd,sex_f,eco_aggregate_total,mts_details_mrd,2016,41.86
hnd,sex_f,eco_aggregate_total,mts_details_mrd,2017,38.94
hnd,sex_f,eco_aggregate_total,mts_details_mrd,2018,40.14
hnd,sex_f,eco_aggregate_total,mts_details_mrd,2019,39.67
hnd,sex_f,eco_aggregate_total,mts_details_mrd,2020,36.22
hnd,sex_f,eco_aggregate_total,mts_details_mrd,2021,37.66
hnd,sex_f,eco_aggregate_total,mts_details_mrd,2022,36.34
hnd,sex_f,eco_aggregate_total,mts_details_mrd,2023,37.66
hnd,sex_f,eco_aggregate_total,mts_details_mrd,2024,37.85
hnd,sex_f,eco_aggregate_total,mts_details_sep,2005,44.18
hnd,sex_f,eco_aggregate_total,mts_details_sep,2006,44.79
hnd,sex_f,eco_aggregate_total,mts_details_sep,2007,44.39
hnd,sex_f,eco_aggregate_total,mts_details_sep,2008,41.62
hnd,sex_f,eco_aggregate_total,mts_details_sep,2009,44.35
hnd,sex_f,eco_aggregate_total,mts_details_sep,2010,43.12
hnd,sex_f,eco_aggregate_total,mts_details_sep,2011,43.79
hnd,sex_f,eco_aggregate_total,mts_details_sep,2012,44.63
hnd,sex_f,eco_aggregate_total,mts_details_sep,2013,45.32
hnd,sex_f,eco_aggregate_total,mts_details_sep,2014,43.53
hnd,sex_f,eco_aggregate_total,mts_details_sep,2015,41.75
hnd,sex_f,eco_aggregate_total,mts_details_sep,2016,45.97
hnd,sex_f,eco_aggregate_total,mts_details_sep,2017,42.46
hnd,sex_f,eco_aggregate_total,mts_details_sep,2018,39.41
hnd,sex_f,eco_aggregate_total,mts_details_sep,2019,43.3
hnd,sex_f,eco_aggregate_total,mts_details_sep,2020,41.05
hnd,sex_f,eco_aggregate_total,mts_details_sep,2021,40.8
hnd,sex_f,eco_aggregate_total,mts_details_sep,2022,44.99
hnd,sex_f,eco_aggregate_total,mts_details_sep,2023,41.14
hnd,sex_f,eco_aggregate_total,mts_details_sep,2024,41.93
hnd,sex_f,eco_aggregate_total,mts_details_sgle,2005,45.96
hnd,sex_f,eco_aggregate_total,mts_details_sgle,2006,47.03
hnd,sex_f,eco_aggregate_total,mts_details_sgle,2007,46.1
hnd,sex_f,eco_aggregate_total,mts_details_sgle,2008,44.95
hnd,sex_f,eco_aggregate_total,mts_details_sgle,2009,43.36
hnd,sex_f,eco_aggregate_total,mts_details_sgle,2010,43.41
hnd,sex_f,eco_aggregate_total,mts_details_sgle,2011,44.74
hnd,sex_f,eco_aggregate_total,mts_details_sgle,2012,45.85
hnd,sex_f,eco_aggregate_total,mts_details_sgle,2013,45.19
hnd,sex_f,eco_aggregate_total,mts_details_sgle,2014,47.52
hnd,sex_f,eco_aggregate_total,mts_details_sgle,2015,45.71
hnd,sex_f,eco_aggregate_total,mts_details_sgle,2016,46.64
hnd,sex_f,eco_aggregate_total,mts_details_sgle,2017,46.58
hnd,sex_f,eco_aggregate_total,mts_details_sgle,2018,46.93
hnd,sex_f,eco_aggregate_total,mts_details_sgle,2019,46.14
hnd,sex_f,eco_aggregate_total,mts_details_sgle,2020,42.15
hnd,sex_f,eco_aggregate_total,mts_details_sgle,2021,46.02
hnd,sex_f,eco_aggregate_total,mts_details_sgle,2022,44.14
hnd,sex_f,eco_aggregate_total,mts_details_sgle,2023,44.65
hnd,sex_f,eco_aggregate_total,mts_details_sgle,2024,45.63
hnd,sex_f,eco_aggregate_total,mts_details_total,2005,44.5
hnd,sex_f,eco_aggregate_total,mts_details_total,2006,45.05
hnd,sex_f,eco_aggregate_total,mts_details_total,2007,44.33
hnd,sex_f,eco_aggregate_total,mts_details_total,2008,43.51
hnd,sex_f,eco_aggregate_total,mts_details_total,2009,42.38
hnd,sex_f,eco_aggregate_total,mts_details_total,2010,42.47
hnd,sex_f,eco_aggregate_total,mts_details_total,2011,43.15
hnd,sex_f,eco_aggregate_total,mts_details_total,2012,44.02
hnd,sex_f,eco_aggregate_total,mts_details_total,2013,43.85
hnd,sex_f,eco_aggregate_total,mts_details_total,2014,45.06
hnd,sex_f,eco_aggregate_total,mts_details_total,2015,44.1
hnd,sex_f,eco_aggregate_total,mts_details_total,2016,44.85
hnd,sex_f,eco_aggregate_total,mts_details_total,2017,44.25
hnd,sex_f,eco_aggregate_total,mts_details_total,2018,44.4
hnd,sex_f,eco_aggregate_total,mts_details_total,2019,43.76
hnd,sex_f,eco_aggregate_total,mts_details_total,2020,39.02
hnd,sex_f,eco_aggregate_total,mts_details_total,2021,42.31
hnd,sex_f,eco_aggregate_total,mts_details_total,2022,41.86
hnd,sex_f,eco_aggregate_total,mts_details_total,2023,42.57
hnd,sex_f,eco_aggregate_total,mts_details_total,2024,43.67
hnd,sex_f,eco_aggregate_total,mts_details_union,2005,44.62
hnd,sex_f,eco_aggregate_total,mts_details_union,2006,44.32
hnd,sex_f,eco_aggregate_total,mts_details_union,2007,44.52
hnd,sex_f,eco_aggregate_total,mts_details_union,2008,43.53
hnd,sex_f,eco_aggregate_total,mts_details_union,2009,42.15
hnd,sex_f,eco_aggregate_total,mts_details_union,2010,43.72
hnd,sex_f,eco_aggregate_total,mts_details_union,2011,42.68
hnd,sex_f,eco_aggregate_total,mts_details_union,2012,42.39
hnd,sex_f,eco_aggregate_total,mts_details_union,2013,42.21
hnd,sex_f,eco_aggregate_total,mts_details_union,2014,42.91
hnd,sex_f,eco_aggregate_total,mts_details_union,2015,41.91
hnd,sex_f,eco_aggregate_total,mts_details_union,2016,42.38
hnd,sex_f,eco_aggregate_total,mts_details_union,2017,42.36
hnd,sex_f,eco_aggregate_total,mts_details_union,2018,42.58
hnd,sex_f,eco_aggregate_total,mts_details_union,2019,41.1
hnd,sex_f,eco_aggregate_total,mts_details_union,2020,33.06
hnd,sex_f,eco_aggregate_total,mts_details_union,2021,37.95
hnd,sex_f,eco_aggregate_total,mts_details_union,2022,40.04
hnd,sex_f,eco_aggregate_total,mts_details_union,2023,41.92
hnd,sex_f,eco_aggregate_total,mts_details_union,2024,43.33
hnd,sex_f,eco_aggregate_total,mts_details_wid,2005,45.02
hnd,sex_f,eco_aggregate_total,mts_details_wid,2006,45.51
hnd,sex_f,eco_aggregate_total,mts_details_wid,2007,40.52
hnd,sex_f,eco_aggregate_total,mts_details_wid,2008,39.75
hnd,sex_f,eco_aggregate_total,mts_details_wid,2009,41.65
hnd,sex_f,eco_aggregate_total,mts_details_wid,2010,41.68
hnd,sex_f,eco_aggregate_total,mts_details_wid,2011,44.99
hnd,sex_f,eco_aggregate_total,mts_details_wid,2012,42.43
hnd,sex_f,eco_aggregate_total,mts_details_wid,2013,42.32
hnd,sex_f,eco_aggregate_total,mts_details_wid,2014,39.09
hnd,sex_f,eco_aggregate_total,mts_details_wid,2015,48.39
hnd,sex_f,eco_aggregate_total,mts_details_wid,2016,44.19
hnd,sex_f,eco_aggregate_total,mts_details_wid,2017,47.62
hnd,sex_f,eco_aggregate_total,mts_details_wid,2018,39.83
hnd,sex_f,eco_aggregate_total,mts_details_wid,2019,40.59
hnd,sex_f,eco_aggregate_total,mts_details_wid,2020,24.68
hnd,sex_f,eco_aggregate_total,mts_details_wid,2021,36.89
hnd,sex_f,eco_aggregate_total,mts_details_wid,2022,33.78
hnd,sex_f,eco_aggregate_total,mts_details_wid,2023,32.36
hnd,sex_f,eco_aggregate_total,mts_details_wid,2024,40.41
hnd,sex_f,eco_aggregate_x,mts_aggregate_1,2005,46.6
hnd,sex_f,eco_aggregate_x,mts_aggregate_1,2007,48.13
hnd,sex_f,eco_aggregate_x,mts_aggregate_1,2008,47.13
hnd,sex_f,eco_aggregate_x,mts_aggregate_1,2009,43.34
hnd,sex_f,eco_aggregate_x,mts_aggregate_1,2010,44.32
hnd,sex_f,eco_aggregate_x,mts_aggregate_1,2021,42.83
hnd,sex_f,eco_aggregate_x,mts_aggregate_2,2007,38.57
hnd,sex_f,eco_aggregate_x,mts_aggregate_2,2009,43
hnd,sex_f,eco_aggregate_x,mts_aggregate_2,2021,38.67
hnd,sex_f,eco_aggregate_x,mts_aggregate_total,2005,46.6
hnd,sex_f,eco_aggregate_x,mts_aggregate_total,2006,42.37
hnd,sex_f,eco_aggregate_x,mts_aggregate_total,2007,45.47
hnd,sex_f,eco_aggregate_x,mts_aggregate_total,2008,42.31
hnd,sex_f,eco_aggregate_x,mts_aggregate_total,2009,43.18
hnd,sex_f,eco_aggregate_x,mts_aggregate_total,2010,44.28
hnd,sex_f,eco_aggregate_x,mts_aggregate_total,2021,41.09
hnd,sex_f,eco_aggregate_x,mts_details_mrd,2007,37.9
hnd,sex_f,eco_aggregate_x,mts_details_mrd,2009,42.42
hnd,sex_f,eco_aggregate_x,mts_details_mrd,2021,38.69
hnd,sex_f,eco_aggregate_x,mts_details_sgle,2005,46.6
hnd,sex_f,eco_aggregate_x,mts_details_sgle,2007,49.06
hnd,sex_f,eco_aggregate_x,mts_details_sgle,2009,43.34
hnd,sex_f,eco_aggregate_x,mts_details_sgle,2010,44.53
hnd,sex_f,eco_aggregate_x,mts_details_sgle,2021,42.83
hnd,sex_f,eco_aggregate_x,mts_details_total,2005,46.6
hnd,sex_f,eco_aggregate_x,mts_details_total,2006,42.37
hnd,sex_f,eco_aggregate_x,mts_details_total,2007,45.47
hnd,sex_f,eco_aggregate_x,mts_details_total,2008,42.31
hnd,sex_f,eco_aggregate_x,mts_details_total,2009,43.18
hnd,sex_f,eco_aggregate_x,mts_details_total,2010,44.28
hnd,sex_f,eco_aggregate_x,mts_details_total,2021,41.09
hnd,sex_f,eco_aggregate_x,mts_details_union,2009,43.52
hnd,sex_f,eco_aggregate_x,mts_details_union,2021,38.64
hnd,sex_f,eco_sector_agr,mts_aggregate_1,2005,51.67
hnd,sex_f,eco_sector_agr,mts_aggregate_1,2006,44.09
hnd,sex_f,eco_sector_agr,mts_aggregate_1,2007,41.91
hnd,sex_f,eco_sector_agr,mts_aggregate_1,2008,39.11
hnd,sex_f,eco_sector_agr,mts_aggregate_1,2009,38.9
hnd,sex_f,eco_sector_agr,mts_aggregate_1,2010,36.29
hnd,sex_f,eco_sector_agr,mts_aggregate_1,2011,36.22
hnd,sex_f,eco_sector_agr,mts_aggregate_1,2012,42.62
hnd,sex_f,eco_sector_agr,mts_aggregate_1,2013,43.22
hnd,sex_f,eco_sector_agr,mts_aggregate_1,2014,33.72
hnd,sex_f,eco_sector_agr,mts_aggregate_1,2015,39.68
hnd,sex_f,eco_sector_agr,mts_aggregate_1,2016,37.46
hnd,sex_f,eco_sector_agr,mts_aggregate_1,2017,35.48
hnd,sex_f,eco_sector_agr,mts_aggregate_1,2018,38.09
hnd,sex_f,eco_sector_agr,mts_aggregate_1,2019,41.76
hnd,sex_f,eco_sector_agr,mts_aggregate_1,2020,35.71
hnd,sex_f,eco_sector_agr,mts_aggregate_1,2021,35.41
hnd,sex_f,eco_sector_agr,mts_aggregate_1,2022,38.35
hnd,sex_f,eco_sector_agr,mts_aggregate_1,2023,39.51
hnd,sex_f,eco_sector_agr,mts_aggregate_1,2024,34.14
hnd,sex_f,eco_sector_agr,mts_aggregate_2,2005,39.91
hnd,sex_f,eco_sector_agr,mts_aggregate_2,2006,42.87
hnd,sex_f,eco_sector_agr,mts_aggregate_2,2007,41.88
hnd,sex_f,eco_sector_agr,mts_aggregate_2,2008,40.91
hnd,sex_f,eco_sector_agr,mts_aggregate_2,2009,38.22
hnd,sex_f,eco_sector_agr,mts_aggregate_2,2010,38.29
hnd,sex_f,eco_sector_agr,mts_aggregate_2,2011,38.79
hnd,sex_f,eco_sector_agr,mts_aggregate_2,2012,40.85
hnd,sex_f,eco_sector_agr,mts_aggregate_2,2013,44.83
hnd,sex_f,eco_sector_agr,mts_aggregate_2,2014,50.83
hnd,sex_f,eco_sector_agr,mts_aggregate_2,2015,35.09
hnd,sex_f,eco_sector_agr,mts_aggregate_2,2016,27.75
hnd,sex_f,eco_sector_agr,mts_aggregate_2,2017,33.12
hnd,sex_f,eco_sector_agr,mts_aggregate_2,2018,40.47
hnd,sex_f,eco_sector_agr,mts_aggregate_2,2019,43.35
hnd,sex_f,eco_sector_agr,mts_aggregate_2,2020,40.59
hnd,sex_f,eco_sector_agr,mts_aggregate_2,2021,35.92
hnd,sex_f,eco_sector_agr,mts_aggregate_2,2022,36.85
hnd,sex_f,eco_sector_agr,mts_aggregate_2,2023,34.26
hnd,sex_f,eco_sector_agr,mts_aggregate_2,2024,40.21
hnd,sex_f,eco_sector_agr,mts_aggregate_total,2005,47.32
hnd,sex_f,eco_sector_agr,mts_aggregate_total,2006,43.62
hnd,sex_f,eco_sector_agr,mts_aggregate_total,2007,41.9
hnd,sex_f,eco_sector_agr,mts_aggregate_total,2008,39.66
hnd,sex_f,eco_sector_agr,mts_aggregate_total,2009,38.68
hnd,sex_f,eco_sector_agr,mts_aggregate_total,2010,37.08
hnd,sex_f,eco_sector_agr,mts_aggregate_total,2011,37.17
hnd,sex_f,eco_sector_agr,mts_aggregate_total,2012,41.91
hnd,sex_f,eco_sector_agr,mts_aggregate_total,2013,43.76
hnd,sex_f,eco_sector_agr,mts_aggregate_total,2014,40.04
hnd,sex_f,eco_sector_agr,mts_aggregate_total,2015,38.19
hnd,sex_f,eco_sector_agr,mts_aggregate_total,2016,34.82
hnd,sex_f,eco_sector_agr,mts_aggregate_total,2017,34.82
hnd,sex_f,eco_sector_agr,mts_aggregate_total,2018,39.15
hnd,sex_f,eco_sector_agr,mts_aggregate_total,2019,42.4
hnd,sex_f,eco_sector_agr,mts_aggregate_total,2020,37.76
hnd,sex_f,eco_sector_agr,mts_aggregate_total,2021,35.68
hnd,sex_f,eco_sector_agr,mts_aggregate_total,2022,37.75
hnd,sex_f,eco_sector_agr,mts_aggregate_total,2023,37.87
hnd,sex_f,eco_sector_agr,mts_aggregate_total,2024,36.98
hnd,sex_f,eco_sector_agr,mts_details_mrd,2005,40.49
hnd,sex_f,eco_sector_agr,mts_details_mrd,2006,46.37
hnd,sex_f,eco_sector_agr,mts_details_mrd,2007,40.86
hnd,sex_f,eco_sector_agr,mts_details_mrd,2008,37.93
hnd,sex_f,eco_sector_agr,mts_details_mrd,2009,31.31
hnd,sex_f,eco_sector_agr,mts_details_mrd,2010,38.93
hnd,sex_f,eco_sector_agr,mts_details_mrd,2011,38.09
hnd,sex_f,eco_sector_agr,mts_details_mrd,2013,48.39
hnd,sex_f,eco_sector_agr,mts_details_mrd,2017,22.75
hnd,sex_f,eco_sector_agr,mts_details_mrd,2018,38.05
hnd,sex_f,eco_sector_agr,mts_details_mrd,2019,32.32
hnd,sex_f,eco_sector_agr,mts_details_mrd,2020,41.18
hnd,sex_f,eco_sector_agr,mts_details_mrd,2021,32.34
hnd,sex_f,eco_sector_agr,mts_details_mrd,2022,36.64
hnd,sex_f,eco_sector_agr,mts_details_mrd,2023,22.6
hnd,sex_f,eco_sector_agr,mts_details_mrd,2024,25.17
hnd,sex_f,eco_sector_agr,mts_details_sep,2006,47.52
hnd,sex_f,eco_sector_agr,mts_details_sep,2007,40.98
hnd,sex_f,eco_sector_agr,mts_details_sep,2008,39.65
hnd,sex_f,eco_sector_agr,mts_details_sep,2009,42.57
hnd,sex_f,eco_sector_agr,mts_details_sep,2016,25.23
hnd,sex_f,eco_sector_agr,mts_details_sgle,2005,51.57
hnd,sex_f,eco_sector_agr,mts_details_sgle,2006,43.41
hnd,sex_f,eco_sector_agr,mts_details_sgle,2007,42.08
hnd,sex_f,eco_sector_agr,mts_details_sgle,2008,38.41
hnd,sex_f,eco_sector_agr,mts_details_sgle,2009,39.28
hnd,sex_f,eco_sector_agr,mts_details_sgle,2010,35.15
hnd,sex_f,eco_sector_agr,mts_details_sgle,2011,36.27
hnd,sex_f,eco_sector_agr,mts_details_sgle,2012,43.57
hnd,sex_f,eco_sector_agr,mts_details_sgle,2013,43.13
hnd,sex_f,eco_sector_agr,mts_details_sgle,2014,33.69
hnd,sex_f,eco_sector_agr,mts_details_sgle,2015,40.91
hnd,sex_f,eco_sector_agr,mts_details_sgle,2016,36.92
hnd,sex_f,eco_sector_agr,mts_details_sgle,2017,35.83
hnd,sex_f,eco_sector_agr,mts_details_sgle,2018,39.16
hnd,sex_f,eco_sector_agr,mts_details_sgle,2019,42.74
hnd,sex_f,eco_sector_agr,mts_details_sgle,2020,35.57
hnd,sex_f,eco_sector_agr,mts_details_sgle,2021,34.93
hnd,sex_f,eco_sector_agr,mts_details_sgle,2022,38.64
hnd,sex_f,eco_sector_agr,mts_details_sgle,2023,40.53
hnd,sex_f,eco_sector_agr,mts_details_sgle,2024,34.71
hnd,sex_f,eco_sector_agr,mts_details_total,2005,47.32
hnd,sex_f,eco_sector_agr,mts_details_total,2006,43.62
hnd,sex_f,eco_sector_agr,mts_details_total,2007,41.9
hnd,sex_f,eco_sector_agr,mts_details_total,2008,39.66
hnd,sex_f,eco_sector_agr,mts_details_total,2009,38.68
hnd,sex_f,eco_sector_agr,mts_details_total,2010,37.08
hnd,sex_f,eco_sector_agr,mts_details_total,2011,37.17
hnd,sex_f,eco_sector_agr,mts_details_total,2012,41.91
hnd,sex_f,eco_sector_agr,mts_details_total,2013,43.76
hnd,sex_f,eco_sector_agr,mts_details_total,2014,40.04
hnd,sex_f,eco_sector_agr,mts_details_total,2015,38.19
hnd,sex_f,eco_sector_agr,mts_details_total,2016,34.82
hnd,sex_f,eco_sector_agr,mts_details_total,2017,34.82
hnd,sex_f,eco_sector_agr,mts_details_total,2018,39.15
hnd,sex_f,eco_sector_agr,mts_details_total,2019,42.4
hnd,sex_f,eco_sector_agr,mts_details_total,2020,37.76
hnd,sex_f,eco_sector_agr,mts_details_total,2021,35.68
hnd,sex_f,eco_sector_agr,mts_details_total,2022,37.75
hnd,sex_f,eco_sector_agr,mts_details_total,2023,37.87
hnd,sex_f,eco_sector_agr,mts_details_total,2024,36.98
hnd,sex_f,eco_sector_agr,mts_details_union,2005,39.69
hnd,sex_f,eco_sector_agr,mts_details_union,2006,41.21
hnd,sex_f,eco_sector_agr,mts_details_union,2007,42.38
hnd,sex_f,eco_sector_agr,mts_details_union,2008,42.46
hnd,sex_f,eco_sector_agr,mts_details_union,2009,40.86
hnd,sex_f,eco_sector_agr,mts_details_union,2010,37.77
hnd,sex_f,eco_sector_agr,mts_details_union,2011,39.28
hnd,sex_f,eco_sector_agr,mts_details_union,2012,44.12
hnd,sex_f,eco_sector_agr,mts_details_union,2013,41.78
hnd,sex_f,eco_sector_agr,mts_details_union,2014,48.72
hnd,sex_f,eco_sector_agr,mts_details_union,2015,35.58
hnd,sex_f,eco_sector_agr,mts_details_union,2016,27.58
hnd,sex_f,eco_sector_agr,mts_details_union,2017,38.92
hnd,sex_f,eco_sector_agr,mts_details_union,2018,41.07
hnd,sex_f,eco_sector_agr,mts_details_union,2019,46.02
hnd,sex_f,eco_sector_agr,mts_details_union,2020,40.26
hnd,sex_f,eco_sector_agr,mts_details_union,2021,37.59
hnd,sex_f,eco_sector_agr,mts_details_union,2022,37
hnd,sex_f,eco_sector_agr,mts_details_union,2023,39.76
hnd,sex_f,eco_sector_agr,mts_details_union,2024,42.37
hnd,sex_f,eco_sector_agr,mts_details_wid,2006,43.62
hnd,sex_f,eco_sector_agr,mts_details_wid,2007,40.38
hnd,sex_f,eco_sector_agr,mts_details_wid,2008,52.39
hnd,sex_f,eco_sector_agr,mts_details_wid,2009,29.84
hnd,sex_f,eco_sector_ind,mts_aggregate_1,2005,47.22
hnd,sex_f,eco_sector_ind,mts_aggregate_1,2006,47.58
hnd,sex_f,eco_sector_ind,mts_aggregate_1,2007,47.24
hnd,sex_f,eco_sector_ind,mts_aggregate_1,2008,46.54
hnd,sex_f,eco_sector_ind,mts_aggregate_1,2009,45.94
hnd,sex_f,eco_sector_ind,mts_aggregate_1,2010,45.03
hnd,sex_f,eco_sector_ind,mts_aggregate_1,2011,46.28
hnd,sex_f,eco_sector_ind,mts_aggregate_1,2012,46.61
hnd,sex_f,eco_sector_ind,mts_aggregate_1,2013,45.69
hnd,sex_f,eco_sector_ind,mts_aggregate_1,2014,46.67
hnd,sex_f,eco_sector_ind,mts_aggregate_1,2015,46.72
hnd,sex_f,eco_sector_ind,mts_aggregate_1,2016,48.28
hnd,sex_f,eco_sector_ind,mts_aggregate_1,2017,47.1
hnd,sex_f,eco_sector_ind,mts_aggregate_1,2018,47
hnd,sex_f,eco_sector_ind,mts_aggregate_1,2019,47.17
hnd,sex_f,eco_sector_ind,mts_aggregate_1,2020,45.99
hnd,sex_f,eco_sector_ind,mts_aggregate_1,2021,45.46
hnd,sex_f,eco_sector_ind,mts_aggregate_1,2022,46.17
hnd,sex_f,eco_sector_ind,mts_aggregate_1,2023,44.44
hnd,sex_f,eco_sector_ind,mts_aggregate_1,2024,46.44
hnd,sex_f,eco_sector_ind,mts_aggregate_2,2005,47.17
hnd,sex_f,eco_sector_ind,mts_aggregate_2,2006,46.27
hnd,sex_f,eco_sector_ind,mts_aggregate_2,2007,46.36
hnd,sex_f,eco_sector_ind,mts_aggregate_2,2008,45.86
hnd,sex_f,eco_sector_ind,mts_aggregate_2,2009,44.55
hnd,sex_f,eco_sector_ind,mts_aggregate_2,2010,44.91
hnd,sex_f,eco_sector_ind,mts_aggregate_2,2011,43.75
hnd,sex_f,eco_sector_ind,mts_aggregate_2,2012,43.86
hnd,sex_f,eco_sector_ind,mts_aggregate_2,2013,44.31
hnd,sex_f,eco_sector_ind,mts_aggregate_2,2014,45.92
hnd,sex_f,eco_sector_ind,mts_aggregate_2,2015,46.67
hnd,sex_f,eco_sector_ind,mts_aggregate_2,2016,45.24
hnd,sex_f,eco_sector_ind,mts_aggregate_2,2017,43.69
hnd,sex_f,eco_sector_ind,mts_aggregate_2,2018,44.96
hnd,sex_f,eco_sector_ind,mts_aggregate_2,2019,47.17
hnd,sex_f,eco_sector_ind,mts_aggregate_2,2020,39.59
hnd,sex_f,eco_sector_ind,mts_aggregate_2,2021,43.42
hnd,sex_f,eco_sector_ind,mts_aggregate_2,2022,45.63
hnd,sex_f,eco_sector_ind,mts_aggregate_2,2023,43.87
hnd,sex_f,eco_sector_ind,mts_aggregate_2,2024,45.11
hnd,sex_f,eco_sector_ind,mts_aggregate_total,2005,47.2
hnd,sex_f,eco_sector_ind,mts_aggregate_total,2006,47.05
hnd,sex_f,eco_sector_ind,mts_aggregate_total,2007,46.88
hnd,sex_f,eco_sector_ind,mts_aggregate_total,2008,46.26
hnd,sex_f,eco_sector_ind,mts_aggregate_total,2009,45.39
hnd,sex_f,eco_sector_ind,mts_aggregate_total,2010,44.98
hnd,sex_f,eco_sector_ind,mts_aggregate_total,2011,45.32
hnd,sex_f,eco_sector_ind,mts_aggregate_total,2012,45.58
hnd,sex_f,eco_sector_ind,mts_aggregate_total,2013,45.12
hnd,sex_f,eco_sector_ind,mts_aggregate_total,2014,46.36
hnd,sex_f,eco_sector_ind,mts_aggregate_total,2015,46.7
hnd,sex_f,eco_sector_ind,mts_aggregate_total,2016,47.07
hnd,sex_f,eco_sector_ind,mts_aggregate_total,2017,45.56
hnd,sex_f,eco_sector_ind,mts_aggregate_total,2018,46.08
hnd,sex_f,eco_sector_ind,mts_aggregate_total,2019,47.17
hnd,sex_f,eco_sector_ind,mts_aggregate_total,2020,43.45
hnd,sex_f,eco_sector_ind,mts_aggregate_total,2021,44.72
hnd,sex_f,eco_sector_ind,mts_aggregate_total,2022,45.97
hnd,sex_f,eco_sector_ind,mts_aggregate_total,2023,44.24
hnd,sex_f,eco_sector_ind,mts_aggregate_total,2024,45.92
hnd,sex_f,eco_sector_ind,mts_details_mrd,2005,46.64
hnd,sex_f,eco_sector_ind,mts_details_mrd,2006,45.45
hnd,sex_f,eco_sector_ind,mts_details_mrd,2007,46.2
hnd,sex_f,eco_sector_ind,mts_details_mrd,2008,46.11
hnd,sex_f,eco_sector_ind,mts_details_mrd,2009,43.41
hnd,sex_f,eco_sector_ind,mts_details_mrd,2010,45.22
hnd,sex_f,eco_sector_ind,mts_details_mrd,2011,42.42
hnd,sex_f,eco_sector_ind,mts_details_mrd,2012,42.42
hnd,sex_f,eco_sector_ind,mts_details_mrd,2013,44.31
hnd,sex_f,eco_sector_ind,mts_details_mrd,2014,45.45
hnd,sex_f,eco_sector_ind,mts_details_mrd,2015,47.13
hnd,sex_f,eco_sector_ind,mts_details_mrd,2016,46.9
hnd,sex_f,eco_sector_ind,mts_details_mrd,2017,44.91
hnd,sex_f,eco_sector_ind,mts_details_mrd,2018,43.72
hnd,sex_f,eco_sector_ind,mts_details_mrd,2019,46.85
hnd,sex_f,eco_sector_ind,mts_details_mrd,2020,39.95
hnd,sex_f,eco_sector_ind,mts_details_mrd,2021,44.4
hnd,sex_f,eco_sector_ind,mts_details_mrd,2022,44.87
hnd,sex_f,eco_sector_ind,mts_details_mrd,2023,39.6
hnd,sex_f,eco_sector_ind,mts_details_mrd,2024,42.79
hnd,sex_f,eco_sector_ind,mts_details_sep,2005,50.73
hnd,sex_f,eco_sector_ind,mts_details_sep,2006,46.62
hnd,sex_f,eco_sector_ind,mts_details_sep,2007,46.59
hnd,sex_f,eco_sector_ind,mts_details_sep,2008,43.06
hnd,sex_f,eco_sector_ind,mts_details_sep,2009,47.11
hnd,sex_f,eco_sector_ind,mts_details_sep,2010,42.57
hnd,sex_f,eco_sector_ind,mts_details_sep,2011,47.95
hnd,sex_f,eco_sector_ind,mts_details_sep,2012,44.55
hnd,sex_f,eco_sector_ind,mts_details_sep,2013,45.49
hnd,sex_f,eco_sector_ind,mts_details_sep,2014,43.14
hnd,sex_f,eco_sector_ind,mts_details_sep,2015,52.62
hnd,sex_f,eco_sector_ind,mts_details_sep,2016,46.46
hnd,sex_f,eco_sector_ind,mts_details_sep,2017,50.82
hnd,sex_f,eco_sector_ind,mts_details_sep,2018,47.42
hnd,sex_f,eco_sector_ind,mts_details_sep,2019,55.76
hnd,sex_f,eco_sector_ind,mts_details_sep,2020,42.45
hnd,sex_f,eco_sector_ind,mts_details_sep,2021,47.43
hnd,sex_f,eco_sector_ind,mts_details_sep,2022,44.86
hnd,sex_f,eco_sector_ind,mts_details_sep,2023,49.03
hnd,sex_f,eco_sector_ind,mts_details_sep,2024,52.05
hnd,sex_f,eco_sector_ind,mts_details_sgle,2005,47.03
hnd,sex_f,eco_sector_ind,mts_details_sgle,2006,47.96
hnd,sex_f,eco_sector_ind,mts_details_sgle,2007,47.4
hnd,sex_f,eco_sector_ind,mts_details_sgle,2008,46.85
hnd,sex_f,eco_sector_ind,mts_details_sgle,2009,45.75
hnd,sex_f,eco_sector_ind,mts_details_sgle,2010,45.41
hnd,sex_f,eco_sector_ind,mts_details_sgle,2011,46.17
hnd,sex_f,eco_sector_ind,mts_details_sgle,2012,46.77
hnd,sex_f,eco_sector_ind,mts_details_sgle,2013,45.66
hnd,sex_f,eco_sector_ind,mts_details_sgle,2014,47.02
hnd,sex_f,eco_sector_ind,mts_details_sgle,2015,45.74
hnd,sex_f,eco_sector_ind,mts_details_sgle,2016,48.37
hnd,sex_f,eco_sector_ind,mts_details_sgle,2017,46.7
hnd,sex_f,eco_sector_ind,mts_details_sgle,2018,47.29
hnd,sex_f,eco_sector_ind,mts_details_sgle,2019,47.3
hnd,sex_f,eco_sector_ind,mts_details_sgle,2020,46.45
hnd,sex_f,eco_sector_ind,mts_details_sgle,2021,45.32
hnd,sex_f,eco_sector_ind,mts_details_sgle,2022,46.59
hnd,sex_f,eco_sector_ind,mts_details_sgle,2023,44.2
hnd,sex_f,eco_sector_ind,mts_details_sgle,2024,45.71
hnd,sex_f,eco_sector_ind,mts_details_total,2005,47.2
hnd,sex_f,eco_sector_ind,mts_details_total,2006,47.05
hnd,sex_f,eco_sector_ind,mts_details_total,2007,46.88
hnd,sex_f,eco_sector_ind,mts_details_total,2008,46.26
hnd,sex_f,eco_sector_ind,mts_details_total,2009,45.39
hnd,sex_f,eco_sector_ind,mts_details_total,2010,44.98
hnd,sex_f,eco_sector_ind,mts_details_total,2011,45.32
hnd,sex_f,eco_sector_ind,mts_details_total,2012,45.58
hnd,sex_f,eco_sector_ind,mts_details_total,2013,45.12
hnd,sex_f,eco_sector_ind,mts_details_total,2014,46.36
hnd,sex_f,eco_sector_ind,mts_details_total,2015,46.7
hnd,sex_f,eco_sector_ind,mts_details_total,2016,47.07
hnd,sex_f,eco_sector_ind,mts_details_total,2017,45.56
hnd,sex_f,eco_sector_ind,mts_details_total,2018,46.08
hnd,sex_f,eco_sector_ind,mts_details_total,2019,47.17
hnd,sex_f,eco_sector_ind,mts_details_total,2020,43.45
hnd,sex_f,eco_sector_ind,mts_details_total,2021,44.72
hnd,sex_f,eco_sector_ind,mts_details_total,2022,45.97
hnd,sex_f,eco_sector_ind,mts_details_total,2023,44.24
hnd,sex_f,eco_sector_ind,mts_details_total,2024,45.92
hnd,sex_f,eco_sector_ind,mts_details_union,2005,47.67
hnd,sex_f,eco_sector_ind,mts_details_union,2006,46.83
hnd,sex_f,eco_sector_ind,mts_details_union,2007,46.45
hnd,sex_f,eco_sector_ind,mts_details_union,2008,45.69
hnd,sex_f,eco_sector_ind,mts_details_union,2009,45.35
hnd,sex_f,eco_sector_ind,mts_details_union,2010,44.73
hnd,sex_f,eco_sector_ind,mts_details_union,2011,44.45
hnd,sex_f,eco_sector_ind,mts_details_union,2012,44.98
hnd,sex_f,eco_sector_ind,mts_details_union,2013,44.3
hnd,sex_f,eco_sector_ind,mts_details_union,2014,46.15
hnd,sex_f,eco_sector_ind,mts_details_union,2015,46.23
hnd,sex_f,eco_sector_ind,mts_details_union,2016,43.98
hnd,sex_f,eco_sector_ind,mts_details_union,2017,42.91
hnd,sex_f,eco_sector_ind,mts_details_union,2018,45.51
hnd,sex_f,eco_sector_ind,mts_details_union,2019,47.36
hnd,sex_f,eco_sector_ind,mts_details_union,2020,39.23
hnd,sex_f,eco_sector_ind,mts_details_union,2021,42.87
hnd,sex_f,eco_sector_ind,mts_details_union,2022,45.9
hnd,sex_f,eco_sector_ind,mts_details_union,2023,46.22
hnd,sex_f,eco_sector_ind,mts_details_union,2024,46.48
hnd,sex_f,eco_sector_ind,mts_details_wid,2005,42.67
hnd,sex_f,eco_sector_ind,mts_details_wid,2006,41.18
hnd,sex_f,eco_sector_ind,mts_details_wid,2007,44.39
hnd,sex_f,eco_sector_ind,mts_details_wid,2008,44.7
hnd,sex_f,eco_sector_ind,mts_details_wid,2009,48.61
hnd,sex_f,eco_sector_ind,mts_details_wid,2012,45.37
hnd,sex_f,eco_sector_ind,mts_details_wid,2013,46.88
hnd,sex_f,eco_sector_ind,mts_details_wid,2018,39.4
hnd,sex_f,eco_sector_ind,mts_details_wid,2019,33.33
hnd,sex_f,eco_sector_ind,mts_details_wid,2021,45.41
hnd,sex_f,eco_sector_ser,mts_aggregate_1,2005,45.04
hnd,sex_f,eco_sector_ser,mts_aggregate_1,2006,46.49
hnd,sex_f,eco_sector_ser,mts_aggregate_1,2007,45.51
hnd,sex_f,eco_sector_ser,mts_aggregate_1,2008,44.37
hnd,sex_f,eco_sector_ser,mts_aggregate_1,2009,43.15
hnd,sex_f,eco_sector_ser,mts_aggregate_1,2010,43.49
hnd,sex_f,eco_sector_ser,mts_aggregate_1,2011,44.8
hnd,sex_f,eco_sector_ser,mts_aggregate_1,2012,45.55
hnd,sex_f,eco_sector_ser,mts_aggregate_1,2013,44.99
hnd,sex_f,eco_sector_ser,mts_aggregate_1,2014,47.42
hnd,sex_f,eco_sector_ser,mts_aggregate_1,2015,45.53
hnd,sex_f,eco_sector_ser,mts_aggregate_1,2016,46.51
hnd,sex_f,eco_sector_ser,mts_aggregate_1,2017,46.71
hnd,sex_f,eco_sector_ser,mts_aggregate_1,2018,46.37
hnd,sex_f,eco_sector_ser,mts_aggregate_1,2019,45.62
hnd,sex_f,eco_sector_ser,mts_aggregate_1,2020,41.31
hnd,sex_f,eco_sector_ser,mts_aggregate_1,2021,46.6
hnd,sex_f,eco_sector_ser,mts_aggregate_1,2022,43.68
hnd,sex_f,eco_sector_ser,mts_aggregate_1,2023,44.27
hnd,sex_f,eco_sector_ser,mts_aggregate_1,2024,45.27
hnd,sex_f,eco_sector_ser,mts_aggregate_2,2005,41.21
hnd,sex_f,eco_sector_ser,mts_aggregate_2,2006,40.75
hnd,sex_f,eco_sector_ser,mts_aggregate_2,2007,40.59
hnd,sex_f,eco_sector_ser,mts_aggregate_2,2008,40.44
hnd,sex_f,eco_sector_ser,mts_aggregate_2,2009,39.71
hnd,sex_f,eco_sector_ser,mts_aggregate_2,2010,40.31
hnd,sex_f,eco_sector_ser,mts_aggregate_2,2011,39.8
hnd,sex_f,eco_sector_ser,mts_aggregate_2,2012,40.2
hnd,sex_f,eco_sector_ser,mts_aggregate_2,2013,40.81
hnd,sex_f,eco_sector_ser,mts_aggregate_2,2014,40.41
hnd,sex_f,eco_sector_ser,mts_aggregate_2,2015,40.78
hnd,sex_f,eco_sector_ser,mts_aggregate_2,2016,41.69
hnd,sex_f,eco_sector_ser,mts_aggregate_2,2017,40.15
hnd,sex_f,eco_sector_ser,mts_aggregate_2,2018,40.77
hnd,sex_f,eco_sector_ser,mts_aggregate_2,2019,38.48
hnd,sex_f,eco_sector_ser,mts_aggregate_2,2020,32.54
hnd,sex_f,eco_sector_ser,mts_aggregate_2,2021,37.13
hnd,sex_f,eco_sector_ser,mts_aggregate_2,2022,36.84
hnd,sex_f,eco_sector_ser,mts_aggregate_2,2023,39.63
hnd,sex_f,eco_sector_ser,mts_aggregate_2,2024,40.34
hnd,sex_f,eco_sector_ser,mts_aggregate_total,2005,43.59
hnd,sex_f,eco_sector_ser,mts_aggregate_total,2006,44.52
hnd,sex_f,eco_sector_ser,mts_aggregate_total,2007,43.73
hnd,sex_f,eco_sector_ser,mts_aggregate_total,2008,42.98
hnd,sex_f,eco_sector_ser,mts_aggregate_total,2009,41.93
hnd,sex_f,eco_sector_ser,mts_aggregate_total,2010,42.35
hnd,sex_f,eco_sector_ser,mts_aggregate_total,2011,42.98
hnd,sex_f,eco_sector_ser,mts_aggregate_total,2012,43.8
hnd,sex_f,eco_sector_ser,mts_aggregate_total,2013,43.57
hnd,sex_f,eco_sector_ser,mts_aggregate_total,2014,44.82
hnd,sex_f,eco_sector_ser,mts_aggregate_total,2015,43.78
hnd,sex_f,eco_sector_ser,mts_aggregate_total,2016,44.7
hnd,sex_f,eco_sector_ser,mts_aggregate_total,2017,44.36
hnd,sex_f,eco_sector_ser,mts_aggregate_total,2018,44.36
hnd,sex_f,eco_sector_ser,mts_aggregate_total,2019,43.1
hnd,sex_f,eco_sector_ser,mts_aggregate_total,2020,38.36
hnd,sex_f,eco_sector_ser,mts_aggregate_total,2021,42.69
hnd,sex_f,eco_sector_ser,mts_aggregate_total,2022,41.24
hnd,sex_f,eco_sector_ser,mts_aggregate_total,2023,42.54
hnd,sex_f,eco_sector_ser,mts_aggregate_total,2024,43.55
hnd,sex_f,eco_sector_ser,mts_details_mrd,2005,39.19
hnd,sex_f,eco_sector_ser,mts_details_mrd,2006,39.36
hnd,sex_f,eco_sector_ser,mts_details_mrd,2007,38.67
hnd,sex_f,eco_sector_ser,mts_details_mrd,2008,39
hnd,sex_f,eco_sector_ser,mts_details_mrd,2009,38.72
hnd,sex_f,eco_sector_ser,mts_details_mrd,2010,37.22
hnd,sex_f,eco_sector_ser,mts_details_mrd,2011,38.2
hnd,sex_f,eco_sector_ser,mts_details_mrd,2012,39.13
hnd,sex_f,eco_sector_ser,mts_details_mrd,2013,40.05
hnd,sex_f,eco_sector_ser,mts_details_mrd,2014,39.93
hnd,sex_f,eco_sector_ser,mts_details_mrd,2015,40.66
hnd,sex_f,eco_sector_ser,mts_details_mrd,2016,40.94
hnd,sex_f,eco_sector_ser,mts_details_mrd,2017,37.99
hnd,sex_f,eco_sector_ser,mts_details_mrd,2018,39.61
hnd,sex_f,eco_sector_ser,mts_details_mrd,2019,38.53
hnd,sex_f,eco_sector_ser,mts_details_mrd,2020,34.86
hnd,sex_f,eco_sector_ser,mts_details_mrd,2021,37.28
hnd,sex_f,eco_sector_ser,mts_details_mrd,2022,35.35
hnd,sex_f,eco_sector_ser,mts_details_mrd,2023,37.91
hnd,sex_f,eco_sector_ser,mts_details_mrd,2024,37.29
hnd,sex_f,eco_sector_ser,mts_details_sep,2005,42.35
hnd,sex_f,eco_sector_ser,mts_details_sep,2006,44.11
hnd,sex_f,eco_sector_ser,mts_details_sep,2007,43.98
hnd,sex_f,eco_sector_ser,mts_details_sep,2008,41.42
hnd,sex_f,eco_sector_ser,mts_details_sep,2009,43.94
hnd,sex_f,eco_sector_ser,mts_details_sep,2010,43.77
hnd,sex_f,eco_sector_ser,mts_details_sep,2011,42.75
hnd,sex_f,eco_sector_ser,mts_details_sep,2012,44.84
hnd,sex_f,eco_sector_ser,mts_details_sep,2013,45.29
hnd,sex_f,eco_sector_ser,mts_details_sep,2014,43.26
hnd,sex_f,eco_sector_ser,mts_details_sep,2015,39.85
hnd,sex_f,eco_sector_ser,mts_details_sep,2016,47.36
hnd,sex_f,eco_sector_ser,mts_details_sep,2017,41.41
hnd,sex_f,eco_sector_ser,mts_details_sep,2018,38.82
hnd,sex_f,eco_sector_ser,mts_details_sep,2019,41.11
hnd,sex_f,eco_sector_ser,mts_details_sep,2020,40.41
hnd,sex_f,eco_sector_ser,mts_details_sep,2021,39.11
hnd,sex_f,eco_sector_ser,mts_details_sep,2022,45.06
hnd,sex_f,eco_sector_ser,mts_details_sep,2023,39.38
hnd,sex_f,eco_sector_ser,mts_details_sep,2024,40.02
hnd,sex_f,eco_sector_ser,mts_details_sgle,2005,45.39
hnd,sex_f,eco_sector_ser,mts_details_sgle,2006,46.94
hnd,sex_f,eco_sector_ser,mts_details_sgle,2007,45.97
hnd,sex_f,eco_sector_ser,mts_details_sgle,2008,44.9
hnd,sex_f,eco_sector_ser,mts_details_sgle,2009,43.1
hnd,sex_f,eco_sector_ser,mts_details_sgle,2010,43.59
hnd,sex_f,eco_sector_ser,mts_details_sgle,2011,44.89
hnd,sex_f,eco_sector_ser,mts_details_sgle,2012,45.77
hnd,sex_f,eco_sector_ser,mts_details_sgle,2013,45.17
hnd,sex_f,eco_sector_ser,mts_details_sgle,2014,48.01
hnd,sex_f,eco_sector_ser,mts_details_sgle,2015,45.92
hnd,sex_f,eco_sector_ser,mts_details_sgle,2016,46.64
hnd,sex_f,eco_sector_ser,mts_details_sgle,2017,47.08
hnd,sex_f,eco_sector_ser,mts_details_sgle,2018,47.28
hnd,sex_f,eco_sector_ser,mts_details_sgle,2019,46.04
hnd,sex_f,eco_sector_ser,mts_details_sgle,2020,42.22
hnd,sex_f,eco_sector_ser,mts_details_sgle,2021,47.44
hnd,sex_f,eco_sector_ser,mts_details_sgle,2022,43.93
hnd,sex_f,eco_sector_ser,mts_details_sgle,2023,45
hnd,sex_f,eco_sector_ser,mts_details_sgle,2024,45.95
hnd,sex_f,eco_sector_ser,mts_details_total,2005,43.59
hnd,sex_f,eco_sector_ser,mts_details_total,2006,44.52
hnd,sex_f,eco_sector_ser,mts_details_total,2007,43.73
hnd,sex_f,eco_sector_ser,mts_details_total,2008,42.98
hnd,sex_f,eco_sector_ser,mts_details_total,2009,41.93
hnd,sex_f,eco_sector_ser,mts_details_total,2010,42.35
hnd,sex_f,eco_sector_ser,mts_details_total,2011,42.98
hnd,sex_f,eco_sector_ser,mts_details_total,2012,43.8
hnd,sex_f,eco_sector_ser,mts_details_total,2013,43.57
hnd,sex_f,eco_sector_ser,mts_details_total,2014,44.82
hnd,sex_f,eco_sector_ser,mts_details_total,2015,43.78
hnd,sex_f,eco_sector_ser,mts_details_total,2016,44.7
hnd,sex_f,eco_sector_ser,mts_details_total,2017,44.36
hnd,sex_f,eco_sector_ser,mts_details_total,2018,44.36
hnd,sex_f,eco_sector_ser,mts_details_total,2019,43.1
hnd,sex_f,eco_sector_ser,mts_details_total,2020,38.36
hnd,sex_f,eco_sector_ser,mts_details_total,2021,42.69
hnd,sex_f,eco_sector_ser,mts_details_total,2022,41.24
hnd,sex_f,eco_sector_ser,mts_details_total,2023,42.54
hnd,sex_f,eco_sector_ser,mts_details_total,2024,43.55
hnd,sex_f,eco_sector_ser,mts_details_union,2005,43.92
hnd,sex_f,eco_sector_ser,mts_details_union,2006,43.19
hnd,sex_f,eco_sector_ser,mts_details_union,2007,43.66
hnd,sex_f,eco_sector_ser,mts_details_union,2008,42.58
hnd,sex_f,eco_sector_ser,mts_details_union,2009,41.12
hnd,sex_f,eco_sector_ser,mts_details_union,2010,43.85
hnd,sex_f,eco_sector_ser,mts_details_union,2011,42.28
hnd,sex_f,eco_sector_ser,mts_details_union,2012,41.41
hnd,sex_f,eco_sector_ser,mts_details_union,2013,41.67
hnd,sex_f,eco_sector_ser,mts_details_union,2014,41.01
hnd,sex_f,eco_sector_ser,mts_details_union,2015,40.94
hnd,sex_f,eco_sector_ser,mts_details_union,2016,42.65
hnd,sex_f,eco_sector_ser,mts_details_union,2017,42.31
hnd,sex_f,eco_sector_ser,mts_details_union,2018,41.79
hnd,sex_f,eco_sector_ser,mts_details_union,2019,38.41
hnd,sex_f,eco_sector_ser,mts_details_union,2020,30.06
hnd,sex_f,eco_sector_ser,mts_details_union,2021,37
hnd,sex_f,eco_sector_ser,mts_details_union,2022,38.34
hnd,sex_f,eco_sector_ser,mts_details_union,2023,41.15
hnd,sex_f,eco_sector_ser,mts_details_union,2024,42.74
hnd,sex_f,eco_sector_ser,mts_details_wid,2005,45.07
hnd,sex_f,eco_sector_ser,mts_details_wid,2006,46.14
hnd,sex_f,eco_sector_ser,mts_details_wid,2007,39.89
hnd,sex_f,eco_sector_ser,mts_details_wid,2008,37.44
hnd,sex_f,eco_sector_ser,mts_details_wid,2009,42.09
hnd,sex_f,eco_sector_ser,mts_details_wid,2010,40.84
hnd,sex_f,eco_sector_ser,mts_details_wid,2011,45.37
hnd,sex_f,eco_sector_ser,mts_details_wid,2012,42.43
hnd,sex_f,eco_sector_ser,mts_details_wid,2013,41.76
hnd,sex_f,eco_sector_ser,mts_details_wid,2014,41.64
hnd,sex_f,eco_sector_ser,mts_details_wid,2015,47.56
hnd,sex_f,eco_sector_ser,mts_details_wid,2016,41.96
hnd,sex_f,eco_sector_ser,mts_details_wid,2017,47.77
hnd,sex_f,eco_sector_ser,mts_details_wid,2018,40.54
hnd,sex_f,eco_sector_ser,mts_details_wid,2019,43.16
hnd,sex_f,eco_sector_ser,mts_details_wid,2020,22.91
hnd,sex_f,eco_sector_ser,mts_details_wid,2021,33.7
hnd,sex_f,eco_sector_ser,mts_details_wid,2022,34.96
hnd,sex_f,eco_sector_ser,mts_details_wid,2023,32.66
hnd,sex_f,eco_sector_ser,mts_details_wid,2024,41
hnd,sex_f,eco_sector_total,mts_aggregate_1,2005,45.74
hnd,sex_f,eco_sector_total,mts_aggregate_1,2006,46.62
hnd,sex_f,eco_sector_total,mts_aggregate_1,2007,45.71
hnd,sex_f,eco_sector_total,mts_aggregate_1,2008,44.52
hnd,sex_f,eco_sector_total,mts_aggregate_1,2009,43.39
hnd,sex_f,eco_sector_total,mts_aggregate_1,2010,43.32
hnd,sex_f,eco_sector_total,mts_aggregate_1,2011,44.69
hnd,sex_f,eco_sector_total,mts_aggregate_1,2012,45.61
hnd,sex_f,eco_sector_total,mts_aggregate_1,2013,45.04
hnd,sex_f,eco_sector_total,mts_aggregate_1,2014,46.97
hnd,sex_f,eco_sector_total,mts_aggregate_1,2015,45.49
hnd,sex_f,eco_sector_total,mts_aggregate_1,2016,46.51
hnd,sex_f,eco_sector_total,mts_aggregate_1,2017,46.34
hnd,sex_f,eco_sector_total,mts_aggregate_1,2018,46.13
hnd,sex_f,eco_sector_total,mts_aggregate_1,2019,45.72
hnd,sex_f,eco_sector_total,mts_aggregate_1,2020,41.42
hnd,sex_f,eco_sector_total,mts_aggregate_1,2021,45.48
hnd,sex_f,eco_sector_total,mts_aggregate_1,2022,43.84
hnd,sex_f,eco_sector_total,mts_aggregate_1,2023,44.05
hnd,sex_f,eco_sector_total,mts_aggregate_1,2024,45.13
hnd,sex_f,eco_sector_total,mts_aggregate_2,2005,42.47
hnd,sex_f,eco_sector_total,mts_aggregate_2,2006,42.23
hnd,sex_f,eco_sector_total,mts_aggregate_2,2007,42
hnd,sex_f,eco_sector_total,mts_aggregate_2,2008,41.73
hnd,sex_f,eco_sector_total,mts_aggregate_2,2009,40.59
hnd,sex_f,eco_sector_total,mts_aggregate_2,2010,41.04
hnd,sex_f,eco_sector_total,mts_aggregate_2,2011,40.46
hnd,sex_f,eco_sector_total,mts_aggregate_2,2012,40.93
hnd,sex_f,eco_sector_total,mts_aggregate_2,2013,41.63
hnd,sex_f,eco_sector_total,mts_aggregate_2,2014,41.94
hnd,sex_f,eco_sector_total,mts_aggregate_2,2015,41.83
hnd,sex_f,eco_sector_total,mts_aggregate_2,2016,42.1
hnd,sex_f,eco_sector_total,mts_aggregate_2,2017,40.74
hnd,sex_f,eco_sector_total,mts_aggregate_2,2018,41.54
hnd,sex_f,eco_sector_total,mts_aggregate_2,2019,40.39
hnd,sex_f,eco_sector_total,mts_aggregate_2,2020,34.62
hnd,sex_f,eco_sector_total,mts_aggregate_2,2021,37.83
hnd,sex_f,eco_sector_total,mts_aggregate_2,2022,38.35
hnd,sex_f,eco_sector_total,mts_aggregate_2,2023,40.02
hnd,sex_f,eco_sector_total,mts_aggregate_2,2024,41.06
hnd,sex_f,eco_sector_total,mts_aggregate_total,2005,44.5
hnd,sex_f,eco_sector_total,mts_aggregate_total,2006,45.05
hnd,sex_f,eco_sector_total,mts_aggregate_total,2007,44.33
hnd,sex_f,eco_sector_total,mts_aggregate_total,2008,43.51
hnd,sex_f,eco_sector_total,mts_aggregate_total,2009,42.38
hnd,sex_f,eco_sector_total,mts_aggregate_total,2010,42.47
hnd,sex_f,eco_sector_total,mts_aggregate_total,2011,43.15
hnd,sex_f,eco_sector_total,mts_aggregate_total,2012,44.02
hnd,sex_f,eco_sector_total,mts_aggregate_total,2013,43.85
hnd,sex_f,eco_sector_total,mts_aggregate_total,2014,45.06
hnd,sex_f,eco_sector_total,mts_aggregate_total,2015,44.1
hnd,sex_f,eco_sector_total,mts_aggregate_total,2016,44.85
hnd,sex_f,eco_sector_total,mts_aggregate_total,2017,44.25
hnd,sex_f,eco_sector_total,mts_aggregate_total,2018,44.4
hnd,sex_f,eco_sector_total,mts_aggregate_total,2019,43.76
hnd,sex_f,eco_sector_total,mts_aggregate_total,2020,39.02
hnd,sex_f,eco_sector_total,mts_aggregate_total,2021,42.31
hnd,sex_f,eco_sector_total,mts_aggregate_total,2022,41.86
hnd,sex_f,eco_sector_total,mts_aggregate_total,2023,42.57
hnd,sex_f,eco_sector_total,mts_aggregate_total,2024,43.67
hnd,sex_f,eco_sector_total,mts_details_mrd,2005,40.66
hnd,sex_f,eco_sector_total,mts_details_mrd,2006,40.63
hnd,sex_f,eco_sector_total,mts_details_mrd,2007,39.89
hnd,sex_f,eco_sector_total,mts_details_mrd,2008,40.19
hnd,sex_f,eco_sector_total,mts_details_mrd,2009,39.26
hnd,sex_f,eco_sector_total,mts_details_mrd,2010,38.33
hnd,sex_f,eco_sector_total,mts_details_mrd,2011,38.67
hnd,sex_f,eco_sector_total,mts_details_mrd,2012,39.46
hnd,sex_f,eco_sector_total,mts_details_mrd,2013,41.08
hnd,sex_f,eco_sector_total,mts_details_mrd,2014,40.94
hnd,sex_f,eco_sector_total,mts_details_mrd,2015,41.77
hnd,sex_f,eco_sector_total,mts_details_mrd,2016,41.86
hnd,sex_f,eco_sector_total,mts_details_mrd,2017,38.94
hnd,sex_f,eco_sector_total,mts_details_mrd,2018,40.14
hnd,sex_f,eco_sector_total,mts_details_mrd,2019,39.67
hnd,sex_f,eco_sector_total,mts_details_mrd,2020,36.22
hnd,sex_f,eco_sector_total,mts_details_mrd,2021,37.66
hnd,sex_f,eco_sector_total,mts_details_mrd,2022,36.34
hnd,sex_f,eco_sector_total,mts_details_mrd,2023,37.66
hnd,sex_f,eco_sector_total,mts_details_mrd,2024,37.85
hnd,sex_f,eco_sector_total,mts_details_sep,2005,44.18
hnd,sex_f,eco_sector_total,mts_details_sep,2006,44.79
hnd,sex_f,eco_sector_total,mts_details_sep,2007,44.39
hnd,sex_f,eco_sector_total,mts_details_sep,2008,41.62
hnd,sex_f,eco_sector_total,mts_details_sep,2009,44.35
hnd,sex_f,eco_sector_total,mts_details_sep,2010,43.12
hnd,sex_f,eco_sector_total,mts_details_sep,2011,43.79
hnd,sex_f,eco_sector_total,mts_details_sep,2012,44.63
hnd,sex_f,eco_sector_total,mts_details_sep,2013,45.32
hnd,sex_f,eco_sector_total,mts_details_sep,2014,43.53
hnd,sex_f,eco_sector_total,mts_details_sep,2015,41.75
hnd,sex_f,eco_sector_total,mts_details_sep,2016,45.97
hnd,sex_f,eco_sector_total,mts_details_sep,2017,42.46
hnd,sex_f,eco_sector_total,mts_details_sep,2018,39.41
hnd,sex_f,eco_sector_total,mts_details_sep,2019,43.3
hnd,sex_f,eco_sector_total,mts_details_sep,2020,41.05
hnd,sex_f,eco_sector_total,mts_details_sep,2021,40.8
hnd,sex_f,eco_sector_total,mts_details_sep,2022,44.99
hnd,sex_f,eco_sector_total,mts_details_sep,2023,41.14
hnd,sex_f,eco_sector_total,mts_details_sep,2024,41.93
hnd,sex_f,eco_sector_total,mts_details_sgle,2005,45.96
hnd,sex_f,eco_sector_total,mts_details_sgle,2006,47.03
hnd,sex_f,eco_sector_total,mts_details_sgle,2007,46.1
hnd,sex_f,eco_sector_total,mts_details_sgle,2008,44.95
hnd,sex_f,eco_sector_total,mts_details_sgle,2009,43.36
hnd,sex_f,eco_sector_total,mts_details_sgle,2010,43.41
hnd,sex_f,eco_sector_total,mts_details_sgle,2011,44.74
hnd,sex_f,eco_sector_total,mts_details_sgle,2012,45.85
hnd,sex_f,eco_sector_total,mts_details_sgle,2013,45.19
hnd,sex_f,eco_sector_total,mts_details_sgle,2014,47.52
hnd,sex_f,eco_sector_total,mts_details_sgle,2015,45.71
hnd,sex_f,eco_sector_total,mts_details_sgle,2016,46.64
hnd,sex_f,eco_sector_total,mts_details_sgle,2017,46.58
hnd,sex_f,eco_sector_total,mts_details_sgle,2018,46.93
hnd,sex_f,eco_sector_total,mts_details_sgle,2019,46.14
hnd,sex_f,eco_sector_total,mts_details_sgle,2020,42.15
hnd,sex_f,eco_sector_total,mts_details_sgle,2021,46.02
hnd,sex_f,eco_sector_total,mts_details_sgle,2022,44.14
hnd,sex_f,eco_sector_total,mts_details_sgle,2023,44.65
hnd,sex_f,eco_sector_total,mts_details_sgle,2024,45.63
hnd,sex_f,eco_sector_total,mts_details_total,2005,44.5
hnd,sex_f,eco_sector_total,mts_details_total,2006,45.05
hnd,sex_f,eco_sector_total,mts_details_total,2007,44.33
hnd,sex_f,eco_sector_total,mts_details_total,2008,43.51
hnd,sex_f,eco_sector_total,mts_details_total,2009,42.38
hnd,sex_f,eco_sector_total,mts_details_total,2010,42.47
hnd,sex_f,eco_sector_total,mts_details_total,2011,43.15
hnd,sex_f,eco_sector_total,mts_details_total,2012,44.02
hnd,sex_f,eco_sector_total,mts_details_total,2013,43.85
hnd,sex_f,eco_sector_total,mts_details_total,2014,45.06
hnd,sex_f,eco_sector_total,mts_details_total,2015,44.1
hnd,sex_f,eco_sector_total,mts_details_total,2016,44.85
hnd,sex_f,eco_sector_total,mts_details_total,2017,44.25
hnd,sex_f,eco_sector_total,mts_details_total,2018,44.4
hnd,sex_f,eco_sector_total,mts_details_total,2019,43.76
hnd,sex_f,eco_sector_total,mts_details_total,2020,39.02
hnd,sex_f,eco_sector_total,mts_details_total,2021,42.31
hnd,sex_f,eco_sector_total,mts_details_total,2022,41.86
hnd,sex_f,eco_sector_total,mts_details_total,2023,42.57
hnd,sex_f,eco_sector_total,mts_details_total,2024,43.67
hnd,sex_f,eco_sector_total,mts_details_union,2005,44.62
hnd,sex_f,eco_sector_total,mts_details_union,2006,44.32
hnd,sex_f,eco_sector_total,mts_details_union,2007,44.52
hnd,sex_f,eco_sector_total,mts_details_union,2008,43.53
hnd,sex_f,eco_sector_total,mts_details_union,2009,42.15
hnd,sex_f,eco_sector_total,mts_details_union,2010,43.72
hnd,sex_f,eco_sector_total,mts_details_union,2011,42.68
hnd,sex_f,eco_sector_total,mts_details_union,2012,42.39
hnd,sex_f,eco_sector_total,mts_details_union,2013,42.21
hnd,sex_f,eco_sector_total,mts_details_union,2014,42.91
hnd,sex_f,eco_sector_total,mts_details_union,2015,41.91
hnd,sex_f,eco_sector_total,mts_details_union,2016,42.38
hnd,sex_f,eco_sector_total,mts_details_union,2017,42.36
hnd,sex_f,eco_sector_total,mts_details_union,2018,42.58
hnd,sex_f,eco_sector_total,mts_details_union,2019,41.1
hnd,sex_f,eco_sector_total,mts_details_union,2020,33.06
hnd,sex_f,eco_sector_total,mts_details_union,2021,37.95
hnd,sex_f,eco_sector_total,mts_details_union,2022,40.04
hnd,sex_f,eco_sector_total,mts_details_union,2023,41.92
hnd,sex_f,eco_sector_total,mts_details_union,2024,43.33
hnd,sex_f,eco_sector_total,mts_details_wid,2005,45.02
hnd,sex_f,eco_sector_total,mts_details_wid,2006,45.51
hnd,sex_f,eco_sector_total,mts_details_wid,2007,40.52
hnd,sex_f,eco_sector_total,mts_details_wid,2008,39.75
hnd,sex_f,eco_sector_total,mts_details_wid,2009,41.65
hnd,sex_f,eco_sector_total,mts_details_wid,2010,41.68
hnd,sex_f,eco_sector_total,mts_details_wid,2011,44.99
hnd,sex_f,eco_sector_total,mts_details_wid,2012,42.43
hnd,sex_f,eco_sector_total,mts_details_wid,2013,42.32
hnd,sex_f,eco_sector_total,mts_details_wid,2014,39.09
hnd,sex_f,eco_sector_total,mts_details_wid,2015,48.39
hnd,sex_f,eco_sector_total,mts_details_wid,2016,44.19
hnd,sex_f,eco_sector_total,mts_details_wid,2017,47.62
hnd,sex_f,eco_sector_total,mts_details_wid,2018,39.83
hnd,sex_f,eco_sector_total,mts_details_wid,2019,40.59
hnd,sex_f,eco_sector_total,mts_details_wid,2020,24.68
hnd,sex_f,eco_sector_total,mts_details_wid,2021,36.89
hnd,sex_f,eco_sector_total,mts_details_wid,2022,33.78
hnd,sex_f,eco_sector_total,mts_details_wid,2023,32.36
hnd,sex_f,eco_sector_total,mts_details_wid,2024,40.41
hnd,sex_f,eco_sector_x,mts_aggregate_1,2005,46.6
hnd,sex_f,eco_sector_x,mts_aggregate_1,2007,48.13
hnd,sex_f,eco_sector_x,mts_aggregate_1,2008,47.13
hnd,sex_f,eco_sector_x,mts_aggregate_1,2009,43.34
hnd,sex_f,eco_sector_x,mts_aggregate_1,2010,44.32
hnd,sex_f,eco_sector_x,mts_aggregate_1,2021,42.83
hnd,sex_f,eco_sector_x,mts_aggregate_2,2007,38.57
hnd,sex_f,eco_sector_x,mts_aggregate_2,2009,43
hnd,sex_f,eco_sector_x,mts_aggregate_2,2021,38.67
hnd,sex_f,eco_sector_x,mts_aggregate_total,2005,46.6
hnd,sex_f,eco_sector_x,mts_aggregate_total,2006,42.37
hnd,sex_f,eco_sector_x,mts_aggregate_total,2007,45.47
hnd,sex_f,eco_sector_x,mts_aggregate_total,2008,42.31
hnd,sex_f,eco_sector_x,mts_aggregate_total,2009,43.18
hnd,sex_f,eco_sector_x,mts_aggregate_total,2010,44.28
hnd,sex_f,eco_sector_x,mts_aggregate_total,2021,41.09
hnd,sex_f,eco_sector_x,mts_details_mrd,2007,37.9
hnd,sex_f,eco_sector_x,mts_details_mrd,2009,42.42
hnd,sex_f,eco_sector_x,mts_details_mrd,2021,38.69
hnd,sex_f,eco_sector_x,mts_details_sgle,2005,46.6
hnd,sex_f,eco_sector_x,mts_details_sgle,2007,49.06
hnd,sex_f,eco_sector_x,mts_details_sgle,2009,43.34
hnd,sex_f,eco_sector_x,mts_details_sgle,2010,44.53
hnd,sex_f,eco_sector_x,mts_details_sgle,2021,42.83
hnd,sex_f,eco_sector_x,mts_details_total,2005,46.6
hnd,sex_f,eco_sector_x,mts_details_total,2006,42.37
hnd,sex_f,eco_sector_x,mts_details_total,2007,45.47
hnd,sex_f,eco_sector_x,mts_details_total,2008,42.31
hnd,sex_f,eco_sector_x,mts_details_total,2009,43.18
hnd,sex_f,eco_sector_x,mts_details_total,2010,44.28
hnd,sex_f,eco_sector_x,mts_details_total,2021,41.09
hnd,sex_f,eco_sector_x,mts_details_union,2009,43.52
hnd,sex_f,eco_sector_x,mts_details_union,2021,38.64
hnd,sex_m,eco_aggregate_agr,mts_aggregate_1,2005,38.66
hnd,sex_m,eco_aggregate_agr,mts_aggregate_1,2006,37.81
hnd,sex_m,eco_aggregate_agr,mts_aggregate_1,2007,35.82
hnd,sex_m,eco_aggregate_agr,mts_aggregate_1,2008,35.18
hnd,sex_m,eco_aggregate_agr,mts_aggregate_1,2009,33.99
hnd,sex_m,eco_aggregate_agr,mts_aggregate_1,2010,33.7
hnd,sex_m,eco_aggregate_agr,mts_aggregate_1,2011,35.25
hnd,sex_m,eco_aggregate_agr,mts_aggregate_1,2012,36.58
hnd,sex_m,eco_aggregate_agr,mts_aggregate_1,2013,32.48
hnd,sex_m,eco_aggregate_agr,mts_aggregate_1,2014,31.3
hnd,sex_m,eco_aggregate_agr,mts_aggregate_1,2015,31.55
hnd,sex_m,eco_aggregate_agr,mts_aggregate_1,2016,33.11
hnd,sex_m,eco_aggregate_agr,mts_aggregate_1,2017,34
hnd,sex_m,eco_aggregate_agr,mts_aggregate_1,2018,37.09
hnd,sex_m,eco_aggregate_agr,mts_aggregate_1,2019,37.63
hnd,sex_m,eco_aggregate_agr,mts_aggregate_1,2020,37.62
hnd,sex_m,eco_aggregate_agr,mts_aggregate_1,2021,35.98
hnd,sex_m,eco_aggregate_agr,mts_aggregate_1,2022,35.26
hnd,sex_m,eco_aggregate_agr,mts_aggregate_1,2023,37.16
hnd,sex_m,eco_aggregate_agr,mts_aggregate_1,2024,37.97
hnd,sex_m,eco_aggregate_agr,mts_aggregate_2,2005,42.73
hnd,sex_m,eco_aggregate_agr,mts_aggregate_2,2006,40.71
hnd,sex_m,eco_aggregate_agr,mts_aggregate_2,2007,42.41
hnd,sex_m,eco_aggregate_agr,mts_aggregate_2,2008,39.85
hnd,sex_m,eco_aggregate_agr,mts_aggregate_2,2009,38.93
hnd,sex_m,eco_aggregate_agr,mts_aggregate_2,2010,37.83
hnd,sex_m,eco_aggregate_agr,mts_aggregate_2,2011,40.33
hnd,sex_m,eco_aggregate_agr,mts_aggregate_2,2012,42
hnd,sex_m,eco_aggregate_agr,mts_aggregate_2,2013,41
hnd,sex_m,eco_aggregate_agr,mts_aggregate_2,2014,36.31
hnd,sex_m,eco_aggregate_agr,mts_aggregate_2,2015,37.17
hnd,sex_m,eco_aggregate_agr,mts_aggregate_2,2016,40.2
hnd,sex_m,eco_aggregate_agr,mts_aggregate_2,2017,38.72
hnd,sex_m,eco_aggregate_agr,mts_aggregate_2,2018,41.25
hnd,sex_m,eco_aggregate_agr,mts_aggregate_2,2019,41.69
hnd,sex_m,eco_aggregate_agr,mts_aggregate_2,2020,42.7
hnd,sex_m,eco_aggregate_agr,mts_aggregate_2,2021,41.07
hnd,sex_m,eco_aggregate_agr,mts_aggregate_2,2022,39.76
hnd,sex_m,eco_aggregate_agr,mts_aggregate_2,2023,39.29
hnd,sex_m,eco_aggregate_agr,mts_aggregate_2,2024,41.44
hnd,sex_m,eco_aggregate_agr,mts_aggregate_total,2005,40.95
hnd,sex_m,eco_aggregate_agr,mts_aggregate_total,2006,39.35
hnd,sex_m,eco_aggregate_agr,mts_aggregate_total,2007,38.99
hnd,sex_m,eco_aggregate_agr,mts_aggregate_total,2008,37.39
hnd,sex_m,eco_aggregate_agr,mts_aggregate_total,2009,36.28
hnd,sex_m,eco_aggregate_agr,mts_aggregate_total,2010,35.62
hnd,sex_m,eco_aggregate_agr,mts_aggregate_total,2011,37.8
hnd,sex_m,eco_aggregate_agr,mts_aggregate_total,2012,39.05
hnd,sex_m,eco_aggregate_agr,mts_aggregate_total,2013,36.59
hnd,sex_m,eco_aggregate_agr,mts_aggregate_total,2014,33.84
hnd,sex_m,eco_aggregate_agr,mts_aggregate_total,2015,34.58
hnd,sex_m,eco_aggregate_agr,mts_aggregate_total,2016,36.77
hnd,sex_m,eco_aggregate_agr,mts_aggregate_total,2017,36.34
hnd,sex_m,eco_aggregate_agr,mts_aggregate_total,2018,39.42
hnd,sex_m,eco_aggregate_agr,mts_aggregate_total,2019,39.79
hnd,sex_m,eco_aggregate_agr,mts_aggregate_total,2020,40.43
hnd,sex_m,eco_aggregate_agr,mts_aggregate_total,2021,38.86
hnd,sex_m,eco_aggregate_agr,mts_aggregate_total,2022,38.05
hnd,sex_m,eco_aggregate_agr,mts_aggregate_total,2023,38.35
hnd,sex_m,eco_aggregate_agr,mts_aggregate_total,2024,40.04
hnd,sex_m,eco_aggregate_agr,mts_details_mrd,2005,43.06
hnd,sex_m,eco_aggregate_agr,mts_details_mrd,2006,39.77
hnd,sex_m,eco_aggregate_agr,mts_details_mrd,2007,42.82
hnd,sex_m,eco_aggregate_agr,mts_details_mrd,2008,39.09
hnd,sex_m,eco_aggregate_agr,mts_details_mrd,2009,38.48
hnd,sex_m,eco_aggregate_agr,mts_details_mrd,2010,38.38
hnd,sex_m,eco_aggregate_agr,mts_details_mrd,2011,39.27
hnd,sex_m,eco_aggregate_agr,mts_details_mrd,2012,42.41
hnd,sex_m,eco_aggregate_agr,mts_details_mrd,2013,43.03
hnd,sex_m,eco_aggregate_agr,mts_details_mrd,2014,34.54
hnd,sex_m,eco_aggregate_agr,mts_details_mrd,2015,37.74
hnd,sex_m,eco_aggregate_agr,mts_details_mrd,2016,38.89
hnd,sex_m,eco_aggregate_agr,mts_details_mrd,2017,39.29
hnd,sex_m,eco_aggregate_agr,mts_details_mrd,2018,41.67
hnd,sex_m,eco_aggregate_agr,mts_details_mrd,2019,42.3
hnd,sex_m,eco_aggregate_agr,mts_details_mrd,2020,41.2
hnd,sex_m,eco_aggregate_agr,mts_details_mrd,2021,40.52
hnd,sex_m,eco_aggregate_agr,mts_details_mrd,2022,40.7
hnd,sex_m,eco_aggregate_agr,mts_details_mrd,2023,38.73
hnd,sex_m,eco_aggregate_agr,mts_details_mrd,2024,40.2
hnd,sex_m,eco_aggregate_agr,mts_details_sep,2005,36.73
hnd,sex_m,eco_aggregate_agr,mts_details_sep,2006,37.05
hnd,sex_m,eco_aggregate_agr,mts_details_sep,2007,40.03
hnd,sex_m,eco_aggregate_agr,mts_details_sep,2008,36.48
hnd,sex_m,eco_aggregate_agr,mts_details_sep,2009,37.92
hnd,sex_m,eco_aggregate_agr,mts_details_sep,2010,35.64
hnd,sex_m,eco_aggregate_agr,mts_details_sep,2011,43.44
hnd,sex_m,eco_aggregate_agr,mts_details_sep,2012,36.54
hnd,sex_m,eco_aggregate_agr,mts_details_sep,2013,37.05
hnd,sex_m,eco_aggregate_agr,mts_details_sep,2015,37
hnd,sex_m,eco_aggregate_agr,mts_details_sep,2016,29.42
hnd,sex_m,eco_aggregate_agr,mts_details_sep,2017,39.66
hnd,sex_m,eco_aggregate_agr,mts_details_sep,2021,37.58
hnd,sex_m,eco_aggregate_agr,mts_details_sep,2022,49.21
hnd,sex_m,eco_aggregate_agr,mts_details_sep,2023,33.37
hnd,sex_m,eco_aggregate_agr,mts_details_sep,2024,39.94
hnd,sex_m,eco_aggregate_agr,mts_details_sgle,2005,38.55
hnd,sex_m,eco_aggregate_agr,mts_details_sgle,2006,37.74
hnd,sex_m,eco_aggregate_agr,mts_details_sgle,2007,35.69
hnd,sex_m,eco_aggregate_agr,mts_details_sgle,2008,35.18
hnd,sex_m,eco_aggregate_agr,mts_details_sgle,2009,33.92
hnd,sex_m,eco_aggregate_agr,mts_details_sgle,2010,33.58
hnd,sex_m,eco_aggregate_agr,mts_details_sgle,2011,34.88
hnd,sex_m,eco_aggregate_agr,mts_details_sgle,2012,36.67
hnd,sex_m,eco_aggregate_agr,mts_details_sgle,2013,32.27
hnd,sex_m,eco_aggregate_agr,mts_details_sgle,2014,31.28
hnd,sex_m,eco_aggregate_agr,mts_details_sgle,2015,31.52
hnd,sex_m,eco_aggregate_agr,mts_details_sgle,2016,33.15
hnd,sex_m,eco_aggregate_agr,mts_details_sgle,2017,33.91
hnd,sex_m,eco_aggregate_agr,mts_details_sgle,2018,36.98
hnd,sex_m,eco_aggregate_agr,mts_details_sgle,2019,37.37
hnd,sex_m,eco_aggregate_agr,mts_details_sgle,2020,37.78
hnd,sex_m,eco_aggregate_agr,mts_details_sgle,2021,35.93
hnd,sex_m,eco_aggregate_agr,mts_details_sgle,2022,34.82
hnd,sex_m,eco_aggregate_agr,mts_details_sgle,2023,37.37
hnd,sex_m,eco_aggregate_agr,mts_details_sgle,2024,37.79
hnd,sex_m,eco_aggregate_agr,mts_details_total,2005,40.95
hnd,sex_m,eco_aggregate_agr,mts_details_total,2006,39.35
hnd,sex_m,eco_aggregate_agr,mts_details_total,2007,38.99
hnd,sex_m,eco_aggregate_agr,mts_details_total,2008,37.39
hnd,sex_m,eco_aggregate_agr,mts_details_total,2009,36.28
hnd,sex_m,eco_aggregate_agr,mts_details_total,2010,35.62
hnd,sex_m,eco_aggregate_agr,mts_details_total,2011,37.8
hnd,sex_m,eco_aggregate_agr,mts_details_total,2012,39.05
hnd,sex_m,eco_aggregate_agr,mts_details_total,2013,36.59
hnd,sex_m,eco_aggregate_agr,mts_details_total,2014,33.84
hnd,sex_m,eco_aggregate_agr,mts_details_total,2015,34.58
hnd,sex_m,eco_aggregate_agr,mts_details_total,2016,36.77
hnd,sex_m,eco_aggregate_agr,mts_details_total,2017,36.34
hnd,sex_m,eco_aggregate_agr,mts_details_total,2018,39.42
hnd,sex_m,eco_aggregate_agr,mts_details_total,2019,39.79
hnd,sex_m,eco_aggregate_agr,mts_details_total,2020,40.43
hnd,sex_m,eco_aggregate_agr,mts_details_total,2021,38.86
hnd,sex_m,eco_aggregate_agr,mts_details_total,2022,38.05
hnd,sex_m,eco_aggregate_agr,mts_details_total,2023,38.35
hnd,sex_m,eco_aggregate_agr,mts_details_total,2024,40.04
hnd,sex_m,eco_aggregate_agr,mts_details_union,2005,42.59
hnd,sex_m,eco_aggregate_agr,mts_details_union,2006,41.17
hnd,sex_m,eco_aggregate_agr,mts_details_union,2007,42.21
hnd,sex_m,eco_aggregate_agr,mts_details_union,2008,40.26
hnd,sex_m,eco_aggregate_agr,mts_details_union,2009,39.14
hnd,sex_m,eco_aggregate_agr,mts_details_union,2010,37.55
hnd,sex_m,eco_aggregate_agr,mts_details_union,2011,40.83
hnd,sex_m,eco_aggregate_agr,mts_details_union,2012,41.79
hnd,sex_m,eco_aggregate_agr,mts_details_union,2013,40.07
hnd,sex_m,eco_aggregate_agr,mts_details_union,2014,36.96
hnd,sex_m,eco_aggregate_agr,mts_details_union,2015,36.91
hnd,sex_m,eco_aggregate_agr,mts_details_union,2016,40.73
hnd,sex_m,eco_aggregate_agr,mts_details_union,2017,38.49
hnd,sex_m,eco_aggregate_agr,mts_details_union,2018,41.07
hnd,sex_m,eco_aggregate_agr,mts_details_union,2019,41.4
hnd,sex_m,eco_aggregate_agr,mts_details_union,2020,43.43
hnd,sex_m,eco_aggregate_agr,mts_details_union,2021,41.36
hnd,sex_m,eco_aggregate_agr,mts_details_union,2022,39.39
hnd,sex_m,eco_aggregate_agr,mts_details_union,2023,39.56
hnd,sex_m,eco_aggregate_agr,mts_details_union,2024,42.04
hnd,sex_m,eco_aggregate_agr,mts_details_wid,2005,44.28
hnd,sex_m,eco_aggregate_agr,mts_details_wid,2006,41.08
hnd,sex_m,eco_aggregate_agr,mts_details_wid,2007,36.5
hnd,sex_m,eco_aggregate_agr,mts_details_wid,2008,33.62
hnd,sex_m,eco_aggregate_agr,mts_details_wid,2009,33.94
hnd,sex_m,eco_aggregate_agr,mts_details_wid,2010,42.35
hnd,sex_m,eco_aggregate_agr,mts_details_wid,2011,43.03
hnd,sex_m,eco_aggregate_agr,mts_details_wid,2012,29
hnd,sex_m,eco_aggregate_agr,mts_details_wid,2013,39.12
hnd,sex_m,eco_aggregate_agr,mts_details_wid,2015,29.3
hnd,sex_m,eco_aggregate_agr,mts_details_wid,2017,32.71
hnd,sex_m,eco_aggregate_agr,mts_details_wid,2019,42.86
hnd,sex_m,eco_aggregate_agr,mts_details_wid,2021,36.42
hnd,sex_m,eco_aggregate_agr,mts_details_wid,2023,31.29
hnd,sex_m,eco_aggregate_agr,mts_details_wid,2024,43.23
hnd,sex_m,eco_aggregate_con,mts_aggregate_1,2005,42.86
hnd,sex_m,eco_aggregate_con,mts_aggregate_1,2006,45.01
hnd,sex_m,eco_aggregate_con,mts_aggregate_1,2007,43.94
hnd,sex_m,eco_aggregate_con,mts_aggregate_1,2008,43.03
hnd,sex_m,eco_aggregate_con,mts_aggregate_1,2009,42.2
hnd,sex_m,eco_aggregate_con,mts_aggregate_1,2010,40.7
hnd,sex_m,eco_aggregate_con,mts_aggregate_1,2011,41.45
hnd,sex_m,eco_aggregate_con,mts_aggregate_1,2012,43.03
hnd,sex_m,eco_aggregate_con,mts_aggregate_1,2013,40.36
hnd,sex_m,eco_aggregate_con,mts_aggregate_1,2014,40.04
hnd,sex_m,eco_aggregate_con,mts_aggregate_1,2015,42.54
hnd,sex_m,eco_aggregate_con,mts_aggregate_1,2016,43.62
hnd,sex_m,eco_aggregate_con,mts_aggregate_1,2017,43.62
hnd,sex_m,eco_aggregate_con,mts_aggregate_1,2018,42.95
hnd,sex_m,eco_aggregate_con,mts_aggregate_1,2019,42.82
hnd,sex_m,eco_aggregate_con,mts_aggregate_1,2020,47.4
hnd,sex_m,eco_aggregate_con,mts_aggregate_1,2021,44.14
hnd,sex_m,eco_aggregate_con,mts_aggregate_1,2022,43.25
hnd,sex_m,eco_aggregate_con,mts_aggregate_1,2023,43.71
hnd,sex_m,eco_aggregate_con,mts_aggregate_1,2024,45.09
hnd,sex_m,eco_aggregate_con,mts_aggregate_2,2005,45.61
hnd,sex_m,eco_aggregate_con,mts_aggregate_2,2006,47.42
hnd,sex_m,eco_aggregate_con,mts_aggregate_2,2007,46.48
hnd,sex_m,eco_aggregate_con,mts_aggregate_2,2008,45.66
hnd,sex_m,eco_aggregate_con,mts_aggregate_2,2009,45.76
hnd,sex_m,eco_aggregate_con,mts_aggregate_2,2010,45.32
hnd,sex_m,eco_aggregate_con,mts_aggregate_2,2011,44.68
hnd,sex_m,eco_aggregate_con,mts_aggregate_2,2012,47.79
hnd,sex_m,eco_aggregate_con,mts_aggregate_2,2013,42.94
hnd,sex_m,eco_aggregate_con,mts_aggregate_2,2014,45.24
hnd,sex_m,eco_aggregate_con,mts_aggregate_2,2015,45.05
hnd,sex_m,eco_aggregate_con,mts_aggregate_2,2016,45.78
hnd,sex_m,eco_aggregate_con,mts_aggregate_2,2017,47.21
hnd,sex_m,eco_aggregate_con,mts_aggregate_2,2018,48.12
hnd,sex_m,eco_aggregate_con,mts_aggregate_2,2019,46.7
hnd,sex_m,eco_aggregate_con,mts_aggregate_2,2020,47.66
hnd,sex_m,eco_aggregate_con,mts_aggregate_2,2021,47.1
hnd,sex_m,eco_aggregate_con,mts_aggregate_2,2022,46.95
hnd,sex_m,eco_aggregate_con,mts_aggregate_2,2023,45.86
hnd,sex_m,eco_aggregate_con,mts_aggregate_2,2024,46.76
hnd,sex_m,eco_aggregate_con,mts_aggregate_total,2005,44.37
hnd,sex_m,eco_aggregate_con,mts_aggregate_total,2006,46.24
hnd,sex_m,eco_aggregate_con,mts_aggregate_total,2007,45.27
hnd,sex_m,eco_aggregate_con,mts_aggregate_total,2008,44.31
hnd,sex_m,eco_aggregate_con,mts_aggregate_total,2009,43.97
hnd,sex_m,eco_aggregate_con,mts_aggregate_total,2010,43
hnd,sex_m,eco_aggregate_con,mts_aggregate_total,2011,43.18
hnd,sex_m,eco_aggregate_con,mts_aggregate_total,2012,45.74
hnd,sex_m,eco_aggregate_con,mts_aggregate_total,2013,41.78
hnd,sex_m,eco_aggregate_con,mts_aggregate_total,2014,43.01
hnd,sex_m,eco_aggregate_con,mts_aggregate_total,2015,43.93
hnd,sex_m,eco_aggregate_con,mts_aggregate_total,2016,44.9
hnd,sex_m,eco_aggregate_con,mts_aggregate_total,2017,45.73
hnd,sex_m,eco_aggregate_con,mts_aggregate_total,2018,45.87
hnd,sex_m,eco_aggregate_con,mts_aggregate_total,2019,44.94
hnd,sex_m,eco_aggregate_con,mts_aggregate_total,2020,47.58
hnd,sex_m,eco_aggregate_con,mts_aggregate_total,2021,45.89
hnd,sex_m,eco_aggregate_con,mts_aggregate_total,2022,45.43
hnd,sex_m,eco_aggregate_con,mts_aggregate_total,2023,45.01
hnd,sex_m,eco_aggregate_con,mts_aggregate_total,2024,46.1
hnd,sex_m,eco_aggregate_con,mts_details_mrd,2005,44.18
hnd,sex_m,eco_aggregate_con,mts_details_mrd,2006,47.59
hnd,sex_m,eco_aggregate_con,mts_details_mrd,2007,45.95
hnd,sex_m,eco_aggregate_con,mts_details_mrd,2008,45.56
hnd,sex_m,eco_aggregate_con,mts_details_mrd,2009,45.76
hnd,sex_m,eco_aggregate_con,mts_details_mrd,2010,43.95
hnd,sex_m,eco_aggregate_con,mts_details_mrd,2011,46.51
hnd,sex_m,eco_aggregate_con,mts_details_mrd,2012,49.91
hnd,sex_m,eco_aggregate_con,mts_details_mrd,2013,42.51
hnd,sex_m,eco_aggregate_con,mts_details_mrd,2014,42.99
hnd,sex_m,eco_aggregate_con,mts_details_mrd,2015,45.51
hnd,sex_m,eco_aggregate_con,mts_details_mrd,2016,47.98
hnd,sex_m,eco_aggregate_con,mts_details_mrd,2017,46.48
hnd,sex_m,eco_aggregate_con,mts_details_mrd,2018,44.51
hnd,sex_m,eco_aggregate_con,mts_details_mrd,2019,46.91
hnd,sex_m,eco_aggregate_con,mts_details_mrd,2020,49.43
hnd,sex_m,eco_aggregate_con,mts_details_mrd,2021,47.74
hnd,sex_m,eco_aggregate_con,mts_details_mrd,2022,46.12
hnd,sex_m,eco_aggregate_con,mts_details_mrd,2023,43.58
hnd,sex_m,eco_aggregate_con,mts_details_mrd,2024,46.19
hnd,sex_m,eco_aggregate_con,mts_details_sep,2006,51.69
hnd,sex_m,eco_aggregate_con,mts_details_sep,2007,45.93
hnd,sex_m,eco_aggregate_con,mts_details_sep,2008,36.45
hnd,sex_m,eco_aggregate_con,mts_details_sep,2009,46.96
hnd,sex_m,eco_aggregate_con,mts_details_sep,2013,42.89
hnd,sex_m,eco_aggregate_con,mts_details_sep,2018,45.43
hnd,sex_m,eco_aggregate_con,mts_details_sep,2021,30.93
hnd,sex_m,eco_aggregate_con,mts_details_sep,2022,40.45
hnd,sex_m,eco_aggregate_con,mts_details_sep,2023,30.92
hnd,sex_m,eco_aggregate_con,mts_details_sep,2024,44.22
hnd,sex_m,eco_aggregate_con,mts_details_sgle,2005,42.61
hnd,sex_m,eco_aggregate_con,mts_details_sgle,2006,44.87
hnd,sex_m,eco_aggregate_con,mts_details_sgle,2007,43.82
hnd,sex_m,eco_aggregate_con,mts_details_sgle,2008,43.1
hnd,sex_m,eco_aggregate_con,mts_details_sgle,2009,42.11
hnd,sex_m,eco_aggregate_con,mts_details_sgle,2010,40.74
hnd,sex_m,eco_aggregate_con,mts_details_sgle,2011,41.6
hnd,sex_m,eco_aggregate_con,mts_details_sgle,2012,42.87
hnd,sex_m,eco_aggregate_con,mts_details_sgle,2013,40.45
hnd,sex_m,eco_aggregate_con,mts_details_sgle,2014,39.77
hnd,sex_m,eco_aggregate_con,mts_details_sgle,2015,42.64
hnd,sex_m,eco_aggregate_con,mts_details_sgle,2016,43.76
hnd,sex_m,eco_aggregate_con,mts_details_sgle,2017,43.62
hnd,sex_m,eco_aggregate_con,mts_details_sgle,2018,42.74
hnd,sex_m,eco_aggregate_con,mts_details_sgle,2019,43.26
hnd,sex_m,eco_aggregate_con,mts_details_sgle,2020,47.46
hnd,sex_m,eco_aggregate_con,mts_details_sgle,2021,44.32
hnd,sex_m,eco_aggregate_con,mts_details_sgle,2022,43.5
hnd,sex_m,eco_aggregate_con,mts_details_sgle,2023,44.51
hnd,sex_m,eco_aggregate_con,mts_details_sgle,2024,45.14
hnd,sex_m,eco_aggregate_con,mts_details_total,2005,44.37
hnd,sex_m,eco_aggregate_con,mts_details_total,2006,46.24
hnd,sex_m,eco_aggregate_con,mts_details_total,2007,45.27
hnd,sex_m,eco_aggregate_con,mts_details_total,2008,44.31
hnd,sex_m,eco_aggregate_con,mts_details_total,2009,43.97
hnd,sex_m,eco_aggregate_con,mts_details_total,2010,43
hnd,sex_m,eco_aggregate_con,mts_details_total,2011,43.18
hnd,sex_m,eco_aggregate_con,mts_details_total,2012,45.74
hnd,sex_m,eco_aggregate_con,mts_details_total,2013,41.78
hnd,sex_m,eco_aggregate_con,mts_details_total,2014,43.01
hnd,sex_m,eco_aggregate_con,mts_details_total,2015,43.93
hnd,sex_m,eco_aggregate_con,mts_details_total,2016,44.9
hnd,sex_m,eco_aggregate_con,mts_details_total,2017,45.73
hnd,sex_m,eco_aggregate_con,mts_details_total,2018,45.87
hnd,sex_m,eco_aggregate_con,mts_details_total,2019,44.94
hnd,sex_m,eco_aggregate_con,mts_details_total,2020,47.58
hnd,sex_m,eco_aggregate_con,mts_details_total,2021,45.89
hnd,sex_m,eco_aggregate_con,mts_details_total,2022,45.43
hnd,sex_m,eco_aggregate_con,mts_details_total,2023,45.01
hnd,sex_m,eco_aggregate_con,mts_details_total,2024,46.1
hnd,sex_m,eco_aggregate_con,mts_details_union,2005,46.43
hnd,sex_m,eco_aggregate_con,mts_details_union,2006,47.34
hnd,sex_m,eco_aggregate_con,mts_details_union,2007,46.76
hnd,sex_m,eco_aggregate_con,mts_details_union,2008,45.7
hnd,sex_m,eco_aggregate_con,mts_details_union,2009,45.77
hnd,sex_m,eco_aggregate_con,mts_details_union,2010,45.93
hnd,sex_m,eco_aggregate_con,mts_details_union,2011,43.68
hnd,sex_m,eco_aggregate_con,mts_details_union,2012,46.86
hnd,sex_m,eco_aggregate_con,mts_details_union,2013,43.17
hnd,sex_m,eco_aggregate_con,mts_details_union,2014,46.07
hnd,sex_m,eco_aggregate_con,mts_details_union,2015,44.78
hnd,sex_m,eco_aggregate_con,mts_details_union,2016,44.7
hnd,sex_m,eco_aggregate_con,mts_details_union,2017,47.48
hnd,sex_m,eco_aggregate_con,mts_details_union,2018,49.36
hnd,sex_m,eco_aggregate_con,mts_details_union,2019,46.55
hnd,sex_m,eco_aggregate_con,mts_details_union,2020,46.49
hnd,sex_m,eco_aggregate_con,mts_details_union,2021,46.8
hnd,sex_m,eco_aggregate_con,mts_details_union,2022,47.33
hnd,sex_m,eco_aggregate_con,mts_details_union,2023,47.19
hnd,sex_m,eco_aggregate_con,mts_details_union,2024,47.05
hnd,sex_m,eco_aggregate_con,mts_details_wid,2007,53.84
hnd,sex_m,eco_aggregate_con,mts_details_wid,2008,48
hnd,sex_m,eco_aggregate_con,mts_details_wid,2018,44.9
hnd,sex_m,eco_aggregate_man,mts_aggregate_1,2005,47.69
hnd,sex_m,eco_aggregate_man,mts_aggregate_1,2006,47.57
hnd,sex_m,eco_aggregate_man,mts_aggregate_1,2007,47.35
hnd,sex_m,eco_aggregate_man,mts_aggregate_1,2008,47.52
hnd,sex_m,eco_aggregate_man,mts_aggregate_1,2009,45.53
hnd,sex_m,eco_aggregate_man,mts_aggregate_1,2010,45.71
hnd,sex_m,eco_aggregate_man,mts_aggregate_1,2011,45.19
hnd,sex_m,eco_aggregate_man,mts_aggregate_1,2012,46.43
hnd,sex_m,eco_aggregate_man,mts_aggregate_1,2013,46.57
hnd,sex_m,eco_aggregate_man,mts_aggregate_1,2014,47.1
hnd,sex_m,eco_aggregate_man,mts_aggregate_1,2015,46.2
hnd,sex_m,eco_aggregate_man,mts_aggregate_1,2016,46.96
hnd,sex_m,eco_aggregate_man,mts_aggregate_1,2017,45.2
hnd,sex_m,eco_aggregate_man,mts_aggregate_1,2018,47.64
hnd,sex_m,eco_aggregate_man,mts_aggregate_1,2019,45.53
hnd,sex_m,eco_aggregate_man,mts_aggregate_1,2020,48.9
hnd,sex_m,eco_aggregate_man,mts_aggregate_1,2021,47.98
hnd,sex_m,eco_aggregate_man,mts_aggregate_1,2022,48.83
hnd,sex_m,eco_aggregate_man,mts_aggregate_1,2023,48.74
hnd,sex_m,eco_aggregate_man,mts_aggregate_1,2024,46.54
hnd,sex_m,eco_aggregate_man,mts_aggregate_2,2005,50.94
hnd,sex_m,eco_aggregate_man,mts_aggregate_2,2006,50.83
hnd,sex_m,eco_aggregate_man,mts_aggregate_2,2007,51.18
hnd,sex_m,eco_aggregate_man,mts_aggregate_2,2008,51.08
hnd,sex_m,eco_aggregate_man,mts_aggregate_2,2009,48.74
hnd,sex_m,eco_aggregate_man,mts_aggregate_2,2010,48.64
hnd,sex_m,eco_aggregate_man,mts_aggregate_2,2011,50.77
hnd,sex_m,eco_aggregate_man,mts_aggregate_2,2012,49.27
hnd,sex_m,eco_aggregate_man,mts_aggregate_2,2013,50.13
hnd,sex_m,eco_aggregate_man,mts_aggregate_2,2014,51.08
hnd,sex_m,eco_aggregate_man,mts_aggregate_2,2015,50.4
hnd,sex_m,eco_aggregate_man,mts_aggregate_2,2016,51.37
hnd,sex_m,eco_aggregate_man,mts_aggregate_2,2017,50.88
hnd,sex_m,eco_aggregate_man,mts_aggregate_2,2018,52.51
hnd,sex_m,eco_aggregate_man,mts_aggregate_2,2019,50.82
hnd,sex_m,eco_aggregate_man,mts_aggregate_2,2020,49.86
hnd,sex_m,eco_aggregate_man,mts_aggregate_2,2021,51.2
hnd,sex_m,eco_aggregate_man,mts_aggregate_2,2022,51.01
hnd,sex_m,eco_aggregate_man,mts_aggregate_2,2023,48.47
hnd,sex_m,eco_aggregate_man,mts_aggregate_2,2024,53.43
hnd,sex_m,eco_aggregate_man,mts_aggregate_total,2005,49.59
hnd,sex_m,eco_aggregate_man,mts_aggregate_total,2006,49.55
hnd,sex_m,eco_aggregate_man,mts_aggregate_total,2007,49.7
hnd,sex_m,eco_aggregate_man,mts_aggregate_total,2008,49.67
hnd,sex_m,eco_aggregate_man,mts_aggregate_total,2009,47.46
hnd,sex_m,eco_aggregate_man,mts_aggregate_total,2010,47.33
hnd,sex_m,eco_aggregate_man,mts_aggregate_total,2011,48.5
hnd,sex_m,eco_aggregate_man,mts_aggregate_total,2012,48.06
hnd,sex_m,eco_aggregate_man,mts_aggregate_total,2013,48.73
hnd,sex_m,eco_aggregate_man,mts_aggregate_total,2014,49.61
hnd,sex_m,eco_aggregate_man,mts_aggregate_total,2015,48.85
hnd,sex_m,eco_aggregate_man,mts_aggregate_total,2016,49.68
hnd,sex_m,eco_aggregate_man,mts_aggregate_total,2017,48.9
hnd,sex_m,eco_aggregate_man,mts_aggregate_total,2018,50.47
hnd,sex_m,eco_aggregate_man,mts_aggregate_total,2019,48.87
hnd,sex_m,eco_aggregate_man,mts_aggregate_total,2020,49.44
hnd,sex_m,eco_aggregate_man,mts_aggregate_total,2021,49.68
hnd,sex_m,eco_aggregate_man,mts_aggregate_total,2022,50.1
hnd,sex_m,eco_aggregate_man,mts_aggregate_total,2023,48.6
hnd,sex_m,eco_aggregate_man,mts_aggregate_total,2024,50.26
hnd,sex_m,eco_aggregate_man,mts_details_mrd,2005,50.84
hnd,sex_m,eco_aggregate_man,mts_details_mrd,2006,50.84
hnd,sex_m,eco_aggregate_man,mts_details_mrd,2007,51.83
hnd,sex_m,eco_aggregate_man,mts_details_mrd,2008,50.74
hnd,sex_m,eco_aggregate_man,mts_details_mrd,2009,48.98
hnd,sex_m,eco_aggregate_man,mts_details_mrd,2010,48.68
hnd,sex_m,eco_aggregate_man,mts_details_mrd,2011,49.27
hnd,sex_m,eco_aggregate_man,mts_details_mrd,2012,50.04
hnd,sex_m,eco_aggregate_man,mts_details_mrd,2013,50.64
hnd,sex_m,eco_aggregate_man,mts_details_mrd,2014,52.08
hnd,sex_m,eco_aggregate_man,mts_details_mrd,2015,50.92
hnd,sex_m,eco_aggregate_man,mts_details_mrd,2016,51.04
hnd,sex_m,eco_aggregate_man,mts_details_mrd,2017,50.5
hnd,sex_m,eco_aggregate_man,mts_details_mrd,2018,50.98
hnd,sex_m,eco_aggregate_man,mts_details_mrd,2019,49.79
hnd,sex_m,eco_aggregate_man,mts_details_mrd,2020,49.09
hnd,sex_m,eco_aggregate_man,mts_details_mrd,2021,50.7
hnd,sex_m,eco_aggregate_man,mts_details_mrd,2022,52.99
hnd,sex_m,eco_aggregate_man,mts_details_mrd,2023,48.8
hnd,sex_m,eco_aggregate_man,mts_details_mrd,2024,53.12
hnd,sex_m,eco_aggregate_man,mts_details_sep,2005,50.61
hnd,sex_m,eco_aggregate_man,mts_details_sep,2006,50.85
hnd,sex_m,eco_aggregate_man,mts_details_sep,2007,49.73
hnd,sex_m,eco_aggregate_man,mts_details_sep,2008,47.24
hnd,sex_m,eco_aggregate_man,mts_details_sep,2009,45.6
hnd,sex_m,eco_aggregate_man,mts_details_sep,2011,51.14
hnd,sex_m,eco_aggregate_man,mts_details_sep,2012,43.45
hnd,sex_m,eco_aggregate_man,mts_details_sep,2013,54.24
hnd,sex_m,eco_aggregate_man,mts_details_sep,2014,55.44
hnd,sex_m,eco_aggregate_man,mts_details_sep,2015,52.97
hnd,sex_m,eco_aggregate_man,mts_details_sep,2016,40.99
hnd,sex_m,eco_aggregate_man,mts_details_sep,2018,47.41
hnd,sex_m,eco_aggregate_man,mts_details_sep,2021,51.64
hnd,sex_m,eco_aggregate_man,mts_details_sep,2022,41.62
hnd,sex_m,eco_aggregate_man,mts_details_sep,2023,40.12
hnd,sex_m,eco_aggregate_man,mts_details_sgle,2005,47.55
hnd,sex_m,eco_aggregate_man,mts_details_sgle,2006,47.47
hnd,sex_m,eco_aggregate_man,mts_details_sgle,2007,47.3
hnd,sex_m,eco_aggregate_man,mts_details_sgle,2008,47.49
hnd,sex_m,eco_aggregate_man,mts_details_sgle,2009,45.51
hnd,sex_m,eco_aggregate_man,mts_details_sgle,2010,45.84
hnd,sex_m,eco_aggregate_man,mts_details_sgle,2011,44.92
hnd,sex_m,eco_aggregate_man,mts_details_sgle,2012,46.32
hnd,sex_m,eco_aggregate_man,mts_details_sgle,2013,46.38
hnd,sex_m,eco_aggregate_man,mts_details_sgle,2014,46.78
hnd,sex_m,eco_aggregate_man,mts_details_sgle,2015,46.04
hnd,sex_m,eco_aggregate_man,mts_details_sgle,2016,46.88
hnd,sex_m,eco_aggregate_man,mts_details_sgle,2017,45.39
hnd,sex_m,eco_aggregate_man,mts_details_sgle,2018,47.83
hnd,sex_m,eco_aggregate_man,mts_details_sgle,2019,45.51
hnd,sex_m,eco_aggregate_man,mts_details_sgle,2020,48.73
hnd,sex_m,eco_aggregate_man,mts_details_sgle,2021,47.86
hnd,sex_m,eco_aggregate_man,mts_details_sgle,2022,49.66
hnd,sex_m,eco_aggregate_man,mts_details_sgle,2023,49.02
hnd,sex_m,eco_aggregate_man,mts_details_sgle,2024,46.39
hnd,sex_m,eco_aggregate_man,mts_details_total,2005,49.59
hnd,sex_m,eco_aggregate_man,mts_details_total,2006,49.55
hnd,sex_m,eco_aggregate_man,mts_details_total,2007,49.7
hnd,sex_m,eco_aggregate_man,mts_details_total,2008,49.67
hnd,sex_m,eco_aggregate_man,mts_details_total,2009,47.46
hnd,sex_m,eco_aggregate_man,mts_details_total,2010,47.33
hnd,sex_m,eco_aggregate_man,mts_details_total,2011,48.5
hnd,sex_m,eco_aggregate_man,mts_details_total,2012,48.06
hnd,sex_m,eco_aggregate_man,mts_details_total,2013,48.73
hnd,sex_m,eco_aggregate_man,mts_details_total,2014,49.61
hnd,sex_m,eco_aggregate_man,mts_details_total,2015,48.85
hnd,sex_m,eco_aggregate_man,mts_details_total,2016,49.68
hnd,sex_m,eco_aggregate_man,mts_details_total,2017,48.9
hnd,sex_m,eco_aggregate_man,mts_details_total,2018,50.47
hnd,sex_m,eco_aggregate_man,mts_details_total,2019,48.87
hnd,sex_m,eco_aggregate_man,mts_details_total,2020,49.44
hnd,sex_m,eco_aggregate_man,mts_details_total,2021,49.68
hnd,sex_m,eco_aggregate_man,mts_details_total,2022,50.1
hnd,sex_m,eco_aggregate_man,mts_details_total,2023,48.6
hnd,sex_m,eco_aggregate_man,mts_details_total,2024,50.26
hnd,sex_m,eco_aggregate_man,mts_details_union,2005,51.02
hnd,sex_m,eco_aggregate_man,mts_details_union,2006,50.83
hnd,sex_m,eco_aggregate_man,mts_details_union,2007,50.8
hnd,sex_m,eco_aggregate_man,mts_details_union,2008,51.29
hnd,sex_m,eco_aggregate_man,mts_details_union,2009,48.59
hnd,sex_m,eco_aggregate_man,mts_details_union,2010,48.61
hnd,sex_m,eco_aggregate_man,mts_details_union,2011,51.63
hnd,sex_m,eco_aggregate_man,mts_details_union,2012,48.66
hnd,sex_m,eco_aggregate_man,mts_details_union,2013,49.76
hnd,sex_m,eco_aggregate_man,mts_details_union,2014,50.49
hnd,sex_m,eco_aggregate_man,mts_details_union,2015,50.01
hnd,sex_m,eco_aggregate_man,mts_details_union,2016,51.6
hnd,sex_m,eco_aggregate_man,mts_details_union,2017,51.14
hnd,sex_m,eco_aggregate_man,mts_details_union,2018,53.22
hnd,sex_m,eco_aggregate_man,mts_details_union,2019,51.44
hnd,sex_m,eco_aggregate_man,mts_details_union,2020,50.46
hnd,sex_m,eco_aggregate_man,mts_details_union,2021,51.47
hnd,sex_m,eco_aggregate_man,mts_details_union,2022,50.2
hnd,sex_m,eco_aggregate_man,mts_details_union,2023,48.26
hnd,sex_m,eco_aggregate_man,mts_details_union,2024,53.55
hnd,sex_m,eco_aggregate_man,mts_details_wid,2006,44.64
hnd,sex_m,eco_aggregate_man,mts_details_wid,2007,40.94
hnd,sex_m,eco_aggregate_man,mts_details_wid,2008,52.17
hnd,sex_m,eco_aggregate_mel,mts_aggregate_1,2005,45.39
hnd,sex_m,eco_aggregate_mel,mts_aggregate_1,2006,48.25
hnd,sex_m,eco_aggregate_mel,mts_aggregate_1,2007,42.59
hnd,sex_m,eco_aggregate_mel,mts_aggregate_1,2008,46.82
hnd,sex_m,eco_aggregate_mel,mts_aggregate_1,2009,44.28
hnd,sex_m,eco_aggregate_mel,mts_aggregate_1,2010,41.49
hnd,sex_m,eco_aggregate_mel,mts_aggregate_1,2011,39.79
hnd,sex_m,eco_aggregate_mel,mts_aggregate_1,2012,42.01
hnd,sex_m,eco_aggregate_mel,mts_aggregate_1,2013,47.26
hnd,sex_m,eco_aggregate_mel,mts_aggregate_1,2014,31.21
hnd,sex_m,eco_aggregate_mel,mts_aggregate_1,2015,40.79
hnd,sex_m,eco_aggregate_mel,mts_aggregate_1,2016,48.98
hnd,sex_m,eco_aggregate_mel,mts_aggregate_1,2017,48.43
hnd,sex_m,eco_aggregate_mel,mts_aggregate_1,2018,57.46
hnd,sex_m,eco_aggregate_mel,mts_aggregate_1,2019,39.7
hnd,sex_m,eco_aggregate_mel,mts_aggregate_1,2020,33.59
hnd,sex_m,eco_aggregate_mel,mts_aggregate_1,2021,44.03
hnd,sex_m,eco_aggregate_mel,mts_aggregate_1,2022,40.61
hnd,sex_m,eco_aggregate_mel,mts_aggregate_1,2023,53.06
hnd,sex_m,eco_aggregate_mel,mts_aggregate_1,2024,40.59
hnd,sex_m,eco_aggregate_mel,mts_aggregate_2,2005,44.06
hnd,sex_m,eco_aggregate_mel,mts_aggregate_2,2006,48.57
hnd,sex_m,eco_aggregate_mel,mts_aggregate_2,2007,48.75
hnd,sex_m,eco_aggregate_mel,mts_aggregate_2,2008,46.41
hnd,sex_m,eco_aggregate_mel,mts_aggregate_2,2009,45.99
hnd,sex_m,eco_aggregate_mel,mts_aggregate_2,2010,50.14
hnd,sex_m,eco_aggregate_mel,mts_aggregate_2,2011,48.97
hnd,sex_m,eco_aggregate_mel,mts_aggregate_2,2012,46.18
hnd,sex_m,eco_aggregate_mel,mts_aggregate_2,2013,47.88
hnd,sex_m,eco_aggregate_mel,mts_aggregate_2,2014,51.51
hnd,sex_m,eco_aggregate_mel,mts_aggregate_2,2015,50.44
hnd,sex_m,eco_aggregate_mel,mts_aggregate_2,2016,53.48
hnd,sex_m,eco_aggregate_mel,mts_aggregate_2,2017,49.71
hnd,sex_m,eco_aggregate_mel,mts_aggregate_2,2018,55.7
hnd,sex_m,eco_aggregate_mel,mts_aggregate_2,2019,48.36
hnd,sex_m,eco_aggregate_mel,mts_aggregate_2,2020,48.73
hnd,sex_m,eco_aggregate_mel,mts_aggregate_2,2021,50.74
hnd,sex_m,eco_aggregate_mel,mts_aggregate_2,2022,45.4
hnd,sex_m,eco_aggregate_mel,mts_aggregate_2,2023,48.66
hnd,sex_m,eco_aggregate_mel,mts_aggregate_2,2024,53.39
hnd,sex_m,eco_aggregate_mel,mts_aggregate_total,2005,44.49
hnd,sex_m,eco_aggregate_mel,mts_aggregate_total,2006,48.48
hnd,sex_m,eco_aggregate_mel,mts_aggregate_total,2007,46.52
hnd,sex_m,eco_aggregate_mel,mts_aggregate_total,2008,46.54
hnd,sex_m,eco_aggregate_mel,mts_aggregate_total,2009,45.5
hnd,sex_m,eco_aggregate_mel,mts_aggregate_total,2010,47.98
hnd,sex_m,eco_aggregate_mel,mts_aggregate_total,2011,46.28
hnd,sex_m,eco_aggregate_mel,mts_aggregate_total,2012,44.89
hnd,sex_m,eco_aggregate_mel,mts_aggregate_total,2013,47.65
hnd,sex_m,eco_aggregate_mel,mts_aggregate_total,2014,44.37
hnd,sex_m,eco_aggregate_mel,mts_aggregate_total,2015,48.2
hnd,sex_m,eco_aggregate_mel,mts_aggregate_total,2016,52.46
hnd,sex_m,eco_aggregate_mel,mts_aggregate_total,2017,49.33
hnd,sex_m,eco_aggregate_mel,mts_aggregate_total,2018,56.38
hnd,sex_m,eco_aggregate_mel,mts_aggregate_total,2019,44.51
hnd,sex_m,eco_aggregate_mel,mts_aggregate_total,2020,42.97
hnd,sex_m,eco_aggregate_mel,mts_aggregate_total,2021,49.28
hnd,sex_m,eco_aggregate_mel,mts_aggregate_total,2022,43.41
hnd,sex_m,eco_aggregate_mel,mts_aggregate_total,2023,50.37
hnd,sex_m,eco_aggregate_mel,mts_aggregate_total,2024,48.62
hnd,sex_m,eco_aggregate_mel,mts_details_mrd,2005,46.09
hnd,sex_m,eco_aggregate_mel,mts_details_mrd,2006,46.97
hnd,sex_m,eco_aggregate_mel,mts_details_mrd,2007,48.27
hnd,sex_m,eco_aggregate_mel,mts_details_mrd,2008,46.98
hnd,sex_m,eco_aggregate_mel,mts_details_mrd,2009,46.02
hnd,sex_m,eco_aggregate_mel,mts_details_mrd,2010,49.39
hnd,sex_m,eco_aggregate_mel,mts_details_mrd,2011,46.85
hnd,sex_m,eco_aggregate_mel,mts_details_mrd,2012,44.59
hnd,sex_m,eco_aggregate_mel,mts_details_mrd,2013,49.07
hnd,sex_m,eco_aggregate_mel,mts_details_mrd,2014,51.13
hnd,sex_m,eco_aggregate_mel,mts_details_mrd,2015,45.53
hnd,sex_m,eco_aggregate_mel,mts_details_mrd,2016,51.98
hnd,sex_m,eco_aggregate_mel,mts_details_mrd,2017,56.58
hnd,sex_m,eco_aggregate_mel,mts_details_mrd,2018,57.5
hnd,sex_m,eco_aggregate_mel,mts_details_mrd,2019,51.75
hnd,sex_m,eco_aggregate_mel,mts_details_mrd,2020,54.93
hnd,sex_m,eco_aggregate_mel,mts_details_mrd,2021,52.52
hnd,sex_m,eco_aggregate_mel,mts_details_mrd,2022,51.92
hnd,sex_m,eco_aggregate_mel,mts_details_mrd,2023,50.91
hnd,sex_m,eco_aggregate_mel,mts_details_mrd,2024,53.37
hnd,sex_m,eco_aggregate_mel,mts_details_sgle,2005,45.39
hnd,sex_m,eco_aggregate_mel,mts_details_sgle,2006,48.15
hnd,sex_m,eco_aggregate_mel,mts_details_sgle,2007,42.22
hnd,sex_m,eco_aggregate_mel,mts_details_sgle,2008,46.95
hnd,sex_m,eco_aggregate_mel,mts_details_sgle,2009,44.07
hnd,sex_m,eco_aggregate_mel,mts_details_sgle,2010,40.95
hnd,sex_m,eco_aggregate_mel,mts_details_sgle,2011,39.78
hnd,sex_m,eco_aggregate_mel,mts_details_sgle,2012,41.86
hnd,sex_m,eco_aggregate_mel,mts_details_sgle,2013,47.26
hnd,sex_m,eco_aggregate_mel,mts_details_sgle,2014,30.69
hnd,sex_m,eco_aggregate_mel,mts_details_sgle,2015,40.35
hnd,sex_m,eco_aggregate_mel,mts_details_sgle,2016,48.98
hnd,sex_m,eco_aggregate_mel,mts_details_sgle,2017,48.87
hnd,sex_m,eco_aggregate_mel,mts_details_sgle,2018,57.46
hnd,sex_m,eco_aggregate_mel,mts_details_sgle,2019,39.7
hnd,sex_m,eco_aggregate_mel,mts_details_sgle,2020,33.59
hnd,sex_m,eco_aggregate_mel,mts_details_sgle,2021,44.23
hnd,sex_m,eco_aggregate_mel,mts_details_sgle,2022,39.5
hnd,sex_m,eco_aggregate_mel,mts_details_sgle,2023,53.06
hnd,sex_m,eco_aggregate_mel,mts_details_sgle,2024,34.99
hnd,sex_m,eco_aggregate_mel,mts_details_total,2005,44.49
hnd,sex_m,eco_aggregate_mel,mts_details_total,2006,48.48
hnd,sex_m,eco_aggregate_mel,mts_details_total,2007,46.52
hnd,sex_m,eco_aggregate_mel,mts_details_total,2008,46.54
hnd,sex_m,eco_aggregate_mel,mts_details_total,2009,45.5
hnd,sex_m,eco_aggregate_mel,mts_details_total,2010,47.98
hnd,sex_m,eco_aggregate_mel,mts_details_total,2011,46.28
hnd,sex_m,eco_aggregate_mel,mts_details_total,2012,44.89
hnd,sex_m,eco_aggregate_mel,mts_details_total,2013,47.65
hnd,sex_m,eco_aggregate_mel,mts_details_total,2014,44.37
hnd,sex_m,eco_aggregate_mel,mts_details_total,2015,48.2
hnd,sex_m,eco_aggregate_mel,mts_details_total,2016,52.46
hnd,sex_m,eco_aggregate_mel,mts_details_total,2017,49.33
hnd,sex_m,eco_aggregate_mel,mts_details_total,2018,56.38
hnd,sex_m,eco_aggregate_mel,mts_details_total,2019,44.51
hnd,sex_m,eco_aggregate_mel,mts_details_total,2020,42.97
hnd,sex_m,eco_aggregate_mel,mts_details_total,2021,49.28
hnd,sex_m,eco_aggregate_mel,mts_details_total,2022,43.41
hnd,sex_m,eco_aggregate_mel,mts_details_total,2023,50.37
hnd,sex_m,eco_aggregate_mel,mts_details_total,2024,48.62
hnd,sex_m,eco_aggregate_mel,mts_details_union,2005,42.91
hnd,sex_m,eco_aggregate_mel,mts_details_union,2006,50.47
hnd,sex_m,eco_aggregate_mel,mts_details_union,2007,49.35
hnd,sex_m,eco_aggregate_mel,mts_details_union,2008,45.71
hnd,sex_m,eco_aggregate_mel,mts_details_union,2009,45.96
hnd,sex_m,eco_aggregate_mel,mts_details_union,2010,50.92
hnd,sex_m,eco_aggregate_mel,mts_details_union,2011,51.29
hnd,sex_m,eco_aggregate_mel,mts_details_union,2012,47.96
hnd,sex_m,eco_aggregate_mel,mts_details_union,2013,46.86
hnd,sex_m,eco_aggregate_mel,mts_details_union,2014,51.92
hnd,sex_m,eco_aggregate_mel,mts_details_union,2015,53.95
hnd,sex_m,eco_aggregate_mel,mts_details_union,2016,54.81
hnd,sex_m,eco_aggregate_mel,mts_details_union,2017,45.85
hnd,sex_m,eco_aggregate_mel,mts_details_union,2018,54.83
hnd,sex_m,eco_aggregate_mel,mts_details_union,2019,46.51
hnd,sex_m,eco_aggregate_mel,mts_details_union,2020,45.74
hnd,sex_m,eco_aggregate_mel,mts_details_union,2021,49.74
hnd,sex_m,eco_aggregate_mel,mts_details_union,2022,39.57
hnd,sex_m,eco_aggregate_mel,mts_details_union,2023,46.91
hnd,sex_m,eco_aggregate_mel,mts_details_union,2024,53.4
hnd,sex_m,eco_aggregate_mkt,mts_aggregate_1,2005,49.68
hnd,sex_m,eco_aggregate_mkt,mts_aggregate_1,2006,50.41
hnd,sex_m,eco_aggregate_mkt,mts_aggregate_1,2007,49.61
hnd,sex_m,eco_aggregate_mkt,mts_aggregate_1,2008,48.49
hnd,sex_m,eco_aggregate_mkt,mts_aggregate_1,2009,46.49
hnd,sex_m,eco_aggregate_mkt,mts_aggregate_1,2010,45.48
hnd,sex_m,eco_aggregate_mkt,mts_aggregate_1,2011,47.62
hnd,sex_m,eco_aggregate_mkt,mts_aggregate_1,2012,48
hnd,sex_m,eco_aggregate_mkt,mts_aggregate_1,2013,47.97
hnd,sex_m,eco_aggregate_mkt,mts_aggregate_1,2014,50.56
hnd,sex_m,eco_aggregate_mkt,mts_aggregate_1,2015,49.57
hnd,sex_m,eco_aggregate_mkt,mts_aggregate_1,2016,50.05
hnd,sex_m,eco_aggregate_mkt,mts_aggregate_1,2017,49.94
hnd,sex_m,eco_aggregate_mkt,mts_aggregate_1,2018,49.33
hnd,sex_m,eco_aggregate_mkt,mts_aggregate_1,2019,50.73
hnd,sex_m,eco_aggregate_mkt,mts_aggregate_1,2020,45.23
hnd,sex_m,eco_aggregate_mkt,mts_aggregate_1,2021,51.38
hnd,sex_m,eco_aggregate_mkt,mts_aggregate_1,2022,51.82
hnd,sex_m,eco_aggregate_mkt,mts_aggregate_1,2023,50.91
hnd,sex_m,eco_aggregate_mkt,mts_aggregate_1,2024,52.29
hnd,sex_m,eco_aggregate_mkt,mts_aggregate_2,2005,54.09
hnd,sex_m,eco_aggregate_mkt,mts_aggregate_2,2006,55.25
hnd,sex_m,eco_aggregate_mkt,mts_aggregate_2,2007,54.22
hnd,sex_m,eco_aggregate_mkt,mts_aggregate_2,2008,54.18
hnd,sex_m,eco_aggregate_mkt,mts_aggregate_2,2009,51.49
hnd,sex_m,eco_aggregate_mkt,mts_aggregate_2,2010,54.06
hnd,sex_m,eco_aggregate_mkt,mts_aggregate_2,2011,52.9
hnd,sex_m,eco_aggregate_mkt,mts_aggregate_2,2012,54.11
hnd,sex_m,eco_aggregate_mkt,mts_aggregate_2,2013,54.89
hnd,sex_m,eco_aggregate_mkt,mts_aggregate_2,2014,55.1
hnd,sex_m,eco_aggregate_mkt,mts_aggregate_2,2015,56.77
hnd,sex_m,eco_aggregate_mkt,mts_aggregate_2,2016,57.49
hnd,sex_m,eco_aggregate_mkt,mts_aggregate_2,2017,56.86
hnd,sex_m,eco_aggregate_mkt,mts_aggregate_2,2018,57.58
hnd,sex_m,eco_aggregate_mkt,mts_aggregate_2,2019,57.38
hnd,sex_m,eco_aggregate_mkt,mts_aggregate_2,2020,53.46
hnd,sex_m,eco_aggregate_mkt,mts_aggregate_2,2021,60.45
hnd,sex_m,eco_aggregate_mkt,mts_aggregate_2,2022,56.52
hnd,sex_m,eco_aggregate_mkt,mts_aggregate_2,2023,55.84
hnd,sex_m,eco_aggregate_mkt,mts_aggregate_2,2024,55.65
hnd,sex_m,eco_aggregate_mkt,mts_aggregate_total,2005,52.23
hnd,sex_m,eco_aggregate_mkt,mts_aggregate_total,2006,53.12
hnd,sex_m,eco_aggregate_mkt,mts_aggregate_total,2007,52.3
hnd,sex_m,eco_aggregate_mkt,mts_aggregate_total,2008,51.77
hnd,sex_m,eco_aggregate_mkt,mts_aggregate_total,2009,49.33
hnd,sex_m,eco_aggregate_mkt,mts_aggregate_total,2010,50.09
hnd,sex_m,eco_aggregate_mkt,mts_aggregate_total,2011,50.62
hnd,sex_m,eco_aggregate_mkt,mts_aggregate_total,2012,51.47
hnd,sex_m,eco_aggregate_mkt,mts_aggregate_total,2013,52.03
hnd,sex_m,eco_aggregate_mkt,mts_aggregate_total,2014,53.23
hnd,sex_m,eco_aggregate_mkt,mts_aggregate_total,2015,53.67
hnd,sex_m,eco_aggregate_mkt,mts_aggregate_total,2016,54.44
hnd,sex_m,eco_aggregate_mkt,mts_aggregate_total,2017,54.14
hnd,sex_m,eco_aggregate_mkt,mts_aggregate_total,2018,53.88
hnd,sex_m,eco_aggregate_mkt,mts_aggregate_total,2019,54.39
hnd,sex_m,eco_aggregate_mkt,mts_aggregate_total,2020,49.51
hnd,sex_m,eco_aggregate_mkt,mts_aggregate_total,2021,56.16
hnd,sex_m,eco_aggregate_mkt,mts_aggregate_total,2022,54.45
hnd,sex_m,eco_aggregate_mkt,mts_aggregate_total,2023,53.47
hnd,sex_m,eco_aggregate_mkt,mts_aggregate_total,2024,54.19
hnd,sex_m,eco_aggregate_mkt,mts_details_mrd,2005,53.72
hnd,sex_m,eco_aggregate_mkt,mts_details_mrd,2006,52.95
hnd,sex_m,eco_aggregate_mkt,mts_details_mrd,2007,52.88
hnd,sex_m,eco_aggregate_mkt,mts_details_mrd,2008,52.97
hnd,sex_m,eco_aggregate_mkt,mts_details_mrd,2009,50.03
hnd,sex_m,eco_aggregate_mkt,mts_details_mrd,2010,52.85
hnd,sex_m,eco_aggregate_mkt,mts_details_mrd,2011,50.24
hnd,sex_m,eco_aggregate_mkt,mts_details_mrd,2012,52.99
hnd,sex_m,eco_aggregate_mkt,mts_details_mrd,2013,52.99
hnd,sex_m,eco_aggregate_mkt,mts_details_mrd,2014,53.31
hnd,sex_m,eco_aggregate_mkt,mts_details_mrd,2015,54.3
hnd,sex_m,eco_aggregate_mkt,mts_details_mrd,2016,54.23
hnd,sex_m,eco_aggregate_mkt,mts_details_mrd,2017,54.52
hnd,sex_m,eco_aggregate_mkt,mts_details_mrd,2018,55.79
hnd,sex_m,eco_aggregate_mkt,mts_details_mrd,2019,53.99
hnd,sex_m,eco_aggregate_mkt,mts_details_mrd,2020,54.85
hnd,sex_m,eco_aggregate_mkt,mts_details_mrd,2021,57.64
hnd,sex_m,eco_aggregate_mkt,mts_details_mrd,2022,55.99
hnd,sex_m,eco_aggregate_mkt,mts_details_mrd,2023,54.45
hnd,sex_m,eco_aggregate_mkt,mts_details_mrd,2024,52.94
hnd,sex_m,eco_aggregate_mkt,mts_details_sep,2005,53.11
hnd,sex_m,eco_aggregate_mkt,mts_details_sep,2006,52.29
hnd,sex_m,eco_aggregate_mkt,mts_details_sep,2007,54.44
hnd,sex_m,eco_aggregate_mkt,mts_details_sep,2008,46.76
hnd,sex_m,eco_aggregate_mkt,mts_details_sep,2009,50.96
hnd,sex_m,eco_aggregate_mkt,mts_details_sep,2010,38.66
hnd,sex_m,eco_aggregate_mkt,mts_details_sep,2011,51.07
hnd,sex_m,eco_aggregate_mkt,mts_details_sep,2012,55.95
hnd,sex_m,eco_aggregate_mkt,mts_details_sep,2013,55.67
hnd,sex_m,eco_aggregate_mkt,mts_details_sep,2014,55.25
hnd,sex_m,eco_aggregate_mkt,mts_details_sep,2015,57.3
hnd,sex_m,eco_aggregate_mkt,mts_details_sep,2016,58.74
hnd,sex_m,eco_aggregate_mkt,mts_details_sep,2017,52.08
hnd,sex_m,eco_aggregate_mkt,mts_details_sep,2018,55.17
hnd,sex_m,eco_aggregate_mkt,mts_details_sep,2019,43.8
hnd,sex_m,eco_aggregate_mkt,mts_details_sep,2020,39.23
hnd,sex_m,eco_aggregate_mkt,mts_details_sep,2021,55.44
hnd,sex_m,eco_aggregate_mkt,mts_details_sep,2022,55.16
hnd,sex_m,eco_aggregate_mkt,mts_details_sep,2023,44.92
hnd,sex_m,eco_aggregate_mkt,mts_details_sep,2024,54.85
hnd,sex_m,eco_aggregate_mkt,mts_details_sgle,2005,49.61
hnd,sex_m,eco_aggregate_mkt,mts_details_sgle,2006,50.25
hnd,sex_m,eco_aggregate_mkt,mts_details_sgle,2007,49.23
hnd,sex_m,eco_aggregate_mkt,mts_details_sgle,2008,48.44
hnd,sex_m,eco_aggregate_mkt,mts_details_sgle,2009,46.3
hnd,sex_m,eco_aggregate_mkt,mts_details_sgle,2010,45.54
hnd,sex_m,eco_aggregate_mkt,mts_details_sgle,2011,47.39
hnd,sex_m,eco_aggregate_mkt,mts_details_sgle,2012,47.67
hnd,sex_m,eco_aggregate_mkt,mts_details_sgle,2013,47.58
hnd,sex_m,eco_aggregate_mkt,mts_details_sgle,2014,50.51
hnd,sex_m,eco_aggregate_mkt,mts_details_sgle,2015,49.21
hnd,sex_m,eco_aggregate_mkt,mts_details_sgle,2016,49.58
hnd,sex_m,eco_aggregate_mkt,mts_details_sgle,2017,49.79
hnd,sex_m,eco_aggregate_mkt,mts_details_sgle,2018,49.2
hnd,sex_m,eco_aggregate_mkt,mts_details_sgle,2019,50.81
hnd,sex_m,eco_aggregate_mkt,mts_details_sgle,2020,45.3
hnd,sex_m,eco_aggregate_mkt,mts_details_sgle,2021,51.35
hnd,sex_m,eco_aggregate_mkt,mts_details_sgle,2022,52.13
hnd,sex_m,eco_aggregate_mkt,mts_details_sgle,2023,51.03
hnd,sex_m,eco_aggregate_mkt,mts_details_sgle,2024,52.23
hnd,sex_m,eco_aggregate_mkt,mts_details_total,2005,52.23
hnd,sex_m,eco_aggregate_mkt,mts_details_total,2006,53.12
hnd,sex_m,eco_aggregate_mkt,mts_details_total,2007,52.3
hnd,sex_m,eco_aggregate_mkt,mts_details_total,2008,51.77
hnd,sex_m,eco_aggregate_mkt,mts_details_total,2009,49.33
hnd,sex_m,eco_aggregate_mkt,mts_details_total,2010,50.09
hnd,sex_m,eco_aggregate_mkt,mts_details_total,2011,50.62
hnd,sex_m,eco_aggregate_mkt,mts_details_total,2012,51.47
hnd,sex_m,eco_aggregate_mkt,mts_details_total,2013,52.03
hnd,sex_m,eco_aggregate_mkt,mts_details_total,2014,53.23
hnd,sex_m,eco_aggregate_mkt,mts_details_total,2015,53.67
hnd,sex_m,eco_aggregate_mkt,mts_details_total,2016,54.44
hnd,sex_m,eco_aggregate_mkt,mts_details_total,2017,54.14
hnd,sex_m,eco_aggregate_mkt,mts_details_total,2018,53.88
hnd,sex_m,eco_aggregate_mkt,mts_details_total,2019,54.39
hnd,sex_m,eco_aggregate_mkt,mts_details_total,2020,49.51
hnd,sex_m,eco_aggregate_mkt,mts_details_total,2021,56.16
hnd,sex_m,eco_aggregate_mkt,mts_details_total,2022,54.45
hnd,sex_m,eco_aggregate_mkt,mts_details_total,2023,53.47
hnd,sex_m,eco_aggregate_mkt,mts_details_total,2024,54.19
hnd,sex_m,eco_aggregate_mkt,mts_details_union,2005,54.38
hnd,sex_m,eco_aggregate_mkt,mts_details_union,2006,57.23
hnd,sex_m,eco_aggregate_mkt,mts_details_union,2007,55.35
hnd,sex_m,eco_aggregate_mkt,mts_details_union,2008,55.16
hnd,sex_m,eco_aggregate_mkt,mts_details_union,2009,52.62
hnd,sex_m,eco_aggregate_mkt,mts_details_union,2010,55.06
hnd,sex_m,eco_aggregate_mkt,mts_details_union,2011,54.65
hnd,sex_m,eco_aggregate_mkt,mts_details_union,2012,54.89
hnd,sex_m,eco_aggregate_mkt,mts_details_union,2013,56.09
hnd,sex_m,eco_aggregate_mkt,mts_details_union,2014,56.6
hnd,sex_m,eco_aggregate_mkt,mts_details_union,2015,58.49
hnd,sex_m,eco_aggregate_mkt,mts_details_union,2016,59.72
hnd,sex_m,eco_aggregate_mkt,mts_details_union,2017,58.56
hnd,sex_m,eco_aggregate_mkt,mts_details_union,2018,58.75
hnd,sex_m,eco_aggregate_mkt,mts_details_union,2019,59.49
hnd,sex_m,eco_aggregate_mkt,mts_details_union,2020,52.46
hnd,sex_m,eco_aggregate_mkt,mts_details_union,2021,62.06
hnd,sex_m,eco_aggregate_mkt,mts_details_union,2022,56.86
hnd,sex_m,eco_aggregate_mkt,mts_details_union,2023,56.63
hnd,sex_m,eco_aggregate_mkt,mts_details_union,2024,56.94
hnd,sex_m,eco_aggregate_mkt,mts_details_wid,2005,48
hnd,sex_m,eco_aggregate_mkt,mts_details_wid,2006,55.51
hnd,sex_m,eco_aggregate_mkt,mts_details_wid,2007,60.53
hnd,sex_m,eco_aggregate_mkt,mts_details_wid,2008,58.93
hnd,sex_m,eco_aggregate_mkt,mts_details_wid,2009,50.05
hnd,sex_m,eco_aggregate_mkt,mts_details_wid,2012,57.84
hnd,sex_m,eco_aggregate_mkt,mts_details_wid,2013,55.82
hnd,sex_m,eco_aggregate_mkt,mts_details_wid,2016,60.26
hnd,sex_m,eco_aggregate_mkt,mts_details_wid,2021,45.43
hnd,sex_m,eco_aggregate_mkt,mts_details_wid,2022,29.8
hnd,sex_m,eco_aggregate_mkt,mts_details_wid,2023,51.99
hnd,sex_m,eco_aggregate_mkt,mts_details_wid,2024,51.73
hnd,sex_m,eco_aggregate_pub,mts_aggregate_1,2005,41.83
hnd,sex_m,eco_aggregate_pub,mts_aggregate_1,2006,41.02
hnd,sex_m,eco_aggregate_pub,mts_aggregate_1,2007,40.63
hnd,sex_m,eco_aggregate_pub,mts_aggregate_1,2008,40.69
hnd,sex_m,eco_aggregate_pub,mts_aggregate_1,2009,40.08
hnd,sex_m,eco_aggregate_pub,mts_aggregate_1,2010,41.35
hnd,sex_m,eco_aggregate_pub,mts_aggregate_1,2011,39
hnd,sex_m,eco_aggregate_pub,mts_aggregate_1,2012,39.69
hnd,sex_m,eco_aggregate_pub,mts_aggregate_1,2013,39.74
hnd,sex_m,eco_aggregate_pub,mts_aggregate_1,2014,40.34
hnd,sex_m,eco_aggregate_pub,mts_aggregate_1,2015,39.32
hnd,sex_m,eco_aggregate_pub,mts_aggregate_1,2016,41.77
hnd,sex_m,eco_aggregate_pub,mts_aggregate_1,2017,42.08
hnd,sex_m,eco_aggregate_pub,mts_aggregate_1,2018,42.72
hnd,sex_m,eco_aggregate_pub,mts_aggregate_1,2019,40.22
hnd,sex_m,eco_aggregate_pub,mts_aggregate_1,2020,38.37
hnd,sex_m,eco_aggregate_pub,mts_aggregate_1,2021,41.59
hnd,sex_m,eco_aggregate_pub,mts_aggregate_1,2022,43.17
hnd,sex_m,eco_aggregate_pub,mts_aggregate_1,2023,45.1
hnd,sex_m,eco_aggregate_pub,mts_aggregate_1,2024,44.97
hnd,sex_m,eco_aggregate_pub,mts_aggregate_2,2005,44.99
hnd,sex_m,eco_aggregate_pub,mts_aggregate_2,2006,45.86
hnd,sex_m,eco_aggregate_pub,mts_aggregate_2,2007,45.2
hnd,sex_m,eco_aggregate_pub,mts_aggregate_2,2008,45.4
hnd,sex_m,eco_aggregate_pub,mts_aggregate_2,2009,44.15
hnd,sex_m,eco_aggregate_pub,mts_aggregate_2,2010,42.86
hnd,sex_m,eco_aggregate_pub,mts_aggregate_2,2011,46.03
hnd,sex_m,eco_aggregate_pub,mts_aggregate_2,2012,46.27
hnd,sex_m,eco_aggregate_pub,mts_aggregate_2,2013,45.95
hnd,sex_m,eco_aggregate_pub,mts_aggregate_2,2014,47.55
hnd,sex_m,eco_aggregate_pub,mts_aggregate_2,2015,44.81
hnd,sex_m,eco_aggregate_pub,mts_aggregate_2,2016,45.98
hnd,sex_m,eco_aggregate_pub,mts_aggregate_2,2017,48.17
hnd,sex_m,eco_aggregate_pub,mts_aggregate_2,2018,44.19
hnd,sex_m,eco_aggregate_pub,mts_aggregate_2,2019,45.92
hnd,sex_m,eco_aggregate_pub,mts_aggregate_2,2020,45.28
hnd,sex_m,eco_aggregate_pub,mts_aggregate_2,2021,45.77
hnd,sex_m,eco_aggregate_pub,mts_aggregate_2,2022,46.47
hnd,sex_m,eco_aggregate_pub,mts_aggregate_2,2023,44.29
hnd,sex_m,eco_aggregate_pub,mts_aggregate_2,2024,45.88
hnd,sex_m,eco_aggregate_pub,mts_aggregate_total,2005,44.11
hnd,sex_m,eco_aggregate_pub,mts_aggregate_total,2006,44.45
hnd,sex_m,eco_aggregate_pub,mts_aggregate_total,2007,43.93
hnd,sex_m,eco_aggregate_pub,mts_aggregate_total,2008,43.98
hnd,sex_m,eco_aggregate_pub,mts_aggregate_total,2009,42.84
hnd,sex_m,eco_aggregate_pub,mts_aggregate_total,2010,42.34
hnd,sex_m,eco_aggregate_pub,mts_aggregate_total,2011,43.79
hnd,sex_m,eco_aggregate_pub,mts_aggregate_total,2012,44
hnd,sex_m,eco_aggregate_pub,mts_aggregate_total,2013,43.91
hnd,sex_m,eco_aggregate_pub,mts_aggregate_total,2014,45.39
hnd,sex_m,eco_aggregate_pub,mts_aggregate_total,2015,42.97
hnd,sex_m,eco_aggregate_pub,mts_aggregate_total,2016,44.46
hnd,sex_m,eco_aggregate_pub,mts_aggregate_total,2017,46.11
hnd,sex_m,eco_aggregate_pub,mts_aggregate_total,2018,43.64
hnd,sex_m,eco_aggregate_pub,mts_aggregate_total,2019,44.22
hnd,sex_m,eco_aggregate_pub,mts_aggregate_total,2020,42.49
hnd,sex_m,eco_aggregate_pub,mts_aggregate_total,2021,44.16
hnd,sex_m,eco_aggregate_pub,mts_aggregate_total,2022,45.11
hnd,sex_m,eco_aggregate_pub,mts_aggregate_total,2023,44.59
hnd,sex_m,eco_aggregate_pub,mts_aggregate_total,2024,45.52
hnd,sex_m,eco_aggregate_pub,mts_details_mrd,2005,42.78
hnd,sex_m,eco_aggregate_pub,mts_details_mrd,2006,43.49
hnd,sex_m,eco_aggregate_pub,mts_details_mrd,2007,43.26
hnd,sex_m,eco_aggregate_pub,mts_details_mrd,2008,43.65
hnd,sex_m,eco_aggregate_pub,mts_details_mrd,2009,42.82
hnd,sex_m,eco_aggregate_pub,mts_details_mrd,2010,41.65
hnd,sex_m,eco_aggregate_pub,mts_details_mrd,2011,43.95
hnd,sex_m,eco_aggregate_pub,mts_details_mrd,2012,45.32
hnd,sex_m,eco_aggregate_pub,mts_details_mrd,2013,43.41
hnd,sex_m,eco_aggregate_pub,mts_details_mrd,2014,44.35
hnd,sex_m,eco_aggregate_pub,mts_details_mrd,2015,42.58
hnd,sex_m,eco_aggregate_pub,mts_details_mrd,2016,45.22
hnd,sex_m,eco_aggregate_pub,mts_details_mrd,2017,43.77
hnd,sex_m,eco_aggregate_pub,mts_details_mrd,2018,42.67
hnd,sex_m,eco_aggregate_pub,mts_details_mrd,2019,44.66
hnd,sex_m,eco_aggregate_pub,mts_details_mrd,2020,45.99
hnd,sex_m,eco_aggregate_pub,mts_details_mrd,2021,42.65
hnd,sex_m,eco_aggregate_pub,mts_details_mrd,2022,43.85
hnd,sex_m,eco_aggregate_pub,mts_details_mrd,2023,42.14
hnd,sex_m,eco_aggregate_pub,mts_details_mrd,2024,39.11
hnd,sex_m,eco_aggregate_pub,mts_details_sep,2005,39.74
hnd,sex_m,eco_aggregate_pub,mts_details_sep,2006,44.14
hnd,sex_m,eco_aggregate_pub,mts_details_sep,2007,43.04
hnd,sex_m,eco_aggregate_pub,mts_details_sep,2008,43.16
hnd,sex_m,eco_aggregate_pub,mts_details_sep,2009,45.45
hnd,sex_m,eco_aggregate_pub,mts_details_sep,2010,49.08
hnd,sex_m,eco_aggregate_pub,mts_details_sep,2011,49.88
hnd,sex_m,eco_aggregate_pub,mts_details_sep,2012,39.2
hnd,sex_m,eco_aggregate_pub,mts_details_sep,2013,40.77
hnd,sex_m,eco_aggregate_pub,mts_details_sep,2014,38.12
hnd,sex_m,eco_aggregate_pub,mts_details_sep,2015,40.29
hnd,sex_m,eco_aggregate_pub,mts_details_sep,2016,37.81
hnd,sex_m,eco_aggregate_pub,mts_details_sep,2018,37.98
hnd,sex_m,eco_aggregate_pub,mts_details_sep,2019,37.11
hnd,sex_m,eco_aggregate_pub,mts_details_sep,2020,54.96
hnd,sex_m,eco_aggregate_pub,mts_details_sep,2021,39.84
hnd,sex_m,eco_aggregate_pub,mts_details_sep,2023,39.6
hnd,sex_m,eco_aggregate_pub,mts_details_sep,2024,43.07
hnd,sex_m,eco_aggregate_pub,mts_details_sgle,2005,42.16
hnd,sex_m,eco_aggregate_pub,mts_details_sgle,2006,40.33
hnd,sex_m,eco_aggregate_pub,mts_details_sgle,2007,40.3
hnd,sex_m,eco_aggregate_pub,mts_details_sgle,2008,40.12
hnd,sex_m,eco_aggregate_pub,mts_details_sgle,2009,39.8
hnd,sex_m,eco_aggregate_pub,mts_details_sgle,2010,40.41
hnd,sex_m,eco_aggregate_pub,mts_details_sgle,2011,37.93
hnd,sex_m,eco_aggregate_pub,mts_details_sgle,2012,39.66
hnd,sex_m,eco_aggregate_pub,mts_details_sgle,2013,38.86
hnd,sex_m,eco_aggregate_pub,mts_details_sgle,2014,40.61
hnd,sex_m,eco_aggregate_pub,mts_details_sgle,2015,39.29
hnd,sex_m,eco_aggregate_pub,mts_details_sgle,2016,41.44
hnd,sex_m,eco_aggregate_pub,mts_details_sgle,2017,43.46
hnd,sex_m,eco_aggregate_pub,mts_details_sgle,2018,42.86
hnd,sex_m,eco_aggregate_pub,mts_details_sgle,2019,40.28
hnd,sex_m,eco_aggregate_pub,mts_details_sgle,2020,37.07
hnd,sex_m,eco_aggregate_pub,mts_details_sgle,2021,40.78
hnd,sex_m,eco_aggregate_pub,mts_details_sgle,2022,43.24
hnd,sex_m,eco_aggregate_pub,mts_details_sgle,2023,45.52
hnd,sex_m,eco_aggregate_pub,mts_details_sgle,2024,45.29
hnd,sex_m,eco_aggregate_pub,mts_details_total,2005,44.11
hnd,sex_m,eco_aggregate_pub,mts_details_total,2006,44.45
hnd,sex_m,eco_aggregate_pub,mts_details_total,2007,43.93
hnd,sex_m,eco_aggregate_pub,mts_details_total,2008,43.98
hnd,sex_m,eco_aggregate_pub,mts_details_total,2009,42.84
hnd,sex_m,eco_aggregate_pub,mts_details_total,2010,42.34
hnd,sex_m,eco_aggregate_pub,mts_details_total,2011,43.79
hnd,sex_m,eco_aggregate_pub,mts_details_total,2012,44
hnd,sex_m,eco_aggregate_pub,mts_details_total,2013,43.91
hnd,sex_m,eco_aggregate_pub,mts_details_total,2014,45.39
hnd,sex_m,eco_aggregate_pub,mts_details_total,2015,42.97
hnd,sex_m,eco_aggregate_pub,mts_details_total,2016,44.46
hnd,sex_m,eco_aggregate_pub,mts_details_total,2017,46.11
hnd,sex_m,eco_aggregate_pub,mts_details_total,2018,43.64
hnd,sex_m,eco_aggregate_pub,mts_details_total,2019,44.22
hnd,sex_m,eco_aggregate_pub,mts_details_total,2020,42.49
hnd,sex_m,eco_aggregate_pub,mts_details_total,2021,44.16
hnd,sex_m,eco_aggregate_pub,mts_details_total,2022,45.11
hnd,sex_m,eco_aggregate_pub,mts_details_total,2023,44.59
hnd,sex_m,eco_aggregate_pub,mts_details_total,2024,45.52
hnd,sex_m,eco_aggregate_pub,mts_details_union,2005,48.84
hnd,sex_m,eco_aggregate_pub,mts_details_union,2006,50.08
hnd,sex_m,eco_aggregate_pub,mts_details_union,2007,48.51
hnd,sex_m,eco_aggregate_pub,mts_details_union,2008,48.59
hnd,sex_m,eco_aggregate_pub,mts_details_union,2009,46.22
hnd,sex_m,eco_aggregate_pub,mts_details_union,2010,45.18
hnd,sex_m,eco_aggregate_pub,mts_details_union,2011,49.23
hnd,sex_m,eco_aggregate_pub,mts_details_union,2012,47.72
hnd,sex_m,eco_aggregate_pub,mts_details_union,2013,49.4
hnd,sex_m,eco_aggregate_pub,mts_details_union,2014,51.33
hnd,sex_m,eco_aggregate_pub,mts_details_union,2015,48.44
hnd,sex_m,eco_aggregate_pub,mts_details_union,2016,47.06
hnd,sex_m,eco_aggregate_pub,mts_details_union,2017,52.55
hnd,sex_m,eco_aggregate_pub,mts_details_union,2018,46.06
hnd,sex_m,eco_aggregate_pub,mts_details_union,2019,47.92
hnd,sex_m,eco_aggregate_pub,mts_details_union,2020,44.36
hnd,sex_m,eco_aggregate_pub,mts_details_union,2021,49.97
hnd,sex_m,eco_aggregate_pub,mts_details_union,2022,49.52
hnd,sex_m,eco_aggregate_pub,mts_details_union,2023,46.78
hnd,sex_m,eco_aggregate_pub,mts_details_union,2024,54.22
hnd,sex_m,eco_aggregate_pub,mts_details_wid,2005,37.85
hnd,sex_m,eco_aggregate_pub,mts_details_wid,2006,51.53
hnd,sex_m,eco_aggregate_pub,mts_details_wid,2007,44.22
hnd,sex_m,eco_aggregate_pub,mts_details_wid,2008,50.51
hnd,sex_m,eco_aggregate_pub,mts_details_wid,2009,39.54
hnd,sex_m,eco_aggregate_pub,mts_details_wid,2010,64.43
hnd,sex_m,eco_aggregate_pub,mts_details_wid,2013,60.16
hnd,sex_m,eco_aggregate_pub,mts_details_wid,2016,56.37
hnd,sex_m,eco_aggregate_pub,mts_details_wid,2017,24.29
hnd,sex_m,eco_aggregate_pub,mts_details_wid,2018,45.31
hnd,sex_m,eco_aggregate_total,mts_aggregate_1,2005,43.81
hnd,sex_m,eco_aggregate_total,mts_aggregate_1,2006,44.01
hnd,sex_m,eco_aggregate_total,mts_aggregate_1,2007,42.53
hnd,sex_m,eco_aggregate_total,mts_aggregate_1,2008,41.82
hnd,sex_m,eco_aggregate_total,mts_aggregate_1,2009,39.95
hnd,sex_m,eco_aggregate_total,mts_aggregate_1,2010,40.02
hnd,sex_m,eco_aggregate_total,mts_aggregate_1,2011,41.07
hnd,sex_m,eco_aggregate_total,mts_aggregate_1,2012,42.12
hnd,sex_m,eco_aggregate_total,mts_aggregate_1,2013,40.12
hnd,sex_m,eco_aggregate_total,mts_aggregate_1,2014,41.41
hnd,sex_m,eco_aggregate_total,mts_aggregate_1,2015,41.22
hnd,sex_m,eco_aggregate_total,mts_aggregate_1,2016,42.6
hnd,sex_m,eco_aggregate_total,mts_aggregate_1,2017,41.62
hnd,sex_m,eco_aggregate_total,mts_aggregate_1,2018,43.56
hnd,sex_m,eco_aggregate_total,mts_aggregate_1,2019,43.3
hnd,sex_m,eco_aggregate_total,mts_aggregate_1,2020,42.75
hnd,sex_m,eco_aggregate_total,mts_aggregate_1,2021,44.17
hnd,sex_m,eco_aggregate_total,mts_aggregate_1,2022,44.43
hnd,sex_m,eco_aggregate_total,mts_aggregate_1,2023,44.93
hnd,sex_m,eco_aggregate_total,mts_aggregate_1,2024,45.61
hnd,sex_m,eco_aggregate_total,mts_aggregate_2,2005,47.37
hnd,sex_m,eco_aggregate_total,mts_aggregate_2,2006,47.75
hnd,sex_m,eco_aggregate_total,mts_aggregate_2,2007,48.05
hnd,sex_m,eco_aggregate_total,mts_aggregate_2,2008,47.17
hnd,sex_m,eco_aggregate_total,mts_aggregate_2,2009,45.28
hnd,sex_m,eco_aggregate_total,mts_aggregate_2,2010,45.69
hnd,sex_m,eco_aggregate_total,mts_aggregate_2,2011,46.91
hnd,sex_m,eco_aggregate_total,mts_aggregate_2,2012,48.07
hnd,sex_m,eco_aggregate_total,mts_aggregate_2,2013,47.35
hnd,sex_m,eco_aggregate_total,mts_aggregate_2,2014,47.69
hnd,sex_m,eco_aggregate_total,mts_aggregate_2,2015,47.09
hnd,sex_m,eco_aggregate_total,mts_aggregate_2,2016,49.13
hnd,sex_m,eco_aggregate_total,mts_aggregate_2,2017,48.34
hnd,sex_m,eco_aggregate_total,mts_aggregate_2,2018,48.51
hnd,sex_m,eco_aggregate_total,mts_aggregate_2,2019,48.51
hnd,sex_m,eco_aggregate_total,mts_aggregate_2,2020,47.71
hnd,sex_m,eco_aggregate_total,mts_aggregate_2,2021,49.21
hnd,sex_m,eco_aggregate_total,mts_aggregate_2,2022,47.75
hnd,sex_m,eco_aggregate_total,mts_aggregate_2,2023,46.72
hnd,sex_m,eco_aggregate_total,mts_aggregate_2,2024,48.68
hnd,sex_m,eco_aggregate_total,mts_aggregate_total,2005,45.92
hnd,sex_m,eco_aggregate_total,mts_aggregate_total,2006,46.17
hnd,sex_m,eco_aggregate_total,mts_aggregate_total,2007,45.67
hnd,sex_m,eco_aggregate_total,mts_aggregate_total,2008,44.79
hnd,sex_m,eco_aggregate_total,mts_aggregate_total,2009,42.84
hnd,sex_m,eco_aggregate_total,mts_aggregate_total,2010,43.02
hnd,sex_m,eco_aggregate_total,mts_aggregate_total,2011,44.37
hnd,sex_m,eco_aggregate_total,mts_aggregate_total,2012,45.39
hnd,sex_m,eco_aggregate_total,mts_aggregate_total,2013,44.2
hnd,sex_m,eco_aggregate_total,mts_aggregate_total,2014,45.1
hnd,sex_m,eco_aggregate_total,mts_aggregate_total,2015,44.66
hnd,sex_m,eco_aggregate_total,mts_aggregate_total,2016,46.42
hnd,sex_m,eco_aggregate_total,mts_aggregate_total,2017,45.54
hnd,sex_m,eco_aggregate_total,mts_aggregate_total,2018,46.39
hnd,sex_m,eco_aggregate_total,mts_aggregate_total,2019,46.32
hnd,sex_m,eco_aggregate_total,mts_aggregate_total,2020,45.51
hnd,sex_m,eco_aggregate_total,mts_aggregate_total,2021,47
hnd,sex_m,eco_aggregate_total,mts_aggregate_total,2022,46.39
hnd,sex_m,eco_aggregate_total,mts_aggregate_total,2023,45.93
hnd,sex_m,eco_aggregate_total,mts_aggregate_total,2024,47.4
hnd,sex_m,eco_aggregate_total,mts_details_mrd,2005,46.91
hnd,sex_m,eco_aggregate_total,mts_details_mrd,2006,46.79
hnd,sex_m,eco_aggregate_total,mts_details_mrd,2007,47.51
hnd,sex_m,eco_aggregate_total,mts_details_mrd,2008,46.43
hnd,sex_m,eco_aggregate_total,mts_details_mrd,2009,44.92
hnd,sex_m,eco_aggregate_total,mts_details_mrd,2010,45.32
hnd,sex_m,eco_aggregate_total,mts_details_mrd,2011,45.62
hnd,sex_m,eco_aggregate_total,mts_details_mrd,2012,48.01
hnd,sex_m,eco_aggregate_total,mts_details_mrd,2013,47.04
hnd,sex_m,eco_aggregate_total,mts_details_mrd,2014,47.31
hnd,sex_m,eco_aggregate_total,mts_details_mrd,2015,46.55
hnd,sex_m,eco_aggregate_total,mts_details_mrd,2016,48.36
hnd,sex_m,eco_aggregate_total,mts_details_mrd,2017,47.92
hnd,sex_m,eco_aggregate_total,mts_details_mrd,2018,47.41
hnd,sex_m,eco_aggregate_total,mts_details_mrd,2019,47.51
hnd,sex_m,eco_aggregate_total,mts_details_mrd,2020,48.25
hnd,sex_m,eco_aggregate_total,mts_details_mrd,2021,47.85
hnd,sex_m,eco_aggregate_total,mts_details_mrd,2022,48.23
hnd,sex_m,eco_aggregate_total,mts_details_mrd,2023,45.57
hnd,sex_m,eco_aggregate_total,mts_details_mrd,2024,45.88
hnd,sex_m,eco_aggregate_total,mts_details_sep,2005,47.06
hnd,sex_m,eco_aggregate_total,mts_details_sep,2006,46.51
hnd,sex_m,eco_aggregate_total,mts_details_sep,2007,46.4
hnd,sex_m,eco_aggregate_total,mts_details_sep,2008,42.43
hnd,sex_m,eco_aggregate_total,mts_details_sep,2009,45.02
hnd,sex_m,eco_aggregate_total,mts_details_sep,2010,41.6
hnd,sex_m,eco_aggregate_total,mts_details_sep,2011,47.58
hnd,sex_m,eco_aggregate_total,mts_details_sep,2012,45.97
hnd,sex_m,eco_aggregate_total,mts_details_sep,2013,46.5
hnd,sex_m,eco_aggregate_total,mts_details_sep,2014,51.22
hnd,sex_m,eco_aggregate_total,mts_details_sep,2015,47.36
hnd,sex_m,eco_aggregate_total,mts_details_sep,2016,46.3
hnd,sex_m,eco_aggregate_total,mts_details_sep,2017,45.26
hnd,sex_m,eco_aggregate_total,mts_details_sep,2018,46.51
hnd,sex_m,eco_aggregate_total,mts_details_sep,2019,41.97
hnd,sex_m,eco_aggregate_total,mts_details_sep,2020,46.01
hnd,sex_m,eco_aggregate_total,mts_details_sep,2021,44.44
hnd,sex_m,eco_aggregate_total,mts_details_sep,2022,48.27
hnd,sex_m,eco_aggregate_total,mts_details_sep,2023,38.08
hnd,sex_m,eco_aggregate_total,mts_details_sep,2024,45.13
hnd,sex_m,eco_aggregate_total,mts_details_sgle,2005,43.73
hnd,sex_m,eco_aggregate_total,mts_details_sgle,2006,43.87
hnd,sex_m,eco_aggregate_total,mts_details_sgle,2007,42.33
hnd,sex_m,eco_aggregate_total,mts_details_sgle,2008,41.77
hnd,sex_m,eco_aggregate_total,mts_details_sgle,2009,39.82
hnd,sex_m,eco_aggregate_total,mts_details_sgle,2010,39.91
hnd,sex_m,eco_aggregate_total,mts_details_sgle,2011,40.76
hnd,sex_m,eco_aggregate_total,mts_details_sgle,2012,42.01
hnd,sex_m,eco_aggregate_total,mts_details_sgle,2013,39.82
hnd,sex_m,eco_aggregate_total,mts_details_sgle,2014,41.25
hnd,sex_m,eco_aggregate_total,mts_details_sgle,2015,41.09
hnd,sex_m,eco_aggregate_total,mts_details_sgle,2016,42.37
hnd,sex_m,eco_aggregate_total,mts_details_sgle,2017,41.65
hnd,sex_m,eco_aggregate_total,mts_details_sgle,2018,43.47
hnd,sex_m,eco_aggregate_total,mts_details_sgle,2019,43.3
hnd,sex_m,eco_aggregate_total,mts_details_sgle,2020,42.7
hnd,sex_m,eco_aggregate_total,mts_details_sgle,2021,44.12
hnd,sex_m,eco_aggregate_total,mts_details_sgle,2022,44.52
hnd,sex_m,eco_aggregate_total,mts_details_sgle,2023,45.25
hnd,sex_m,eco_aggregate_total,mts_details_sgle,2024,45.56
hnd,sex_m,eco_aggregate_total,mts_details_total,2005,45.92
hnd,sex_m,eco_aggregate_total,mts_details_total,2006,46.17
hnd,sex_m,eco_aggregate_total,mts_details_total,2007,45.67
hnd,sex_m,eco_aggregate_total,mts_details_total,2008,44.79
hnd,sex_m,eco_aggregate_total,mts_details_total,2009,42.84
hnd,sex_m,eco_aggregate_total,mts_details_total,2010,43.02
hnd,sex_m,eco_aggregate_total,mts_details_total,2011,44.37
hnd,sex_m,eco_aggregate_total,mts_details_total,2012,45.39
hnd,sex_m,eco_aggregate_total,mts_details_total,2013,44.2
hnd,sex_m,eco_aggregate_total,mts_details_total,2014,45.1
hnd,sex_m,eco_aggregate_total,mts_details_total,2015,44.66
hnd,sex_m,eco_aggregate_total,mts_details_total,2016,46.42
hnd,sex_m,eco_aggregate_total,mts_details_total,2017,45.54
hnd,sex_m,eco_aggregate_total,mts_details_total,2018,46.39
hnd,sex_m,eco_aggregate_total,mts_details_total,2019,46.32
hnd,sex_m,eco_aggregate_total,mts_details_total,2020,45.51
hnd,sex_m,eco_aggregate_total,mts_details_total,2021,47
hnd,sex_m,eco_aggregate_total,mts_details_total,2022,46.39
hnd,sex_m,eco_aggregate_total,mts_details_total,2023,45.93
hnd,sex_m,eco_aggregate_total,mts_details_total,2024,47.4
hnd,sex_m,eco_aggregate_total,mts_details_union,2005,47.7
hnd,sex_m,eco_aggregate_total,mts_details_union,2006,48.47
hnd,sex_m,eco_aggregate_total,mts_details_union,2007,48.45
hnd,sex_m,eco_aggregate_total,mts_details_union,2008,47.73
hnd,sex_m,eco_aggregate_total,mts_details_union,2009,45.53
hnd,sex_m,eco_aggregate_total,mts_details_union,2010,45.97
hnd,sex_m,eco_aggregate_total,mts_details_union,2011,47.78
hnd,sex_m,eco_aggregate_total,mts_details_union,2012,48.11
hnd,sex_m,eco_aggregate_total,mts_details_union,2013,47.56
hnd,sex_m,eco_aggregate_total,mts_details_union,2014,47.94
hnd,sex_m,eco_aggregate_total,mts_details_union,2015,47.48
hnd,sex_m,eco_aggregate_total,mts_details_union,2016,49.63
hnd,sex_m,eco_aggregate_total,mts_details_union,2017,48.59
hnd,sex_m,eco_aggregate_total,mts_details_union,2018,49.12
hnd,sex_m,eco_aggregate_total,mts_details_union,2019,49.2
hnd,sex_m,eco_aggregate_total,mts_details_union,2020,47.34
hnd,sex_m,eco_aggregate_total,mts_details_union,2021,50.01
hnd,sex_m,eco_aggregate_total,mts_details_union,2022,47.5
hnd,sex_m,eco_aggregate_total,mts_details_union,2023,47.42
hnd,sex_m,eco_aggregate_total,mts_details_union,2024,50.19
hnd,sex_m,eco_aggregate_total,mts_details_wid,2005,43.75
hnd,sex_m,eco_aggregate_total,mts_details_wid,2006,46.07
hnd,sex_m,eco_aggregate_total,mts_details_wid,2007,46.05
hnd,sex_m,eco_aggregate_total,mts_details_wid,2008,44.15
hnd,sex_m,eco_aggregate_total,mts_details_wid,2009,39.01
hnd,sex_m,eco_aggregate_total,mts_details_wid,2010,47.69
hnd,sex_m,eco_aggregate_total,mts_details_wid,2011,48.53
hnd,sex_m,eco_aggregate_total,mts_details_wid,2012,44.99
hnd,sex_m,eco_aggregate_total,mts_details_wid,2013,45.85
hnd,sex_m,eco_aggregate_total,mts_details_wid,2014,33.91
hnd,sex_m,eco_aggregate_total,mts_details_wid,2015,32.22
hnd,sex_m,eco_aggregate_total,mts_details_wid,2016,51.43
hnd,sex_m,eco_aggregate_total,mts_details_wid,2017,35.48
hnd,sex_m,eco_aggregate_total,mts_details_wid,2018,43.9
hnd,sex_m,eco_aggregate_total,mts_details_wid,2019,44.79
hnd,sex_m,eco_aggregate_total,mts_details_wid,2020,40.62
hnd,sex_m,eco_aggregate_total,mts_details_wid,2021,47.22
hnd,sex_m,eco_aggregate_total,mts_details_wid,2022,27.64
hnd,sex_m,eco_aggregate_total,mts_details_wid,2023,37.09
hnd,sex_m,eco_aggregate_total,mts_details_wid,2024,49.58
hnd,sex_m,eco_aggregate_x,mts_aggregate_1,2007,44.92
hnd,sex_m,eco_aggregate_x,mts_aggregate_1,2009,43.83
hnd,sex_m,eco_aggregate_x,mts_aggregate_1,2010,36.63
hnd,sex_m,eco_aggregate_x,mts_aggregate_1,2014,48.51
hnd,sex_m,eco_aggregate_x,mts_aggregate_1,2021,42.58
hnd,sex_m,eco_aggregate_x,mts_aggregate_2,2005,48.15
hnd,sex_m,eco_aggregate_x,mts_aggregate_2,2006,43.81
hnd,sex_m,eco_aggregate_x,mts_aggregate_2,2007,50.57
hnd,sex_m,eco_aggregate_x,mts_aggregate_2,2009,48.1
hnd,sex_m,eco_aggregate_x,mts_aggregate_2,2010,55.59
hnd,sex_m,eco_aggregate_x,mts_aggregate_2,2021,49.87
hnd,sex_m,eco_aggregate_x,mts_aggregate_total,2005,46.92
hnd,sex_m,eco_aggregate_x,mts_aggregate_total,2006,42.37
hnd,sex_m,eco_aggregate_x,mts_aggregate_total,2007,47.98
hnd,sex_m,eco_aggregate_x,mts_aggregate_total,2009,46.77
hnd,sex_m,eco_aggregate_x,mts_aggregate_total,2010,43.86
hnd,sex_m,eco_aggregate_x,mts_aggregate_total,2011,47.05
hnd,sex_m,eco_aggregate_x,mts_aggregate_total,2013,53.89
hnd,sex_m,eco_aggregate_x,mts_aggregate_total,2014,51.81
hnd,sex_m,eco_aggregate_x,mts_aggregate_total,2021,46.36
hnd,sex_m,eco_aggregate_x,mts_details_mrd,2005,43.74
hnd,sex_m,eco_aggregate_x,mts_details_mrd,2007,52.1
hnd,sex_m,eco_aggregate_x,mts_details_mrd,2009,43.48
hnd,sex_m,eco_aggregate_x,mts_details_mrd,2010,47.63
hnd,sex_m,eco_aggregate_x,mts_details_mrd,2021,49.13
hnd,sex_m,eco_aggregate_x,mts_details_sgle,2007,44.94
hnd,sex_m,eco_aggregate_x,mts_details_sgle,2009,43.82
hnd,sex_m,eco_aggregate_x,mts_details_sgle,2010,36.63
hnd,sex_m,eco_aggregate_x,mts_details_sgle,2014,48.51
hnd,sex_m,eco_aggregate_x,mts_details_sgle,2021,42.11
hnd,sex_m,eco_aggregate_x,mts_details_total,2005,46.92
hnd,sex_m,eco_aggregate_x,mts_details_total,2006,42.37
hnd,sex_m,eco_aggregate_x,mts_details_total,2007,47.98
hnd,sex_m,eco_aggregate_x,mts_details_total,2009,46.77
hnd,sex_m,eco_aggregate_x,mts_details_total,2010,43.86
hnd,sex_m,eco_aggregate_x,mts_details_total,2011,47.05
hnd,sex_m,eco_aggregate_x,mts_details_total,2013,53.89
hnd,sex_m,eco_aggregate_x,mts_details_total,2014,51.81
hnd,sex_m,eco_aggregate_x,mts_details_total,2021,46.36
hnd,sex_m,eco_aggregate_x,mts_details_union,2007,48.82
hnd,sex_m,eco_aggregate_x,mts_details_union,2009,51.18
hnd,sex_m,eco_aggregate_x,mts_details_union,2010,65.44
hnd,sex_m,eco_aggregate_x,mts_details_union,2021,50.33
hnd,sex_m,eco_sector_agr,mts_aggregate_1,2005,38.66
hnd,sex_m,eco_sector_agr,mts_aggregate_1,2006,37.81
hnd,sex_m,eco_sector_agr,mts_aggregate_1,2007,35.82
hnd,sex_m,eco_sector_agr,mts_aggregate_1,2008,35.18
hnd,sex_m,eco_sector_agr,mts_aggregate_1,2009,33.99
hnd,sex_m,eco_sector_agr,mts_aggregate_1,2010,33.7
hnd,sex_m,eco_sector_agr,mts_aggregate_1,2011,35.25
hnd,sex_m,eco_sector_agr,mts_aggregate_1,2012,36.58
hnd,sex_m,eco_sector_agr,mts_aggregate_1,2013,32.48
hnd,sex_m,eco_sector_agr,mts_aggregate_1,2014,31.3
hnd,sex_m,eco_sector_agr,mts_aggregate_1,2015,31.55
hnd,sex_m,eco_sector_agr,mts_aggregate_1,2016,33.11
hnd,sex_m,eco_sector_agr,mts_aggregate_1,2017,34
hnd,sex_m,eco_sector_agr,mts_aggregate_1,2018,37.09
hnd,sex_m,eco_sector_agr,mts_aggregate_1,2019,37.63
hnd,sex_m,eco_sector_agr,mts_aggregate_1,2020,37.62
hnd,sex_m,eco_sector_agr,mts_aggregate_1,2021,35.98
hnd,sex_m,eco_sector_agr,mts_aggregate_1,2022,35.26
hnd,sex_m,eco_sector_agr,mts_aggregate_1,2023,37.16
hnd,sex_m,eco_sector_agr,mts_aggregate_1,2024,37.97
hnd,sex_m,eco_sector_agr,mts_aggregate_2,2005,42.73
hnd,sex_m,eco_sector_agr,mts_aggregate_2,2006,40.71
hnd,sex_m,eco_sector_agr,mts_aggregate_2,2007,42.41
hnd,sex_m,eco_sector_agr,mts_aggregate_2,2008,39.85
hnd,sex_m,eco_sector_agr,mts_aggregate_2,2009,38.93
hnd,sex_m,eco_sector_agr,mts_aggregate_2,2010,37.83
hnd,sex_m,eco_sector_agr,mts_aggregate_2,2011,40.33
hnd,sex_m,eco_sector_agr,mts_aggregate_2,2012,42
hnd,sex_m,eco_sector_agr,mts_aggregate_2,2013,41
hnd,sex_m,eco_sector_agr,mts_aggregate_2,2014,36.31
hnd,sex_m,eco_sector_agr,mts_aggregate_2,2015,37.17
hnd,sex_m,eco_sector_agr,mts_aggregate_2,2016,40.2
hnd,sex_m,eco_sector_agr,mts_aggregate_2,2017,38.72
hnd,sex_m,eco_sector_agr,mts_aggregate_2,2018,41.25
hnd,sex_m,eco_sector_agr,mts_aggregate_2,2019,41.69
hnd,sex_m,eco_sector_agr,mts_aggregate_2,2020,42.7
hnd,sex_m,eco_sector_agr,mts_aggregate_2,2021,41.07
hnd,sex_m,eco_sector_agr,mts_aggregate_2,2022,39.76
hnd,sex_m,eco_sector_agr,mts_aggregate_2,2023,39.29
hnd,sex_m,eco_sector_agr,mts_aggregate_2,2024,41.44
hnd,sex_m,eco_sector_agr,mts_aggregate_total,2005,40.95
hnd,sex_m,eco_sector_agr,mts_aggregate_total,2006,39.35
hnd,sex_m,eco_sector_agr,mts_aggregate_total,2007,38.99
hnd,sex_m,eco_sector_agr,mts_aggregate_total,2008,37.39
hnd,sex_m,eco_sector_agr,mts_aggregate_total,2009,36.28
hnd,sex_m,eco_sector_agr,mts_aggregate_total,2010,35.62
hnd,sex_m,eco_sector_agr,mts_aggregate_total,2011,37.8
hnd,sex_m,eco_sector_agr,mts_aggregate_total,2012,39.05
hnd,sex_m,eco_sector_agr,mts_aggregate_total,2013,36.59
hnd,sex_m,eco_sector_agr,mts_aggregate_total,2014,33.84
hnd,sex_m,eco_sector_agr,mts_aggregate_total,2015,34.58
hnd,sex_m,eco_sector_agr,mts_aggregate_total,2016,36.77
hnd,sex_m,eco_sector_agr,mts_aggregate_total,2017,36.34
hnd,sex_m,eco_sector_agr,mts_aggregate_total,2018,39.42
hnd,sex_m,eco_sector_agr,mts_aggregate_total,2019,39.79
hnd,sex_m,eco_sector_agr,mts_aggregate_total,2020,40.43
hnd,sex_m,eco_sector_agr,mts_aggregate_total,2021,38.86
hnd,sex_m,eco_sector_agr,mts_aggregate_total,2022,38.05
hnd,sex_m,eco_sector_agr,mts_aggregate_total,2023,38.35
hnd,sex_m,eco_sector_agr,mts_aggregate_total,2024,40.04
hnd,sex_m,eco_sector_agr,mts_details_mrd,2005,43.06
hnd,sex_m,eco_sector_agr,mts_details_mrd,2006,39.77
hnd,sex_m,eco_sector_agr,mts_details_mrd,2007,42.82
hnd,sex_m,eco_sector_agr,mts_details_mrd,2008,39.09
hnd,sex_m,eco_sector_agr,mts_details_mrd,2009,38.48
hnd,sex_m,eco_sector_agr,mts_details_mrd,2010,38.38
hnd,sex_m,eco_sector_agr,mts_details_mrd,2011,39.27
hnd,sex_m,eco_sector_agr,mts_details_mrd,2012,42.41
hnd,sex_m,eco_sector_agr,mts_details_mrd,2013,43.03
hnd,sex_m,eco_sector_agr,mts_details_mrd,2014,34.54
hnd,sex_m,eco_sector_agr,mts_details_mrd,2015,37.74
hnd,sex_m,eco_sector_agr,mts_details_mrd,2016,38.89
hnd,sex_m,eco_sector_agr,mts_details_mrd,2017,39.29
hnd,sex_m,eco_sector_agr,mts_details_mrd,2018,41.67
hnd,sex_m,eco_sector_agr,mts_details_mrd,2019,42.3
hnd,sex_m,eco_sector_agr,mts_details_mrd,2020,41.2
hnd,sex_m,eco_sector_agr,mts_details_mrd,2021,40.52
hnd,sex_m,eco_sector_agr,mts_details_mrd,2022,40.7
hnd,sex_m,eco_sector_agr,mts_details_mrd,2023,38.73
hnd,sex_m,eco_sector_agr,mts_details_mrd,2024,40.2
hnd,sex_m,eco_sector_agr,mts_details_sep,2005,36.73
hnd,sex_m,eco_sector_agr,mts_details_sep,2006,37.05
hnd,sex_m,eco_sector_agr,mts_details_sep,2007,40.03
hnd,sex_m,eco_sector_agr,mts_details_sep,2008,36.48
hnd,sex_m,eco_sector_agr,mts_details_sep,2009,37.92
hnd,sex_m,eco_sector_agr,mts_details_sep,2010,35.64
hnd,sex_m,eco_sector_agr,mts_details_sep,2011,43.44
hnd,sex_m,eco_sector_agr,mts_details_sep,2012,36.54
hnd,sex_m,eco_sector_agr,mts_details_sep,2013,37.05
hnd,sex_m,eco_sector_agr,mts_details_sep,2015,37
hnd,sex_m,eco_sector_agr,mts_details_sep,2016,29.42
hnd,sex_m,eco_sector_agr,mts_details_sep,2017,39.66
hnd,sex_m,eco_sector_agr,mts_details_sep,2021,37.58
hnd,sex_m,eco_sector_agr,mts_details_sep,2022,49.21
hnd,sex_m,eco_sector_agr,mts_details_sep,2023,33.37
hnd,sex_m,eco_sector_agr,mts_details_sep,2024,39.94
hnd,sex_m,eco_sector_agr,mts_details_sgle,2005,38.55
hnd,sex_m,eco_sector_agr,mts_details_sgle,2006,37.74
hnd,sex_m,eco_sector_agr,mts_details_sgle,2007,35.69
hnd,sex_m,eco_sector_agr,mts_details_sgle,2008,35.18
hnd,sex_m,eco_sector_agr,mts_details_sgle,2009,33.92
hnd,sex_m,eco_sector_agr,mts_details_sgle,2010,33.58
hnd,sex_m,eco_sector_agr,mts_details_sgle,2011,34.88
hnd,sex_m,eco_sector_agr,mts_details_sgle,2012,36.67
hnd,sex_m,eco_sector_agr,mts_details_sgle,2013,32.27
hnd,sex_m,eco_sector_agr,mts_details_sgle,2014,31.28
hnd,sex_m,eco_sector_agr,mts_details_sgle,2015,31.52
hnd,sex_m,eco_sector_agr,mts_details_sgle,2016,33.15
hnd,sex_m,eco_sector_agr,mts_details_sgle,2017,33.91
hnd,sex_m,eco_sector_agr,mts_details_sgle,2018,36.98
hnd,sex_m,eco_sector_agr,mts_details_sgle,2019,37.37
hnd,sex_m,eco_sector_agr,mts_details_sgle,2020,37.78
hnd,sex_m,eco_sector_agr,mts_details_sgle,2021,35.93
hnd,sex_m,eco_sector_agr,mts_details_sgle,2022,34.82
hnd,sex_m,eco_sector_agr,mts_details_sgle,2023,37.37
hnd,sex_m,eco_sector_agr,mts_details_sgle,2024,37.79
hnd,sex_m,eco_sector_agr,mts_details_total,2005,40.95
hnd,sex_m,eco_sector_agr,mts_details_total,2006,39.35
hnd,sex_m,eco_sector_agr,mts_details_total,2007,38.99
hnd,sex_m,eco_sector_agr,mts_details_total,2008,37.39
hnd,sex_m,eco_sector_agr,mts_details_total,2009,36.28
hnd,sex_m,eco_sector_agr,mts_details_total,2010,35.62
hnd,sex_m,eco_sector_agr,mts_details_total,2011,37.8
hnd,sex_m,eco_sector_agr,mts_details_total,2012,39.05
hnd,sex_m,eco_sector_agr,mts_details_total,2013,36.59
hnd,sex_m,eco_sector_agr,mts_details_total,2014,33.84
hnd,sex_m,eco_sector_agr,mts_details_total,2015,34.58
hnd,sex_m,eco_sector_agr,mts_details_total,2016,36.77
hnd,sex_m,eco_sector_agr,mts_details_total,2017,36.34
hnd,sex_m,eco_sector_agr,mts_details_total,2018,39.42
hnd,sex_m,eco_sector_agr,mts_details_total,2019,39.79
hnd,sex_m,eco_sector_agr,mts_details_total,2020,40.43
hnd,sex_m,eco_sector_agr,mts_details_total,2021,38.86
hnd,sex_m,eco_sector_agr,mts_details_total,2022,38.05
hnd,sex_m,eco_sector_agr,mts_details_total,2023,38.35
hnd,sex_m,eco_sector_agr,mts_details_total,2024,40.04
hnd,sex_m,eco_sector_agr,mts_details_union,2005,42.59
hnd,sex_m,eco_sector_agr,mts_details_union,2006,41.17
hnd,sex_m,eco_sector_agr,mts_details_union,2007,42.21
hnd,sex_m,eco_sector_agr,mts_details_union,2008,40.26
hnd,sex_m,eco_sector_agr,mts_details_union,2009,39.14
hnd,sex_m,eco_sector_agr,mts_details_union,2010,37.55
hnd,sex_m,eco_sector_agr,mts_details_union,2011,40.83
hnd,sex_m,eco_sector_agr,mts_details_union,2012,41.79
hnd,sex_m,eco_sector_agr,mts_details_union,2013,40.07
hnd,sex_m,eco_sector_agr,mts_details_union,2014,36.96
hnd,sex_m,eco_sector_agr,mts_details_union,2015,36.91
hnd,sex_m,eco_sector_agr,mts_details_union,2016,40.73
hnd,sex_m,eco_sector_agr,mts_details_union,2017,38.49
hnd,sex_m,eco_sector_agr,mts_details_union,2018,41.07
hnd,sex_m,eco_sector_agr,mts_details_union,2019,41.4
hnd,sex_m,eco_sector_agr,mts_details_union,2020,43.43
hnd,sex_m,eco_sector_agr,mts_details_union,2021,41.36
hnd,sex_m,eco_sector_agr,mts_details_union,2022,39.39
hnd,sex_m,eco_sector_agr,mts_details_union,2023,39.56
hnd,sex_m,eco_sector_agr,mts_details_union,2024,42.04
hnd,sex_m,eco_sector_agr,mts_details_wid,2005,44.28
hnd,sex_m,eco_sector_agr,mts_details_wid,2006,41.08
hnd,sex_m,eco_sector_agr,mts_details_wid,2007,36.5
hnd,sex_m,eco_sector_agr,mts_details_wid,2008,33.62
hnd,sex_m,eco_sector_agr,mts_details_wid,2009,33.94
hnd,sex_m,eco_sector_agr,mts_details_wid,2010,42.35
hnd,sex_m,eco_sector_agr,mts_details_wid,2011,43.03
hnd,sex_m,eco_sector_agr,mts_details_wid,2012,29
hnd,sex_m,eco_sector_agr,mts_details_wid,2013,39.12
hnd,sex_m,eco_sector_agr,mts_details_wid,2015,29.3
hnd,sex_m,eco_sector_agr,mts_details_wid,2017,32.71
hnd,sex_m,eco_sector_agr,mts_details_wid,2019,42.86
hnd,sex_m,eco_sector_agr,mts_details_wid,2021,36.42
hnd,sex_m,eco_sector_agr,mts_details_wid,2023,31.29
hnd,sex_m,eco_sector_agr,mts_details_wid,2024,43.23
hnd,sex_m,eco_sector_ind,mts_aggregate_1,2005,45.59
hnd,sex_m,eco_sector_ind,mts_aggregate_1,2006,46.42
hnd,sex_m,eco_sector_ind,mts_aggregate_1,2007,45.6
hnd,sex_m,eco_sector_ind,mts_aggregate_1,2008,45.41
hnd,sex_m,eco_sector_ind,mts_aggregate_1,2009,43.74
hnd,sex_m,eco_sector_ind,mts_aggregate_1,2010,43.32
hnd,sex_m,eco_sector_ind,mts_aggregate_1,2011,43.37
hnd,sex_m,eco_sector_ind,mts_aggregate_1,2012,44.83
hnd,sex_m,eco_sector_ind,mts_aggregate_1,2013,43.59
hnd,sex_m,eco_sector_ind,mts_aggregate_1,2014,43.38
hnd,sex_m,eco_sector_ind,mts_aggregate_1,2015,44.2
hnd,sex_m,eco_sector_ind,mts_aggregate_1,2016,45.69
hnd,sex_m,eco_sector_ind,mts_aggregate_1,2017,44.57
hnd,sex_m,eco_sector_ind,mts_aggregate_1,2018,45.82
hnd,sex_m,eco_sector_ind,mts_aggregate_1,2019,43.76
hnd,sex_m,eco_sector_ind,mts_aggregate_1,2020,47.49
hnd,sex_m,eco_sector_ind,mts_aggregate_1,2021,46.11
hnd,sex_m,eco_sector_ind,mts_aggregate_1,2022,45.83
hnd,sex_m,eco_sector_ind,mts_aggregate_1,2023,46.43
hnd,sex_m,eco_sector_ind,mts_aggregate_1,2024,45.62
hnd,sex_m,eco_sector_ind,mts_aggregate_2,2005,48.51
hnd,sex_m,eco_sector_ind,mts_aggregate_2,2006,49.5
hnd,sex_m,eco_sector_ind,mts_aggregate_2,2007,49.32
hnd,sex_m,eco_sector_ind,mts_aggregate_2,2008,48.92
hnd,sex_m,eco_sector_ind,mts_aggregate_2,2009,47.35
hnd,sex_m,eco_sector_ind,mts_aggregate_2,2010,47.51
hnd,sex_m,eco_sector_ind,mts_aggregate_2,2011,48.43
hnd,sex_m,eco_sector_ind,mts_aggregate_2,2012,48.44
hnd,sex_m,eco_sector_ind,mts_aggregate_2,2013,46.96
hnd,sex_m,eco_sector_ind,mts_aggregate_2,2014,49.01
hnd,sex_m,eco_sector_ind,mts_aggregate_2,2015,48.29
hnd,sex_m,eco_sector_ind,mts_aggregate_2,2016,49.5
hnd,sex_m,eco_sector_ind,mts_aggregate_2,2017,49.24
hnd,sex_m,eco_sector_ind,mts_aggregate_2,2018,50.71
hnd,sex_m,eco_sector_ind,mts_aggregate_2,2019,48.99
hnd,sex_m,eco_sector_ind,mts_aggregate_2,2020,48.94
hnd,sex_m,eco_sector_ind,mts_aggregate_2,2021,49.13
hnd,sex_m,eco_sector_ind,mts_aggregate_2,2022,48.82
hnd,sex_m,eco_sector_ind,mts_aggregate_2,2023,46.97
hnd,sex_m,eco_sector_ind,mts_aggregate_2,2024,49.79
hnd,sex_m,eco_sector_ind,mts_aggregate_total,2005,47.26
hnd,sex_m,eco_sector_ind,mts_aggregate_total,2006,48.18
hnd,sex_m,eco_sector_ind,mts_aggregate_total,2007,47.75
hnd,sex_m,eco_sector_ind,mts_aggregate_total,2008,47.38
hnd,sex_m,eco_sector_ind,mts_aggregate_total,2009,45.76
hnd,sex_m,eco_sector_ind,mts_aggregate_total,2010,45.59
hnd,sex_m,eco_sector_ind,mts_aggregate_total,2011,46.29
hnd,sex_m,eco_sector_ind,mts_aggregate_total,2012,46.92
hnd,sex_m,eco_sector_ind,mts_aggregate_total,2013,45.56
hnd,sex_m,eco_sector_ind,mts_aggregate_total,2014,46.8
hnd,sex_m,eco_sector_ind,mts_aggregate_total,2015,46.68
hnd,sex_m,eco_sector_ind,mts_aggregate_total,2016,48.04
hnd,sex_m,eco_sector_ind,mts_aggregate_total,2017,47.49
hnd,sex_m,eco_sector_ind,mts_aggregate_total,2018,48.64
hnd,sex_m,eco_sector_ind,mts_aggregate_total,2019,46.84
hnd,sex_m,eco_sector_ind,mts_aggregate_total,2020,48.34
hnd,sex_m,eco_sector_ind,mts_aggregate_total,2021,47.84
hnd,sex_m,eco_sector_ind,mts_aggregate_total,2022,47.58
hnd,sex_m,eco_sector_ind,mts_aggregate_total,2023,46.74
hnd,sex_m,eco_sector_ind,mts_aggregate_total,2024,48.03
hnd,sex_m,eco_sector_ind,mts_details_mrd,2005,48.31
hnd,sex_m,eco_sector_ind,mts_details_mrd,2006,49.52
hnd,sex_m,eco_sector_ind,mts_details_mrd,2007,49.51
hnd,sex_m,eco_sector_ind,mts_details_mrd,2008,48.77
hnd,sex_m,eco_sector_ind,mts_details_mrd,2009,47.56
hnd,sex_m,eco_sector_ind,mts_details_mrd,2010,47.26
hnd,sex_m,eco_sector_ind,mts_details_mrd,2011,48.08
hnd,sex_m,eco_sector_ind,mts_details_mrd,2012,49.42
hnd,sex_m,eco_sector_ind,mts_details_mrd,2013,47.5
hnd,sex_m,eco_sector_ind,mts_details_mrd,2014,49.44
hnd,sex_m,eco_sector_ind,mts_details_mrd,2015,48.51
hnd,sex_m,eco_sector_ind,mts_details_mrd,2016,50.17
hnd,sex_m,eco_sector_ind,mts_details_mrd,2017,49.59
hnd,sex_m,eco_sector_ind,mts_details_mrd,2018,48.77
hnd,sex_m,eco_sector_ind,mts_details_mrd,2019,48.68
hnd,sex_m,eco_sector_ind,mts_details_mrd,2020,49.52
hnd,sex_m,eco_sector_ind,mts_details_mrd,2021,49.43
hnd,sex_m,eco_sector_ind,mts_details_mrd,2022,49.58
hnd,sex_m,eco_sector_ind,mts_details_mrd,2023,45.97
hnd,sex_m,eco_sector_ind,mts_details_mrd,2024,49.13
hnd,sex_m,eco_sector_ind,mts_details_sep,2005,54.97
hnd,sex_m,eco_sector_ind,mts_details_sep,2006,51.15
hnd,sex_m,eco_sector_ind,mts_details_sep,2007,48.23
hnd,sex_m,eco_sector_ind,mts_details_sep,2008,43.1
hnd,sex_m,eco_sector_ind,mts_details_sep,2009,46.19
hnd,sex_m,eco_sector_ind,mts_details_sep,2010,43.63
hnd,sex_m,eco_sector_ind,mts_details_sep,2011,46.36
hnd,sex_m,eco_sector_ind,mts_details_sep,2012,46.93
hnd,sex_m,eco_sector_ind,mts_details_sep,2013,49.75
hnd,sex_m,eco_sector_ind,mts_details_sep,2014,55.65
hnd,sex_m,eco_sector_ind,mts_details_sep,2015,50.25
hnd,sex_m,eco_sector_ind,mts_details_sep,2016,41.92
hnd,sex_m,eco_sector_ind,mts_details_sep,2017,44.27
hnd,sex_m,eco_sector_ind,mts_details_sep,2018,46.32
hnd,sex_m,eco_sector_ind,mts_details_sep,2019,37.84
hnd,sex_m,eco_sector_ind,mts_details_sep,2020,51.61
hnd,sex_m,eco_sector_ind,mts_details_sep,2021,44.12
hnd,sex_m,eco_sector_ind,mts_details_sep,2022,42.13
hnd,sex_m,eco_sector_ind,mts_details_sep,2023,34.29
hnd,sex_m,eco_sector_ind,mts_details_sep,2024,44
hnd,sex_m,eco_sector_ind,mts_details_sgle,2005,45.38
hnd,sex_m,eco_sector_ind,mts_details_sgle,2006,46.28
hnd,sex_m,eco_sector_ind,mts_details_sgle,2007,45.49
hnd,sex_m,eco_sector_ind,mts_details_sgle,2008,45.42
hnd,sex_m,eco_sector_ind,mts_details_sgle,2009,43.68
hnd,sex_m,eco_sector_ind,mts_details_sgle,2010,43.39
hnd,sex_m,eco_sector_ind,mts_details_sgle,2011,43.27
hnd,sex_m,eco_sector_ind,mts_details_sgle,2012,44.69
hnd,sex_m,eco_sector_ind,mts_details_sgle,2013,43.53
hnd,sex_m,eco_sector_ind,mts_details_sgle,2014,43.01
hnd,sex_m,eco_sector_ind,mts_details_sgle,2015,44.19
hnd,sex_m,eco_sector_ind,mts_details_sgle,2016,45.7
hnd,sex_m,eco_sector_ind,mts_details_sgle,2017,44.67
hnd,sex_m,eco_sector_ind,mts_details_sgle,2018,45.89
hnd,sex_m,eco_sector_ind,mts_details_sgle,2019,43.96
hnd,sex_m,eco_sector_ind,mts_details_sgle,2020,47.4
hnd,sex_m,eco_sector_ind,mts_details_sgle,2021,46.13
hnd,sex_m,eco_sector_ind,mts_details_sgle,2022,46.3
hnd,sex_m,eco_sector_ind,mts_details_sgle,2023,47.01
hnd,sex_m,eco_sector_ind,mts_details_sgle,2024,45.51
hnd,sex_m,eco_sector_ind,mts_details_total,2005,47.26
hnd,sex_m,eco_sector_ind,mts_details_total,2006,48.18
hnd,sex_m,eco_sector_ind,mts_details_total,2007,47.75
hnd,sex_m,eco_sector_ind,mts_details_total,2008,47.38
hnd,sex_m,eco_sector_ind,mts_details_total,2009,45.76
hnd,sex_m,eco_sector_ind,mts_details_total,2010,45.59
hnd,sex_m,eco_sector_ind,mts_details_total,2011,46.29
hnd,sex_m,eco_sector_ind,mts_details_total,2012,46.92
hnd,sex_m,eco_sector_ind,mts_details_total,2013,45.56
hnd,sex_m,eco_sector_ind,mts_details_total,2014,46.8
hnd,sex_m,eco_sector_ind,mts_details_total,2015,46.68
hnd,sex_m,eco_sector_ind,mts_details_total,2016,48.04
hnd,sex_m,eco_sector_ind,mts_details_total,2017,47.49
hnd,sex_m,eco_sector_ind,mts_details_total,2018,48.64
hnd,sex_m,eco_sector_ind,mts_details_total,2019,46.84
hnd,sex_m,eco_sector_ind,mts_details_total,2020,48.34
hnd,sex_m,eco_sector_ind,mts_details_total,2021,47.84
hnd,sex_m,eco_sector_ind,mts_details_total,2022,47.58
hnd,sex_m,eco_sector_ind,mts_details_total,2023,46.74
hnd,sex_m,eco_sector_ind,mts_details_total,2024,48.03
hnd,sex_m,eco_sector_ind,mts_details_union,2005,48.64
hnd,sex_m,eco_sector_ind,mts_details_union,2006,49.48
hnd,sex_m,eco_sector_ind,mts_details_union,2007,49.2
hnd,sex_m,eco_sector_ind,mts_details_union,2008,49.01
hnd,sex_m,eco_sector_ind,mts_details_union,2009,47.22
hnd,sex_m,eco_sector_ind,mts_details_union,2010,47.66
hnd,sex_m,eco_sector_ind,mts_details_union,2011,48.64
hnd,sex_m,eco_sector_ind,mts_details_union,2012,47.8
hnd,sex_m,eco_sector_ind,mts_details_union,2013,46.62
hnd,sex_m,eco_sector_ind,mts_details_union,2014,48.78
hnd,sex_m,eco_sector_ind,mts_details_union,2015,48.14
hnd,sex_m,eco_sector_ind,mts_details_union,2016,49.09
hnd,sex_m,eco_sector_ind,mts_details_union,2017,49.05
hnd,sex_m,eco_sector_ind,mts_details_union,2018,51.5
hnd,sex_m,eco_sector_ind,mts_details_union,2019,49.19
hnd,sex_m,eco_sector_ind,mts_details_union,2020,48.53
hnd,sex_m,eco_sector_ind,mts_details_union,2021,48.98
hnd,sex_m,eco_sector_ind,mts_details_union,2022,48.48
hnd,sex_m,eco_sector_ind,mts_details_union,2023,47.58
hnd,sex_m,eco_sector_ind,mts_details_union,2024,50.1
hnd,sex_m,eco_sector_ind,mts_details_wid,2006,46.19
hnd,sex_m,eco_sector_ind,mts_details_wid,2007,48.48
hnd,sex_m,eco_sector_ind,mts_details_wid,2008,49.85
hnd,sex_m,eco_sector_ind,mts_details_wid,2009,46.18
hnd,sex_m,eco_sector_ind,mts_details_wid,2014,34.33
hnd,sex_m,eco_sector_ind,mts_details_wid,2016,48.52
hnd,sex_m,eco_sector_ind,mts_details_wid,2017,41
hnd,sex_m,eco_sector_ind,mts_details_wid,2018,41.72
hnd,sex_m,eco_sector_ind,mts_details_wid,2019,37.75
hnd,sex_m,eco_sector_ind,mts_details_wid,2024,59.31
hnd,sex_m,eco_sector_ser,mts_aggregate_1,2005,47.33
hnd,sex_m,eco_sector_ser,mts_aggregate_1,2006,47.85
hnd,sex_m,eco_sector_ser,mts_aggregate_1,2007,47.12
hnd,sex_m,eco_sector_ser,mts_aggregate_1,2008,46.29
hnd,sex_m,eco_sector_ser,mts_aggregate_1,2009,44.59
hnd,sex_m,eco_sector_ser,mts_aggregate_1,2010,44.31
hnd,sex_m,eco_sector_ser,mts_aggregate_1,2011,45.2
hnd,sex_m,eco_sector_ser,mts_aggregate_1,2012,45.5
hnd,sex_m,eco_sector_ser,mts_aggregate_1,2013,45.55
hnd,sex_m,eco_sector_ser,mts_aggregate_1,2014,47.89
hnd,sex_m,eco_sector_ser,mts_aggregate_1,2015,46.7
hnd,sex_m,eco_sector_ser,mts_aggregate_1,2016,47.53
hnd,sex_m,eco_sector_ser,mts_aggregate_1,2017,47.72
hnd,sex_m,eco_sector_ser,mts_aggregate_1,2018,47.34
hnd,sex_m,eco_sector_ser,mts_aggregate_1,2019,47.89
hnd,sex_m,eco_sector_ser,mts_aggregate_1,2020,43.41
hnd,sex_m,eco_sector_ser,mts_aggregate_1,2021,49.14
hnd,sex_m,eco_sector_ser,mts_aggregate_1,2022,49.45
hnd,sex_m,eco_sector_ser,mts_aggregate_1,2023,49.57
hnd,sex_m,eco_sector_ser,mts_aggregate_1,2024,50.39
hnd,sex_m,eco_sector_ser,mts_aggregate_2,2005,50.03
hnd,sex_m,eco_sector_ser,mts_aggregate_2,2006,51.33
hnd,sex_m,eco_sector_ser,mts_aggregate_2,2007,50.47
hnd,sex_m,eco_sector_ser,mts_aggregate_2,2008,50.66
hnd,sex_m,eco_sector_ser,mts_aggregate_2,2009,48.54
hnd,sex_m,eco_sector_ser,mts_aggregate_2,2010,49.69
hnd,sex_m,eco_sector_ser,mts_aggregate_2,2011,50.23
hnd,sex_m,eco_sector_ser,mts_aggregate_2,2012,51.11
hnd,sex_m,eco_sector_ser,mts_aggregate_2,2013,51.53
hnd,sex_m,eco_sector_ser,mts_aggregate_2,2014,52.34
hnd,sex_m,eco_sector_ser,mts_aggregate_2,2015,52.36
hnd,sex_m,eco_sector_ser,mts_aggregate_2,2016,53.47
hnd,sex_m,eco_sector_ser,mts_aggregate_2,2017,53.96
hnd,sex_m,eco_sector_ser,mts_aggregate_2,2018,52.58
hnd,sex_m,eco_sector_ser,mts_aggregate_2,2019,52.6
hnd,sex_m,eco_sector_ser,mts_aggregate_2,2020,50.77
hnd,sex_m,eco_sector_ser,mts_aggregate_2,2021,56.05
hnd,sex_m,eco_sector_ser,mts_aggregate_2,2022,53.51
hnd,sex_m,eco_sector_ser,mts_aggregate_2,2023,52.19
hnd,sex_m,eco_sector_ser,mts_aggregate_2,2024,52.82
hnd,sex_m,eco_sector_ser,mts_aggregate_total,2005,49.04
hnd,sex_m,eco_sector_ser,mts_aggregate_total,2006,49.99
hnd,sex_m,eco_sector_ser,mts_aggregate_total,2007,49.25
hnd,sex_m,eco_sector_ser,mts_aggregate_total,2008,49
hnd,sex_m,eco_sector_ser,mts_aggregate_total,2009,46.99
hnd,sex_m,eco_sector_ser,mts_aggregate_total,2010,47.41
hnd,sex_m,eco_sector_ser,mts_aggregate_total,2011,48.25
hnd,sex_m,eco_sector_ser,mts_aggregate_total,2012,48.85
hnd,sex_m,eco_sector_ser,mts_aggregate_total,2013,49.23
hnd,sex_m,eco_sector_ser,mts_aggregate_total,2014,50.67
hnd,sex_m,eco_sector_ser,mts_aggregate_total,2015,50.1
hnd,sex_m,eco_sector_ser,mts_aggregate_total,2016,51.13
hnd,sex_m,eco_sector_ser,mts_aggregate_total,2017,51.61
hnd,sex_m,eco_sector_ser,mts_aggregate_total,2018,50.37
hnd,sex_m,eco_sector_ser,mts_aggregate_total,2019,50.74
hnd,sex_m,eco_sector_ser,mts_aggregate_total,2020,47.41
hnd,sex_m,eco_sector_ser,mts_aggregate_total,2021,52.95
hnd,sex_m,eco_sector_ser,mts_aggregate_total,2022,51.76
hnd,sex_m,eco_sector_ser,mts_aggregate_total,2023,51.01
hnd,sex_m,eco_sector_ser,mts_aggregate_total,2024,51.79
hnd,sex_m,eco_sector_ser,mts_details_mrd,2005,47.8
hnd,sex_m,eco_sector_ser,mts_details_mrd,2006,48.25
hnd,sex_m,eco_sector_ser,mts_details_mrd,2007,48.14
hnd,sex_m,eco_sector_ser,mts_details_mrd,2008,48.37
hnd,sex_m,eco_sector_ser,mts_details_mrd,2009,46.55
hnd,sex_m,eco_sector_ser,mts_details_mrd,2010,47.45
hnd,sex_m,eco_sector_ser,mts_details_mrd,2011,47.14
hnd,sex_m,eco_sector_ser,mts_details_mrd,2012,49.33
hnd,sex_m,eco_sector_ser,mts_details_mrd,2013,48.49
hnd,sex_m,eco_sector_ser,mts_details_mrd,2014,49.66
hnd,sex_m,eco_sector_ser,mts_details_mrd,2015,48.81
hnd,sex_m,eco_sector_ser,mts_details_mrd,2016,50.3
hnd,sex_m,eco_sector_ser,mts_details_mrd,2017,50.52
hnd,sex_m,eco_sector_ser,mts_details_mrd,2018,49.82
hnd,sex_m,eco_sector_ser,mts_details_mrd,2019,49.01
hnd,sex_m,eco_sector_ser,mts_details_mrd,2020,51.31
hnd,sex_m,eco_sector_ser,mts_details_mrd,2021,51.6
hnd,sex_m,eco_sector_ser,mts_details_mrd,2022,51.48
hnd,sex_m,eco_sector_ser,mts_details_mrd,2023,49.44
hnd,sex_m,eco_sector_ser,mts_details_mrd,2024,47.24
hnd,sex_m,eco_sector_ser,mts_details_sep,2005,45.99
hnd,sex_m,eco_sector_ser,mts_details_sep,2006,48.95
hnd,sex_m,eco_sector_ser,mts_details_sep,2007,49.36
hnd,sex_m,eco_sector_ser,mts_details_sep,2008,44.82
hnd,sex_m,eco_sector_ser,mts_details_sep,2009,48.87
hnd,sex_m,eco_sector_ser,mts_details_sep,2010,43.19
hnd,sex_m,eco_sector_ser,mts_details_sep,2011,50.71
hnd,sex_m,eco_sector_ser,mts_details_sep,2012,48.42
hnd,sex_m,eco_sector_ser,mts_details_sep,2013,48.31
hnd,sex_m,eco_sector_ser,mts_details_sep,2014,48.27
hnd,sex_m,eco_sector_ser,mts_details_sep,2015,48.4
hnd,sex_m,eco_sector_ser,mts_details_sep,2016,50.55
hnd,sex_m,eco_sector_ser,mts_details_sep,2017,48.97
hnd,sex_m,eco_sector_ser,mts_details_sep,2018,47.68
hnd,sex_m,eco_sector_ser,mts_details_sep,2019,40.46
hnd,sex_m,eco_sector_ser,mts_details_sep,2020,44.71
hnd,sex_m,eco_sector_ser,mts_details_sep,2021,48.24
hnd,sex_m,eco_sector_ser,mts_details_sep,2022,54
hnd,sex_m,eco_sector_ser,mts_details_sep,2023,42.32
hnd,sex_m,eco_sector_ser,mts_details_sep,2024,47.5
hnd,sex_m,eco_sector_ser,mts_details_sgle,2005,47.49
hnd,sex_m,eco_sector_ser,mts_details_sgle,2006,47.67
hnd,sex_m,eco_sector_ser,mts_details_sgle,2007,46.86
hnd,sex_m,eco_sector_ser,mts_details_sgle,2008,46.23
hnd,sex_m,eco_sector_ser,mts_details_sgle,2009,44.42
hnd,sex_m,eco_sector_ser,mts_details_sgle,2010,44.13
hnd,sex_m,eco_sector_ser,mts_details_sgle,2011,44.78
hnd,sex_m,eco_sector_ser,mts_details_sgle,2012,45.3
hnd,sex_m,eco_sector_ser,mts_details_sgle,2013,45.15
hnd,sex_m,eco_sector_ser,mts_details_sgle,2014,48.02
hnd,sex_m,eco_sector_ser,mts_details_sgle,2015,46.63
hnd,sex_m,eco_sector_ser,mts_details_sgle,2016,47.19
hnd,sex_m,eco_sector_ser,mts_details_sgle,2017,48.05
hnd,sex_m,eco_sector_ser,mts_details_sgle,2018,47.36
hnd,sex_m,eco_sector_ser,mts_details_sgle,2019,48.08
hnd,sex_m,eco_sector_ser,mts_details_sgle,2020,43.17
hnd,sex_m,eco_sector_ser,mts_details_sgle,2021,49.05
hnd,sex_m,eco_sector_ser,mts_details_sgle,2022,49.66
hnd,sex_m,eco_sector_ser,mts_details_sgle,2023,49.81
hnd,sex_m,eco_sector_ser,mts_details_sgle,2024,50.57
hnd,sex_m,eco_sector_ser,mts_details_total,2005,49.04
hnd,sex_m,eco_sector_ser,mts_details_total,2006,49.99
hnd,sex_m,eco_sector_ser,mts_details_total,2007,49.25
hnd,sex_m,eco_sector_ser,mts_details_total,2008,49
hnd,sex_m,eco_sector_ser,mts_details_total,2009,46.99
hnd,sex_m,eco_sector_ser,mts_details_total,2010,47.41
hnd,sex_m,eco_sector_ser,mts_details_total,2011,48.25
hnd,sex_m,eco_sector_ser,mts_details_total,2012,48.85
hnd,sex_m,eco_sector_ser,mts_details_total,2013,49.23
hnd,sex_m,eco_sector_ser,mts_details_total,2014,50.67
hnd,sex_m,eco_sector_ser,mts_details_total,2015,50.1
hnd,sex_m,eco_sector_ser,mts_details_total,2016,51.13
hnd,sex_m,eco_sector_ser,mts_details_total,2017,51.61
hnd,sex_m,eco_sector_ser,mts_details_total,2018,50.37
hnd,sex_m,eco_sector_ser,mts_details_total,2019,50.74
hnd,sex_m,eco_sector_ser,mts_details_total,2020,47.41
hnd,sex_m,eco_sector_ser,mts_details_total,2021,52.95
hnd,sex_m,eco_sector_ser,mts_details_total,2022,51.76
hnd,sex_m,eco_sector_ser,mts_details_total,2023,51.01
hnd,sex_m,eco_sector_ser,mts_details_total,2024,51.79
hnd,sex_m,eco_sector_ser,mts_details_union,2005,52.48
hnd,sex_m,eco_sector_ser,mts_details_union,2006,54.91
hnd,sex_m,eco_sector_ser,mts_details_union,2007,53.12
hnd,sex_m,eco_sector_ser,mts_details_union,2008,53.19
hnd,sex_m,eco_sector_ser,mts_details_union,2009,50.58
hnd,sex_m,eco_sector_ser,mts_details_union,2010,52.22
hnd,sex_m,eco_sector_ser,mts_details_union,2011,53.06
hnd,sex_m,eco_sector_ser,mts_details_union,2012,52.78
hnd,sex_m,eco_sector_ser,mts_details_union,2013,54.12
hnd,sex_m,eco_sector_ser,mts_details_union,2014,54.87
hnd,sex_m,eco_sector_ser,mts_details_union,2015,55.74
hnd,sex_m,eco_sector_ser,mts_details_union,2016,56.27
hnd,sex_m,eco_sector_ser,mts_details_union,2017,56.74
hnd,sex_m,eco_sector_ser,mts_details_union,2018,54.87
hnd,sex_m,eco_sector_ser,mts_details_union,2019,55.91
hnd,sex_m,eco_sector_ser,mts_details_union,2020,50.29
hnd,sex_m,eco_sector_ser,mts_details_union,2021,59.37
hnd,sex_m,eco_sector_ser,mts_details_union,2022,55.07
hnd,sex_m,eco_sector_ser,mts_details_union,2023,54.16
hnd,sex_m,eco_sector_ser,mts_details_union,2024,56.36
hnd,sex_m,eco_sector_ser,mts_details_wid,2005,42.52
hnd,sex_m,eco_sector_ser,mts_details_wid,2006,53.58
hnd,sex_m,eco_sector_ser,mts_details_wid,2007,53.93
hnd,sex_m,eco_sector_ser,mts_details_wid,2008,54.12
hnd,sex_m,eco_sector_ser,mts_details_wid,2009,44.14
hnd,sex_m,eco_sector_ser,mts_details_wid,2010,60.44
hnd,sex_m,eco_sector_ser,mts_details_wid,2011,57.41
hnd,sex_m,eco_sector_ser,mts_details_wid,2012,52.7
hnd,sex_m,eco_sector_ser,mts_details_wid,2013,57.99
hnd,sex_m,eco_sector_ser,mts_details_wid,2014,37.66
hnd,sex_m,eco_sector_ser,mts_details_wid,2016,57.84
hnd,sex_m,eco_sector_ser,mts_details_wid,2017,33.43
hnd,sex_m,eco_sector_ser,mts_details_wid,2018,44.97
hnd,sex_m,eco_sector_ser,mts_details_wid,2019,53.66
hnd,sex_m,eco_sector_ser,mts_details_wid,2021,57.48
hnd,sex_m,eco_sector_ser,mts_details_wid,2022,27.83
hnd,sex_m,eco_sector_ser,mts_details_wid,2023,51.99
hnd,sex_m,eco_sector_ser,mts_details_wid,2024,49.79
hnd,sex_m,eco_sector_total,mts_aggregate_1,2005,43.81
hnd,sex_m,eco_sector_total,mts_aggregate_1,2006,44.01
hnd,sex_m,eco_sector_total,mts_aggregate_1,2007,42.53
hnd,sex_m,eco_sector_total,mts_aggregate_1,2008,41.82
hnd,sex_m,eco_sector_total,mts_aggregate_1,2009,39.95
hnd,sex_m,eco_sector_total,mts_aggregate_1,2010,40.02
hnd,sex_m,eco_sector_total,mts_aggregate_1,2011,41.07
hnd,sex_m,eco_sector_total,mts_aggregate_1,2012,42.12
hnd,sex_m,eco_sector_total,mts_aggregate_1,2013,40.12
hnd,sex_m,eco_sector_total,mts_aggregate_1,2014,41.41
hnd,sex_m,eco_sector_total,mts_aggregate_1,2015,41.22
hnd,sex_m,eco_sector_total,mts_aggregate_1,2016,42.6
hnd,sex_m,eco_sector_total,mts_aggregate_1,2017,41.62
hnd,sex_m,eco_sector_total,mts_aggregate_1,2018,43.56
hnd,sex_m,eco_sector_total,mts_aggregate_1,2019,43.3
hnd,sex_m,eco_sector_total,mts_aggregate_1,2020,42.75
hnd,sex_m,eco_sector_total,mts_aggregate_1,2021,44.17
hnd,sex_m,eco_sector_total,mts_aggregate_1,2022,44.43
hnd,sex_m,eco_sector_total,mts_aggregate_1,2023,44.93
hnd,sex_m,eco_sector_total,mts_aggregate_1,2024,45.61
hnd,sex_m,eco_sector_total,mts_aggregate_2,2005,47.37
hnd,sex_m,eco_sector_total,mts_aggregate_2,2006,47.75
hnd,sex_m,eco_sector_total,mts_aggregate_2,2007,48.05
hnd,sex_m,eco_sector_total,mts_aggregate_2,2008,47.17
hnd,sex_m,eco_sector_total,mts_aggregate_2,2009,45.28
hnd,sex_m,eco_sector_total,mts_aggregate_2,2010,45.69
hnd,sex_m,eco_sector_total,mts_aggregate_2,2011,46.91
hnd,sex_m,eco_sector_total,mts_aggregate_2,2012,48.07
hnd,sex_m,eco_sector_total,mts_aggregate_2,2013,47.35
hnd,sex_m,eco_sector_total,mts_aggregate_2,2014,47.69
hnd,sex_m,eco_sector_total,mts_aggregate_2,2015,47.09
hnd,sex_m,eco_sector_total,mts_aggregate_2,2016,49.13
hnd,sex_m,eco_sector_total,mts_aggregate_2,2017,48.34
hnd,sex_m,eco_sector_total,mts_aggregate_2,2018,48.51
hnd,sex_m,eco_sector_total,mts_aggregate_2,2019,48.51
hnd,sex_m,eco_sector_total,mts_aggregate_2,2020,47.71
hnd,sex_m,eco_sector_total,mts_aggregate_2,2021,49.21
hnd,sex_m,eco_sector_total,mts_aggregate_2,2022,47.75
hnd,sex_m,eco_sector_total,mts_aggregate_2,2023,46.72
hnd,sex_m,eco_sector_total,mts_aggregate_2,2024,48.68
hnd,sex_m,eco_sector_total,mts_aggregate_total,2005,45.92
hnd,sex_m,eco_sector_total,mts_aggregate_total,2006,46.17
hnd,sex_m,eco_sector_total,mts_aggregate_total,2007,45.67
hnd,sex_m,eco_sector_total,mts_aggregate_total,2008,44.79
hnd,sex_m,eco_sector_total,mts_aggregate_total,2009,42.84
hnd,sex_m,eco_sector_total,mts_aggregate_total,2010,43.02
hnd,sex_m,eco_sector_total,mts_aggregate_total,2011,44.37
hnd,sex_m,eco_sector_total,mts_aggregate_total,2012,45.39
hnd,sex_m,eco_sector_total,mts_aggregate_total,2013,44.2
hnd,sex_m,eco_sector_total,mts_aggregate_total,2014,45.1
hnd,sex_m,eco_sector_total,mts_aggregate_total,2015,44.66
hnd,sex_m,eco_sector_total,mts_aggregate_total,2016,46.42
hnd,sex_m,eco_sector_total,mts_aggregate_total,2017,45.54
hnd,sex_m,eco_sector_total,mts_aggregate_total,2018,46.39
hnd,sex_m,eco_sector_total,mts_aggregate_total,2019,46.32
hnd,sex_m,eco_sector_total,mts_aggregate_total,2020,45.51
hnd,sex_m,eco_sector_total,mts_aggregate_total,2021,47
hnd,sex_m,eco_sector_total,mts_aggregate_total,2022,46.39
hnd,sex_m,eco_sector_total,mts_aggregate_total,2023,45.93
hnd,sex_m,eco_sector_total,mts_aggregate_total,2024,47.4
hnd,sex_m,eco_sector_total,mts_details_mrd,2005,46.91
hnd,sex_m,eco_sector_total,mts_details_mrd,2006,46.79
hnd,sex_m,eco_sector_total,mts_details_mrd,2007,47.51
hnd,sex_m,eco_sector_total,mts_details_mrd,2008,46.43
hnd,sex_m,eco_sector_total,mts_details_mrd,2009,44.92
hnd,sex_m,eco_sector_total,mts_details_mrd,2010,45.32
hnd,sex_m,eco_sector_total,mts_details_mrd,2011,45.62
hnd,sex_m,eco_sector_total,mts_details_mrd,2012,48.01
hnd,sex_m,eco_sector_total,mts_details_mrd,2013,47.04
hnd,sex_m,eco_sector_total,mts_details_mrd,2014,47.31
hnd,sex_m,eco_sector_total,mts_details_mrd,2015,46.55
hnd,sex_m,eco_sector_total,mts_details_mrd,2016,48.36
hnd,sex_m,eco_sector_total,mts_details_mrd,2017,47.92
hnd,sex_m,eco_sector_total,mts_details_mrd,2018,47.41
hnd,sex_m,eco_sector_total,mts_details_mrd,2019,47.51
hnd,sex_m,eco_sector_total,mts_details_mrd,2020,48.25
hnd,sex_m,eco_sector_total,mts_details_mrd,2021,47.85
hnd,sex_m,eco_sector_total,mts_details_mrd,2022,48.23
hnd,sex_m,eco_sector_total,mts_details_mrd,2023,45.57
hnd,sex_m,eco_sector_total,mts_details_mrd,2024,45.88
hnd,sex_m,eco_sector_total,mts_details_sep,2005,47.06
hnd,sex_m,eco_sector_total,mts_details_sep,2006,46.51
hnd,sex_m,eco_sector_total,mts_details_sep,2007,46.4
hnd,sex_m,eco_sector_total,mts_details_sep,2008,42.43
hnd,sex_m,eco_sector_total,mts_details_sep,2009,45.02
hnd,sex_m,eco_sector_total,mts_details_sep,2010,41.6
hnd,sex_m,eco_sector_total,mts_details_sep,2011,47.58
hnd,sex_m,eco_sector_total,mts_details_sep,2012,45.97
hnd,sex_m,eco_sector_total,mts_details_sep,2013,46.5
hnd,sex_m,eco_sector_total,mts_details_sep,2014,51.22
hnd,sex_m,eco_sector_total,mts_details_sep,2015,47.36
hnd,sex_m,eco_sector_total,mts_details_sep,2016,46.3
hnd,sex_m,eco_sector_total,mts_details_sep,2017,45.26
hnd,sex_m,eco_sector_total,mts_details_sep,2018,46.51
hnd,sex_m,eco_sector_total,mts_details_sep,2019,41.97
hnd,sex_m,eco_sector_total,mts_details_sep,2020,46.01
hnd,sex_m,eco_sector_total,mts_details_sep,2021,44.44
hnd,sex_m,eco_sector_total,mts_details_sep,2022,48.27
hnd,sex_m,eco_sector_total,mts_details_sep,2023,38.08
hnd,sex_m,eco_sector_total,mts_details_sep,2024,45.13
hnd,sex_m,eco_sector_total,mts_details_sgle,2005,43.73
hnd,sex_m,eco_sector_total,mts_details_sgle,2006,43.87
hnd,sex_m,eco_sector_total,mts_details_sgle,2007,42.33
hnd,sex_m,eco_sector_total,mts_details_sgle,2008,41.77
hnd,sex_m,eco_sector_total,mts_details_sgle,2009,39.82
hnd,sex_m,eco_sector_total,mts_details_sgle,2010,39.91
hnd,sex_m,eco_sector_total,mts_details_sgle,2011,40.76
hnd,sex_m,eco_sector_total,mts_details_sgle,2012,42.01
hnd,sex_m,eco_sector_total,mts_details_sgle,2013,39.82
hnd,sex_m,eco_sector_total,mts_details_sgle,2014,41.25
hnd,sex_m,eco_sector_total,mts_details_sgle,2015,41.09
hnd,sex_m,eco_sector_total,mts_details_sgle,2016,42.37
hnd,sex_m,eco_sector_total,mts_details_sgle,2017,41.65
hnd,sex_m,eco_sector_total,mts_details_sgle,2018,43.47
hnd,sex_m,eco_sector_total,mts_details_sgle,2019,43.3
hnd,sex_m,eco_sector_total,mts_details_sgle,2020,42.7
hnd,sex_m,eco_sector_total,mts_details_sgle,2021,44.12
hnd,sex_m,eco_sector_total,mts_details_sgle,2022,44.52
hnd,sex_m,eco_sector_total,mts_details_sgle,2023,45.25
hnd,sex_m,eco_sector_total,mts_details_sgle,2024,45.56
hnd,sex_m,eco_sector_total,mts_details_total,2005,45.92
hnd,sex_m,eco_sector_total,mts_details_total,2006,46.17
hnd,sex_m,eco_sector_total,mts_details_total,2007,45.67
hnd,sex_m,eco_sector_total,mts_details_total,2008,44.79
hnd,sex_m,eco_sector_total,mts_details_total,2009,42.84
hnd,sex_m,eco_sector_total,mts_details_total,2010,43.02
hnd,sex_m,eco_sector_total,mts_details_total,2011,44.37
hnd,sex_m,eco_sector_total,mts_details_total,2012,45.39
hnd,sex_m,eco_sector_total,mts_details_total,2013,44.2
hnd,sex_m,eco_sector_total,mts_details_total,2014,45.1
hnd,sex_m,eco_sector_total,mts_details_total,2015,44.66
hnd,sex_m,eco_sector_total,mts_details_total,2016,46.42
hnd,sex_m,eco_sector_total,mts_details_total,2017,45.54
hnd,sex_m,eco_sector_total,mts_details_total,2018,46.39
hnd,sex_m,eco_sector_total,mts_details_total,2019,46.32
hnd,sex_m,eco_sector_total,mts_details_total,2020,45.51
hnd,sex_m,eco_sector_total,mts_details_total,2021,47
hnd,sex_m,eco_sector_total,mts_details_total,2022,46.39
hnd,sex_m,eco_sector_total,mts_details_total,2023,45.93
hnd,sex_m,eco_sector_total,mts_details_total,2024,47.4
hnd,sex_m,eco_sector_total,mts_details_union,2005,47.7
hnd,sex_m,eco_sector_total,mts_details_union,2006,48.47
hnd,sex_m,eco_sector_total,mts_details_union,2007,48.45
hnd,sex_m,eco_sector_total,mts_details_union,2008,47.73
hnd,sex_m,eco_sector_total,mts_details_union,2009,45.53
hnd,sex_m,eco_sector_total,mts_details_union,2010,45.97
hnd,sex_m,eco_sector_total,mts_details_union,2011,47.78
hnd,sex_m,eco_sector_total,mts_details_union,2012,48.11
hnd,sex_m,eco_sector_total,mts_details_union,2013,47.56
hnd,sex_m,eco_sector_total,mts_details_union,2014,47.94
hnd,sex_m,eco_sector_total,mts_details_union,2015,47.48
hnd,sex_m,eco_sector_total,mts_details_union,2016,49.63
hnd,sex_m,eco_sector_total,mts_details_union,2017,48.59
hnd,sex_m,eco_sector_total,mts_details_union,2018,49.12
hnd,sex_m,eco_sector_total,mts_details_union,2019,49.2
hnd,sex_m,eco_sector_total,mts_details_union,2020,47.34
hnd,sex_m,eco_sector_total,mts_details_union,2021,50.01
hnd,sex_m,eco_sector_total,mts_details_union,2022,47.5
hnd,sex_m,eco_sector_total,mts_details_union,2023,47.42
hnd,sex_m,eco_sector_total,mts_details_union,2024,50.19
hnd,sex_m,eco_sector_total,mts_details_wid,2005,43.75
hnd,sex_m,eco_sector_total,mts_details_wid,2006,46.07
hnd,sex_m,eco_sector_total,mts_details_wid,2007,46.05
hnd,sex_m,eco_sector_total,mts_details_wid,2008,44.15
hnd,sex_m,eco_sector_total,mts_details_wid,2009,39.01
hnd,sex_m,eco_sector_total,mts_details_wid,2010,47.69
hnd,sex_m,eco_sector_total,mts_details_wid,2011,48.53
hnd,sex_m,eco_sector_total,mts_details_wid,2012,44.99
hnd,sex_m,eco_sector_total,mts_details_wid,2013,45.85
hnd,sex_m,eco_sector_total,mts_details_wid,2014,33.91
hnd,sex_m,eco_sector_total,mts_details_wid,2015,32.22
hnd,sex_m,eco_sector_total,mts_details_wid,2016,51.43
hnd,sex_m,eco_sector_total,mts_details_wid,2017,35.48
hnd,sex_m,eco_sector_total,mts_details_wid,2018,43.9
hnd,sex_m,eco_sector_total,mts_details_wid,2019,44.79
hnd,sex_m,eco_sector_total,mts_details_wid,2020,40.62
hnd,sex_m,eco_sector_total,mts_details_wid,2021,47.22
hnd,sex_m,eco_sector_total,mts_details_wid,2022,27.64
hnd,sex_m,eco_sector_total,mts_details_wid,2023,37.09
hnd,sex_m,eco_sector_total,mts_details_wid,2024,49.58
hnd,sex_m,eco_sector_x,mts_aggregate_1,2007,44.92
hnd,sex_m,eco_sector_x,mts_aggregate_1,2009,43.83
hnd,sex_m,eco_sector_x,mts_aggregate_1,2010,36.63
hnd,sex_m,eco_sector_x,mts_aggregate_1,2014,48.51
hnd,sex_m,eco_sector_x,mts_aggregate_1,2021,42.58
hnd,sex_m,eco_sector_x,mts_aggregate_2,2005,48.15
hnd,sex_m,eco_sector_x,mts_aggregate_2,2006,43.81
hnd,sex_m,eco_sector_x,mts_aggregate_2,2007,50.57
hnd,sex_m,eco_sector_x,mts_aggregate_2,2009,48.1
hnd,sex_m,eco_sector_x,mts_aggregate_2,2010,55.59
hnd,sex_m,eco_sector_x,mts_aggregate_2,2021,49.87
hnd,sex_m,eco_sector_x,mts_aggregate_total,2005,46.92
hnd,sex_m,eco_sector_x,mts_aggregate_total,2006,42.37
hnd,sex_m,eco_sector_x,mts_aggregate_total,2007,47.98
hnd,sex_m,eco_sector_x,mts_aggregate_total,2009,46.77
hnd,sex_m,eco_sector_x,mts_aggregate_total,2010,43.86
hnd,sex_m,eco_sector_x,mts_aggregate_total,2011,47.05
hnd,sex_m,eco_sector_x,mts_aggregate_total,2013,53.89
hnd,sex_m,eco_sector_x,mts_aggregate_total,2014,51.81
hnd,sex_m,eco_sector_x,mts_aggregate_total,2021,46.36
hnd,sex_m,eco_sector_x,mts_details_mrd,2005,43.74
hnd,sex_m,eco_sector_x,mts_details_mrd,2007,52.1
hnd,sex_m,eco_sector_x,mts_details_mrd,2009,43.48
hnd,sex_m,eco_sector_x,mts_details_mrd,2010,47.63
hnd,sex_m,eco_sector_x,mts_details_mrd,2021,49.13
hnd,sex_m,eco_sector_x,mts_details_sgle,2007,44.94
hnd,sex_m,eco_sector_x,mts_details_sgle,2009,43.82
hnd,sex_m,eco_sector_x,mts_details_sgle,2010,36.63
hnd,sex_m,eco_sector_x,mts_details_sgle,2014,48.51
hnd,sex_m,eco_sector_x,mts_details_sgle,2021,42.11
hnd,sex_m,eco_sector_x,mts_details_total,2005,46.92
hnd,sex_m,eco_sector_x,mts_details_total,2006,42.37
hnd,sex_m,eco_sector_x,mts_details_total,2007,47.98
hnd,sex_m,eco_sector_x,mts_details_total,2009,46.77
hnd,sex_m,eco_sector_x,mts_details_total,2010,43.86
hnd,sex_m,eco_sector_x,mts_details_total,2011,47.05
hnd,sex_m,eco_sector_x,mts_details_total,2013,53.89
hnd,sex_m,eco_sector_x,mts_details_total,2014,51.81
hnd,sex_m,eco_sector_x,mts_details_total,2021,46.36
hnd,sex_m,eco_sector_x,mts_details_union,2007,48.82
hnd,sex_m,eco_sector_x,mts_details_union,2009,51.18
hnd,sex_m,eco_sector_x,mts_details_union,2010,65.44
hnd,sex_m,eco_sector_x,mts_details_union,2021,50.33
hnd,sex_t,eco_aggregate_agr,mts_aggregate_1,2005,39.61
hnd,sex_t,eco_aggregate_agr,mts_aggregate_1,2006,38.3
hnd,sex_t,eco_aggregate_agr,mts_aggregate_1,2007,36.36
hnd,sex_t,eco_aggregate_agr,mts_aggregate_1,2008,35.55
hnd,sex_t,eco_aggregate_agr,mts_aggregate_1,2009,34.36
hnd,sex_t,eco_aggregate_agr,mts_aggregate_1,2010,33.94
hnd,sex_t,eco_aggregate_agr,mts_aggregate_1,2011,35.32
hnd,sex_t,eco_aggregate_agr,mts_aggregate_1,2012,37.01
hnd,sex_t,eco_aggregate_agr,mts_aggregate_1,2013,33.39
hnd,sex_t,eco_aggregate_agr,mts_aggregate_1,2014,31.43
hnd,sex_t,eco_aggregate_agr,mts_aggregate_1,2015,32.28
hnd,sex_t,eco_aggregate_agr,mts_aggregate_1,2016,33.49
hnd,sex_t,eco_aggregate_agr,mts_aggregate_1,2017,34.11
hnd,sex_t,eco_aggregate_agr,mts_aggregate_1,2018,37.17
hnd,sex_t,eco_aggregate_agr,mts_aggregate_1,2019,37.94
hnd,sex_t,eco_aggregate_agr,mts_aggregate_1,2020,37.26
hnd,sex_t,eco_aggregate_agr,mts_aggregate_1,2021,35.89
hnd,sex_t,eco_aggregate_agr,mts_aggregate_1,2022,35.6
hnd,sex_t,eco_aggregate_agr,mts_aggregate_1,2023,37.4
hnd,sex_t,eco_aggregate_agr,mts_aggregate_1,2024,37.64
hnd,sex_t,eco_aggregate_agr,mts_aggregate_2,2005,42.64
hnd,sex_t,eco_aggregate_agr,mts_aggregate_2,2006,40.81
hnd,sex_t,eco_aggregate_agr,mts_aggregate_2,2007,42.38
hnd,sex_t,eco_aggregate_agr,mts_aggregate_2,2008,39.9
hnd,sex_t,eco_aggregate_agr,mts_aggregate_2,2009,38.9
hnd,sex_t,eco_aggregate_agr,mts_aggregate_2,2010,37.87
hnd,sex_t,eco_aggregate_agr,mts_aggregate_2,2011,40.26
hnd,sex_t,eco_aggregate_agr,mts_aggregate_2,2012,41.93
hnd,sex_t,eco_aggregate_agr,mts_aggregate_2,2013,41.18
hnd,sex_t,eco_aggregate_agr,mts_aggregate_2,2014,36.76
hnd,sex_t,eco_aggregate_agr,mts_aggregate_2,2015,37.09
hnd,sex_t,eco_aggregate_agr,mts_aggregate_2,2016,39.79
hnd,sex_t,eco_aggregate_agr,mts_aggregate_2,2017,38.56
hnd,sex_t,eco_aggregate_agr,mts_aggregate_2,2018,41.21
hnd,sex_t,eco_aggregate_agr,mts_aggregate_2,2019,41.76
hnd,sex_t,eco_aggregate_agr,mts_aggregate_2,2020,42.45
hnd,sex_t,eco_aggregate_agr,mts_aggregate_2,2021,40.38
hnd,sex_t,eco_aggregate_agr,mts_aggregate_2,2022,39.61
hnd,sex_t,eco_aggregate_agr,mts_aggregate_2,2023,39.09
hnd,sex_t,eco_aggregate_agr,mts_aggregate_2,2024,41.38
hnd,sex_t,eco_aggregate_agr,mts_aggregate_total,2005,41.28
hnd,sex_t,eco_aggregate_agr,mts_aggregate_total,2006,39.61
hnd,sex_t,eco_aggregate_agr,mts_aggregate_total,2007,39.2
hnd,sex_t,eco_aggregate_agr,mts_aggregate_total,2008,37.55
hnd,sex_t,eco_aggregate_agr,mts_aggregate_total,2009,36.42
hnd,sex_t,eco_aggregate_agr,mts_aggregate_total,2010,35.74
hnd,sex_t,eco_aggregate_agr,mts_aggregate_total,2011,37.76
hnd,sex_t,eco_aggregate_agr,mts_aggregate_total,2012,39.23
hnd,sex_t,eco_aggregate_agr,mts_aggregate_total,2013,37.08
hnd,sex_t,eco_aggregate_agr,mts_aggregate_total,2014,34.1
hnd,sex_t,eco_aggregate_agr,mts_aggregate_total,2015,34.81
hnd,sex_t,eco_aggregate_agr,mts_aggregate_total,2016,36.65
hnd,sex_t,eco_aggregate_agr,mts_aggregate_total,2017,36.27
hnd,sex_t,eco_aggregate_agr,mts_aggregate_total,2018,39.4
hnd,sex_t,eco_aggregate_agr,mts_aggregate_total,2019,39.95
hnd,sex_t,eco_aggregate_agr,mts_aggregate_total,2020,40.03
hnd,sex_t,eco_aggregate_agr,mts_aggregate_total,2021,38.4
hnd,sex_t,eco_aggregate_agr,mts_aggregate_total,2022,38.03
hnd,sex_t,eco_aggregate_agr,mts_aggregate_total,2023,38.32
hnd,sex_t,eco_aggregate_agr,mts_aggregate_total,2024,39.84
hnd,sex_t,eco_aggregate_agr,mts_details_mrd,2005,42.98
hnd,sex_t,eco_aggregate_agr,mts_details_mrd,2006,40.05
hnd,sex_t,eco_aggregate_agr,mts_details_mrd,2007,42.71
hnd,sex_t,eco_aggregate_agr,mts_details_mrd,2008,39.03
hnd,sex_t,eco_aggregate_agr,mts_details_mrd,2009,38.21
hnd,sex_t,eco_aggregate_agr,mts_details_mrd,2010,38.43
hnd,sex_t,eco_aggregate_agr,mts_details_mrd,2011,39.2
hnd,sex_t,eco_aggregate_agr,mts_details_mrd,2012,41.87
hnd,sex_t,eco_aggregate_agr,mts_details_mrd,2013,43.4
hnd,sex_t,eco_aggregate_agr,mts_details_mrd,2014,35.06
hnd,sex_t,eco_aggregate_agr,mts_details_mrd,2015,37.62
hnd,sex_t,eco_aggregate_agr,mts_details_mrd,2016,38.7
hnd,sex_t,eco_aggregate_agr,mts_details_mrd,2017,38.69
hnd,sex_t,eco_aggregate_agr,mts_details_mrd,2018,41.54
hnd,sex_t,eco_aggregate_agr,mts_details_mrd,2019,42.02
hnd,sex_t,eco_aggregate_agr,mts_details_mrd,2020,41.2
hnd,sex_t,eco_aggregate_agr,mts_details_mrd,2021,39.5
hnd,sex_t,eco_aggregate_agr,mts_details_mrd,2022,40.41
hnd,sex_t,eco_aggregate_agr,mts_details_mrd,2023,38.12
hnd,sex_t,eco_aggregate_agr,mts_details_mrd,2024,39.88
hnd,sex_t,eco_aggregate_agr,mts_details_sep,2005,42.49
hnd,sex_t,eco_aggregate_agr,mts_details_sep,2006,40.4
hnd,sex_t,eco_aggregate_agr,mts_details_sep,2007,40.18
hnd,sex_t,eco_aggregate_agr,mts_details_sep,2008,37.22
hnd,sex_t,eco_aggregate_agr,mts_details_sep,2009,39.09
hnd,sex_t,eco_aggregate_agr,mts_details_sep,2010,34.6
hnd,sex_t,eco_aggregate_agr,mts_details_sep,2011,40.63
hnd,sex_t,eco_aggregate_agr,mts_details_sep,2012,35.39
hnd,sex_t,eco_aggregate_agr,mts_details_sep,2013,37.05
hnd,sex_t,eco_aggregate_agr,mts_details_sep,2015,34.52
hnd,sex_t,eco_aggregate_agr,mts_details_sep,2016,27.46
hnd,sex_t,eco_aggregate_agr,mts_details_sep,2017,38.92
hnd,sex_t,eco_aggregate_agr,mts_details_sep,2018,35.6
hnd,sex_t,eco_aggregate_agr,mts_details_sep,2021,37.79
hnd,sex_t,eco_aggregate_agr,mts_details_sep,2022,48.44
hnd,sex_t,eco_aggregate_agr,mts_details_sep,2023,40.27
hnd,sex_t,eco_aggregate_agr,mts_details_sep,2024,39.14
hnd,sex_t,eco_aggregate_agr,mts_details_sgle,2005,39.39
hnd,sex_t,eco_aggregate_agr,mts_details_sgle,2006,38.11
hnd,sex_t,eco_aggregate_agr,mts_details_sgle,2007,36.22
hnd,sex_t,eco_aggregate_agr,mts_details_sgle,2008,35.47
hnd,sex_t,eco_aggregate_agr,mts_details_sgle,2009,34.28
hnd,sex_t,eco_aggregate_agr,mts_details_sgle,2010,33.71
hnd,sex_t,eco_aggregate_agr,mts_details_sgle,2011,34.98
hnd,sex_t,eco_aggregate_agr,mts_details_sgle,2012,37.15
hnd,sex_t,eco_aggregate_agr,mts_details_sgle,2013,33.17
hnd,sex_t,eco_aggregate_agr,mts_details_sgle,2014,31.38
hnd,sex_t,eco_aggregate_agr,mts_details_sgle,2015,32.28
hnd,sex_t,eco_aggregate_agr,mts_details_sgle,2016,33.44
hnd,sex_t,eco_aggregate_agr,mts_details_sgle,2017,34.03
hnd,sex_t,eco_aggregate_agr,mts_details_sgle,2018,37.15
hnd,sex_t,eco_aggregate_agr,mts_details_sgle,2019,37.69
hnd,sex_t,eco_aggregate_agr,mts_details_sgle,2020,37.38
hnd,sex_t,eco_aggregate_agr,mts_details_sgle,2021,35.77
hnd,sex_t,eco_aggregate_agr,mts_details_sgle,2022,35.24
hnd,sex_t,eco_aggregate_agr,mts_details_sgle,2023,37.68
hnd,sex_t,eco_aggregate_agr,mts_details_sgle,2024,37.55
hnd,sex_t,eco_aggregate_agr,mts_details_total,2005,41.28
hnd,sex_t,eco_aggregate_agr,mts_details_total,2006,39.61
hnd,sex_t,eco_aggregate_agr,mts_details_total,2007,39.2
hnd,sex_t,eco_aggregate_agr,mts_details_total,2008,37.55
hnd,sex_t,eco_aggregate_agr,mts_details_total,2009,36.42
hnd,sex_t,eco_aggregate_agr,mts_details_total,2010,35.74
hnd,sex_t,eco_aggregate_agr,mts_details_total,2011,37.76
hnd,sex_t,eco_aggregate_agr,mts_details_total,2012,39.23
hnd,sex_t,eco_aggregate_agr,mts_details_total,2013,37.08
hnd,sex_t,eco_aggregate_agr,mts_details_total,2014,34.1
hnd,sex_t,eco_aggregate_agr,mts_details_total,2015,34.81
hnd,sex_t,eco_aggregate_agr,mts_details_total,2016,36.65
hnd,sex_t,eco_aggregate_agr,mts_details_total,2017,36.27
hnd,sex_t,eco_aggregate_agr,mts_details_total,2018,39.4
hnd,sex_t,eco_aggregate_agr,mts_details_total,2019,39.95
hnd,sex_t,eco_aggregate_agr,mts_details_total,2020,40.03
hnd,sex_t,eco_aggregate_agr,mts_details_total,2021,38.4
hnd,sex_t,eco_aggregate_agr,mts_details_total,2022,38.03
hnd,sex_t,eco_aggregate_agr,mts_details_total,2023,38.32
hnd,sex_t,eco_aggregate_agr,mts_details_total,2024,39.84
hnd,sex_t,eco_aggregate_agr,mts_details_union,2005,42.49
hnd,sex_t,eco_aggregate_agr,mts_details_union,2006,41.17
hnd,sex_t,eco_aggregate_agr,mts_details_union,2007,42.22
hnd,sex_t,eco_aggregate_agr,mts_details_union,2008,40.37
hnd,sex_t,eco_aggregate_agr,mts_details_union,2009,39.22
hnd,sex_t,eco_aggregate_agr,mts_details_union,2010,37.56
hnd,sex_t,eco_aggregate_agr,mts_details_union,2011,40.77
hnd,sex_t,eco_aggregate_agr,mts_details_union,2012,41.96
hnd,sex_t,eco_aggregate_agr,mts_details_union,2013,40.14
hnd,sex_t,eco_aggregate_agr,mts_details_union,2014,37.38
hnd,sex_t,eco_aggregate_agr,mts_details_union,2015,36.86
hnd,sex_t,eco_aggregate_agr,mts_details_union,2016,40.22
hnd,sex_t,eco_aggregate_agr,mts_details_union,2017,38.5
hnd,sex_t,eco_aggregate_agr,mts_details_union,2018,41.07
hnd,sex_t,eco_aggregate_agr,mts_details_union,2019,41.65
hnd,sex_t,eco_aggregate_agr,mts_details_union,2020,43.06
hnd,sex_t,eco_aggregate_agr,mts_details_union,2021,40.83
hnd,sex_t,eco_aggregate_agr,mts_details_union,2022,39.29
hnd,sex_t,eco_aggregate_agr,mts_details_union,2023,39.57
hnd,sex_t,eco_aggregate_agr,mts_details_union,2024,42.06
hnd,sex_t,eco_aggregate_agr,mts_details_wid,2005,45.52
hnd,sex_t,eco_aggregate_agr,mts_details_wid,2006,41.55
hnd,sex_t,eco_aggregate_agr,mts_details_wid,2007,37.64
hnd,sex_t,eco_aggregate_agr,mts_details_wid,2008,37.92
hnd,sex_t,eco_aggregate_agr,mts_details_wid,2009,32.9
hnd,sex_t,eco_aggregate_agr,mts_details_wid,2010,46.53
hnd,sex_t,eco_aggregate_agr,mts_details_wid,2011,42.97
hnd,sex_t,eco_aggregate_agr,mts_details_wid,2012,27.81
hnd,sex_t,eco_aggregate_agr,mts_details_wid,2013,40.35
hnd,sex_t,eco_aggregate_agr,mts_details_wid,2014,22.35
hnd,sex_t,eco_aggregate_agr,mts_details_wid,2015,30.51
hnd,sex_t,eco_aggregate_agr,mts_details_wid,2016,50.55
hnd,sex_t,eco_aggregate_agr,mts_details_wid,2017,31.34
hnd,sex_t,eco_aggregate_agr,mts_details_wid,2018,40.8
hnd,sex_t,eco_aggregate_agr,mts_details_wid,2019,38.88
hnd,sex_t,eco_aggregate_agr,mts_details_wid,2020,29.42
hnd,sex_t,eco_aggregate_agr,mts_details_wid,2021,38.46
hnd,sex_t,eco_aggregate_agr,mts_details_wid,2022,36.5
hnd,sex_t,eco_aggregate_agr,mts_details_wid,2023,27.38
hnd,sex_t,eco_aggregate_agr,mts_details_wid,2024,39.2
hnd,sex_t,eco_aggregate_con,mts_aggregate_1,2005,43.05
hnd,sex_t,eco_aggregate_con,mts_aggregate_1,2006,45.08
hnd,sex_t,eco_aggregate_con,mts_aggregate_1,2007,43.93
hnd,sex_t,eco_aggregate_con,mts_aggregate_1,2008,43
hnd,sex_t,eco_aggregate_con,mts_aggregate_1,2009,42.24
hnd,sex_t,eco_aggregate_con,mts_aggregate_1,2010,40.58
hnd,sex_t,eco_aggregate_con,mts_aggregate_1,2011,41.62
hnd,sex_t,eco_aggregate_con,mts_aggregate_1,2012,43.25
hnd,sex_t,eco_aggregate_con,mts_aggregate_1,2013,40.48
hnd,sex_t,eco_aggregate_con,mts_aggregate_1,2014,40.64
hnd,sex_t,eco_aggregate_con,mts_aggregate_1,2015,42.71
hnd,sex_t,eco_aggregate_con,mts_aggregate_1,2016,43.3
hnd,sex_t,eco_aggregate_con,mts_aggregate_1,2017,43.5
hnd,sex_t,eco_aggregate_con,mts_aggregate_1,2018,43.05
hnd,sex_t,eco_aggregate_con,mts_aggregate_1,2019,43.29
hnd,sex_t,eco_aggregate_con,mts_aggregate_1,2020,47.69
hnd,sex_t,eco_aggregate_con,mts_aggregate_1,2021,44.32
hnd,sex_t,eco_aggregate_con,mts_aggregate_1,2022,43.25
hnd,sex_t,eco_aggregate_con,mts_aggregate_1,2023,43.83
hnd,sex_t,eco_aggregate_con,mts_aggregate_1,2024,44.92
hnd,sex_t,eco_aggregate_con,mts_aggregate_2,2005,45.59
hnd,sex_t,eco_aggregate_con,mts_aggregate_2,2006,47.36
hnd,sex_t,eco_aggregate_con,mts_aggregate_2,2007,46.43
hnd,sex_t,eco_aggregate_con,mts_aggregate_2,2008,45.62
hnd,sex_t,eco_aggregate_con,mts_aggregate_2,2009,45.7
hnd,sex_t,eco_aggregate_con,mts_aggregate_2,2010,45.22
hnd,sex_t,eco_aggregate_con,mts_aggregate_2,2011,44.61
hnd,sex_t,eco_aggregate_con,mts_aggregate_2,2012,47.78
hnd,sex_t,eco_aggregate_con,mts_aggregate_2,2013,42.88
hnd,sex_t,eco_aggregate_con,mts_aggregate_2,2014,45.31
hnd,sex_t,eco_aggregate_con,mts_aggregate_2,2015,45.05
hnd,sex_t,eco_aggregate_con,mts_aggregate_2,2016,45.74
hnd,sex_t,eco_aggregate_con,mts_aggregate_2,2017,47.19
hnd,sex_t,eco_aggregate_con,mts_aggregate_2,2018,48.14
hnd,sex_t,eco_aggregate_con,mts_aggregate_2,2019,46.72
hnd,sex_t,eco_aggregate_con,mts_aggregate_2,2020,47.05
hnd,sex_t,eco_aggregate_con,mts_aggregate_2,2021,47.03
hnd,sex_t,eco_aggregate_con,mts_aggregate_2,2022,46.86
hnd,sex_t,eco_aggregate_con,mts_aggregate_2,2023,45.71
hnd,sex_t,eco_aggregate_con,mts_aggregate_2,2024,46.72
hnd,sex_t,eco_aggregate_con,mts_aggregate_total,2005,44.44
hnd,sex_t,eco_aggregate_con,mts_aggregate_total,2006,46.23
hnd,sex_t,eco_aggregate_con,mts_aggregate_total,2007,45.23
hnd,sex_t,eco_aggregate_con,mts_aggregate_total,2008,44.27
hnd,sex_t,eco_aggregate_con,mts_aggregate_total,2009,43.95
hnd,sex_t,eco_aggregate_con,mts_aggregate_total,2010,42.9
hnd,sex_t,eco_aggregate_con,mts_aggregate_total,2011,43.19
hnd,sex_t,eco_aggregate_con,mts_aggregate_total,2012,45.79
hnd,sex_t,eco_aggregate_con,mts_aggregate_total,2013,41.79
hnd,sex_t,eco_aggregate_con,mts_aggregate_total,2014,43.27
hnd,sex_t,eco_aggregate_con,mts_aggregate_total,2015,43.99
hnd,sex_t,eco_aggregate_con,mts_aggregate_total,2016,44.73
hnd,sex_t,eco_aggregate_con,mts_aggregate_total,2017,45.66
hnd,sex_t,eco_aggregate_con,mts_aggregate_total,2018,45.9
hnd,sex_t,eco_aggregate_con,mts_aggregate_total,2019,45.09
hnd,sex_t,eco_aggregate_con,mts_aggregate_total,2020,47.36
hnd,sex_t,eco_aggregate_con,mts_aggregate_total,2021,45.92
hnd,sex_t,eco_aggregate_con,mts_aggregate_total,2022,45.38
hnd,sex_t,eco_aggregate_con,mts_aggregate_total,2023,44.96
hnd,sex_t,eco_aggregate_con,mts_aggregate_total,2024,46.01
hnd,sex_t,eco_aggregate_con,mts_details_mrd,2005,44.19
hnd,sex_t,eco_aggregate_con,mts_details_mrd,2006,47.6
hnd,sex_t,eco_aggregate_con,mts_details_mrd,2007,45.9
hnd,sex_t,eco_aggregate_con,mts_details_mrd,2008,45.58
hnd,sex_t,eco_aggregate_con,mts_details_mrd,2009,45.62
hnd,sex_t,eco_aggregate_con,mts_details_mrd,2010,43.9
hnd,sex_t,eco_aggregate_con,mts_details_mrd,2011,46.47
hnd,sex_t,eco_aggregate_con,mts_details_mrd,2012,49.78
hnd,sex_t,eco_aggregate_con,mts_details_mrd,2013,42.51
hnd,sex_t,eco_aggregate_con,mts_details_mrd,2014,43.43
hnd,sex_t,eco_aggregate_con,mts_details_mrd,2015,45.51
hnd,sex_t,eco_aggregate_con,mts_details_mrd,2016,47.86
hnd,sex_t,eco_aggregate_con,mts_details_mrd,2017,46.48
hnd,sex_t,eco_aggregate_con,mts_details_mrd,2018,44.49
hnd,sex_t,eco_aggregate_con,mts_details_mrd,2019,46.96
hnd,sex_t,eco_aggregate_con,mts_details_mrd,2020,49.43
hnd,sex_t,eco_aggregate_con,mts_details_mrd,2021,47.44
hnd,sex_t,eco_aggregate_con,mts_details_mrd,2022,46.09
hnd,sex_t,eco_aggregate_con,mts_details_mrd,2023,43.35
hnd,sex_t,eco_aggregate_con,mts_details_mrd,2024,46.11
hnd,sex_t,eco_aggregate_con,mts_details_sep,2006,51.05
hnd,sex_t,eco_aggregate_con,mts_details_sep,2007,45.75
hnd,sex_t,eco_aggregate_con,mts_details_sep,2008,36.45
hnd,sex_t,eco_aggregate_con,mts_details_sep,2009,46.49
hnd,sex_t,eco_aggregate_con,mts_details_sep,2013,43.88
hnd,sex_t,eco_aggregate_con,mts_details_sep,2018,45.43
hnd,sex_t,eco_aggregate_con,mts_details_sep,2021,32.56
hnd,sex_t,eco_aggregate_con,mts_details_sep,2022,40.45
hnd,sex_t,eco_aggregate_con,mts_details_sep,2023,30.92
hnd,sex_t,eco_aggregate_con,mts_details_sep,2024,44.22
hnd,sex_t,eco_aggregate_con,mts_details_sgle,2005,42.82
hnd,sex_t,eco_aggregate_con,mts_details_sgle,2006,44.94
hnd,sex_t,eco_aggregate_con,mts_details_sgle,2007,43.82
hnd,sex_t,eco_aggregate_con,mts_details_sgle,2008,43
hnd,sex_t,eco_aggregate_con,mts_details_sgle,2009,42.16
hnd,sex_t,eco_aggregate_con,mts_details_sgle,2010,40.61
hnd,sex_t,eco_aggregate_con,mts_details_sgle,2011,41.76
hnd,sex_t,eco_aggregate_con,mts_details_sgle,2012,43.09
hnd,sex_t,eco_aggregate_con,mts_details_sgle,2013,40.54
hnd,sex_t,eco_aggregate_con,mts_details_sgle,2014,40.38
hnd,sex_t,eco_aggregate_con,mts_details_sgle,2015,42.8
hnd,sex_t,eco_aggregate_con,mts_details_sgle,2016,43.43
hnd,sex_t,eco_aggregate_con,mts_details_sgle,2017,43.48
hnd,sex_t,eco_aggregate_con,mts_details_sgle,2018,42.86
hnd,sex_t,eco_aggregate_con,mts_details_sgle,2019,43.72
hnd,sex_t,eco_aggregate_con,mts_details_sgle,2020,47.77
hnd,sex_t,eco_aggregate_con,mts_details_sgle,2021,44.51
hnd,sex_t,eco_aggregate_con,mts_details_sgle,2022,43.5
hnd,sex_t,eco_aggregate_con,mts_details_sgle,2023,44.6
hnd,sex_t,eco_aggregate_con,mts_details_sgle,2024,44.95
hnd,sex_t,eco_aggregate_con,mts_details_total,2005,44.44
hnd,sex_t,eco_aggregate_con,mts_details_total,2006,46.23
hnd,sex_t,eco_aggregate_con,mts_details_total,2007,45.23
hnd,sex_t,eco_aggregate_con,mts_details_total,2008,44.27
hnd,sex_t,eco_aggregate_con,mts_details_total,2009,43.95
hnd,sex_t,eco_aggregate_con,mts_details_total,2010,42.9
hnd,sex_t,eco_aggregate_con,mts_details_total,2011,43.19
hnd,sex_t,eco_aggregate_con,mts_details_total,2012,45.79
hnd,sex_t,eco_aggregate_con,mts_details_total,2013,41.79
hnd,sex_t,eco_aggregate_con,mts_details_total,2014,43.27
hnd,sex_t,eco_aggregate_con,mts_details_total,2015,43.99
hnd,sex_t,eco_aggregate_con,mts_details_total,2016,44.73
hnd,sex_t,eco_aggregate_con,mts_details_total,2017,45.66
hnd,sex_t,eco_aggregate_con,mts_details_total,2018,45.9
hnd,sex_t,eco_aggregate_con,mts_details_total,2019,45.09
hnd,sex_t,eco_aggregate_con,mts_details_total,2020,47.36
hnd,sex_t,eco_aggregate_con,mts_details_total,2021,45.92
hnd,sex_t,eco_aggregate_con,mts_details_total,2022,45.38
hnd,sex_t,eco_aggregate_con,mts_details_total,2023,44.96
hnd,sex_t,eco_aggregate_con,mts_details_total,2024,46.01
hnd,sex_t,eco_aggregate_con,mts_details_union,2005,46.43
hnd,sex_t,eco_aggregate_con,mts_details_union,2006,47.23
hnd,sex_t,eco_aggregate_con,mts_details_union,2007,46.71
hnd,sex_t,eco_aggregate_con,mts_details_union,2008,45.65
hnd,sex_t,eco_aggregate_con,mts_details_union,2009,45.74
hnd,sex_t,eco_aggregate_con,mts_details_union,2010,45.81
hnd,sex_t,eco_aggregate_con,mts_details_union,2011,43.58
hnd,sex_t,eco_aggregate_con,mts_details_union,2012,46.86
hnd,sex_t,eco_aggregate_con,mts_details_union,2013,43.07
hnd,sex_t,eco_aggregate_con,mts_details_union,2014,46.06
hnd,sex_t,eco_aggregate_con,mts_details_union,2015,44.78
hnd,sex_t,eco_aggregate_con,mts_details_union,2016,44.68
hnd,sex_t,eco_aggregate_con,mts_details_union,2017,47.45
hnd,sex_t,eco_aggregate_con,mts_details_union,2018,49.49
hnd,sex_t,eco_aggregate_con,mts_details_union,2019,46.55
hnd,sex_t,eco_aggregate_con,mts_details_union,2020,45.55
hnd,sex_t,eco_aggregate_con,mts_details_union,2021,46.83
hnd,sex_t,eco_aggregate_con,mts_details_union,2022,47.22
hnd,sex_t,eco_aggregate_con,mts_details_union,2023,47.1
hnd,sex_t,eco_aggregate_con,mts_details_union,2024,47.03
hnd,sex_t,eco_aggregate_con,mts_details_wid,2007,51.57
hnd,sex_t,eco_aggregate_con,mts_details_wid,2008,52.13
hnd,sex_t,eco_aggregate_con,mts_details_wid,2018,44.9
hnd,sex_t,eco_aggregate_man,mts_aggregate_1,2005,47.46
hnd,sex_t,eco_aggregate_man,mts_aggregate_1,2006,47.62
hnd,sex_t,eco_aggregate_man,mts_aggregate_1,2007,47.42
hnd,sex_t,eco_aggregate_man,mts_aggregate_1,2008,47.13
hnd,sex_t,eco_aggregate_man,mts_aggregate_1,2009,45.78
hnd,sex_t,eco_aggregate_man,mts_aggregate_1,2010,45.57
hnd,sex_t,eco_aggregate_man,mts_aggregate_1,2011,45.71
hnd,sex_t,eco_aggregate_man,mts_aggregate_1,2012,46.54
hnd,sex_t,eco_aggregate_man,mts_aggregate_1,2013,46.43
hnd,sex_t,eco_aggregate_man,mts_aggregate_1,2014,46.89
hnd,sex_t,eco_aggregate_man,mts_aggregate_1,2015,46.44
hnd,sex_t,eco_aggregate_man,mts_aggregate_1,2016,47.83
hnd,sex_t,eco_aggregate_man,mts_aggregate_1,2017,46.22
hnd,sex_t,eco_aggregate_man,mts_aggregate_1,2018,47.52
hnd,sex_t,eco_aggregate_man,mts_aggregate_1,2019,46.5
hnd,sex_t,eco_aggregate_man,mts_aggregate_1,2020,47.77
hnd,sex_t,eco_aggregate_man,mts_aggregate_1,2021,47
hnd,sex_t,eco_aggregate_man,mts_aggregate_1,2022,47.64
hnd,sex_t,eco_aggregate_man,mts_aggregate_1,2023,46.88
hnd,sex_t,eco_aggregate_man,mts_aggregate_1,2024,46.72
hnd,sex_t,eco_aggregate_man,mts_aggregate_2,2005,49.92
hnd,sex_t,eco_aggregate_man,mts_aggregate_2,2006,49.52
hnd,sex_t,eco_aggregate_man,mts_aggregate_2,2007,49.86
hnd,sex_t,eco_aggregate_man,mts_aggregate_2,2008,49.59
hnd,sex_t,eco_aggregate_man,mts_aggregate_2,2009,47.68
hnd,sex_t,eco_aggregate_man,mts_aggregate_2,2010,47.77
hnd,sex_t,eco_aggregate_man,mts_aggregate_2,2011,49.03
hnd,sex_t,eco_aggregate_man,mts_aggregate_2,2012,47.79
hnd,sex_t,eco_aggregate_man,mts_aggregate_2,2013,48.74
hnd,sex_t,eco_aggregate_man,mts_aggregate_2,2014,49.61
hnd,sex_t,eco_aggregate_man,mts_aggregate_2,2015,49.28
hnd,sex_t,eco_aggregate_man,mts_aggregate_2,2016,49.72
hnd,sex_t,eco_aggregate_man,mts_aggregate_2,2017,48.89
hnd,sex_t,eco_aggregate_man,mts_aggregate_2,2018,50.41
hnd,sex_t,eco_aggregate_man,mts_aggregate_2,2019,49.83
hnd,sex_t,eco_aggregate_man,mts_aggregate_2,2020,47.73
hnd,sex_t,eco_aggregate_man,mts_aggregate_2,2021,49.19
hnd,sex_t,eco_aggregate_man,mts_aggregate_2,2022,49.69
hnd,sex_t,eco_aggregate_man,mts_aggregate_2,2023,47.36
hnd,sex_t,eco_aggregate_man,mts_aggregate_2,2024,51.12
hnd,sex_t,eco_aggregate_man,mts_aggregate_total,2005,48.71
hnd,sex_t,eco_aggregate_man,mts_aggregate_total,2006,48.63
hnd,sex_t,eco_aggregate_man,mts_aggregate_total,2007,48.74
hnd,sex_t,eco_aggregate_man,mts_aggregate_total,2008,48.44
hnd,sex_t,eco_aggregate_man,mts_aggregate_total,2009,46.79
hnd,sex_t,eco_aggregate_man,mts_aggregate_total,2010,46.7
hnd,sex_t,eco_aggregate_man,mts_aggregate_total,2011,47.45
hnd,sex_t,eco_aggregate_man,mts_aggregate_total,2012,47.17
hnd,sex_t,eco_aggregate_man,mts_aggregate_total,2013,47.69
hnd,sex_t,eco_aggregate_man,mts_aggregate_total,2014,48.37
hnd,sex_t,eco_aggregate_man,mts_aggregate_total,2015,48.04
hnd,sex_t,eco_aggregate_man,mts_aggregate_total,2016,48.84
hnd,sex_t,eco_aggregate_man,mts_aggregate_total,2017,47.76
hnd,sex_t,eco_aggregate_man,mts_aggregate_total,2018,49.09
hnd,sex_t,eco_aggregate_man,mts_aggregate_total,2019,48.44
hnd,sex_t,eco_aggregate_man,mts_aggregate_total,2020,47.75
hnd,sex_t,eco_aggregate_man,mts_aggregate_total,2021,48.03
hnd,sex_t,eco_aggregate_man,mts_aggregate_total,2022,48.68
hnd,sex_t,eco_aggregate_man,mts_aggregate_total,2023,47.1
hnd,sex_t,eco_aggregate_man,mts_aggregate_total,2024,48.87
hnd,sex_t,eco_aggregate_man,mts_details_mrd,2005,49.66
hnd,sex_t,eco_aggregate_man,mts_details_mrd,2006,49.2
hnd,sex_t,eco_aggregate_man,mts_details_mrd,2007,50.33
hnd,sex_t,eco_aggregate_man,mts_details_mrd,2008,49.36
hnd,sex_t,eco_aggregate_man,mts_details_mrd,2009,47.58
hnd,sex_t,eco_aggregate_man,mts_details_mrd,2010,47.81
hnd,sex_t,eco_aggregate_man,mts_details_mrd,2011,47.67
hnd,sex_t,eco_aggregate_man,mts_details_mrd,2012,48.01
hnd,sex_t,eco_aggregate_man,mts_details_mrd,2013,49.07
hnd,sex_t,eco_aggregate_man,mts_details_mrd,2014,50.38
hnd,sex_t,eco_aggregate_man,mts_details_mrd,2015,49.58
hnd,sex_t,eco_aggregate_man,mts_details_mrd,2016,49.96
hnd,sex_t,eco_aggregate_man,mts_details_mrd,2017,48.84
hnd,sex_t,eco_aggregate_man,mts_details_mrd,2018,49.16
hnd,sex_t,eco_aggregate_man,mts_details_mrd,2019,48.98
hnd,sex_t,eco_aggregate_man,mts_details_mrd,2020,46.79
hnd,sex_t,eco_aggregate_man,mts_details_mrd,2021,49.25
hnd,sex_t,eco_aggregate_man,mts_details_mrd,2022,51.07
hnd,sex_t,eco_aggregate_man,mts_details_mrd,2023,46.64
hnd,sex_t,eco_aggregate_man,mts_details_mrd,2024,49.78
hnd,sex_t,eco_aggregate_man,mts_details_sep,2005,50.7
hnd,sex_t,eco_aggregate_man,mts_details_sep,2006,47.7
hnd,sex_t,eco_aggregate_man,mts_details_sep,2007,47.49
hnd,sex_t,eco_aggregate_man,mts_details_sep,2008,44.39
hnd,sex_t,eco_aggregate_man,mts_details_sep,2009,47
hnd,sex_t,eco_aggregate_man,mts_details_sep,2010,43.28
hnd,sex_t,eco_aggregate_man,mts_details_sep,2011,49.2
hnd,sex_t,eco_aggregate_man,mts_details_sep,2012,44.53
hnd,sex_t,eco_aggregate_man,mts_details_sep,2013,49.14
hnd,sex_t,eco_aggregate_man,mts_details_sep,2014,49.21
hnd,sex_t,eco_aggregate_man,mts_details_sep,2015,52.11
hnd,sex_t,eco_aggregate_man,mts_details_sep,2016,44.8
hnd,sex_t,eco_aggregate_man,mts_details_sep,2017,49.42
hnd,sex_t,eco_aggregate_man,mts_details_sep,2018,48.99
hnd,sex_t,eco_aggregate_man,mts_details_sep,2019,51.86
hnd,sex_t,eco_aggregate_man,mts_details_sep,2020,45.65
hnd,sex_t,eco_aggregate_man,mts_details_sep,2021,49.25
hnd,sex_t,eco_aggregate_man,mts_details_sep,2022,43.89
hnd,sex_t,eco_aggregate_man,mts_details_sep,2023,44.39
hnd,sex_t,eco_aggregate_man,mts_details_sep,2024,50.74
hnd,sex_t,eco_aggregate_man,mts_details_sgle,2005,47.3
hnd,sex_t,eco_aggregate_man,mts_details_sgle,2006,47.7
hnd,sex_t,eco_aggregate_man,mts_details_sgle,2007,47.48
hnd,sex_t,eco_aggregate_man,mts_details_sgle,2008,47.31
hnd,sex_t,eco_aggregate_man,mts_details_sgle,2009,45.67
hnd,sex_t,eco_aggregate_man,mts_details_sgle,2010,45.82
hnd,sex_t,eco_aggregate_man,mts_details_sgle,2011,45.45
hnd,sex_t,eco_aggregate_man,mts_details_sgle,2012,46.51
hnd,sex_t,eco_aggregate_man,mts_details_sgle,2013,46.33
hnd,sex_t,eco_aggregate_man,mts_details_sgle,2014,46.92
hnd,sex_t,eco_aggregate_man,mts_details_sgle,2015,45.93
hnd,sex_t,eco_aggregate_man,mts_details_sgle,2016,47.84
hnd,sex_t,eco_aggregate_man,mts_details_sgle,2017,46.13
hnd,sex_t,eco_aggregate_man,mts_details_sgle,2018,47.7
hnd,sex_t,eco_aggregate_man,mts_details_sgle,2019,46.48
hnd,sex_t,eco_aggregate_man,mts_details_sgle,2020,47.89
hnd,sex_t,eco_aggregate_man,mts_details_sgle,2021,46.91
hnd,sex_t,eco_aggregate_man,mts_details_sgle,2022,48.28
hnd,sex_t,eco_aggregate_man,mts_details_sgle,2023,46.95
hnd,sex_t,eco_aggregate_man,mts_details_sgle,2024,46.33
hnd,sex_t,eco_aggregate_man,mts_details_total,2005,48.71
hnd,sex_t,eco_aggregate_man,mts_details_total,2006,48.63
hnd,sex_t,eco_aggregate_man,mts_details_total,2007,48.74
hnd,sex_t,eco_aggregate_man,mts_details_total,2008,48.44
hnd,sex_t,eco_aggregate_man,mts_details_total,2009,46.79
hnd,sex_t,eco_aggregate_man,mts_details_total,2010,46.7
hnd,sex_t,eco_aggregate_man,mts_details_total,2011,47.45
hnd,sex_t,eco_aggregate_man,mts_details_total,2012,47.17
hnd,sex_t,eco_aggregate_man,mts_details_total,2013,47.69
hnd,sex_t,eco_aggregate_man,mts_details_total,2014,48.37
hnd,sex_t,eco_aggregate_man,mts_details_total,2015,48.04
hnd,sex_t,eco_aggregate_man,mts_details_total,2016,48.84
hnd,sex_t,eco_aggregate_man,mts_details_total,2017,47.76
hnd,sex_t,eco_aggregate_man,mts_details_total,2018,49.09
hnd,sex_t,eco_aggregate_man,mts_details_total,2019,48.44
hnd,sex_t,eco_aggregate_man,mts_details_total,2020,47.75
hnd,sex_t,eco_aggregate_man,mts_details_total,2021,48.03
hnd,sex_t,eco_aggregate_man,mts_details_total,2022,48.68
hnd,sex_t,eco_aggregate_man,mts_details_total,2023,47.1
hnd,sex_t,eco_aggregate_man,mts_details_total,2024,48.87
hnd,sex_t,eco_aggregate_man,mts_details_union,2005,50.12
hnd,sex_t,eco_aggregate_man,mts_details_union,2006,49.74
hnd,sex_t,eco_aggregate_man,mts_details_union,2007,49.59
hnd,sex_t,eco_aggregate_man,mts_details_union,2008,49.73
hnd,sex_t,eco_aggregate_man,mts_details_union,2009,47.74
hnd,sex_t,eco_aggregate_man,mts_details_union,2010,47.74
hnd,sex_t,eco_aggregate_man,mts_details_union,2011,49.78
hnd,sex_t,eco_aggregate_man,mts_details_union,2012,47.62
hnd,sex_t,eco_aggregate_man,mts_details_union,2013,48.5
hnd,sex_t,eco_aggregate_man,mts_details_union,2014,49.18
hnd,sex_t,eco_aggregate_man,mts_details_union,2015,49.03
hnd,sex_t,eco_aggregate_man,mts_details_union,2016,49.54
hnd,sex_t,eco_aggregate_man,mts_details_union,2017,48.92
hnd,sex_t,eco_aggregate_man,mts_details_union,2018,50.95
hnd,sex_t,eco_aggregate_man,mts_details_union,2019,50.34
hnd,sex_t,eco_aggregate_man,mts_details_union,2020,48.52
hnd,sex_t,eco_aggregate_man,mts_details_union,2021,49.16
hnd,sex_t,eco_aggregate_man,mts_details_union,2022,49.15
hnd,sex_t,eco_aggregate_man,mts_details_union,2023,47.78
hnd,sex_t,eco_aggregate_man,mts_details_union,2024,51.71
hnd,sex_t,eco_aggregate_man,mts_details_wid,2005,45.29
hnd,sex_t,eco_aggregate_man,mts_details_wid,2006,41.96
hnd,sex_t,eco_aggregate_man,mts_details_wid,2007,43.97
hnd,sex_t,eco_aggregate_man,mts_details_wid,2008,44.69
hnd,sex_t,eco_aggregate_man,mts_details_wid,2009,49.02
hnd,sex_t,eco_aggregate_man,mts_details_wid,2012,50.15
hnd,sex_t,eco_aggregate_man,mts_details_wid,2013,43.85
hnd,sex_t,eco_aggregate_man,mts_details_wid,2014,39.21
hnd,sex_t,eco_aggregate_man,mts_details_wid,2016,56.9
hnd,sex_t,eco_aggregate_man,mts_details_wid,2017,44.91
hnd,sex_t,eco_aggregate_man,mts_details_wid,2018,37.15
hnd,sex_t,eco_aggregate_man,mts_details_wid,2019,38.99
hnd,sex_t,eco_aggregate_man,mts_details_wid,2021,45.41
hnd,sex_t,eco_aggregate_mel,mts_aggregate_1,2005,45.25
hnd,sex_t,eco_aggregate_mel,mts_aggregate_1,2006,47.13
hnd,sex_t,eco_aggregate_mel,mts_aggregate_1,2007,42.09
hnd,sex_t,eco_aggregate_mel,mts_aggregate_1,2008,46.66
hnd,sex_t,eco_aggregate_mel,mts_aggregate_1,2009,44.34
hnd,sex_t,eco_aggregate_mel,mts_aggregate_1,2010,42.29
hnd,sex_t,eco_aggregate_mel,mts_aggregate_1,2011,41.55
hnd,sex_t,eco_aggregate_mel,mts_aggregate_1,2012,42.78
hnd,sex_t,eco_aggregate_mel,mts_aggregate_1,2013,44.44
hnd,sex_t,eco_aggregate_mel,mts_aggregate_1,2014,33.47
hnd,sex_t,eco_aggregate_mel,mts_aggregate_1,2015,41.03
hnd,sex_t,eco_aggregate_mel,mts_aggregate_1,2016,47.18
hnd,sex_t,eco_aggregate_mel,mts_aggregate_1,2017,48.15
hnd,sex_t,eco_aggregate_mel,mts_aggregate_1,2018,53.08
hnd,sex_t,eco_aggregate_mel,mts_aggregate_1,2019,38.08
hnd,sex_t,eco_aggregate_mel,mts_aggregate_1,2020,33.82
hnd,sex_t,eco_aggregate_mel,mts_aggregate_1,2021,40.93
hnd,sex_t,eco_aggregate_mel,mts_aggregate_1,2022,41.63
hnd,sex_t,eco_aggregate_mel,mts_aggregate_1,2023,52.18
hnd,sex_t,eco_aggregate_mel,mts_aggregate_1,2024,41.36
hnd,sex_t,eco_aggregate_mel,mts_aggregate_2,2005,44.13
hnd,sex_t,eco_aggregate_mel,mts_aggregate_2,2006,48.46
hnd,sex_t,eco_aggregate_mel,mts_aggregate_2,2007,48.09
hnd,sex_t,eco_aggregate_mel,mts_aggregate_2,2008,45.93
hnd,sex_t,eco_aggregate_mel,mts_aggregate_2,2009,45.76
hnd,sex_t,eco_aggregate_mel,mts_aggregate_2,2010,48.79
hnd,sex_t,eco_aggregate_mel,mts_aggregate_2,2011,48.3
hnd,sex_t,eco_aggregate_mel,mts_aggregate_2,2012,46.17
hnd,sex_t,eco_aggregate_mel,mts_aggregate_2,2013,46.64
hnd,sex_t,eco_aggregate_mel,mts_aggregate_2,2014,50.67
hnd,sex_t,eco_aggregate_mel,mts_aggregate_2,2015,50.67
hnd,sex_t,eco_aggregate_mel,mts_aggregate_2,2016,53
hnd,sex_t,eco_aggregate_mel,mts_aggregate_2,2017,48.4
hnd,sex_t,eco_aggregate_mel,mts_aggregate_2,2018,55.41
hnd,sex_t,eco_aggregate_mel,mts_aggregate_2,2019,48.36
hnd,sex_t,eco_aggregate_mel,mts_aggregate_2,2020,47.49
hnd,sex_t,eco_aggregate_mel,mts_aggregate_2,2021,50.6
hnd,sex_t,eco_aggregate_mel,mts_aggregate_2,2022,45.81
hnd,sex_t,eco_aggregate_mel,mts_aggregate_2,2023,47.95
hnd,sex_t,eco_aggregate_mel,mts_aggregate_2,2024,52.56
hnd,sex_t,eco_aggregate_mel,mts_aggregate_total,2005,44.52
hnd,sex_t,eco_aggregate_mel,mts_aggregate_total,2006,48.02
hnd,sex_t,eco_aggregate_mel,mts_aggregate_total,2007,45.76
hnd,sex_t,eco_aggregate_mel,mts_aggregate_total,2008,46.18
hnd,sex_t,eco_aggregate_mel,mts_aggregate_total,2009,45.32
hnd,sex_t,eco_aggregate_mel,mts_aggregate_total,2010,46.88
hnd,sex_t,eco_aggregate_mel,mts_aggregate_total,2011,45.91
hnd,sex_t,eco_aggregate_mel,mts_aggregate_total,2012,44.88
hnd,sex_t,eco_aggregate_mel,mts_aggregate_total,2013,45.67
hnd,sex_t,eco_aggregate_mel,mts_aggregate_total,2014,44.08
hnd,sex_t,eco_aggregate_mel,mts_aggregate_total,2015,48.24
hnd,sex_t,eco_aggregate_mel,mts_aggregate_total,2016,51.44
hnd,sex_t,eco_aggregate_mel,mts_aggregate_total,2017,48.32
hnd,sex_t,eco_aggregate_mel,mts_aggregate_total,2018,54.35
hnd,sex_t,eco_aggregate_mel,mts_aggregate_total,2019,43.31
hnd,sex_t,eco_aggregate_mel,mts_aggregate_total,2020,41.94
hnd,sex_t,eco_aggregate_mel,mts_aggregate_total,2021,48.08
hnd,sex_t,eco_aggregate_mel,mts_aggregate_total,2022,43.93
hnd,sex_t,eco_aggregate_mel,mts_aggregate_total,2023,49.58
hnd,sex_t,eco_aggregate_mel,mts_aggregate_total,2024,47.47
hnd,sex_t,eco_aggregate_mel,mts_details_mrd,2005,46.04
hnd,sex_t,eco_aggregate_mel,mts_details_mrd,2006,47.15
hnd,sex_t,eco_aggregate_mel,mts_details_mrd,2007,47.79
hnd,sex_t,eco_aggregate_mel,mts_details_mrd,2008,46.79
hnd,sex_t,eco_aggregate_mel,mts_details_mrd,2009,45.29
hnd,sex_t,eco_aggregate_mel,mts_details_mrd,2010,49.11
hnd,sex_t,eco_aggregate_mel,mts_details_mrd,2011,46.21
hnd,sex_t,eco_aggregate_mel,mts_details_mrd,2012,44.41
hnd,sex_t,eco_aggregate_mel,mts_details_mrd,2013,46.76
hnd,sex_t,eco_aggregate_mel,mts_details_mrd,2014,50.7
hnd,sex_t,eco_aggregate_mel,mts_details_mrd,2015,47.12
hnd,sex_t,eco_aggregate_mel,mts_details_mrd,2016,51.24
hnd,sex_t,eco_aggregate_mel,mts_details_mrd,2017,56.58
hnd,sex_t,eco_aggregate_mel,mts_details_mrd,2018,57.35
hnd,sex_t,eco_aggregate_mel,mts_details_mrd,2019,51.75
hnd,sex_t,eco_aggregate_mel,mts_details_mrd,2020,50.86
hnd,sex_t,eco_aggregate_mel,mts_details_mrd,2021,52.07
hnd,sex_t,eco_aggregate_mel,mts_details_mrd,2022,52.29
hnd,sex_t,eco_aggregate_mel,mts_details_mrd,2023,49.51
hnd,sex_t,eco_aggregate_mel,mts_details_mrd,2024,51.62
hnd,sex_t,eco_aggregate_mel,mts_details_sep,2006,42.2
hnd,sex_t,eco_aggregate_mel,mts_details_sep,2007,48.21
hnd,sex_t,eco_aggregate_mel,mts_details_sgle,2005,45.42
hnd,sex_t,eco_aggregate_mel,mts_details_sgle,2006,47.75
hnd,sex_t,eco_aggregate_mel,mts_details_sgle,2007,41.38
hnd,sex_t,eco_aggregate_mel,mts_details_sgle,2008,46.86
hnd,sex_t,eco_aggregate_mel,mts_details_sgle,2009,44.32
hnd,sex_t,eco_aggregate_mel,mts_details_sgle,2010,41.95
hnd,sex_t,eco_aggregate_mel,mts_details_sgle,2011,41.44
hnd,sex_t,eco_aggregate_mel,mts_details_sgle,2012,42.9
hnd,sex_t,eco_aggregate_mel,mts_details_sgle,2013,44.61
hnd,sex_t,eco_aggregate_mel,mts_details_sgle,2014,33.13
hnd,sex_t,eco_aggregate_mel,mts_details_sgle,2015,39
hnd,sex_t,eco_aggregate_mel,mts_details_sgle,2016,47.18
hnd,sex_t,eco_aggregate_mel,mts_details_sgle,2017,48.56
hnd,sex_t,eco_aggregate_mel,mts_details_sgle,2018,55.15
hnd,sex_t,eco_aggregate_mel,mts_details_sgle,2019,37.99
hnd,sex_t,eco_aggregate_mel,mts_details_sgle,2020,33.73
hnd,sex_t,eco_aggregate_mel,mts_details_sgle,2021,40.97
hnd,sex_t,eco_aggregate_mel,mts_details_sgle,2022,41.32
hnd,sex_t,eco_aggregate_mel,mts_details_sgle,2023,52.68
hnd,sex_t,eco_aggregate_mel,mts_details_sgle,2024,38.65
hnd,sex_t,eco_aggregate_mel,mts_details_total,2005,44.52
hnd,sex_t,eco_aggregate_mel,mts_details_total,2006,48.02
hnd,sex_t,eco_aggregate_mel,mts_details_total,2007,45.76
hnd,sex_t,eco_aggregate_mel,mts_details_total,2008,46.18
hnd,sex_t,eco_aggregate_mel,mts_details_total,2009,45.32
hnd,sex_t,eco_aggregate_mel,mts_details_total,2010,46.88
hnd,sex_t,eco_aggregate_mel,mts_details_total,2011,45.91
hnd,sex_t,eco_aggregate_mel,mts_details_total,2012,44.88
hnd,sex_t,eco_aggregate_mel,mts_details_total,2013,45.67
hnd,sex_t,eco_aggregate_mel,mts_details_total,2014,44.08
hnd,sex_t,eco_aggregate_mel,mts_details_total,2015,48.24
hnd,sex_t,eco_aggregate_mel,mts_details_total,2016,51.44
hnd,sex_t,eco_aggregate_mel,mts_details_total,2017,48.32
hnd,sex_t,eco_aggregate_mel,mts_details_total,2018,54.35
hnd,sex_t,eco_aggregate_mel,mts_details_total,2019,43.31
hnd,sex_t,eco_aggregate_mel,mts_details_total,2020,41.94
hnd,sex_t,eco_aggregate_mel,mts_details_total,2021,48.08
hnd,sex_t,eco_aggregate_mel,mts_details_total,2022,43.93
hnd,sex_t,eco_aggregate_mel,mts_details_total,2023,49.58
hnd,sex_t,eco_aggregate_mel,mts_details_total,2024,47.47
hnd,sex_t,eco_aggregate_mel,mts_details_union,2005,42.91
hnd,sex_t,eco_aggregate_mel,mts_details_union,2006,49.96
hnd,sex_t,eco_aggregate_mel,mts_details_union,2007,48.44
hnd,sex_t,eco_aggregate_mel,mts_details_union,2008,44.81
hnd,sex_t,eco_aggregate_mel,mts_details_union,2009,46.24
hnd,sex_t,eco_aggregate_mel,mts_details_union,2010,48.51
hnd,sex_t,eco_aggregate_mel,mts_details_union,2011,50.72
hnd,sex_t,eco_aggregate_mel,mts_details_union,2012,48.08
hnd,sex_t,eco_aggregate_mel,mts_details_union,2013,46.51
hnd,sex_t,eco_aggregate_mel,mts_details_union,2014,50.64
hnd,sex_t,eco_aggregate_mel,mts_details_union,2015,53.46
hnd,sex_t,eco_aggregate_mel,mts_details_union,2016,54.65
hnd,sex_t,eco_aggregate_mel,mts_details_union,2017,44.03
hnd,sex_t,eco_aggregate_mel,mts_details_union,2018,54.45
hnd,sex_t,eco_aggregate_mel,mts_details_union,2019,46.51
hnd,sex_t,eco_aggregate_mel,mts_details_union,2020,45.64
hnd,sex_t,eco_aggregate_mel,mts_details_union,2021,49.74
hnd,sex_t,eco_aggregate_mel,mts_details_union,2022,39.57
hnd,sex_t,eco_aggregate_mel,mts_details_union,2023,46.62
hnd,sex_t,eco_aggregate_mel,mts_details_union,2024,53.29
hnd,sex_t,eco_aggregate_mkt,mts_aggregate_1,2005,49.43
hnd,sex_t,eco_aggregate_mkt,mts_aggregate_1,2006,50.33
hnd,sex_t,eco_aggregate_mkt,mts_aggregate_1,2007,49.03
hnd,sex_t,eco_aggregate_mkt,mts_aggregate_1,2008,48.27
hnd,sex_t,eco_aggregate_mkt,mts_aggregate_1,2009,46.64
hnd,sex_t,eco_aggregate_mkt,mts_aggregate_1,2010,45.71
hnd,sex_t,eco_aggregate_mkt,mts_aggregate_1,2011,48.04
hnd,sex_t,eco_aggregate_mkt,mts_aggregate_1,2012,48.07
hnd,sex_t,eco_aggregate_mkt,mts_aggregate_1,2013,47.89
hnd,sex_t,eco_aggregate_mkt,mts_aggregate_1,2014,50.66
hnd,sex_t,eco_aggregate_mkt,mts_aggregate_1,2015,48.9
hnd,sex_t,eco_aggregate_mkt,mts_aggregate_1,2016,50.18
hnd,sex_t,eco_aggregate_mkt,mts_aggregate_1,2017,50.4
hnd,sex_t,eco_aggregate_mkt,mts_aggregate_1,2018,49.47
hnd,sex_t,eco_aggregate_mkt,mts_aggregate_1,2019,50.36
hnd,sex_t,eco_aggregate_mkt,mts_aggregate_1,2020,44.17
hnd,sex_t,eco_aggregate_mkt,mts_aggregate_1,2021,51.15
hnd,sex_t,eco_aggregate_mkt,mts_aggregate_1,2022,50.45
hnd,sex_t,eco_aggregate_mkt,mts_aggregate_1,2023,48.93
hnd,sex_t,eco_aggregate_mkt,mts_aggregate_1,2024,50.02
hnd,sex_t,eco_aggregate_mkt,mts_aggregate_2,2005,52.78
hnd,sex_t,eco_aggregate_mkt,mts_aggregate_2,2006,53.55
hnd,sex_t,eco_aggregate_mkt,mts_aggregate_2,2007,52.67
hnd,sex_t,eco_aggregate_mkt,mts_aggregate_2,2008,52.35
hnd,sex_t,eco_aggregate_mkt,mts_aggregate_2,2009,50.34
hnd,sex_t,eco_aggregate_mkt,mts_aggregate_2,2010,52.04
hnd,sex_t,eco_aggregate_mkt,mts_aggregate_2,2011,51.29
hnd,sex_t,eco_aggregate_mkt,mts_aggregate_2,2012,52.9
hnd,sex_t,eco_aggregate_mkt,mts_aggregate_2,2013,52.92
hnd,sex_t,eco_aggregate_mkt,mts_aggregate_2,2014,53.12
hnd,sex_t,eco_aggregate_mkt,mts_aggregate_2,2015,53.81
hnd,sex_t,eco_aggregate_mkt,mts_aggregate_2,2016,54.56
hnd,sex_t,eco_aggregate_mkt,mts_aggregate_2,2017,54.67
hnd,sex_t,eco_aggregate_mkt,mts_aggregate_2,2018,54.77
hnd,sex_t,eco_aggregate_mkt,mts_aggregate_2,2019,54.2
hnd,sex_t,eco_aggregate_mkt,mts_aggregate_2,2020,49.11
hnd,sex_t,eco_aggregate_mkt,mts_aggregate_2,2021,53.9
hnd,sex_t,eco_aggregate_mkt,mts_aggregate_2,2022,53.38
hnd,sex_t,eco_aggregate_mkt,mts_aggregate_2,2023,52.79
hnd,sex_t,eco_aggregate_mkt,mts_aggregate_2,2024,52.84
hnd,sex_t,eco_aggregate_mkt,mts_aggregate_total,2005,51.07
hnd,sex_t,eco_aggregate_mkt,mts_aggregate_total,2006,51.85
hnd,sex_t,eco_aggregate_mkt,mts_aggregate_total,2007,50.81
hnd,sex_t,eco_aggregate_mkt,mts_aggregate_total,2008,50.21
hnd,sex_t,eco_aggregate_mkt,mts_aggregate_total,2009,48.37
hnd,sex_t,eco_aggregate_mkt,mts_aggregate_total,2010,48.65
hnd,sex_t,eco_aggregate_mkt,mts_aggregate_total,2011,49.59
hnd,sex_t,eco_aggregate_mkt,mts_aggregate_total,2012,50.28
hnd,sex_t,eco_aggregate_mkt,mts_aggregate_total,2013,50.33
hnd,sex_t,eco_aggregate_mkt,mts_aggregate_total,2014,51.9
hnd,sex_t,eco_aggregate_mkt,mts_aggregate_total,2015,51.28
hnd,sex_t,eco_aggregate_mkt,mts_aggregate_total,2016,52.36
hnd,sex_t,eco_aggregate_mkt,mts_aggregate_total,2017,52.52
hnd,sex_t,eco_aggregate_mkt,mts_aggregate_total,2018,51.96
hnd,sex_t,eco_aggregate_mkt,mts_aggregate_total,2019,52.14
hnd,sex_t,eco_aggregate_mkt,mts_aggregate_total,2020,46.37
hnd,sex_t,eco_aggregate_mkt,mts_aggregate_total,2021,52.41
hnd,sex_t,eco_aggregate_mkt,mts_aggregate_total,2022,51.83
hnd,sex_t,eco_aggregate_mkt,mts_aggregate_total,2023,50.67
hnd,sex_t,eco_aggregate_mkt,mts_aggregate_total,2024,51.34
hnd,sex_t,eco_aggregate_mkt,mts_details_mrd,2005,52.04
hnd,sex_t,eco_aggregate_mkt,mts_details_mrd,2006,51.24
hnd,sex_t,eco_aggregate_mkt,mts_details_mrd,2007,51.13
hnd,sex_t,eco_aggregate_mkt,mts_details_mrd,2008,51.09
hnd,sex_t,eco_aggregate_mkt,mts_details_mrd,2009,49.31
hnd,sex_t,eco_aggregate_mkt,mts_details_mrd,2010,50.35
hnd,sex_t,eco_aggregate_mkt,mts_details_mrd,2011,48.57
hnd,sex_t,eco_aggregate_mkt,mts_details_mrd,2012,51.92
hnd,sex_t,eco_aggregate_mkt,mts_details_mrd,2013,51.47
hnd,sex_t,eco_aggregate_mkt,mts_details_mrd,2014,51.95
hnd,sex_t,eco_aggregate_mkt,mts_details_mrd,2015,51.44
hnd,sex_t,eco_aggregate_mkt,mts_details_mrd,2016,51.35
hnd,sex_t,eco_aggregate_mkt,mts_details_mrd,2017,52.33
hnd,sex_t,eco_aggregate_mkt,mts_details_mrd,2018,52.83
hnd,sex_t,eco_aggregate_mkt,mts_details_mrd,2019,51.02
hnd,sex_t,eco_aggregate_mkt,mts_details_mrd,2020,50.67
hnd,sex_t,eco_aggregate_mkt,mts_details_mrd,2021,52.35
hnd,sex_t,eco_aggregate_mkt,mts_details_mrd,2022,52.53
hnd,sex_t,eco_aggregate_mkt,mts_details_mrd,2023,51.1
hnd,sex_t,eco_aggregate_mkt,mts_details_mrd,2024,49.25
hnd,sex_t,eco_aggregate_mkt,mts_details_sep,2005,48.49
hnd,sex_t,eco_aggregate_mkt,mts_details_sep,2006,49.86
hnd,sex_t,eco_aggregate_mkt,mts_details_sep,2007,51.33
hnd,sex_t,eco_aggregate_mkt,mts_details_sep,2008,46.57
hnd,sex_t,eco_aggregate_mkt,mts_details_sep,2009,48.52
hnd,sex_t,eco_aggregate_mkt,mts_details_sep,2010,42.38
hnd,sex_t,eco_aggregate_mkt,mts_details_sep,2011,48.64
hnd,sex_t,eco_aggregate_mkt,mts_details_sep,2012,52.33
hnd,sex_t,eco_aggregate_mkt,mts_details_sep,2013,53.93
hnd,sex_t,eco_aggregate_mkt,mts_details_sep,2014,50.32
hnd,sex_t,eco_aggregate_mkt,mts_details_sep,2015,47.43
hnd,sex_t,eco_aggregate_mkt,mts_details_sep,2016,51.25
hnd,sex_t,eco_aggregate_mkt,mts_details_sep,2017,48.43
hnd,sex_t,eco_aggregate_mkt,mts_details_sep,2018,46.74
hnd,sex_t,eco_aggregate_mkt,mts_details_sep,2019,47.03
hnd,sex_t,eco_aggregate_mkt,mts_details_sep,2020,37.3
hnd,sex_t,eco_aggregate_mkt,mts_details_sep,2021,48.78
hnd,sex_t,eco_aggregate_mkt,mts_details_sep,2022,53.08
hnd,sex_t,eco_aggregate_mkt,mts_details_sep,2023,45.47
hnd,sex_t,eco_aggregate_mkt,mts_details_sep,2024,43.34
hnd,sex_t,eco_aggregate_mkt,mts_details_sgle,2005,49.4
hnd,sex_t,eco_aggregate_mkt,mts_details_sgle,2006,50.25
hnd,sex_t,eco_aggregate_mkt,mts_details_sgle,2007,48.79
hnd,sex_t,eco_aggregate_mkt,mts_details_sgle,2008,48.38
hnd,sex_t,eco_aggregate_mkt,mts_details_sgle,2009,46.47
hnd,sex_t,eco_aggregate_mkt,mts_details_sgle,2010,45.8
hnd,sex_t,eco_aggregate_mkt,mts_details_sgle,2011,47.86
hnd,sex_t,eco_aggregate_mkt,mts_details_sgle,2012,47.74
hnd,sex_t,eco_aggregate_mkt,mts_details_sgle,2013,47.39
hnd,sex_t,eco_aggregate_mkt,mts_details_sgle,2014,50.83
hnd,sex_t,eco_aggregate_mkt,mts_details_sgle,2015,49.05
hnd,sex_t,eco_aggregate_mkt,mts_details_sgle,2016,50.12
hnd,sex_t,eco_aggregate_mkt,mts_details_sgle,2017,50.45
hnd,sex_t,eco_aggregate_mkt,mts_details_sgle,2018,49.64
hnd,sex_t,eco_aggregate_mkt,mts_details_sgle,2019,50.4
hnd,sex_t,eco_aggregate_mkt,mts_details_sgle,2020,44.65
hnd,sex_t,eco_aggregate_mkt,mts_details_sgle,2021,51.4
hnd,sex_t,eco_aggregate_mkt,mts_details_sgle,2022,50.66
hnd,sex_t,eco_aggregate_mkt,mts_details_sgle,2023,49.15
hnd,sex_t,eco_aggregate_mkt,mts_details_sgle,2024,50.53
hnd,sex_t,eco_aggregate_mkt,mts_details_total,2005,51.07
hnd,sex_t,eco_aggregate_mkt,mts_details_total,2006,51.85
hnd,sex_t,eco_aggregate_mkt,mts_details_total,2007,50.81
hnd,sex_t,eco_aggregate_mkt,mts_details_total,2008,50.21
hnd,sex_t,eco_aggregate_mkt,mts_details_total,2009,48.37
hnd,sex_t,eco_aggregate_mkt,mts_details_total,2010,48.65
hnd,sex_t,eco_aggregate_mkt,mts_details_total,2011,49.59
hnd,sex_t,eco_aggregate_mkt,mts_details_total,2012,50.28
hnd,sex_t,eco_aggregate_mkt,mts_details_total,2013,50.33
hnd,sex_t,eco_aggregate_mkt,mts_details_total,2014,51.9
hnd,sex_t,eco_aggregate_mkt,mts_details_total,2015,51.28
hnd,sex_t,eco_aggregate_mkt,mts_details_total,2016,52.36
hnd,sex_t,eco_aggregate_mkt,mts_details_total,2017,52.52
hnd,sex_t,eco_aggregate_mkt,mts_details_total,2018,51.96
hnd,sex_t,eco_aggregate_mkt,mts_details_total,2019,52.14
hnd,sex_t,eco_aggregate_mkt,mts_details_total,2020,46.37
hnd,sex_t,eco_aggregate_mkt,mts_details_total,2021,52.41
hnd,sex_t,eco_aggregate_mkt,mts_details_total,2022,51.83
hnd,sex_t,eco_aggregate_mkt,mts_details_total,2023,50.67
hnd,sex_t,eco_aggregate_mkt,mts_details_total,2024,51.34
hnd,sex_t,eco_aggregate_mkt,mts_details_union,2005,53.38
hnd,sex_t,eco_aggregate_mkt,mts_details_union,2006,55.67
hnd,sex_t,eco_aggregate_mkt,mts_details_union,2007,54.07
hnd,sex_t,eco_aggregate_mkt,mts_details_union,2008,53.4
hnd,sex_t,eco_aggregate_mkt,mts_details_union,2009,51.16
hnd,sex_t,eco_aggregate_mkt,mts_details_union,2010,53.42
hnd,sex_t,eco_aggregate_mkt,mts_details_union,2011,53.26
hnd,sex_t,eco_aggregate_mkt,mts_details_union,2012,53.55
hnd,sex_t,eco_aggregate_mkt,mts_details_union,2013,53.86
hnd,sex_t,eco_aggregate_mkt,mts_details_union,2014,54.1
hnd,sex_t,eco_aggregate_mkt,mts_details_union,2015,55.52
hnd,sex_t,eco_aggregate_mkt,mts_details_union,2016,57.07
hnd,sex_t,eco_aggregate_mkt,mts_details_union,2017,56.3
hnd,sex_t,eco_aggregate_mkt,mts_details_union,2018,56.08
hnd,sex_t,eco_aggregate_mkt,mts_details_union,2019,56.5
hnd,sex_t,eco_aggregate_mkt,mts_details_union,2020,47.99
hnd,sex_t,eco_aggregate_mkt,mts_details_union,2021,54.76
hnd,sex_t,eco_aggregate_mkt,mts_details_union,2022,53.92
hnd,sex_t,eco_aggregate_mkt,mts_details_union,2023,53.77
hnd,sex_t,eco_aggregate_mkt,mts_details_union,2024,54.65
hnd,sex_t,eco_aggregate_mkt,mts_details_wid,2005,53.29
hnd,sex_t,eco_aggregate_mkt,mts_details_wid,2006,55.05
hnd,sex_t,eco_aggregate_mkt,mts_details_wid,2007,53.76
hnd,sex_t,eco_aggregate_mkt,mts_details_wid,2008,47.31
hnd,sex_t,eco_aggregate_mkt,mts_details_wid,2009,47.83
hnd,sex_t,eco_aggregate_mkt,mts_details_wid,2010,47.45
hnd,sex_t,eco_aggregate_mkt,mts_details_wid,2011,53.63
hnd,sex_t,eco_aggregate_mkt,mts_details_wid,2012,54.04
hnd,sex_t,eco_aggregate_mkt,mts_details_wid,2013,54.03
hnd,sex_t,eco_aggregate_mkt,mts_details_wid,2014,41.07
hnd,sex_t,eco_aggregate_mkt,mts_details_wid,2015,43.49
hnd,sex_t,eco_aggregate_mkt,mts_details_wid,2016,50.08
hnd,sex_t,eco_aggregate_mkt,mts_details_wid,2017,52.52
hnd,sex_t,eco_aggregate_mkt,mts_details_wid,2018,47.64
hnd,sex_t,eco_aggregate_mkt,mts_details_wid,2019,56.49
hnd,sex_t,eco_aggregate_mkt,mts_details_wid,2020,36.42
hnd,sex_t,eco_aggregate_mkt,mts_details_wid,2021,39.49
hnd,sex_t,eco_aggregate_mkt,mts_details_wid,2022,37.74
hnd,sex_t,eco_aggregate_mkt,mts_details_wid,2023,41.59
hnd,sex_t,eco_aggregate_mkt,mts_details_wid,2024,44.64
hnd,sex_t,eco_aggregate_pub,mts_aggregate_1,2005,42.56
hnd,sex_t,eco_aggregate_pub,mts_aggregate_1,2006,43.72
hnd,sex_t,eco_aggregate_pub,mts_aggregate_1,2007,43.17
hnd,sex_t,eco_aggregate_pub,mts_aggregate_1,2008,41.64
hnd,sex_t,eco_aggregate_pub,mts_aggregate_1,2009,40.57
hnd,sex_t,eco_aggregate_pub,mts_aggregate_1,2010,41.8
hnd,sex_t,eco_aggregate_pub,mts_aggregate_1,2011,41.85
hnd,sex_t,eco_aggregate_pub,mts_aggregate_1,2012,42.85
hnd,sex_t,eco_aggregate_pub,mts_aggregate_1,2013,42.54
hnd,sex_t,eco_aggregate_pub,mts_aggregate_1,2014,44.34
hnd,sex_t,eco_aggregate_pub,mts_aggregate_1,2015,42.82
hnd,sex_t,eco_aggregate_pub,mts_aggregate_1,2016,43.04
hnd,sex_t,eco_aggregate_pub,mts_aggregate_1,2017,43.49
hnd,sex_t,eco_aggregate_pub,mts_aggregate_1,2018,43.84
hnd,sex_t,eco_aggregate_pub,mts_aggregate_1,2019,42.39
hnd,sex_t,eco_aggregate_pub,mts_aggregate_1,2020,39.92
hnd,sex_t,eco_aggregate_pub,mts_aggregate_1,2021,42.77
hnd,sex_t,eco_aggregate_pub,mts_aggregate_1,2022,40.67
hnd,sex_t,eco_aggregate_pub,mts_aggregate_1,2023,42.88
hnd,sex_t,eco_aggregate_pub,mts_aggregate_1,2024,43.39
hnd,sex_t,eco_aggregate_pub,mts_aggregate_2,2005,41.39
hnd,sex_t,eco_aggregate_pub,mts_aggregate_2,2006,41.8
hnd,sex_t,eco_aggregate_pub,mts_aggregate_2,2007,41.5
hnd,sex_t,eco_aggregate_pub,mts_aggregate_2,2008,41.16
hnd,sex_t,eco_aggregate_pub,mts_aggregate_2,2009,40.24
hnd,sex_t,eco_aggregate_pub,mts_aggregate_2,2010,39.56
hnd,sex_t,eco_aggregate_pub,mts_aggregate_2,2011,41.36
hnd,sex_t,eco_aggregate_pub,mts_aggregate_2,2012,41.61
hnd,sex_t,eco_aggregate_pub,mts_aggregate_2,2013,41.9
hnd,sex_t,eco_aggregate_pub,mts_aggregate_2,2014,42.32
hnd,sex_t,eco_aggregate_pub,mts_aggregate_2,2015,41.18
hnd,sex_t,eco_aggregate_pub,mts_aggregate_2,2016,42.21
hnd,sex_t,eco_aggregate_pub,mts_aggregate_2,2017,42.07
hnd,sex_t,eco_aggregate_pub,mts_aggregate_2,2018,40.28
hnd,sex_t,eco_aggregate_pub,mts_aggregate_2,2019,40.66
hnd,sex_t,eco_aggregate_pub,mts_aggregate_2,2020,36.87
hnd,sex_t,eco_aggregate_pub,mts_aggregate_2,2021,40.06
hnd,sex_t,eco_aggregate_pub,mts_aggregate_2,2022,38.87
hnd,sex_t,eco_aggregate_pub,mts_aggregate_2,2023,39.74
hnd,sex_t,eco_aggregate_pub,mts_aggregate_2,2024,41.02
hnd,sex_t,eco_aggregate_pub,mts_aggregate_total,2005,41.96
hnd,sex_t,eco_aggregate_pub,mts_aggregate_total,2006,42.79
hnd,sex_t,eco_aggregate_pub,mts_aggregate_total,2007,42.32
hnd,sex_t,eco_aggregate_pub,mts_aggregate_total,2008,41.41
hnd,sex_t,eco_aggregate_pub,mts_aggregate_total,2009,40.41
hnd,sex_t,eco_aggregate_pub,mts_aggregate_total,2010,40.76
hnd,sex_t,eco_aggregate_pub,mts_aggregate_total,2011,41.61
hnd,sex_t,eco_aggregate_pub,mts_aggregate_total,2012,42.27
hnd,sex_t,eco_aggregate_pub,mts_aggregate_total,2013,42.25
hnd,sex_t,eco_aggregate_pub,mts_aggregate_total,2014,43.34
hnd,sex_t,eco_aggregate_pub,mts_aggregate_total,2015,42.04
hnd,sex_t,eco_aggregate_pub,mts_aggregate_total,2016,42.63
hnd,sex_t,eco_aggregate_pub,mts_aggregate_total,2017,42.81
hnd,sex_t,eco_aggregate_pub,mts_aggregate_total,2018,42.2
hnd,sex_t,eco_aggregate_pub,mts_aggregate_total,2019,41.55
hnd,sex_t,eco_aggregate_pub,mts_aggregate_total,2020,38.63
hnd,sex_t,eco_aggregate_pub,mts_aggregate_total,2021,41.4
hnd,sex_t,eco_aggregate_pub,mts_aggregate_total,2022,39.86
hnd,sex_t,eco_aggregate_pub,mts_aggregate_total,2023,41.36
hnd,sex_t,eco_aggregate_pub,mts_aggregate_total,2024,42.31
hnd,sex_t,eco_aggregate_pub,mts_details_mrd,2005,39.52
hnd,sex_t,eco_aggregate_pub,mts_details_mrd,2006,40.18
hnd,sex_t,eco_aggregate_pub,mts_details_mrd,2007,39.73
hnd,sex_t,eco_aggregate_pub,mts_details_mrd,2008,39.88
hnd,sex_t,eco_aggregate_pub,mts_details_mrd,2009,39.21
hnd,sex_t,eco_aggregate_pub,mts_details_mrd,2010,38.05
hnd,sex_t,eco_aggregate_pub,mts_details_mrd,2011,39.74
hnd,sex_t,eco_aggregate_pub,mts_details_mrd,2012,41.17
hnd,sex_t,eco_aggregate_pub,mts_details_mrd,2013,40.49
hnd,sex_t,eco_aggregate_pub,mts_details_mrd,2014,40.42
hnd,sex_t,eco_aggregate_pub,mts_details_mrd,2015,40.78
hnd,sex_t,eco_aggregate_pub,mts_details_mrd,2016,41.72
hnd,sex_t,eco_aggregate_pub,mts_details_mrd,2017,39.44
hnd,sex_t,eco_aggregate_pub,mts_details_mrd,2018,39.59
hnd,sex_t,eco_aggregate_pub,mts_details_mrd,2019,40.41
hnd,sex_t,eco_aggregate_pub,mts_details_mrd,2020,38.8
hnd,sex_t,eco_aggregate_pub,mts_details_mrd,2021,39.16
hnd,sex_t,eco_aggregate_pub,mts_details_mrd,2022,37.63
hnd,sex_t,eco_aggregate_pub,mts_details_mrd,2023,38.54
hnd,sex_t,eco_aggregate_pub,mts_details_mrd,2024,37.29
hnd,sex_t,eco_aggregate_pub,mts_details_sep,2005,40.47
hnd,sex_t,eco_aggregate_pub,mts_details_sep,2006,42.09
hnd,sex_t,eco_aggregate_pub,mts_details_sep,2007,41.99
hnd,sex_t,eco_aggregate_pub,mts_details_sep,2008,39.54
hnd,sex_t,eco_aggregate_pub,mts_details_sep,2009,42.21
hnd,sex_t,eco_aggregate_pub,mts_details_sep,2010,44.3
hnd,sex_t,eco_aggregate_pub,mts_details_sep,2011,41.13
hnd,sex_t,eco_aggregate_pub,mts_details_sep,2012,41.52
hnd,sex_t,eco_aggregate_pub,mts_details_sep,2013,40.92
hnd,sex_t,eco_aggregate_pub,mts_details_sep,2014,39.64
hnd,sex_t,eco_aggregate_pub,mts_details_sep,2015,39.8
hnd,sex_t,eco_aggregate_pub,mts_details_sep,2016,45.72
hnd,sex_t,eco_aggregate_pub,mts_details_sep,2017,38.72
hnd,sex_t,eco_aggregate_pub,mts_details_sep,2018,37.39
hnd,sex_t,eco_aggregate_pub,mts_details_sep,2019,37.51
hnd,sex_t,eco_aggregate_pub,mts_details_sep,2020,45.03
hnd,sex_t,eco_aggregate_pub,mts_details_sep,2021,37.28
hnd,sex_t,eco_aggregate_pub,mts_details_sep,2022,43.29
hnd,sex_t,eco_aggregate_pub,mts_details_sep,2023,36.25
hnd,sex_t,eco_aggregate_pub,mts_details_sep,2024,41.3
hnd,sex_t,eco_aggregate_pub,mts_details_sgle,2005,42.93
hnd,sex_t,eco_aggregate_pub,mts_details_sgle,2006,43.97
hnd,sex_t,eco_aggregate_pub,mts_details_sgle,2007,43.59
hnd,sex_t,eco_aggregate_pub,mts_details_sgle,2008,41.99
hnd,sex_t,eco_aggregate_pub,mts_details_sgle,2009,40.39
hnd,sex_t,eco_aggregate_pub,mts_details_sgle,2010,41.57
hnd,sex_t,eco_aggregate_pub,mts_details_sgle,2011,41.76
hnd,sex_t,eco_aggregate_pub,mts_details_sgle,2012,43.13
hnd,sex_t,eco_aggregate_pub,mts_details_sgle,2013,42.78
hnd,sex_t,eco_aggregate_pub,mts_details_sgle,2014,44.88
hnd,sex_t,eco_aggregate_pub,mts_details_sgle,2015,42.96
hnd,sex_t,eco_aggregate_pub,mts_details_sgle,2016,42.74
hnd,sex_t,eco_aggregate_pub,mts_details_sgle,2017,44.07
hnd,sex_t,eco_aggregate_pub,mts_details_sgle,2018,44.69
hnd,sex_t,eco_aggregate_pub,mts_details_sgle,2019,42.84
hnd,sex_t,eco_aggregate_pub,mts_details_sgle,2020,40.28
hnd,sex_t,eco_aggregate_pub,mts_details_sgle,2021,43.27
hnd,sex_t,eco_aggregate_pub,mts_details_sgle,2022,40.85
hnd,sex_t,eco_aggregate_pub,mts_details_sgle,2023,43.81
hnd,sex_t,eco_aggregate_pub,mts_details_sgle,2024,43.7
hnd,sex_t,eco_aggregate_pub,mts_details_total,2005,41.96
hnd,sex_t,eco_aggregate_pub,mts_details_total,2006,42.79
hnd,sex_t,eco_aggregate_pub,mts_details_total,2007,42.32
hnd,sex_t,eco_aggregate_pub,mts_details_total,2008,41.41
hnd,sex_t,eco_aggregate_pub,mts_details_total,2009,40.41
hnd,sex_t,eco_aggregate_pub,mts_details_total,2010,40.76
hnd,sex_t,eco_aggregate_pub,mts_details_total,2011,41.61
hnd,sex_t,eco_aggregate_pub,mts_details_total,2012,42.27
hnd,sex_t,eco_aggregate_pub,mts_details_total,2013,42.25
hnd,sex_t,eco_aggregate_pub,mts_details_total,2014,43.34
hnd,sex_t,eco_aggregate_pub,mts_details_total,2015,42.04
hnd,sex_t,eco_aggregate_pub,mts_details_total,2016,42.63
hnd,sex_t,eco_aggregate_pub,mts_details_total,2017,42.81
hnd,sex_t,eco_aggregate_pub,mts_details_total,2018,42.2
hnd,sex_t,eco_aggregate_pub,mts_details_total,2019,41.55
hnd,sex_t,eco_aggregate_pub,mts_details_total,2020,38.63
hnd,sex_t,eco_aggregate_pub,mts_details_total,2021,41.4
hnd,sex_t,eco_aggregate_pub,mts_details_total,2022,39.86
hnd,sex_t,eco_aggregate_pub,mts_details_total,2023,41.36
hnd,sex_t,eco_aggregate_pub,mts_details_total,2024,42.31
hnd,sex_t,eco_aggregate_pub,mts_details_union,2005,44.45
hnd,sex_t,eco_aggregate_pub,mts_details_union,2006,44.96
hnd,sex_t,eco_aggregate_pub,mts_details_union,2007,44.68
hnd,sex_t,eco_aggregate_pub,mts_details_union,2008,43.55
hnd,sex_t,eco_aggregate_pub,mts_details_union,2009,41.97
hnd,sex_t,eco_aggregate_pub,mts_details_union,2010,42.02
hnd,sex_t,eco_aggregate_pub,mts_details_union,2011,44.14
hnd,sex_t,eco_aggregate_pub,mts_details_union,2012,42.25
hnd,sex_t,eco_aggregate_pub,mts_details_union,2013,43.87
hnd,sex_t,eco_aggregate_pub,mts_details_union,2014,44.85
hnd,sex_t,eco_aggregate_pub,mts_details_union,2015,41.86
hnd,sex_t,eco_aggregate_pub,mts_details_union,2016,42.89
hnd,sex_t,eco_aggregate_pub,mts_details_union,2017,45.05
hnd,sex_t,eco_aggregate_pub,mts_details_union,2018,41.03
hnd,sex_t,eco_aggregate_pub,mts_details_union,2019,41.01
hnd,sex_t,eco_aggregate_pub,mts_details_union,2020,34.37
hnd,sex_t,eco_aggregate_pub,mts_details_union,2021,41.1
hnd,sex_t,eco_aggregate_pub,mts_details_union,2022,40.43
hnd,sex_t,eco_aggregate_pub,mts_details_union,2023,41.12
hnd,sex_t,eco_aggregate_pub,mts_details_union,2024,45.01
hnd,sex_t,eco_aggregate_pub,mts_details_wid,2005,40.87
hnd,sex_t,eco_aggregate_pub,mts_details_wid,2006,44.08
hnd,sex_t,eco_aggregate_pub,mts_details_wid,2007,38.34
hnd,sex_t,eco_aggregate_pub,mts_details_wid,2008,38.62
hnd,sex_t,eco_aggregate_pub,mts_details_wid,2009,40.06
hnd,sex_t,eco_aggregate_pub,mts_details_wid,2010,42.21
hnd,sex_t,eco_aggregate_pub,mts_details_wid,2011,44.17
hnd,sex_t,eco_aggregate_pub,mts_details_wid,2012,40.16
hnd,sex_t,eco_aggregate_pub,mts_details_wid,2013,41.64
hnd,sex_t,eco_aggregate_pub,mts_details_wid,2014,40.3
hnd,sex_t,eco_aggregate_pub,mts_details_wid,2015,47.86
hnd,sex_t,eco_aggregate_pub,mts_details_wid,2016,44.33
hnd,sex_t,eco_aggregate_pub,mts_details_wid,2017,39.15
hnd,sex_t,eco_aggregate_pub,mts_details_wid,2018,37.45
hnd,sex_t,eco_aggregate_pub,mts_details_wid,2019,40.78
hnd,sex_t,eco_aggregate_pub,mts_details_wid,2020,25.09
hnd,sex_t,eco_aggregate_pub,mts_details_wid,2021,40.06
hnd,sex_t,eco_aggregate_pub,mts_details_wid,2022,29.83
hnd,sex_t,eco_aggregate_pub,mts_details_wid,2023,31.87
hnd,sex_t,eco_aggregate_pub,mts_details_wid,2024,41.72
hnd,sex_t,eco_aggregate_total,mts_aggregate_1,2005,44.66
hnd,sex_t,eco_aggregate_total,mts_aggregate_1,2006,45.16
hnd,sex_t,eco_aggregate_total,mts_aggregate_1,2007,43.88
hnd,sex_t,eco_aggregate_total,mts_aggregate_1,2008,42.99
hnd,sex_t,eco_aggregate_total,mts_aggregate_1,2009,41.32
hnd,sex_t,eco_aggregate_total,mts_aggregate_1,2010,41.36
hnd,sex_t,eco_aggregate_total,mts_aggregate_1,2011,42.64
hnd,sex_t,eco_aggregate_total,mts_aggregate_1,2012,43.64
hnd,sex_t,eco_aggregate_total,mts_aggregate_1,2013,42.27
hnd,sex_t,eco_aggregate_total,mts_aggregate_1,2014,43.9
hnd,sex_t,eco_aggregate_total,mts_aggregate_1,2015,43.12
hnd,sex_t,eco_aggregate_total,mts_aggregate_1,2016,44.35
hnd,sex_t,eco_aggregate_total,mts_aggregate_1,2017,43.65
hnd,sex_t,eco_aggregate_total,mts_aggregate_1,2018,44.65
hnd,sex_t,eco_aggregate_total,mts_aggregate_1,2019,44.35
hnd,sex_t,eco_aggregate_total,mts_aggregate_1,2020,42.16
hnd,sex_t,eco_aggregate_total,mts_aggregate_1,2021,44.72
hnd,sex_t,eco_aggregate_total,mts_aggregate_1,2022,44.18
hnd,sex_t,eco_aggregate_total,mts_aggregate_1,2023,44.58
hnd,sex_t,eco_aggregate_total,mts_aggregate_1,2024,45.39
hnd,sex_t,eco_aggregate_total,mts_aggregate_2,2005,46.16
hnd,sex_t,eco_aggregate_total,mts_aggregate_2,2006,46.41
hnd,sex_t,eco_aggregate_total,mts_aggregate_2,2007,46.55
hnd,sex_t,eco_aggregate_total,mts_aggregate_2,2008,45.77
hnd,sex_t,eco_aggregate_total,mts_aggregate_2,2009,44.16
hnd,sex_t,eco_aggregate_total,mts_aggregate_2,2010,44.45
hnd,sex_t,eco_aggregate_total,mts_aggregate_2,2011,45.28
hnd,sex_t,eco_aggregate_total,mts_aggregate_2,2012,46.32
hnd,sex_t,eco_aggregate_total,mts_aggregate_2,2013,45.95
hnd,sex_t,eco_aggregate_total,mts_aggregate_2,2014,46.2
hnd,sex_t,eco_aggregate_total,mts_aggregate_2,2015,45.73
hnd,sex_t,eco_aggregate_total,mts_aggregate_2,2016,47.32
hnd,sex_t,eco_aggregate_total,mts_aggregate_2,2017,46.5
hnd,sex_t,eco_aggregate_total,mts_aggregate_2,2018,46.76
hnd,sex_t,eco_aggregate_total,mts_aggregate_2,2019,46.52
hnd,sex_t,eco_aggregate_total,mts_aggregate_2,2020,44.29
hnd,sex_t,eco_aggregate_total,mts_aggregate_2,2021,45.93
hnd,sex_t,eco_aggregate_total,mts_aggregate_2,2022,45.58
hnd,sex_t,eco_aggregate_total,mts_aggregate_2,2023,45.12
hnd,sex_t,eco_aggregate_total,mts_aggregate_2,2024,46.82
hnd,sex_t,eco_aggregate_total,mts_aggregate_total,2005,45.44
hnd,sex_t,eco_aggregate_total,mts_aggregate_total,2006,45.78
hnd,sex_t,eco_aggregate_total,mts_aggregate_total,2007,45.22
hnd,sex_t,eco_aggregate_total,mts_aggregate_total,2008,44.34
hnd,sex_t,eco_aggregate_total,mts_aggregate_total,2009,42.69
hnd,sex_t,eco_aggregate_total,mts_aggregate_total,2010,42.83
hnd,sex_t,eco_aggregate_total,mts_aggregate_total,2011,43.95
hnd,sex_t,eco_aggregate_total,mts_aggregate_total,2012,44.92
hnd,sex_t,eco_aggregate_total,mts_aggregate_total,2013,44.08
hnd,sex_t,eco_aggregate_total,mts_aggregate_total,2014,45.08
hnd,sex_t,eco_aggregate_total,mts_aggregate_total,2015,44.46
hnd,sex_t,eco_aggregate_total,mts_aggregate_total,2016,45.87
hnd,sex_t,eco_aggregate_total,mts_aggregate_total,2017,45.11
hnd,sex_t,eco_aggregate_total,mts_aggregate_total,2018,45.72
hnd,sex_t,eco_aggregate_total,mts_aggregate_total,2019,45.45
hnd,sex_t,eco_aggregate_total,mts_aggregate_total,2020,43.19
hnd,sex_t,eco_aggregate_total,mts_aggregate_total,2021,45.33
hnd,sex_t,eco_aggregate_total,mts_aggregate_total,2022,44.89
hnd,sex_t,eco_aggregate_total,mts_aggregate_total,2023,44.85
hnd,sex_t,eco_aggregate_total,mts_aggregate_total,2024,46.11
hnd,sex_t,eco_aggregate_total,mts_details_mrd,2005,45.05
hnd,sex_t,eco_aggregate_total,mts_details_mrd,2006,44.96
hnd,sex_t,eco_aggregate_total,mts_details_mrd,2007,45.26
hnd,sex_t,eco_aggregate_total,mts_details_mrd,2008,44.52
hnd,sex_t,eco_aggregate_total,mts_details_mrd,2009,43.26
hnd,sex_t,eco_aggregate_total,mts_details_mrd,2010,43.25
hnd,sex_t,eco_aggregate_total,mts_details_mrd,2011,43.41
hnd,sex_t,eco_aggregate_total,mts_details_mrd,2012,45.63
hnd,sex_t,eco_aggregate_total,mts_details_mrd,2013,45.29
hnd,sex_t,eco_aggregate_total,mts_details_mrd,2014,45.36
hnd,sex_t,eco_aggregate_total,mts_details_mrd,2015,45.06
hnd,sex_t,eco_aggregate_total,mts_details_mrd,2016,46.32
hnd,sex_t,eco_aggregate_total,mts_details_mrd,2017,45.31
hnd,sex_t,eco_aggregate_total,mts_details_mrd,2018,45.34
hnd,sex_t,eco_aggregate_total,mts_details_mrd,2019,45.28
hnd,sex_t,eco_aggregate_total,mts_details_mrd,2020,44.63
hnd,sex_t,eco_aggregate_total,mts_details_mrd,2021,44.6
hnd,sex_t,eco_aggregate_total,mts_details_mrd,2022,44.87
hnd,sex_t,eco_aggregate_total,mts_details_mrd,2023,43.44
hnd,sex_t,eco_aggregate_total,mts_details_mrd,2024,43.65
hnd,sex_t,eco_aggregate_total,mts_details_sep,2005,44.85
hnd,sex_t,eco_aggregate_total,mts_details_sep,2006,45.23
hnd,sex_t,eco_aggregate_total,mts_details_sep,2007,45.05
hnd,sex_t,eco_aggregate_total,mts_details_sep,2008,41.87
hnd,sex_t,eco_aggregate_total,mts_details_sep,2009,44.52
hnd,sex_t,eco_aggregate_total,mts_details_sep,2010,42.77
hnd,sex_t,eco_aggregate_total,mts_details_sep,2011,45.18
hnd,sex_t,eco_aggregate_total,mts_details_sep,2012,44.96
hnd,sex_t,eco_aggregate_total,mts_details_sep,2013,45.71
hnd,sex_t,eco_aggregate_total,mts_details_sep,2014,45.6
hnd,sex_t,eco_aggregate_total,mts_details_sep,2015,43.91
hnd,sex_t,eco_aggregate_total,mts_details_sep,2016,46.07
hnd,sex_t,eco_aggregate_total,mts_details_sep,2017,43.39
hnd,sex_t,eco_aggregate_total,mts_details_sep,2018,41.85
hnd,sex_t,eco_aggregate_total,mts_details_sep,2019,42.9
hnd,sex_t,eco_aggregate_total,mts_details_sep,2020,42.94
hnd,sex_t,eco_aggregate_total,mts_details_sep,2021,42.41
hnd,sex_t,eco_aggregate_total,mts_details_sep,2022,46.17
hnd,sex_t,eco_aggregate_total,mts_details_sep,2023,39.79
hnd,sex_t,eco_aggregate_total,mts_details_sep,2024,43.16
hnd,sex_t,eco_aggregate_total,mts_details_sgle,2005,44.65
hnd,sex_t,eco_aggregate_total,mts_details_sgle,2006,45.13
hnd,sex_t,eco_aggregate_total,mts_details_sgle,2007,43.84
hnd,sex_t,eco_aggregate_total,mts_details_sgle,2008,43.08
hnd,sex_t,eco_aggregate_total,mts_details_sgle,2009,41.12
hnd,sex_t,eco_aggregate_total,mts_details_sgle,2010,41.26
hnd,sex_t,eco_aggregate_total,mts_details_sgle,2011,42.41
hnd,sex_t,eco_aggregate_total,mts_details_sgle,2012,43.59
hnd,sex_t,eco_aggregate_total,mts_details_sgle,2013,42.04
hnd,sex_t,eco_aggregate_total,mts_details_sgle,2014,43.93
hnd,sex_t,eco_aggregate_total,mts_details_sgle,2015,43.08
hnd,sex_t,eco_aggregate_total,mts_details_sgle,2016,44.21
hnd,sex_t,eco_aggregate_total,mts_details_sgle,2017,43.7
hnd,sex_t,eco_aggregate_total,mts_details_sgle,2018,44.88
hnd,sex_t,eco_aggregate_total,mts_details_sgle,2019,44.48
hnd,sex_t,eco_aggregate_total,mts_details_sgle,2020,42.46
hnd,sex_t,eco_aggregate_total,mts_details_sgle,2021,44.9
hnd,sex_t,eco_aggregate_total,mts_details_sgle,2022,44.36
hnd,sex_t,eco_aggregate_total,mts_details_sgle,2023,45.01
hnd,sex_t,eco_aggregate_total,mts_details_sgle,2024,45.59
hnd,sex_t,eco_aggregate_total,mts_details_total,2005,45.44
hnd,sex_t,eco_aggregate_total,mts_details_total,2006,45.78
hnd,sex_t,eco_aggregate_total,mts_details_total,2007,45.22
hnd,sex_t,eco_aggregate_total,mts_details_total,2008,44.34
hnd,sex_t,eco_aggregate_total,mts_details_total,2009,42.69
hnd,sex_t,eco_aggregate_total,mts_details_total,2010,42.83
hnd,sex_t,eco_aggregate_total,mts_details_total,2011,43.95
hnd,sex_t,eco_aggregate_total,mts_details_total,2012,44.92
hnd,sex_t,eco_aggregate_total,mts_details_total,2013,44.08
hnd,sex_t,eco_aggregate_total,mts_details_total,2014,45.08
hnd,sex_t,eco_aggregate_total,mts_details_total,2015,44.46
hnd,sex_t,eco_aggregate_total,mts_details_total,2016,45.87
hnd,sex_t,eco_aggregate_total,mts_details_total,2017,45.11
hnd,sex_t,eco_aggregate_total,mts_details_total,2018,45.72
hnd,sex_t,eco_aggregate_total,mts_details_total,2019,45.45
hnd,sex_t,eco_aggregate_total,mts_details_total,2020,43.19
hnd,sex_t,eco_aggregate_total,mts_details_total,2021,45.33
hnd,sex_t,eco_aggregate_total,mts_details_total,2022,44.89
hnd,sex_t,eco_aggregate_total,mts_details_total,2023,44.85
hnd,sex_t,eco_aggregate_total,mts_details_total,2024,46.11
hnd,sex_t,eco_aggregate_total,mts_details_union,2005,47.07
hnd,sex_t,eco_aggregate_total,mts_details_union,2006,47.66
hnd,sex_t,eco_aggregate_total,mts_details_union,2007,47.63
hnd,sex_t,eco_aggregate_total,mts_details_union,2008,46.81
hnd,sex_t,eco_aggregate_total,mts_details_union,2009,44.87
hnd,sex_t,eco_aggregate_total,mts_details_union,2010,45.43
hnd,sex_t,eco_aggregate_total,mts_details_union,2011,46.75
hnd,sex_t,eco_aggregate_total,mts_details_union,2012,46.87
hnd,sex_t,eco_aggregate_total,mts_details_union,2013,46.44
hnd,sex_t,eco_aggregate_total,mts_details_union,2014,46.8
hnd,sex_t,eco_aggregate_total,mts_details_union,2015,46.28
hnd,sex_t,eco_aggregate_total,mts_details_union,2016,48.08
hnd,sex_t,eco_aggregate_total,mts_details_union,2017,47.28
hnd,sex_t,eco_aggregate_total,mts_details_union,2018,47.61
hnd,sex_t,eco_aggregate_total,mts_details_union,2019,47.45
hnd,sex_t,eco_aggregate_total,mts_details_union,2020,44.03
hnd,sex_t,eco_aggregate_total,mts_details_union,2021,46.77
hnd,sex_t,eco_aggregate_total,mts_details_union,2022,46
hnd,sex_t,eco_aggregate_total,mts_details_union,2023,46.22
hnd,sex_t,eco_aggregate_total,mts_details_union,2024,48.64
hnd,sex_t,eco_aggregate_total,mts_details_wid,2005,44.57
hnd,sex_t,eco_aggregate_total,mts_details_wid,2006,45.68
hnd,sex_t,eco_aggregate_total,mts_details_wid,2007,42.35
hnd,sex_t,eco_aggregate_total,mts_details_wid,2008,41.28
hnd,sex_t,eco_aggregate_total,mts_details_wid,2009,40.89
hnd,sex_t,eco_aggregate_total,mts_details_wid,2010,43.39
hnd,sex_t,eco_aggregate_total,mts_details_wid,2011,46.07
hnd,sex_t,eco_aggregate_total,mts_details_wid,2012,43.07
hnd,sex_t,eco_aggregate_total,mts_details_wid,2013,43.33
hnd,sex_t,eco_aggregate_total,mts_details_wid,2014,37.11
hnd,sex_t,eco_aggregate_total,mts_details_wid,2015,42.87
hnd,sex_t,eco_aggregate_total,mts_details_wid,2016,46.57
hnd,sex_t,eco_aggregate_total,mts_details_wid,2017,42.5
hnd,sex_t,eco_aggregate_total,mts_details_wid,2018,41.17
hnd,sex_t,eco_aggregate_total,mts_details_wid,2019,41.72
hnd,sex_t,eco_aggregate_total,mts_details_wid,2020,29.76
hnd,sex_t,eco_aggregate_total,mts_details_wid,2021,40.6
hnd,sex_t,eco_aggregate_total,mts_details_wid,2022,31.81
hnd,sex_t,eco_aggregate_total,mts_details_wid,2023,34.11
hnd,sex_t,eco_aggregate_total,mts_details_wid,2024,43.69
hnd,sex_t,eco_aggregate_x,mts_aggregate_1,2005,45.63
hnd,sex_t,eco_aggregate_x,mts_aggregate_1,2006,41.07
hnd,sex_t,eco_aggregate_x,mts_aggregate_1,2007,46.71
hnd,sex_t,eco_aggregate_x,mts_aggregate_1,2008,45.55
hnd,sex_t,eco_aggregate_x,mts_aggregate_1,2009,43.66
hnd,sex_t,eco_aggregate_x,mts_aggregate_1,2010,39.43
hnd,sex_t,eco_aggregate_x,mts_aggregate_1,2011,44.53
hnd,sex_t,eco_aggregate_x,mts_aggregate_1,2013,56.35
hnd,sex_t,eco_aggregate_x,mts_aggregate_1,2014,48.51
hnd,sex_t,eco_aggregate_x,mts_aggregate_1,2021,42.67
hnd,sex_t,eco_aggregate_x,mts_aggregate_2,2005,48.15
hnd,sex_t,eco_aggregate_x,mts_aggregate_2,2006,43.4
hnd,sex_t,eco_aggregate_x,mts_aggregate_2,2007,47.08
hnd,sex_t,eco_aggregate_x,mts_aggregate_2,2009,47.23
hnd,sex_t,eco_aggregate_x,mts_aggregate_2,2010,52.66
hnd,sex_t,eco_aggregate_x,mts_aggregate_2,2011,47.58
hnd,sex_t,eco_aggregate_x,mts_aggregate_2,2021,46.71
hnd,sex_t,eco_aggregate_x,mts_aggregate_total,2005,46.81
hnd,sex_t,eco_aggregate_x,mts_aggregate_total,2006,42.37
hnd,sex_t,eco_aggregate_x,mts_aggregate_total,2007,46.86
hnd,sex_t,eco_aggregate_x,mts_aggregate_total,2008,41.78
hnd,sex_t,eco_aggregate_x,mts_aggregate_total,2009,45.92
hnd,sex_t,eco_aggregate_x,mts_aggregate_total,2010,44
hnd,sex_t,eco_aggregate_x,mts_aggregate_total,2011,45.74
hnd,sex_t,eco_aggregate_x,mts_aggregate_total,2013,56.59
hnd,sex_t,eco_aggregate_x,mts_aggregate_total,2014,52.75
hnd,sex_t,eco_aggregate_x,mts_aggregate_total,2021,44.63
hnd,sex_t,eco_aggregate_x,mts_aggregate_total,2024,68.98
hnd,sex_t,eco_aggregate_x,mts_details_mrd,2005,43.74
hnd,sex_t,eco_aggregate_x,mts_details_mrd,2007,46.15
hnd,sex_t,eco_aggregate_x,mts_details_mrd,2009,43.27
hnd,sex_t,eco_aggregate_x,mts_details_mrd,2010,44.24
hnd,sex_t,eco_aggregate_x,mts_details_mrd,2021,45.33
hnd,sex_t,eco_aggregate_x,mts_details_sgle,2005,45.63
hnd,sex_t,eco_aggregate_x,mts_details_sgle,2007,47.18
hnd,sex_t,eco_aggregate_x,mts_details_sgle,2008,46.82
hnd,sex_t,eco_aggregate_x,mts_details_sgle,2009,43.65
hnd,sex_t,eco_aggregate_x,mts_details_sgle,2010,39.35
hnd,sex_t,eco_aggregate_x,mts_details_sgle,2011,44.53
hnd,sex_t,eco_aggregate_x,mts_details_sgle,2013,56.35
hnd,sex_t,eco_aggregate_x,mts_details_sgle,2014,48.51
hnd,sex_t,eco_aggregate_x,mts_details_sgle,2021,42.39
hnd,sex_t,eco_aggregate_x,mts_details_total,2005,46.81
hnd,sex_t,eco_aggregate_x,mts_details_total,2006,42.37
hnd,sex_t,eco_aggregate_x,mts_details_total,2007,46.86
hnd,sex_t,eco_aggregate_x,mts_details_total,2008,41.78
hnd,sex_t,eco_aggregate_x,mts_details_total,2009,45.92
hnd,sex_t,eco_aggregate_x,mts_details_total,2010,44
hnd,sex_t,eco_aggregate_x,mts_details_total,2011,45.74
hnd,sex_t,eco_aggregate_x,mts_details_total,2013,56.59
hnd,sex_t,eco_aggregate_x,mts_details_total,2014,52.75
hnd,sex_t,eco_aggregate_x,mts_details_total,2021,44.63
hnd,sex_t,eco_aggregate_x,mts_details_total,2024,68.98
hnd,sex_t,eco_aggregate_x,mts_details_union,2006,44.58
hnd,sex_t,eco_aggregate_x,mts_details_union,2007,48.83
hnd,sex_t,eco_aggregate_x,mts_details_union,2009,50.01
hnd,sex_t,eco_aggregate_x,mts_details_union,2010,62
hnd,sex_t,eco_aggregate_x,mts_details_union,2021,47.73
hnd,sex_t,eco_sector_agr,mts_aggregate_1,2005,39.61
hnd,sex_t,eco_sector_agr,mts_aggregate_1,2006,38.3
hnd,sex_t,eco_sector_agr,mts_aggregate_1,2007,36.36
hnd,sex_t,eco_sector_agr,mts_aggregate_1,2008,35.55
hnd,sex_t,eco_sector_agr,mts_aggregate_1,2009,34.36
hnd,sex_t,eco_sector_agr,mts_aggregate_1,2010,33.94
hnd,sex_t,eco_sector_agr,mts_aggregate_1,2011,35.32
hnd,sex_t,eco_sector_agr,mts_aggregate_1,2012,37.01
hnd,sex_t,eco_sector_agr,mts_aggregate_1,2013,33.39
hnd,sex_t,eco_sector_agr,mts_aggregate_1,2014,31.43
hnd,sex_t,eco_sector_agr,mts_aggregate_1,2015,32.28
hnd,sex_t,eco_sector_agr,mts_aggregate_1,2016,33.49
hnd,sex_t,eco_sector_agr,mts_aggregate_1,2017,34.11
hnd,sex_t,eco_sector_agr,mts_aggregate_1,2018,37.17
hnd,sex_t,eco_sector_agr,mts_aggregate_1,2019,37.94
hnd,sex_t,eco_sector_agr,mts_aggregate_1,2020,37.26
hnd,sex_t,eco_sector_agr,mts_aggregate_1,2021,35.89
hnd,sex_t,eco_sector_agr,mts_aggregate_1,2022,35.6
hnd,sex_t,eco_sector_agr,mts_aggregate_1,2023,37.4
hnd,sex_t,eco_sector_agr,mts_aggregate_1,2024,37.64
hnd,sex_t,eco_sector_agr,mts_aggregate_2,2005,42.64
hnd,sex_t,eco_sector_agr,mts_aggregate_2,2006,40.81
hnd,sex_t,eco_sector_agr,mts_aggregate_2,2007,42.38
hnd,sex_t,eco_sector_agr,mts_aggregate_2,2008,39.9
hnd,sex_t,eco_sector_agr,mts_aggregate_2,2009,38.9
hnd,sex_t,eco_sector_agr,mts_aggregate_2,2010,37.87
hnd,sex_t,eco_sector_agr,mts_aggregate_2,2011,40.26
hnd,sex_t,eco_sector_agr,mts_aggregate_2,2012,41.93
hnd,sex_t,eco_sector_agr,mts_aggregate_2,2013,41.18
hnd,sex_t,eco_sector_agr,mts_aggregate_2,2014,36.76
hnd,sex_t,eco_sector_agr,mts_aggregate_2,2015,37.09
hnd,sex_t,eco_sector_agr,mts_aggregate_2,2016,39.79
hnd,sex_t,eco_sector_agr,mts_aggregate_2,2017,38.56
hnd,sex_t,eco_sector_agr,mts_aggregate_2,2018,41.21
hnd,sex_t,eco_sector_agr,mts_aggregate_2,2019,41.76
hnd,sex_t,eco_sector_agr,mts_aggregate_2,2020,42.45
hnd,sex_t,eco_sector_agr,mts_aggregate_2,2021,40.38
hnd,sex_t,eco_sector_agr,mts_aggregate_2,2022,39.61
hnd,sex_t,eco_sector_agr,mts_aggregate_2,2023,39.09
hnd,sex_t,eco_sector_agr,mts_aggregate_2,2024,41.38
hnd,sex_t,eco_sector_agr,mts_aggregate_total,2005,41.28
hnd,sex_t,eco_sector_agr,mts_aggregate_total,2006,39.61
hnd,sex_t,eco_sector_agr,mts_aggregate_total,2007,39.2
hnd,sex_t,eco_sector_agr,mts_aggregate_total,2008,37.55
hnd,sex_t,eco_sector_agr,mts_aggregate_total,2009,36.42
hnd,sex_t,eco_sector_agr,mts_aggregate_total,2010,35.74
hnd,sex_t,eco_sector_agr,mts_aggregate_total,2011,37.76
hnd,sex_t,eco_sector_agr,mts_aggregate_total,2012,39.23
hnd,sex_t,eco_sector_agr,mts_aggregate_total,2013,37.08
hnd,sex_t,eco_sector_agr,mts_aggregate_total,2014,34.1
hnd,sex_t,eco_sector_agr,mts_aggregate_total,2015,34.81
hnd,sex_t,eco_sector_agr,mts_aggregate_total,2016,36.65
hnd,sex_t,eco_sector_agr,mts_aggregate_total,2017,36.27
hnd,sex_t,eco_sector_agr,mts_aggregate_total,2018,39.4
hnd,sex_t,eco_sector_agr,mts_aggregate_total,2019,39.95
hnd,sex_t,eco_sector_agr,mts_aggregate_total,2020,40.03
hnd,sex_t,eco_sector_agr,mts_aggregate_total,2021,38.4
hnd,sex_t,eco_sector_agr,mts_aggregate_total,2022,38.03
hnd,sex_t,eco_sector_agr,mts_aggregate_total,2023,38.32
hnd,sex_t,eco_sector_agr,mts_aggregate_total,2024,39.84
hnd,sex_t,eco_sector_agr,mts_details_mrd,2005,42.98
hnd,sex_t,eco_sector_agr,mts_details_mrd,2006,40.05
hnd,sex_t,eco_sector_agr,mts_details_mrd,2007,42.71
hnd,sex_t,eco_sector_agr,mts_details_mrd,2008,39.03
hnd,sex_t,eco_sector_agr,mts_details_mrd,2009,38.21
hnd,sex_t,eco_sector_agr,mts_details_mrd,2010,38.43
hnd,sex_t,eco_sector_agr,mts_details_mrd,2011,39.2
hnd,sex_t,eco_sector_agr,mts_details_mrd,2012,41.87
hnd,sex_t,eco_sector_agr,mts_details_mrd,2013,43.4
hnd,sex_t,eco_sector_agr,mts_details_mrd,2014,35.06
hnd,sex_t,eco_sector_agr,mts_details_mrd,2015,37.62
hnd,sex_t,eco_sector_agr,mts_details_mrd,2016,38.7
hnd,sex_t,eco_sector_agr,mts_details_mrd,2017,38.69
hnd,sex_t,eco_sector_agr,mts_details_mrd,2018,41.54
hnd,sex_t,eco_sector_agr,mts_details_mrd,2019,42.02
hnd,sex_t,eco_sector_agr,mts_details_mrd,2020,41.2
hnd,sex_t,eco_sector_agr,mts_details_mrd,2021,39.5
hnd,sex_t,eco_sector_agr,mts_details_mrd,2022,40.41
hnd,sex_t,eco_sector_agr,mts_details_mrd,2023,38.12
hnd,sex_t,eco_sector_agr,mts_details_mrd,2024,39.88
hnd,sex_t,eco_sector_agr,mts_details_sep,2005,42.49
hnd,sex_t,eco_sector_agr,mts_details_sep,2006,40.4
hnd,sex_t,eco_sector_agr,mts_details_sep,2007,40.18
hnd,sex_t,eco_sector_agr,mts_details_sep,2008,37.22
hnd,sex_t,eco_sector_agr,mts_details_sep,2009,39.09
hnd,sex_t,eco_sector_agr,mts_details_sep,2010,34.6
hnd,sex_t,eco_sector_agr,mts_details_sep,2011,40.63
hnd,sex_t,eco_sector_agr,mts_details_sep,2012,35.39
hnd,sex_t,eco_sector_agr,mts_details_sep,2013,37.05
hnd,sex_t,eco_sector_agr,mts_details_sep,2015,34.52
hnd,sex_t,eco_sector_agr,mts_details_sep,2016,27.46
hnd,sex_t,eco_sector_agr,mts_details_sep,2017,38.92
hnd,sex_t,eco_sector_agr,mts_details_sep,2018,35.6
hnd,sex_t,eco_sector_agr,mts_details_sep,2021,37.79
hnd,sex_t,eco_sector_agr,mts_details_sep,2022,48.44
hnd,sex_t,eco_sector_agr,mts_details_sep,2023,40.27
hnd,sex_t,eco_sector_agr,mts_details_sep,2024,39.14
hnd,sex_t,eco_sector_agr,mts_details_sgle,2005,39.39
hnd,sex_t,eco_sector_agr,mts_details_sgle,2006,38.11
hnd,sex_t,eco_sector_agr,mts_details_sgle,2007,36.22
hnd,sex_t,eco_sector_agr,mts_details_sgle,2008,35.47
hnd,sex_t,eco_sector_agr,mts_details_sgle,2009,34.28
hnd,sex_t,eco_sector_agr,mts_details_sgle,2010,33.71
hnd,sex_t,eco_sector_agr,mts_details_sgle,2011,34.98
hnd,sex_t,eco_sector_agr,mts_details_sgle,2012,37.15
hnd,sex_t,eco_sector_agr,mts_details_sgle,2013,33.17
hnd,sex_t,eco_sector_agr,mts_details_sgle,2014,31.38
hnd,sex_t,eco_sector_agr,mts_details_sgle,2015,32.28
hnd,sex_t,eco_sector_agr,mts_details_sgle,2016,33.44
hnd,sex_t,eco_sector_agr,mts_details_sgle,2017,34.03
hnd,sex_t,eco_sector_agr,mts_details_sgle,2018,37.15
hnd,sex_t,eco_sector_agr,mts_details_sgle,2019,37.69
hnd,sex_t,eco_sector_agr,mts_details_sgle,2020,37.38
hnd,sex_t,eco_sector_agr,mts_details_sgle,2021,35.77
hnd,sex_t,eco_sector_agr,mts_details_sgle,2022,35.24
hnd,sex_t,eco_sector_agr,mts_details_sgle,2023,37.68
hnd,sex_t,eco_sector_agr,mts_details_sgle,2024,37.55
hnd,sex_t,eco_sector_agr,mts_details_total,2005,41.28
hnd,sex_t,eco_sector_agr,mts_details_total,2006,39.61
hnd,sex_t,eco_sector_agr,mts_details_total,2007,39.2
hnd,sex_t,eco_sector_agr,mts_details_total,2008,37.55
hnd,sex_t,eco_sector_agr,mts_details_total,2009,36.42
hnd,sex_t,eco_sector_agr,mts_details_total,2010,35.74
hnd,sex_t,eco_sector_agr,mts_details_total,2011,37.76
hnd,sex_t,eco_sector_agr,mts_details_total,2012,39.23
hnd,sex_t,eco_sector_agr,mts_details_total,2013,37.08
hnd,sex_t,eco_sector_agr,mts_details_total,2014,34.1
hnd,sex_t,eco_sector_agr,mts_details_total,2015,34.81
hnd,sex_t,eco_sector_agr,mts_details_total,2016,36.65
hnd,sex_t,eco_sector_agr,mts_details_total,2017,36.27
hnd,sex_t,eco_sector_agr,mts_details_total,2018,39.4
hnd,sex_t,eco_sector_agr,mts_details_total,2019,39.95
hnd,sex_t,eco_sector_agr,mts_details_total,2020,40.03
hnd,sex_t,eco_sector_agr,mts_details_total,2021,38.4
hnd,sex_t,eco_sector_agr,mts_details_total,2022,38.03
hnd,sex_t,eco_sector_agr,mts_details_total,2023,38.32
hnd,sex_t,eco_sector_agr,mts_details_total,2024,39.84
hnd,sex_t,eco_sector_agr,mts_details_union,2005,42.49
hnd,sex_t,eco_sector_agr,mts_details_union,2006,41.17
hnd,sex_t,eco_sector_agr,mts_details_union,2007,42.22
hnd,sex_t,eco_sector_agr,mts_details_union,2008,40.37
hnd,sex_t,eco_sector_agr,mts_details_union,2009,39.22
hnd,sex_t,eco_sector_agr,mts_details_union,2010,37.56
hnd,sex_t,eco_sector_agr,mts_details_union,2011,40.77
hnd,sex_t,eco_sector_agr,mts_details_union,2012,41.96
hnd,sex_t,eco_sector_agr,mts_details_union,2013,40.14
hnd,sex_t,eco_sector_agr,mts_details_union,2014,37.38
hnd,sex_t,eco_sector_agr,mts_details_union,2015,36.86
hnd,sex_t,eco_sector_agr,mts_details_union,2016,40.22
hnd,sex_t,eco_sector_agr,mts_details_union,2017,38.5
hnd,sex_t,eco_sector_agr,mts_details_union,2018,41.07
hnd,sex_t,eco_sector_agr,mts_details_union,2019,41.65
hnd,sex_t,eco_sector_agr,mts_details_union,2020,43.06
hnd,sex_t,eco_sector_agr,mts_details_union,2021,40.83
hnd,sex_t,eco_sector_agr,mts_details_union,2022,39.29
hnd,sex_t,eco_sector_agr,mts_details_union,2023,39.57
hnd,sex_t,eco_sector_agr,mts_details_union,2024,42.06
hnd,sex_t,eco_sector_agr,mts_details_wid,2005,45.52
hnd,sex_t,eco_sector_agr,mts_details_wid,2006,41.55
hnd,sex_t,eco_sector_agr,mts_details_wid,2007,37.64
hnd,sex_t,eco_sector_agr,mts_details_wid,2008,37.92
hnd,sex_t,eco_sector_agr,mts_details_wid,2009,32.9
hnd,sex_t,eco_sector_agr,mts_details_wid,2010,46.53
hnd,sex_t,eco_sector_agr,mts_details_wid,2011,42.97
hnd,sex_t,eco_sector_agr,mts_details_wid,2012,27.81
hnd,sex_t,eco_sector_agr,mts_details_wid,2013,40.35
hnd,sex_t,eco_sector_agr,mts_details_wid,2014,22.35
hnd,sex_t,eco_sector_agr,mts_details_wid,2015,30.51
hnd,sex_t,eco_sector_agr,mts_details_wid,2016,50.55
hnd,sex_t,eco_sector_agr,mts_details_wid,2017,31.34
hnd,sex_t,eco_sector_agr,mts_details_wid,2018,40.8
hnd,sex_t,eco_sector_agr,mts_details_wid,2019,38.88
hnd,sex_t,eco_sector_agr,mts_details_wid,2020,29.42
hnd,sex_t,eco_sector_agr,mts_details_wid,2021,38.46
hnd,sex_t,eco_sector_agr,mts_details_wid,2022,36.5
hnd,sex_t,eco_sector_agr,mts_details_wid,2023,27.38
hnd,sex_t,eco_sector_agr,mts_details_wid,2024,39.2
hnd,sex_t,eco_sector_ind,mts_aggregate_1,2005,46.13
hnd,sex_t,eco_sector_ind,mts_aggregate_1,2006,46.8
hnd,sex_t,eco_sector_ind,mts_aggregate_1,2007,46.12
hnd,sex_t,eco_sector_ind,mts_aggregate_1,2008,45.77
hnd,sex_t,eco_sector_ind,mts_aggregate_1,2009,44.35
hnd,sex_t,eco_sector_ind,mts_aggregate_1,2010,43.76
hnd,sex_t,eco_sector_ind,mts_aggregate_1,2011,44.28
hnd,sex_t,eco_sector_ind,mts_aggregate_1,2012,45.39
hnd,sex_t,eco_sector_ind,mts_aggregate_1,2013,44.18
hnd,sex_t,eco_sector_ind,mts_aggregate_1,2014,44.58
hnd,sex_t,eco_sector_ind,mts_aggregate_1,2015,44.95
hnd,sex_t,eco_sector_ind,mts_aggregate_1,2016,46.59
hnd,sex_t,eco_sector_ind,mts_aggregate_1,2017,45.33
hnd,sex_t,eco_sector_ind,mts_aggregate_1,2018,46.12
hnd,sex_t,eco_sector_ind,mts_aggregate_1,2019,44.67
hnd,sex_t,eco_sector_ind,mts_aggregate_1,2020,47.08
hnd,sex_t,eco_sector_ind,mts_aggregate_1,2021,45.93
hnd,sex_t,eco_sector_ind,mts_aggregate_1,2022,45.92
hnd,sex_t,eco_sector_ind,mts_aggregate_1,2023,45.9
hnd,sex_t,eco_sector_ind,mts_aggregate_1,2024,45.84
hnd,sex_t,eco_sector_ind,mts_aggregate_2,2005,48.26
hnd,sex_t,eco_sector_ind,mts_aggregate_2,2006,48.85
hnd,sex_t,eco_sector_ind,mts_aggregate_2,2007,48.75
hnd,sex_t,eco_sector_ind,mts_aggregate_2,2008,48.29
hnd,sex_t,eco_sector_ind,mts_aggregate_2,2009,46.89
hnd,sex_t,eco_sector_ind,mts_aggregate_2,2010,47.04
hnd,sex_t,eco_sector_ind,mts_aggregate_2,2011,47.64
hnd,sex_t,eco_sector_ind,mts_aggregate_2,2012,47.67
hnd,sex_t,eco_sector_ind,mts_aggregate_2,2013,46.52
hnd,sex_t,eco_sector_ind,mts_aggregate_2,2014,48.37
hnd,sex_t,eco_sector_ind,mts_aggregate_2,2015,48
hnd,sex_t,eco_sector_ind,mts_aggregate_2,2016,48.73
hnd,sex_t,eco_sector_ind,mts_aggregate_2,2017,48.26
hnd,sex_t,eco_sector_ind,mts_aggregate_2,2018,49.73
hnd,sex_t,eco_sector_ind,mts_aggregate_2,2019,48.69
hnd,sex_t,eco_sector_ind,mts_aggregate_2,2020,47.49
hnd,sex_t,eco_sector_ind,mts_aggregate_2,2021,48.34
hnd,sex_t,eco_sector_ind,mts_aggregate_2,2022,48.37
hnd,sex_t,eco_sector_ind,mts_aggregate_2,2023,46.55
hnd,sex_t,eco_sector_ind,mts_aggregate_2,2024,49.11
hnd,sex_t,eco_sector_ind,mts_aggregate_total,2005,47.25
hnd,sex_t,eco_sector_ind,mts_aggregate_total,2006,47.88
hnd,sex_t,eco_sector_ind,mts_aggregate_total,2007,47.53
hnd,sex_t,eco_sector_ind,mts_aggregate_total,2008,47.09
hnd,sex_t,eco_sector_ind,mts_aggregate_total,2009,45.68
hnd,sex_t,eco_sector_ind,mts_aggregate_total,2010,45.46
hnd,sex_t,eco_sector_ind,mts_aggregate_total,2011,46.06
hnd,sex_t,eco_sector_ind,mts_aggregate_total,2012,46.6
hnd,sex_t,eco_sector_ind,mts_aggregate_total,2013,45.46
hnd,sex_t,eco_sector_ind,mts_aggregate_total,2014,46.68
hnd,sex_t,eco_sector_ind,mts_aggregate_total,2015,46.68
hnd,sex_t,eco_sector_ind,mts_aggregate_total,2016,47.79
hnd,sex_t,eco_sector_ind,mts_aggregate_total,2017,47.05
hnd,sex_t,eco_sector_ind,mts_aggregate_total,2018,48.1
hnd,sex_t,eco_sector_ind,mts_aggregate_total,2019,46.91
hnd,sex_t,eco_sector_ind,mts_aggregate_total,2020,47.31
hnd,sex_t,eco_sector_ind,mts_aggregate_total,2021,47.21
hnd,sex_t,eco_sector_ind,mts_aggregate_total,2022,47.25
hnd,sex_t,eco_sector_ind,mts_aggregate_total,2023,46.24
hnd,sex_t,eco_sector_ind,mts_aggregate_total,2024,47.61
hnd,sex_t,eco_sector_ind,mts_details_mrd,2005,47.95
hnd,sex_t,eco_sector_ind,mts_details_mrd,2006,48.67
hnd,sex_t,eco_sector_ind,mts_details_mrd,2007,48.9
hnd,sex_t,eco_sector_ind,mts_details_mrd,2008,48.18
hnd,sex_t,eco_sector_ind,mts_details_mrd,2009,46.81
hnd,sex_t,eco_sector_ind,mts_details_mrd,2010,46.89
hnd,sex_t,eco_sector_ind,mts_details_mrd,2011,47.18
hnd,sex_t,eco_sector_ind,mts_details_mrd,2012,48.14
hnd,sex_t,eco_sector_ind,mts_details_mrd,2013,46.91
hnd,sex_t,eco_sector_ind,mts_details_mrd,2014,48.65
hnd,sex_t,eco_sector_ind,mts_details_mrd,2015,48.23
hnd,sex_t,eco_sector_ind,mts_details_mrd,2016,49.52
hnd,sex_t,eco_sector_ind,mts_details_mrd,2017,48.67
hnd,sex_t,eco_sector_ind,mts_details_mrd,2018,47.86
hnd,sex_t,eco_sector_ind,mts_details_mrd,2019,48.39
hnd,sex_t,eco_sector_ind,mts_details_mrd,2020,47.79
hnd,sex_t,eco_sector_ind,mts_details_mrd,2021,48.7
hnd,sex_t,eco_sector_ind,mts_details_mrd,2022,49.01
hnd,sex_t,eco_sector_ind,mts_details_mrd,2023,45.16
hnd,sex_t,eco_sector_ind,mts_details_mrd,2024,48.1
hnd,sex_t,eco_sector_ind,mts_details_sep,2005,52.14
hnd,sex_t,eco_sector_ind,mts_details_sep,2006,47.84
hnd,sex_t,eco_sector_ind,mts_details_sep,2007,47.26
hnd,sex_t,eco_sector_ind,mts_details_sep,2008,43.07
hnd,sex_t,eco_sector_ind,mts_details_sep,2009,46.77
hnd,sex_t,eco_sector_ind,mts_details_sep,2010,42.99
hnd,sex_t,eco_sector_ind,mts_details_sep,2011,47.34
hnd,sex_t,eco_sector_ind,mts_details_sep,2012,45.74
hnd,sex_t,eco_sector_ind,mts_details_sep,2013,47.55
hnd,sex_t,eco_sector_ind,mts_details_sep,2014,50.17
hnd,sex_t,eco_sector_ind,mts_details_sep,2015,51.66
hnd,sex_t,eco_sector_ind,mts_details_sep,2016,44.94
hnd,sex_t,eco_sector_ind,mts_details_sep,2017,47.98
hnd,sex_t,eco_sector_ind,mts_details_sep,2018,46.66
hnd,sex_t,eco_sector_ind,mts_details_sep,2019,45.94
hnd,sex_t,eco_sector_ind,mts_details_sep,2020,45.3
hnd,sex_t,eco_sector_ind,mts_details_sep,2021,45.76
hnd,sex_t,eco_sector_ind,mts_details_sep,2022,43.21
hnd,sex_t,eco_sector_ind,mts_details_sep,2023,38.01
hnd,sex_t,eco_sector_ind,mts_details_sep,2024,48.01
hnd,sex_t,eco_sector_ind,mts_details_sgle,2005,45.89
hnd,sex_t,eco_sector_ind,mts_details_sgle,2006,46.77
hnd,sex_t,eco_sector_ind,mts_details_sgle,2007,46.06
hnd,sex_t,eco_sector_ind,mts_details_sgle,2008,45.86
hnd,sex_t,eco_sector_ind,mts_details_sgle,2009,44.21
hnd,sex_t,eco_sector_ind,mts_details_sgle,2010,43.88
hnd,sex_t,eco_sector_ind,mts_details_sgle,2011,44.12
hnd,sex_t,eco_sector_ind,mts_details_sgle,2012,45.32
hnd,sex_t,eco_sector_ind,mts_details_sgle,2013,44.1
hnd,sex_t,eco_sector_ind,mts_details_sgle,2014,44.44
hnd,sex_t,eco_sector_ind,mts_details_sgle,2015,44.63
hnd,sex_t,eco_sector_ind,mts_details_sgle,2016,46.61
hnd,sex_t,eco_sector_ind,mts_details_sgle,2017,45.26
hnd,sex_t,eco_sector_ind,mts_details_sgle,2018,46.24
hnd,sex_t,eco_sector_ind,mts_details_sgle,2019,44.81
hnd,sex_t,eco_sector_ind,mts_details_sgle,2020,47.15
hnd,sex_t,eco_sector_ind,mts_details_sgle,2021,45.92
hnd,sex_t,eco_sector_ind,mts_details_sgle,2022,46.38
hnd,sex_t,eco_sector_ind,mts_details_sgle,2023,46.26
hnd,sex_t,eco_sector_ind,mts_details_sgle,2024,45.56
hnd,sex_t,eco_sector_ind,mts_details_total,2005,47.25
hnd,sex_t,eco_sector_ind,mts_details_total,2006,47.88
hnd,sex_t,eco_sector_ind,mts_details_total,2007,47.53
hnd,sex_t,eco_sector_ind,mts_details_total,2008,47.09
hnd,sex_t,eco_sector_ind,mts_details_total,2009,45.68
hnd,sex_t,eco_sector_ind,mts_details_total,2010,45.46
hnd,sex_t,eco_sector_ind,mts_details_total,2011,46.06
hnd,sex_t,eco_sector_ind,mts_details_total,2012,46.6
hnd,sex_t,eco_sector_ind,mts_details_total,2013,45.46
hnd,sex_t,eco_sector_ind,mts_details_total,2014,46.68
hnd,sex_t,eco_sector_ind,mts_details_total,2015,46.68
hnd,sex_t,eco_sector_ind,mts_details_total,2016,47.79
hnd,sex_t,eco_sector_ind,mts_details_total,2017,47.05
hnd,sex_t,eco_sector_ind,mts_details_total,2018,48.1
hnd,sex_t,eco_sector_ind,mts_details_total,2019,46.91
hnd,sex_t,eco_sector_ind,mts_details_total,2020,47.31
hnd,sex_t,eco_sector_ind,mts_details_total,2021,47.21
hnd,sex_t,eco_sector_ind,mts_details_total,2022,47.25
hnd,sex_t,eco_sector_ind,mts_details_total,2023,46.24
hnd,sex_t,eco_sector_ind,mts_details_total,2024,47.61
hnd,sex_t,eco_sector_ind,mts_details_union,2005,48.48
hnd,sex_t,eco_sector_ind,mts_details_union,2006,48.96
hnd,sex_t,eco_sector_ind,mts_details_union,2007,48.66
hnd,sex_t,eco_sector_ind,mts_details_union,2008,48.35
hnd,sex_t,eco_sector_ind,mts_details_union,2009,46.93
hnd,sex_t,eco_sector_ind,mts_details_union,2010,47.12
hnd,sex_t,eco_sector_ind,mts_details_union,2011,47.9
hnd,sex_t,eco_sector_ind,mts_details_union,2012,47.35
hnd,sex_t,eco_sector_ind,mts_details_union,2013,46.26
hnd,sex_t,eco_sector_ind,mts_details_union,2014,48.23
hnd,sex_t,eco_sector_ind,mts_details_union,2015,47.84
hnd,sex_t,eco_sector_ind,mts_details_union,2016,48.22
hnd,sex_t,eco_sector_ind,mts_details_union,2017,48.04
hnd,sex_t,eco_sector_ind,mts_details_union,2018,50.5
hnd,sex_t,eco_sector_ind,mts_details_union,2019,48.88
hnd,sex_t,eco_sector_ind,mts_details_union,2020,47.27
hnd,sex_t,eco_sector_ind,mts_details_union,2021,48.16
hnd,sex_t,eco_sector_ind,mts_details_union,2022,48.09
hnd,sex_t,eco_sector_ind,mts_details_union,2023,47.39
hnd,sex_t,eco_sector_ind,mts_details_union,2024,49.61
hnd,sex_t,eco_sector_ind,mts_details_wid,2005,43.49
hnd,sex_t,eco_sector_ind,mts_details_wid,2006,42.97
hnd,sex_t,eco_sector_ind,mts_details_wid,2007,45.92
hnd,sex_t,eco_sector_ind,mts_details_wid,2008,46.7
hnd,sex_t,eco_sector_ind,mts_details_wid,2009,47.61
hnd,sex_t,eco_sector_ind,mts_details_wid,2010,32.68
hnd,sex_t,eco_sector_ind,mts_details_wid,2011,42.99
hnd,sex_t,eco_sector_ind,mts_details_wid,2012,49.21
hnd,sex_t,eco_sector_ind,mts_details_wid,2013,39.51
hnd,sex_t,eco_sector_ind,mts_details_wid,2014,37.75
hnd,sex_t,eco_sector_ind,mts_details_wid,2015,47.2
hnd,sex_t,eco_sector_ind,mts_details_wid,2016,48.95
hnd,sex_t,eco_sector_ind,mts_details_wid,2017,44.69
hnd,sex_t,eco_sector_ind,mts_details_wid,2018,40.87
hnd,sex_t,eco_sector_ind,mts_details_wid,2019,35.08
hnd,sex_t,eco_sector_ind,mts_details_wid,2021,47.62
hnd,sex_t,eco_sector_ind,mts_details_wid,2022,15.6
hnd,sex_t,eco_sector_ind,mts_details_wid,2023,42.19
hnd,sex_t,eco_sector_ind,mts_details_wid,2024,58.63
hnd,sex_t,eco_sector_ser,mts_aggregate_1,2005,45.85
hnd,sex_t,eco_sector_ser,mts_aggregate_1,2006,46.98
hnd,sex_t,eco_sector_ser,mts_aggregate_1,2007,46.1
hnd,sex_t,eco_sector_ser,mts_aggregate_1,2008,45.05
hnd,sex_t,eco_sector_ser,mts_aggregate_1,2009,43.67
hnd,sex_t,eco_sector_ser,mts_aggregate_1,2010,43.8
hnd,sex_t,eco_sector_ser,mts_aggregate_1,2011,44.95
hnd,sex_t,eco_sector_ser,mts_aggregate_1,2012,45.53
hnd,sex_t,eco_sector_ser,mts_aggregate_1,2013,45.19
hnd,sex_t,eco_sector_ser,mts_aggregate_1,2014,47.6
hnd,sex_t,eco_sector_ser,mts_aggregate_1,2015,45.96
hnd,sex_t,eco_sector_ser,mts_aggregate_1,2016,46.91
hnd,sex_t,eco_sector_ser,mts_aggregate_1,2017,47.08
hnd,sex_t,eco_sector_ser,mts_aggregate_1,2018,46.74
hnd,sex_t,eco_sector_ser,mts_aggregate_1,2019,46.45
hnd,sex_t,eco_sector_ser,mts_aggregate_1,2020,42.13
hnd,sex_t,eco_sector_ser,mts_aggregate_1,2021,47.63
hnd,sex_t,eco_sector_ser,mts_aggregate_1,2022,46
hnd,sex_t,eco_sector_ser,mts_aggregate_1,2023,46.59
hnd,sex_t,eco_sector_ser,mts_aggregate_1,2024,47.27
hnd,sex_t,eco_sector_ser,mts_aggregate_2,2005,46.59
hnd,sex_t,eco_sector_ser,mts_aggregate_2,2006,47.48
hnd,sex_t,eco_sector_ser,mts_aggregate_2,2007,46.9
hnd,sex_t,eco_sector_ser,mts_aggregate_2,2008,46.78
hnd,sex_t,eco_sector_ser,mts_aggregate_2,2009,45.18
hnd,sex_t,eco_sector_ser,mts_aggregate_2,2010,45.95
hnd,sex_t,eco_sector_ser,mts_aggregate_2,2011,46.23
hnd,sex_t,eco_sector_ser,mts_aggregate_2,2012,47.29
hnd,sex_t,eco_sector_ser,mts_aggregate_2,2013,47.6
hnd,sex_t,eco_sector_ser,mts_aggregate_2,2014,48
hnd,sex_t,eco_sector_ser,mts_aggregate_2,2015,47.81
hnd,sex_t,eco_sector_ser,mts_aggregate_2,2016,49.05
hnd,sex_t,eco_sector_ser,mts_aggregate_2,2017,48.83
hnd,sex_t,eco_sector_ser,mts_aggregate_2,2018,47.87
hnd,sex_t,eco_sector_ser,mts_aggregate_2,2019,47.24
hnd,sex_t,eco_sector_ser,mts_aggregate_2,2020,43.49
hnd,sex_t,eco_sector_ser,mts_aggregate_2,2021,47.42
hnd,sex_t,eco_sector_ser,mts_aggregate_2,2022,47.11
hnd,sex_t,eco_sector_ser,mts_aggregate_2,2023,47.33
hnd,sex_t,eco_sector_ser,mts_aggregate_2,2024,48.07
hnd,sex_t,eco_sector_ser,mts_aggregate_total,2005,46.22
hnd,sex_t,eco_sector_ser,mts_aggregate_total,2006,47.22
hnd,sex_t,eco_sector_ser,mts_aggregate_total,2007,46.5
hnd,sex_t,eco_sector_ser,mts_aggregate_total,2008,45.88
hnd,sex_t,eco_sector_ser,mts_aggregate_total,2009,44.39
hnd,sex_t,eco_sector_ser,mts_aggregate_total,2010,44.8
hnd,sex_t,eco_sector_ser,mts_aggregate_total,2011,45.56
hnd,sex_t,eco_sector_ser,mts_aggregate_total,2012,46.34
hnd,sex_t,eco_sector_ser,mts_aggregate_total,2013,46.34
hnd,sex_t,eco_sector_ser,mts_aggregate_total,2014,47.81
hnd,sex_t,eco_sector_ser,mts_aggregate_total,2015,46.85
hnd,sex_t,eco_sector_ser,mts_aggregate_total,2016,47.97
hnd,sex_t,eco_sector_ser,mts_aggregate_total,2017,47.93
hnd,sex_t,eco_sector_ser,mts_aggregate_total,2018,47.27
hnd,sex_t,eco_sector_ser,mts_aggregate_total,2019,46.82
hnd,sex_t,eco_sector_ser,mts_aggregate_total,2020,42.72
hnd,sex_t,eco_sector_ser,mts_aggregate_total,2021,47.53
hnd,sex_t,eco_sector_ser,mts_aggregate_total,2022,46.52
hnd,sex_t,eco_sector_ser,mts_aggregate_total,2023,46.93
hnd,sex_t,eco_sector_ser,mts_aggregate_total,2024,47.64
hnd,sex_t,eco_sector_ser,mts_details_mrd,2005,44.27
hnd,sex_t,eco_sector_ser,mts_details_mrd,2006,44.66
hnd,sex_t,eco_sector_ser,mts_details_mrd,2007,44.38
hnd,sex_t,eco_sector_ser,mts_details_mrd,2008,44.53
hnd,sex_t,eco_sector_ser,mts_details_mrd,2009,43.29
hnd,sex_t,eco_sector_ser,mts_details_mrd,2010,43.35
hnd,sex_t,eco_sector_ser,mts_details_mrd,2011,43.18
hnd,sex_t,eco_sector_ser,mts_details_mrd,2012,45.53
hnd,sex_t,eco_sector_ser,mts_details_mrd,2013,45.12
hnd,sex_t,eco_sector_ser,mts_details_mrd,2014,45.83
hnd,sex_t,eco_sector_ser,mts_details_mrd,2015,45.3
hnd,sex_t,eco_sector_ser,mts_details_mrd,2016,46.37
hnd,sex_t,eco_sector_ser,mts_details_mrd,2017,45.53
hnd,sex_t,eco_sector_ser,mts_details_mrd,2018,45.68
hnd,sex_t,eco_sector_ser,mts_details_mrd,2019,44.7
hnd,sex_t,eco_sector_ser,mts_details_mrd,2020,44.34
hnd,sex_t,eco_sector_ser,mts_details_mrd,2021,44.83
hnd,sex_t,eco_sector_ser,mts_details_mrd,2022,44.73
hnd,sex_t,eco_sector_ser,mts_details_mrd,2023,44.65
hnd,sex_t,eco_sector_ser,mts_details_mrd,2024,43.15
hnd,sex_t,eco_sector_ser,mts_details_sep,2005,42.95
hnd,sex_t,eco_sector_ser,mts_details_sep,2006,45.03
hnd,sex_t,eco_sector_ser,mts_details_sep,2007,45.14
hnd,sex_t,eco_sector_ser,mts_details_sep,2008,42.18
hnd,sex_t,eco_sector_ser,mts_details_sep,2009,44.75
hnd,sex_t,eco_sector_ser,mts_details_sep,2010,43.68
hnd,sex_t,eco_sector_ser,mts_details_sep,2011,44.92
hnd,sex_t,eco_sector_ser,mts_details_sep,2012,45.44
hnd,sex_t,eco_sector_ser,mts_details_sep,2013,46.01
hnd,sex_t,eco_sector_ser,mts_details_sep,2014,44.14
hnd,sex_t,eco_sector_ser,mts_details_sep,2015,42.85
hnd,sex_t,eco_sector_ser,mts_details_sep,2016,48.27
hnd,sex_t,eco_sector_ser,mts_details_sep,2017,43.17
hnd,sex_t,eco_sector_ser,mts_details_sep,2018,40.69
hnd,sex_t,eco_sector_ser,mts_details_sep,2019,40.96
hnd,sex_t,eco_sector_ser,mts_details_sep,2020,42.04
hnd,sex_t,eco_sector_ser,mts_details_sep,2021,41.82
hnd,sex_t,eco_sector_ser,mts_details_sep,2022,46.89
hnd,sex_t,eco_sector_ser,mts_details_sep,2023,40.28
hnd,sex_t,eco_sector_ser,mts_details_sep,2024,42.24
hnd,sex_t,eco_sector_ser,mts_details_sgle,2005,46.19
hnd,sex_t,eco_sector_ser,mts_details_sgle,2006,47.23
hnd,sex_t,eco_sector_ser,mts_details_sgle,2007,46.31
hnd,sex_t,eco_sector_ser,mts_details_sgle,2008,45.39
hnd,sex_t,eco_sector_ser,mts_details_sgle,2009,43.62
hnd,sex_t,eco_sector_ser,mts_details_sgle,2010,43.8
hnd,sex_t,eco_sector_ser,mts_details_sgle,2011,44.85
hnd,sex_t,eco_sector_ser,mts_details_sgle,2012,45.58
hnd,sex_t,eco_sector_ser,mts_details_sgle,2013,45.16
hnd,sex_t,eco_sector_ser,mts_details_sgle,2014,48.01
hnd,sex_t,eco_sector_ser,mts_details_sgle,2015,46.19
hnd,sex_t,eco_sector_ser,mts_details_sgle,2016,46.86
hnd,sex_t,eco_sector_ser,mts_details_sgle,2017,47.44
hnd,sex_t,eco_sector_ser,mts_details_sgle,2018,47.31
hnd,sex_t,eco_sector_ser,mts_details_sgle,2019,46.82
hnd,sex_t,eco_sector_ser,mts_details_sgle,2020,42.6
hnd,sex_t,eco_sector_ser,mts_details_sgle,2021,48.11
hnd,sex_t,eco_sector_ser,mts_details_sgle,2022,46.35
hnd,sex_t,eco_sector_ser,mts_details_sgle,2023,47.16
hnd,sex_t,eco_sector_ser,mts_details_sgle,2024,47.82
hnd,sex_t,eco_sector_ser,mts_details_total,2005,46.22
hnd,sex_t,eco_sector_ser,mts_details_total,2006,47.22
hnd,sex_t,eco_sector_ser,mts_details_total,2007,46.5
hnd,sex_t,eco_sector_ser,mts_details_total,2008,45.88
hnd,sex_t,eco_sector_ser,mts_details_total,2009,44.39
hnd,sex_t,eco_sector_ser,mts_details_total,2010,44.8
hnd,sex_t,eco_sector_ser,mts_details_total,2011,45.56
hnd,sex_t,eco_sector_ser,mts_details_total,2012,46.34
hnd,sex_t,eco_sector_ser,mts_details_total,2013,46.34
hnd,sex_t,eco_sector_ser,mts_details_total,2014,47.81
hnd,sex_t,eco_sector_ser,mts_details_total,2015,46.85
hnd,sex_t,eco_sector_ser,mts_details_total,2016,47.97
hnd,sex_t,eco_sector_ser,mts_details_total,2017,47.93
hnd,sex_t,eco_sector_ser,mts_details_total,2018,47.27
hnd,sex_t,eco_sector_ser,mts_details_total,2019,46.82
hnd,sex_t,eco_sector_ser,mts_details_total,2020,42.72
hnd,sex_t,eco_sector_ser,mts_details_total,2021,47.53
hnd,sex_t,eco_sector_ser,mts_details_total,2022,46.52
hnd,sex_t,eco_sector_ser,mts_details_total,2023,46.93
hnd,sex_t,eco_sector_ser,mts_details_total,2024,47.64
hnd,sex_t,eco_sector_ser,mts_details_union,2005,49.36
hnd,sex_t,eco_sector_ser,mts_details_union,2006,51.28
hnd,sex_t,eco_sector_ser,mts_details_union,2007,50.12
hnd,sex_t,eco_sector_ser,mts_details_union,2008,49.56
hnd,sex_t,eco_sector_ser,mts_details_union,2009,47.37
hnd,sex_t,eco_sector_ser,mts_details_union,2010,48.9
hnd,sex_t,eco_sector_ser,mts_details_union,2011,49.63
hnd,sex_t,eco_sector_ser,mts_details_union,2012,49.05
hnd,sex_t,eco_sector_ser,mts_details_union,2013,49.95
hnd,sex_t,eco_sector_ser,mts_details_union,2014,50.27
hnd,sex_t,eco_sector_ser,mts_details_union,2015,50.52
hnd,sex_t,eco_sector_ser,mts_details_union,2016,51.78
hnd,sex_t,eco_sector_ser,mts_details_union,2017,51.72
hnd,sex_t,eco_sector_ser,mts_details_union,2018,49.74
hnd,sex_t,eco_sector_ser,mts_details_union,2019,49.82
hnd,sex_t,eco_sector_ser,mts_details_union,2020,42.68
hnd,sex_t,eco_sector_ser,mts_details_union,2021,49.47
hnd,sex_t,eco_sector_ser,mts_details_union,2022,49.15
hnd,sex_t,eco_sector_ser,mts_details_union,2023,49.41
hnd,sex_t,eco_sector_ser,mts_details_union,2024,51.47
hnd,sex_t,eco_sector_ser,mts_details_wid,2005,44.52
hnd,sex_t,eco_sector_ser,mts_details_wid,2006,47.29
hnd,sex_t,eco_sector_ser,mts_details_wid,2007,42.96
hnd,sex_t,eco_sector_ser,mts_details_wid,2008,40.76
hnd,sex_t,eco_sector_ser,mts_details_wid,2009,42.38
hnd,sex_t,eco_sector_ser,mts_details_wid,2010,43.91
hnd,sex_t,eco_sector_ser,mts_details_wid,2011,47.26
hnd,sex_t,eco_sector_ser,mts_details_wid,2012,44.17
hnd,sex_t,eco_sector_ser,mts_details_wid,2013,44.45
hnd,sex_t,eco_sector_ser,mts_details_wid,2014,40.61
hnd,sex_t,eco_sector_ser,mts_details_wid,2015,46.54
hnd,sex_t,eco_sector_ser,mts_details_wid,2016,45.64
hnd,sex_t,eco_sector_ser,mts_details_wid,2017,44.13
hnd,sex_t,eco_sector_ser,mts_details_wid,2018,41.32
hnd,sex_t,eco_sector_ser,mts_details_wid,2019,44.52
hnd,sex_t,eco_sector_ser,mts_details_wid,2020,29.78
hnd,sex_t,eco_sector_ser,mts_details_wid,2021,39.85
hnd,sex_t,eco_sector_ser,mts_details_wid,2022,33.42
hnd,sex_t,eco_sector_ser,mts_details_wid,2023,35.45
hnd,sex_t,eco_sector_ser,mts_details_wid,2024,42.75
hnd,sex_t,eco_sector_total,mts_aggregate_1,2005,44.66
hnd,sex_t,eco_sector_total,mts_aggregate_1,2006,45.16
hnd,sex_t,eco_sector_total,mts_aggregate_1,2007,43.88
hnd,sex_t,eco_sector_total,mts_aggregate_1,2008,42.99
hnd,sex_t,eco_sector_total,mts_aggregate_1,2009,41.32
hnd,sex_t,eco_sector_total,mts_aggregate_1,2010,41.36
hnd,sex_t,eco_sector_total,mts_aggregate_1,2011,42.64
hnd,sex_t,eco_sector_total,mts_aggregate_1,2012,43.64
hnd,sex_t,eco_sector_total,mts_aggregate_1,2013,42.27
hnd,sex_t,eco_sector_total,mts_aggregate_1,2014,43.9
hnd,sex_t,eco_sector_total,mts_aggregate_1,2015,43.12
hnd,sex_t,eco_sector_total,mts_aggregate_1,2016,44.35
hnd,sex_t,eco_sector_total,mts_aggregate_1,2017,43.65
hnd,sex_t,eco_sector_total,mts_aggregate_1,2018,44.65
hnd,sex_t,eco_sector_total,mts_aggregate_1,2019,44.35
hnd,sex_t,eco_sector_total,mts_aggregate_1,2020,42.16
hnd,sex_t,eco_sector_total,mts_aggregate_1,2021,44.72
hnd,sex_t,eco_sector_total,mts_aggregate_1,2022,44.18
hnd,sex_t,eco_sector_total,mts_aggregate_1,2023,44.58
hnd,sex_t,eco_sector_total,mts_aggregate_1,2024,45.39
hnd,sex_t,eco_sector_total,mts_aggregate_2,2005,46.16
hnd,sex_t,eco_sector_total,mts_aggregate_2,2006,46.41
hnd,sex_t,eco_sector_total,mts_aggregate_2,2007,46.55
hnd,sex_t,eco_sector_total,mts_aggregate_2,2008,45.77
hnd,sex_t,eco_sector_total,mts_aggregate_2,2009,44.16
hnd,sex_t,eco_sector_total,mts_aggregate_2,2010,44.45
hnd,sex_t,eco_sector_total,mts_aggregate_2,2011,45.28
hnd,sex_t,eco_sector_total,mts_aggregate_2,2012,46.32
hnd,sex_t,eco_sector_total,mts_aggregate_2,2013,45.95
hnd,sex_t,eco_sector_total,mts_aggregate_2,2014,46.2
hnd,sex_t,eco_sector_total,mts_aggregate_2,2015,45.73
hnd,sex_t,eco_sector_total,mts_aggregate_2,2016,47.32
hnd,sex_t,eco_sector_total,mts_aggregate_2,2017,46.5
hnd,sex_t,eco_sector_total,mts_aggregate_2,2018,46.76
hnd,sex_t,eco_sector_total,mts_aggregate_2,2019,46.52
hnd,sex_t,eco_sector_total,mts_aggregate_2,2020,44.29
hnd,sex_t,eco_sector_total,mts_aggregate_2,2021,45.93
hnd,sex_t,eco_sector_total,mts_aggregate_2,2022,45.58
hnd,sex_t,eco_sector_total,mts_aggregate_2,2023,45.12
hnd,sex_t,eco_sector_total,mts_aggregate_2,2024,46.82
hnd,sex_t,eco_sector_total,mts_aggregate_total,2005,45.44
hnd,sex_t,eco_sector_total,mts_aggregate_total,2006,45.78
hnd,sex_t,eco_sector_total,mts_aggregate_total,2007,45.22
hnd,sex_t,eco_sector_total,mts_aggregate_total,2008,44.34
hnd,sex_t,eco_sector_total,mts_aggregate_total,2009,42.69
hnd,sex_t,eco_sector_total,mts_aggregate_total,2010,42.83
hnd,sex_t,eco_sector_total,mts_aggregate_total,2011,43.95
hnd,sex_t,eco_sector_total,mts_aggregate_total,2012,44.92
hnd,sex_t,eco_sector_total,mts_aggregate_total,2013,44.08
hnd,sex_t,eco_sector_total,mts_aggregate_total,2014,45.08
hnd,sex_t,eco_sector_total,mts_aggregate_total,2015,44.46
hnd,sex_t,eco_sector_total,mts_aggregate_total,2016,45.87
hnd,sex_t,eco_sector_total,mts_aggregate_total,2017,45.11
hnd,sex_t,eco_sector_total,mts_aggregate_total,2018,45.72
hnd,sex_t,eco_sector_total,mts_aggregate_total,2019,45.45
hnd,sex_t,eco_sector_total,mts_aggregate_total,2020,43.19
hnd,sex_t,eco_sector_total,mts_aggregate_total,2021,45.33
hnd,sex_t,eco_sector_total,mts_aggregate_total,2022,44.89
hnd,sex_t,eco_sector_total,mts_aggregate_total,2023,44.85
hnd,sex_t,eco_sector_total,mts_aggregate_total,2024,46.11
hnd,sex_t,eco_sector_total,mts_details_mrd,2005,45.05
hnd,sex_t,eco_sector_total,mts_details_mrd,2006,44.96
hnd,sex_t,eco_sector_total,mts_details_mrd,2007,45.26
hnd,sex_t,eco_sector_total,mts_details_mrd,2008,44.52
hnd,sex_t,eco_sector_total,mts_details_mrd,2009,43.26
hnd,sex_t,eco_sector_total,mts_details_mrd,2010,43.25
hnd,sex_t,eco_sector_total,mts_details_mrd,2011,43.41
hnd,sex_t,eco_sector_total,mts_details_mrd,2012,45.63
hnd,sex_t,eco_sector_total,mts_details_mrd,2013,45.29
hnd,sex_t,eco_sector_total,mts_details_mrd,2014,45.36
hnd,sex_t,eco_sector_total,mts_details_mrd,2015,45.06
hnd,sex_t,eco_sector_total,mts_details_mrd,2016,46.32
hnd,sex_t,eco_sector_total,mts_details_mrd,2017,45.31
hnd,sex_t,eco_sector_total,mts_details_mrd,2018,45.34
hnd,sex_t,eco_sector_total,mts_details_mrd,2019,45.28
hnd,sex_t,eco_sector_total,mts_details_mrd,2020,44.63
hnd,sex_t,eco_sector_total,mts_details_mrd,2021,44.6
hnd,sex_t,eco_sector_total,mts_details_mrd,2022,44.87
hnd,sex_t,eco_sector_total,mts_details_mrd,2023,43.44
hnd,sex_t,eco_sector_total,mts_details_mrd,2024,43.65
hnd,sex_t,eco_sector_total,mts_details_sep,2005,44.85
hnd,sex_t,eco_sector_total,mts_details_sep,2006,45.23
hnd,sex_t,eco_sector_total,mts_details_sep,2007,45.05
hnd,sex_t,eco_sector_total,mts_details_sep,2008,41.87
hnd,sex_t,eco_sector_total,mts_details_sep,2009,44.52
hnd,sex_t,eco_sector_total,mts_details_sep,2010,42.77
hnd,sex_t,eco_sector_total,mts_details_sep,2011,45.18
hnd,sex_t,eco_sector_total,mts_details_sep,2012,44.96
hnd,sex_t,eco_sector_total,mts_details_sep,2013,45.71
hnd,sex_t,eco_sector_total,mts_details_sep,2014,45.6
hnd,sex_t,eco_sector_total,mts_details_sep,2015,43.91
hnd,sex_t,eco_sector_total,mts_details_sep,2016,46.07
hnd,sex_t,eco_sector_total,mts_details_sep,2017,43.39
hnd,sex_t,eco_sector_total,mts_details_sep,2018,41.85
hnd,sex_t,eco_sector_total,mts_details_sep,2019,42.9
hnd,sex_t,eco_sector_total,mts_details_sep,2020,42.94
hnd,sex_t,eco_sector_total,mts_details_sep,2021,42.41
hnd,sex_t,eco_sector_total,mts_details_sep,2022,46.17
hnd,sex_t,eco_sector_total,mts_details_sep,2023,39.79
hnd,sex_t,eco_sector_total,mts_details_sep,2024,43.16
hnd,sex_t,eco_sector_total,mts_details_sgle,2005,44.65
hnd,sex_t,eco_sector_total,mts_details_sgle,2006,45.13
hnd,sex_t,eco_sector_total,mts_details_sgle,2007,43.84
hnd,sex_t,eco_sector_total,mts_details_sgle,2008,43.08
hnd,sex_t,eco_sector_total,mts_details_sgle,2009,41.12
hnd,sex_t,eco_sector_total,mts_details_sgle,2010,41.26
hnd,sex_t,eco_sector_total,mts_details_sgle,2011,42.41
hnd,sex_t,eco_sector_total,mts_details_sgle,2012,43.59
hnd,sex_t,eco_sector_total,mts_details_sgle,2013,42.04
hnd,sex_t,eco_sector_total,mts_details_sgle,2014,43.93
hnd,sex_t,eco_sector_total,mts_details_sgle,2015,43.08
hnd,sex_t,eco_sector_total,mts_details_sgle,2016,44.21
hnd,sex_t,eco_sector_total,mts_details_sgle,2017,43.7
hnd,sex_t,eco_sector_total,mts_details_sgle,2018,44.88
hnd,sex_t,eco_sector_total,mts_details_sgle,2019,44.48
hnd,sex_t,eco_sector_total,mts_details_sgle,2020,42.46
hnd,sex_t,eco_sector_total,mts_details_sgle,2021,44.9
hnd,sex_t,eco_sector_total,mts_details_sgle,2022,44.36
hnd,sex_t,eco_sector_total,mts_details_sgle,2023,45.01
hnd,sex_t,eco_sector_total,mts_details_sgle,2024,45.59
hnd,sex_t,eco_sector_total,mts_details_total,2005,45.44
hnd,sex_t,eco_sector_total,mts_details_total,2006,45.78
hnd,sex_t,eco_sector_total,mts_details_total,2007,45.22
hnd,sex_t,eco_sector_total,mts_details_total,2008,44.34
hnd,sex_t,eco_sector_total,mts_details_total,2009,42.69
hnd,sex_t,eco_sector_total,mts_details_total,2010,42.83
hnd,sex_t,eco_sector_total,mts_details_total,2011,43.95
hnd,sex_t,eco_sector_total,mts_details_total,2012,44.92
hnd,sex_t,eco_sector_total,mts_details_total,2013,44.08
hnd,sex_t,eco_sector_total,mts_details_total,2014,45.08
hnd,sex_t,eco_sector_total,mts_details_total,2015,44.46
hnd,sex_t,eco_sector_total,mts_details_total,2016,45.87
hnd,sex_t,eco_sector_total,mts_details_total,2017,45.11
hnd,sex_t,eco_sector_total,mts_details_total,2018,45.72
hnd,sex_t,eco_sector_total,mts_details_total,2019,45.45
hnd,sex_t,eco_sector_total,mts_details_total,2020,43.19
hnd,sex_t,eco_sector_total,mts_details_total,2021,45.33
hnd,sex_t,eco_sector_total,mts_details_total,2022,44.89
hnd,sex_t,eco_sector_total,mts_details_total,2023,44.85
hnd,sex_t,eco_sector_total,mts_details_total,2024,46.11
hnd,sex_t,eco_sector_total,mts_details_union,2005,47.07
hnd,sex_t,eco_sector_total,mts_details_union,2006,47.66
hnd,sex_t,eco_sector_total,mts_details_union,2007,47.63
hnd,sex_t,eco_sector_total,mts_details_union,2008,46.81
hnd,sex_t,eco_sector_total,mts_details_union,2009,44.87
hnd,sex_t,eco_sector_total,mts_details_union,2010,45.43
hnd,sex_t,eco_sector_total,mts_details_union,2011,46.75
hnd,sex_t,eco_sector_total,mts_details_union,2012,46.87
hnd,sex_t,eco_sector_total,mts_details_union,2013,46.44
hnd,sex_t,eco_sector_total,mts_details_union,2014,46.8
hnd,sex_t,eco_sector_total,mts_details_union,2015,46.28
hnd,sex_t,eco_sector_total,mts_details_union,2016,48.08
hnd,sex_t,eco_sector_total,mts_details_union,2017,47.28
hnd,sex_t,eco_sector_total,mts_details_union,2018,47.61
hnd,sex_t,eco_sector_total,mts_details_union,2019,47.45
hnd,sex_t,eco_sector_total,mts_details_union,2020,44.03
hnd,sex_t,eco_sector_total,mts_details_union,2021,46.77
hnd,sex_t,eco_sector_total,mts_details_union,2022,46
hnd,sex_t,eco_sector_total,mts_details_union,2023,46.22
hnd,sex_t,eco_sector_total,mts_details_union,2024,48.64
hnd,sex_t,eco_sector_total,mts_details_wid,2005,44.57
hnd,sex_t,eco_sector_total,mts_details_wid,2006,45.68
hnd,sex_t,eco_sector_total,mts_details_wid,2007,42.35
hnd,sex_t,eco_sector_total,mts_details_wid,2008,41.28
hnd,sex_t,eco_sector_total,mts_details_wid,2009,40.89
hnd,sex_t,eco_sector_total,mts_details_wid,2010,43.39
hnd,sex_t,eco_sector_total,mts_details_wid,2011,46.07
hnd,sex_t,eco_sector_total,mts_details_wid,2012,43.07
hnd,sex_t,eco_sector_total,mts_details_wid,2013,43.33
hnd,sex_t,eco_sector_total,mts_details_wid,2014,37.11
hnd,sex_t,eco_sector_total,mts_details_wid,2015,42.87
hnd,sex_t,eco_sector_total,mts_details_wid,2016,46.57
hnd,sex_t,eco_sector_total,mts_details_wid,2017,42.5
hnd,sex_t,eco_sector_total,mts_details_wid,2018,41.17
hnd,sex_t,eco_sector_total,mts_details_wid,2019,41.72
hnd,sex_t,eco_sector_total,mts_details_wid,2020,29.76
hnd,sex_t,eco_sector_total,mts_details_wid,2021,40.6
hnd,sex_t,eco_sector_total,mts_details_wid,2022,31.81
hnd,sex_t,eco_sector_total,mts_details_wid,2023,34.11
hnd,sex_t,eco_sector_total,mts_details_wid,2024,43.69
hnd,sex_t,eco_sector_x,mts_aggregate_1,2005,45.63
hnd,sex_t,eco_sector_x,mts_aggregate_1,2006,41.07
hnd,sex_t,eco_sector_x,mts_aggregate_1,2007,46.71
hnd,sex_t,eco_sector_x,mts_aggregate_1,2008,45.55
hnd,sex_t,eco_sector_x,mts_aggregate_1,2009,43.66
hnd,sex_t,eco_sector_x,mts_aggregate_1,2010,39.43
hnd,sex_t,eco_sector_x,mts_aggregate_1,2011,44.53
hnd,sex_t,eco_sector_x,mts_aggregate_1,2013,56.35
hnd,sex_t,eco_sector_x,mts_aggregate_1,2014,48.51
hnd,sex_t,eco_sector_x,mts_aggregate_1,2021,42.67
hnd,sex_t,eco_sector_x,mts_aggregate_2,2005,48.15
hnd,sex_t,eco_sector_x,mts_aggregate_2,2006,43.4
hnd,sex_t,eco_sector_x,mts_aggregate_2,2007,47.08
hnd,sex_t,eco_sector_x,mts_aggregate_2,2009,47.23
hnd,sex_t,eco_sector_x,mts_aggregate_2,2010,52.66
hnd,sex_t,eco_sector_x,mts_aggregate_2,2011,47.58
hnd,sex_t,eco_sector_x,mts_aggregate_2,2021,46.71
hnd,sex_t,eco_sector_x,mts_aggregate_total,2005,46.81
hnd,sex_t,eco_sector_x,mts_aggregate_total,2006,42.37
hnd,sex_t,eco_sector_x,mts_aggregate_total,2007,46.86
hnd,sex_t,eco_sector_x,mts_aggregate_total,2008,41.78
hnd,sex_t,eco_sector_x,mts_aggregate_total,2009,45.92
hnd,sex_t,eco_sector_x,mts_aggregate_total,2010,44
hnd,sex_t,eco_sector_x,mts_aggregate_total,2011,45.74
hnd,sex_t,eco_sector_x,mts_aggregate_total,2013,56.59
hnd,sex_t,eco_sector_x,mts_aggregate_total,2014,52.75
hnd,sex_t,eco_sector_x,mts_aggregate_total,2021,44.63
hnd,sex_t,eco_sector_x,mts_aggregate_total,2024,68.98
hnd,sex_t,eco_sector_x,mts_details_mrd,2005,43.74
hnd,sex_t,eco_sector_x,mts_details_mrd,2007,46.15
hnd,sex_t,eco_sector_x,mts_details_mrd,2009,43.27
hnd,sex_t,eco_sector_x,mts_details_mrd,2010,44.24
hnd,sex_t,eco_sector_x,mts_details_mrd,2021,45.33
hnd,sex_t,eco_sector_x,mts_details_sgle,2005,45.63
hnd,sex_t,eco_sector_x,mts_details_sgle,2007,47.18
hnd,sex_t,eco_sector_x,mts_details_sgle,2008,46.82
hnd,sex_t,eco_sector_x,mts_details_sgle,2009,43.65
hnd,sex_t,eco_sector_x,mts_details_sgle,2010,39.35
hnd,sex_t,eco_sector_x,mts_details_sgle,2011,44.53
hnd,sex_t,eco_sector_x,mts_details_sgle,2013,56.35
hnd,sex_t,eco_sector_x,mts_details_sgle,2014,48.51
hnd,sex_t,eco_sector_x,mts_details_sgle,2021,42.39
hnd,sex_t,eco_sector_x,mts_details_total,2005,46.81
hnd,sex_t,eco_sector_x,mts_details_total,2006,42.37
hnd,sex_t,eco_sector_x,mts_details_total,2007,46.86
hnd,sex_t,eco_sector_x,mts_details_total,2008,41.78
hnd,sex_t,eco_sector_x,mts_details_total,2009,45.92
hnd,sex_t,eco_sector_x,mts_details_total,2010,44
hnd,sex_t,eco_sector_x,mts_details_total,2011,45.74
hnd,sex_t,eco_sector_x,mts_details_total,2013,56.59
hnd,sex_t,eco_sector_x,mts_details_total,2014,52.75
hnd,sex_t,eco_sector_x,mts_details_total,2021,44.63
hnd,sex_t,eco_sector_x,mts_details_total,2024,68.98
hnd,sex_t,eco_sector_x,mts_details_union,2006,44.58
hnd,sex_t,eco_sector_x,mts_details_union,2007,48.83
hnd,sex_t,eco_sector_x,mts_details_union,2009,50.01
hnd,sex_t,eco_sector_x,mts_details_union,2010,62
hnd,sex_t,eco_sector_x,mts_details_union,2021,47.73
