ref_area,sex,classif1,classif2,time,emp_pifl_sex_age_ocu_nb
ita,sex_f,age_10yrbands_total,ocu_skill_l1,2007,24.493
ita,sex_f,age_10yrbands_total,ocu_skill_l1,2008,21.849
ita,sex_f,age_10yrbands_total,ocu_skill_l1,2009,28.751
ita,sex_f,age_10yrbands_total,ocu_skill_l1,2010,33.72
ita,sex_f,age_10yrbands_total,ocu_skill_l1,2011,252.786
ita,sex_f,age_10yrbands_total,ocu_skill_l1,2012,358.02
ita,sex_f,age_10yrbands_total,ocu_skill_l1,2013,355.072
ita,sex_f,age_10yrbands_total,ocu_skill_l1,2014,403.883
ita,sex_f,age_10yrbands_total,ocu_skill_l1,2015,382.113
ita,sex_f,age_10yrbands_total,ocu_skill_l1,2016,356.201
ita,sex_f,age_10yrbands_total,ocu_skill_l1,2017,288.82
ita,sex_f,age_10yrbands_total,ocu_skill_l1,2018,467.542
ita,sex_f,age_10yrbands_total,ocu_skill_l1,2019,484.912
ita,sex_f,age_10yrbands_total,ocu_skill_l1,2020,369.232
ita,sex_f,age_10yrbands_total,ocu_skill_l1,2021,433.636
ita,sex_f,age_10yrbands_total,ocu_skill_l1,2022,351.524
ita,sex_f,age_10yrbands_total,ocu_skill_l1,2023,419.653
ita,sex_f,age_10yrbands_total,ocu_skill_l2,2007,91.578
ita,sex_f,age_10yrbands_total,ocu_skill_l2,2008,99.975
ita,sex_f,age_10yrbands_total,ocu_skill_l2,2009,81.57
ita,sex_f,age_10yrbands_total,ocu_skill_l2,2010,78.951
ita,sex_f,age_10yrbands_total,ocu_skill_l2,2011,390.939
ita,sex_f,age_10yrbands_total,ocu_skill_l2,2012,415.018
ita,sex_f,age_10yrbands_total,ocu_skill_l2,2013,540.948
ita,sex_f,age_10yrbands_total,ocu_skill_l2,2014,509.77
ita,sex_f,age_10yrbands_total,ocu_skill_l2,2015,584.212
ita,sex_f,age_10yrbands_total,ocu_skill_l2,2016,508.489
ita,sex_f,age_10yrbands_total,ocu_skill_l2,2017,462.033
ita,sex_f,age_10yrbands_total,ocu_skill_l2,2018,480.238
ita,sex_f,age_10yrbands_total,ocu_skill_l2,2019,522.176
ita,sex_f,age_10yrbands_total,ocu_skill_l2,2020,414.738
ita,sex_f,age_10yrbands_total,ocu_skill_l2,2021,428.042
ita,sex_f,age_10yrbands_total,ocu_skill_l2,2022,360.07
ita,sex_f,age_10yrbands_total,ocu_skill_l2,2023,411.998
ita,sex_f,age_10yrbands_total,ocu_skill_l3_4,2007,73.924
ita,sex_f,age_10yrbands_total,ocu_skill_l3_4,2008,70.664
ita,sex_f,age_10yrbands_total,ocu_skill_l3_4,2009,70.399
ita,sex_f,age_10yrbands_total,ocu_skill_l3_4,2010,55.856
ita,sex_f,age_10yrbands_total,ocu_skill_l3_4,2011,50.34
ita,sex_f,age_10yrbands_total,ocu_skill_l3_4,2012,51.183
ita,sex_f,age_10yrbands_total,ocu_skill_l3_4,2013,39.546
ita,sex_f,age_10yrbands_total,ocu_skill_l3_4,2014,27.607
ita,sex_f,age_10yrbands_total,ocu_skill_l3_4,2015,43.907
ita,sex_f,age_10yrbands_total,ocu_skill_l3_4,2016,29.174
ita,sex_f,age_10yrbands_total,ocu_skill_l3_4,2017,25.48
ita,sex_f,age_10yrbands_total,ocu_skill_l3_4,2018,53.934
ita,sex_f,age_10yrbands_total,ocu_skill_l3_4,2019,78.309
ita,sex_f,age_10yrbands_total,ocu_skill_l3_4,2020,95.874
ita,sex_f,age_10yrbands_total,ocu_skill_l3_4,2021,76.271
ita,sex_f,age_10yrbands_total,ocu_skill_l3_4,2022,47.832
ita,sex_f,age_10yrbands_total,ocu_skill_l3_4,2023,51.176
ita,sex_f,age_10yrbands_total,ocu_skill_total,2007,189.995
ita,sex_f,age_10yrbands_total,ocu_skill_total,2008,192.488
ita,sex_f,age_10yrbands_total,ocu_skill_total,2009,180.72
ita,sex_f,age_10yrbands_total,ocu_skill_total,2010,168.527
ita,sex_f,age_10yrbands_total,ocu_skill_total,2011,694.064
ita,sex_f,age_10yrbands_total,ocu_skill_total,2012,824.221
ita,sex_f,age_10yrbands_total,ocu_skill_total,2013,935.566
ita,sex_f,age_10yrbands_total,ocu_skill_total,2014,941.26
ita,sex_f,age_10yrbands_total,ocu_skill_total,2015,1010.232
ita,sex_f,age_10yrbands_total,ocu_skill_total,2016,893.863
ita,sex_f,age_10yrbands_total,ocu_skill_total,2017,776.333
ita,sex_f,age_10yrbands_total,ocu_skill_total,2018,1001.715
ita,sex_f,age_10yrbands_total,ocu_skill_total,2019,1085.397
ita,sex_f,age_10yrbands_total,ocu_skill_total,2020,879.844
ita,sex_f,age_10yrbands_total,ocu_skill_total,2021,937.95
ita,sex_f,age_10yrbands_total,ocu_skill_total,2022,759.427
ita,sex_f,age_10yrbands_total,ocu_skill_total,2023,882.827
ita,sex_f,age_10yrbands_y15_24,ocu_skill_l1,2010,11.655
ita,sex_f,age_10yrbands_y15_24,ocu_skill_l1,2011,7.903
ita,sex_f,age_10yrbands_y15_24,ocu_skill_l1,2012,5.721
ita,sex_f,age_10yrbands_y15_24,ocu_skill_l1,2013,15.537
ita,sex_f,age_10yrbands_y15_24,ocu_skill_l1,2015,9.193
ita,sex_f,age_10yrbands_y15_24,ocu_skill_l1,2018,10.87
ita,sex_f,age_10yrbands_y15_24,ocu_skill_l1,2019,13.595
ita,sex_f,age_10yrbands_y15_24,ocu_skill_l1,2022,16.52
ita,sex_f,age_10yrbands_y15_24,ocu_skill_l2,2007,33.61
ita,sex_f,age_10yrbands_y15_24,ocu_skill_l2,2008,24.106
ita,sex_f,age_10yrbands_y15_24,ocu_skill_l2,2009,15.774
ita,sex_f,age_10yrbands_y15_24,ocu_skill_l2,2010,17.369
ita,sex_f,age_10yrbands_y15_24,ocu_skill_l2,2011,64.567
ita,sex_f,age_10yrbands_y15_24,ocu_skill_l2,2012,56.728
ita,sex_f,age_10yrbands_y15_24,ocu_skill_l2,2013,66.601
ita,sex_f,age_10yrbands_y15_24,ocu_skill_l2,2014,46.237
ita,sex_f,age_10yrbands_y15_24,ocu_skill_l2,2015,59.783
ita,sex_f,age_10yrbands_y15_24,ocu_skill_l2,2016,59.166
ita,sex_f,age_10yrbands_y15_24,ocu_skill_l2,2017,37.577
ita,sex_f,age_10yrbands_y15_24,ocu_skill_l2,2018,36.755
ita,sex_f,age_10yrbands_y15_24,ocu_skill_l2,2019,69.239
ita,sex_f,age_10yrbands_y15_24,ocu_skill_l2,2020,36.012
ita,sex_f,age_10yrbands_y15_24,ocu_skill_l2,2021,61.713
ita,sex_f,age_10yrbands_y15_24,ocu_skill_l2,2022,22.493
ita,sex_f,age_10yrbands_y15_24,ocu_skill_l2,2023,18.41
ita,sex_f,age_10yrbands_y15_24,ocu_skill_l3_4,2007,16.052
ita,sex_f,age_10yrbands_y15_24,ocu_skill_l3_4,2008,9.227
ita,sex_f,age_10yrbands_y15_24,ocu_skill_l3_4,2009,19.957
ita,sex_f,age_10yrbands_y15_24,ocu_skill_l3_4,2010,8.801
ita,sex_f,age_10yrbands_y15_24,ocu_skill_l3_4,2011,8.571
ita,sex_f,age_10yrbands_y15_24,ocu_skill_l3_4,2012,9.205
ita,sex_f,age_10yrbands_y15_24,ocu_skill_l3_4,2013,9.104
ita,sex_f,age_10yrbands_y15_24,ocu_skill_l3_4,2015,11.365
ita,sex_f,age_10yrbands_y15_24,ocu_skill_l3_4,2016,4.335
ita,sex_f,age_10yrbands_y15_24,ocu_skill_l3_4,2018,4.666
ita,sex_f,age_10yrbands_y15_24,ocu_skill_l3_4,2019,16.621
ita,sex_f,age_10yrbands_y15_24,ocu_skill_l3_4,2020,27.782
ita,sex_f,age_10yrbands_y15_24,ocu_skill_l3_4,2021,21.623
ita,sex_f,age_10yrbands_y15_24,ocu_skill_l3_4,2023,3.146
ita,sex_f,age_10yrbands_y15_24,ocu_skill_total,2007,56.356
ita,sex_f,age_10yrbands_y15_24,ocu_skill_total,2008,37.931
ita,sex_f,age_10yrbands_y15_24,ocu_skill_total,2009,38.125
ita,sex_f,age_10yrbands_y15_24,ocu_skill_total,2010,37.824
ita,sex_f,age_10yrbands_y15_24,ocu_skill_total,2011,81.041
ita,sex_f,age_10yrbands_y15_24,ocu_skill_total,2012,71.653
ita,sex_f,age_10yrbands_y15_24,ocu_skill_total,2013,91.243
ita,sex_f,age_10yrbands_y15_24,ocu_skill_total,2014,53.396
ita,sex_f,age_10yrbands_y15_24,ocu_skill_total,2015,80.341
ita,sex_f,age_10yrbands_y15_24,ocu_skill_total,2016,67.062
ita,sex_f,age_10yrbands_y15_24,ocu_skill_total,2017,40.522
ita,sex_f,age_10yrbands_y15_24,ocu_skill_total,2018,52.29
ita,sex_f,age_10yrbands_y15_24,ocu_skill_total,2019,99.454
ita,sex_f,age_10yrbands_y15_24,ocu_skill_total,2020,66.27
ita,sex_f,age_10yrbands_y15_24,ocu_skill_total,2021,99.486
ita,sex_f,age_10yrbands_y15_24,ocu_skill_total,2022,42.327
ita,sex_f,age_10yrbands_y15_24,ocu_skill_total,2023,21.556
ita,sex_f,age_10yrbands_y25_34,ocu_skill_l1,2008,4.764
ita,sex_f,age_10yrbands_y25_34,ocu_skill_l1,2011,37.215
ita,sex_f,age_10yrbands_y25_34,ocu_skill_l1,2012,57.935
ita,sex_f,age_10yrbands_y25_34,ocu_skill_l1,2013,41.121
ita,sex_f,age_10yrbands_y25_34,ocu_skill_l1,2014,70.294
ita,sex_f,age_10yrbands_y25_34,ocu_skill_l1,2015,58.181
ita,sex_f,age_10yrbands_y25_34,ocu_skill_l1,2016,16.268
ita,sex_f,age_10yrbands_y25_34,ocu_skill_l1,2017,27.141
ita,sex_f,age_10yrbands_y25_34,ocu_skill_l1,2018,56.541
ita,sex_f,age_10yrbands_y25_34,ocu_skill_l1,2019,52.666
ita,sex_f,age_10yrbands_y25_34,ocu_skill_l1,2020,66.31
ita,sex_f,age_10yrbands_y25_34,ocu_skill_l1,2021,49.662
ita,sex_f,age_10yrbands_y25_34,ocu_skill_l1,2022,41.914
ita,sex_f,age_10yrbands_y25_34,ocu_skill_l1,2023,37.655
ita,sex_f,age_10yrbands_y25_34,ocu_skill_l2,2007,16.689
ita,sex_f,age_10yrbands_y25_34,ocu_skill_l2,2008,27.437
ita,sex_f,age_10yrbands_y25_34,ocu_skill_l2,2009,22.909
ita,sex_f,age_10yrbands_y25_34,ocu_skill_l2,2010,19.76
ita,sex_f,age_10yrbands_y25_34,ocu_skill_l2,2011,85.626
ita,sex_f,age_10yrbands_y25_34,ocu_skill_l2,2012,100.391
ita,sex_f,age_10yrbands_y25_34,ocu_skill_l2,2013,98.352
ita,sex_f,age_10yrbands_y25_34,ocu_skill_l2,2014,108.795
ita,sex_f,age_10yrbands_y25_34,ocu_skill_l2,2015,104.83
ita,sex_f,age_10yrbands_y25_34,ocu_skill_l2,2016,90.557
ita,sex_f,age_10yrbands_y25_34,ocu_skill_l2,2017,81.309
ita,sex_f,age_10yrbands_y25_34,ocu_skill_l2,2018,81.741
ita,sex_f,age_10yrbands_y25_34,ocu_skill_l2,2019,113.825
ita,sex_f,age_10yrbands_y25_34,ocu_skill_l2,2020,90.075
ita,sex_f,age_10yrbands_y25_34,ocu_skill_l2,2021,101.812
ita,sex_f,age_10yrbands_y25_34,ocu_skill_l2,2022,74.937
ita,sex_f,age_10yrbands_y25_34,ocu_skill_l2,2023,101.037
ita,sex_f,age_10yrbands_y25_34,ocu_skill_l3_4,2007,30.44
ita,sex_f,age_10yrbands_y25_34,ocu_skill_l3_4,2008,21.298
ita,sex_f,age_10yrbands_y25_34,ocu_skill_l3_4,2009,21.367
ita,sex_f,age_10yrbands_y25_34,ocu_skill_l3_4,2010,19.032
ita,sex_f,age_10yrbands_y25_34,ocu_skill_l3_4,2011,18.418
ita,sex_f,age_10yrbands_y25_34,ocu_skill_l3_4,2012,18.451
ita,sex_f,age_10yrbands_y25_34,ocu_skill_l3_4,2013,10.79
ita,sex_f,age_10yrbands_y25_34,ocu_skill_l3_4,2014,12.604
ita,sex_f,age_10yrbands_y25_34,ocu_skill_l3_4,2015,23.927
ita,sex_f,age_10yrbands_y25_34,ocu_skill_l3_4,2016,8.919
ita,sex_f,age_10yrbands_y25_34,ocu_skill_l3_4,2017,19.403
ita,sex_f,age_10yrbands_y25_34,ocu_skill_l3_4,2018,24.445
ita,sex_f,age_10yrbands_y25_34,ocu_skill_l3_4,2019,35.401
ita,sex_f,age_10yrbands_y25_34,ocu_skill_l3_4,2020,47.14
ita,sex_f,age_10yrbands_y25_34,ocu_skill_l3_4,2021,23.234
ita,sex_f,age_10yrbands_y25_34,ocu_skill_l3_4,2022,22.171
ita,sex_f,age_10yrbands_y25_34,ocu_skill_l3_4,2023,27.627
ita,sex_f,age_10yrbands_y25_34,ocu_skill_total,2007,52.652
ita,sex_f,age_10yrbands_y25_34,ocu_skill_total,2008,53.499
ita,sex_f,age_10yrbands_y25_34,ocu_skill_total,2009,48.845
ita,sex_f,age_10yrbands_y25_34,ocu_skill_total,2010,38.792
ita,sex_f,age_10yrbands_y25_34,ocu_skill_total,2011,141.259
ita,sex_f,age_10yrbands_y25_34,ocu_skill_total,2012,176.777
ita,sex_f,age_10yrbands_y25_34,ocu_skill_total,2013,150.263
ita,sex_f,age_10yrbands_y25_34,ocu_skill_total,2014,191.692
ita,sex_f,age_10yrbands_y25_34,ocu_skill_total,2015,186.939
ita,sex_f,age_10yrbands_y25_34,ocu_skill_total,2016,115.744
ita,sex_f,age_10yrbands_y25_34,ocu_skill_total,2017,127.854
ita,sex_f,age_10yrbands_y25_34,ocu_skill_total,2018,162.727
ita,sex_f,age_10yrbands_y25_34,ocu_skill_total,2019,201.892
ita,sex_f,age_10yrbands_y25_34,ocu_skill_total,2020,203.525
ita,sex_f,age_10yrbands_y25_34,ocu_skill_total,2021,174.708
ita,sex_f,age_10yrbands_y25_34,ocu_skill_total,2022,139.023
ita,sex_f,age_10yrbands_y25_34,ocu_skill_total,2023,166.319
ita,sex_f,age_10yrbands_y35_44,ocu_skill_l1,2007,7.309
ita,sex_f,age_10yrbands_y35_44,ocu_skill_l1,2009,10.167
ita,sex_f,age_10yrbands_y35_44,ocu_skill_l1,2010,9.625
ita,sex_f,age_10yrbands_y35_44,ocu_skill_l1,2011,92.74
ita,sex_f,age_10yrbands_y35_44,ocu_skill_l1,2012,121.415
ita,sex_f,age_10yrbands_y35_44,ocu_skill_l1,2013,101.686
ita,sex_f,age_10yrbands_y35_44,ocu_skill_l1,2014,111.716
ita,sex_f,age_10yrbands_y35_44,ocu_skill_l1,2015,121.51
ita,sex_f,age_10yrbands_y35_44,ocu_skill_l1,2016,123.986
ita,sex_f,age_10yrbands_y35_44,ocu_skill_l1,2017,76.008
ita,sex_f,age_10yrbands_y35_44,ocu_skill_l1,2018,150.471
ita,sex_f,age_10yrbands_y35_44,ocu_skill_l1,2019,146.368
ita,sex_f,age_10yrbands_y35_44,ocu_skill_l1,2020,98.597
ita,sex_f,age_10yrbands_y35_44,ocu_skill_l1,2021,109.165
ita,sex_f,age_10yrbands_y35_44,ocu_skill_l1,2022,76.209
ita,sex_f,age_10yrbands_y35_44,ocu_skill_l1,2023,95.069
ita,sex_f,age_10yrbands_y35_44,ocu_skill_l2,2007,29.282
ita,sex_f,age_10yrbands_y35_44,ocu_skill_l2,2008,23.616
ita,sex_f,age_10yrbands_y35_44,ocu_skill_l2,2009,20.314
ita,sex_f,age_10yrbands_y35_44,ocu_skill_l2,2010,25.295
ita,sex_f,age_10yrbands_y35_44,ocu_skill_l2,2011,120.273
ita,sex_f,age_10yrbands_y35_44,ocu_skill_l2,2012,128.367
ita,sex_f,age_10yrbands_y35_44,ocu_skill_l2,2013,135.304
ita,sex_f,age_10yrbands_y35_44,ocu_skill_l2,2014,124.49
ita,sex_f,age_10yrbands_y35_44,ocu_skill_l2,2015,150.833
ita,sex_f,age_10yrbands_y35_44,ocu_skill_l2,2016,146.238
ita,sex_f,age_10yrbands_y35_44,ocu_skill_l2,2017,136.262
ita,sex_f,age_10yrbands_y35_44,ocu_skill_l2,2018,129.689
ita,sex_f,age_10yrbands_y35_44,ocu_skill_l2,2019,104.077
ita,sex_f,age_10yrbands_y35_44,ocu_skill_l2,2020,75.551
ita,sex_f,age_10yrbands_y35_44,ocu_skill_l2,2021,74.47
ita,sex_f,age_10yrbands_y35_44,ocu_skill_l2,2022,83.497
ita,sex_f,age_10yrbands_y35_44,ocu_skill_l2,2023,87.615
ita,sex_f,age_10yrbands_y35_44,ocu_skill_l3_4,2007,14.749
ita,sex_f,age_10yrbands_y35_44,ocu_skill_l3_4,2008,12.463
ita,sex_f,age_10yrbands_y35_44,ocu_skill_l3_4,2009,5.049
ita,sex_f,age_10yrbands_y35_44,ocu_skill_l3_4,2010,13.33
ita,sex_f,age_10yrbands_y35_44,ocu_skill_l3_4,2011,10.703
ita,sex_f,age_10yrbands_y35_44,ocu_skill_l3_4,2012,9.535
ita,sex_f,age_10yrbands_y35_44,ocu_skill_l3_4,2013,6.134
ita,sex_f,age_10yrbands_y35_44,ocu_skill_l3_4,2014,4.615
ita,sex_f,age_10yrbands_y35_44,ocu_skill_l3_4,2016,9.058
ita,sex_f,age_10yrbands_y35_44,ocu_skill_l3_4,2018,12.972
ita,sex_f,age_10yrbands_y35_44,ocu_skill_l3_4,2021,6.783
ita,sex_f,age_10yrbands_y35_44,ocu_skill_l3_4,2022,16.238
ita,sex_f,age_10yrbands_y35_44,ocu_skill_l3_4,2023,6.23
ita,sex_f,age_10yrbands_y35_44,ocu_skill_total,2007,51.34
ita,sex_f,age_10yrbands_y35_44,ocu_skill_total,2008,40.636
ita,sex_f,age_10yrbands_y35_44,ocu_skill_total,2009,35.53
ita,sex_f,age_10yrbands_y35_44,ocu_skill_total,2010,48.249
ita,sex_f,age_10yrbands_y35_44,ocu_skill_total,2011,223.715
ita,sex_f,age_10yrbands_y35_44,ocu_skill_total,2012,259.317
ita,sex_f,age_10yrbands_y35_44,ocu_skill_total,2013,243.124
ita,sex_f,age_10yrbands_y35_44,ocu_skill_total,2014,240.821
ita,sex_f,age_10yrbands_y35_44,ocu_skill_total,2015,276.134
ita,sex_f,age_10yrbands_y35_44,ocu_skill_total,2016,279.283
ita,sex_f,age_10yrbands_y35_44,ocu_skill_total,2017,216.762
ita,sex_f,age_10yrbands_y35_44,ocu_skill_total,2018,293.132
ita,sex_f,age_10yrbands_y35_44,ocu_skill_total,2019,255.892
ita,sex_f,age_10yrbands_y35_44,ocu_skill_total,2020,184.832
ita,sex_f,age_10yrbands_y35_44,ocu_skill_total,2021,190.418
ita,sex_f,age_10yrbands_y35_44,ocu_skill_total,2022,175.944
ita,sex_f,age_10yrbands_y35_44,ocu_skill_total,2023,188.914
ita,sex_f,age_10yrbands_y45_54,ocu_skill_l1,2008,3.999
ita,sex_f,age_10yrbands_y45_54,ocu_skill_l1,2009,7.879
ita,sex_f,age_10yrbands_y45_54,ocu_skill_l1,2010,12.44
ita,sex_f,age_10yrbands_y45_54,ocu_skill_l1,2011,88.318
ita,sex_f,age_10yrbands_y45_54,ocu_skill_l1,2012,119.521
ita,sex_f,age_10yrbands_y45_54,ocu_skill_l1,2013,140.604
ita,sex_f,age_10yrbands_y45_54,ocu_skill_l1,2014,151.833
ita,sex_f,age_10yrbands_y45_54,ocu_skill_l1,2015,125.384
ita,sex_f,age_10yrbands_y45_54,ocu_skill_l1,2016,142.683
ita,sex_f,age_10yrbands_y45_54,ocu_skill_l1,2017,131.053
ita,sex_f,age_10yrbands_y45_54,ocu_skill_l1,2018,154.448
ita,sex_f,age_10yrbands_y45_54,ocu_skill_l1,2019,149.065
ita,sex_f,age_10yrbands_y45_54,ocu_skill_l1,2020,121.294
ita,sex_f,age_10yrbands_y45_54,ocu_skill_l1,2021,156.94
ita,sex_f,age_10yrbands_y45_54,ocu_skill_l1,2022,131.575
ita,sex_f,age_10yrbands_y45_54,ocu_skill_l1,2023,149.147
ita,sex_f,age_10yrbands_y45_54,ocu_skill_l2,2007,7.492
ita,sex_f,age_10yrbands_y45_54,ocu_skill_l2,2008,14.304
ita,sex_f,age_10yrbands_y45_54,ocu_skill_l2,2009,19.392
ita,sex_f,age_10yrbands_y45_54,ocu_skill_l2,2010,12.085
ita,sex_f,age_10yrbands_y45_54,ocu_skill_l2,2011,62.722
ita,sex_f,age_10yrbands_y45_54,ocu_skill_l2,2012,87.823
ita,sex_f,age_10yrbands_y45_54,ocu_skill_l2,2013,149.699
ita,sex_f,age_10yrbands_y45_54,ocu_skill_l2,2014,136.608
ita,sex_f,age_10yrbands_y45_54,ocu_skill_l2,2015,150.208
ita,sex_f,age_10yrbands_y45_54,ocu_skill_l2,2016,121.824
ita,sex_f,age_10yrbands_y45_54,ocu_skill_l2,2017,110.218
ita,sex_f,age_10yrbands_y45_54,ocu_skill_l2,2018,136.336
ita,sex_f,age_10yrbands_y45_54,ocu_skill_l2,2019,144.11
ita,sex_f,age_10yrbands_y45_54,ocu_skill_l2,2020,118.099
ita,sex_f,age_10yrbands_y45_54,ocu_skill_l2,2021,113.964
ita,sex_f,age_10yrbands_y45_54,ocu_skill_l2,2022,94.669
ita,sex_f,age_10yrbands_y45_54,ocu_skill_l2,2023,118.929
ita,sex_f,age_10yrbands_y45_54,ocu_skill_l3_4,2007,8.214
ita,sex_f,age_10yrbands_y45_54,ocu_skill_l3_4,2008,20.631
ita,sex_f,age_10yrbands_y45_54,ocu_skill_l3_4,2009,19.593
ita,sex_f,age_10yrbands_y45_54,ocu_skill_l3_4,2010,10.785
ita,sex_f,age_10yrbands_y45_54,ocu_skill_l3_4,2011,6.959
ita,sex_f,age_10yrbands_y45_54,ocu_skill_l3_4,2012,5.911
ita,sex_f,age_10yrbands_y45_54,ocu_skill_l3_4,2013,6.861
ita,sex_f,age_10yrbands_y45_54,ocu_skill_l3_4,2019,14.199
ita,sex_f,age_10yrbands_y45_54,ocu_skill_l3_4,2020,9.808
ita,sex_f,age_10yrbands_y45_54,ocu_skill_l3_4,2021,9.154
ita,sex_f,age_10yrbands_y45_54,ocu_skill_l3_4,2023,7.758
ita,sex_f,age_10yrbands_y45_54,ocu_skill_total,2007,19.292
ita,sex_f,age_10yrbands_y45_54,ocu_skill_total,2008,38.934
ita,sex_f,age_10yrbands_y45_54,ocu_skill_total,2009,46.864
ita,sex_f,age_10yrbands_y45_54,ocu_skill_total,2010,35.311
ita,sex_f,age_10yrbands_y45_54,ocu_skill_total,2011,157.999
ita,sex_f,age_10yrbands_y45_54,ocu_skill_total,2012,213.255
ita,sex_f,age_10yrbands_y45_54,ocu_skill_total,2013,297.164
ita,sex_f,age_10yrbands_y45_54,ocu_skill_total,2014,291.599
ita,sex_f,age_10yrbands_y45_54,ocu_skill_total,2015,277.611
ita,sex_f,age_10yrbands_y45_54,ocu_skill_total,2016,267.736
ita,sex_f,age_10yrbands_y45_54,ocu_skill_total,2017,241.616
ita,sex_f,age_10yrbands_y45_54,ocu_skill_total,2018,296.474
ita,sex_f,age_10yrbands_y45_54,ocu_skill_total,2019,307.374
ita,sex_f,age_10yrbands_y45_54,ocu_skill_total,2020,249.201
ita,sex_f,age_10yrbands_y45_54,ocu_skill_total,2021,280.058
ita,sex_f,age_10yrbands_y45_54,ocu_skill_total,2022,227.07
ita,sex_f,age_10yrbands_y45_54,ocu_skill_total,2023,275.834
ita,sex_f,age_10yrbands_y55_64,ocu_skill_l1,2011,23.631
ita,sex_f,age_10yrbands_y55_64,ocu_skill_l1,2012,50.662
ita,sex_f,age_10yrbands_y55_64,ocu_skill_l1,2013,56.124
ita,sex_f,age_10yrbands_y55_64,ocu_skill_l1,2014,60.499
ita,sex_f,age_10yrbands_y55_64,ocu_skill_l1,2015,63.156
ita,sex_f,age_10yrbands_y55_64,ocu_skill_l1,2016,63.486
ita,sex_f,age_10yrbands_y55_64,ocu_skill_l1,2017,47.522
ita,sex_f,age_10yrbands_y55_64,ocu_skill_l1,2018,84.17
ita,sex_f,age_10yrbands_y55_64,ocu_skill_l1,2019,105.414
ita,sex_f,age_10yrbands_y55_64,ocu_skill_l1,2020,74.012
ita,sex_f,age_10yrbands_y55_64,ocu_skill_l1,2021,89.53
ita,sex_f,age_10yrbands_y55_64,ocu_skill_l1,2022,71.417
ita,sex_f,age_10yrbands_y55_64,ocu_skill_l1,2023,115.76
ita,sex_f,age_10yrbands_y55_64,ocu_skill_l2,2008,8.416
ita,sex_f,age_10yrbands_y55_64,ocu_skill_l2,2011,50.144
ita,sex_f,age_10yrbands_y55_64,ocu_skill_l2,2012,38.025
ita,sex_f,age_10yrbands_y55_64,ocu_skill_l2,2013,70.899
ita,sex_f,age_10yrbands_y55_64,ocu_skill_l2,2014,83.44
ita,sex_f,age_10yrbands_y55_64,ocu_skill_l2,2015,104.82
ita,sex_f,age_10yrbands_y55_64,ocu_skill_l2,2016,84.02
ita,sex_f,age_10yrbands_y55_64,ocu_skill_l2,2017,86.11
ita,sex_f,age_10yrbands_y55_64,ocu_skill_l2,2018,79.606
ita,sex_f,age_10yrbands_y55_64,ocu_skill_l2,2019,73.584
ita,sex_f,age_10yrbands_y55_64,ocu_skill_l2,2020,80.152
ita,sex_f,age_10yrbands_y55_64,ocu_skill_l2,2021,61.738
ita,sex_f,age_10yrbands_y55_64,ocu_skill_l2,2022,78.13
ita,sex_f,age_10yrbands_y55_64,ocu_skill_l2,2023,81.408
ita,sex_f,age_10yrbands_y55_64,ocu_skill_l3_4,2009,4.212
ita,sex_f,age_10yrbands_y55_64,ocu_skill_l3_4,2018,5.574
ita,sex_f,age_10yrbands_y55_64,ocu_skill_l3_4,2019,6.641
ita,sex_f,age_10yrbands_y55_64,ocu_skill_l3_4,2021,14.948
ita,sex_f,age_10yrbands_y55_64,ocu_skill_l3_4,2022,5.282
ita,sex_f,age_10yrbands_y55_64,ocu_skill_l3_4,2023,6.415
ita,sex_f,age_10yrbands_y55_64,ocu_skill_total,2007,9.738
ita,sex_f,age_10yrbands_y55_64,ocu_skill_total,2008,13.976
ita,sex_f,age_10yrbands_y55_64,ocu_skill_total,2009,9.388
ita,sex_f,age_10yrbands_y55_64,ocu_skill_total,2010,5.2
ita,sex_f,age_10yrbands_y55_64,ocu_skill_total,2011,79.119
ita,sex_f,age_10yrbands_y55_64,ocu_skill_total,2012,92.763
ita,sex_f,age_10yrbands_y55_64,ocu_skill_total,2013,129.79
ita,sex_f,age_10yrbands_y55_64,ocu_skill_total,2014,145.913
ita,sex_f,age_10yrbands_y55_64,ocu_skill_total,2015,169.196
ita,sex_f,age_10yrbands_y55_64,ocu_skill_total,2016,150.647
ita,sex_f,age_10yrbands_y55_64,ocu_skill_total,2017,133.633
ita,sex_f,age_10yrbands_y55_64,ocu_skill_total,2018,169.35
ita,sex_f,age_10yrbands_y55_64,ocu_skill_total,2019,185.638
ita,sex_f,age_10yrbands_y55_64,ocu_skill_total,2020,154.624
ita,sex_f,age_10yrbands_y55_64,ocu_skill_total,2021,166.216
ita,sex_f,age_10yrbands_y55_64,ocu_skill_total,2022,154.829
ita,sex_f,age_10yrbands_y55_64,ocu_skill_total,2023,203.584
ita,sex_f,age_10yrbands_yge65,ocu_skill_l1,2017,5.388
ita,sex_f,age_10yrbands_yge65,ocu_skill_l1,2018,11.042
ita,sex_f,age_10yrbands_yge65,ocu_skill_l1,2019,17.805
ita,sex_f,age_10yrbands_yge65,ocu_skill_l1,2020,6.542
ita,sex_f,age_10yrbands_yge65,ocu_skill_l1,2021,12.189
ita,sex_f,age_10yrbands_yge65,ocu_skill_l1,2022,13.889
ita,sex_f,age_10yrbands_yge65,ocu_skill_l1,2023,22.021
ita,sex_f,age_10yrbands_yge65,ocu_skill_l2,2011,7.608
ita,sex_f,age_10yrbands_yge65,ocu_skill_l2,2012,3.685
ita,sex_f,age_10yrbands_yge65,ocu_skill_l2,2013,20.092
ita,sex_f,age_10yrbands_yge65,ocu_skill_l2,2014,10.2
ita,sex_f,age_10yrbands_yge65,ocu_skill_l2,2015,13.737
ita,sex_f,age_10yrbands_yge65,ocu_skill_l2,2016,6.684
ita,sex_f,age_10yrbands_yge65,ocu_skill_l2,2017,10.557
ita,sex_f,age_10yrbands_yge65,ocu_skill_l2,2018,16.112
ita,sex_f,age_10yrbands_yge65,ocu_skill_l2,2019,17.342
ita,sex_f,age_10yrbands_yge65,ocu_skill_l2,2020,14.85
ita,sex_f,age_10yrbands_yge65,ocu_skill_l2,2021,14.346
ita,sex_f,age_10yrbands_yge65,ocu_skill_l2,2022,6.344
ita,sex_f,age_10yrbands_yge65,ocu_skill_l2,2023,4.599
ita,sex_f,age_10yrbands_yge65,ocu_skill_total,2008,7.512
ita,sex_f,age_10yrbands_yge65,ocu_skill_total,2009,1.969
ita,sex_f,age_10yrbands_yge65,ocu_skill_total,2011,10.931
ita,sex_f,age_10yrbands_yge65,ocu_skill_total,2012,10.455
ita,sex_f,age_10yrbands_yge65,ocu_skill_total,2013,23.983
ita,sex_f,age_10yrbands_yge65,ocu_skill_total,2014,17.838
ita,sex_f,age_10yrbands_yge65,ocu_skill_total,2015,20.012
ita,sex_f,age_10yrbands_yge65,ocu_skill_total,2016,13.392
ita,sex_f,age_10yrbands_yge65,ocu_skill_total,2017,15.945
ita,sex_f,age_10yrbands_yge65,ocu_skill_total,2018,27.741
ita,sex_f,age_10yrbands_yge65,ocu_skill_total,2019,35.146
ita,sex_f,age_10yrbands_yge65,ocu_skill_total,2020,21.392
ita,sex_f,age_10yrbands_yge65,ocu_skill_total,2021,27.064
ita,sex_f,age_10yrbands_yge65,ocu_skill_total,2022,20.233
ita,sex_f,age_10yrbands_yge65,ocu_skill_total,2023,26.62
ita,sex_f,age_aggregate_total,ocu_isco08_1,2011,8.127
ita,sex_f,age_aggregate_total,ocu_isco08_1,2012,16.492
ita,sex_f,age_aggregate_total,ocu_isco08_1,2013,4.725
ita,sex_f,age_aggregate_total,ocu_isco08_1,2014,4.031
ita,sex_f,age_aggregate_total,ocu_isco08_1,2016,7.279
ita,sex_f,age_aggregate_total,ocu_isco08_1,2021,11.452
ita,sex_f,age_aggregate_total,ocu_isco08_1,2023,7.51
ita,sex_f,age_aggregate_total,ocu_isco08_2,2011,17.099
ita,sex_f,age_aggregate_total,ocu_isco08_2,2012,21.375
ita,sex_f,age_aggregate_total,ocu_isco08_2,2013,19.176
ita,sex_f,age_aggregate_total,ocu_isco08_2,2014,14.541
ita,sex_f,age_aggregate_total,ocu_isco08_2,2015,15.715
ita,sex_f,age_aggregate_total,ocu_isco08_2,2016,7.584
ita,sex_f,age_aggregate_total,ocu_isco08_2,2017,16.1
ita,sex_f,age_aggregate_total,ocu_isco08_2,2018,31.588
ita,sex_f,age_aggregate_total,ocu_isco08_2,2019,50.459
ita,sex_f,age_aggregate_total,ocu_isco08_2,2020,41.752
ita,sex_f,age_aggregate_total,ocu_isco08_2,2021,20.158
ita,sex_f,age_aggregate_total,ocu_isco08_2,2022,25.556
ita,sex_f,age_aggregate_total,ocu_isco08_2,2023,31.898
ita,sex_f,age_aggregate_total,ocu_isco08_3,2011,25.113
ita,sex_f,age_aggregate_total,ocu_isco08_3,2012,13.315
ita,sex_f,age_aggregate_total,ocu_isco08_3,2013,15.645
ita,sex_f,age_aggregate_total,ocu_isco08_3,2014,9.035
ita,sex_f,age_aggregate_total,ocu_isco08_3,2015,20.362
ita,sex_f,age_aggregate_total,ocu_isco08_3,2016,14.311
ita,sex_f,age_aggregate_total,ocu_isco08_3,2018,18.785
ita,sex_f,age_aggregate_total,ocu_isco08_3,2019,18.956
ita,sex_f,age_aggregate_total,ocu_isco08_3,2020,53.558
ita,sex_f,age_aggregate_total,ocu_isco08_3,2021,44.661
ita,sex_f,age_aggregate_total,ocu_isco08_3,2022,21.07
ita,sex_f,age_aggregate_total,ocu_isco08_3,2023,11.768
ita,sex_f,age_aggregate_total,ocu_isco08_4,2011,22.658
ita,sex_f,age_aggregate_total,ocu_isco08_4,2012,11.879
ita,sex_f,age_aggregate_total,ocu_isco08_4,2013,9.499
ita,sex_f,age_aggregate_total,ocu_isco08_4,2014,8.327
ita,sex_f,age_aggregate_total,ocu_isco08_4,2015,14.014
ita,sex_f,age_aggregate_total,ocu_isco08_4,2016,14.899
ita,sex_f,age_aggregate_total,ocu_isco08_4,2017,11.879
ita,sex_f,age_aggregate_total,ocu_isco08_4,2018,20.207
ita,sex_f,age_aggregate_total,ocu_isco08_4,2019,23.411
ita,sex_f,age_aggregate_total,ocu_isco08_4,2020,17.255
ita,sex_f,age_aggregate_total,ocu_isco08_4,2021,18.814
ita,sex_f,age_aggregate_total,ocu_isco08_4,2022,15.196
ita,sex_f,age_aggregate_total,ocu_isco08_4,2023,10.278
ita,sex_f,age_aggregate_total,ocu_isco08_5,2011,350.334
ita,sex_f,age_aggregate_total,ocu_isco08_5,2012,394.176
ita,sex_f,age_aggregate_total,ocu_isco08_5,2013,518.574
ita,sex_f,age_aggregate_total,ocu_isco08_5,2014,484.305
ita,sex_f,age_aggregate_total,ocu_isco08_5,2015,559.137
ita,sex_f,age_aggregate_total,ocu_isco08_5,2016,473.255
ita,sex_f,age_aggregate_total,ocu_isco08_5,2017,442.783
ita,sex_f,age_aggregate_total,ocu_isco08_5,2018,449.263
ita,sex_f,age_aggregate_total,ocu_isco08_5,2019,470.937
ita,sex_f,age_aggregate_total,ocu_isco08_5,2020,380.299
ita,sex_f,age_aggregate_total,ocu_isco08_5,2021,378.847
ita,sex_f,age_aggregate_total,ocu_isco08_5,2022,336.101
ita,sex_f,age_aggregate_total,ocu_isco08_5,2023,388.616
ita,sex_f,age_aggregate_total,ocu_isco08_6,2011,5.864
ita,sex_f,age_aggregate_total,ocu_isco08_6,2012,6.441
ita,sex_f,age_aggregate_total,ocu_isco08_6,2013,8.868
ita,sex_f,age_aggregate_total,ocu_isco08_6,2014,8.17
ita,sex_f,age_aggregate_total,ocu_isco08_6,2015,7.003
ita,sex_f,age_aggregate_total,ocu_isco08_6,2016,11.892
ita,sex_f,age_aggregate_total,ocu_isco08_6,2019,8.147
ita,sex_f,age_aggregate_total,ocu_isco08_6,2021,5.106
ita,sex_f,age_aggregate_total,ocu_isco08_7,2011,8.96
ita,sex_f,age_aggregate_total,ocu_isco08_7,2014,8.968
ita,sex_f,age_aggregate_total,ocu_isco08_7,2016,7.983
ita,sex_f,age_aggregate_total,ocu_isco08_7,2018,5.083
ita,sex_f,age_aggregate_total,ocu_isco08_7,2019,12.537
ita,sex_f,age_aggregate_total,ocu_isco08_7,2021,12.746
ita,sex_f,age_aggregate_total,ocu_isco08_7,2022,5.441
ita,sex_f,age_aggregate_total,ocu_isco08_7,2023,9.687
ita,sex_f,age_aggregate_total,ocu_isco08_8,2017,4.604
ita,sex_f,age_aggregate_total,ocu_isco08_8,2019,7.144
ita,sex_f,age_aggregate_total,ocu_isco08_8,2021,12.529
ita,sex_f,age_aggregate_total,ocu_isco08_9,2011,252.786
ita,sex_f,age_aggregate_total,ocu_isco08_9,2012,358.02
ita,sex_f,age_aggregate_total,ocu_isco08_9,2013,355.072
ita,sex_f,age_aggregate_total,ocu_isco08_9,2014,403.883
ita,sex_f,age_aggregate_total,ocu_isco08_9,2015,382.113
ita,sex_f,age_aggregate_total,ocu_isco08_9,2016,356.201
ita,sex_f,age_aggregate_total,ocu_isco08_9,2017,288.82
ita,sex_f,age_aggregate_total,ocu_isco08_9,2018,467.542
ita,sex_f,age_aggregate_total,ocu_isco08_9,2019,484.912
ita,sex_f,age_aggregate_total,ocu_isco08_9,2020,369.232
ita,sex_f,age_aggregate_total,ocu_isco08_9,2021,433.636
ita,sex_f,age_aggregate_total,ocu_isco08_9,2022,351.524
ita,sex_f,age_aggregate_total,ocu_isco08_9,2023,419.653
ita,sex_f,age_aggregate_total,ocu_isco08_total,2011,694.064
ita,sex_f,age_aggregate_total,ocu_isco08_total,2012,824.221
ita,sex_f,age_aggregate_total,ocu_isco08_total,2013,935.566
ita,sex_f,age_aggregate_total,ocu_isco08_total,2014,941.26
ita,sex_f,age_aggregate_total,ocu_isco08_total,2015,1010.232
ita,sex_f,age_aggregate_total,ocu_isco08_total,2016,893.863
ita,sex_f,age_aggregate_total,ocu_isco08_total,2017,776.333
ita,sex_f,age_aggregate_total,ocu_isco08_total,2018,1001.715
ita,sex_f,age_aggregate_total,ocu_isco08_total,2019,1085.397
ita,sex_f,age_aggregate_total,ocu_isco08_total,2020,879.844
ita,sex_f,age_aggregate_total,ocu_isco08_total,2021,937.95
ita,sex_f,age_aggregate_total,ocu_isco08_total,2022,759.427
ita,sex_f,age_aggregate_total,ocu_isco08_total,2023,882.827
ita,sex_f,age_aggregate_total,ocu_isco88_1,2007,27.205
ita,sex_f,age_aggregate_total,ocu_isco88_1,2008,31.428
ita,sex_f,age_aggregate_total,ocu_isco88_1,2009,29.948
ita,sex_f,age_aggregate_total,ocu_isco88_1,2010,29.147
ita,sex_f,age_aggregate_total,ocu_isco88_2,2007,13.713
ita,sex_f,age_aggregate_total,ocu_isco88_2,2008,18.934
ita,sex_f,age_aggregate_total,ocu_isco88_2,2009,18.076
ita,sex_f,age_aggregate_total,ocu_isco88_2,2010,16.172
ita,sex_f,age_aggregate_total,ocu_isco88_3,2007,33.006
ita,sex_f,age_aggregate_total,ocu_isco88_3,2008,20.302
ita,sex_f,age_aggregate_total,ocu_isco88_3,2009,22.375
ita,sex_f,age_aggregate_total,ocu_isco88_3,2010,10.536
ita,sex_f,age_aggregate_total,ocu_isco88_4,2007,20.522
ita,sex_f,age_aggregate_total,ocu_isco88_4,2008,20.166
ita,sex_f,age_aggregate_total,ocu_isco88_4,2009,14.694
ita,sex_f,age_aggregate_total,ocu_isco88_4,2010,9.593
ita,sex_f,age_aggregate_total,ocu_isco88_5,2007,44.572
ita,sex_f,age_aggregate_total,ocu_isco88_5,2008,43.402
ita,sex_f,age_aggregate_total,ocu_isco88_5,2009,37.236
ita,sex_f,age_aggregate_total,ocu_isco88_5,2010,47.741
ita,sex_f,age_aggregate_total,ocu_isco88_6,2007,9.27
ita,sex_f,age_aggregate_total,ocu_isco88_6,2008,21.122
ita,sex_f,age_aggregate_total,ocu_isco88_6,2009,17.199
ita,sex_f,age_aggregate_total,ocu_isco88_6,2010,8.63
ita,sex_f,age_aggregate_total,ocu_isco88_7,2007,11.472
ita,sex_f,age_aggregate_total,ocu_isco88_7,2008,10.776
ita,sex_f,age_aggregate_total,ocu_isco88_7,2009,11.64
ita,sex_f,age_aggregate_total,ocu_isco88_7,2010,6.059
ita,sex_f,age_aggregate_total,ocu_isco88_8,2007,5.742
ita,sex_f,age_aggregate_total,ocu_isco88_8,2010,6.929
ita,sex_f,age_aggregate_total,ocu_isco88_9,2007,24.493
ita,sex_f,age_aggregate_total,ocu_isco88_9,2008,21.849
ita,sex_f,age_aggregate_total,ocu_isco88_9,2009,28.751
ita,sex_f,age_aggregate_total,ocu_isco88_9,2010,33.72
ita,sex_f,age_aggregate_total,ocu_isco88_total,2007,189.995
ita,sex_f,age_aggregate_total,ocu_isco88_total,2008,192.488
ita,sex_f,age_aggregate_total,ocu_isco88_total,2009,180.72
ita,sex_f,age_aggregate_total,ocu_isco88_total,2010,168.527
ita,sex_f,age_aggregate_total,ocu_skill_l1,2007,24.493
ita,sex_f,age_aggregate_total,ocu_skill_l1,2008,21.849
ita,sex_f,age_aggregate_total,ocu_skill_l1,2009,28.751
ita,sex_f,age_aggregate_total,ocu_skill_l1,2010,33.72
ita,sex_f,age_aggregate_total,ocu_skill_l1,2011,252.786
ita,sex_f,age_aggregate_total,ocu_skill_l1,2012,358.02
ita,sex_f,age_aggregate_total,ocu_skill_l1,2013,355.072
ita,sex_f,age_aggregate_total,ocu_skill_l1,2014,403.883
ita,sex_f,age_aggregate_total,ocu_skill_l1,2015,382.113
ita,sex_f,age_aggregate_total,ocu_skill_l1,2016,356.201
ita,sex_f,age_aggregate_total,ocu_skill_l1,2017,288.82
ita,sex_f,age_aggregate_total,ocu_skill_l1,2018,467.542
ita,sex_f,age_aggregate_total,ocu_skill_l1,2019,484.912
ita,sex_f,age_aggregate_total,ocu_skill_l1,2020,369.232
ita,sex_f,age_aggregate_total,ocu_skill_l1,2021,433.636
ita,sex_f,age_aggregate_total,ocu_skill_l1,2022,351.524
ita,sex_f,age_aggregate_total,ocu_skill_l1,2023,419.653
ita,sex_f,age_aggregate_total,ocu_skill_l2,2007,91.578
ita,sex_f,age_aggregate_total,ocu_skill_l2,2008,99.975
ita,sex_f,age_aggregate_total,ocu_skill_l2,2009,81.57
ita,sex_f,age_aggregate_total,ocu_skill_l2,2010,78.951
ita,sex_f,age_aggregate_total,ocu_skill_l2,2011,390.939
ita,sex_f,age_aggregate_total,ocu_skill_l2,2012,415.018
ita,sex_f,age_aggregate_total,ocu_skill_l2,2013,540.948
ita,sex_f,age_aggregate_total,ocu_skill_l2,2014,509.77
ita,sex_f,age_aggregate_total,ocu_skill_l2,2015,584.212
ita,sex_f,age_aggregate_total,ocu_skill_l2,2016,508.489
ita,sex_f,age_aggregate_total,ocu_skill_l2,2017,462.033
ita,sex_f,age_aggregate_total,ocu_skill_l2,2018,480.238
ita,sex_f,age_aggregate_total,ocu_skill_l2,2019,522.176
ita,sex_f,age_aggregate_total,ocu_skill_l2,2020,414.738
ita,sex_f,age_aggregate_total,ocu_skill_l2,2021,428.042
ita,sex_f,age_aggregate_total,ocu_skill_l2,2022,360.07
ita,sex_f,age_aggregate_total,ocu_skill_l2,2023,411.998
ita,sex_f,age_aggregate_total,ocu_skill_l3_4,2007,73.924
ita,sex_f,age_aggregate_total,ocu_skill_l3_4,2008,70.664
ita,sex_f,age_aggregate_total,ocu_skill_l3_4,2009,70.399
ita,sex_f,age_aggregate_total,ocu_skill_l3_4,2010,55.856
ita,sex_f,age_aggregate_total,ocu_skill_l3_4,2011,50.34
ita,sex_f,age_aggregate_total,ocu_skill_l3_4,2012,51.183
ita,sex_f,age_aggregate_total,ocu_skill_l3_4,2013,39.546
ita,sex_f,age_aggregate_total,ocu_skill_l3_4,2014,27.607
ita,sex_f,age_aggregate_total,ocu_skill_l3_4,2015,43.907
ita,sex_f,age_aggregate_total,ocu_skill_l3_4,2016,29.174
ita,sex_f,age_aggregate_total,ocu_skill_l3_4,2017,25.48
ita,sex_f,age_aggregate_total,ocu_skill_l3_4,2018,53.934
ita,sex_f,age_aggregate_total,ocu_skill_l3_4,2019,78.309
ita,sex_f,age_aggregate_total,ocu_skill_l3_4,2020,95.874
ita,sex_f,age_aggregate_total,ocu_skill_l3_4,2021,76.271
ita,sex_f,age_aggregate_total,ocu_skill_l3_4,2022,47.832
ita,sex_f,age_aggregate_total,ocu_skill_l3_4,2023,51.176
ita,sex_f,age_aggregate_total,ocu_skill_total,2007,189.995
ita,sex_f,age_aggregate_total,ocu_skill_total,2008,192.488
ita,sex_f,age_aggregate_total,ocu_skill_total,2009,180.72
ita,sex_f,age_aggregate_total,ocu_skill_total,2010,168.527
ita,sex_f,age_aggregate_total,ocu_skill_total,2011,694.064
ita,sex_f,age_aggregate_total,ocu_skill_total,2012,824.221
ita,sex_f,age_aggregate_total,ocu_skill_total,2013,935.566
ita,sex_f,age_aggregate_total,ocu_skill_total,2014,941.26
ita,sex_f,age_aggregate_total,ocu_skill_total,2015,1010.232
ita,sex_f,age_aggregate_total,ocu_skill_total,2016,893.863
ita,sex_f,age_aggregate_total,ocu_skill_total,2017,776.333
ita,sex_f,age_aggregate_total,ocu_skill_total,2018,1001.715
ita,sex_f,age_aggregate_total,ocu_skill_total,2019,1085.397
ita,sex_f,age_aggregate_total,ocu_skill_total,2020,879.844
ita,sex_f,age_aggregate_total,ocu_skill_total,2021,937.95
ita,sex_f,age_aggregate_total,ocu_skill_total,2022,759.427
ita,sex_f,age_aggregate_total,ocu_skill_total,2023,882.827
ita,sex_f,age_aggregate_y15_24,ocu_isco08_2,2012,4.133
ita,sex_f,age_aggregate_y15_24,ocu_isco08_2,2019,9.501
ita,sex_f,age_aggregate_y15_24,ocu_isco08_3,2011,4.188
ita,sex_f,age_aggregate_y15_24,ocu_isco08_3,2013,5.193
ita,sex_f,age_aggregate_y15_24,ocu_isco08_3,2015,8.188
ita,sex_f,age_aggregate_y15_24,ocu_isco08_3,2016,4.335
ita,sex_f,age_aggregate_y15_24,ocu_isco08_3,2019,7.12
ita,sex_f,age_aggregate_y15_24,ocu_isco08_3,2020,15.956
ita,sex_f,age_aggregate_y15_24,ocu_isco08_3,2021,17.081
ita,sex_f,age_aggregate_y15_24,ocu_isco08_4,2011,10.702
ita,sex_f,age_aggregate_y15_24,ocu_isco08_4,2018,8.505
ita,sex_f,age_aggregate_y15_24,ocu_isco08_5,2011,51.143
ita,sex_f,age_aggregate_y15_24,ocu_isco08_5,2012,51.44
ita,sex_f,age_aggregate_y15_24,ocu_isco08_5,2013,59.731
ita,sex_f,age_aggregate_y15_24,ocu_isco08_5,2014,44.596
ita,sex_f,age_aggregate_y15_24,ocu_isco08_5,2015,49.261
ita,sex_f,age_aggregate_y15_24,ocu_isco08_5,2016,52.738
ita,sex_f,age_aggregate_y15_24,ocu_isco08_5,2017,35.097
ita,sex_f,age_aggregate_y15_24,ocu_isco08_5,2018,26.857
ita,sex_f,age_aggregate_y15_24,ocu_isco08_5,2019,62.654
ita,sex_f,age_aggregate_y15_24,ocu_isco08_5,2020,35.119
ita,sex_f,age_aggregate_y15_24,ocu_isco08_5,2021,50.649
ita,sex_f,age_aggregate_y15_24,ocu_isco08_5,2022,20.211
ita,sex_f,age_aggregate_y15_24,ocu_isco08_5,2023,18.026
ita,sex_f,age_aggregate_y15_24,ocu_isco08_9,2011,7.903
ita,sex_f,age_aggregate_y15_24,ocu_isco08_9,2012,5.721
ita,sex_f,age_aggregate_y15_24,ocu_isco08_9,2013,15.537
ita,sex_f,age_aggregate_y15_24,ocu_isco08_9,2015,9.193
ita,sex_f,age_aggregate_y15_24,ocu_isco08_9,2018,10.87
ita,sex_f,age_aggregate_y15_24,ocu_isco08_9,2019,13.595
ita,sex_f,age_aggregate_y15_24,ocu_isco08_9,2022,16.52
ita,sex_f,age_aggregate_y15_24,ocu_isco08_total,2011,81.041
ita,sex_f,age_aggregate_y15_24,ocu_isco08_total,2012,71.653
ita,sex_f,age_aggregate_y15_24,ocu_isco08_total,2013,91.243
ita,sex_f,age_aggregate_y15_24,ocu_isco08_total,2014,53.396
ita,sex_f,age_aggregate_y15_24,ocu_isco08_total,2015,80.341
ita,sex_f,age_aggregate_y15_24,ocu_isco08_total,2016,67.062
ita,sex_f,age_aggregate_y15_24,ocu_isco08_total,2017,40.522
ita,sex_f,age_aggregate_y15_24,ocu_isco08_total,2018,52.29
ita,sex_f,age_aggregate_y15_24,ocu_isco08_total,2019,99.454
ita,sex_f,age_aggregate_y15_24,ocu_isco08_total,2020,66.27
ita,sex_f,age_aggregate_y15_24,ocu_isco08_total,2021,99.486
ita,sex_f,age_aggregate_y15_24,ocu_isco08_total,2022,42.327
ita,sex_f,age_aggregate_y15_24,ocu_isco08_total,2023,21.556
ita,sex_f,age_aggregate_y15_24,ocu_isco88_3,2007,8.833
ita,sex_f,age_aggregate_y15_24,ocu_isco88_3,2008,5.664
ita,sex_f,age_aggregate_y15_24,ocu_isco88_3,2009,11.092
ita,sex_f,age_aggregate_y15_24,ocu_isco88_3,2010,4.161
ita,sex_f,age_aggregate_y15_24,ocu_isco88_4,2007,13.154
ita,sex_f,age_aggregate_y15_24,ocu_isco88_4,2008,6.793
ita,sex_f,age_aggregate_y15_24,ocu_isco88_4,2010,5.609
ita,sex_f,age_aggregate_y15_24,ocu_isco88_5,2007,19.465
ita,sex_f,age_aggregate_y15_24,ocu_isco88_5,2008,13.908
ita,sex_f,age_aggregate_y15_24,ocu_isco88_5,2009,8.713
ita,sex_f,age_aggregate_y15_24,ocu_isco88_5,2010,9.797
ita,sex_f,age_aggregate_y15_24,ocu_isco88_7,2007,0
ita,sex_f,age_aggregate_y15_24,ocu_isco88_9,2010,11.655
ita,sex_f,age_aggregate_y15_24,ocu_isco88_total,2007,56.356
ita,sex_f,age_aggregate_y15_24,ocu_isco88_total,2008,37.931
ita,sex_f,age_aggregate_y15_24,ocu_isco88_total,2009,38.125
ita,sex_f,age_aggregate_y15_24,ocu_isco88_total,2010,37.824
ita,sex_f,age_aggregate_y15_24,ocu_skill_l1,2010,11.655
ita,sex_f,age_aggregate_y15_24,ocu_skill_l1,2011,7.903
ita,sex_f,age_aggregate_y15_24,ocu_skill_l1,2012,5.721
ita,sex_f,age_aggregate_y15_24,ocu_skill_l1,2013,15.537
ita,sex_f,age_aggregate_y15_24,ocu_skill_l1,2015,9.193
ita,sex_f,age_aggregate_y15_24,ocu_skill_l1,2018,10.87
ita,sex_f,age_aggregate_y15_24,ocu_skill_l1,2019,13.595
ita,sex_f,age_aggregate_y15_24,ocu_skill_l1,2022,16.52
ita,sex_f,age_aggregate_y15_24,ocu_skill_l2,2007,33.61
ita,sex_f,age_aggregate_y15_24,ocu_skill_l2,2008,24.106
ita,sex_f,age_aggregate_y15_24,ocu_skill_l2,2009,15.774
ita,sex_f,age_aggregate_y15_24,ocu_skill_l2,2010,17.369
ita,sex_f,age_aggregate_y15_24,ocu_skill_l2,2011,64.567
ita,sex_f,age_aggregate_y15_24,ocu_skill_l2,2012,56.728
ita,sex_f,age_aggregate_y15_24,ocu_skill_l2,2013,66.601
ita,sex_f,age_aggregate_y15_24,ocu_skill_l2,2014,46.237
ita,sex_f,age_aggregate_y15_24,ocu_skill_l2,2015,59.783
ita,sex_f,age_aggregate_y15_24,ocu_skill_l2,2016,59.166
ita,sex_f,age_aggregate_y15_24,ocu_skill_l2,2017,37.577
ita,sex_f,age_aggregate_y15_24,ocu_skill_l2,2018,36.755
ita,sex_f,age_aggregate_y15_24,ocu_skill_l2,2019,69.239
ita,sex_f,age_aggregate_y15_24,ocu_skill_l2,2020,36.012
ita,sex_f,age_aggregate_y15_24,ocu_skill_l2,2021,61.713
ita,sex_f,age_aggregate_y15_24,ocu_skill_l2,2022,22.493
ita,sex_f,age_aggregate_y15_24,ocu_skill_l2,2023,18.41
ita,sex_f,age_aggregate_y15_24,ocu_skill_l3_4,2007,16.052
ita,sex_f,age_aggregate_y15_24,ocu_skill_l3_4,2008,9.227
ita,sex_f,age_aggregate_y15_24,ocu_skill_l3_4,2009,19.957
ita,sex_f,age_aggregate_y15_24,ocu_skill_l3_4,2010,8.801
ita,sex_f,age_aggregate_y15_24,ocu_skill_l3_4,2011,8.571
ita,sex_f,age_aggregate_y15_24,ocu_skill_l3_4,2012,9.205
ita,sex_f,age_aggregate_y15_24,ocu_skill_l3_4,2013,9.104
ita,sex_f,age_aggregate_y15_24,ocu_skill_l3_4,2015,11.365
ita,sex_f,age_aggregate_y15_24,ocu_skill_l3_4,2016,4.335
ita,sex_f,age_aggregate_y15_24,ocu_skill_l3_4,2018,4.666
ita,sex_f,age_aggregate_y15_24,ocu_skill_l3_4,2019,16.621
ita,sex_f,age_aggregate_y15_24,ocu_skill_l3_4,2020,27.782
ita,sex_f,age_aggregate_y15_24,ocu_skill_l3_4,2021,21.623
ita,sex_f,age_aggregate_y15_24,ocu_skill_l3_4,2023,3.146
ita,sex_f,age_aggregate_y15_24,ocu_skill_total,2007,56.356
ita,sex_f,age_aggregate_y15_24,ocu_skill_total,2008,37.931
ita,sex_f,age_aggregate_y15_24,ocu_skill_total,2009,38.125
ita,sex_f,age_aggregate_y15_24,ocu_skill_total,2010,37.824
ita,sex_f,age_aggregate_y15_24,ocu_skill_total,2011,81.041
ita,sex_f,age_aggregate_y15_24,ocu_skill_total,2012,71.653
ita,sex_f,age_aggregate_y15_24,ocu_skill_total,2013,91.243
ita,sex_f,age_aggregate_y15_24,ocu_skill_total,2014,53.396
ita,sex_f,age_aggregate_y15_24,ocu_skill_total,2015,80.341
ita,sex_f,age_aggregate_y15_24,ocu_skill_total,2016,67.062
ita,sex_f,age_aggregate_y15_24,ocu_skill_total,2017,40.522
ita,sex_f,age_aggregate_y15_24,ocu_skill_total,2018,52.29
ita,sex_f,age_aggregate_y15_24,ocu_skill_total,2019,99.454
ita,sex_f,age_aggregate_y15_24,ocu_skill_total,2020,66.27
ita,sex_f,age_aggregate_y15_24,ocu_skill_total,2021,99.486
ita,sex_f,age_aggregate_y15_24,ocu_skill_total,2022,42.327
ita,sex_f,age_aggregate_y15_24,ocu_skill_total,2023,21.556
ita,sex_f,age_aggregate_y25_54,ocu_isco08_1,2012,9.508
ita,sex_f,age_aggregate_y25_54,ocu_isco08_1,2014,3.683
ita,sex_f,age_aggregate_y25_54,ocu_isco08_2,2011,11.198
ita,sex_f,age_aggregate_y25_54,ocu_isco08_2,2012,14.956
ita,sex_f,age_aggregate_y25_54,ocu_isco08_2,2013,11.374
ita,sex_f,age_aggregate_y25_54,ocu_isco08_2,2014,11.643
ita,sex_f,age_aggregate_y25_54,ocu_isco08_2,2015,11.318
ita,sex_f,age_aggregate_y25_54,ocu_isco08_2,2016,6.007
ita,sex_f,age_aggregate_y25_54,ocu_isco08_2,2017,16.1
ita,sex_f,age_aggregate_y25_54,ocu_isco08_2,2018,24.466
ita,sex_f,age_aggregate_y25_54,ocu_isco08_2,2019,36.413
ita,sex_f,age_aggregate_y25_54,ocu_isco08_2,2020,30.029
ita,sex_f,age_aggregate_y25_54,ocu_isco08_2,2021,14.229
ita,sex_f,age_aggregate_y25_54,ocu_isco08_2,2022,23.858
ita,sex_f,age_aggregate_y25_54,ocu_isco08_2,2023,28.7
ita,sex_f,age_aggregate_y25_54,ocu_isco08_3,2011,20.925
ita,sex_f,age_aggregate_y25_54,ocu_isco08_3,2012,9.434
ita,sex_f,age_aggregate_y25_54,ocu_isco08_3,2013,10.452
ita,sex_f,age_aggregate_y25_54,ocu_isco08_3,2014,5.052
ita,sex_f,age_aggregate_y25_54,ocu_isco08_3,2015,12.174
ita,sex_f,age_aggregate_y25_54,ocu_isco08_3,2016,8.796
ita,sex_f,age_aggregate_y25_54,ocu_isco08_3,2018,16.233
ita,sex_f,age_aggregate_y25_54,ocu_isco08_3,2019,9.74
ita,sex_f,age_aggregate_y25_54,ocu_isco08_3,2020,37.602
ita,sex_f,age_aggregate_y25_54,ocu_isco08_3,2021,22.526
ita,sex_f,age_aggregate_y25_54,ocu_isco08_3,2022,14.639
ita,sex_f,age_aggregate_y25_54,ocu_isco08_3,2023,9.731
ita,sex_f,age_aggregate_y25_54,ocu_isco08_4,2011,10.882
ita,sex_f,age_aggregate_y25_54,ocu_isco08_4,2012,6.974
ita,sex_f,age_aggregate_y25_54,ocu_isco08_4,2013,5.241
ita,sex_f,age_aggregate_y25_54,ocu_isco08_4,2014,6.687
ita,sex_f,age_aggregate_y25_54,ocu_isco08_4,2015,4.533
ita,sex_f,age_aggregate_y25_54,ocu_isco08_4,2016,7.166
ita,sex_f,age_aggregate_y25_54,ocu_isco08_4,2017,9.028
ita,sex_f,age_aggregate_y25_54,ocu_isco08_4,2018,11.702
ita,sex_f,age_aggregate_y25_54,ocu_isco08_4,2019,16.982
ita,sex_f,age_aggregate_y25_54,ocu_isco08_4,2022,14.382
ita,sex_f,age_aggregate_y25_54,ocu_isco08_4,2023,7.963
ita,sex_f,age_aggregate_y25_54,ocu_isco08_5,2011,249.597
ita,sex_f,age_aggregate_y25_54,ocu_isco08_5,2012,303.443
ita,sex_f,age_aggregate_y25_54,ocu_isco08_5,2013,371.495
ita,sex_f,age_aggregate_y25_54,ocu_isco08_5,2014,352.419
ita,sex_f,age_aggregate_y25_54,ocu_isco08_5,2015,396.106
ita,sex_f,age_aggregate_y25_54,ocu_isco08_5,2016,334.872
ita,sex_f,age_aggregate_y25_54,ocu_isco08_5,2017,312.901
ita,sex_f,age_aggregate_y25_54,ocu_isco08_5,2018,328.281
ita,sex_f,age_aggregate_y25_54,ocu_isco08_5,2019,324.592
ita,sex_f,age_aggregate_y25_54,ocu_isco08_5,2020,258.739
ita,sex_f,age_aggregate_y25_54,ocu_isco08_5,2021,258.307
ita,sex_f,age_aggregate_y25_54,ocu_isco08_5,2022,235.28
ita,sex_f,age_aggregate_y25_54,ocu_isco08_5,2023,289.112
ita,sex_f,age_aggregate_y25_54,ocu_isco08_6,2016,11.338
ita,sex_f,age_aggregate_y25_54,ocu_isco08_7,2011,4.61
ita,sex_f,age_aggregate_y25_54,ocu_isco08_7,2016,5.242
ita,sex_f,age_aggregate_y25_54,ocu_isco08_7,2018,3.691
ita,sex_f,age_aggregate_y25_54,ocu_isco08_7,2019,9.944
ita,sex_f,age_aggregate_y25_54,ocu_isco08_7,2021,12.072
ita,sex_f,age_aggregate_y25_54,ocu_isco08_7,2023,9.048
ita,sex_f,age_aggregate_y25_54,ocu_isco08_8,2019,4.766
ita,sex_f,age_aggregate_y25_54,ocu_isco08_8,2021,8.199
ita,sex_f,age_aggregate_y25_54,ocu_isco08_9,2011,218.273
ita,sex_f,age_aggregate_y25_54,ocu_isco08_9,2012,298.871
ita,sex_f,age_aggregate_y25_54,ocu_isco08_9,2013,283.411
ita,sex_f,age_aggregate_y25_54,ocu_isco08_9,2014,333.842
ita,sex_f,age_aggregate_y25_54,ocu_isco08_9,2015,305.075
ita,sex_f,age_aggregate_y25_54,ocu_isco08_9,2016,282.937
ita,sex_f,age_aggregate_y25_54,ocu_isco08_9,2017,234.202
ita,sex_f,age_aggregate_y25_54,ocu_isco08_9,2018,361.46
ita,sex_f,age_aggregate_y25_54,ocu_isco08_9,2019,348.099
ita,sex_f,age_aggregate_y25_54,ocu_isco08_9,2020,286.201
ita,sex_f,age_aggregate_y25_54,ocu_isco08_9,2021,315.767
ita,sex_f,age_aggregate_y25_54,ocu_isco08_9,2022,249.698
ita,sex_f,age_aggregate_y25_54,ocu_isco08_9,2023,281.871
ita,sex_f,age_aggregate_y25_54,ocu_isco08_total,2011,522.973
ita,sex_f,age_aggregate_y25_54,ocu_isco08_total,2012,649.349
ita,sex_f,age_aggregate_y25_54,ocu_isco08_total,2013,690.551
ita,sex_f,age_aggregate_y25_54,ocu_isco08_total,2014,724.113
ita,sex_f,age_aggregate_y25_54,ocu_isco08_total,2015,740.684
ita,sex_f,age_aggregate_y25_54,ocu_isco08_total,2016,662.763
ita,sex_f,age_aggregate_y25_54,ocu_isco08_total,2017,586.232
ita,sex_f,age_aggregate_y25_54,ocu_isco08_total,2018,752.333
ita,sex_f,age_aggregate_y25_54,ocu_isco08_total,2019,765.158
ita,sex_f,age_aggregate_y25_54,ocu_isco08_total,2020,637.557
ita,sex_f,age_aggregate_y25_54,ocu_isco08_total,2021,645.184
ita,sex_f,age_aggregate_y25_54,ocu_isco08_total,2022,542.037
ita,sex_f,age_aggregate_y25_54,ocu_isco08_total,2023,631.067
ita,sex_f,age_aggregate_y25_54,ocu_isco88_1,2007,18.939
ita,sex_f,age_aggregate_y25_54,ocu_isco88_1,2008,24.402
ita,sex_f,age_aggregate_y25_54,ocu_isco88_1,2009,22.09
ita,sex_f,age_aggregate_y25_54,ocu_isco88_1,2010,24.262
ita,sex_f,age_aggregate_y25_54,ocu_isco88_2,2007,10.29
ita,sex_f,age_aggregate_y25_54,ocu_isco88_2,2008,15.905
ita,sex_f,age_aggregate_y25_54,ocu_isco88_2,2009,13.739
ita,sex_f,age_aggregate_y25_54,ocu_isco88_2,2010,12.511
ita,sex_f,age_aggregate_y25_54,ocu_isco88_3,2007,24.173
ita,sex_f,age_aggregate_y25_54,ocu_isco88_3,2008,14.084
ita,sex_f,age_aggregate_y25_54,ocu_isco88_3,2009,10.18
ita,sex_f,age_aggregate_y25_54,ocu_isco88_3,2010,6.374
ita,sex_f,age_aggregate_y25_54,ocu_isco88_4,2007,7.369
ita,sex_f,age_aggregate_y25_54,ocu_isco88_4,2008,13.373
ita,sex_f,age_aggregate_y25_54,ocu_isco88_4,2009,10.948
ita,sex_f,age_aggregate_y25_54,ocu_isco88_5,2007,22.543
ita,sex_f,age_aggregate_y25_54,ocu_isco88_5,2008,25.376
ita,sex_f,age_aggregate_y25_54,ocu_isco88_5,2009,28.523
ita,sex_f,age_aggregate_y25_54,ocu_isco88_5,2010,35.78
ita,sex_f,age_aggregate_y25_54,ocu_isco88_6,2007,6.338
ita,sex_f,age_aggregate_y25_54,ocu_isco88_6,2008,14.281
ita,sex_f,age_aggregate_y25_54,ocu_isco88_6,2009,14.156
ita,sex_f,age_aggregate_y25_54,ocu_isco88_6,2010,6.936
ita,sex_f,age_aggregate_y25_54,ocu_isco88_7,2007,11.472
ita,sex_f,age_aggregate_y25_54,ocu_isco88_7,2008,10.25
ita,sex_f,age_aggregate_y25_54,ocu_isco88_7,2009,8.187
ita,sex_f,age_aggregate_y25_54,ocu_isco88_7,2010,4.736
ita,sex_f,age_aggregate_y25_54,ocu_isco88_8,2007,5.742
ita,sex_f,age_aggregate_y25_54,ocu_isco88_9,2007,16.418
ita,sex_f,age_aggregate_y25_54,ocu_isco88_9,2008,13.32
ita,sex_f,age_aggregate_y25_54,ocu_isco88_9,2009,22.615
ita,sex_f,age_aggregate_y25_54,ocu_isco88_9,2010,22.065
ita,sex_f,age_aggregate_y25_54,ocu_isco88_total,2007,123.283
ita,sex_f,age_aggregate_y25_54,ocu_isco88_total,2008,133.069
ita,sex_f,age_aggregate_y25_54,ocu_isco88_total,2009,131.239
ita,sex_f,age_aggregate_y25_54,ocu_isco88_total,2010,122.353
ita,sex_f,age_aggregate_y25_54,ocu_skill_l1,2007,16.418
ita,sex_f,age_aggregate_y25_54,ocu_skill_l1,2008,13.32
ita,sex_f,age_aggregate_y25_54,ocu_skill_l1,2009,22.615
ita,sex_f,age_aggregate_y25_54,ocu_skill_l1,2010,22.065
ita,sex_f,age_aggregate_y25_54,ocu_skill_l1,2011,218.273
ita,sex_f,age_aggregate_y25_54,ocu_skill_l1,2012,298.871
ita,sex_f,age_aggregate_y25_54,ocu_skill_l1,2013,283.411
ita,sex_f,age_aggregate_y25_54,ocu_skill_l1,2014,333.842
ita,sex_f,age_aggregate_y25_54,ocu_skill_l1,2015,305.075
ita,sex_f,age_aggregate_y25_54,ocu_skill_l1,2016,282.937
ita,sex_f,age_aggregate_y25_54,ocu_skill_l1,2017,234.202
ita,sex_f,age_aggregate_y25_54,ocu_skill_l1,2018,361.46
ita,sex_f,age_aggregate_y25_54,ocu_skill_l1,2019,348.099
ita,sex_f,age_aggregate_y25_54,ocu_skill_l1,2020,286.201
ita,sex_f,age_aggregate_y25_54,ocu_skill_l1,2021,315.767
ita,sex_f,age_aggregate_y25_54,ocu_skill_l1,2022,249.698
ita,sex_f,age_aggregate_y25_54,ocu_skill_l1,2023,281.871
ita,sex_f,age_aggregate_y25_54,ocu_skill_l2,2007,53.463
ita,sex_f,age_aggregate_y25_54,ocu_skill_l2,2008,65.357
ita,sex_f,age_aggregate_y25_54,ocu_skill_l2,2009,62.615
ita,sex_f,age_aggregate_y25_54,ocu_skill_l2,2010,57.141
ita,sex_f,age_aggregate_y25_54,ocu_skill_l2,2011,268.62
ita,sex_f,age_aggregate_y25_54,ocu_skill_l2,2012,316.58
ita,sex_f,age_aggregate_y25_54,ocu_skill_l2,2013,383.355
ita,sex_f,age_aggregate_y25_54,ocu_skill_l2,2014,369.893
ita,sex_f,age_aggregate_y25_54,ocu_skill_l2,2015,405.871
ita,sex_f,age_aggregate_y25_54,ocu_skill_l2,2016,358.619
ita,sex_f,age_aggregate_y25_54,ocu_skill_l2,2017,327.789
ita,sex_f,age_aggregate_y25_54,ocu_skill_l2,2018,347.766
ita,sex_f,age_aggregate_y25_54,ocu_skill_l2,2019,362.012
ita,sex_f,age_aggregate_y25_54,ocu_skill_l2,2020,283.725
ita,sex_f,age_aggregate_y25_54,ocu_skill_l2,2021,290.245
ita,sex_f,age_aggregate_y25_54,ocu_skill_l2,2022,253.103
ita,sex_f,age_aggregate_y25_54,ocu_skill_l2,2023,307.581
ita,sex_f,age_aggregate_y25_54,ocu_skill_l3_4,2007,53.402
ita,sex_f,age_aggregate_y25_54,ocu_skill_l3_4,2008,54.392
ita,sex_f,age_aggregate_y25_54,ocu_skill_l3_4,2009,46.009
ita,sex_f,age_aggregate_y25_54,ocu_skill_l3_4,2010,43.147
ita,sex_f,age_aggregate_y25_54,ocu_skill_l3_4,2011,36.08
ita,sex_f,age_aggregate_y25_54,ocu_skill_l3_4,2012,33.898
ita,sex_f,age_aggregate_y25_54,ocu_skill_l3_4,2013,23.785
ita,sex_f,age_aggregate_y25_54,ocu_skill_l3_4,2014,20.377
ita,sex_f,age_aggregate_y25_54,ocu_skill_l3_4,2015,29.737
ita,sex_f,age_aggregate_y25_54,ocu_skill_l3_4,2016,21.207
ita,sex_f,age_aggregate_y25_54,ocu_skill_l3_4,2017,24.241
ita,sex_f,age_aggregate_y25_54,ocu_skill_l3_4,2018,43.107
ita,sex_f,age_aggregate_y25_54,ocu_skill_l3_4,2019,55.048
ita,sex_f,age_aggregate_y25_54,ocu_skill_l3_4,2020,67.631
ita,sex_f,age_aggregate_y25_54,ocu_skill_l3_4,2021,39.172
ita,sex_f,age_aggregate_y25_54,ocu_skill_l3_4,2022,39.236
ita,sex_f,age_aggregate_y25_54,ocu_skill_l3_4,2023,41.615
ita,sex_f,age_aggregate_y25_54,ocu_skill_total,2007,123.283
ita,sex_f,age_aggregate_y25_54,ocu_skill_total,2008,133.069
ita,sex_f,age_aggregate_y25_54,ocu_skill_total,2009,131.239
ita,sex_f,age_aggregate_y25_54,ocu_skill_total,2010,122.353
ita,sex_f,age_aggregate_y25_54,ocu_skill_total,2011,522.973
ita,sex_f,age_aggregate_y25_54,ocu_skill_total,2012,649.349
ita,sex_f,age_aggregate_y25_54,ocu_skill_total,2013,690.551
ita,sex_f,age_aggregate_y25_54,ocu_skill_total,2014,724.113
ita,sex_f,age_aggregate_y25_54,ocu_skill_total,2015,740.684
ita,sex_f,age_aggregate_y25_54,ocu_skill_total,2016,662.763
ita,sex_f,age_aggregate_y25_54,ocu_skill_total,2017,586.232
ita,sex_f,age_aggregate_y25_54,ocu_skill_total,2018,752.333
ita,sex_f,age_aggregate_y25_54,ocu_skill_total,2019,765.158
ita,sex_f,age_aggregate_y25_54,ocu_skill_total,2020,637.557
ita,sex_f,age_aggregate_y25_54,ocu_skill_total,2021,645.184
ita,sex_f,age_aggregate_y25_54,ocu_skill_total,2022,542.037
ita,sex_f,age_aggregate_y25_54,ocu_skill_total,2023,631.067
ita,sex_f,age_aggregate_y55_64,ocu_isco08_3,2021,5.054
ita,sex_f,age_aggregate_y55_64,ocu_isco08_5,2011,43.584
ita,sex_f,age_aggregate_y55_64,ocu_isco08_5,2012,36.456
ita,sex_f,age_aggregate_y55_64,ocu_isco08_5,2013,68.086
ita,sex_f,age_aggregate_y55_64,ocu_isco08_5,2014,77.522
ita,sex_f,age_aggregate_y55_64,ocu_isco08_5,2015,100.033
ita,sex_f,age_aggregate_y55_64,ocu_isco08_5,2016,80.495
ita,sex_f,age_aggregate_y55_64,ocu_isco08_5,2017,84.228
ita,sex_f,age_aggregate_y55_64,ocu_isco08_5,2018,78.012
ita,sex_f,age_aggregate_y55_64,ocu_isco08_5,2019,67.243
ita,sex_f,age_aggregate_y55_64,ocu_isco08_5,2020,75.196
ita,sex_f,age_aggregate_y55_64,ocu_isco08_5,2021,55.841
ita,sex_f,age_aggregate_y55_64,ocu_isco08_5,2022,76.221
ita,sex_f,age_aggregate_y55_64,ocu_isco08_5,2023,77.463
ita,sex_f,age_aggregate_y55_64,ocu_isco08_9,2011,23.631
ita,sex_f,age_aggregate_y55_64,ocu_isco08_9,2012,50.662
ita,sex_f,age_aggregate_y55_64,ocu_isco08_9,2013,56.124
ita,sex_f,age_aggregate_y55_64,ocu_isco08_9,2014,60.499
ita,sex_f,age_aggregate_y55_64,ocu_isco08_9,2015,63.156
ita,sex_f,age_aggregate_y55_64,ocu_isco08_9,2016,63.486
ita,sex_f,age_aggregate_y55_64,ocu_isco08_9,2017,47.522
ita,sex_f,age_aggregate_y55_64,ocu_isco08_9,2018,84.17
ita,sex_f,age_aggregate_y55_64,ocu_isco08_9,2019,105.414
ita,sex_f,age_aggregate_y55_64,ocu_isco08_9,2020,74.012
ita,sex_f,age_aggregate_y55_64,ocu_isco08_9,2021,89.53
ita,sex_f,age_aggregate_y55_64,ocu_isco08_9,2022,71.417
ita,sex_f,age_aggregate_y55_64,ocu_isco08_9,2023,115.76
ita,sex_f,age_aggregate_y55_64,ocu_isco08_total,2011,79.119
ita,sex_f,age_aggregate_y55_64,ocu_isco08_total,2012,92.763
ita,sex_f,age_aggregate_y55_64,ocu_isco08_total,2013,129.79
ita,sex_f,age_aggregate_y55_64,ocu_isco08_total,2014,145.913
ita,sex_f,age_aggregate_y55_64,ocu_isco08_total,2015,169.196
ita,sex_f,age_aggregate_y55_64,ocu_isco08_total,2016,150.647
ita,sex_f,age_aggregate_y55_64,ocu_isco08_total,2017,133.633
ita,sex_f,age_aggregate_y55_64,ocu_isco08_total,2018,169.35
ita,sex_f,age_aggregate_y55_64,ocu_isco08_total,2019,185.638
ita,sex_f,age_aggregate_y55_64,ocu_isco08_total,2020,154.624
ita,sex_f,age_aggregate_y55_64,ocu_isco08_total,2021,166.216
ita,sex_f,age_aggregate_y55_64,ocu_isco08_total,2022,154.829
ita,sex_f,age_aggregate_y55_64,ocu_isco08_total,2023,203.584
ita,sex_f,age_aggregate_y55_64,ocu_isco88_6,2008,4.298
ita,sex_f,age_aggregate_y55_64,ocu_isco88_total,2007,9.738
ita,sex_f,age_aggregate_y55_64,ocu_isco88_total,2008,13.976
ita,sex_f,age_aggregate_y55_64,ocu_isco88_total,2009,9.388
ita,sex_f,age_aggregate_y55_64,ocu_isco88_total,2010,5.2
ita,sex_f,age_aggregate_y55_64,ocu_skill_l1,2011,23.631
ita,sex_f,age_aggregate_y55_64,ocu_skill_l1,2012,50.662
ita,sex_f,age_aggregate_y55_64,ocu_skill_l1,2013,56.124
ita,sex_f,age_aggregate_y55_64,ocu_skill_l1,2014,60.499
ita,sex_f,age_aggregate_y55_64,ocu_skill_l1,2015,63.156
ita,sex_f,age_aggregate_y55_64,ocu_skill_l1,2016,63.486
ita,sex_f,age_aggregate_y55_64,ocu_skill_l1,2017,47.522
ita,sex_f,age_aggregate_y55_64,ocu_skill_l1,2018,84.17
ita,sex_f,age_aggregate_y55_64,ocu_skill_l1,2019,105.414
ita,sex_f,age_aggregate_y55_64,ocu_skill_l1,2020,74.012
ita,sex_f,age_aggregate_y55_64,ocu_skill_l1,2021,89.53
ita,sex_f,age_aggregate_y55_64,ocu_skill_l1,2022,71.417
ita,sex_f,age_aggregate_y55_64,ocu_skill_l1,2023,115.76
ita,sex_f,age_aggregate_y55_64,ocu_skill_l2,2008,8.416
ita,sex_f,age_aggregate_y55_64,ocu_skill_l2,2011,50.144
ita,sex_f,age_aggregate_y55_64,ocu_skill_l2,2012,38.025
ita,sex_f,age_aggregate_y55_64,ocu_skill_l2,2013,70.899
ita,sex_f,age_aggregate_y55_64,ocu_skill_l2,2014,83.44
ita,sex_f,age_aggregate_y55_64,ocu_skill_l2,2015,104.82
ita,sex_f,age_aggregate_y55_64,ocu_skill_l2,2016,84.02
ita,sex_f,age_aggregate_y55_64,ocu_skill_l2,2017,86.11
ita,sex_f,age_aggregate_y55_64,ocu_skill_l2,2018,79.606
ita,sex_f,age_aggregate_y55_64,ocu_skill_l2,2019,73.584
ita,sex_f,age_aggregate_y55_64,ocu_skill_l2,2020,80.152
ita,sex_f,age_aggregate_y55_64,ocu_skill_l2,2021,61.738
ita,sex_f,age_aggregate_y55_64,ocu_skill_l2,2022,78.13
ita,sex_f,age_aggregate_y55_64,ocu_skill_l2,2023,81.408
ita,sex_f,age_aggregate_y55_64,ocu_skill_l3_4,2009,4.212
ita,sex_f,age_aggregate_y55_64,ocu_skill_l3_4,2018,5.574
ita,sex_f,age_aggregate_y55_64,ocu_skill_l3_4,2019,6.641
ita,sex_f,age_aggregate_y55_64,ocu_skill_l3_4,2021,14.948
ita,sex_f,age_aggregate_y55_64,ocu_skill_l3_4,2022,5.282
ita,sex_f,age_aggregate_y55_64,ocu_skill_l3_4,2023,6.415
ita,sex_f,age_aggregate_y55_64,ocu_skill_total,2007,9.738
ita,sex_f,age_aggregate_y55_64,ocu_skill_total,2008,13.976
ita,sex_f,age_aggregate_y55_64,ocu_skill_total,2009,9.388
ita,sex_f,age_aggregate_y55_64,ocu_skill_total,2010,5.2
ita,sex_f,age_aggregate_y55_64,ocu_skill_total,2011,79.119
ita,sex_f,age_aggregate_y55_64,ocu_skill_total,2012,92.763
ita,sex_f,age_aggregate_y55_64,ocu_skill_total,2013,129.79
ita,sex_f,age_aggregate_y55_64,ocu_skill_total,2014,145.913
ita,sex_f,age_aggregate_y55_64,ocu_skill_total,2015,169.196
ita,sex_f,age_aggregate_y55_64,ocu_skill_total,2016,150.647
ita,sex_f,age_aggregate_y55_64,ocu_skill_total,2017,133.633
ita,sex_f,age_aggregate_y55_64,ocu_skill_total,2018,169.35
ita,sex_f,age_aggregate_y55_64,ocu_skill_total,2019,185.638
ita,sex_f,age_aggregate_y55_64,ocu_skill_total,2020,154.624
ita,sex_f,age_aggregate_y55_64,ocu_skill_total,2021,166.216
ita,sex_f,age_aggregate_y55_64,ocu_skill_total,2022,154.829
ita,sex_f,age_aggregate_y55_64,ocu_skill_total,2023,203.584
ita,sex_f,age_aggregate_yge65,ocu_isco08_5,2012,2.837
ita,sex_f,age_aggregate_yge65,ocu_isco08_5,2013,19.262
ita,sex_f,age_aggregate_yge65,ocu_isco08_5,2014,9.767
ita,sex_f,age_aggregate_yge65,ocu_isco08_5,2015,13.737
ita,sex_f,age_aggregate_yge65,ocu_isco08_5,2017,10.557
ita,sex_f,age_aggregate_yge65,ocu_isco08_5,2018,16.112
ita,sex_f,age_aggregate_yge65,ocu_isco08_5,2019,16.449
ita,sex_f,age_aggregate_yge65,ocu_isco08_5,2020,11.245
ita,sex_f,age_aggregate_yge65,ocu_isco08_5,2021,14.05
ita,sex_f,age_aggregate_yge65,ocu_isco08_5,2023,4.015
ita,sex_f,age_aggregate_yge65,ocu_isco08_9,2017,5.388
ita,sex_f,age_aggregate_yge65,ocu_isco08_9,2018,11.042
ita,sex_f,age_aggregate_yge65,ocu_isco08_9,2019,17.805
ita,sex_f,age_aggregate_yge65,ocu_isco08_9,2020,6.542
ita,sex_f,age_aggregate_yge65,ocu_isco08_9,2021,12.189
ita,sex_f,age_aggregate_yge65,ocu_isco08_9,2022,13.889
ita,sex_f,age_aggregate_yge65,ocu_isco08_9,2023,22.021
ita,sex_f,age_aggregate_yge65,ocu_isco08_total,2011,10.931
ita,sex_f,age_aggregate_yge65,ocu_isco08_total,2012,10.455
ita,sex_f,age_aggregate_yge65,ocu_isco08_total,2013,23.983
ita,sex_f,age_aggregate_yge65,ocu_isco08_total,2014,17.838
ita,sex_f,age_aggregate_yge65,ocu_isco08_total,2015,20.012
ita,sex_f,age_aggregate_yge65,ocu_isco08_total,2016,13.392
ita,sex_f,age_aggregate_yge65,ocu_isco08_total,2017,15.945
ita,sex_f,age_aggregate_yge65,ocu_isco08_total,2018,27.741
ita,sex_f,age_aggregate_yge65,ocu_isco08_total,2019,35.146
ita,sex_f,age_aggregate_yge65,ocu_isco08_total,2020,21.392
ita,sex_f,age_aggregate_yge65,ocu_isco08_total,2021,27.064
ita,sex_f,age_aggregate_yge65,ocu_isco08_total,2022,20.233
ita,sex_f,age_aggregate_yge65,ocu_isco08_total,2023,26.62
ita,sex_f,age_aggregate_yge65,ocu_isco88_total,2008,7.512
ita,sex_f,age_aggregate_yge65,ocu_isco88_total,2009,1.969
ita,sex_f,age_aggregate_yge65,ocu_skill_l1,2017,5.388
ita,sex_f,age_aggregate_yge65,ocu_skill_l1,2018,11.042
ita,sex_f,age_aggregate_yge65,ocu_skill_l1,2019,17.805
ita,sex_f,age_aggregate_yge65,ocu_skill_l1,2020,6.542
ita,sex_f,age_aggregate_yge65,ocu_skill_l1,2021,12.189
ita,sex_f,age_aggregate_yge65,ocu_skill_l1,2022,13.889
ita,sex_f,age_aggregate_yge65,ocu_skill_l1,2023,22.021
ita,sex_f,age_aggregate_yge65,ocu_skill_l2,2011,7.608
ita,sex_f,age_aggregate_yge65,ocu_skill_l2,2012,3.685
ita,sex_f,age_aggregate_yge65,ocu_skill_l2,2013,20.092
ita,sex_f,age_aggregate_yge65,ocu_skill_l2,2014,10.2
ita,sex_f,age_aggregate_yge65,ocu_skill_l2,2015,13.737
ita,sex_f,age_aggregate_yge65,ocu_skill_l2,2016,6.684
ita,sex_f,age_aggregate_yge65,ocu_skill_l2,2017,10.557
ita,sex_f,age_aggregate_yge65,ocu_skill_l2,2018,16.112
ita,sex_f,age_aggregate_yge65,ocu_skill_l2,2019,17.342
ita,sex_f,age_aggregate_yge65,ocu_skill_l2,2020,14.85
ita,sex_f,age_aggregate_yge65,ocu_skill_l2,2021,14.346
ita,sex_f,age_aggregate_yge65,ocu_skill_l2,2022,6.344
ita,sex_f,age_aggregate_yge65,ocu_skill_l2,2023,4.599
ita,sex_f,age_aggregate_yge65,ocu_skill_total,2008,7.512
ita,sex_f,age_aggregate_yge65,ocu_skill_total,2009,1.969
ita,sex_f,age_aggregate_yge65,ocu_skill_total,2011,10.931
ita,sex_f,age_aggregate_yge65,ocu_skill_total,2012,10.455
ita,sex_f,age_aggregate_yge65,ocu_skill_total,2013,23.983
ita,sex_f,age_aggregate_yge65,ocu_skill_total,2014,17.838
ita,sex_f,age_aggregate_yge65,ocu_skill_total,2015,20.012
ita,sex_f,age_aggregate_yge65,ocu_skill_total,2016,13.392
ita,sex_f,age_aggregate_yge65,ocu_skill_total,2017,15.945
ita,sex_f,age_aggregate_yge65,ocu_skill_total,2018,27.741
ita,sex_f,age_aggregate_yge65,ocu_skill_total,2019,35.146
ita,sex_f,age_aggregate_yge65,ocu_skill_total,2020,21.392
ita,sex_f,age_aggregate_yge65,ocu_skill_total,2021,27.064
ita,sex_f,age_aggregate_yge65,ocu_skill_total,2022,20.233
ita,sex_f,age_aggregate_yge65,ocu_skill_total,2023,26.62
ita,sex_f,age_ythadult_y15_24,ocu_isco08_2,2012,4.133
ita,sex_f,age_ythadult_y15_24,ocu_isco08_2,2019,9.501
ita,sex_f,age_ythadult_y15_24,ocu_isco08_3,2011,4.188
ita,sex_f,age_ythadult_y15_24,ocu_isco08_3,2013,5.193
ita,sex_f,age_ythadult_y15_24,ocu_isco08_3,2015,8.188
ita,sex_f,age_ythadult_y15_24,ocu_isco08_3,2016,4.335
ita,sex_f,age_ythadult_y15_24,ocu_isco08_3,2019,7.12
ita,sex_f,age_ythadult_y15_24,ocu_isco08_3,2020,15.956
ita,sex_f,age_ythadult_y15_24,ocu_isco08_3,2021,17.081
ita,sex_f,age_ythadult_y15_24,ocu_isco08_4,2011,10.702
ita,sex_f,age_ythadult_y15_24,ocu_isco08_4,2018,8.505
ita,sex_f,age_ythadult_y15_24,ocu_isco08_5,2011,51.143
ita,sex_f,age_ythadult_y15_24,ocu_isco08_5,2012,51.44
ita,sex_f,age_ythadult_y15_24,ocu_isco08_5,2013,59.731
ita,sex_f,age_ythadult_y15_24,ocu_isco08_5,2014,44.596
ita,sex_f,age_ythadult_y15_24,ocu_isco08_5,2015,49.261
ita,sex_f,age_ythadult_y15_24,ocu_isco08_5,2016,52.738
ita,sex_f,age_ythadult_y15_24,ocu_isco08_5,2017,35.097
ita,sex_f,age_ythadult_y15_24,ocu_isco08_5,2018,26.857
ita,sex_f,age_ythadult_y15_24,ocu_isco08_5,2019,62.654
ita,sex_f,age_ythadult_y15_24,ocu_isco08_5,2020,35.119
ita,sex_f,age_ythadult_y15_24,ocu_isco08_5,2021,50.649
ita,sex_f,age_ythadult_y15_24,ocu_isco08_5,2022,20.211
ita,sex_f,age_ythadult_y15_24,ocu_isco08_5,2023,18.026
ita,sex_f,age_ythadult_y15_24,ocu_isco08_9,2011,7.903
ita,sex_f,age_ythadult_y15_24,ocu_isco08_9,2012,5.721
ita,sex_f,age_ythadult_y15_24,ocu_isco08_9,2013,15.537
ita,sex_f,age_ythadult_y15_24,ocu_isco08_9,2015,9.193
ita,sex_f,age_ythadult_y15_24,ocu_isco08_9,2018,10.87
ita,sex_f,age_ythadult_y15_24,ocu_isco08_9,2019,13.595
ita,sex_f,age_ythadult_y15_24,ocu_isco08_9,2022,16.52
ita,sex_f,age_ythadult_y15_24,ocu_isco08_total,2011,81.041
ita,sex_f,age_ythadult_y15_24,ocu_isco08_total,2012,71.653
ita,sex_f,age_ythadult_y15_24,ocu_isco08_total,2013,91.243
ita,sex_f,age_ythadult_y15_24,ocu_isco08_total,2014,53.396
ita,sex_f,age_ythadult_y15_24,ocu_isco08_total,2015,80.341
ita,sex_f,age_ythadult_y15_24,ocu_isco08_total,2016,67.062
ita,sex_f,age_ythadult_y15_24,ocu_isco08_total,2017,40.522
ita,sex_f,age_ythadult_y15_24,ocu_isco08_total,2018,52.29
ita,sex_f,age_ythadult_y15_24,ocu_isco08_total,2019,99.454
ita,sex_f,age_ythadult_y15_24,ocu_isco08_total,2020,66.27
ita,sex_f,age_ythadult_y15_24,ocu_isco08_total,2021,99.486
ita,sex_f,age_ythadult_y15_24,ocu_isco08_total,2022,42.327
ita,sex_f,age_ythadult_y15_24,ocu_isco08_total,2023,21.556
ita,sex_f,age_ythadult_y15_24,ocu_isco88_3,2007,8.833
ita,sex_f,age_ythadult_y15_24,ocu_isco88_3,2008,5.664
ita,sex_f,age_ythadult_y15_24,ocu_isco88_3,2009,11.092
ita,sex_f,age_ythadult_y15_24,ocu_isco88_3,2010,4.161
ita,sex_f,age_ythadult_y15_24,ocu_isco88_4,2007,13.154
ita,sex_f,age_ythadult_y15_24,ocu_isco88_4,2008,6.793
ita,sex_f,age_ythadult_y15_24,ocu_isco88_4,2010,5.609
ita,sex_f,age_ythadult_y15_24,ocu_isco88_5,2007,19.465
ita,sex_f,age_ythadult_y15_24,ocu_isco88_5,2008,13.908
ita,sex_f,age_ythadult_y15_24,ocu_isco88_5,2009,8.713
ita,sex_f,age_ythadult_y15_24,ocu_isco88_5,2010,9.797
ita,sex_f,age_ythadult_y15_24,ocu_isco88_7,2007,0
ita,sex_f,age_ythadult_y15_24,ocu_isco88_9,2010,11.655
ita,sex_f,age_ythadult_y15_24,ocu_isco88_total,2007,56.356
ita,sex_f,age_ythadult_y15_24,ocu_isco88_total,2008,37.931
ita,sex_f,age_ythadult_y15_24,ocu_isco88_total,2009,38.125
ita,sex_f,age_ythadult_y15_24,ocu_isco88_total,2010,37.824
ita,sex_f,age_ythadult_y15_24,ocu_skill_l1,2010,11.655
ita,sex_f,age_ythadult_y15_24,ocu_skill_l1,2011,7.903
ita,sex_f,age_ythadult_y15_24,ocu_skill_l1,2012,5.721
ita,sex_f,age_ythadult_y15_24,ocu_skill_l1,2013,15.537
ita,sex_f,age_ythadult_y15_24,ocu_skill_l1,2015,9.193
ita,sex_f,age_ythadult_y15_24,ocu_skill_l1,2018,10.87
ita,sex_f,age_ythadult_y15_24,ocu_skill_l1,2019,13.595
ita,sex_f,age_ythadult_y15_24,ocu_skill_l1,2022,16.52
ita,sex_f,age_ythadult_y15_24,ocu_skill_l2,2007,33.61
ita,sex_f,age_ythadult_y15_24,ocu_skill_l2,2008,24.106
ita,sex_f,age_ythadult_y15_24,ocu_skill_l2,2009,15.774
ita,sex_f,age_ythadult_y15_24,ocu_skill_l2,2010,17.369
ita,sex_f,age_ythadult_y15_24,ocu_skill_l2,2011,64.567
ita,sex_f,age_ythadult_y15_24,ocu_skill_l2,2012,56.728
ita,sex_f,age_ythadult_y15_24,ocu_skill_l2,2013,66.601
ita,sex_f,age_ythadult_y15_24,ocu_skill_l2,2014,46.237
ita,sex_f,age_ythadult_y15_24,ocu_skill_l2,2015,59.783
ita,sex_f,age_ythadult_y15_24,ocu_skill_l2,2016,59.166
ita,sex_f,age_ythadult_y15_24,ocu_skill_l2,2017,37.577
ita,sex_f,age_ythadult_y15_24,ocu_skill_l2,2018,36.755
ita,sex_f,age_ythadult_y15_24,ocu_skill_l2,2019,69.239
ita,sex_f,age_ythadult_y15_24,ocu_skill_l2,2020,36.012
ita,sex_f,age_ythadult_y15_24,ocu_skill_l2,2021,61.713
ita,sex_f,age_ythadult_y15_24,ocu_skill_l2,2022,22.493
ita,sex_f,age_ythadult_y15_24,ocu_skill_l2,2023,18.41
ita,sex_f,age_ythadult_y15_24,ocu_skill_l3_4,2007,16.052
ita,sex_f,age_ythadult_y15_24,ocu_skill_l3_4,2008,9.227
ita,sex_f,age_ythadult_y15_24,ocu_skill_l3_4,2009,19.957
ita,sex_f,age_ythadult_y15_24,ocu_skill_l3_4,2010,8.801
ita,sex_f,age_ythadult_y15_24,ocu_skill_l3_4,2011,8.571
ita,sex_f,age_ythadult_y15_24,ocu_skill_l3_4,2012,9.205
ita,sex_f,age_ythadult_y15_24,ocu_skill_l3_4,2013,9.104
ita,sex_f,age_ythadult_y15_24,ocu_skill_l3_4,2015,11.365
ita,sex_f,age_ythadult_y15_24,ocu_skill_l3_4,2016,4.335
ita,sex_f,age_ythadult_y15_24,ocu_skill_l3_4,2018,4.666
ita,sex_f,age_ythadult_y15_24,ocu_skill_l3_4,2019,16.621
ita,sex_f,age_ythadult_y15_24,ocu_skill_l3_4,2020,27.782
ita,sex_f,age_ythadult_y15_24,ocu_skill_l3_4,2021,21.623
ita,sex_f,age_ythadult_y15_24,ocu_skill_l3_4,2023,3.146
ita,sex_f,age_ythadult_y15_24,ocu_skill_total,2007,56.356
ita,sex_f,age_ythadult_y15_24,ocu_skill_total,2008,37.931
ita,sex_f,age_ythadult_y15_24,ocu_skill_total,2009,38.125
ita,sex_f,age_ythadult_y15_24,ocu_skill_total,2010,37.824
ita,sex_f,age_ythadult_y15_24,ocu_skill_total,2011,81.041
ita,sex_f,age_ythadult_y15_24,ocu_skill_total,2012,71.653
ita,sex_f,age_ythadult_y15_24,ocu_skill_total,2013,91.243
ita,sex_f,age_ythadult_y15_24,ocu_skill_total,2014,53.396
ita,sex_f,age_ythadult_y15_24,ocu_skill_total,2015,80.341
ita,sex_f,age_ythadult_y15_24,ocu_skill_total,2016,67.062
ita,sex_f,age_ythadult_y15_24,ocu_skill_total,2017,40.522
ita,sex_f,age_ythadult_y15_24,ocu_skill_total,2018,52.29
ita,sex_f,age_ythadult_y15_24,ocu_skill_total,2019,99.454
ita,sex_f,age_ythadult_y15_24,ocu_skill_total,2020,66.27
ita,sex_f,age_ythadult_y15_24,ocu_skill_total,2021,99.486
ita,sex_f,age_ythadult_y15_24,ocu_skill_total,2022,42.327
ita,sex_f,age_ythadult_y15_24,ocu_skill_total,2023,21.556
ita,sex_f,age_ythadult_y15_64,ocu_isco08_1,2011,8.127
ita,sex_f,age_ythadult_y15_64,ocu_isco08_1,2012,14.88
ita,sex_f,age_ythadult_y15_64,ocu_isco08_1,2017,4.803
ita,sex_f,age_ythadult_y15_64,ocu_isco08_2,2011,16.754
ita,sex_f,age_ythadult_y15_64,ocu_isco08_2,2012,19.582
ita,sex_f,age_ythadult_y15_64,ocu_isco08_2,2013,15.285
ita,sex_f,age_ythadult_y15_64,ocu_isco08_2,2014,14.19
ita,sex_f,age_ythadult_y15_64,ocu_isco08_2,2015,15.715
ita,sex_f,age_ythadult_y15_64,ocu_isco08_2,2018,31.588
ita,sex_f,age_ythadult_y15_64,ocu_isco08_2,2019,50.459
ita,sex_f,age_ythadult_y15_64,ocu_isco08_2,2020,41.752
ita,sex_f,age_ythadult_y15_64,ocu_isco08_2,2021,20.158
ita,sex_f,age_ythadult_y15_64,ocu_isco08_2,2022,25.556
ita,sex_f,age_ythadult_y15_64,ocu_isco08_2,2023,31.898
ita,sex_f,age_ythadult_y15_64,ocu_isco08_3,2011,25.113
ita,sex_f,age_ythadult_y15_64,ocu_isco08_3,2012,12.717
ita,sex_f,age_ythadult_y15_64,ocu_isco08_3,2014,9.035
ita,sex_f,age_ythadult_y15_64,ocu_isco08_3,2016,14.311
ita,sex_f,age_ythadult_y15_64,ocu_isco08_3,2018,18.198
ita,sex_f,age_ythadult_y15_64,ocu_isco08_3,2019,18.956
ita,sex_f,age_ythadult_y15_64,ocu_isco08_3,2020,53.558
ita,sex_f,age_ythadult_y15_64,ocu_isco08_3,2021,44.661
ita,sex_f,age_ythadult_y15_64,ocu_isco08_3,2022,21.07
ita,sex_f,age_ythadult_y15_64,ocu_isco08_3,2023,11.768
ita,sex_f,age_ythadult_y15_64,ocu_isco08_4,2011,22.658
ita,sex_f,age_ythadult_y15_64,ocu_isco08_4,2012,11.879
ita,sex_f,age_ythadult_y15_64,ocu_isco08_4,2015,14.014
ita,sex_f,age_ythadult_y15_64,ocu_isco08_4,2016,13.825
ita,sex_f,age_ythadult_y15_64,ocu_isco08_4,2017,11.879
ita,sex_f,age_ythadult_y15_64,ocu_isco08_4,2018,20.207
ita,sex_f,age_ythadult_y15_64,ocu_isco08_4,2019,23.411
ita,sex_f,age_ythadult_y15_64,ocu_isco08_4,2023,10.278
ita,sex_f,age_ythadult_y15_64,ocu_isco08_5,2011,344.324
ita,sex_f,age_ythadult_y15_64,ocu_isco08_5,2012,391.34
ita,sex_f,age_ythadult_y15_64,ocu_isco08_5,2013,499.312
ita,sex_f,age_ythadult_y15_64,ocu_isco08_5,2014,474.538
ita,sex_f,age_ythadult_y15_64,ocu_isco08_5,2015,545.4
ita,sex_f,age_ythadult_y15_64,ocu_isco08_5,2016,468.106
ita,sex_f,age_ythadult_y15_64,ocu_isco08_5,2017,432.226
ita,sex_f,age_ythadult_y15_64,ocu_isco08_5,2018,433.151
ita,sex_f,age_ythadult_y15_64,ocu_isco08_5,2019,454.488
ita,sex_f,age_ythadult_y15_64,ocu_isco08_5,2020,369.054
ita,sex_f,age_ythadult_y15_64,ocu_isco08_5,2021,364.797
ita,sex_f,age_ythadult_y15_64,ocu_isco08_5,2022,331.712
ita,sex_f,age_ythadult_y15_64,ocu_isco08_5,2023,384.601
ita,sex_f,age_ythadult_y15_64,ocu_isco08_6,2012,5.593
ita,sex_f,age_ythadult_y15_64,ocu_isco08_6,2014,7.737
ita,sex_f,age_ythadult_y15_64,ocu_isco08_6,2016,11.892
ita,sex_f,age_ythadult_y15_64,ocu_isco08_6,2017,0
ita,sex_f,age_ythadult_y15_64,ocu_isco08_6,2018,5.253
ita,sex_f,age_ythadult_y15_64,ocu_isco08_6,2019,7.254
ita,sex_f,age_ythadult_y15_64,ocu_isco08_7,2011,8.96
ita,sex_f,age_ythadult_y15_64,ocu_isco08_7,2012,2.522
ita,sex_f,age_ythadult_y15_64,ocu_isco08_7,2013,2.612
ita,sex_f,age_ythadult_y15_64,ocu_isco08_7,2014,8.968
ita,sex_f,age_ythadult_y15_64,ocu_isco08_7,2015,4.057
ita,sex_f,age_ythadult_y15_64,ocu_isco08_7,2016,7.983
ita,sex_f,age_ythadult_y15_64,ocu_isco08_7,2017,2.767
ita,sex_f,age_ythadult_y15_64,ocu_isco08_7,2018,5.083
ita,sex_f,age_ythadult_y15_64,ocu_isco08_7,2019,12.537
ita,sex_f,age_ythadult_y15_64,ocu_isco08_7,2020,5.982
ita,sex_f,age_ythadult_y15_64,ocu_isco08_7,2021,12.746
ita,sex_f,age_ythadult_y15_64,ocu_isco08_7,2022,5.441
ita,sex_f,age_ythadult_y15_64,ocu_isco08_7,2023,9.103
ita,sex_f,age_ythadult_y15_64,ocu_isco08_8,2012,0
ita,sex_f,age_ythadult_y15_64,ocu_isco08_8,2013,1.394
ita,sex_f,age_ythadult_y15_64,ocu_isco08_8,2020,0
ita,sex_f,age_ythadult_y15_64,ocu_isco08_8,2021,12.529
ita,sex_f,age_ythadult_y15_64,ocu_isco08_8,2022,0.758
ita,sex_f,age_ythadult_y15_64,ocu_isco08_9,2011,249.807
ita,sex_f,age_ythadult_y15_64,ocu_isco08_9,2012,355.254
ita,sex_f,age_ythadult_y15_64,ocu_isco08_9,2013,355.072
ita,sex_f,age_ythadult_y15_64,ocu_isco08_9,2014,396.944
ita,sex_f,age_ythadult_y15_64,ocu_isco08_9,2015,377.424
ita,sex_f,age_ythadult_y15_64,ocu_isco08_9,2016,349.984
ita,sex_f,age_ythadult_y15_64,ocu_isco08_9,2017,283.431
ita,sex_f,age_ythadult_y15_64,ocu_isco08_9,2018,456.5
ita,sex_f,age_ythadult_y15_64,ocu_isco08_9,2019,467.108
ita,sex_f,age_ythadult_y15_64,ocu_isco08_9,2020,362.69
ita,sex_f,age_ythadult_y15_64,ocu_isco08_9,2021,421.447
ita,sex_f,age_ythadult_y15_64,ocu_isco08_9,2022,337.635
ita,sex_f,age_ythadult_y15_64,ocu_isco08_9,2023,397.632
ita,sex_f,age_ythadult_y15_64,ocu_isco08_total,2011,683.133
ita,sex_f,age_ythadult_y15_64,ocu_isco08_total,2012,813.766
ita,sex_f,age_ythadult_y15_64,ocu_isco08_total,2013,911.583
ita,sex_f,age_ythadult_y15_64,ocu_isco08_total,2014,923.422
ita,sex_f,age_ythadult_y15_64,ocu_isco08_total,2015,990.22
ita,sex_f,age_ythadult_y15_64,ocu_isco08_total,2016,880.472
ita,sex_f,age_ythadult_y15_64,ocu_isco08_total,2017,760.387
ita,sex_f,age_ythadult_y15_64,ocu_isco08_total,2018,973.973
ita,sex_f,age_ythadult_y15_64,ocu_isco08_total,2019,1050.251
ita,sex_f,age_ythadult_y15_64,ocu_isco08_total,2020,858.452
ita,sex_f,age_ythadult_y15_64,ocu_isco08_total,2021,910.885
ita,sex_f,age_ythadult_y15_64,ocu_isco08_total,2022,739.194
ita,sex_f,age_ythadult_y15_64,ocu_isco08_total,2023,856.207
ita,sex_f,age_ythadult_y15_64,ocu_isco88_1,2007,26.587
ita,sex_f,age_ythadult_y15_64,ocu_isco88_1,2008,27.027
ita,sex_f,age_ythadult_y15_64,ocu_isco88_1,2009,29.727
ita,sex_f,age_ythadult_y15_64,ocu_isco88_1,2010,28.856
ita,sex_f,age_ythadult_y15_64,ocu_isco88_2,2008,18.934
ita,sex_f,age_ythadult_y15_64,ocu_isco88_2,2010,16.172
ita,sex_f,age_ythadult_y15_64,ocu_isco88_3,2008,20.302
ita,sex_f,age_ythadult_y15_64,ocu_isco88_3,2009,22.375
ita,sex_f,age_ythadult_y15_64,ocu_isco88_3,2010,10.536
ita,sex_f,age_ythadult_y15_64,ocu_isco88_5,2007,44.572
ita,sex_f,age_ythadult_y15_64,ocu_isco88_5,2008,43.402
ita,sex_f,age_ythadult_y15_64,ocu_isco88_6,2007,9.27
ita,sex_f,age_ythadult_y15_64,ocu_isco88_6,2008,19.026
ita,sex_f,age_ythadult_y15_64,ocu_isco88_6,2009,16.23
ita,sex_f,age_ythadult_y15_64,ocu_isco88_6,2010,7.936
ita,sex_f,age_ythadult_y15_64,ocu_isco88_7,2007,11.472
ita,sex_f,age_ythadult_y15_64,ocu_isco88_7,2008,10.776
ita,sex_f,age_ythadult_y15_64,ocu_isco88_7,2009,11.503
ita,sex_f,age_ythadult_y15_64,ocu_isco88_7,2010,6.059
ita,sex_f,age_ythadult_y15_64,ocu_isco88_8,2007,5.742
ita,sex_f,age_ythadult_y15_64,ocu_isco88_8,2010,6.929
ita,sex_f,age_ythadult_y15_64,ocu_isco88_9,2007,24.493
ita,sex_f,age_ythadult_y15_64,ocu_isco88_9,2008,20.835
ita,sex_f,age_ythadult_y15_64,ocu_isco88_9,2009,28.111
ita,sex_f,age_ythadult_y15_64,ocu_isco88_9,2010,33.72
ita,sex_f,age_ythadult_y15_64,ocu_isco88_total,2007,189.376
ita,sex_f,age_ythadult_y15_64,ocu_isco88_total,2008,184.976
ita,sex_f,age_ythadult_y15_64,ocu_isco88_total,2009,178.752
ita,sex_f,age_ythadult_y15_64,ocu_isco88_total,2010,165.377
ita,sex_f,age_ythadult_y15_64,ocu_skill_l1,2007,24.493
ita,sex_f,age_ythadult_y15_64,ocu_skill_l1,2008,20.835
ita,sex_f,age_ythadult_y15_64,ocu_skill_l1,2009,28.111
ita,sex_f,age_ythadult_y15_64,ocu_skill_l1,2010,33.72
ita,sex_f,age_ythadult_y15_64,ocu_skill_l1,2011,249.807
ita,sex_f,age_ythadult_y15_64,ocu_skill_l1,2012,355.254
ita,sex_f,age_ythadult_y15_64,ocu_skill_l1,2013,355.072
ita,sex_f,age_ythadult_y15_64,ocu_skill_l1,2014,396.944
ita,sex_f,age_ythadult_y15_64,ocu_skill_l1,2015,377.424
ita,sex_f,age_ythadult_y15_64,ocu_skill_l1,2016,349.984
ita,sex_f,age_ythadult_y15_64,ocu_skill_l1,2017,283.431
ita,sex_f,age_ythadult_y15_64,ocu_skill_l1,2018,456.5
ita,sex_f,age_ythadult_y15_64,ocu_skill_l1,2019,467.108
ita,sex_f,age_ythadult_y15_64,ocu_skill_l1,2020,362.69
ita,sex_f,age_ythadult_y15_64,ocu_skill_l1,2021,421.447
ita,sex_f,age_ythadult_y15_64,ocu_skill_l1,2022,337.635
ita,sex_f,age_ythadult_y15_64,ocu_skill_l1,2023,397.632
ita,sex_f,age_ythadult_y15_64,ocu_skill_l2,2007,91.578
ita,sex_f,age_ythadult_y15_64,ocu_skill_l2,2008,97.879
ita,sex_f,age_ythadult_y15_64,ocu_skill_l2,2009,80.463
ita,sex_f,age_ythadult_y15_64,ocu_skill_l2,2010,76.093
ita,sex_f,age_ythadult_y15_64,ocu_skill_l2,2011,383.331
ita,sex_f,age_ythadult_y15_64,ocu_skill_l2,2012,411.333
ita,sex_f,age_ythadult_y15_64,ocu_skill_l2,2013,520.856
ita,sex_f,age_ythadult_y15_64,ocu_skill_l2,2014,499.57
ita,sex_f,age_ythadult_y15_64,ocu_skill_l2,2015,570.474
ita,sex_f,age_ythadult_y15_64,ocu_skill_l2,2016,501.805
ita,sex_f,age_ythadult_y15_64,ocu_skill_l2,2017,451.476
ita,sex_f,age_ythadult_y15_64,ocu_skill_l2,2018,464.126
ita,sex_f,age_ythadult_y15_64,ocu_skill_l2,2019,504.834
ita,sex_f,age_ythadult_y15_64,ocu_skill_l2,2020,399.888
ita,sex_f,age_ythadult_y15_64,ocu_skill_l2,2021,413.697
ita,sex_f,age_ythadult_y15_64,ocu_skill_l2,2022,353.726
ita,sex_f,age_ythadult_y15_64,ocu_skill_l2,2023,407.399
ita,sex_f,age_ythadult_y15_64,ocu_skill_l3_4,2007,73.305
ita,sex_f,age_ythadult_y15_64,ocu_skill_l3_4,2008,66.263
ita,sex_f,age_ythadult_y15_64,ocu_skill_l3_4,2009,70.178
ita,sex_f,age_ythadult_y15_64,ocu_skill_l3_4,2010,55.565
ita,sex_f,age_ythadult_y15_64,ocu_skill_l3_4,2011,49.995
ita,sex_f,age_ythadult_y15_64,ocu_skill_l3_4,2012,47.178
ita,sex_f,age_ythadult_y15_64,ocu_skill_l3_4,2013,35.655
ita,sex_f,age_ythadult_y15_64,ocu_skill_l3_4,2014,26.908
ita,sex_f,age_ythadult_y15_64,ocu_skill_l3_4,2015,42.322
ita,sex_f,age_ythadult_y15_64,ocu_skill_l3_4,2016,28.683
ita,sex_f,age_ythadult_y15_64,ocu_skill_l3_4,2017,25.48
ita,sex_f,age_ythadult_y15_64,ocu_skill_l3_4,2018,53.347
ita,sex_f,age_ythadult_y15_64,ocu_skill_l3_4,2019,78.309
ita,sex_f,age_ythadult_y15_64,ocu_skill_l3_4,2020,95.874
ita,sex_f,age_ythadult_y15_64,ocu_skill_l3_4,2021,75.742
ita,sex_f,age_ythadult_y15_64,ocu_skill_l3_4,2022,47.832
ita,sex_f,age_ythadult_y15_64,ocu_skill_l3_4,2023,51.176
ita,sex_f,age_ythadult_y15_64,ocu_skill_total,2007,189.376
ita,sex_f,age_ythadult_y15_64,ocu_skill_total,2008,184.976
ita,sex_f,age_ythadult_y15_64,ocu_skill_total,2009,178.752
ita,sex_f,age_ythadult_y15_64,ocu_skill_total,2010,165.377
ita,sex_f,age_ythadult_y15_64,ocu_skill_total,2011,683.133
ita,sex_f,age_ythadult_y15_64,ocu_skill_total,2012,813.766
ita,sex_f,age_ythadult_y15_64,ocu_skill_total,2013,911.583
ita,sex_f,age_ythadult_y15_64,ocu_skill_total,2014,923.422
ita,sex_f,age_ythadult_y15_64,ocu_skill_total,2015,990.22
ita,sex_f,age_ythadult_y15_64,ocu_skill_total,2016,880.472
ita,sex_f,age_ythadult_y15_64,ocu_skill_total,2017,760.387
ita,sex_f,age_ythadult_y15_64,ocu_skill_total,2018,973.973
ita,sex_f,age_ythadult_y15_64,ocu_skill_total,2019,1050.251
ita,sex_f,age_ythadult_y15_64,ocu_skill_total,2020,858.452
ita,sex_f,age_ythadult_y15_64,ocu_skill_total,2021,910.885
ita,sex_f,age_ythadult_y15_64,ocu_skill_total,2022,739.194
ita,sex_f,age_ythadult_y15_64,ocu_skill_total,2023,856.207
ita,sex_f,age_ythadult_yge15,ocu_isco08_1,2011,8.127
ita,sex_f,age_ythadult_yge15,ocu_isco08_1,2012,16.492
ita,sex_f,age_ythadult_yge15,ocu_isco08_1,2013,4.725
ita,sex_f,age_ythadult_yge15,ocu_isco08_1,2014,4.031
ita,sex_f,age_ythadult_yge15,ocu_isco08_1,2016,7.279
ita,sex_f,age_ythadult_yge15,ocu_isco08_1,2021,11.452
ita,sex_f,age_ythadult_yge15,ocu_isco08_1,2023,7.51
ita,sex_f,age_ythadult_yge15,ocu_isco08_2,2011,17.099
ita,sex_f,age_ythadult_yge15,ocu_isco08_2,2012,21.375
ita,sex_f,age_ythadult_yge15,ocu_isco08_2,2013,19.176
ita,sex_f,age_ythadult_yge15,ocu_isco08_2,2014,14.541
ita,sex_f,age_ythadult_yge15,ocu_isco08_2,2015,15.715
ita,sex_f,age_ythadult_yge15,ocu_isco08_2,2016,7.584
ita,sex_f,age_ythadult_yge15,ocu_isco08_2,2017,16.1
ita,sex_f,age_ythadult_yge15,ocu_isco08_2,2018,31.588
ita,sex_f,age_ythadult_yge15,ocu_isco08_2,2019,50.459
ita,sex_f,age_ythadult_yge15,ocu_isco08_2,2020,41.752
ita,sex_f,age_ythadult_yge15,ocu_isco08_2,2021,20.158
ita,sex_f,age_ythadult_yge15,ocu_isco08_2,2022,25.556
ita,sex_f,age_ythadult_yge15,ocu_isco08_2,2023,31.898
ita,sex_f,age_ythadult_yge15,ocu_isco08_3,2011,25.113
ita,sex_f,age_ythadult_yge15,ocu_isco08_3,2012,13.315
ita,sex_f,age_ythadult_yge15,ocu_isco08_3,2013,15.645
ita,sex_f,age_ythadult_yge15,ocu_isco08_3,2014,9.035
ita,sex_f,age_ythadult_yge15,ocu_isco08_3,2015,20.362
ita,sex_f,age_ythadult_yge15,ocu_isco08_3,2016,14.311
ita,sex_f,age_ythadult_yge15,ocu_isco08_3,2018,18.785
ita,sex_f,age_ythadult_yge15,ocu_isco08_3,2019,18.956
ita,sex_f,age_ythadult_yge15,ocu_isco08_3,2020,53.558
ita,sex_f,age_ythadult_yge15,ocu_isco08_3,2021,44.661
ita,sex_f,age_ythadult_yge15,ocu_isco08_3,2022,21.07
ita,sex_f,age_ythadult_yge15,ocu_isco08_3,2023,11.768
ita,sex_f,age_ythadult_yge15,ocu_isco08_4,2011,22.658
ita,sex_f,age_ythadult_yge15,ocu_isco08_4,2012,11.879
ita,sex_f,age_ythadult_yge15,ocu_isco08_4,2013,9.499
ita,sex_f,age_ythadult_yge15,ocu_isco08_4,2014,8.327
ita,sex_f,age_ythadult_yge15,ocu_isco08_4,2015,14.014
ita,sex_f,age_ythadult_yge15,ocu_isco08_4,2016,14.899
ita,sex_f,age_ythadult_yge15,ocu_isco08_4,2017,11.879
ita,sex_f,age_ythadult_yge15,ocu_isco08_4,2018,20.207
ita,sex_f,age_ythadult_yge15,ocu_isco08_4,2019,23.411
ita,sex_f,age_ythadult_yge15,ocu_isco08_4,2020,17.255
ita,sex_f,age_ythadult_yge15,ocu_isco08_4,2021,18.814
ita,sex_f,age_ythadult_yge15,ocu_isco08_4,2022,15.196
ita,sex_f,age_ythadult_yge15,ocu_isco08_4,2023,10.278
ita,sex_f,age_ythadult_yge15,ocu_isco08_5,2011,350.334
ita,sex_f,age_ythadult_yge15,ocu_isco08_5,2012,394.176
ita,sex_f,age_ythadult_yge15,ocu_isco08_5,2013,518.574
ita,sex_f,age_ythadult_yge15,ocu_isco08_5,2014,484.305
ita,sex_f,age_ythadult_yge15,ocu_isco08_5,2015,559.137
ita,sex_f,age_ythadult_yge15,ocu_isco08_5,2016,473.255
ita,sex_f,age_ythadult_yge15,ocu_isco08_5,2017,442.783
ita,sex_f,age_ythadult_yge15,ocu_isco08_5,2018,449.263
ita,sex_f,age_ythadult_yge15,ocu_isco08_5,2019,470.937
ita,sex_f,age_ythadult_yge15,ocu_isco08_5,2020,380.299
ita,sex_f,age_ythadult_yge15,ocu_isco08_5,2021,378.847
ita,sex_f,age_ythadult_yge15,ocu_isco08_5,2022,336.101
ita,sex_f,age_ythadult_yge15,ocu_isco08_5,2023,388.616
ita,sex_f,age_ythadult_yge15,ocu_isco08_6,2011,5.864
ita,sex_f,age_ythadult_yge15,ocu_isco08_6,2012,6.441
ita,sex_f,age_ythadult_yge15,ocu_isco08_6,2013,8.868
ita,sex_f,age_ythadult_yge15,ocu_isco08_6,2014,8.17
ita,sex_f,age_ythadult_yge15,ocu_isco08_6,2015,7.003
ita,sex_f,age_ythadult_yge15,ocu_isco08_6,2016,11.892
ita,sex_f,age_ythadult_yge15,ocu_isco08_6,2019,8.147
ita,sex_f,age_ythadult_yge15,ocu_isco08_6,2021,5.106
ita,sex_f,age_ythadult_yge15,ocu_isco08_7,2011,8.96
ita,sex_f,age_ythadult_yge15,ocu_isco08_7,2014,8.968
ita,sex_f,age_ythadult_yge15,ocu_isco08_7,2016,7.983
ita,sex_f,age_ythadult_yge15,ocu_isco08_7,2018,5.083
ita,sex_f,age_ythadult_yge15,ocu_isco08_7,2019,12.537
ita,sex_f,age_ythadult_yge15,ocu_isco08_7,2021,12.746
ita,sex_f,age_ythadult_yge15,ocu_isco08_7,2022,5.441
ita,sex_f,age_ythadult_yge15,ocu_isco08_7,2023,9.687
ita,sex_f,age_ythadult_yge15,ocu_isco08_8,2017,4.604
ita,sex_f,age_ythadult_yge15,ocu_isco08_8,2019,7.144
ita,sex_f,age_ythadult_yge15,ocu_isco08_8,2021,12.529
ita,sex_f,age_ythadult_yge15,ocu_isco08_9,2011,252.786
ita,sex_f,age_ythadult_yge15,ocu_isco08_9,2012,358.02
ita,sex_f,age_ythadult_yge15,ocu_isco08_9,2013,355.072
ita,sex_f,age_ythadult_yge15,ocu_isco08_9,2014,403.883
ita,sex_f,age_ythadult_yge15,ocu_isco08_9,2015,382.113
ita,sex_f,age_ythadult_yge15,ocu_isco08_9,2016,356.201
ita,sex_f,age_ythadult_yge15,ocu_isco08_9,2017,288.82
ita,sex_f,age_ythadult_yge15,ocu_isco08_9,2018,467.542
ita,sex_f,age_ythadult_yge15,ocu_isco08_9,2019,484.912
ita,sex_f,age_ythadult_yge15,ocu_isco08_9,2020,369.232
ita,sex_f,age_ythadult_yge15,ocu_isco08_9,2021,433.636
ita,sex_f,age_ythadult_yge15,ocu_isco08_9,2022,351.524
ita,sex_f,age_ythadult_yge15,ocu_isco08_9,2023,419.653
ita,sex_f,age_ythadult_yge15,ocu_isco08_total,2011,694.064
ita,sex_f,age_ythadult_yge15,ocu_isco08_total,2012,824.221
ita,sex_f,age_ythadult_yge15,ocu_isco08_total,2013,935.566
ita,sex_f,age_ythadult_yge15,ocu_isco08_total,2014,941.26
ita,sex_f,age_ythadult_yge15,ocu_isco08_total,2015,1010.232
ita,sex_f,age_ythadult_yge15,ocu_isco08_total,2016,893.863
ita,sex_f,age_ythadult_yge15,ocu_isco08_total,2017,776.333
ita,sex_f,age_ythadult_yge15,ocu_isco08_total,2018,1001.715
ita,sex_f,age_ythadult_yge15,ocu_isco08_total,2019,1085.397
ita,sex_f,age_ythadult_yge15,ocu_isco08_total,2020,879.844
ita,sex_f,age_ythadult_yge15,ocu_isco08_total,2021,937.95
ita,sex_f,age_ythadult_yge15,ocu_isco08_total,2022,759.427
ita,sex_f,age_ythadult_yge15,ocu_isco08_total,2023,882.827
ita,sex_f,age_ythadult_yge15,ocu_isco88_1,2007,27.205
ita,sex_f,age_ythadult_yge15,ocu_isco88_1,2008,31.428
ita,sex_f,age_ythadult_yge15,ocu_isco88_1,2009,29.948
ita,sex_f,age_ythadult_yge15,ocu_isco88_1,2010,29.147
ita,sex_f,age_ythadult_yge15,ocu_isco88_2,2007,13.713
ita,sex_f,age_ythadult_yge15,ocu_isco88_2,2008,18.934
ita,sex_f,age_ythadult_yge15,ocu_isco88_2,2009,18.076
ita,sex_f,age_ythadult_yge15,ocu_isco88_2,2010,16.172
ita,sex_f,age_ythadult_yge15,ocu_isco88_3,2007,33.006
ita,sex_f,age_ythadult_yge15,ocu_isco88_3,2008,20.302
ita,sex_f,age_ythadult_yge15,ocu_isco88_3,2009,22.375
ita,sex_f,age_ythadult_yge15,ocu_isco88_3,2010,10.536
ita,sex_f,age_ythadult_yge15,ocu_isco88_4,2007,20.522
ita,sex_f,age_ythadult_yge15,ocu_isco88_4,2008,20.166
ita,sex_f,age_ythadult_yge15,ocu_isco88_4,2009,14.694
ita,sex_f,age_ythadult_yge15,ocu_isco88_4,2010,9.593
ita,sex_f,age_ythadult_yge15,ocu_isco88_5,2007,44.572
ita,sex_f,age_ythadult_yge15,ocu_isco88_5,2008,43.402
ita,sex_f,age_ythadult_yge15,ocu_isco88_5,2009,37.236
ita,sex_f,age_ythadult_yge15,ocu_isco88_5,2010,47.741
ita,sex_f,age_ythadult_yge15,ocu_isco88_6,2007,9.27
ita,sex_f,age_ythadult_yge15,ocu_isco88_6,2008,21.122
ita,sex_f,age_ythadult_yge15,ocu_isco88_6,2009,17.199
ita,sex_f,age_ythadult_yge15,ocu_isco88_6,2010,8.63
ita,sex_f,age_ythadult_yge15,ocu_isco88_7,2007,11.472
ita,sex_f,age_ythadult_yge15,ocu_isco88_7,2008,10.776
ita,sex_f,age_ythadult_yge15,ocu_isco88_7,2009,11.64
ita,sex_f,age_ythadult_yge15,ocu_isco88_7,2010,6.059
ita,sex_f,age_ythadult_yge15,ocu_isco88_8,2007,5.742
ita,sex_f,age_ythadult_yge15,ocu_isco88_8,2010,6.929
ita,sex_f,age_ythadult_yge15,ocu_isco88_9,2007,24.493
ita,sex_f,age_ythadult_yge15,ocu_isco88_9,2008,21.849
ita,sex_f,age_ythadult_yge15,ocu_isco88_9,2009,28.751
ita,sex_f,age_ythadult_yge15,ocu_isco88_9,2010,33.72
ita,sex_f,age_ythadult_yge15,ocu_isco88_total,2007,189.995
ita,sex_f,age_ythadult_yge15,ocu_isco88_total,2008,192.488
ita,sex_f,age_ythadult_yge15,ocu_isco88_total,2009,180.72
ita,sex_f,age_ythadult_yge15,ocu_isco88_total,2010,168.527
ita,sex_f,age_ythadult_yge15,ocu_skill_l1,2007,24.493
ita,sex_f,age_ythadult_yge15,ocu_skill_l1,2008,21.849
ita,sex_f,age_ythadult_yge15,ocu_skill_l1,2009,28.751
ita,sex_f,age_ythadult_yge15,ocu_skill_l1,2010,33.72
ita,sex_f,age_ythadult_yge15,ocu_skill_l1,2011,252.786
ita,sex_f,age_ythadult_yge15,ocu_skill_l1,2012,358.02
ita,sex_f,age_ythadult_yge15,ocu_skill_l1,2013,355.072
ita,sex_f,age_ythadult_yge15,ocu_skill_l1,2014,403.883
ita,sex_f,age_ythadult_yge15,ocu_skill_l1,2015,382.113
ita,sex_f,age_ythadult_yge15,ocu_skill_l1,2016,356.201
ita,sex_f,age_ythadult_yge15,ocu_skill_l1,2017,288.82
ita,sex_f,age_ythadult_yge15,ocu_skill_l1,2018,467.542
ita,sex_f,age_ythadult_yge15,ocu_skill_l1,2019,484.912
ita,sex_f,age_ythadult_yge15,ocu_skill_l1,2020,369.232
ita,sex_f,age_ythadult_yge15,ocu_skill_l1,2021,433.636
ita,sex_f,age_ythadult_yge15,ocu_skill_l1,2022,351.524
ita,sex_f,age_ythadult_yge15,ocu_skill_l1,2023,419.653
ita,sex_f,age_ythadult_yge15,ocu_skill_l2,2007,91.578
ita,sex_f,age_ythadult_yge15,ocu_skill_l2,2008,99.975
ita,sex_f,age_ythadult_yge15,ocu_skill_l2,2009,81.57
ita,sex_f,age_ythadult_yge15,ocu_skill_l2,2010,78.951
ita,sex_f,age_ythadult_yge15,ocu_skill_l2,2011,390.939
ita,sex_f,age_ythadult_yge15,ocu_skill_l2,2012,415.018
ita,sex_f,age_ythadult_yge15,ocu_skill_l2,2013,540.948
ita,sex_f,age_ythadult_yge15,ocu_skill_l2,2014,509.77
ita,sex_f,age_ythadult_yge15,ocu_skill_l2,2015,584.212
ita,sex_f,age_ythadult_yge15,ocu_skill_l2,2016,508.489
ita,sex_f,age_ythadult_yge15,ocu_skill_l2,2017,462.033
ita,sex_f,age_ythadult_yge15,ocu_skill_l2,2018,480.238
ita,sex_f,age_ythadult_yge15,ocu_skill_l2,2019,522.176
ita,sex_f,age_ythadult_yge15,ocu_skill_l2,2020,414.738
ita,sex_f,age_ythadult_yge15,ocu_skill_l2,2021,428.042
ita,sex_f,age_ythadult_yge15,ocu_skill_l2,2022,360.07
ita,sex_f,age_ythadult_yge15,ocu_skill_l2,2023,411.998
ita,sex_f,age_ythadult_yge15,ocu_skill_l3_4,2007,73.924
ita,sex_f,age_ythadult_yge15,ocu_skill_l3_4,2008,70.664
ita,sex_f,age_ythadult_yge15,ocu_skill_l3_4,2009,70.399
ita,sex_f,age_ythadult_yge15,ocu_skill_l3_4,2010,55.856
ita,sex_f,age_ythadult_yge15,ocu_skill_l3_4,2011,50.34
ita,sex_f,age_ythadult_yge15,ocu_skill_l3_4,2012,51.183
ita,sex_f,age_ythadult_yge15,ocu_skill_l3_4,2013,39.546
ita,sex_f,age_ythadult_yge15,ocu_skill_l3_4,2014,27.607
ita,sex_f,age_ythadult_yge15,ocu_skill_l3_4,2015,43.907
ita,sex_f,age_ythadult_yge15,ocu_skill_l3_4,2016,29.174
ita,sex_f,age_ythadult_yge15,ocu_skill_l3_4,2017,25.48
ita,sex_f,age_ythadult_yge15,ocu_skill_l3_4,2018,53.934
ita,sex_f,age_ythadult_yge15,ocu_skill_l3_4,2019,78.309
ita,sex_f,age_ythadult_yge15,ocu_skill_l3_4,2020,95.874
ita,sex_f,age_ythadult_yge15,ocu_skill_l3_4,2021,76.271
ita,sex_f,age_ythadult_yge15,ocu_skill_l3_4,2022,47.832
ita,sex_f,age_ythadult_yge15,ocu_skill_l3_4,2023,51.176
ita,sex_f,age_ythadult_yge15,ocu_skill_total,2007,189.995
ita,sex_f,age_ythadult_yge15,ocu_skill_total,2008,192.488
ita,sex_f,age_ythadult_yge15,ocu_skill_total,2009,180.72
ita,sex_f,age_ythadult_yge15,ocu_skill_total,2010,168.527
ita,sex_f,age_ythadult_yge15,ocu_skill_total,2011,694.064
ita,sex_f,age_ythadult_yge15,ocu_skill_total,2012,824.221
ita,sex_f,age_ythadult_yge15,ocu_skill_total,2013,935.566
ita,sex_f,age_ythadult_yge15,ocu_skill_total,2014,941.26
ita,sex_f,age_ythadult_yge15,ocu_skill_total,2015,1010.232
ita,sex_f,age_ythadult_yge15,ocu_skill_total,2016,893.863
ita,sex_f,age_ythadult_yge15,ocu_skill_total,2017,776.333
ita,sex_f,age_ythadult_yge15,ocu_skill_total,2018,1001.715
ita,sex_f,age_ythadult_yge15,ocu_skill_total,2019,1085.397
ita,sex_f,age_ythadult_yge15,ocu_skill_total,2020,879.844
ita,sex_f,age_ythadult_yge15,ocu_skill_total,2021,937.95
ita,sex_f,age_ythadult_yge15,ocu_skill_total,2022,759.427
ita,sex_f,age_ythadult_yge15,ocu_skill_total,2023,882.827
ita,sex_f,age_ythadult_yge25,ocu_isco08_1,2011,8.127
ita,sex_f,age_ythadult_yge25,ocu_isco08_1,2012,14.703
ita,sex_f,age_ythadult_yge25,ocu_isco08_1,2013,4.725
ita,sex_f,age_ythadult_yge25,ocu_isco08_1,2014,4.031
ita,sex_f,age_ythadult_yge25,ocu_isco08_1,2016,7.279
ita,sex_f,age_ythadult_yge25,ocu_isco08_1,2021,11.452
ita,sex_f,age_ythadult_yge25,ocu_isco08_1,2023,7.51
ita,sex_f,age_ythadult_yge25,ocu_isco08_2,2011,12.716
ita,sex_f,age_ythadult_yge25,ocu_isco08_2,2012,17.243
ita,sex_f,age_ythadult_yge25,ocu_isco08_2,2013,15.264
ita,sex_f,age_ythadult_yge25,ocu_isco08_2,2014,13.029
ita,sex_f,age_ythadult_yge25,ocu_isco08_2,2015,12.538
ita,sex_f,age_ythadult_yge25,ocu_isco08_2,2016,7.584
ita,sex_f,age_ythadult_yge25,ocu_isco08_2,2017,16.1
ita,sex_f,age_ythadult_yge25,ocu_isco08_2,2018,27.709
ita,sex_f,age_ythadult_yge25,ocu_isco08_2,2019,40.958
ita,sex_f,age_ythadult_yge25,ocu_isco08_2,2020,30.489
ita,sex_f,age_ythadult_yge25,ocu_isco08_2,2021,15.616
ita,sex_f,age_ythadult_yge25,ocu_isco08_2,2022,24.357
ita,sex_f,age_ythadult_yge25,ocu_isco08_2,2023,30.65
ita,sex_f,age_ythadult_yge25,ocu_isco08_3,2011,20.925
ita,sex_f,age_ythadult_yge25,ocu_isco08_3,2012,10.033
ita,sex_f,age_ythadult_yge25,ocu_isco08_3,2013,10.452
ita,sex_f,age_ythadult_yge25,ocu_isco08_3,2014,5.99
ita,sex_f,age_ythadult_yge25,ocu_isco08_3,2015,12.174
ita,sex_f,age_ythadult_yge25,ocu_isco08_3,2016,9.976
ita,sex_f,age_ythadult_yge25,ocu_isco08_3,2018,17.998
ita,sex_f,age_ythadult_yge25,ocu_isco08_3,2019,11.836
ita,sex_f,age_ythadult_yge25,ocu_isco08_3,2020,37.602
ita,sex_f,age_ythadult_yge25,ocu_isco08_3,2021,27.58
ita,sex_f,age_ythadult_yge25,ocu_isco08_3,2022,18.955
ita,sex_f,age_ythadult_yge25,ocu_isco08_3,2023,9.87
ita,sex_f,age_ythadult_yge25,ocu_isco08_4,2011,11.956
ita,sex_f,age_ythadult_yge25,ocu_isco08_4,2012,6.974
ita,sex_f,age_ythadult_yge25,ocu_isco08_4,2013,5.241
ita,sex_f,age_ythadult_yge25,ocu_isco08_4,2014,6.687
ita,sex_f,age_ythadult_yge25,ocu_isco08_4,2015,5.959
ita,sex_f,age_ythadult_yge25,ocu_isco08_4,2016,9.382
ita,sex_f,age_ythadult_yge25,ocu_isco08_4,2017,9.399
ita,sex_f,age_ythadult_yge25,ocu_isco08_4,2018,11.702
ita,sex_f,age_ythadult_yge25,ocu_isco08_4,2019,18.805
ita,sex_f,age_ythadult_yge25,ocu_isco08_4,2020,17.255
ita,sex_f,age_ythadult_yge25,ocu_isco08_4,2022,14.382
ita,sex_f,age_ythadult_yge25,ocu_isco08_4,2023,9.949
ita,sex_f,age_ythadult_yge25,ocu_isco08_5,2011,299.191
ita,sex_f,age_ythadult_yge25,ocu_isco08_5,2012,342.736
ita,sex_f,age_ythadult_yge25,ocu_isco08_5,2013,458.843
ita,sex_f,age_ythadult_yge25,ocu_isco08_5,2014,439.709
ita,sex_f,age_ythadult_yge25,ocu_isco08_5,2015,509.876
ita,sex_f,age_ythadult_yge25,ocu_isco08_5,2016,420.517
ita,sex_f,age_ythadult_yge25,ocu_isco08_5,2017,407.687
ita,sex_f,age_ythadult_yge25,ocu_isco08_5,2018,422.405
ita,sex_f,age_ythadult_yge25,ocu_isco08_5,2019,408.283
ita,sex_f,age_ythadult_yge25,ocu_isco08_5,2020,345.181
ita,sex_f,age_ythadult_yge25,ocu_isco08_5,2021,328.198
ita,sex_f,age_ythadult_yge25,ocu_isco08_5,2022,315.89
ita,sex_f,age_ythadult_yge25,ocu_isco08_5,2023,370.59
ita,sex_f,age_ythadult_yge25,ocu_isco08_6,2011,5.864
ita,sex_f,age_ythadult_yge25,ocu_isco08_6,2012,6.058
ita,sex_f,age_ythadult_yge25,ocu_isco08_6,2013,8.868
ita,sex_f,age_ythadult_yge25,ocu_isco08_6,2014,8.17
ita,sex_f,age_ythadult_yge25,ocu_isco08_6,2015,7.003
ita,sex_f,age_ythadult_yge25,ocu_isco08_6,2016,11.892
ita,sex_f,age_ythadult_yge25,ocu_isco08_6,2019,8.147
ita,sex_f,age_ythadult_yge25,ocu_isco08_6,2021,5.106
ita,sex_f,age_ythadult_yge25,ocu_isco08_7,2011,6.238
ita,sex_f,age_ythadult_yge25,ocu_isco08_7,2014,8.968
ita,sex_f,age_ythadult_yge25,ocu_isco08_7,2016,7.072
ita,sex_f,age_ythadult_yge25,ocu_isco08_7,2018,3.691
ita,sex_f,age_ythadult_yge25,ocu_isco08_7,2019,10.559
ita,sex_f,age_ythadult_yge25,ocu_isco08_7,2021,12.366
ita,sex_f,age_ythadult_yge25,ocu_isco08_7,2023,9.632
ita,sex_f,age_ythadult_yge25,ocu_isco08_8,2017,4.604
ita,sex_f,age_ythadult_yge25,ocu_isco08_8,2019,7.144
ita,sex_f,age_ythadult_yge25,ocu_isco08_8,2021,12.529
ita,sex_f,age_ythadult_yge25,ocu_isco08_9,2011,244.883
ita,sex_f,age_ythadult_yge25,ocu_isco08_9,2012,352.299
ita,sex_f,age_ythadult_yge25,ocu_isco08_9,2013,339.535
ita,sex_f,age_ythadult_yge25,ocu_isco08_9,2014,401.28
ita,sex_f,age_ythadult_yge25,ocu_isco08_9,2015,372.92
ita,sex_f,age_ythadult_yge25,ocu_isco08_9,2016,352.64
ita,sex_f,age_ythadult_yge25,ocu_isco08_9,2017,287.113
ita,sex_f,age_ythadult_yge25,ocu_isco08_9,2018,456.672
ita,sex_f,age_ythadult_yge25,ocu_isco08_9,2019,471.317
ita,sex_f,age_ythadult_yge25,ocu_isco08_9,2020,366.755
ita,sex_f,age_ythadult_yge25,ocu_isco08_9,2021,417.487
ita,sex_f,age_ythadult_yge25,ocu_isco08_9,2022,335.004
ita,sex_f,age_ythadult_yge25,ocu_isco08_9,2023,419.653
ita,sex_f,age_ythadult_yge25,ocu_isco08_total,2011,613.023
ita,sex_f,age_ythadult_yge25,ocu_isco08_total,2012,752.567
ita,sex_f,age_ythadult_yge25,ocu_isco08_total,2013,844.323
ita,sex_f,age_ythadult_yge25,ocu_isco08_total,2014,887.864
ita,sex_f,age_ythadult_yge25,ocu_isco08_total,2015,929.892
ita,sex_f,age_ythadult_yge25,ocu_isco08_total,2016,826.801
ita,sex_f,age_ythadult_yge25,ocu_isco08_total,2017,735.811
ita,sex_f,age_ythadult_yge25,ocu_isco08_total,2018,949.424
ita,sex_f,age_ythadult_yge25,ocu_isco08_total,2019,985.943
ita,sex_f,age_ythadult_yge25,ocu_isco08_total,2020,813.573
ita,sex_f,age_ythadult_yge25,ocu_isco08_total,2021,838.464
ita,sex_f,age_ythadult_yge25,ocu_isco08_total,2022,717.1
ita,sex_f,age_ythadult_yge25,ocu_isco08_total,2023,861.271
ita,sex_f,age_ythadult_yge25,ocu_isco88_1,2007,23.408
ita,sex_f,age_ythadult_yge25,ocu_isco88_1,2008,30.628
ita,sex_f,age_ythadult_yge25,ocu_isco88_1,2009,25.42
ita,sex_f,age_ythadult_yge25,ocu_isco88_1,2010,26.179
ita,sex_f,age_ythadult_yge25,ocu_isco88_2,2007,10.29
ita,sex_f,age_ythadult_yge25,ocu_isco88_2,2008,16.171
ita,sex_f,age_ythadult_yge25,ocu_isco88_2,2009,13.739
ita,sex_f,age_ythadult_yge25,ocu_isco88_2,2010,14.502
ita,sex_f,age_ythadult_yge25,ocu_isco88_3,2007,24.173
ita,sex_f,age_ythadult_yge25,ocu_isco88_3,2008,14.638
ita,sex_f,age_ythadult_yge25,ocu_isco88_3,2009,11.283
ita,sex_f,age_ythadult_yge25,ocu_isco88_3,2010,6.374
ita,sex_f,age_ythadult_yge25,ocu_isco88_4,2007,7.369
ita,sex_f,age_ythadult_yge25,ocu_isco88_4,2008,13.373
ita,sex_f,age_ythadult_yge25,ocu_isco88_4,2009,10.948
ita,sex_f,age_ythadult_yge25,ocu_isco88_5,2007,25.107
ita,sex_f,age_ythadult_yge25,ocu_isco88_5,2008,29.494
ita,sex_f,age_ythadult_yge25,ocu_isco88_5,2009,28.523
ita,sex_f,age_ythadult_yge25,ocu_isco88_5,2010,37.945
ita,sex_f,age_ythadult_yge25,ocu_isco88_6,2007,8.279
ita,sex_f,age_ythadult_yge25,ocu_isco88_6,2008,20.675
ita,sex_f,age_ythadult_yge25,ocu_isco88_6,2009,17.199
ita,sex_f,age_ythadult_yge25,ocu_isco88_6,2010,8.63
ita,sex_f,age_ythadult_yge25,ocu_isco88_7,2007,11.472
ita,sex_f,age_ythadult_yge25,ocu_isco88_7,2008,10.25
ita,sex_f,age_ythadult_yge25,ocu_isco88_7,2009,8.325
ita,sex_f,age_ythadult_yge25,ocu_isco88_7,2010,4.736
ita,sex_f,age_ythadult_yge25,ocu_isco88_8,2007,5.742
ita,sex_f,age_ythadult_yge25,ocu_isco88_8,2010,6.288
ita,sex_f,age_ythadult_yge25,ocu_isco88_9,2007,17.799
ita,sex_f,age_ythadult_yge25,ocu_isco88_9,2008,17.251
ita,sex_f,age_ythadult_yge25,ocu_isco88_9,2009,26.358
ita,sex_f,age_ythadult_yge25,ocu_isco88_9,2010,22.065
ita,sex_f,age_ythadult_yge25,ocu_isco88_total,2007,133.639
ita,sex_f,age_ythadult_yge25,ocu_isco88_total,2008,154.557
ita,sex_f,age_ythadult_yge25,ocu_isco88_total,2009,142.596
ita,sex_f,age_ythadult_yge25,ocu_isco88_total,2010,130.702
ita,sex_f,age_ythadult_yge25,ocu_skill_l1,2007,17.799
ita,sex_f,age_ythadult_yge25,ocu_skill_l1,2008,17.251
ita,sex_f,age_ythadult_yge25,ocu_skill_l1,2009,26.358
ita,sex_f,age_ythadult_yge25,ocu_skill_l1,2010,22.065
ita,sex_f,age_ythadult_yge25,ocu_skill_l1,2011,244.883
ita,sex_f,age_ythadult_yge25,ocu_skill_l1,2012,352.299
ita,sex_f,age_ythadult_yge25,ocu_skill_l1,2013,339.535
ita,sex_f,age_ythadult_yge25,ocu_skill_l1,2014,401.28
ita,sex_f,age_ythadult_yge25,ocu_skill_l1,2015,372.92
ita,sex_f,age_ythadult_yge25,ocu_skill_l1,2016,352.64
ita,sex_f,age_ythadult_yge25,ocu_skill_l1,2017,287.113
ita,sex_f,age_ythadult_yge25,ocu_skill_l1,2018,456.672
ita,sex_f,age_ythadult_yge25,ocu_skill_l1,2019,471.317
ita,sex_f,age_ythadult_yge25,ocu_skill_l1,2020,366.755
ita,sex_f,age_ythadult_yge25,ocu_skill_l1,2021,417.487
ita,sex_f,age_ythadult_yge25,ocu_skill_l1,2022,335.004
ita,sex_f,age_ythadult_yge25,ocu_skill_l1,2023,419.653
ita,sex_f,age_ythadult_yge25,ocu_skill_l2,2007,57.968
ita,sex_f,age_ythadult_yge25,ocu_skill_l2,2008,75.869
ita,sex_f,age_ythadult_yge25,ocu_skill_l2,2009,65.796
ita,sex_f,age_ythadult_yge25,ocu_skill_l2,2010,61.583
ita,sex_f,age_ythadult_yge25,ocu_skill_l2,2011,326.372
ita,sex_f,age_ythadult_yge25,ocu_skill_l2,2012,358.29
ita,sex_f,age_ythadult_yge25,ocu_skill_l2,2013,474.347
ita,sex_f,age_ythadult_yge25,ocu_skill_l2,2014,463.534
ita,sex_f,age_ythadult_yge25,ocu_skill_l2,2015,524.429
ita,sex_f,age_ythadult_yge25,ocu_skill_l2,2016,449.323
ita,sex_f,age_ythadult_yge25,ocu_skill_l2,2017,424.456
ita,sex_f,age_ythadult_yge25,ocu_skill_l2,2018,443.484
ita,sex_f,age_ythadult_yge25,ocu_skill_l2,2019,452.937
ita,sex_f,age_ythadult_yge25,ocu_skill_l2,2020,378.726
ita,sex_f,age_ythadult_yge25,ocu_skill_l2,2021,366.329
ita,sex_f,age_ythadult_yge25,ocu_skill_l2,2022,337.577
ita,sex_f,age_ythadult_yge25,ocu_skill_l2,2023,393.588
ita,sex_f,age_ythadult_yge25,ocu_skill_l3_4,2007,57.872
ita,sex_f,age_ythadult_yge25,ocu_skill_l3_4,2008,61.437
ita,sex_f,age_ythadult_yge25,ocu_skill_l3_4,2009,50.442
ita,sex_f,age_ythadult_yge25,ocu_skill_l3_4,2010,47.055
ita,sex_f,age_ythadult_yge25,ocu_skill_l3_4,2011,41.768
ita,sex_f,age_ythadult_yge25,ocu_skill_l3_4,2012,41.978
ita,sex_f,age_ythadult_yge25,ocu_skill_l3_4,2013,30.442
ita,sex_f,age_ythadult_yge25,ocu_skill_l3_4,2014,23.05
ita,sex_f,age_ythadult_yge25,ocu_skill_l3_4,2015,32.542
ita,sex_f,age_ythadult_yge25,ocu_skill_l3_4,2016,24.838
ita,sex_f,age_ythadult_yge25,ocu_skill_l3_4,2017,24.241
ita,sex_f,age_ythadult_yge25,ocu_skill_l3_4,2018,49.269
ita,sex_f,age_ythadult_yge25,ocu_skill_l3_4,2019,61.688
ita,sex_f,age_ythadult_yge25,ocu_skill_l3_4,2020,68.092
ita,sex_f,age_ythadult_yge25,ocu_skill_l3_4,2021,54.648
ita,sex_f,age_ythadult_yge25,ocu_skill_l3_4,2022,44.518
ita,sex_f,age_ythadult_yge25,ocu_skill_l3_4,2023,48.03
ita,sex_f,age_ythadult_yge25,ocu_skill_total,2007,133.639
ita,sex_f,age_ythadult_yge25,ocu_skill_total,2008,154.557
ita,sex_f,age_ythadult_yge25,ocu_skill_total,2009,142.596
ita,sex_f,age_ythadult_yge25,ocu_skill_total,2010,130.702
ita,sex_f,age_ythadult_yge25,ocu_skill_total,2011,613.023
ita,sex_f,age_ythadult_yge25,ocu_skill_total,2012,752.567
ita,sex_f,age_ythadult_yge25,ocu_skill_total,2013,844.323
ita,sex_f,age_ythadult_yge25,ocu_skill_total,2014,887.864
ita,sex_f,age_ythadult_yge25,ocu_skill_total,2015,929.892
ita,sex_f,age_ythadult_yge25,ocu_skill_total,2016,826.801
ita,sex_f,age_ythadult_yge25,ocu_skill_total,2017,735.811
ita,sex_f,age_ythadult_yge25,ocu_skill_total,2018,949.424
ita,sex_f,age_ythadult_yge25,ocu_skill_total,2019,985.943
ita,sex_f,age_ythadult_yge25,ocu_skill_total,2020,813.573
ita,sex_f,age_ythadult_yge25,ocu_skill_total,2021,838.464
ita,sex_f,age_ythadult_yge25,ocu_skill_total,2022,717.1
ita,sex_f,age_ythadult_yge25,ocu_skill_total,2023,861.271
ita,sex_m,age_10yrbands_total,ocu_skill_l1,2007,21.7
ita,sex_m,age_10yrbands_total,ocu_skill_l1,2008,24.343
ita,sex_m,age_10yrbands_total,ocu_skill_l1,2009,15.441
ita,sex_m,age_10yrbands_total,ocu_skill_l1,2010,21.478
ita,sex_m,age_10yrbands_total,ocu_skill_l1,2011,56.002
ita,sex_m,age_10yrbands_total,ocu_skill_l1,2012,66.142
ita,sex_m,age_10yrbands_total,ocu_skill_l1,2013,82.777
ita,sex_m,age_10yrbands_total,ocu_skill_l1,2014,54.526
ita,sex_m,age_10yrbands_total,ocu_skill_l1,2015,57.774
ita,sex_m,age_10yrbands_total,ocu_skill_l1,2016,77.614
ita,sex_m,age_10yrbands_total,ocu_skill_l1,2017,73.358
ita,sex_m,age_10yrbands_total,ocu_skill_l1,2018,142.931
ita,sex_m,age_10yrbands_total,ocu_skill_l1,2019,107.264
ita,sex_m,age_10yrbands_total,ocu_skill_l1,2020,85.974
ita,sex_m,age_10yrbands_total,ocu_skill_l1,2021,98.479
ita,sex_m,age_10yrbands_total,ocu_skill_l1,2022,118.078
ita,sex_m,age_10yrbands_total,ocu_skill_l1,2023,54.788
ita,sex_m,age_10yrbands_total,ocu_skill_l2,2007,116.671
ita,sex_m,age_10yrbands_total,ocu_skill_l2,2008,130.301
ita,sex_m,age_10yrbands_total,ocu_skill_l2,2009,90.012
ita,sex_m,age_10yrbands_total,ocu_skill_l2,2010,140.401
ita,sex_m,age_10yrbands_total,ocu_skill_l2,2011,177.588
ita,sex_m,age_10yrbands_total,ocu_skill_l2,2012,162.039
ita,sex_m,age_10yrbands_total,ocu_skill_l2,2013,155.063
ita,sex_m,age_10yrbands_total,ocu_skill_l2,2014,171.207
ita,sex_m,age_10yrbands_total,ocu_skill_l2,2015,173.231
ita,sex_m,age_10yrbands_total,ocu_skill_l2,2016,204.135
ita,sex_m,age_10yrbands_total,ocu_skill_l2,2017,154.734
ita,sex_m,age_10yrbands_total,ocu_skill_l2,2018,185.189
ita,sex_m,age_10yrbands_total,ocu_skill_l2,2019,207.455
ita,sex_m,age_10yrbands_total,ocu_skill_l2,2020,136.233
ita,sex_m,age_10yrbands_total,ocu_skill_l2,2021,201.557
ita,sex_m,age_10yrbands_total,ocu_skill_l2,2022,178.652
ita,sex_m,age_10yrbands_total,ocu_skill_l2,2023,160.417
ita,sex_m,age_10yrbands_total,ocu_skill_l3_4,2007,76.336
ita,sex_m,age_10yrbands_total,ocu_skill_l3_4,2008,107.653
ita,sex_m,age_10yrbands_total,ocu_skill_l3_4,2009,75.705
ita,sex_m,age_10yrbands_total,ocu_skill_l3_4,2010,64.082
ita,sex_m,age_10yrbands_total,ocu_skill_l3_4,2011,69.976
ita,sex_m,age_10yrbands_total,ocu_skill_l3_4,2012,33.081
ita,sex_m,age_10yrbands_total,ocu_skill_l3_4,2013,39.85
ita,sex_m,age_10yrbands_total,ocu_skill_l3_4,2014,32.619
ita,sex_m,age_10yrbands_total,ocu_skill_l3_4,2015,38.004
ita,sex_m,age_10yrbands_total,ocu_skill_l3_4,2016,49.441
ita,sex_m,age_10yrbands_total,ocu_skill_l3_4,2017,23.556
ita,sex_m,age_10yrbands_total,ocu_skill_l3_4,2018,49.819
ita,sex_m,age_10yrbands_total,ocu_skill_l3_4,2019,64.601
ita,sex_m,age_10yrbands_total,ocu_skill_l3_4,2020,55.312
ita,sex_m,age_10yrbands_total,ocu_skill_l3_4,2021,64.552
ita,sex_m,age_10yrbands_total,ocu_skill_l3_4,2022,76.751
ita,sex_m,age_10yrbands_total,ocu_skill_l3_4,2023,47.81
ita,sex_m,age_10yrbands_total,ocu_skill_total,2007,214.707
ita,sex_m,age_10yrbands_total,ocu_skill_total,2008,262.298
ita,sex_m,age_10yrbands_total,ocu_skill_total,2009,181.159
ita,sex_m,age_10yrbands_total,ocu_skill_total,2010,225.962
ita,sex_m,age_10yrbands_total,ocu_skill_total,2011,303.566
ita,sex_m,age_10yrbands_total,ocu_skill_total,2012,261.262
ita,sex_m,age_10yrbands_total,ocu_skill_total,2013,277.691
ita,sex_m,age_10yrbands_total,ocu_skill_total,2014,258.352
ita,sex_m,age_10yrbands_total,ocu_skill_total,2015,269.009
ita,sex_m,age_10yrbands_total,ocu_skill_total,2016,331.189
ita,sex_m,age_10yrbands_total,ocu_skill_total,2017,251.648
ita,sex_m,age_10yrbands_total,ocu_skill_total,2018,377.939
ita,sex_m,age_10yrbands_total,ocu_skill_total,2019,379.32
ita,sex_m,age_10yrbands_total,ocu_skill_total,2020,277.519
ita,sex_m,age_10yrbands_total,ocu_skill_total,2021,364.587
ita,sex_m,age_10yrbands_total,ocu_skill_total,2022,373.48
ita,sex_m,age_10yrbands_total,ocu_skill_total,2023,263.014
ita,sex_m,age_10yrbands_y15_24,ocu_skill_l1,2007,5.534
ita,sex_m,age_10yrbands_y15_24,ocu_skill_l1,2008,5.001
ita,sex_m,age_10yrbands_y15_24,ocu_skill_l1,2011,11.22
ita,sex_m,age_10yrbands_y15_24,ocu_skill_l1,2013,6.867
ita,sex_m,age_10yrbands_y15_24,ocu_skill_l1,2015,3.988
ita,sex_m,age_10yrbands_y15_24,ocu_skill_l1,2016,4.796
ita,sex_m,age_10yrbands_y15_24,ocu_skill_l1,2018,18.067
ita,sex_m,age_10yrbands_y15_24,ocu_skill_l1,2019,6.538
ita,sex_m,age_10yrbands_y15_24,ocu_skill_l2,2007,31.215
ita,sex_m,age_10yrbands_y15_24,ocu_skill_l2,2008,40.759
ita,sex_m,age_10yrbands_y15_24,ocu_skill_l2,2009,17.04
ita,sex_m,age_10yrbands_y15_24,ocu_skill_l2,2010,20.79
ita,sex_m,age_10yrbands_y15_24,ocu_skill_l2,2011,32.27
ita,sex_m,age_10yrbands_y15_24,ocu_skill_l2,2012,21.885
ita,sex_m,age_10yrbands_y15_24,ocu_skill_l2,2013,20.087
ita,sex_m,age_10yrbands_y15_24,ocu_skill_l2,2014,36.231
ita,sex_m,age_10yrbands_y15_24,ocu_skill_l2,2015,32.036
ita,sex_m,age_10yrbands_y15_24,ocu_skill_l2,2016,36.137
ita,sex_m,age_10yrbands_y15_24,ocu_skill_l2,2017,17.731
ita,sex_m,age_10yrbands_y15_24,ocu_skill_l2,2018,24.859
ita,sex_m,age_10yrbands_y15_24,ocu_skill_l2,2019,44.594
ita,sex_m,age_10yrbands_y15_24,ocu_skill_l2,2020,37.542
ita,sex_m,age_10yrbands_y15_24,ocu_skill_l2,2021,40.315
ita,sex_m,age_10yrbands_y15_24,ocu_skill_l2,2022,13.513
ita,sex_m,age_10yrbands_y15_24,ocu_skill_l2,2023,19.289
ita,sex_m,age_10yrbands_y15_24,ocu_skill_l3_4,2007,13.847
ita,sex_m,age_10yrbands_y15_24,ocu_skill_l3_4,2008,21.967
ita,sex_m,age_10yrbands_y15_24,ocu_skill_l3_4,2009,7.21
ita,sex_m,age_10yrbands_y15_24,ocu_skill_l3_4,2010,7.836
ita,sex_m,age_10yrbands_y15_24,ocu_skill_l3_4,2011,18.83
ita,sex_m,age_10yrbands_y15_24,ocu_skill_l3_4,2012,7.91
ita,sex_m,age_10yrbands_y15_24,ocu_skill_l3_4,2013,12.526
ita,sex_m,age_10yrbands_y15_24,ocu_skill_l3_4,2015,10.609
ita,sex_m,age_10yrbands_y15_24,ocu_skill_l3_4,2016,5.55
ita,sex_m,age_10yrbands_y15_24,ocu_skill_l3_4,2019,12.608
ita,sex_m,age_10yrbands_y15_24,ocu_skill_l3_4,2020,33.021
ita,sex_m,age_10yrbands_y15_24,ocu_skill_l3_4,2021,20.967
ita,sex_m,age_10yrbands_y15_24,ocu_skill_l3_4,2022,34.679
ita,sex_m,age_10yrbands_y15_24,ocu_skill_l3_4,2023,7.183
ita,sex_m,age_10yrbands_y15_24,ocu_skill_total,2007,50.597
ita,sex_m,age_10yrbands_y15_24,ocu_skill_total,2008,67.727
ita,sex_m,age_10yrbands_y15_24,ocu_skill_total,2009,31.888
ita,sex_m,age_10yrbands_y15_24,ocu_skill_total,2010,32.347
ita,sex_m,age_10yrbands_y15_24,ocu_skill_total,2011,62.32
ita,sex_m,age_10yrbands_y15_24,ocu_skill_total,2012,35.922
ita,sex_m,age_10yrbands_y15_24,ocu_skill_total,2013,39.48
ita,sex_m,age_10yrbands_y15_24,ocu_skill_total,2014,41.3
ita,sex_m,age_10yrbands_y15_24,ocu_skill_total,2015,46.633
ita,sex_m,age_10yrbands_y15_24,ocu_skill_total,2016,46.483
ita,sex_m,age_10yrbands_y15_24,ocu_skill_total,2017,20.162
ita,sex_m,age_10yrbands_y15_24,ocu_skill_total,2018,47.951
ita,sex_m,age_10yrbands_y15_24,ocu_skill_total,2019,63.74
ita,sex_m,age_10yrbands_y15_24,ocu_skill_total,2020,84.492
ita,sex_m,age_10yrbands_y15_24,ocu_skill_total,2021,61.282
ita,sex_m,age_10yrbands_y15_24,ocu_skill_total,2022,53.039
ita,sex_m,age_10yrbands_y15_24,ocu_skill_total,2023,28.2
ita,sex_m,age_10yrbands_y25_34,ocu_skill_l1,2011,13.988
ita,sex_m,age_10yrbands_y25_34,ocu_skill_l1,2013,12.773
ita,sex_m,age_10yrbands_y25_34,ocu_skill_l1,2016,17.542
ita,sex_m,age_10yrbands_y25_34,ocu_skill_l1,2017,7.622
ita,sex_m,age_10yrbands_y25_34,ocu_skill_l1,2018,24.847
ita,sex_m,age_10yrbands_y25_34,ocu_skill_l1,2019,23.088
ita,sex_m,age_10yrbands_y25_34,ocu_skill_l1,2020,21.068
ita,sex_m,age_10yrbands_y25_34,ocu_skill_l1,2022,17.496
ita,sex_m,age_10yrbands_y25_34,ocu_skill_l2,2007,25.758
ita,sex_m,age_10yrbands_y25_34,ocu_skill_l2,2008,27.601
ita,sex_m,age_10yrbands_y25_34,ocu_skill_l2,2009,21.674
ita,sex_m,age_10yrbands_y25_34,ocu_skill_l2,2010,34.064
ita,sex_m,age_10yrbands_y25_34,ocu_skill_l2,2011,40.645
ita,sex_m,age_10yrbands_y25_34,ocu_skill_l2,2012,22.723
ita,sex_m,age_10yrbands_y25_34,ocu_skill_l2,2013,25.497
ita,sex_m,age_10yrbands_y25_34,ocu_skill_l2,2014,18.548
ita,sex_m,age_10yrbands_y25_34,ocu_skill_l2,2015,33.664
ita,sex_m,age_10yrbands_y25_34,ocu_skill_l2,2016,29.882
ita,sex_m,age_10yrbands_y25_34,ocu_skill_l2,2017,39.87
ita,sex_m,age_10yrbands_y25_34,ocu_skill_l2,2018,43.307
ita,sex_m,age_10yrbands_y25_34,ocu_skill_l2,2019,52.613
ita,sex_m,age_10yrbands_y25_34,ocu_skill_l2,2020,30.588
ita,sex_m,age_10yrbands_y25_34,ocu_skill_l2,2021,69.686
ita,sex_m,age_10yrbands_y25_34,ocu_skill_l2,2022,25.489
ita,sex_m,age_10yrbands_y25_34,ocu_skill_l2,2023,23.964
ita,sex_m,age_10yrbands_y25_34,ocu_skill_l3_4,2007,27.657
ita,sex_m,age_10yrbands_y25_34,ocu_skill_l3_4,2008,36.243
ita,sex_m,age_10yrbands_y25_34,ocu_skill_l3_4,2009,23.374
ita,sex_m,age_10yrbands_y25_34,ocu_skill_l3_4,2010,19.86
ita,sex_m,age_10yrbands_y25_34,ocu_skill_l3_4,2011,23.376
ita,sex_m,age_10yrbands_y25_34,ocu_skill_l3_4,2012,14.128
ita,sex_m,age_10yrbands_y25_34,ocu_skill_l3_4,2013,13.875
ita,sex_m,age_10yrbands_y25_34,ocu_skill_l3_4,2014,14.516
ita,sex_m,age_10yrbands_y25_34,ocu_skill_l3_4,2015,14.94
ita,sex_m,age_10yrbands_y25_34,ocu_skill_l3_4,2016,12.454
ita,sex_m,age_10yrbands_y25_34,ocu_skill_l3_4,2017,6.472
ita,sex_m,age_10yrbands_y25_34,ocu_skill_l3_4,2018,12.527
ita,sex_m,age_10yrbands_y25_34,ocu_skill_l3_4,2019,12.992
ita,sex_m,age_10yrbands_y25_34,ocu_skill_l3_4,2020,14.795
ita,sex_m,age_10yrbands_y25_34,ocu_skill_l3_4,2021,29.632
ita,sex_m,age_10yrbands_y25_34,ocu_skill_l3_4,2022,28.408
ita,sex_m,age_10yrbands_y25_34,ocu_skill_l3_4,2023,22.662
ita,sex_m,age_10yrbands_y25_34,ocu_skill_total,2007,56.798
ita,sex_m,age_10yrbands_y25_34,ocu_skill_total,2008,68.617
ita,sex_m,age_10yrbands_y25_34,ocu_skill_total,2009,46.932
ita,sex_m,age_10yrbands_y25_34,ocu_skill_total,2010,58.263
ita,sex_m,age_10yrbands_y25_34,ocu_skill_total,2011,78.009
ita,sex_m,age_10yrbands_y25_34,ocu_skill_total,2012,42.92
ita,sex_m,age_10yrbands_y25_34,ocu_skill_total,2013,52.144
ita,sex_m,age_10yrbands_y25_34,ocu_skill_total,2014,42.49
ita,sex_m,age_10yrbands_y25_34,ocu_skill_total,2015,56.554
ita,sex_m,age_10yrbands_y25_34,ocu_skill_total,2016,59.877
ita,sex_m,age_10yrbands_y25_34,ocu_skill_total,2017,53.964
ita,sex_m,age_10yrbands_y25_34,ocu_skill_total,2018,80.682
ita,sex_m,age_10yrbands_y25_34,ocu_skill_total,2019,88.693
ita,sex_m,age_10yrbands_y25_34,ocu_skill_total,2020,66.451
ita,sex_m,age_10yrbands_y25_34,ocu_skill_total,2021,105.588
ita,sex_m,age_10yrbands_y25_34,ocu_skill_total,2022,71.393
ita,sex_m,age_10yrbands_y25_34,ocu_skill_total,2023,47.914
ita,sex_m,age_10yrbands_y35_44,ocu_skill_l1,2011,19.762
ita,sex_m,age_10yrbands_y35_44,ocu_skill_l1,2012,19.26
ita,sex_m,age_10yrbands_y35_44,ocu_skill_l1,2013,17.844
ita,sex_m,age_10yrbands_y35_44,ocu_skill_l1,2014,16.212
ita,sex_m,age_10yrbands_y35_44,ocu_skill_l1,2015,27.393
ita,sex_m,age_10yrbands_y35_44,ocu_skill_l1,2016,21.139
ita,sex_m,age_10yrbands_y35_44,ocu_skill_l1,2017,13.895
ita,sex_m,age_10yrbands_y35_44,ocu_skill_l1,2018,24.729
ita,sex_m,age_10yrbands_y35_44,ocu_skill_l1,2019,28.549
ita,sex_m,age_10yrbands_y35_44,ocu_skill_l1,2020,24.412
ita,sex_m,age_10yrbands_y35_44,ocu_skill_l1,2021,24.147
ita,sex_m,age_10yrbands_y35_44,ocu_skill_l1,2022,30.992
ita,sex_m,age_10yrbands_y35_44,ocu_skill_l1,2023,21.972
ita,sex_m,age_10yrbands_y35_44,ocu_skill_l2,2007,16.39
ita,sex_m,age_10yrbands_y35_44,ocu_skill_l2,2008,24.971
ita,sex_m,age_10yrbands_y35_44,ocu_skill_l2,2009,19.04
ita,sex_m,age_10yrbands_y35_44,ocu_skill_l2,2010,30.925
ita,sex_m,age_10yrbands_y35_44,ocu_skill_l2,2011,46.089
ita,sex_m,age_10yrbands_y35_44,ocu_skill_l2,2012,31.658
ita,sex_m,age_10yrbands_y35_44,ocu_skill_l2,2013,48.795
ita,sex_m,age_10yrbands_y35_44,ocu_skill_l2,2014,46.368
ita,sex_m,age_10yrbands_y35_44,ocu_skill_l2,2015,49.32
ita,sex_m,age_10yrbands_y35_44,ocu_skill_l2,2016,59.943
ita,sex_m,age_10yrbands_y35_44,ocu_skill_l2,2017,40.488
ita,sex_m,age_10yrbands_y35_44,ocu_skill_l2,2018,40.856
ita,sex_m,age_10yrbands_y35_44,ocu_skill_l2,2019,48.509
ita,sex_m,age_10yrbands_y35_44,ocu_skill_l2,2020,24.069
ita,sex_m,age_10yrbands_y35_44,ocu_skill_l2,2021,25.498
ita,sex_m,age_10yrbands_y35_44,ocu_skill_l2,2022,33.299
ita,sex_m,age_10yrbands_y35_44,ocu_skill_l2,2023,31.5
ita,sex_m,age_10yrbands_y35_44,ocu_skill_l3_4,2007,15.871
ita,sex_m,age_10yrbands_y35_44,ocu_skill_l3_4,2008,16.404
ita,sex_m,age_10yrbands_y35_44,ocu_skill_l3_4,2009,20.849
ita,sex_m,age_10yrbands_y35_44,ocu_skill_l3_4,2010,16.895
ita,sex_m,age_10yrbands_y35_44,ocu_skill_l3_4,2011,10.051
ita,sex_m,age_10yrbands_y35_44,ocu_skill_l3_4,2013,5.365
ita,sex_m,age_10yrbands_y35_44,ocu_skill_l3_4,2014,5.95
ita,sex_m,age_10yrbands_y35_44,ocu_skill_l3_4,2016,8.585
ita,sex_m,age_10yrbands_y35_44,ocu_skill_l3_4,2017,9.737
ita,sex_m,age_10yrbands_y35_44,ocu_skill_l3_4,2019,8.915
ita,sex_m,age_10yrbands_y35_44,ocu_skill_l3_4,2022,5.925
ita,sex_m,age_10yrbands_y35_44,ocu_skill_l3_4,2023,9.048
ita,sex_m,age_10yrbands_y35_44,ocu_skill_total,2007,33.766
ita,sex_m,age_10yrbands_y35_44,ocu_skill_total,2008,42.726
ita,sex_m,age_10yrbands_y35_44,ocu_skill_total,2009,42.283
ita,sex_m,age_10yrbands_y35_44,ocu_skill_total,2010,51.088
ita,sex_m,age_10yrbands_y35_44,ocu_skill_total,2011,75.901
ita,sex_m,age_10yrbands_y35_44,ocu_skill_total,2012,52.902
ita,sex_m,age_10yrbands_y35_44,ocu_skill_total,2013,72.004
ita,sex_m,age_10yrbands_y35_44,ocu_skill_total,2014,68.529
ita,sex_m,age_10yrbands_y35_44,ocu_skill_total,2015,80.221
ita,sex_m,age_10yrbands_y35_44,ocu_skill_total,2016,89.666
ita,sex_m,age_10yrbands_y35_44,ocu_skill_total,2017,64.119
ita,sex_m,age_10yrbands_y35_44,ocu_skill_total,2018,79.251
ita,sex_m,age_10yrbands_y35_44,ocu_skill_total,2019,85.974
ita,sex_m,age_10yrbands_y35_44,ocu_skill_total,2020,52.977
ita,sex_m,age_10yrbands_y35_44,ocu_skill_total,2021,53.208
ita,sex_m,age_10yrbands_y35_44,ocu_skill_total,2022,70.215
ita,sex_m,age_10yrbands_y35_44,ocu_skill_total,2023,62.521
ita,sex_m,age_10yrbands_y45_54,ocu_skill_l1,2008,11.197
ita,sex_m,age_10yrbands_y45_54,ocu_skill_l1,2011,9.226
ita,sex_m,age_10yrbands_y45_54,ocu_skill_l1,2012,19.401
ita,sex_m,age_10yrbands_y45_54,ocu_skill_l1,2014,22.963
ita,sex_m,age_10yrbands_y45_54,ocu_skill_l1,2015,12.601
ita,sex_m,age_10yrbands_y45_54,ocu_skill_l1,2016,21.702
ita,sex_m,age_10yrbands_y45_54,ocu_skill_l1,2017,33.404
ita,sex_m,age_10yrbands_y45_54,ocu_skill_l1,2018,31.401
ita,sex_m,age_10yrbands_y45_54,ocu_skill_l1,2019,22.893
ita,sex_m,age_10yrbands_y45_54,ocu_skill_l1,2020,12.54
ita,sex_m,age_10yrbands_y45_54,ocu_skill_l1,2021,28.372
ita,sex_m,age_10yrbands_y45_54,ocu_skill_l1,2022,21.223
ita,sex_m,age_10yrbands_y45_54,ocu_skill_l1,2023,18.656
ita,sex_m,age_10yrbands_y45_54,ocu_skill_l2,2007,25.291
ita,sex_m,age_10yrbands_y45_54,ocu_skill_l2,2008,13.095
ita,sex_m,age_10yrbands_y45_54,ocu_skill_l2,2009,16.216
ita,sex_m,age_10yrbands_y45_54,ocu_skill_l2,2010,30.236
ita,sex_m,age_10yrbands_y45_54,ocu_skill_l2,2011,39.446
ita,sex_m,age_10yrbands_y45_54,ocu_skill_l2,2012,43.039
ita,sex_m,age_10yrbands_y45_54,ocu_skill_l2,2013,26.526
ita,sex_m,age_10yrbands_y45_54,ocu_skill_l2,2014,28.272
ita,sex_m,age_10yrbands_y45_54,ocu_skill_l2,2015,26.161
ita,sex_m,age_10yrbands_y45_54,ocu_skill_l2,2016,43.427
ita,sex_m,age_10yrbands_y45_54,ocu_skill_l2,2017,31.684
ita,sex_m,age_10yrbands_y45_54,ocu_skill_l2,2018,38.437
ita,sex_m,age_10yrbands_y45_54,ocu_skill_l2,2019,40.153
ita,sex_m,age_10yrbands_y45_54,ocu_skill_l2,2020,25.606
ita,sex_m,age_10yrbands_y45_54,ocu_skill_l2,2021,40.77
ita,sex_m,age_10yrbands_y45_54,ocu_skill_l2,2022,66.861
ita,sex_m,age_10yrbands_y45_54,ocu_skill_l2,2023,41.932
ita,sex_m,age_10yrbands_y45_54,ocu_skill_l3_4,2007,12.763
ita,sex_m,age_10yrbands_y45_54,ocu_skill_l3_4,2008,15.311
ita,sex_m,age_10yrbands_y45_54,ocu_skill_l3_4,2009,10.161
ita,sex_m,age_10yrbands_y45_54,ocu_skill_l3_4,2010,6.757
ita,sex_m,age_10yrbands_y45_54,ocu_skill_l3_4,2011,9.789
ita,sex_m,age_10yrbands_y45_54,ocu_skill_l3_4,2014,7.216
ita,sex_m,age_10yrbands_y45_54,ocu_skill_l3_4,2016,6.17
ita,sex_m,age_10yrbands_y45_54,ocu_skill_l3_4,2018,10.981
ita,sex_m,age_10yrbands_y45_54,ocu_skill_l3_4,2019,20.604
ita,sex_m,age_10yrbands_y45_54,ocu_skill_l3_4,2021,8.012
ita,sex_m,age_10yrbands_y45_54,ocu_skill_l3_4,2022,3.565
ita,sex_m,age_10yrbands_y45_54,ocu_skill_l3_4,2023,2.288
ita,sex_m,age_10yrbands_y45_54,ocu_skill_total,2007,46.084
ita,sex_m,age_10yrbands_y45_54,ocu_skill_total,2008,39.603
ita,sex_m,age_10yrbands_y45_54,ocu_skill_total,2009,27.483
ita,sex_m,age_10yrbands_y45_54,ocu_skill_total,2010,43.165
ita,sex_m,age_10yrbands_y45_54,ocu_skill_total,2011,58.461
ita,sex_m,age_10yrbands_y45_54,ocu_skill_total,2012,66.651
ita,sex_m,age_10yrbands_y45_54,ocu_skill_total,2013,62.047
ita,sex_m,age_10yrbands_y45_54,ocu_skill_total,2014,58.452
ita,sex_m,age_10yrbands_y45_54,ocu_skill_total,2015,45.93
ita,sex_m,age_10yrbands_y45_54,ocu_skill_total,2016,71.299
ita,sex_m,age_10yrbands_y45_54,ocu_skill_total,2017,67.529
ita,sex_m,age_10yrbands_y45_54,ocu_skill_total,2018,80.818
ita,sex_m,age_10yrbands_y45_54,ocu_skill_total,2019,83.65
ita,sex_m,age_10yrbands_y45_54,ocu_skill_total,2020,38.146
ita,sex_m,age_10yrbands_y45_54,ocu_skill_total,2021,77.154
ita,sex_m,age_10yrbands_y45_54,ocu_skill_total,2022,91.648
ita,sex_m,age_10yrbands_y45_54,ocu_skill_total,2023,62.876
ita,sex_m,age_10yrbands_y55_64,ocu_skill_l1,2016,12.435
ita,sex_m,age_10yrbands_y55_64,ocu_skill_l1,2017,16.519
ita,sex_m,age_10yrbands_y55_64,ocu_skill_l1,2018,41.607
ita,sex_m,age_10yrbands_y55_64,ocu_skill_l1,2019,26.196
ita,sex_m,age_10yrbands_y55_64,ocu_skill_l1,2020,10.552
ita,sex_m,age_10yrbands_y55_64,ocu_skill_l1,2021,21.037
ita,sex_m,age_10yrbands_y55_64,ocu_skill_l1,2022,40.077
ita,sex_m,age_10yrbands_y55_64,ocu_skill_l1,2023,10.702
ita,sex_m,age_10yrbands_y55_64,ocu_skill_l2,2007,14.419
ita,sex_m,age_10yrbands_y55_64,ocu_skill_l2,2008,19.52
ita,sex_m,age_10yrbands_y55_64,ocu_skill_l2,2009,13.45
ita,sex_m,age_10yrbands_y55_64,ocu_skill_l2,2010,15.548
ita,sex_m,age_10yrbands_y55_64,ocu_skill_l2,2011,10.308
ita,sex_m,age_10yrbands_y55_64,ocu_skill_l2,2012,27.431
ita,sex_m,age_10yrbands_y55_64,ocu_skill_l2,2013,25.355
ita,sex_m,age_10yrbands_y55_64,ocu_skill_l2,2014,22.84
ita,sex_m,age_10yrbands_y55_64,ocu_skill_l2,2015,25.922
ita,sex_m,age_10yrbands_y55_64,ocu_skill_l2,2016,27.525
ita,sex_m,age_10yrbands_y55_64,ocu_skill_l2,2017,21.381
ita,sex_m,age_10yrbands_y55_64,ocu_skill_l2,2018,32.144
ita,sex_m,age_10yrbands_y55_64,ocu_skill_l2,2019,20.274
ita,sex_m,age_10yrbands_y55_64,ocu_skill_l2,2020,16.781
ita,sex_m,age_10yrbands_y55_64,ocu_skill_l2,2021,20.695
ita,sex_m,age_10yrbands_y55_64,ocu_skill_l2,2022,30.287
ita,sex_m,age_10yrbands_y55_64,ocu_skill_l2,2023,37.103
ita,sex_m,age_10yrbands_y55_64,ocu_skill_l3_4,2008,12.048
ita,sex_m,age_10yrbands_y55_64,ocu_skill_l3_4,2009,10.124
ita,sex_m,age_10yrbands_y55_64,ocu_skill_l3_4,2016,14.262
ita,sex_m,age_10yrbands_y55_64,ocu_skill_l3_4,2019,9.482
ita,sex_m,age_10yrbands_y55_64,ocu_skill_l3_4,2022,4.174
ita,sex_m,age_10yrbands_y55_64,ocu_skill_total,2007,21.229
ita,sex_m,age_10yrbands_y55_64,ocu_skill_total,2008,33.59
ita,sex_m,age_10yrbands_y55_64,ocu_skill_total,2009,25.992
ita,sex_m,age_10yrbands_y55_64,ocu_skill_total,2010,23.366
ita,sex_m,age_10yrbands_y55_64,ocu_skill_total,2011,14.524
ita,sex_m,age_10yrbands_y55_64,ocu_skill_total,2012,39.681
ita,sex_m,age_10yrbands_y55_64,ocu_skill_total,2013,42.214
ita,sex_m,age_10yrbands_y55_64,ocu_skill_total,2014,27.202
ita,sex_m,age_10yrbands_y55_64,ocu_skill_total,2015,31.763
ita,sex_m,age_10yrbands_y55_64,ocu_skill_total,2016,54.222
ita,sex_m,age_10yrbands_y55_64,ocu_skill_total,2017,40.466
ita,sex_m,age_10yrbands_y55_64,ocu_skill_total,2018,81.369
ita,sex_m,age_10yrbands_y55_64,ocu_skill_total,2019,55.951
ita,sex_m,age_10yrbands_y55_64,ocu_skill_total,2020,29.795
ita,sex_m,age_10yrbands_y55_64,ocu_skill_total,2021,43.472
ita,sex_m,age_10yrbands_y55_64,ocu_skill_total,2022,74.538
ita,sex_m,age_10yrbands_y55_64,ocu_skill_total,2023,50.322
ita,sex_m,age_10yrbands_yge65,ocu_skill_l1,2019,0
ita,sex_m,age_10yrbands_yge65,ocu_skill_l1,2021,18.654
ita,sex_m,age_10yrbands_yge65,ocu_skill_l2,2010,8.838
ita,sex_m,age_10yrbands_yge65,ocu_skill_l2,2011,8.829
ita,sex_m,age_10yrbands_yge65,ocu_skill_l2,2012,15.303
ita,sex_m,age_10yrbands_yge65,ocu_skill_l2,2014,18.948
ita,sex_m,age_10yrbands_yge65,ocu_skill_l2,2016,7.22
ita,sex_m,age_10yrbands_yge65,ocu_skill_l2,2023,6.629
ita,sex_m,age_10yrbands_yge65,ocu_skill_l3_4,2008,5.679
ita,sex_m,age_10yrbands_yge65,ocu_skill_l3_4,2009,3.987
ita,sex_m,age_10yrbands_yge65,ocu_skill_l3_4,2010,6.945
ita,sex_m,age_10yrbands_yge65,ocu_skill_total,2007,6.234
ita,sex_m,age_10yrbands_yge65,ocu_skill_total,2008,10.035
ita,sex_m,age_10yrbands_yge65,ocu_skill_total,2009,6.58
ita,sex_m,age_10yrbands_yge65,ocu_skill_total,2010,17.733
ita,sex_m,age_10yrbands_yge65,ocu_skill_total,2011,14.35
ita,sex_m,age_10yrbands_yge65,ocu_skill_total,2012,23.186
ita,sex_m,age_10yrbands_yge65,ocu_skill_total,2013,9.801
ita,sex_m,age_10yrbands_yge65,ocu_skill_total,2014,20.379
ita,sex_m,age_10yrbands_yge65,ocu_skill_total,2015,7.908
ita,sex_m,age_10yrbands_yge65,ocu_skill_total,2016,9.641
ita,sex_m,age_10yrbands_yge65,ocu_skill_total,2017,5.408
ita,sex_m,age_10yrbands_yge65,ocu_skill_total,2021,23.882
ita,sex_m,age_10yrbands_yge65,ocu_skill_total,2022,12.646
ita,sex_m,age_10yrbands_yge65,ocu_skill_total,2023,11.181
ita,sex_m,age_aggregate_total,ocu_isco08_1,2011,21.819
ita,sex_m,age_aggregate_total,ocu_isco08_1,2012,5.761
ita,sex_m,age_aggregate_total,ocu_isco08_1,2013,7.808
ita,sex_m,age_aggregate_total,ocu_isco08_1,2014,8.304
ita,sex_m,age_aggregate_total,ocu_isco08_1,2015,5.209
ita,sex_m,age_aggregate_total,ocu_isco08_1,2016,15.831
ita,sex_m,age_aggregate_total,ocu_isco08_1,2017,6.788
ita,sex_m,age_aggregate_total,ocu_isco08_1,2019,6.377
ita,sex_m,age_aggregate_total,ocu_isco08_1,2021,10.896
ita,sex_m,age_aggregate_total,ocu_isco08_1,2022,16.184
ita,sex_m,age_aggregate_total,ocu_isco08_1,2023,9.034
ita,sex_m,age_aggregate_total,ocu_isco08_2,2011,19.55
ita,sex_m,age_aggregate_total,ocu_isco08_2,2012,9.315
ita,sex_m,age_aggregate_total,ocu_isco08_2,2013,14.864
ita,sex_m,age_aggregate_total,ocu_isco08_2,2014,14.002
ita,sex_m,age_aggregate_total,ocu_isco08_2,2015,24.327
ita,sex_m,age_aggregate_total,ocu_isco08_2,2016,10.725
ita,sex_m,age_aggregate_total,ocu_isco08_2,2017,5.324
ita,sex_m,age_aggregate_total,ocu_isco08_2,2018,10.579
ita,sex_m,age_aggregate_total,ocu_isco08_2,2019,33.788
ita,sex_m,age_aggregate_total,ocu_isco08_2,2020,29.509
ita,sex_m,age_aggregate_total,ocu_isco08_2,2021,29.265
ita,sex_m,age_aggregate_total,ocu_isco08_2,2022,24.453
ita,sex_m,age_aggregate_total,ocu_isco08_2,2023,15.577
ita,sex_m,age_aggregate_total,ocu_isco08_3,2011,28.607
ita,sex_m,age_aggregate_total,ocu_isco08_3,2012,18.005
ita,sex_m,age_aggregate_total,ocu_isco08_3,2013,17.178
ita,sex_m,age_aggregate_total,ocu_isco08_3,2014,10.313
ita,sex_m,age_aggregate_total,ocu_isco08_3,2015,8.468
ita,sex_m,age_aggregate_total,ocu_isco08_3,2016,22.885
ita,sex_m,age_aggregate_total,ocu_isco08_3,2017,11.443
ita,sex_m,age_aggregate_total,ocu_isco08_3,2018,36.388
ita,sex_m,age_aggregate_total,ocu_isco08_3,2019,24.437
ita,sex_m,age_aggregate_total,ocu_isco08_3,2020,23.272
ita,sex_m,age_aggregate_total,ocu_isco08_3,2021,24.39
ita,sex_m,age_aggregate_total,ocu_isco08_3,2022,36.114
ita,sex_m,age_aggregate_total,ocu_isco08_3,2023,23.199
ita,sex_m,age_aggregate_total,ocu_isco08_4,2011,12.659
ita,sex_m,age_aggregate_total,ocu_isco08_4,2012,6.218
ita,sex_m,age_aggregate_total,ocu_isco08_4,2013,5.444
ita,sex_m,age_aggregate_total,ocu_isco08_4,2014,5.612
ita,sex_m,age_aggregate_total,ocu_isco08_4,2015,11.706
ita,sex_m,age_aggregate_total,ocu_isco08_4,2016,8.572
ita,sex_m,age_aggregate_total,ocu_isco08_4,2017,8.436
ita,sex_m,age_aggregate_total,ocu_isco08_4,2018,7.046
ita,sex_m,age_aggregate_total,ocu_isco08_4,2019,20.749
ita,sex_m,age_aggregate_total,ocu_isco08_4,2021,11.044
ita,sex_m,age_aggregate_total,ocu_isco08_4,2023,2.166
ita,sex_m,age_aggregate_total,ocu_isco08_5,2011,89.911
ita,sex_m,age_aggregate_total,ocu_isco08_5,2012,105.661
ita,sex_m,age_aggregate_total,ocu_isco08_5,2013,121.586
ita,sex_m,age_aggregate_total,ocu_isco08_5,2014,132.985
ita,sex_m,age_aggregate_total,ocu_isco08_5,2015,137.04
ita,sex_m,age_aggregate_total,ocu_isco08_5,2016,125.9
ita,sex_m,age_aggregate_total,ocu_isco08_5,2017,90.119
ita,sex_m,age_aggregate_total,ocu_isco08_5,2018,106.197
ita,sex_m,age_aggregate_total,ocu_isco08_5,2019,103.258
ita,sex_m,age_aggregate_total,ocu_isco08_5,2020,91.389
ita,sex_m,age_aggregate_total,ocu_isco08_5,2021,109.994
ita,sex_m,age_aggregate_total,ocu_isco08_5,2022,120.51
ita,sex_m,age_aggregate_total,ocu_isco08_5,2023,114.778
ita,sex_m,age_aggregate_total,ocu_isco08_6,2011,10.708
ita,sex_m,age_aggregate_total,ocu_isco08_6,2012,10.554
ita,sex_m,age_aggregate_total,ocu_isco08_6,2014,14.427
ita,sex_m,age_aggregate_total,ocu_isco08_6,2016,34.795
ita,sex_m,age_aggregate_total,ocu_isco08_6,2017,4.58
ita,sex_m,age_aggregate_total,ocu_isco08_6,2018,11.51
ita,sex_m,age_aggregate_total,ocu_isco08_6,2019,14.107
ita,sex_m,age_aggregate_total,ocu_isco08_6,2021,15.355
ita,sex_m,age_aggregate_total,ocu_isco08_6,2022,10.709
ita,sex_m,age_aggregate_total,ocu_isco08_6,2023,2.427
ita,sex_m,age_aggregate_total,ocu_isco08_7,2011,53.317
ita,sex_m,age_aggregate_total,ocu_isco08_7,2012,32.461
ita,sex_m,age_aggregate_total,ocu_isco08_7,2013,13.691
ita,sex_m,age_aggregate_total,ocu_isco08_7,2014,12.21
ita,sex_m,age_aggregate_total,ocu_isco08_7,2015,17.102
ita,sex_m,age_aggregate_total,ocu_isco08_7,2016,30.148
ita,sex_m,age_aggregate_total,ocu_isco08_7,2017,37.399
ita,sex_m,age_aggregate_total,ocu_isco08_7,2018,52.046
ita,sex_m,age_aggregate_total,ocu_isco08_7,2019,53.607
ita,sex_m,age_aggregate_total,ocu_isco08_7,2020,27.905
ita,sex_m,age_aggregate_total,ocu_isco08_7,2021,49.347
ita,sex_m,age_aggregate_total,ocu_isco08_7,2022,30.205
ita,sex_m,age_aggregate_total,ocu_isco08_7,2023,33.007
ita,sex_m,age_aggregate_total,ocu_isco08_8,2011,10.992
ita,sex_m,age_aggregate_total,ocu_isco08_8,2012,7.146
ita,sex_m,age_aggregate_total,ocu_isco08_8,2013,8.44
ita,sex_m,age_aggregate_total,ocu_isco08_8,2015,5.915
ita,sex_m,age_aggregate_total,ocu_isco08_8,2016,4.72
ita,sex_m,age_aggregate_total,ocu_isco08_8,2017,14.2
ita,sex_m,age_aggregate_total,ocu_isco08_8,2018,8.39
ita,sex_m,age_aggregate_total,ocu_isco08_8,2019,15.735
ita,sex_m,age_aggregate_total,ocu_isco08_8,2020,11.676
ita,sex_m,age_aggregate_total,ocu_isco08_8,2021,15.816
ita,sex_m,age_aggregate_total,ocu_isco08_8,2022,16.417
ita,sex_m,age_aggregate_total,ocu_isco08_8,2023,8.04
ita,sex_m,age_aggregate_total,ocu_isco08_9,2011,56.002
ita,sex_m,age_aggregate_total,ocu_isco08_9,2012,66.142
ita,sex_m,age_aggregate_total,ocu_isco08_9,2013,82.777
ita,sex_m,age_aggregate_total,ocu_isco08_9,2014,54.526
ita,sex_m,age_aggregate_total,ocu_isco08_9,2015,57.774
ita,sex_m,age_aggregate_total,ocu_isco08_9,2016,77.614
ita,sex_m,age_aggregate_total,ocu_isco08_9,2017,73.358
ita,sex_m,age_aggregate_total,ocu_isco08_9,2018,142.931
ita,sex_m,age_aggregate_total,ocu_isco08_9,2019,107.264
ita,sex_m,age_aggregate_total,ocu_isco08_9,2020,85.974
ita,sex_m,age_aggregate_total,ocu_isco08_9,2021,98.479
ita,sex_m,age_aggregate_total,ocu_isco08_9,2022,118.078
ita,sex_m,age_aggregate_total,ocu_isco08_9,2023,54.788
ita,sex_m,age_aggregate_total,ocu_isco08_total,2011,303.566
ita,sex_m,age_aggregate_total,ocu_isco08_total,2012,261.262
ita,sex_m,age_aggregate_total,ocu_isco08_total,2013,277.691
ita,sex_m,age_aggregate_total,ocu_isco08_total,2014,258.352
ita,sex_m,age_aggregate_total,ocu_isco08_total,2015,269.009
ita,sex_m,age_aggregate_total,ocu_isco08_total,2016,331.189
ita,sex_m,age_aggregate_total,ocu_isco08_total,2017,251.648
ita,sex_m,age_aggregate_total,ocu_isco08_total,2018,377.939
ita,sex_m,age_aggregate_total,ocu_isco08_total,2019,379.32
ita,sex_m,age_aggregate_total,ocu_isco08_total,2020,277.519
ita,sex_m,age_aggregate_total,ocu_isco08_total,2021,364.587
ita,sex_m,age_aggregate_total,ocu_isco08_total,2022,373.48
ita,sex_m,age_aggregate_total,ocu_isco08_total,2023,263.014
ita,sex_m,age_aggregate_total,ocu_isco88_1,2007,26.301
ita,sex_m,age_aggregate_total,ocu_isco88_1,2008,42.744
ita,sex_m,age_aggregate_total,ocu_isco88_1,2009,39.029
ita,sex_m,age_aggregate_total,ocu_isco88_1,2010,24.712
ita,sex_m,age_aggregate_total,ocu_isco88_2,2007,24.417
ita,sex_m,age_aggregate_total,ocu_isco88_2,2008,20.298
ita,sex_m,age_aggregate_total,ocu_isco88_2,2009,11.847
ita,sex_m,age_aggregate_total,ocu_isco88_2,2010,18.265
ita,sex_m,age_aggregate_total,ocu_isco88_3,2007,25.618
ita,sex_m,age_aggregate_total,ocu_isco88_3,2008,44.611
ita,sex_m,age_aggregate_total,ocu_isco88_3,2009,24.828
ita,sex_m,age_aggregate_total,ocu_isco88_3,2010,21.105
ita,sex_m,age_aggregate_total,ocu_isco88_4,2007,6.661
ita,sex_m,age_aggregate_total,ocu_isco88_4,2008,11.958
ita,sex_m,age_aggregate_total,ocu_isco88_4,2010,6.812
ita,sex_m,age_aggregate_total,ocu_isco88_5,2007,15.876
ita,sex_m,age_aggregate_total,ocu_isco88_5,2008,30.51
ita,sex_m,age_aggregate_total,ocu_isco88_5,2009,14.304
ita,sex_m,age_aggregate_total,ocu_isco88_5,2010,22.149
ita,sex_m,age_aggregate_total,ocu_isco88_6,2007,20.594
ita,sex_m,age_aggregate_total,ocu_isco88_6,2008,40.932
ita,sex_m,age_aggregate_total,ocu_isco88_6,2009,38.022
ita,sex_m,age_aggregate_total,ocu_isco88_6,2010,33.614
ita,sex_m,age_aggregate_total,ocu_isco88_7,2007,58.536
ita,sex_m,age_aggregate_total,ocu_isco88_7,2008,39.424
ita,sex_m,age_aggregate_total,ocu_isco88_7,2009,26.354
ita,sex_m,age_aggregate_total,ocu_isco88_7,2010,67.463
ita,sex_m,age_aggregate_total,ocu_isco88_8,2007,15.002
ita,sex_m,age_aggregate_total,ocu_isco88_8,2008,7.478
ita,sex_m,age_aggregate_total,ocu_isco88_8,2009,8.312
ita,sex_m,age_aggregate_total,ocu_isco88_8,2010,10.363
ita,sex_m,age_aggregate_total,ocu_isco88_9,2007,21.7
ita,sex_m,age_aggregate_total,ocu_isco88_9,2008,24.343
ita,sex_m,age_aggregate_total,ocu_isco88_9,2009,15.441
ita,sex_m,age_aggregate_total,ocu_isco88_9,2010,21.478
ita,sex_m,age_aggregate_total,ocu_isco88_total,2007,214.707
ita,sex_m,age_aggregate_total,ocu_isco88_total,2008,262.298
ita,sex_m,age_aggregate_total,ocu_isco88_total,2009,181.159
ita,sex_m,age_aggregate_total,ocu_isco88_total,2010,225.962
ita,sex_m,age_aggregate_total,ocu_skill_l1,2007,21.7
ita,sex_m,age_aggregate_total,ocu_skill_l1,2008,24.343
ita,sex_m,age_aggregate_total,ocu_skill_l1,2009,15.441
ita,sex_m,age_aggregate_total,ocu_skill_l1,2010,21.478
ita,sex_m,age_aggregate_total,ocu_skill_l1,2011,56.002
ita,sex_m,age_aggregate_total,ocu_skill_l1,2012,66.142
ita,sex_m,age_aggregate_total,ocu_skill_l1,2013,82.777
ita,sex_m,age_aggregate_total,ocu_skill_l1,2014,54.526
ita,sex_m,age_aggregate_total,ocu_skill_l1,2015,57.774
ita,sex_m,age_aggregate_total,ocu_skill_l1,2016,77.614
ita,sex_m,age_aggregate_total,ocu_skill_l1,2017,73.358
ita,sex_m,age_aggregate_total,ocu_skill_l1,2018,142.931
ita,sex_m,age_aggregate_total,ocu_skill_l1,2019,107.264
ita,sex_m,age_aggregate_total,ocu_skill_l1,2020,85.974
ita,sex_m,age_aggregate_total,ocu_skill_l1,2021,98.479
ita,sex_m,age_aggregate_total,ocu_skill_l1,2022,118.078
ita,sex_m,age_aggregate_total,ocu_skill_l1,2023,54.788
ita,sex_m,age_aggregate_total,ocu_skill_l2,2007,116.671
ita,sex_m,age_aggregate_total,ocu_skill_l2,2008,130.301
ita,sex_m,age_aggregate_total,ocu_skill_l2,2009,90.012
ita,sex_m,age_aggregate_total,ocu_skill_l2,2010,140.401
ita,sex_m,age_aggregate_total,ocu_skill_l2,2011,177.588
ita,sex_m,age_aggregate_total,ocu_skill_l2,2012,162.039
ita,sex_m,age_aggregate_total,ocu_skill_l2,2013,155.063
ita,sex_m,age_aggregate_total,ocu_skill_l2,2014,171.207
ita,sex_m,age_aggregate_total,ocu_skill_l2,2015,173.231
ita,sex_m,age_aggregate_total,ocu_skill_l2,2016,204.135
ita,sex_m,age_aggregate_total,ocu_skill_l2,2017,154.734
ita,sex_m,age_aggregate_total,ocu_skill_l2,2018,185.189
ita,sex_m,age_aggregate_total,ocu_skill_l2,2019,207.455
ita,sex_m,age_aggregate_total,ocu_skill_l2,2020,136.233
ita,sex_m,age_aggregate_total,ocu_skill_l2,2021,201.557
ita,sex_m,age_aggregate_total,ocu_skill_l2,2022,178.652
ita,sex_m,age_aggregate_total,ocu_skill_l2,2023,160.417
ita,sex_m,age_aggregate_total,ocu_skill_l3_4,2007,76.336
ita,sex_m,age_aggregate_total,ocu_skill_l3_4,2008,107.653
ita,sex_m,age_aggregate_total,ocu_skill_l3_4,2009,75.705
ita,sex_m,age_aggregate_total,ocu_skill_l3_4,2010,64.082
ita,sex_m,age_aggregate_total,ocu_skill_l3_4,2011,69.976
ita,sex_m,age_aggregate_total,ocu_skill_l3_4,2012,33.081
ita,sex_m,age_aggregate_total,ocu_skill_l3_4,2013,39.85
ita,sex_m,age_aggregate_total,ocu_skill_l3_4,2014,32.619
ita,sex_m,age_aggregate_total,ocu_skill_l3_4,2015,38.004
ita,sex_m,age_aggregate_total,ocu_skill_l3_4,2016,49.441
ita,sex_m,age_aggregate_total,ocu_skill_l3_4,2017,23.556
ita,sex_m,age_aggregate_total,ocu_skill_l3_4,2018,49.819
ita,sex_m,age_aggregate_total,ocu_skill_l3_4,2019,64.601
ita,sex_m,age_aggregate_total,ocu_skill_l3_4,2020,55.312
ita,sex_m,age_aggregate_total,ocu_skill_l3_4,2021,64.552
ita,sex_m,age_aggregate_total,ocu_skill_l3_4,2022,76.751
ita,sex_m,age_aggregate_total,ocu_skill_l3_4,2023,47.81
ita,sex_m,age_aggregate_total,ocu_skill_total,2007,214.707
ita,sex_m,age_aggregate_total,ocu_skill_total,2008,262.298
ita,sex_m,age_aggregate_total,ocu_skill_total,2009,181.159
ita,sex_m,age_aggregate_total,ocu_skill_total,2010,225.962
ita,sex_m,age_aggregate_total,ocu_skill_total,2011,303.566
ita,sex_m,age_aggregate_total,ocu_skill_total,2012,261.262
ita,sex_m,age_aggregate_total,ocu_skill_total,2013,277.691
ita,sex_m,age_aggregate_total,ocu_skill_total,2014,258.352
ita,sex_m,age_aggregate_total,ocu_skill_total,2015,269.009
ita,sex_m,age_aggregate_total,ocu_skill_total,2016,331.189
ita,sex_m,age_aggregate_total,ocu_skill_total,2017,251.648
ita,sex_m,age_aggregate_total,ocu_skill_total,2018,377.939
ita,sex_m,age_aggregate_total,ocu_skill_total,2019,379.32
ita,sex_m,age_aggregate_total,ocu_skill_total,2020,277.519
ita,sex_m,age_aggregate_total,ocu_skill_total,2021,364.587
ita,sex_m,age_aggregate_total,ocu_skill_total,2022,373.48
ita,sex_m,age_aggregate_total,ocu_skill_total,2023,263.014
ita,sex_m,age_aggregate_y15_24,ocu_isco08_2,2011,5.122
ita,sex_m,age_aggregate_y15_24,ocu_isco08_2,2021,14.777
ita,sex_m,age_aggregate_y15_24,ocu_isco08_3,2011,5.855
ita,sex_m,age_aggregate_y15_24,ocu_isco08_3,2012,6.227
ita,sex_m,age_aggregate_y15_24,ocu_isco08_3,2013,8.768
ita,sex_m,age_aggregate_y15_24,ocu_isco08_3,2015,4.575
ita,sex_m,age_aggregate_y15_24,ocu_isco08_3,2020,19.828
ita,sex_m,age_aggregate_y15_24,ocu_isco08_3,2021,6.19
ita,sex_m,age_aggregate_y15_24,ocu_isco08_3,2022,19.94
ita,sex_m,age_aggregate_y15_24,ocu_isco08_3,2023,6.807
ita,sex_m,age_aggregate_y15_24,ocu_isco08_4,2019,7.73
ita,sex_m,age_aggregate_y15_24,ocu_isco08_5,2011,15.048
ita,sex_m,age_aggregate_y15_24,ocu_isco08_5,2012,13.35
ita,sex_m,age_aggregate_y15_24,ocu_isco08_5,2013,10.432
ita,sex_m,age_aggregate_y15_24,ocu_isco08_5,2014,25.623
ita,sex_m,age_aggregate_y15_24,ocu_isco08_5,2015,20.399
ita,sex_m,age_aggregate_y15_24,ocu_isco08_5,2016,12.948
ita,sex_m,age_aggregate_y15_24,ocu_isco08_5,2017,2.968
ita,sex_m,age_aggregate_y15_24,ocu_isco08_5,2018,10.626
ita,sex_m,age_aggregate_y15_24,ocu_isco08_5,2019,15.246
ita,sex_m,age_aggregate_y15_24,ocu_isco08_5,2021,20.762
ita,sex_m,age_aggregate_y15_24,ocu_isco08_5,2022,8.142
ita,sex_m,age_aggregate_y15_24,ocu_isco08_5,2023,15.535
ita,sex_m,age_aggregate_y15_24,ocu_isco08_7,2011,10.969
ita,sex_m,age_aggregate_y15_24,ocu_isco08_7,2015,6.382
ita,sex_m,age_aggregate_y15_24,ocu_isco08_7,2016,11.126
ita,sex_m,age_aggregate_y15_24,ocu_isco08_7,2017,10.196
ita,sex_m,age_aggregate_y15_24,ocu_isco08_7,2019,14.459
ita,sex_m,age_aggregate_y15_24,ocu_isco08_7,2020,12.409
ita,sex_m,age_aggregate_y15_24,ocu_isco08_7,2021,11.794
ita,sex_m,age_aggregate_y15_24,ocu_isco08_7,2022,4.82
ita,sex_m,age_aggregate_y15_24,ocu_isco08_9,2011,11.22
ita,sex_m,age_aggregate_y15_24,ocu_isco08_9,2013,6.867
ita,sex_m,age_aggregate_y15_24,ocu_isco08_9,2015,3.988
ita,sex_m,age_aggregate_y15_24,ocu_isco08_9,2016,4.796
ita,sex_m,age_aggregate_y15_24,ocu_isco08_9,2018,18.067
ita,sex_m,age_aggregate_y15_24,ocu_isco08_9,2019,6.538
ita,sex_m,age_aggregate_y15_24,ocu_isco08_total,2011,62.32
ita,sex_m,age_aggregate_y15_24,ocu_isco08_total,2012,35.922
ita,sex_m,age_aggregate_y15_24,ocu_isco08_total,2013,39.48
ita,sex_m,age_aggregate_y15_24,ocu_isco08_total,2014,41.3
ita,sex_m,age_aggregate_y15_24,ocu_isco08_total,2015,46.633
ita,sex_m,age_aggregate_y15_24,ocu_isco08_total,2016,46.483
ita,sex_m,age_aggregate_y15_24,ocu_isco08_total,2017,20.162
ita,sex_m,age_aggregate_y15_24,ocu_isco08_total,2018,47.951
ita,sex_m,age_aggregate_y15_24,ocu_isco08_total,2019,63.74
ita,sex_m,age_aggregate_y15_24,ocu_isco08_total,2020,84.492
ita,sex_m,age_aggregate_y15_24,ocu_isco08_total,2021,61.282
ita,sex_m,age_aggregate_y15_24,ocu_isco08_total,2022,53.039
ita,sex_m,age_aggregate_y15_24,ocu_isco08_total,2023,28.2
ita,sex_m,age_aggregate_y15_24,ocu_isco88_3,2007,7.733
ita,sex_m,age_aggregate_y15_24,ocu_isco88_3,2008,16.757
ita,sex_m,age_aggregate_y15_24,ocu_isco88_3,2009,6.559
ita,sex_m,age_aggregate_y15_24,ocu_isco88_3,2010,5.308
ita,sex_m,age_aggregate_y15_24,ocu_isco88_4,2008,10.619
ita,sex_m,age_aggregate_y15_24,ocu_isco88_5,2007,6.574
ita,sex_m,age_aggregate_y15_24,ocu_isco88_5,2008,10.499
ita,sex_m,age_aggregate_y15_24,ocu_isco88_5,2010,6.066
ita,sex_m,age_aggregate_y15_24,ocu_isco88_7,2007,15.239
ita,sex_m,age_aggregate_y15_24,ocu_isco88_7,2008,11.433
ita,sex_m,age_aggregate_y15_24,ocu_isco88_7,2010,7.589
ita,sex_m,age_aggregate_y15_24,ocu_isco88_8,2007,7.859
ita,sex_m,age_aggregate_y15_24,ocu_isco88_9,2007,5.534
ita,sex_m,age_aggregate_y15_24,ocu_isco88_9,2008,5.001
ita,sex_m,age_aggregate_y15_24,ocu_isco88_total,2007,50.597
ita,sex_m,age_aggregate_y15_24,ocu_isco88_total,2008,67.727
ita,sex_m,age_aggregate_y15_24,ocu_isco88_total,2009,31.888
ita,sex_m,age_aggregate_y15_24,ocu_isco88_total,2010,32.347
ita,sex_m,age_aggregate_y15_24,ocu_skill_l1,2007,5.534
ita,sex_m,age_aggregate_y15_24,ocu_skill_l1,2008,5.001
ita,sex_m,age_aggregate_y15_24,ocu_skill_l1,2011,11.22
ita,sex_m,age_aggregate_y15_24,ocu_skill_l1,2013,6.867
ita,sex_m,age_aggregate_y15_24,ocu_skill_l1,2015,3.988
ita,sex_m,age_aggregate_y15_24,ocu_skill_l1,2016,4.796
ita,sex_m,age_aggregate_y15_24,ocu_skill_l1,2018,18.067
ita,sex_m,age_aggregate_y15_24,ocu_skill_l1,2019,6.538
ita,sex_m,age_aggregate_y15_24,ocu_skill_l2,2007,31.215
ita,sex_m,age_aggregate_y15_24,ocu_skill_l2,2008,40.759
ita,sex_m,age_aggregate_y15_24,ocu_skill_l2,2009,17.04
ita,sex_m,age_aggregate_y15_24,ocu_skill_l2,2010,20.79
ita,sex_m,age_aggregate_y15_24,ocu_skill_l2,2011,32.27
ita,sex_m,age_aggregate_y15_24,ocu_skill_l2,2012,21.885
ita,sex_m,age_aggregate_y15_24,ocu_skill_l2,2013,20.087
ita,sex_m,age_aggregate_y15_24,ocu_skill_l2,2014,36.231
ita,sex_m,age_aggregate_y15_24,ocu_skill_l2,2015,32.036
ita,sex_m,age_aggregate_y15_24,ocu_skill_l2,2016,36.137
ita,sex_m,age_aggregate_y15_24,ocu_skill_l2,2017,17.731
ita,sex_m,age_aggregate_y15_24,ocu_skill_l2,2018,24.859
ita,sex_m,age_aggregate_y15_24,ocu_skill_l2,2019,44.594
ita,sex_m,age_aggregate_y15_24,ocu_skill_l2,2020,37.542
ita,sex_m,age_aggregate_y15_24,ocu_skill_l2,2021,40.315
ita,sex_m,age_aggregate_y15_24,ocu_skill_l2,2022,13.513
ita,sex_m,age_aggregate_y15_24,ocu_skill_l2,2023,19.289
ita,sex_m,age_aggregate_y15_24,ocu_skill_l3_4,2007,13.847
ita,sex_m,age_aggregate_y15_24,ocu_skill_l3_4,2008,21.967
ita,sex_m,age_aggregate_y15_24,ocu_skill_l3_4,2009,7.21
ita,sex_m,age_aggregate_y15_24,ocu_skill_l3_4,2010,7.836
ita,sex_m,age_aggregate_y15_24,ocu_skill_l3_4,2011,18.83
ita,sex_m,age_aggregate_y15_24,ocu_skill_l3_4,2012,7.91
ita,sex_m,age_aggregate_y15_24,ocu_skill_l3_4,2013,12.526
ita,sex_m,age_aggregate_y15_24,ocu_skill_l3_4,2015,10.609
ita,sex_m,age_aggregate_y15_24,ocu_skill_l3_4,2016,5.55
ita,sex_m,age_aggregate_y15_24,ocu_skill_l3_4,2019,12.608
ita,sex_m,age_aggregate_y15_24,ocu_skill_l3_4,2020,33.021
ita,sex_m,age_aggregate_y15_24,ocu_skill_l3_4,2021,20.967
ita,sex_m,age_aggregate_y15_24,ocu_skill_l3_4,2022,34.679
ita,sex_m,age_aggregate_y15_24,ocu_skill_l3_4,2023,7.183
ita,sex_m,age_aggregate_y15_24,ocu_skill_total,2007,50.597
ita,sex_m,age_aggregate_y15_24,ocu_skill_total,2008,67.727
ita,sex_m,age_aggregate_y15_24,ocu_skill_total,2009,31.888
ita,sex_m,age_aggregate_y15_24,ocu_skill_total,2010,32.347
ita,sex_m,age_aggregate_y15_24,ocu_skill_total,2011,62.32
ita,sex_m,age_aggregate_y15_24,ocu_skill_total,2012,35.922
ita,sex_m,age_aggregate_y15_24,ocu_skill_total,2013,39.48
ita,sex_m,age_aggregate_y15_24,ocu_skill_total,2014,41.3
ita,sex_m,age_aggregate_y15_24,ocu_skill_total,2015,46.633
ita,sex_m,age_aggregate_y15_24,ocu_skill_total,2016,46.483
ita,sex_m,age_aggregate_y15_24,ocu_skill_total,2017,20.162
ita,sex_m,age_aggregate_y15_24,ocu_skill_total,2018,47.951
ita,sex_m,age_aggregate_y15_24,ocu_skill_total,2019,63.74
ita,sex_m,age_aggregate_y15_24,ocu_skill_total,2020,84.492
ita,sex_m,age_aggregate_y15_24,ocu_skill_total,2021,61.282
ita,sex_m,age_aggregate_y15_24,ocu_skill_total,2022,53.039
ita,sex_m,age_aggregate_y15_24,ocu_skill_total,2023,28.2
ita,sex_m,age_aggregate_y25_54,ocu_isco08_1,2011,9.417
ita,sex_m,age_aggregate_y25_54,ocu_isco08_1,2013,7.808
ita,sex_m,age_aggregate_y25_54,ocu_isco08_1,2014,7.91
ita,sex_m,age_aggregate_y25_54,ocu_isco08_1,2016,6.741
ita,sex_m,age_aggregate_y25_54,ocu_isco08_1,2021,10.727
ita,sex_m,age_aggregate_y25_54,ocu_isco08_1,2022,14.892
ita,sex_m,age_aggregate_y25_54,ocu_isco08_1,2023,5.511
ita,sex_m,age_aggregate_y25_54,ocu_isco08_2,2011,12.865
ita,sex_m,age_aggregate_y25_54,ocu_isco08_2,2012,7.813
ita,sex_m,age_aggregate_y25_54,ocu_isco08_2,2013,10.521
ita,sex_m,age_aggregate_y25_54,ocu_isco08_2,2014,11.824
ita,sex_m,age_aggregate_y25_54,ocu_isco08_2,2015,18.177
ita,sex_m,age_aggregate_y25_54,ocu_isco08_2,2016,9.531
ita,sex_m,age_aggregate_y25_54,ocu_isco08_2,2017,5.324
ita,sex_m,age_aggregate_y25_54,ocu_isco08_2,2018,8.711
ita,sex_m,age_aggregate_y25_54,ocu_isco08_2,2019,24.469
ita,sex_m,age_aggregate_y25_54,ocu_isco08_2,2020,14.28
ita,sex_m,age_aggregate_y25_54,ocu_isco08_2,2021,14.488
ita,sex_m,age_aggregate_y25_54,ocu_isco08_2,2022,9.714
ita,sex_m,age_aggregate_y25_54,ocu_isco08_2,2023,13.238
ita,sex_m,age_aggregate_y25_54,ocu_isco08_3,2011,20.933
ita,sex_m,age_aggregate_y25_54,ocu_isco08_3,2012,8.746
ita,sex_m,age_aggregate_y25_54,ocu_isco08_3,2013,7.412
ita,sex_m,age_aggregate_y25_54,ocu_isco08_3,2014,7.949
ita,sex_m,age_aggregate_y25_54,ocu_isco08_3,2016,10.937
ita,sex_m,age_aggregate_y25_54,ocu_isco08_3,2017,10.825
ita,sex_m,age_aggregate_y25_54,ocu_isco08_3,2018,28.464
ita,sex_m,age_aggregate_y25_54,ocu_isco08_3,2019,15.019
ita,sex_m,age_aggregate_y25_54,ocu_isco08_3,2021,15.994
ita,sex_m,age_aggregate_y25_54,ocu_isco08_3,2022,13.292
ita,sex_m,age_aggregate_y25_54,ocu_isco08_3,2023,15.249
ita,sex_m,age_aggregate_y25_54,ocu_isco08_4,2011,10.184
ita,sex_m,age_aggregate_y25_54,ocu_isco08_4,2019,13.018
ita,sex_m,age_aggregate_y25_54,ocu_isco08_4,2023,1.494
ita,sex_m,age_aggregate_y25_54,ocu_isco08_5,2011,59.706
ita,sex_m,age_aggregate_y25_54,ocu_isco08_5,2012,70.737
ita,sex_m,age_aggregate_y25_54,ocu_isco08_5,2013,85.669
ita,sex_m,age_aggregate_y25_54,ocu_isco08_5,2014,71.711
ita,sex_m,age_aggregate_y25_54,ocu_isco08_5,2015,92.036
ita,sex_m,age_aggregate_y25_54,ocu_isco08_5,2016,94.134
ita,sex_m,age_aggregate_y25_54,ocu_isco08_5,2017,72.674
ita,sex_m,age_aggregate_y25_54,ocu_isco08_5,2018,76.674
ita,sex_m,age_aggregate_y25_54,ocu_isco08_5,2019,74.769
ita,sex_m,age_aggregate_y25_54,ocu_isco08_5,2020,61.225
ita,sex_m,age_aggregate_y25_54,ocu_isco08_5,2021,75.755
ita,sex_m,age_aggregate_y25_54,ocu_isco08_5,2022,86.107
ita,sex_m,age_aggregate_y25_54,ocu_isco08_5,2023,78.072
ita,sex_m,age_aggregate_y25_54,ocu_isco08_6,2011,7.643
ita,sex_m,age_aggregate_y25_54,ocu_isco08_6,2012,3.784
ita,sex_m,age_aggregate_y25_54,ocu_isco08_6,2016,23.395
ita,sex_m,age_aggregate_y25_54,ocu_isco08_6,2018,5.882
ita,sex_m,age_aggregate_y25_54,ocu_isco08_6,2021,15.005
ita,sex_m,age_aggregate_y25_54,ocu_isco08_6,2022,9.891
ita,sex_m,age_aggregate_y25_54,ocu_isco08_7,2011,40.935
ita,sex_m,age_aggregate_y25_54,ocu_isco08_7,2012,17.86
ita,sex_m,age_aggregate_y25_54,ocu_isco08_7,2013,8.679
ita,sex_m,age_aggregate_y25_54,ocu_isco08_7,2014,6.613
ita,sex_m,age_aggregate_y25_54,ocu_isco08_7,2015,6.217
ita,sex_m,age_aggregate_y25_54,ocu_isco08_7,2016,11.524
ita,sex_m,age_aggregate_y25_54,ocu_isco08_7,2017,22.285
ita,sex_m,age_aggregate_y25_54,ocu_isco08_7,2018,31.36
ita,sex_m,age_aggregate_y25_54,ocu_isco08_7,2019,31.379
ita,sex_m,age_aggregate_y25_54,ocu_isco08_7,2020,7.561
ita,sex_m,age_aggregate_y25_54,ocu_isco08_7,2021,27.983
ita,sex_m,age_aggregate_y25_54,ocu_isco08_7,2022,17.33
ita,sex_m,age_aggregate_y25_54,ocu_isco08_7,2023,7.694
ita,sex_m,age_aggregate_y25_54,ocu_isco08_8,2011,7.71
ita,sex_m,age_aggregate_y25_54,ocu_isco08_8,2017,11.162
ita,sex_m,age_aggregate_y25_54,ocu_isco08_8,2019,12.516
ita,sex_m,age_aggregate_y25_54,ocu_isco08_9,2011,42.976
ita,sex_m,age_aggregate_y25_54,ocu_isco08_9,2012,44.73
ita,sex_m,age_aggregate_y25_54,ocu_isco08_9,2013,59.637
ita,sex_m,age_aggregate_y25_54,ocu_isco08_9,2014,48.6
ita,sex_m,age_aggregate_y25_54,ocu_isco08_9,2015,47.946
ita,sex_m,age_aggregate_y25_54,ocu_isco08_9,2016,60.382
ita,sex_m,age_aggregate_y25_54,ocu_isco08_9,2017,54.92
ita,sex_m,age_aggregate_y25_54,ocu_isco08_9,2018,80.977
ita,sex_m,age_aggregate_y25_54,ocu_isco08_9,2019,74.53
ita,sex_m,age_aggregate_y25_54,ocu_isco08_9,2020,58.02
ita,sex_m,age_aggregate_y25_54,ocu_isco08_9,2021,58.788
ita,sex_m,age_aggregate_y25_54,ocu_isco08_9,2022,69.711
ita,sex_m,age_aggregate_y25_54,ocu_isco08_9,2023,41.917
ita,sex_m,age_aggregate_y25_54,ocu_isco08_total,2011,212.371
ita,sex_m,age_aggregate_y25_54,ocu_isco08_total,2012,162.473
ita,sex_m,age_aggregate_y25_54,ocu_isco08_total,2013,186.196
ita,sex_m,age_aggregate_y25_54,ocu_isco08_total,2014,169.471
ita,sex_m,age_aggregate_y25_54,ocu_isco08_total,2015,182.705
ita,sex_m,age_aggregate_y25_54,ocu_isco08_total,2016,220.843
ita,sex_m,age_aggregate_y25_54,ocu_isco08_total,2017,185.612
ita,sex_m,age_aggregate_y25_54,ocu_isco08_total,2018,240.751
ita,sex_m,age_aggregate_y25_54,ocu_isco08_total,2019,258.316
ita,sex_m,age_aggregate_y25_54,ocu_isco08_total,2020,157.574
ita,sex_m,age_aggregate_y25_54,ocu_isco08_total,2021,235.95
ita,sex_m,age_aggregate_y25_54,ocu_isco08_total,2022,233.257
ita,sex_m,age_aggregate_y25_54,ocu_isco08_total,2023,173.311
ita,sex_m,age_aggregate_y25_54,ocu_isco88_1,2007,18.91
ita,sex_m,age_aggregate_y25_54,ocu_isco88_1,2008,28.133
ita,sex_m,age_aggregate_y25_54,ocu_isco88_1,2009,26.039
ita,sex_m,age_aggregate_y25_54,ocu_isco88_1,2010,19.257
ita,sex_m,age_aggregate_y25_54,ocu_isco88_2,2007,19.497
ita,sex_m,age_aggregate_y25_54,ocu_isco88_2,2008,14.64
ita,sex_m,age_aggregate_y25_54,ocu_isco88_2,2009,11.847
ita,sex_m,age_aggregate_y25_54,ocu_isco88_2,2010,11.353
ita,sex_m,age_aggregate_y25_54,ocu_isco88_3,2007,17.884
ita,sex_m,age_aggregate_y25_54,ocu_isco88_3,2008,25.185
ita,sex_m,age_aggregate_y25_54,ocu_isco88_3,2009,16.498
ita,sex_m,age_aggregate_y25_54,ocu_isco88_3,2010,12.903
ita,sex_m,age_aggregate_y25_54,ocu_isco88_4,2007,6.035
ita,sex_m,age_aggregate_y25_54,ocu_isco88_4,2010,4.39
ita,sex_m,age_aggregate_y25_54,ocu_isco88_5,2007,8.466
ita,sex_m,age_aggregate_y25_54,ocu_isco88_5,2008,20.01
ita,sex_m,age_aggregate_y25_54,ocu_isco88_5,2009,8.804
ita,sex_m,age_aggregate_y25_54,ocu_isco88_5,2010,16.083
ita,sex_m,age_aggregate_y25_54,ocu_isco88_6,2007,12.045
ita,sex_m,age_aggregate_y25_54,ocu_isco88_6,2008,19.679
ita,sex_m,age_aggregate_y25_54,ocu_isco88_6,2009,22.032
ita,sex_m,age_aggregate_y25_54,ocu_isco88_6,2010,22.194
ita,sex_m,age_aggregate_y25_54,ocu_isco88_7,2007,36.812
ita,sex_m,age_aggregate_y25_54,ocu_isco88_7,2008,20.109
ita,sex_m,age_aggregate_y25_54,ocu_isco88_7,2009,19.214
ita,sex_m,age_aggregate_y25_54,ocu_isco88_7,2010,47.623
ita,sex_m,age_aggregate_y25_54,ocu_isco88_8,2007,4.082
ita,sex_m,age_aggregate_y25_54,ocu_isco88_8,2009,6.879
ita,sex_m,age_aggregate_y25_54,ocu_isco88_9,2007,12.916
ita,sex_m,age_aggregate_y25_54,ocu_isco88_9,2008,17.321
ita,sex_m,age_aggregate_y25_54,ocu_isco88_9,2009,5.383
ita,sex_m,age_aggregate_y25_54,ocu_isco88_9,2010,13.779
ita,sex_m,age_aggregate_y25_54,ocu_isco88_total,2007,136.647
ita,sex_m,age_aggregate_y25_54,ocu_isco88_total,2008,150.946
ita,sex_m,age_aggregate_y25_54,ocu_isco88_total,2009,116.698
ita,sex_m,age_aggregate_y25_54,ocu_isco88_total,2010,152.516
ita,sex_m,age_aggregate_y25_54,ocu_skill_l1,2007,12.916
ita,sex_m,age_aggregate_y25_54,ocu_skill_l1,2008,17.321
ita,sex_m,age_aggregate_y25_54,ocu_skill_l1,2009,5.383
ita,sex_m,age_aggregate_y25_54,ocu_skill_l1,2010,13.779
ita,sex_m,age_aggregate_y25_54,ocu_skill_l1,2011,42.976
ita,sex_m,age_aggregate_y25_54,ocu_skill_l1,2012,44.73
ita,sex_m,age_aggregate_y25_54,ocu_skill_l1,2013,59.637
ita,sex_m,age_aggregate_y25_54,ocu_skill_l1,2014,48.6
ita,sex_m,age_aggregate_y25_54,ocu_skill_l1,2015,47.946
ita,sex_m,age_aggregate_y25_54,ocu_skill_l1,2016,60.382
ita,sex_m,age_aggregate_y25_54,ocu_skill_l1,2017,54.92
ita,sex_m,age_aggregate_y25_54,ocu_skill_l1,2018,80.977
ita,sex_m,age_aggregate_y25_54,ocu_skill_l1,2019,74.53
ita,sex_m,age_aggregate_y25_54,ocu_skill_l1,2020,58.02
ita,sex_m,age_aggregate_y25_54,ocu_skill_l1,2021,58.788
ita,sex_m,age_aggregate_y25_54,ocu_skill_l1,2022,69.711
ita,sex_m,age_aggregate_y25_54,ocu_skill_l1,2023,41.917
ita,sex_m,age_aggregate_y25_54,ocu_skill_l2,2007,67.44
ita,sex_m,age_aggregate_y25_54,ocu_skill_l2,2008,65.667
ita,sex_m,age_aggregate_y25_54,ocu_skill_l2,2009,56.929
ita,sex_m,age_aggregate_y25_54,ocu_skill_l2,2010,95.225
ita,sex_m,age_aggregate_y25_54,ocu_skill_l2,2011,126.18
ita,sex_m,age_aggregate_y25_54,ocu_skill_l2,2012,97.42
ita,sex_m,age_aggregate_y25_54,ocu_skill_l2,2013,100.819
ita,sex_m,age_aggregate_y25_54,ocu_skill_l2,2014,93.188
ita,sex_m,age_aggregate_y25_54,ocu_skill_l2,2015,109.145
ita,sex_m,age_aggregate_y25_54,ocu_skill_l2,2016,133.252
ita,sex_m,age_aggregate_y25_54,ocu_skill_l2,2017,112.042
ita,sex_m,age_aggregate_y25_54,ocu_skill_l2,2018,122.599
ita,sex_m,age_aggregate_y25_54,ocu_skill_l2,2019,141.275
ita,sex_m,age_aggregate_y25_54,ocu_skill_l2,2020,80.263
ita,sex_m,age_aggregate_y25_54,ocu_skill_l2,2021,135.954
ita,sex_m,age_aggregate_y25_54,ocu_skill_l2,2022,125.649
ita,sex_m,age_aggregate_y25_54,ocu_skill_l2,2023,97.396
ita,sex_m,age_aggregate_y25_54,ocu_skill_l3_4,2007,56.292
ita,sex_m,age_aggregate_y25_54,ocu_skill_l3_4,2008,67.958
ita,sex_m,age_aggregate_y25_54,ocu_skill_l3_4,2009,54.385
ita,sex_m,age_aggregate_y25_54,ocu_skill_l3_4,2010,43.512
ita,sex_m,age_aggregate_y25_54,ocu_skill_l3_4,2011,43.215
ita,sex_m,age_aggregate_y25_54,ocu_skill_l3_4,2012,20.323
ita,sex_m,age_aggregate_y25_54,ocu_skill_l3_4,2013,25.741
ita,sex_m,age_aggregate_y25_54,ocu_skill_l3_4,2014,27.683
ita,sex_m,age_aggregate_y25_54,ocu_skill_l3_4,2015,25.614
ita,sex_m,age_aggregate_y25_54,ocu_skill_l3_4,2016,27.209
ita,sex_m,age_aggregate_y25_54,ocu_skill_l3_4,2017,18.649
ita,sex_m,age_aggregate_y25_54,ocu_skill_l3_4,2018,37.175
ita,sex_m,age_aggregate_y25_54,ocu_skill_l3_4,2019,42.511
ita,sex_m,age_aggregate_y25_54,ocu_skill_l3_4,2020,19.291
ita,sex_m,age_aggregate_y25_54,ocu_skill_l3_4,2021,41.208
ita,sex_m,age_aggregate_y25_54,ocu_skill_l3_4,2022,37.898
ita,sex_m,age_aggregate_y25_54,ocu_skill_l3_4,2023,33.998
ita,sex_m,age_aggregate_y25_54,ocu_skill_total,2007,136.647
ita,sex_m,age_aggregate_y25_54,ocu_skill_total,2008,150.946
ita,sex_m,age_aggregate_y25_54,ocu_skill_total,2009,116.698
ita,sex_m,age_aggregate_y25_54,ocu_skill_total,2010,152.516
ita,sex_m,age_aggregate_y25_54,ocu_skill_total,2011,212.371
ita,sex_m,age_aggregate_y25_54,ocu_skill_total,2012,162.473
ita,sex_m,age_aggregate_y25_54,ocu_skill_total,2013,186.196
ita,sex_m,age_aggregate_y25_54,ocu_skill_total,2014,169.471
ita,sex_m,age_aggregate_y25_54,ocu_skill_total,2015,182.705
ita,sex_m,age_aggregate_y25_54,ocu_skill_total,2016,220.843
ita,sex_m,age_aggregate_y25_54,ocu_skill_total,2017,185.612
ita,sex_m,age_aggregate_y25_54,ocu_skill_total,2018,240.751
ita,sex_m,age_aggregate_y25_54,ocu_skill_total,2019,258.316
ita,sex_m,age_aggregate_y25_54,ocu_skill_total,2020,157.574
ita,sex_m,age_aggregate_y25_54,ocu_skill_total,2021,235.95
ita,sex_m,age_aggregate_y25_54,ocu_skill_total,2022,233.257
ita,sex_m,age_aggregate_y25_54,ocu_skill_total,2023,173.311
ita,sex_m,age_aggregate_y55_64,ocu_isco08_5,2011,10.308
ita,sex_m,age_aggregate_y55_64,ocu_isco08_5,2012,15.2
ita,sex_m,age_aggregate_y55_64,ocu_isco08_5,2013,18.929
ita,sex_m,age_aggregate_y55_64,ocu_isco08_5,2014,18.364
ita,sex_m,age_aggregate_y55_64,ocu_isco08_5,2015,18.478
ita,sex_m,age_aggregate_y55_64,ocu_isco08_5,2016,14.426
ita,sex_m,age_aggregate_y55_64,ocu_isco08_5,2017,12.345
ita,sex_m,age_aggregate_y55_64,ocu_isco08_5,2018,14.516
ita,sex_m,age_aggregate_y55_64,ocu_isco08_5,2019,12.647
ita,sex_m,age_aggregate_y55_64,ocu_isco08_5,2021,11.871
ita,sex_m,age_aggregate_y55_64,ocu_isco08_5,2022,17.059
ita,sex_m,age_aggregate_y55_64,ocu_isco08_5,2023,14.933
ita,sex_m,age_aggregate_y55_64,ocu_isco08_6,2016,6.157
ita,sex_m,age_aggregate_y55_64,ocu_isco08_7,2012,5.684
ita,sex_m,age_aggregate_y55_64,ocu_isco08_7,2016,6.633
ita,sex_m,age_aggregate_y55_64,ocu_isco08_7,2018,12.645
ita,sex_m,age_aggregate_y55_64,ocu_isco08_7,2019,7.051
ita,sex_m,age_aggregate_y55_64,ocu_isco08_7,2022,8.055
ita,sex_m,age_aggregate_y55_64,ocu_isco08_7,2023,21.183
ita,sex_m,age_aggregate_y55_64,ocu_isco08_9,2016,12.435
ita,sex_m,age_aggregate_y55_64,ocu_isco08_9,2017,16.519
ita,sex_m,age_aggregate_y55_64,ocu_isco08_9,2018,41.607
ita,sex_m,age_aggregate_y55_64,ocu_isco08_9,2019,26.196
ita,sex_m,age_aggregate_y55_64,ocu_isco08_9,2020,10.552
ita,sex_m,age_aggregate_y55_64,ocu_isco08_9,2021,21.037
ita,sex_m,age_aggregate_y55_64,ocu_isco08_9,2022,40.077
ita,sex_m,age_aggregate_y55_64,ocu_isco08_9,2023,10.702
ita,sex_m,age_aggregate_y55_64,ocu_isco08_total,2011,14.524
ita,sex_m,age_aggregate_y55_64,ocu_isco08_total,2012,39.681
ita,sex_m,age_aggregate_y55_64,ocu_isco08_total,2013,42.214
ita,sex_m,age_aggregate_y55_64,ocu_isco08_total,2014,27.202
ita,sex_m,age_aggregate_y55_64,ocu_isco08_total,2015,31.763
ita,sex_m,age_aggregate_y55_64,ocu_isco08_total,2016,54.222
ita,sex_m,age_aggregate_y55_64,ocu_isco08_total,2017,40.466
ita,sex_m,age_aggregate_y55_64,ocu_isco08_total,2018,81.369
ita,sex_m,age_aggregate_y55_64,ocu_isco08_total,2019,55.951
ita,sex_m,age_aggregate_y55_64,ocu_isco08_total,2020,29.795
ita,sex_m,age_aggregate_y55_64,ocu_isco08_total,2021,43.472
ita,sex_m,age_aggregate_y55_64,ocu_isco08_total,2022,74.538
ita,sex_m,age_aggregate_y55_64,ocu_isco08_total,2023,50.322
ita,sex_m,age_aggregate_y55_64,ocu_isco88_1,2008,6.714
ita,sex_m,age_aggregate_y55_64,ocu_isco88_1,2009,8.857
ita,sex_m,age_aggregate_y55_64,ocu_isco88_6,2007,7.633
ita,sex_m,age_aggregate_y55_64,ocu_isco88_6,2008,11.637
ita,sex_m,age_aggregate_y55_64,ocu_isco88_6,2009,8.814
ita,sex_m,age_aggregate_y55_64,ocu_isco88_6,2010,5.116
ita,sex_m,age_aggregate_y55_64,ocu_isco88_7,2008,7.882
ita,sex_m,age_aggregate_y55_64,ocu_isco88_7,2009,4.636
ita,sex_m,age_aggregate_y55_64,ocu_isco88_7,2010,6.38
ita,sex_m,age_aggregate_y55_64,ocu_isco88_total,2007,21.229
ita,sex_m,age_aggregate_y55_64,ocu_isco88_total,2008,33.59
ita,sex_m,age_aggregate_y55_64,ocu_isco88_total,2009,25.992
ita,sex_m,age_aggregate_y55_64,ocu_isco88_total,2010,23.366
ita,sex_m,age_aggregate_y55_64,ocu_skill_l1,2016,12.435
ita,sex_m,age_aggregate_y55_64,ocu_skill_l1,2017,16.519
ita,sex_m,age_aggregate_y55_64,ocu_skill_l1,2018,41.607
ita,sex_m,age_aggregate_y55_64,ocu_skill_l1,2019,26.196
ita,sex_m,age_aggregate_y55_64,ocu_skill_l1,2020,10.552
ita,sex_m,age_aggregate_y55_64,ocu_skill_l1,2021,21.037
ita,sex_m,age_aggregate_y55_64,ocu_skill_l1,2022,40.077
ita,sex_m,age_aggregate_y55_64,ocu_skill_l1,2023,10.702
ita,sex_m,age_aggregate_y55_64,ocu_skill_l2,2007,14.419
ita,sex_m,age_aggregate_y55_64,ocu_skill_l2,2008,19.52
ita,sex_m,age_aggregate_y55_64,ocu_skill_l2,2009,13.45
ita,sex_m,age_aggregate_y55_64,ocu_skill_l2,2010,15.548
ita,sex_m,age_aggregate_y55_64,ocu_skill_l2,2011,10.308
ita,sex_m,age_aggregate_y55_64,ocu_skill_l2,2012,27.431
ita,sex_m,age_aggregate_y55_64,ocu_skill_l2,2013,25.355
ita,sex_m,age_aggregate_y55_64,ocu_skill_l2,2014,22.84
ita,sex_m,age_aggregate_y55_64,ocu_skill_l2,2015,25.922
ita,sex_m,age_aggregate_y55_64,ocu_skill_l2,2016,27.525
ita,sex_m,age_aggregate_y55_64,ocu_skill_l2,2017,21.381
ita,sex_m,age_aggregate_y55_64,ocu_skill_l2,2018,32.144
ita,sex_m,age_aggregate_y55_64,ocu_skill_l2,2019,20.274
ita,sex_m,age_aggregate_y55_64,ocu_skill_l2,2020,16.781
ita,sex_m,age_aggregate_y55_64,ocu_skill_l2,2021,20.695
ita,sex_m,age_aggregate_y55_64,ocu_skill_l2,2022,30.287
ita,sex_m,age_aggregate_y55_64,ocu_skill_l2,2023,37.103
ita,sex_m,age_aggregate_y55_64,ocu_skill_l3_4,2008,12.048
ita,sex_m,age_aggregate_y55_64,ocu_skill_l3_4,2009,10.124
ita,sex_m,age_aggregate_y55_64,ocu_skill_l3_4,2016,14.262
ita,sex_m,age_aggregate_y55_64,ocu_skill_l3_4,2019,9.482
ita,sex_m,age_aggregate_y55_64,ocu_skill_l3_4,2022,4.174
ita,sex_m,age_aggregate_y55_64,ocu_skill_total,2007,21.229
ita,sex_m,age_aggregate_y55_64,ocu_skill_total,2008,33.59
ita,sex_m,age_aggregate_y55_64,ocu_skill_total,2009,25.992
ita,sex_m,age_aggregate_y55_64,ocu_skill_total,2010,23.366
ita,sex_m,age_aggregate_y55_64,ocu_skill_total,2011,14.524
ita,sex_m,age_aggregate_y55_64,ocu_skill_total,2012,39.681
ita,sex_m,age_aggregate_y55_64,ocu_skill_total,2013,42.214
ita,sex_m,age_aggregate_y55_64,ocu_skill_total,2014,27.202
ita,sex_m,age_aggregate_y55_64,ocu_skill_total,2015,31.763
ita,sex_m,age_aggregate_y55_64,ocu_skill_total,2016,54.222
ita,sex_m,age_aggregate_y55_64,ocu_skill_total,2017,40.466
ita,sex_m,age_aggregate_y55_64,ocu_skill_total,2018,81.369
ita,sex_m,age_aggregate_y55_64,ocu_skill_total,2019,55.951
ita,sex_m,age_aggregate_y55_64,ocu_skill_total,2020,29.795
ita,sex_m,age_aggregate_y55_64,ocu_skill_total,2021,43.472
ita,sex_m,age_aggregate_y55_64,ocu_skill_total,2022,74.538
ita,sex_m,age_aggregate_y55_64,ocu_skill_total,2023,50.322
ita,sex_m,age_aggregate_yge65,ocu_isco08_5,2012,6.373
ita,sex_m,age_aggregate_yge65,ocu_isco08_5,2014,17.287
ita,sex_m,age_aggregate_yge65,ocu_isco08_9,2019,0
ita,sex_m,age_aggregate_yge65,ocu_isco08_9,2021,18.654
ita,sex_m,age_aggregate_yge65,ocu_isco08_total,2011,14.35
ita,sex_m,age_aggregate_yge65,ocu_isco08_total,2012,23.186
ita,sex_m,age_aggregate_yge65,ocu_isco08_total,2013,9.801
ita,sex_m,age_aggregate_yge65,ocu_isco08_total,2014,20.379
ita,sex_m,age_aggregate_yge65,ocu_isco08_total,2015,7.908
ita,sex_m,age_aggregate_yge65,ocu_isco08_total,2016,9.641
ita,sex_m,age_aggregate_yge65,ocu_isco08_total,2017,5.408
ita,sex_m,age_aggregate_yge65,ocu_isco08_total,2021,23.882
ita,sex_m,age_aggregate_yge65,ocu_isco08_total,2022,12.646
ita,sex_m,age_aggregate_yge65,ocu_isco08_total,2023,11.181
ita,sex_m,age_aggregate_yge65,ocu_isco88_1,2008,5.087
ita,sex_m,age_aggregate_yge65,ocu_isco88_total,2007,6.234
ita,sex_m,age_aggregate_yge65,ocu_isco88_total,2008,10.035
ita,sex_m,age_aggregate_yge65,ocu_isco88_total,2009,6.58
ita,sex_m,age_aggregate_yge65,ocu_isco88_total,2010,17.733
ita,sex_m,age_aggregate_yge65,ocu_skill_l1,2019,0
ita,sex_m,age_aggregate_yge65,ocu_skill_l1,2021,18.654
ita,sex_m,age_aggregate_yge65,ocu_skill_l2,2010,8.838
ita,sex_m,age_aggregate_yge65,ocu_skill_l2,2011,8.829
ita,sex_m,age_aggregate_yge65,ocu_skill_l2,2012,15.303
ita,sex_m,age_aggregate_yge65,ocu_skill_l2,2014,18.948
ita,sex_m,age_aggregate_yge65,ocu_skill_l2,2016,7.22
ita,sex_m,age_aggregate_yge65,ocu_skill_l2,2023,6.629
ita,sex_m,age_aggregate_yge65,ocu_skill_l3_4,2008,5.679
ita,sex_m,age_aggregate_yge65,ocu_skill_l3_4,2009,3.987
ita,sex_m,age_aggregate_yge65,ocu_skill_l3_4,2010,6.945
ita,sex_m,age_aggregate_yge65,ocu_skill_total,2007,6.234
ita,sex_m,age_aggregate_yge65,ocu_skill_total,2008,10.035
ita,sex_m,age_aggregate_yge65,ocu_skill_total,2009,6.58
ita,sex_m,age_aggregate_yge65,ocu_skill_total,2010,17.733
ita,sex_m,age_aggregate_yge65,ocu_skill_total,2011,14.35
ita,sex_m,age_aggregate_yge65,ocu_skill_total,2012,23.186
ita,sex_m,age_aggregate_yge65,ocu_skill_total,2013,9.801
ita,sex_m,age_aggregate_yge65,ocu_skill_total,2014,20.379
ita,sex_m,age_aggregate_yge65,ocu_skill_total,2015,7.908
ita,sex_m,age_aggregate_yge65,ocu_skill_total,2016,9.641
ita,sex_m,age_aggregate_yge65,ocu_skill_total,2017,5.408
ita,sex_m,age_aggregate_yge65,ocu_skill_total,2021,23.882
ita,sex_m,age_aggregate_yge65,ocu_skill_total,2022,12.646
ita,sex_m,age_aggregate_yge65,ocu_skill_total,2023,11.181
ita,sex_m,age_ythadult_y15_24,ocu_isco08_2,2011,5.122
ita,sex_m,age_ythadult_y15_24,ocu_isco08_2,2021,14.777
ita,sex_m,age_ythadult_y15_24,ocu_isco08_3,2011,5.855
ita,sex_m,age_ythadult_y15_24,ocu_isco08_3,2012,6.227
ita,sex_m,age_ythadult_y15_24,ocu_isco08_3,2013,8.768
ita,sex_m,age_ythadult_y15_24,ocu_isco08_3,2015,4.575
ita,sex_m,age_ythadult_y15_24,ocu_isco08_3,2020,19.828
ita,sex_m,age_ythadult_y15_24,ocu_isco08_3,2021,6.19
ita,sex_m,age_ythadult_y15_24,ocu_isco08_3,2022,19.94
ita,sex_m,age_ythadult_y15_24,ocu_isco08_3,2023,6.807
ita,sex_m,age_ythadult_y15_24,ocu_isco08_4,2019,7.73
ita,sex_m,age_ythadult_y15_24,ocu_isco08_5,2011,15.048
ita,sex_m,age_ythadult_y15_24,ocu_isco08_5,2012,13.35
ita,sex_m,age_ythadult_y15_24,ocu_isco08_5,2013,10.432
ita,sex_m,age_ythadult_y15_24,ocu_isco08_5,2014,25.623
ita,sex_m,age_ythadult_y15_24,ocu_isco08_5,2015,20.399
ita,sex_m,age_ythadult_y15_24,ocu_isco08_5,2016,12.948
ita,sex_m,age_ythadult_y15_24,ocu_isco08_5,2017,2.968
ita,sex_m,age_ythadult_y15_24,ocu_isco08_5,2018,10.626
ita,sex_m,age_ythadult_y15_24,ocu_isco08_5,2019,15.246
ita,sex_m,age_ythadult_y15_24,ocu_isco08_5,2021,20.762
ita,sex_m,age_ythadult_y15_24,ocu_isco08_5,2022,8.142
ita,sex_m,age_ythadult_y15_24,ocu_isco08_5,2023,15.535
ita,sex_m,age_ythadult_y15_24,ocu_isco08_7,2011,10.969
ita,sex_m,age_ythadult_y15_24,ocu_isco08_7,2015,6.382
ita,sex_m,age_ythadult_y15_24,ocu_isco08_7,2016,11.126
ita,sex_m,age_ythadult_y15_24,ocu_isco08_7,2017,10.196
ita,sex_m,age_ythadult_y15_24,ocu_isco08_7,2019,14.459
ita,sex_m,age_ythadult_y15_24,ocu_isco08_7,2020,12.409
ita,sex_m,age_ythadult_y15_24,ocu_isco08_7,2021,11.794
ita,sex_m,age_ythadult_y15_24,ocu_isco08_7,2022,4.82
ita,sex_m,age_ythadult_y15_24,ocu_isco08_9,2011,11.22
ita,sex_m,age_ythadult_y15_24,ocu_isco08_9,2013,6.867
ita,sex_m,age_ythadult_y15_24,ocu_isco08_9,2015,3.988
ita,sex_m,age_ythadult_y15_24,ocu_isco08_9,2016,4.796
ita,sex_m,age_ythadult_y15_24,ocu_isco08_9,2018,18.067
ita,sex_m,age_ythadult_y15_24,ocu_isco08_9,2019,6.538
ita,sex_m,age_ythadult_y15_24,ocu_isco08_total,2011,62.32
ita,sex_m,age_ythadult_y15_24,ocu_isco08_total,2012,35.922
ita,sex_m,age_ythadult_y15_24,ocu_isco08_total,2013,39.48
ita,sex_m,age_ythadult_y15_24,ocu_isco08_total,2014,41.3
ita,sex_m,age_ythadult_y15_24,ocu_isco08_total,2015,46.633
ita,sex_m,age_ythadult_y15_24,ocu_isco08_total,2016,46.483
ita,sex_m,age_ythadult_y15_24,ocu_isco08_total,2017,20.162
ita,sex_m,age_ythadult_y15_24,ocu_isco08_total,2018,47.951
ita,sex_m,age_ythadult_y15_24,ocu_isco08_total,2019,63.74
ita,sex_m,age_ythadult_y15_24,ocu_isco08_total,2020,84.492
ita,sex_m,age_ythadult_y15_24,ocu_isco08_total,2021,61.282
ita,sex_m,age_ythadult_y15_24,ocu_isco08_total,2022,53.039
ita,sex_m,age_ythadult_y15_24,ocu_isco08_total,2023,28.2
ita,sex_m,age_ythadult_y15_24,ocu_isco88_3,2007,7.733
ita,sex_m,age_ythadult_y15_24,ocu_isco88_3,2008,16.757
ita,sex_m,age_ythadult_y15_24,ocu_isco88_3,2009,6.559
ita,sex_m,age_ythadult_y15_24,ocu_isco88_3,2010,5.308
ita,sex_m,age_ythadult_y15_24,ocu_isco88_4,2008,10.619
ita,sex_m,age_ythadult_y15_24,ocu_isco88_5,2007,6.574
ita,sex_m,age_ythadult_y15_24,ocu_isco88_5,2008,10.499
ita,sex_m,age_ythadult_y15_24,ocu_isco88_5,2010,6.066
ita,sex_m,age_ythadult_y15_24,ocu_isco88_7,2007,15.239
ita,sex_m,age_ythadult_y15_24,ocu_isco88_7,2008,11.433
ita,sex_m,age_ythadult_y15_24,ocu_isco88_7,2010,7.589
ita,sex_m,age_ythadult_y15_24,ocu_isco88_8,2007,7.859
ita,sex_m,age_ythadult_y15_24,ocu_isco88_9,2007,5.534
ita,sex_m,age_ythadult_y15_24,ocu_isco88_9,2008,5.001
ita,sex_m,age_ythadult_y15_24,ocu_isco88_total,2007,50.597
ita,sex_m,age_ythadult_y15_24,ocu_isco88_total,2008,67.727
ita,sex_m,age_ythadult_y15_24,ocu_isco88_total,2009,31.888
ita,sex_m,age_ythadult_y15_24,ocu_isco88_total,2010,32.347
ita,sex_m,age_ythadult_y15_24,ocu_skill_l1,2007,5.534
ita,sex_m,age_ythadult_y15_24,ocu_skill_l1,2008,5.001
ita,sex_m,age_ythadult_y15_24,ocu_skill_l1,2011,11.22
ita,sex_m,age_ythadult_y15_24,ocu_skill_l1,2013,6.867
ita,sex_m,age_ythadult_y15_24,ocu_skill_l1,2015,3.988
ita,sex_m,age_ythadult_y15_24,ocu_skill_l1,2016,4.796
ita,sex_m,age_ythadult_y15_24,ocu_skill_l1,2018,18.067
ita,sex_m,age_ythadult_y15_24,ocu_skill_l1,2019,6.538
ita,sex_m,age_ythadult_y15_24,ocu_skill_l2,2007,31.215
ita,sex_m,age_ythadult_y15_24,ocu_skill_l2,2008,40.759
ita,sex_m,age_ythadult_y15_24,ocu_skill_l2,2009,17.04
ita,sex_m,age_ythadult_y15_24,ocu_skill_l2,2010,20.79
ita,sex_m,age_ythadult_y15_24,ocu_skill_l2,2011,32.27
ita,sex_m,age_ythadult_y15_24,ocu_skill_l2,2012,21.885
ita,sex_m,age_ythadult_y15_24,ocu_skill_l2,2013,20.087
ita,sex_m,age_ythadult_y15_24,ocu_skill_l2,2014,36.231
ita,sex_m,age_ythadult_y15_24,ocu_skill_l2,2015,32.036
ita,sex_m,age_ythadult_y15_24,ocu_skill_l2,2016,36.137
ita,sex_m,age_ythadult_y15_24,ocu_skill_l2,2017,17.731
ita,sex_m,age_ythadult_y15_24,ocu_skill_l2,2018,24.859
ita,sex_m,age_ythadult_y15_24,ocu_skill_l2,2019,44.594
ita,sex_m,age_ythadult_y15_24,ocu_skill_l2,2020,37.542
ita,sex_m,age_ythadult_y15_24,ocu_skill_l2,2021,40.315
ita,sex_m,age_ythadult_y15_24,ocu_skill_l2,2022,13.513
ita,sex_m,age_ythadult_y15_24,ocu_skill_l2,2023,19.289
ita,sex_m,age_ythadult_y15_24,ocu_skill_l3_4,2007,13.847
ita,sex_m,age_ythadult_y15_24,ocu_skill_l3_4,2008,21.967
ita,sex_m,age_ythadult_y15_24,ocu_skill_l3_4,2009,7.21
ita,sex_m,age_ythadult_y15_24,ocu_skill_l3_4,2010,7.836
ita,sex_m,age_ythadult_y15_24,ocu_skill_l3_4,2011,18.83
ita,sex_m,age_ythadult_y15_24,ocu_skill_l3_4,2012,7.91
ita,sex_m,age_ythadult_y15_24,ocu_skill_l3_4,2013,12.526
ita,sex_m,age_ythadult_y15_24,ocu_skill_l3_4,2015,10.609
ita,sex_m,age_ythadult_y15_24,ocu_skill_l3_4,2016,5.55
ita,sex_m,age_ythadult_y15_24,ocu_skill_l3_4,2019,12.608
ita,sex_m,age_ythadult_y15_24,ocu_skill_l3_4,2020,33.021
ita,sex_m,age_ythadult_y15_24,ocu_skill_l3_4,2021,20.967
ita,sex_m,age_ythadult_y15_24,ocu_skill_l3_4,2022,34.679
ita,sex_m,age_ythadult_y15_24,ocu_skill_l3_4,2023,7.183
ita,sex_m,age_ythadult_y15_24,ocu_skill_total,2007,50.597
ita,sex_m,age_ythadult_y15_24,ocu_skill_total,2008,67.727
ita,sex_m,age_ythadult_y15_24,ocu_skill_total,2009,31.888
ita,sex_m,age_ythadult_y15_24,ocu_skill_total,2010,32.347
ita,sex_m,age_ythadult_y15_24,ocu_skill_total,2011,62.32
ita,sex_m,age_ythadult_y15_24,ocu_skill_total,2012,35.922
ita,sex_m,age_ythadult_y15_24,ocu_skill_total,2013,39.48
ita,sex_m,age_ythadult_y15_24,ocu_skill_total,2014,41.3
ita,sex_m,age_ythadult_y15_24,ocu_skill_total,2015,46.633
ita,sex_m,age_ythadult_y15_24,ocu_skill_total,2016,46.483
ita,sex_m,age_ythadult_y15_24,ocu_skill_total,2017,20.162
ita,sex_m,age_ythadult_y15_24,ocu_skill_total,2018,47.951
ita,sex_m,age_ythadult_y15_24,ocu_skill_total,2019,63.74
ita,sex_m,age_ythadult_y15_24,ocu_skill_total,2020,84.492
ita,sex_m,age_ythadult_y15_24,ocu_skill_total,2021,61.282
ita,sex_m,age_ythadult_y15_24,ocu_skill_total,2022,53.039
ita,sex_m,age_ythadult_y15_24,ocu_skill_total,2023,28.2
ita,sex_m,age_ythadult_y15_64,ocu_isco08_1,2011,17.861
ita,sex_m,age_ythadult_y15_64,ocu_isco08_1,2012,4.158
ita,sex_m,age_ythadult_y15_64,ocu_isco08_1,2017,5.44
ita,sex_m,age_ythadult_y15_64,ocu_isco08_2,2011,17.987
ita,sex_m,age_ythadult_y15_64,ocu_isco08_2,2012,9.315
ita,sex_m,age_ythadult_y15_64,ocu_isco08_2,2013,14.864
ita,sex_m,age_ythadult_y15_64,ocu_isco08_2,2014,13.325
ita,sex_m,age_ythadult_y15_64,ocu_isco08_2,2015,23.116
ita,sex_m,age_ythadult_y15_64,ocu_isco08_2,2018,10.579
ita,sex_m,age_ythadult_y15_64,ocu_isco08_2,2019,33.788
ita,sex_m,age_ythadult_y15_64,ocu_isco08_2,2020,28.97
ita,sex_m,age_ythadult_y15_64,ocu_isco08_2,2021,29.265
ita,sex_m,age_ythadult_y15_64,ocu_isco08_2,2022,24.453
ita,sex_m,age_ythadult_y15_64,ocu_isco08_2,2023,13.805
ita,sex_m,age_ythadult_y15_64,ocu_isco08_3,2011,28.607
ita,sex_m,age_ythadult_y15_64,ocu_isco08_3,2012,16.573
ita,sex_m,age_ythadult_y15_64,ocu_isco08_3,2014,10.313
ita,sex_m,age_ythadult_y15_64,ocu_isco08_3,2016,21.598
ita,sex_m,age_ythadult_y15_64,ocu_isco08_3,2018,36.388
ita,sex_m,age_ythadult_y15_64,ocu_isco08_3,2019,24.437
ita,sex_m,age_ythadult_y15_64,ocu_isco08_3,2020,23.272
ita,sex_m,age_ythadult_y15_64,ocu_isco08_3,2021,23.754
ita,sex_m,age_ythadult_y15_64,ocu_isco08_3,2022,36.114
ita,sex_m,age_ythadult_y15_64,ocu_isco08_3,2023,23.199
ita,sex_m,age_ythadult_y15_64,ocu_isco08_4,2011,12.659
ita,sex_m,age_ythadult_y15_64,ocu_isco08_4,2012,6.218
ita,sex_m,age_ythadult_y15_64,ocu_isco08_4,2015,11.706
ita,sex_m,age_ythadult_y15_64,ocu_isco08_4,2016,8.572
ita,sex_m,age_ythadult_y15_64,ocu_isco08_4,2017,8.436
ita,sex_m,age_ythadult_y15_64,ocu_isco08_4,2018,7.046
ita,sex_m,age_ythadult_y15_64,ocu_isco08_4,2019,20.749
ita,sex_m,age_ythadult_y15_64,ocu_isco08_4,2023,2.166
ita,sex_m,age_ythadult_y15_64,ocu_isco08_5,2011,85.062
ita,sex_m,age_ythadult_y15_64,ocu_isco08_5,2012,99.288
ita,sex_m,age_ythadult_y15_64,ocu_isco08_5,2013,115.03
ita,sex_m,age_ythadult_y15_64,ocu_isco08_5,2014,115.698
ita,sex_m,age_ythadult_y15_64,ocu_isco08_5,2015,130.912
ita,sex_m,age_ythadult_y15_64,ocu_isco08_5,2016,121.508
ita,sex_m,age_ythadult_y15_64,ocu_isco08_5,2017,87.987
ita,sex_m,age_ythadult_y15_64,ocu_isco08_5,2018,101.816
ita,sex_m,age_ythadult_y15_64,ocu_isco08_5,2019,102.662
ita,sex_m,age_ythadult_y15_64,ocu_isco08_5,2020,89.744
ita,sex_m,age_ythadult_y15_64,ocu_isco08_5,2021,108.388
ita,sex_m,age_ythadult_y15_64,ocu_isco08_5,2022,111.308
ita,sex_m,age_ythadult_y15_64,ocu_isco08_5,2023,108.539
ita,sex_m,age_ythadult_y15_64,ocu_isco08_6,2012,6.588
ita,sex_m,age_ythadult_y15_64,ocu_isco08_6,2014,12.765
ita,sex_m,age_ythadult_y15_64,ocu_isco08_6,2016,34.795
ita,sex_m,age_ythadult_y15_64,ocu_isco08_6,2017,3.921
ita,sex_m,age_ythadult_y15_64,ocu_isco08_6,2018,11.51
ita,sex_m,age_ythadult_y15_64,ocu_isco08_6,2019,14.107
ita,sex_m,age_ythadult_y15_64,ocu_isco08_7,2011,51.904
ita,sex_m,age_ythadult_y15_64,ocu_isco08_7,2012,27.497
ita,sex_m,age_ythadult_y15_64,ocu_isco08_7,2013,13.691
ita,sex_m,age_ythadult_y15_64,ocu_isco08_7,2014,12.21
ita,sex_m,age_ythadult_y15_64,ocu_isco08_7,2015,17.102
ita,sex_m,age_ythadult_y15_64,ocu_isco08_7,2016,29.283
ita,sex_m,age_ythadult_y15_64,ocu_isco08_7,2017,36.61
ita,sex_m,age_ythadult_y15_64,ocu_isco08_7,2018,50.84
ita,sex_m,age_ythadult_y15_64,ocu_isco08_7,2019,52.89
ita,sex_m,age_ythadult_y15_64,ocu_isco08_7,2020,27.905
ita,sex_m,age_ythadult_y15_64,ocu_isco08_7,2021,46.361
ita,sex_m,age_ythadult_y15_64,ocu_isco08_7,2022,30.205
ita,sex_m,age_ythadult_y15_64,ocu_isco08_7,2023,32.615
ita,sex_m,age_ythadult_y15_64,ocu_isco08_8,2012,7.146
ita,sex_m,age_ythadult_y15_64,ocu_isco08_8,2013,8.44
ita,sex_m,age_ythadult_y15_64,ocu_isco08_8,2020,11.676
ita,sex_m,age_ythadult_y15_64,ocu_isco08_8,2021,15.816
ita,sex_m,age_ythadult_y15_64,ocu_isco08_8,2022,16.417
ita,sex_m,age_ythadult_y15_64,ocu_isco08_9,2011,56.002
ita,sex_m,age_ythadult_y15_64,ocu_isco08_9,2012,61.294
ita,sex_m,age_ythadult_y15_64,ocu_isco08_9,2013,82.777
ita,sex_m,age_ythadult_y15_64,ocu_isco08_9,2014,53.772
ita,sex_m,age_ythadult_y15_64,ocu_isco08_9,2015,57.774
ita,sex_m,age_ythadult_y15_64,ocu_isco08_9,2016,77.614
ita,sex_m,age_ythadult_y15_64,ocu_isco08_9,2017,72.878
ita,sex_m,age_ythadult_y15_64,ocu_isco08_9,2018,140.651
ita,sex_m,age_ythadult_y15_64,ocu_isco08_9,2019,107.264
ita,sex_m,age_ythadult_y15_64,ocu_isco08_9,2020,82.5
ita,sex_m,age_ythadult_y15_64,ocu_isco08_9,2021,79.825
ita,sex_m,age_ythadult_y15_64,ocu_isco08_9,2022,114.635
ita,sex_m,age_ythadult_y15_64,ocu_isco08_9,2023,54.347
ita,sex_m,age_ythadult_y15_64,ocu_isco08_total,2011,289.216
ita,sex_m,age_ythadult_y15_64,ocu_isco08_total,2012,238.076
ita,sex_m,age_ythadult_y15_64,ocu_isco08_total,2013,267.89
ita,sex_m,age_ythadult_y15_64,ocu_isco08_total,2014,237.973
ita,sex_m,age_ythadult_y15_64,ocu_isco08_total,2015,261.101
ita,sex_m,age_ythadult_y15_64,ocu_isco08_total,2016,321.548
ita,sex_m,age_ythadult_y15_64,ocu_isco08_total,2017,246.24
ita,sex_m,age_ythadult_y15_64,ocu_isco08_total,2018,370.071
ita,sex_m,age_ythadult_y15_64,ocu_isco08_total,2019,378.007
ita,sex_m,age_ythadult_y15_64,ocu_isco08_total,2020,271.86
ita,sex_m,age_ythadult_y15_64,ocu_isco08_total,2021,340.705
ita,sex_m,age_ythadult_y15_64,ocu_isco08_total,2022,360.834
ita,sex_m,age_ythadult_y15_64,ocu_isco08_total,2023,251.833
ita,sex_m,age_ythadult_y15_64,ocu_isco88_1,2007,23.664
ita,sex_m,age_ythadult_y15_64,ocu_isco88_1,2008,37.657
ita,sex_m,age_ythadult_y15_64,ocu_isco88_1,2009,35.546
ita,sex_m,age_ythadult_y15_64,ocu_isco88_1,2010,21.149
ita,sex_m,age_ythadult_y15_64,ocu_isco88_2,2008,20.298
ita,sex_m,age_ythadult_y15_64,ocu_isco88_2,2010,15.355
ita,sex_m,age_ythadult_y15_64,ocu_isco88_3,2008,44.019
ita,sex_m,age_ythadult_y15_64,ocu_isco88_3,2009,24.324
ita,sex_m,age_ythadult_y15_64,ocu_isco88_3,2010,20.633
ita,sex_m,age_ythadult_y15_64,ocu_isco88_5,2007,15.04
ita,sex_m,age_ythadult_y15_64,ocu_isco88_5,2008,30.51
ita,sex_m,age_ythadult_y15_64,ocu_isco88_6,2007,20.594
ita,sex_m,age_ythadult_y15_64,ocu_isco88_6,2008,36.576
ita,sex_m,age_ythadult_y15_64,ocu_isco88_6,2009,35.429
ita,sex_m,age_ythadult_y15_64,ocu_isco88_6,2010,30.645
ita,sex_m,age_ythadult_y15_64,ocu_isco88_7,2007,55.776
ita,sex_m,age_ythadult_y15_64,ocu_isco88_7,2008,39.424
ita,sex_m,age_ythadult_y15_64,ocu_isco88_7,2009,26.354
ita,sex_m,age_ythadult_y15_64,ocu_isco88_7,2010,61.593
ita,sex_m,age_ythadult_y15_64,ocu_isco88_8,2007,15.002
ita,sex_m,age_ythadult_y15_64,ocu_isco88_8,2010,10.363
ita,sex_m,age_ythadult_y15_64,ocu_isco88_9,2007,21.7
ita,sex_m,age_ythadult_y15_64,ocu_isco88_9,2008,24.343
ita,sex_m,age_ythadult_y15_64,ocu_isco88_9,2009,15.441
ita,sex_m,age_ythadult_y15_64,ocu_isco88_9,2010,19.529
ita,sex_m,age_ythadult_y15_64,ocu_isco88_total,2007,208.472
ita,sex_m,age_ythadult_y15_64,ocu_isco88_total,2008,252.263
ita,sex_m,age_ythadult_y15_64,ocu_isco88_total,2009,174.578
ita,sex_m,age_ythadult_y15_64,ocu_isco88_total,2010,208.229
ita,sex_m,age_ythadult_y15_64,ocu_skill_l1,2007,21.7
ita,sex_m,age_ythadult_y15_64,ocu_skill_l1,2008,24.343
ita,sex_m,age_ythadult_y15_64,ocu_skill_l1,2009,15.441
ita,sex_m,age_ythadult_y15_64,ocu_skill_l1,2010,19.529
ita,sex_m,age_ythadult_y15_64,ocu_skill_l1,2011,56.002
ita,sex_m,age_ythadult_y15_64,ocu_skill_l1,2012,61.294
ita,sex_m,age_ythadult_y15_64,ocu_skill_l1,2013,82.777
ita,sex_m,age_ythadult_y15_64,ocu_skill_l1,2014,53.772
ita,sex_m,age_ythadult_y15_64,ocu_skill_l1,2015,57.774
ita,sex_m,age_ythadult_y15_64,ocu_skill_l1,2016,77.614
ita,sex_m,age_ythadult_y15_64,ocu_skill_l1,2017,72.878
ita,sex_m,age_ythadult_y15_64,ocu_skill_l1,2018,140.651
ita,sex_m,age_ythadult_y15_64,ocu_skill_l1,2019,107.264
ita,sex_m,age_ythadult_y15_64,ocu_skill_l1,2020,82.5
ita,sex_m,age_ythadult_y15_64,ocu_skill_l1,2021,79.825
ita,sex_m,age_ythadult_y15_64,ocu_skill_l1,2022,114.635
ita,sex_m,age_ythadult_y15_64,ocu_skill_l1,2023,54.347
ita,sex_m,age_ythadult_y15_64,ocu_skill_l2,2007,113.074
ita,sex_m,age_ythadult_y15_64,ocu_skill_l2,2008,125.946
ita,sex_m,age_ythadult_y15_64,ocu_skill_l2,2009,87.419
ita,sex_m,age_ythadult_y15_64,ocu_skill_l2,2010,131.563
ita,sex_m,age_ythadult_y15_64,ocu_skill_l2,2011,168.758
ita,sex_m,age_ythadult_y15_64,ocu_skill_l2,2012,146.736
ita,sex_m,age_ythadult_y15_64,ocu_skill_l2,2013,146.261
ita,sex_m,age_ythadult_y15_64,ocu_skill_l2,2014,152.258
ita,sex_m,age_ythadult_y15_64,ocu_skill_l2,2015,167.104
ita,sex_m,age_ythadult_y15_64,ocu_skill_l2,2016,196.914
ita,sex_m,age_ythadult_y15_64,ocu_skill_l2,2017,151.154
ita,sex_m,age_ythadult_y15_64,ocu_skill_l2,2018,179.602
ita,sex_m,age_ythadult_y15_64,ocu_skill_l2,2019,206.142
ita,sex_m,age_ythadult_y15_64,ocu_skill_l2,2020,134.587
ita,sex_m,age_ythadult_y15_64,ocu_skill_l2,2021,196.964
ita,sex_m,age_ythadult_y15_64,ocu_skill_l2,2022,169.449
ita,sex_m,age_ythadult_y15_64,ocu_skill_l2,2023,153.787
ita,sex_m,age_ythadult_y15_64,ocu_skill_l3_4,2007,73.699
ita,sex_m,age_ythadult_y15_64,ocu_skill_l3_4,2008,101.974
ita,sex_m,age_ythadult_y15_64,ocu_skill_l3_4,2009,71.718
ita,sex_m,age_ythadult_y15_64,ocu_skill_l3_4,2010,57.137
ita,sex_m,age_ythadult_y15_64,ocu_skill_l3_4,2011,64.455
ita,sex_m,age_ythadult_y15_64,ocu_skill_l3_4,2012,30.046
ita,sex_m,age_ythadult_y15_64,ocu_skill_l3_4,2013,38.852
ita,sex_m,age_ythadult_y15_64,ocu_skill_l3_4,2014,31.942
ita,sex_m,age_ythadult_y15_64,ocu_skill_l3_4,2015,36.223
ita,sex_m,age_ythadult_y15_64,ocu_skill_l3_4,2016,47.02
ita,sex_m,age_ythadult_y15_64,ocu_skill_l3_4,2017,22.208
ita,sex_m,age_ythadult_y15_64,ocu_skill_l3_4,2018,49.819
ita,sex_m,age_ythadult_y15_64,ocu_skill_l3_4,2019,64.601
ita,sex_m,age_ythadult_y15_64,ocu_skill_l3_4,2020,54.774
ita,sex_m,age_ythadult_y15_64,ocu_skill_l3_4,2021,63.916
ita,sex_m,age_ythadult_y15_64,ocu_skill_l3_4,2022,76.751
ita,sex_m,age_ythadult_y15_64,ocu_skill_l3_4,2023,43.699
ita,sex_m,age_ythadult_y15_64,ocu_skill_total,2007,208.472
ita,sex_m,age_ythadult_y15_64,ocu_skill_total,2008,252.263
ita,sex_m,age_ythadult_y15_64,ocu_skill_total,2009,174.578
ita,sex_m,age_ythadult_y15_64,ocu_skill_total,2010,208.229
ita,sex_m,age_ythadult_y15_64,ocu_skill_total,2011,289.216
ita,sex_m,age_ythadult_y15_64,ocu_skill_total,2012,238.076
ita,sex_m,age_ythadult_y15_64,ocu_skill_total,2013,267.89
ita,sex_m,age_ythadult_y15_64,ocu_skill_total,2014,237.973
ita,sex_m,age_ythadult_y15_64,ocu_skill_total,2015,261.101
ita,sex_m,age_ythadult_y15_64,ocu_skill_total,2016,321.548
ita,sex_m,age_ythadult_y15_64,ocu_skill_total,2017,246.24
ita,sex_m,age_ythadult_y15_64,ocu_skill_total,2018,370.071
ita,sex_m,age_ythadult_y15_64,ocu_skill_total,2019,378.007
ita,sex_m,age_ythadult_y15_64,ocu_skill_total,2020,271.86
ita,sex_m,age_ythadult_y15_64,ocu_skill_total,2021,340.705
ita,sex_m,age_ythadult_y15_64,ocu_skill_total,2022,360.834
ita,sex_m,age_ythadult_y15_64,ocu_skill_total,2023,251.833
ita,sex_m,age_ythadult_yge15,ocu_isco08_1,2011,21.819
ita,sex_m,age_ythadult_yge15,ocu_isco08_1,2012,5.761
ita,sex_m,age_ythadult_yge15,ocu_isco08_1,2013,7.808
ita,sex_m,age_ythadult_yge15,ocu_isco08_1,2014,8.304
ita,sex_m,age_ythadult_yge15,ocu_isco08_1,2015,5.209
ita,sex_m,age_ythadult_yge15,ocu_isco08_1,2016,15.831
ita,sex_m,age_ythadult_yge15,ocu_isco08_1,2017,6.788
ita,sex_m,age_ythadult_yge15,ocu_isco08_1,2019,6.377
ita,sex_m,age_ythadult_yge15,ocu_isco08_1,2021,10.896
ita,sex_m,age_ythadult_yge15,ocu_isco08_1,2022,16.184
ita,sex_m,age_ythadult_yge15,ocu_isco08_1,2023,9.034
ita,sex_m,age_ythadult_yge15,ocu_isco08_2,2011,19.55
ita,sex_m,age_ythadult_yge15,ocu_isco08_2,2012,9.315
ita,sex_m,age_ythadult_yge15,ocu_isco08_2,2013,14.864
ita,sex_m,age_ythadult_yge15,ocu_isco08_2,2014,14.002
ita,sex_m,age_ythadult_yge15,ocu_isco08_2,2015,24.327
ita,sex_m,age_ythadult_yge15,ocu_isco08_2,2016,10.725
ita,sex_m,age_ythadult_yge15,ocu_isco08_2,2017,5.324
ita,sex_m,age_ythadult_yge15,ocu_isco08_2,2018,10.579
ita,sex_m,age_ythadult_yge15,ocu_isco08_2,2019,33.788
ita,sex_m,age_ythadult_yge15,ocu_isco08_2,2020,29.509
ita,sex_m,age_ythadult_yge15,ocu_isco08_2,2021,29.265
ita,sex_m,age_ythadult_yge15,ocu_isco08_2,2022,24.453
ita,sex_m,age_ythadult_yge15,ocu_isco08_2,2023,15.577
ita,sex_m,age_ythadult_yge15,ocu_isco08_3,2011,28.607
ita,sex_m,age_ythadult_yge15,ocu_isco08_3,2012,18.005
ita,sex_m,age_ythadult_yge15,ocu_isco08_3,2013,17.178
ita,sex_m,age_ythadult_yge15,ocu_isco08_3,2014,10.313
ita,sex_m,age_ythadult_yge15,ocu_isco08_3,2015,8.468
ita,sex_m,age_ythadult_yge15,ocu_isco08_3,2016,22.885
ita,sex_m,age_ythadult_yge15,ocu_isco08_3,2017,11.443
ita,sex_m,age_ythadult_yge15,ocu_isco08_3,2018,36.388
ita,sex_m,age_ythadult_yge15,ocu_isco08_3,2019,24.437
ita,sex_m,age_ythadult_yge15,ocu_isco08_3,2020,23.272
ita,sex_m,age_ythadult_yge15,ocu_isco08_3,2021,24.39
ita,sex_m,age_ythadult_yge15,ocu_isco08_3,2022,36.114
ita,sex_m,age_ythadult_yge15,ocu_isco08_3,2023,23.199
ita,sex_m,age_ythadult_yge15,ocu_isco08_4,2011,12.659
ita,sex_m,age_ythadult_yge15,ocu_isco08_4,2012,6.218
ita,sex_m,age_ythadult_yge15,ocu_isco08_4,2013,5.444
ita,sex_m,age_ythadult_yge15,ocu_isco08_4,2014,5.612
ita,sex_m,age_ythadult_yge15,ocu_isco08_4,2015,11.706
ita,sex_m,age_ythadult_yge15,ocu_isco08_4,2016,8.572
ita,sex_m,age_ythadult_yge15,ocu_isco08_4,2017,8.436
ita,sex_m,age_ythadult_yge15,ocu_isco08_4,2018,7.046
ita,sex_m,age_ythadult_yge15,ocu_isco08_4,2019,20.749
ita,sex_m,age_ythadult_yge15,ocu_isco08_4,2021,11.044
ita,sex_m,age_ythadult_yge15,ocu_isco08_4,2023,2.166
ita,sex_m,age_ythadult_yge15,ocu_isco08_5,2011,89.911
ita,sex_m,age_ythadult_yge15,ocu_isco08_5,2012,105.661
ita,sex_m,age_ythadult_yge15,ocu_isco08_5,2013,121.586
ita,sex_m,age_ythadult_yge15,ocu_isco08_5,2014,132.985
ita,sex_m,age_ythadult_yge15,ocu_isco08_5,2015,137.04
ita,sex_m,age_ythadult_yge15,ocu_isco08_5,2016,125.9
ita,sex_m,age_ythadult_yge15,ocu_isco08_5,2017,90.119
ita,sex_m,age_ythadult_yge15,ocu_isco08_5,2018,106.197
ita,sex_m,age_ythadult_yge15,ocu_isco08_5,2019,103.258
ita,sex_m,age_ythadult_yge15,ocu_isco08_5,2020,91.389
ita,sex_m,age_ythadult_yge15,ocu_isco08_5,2021,109.994
ita,sex_m,age_ythadult_yge15,ocu_isco08_5,2022,120.51
ita,sex_m,age_ythadult_yge15,ocu_isco08_5,2023,114.778
ita,sex_m,age_ythadult_yge15,ocu_isco08_6,2011,10.708
ita,sex_m,age_ythadult_yge15,ocu_isco08_6,2012,10.554
ita,sex_m,age_ythadult_yge15,ocu_isco08_6,2014,14.427
ita,sex_m,age_ythadult_yge15,ocu_isco08_6,2016,34.795
ita,sex_m,age_ythadult_yge15,ocu_isco08_6,2017,4.58
ita,sex_m,age_ythadult_yge15,ocu_isco08_6,2018,11.51
ita,sex_m,age_ythadult_yge15,ocu_isco08_6,2019,14.107
ita,sex_m,age_ythadult_yge15,ocu_isco08_6,2021,15.355
ita,sex_m,age_ythadult_yge15,ocu_isco08_6,2022,10.709
ita,sex_m,age_ythadult_yge15,ocu_isco08_6,2023,2.427
ita,sex_m,age_ythadult_yge15,ocu_isco08_7,2011,53.317
ita,sex_m,age_ythadult_yge15,ocu_isco08_7,2012,32.461
ita,sex_m,age_ythadult_yge15,ocu_isco08_7,2013,13.691
ita,sex_m,age_ythadult_yge15,ocu_isco08_7,2014,12.21
ita,sex_m,age_ythadult_yge15,ocu_isco08_7,2015,17.102
ita,sex_m,age_ythadult_yge15,ocu_isco08_7,2016,30.148
ita,sex_m,age_ythadult_yge15,ocu_isco08_7,2017,37.399
ita,sex_m,age_ythadult_yge15,ocu_isco08_7,2018,52.046
ita,sex_m,age_ythadult_yge15,ocu_isco08_7,2019,53.607
ita,sex_m,age_ythadult_yge15,ocu_isco08_7,2020,27.905
ita,sex_m,age_ythadult_yge15,ocu_isco08_7,2021,49.347
ita,sex_m,age_ythadult_yge15,ocu_isco08_7,2022,30.205
ita,sex_m,age_ythadult_yge15,ocu_isco08_7,2023,33.007
ita,sex_m,age_ythadult_yge15,ocu_isco08_8,2011,10.992
ita,sex_m,age_ythadult_yge15,ocu_isco08_8,2012,7.146
ita,sex_m,age_ythadult_yge15,ocu_isco08_8,2013,8.44
ita,sex_m,age_ythadult_yge15,ocu_isco08_8,2015,5.915
ita,sex_m,age_ythadult_yge15,ocu_isco08_8,2016,4.72
ita,sex_m,age_ythadult_yge15,ocu_isco08_8,2017,14.2
ita,sex_m,age_ythadult_yge15,ocu_isco08_8,2018,8.39
ita,sex_m,age_ythadult_yge15,ocu_isco08_8,2019,15.735
ita,sex_m,age_ythadult_yge15,ocu_isco08_8,2020,11.676
ita,sex_m,age_ythadult_yge15,ocu_isco08_8,2021,15.816
ita,sex_m,age_ythadult_yge15,ocu_isco08_8,2022,16.417
ita,sex_m,age_ythadult_yge15,ocu_isco08_8,2023,8.04
ita,sex_m,age_ythadult_yge15,ocu_isco08_9,2011,56.002
ita,sex_m,age_ythadult_yge15,ocu_isco08_9,2012,66.142
ita,sex_m,age_ythadult_yge15,ocu_isco08_9,2013,82.777
ita,sex_m,age_ythadult_yge15,ocu_isco08_9,2014,54.526
ita,sex_m,age_ythadult_yge15,ocu_isco08_9,2015,57.774
ita,sex_m,age_ythadult_yge15,ocu_isco08_9,2016,77.614
ita,sex_m,age_ythadult_yge15,ocu_isco08_9,2017,73.358
ita,sex_m,age_ythadult_yge15,ocu_isco08_9,2018,142.931
ita,sex_m,age_ythadult_yge15,ocu_isco08_9,2019,107.264
ita,sex_m,age_ythadult_yge15,ocu_isco08_9,2020,85.974
ita,sex_m,age_ythadult_yge15,ocu_isco08_9,2021,98.479
ita,sex_m,age_ythadult_yge15,ocu_isco08_9,2022,118.078
ita,sex_m,age_ythadult_yge15,ocu_isco08_9,2023,54.788
ita,sex_m,age_ythadult_yge15,ocu_isco08_total,2011,303.566
ita,sex_m,age_ythadult_yge15,ocu_isco08_total,2012,261.262
ita,sex_m,age_ythadult_yge15,ocu_isco08_total,2013,277.691
ita,sex_m,age_ythadult_yge15,ocu_isco08_total,2014,258.352
ita,sex_m,age_ythadult_yge15,ocu_isco08_total,2015,269.009
ita,sex_m,age_ythadult_yge15,ocu_isco08_total,2016,331.189
ita,sex_m,age_ythadult_yge15,ocu_isco08_total,2017,251.648
ita,sex_m,age_ythadult_yge15,ocu_isco08_total,2018,377.939
ita,sex_m,age_ythadult_yge15,ocu_isco08_total,2019,379.32
ita,sex_m,age_ythadult_yge15,ocu_isco08_total,2020,277.519
ita,sex_m,age_ythadult_yge15,ocu_isco08_total,2021,364.587
ita,sex_m,age_ythadult_yge15,ocu_isco08_total,2022,373.48
ita,sex_m,age_ythadult_yge15,ocu_isco08_total,2023,263.014
ita,sex_m,age_ythadult_yge15,ocu_isco88_1,2007,26.301
ita,sex_m,age_ythadult_yge15,ocu_isco88_1,2008,42.744
ita,sex_m,age_ythadult_yge15,ocu_isco88_1,2009,39.029
ita,sex_m,age_ythadult_yge15,ocu_isco88_1,2010,24.712
ita,sex_m,age_ythadult_yge15,ocu_isco88_2,2007,24.417
ita,sex_m,age_ythadult_yge15,ocu_isco88_2,2008,20.298
ita,sex_m,age_ythadult_yge15,ocu_isco88_2,2009,11.847
ita,sex_m,age_ythadult_yge15,ocu_isco88_2,2010,18.265
ita,sex_m,age_ythadult_yge15,ocu_isco88_3,2007,25.618
ita,sex_m,age_ythadult_yge15,ocu_isco88_3,2008,44.611
ita,sex_m,age_ythadult_yge15,ocu_isco88_3,2009,24.828
ita,sex_m,age_ythadult_yge15,ocu_isco88_3,2010,21.105
ita,sex_m,age_ythadult_yge15,ocu_isco88_4,2007,6.661
ita,sex_m,age_ythadult_yge15,ocu_isco88_4,2008,11.958
ita,sex_m,age_ythadult_yge15,ocu_isco88_4,2010,6.812
ita,sex_m,age_ythadult_yge15,ocu_isco88_5,2007,15.876
ita,sex_m,age_ythadult_yge15,ocu_isco88_5,2008,30.51
ita,sex_m,age_ythadult_yge15,ocu_isco88_5,2009,14.304
ita,sex_m,age_ythadult_yge15,ocu_isco88_5,2010,22.149
ita,sex_m,age_ythadult_yge15,ocu_isco88_6,2007,20.594
ita,sex_m,age_ythadult_yge15,ocu_isco88_6,2008,40.932
ita,sex_m,age_ythadult_yge15,ocu_isco88_6,2009,38.022
ita,sex_m,age_ythadult_yge15,ocu_isco88_6,2010,33.614
ita,sex_m,age_ythadult_yge15,ocu_isco88_7,2007,58.536
ita,sex_m,age_ythadult_yge15,ocu_isco88_7,2008,39.424
ita,sex_m,age_ythadult_yge15,ocu_isco88_7,2009,26.354
ita,sex_m,age_ythadult_yge15,ocu_isco88_7,2010,67.463
ita,sex_m,age_ythadult_yge15,ocu_isco88_8,2007,15.002
ita,sex_m,age_ythadult_yge15,ocu_isco88_8,2008,7.478
ita,sex_m,age_ythadult_yge15,ocu_isco88_8,2009,8.312
ita,sex_m,age_ythadult_yge15,ocu_isco88_8,2010,10.363
ita,sex_m,age_ythadult_yge15,ocu_isco88_9,2007,21.7
ita,sex_m,age_ythadult_yge15,ocu_isco88_9,2008,24.343
ita,sex_m,age_ythadult_yge15,ocu_isco88_9,2009,15.441
ita,sex_m,age_ythadult_yge15,ocu_isco88_9,2010,21.478
ita,sex_m,age_ythadult_yge15,ocu_isco88_total,2007,214.707
ita,sex_m,age_ythadult_yge15,ocu_isco88_total,2008,262.298
ita,sex_m,age_ythadult_yge15,ocu_isco88_total,2009,181.159
ita,sex_m,age_ythadult_yge15,ocu_isco88_total,2010,225.962
ita,sex_m,age_ythadult_yge15,ocu_skill_l1,2007,21.7
ita,sex_m,age_ythadult_yge15,ocu_skill_l1,2008,24.343
ita,sex_m,age_ythadult_yge15,ocu_skill_l1,2009,15.441
ita,sex_m,age_ythadult_yge15,ocu_skill_l1,2010,21.478
ita,sex_m,age_ythadult_yge15,ocu_skill_l1,2011,56.002
ita,sex_m,age_ythadult_yge15,ocu_skill_l1,2012,66.142
ita,sex_m,age_ythadult_yge15,ocu_skill_l1,2013,82.777
ita,sex_m,age_ythadult_yge15,ocu_skill_l1,2014,54.526
ita,sex_m,age_ythadult_yge15,ocu_skill_l1,2015,57.774
ita,sex_m,age_ythadult_yge15,ocu_skill_l1,2016,77.614
ita,sex_m,age_ythadult_yge15,ocu_skill_l1,2017,73.358
ita,sex_m,age_ythadult_yge15,ocu_skill_l1,2018,142.931
ita,sex_m,age_ythadult_yge15,ocu_skill_l1,2019,107.264
ita,sex_m,age_ythadult_yge15,ocu_skill_l1,2020,85.974
ita,sex_m,age_ythadult_yge15,ocu_skill_l1,2021,98.479
ita,sex_m,age_ythadult_yge15,ocu_skill_l1,2022,118.078
ita,sex_m,age_ythadult_yge15,ocu_skill_l1,2023,54.788
ita,sex_m,age_ythadult_yge15,ocu_skill_l2,2007,116.671
ita,sex_m,age_ythadult_yge15,ocu_skill_l2,2008,130.301
ita,sex_m,age_ythadult_yge15,ocu_skill_l2,2009,90.012
ita,sex_m,age_ythadult_yge15,ocu_skill_l2,2010,140.401
ita,sex_m,age_ythadult_yge15,ocu_skill_l2,2011,177.588
ita,sex_m,age_ythadult_yge15,ocu_skill_l2,2012,162.039
ita,sex_m,age_ythadult_yge15,ocu_skill_l2,2013,155.063
ita,sex_m,age_ythadult_yge15,ocu_skill_l2,2014,171.207
ita,sex_m,age_ythadult_yge15,ocu_skill_l2,2015,173.231
ita,sex_m,age_ythadult_yge15,ocu_skill_l2,2016,204.135
ita,sex_m,age_ythadult_yge15,ocu_skill_l2,2017,154.734
ita,sex_m,age_ythadult_yge15,ocu_skill_l2,2018,185.189
ita,sex_m,age_ythadult_yge15,ocu_skill_l2,2019,207.455
ita,sex_m,age_ythadult_yge15,ocu_skill_l2,2020,136.233
ita,sex_m,age_ythadult_yge15,ocu_skill_l2,2021,201.557
ita,sex_m,age_ythadult_yge15,ocu_skill_l2,2022,178.652
ita,sex_m,age_ythadult_yge15,ocu_skill_l2,2023,160.417
ita,sex_m,age_ythadult_yge15,ocu_skill_l3_4,2007,76.336
ita,sex_m,age_ythadult_yge15,ocu_skill_l3_4,2008,107.653
ita,sex_m,age_ythadult_yge15,ocu_skill_l3_4,2009,75.705
ita,sex_m,age_ythadult_yge15,ocu_skill_l3_4,2010,64.082
ita,sex_m,age_ythadult_yge15,ocu_skill_l3_4,2011,69.976
ita,sex_m,age_ythadult_yge15,ocu_skill_l3_4,2012,33.081
ita,sex_m,age_ythadult_yge15,ocu_skill_l3_4,2013,39.85
ita,sex_m,age_ythadult_yge15,ocu_skill_l3_4,2014,32.619
ita,sex_m,age_ythadult_yge15,ocu_skill_l3_4,2015,38.004
ita,sex_m,age_ythadult_yge15,ocu_skill_l3_4,2016,49.441
ita,sex_m,age_ythadult_yge15,ocu_skill_l3_4,2017,23.556
ita,sex_m,age_ythadult_yge15,ocu_skill_l3_4,2018,49.819
ita,sex_m,age_ythadult_yge15,ocu_skill_l3_4,2019,64.601
ita,sex_m,age_ythadult_yge15,ocu_skill_l3_4,2020,55.312
ita,sex_m,age_ythadult_yge15,ocu_skill_l3_4,2021,64.552
ita,sex_m,age_ythadult_yge15,ocu_skill_l3_4,2022,76.751
ita,sex_m,age_ythadult_yge15,ocu_skill_l3_4,2023,47.81
ita,sex_m,age_ythadult_yge15,ocu_skill_total,2007,214.707
ita,sex_m,age_ythadult_yge15,ocu_skill_total,2008,262.298
ita,sex_m,age_ythadult_yge15,ocu_skill_total,2009,181.159
ita,sex_m,age_ythadult_yge15,ocu_skill_total,2010,225.962
ita,sex_m,age_ythadult_yge15,ocu_skill_total,2011,303.566
ita,sex_m,age_ythadult_yge15,ocu_skill_total,2012,261.262
ita,sex_m,age_ythadult_yge15,ocu_skill_total,2013,277.691
ita,sex_m,age_ythadult_yge15,ocu_skill_total,2014,258.352
ita,sex_m,age_ythadult_yge15,ocu_skill_total,2015,269.009
ita,sex_m,age_ythadult_yge15,ocu_skill_total,2016,331.189
ita,sex_m,age_ythadult_yge15,ocu_skill_total,2017,251.648
ita,sex_m,age_ythadult_yge15,ocu_skill_total,2018,377.939
ita,sex_m,age_ythadult_yge15,ocu_skill_total,2019,379.32
ita,sex_m,age_ythadult_yge15,ocu_skill_total,2020,277.519
ita,sex_m,age_ythadult_yge15,ocu_skill_total,2021,364.587
ita,sex_m,age_ythadult_yge15,ocu_skill_total,2022,373.48
ita,sex_m,age_ythadult_yge15,ocu_skill_total,2023,263.014
ita,sex_m,age_ythadult_yge25,ocu_isco08_1,2011,13.966
ita,sex_m,age_ythadult_yge25,ocu_isco08_1,2012,5.581
ita,sex_m,age_ythadult_yge25,ocu_isco08_1,2013,7.808
ita,sex_m,age_ythadult_yge25,ocu_isco08_1,2014,8.304
ita,sex_m,age_ythadult_yge25,ocu_isco08_1,2016,15.831
ita,sex_m,age_ythadult_yge25,ocu_isco08_1,2019,6.377
ita,sex_m,age_ythadult_yge25,ocu_isco08_1,2021,10.896
ita,sex_m,age_ythadult_yge25,ocu_isco08_1,2022,16.184
ita,sex_m,age_ythadult_yge25,ocu_isco08_1,2023,9.034
ita,sex_m,age_ythadult_yge25,ocu_isco08_2,2011,14.428
ita,sex_m,age_ythadult_yge25,ocu_isco08_2,2012,7.813
ita,sex_m,age_ythadult_yge25,ocu_isco08_2,2013,11.106
ita,sex_m,age_ythadult_yge25,ocu_isco08_2,2014,12.974
ita,sex_m,age_ythadult_yge25,ocu_isco08_2,2015,19.389
ita,sex_m,age_ythadult_yge25,ocu_isco08_2,2016,10.006
ita,sex_m,age_ythadult_yge25,ocu_isco08_2,2017,5.324
ita,sex_m,age_ythadult_yge25,ocu_isco08_2,2018,10.287
ita,sex_m,age_ythadult_yge25,ocu_isco08_2,2019,25.896
ita,sex_m,age_ythadult_yge25,ocu_isco08_2,2020,16.316
ita,sex_m,age_ythadult_yge25,ocu_isco08_2,2021,14.488
ita,sex_m,age_ythadult_yge25,ocu_isco08_2,2022,9.714
ita,sex_m,age_ythadult_yge25,ocu_isco08_2,2023,15.201
ita,sex_m,age_ythadult_yge25,ocu_isco08_3,2011,22.752
ita,sex_m,age_ythadult_yge25,ocu_isco08_3,2012,11.778
ita,sex_m,age_ythadult_yge25,ocu_isco08_3,2013,8.41
ita,sex_m,age_ythadult_yge25,ocu_isco08_3,2014,7.949
ita,sex_m,age_ythadult_yge25,ocu_isco08_3,2016,18.053
ita,sex_m,age_ythadult_yge25,ocu_isco08_3,2017,10.825
ita,sex_m,age_ythadult_yge25,ocu_isco08_3,2018,31.654
ita,sex_m,age_ythadult_yge25,ocu_isco08_3,2019,19.72
ita,sex_m,age_ythadult_yge25,ocu_isco08_3,2021,18.2
ita,sex_m,age_ythadult_yge25,ocu_isco08_3,2022,16.174
ita,sex_m,age_ythadult_yge25,ocu_isco08_3,2023,16.392
ita,sex_m,age_ythadult_yge25,ocu_isco08_4,2011,10.184
ita,sex_m,age_ythadult_yge25,ocu_isco08_4,2019,13.018
ita,sex_m,age_ythadult_yge25,ocu_isco08_4,2023,2.166
ita,sex_m,age_ythadult_yge25,ocu_isco08_5,2011,74.863
ita,sex_m,age_ythadult_yge25,ocu_isco08_5,2012,92.311
ita,sex_m,age_ythadult_yge25,ocu_isco08_5,2013,111.154
ita,sex_m,age_ythadult_yge25,ocu_isco08_5,2014,107.362
ita,sex_m,age_ythadult_yge25,ocu_isco08_5,2015,116.641
ita,sex_m,age_ythadult_yge25,ocu_isco08_5,2016,112.952
ita,sex_m,age_ythadult_yge25,ocu_isco08_5,2017,87.151
ita,sex_m,age_ythadult_yge25,ocu_isco08_5,2018,95.571
ita,sex_m,age_ythadult_yge25,ocu_isco08_5,2019,88.012
ita,sex_m,age_ythadult_yge25,ocu_isco08_5,2020,70.152
ita,sex_m,age_ythadult_yge25,ocu_isco08_5,2021,89.232
ita,sex_m,age_ythadult_yge25,ocu_isco08_5,2022,112.368
ita,sex_m,age_ythadult_yge25,ocu_isco08_5,2023,99.243
ita,sex_m,age_ythadult_yge25,ocu_isco08_6,2011,10.211
ita,sex_m,age_ythadult_yge25,ocu_isco08_6,2012,10.554
ita,sex_m,age_ythadult_yge25,ocu_isco08_6,2014,10.9
ita,sex_m,age_ythadult_yge25,ocu_isco08_6,2016,29.551
ita,sex_m,age_ythadult_yge25,ocu_isco08_6,2018,10.451
ita,sex_m,age_ythadult_yge25,ocu_isco08_6,2021,15.355
ita,sex_m,age_ythadult_yge25,ocu_isco08_6,2022,10.709
ita,sex_m,age_ythadult_yge25,ocu_isco08_6,2023,2.427
ita,sex_m,age_ythadult_yge25,ocu_isco08_7,2011,42.348
ita,sex_m,age_ythadult_yge25,ocu_isco08_7,2012,28.507
ita,sex_m,age_ythadult_yge25,ocu_isco08_7,2013,10.832
ita,sex_m,age_ythadult_yge25,ocu_isco08_7,2014,10.086
ita,sex_m,age_ythadult_yge25,ocu_isco08_7,2015,10.72
ita,sex_m,age_ythadult_yge25,ocu_isco08_7,2016,19.023
ita,sex_m,age_ythadult_yge25,ocu_isco08_7,2017,27.203
ita,sex_m,age_ythadult_yge25,ocu_isco08_7,2018,45.21
ita,sex_m,age_ythadult_yge25,ocu_isco08_7,2019,39.148
ita,sex_m,age_ythadult_yge25,ocu_isco08_7,2020,15.496
ita,sex_m,age_ythadult_yge25,ocu_isco08_7,2021,37.554
ita,sex_m,age_ythadult_yge25,ocu_isco08_7,2022,25.385
ita,sex_m,age_ythadult_yge25,ocu_isco08_7,2023,29.268
ita,sex_m,age_ythadult_yge25,ocu_isco08_8,2011,7.71
ita,sex_m,age_ythadult_yge25,ocu_isco08_8,2012,6.349
ita,sex_m,age_ythadult_yge25,ocu_isco08_8,2013,6.666
ita,sex_m,age_ythadult_yge25,ocu_isco08_8,2016,3.845
ita,sex_m,age_ythadult_yge25,ocu_isco08_8,2017,11.162
ita,sex_m,age_ythadult_yge25,ocu_isco08_8,2019,12.516
ita,sex_m,age_ythadult_yge25,ocu_isco08_8,2021,11.32
ita,sex_m,age_ythadult_yge25,ocu_isco08_8,2022,15.978
ita,sex_m,age_ythadult_yge25,ocu_isco08_9,2011,44.783
ita,sex_m,age_ythadult_yge25,ocu_isco08_9,2012,60.015
ita,sex_m,age_ythadult_yge25,ocu_isco08_9,2013,75.91
ita,sex_m,age_ythadult_yge25,ocu_isco08_9,2014,52.849
ita,sex_m,age_ythadult_yge25,ocu_isco08_9,2015,53.786
ita,sex_m,age_ythadult_yge25,ocu_isco08_9,2016,72.818
ita,sex_m,age_ythadult_yge25,ocu_isco08_9,2017,71.919
ita,sex_m,age_ythadult_yge25,ocu_isco08_9,2018,124.864
ita,sex_m,age_ythadult_yge25,ocu_isco08_9,2019,100.726
ita,sex_m,age_ythadult_yge25,ocu_isco08_9,2020,72.046
ita,sex_m,age_ythadult_yge25,ocu_isco08_9,2021,98.479
ita,sex_m,age_ythadult_yge25,ocu_isco08_9,2022,113.231
ita,sex_m,age_ythadult_yge25,ocu_isco08_9,2023,53.06
ita,sex_m,age_ythadult_yge25,ocu_isco08_total,2011,241.246
ita,sex_m,age_ythadult_yge25,ocu_isco08_total,2012,225.34
ita,sex_m,age_ythadult_yge25,ocu_isco08_total,2013,238.211
ita,sex_m,age_ythadult_yge25,ocu_isco08_total,2014,217.051
ita,sex_m,age_ythadult_yge25,ocu_isco08_total,2015,222.376
ita,sex_m,age_ythadult_yge25,ocu_isco08_total,2016,284.706
ita,sex_m,age_ythadult_yge25,ocu_isco08_total,2017,231.486
ita,sex_m,age_ythadult_yge25,ocu_isco08_total,2018,329.987
ita,sex_m,age_ythadult_yge25,ocu_isco08_total,2019,315.58
ita,sex_m,age_ythadult_yge25,ocu_isco08_total,2020,193.027
ita,sex_m,age_ythadult_yge25,ocu_isco08_total,2021,303.304
ita,sex_m,age_ythadult_yge25,ocu_isco08_total,2022,320.441
ita,sex_m,age_ythadult_yge25,ocu_isco08_total,2023,234.815
ita,sex_m,age_ythadult_yge25,ocu_isco88_1,2007,25.106
ita,sex_m,age_ythadult_yge25,ocu_isco88_1,2008,39.934
ita,sex_m,age_ythadult_yge25,ocu_isco88_1,2009,38.379
ita,sex_m,age_ythadult_yge25,ocu_isco88_1,2010,24.712
ita,sex_m,age_ythadult_yge25,ocu_isco88_2,2007,19.497
ita,sex_m,age_ythadult_yge25,ocu_isco88_2,2008,17.897
ita,sex_m,age_ythadult_yge25,ocu_isco88_2,2009,11.847
ita,sex_m,age_ythadult_yge25,ocu_isco88_2,2010,15.737
ita,sex_m,age_ythadult_yge25,ocu_isco88_3,2007,17.884
ita,sex_m,age_ythadult_yge25,ocu_isco88_3,2008,27.854
ita,sex_m,age_ythadult_yge25,ocu_isco88_3,2009,18.269
ita,sex_m,age_ythadult_yge25,ocu_isco88_3,2010,15.797
ita,sex_m,age_ythadult_yge25,ocu_isco88_4,2007,6.035
ita,sex_m,age_ythadult_yge25,ocu_isco88_4,2010,4.39
ita,sex_m,age_ythadult_yge25,ocu_isco88_5,2007,9.302
ita,sex_m,age_ythadult_yge25,ocu_isco88_5,2008,20.01
ita,sex_m,age_ythadult_yge25,ocu_isco88_5,2009,8.804
ita,sex_m,age_ythadult_yge25,ocu_isco88_5,2010,16.083
ita,sex_m,age_ythadult_yge25,ocu_isco88_6,2007,19.678
ita,sex_m,age_ythadult_yge25,ocu_isco88_6,2008,35.672
ita,sex_m,age_ythadult_yge25,ocu_isco88_6,2009,33.439
ita,sex_m,age_ythadult_yge25,ocu_isco88_6,2010,30.279
ita,sex_m,age_ythadult_yge25,ocu_isco88_7,2007,43.297
ita,sex_m,age_ythadult_yge25,ocu_isco88_7,2008,27.992
ita,sex_m,age_ythadult_yge25,ocu_isco88_7,2009,23.85
ita,sex_m,age_ythadult_yge25,ocu_isco88_7,2010,59.873
ita,sex_m,age_ythadult_yge25,ocu_isco88_8,2007,7.143
ita,sex_m,age_ythadult_yge25,ocu_isco88_8,2009,6.879
ita,sex_m,age_ythadult_yge25,ocu_isco88_8,2010,8.986
ita,sex_m,age_ythadult_yge25,ocu_isco88_9,2007,16.166
ita,sex_m,age_ythadult_yge25,ocu_isco88_9,2008,19.343
ita,sex_m,age_ythadult_yge25,ocu_isco88_9,2009,7.803
ita,sex_m,age_ythadult_yge25,ocu_isco88_9,2010,17.757
ita,sex_m,age_ythadult_yge25,ocu_isco88_total,2007,164.11
ita,sex_m,age_ythadult_yge25,ocu_isco88_total,2008,194.571
ita,sex_m,age_ythadult_yge25,ocu_isco88_total,2009,149.27
ita,sex_m,age_ythadult_yge25,ocu_isco88_total,2010,193.615
ita,sex_m,age_ythadult_yge25,ocu_skill_l1,2007,16.166
ita,sex_m,age_ythadult_yge25,ocu_skill_l1,2008,19.343
ita,sex_m,age_ythadult_yge25,ocu_skill_l1,2009,7.803
ita,sex_m,age_ythadult_yge25,ocu_skill_l1,2010,17.757
ita,sex_m,age_ythadult_yge25,ocu_skill_l1,2011,44.783
ita,sex_m,age_ythadult_yge25,ocu_skill_l1,2012,60.015
ita,sex_m,age_ythadult_yge25,ocu_skill_l1,2013,75.91
ita,sex_m,age_ythadult_yge25,ocu_skill_l1,2014,52.849
ita,sex_m,age_ythadult_yge25,ocu_skill_l1,2015,53.786
ita,sex_m,age_ythadult_yge25,ocu_skill_l1,2016,72.818
ita,sex_m,age_ythadult_yge25,ocu_skill_l1,2017,71.919
ita,sex_m,age_ythadult_yge25,ocu_skill_l1,2018,124.864
ita,sex_m,age_ythadult_yge25,ocu_skill_l1,2019,100.726
ita,sex_m,age_ythadult_yge25,ocu_skill_l1,2020,72.046
ita,sex_m,age_ythadult_yge25,ocu_skill_l1,2021,98.479
ita,sex_m,age_ythadult_yge25,ocu_skill_l1,2022,113.231
ita,sex_m,age_ythadult_yge25,ocu_skill_l1,2023,53.06
ita,sex_m,age_ythadult_yge25,ocu_skill_l2,2007,85.456
ita,sex_m,age_ythadult_yge25,ocu_skill_l2,2008,89.543
ita,sex_m,age_ythadult_yge25,ocu_skill_l2,2009,72.972
ita,sex_m,age_ythadult_yge25,ocu_skill_l2,2010,119.611
ita,sex_m,age_ythadult_yge25,ocu_skill_l2,2011,145.317
ita,sex_m,age_ythadult_yge25,ocu_skill_l2,2012,140.154
ita,sex_m,age_ythadult_yge25,ocu_skill_l2,2013,134.976
ita,sex_m,age_ythadult_yge25,ocu_skill_l2,2014,134.976
ita,sex_m,age_ythadult_yge25,ocu_skill_l2,2015,141.195
ita,sex_m,age_ythadult_yge25,ocu_skill_l2,2016,167.997
ita,sex_m,age_ythadult_yge25,ocu_skill_l2,2017,137.003
ita,sex_m,age_ythadult_yge25,ocu_skill_l2,2018,160.33
ita,sex_m,age_ythadult_yge25,ocu_skill_l2,2019,162.861
ita,sex_m,age_ythadult_yge25,ocu_skill_l2,2020,98.69
ita,sex_m,age_ythadult_yge25,ocu_skill_l2,2021,161.242
ita,sex_m,age_ythadult_yge25,ocu_skill_l2,2022,165.139
ita,sex_m,age_ythadult_yge25,ocu_skill_l2,2023,141.128
ita,sex_m,age_ythadult_yge25,ocu_skill_l3_4,2007,62.488
ita,sex_m,age_ythadult_yge25,ocu_skill_l3_4,2008,85.685
ita,sex_m,age_ythadult_yge25,ocu_skill_l3_4,2009,68.495
ita,sex_m,age_ythadult_yge25,ocu_skill_l3_4,2010,56.246
ita,sex_m,age_ythadult_yge25,ocu_skill_l3_4,2011,51.146
ita,sex_m,age_ythadult_yge25,ocu_skill_l3_4,2012,25.172
ita,sex_m,age_ythadult_yge25,ocu_skill_l3_4,2013,27.325
ita,sex_m,age_ythadult_yge25,ocu_skill_l3_4,2014,29.227
ita,sex_m,age_ythadult_yge25,ocu_skill_l3_4,2015,27.395
ita,sex_m,age_ythadult_yge25,ocu_skill_l3_4,2016,43.891
ita,sex_m,age_ythadult_yge25,ocu_skill_l3_4,2017,22.563
ita,sex_m,age_ythadult_yge25,ocu_skill_l3_4,2018,44.793
ita,sex_m,age_ythadult_yge25,ocu_skill_l3_4,2019,51.993
ita,sex_m,age_ythadult_yge25,ocu_skill_l3_4,2020,22.291
ita,sex_m,age_ythadult_yge25,ocu_skill_l3_4,2021,43.584
ita,sex_m,age_ythadult_yge25,ocu_skill_l3_4,2022,42.072
ita,sex_m,age_ythadult_yge25,ocu_skill_l3_4,2023,40.626
ita,sex_m,age_ythadult_yge25,ocu_skill_total,2007,164.11
ita,sex_m,age_ythadult_yge25,ocu_skill_total,2008,194.571
ita,sex_m,age_ythadult_yge25,ocu_skill_total,2009,149.27
ita,sex_m,age_ythadult_yge25,ocu_skill_total,2010,193.615
ita,sex_m,age_ythadult_yge25,ocu_skill_total,2011,241.246
ita,sex_m,age_ythadult_yge25,ocu_skill_total,2012,225.34
ita,sex_m,age_ythadult_yge25,ocu_skill_total,2013,238.211
ita,sex_m,age_ythadult_yge25,ocu_skill_total,2014,217.051
ita,sex_m,age_ythadult_yge25,ocu_skill_total,2015,222.376
ita,sex_m,age_ythadult_yge25,ocu_skill_total,2016,284.706
ita,sex_m,age_ythadult_yge25,ocu_skill_total,2017,231.486
ita,sex_m,age_ythadult_yge25,ocu_skill_total,2018,329.987
ita,sex_m,age_ythadult_yge25,ocu_skill_total,2019,315.58
ita,sex_m,age_ythadult_yge25,ocu_skill_total,2020,193.027
ita,sex_m,age_ythadult_yge25,ocu_skill_total,2021,303.304
ita,sex_m,age_ythadult_yge25,ocu_skill_total,2022,320.441
ita,sex_m,age_ythadult_yge25,ocu_skill_total,2023,234.815
ita,sex_t,age_10yrbands_total,ocu_skill_l1,2007,46.193
ita,sex_t,age_10yrbands_total,ocu_skill_l1,2008,46.193
ita,sex_t,age_10yrbands_total,ocu_skill_l1,2009,44.193
ita,sex_t,age_10yrbands_total,ocu_skill_l1,2010,55.198
ita,sex_t,age_10yrbands_total,ocu_skill_l1,2011,308.788
ita,sex_t,age_10yrbands_total,ocu_skill_l1,2012,424.162
ita,sex_t,age_10yrbands_total,ocu_skill_l1,2013,437.849
ita,sex_t,age_10yrbands_total,ocu_skill_l1,2014,458.409
ita,sex_t,age_10yrbands_total,ocu_skill_l1,2015,439.887
ita,sex_t,age_10yrbands_total,ocu_skill_l1,2016,433.815
ita,sex_t,age_10yrbands_total,ocu_skill_l1,2017,362.177
ita,sex_t,age_10yrbands_total,ocu_skill_l1,2018,610.473
ita,sex_t,age_10yrbands_total,ocu_skill_l1,2019,592.176
ita,sex_t,age_10yrbands_total,ocu_skill_l1,2020,455.205
ita,sex_t,age_10yrbands_total,ocu_skill_l1,2021,532.115
ita,sex_t,age_10yrbands_total,ocu_skill_l1,2022,469.602
ita,sex_t,age_10yrbands_total,ocu_skill_l1,2023,474.44
ita,sex_t,age_10yrbands_total,ocu_skill_l2,2007,208.249
ita,sex_t,age_10yrbands_total,ocu_skill_l2,2008,230.276
ita,sex_t,age_10yrbands_total,ocu_skill_l2,2009,171.583
ita,sex_t,age_10yrbands_total,ocu_skill_l2,2010,219.353
ita,sex_t,age_10yrbands_total,ocu_skill_l2,2011,568.527
ita,sex_t,age_10yrbands_total,ocu_skill_l2,2012,577.057
ita,sex_t,age_10yrbands_total,ocu_skill_l2,2013,696.011
ita,sex_t,age_10yrbands_total,ocu_skill_l2,2014,680.977
ita,sex_t,age_10yrbands_total,ocu_skill_l2,2015,757.442
ita,sex_t,age_10yrbands_total,ocu_skill_l2,2016,712.624
ita,sex_t,age_10yrbands_total,ocu_skill_l2,2017,616.767
ita,sex_t,age_10yrbands_total,ocu_skill_l2,2018,665.427
ita,sex_t,age_10yrbands_total,ocu_skill_l2,2019,729.631
ita,sex_t,age_10yrbands_total,ocu_skill_l2,2020,550.971
ita,sex_t,age_10yrbands_total,ocu_skill_l2,2021,629.599
ita,sex_t,age_10yrbands_total,ocu_skill_l2,2022,538.722
ita,sex_t,age_10yrbands_total,ocu_skill_l2,2023,572.415
ita,sex_t,age_10yrbands_total,ocu_skill_l3_4,2007,150.259
ita,sex_t,age_10yrbands_total,ocu_skill_l3_4,2008,178.317
ita,sex_t,age_10yrbands_total,ocu_skill_l3_4,2009,146.104
ita,sex_t,age_10yrbands_total,ocu_skill_l3_4,2010,119.938
ita,sex_t,age_10yrbands_total,ocu_skill_l3_4,2011,120.316
ita,sex_t,age_10yrbands_total,ocu_skill_l3_4,2012,84.264
ita,sex_t,age_10yrbands_total,ocu_skill_l3_4,2013,79.396
ita,sex_t,age_10yrbands_total,ocu_skill_l3_4,2014,60.226
ita,sex_t,age_10yrbands_total,ocu_skill_l3_4,2015,81.911
ita,sex_t,age_10yrbands_total,ocu_skill_l3_4,2016,78.614
ita,sex_t,age_10yrbands_total,ocu_skill_l3_4,2017,49.036
ita,sex_t,age_10yrbands_total,ocu_skill_l3_4,2018,103.753
ita,sex_t,age_10yrbands_total,ocu_skill_l3_4,2019,142.91
ita,sex_t,age_10yrbands_total,ocu_skill_l3_4,2020,151.187
ita,sex_t,age_10yrbands_total,ocu_skill_l3_4,2021,140.823
ita,sex_t,age_10yrbands_total,ocu_skill_l3_4,2022,124.583
ita,sex_t,age_10yrbands_total,ocu_skill_l3_4,2023,98.986
ita,sex_t,age_10yrbands_total,ocu_skill_total,2007,404.701
ita,sex_t,age_10yrbands_total,ocu_skill_total,2008,454.786
ita,sex_t,age_10yrbands_total,ocu_skill_total,2009,361.879
ita,sex_t,age_10yrbands_total,ocu_skill_total,2010,394.489
ita,sex_t,age_10yrbands_total,ocu_skill_total,2011,997.631
ita,sex_t,age_10yrbands_total,ocu_skill_total,2012,1085.483
ita,sex_t,age_10yrbands_total,ocu_skill_total,2013,1213.256
ita,sex_t,age_10yrbands_total,ocu_skill_total,2014,1199.612
ita,sex_t,age_10yrbands_total,ocu_skill_total,2015,1279.241
ita,sex_t,age_10yrbands_total,ocu_skill_total,2016,1225.052
ita,sex_t,age_10yrbands_total,ocu_skill_total,2017,1027.981
ita,sex_t,age_10yrbands_total,ocu_skill_total,2018,1379.653
ita,sex_t,age_10yrbands_total,ocu_skill_total,2019,1464.717
ita,sex_t,age_10yrbands_total,ocu_skill_total,2020,1157.363
ita,sex_t,age_10yrbands_total,ocu_skill_total,2021,1302.537
ita,sex_t,age_10yrbands_total,ocu_skill_total,2022,1132.907
ita,sex_t,age_10yrbands_total,ocu_skill_total,2023,1145.841
ita,sex_t,age_10yrbands_y15_24,ocu_skill_l1,2007,12.228
ita,sex_t,age_10yrbands_y15_24,ocu_skill_l1,2008,9.599
ita,sex_t,age_10yrbands_y15_24,ocu_skill_l1,2009,10.032
ita,sex_t,age_10yrbands_y15_24,ocu_skill_l1,2010,15.376
ita,sex_t,age_10yrbands_y15_24,ocu_skill_l1,2011,19.122
ita,sex_t,age_10yrbands_y15_24,ocu_skill_l1,2012,11.848
ita,sex_t,age_10yrbands_y15_24,ocu_skill_l1,2013,22.404
ita,sex_t,age_10yrbands_y15_24,ocu_skill_l1,2015,13.181
ita,sex_t,age_10yrbands_y15_24,ocu_skill_l1,2016,8.357
ita,sex_t,age_10yrbands_y15_24,ocu_skill_l1,2018,28.937
ita,sex_t,age_10yrbands_y15_24,ocu_skill_l1,2019,20.133
ita,sex_t,age_10yrbands_y15_24,ocu_skill_l1,2022,21.367
ita,sex_t,age_10yrbands_y15_24,ocu_skill_l2,2007,64.825
ita,sex_t,age_10yrbands_y15_24,ocu_skill_l2,2008,64.865
ita,sex_t,age_10yrbands_y15_24,ocu_skill_l2,2009,32.814
ita,sex_t,age_10yrbands_y15_24,ocu_skill_l2,2010,38.159
ita,sex_t,age_10yrbands_y15_24,ocu_skill_l2,2011,96.838
ita,sex_t,age_10yrbands_y15_24,ocu_skill_l2,2012,78.613
ita,sex_t,age_10yrbands_y15_24,ocu_skill_l2,2013,86.688
ita,sex_t,age_10yrbands_y15_24,ocu_skill_l2,2014,82.468
ita,sex_t,age_10yrbands_y15_24,ocu_skill_l2,2015,91.819
ita,sex_t,age_10yrbands_y15_24,ocu_skill_l2,2016,95.303
ita,sex_t,age_10yrbands_y15_24,ocu_skill_l2,2017,55.308
ita,sex_t,age_10yrbands_y15_24,ocu_skill_l2,2018,61.614
ita,sex_t,age_10yrbands_y15_24,ocu_skill_l2,2019,113.832
ita,sex_t,age_10yrbands_y15_24,ocu_skill_l2,2020,73.554
ita,sex_t,age_10yrbands_y15_24,ocu_skill_l2,2021,102.028
ita,sex_t,age_10yrbands_y15_24,ocu_skill_l2,2022,36.006
ita,sex_t,age_10yrbands_y15_24,ocu_skill_l2,2023,37.699
ita,sex_t,age_10yrbands_y15_24,ocu_skill_l3_4,2007,29.899
ita,sex_t,age_10yrbands_y15_24,ocu_skill_l3_4,2008,31.194
ita,sex_t,age_10yrbands_y15_24,ocu_skill_l3_4,2009,27.166
ita,sex_t,age_10yrbands_y15_24,ocu_skill_l3_4,2010,16.637
ita,sex_t,age_10yrbands_y15_24,ocu_skill_l3_4,2011,27.401
ita,sex_t,age_10yrbands_y15_24,ocu_skill_l3_4,2012,17.114
ita,sex_t,age_10yrbands_y15_24,ocu_skill_l3_4,2013,21.63
ita,sex_t,age_10yrbands_y15_24,ocu_skill_l3_4,2014,7.949
ita,sex_t,age_10yrbands_y15_24,ocu_skill_l3_4,2015,21.974
ita,sex_t,age_10yrbands_y15_24,ocu_skill_l3_4,2016,9.885
ita,sex_t,age_10yrbands_y15_24,ocu_skill_l3_4,2018,9.691
ita,sex_t,age_10yrbands_y15_24,ocu_skill_l3_4,2019,29.228
ita,sex_t,age_10yrbands_y15_24,ocu_skill_l3_4,2020,60.803
ita,sex_t,age_10yrbands_y15_24,ocu_skill_l3_4,2021,42.59
ita,sex_t,age_10yrbands_y15_24,ocu_skill_l3_4,2022,37.993
ita,sex_t,age_10yrbands_y15_24,ocu_skill_l3_4,2023,10.329
ita,sex_t,age_10yrbands_y15_24,ocu_skill_total,2007,106.952
ita,sex_t,age_10yrbands_y15_24,ocu_skill_total,2008,105.658
ita,sex_t,age_10yrbands_y15_24,ocu_skill_total,2009,70.013
ita,sex_t,age_10yrbands_y15_24,ocu_skill_total,2010,70.171
ita,sex_t,age_10yrbands_y15_24,ocu_skill_total,2011,143.361
ita,sex_t,age_10yrbands_y15_24,ocu_skill_total,2012,107.576
ita,sex_t,age_10yrbands_y15_24,ocu_skill_total,2013,130.723
ita,sex_t,age_10yrbands_y15_24,ocu_skill_total,2014,94.696
ita,sex_t,age_10yrbands_y15_24,ocu_skill_total,2015,126.973
ita,sex_t,age_10yrbands_y15_24,ocu_skill_total,2016,113.545
ita,sex_t,age_10yrbands_y15_24,ocu_skill_total,2017,60.684
ita,sex_t,age_10yrbands_y15_24,ocu_skill_total,2018,100.242
ita,sex_t,age_10yrbands_y15_24,ocu_skill_total,2019,163.194
ita,sex_t,age_10yrbands_y15_24,ocu_skill_total,2020,150.762
ita,sex_t,age_10yrbands_y15_24,ocu_skill_total,2021,160.768
ita,sex_t,age_10yrbands_y15_24,ocu_skill_total,2022,95.366
ita,sex_t,age_10yrbands_y15_24,ocu_skill_total,2023,49.756
ita,sex_t,age_10yrbands_y25_34,ocu_skill_l1,2007,8.906
ita,sex_t,age_10yrbands_y25_34,ocu_skill_l1,2008,9.538
ita,sex_t,age_10yrbands_y25_34,ocu_skill_l1,2009,6.453
ita,sex_t,age_10yrbands_y25_34,ocu_skill_l1,2011,51.203
ita,sex_t,age_10yrbands_y25_34,ocu_skill_l1,2012,64.003
ita,sex_t,age_10yrbands_y25_34,ocu_skill_l1,2013,53.894
ita,sex_t,age_10yrbands_y25_34,ocu_skill_l1,2014,79.72
ita,sex_t,age_10yrbands_y25_34,ocu_skill_l1,2015,66.132
ita,sex_t,age_10yrbands_y25_34,ocu_skill_l1,2016,33.81
ita,sex_t,age_10yrbands_y25_34,ocu_skill_l1,2017,34.763
ita,sex_t,age_10yrbands_y25_34,ocu_skill_l1,2018,81.389
ita,sex_t,age_10yrbands_y25_34,ocu_skill_l1,2019,75.754
ita,sex_t,age_10yrbands_y25_34,ocu_skill_l1,2020,87.378
ita,sex_t,age_10yrbands_y25_34,ocu_skill_l1,2021,55.931
ita,sex_t,age_10yrbands_y25_34,ocu_skill_l1,2022,59.41
ita,sex_t,age_10yrbands_y25_34,ocu_skill_l1,2023,38.943
ita,sex_t,age_10yrbands_y25_34,ocu_skill_l2,2007,42.446
ita,sex_t,age_10yrbands_y25_34,ocu_skill_l2,2008,55.038
ita,sex_t,age_10yrbands_y25_34,ocu_skill_l2,2009,44.583
ita,sex_t,age_10yrbands_y25_34,ocu_skill_l2,2010,53.824
ita,sex_t,age_10yrbands_y25_34,ocu_skill_l2,2011,126.271
ita,sex_t,age_10yrbands_y25_34,ocu_skill_l2,2012,123.114
ita,sex_t,age_10yrbands_y25_34,ocu_skill_l2,2013,123.848
ita,sex_t,age_10yrbands_y25_34,ocu_skill_l2,2014,127.343
ita,sex_t,age_10yrbands_y25_34,ocu_skill_l2,2015,138.494
ita,sex_t,age_10yrbands_y25_34,ocu_skill_l2,2016,120.439
ita,sex_t,age_10yrbands_y25_34,ocu_skill_l2,2017,121.18
ita,sex_t,age_10yrbands_y25_34,ocu_skill_l2,2018,125.048
ita,sex_t,age_10yrbands_y25_34,ocu_skill_l2,2019,166.438
ita,sex_t,age_10yrbands_y25_34,ocu_skill_l2,2020,120.662
ita,sex_t,age_10yrbands_y25_34,ocu_skill_l2,2021,171.498
ita,sex_t,age_10yrbands_y25_34,ocu_skill_l2,2022,100.426
ita,sex_t,age_10yrbands_y25_34,ocu_skill_l2,2023,125
ita,sex_t,age_10yrbands_y25_34,ocu_skill_l3_4,2007,58.097
ita,sex_t,age_10yrbands_y25_34,ocu_skill_l3_4,2008,57.541
ita,sex_t,age_10yrbands_y25_34,ocu_skill_l3_4,2009,44.741
ita,sex_t,age_10yrbands_y25_34,ocu_skill_l3_4,2010,38.892
ita,sex_t,age_10yrbands_y25_34,ocu_skill_l3_4,2011,41.794
ita,sex_t,age_10yrbands_y25_34,ocu_skill_l3_4,2012,32.579
ita,sex_t,age_10yrbands_y25_34,ocu_skill_l3_4,2013,24.665
ita,sex_t,age_10yrbands_y25_34,ocu_skill_l3_4,2014,27.12
ita,sex_t,age_10yrbands_y25_34,ocu_skill_l3_4,2015,38.867
ita,sex_t,age_10yrbands_y25_34,ocu_skill_l3_4,2016,21.373
ita,sex_t,age_10yrbands_y25_34,ocu_skill_l3_4,2017,25.875
ita,sex_t,age_10yrbands_y25_34,ocu_skill_l3_4,2018,36.972
ita,sex_t,age_10yrbands_y25_34,ocu_skill_l3_4,2019,48.393
ita,sex_t,age_10yrbands_y25_34,ocu_skill_l3_4,2020,61.935
ita,sex_t,age_10yrbands_y25_34,ocu_skill_l3_4,2021,52.867
ita,sex_t,age_10yrbands_y25_34,ocu_skill_l3_4,2022,50.579
ita,sex_t,age_10yrbands_y25_34,ocu_skill_l3_4,2023,50.289
ita,sex_t,age_10yrbands_y25_34,ocu_skill_total,2007,109.45
ita,sex_t,age_10yrbands_y25_34,ocu_skill_total,2008,122.116
ita,sex_t,age_10yrbands_y25_34,ocu_skill_total,2009,95.777
ita,sex_t,age_10yrbands_y25_34,ocu_skill_total,2010,97.056
ita,sex_t,age_10yrbands_y25_34,ocu_skill_total,2011,219.268
ita,sex_t,age_10yrbands_y25_34,ocu_skill_total,2012,219.697
ita,sex_t,age_10yrbands_y25_34,ocu_skill_total,2013,202.407
ita,sex_t,age_10yrbands_y25_34,ocu_skill_total,2014,234.183
ita,sex_t,age_10yrbands_y25_34,ocu_skill_total,2015,243.493
ita,sex_t,age_10yrbands_y25_34,ocu_skill_total,2016,175.622
ita,sex_t,age_10yrbands_y25_34,ocu_skill_total,2017,181.817
ita,sex_t,age_10yrbands_y25_34,ocu_skill_total,2018,243.409
ita,sex_t,age_10yrbands_y25_34,ocu_skill_total,2019,290.585
ita,sex_t,age_10yrbands_y25_34,ocu_skill_total,2020,269.975
ita,sex_t,age_10yrbands_y25_34,ocu_skill_total,2021,280.296
ita,sex_t,age_10yrbands_y25_34,ocu_skill_total,2022,210.416
ita,sex_t,age_10yrbands_y25_34,ocu_skill_total,2023,214.232
ita,sex_t,age_10yrbands_y35_44,ocu_skill_l1,2007,8.813
ita,sex_t,age_10yrbands_y35_44,ocu_skill_l1,2008,5.907
ita,sex_t,age_10yrbands_y35_44,ocu_skill_l1,2009,12.56
ita,sex_t,age_10yrbands_y35_44,ocu_skill_l1,2010,12.892
ita,sex_t,age_10yrbands_y35_44,ocu_skill_l1,2011,112.501
ita,sex_t,age_10yrbands_y35_44,ocu_skill_l1,2012,140.675
ita,sex_t,age_10yrbands_y35_44,ocu_skill_l1,2013,119.53
ita,sex_t,age_10yrbands_y35_44,ocu_skill_l1,2014,127.928
ita,sex_t,age_10yrbands_y35_44,ocu_skill_l1,2015,148.903
ita,sex_t,age_10yrbands_y35_44,ocu_skill_l1,2016,145.124
ita,sex_t,age_10yrbands_y35_44,ocu_skill_l1,2017,89.903
ita,sex_t,age_10yrbands_y35_44,ocu_skill_l1,2018,175.2
ita,sex_t,age_10yrbands_y35_44,ocu_skill_l1,2019,174.917
ita,sex_t,age_10yrbands_y35_44,ocu_skill_l1,2020,123.009
ita,sex_t,age_10yrbands_y35_44,ocu_skill_l1,2021,133.312
ita,sex_t,age_10yrbands_y35_44,ocu_skill_l1,2022,107.201
ita,sex_t,age_10yrbands_y35_44,ocu_skill_l1,2023,117.042
ita,sex_t,age_10yrbands_y35_44,ocu_skill_l2,2007,45.672
ita,sex_t,age_10yrbands_y35_44,ocu_skill_l2,2008,48.587
ita,sex_t,age_10yrbands_y35_44,ocu_skill_l2,2009,39.353
ita,sex_t,age_10yrbands_y35_44,ocu_skill_l2,2010,56.22
ita,sex_t,age_10yrbands_y35_44,ocu_skill_l2,2011,166.361
ita,sex_t,age_10yrbands_y35_44,ocu_skill_l2,2012,160.025
ita,sex_t,age_10yrbands_y35_44,ocu_skill_l2,2013,184.1
ita,sex_t,age_10yrbands_y35_44,ocu_skill_l2,2014,170.858
ita,sex_t,age_10yrbands_y35_44,ocu_skill_l2,2015,200.153
ita,sex_t,age_10yrbands_y35_44,ocu_skill_l2,2016,206.181
ita,sex_t,age_10yrbands_y35_44,ocu_skill_l2,2017,176.75
ita,sex_t,age_10yrbands_y35_44,ocu_skill_l2,2018,170.544
ita,sex_t,age_10yrbands_y35_44,ocu_skill_l2,2019,152.586
ita,sex_t,age_10yrbands_y35_44,ocu_skill_l2,2020,99.62
ita,sex_t,age_10yrbands_y35_44,ocu_skill_l2,2021,99.967
ita,sex_t,age_10yrbands_y35_44,ocu_skill_l2,2022,116.796
ita,sex_t,age_10yrbands_y35_44,ocu_skill_l2,2023,119.115
ita,sex_t,age_10yrbands_y35_44,ocu_skill_l3_4,2007,30.62
ita,sex_t,age_10yrbands_y35_44,ocu_skill_l3_4,2008,28.867
ita,sex_t,age_10yrbands_y35_44,ocu_skill_l3_4,2009,25.899
ita,sex_t,age_10yrbands_y35_44,ocu_skill_l3_4,2010,30.225
ita,sex_t,age_10yrbands_y35_44,ocu_skill_l3_4,2011,20.753
ita,sex_t,age_10yrbands_y35_44,ocu_skill_l3_4,2012,11.519
ita,sex_t,age_10yrbands_y35_44,ocu_skill_l3_4,2013,11.499
ita,sex_t,age_10yrbands_y35_44,ocu_skill_l3_4,2014,10.565
ita,sex_t,age_10yrbands_y35_44,ocu_skill_l3_4,2015,7.299
ita,sex_t,age_10yrbands_y35_44,ocu_skill_l3_4,2016,17.643
ita,sex_t,age_10yrbands_y35_44,ocu_skill_l3_4,2017,14.228
ita,sex_t,age_10yrbands_y35_44,ocu_skill_l3_4,2018,26.638
ita,sex_t,age_10yrbands_y35_44,ocu_skill_l3_4,2019,14.363
ita,sex_t,age_10yrbands_y35_44,ocu_skill_l3_4,2020,15.179
ita,sex_t,age_10yrbands_y35_44,ocu_skill_l3_4,2021,10.347
ita,sex_t,age_10yrbands_y35_44,ocu_skill_l3_4,2022,22.163
ita,sex_t,age_10yrbands_y35_44,ocu_skill_l3_4,2023,15.278
ita,sex_t,age_10yrbands_y35_44,ocu_skill_total,2007,85.106
ita,sex_t,age_10yrbands_y35_44,ocu_skill_total,2008,83.361
ita,sex_t,age_10yrbands_y35_44,ocu_skill_total,2009,77.813
ita,sex_t,age_10yrbands_y35_44,ocu_skill_total,2010,99.337
ita,sex_t,age_10yrbands_y35_44,ocu_skill_total,2011,299.616
ita,sex_t,age_10yrbands_y35_44,ocu_skill_total,2012,312.219
ita,sex_t,age_10yrbands_y35_44,ocu_skill_total,2013,315.129
ita,sex_t,age_10yrbands_y35_44,ocu_skill_total,2014,309.351
ita,sex_t,age_10yrbands_y35_44,ocu_skill_total,2015,356.355
ita,sex_t,age_10yrbands_y35_44,ocu_skill_total,2016,368.948
ita,sex_t,age_10yrbands_y35_44,ocu_skill_total,2017,280.882
ita,sex_t,age_10yrbands_y35_44,ocu_skill_total,2018,372.382
ita,sex_t,age_10yrbands_y35_44,ocu_skill_total,2019,341.866
ita,sex_t,age_10yrbands_y35_44,ocu_skill_total,2020,237.809
ita,sex_t,age_10yrbands_y35_44,ocu_skill_total,2021,243.626
ita,sex_t,age_10yrbands_y35_44,ocu_skill_total,2022,246.16
ita,sex_t,age_10yrbands_y35_44,ocu_skill_total,2023,251.435
ita,sex_t,age_10yrbands_y45_54,ocu_skill_l1,2007,11.615
ita,sex_t,age_10yrbands_y45_54,ocu_skill_l1,2008,15.196
ita,sex_t,age_10yrbands_y45_54,ocu_skill_l1,2009,8.985
ita,sex_t,age_10yrbands_y45_54,ocu_skill_l1,2010,18.612
ita,sex_t,age_10yrbands_y45_54,ocu_skill_l1,2011,97.544
ita,sex_t,age_10yrbands_y45_54,ocu_skill_l1,2012,138.923
ita,sex_t,age_10yrbands_y45_54,ocu_skill_l1,2013,169.624
ita,sex_t,age_10yrbands_y45_54,ocu_skill_l1,2014,174.795
ita,sex_t,age_10yrbands_y45_54,ocu_skill_l1,2015,137.986
ita,sex_t,age_10yrbands_y45_54,ocu_skill_l1,2016,164.385
ita,sex_t,age_10yrbands_y45_54,ocu_skill_l1,2017,164.456
ita,sex_t,age_10yrbands_y45_54,ocu_skill_l1,2018,185.848
ita,sex_t,age_10yrbands_y45_54,ocu_skill_l1,2019,171.958
ita,sex_t,age_10yrbands_y45_54,ocu_skill_l1,2020,133.834
ita,sex_t,age_10yrbands_y45_54,ocu_skill_l1,2021,185.311
ita,sex_t,age_10yrbands_y45_54,ocu_skill_l1,2022,152.798
ita,sex_t,age_10yrbands_y45_54,ocu_skill_l1,2023,167.803
ita,sex_t,age_10yrbands_y45_54,ocu_skill_l2,2007,32.783
ita,sex_t,age_10yrbands_y45_54,ocu_skill_l2,2008,27.399
ita,sex_t,age_10yrbands_y45_54,ocu_skill_l2,2009,35.607
ita,sex_t,age_10yrbands_y45_54,ocu_skill_l2,2010,42.321
ita,sex_t,age_10yrbands_y45_54,ocu_skill_l2,2011,102.168
ita,sex_t,age_10yrbands_y45_54,ocu_skill_l2,2012,130.862
ita,sex_t,age_10yrbands_y45_54,ocu_skill_l2,2013,176.226
ita,sex_t,age_10yrbands_y45_54,ocu_skill_l2,2014,164.88
ita,sex_t,age_10yrbands_y45_54,ocu_skill_l2,2015,176.37
ita,sex_t,age_10yrbands_y45_54,ocu_skill_l2,2016,165.251
ita,sex_t,age_10yrbands_y45_54,ocu_skill_l2,2017,141.901
ita,sex_t,age_10yrbands_y45_54,ocu_skill_l2,2018,174.772
ita,sex_t,age_10yrbands_y45_54,ocu_skill_l2,2019,184.262
ita,sex_t,age_10yrbands_y45_54,ocu_skill_l2,2020,143.705
ita,sex_t,age_10yrbands_y45_54,ocu_skill_l2,2021,154.733
ita,sex_t,age_10yrbands_y45_54,ocu_skill_l2,2022,161.53
ita,sex_t,age_10yrbands_y45_54,ocu_skill_l2,2023,160.862
ita,sex_t,age_10yrbands_y45_54,ocu_skill_l3_4,2007,20.977
ita,sex_t,age_10yrbands_y45_54,ocu_skill_l3_4,2008,35.942
ita,sex_t,age_10yrbands_y45_54,ocu_skill_l3_4,2009,29.754
ita,sex_t,age_10yrbands_y45_54,ocu_skill_l3_4,2010,17.542
ita,sex_t,age_10yrbands_y45_54,ocu_skill_l3_4,2011,16.748
ita,sex_t,age_10yrbands_y45_54,ocu_skill_l3_4,2012,10.122
ita,sex_t,age_10yrbands_y45_54,ocu_skill_l3_4,2013,13.361
ita,sex_t,age_10yrbands_y45_54,ocu_skill_l3_4,2014,10.375
ita,sex_t,age_10yrbands_y45_54,ocu_skill_l3_4,2015,9.185
ita,sex_t,age_10yrbands_y45_54,ocu_skill_l3_4,2016,9.399
ita,sex_t,age_10yrbands_y45_54,ocu_skill_l3_4,2018,16.672
ita,sex_t,age_10yrbands_y45_54,ocu_skill_l3_4,2019,34.803
ita,sex_t,age_10yrbands_y45_54,ocu_skill_l3_4,2020,9.808
ita,sex_t,age_10yrbands_y45_54,ocu_skill_l3_4,2021,17.166
ita,sex_t,age_10yrbands_y45_54,ocu_skill_l3_4,2022,4.391
ita,sex_t,age_10yrbands_y45_54,ocu_skill_l3_4,2023,10.046
ita,sex_t,age_10yrbands_y45_54,ocu_skill_total,2007,65.375
ita,sex_t,age_10yrbands_y45_54,ocu_skill_total,2008,78.537
ita,sex_t,age_10yrbands_y45_54,ocu_skill_total,2009,74.346
ita,sex_t,age_10yrbands_y45_54,ocu_skill_total,2010,78.476
ita,sex_t,age_10yrbands_y45_54,ocu_skill_total,2011,216.46
ita,sex_t,age_10yrbands_y45_54,ocu_skill_total,2012,279.907
ita,sex_t,age_10yrbands_y45_54,ocu_skill_total,2013,359.211
ita,sex_t,age_10yrbands_y45_54,ocu_skill_total,2014,350.051
ita,sex_t,age_10yrbands_y45_54,ocu_skill_total,2015,323.541
ita,sex_t,age_10yrbands_y45_54,ocu_skill_total,2016,339.035
ita,sex_t,age_10yrbands_y45_54,ocu_skill_total,2017,309.145
ita,sex_t,age_10yrbands_y45_54,ocu_skill_total,2018,377.293
ita,sex_t,age_10yrbands_y45_54,ocu_skill_total,2019,391.024
ita,sex_t,age_10yrbands_y45_54,ocu_skill_total,2020,287.347
ita,sex_t,age_10yrbands_y45_54,ocu_skill_total,2021,357.212
ita,sex_t,age_10yrbands_y45_54,ocu_skill_total,2022,318.719
ita,sex_t,age_10yrbands_y45_54,ocu_skill_total,2023,338.711
ita,sex_t,age_10yrbands_y55_64,ocu_skill_l1,2007,4.631
ita,sex_t,age_10yrbands_y55_64,ocu_skill_l1,2008,4.939
ita,sex_t,age_10yrbands_y55_64,ocu_skill_l1,2011,25.438
ita,sex_t,age_10yrbands_y55_64,ocu_skill_l1,2012,61.099
ita,sex_t,age_10yrbands_y55_64,ocu_skill_l1,2013,72.397
ita,sex_t,age_10yrbands_y55_64,ocu_skill_l1,2014,63.993
ita,sex_t,age_10yrbands_y55_64,ocu_skill_l1,2015,68.997
ita,sex_t,age_10yrbands_y55_64,ocu_skill_l1,2016,75.921
ita,sex_t,age_10yrbands_y55_64,ocu_skill_l1,2017,64.041
ita,sex_t,age_10yrbands_y55_64,ocu_skill_l1,2018,125.776
ita,sex_t,age_10yrbands_y55_64,ocu_skill_l1,2019,131.61
ita,sex_t,age_10yrbands_y55_64,ocu_skill_l1,2020,84.564
ita,sex_t,age_10yrbands_y55_64,ocu_skill_l1,2021,110.567
ita,sex_t,age_10yrbands_y55_64,ocu_skill_l1,2022,111.494
ita,sex_t,age_10yrbands_y55_64,ocu_skill_l1,2023,126.462
ita,sex_t,age_10yrbands_y55_64,ocu_skill_l2,2007,18.924
ita,sex_t,age_10yrbands_y55_64,ocu_skill_l2,2008,27.935
ita,sex_t,age_10yrbands_y55_64,ocu_skill_l2,2009,15.524
ita,sex_t,age_10yrbands_y55_64,ocu_skill_l2,2010,17.132
ita,sex_t,age_10yrbands_y55_64,ocu_skill_l2,2011,60.452
ita,sex_t,age_10yrbands_y55_64,ocu_skill_l2,2012,65.456
ita,sex_t,age_10yrbands_y55_64,ocu_skill_l2,2013,96.255
ita,sex_t,age_10yrbands_y55_64,ocu_skill_l2,2014,106.28
ita,sex_t,age_10yrbands_y55_64,ocu_skill_l2,2015,130.742
ita,sex_t,age_10yrbands_y55_64,ocu_skill_l2,2016,111.545
ita,sex_t,age_10yrbands_y55_64,ocu_skill_l2,2017,107.492
ita,sex_t,age_10yrbands_y55_64,ocu_skill_l2,2018,111.75
ita,sex_t,age_10yrbands_y55_64,ocu_skill_l2,2019,93.857
ita,sex_t,age_10yrbands_y55_64,ocu_skill_l2,2020,96.933
ita,sex_t,age_10yrbands_y55_64,ocu_skill_l2,2021,82.434
ita,sex_t,age_10yrbands_y55_64,ocu_skill_l2,2022,108.417
ita,sex_t,age_10yrbands_y55_64,ocu_skill_l2,2023,118.511
ita,sex_t,age_10yrbands_y55_64,ocu_skill_l3_4,2007,7.411
ita,sex_t,age_10yrbands_y55_64,ocu_skill_l3_4,2008,14.692
ita,sex_t,age_10yrbands_y55_64,ocu_skill_l3_4,2009,14.336
ita,sex_t,age_10yrbands_y55_64,ocu_skill_l3_4,2010,9.405
ita,sex_t,age_10yrbands_y55_64,ocu_skill_l3_4,2011,7.754
ita,sex_t,age_10yrbands_y55_64,ocu_skill_l3_4,2012,5.89
ita,sex_t,age_10yrbands_y55_64,ocu_skill_l3_4,2016,17.403
ita,sex_t,age_10yrbands_y55_64,ocu_skill_l3_4,2018,13.193
ita,sex_t,age_10yrbands_y55_64,ocu_skill_l3_4,2019,16.122
ita,sex_t,age_10yrbands_y55_64,ocu_skill_l3_4,2021,16.688
ita,sex_t,age_10yrbands_y55_64,ocu_skill_l3_4,2022,9.456
ita,sex_t,age_10yrbands_y55_64,ocu_skill_l3_4,2023,8.933
ita,sex_t,age_10yrbands_y55_64,ocu_skill_total,2007,30.966
ita,sex_t,age_10yrbands_y55_64,ocu_skill_total,2008,47.566
ita,sex_t,age_10yrbands_y55_64,ocu_skill_total,2009,35.381
ita,sex_t,age_10yrbands_y55_64,ocu_skill_total,2010,28.566
ita,sex_t,age_10yrbands_y55_64,ocu_skill_total,2011,93.644
ita,sex_t,age_10yrbands_y55_64,ocu_skill_total,2012,132.444
ita,sex_t,age_10yrbands_y55_64,ocu_skill_total,2013,172.004
ita,sex_t,age_10yrbands_y55_64,ocu_skill_total,2014,173.114
ita,sex_t,age_10yrbands_y55_64,ocu_skill_total,2015,200.959
ita,sex_t,age_10yrbands_y55_64,ocu_skill_total,2016,204.869
ita,sex_t,age_10yrbands_y55_64,ocu_skill_total,2017,174.099
ita,sex_t,age_10yrbands_y55_64,ocu_skill_total,2018,250.719
ita,sex_t,age_10yrbands_y55_64,ocu_skill_total,2019,241.59
ita,sex_t,age_10yrbands_y55_64,ocu_skill_total,2020,184.419
ita,sex_t,age_10yrbands_y55_64,ocu_skill_total,2021,209.688
ita,sex_t,age_10yrbands_y55_64,ocu_skill_total,2022,229.368
ita,sex_t,age_10yrbands_y55_64,ocu_skill_total,2023,253.906
ita,sex_t,age_10yrbands_yge65,ocu_skill_l1,2017,5.868
ita,sex_t,age_10yrbands_yge65,ocu_skill_l1,2018,13.323
ita,sex_t,age_10yrbands_yge65,ocu_skill_l1,2019,17.805
ita,sex_t,age_10yrbands_yge65,ocu_skill_l1,2020,10.016
ita,sex_t,age_10yrbands_yge65,ocu_skill_l1,2021,30.843
ita,sex_t,age_10yrbands_yge65,ocu_skill_l1,2022,17.332
ita,sex_t,age_10yrbands_yge65,ocu_skill_l1,2023,22.462
ita,sex_t,age_10yrbands_yge65,ocu_skill_l2,2008,6.452
ita,sex_t,age_10yrbands_yge65,ocu_skill_l2,2009,3.7
ita,sex_t,age_10yrbands_yge65,ocu_skill_l2,2010,11.697
ita,sex_t,age_10yrbands_yge65,ocu_skill_l2,2011,16.437
ita,sex_t,age_10yrbands_yge65,ocu_skill_l2,2012,18.988
ita,sex_t,age_10yrbands_yge65,ocu_skill_l2,2013,28.895
ita,sex_t,age_10yrbands_yge65,ocu_skill_l2,2014,29.148
ita,sex_t,age_10yrbands_yge65,ocu_skill_l2,2015,19.865
ita,sex_t,age_10yrbands_yge65,ocu_skill_l2,2016,13.904
ita,sex_t,age_10yrbands_yge65,ocu_skill_l2,2017,14.137
ita,sex_t,age_10yrbands_yge65,ocu_skill_l2,2018,21.699
ita,sex_t,age_10yrbands_yge65,ocu_skill_l2,2019,18.654
ita,sex_t,age_10yrbands_yge65,ocu_skill_l2,2020,16.496
ita,sex_t,age_10yrbands_yge65,ocu_skill_l2,2021,18.938
ita,sex_t,age_10yrbands_yge65,ocu_skill_l2,2022,15.547
ita,sex_t,age_10yrbands_yge65,ocu_skill_l2,2023,11.228
ita,sex_t,age_10yrbands_yge65,ocu_skill_l3_4,2008,10.08
ita,sex_t,age_10yrbands_yge65,ocu_skill_l3_4,2009,4.208
ita,sex_t,age_10yrbands_yge65,ocu_skill_l3_4,2010,7.236
ita,sex_t,age_10yrbands_yge65,ocu_skill_l3_4,2011,5.866
ita,sex_t,age_10yrbands_yge65,ocu_skill_l3_4,2012,7.04
ita,sex_t,age_10yrbands_yge65,ocu_skill_l3_4,2016,2.911
ita,sex_t,age_10yrbands_yge65,ocu_skill_total,2007,6.853
ita,sex_t,age_10yrbands_yge65,ocu_skill_total,2008,17.546
ita,sex_t,age_10yrbands_yge65,ocu_skill_total,2009,8.549
ita,sex_t,age_10yrbands_yge65,ocu_skill_total,2010,20.882
ita,sex_t,age_10yrbands_yge65,ocu_skill_total,2011,25.282
ita,sex_t,age_10yrbands_yge65,ocu_skill_total,2012,33.641
ita,sex_t,age_10yrbands_yge65,ocu_skill_total,2013,33.783
ita,sex_t,age_10yrbands_yge65,ocu_skill_total,2014,38.217
ita,sex_t,age_10yrbands_yge65,ocu_skill_total,2015,27.92
ita,sex_t,age_10yrbands_yge65,ocu_skill_total,2016,23.033
ita,sex_t,age_10yrbands_yge65,ocu_skill_total,2017,21.354
ita,sex_t,age_10yrbands_yge65,ocu_skill_total,2018,35.609
ita,sex_t,age_10yrbands_yge65,ocu_skill_total,2019,36.459
ita,sex_t,age_10yrbands_yge65,ocu_skill_total,2020,27.05
ita,sex_t,age_10yrbands_yge65,ocu_skill_total,2021,50.947
ita,sex_t,age_10yrbands_yge65,ocu_skill_total,2022,32.879
ita,sex_t,age_10yrbands_yge65,ocu_skill_total,2023,37.8
ita,sex_t,age_aggregate_total,ocu_isco08_1,2011,29.946
ita,sex_t,age_aggregate_total,ocu_isco08_1,2012,22.254
ita,sex_t,age_aggregate_total,ocu_isco08_1,2013,12.534
ita,sex_t,age_aggregate_total,ocu_isco08_1,2014,12.335
ita,sex_t,age_aggregate_total,ocu_isco08_1,2015,13.04
ita,sex_t,age_aggregate_total,ocu_isco08_1,2016,23.11
ita,sex_t,age_aggregate_total,ocu_isco08_1,2017,11.591
ita,sex_t,age_aggregate_total,ocu_isco08_1,2019,15.271
ita,sex_t,age_aggregate_total,ocu_isco08_1,2021,22.349
ita,sex_t,age_aggregate_total,ocu_isco08_1,2022,17.39
ita,sex_t,age_aggregate_total,ocu_isco08_1,2023,16.544
ita,sex_t,age_aggregate_total,ocu_isco08_2,2011,36.649
ita,sex_t,age_aggregate_total,ocu_isco08_2,2012,30.69
ita,sex_t,age_aggregate_total,ocu_isco08_2,2013,34.039
ita,sex_t,age_aggregate_total,ocu_isco08_2,2014,28.542
ita,sex_t,age_aggregate_total,ocu_isco08_2,2015,40.042
ita,sex_t,age_aggregate_total,ocu_isco08_2,2016,18.308
ita,sex_t,age_aggregate_total,ocu_isco08_2,2017,21.424
ita,sex_t,age_aggregate_total,ocu_isco08_2,2018,42.167
ita,sex_t,age_aggregate_total,ocu_isco08_2,2019,84.246
ita,sex_t,age_aggregate_total,ocu_isco08_2,2020,71.261
ita,sex_t,age_aggregate_total,ocu_isco08_2,2021,49.423
ita,sex_t,age_aggregate_total,ocu_isco08_2,2022,50.009
ita,sex_t,age_aggregate_total,ocu_isco08_2,2023,47.476
ita,sex_t,age_aggregate_total,ocu_isco08_3,2011,53.72
ita,sex_t,age_aggregate_total,ocu_isco08_3,2012,31.32
ita,sex_t,age_aggregate_total,ocu_isco08_3,2013,32.823
ita,sex_t,age_aggregate_total,ocu_isco08_3,2014,19.348
ita,sex_t,age_aggregate_total,ocu_isco08_3,2015,28.83
ita,sex_t,age_aggregate_total,ocu_isco08_3,2016,37.196
ita,sex_t,age_aggregate_total,ocu_isco08_3,2017,16.02
ita,sex_t,age_aggregate_total,ocu_isco08_3,2018,55.172
ita,sex_t,age_aggregate_total,ocu_isco08_3,2019,43.393
ita,sex_t,age_aggregate_total,ocu_isco08_3,2020,76.83
ita,sex_t,age_aggregate_total,ocu_isco08_3,2021,69.051
ita,sex_t,age_aggregate_total,ocu_isco08_3,2022,57.184
ita,sex_t,age_aggregate_total,ocu_isco08_3,2023,34.966
ita,sex_t,age_aggregate_total,ocu_isco08_4,2011,35.317
ita,sex_t,age_aggregate_total,ocu_isco08_4,2012,18.097
ita,sex_t,age_aggregate_total,ocu_isco08_4,2013,14.943
ita,sex_t,age_aggregate_total,ocu_isco08_4,2014,13.939
ita,sex_t,age_aggregate_total,ocu_isco08_4,2015,25.72
ita,sex_t,age_aggregate_total,ocu_isco08_4,2016,23.472
ita,sex_t,age_aggregate_total,ocu_isco08_4,2017,20.314
ita,sex_t,age_aggregate_total,ocu_isco08_4,2018,27.253
ita,sex_t,age_aggregate_total,ocu_isco08_4,2019,44.16
ita,sex_t,age_aggregate_total,ocu_isco08_4,2020,22.517
ita,sex_t,age_aggregate_total,ocu_isco08_4,2021,29.858
ita,sex_t,age_aggregate_total,ocu_isco08_4,2022,16.007
ita,sex_t,age_aggregate_total,ocu_isco08_4,2023,12.444
ita,sex_t,age_aggregate_total,ocu_isco08_5,2011,440.246
ita,sex_t,age_aggregate_total,ocu_isco08_5,2012,499.837
ita,sex_t,age_aggregate_total,ocu_isco08_5,2013,640.161
ita,sex_t,age_aggregate_total,ocu_isco08_5,2014,617.29
ita,sex_t,age_aggregate_total,ocu_isco08_5,2015,696.177
ita,sex_t,age_aggregate_total,ocu_isco08_5,2016,599.155
ita,sex_t,age_aggregate_total,ocu_isco08_5,2017,532.902
ita,sex_t,age_aggregate_total,ocu_isco08_5,2018,555.459
ita,sex_t,age_aggregate_total,ocu_isco08_5,2019,574.195
ita,sex_t,age_aggregate_total,ocu_isco08_5,2020,471.689
ita,sex_t,age_aggregate_total,ocu_isco08_5,2021,488.841
ita,sex_t,age_aggregate_total,ocu_isco08_5,2022,456.611
ita,sex_t,age_aggregate_total,ocu_isco08_5,2023,503.394
ita,sex_t,age_aggregate_total,ocu_isco08_6,2011,16.572
ita,sex_t,age_aggregate_total,ocu_isco08_6,2012,16.994
ita,sex_t,age_aggregate_total,ocu_isco08_6,2013,14.771
ita,sex_t,age_aggregate_total,ocu_isco08_6,2014,22.596
ita,sex_t,age_aggregate_total,ocu_isco08_6,2015,8.472
ita,sex_t,age_aggregate_total,ocu_isco08_6,2016,46.686
ita,sex_t,age_aggregate_total,ocu_isco08_6,2017,4.58
ita,sex_t,age_aggregate_total,ocu_isco08_6,2018,16.763
ita,sex_t,age_aggregate_total,ocu_isco08_6,2019,22.254
ita,sex_t,age_aggregate_total,ocu_isco08_6,2021,20.461
ita,sex_t,age_aggregate_total,ocu_isco08_6,2022,11.327
ita,sex_t,age_aggregate_total,ocu_isco08_6,2023,5.844
ita,sex_t,age_aggregate_total,ocu_isco08_7,2011,62.277
ita,sex_t,age_aggregate_total,ocu_isco08_7,2012,34.983
ita,sex_t,age_aggregate_total,ocu_isco08_7,2013,16.303
ita,sex_t,age_aggregate_total,ocu_isco08_7,2014,21.179
ita,sex_t,age_aggregate_total,ocu_isco08_7,2015,21.158
ita,sex_t,age_aggregate_total,ocu_isco08_7,2016,38.131
ita,sex_t,age_aggregate_total,ocu_isco08_7,2017,40.166
ita,sex_t,age_aggregate_total,ocu_isco08_7,2018,57.129
ita,sex_t,age_aggregate_total,ocu_isco08_7,2019,66.145
ita,sex_t,age_aggregate_total,ocu_isco08_7,2020,34.966
ita,sex_t,age_aggregate_total,ocu_isco08_7,2021,62.094
ita,sex_t,age_aggregate_total,ocu_isco08_7,2022,35.646
ita,sex_t,age_aggregate_total,ocu_isco08_7,2023,42.693
ita,sex_t,age_aggregate_total,ocu_isco08_8,2011,14.116
ita,sex_t,age_aggregate_total,ocu_isco08_8,2012,7.146
ita,sex_t,age_aggregate_total,ocu_isco08_8,2013,9.834
ita,sex_t,age_aggregate_total,ocu_isco08_8,2015,5.915
ita,sex_t,age_aggregate_total,ocu_isco08_8,2016,5.179
ita,sex_t,age_aggregate_total,ocu_isco08_8,2017,18.805
ita,sex_t,age_aggregate_total,ocu_isco08_8,2018,8.823
ita,sex_t,age_aggregate_total,ocu_isco08_8,2019,22.878
ita,sex_t,age_aggregate_total,ocu_isco08_8,2020,14.202
ita,sex_t,age_aggregate_total,ocu_isco08_8,2021,28.345
ita,sex_t,age_aggregate_total,ocu_isco08_8,2022,19.131
ita,sex_t,age_aggregate_total,ocu_isco08_8,2023,8.04
ita,sex_t,age_aggregate_total,ocu_isco08_9,2011,308.788
ita,sex_t,age_aggregate_total,ocu_isco08_9,2012,424.162
ita,sex_t,age_aggregate_total,ocu_isco08_9,2013,437.849
ita,sex_t,age_aggregate_total,ocu_isco08_9,2014,458.409
ita,sex_t,age_aggregate_total,ocu_isco08_9,2015,439.887
ita,sex_t,age_aggregate_total,ocu_isco08_9,2016,433.815
ita,sex_t,age_aggregate_total,ocu_isco08_9,2017,362.177
ita,sex_t,age_aggregate_total,ocu_isco08_9,2018,610.473
ita,sex_t,age_aggregate_total,ocu_isco08_9,2019,592.176
ita,sex_t,age_aggregate_total,ocu_isco08_9,2020,455.205
ita,sex_t,age_aggregate_total,ocu_isco08_9,2021,532.115
ita,sex_t,age_aggregate_total,ocu_isco08_9,2022,469.602
ita,sex_t,age_aggregate_total,ocu_isco08_9,2023,474.44
ita,sex_t,age_aggregate_total,ocu_isco08_total,2011,997.631
ita,sex_t,age_aggregate_total,ocu_isco08_total,2012,1085.483
ita,sex_t,age_aggregate_total,ocu_isco08_total,2013,1213.256
ita,sex_t,age_aggregate_total,ocu_isco08_total,2014,1199.612
ita,sex_t,age_aggregate_total,ocu_isco08_total,2015,1279.241
ita,sex_t,age_aggregate_total,ocu_isco08_total,2016,1225.052
ita,sex_t,age_aggregate_total,ocu_isco08_total,2017,1027.981
ita,sex_t,age_aggregate_total,ocu_isco08_total,2018,1379.653
ita,sex_t,age_aggregate_total,ocu_isco08_total,2019,1464.717
ita,sex_t,age_aggregate_total,ocu_isco08_total,2020,1157.363
ita,sex_t,age_aggregate_total,ocu_isco08_total,2021,1302.537
ita,sex_t,age_aggregate_total,ocu_isco08_total,2022,1132.907
ita,sex_t,age_aggregate_total,ocu_isco08_total,2023,1145.841
ita,sex_t,age_aggregate_total,ocu_isco88_1,2007,53.506
ita,sex_t,age_aggregate_total,ocu_isco88_1,2008,74.172
ita,sex_t,age_aggregate_total,ocu_isco88_1,2009,68.978
ita,sex_t,age_aggregate_total,ocu_isco88_1,2010,53.86
ita,sex_t,age_aggregate_total,ocu_isco88_2,2007,38.13
ita,sex_t,age_aggregate_total,ocu_isco88_2,2008,39.232
ita,sex_t,age_aggregate_total,ocu_isco88_2,2009,29.923
ita,sex_t,age_aggregate_total,ocu_isco88_2,2010,34.438
ita,sex_t,age_aggregate_total,ocu_isco88_3,2007,58.624
ita,sex_t,age_aggregate_total,ocu_isco88_3,2008,64.913
ita,sex_t,age_aggregate_total,ocu_isco88_3,2009,47.203
ita,sex_t,age_aggregate_total,ocu_isco88_3,2010,31.641
ita,sex_t,age_aggregate_total,ocu_isco88_4,2007,27.184
ita,sex_t,age_aggregate_total,ocu_isco88_4,2008,32.124
ita,sex_t,age_aggregate_total,ocu_isco88_4,2009,17.714
ita,sex_t,age_aggregate_total,ocu_isco88_4,2010,16.405
ita,sex_t,age_aggregate_total,ocu_isco88_5,2007,60.448
ita,sex_t,age_aggregate_total,ocu_isco88_5,2008,73.911
ita,sex_t,age_aggregate_total,ocu_isco88_5,2009,51.54
ita,sex_t,age_aggregate_total,ocu_isco88_5,2010,69.89
ita,sex_t,age_aggregate_total,ocu_isco88_6,2007,29.864
ita,sex_t,age_aggregate_total,ocu_isco88_6,2008,62.054
ita,sex_t,age_aggregate_total,ocu_isco88_6,2009,55.222
ita,sex_t,age_aggregate_total,ocu_isco88_6,2010,42.244
ita,sex_t,age_aggregate_total,ocu_isco88_7,2007,70.009
ita,sex_t,age_aggregate_total,ocu_isco88_7,2008,50.2
ita,sex_t,age_aggregate_total,ocu_isco88_7,2009,37.995
ita,sex_t,age_aggregate_total,ocu_isco88_7,2010,73.521
ita,sex_t,age_aggregate_total,ocu_isco88_8,2007,20.744
ita,sex_t,age_aggregate_total,ocu_isco88_8,2008,11.987
ita,sex_t,age_aggregate_total,ocu_isco88_8,2009,9.112
ita,sex_t,age_aggregate_total,ocu_isco88_8,2010,17.292
ita,sex_t,age_aggregate_total,ocu_isco88_9,2007,46.193
ita,sex_t,age_aggregate_total,ocu_isco88_9,2008,46.193
ita,sex_t,age_aggregate_total,ocu_isco88_9,2009,44.193
ita,sex_t,age_aggregate_total,ocu_isco88_9,2010,55.198
ita,sex_t,age_aggregate_total,ocu_isco88_total,2007,404.701
ita,sex_t,age_aggregate_total,ocu_isco88_total,2008,454.786
ita,sex_t,age_aggregate_total,ocu_isco88_total,2009,361.879
ita,sex_t,age_aggregate_total,ocu_isco88_total,2010,394.489
ita,sex_t,age_aggregate_total,ocu_skill_l1,2007,46.193
ita,sex_t,age_aggregate_total,ocu_skill_l1,2008,46.193
ita,sex_t,age_aggregate_total,ocu_skill_l1,2009,44.193
ita,sex_t,age_aggregate_total,ocu_skill_l1,2010,55.198
ita,sex_t,age_aggregate_total,ocu_skill_l1,2011,308.788
ita,sex_t,age_aggregate_total,ocu_skill_l1,2012,424.162
ita,sex_t,age_aggregate_total,ocu_skill_l1,2013,437.849
ita,sex_t,age_aggregate_total,ocu_skill_l1,2014,458.409
ita,sex_t,age_aggregate_total,ocu_skill_l1,2015,439.887
ita,sex_t,age_aggregate_total,ocu_skill_l1,2016,433.815
ita,sex_t,age_aggregate_total,ocu_skill_l1,2017,362.177
ita,sex_t,age_aggregate_total,ocu_skill_l1,2018,610.473
ita,sex_t,age_aggregate_total,ocu_skill_l1,2019,592.176
ita,sex_t,age_aggregate_total,ocu_skill_l1,2020,455.205
ita,sex_t,age_aggregate_total,ocu_skill_l1,2021,532.115
ita,sex_t,age_aggregate_total,ocu_skill_l1,2022,469.602
ita,sex_t,age_aggregate_total,ocu_skill_l1,2023,474.44
ita,sex_t,age_aggregate_total,ocu_skill_l2,2007,208.249
ita,sex_t,age_aggregate_total,ocu_skill_l2,2008,230.276
ita,sex_t,age_aggregate_total,ocu_skill_l2,2009,171.583
ita,sex_t,age_aggregate_total,ocu_skill_l2,2010,219.353
ita,sex_t,age_aggregate_total,ocu_skill_l2,2011,568.527
ita,sex_t,age_aggregate_total,ocu_skill_l2,2012,577.057
ita,sex_t,age_aggregate_total,ocu_skill_l2,2013,696.011
ita,sex_t,age_aggregate_total,ocu_skill_l2,2014,680.977
ita,sex_t,age_aggregate_total,ocu_skill_l2,2015,757.442
ita,sex_t,age_aggregate_total,ocu_skill_l2,2016,712.624
ita,sex_t,age_aggregate_total,ocu_skill_l2,2017,616.767
ita,sex_t,age_aggregate_total,ocu_skill_l2,2018,665.427
ita,sex_t,age_aggregate_total,ocu_skill_l2,2019,729.631
ita,sex_t,age_aggregate_total,ocu_skill_l2,2020,550.971
ita,sex_t,age_aggregate_total,ocu_skill_l2,2021,629.599
ita,sex_t,age_aggregate_total,ocu_skill_l2,2022,538.722
ita,sex_t,age_aggregate_total,ocu_skill_l2,2023,572.415
ita,sex_t,age_aggregate_total,ocu_skill_l3_4,2007,150.259
ita,sex_t,age_aggregate_total,ocu_skill_l3_4,2008,178.317
ita,sex_t,age_aggregate_total,ocu_skill_l3_4,2009,146.104
ita,sex_t,age_aggregate_total,ocu_skill_l3_4,2010,119.938
ita,sex_t,age_aggregate_total,ocu_skill_l3_4,2011,120.316
ita,sex_t,age_aggregate_total,ocu_skill_l3_4,2012,84.264
ita,sex_t,age_aggregate_total,ocu_skill_l3_4,2013,79.396
ita,sex_t,age_aggregate_total,ocu_skill_l3_4,2014,60.226
ita,sex_t,age_aggregate_total,ocu_skill_l3_4,2015,81.911
ita,sex_t,age_aggregate_total,ocu_skill_l3_4,2016,78.614
ita,sex_t,age_aggregate_total,ocu_skill_l3_4,2017,49.036
ita,sex_t,age_aggregate_total,ocu_skill_l3_4,2018,103.753
ita,sex_t,age_aggregate_total,ocu_skill_l3_4,2019,142.91
ita,sex_t,age_aggregate_total,ocu_skill_l3_4,2020,151.187
ita,sex_t,age_aggregate_total,ocu_skill_l3_4,2021,140.823
ita,sex_t,age_aggregate_total,ocu_skill_l3_4,2022,124.583
ita,sex_t,age_aggregate_total,ocu_skill_l3_4,2023,98.986
ita,sex_t,age_aggregate_total,ocu_skill_total,2007,404.701
ita,sex_t,age_aggregate_total,ocu_skill_total,2008,454.786
ita,sex_t,age_aggregate_total,ocu_skill_total,2009,361.879
ita,sex_t,age_aggregate_total,ocu_skill_total,2010,394.489
ita,sex_t,age_aggregate_total,ocu_skill_total,2011,997.631
ita,sex_t,age_aggregate_total,ocu_skill_total,2012,1085.483
ita,sex_t,age_aggregate_total,ocu_skill_total,2013,1213.256
ita,sex_t,age_aggregate_total,ocu_skill_total,2014,1199.612
ita,sex_t,age_aggregate_total,ocu_skill_total,2015,1279.241
ita,sex_t,age_aggregate_total,ocu_skill_total,2016,1225.052
ita,sex_t,age_aggregate_total,ocu_skill_total,2017,1027.981
ita,sex_t,age_aggregate_total,ocu_skill_total,2018,1379.653
ita,sex_t,age_aggregate_total,ocu_skill_total,2019,1464.717
ita,sex_t,age_aggregate_total,ocu_skill_total,2020,1157.363
ita,sex_t,age_aggregate_total,ocu_skill_total,2021,1302.537
ita,sex_t,age_aggregate_total,ocu_skill_total,2022,1132.907
ita,sex_t,age_aggregate_total,ocu_skill_total,2023,1145.841
ita,sex_t,age_aggregate_y15_24,ocu_isco08_2,2011,9.505
ita,sex_t,age_aggregate_y15_24,ocu_isco08_2,2012,5.635
ita,sex_t,age_aggregate_y15_24,ocu_isco08_2,2013,7.669
ita,sex_t,age_aggregate_y15_24,ocu_isco08_2,2015,8.115
ita,sex_t,age_aggregate_y15_24,ocu_isco08_2,2018,4.172
ita,sex_t,age_aggregate_y15_24,ocu_isco08_2,2019,17.392
ita,sex_t,age_aggregate_y15_24,ocu_isco08_2,2020,24.456
ita,sex_t,age_aggregate_y15_24,ocu_isco08_2,2021,19.319
ita,sex_t,age_aggregate_y15_24,ocu_isco08_2,2022,15.938
ita,sex_t,age_aggregate_y15_24,ocu_isco08_3,2011,10.043
ita,sex_t,age_aggregate_y15_24,ocu_isco08_3,2012,9.509
ita,sex_t,age_aggregate_y15_24,ocu_isco08_3,2013,13.961
ita,sex_t,age_aggregate_y15_24,ocu_isco08_3,2015,12.763
ita,sex_t,age_aggregate_y15_24,ocu_isco08_3,2016,9.166
ita,sex_t,age_aggregate_y15_24,ocu_isco08_3,2018,5.52
ita,sex_t,age_aggregate_y15_24,ocu_isco08_3,2019,11.836
ita,sex_t,age_aggregate_y15_24,ocu_isco08_3,2020,35.784
ita,sex_t,age_aggregate_y15_24,ocu_isco08_3,2021,23.271
ita,sex_t,age_aggregate_y15_24,ocu_isco08_3,2022,22.055
ita,sex_t,age_aggregate_y15_24,ocu_isco08_3,2023,8.705
ita,sex_t,age_aggregate_y15_24,ocu_isco08_4,2011,13.177
ita,sex_t,age_aggregate_y15_24,ocu_isco08_4,2012,8.689
ita,sex_t,age_aggregate_y15_24,ocu_isco08_4,2013,9.28
ita,sex_t,age_aggregate_y15_24,ocu_isco08_4,2014,5.813
ita,sex_t,age_aggregate_y15_24,ocu_isco08_4,2015,11.845
ita,sex_t,age_aggregate_y15_24,ocu_isco08_4,2016,11.463
ita,sex_t,age_aggregate_y15_24,ocu_isco08_4,2017,3.848
ita,sex_t,age_aggregate_y15_24,ocu_isco08_4,2018,11.812
ita,sex_t,age_aggregate_y15_24,ocu_isco08_4,2019,12.337
ita,sex_t,age_aggregate_y15_24,ocu_isco08_4,2021,13.948
ita,sex_t,age_aggregate_y15_24,ocu_isco08_5,2011,66.191
ita,sex_t,age_aggregate_y15_24,ocu_isco08_5,2012,64.79
ita,sex_t,age_aggregate_y15_24,ocu_isco08_5,2013,70.163
ita,sex_t,age_aggregate_y15_24,ocu_isco08_5,2014,70.22
ita,sex_t,age_aggregate_y15_24,ocu_isco08_5,2015,69.66
ita,sex_t,age_aggregate_y15_24,ocu_isco08_5,2016,65.686
ita,sex_t,age_aggregate_y15_24,ocu_isco08_5,2017,38.065
ita,sex_t,age_aggregate_y15_24,ocu_isco08_5,2018,37.483
ita,sex_t,age_aggregate_y15_24,ocu_isco08_5,2019,77.9
ita,sex_t,age_aggregate_y15_24,ocu_isco08_5,2020,56.356
ita,sex_t,age_aggregate_y15_24,ocu_isco08_5,2021,71.411
ita,sex_t,age_aggregate_y15_24,ocu_isco08_5,2022,28.353
ita,sex_t,age_aggregate_y15_24,ocu_isco08_5,2023,33.561
ita,sex_t,age_aggregate_y15_24,ocu_isco08_7,2011,13.69
ita,sex_t,age_aggregate_y15_24,ocu_isco08_7,2015,8.848
ita,sex_t,age_aggregate_y15_24,ocu_isco08_7,2016,12.036
ita,sex_t,age_aggregate_y15_24,ocu_isco08_7,2017,10.196
ita,sex_t,age_aggregate_y15_24,ocu_isco08_7,2018,8.229
ita,sex_t,age_aggregate_y15_24,ocu_isco08_7,2019,16.438
ita,sex_t,age_aggregate_y15_24,ocu_isco08_7,2020,13.302
ita,sex_t,age_aggregate_y15_24,ocu_isco08_7,2021,12.174
ita,sex_t,age_aggregate_y15_24,ocu_isco08_7,2022,5.531
ita,sex_t,age_aggregate_y15_24,ocu_isco08_7,2023,3.793
ita,sex_t,age_aggregate_y15_24,ocu_isco08_9,2011,19.122
ita,sex_t,age_aggregate_y15_24,ocu_isco08_9,2012,11.848
ita,sex_t,age_aggregate_y15_24,ocu_isco08_9,2013,22.404
ita,sex_t,age_aggregate_y15_24,ocu_isco08_9,2015,13.181
ita,sex_t,age_aggregate_y15_24,ocu_isco08_9,2016,8.357
ita,sex_t,age_aggregate_y15_24,ocu_isco08_9,2018,28.937
ita,sex_t,age_aggregate_y15_24,ocu_isco08_9,2019,20.133
ita,sex_t,age_aggregate_y15_24,ocu_isco08_9,2022,21.367
ita,sex_t,age_aggregate_y15_24,ocu_isco08_total,2011,143.361
ita,sex_t,age_aggregate_y15_24,ocu_isco08_total,2012,107.576
ita,sex_t,age_aggregate_y15_24,ocu_isco08_total,2013,130.723
ita,sex_t,age_aggregate_y15_24,ocu_isco08_total,2014,94.696
ita,sex_t,age_aggregate_y15_24,ocu_isco08_total,2015,126.973
ita,sex_t,age_aggregate_y15_24,ocu_isco08_total,2016,113.545
ita,sex_t,age_aggregate_y15_24,ocu_isco08_total,2017,60.684
ita,sex_t,age_aggregate_y15_24,ocu_isco08_total,2018,100.242
ita,sex_t,age_aggregate_y15_24,ocu_isco08_total,2019,163.194
ita,sex_t,age_aggregate_y15_24,ocu_isco08_total,2020,150.762
ita,sex_t,age_aggregate_y15_24,ocu_isco08_total,2021,160.768
ita,sex_t,age_aggregate_y15_24,ocu_isco08_total,2022,95.366
ita,sex_t,age_aggregate_y15_24,ocu_isco08_total,2023,49.756
ita,sex_t,age_aggregate_y15_24,ocu_isco88_1,2007,4.991
ita,sex_t,age_aggregate_y15_24,ocu_isco88_1,2009,5.178
ita,sex_t,age_aggregate_y15_24,ocu_isco88_2,2007,8.342
ita,sex_t,age_aggregate_y15_24,ocu_isco88_2,2008,5.164
ita,sex_t,age_aggregate_y15_24,ocu_isco88_2,2010,4.199
ita,sex_t,age_aggregate_y15_24,ocu_isco88_3,2007,16.566
ita,sex_t,age_aggregate_y15_24,ocu_isco88_3,2008,22.421
ita,sex_t,age_aggregate_y15_24,ocu_isco88_3,2009,17.651
ita,sex_t,age_aggregate_y15_24,ocu_isco88_3,2010,9.469
ita,sex_t,age_aggregate_y15_24,ocu_isco88_4,2007,13.78
ita,sex_t,age_aggregate_y15_24,ocu_isco88_4,2008,17.412
ita,sex_t,age_aggregate_y15_24,ocu_isco88_4,2009,6.765
ita,sex_t,age_aggregate_y15_24,ocu_isco88_4,2010,8.031
ita,sex_t,age_aggregate_y15_24,ocu_isco88_5,2007,26.039
ita,sex_t,age_aggregate_y15_24,ocu_isco88_5,2008,24.407
ita,sex_t,age_aggregate_y15_24,ocu_isco88_5,2009,14.213
ita,sex_t,age_aggregate_y15_24,ocu_isco88_5,2010,15.863
ita,sex_t,age_aggregate_y15_24,ocu_isco88_7,2007,15.239
ita,sex_t,age_aggregate_y15_24,ocu_isco88_7,2008,11.958
ita,sex_t,age_aggregate_y15_24,ocu_isco88_7,2009,5.82
ita,sex_t,age_aggregate_y15_24,ocu_isco88_7,2010,8.912
ita,sex_t,age_aggregate_y15_24,ocu_isco88_8,2007,7.859
ita,sex_t,age_aggregate_y15_24,ocu_isco88_9,2007,12.228
ita,sex_t,age_aggregate_y15_24,ocu_isco88_9,2008,9.599
ita,sex_t,age_aggregate_y15_24,ocu_isco88_9,2009,10.032
ita,sex_t,age_aggregate_y15_24,ocu_isco88_9,2010,15.376
ita,sex_t,age_aggregate_y15_24,ocu_isco88_total,2007,106.952
ita,sex_t,age_aggregate_y15_24,ocu_isco88_total,2008,105.658
ita,sex_t,age_aggregate_y15_24,ocu_isco88_total,2009,70.013
ita,sex_t,age_aggregate_y15_24,ocu_isco88_total,2010,70.171
ita,sex_t,age_aggregate_y15_24,ocu_skill_l1,2007,12.228
ita,sex_t,age_aggregate_y15_24,ocu_skill_l1,2008,9.599
ita,sex_t,age_aggregate_y15_24,ocu_skill_l1,2009,10.032
ita,sex_t,age_aggregate_y15_24,ocu_skill_l1,2010,15.376
ita,sex_t,age_aggregate_y15_24,ocu_skill_l1,2011,19.122
ita,sex_t,age_aggregate_y15_24,ocu_skill_l1,2012,11.848
ita,sex_t,age_aggregate_y15_24,ocu_skill_l1,2013,22.404
ita,sex_t,age_aggregate_y15_24,ocu_skill_l1,2015,13.181
ita,sex_t,age_aggregate_y15_24,ocu_skill_l1,2016,8.357
ita,sex_t,age_aggregate_y15_24,ocu_skill_l1,2018,28.937
ita,sex_t,age_aggregate_y15_24,ocu_skill_l1,2019,20.133
ita,sex_t,age_aggregate_y15_24,ocu_skill_l1,2022,21.367
ita,sex_t,age_aggregate_y15_24,ocu_skill_l2,2007,64.825
ita,sex_t,age_aggregate_y15_24,ocu_skill_l2,2008,64.865
ita,sex_t,age_aggregate_y15_24,ocu_skill_l2,2009,32.814
ita,sex_t,age_aggregate_y15_24,ocu_skill_l2,2010,38.159
ita,sex_t,age_aggregate_y15_24,ocu_skill_l2,2011,96.838
ita,sex_t,age_aggregate_y15_24,ocu_skill_l2,2012,78.613
ita,sex_t,age_aggregate_y15_24,ocu_skill_l2,2013,86.688
ita,sex_t,age_aggregate_y15_24,ocu_skill_l2,2014,82.468
ita,sex_t,age_aggregate_y15_24,ocu_skill_l2,2015,91.819
ita,sex_t,age_aggregate_y15_24,ocu_skill_l2,2016,95.303
ita,sex_t,age_aggregate_y15_24,ocu_skill_l2,2017,55.308
ita,sex_t,age_aggregate_y15_24,ocu_skill_l2,2018,61.614
ita,sex_t,age_aggregate_y15_24,ocu_skill_l2,2019,113.832
ita,sex_t,age_aggregate_y15_24,ocu_skill_l2,2020,73.554
ita,sex_t,age_aggregate_y15_24,ocu_skill_l2,2021,102.028
ita,sex_t,age_aggregate_y15_24,ocu_skill_l2,2022,36.006
ita,sex_t,age_aggregate_y15_24,ocu_skill_l2,2023,37.699
ita,sex_t,age_aggregate_y15_24,ocu_skill_l3_4,2007,29.899
ita,sex_t,age_aggregate_y15_24,ocu_skill_l3_4,2008,31.194
ita,sex_t,age_aggregate_y15_24,ocu_skill_l3_4,2009,27.166
ita,sex_t,age_aggregate_y15_24,ocu_skill_l3_4,2010,16.637
ita,sex_t,age_aggregate_y15_24,ocu_skill_l3_4,2011,27.401
ita,sex_t,age_aggregate_y15_24,ocu_skill_l3_4,2012,17.114
ita,sex_t,age_aggregate_y15_24,ocu_skill_l3_4,2013,21.63
ita,sex_t,age_aggregate_y15_24,ocu_skill_l3_4,2014,7.949
ita,sex_t,age_aggregate_y15_24,ocu_skill_l3_4,2015,21.974
ita,sex_t,age_aggregate_y15_24,ocu_skill_l3_4,2016,9.885
ita,sex_t,age_aggregate_y15_24,ocu_skill_l3_4,2018,9.691
ita,sex_t,age_aggregate_y15_24,ocu_skill_l3_4,2019,29.228
ita,sex_t,age_aggregate_y15_24,ocu_skill_l3_4,2020,60.803
ita,sex_t,age_aggregate_y15_24,ocu_skill_l3_4,2021,42.59
ita,sex_t,age_aggregate_y15_24,ocu_skill_l3_4,2022,37.993
ita,sex_t,age_aggregate_y15_24,ocu_skill_l3_4,2023,10.329
ita,sex_t,age_aggregate_y15_24,ocu_skill_total,2007,106.952
ita,sex_t,age_aggregate_y15_24,ocu_skill_total,2008,105.658
ita,sex_t,age_aggregate_y15_24,ocu_skill_total,2009,70.013
ita,sex_t,age_aggregate_y15_24,ocu_skill_total,2010,70.171
ita,sex_t,age_aggregate_y15_24,ocu_skill_total,2011,143.361
ita,sex_t,age_aggregate_y15_24,ocu_skill_total,2012,107.576
ita,sex_t,age_aggregate_y15_24,ocu_skill_total,2013,130.723
ita,sex_t,age_aggregate_y15_24,ocu_skill_total,2014,94.696
ita,sex_t,age_aggregate_y15_24,ocu_skill_total,2015,126.973
ita,sex_t,age_aggregate_y15_24,ocu_skill_total,2016,113.545
ita,sex_t,age_aggregate_y15_24,ocu_skill_total,2017,60.684
ita,sex_t,age_aggregate_y15_24,ocu_skill_total,2018,100.242
ita,sex_t,age_aggregate_y15_24,ocu_skill_total,2019,163.194
ita,sex_t,age_aggregate_y15_24,ocu_skill_total,2020,150.762
ita,sex_t,age_aggregate_y15_24,ocu_skill_total,2021,160.768
ita,sex_t,age_aggregate_y15_24,ocu_skill_total,2022,95.366
ita,sex_t,age_aggregate_y15_24,ocu_skill_total,2023,49.756
ita,sex_t,age_aggregate_y25_54,ocu_isco08_1,2011,13.374
ita,sex_t,age_aggregate_y25_54,ocu_isco08_1,2012,13.271
ita,sex_t,age_aggregate_y25_54,ocu_isco08_1,2013,9.767
ita,sex_t,age_aggregate_y25_54,ocu_isco08_1,2014,11.593
ita,sex_t,age_aggregate_y25_54,ocu_isco08_1,2015,9.79
ita,sex_t,age_aggregate_y25_54,ocu_isco08_1,2016,13.145
ita,sex_t,age_aggregate_y25_54,ocu_isco08_1,2019,11.918
ita,sex_t,age_aggregate_y25_54,ocu_isco08_1,2021,13.143
ita,sex_t,age_aggregate_y25_54,ocu_isco08_1,2022,15.63
ita,sex_t,age_aggregate_y25_54,ocu_isco08_1,2023,8.695
ita,sex_t,age_aggregate_y25_54,ocu_isco08_2,2011,24.063
ita,sex_t,age_aggregate_y25_54,ocu_isco08_2,2012,22.769
ita,sex_t,age_aggregate_y25_54,ocu_isco08_2,2013,21.895
ita,sex_t,age_aggregate_y25_54,ocu_isco08_2,2014,23.467
ita,sex_t,age_aggregate_y25_54,ocu_isco08_2,2015,29.495
ita,sex_t,age_aggregate_y25_54,ocu_isco08_2,2016,15.538
ita,sex_t,age_aggregate_y25_54,ocu_isco08_2,2017,21.424
ita,sex_t,age_aggregate_y25_54,ocu_isco08_2,2018,33.177
ita,sex_t,age_aggregate_y25_54,ocu_isco08_2,2019,60.882
ita,sex_t,age_aggregate_y25_54,ocu_isco08_2,2020,44.309
ita,sex_t,age_aggregate_y25_54,ocu_isco08_2,2021,28.717
ita,sex_t,age_aggregate_y25_54,ocu_isco08_2,2022,33.572
ita,sex_t,age_aggregate_y25_54,ocu_isco08_2,2023,41.938
ita,sex_t,age_aggregate_y25_54,ocu_isco08_3,2011,41.858
ita,sex_t,age_aggregate_y25_54,ocu_isco08_3,2012,18.18
ita,sex_t,age_aggregate_y25_54,ocu_isco08_3,2013,17.864
ita,sex_t,age_aggregate_y25_54,ocu_isco08_3,2014,13.001
ita,sex_t,age_aggregate_y25_54,ocu_isco08_3,2015,16.066
ita,sex_t,age_aggregate_y25_54,ocu_isco08_3,2016,19.733
ita,sex_t,age_aggregate_y25_54,ocu_isco08_3,2017,14.164
ita,sex_t,age_aggregate_y25_54,ocu_isco08_3,2018,44.697
ita,sex_t,age_aggregate_y25_54,ocu_isco08_3,2019,24.759
ita,sex_t,age_aggregate_y25_54,ocu_isco08_3,2020,40.081
ita,sex_t,age_aggregate_y25_54,ocu_isco08_3,2021,38.519
ita,sex_t,age_aggregate_y25_54,ocu_isco08_3,2022,27.931
ita,sex_t,age_aggregate_y25_54,ocu_isco08_3,2023,24.98
ita,sex_t,age_aggregate_y25_54,ocu_isco08_4,2011,21.066
ita,sex_t,age_aggregate_y25_54,ocu_isco08_4,2012,8.404
ita,sex_t,age_aggregate_y25_54,ocu_isco08_4,2013,5.663
ita,sex_t,age_aggregate_y25_54,ocu_isco08_4,2014,8.126
ita,sex_t,age_aggregate_y25_54,ocu_isco08_4,2015,10.977
ita,sex_t,age_aggregate_y25_54,ocu_isco08_4,2016,9.484
ita,sex_t,age_aggregate_y25_54,ocu_isco08_4,2017,14.096
ita,sex_t,age_aggregate_y25_54,ocu_isco08_4,2018,15.026
ita,sex_t,age_aggregate_y25_54,ocu_isco08_4,2019,30
ita,sex_t,age_aggregate_y25_54,ocu_isco08_4,2020,20.51
ita,sex_t,age_aggregate_y25_54,ocu_isco08_4,2021,15.911
ita,sex_t,age_aggregate_y25_54,ocu_isco08_4,2022,15.082
ita,sex_t,age_aggregate_y25_54,ocu_isco08_4,2023,9.456
ita,sex_t,age_aggregate_y25_54,ocu_isco08_5,2011,309.303
ita,sex_t,age_aggregate_y25_54,ocu_isco08_5,2012,374.18
ita,sex_t,age_aggregate_y25_54,ocu_isco08_5,2013,457.164
ita,sex_t,age_aggregate_y25_54,ocu_isco08_5,2014,424.13
ita,sex_t,age_aggregate_y25_54,ocu_isco08_5,2015,488.142
ita,sex_t,age_aggregate_y25_54,ocu_isco08_5,2016,429.006
ita,sex_t,age_aggregate_y25_54,ocu_isco08_5,2017,385.575
ita,sex_t,age_aggregate_y25_54,ocu_isco08_5,2018,404.955
ita,sex_t,age_aggregate_y25_54,ocu_isco08_5,2019,399.361
ita,sex_t,age_aggregate_y25_54,ocu_isco08_5,2020,319.964
ita,sex_t,age_aggregate_y25_54,ocu_isco08_5,2021,334.062
ita,sex_t,age_aggregate_y25_54,ocu_isco08_5,2022,321.387
ita,sex_t,age_aggregate_y25_54,ocu_isco08_5,2023,367.184
ita,sex_t,age_aggregate_y25_54,ocu_isco08_6,2011,9.366
ita,sex_t,age_aggregate_y25_54,ocu_isco08_6,2012,7.425
ita,sex_t,age_aggregate_y25_54,ocu_isco08_6,2014,13.514
ita,sex_t,age_aggregate_y25_54,ocu_isco08_6,2016,34.733
ita,sex_t,age_aggregate_y25_54,ocu_isco08_6,2018,9.541
ita,sex_t,age_aggregate_y25_54,ocu_isco08_6,2019,15.319
ita,sex_t,age_aggregate_y25_54,ocu_isco08_6,2021,18.542
ita,sex_t,age_aggregate_y25_54,ocu_isco08_6,2022,10.254
ita,sex_t,age_aggregate_y25_54,ocu_isco08_6,2023,3.57
ita,sex_t,age_aggregate_y25_54,ocu_isco08_7,2011,45.546
ita,sex_t,age_aggregate_y25_54,ocu_isco08_7,2012,20.381
ita,sex_t,age_aggregate_y25_54,ocu_isco08_7,2013,8.679
ita,sex_t,age_aggregate_y25_54,ocu_isco08_7,2014,12.123
ita,sex_t,age_aggregate_y25_54,ocu_isco08_7,2015,7.808
ita,sex_t,age_aggregate_y25_54,ocu_isco08_7,2016,16.766
ita,sex_t,age_aggregate_y25_54,ocu_isco08_7,2017,24.621
ita,sex_t,age_aggregate_y25_54,ocu_isco08_7,2018,35.05
ita,sex_t,age_aggregate_y25_54,ocu_isco08_7,2019,41.323
ita,sex_t,age_aggregate_y25_54,ocu_isco08_7,2020,12.65
ita,sex_t,age_aggregate_y25_54,ocu_isco08_7,2021,40.055
ita,sex_t,age_aggregate_y25_54,ocu_isco08_7,2022,20.407
ita,sex_t,age_aggregate_y25_54,ocu_isco08_7,2023,16.742
ita,sex_t,age_aggregate_y25_54,ocu_isco08_8,2011,9.519
ita,sex_t,age_aggregate_y25_54,ocu_isco08_8,2013,4.947
ita,sex_t,age_aggregate_y25_54,ocu_isco08_8,2017,14.686
ita,sex_t,age_aggregate_y25_54,ocu_isco08_8,2019,17.283
ita,sex_t,age_aggregate_y25_54,ocu_isco08_8,2021,17.629
ita,sex_t,age_aggregate_y25_54,ocu_isco08_9,2011,261.248
ita,sex_t,age_aggregate_y25_54,ocu_isco08_9,2012,343.601
ita,sex_t,age_aggregate_y25_54,ocu_isco08_9,2013,343.048
ita,sex_t,age_aggregate_y25_54,ocu_isco08_9,2014,382.443
ita,sex_t,age_aggregate_y25_54,ocu_isco08_9,2015,353.021
ita,sex_t,age_aggregate_y25_54,ocu_isco08_9,2016,343.319
ita,sex_t,age_aggregate_y25_54,ocu_isco08_9,2017,289.123
ita,sex_t,age_aggregate_y25_54,ocu_isco08_9,2018,442.437
ita,sex_t,age_aggregate_y25_54,ocu_isco08_9,2019,422.629
ita,sex_t,age_aggregate_y25_54,ocu_isco08_9,2020,344.221
ita,sex_t,age_aggregate_y25_54,ocu_isco08_9,2021,374.555
ita,sex_t,age_aggregate_y25_54,ocu_isco08_9,2022,319.409
ita,sex_t,age_aggregate_y25_54,ocu_isco08_9,2023,323.789
ita,sex_t,age_aggregate_y25_54,ocu_isco08_total,2011,735.344
ita,sex_t,age_aggregate_y25_54,ocu_isco08_total,2012,811.822
ita,sex_t,age_aggregate_y25_54,ocu_isco08_total,2013,876.747
ita,sex_t,age_aggregate_y25_54,ocu_isco08_total,2014,893.584
ita,sex_t,age_aggregate_y25_54,ocu_isco08_total,2015,923.389
ita,sex_t,age_aggregate_y25_54,ocu_isco08_total,2016,883.606
ita,sex_t,age_aggregate_y25_54,ocu_isco08_total,2017,771.844
ita,sex_t,age_aggregate_y25_54,ocu_isco08_total,2018,993.084
ita,sex_t,age_aggregate_y25_54,ocu_isco08_total,2019,1023.474
ita,sex_t,age_aggregate_y25_54,ocu_isco08_total,2020,795.131
ita,sex_t,age_aggregate_y25_54,ocu_isco08_total,2021,881.134
ita,sex_t,age_aggregate_y25_54,ocu_isco08_total,2022,775.294
ita,sex_t,age_aggregate_y25_54,ocu_isco08_total,2023,804.379
ita,sex_t,age_aggregate_y25_54,ocu_isco88_1,2007,37.849
ita,sex_t,age_aggregate_y25_54,ocu_isco88_1,2008,52.536
ita,sex_t,age_aggregate_y25_54,ocu_isco88_1,2009,48.129
ita,sex_t,age_aggregate_y25_54,ocu_isco88_1,2010,43.519
ita,sex_t,age_aggregate_y25_54,ocu_isco88_2,2007,29.788
ita,sex_t,age_aggregate_y25_54,ocu_isco88_2,2008,30.545
ita,sex_t,age_aggregate_y25_54,ocu_isco88_2,2009,25.586
ita,sex_t,age_aggregate_y25_54,ocu_isco88_2,2010,23.864
ita,sex_t,age_aggregate_y25_54,ocu_isco88_3,2007,42.058
ita,sex_t,age_aggregate_y25_54,ocu_isco88_3,2008,39.27
ita,sex_t,age_aggregate_y25_54,ocu_isco88_3,2009,26.678
ita,sex_t,age_aggregate_y25_54,ocu_isco88_3,2010,19.277
ita,sex_t,age_aggregate_y25_54,ocu_isco88_4,2007,13.404
ita,sex_t,age_aggregate_y25_54,ocu_isco88_4,2008,14.712
ita,sex_t,age_aggregate_y25_54,ocu_isco88_4,2009,10.948
ita,sex_t,age_aggregate_y25_54,ocu_isco88_4,2010,8.374
ita,sex_t,age_aggregate_y25_54,ocu_isco88_5,2007,31.009
ita,sex_t,age_aggregate_y25_54,ocu_isco88_5,2008,45.386
ita,sex_t,age_aggregate_y25_54,ocu_isco88_5,2009,37.327
ita,sex_t,age_aggregate_y25_54,ocu_isco88_5,2010,51.863
ita,sex_t,age_aggregate_y25_54,ocu_isco88_6,2007,18.382
ita,sex_t,age_aggregate_y25_54,ocu_isco88_6,2008,33.96
ita,sex_t,age_aggregate_y25_54,ocu_isco88_6,2009,36.188
ita,sex_t,age_aggregate_y25_54,ocu_isco88_6,2010,29.131
ita,sex_t,age_aggregate_y25_54,ocu_isco88_7,2007,48.284
ita,sex_t,age_aggregate_y25_54,ocu_isco88_7,2008,30.359
ita,sex_t,age_aggregate_y25_54,ocu_isco88_7,2009,27.401
ita,sex_t,age_aggregate_y25_54,ocu_isco88_7,2010,52.36
ita,sex_t,age_aggregate_y25_54,ocu_isco88_8,2007,9.823
ita,sex_t,age_aggregate_y25_54,ocu_isco88_8,2008,6.607
ita,sex_t,age_aggregate_y25_54,ocu_isco88_8,2009,7.68
ita,sex_t,age_aggregate_y25_54,ocu_isco88_8,2010,10.638
ita,sex_t,age_aggregate_y25_54,ocu_isco88_9,2007,29.334
ita,sex_t,age_aggregate_y25_54,ocu_isco88_9,2008,30.641
ita,sex_t,age_aggregate_y25_54,ocu_isco88_9,2009,27.999
ita,sex_t,age_aggregate_y25_54,ocu_isco88_9,2010,35.844
ita,sex_t,age_aggregate_y25_54,ocu_isco88_total,2007,259.93
ita,sex_t,age_aggregate_y25_54,ocu_isco88_total,2008,284.015
ita,sex_t,age_aggregate_y25_54,ocu_isco88_total,2009,247.936
ita,sex_t,age_aggregate_y25_54,ocu_isco88_total,2010,274.868
ita,sex_t,age_aggregate_y25_54,ocu_skill_l1,2007,29.334
ita,sex_t,age_aggregate_y25_54,ocu_skill_l1,2008,30.641
ita,sex_t,age_aggregate_y25_54,ocu_skill_l1,2009,27.999
ita,sex_t,age_aggregate_y25_54,ocu_skill_l1,2010,35.844
ita,sex_t,age_aggregate_y25_54,ocu_skill_l1,2011,261.248
ita,sex_t,age_aggregate_y25_54,ocu_skill_l1,2012,343.601
ita,sex_t,age_aggregate_y25_54,ocu_skill_l1,2013,343.048
ita,sex_t,age_aggregate_y25_54,ocu_skill_l1,2014,382.443
ita,sex_t,age_aggregate_y25_54,ocu_skill_l1,2015,353.021
ita,sex_t,age_aggregate_y25_54,ocu_skill_l1,2016,343.319
ita,sex_t,age_aggregate_y25_54,ocu_skill_l1,2017,289.123
ita,sex_t,age_aggregate_y25_54,ocu_skill_l1,2018,442.437
ita,sex_t,age_aggregate_y25_54,ocu_skill_l1,2019,422.629
ita,sex_t,age_aggregate_y25_54,ocu_skill_l1,2020,344.221
ita,sex_t,age_aggregate_y25_54,ocu_skill_l1,2021,374.555
ita,sex_t,age_aggregate_y25_54,ocu_skill_l1,2022,319.409
ita,sex_t,age_aggregate_y25_54,ocu_skill_l1,2023,323.789
ita,sex_t,age_aggregate_y25_54,ocu_skill_l2,2007,120.902
ita,sex_t,age_aggregate_y25_54,ocu_skill_l2,2008,131.024
ita,sex_t,age_aggregate_y25_54,ocu_skill_l2,2009,119.544
ita,sex_t,age_aggregate_y25_54,ocu_skill_l2,2010,152.365
ita,sex_t,age_aggregate_y25_54,ocu_skill_l2,2011,394.8
ita,sex_t,age_aggregate_y25_54,ocu_skill_l2,2012,414.001
ita,sex_t,age_aggregate_y25_54,ocu_skill_l2,2013,484.174
ita,sex_t,age_aggregate_y25_54,ocu_skill_l2,2014,463.081
ita,sex_t,age_aggregate_y25_54,ocu_skill_l2,2015,515.017
ita,sex_t,age_aggregate_y25_54,ocu_skill_l2,2016,491.871
ita,sex_t,age_aggregate_y25_54,ocu_skill_l2,2017,439.831
ita,sex_t,age_aggregate_y25_54,ocu_skill_l2,2018,470.365
ita,sex_t,age_aggregate_y25_54,ocu_skill_l2,2019,503.287
ita,sex_t,age_aggregate_y25_54,ocu_skill_l2,2020,363.988
ita,sex_t,age_aggregate_y25_54,ocu_skill_l2,2021,426.199
ita,sex_t,age_aggregate_y25_54,ocu_skill_l2,2022,378.752
ita,sex_t,age_aggregate_y25_54,ocu_skill_l2,2023,404.977
ita,sex_t,age_aggregate_y25_54,ocu_skill_l3_4,2007,109.694
ita,sex_t,age_aggregate_y25_54,ocu_skill_l3_4,2008,122.351
ita,sex_t,age_aggregate_y25_54,ocu_skill_l3_4,2009,100.394
ita,sex_t,age_aggregate_y25_54,ocu_skill_l3_4,2010,86.659
ita,sex_t,age_aggregate_y25_54,ocu_skill_l3_4,2011,79.295
ita,sex_t,age_aggregate_y25_54,ocu_skill_l3_4,2012,54.221
ita,sex_t,age_aggregate_y25_54,ocu_skill_l3_4,2013,49.525
ita,sex_t,age_aggregate_y25_54,ocu_skill_l3_4,2014,48.06
ita,sex_t,age_aggregate_y25_54,ocu_skill_l3_4,2015,55.351
ita,sex_t,age_aggregate_y25_54,ocu_skill_l3_4,2016,48.416
ita,sex_t,age_aggregate_y25_54,ocu_skill_l3_4,2017,42.89
ita,sex_t,age_aggregate_y25_54,ocu_skill_l3_4,2018,80.282
ita,sex_t,age_aggregate_y25_54,ocu_skill_l3_4,2019,97.559
ita,sex_t,age_aggregate_y25_54,ocu_skill_l3_4,2020,86.922
ita,sex_t,age_aggregate_y25_54,ocu_skill_l3_4,2021,80.38
ita,sex_t,age_aggregate_y25_54,ocu_skill_l3_4,2022,77.134
ita,sex_t,age_aggregate_y25_54,ocu_skill_l3_4,2023,75.613
ita,sex_t,age_aggregate_y25_54,ocu_skill_total,2007,259.93
ita,sex_t,age_aggregate_y25_54,ocu_skill_total,2008,284.015
ita,sex_t,age_aggregate_y25_54,ocu_skill_total,2009,247.936
ita,sex_t,age_aggregate_y25_54,ocu_skill_total,2010,274.868
ita,sex_t,age_aggregate_y25_54,ocu_skill_total,2011,735.344
ita,sex_t,age_aggregate_y25_54,ocu_skill_total,2012,811.822
ita,sex_t,age_aggregate_y25_54,ocu_skill_total,2013,876.747
ita,sex_t,age_aggregate_y25_54,ocu_skill_total,2014,893.584
ita,sex_t,age_aggregate_y25_54,ocu_skill_total,2015,923.389
ita,sex_t,age_aggregate_y25_54,ocu_skill_total,2016,883.606
ita,sex_t,age_aggregate_y25_54,ocu_skill_total,2017,771.844
ita,sex_t,age_aggregate_y25_54,ocu_skill_total,2018,993.084
ita,sex_t,age_aggregate_y25_54,ocu_skill_total,2019,1023.474
ita,sex_t,age_aggregate_y25_54,ocu_skill_total,2020,795.131
ita,sex_t,age_aggregate_y25_54,ocu_skill_total,2021,881.134
ita,sex_t,age_aggregate_y25_54,ocu_skill_total,2022,775.294
ita,sex_t,age_aggregate_y25_54,ocu_skill_total,2023,804.379
ita,sex_t,age_aggregate_y55_64,ocu_isco08_3,2016,7.01
ita,sex_t,age_aggregate_y55_64,ocu_isco08_3,2019,6.797
ita,sex_t,age_aggregate_y55_64,ocu_isco08_3,2021,6.625
ita,sex_t,age_aggregate_y55_64,ocu_isco08_3,2022,7.198
ita,sex_t,age_aggregate_y55_64,ocu_isco08_5,2011,53.892
ita,sex_t,age_aggregate_y55_64,ocu_isco08_5,2012,51.656
ita,sex_t,age_aggregate_y55_64,ocu_isco08_5,2013,87.015
ita,sex_t,age_aggregate_y55_64,ocu_isco08_5,2014,95.887
ita,sex_t,age_aggregate_y55_64,ocu_isco08_5,2015,118.51
ita,sex_t,age_aggregate_y55_64,ocu_isco08_5,2016,94.921
ita,sex_t,age_aggregate_y55_64,ocu_isco08_5,2017,96.573
ita,sex_t,age_aggregate_y55_64,ocu_isco08_5,2018,92.529
ita,sex_t,age_aggregate_y55_64,ocu_isco08_5,2019,79.89
ita,sex_t,age_aggregate_y55_64,ocu_isco08_5,2020,82.478
ita,sex_t,age_aggregate_y55_64,ocu_isco08_5,2021,67.712
ita,sex_t,age_aggregate_y55_64,ocu_isco08_5,2022,93.28
ita,sex_t,age_aggregate_y55_64,ocu_isco08_5,2023,92.396
ita,sex_t,age_aggregate_y55_64,ocu_isco08_6,2013,3.974
ita,sex_t,age_aggregate_y55_64,ocu_isco08_6,2015,4.831
ita,sex_t,age_aggregate_y55_64,ocu_isco08_6,2016,6.71
ita,sex_t,age_aggregate_y55_64,ocu_isco08_6,2018,6.163
ita,sex_t,age_aggregate_y55_64,ocu_isco08_6,2021,1.623
ita,sex_t,age_aggregate_y55_64,ocu_isco08_7,2012,5.684
ita,sex_t,age_aggregate_y55_64,ocu_isco08_7,2016,8.464
ita,sex_t,age_aggregate_y55_64,ocu_isco08_7,2017,4.56
ita,sex_t,age_aggregate_y55_64,ocu_isco08_7,2018,12.645
ita,sex_t,age_aggregate_y55_64,ocu_isco08_7,2019,7.666
ita,sex_t,age_aggregate_y55_64,ocu_isco08_7,2021,6.879
ita,sex_t,age_aggregate_y55_64,ocu_isco08_7,2022,9.708
ita,sex_t,age_aggregate_y55_64,ocu_isco08_7,2023,21.183
ita,sex_t,age_aggregate_y55_64,ocu_isco08_9,2011,25.438
ita,sex_t,age_aggregate_y55_64,ocu_isco08_9,2012,61.099
ita,sex_t,age_aggregate_y55_64,ocu_isco08_9,2013,72.397
ita,sex_t,age_aggregate_y55_64,ocu_isco08_9,2014,63.993
ita,sex_t,age_aggregate_y55_64,ocu_isco08_9,2015,68.997
ita,sex_t,age_aggregate_y55_64,ocu_isco08_9,2016,75.921
ita,sex_t,age_aggregate_y55_64,ocu_isco08_9,2017,64.041
ita,sex_t,age_aggregate_y55_64,ocu_isco08_9,2018,125.776
ita,sex_t,age_aggregate_y55_64,ocu_isco08_9,2019,131.61
ita,sex_t,age_aggregate_y55_64,ocu_isco08_9,2020,84.564
ita,sex_t,age_aggregate_y55_64,ocu_isco08_9,2021,110.567
ita,sex_t,age_aggregate_y55_64,ocu_isco08_9,2022,111.494
ita,sex_t,age_aggregate_y55_64,ocu_isco08_9,2023,126.462
ita,sex_t,age_aggregate_y55_64,ocu_isco08_total,2011,93.644
ita,sex_t,age_aggregate_y55_64,ocu_isco08_total,2012,132.444
ita,sex_t,age_aggregate_y55_64,ocu_isco08_total,2013,172.004
ita,sex_t,age_aggregate_y55_64,ocu_isco08_total,2014,173.114
ita,sex_t,age_aggregate_y55_64,ocu_isco08_total,2015,200.959
ita,sex_t,age_aggregate_y55_64,ocu_isco08_total,2016,204.869
ita,sex_t,age_aggregate_y55_64,ocu_isco08_total,2017,174.099
ita,sex_t,age_aggregate_y55_64,ocu_isco08_total,2018,250.719
ita,sex_t,age_aggregate_y55_64,ocu_isco08_total,2019,241.59
ita,sex_t,age_aggregate_y55_64,ocu_isco08_total,2020,184.419
ita,sex_t,age_aggregate_y55_64,ocu_isco08_total,2021,209.688
ita,sex_t,age_aggregate_y55_64,ocu_isco08_total,2022,229.368
ita,sex_t,age_aggregate_y55_64,ocu_isco08_total,2023,253.906
ita,sex_t,age_aggregate_y55_64,ocu_isco88_1,2007,7.411
ita,sex_t,age_aggregate_y55_64,ocu_isco88_1,2008,8.538
ita,sex_t,age_aggregate_y55_64,ocu_isco88_1,2009,11.966
ita,sex_t,age_aggregate_y55_64,ocu_isco88_6,2007,9.575
ita,sex_t,age_aggregate_y55_64,ocu_isco88_6,2008,15.936
ita,sex_t,age_aggregate_y55_64,ocu_isco88_6,2009,10.887
ita,sex_t,age_aggregate_y55_64,ocu_isco88_6,2010,6.116
ita,sex_t,age_aggregate_y55_64,ocu_isco88_7,2008,7.882
ita,sex_t,age_aggregate_y55_64,ocu_isco88_7,2009,4.636
ita,sex_t,age_aggregate_y55_64,ocu_isco88_7,2010,6.38
ita,sex_t,age_aggregate_y55_64,ocu_isco88_9,2007,4.631
ita,sex_t,age_aggregate_y55_64,ocu_isco88_9,2008,4.939
ita,sex_t,age_aggregate_y55_64,ocu_isco88_total,2007,30.966
ita,sex_t,age_aggregate_y55_64,ocu_isco88_total,2008,47.566
ita,sex_t,age_aggregate_y55_64,ocu_isco88_total,2009,35.381
ita,sex_t,age_aggregate_y55_64,ocu_isco88_total,2010,28.566
ita,sex_t,age_aggregate_y55_64,ocu_skill_l1,2007,4.631
ita,sex_t,age_aggregate_y55_64,ocu_skill_l1,2008,4.939
ita,sex_t,age_aggregate_y55_64,ocu_skill_l1,2011,25.438
ita,sex_t,age_aggregate_y55_64,ocu_skill_l1,2012,61.099
ita,sex_t,age_aggregate_y55_64,ocu_skill_l1,2013,72.397
ita,sex_t,age_aggregate_y55_64,ocu_skill_l1,2014,63.993
ita,sex_t,age_aggregate_y55_64,ocu_skill_l1,2015,68.997
ita,sex_t,age_aggregate_y55_64,ocu_skill_l1,2016,75.921
ita,sex_t,age_aggregate_y55_64,ocu_skill_l1,2017,64.041
ita,sex_t,age_aggregate_y55_64,ocu_skill_l1,2018,125.776
ita,sex_t,age_aggregate_y55_64,ocu_skill_l1,2019,131.61
ita,sex_t,age_aggregate_y55_64,ocu_skill_l1,2020,84.564
ita,sex_t,age_aggregate_y55_64,ocu_skill_l1,2021,110.567
ita,sex_t,age_aggregate_y55_64,ocu_skill_l1,2022,111.494
ita,sex_t,age_aggregate_y55_64,ocu_skill_l1,2023,126.462
ita,sex_t,age_aggregate_y55_64,ocu_skill_l2,2007,18.924
ita,sex_t,age_aggregate_y55_64,ocu_skill_l2,2008,27.935
ita,sex_t,age_aggregate_y55_64,ocu_skill_l2,2009,15.524
ita,sex_t,age_aggregate_y55_64,ocu_skill_l2,2010,17.132
ita,sex_t,age_aggregate_y55_64,ocu_skill_l2,2011,60.452
ita,sex_t,age_aggregate_y55_64,ocu_skill_l2,2012,65.456
ita,sex_t,age_aggregate_y55_64,ocu_skill_l2,2013,96.255
ita,sex_t,age_aggregate_y55_64,ocu_skill_l2,2014,106.28
ita,sex_t,age_aggregate_y55_64,ocu_skill_l2,2015,130.742
ita,sex_t,age_aggregate_y55_64,ocu_skill_l2,2016,111.545
ita,sex_t,age_aggregate_y55_64,ocu_skill_l2,2017,107.492
ita,sex_t,age_aggregate_y55_64,ocu_skill_l2,2018,111.75
ita,sex_t,age_aggregate_y55_64,ocu_skill_l2,2019,93.857
ita,sex_t,age_aggregate_y55_64,ocu_skill_l2,2020,96.933
ita,sex_t,age_aggregate_y55_64,ocu_skill_l2,2021,82.434
ita,sex_t,age_aggregate_y55_64,ocu_skill_l2,2022,108.417
ita,sex_t,age_aggregate_y55_64,ocu_skill_l2,2023,118.511
ita,sex_t,age_aggregate_y55_64,ocu_skill_l3_4,2007,7.411
ita,sex_t,age_aggregate_y55_64,ocu_skill_l3_4,2008,14.692
ita,sex_t,age_aggregate_y55_64,ocu_skill_l3_4,2009,14.336
ita,sex_t,age_aggregate_y55_64,ocu_skill_l3_4,2010,9.405
ita,sex_t,age_aggregate_y55_64,ocu_skill_l3_4,2011,7.754
ita,sex_t,age_aggregate_y55_64,ocu_skill_l3_4,2012,5.89
ita,sex_t,age_aggregate_y55_64,ocu_skill_l3_4,2016,17.403
ita,sex_t,age_aggregate_y55_64,ocu_skill_l3_4,2018,13.193
ita,sex_t,age_aggregate_y55_64,ocu_skill_l3_4,2019,16.122
ita,sex_t,age_aggregate_y55_64,ocu_skill_l3_4,2021,16.688
ita,sex_t,age_aggregate_y55_64,ocu_skill_l3_4,2022,9.456
ita,sex_t,age_aggregate_y55_64,ocu_skill_l3_4,2023,8.933
ita,sex_t,age_aggregate_y55_64,ocu_skill_total,2007,30.966
ita,sex_t,age_aggregate_y55_64,ocu_skill_total,2008,47.566
ita,sex_t,age_aggregate_y55_64,ocu_skill_total,2009,35.381
ita,sex_t,age_aggregate_y55_64,ocu_skill_total,2010,28.566
ita,sex_t,age_aggregate_y55_64,ocu_skill_total,2011,93.644
ita,sex_t,age_aggregate_y55_64,ocu_skill_total,2012,132.444
ita,sex_t,age_aggregate_y55_64,ocu_skill_total,2013,172.004
ita,sex_t,age_aggregate_y55_64,ocu_skill_total,2014,173.114
ita,sex_t,age_aggregate_y55_64,ocu_skill_total,2015,200.959
ita,sex_t,age_aggregate_y55_64,ocu_skill_total,2016,204.869
ita,sex_t,age_aggregate_y55_64,ocu_skill_total,2017,174.099
ita,sex_t,age_aggregate_y55_64,ocu_skill_total,2018,250.719
ita,sex_t,age_aggregate_y55_64,ocu_skill_total,2019,241.59
ita,sex_t,age_aggregate_y55_64,ocu_skill_total,2020,184.419
ita,sex_t,age_aggregate_y55_64,ocu_skill_total,2021,209.688
ita,sex_t,age_aggregate_y55_64,ocu_skill_total,2022,229.368
ita,sex_t,age_aggregate_y55_64,ocu_skill_total,2023,253.906
ita,sex_t,age_aggregate_yge65,ocu_isco08_5,2011,10.859
ita,sex_t,age_aggregate_yge65,ocu_isco08_5,2012,9.21
ita,sex_t,age_aggregate_yge65,ocu_isco08_5,2013,25.818
ita,sex_t,age_aggregate_yge65,ocu_isco08_5,2014,27.054
ita,sex_t,age_aggregate_yge65,ocu_isco08_5,2015,19.865
ita,sex_t,age_aggregate_yge65,ocu_isco08_5,2016,9.542
ita,sex_t,age_aggregate_yge65,ocu_isco08_5,2017,12.689
ita,sex_t,age_aggregate_yge65,ocu_isco08_5,2018,20.493
ita,sex_t,age_aggregate_yge65,ocu_isco08_5,2019,17.044
ita,sex_t,age_aggregate_yge65,ocu_isco08_5,2020,12.891
ita,sex_t,age_aggregate_yge65,ocu_isco08_5,2021,15.656
ita,sex_t,age_aggregate_yge65,ocu_isco08_5,2022,13.591
ita,sex_t,age_aggregate_yge65,ocu_isco08_5,2023,10.253
ita,sex_t,age_aggregate_yge65,ocu_isco08_6,2011,3.499
ita,sex_t,age_aggregate_yge65,ocu_isco08_6,2012,4.814
ita,sex_t,age_aggregate_yge65,ocu_isco08_9,2017,5.868
ita,sex_t,age_aggregate_yge65,ocu_isco08_9,2018,13.323
ita,sex_t,age_aggregate_yge65,ocu_isco08_9,2019,17.805
ita,sex_t,age_aggregate_yge65,ocu_isco08_9,2020,10.016
ita,sex_t,age_aggregate_yge65,ocu_isco08_9,2021,30.843
ita,sex_t,age_aggregate_yge65,ocu_isco08_9,2022,17.332
ita,sex_t,age_aggregate_yge65,ocu_isco08_9,2023,22.462
ita,sex_t,age_aggregate_yge65,ocu_isco08_total,2011,25.282
ita,sex_t,age_aggregate_yge65,ocu_isco08_total,2012,33.641
ita,sex_t,age_aggregate_yge65,ocu_isco08_total,2013,33.783
ita,sex_t,age_aggregate_yge65,ocu_isco08_total,2014,38.217
ita,sex_t,age_aggregate_yge65,ocu_isco08_total,2015,27.92
ita,sex_t,age_aggregate_yge65,ocu_isco08_total,2016,23.033
ita,sex_t,age_aggregate_yge65,ocu_isco08_total,2017,21.354
ita,sex_t,age_aggregate_yge65,ocu_isco08_total,2018,35.609
ita,sex_t,age_aggregate_yge65,ocu_isco08_total,2019,36.459
ita,sex_t,age_aggregate_yge65,ocu_isco08_total,2020,27.05
ita,sex_t,age_aggregate_yge65,ocu_isco08_total,2021,50.947
ita,sex_t,age_aggregate_yge65,ocu_isco08_total,2022,32.879
ita,sex_t,age_aggregate_yge65,ocu_isco08_total,2023,37.8
ita,sex_t,age_aggregate_yge65,ocu_isco88_1,2008,9.488
ita,sex_t,age_aggregate_yge65,ocu_isco88_1,2009,3.704
ita,sex_t,age_aggregate_yge65,ocu_isco88_6,2008,6.452
ita,sex_t,age_aggregate_yge65,ocu_isco88_6,2009,3.563
ita,sex_t,age_aggregate_yge65,ocu_isco88_total,2007,6.853
ita,sex_t,age_aggregate_yge65,ocu_isco88_total,2008,17.546
ita,sex_t,age_aggregate_yge65,ocu_isco88_total,2009,8.549
ita,sex_t,age_aggregate_yge65,ocu_isco88_total,2010,20.882
ita,sex_t,age_aggregate_yge65,ocu_skill_l1,2017,5.868
ita,sex_t,age_aggregate_yge65,ocu_skill_l1,2018,13.323
ita,sex_t,age_aggregate_yge65,ocu_skill_l1,2019,17.805
ita,sex_t,age_aggregate_yge65,ocu_skill_l1,2020,10.016
ita,sex_t,age_aggregate_yge65,ocu_skill_l1,2021,30.843
ita,sex_t,age_aggregate_yge65,ocu_skill_l1,2022,17.332
ita,sex_t,age_aggregate_yge65,ocu_skill_l1,2023,22.462
ita,sex_t,age_aggregate_yge65,ocu_skill_l2,2008,6.452
ita,sex_t,age_aggregate_yge65,ocu_skill_l2,2009,3.7
ita,sex_t,age_aggregate_yge65,ocu_skill_l2,2010,11.697
ita,sex_t,age_aggregate_yge65,ocu_skill_l2,2011,16.437
ita,sex_t,age_aggregate_yge65,ocu_skill_l2,2012,18.988
ita,sex_t,age_aggregate_yge65,ocu_skill_l2,2013,28.895
ita,sex_t,age_aggregate_yge65,ocu_skill_l2,2014,29.148
ita,sex_t,age_aggregate_yge65,ocu_skill_l2,2015,19.865
ita,sex_t,age_aggregate_yge65,ocu_skill_l2,2016,13.904
ita,sex_t,age_aggregate_yge65,ocu_skill_l2,2017,14.137
ita,sex_t,age_aggregate_yge65,ocu_skill_l2,2018,21.699
ita,sex_t,age_aggregate_yge65,ocu_skill_l2,2019,18.654
ita,sex_t,age_aggregate_yge65,ocu_skill_l2,2020,16.496
ita,sex_t,age_aggregate_yge65,ocu_skill_l2,2021,18.938
ita,sex_t,age_aggregate_yge65,ocu_skill_l2,2022,15.547
ita,sex_t,age_aggregate_yge65,ocu_skill_l2,2023,11.228
ita,sex_t,age_aggregate_yge65,ocu_skill_l3_4,2008,10.08
ita,sex_t,age_aggregate_yge65,ocu_skill_l3_4,2009,4.208
ita,sex_t,age_aggregate_yge65,ocu_skill_l3_4,2010,7.236
ita,sex_t,age_aggregate_yge65,ocu_skill_l3_4,2011,5.866
ita,sex_t,age_aggregate_yge65,ocu_skill_l3_4,2012,7.04
ita,sex_t,age_aggregate_yge65,ocu_skill_l3_4,2016,2.911
ita,sex_t,age_aggregate_yge65,ocu_skill_total,2007,6.853
ita,sex_t,age_aggregate_yge65,ocu_skill_total,2008,17.546
ita,sex_t,age_aggregate_yge65,ocu_skill_total,2009,8.549
ita,sex_t,age_aggregate_yge65,ocu_skill_total,2010,20.882
ita,sex_t,age_aggregate_yge65,ocu_skill_total,2011,25.282
ita,sex_t,age_aggregate_yge65,ocu_skill_total,2012,33.641
ita,sex_t,age_aggregate_yge65,ocu_skill_total,2013,33.783
ita,sex_t,age_aggregate_yge65,ocu_skill_total,2014,38.217
ita,sex_t,age_aggregate_yge65,ocu_skill_total,2015,27.92
ita,sex_t,age_aggregate_yge65,ocu_skill_total,2016,23.033
ita,sex_t,age_aggregate_yge65,ocu_skill_total,2017,21.354
ita,sex_t,age_aggregate_yge65,ocu_skill_total,2018,35.609
ita,sex_t,age_aggregate_yge65,ocu_skill_total,2019,36.459
ita,sex_t,age_aggregate_yge65,ocu_skill_total,2020,27.05
ita,sex_t,age_aggregate_yge65,ocu_skill_total,2021,50.947
ita,sex_t,age_aggregate_yge65,ocu_skill_total,2022,32.879
ita,sex_t,age_aggregate_yge65,ocu_skill_total,2023,37.8
ita,sex_t,age_ythadult_y15_24,ocu_isco08_2,2011,9.505
ita,sex_t,age_ythadult_y15_24,ocu_isco08_2,2012,5.635
ita,sex_t,age_ythadult_y15_24,ocu_isco08_2,2013,7.669
ita,sex_t,age_ythadult_y15_24,ocu_isco08_2,2015,8.115
ita,sex_t,age_ythadult_y15_24,ocu_isco08_2,2018,4.172
ita,sex_t,age_ythadult_y15_24,ocu_isco08_2,2019,17.392
ita,sex_t,age_ythadult_y15_24,ocu_isco08_2,2020,24.456
ita,sex_t,age_ythadult_y15_24,ocu_isco08_2,2021,19.319
ita,sex_t,age_ythadult_y15_24,ocu_isco08_2,2022,15.938
ita,sex_t,age_ythadult_y15_24,ocu_isco08_3,2011,10.043
ita,sex_t,age_ythadult_y15_24,ocu_isco08_3,2012,9.509
ita,sex_t,age_ythadult_y15_24,ocu_isco08_3,2013,13.961
ita,sex_t,age_ythadult_y15_24,ocu_isco08_3,2015,12.763
ita,sex_t,age_ythadult_y15_24,ocu_isco08_3,2016,9.166
ita,sex_t,age_ythadult_y15_24,ocu_isco08_3,2018,5.52
ita,sex_t,age_ythadult_y15_24,ocu_isco08_3,2019,11.836
ita,sex_t,age_ythadult_y15_24,ocu_isco08_3,2020,35.784
ita,sex_t,age_ythadult_y15_24,ocu_isco08_3,2021,23.271
ita,sex_t,age_ythadult_y15_24,ocu_isco08_3,2022,22.055
ita,sex_t,age_ythadult_y15_24,ocu_isco08_3,2023,8.705
ita,sex_t,age_ythadult_y15_24,ocu_isco08_4,2011,13.177
ita,sex_t,age_ythadult_y15_24,ocu_isco08_4,2012,8.689
ita,sex_t,age_ythadult_y15_24,ocu_isco08_4,2013,9.28
ita,sex_t,age_ythadult_y15_24,ocu_isco08_4,2014,5.813
ita,sex_t,age_ythadult_y15_24,ocu_isco08_4,2015,11.845
ita,sex_t,age_ythadult_y15_24,ocu_isco08_4,2016,11.463
ita,sex_t,age_ythadult_y15_24,ocu_isco08_4,2017,3.848
ita,sex_t,age_ythadult_y15_24,ocu_isco08_4,2018,11.812
ita,sex_t,age_ythadult_y15_24,ocu_isco08_4,2019,12.337
ita,sex_t,age_ythadult_y15_24,ocu_isco08_4,2021,13.948
ita,sex_t,age_ythadult_y15_24,ocu_isco08_5,2011,66.191
ita,sex_t,age_ythadult_y15_24,ocu_isco08_5,2012,64.79
ita,sex_t,age_ythadult_y15_24,ocu_isco08_5,2013,70.163
ita,sex_t,age_ythadult_y15_24,ocu_isco08_5,2014,70.22
ita,sex_t,age_ythadult_y15_24,ocu_isco08_5,2015,69.66
ita,sex_t,age_ythadult_y15_24,ocu_isco08_5,2016,65.686
ita,sex_t,age_ythadult_y15_24,ocu_isco08_5,2017,38.065
ita,sex_t,age_ythadult_y15_24,ocu_isco08_5,2018,37.483
ita,sex_t,age_ythadult_y15_24,ocu_isco08_5,2019,77.9
ita,sex_t,age_ythadult_y15_24,ocu_isco08_5,2020,56.356
ita,sex_t,age_ythadult_y15_24,ocu_isco08_5,2021,71.411
ita,sex_t,age_ythadult_y15_24,ocu_isco08_5,2022,28.353
ita,sex_t,age_ythadult_y15_24,ocu_isco08_5,2023,33.561
ita,sex_t,age_ythadult_y15_24,ocu_isco08_7,2011,13.69
ita,sex_t,age_ythadult_y15_24,ocu_isco08_7,2015,8.848
ita,sex_t,age_ythadult_y15_24,ocu_isco08_7,2016,12.036
ita,sex_t,age_ythadult_y15_24,ocu_isco08_7,2017,10.196
ita,sex_t,age_ythadult_y15_24,ocu_isco08_7,2018,8.229
ita,sex_t,age_ythadult_y15_24,ocu_isco08_7,2019,16.438
ita,sex_t,age_ythadult_y15_24,ocu_isco08_7,2020,13.302
ita,sex_t,age_ythadult_y15_24,ocu_isco08_7,2021,12.174
ita,sex_t,age_ythadult_y15_24,ocu_isco08_7,2022,5.531
ita,sex_t,age_ythadult_y15_24,ocu_isco08_7,2023,3.793
ita,sex_t,age_ythadult_y15_24,ocu_isco08_9,2011,19.122
ita,sex_t,age_ythadult_y15_24,ocu_isco08_9,2012,11.848
ita,sex_t,age_ythadult_y15_24,ocu_isco08_9,2013,22.404
ita,sex_t,age_ythadult_y15_24,ocu_isco08_9,2015,13.181
ita,sex_t,age_ythadult_y15_24,ocu_isco08_9,2016,8.357
ita,sex_t,age_ythadult_y15_24,ocu_isco08_9,2018,28.937
ita,sex_t,age_ythadult_y15_24,ocu_isco08_9,2019,20.133
ita,sex_t,age_ythadult_y15_24,ocu_isco08_9,2022,21.367
ita,sex_t,age_ythadult_y15_24,ocu_isco08_total,2011,143.361
ita,sex_t,age_ythadult_y15_24,ocu_isco08_total,2012,107.576
ita,sex_t,age_ythadult_y15_24,ocu_isco08_total,2013,130.723
ita,sex_t,age_ythadult_y15_24,ocu_isco08_total,2014,94.696
ita,sex_t,age_ythadult_y15_24,ocu_isco08_total,2015,126.973
ita,sex_t,age_ythadult_y15_24,ocu_isco08_total,2016,113.545
ita,sex_t,age_ythadult_y15_24,ocu_isco08_total,2017,60.684
ita,sex_t,age_ythadult_y15_24,ocu_isco08_total,2018,100.242
ita,sex_t,age_ythadult_y15_24,ocu_isco08_total,2019,163.194
ita,sex_t,age_ythadult_y15_24,ocu_isco08_total,2020,150.762
ita,sex_t,age_ythadult_y15_24,ocu_isco08_total,2021,160.768
ita,sex_t,age_ythadult_y15_24,ocu_isco08_total,2022,95.366
ita,sex_t,age_ythadult_y15_24,ocu_isco08_total,2023,49.756
ita,sex_t,age_ythadult_y15_24,ocu_isco88_1,2007,4.991
ita,sex_t,age_ythadult_y15_24,ocu_isco88_1,2009,5.178
ita,sex_t,age_ythadult_y15_24,ocu_isco88_2,2007,8.342
ita,sex_t,age_ythadult_y15_24,ocu_isco88_2,2008,5.164
ita,sex_t,age_ythadult_y15_24,ocu_isco88_2,2010,4.199
ita,sex_t,age_ythadult_y15_24,ocu_isco88_3,2007,16.566
ita,sex_t,age_ythadult_y15_24,ocu_isco88_3,2008,22.421
ita,sex_t,age_ythadult_y15_24,ocu_isco88_3,2009,17.651
ita,sex_t,age_ythadult_y15_24,ocu_isco88_3,2010,9.469
ita,sex_t,age_ythadult_y15_24,ocu_isco88_4,2007,13.78
ita,sex_t,age_ythadult_y15_24,ocu_isco88_4,2008,17.412
ita,sex_t,age_ythadult_y15_24,ocu_isco88_4,2009,6.765
ita,sex_t,age_ythadult_y15_24,ocu_isco88_4,2010,8.031
ita,sex_t,age_ythadult_y15_24,ocu_isco88_5,2007,26.039
ita,sex_t,age_ythadult_y15_24,ocu_isco88_5,2008,24.407
ita,sex_t,age_ythadult_y15_24,ocu_isco88_5,2009,14.213
ita,sex_t,age_ythadult_y15_24,ocu_isco88_5,2010,15.863
ita,sex_t,age_ythadult_y15_24,ocu_isco88_7,2007,15.239
ita,sex_t,age_ythadult_y15_24,ocu_isco88_7,2008,11.958
ita,sex_t,age_ythadult_y15_24,ocu_isco88_7,2009,5.82
ita,sex_t,age_ythadult_y15_24,ocu_isco88_7,2010,8.912
ita,sex_t,age_ythadult_y15_24,ocu_isco88_8,2007,7.859
ita,sex_t,age_ythadult_y15_24,ocu_isco88_9,2007,12.228
ita,sex_t,age_ythadult_y15_24,ocu_isco88_9,2008,9.599
ita,sex_t,age_ythadult_y15_24,ocu_isco88_9,2009,10.032
ita,sex_t,age_ythadult_y15_24,ocu_isco88_9,2010,15.376
ita,sex_t,age_ythadult_y15_24,ocu_isco88_total,2007,106.952
ita,sex_t,age_ythadult_y15_24,ocu_isco88_total,2008,105.658
ita,sex_t,age_ythadult_y15_24,ocu_isco88_total,2009,70.013
ita,sex_t,age_ythadult_y15_24,ocu_isco88_total,2010,70.171
ita,sex_t,age_ythadult_y15_24,ocu_skill_l1,2007,12.228
ita,sex_t,age_ythadult_y15_24,ocu_skill_l1,2008,9.599
ita,sex_t,age_ythadult_y15_24,ocu_skill_l1,2009,10.032
ita,sex_t,age_ythadult_y15_24,ocu_skill_l1,2010,15.376
ita,sex_t,age_ythadult_y15_24,ocu_skill_l1,2011,19.122
ita,sex_t,age_ythadult_y15_24,ocu_skill_l1,2012,11.848
ita,sex_t,age_ythadult_y15_24,ocu_skill_l1,2013,22.404
ita,sex_t,age_ythadult_y15_24,ocu_skill_l1,2015,13.181
ita,sex_t,age_ythadult_y15_24,ocu_skill_l1,2016,8.357
ita,sex_t,age_ythadult_y15_24,ocu_skill_l1,2018,28.937
ita,sex_t,age_ythadult_y15_24,ocu_skill_l1,2019,20.133
ita,sex_t,age_ythadult_y15_24,ocu_skill_l1,2022,21.367
ita,sex_t,age_ythadult_y15_24,ocu_skill_l2,2007,64.825
ita,sex_t,age_ythadult_y15_24,ocu_skill_l2,2008,64.865
ita,sex_t,age_ythadult_y15_24,ocu_skill_l2,2009,32.814
ita,sex_t,age_ythadult_y15_24,ocu_skill_l2,2010,38.159
ita,sex_t,age_ythadult_y15_24,ocu_skill_l2,2011,96.838
ita,sex_t,age_ythadult_y15_24,ocu_skill_l2,2012,78.613
ita,sex_t,age_ythadult_y15_24,ocu_skill_l2,2013,86.688
ita,sex_t,age_ythadult_y15_24,ocu_skill_l2,2014,82.468
ita,sex_t,age_ythadult_y15_24,ocu_skill_l2,2015,91.819
ita,sex_t,age_ythadult_y15_24,ocu_skill_l2,2016,95.303
ita,sex_t,age_ythadult_y15_24,ocu_skill_l2,2017,55.308
ita,sex_t,age_ythadult_y15_24,ocu_skill_l2,2018,61.614
ita,sex_t,age_ythadult_y15_24,ocu_skill_l2,2019,113.832
ita,sex_t,age_ythadult_y15_24,ocu_skill_l2,2020,73.554
ita,sex_t,age_ythadult_y15_24,ocu_skill_l2,2021,102.028
ita,sex_t,age_ythadult_y15_24,ocu_skill_l2,2022,36.006
ita,sex_t,age_ythadult_y15_24,ocu_skill_l2,2023,37.699
ita,sex_t,age_ythadult_y15_24,ocu_skill_l3_4,2007,29.899
ita,sex_t,age_ythadult_y15_24,ocu_skill_l3_4,2008,31.194
ita,sex_t,age_ythadult_y15_24,ocu_skill_l3_4,2009,27.166
ita,sex_t,age_ythadult_y15_24,ocu_skill_l3_4,2010,16.637
ita,sex_t,age_ythadult_y15_24,ocu_skill_l3_4,2011,27.401
ita,sex_t,age_ythadult_y15_24,ocu_skill_l3_4,2012,17.114
ita,sex_t,age_ythadult_y15_24,ocu_skill_l3_4,2013,21.63
ita,sex_t,age_ythadult_y15_24,ocu_skill_l3_4,2014,7.949
ita,sex_t,age_ythadult_y15_24,ocu_skill_l3_4,2015,21.974
ita,sex_t,age_ythadult_y15_24,ocu_skill_l3_4,2016,9.885
ita,sex_t,age_ythadult_y15_24,ocu_skill_l3_4,2018,9.691
ita,sex_t,age_ythadult_y15_24,ocu_skill_l3_4,2019,29.228
ita,sex_t,age_ythadult_y15_24,ocu_skill_l3_4,2020,60.803
ita,sex_t,age_ythadult_y15_24,ocu_skill_l3_4,2021,42.59
ita,sex_t,age_ythadult_y15_24,ocu_skill_l3_4,2022,37.993
ita,sex_t,age_ythadult_y15_24,ocu_skill_l3_4,2023,10.329
ita,sex_t,age_ythadult_y15_24,ocu_skill_total,2007,106.952
ita,sex_t,age_ythadult_y15_24,ocu_skill_total,2008,105.658
ita,sex_t,age_ythadult_y15_24,ocu_skill_total,2009,70.013
ita,sex_t,age_ythadult_y15_24,ocu_skill_total,2010,70.171
ita,sex_t,age_ythadult_y15_24,ocu_skill_total,2011,143.361
ita,sex_t,age_ythadult_y15_24,ocu_skill_total,2012,107.576
ita,sex_t,age_ythadult_y15_24,ocu_skill_total,2013,130.723
ita,sex_t,age_ythadult_y15_24,ocu_skill_total,2014,94.696
ita,sex_t,age_ythadult_y15_24,ocu_skill_total,2015,126.973
ita,sex_t,age_ythadult_y15_24,ocu_skill_total,2016,113.545
ita,sex_t,age_ythadult_y15_24,ocu_skill_total,2017,60.684
ita,sex_t,age_ythadult_y15_24,ocu_skill_total,2018,100.242
ita,sex_t,age_ythadult_y15_24,ocu_skill_total,2019,163.194
ita,sex_t,age_ythadult_y15_24,ocu_skill_total,2020,150.762
ita,sex_t,age_ythadult_y15_24,ocu_skill_total,2021,160.768
ita,sex_t,age_ythadult_y15_24,ocu_skill_total,2022,95.366
ita,sex_t,age_ythadult_y15_24,ocu_skill_total,2023,49.756
ita,sex_t,age_ythadult_y15_64,ocu_isco08_1,2011,25.989
ita,sex_t,age_ythadult_y15_64,ocu_isco08_1,2012,19.038
ita,sex_t,age_ythadult_y15_64,ocu_isco08_1,2017,10.243
ita,sex_t,age_ythadult_y15_64,ocu_isco08_2,2011,34.741
ita,sex_t,age_ythadult_y15_64,ocu_isco08_2,2012,28.897
ita,sex_t,age_ythadult_y15_64,ocu_isco08_2,2013,30.149
ita,sex_t,age_ythadult_y15_64,ocu_isco08_2,2014,27.515
ita,sex_t,age_ythadult_y15_64,ocu_isco08_2,2015,38.83
ita,sex_t,age_ythadult_y15_64,ocu_isco08_2,2016,17.833
ita,sex_t,age_ythadult_y15_64,ocu_isco08_2,2018,42.167
ita,sex_t,age_ythadult_y15_64,ocu_isco08_2,2019,84.246
ita,sex_t,age_ythadult_y15_64,ocu_isco08_2,2020,70.722
ita,sex_t,age_ythadult_y15_64,ocu_isco08_2,2021,49.423
ita,sex_t,age_ythadult_y15_64,ocu_isco08_2,2022,50.009
ita,sex_t,age_ythadult_y15_64,ocu_isco08_2,2023,45.703
ita,sex_t,age_ythadult_y15_64,ocu_isco08_3,2011,53.72
ita,sex_t,age_ythadult_y15_64,ocu_isco08_3,2012,29.29
ita,sex_t,age_ythadult_y15_64,ocu_isco08_3,2014,19.348
ita,sex_t,age_ythadult_y15_64,ocu_isco08_3,2016,35.909
ita,sex_t,age_ythadult_y15_64,ocu_isco08_3,2018,54.585
ita,sex_t,age_ythadult_y15_64,ocu_isco08_3,2019,43.393
ita,sex_t,age_ythadult_y15_64,ocu_isco08_3,2020,76.83
ita,sex_t,age_ythadult_y15_64,ocu_isco08_3,2021,68.415
ita,sex_t,age_ythadult_y15_64,ocu_isco08_3,2022,57.184
ita,sex_t,age_ythadult_y15_64,ocu_isco08_3,2023,34.966
ita,sex_t,age_ythadult_y15_64,ocu_isco08_4,2011,35.317
ita,sex_t,age_ythadult_y15_64,ocu_isco08_4,2012,18.097
ita,sex_t,age_ythadult_y15_64,ocu_isco08_4,2015,25.72
ita,sex_t,age_ythadult_y15_64,ocu_isco08_4,2016,22.397
ita,sex_t,age_ythadult_y15_64,ocu_isco08_4,2017,20.314
ita,sex_t,age_ythadult_y15_64,ocu_isco08_4,2018,27.253
ita,sex_t,age_ythadult_y15_64,ocu_isco08_4,2019,44.16
ita,sex_t,age_ythadult_y15_64,ocu_isco08_4,2023,12.444
ita,sex_t,age_ythadult_y15_64,ocu_isco08_5,2011,429.387
ita,sex_t,age_ythadult_y15_64,ocu_isco08_5,2012,490.627
ita,sex_t,age_ythadult_y15_64,ocu_isco08_5,2013,614.342
ita,sex_t,age_ythadult_y15_64,ocu_isco08_5,2014,590.236
ita,sex_t,age_ythadult_y15_64,ocu_isco08_5,2015,676.312
ita,sex_t,age_ythadult_y15_64,ocu_isco08_5,2016,589.614
ita,sex_t,age_ythadult_y15_64,ocu_isco08_5,2017,520.213
ita,sex_t,age_ythadult_y15_64,ocu_isco08_5,2018,534.966
ita,sex_t,age_ythadult_y15_64,ocu_isco08_5,2019,557.15
ita,sex_t,age_ythadult_y15_64,ocu_isco08_5,2020,458.798
ita,sex_t,age_ythadult_y15_64,ocu_isco08_5,2021,473.185
ita,sex_t,age_ythadult_y15_64,ocu_isco08_5,2022,443.02
ita,sex_t,age_ythadult_y15_64,ocu_isco08_5,2023,493.141
ita,sex_t,age_ythadult_y15_64,ocu_isco08_6,2011,13.072
ita,sex_t,age_ythadult_y15_64,ocu_isco08_6,2012,12.181
ita,sex_t,age_ythadult_y15_64,ocu_isco08_6,2014,20.502
ita,sex_t,age_ythadult_y15_64,ocu_isco08_6,2016,46.686
ita,sex_t,age_ythadult_y15_64,ocu_isco08_6,2017,3.921
ita,sex_t,age_ythadult_y15_64,ocu_isco08_6,2018,16.763
ita,sex_t,age_ythadult_y15_64,ocu_isco08_6,2019,21.361
ita,sex_t,age_ythadult_y15_64,ocu_isco08_7,2011,60.864
ita,sex_t,age_ythadult_y15_64,ocu_isco08_7,2012,30.019
ita,sex_t,age_ythadult_y15_64,ocu_isco08_7,2013,16.303
ita,sex_t,age_ythadult_y15_64,ocu_isco08_7,2014,21.179
ita,sex_t,age_ythadult_y15_64,ocu_isco08_7,2015,21.158
ita,sex_t,age_ythadult_y15_64,ocu_isco08_7,2016,37.266
ita,sex_t,age_ythadult_y15_64,ocu_isco08_7,2017,39.377
ita,sex_t,age_ythadult_y15_64,ocu_isco08_7,2018,55.924
ita,sex_t,age_ythadult_y15_64,ocu_isco08_7,2019,65.427
ita,sex_t,age_ythadult_y15_64,ocu_isco08_7,2020,33.887
ita,sex_t,age_ythadult_y15_64,ocu_isco08_7,2021,59.107
ita,sex_t,age_ythadult_y15_64,ocu_isco08_7,2022,35.646
ita,sex_t,age_ythadult_y15_64,ocu_isco08_7,2023,41.718
ita,sex_t,age_ythadult_y15_64,ocu_isco08_8,2011,13.45
ita,sex_t,age_ythadult_y15_64,ocu_isco08_8,2012,7.146
ita,sex_t,age_ythadult_y15_64,ocu_isco08_8,2013,9.834
ita,sex_t,age_ythadult_y15_64,ocu_isco08_8,2017,18.805
ita,sex_t,age_ythadult_y15_64,ocu_isco08_8,2019,22.878
ita,sex_t,age_ythadult_y15_64,ocu_isco08_8,2020,11.676
ita,sex_t,age_ythadult_y15_64,ocu_isco08_8,2021,28.345
ita,sex_t,age_ythadult_y15_64,ocu_isco08_8,2022,17.175
ita,sex_t,age_ythadult_y15_64,ocu_isco08_9,2011,305.809
ita,sex_t,age_ythadult_y15_64,ocu_isco08_9,2012,416.548
ita,sex_t,age_ythadult_y15_64,ocu_isco08_9,2013,437.849
ita,sex_t,age_ythadult_y15_64,ocu_isco08_9,2014,450.716
ita,sex_t,age_ythadult_y15_64,ocu_isco08_9,2015,435.198
ita,sex_t,age_ythadult_y15_64,ocu_isco08_9,2016,427.597
ita,sex_t,age_ythadult_y15_64,ocu_isco08_9,2017,356.309
ita,sex_t,age_ythadult_y15_64,ocu_isco08_9,2018,597.15
ita,sex_t,age_ythadult_y15_64,ocu_isco08_9,2019,574.372
ita,sex_t,age_ythadult_y15_64,ocu_isco08_9,2020,445.189
ita,sex_t,age_ythadult_y15_64,ocu_isco08_9,2021,501.272
ita,sex_t,age_ythadult_y15_64,ocu_isco08_9,2022,452.27
ita,sex_t,age_ythadult_y15_64,ocu_isco08_9,2023,451.979
ita,sex_t,age_ythadult_y15_64,ocu_isco08_total,2011,972.349
ita,sex_t,age_ythadult_y15_64,ocu_isco08_total,2012,1051.842
ita,sex_t,age_ythadult_y15_64,ocu_isco08_total,2013,1179.473
ita,sex_t,age_ythadult_y15_64,ocu_isco08_total,2014,1161.395
ita,sex_t,age_ythadult_y15_64,ocu_isco08_total,2015,1251.321
ita,sex_t,age_ythadult_y15_64,ocu_isco08_total,2016,1202.02
ita,sex_t,age_ythadult_y15_64,ocu_isco08_total,2017,1006.627
ita,sex_t,age_ythadult_y15_64,ocu_isco08_total,2018,1344.045
ita,sex_t,age_ythadult_y15_64,ocu_isco08_total,2019,1428.258
ita,sex_t,age_ythadult_y15_64,ocu_isco08_total,2020,1130.312
ita,sex_t,age_ythadult_y15_64,ocu_isco08_total,2021,1251.59
ita,sex_t,age_ythadult_y15_64,ocu_isco08_total,2022,1100.028
ita,sex_t,age_ythadult_y15_64,ocu_isco08_total,2023,1108.041
ita,sex_t,age_ythadult_y15_64,ocu_isco88_1,2007,50.25
ita,sex_t,age_ythadult_y15_64,ocu_isco88_1,2008,64.683
ita,sex_t,age_ythadult_y15_64,ocu_isco88_1,2009,65.274
ita,sex_t,age_ythadult_y15_64,ocu_isco88_1,2010,50.005
ita,sex_t,age_ythadult_y15_64,ocu_isco88_2,2008,39.232
ita,sex_t,age_ythadult_y15_64,ocu_isco88_2,2010,31.528
ita,sex_t,age_ythadult_y15_64,ocu_isco88_3,2008,64.321
ita,sex_t,age_ythadult_y15_64,ocu_isco88_3,2009,46.699
ita,sex_t,age_ythadult_y15_64,ocu_isco88_3,2010,31.169
ita,sex_t,age_ythadult_y15_64,ocu_isco88_5,2007,59.612
ita,sex_t,age_ythadult_y15_64,ocu_isco88_5,2008,73.911
ita,sex_t,age_ythadult_y15_64,ocu_isco88_6,2007,29.864
ita,sex_t,age_ythadult_y15_64,ocu_isco88_6,2008,55.602
ita,sex_t,age_ythadult_y15_64,ocu_isco88_6,2009,51.659
ita,sex_t,age_ythadult_y15_64,ocu_isco88_6,2010,38.581
ita,sex_t,age_ythadult_y15_64,ocu_isco88_7,2007,67.248
ita,sex_t,age_ythadult_y15_64,ocu_isco88_7,2008,50.2
ita,sex_t,age_ythadult_y15_64,ocu_isco88_7,2009,37.857
ita,sex_t,age_ythadult_y15_64,ocu_isco88_7,2010,67.652
ita,sex_t,age_ythadult_y15_64,ocu_isco88_8,2007,20.744
ita,sex_t,age_ythadult_y15_64,ocu_isco88_8,2010,17.292
ita,sex_t,age_ythadult_y15_64,ocu_isco88_9,2007,46.193
ita,sex_t,age_ythadult_y15_64,ocu_isco88_9,2008,45.179
ita,sex_t,age_ythadult_y15_64,ocu_isco88_9,2009,43.552
ita,sex_t,age_ythadult_y15_64,ocu_isco88_9,2010,53.249
ita,sex_t,age_ythadult_y15_64,ocu_isco88_total,2007,397.849
ita,sex_t,age_ythadult_y15_64,ocu_isco88_total,2008,437.239
ita,sex_t,age_ythadult_y15_64,ocu_isco88_total,2009,353.33
ita,sex_t,age_ythadult_y15_64,ocu_isco88_total,2010,373.606
ita,sex_t,age_ythadult_y15_64,ocu_skill_l1,2007,46.193
ita,sex_t,age_ythadult_y15_64,ocu_skill_l1,2008,45.179
ita,sex_t,age_ythadult_y15_64,ocu_skill_l1,2009,43.552
ita,sex_t,age_ythadult_y15_64,ocu_skill_l1,2010,53.249
ita,sex_t,age_ythadult_y15_64,ocu_skill_l1,2011,305.809
ita,sex_t,age_ythadult_y15_64,ocu_skill_l1,2012,416.548
ita,sex_t,age_ythadult_y15_64,ocu_skill_l1,2013,437.849
ita,sex_t,age_ythadult_y15_64,ocu_skill_l1,2014,450.716
ita,sex_t,age_ythadult_y15_64,ocu_skill_l1,2015,435.198
ita,sex_t,age_ythadult_y15_64,ocu_skill_l1,2016,427.597
ita,sex_t,age_ythadult_y15_64,ocu_skill_l1,2017,356.309
ita,sex_t,age_ythadult_y15_64,ocu_skill_l1,2018,597.15
ita,sex_t,age_ythadult_y15_64,ocu_skill_l1,2019,574.372
ita,sex_t,age_ythadult_y15_64,ocu_skill_l1,2020,445.189
ita,sex_t,age_ythadult_y15_64,ocu_skill_l1,2021,501.272
ita,sex_t,age_ythadult_y15_64,ocu_skill_l1,2022,452.27
ita,sex_t,age_ythadult_y15_64,ocu_skill_l1,2023,451.979
ita,sex_t,age_ythadult_y15_64,ocu_skill_l2,2007,204.652
ita,sex_t,age_ythadult_y15_64,ocu_skill_l2,2008,223.824
ita,sex_t,age_ythadult_y15_64,ocu_skill_l2,2009,167.882
ita,sex_t,age_ythadult_y15_64,ocu_skill_l2,2010,207.656
ita,sex_t,age_ythadult_y15_64,ocu_skill_l2,2011,552.09
ita,sex_t,age_ythadult_y15_64,ocu_skill_l2,2012,558.069
ita,sex_t,age_ythadult_y15_64,ocu_skill_l2,2013,667.117
ita,sex_t,age_ythadult_y15_64,ocu_skill_l2,2014,651.829
ita,sex_t,age_ythadult_y15_64,ocu_skill_l2,2015,737.578
ita,sex_t,age_ythadult_y15_64,ocu_skill_l2,2016,698.719
ita,sex_t,age_ythadult_y15_64,ocu_skill_l2,2017,602.63
ita,sex_t,age_ythadult_y15_64,ocu_skill_l2,2018,643.728
ita,sex_t,age_ythadult_y15_64,ocu_skill_l2,2019,710.976
ita,sex_t,age_ythadult_y15_64,ocu_skill_l2,2020,534.475
ita,sex_t,age_ythadult_y15_64,ocu_skill_l2,2021,610.661
ita,sex_t,age_ythadult_y15_64,ocu_skill_l2,2022,523.175
ita,sex_t,age_ythadult_y15_64,ocu_skill_l2,2023,561.187
ita,sex_t,age_ythadult_y15_64,ocu_skill_l3_4,2007,147.004
ita,sex_t,age_ythadult_y15_64,ocu_skill_l3_4,2008,168.237
ita,sex_t,age_ythadult_y15_64,ocu_skill_l3_4,2009,141.896
ita,sex_t,age_ythadult_y15_64,ocu_skill_l3_4,2010,112.702
ita,sex_t,age_ythadult_y15_64,ocu_skill_l3_4,2011,114.45
ita,sex_t,age_ythadult_y15_64,ocu_skill_l3_4,2012,77.225
ita,sex_t,age_ythadult_y15_64,ocu_skill_l3_4,2013,74.507
ita,sex_t,age_ythadult_y15_64,ocu_skill_l3_4,2014,58.85
ita,sex_t,age_ythadult_y15_64,ocu_skill_l3_4,2015,78.545
ita,sex_t,age_ythadult_y15_64,ocu_skill_l3_4,2016,75.703
ita,sex_t,age_ythadult_y15_64,ocu_skill_l3_4,2017,47.688
ita,sex_t,age_ythadult_y15_64,ocu_skill_l3_4,2018,103.166
ita,sex_t,age_ythadult_y15_64,ocu_skill_l3_4,2019,142.91
ita,sex_t,age_ythadult_y15_64,ocu_skill_l3_4,2020,150.648
ita,sex_t,age_ythadult_y15_64,ocu_skill_l3_4,2021,139.658
ita,sex_t,age_ythadult_y15_64,ocu_skill_l3_4,2022,124.583
ita,sex_t,age_ythadult_y15_64,ocu_skill_l3_4,2023,94.875
ita,sex_t,age_ythadult_y15_64,ocu_skill_total,2007,397.849
ita,sex_t,age_ythadult_y15_64,ocu_skill_total,2008,437.239
ita,sex_t,age_ythadult_y15_64,ocu_skill_total,2009,353.33
ita,sex_t,age_ythadult_y15_64,ocu_skill_total,2010,373.606
ita,sex_t,age_ythadult_y15_64,ocu_skill_total,2011,972.349
ita,sex_t,age_ythadult_y15_64,ocu_skill_total,2012,1051.842
ita,sex_t,age_ythadult_y15_64,ocu_skill_total,2013,1179.473
ita,sex_t,age_ythadult_y15_64,ocu_skill_total,2014,1161.395
ita,sex_t,age_ythadult_y15_64,ocu_skill_total,2015,1251.321
ita,sex_t,age_ythadult_y15_64,ocu_skill_total,2016,1202.02
ita,sex_t,age_ythadult_y15_64,ocu_skill_total,2017,1006.627
ita,sex_t,age_ythadult_y15_64,ocu_skill_total,2018,1344.045
ita,sex_t,age_ythadult_y15_64,ocu_skill_total,2019,1428.258
ita,sex_t,age_ythadult_y15_64,ocu_skill_total,2020,1130.312
ita,sex_t,age_ythadult_y15_64,ocu_skill_total,2021,1251.59
ita,sex_t,age_ythadult_y15_64,ocu_skill_total,2022,1100.028
ita,sex_t,age_ythadult_y15_64,ocu_skill_total,2023,1108.041
ita,sex_t,age_ythadult_yge15,ocu_isco08_1,2011,29.946
ita,sex_t,age_ythadult_yge15,ocu_isco08_1,2012,22.254
ita,sex_t,age_ythadult_yge15,ocu_isco08_1,2013,12.534
ita,sex_t,age_ythadult_yge15,ocu_isco08_1,2014,12.335
ita,sex_t,age_ythadult_yge15,ocu_isco08_1,2015,13.04
ita,sex_t,age_ythadult_yge15,ocu_isco08_1,2016,23.11
ita,sex_t,age_ythadult_yge15,ocu_isco08_1,2017,11.591
ita,sex_t,age_ythadult_yge15,ocu_isco08_1,2019,15.271
ita,sex_t,age_ythadult_yge15,ocu_isco08_1,2021,22.349
ita,sex_t,age_ythadult_yge15,ocu_isco08_1,2022,17.39
ita,sex_t,age_ythadult_yge15,ocu_isco08_1,2023,16.544
ita,sex_t,age_ythadult_yge15,ocu_isco08_2,2011,36.649
ita,sex_t,age_ythadult_yge15,ocu_isco08_2,2012,30.69
ita,sex_t,age_ythadult_yge15,ocu_isco08_2,2013,34.039
ita,sex_t,age_ythadult_yge15,ocu_isco08_2,2014,28.542
ita,sex_t,age_ythadult_yge15,ocu_isco08_2,2015,40.042
ita,sex_t,age_ythadult_yge15,ocu_isco08_2,2016,18.308
ita,sex_t,age_ythadult_yge15,ocu_isco08_2,2017,21.424
ita,sex_t,age_ythadult_yge15,ocu_isco08_2,2018,42.167
ita,sex_t,age_ythadult_yge15,ocu_isco08_2,2019,84.246
ita,sex_t,age_ythadult_yge15,ocu_isco08_2,2020,71.261
ita,sex_t,age_ythadult_yge15,ocu_isco08_2,2021,49.423
ita,sex_t,age_ythadult_yge15,ocu_isco08_2,2022,50.009
ita,sex_t,age_ythadult_yge15,ocu_isco08_2,2023,47.476
ita,sex_t,age_ythadult_yge15,ocu_isco08_3,2011,53.72
ita,sex_t,age_ythadult_yge15,ocu_isco08_3,2012,31.32
ita,sex_t,age_ythadult_yge15,ocu_isco08_3,2013,32.823
ita,sex_t,age_ythadult_yge15,ocu_isco08_3,2014,19.348
ita,sex_t,age_ythadult_yge15,ocu_isco08_3,2015,28.83
ita,sex_t,age_ythadult_yge15,ocu_isco08_3,2016,37.196
ita,sex_t,age_ythadult_yge15,ocu_isco08_3,2017,16.02
ita,sex_t,age_ythadult_yge15,ocu_isco08_3,2018,55.172
ita,sex_t,age_ythadult_yge15,ocu_isco08_3,2019,43.393
ita,sex_t,age_ythadult_yge15,ocu_isco08_3,2020,76.83
ita,sex_t,age_ythadult_yge15,ocu_isco08_3,2021,69.051
ita,sex_t,age_ythadult_yge15,ocu_isco08_3,2022,57.184
ita,sex_t,age_ythadult_yge15,ocu_isco08_3,2023,34.966
ita,sex_t,age_ythadult_yge15,ocu_isco08_4,2011,35.317
ita,sex_t,age_ythadult_yge15,ocu_isco08_4,2012,18.097
ita,sex_t,age_ythadult_yge15,ocu_isco08_4,2013,14.943
ita,sex_t,age_ythadult_yge15,ocu_isco08_4,2014,13.939
ita,sex_t,age_ythadult_yge15,ocu_isco08_4,2015,25.72
ita,sex_t,age_ythadult_yge15,ocu_isco08_4,2016,23.472
ita,sex_t,age_ythadult_yge15,ocu_isco08_4,2017,20.314
ita,sex_t,age_ythadult_yge15,ocu_isco08_4,2018,27.253
ita,sex_t,age_ythadult_yge15,ocu_isco08_4,2019,44.16
ita,sex_t,age_ythadult_yge15,ocu_isco08_4,2020,22.517
ita,sex_t,age_ythadult_yge15,ocu_isco08_4,2021,29.858
ita,sex_t,age_ythadult_yge15,ocu_isco08_4,2022,16.007
ita,sex_t,age_ythadult_yge15,ocu_isco08_4,2023,12.444
ita,sex_t,age_ythadult_yge15,ocu_isco08_5,2011,440.246
ita,sex_t,age_ythadult_yge15,ocu_isco08_5,2012,499.837
ita,sex_t,age_ythadult_yge15,ocu_isco08_5,2013,640.161
ita,sex_t,age_ythadult_yge15,ocu_isco08_5,2014,617.29
ita,sex_t,age_ythadult_yge15,ocu_isco08_5,2015,696.177
ita,sex_t,age_ythadult_yge15,ocu_isco08_5,2016,599.155
ita,sex_t,age_ythadult_yge15,ocu_isco08_5,2017,532.902
ita,sex_t,age_ythadult_yge15,ocu_isco08_5,2018,555.459
ita,sex_t,age_ythadult_yge15,ocu_isco08_5,2019,574.195
ita,sex_t,age_ythadult_yge15,ocu_isco08_5,2020,471.689
ita,sex_t,age_ythadult_yge15,ocu_isco08_5,2021,488.841
ita,sex_t,age_ythadult_yge15,ocu_isco08_5,2022,456.611
ita,sex_t,age_ythadult_yge15,ocu_isco08_5,2023,503.394
ita,sex_t,age_ythadult_yge15,ocu_isco08_6,2011,16.572
ita,sex_t,age_ythadult_yge15,ocu_isco08_6,2012,16.994
ita,sex_t,age_ythadult_yge15,ocu_isco08_6,2013,14.771
ita,sex_t,age_ythadult_yge15,ocu_isco08_6,2014,22.596
ita,sex_t,age_ythadult_yge15,ocu_isco08_6,2015,8.472
ita,sex_t,age_ythadult_yge15,ocu_isco08_6,2016,46.686
ita,sex_t,age_ythadult_yge15,ocu_isco08_6,2017,4.58
ita,sex_t,age_ythadult_yge15,ocu_isco08_6,2018,16.763
ita,sex_t,age_ythadult_yge15,ocu_isco08_6,2019,22.254
ita,sex_t,age_ythadult_yge15,ocu_isco08_6,2021,20.461
ita,sex_t,age_ythadult_yge15,ocu_isco08_6,2022,11.327
ita,sex_t,age_ythadult_yge15,ocu_isco08_6,2023,5.844
ita,sex_t,age_ythadult_yge15,ocu_isco08_7,2011,62.277
ita,sex_t,age_ythadult_yge15,ocu_isco08_7,2012,34.983
ita,sex_t,age_ythadult_yge15,ocu_isco08_7,2013,16.303
ita,sex_t,age_ythadult_yge15,ocu_isco08_7,2014,21.179
ita,sex_t,age_ythadult_yge15,ocu_isco08_7,2015,21.158
ita,sex_t,age_ythadult_yge15,ocu_isco08_7,2016,38.131
ita,sex_t,age_ythadult_yge15,ocu_isco08_7,2017,40.166
ita,sex_t,age_ythadult_yge15,ocu_isco08_7,2018,57.129
ita,sex_t,age_ythadult_yge15,ocu_isco08_7,2019,66.145
ita,sex_t,age_ythadult_yge15,ocu_isco08_7,2020,34.966
ita,sex_t,age_ythadult_yge15,ocu_isco08_7,2021,62.094
ita,sex_t,age_ythadult_yge15,ocu_isco08_7,2022,35.646
ita,sex_t,age_ythadult_yge15,ocu_isco08_7,2023,42.693
ita,sex_t,age_ythadult_yge15,ocu_isco08_8,2011,14.116
ita,sex_t,age_ythadult_yge15,ocu_isco08_8,2012,7.146
ita,sex_t,age_ythadult_yge15,ocu_isco08_8,2013,9.834
ita,sex_t,age_ythadult_yge15,ocu_isco08_8,2015,5.915
ita,sex_t,age_ythadult_yge15,ocu_isco08_8,2016,5.179
ita,sex_t,age_ythadult_yge15,ocu_isco08_8,2017,18.805
ita,sex_t,age_ythadult_yge15,ocu_isco08_8,2018,8.823
ita,sex_t,age_ythadult_yge15,ocu_isco08_8,2019,22.878
ita,sex_t,age_ythadult_yge15,ocu_isco08_8,2020,14.202
ita,sex_t,age_ythadult_yge15,ocu_isco08_8,2021,28.345
ita,sex_t,age_ythadult_yge15,ocu_isco08_8,2022,19.131
ita,sex_t,age_ythadult_yge15,ocu_isco08_8,2023,8.04
ita,sex_t,age_ythadult_yge15,ocu_isco08_9,2011,308.788
ita,sex_t,age_ythadult_yge15,ocu_isco08_9,2012,424.162
ita,sex_t,age_ythadult_yge15,ocu_isco08_9,2013,437.849
ita,sex_t,age_ythadult_yge15,ocu_isco08_9,2014,458.409
ita,sex_t,age_ythadult_yge15,ocu_isco08_9,2015,439.887
ita,sex_t,age_ythadult_yge15,ocu_isco08_9,2016,433.815
ita,sex_t,age_ythadult_yge15,ocu_isco08_9,2017,362.177
ita,sex_t,age_ythadult_yge15,ocu_isco08_9,2018,610.473
ita,sex_t,age_ythadult_yge15,ocu_isco08_9,2019,592.176
ita,sex_t,age_ythadult_yge15,ocu_isco08_9,2020,455.205
ita,sex_t,age_ythadult_yge15,ocu_isco08_9,2021,532.115
ita,sex_t,age_ythadult_yge15,ocu_isco08_9,2022,469.602
ita,sex_t,age_ythadult_yge15,ocu_isco08_9,2023,474.44
ita,sex_t,age_ythadult_yge15,ocu_isco08_total,2011,997.631
ita,sex_t,age_ythadult_yge15,ocu_isco08_total,2012,1085.483
ita,sex_t,age_ythadult_yge15,ocu_isco08_total,2013,1213.256
ita,sex_t,age_ythadult_yge15,ocu_isco08_total,2014,1199.612
ita,sex_t,age_ythadult_yge15,ocu_isco08_total,2015,1279.241
ita,sex_t,age_ythadult_yge15,ocu_isco08_total,2016,1225.052
ita,sex_t,age_ythadult_yge15,ocu_isco08_total,2017,1027.981
ita,sex_t,age_ythadult_yge15,ocu_isco08_total,2018,1379.653
ita,sex_t,age_ythadult_yge15,ocu_isco08_total,2019,1464.717
ita,sex_t,age_ythadult_yge15,ocu_isco08_total,2020,1157.363
ita,sex_t,age_ythadult_yge15,ocu_isco08_total,2021,1302.537
ita,sex_t,age_ythadult_yge15,ocu_isco08_total,2022,1132.907
ita,sex_t,age_ythadult_yge15,ocu_isco08_total,2023,1145.841
ita,sex_t,age_ythadult_yge15,ocu_isco88_1,2007,53.506
ita,sex_t,age_ythadult_yge15,ocu_isco88_1,2008,74.172
ita,sex_t,age_ythadult_yge15,ocu_isco88_1,2009,68.978
ita,sex_t,age_ythadult_yge15,ocu_isco88_1,2010,53.86
ita,sex_t,age_ythadult_yge15,ocu_isco88_2,2007,38.13
ita,sex_t,age_ythadult_yge15,ocu_isco88_2,2008,39.232
ita,sex_t,age_ythadult_yge15,ocu_isco88_2,2009,29.923
ita,sex_t,age_ythadult_yge15,ocu_isco88_2,2010,34.438
ita,sex_t,age_ythadult_yge15,ocu_isco88_3,2007,58.624
ita,sex_t,age_ythadult_yge15,ocu_isco88_3,2008,64.913
ita,sex_t,age_ythadult_yge15,ocu_isco88_3,2009,47.203
ita,sex_t,age_ythadult_yge15,ocu_isco88_3,2010,31.641
ita,sex_t,age_ythadult_yge15,ocu_isco88_4,2007,27.184
ita,sex_t,age_ythadult_yge15,ocu_isco88_4,2008,32.124
ita,sex_t,age_ythadult_yge15,ocu_isco88_4,2009,17.714
ita,sex_t,age_ythadult_yge15,ocu_isco88_4,2010,16.405
ita,sex_t,age_ythadult_yge15,ocu_isco88_5,2007,60.448
ita,sex_t,age_ythadult_yge15,ocu_isco88_5,2008,73.911
ita,sex_t,age_ythadult_yge15,ocu_isco88_5,2009,51.54
ita,sex_t,age_ythadult_yge15,ocu_isco88_5,2010,69.89
ita,sex_t,age_ythadult_yge15,ocu_isco88_6,2007,29.864
ita,sex_t,age_ythadult_yge15,ocu_isco88_6,2008,62.054
ita,sex_t,age_ythadult_yge15,ocu_isco88_6,2009,55.222
ita,sex_t,age_ythadult_yge15,ocu_isco88_6,2010,42.244
ita,sex_t,age_ythadult_yge15,ocu_isco88_7,2007,70.009
ita,sex_t,age_ythadult_yge15,ocu_isco88_7,2008,50.2
ita,sex_t,age_ythadult_yge15,ocu_isco88_7,2009,37.995
ita,sex_t,age_ythadult_yge15,ocu_isco88_7,2010,73.521
ita,sex_t,age_ythadult_yge15,ocu_isco88_8,2007,20.744
ita,sex_t,age_ythadult_yge15,ocu_isco88_8,2008,11.987
ita,sex_t,age_ythadult_yge15,ocu_isco88_8,2009,9.112
ita,sex_t,age_ythadult_yge15,ocu_isco88_8,2010,17.292
ita,sex_t,age_ythadult_yge15,ocu_isco88_9,2007,46.193
ita,sex_t,age_ythadult_yge15,ocu_isco88_9,2008,46.193
ita,sex_t,age_ythadult_yge15,ocu_isco88_9,2009,44.193
ita,sex_t,age_ythadult_yge15,ocu_isco88_9,2010,55.198
ita,sex_t,age_ythadult_yge15,ocu_isco88_total,2007,404.701
ita,sex_t,age_ythadult_yge15,ocu_isco88_total,2008,454.786
ita,sex_t,age_ythadult_yge15,ocu_isco88_total,2009,361.879
ita,sex_t,age_ythadult_yge15,ocu_isco88_total,2010,394.489
ita,sex_t,age_ythadult_yge15,ocu_skill_l1,2007,46.193
ita,sex_t,age_ythadult_yge15,ocu_skill_l1,2008,46.193
ita,sex_t,age_ythadult_yge15,ocu_skill_l1,2009,44.193
ita,sex_t,age_ythadult_yge15,ocu_skill_l1,2010,55.198
ita,sex_t,age_ythadult_yge15,ocu_skill_l1,2011,308.788
ita,sex_t,age_ythadult_yge15,ocu_skill_l1,2012,424.162
ita,sex_t,age_ythadult_yge15,ocu_skill_l1,2013,437.849
ita,sex_t,age_ythadult_yge15,ocu_skill_l1,2014,458.409
ita,sex_t,age_ythadult_yge15,ocu_skill_l1,2015,439.887
ita,sex_t,age_ythadult_yge15,ocu_skill_l1,2016,433.815
ita,sex_t,age_ythadult_yge15,ocu_skill_l1,2017,362.177
ita,sex_t,age_ythadult_yge15,ocu_skill_l1,2018,610.473
ita,sex_t,age_ythadult_yge15,ocu_skill_l1,2019,592.176
ita,sex_t,age_ythadult_yge15,ocu_skill_l1,2020,455.205
ita,sex_t,age_ythadult_yge15,ocu_skill_l1,2021,532.115
ita,sex_t,age_ythadult_yge15,ocu_skill_l1,2022,469.602
ita,sex_t,age_ythadult_yge15,ocu_skill_l1,2023,474.44
ita,sex_t,age_ythadult_yge15,ocu_skill_l2,2007,208.249
ita,sex_t,age_ythadult_yge15,ocu_skill_l2,2008,230.276
ita,sex_t,age_ythadult_yge15,ocu_skill_l2,2009,171.583
ita,sex_t,age_ythadult_yge15,ocu_skill_l2,2010,219.353
ita,sex_t,age_ythadult_yge15,ocu_skill_l2,2011,568.527
ita,sex_t,age_ythadult_yge15,ocu_skill_l2,2012,577.057
ita,sex_t,age_ythadult_yge15,ocu_skill_l2,2013,696.011
ita,sex_t,age_ythadult_yge15,ocu_skill_l2,2014,680.977
ita,sex_t,age_ythadult_yge15,ocu_skill_l2,2015,757.442
ita,sex_t,age_ythadult_yge15,ocu_skill_l2,2016,712.624
ita,sex_t,age_ythadult_yge15,ocu_skill_l2,2017,616.767
ita,sex_t,age_ythadult_yge15,ocu_skill_l2,2018,665.427
ita,sex_t,age_ythadult_yge15,ocu_skill_l2,2019,729.631
ita,sex_t,age_ythadult_yge15,ocu_skill_l2,2020,550.971
ita,sex_t,age_ythadult_yge15,ocu_skill_l2,2021,629.599
ita,sex_t,age_ythadult_yge15,ocu_skill_l2,2022,538.722
ita,sex_t,age_ythadult_yge15,ocu_skill_l2,2023,572.415
ita,sex_t,age_ythadult_yge15,ocu_skill_l3_4,2007,150.259
ita,sex_t,age_ythadult_yge15,ocu_skill_l3_4,2008,178.317
ita,sex_t,age_ythadult_yge15,ocu_skill_l3_4,2009,146.104
ita,sex_t,age_ythadult_yge15,ocu_skill_l3_4,2010,119.938
ita,sex_t,age_ythadult_yge15,ocu_skill_l3_4,2011,120.316
ita,sex_t,age_ythadult_yge15,ocu_skill_l3_4,2012,84.264
ita,sex_t,age_ythadult_yge15,ocu_skill_l3_4,2013,79.396
ita,sex_t,age_ythadult_yge15,ocu_skill_l3_4,2014,60.226
ita,sex_t,age_ythadult_yge15,ocu_skill_l3_4,2015,81.911
ita,sex_t,age_ythadult_yge15,ocu_skill_l3_4,2016,78.614
ita,sex_t,age_ythadult_yge15,ocu_skill_l3_4,2017,49.036
ita,sex_t,age_ythadult_yge15,ocu_skill_l3_4,2018,103.753
ita,sex_t,age_ythadult_yge15,ocu_skill_l3_4,2019,142.91
ita,sex_t,age_ythadult_yge15,ocu_skill_l3_4,2020,151.187
ita,sex_t,age_ythadult_yge15,ocu_skill_l3_4,2021,140.823
ita,sex_t,age_ythadult_yge15,ocu_skill_l3_4,2022,124.583
ita,sex_t,age_ythadult_yge15,ocu_skill_l3_4,2023,98.986
ita,sex_t,age_ythadult_yge15,ocu_skill_total,2007,404.701
ita,sex_t,age_ythadult_yge15,ocu_skill_total,2008,454.786
ita,sex_t,age_ythadult_yge15,ocu_skill_total,2009,361.879
ita,sex_t,age_ythadult_yge15,ocu_skill_total,2010,394.489
ita,sex_t,age_ythadult_yge15,ocu_skill_total,2011,997.631
ita,sex_t,age_ythadult_yge15,ocu_skill_total,2012,1085.483
ita,sex_t,age_ythadult_yge15,ocu_skill_total,2013,1213.256
ita,sex_t,age_ythadult_yge15,ocu_skill_total,2014,1199.612
ita,sex_t,age_ythadult_yge15,ocu_skill_total,2015,1279.241
ita,sex_t,age_ythadult_yge15,ocu_skill_total,2016,1225.052
ita,sex_t,age_ythadult_yge15,ocu_skill_total,2017,1027.981
ita,sex_t,age_ythadult_yge15,ocu_skill_total,2018,1379.653
ita,sex_t,age_ythadult_yge15,ocu_skill_total,2019,1464.717
ita,sex_t,age_ythadult_yge15,ocu_skill_total,2020,1157.363
ita,sex_t,age_ythadult_yge15,ocu_skill_total,2021,1302.537
ita,sex_t,age_ythadult_yge15,ocu_skill_total,2022,1132.907
ita,sex_t,age_ythadult_yge15,ocu_skill_total,2023,1145.841
ita,sex_t,age_ythadult_yge25,ocu_isco08_1,2011,22.093
ita,sex_t,age_ythadult_yge25,ocu_isco08_1,2012,20.283
ita,sex_t,age_ythadult_yge25,ocu_isco08_1,2013,12.534
ita,sex_t,age_ythadult_yge25,ocu_isco08_1,2014,12.335
ita,sex_t,age_ythadult_yge25,ocu_isco08_1,2015,11.944
ita,sex_t,age_ythadult_yge25,ocu_isco08_1,2016,23.11
ita,sex_t,age_ythadult_yge25,ocu_isco08_1,2017,11.216
ita,sex_t,age_ythadult_yge25,ocu_isco08_1,2019,15.271
ita,sex_t,age_ythadult_yge25,ocu_isco08_1,2021,22.349
ita,sex_t,age_ythadult_yge25,ocu_isco08_1,2022,17.39
ita,sex_t,age_ythadult_yge25,ocu_isco08_1,2023,16.544
ita,sex_t,age_ythadult_yge25,ocu_isco08_2,2011,27.144
ita,sex_t,age_ythadult_yge25,ocu_isco08_2,2012,25.055
ita,sex_t,age_ythadult_yge25,ocu_isco08_2,2013,26.37
ita,sex_t,age_ythadult_yge25,ocu_isco08_2,2014,26.002
ita,sex_t,age_ythadult_yge25,ocu_isco08_2,2015,31.927
ita,sex_t,age_ythadult_yge25,ocu_isco08_2,2016,17.59
ita,sex_t,age_ythadult_yge25,ocu_isco08_2,2017,21.424
ita,sex_t,age_ythadult_yge25,ocu_isco08_2,2018,37.996
ita,sex_t,age_ythadult_yge25,ocu_isco08_2,2019,66.854
ita,sex_t,age_ythadult_yge25,ocu_isco08_2,2020,46.805
ita,sex_t,age_ythadult_yge25,ocu_isco08_2,2021,30.104
ita,sex_t,age_ythadult_yge25,ocu_isco08_2,2022,34.07
ita,sex_t,age_ythadult_yge25,ocu_isco08_2,2023,45.851
ita,sex_t,age_ythadult_yge25,ocu_isco08_3,2011,43.677
ita,sex_t,age_ythadult_yge25,ocu_isco08_3,2012,21.811
ita,sex_t,age_ythadult_yge25,ocu_isco08_3,2013,18.862
ita,sex_t,age_ythadult_yge25,ocu_isco08_3,2014,13.939
ita,sex_t,age_ythadult_yge25,ocu_isco08_3,2015,16.066
ita,sex_t,age_ythadult_yge25,ocu_isco08_3,2016,28.029
ita,sex_t,age_ythadult_yge25,ocu_isco08_3,2017,14.164
ita,sex_t,age_ythadult_yge25,ocu_isco08_3,2018,49.653
ita,sex_t,age_ythadult_yge25,ocu_isco08_3,2019,31.556
ita,sex_t,age_ythadult_yge25,ocu_isco08_3,2020,41.047
ita,sex_t,age_ythadult_yge25,ocu_isco08_3,2021,45.78
ita,sex_t,age_ythadult_yge25,ocu_isco08_3,2022,35.129
ita,sex_t,age_ythadult_yge25,ocu_isco08_3,2023,26.262
ita,sex_t,age_ythadult_yge25,ocu_isco08_4,2011,22.14
ita,sex_t,age_ythadult_yge25,ocu_isco08_4,2012,9.408
ita,sex_t,age_ythadult_yge25,ocu_isco08_4,2013,5.663
ita,sex_t,age_ythadult_yge25,ocu_isco08_4,2014,8.126
ita,sex_t,age_ythadult_yge25,ocu_isco08_4,2015,13.875
ita,sex_t,age_ythadult_yge25,ocu_isco08_4,2016,12.008
ita,sex_t,age_ythadult_yge25,ocu_isco08_4,2017,16.466
ita,sex_t,age_ythadult_yge25,ocu_isco08_4,2018,15.44
ita,sex_t,age_ythadult_yge25,ocu_isco08_4,2019,31.823
ita,sex_t,age_ythadult_yge25,ocu_isco08_4,2020,22.517
ita,sex_t,age_ythadult_yge25,ocu_isco08_4,2021,15.911
ita,sex_t,age_ythadult_yge25,ocu_isco08_4,2022,15.082
ita,sex_t,age_ythadult_yge25,ocu_isco08_4,2023,12.115
ita,sex_t,age_ythadult_yge25,ocu_isco08_5,2011,374.054
ita,sex_t,age_ythadult_yge25,ocu_isco08_5,2012,435.047
ita,sex_t,age_ythadult_yge25,ocu_isco08_5,2013,569.997
ita,sex_t,age_ythadult_yge25,ocu_isco08_5,2014,547.071
ita,sex_t,age_ythadult_yge25,ocu_isco08_5,2015,626.517
ita,sex_t,age_ythadult_yge25,ocu_isco08_5,2016,533.469
ita,sex_t,age_ythadult_yge25,ocu_isco08_5,2017,494.837
ita,sex_t,age_ythadult_yge25,ocu_isco08_5,2018,517.976
ita,sex_t,age_ythadult_yge25,ocu_isco08_5,2019,496.295
ita,sex_t,age_ythadult_yge25,ocu_isco08_5,2020,415.333
ita,sex_t,age_ythadult_yge25,ocu_isco08_5,2021,417.43
ita,sex_t,age_ythadult_yge25,ocu_isco08_5,2022,428.258
ita,sex_t,age_ythadult_yge25,ocu_isco08_5,2023,469.833
ita,sex_t,age_ythadult_yge25,ocu_isco08_6,2011,16.075
ita,sex_t,age_ythadult_yge25,ocu_isco08_6,2012,16.612
ita,sex_t,age_ythadult_yge25,ocu_isco08_6,2013,14.771
ita,sex_t,age_ythadult_yge25,ocu_isco08_6,2014,19.07
ita,sex_t,age_ythadult_yge25,ocu_isco08_6,2015,8.472
ita,sex_t,age_ythadult_yge25,ocu_isco08_6,2016,41.443
ita,sex_t,age_ythadult_yge25,ocu_isco08_6,2018,15.703
ita,sex_t,age_ythadult_yge25,ocu_isco08_6,2019,18.314
ita,sex_t,age_ythadult_yge25,ocu_isco08_6,2021,20.461
ita,sex_t,age_ythadult_yge25,ocu_isco08_6,2022,11.327
ita,sex_t,age_ythadult_yge25,ocu_isco08_6,2023,5.844
ita,sex_t,age_ythadult_yge25,ocu_isco08_7,2011,48.586
ita,sex_t,age_ythadult_yge25,ocu_isco08_7,2012,31.029
ita,sex_t,age_ythadult_yge25,ocu_isco08_7,2013,10.832
ita,sex_t,age_ythadult_yge25,ocu_isco08_7,2014,19.055
ita,sex_t,age_ythadult_yge25,ocu_isco08_7,2015,12.311
ita,sex_t,age_ythadult_yge25,ocu_isco08_7,2016,26.095
ita,sex_t,age_ythadult_yge25,ocu_isco08_7,2017,29.97
ita,sex_t,age_ythadult_yge25,ocu_isco08_7,2018,48.9
ita,sex_t,age_ythadult_yge25,ocu_isco08_7,2019,49.707
ita,sex_t,age_ythadult_yge25,ocu_isco08_7,2020,21.664
ita,sex_t,age_ythadult_yge25,ocu_isco08_7,2021,49.92
ita,sex_t,age_ythadult_yge25,ocu_isco08_7,2022,30.116
ita,sex_t,age_ythadult_yge25,ocu_isco08_7,2023,38.9
ita,sex_t,age_ythadult_yge25,ocu_isco08_8,2011,10.834
ita,sex_t,age_ythadult_yge25,ocu_isco08_8,2012,6.349
ita,sex_t,age_ythadult_yge25,ocu_isco08_8,2013,8.06
ita,sex_t,age_ythadult_yge25,ocu_isco08_8,2016,4.305
ita,sex_t,age_ythadult_yge25,ocu_isco08_8,2017,15.767
ita,sex_t,age_ythadult_yge25,ocu_isco08_8,2019,19.66
ita,sex_t,age_ythadult_yge25,ocu_isco08_8,2020,10.305
ita,sex_t,age_ythadult_yge25,ocu_isco08_8,2021,23.849
ita,sex_t,age_ythadult_yge25,ocu_isco08_8,2022,17.934
ita,sex_t,age_ythadult_yge25,ocu_isco08_9,2011,289.666
ita,sex_t,age_ythadult_yge25,ocu_isco08_9,2012,412.314
ita,sex_t,age_ythadult_yge25,ocu_isco08_9,2013,415.445
ita,sex_t,age_ythadult_yge25,ocu_isco08_9,2014,454.129
ita,sex_t,age_ythadult_yge25,ocu_isco08_9,2015,426.707
ita,sex_t,age_ythadult_yge25,ocu_isco08_9,2016,425.457
ita,sex_t,age_ythadult_yge25,ocu_isco08_9,2017,359.032
ita,sex_t,age_ythadult_yge25,ocu_isco08_9,2018,581.537
ita,sex_t,age_ythadult_yge25,ocu_isco08_9,2019,572.043
ita,sex_t,age_ythadult_yge25,ocu_isco08_9,2020,438.801
ita,sex_t,age_ythadult_yge25,ocu_isco08_9,2021,515.965
ita,sex_t,age_ythadult_yge25,ocu_isco08_9,2022,448.235
ita,sex_t,age_ythadult_yge25,ocu_isco08_9,2023,472.713
ita,sex_t,age_ythadult_yge25,ocu_isco08_total,2011,854.269
ita,sex_t,age_ythadult_yge25,ocu_isco08_total,2012,977.908
ita,sex_t,age_ythadult_yge25,ocu_isco08_total,2013,1082.534
ita,sex_t,age_ythadult_yge25,ocu_isco08_total,2014,1104.915
ita,sex_t,age_ythadult_yge25,ocu_isco08_total,2015,1152.268
ita,sex_t,age_ythadult_yge25,ocu_isco08_total,2016,1111.507
ita,sex_t,age_ythadult_yge25,ocu_isco08_total,2017,967.296
ita,sex_t,age_ythadult_yge25,ocu_isco08_total,2018,1279.412
ita,sex_t,age_ythadult_yge25,ocu_isco08_total,2019,1301.523
ita,sex_t,age_ythadult_yge25,ocu_isco08_total,2020,1006.6
ita,sex_t,age_ythadult_yge25,ocu_isco08_total,2021,1141.769
ita,sex_t,age_ythadult_yge25,ocu_isco08_total,2022,1037.541
ita,sex_t,age_ythadult_yge25,ocu_isco08_total,2023,1096.085
ita,sex_t,age_ythadult_yge25,ocu_isco88_1,2007,48.515
ita,sex_t,age_ythadult_yge25,ocu_isco88_1,2008,70.562
ita,sex_t,age_ythadult_yge25,ocu_isco88_1,2009,63.8
ita,sex_t,age_ythadult_yge25,ocu_isco88_1,2010,50.891
ita,sex_t,age_ythadult_yge25,ocu_isco88_2,2007,29.788
ita,sex_t,age_ythadult_yge25,ocu_isco88_2,2008,34.068
ita,sex_t,age_ythadult_yge25,ocu_isco88_2,2009,25.586
ita,sex_t,age_ythadult_yge25,ocu_isco88_2,2010,30.238
ita,sex_t,age_ythadult_yge25,ocu_isco88_3,2007,42.058
ita,sex_t,age_ythadult_yge25,ocu_isco88_3,2008,42.492
ita,sex_t,age_ythadult_yge25,ocu_isco88_3,2009,29.552
ita,sex_t,age_ythadult_yge25,ocu_isco88_3,2010,22.172
ita,sex_t,age_ythadult_yge25,ocu_isco88_4,2007,13.404
ita,sex_t,age_ythadult_yge25,ocu_isco88_4,2008,14.712
ita,sex_t,age_ythadult_yge25,ocu_isco88_4,2009,10.948
ita,sex_t,age_ythadult_yge25,ocu_isco88_4,2010,8.374
ita,sex_t,age_ythadult_yge25,ocu_isco88_5,2007,34.409
ita,sex_t,age_ythadult_yge25,ocu_isco88_5,2008,49.504
ita,sex_t,age_ythadult_yge25,ocu_isco88_5,2009,37.327
ita,sex_t,age_ythadult_yge25,ocu_isco88_5,2010,54.028
ita,sex_t,age_ythadult_yge25,ocu_isco88_6,2007,27.956
ita,sex_t,age_ythadult_yge25,ocu_isco88_6,2008,56.347
ita,sex_t,age_ythadult_yge25,ocu_isco88_6,2009,50.638
ita,sex_t,age_ythadult_yge25,ocu_isco88_6,2010,38.909
ita,sex_t,age_ythadult_yge25,ocu_isco88_7,2007,54.77
ita,sex_t,age_ythadult_yge25,ocu_isco88_7,2008,38.242
ita,sex_t,age_ythadult_yge25,ocu_isco88_7,2009,32.175
ita,sex_t,age_ythadult_yge25,ocu_isco88_7,2010,64.61
ita,sex_t,age_ythadult_yge25,ocu_isco88_8,2007,12.885
ita,sex_t,age_ythadult_yge25,ocu_isco88_8,2008,6.607
ita,sex_t,age_ythadult_yge25,ocu_isco88_8,2009,7.68
ita,sex_t,age_ythadult_yge25,ocu_isco88_8,2010,15.274
ita,sex_t,age_ythadult_yge25,ocu_isco88_9,2007,33.965
ita,sex_t,age_ythadult_yge25,ocu_isco88_9,2008,36.594
ita,sex_t,age_ythadult_yge25,ocu_isco88_9,2009,34.16
ita,sex_t,age_ythadult_yge25,ocu_isco88_9,2010,39.822
ita,sex_t,age_ythadult_yge25,ocu_isco88_total,2007,297.749
ita,sex_t,age_ythadult_yge25,ocu_isco88_total,2008,349.128
ita,sex_t,age_ythadult_yge25,ocu_isco88_total,2009,291.866
ita,sex_t,age_ythadult_yge25,ocu_isco88_total,2010,324.317
ita,sex_t,age_ythadult_yge25,ocu_skill_l1,2007,33.965
ita,sex_t,age_ythadult_yge25,ocu_skill_l1,2008,36.594
ita,sex_t,age_ythadult_yge25,ocu_skill_l1,2009,34.16
ita,sex_t,age_ythadult_yge25,ocu_skill_l1,2010,39.822
ita,sex_t,age_ythadult_yge25,ocu_skill_l1,2011,289.666
ita,sex_t,age_ythadult_yge25,ocu_skill_l1,2012,412.314
ita,sex_t,age_ythadult_yge25,ocu_skill_l1,2013,415.445
ita,sex_t,age_ythadult_yge25,ocu_skill_l1,2014,454.129
ita,sex_t,age_ythadult_yge25,ocu_skill_l1,2015,426.707
ita,sex_t,age_ythadult_yge25,ocu_skill_l1,2016,425.457
ita,sex_t,age_ythadult_yge25,ocu_skill_l1,2017,359.032
ita,sex_t,age_ythadult_yge25,ocu_skill_l1,2018,581.537
ita,sex_t,age_ythadult_yge25,ocu_skill_l1,2019,572.043
ita,sex_t,age_ythadult_yge25,ocu_skill_l1,2020,438.801
ita,sex_t,age_ythadult_yge25,ocu_skill_l1,2021,515.965
ita,sex_t,age_ythadult_yge25,ocu_skill_l1,2022,448.235
ita,sex_t,age_ythadult_yge25,ocu_skill_l1,2023,472.713
ita,sex_t,age_ythadult_yge25,ocu_skill_l2,2007,143.424
ita,sex_t,age_ythadult_yge25,ocu_skill_l2,2008,165.412
ita,sex_t,age_ythadult_yge25,ocu_skill_l2,2009,138.768
ita,sex_t,age_ythadult_yge25,ocu_skill_l2,2010,181.194
ita,sex_t,age_ythadult_yge25,ocu_skill_l2,2011,471.689
ita,sex_t,age_ythadult_yge25,ocu_skill_l2,2012,498.444
ita,sex_t,age_ythadult_yge25,ocu_skill_l2,2013,609.323
ita,sex_t,age_ythadult_yge25,ocu_skill_l2,2014,598.509
ita,sex_t,age_ythadult_yge25,ocu_skill_l2,2015,665.624
ita,sex_t,age_ythadult_yge25,ocu_skill_l2,2016,617.32
ita,sex_t,age_ythadult_yge25,ocu_skill_l2,2017,561.46
ita,sex_t,age_ythadult_yge25,ocu_skill_l2,2018,603.813
ita,sex_t,age_ythadult_yge25,ocu_skill_l2,2019,615.798
ita,sex_t,age_ythadult_yge25,ocu_skill_l2,2020,477.416
ita,sex_t,age_ythadult_yge25,ocu_skill_l2,2021,527.571
ita,sex_t,age_ythadult_yge25,ocu_skill_l2,2022,502.716
ita,sex_t,age_ythadult_yge25,ocu_skill_l2,2023,534.716
ita,sex_t,age_ythadult_yge25,ocu_skill_l3_4,2007,120.36
ita,sex_t,age_ythadult_yge25,ocu_skill_l3_4,2008,147.122
ita,sex_t,age_ythadult_yge25,ocu_skill_l3_4,2009,118.938
ita,sex_t,age_ythadult_yge25,ocu_skill_l3_4,2010,103.301
ita,sex_t,age_ythadult_yge25,ocu_skill_l3_4,2011,92.914
ita,sex_t,age_ythadult_yge25,ocu_skill_l3_4,2012,67.15
ita,sex_t,age_ythadult_yge25,ocu_skill_l3_4,2013,57.766
ita,sex_t,age_ythadult_yge25,ocu_skill_l3_4,2014,52.277
ita,sex_t,age_ythadult_yge25,ocu_skill_l3_4,2015,59.937
ita,sex_t,age_ythadult_yge25,ocu_skill_l3_4,2016,68.729
ita,sex_t,age_ythadult_yge25,ocu_skill_l3_4,2017,46.804
ita,sex_t,age_ythadult_yge25,ocu_skill_l3_4,2018,94.062
ita,sex_t,age_ythadult_yge25,ocu_skill_l3_4,2019,113.682
ita,sex_t,age_ythadult_yge25,ocu_skill_l3_4,2020,90.383
ita,sex_t,age_ythadult_yge25,ocu_skill_l3_4,2021,98.233
ita,sex_t,age_ythadult_yge25,ocu_skill_l3_4,2022,86.59
ita,sex_t,age_ythadult_yge25,ocu_skill_l3_4,2023,88.657
ita,sex_t,age_ythadult_yge25,ocu_skill_total,2007,297.749
ita,sex_t,age_ythadult_yge25,ocu_skill_total,2008,349.128
ita,sex_t,age_ythadult_yge25,ocu_skill_total,2009,291.866
ita,sex_t,age_ythadult_yge25,ocu_skill_total,2010,324.317
ita,sex_t,age_ythadult_yge25,ocu_skill_total,2011,854.269
ita,sex_t,age_ythadult_yge25,ocu_skill_total,2012,977.908
ita,sex_t,age_ythadult_yge25,ocu_skill_total,2013,1082.534
ita,sex_t,age_ythadult_yge25,ocu_skill_total,2014,1104.915
ita,sex_t,age_ythadult_yge25,ocu_skill_total,2015,1152.268
ita,sex_t,age_ythadult_yge25,ocu_skill_total,2016,1111.507
ita,sex_t,age_ythadult_yge25,ocu_skill_total,2017,967.296
ita,sex_t,age_ythadult_yge25,ocu_skill_total,2018,1279.412
ita,sex_t,age_ythadult_yge25,ocu_skill_total,2019,1301.523
ita,sex_t,age_ythadult_yge25,ocu_skill_total,2020,1006.6
ita,sex_t,age_ythadult_yge25,ocu_skill_total,2021,1141.769
ita,sex_t,age_ythadult_yge25,ocu_skill_total,2022,1037.541
ita,sex_t,age_ythadult_yge25,ocu_skill_total,2023,1096.085
