ref_area,sex,classif1,classif2,time,emp_pifl_sex_eco_est_nb
gha,sex_f,eco_aggregate_agr,est_sizeaggregate_s1_4,2013,1796.658
gha,sex_f,eco_aggregate_agr,est_sizeaggregate_s1_4,2015,1082.36
gha,sex_f,eco_aggregate_agr,est_sizeaggregate_s5_49,2013,722.397
gha,sex_f,eco_aggregate_agr,est_sizeaggregate_s5_49,2015,60.459
gha,sex_f,eco_aggregate_agr,est_sizeaggregate_sge50,2013,8.011
gha,sex_f,eco_aggregate_agr,est_sizeaggregate_total,2013,2617.292
gha,sex_f,eco_aggregate_agr,est_sizeaggregate_total,2015,1324.764
gha,sex_f,eco_aggregate_agr,est_sizeaggregate_x,2013,90.226
gha,sex_f,eco_aggregate_agr,est_sizeaggregate_x,2015,181.445
gha,sex_f,eco_aggregate_agr,est_sizedetails_s1,2013,513.912
gha,sex_f,eco_aggregate_agr,est_sizedetails_s1,2015,614.151
gha,sex_f,eco_aggregate_agr,est_sizedetails_s10_19,2013,128.404
gha,sex_f,eco_aggregate_agr,est_sizedetails_s10_19,2015,12.078
gha,sex_f,eco_aggregate_agr,est_sizedetails_s20_49,2013,4.981
gha,sex_f,eco_aggregate_agr,est_sizedetails_s2_4,2013,1282.746
gha,sex_f,eco_aggregate_agr,est_sizedetails_s2_4,2015,468.21
gha,sex_f,eco_aggregate_agr,est_sizedetails_s5_9,2013,589.012
gha,sex_f,eco_aggregate_agr,est_sizedetails_s5_9,2015,46.873
gha,sex_f,eco_aggregate_agr,est_sizedetails_sge50,2013,8.011
gha,sex_f,eco_aggregate_agr,est_sizedetails_total,2013,2617.292
gha,sex_f,eco_aggregate_agr,est_sizedetails_total,2015,1324.764
gha,sex_f,eco_aggregate_agr,est_sizedetails_x,2013,90.226
gha,sex_f,eco_aggregate_agr,est_sizedetails_x,2015,181.445
gha,sex_f,eco_aggregate_con,est_sizeaggregate_s1_4,2013,2.619
gha,sex_f,eco_aggregate_con,est_sizeaggregate_s1_4,2015,7.507
gha,sex_f,eco_aggregate_con,est_sizeaggregate_s5_49,2013,3.509
gha,sex_f,eco_aggregate_con,est_sizeaggregate_total,2013,7.617
gha,sex_f,eco_aggregate_con,est_sizeaggregate_total,2015,10.606
gha,sex_f,eco_aggregate_con,est_sizeaggregate_x,2013,1.489
gha,sex_f,eco_aggregate_con,est_sizedetails_total,2013,7.617
gha,sex_f,eco_aggregate_con,est_sizedetails_total,2015,10.606
gha,sex_f,eco_aggregate_con,est_sizedetails_x,2013,1.489
gha,sex_f,eco_aggregate_man,est_sizeaggregate_s1_4,2013,458.207
gha,sex_f,eco_aggregate_man,est_sizeaggregate_s1_4,2015,592.075
gha,sex_f,eco_aggregate_man,est_sizeaggregate_s5_49,2013,105.762
gha,sex_f,eco_aggregate_man,est_sizeaggregate_s5_49,2015,35.005
gha,sex_f,eco_aggregate_man,est_sizeaggregate_sge50,2013,1.832
gha,sex_f,eco_aggregate_man,est_sizeaggregate_total,2013,604.786
gha,sex_f,eco_aggregate_man,est_sizeaggregate_total,2015,630.262
gha,sex_f,eco_aggregate_man,est_sizeaggregate_x,2013,38.985
gha,sex_f,eco_aggregate_man,est_sizedetails_s1,2013,261.655
gha,sex_f,eco_aggregate_man,est_sizedetails_s1,2015,438.502
gha,sex_f,eco_aggregate_man,est_sizedetails_s10_19,2013,18.451
gha,sex_f,eco_aggregate_man,est_sizedetails_s20_49,2013,5.735
gha,sex_f,eco_aggregate_man,est_sizedetails_s2_4,2013,196.552
gha,sex_f,eco_aggregate_man,est_sizedetails_s2_4,2015,153.573
gha,sex_f,eco_aggregate_man,est_sizedetails_s5_9,2013,81.576
gha,sex_f,eco_aggregate_man,est_sizedetails_s5_9,2015,34.247
gha,sex_f,eco_aggregate_man,est_sizedetails_sge50,2013,1.832
gha,sex_f,eco_aggregate_man,est_sizedetails_total,2013,604.786
gha,sex_f,eco_aggregate_man,est_sizedetails_total,2015,630.262
gha,sex_f,eco_aggregate_man,est_sizedetails_x,2013,38.985
gha,sex_f,eco_aggregate_mel,est_sizeaggregate_s1_4,2013,9.263
gha,sex_f,eco_aggregate_mel,est_sizeaggregate_s1_4,2015,11.36
gha,sex_f,eco_aggregate_mel,est_sizeaggregate_s5_49,2013,16.792
gha,sex_f,eco_aggregate_mel,est_sizeaggregate_total,2013,37.747
gha,sex_f,eco_aggregate_mel,est_sizeaggregate_total,2015,20.843
gha,sex_f,eco_aggregate_mel,est_sizeaggregate_x,2013,10.136
gha,sex_f,eco_aggregate_mel,est_sizedetails_s1,2013,4.63
gha,sex_f,eco_aggregate_mel,est_sizedetails_s1,2015,11.36
gha,sex_f,eco_aggregate_mel,est_sizedetails_s10_19,2013,3.773
gha,sex_f,eco_aggregate_mel,est_sizedetails_s20_49,2013,4.344
gha,sex_f,eco_aggregate_mel,est_sizedetails_s2_4,2013,4.633
gha,sex_f,eco_aggregate_mel,est_sizedetails_s5_9,2013,8.675
gha,sex_f,eco_aggregate_mel,est_sizedetails_total,2013,37.747
gha,sex_f,eco_aggregate_mel,est_sizedetails_total,2015,20.843
gha,sex_f,eco_aggregate_mel,est_sizedetails_x,2013,10.136
gha,sex_f,eco_aggregate_mkt,est_sizeaggregate_s1_4,2013,1733.951
gha,sex_f,eco_aggregate_mkt,est_sizeaggregate_s1_4,2015,1222.884
gha,sex_f,eco_aggregate_mkt,est_sizeaggregate_s5_49,2013,169.048
gha,sex_f,eco_aggregate_mkt,est_sizeaggregate_s5_49,2015,22.454
gha,sex_f,eco_aggregate_mkt,est_sizeaggregate_sge50,2013,11.746
gha,sex_f,eco_aggregate_mkt,est_sizeaggregate_total,2013,2180.522
gha,sex_f,eco_aggregate_mkt,est_sizeaggregate_total,2015,1267.496
gha,sex_f,eco_aggregate_mkt,est_sizeaggregate_x,2013,265.777
gha,sex_f,eco_aggregate_mkt,est_sizeaggregate_x,2015,20.211
gha,sex_f,eco_aggregate_mkt,est_sizedetails_s1,2013,1120.52
gha,sex_f,eco_aggregate_mkt,est_sizedetails_s1,2015,1020.019
gha,sex_f,eco_aggregate_mkt,est_sizedetails_s10_19,2013,32.449
gha,sex_f,eco_aggregate_mkt,est_sizedetails_s20_49,2013,24.513
gha,sex_f,eco_aggregate_mkt,est_sizedetails_s2_4,2013,613.431
gha,sex_f,eco_aggregate_mkt,est_sizedetails_s2_4,2015,202.865
gha,sex_f,eco_aggregate_mkt,est_sizedetails_s5_9,2013,112.086
gha,sex_f,eco_aggregate_mkt,est_sizedetails_s5_9,2015,15.907
gha,sex_f,eco_aggregate_mkt,est_sizedetails_sge50,2013,11.746
gha,sex_f,eco_aggregate_mkt,est_sizedetails_total,2013,2180.522
gha,sex_f,eco_aggregate_mkt,est_sizedetails_total,2015,1267.496
gha,sex_f,eco_aggregate_mkt,est_sizedetails_x,2013,265.777
gha,sex_f,eco_aggregate_mkt,est_sizedetails_x,2015,20.211
gha,sex_f,eco_aggregate_pub,est_sizeaggregate_s1_4,2013,262.727
gha,sex_f,eco_aggregate_pub,est_sizeaggregate_s1_4,2015,183.668
gha,sex_f,eco_aggregate_pub,est_sizeaggregate_s5_49,2013,95.812
gha,sex_f,eco_aggregate_pub,est_sizeaggregate_s5_49,2015,9.519
gha,sex_f,eco_aggregate_pub,est_sizeaggregate_sge50,2013,3.311
gha,sex_f,eco_aggregate_pub,est_sizeaggregate_total,2013,389.687
gha,sex_f,eco_aggregate_pub,est_sizeaggregate_total,2015,211.881
gha,sex_f,eco_aggregate_pub,est_sizeaggregate_x,2013,27.837
gha,sex_f,eco_aggregate_pub,est_sizeaggregate_x,2015,15.202
gha,sex_f,eco_aggregate_pub,est_sizedetails_s1,2013,119.814
gha,sex_f,eco_aggregate_pub,est_sizedetails_s1,2015,135.865
gha,sex_f,eco_aggregate_pub,est_sizedetails_s10_19,2013,25.922
gha,sex_f,eco_aggregate_pub,est_sizedetails_s20_49,2013,4.684
gha,sex_f,eco_aggregate_pub,est_sizedetails_s2_4,2013,142.913
gha,sex_f,eco_aggregate_pub,est_sizedetails_s2_4,2015,47.803
gha,sex_f,eco_aggregate_pub,est_sizedetails_s5_9,2013,65.207
gha,sex_f,eco_aggregate_pub,est_sizedetails_sge50,2013,3.311
gha,sex_f,eco_aggregate_pub,est_sizedetails_total,2013,389.687
gha,sex_f,eco_aggregate_pub,est_sizedetails_total,2015,211.881
gha,sex_f,eco_aggregate_pub,est_sizedetails_x,2013,27.837
gha,sex_f,eco_aggregate_pub,est_sizedetails_x,2015,15.202
gha,sex_f,eco_aggregate_total,est_sizeaggregate_s1_4,2013,4279.2
gha,sex_f,eco_aggregate_total,est_sizeaggregate_s1_4,2015,3099.855
gha,sex_f,eco_aggregate_total,est_sizeaggregate_s5_49,2013,1118.578
gha,sex_f,eco_aggregate_total,est_sizeaggregate_s5_49,2015,134.024
gha,sex_f,eco_aggregate_total,est_sizeaggregate_sge50,2013,26.457
gha,sex_f,eco_aggregate_total,est_sizeaggregate_sge50,2015,13.275
gha,sex_f,eco_aggregate_total,est_sizeaggregate_total,2013,5859.499
gha,sex_f,eco_aggregate_total,est_sizeaggregate_total,2015,3470.506
gha,sex_f,eco_aggregate_total,est_sizeaggregate_x,2013,435.264
gha,sex_f,eco_aggregate_total,est_sizeaggregate_x,2015,223.352
gha,sex_f,eco_aggregate_total,est_sizedetails_s1,2013,2030.748
gha,sex_f,eco_aggregate_total,est_sizedetails_s1,2015,2222.62
gha,sex_f,eco_aggregate_total,est_sizedetails_s10_19,2013,211.827
gha,sex_f,eco_aggregate_total,est_sizedetails_s10_19,2015,24.947
gha,sex_f,eco_aggregate_total,est_sizedetails_s20_49,2013,45.006
gha,sex_f,eco_aggregate_total,est_sizedetails_s20_49,2015,6.925
gha,sex_f,eco_aggregate_total,est_sizedetails_s2_4,2013,2248.452
gha,sex_f,eco_aggregate_total,est_sizedetails_s2_4,2015,877.235
gha,sex_f,eco_aggregate_total,est_sizedetails_s5_9,2013,861.745
gha,sex_f,eco_aggregate_total,est_sizedetails_s5_9,2015,102.152
gha,sex_f,eco_aggregate_total,est_sizedetails_sge50,2013,26.457
gha,sex_f,eco_aggregate_total,est_sizedetails_sge50,2015,13.275
gha,sex_f,eco_aggregate_total,est_sizedetails_total,2013,5859.499
gha,sex_f,eco_aggregate_total,est_sizedetails_total,2015,3470.506
gha,sex_f,eco_aggregate_total,est_sizedetails_x,2013,435.264
gha,sex_f,eco_aggregate_total,est_sizedetails_x,2015,223.352
gha,sex_f,eco_aggregate_x,est_sizeaggregate_s1_4,2013,15.775
gha,sex_f,eco_aggregate_x,est_sizeaggregate_s5_49,2013,5.258
gha,sex_f,eco_aggregate_x,est_sizeaggregate_total,2013,21.848
gha,sex_f,eco_aggregate_x,est_sizeaggregate_total,2015,4.654
gha,sex_f,eco_aggregate_x,est_sizeaggregate_x,2015,4.654
gha,sex_f,eco_aggregate_x,est_sizedetails_s1,2013,8.651
gha,sex_f,eco_aggregate_x,est_sizedetails_s2_4,2013,7.125
gha,sex_f,eco_aggregate_x,est_sizedetails_s5_9,2013,4.453
gha,sex_f,eco_aggregate_x,est_sizedetails_total,2013,21.848
gha,sex_f,eco_aggregate_x,est_sizedetails_total,2015,4.654
gha,sex_f,eco_aggregate_x,est_sizedetails_x,2015,4.654
gha,sex_f,eco_isic4_a,est_sizeaggregate_s1_4,2013,1796.658
gha,sex_f,eco_isic4_a,est_sizeaggregate_s1_4,2015,1082.36
gha,sex_f,eco_isic4_a,est_sizeaggregate_s5_49,2013,722.397
gha,sex_f,eco_isic4_a,est_sizeaggregate_s5_49,2015,60.459
gha,sex_f,eco_isic4_a,est_sizeaggregate_sge50,2013,8.011
gha,sex_f,eco_isic4_a,est_sizeaggregate_total,2013,2617.292
gha,sex_f,eco_isic4_a,est_sizeaggregate_total,2015,1324.764
gha,sex_f,eco_isic4_a,est_sizeaggregate_x,2013,90.226
gha,sex_f,eco_isic4_a,est_sizeaggregate_x,2015,181.445
gha,sex_f,eco_isic4_b,est_sizeaggregate_s1_4,2013,7.37
gha,sex_f,eco_isic4_b,est_sizeaggregate_s1_4,2015,7.568
gha,sex_f,eco_isic4_b,est_sizeaggregate_s5_49,2013,15.068
gha,sex_f,eco_isic4_b,est_sizeaggregate_total,2013,31.879
gha,sex_f,eco_isic4_b,est_sizeaggregate_total,2015,11.427
gha,sex_f,eco_isic4_b,est_sizeaggregate_x,2013,8.459
gha,sex_f,eco_isic4_c,est_sizeaggregate_s1_4,2013,458.207
gha,sex_f,eco_isic4_c,est_sizeaggregate_s1_4,2015,592.075
gha,sex_f,eco_isic4_c,est_sizeaggregate_s5_49,2013,105.762
gha,sex_f,eco_isic4_c,est_sizeaggregate_s5_49,2015,35.005
gha,sex_f,eco_isic4_c,est_sizeaggregate_sge50,2013,1.832
gha,sex_f,eco_isic4_c,est_sizeaggregate_total,2013,604.786
gha,sex_f,eco_isic4_c,est_sizeaggregate_total,2015,630.262
gha,sex_f,eco_isic4_c,est_sizeaggregate_x,2013,38.985
gha,sex_f,eco_isic4_e,est_sizeaggregate_s5_49,2013,1.724
gha,sex_f,eco_isic4_e,est_sizeaggregate_total,2013,4.817
gha,sex_f,eco_isic4_e,est_sizeaggregate_total,2015,9.416
gha,sex_f,eco_isic4_e,est_sizeaggregate_x,2013,1.432
gha,sex_f,eco_isic4_f,est_sizeaggregate_s1_4,2013,2.619
gha,sex_f,eco_isic4_f,est_sizeaggregate_s1_4,2015,7.507
gha,sex_f,eco_isic4_f,est_sizeaggregate_s5_49,2013,3.509
gha,sex_f,eco_isic4_f,est_sizeaggregate_total,2013,7.617
gha,sex_f,eco_isic4_f,est_sizeaggregate_total,2015,10.606
gha,sex_f,eco_isic4_f,est_sizeaggregate_x,2013,1.489
gha,sex_f,eco_isic4_g,est_sizeaggregate_s1_4,2013,1390.577
gha,sex_f,eco_isic4_g,est_sizeaggregate_s1_4,2015,966.348
gha,sex_f,eco_isic4_g,est_sizeaggregate_s5_49,2013,81.55
gha,sex_f,eco_isic4_g,est_sizeaggregate_s5_49,2015,14.725
gha,sex_f,eco_isic4_g,est_sizeaggregate_sge50,2013,9.943
gha,sex_f,eco_isic4_g,est_sizeaggregate_total,2013,1712.785
gha,sex_f,eco_isic4_g,est_sizeaggregate_total,2015,1002.059
gha,sex_f,eco_isic4_g,est_sizeaggregate_x,2013,230.715
gha,sex_f,eco_isic4_g,est_sizeaggregate_x,2015,19.038
gha,sex_f,eco_isic4_h,est_sizeaggregate_s1_4,2013,5.218
gha,sex_f,eco_isic4_h,est_sizeaggregate_s5_49,2013,1.694
gha,sex_f,eco_isic4_h,est_sizeaggregate_total,2013,7.457
gha,sex_f,eco_isic4_i,est_sizeaggregate_s1_4,2013,304.228
gha,sex_f,eco_isic4_i,est_sizeaggregate_s1_4,2015,235.014
gha,sex_f,eco_isic4_i,est_sizeaggregate_s5_49,2013,59.072
gha,sex_f,eco_isic4_i,est_sizeaggregate_total,2013,386.968
gha,sex_f,eco_isic4_i,est_sizeaggregate_total,2015,242.08
gha,sex_f,eco_isic4_i,est_sizeaggregate_x,2013,23.078
gha,sex_f,eco_isic4_j,est_sizeaggregate_s1_4,2013,1.934
gha,sex_f,eco_isic4_j,est_sizeaggregate_total,2013,3.835
gha,sex_f,eco_isic4_k,est_sizeaggregate_s1_4,2013,3.83
gha,sex_f,eco_isic4_k,est_sizeaggregate_s5_49,2013,4.639
gha,sex_f,eco_isic4_k,est_sizeaggregate_total,2013,13.706
gha,sex_f,eco_isic4_k,est_sizeaggregate_x,2013,4.795
gha,sex_f,eco_isic4_m,est_sizeaggregate_s1_4,2013,23.643
gha,sex_f,eco_isic4_m,est_sizeaggregate_s1_4,2015,17.785
gha,sex_f,eco_isic4_m,est_sizeaggregate_s5_49,2013,16.029
gha,sex_f,eco_isic4_m,est_sizeaggregate_total,2013,40.37
gha,sex_f,eco_isic4_m,est_sizeaggregate_total,2015,19.621
gha,sex_f,eco_isic4_n,est_sizeaggregate_s1_4,2013,4.52
gha,sex_f,eco_isic4_n,est_sizeaggregate_s5_49,2013,4.077
gha,sex_f,eco_isic4_n,est_sizeaggregate_total,2013,14.528
gha,sex_f,eco_isic4_n,est_sizeaggregate_x,2013,5.16
gha,sex_f,eco_isic4_o,est_sizeaggregate_s1_4,2015,23.006
gha,sex_f,eco_isic4_o,est_sizeaggregate_total,2015,23.006
gha,sex_f,eco_isic4_p,est_sizeaggregate_s1_4,2013,12.331
gha,sex_f,eco_isic4_p,est_sizeaggregate_s1_4,2015,12.618
gha,sex_f,eco_isic4_p,est_sizeaggregate_s5_49,2013,20.405
gha,sex_f,eco_isic4_p,est_sizeaggregate_total,2013,38.858
gha,sex_f,eco_isic4_p,est_sizeaggregate_total,2015,18.848
gha,sex_f,eco_isic4_p,est_sizeaggregate_x,2013,5.551
gha,sex_f,eco_isic4_q,est_sizeaggregate_s1_4,2013,7.464
gha,sex_f,eco_isic4_q,est_sizeaggregate_s1_4,2015,13.377
gha,sex_f,eco_isic4_q,est_sizeaggregate_s5_49,2013,1.767
gha,sex_f,eco_isic4_q,est_sizeaggregate_total,2013,10.377
gha,sex_f,eco_isic4_q,est_sizeaggregate_total,2015,13.377
gha,sex_f,eco_isic4_q,est_sizeaggregate_x,2013,1.146
gha,sex_f,eco_isic4_r,est_sizeaggregate_s1_4,2013,2.087
gha,sex_f,eco_isic4_r,est_sizeaggregate_total,2013,3.261
gha,sex_f,eco_isic4_s,est_sizeaggregate_s1_4,2013,200.391
gha,sex_f,eco_isic4_s,est_sizeaggregate_s1_4,2015,95.63
gha,sex_f,eco_isic4_s,est_sizeaggregate_s5_49,2013,58.948
gha,sex_f,eco_isic4_s,est_sizeaggregate_sge50,2013,2.195
gha,sex_f,eco_isic4_s,est_sizeaggregate_total,2013,281.48
gha,sex_f,eco_isic4_s,est_sizeaggregate_total,2015,115.198
gha,sex_f,eco_isic4_s,est_sizeaggregate_x,2013,19.946
gha,sex_f,eco_isic4_s,est_sizeaggregate_x,2015,14.442
gha,sex_f,eco_isic4_t,est_sizeaggregate_s1_4,2013,40.453
gha,sex_f,eco_isic4_t,est_sizeaggregate_s1_4,2015,36.442
gha,sex_f,eco_isic4_t,est_sizeaggregate_s5_49,2013,14.254
gha,sex_f,eco_isic4_t,est_sizeaggregate_total,2013,55.062
gha,sex_f,eco_isic4_t,est_sizeaggregate_total,2015,38.857
gha,sex_f,eco_isic4_total,est_sizeaggregate_s1_4,2013,4279.2
gha,sex_f,eco_isic4_total,est_sizeaggregate_s1_4,2015,3099.855
gha,sex_f,eco_isic4_total,est_sizeaggregate_s5_49,2013,1118.578
gha,sex_f,eco_isic4_total,est_sizeaggregate_s5_49,2015,134.024
gha,sex_f,eco_isic4_total,est_sizeaggregate_sge50,2013,26.457
gha,sex_f,eco_isic4_total,est_sizeaggregate_sge50,2015,13.275
gha,sex_f,eco_isic4_total,est_sizeaggregate_total,2013,5859.499
gha,sex_f,eco_isic4_total,est_sizeaggregate_total,2015,3470.506
gha,sex_f,eco_isic4_total,est_sizeaggregate_x,2013,435.264
gha,sex_f,eco_isic4_total,est_sizeaggregate_x,2015,223.352
gha,sex_f,eco_isic4_x,est_sizeaggregate_s1_4,2013,15.775
gha,sex_f,eco_isic4_x,est_sizeaggregate_s5_49,2013,5.258
gha,sex_f,eco_isic4_x,est_sizeaggregate_total,2013,21.848
gha,sex_f,eco_isic4_x,est_sizeaggregate_total,2015,4.654
gha,sex_f,eco_isic4_x,est_sizeaggregate_x,2015,4.654
gha,sex_f,eco_sector_agr,est_sizeaggregate_s1_4,2013,1796.658
gha,sex_f,eco_sector_agr,est_sizeaggregate_s1_4,2015,1082.36
gha,sex_f,eco_sector_agr,est_sizeaggregate_s5_49,2013,722.397
gha,sex_f,eco_sector_agr,est_sizeaggregate_s5_49,2015,60.459
gha,sex_f,eco_sector_agr,est_sizeaggregate_sge50,2013,8.011
gha,sex_f,eco_sector_agr,est_sizeaggregate_total,2013,2617.292
gha,sex_f,eco_sector_agr,est_sizeaggregate_total,2015,1324.764
gha,sex_f,eco_sector_agr,est_sizeaggregate_x,2013,90.226
gha,sex_f,eco_sector_agr,est_sizeaggregate_x,2015,181.445
gha,sex_f,eco_sector_agr,est_sizedetails_s1,2013,513.912
gha,sex_f,eco_sector_agr,est_sizedetails_s1,2015,614.151
gha,sex_f,eco_sector_agr,est_sizedetails_s10_19,2013,128.404
gha,sex_f,eco_sector_agr,est_sizedetails_s10_19,2015,12.078
gha,sex_f,eco_sector_agr,est_sizedetails_s20_49,2013,4.981
gha,sex_f,eco_sector_agr,est_sizedetails_s2_4,2013,1282.746
gha,sex_f,eco_sector_agr,est_sizedetails_s2_4,2015,468.21
gha,sex_f,eco_sector_agr,est_sizedetails_s5_9,2013,589.012
gha,sex_f,eco_sector_agr,est_sizedetails_s5_9,2015,46.873
gha,sex_f,eco_sector_agr,est_sizedetails_sge50,2013,8.011
gha,sex_f,eco_sector_agr,est_sizedetails_total,2013,2617.292
gha,sex_f,eco_sector_agr,est_sizedetails_total,2015,1324.764
gha,sex_f,eco_sector_agr,est_sizedetails_x,2013,90.226
gha,sex_f,eco_sector_agr,est_sizedetails_x,2015,181.445
gha,sex_f,eco_sector_ind,est_sizeaggregate_s1_4,2013,470.089
gha,sex_f,eco_sector_ind,est_sizeaggregate_s1_4,2015,610.942
gha,sex_f,eco_sector_ind,est_sizeaggregate_s5_49,2013,126.063
gha,sex_f,eco_sector_ind,est_sizeaggregate_s5_49,2015,41.593
gha,sex_f,eco_sector_ind,est_sizeaggregate_sge50,2013,3.389
gha,sex_f,eco_sector_ind,est_sizeaggregate_sge50,2015,7.336
gha,sex_f,eco_sector_ind,est_sizeaggregate_total,2013,650.15
gha,sex_f,eco_sector_ind,est_sizeaggregate_total,2015,661.711
gha,sex_f,eco_sector_ind,est_sizeaggregate_x,2013,50.609
gha,sex_f,eco_sector_ind,est_sizedetails_s1,2013,267.851
gha,sex_f,eco_sector_ind,est_sizedetails_s1,2015,452.585
gha,sex_f,eco_sector_ind,est_sizedetails_s10_19,2013,24.997
gha,sex_f,eco_sector_ind,est_sizedetails_s20_49,2013,10.079
gha,sex_f,eco_sector_ind,est_sizedetails_s2_4,2013,202.238
gha,sex_f,eco_sector_ind,est_sizedetails_s2_4,2015,158.357
gha,sex_f,eco_sector_ind,est_sizedetails_s5_9,2013,90.987
gha,sex_f,eco_sector_ind,est_sizedetails_s5_9,2015,36.082
gha,sex_f,eco_sector_ind,est_sizedetails_sge50,2013,3.389
gha,sex_f,eco_sector_ind,est_sizedetails_sge50,2015,7.336
gha,sex_f,eco_sector_ind,est_sizedetails_total,2013,650.15
gha,sex_f,eco_sector_ind,est_sizedetails_total,2015,661.711
gha,sex_f,eco_sector_ind,est_sizedetails_x,2013,50.609
gha,sex_f,eco_sector_nag,est_sizeaggregate_s1_4,2013,2482.542
gha,sex_f,eco_sector_nag,est_sizeaggregate_s1_4,2015,2017.495
gha,sex_f,eco_sector_nag,est_sizeaggregate_s5_49,2013,396.181
gha,sex_f,eco_sector_nag,est_sizeaggregate_s5_49,2015,73.566
gha,sex_f,eco_sector_nag,est_sizeaggregate_sge50,2013,18.445
gha,sex_f,eco_sector_nag,est_sizeaggregate_sge50,2015,12.775
gha,sex_f,eco_sector_nag,est_sizeaggregate_total,2013,3242.207
gha,sex_f,eco_sector_nag,est_sizeaggregate_total,2015,2145.743
gha,sex_f,eco_sector_nag,est_sizeaggregate_x,2013,345.039
gha,sex_f,eco_sector_nag,est_sizeaggregate_x,2015,41.907
gha,sex_f,eco_sector_nag,est_sizedetails_s1,2013,1516.836
gha,sex_f,eco_sector_nag,est_sizedetails_s1,2015,1608.469
gha,sex_f,eco_sector_nag,est_sizedetails_s10_19,2013,83.423
gha,sex_f,eco_sector_nag,est_sizedetails_s10_19,2015,12.869
gha,sex_f,eco_sector_nag,est_sizedetails_s20_49,2013,40.026
gha,sex_f,eco_sector_nag,est_sizedetails_s2_4,2013,965.705
gha,sex_f,eco_sector_nag,est_sizedetails_s2_4,2015,409.026
gha,sex_f,eco_sector_nag,est_sizedetails_s5_9,2013,272.733
gha,sex_f,eco_sector_nag,est_sizedetails_s5_9,2015,55.278
gha,sex_f,eco_sector_nag,est_sizedetails_sge50,2013,18.445
gha,sex_f,eco_sector_nag,est_sizedetails_sge50,2015,12.775
gha,sex_f,eco_sector_nag,est_sizedetails_total,2013,3242.207
gha,sex_f,eco_sector_nag,est_sizedetails_total,2015,2145.743
gha,sex_f,eco_sector_nag,est_sizedetails_x,2013,345.039
gha,sex_f,eco_sector_nag,est_sizedetails_x,2015,41.907
gha,sex_f,eco_sector_ser,est_sizeaggregate_s1_4,2013,1996.678
gha,sex_f,eco_sector_ser,est_sizeaggregate_s1_4,2015,1406.553
gha,sex_f,eco_sector_ser,est_sizeaggregate_s5_49,2013,264.86
gha,sex_f,eco_sector_ser,est_sizeaggregate_s5_49,2015,31.972
gha,sex_f,eco_sector_ser,est_sizeaggregate_sge50,2013,15.057
gha,sex_f,eco_sector_ser,est_sizeaggregate_total,2013,2570.209
gha,sex_f,eco_sector_ser,est_sizeaggregate_total,2015,1479.377
gha,sex_f,eco_sector_ser,est_sizeaggregate_x,2013,293.615
gha,sex_f,eco_sector_ser,est_sizeaggregate_x,2015,35.413
gha,sex_f,eco_sector_ser,est_sizedetails_s1,2013,1240.334
gha,sex_f,eco_sector_ser,est_sizedetails_s1,2015,1155.884
gha,sex_f,eco_sector_ser,est_sizedetails_s10_19,2013,58.37
gha,sex_f,eco_sector_ser,est_sizedetails_s10_19,2015,10.941
gha,sex_f,eco_sector_ser,est_sizedetails_s20_49,2013,29.197
gha,sex_f,eco_sector_ser,est_sizedetails_s2_4,2013,756.343
gha,sex_f,eco_sector_ser,est_sizedetails_s2_4,2015,250.668
gha,sex_f,eco_sector_ser,est_sizedetails_s5_9,2013,177.293
gha,sex_f,eco_sector_ser,est_sizedetails_s5_9,2015,19.196
gha,sex_f,eco_sector_ser,est_sizedetails_sge50,2013,15.057
gha,sex_f,eco_sector_ser,est_sizedetails_total,2013,2570.209
gha,sex_f,eco_sector_ser,est_sizedetails_total,2015,1479.377
gha,sex_f,eco_sector_ser,est_sizedetails_x,2013,293.615
gha,sex_f,eco_sector_ser,est_sizedetails_x,2015,35.413
gha,sex_f,eco_sector_total,est_sizeaggregate_s1_4,2013,4279.2
gha,sex_f,eco_sector_total,est_sizeaggregate_s1_4,2015,3099.855
gha,sex_f,eco_sector_total,est_sizeaggregate_s5_49,2013,1118.578
gha,sex_f,eco_sector_total,est_sizeaggregate_s5_49,2015,134.024
gha,sex_f,eco_sector_total,est_sizeaggregate_sge50,2013,26.457
gha,sex_f,eco_sector_total,est_sizeaggregate_sge50,2015,13.275
gha,sex_f,eco_sector_total,est_sizeaggregate_total,2013,5859.499
gha,sex_f,eco_sector_total,est_sizeaggregate_total,2015,3470.506
gha,sex_f,eco_sector_total,est_sizeaggregate_x,2013,435.264
gha,sex_f,eco_sector_total,est_sizeaggregate_x,2015,223.352
gha,sex_f,eco_sector_total,est_sizedetails_s1,2013,2030.748
gha,sex_f,eco_sector_total,est_sizedetails_s1,2015,2222.62
gha,sex_f,eco_sector_total,est_sizedetails_s10_19,2013,211.827
gha,sex_f,eco_sector_total,est_sizedetails_s10_19,2015,24.947
gha,sex_f,eco_sector_total,est_sizedetails_s20_49,2013,45.006
gha,sex_f,eco_sector_total,est_sizedetails_s20_49,2015,6.925
gha,sex_f,eco_sector_total,est_sizedetails_s2_4,2013,2248.452
gha,sex_f,eco_sector_total,est_sizedetails_s2_4,2015,877.235
gha,sex_f,eco_sector_total,est_sizedetails_s5_9,2013,861.745
gha,sex_f,eco_sector_total,est_sizedetails_s5_9,2015,102.152
gha,sex_f,eco_sector_total,est_sizedetails_sge50,2013,26.457
gha,sex_f,eco_sector_total,est_sizedetails_sge50,2015,13.275
gha,sex_f,eco_sector_total,est_sizedetails_total,2013,5859.499
gha,sex_f,eco_sector_total,est_sizedetails_total,2015,3470.506
gha,sex_f,eco_sector_total,est_sizedetails_x,2013,435.264
gha,sex_f,eco_sector_total,est_sizedetails_x,2015,223.352
gha,sex_f,eco_sector_x,est_sizeaggregate_s1_4,2013,15.775
gha,sex_f,eco_sector_x,est_sizeaggregate_s5_49,2013,5.258
gha,sex_f,eco_sector_x,est_sizeaggregate_total,2013,21.848
gha,sex_f,eco_sector_x,est_sizeaggregate_total,2015,4.654
gha,sex_f,eco_sector_x,est_sizeaggregate_x,2015,4.654
gha,sex_f,eco_sector_x,est_sizedetails_s1,2013,8.651
gha,sex_f,eco_sector_x,est_sizedetails_s2_4,2013,7.125
gha,sex_f,eco_sector_x,est_sizedetails_s5_9,2013,4.453
gha,sex_f,eco_sector_x,est_sizedetails_total,2013,21.848
gha,sex_f,eco_sector_x,est_sizedetails_total,2015,4.654
gha,sex_f,eco_sector_x,est_sizedetails_x,2015,4.654
gha,sex_m,eco_aggregate_agr,est_sizeaggregate_s1_4,2013,1862.12
gha,sex_m,eco_aggregate_agr,est_sizeaggregate_s1_4,2015,1440.448
gha,sex_m,eco_aggregate_agr,est_sizeaggregate_s5_49,2013,805.331
gha,sex_m,eco_aggregate_agr,est_sizeaggregate_s5_49,2015,59.444
gha,sex_m,eco_aggregate_agr,est_sizeaggregate_sge50,2013,5.117
gha,sex_m,eco_aggregate_agr,est_sizeaggregate_total,2013,2785.31
gha,sex_m,eco_aggregate_agr,est_sizeaggregate_total,2015,1690.533
gha,sex_m,eco_aggregate_agr,est_sizeaggregate_x,2013,112.743
gha,sex_m,eco_aggregate_agr,est_sizeaggregate_x,2015,187.174
gha,sex_m,eco_aggregate_agr,est_sizedetails_s1,2013,542.821
gha,sex_m,eco_aggregate_agr,est_sizedetails_s1,2015,858.78
gha,sex_m,eco_aggregate_agr,est_sizedetails_s10_19,2013,139.169
gha,sex_m,eco_aggregate_agr,est_sizedetails_s10_19,2015,13.051
gha,sex_m,eco_aggregate_agr,est_sizedetails_s20_49,2013,15.335
gha,sex_m,eco_aggregate_agr,est_sizedetails_s2_4,2013,1319.299
gha,sex_m,eco_aggregate_agr,est_sizedetails_s2_4,2015,581.668
gha,sex_m,eco_aggregate_agr,est_sizedetails_s5_9,2013,650.827
gha,sex_m,eco_aggregate_agr,est_sizedetails_s5_9,2015,41.372
gha,sex_m,eco_aggregate_agr,est_sizedetails_sge50,2013,5.117
gha,sex_m,eco_aggregate_agr,est_sizedetails_total,2013,2785.31
gha,sex_m,eco_aggregate_agr,est_sizedetails_total,2015,1690.533
gha,sex_m,eco_aggregate_agr,est_sizedetails_x,2013,112.743
gha,sex_m,eco_aggregate_agr,est_sizedetails_x,2015,187.174
gha,sex_m,eco_aggregate_con,est_sizeaggregate_s1_4,2013,156.188
gha,sex_m,eco_aggregate_con,est_sizeaggregate_s1_4,2015,162.1
gha,sex_m,eco_aggregate_con,est_sizeaggregate_s5_49,2013,136.736
gha,sex_m,eco_aggregate_con,est_sizeaggregate_s5_49,2015,65.572
gha,sex_m,eco_aggregate_con,est_sizeaggregate_total,2013,342.289
gha,sex_m,eco_aggregate_con,est_sizeaggregate_total,2015,233.482
gha,sex_m,eco_aggregate_con,est_sizeaggregate_x,2013,48.345
gha,sex_m,eco_aggregate_con,est_sizedetails_s1,2013,52.704
gha,sex_m,eco_aggregate_con,est_sizedetails_s1,2015,82.077
gha,sex_m,eco_aggregate_con,est_sizedetails_s10_19,2013,36.608
gha,sex_m,eco_aggregate_con,est_sizedetails_s10_19,2015,15.638
gha,sex_m,eco_aggregate_con,est_sizedetails_s20_49,2013,6.952
gha,sex_m,eco_aggregate_con,est_sizedetails_s20_49,2015,8.823
gha,sex_m,eco_aggregate_con,est_sizedetails_s2_4,2013,103.484
gha,sex_m,eco_aggregate_con,est_sizedetails_s2_4,2015,80.023
gha,sex_m,eco_aggregate_con,est_sizedetails_s5_9,2013,93.176
gha,sex_m,eco_aggregate_con,est_sizedetails_s5_9,2015,41.111
gha,sex_m,eco_aggregate_con,est_sizedetails_total,2013,342.289
gha,sex_m,eco_aggregate_con,est_sizedetails_total,2015,233.482
gha,sex_m,eco_aggregate_con,est_sizedetails_x,2013,48.345
gha,sex_m,eco_aggregate_man,est_sizeaggregate_s1_4,2013,243.103
gha,sex_m,eco_aggregate_man,est_sizeaggregate_s1_4,2015,187.345
gha,sex_m,eco_aggregate_man,est_sizeaggregate_s5_49,2013,96.319
gha,sex_m,eco_aggregate_man,est_sizeaggregate_s5_49,2015,17.758
gha,sex_m,eco_aggregate_man,est_sizeaggregate_total,2013,378.476
gha,sex_m,eco_aggregate_man,est_sizeaggregate_total,2015,207.639
gha,sex_m,eco_aggregate_man,est_sizeaggregate_x,2013,37.02
gha,sex_m,eco_aggregate_man,est_sizedetails_s1,2013,120.136
gha,sex_m,eco_aggregate_man,est_sizedetails_s1,2015,119.805
gha,sex_m,eco_aggregate_man,est_sizedetails_s10_19,2013,25.164
gha,sex_m,eco_aggregate_man,est_sizedetails_s20_49,2013,7.285
gha,sex_m,eco_aggregate_man,est_sizedetails_s2_4,2013,122.967
gha,sex_m,eco_aggregate_man,est_sizedetails_s2_4,2015,67.54
gha,sex_m,eco_aggregate_man,est_sizedetails_s5_9,2013,63.871
gha,sex_m,eco_aggregate_man,est_sizedetails_s5_9,2015,14.861
gha,sex_m,eco_aggregate_man,est_sizedetails_total,2013,378.476
gha,sex_m,eco_aggregate_man,est_sizedetails_total,2015,207.639
gha,sex_m,eco_aggregate_man,est_sizedetails_x,2013,37.02
gha,sex_m,eco_aggregate_mel,est_sizeaggregate_s1_4,2013,21.437
gha,sex_m,eco_aggregate_mel,est_sizeaggregate_s1_4,2015,22.082
gha,sex_m,eco_aggregate_mel,est_sizeaggregate_s5_49,2013,68.673
gha,sex_m,eco_aggregate_mel,est_sizeaggregate_s5_49,2015,24.033
gha,sex_m,eco_aggregate_mel,est_sizeaggregate_sge50,2013,2.576
gha,sex_m,eco_aggregate_mel,est_sizeaggregate_total,2013,130.329
gha,sex_m,eco_aggregate_mel,est_sizeaggregate_total,2015,51.381
gha,sex_m,eco_aggregate_mel,est_sizeaggregate_x,2013,37.644
gha,sex_m,eco_aggregate_mel,est_sizedetails_s1,2013,8.269
gha,sex_m,eco_aggregate_mel,est_sizedetails_s1,2015,16.714
gha,sex_m,eco_aggregate_mel,est_sizedetails_s10_19,2013,23.484
gha,sex_m,eco_aggregate_mel,est_sizedetails_s20_49,2013,8.512
gha,sex_m,eco_aggregate_mel,est_sizedetails_s20_49,2015,9.056
gha,sex_m,eco_aggregate_mel,est_sizedetails_s2_4,2013,13.169
gha,sex_m,eco_aggregate_mel,est_sizedetails_s5_9,2013,36.676
gha,sex_m,eco_aggregate_mel,est_sizedetails_s5_9,2015,6.561
gha,sex_m,eco_aggregate_mel,est_sizedetails_sge50,2013,2.576
gha,sex_m,eco_aggregate_mel,est_sizedetails_total,2013,130.329
gha,sex_m,eco_aggregate_mel,est_sizedetails_total,2015,51.381
gha,sex_m,eco_aggregate_mel,est_sizedetails_x,2013,37.644
gha,sex_m,eco_aggregate_mkt,est_sizeaggregate_s1_4,2013,638.202
gha,sex_m,eco_aggregate_mkt,est_sizeaggregate_s1_4,2015,427.296
gha,sex_m,eco_aggregate_mkt,est_sizeaggregate_s5_49,2013,199.922
gha,sex_m,eco_aggregate_mkt,est_sizeaggregate_s5_49,2015,42.723
gha,sex_m,eco_aggregate_mkt,est_sizeaggregate_sge50,2013,12.667
gha,sex_m,eco_aggregate_mkt,est_sizeaggregate_total,2013,1060.965
gha,sex_m,eco_aggregate_mkt,est_sizeaggregate_total,2015,488.247
gha,sex_m,eco_aggregate_mkt,est_sizeaggregate_x,2013,210.174
gha,sex_m,eco_aggregate_mkt,est_sizeaggregate_x,2015,12.86
gha,sex_m,eco_aggregate_mkt,est_sizedetails_s1,2013,290.204
gha,sex_m,eco_aggregate_mkt,est_sizedetails_s1,2015,258.219
gha,sex_m,eco_aggregate_mkt,est_sizedetails_s10_19,2013,63.948
gha,sex_m,eco_aggregate_mkt,est_sizedetails_s10_19,2015,9.303
gha,sex_m,eco_aggregate_mkt,est_sizedetails_s20_49,2013,29.866
gha,sex_m,eco_aggregate_mkt,est_sizedetails_s2_4,2013,347.998
gha,sex_m,eco_aggregate_mkt,est_sizedetails_s2_4,2015,169.077
gha,sex_m,eco_aggregate_mkt,est_sizedetails_s5_9,2013,106.108
gha,sex_m,eco_aggregate_mkt,est_sizedetails_s5_9,2015,31.474
gha,sex_m,eco_aggregate_mkt,est_sizedetails_sge50,2013,12.667
gha,sex_m,eco_aggregate_mkt,est_sizedetails_total,2013,1060.965
gha,sex_m,eco_aggregate_mkt,est_sizedetails_total,2015,488.247
gha,sex_m,eco_aggregate_mkt,est_sizedetails_x,2013,210.174
gha,sex_m,eco_aggregate_mkt,est_sizedetails_x,2015,12.86
gha,sex_m,eco_aggregate_pub,est_sizeaggregate_s1_4,2013,144.895
gha,sex_m,eco_aggregate_pub,est_sizeaggregate_s1_4,2015,156.868
gha,sex_m,eco_aggregate_pub,est_sizeaggregate_s5_49,2013,71.043
gha,sex_m,eco_aggregate_pub,est_sizeaggregate_s5_49,2015,29.247
gha,sex_m,eco_aggregate_pub,est_sizeaggregate_sge50,2013,2.532
gha,sex_m,eco_aggregate_pub,est_sizeaggregate_total,2013,251.335
gha,sex_m,eco_aggregate_pub,est_sizeaggregate_total,2015,199.472
gha,sex_m,eco_aggregate_pub,est_sizeaggregate_x,2013,32.864
gha,sex_m,eco_aggregate_pub,est_sizeaggregate_x,2015,8.819
gha,sex_m,eco_aggregate_pub,est_sizedetails_s1,2013,82.467
gha,sex_m,eco_aggregate_pub,est_sizedetails_s1,2015,115.767
gha,sex_m,eco_aggregate_pub,est_sizedetails_s10_19,2013,22.303
gha,sex_m,eco_aggregate_pub,est_sizedetails_s10_19,2015,14.754
gha,sex_m,eco_aggregate_pub,est_sizedetails_s20_49,2013,14.484
gha,sex_m,eco_aggregate_pub,est_sizedetails_s20_49,2015,7.864
gha,sex_m,eco_aggregate_pub,est_sizedetails_s2_4,2013,62.428
gha,sex_m,eco_aggregate_pub,est_sizedetails_s2_4,2015,41.101
gha,sex_m,eco_aggregate_pub,est_sizedetails_s5_9,2013,34.257
gha,sex_m,eco_aggregate_pub,est_sizedetails_s5_9,2015,6.629
gha,sex_m,eco_aggregate_pub,est_sizedetails_sge50,2013,2.532
gha,sex_m,eco_aggregate_pub,est_sizedetails_total,2013,251.335
gha,sex_m,eco_aggregate_pub,est_sizedetails_total,2015,199.472
gha,sex_m,eco_aggregate_pub,est_sizedetails_x,2013,32.864
gha,sex_m,eco_aggregate_pub,est_sizedetails_x,2015,8.819
gha,sex_m,eco_aggregate_total,est_sizeaggregate_s1_4,2013,3082.218
gha,sex_m,eco_aggregate_total,est_sizeaggregate_s1_4,2015,2396.139
gha,sex_m,eco_aggregate_total,est_sizeaggregate_s5_49,2013,1382.752
gha,sex_m,eco_aggregate_total,est_sizeaggregate_s5_49,2015,238.776
gha,sex_m,eco_aggregate_total,est_sizeaggregate_sge50,2013,26.227
gha,sex_m,eco_aggregate_total,est_sizeaggregate_sge50,2015,23.422
gha,sex_m,eco_aggregate_total,est_sizeaggregate_total,2013,4972.451
gha,sex_m,eco_aggregate_total,est_sizeaggregate_total,2015,2873.199
gha,sex_m,eco_aggregate_total,est_sizeaggregate_x,2013,481.254
gha,sex_m,eco_aggregate_total,est_sizeaggregate_x,2015,214.861
gha,sex_m,eco_aggregate_total,est_sizedetails_s1,2013,1100.477
gha,sex_m,eco_aggregate_total,est_sizedetails_s1,2015,1451.363
gha,sex_m,eco_aggregate_total,est_sizedetails_s10_19,2013,311.877
gha,sex_m,eco_aggregate_total,est_sizedetails_s10_19,2015,62.608
gha,sex_m,eco_aggregate_total,est_sizedetails_s20_49,2013,82.435
gha,sex_m,eco_aggregate_total,est_sizedetails_s20_49,2015,34.161
gha,sex_m,eco_aggregate_total,est_sizedetails_s2_4,2013,1981.741
gha,sex_m,eco_aggregate_total,est_sizedetails_s2_4,2015,944.776
gha,sex_m,eco_aggregate_total,est_sizedetails_s5_9,2013,988.44
gha,sex_m,eco_aggregate_total,est_sizedetails_s5_9,2015,142.007
gha,sex_m,eco_aggregate_total,est_sizedetails_sge50,2013,26.227
gha,sex_m,eco_aggregate_total,est_sizedetails_sge50,2015,23.422
gha,sex_m,eco_aggregate_total,est_sizedetails_total,2013,4972.451
gha,sex_m,eco_aggregate_total,est_sizedetails_total,2015,2873.199
gha,sex_m,eco_aggregate_total,est_sizedetails_x,2013,481.254
gha,sex_m,eco_aggregate_total,est_sizedetails_x,2015,214.861
gha,sex_m,eco_aggregate_x,est_sizeaggregate_s1_4,2013,16.273
gha,sex_m,eco_aggregate_x,est_sizeaggregate_s5_49,2013,4.728
gha,sex_m,eco_aggregate_x,est_sizeaggregate_total,2013,23.746
gha,sex_m,eco_aggregate_x,est_sizeaggregate_x,2013,2.465
gha,sex_m,eco_aggregate_x,est_sizedetails_s1,2013,3.877
gha,sex_m,eco_aggregate_x,est_sizedetails_s2_4,2013,12.396
gha,sex_m,eco_aggregate_x,est_sizedetails_s5_9,2013,3.526
gha,sex_m,eco_aggregate_x,est_sizedetails_total,2013,23.746
gha,sex_m,eco_aggregate_x,est_sizedetails_x,2013,2.465
gha,sex_m,eco_isic4_a,est_sizeaggregate_s1_4,2013,1862.12
gha,sex_m,eco_isic4_a,est_sizeaggregate_s1_4,2015,1440.448
gha,sex_m,eco_isic4_a,est_sizeaggregate_s5_49,2013,805.331
gha,sex_m,eco_isic4_a,est_sizeaggregate_s5_49,2015,59.444
gha,sex_m,eco_isic4_a,est_sizeaggregate_sge50,2013,5.117
gha,sex_m,eco_isic4_a,est_sizeaggregate_total,2013,2785.31
gha,sex_m,eco_isic4_a,est_sizeaggregate_total,2015,1690.533
gha,sex_m,eco_isic4_a,est_sizeaggregate_x,2013,112.743
gha,sex_m,eco_isic4_a,est_sizeaggregate_x,2015,187.174
gha,sex_m,eco_isic4_b,est_sizeaggregate_s1_4,2013,14.095
gha,sex_m,eco_isic4_b,est_sizeaggregate_s1_4,2015,9.605
gha,sex_m,eco_isic4_b,est_sizeaggregate_s5_49,2013,63.889
gha,sex_m,eco_isic4_b,est_sizeaggregate_s5_49,2015,24.033
gha,sex_m,eco_isic4_b,est_sizeaggregate_sge50,2013,2.4
gha,sex_m,eco_isic4_b,est_sizeaggregate_total,2013,116.495
gha,sex_m,eco_isic4_b,est_sizeaggregate_total,2015,38.904
gha,sex_m,eco_isic4_b,est_sizeaggregate_x,2013,36.11
gha,sex_m,eco_isic4_c,est_sizeaggregate_s1_4,2013,243.103
gha,sex_m,eco_isic4_c,est_sizeaggregate_s1_4,2015,187.345
gha,sex_m,eco_isic4_c,est_sizeaggregate_s5_49,2013,96.319
gha,sex_m,eco_isic4_c,est_sizeaggregate_s5_49,2015,17.758
gha,sex_m,eco_isic4_c,est_sizeaggregate_total,2013,378.476
gha,sex_m,eco_isic4_c,est_sizeaggregate_total,2015,207.639
gha,sex_m,eco_isic4_c,est_sizeaggregate_x,2013,37.02
gha,sex_m,eco_isic4_d,est_sizeaggregate_s1_4,2013,3.869
gha,sex_m,eco_isic4_d,est_sizeaggregate_s5_49,2013,2.532
gha,sex_m,eco_isic4_d,est_sizeaggregate_total,2013,6.508
gha,sex_m,eco_isic4_e,est_sizeaggregate_s1_4,2013,3.474
gha,sex_m,eco_isic4_e,est_sizeaggregate_s1_4,2015,9.455
gha,sex_m,eco_isic4_e,est_sizeaggregate_s5_49,2013,2.251
gha,sex_m,eco_isic4_e,est_sizeaggregate_total,2013,7.327
gha,sex_m,eco_isic4_e,est_sizeaggregate_total,2015,9.455
gha,sex_m,eco_isic4_e,est_sizeaggregate_x,2013,1.427
gha,sex_m,eco_isic4_f,est_sizeaggregate_s1_4,2013,156.188
gha,sex_m,eco_isic4_f,est_sizeaggregate_s1_4,2015,162.1
gha,sex_m,eco_isic4_f,est_sizeaggregate_s5_49,2013,136.736
gha,sex_m,eco_isic4_f,est_sizeaggregate_s5_49,2015,65.572
gha,sex_m,eco_isic4_f,est_sizeaggregate_total,2013,342.289
gha,sex_m,eco_isic4_f,est_sizeaggregate_total,2015,233.482
gha,sex_m,eco_isic4_f,est_sizeaggregate_x,2013,48.345
gha,sex_m,eco_isic4_g,est_sizeaggregate_s1_4,2013,359.547
gha,sex_m,eco_isic4_g,est_sizeaggregate_s1_4,2015,235.1
gha,sex_m,eco_isic4_g,est_sizeaggregate_s5_49,2013,105.442
gha,sex_m,eco_isic4_g,est_sizeaggregate_s5_49,2015,31.484
gha,sex_m,eco_isic4_g,est_sizeaggregate_sge50,2013,2.331
gha,sex_m,eco_isic4_g,est_sizeaggregate_total,2013,537.34
gha,sex_m,eco_isic4_g,est_sizeaggregate_total,2015,279.281
gha,sex_m,eco_isic4_g,est_sizeaggregate_x,2013,70.02
gha,sex_m,eco_isic4_g,est_sizeaggregate_x,2015,10.747
gha,sex_m,eco_isic4_h,est_sizeaggregate_s1_4,2013,195.962
gha,sex_m,eco_isic4_h,est_sizeaggregate_s1_4,2015,132.764
gha,sex_m,eco_isic4_h,est_sizeaggregate_s5_49,2013,54.478
gha,sex_m,eco_isic4_h,est_sizeaggregate_sge50,2013,6.962
gha,sex_m,eco_isic4_h,est_sizeaggregate_total,2013,376.058
gha,sex_m,eco_isic4_h,est_sizeaggregate_total,2015,139.246
gha,sex_m,eco_isic4_h,est_sizeaggregate_x,2013,118.655
gha,sex_m,eco_isic4_i,est_sizeaggregate_s1_4,2013,23.93
gha,sex_m,eco_isic4_i,est_sizeaggregate_s1_4,2015,25.883
gha,sex_m,eco_isic4_i,est_sizeaggregate_s5_49,2013,12.201
gha,sex_m,eco_isic4_i,est_sizeaggregate_total,2013,38.369
gha,sex_m,eco_isic4_i,est_sizeaggregate_total,2015,27.224
gha,sex_m,eco_isic4_i,est_sizeaggregate_x,2013,2.237
gha,sex_m,eco_isic4_j,est_sizeaggregate_s1_4,2013,12.684
gha,sex_m,eco_isic4_j,est_sizeaggregate_s1_4,2015,8.76
gha,sex_m,eco_isic4_j,est_sizeaggregate_s5_49,2013,5.031
gha,sex_m,eco_isic4_j,est_sizeaggregate_total,2013,19.342
gha,sex_m,eco_isic4_j,est_sizeaggregate_total,2015,10.269
gha,sex_m,eco_isic4_j,est_sizeaggregate_x,2013,1.627
gha,sex_m,eco_isic4_k,est_sizeaggregate_s5_49,2013,3.945
gha,sex_m,eco_isic4_k,est_sizeaggregate_total,2013,14.1
gha,sex_m,eco_isic4_k,est_sizeaggregate_total,2015,8.562
gha,sex_m,eco_isic4_k,est_sizeaggregate_x,2013,8.473
gha,sex_m,eco_isic4_l,est_sizeaggregate_total,2013,4.355
gha,sex_m,eco_isic4_m,est_sizeaggregate_s1_4,2013,25.797
gha,sex_m,eco_isic4_m,est_sizeaggregate_s1_4,2015,9.692
gha,sex_m,eco_isic4_m,est_sizeaggregate_s5_49,2013,8.237
gha,sex_m,eco_isic4_m,est_sizeaggregate_total,2013,37.914
gha,sex_m,eco_isic4_m,est_sizeaggregate_total,2015,13.778
gha,sex_m,eco_isic4_m,est_sizeaggregate_x,2013,2.799
gha,sex_m,eco_isic4_n,est_sizeaggregate_s1_4,2013,16.991
gha,sex_m,eco_isic4_n,est_sizeaggregate_s5_49,2013,9
gha,sex_m,eco_isic4_n,est_sizeaggregate_total,2013,33.487
gha,sex_m,eco_isic4_n,est_sizeaggregate_x,2013,6.031
gha,sex_m,eco_isic4_o,est_sizeaggregate_s1_4,2015,19.398
gha,sex_m,eco_isic4_o,est_sizeaggregate_total,2013,3.127
gha,sex_m,eco_isic4_o,est_sizeaggregate_total,2015,23.958
gha,sex_m,eco_isic4_o,est_sizeaggregate_x,2013,2.758
gha,sex_m,eco_isic4_p,est_sizeaggregate_s1_4,2013,5.712
gha,sex_m,eco_isic4_p,est_sizeaggregate_s1_4,2015,13.073
gha,sex_m,eco_isic4_p,est_sizeaggregate_s5_49,2013,31.594
gha,sex_m,eco_isic4_p,est_sizeaggregate_s5_49,2015,8.193
gha,sex_m,eco_isic4_p,est_sizeaggregate_total,2013,48.656
gha,sex_m,eco_isic4_p,est_sizeaggregate_total,2015,22.433
gha,sex_m,eco_isic4_p,est_sizeaggregate_x,2013,10.735
gha,sex_m,eco_isic4_q,est_sizeaggregate_s1_4,2013,9.193
gha,sex_m,eco_isic4_q,est_sizeaggregate_s1_4,2015,18.326
gha,sex_m,eco_isic4_q,est_sizeaggregate_s5_49,2013,2.272
gha,sex_m,eco_isic4_q,est_sizeaggregate_total,2013,14.813
gha,sex_m,eco_isic4_q,est_sizeaggregate_total,2015,22.54
gha,sex_m,eco_isic4_q,est_sizeaggregate_x,2013,2.836
gha,sex_m,eco_isic4_r,est_sizeaggregate_s1_4,2013,20.879
gha,sex_m,eco_isic4_r,est_sizeaggregate_s1_4,2015,26.024
gha,sex_m,eco_isic4_r,est_sizeaggregate_s5_49,2013,12.085
gha,sex_m,eco_isic4_r,est_sizeaggregate_total,2013,37.242
gha,sex_m,eco_isic4_r,est_sizeaggregate_total,2015,33.218
gha,sex_m,eco_isic4_r,est_sizeaggregate_x,2013,3.463
gha,sex_m,eco_isic4_s,est_sizeaggregate_s1_4,2013,89.118
gha,sex_m,eco_isic4_s,est_sizeaggregate_s1_4,2015,62.125
gha,sex_m,eco_isic4_s,est_sizeaggregate_s5_49,2013,19.058
gha,sex_m,eco_isic4_s,est_sizeaggregate_total,2013,119.677
gha,sex_m,eco_isic4_s,est_sizeaggregate_total,2015,74.525
gha,sex_m,eco_isic4_s,est_sizeaggregate_x,2013,10.91
gha,sex_m,eco_isic4_s,est_sizeaggregate_x,2015,7.652
gha,sex_m,eco_isic4_t,est_sizeaggregate_s1_4,2013,19.994
gha,sex_m,eco_isic4_t,est_sizeaggregate_s1_4,2015,17.923
gha,sex_m,eco_isic4_t,est_sizeaggregate_s5_49,2013,5.664
gha,sex_m,eco_isic4_t,est_sizeaggregate_total,2013,27.387
gha,sex_m,eco_isic4_t,est_sizeaggregate_total,2015,22.797
gha,sex_m,eco_isic4_t,est_sizeaggregate_x,2013,1.728
gha,sex_m,eco_isic4_total,est_sizeaggregate_s1_4,2013,3082.218
gha,sex_m,eco_isic4_total,est_sizeaggregate_s1_4,2015,2396.139
gha,sex_m,eco_isic4_total,est_sizeaggregate_s5_49,2013,1382.752
gha,sex_m,eco_isic4_total,est_sizeaggregate_s5_49,2015,238.776
gha,sex_m,eco_isic4_total,est_sizeaggregate_sge50,2013,26.227
gha,sex_m,eco_isic4_total,est_sizeaggregate_sge50,2015,23.422
gha,sex_m,eco_isic4_total,est_sizeaggregate_total,2013,4972.451
gha,sex_m,eco_isic4_total,est_sizeaggregate_total,2015,2873.199
gha,sex_m,eco_isic4_total,est_sizeaggregate_x,2013,481.254
gha,sex_m,eco_isic4_total,est_sizeaggregate_x,2015,214.861
gha,sex_m,eco_isic4_x,est_sizeaggregate_s1_4,2013,16.273
gha,sex_m,eco_isic4_x,est_sizeaggregate_s5_49,2013,4.728
gha,sex_m,eco_isic4_x,est_sizeaggregate_total,2013,23.746
gha,sex_m,eco_isic4_x,est_sizeaggregate_x,2013,2.465
gha,sex_m,eco_sector_agr,est_sizeaggregate_s1_4,2013,1862.12
gha,sex_m,eco_sector_agr,est_sizeaggregate_s1_4,2015,1440.448
gha,sex_m,eco_sector_agr,est_sizeaggregate_s5_49,2013,805.331
gha,sex_m,eco_sector_agr,est_sizeaggregate_s5_49,2015,59.444
gha,sex_m,eco_sector_agr,est_sizeaggregate_sge50,2013,5.117
gha,sex_m,eco_sector_agr,est_sizeaggregate_total,2013,2785.31
gha,sex_m,eco_sector_agr,est_sizeaggregate_total,2015,1690.533
gha,sex_m,eco_sector_agr,est_sizeaggregate_x,2013,112.743
gha,sex_m,eco_sector_agr,est_sizeaggregate_x,2015,187.174
gha,sex_m,eco_sector_agr,est_sizedetails_s1,2013,542.821
gha,sex_m,eco_sector_agr,est_sizedetails_s1,2015,858.78
gha,sex_m,eco_sector_agr,est_sizedetails_s10_19,2013,139.169
gha,sex_m,eco_sector_agr,est_sizedetails_s10_19,2015,13.051
gha,sex_m,eco_sector_agr,est_sizedetails_s20_49,2013,15.335
gha,sex_m,eco_sector_agr,est_sizedetails_s2_4,2013,1319.299
gha,sex_m,eco_sector_agr,est_sizedetails_s2_4,2015,581.668
gha,sex_m,eco_sector_agr,est_sizedetails_s5_9,2013,650.827
gha,sex_m,eco_sector_agr,est_sizedetails_s5_9,2015,41.372
gha,sex_m,eco_sector_agr,est_sizedetails_sge50,2013,5.117
gha,sex_m,eco_sector_agr,est_sizedetails_total,2013,2785.31
gha,sex_m,eco_sector_agr,est_sizedetails_total,2015,1690.533
gha,sex_m,eco_sector_agr,est_sizedetails_x,2013,112.743
gha,sex_m,eco_sector_agr,est_sizedetails_x,2015,187.174
gha,sex_m,eco_sector_ind,est_sizeaggregate_s1_4,2013,420.728
gha,sex_m,eco_sector_ind,est_sizeaggregate_s1_4,2015,371.527
gha,sex_m,eco_sector_ind,est_sizeaggregate_s5_49,2013,301.728
gha,sex_m,eco_sector_ind,est_sizeaggregate_s5_49,2015,107.362
gha,sex_m,eco_sector_ind,est_sizeaggregate_sge50,2013,5.63
gha,sex_m,eco_sector_ind,est_sizeaggregate_sge50,2015,10.05
gha,sex_m,eco_sector_ind,est_sizeaggregate_total,2013,851.094
gha,sex_m,eco_sector_ind,est_sizeaggregate_total,2015,492.503
gha,sex_m,eco_sector_ind,est_sizeaggregate_x,2013,123.008
gha,sex_m,eco_sector_ind,est_sizedetails_s1,2013,181.108
gha,sex_m,eco_sector_ind,est_sizedetails_s1,2015,218.596
gha,sex_m,eco_sector_ind,est_sizedetails_s10_19,2013,85.256
gha,sex_m,eco_sector_ind,est_sizedetails_s10_19,2015,25.499
gha,sex_m,eco_sector_ind,est_sizedetails_s20_49,2013,22.749
gha,sex_m,eco_sector_ind,est_sizedetails_s20_49,2015,19.331
gha,sex_m,eco_sector_ind,est_sizedetails_s2_4,2013,239.62
gha,sex_m,eco_sector_ind,est_sizedetails_s2_4,2015,152.931
gha,sex_m,eco_sector_ind,est_sizedetails_s5_9,2013,193.723
gha,sex_m,eco_sector_ind,est_sizedetails_s5_9,2015,62.533
gha,sex_m,eco_sector_ind,est_sizedetails_sge50,2013,5.63
gha,sex_m,eco_sector_ind,est_sizedetails_sge50,2015,10.05
gha,sex_m,eco_sector_ind,est_sizedetails_total,2013,851.094
gha,sex_m,eco_sector_ind,est_sizedetails_total,2015,492.503
gha,sex_m,eco_sector_ind,est_sizedetails_x,2013,123.008
gha,sex_m,eco_sector_nag,est_sizeaggregate_s1_4,2013,1220.098
gha,sex_m,eco_sector_nag,est_sizeaggregate_s1_4,2015,955.692
gha,sex_m,eco_sector_nag,est_sizeaggregate_s5_49,2013,577.421
gha,sex_m,eco_sector_nag,est_sizeaggregate_s5_49,2015,179.333
gha,sex_m,eco_sector_nag,est_sizeaggregate_sge50,2013,21.11
gha,sex_m,eco_sector_nag,est_sizeaggregate_sge50,2015,19.956
gha,sex_m,eco_sector_nag,est_sizeaggregate_total,2013,2187.141
gha,sex_m,eco_sector_nag,est_sizeaggregate_total,2015,1182.666
gha,sex_m,eco_sector_nag,est_sizeaggregate_x,2013,368.511
gha,sex_m,eco_sector_nag,est_sizeaggregate_x,2015,27.686
gha,sex_m,eco_sector_nag,est_sizedetails_s1,2013,557.656
gha,sex_m,eco_sector_nag,est_sizedetails_s1,2015,592.583
gha,sex_m,eco_sector_nag,est_sizedetails_s10_19,2013,172.708
gha,sex_m,eco_sector_nag,est_sizedetails_s10_19,2015,49.557
gha,sex_m,eco_sector_nag,est_sizedetails_s20_49,2013,67.1
gha,sex_m,eco_sector_nag,est_sizedetails_s20_49,2015,29.14
gha,sex_m,eco_sector_nag,est_sizedetails_s2_4,2013,662.442
gha,sex_m,eco_sector_nag,est_sizedetails_s2_4,2015,363.108
gha,sex_m,eco_sector_nag,est_sizedetails_s5_9,2013,337.613
gha,sex_m,eco_sector_nag,est_sizedetails_s5_9,2015,100.636
gha,sex_m,eco_sector_nag,est_sizedetails_sge50,2013,21.11
gha,sex_m,eco_sector_nag,est_sizedetails_sge50,2015,19.956
gha,sex_m,eco_sector_nag,est_sizedetails_total,2013,2187.141
gha,sex_m,eco_sector_nag,est_sizedetails_total,2015,1182.666
gha,sex_m,eco_sector_nag,est_sizedetails_x,2013,368.511
gha,sex_m,eco_sector_nag,est_sizedetails_x,2015,27.686
gha,sex_m,eco_sector_ser,est_sizeaggregate_s1_4,2013,783.097
gha,sex_m,eco_sector_ser,est_sizeaggregate_s1_4,2015,584.164
gha,sex_m,eco_sector_ser,est_sizeaggregate_s5_49,2013,270.965
gha,sex_m,eco_sector_ser,est_sizeaggregate_s5_49,2015,71.97
gha,sex_m,eco_sector_ser,est_sizeaggregate_sge50,2013,15.199
gha,sex_m,eco_sector_ser,est_sizeaggregate_sge50,2015,9.906
gha,sex_m,eco_sector_ser,est_sizeaggregate_total,2013,1312.3
gha,sex_m,eco_sector_ser,est_sizeaggregate_total,2015,687.719
gha,sex_m,eco_sector_ser,est_sizeaggregate_x,2013,243.039
gha,sex_m,eco_sector_ser,est_sizeaggregate_x,2015,21.679
gha,sex_m,eco_sector_ser,est_sizedetails_s1,2013,372.671
gha,sex_m,eco_sector_ser,est_sizedetails_s1,2015,373.987
gha,sex_m,eco_sector_ser,est_sizedetails_s10_19,2013,86.251
gha,sex_m,eco_sector_ser,est_sizedetails_s10_19,2015,24.058
gha,sex_m,eco_sector_ser,est_sizedetails_s20_49,2013,44.35
gha,sex_m,eco_sector_ser,est_sizedetails_s20_49,2015,9.81
gha,sex_m,eco_sector_ser,est_sizedetails_s2_4,2013,410.426
gha,sex_m,eco_sector_ser,est_sizedetails_s2_4,2015,210.178
gha,sex_m,eco_sector_ser,est_sizedetails_s5_9,2013,140.364
gha,sex_m,eco_sector_ser,est_sizedetails_s5_9,2015,38.103
gha,sex_m,eco_sector_ser,est_sizedetails_sge50,2013,15.199
gha,sex_m,eco_sector_ser,est_sizedetails_sge50,2015,9.906
gha,sex_m,eco_sector_ser,est_sizedetails_total,2013,1312.3
gha,sex_m,eco_sector_ser,est_sizedetails_total,2015,687.719
gha,sex_m,eco_sector_ser,est_sizedetails_x,2013,243.039
gha,sex_m,eco_sector_ser,est_sizedetails_x,2015,21.679
gha,sex_m,eco_sector_total,est_sizeaggregate_s1_4,2013,3082.218
gha,sex_m,eco_sector_total,est_sizeaggregate_s1_4,2015,2396.139
gha,sex_m,eco_sector_total,est_sizeaggregate_s5_49,2013,1382.752
gha,sex_m,eco_sector_total,est_sizeaggregate_s5_49,2015,238.776
gha,sex_m,eco_sector_total,est_sizeaggregate_sge50,2013,26.227
gha,sex_m,eco_sector_total,est_sizeaggregate_sge50,2015,23.422
gha,sex_m,eco_sector_total,est_sizeaggregate_total,2013,4972.451
gha,sex_m,eco_sector_total,est_sizeaggregate_total,2015,2873.199
gha,sex_m,eco_sector_total,est_sizeaggregate_x,2013,481.254
gha,sex_m,eco_sector_total,est_sizeaggregate_x,2015,214.861
gha,sex_m,eco_sector_total,est_sizedetails_s1,2013,1100.477
gha,sex_m,eco_sector_total,est_sizedetails_s1,2015,1451.363
gha,sex_m,eco_sector_total,est_sizedetails_s10_19,2013,311.877
gha,sex_m,eco_sector_total,est_sizedetails_s10_19,2015,62.608
gha,sex_m,eco_sector_total,est_sizedetails_s20_49,2013,82.435
gha,sex_m,eco_sector_total,est_sizedetails_s20_49,2015,34.161
gha,sex_m,eco_sector_total,est_sizedetails_s2_4,2013,1981.741
gha,sex_m,eco_sector_total,est_sizedetails_s2_4,2015,944.776
gha,sex_m,eco_sector_total,est_sizedetails_s5_9,2013,988.44
gha,sex_m,eco_sector_total,est_sizedetails_s5_9,2015,142.007
gha,sex_m,eco_sector_total,est_sizedetails_sge50,2013,26.227
gha,sex_m,eco_sector_total,est_sizedetails_sge50,2015,23.422
gha,sex_m,eco_sector_total,est_sizedetails_total,2013,4972.451
gha,sex_m,eco_sector_total,est_sizedetails_total,2015,2873.199
gha,sex_m,eco_sector_total,est_sizedetails_x,2013,481.254
gha,sex_m,eco_sector_total,est_sizedetails_x,2015,214.861
gha,sex_m,eco_sector_x,est_sizeaggregate_s1_4,2013,16.273
gha,sex_m,eco_sector_x,est_sizeaggregate_s5_49,2013,4.728
gha,sex_m,eco_sector_x,est_sizeaggregate_total,2013,23.746
gha,sex_m,eco_sector_x,est_sizeaggregate_x,2013,2.465
gha,sex_m,eco_sector_x,est_sizedetails_s1,2013,3.877
gha,sex_m,eco_sector_x,est_sizedetails_s2_4,2013,12.396
gha,sex_m,eco_sector_x,est_sizedetails_s5_9,2013,3.526
gha,sex_m,eco_sector_x,est_sizedetails_total,2013,23.746
gha,sex_m,eco_sector_x,est_sizedetails_x,2013,2.465
gha,sex_t,eco_aggregate_agr,est_sizeaggregate_s1_4,2013,3658.777
gha,sex_t,eco_aggregate_agr,est_sizeaggregate_s1_4,2015,2522.808
gha,sex_t,eco_aggregate_agr,est_sizeaggregate_s5_49,2013,1527.728
gha,sex_t,eco_aggregate_agr,est_sizeaggregate_s5_49,2015,119.903
gha,sex_t,eco_aggregate_agr,est_sizeaggregate_sge50,2013,13.128
gha,sex_t,eco_aggregate_agr,est_sizeaggregate_total,2013,5402.602
gha,sex_t,eco_aggregate_agr,est_sizeaggregate_total,2015,3015.296
gha,sex_t,eco_aggregate_agr,est_sizeaggregate_x,2013,202.969
gha,sex_t,eco_aggregate_agr,est_sizeaggregate_x,2015,368.619
gha,sex_t,eco_aggregate_agr,est_sizedetails_s1,2013,1056.732
gha,sex_t,eco_aggregate_agr,est_sizedetails_s1,2015,1472.931
gha,sex_t,eco_aggregate_agr,est_sizedetails_s10_19,2013,267.573
gha,sex_t,eco_aggregate_agr,est_sizedetails_s10_19,2015,25.129
gha,sex_t,eco_aggregate_agr,est_sizedetails_s20_49,2013,20.316
gha,sex_t,eco_aggregate_agr,est_sizedetails_s20_49,2015,6.528
gha,sex_t,eco_aggregate_agr,est_sizedetails_s2_4,2013,2602.045
gha,sex_t,eco_aggregate_agr,est_sizedetails_s2_4,2015,1049.877
gha,sex_t,eco_aggregate_agr,est_sizedetails_s5_9,2013,1239.839
gha,sex_t,eco_aggregate_agr,est_sizedetails_s5_9,2015,88.245
gha,sex_t,eco_aggregate_agr,est_sizedetails_sge50,2013,13.128
gha,sex_t,eco_aggregate_agr,est_sizedetails_total,2013,5402.602
gha,sex_t,eco_aggregate_agr,est_sizedetails_total,2015,3015.296
gha,sex_t,eco_aggregate_agr,est_sizedetails_x,2013,202.969
gha,sex_t,eco_aggregate_agr,est_sizedetails_x,2015,368.619
gha,sex_t,eco_aggregate_con,est_sizeaggregate_s1_4,2013,158.807
gha,sex_t,eco_aggregate_con,est_sizeaggregate_s1_4,2015,169.607
gha,sex_t,eco_aggregate_con,est_sizeaggregate_s5_49,2013,140.245
gha,sex_t,eco_aggregate_con,est_sizeaggregate_s5_49,2015,67.81
gha,sex_t,eco_aggregate_con,est_sizeaggregate_total,2013,349.906
gha,sex_t,eco_aggregate_con,est_sizeaggregate_total,2015,244.088
gha,sex_t,eco_aggregate_con,est_sizeaggregate_x,2013,49.834
gha,sex_t,eco_aggregate_con,est_sizedetails_s1,2013,54.27
gha,sex_t,eco_aggregate_con,est_sizedetails_s1,2015,84.801
gha,sex_t,eco_aggregate_con,est_sizedetails_s10_19,2013,39.381
gha,sex_t,eco_aggregate_con,est_sizedetails_s10_19,2015,15.638
gha,sex_t,eco_aggregate_con,est_sizedetails_s20_49,2013,6.952
gha,sex_t,eco_aggregate_con,est_sizedetails_s20_49,2015,11.061
gha,sex_t,eco_aggregate_con,est_sizedetails_s2_4,2013,104.537
gha,sex_t,eco_aggregate_con,est_sizedetails_s2_4,2015,84.806
gha,sex_t,eco_aggregate_con,est_sizedetails_s5_9,2013,93.912
gha,sex_t,eco_aggregate_con,est_sizedetails_s5_9,2015,41.111
gha,sex_t,eco_aggregate_con,est_sizedetails_total,2013,349.906
gha,sex_t,eco_aggregate_con,est_sizedetails_total,2015,244.088
gha,sex_t,eco_aggregate_con,est_sizedetails_x,2013,49.834
gha,sex_t,eco_aggregate_man,est_sizeaggregate_s1_4,2013,701.31
gha,sex_t,eco_aggregate_man,est_sizeaggregate_s1_4,2015,779.42
gha,sex_t,eco_aggregate_man,est_sizeaggregate_s5_49,2013,202.081
gha,sex_t,eco_aggregate_man,est_sizeaggregate_s5_49,2015,52.764
gha,sex_t,eco_aggregate_man,est_sizeaggregate_sge50,2013,3.867
gha,sex_t,eco_aggregate_man,est_sizeaggregate_total,2013,983.262
gha,sex_t,eco_aggregate_man,est_sizeaggregate_total,2015,837.901
gha,sex_t,eco_aggregate_man,est_sizeaggregate_x,2013,76.004
gha,sex_t,eco_aggregate_man,est_sizedetails_s1,2013,381.79
gha,sex_t,eco_aggregate_man,est_sizedetails_s1,2015,558.307
gha,sex_t,eco_aggregate_man,est_sizedetails_s10_19,2013,43.615
gha,sex_t,eco_aggregate_man,est_sizedetails_s20_49,2013,13.02
gha,sex_t,eco_aggregate_man,est_sizedetails_s2_4,2013,319.519
gha,sex_t,eco_aggregate_man,est_sizedetails_s2_4,2015,221.113
gha,sex_t,eco_aggregate_man,est_sizedetails_s5_9,2013,145.446
gha,sex_t,eco_aggregate_man,est_sizedetails_s5_9,2015,49.108
gha,sex_t,eco_aggregate_man,est_sizedetails_sge50,2013,3.867
gha,sex_t,eco_aggregate_man,est_sizedetails_total,2013,983.262
gha,sex_t,eco_aggregate_man,est_sizedetails_total,2015,837.901
gha,sex_t,eco_aggregate_man,est_sizedetails_x,2013,76.004
gha,sex_t,eco_aggregate_mel,est_sizeaggregate_s1_4,2013,30.701
gha,sex_t,eco_aggregate_mel,est_sizeaggregate_s1_4,2015,33.442
gha,sex_t,eco_aggregate_mel,est_sizeaggregate_s5_49,2013,85.465
gha,sex_t,eco_aggregate_mel,est_sizeaggregate_s5_49,2015,28.382
gha,sex_t,eco_aggregate_mel,est_sizeaggregate_sge50,2013,4.132
gha,sex_t,eco_aggregate_mel,est_sizeaggregate_sge50,2015,9.373
gha,sex_t,eco_aggregate_mel,est_sizeaggregate_total,2013,168.077
gha,sex_t,eco_aggregate_mel,est_sizeaggregate_total,2015,72.224
gha,sex_t,eco_aggregate_mel,est_sizeaggregate_x,2013,47.779
gha,sex_t,eco_aggregate_mel,est_sizedetails_s1,2013,12.899
gha,sex_t,eco_aggregate_mel,est_sizedetails_s1,2015,28.073
gha,sex_t,eco_aggregate_mel,est_sizedetails_s10_19,2013,27.257
gha,sex_t,eco_aggregate_mel,est_sizedetails_s10_19,2015,9.585
gha,sex_t,eco_aggregate_mel,est_sizedetails_s20_49,2013,12.856
gha,sex_t,eco_aggregate_mel,est_sizedetails_s20_49,2015,10.401
gha,sex_t,eco_aggregate_mel,est_sizedetails_s2_4,2013,17.802
gha,sex_t,eco_aggregate_mel,est_sizedetails_s5_9,2013,45.352
gha,sex_t,eco_aggregate_mel,est_sizedetails_s5_9,2015,8.396
gha,sex_t,eco_aggregate_mel,est_sizedetails_sge50,2013,4.132
gha,sex_t,eco_aggregate_mel,est_sizedetails_sge50,2015,9.373
gha,sex_t,eco_aggregate_mel,est_sizedetails_total,2013,168.077
gha,sex_t,eco_aggregate_mel,est_sizedetails_total,2015,72.224
gha,sex_t,eco_aggregate_mel,est_sizedetails_x,2013,47.779
gha,sex_t,eco_aggregate_mkt,est_sizeaggregate_s1_4,2013,2372.153
gha,sex_t,eco_aggregate_mkt,est_sizeaggregate_s1_4,2015,1650.18
gha,sex_t,eco_aggregate_mkt,est_sizeaggregate_s5_49,2013,368.97
gha,sex_t,eco_aggregate_mkt,est_sizeaggregate_s5_49,2015,65.176
gha,sex_t,eco_aggregate_mkt,est_sizeaggregate_sge50,2013,24.413
gha,sex_t,eco_aggregate_mkt,est_sizeaggregate_total,2013,3241.488
gha,sex_t,eco_aggregate_mkt,est_sizeaggregate_total,2015,1755.743
gha,sex_t,eco_aggregate_mkt,est_sizeaggregate_x,2013,475.952
gha,sex_t,eco_aggregate_mkt,est_sizeaggregate_x,2015,33.071
gha,sex_t,eco_aggregate_mkt,est_sizedetails_s1,2013,1410.724
gha,sex_t,eco_aggregate_mkt,est_sizedetails_s1,2015,1278.239
gha,sex_t,eco_aggregate_mkt,est_sizedetails_s10_19,2013,96.397
gha,sex_t,eco_aggregate_mkt,est_sizedetails_s10_19,2015,14.014
gha,sex_t,eco_aggregate_mkt,est_sizedetails_s20_49,2013,54.38
gha,sex_t,eco_aggregate_mkt,est_sizedetails_s2_4,2013,961.429
gha,sex_t,eco_aggregate_mkt,est_sizedetails_s2_4,2015,371.942
gha,sex_t,eco_aggregate_mkt,est_sizedetails_s5_9,2013,218.194
gha,sex_t,eco_aggregate_mkt,est_sizedetails_s5_9,2015,47.381
gha,sex_t,eco_aggregate_mkt,est_sizedetails_sge50,2013,24.413
gha,sex_t,eco_aggregate_mkt,est_sizedetails_total,2013,3241.488
gha,sex_t,eco_aggregate_mkt,est_sizedetails_total,2015,1755.743
gha,sex_t,eco_aggregate_mkt,est_sizedetails_x,2013,475.952
gha,sex_t,eco_aggregate_mkt,est_sizedetails_x,2015,33.071
gha,sex_t,eco_aggregate_pub,est_sizeaggregate_s1_4,2013,407.622
gha,sex_t,eco_aggregate_pub,est_sizeaggregate_s1_4,2015,340.537
gha,sex_t,eco_aggregate_pub,est_sizeaggregate_s5_49,2013,166.855
gha,sex_t,eco_aggregate_pub,est_sizeaggregate_s5_49,2015,38.766
gha,sex_t,eco_aggregate_pub,est_sizeaggregate_sge50,2013,5.843
gha,sex_t,eco_aggregate_pub,est_sizeaggregate_total,2013,641.021
gha,sex_t,eco_aggregate_pub,est_sizeaggregate_total,2015,411.353
gha,sex_t,eco_aggregate_pub,est_sizeaggregate_x,2013,60.701
gha,sex_t,eco_aggregate_pub,est_sizeaggregate_x,2015,24.021
gha,sex_t,eco_aggregate_pub,est_sizedetails_s1,2013,202.282
gha,sex_t,eco_aggregate_pub,est_sizedetails_s1,2015,251.632
gha,sex_t,eco_aggregate_pub,est_sizedetails_s10_19,2013,48.224
gha,sex_t,eco_aggregate_pub,est_sizedetails_s10_19,2015,20.985
gha,sex_t,eco_aggregate_pub,est_sizedetails_s20_49,2013,19.168
gha,sex_t,eco_aggregate_pub,est_sizedetails_s20_49,2015,7.864
gha,sex_t,eco_aggregate_pub,est_sizedetails_s2_4,2013,205.34
gha,sex_t,eco_aggregate_pub,est_sizedetails_s2_4,2015,88.904
gha,sex_t,eco_aggregate_pub,est_sizedetails_s5_9,2013,99.463
gha,sex_t,eco_aggregate_pub,est_sizedetails_s5_9,2015,9.918
gha,sex_t,eco_aggregate_pub,est_sizedetails_sge50,2013,5.843
gha,sex_t,eco_aggregate_pub,est_sizedetails_total,2013,641.021
gha,sex_t,eco_aggregate_pub,est_sizedetails_total,2015,411.353
gha,sex_t,eco_aggregate_pub,est_sizedetails_x,2013,60.701
gha,sex_t,eco_aggregate_pub,est_sizedetails_x,2015,24.021
gha,sex_t,eco_aggregate_total,est_sizeaggregate_s1_4,2013,7361.417
gha,sex_t,eco_aggregate_total,est_sizeaggregate_s1_4,2015,5495.995
gha,sex_t,eco_aggregate_total,est_sizeaggregate_s5_49,2013,2501.33
gha,sex_t,eco_aggregate_total,est_sizeaggregate_s5_49,2015,372.801
gha,sex_t,eco_aggregate_total,est_sizeaggregate_sge50,2013,52.684
gha,sex_t,eco_aggregate_total,est_sizeaggregate_sge50,2015,36.697
gha,sex_t,eco_aggregate_total,est_sizeaggregate_total,2013,10831.95
gha,sex_t,eco_aggregate_total,est_sizeaggregate_total,2015,6343.705
gha,sex_t,eco_aggregate_total,est_sizeaggregate_x,2013,916.519
gha,sex_t,eco_aggregate_total,est_sizeaggregate_x,2015,438.213
gha,sex_t,eco_aggregate_total,est_sizedetails_s1,2013,3131.225
gha,sex_t,eco_aggregate_total,est_sizedetails_s1,2015,3673.983
gha,sex_t,eco_aggregate_total,est_sizedetails_s10_19,2013,523.704
gha,sex_t,eco_aggregate_total,est_sizedetails_s10_19,2015,87.555
gha,sex_t,eco_aggregate_total,est_sizedetails_s20_49,2013,127.442
gha,sex_t,eco_aggregate_total,est_sizedetails_s20_49,2015,41.086
gha,sex_t,eco_aggregate_total,est_sizedetails_s2_4,2013,4230.193
gha,sex_t,eco_aggregate_total,est_sizedetails_s2_4,2015,1822.011
gha,sex_t,eco_aggregate_total,est_sizedetails_s5_9,2013,1850.185
gha,sex_t,eco_aggregate_total,est_sizedetails_s5_9,2015,244.159
gha,sex_t,eco_aggregate_total,est_sizedetails_sge50,2013,52.684
gha,sex_t,eco_aggregate_total,est_sizedetails_sge50,2015,36.697
gha,sex_t,eco_aggregate_total,est_sizedetails_total,2013,10831.95
gha,sex_t,eco_aggregate_total,est_sizedetails_total,2015,6343.705
gha,sex_t,eco_aggregate_total,est_sizedetails_x,2013,916.519
gha,sex_t,eco_aggregate_total,est_sizedetails_x,2015,438.213
gha,sex_t,eco_aggregate_x,est_sizeaggregate_s1_4,2013,32.048
gha,sex_t,eco_aggregate_x,est_sizeaggregate_s5_49,2013,9.986
gha,sex_t,eco_aggregate_x,est_sizeaggregate_total,2013,45.594
gha,sex_t,eco_aggregate_x,est_sizeaggregate_total,2015,7.099
gha,sex_t,eco_aggregate_x,est_sizeaggregate_x,2013,3.279
gha,sex_t,eco_aggregate_x,est_sizeaggregate_x,2015,7.099
gha,sex_t,eco_aggregate_x,est_sizedetails_s1,2013,12.528
gha,sex_t,eco_aggregate_x,est_sizedetails_s2_4,2013,19.52
gha,sex_t,eco_aggregate_x,est_sizedetails_s5_9,2013,7.979
gha,sex_t,eco_aggregate_x,est_sizedetails_total,2013,45.594
gha,sex_t,eco_aggregate_x,est_sizedetails_total,2015,7.099
gha,sex_t,eco_aggregate_x,est_sizedetails_x,2013,3.279
gha,sex_t,eco_aggregate_x,est_sizedetails_x,2015,7.099
gha,sex_t,eco_isic4_a,est_sizeaggregate_s1_4,2013,3658.777
gha,sex_t,eco_isic4_a,est_sizeaggregate_s1_4,2015,2522.808
gha,sex_t,eco_isic4_a,est_sizeaggregate_s5_49,2013,1527.728
gha,sex_t,eco_isic4_a,est_sizeaggregate_s5_49,2015,119.903
gha,sex_t,eco_isic4_a,est_sizeaggregate_sge50,2013,13.128
gha,sex_t,eco_isic4_a,est_sizeaggregate_total,2013,5402.602
gha,sex_t,eco_isic4_a,est_sizeaggregate_total,2015,3015.296
gha,sex_t,eco_isic4_a,est_sizeaggregate_x,2013,202.969
gha,sex_t,eco_isic4_a,est_sizeaggregate_x,2015,368.619
gha,sex_t,eco_isic4_b,est_sizeaggregate_s1_4,2013,21.465
gha,sex_t,eco_isic4_b,est_sizeaggregate_s1_4,2015,17.173
gha,sex_t,eco_isic4_b,est_sizeaggregate_s5_49,2013,78.957
gha,sex_t,eco_isic4_b,est_sizeaggregate_s5_49,2015,26.547
gha,sex_t,eco_isic4_b,est_sizeaggregate_sge50,2013,3.383
gha,sex_t,eco_isic4_b,est_sizeaggregate_total,2013,148.373
gha,sex_t,eco_isic4_b,est_sizeaggregate_total,2015,50.331
gha,sex_t,eco_isic4_b,est_sizeaggregate_x,2013,44.569
gha,sex_t,eco_isic4_c,est_sizeaggregate_s1_4,2013,701.31
gha,sex_t,eco_isic4_c,est_sizeaggregate_s1_4,2015,779.42
gha,sex_t,eco_isic4_c,est_sizeaggregate_s5_49,2013,202.081
gha,sex_t,eco_isic4_c,est_sizeaggregate_s5_49,2015,52.764
gha,sex_t,eco_isic4_c,est_sizeaggregate_sge50,2013,3.867
gha,sex_t,eco_isic4_c,est_sizeaggregate_total,2013,983.262
gha,sex_t,eco_isic4_c,est_sizeaggregate_total,2015,837.901
gha,sex_t,eco_isic4_c,est_sizeaggregate_x,2013,76.004
gha,sex_t,eco_isic4_d,est_sizeaggregate_s1_4,2013,4.675
gha,sex_t,eco_isic4_d,est_sizeaggregate_s5_49,2013,2.532
gha,sex_t,eco_isic4_d,est_sizeaggregate_total,2013,7.559
gha,sex_t,eco_isic4_e,est_sizeaggregate_s1_4,2013,4.561
gha,sex_t,eco_isic4_e,est_sizeaggregate_s1_4,2015,13.247
gha,sex_t,eco_isic4_e,est_sizeaggregate_s5_49,2013,3.975
gha,sex_t,eco_isic4_e,est_sizeaggregate_total,2013,12.144
gha,sex_t,eco_isic4_e,est_sizeaggregate_total,2015,18.871
gha,sex_t,eco_isic4_e,est_sizeaggregate_x,2013,2.859
gha,sex_t,eco_isic4_f,est_sizeaggregate_s1_4,2013,158.807
gha,sex_t,eco_isic4_f,est_sizeaggregate_s1_4,2015,169.607
gha,sex_t,eco_isic4_f,est_sizeaggregate_s5_49,2013,140.245
gha,sex_t,eco_isic4_f,est_sizeaggregate_s5_49,2015,67.81
gha,sex_t,eco_isic4_f,est_sizeaggregate_total,2013,349.906
gha,sex_t,eco_isic4_f,est_sizeaggregate_total,2015,244.088
gha,sex_t,eco_isic4_f,est_sizeaggregate_x,2013,49.834
gha,sex_t,eco_isic4_g,est_sizeaggregate_s1_4,2013,1750.124
gha,sex_t,eco_isic4_g,est_sizeaggregate_s1_4,2015,1201.448
gha,sex_t,eco_isic4_g,est_sizeaggregate_s5_49,2013,186.992
gha,sex_t,eco_isic4_g,est_sizeaggregate_s5_49,2015,46.208
gha,sex_t,eco_isic4_g,est_sizeaggregate_sge50,2013,12.274
gha,sex_t,eco_isic4_g,est_sizeaggregate_total,2013,2250.125
gha,sex_t,eco_isic4_g,est_sizeaggregate_total,2015,1281.34
gha,sex_t,eco_isic4_g,est_sizeaggregate_x,2013,300.735
gha,sex_t,eco_isic4_g,est_sizeaggregate_x,2015,29.785
gha,sex_t,eco_isic4_h,est_sizeaggregate_s1_4,2013,201.181
gha,sex_t,eco_isic4_h,est_sizeaggregate_s1_4,2015,132.764
gha,sex_t,eco_isic4_h,est_sizeaggregate_s5_49,2013,56.172
gha,sex_t,eco_isic4_h,est_sizeaggregate_sge50,2013,6.962
gha,sex_t,eco_isic4_h,est_sizeaggregate_total,2013,383.515
gha,sex_t,eco_isic4_h,est_sizeaggregate_total,2015,139.246
gha,sex_t,eco_isic4_h,est_sizeaggregate_x,2013,119.2
gha,sex_t,eco_isic4_i,est_sizeaggregate_s1_4,2013,328.158
gha,sex_t,eco_isic4_i,est_sizeaggregate_s1_4,2015,260.897
gha,sex_t,eco_isic4_i,est_sizeaggregate_s5_49,2013,71.273
gha,sex_t,eco_isic4_i,est_sizeaggregate_total,2013,425.337
gha,sex_t,eco_isic4_i,est_sizeaggregate_total,2015,269.304
gha,sex_t,eco_isic4_i,est_sizeaggregate_x,2013,25.316
gha,sex_t,eco_isic4_j,est_sizeaggregate_s1_4,2013,14.618
gha,sex_t,eco_isic4_j,est_sizeaggregate_s1_4,2015,10.706
gha,sex_t,eco_isic4_j,est_sizeaggregate_s5_49,2013,6.147
gha,sex_t,eco_isic4_j,est_sizeaggregate_total,2013,23.177
gha,sex_t,eco_isic4_j,est_sizeaggregate_total,2015,12.215
gha,sex_t,eco_isic4_j,est_sizeaggregate_x,2013,2.412
gha,sex_t,eco_isic4_k,est_sizeaggregate_s1_4,2013,4.685
gha,sex_t,eco_isic4_k,est_sizeaggregate_s1_4,2015,9.076
gha,sex_t,eco_isic4_k,est_sizeaggregate_s5_49,2013,8.584
gha,sex_t,eco_isic4_k,est_sizeaggregate_total,2013,27.807
gha,sex_t,eco_isic4_k,est_sizeaggregate_total,2015,10.353
gha,sex_t,eco_isic4_k,est_sizeaggregate_x,2013,13.268
gha,sex_t,eco_isic4_l,est_sizeaggregate_total,2013,5.228
gha,sex_t,eco_isic4_m,est_sizeaggregate_s1_4,2013,49.44
gha,sex_t,eco_isic4_m,est_sizeaggregate_s1_4,2015,27.477
gha,sex_t,eco_isic4_m,est_sizeaggregate_s5_49,2013,24.266
gha,sex_t,eco_isic4_m,est_sizeaggregate_total,2013,78.284
gha,sex_t,eco_isic4_m,est_sizeaggregate_total,2015,33.399
gha,sex_t,eco_isic4_m,est_sizeaggregate_x,2013,3.497
gha,sex_t,eco_isic4_n,est_sizeaggregate_s1_4,2013,21.511
gha,sex_t,eco_isic4_n,est_sizeaggregate_s5_49,2013,13.077
gha,sex_t,eco_isic4_n,est_sizeaggregate_sge50,2013,2.235
gha,sex_t,eco_isic4_n,est_sizeaggregate_total,2013,48.014
gha,sex_t,eco_isic4_n,est_sizeaggregate_x,2013,11.191
gha,sex_t,eco_isic4_o,est_sizeaggregate_s1_4,2015,42.404
gha,sex_t,eco_isic4_o,est_sizeaggregate_total,2013,3.776
gha,sex_t,eco_isic4_o,est_sizeaggregate_total,2015,46.964
gha,sex_t,eco_isic4_o,est_sizeaggregate_x,2013,2.758
gha,sex_t,eco_isic4_p,est_sizeaggregate_s1_4,2013,18.043
gha,sex_t,eco_isic4_p,est_sizeaggregate_s1_4,2015,25.691
gha,sex_t,eco_isic4_p,est_sizeaggregate_s5_49,2013,51.999
gha,sex_t,eco_isic4_p,est_sizeaggregate_s5_49,2015,14.423
gha,sex_t,eco_isic4_p,est_sizeaggregate_total,2013,87.513
gha,sex_t,eco_isic4_p,est_sizeaggregate_total,2015,41.282
gha,sex_t,eco_isic4_p,est_sizeaggregate_x,2013,16.285
gha,sex_t,eco_isic4_q,est_sizeaggregate_s1_4,2013,16.657
gha,sex_t,eco_isic4_q,est_sizeaggregate_s1_4,2015,31.703
gha,sex_t,eco_isic4_q,est_sizeaggregate_s5_49,2013,4.039
gha,sex_t,eco_isic4_q,est_sizeaggregate_total,2013,25.19
gha,sex_t,eco_isic4_q,est_sizeaggregate_total,2015,35.917
gha,sex_t,eco_isic4_q,est_sizeaggregate_x,2013,3.982
gha,sex_t,eco_isic4_r,est_sizeaggregate_s1_4,2013,22.966
gha,sex_t,eco_isic4_r,est_sizeaggregate_s1_4,2015,28.618
gha,sex_t,eco_isic4_r,est_sizeaggregate_s5_49,2013,12.419
gha,sex_t,eco_isic4_r,est_sizeaggregate_total,2013,40.502
gha,sex_t,eco_isic4_r,est_sizeaggregate_total,2015,35.812
gha,sex_t,eco_isic4_r,est_sizeaggregate_x,2013,4.303
gha,sex_t,eco_isic4_s,est_sizeaggregate_s1_4,2013,289.509
gha,sex_t,eco_isic4_s,est_sizeaggregate_s1_4,2015,157.755
gha,sex_t,eco_isic4_s,est_sizeaggregate_s5_49,2013,78.006
gha,sex_t,eco_isic4_s,est_sizeaggregate_s5_49,2015,8.037
gha,sex_t,eco_isic4_s,est_sizeaggregate_sge50,2013,2.785
gha,sex_t,eco_isic4_s,est_sizeaggregate_total,2013,401.157
gha,sex_t,eco_isic4_s,est_sizeaggregate_total,2015,189.723
gha,sex_t,eco_isic4_s,est_sizeaggregate_x,2013,30.857
gha,sex_t,eco_isic4_s,est_sizeaggregate_x,2015,22.093
gha,sex_t,eco_isic4_t,est_sizeaggregate_s1_4,2013,60.447
gha,sex_t,eco_isic4_t,est_sizeaggregate_s1_4,2015,54.365
gha,sex_t,eco_isic4_t,est_sizeaggregate_s5_49,2013,19.919
gha,sex_t,eco_isic4_t,est_sizeaggregate_total,2013,82.449
gha,sex_t,eco_isic4_t,est_sizeaggregate_total,2015,61.655
gha,sex_t,eco_isic4_t,est_sizeaggregate_x,2013,2.084
gha,sex_t,eco_isic4_total,est_sizeaggregate_s1_4,2013,7361.417
gha,sex_t,eco_isic4_total,est_sizeaggregate_s1_4,2015,5495.995
gha,sex_t,eco_isic4_total,est_sizeaggregate_s5_49,2013,2501.33
gha,sex_t,eco_isic4_total,est_sizeaggregate_s5_49,2015,372.801
gha,sex_t,eco_isic4_total,est_sizeaggregate_sge50,2013,52.684
gha,sex_t,eco_isic4_total,est_sizeaggregate_sge50,2015,36.697
gha,sex_t,eco_isic4_total,est_sizeaggregate_total,2013,10831.95
gha,sex_t,eco_isic4_total,est_sizeaggregate_total,2015,6343.705
gha,sex_t,eco_isic4_total,est_sizeaggregate_x,2013,916.519
gha,sex_t,eco_isic4_total,est_sizeaggregate_x,2015,438.213
gha,sex_t,eco_isic4_x,est_sizeaggregate_s1_4,2013,32.048
gha,sex_t,eco_isic4_x,est_sizeaggregate_s5_49,2013,9.986
gha,sex_t,eco_isic4_x,est_sizeaggregate_total,2013,45.594
gha,sex_t,eco_isic4_x,est_sizeaggregate_total,2015,7.099
gha,sex_t,eco_isic4_x,est_sizeaggregate_x,2013,3.279
gha,sex_t,eco_isic4_x,est_sizeaggregate_x,2015,7.099
gha,sex_t,eco_sector_agr,est_sizeaggregate_s1_4,2013,3658.777
gha,sex_t,eco_sector_agr,est_sizeaggregate_s1_4,2015,2522.808
gha,sex_t,eco_sector_agr,est_sizeaggregate_s5_49,2013,1527.728
gha,sex_t,eco_sector_agr,est_sizeaggregate_s5_49,2015,119.903
gha,sex_t,eco_sector_agr,est_sizeaggregate_sge50,2013,13.128
gha,sex_t,eco_sector_agr,est_sizeaggregate_total,2013,5402.602
gha,sex_t,eco_sector_agr,est_sizeaggregate_total,2015,3015.296
gha,sex_t,eco_sector_agr,est_sizeaggregate_x,2013,202.969
gha,sex_t,eco_sector_agr,est_sizeaggregate_x,2015,368.619
gha,sex_t,eco_sector_agr,est_sizedetails_s1,2013,1056.732
gha,sex_t,eco_sector_agr,est_sizedetails_s1,2015,1472.931
gha,sex_t,eco_sector_agr,est_sizedetails_s10_19,2013,267.573
gha,sex_t,eco_sector_agr,est_sizedetails_s10_19,2015,25.129
gha,sex_t,eco_sector_agr,est_sizedetails_s20_49,2013,20.316
gha,sex_t,eco_sector_agr,est_sizedetails_s20_49,2015,6.528
gha,sex_t,eco_sector_agr,est_sizedetails_s2_4,2013,2602.045
gha,sex_t,eco_sector_agr,est_sizedetails_s2_4,2015,1049.877
gha,sex_t,eco_sector_agr,est_sizedetails_s5_9,2013,1239.839
gha,sex_t,eco_sector_agr,est_sizedetails_s5_9,2015,88.245
gha,sex_t,eco_sector_agr,est_sizedetails_sge50,2013,13.128
gha,sex_t,eco_sector_agr,est_sizedetails_total,2013,5402.602
gha,sex_t,eco_sector_agr,est_sizedetails_total,2015,3015.296
gha,sex_t,eco_sector_agr,est_sizedetails_x,2013,202.969
gha,sex_t,eco_sector_agr,est_sizedetails_x,2015,368.619
gha,sex_t,eco_sector_ind,est_sizeaggregate_s1_4,2013,890.817
gha,sex_t,eco_sector_ind,est_sizeaggregate_s1_4,2015,982.469
gha,sex_t,eco_sector_ind,est_sizeaggregate_s5_49,2013,427.791
gha,sex_t,eco_sector_ind,est_sizeaggregate_s5_49,2015,148.956
gha,sex_t,eco_sector_ind,est_sizeaggregate_sge50,2013,9.018
gha,sex_t,eco_sector_ind,est_sizeaggregate_sge50,2015,17.386
gha,sex_t,eco_sector_ind,est_sizeaggregate_total,2013,1501.245
gha,sex_t,eco_sector_ind,est_sizeaggregate_total,2015,1154.214
gha,sex_t,eco_sector_ind,est_sizeaggregate_x,2013,173.618
gha,sex_t,eco_sector_ind,est_sizedetails_s1,2013,448.959
gha,sex_t,eco_sector_ind,est_sizedetails_s1,2015,671.181
gha,sex_t,eco_sector_ind,est_sizedetails_s10_19,2013,110.253
gha,sex_t,eco_sector_ind,est_sizedetails_s10_19,2015,27.427
gha,sex_t,eco_sector_ind,est_sizedetails_s20_49,2013,32.828
gha,sex_t,eco_sector_ind,est_sizedetails_s20_49,2015,22.913
gha,sex_t,eco_sector_ind,est_sizedetails_s2_4,2013,441.858
gha,sex_t,eco_sector_ind,est_sizedetails_s2_4,2015,311.288
gha,sex_t,eco_sector_ind,est_sizedetails_s5_9,2013,284.71
gha,sex_t,eco_sector_ind,est_sizedetails_s5_9,2015,98.615
gha,sex_t,eco_sector_ind,est_sizedetails_sge50,2013,9.018
gha,sex_t,eco_sector_ind,est_sizedetails_sge50,2015,17.386
gha,sex_t,eco_sector_ind,est_sizedetails_total,2013,1501.245
gha,sex_t,eco_sector_ind,est_sizedetails_total,2015,1154.214
gha,sex_t,eco_sector_ind,est_sizedetails_x,2013,173.618
gha,sex_t,eco_sector_nag,est_sizeaggregate_s1_4,2013,3702.64
gha,sex_t,eco_sector_nag,est_sizeaggregate_s1_4,2015,2973.186
gha,sex_t,eco_sector_nag,est_sizeaggregate_s5_49,2013,973.602
gha,sex_t,eco_sector_nag,est_sizeaggregate_s5_49,2015,252.898
gha,sex_t,eco_sector_nag,est_sizeaggregate_sge50,2013,39.556
gha,sex_t,eco_sector_nag,est_sizeaggregate_sge50,2015,32.731
gha,sex_t,eco_sector_nag,est_sizeaggregate_total,2013,5429.348
gha,sex_t,eco_sector_nag,est_sizeaggregate_total,2015,3328.409
gha,sex_t,eco_sector_nag,est_sizeaggregate_x,2013,713.55
gha,sex_t,eco_sector_nag,est_sizeaggregate_x,2015,69.594
gha,sex_t,eco_sector_nag,est_sizedetails_s1,2013,2074.492
gha,sex_t,eco_sector_nag,est_sizedetails_s1,2015,2201.052
gha,sex_t,eco_sector_nag,est_sizedetails_s10_19,2013,256.131
gha,sex_t,eco_sector_nag,est_sizedetails_s10_19,2015,62.426
gha,sex_t,eco_sector_nag,est_sizedetails_s20_49,2013,107.126
gha,sex_t,eco_sector_nag,est_sizedetails_s20_49,2015,34.558
gha,sex_t,eco_sector_nag,est_sizedetails_s2_4,2013,1628.147
gha,sex_t,eco_sector_nag,est_sizedetails_s2_4,2015,772.134
gha,sex_t,eco_sector_nag,est_sizedetails_s5_9,2013,610.346
gha,sex_t,eco_sector_nag,est_sizedetails_s5_9,2015,155.914
gha,sex_t,eco_sector_nag,est_sizedetails_sge50,2013,39.556
gha,sex_t,eco_sector_nag,est_sizedetails_sge50,2015,32.731
gha,sex_t,eco_sector_nag,est_sizedetails_total,2013,5429.348
gha,sex_t,eco_sector_nag,est_sizedetails_total,2015,3328.409
gha,sex_t,eco_sector_nag,est_sizedetails_x,2013,713.55
gha,sex_t,eco_sector_nag,est_sizedetails_x,2015,69.594
gha,sex_t,eco_sector_ser,est_sizeaggregate_s1_4,2013,2779.775
gha,sex_t,eco_sector_ser,est_sizeaggregate_s1_4,2015,1990.717
gha,sex_t,eco_sector_ser,est_sizeaggregate_s5_49,2013,535.825
gha,sex_t,eco_sector_ser,est_sizeaggregate_s5_49,2015,103.942
gha,sex_t,eco_sector_ser,est_sizeaggregate_sge50,2013,30.256
gha,sex_t,eco_sector_ser,est_sizeaggregate_sge50,2015,15.345
gha,sex_t,eco_sector_ser,est_sizeaggregate_total,2013,3882.509
gha,sex_t,eco_sector_ser,est_sizeaggregate_total,2015,2167.097
gha,sex_t,eco_sector_ser,est_sizeaggregate_x,2013,536.653
gha,sex_t,eco_sector_ser,est_sizeaggregate_x,2015,57.092
gha,sex_t,eco_sector_ser,est_sizedetails_s1,2013,1613.005
gha,sex_t,eco_sector_ser,est_sizedetails_s1,2015,1529.871
gha,sex_t,eco_sector_ser,est_sizedetails_s10_19,2013,144.621
gha,sex_t,eco_sector_ser,est_sizedetails_s10_19,2015,34.999
gha,sex_t,eco_sector_ser,est_sizedetails_s20_49,2013,73.547
gha,sex_t,eco_sector_ser,est_sizedetails_s20_49,2015,11.645
gha,sex_t,eco_sector_ser,est_sizedetails_s2_4,2013,1166.77
gha,sex_t,eco_sector_ser,est_sizedetails_s2_4,2015,460.846
gha,sex_t,eco_sector_ser,est_sizedetails_s5_9,2013,317.657
gha,sex_t,eco_sector_ser,est_sizedetails_s5_9,2015,57.298
gha,sex_t,eco_sector_ser,est_sizedetails_sge50,2013,30.256
gha,sex_t,eco_sector_ser,est_sizedetails_sge50,2015,15.345
gha,sex_t,eco_sector_ser,est_sizedetails_total,2013,3882.509
gha,sex_t,eco_sector_ser,est_sizedetails_total,2015,2167.097
gha,sex_t,eco_sector_ser,est_sizedetails_x,2013,536.653
gha,sex_t,eco_sector_ser,est_sizedetails_x,2015,57.092
gha,sex_t,eco_sector_total,est_sizeaggregate_s1_4,2013,7361.417
gha,sex_t,eco_sector_total,est_sizeaggregate_s1_4,2015,5495.995
gha,sex_t,eco_sector_total,est_sizeaggregate_s5_49,2013,2501.33
gha,sex_t,eco_sector_total,est_sizeaggregate_s5_49,2015,372.801
gha,sex_t,eco_sector_total,est_sizeaggregate_sge50,2013,52.684
gha,sex_t,eco_sector_total,est_sizeaggregate_sge50,2015,36.697
gha,sex_t,eco_sector_total,est_sizeaggregate_total,2013,10831.95
gha,sex_t,eco_sector_total,est_sizeaggregate_total,2015,6343.705
gha,sex_t,eco_sector_total,est_sizeaggregate_x,2013,916.519
gha,sex_t,eco_sector_total,est_sizeaggregate_x,2015,438.213
gha,sex_t,eco_sector_total,est_sizedetails_s1,2013,3131.225
gha,sex_t,eco_sector_total,est_sizedetails_s1,2015,3673.983
gha,sex_t,eco_sector_total,est_sizedetails_s10_19,2013,523.704
gha,sex_t,eco_sector_total,est_sizedetails_s10_19,2015,87.555
gha,sex_t,eco_sector_total,est_sizedetails_s20_49,2013,127.442
gha,sex_t,eco_sector_total,est_sizedetails_s20_49,2015,41.086
gha,sex_t,eco_sector_total,est_sizedetails_s2_4,2013,4230.193
gha,sex_t,eco_sector_total,est_sizedetails_s2_4,2015,1822.011
gha,sex_t,eco_sector_total,est_sizedetails_s5_9,2013,1850.185
gha,sex_t,eco_sector_total,est_sizedetails_s5_9,2015,244.159
gha,sex_t,eco_sector_total,est_sizedetails_sge50,2013,52.684
gha,sex_t,eco_sector_total,est_sizedetails_sge50,2015,36.697
gha,sex_t,eco_sector_total,est_sizedetails_total,2013,10831.95
gha,sex_t,eco_sector_total,est_sizedetails_total,2015,6343.705
gha,sex_t,eco_sector_total,est_sizedetails_x,2013,916.519
gha,sex_t,eco_sector_total,est_sizedetails_x,2015,438.213
gha,sex_t,eco_sector_x,est_sizeaggregate_s1_4,2013,32.048
gha,sex_t,eco_sector_x,est_sizeaggregate_s5_49,2013,9.986
gha,sex_t,eco_sector_x,est_sizeaggregate_total,2013,45.594
gha,sex_t,eco_sector_x,est_sizeaggregate_total,2015,7.099
gha,sex_t,eco_sector_x,est_sizeaggregate_x,2013,3.279
gha,sex_t,eco_sector_x,est_sizeaggregate_x,2015,7.099
gha,sex_t,eco_sector_x,est_sizedetails_s1,2013,12.528
gha,sex_t,eco_sector_x,est_sizedetails_s2_4,2013,19.52
gha,sex_t,eco_sector_x,est_sizedetails_s5_9,2013,7.979
gha,sex_t,eco_sector_x,est_sizedetails_total,2013,45.594
gha,sex_t,eco_sector_x,est_sizedetails_total,2015,7.099
gha,sex_t,eco_sector_x,est_sizedetails_x,2013,3.279
gha,sex_t,eco_sector_x,est_sizedetails_x,2015,7.099
