ref_area,sex,classif1,classif2,time,ees_tees_sex_ocu_mts_nb
col,sex_f,ocu_isco08_0,mts_aggregate_1,2022,0.442
col,sex_f,ocu_isco08_0,mts_aggregate_1,2024,0.536
col,sex_f,ocu_isco08_0,mts_aggregate_1,2025,1.476
col,sex_f,ocu_isco08_0,mts_aggregate_2,2022,0.915
col,sex_f,ocu_isco08_0,mts_aggregate_2,2023,0.536
col,sex_f,ocu_isco08_0,mts_aggregate_2,2024,0.725
col,sex_f,ocu_isco08_0,mts_aggregate_2,2025,0.576
col,sex_f,ocu_isco08_0,mts_aggregate_total,2022,1.358
col,sex_f,ocu_isco08_0,mts_aggregate_total,2023,0.767
col,sex_f,ocu_isco08_0,mts_aggregate_total,2024,1.261
col,sex_f,ocu_isco08_0,mts_aggregate_total,2025,2.052
col,sex_f,ocu_isco08_0,mts_details_mrd,2022,0.51
col,sex_f,ocu_isco08_0,mts_details_mrd,2023,0.526
col,sex_f,ocu_isco08_0,mts_details_mrd,2024,0.066
col,sex_f,ocu_isco08_0,mts_details_mrd,2025,0.529
col,sex_f,ocu_isco08_0,mts_details_sgle,2022,0.338
col,sex_f,ocu_isco08_0,mts_details_sgle,2024,0.523
col,sex_f,ocu_isco08_0,mts_details_sgle,2025,1.415
col,sex_f,ocu_isco08_0,mts_details_total,2022,1.358
col,sex_f,ocu_isco08_0,mts_details_total,2023,0.767
col,sex_f,ocu_isco08_0,mts_details_total,2024,1.261
col,sex_f,ocu_isco08_0,mts_details_total,2025,2.052
col,sex_f,ocu_isco08_0,mts_details_union,2025,0.048
col,sex_f,ocu_isco08_1,mts_aggregate_1,2002,150.607
col,sex_f,ocu_isco08_1,mts_aggregate_1,2003,167.146
col,sex_f,ocu_isco08_1,mts_aggregate_1,2004,158.209
col,sex_f,ocu_isco08_1,mts_aggregate_1,2005,155.882
col,sex_f,ocu_isco08_1,mts_aggregate_1,2007,321.491
col,sex_f,ocu_isco08_1,mts_aggregate_1,2008,187.018
col,sex_f,ocu_isco08_1,mts_aggregate_1,2009,164.861
col,sex_f,ocu_isco08_1,mts_aggregate_1,2010,176.988
col,sex_f,ocu_isco08_1,mts_aggregate_1,2011,171.972
col,sex_f,ocu_isco08_1,mts_aggregate_1,2012,177.817
col,sex_f,ocu_isco08_1,mts_aggregate_1,2013,206.406
col,sex_f,ocu_isco08_1,mts_aggregate_1,2014,207.778
col,sex_f,ocu_isco08_1,mts_aggregate_1,2015,232.485
col,sex_f,ocu_isco08_1,mts_aggregate_1,2016,227.188
col,sex_f,ocu_isco08_1,mts_aggregate_1,2017,231.369
col,sex_f,ocu_isco08_1,mts_aggregate_1,2018,222.922
col,sex_f,ocu_isco08_1,mts_aggregate_1,2019,217.76
col,sex_f,ocu_isco08_1,mts_aggregate_1,2021,209.705
col,sex_f,ocu_isco08_1,mts_aggregate_1,2022,151.228
col,sex_f,ocu_isco08_1,mts_aggregate_1,2023,169.643
col,sex_f,ocu_isco08_1,mts_aggregate_1,2024,164.536
col,sex_f,ocu_isco08_1,mts_aggregate_1,2025,161.404
col,sex_f,ocu_isco08_1,mts_aggregate_2,2002,183.421
col,sex_f,ocu_isco08_1,mts_aggregate_2,2003,190.539
col,sex_f,ocu_isco08_1,mts_aggregate_2,2004,202.084
col,sex_f,ocu_isco08_1,mts_aggregate_2,2005,195.175
col,sex_f,ocu_isco08_1,mts_aggregate_2,2007,165.267
col,sex_f,ocu_isco08_1,mts_aggregate_2,2008,195.615
col,sex_f,ocu_isco08_1,mts_aggregate_2,2009,185.85
col,sex_f,ocu_isco08_1,mts_aggregate_2,2010,196.522
col,sex_f,ocu_isco08_1,mts_aggregate_2,2011,192.034
col,sex_f,ocu_isco08_1,mts_aggregate_2,2012,205.17
col,sex_f,ocu_isco08_1,mts_aggregate_2,2013,222.913
col,sex_f,ocu_isco08_1,mts_aggregate_2,2014,233.791
col,sex_f,ocu_isco08_1,mts_aggregate_2,2015,236.449
col,sex_f,ocu_isco08_1,mts_aggregate_2,2016,239.844
col,sex_f,ocu_isco08_1,mts_aggregate_2,2017,250.13
col,sex_f,ocu_isco08_1,mts_aggregate_2,2018,242.969
col,sex_f,ocu_isco08_1,mts_aggregate_2,2019,245.654
col,sex_f,ocu_isco08_1,mts_aggregate_2,2021,242.267
col,sex_f,ocu_isco08_1,mts_aggregate_2,2022,213.059
col,sex_f,ocu_isco08_1,mts_aggregate_2,2023,216.197
col,sex_f,ocu_isco08_1,mts_aggregate_2,2024,212.172
col,sex_f,ocu_isco08_1,mts_aggregate_2,2025,192.839
col,sex_f,ocu_isco08_1,mts_aggregate_total,2002,334.028
col,sex_f,ocu_isco08_1,mts_aggregate_total,2003,357.685
col,sex_f,ocu_isco08_1,mts_aggregate_total,2004,360.293
col,sex_f,ocu_isco08_1,mts_aggregate_total,2005,351.057
col,sex_f,ocu_isco08_1,mts_aggregate_total,2007,486.759
col,sex_f,ocu_isco08_1,mts_aggregate_total,2008,382.632
col,sex_f,ocu_isco08_1,mts_aggregate_total,2009,350.711
col,sex_f,ocu_isco08_1,mts_aggregate_total,2010,373.51
col,sex_f,ocu_isco08_1,mts_aggregate_total,2011,364.006
col,sex_f,ocu_isco08_1,mts_aggregate_total,2012,382.987
col,sex_f,ocu_isco08_1,mts_aggregate_total,2013,429.319
col,sex_f,ocu_isco08_1,mts_aggregate_total,2014,441.569
col,sex_f,ocu_isco08_1,mts_aggregate_total,2015,468.934
col,sex_f,ocu_isco08_1,mts_aggregate_total,2016,467.032
col,sex_f,ocu_isco08_1,mts_aggregate_total,2017,481.498
col,sex_f,ocu_isco08_1,mts_aggregate_total,2018,465.891
col,sex_f,ocu_isco08_1,mts_aggregate_total,2019,463.414
col,sex_f,ocu_isco08_1,mts_aggregate_total,2021,451.972
col,sex_f,ocu_isco08_1,mts_aggregate_total,2022,364.288
col,sex_f,ocu_isco08_1,mts_aggregate_total,2023,385.84
col,sex_f,ocu_isco08_1,mts_aggregate_total,2024,376.708
col,sex_f,ocu_isco08_1,mts_aggregate_total,2025,354.243
col,sex_f,ocu_isco08_1,mts_details_mrd,2002,143.248
col,sex_f,ocu_isco08_1,mts_details_mrd,2003,138.74
col,sex_f,ocu_isco08_1,mts_details_mrd,2004,148.858
col,sex_f,ocu_isco08_1,mts_details_mrd,2005,136.697
col,sex_f,ocu_isco08_1,mts_details_mrd,2007,68.535
col,sex_f,ocu_isco08_1,mts_details_mrd,2008,135.062
col,sex_f,ocu_isco08_1,mts_details_mrd,2009,125.159
col,sex_f,ocu_isco08_1,mts_details_mrd,2010,129.572
col,sex_f,ocu_isco08_1,mts_details_mrd,2011,127.336
col,sex_f,ocu_isco08_1,mts_details_mrd,2012,126.111
col,sex_f,ocu_isco08_1,mts_details_mrd,2013,140.114
col,sex_f,ocu_isco08_1,mts_details_mrd,2014,147.958
col,sex_f,ocu_isco08_1,mts_details_mrd,2015,137.826
col,sex_f,ocu_isco08_1,mts_details_mrd,2016,136.828
col,sex_f,ocu_isco08_1,mts_details_mrd,2017,145.377
col,sex_f,ocu_isco08_1,mts_details_mrd,2018,140.554
col,sex_f,ocu_isco08_1,mts_details_mrd,2019,144.649
col,sex_f,ocu_isco08_1,mts_details_mrd,2021,129.005
col,sex_f,ocu_isco08_1,mts_details_mrd,2022,122.57
col,sex_f,ocu_isco08_1,mts_details_mrd,2023,122.881
col,sex_f,ocu_isco08_1,mts_details_mrd,2024,115.74
col,sex_f,ocu_isco08_1,mts_details_mrd,2025,105.278
col,sex_f,ocu_isco08_1,mts_details_sep,2002,45.6
col,sex_f,ocu_isco08_1,mts_details_sep,2003,50.573
col,sex_f,ocu_isco08_1,mts_details_sep,2004,44.796
col,sex_f,ocu_isco08_1,mts_details_sep,2005,45.043
col,sex_f,ocu_isco08_1,mts_details_sep,2007,11.446
col,sex_f,ocu_isco08_1,mts_details_sep,2008,56.226
col,sex_f,ocu_isco08_1,mts_details_sep,2009,51.588
col,sex_f,ocu_isco08_1,mts_details_sep,2010,54.847
col,sex_f,ocu_isco08_1,mts_details_sep,2011,55.276
col,sex_f,ocu_isco08_1,mts_details_sep,2012,58.173
col,sex_f,ocu_isco08_1,mts_details_sep,2013,66.544
col,sex_f,ocu_isco08_1,mts_details_sep,2014,71.716
col,sex_f,ocu_isco08_1,mts_details_sep,2015,79.023
col,sex_f,ocu_isco08_1,mts_details_sep,2016,84.379
col,sex_f,ocu_isco08_1,mts_details_sep,2017,78.479
col,sex_f,ocu_isco08_1,mts_details_sep,2018,82.652
col,sex_f,ocu_isco08_1,mts_details_sep,2019,74.508
col,sex_f,ocu_isco08_1,mts_details_sep,2021,68.881
col,sex_f,ocu_isco08_1,mts_details_sep,2022,46.607
col,sex_f,ocu_isco08_1,mts_details_sep,2023,51.723
col,sex_f,ocu_isco08_1,mts_details_sep,2024,53.421
col,sex_f,ocu_isco08_1,mts_details_sep,2025,60.014
col,sex_f,ocu_isco08_1,mts_details_sgle,2002,94.209
col,sex_f,ocu_isco08_1,mts_details_sgle,2003,107.745
col,sex_f,ocu_isco08_1,mts_details_sgle,2004,106.271
col,sex_f,ocu_isco08_1,mts_details_sgle,2005,99.055
col,sex_f,ocu_isco08_1,mts_details_sgle,2007,154.211
col,sex_f,ocu_isco08_1,mts_details_sgle,2008,119.648
col,sex_f,ocu_isco08_1,mts_details_sgle,2009,105.302
col,sex_f,ocu_isco08_1,mts_details_sgle,2010,115.56
col,sex_f,ocu_isco08_1,mts_details_sgle,2011,107.764
col,sex_f,ocu_isco08_1,mts_details_sgle,2012,111.874
col,sex_f,ocu_isco08_1,mts_details_sgle,2013,128.714
col,sex_f,ocu_isco08_1,mts_details_sgle,2014,128.081
col,sex_f,ocu_isco08_1,mts_details_sgle,2015,144.247
col,sex_f,ocu_isco08_1,mts_details_sgle,2016,133.651
col,sex_f,ocu_isco08_1,mts_details_sgle,2017,144.597
col,sex_f,ocu_isco08_1,mts_details_sgle,2018,132.083
col,sex_f,ocu_isco08_1,mts_details_sgle,2019,135.772
col,sex_f,ocu_isco08_1,mts_details_sgle,2021,132.245
col,sex_f,ocu_isco08_1,mts_details_sgle,2022,98.812
col,sex_f,ocu_isco08_1,mts_details_sgle,2023,112.285
col,sex_f,ocu_isco08_1,mts_details_sgle,2024,104.451
col,sex_f,ocu_isco08_1,mts_details_sgle,2025,96.868
col,sex_f,ocu_isco08_1,mts_details_total,2002,334.028
col,sex_f,ocu_isco08_1,mts_details_total,2003,357.685
col,sex_f,ocu_isco08_1,mts_details_total,2004,360.293
col,sex_f,ocu_isco08_1,mts_details_total,2005,351.057
col,sex_f,ocu_isco08_1,mts_details_total,2007,486.759
col,sex_f,ocu_isco08_1,mts_details_total,2008,382.632
col,sex_f,ocu_isco08_1,mts_details_total,2009,350.711
col,sex_f,ocu_isco08_1,mts_details_total,2010,373.51
col,sex_f,ocu_isco08_1,mts_details_total,2011,364.006
col,sex_f,ocu_isco08_1,mts_details_total,2012,382.987
col,sex_f,ocu_isco08_1,mts_details_total,2013,429.319
col,sex_f,ocu_isco08_1,mts_details_total,2014,441.569
col,sex_f,ocu_isco08_1,mts_details_total,2015,468.934
col,sex_f,ocu_isco08_1,mts_details_total,2016,467.032
col,sex_f,ocu_isco08_1,mts_details_total,2017,481.498
col,sex_f,ocu_isco08_1,mts_details_total,2018,465.891
col,sex_f,ocu_isco08_1,mts_details_total,2019,463.414
col,sex_f,ocu_isco08_1,mts_details_total,2021,451.972
col,sex_f,ocu_isco08_1,mts_details_total,2022,364.288
col,sex_f,ocu_isco08_1,mts_details_total,2023,385.84
col,sex_f,ocu_isco08_1,mts_details_total,2024,376.708
col,sex_f,ocu_isco08_1,mts_details_total,2025,354.243
col,sex_f,ocu_isco08_1,mts_details_union,2002,40.174
col,sex_f,ocu_isco08_1,mts_details_union,2003,51.799
col,sex_f,ocu_isco08_1,mts_details_union,2004,53.226
col,sex_f,ocu_isco08_1,mts_details_union,2005,58.478
col,sex_f,ocu_isco08_1,mts_details_union,2007,96.732
col,sex_f,ocu_isco08_1,mts_details_union,2008,60.553
col,sex_f,ocu_isco08_1,mts_details_union,2009,60.691
col,sex_f,ocu_isco08_1,mts_details_union,2010,66.95
col,sex_f,ocu_isco08_1,mts_details_union,2011,64.698
col,sex_f,ocu_isco08_1,mts_details_union,2012,79.059
col,sex_f,ocu_isco08_1,mts_details_union,2013,82.799
col,sex_f,ocu_isco08_1,mts_details_union,2014,85.833
col,sex_f,ocu_isco08_1,mts_details_union,2015,98.624
col,sex_f,ocu_isco08_1,mts_details_union,2016,103.016
col,sex_f,ocu_isco08_1,mts_details_union,2017,104.753
col,sex_f,ocu_isco08_1,mts_details_union,2018,102.415
col,sex_f,ocu_isco08_1,mts_details_union,2019,101.005
col,sex_f,ocu_isco08_1,mts_details_union,2021,113.262
col,sex_f,ocu_isco08_1,mts_details_union,2022,90.49
col,sex_f,ocu_isco08_1,mts_details_union,2023,93.316
col,sex_f,ocu_isco08_1,mts_details_union,2024,96.432
col,sex_f,ocu_isco08_1,mts_details_union,2025,87.562
col,sex_f,ocu_isco08_1,mts_details_wid,2002,10.798
col,sex_f,ocu_isco08_1,mts_details_wid,2003,8.828
col,sex_f,ocu_isco08_1,mts_details_wid,2004,7.142
col,sex_f,ocu_isco08_1,mts_details_wid,2005,11.784
col,sex_f,ocu_isco08_1,mts_details_wid,2007,155.835
col,sex_f,ocu_isco08_1,mts_details_wid,2008,11.144
col,sex_f,ocu_isco08_1,mts_details_wid,2009,7.97
col,sex_f,ocu_isco08_1,mts_details_wid,2010,6.581
col,sex_f,ocu_isco08_1,mts_details_wid,2011,8.931
col,sex_f,ocu_isco08_1,mts_details_wid,2012,7.77
col,sex_f,ocu_isco08_1,mts_details_wid,2013,11.147
col,sex_f,ocu_isco08_1,mts_details_wid,2014,7.981
col,sex_f,ocu_isco08_1,mts_details_wid,2015,9.215
col,sex_f,ocu_isco08_1,mts_details_wid,2016,9.159
col,sex_f,ocu_isco08_1,mts_details_wid,2017,8.293
col,sex_f,ocu_isco08_1,mts_details_wid,2018,8.185
col,sex_f,ocu_isco08_1,mts_details_wid,2019,7.479
col,sex_f,ocu_isco08_1,mts_details_wid,2021,8.579
col,sex_f,ocu_isco08_1,mts_details_wid,2022,5.81
col,sex_f,ocu_isco08_1,mts_details_wid,2023,5.635
col,sex_f,ocu_isco08_1,mts_details_wid,2024,6.664
col,sex_f,ocu_isco08_1,mts_details_wid,2025,4.522
col,sex_f,ocu_isco08_2,mts_aggregate_1,2002,180.883
col,sex_f,ocu_isco08_2,mts_aggregate_1,2003,190.787
col,sex_f,ocu_isco08_2,mts_aggregate_1,2004,198.646
col,sex_f,ocu_isco08_2,mts_aggregate_1,2005,218.285
col,sex_f,ocu_isco08_2,mts_aggregate_1,2007,294.504
col,sex_f,ocu_isco08_2,mts_aggregate_1,2008,218.14
col,sex_f,ocu_isco08_2,mts_aggregate_1,2009,211.924
col,sex_f,ocu_isco08_2,mts_aggregate_1,2010,222.447
col,sex_f,ocu_isco08_2,mts_aggregate_1,2011,223.708
col,sex_f,ocu_isco08_2,mts_aggregate_1,2012,231.054
col,sex_f,ocu_isco08_2,mts_aggregate_1,2013,244.58
col,sex_f,ocu_isco08_2,mts_aggregate_1,2014,263.918
col,sex_f,ocu_isco08_2,mts_aggregate_1,2015,273.469
col,sex_f,ocu_isco08_2,mts_aggregate_1,2016,277.538
col,sex_f,ocu_isco08_2,mts_aggregate_1,2017,279.162
col,sex_f,ocu_isco08_2,mts_aggregate_1,2018,283.853
col,sex_f,ocu_isco08_2,mts_aggregate_1,2019,294.713
col,sex_f,ocu_isco08_2,mts_aggregate_1,2021,279.486
col,sex_f,ocu_isco08_2,mts_aggregate_1,2022,413.978
col,sex_f,ocu_isco08_2,mts_aggregate_1,2023,427.141
col,sex_f,ocu_isco08_2,mts_aggregate_1,2024,434.729
col,sex_f,ocu_isco08_2,mts_aggregate_1,2025,457.181
col,sex_f,ocu_isco08_2,mts_aggregate_2,2002,177.836
col,sex_f,ocu_isco08_2,mts_aggregate_2,2003,174.097
col,sex_f,ocu_isco08_2,mts_aggregate_2,2004,171.868
col,sex_f,ocu_isco08_2,mts_aggregate_2,2005,190.26
col,sex_f,ocu_isco08_2,mts_aggregate_2,2007,175.014
col,sex_f,ocu_isco08_2,mts_aggregate_2,2008,183.79
col,sex_f,ocu_isco08_2,mts_aggregate_2,2009,197.397
col,sex_f,ocu_isco08_2,mts_aggregate_2,2010,195.455
col,sex_f,ocu_isco08_2,mts_aggregate_2,2011,190.819
col,sex_f,ocu_isco08_2,mts_aggregate_2,2012,201.94
col,sex_f,ocu_isco08_2,mts_aggregate_2,2013,219.908
col,sex_f,ocu_isco08_2,mts_aggregate_2,2014,238.794
col,sex_f,ocu_isco08_2,mts_aggregate_2,2015,253.518
col,sex_f,ocu_isco08_2,mts_aggregate_2,2016,249.433
col,sex_f,ocu_isco08_2,mts_aggregate_2,2017,264.343
col,sex_f,ocu_isco08_2,mts_aggregate_2,2018,260.274
col,sex_f,ocu_isco08_2,mts_aggregate_2,2019,269.911
col,sex_f,ocu_isco08_2,mts_aggregate_2,2021,262.648
col,sex_f,ocu_isco08_2,mts_aggregate_2,2022,467.419
col,sex_f,ocu_isco08_2,mts_aggregate_2,2023,489.944
col,sex_f,ocu_isco08_2,mts_aggregate_2,2024,451.438
col,sex_f,ocu_isco08_2,mts_aggregate_2,2025,491.468
col,sex_f,ocu_isco08_2,mts_aggregate_total,2002,358.719
col,sex_f,ocu_isco08_2,mts_aggregate_total,2003,364.884
col,sex_f,ocu_isco08_2,mts_aggregate_total,2004,370.514
col,sex_f,ocu_isco08_2,mts_aggregate_total,2005,408.545
col,sex_f,ocu_isco08_2,mts_aggregate_total,2007,469.518
col,sex_f,ocu_isco08_2,mts_aggregate_total,2008,401.929
col,sex_f,ocu_isco08_2,mts_aggregate_total,2009,409.321
col,sex_f,ocu_isco08_2,mts_aggregate_total,2010,417.902
col,sex_f,ocu_isco08_2,mts_aggregate_total,2011,414.527
col,sex_f,ocu_isco08_2,mts_aggregate_total,2012,432.993
col,sex_f,ocu_isco08_2,mts_aggregate_total,2013,464.488
col,sex_f,ocu_isco08_2,mts_aggregate_total,2014,502.712
col,sex_f,ocu_isco08_2,mts_aggregate_total,2015,526.986
col,sex_f,ocu_isco08_2,mts_aggregate_total,2016,526.971
col,sex_f,ocu_isco08_2,mts_aggregate_total,2017,543.505
col,sex_f,ocu_isco08_2,mts_aggregate_total,2018,544.127
col,sex_f,ocu_isco08_2,mts_aggregate_total,2019,564.624
col,sex_f,ocu_isco08_2,mts_aggregate_total,2021,542.134
col,sex_f,ocu_isco08_2,mts_aggregate_total,2022,881.397
col,sex_f,ocu_isco08_2,mts_aggregate_total,2023,917.084
col,sex_f,ocu_isco08_2,mts_aggregate_total,2024,886.167
col,sex_f,ocu_isco08_2,mts_aggregate_total,2025,948.649
col,sex_f,ocu_isco08_2,mts_details_mrd,2002,113.994
col,sex_f,ocu_isco08_2,mts_details_mrd,2003,115.816
col,sex_f,ocu_isco08_2,mts_details_mrd,2004,114.608
col,sex_f,ocu_isco08_2,mts_details_mrd,2005,115.586
col,sex_f,ocu_isco08_2,mts_details_mrd,2007,73.84
col,sex_f,ocu_isco08_2,mts_details_mrd,2008,106.457
col,sex_f,ocu_isco08_2,mts_details_mrd,2009,111.739
col,sex_f,ocu_isco08_2,mts_details_mrd,2010,106.646
col,sex_f,ocu_isco08_2,mts_details_mrd,2011,107.383
col,sex_f,ocu_isco08_2,mts_details_mrd,2012,102.42
col,sex_f,ocu_isco08_2,mts_details_mrd,2013,111.566
col,sex_f,ocu_isco08_2,mts_details_mrd,2014,121.499
col,sex_f,ocu_isco08_2,mts_details_mrd,2015,124.501
col,sex_f,ocu_isco08_2,mts_details_mrd,2016,115.325
col,sex_f,ocu_isco08_2,mts_details_mrd,2017,123.216
col,sex_f,ocu_isco08_2,mts_details_mrd,2018,119.038
col,sex_f,ocu_isco08_2,mts_details_mrd,2019,120.313
col,sex_f,ocu_isco08_2,mts_details_mrd,2021,115.393
col,sex_f,ocu_isco08_2,mts_details_mrd,2022,261.298
col,sex_f,ocu_isco08_2,mts_details_mrd,2023,278.015
col,sex_f,ocu_isco08_2,mts_details_mrd,2024,249.75
col,sex_f,ocu_isco08_2,mts_details_mrd,2025,255.544
col,sex_f,ocu_isco08_2,mts_details_sep,2002,48.492
col,sex_f,ocu_isco08_2,mts_details_sep,2003,47.287
col,sex_f,ocu_isco08_2,mts_details_sep,2004,49.744
col,sex_f,ocu_isco08_2,mts_details_sep,2005,55.108
col,sex_f,ocu_isco08_2,mts_details_sep,2007,13.982
col,sex_f,ocu_isco08_2,mts_details_sep,2008,61.841
col,sex_f,ocu_isco08_2,mts_details_sep,2009,60.11
col,sex_f,ocu_isco08_2,mts_details_sep,2010,65.211
col,sex_f,ocu_isco08_2,mts_details_sep,2011,66.911
col,sex_f,ocu_isco08_2,mts_details_sep,2012,70.783
col,sex_f,ocu_isco08_2,mts_details_sep,2013,79.556
col,sex_f,ocu_isco08_2,mts_details_sep,2014,92.509
col,sex_f,ocu_isco08_2,mts_details_sep,2015,91.927
col,sex_f,ocu_isco08_2,mts_details_sep,2016,97.145
col,sex_f,ocu_isco08_2,mts_details_sep,2017,95.512
col,sex_f,ocu_isco08_2,mts_details_sep,2018,97.86
col,sex_f,ocu_isco08_2,mts_details_sep,2019,110.075
col,sex_f,ocu_isco08_2,mts_details_sep,2021,88.249
col,sex_f,ocu_isco08_2,mts_details_sep,2022,106.97
col,sex_f,ocu_isco08_2,mts_details_sep,2023,123.518
col,sex_f,ocu_isco08_2,mts_details_sep,2024,117.916
col,sex_f,ocu_isco08_2,mts_details_sep,2025,128.118
col,sex_f,ocu_isco08_2,mts_details_sgle,2002,123.724
col,sex_f,ocu_isco08_2,mts_details_sgle,2003,133.643
col,sex_f,ocu_isco08_2,mts_details_sgle,2004,139.427
col,sex_f,ocu_isco08_2,mts_details_sgle,2005,154.817
col,sex_f,ocu_isco08_2,mts_details_sgle,2007,115.096
col,sex_f,ocu_isco08_2,mts_details_sgle,2008,148.189
col,sex_f,ocu_isco08_2,mts_details_sgle,2009,141.677
col,sex_f,ocu_isco08_2,mts_details_sgle,2010,148.066
col,sex_f,ocu_isco08_2,mts_details_sgle,2011,147.494
col,sex_f,ocu_isco08_2,mts_details_sgle,2012,150.403
col,sex_f,ocu_isco08_2,mts_details_sgle,2013,156.015
col,sex_f,ocu_isco08_2,mts_details_sgle,2014,162.417
col,sex_f,ocu_isco08_2,mts_details_sgle,2015,168.759
col,sex_f,ocu_isco08_2,mts_details_sgle,2016,169.224
col,sex_f,ocu_isco08_2,mts_details_sgle,2017,174.698
col,sex_f,ocu_isco08_2,mts_details_sgle,2018,175.527
col,sex_f,ocu_isco08_2,mts_details_sgle,2019,173.904
col,sex_f,ocu_isco08_2,mts_details_sgle,2021,181.376
col,sex_f,ocu_isco08_2,mts_details_sgle,2022,291.785
col,sex_f,ocu_isco08_2,mts_details_sgle,2023,286.367
col,sex_f,ocu_isco08_2,mts_details_sgle,2024,301.829
col,sex_f,ocu_isco08_2,mts_details_sgle,2025,316.189
col,sex_f,ocu_isco08_2,mts_details_total,2002,358.719
col,sex_f,ocu_isco08_2,mts_details_total,2003,364.884
col,sex_f,ocu_isco08_2,mts_details_total,2004,370.514
col,sex_f,ocu_isco08_2,mts_details_total,2005,408.545
col,sex_f,ocu_isco08_2,mts_details_total,2007,469.518
col,sex_f,ocu_isco08_2,mts_details_total,2008,401.929
col,sex_f,ocu_isco08_2,mts_details_total,2009,409.321
col,sex_f,ocu_isco08_2,mts_details_total,2010,417.902
col,sex_f,ocu_isco08_2,mts_details_total,2011,414.527
col,sex_f,ocu_isco08_2,mts_details_total,2012,432.993
col,sex_f,ocu_isco08_2,mts_details_total,2013,464.488
col,sex_f,ocu_isco08_2,mts_details_total,2014,502.712
col,sex_f,ocu_isco08_2,mts_details_total,2015,526.986
col,sex_f,ocu_isco08_2,mts_details_total,2016,526.971
col,sex_f,ocu_isco08_2,mts_details_total,2017,543.505
col,sex_f,ocu_isco08_2,mts_details_total,2018,544.127
col,sex_f,ocu_isco08_2,mts_details_total,2019,564.624
col,sex_f,ocu_isco08_2,mts_details_total,2021,542.134
col,sex_f,ocu_isco08_2,mts_details_total,2022,881.397
col,sex_f,ocu_isco08_2,mts_details_total,2023,917.084
col,sex_f,ocu_isco08_2,mts_details_total,2024,886.167
col,sex_f,ocu_isco08_2,mts_details_total,2025,948.649
col,sex_f,ocu_isco08_2,mts_details_union,2002,63.842
col,sex_f,ocu_isco08_2,mts_details_union,2003,58.28
col,sex_f,ocu_isco08_2,mts_details_union,2004,57.26
col,sex_f,ocu_isco08_2,mts_details_union,2005,74.674
col,sex_f,ocu_isco08_2,mts_details_union,2007,101.174
col,sex_f,ocu_isco08_2,mts_details_union,2008,77.333
col,sex_f,ocu_isco08_2,mts_details_union,2009,85.658
col,sex_f,ocu_isco08_2,mts_details_union,2010,88.809
col,sex_f,ocu_isco08_2,mts_details_union,2011,83.436
col,sex_f,ocu_isco08_2,mts_details_union,2012,99.519
col,sex_f,ocu_isco08_2,mts_details_union,2013,108.342
col,sex_f,ocu_isco08_2,mts_details_union,2014,117.295
col,sex_f,ocu_isco08_2,mts_details_union,2015,129.017
col,sex_f,ocu_isco08_2,mts_details_union,2016,134.108
col,sex_f,ocu_isco08_2,mts_details_union,2017,141.128
col,sex_f,ocu_isco08_2,mts_details_union,2018,141.236
col,sex_f,ocu_isco08_2,mts_details_union,2019,149.598
col,sex_f,ocu_isco08_2,mts_details_union,2021,147.255
col,sex_f,ocu_isco08_2,mts_details_union,2022,206.121
col,sex_f,ocu_isco08_2,mts_details_union,2023,211.929
col,sex_f,ocu_isco08_2,mts_details_union,2024,201.688
col,sex_f,ocu_isco08_2,mts_details_union,2025,235.923
col,sex_f,ocu_isco08_2,mts_details_wid,2002,8.667
col,sex_f,ocu_isco08_2,mts_details_wid,2003,9.857
col,sex_f,ocu_isco08_2,mts_details_wid,2004,9.476
col,sex_f,ocu_isco08_2,mts_details_wid,2005,8.36
col,sex_f,ocu_isco08_2,mts_details_wid,2007,165.427
col,sex_f,ocu_isco08_2,mts_details_wid,2008,8.11
col,sex_f,ocu_isco08_2,mts_details_wid,2009,10.137
col,sex_f,ocu_isco08_2,mts_details_wid,2010,9.171
col,sex_f,ocu_isco08_2,mts_details_wid,2011,9.303
col,sex_f,ocu_isco08_2,mts_details_wid,2012,9.869
col,sex_f,ocu_isco08_2,mts_details_wid,2013,9.008
col,sex_f,ocu_isco08_2,mts_details_wid,2014,8.992
col,sex_f,ocu_isco08_2,mts_details_wid,2015,12.783
col,sex_f,ocu_isco08_2,mts_details_wid,2016,11.168
col,sex_f,ocu_isco08_2,mts_details_wid,2017,8.952
col,sex_f,ocu_isco08_2,mts_details_wid,2018,10.465
col,sex_f,ocu_isco08_2,mts_details_wid,2019,10.734
col,sex_f,ocu_isco08_2,mts_details_wid,2021,9.861
col,sex_f,ocu_isco08_2,mts_details_wid,2022,15.222
col,sex_f,ocu_isco08_2,mts_details_wid,2023,17.256
col,sex_f,ocu_isco08_2,mts_details_wid,2024,14.984
col,sex_f,ocu_isco08_2,mts_details_wid,2025,12.875
col,sex_f,ocu_isco08_3,mts_aggregate_1,2002,260.87
col,sex_f,ocu_isco08_3,mts_aggregate_1,2003,271.889
col,sex_f,ocu_isco08_3,mts_aggregate_1,2004,279.904
col,sex_f,ocu_isco08_3,mts_aggregate_1,2005,309.602
col,sex_f,ocu_isco08_3,mts_aggregate_1,2007,419.632
col,sex_f,ocu_isco08_3,mts_aggregate_1,2008,329.957
col,sex_f,ocu_isco08_3,mts_aggregate_1,2009,332.077
col,sex_f,ocu_isco08_3,mts_aggregate_1,2010,334.94
col,sex_f,ocu_isco08_3,mts_aggregate_1,2011,351.922
col,sex_f,ocu_isco08_3,mts_aggregate_1,2012,369.662
col,sex_f,ocu_isco08_3,mts_aggregate_1,2013,381.51
col,sex_f,ocu_isco08_3,mts_aggregate_1,2014,408.54
col,sex_f,ocu_isco08_3,mts_aggregate_1,2015,416.659
col,sex_f,ocu_isco08_3,mts_aggregate_1,2016,447.023
col,sex_f,ocu_isco08_3,mts_aggregate_1,2017,440.977
col,sex_f,ocu_isco08_3,mts_aggregate_1,2018,424.564
col,sex_f,ocu_isco08_3,mts_aggregate_1,2019,444.717
col,sex_f,ocu_isco08_3,mts_aggregate_1,2021,419.167
col,sex_f,ocu_isco08_3,mts_aggregate_1,2022,207.762
col,sex_f,ocu_isco08_3,mts_aggregate_1,2023,229.171
col,sex_f,ocu_isco08_3,mts_aggregate_1,2024,222.395
col,sex_f,ocu_isco08_3,mts_aggregate_1,2025,243.966
col,sex_f,ocu_isco08_3,mts_aggregate_2,2002,216.364
col,sex_f,ocu_isco08_3,mts_aggregate_2,2003,210.284
col,sex_f,ocu_isco08_3,mts_aggregate_2,2004,208.381
col,sex_f,ocu_isco08_3,mts_aggregate_2,2005,230.625
col,sex_f,ocu_isco08_3,mts_aggregate_2,2007,272.35
col,sex_f,ocu_isco08_3,mts_aggregate_2,2008,256.207
col,sex_f,ocu_isco08_3,mts_aggregate_2,2009,266.744
col,sex_f,ocu_isco08_3,mts_aggregate_2,2010,273.41
col,sex_f,ocu_isco08_3,mts_aggregate_2,2011,280.048
col,sex_f,ocu_isco08_3,mts_aggregate_2,2012,306.746
col,sex_f,ocu_isco08_3,mts_aggregate_2,2013,301.409
col,sex_f,ocu_isco08_3,mts_aggregate_2,2014,327.032
col,sex_f,ocu_isco08_3,mts_aggregate_2,2015,344.997
col,sex_f,ocu_isco08_3,mts_aggregate_2,2016,354.706
col,sex_f,ocu_isco08_3,mts_aggregate_2,2017,363.606
col,sex_f,ocu_isco08_3,mts_aggregate_2,2018,382.602
col,sex_f,ocu_isco08_3,mts_aggregate_2,2019,373.364
col,sex_f,ocu_isco08_3,mts_aggregate_2,2021,337.624
col,sex_f,ocu_isco08_3,mts_aggregate_2,2022,212.638
col,sex_f,ocu_isco08_3,mts_aggregate_2,2023,234.695
col,sex_f,ocu_isco08_3,mts_aggregate_2,2024,216.997
col,sex_f,ocu_isco08_3,mts_aggregate_2,2025,231.507
col,sex_f,ocu_isco08_3,mts_aggregate_total,2002,477.234
col,sex_f,ocu_isco08_3,mts_aggregate_total,2003,482.172
col,sex_f,ocu_isco08_3,mts_aggregate_total,2004,488.284
col,sex_f,ocu_isco08_3,mts_aggregate_total,2005,540.227
col,sex_f,ocu_isco08_3,mts_aggregate_total,2007,691.982
col,sex_f,ocu_isco08_3,mts_aggregate_total,2008,586.164
col,sex_f,ocu_isco08_3,mts_aggregate_total,2009,598.821
col,sex_f,ocu_isco08_3,mts_aggregate_total,2010,608.35
col,sex_f,ocu_isco08_3,mts_aggregate_total,2011,631.971
col,sex_f,ocu_isco08_3,mts_aggregate_total,2012,676.408
col,sex_f,ocu_isco08_3,mts_aggregate_total,2013,682.918
col,sex_f,ocu_isco08_3,mts_aggregate_total,2014,735.572
col,sex_f,ocu_isco08_3,mts_aggregate_total,2015,761.656
col,sex_f,ocu_isco08_3,mts_aggregate_total,2016,801.729
col,sex_f,ocu_isco08_3,mts_aggregate_total,2017,804.583
col,sex_f,ocu_isco08_3,mts_aggregate_total,2018,807.167
col,sex_f,ocu_isco08_3,mts_aggregate_total,2019,818.081
col,sex_f,ocu_isco08_3,mts_aggregate_total,2021,756.79
col,sex_f,ocu_isco08_3,mts_aggregate_total,2022,420.4
col,sex_f,ocu_isco08_3,mts_aggregate_total,2023,463.866
col,sex_f,ocu_isco08_3,mts_aggregate_total,2024,439.392
col,sex_f,ocu_isco08_3,mts_aggregate_total,2025,475.473
col,sex_f,ocu_isco08_3,mts_details_mrd,2002,124.456
col,sex_f,ocu_isco08_3,mts_details_mrd,2003,123.801
col,sex_f,ocu_isco08_3,mts_details_mrd,2004,124.312
col,sex_f,ocu_isco08_3,mts_details_mrd,2005,127.953
col,sex_f,ocu_isco08_3,mts_details_mrd,2007,115.394
col,sex_f,ocu_isco08_3,mts_details_mrd,2008,134.635
col,sex_f,ocu_isco08_3,mts_details_mrd,2009,134.874
col,sex_f,ocu_isco08_3,mts_details_mrd,2010,139.341
col,sex_f,ocu_isco08_3,mts_details_mrd,2011,129.473
col,sex_f,ocu_isco08_3,mts_details_mrd,2012,132.777
col,sex_f,ocu_isco08_3,mts_details_mrd,2013,126.302
col,sex_f,ocu_isco08_3,mts_details_mrd,2014,136.385
col,sex_f,ocu_isco08_3,mts_details_mrd,2015,138.685
col,sex_f,ocu_isco08_3,mts_details_mrd,2016,143.857
col,sex_f,ocu_isco08_3,mts_details_mrd,2017,141.111
col,sex_f,ocu_isco08_3,mts_details_mrd,2018,146.481
col,sex_f,ocu_isco08_3,mts_details_mrd,2019,143.177
col,sex_f,ocu_isco08_3,mts_details_mrd,2021,126.72
col,sex_f,ocu_isco08_3,mts_details_mrd,2022,91.247
col,sex_f,ocu_isco08_3,mts_details_mrd,2023,99.801
col,sex_f,ocu_isco08_3,mts_details_mrd,2024,91.321
col,sex_f,ocu_isco08_3,mts_details_mrd,2025,88.93
col,sex_f,ocu_isco08_3,mts_details_sep,2002,69.348
col,sex_f,ocu_isco08_3,mts_details_sep,2003,65.612
col,sex_f,ocu_isco08_3,mts_details_sep,2004,67.957
col,sex_f,ocu_isco08_3,mts_details_sep,2005,76.579
col,sex_f,ocu_isco08_3,mts_details_sep,2007,21.419
col,sex_f,ocu_isco08_3,mts_details_sep,2008,88.439
col,sex_f,ocu_isco08_3,mts_details_sep,2009,90.709
col,sex_f,ocu_isco08_3,mts_details_sep,2010,97.711
col,sex_f,ocu_isco08_3,mts_details_sep,2011,103.371
col,sex_f,ocu_isco08_3,mts_details_sep,2012,108.962
col,sex_f,ocu_isco08_3,mts_details_sep,2013,121.265
col,sex_f,ocu_isco08_3,mts_details_sep,2014,137.864
col,sex_f,ocu_isco08_3,mts_details_sep,2015,137.944
col,sex_f,ocu_isco08_3,mts_details_sep,2016,150.218
col,sex_f,ocu_isco08_3,mts_details_sep,2017,151.714
col,sex_f,ocu_isco08_3,mts_details_sep,2018,142.982
col,sex_f,ocu_isco08_3,mts_details_sep,2019,158.285
col,sex_f,ocu_isco08_3,mts_details_sep,2021,136.971
col,sex_f,ocu_isco08_3,mts_details_sep,2022,51.314
col,sex_f,ocu_isco08_3,mts_details_sep,2023,65.905
col,sex_f,ocu_isco08_3,mts_details_sep,2024,60.037
col,sex_f,ocu_isco08_3,mts_details_sep,2025,68.361
col,sex_f,ocu_isco08_3,mts_details_sgle,2002,180.657
col,sex_f,ocu_isco08_3,mts_details_sgle,2003,195.789
col,sex_f,ocu_isco08_3,mts_details_sgle,2004,200.066
col,sex_f,ocu_isco08_3,mts_details_sgle,2005,220.885
col,sex_f,ocu_isco08_3,mts_details_sgle,2007,138.917
col,sex_f,ocu_isco08_3,mts_details_sgle,2008,228.106
col,sex_f,ocu_isco08_3,mts_details_sgle,2009,229.339
col,sex_f,ocu_isco08_3,mts_details_sgle,2010,226.522
col,sex_f,ocu_isco08_3,mts_details_sgle,2011,236.5
col,sex_f,ocu_isco08_3,mts_details_sgle,2012,247.515
col,sex_f,ocu_isco08_3,mts_details_sgle,2013,245.12
col,sex_f,ocu_isco08_3,mts_details_sgle,2014,255.92
col,sex_f,ocu_isco08_3,mts_details_sgle,2015,265.861
col,sex_f,ocu_isco08_3,mts_details_sgle,2016,280.389
col,sex_f,ocu_isco08_3,mts_details_sgle,2017,276.59
col,sex_f,ocu_isco08_3,mts_details_sgle,2018,268.868
col,sex_f,ocu_isco08_3,mts_details_sgle,2019,272.4
col,sex_f,ocu_isco08_3,mts_details_sgle,2021,270.481
col,sex_f,ocu_isco08_3,mts_details_sgle,2022,152.207
col,sex_f,ocu_isco08_3,mts_details_sgle,2023,159.175
col,sex_f,ocu_isco08_3,mts_details_sgle,2024,156.65
col,sex_f,ocu_isco08_3,mts_details_sgle,2025,172.113
col,sex_f,ocu_isco08_3,mts_details_total,2002,477.234
col,sex_f,ocu_isco08_3,mts_details_total,2003,482.172
col,sex_f,ocu_isco08_3,mts_details_total,2004,488.284
col,sex_f,ocu_isco08_3,mts_details_total,2005,540.227
col,sex_f,ocu_isco08_3,mts_details_total,2007,691.982
col,sex_f,ocu_isco08_3,mts_details_total,2008,586.164
col,sex_f,ocu_isco08_3,mts_details_total,2009,598.821
col,sex_f,ocu_isco08_3,mts_details_total,2010,608.35
col,sex_f,ocu_isco08_3,mts_details_total,2011,631.971
col,sex_f,ocu_isco08_3,mts_details_total,2012,676.408
col,sex_f,ocu_isco08_3,mts_details_total,2013,682.918
col,sex_f,ocu_isco08_3,mts_details_total,2014,735.572
col,sex_f,ocu_isco08_3,mts_details_total,2015,761.656
col,sex_f,ocu_isco08_3,mts_details_total,2016,801.729
col,sex_f,ocu_isco08_3,mts_details_total,2017,804.583
col,sex_f,ocu_isco08_3,mts_details_total,2018,807.167
col,sex_f,ocu_isco08_3,mts_details_total,2019,818.081
col,sex_f,ocu_isco08_3,mts_details_total,2021,756.79
col,sex_f,ocu_isco08_3,mts_details_total,2022,420.4
col,sex_f,ocu_isco08_3,mts_details_total,2023,463.866
col,sex_f,ocu_isco08_3,mts_details_total,2024,439.392
col,sex_f,ocu_isco08_3,mts_details_total,2025,475.473
col,sex_f,ocu_isco08_3,mts_details_union,2002,91.908
col,sex_f,ocu_isco08_3,mts_details_union,2003,86.482
col,sex_f,ocu_isco08_3,mts_details_union,2004,84.069
col,sex_f,ocu_isco08_3,mts_details_union,2005,102.672
col,sex_f,ocu_isco08_3,mts_details_union,2007,156.956
col,sex_f,ocu_isco08_3,mts_details_union,2008,121.572
col,sex_f,ocu_isco08_3,mts_details_union,2009,131.871
col,sex_f,ocu_isco08_3,mts_details_union,2010,134.069
col,sex_f,ocu_isco08_3,mts_details_union,2011,150.576
col,sex_f,ocu_isco08_3,mts_details_union,2012,173.968
col,sex_f,ocu_isco08_3,mts_details_union,2013,175.107
col,sex_f,ocu_isco08_3,mts_details_union,2014,190.647
col,sex_f,ocu_isco08_3,mts_details_union,2015,206.312
col,sex_f,ocu_isco08_3,mts_details_union,2016,210.85
col,sex_f,ocu_isco08_3,mts_details_union,2017,222.495
col,sex_f,ocu_isco08_3,mts_details_union,2018,236.122
col,sex_f,ocu_isco08_3,mts_details_union,2019,230.187
col,sex_f,ocu_isco08_3,mts_details_union,2021,210.904
col,sex_f,ocu_isco08_3,mts_details_union,2022,121.391
col,sex_f,ocu_isco08_3,mts_details_union,2023,134.894
col,sex_f,ocu_isco08_3,mts_details_union,2024,125.676
col,sex_f,ocu_isco08_3,mts_details_union,2025,142.576
col,sex_f,ocu_isco08_3,mts_details_wid,2002,10.865
col,sex_f,ocu_isco08_3,mts_details_wid,2003,10.488
col,sex_f,ocu_isco08_3,mts_details_wid,2004,11.881
col,sex_f,ocu_isco08_3,mts_details_wid,2005,12.138
col,sex_f,ocu_isco08_3,mts_details_wid,2007,259.296
col,sex_f,ocu_isco08_3,mts_details_wid,2008,13.412
col,sex_f,ocu_isco08_3,mts_details_wid,2009,12.029
col,sex_f,ocu_isco08_3,mts_details_wid,2010,10.707
col,sex_f,ocu_isco08_3,mts_details_wid,2011,12.051
col,sex_f,ocu_isco08_3,mts_details_wid,2012,13.185
col,sex_f,ocu_isco08_3,mts_details_wid,2013,15.124
col,sex_f,ocu_isco08_3,mts_details_wid,2014,14.756
col,sex_f,ocu_isco08_3,mts_details_wid,2015,12.855
col,sex_f,ocu_isco08_3,mts_details_wid,2016,16.416
col,sex_f,ocu_isco08_3,mts_details_wid,2017,12.673
col,sex_f,ocu_isco08_3,mts_details_wid,2018,12.715
col,sex_f,ocu_isco08_3,mts_details_wid,2019,14.032
col,sex_f,ocu_isco08_3,mts_details_wid,2021,11.714
col,sex_f,ocu_isco08_3,mts_details_wid,2022,4.242
col,sex_f,ocu_isco08_3,mts_details_wid,2023,4.092
col,sex_f,ocu_isco08_3,mts_details_wid,2024,5.708
col,sex_f,ocu_isco08_3,mts_details_wid,2025,3.492
col,sex_f,ocu_isco08_4,mts_aggregate_1,2002,185.808
col,sex_f,ocu_isco08_4,mts_aggregate_1,2003,179.345
col,sex_f,ocu_isco08_4,mts_aggregate_1,2004,184.697
col,sex_f,ocu_isco08_4,mts_aggregate_1,2005,201.015
col,sex_f,ocu_isco08_4,mts_aggregate_1,2007,222.292
col,sex_f,ocu_isco08_4,mts_aggregate_1,2008,203.546
col,sex_f,ocu_isco08_4,mts_aggregate_1,2009,216.916
col,sex_f,ocu_isco08_4,mts_aggregate_1,2010,217.396
col,sex_f,ocu_isco08_4,mts_aggregate_1,2011,222.326
col,sex_f,ocu_isco08_4,mts_aggregate_1,2012,223.165
col,sex_f,ocu_isco08_4,mts_aggregate_1,2013,236.601
col,sex_f,ocu_isco08_4,mts_aggregate_1,2014,252.748
col,sex_f,ocu_isco08_4,mts_aggregate_1,2015,247.396
col,sex_f,ocu_isco08_4,mts_aggregate_1,2016,256.634
col,sex_f,ocu_isco08_4,mts_aggregate_1,2017,252.622
col,sex_f,ocu_isco08_4,mts_aggregate_1,2018,248.167
col,sex_f,ocu_isco08_4,mts_aggregate_1,2019,235.107
col,sex_f,ocu_isco08_4,mts_aggregate_1,2021,242.071
col,sex_f,ocu_isco08_4,mts_aggregate_1,2022,346.939
col,sex_f,ocu_isco08_4,mts_aggregate_1,2023,387.526
col,sex_f,ocu_isco08_4,mts_aggregate_1,2024,395.014
col,sex_f,ocu_isco08_4,mts_aggregate_1,2025,386.952
col,sex_f,ocu_isco08_4,mts_aggregate_2,2002,133.154
col,sex_f,ocu_isco08_4,mts_aggregate_2,2003,134.8
col,sex_f,ocu_isco08_4,mts_aggregate_2,2004,140.157
col,sex_f,ocu_isco08_4,mts_aggregate_2,2005,145.387
col,sex_f,ocu_isco08_4,mts_aggregate_2,2007,114.66
col,sex_f,ocu_isco08_4,mts_aggregate_2,2008,152.837
col,sex_f,ocu_isco08_4,mts_aggregate_2,2009,156.373
col,sex_f,ocu_isco08_4,mts_aggregate_2,2010,146.613
col,sex_f,ocu_isco08_4,mts_aggregate_2,2011,158.941
col,sex_f,ocu_isco08_4,mts_aggregate_2,2012,166.418
col,sex_f,ocu_isco08_4,mts_aggregate_2,2013,178.211
col,sex_f,ocu_isco08_4,mts_aggregate_2,2014,185.382
col,sex_f,ocu_isco08_4,mts_aggregate_2,2015,197.842
col,sex_f,ocu_isco08_4,mts_aggregate_2,2016,206.818
col,sex_f,ocu_isco08_4,mts_aggregate_2,2017,200.879
col,sex_f,ocu_isco08_4,mts_aggregate_2,2018,210.122
col,sex_f,ocu_isco08_4,mts_aggregate_2,2019,190.15
col,sex_f,ocu_isco08_4,mts_aggregate_2,2021,198.679
col,sex_f,ocu_isco08_4,mts_aggregate_2,2022,290.414
col,sex_f,ocu_isco08_4,mts_aggregate_2,2023,309.068
col,sex_f,ocu_isco08_4,mts_aggregate_2,2024,330.947
col,sex_f,ocu_isco08_4,mts_aggregate_2,2025,320.084
col,sex_f,ocu_isco08_4,mts_aggregate_total,2002,318.961
col,sex_f,ocu_isco08_4,mts_aggregate_total,2003,314.146
col,sex_f,ocu_isco08_4,mts_aggregate_total,2004,324.854
col,sex_f,ocu_isco08_4,mts_aggregate_total,2005,346.401
col,sex_f,ocu_isco08_4,mts_aggregate_total,2007,336.952
col,sex_f,ocu_isco08_4,mts_aggregate_total,2008,356.383
col,sex_f,ocu_isco08_4,mts_aggregate_total,2009,373.29
col,sex_f,ocu_isco08_4,mts_aggregate_total,2010,364.009
col,sex_f,ocu_isco08_4,mts_aggregate_total,2011,381.267
col,sex_f,ocu_isco08_4,mts_aggregate_total,2012,389.582
col,sex_f,ocu_isco08_4,mts_aggregate_total,2013,414.812
col,sex_f,ocu_isco08_4,mts_aggregate_total,2014,438.13
col,sex_f,ocu_isco08_4,mts_aggregate_total,2015,445.238
col,sex_f,ocu_isco08_4,mts_aggregate_total,2016,463.452
col,sex_f,ocu_isco08_4,mts_aggregate_total,2017,453.5
col,sex_f,ocu_isco08_4,mts_aggregate_total,2018,458.289
col,sex_f,ocu_isco08_4,mts_aggregate_total,2019,425.256
col,sex_f,ocu_isco08_4,mts_aggregate_total,2021,440.75
col,sex_f,ocu_isco08_4,mts_aggregate_total,2022,637.353
col,sex_f,ocu_isco08_4,mts_aggregate_total,2023,696.594
col,sex_f,ocu_isco08_4,mts_aggregate_total,2024,725.962
col,sex_f,ocu_isco08_4,mts_aggregate_total,2025,707.036
col,sex_f,ocu_isco08_4,mts_details_mrd,2002,92.446
col,sex_f,ocu_isco08_4,mts_details_mrd,2003,84.524
col,sex_f,ocu_isco08_4,mts_details_mrd,2004,89.638
col,sex_f,ocu_isco08_4,mts_details_mrd,2005,86.771
col,sex_f,ocu_isco08_4,mts_details_mrd,2007,47.409
col,sex_f,ocu_isco08_4,mts_details_mrd,2008,90.844
col,sex_f,ocu_isco08_4,mts_details_mrd,2009,87.784
col,sex_f,ocu_isco08_4,mts_details_mrd,2010,77.738
col,sex_f,ocu_isco08_4,mts_details_mrd,2011,86.077
col,sex_f,ocu_isco08_4,mts_details_mrd,2012,82.528
col,sex_f,ocu_isco08_4,mts_details_mrd,2013,88.552
col,sex_f,ocu_isco08_4,mts_details_mrd,2014,84.343
col,sex_f,ocu_isco08_4,mts_details_mrd,2015,90.026
col,sex_f,ocu_isco08_4,mts_details_mrd,2016,91.296
col,sex_f,ocu_isco08_4,mts_details_mrd,2017,84.664
col,sex_f,ocu_isco08_4,mts_details_mrd,2018,94.1
col,sex_f,ocu_isco08_4,mts_details_mrd,2019,81.026
col,sex_f,ocu_isco08_4,mts_details_mrd,2021,83.385
col,sex_f,ocu_isco08_4,mts_details_mrd,2022,111.366
col,sex_f,ocu_isco08_4,mts_details_mrd,2023,114.201
col,sex_f,ocu_isco08_4,mts_details_mrd,2024,118.32
col,sex_f,ocu_isco08_4,mts_details_mrd,2025,110.242
col,sex_f,ocu_isco08_4,mts_details_sep,2002,41.97
col,sex_f,ocu_isco08_4,mts_details_sep,2003,36.127
col,sex_f,ocu_isco08_4,mts_details_sep,2004,37.23
col,sex_f,ocu_isco08_4,mts_details_sep,2005,45.228
col,sex_f,ocu_isco08_4,mts_details_sep,2007,6.661
col,sex_f,ocu_isco08_4,mts_details_sep,2008,50.175
col,sex_f,ocu_isco08_4,mts_details_sep,2009,49.514
col,sex_f,ocu_isco08_4,mts_details_sep,2010,51.513
col,sex_f,ocu_isco08_4,mts_details_sep,2011,57.884
col,sex_f,ocu_isco08_4,mts_details_sep,2012,51.864
col,sex_f,ocu_isco08_4,mts_details_sep,2013,68.372
col,sex_f,ocu_isco08_4,mts_details_sep,2014,70.956
col,sex_f,ocu_isco08_4,mts_details_sep,2015,73.228
col,sex_f,ocu_isco08_4,mts_details_sep,2016,77.069
col,sex_f,ocu_isco08_4,mts_details_sep,2017,72.679
col,sex_f,ocu_isco08_4,mts_details_sep,2018,80.611
col,sex_f,ocu_isco08_4,mts_details_sep,2019,68.4
col,sex_f,ocu_isco08_4,mts_details_sep,2021,66.658
col,sex_f,ocu_isco08_4,mts_details_sep,2022,76.649
col,sex_f,ocu_isco08_4,mts_details_sep,2023,102.833
col,sex_f,ocu_isco08_4,mts_details_sep,2024,115.363
col,sex_f,ocu_isco08_4,mts_details_sep,2025,111.699
col,sex_f,ocu_isco08_4,mts_details_sgle,2002,135.13
col,sex_f,ocu_isco08_4,mts_details_sgle,2003,136.147
col,sex_f,ocu_isco08_4,mts_details_sgle,2004,140.974
col,sex_f,ocu_isco08_4,mts_details_sgle,2005,146.983
col,sex_f,ocu_isco08_4,mts_details_sgle,2007,76.494
col,sex_f,ocu_isco08_4,mts_details_sgle,2008,148.428
col,sex_f,ocu_isco08_4,mts_details_sgle,2009,159.517
col,sex_f,ocu_isco08_4,mts_details_sgle,2010,160.958
col,sex_f,ocu_isco08_4,mts_details_sgle,2011,158.423
col,sex_f,ocu_isco08_4,mts_details_sgle,2012,165.661
col,sex_f,ocu_isco08_4,mts_details_sgle,2013,160.632
col,sex_f,ocu_isco08_4,mts_details_sgle,2014,175.934
col,sex_f,ocu_isco08_4,mts_details_sgle,2015,168.139
col,sex_f,ocu_isco08_4,mts_details_sgle,2016,174.756
col,sex_f,ocu_isco08_4,mts_details_sgle,2017,173.418
col,sex_f,ocu_isco08_4,mts_details_sgle,2018,162.91
col,sex_f,ocu_isco08_4,mts_details_sgle,2019,161.192
col,sex_f,ocu_isco08_4,mts_details_sgle,2021,170.782
col,sex_f,ocu_isco08_4,mts_details_sgle,2022,261.357
col,sex_f,ocu_isco08_4,mts_details_sgle,2023,275.683
col,sex_f,ocu_isco08_4,mts_details_sgle,2024,270.713
col,sex_f,ocu_isco08_4,mts_details_sgle,2025,268.65
col,sex_f,ocu_isco08_4,mts_details_total,2002,318.961
col,sex_f,ocu_isco08_4,mts_details_total,2003,314.146
col,sex_f,ocu_isco08_4,mts_details_total,2004,324.854
col,sex_f,ocu_isco08_4,mts_details_total,2005,346.401
col,sex_f,ocu_isco08_4,mts_details_total,2007,336.952
col,sex_f,ocu_isco08_4,mts_details_total,2008,356.383
col,sex_f,ocu_isco08_4,mts_details_total,2009,373.29
col,sex_f,ocu_isco08_4,mts_details_total,2010,364.009
col,sex_f,ocu_isco08_4,mts_details_total,2011,381.267
col,sex_f,ocu_isco08_4,mts_details_total,2012,389.582
col,sex_f,ocu_isco08_4,mts_details_total,2013,414.812
col,sex_f,ocu_isco08_4,mts_details_total,2014,438.13
col,sex_f,ocu_isco08_4,mts_details_total,2015,445.238
col,sex_f,ocu_isco08_4,mts_details_total,2016,463.452
col,sex_f,ocu_isco08_4,mts_details_total,2017,453.5
col,sex_f,ocu_isco08_4,mts_details_total,2018,458.289
col,sex_f,ocu_isco08_4,mts_details_total,2019,425.256
col,sex_f,ocu_isco08_4,mts_details_total,2021,440.75
col,sex_f,ocu_isco08_4,mts_details_total,2022,637.353
col,sex_f,ocu_isco08_4,mts_details_total,2023,696.594
col,sex_f,ocu_isco08_4,mts_details_total,2024,725.962
col,sex_f,ocu_isco08_4,mts_details_total,2025,707.036
col,sex_f,ocu_isco08_4,mts_details_union,2002,40.707
col,sex_f,ocu_isco08_4,mts_details_union,2003,50.276
col,sex_f,ocu_isco08_4,mts_details_union,2004,50.519
col,sex_f,ocu_isco08_4,mts_details_union,2005,58.616
col,sex_f,ocu_isco08_4,mts_details_union,2007,67.251
col,sex_f,ocu_isco08_4,mts_details_union,2008,61.994
col,sex_f,ocu_isco08_4,mts_details_union,2009,68.59
col,sex_f,ocu_isco08_4,mts_details_union,2010,68.875
col,sex_f,ocu_isco08_4,mts_details_union,2011,72.864
col,sex_f,ocu_isco08_4,mts_details_union,2012,83.89
col,sex_f,ocu_isco08_4,mts_details_union,2013,89.659
col,sex_f,ocu_isco08_4,mts_details_union,2014,101.039
col,sex_f,ocu_isco08_4,mts_details_union,2015,107.816
col,sex_f,ocu_isco08_4,mts_details_union,2016,115.522
col,sex_f,ocu_isco08_4,mts_details_union,2017,116.215
col,sex_f,ocu_isco08_4,mts_details_union,2018,116.022
col,sex_f,ocu_isco08_4,mts_details_union,2019,109.124
col,sex_f,ocu_isco08_4,mts_details_union,2021,115.294
col,sex_f,ocu_isco08_4,mts_details_union,2022,179.049
col,sex_f,ocu_isco08_4,mts_details_union,2023,194.868
col,sex_f,ocu_isco08_4,mts_details_union,2024,212.627
col,sex_f,ocu_isco08_4,mts_details_union,2025,209.842
col,sex_f,ocu_isco08_4,mts_details_wid,2002,8.708
col,sex_f,ocu_isco08_4,mts_details_wid,2003,7.072
col,sex_f,ocu_isco08_4,mts_details_wid,2004,6.493
col,sex_f,ocu_isco08_4,mts_details_wid,2005,8.804
col,sex_f,ocu_isco08_4,mts_details_wid,2007,139.138
col,sex_f,ocu_isco08_4,mts_details_wid,2008,4.943
col,sex_f,ocu_isco08_4,mts_details_wid,2009,7.885
col,sex_f,ocu_isco08_4,mts_details_wid,2010,4.926
col,sex_f,ocu_isco08_4,mts_details_wid,2011,6.019
col,sex_f,ocu_isco08_4,mts_details_wid,2012,5.639
col,sex_f,ocu_isco08_4,mts_details_wid,2013,7.597
col,sex_f,ocu_isco08_4,mts_details_wid,2014,5.858
col,sex_f,ocu_isco08_4,mts_details_wid,2015,6.03
col,sex_f,ocu_isco08_4,mts_details_wid,2016,4.81
col,sex_f,ocu_isco08_4,mts_details_wid,2017,6.525
col,sex_f,ocu_isco08_4,mts_details_wid,2018,4.646
col,sex_f,ocu_isco08_4,mts_details_wid,2019,5.514
col,sex_f,ocu_isco08_4,mts_details_wid,2021,4.632
col,sex_f,ocu_isco08_4,mts_details_wid,2022,8.933
col,sex_f,ocu_isco08_4,mts_details_wid,2023,9.009
col,sex_f,ocu_isco08_4,mts_details_wid,2024,8.939
col,sex_f,ocu_isco08_4,mts_details_wid,2025,6.603
col,sex_f,ocu_isco08_5,mts_aggregate_1,2002,577.31
col,sex_f,ocu_isco08_5,mts_aggregate_1,2003,625.803
col,sex_f,ocu_isco08_5,mts_aggregate_1,2004,584.79
col,sex_f,ocu_isco08_5,mts_aggregate_1,2005,604.935
col,sex_f,ocu_isco08_5,mts_aggregate_1,2007,386.184
col,sex_f,ocu_isco08_5,mts_aggregate_1,2008,547.426
col,sex_f,ocu_isco08_5,mts_aggregate_1,2009,559.058
col,sex_f,ocu_isco08_5,mts_aggregate_1,2010,542.936
col,sex_f,ocu_isco08_5,mts_aggregate_1,2011,566.383
col,sex_f,ocu_isco08_5,mts_aggregate_1,2012,578.072
col,sex_f,ocu_isco08_5,mts_aggregate_1,2013,573.235
col,sex_f,ocu_isco08_5,mts_aggregate_1,2014,602.387
col,sex_f,ocu_isco08_5,mts_aggregate_1,2015,615.27
col,sex_f,ocu_isco08_5,mts_aggregate_1,2016,599.854
col,sex_f,ocu_isco08_5,mts_aggregate_1,2017,594.733
col,sex_f,ocu_isco08_5,mts_aggregate_1,2018,609.146
col,sex_f,ocu_isco08_5,mts_aggregate_1,2019,634.294
col,sex_f,ocu_isco08_5,mts_aggregate_1,2021,543.888
col,sex_f,ocu_isco08_5,mts_aggregate_1,2022,741.963
col,sex_f,ocu_isco08_5,mts_aggregate_1,2023,804.626
col,sex_f,ocu_isco08_5,mts_aggregate_1,2024,844.045
col,sex_f,ocu_isco08_5,mts_aggregate_1,2025,928.306
col,sex_f,ocu_isco08_5,mts_aggregate_2,2002,334.794
col,sex_f,ocu_isco08_5,mts_aggregate_2,2003,363.548
col,sex_f,ocu_isco08_5,mts_aggregate_2,2004,365.018
col,sex_f,ocu_isco08_5,mts_aggregate_2,2005,380.57
col,sex_f,ocu_isco08_5,mts_aggregate_2,2007,283.127
col,sex_f,ocu_isco08_5,mts_aggregate_2,2008,413.989
col,sex_f,ocu_isco08_5,mts_aggregate_2,2009,445.127
col,sex_f,ocu_isco08_5,mts_aggregate_2,2010,427.183
col,sex_f,ocu_isco08_5,mts_aggregate_2,2011,428.89
col,sex_f,ocu_isco08_5,mts_aggregate_2,2012,453.838
col,sex_f,ocu_isco08_5,mts_aggregate_2,2013,489.258
col,sex_f,ocu_isco08_5,mts_aggregate_2,2014,515.863
col,sex_f,ocu_isco08_5,mts_aggregate_2,2015,534.659
col,sex_f,ocu_isco08_5,mts_aggregate_2,2016,545.683
col,sex_f,ocu_isco08_5,mts_aggregate_2,2017,545.602
col,sex_f,ocu_isco08_5,mts_aggregate_2,2018,538.555
col,sex_f,ocu_isco08_5,mts_aggregate_2,2019,569.896
col,sex_f,ocu_isco08_5,mts_aggregate_2,2021,471.643
col,sex_f,ocu_isco08_5,mts_aggregate_2,2022,630.779
col,sex_f,ocu_isco08_5,mts_aggregate_2,2023,655.384
col,sex_f,ocu_isco08_5,mts_aggregate_2,2024,697.95
col,sex_f,ocu_isco08_5,mts_aggregate_2,2025,745.314
col,sex_f,ocu_isco08_5,mts_aggregate_total,2002,912.104
col,sex_f,ocu_isco08_5,mts_aggregate_total,2003,989.351
col,sex_f,ocu_isco08_5,mts_aggregate_total,2004,949.808
col,sex_f,ocu_isco08_5,mts_aggregate_total,2005,985.504
col,sex_f,ocu_isco08_5,mts_aggregate_total,2007,669.311
col,sex_f,ocu_isco08_5,mts_aggregate_total,2008,961.415
col,sex_f,ocu_isco08_5,mts_aggregate_total,2009,1004.185
col,sex_f,ocu_isco08_5,mts_aggregate_total,2010,970.12
col,sex_f,ocu_isco08_5,mts_aggregate_total,2011,995.273
col,sex_f,ocu_isco08_5,mts_aggregate_total,2012,1031.91
col,sex_f,ocu_isco08_5,mts_aggregate_total,2013,1062.493
col,sex_f,ocu_isco08_5,mts_aggregate_total,2014,1118.25
col,sex_f,ocu_isco08_5,mts_aggregate_total,2015,1149.928
col,sex_f,ocu_isco08_5,mts_aggregate_total,2016,1145.536
col,sex_f,ocu_isco08_5,mts_aggregate_total,2017,1140.335
col,sex_f,ocu_isco08_5,mts_aggregate_total,2018,1147.701
col,sex_f,ocu_isco08_5,mts_aggregate_total,2019,1204.189
col,sex_f,ocu_isco08_5,mts_aggregate_total,2021,1015.532
col,sex_f,ocu_isco08_5,mts_aggregate_total,2022,1372.742
col,sex_f,ocu_isco08_5,mts_aggregate_total,2023,1460.01
col,sex_f,ocu_isco08_5,mts_aggregate_total,2024,1541.994
col,sex_f,ocu_isco08_5,mts_aggregate_total,2025,1673.62
col,sex_f,ocu_isco08_5,mts_details_mrd,2002,157.993
col,sex_f,ocu_isco08_5,mts_details_mrd,2003,168.562
col,sex_f,ocu_isco08_5,mts_details_mrd,2004,168.798
col,sex_f,ocu_isco08_5,mts_details_mrd,2005,169.747
col,sex_f,ocu_isco08_5,mts_details_mrd,2007,121.191
col,sex_f,ocu_isco08_5,mts_details_mrd,2008,171.642
col,sex_f,ocu_isco08_5,mts_details_mrd,2009,184.002
col,sex_f,ocu_isco08_5,mts_details_mrd,2010,168.582
col,sex_f,ocu_isco08_5,mts_details_mrd,2011,168.876
col,sex_f,ocu_isco08_5,mts_details_mrd,2012,173.097
col,sex_f,ocu_isco08_5,mts_details_mrd,2013,181.999
col,sex_f,ocu_isco08_5,mts_details_mrd,2014,187.371
col,sex_f,ocu_isco08_5,mts_details_mrd,2015,200.901
col,sex_f,ocu_isco08_5,mts_details_mrd,2016,192.963
col,sex_f,ocu_isco08_5,mts_details_mrd,2017,190.829
col,sex_f,ocu_isco08_5,mts_details_mrd,2018,181.511
col,sex_f,ocu_isco08_5,mts_details_mrd,2019,189.322
col,sex_f,ocu_isco08_5,mts_details_mrd,2021,155.082
col,sex_f,ocu_isco08_5,mts_details_mrd,2022,184.586
col,sex_f,ocu_isco08_5,mts_details_mrd,2023,171.678
col,sex_f,ocu_isco08_5,mts_details_mrd,2024,190.649
col,sex_f,ocu_isco08_5,mts_details_mrd,2025,183.567
col,sex_f,ocu_isco08_5,mts_details_sep,2002,153.568
col,sex_f,ocu_isco08_5,mts_details_sep,2003,170.022
col,sex_f,ocu_isco08_5,mts_details_sep,2004,170.577
col,sex_f,ocu_isco08_5,mts_details_sep,2005,176.595
col,sex_f,ocu_isco08_5,mts_details_sep,2007,28.04
col,sex_f,ocu_isco08_5,mts_details_sep,2008,195.767
col,sex_f,ocu_isco08_5,mts_details_sep,2009,208.689
col,sex_f,ocu_isco08_5,mts_details_sep,2010,211.343
col,sex_f,ocu_isco08_5,mts_details_sep,2011,225.731
col,sex_f,ocu_isco08_5,mts_details_sep,2012,234.254
col,sex_f,ocu_isco08_5,mts_details_sep,2013,239.224
col,sex_f,ocu_isco08_5,mts_details_sep,2014,254.719
col,sex_f,ocu_isco08_5,mts_details_sep,2015,273.071
col,sex_f,ocu_isco08_5,mts_details_sep,2016,272.053
col,sex_f,ocu_isco08_5,mts_details_sep,2017,273.292
col,sex_f,ocu_isco08_5,mts_details_sep,2018,280.793
col,sex_f,ocu_isco08_5,mts_details_sep,2019,288.973
col,sex_f,ocu_isco08_5,mts_details_sep,2021,236.001
col,sex_f,ocu_isco08_5,mts_details_sep,2022,252.408
col,sex_f,ocu_isco08_5,mts_details_sep,2023,297.672
col,sex_f,ocu_isco08_5,mts_details_sep,2024,324.064
col,sex_f,ocu_isco08_5,mts_details_sep,2025,364.246
col,sex_f,ocu_isco08_5,mts_details_sgle,2002,383.296
col,sex_f,ocu_isco08_5,mts_details_sgle,2003,406.335
col,sex_f,ocu_isco08_5,mts_details_sgle,2004,374.052
col,sex_f,ocu_isco08_5,mts_details_sgle,2005,386.575
col,sex_f,ocu_isco08_5,mts_details_sgle,2007,129.254
col,sex_f,ocu_isco08_5,mts_details_sgle,2008,316.092
col,sex_f,ocu_isco08_5,mts_details_sgle,2009,308.643
col,sex_f,ocu_isco08_5,mts_details_sgle,2010,294.15
col,sex_f,ocu_isco08_5,mts_details_sgle,2011,305.001
col,sex_f,ocu_isco08_5,mts_details_sgle,2012,299.954
col,sex_f,ocu_isco08_5,mts_details_sgle,2013,294.838
col,sex_f,ocu_isco08_5,mts_details_sgle,2014,303.4
col,sex_f,ocu_isco08_5,mts_details_sgle,2015,301.487
col,sex_f,ocu_isco08_5,mts_details_sgle,2016,287.552
col,sex_f,ocu_isco08_5,mts_details_sgle,2017,279.855
col,sex_f,ocu_isco08_5,mts_details_sgle,2018,291.81
col,sex_f,ocu_isco08_5,mts_details_sgle,2019,305.23
col,sex_f,ocu_isco08_5,mts_details_sgle,2021,276.753
col,sex_f,ocu_isco08_5,mts_details_sgle,2022,459.726
col,sex_f,ocu_isco08_5,mts_details_sgle,2023,477.516
col,sex_f,ocu_isco08_5,mts_details_sgle,2024,488.626
col,sex_f,ocu_isco08_5,mts_details_sgle,2025,531.427
col,sex_f,ocu_isco08_5,mts_details_total,2002,912.104
col,sex_f,ocu_isco08_5,mts_details_total,2003,989.351
col,sex_f,ocu_isco08_5,mts_details_total,2004,949.808
col,sex_f,ocu_isco08_5,mts_details_total,2005,985.504
col,sex_f,ocu_isco08_5,mts_details_total,2007,669.311
col,sex_f,ocu_isco08_5,mts_details_total,2008,961.415
col,sex_f,ocu_isco08_5,mts_details_total,2009,1004.185
col,sex_f,ocu_isco08_5,mts_details_total,2010,970.12
col,sex_f,ocu_isco08_5,mts_details_total,2011,995.273
col,sex_f,ocu_isco08_5,mts_details_total,2012,1031.91
col,sex_f,ocu_isco08_5,mts_details_total,2013,1062.493
col,sex_f,ocu_isco08_5,mts_details_total,2014,1118.25
col,sex_f,ocu_isco08_5,mts_details_total,2015,1149.928
col,sex_f,ocu_isco08_5,mts_details_total,2016,1145.536
col,sex_f,ocu_isco08_5,mts_details_total,2017,1140.335
col,sex_f,ocu_isco08_5,mts_details_total,2018,1147.701
col,sex_f,ocu_isco08_5,mts_details_total,2019,1204.189
col,sex_f,ocu_isco08_5,mts_details_total,2021,1015.532
col,sex_f,ocu_isco08_5,mts_details_total,2022,1372.742
col,sex_f,ocu_isco08_5,mts_details_total,2023,1460.01
col,sex_f,ocu_isco08_5,mts_details_total,2024,1541.994
col,sex_f,ocu_isco08_5,mts_details_total,2025,1673.62
col,sex_f,ocu_isco08_5,mts_details_union,2002,176.8
col,sex_f,ocu_isco08_5,mts_details_union,2003,194.986
col,sex_f,ocu_isco08_5,mts_details_union,2004,196.22
col,sex_f,ocu_isco08_5,mts_details_union,2005,210.822
col,sex_f,ocu_isco08_5,mts_details_union,2007,161.936
col,sex_f,ocu_isco08_5,mts_details_union,2008,242.348
col,sex_f,ocu_isco08_5,mts_details_union,2009,261.124
col,sex_f,ocu_isco08_5,mts_details_union,2010,258.601
col,sex_f,ocu_isco08_5,mts_details_union,2011,260.014
col,sex_f,ocu_isco08_5,mts_details_union,2012,280.741
col,sex_f,ocu_isco08_5,mts_details_union,2013,307.258
col,sex_f,ocu_isco08_5,mts_details_union,2014,328.492
col,sex_f,ocu_isco08_5,mts_details_union,2015,333.757
col,sex_f,ocu_isco08_5,mts_details_union,2016,352.719
col,sex_f,ocu_isco08_5,mts_details_union,2017,354.773
col,sex_f,ocu_isco08_5,mts_details_union,2018,357.043
col,sex_f,ocu_isco08_5,mts_details_union,2019,380.574
col,sex_f,ocu_isco08_5,mts_details_union,2021,316.562
col,sex_f,ocu_isco08_5,mts_details_union,2022,446.193
col,sex_f,ocu_isco08_5,mts_details_union,2023,483.706
col,sex_f,ocu_isco08_5,mts_details_union,2024,507.301
col,sex_f,ocu_isco08_5,mts_details_union,2025,561.748
col,sex_f,ocu_isco08_5,mts_details_wid,2002,40.446
col,sex_f,ocu_isco08_5,mts_details_wid,2003,49.445
col,sex_f,ocu_isco08_5,mts_details_wid,2004,40.161
col,sex_f,ocu_isco08_5,mts_details_wid,2005,41.764
col,sex_f,ocu_isco08_5,mts_details_wid,2007,228.89
col,sex_f,ocu_isco08_5,mts_details_wid,2008,35.568
col,sex_f,ocu_isco08_5,mts_details_wid,2009,41.726
col,sex_f,ocu_isco08_5,mts_details_wid,2010,37.443
col,sex_f,ocu_isco08_5,mts_details_wid,2011,35.65
col,sex_f,ocu_isco08_5,mts_details_wid,2012,43.865
col,sex_f,ocu_isco08_5,mts_details_wid,2013,39.173
col,sex_f,ocu_isco08_5,mts_details_wid,2014,44.268
col,sex_f,ocu_isco08_5,mts_details_wid,2015,40.711
col,sex_f,ocu_isco08_5,mts_details_wid,2016,40.248
col,sex_f,ocu_isco08_5,mts_details_wid,2017,41.586
col,sex_f,ocu_isco08_5,mts_details_wid,2018,36.543
col,sex_f,ocu_isco08_5,mts_details_wid,2019,40.092
col,sex_f,ocu_isco08_5,mts_details_wid,2021,31.134
col,sex_f,ocu_isco08_5,mts_details_wid,2022,29.829
col,sex_f,ocu_isco08_5,mts_details_wid,2023,29.438
col,sex_f,ocu_isco08_5,mts_details_wid,2024,31.355
col,sex_f,ocu_isco08_5,mts_details_wid,2025,32.633
col,sex_f,ocu_isco08_6,mts_aggregate_1,2002,13.675
col,sex_f,ocu_isco08_6,mts_aggregate_1,2003,11.633
col,sex_f,ocu_isco08_6,mts_aggregate_1,2004,14.513
col,sex_f,ocu_isco08_6,mts_aggregate_1,2005,15.012
col,sex_f,ocu_isco08_6,mts_aggregate_1,2007,33.438
col,sex_f,ocu_isco08_6,mts_aggregate_1,2008,14.852
col,sex_f,ocu_isco08_6,mts_aggregate_1,2009,11.476
col,sex_f,ocu_isco08_6,mts_aggregate_1,2010,11.523
col,sex_f,ocu_isco08_6,mts_aggregate_1,2011,11.186
col,sex_f,ocu_isco08_6,mts_aggregate_1,2012,11.496
col,sex_f,ocu_isco08_6,mts_aggregate_1,2013,8.892
col,sex_f,ocu_isco08_6,mts_aggregate_1,2014,11.57
col,sex_f,ocu_isco08_6,mts_aggregate_1,2015,11.75
col,sex_f,ocu_isco08_6,mts_aggregate_1,2016,14.714
col,sex_f,ocu_isco08_6,mts_aggregate_1,2017,14.24
col,sex_f,ocu_isco08_6,mts_aggregate_1,2018,11.465
col,sex_f,ocu_isco08_6,mts_aggregate_1,2019,11.996
col,sex_f,ocu_isco08_6,mts_aggregate_1,2021,15.652
col,sex_f,ocu_isco08_6,mts_aggregate_1,2022,21.567
col,sex_f,ocu_isco08_6,mts_aggregate_1,2023,24.399
col,sex_f,ocu_isco08_6,mts_aggregate_1,2024,18.96
col,sex_f,ocu_isco08_6,mts_aggregate_1,2025,22.902
col,sex_f,ocu_isco08_6,mts_aggregate_2,2002,13.166
col,sex_f,ocu_isco08_6,mts_aggregate_2,2003,15.305
col,sex_f,ocu_isco08_6,mts_aggregate_2,2004,14.137
col,sex_f,ocu_isco08_6,mts_aggregate_2,2005,16.909
col,sex_f,ocu_isco08_6,mts_aggregate_2,2007,23.551
col,sex_f,ocu_isco08_6,mts_aggregate_2,2008,18.588
col,sex_f,ocu_isco08_6,mts_aggregate_2,2009,15.556
col,sex_f,ocu_isco08_6,mts_aggregate_2,2010,14.709
col,sex_f,ocu_isco08_6,mts_aggregate_2,2011,20.74
col,sex_f,ocu_isco08_6,mts_aggregate_2,2012,15.158
col,sex_f,ocu_isco08_6,mts_aggregate_2,2013,16.63
col,sex_f,ocu_isco08_6,mts_aggregate_2,2014,19.585
col,sex_f,ocu_isco08_6,mts_aggregate_2,2015,16.89
col,sex_f,ocu_isco08_6,mts_aggregate_2,2016,17.312
col,sex_f,ocu_isco08_6,mts_aggregate_2,2017,15.211
col,sex_f,ocu_isco08_6,mts_aggregate_2,2018,16.08
col,sex_f,ocu_isco08_6,mts_aggregate_2,2019,20.262
col,sex_f,ocu_isco08_6,mts_aggregate_2,2021,15.523
col,sex_f,ocu_isco08_6,mts_aggregate_2,2022,21.129
col,sex_f,ocu_isco08_6,mts_aggregate_2,2023,27.847
col,sex_f,ocu_isco08_6,mts_aggregate_2,2024,19.27
col,sex_f,ocu_isco08_6,mts_aggregate_2,2025,21.66
col,sex_f,ocu_isco08_6,mts_aggregate_total,2002,26.841
col,sex_f,ocu_isco08_6,mts_aggregate_total,2003,26.938
col,sex_f,ocu_isco08_6,mts_aggregate_total,2004,28.65
col,sex_f,ocu_isco08_6,mts_aggregate_total,2005,31.921
col,sex_f,ocu_isco08_6,mts_aggregate_total,2007,56.989
col,sex_f,ocu_isco08_6,mts_aggregate_total,2008,33.44
col,sex_f,ocu_isco08_6,mts_aggregate_total,2009,27.032
col,sex_f,ocu_isco08_6,mts_aggregate_total,2010,26.231
col,sex_f,ocu_isco08_6,mts_aggregate_total,2011,31.926
col,sex_f,ocu_isco08_6,mts_aggregate_total,2012,26.654
col,sex_f,ocu_isco08_6,mts_aggregate_total,2013,25.521
col,sex_f,ocu_isco08_6,mts_aggregate_total,2014,31.156
col,sex_f,ocu_isco08_6,mts_aggregate_total,2015,28.64
col,sex_f,ocu_isco08_6,mts_aggregate_total,2016,32.026
col,sex_f,ocu_isco08_6,mts_aggregate_total,2017,29.451
col,sex_f,ocu_isco08_6,mts_aggregate_total,2018,27.545
col,sex_f,ocu_isco08_6,mts_aggregate_total,2019,32.258
col,sex_f,ocu_isco08_6,mts_aggregate_total,2021,31.175
col,sex_f,ocu_isco08_6,mts_aggregate_total,2022,42.696
col,sex_f,ocu_isco08_6,mts_aggregate_total,2023,52.246
col,sex_f,ocu_isco08_6,mts_aggregate_total,2024,38.23
col,sex_f,ocu_isco08_6,mts_aggregate_total,2025,44.562
col,sex_f,ocu_isco08_6,mts_details_mrd,2002,4.383
col,sex_f,ocu_isco08_6,mts_details_mrd,2003,5.699
col,sex_f,ocu_isco08_6,mts_details_mrd,2004,4.505
col,sex_f,ocu_isco08_6,mts_details_mrd,2005,8.345
col,sex_f,ocu_isco08_6,mts_details_mrd,2007,9.795
col,sex_f,ocu_isco08_6,mts_details_mrd,2008,6.75
col,sex_f,ocu_isco08_6,mts_details_mrd,2009,6.29
col,sex_f,ocu_isco08_6,mts_details_mrd,2010,4.312
col,sex_f,ocu_isco08_6,mts_details_mrd,2011,7.613
col,sex_f,ocu_isco08_6,mts_details_mrd,2012,4.315
col,sex_f,ocu_isco08_6,mts_details_mrd,2013,5.52
col,sex_f,ocu_isco08_6,mts_details_mrd,2014,5.649
col,sex_f,ocu_isco08_6,mts_details_mrd,2015,4.257
col,sex_f,ocu_isco08_6,mts_details_mrd,2016,7.508
col,sex_f,ocu_isco08_6,mts_details_mrd,2017,3.65
col,sex_f,ocu_isco08_6,mts_details_mrd,2018,3.622
col,sex_f,ocu_isco08_6,mts_details_mrd,2019,4.417
col,sex_f,ocu_isco08_6,mts_details_mrd,2021,2.667
col,sex_f,ocu_isco08_6,mts_details_mrd,2022,4.553
col,sex_f,ocu_isco08_6,mts_details_mrd,2023,7.119
col,sex_f,ocu_isco08_6,mts_details_mrd,2024,4.177
col,sex_f,ocu_isco08_6,mts_details_mrd,2025,4.682
col,sex_f,ocu_isco08_6,mts_details_sep,2002,2.256
col,sex_f,ocu_isco08_6,mts_details_sep,2003,4.154
col,sex_f,ocu_isco08_6,mts_details_sep,2004,4.342
col,sex_f,ocu_isco08_6,mts_details_sep,2005,2.22
col,sex_f,ocu_isco08_6,mts_details_sep,2007,2.974
col,sex_f,ocu_isco08_6,mts_details_sep,2008,5.676
col,sex_f,ocu_isco08_6,mts_details_sep,2009,5.031
col,sex_f,ocu_isco08_6,mts_details_sep,2010,4.795
col,sex_f,ocu_isco08_6,mts_details_sep,2011,4.589
col,sex_f,ocu_isco08_6,mts_details_sep,2012,5.292
col,sex_f,ocu_isco08_6,mts_details_sep,2013,4.374
col,sex_f,ocu_isco08_6,mts_details_sep,2014,4.453
col,sex_f,ocu_isco08_6,mts_details_sep,2015,6.092
col,sex_f,ocu_isco08_6,mts_details_sep,2016,7.334
col,sex_f,ocu_isco08_6,mts_details_sep,2017,9.179
col,sex_f,ocu_isco08_6,mts_details_sep,2018,5.783
col,sex_f,ocu_isco08_6,mts_details_sep,2019,6.928
col,sex_f,ocu_isco08_6,mts_details_sep,2021,7.552
col,sex_f,ocu_isco08_6,mts_details_sep,2022,9.542
col,sex_f,ocu_isco08_6,mts_details_sep,2023,12.164
col,sex_f,ocu_isco08_6,mts_details_sep,2024,7.278
col,sex_f,ocu_isco08_6,mts_details_sep,2025,11.341
col,sex_f,ocu_isco08_6,mts_details_sgle,2002,8.624
col,sex_f,ocu_isco08_6,mts_details_sgle,2003,5.859
col,sex_f,ocu_isco08_6,mts_details_sgle,2004,8.546
col,sex_f,ocu_isco08_6,mts_details_sgle,2005,10.033
col,sex_f,ocu_isco08_6,mts_details_sgle,2007,13.33
col,sex_f,ocu_isco08_6,mts_details_sgle,2008,7.606
col,sex_f,ocu_isco08_6,mts_details_sgle,2009,5.668
col,sex_f,ocu_isco08_6,mts_details_sgle,2010,5.96
col,sex_f,ocu_isco08_6,mts_details_sgle,2011,5.494
col,sex_f,ocu_isco08_6,mts_details_sgle,2012,4.721
col,sex_f,ocu_isco08_6,mts_details_sgle,2013,3.853
col,sex_f,ocu_isco08_6,mts_details_sgle,2014,6.632
col,sex_f,ocu_isco08_6,mts_details_sgle,2015,5.249
col,sex_f,ocu_isco08_6,mts_details_sgle,2016,6.408
col,sex_f,ocu_isco08_6,mts_details_sgle,2017,4.436
col,sex_f,ocu_isco08_6,mts_details_sgle,2018,5.118
col,sex_f,ocu_isco08_6,mts_details_sgle,2019,4.899
col,sex_f,ocu_isco08_6,mts_details_sgle,2021,6.675
col,sex_f,ocu_isco08_6,mts_details_sgle,2022,10.047
col,sex_f,ocu_isco08_6,mts_details_sgle,2023,11.631
col,sex_f,ocu_isco08_6,mts_details_sgle,2024,10.609
col,sex_f,ocu_isco08_6,mts_details_sgle,2025,10.279
col,sex_f,ocu_isco08_6,mts_details_total,2002,26.841
col,sex_f,ocu_isco08_6,mts_details_total,2003,26.938
col,sex_f,ocu_isco08_6,mts_details_total,2004,28.65
col,sex_f,ocu_isco08_6,mts_details_total,2005,31.921
col,sex_f,ocu_isco08_6,mts_details_total,2007,56.989
col,sex_f,ocu_isco08_6,mts_details_total,2008,33.44
col,sex_f,ocu_isco08_6,mts_details_total,2009,27.032
col,sex_f,ocu_isco08_6,mts_details_total,2010,26.231
col,sex_f,ocu_isco08_6,mts_details_total,2011,31.926
col,sex_f,ocu_isco08_6,mts_details_total,2012,26.654
col,sex_f,ocu_isco08_6,mts_details_total,2013,25.521
col,sex_f,ocu_isco08_6,mts_details_total,2014,31.156
col,sex_f,ocu_isco08_6,mts_details_total,2015,28.64
col,sex_f,ocu_isco08_6,mts_details_total,2016,32.026
col,sex_f,ocu_isco08_6,mts_details_total,2017,29.451
col,sex_f,ocu_isco08_6,mts_details_total,2018,27.545
col,sex_f,ocu_isco08_6,mts_details_total,2019,32.258
col,sex_f,ocu_isco08_6,mts_details_total,2021,31.175
col,sex_f,ocu_isco08_6,mts_details_total,2022,42.696
col,sex_f,ocu_isco08_6,mts_details_total,2023,52.246
col,sex_f,ocu_isco08_6,mts_details_total,2024,38.23
col,sex_f,ocu_isco08_6,mts_details_total,2025,44.562
col,sex_f,ocu_isco08_6,mts_details_union,2002,8.783
col,sex_f,ocu_isco08_6,mts_details_union,2003,9.606
col,sex_f,ocu_isco08_6,mts_details_union,2004,9.632
col,sex_f,ocu_isco08_6,mts_details_union,2005,8.564
col,sex_f,ocu_isco08_6,mts_details_union,2007,13.756
col,sex_f,ocu_isco08_6,mts_details_union,2008,11.838
col,sex_f,ocu_isco08_6,mts_details_union,2009,9.267
col,sex_f,ocu_isco08_6,mts_details_union,2010,10.397
col,sex_f,ocu_isco08_6,mts_details_union,2011,13.127
col,sex_f,ocu_isco08_6,mts_details_union,2012,10.843
col,sex_f,ocu_isco08_6,mts_details_union,2013,11.11
col,sex_f,ocu_isco08_6,mts_details_union,2014,13.936
col,sex_f,ocu_isco08_6,mts_details_union,2015,12.633
col,sex_f,ocu_isco08_6,mts_details_union,2016,9.804
col,sex_f,ocu_isco08_6,mts_details_union,2017,11.562
col,sex_f,ocu_isco08_6,mts_details_union,2018,12.458
col,sex_f,ocu_isco08_6,mts_details_union,2019,15.845
col,sex_f,ocu_isco08_6,mts_details_union,2021,12.856
col,sex_f,ocu_isco08_6,mts_details_union,2022,16.576
col,sex_f,ocu_isco08_6,mts_details_union,2023,20.728
col,sex_f,ocu_isco08_6,mts_details_union,2024,15.093
col,sex_f,ocu_isco08_6,mts_details_union,2025,16.979
col,sex_f,ocu_isco08_6,mts_details_wid,2002,2.795
col,sex_f,ocu_isco08_6,mts_details_wid,2003,1.621
col,sex_f,ocu_isco08_6,mts_details_wid,2004,1.626
col,sex_f,ocu_isco08_6,mts_details_wid,2005,2.76
col,sex_f,ocu_isco08_6,mts_details_wid,2007,17.134
col,sex_f,ocu_isco08_6,mts_details_wid,2008,1.571
col,sex_f,ocu_isco08_6,mts_details_wid,2009,0.777
col,sex_f,ocu_isco08_6,mts_details_wid,2010,0.767
col,sex_f,ocu_isco08_6,mts_details_wid,2011,1.103
col,sex_f,ocu_isco08_6,mts_details_wid,2012,1.482
col,sex_f,ocu_isco08_6,mts_details_wid,2013,0.665
col,sex_f,ocu_isco08_6,mts_details_wid,2016,0.972
col,sex_f,ocu_isco08_6,mts_details_wid,2017,0.625
col,sex_f,ocu_isco08_6,mts_details_wid,2021,1.425
col,sex_f,ocu_isco08_6,mts_details_wid,2022,1.977
col,sex_f,ocu_isco08_6,mts_details_wid,2023,0.604
col,sex_f,ocu_isco08_6,mts_details_wid,2024,1.073
col,sex_f,ocu_isco08_6,mts_details_wid,2025,1.282
col,sex_f,ocu_isco08_7,mts_aggregate_1,2002,103.565
col,sex_f,ocu_isco08_7,mts_aggregate_1,2003,113.158
col,sex_f,ocu_isco08_7,mts_aggregate_1,2004,122.581
col,sex_f,ocu_isco08_7,mts_aggregate_1,2005,122.02
col,sex_f,ocu_isco08_7,mts_aggregate_1,2007,96.779
col,sex_f,ocu_isco08_7,mts_aggregate_1,2008,125.379
col,sex_f,ocu_isco08_7,mts_aggregate_1,2009,117.715
col,sex_f,ocu_isco08_7,mts_aggregate_1,2010,126.88
col,sex_f,ocu_isco08_7,mts_aggregate_1,2011,137.625
col,sex_f,ocu_isco08_7,mts_aggregate_1,2012,135.966
col,sex_f,ocu_isco08_7,mts_aggregate_1,2013,147.052
col,sex_f,ocu_isco08_7,mts_aggregate_1,2014,149.533
col,sex_f,ocu_isco08_7,mts_aggregate_1,2015,160.064
col,sex_f,ocu_isco08_7,mts_aggregate_1,2016,167.586
col,sex_f,ocu_isco08_7,mts_aggregate_1,2017,162.76
col,sex_f,ocu_isco08_7,mts_aggregate_1,2018,156.285
col,sex_f,ocu_isco08_7,mts_aggregate_1,2019,162.442
col,sex_f,ocu_isco08_7,mts_aggregate_1,2021,158.297
col,sex_f,ocu_isco08_7,mts_aggregate_1,2022,58.534
col,sex_f,ocu_isco08_7,mts_aggregate_1,2023,53.104
col,sex_f,ocu_isco08_7,mts_aggregate_1,2024,62.776
col,sex_f,ocu_isco08_7,mts_aggregate_1,2025,59.497
col,sex_f,ocu_isco08_7,mts_aggregate_2,2002,89.596
col,sex_f,ocu_isco08_7,mts_aggregate_2,2003,86.053
col,sex_f,ocu_isco08_7,mts_aggregate_2,2004,100.932
col,sex_f,ocu_isco08_7,mts_aggregate_2,2005,101.7
col,sex_f,ocu_isco08_7,mts_aggregate_2,2007,79.745
col,sex_f,ocu_isco08_7,mts_aggregate_2,2008,100.683
col,sex_f,ocu_isco08_7,mts_aggregate_2,2009,107.64
col,sex_f,ocu_isco08_7,mts_aggregate_2,2010,109.898
col,sex_f,ocu_isco08_7,mts_aggregate_2,2011,111.213
col,sex_f,ocu_isco08_7,mts_aggregate_2,2012,124.149
col,sex_f,ocu_isco08_7,mts_aggregate_2,2013,130.844
col,sex_f,ocu_isco08_7,mts_aggregate_2,2014,142.401
col,sex_f,ocu_isco08_7,mts_aggregate_2,2015,135.535
col,sex_f,ocu_isco08_7,mts_aggregate_2,2016,137.321
col,sex_f,ocu_isco08_7,mts_aggregate_2,2017,147.674
col,sex_f,ocu_isco08_7,mts_aggregate_2,2018,142.838
col,sex_f,ocu_isco08_7,mts_aggregate_2,2019,152.094
col,sex_f,ocu_isco08_7,mts_aggregate_2,2021,135.823
col,sex_f,ocu_isco08_7,mts_aggregate_2,2022,53.826
col,sex_f,ocu_isco08_7,mts_aggregate_2,2023,44.05
col,sex_f,ocu_isco08_7,mts_aggregate_2,2024,49.618
col,sex_f,ocu_isco08_7,mts_aggregate_2,2025,52.881
col,sex_f,ocu_isco08_7,mts_aggregate_total,2002,193.161
col,sex_f,ocu_isco08_7,mts_aggregate_total,2003,199.212
col,sex_f,ocu_isco08_7,mts_aggregate_total,2004,223.513
col,sex_f,ocu_isco08_7,mts_aggregate_total,2005,223.72
col,sex_f,ocu_isco08_7,mts_aggregate_total,2007,176.523
col,sex_f,ocu_isco08_7,mts_aggregate_total,2008,226.062
col,sex_f,ocu_isco08_7,mts_aggregate_total,2009,225.355
col,sex_f,ocu_isco08_7,mts_aggregate_total,2010,236.777
col,sex_f,ocu_isco08_7,mts_aggregate_total,2011,248.838
col,sex_f,ocu_isco08_7,mts_aggregate_total,2012,260.114
col,sex_f,ocu_isco08_7,mts_aggregate_total,2013,277.896
col,sex_f,ocu_isco08_7,mts_aggregate_total,2014,291.934
col,sex_f,ocu_isco08_7,mts_aggregate_total,2015,295.598
col,sex_f,ocu_isco08_7,mts_aggregate_total,2016,304.907
col,sex_f,ocu_isco08_7,mts_aggregate_total,2017,310.434
col,sex_f,ocu_isco08_7,mts_aggregate_total,2018,299.123
col,sex_f,ocu_isco08_7,mts_aggregate_total,2019,314.536
col,sex_f,ocu_isco08_7,mts_aggregate_total,2021,294.12
col,sex_f,ocu_isco08_7,mts_aggregate_total,2022,112.36
col,sex_f,ocu_isco08_7,mts_aggregate_total,2023,97.153
col,sex_f,ocu_isco08_7,mts_aggregate_total,2024,112.394
col,sex_f,ocu_isco08_7,mts_aggregate_total,2025,112.378
col,sex_f,ocu_isco08_7,mts_details_mrd,2002,44.848
col,sex_f,ocu_isco08_7,mts_details_mrd,2003,38.594
col,sex_f,ocu_isco08_7,mts_details_mrd,2004,44.502
col,sex_f,ocu_isco08_7,mts_details_mrd,2005,38.752
col,sex_f,ocu_isco08_7,mts_details_mrd,2007,33.284
col,sex_f,ocu_isco08_7,mts_details_mrd,2008,38.637
col,sex_f,ocu_isco08_7,mts_details_mrd,2009,42.16
col,sex_f,ocu_isco08_7,mts_details_mrd,2010,40.462
col,sex_f,ocu_isco08_7,mts_details_mrd,2011,37.214
col,sex_f,ocu_isco08_7,mts_details_mrd,2012,41.819
col,sex_f,ocu_isco08_7,mts_details_mrd,2013,45.561
col,sex_f,ocu_isco08_7,mts_details_mrd,2014,44.274
col,sex_f,ocu_isco08_7,mts_details_mrd,2015,41.813
col,sex_f,ocu_isco08_7,mts_details_mrd,2016,40.49
col,sex_f,ocu_isco08_7,mts_details_mrd,2017,40.493
col,sex_f,ocu_isco08_7,mts_details_mrd,2018,39.921
col,sex_f,ocu_isco08_7,mts_details_mrd,2019,38.918
col,sex_f,ocu_isco08_7,mts_details_mrd,2021,34.057
col,sex_f,ocu_isco08_7,mts_details_mrd,2022,13.684
col,sex_f,ocu_isco08_7,mts_details_mrd,2023,11.501
col,sex_f,ocu_isco08_7,mts_details_mrd,2024,16.671
col,sex_f,ocu_isco08_7,mts_details_mrd,2025,16.233
col,sex_f,ocu_isco08_7,mts_details_sep,2002,36.035
col,sex_f,ocu_isco08_7,mts_details_sep,2003,35.417
col,sex_f,ocu_isco08_7,mts_details_sep,2004,40.887
col,sex_f,ocu_isco08_7,mts_details_sep,2005,40.136
col,sex_f,ocu_isco08_7,mts_details_sep,2007,6.684
col,sex_f,ocu_isco08_7,mts_details_sep,2008,45.266
col,sex_f,ocu_isco08_7,mts_details_sep,2009,45.999
col,sex_f,ocu_isco08_7,mts_details_sep,2010,52.638
col,sex_f,ocu_isco08_7,mts_details_sep,2011,57.328
col,sex_f,ocu_isco08_7,mts_details_sep,2012,56.736
col,sex_f,ocu_isco08_7,mts_details_sep,2013,66.848
col,sex_f,ocu_isco08_7,mts_details_sep,2014,66.84
col,sex_f,ocu_isco08_7,mts_details_sep,2015,73.335
col,sex_f,ocu_isco08_7,mts_details_sep,2016,75.198
col,sex_f,ocu_isco08_7,mts_details_sep,2017,71.372
col,sex_f,ocu_isco08_7,mts_details_sep,2018,68.921
col,sex_f,ocu_isco08_7,mts_details_sep,2019,70.125
col,sex_f,ocu_isco08_7,mts_details_sep,2021,62.575
col,sex_f,ocu_isco08_7,mts_details_sep,2022,20.133
col,sex_f,ocu_isco08_7,mts_details_sep,2023,21.31
col,sex_f,ocu_isco08_7,mts_details_sep,2024,23.825
col,sex_f,ocu_isco08_7,mts_details_sep,2025,24.379
col,sex_f,ocu_isco08_7,mts_details_sgle,2002,59.656
col,sex_f,ocu_isco08_7,mts_details_sgle,2003,70.149
col,sex_f,ocu_isco08_7,mts_details_sgle,2004,72.485
col,sex_f,ocu_isco08_7,mts_details_sgle,2005,70.606
col,sex_f,ocu_isco08_7,mts_details_sgle,2007,31.465
col,sex_f,ocu_isco08_7,mts_details_sgle,2008,71.456
col,sex_f,ocu_isco08_7,mts_details_sgle,2009,63.254
col,sex_f,ocu_isco08_7,mts_details_sgle,2010,66.256
col,sex_f,ocu_isco08_7,mts_details_sgle,2011,70.882
col,sex_f,ocu_isco08_7,mts_details_sgle,2012,68.699
col,sex_f,ocu_isco08_7,mts_details_sgle,2013,72.812
col,sex_f,ocu_isco08_7,mts_details_sgle,2014,74.667
col,sex_f,ocu_isco08_7,mts_details_sgle,2015,78.654
col,sex_f,ocu_isco08_7,mts_details_sgle,2016,82.301
col,sex_f,ocu_isco08_7,mts_details_sgle,2017,84.57
col,sex_f,ocu_isco08_7,mts_details_sgle,2018,80.36
col,sex_f,ocu_isco08_7,mts_details_sgle,2019,83.704
col,sex_f,ocu_isco08_7,mts_details_sgle,2021,88.753
col,sex_f,ocu_isco08_7,mts_details_sgle,2022,35.214
col,sex_f,ocu_isco08_7,mts_details_sgle,2023,28.799
col,sex_f,ocu_isco08_7,mts_details_sgle,2024,36.501
col,sex_f,ocu_isco08_7,mts_details_sgle,2025,32.755
col,sex_f,ocu_isco08_7,mts_details_total,2002,193.161
col,sex_f,ocu_isco08_7,mts_details_total,2003,199.212
col,sex_f,ocu_isco08_7,mts_details_total,2004,223.513
col,sex_f,ocu_isco08_7,mts_details_total,2005,223.72
col,sex_f,ocu_isco08_7,mts_details_total,2007,176.523
col,sex_f,ocu_isco08_7,mts_details_total,2008,226.062
col,sex_f,ocu_isco08_7,mts_details_total,2009,225.355
col,sex_f,ocu_isco08_7,mts_details_total,2010,236.777
col,sex_f,ocu_isco08_7,mts_details_total,2011,248.838
col,sex_f,ocu_isco08_7,mts_details_total,2012,260.114
col,sex_f,ocu_isco08_7,mts_details_total,2013,277.896
col,sex_f,ocu_isco08_7,mts_details_total,2014,291.934
col,sex_f,ocu_isco08_7,mts_details_total,2015,295.598
col,sex_f,ocu_isco08_7,mts_details_total,2016,304.907
col,sex_f,ocu_isco08_7,mts_details_total,2017,310.434
col,sex_f,ocu_isco08_7,mts_details_total,2018,299.123
col,sex_f,ocu_isco08_7,mts_details_total,2019,314.536
col,sex_f,ocu_isco08_7,mts_details_total,2021,294.12
col,sex_f,ocu_isco08_7,mts_details_total,2022,112.36
col,sex_f,ocu_isco08_7,mts_details_total,2023,97.153
col,sex_f,ocu_isco08_7,mts_details_total,2024,112.394
col,sex_f,ocu_isco08_7,mts_details_total,2025,112.378
col,sex_f,ocu_isco08_7,mts_details_union,2002,44.749
col,sex_f,ocu_isco08_7,mts_details_union,2003,47.46
col,sex_f,ocu_isco08_7,mts_details_union,2004,56.43
col,sex_f,ocu_isco08_7,mts_details_union,2005,62.949
col,sex_f,ocu_isco08_7,mts_details_union,2007,46.461
col,sex_f,ocu_isco08_7,mts_details_union,2008,62.046
col,sex_f,ocu_isco08_7,mts_details_union,2009,65.48
col,sex_f,ocu_isco08_7,mts_details_union,2010,69.436
col,sex_f,ocu_isco08_7,mts_details_union,2011,73.999
col,sex_f,ocu_isco08_7,mts_details_union,2012,82.33
col,sex_f,ocu_isco08_7,mts_details_union,2013,85.283
col,sex_f,ocu_isco08_7,mts_details_union,2014,98.126
col,sex_f,ocu_isco08_7,mts_details_union,2015,93.722
col,sex_f,ocu_isco08_7,mts_details_union,2016,96.83
col,sex_f,ocu_isco08_7,mts_details_union,2017,107.181
col,sex_f,ocu_isco08_7,mts_details_union,2018,102.917
col,sex_f,ocu_isco08_7,mts_details_union,2019,113.177
col,sex_f,ocu_isco08_7,mts_details_union,2021,101.766
col,sex_f,ocu_isco08_7,mts_details_union,2022,40.142
col,sex_f,ocu_isco08_7,mts_details_union,2023,32.549
col,sex_f,ocu_isco08_7,mts_details_union,2024,32.947
col,sex_f,ocu_isco08_7,mts_details_union,2025,36.648
col,sex_f,ocu_isco08_7,mts_details_wid,2002,7.875
col,sex_f,ocu_isco08_7,mts_details_wid,2003,7.592
col,sex_f,ocu_isco08_7,mts_details_wid,2004,9.21
col,sex_f,ocu_isco08_7,mts_details_wid,2005,11.277
col,sex_f,ocu_isco08_7,mts_details_wid,2007,58.629
col,sex_f,ocu_isco08_7,mts_details_wid,2008,8.657
col,sex_f,ocu_isco08_7,mts_details_wid,2009,8.463
col,sex_f,ocu_isco08_7,mts_details_wid,2010,7.986
col,sex_f,ocu_isco08_7,mts_details_wid,2011,9.416
col,sex_f,ocu_isco08_7,mts_details_wid,2012,10.531
col,sex_f,ocu_isco08_7,mts_details_wid,2013,7.391
col,sex_f,ocu_isco08_7,mts_details_wid,2014,8.026
col,sex_f,ocu_isco08_7,mts_details_wid,2015,8.075
col,sex_f,ocu_isco08_7,mts_details_wid,2016,10.087
col,sex_f,ocu_isco08_7,mts_details_wid,2017,6.819
col,sex_f,ocu_isco08_7,mts_details_wid,2018,7.005
col,sex_f,ocu_isco08_7,mts_details_wid,2019,8.612
col,sex_f,ocu_isco08_7,mts_details_wid,2021,6.969
col,sex_f,ocu_isco08_7,mts_details_wid,2022,3.187
col,sex_f,ocu_isco08_7,mts_details_wid,2023,2.994
col,sex_f,ocu_isco08_7,mts_details_wid,2024,2.45
col,sex_f,ocu_isco08_7,mts_details_wid,2025,2.363
col,sex_f,ocu_isco08_8,mts_aggregate_1,2002,90.168
col,sex_f,ocu_isco08_8,mts_aggregate_1,2003,88.573
col,sex_f,ocu_isco08_8,mts_aggregate_1,2004,87.949
col,sex_f,ocu_isco08_8,mts_aggregate_1,2005,98.043
col,sex_f,ocu_isco08_8,mts_aggregate_1,2007,96.214
col,sex_f,ocu_isco08_8,mts_aggregate_1,2008,83.182
col,sex_f,ocu_isco08_8,mts_aggregate_1,2009,81.173
col,sex_f,ocu_isco08_8,mts_aggregate_1,2010,80.36
col,sex_f,ocu_isco08_8,mts_aggregate_1,2011,77.019
col,sex_f,ocu_isco08_8,mts_aggregate_1,2012,85.935
col,sex_f,ocu_isco08_8,mts_aggregate_1,2013,80.459
col,sex_f,ocu_isco08_8,mts_aggregate_1,2014,83.967
col,sex_f,ocu_isco08_8,mts_aggregate_1,2015,86.288
col,sex_f,ocu_isco08_8,mts_aggregate_1,2016,78.399
col,sex_f,ocu_isco08_8,mts_aggregate_1,2017,86.502
col,sex_f,ocu_isco08_8,mts_aggregate_1,2018,88.79
col,sex_f,ocu_isco08_8,mts_aggregate_1,2019,85.997
col,sex_f,ocu_isco08_8,mts_aggregate_1,2021,83.695
col,sex_f,ocu_isco08_8,mts_aggregate_1,2022,79.063
col,sex_f,ocu_isco08_8,mts_aggregate_1,2023,74.243
col,sex_f,ocu_isco08_8,mts_aggregate_1,2024,79.916
col,sex_f,ocu_isco08_8,mts_aggregate_1,2025,86.416
col,sex_f,ocu_isco08_8,mts_aggregate_2,2002,83.485
col,sex_f,ocu_isco08_8,mts_aggregate_2,2003,78.666
col,sex_f,ocu_isco08_8,mts_aggregate_2,2004,77.256
col,sex_f,ocu_isco08_8,mts_aggregate_2,2005,86.617
col,sex_f,ocu_isco08_8,mts_aggregate_2,2007,68.278
col,sex_f,ocu_isco08_8,mts_aggregate_2,2008,77.22
col,sex_f,ocu_isco08_8,mts_aggregate_2,2009,77.524
col,sex_f,ocu_isco08_8,mts_aggregate_2,2010,83.325
col,sex_f,ocu_isco08_8,mts_aggregate_2,2011,86.779
col,sex_f,ocu_isco08_8,mts_aggregate_2,2012,85.737
col,sex_f,ocu_isco08_8,mts_aggregate_2,2013,85.242
col,sex_f,ocu_isco08_8,mts_aggregate_2,2014,78.743
col,sex_f,ocu_isco08_8,mts_aggregate_2,2015,81.86
col,sex_f,ocu_isco08_8,mts_aggregate_2,2016,74.888
col,sex_f,ocu_isco08_8,mts_aggregate_2,2017,83.849
col,sex_f,ocu_isco08_8,mts_aggregate_2,2018,87.838
col,sex_f,ocu_isco08_8,mts_aggregate_2,2019,88.34
col,sex_f,ocu_isco08_8,mts_aggregate_2,2021,84.156
col,sex_f,ocu_isco08_8,mts_aggregate_2,2022,60.015
col,sex_f,ocu_isco08_8,mts_aggregate_2,2023,66.425
col,sex_f,ocu_isco08_8,mts_aggregate_2,2024,73.96
col,sex_f,ocu_isco08_8,mts_aggregate_2,2025,78.397
col,sex_f,ocu_isco08_8,mts_aggregate_total,2002,173.654
col,sex_f,ocu_isco08_8,mts_aggregate_total,2003,167.239
col,sex_f,ocu_isco08_8,mts_aggregate_total,2004,165.205
col,sex_f,ocu_isco08_8,mts_aggregate_total,2005,184.66
col,sex_f,ocu_isco08_8,mts_aggregate_total,2007,164.492
col,sex_f,ocu_isco08_8,mts_aggregate_total,2008,160.402
col,sex_f,ocu_isco08_8,mts_aggregate_total,2009,158.697
col,sex_f,ocu_isco08_8,mts_aggregate_total,2010,163.684
col,sex_f,ocu_isco08_8,mts_aggregate_total,2011,163.798
col,sex_f,ocu_isco08_8,mts_aggregate_total,2012,171.672
col,sex_f,ocu_isco08_8,mts_aggregate_total,2013,165.701
col,sex_f,ocu_isco08_8,mts_aggregate_total,2014,162.71
col,sex_f,ocu_isco08_8,mts_aggregate_total,2015,168.148
col,sex_f,ocu_isco08_8,mts_aggregate_total,2016,153.287
col,sex_f,ocu_isco08_8,mts_aggregate_total,2017,170.351
col,sex_f,ocu_isco08_8,mts_aggregate_total,2018,176.628
col,sex_f,ocu_isco08_8,mts_aggregate_total,2019,174.337
col,sex_f,ocu_isco08_8,mts_aggregate_total,2021,167.851
col,sex_f,ocu_isco08_8,mts_aggregate_total,2022,139.077
col,sex_f,ocu_isco08_8,mts_aggregate_total,2023,140.669
col,sex_f,ocu_isco08_8,mts_aggregate_total,2024,153.875
col,sex_f,ocu_isco08_8,mts_aggregate_total,2025,164.813
col,sex_f,ocu_isco08_8,mts_details_mrd,2002,37.429
col,sex_f,ocu_isco08_8,mts_details_mrd,2003,35.228
col,sex_f,ocu_isco08_8,mts_details_mrd,2004,33.135
col,sex_f,ocu_isco08_8,mts_details_mrd,2005,34.576
col,sex_f,ocu_isco08_8,mts_details_mrd,2007,25.903
col,sex_f,ocu_isco08_8,mts_details_mrd,2008,32.65
col,sex_f,ocu_isco08_8,mts_details_mrd,2009,27.641
col,sex_f,ocu_isco08_8,mts_details_mrd,2010,27.7
col,sex_f,ocu_isco08_8,mts_details_mrd,2011,30.891
col,sex_f,ocu_isco08_8,mts_details_mrd,2012,28.118
col,sex_f,ocu_isco08_8,mts_details_mrd,2013,30.835
col,sex_f,ocu_isco08_8,mts_details_mrd,2014,22.376
col,sex_f,ocu_isco08_8,mts_details_mrd,2015,25.008
col,sex_f,ocu_isco08_8,mts_details_mrd,2016,24.996
col,sex_f,ocu_isco08_8,mts_details_mrd,2017,24.763
col,sex_f,ocu_isco08_8,mts_details_mrd,2018,21.728
col,sex_f,ocu_isco08_8,mts_details_mrd,2019,29.352
col,sex_f,ocu_isco08_8,mts_details_mrd,2021,20.065
col,sex_f,ocu_isco08_8,mts_details_mrd,2022,15.29
col,sex_f,ocu_isco08_8,mts_details_mrd,2023,16.286
col,sex_f,ocu_isco08_8,mts_details_mrd,2024,21.188
col,sex_f,ocu_isco08_8,mts_details_mrd,2025,22.855
col,sex_f,ocu_isco08_8,mts_details_sep,2002,29.374
col,sex_f,ocu_isco08_8,mts_details_sep,2003,26.123
col,sex_f,ocu_isco08_8,mts_details_sep,2004,30.142
col,sex_f,ocu_isco08_8,mts_details_sep,2005,30.227
col,sex_f,ocu_isco08_8,mts_details_sep,2007,8.501
col,sex_f,ocu_isco08_8,mts_details_sep,2008,32.359
col,sex_f,ocu_isco08_8,mts_details_sep,2009,32.362
col,sex_f,ocu_isco08_8,mts_details_sep,2010,29.92
col,sex_f,ocu_isco08_8,mts_details_sep,2011,29.868
col,sex_f,ocu_isco08_8,mts_details_sep,2012,37.072
col,sex_f,ocu_isco08_8,mts_details_sep,2013,36.715
col,sex_f,ocu_isco08_8,mts_details_sep,2014,37.137
col,sex_f,ocu_isco08_8,mts_details_sep,2015,38.325
col,sex_f,ocu_isco08_8,mts_details_sep,2016,35.464
col,sex_f,ocu_isco08_8,mts_details_sep,2017,40.6
col,sex_f,ocu_isco08_8,mts_details_sep,2018,39.308
col,sex_f,ocu_isco08_8,mts_details_sep,2019,35.625
col,sex_f,ocu_isco08_8,mts_details_sep,2021,32.532
col,sex_f,ocu_isco08_8,mts_details_sep,2022,32.09
col,sex_f,ocu_isco08_8,mts_details_sep,2023,31.253
col,sex_f,ocu_isco08_8,mts_details_sep,2024,31.622
col,sex_f,ocu_isco08_8,mts_details_sep,2025,36.133
col,sex_f,ocu_isco08_8,mts_details_sgle,2002,54.434
col,sex_f,ocu_isco08_8,mts_details_sgle,2003,54.056
col,sex_f,ocu_isco08_8,mts_details_sgle,2004,51.613
col,sex_f,ocu_isco08_8,mts_details_sgle,2005,60.911
col,sex_f,ocu_isco08_8,mts_details_sgle,2007,34.743
col,sex_f,ocu_isco08_8,mts_details_sgle,2008,45.973
col,sex_f,ocu_isco08_8,mts_details_sgle,2009,43.106
col,sex_f,ocu_isco08_8,mts_details_sgle,2010,44.126
col,sex_f,ocu_isco08_8,mts_details_sgle,2011,41.658
col,sex_f,ocu_isco08_8,mts_details_sgle,2012,42.607
col,sex_f,ocu_isco08_8,mts_details_sgle,2013,39.787
col,sex_f,ocu_isco08_8,mts_details_sgle,2014,41.417
col,sex_f,ocu_isco08_8,mts_details_sgle,2015,41.837
col,sex_f,ocu_isco08_8,mts_details_sgle,2016,39.293
col,sex_f,ocu_isco08_8,mts_details_sgle,2017,40.312
col,sex_f,ocu_isco08_8,mts_details_sgle,2018,44.804
col,sex_f,ocu_isco08_8,mts_details_sgle,2019,45.061
col,sex_f,ocu_isco08_8,mts_details_sgle,2021,47.067
col,sex_f,ocu_isco08_8,mts_details_sgle,2022,45.096
col,sex_f,ocu_isco08_8,mts_details_sgle,2023,39.073
col,sex_f,ocu_isco08_8,mts_details_sgle,2024,45.011
col,sex_f,ocu_isco08_8,mts_details_sgle,2025,45.905
col,sex_f,ocu_isco08_8,mts_details_total,2002,173.654
col,sex_f,ocu_isco08_8,mts_details_total,2003,167.239
col,sex_f,ocu_isco08_8,mts_details_total,2004,165.205
col,sex_f,ocu_isco08_8,mts_details_total,2005,184.66
col,sex_f,ocu_isco08_8,mts_details_total,2007,164.492
col,sex_f,ocu_isco08_8,mts_details_total,2008,160.402
col,sex_f,ocu_isco08_8,mts_details_total,2009,158.697
col,sex_f,ocu_isco08_8,mts_details_total,2010,163.684
col,sex_f,ocu_isco08_8,mts_details_total,2011,163.798
col,sex_f,ocu_isco08_8,mts_details_total,2012,171.672
col,sex_f,ocu_isco08_8,mts_details_total,2013,165.701
col,sex_f,ocu_isco08_8,mts_details_total,2014,162.71
col,sex_f,ocu_isco08_8,mts_details_total,2015,168.148
col,sex_f,ocu_isco08_8,mts_details_total,2016,153.287
col,sex_f,ocu_isco08_8,mts_details_total,2017,170.351
col,sex_f,ocu_isco08_8,mts_details_total,2018,176.628
col,sex_f,ocu_isco08_8,mts_details_total,2019,174.337
col,sex_f,ocu_isco08_8,mts_details_total,2021,167.851
col,sex_f,ocu_isco08_8,mts_details_total,2022,139.077
col,sex_f,ocu_isco08_8,mts_details_total,2023,140.669
col,sex_f,ocu_isco08_8,mts_details_total,2024,153.875
col,sex_f,ocu_isco08_8,mts_details_total,2025,164.813
col,sex_f,ocu_isco08_8,mts_details_union,2002,46.056
col,sex_f,ocu_isco08_8,mts_details_union,2003,43.438
col,sex_f,ocu_isco08_8,mts_details_union,2004,44.121
col,sex_f,ocu_isco08_8,mts_details_union,2005,52.041
col,sex_f,ocu_isco08_8,mts_details_union,2007,42.375
col,sex_f,ocu_isco08_8,mts_details_union,2008,44.57
col,sex_f,ocu_isco08_8,mts_details_union,2009,49.884
col,sex_f,ocu_isco08_8,mts_details_union,2010,55.625
col,sex_f,ocu_isco08_8,mts_details_union,2011,55.888
col,sex_f,ocu_isco08_8,mts_details_union,2012,57.619
col,sex_f,ocu_isco08_8,mts_details_union,2013,54.406
col,sex_f,ocu_isco08_8,mts_details_union,2014,56.367
col,sex_f,ocu_isco08_8,mts_details_union,2015,56.852
col,sex_f,ocu_isco08_8,mts_details_union,2016,49.892
col,sex_f,ocu_isco08_8,mts_details_union,2017,59.086
col,sex_f,ocu_isco08_8,mts_details_union,2018,66.11
col,sex_f,ocu_isco08_8,mts_details_union,2019,58.988
col,sex_f,ocu_isco08_8,mts_details_union,2021,64.091
col,sex_f,ocu_isco08_8,mts_details_union,2022,44.725
col,sex_f,ocu_isco08_8,mts_details_union,2023,50.139
col,sex_f,ocu_isco08_8,mts_details_union,2024,52.772
col,sex_f,ocu_isco08_8,mts_details_union,2025,55.542
col,sex_f,ocu_isco08_8,mts_details_wid,2002,6.36
col,sex_f,ocu_isco08_8,mts_details_wid,2003,8.395
col,sex_f,ocu_isco08_8,mts_details_wid,2004,6.195
col,sex_f,ocu_isco08_8,mts_details_wid,2005,6.905
col,sex_f,ocu_isco08_8,mts_details_wid,2007,52.97
col,sex_f,ocu_isco08_8,mts_details_wid,2008,4.85
col,sex_f,ocu_isco08_8,mts_details_wid,2009,5.704
col,sex_f,ocu_isco08_8,mts_details_wid,2010,6.313
col,sex_f,ocu_isco08_8,mts_details_wid,2011,5.493
col,sex_f,ocu_isco08_8,mts_details_wid,2012,6.256
col,sex_f,ocu_isco08_8,mts_details_wid,2013,3.957
col,sex_f,ocu_isco08_8,mts_details_wid,2014,5.412
col,sex_f,ocu_isco08_8,mts_details_wid,2015,6.125
col,sex_f,ocu_isco08_8,mts_details_wid,2016,3.641
col,sex_f,ocu_isco08_8,mts_details_wid,2017,5.589
col,sex_f,ocu_isco08_8,mts_details_wid,2018,4.678
col,sex_f,ocu_isco08_8,mts_details_wid,2019,5.31
col,sex_f,ocu_isco08_8,mts_details_wid,2021,4.096
col,sex_f,ocu_isco08_8,mts_details_wid,2022,1.877
col,sex_f,ocu_isco08_8,mts_details_wid,2023,3.917
col,sex_f,ocu_isco08_8,mts_details_wid,2024,3.283
col,sex_f,ocu_isco08_8,mts_details_wid,2025,4.377
col,sex_f,ocu_isco08_9,mts_aggregate_1,2002,229.823
col,sex_f,ocu_isco08_9,mts_aggregate_1,2003,242.771
col,sex_f,ocu_isco08_9,mts_aggregate_1,2004,227.719
col,sex_f,ocu_isco08_9,mts_aggregate_1,2005,232.374
col,sex_f,ocu_isco08_9,mts_aggregate_1,2007,141.397
col,sex_f,ocu_isco08_9,mts_aggregate_1,2008,209.915
col,sex_f,ocu_isco08_9,mts_aggregate_1,2009,220.593
col,sex_f,ocu_isco08_9,mts_aggregate_1,2010,233.239
col,sex_f,ocu_isco08_9,mts_aggregate_1,2011,235.633
col,sex_f,ocu_isco08_9,mts_aggregate_1,2012,239.418
col,sex_f,ocu_isco08_9,mts_aggregate_1,2013,255.197
col,sex_f,ocu_isco08_9,mts_aggregate_1,2014,257.864
col,sex_f,ocu_isco08_9,mts_aggregate_1,2015,266.54
col,sex_f,ocu_isco08_9,mts_aggregate_1,2016,257.96
col,sex_f,ocu_isco08_9,mts_aggregate_1,2017,260.283
col,sex_f,ocu_isco08_9,mts_aggregate_1,2018,269.677
col,sex_f,ocu_isco08_9,mts_aggregate_1,2019,269.646
col,sex_f,ocu_isco08_9,mts_aggregate_1,2021,237.802
col,sex_f,ocu_isco08_9,mts_aggregate_1,2022,618.434
col,sex_f,ocu_isco08_9,mts_aggregate_1,2023,622.617
col,sex_f,ocu_isco08_9,mts_aggregate_1,2024,667.483
col,sex_f,ocu_isco08_9,mts_aggregate_1,2025,673.49
col,sex_f,ocu_isco08_9,mts_aggregate_2,2002,149.833
col,sex_f,ocu_isco08_9,mts_aggregate_2,2003,163.529
col,sex_f,ocu_isco08_9,mts_aggregate_2,2004,148.863
col,sex_f,ocu_isco08_9,mts_aggregate_2,2005,163.042
col,sex_f,ocu_isco08_9,mts_aggregate_2,2007,127.667
col,sex_f,ocu_isco08_9,mts_aggregate_2,2008,167.923
col,sex_f,ocu_isco08_9,mts_aggregate_2,2009,185.464
col,sex_f,ocu_isco08_9,mts_aggregate_2,2010,194.881
col,sex_f,ocu_isco08_9,mts_aggregate_2,2011,186.259
col,sex_f,ocu_isco08_9,mts_aggregate_2,2012,202.58
col,sex_f,ocu_isco08_9,mts_aggregate_2,2013,210.131
col,sex_f,ocu_isco08_9,mts_aggregate_2,2014,228.474
col,sex_f,ocu_isco08_9,mts_aggregate_2,2015,246.599
col,sex_f,ocu_isco08_9,mts_aggregate_2,2016,234.495
col,sex_f,ocu_isco08_9,mts_aggregate_2,2017,232.674
col,sex_f,ocu_isco08_9,mts_aggregate_2,2018,234.505
col,sex_f,ocu_isco08_9,mts_aggregate_2,2019,234.325
col,sex_f,ocu_isco08_9,mts_aggregate_2,2021,215.289
col,sex_f,ocu_isco08_9,mts_aggregate_2,2022,471.51
col,sex_f,ocu_isco08_9,mts_aggregate_2,2023,521.028
col,sex_f,ocu_isco08_9,mts_aggregate_2,2024,510.132
col,sex_f,ocu_isco08_9,mts_aggregate_2,2025,566.12
col,sex_f,ocu_isco08_9,mts_aggregate_total,2002,379.655
col,sex_f,ocu_isco08_9,mts_aggregate_total,2003,406.3
col,sex_f,ocu_isco08_9,mts_aggregate_total,2004,376.582
col,sex_f,ocu_isco08_9,mts_aggregate_total,2005,395.415
col,sex_f,ocu_isco08_9,mts_aggregate_total,2007,269.063
col,sex_f,ocu_isco08_9,mts_aggregate_total,2008,377.838
col,sex_f,ocu_isco08_9,mts_aggregate_total,2009,406.057
col,sex_f,ocu_isco08_9,mts_aggregate_total,2010,428.12
col,sex_f,ocu_isco08_9,mts_aggregate_total,2011,421.892
col,sex_f,ocu_isco08_9,mts_aggregate_total,2012,441.998
col,sex_f,ocu_isco08_9,mts_aggregate_total,2013,465.328
col,sex_f,ocu_isco08_9,mts_aggregate_total,2014,486.338
col,sex_f,ocu_isco08_9,mts_aggregate_total,2015,513.14
col,sex_f,ocu_isco08_9,mts_aggregate_total,2016,492.455
col,sex_f,ocu_isco08_9,mts_aggregate_total,2017,492.957
col,sex_f,ocu_isco08_9,mts_aggregate_total,2018,504.182
col,sex_f,ocu_isco08_9,mts_aggregate_total,2019,503.971
col,sex_f,ocu_isco08_9,mts_aggregate_total,2021,453.091
col,sex_f,ocu_isco08_9,mts_aggregate_total,2022,1089.944
col,sex_f,ocu_isco08_9,mts_aggregate_total,2023,1143.645
col,sex_f,ocu_isco08_9,mts_aggregate_total,2024,1177.615
col,sex_f,ocu_isco08_9,mts_aggregate_total,2025,1239.61
col,sex_f,ocu_isco08_9,mts_details_mrd,2002,62.003
col,sex_f,ocu_isco08_9,mts_details_mrd,2003,71.994
col,sex_f,ocu_isco08_9,mts_details_mrd,2004,63.542
col,sex_f,ocu_isco08_9,mts_details_mrd,2005,62.165
col,sex_f,ocu_isco08_9,mts_details_mrd,2007,54.373
col,sex_f,ocu_isco08_9,mts_details_mrd,2008,60.682
col,sex_f,ocu_isco08_9,mts_details_mrd,2009,66.494
col,sex_f,ocu_isco08_9,mts_details_mrd,2010,61.226
col,sex_f,ocu_isco08_9,mts_details_mrd,2011,60.243
col,sex_f,ocu_isco08_9,mts_details_mrd,2012,63.848
col,sex_f,ocu_isco08_9,mts_details_mrd,2013,64.873
col,sex_f,ocu_isco08_9,mts_details_mrd,2014,70.214
col,sex_f,ocu_isco08_9,mts_details_mrd,2015,79.094
col,sex_f,ocu_isco08_9,mts_details_mrd,2016,65.914
col,sex_f,ocu_isco08_9,mts_details_mrd,2017,67.378
col,sex_f,ocu_isco08_9,mts_details_mrd,2018,67.729
col,sex_f,ocu_isco08_9,mts_details_mrd,2019,67.93
col,sex_f,ocu_isco08_9,mts_details_mrd,2021,50.321
col,sex_f,ocu_isco08_9,mts_details_mrd,2022,110.124
col,sex_f,ocu_isco08_9,mts_details_mrd,2023,119.38
col,sex_f,ocu_isco08_9,mts_details_mrd,2024,119.273
col,sex_f,ocu_isco08_9,mts_details_mrd,2025,120.83
col,sex_f,ocu_isco08_9,mts_details_sep,2002,71.957
col,sex_f,ocu_isco08_9,mts_details_sep,2003,72.762
col,sex_f,ocu_isco08_9,mts_details_sep,2004,76.371
col,sex_f,ocu_isco08_9,mts_details_sep,2005,75.076
col,sex_f,ocu_isco08_9,mts_details_sep,2007,11.133
col,sex_f,ocu_isco08_9,mts_details_sep,2008,75.004
col,sex_f,ocu_isco08_9,mts_details_sep,2009,86.114
col,sex_f,ocu_isco08_9,mts_details_sep,2010,93.966
col,sex_f,ocu_isco08_9,mts_details_sep,2011,98.688
col,sex_f,ocu_isco08_9,mts_details_sep,2012,104.338
col,sex_f,ocu_isco08_9,mts_details_sep,2013,112.405
col,sex_f,ocu_isco08_9,mts_details_sep,2014,121.902
col,sex_f,ocu_isco08_9,mts_details_sep,2015,131.626
col,sex_f,ocu_isco08_9,mts_details_sep,2016,123.931
col,sex_f,ocu_isco08_9,mts_details_sep,2017,122.652
col,sex_f,ocu_isco08_9,mts_details_sep,2018,130.146
col,sex_f,ocu_isco08_9,mts_details_sep,2019,130.196
col,sex_f,ocu_isco08_9,mts_details_sep,2021,108.694
col,sex_f,ocu_isco08_9,mts_details_sep,2022,293.055
col,sex_f,ocu_isco08_9,mts_details_sep,2023,310.209
col,sex_f,ocu_isco08_9,mts_details_sep,2024,343.931
col,sex_f,ocu_isco08_9,mts_details_sep,2025,358.58
col,sex_f,ocu_isco08_9,mts_details_sgle,2002,139.8
col,sex_f,ocu_isco08_9,mts_details_sgle,2003,149.183
col,sex_f,ocu_isco08_9,mts_details_sgle,2004,134.918
col,sex_f,ocu_isco08_9,mts_details_sgle,2005,138.939
col,sex_f,ocu_isco08_9,mts_details_sgle,2007,44.409
col,sex_f,ocu_isco08_9,mts_details_sgle,2008,117.357
col,sex_f,ocu_isco08_9,mts_details_sgle,2009,115.755
col,sex_f,ocu_isco08_9,mts_details_sgle,2010,121.844
col,sex_f,ocu_isco08_9,mts_details_sgle,2011,117.126
col,sex_f,ocu_isco08_9,mts_details_sgle,2012,116.322
col,sex_f,ocu_isco08_9,mts_details_sgle,2013,125.275
col,sex_f,ocu_isco08_9,mts_details_sgle,2014,117.676
col,sex_f,ocu_isco08_9,mts_details_sgle,2015,115.071
col,sex_f,ocu_isco08_9,mts_details_sgle,2016,115.494
col,sex_f,ocu_isco08_9,mts_details_sgle,2017,119.034
col,sex_f,ocu_isco08_9,mts_details_sgle,2018,119.875
col,sex_f,ocu_isco08_9,mts_details_sgle,2019,123.261
col,sex_f,ocu_isco08_9,mts_details_sgle,2021,115.643
col,sex_f,ocu_isco08_9,mts_details_sgle,2022,284.029
col,sex_f,ocu_isco08_9,mts_details_sgle,2023,264.457
col,sex_f,ocu_isco08_9,mts_details_sgle,2024,269.386
col,sex_f,ocu_isco08_9,mts_details_sgle,2025,267.406
col,sex_f,ocu_isco08_9,mts_details_total,2002,379.655
col,sex_f,ocu_isco08_9,mts_details_total,2003,406.3
col,sex_f,ocu_isco08_9,mts_details_total,2004,376.582
col,sex_f,ocu_isco08_9,mts_details_total,2005,395.415
col,sex_f,ocu_isco08_9,mts_details_total,2007,269.063
col,sex_f,ocu_isco08_9,mts_details_total,2008,377.838
col,sex_f,ocu_isco08_9,mts_details_total,2009,406.057
col,sex_f,ocu_isco08_9,mts_details_total,2010,428.12
col,sex_f,ocu_isco08_9,mts_details_total,2011,421.892
col,sex_f,ocu_isco08_9,mts_details_total,2012,441.998
col,sex_f,ocu_isco08_9,mts_details_total,2013,465.328
col,sex_f,ocu_isco08_9,mts_details_total,2014,486.338
col,sex_f,ocu_isco08_9,mts_details_total,2015,513.14
col,sex_f,ocu_isco08_9,mts_details_total,2016,492.455
col,sex_f,ocu_isco08_9,mts_details_total,2017,492.957
col,sex_f,ocu_isco08_9,mts_details_total,2018,504.182
col,sex_f,ocu_isco08_9,mts_details_total,2019,503.971
col,sex_f,ocu_isco08_9,mts_details_total,2021,453.091
col,sex_f,ocu_isco08_9,mts_details_total,2022,1089.944
col,sex_f,ocu_isco08_9,mts_details_total,2023,1143.645
col,sex_f,ocu_isco08_9,mts_details_total,2024,1177.615
col,sex_f,ocu_isco08_9,mts_details_total,2025,1239.61
col,sex_f,ocu_isco08_9,mts_details_union,2002,87.83
col,sex_f,ocu_isco08_9,mts_details_union,2003,91.536
col,sex_f,ocu_isco08_9,mts_details_union,2004,85.321
col,sex_f,ocu_isco08_9,mts_details_union,2005,100.877
col,sex_f,ocu_isco08_9,mts_details_union,2007,73.294
col,sex_f,ocu_isco08_9,mts_details_union,2008,107.241
col,sex_f,ocu_isco08_9,mts_details_union,2009,118.97
col,sex_f,ocu_isco08_9,mts_details_union,2010,133.655
col,sex_f,ocu_isco08_9,mts_details_union,2011,126.017
col,sex_f,ocu_isco08_9,mts_details_union,2012,138.731
col,sex_f,ocu_isco08_9,mts_details_union,2013,145.258
col,sex_f,ocu_isco08_9,mts_details_union,2014,158.261
col,sex_f,ocu_isco08_9,mts_details_union,2015,167.505
col,sex_f,ocu_isco08_9,mts_details_union,2016,168.582
col,sex_f,ocu_isco08_9,mts_details_union,2017,165.296
col,sex_f,ocu_isco08_9,mts_details_union,2018,166.776
col,sex_f,ocu_isco08_9,mts_details_union,2019,166.395
col,sex_f,ocu_isco08_9,mts_details_union,2021,164.968
col,sex_f,ocu_isco08_9,mts_details_union,2022,361.386
col,sex_f,ocu_isco08_9,mts_details_union,2023,401.648
col,sex_f,ocu_isco08_9,mts_details_union,2024,390.859
col,sex_f,ocu_isco08_9,mts_details_union,2025,445.29
col,sex_f,ocu_isco08_9,mts_details_wid,2002,18.066
col,sex_f,ocu_isco08_9,mts_details_wid,2003,20.826
col,sex_f,ocu_isco08_9,mts_details_wid,2004,16.43
col,sex_f,ocu_isco08_9,mts_details_wid,2005,18.358
col,sex_f,ocu_isco08_9,mts_details_wid,2007,85.855
col,sex_f,ocu_isco08_9,mts_details_wid,2008,17.555
col,sex_f,ocu_isco08_9,mts_details_wid,2009,18.724
col,sex_f,ocu_isco08_9,mts_details_wid,2010,17.429
col,sex_f,ocu_isco08_9,mts_details_wid,2011,19.818
col,sex_f,ocu_isco08_9,mts_details_wid,2012,18.758
col,sex_f,ocu_isco08_9,mts_details_wid,2013,17.518
col,sex_f,ocu_isco08_9,mts_details_wid,2014,18.286
col,sex_f,ocu_isco08_9,mts_details_wid,2015,19.843
col,sex_f,ocu_isco08_9,mts_details_wid,2016,18.535
col,sex_f,ocu_isco08_9,mts_details_wid,2017,18.597
col,sex_f,ocu_isco08_9,mts_details_wid,2018,19.656
col,sex_f,ocu_isco08_9,mts_details_wid,2019,16.189
col,sex_f,ocu_isco08_9,mts_details_wid,2021,13.465
col,sex_f,ocu_isco08_9,mts_details_wid,2022,41.35
col,sex_f,ocu_isco08_9,mts_details_wid,2023,47.951
col,sex_f,ocu_isco08_9,mts_details_wid,2024,54.166
col,sex_f,ocu_isco08_9,mts_details_wid,2025,47.504
col,sex_f,ocu_isco08_total,mts_aggregate_1,2002,1793.681
col,sex_f,ocu_isco08_total,mts_aggregate_1,2003,1891.707
col,sex_f,ocu_isco08_total,mts_aggregate_1,2004,1860.129
col,sex_f,ocu_isco08_total,mts_aggregate_1,2005,1957.533
col,sex_f,ocu_isco08_total,mts_aggregate_1,2007,2227.662
col,sex_f,ocu_isco08_total,mts_aggregate_1,2008,1921.249
col,sex_f,ocu_isco08_total,mts_aggregate_1,2009,1916.334
col,sex_f,ocu_isco08_total,mts_aggregate_1,2010,1947.003
col,sex_f,ocu_isco08_total,mts_aggregate_1,2011,1997.901
col,sex_f,ocu_isco08_total,mts_aggregate_1,2012,2052.59
col,sex_f,ocu_isco08_total,mts_aggregate_1,2013,2133.932
col,sex_f,ocu_isco08_total,mts_aggregate_1,2014,2238.306
col,sex_f,ocu_isco08_total,mts_aggregate_1,2015,2310.081
col,sex_f,ocu_isco08_total,mts_aggregate_1,2016,2326.911
col,sex_f,ocu_isco08_total,mts_aggregate_1,2017,2322.837
col,sex_f,ocu_isco08_total,mts_aggregate_1,2018,2314.87
col,sex_f,ocu_isco08_total,mts_aggregate_1,2019,2356.67
col,sex_f,ocu_isco08_total,mts_aggregate_1,2021,2189.951
col,sex_f,ocu_isco08_total,mts_aggregate_1,2022,2641.939
col,sex_f,ocu_isco08_total,mts_aggregate_1,2023,2792.7
col,sex_f,ocu_isco08_total,mts_aggregate_1,2024,2890.416
col,sex_f,ocu_isco08_total,mts_aggregate_1,2025,3021.589
col,sex_f,ocu_isco08_total,mts_aggregate_2,2002,1382.289
col,sex_f,ocu_isco08_total,mts_aggregate_2,2003,1417.217
col,sex_f,ocu_isco08_total,mts_aggregate_2,2004,1429.251
col,sex_f,ocu_isco08_total,mts_aggregate_2,2005,1510.451
col,sex_f,ocu_isco08_total,mts_aggregate_2,2007,1422.551
col,sex_f,ocu_isco08_total,mts_aggregate_2,2008,1568.736
col,sex_f,ocu_isco08_total,mts_aggregate_2,2009,1638.697
col,sex_f,ocu_isco08_total,mts_aggregate_2,2010,1642.27
col,sex_f,ocu_isco08_total,mts_aggregate_2,2011,1655.968
col,sex_f,ocu_isco08_total,mts_aggregate_2,2012,1761.758
col,sex_f,ocu_isco08_total,mts_aggregate_2,2013,1854.698
col,sex_f,ocu_isco08_total,mts_aggregate_2,2014,1970.065
col,sex_f,ocu_isco08_total,mts_aggregate_2,2015,2048.385
col,sex_f,ocu_isco08_total,mts_aggregate_2,2016,2060.848
col,sex_f,ocu_isco08_total,mts_aggregate_2,2017,2104.129
col,sex_f,ocu_isco08_total,mts_aggregate_2,2018,2115.782
col,sex_f,ocu_isco08_total,mts_aggregate_2,2019,2143.996
col,sex_f,ocu_isco08_total,mts_aggregate_2,2021,1963.653
col,sex_f,ocu_isco08_total,mts_aggregate_2,2022,2422.426
col,sex_f,ocu_isco08_total,mts_aggregate_2,2023,2565.174
col,sex_f,ocu_isco08_total,mts_aggregate_2,2024,2563.295
col,sex_f,ocu_isco08_total,mts_aggregate_2,2025,2700.877
col,sex_f,ocu_isco08_total,mts_aggregate_total,2002,3175.969
col,sex_f,ocu_isco08_total,mts_aggregate_total,2003,3308.924
col,sex_f,ocu_isco08_total,mts_aggregate_total,2004,3289.38
col,sex_f,ocu_isco08_total,mts_aggregate_total,2005,3467.984
col,sex_f,ocu_isco08_total,mts_aggregate_total,2007,3650.213
col,sex_f,ocu_isco08_total,mts_aggregate_total,2008,3489.986
col,sex_f,ocu_isco08_total,mts_aggregate_total,2009,3555.032
col,sex_f,ocu_isco08_total,mts_aggregate_total,2010,3589.272
col,sex_f,ocu_isco08_total,mts_aggregate_total,2011,3653.87
col,sex_f,ocu_isco08_total,mts_aggregate_total,2012,3814.348
col,sex_f,ocu_isco08_total,mts_aggregate_total,2013,3988.63
col,sex_f,ocu_isco08_total,mts_aggregate_total,2014,4208.371
col,sex_f,ocu_isco08_total,mts_aggregate_total,2015,4358.466
col,sex_f,ocu_isco08_total,mts_aggregate_total,2016,4387.759
col,sex_f,ocu_isco08_total,mts_aggregate_total,2017,4426.966
col,sex_f,ocu_isco08_total,mts_aggregate_total,2018,4430.652
col,sex_f,ocu_isco08_total,mts_aggregate_total,2019,4500.666
col,sex_f,ocu_isco08_total,mts_aggregate_total,2021,4153.604
col,sex_f,ocu_isco08_total,mts_aggregate_total,2022,5064.365
col,sex_f,ocu_isco08_total,mts_aggregate_total,2023,5357.875
col,sex_f,ocu_isco08_total,mts_aggregate_total,2024,5453.712
col,sex_f,ocu_isco08_total,mts_aggregate_total,2025,5722.466
col,sex_f,ocu_isco08_total,mts_details_mrd,2002,781.415
col,sex_f,ocu_isco08_total,mts_details_mrd,2003,783.085
col,sex_f,ocu_isco08_total,mts_details_mrd,2004,792.116
col,sex_f,ocu_isco08_total,mts_details_mrd,2005,780.61
col,sex_f,ocu_isco08_total,mts_details_mrd,2007,595.536
col,sex_f,ocu_isco08_total,mts_details_mrd,2008,778.327
col,sex_f,ocu_isco08_total,mts_details_mrd,2009,786.418
col,sex_f,ocu_isco08_total,mts_details_mrd,2010,755.579
col,sex_f,ocu_isco08_total,mts_details_mrd,2011,755.349
col,sex_f,ocu_isco08_total,mts_details_mrd,2012,755.034
col,sex_f,ocu_isco08_total,mts_details_mrd,2013,795.428
col,sex_f,ocu_isco08_total,mts_details_mrd,2014,820.069
col,sex_f,ocu_isco08_total,mts_details_mrd,2015,842.112
col,sex_f,ocu_isco08_total,mts_details_mrd,2016,819.274
col,sex_f,ocu_isco08_total,mts_details_mrd,2017,821.545
col,sex_f,ocu_isco08_total,mts_details_mrd,2018,814.682
col,sex_f,ocu_isco08_total,mts_details_mrd,2019,819.104
col,sex_f,ocu_isco08_total,mts_details_mrd,2021,716.695
col,sex_f,ocu_isco08_total,mts_details_mrd,2022,915.539
col,sex_f,ocu_isco08_total,mts_details_mrd,2023,941.387
col,sex_f,ocu_isco08_total,mts_details_mrd,2024,927.183
col,sex_f,ocu_isco08_total,mts_details_mrd,2025,908.69
col,sex_f,ocu_isco08_total,mts_details_sep,2002,498.811
col,sex_f,ocu_isco08_total,mts_details_sep,2003,508.487
col,sex_f,ocu_isco08_total,mts_details_sep,2004,522.17
col,sex_f,ocu_isco08_total,mts_details_sep,2005,546.373
col,sex_f,ocu_isco08_total,mts_details_sep,2007,120.285
col,sex_f,ocu_isco08_total,mts_details_sep,2008,611.38
col,sex_f,ocu_isco08_total,mts_details_sep,2009,630.312
col,sex_f,ocu_isco08_total,mts_details_sep,2010,661.958
col,sex_f,ocu_isco08_total,mts_details_sep,2011,699.646
col,sex_f,ocu_isco08_total,mts_details_sep,2012,727.473
col,sex_f,ocu_isco08_total,mts_details_sep,2013,795.304
col,sex_f,ocu_isco08_total,mts_details_sep,2014,858.097
col,sex_f,ocu_isco08_total,mts_details_sep,2015,904.571
col,sex_f,ocu_isco08_total,mts_details_sep,2016,922.792
col,sex_f,ocu_isco08_total,mts_details_sep,2017,915.668
col,sex_f,ocu_isco08_total,mts_details_sep,2018,929.057
col,sex_f,ocu_isco08_total,mts_details_sep,2019,943.115
col,sex_f,ocu_isco08_total,mts_details_sep,2021,808.114
col,sex_f,ocu_isco08_total,mts_details_sep,2022,889.373
col,sex_f,ocu_isco08_total,mts_details_sep,2023,1016.612
col,sex_f,ocu_isco08_total,mts_details_sep,2024,1077.471
col,sex_f,ocu_isco08_total,mts_details_sep,2025,1162.931
col,sex_f,ocu_isco08_total,mts_details_sgle,2002,1180.29
col,sex_f,ocu_isco08_total,mts_details_sgle,2003,1259.097
col,sex_f,ocu_isco08_total,mts_details_sgle,2004,1229.24
col,sex_f,ocu_isco08_total,mts_details_sgle,2005,1289.011
col,sex_f,ocu_isco08_total,mts_details_sgle,2007,819.27
col,sex_f,ocu_isco08_total,mts_details_sgle,2008,1203.957
col,sex_f,ocu_isco08_total,mts_details_sgle,2009,1172.607
col,sex_f,ocu_isco08_total,mts_details_sgle,2010,1183.722
col,sex_f,ocu_isco08_total,mts_details_sgle,2011,1190.389
col,sex_f,ocu_isco08_total,mts_details_sgle,2012,1207.762
col,sex_f,ocu_isco08_total,mts_details_sgle,2013,1227.047
col,sex_f,ocu_isco08_total,mts_details_sgle,2014,1266.146
col,sex_f,ocu_isco08_total,mts_details_sgle,2015,1289.463
col,sex_f,ocu_isco08_total,mts_details_sgle,2016,1289.083
col,sex_f,ocu_isco08_total,mts_details_sgle,2017,1297.51
col,sex_f,ocu_isco08_total,mts_details_sgle,2018,1281.355
col,sex_f,ocu_isco08_total,mts_details_sgle,2019,1305.424
col,sex_f,ocu_isco08_total,mts_details_sgle,2021,1289.963
col,sex_f,ocu_isco08_total,mts_details_sgle,2022,1639.777
col,sex_f,ocu_isco08_total,mts_details_sgle,2023,1655.193
col,sex_f,ocu_isco08_total,mts_details_sgle,2024,1684.324
col,sex_f,ocu_isco08_total,mts_details_sgle,2025,1743.007
col,sex_f,ocu_isco08_total,mts_details_total,2002,3175.969
col,sex_f,ocu_isco08_total,mts_details_total,2003,3308.924
col,sex_f,ocu_isco08_total,mts_details_total,2004,3289.38
col,sex_f,ocu_isco08_total,mts_details_total,2005,3467.984
col,sex_f,ocu_isco08_total,mts_details_total,2007,3650.213
col,sex_f,ocu_isco08_total,mts_details_total,2008,3489.986
col,sex_f,ocu_isco08_total,mts_details_total,2009,3555.032
col,sex_f,ocu_isco08_total,mts_details_total,2010,3589.272
col,sex_f,ocu_isco08_total,mts_details_total,2011,3653.87
col,sex_f,ocu_isco08_total,mts_details_total,2012,3814.348
col,sex_f,ocu_isco08_total,mts_details_total,2013,3988.63
col,sex_f,ocu_isco08_total,mts_details_total,2014,4208.371
col,sex_f,ocu_isco08_total,mts_details_total,2015,4358.466
col,sex_f,ocu_isco08_total,mts_details_total,2016,4387.759
col,sex_f,ocu_isco08_total,mts_details_total,2017,4426.966
col,sex_f,ocu_isco08_total,mts_details_total,2018,4430.652
col,sex_f,ocu_isco08_total,mts_details_total,2019,4500.666
col,sex_f,ocu_isco08_total,mts_details_total,2021,4153.604
col,sex_f,ocu_isco08_total,mts_details_total,2022,5064.365
col,sex_f,ocu_isco08_total,mts_details_total,2023,5357.875
col,sex_f,ocu_isco08_total,mts_details_total,2024,5453.712
col,sex_f,ocu_isco08_total,mts_details_total,2025,5722.466
col,sex_f,ocu_isco08_total,mts_details_union,2002,600.873
col,sex_f,ocu_isco08_total,mts_details_union,2003,634.132
col,sex_f,ocu_isco08_total,mts_details_union,2004,637.135
col,sex_f,ocu_isco08_total,mts_details_union,2005,729.841
col,sex_f,ocu_isco08_total,mts_details_union,2007,827.015
col,sex_f,ocu_isco08_total,mts_details_union,2008,790.41
col,sex_f,ocu_isco08_total,mts_details_union,2009,852.279
col,sex_f,ocu_isco08_total,mts_details_union,2010,886.69
col,sex_f,ocu_isco08_total,mts_details_union,2011,900.619
col,sex_f,ocu_isco08_total,mts_details_union,2012,1006.723
col,sex_f,ocu_isco08_total,mts_details_union,2013,1059.27
col,sex_f,ocu_isco08_total,mts_details_union,2014,1149.996
col,sex_f,ocu_isco08_total,mts_details_union,2015,1206.273
col,sex_f,ocu_isco08_total,mts_details_union,2016,1241.574
col,sex_f,ocu_isco08_total,mts_details_union,2017,1282.585
col,sex_f,ocu_isco08_total,mts_details_union,2018,1301.1
col,sex_f,ocu_isco08_total,mts_details_union,2019,1324.892
col,sex_f,ocu_isco08_total,mts_details_union,2021,1246.957
col,sex_f,ocu_isco08_total,mts_details_union,2022,1506.887
col,sex_f,ocu_isco08_total,mts_details_union,2023,1623.787
col,sex_f,ocu_isco08_total,mts_details_union,2024,1636.112
col,sex_f,ocu_isco08_total,mts_details_union,2025,1792.187
col,sex_f,ocu_isco08_total,mts_details_wid,2002,114.58
col,sex_f,ocu_isco08_total,mts_details_wid,2003,124.124
col,sex_f,ocu_isco08_total,mts_details_wid,2004,108.719
col,sex_f,ocu_isco08_total,mts_details_wid,2005,122.149
col,sex_f,ocu_isco08_total,mts_details_wid,2007,1288.106
col,sex_f,ocu_isco08_total,mts_details_wid,2008,105.913
col,sex_f,ocu_isco08_total,mts_details_wid,2009,113.415
col,sex_f,ocu_isco08_total,mts_details_wid,2010,101.323
col,sex_f,ocu_isco08_total,mts_details_wid,2011,107.866
col,sex_f,ocu_isco08_total,mts_details_wid,2012,117.355
col,sex_f,ocu_isco08_total,mts_details_wid,2013,111.581
col,sex_f,ocu_isco08_total,mts_details_wid,2014,114.063
col,sex_f,ocu_isco08_total,mts_details_wid,2015,116.047
col,sex_f,ocu_isco08_total,mts_details_wid,2016,115.036
col,sex_f,ocu_isco08_total,mts_details_wid,2017,109.658
col,sex_f,ocu_isco08_total,mts_details_wid,2018,104.458
col,sex_f,ocu_isco08_total,mts_details_wid,2019,108.131
col,sex_f,ocu_isco08_total,mts_details_wid,2021,91.874
col,sex_f,ocu_isco08_total,mts_details_wid,2022,112.789
col,sex_f,ocu_isco08_total,mts_details_wid,2023,120.895
col,sex_f,ocu_isco08_total,mts_details_wid,2024,128.621
col,sex_f,ocu_isco08_total,mts_details_wid,2025,115.65
col,sex_f,ocu_isco08_x,mts_aggregate_1,2002,0.972
col,sex_f,ocu_isco08_x,mts_aggregate_1,2003,0.602
col,sex_f,ocu_isco08_x,mts_aggregate_1,2004,1.12
col,sex_f,ocu_isco08_x,mts_aggregate_1,2005,0.365
col,sex_f,ocu_isco08_x,mts_aggregate_1,2007,215.732
col,sex_f,ocu_isco08_x,mts_aggregate_1,2008,1.835
col,sex_f,ocu_isco08_x,mts_aggregate_1,2009,0.541
col,sex_f,ocu_isco08_x,mts_aggregate_1,2022,2.029
col,sex_f,ocu_isco08_x,mts_aggregate_2,2002,0.639
col,sex_f,ocu_isco08_x,mts_aggregate_2,2003,0.396
col,sex_f,ocu_isco08_x,mts_aggregate_2,2004,0.556
col,sex_f,ocu_isco08_x,mts_aggregate_2,2005,0.167
col,sex_f,ocu_isco08_x,mts_aggregate_2,2007,112.892
col,sex_f,ocu_isco08_x,mts_aggregate_2,2008,1.884
col,sex_f,ocu_isco08_x,mts_aggregate_2,2009,1.021
col,sex_f,ocu_isco08_x,mts_aggregate_2,2013,0.153
col,sex_f,ocu_isco08_x,mts_aggregate_2,2022,0.721
col,sex_f,ocu_isco08_x,mts_aggregate_total,2002,1.612
col,sex_f,ocu_isco08_x,mts_aggregate_total,2003,0.998
col,sex_f,ocu_isco08_x,mts_aggregate_total,2004,1.676
col,sex_f,ocu_isco08_x,mts_aggregate_total,2005,0.533
col,sex_f,ocu_isco08_x,mts_aggregate_total,2007,328.624
col,sex_f,ocu_isco08_x,mts_aggregate_total,2008,3.719
col,sex_f,ocu_isco08_x,mts_aggregate_total,2009,1.562
col,sex_f,ocu_isco08_x,mts_aggregate_total,2010,0.569
col,sex_f,ocu_isco08_x,mts_aggregate_total,2013,0.153
col,sex_f,ocu_isco08_x,mts_aggregate_total,2014,0
col,sex_f,ocu_isco08_x,mts_aggregate_total,2022,2.749
col,sex_f,ocu_isco08_x,mts_details_mrd,2002,0.615
col,sex_f,ocu_isco08_x,mts_details_mrd,2007,45.812
col,sex_f,ocu_isco08_x,mts_details_mrd,2008,0.969
col,sex_f,ocu_isco08_x,mts_details_mrd,2009,0.276
col,sex_f,ocu_isco08_x,mts_details_mrd,2022,0.312
col,sex_f,ocu_isco08_x,mts_details_sep,2007,9.447
col,sex_f,ocu_isco08_x,mts_details_sep,2008,0.628
col,sex_f,ocu_isco08_x,mts_details_sgle,2002,0.76
col,sex_f,ocu_isco08_x,mts_details_sgle,2004,0.889
col,sex_f,ocu_isco08_x,mts_details_sgle,2005,0.206
col,sex_f,ocu_isco08_x,mts_details_sgle,2007,81.352
col,sex_f,ocu_isco08_x,mts_details_sgle,2008,1.103
col,sex_f,ocu_isco08_x,mts_details_sgle,2009,0.345
col,sex_f,ocu_isco08_x,mts_details_sgle,2022,1.167
col,sex_f,ocu_isco08_x,mts_details_total,2002,1.612
col,sex_f,ocu_isco08_x,mts_details_total,2003,0.998
col,sex_f,ocu_isco08_x,mts_details_total,2004,1.676
col,sex_f,ocu_isco08_x,mts_details_total,2005,0.533
col,sex_f,ocu_isco08_x,mts_details_total,2007,328.624
col,sex_f,ocu_isco08_x,mts_details_total,2008,3.719
col,sex_f,ocu_isco08_x,mts_details_total,2009,1.562
col,sex_f,ocu_isco08_x,mts_details_total,2010,0.569
col,sex_f,ocu_isco08_x,mts_details_total,2013,0.153
col,sex_f,ocu_isco08_x,mts_details_total,2014,0
col,sex_f,ocu_isco08_x,mts_details_total,2022,2.749
col,sex_f,ocu_isco08_x,mts_details_union,2007,67.08
col,sex_f,ocu_isco08_x,mts_details_union,2008,0.915
col,sex_f,ocu_isco08_x,mts_details_union,2009,0.745
col,sex_f,ocu_isco08_x,mts_details_wid,2007,124.933
col,sex_f,ocu_isco08_x,mts_details_wid,2008,0.104
col,sex_f,ocu_skill_l1,mts_aggregate_1,2002,229.823
col,sex_f,ocu_skill_l1,mts_aggregate_1,2003,242.771
col,sex_f,ocu_skill_l1,mts_aggregate_1,2004,227.719
col,sex_f,ocu_skill_l1,mts_aggregate_1,2005,232.374
col,sex_f,ocu_skill_l1,mts_aggregate_1,2007,141.397
col,sex_f,ocu_skill_l1,mts_aggregate_1,2008,209.915
col,sex_f,ocu_skill_l1,mts_aggregate_1,2009,220.593
col,sex_f,ocu_skill_l1,mts_aggregate_1,2010,233.239
col,sex_f,ocu_skill_l1,mts_aggregate_1,2011,235.633
col,sex_f,ocu_skill_l1,mts_aggregate_1,2012,239.418
col,sex_f,ocu_skill_l1,mts_aggregate_1,2013,255.197
col,sex_f,ocu_skill_l1,mts_aggregate_1,2014,257.864
col,sex_f,ocu_skill_l1,mts_aggregate_1,2015,266.54
col,sex_f,ocu_skill_l1,mts_aggregate_1,2016,257.96
col,sex_f,ocu_skill_l1,mts_aggregate_1,2017,260.283
col,sex_f,ocu_skill_l1,mts_aggregate_1,2018,269.677
col,sex_f,ocu_skill_l1,mts_aggregate_1,2019,269.646
col,sex_f,ocu_skill_l1,mts_aggregate_1,2021,237.802
col,sex_f,ocu_skill_l1,mts_aggregate_1,2022,618.434
col,sex_f,ocu_skill_l1,mts_aggregate_1,2023,622.617
col,sex_f,ocu_skill_l1,mts_aggregate_1,2024,667.483
col,sex_f,ocu_skill_l1,mts_aggregate_1,2025,673.49
col,sex_f,ocu_skill_l1,mts_aggregate_2,2002,149.833
col,sex_f,ocu_skill_l1,mts_aggregate_2,2003,163.529
col,sex_f,ocu_skill_l1,mts_aggregate_2,2004,148.863
col,sex_f,ocu_skill_l1,mts_aggregate_2,2005,163.042
col,sex_f,ocu_skill_l1,mts_aggregate_2,2007,127.667
col,sex_f,ocu_skill_l1,mts_aggregate_2,2008,167.923
col,sex_f,ocu_skill_l1,mts_aggregate_2,2009,185.464
col,sex_f,ocu_skill_l1,mts_aggregate_2,2010,194.881
col,sex_f,ocu_skill_l1,mts_aggregate_2,2011,186.259
col,sex_f,ocu_skill_l1,mts_aggregate_2,2012,202.58
col,sex_f,ocu_skill_l1,mts_aggregate_2,2013,210.131
col,sex_f,ocu_skill_l1,mts_aggregate_2,2014,228.474
col,sex_f,ocu_skill_l1,mts_aggregate_2,2015,246.599
col,sex_f,ocu_skill_l1,mts_aggregate_2,2016,234.495
col,sex_f,ocu_skill_l1,mts_aggregate_2,2017,232.674
col,sex_f,ocu_skill_l1,mts_aggregate_2,2018,234.505
col,sex_f,ocu_skill_l1,mts_aggregate_2,2019,234.325
col,sex_f,ocu_skill_l1,mts_aggregate_2,2021,215.289
col,sex_f,ocu_skill_l1,mts_aggregate_2,2022,471.51
col,sex_f,ocu_skill_l1,mts_aggregate_2,2023,521.028
col,sex_f,ocu_skill_l1,mts_aggregate_2,2024,510.132
col,sex_f,ocu_skill_l1,mts_aggregate_2,2025,566.12
col,sex_f,ocu_skill_l1,mts_aggregate_total,2002,379.655
col,sex_f,ocu_skill_l1,mts_aggregate_total,2003,406.3
col,sex_f,ocu_skill_l1,mts_aggregate_total,2004,376.582
col,sex_f,ocu_skill_l1,mts_aggregate_total,2005,395.415
col,sex_f,ocu_skill_l1,mts_aggregate_total,2007,269.063
col,sex_f,ocu_skill_l1,mts_aggregate_total,2008,377.838
col,sex_f,ocu_skill_l1,mts_aggregate_total,2009,406.057
col,sex_f,ocu_skill_l1,mts_aggregate_total,2010,428.12
col,sex_f,ocu_skill_l1,mts_aggregate_total,2011,421.892
col,sex_f,ocu_skill_l1,mts_aggregate_total,2012,441.998
col,sex_f,ocu_skill_l1,mts_aggregate_total,2013,465.328
col,sex_f,ocu_skill_l1,mts_aggregate_total,2014,486.338
col,sex_f,ocu_skill_l1,mts_aggregate_total,2015,513.14
col,sex_f,ocu_skill_l1,mts_aggregate_total,2016,492.455
col,sex_f,ocu_skill_l1,mts_aggregate_total,2017,492.957
col,sex_f,ocu_skill_l1,mts_aggregate_total,2018,504.182
col,sex_f,ocu_skill_l1,mts_aggregate_total,2019,503.971
col,sex_f,ocu_skill_l1,mts_aggregate_total,2021,453.091
col,sex_f,ocu_skill_l1,mts_aggregate_total,2022,1089.944
col,sex_f,ocu_skill_l1,mts_aggregate_total,2023,1143.645
col,sex_f,ocu_skill_l1,mts_aggregate_total,2024,1177.615
col,sex_f,ocu_skill_l1,mts_aggregate_total,2025,1239.61
col,sex_f,ocu_skill_l1,mts_details_mrd,2002,62.003
col,sex_f,ocu_skill_l1,mts_details_mrd,2003,71.994
col,sex_f,ocu_skill_l1,mts_details_mrd,2004,63.542
col,sex_f,ocu_skill_l1,mts_details_mrd,2005,62.165
col,sex_f,ocu_skill_l1,mts_details_mrd,2007,54.373
col,sex_f,ocu_skill_l1,mts_details_mrd,2008,60.682
col,sex_f,ocu_skill_l1,mts_details_mrd,2009,66.494
col,sex_f,ocu_skill_l1,mts_details_mrd,2010,61.226
col,sex_f,ocu_skill_l1,mts_details_mrd,2011,60.243
col,sex_f,ocu_skill_l1,mts_details_mrd,2012,63.848
col,sex_f,ocu_skill_l1,mts_details_mrd,2013,64.873
col,sex_f,ocu_skill_l1,mts_details_mrd,2014,70.214
col,sex_f,ocu_skill_l1,mts_details_mrd,2015,79.094
col,sex_f,ocu_skill_l1,mts_details_mrd,2016,65.914
col,sex_f,ocu_skill_l1,mts_details_mrd,2017,67.378
col,sex_f,ocu_skill_l1,mts_details_mrd,2018,67.729
col,sex_f,ocu_skill_l1,mts_details_mrd,2019,67.93
col,sex_f,ocu_skill_l1,mts_details_mrd,2021,50.321
col,sex_f,ocu_skill_l1,mts_details_mrd,2022,110.124
col,sex_f,ocu_skill_l1,mts_details_mrd,2023,119.38
col,sex_f,ocu_skill_l1,mts_details_mrd,2024,119.273
col,sex_f,ocu_skill_l1,mts_details_mrd,2025,120.83
col,sex_f,ocu_skill_l1,mts_details_sep,2002,71.957
col,sex_f,ocu_skill_l1,mts_details_sep,2003,72.762
col,sex_f,ocu_skill_l1,mts_details_sep,2004,76.371
col,sex_f,ocu_skill_l1,mts_details_sep,2005,75.076
col,sex_f,ocu_skill_l1,mts_details_sep,2007,11.133
col,sex_f,ocu_skill_l1,mts_details_sep,2008,75.004
col,sex_f,ocu_skill_l1,mts_details_sep,2009,86.114
col,sex_f,ocu_skill_l1,mts_details_sep,2010,93.966
col,sex_f,ocu_skill_l1,mts_details_sep,2011,98.688
col,sex_f,ocu_skill_l1,mts_details_sep,2012,104.338
col,sex_f,ocu_skill_l1,mts_details_sep,2013,112.405
col,sex_f,ocu_skill_l1,mts_details_sep,2014,121.902
col,sex_f,ocu_skill_l1,mts_details_sep,2015,131.626
col,sex_f,ocu_skill_l1,mts_details_sep,2016,123.931
col,sex_f,ocu_skill_l1,mts_details_sep,2017,122.652
col,sex_f,ocu_skill_l1,mts_details_sep,2018,130.146
col,sex_f,ocu_skill_l1,mts_details_sep,2019,130.196
col,sex_f,ocu_skill_l1,mts_details_sep,2021,108.694
col,sex_f,ocu_skill_l1,mts_details_sep,2022,293.055
col,sex_f,ocu_skill_l1,mts_details_sep,2023,310.209
col,sex_f,ocu_skill_l1,mts_details_sep,2024,343.931
col,sex_f,ocu_skill_l1,mts_details_sep,2025,358.58
col,sex_f,ocu_skill_l1,mts_details_sgle,2002,139.8
col,sex_f,ocu_skill_l1,mts_details_sgle,2003,149.183
col,sex_f,ocu_skill_l1,mts_details_sgle,2004,134.918
col,sex_f,ocu_skill_l1,mts_details_sgle,2005,138.939
col,sex_f,ocu_skill_l1,mts_details_sgle,2007,44.409
col,sex_f,ocu_skill_l1,mts_details_sgle,2008,117.357
col,sex_f,ocu_skill_l1,mts_details_sgle,2009,115.755
col,sex_f,ocu_skill_l1,mts_details_sgle,2010,121.844
col,sex_f,ocu_skill_l1,mts_details_sgle,2011,117.126
col,sex_f,ocu_skill_l1,mts_details_sgle,2012,116.322
col,sex_f,ocu_skill_l1,mts_details_sgle,2013,125.275
col,sex_f,ocu_skill_l1,mts_details_sgle,2014,117.676
col,sex_f,ocu_skill_l1,mts_details_sgle,2015,115.071
col,sex_f,ocu_skill_l1,mts_details_sgle,2016,115.494
col,sex_f,ocu_skill_l1,mts_details_sgle,2017,119.034
col,sex_f,ocu_skill_l1,mts_details_sgle,2018,119.875
col,sex_f,ocu_skill_l1,mts_details_sgle,2019,123.261
col,sex_f,ocu_skill_l1,mts_details_sgle,2021,115.643
col,sex_f,ocu_skill_l1,mts_details_sgle,2022,284.029
col,sex_f,ocu_skill_l1,mts_details_sgle,2023,264.457
col,sex_f,ocu_skill_l1,mts_details_sgle,2024,269.386
col,sex_f,ocu_skill_l1,mts_details_sgle,2025,267.406
col,sex_f,ocu_skill_l1,mts_details_total,2002,379.655
col,sex_f,ocu_skill_l1,mts_details_total,2003,406.3
col,sex_f,ocu_skill_l1,mts_details_total,2004,376.582
col,sex_f,ocu_skill_l1,mts_details_total,2005,395.415
col,sex_f,ocu_skill_l1,mts_details_total,2007,269.063
col,sex_f,ocu_skill_l1,mts_details_total,2008,377.838
col,sex_f,ocu_skill_l1,mts_details_total,2009,406.057
col,sex_f,ocu_skill_l1,mts_details_total,2010,428.12
col,sex_f,ocu_skill_l1,mts_details_total,2011,421.892
col,sex_f,ocu_skill_l1,mts_details_total,2012,441.998
col,sex_f,ocu_skill_l1,mts_details_total,2013,465.328
col,sex_f,ocu_skill_l1,mts_details_total,2014,486.338
col,sex_f,ocu_skill_l1,mts_details_total,2015,513.14
col,sex_f,ocu_skill_l1,mts_details_total,2016,492.455
col,sex_f,ocu_skill_l1,mts_details_total,2017,492.957
col,sex_f,ocu_skill_l1,mts_details_total,2018,504.182
col,sex_f,ocu_skill_l1,mts_details_total,2019,503.971
col,sex_f,ocu_skill_l1,mts_details_total,2021,453.091
col,sex_f,ocu_skill_l1,mts_details_total,2022,1089.944
col,sex_f,ocu_skill_l1,mts_details_total,2023,1143.645
col,sex_f,ocu_skill_l1,mts_details_total,2024,1177.615
col,sex_f,ocu_skill_l1,mts_details_total,2025,1239.61
col,sex_f,ocu_skill_l1,mts_details_union,2002,87.83
col,sex_f,ocu_skill_l1,mts_details_union,2003,91.536
col,sex_f,ocu_skill_l1,mts_details_union,2004,85.321
col,sex_f,ocu_skill_l1,mts_details_union,2005,100.877
col,sex_f,ocu_skill_l1,mts_details_union,2007,73.294
col,sex_f,ocu_skill_l1,mts_details_union,2008,107.241
col,sex_f,ocu_skill_l1,mts_details_union,2009,118.97
col,sex_f,ocu_skill_l1,mts_details_union,2010,133.655
col,sex_f,ocu_skill_l1,mts_details_union,2011,126.017
col,sex_f,ocu_skill_l1,mts_details_union,2012,138.731
col,sex_f,ocu_skill_l1,mts_details_union,2013,145.258
col,sex_f,ocu_skill_l1,mts_details_union,2014,158.261
col,sex_f,ocu_skill_l1,mts_details_union,2015,167.505
col,sex_f,ocu_skill_l1,mts_details_union,2016,168.582
col,sex_f,ocu_skill_l1,mts_details_union,2017,165.296
col,sex_f,ocu_skill_l1,mts_details_union,2018,166.776
col,sex_f,ocu_skill_l1,mts_details_union,2019,166.395
col,sex_f,ocu_skill_l1,mts_details_union,2021,164.968
col,sex_f,ocu_skill_l1,mts_details_union,2022,361.386
col,sex_f,ocu_skill_l1,mts_details_union,2023,401.648
col,sex_f,ocu_skill_l1,mts_details_union,2024,390.859
col,sex_f,ocu_skill_l1,mts_details_union,2025,445.29
col,sex_f,ocu_skill_l1,mts_details_wid,2002,18.066
col,sex_f,ocu_skill_l1,mts_details_wid,2003,20.826
col,sex_f,ocu_skill_l1,mts_details_wid,2004,16.43
col,sex_f,ocu_skill_l1,mts_details_wid,2005,18.358
col,sex_f,ocu_skill_l1,mts_details_wid,2007,85.855
col,sex_f,ocu_skill_l1,mts_details_wid,2008,17.555
col,sex_f,ocu_skill_l1,mts_details_wid,2009,18.724
col,sex_f,ocu_skill_l1,mts_details_wid,2010,17.429
col,sex_f,ocu_skill_l1,mts_details_wid,2011,19.818
col,sex_f,ocu_skill_l1,mts_details_wid,2012,18.758
col,sex_f,ocu_skill_l1,mts_details_wid,2013,17.518
col,sex_f,ocu_skill_l1,mts_details_wid,2014,18.286
col,sex_f,ocu_skill_l1,mts_details_wid,2015,19.843
col,sex_f,ocu_skill_l1,mts_details_wid,2016,18.535
col,sex_f,ocu_skill_l1,mts_details_wid,2017,18.597
col,sex_f,ocu_skill_l1,mts_details_wid,2018,19.656
col,sex_f,ocu_skill_l1,mts_details_wid,2019,16.189
col,sex_f,ocu_skill_l1,mts_details_wid,2021,13.465
col,sex_f,ocu_skill_l1,mts_details_wid,2022,41.35
col,sex_f,ocu_skill_l1,mts_details_wid,2023,47.951
col,sex_f,ocu_skill_l1,mts_details_wid,2024,54.166
col,sex_f,ocu_skill_l1,mts_details_wid,2025,47.504
col,sex_f,ocu_skill_l2,mts_aggregate_1,2002,970.527
col,sex_f,ocu_skill_l2,mts_aggregate_1,2003,1018.513
col,sex_f,ocu_skill_l2,mts_aggregate_1,2004,994.531
col,sex_f,ocu_skill_l2,mts_aggregate_1,2005,1041.025
col,sex_f,ocu_skill_l2,mts_aggregate_1,2007,834.906
col,sex_f,ocu_skill_l2,mts_aggregate_1,2008,974.385
col,sex_f,ocu_skill_l2,mts_aggregate_1,2009,986.338
col,sex_f,ocu_skill_l2,mts_aggregate_1,2010,979.094
col,sex_f,ocu_skill_l2,mts_aggregate_1,2011,1014.538
col,sex_f,ocu_skill_l2,mts_aggregate_1,2012,1034.633
col,sex_f,ocu_skill_l2,mts_aggregate_1,2013,1046.239
col,sex_f,ocu_skill_l2,mts_aggregate_1,2014,1100.206
col,sex_f,ocu_skill_l2,mts_aggregate_1,2015,1120.768
col,sex_f,ocu_skill_l2,mts_aggregate_1,2016,1117.187
col,sex_f,ocu_skill_l2,mts_aggregate_1,2017,1110.857
col,sex_f,ocu_skill_l2,mts_aggregate_1,2018,1113.854
col,sex_f,ocu_skill_l2,mts_aggregate_1,2019,1129.835
col,sex_f,ocu_skill_l2,mts_aggregate_1,2021,1043.603
col,sex_f,ocu_skill_l2,mts_aggregate_1,2022,1248.065
col,sex_f,ocu_skill_l2,mts_aggregate_1,2023,1343.898
col,sex_f,ocu_skill_l2,mts_aggregate_1,2024,1400.711
col,sex_f,ocu_skill_l2,mts_aggregate_1,2025,1484.072
col,sex_f,ocu_skill_l2,mts_aggregate_2,2002,654.195
col,sex_f,ocu_skill_l2,mts_aggregate_2,2003,678.373
col,sex_f,ocu_skill_l2,mts_aggregate_2,2004,697.5
col,sex_f,ocu_skill_l2,mts_aggregate_2,2005,731.183
col,sex_f,ocu_skill_l2,mts_aggregate_2,2007,569.361
col,sex_f,ocu_skill_l2,mts_aggregate_2,2008,763.318
col,sex_f,ocu_skill_l2,mts_aggregate_2,2009,802.221
col,sex_f,ocu_skill_l2,mts_aggregate_2,2010,781.727
col,sex_f,ocu_skill_l2,mts_aggregate_2,2011,806.563
col,sex_f,ocu_skill_l2,mts_aggregate_2,2012,845.3
col,sex_f,ocu_skill_l2,mts_aggregate_2,2013,900.185
col,sex_f,ocu_skill_l2,mts_aggregate_2,2014,941.974
col,sex_f,ocu_skill_l2,mts_aggregate_2,2015,966.786
col,sex_f,ocu_skill_l2,mts_aggregate_2,2016,982.021
col,sex_f,ocu_skill_l2,mts_aggregate_2,2017,993.215
col,sex_f,ocu_skill_l2,mts_aggregate_2,2018,995.432
col,sex_f,ocu_skill_l2,mts_aggregate_2,2019,1020.741
col,sex_f,ocu_skill_l2,mts_aggregate_2,2021,905.825
col,sex_f,ocu_skill_l2,mts_aggregate_2,2022,1056.163
col,sex_f,ocu_skill_l2,mts_aggregate_2,2023,1102.775
col,sex_f,ocu_skill_l2,mts_aggregate_2,2024,1171.745
col,sex_f,ocu_skill_l2,mts_aggregate_2,2025,1218.336
col,sex_f,ocu_skill_l2,mts_aggregate_total,2002,1624.721
col,sex_f,ocu_skill_l2,mts_aggregate_total,2003,1696.885
col,sex_f,ocu_skill_l2,mts_aggregate_total,2004,1692.03
col,sex_f,ocu_skill_l2,mts_aggregate_total,2005,1772.208
col,sex_f,ocu_skill_l2,mts_aggregate_total,2007,1404.267
col,sex_f,ocu_skill_l2,mts_aggregate_total,2008,1737.703
col,sex_f,ocu_skill_l2,mts_aggregate_total,2009,1788.559
col,sex_f,ocu_skill_l2,mts_aggregate_total,2010,1760.821
col,sex_f,ocu_skill_l2,mts_aggregate_total,2011,1821.101
col,sex_f,ocu_skill_l2,mts_aggregate_total,2012,1879.932
col,sex_f,ocu_skill_l2,mts_aggregate_total,2013,1946.424
col,sex_f,ocu_skill_l2,mts_aggregate_total,2014,2042.18
col,sex_f,ocu_skill_l2,mts_aggregate_total,2015,2087.553
col,sex_f,ocu_skill_l2,mts_aggregate_total,2016,2099.208
col,sex_f,ocu_skill_l2,mts_aggregate_total,2017,2104.072
col,sex_f,ocu_skill_l2,mts_aggregate_total,2018,2109.286
col,sex_f,ocu_skill_l2,mts_aggregate_total,2019,2150.576
col,sex_f,ocu_skill_l2,mts_aggregate_total,2021,1949.428
col,sex_f,ocu_skill_l2,mts_aggregate_total,2022,2304.229
col,sex_f,ocu_skill_l2,mts_aggregate_total,2023,2446.673
col,sex_f,ocu_skill_l2,mts_aggregate_total,2024,2572.455
col,sex_f,ocu_skill_l2,mts_aggregate_total,2025,2702.409
col,sex_f,ocu_skill_l2,mts_details_mrd,2002,337.099
col,sex_f,ocu_skill_l2,mts_details_mrd,2003,332.606
col,sex_f,ocu_skill_l2,mts_details_mrd,2004,340.578
col,sex_f,ocu_skill_l2,mts_details_mrd,2005,338.191
col,sex_f,ocu_skill_l2,mts_details_mrd,2007,237.582
col,sex_f,ocu_skill_l2,mts_details_mrd,2008,340.523
col,sex_f,ocu_skill_l2,mts_details_mrd,2009,347.877
col,sex_f,ocu_skill_l2,mts_details_mrd,2010,318.794
col,sex_f,ocu_skill_l2,mts_details_mrd,2011,330.671
col,sex_f,ocu_skill_l2,mts_details_mrd,2012,329.877
col,sex_f,ocu_skill_l2,mts_details_mrd,2013,352.467
col,sex_f,ocu_skill_l2,mts_details_mrd,2014,344.013
col,sex_f,ocu_skill_l2,mts_details_mrd,2015,362.006
col,sex_f,ocu_skill_l2,mts_details_mrd,2016,357.254
col,sex_f,ocu_skill_l2,mts_details_mrd,2017,344.398
col,sex_f,ocu_skill_l2,mts_details_mrd,2018,340.881
col,sex_f,ocu_skill_l2,mts_details_mrd,2019,343.034
col,sex_f,ocu_skill_l2,mts_details_mrd,2021,295.256
col,sex_f,ocu_skill_l2,mts_details_mrd,2022,329.479
col,sex_f,ocu_skill_l2,mts_details_mrd,2023,320.785
col,sex_f,ocu_skill_l2,mts_details_mrd,2024,351.004
col,sex_f,ocu_skill_l2,mts_details_mrd,2025,337.579
col,sex_f,ocu_skill_l2,mts_details_sep,2002,263.203
col,sex_f,ocu_skill_l2,mts_details_sep,2003,271.843
col,sex_f,ocu_skill_l2,mts_details_sep,2004,283.178
col,sex_f,ocu_skill_l2,mts_details_sep,2005,294.406
col,sex_f,ocu_skill_l2,mts_details_sep,2007,52.859
col,sex_f,ocu_skill_l2,mts_details_sep,2008,329.242
col,sex_f,ocu_skill_l2,mts_details_sep,2009,341.595
col,sex_f,ocu_skill_l2,mts_details_sep,2010,350.208
col,sex_f,ocu_skill_l2,mts_details_sep,2011,375.399
col,sex_f,ocu_skill_l2,mts_details_sep,2012,385.217
col,sex_f,ocu_skill_l2,mts_details_sep,2013,415.534
col,sex_f,ocu_skill_l2,mts_details_sep,2014,434.106
col,sex_f,ocu_skill_l2,mts_details_sep,2015,464.051
col,sex_f,ocu_skill_l2,mts_details_sep,2016,467.119
col,sex_f,ocu_skill_l2,mts_details_sep,2017,467.122
col,sex_f,ocu_skill_l2,mts_details_sep,2018,475.416
col,sex_f,ocu_skill_l2,mts_details_sep,2019,470.052
col,sex_f,ocu_skill_l2,mts_details_sep,2021,405.318
col,sex_f,ocu_skill_l2,mts_details_sep,2022,390.822
col,sex_f,ocu_skill_l2,mts_details_sep,2023,465.233
col,sex_f,ocu_skill_l2,mts_details_sep,2024,502.152
col,sex_f,ocu_skill_l2,mts_details_sep,2025,547.798
col,sex_f,ocu_skill_l2,mts_details_sgle,2002,641.14
col,sex_f,ocu_skill_l2,mts_details_sgle,2003,672.545
col,sex_f,ocu_skill_l2,mts_details_sgle,2004,647.669
col,sex_f,ocu_skill_l2,mts_details_sgle,2005,675.109
col,sex_f,ocu_skill_l2,mts_details_sgle,2007,285.286
col,sex_f,ocu_skill_l2,mts_details_sgle,2008,589.555
col,sex_f,ocu_skill_l2,mts_details_sgle,2009,580.188
col,sex_f,ocu_skill_l2,mts_details_sgle,2010,571.451
col,sex_f,ocu_skill_l2,mts_details_sgle,2011,581.458
col,sex_f,ocu_skill_l2,mts_details_sgle,2012,581.642
col,sex_f,ocu_skill_l2,mts_details_sgle,2013,571.922
col,sex_f,ocu_skill_l2,mts_details_sgle,2014,602.051
col,sex_f,ocu_skill_l2,mts_details_sgle,2015,595.365
col,sex_f,ocu_skill_l2,mts_details_sgle,2016,590.31
col,sex_f,ocu_skill_l2,mts_details_sgle,2017,582.591
col,sex_f,ocu_skill_l2,mts_details_sgle,2018,585.002
col,sex_f,ocu_skill_l2,mts_details_sgle,2019,600.086
col,sex_f,ocu_skill_l2,mts_details_sgle,2021,590.03
col,sex_f,ocu_skill_l2,mts_details_sgle,2022,811.439
col,sex_f,ocu_skill_l2,mts_details_sgle,2023,832.703
col,sex_f,ocu_skill_l2,mts_details_sgle,2024,851.46
col,sex_f,ocu_skill_l2,mts_details_sgle,2025,889.017
col,sex_f,ocu_skill_l2,mts_details_total,2002,1624.721
col,sex_f,ocu_skill_l2,mts_details_total,2003,1696.885
col,sex_f,ocu_skill_l2,mts_details_total,2004,1692.03
col,sex_f,ocu_skill_l2,mts_details_total,2005,1772.208
col,sex_f,ocu_skill_l2,mts_details_total,2007,1404.267
col,sex_f,ocu_skill_l2,mts_details_total,2008,1737.703
col,sex_f,ocu_skill_l2,mts_details_total,2009,1788.559
col,sex_f,ocu_skill_l2,mts_details_total,2010,1760.821
col,sex_f,ocu_skill_l2,mts_details_total,2011,1821.101
col,sex_f,ocu_skill_l2,mts_details_total,2012,1879.932
col,sex_f,ocu_skill_l2,mts_details_total,2013,1946.424
col,sex_f,ocu_skill_l2,mts_details_total,2014,2042.18
col,sex_f,ocu_skill_l2,mts_details_total,2015,2087.553
col,sex_f,ocu_skill_l2,mts_details_total,2016,2099.208
col,sex_f,ocu_skill_l2,mts_details_total,2017,2104.072
col,sex_f,ocu_skill_l2,mts_details_total,2018,2109.286
col,sex_f,ocu_skill_l2,mts_details_total,2019,2150.576
col,sex_f,ocu_skill_l2,mts_details_total,2021,1949.428
col,sex_f,ocu_skill_l2,mts_details_total,2022,2304.229
col,sex_f,ocu_skill_l2,mts_details_total,2023,2446.673
col,sex_f,ocu_skill_l2,mts_details_total,2024,2572.455
col,sex_f,ocu_skill_l2,mts_details_total,2025,2702.409
col,sex_f,ocu_skill_l2,mts_details_union,2002,317.095
col,sex_f,ocu_skill_l2,mts_details_union,2003,345.766
col,sex_f,ocu_skill_l2,mts_details_union,2004,356.921
col,sex_f,ocu_skill_l2,mts_details_union,2005,392.992
col,sex_f,ocu_skill_l2,mts_details_union,2007,331.779
col,sex_f,ocu_skill_l2,mts_details_union,2008,422.795
col,sex_f,ocu_skill_l2,mts_details_union,2009,454.344
col,sex_f,ocu_skill_l2,mts_details_union,2010,462.933
col,sex_f,ocu_skill_l2,mts_details_union,2011,475.892
col,sex_f,ocu_skill_l2,mts_details_union,2012,515.422
col,sex_f,ocu_skill_l2,mts_details_union,2013,547.717
col,sex_f,ocu_skill_l2,mts_details_union,2014,597.961
col,sex_f,ocu_skill_l2,mts_details_union,2015,604.78
col,sex_f,ocu_skill_l2,mts_details_union,2016,624.768
col,sex_f,ocu_skill_l2,mts_details_union,2017,648.817
col,sex_f,ocu_skill_l2,mts_details_union,2018,654.551
col,sex_f,ocu_skill_l2,mts_details_union,2019,677.707
col,sex_f,ocu_skill_l2,mts_details_union,2021,610.568
col,sex_f,ocu_skill_l2,mts_details_union,2022,726.684
col,sex_f,ocu_skill_l2,mts_details_union,2023,781.99
col,sex_f,ocu_skill_l2,mts_details_union,2024,820.74
col,sex_f,ocu_skill_l2,mts_details_union,2025,880.758
col,sex_f,ocu_skill_l2,mts_details_wid,2002,66.184
col,sex_f,ocu_skill_l2,mts_details_wid,2003,74.125
col,sex_f,ocu_skill_l2,mts_details_wid,2004,63.684
col,sex_f,ocu_skill_l2,mts_details_wid,2005,71.51
col,sex_f,ocu_skill_l2,mts_details_wid,2007,496.761
col,sex_f,ocu_skill_l2,mts_details_wid,2008,55.588
col,sex_f,ocu_skill_l2,mts_details_wid,2009,64.556
col,sex_f,ocu_skill_l2,mts_details_wid,2010,57.435
col,sex_f,ocu_skill_l2,mts_details_wid,2011,57.681
col,sex_f,ocu_skill_l2,mts_details_wid,2012,67.773
col,sex_f,ocu_skill_l2,mts_details_wid,2013,58.783
col,sex_f,ocu_skill_l2,mts_details_wid,2014,64.048
col,sex_f,ocu_skill_l2,mts_details_wid,2015,61.352
col,sex_f,ocu_skill_l2,mts_details_wid,2016,59.758
col,sex_f,ocu_skill_l2,mts_details_wid,2017,61.143
col,sex_f,ocu_skill_l2,mts_details_wid,2018,53.436
col,sex_f,ocu_skill_l2,mts_details_wid,2019,59.697
col,sex_f,ocu_skill_l2,mts_details_wid,2021,48.256
col,sex_f,ocu_skill_l2,mts_details_wid,2022,45.804
col,sex_f,ocu_skill_l2,mts_details_wid,2023,45.962
col,sex_f,ocu_skill_l2,mts_details_wid,2024,47.099
col,sex_f,ocu_skill_l2,mts_details_wid,2025,47.258
col,sex_f,ocu_skill_l3_4,mts_aggregate_1,2002,592.359
col,sex_f,ocu_skill_l3_4,mts_aggregate_1,2003,629.822
col,sex_f,ocu_skill_l3_4,mts_aggregate_1,2004,636.758
col,sex_f,ocu_skill_l3_4,mts_aggregate_1,2005,683.769
col,sex_f,ocu_skill_l3_4,mts_aggregate_1,2007,1035.627
col,sex_f,ocu_skill_l3_4,mts_aggregate_1,2008,735.114
col,sex_f,ocu_skill_l3_4,mts_aggregate_1,2009,708.862
col,sex_f,ocu_skill_l3_4,mts_aggregate_1,2010,734.375
col,sex_f,ocu_skill_l3_4,mts_aggregate_1,2011,747.602
col,sex_f,ocu_skill_l3_4,mts_aggregate_1,2012,778.533
col,sex_f,ocu_skill_l3_4,mts_aggregate_1,2013,832.496
col,sex_f,ocu_skill_l3_4,mts_aggregate_1,2014,880.236
col,sex_f,ocu_skill_l3_4,mts_aggregate_1,2015,922.613
col,sex_f,ocu_skill_l3_4,mts_aggregate_1,2016,951.749
col,sex_f,ocu_skill_l3_4,mts_aggregate_1,2017,951.508
col,sex_f,ocu_skill_l3_4,mts_aggregate_1,2018,931.339
col,sex_f,ocu_skill_l3_4,mts_aggregate_1,2019,957.189
col,sex_f,ocu_skill_l3_4,mts_aggregate_1,2021,908.358
col,sex_f,ocu_skill_l3_4,mts_aggregate_1,2022,772.968
col,sex_f,ocu_skill_l3_4,mts_aggregate_1,2023,825.955
col,sex_f,ocu_skill_l3_4,mts_aggregate_1,2024,821.661
col,sex_f,ocu_skill_l3_4,mts_aggregate_1,2025,862.551
col,sex_f,ocu_skill_l3_4,mts_aggregate_2,2002,577.622
col,sex_f,ocu_skill_l3_4,mts_aggregate_2,2003,574.919
col,sex_f,ocu_skill_l3_4,mts_aggregate_2,2004,582.334
col,sex_f,ocu_skill_l3_4,mts_aggregate_2,2005,616.06
col,sex_f,ocu_skill_l3_4,mts_aggregate_2,2007,612.631
col,sex_f,ocu_skill_l3_4,mts_aggregate_2,2008,635.612
col,sex_f,ocu_skill_l3_4,mts_aggregate_2,2009,649.992
col,sex_f,ocu_skill_l3_4,mts_aggregate_2,2010,665.387
col,sex_f,ocu_skill_l3_4,mts_aggregate_2,2011,662.901
col,sex_f,ocu_skill_l3_4,mts_aggregate_2,2012,713.855
col,sex_f,ocu_skill_l3_4,mts_aggregate_2,2013,744.23
col,sex_f,ocu_skill_l3_4,mts_aggregate_2,2014,799.617
col,sex_f,ocu_skill_l3_4,mts_aggregate_2,2015,834.964
col,sex_f,ocu_skill_l3_4,mts_aggregate_2,2016,843.984
col,sex_f,ocu_skill_l3_4,mts_aggregate_2,2017,878.079
col,sex_f,ocu_skill_l3_4,mts_aggregate_2,2018,885.846
col,sex_f,ocu_skill_l3_4,mts_aggregate_2,2019,888.93
col,sex_f,ocu_skill_l3_4,mts_aggregate_2,2021,842.539
col,sex_f,ocu_skill_l3_4,mts_aggregate_2,2022,893.117
col,sex_f,ocu_skill_l3_4,mts_aggregate_2,2023,940.835
col,sex_f,ocu_skill_l3_4,mts_aggregate_2,2024,880.607
col,sex_f,ocu_skill_l3_4,mts_aggregate_2,2025,915.814
col,sex_f,ocu_skill_l3_4,mts_aggregate_total,2002,1169.981
col,sex_f,ocu_skill_l3_4,mts_aggregate_total,2003,1204.741
col,sex_f,ocu_skill_l3_4,mts_aggregate_total,2004,1219.092
col,sex_f,ocu_skill_l3_4,mts_aggregate_total,2005,1299.829
col,sex_f,ocu_skill_l3_4,mts_aggregate_total,2007,1648.258
col,sex_f,ocu_skill_l3_4,mts_aggregate_total,2008,1370.726
col,sex_f,ocu_skill_l3_4,mts_aggregate_total,2009,1358.854
col,sex_f,ocu_skill_l3_4,mts_aggregate_total,2010,1399.762
col,sex_f,ocu_skill_l3_4,mts_aggregate_total,2011,1410.503
col,sex_f,ocu_skill_l3_4,mts_aggregate_total,2012,1492.389
col,sex_f,ocu_skill_l3_4,mts_aggregate_total,2013,1576.725
col,sex_f,ocu_skill_l3_4,mts_aggregate_total,2014,1679.853
col,sex_f,ocu_skill_l3_4,mts_aggregate_total,2015,1757.577
col,sex_f,ocu_skill_l3_4,mts_aggregate_total,2016,1795.732
col,sex_f,ocu_skill_l3_4,mts_aggregate_total,2017,1829.587
col,sex_f,ocu_skill_l3_4,mts_aggregate_total,2018,1817.185
col,sex_f,ocu_skill_l3_4,mts_aggregate_total,2019,1846.119
col,sex_f,ocu_skill_l3_4,mts_aggregate_total,2021,1750.897
col,sex_f,ocu_skill_l3_4,mts_aggregate_total,2022,1666.085
col,sex_f,ocu_skill_l3_4,mts_aggregate_total,2023,1766.79
col,sex_f,ocu_skill_l3_4,mts_aggregate_total,2024,1702.268
col,sex_f,ocu_skill_l3_4,mts_aggregate_total,2025,1778.365
col,sex_f,ocu_skill_l3_4,mts_details_mrd,2002,381.698
col,sex_f,ocu_skill_l3_4,mts_details_mrd,2003,378.358
col,sex_f,ocu_skill_l3_4,mts_details_mrd,2004,387.778
col,sex_f,ocu_skill_l3_4,mts_details_mrd,2005,380.236
col,sex_f,ocu_skill_l3_4,mts_details_mrd,2007,257.769
col,sex_f,ocu_skill_l3_4,mts_details_mrd,2008,376.154
col,sex_f,ocu_skill_l3_4,mts_details_mrd,2009,371.772
col,sex_f,ocu_skill_l3_4,mts_details_mrd,2010,375.559
col,sex_f,ocu_skill_l3_4,mts_details_mrd,2011,364.191
col,sex_f,ocu_skill_l3_4,mts_details_mrd,2012,361.309
col,sex_f,ocu_skill_l3_4,mts_details_mrd,2013,377.982
col,sex_f,ocu_skill_l3_4,mts_details_mrd,2014,405.843
col,sex_f,ocu_skill_l3_4,mts_details_mrd,2015,401.012
col,sex_f,ocu_skill_l3_4,mts_details_mrd,2016,396.009
col,sex_f,ocu_skill_l3_4,mts_details_mrd,2017,409.704
col,sex_f,ocu_skill_l3_4,mts_details_mrd,2018,406.073
col,sex_f,ocu_skill_l3_4,mts_details_mrd,2019,408.139
col,sex_f,ocu_skill_l3_4,mts_details_mrd,2021,371.118
col,sex_f,ocu_skill_l3_4,mts_details_mrd,2022,475.115
col,sex_f,ocu_skill_l3_4,mts_details_mrd,2023,500.696
col,sex_f,ocu_skill_l3_4,mts_details_mrd,2024,456.812
col,sex_f,ocu_skill_l3_4,mts_details_mrd,2025,449.753
col,sex_f,ocu_skill_l3_4,mts_details_sep,2002,163.439
col,sex_f,ocu_skill_l3_4,mts_details_sep,2003,163.472
col,sex_f,ocu_skill_l3_4,mts_details_sep,2004,162.496
col,sex_f,ocu_skill_l3_4,mts_details_sep,2005,176.73
col,sex_f,ocu_skill_l3_4,mts_details_sep,2007,46.846
col,sex_f,ocu_skill_l3_4,mts_details_sep,2008,206.506
col,sex_f,ocu_skill_l3_4,mts_details_sep,2009,202.407
col,sex_f,ocu_skill_l3_4,mts_details_sep,2010,217.769
col,sex_f,ocu_skill_l3_4,mts_details_sep,2011,225.559
col,sex_f,ocu_skill_l3_4,mts_details_sep,2012,237.918
col,sex_f,ocu_skill_l3_4,mts_details_sep,2013,267.366
col,sex_f,ocu_skill_l3_4,mts_details_sep,2014,302.089
col,sex_f,ocu_skill_l3_4,mts_details_sep,2015,308.894
col,sex_f,ocu_skill_l3_4,mts_details_sep,2016,331.742
col,sex_f,ocu_skill_l3_4,mts_details_sep,2017,325.705
col,sex_f,ocu_skill_l3_4,mts_details_sep,2018,323.494
col,sex_f,ocu_skill_l3_4,mts_details_sep,2019,342.868
col,sex_f,ocu_skill_l3_4,mts_details_sep,2021,294.102
col,sex_f,ocu_skill_l3_4,mts_details_sep,2022,204.891
col,sex_f,ocu_skill_l3_4,mts_details_sep,2023,241.146
col,sex_f,ocu_skill_l3_4,mts_details_sep,2024,231.375
col,sex_f,ocu_skill_l3_4,mts_details_sep,2025,256.492
col,sex_f,ocu_skill_l3_4,mts_details_sgle,2002,398.59
col,sex_f,ocu_skill_l3_4,mts_details_sgle,2003,437.178
col,sex_f,ocu_skill_l3_4,mts_details_sgle,2004,445.764
col,sex_f,ocu_skill_l3_4,mts_details_sgle,2005,474.757
col,sex_f,ocu_skill_l3_4,mts_details_sgle,2007,408.224
col,sex_f,ocu_skill_l3_4,mts_details_sgle,2008,495.942
col,sex_f,ocu_skill_l3_4,mts_details_sgle,2009,476.319
col,sex_f,ocu_skill_l3_4,mts_details_sgle,2010,490.148
col,sex_f,ocu_skill_l3_4,mts_details_sgle,2011,491.758
col,sex_f,ocu_skill_l3_4,mts_details_sgle,2012,509.792
col,sex_f,ocu_skill_l3_4,mts_details_sgle,2013,529.85
col,sex_f,ocu_skill_l3_4,mts_details_sgle,2014,546.419
col,sex_f,ocu_skill_l3_4,mts_details_sgle,2015,578.867
col,sex_f,ocu_skill_l3_4,mts_details_sgle,2016,583.264
col,sex_f,ocu_skill_l3_4,mts_details_sgle,2017,595.885
col,sex_f,ocu_skill_l3_4,mts_details_sgle,2018,576.478
col,sex_f,ocu_skill_l3_4,mts_details_sgle,2019,582.077
col,sex_f,ocu_skill_l3_4,mts_details_sgle,2021,584.102
col,sex_f,ocu_skill_l3_4,mts_details_sgle,2022,542.804
col,sex_f,ocu_skill_l3_4,mts_details_sgle,2023,557.826
col,sex_f,ocu_skill_l3_4,mts_details_sgle,2024,562.93
col,sex_f,ocu_skill_l3_4,mts_details_sgle,2025,585.17
col,sex_f,ocu_skill_l3_4,mts_details_total,2002,1169.981
col,sex_f,ocu_skill_l3_4,mts_details_total,2003,1204.741
col,sex_f,ocu_skill_l3_4,mts_details_total,2004,1219.092
col,sex_f,ocu_skill_l3_4,mts_details_total,2005,1299.829
col,sex_f,ocu_skill_l3_4,mts_details_total,2007,1648.258
col,sex_f,ocu_skill_l3_4,mts_details_total,2008,1370.726
col,sex_f,ocu_skill_l3_4,mts_details_total,2009,1358.854
col,sex_f,ocu_skill_l3_4,mts_details_total,2010,1399.762
col,sex_f,ocu_skill_l3_4,mts_details_total,2011,1410.503
col,sex_f,ocu_skill_l3_4,mts_details_total,2012,1492.389
col,sex_f,ocu_skill_l3_4,mts_details_total,2013,1576.725
col,sex_f,ocu_skill_l3_4,mts_details_total,2014,1679.853
col,sex_f,ocu_skill_l3_4,mts_details_total,2015,1757.577
col,sex_f,ocu_skill_l3_4,mts_details_total,2016,1795.732
col,sex_f,ocu_skill_l3_4,mts_details_total,2017,1829.587
col,sex_f,ocu_skill_l3_4,mts_details_total,2018,1817.185
col,sex_f,ocu_skill_l3_4,mts_details_total,2019,1846.119
col,sex_f,ocu_skill_l3_4,mts_details_total,2021,1750.897
col,sex_f,ocu_skill_l3_4,mts_details_total,2022,1666.085
col,sex_f,ocu_skill_l3_4,mts_details_total,2023,1766.79
col,sex_f,ocu_skill_l3_4,mts_details_total,2024,1702.268
col,sex_f,ocu_skill_l3_4,mts_details_total,2025,1778.365
col,sex_f,ocu_skill_l3_4,mts_details_union,2002,195.924
col,sex_f,ocu_skill_l3_4,mts_details_union,2003,196.561
col,sex_f,ocu_skill_l3_4,mts_details_union,2004,194.555
col,sex_f,ocu_skill_l3_4,mts_details_union,2005,235.824
col,sex_f,ocu_skill_l3_4,mts_details_union,2007,354.862
col,sex_f,ocu_skill_l3_4,mts_details_union,2008,259.458
col,sex_f,ocu_skill_l3_4,mts_details_union,2009,278.22
col,sex_f,ocu_skill_l3_4,mts_details_union,2010,289.828
col,sex_f,ocu_skill_l3_4,mts_details_union,2011,298.71
col,sex_f,ocu_skill_l3_4,mts_details_union,2012,352.546
col,sex_f,ocu_skill_l3_4,mts_details_union,2013,366.248
col,sex_f,ocu_skill_l3_4,mts_details_union,2014,393.774
col,sex_f,ocu_skill_l3_4,mts_details_union,2015,433.952
col,sex_f,ocu_skill_l3_4,mts_details_union,2016,447.974
col,sex_f,ocu_skill_l3_4,mts_details_union,2017,468.375
col,sex_f,ocu_skill_l3_4,mts_details_union,2018,479.773
col,sex_f,ocu_skill_l3_4,mts_details_union,2019,480.791
col,sex_f,ocu_skill_l3_4,mts_details_union,2021,471.421
col,sex_f,ocu_skill_l3_4,mts_details_union,2022,418.002
col,sex_f,ocu_skill_l3_4,mts_details_union,2023,440.139
col,sex_f,ocu_skill_l3_4,mts_details_union,2024,423.795
col,sex_f,ocu_skill_l3_4,mts_details_union,2025,466.061
col,sex_f,ocu_skill_l3_4,mts_details_wid,2002,30.33
col,sex_f,ocu_skill_l3_4,mts_details_wid,2003,29.172
col,sex_f,ocu_skill_l3_4,mts_details_wid,2004,28.498
col,sex_f,ocu_skill_l3_4,mts_details_wid,2005,32.282
col,sex_f,ocu_skill_l3_4,mts_details_wid,2007,580.557
col,sex_f,ocu_skill_l3_4,mts_details_wid,2008,32.666
col,sex_f,ocu_skill_l3_4,mts_details_wid,2009,30.136
col,sex_f,ocu_skill_l3_4,mts_details_wid,2010,26.458
col,sex_f,ocu_skill_l3_4,mts_details_wid,2011,30.285
col,sex_f,ocu_skill_l3_4,mts_details_wid,2012,30.824
col,sex_f,ocu_skill_l3_4,mts_details_wid,2013,35.28
col,sex_f,ocu_skill_l3_4,mts_details_wid,2014,31.729
col,sex_f,ocu_skill_l3_4,mts_details_wid,2015,34.852
col,sex_f,ocu_skill_l3_4,mts_details_wid,2016,36.743
col,sex_f,ocu_skill_l3_4,mts_details_wid,2017,29.918
col,sex_f,ocu_skill_l3_4,mts_details_wid,2018,31.366
col,sex_f,ocu_skill_l3_4,mts_details_wid,2019,32.245
col,sex_f,ocu_skill_l3_4,mts_details_wid,2021,30.154
col,sex_f,ocu_skill_l3_4,mts_details_wid,2022,25.274
col,sex_f,ocu_skill_l3_4,mts_details_wid,2023,26.982
col,sex_f,ocu_skill_l3_4,mts_details_wid,2024,27.356
col,sex_f,ocu_skill_l3_4,mts_details_wid,2025,20.889
col,sex_f,ocu_skill_total,mts_aggregate_1,2002,1793.681
col,sex_f,ocu_skill_total,mts_aggregate_1,2003,1891.707
col,sex_f,ocu_skill_total,mts_aggregate_1,2004,1860.129
col,sex_f,ocu_skill_total,mts_aggregate_1,2005,1957.533
col,sex_f,ocu_skill_total,mts_aggregate_1,2007,2227.662
col,sex_f,ocu_skill_total,mts_aggregate_1,2008,1921.249
col,sex_f,ocu_skill_total,mts_aggregate_1,2009,1916.334
col,sex_f,ocu_skill_total,mts_aggregate_1,2010,1947.003
col,sex_f,ocu_skill_total,mts_aggregate_1,2011,1997.901
col,sex_f,ocu_skill_total,mts_aggregate_1,2012,2052.59
col,sex_f,ocu_skill_total,mts_aggregate_1,2013,2133.932
col,sex_f,ocu_skill_total,mts_aggregate_1,2014,2238.306
col,sex_f,ocu_skill_total,mts_aggregate_1,2015,2310.081
col,sex_f,ocu_skill_total,mts_aggregate_1,2016,2326.911
col,sex_f,ocu_skill_total,mts_aggregate_1,2017,2322.837
col,sex_f,ocu_skill_total,mts_aggregate_1,2018,2314.87
col,sex_f,ocu_skill_total,mts_aggregate_1,2019,2356.67
col,sex_f,ocu_skill_total,mts_aggregate_1,2021,2189.951
col,sex_f,ocu_skill_total,mts_aggregate_1,2022,2641.939
col,sex_f,ocu_skill_total,mts_aggregate_1,2023,2792.7
col,sex_f,ocu_skill_total,mts_aggregate_1,2024,2890.416
col,sex_f,ocu_skill_total,mts_aggregate_1,2025,3021.589
col,sex_f,ocu_skill_total,mts_aggregate_2,2002,1382.289
col,sex_f,ocu_skill_total,mts_aggregate_2,2003,1417.217
col,sex_f,ocu_skill_total,mts_aggregate_2,2004,1429.251
col,sex_f,ocu_skill_total,mts_aggregate_2,2005,1510.451
col,sex_f,ocu_skill_total,mts_aggregate_2,2007,1422.551
col,sex_f,ocu_skill_total,mts_aggregate_2,2008,1568.736
col,sex_f,ocu_skill_total,mts_aggregate_2,2009,1638.697
col,sex_f,ocu_skill_total,mts_aggregate_2,2010,1642.27
col,sex_f,ocu_skill_total,mts_aggregate_2,2011,1655.968
col,sex_f,ocu_skill_total,mts_aggregate_2,2012,1761.758
col,sex_f,ocu_skill_total,mts_aggregate_2,2013,1854.698
col,sex_f,ocu_skill_total,mts_aggregate_2,2014,1970.065
col,sex_f,ocu_skill_total,mts_aggregate_2,2015,2048.385
col,sex_f,ocu_skill_total,mts_aggregate_2,2016,2060.848
col,sex_f,ocu_skill_total,mts_aggregate_2,2017,2104.129
col,sex_f,ocu_skill_total,mts_aggregate_2,2018,2115.782
col,sex_f,ocu_skill_total,mts_aggregate_2,2019,2143.996
col,sex_f,ocu_skill_total,mts_aggregate_2,2021,1963.653
col,sex_f,ocu_skill_total,mts_aggregate_2,2022,2422.426
col,sex_f,ocu_skill_total,mts_aggregate_2,2023,2565.174
col,sex_f,ocu_skill_total,mts_aggregate_2,2024,2563.295
col,sex_f,ocu_skill_total,mts_aggregate_2,2025,2700.877
col,sex_f,ocu_skill_total,mts_aggregate_total,2002,3175.969
col,sex_f,ocu_skill_total,mts_aggregate_total,2003,3308.924
col,sex_f,ocu_skill_total,mts_aggregate_total,2004,3289.38
col,sex_f,ocu_skill_total,mts_aggregate_total,2005,3467.984
col,sex_f,ocu_skill_total,mts_aggregate_total,2007,3650.213
col,sex_f,ocu_skill_total,mts_aggregate_total,2008,3489.986
col,sex_f,ocu_skill_total,mts_aggregate_total,2009,3555.032
col,sex_f,ocu_skill_total,mts_aggregate_total,2010,3589.272
col,sex_f,ocu_skill_total,mts_aggregate_total,2011,3653.87
col,sex_f,ocu_skill_total,mts_aggregate_total,2012,3814.348
col,sex_f,ocu_skill_total,mts_aggregate_total,2013,3988.63
col,sex_f,ocu_skill_total,mts_aggregate_total,2014,4208.371
col,sex_f,ocu_skill_total,mts_aggregate_total,2015,4358.466
col,sex_f,ocu_skill_total,mts_aggregate_total,2016,4387.759
col,sex_f,ocu_skill_total,mts_aggregate_total,2017,4426.966
col,sex_f,ocu_skill_total,mts_aggregate_total,2018,4430.652
col,sex_f,ocu_skill_total,mts_aggregate_total,2019,4500.666
col,sex_f,ocu_skill_total,mts_aggregate_total,2021,4153.604
col,sex_f,ocu_skill_total,mts_aggregate_total,2022,5064.365
col,sex_f,ocu_skill_total,mts_aggregate_total,2023,5357.875
col,sex_f,ocu_skill_total,mts_aggregate_total,2024,5453.712
col,sex_f,ocu_skill_total,mts_aggregate_total,2025,5722.466
col,sex_f,ocu_skill_total,mts_details_mrd,2002,781.415
col,sex_f,ocu_skill_total,mts_details_mrd,2003,783.085
col,sex_f,ocu_skill_total,mts_details_mrd,2004,792.116
col,sex_f,ocu_skill_total,mts_details_mrd,2005,780.61
col,sex_f,ocu_skill_total,mts_details_mrd,2007,595.536
col,sex_f,ocu_skill_total,mts_details_mrd,2008,778.327
col,sex_f,ocu_skill_total,mts_details_mrd,2009,786.418
col,sex_f,ocu_skill_total,mts_details_mrd,2010,755.579
col,sex_f,ocu_skill_total,mts_details_mrd,2011,755.349
col,sex_f,ocu_skill_total,mts_details_mrd,2012,755.034
col,sex_f,ocu_skill_total,mts_details_mrd,2013,795.428
col,sex_f,ocu_skill_total,mts_details_mrd,2014,820.069
col,sex_f,ocu_skill_total,mts_details_mrd,2015,842.112
col,sex_f,ocu_skill_total,mts_details_mrd,2016,819.274
col,sex_f,ocu_skill_total,mts_details_mrd,2017,821.545
col,sex_f,ocu_skill_total,mts_details_mrd,2018,814.682
col,sex_f,ocu_skill_total,mts_details_mrd,2019,819.104
col,sex_f,ocu_skill_total,mts_details_mrd,2021,716.695
col,sex_f,ocu_skill_total,mts_details_mrd,2022,915.539
col,sex_f,ocu_skill_total,mts_details_mrd,2023,941.387
col,sex_f,ocu_skill_total,mts_details_mrd,2024,927.183
col,sex_f,ocu_skill_total,mts_details_mrd,2025,908.69
col,sex_f,ocu_skill_total,mts_details_sep,2002,498.811
col,sex_f,ocu_skill_total,mts_details_sep,2003,508.487
col,sex_f,ocu_skill_total,mts_details_sep,2004,522.17
col,sex_f,ocu_skill_total,mts_details_sep,2005,546.373
col,sex_f,ocu_skill_total,mts_details_sep,2007,120.285
col,sex_f,ocu_skill_total,mts_details_sep,2008,611.38
col,sex_f,ocu_skill_total,mts_details_sep,2009,630.312
col,sex_f,ocu_skill_total,mts_details_sep,2010,661.958
col,sex_f,ocu_skill_total,mts_details_sep,2011,699.646
col,sex_f,ocu_skill_total,mts_details_sep,2012,727.473
col,sex_f,ocu_skill_total,mts_details_sep,2013,795.304
col,sex_f,ocu_skill_total,mts_details_sep,2014,858.097
col,sex_f,ocu_skill_total,mts_details_sep,2015,904.571
col,sex_f,ocu_skill_total,mts_details_sep,2016,922.792
col,sex_f,ocu_skill_total,mts_details_sep,2017,915.668
col,sex_f,ocu_skill_total,mts_details_sep,2018,929.057
col,sex_f,ocu_skill_total,mts_details_sep,2019,943.115
col,sex_f,ocu_skill_total,mts_details_sep,2021,808.114
col,sex_f,ocu_skill_total,mts_details_sep,2022,889.373
col,sex_f,ocu_skill_total,mts_details_sep,2023,1016.612
col,sex_f,ocu_skill_total,mts_details_sep,2024,1077.471
col,sex_f,ocu_skill_total,mts_details_sep,2025,1162.931
col,sex_f,ocu_skill_total,mts_details_sgle,2002,1180.29
col,sex_f,ocu_skill_total,mts_details_sgle,2003,1259.097
col,sex_f,ocu_skill_total,mts_details_sgle,2004,1229.24
col,sex_f,ocu_skill_total,mts_details_sgle,2005,1289.011
col,sex_f,ocu_skill_total,mts_details_sgle,2007,819.27
col,sex_f,ocu_skill_total,mts_details_sgle,2008,1203.957
col,sex_f,ocu_skill_total,mts_details_sgle,2009,1172.607
col,sex_f,ocu_skill_total,mts_details_sgle,2010,1183.722
col,sex_f,ocu_skill_total,mts_details_sgle,2011,1190.389
col,sex_f,ocu_skill_total,mts_details_sgle,2012,1207.762
col,sex_f,ocu_skill_total,mts_details_sgle,2013,1227.047
col,sex_f,ocu_skill_total,mts_details_sgle,2014,1266.146
col,sex_f,ocu_skill_total,mts_details_sgle,2015,1289.463
col,sex_f,ocu_skill_total,mts_details_sgle,2016,1289.083
col,sex_f,ocu_skill_total,mts_details_sgle,2017,1297.51
col,sex_f,ocu_skill_total,mts_details_sgle,2018,1281.355
col,sex_f,ocu_skill_total,mts_details_sgle,2019,1305.424
col,sex_f,ocu_skill_total,mts_details_sgle,2021,1289.963
col,sex_f,ocu_skill_total,mts_details_sgle,2022,1639.777
col,sex_f,ocu_skill_total,mts_details_sgle,2023,1655.193
col,sex_f,ocu_skill_total,mts_details_sgle,2024,1684.324
col,sex_f,ocu_skill_total,mts_details_sgle,2025,1743.007
col,sex_f,ocu_skill_total,mts_details_total,2002,3175.969
col,sex_f,ocu_skill_total,mts_details_total,2003,3308.924
col,sex_f,ocu_skill_total,mts_details_total,2004,3289.38
col,sex_f,ocu_skill_total,mts_details_total,2005,3467.984
col,sex_f,ocu_skill_total,mts_details_total,2007,3650.213
col,sex_f,ocu_skill_total,mts_details_total,2008,3489.986
col,sex_f,ocu_skill_total,mts_details_total,2009,3555.032
col,sex_f,ocu_skill_total,mts_details_total,2010,3589.272
col,sex_f,ocu_skill_total,mts_details_total,2011,3653.87
col,sex_f,ocu_skill_total,mts_details_total,2012,3814.348
col,sex_f,ocu_skill_total,mts_details_total,2013,3988.63
col,sex_f,ocu_skill_total,mts_details_total,2014,4208.371
col,sex_f,ocu_skill_total,mts_details_total,2015,4358.466
col,sex_f,ocu_skill_total,mts_details_total,2016,4387.759
col,sex_f,ocu_skill_total,mts_details_total,2017,4426.966
col,sex_f,ocu_skill_total,mts_details_total,2018,4430.652
col,sex_f,ocu_skill_total,mts_details_total,2019,4500.666
col,sex_f,ocu_skill_total,mts_details_total,2021,4153.604
col,sex_f,ocu_skill_total,mts_details_total,2022,5064.365
col,sex_f,ocu_skill_total,mts_details_total,2023,5357.875
col,sex_f,ocu_skill_total,mts_details_total,2024,5453.712
col,sex_f,ocu_skill_total,mts_details_total,2025,5722.466
col,sex_f,ocu_skill_total,mts_details_union,2002,600.873
col,sex_f,ocu_skill_total,mts_details_union,2003,634.132
col,sex_f,ocu_skill_total,mts_details_union,2004,637.135
col,sex_f,ocu_skill_total,mts_details_union,2005,729.841
col,sex_f,ocu_skill_total,mts_details_union,2007,827.015
col,sex_f,ocu_skill_total,mts_details_union,2008,790.41
col,sex_f,ocu_skill_total,mts_details_union,2009,852.279
col,sex_f,ocu_skill_total,mts_details_union,2010,886.69
col,sex_f,ocu_skill_total,mts_details_union,2011,900.619
col,sex_f,ocu_skill_total,mts_details_union,2012,1006.723
col,sex_f,ocu_skill_total,mts_details_union,2013,1059.27
col,sex_f,ocu_skill_total,mts_details_union,2014,1149.996
col,sex_f,ocu_skill_total,mts_details_union,2015,1206.273
col,sex_f,ocu_skill_total,mts_details_union,2016,1241.574
col,sex_f,ocu_skill_total,mts_details_union,2017,1282.585
col,sex_f,ocu_skill_total,mts_details_union,2018,1301.1
col,sex_f,ocu_skill_total,mts_details_union,2019,1324.892
col,sex_f,ocu_skill_total,mts_details_union,2021,1246.957
col,sex_f,ocu_skill_total,mts_details_union,2022,1506.887
col,sex_f,ocu_skill_total,mts_details_union,2023,1623.787
col,sex_f,ocu_skill_total,mts_details_union,2024,1636.112
col,sex_f,ocu_skill_total,mts_details_union,2025,1792.187
col,sex_f,ocu_skill_total,mts_details_wid,2002,114.58
col,sex_f,ocu_skill_total,mts_details_wid,2003,124.124
col,sex_f,ocu_skill_total,mts_details_wid,2004,108.719
col,sex_f,ocu_skill_total,mts_details_wid,2005,122.149
col,sex_f,ocu_skill_total,mts_details_wid,2007,1288.106
col,sex_f,ocu_skill_total,mts_details_wid,2008,105.913
col,sex_f,ocu_skill_total,mts_details_wid,2009,113.415
col,sex_f,ocu_skill_total,mts_details_wid,2010,101.323
col,sex_f,ocu_skill_total,mts_details_wid,2011,107.866
col,sex_f,ocu_skill_total,mts_details_wid,2012,117.355
col,sex_f,ocu_skill_total,mts_details_wid,2013,111.581
col,sex_f,ocu_skill_total,mts_details_wid,2014,114.063
col,sex_f,ocu_skill_total,mts_details_wid,2015,116.047
col,sex_f,ocu_skill_total,mts_details_wid,2016,115.036
col,sex_f,ocu_skill_total,mts_details_wid,2017,109.658
col,sex_f,ocu_skill_total,mts_details_wid,2018,104.458
col,sex_f,ocu_skill_total,mts_details_wid,2019,108.131
col,sex_f,ocu_skill_total,mts_details_wid,2021,91.874
col,sex_f,ocu_skill_total,mts_details_wid,2022,112.789
col,sex_f,ocu_skill_total,mts_details_wid,2023,120.895
col,sex_f,ocu_skill_total,mts_details_wid,2024,128.621
col,sex_f,ocu_skill_total,mts_details_wid,2025,115.65
col,sex_f,ocu_skill_x,mts_aggregate_1,2002,0.972
col,sex_f,ocu_skill_x,mts_aggregate_1,2003,0.602
col,sex_f,ocu_skill_x,mts_aggregate_1,2004,1.12
col,sex_f,ocu_skill_x,mts_aggregate_1,2005,0.365
col,sex_f,ocu_skill_x,mts_aggregate_1,2007,215.732
col,sex_f,ocu_skill_x,mts_aggregate_1,2008,1.835
col,sex_f,ocu_skill_x,mts_aggregate_1,2009,0.541
col,sex_f,ocu_skill_x,mts_aggregate_1,2022,2.471
col,sex_f,ocu_skill_x,mts_aggregate_1,2024,0.562
col,sex_f,ocu_skill_x,mts_aggregate_1,2025,1.476
col,sex_f,ocu_skill_x,mts_aggregate_2,2002,0.639
col,sex_f,ocu_skill_x,mts_aggregate_2,2003,0.396
col,sex_f,ocu_skill_x,mts_aggregate_2,2004,0.556
col,sex_f,ocu_skill_x,mts_aggregate_2,2005,0.167
col,sex_f,ocu_skill_x,mts_aggregate_2,2007,112.892
col,sex_f,ocu_skill_x,mts_aggregate_2,2008,1.884
col,sex_f,ocu_skill_x,mts_aggregate_2,2009,1.021
col,sex_f,ocu_skill_x,mts_aggregate_2,2013,0.153
col,sex_f,ocu_skill_x,mts_aggregate_2,2022,1.636
col,sex_f,ocu_skill_x,mts_aggregate_2,2023,0.536
col,sex_f,ocu_skill_x,mts_aggregate_2,2024,0.812
col,sex_f,ocu_skill_x,mts_aggregate_2,2025,0.607
col,sex_f,ocu_skill_x,mts_aggregate_total,2002,1.612
col,sex_f,ocu_skill_x,mts_aggregate_total,2003,0.998
col,sex_f,ocu_skill_x,mts_aggregate_total,2004,1.676
col,sex_f,ocu_skill_x,mts_aggregate_total,2005,0.533
col,sex_f,ocu_skill_x,mts_aggregate_total,2007,328.624
col,sex_f,ocu_skill_x,mts_aggregate_total,2008,3.719
col,sex_f,ocu_skill_x,mts_aggregate_total,2009,1.562
col,sex_f,ocu_skill_x,mts_aggregate_total,2010,0.569
col,sex_f,ocu_skill_x,mts_aggregate_total,2013,0.153
col,sex_f,ocu_skill_x,mts_aggregate_total,2014,0
col,sex_f,ocu_skill_x,mts_aggregate_total,2022,4.107
col,sex_f,ocu_skill_x,mts_aggregate_total,2023,0.767
col,sex_f,ocu_skill_x,mts_aggregate_total,2024,1.374
col,sex_f,ocu_skill_x,mts_aggregate_total,2025,2.083
col,sex_f,ocu_skill_x,mts_details_mrd,2002,0.615
col,sex_f,ocu_skill_x,mts_details_mrd,2007,45.812
col,sex_f,ocu_skill_x,mts_details_mrd,2008,0.969
col,sex_f,ocu_skill_x,mts_details_mrd,2009,0.276
col,sex_f,ocu_skill_x,mts_details_mrd,2022,0.822
col,sex_f,ocu_skill_x,mts_details_mrd,2023,0.526
col,sex_f,ocu_skill_x,mts_details_mrd,2024,0.094
col,sex_f,ocu_skill_x,mts_details_mrd,2025,0.529
col,sex_f,ocu_skill_x,mts_details_sep,2007,9.447
col,sex_f,ocu_skill_x,mts_details_sep,2008,0.628
col,sex_f,ocu_skill_x,mts_details_sep,2022,0.605
col,sex_f,ocu_skill_x,mts_details_sgle,2002,0.76
col,sex_f,ocu_skill_x,mts_details_sgle,2004,0.889
col,sex_f,ocu_skill_x,mts_details_sgle,2005,0.206
col,sex_f,ocu_skill_x,mts_details_sgle,2007,81.352
col,sex_f,ocu_skill_x,mts_details_sgle,2008,1.103
col,sex_f,ocu_skill_x,mts_details_sgle,2009,0.345
col,sex_f,ocu_skill_x,mts_details_sgle,2022,1.505
col,sex_f,ocu_skill_x,mts_details_sgle,2024,0.549
col,sex_f,ocu_skill_x,mts_details_sgle,2025,1.415
col,sex_f,ocu_skill_x,mts_details_total,2002,1.612
col,sex_f,ocu_skill_x,mts_details_total,2003,0.998
col,sex_f,ocu_skill_x,mts_details_total,2004,1.676
col,sex_f,ocu_skill_x,mts_details_total,2005,0.533
col,sex_f,ocu_skill_x,mts_details_total,2007,328.624
col,sex_f,ocu_skill_x,mts_details_total,2008,3.719
col,sex_f,ocu_skill_x,mts_details_total,2009,1.562
col,sex_f,ocu_skill_x,mts_details_total,2010,0.569
col,sex_f,ocu_skill_x,mts_details_total,2013,0.153
col,sex_f,ocu_skill_x,mts_details_total,2014,0
col,sex_f,ocu_skill_x,mts_details_total,2022,4.107
col,sex_f,ocu_skill_x,mts_details_total,2023,0.767
col,sex_f,ocu_skill_x,mts_details_total,2024,1.374
col,sex_f,ocu_skill_x,mts_details_total,2025,2.083
col,sex_f,ocu_skill_x,mts_details_union,2007,67.08
col,sex_f,ocu_skill_x,mts_details_union,2008,0.915
col,sex_f,ocu_skill_x,mts_details_union,2009,0.745
col,sex_f,ocu_skill_x,mts_details_union,2022,0.815
col,sex_f,ocu_skill_x,mts_details_union,2025,0.078
col,sex_f,ocu_skill_x,mts_details_wid,2007,124.933
col,sex_f,ocu_skill_x,mts_details_wid,2008,0.104
col,sex_m,ocu_isco08_0,mts_aggregate_1,2022,2.516
col,sex_m,ocu_isco08_0,mts_aggregate_1,2023,3.317
col,sex_m,ocu_isco08_0,mts_aggregate_1,2024,3.447
col,sex_m,ocu_isco08_0,mts_aggregate_1,2025,3.746
col,sex_m,ocu_isco08_0,mts_aggregate_2,2022,15.398
col,sex_m,ocu_isco08_0,mts_aggregate_2,2023,14.998
col,sex_m,ocu_isco08_0,mts_aggregate_2,2024,16.692
col,sex_m,ocu_isco08_0,mts_aggregate_2,2025,13.116
col,sex_m,ocu_isco08_0,mts_aggregate_total,2022,17.914
col,sex_m,ocu_isco08_0,mts_aggregate_total,2023,18.315
col,sex_m,ocu_isco08_0,mts_aggregate_total,2024,20.139
col,sex_m,ocu_isco08_0,mts_aggregate_total,2025,16.862
col,sex_m,ocu_isco08_0,mts_details_mrd,2022,9.789
col,sex_m,ocu_isco08_0,mts_details_mrd,2023,10.366
col,sex_m,ocu_isco08_0,mts_details_mrd,2024,9.932
col,sex_m,ocu_isco08_0,mts_details_mrd,2025,7.269
col,sex_m,ocu_isco08_0,mts_details_sep,2022,0.588
col,sex_m,ocu_isco08_0,mts_details_sep,2023,0.57
col,sex_m,ocu_isco08_0,mts_details_sep,2024,0.899
col,sex_m,ocu_isco08_0,mts_details_sep,2025,0.822
col,sex_m,ocu_isco08_0,mts_details_sgle,2022,1.912
col,sex_m,ocu_isco08_0,mts_details_sgle,2023,2.722
col,sex_m,ocu_isco08_0,mts_details_sgle,2024,2.537
col,sex_m,ocu_isco08_0,mts_details_sgle,2025,2.521
col,sex_m,ocu_isco08_0,mts_details_total,2022,17.914
col,sex_m,ocu_isco08_0,mts_details_total,2023,18.315
col,sex_m,ocu_isco08_0,mts_details_total,2024,20.139
col,sex_m,ocu_isco08_0,mts_details_total,2025,16.862
col,sex_m,ocu_isco08_0,mts_details_union,2022,5.609
col,sex_m,ocu_isco08_0,mts_details_union,2023,4.633
col,sex_m,ocu_isco08_0,mts_details_union,2024,6.76
col,sex_m,ocu_isco08_0,mts_details_union,2025,5.847
col,sex_m,ocu_isco08_1,mts_aggregate_1,2002,124.944
col,sex_m,ocu_isco08_1,mts_aggregate_1,2003,134.624
col,sex_m,ocu_isco08_1,mts_aggregate_1,2004,129.727
col,sex_m,ocu_isco08_1,mts_aggregate_1,2005,128.993
col,sex_m,ocu_isco08_1,mts_aggregate_1,2007,391.607
col,sex_m,ocu_isco08_1,mts_aggregate_1,2008,148.936
col,sex_m,ocu_isco08_1,mts_aggregate_1,2009,147.845
col,sex_m,ocu_isco08_1,mts_aggregate_1,2010,149.147
col,sex_m,ocu_isco08_1,mts_aggregate_1,2011,149.692
col,sex_m,ocu_isco08_1,mts_aggregate_1,2012,165.921
col,sex_m,ocu_isco08_1,mts_aggregate_1,2013,174.649
col,sex_m,ocu_isco08_1,mts_aggregate_1,2014,195.901
col,sex_m,ocu_isco08_1,mts_aggregate_1,2015,208.347
col,sex_m,ocu_isco08_1,mts_aggregate_1,2016,193.574
col,sex_m,ocu_isco08_1,mts_aggregate_1,2017,192.818
col,sex_m,ocu_isco08_1,mts_aggregate_1,2018,182.364
col,sex_m,ocu_isco08_1,mts_aggregate_1,2019,191.16
col,sex_m,ocu_isco08_1,mts_aggregate_1,2021,194.497
col,sex_m,ocu_isco08_1,mts_aggregate_1,2022,129.914
col,sex_m,ocu_isco08_1,mts_aggregate_1,2023,136.077
col,sex_m,ocu_isco08_1,mts_aggregate_1,2024,140.046
col,sex_m,ocu_isco08_1,mts_aggregate_1,2025,137.053
col,sex_m,ocu_isco08_1,mts_aggregate_2,2002,293.128
col,sex_m,ocu_isco08_1,mts_aggregate_2,2003,304.787
col,sex_m,ocu_isco08_1,mts_aggregate_2,2004,288.462
col,sex_m,ocu_isco08_1,mts_aggregate_2,2005,306.063
col,sex_m,ocu_isco08_1,mts_aggregate_2,2007,213.837
col,sex_m,ocu_isco08_1,mts_aggregate_2,2008,298.329
col,sex_m,ocu_isco08_1,mts_aggregate_2,2009,278.118
col,sex_m,ocu_isco08_1,mts_aggregate_2,2010,284.952
col,sex_m,ocu_isco08_1,mts_aggregate_2,2011,286.754
col,sex_m,ocu_isco08_1,mts_aggregate_2,2012,313.79
col,sex_m,ocu_isco08_1,mts_aggregate_2,2013,339.044
col,sex_m,ocu_isco08_1,mts_aggregate_2,2014,350.167
col,sex_m,ocu_isco08_1,mts_aggregate_2,2015,343.178
col,sex_m,ocu_isco08_1,mts_aggregate_2,2016,333.103
col,sex_m,ocu_isco08_1,mts_aggregate_2,2017,353.64
col,sex_m,ocu_isco08_1,mts_aggregate_2,2018,338.679
col,sex_m,ocu_isco08_1,mts_aggregate_2,2019,352.378
col,sex_m,ocu_isco08_1,mts_aggregate_2,2021,352.32
col,sex_m,ocu_isco08_1,mts_aggregate_2,2022,314.983
col,sex_m,ocu_isco08_1,mts_aggregate_2,2023,310.529
col,sex_m,ocu_isco08_1,mts_aggregate_2,2024,303.66
col,sex_m,ocu_isco08_1,mts_aggregate_2,2025,288.704
col,sex_m,ocu_isco08_1,mts_aggregate_total,2002,418.072
col,sex_m,ocu_isco08_1,mts_aggregate_total,2003,439.41
col,sex_m,ocu_isco08_1,mts_aggregate_total,2004,418.189
col,sex_m,ocu_isco08_1,mts_aggregate_total,2005,435.056
col,sex_m,ocu_isco08_1,mts_aggregate_total,2007,605.445
col,sex_m,ocu_isco08_1,mts_aggregate_total,2008,447.264
col,sex_m,ocu_isco08_1,mts_aggregate_total,2009,425.964
col,sex_m,ocu_isco08_1,mts_aggregate_total,2010,434.099
col,sex_m,ocu_isco08_1,mts_aggregate_total,2011,436.446
col,sex_m,ocu_isco08_1,mts_aggregate_total,2012,479.71
col,sex_m,ocu_isco08_1,mts_aggregate_total,2013,513.693
col,sex_m,ocu_isco08_1,mts_aggregate_total,2014,546.068
col,sex_m,ocu_isco08_1,mts_aggregate_total,2015,551.524
col,sex_m,ocu_isco08_1,mts_aggregate_total,2016,526.678
col,sex_m,ocu_isco08_1,mts_aggregate_total,2017,546.458
col,sex_m,ocu_isco08_1,mts_aggregate_total,2018,521.043
col,sex_m,ocu_isco08_1,mts_aggregate_total,2019,543.538
col,sex_m,ocu_isco08_1,mts_aggregate_total,2021,546.818
col,sex_m,ocu_isco08_1,mts_aggregate_total,2022,444.897
col,sex_m,ocu_isco08_1,mts_aggregate_total,2023,446.605
col,sex_m,ocu_isco08_1,mts_aggregate_total,2024,443.706
col,sex_m,ocu_isco08_1,mts_aggregate_total,2025,425.757
col,sex_m,ocu_isco08_1,mts_details_mrd,2002,192.991
col,sex_m,ocu_isco08_1,mts_details_mrd,2003,199.3
col,sex_m,ocu_isco08_1,mts_details_mrd,2004,185.143
col,sex_m,ocu_isco08_1,mts_details_mrd,2005,189.464
col,sex_m,ocu_isco08_1,mts_details_mrd,2007,35.625
col,sex_m,ocu_isco08_1,mts_details_mrd,2008,167.097
col,sex_m,ocu_isco08_1,mts_details_mrd,2009,151
col,sex_m,ocu_isco08_1,mts_details_mrd,2010,154.726
col,sex_m,ocu_isco08_1,mts_details_mrd,2011,152.082
col,sex_m,ocu_isco08_1,mts_details_mrd,2012,156.858
col,sex_m,ocu_isco08_1,mts_details_mrd,2013,166.987
col,sex_m,ocu_isco08_1,mts_details_mrd,2014,166.077
col,sex_m,ocu_isco08_1,mts_details_mrd,2015,166.773
col,sex_m,ocu_isco08_1,mts_details_mrd,2016,161.683
col,sex_m,ocu_isco08_1,mts_details_mrd,2017,166.51
col,sex_m,ocu_isco08_1,mts_details_mrd,2018,158.437
col,sex_m,ocu_isco08_1,mts_details_mrd,2019,161.54
col,sex_m,ocu_isco08_1,mts_details_mrd,2021,150.996
col,sex_m,ocu_isco08_1,mts_details_mrd,2022,167.428
col,sex_m,ocu_isco08_1,mts_details_mrd,2023,164.35
col,sex_m,ocu_isco08_1,mts_details_mrd,2024,154.185
col,sex_m,ocu_isco08_1,mts_details_mrd,2025,156.448
col,sex_m,ocu_isco08_1,mts_details_sep,2002,21.102
col,sex_m,ocu_isco08_1,mts_details_sep,2003,28.62
col,sex_m,ocu_isco08_1,mts_details_sep,2004,21.061
col,sex_m,ocu_isco08_1,mts_details_sep,2005,23.761
col,sex_m,ocu_isco08_1,mts_details_sep,2007,3.106
col,sex_m,ocu_isco08_1,mts_details_sep,2008,31.26
col,sex_m,ocu_isco08_1,mts_details_sep,2009,26.985
col,sex_m,ocu_isco08_1,mts_details_sep,2010,30.788
col,sex_m,ocu_isco08_1,mts_details_sep,2011,31.337
col,sex_m,ocu_isco08_1,mts_details_sep,2012,37.359
col,sex_m,ocu_isco08_1,mts_details_sep,2013,41.255
col,sex_m,ocu_isco08_1,mts_details_sep,2014,52.523
col,sex_m,ocu_isco08_1,mts_details_sep,2015,53.126
col,sex_m,ocu_isco08_1,mts_details_sep,2016,45.559
col,sex_m,ocu_isco08_1,mts_details_sep,2017,46.051
col,sex_m,ocu_isco08_1,mts_details_sep,2018,44.356
col,sex_m,ocu_isco08_1,mts_details_sep,2019,47.714
col,sex_m,ocu_isco08_1,mts_details_sep,2021,48.725
col,sex_m,ocu_isco08_1,mts_details_sep,2022,31.804
col,sex_m,ocu_isco08_1,mts_details_sep,2023,35.921
col,sex_m,ocu_isco08_1,mts_details_sep,2024,40.647
col,sex_m,ocu_isco08_1,mts_details_sep,2025,40.265
col,sex_m,ocu_isco08_1,mts_details_sgle,2002,100.452
col,sex_m,ocu_isco08_1,mts_details_sgle,2003,101.762
col,sex_m,ocu_isco08_1,mts_details_sgle,2004,106.776
col,sex_m,ocu_isco08_1,mts_details_sgle,2005,102.407
col,sex_m,ocu_isco08_1,mts_details_sgle,2007,222.662
col,sex_m,ocu_isco08_1,mts_details_sgle,2008,114.209
col,sex_m,ocu_isco08_1,mts_details_sgle,2009,117.149
col,sex_m,ocu_isco08_1,mts_details_sgle,2010,116.319
col,sex_m,ocu_isco08_1,mts_details_sgle,2011,117.096
col,sex_m,ocu_isco08_1,mts_details_sgle,2012,126.663
col,sex_m,ocu_isco08_1,mts_details_sgle,2013,132.383
col,sex_m,ocu_isco08_1,mts_details_sgle,2014,139.539
col,sex_m,ocu_isco08_1,mts_details_sgle,2015,152.227
col,sex_m,ocu_isco08_1,mts_details_sgle,2016,145.725
col,sex_m,ocu_isco08_1,mts_details_sgle,2017,144.108
col,sex_m,ocu_isco08_1,mts_details_sgle,2018,135.705
col,sex_m,ocu_isco08_1,mts_details_sgle,2019,140.228
col,sex_m,ocu_isco08_1,mts_details_sgle,2021,143.106
col,sex_m,ocu_isco08_1,mts_details_sgle,2022,95.727
col,sex_m,ocu_isco08_1,mts_details_sgle,2023,96.897
col,sex_m,ocu_isco08_1,mts_details_sgle,2024,97.631
col,sex_m,ocu_isco08_1,mts_details_sgle,2025,95.131
col,sex_m,ocu_isco08_1,mts_details_total,2002,418.072
col,sex_m,ocu_isco08_1,mts_details_total,2003,439.41
col,sex_m,ocu_isco08_1,mts_details_total,2004,418.189
col,sex_m,ocu_isco08_1,mts_details_total,2005,435.056
col,sex_m,ocu_isco08_1,mts_details_total,2007,605.445
col,sex_m,ocu_isco08_1,mts_details_total,2008,447.264
col,sex_m,ocu_isco08_1,mts_details_total,2009,425.964
col,sex_m,ocu_isco08_1,mts_details_total,2010,434.099
col,sex_m,ocu_isco08_1,mts_details_total,2011,436.446
col,sex_m,ocu_isco08_1,mts_details_total,2012,479.71
col,sex_m,ocu_isco08_1,mts_details_total,2013,513.693
col,sex_m,ocu_isco08_1,mts_details_total,2014,546.068
col,sex_m,ocu_isco08_1,mts_details_total,2015,551.524
col,sex_m,ocu_isco08_1,mts_details_total,2016,526.678
col,sex_m,ocu_isco08_1,mts_details_total,2017,546.458
col,sex_m,ocu_isco08_1,mts_details_total,2018,521.043
col,sex_m,ocu_isco08_1,mts_details_total,2019,543.538
col,sex_m,ocu_isco08_1,mts_details_total,2021,546.818
col,sex_m,ocu_isco08_1,mts_details_total,2022,444.897
col,sex_m,ocu_isco08_1,mts_details_total,2023,446.605
col,sex_m,ocu_isco08_1,mts_details_total,2024,443.706
col,sex_m,ocu_isco08_1,mts_details_total,2025,425.757
col,sex_m,ocu_isco08_1,mts_details_union,2002,100.138
col,sex_m,ocu_isco08_1,mts_details_union,2003,105.487
col,sex_m,ocu_isco08_1,mts_details_union,2004,103.318
col,sex_m,ocu_isco08_1,mts_details_union,2005,116.599
col,sex_m,ocu_isco08_1,mts_details_union,2007,178.213
col,sex_m,ocu_isco08_1,mts_details_union,2008,131.232
col,sex_m,ocu_isco08_1,mts_details_union,2009,127.119
col,sex_m,ocu_isco08_1,mts_details_union,2010,130.226
col,sex_m,ocu_isco08_1,mts_details_union,2011,134.672
col,sex_m,ocu_isco08_1,mts_details_union,2012,156.932
col,sex_m,ocu_isco08_1,mts_details_union,2013,172.057
col,sex_m,ocu_isco08_1,mts_details_union,2014,184.09
col,sex_m,ocu_isco08_1,mts_details_union,2015,176.405
col,sex_m,ocu_isco08_1,mts_details_union,2016,171.421
col,sex_m,ocu_isco08_1,mts_details_union,2017,187.13
col,sex_m,ocu_isco08_1,mts_details_union,2018,180.243
col,sex_m,ocu_isco08_1,mts_details_union,2019,190.839
col,sex_m,ocu_isco08_1,mts_details_union,2021,201.324
col,sex_m,ocu_isco08_1,mts_details_union,2022,147.555
col,sex_m,ocu_isco08_1,mts_details_union,2023,146.179
col,sex_m,ocu_isco08_1,mts_details_union,2024,149.475
col,sex_m,ocu_isco08_1,mts_details_union,2025,132.256
col,sex_m,ocu_isco08_1,mts_details_wid,2002,3.39
col,sex_m,ocu_isco08_1,mts_details_wid,2003,4.242
col,sex_m,ocu_isco08_1,mts_details_wid,2004,1.89
col,sex_m,ocu_isco08_1,mts_details_wid,2005,2.824
col,sex_m,ocu_isco08_1,mts_details_wid,2007,165.84
col,sex_m,ocu_isco08_1,mts_details_wid,2008,3.467
col,sex_m,ocu_isco08_1,mts_details_wid,2009,3.711
col,sex_m,ocu_isco08_1,mts_details_wid,2010,2.041
col,sex_m,ocu_isco08_1,mts_details_wid,2011,1.26
col,sex_m,ocu_isco08_1,mts_details_wid,2012,1.899
col,sex_m,ocu_isco08_1,mts_details_wid,2013,1.011
col,sex_m,ocu_isco08_1,mts_details_wid,2014,3.84
col,sex_m,ocu_isco08_1,mts_details_wid,2015,2.993
col,sex_m,ocu_isco08_1,mts_details_wid,2016,2.291
col,sex_m,ocu_isco08_1,mts_details_wid,2017,2.659
col,sex_m,ocu_isco08_1,mts_details_wid,2018,2.302
col,sex_m,ocu_isco08_1,mts_details_wid,2019,3.217
col,sex_m,ocu_isco08_1,mts_details_wid,2021,2.666
col,sex_m,ocu_isco08_1,mts_details_wid,2022,2.384
col,sex_m,ocu_isco08_1,mts_details_wid,2023,3.258
col,sex_m,ocu_isco08_1,mts_details_wid,2024,1.768
col,sex_m,ocu_isco08_1,mts_details_wid,2025,1.656
col,sex_m,ocu_isco08_2,mts_aggregate_1,2002,125.775
col,sex_m,ocu_isco08_2,mts_aggregate_1,2003,123.194
col,sex_m,ocu_isco08_2,mts_aggregate_1,2004,133.477
col,sex_m,ocu_isco08_2,mts_aggregate_1,2005,142.644
col,sex_m,ocu_isco08_2,mts_aggregate_1,2007,217.716
col,sex_m,ocu_isco08_2,mts_aggregate_1,2008,132.77
col,sex_m,ocu_isco08_2,mts_aggregate_1,2009,143.239
col,sex_m,ocu_isco08_2,mts_aggregate_1,2010,150.197
col,sex_m,ocu_isco08_2,mts_aggregate_1,2011,156.276
col,sex_m,ocu_isco08_2,mts_aggregate_1,2012,160.65
col,sex_m,ocu_isco08_2,mts_aggregate_1,2013,178.175
col,sex_m,ocu_isco08_2,mts_aggregate_1,2014,192.347
col,sex_m,ocu_isco08_2,mts_aggregate_1,2015,186.488
col,sex_m,ocu_isco08_2,mts_aggregate_1,2016,196.085
col,sex_m,ocu_isco08_2,mts_aggregate_1,2017,201.442
col,sex_m,ocu_isco08_2,mts_aggregate_1,2018,181.34
col,sex_m,ocu_isco08_2,mts_aggregate_1,2019,203.524
col,sex_m,ocu_isco08_2,mts_aggregate_1,2021,190.663
col,sex_m,ocu_isco08_2,mts_aggregate_1,2022,326.5
col,sex_m,ocu_isco08_2,mts_aggregate_1,2023,334.725
col,sex_m,ocu_isco08_2,mts_aggregate_1,2024,340.609
col,sex_m,ocu_isco08_2,mts_aggregate_1,2025,338.576
col,sex_m,ocu_isco08_2,mts_aggregate_2,2002,181.727
col,sex_m,ocu_isco08_2,mts_aggregate_2,2003,190.078
col,sex_m,ocu_isco08_2,mts_aggregate_2,2004,195.431
col,sex_m,ocu_isco08_2,mts_aggregate_2,2005,197.917
col,sex_m,ocu_isco08_2,mts_aggregate_2,2007,93.469
col,sex_m,ocu_isco08_2,mts_aggregate_2,2008,175.506
col,sex_m,ocu_isco08_2,mts_aggregate_2,2009,177.932
col,sex_m,ocu_isco08_2,mts_aggregate_2,2010,191.032
col,sex_m,ocu_isco08_2,mts_aggregate_2,2011,192.861
col,sex_m,ocu_isco08_2,mts_aggregate_2,2012,198.168
col,sex_m,ocu_isco08_2,mts_aggregate_2,2013,215.21
col,sex_m,ocu_isco08_2,mts_aggregate_2,2014,216.421
col,sex_m,ocu_isco08_2,mts_aggregate_2,2015,222.719
col,sex_m,ocu_isco08_2,mts_aggregate_2,2016,237.796
col,sex_m,ocu_isco08_2,mts_aggregate_2,2017,237.065
col,sex_m,ocu_isco08_2,mts_aggregate_2,2018,240.204
col,sex_m,ocu_isco08_2,mts_aggregate_2,2019,247.732
col,sex_m,ocu_isco08_2,mts_aggregate_2,2021,249.155
col,sex_m,ocu_isco08_2,mts_aggregate_2,2022,451.495
col,sex_m,ocu_isco08_2,mts_aggregate_2,2023,447.368
col,sex_m,ocu_isco08_2,mts_aggregate_2,2024,450.925
col,sex_m,ocu_isco08_2,mts_aggregate_2,2025,460.405
col,sex_m,ocu_isco08_2,mts_aggregate_total,2002,307.502
col,sex_m,ocu_isco08_2,mts_aggregate_total,2003,313.272
col,sex_m,ocu_isco08_2,mts_aggregate_total,2004,328.909
col,sex_m,ocu_isco08_2,mts_aggregate_total,2005,340.561
col,sex_m,ocu_isco08_2,mts_aggregate_total,2007,311.185
col,sex_m,ocu_isco08_2,mts_aggregate_total,2008,308.276
col,sex_m,ocu_isco08_2,mts_aggregate_total,2009,321.171
col,sex_m,ocu_isco08_2,mts_aggregate_total,2010,341.228
col,sex_m,ocu_isco08_2,mts_aggregate_total,2011,349.137
col,sex_m,ocu_isco08_2,mts_aggregate_total,2012,358.818
col,sex_m,ocu_isco08_2,mts_aggregate_total,2013,393.385
col,sex_m,ocu_isco08_2,mts_aggregate_total,2014,408.768
col,sex_m,ocu_isco08_2,mts_aggregate_total,2015,409.207
col,sex_m,ocu_isco08_2,mts_aggregate_total,2016,433.88
col,sex_m,ocu_isco08_2,mts_aggregate_total,2017,438.508
col,sex_m,ocu_isco08_2,mts_aggregate_total,2018,421.544
col,sex_m,ocu_isco08_2,mts_aggregate_total,2019,451.256
col,sex_m,ocu_isco08_2,mts_aggregate_total,2021,439.818
col,sex_m,ocu_isco08_2,mts_aggregate_total,2022,777.995
col,sex_m,ocu_isco08_2,mts_aggregate_total,2023,782.093
col,sex_m,ocu_isco08_2,mts_aggregate_total,2024,791.534
col,sex_m,ocu_isco08_2,mts_aggregate_total,2025,798.98
col,sex_m,ocu_isco08_2,mts_details_mrd,2002,119.663
col,sex_m,ocu_isco08_2,mts_details_mrd,2003,126.839
col,sex_m,ocu_isco08_2,mts_details_mrd,2004,136.027
col,sex_m,ocu_isco08_2,mts_details_mrd,2005,123.108
col,sex_m,ocu_isco08_2,mts_details_mrd,2007,18.402
col,sex_m,ocu_isco08_2,mts_details_mrd,2008,108.167
col,sex_m,ocu_isco08_2,mts_details_mrd,2009,101.671
col,sex_m,ocu_isco08_2,mts_details_mrd,2010,110.962
col,sex_m,ocu_isco08_2,mts_details_mrd,2011,108.08
col,sex_m,ocu_isco08_2,mts_details_mrd,2012,108.269
col,sex_m,ocu_isco08_2,mts_details_mrd,2013,114.933
col,sex_m,ocu_isco08_2,mts_details_mrd,2014,116.129
col,sex_m,ocu_isco08_2,mts_details_mrd,2015,113.462
col,sex_m,ocu_isco08_2,mts_details_mrd,2016,116.339
col,sex_m,ocu_isco08_2,mts_details_mrd,2017,119.323
col,sex_m,ocu_isco08_2,mts_details_mrd,2018,118.29
col,sex_m,ocu_isco08_2,mts_details_mrd,2019,117.028
col,sex_m,ocu_isco08_2,mts_details_mrd,2021,111.5
col,sex_m,ocu_isco08_2,mts_details_mrd,2022,260.717
col,sex_m,ocu_isco08_2,mts_details_mrd,2023,259.56
col,sex_m,ocu_isco08_2,mts_details_mrd,2024,264.138
col,sex_m,ocu_isco08_2,mts_details_mrd,2025,251.715
col,sex_m,ocu_isco08_2,mts_details_sep,2002,13.111
col,sex_m,ocu_isco08_2,mts_details_sep,2003,12.143
col,sex_m,ocu_isco08_2,mts_details_sep,2004,16.064
col,sex_m,ocu_isco08_2,mts_details_sep,2005,17.406
col,sex_m,ocu_isco08_2,mts_details_sep,2007,1.721
col,sex_m,ocu_isco08_2,mts_details_sep,2008,13.263
col,sex_m,ocu_isco08_2,mts_details_sep,2009,22.374
col,sex_m,ocu_isco08_2,mts_details_sep,2010,20.401
col,sex_m,ocu_isco08_2,mts_details_sep,2011,23.389
col,sex_m,ocu_isco08_2,mts_details_sep,2012,26.913
col,sex_m,ocu_isco08_2,mts_details_sep,2013,31.361
col,sex_m,ocu_isco08_2,mts_details_sep,2014,31.255
col,sex_m,ocu_isco08_2,mts_details_sep,2015,31.339
col,sex_m,ocu_isco08_2,mts_details_sep,2016,30.022
col,sex_m,ocu_isco08_2,mts_details_sep,2017,35.693
col,sex_m,ocu_isco08_2,mts_details_sep,2018,28.995
col,sex_m,ocu_isco08_2,mts_details_sep,2019,33.776
col,sex_m,ocu_isco08_2,mts_details_sep,2021,35.45
col,sex_m,ocu_isco08_2,mts_details_sep,2022,47.443
col,sex_m,ocu_isco08_2,mts_details_sep,2023,48.864
col,sex_m,ocu_isco08_2,mts_details_sep,2024,46.694
col,sex_m,ocu_isco08_2,mts_details_sep,2025,51.749
col,sex_m,ocu_isco08_2,mts_details_sgle,2002,111.584
col,sex_m,ocu_isco08_2,mts_details_sgle,2003,109.94
col,sex_m,ocu_isco08_2,mts_details_sgle,2004,115.843
col,sex_m,ocu_isco08_2,mts_details_sgle,2005,123.663
col,sex_m,ocu_isco08_2,mts_details_sgle,2007,111.06
col,sex_m,ocu_isco08_2,mts_details_sgle,2008,117.395
col,sex_m,ocu_isco08_2,mts_details_sgle,2009,119.61
col,sex_m,ocu_isco08_2,mts_details_sgle,2010,128.689
col,sex_m,ocu_isco08_2,mts_details_sgle,2011,131.519
col,sex_m,ocu_isco08_2,mts_details_sgle,2012,132.082
col,sex_m,ocu_isco08_2,mts_details_sgle,2013,145.057
col,sex_m,ocu_isco08_2,mts_details_sgle,2014,158.676
col,sex_m,ocu_isco08_2,mts_details_sgle,2015,154.518
col,sex_m,ocu_isco08_2,mts_details_sgle,2016,165.138
col,sex_m,ocu_isco08_2,mts_details_sgle,2017,163.625
col,sex_m,ocu_isco08_2,mts_details_sgle,2018,151.184
col,sex_m,ocu_isco08_2,mts_details_sgle,2019,167.32
col,sex_m,ocu_isco08_2,mts_details_sgle,2021,153.396
col,sex_m,ocu_isco08_2,mts_details_sgle,2022,276.198
col,sex_m,ocu_isco08_2,mts_details_sgle,2023,281.834
col,sex_m,ocu_isco08_2,mts_details_sgle,2024,291.113
col,sex_m,ocu_isco08_2,mts_details_sgle,2025,284.803
col,sex_m,ocu_isco08_2,mts_details_total,2002,307.502
col,sex_m,ocu_isco08_2,mts_details_total,2003,313.272
col,sex_m,ocu_isco08_2,mts_details_total,2004,328.909
col,sex_m,ocu_isco08_2,mts_details_total,2005,340.561
col,sex_m,ocu_isco08_2,mts_details_total,2007,311.185
col,sex_m,ocu_isco08_2,mts_details_total,2008,308.276
col,sex_m,ocu_isco08_2,mts_details_total,2009,321.171
col,sex_m,ocu_isco08_2,mts_details_total,2010,341.228
col,sex_m,ocu_isco08_2,mts_details_total,2011,349.137
col,sex_m,ocu_isco08_2,mts_details_total,2012,358.818
col,sex_m,ocu_isco08_2,mts_details_total,2013,393.385
col,sex_m,ocu_isco08_2,mts_details_total,2014,408.768
col,sex_m,ocu_isco08_2,mts_details_total,2015,409.207
col,sex_m,ocu_isco08_2,mts_details_total,2016,433.88
col,sex_m,ocu_isco08_2,mts_details_total,2017,438.508
col,sex_m,ocu_isco08_2,mts_details_total,2018,421.544
col,sex_m,ocu_isco08_2,mts_details_total,2019,451.256
col,sex_m,ocu_isco08_2,mts_details_total,2021,439.818
col,sex_m,ocu_isco08_2,mts_details_total,2022,777.995
col,sex_m,ocu_isco08_2,mts_details_total,2023,782.093
col,sex_m,ocu_isco08_2,mts_details_total,2024,791.534
col,sex_m,ocu_isco08_2,mts_details_total,2025,798.98
col,sex_m,ocu_isco08_2,mts_details_union,2002,62.064
col,sex_m,ocu_isco08_2,mts_details_union,2003,63.238
col,sex_m,ocu_isco08_2,mts_details_union,2004,59.404
col,sex_m,ocu_isco08_2,mts_details_union,2005,74.809
col,sex_m,ocu_isco08_2,mts_details_union,2007,75.067
col,sex_m,ocu_isco08_2,mts_details_union,2008,67.338
col,sex_m,ocu_isco08_2,mts_details_union,2009,76.26
col,sex_m,ocu_isco08_2,mts_details_union,2010,80.07
col,sex_m,ocu_isco08_2,mts_details_union,2011,84.781
col,sex_m,ocu_isco08_2,mts_details_union,2012,89.899
col,sex_m,ocu_isco08_2,mts_details_union,2013,100.276
col,sex_m,ocu_isco08_2,mts_details_union,2014,100.292
col,sex_m,ocu_isco08_2,mts_details_union,2015,109.257
col,sex_m,ocu_isco08_2,mts_details_union,2016,121.457
col,sex_m,ocu_isco08_2,mts_details_union,2017,117.742
col,sex_m,ocu_isco08_2,mts_details_union,2018,121.914
col,sex_m,ocu_isco08_2,mts_details_union,2019,130.704
col,sex_m,ocu_isco08_2,mts_details_union,2021,137.655
col,sex_m,ocu_isco08_2,mts_details_union,2022,190.777
col,sex_m,ocu_isco08_2,mts_details_union,2023,187.808
col,sex_m,ocu_isco08_2,mts_details_union,2024,186.787
col,sex_m,ocu_isco08_2,mts_details_union,2025,208.69
col,sex_m,ocu_isco08_2,mts_details_wid,2002,1.08
col,sex_m,ocu_isco08_2,mts_details_wid,2003,1.112
col,sex_m,ocu_isco08_2,mts_details_wid,2004,1.571
col,sex_m,ocu_isco08_2,mts_details_wid,2005,1.575
col,sex_m,ocu_isco08_2,mts_details_wid,2007,104.935
col,sex_m,ocu_isco08_2,mts_details_wid,2008,2.111
col,sex_m,ocu_isco08_2,mts_details_wid,2009,1.254
col,sex_m,ocu_isco08_2,mts_details_wid,2010,1.107
col,sex_m,ocu_isco08_2,mts_details_wid,2011,1.369
col,sex_m,ocu_isco08_2,mts_details_wid,2012,1.654
col,sex_m,ocu_isco08_2,mts_details_wid,2013,1.758
col,sex_m,ocu_isco08_2,mts_details_wid,2014,2.416
col,sex_m,ocu_isco08_2,mts_details_wid,2015,0.631
col,sex_m,ocu_isco08_2,mts_details_wid,2016,0.925
col,sex_m,ocu_isco08_2,mts_details_wid,2017,2.124
col,sex_m,ocu_isco08_2,mts_details_wid,2018,1.162
col,sex_m,ocu_isco08_2,mts_details_wid,2019,2.428
col,sex_m,ocu_isco08_2,mts_details_wid,2021,1.817
col,sex_m,ocu_isco08_2,mts_details_wid,2022,2.859
col,sex_m,ocu_isco08_2,mts_details_wid,2023,4.028
col,sex_m,ocu_isco08_2,mts_details_wid,2024,2.802
col,sex_m,ocu_isco08_2,mts_details_wid,2025,2.024
col,sex_m,ocu_isco08_3,mts_aggregate_1,2002,290.796
col,sex_m,ocu_isco08_3,mts_aggregate_1,2003,310.851
col,sex_m,ocu_isco08_3,mts_aggregate_1,2004,310.694
col,sex_m,ocu_isco08_3,mts_aggregate_1,2005,323.241
col,sex_m,ocu_isco08_3,mts_aggregate_1,2007,550.164
col,sex_m,ocu_isco08_3,mts_aggregate_1,2008,340.477
col,sex_m,ocu_isco08_3,mts_aggregate_1,2009,339.565
col,sex_m,ocu_isco08_3,mts_aggregate_1,2010,353.808
col,sex_m,ocu_isco08_3,mts_aggregate_1,2011,368.461
col,sex_m,ocu_isco08_3,mts_aggregate_1,2012,384.466
col,sex_m,ocu_isco08_3,mts_aggregate_1,2013,405.418
col,sex_m,ocu_isco08_3,mts_aggregate_1,2014,427.284
col,sex_m,ocu_isco08_3,mts_aggregate_1,2015,437.685
col,sex_m,ocu_isco08_3,mts_aggregate_1,2016,418.898
col,sex_m,ocu_isco08_3,mts_aggregate_1,2017,428.931
col,sex_m,ocu_isco08_3,mts_aggregate_1,2018,420.258
col,sex_m,ocu_isco08_3,mts_aggregate_1,2019,432.278
col,sex_m,ocu_isco08_3,mts_aggregate_1,2021,404.534
col,sex_m,ocu_isco08_3,mts_aggregate_1,2022,192.366
col,sex_m,ocu_isco08_3,mts_aggregate_1,2023,227.472
col,sex_m,ocu_isco08_3,mts_aggregate_1,2024,229.612
col,sex_m,ocu_isco08_3,mts_aggregate_1,2025,241.688
col,sex_m,ocu_isco08_3,mts_aggregate_2,2002,424.29
col,sex_m,ocu_isco08_3,mts_aggregate_2,2003,448.794
col,sex_m,ocu_isco08_3,mts_aggregate_2,2004,462.627
col,sex_m,ocu_isco08_3,mts_aggregate_2,2005,456.056
col,sex_m,ocu_isco08_3,mts_aggregate_2,2007,340.476
col,sex_m,ocu_isco08_3,mts_aggregate_2,2008,482.989
col,sex_m,ocu_isco08_3,mts_aggregate_2,2009,498.185
col,sex_m,ocu_isco08_3,mts_aggregate_2,2010,465.905
col,sex_m,ocu_isco08_3,mts_aggregate_2,2011,494.92
col,sex_m,ocu_isco08_3,mts_aggregate_2,2012,505.971
col,sex_m,ocu_isco08_3,mts_aggregate_2,2013,523.811
col,sex_m,ocu_isco08_3,mts_aggregate_2,2014,541.681
col,sex_m,ocu_isco08_3,mts_aggregate_2,2015,567.128
col,sex_m,ocu_isco08_3,mts_aggregate_2,2016,586.007
col,sex_m,ocu_isco08_3,mts_aggregate_2,2017,584.514
col,sex_m,ocu_isco08_3,mts_aggregate_2,2018,589.244
col,sex_m,ocu_isco08_3,mts_aggregate_2,2019,613.566
col,sex_m,ocu_isco08_3,mts_aggregate_2,2021,576.513
col,sex_m,ocu_isco08_3,mts_aggregate_2,2022,289.078
col,sex_m,ocu_isco08_3,mts_aggregate_2,2023,317.727
col,sex_m,ocu_isco08_3,mts_aggregate_2,2024,298.924
col,sex_m,ocu_isco08_3,mts_aggregate_2,2025,322.599
col,sex_m,ocu_isco08_3,mts_aggregate_total,2002,715.086
col,sex_m,ocu_isco08_3,mts_aggregate_total,2003,759.645
col,sex_m,ocu_isco08_3,mts_aggregate_total,2004,773.321
col,sex_m,ocu_isco08_3,mts_aggregate_total,2005,779.297
col,sex_m,ocu_isco08_3,mts_aggregate_total,2007,890.64
col,sex_m,ocu_isco08_3,mts_aggregate_total,2008,823.466
col,sex_m,ocu_isco08_3,mts_aggregate_total,2009,837.751
col,sex_m,ocu_isco08_3,mts_aggregate_total,2010,819.714
col,sex_m,ocu_isco08_3,mts_aggregate_total,2011,863.381
col,sex_m,ocu_isco08_3,mts_aggregate_total,2012,890.437
col,sex_m,ocu_isco08_3,mts_aggregate_total,2013,929.229
col,sex_m,ocu_isco08_3,mts_aggregate_total,2014,968.965
col,sex_m,ocu_isco08_3,mts_aggregate_total,2015,1004.813
col,sex_m,ocu_isco08_3,mts_aggregate_total,2016,1004.905
col,sex_m,ocu_isco08_3,mts_aggregate_total,2017,1013.445
col,sex_m,ocu_isco08_3,mts_aggregate_total,2018,1009.502
col,sex_m,ocu_isco08_3,mts_aggregate_total,2019,1045.844
col,sex_m,ocu_isco08_3,mts_aggregate_total,2021,981.047
col,sex_m,ocu_isco08_3,mts_aggregate_total,2022,481.444
col,sex_m,ocu_isco08_3,mts_aggregate_total,2023,545.199
col,sex_m,ocu_isco08_3,mts_aggregate_total,2024,528.536
col,sex_m,ocu_isco08_3,mts_aggregate_total,2025,564.287
col,sex_m,ocu_isco08_3,mts_details_mrd,2002,228.719
col,sex_m,ocu_isco08_3,mts_details_mrd,2003,246.245
col,sex_m,ocu_isco08_3,mts_details_mrd,2004,251.699
col,sex_m,ocu_isco08_3,mts_details_mrd,2005,237.703
col,sex_m,ocu_isco08_3,mts_details_mrd,2007,48.373
col,sex_m,ocu_isco08_3,mts_details_mrd,2008,237.157
col,sex_m,ocu_isco08_3,mts_details_mrd,2009,235.151
col,sex_m,ocu_isco08_3,mts_details_mrd,2010,225.897
col,sex_m,ocu_isco08_3,mts_details_mrd,2011,227.83
col,sex_m,ocu_isco08_3,mts_details_mrd,2012,227.428
col,sex_m,ocu_isco08_3,mts_details_mrd,2013,226.214
col,sex_m,ocu_isco08_3,mts_details_mrd,2014,235.446
col,sex_m,ocu_isco08_3,mts_details_mrd,2015,235.094
col,sex_m,ocu_isco08_3,mts_details_mrd,2016,241.102
col,sex_m,ocu_isco08_3,mts_details_mrd,2017,243.882
col,sex_m,ocu_isco08_3,mts_details_mrd,2018,230.394
col,sex_m,ocu_isco08_3,mts_details_mrd,2019,240.013
col,sex_m,ocu_isco08_3,mts_details_mrd,2021,217.149
col,sex_m,ocu_isco08_3,mts_details_mrd,2022,131.285
col,sex_m,ocu_isco08_3,mts_details_mrd,2023,140.488
col,sex_m,ocu_isco08_3,mts_details_mrd,2024,133.034
col,sex_m,ocu_isco08_3,mts_details_mrd,2025,127.938
col,sex_m,ocu_isco08_3,mts_details_sep,2002,36.752
col,sex_m,ocu_isco08_3,mts_details_sep,2003,34.935
col,sex_m,ocu_isco08_3,mts_details_sep,2004,34.195
col,sex_m,ocu_isco08_3,mts_details_sep,2005,41.248
col,sex_m,ocu_isco08_3,mts_details_sep,2007,3.731
col,sex_m,ocu_isco08_3,mts_details_sep,2008,53.107
col,sex_m,ocu_isco08_3,mts_details_sep,2009,47.973
col,sex_m,ocu_isco08_3,mts_details_sep,2010,60.172
col,sex_m,ocu_isco08_3,mts_details_sep,2011,59.845
col,sex_m,ocu_isco08_3,mts_details_sep,2012,72.07
col,sex_m,ocu_isco08_3,mts_details_sep,2013,80.102
col,sex_m,ocu_isco08_3,mts_details_sep,2014,85.671
col,sex_m,ocu_isco08_3,mts_details_sep,2015,83.635
col,sex_m,ocu_isco08_3,mts_details_sep,2016,86.832
col,sex_m,ocu_isco08_3,mts_details_sep,2017,80.322
col,sex_m,ocu_isco08_3,mts_details_sep,2018,93.337
col,sex_m,ocu_isco08_3,mts_details_sep,2019,93.006
col,sex_m,ocu_isco08_3,mts_details_sep,2021,82.731
col,sex_m,ocu_isco08_3,mts_details_sep,2022,25.397
col,sex_m,ocu_isco08_3,mts_details_sep,2023,34.952
col,sex_m,ocu_isco08_3,mts_details_sep,2024,43.885
col,sex_m,ocu_isco08_3,mts_details_sep,2025,43.541
col,sex_m,ocu_isco08_3,mts_details_sgle,2002,250.288
col,sex_m,ocu_isco08_3,mts_details_sgle,2003,272.53
col,sex_m,ocu_isco08_3,mts_details_sgle,2004,271.59
col,sex_m,ocu_isco08_3,mts_details_sgle,2005,277.844
col,sex_m,ocu_isco08_3,mts_details_sgle,2007,250.98
col,sex_m,ocu_isco08_3,mts_details_sgle,2008,283.108
col,sex_m,ocu_isco08_3,mts_details_sgle,2009,287.929
col,sex_m,ocu_isco08_3,mts_details_sgle,2010,290.212
col,sex_m,ocu_isco08_3,mts_details_sgle,2011,306.146
col,sex_m,ocu_isco08_3,mts_details_sgle,2012,308.286
col,sex_m,ocu_isco08_3,mts_details_sgle,2013,321.082
col,sex_m,ocu_isco08_3,mts_details_sgle,2014,337.667
col,sex_m,ocu_isco08_3,mts_details_sgle,2015,348.55
col,sex_m,ocu_isco08_3,mts_details_sgle,2016,327.284
col,sex_m,ocu_isco08_3,mts_details_sgle,2017,343.214
col,sex_m,ocu_isco08_3,mts_details_sgle,2018,320.993
col,sex_m,ocu_isco08_3,mts_details_sgle,2019,334.788
col,sex_m,ocu_isco08_3,mts_details_sgle,2021,316.648
col,sex_m,ocu_isco08_3,mts_details_sgle,2022,164.972
col,sex_m,ocu_isco08_3,mts_details_sgle,2023,190.345
col,sex_m,ocu_isco08_3,mts_details_sgle,2024,182.725
col,sex_m,ocu_isco08_3,mts_details_sgle,2025,197.036
col,sex_m,ocu_isco08_3,mts_details_total,2002,715.086
col,sex_m,ocu_isco08_3,mts_details_total,2003,759.645
col,sex_m,ocu_isco08_3,mts_details_total,2004,773.321
col,sex_m,ocu_isco08_3,mts_details_total,2005,779.297
col,sex_m,ocu_isco08_3,mts_details_total,2007,890.64
col,sex_m,ocu_isco08_3,mts_details_total,2008,823.466
col,sex_m,ocu_isco08_3,mts_details_total,2009,837.751
col,sex_m,ocu_isco08_3,mts_details_total,2010,819.714
col,sex_m,ocu_isco08_3,mts_details_total,2011,863.381
col,sex_m,ocu_isco08_3,mts_details_total,2012,890.437
col,sex_m,ocu_isco08_3,mts_details_total,2013,929.229
col,sex_m,ocu_isco08_3,mts_details_total,2014,968.965
col,sex_m,ocu_isco08_3,mts_details_total,2015,1004.813
col,sex_m,ocu_isco08_3,mts_details_total,2016,1004.905
col,sex_m,ocu_isco08_3,mts_details_total,2017,1013.445
col,sex_m,ocu_isco08_3,mts_details_total,2018,1009.502
col,sex_m,ocu_isco08_3,mts_details_total,2019,1045.844
col,sex_m,ocu_isco08_3,mts_details_total,2021,981.047
col,sex_m,ocu_isco08_3,mts_details_total,2022,481.444
col,sex_m,ocu_isco08_3,mts_details_total,2023,545.199
col,sex_m,ocu_isco08_3,mts_details_total,2024,528.536
col,sex_m,ocu_isco08_3,mts_details_total,2025,564.287
col,sex_m,ocu_isco08_3,mts_details_union,2002,195.571
col,sex_m,ocu_isco08_3,mts_details_union,2003,202.549
col,sex_m,ocu_isco08_3,mts_details_union,2004,210.928
col,sex_m,ocu_isco08_3,mts_details_union,2005,218.353
col,sex_m,ocu_isco08_3,mts_details_union,2007,292.103
col,sex_m,ocu_isco08_3,mts_details_union,2008,245.832
col,sex_m,ocu_isco08_3,mts_details_union,2009,263.034
col,sex_m,ocu_isco08_3,mts_details_union,2010,240.008
col,sex_m,ocu_isco08_3,mts_details_union,2011,267.091
col,sex_m,ocu_isco08_3,mts_details_union,2012,278.543
col,sex_m,ocu_isco08_3,mts_details_union,2013,297.597
col,sex_m,ocu_isco08_3,mts_details_union,2014,306.235
col,sex_m,ocu_isco08_3,mts_details_union,2015,332.034
col,sex_m,ocu_isco08_3,mts_details_union,2016,344.905
col,sex_m,ocu_isco08_3,mts_details_union,2017,340.633
col,sex_m,ocu_isco08_3,mts_details_union,2018,358.849
col,sex_m,ocu_isco08_3,mts_details_union,2019,373.553
col,sex_m,ocu_isco08_3,mts_details_union,2021,359.364
col,sex_m,ocu_isco08_3,mts_details_union,2022,157.793
col,sex_m,ocu_isco08_3,mts_details_union,2023,177.239
col,sex_m,ocu_isco08_3,mts_details_union,2024,165.89
col,sex_m,ocu_isco08_3,mts_details_union,2025,194.661
col,sex_m,ocu_isco08_3,mts_details_wid,2002,3.756
col,sex_m,ocu_isco08_3,mts_details_wid,2003,3.386
col,sex_m,ocu_isco08_3,mts_details_wid,2004,4.909
col,sex_m,ocu_isco08_3,mts_details_wid,2005,4.15
col,sex_m,ocu_isco08_3,mts_details_wid,2007,295.453
col,sex_m,ocu_isco08_3,mts_details_wid,2008,4.262
col,sex_m,ocu_isco08_3,mts_details_wid,2009,3.664
col,sex_m,ocu_isco08_3,mts_details_wid,2010,3.425
col,sex_m,ocu_isco08_3,mts_details_wid,2011,2.47
col,sex_m,ocu_isco08_3,mts_details_wid,2012,4.11
col,sex_m,ocu_isco08_3,mts_details_wid,2013,4.234
col,sex_m,ocu_isco08_3,mts_details_wid,2014,3.947
col,sex_m,ocu_isco08_3,mts_details_wid,2015,5.5
col,sex_m,ocu_isco08_3,mts_details_wid,2016,4.782
col,sex_m,ocu_isco08_3,mts_details_wid,2017,5.396
col,sex_m,ocu_isco08_3,mts_details_wid,2018,5.928
col,sex_m,ocu_isco08_3,mts_details_wid,2019,4.483
col,sex_m,ocu_isco08_3,mts_details_wid,2021,5.154
col,sex_m,ocu_isco08_3,mts_details_wid,2022,1.997
col,sex_m,ocu_isco08_3,mts_details_wid,2023,2.175
col,sex_m,ocu_isco08_3,mts_details_wid,2024,3.003
col,sex_m,ocu_isco08_3,mts_details_wid,2025,1.111
col,sex_m,ocu_isco08_4,mts_aggregate_1,2002,97.159
col,sex_m,ocu_isco08_4,mts_aggregate_1,2003,103.644
col,sex_m,ocu_isco08_4,mts_aggregate_1,2004,106.02
col,sex_m,ocu_isco08_4,mts_aggregate_1,2005,120.915
col,sex_m,ocu_isco08_4,mts_aggregate_1,2007,280.57
col,sex_m,ocu_isco08_4,mts_aggregate_1,2008,136.008
col,sex_m,ocu_isco08_4,mts_aggregate_1,2009,128.483
col,sex_m,ocu_isco08_4,mts_aggregate_1,2010,131.278
col,sex_m,ocu_isco08_4,mts_aggregate_1,2011,147.429
col,sex_m,ocu_isco08_4,mts_aggregate_1,2012,159.32
col,sex_m,ocu_isco08_4,mts_aggregate_1,2013,145.19
col,sex_m,ocu_isco08_4,mts_aggregate_1,2014,170.658
col,sex_m,ocu_isco08_4,mts_aggregate_1,2015,164.33
col,sex_m,ocu_isco08_4,mts_aggregate_1,2016,176.81
col,sex_m,ocu_isco08_4,mts_aggregate_1,2017,160.791
col,sex_m,ocu_isco08_4,mts_aggregate_1,2018,165.933
col,sex_m,ocu_isco08_4,mts_aggregate_1,2019,158.708
col,sex_m,ocu_isco08_4,mts_aggregate_1,2021,156.42
col,sex_m,ocu_isco08_4,mts_aggregate_1,2022,228.08
col,sex_m,ocu_isco08_4,mts_aggregate_1,2023,248.251
col,sex_m,ocu_isco08_4,mts_aggregate_1,2024,277.569
col,sex_m,ocu_isco08_4,mts_aggregate_1,2025,288.731
col,sex_m,ocu_isco08_4,mts_aggregate_2,2002,116.548
col,sex_m,ocu_isco08_4,mts_aggregate_2,2003,125.346
col,sex_m,ocu_isco08_4,mts_aggregate_2,2004,133.948
col,sex_m,ocu_isco08_4,mts_aggregate_2,2005,133.095
col,sex_m,ocu_isco08_4,mts_aggregate_2,2007,166.875
col,sex_m,ocu_isco08_4,mts_aggregate_2,2008,139.962
col,sex_m,ocu_isco08_4,mts_aggregate_2,2009,144.351
col,sex_m,ocu_isco08_4,mts_aggregate_2,2010,131.811
col,sex_m,ocu_isco08_4,mts_aggregate_2,2011,145.612
col,sex_m,ocu_isco08_4,mts_aggregate_2,2012,148.613
col,sex_m,ocu_isco08_4,mts_aggregate_2,2013,155.613
col,sex_m,ocu_isco08_4,mts_aggregate_2,2014,167.522
col,sex_m,ocu_isco08_4,mts_aggregate_2,2015,167.113
col,sex_m,ocu_isco08_4,mts_aggregate_2,2016,187.463
col,sex_m,ocu_isco08_4,mts_aggregate_2,2017,184.675
col,sex_m,ocu_isco08_4,mts_aggregate_2,2018,189.542
col,sex_m,ocu_isco08_4,mts_aggregate_2,2019,171.402
col,sex_m,ocu_isco08_4,mts_aggregate_2,2021,181.252
col,sex_m,ocu_isco08_4,mts_aggregate_2,2022,207.013
col,sex_m,ocu_isco08_4,mts_aggregate_2,2023,228.467
col,sex_m,ocu_isco08_4,mts_aggregate_2,2024,239.969
col,sex_m,ocu_isco08_4,mts_aggregate_2,2025,243.532
col,sex_m,ocu_isco08_4,mts_aggregate_total,2002,213.707
col,sex_m,ocu_isco08_4,mts_aggregate_total,2003,228.989
col,sex_m,ocu_isco08_4,mts_aggregate_total,2004,239.968
col,sex_m,ocu_isco08_4,mts_aggregate_total,2005,254.01
col,sex_m,ocu_isco08_4,mts_aggregate_total,2007,447.444
col,sex_m,ocu_isco08_4,mts_aggregate_total,2008,275.97
col,sex_m,ocu_isco08_4,mts_aggregate_total,2009,272.834
col,sex_m,ocu_isco08_4,mts_aggregate_total,2010,263.089
col,sex_m,ocu_isco08_4,mts_aggregate_total,2011,293.04
col,sex_m,ocu_isco08_4,mts_aggregate_total,2012,307.934
col,sex_m,ocu_isco08_4,mts_aggregate_total,2013,300.803
col,sex_m,ocu_isco08_4,mts_aggregate_total,2014,338.18
col,sex_m,ocu_isco08_4,mts_aggregate_total,2015,331.444
col,sex_m,ocu_isco08_4,mts_aggregate_total,2016,364.273
col,sex_m,ocu_isco08_4,mts_aggregate_total,2017,345.467
col,sex_m,ocu_isco08_4,mts_aggregate_total,2018,355.475
col,sex_m,ocu_isco08_4,mts_aggregate_total,2019,330.109
col,sex_m,ocu_isco08_4,mts_aggregate_total,2021,337.671
col,sex_m,ocu_isco08_4,mts_aggregate_total,2022,435.093
col,sex_m,ocu_isco08_4,mts_aggregate_total,2023,476.718
col,sex_m,ocu_isco08_4,mts_aggregate_total,2024,517.538
col,sex_m,ocu_isco08_4,mts_aggregate_total,2025,532.264
col,sex_m,ocu_isco08_4,mts_details_mrd,2002,68.715
col,sex_m,ocu_isco08_4,mts_details_mrd,2003,74.002
col,sex_m,ocu_isco08_4,mts_details_mrd,2004,76.548
col,sex_m,ocu_isco08_4,mts_details_mrd,2005,73.13
col,sex_m,ocu_isco08_4,mts_details_mrd,2007,24.93
col,sex_m,ocu_isco08_4,mts_details_mrd,2008,73.975
col,sex_m,ocu_isco08_4,mts_details_mrd,2009,71.35
col,sex_m,ocu_isco08_4,mts_details_mrd,2010,64.059
col,sex_m,ocu_isco08_4,mts_details_mrd,2011,72.697
col,sex_m,ocu_isco08_4,mts_details_mrd,2012,69.854
col,sex_m,ocu_isco08_4,mts_details_mrd,2013,71.52
col,sex_m,ocu_isco08_4,mts_details_mrd,2014,79.215
col,sex_m,ocu_isco08_4,mts_details_mrd,2015,68.804
col,sex_m,ocu_isco08_4,mts_details_mrd,2016,84.167
col,sex_m,ocu_isco08_4,mts_details_mrd,2017,73.76
col,sex_m,ocu_isco08_4,mts_details_mrd,2018,76.494
col,sex_m,ocu_isco08_4,mts_details_mrd,2019,69.469
col,sex_m,ocu_isco08_4,mts_details_mrd,2021,74.018
col,sex_m,ocu_isco08_4,mts_details_mrd,2022,73.529
col,sex_m,ocu_isco08_4,mts_details_mrd,2023,78.025
col,sex_m,ocu_isco08_4,mts_details_mrd,2024,90.427
col,sex_m,ocu_isco08_4,mts_details_mrd,2025,82.106
col,sex_m,ocu_isco08_4,mts_details_sep,2002,9.676
col,sex_m,ocu_isco08_4,mts_details_sep,2003,9.41
col,sex_m,ocu_isco08_4,mts_details_sep,2004,11.896
col,sex_m,ocu_isco08_4,mts_details_sep,2005,11.874
col,sex_m,ocu_isco08_4,mts_details_sep,2007,4.668
col,sex_m,ocu_isco08_4,mts_details_sep,2008,16.93
col,sex_m,ocu_isco08_4,mts_details_sep,2009,16.592
col,sex_m,ocu_isco08_4,mts_details_sep,2010,17.271
col,sex_m,ocu_isco08_4,mts_details_sep,2011,17.759
col,sex_m,ocu_isco08_4,mts_details_sep,2012,24.206
col,sex_m,ocu_isco08_4,mts_details_sep,2013,26.38
col,sex_m,ocu_isco08_4,mts_details_sep,2014,28.716
col,sex_m,ocu_isco08_4,mts_details_sep,2015,25.914
col,sex_m,ocu_isco08_4,mts_details_sep,2016,27.487
col,sex_m,ocu_isco08_4,mts_details_sep,2017,28.276
col,sex_m,ocu_isco08_4,mts_details_sep,2018,26.342
col,sex_m,ocu_isco08_4,mts_details_sep,2019,29.375
col,sex_m,ocu_isco08_4,mts_details_sep,2021,18.588
col,sex_m,ocu_isco08_4,mts_details_sep,2022,24.13
col,sex_m,ocu_isco08_4,mts_details_sep,2023,27.45
col,sex_m,ocu_isco08_4,mts_details_sep,2024,33.374
col,sex_m,ocu_isco08_4,mts_details_sep,2025,30.839
col,sex_m,ocu_isco08_4,mts_details_sgle,2002,86.354
col,sex_m,ocu_isco08_4,mts_details_sgle,2003,93.074
col,sex_m,ocu_isco08_4,mts_details_sgle,2004,92.958
col,sex_m,ocu_isco08_4,mts_details_sgle,2005,108.858
col,sex_m,ocu_isco08_4,mts_details_sgle,2007,114.443
col,sex_m,ocu_isco08_4,mts_details_sgle,2008,117.579
col,sex_m,ocu_isco08_4,mts_details_sgle,2009,110.597
col,sex_m,ocu_isco08_4,mts_details_sgle,2010,113.437
col,sex_m,ocu_isco08_4,mts_details_sgle,2011,128.492
col,sex_m,ocu_isco08_4,mts_details_sgle,2012,134.018
col,sex_m,ocu_isco08_4,mts_details_sgle,2013,117.922
col,sex_m,ocu_isco08_4,mts_details_sgle,2014,140.909
col,sex_m,ocu_isco08_4,mts_details_sgle,2015,137.656
col,sex_m,ocu_isco08_4,mts_details_sgle,2016,147.707
col,sex_m,ocu_isco08_4,mts_details_sgle,2017,132.089
col,sex_m,ocu_isco08_4,mts_details_sgle,2018,139.063
col,sex_m,ocu_isco08_4,mts_details_sgle,2019,128.652
col,sex_m,ocu_isco08_4,mts_details_sgle,2021,136.099
col,sex_m,ocu_isco08_4,mts_details_sgle,2022,202.769
col,sex_m,ocu_isco08_4,mts_details_sgle,2023,220.225
col,sex_m,ocu_isco08_4,mts_details_sgle,2024,242.803
col,sex_m,ocu_isco08_4,mts_details_sgle,2025,255.971
col,sex_m,ocu_isco08_4,mts_details_total,2002,213.707
col,sex_m,ocu_isco08_4,mts_details_total,2003,228.989
col,sex_m,ocu_isco08_4,mts_details_total,2004,239.968
col,sex_m,ocu_isco08_4,mts_details_total,2005,254.01
col,sex_m,ocu_isco08_4,mts_details_total,2007,447.444
col,sex_m,ocu_isco08_4,mts_details_total,2008,275.97
col,sex_m,ocu_isco08_4,mts_details_total,2009,272.834
col,sex_m,ocu_isco08_4,mts_details_total,2010,263.089
col,sex_m,ocu_isco08_4,mts_details_total,2011,293.04
col,sex_m,ocu_isco08_4,mts_details_total,2012,307.934
col,sex_m,ocu_isco08_4,mts_details_total,2013,300.803
col,sex_m,ocu_isco08_4,mts_details_total,2014,338.18
col,sex_m,ocu_isco08_4,mts_details_total,2015,331.444
col,sex_m,ocu_isco08_4,mts_details_total,2016,364.273
col,sex_m,ocu_isco08_4,mts_details_total,2017,345.467
col,sex_m,ocu_isco08_4,mts_details_total,2018,355.475
col,sex_m,ocu_isco08_4,mts_details_total,2019,330.109
col,sex_m,ocu_isco08_4,mts_details_total,2021,337.671
col,sex_m,ocu_isco08_4,mts_details_total,2022,435.093
col,sex_m,ocu_isco08_4,mts_details_total,2023,476.718
col,sex_m,ocu_isco08_4,mts_details_total,2024,517.538
col,sex_m,ocu_isco08_4,mts_details_total,2025,532.264
col,sex_m,ocu_isco08_4,mts_details_union,2002,47.832
col,sex_m,ocu_isco08_4,mts_details_union,2003,51.344
col,sex_m,ocu_isco08_4,mts_details_union,2004,57.4
col,sex_m,ocu_isco08_4,mts_details_union,2005,59.965
col,sex_m,ocu_isco08_4,mts_details_union,2007,141.945
col,sex_m,ocu_isco08_4,mts_details_union,2008,65.987
col,sex_m,ocu_isco08_4,mts_details_union,2009,73
col,sex_m,ocu_isco08_4,mts_details_union,2010,67.752
col,sex_m,ocu_isco08_4,mts_details_union,2011,72.915
col,sex_m,ocu_isco08_4,mts_details_union,2012,78.76
col,sex_m,ocu_isco08_4,mts_details_union,2013,84.093
col,sex_m,ocu_isco08_4,mts_details_union,2014,88.307
col,sex_m,ocu_isco08_4,mts_details_union,2015,98.31
col,sex_m,ocu_isco08_4,mts_details_union,2016,103.296
col,sex_m,ocu_isco08_4,mts_details_union,2017,110.915
col,sex_m,ocu_isco08_4,mts_details_union,2018,113.048
col,sex_m,ocu_isco08_4,mts_details_union,2019,101.933
col,sex_m,ocu_isco08_4,mts_details_union,2021,107.234
col,sex_m,ocu_isco08_4,mts_details_union,2022,133.484
col,sex_m,ocu_isco08_4,mts_details_union,2023,150.442
col,sex_m,ocu_isco08_4,mts_details_union,2024,149.542
col,sex_m,ocu_isco08_4,mts_details_union,2025,161.427
col,sex_m,ocu_isco08_4,mts_details_wid,2002,1.129
col,sex_m,ocu_isco08_4,mts_details_wid,2003,1.16
col,sex_m,ocu_isco08_4,mts_details_wid,2004,1.166
col,sex_m,ocu_isco08_4,mts_details_wid,2005,0.183
col,sex_m,ocu_isco08_4,mts_details_wid,2007,161.459
col,sex_m,ocu_isco08_4,mts_details_wid,2008,1.499
col,sex_m,ocu_isco08_4,mts_details_wid,2009,1.295
col,sex_m,ocu_isco08_4,mts_details_wid,2010,0.57
col,sex_m,ocu_isco08_4,mts_details_wid,2011,1.179
col,sex_m,ocu_isco08_4,mts_details_wid,2012,1.096
col,sex_m,ocu_isco08_4,mts_details_wid,2013,0.888
col,sex_m,ocu_isco08_4,mts_details_wid,2014,1.034
col,sex_m,ocu_isco08_4,mts_details_wid,2015,0.761
col,sex_m,ocu_isco08_4,mts_details_wid,2016,1.615
col,sex_m,ocu_isco08_4,mts_details_wid,2017,0.426
col,sex_m,ocu_isco08_4,mts_details_wid,2018,0.528
col,sex_m,ocu_isco08_4,mts_details_wid,2019,0.68
col,sex_m,ocu_isco08_4,mts_details_wid,2021,1.732
col,sex_m,ocu_isco08_4,mts_details_wid,2022,1.181
col,sex_m,ocu_isco08_4,mts_details_wid,2023,0.576
col,sex_m,ocu_isco08_4,mts_details_wid,2024,1.392
col,sex_m,ocu_isco08_4,mts_details_wid,2025,1.922
col,sex_m,ocu_isco08_5,mts_aggregate_1,2002,155.869
col,sex_m,ocu_isco08_5,mts_aggregate_1,2003,163.139
col,sex_m,ocu_isco08_5,mts_aggregate_1,2004,172.264
col,sex_m,ocu_isco08_5,mts_aggregate_1,2005,184.21
col,sex_m,ocu_isco08_5,mts_aggregate_1,2007,271.137
col,sex_m,ocu_isco08_5,mts_aggregate_1,2008,164.492
col,sex_m,ocu_isco08_5,mts_aggregate_1,2009,180.862
col,sex_m,ocu_isco08_5,mts_aggregate_1,2010,180.194
col,sex_m,ocu_isco08_5,mts_aggregate_1,2011,202.532
col,sex_m,ocu_isco08_5,mts_aggregate_1,2012,196.175
col,sex_m,ocu_isco08_5,mts_aggregate_1,2013,200.701
col,sex_m,ocu_isco08_5,mts_aggregate_1,2014,216.532
col,sex_m,ocu_isco08_5,mts_aggregate_1,2015,228.57
col,sex_m,ocu_isco08_5,mts_aggregate_1,2016,225.941
col,sex_m,ocu_isco08_5,mts_aggregate_1,2017,224.692
col,sex_m,ocu_isco08_5,mts_aggregate_1,2018,221.952
col,sex_m,ocu_isco08_5,mts_aggregate_1,2019,229.901
col,sex_m,ocu_isco08_5,mts_aggregate_1,2021,209.102
col,sex_m,ocu_isco08_5,mts_aggregate_1,2022,451.663
col,sex_m,ocu_isco08_5,mts_aggregate_1,2023,496.444
col,sex_m,ocu_isco08_5,mts_aggregate_1,2024,517.243
col,sex_m,ocu_isco08_5,mts_aggregate_1,2025,550.822
col,sex_m,ocu_isco08_5,mts_aggregate_2,2002,260.587
col,sex_m,ocu_isco08_5,mts_aggregate_2,2003,287.234
col,sex_m,ocu_isco08_5,mts_aggregate_2,2004,264.38
col,sex_m,ocu_isco08_5,mts_aggregate_2,2005,283.215
col,sex_m,ocu_isco08_5,mts_aggregate_2,2007,169.153
col,sex_m,ocu_isco08_5,mts_aggregate_2,2008,274.016
col,sex_m,ocu_isco08_5,mts_aggregate_2,2009,269.11
col,sex_m,ocu_isco08_5,mts_aggregate_2,2010,287.14
col,sex_m,ocu_isco08_5,mts_aggregate_2,2011,286.816
col,sex_m,ocu_isco08_5,mts_aggregate_2,2012,301.903
col,sex_m,ocu_isco08_5,mts_aggregate_2,2013,313.706
col,sex_m,ocu_isco08_5,mts_aggregate_2,2014,312.022
col,sex_m,ocu_isco08_5,mts_aggregate_2,2015,320.468
col,sex_m,ocu_isco08_5,mts_aggregate_2,2016,333.495
col,sex_m,ocu_isco08_5,mts_aggregate_2,2017,308.3
col,sex_m,ocu_isco08_5,mts_aggregate_2,2018,326.585
col,sex_m,ocu_isco08_5,mts_aggregate_2,2019,334.057
col,sex_m,ocu_isco08_5,mts_aggregate_2,2021,341.502
col,sex_m,ocu_isco08_5,mts_aggregate_2,2022,607.403
col,sex_m,ocu_isco08_5,mts_aggregate_2,2023,637.799
col,sex_m,ocu_isco08_5,mts_aggregate_2,2024,661.945
col,sex_m,ocu_isco08_5,mts_aggregate_2,2025,684.585
col,sex_m,ocu_isco08_5,mts_aggregate_total,2002,416.456
col,sex_m,ocu_isco08_5,mts_aggregate_total,2003,450.373
col,sex_m,ocu_isco08_5,mts_aggregate_total,2004,436.644
col,sex_m,ocu_isco08_5,mts_aggregate_total,2005,467.425
col,sex_m,ocu_isco08_5,mts_aggregate_total,2007,440.29
col,sex_m,ocu_isco08_5,mts_aggregate_total,2008,438.508
col,sex_m,ocu_isco08_5,mts_aggregate_total,2009,449.972
col,sex_m,ocu_isco08_5,mts_aggregate_total,2010,467.334
col,sex_m,ocu_isco08_5,mts_aggregate_total,2011,489.348
col,sex_m,ocu_isco08_5,mts_aggregate_total,2012,498.078
col,sex_m,ocu_isco08_5,mts_aggregate_total,2013,514.408
col,sex_m,ocu_isco08_5,mts_aggregate_total,2014,528.554
col,sex_m,ocu_isco08_5,mts_aggregate_total,2015,549.038
col,sex_m,ocu_isco08_5,mts_aggregate_total,2016,559.436
col,sex_m,ocu_isco08_5,mts_aggregate_total,2017,532.992
col,sex_m,ocu_isco08_5,mts_aggregate_total,2018,548.536
col,sex_m,ocu_isco08_5,mts_aggregate_total,2019,563.958
col,sex_m,ocu_isco08_5,mts_aggregate_total,2021,550.605
col,sex_m,ocu_isco08_5,mts_aggregate_total,2022,1059.066
col,sex_m,ocu_isco08_5,mts_aggregate_total,2023,1134.243
col,sex_m,ocu_isco08_5,mts_aggregate_total,2024,1179.188
col,sex_m,ocu_isco08_5,mts_aggregate_total,2025,1235.407
col,sex_m,ocu_isco08_5,mts_details_mrd,2002,139.194
col,sex_m,ocu_isco08_5,mts_details_mrd,2003,150.768
col,sex_m,ocu_isco08_5,mts_details_mrd,2004,139.639
col,sex_m,ocu_isco08_5,mts_details_mrd,2005,148.652
col,sex_m,ocu_isco08_5,mts_details_mrd,2007,24.517
col,sex_m,ocu_isco08_5,mts_details_mrd,2008,135.251
col,sex_m,ocu_isco08_5,mts_details_mrd,2009,131.353
col,sex_m,ocu_isco08_5,mts_details_mrd,2010,133.098
col,sex_m,ocu_isco08_5,mts_details_mrd,2011,131.936
col,sex_m,ocu_isco08_5,mts_details_mrd,2012,133.801
col,sex_m,ocu_isco08_5,mts_details_mrd,2013,132.574
col,sex_m,ocu_isco08_5,mts_details_mrd,2014,134.683
col,sex_m,ocu_isco08_5,mts_details_mrd,2015,129.469
col,sex_m,ocu_isco08_5,mts_details_mrd,2016,137.676
col,sex_m,ocu_isco08_5,mts_details_mrd,2017,116.156
col,sex_m,ocu_isco08_5,mts_details_mrd,2018,132.193
col,sex_m,ocu_isco08_5,mts_details_mrd,2019,121.717
col,sex_m,ocu_isco08_5,mts_details_mrd,2021,115.3
col,sex_m,ocu_isco08_5,mts_details_mrd,2022,197.774
col,sex_m,ocu_isco08_5,mts_details_mrd,2023,212.498
col,sex_m,ocu_isco08_5,mts_details_mrd,2024,222.854
col,sex_m,ocu_isco08_5,mts_details_mrd,2025,210.68
col,sex_m,ocu_isco08_5,mts_details_sep,2002,24.871
col,sex_m,ocu_isco08_5,mts_details_sep,2003,19.664
col,sex_m,ocu_isco08_5,mts_details_sep,2004,21.909
col,sex_m,ocu_isco08_5,mts_details_sep,2005,25.886
col,sex_m,ocu_isco08_5,mts_details_sep,2007,2.381
col,sex_m,ocu_isco08_5,mts_details_sep,2008,25.085
col,sex_m,ocu_isco08_5,mts_details_sep,2009,28.734
col,sex_m,ocu_isco08_5,mts_details_sep,2010,33.553
col,sex_m,ocu_isco08_5,mts_details_sep,2011,36.131
col,sex_m,ocu_isco08_5,mts_details_sep,2012,39.449
col,sex_m,ocu_isco08_5,mts_details_sep,2013,42.427
col,sex_m,ocu_isco08_5,mts_details_sep,2014,47.905
col,sex_m,ocu_isco08_5,mts_details_sep,2015,52.983
col,sex_m,ocu_isco08_5,mts_details_sep,2016,50.834
col,sex_m,ocu_isco08_5,mts_details_sep,2017,54.746
col,sex_m,ocu_isco08_5,mts_details_sep,2018,50.502
col,sex_m,ocu_isco08_5,mts_details_sep,2019,55.201
col,sex_m,ocu_isco08_5,mts_details_sep,2021,46.613
col,sex_m,ocu_isco08_5,mts_details_sep,2022,82.387
col,sex_m,ocu_isco08_5,mts_details_sep,2023,94.11
col,sex_m,ocu_isco08_5,mts_details_sep,2024,108.548
col,sex_m,ocu_isco08_5,mts_details_sep,2025,105.98
col,sex_m,ocu_isco08_5,mts_details_sgle,2002,127.814
col,sex_m,ocu_isco08_5,mts_details_sgle,2003,141.244
col,sex_m,ocu_isco08_5,mts_details_sgle,2004,147.65
col,sex_m,ocu_isco08_5,mts_details_sgle,2005,155.311
col,sex_m,ocu_isco08_5,mts_details_sgle,2007,134.436
col,sex_m,ocu_isco08_5,mts_details_sgle,2008,136.312
col,sex_m,ocu_isco08_5,mts_details_sgle,2009,150.188
col,sex_m,ocu_isco08_5,mts_details_sgle,2010,144.751
col,sex_m,ocu_isco08_5,mts_details_sgle,2011,163.066
col,sex_m,ocu_isco08_5,mts_details_sgle,2012,155.318
col,sex_m,ocu_isco08_5,mts_details_sgle,2013,155.968
col,sex_m,ocu_isco08_5,mts_details_sgle,2014,166.033
col,sex_m,ocu_isco08_5,mts_details_sgle,2015,172.776
col,sex_m,ocu_isco08_5,mts_details_sgle,2016,172.128
col,sex_m,ocu_isco08_5,mts_details_sgle,2017,167.383
col,sex_m,ocu_isco08_5,mts_details_sgle,2018,169.84
col,sex_m,ocu_isco08_5,mts_details_sgle,2019,170.659
col,sex_m,ocu_isco08_5,mts_details_sgle,2021,158.922
col,sex_m,ocu_isco08_5,mts_details_sgle,2022,364.401
col,sex_m,ocu_isco08_5,mts_details_sgle,2023,395.404
col,sex_m,ocu_isco08_5,mts_details_sgle,2024,403.886
col,sex_m,ocu_isco08_5,mts_details_sgle,2025,436.784
col,sex_m,ocu_isco08_5,mts_details_total,2002,416.456
col,sex_m,ocu_isco08_5,mts_details_total,2003,450.373
col,sex_m,ocu_isco08_5,mts_details_total,2004,436.644
col,sex_m,ocu_isco08_5,mts_details_total,2005,467.425
col,sex_m,ocu_isco08_5,mts_details_total,2007,440.29
col,sex_m,ocu_isco08_5,mts_details_total,2008,438.508
col,sex_m,ocu_isco08_5,mts_details_total,2009,449.972
col,sex_m,ocu_isco08_5,mts_details_total,2010,467.334
col,sex_m,ocu_isco08_5,mts_details_total,2011,489.348
col,sex_m,ocu_isco08_5,mts_details_total,2012,498.078
col,sex_m,ocu_isco08_5,mts_details_total,2013,514.408
col,sex_m,ocu_isco08_5,mts_details_total,2014,528.554
col,sex_m,ocu_isco08_5,mts_details_total,2015,549.038
col,sex_m,ocu_isco08_5,mts_details_total,2016,559.436
col,sex_m,ocu_isco08_5,mts_details_total,2017,532.992
col,sex_m,ocu_isco08_5,mts_details_total,2018,548.536
col,sex_m,ocu_isco08_5,mts_details_total,2019,563.958
col,sex_m,ocu_isco08_5,mts_details_total,2021,550.605
col,sex_m,ocu_isco08_5,mts_details_total,2022,1059.066
col,sex_m,ocu_isco08_5,mts_details_total,2023,1134.243
col,sex_m,ocu_isco08_5,mts_details_total,2024,1179.188
col,sex_m,ocu_isco08_5,mts_details_total,2025,1235.407
col,sex_m,ocu_isco08_5,mts_details_union,2002,121.393
col,sex_m,ocu_isco08_5,mts_details_union,2003,136.466
col,sex_m,ocu_isco08_5,mts_details_union,2004,124.741
col,sex_m,ocu_isco08_5,mts_details_union,2005,134.563
col,sex_m,ocu_isco08_5,mts_details_union,2007,144.636
col,sex_m,ocu_isco08_5,mts_details_union,2008,138.764
col,sex_m,ocu_isco08_5,mts_details_union,2009,137.757
col,sex_m,ocu_isco08_5,mts_details_union,2010,154.042
col,sex_m,ocu_isco08_5,mts_details_union,2011,154.88
col,sex_m,ocu_isco08_5,mts_details_union,2012,168.102
col,sex_m,ocu_isco08_5,mts_details_union,2013,181.132
col,sex_m,ocu_isco08_5,mts_details_union,2014,177.339
col,sex_m,ocu_isco08_5,mts_details_union,2015,191
col,sex_m,ocu_isco08_5,mts_details_union,2016,195.818
col,sex_m,ocu_isco08_5,mts_details_union,2017,192.144
col,sex_m,ocu_isco08_5,mts_details_union,2018,194.391
col,sex_m,ocu_isco08_5,mts_details_union,2019,212.34
col,sex_m,ocu_isco08_5,mts_details_union,2021,226.202
col,sex_m,ocu_isco08_5,mts_details_union,2022,409.629
col,sex_m,ocu_isco08_5,mts_details_union,2023,425.301
col,sex_m,ocu_isco08_5,mts_details_union,2024,439.091
col,sex_m,ocu_isco08_5,mts_details_union,2025,473.905
col,sex_m,ocu_isco08_5,mts_details_wid,2002,3.184
col,sex_m,ocu_isco08_5,mts_details_wid,2003,2.231
col,sex_m,ocu_isco08_5,mts_details_wid,2004,2.705
col,sex_m,ocu_isco08_5,mts_details_wid,2005,3.013
col,sex_m,ocu_isco08_5,mts_details_wid,2007,134.321
col,sex_m,ocu_isco08_5,mts_details_wid,2008,3.095
col,sex_m,ocu_isco08_5,mts_details_wid,2009,1.94
col,sex_m,ocu_isco08_5,mts_details_wid,2010,1.89
col,sex_m,ocu_isco08_5,mts_details_wid,2011,3.334
col,sex_m,ocu_isco08_5,mts_details_wid,2012,1.408
col,sex_m,ocu_isco08_5,mts_details_wid,2013,2.306
col,sex_m,ocu_isco08_5,mts_details_wid,2014,2.594
col,sex_m,ocu_isco08_5,mts_details_wid,2015,2.81
col,sex_m,ocu_isco08_5,mts_details_wid,2016,2.978
col,sex_m,ocu_isco08_5,mts_details_wid,2017,2.563
col,sex_m,ocu_isco08_5,mts_details_wid,2018,1.61
col,sex_m,ocu_isco08_5,mts_details_wid,2019,4.041
col,sex_m,ocu_isco08_5,mts_details_wid,2021,3.567
col,sex_m,ocu_isco08_5,mts_details_wid,2022,4.875
col,sex_m,ocu_isco08_5,mts_details_wid,2023,6.93
col,sex_m,ocu_isco08_5,mts_details_wid,2024,4.81
col,sex_m,ocu_isco08_5,mts_details_wid,2025,8.058
col,sex_m,ocu_isco08_6,mts_aggregate_1,2002,122.436
col,sex_m,ocu_isco08_6,mts_aggregate_1,2003,123.037
col,sex_m,ocu_isco08_6,mts_aggregate_1,2004,104.108
col,sex_m,ocu_isco08_6,mts_aggregate_1,2005,113.095
col,sex_m,ocu_isco08_6,mts_aggregate_1,2007,145.077
col,sex_m,ocu_isco08_6,mts_aggregate_1,2008,100.147
col,sex_m,ocu_isco08_6,mts_aggregate_1,2009,94.892
col,sex_m,ocu_isco08_6,mts_aggregate_1,2010,95.302
col,sex_m,ocu_isco08_6,mts_aggregate_1,2011,92.074
col,sex_m,ocu_isco08_6,mts_aggregate_1,2012,95.451
col,sex_m,ocu_isco08_6,mts_aggregate_1,2013,89.231
col,sex_m,ocu_isco08_6,mts_aggregate_1,2014,93.705
col,sex_m,ocu_isco08_6,mts_aggregate_1,2015,81.568
col,sex_m,ocu_isco08_6,mts_aggregate_1,2016,76.969
col,sex_m,ocu_isco08_6,mts_aggregate_1,2017,93.153
col,sex_m,ocu_isco08_6,mts_aggregate_1,2018,76.083
col,sex_m,ocu_isco08_6,mts_aggregate_1,2019,93.952
col,sex_m,ocu_isco08_6,mts_aggregate_1,2021,86.831
col,sex_m,ocu_isco08_6,mts_aggregate_1,2022,95.76
col,sex_m,ocu_isco08_6,mts_aggregate_1,2023,103.481
col,sex_m,ocu_isco08_6,mts_aggregate_1,2024,87.638
col,sex_m,ocu_isco08_6,mts_aggregate_1,2025,87.011
col,sex_m,ocu_isco08_6,mts_aggregate_2,2002,172.823
col,sex_m,ocu_isco08_6,mts_aggregate_2,2003,205.13
col,sex_m,ocu_isco08_6,mts_aggregate_2,2004,199.298
col,sex_m,ocu_isco08_6,mts_aggregate_2,2005,189.704
col,sex_m,ocu_isco08_6,mts_aggregate_2,2007,114.495
col,sex_m,ocu_isco08_6,mts_aggregate_2,2008,201.094
col,sex_m,ocu_isco08_6,mts_aggregate_2,2009,200.92
col,sex_m,ocu_isco08_6,mts_aggregate_2,2010,204.183
col,sex_m,ocu_isco08_6,mts_aggregate_2,2011,189.492
col,sex_m,ocu_isco08_6,mts_aggregate_2,2012,196.208
col,sex_m,ocu_isco08_6,mts_aggregate_2,2013,182.038
col,sex_m,ocu_isco08_6,mts_aggregate_2,2014,176.401
col,sex_m,ocu_isco08_6,mts_aggregate_2,2015,169.292
col,sex_m,ocu_isco08_6,mts_aggregate_2,2016,173.267
col,sex_m,ocu_isco08_6,mts_aggregate_2,2017,176.656
col,sex_m,ocu_isco08_6,mts_aggregate_2,2018,179.182
col,sex_m,ocu_isco08_6,mts_aggregate_2,2019,207.303
col,sex_m,ocu_isco08_6,mts_aggregate_2,2021,182.164
col,sex_m,ocu_isco08_6,mts_aggregate_2,2022,167.229
col,sex_m,ocu_isco08_6,mts_aggregate_2,2023,153.213
col,sex_m,ocu_isco08_6,mts_aggregate_2,2024,138.81
col,sex_m,ocu_isco08_6,mts_aggregate_2,2025,147.069
col,sex_m,ocu_isco08_6,mts_aggregate_total,2002,295.259
col,sex_m,ocu_isco08_6,mts_aggregate_total,2003,328.167
col,sex_m,ocu_isco08_6,mts_aggregate_total,2004,303.405
col,sex_m,ocu_isco08_6,mts_aggregate_total,2005,302.8
col,sex_m,ocu_isco08_6,mts_aggregate_total,2007,259.572
col,sex_m,ocu_isco08_6,mts_aggregate_total,2008,301.241
col,sex_m,ocu_isco08_6,mts_aggregate_total,2009,295.812
col,sex_m,ocu_isco08_6,mts_aggregate_total,2010,299.486
col,sex_m,ocu_isco08_6,mts_aggregate_total,2011,281.566
col,sex_m,ocu_isco08_6,mts_aggregate_total,2012,291.659
col,sex_m,ocu_isco08_6,mts_aggregate_total,2013,271.269
col,sex_m,ocu_isco08_6,mts_aggregate_total,2014,270.106
col,sex_m,ocu_isco08_6,mts_aggregate_total,2015,250.86
col,sex_m,ocu_isco08_6,mts_aggregate_total,2016,250.236
col,sex_m,ocu_isco08_6,mts_aggregate_total,2017,269.81
col,sex_m,ocu_isco08_6,mts_aggregate_total,2018,255.266
col,sex_m,ocu_isco08_6,mts_aggregate_total,2019,301.255
col,sex_m,ocu_isco08_6,mts_aggregate_total,2021,268.994
col,sex_m,ocu_isco08_6,mts_aggregate_total,2022,262.989
col,sex_m,ocu_isco08_6,mts_aggregate_total,2023,256.694
col,sex_m,ocu_isco08_6,mts_aggregate_total,2024,226.448
col,sex_m,ocu_isco08_6,mts_aggregate_total,2025,234.08
col,sex_m,ocu_isco08_6,mts_details_mrd,2002,78.31
col,sex_m,ocu_isco08_6,mts_details_mrd,2003,84.754
col,sex_m,ocu_isco08_6,mts_details_mrd,2004,76.191
col,sex_m,ocu_isco08_6,mts_details_mrd,2005,73.037
col,sex_m,ocu_isco08_6,mts_details_mrd,2007,11.684
col,sex_m,ocu_isco08_6,mts_details_mrd,2008,72.705
col,sex_m,ocu_isco08_6,mts_details_mrd,2009,67.366
col,sex_m,ocu_isco08_6,mts_details_mrd,2010,61.972
col,sex_m,ocu_isco08_6,mts_details_mrd,2011,61.025
col,sex_m,ocu_isco08_6,mts_details_mrd,2012,58.224
col,sex_m,ocu_isco08_6,mts_details_mrd,2013,59.12
col,sex_m,ocu_isco08_6,mts_details_mrd,2014,53.117
col,sex_m,ocu_isco08_6,mts_details_mrd,2015,55.391
col,sex_m,ocu_isco08_6,mts_details_mrd,2016,49.405
col,sex_m,ocu_isco08_6,mts_details_mrd,2017,48.532
col,sex_m,ocu_isco08_6,mts_details_mrd,2018,44.664
col,sex_m,ocu_isco08_6,mts_details_mrd,2019,52.766
col,sex_m,ocu_isco08_6,mts_details_mrd,2021,43.793
col,sex_m,ocu_isco08_6,mts_details_mrd,2022,43.56
col,sex_m,ocu_isco08_6,mts_details_mrd,2023,40.043
col,sex_m,ocu_isco08_6,mts_details_mrd,2024,35.648
col,sex_m,ocu_isco08_6,mts_details_mrd,2025,36.072
col,sex_m,ocu_isco08_6,mts_details_sep,2002,16.776
col,sex_m,ocu_isco08_6,mts_details_sep,2003,16.832
col,sex_m,ocu_isco08_6,mts_details_sep,2004,12.363
col,sex_m,ocu_isco08_6,mts_details_sep,2005,12.622
col,sex_m,ocu_isco08_6,mts_details_sep,2007,1.777
col,sex_m,ocu_isco08_6,mts_details_sep,2008,15.23
col,sex_m,ocu_isco08_6,mts_details_sep,2009,20.951
col,sex_m,ocu_isco08_6,mts_details_sep,2010,21.541
col,sex_m,ocu_isco08_6,mts_details_sep,2011,19.772
col,sex_m,ocu_isco08_6,mts_details_sep,2012,19.836
col,sex_m,ocu_isco08_6,mts_details_sep,2013,24.796
col,sex_m,ocu_isco08_6,mts_details_sep,2014,26.294
col,sex_m,ocu_isco08_6,mts_details_sep,2015,19.511
col,sex_m,ocu_isco08_6,mts_details_sep,2016,25.206
col,sex_m,ocu_isco08_6,mts_details_sep,2017,29.111
col,sex_m,ocu_isco08_6,mts_details_sep,2018,25.244
col,sex_m,ocu_isco08_6,mts_details_sep,2019,32.113
col,sex_m,ocu_isco08_6,mts_details_sep,2021,25.954
col,sex_m,ocu_isco08_6,mts_details_sep,2022,26.111
col,sex_m,ocu_isco08_6,mts_details_sep,2023,29.427
col,sex_m,ocu_isco08_6,mts_details_sep,2024,23.05
col,sex_m,ocu_isco08_6,mts_details_sep,2025,26.766
col,sex_m,ocu_isco08_6,mts_details_sgle,2002,99.943
col,sex_m,ocu_isco08_6,mts_details_sgle,2003,104.223
col,sex_m,ocu_isco08_6,mts_details_sgle,2004,89.579
col,sex_m,ocu_isco08_6,mts_details_sgle,2005,95.309
col,sex_m,ocu_isco08_6,mts_details_sgle,2007,68.388
col,sex_m,ocu_isco08_6,mts_details_sgle,2008,80.974
col,sex_m,ocu_isco08_6,mts_details_sgle,2009,72.719
col,sex_m,ocu_isco08_6,mts_details_sgle,2010,71.946
col,sex_m,ocu_isco08_6,mts_details_sgle,2011,68.509
col,sex_m,ocu_isco08_6,mts_details_sgle,2012,73.085
col,sex_m,ocu_isco08_6,mts_details_sgle,2013,62.073
col,sex_m,ocu_isco08_6,mts_details_sgle,2014,64.64
col,sex_m,ocu_isco08_6,mts_details_sgle,2015,60.3
col,sex_m,ocu_isco08_6,mts_details_sgle,2016,47.62
col,sex_m,ocu_isco08_6,mts_details_sgle,2017,61.567
col,sex_m,ocu_isco08_6,mts_details_sgle,2018,48.365
col,sex_m,ocu_isco08_6,mts_details_sgle,2019,58.38
col,sex_m,ocu_isco08_6,mts_details_sgle,2021,58.263
col,sex_m,ocu_isco08_6,mts_details_sgle,2022,66.664
col,sex_m,ocu_isco08_6,mts_details_sgle,2023,70.676
col,sex_m,ocu_isco08_6,mts_details_sgle,2024,60.74
col,sex_m,ocu_isco08_6,mts_details_sgle,2025,56.837
col,sex_m,ocu_isco08_6,mts_details_total,2002,295.259
col,sex_m,ocu_isco08_6,mts_details_total,2003,328.167
col,sex_m,ocu_isco08_6,mts_details_total,2004,303.405
col,sex_m,ocu_isco08_6,mts_details_total,2005,302.8
col,sex_m,ocu_isco08_6,mts_details_total,2007,259.572
col,sex_m,ocu_isco08_6,mts_details_total,2008,301.241
col,sex_m,ocu_isco08_6,mts_details_total,2009,295.812
col,sex_m,ocu_isco08_6,mts_details_total,2010,299.486
col,sex_m,ocu_isco08_6,mts_details_total,2011,281.566
col,sex_m,ocu_isco08_6,mts_details_total,2012,291.659
col,sex_m,ocu_isco08_6,mts_details_total,2013,271.269
col,sex_m,ocu_isco08_6,mts_details_total,2014,270.106
col,sex_m,ocu_isco08_6,mts_details_total,2015,250.86
col,sex_m,ocu_isco08_6,mts_details_total,2016,250.236
col,sex_m,ocu_isco08_6,mts_details_total,2017,269.81
col,sex_m,ocu_isco08_6,mts_details_total,2018,255.266
col,sex_m,ocu_isco08_6,mts_details_total,2019,301.255
col,sex_m,ocu_isco08_6,mts_details_total,2021,268.994
col,sex_m,ocu_isco08_6,mts_details_total,2022,262.989
col,sex_m,ocu_isco08_6,mts_details_total,2023,256.694
col,sex_m,ocu_isco08_6,mts_details_total,2024,226.448
col,sex_m,ocu_isco08_6,mts_details_total,2025,234.08
col,sex_m,ocu_isco08_6,mts_details_union,2002,94.514
col,sex_m,ocu_isco08_6,mts_details_union,2003,120.376
col,sex_m,ocu_isco08_6,mts_details_union,2004,123.107
col,sex_m,ocu_isco08_6,mts_details_union,2005,116.668
col,sex_m,ocu_isco08_6,mts_details_union,2007,102.811
col,sex_m,ocu_isco08_6,mts_details_union,2008,128.389
col,sex_m,ocu_isco08_6,mts_details_union,2009,133.553
col,sex_m,ocu_isco08_6,mts_details_union,2010,142.211
col,sex_m,ocu_isco08_6,mts_details_union,2011,128.468
col,sex_m,ocu_isco08_6,mts_details_union,2012,137.984
col,sex_m,ocu_isco08_6,mts_details_union,2013,122.918
col,sex_m,ocu_isco08_6,mts_details_union,2014,123.284
col,sex_m,ocu_isco08_6,mts_details_union,2015,113.901
col,sex_m,ocu_isco08_6,mts_details_union,2016,123.862
col,sex_m,ocu_isco08_6,mts_details_union,2017,128.124
col,sex_m,ocu_isco08_6,mts_details_union,2018,134.518
col,sex_m,ocu_isco08_6,mts_details_union,2019,154.536
col,sex_m,ocu_isco08_6,mts_details_union,2021,138.371
col,sex_m,ocu_isco08_6,mts_details_union,2022,123.669
col,sex_m,ocu_isco08_6,mts_details_union,2023,113.17
col,sex_m,ocu_isco08_6,mts_details_union,2024,103.162
col,sex_m,ocu_isco08_6,mts_details_union,2025,110.997
col,sex_m,ocu_isco08_6,mts_details_wid,2002,5.718
col,sex_m,ocu_isco08_6,mts_details_wid,2003,1.982
col,sex_m,ocu_isco08_6,mts_details_wid,2004,2.165
col,sex_m,ocu_isco08_6,mts_details_wid,2005,5.165
col,sex_m,ocu_isco08_6,mts_details_wid,2007,74.912
col,sex_m,ocu_isco08_6,mts_details_wid,2008,3.943
col,sex_m,ocu_isco08_6,mts_details_wid,2009,1.222
col,sex_m,ocu_isco08_6,mts_details_wid,2010,1.815
col,sex_m,ocu_isco08_6,mts_details_wid,2011,3.793
col,sex_m,ocu_isco08_6,mts_details_wid,2012,2.531
col,sex_m,ocu_isco08_6,mts_details_wid,2013,2.362
col,sex_m,ocu_isco08_6,mts_details_wid,2014,2.771
col,sex_m,ocu_isco08_6,mts_details_wid,2015,1.758
col,sex_m,ocu_isco08_6,mts_details_wid,2016,4.143
col,sex_m,ocu_isco08_6,mts_details_wid,2017,2.475
col,sex_m,ocu_isco08_6,mts_details_wid,2018,2.474
col,sex_m,ocu_isco08_6,mts_details_wid,2019,3.459
col,sex_m,ocu_isco08_6,mts_details_wid,2021,2.613
col,sex_m,ocu_isco08_6,mts_details_wid,2022,2.986
col,sex_m,ocu_isco08_6,mts_details_wid,2023,3.377
col,sex_m,ocu_isco08_6,mts_details_wid,2024,3.848
col,sex_m,ocu_isco08_6,mts_details_wid,2025,3.409
col,sex_m,ocu_isco08_7,mts_aggregate_1,2002,283.227
col,sex_m,ocu_isco08_7,mts_aggregate_1,2003,258.492
col,sex_m,ocu_isco08_7,mts_aggregate_1,2004,282.069
col,sex_m,ocu_isco08_7,mts_aggregate_1,2005,312.466
col,sex_m,ocu_isco08_7,mts_aggregate_1,2007,460.145
col,sex_m,ocu_isco08_7,mts_aggregate_1,2008,320.007
col,sex_m,ocu_isco08_7,mts_aggregate_1,2009,325.231
col,sex_m,ocu_isco08_7,mts_aggregate_1,2010,318.892
col,sex_m,ocu_isco08_7,mts_aggregate_1,2011,358.886
col,sex_m,ocu_isco08_7,mts_aggregate_1,2012,367.229
col,sex_m,ocu_isco08_7,mts_aggregate_1,2013,380.549
col,sex_m,ocu_isco08_7,mts_aggregate_1,2014,394.322
col,sex_m,ocu_isco08_7,mts_aggregate_1,2015,414.115
col,sex_m,ocu_isco08_7,mts_aggregate_1,2016,394.201
col,sex_m,ocu_isco08_7,mts_aggregate_1,2017,381.526
col,sex_m,ocu_isco08_7,mts_aggregate_1,2018,381.848
col,sex_m,ocu_isco08_7,mts_aggregate_1,2019,439.589
col,sex_m,ocu_isco08_7,mts_aggregate_1,2021,416.946
col,sex_m,ocu_isco08_7,mts_aggregate_1,2022,325.435
col,sex_m,ocu_isco08_7,mts_aggregate_1,2023,328.794
col,sex_m,ocu_isco08_7,mts_aggregate_1,2024,358.346
col,sex_m,ocu_isco08_7,mts_aggregate_1,2025,375.053
col,sex_m,ocu_isco08_7,mts_aggregate_2,2002,465.959
col,sex_m,ocu_isco08_7,mts_aggregate_2,2003,465.133
col,sex_m,ocu_isco08_7,mts_aggregate_2,2004,459.98
col,sex_m,ocu_isco08_7,mts_aggregate_2,2005,497.807
col,sex_m,ocu_isco08_7,mts_aggregate_2,2007,347.63
col,sex_m,ocu_isco08_7,mts_aggregate_2,2008,529.395
col,sex_m,ocu_isco08_7,mts_aggregate_2,2009,540.024
col,sex_m,ocu_isco08_7,mts_aggregate_2,2010,518.167
col,sex_m,ocu_isco08_7,mts_aggregate_2,2011,542.337
col,sex_m,ocu_isco08_7,mts_aggregate_2,2012,570.732
col,sex_m,ocu_isco08_7,mts_aggregate_2,2013,569.274
col,sex_m,ocu_isco08_7,mts_aggregate_2,2014,619.718
col,sex_m,ocu_isco08_7,mts_aggregate_2,2015,629.904
col,sex_m,ocu_isco08_7,mts_aggregate_2,2016,624.379
col,sex_m,ocu_isco08_7,mts_aggregate_2,2017,628.038
col,sex_m,ocu_isco08_7,mts_aggregate_2,2018,648.15
col,sex_m,ocu_isco08_7,mts_aggregate_2,2019,677.828
col,sex_m,ocu_isco08_7,mts_aggregate_2,2021,691.411
col,sex_m,ocu_isco08_7,mts_aggregate_2,2022,503.397
col,sex_m,ocu_isco08_7,mts_aggregate_2,2023,531.101
col,sex_m,ocu_isco08_7,mts_aggregate_2,2024,554.96
col,sex_m,ocu_isco08_7,mts_aggregate_2,2025,543.664
col,sex_m,ocu_isco08_7,mts_aggregate_total,2002,749.187
col,sex_m,ocu_isco08_7,mts_aggregate_total,2003,723.626
col,sex_m,ocu_isco08_7,mts_aggregate_total,2004,742.049
col,sex_m,ocu_isco08_7,mts_aggregate_total,2005,810.273
col,sex_m,ocu_isco08_7,mts_aggregate_total,2007,807.775
col,sex_m,ocu_isco08_7,mts_aggregate_total,2008,849.402
col,sex_m,ocu_isco08_7,mts_aggregate_total,2009,865.255
col,sex_m,ocu_isco08_7,mts_aggregate_total,2010,837.059
col,sex_m,ocu_isco08_7,mts_aggregate_total,2011,901.224
col,sex_m,ocu_isco08_7,mts_aggregate_total,2012,937.961
col,sex_m,ocu_isco08_7,mts_aggregate_total,2013,949.824
col,sex_m,ocu_isco08_7,mts_aggregate_total,2014,1014.04
col,sex_m,ocu_isco08_7,mts_aggregate_total,2015,1044.02
col,sex_m,ocu_isco08_7,mts_aggregate_total,2016,1018.58
col,sex_m,ocu_isco08_7,mts_aggregate_total,2017,1009.563
col,sex_m,ocu_isco08_7,mts_aggregate_total,2018,1029.998
col,sex_m,ocu_isco08_7,mts_aggregate_total,2019,1117.417
col,sex_m,ocu_isco08_7,mts_aggregate_total,2021,1108.357
col,sex_m,ocu_isco08_7,mts_aggregate_total,2022,828.832
col,sex_m,ocu_isco08_7,mts_aggregate_total,2023,859.895
col,sex_m,ocu_isco08_7,mts_aggregate_total,2024,913.306
col,sex_m,ocu_isco08_7,mts_aggregate_total,2025,918.717
col,sex_m,ocu_isco08_7,mts_details_mrd,2002,213.66
col,sex_m,ocu_isco08_7,mts_details_mrd,2003,212.19
col,sex_m,ocu_isco08_7,mts_details_mrd,2004,207.85
col,sex_m,ocu_isco08_7,mts_details_mrd,2005,208.56
col,sex_m,ocu_isco08_7,mts_details_mrd,2007,51.303
col,sex_m,ocu_isco08_7,mts_details_mrd,2008,210.755
col,sex_m,ocu_isco08_7,mts_details_mrd,2009,217.335
col,sex_m,ocu_isco08_7,mts_details_mrd,2010,199.579
col,sex_m,ocu_isco08_7,mts_details_mrd,2011,196.716
col,sex_m,ocu_isco08_7,mts_details_mrd,2012,198.641
col,sex_m,ocu_isco08_7,mts_details_mrd,2013,197.187
col,sex_m,ocu_isco08_7,mts_details_mrd,2014,210.163
col,sex_m,ocu_isco08_7,mts_details_mrd,2015,209.516
col,sex_m,ocu_isco08_7,mts_details_mrd,2016,204.339
col,sex_m,ocu_isco08_7,mts_details_mrd,2017,210.642
col,sex_m,ocu_isco08_7,mts_details_mrd,2018,204.475
col,sex_m,ocu_isco08_7,mts_details_mrd,2019,212.751
col,sex_m,ocu_isco08_7,mts_details_mrd,2021,190.965
col,sex_m,ocu_isco08_7,mts_details_mrd,2022,141.227
col,sex_m,ocu_isco08_7,mts_details_mrd,2023,148.225
col,sex_m,ocu_isco08_7,mts_details_mrd,2024,153.912
col,sex_m,ocu_isco08_7,mts_details_mrd,2025,142.742
col,sex_m,ocu_isco08_7,mts_details_sep,2002,42.701
col,sex_m,ocu_isco08_7,mts_details_sep,2003,36.067
col,sex_m,ocu_isco08_7,mts_details_sep,2004,35.621
col,sex_m,ocu_isco08_7,mts_details_sep,2005,44.877
col,sex_m,ocu_isco08_7,mts_details_sep,2007,3.609
col,sex_m,ocu_isco08_7,mts_details_sep,2008,52.717
col,sex_m,ocu_isco08_7,mts_details_sep,2009,58.507
col,sex_m,ocu_isco08_7,mts_details_sep,2010,62.625
col,sex_m,ocu_isco08_7,mts_details_sep,2011,76.792
col,sex_m,ocu_isco08_7,mts_details_sep,2012,72.034
col,sex_m,ocu_isco08_7,mts_details_sep,2013,89.215
col,sex_m,ocu_isco08_7,mts_details_sep,2014,96.108
col,sex_m,ocu_isco08_7,mts_details_sep,2015,101.91
col,sex_m,ocu_isco08_7,mts_details_sep,2016,93.684
col,sex_m,ocu_isco08_7,mts_details_sep,2017,89.938
col,sex_m,ocu_isco08_7,mts_details_sep,2018,93.192
col,sex_m,ocu_isco08_7,mts_details_sep,2019,114.744
col,sex_m,ocu_isco08_7,mts_details_sep,2021,96.299
col,sex_m,ocu_isco08_7,mts_details_sep,2022,70.84
col,sex_m,ocu_isco08_7,mts_details_sep,2023,82.894
col,sex_m,ocu_isco08_7,mts_details_sep,2024,92.512
col,sex_m,ocu_isco08_7,mts_details_sep,2025,94.121
col,sex_m,ocu_isco08_7,mts_details_sgle,2002,236.294
col,sex_m,ocu_isco08_7,mts_details_sgle,2003,219.141
col,sex_m,ocu_isco08_7,mts_details_sgle,2004,243.045
col,sex_m,ocu_isco08_7,mts_details_sgle,2005,263.808
col,sex_m,ocu_isco08_7,mts_details_sgle,2007,208.402
col,sex_m,ocu_isco08_7,mts_details_sgle,2008,262.649
col,sex_m,ocu_isco08_7,mts_details_sgle,2009,261.696
col,sex_m,ocu_isco08_7,mts_details_sgle,2010,252.674
col,sex_m,ocu_isco08_7,mts_details_sgle,2011,276.852
col,sex_m,ocu_isco08_7,mts_details_sgle,2012,290.967
col,sex_m,ocu_isco08_7,mts_details_sgle,2013,286.374
col,sex_m,ocu_isco08_7,mts_details_sgle,2014,294.012
col,sex_m,ocu_isco08_7,mts_details_sgle,2015,308.629
col,sex_m,ocu_isco08_7,mts_details_sgle,2016,295.017
col,sex_m,ocu_isco08_7,mts_details_sgle,2017,286.952
col,sex_m,ocu_isco08_7,mts_details_sgle,2018,284.435
col,sex_m,ocu_isco08_7,mts_details_sgle,2019,319.498
col,sex_m,ocu_isco08_7,mts_details_sgle,2021,314.058
col,sex_m,ocu_isco08_7,mts_details_sgle,2022,250.608
col,sex_m,ocu_isco08_7,mts_details_sgle,2023,241.758
col,sex_m,ocu_isco08_7,mts_details_sgle,2024,259.85
col,sex_m,ocu_isco08_7,mts_details_sgle,2025,274.922
col,sex_m,ocu_isco08_7,mts_details_total,2002,749.187
col,sex_m,ocu_isco08_7,mts_details_total,2003,723.626
col,sex_m,ocu_isco08_7,mts_details_total,2004,742.049
col,sex_m,ocu_isco08_7,mts_details_total,2005,810.273
col,sex_m,ocu_isco08_7,mts_details_total,2007,807.775
col,sex_m,ocu_isco08_7,mts_details_total,2008,849.402
col,sex_m,ocu_isco08_7,mts_details_total,2009,865.255
col,sex_m,ocu_isco08_7,mts_details_total,2010,837.059
col,sex_m,ocu_isco08_7,mts_details_total,2011,901.224
col,sex_m,ocu_isco08_7,mts_details_total,2012,937.961
col,sex_m,ocu_isco08_7,mts_details_total,2013,949.824
col,sex_m,ocu_isco08_7,mts_details_total,2014,1014.04
col,sex_m,ocu_isco08_7,mts_details_total,2015,1044.02
col,sex_m,ocu_isco08_7,mts_details_total,2016,1018.58
col,sex_m,ocu_isco08_7,mts_details_total,2017,1009.563
col,sex_m,ocu_isco08_7,mts_details_total,2018,1029.998
col,sex_m,ocu_isco08_7,mts_details_total,2019,1117.417
col,sex_m,ocu_isco08_7,mts_details_total,2021,1108.357
col,sex_m,ocu_isco08_7,mts_details_total,2022,828.832
col,sex_m,ocu_isco08_7,mts_details_total,2023,859.895
col,sex_m,ocu_isco08_7,mts_details_total,2024,913.306
col,sex_m,ocu_isco08_7,mts_details_total,2025,918.717
col,sex_m,ocu_isco08_7,mts_details_union,2002,252.299
col,sex_m,ocu_isco08_7,mts_details_union,2003,252.943
col,sex_m,ocu_isco08_7,mts_details_union,2004,252.13
col,sex_m,ocu_isco08_7,mts_details_union,2005,289.247
col,sex_m,ocu_isco08_7,mts_details_union,2007,296.327
col,sex_m,ocu_isco08_7,mts_details_union,2008,318.641
col,sex_m,ocu_isco08_7,mts_details_union,2009,322.689
col,sex_m,ocu_isco08_7,mts_details_union,2010,318.588
col,sex_m,ocu_isco08_7,mts_details_union,2011,345.622
col,sex_m,ocu_isco08_7,mts_details_union,2012,372.092
col,sex_m,ocu_isco08_7,mts_details_union,2013,372.087
col,sex_m,ocu_isco08_7,mts_details_union,2014,409.555
col,sex_m,ocu_isco08_7,mts_details_union,2015,420.388
col,sex_m,ocu_isco08_7,mts_details_union,2016,420.04
col,sex_m,ocu_isco08_7,mts_details_union,2017,417.396
col,sex_m,ocu_isco08_7,mts_details_union,2018,443.675
col,sex_m,ocu_isco08_7,mts_details_union,2019,465.077
col,sex_m,ocu_isco08_7,mts_details_union,2021,500.446
col,sex_m,ocu_isco08_7,mts_details_union,2022,362.17
col,sex_m,ocu_isco08_7,mts_details_union,2023,382.876
col,sex_m,ocu_isco08_7,mts_details_union,2024,401.048
col,sex_m,ocu_isco08_7,mts_details_union,2025,400.922
col,sex_m,ocu_isco08_7,mts_details_wid,2002,4.233
col,sex_m,ocu_isco08_7,mts_details_wid,2003,3.285
col,sex_m,ocu_isco08_7,mts_details_wid,2004,3.404
col,sex_m,ocu_isco08_7,mts_details_wid,2005,3.78
col,sex_m,ocu_isco08_7,mts_details_wid,2007,248.135
col,sex_m,ocu_isco08_7,mts_details_wid,2008,4.641
col,sex_m,ocu_isco08_7,mts_details_wid,2009,5.029
col,sex_m,ocu_isco08_7,mts_details_wid,2010,3.593
col,sex_m,ocu_isco08_7,mts_details_wid,2011,5.243
col,sex_m,ocu_isco08_7,mts_details_wid,2012,4.227
col,sex_m,ocu_isco08_7,mts_details_wid,2013,4.96
col,sex_m,ocu_isco08_7,mts_details_wid,2014,4.202
col,sex_m,ocu_isco08_7,mts_details_wid,2015,3.576
col,sex_m,ocu_isco08_7,mts_details_wid,2016,5.5
col,sex_m,ocu_isco08_7,mts_details_wid,2017,4.635
col,sex_m,ocu_isco08_7,mts_details_wid,2018,4.222
col,sex_m,ocu_isco08_7,mts_details_wid,2019,5.346
col,sex_m,ocu_isco08_7,mts_details_wid,2021,6.59
col,sex_m,ocu_isco08_7,mts_details_wid,2022,3.987
col,sex_m,ocu_isco08_7,mts_details_wid,2023,4.143
col,sex_m,ocu_isco08_7,mts_details_wid,2024,5.984
col,sex_m,ocu_isco08_7,mts_details_wid,2025,6.01
col,sex_m,ocu_isco08_8,mts_aggregate_1,2002,388.611
col,sex_m,ocu_isco08_8,mts_aggregate_1,2003,396.742
col,sex_m,ocu_isco08_8,mts_aggregate_1,2004,361.6
col,sex_m,ocu_isco08_8,mts_aggregate_1,2005,391.559
col,sex_m,ocu_isco08_8,mts_aggregate_1,2007,480.211
col,sex_m,ocu_isco08_8,mts_aggregate_1,2008,359.733
col,sex_m,ocu_isco08_8,mts_aggregate_1,2009,371.73
col,sex_m,ocu_isco08_8,mts_aggregate_1,2010,340.967
col,sex_m,ocu_isco08_8,mts_aggregate_1,2011,346.011
col,sex_m,ocu_isco08_8,mts_aggregate_1,2012,369.386
col,sex_m,ocu_isco08_8,mts_aggregate_1,2013,357.32
col,sex_m,ocu_isco08_8,mts_aggregate_1,2014,344.67
col,sex_m,ocu_isco08_8,mts_aggregate_1,2015,359.611
col,sex_m,ocu_isco08_8,mts_aggregate_1,2016,343.194
col,sex_m,ocu_isco08_8,mts_aggregate_1,2017,349.471
col,sex_m,ocu_isco08_8,mts_aggregate_1,2018,359.148
col,sex_m,ocu_isco08_8,mts_aggregate_1,2019,378.34
col,sex_m,ocu_isco08_8,mts_aggregate_1,2021,353.968
col,sex_m,ocu_isco08_8,mts_aggregate_1,2022,203.404
col,sex_m,ocu_isco08_8,mts_aggregate_1,2023,224.261
col,sex_m,ocu_isco08_8,mts_aggregate_1,2024,249.565
col,sex_m,ocu_isco08_8,mts_aggregate_1,2025,251.775
col,sex_m,ocu_isco08_8,mts_aggregate_2,2002,575.999
col,sex_m,ocu_isco08_8,mts_aggregate_2,2003,574.437
col,sex_m,ocu_isco08_8,mts_aggregate_2,2004,608.554
col,sex_m,ocu_isco08_8,mts_aggregate_2,2005,628.896
col,sex_m,ocu_isco08_8,mts_aggregate_2,2007,373.407
col,sex_m,ocu_isco08_8,mts_aggregate_2,2008,666.839
col,sex_m,ocu_isco08_8,mts_aggregate_2,2009,646.272
col,sex_m,ocu_isco08_8,mts_aggregate_2,2010,624.464
col,sex_m,ocu_isco08_8,mts_aggregate_2,2011,629.054
col,sex_m,ocu_isco08_8,mts_aggregate_2,2012,613.63
col,sex_m,ocu_isco08_8,mts_aggregate_2,2013,631.125
col,sex_m,ocu_isco08_8,mts_aggregate_2,2014,624.457
col,sex_m,ocu_isco08_8,mts_aggregate_2,2015,625.825
col,sex_m,ocu_isco08_8,mts_aggregate_2,2016,645.457
col,sex_m,ocu_isco08_8,mts_aggregate_2,2017,650.88
col,sex_m,ocu_isco08_8,mts_aggregate_2,2018,650.303
col,sex_m,ocu_isco08_8,mts_aggregate_2,2019,742.995
col,sex_m,ocu_isco08_8,mts_aggregate_2,2021,674.467
col,sex_m,ocu_isco08_8,mts_aggregate_2,2022,490.111
col,sex_m,ocu_isco08_8,mts_aggregate_2,2023,483.676
col,sex_m,ocu_isco08_8,mts_aggregate_2,2024,526.42
col,sex_m,ocu_isco08_8,mts_aggregate_2,2025,522.943
col,sex_m,ocu_isco08_8,mts_aggregate_total,2002,964.61
col,sex_m,ocu_isco08_8,mts_aggregate_total,2003,971.179
col,sex_m,ocu_isco08_8,mts_aggregate_total,2004,970.154
col,sex_m,ocu_isco08_8,mts_aggregate_total,2005,1020.455
col,sex_m,ocu_isco08_8,mts_aggregate_total,2007,853.618
col,sex_m,ocu_isco08_8,mts_aggregate_total,2008,1026.571
col,sex_m,ocu_isco08_8,mts_aggregate_total,2009,1018.002
col,sex_m,ocu_isco08_8,mts_aggregate_total,2010,965.431
col,sex_m,ocu_isco08_8,mts_aggregate_total,2011,975.065
col,sex_m,ocu_isco08_8,mts_aggregate_total,2012,983.016
col,sex_m,ocu_isco08_8,mts_aggregate_total,2013,988.444
col,sex_m,ocu_isco08_8,mts_aggregate_total,2014,969.127
col,sex_m,ocu_isco08_8,mts_aggregate_total,2015,985.436
col,sex_m,ocu_isco08_8,mts_aggregate_total,2016,988.651
col,sex_m,ocu_isco08_8,mts_aggregate_total,2017,1000.351
col,sex_m,ocu_isco08_8,mts_aggregate_total,2018,1009.451
col,sex_m,ocu_isco08_8,mts_aggregate_total,2019,1121.335
col,sex_m,ocu_isco08_8,mts_aggregate_total,2021,1028.435
col,sex_m,ocu_isco08_8,mts_aggregate_total,2022,693.515
col,sex_m,ocu_isco08_8,mts_aggregate_total,2023,707.938
col,sex_m,ocu_isco08_8,mts_aggregate_total,2024,775.985
col,sex_m,ocu_isco08_8,mts_aggregate_total,2025,774.718
col,sex_m,ocu_isco08_8,mts_details_mrd,2002,258.11
col,sex_m,ocu_isco08_8,mts_details_mrd,2003,251.077
col,sex_m,ocu_isco08_8,mts_details_mrd,2004,269.1
col,sex_m,ocu_isco08_8,mts_details_mrd,2005,258.841
col,sex_m,ocu_isco08_8,mts_details_mrd,2007,47.706
col,sex_m,ocu_isco08_8,mts_details_mrd,2008,257.796
col,sex_m,ocu_isco08_8,mts_details_mrd,2009,245.307
col,sex_m,ocu_isco08_8,mts_details_mrd,2010,228.834
col,sex_m,ocu_isco08_8,mts_details_mrd,2011,218.955
col,sex_m,ocu_isco08_8,mts_details_mrd,2012,213.881
col,sex_m,ocu_isco08_8,mts_details_mrd,2013,214.164
col,sex_m,ocu_isco08_8,mts_details_mrd,2014,209.718
col,sex_m,ocu_isco08_8,mts_details_mrd,2015,209.407
col,sex_m,ocu_isco08_8,mts_details_mrd,2016,207.804
col,sex_m,ocu_isco08_8,mts_details_mrd,2017,206.045
col,sex_m,ocu_isco08_8,mts_details_mrd,2018,192.114
col,sex_m,ocu_isco08_8,mts_details_mrd,2019,222.506
col,sex_m,ocu_isco08_8,mts_details_mrd,2021,183.315
col,sex_m,ocu_isco08_8,mts_details_mrd,2022,164.184
col,sex_m,ocu_isco08_8,mts_details_mrd,2023,162.498
col,sex_m,ocu_isco08_8,mts_details_mrd,2024,169.948
col,sex_m,ocu_isco08_8,mts_details_mrd,2025,168.793
col,sex_m,ocu_isco08_8,mts_details_sep,2002,46.924
col,sex_m,ocu_isco08_8,mts_details_sep,2003,48.248
col,sex_m,ocu_isco08_8,mts_details_sep,2004,44.772
col,sex_m,ocu_isco08_8,mts_details_sep,2005,48.074
col,sex_m,ocu_isco08_8,mts_details_sep,2007,7.367
col,sex_m,ocu_isco08_8,mts_details_sep,2008,69.936
col,sex_m,ocu_isco08_8,mts_details_sep,2009,73.468
col,sex_m,ocu_isco08_8,mts_details_sep,2010,67.789
col,sex_m,ocu_isco08_8,mts_details_sep,2011,64.475
col,sex_m,ocu_isco08_8,mts_details_sep,2012,82.751
col,sex_m,ocu_isco08_8,mts_details_sep,2013,87.83
col,sex_m,ocu_isco08_8,mts_details_sep,2014,86.653
col,sex_m,ocu_isco08_8,mts_details_sep,2015,87.282
col,sex_m,ocu_isco08_8,mts_details_sep,2016,93.55
col,sex_m,ocu_isco08_8,mts_details_sep,2017,98.826
col,sex_m,ocu_isco08_8,mts_details_sep,2018,104.24
col,sex_m,ocu_isco08_8,mts_details_sep,2019,115.454
col,sex_m,ocu_isco08_8,mts_details_sep,2021,91.659
col,sex_m,ocu_isco08_8,mts_details_sep,2022,49.363
col,sex_m,ocu_isco08_8,mts_details_sep,2023,66.191
col,sex_m,ocu_isco08_8,mts_details_sep,2024,77.617
col,sex_m,ocu_isco08_8,mts_details_sep,2025,75.662
col,sex_m,ocu_isco08_8,mts_details_sgle,2002,334.724
col,sex_m,ocu_isco08_8,mts_details_sgle,2003,341.444
col,sex_m,ocu_isco08_8,mts_details_sgle,2004,311.846
col,sex_m,ocu_isco08_8,mts_details_sgle,2005,337.277
col,sex_m,ocu_isco08_8,mts_details_sgle,2007,219.733
col,sex_m,ocu_isco08_8,mts_details_sgle,2008,281.245
col,sex_m,ocu_isco08_8,mts_details_sgle,2009,288.998
col,sex_m,ocu_isco08_8,mts_details_sgle,2010,264.329
col,sex_m,ocu_isco08_8,mts_details_sgle,2011,273.033
col,sex_m,ocu_isco08_8,mts_details_sgle,2012,279.088
col,sex_m,ocu_isco08_8,mts_details_sgle,2013,263.884
col,sex_m,ocu_isco08_8,mts_details_sgle,2014,250.652
col,sex_m,ocu_isco08_8,mts_details_sgle,2015,264.641
col,sex_m,ocu_isco08_8,mts_details_sgle,2016,241.913
col,sex_m,ocu_isco08_8,mts_details_sgle,2017,242.398
col,sex_m,ocu_isco08_8,mts_details_sgle,2018,248.368
col,sex_m,ocu_isco08_8,mts_details_sgle,2019,252.22
col,sex_m,ocu_isco08_8,mts_details_sgle,2021,255.712
col,sex_m,ocu_isco08_8,mts_details_sgle,2022,150.669
col,sex_m,ocu_isco08_8,mts_details_sgle,2023,154.087
col,sex_m,ocu_isco08_8,mts_details_sgle,2024,167.219
col,sex_m,ocu_isco08_8,mts_details_sgle,2025,171.612
col,sex_m,ocu_isco08_8,mts_details_total,2002,964.61
col,sex_m,ocu_isco08_8,mts_details_total,2003,971.179
col,sex_m,ocu_isco08_8,mts_details_total,2004,970.154
col,sex_m,ocu_isco08_8,mts_details_total,2005,1020.455
col,sex_m,ocu_isco08_8,mts_details_total,2007,853.618
col,sex_m,ocu_isco08_8,mts_details_total,2008,1026.571
col,sex_m,ocu_isco08_8,mts_details_total,2009,1018.002
col,sex_m,ocu_isco08_8,mts_details_total,2010,965.431
col,sex_m,ocu_isco08_8,mts_details_total,2011,975.065
col,sex_m,ocu_isco08_8,mts_details_total,2012,983.016
col,sex_m,ocu_isco08_8,mts_details_total,2013,988.444
col,sex_m,ocu_isco08_8,mts_details_total,2014,969.127
col,sex_m,ocu_isco08_8,mts_details_total,2015,985.436
col,sex_m,ocu_isco08_8,mts_details_total,2016,988.651
col,sex_m,ocu_isco08_8,mts_details_total,2017,1000.351
col,sex_m,ocu_isco08_8,mts_details_total,2018,1009.451
col,sex_m,ocu_isco08_8,mts_details_total,2019,1121.335
col,sex_m,ocu_isco08_8,mts_details_total,2021,1028.435
col,sex_m,ocu_isco08_8,mts_details_total,2022,693.515
col,sex_m,ocu_isco08_8,mts_details_total,2023,707.938
col,sex_m,ocu_isco08_8,mts_details_total,2024,775.985
col,sex_m,ocu_isco08_8,mts_details_total,2025,774.718
col,sex_m,ocu_isco08_8,mts_details_union,2002,317.889
col,sex_m,ocu_isco08_8,mts_details_union,2003,323.36
col,sex_m,ocu_isco08_8,mts_details_union,2004,339.453
col,sex_m,ocu_isco08_8,mts_details_union,2005,370.056
col,sex_m,ocu_isco08_8,mts_details_union,2007,325.701
col,sex_m,ocu_isco08_8,mts_details_union,2008,409.042
col,sex_m,ocu_isco08_8,mts_details_union,2009,400.965
col,sex_m,ocu_isco08_8,mts_details_union,2010,395.63
col,sex_m,ocu_isco08_8,mts_details_union,2011,410.099
col,sex_m,ocu_isco08_8,mts_details_union,2012,399.749
col,sex_m,ocu_isco08_8,mts_details_union,2013,416.961
col,sex_m,ocu_isco08_8,mts_details_union,2014,414.739
col,sex_m,ocu_isco08_8,mts_details_union,2015,416.418
col,sex_m,ocu_isco08_8,mts_details_union,2016,437.653
col,sex_m,ocu_isco08_8,mts_details_union,2017,444.836
col,sex_m,ocu_isco08_8,mts_details_union,2018,458.189
col,sex_m,ocu_isco08_8,mts_details_union,2019,520.489
col,sex_m,ocu_isco08_8,mts_details_union,2021,491.152
col,sex_m,ocu_isco08_8,mts_details_union,2022,325.927
col,sex_m,ocu_isco08_8,mts_details_union,2023,321.178
col,sex_m,ocu_isco08_8,mts_details_union,2024,356.472
col,sex_m,ocu_isco08_8,mts_details_union,2025,354.15
col,sex_m,ocu_isco08_8,mts_details_wid,2002,6.962
col,sex_m,ocu_isco08_8,mts_details_wid,2003,7.049
col,sex_m,ocu_isco08_8,mts_details_wid,2004,4.982
col,sex_m,ocu_isco08_8,mts_details_wid,2005,6.207
col,sex_m,ocu_isco08_8,mts_details_wid,2007,253.111
col,sex_m,ocu_isco08_8,mts_details_wid,2008,8.551
col,sex_m,ocu_isco08_8,mts_details_wid,2009,9.264
col,sex_m,ocu_isco08_8,mts_details_wid,2010,8.849
col,sex_m,ocu_isco08_8,mts_details_wid,2011,8.504
col,sex_m,ocu_isco08_8,mts_details_wid,2012,7.546
col,sex_m,ocu_isco08_8,mts_details_wid,2013,5.606
col,sex_m,ocu_isco08_8,mts_details_wid,2014,7.365
col,sex_m,ocu_isco08_8,mts_details_wid,2015,7.688
col,sex_m,ocu_isco08_8,mts_details_wid,2016,7.731
col,sex_m,ocu_isco08_8,mts_details_wid,2017,8.247
col,sex_m,ocu_isco08_8,mts_details_wid,2018,6.54
col,sex_m,ocu_isco08_8,mts_details_wid,2019,10.666
col,sex_m,ocu_isco08_8,mts_details_wid,2021,6.596
col,sex_m,ocu_isco08_8,mts_details_wid,2022,3.372
col,sex_m,ocu_isco08_8,mts_details_wid,2023,3.984
col,sex_m,ocu_isco08_8,mts_details_wid,2024,4.729
col,sex_m,ocu_isco08_8,mts_details_wid,2025,4.501
col,sex_m,ocu_isco08_9,mts_aggregate_1,2002,231.236
col,sex_m,ocu_isco08_9,mts_aggregate_1,2003,258.843
col,sex_m,ocu_isco08_9,mts_aggregate_1,2004,248.964
col,sex_m,ocu_isco08_9,mts_aggregate_1,2005,281.324
col,sex_m,ocu_isco08_9,mts_aggregate_1,2007,271.692
col,sex_m,ocu_isco08_9,mts_aggregate_1,2008,217.688
col,sex_m,ocu_isco08_9,mts_aggregate_1,2009,240.004
col,sex_m,ocu_isco08_9,mts_aggregate_1,2010,230.68
col,sex_m,ocu_isco08_9,mts_aggregate_1,2011,234.981
col,sex_m,ocu_isco08_9,mts_aggregate_1,2012,257.442
col,sex_m,ocu_isco08_9,mts_aggregate_1,2013,256.128
col,sex_m,ocu_isco08_9,mts_aggregate_1,2014,253.516
col,sex_m,ocu_isco08_9,mts_aggregate_1,2015,264.661
col,sex_m,ocu_isco08_9,mts_aggregate_1,2016,256.066
col,sex_m,ocu_isco08_9,mts_aggregate_1,2017,244.207
col,sex_m,ocu_isco08_9,mts_aggregate_1,2018,249.73
col,sex_m,ocu_isco08_9,mts_aggregate_1,2019,261.861
col,sex_m,ocu_isco08_9,mts_aggregate_1,2021,264.62
col,sex_m,ocu_isco08_9,mts_aggregate_1,2022,644.455
col,sex_m,ocu_isco08_9,mts_aggregate_1,2023,658.098
col,sex_m,ocu_isco08_9,mts_aggregate_1,2024,712.222
col,sex_m,ocu_isco08_9,mts_aggregate_1,2025,754.871
col,sex_m,ocu_isco08_9,mts_aggregate_2,2002,334.531
col,sex_m,ocu_isco08_9,mts_aggregate_2,2003,380.415
col,sex_m,ocu_isco08_9,mts_aggregate_2,2004,335.211
col,sex_m,ocu_isco08_9,mts_aggregate_2,2005,383.312
col,sex_m,ocu_isco08_9,mts_aggregate_2,2007,205.555
col,sex_m,ocu_isco08_9,mts_aggregate_2,2008,371.869
col,sex_m,ocu_isco08_9,mts_aggregate_2,2009,363.61
col,sex_m,ocu_isco08_9,mts_aggregate_2,2010,332.635
col,sex_m,ocu_isco08_9,mts_aggregate_2,2011,348.538
col,sex_m,ocu_isco08_9,mts_aggregate_2,2012,367.118
col,sex_m,ocu_isco08_9,mts_aggregate_2,2013,377.009
col,sex_m,ocu_isco08_9,mts_aggregate_2,2014,374.067
col,sex_m,ocu_isco08_9,mts_aggregate_2,2015,378.565
col,sex_m,ocu_isco08_9,mts_aggregate_2,2016,382.733
col,sex_m,ocu_isco08_9,mts_aggregate_2,2017,391.019
col,sex_m,ocu_isco08_9,mts_aggregate_2,2018,392.248
col,sex_m,ocu_isco08_9,mts_aggregate_2,2019,420.146
col,sex_m,ocu_isco08_9,mts_aggregate_2,2021,426.211
col,sex_m,ocu_isco08_9,mts_aggregate_2,2022,933.079
col,sex_m,ocu_isco08_9,mts_aggregate_2,2023,919.475
col,sex_m,ocu_isco08_9,mts_aggregate_2,2024,929.085
col,sex_m,ocu_isco08_9,mts_aggregate_2,2025,984.84
col,sex_m,ocu_isco08_9,mts_aggregate_total,2002,565.767
col,sex_m,ocu_isco08_9,mts_aggregate_total,2003,639.259
col,sex_m,ocu_isco08_9,mts_aggregate_total,2004,584.175
col,sex_m,ocu_isco08_9,mts_aggregate_total,2005,664.636
col,sex_m,ocu_isco08_9,mts_aggregate_total,2007,477.248
col,sex_m,ocu_isco08_9,mts_aggregate_total,2008,589.557
col,sex_m,ocu_isco08_9,mts_aggregate_total,2009,603.614
col,sex_m,ocu_isco08_9,mts_aggregate_total,2010,563.315
col,sex_m,ocu_isco08_9,mts_aggregate_total,2011,583.519
col,sex_m,ocu_isco08_9,mts_aggregate_total,2012,624.56
col,sex_m,ocu_isco08_9,mts_aggregate_total,2013,633.138
col,sex_m,ocu_isco08_9,mts_aggregate_total,2014,627.582
col,sex_m,ocu_isco08_9,mts_aggregate_total,2015,643.226
col,sex_m,ocu_isco08_9,mts_aggregate_total,2016,638.799
col,sex_m,ocu_isco08_9,mts_aggregate_total,2017,635.226
col,sex_m,ocu_isco08_9,mts_aggregate_total,2018,641.978
col,sex_m,ocu_isco08_9,mts_aggregate_total,2019,682.007
col,sex_m,ocu_isco08_9,mts_aggregate_total,2021,690.831
col,sex_m,ocu_isco08_9,mts_aggregate_total,2022,1577.534
col,sex_m,ocu_isco08_9,mts_aggregate_total,2023,1577.573
col,sex_m,ocu_isco08_9,mts_aggregate_total,2024,1641.307
col,sex_m,ocu_isco08_9,mts_aggregate_total,2025,1739.711
col,sex_m,ocu_isco08_9,mts_details_mrd,2002,139.444
col,sex_m,ocu_isco08_9,mts_details_mrd,2003,160.995
col,sex_m,ocu_isco08_9,mts_details_mrd,2004,128.857
col,sex_m,ocu_isco08_9,mts_details_mrd,2005,144.362
col,sex_m,ocu_isco08_9,mts_details_mrd,2007,27.776
col,sex_m,ocu_isco08_9,mts_details_mrd,2008,131.43
col,sex_m,ocu_isco08_9,mts_details_mrd,2009,124.259
col,sex_m,ocu_isco08_9,mts_details_mrd,2010,119.544
col,sex_m,ocu_isco08_9,mts_details_mrd,2011,111.973
col,sex_m,ocu_isco08_9,mts_details_mrd,2012,119.974
col,sex_m,ocu_isco08_9,mts_details_mrd,2013,120.47
col,sex_m,ocu_isco08_9,mts_details_mrd,2014,117.81
col,sex_m,ocu_isco08_9,mts_details_mrd,2015,114.267
col,sex_m,ocu_isco08_9,mts_details_mrd,2016,116.906
col,sex_m,ocu_isco08_9,mts_details_mrd,2017,113.285
col,sex_m,ocu_isco08_9,mts_details_mrd,2018,111.01
col,sex_m,ocu_isco08_9,mts_details_mrd,2019,113.433
col,sex_m,ocu_isco08_9,mts_details_mrd,2021,108.776
col,sex_m,ocu_isco08_9,mts_details_mrd,2022,220.136
col,sex_m,ocu_isco08_9,mts_details_mrd,2023,220.464
col,sex_m,ocu_isco08_9,mts_details_mrd,2024,217.323
col,sex_m,ocu_isco08_9,mts_details_mrd,2025,211.911
col,sex_m,ocu_isco08_9,mts_details_sep,2002,28.551
col,sex_m,ocu_isco08_9,mts_details_sep,2003,25.406
col,sex_m,ocu_isco08_9,mts_details_sep,2004,29.567
col,sex_m,ocu_isco08_9,mts_details_sep,2005,34.521
col,sex_m,ocu_isco08_9,mts_details_sep,2007,3.33
col,sex_m,ocu_isco08_9,mts_details_sep,2008,35.002
col,sex_m,ocu_isco08_9,mts_details_sep,2009,46.809
col,sex_m,ocu_isco08_9,mts_details_sep,2010,42.026
col,sex_m,ocu_isco08_9,mts_details_sep,2011,49.243
col,sex_m,ocu_isco08_9,mts_details_sep,2012,54.053
col,sex_m,ocu_isco08_9,mts_details_sep,2013,55.948
col,sex_m,ocu_isco08_9,mts_details_sep,2014,59.512
col,sex_m,ocu_isco08_9,mts_details_sep,2015,61.223
col,sex_m,ocu_isco08_9,mts_details_sep,2016,61.351
col,sex_m,ocu_isco08_9,mts_details_sep,2017,63.67
col,sex_m,ocu_isco08_9,mts_details_sep,2018,63.243
col,sex_m,ocu_isco08_9,mts_details_sep,2019,71.417
col,sex_m,ocu_isco08_9,mts_details_sep,2021,63.776
col,sex_m,ocu_isco08_9,mts_details_sep,2022,134.032
col,sex_m,ocu_isco08_9,mts_details_sep,2023,147.29
col,sex_m,ocu_isco08_9,mts_details_sep,2024,170.05
col,sex_m,ocu_isco08_9,mts_details_sep,2025,183.811
col,sex_m,ocu_isco08_9,mts_details_sgle,2002,195.091
col,sex_m,ocu_isco08_9,mts_details_sgle,2003,227.703
col,sex_m,ocu_isco08_9,mts_details_sgle,2004,215.497
col,sex_m,ocu_isco08_9,mts_details_sgle,2005,242.456
col,sex_m,ocu_isco08_9,mts_details_sgle,2007,117.776
col,sex_m,ocu_isco08_9,mts_details_sgle,2008,179.435
col,sex_m,ocu_isco08_9,mts_details_sgle,2009,188.844
col,sex_m,ocu_isco08_9,mts_details_sgle,2010,184.265
col,sex_m,ocu_isco08_9,mts_details_sgle,2011,182.471
col,sex_m,ocu_isco08_9,mts_details_sgle,2012,198.947
col,sex_m,ocu_isco08_9,mts_details_sgle,2013,195.102
col,sex_m,ocu_isco08_9,mts_details_sgle,2014,189.78
col,sex_m,ocu_isco08_9,mts_details_sgle,2015,199.384
col,sex_m,ocu_isco08_9,mts_details_sgle,2016,190.756
col,sex_m,ocu_isco08_9,mts_details_sgle,2017,176.849
col,sex_m,ocu_isco08_9,mts_details_sgle,2018,182.816
col,sex_m,ocu_isco08_9,mts_details_sgle,2019,185.178
col,sex_m,ocu_isco08_9,mts_details_sgle,2021,196.359
col,sex_m,ocu_isco08_9,mts_details_sgle,2022,498.306
col,sex_m,ocu_isco08_9,mts_details_sgle,2023,496.673
col,sex_m,ocu_isco08_9,mts_details_sgle,2024,528.288
col,sex_m,ocu_isco08_9,mts_details_sgle,2025,555.804
col,sex_m,ocu_isco08_9,mts_details_total,2002,565.767
col,sex_m,ocu_isco08_9,mts_details_total,2003,639.259
col,sex_m,ocu_isco08_9,mts_details_total,2004,584.175
col,sex_m,ocu_isco08_9,mts_details_total,2005,664.636
col,sex_m,ocu_isco08_9,mts_details_total,2007,477.248
col,sex_m,ocu_isco08_9,mts_details_total,2008,589.557
col,sex_m,ocu_isco08_9,mts_details_total,2009,603.614
col,sex_m,ocu_isco08_9,mts_details_total,2010,563.315
col,sex_m,ocu_isco08_9,mts_details_total,2011,583.519
col,sex_m,ocu_isco08_9,mts_details_total,2012,624.56
col,sex_m,ocu_isco08_9,mts_details_total,2013,633.138
col,sex_m,ocu_isco08_9,mts_details_total,2014,627.582
col,sex_m,ocu_isco08_9,mts_details_total,2015,643.226
col,sex_m,ocu_isco08_9,mts_details_total,2016,638.799
col,sex_m,ocu_isco08_9,mts_details_total,2017,635.226
col,sex_m,ocu_isco08_9,mts_details_total,2018,641.978
col,sex_m,ocu_isco08_9,mts_details_total,2019,682.007
col,sex_m,ocu_isco08_9,mts_details_total,2021,690.831
col,sex_m,ocu_isco08_9,mts_details_total,2022,1577.534
col,sex_m,ocu_isco08_9,mts_details_total,2023,1577.573
col,sex_m,ocu_isco08_9,mts_details_total,2024,1641.307
col,sex_m,ocu_isco08_9,mts_details_total,2025,1739.711
col,sex_m,ocu_isco08_9,mts_details_union,2002,195.087
col,sex_m,ocu_isco08_9,mts_details_union,2003,219.42
col,sex_m,ocu_isco08_9,mts_details_union,2004,206.354
col,sex_m,ocu_isco08_9,mts_details_union,2005,238.95
col,sex_m,ocu_isco08_9,mts_details_union,2007,177.78
col,sex_m,ocu_isco08_9,mts_details_union,2008,240.439
col,sex_m,ocu_isco08_9,mts_details_union,2009,239.351
col,sex_m,ocu_isco08_9,mts_details_union,2010,213.091
col,sex_m,ocu_isco08_9,mts_details_union,2011,236.565
col,sex_m,ocu_isco08_9,mts_details_union,2012,247.144
col,sex_m,ocu_isco08_9,mts_details_union,2013,256.54
col,sex_m,ocu_isco08_9,mts_details_union,2014,256.257
col,sex_m,ocu_isco08_9,mts_details_union,2015,264.298
col,sex_m,ocu_isco08_9,mts_details_union,2016,265.827
col,sex_m,ocu_isco08_9,mts_details_union,2017,277.734
col,sex_m,ocu_isco08_9,mts_details_union,2018,281.237
col,sex_m,ocu_isco08_9,mts_details_union,2019,306.713
col,sex_m,ocu_isco08_9,mts_details_union,2021,317.434
col,sex_m,ocu_isco08_9,mts_details_union,2022,712.943
col,sex_m,ocu_isco08_9,mts_details_union,2023,699.01
col,sex_m,ocu_isco08_9,mts_details_union,2024,711.762
col,sex_m,ocu_isco08_9,mts_details_union,2025,772.929
col,sex_m,ocu_isco08_9,mts_details_wid,2002,7.594
col,sex_m,ocu_isco08_9,mts_details_wid,2003,5.734
col,sex_m,ocu_isco08_9,mts_details_wid,2004,3.9
col,sex_m,ocu_isco08_9,mts_details_wid,2005,4.347
col,sex_m,ocu_isco08_9,mts_details_wid,2007,150.586
col,sex_m,ocu_isco08_9,mts_details_wid,2008,3.251
col,sex_m,ocu_isco08_9,mts_details_wid,2009,4.352
col,sex_m,ocu_isco08_9,mts_details_wid,2010,4.389
col,sex_m,ocu_isco08_9,mts_details_wid,2011,3.268
col,sex_m,ocu_isco08_9,mts_details_wid,2012,4.442
col,sex_m,ocu_isco08_9,mts_details_wid,2013,5.079
col,sex_m,ocu_isco08_9,mts_details_wid,2014,4.224
col,sex_m,ocu_isco08_9,mts_details_wid,2015,4.053
col,sex_m,ocu_isco08_9,mts_details_wid,2016,3.958
col,sex_m,ocu_isco08_9,mts_details_wid,2017,3.688
col,sex_m,ocu_isco08_9,mts_details_wid,2018,3.671
col,sex_m,ocu_isco08_9,mts_details_wid,2019,5.266
col,sex_m,ocu_isco08_9,mts_details_wid,2021,4.485
col,sex_m,ocu_isco08_9,mts_details_wid,2022,12.117
col,sex_m,ocu_isco08_9,mts_details_wid,2023,14.135
col,sex_m,ocu_isco08_9,mts_details_wid,2024,13.883
col,sex_m,ocu_isco08_9,mts_details_wid,2025,15.257
col,sex_m,ocu_isco08_total,mts_aggregate_1,2002,1823.49
col,sex_m,ocu_isco08_total,mts_aggregate_1,2003,1872.954
col,sex_m,ocu_isco08_total,mts_aggregate_1,2004,1849.616
col,sex_m,ocu_isco08_total,mts_aggregate_1,2005,1998.832
col,sex_m,ocu_isco08_total,mts_aggregate_1,2007,3340.4
col,sex_m,ocu_isco08_total,mts_aggregate_1,2008,1922.256
col,sex_m,ocu_isco08_total,mts_aggregate_1,2009,1972.754
col,sex_m,ocu_isco08_total,mts_aggregate_1,2010,1951.174
col,sex_m,ocu_isco08_total,mts_aggregate_1,2011,2056.507
col,sex_m,ocu_isco08_total,mts_aggregate_1,2012,2156.039
col,sex_m,ocu_isco08_total,mts_aggregate_1,2013,2187.486
col,sex_m,ocu_isco08_total,mts_aggregate_1,2014,2289.198
col,sex_m,ocu_isco08_total,mts_aggregate_1,2015,2345.412
col,sex_m,ocu_isco08_total,mts_aggregate_1,2016,2281.926
col,sex_m,ocu_isco08_total,mts_aggregate_1,2017,2277.062
col,sex_m,ocu_isco08_total,mts_aggregate_1,2018,2238.869
col,sex_m,ocu_isco08_total,mts_aggregate_1,2019,2389.312
col,sex_m,ocu_isco08_total,mts_aggregate_1,2021,2277.582
col,sex_m,ocu_isco08_total,mts_aggregate_1,2022,2601.163
col,sex_m,ocu_isco08_total,mts_aggregate_1,2023,2761.757
col,sex_m,ocu_isco08_total,mts_aggregate_1,2024,2916.363
col,sex_m,ocu_isco08_total,mts_aggregate_1,2025,3029.326
col,sex_m,ocu_isco08_total,mts_aggregate_2,2002,2828.962
col,sex_m,ocu_isco08_total,mts_aggregate_2,2003,2982.372
col,sex_m,ocu_isco08_total,mts_aggregate_2,2004,2951.737
col,sex_m,ocu_isco08_total,mts_aggregate_2,2005,3078.246
col,sex_m,ocu_isco08_total,mts_aggregate_2,2007,2181.885
col,sex_m,ocu_isco08_total,mts_aggregate_2,2008,3148.751
col,sex_m,ocu_isco08_total,mts_aggregate_2,2009,3120.69
col,sex_m,ocu_isco08_total,mts_aggregate_2,2010,3040.757
col,sex_m,ocu_isco08_total,mts_aggregate_2,2011,3116.574
col,sex_m,ocu_isco08_total,mts_aggregate_2,2012,3216.726
col,sex_m,ocu_isco08_total,mts_aggregate_2,2013,3307.112
col,sex_m,ocu_isco08_total,mts_aggregate_2,2014,3383.071
col,sex_m,ocu_isco08_total,mts_aggregate_2,2015,3424.213
col,sex_m,ocu_isco08_total,mts_aggregate_2,2016,3503.787
col,sex_m,ocu_isco08_total,mts_aggregate_2,2017,3515.287
col,sex_m,ocu_isco08_total,mts_aggregate_2,2018,3554.15
col,sex_m,ocu_isco08_total,mts_aggregate_2,2019,3767.408
col,sex_m,ocu_isco08_total,mts_aggregate_2,2021,3675.047
col,sex_m,ocu_isco08_total,mts_aggregate_2,2022,3981.957
col,sex_m,ocu_isco08_total,mts_aggregate_2,2023,4045.036
col,sex_m,ocu_isco08_total,mts_aggregate_2,2024,4121.496
col,sex_m,ocu_isco08_total,mts_aggregate_2,2025,4211.687
col,sex_m,ocu_isco08_total,mts_aggregate_total,2002,4652.452
col,sex_m,ocu_isco08_total,mts_aggregate_total,2003,4855.326
col,sex_m,ocu_isco08_total,mts_aggregate_total,2004,4801.353
col,sex_m,ocu_isco08_total,mts_aggregate_total,2005,5077.078
col,sex_m,ocu_isco08_total,mts_aggregate_total,2007,5522.285
col,sex_m,ocu_isco08_total,mts_aggregate_total,2008,5071.007
col,sex_m,ocu_isco08_total,mts_aggregate_total,2009,5093.444
col,sex_m,ocu_isco08_total,mts_aggregate_total,2010,4991.931
col,sex_m,ocu_isco08_total,mts_aggregate_total,2011,5173.081
col,sex_m,ocu_isco08_total,mts_aggregate_total,2012,5372.765
col,sex_m,ocu_isco08_total,mts_aggregate_total,2013,5494.597
col,sex_m,ocu_isco08_total,mts_aggregate_total,2014,5672.268
col,sex_m,ocu_isco08_total,mts_aggregate_total,2015,5769.626
col,sex_m,ocu_isco08_total,mts_aggregate_total,2016,5785.713
col,sex_m,ocu_isco08_total,mts_aggregate_total,2017,5792.35
col,sex_m,ocu_isco08_total,mts_aggregate_total,2018,5793.019
col,sex_m,ocu_isco08_total,mts_aggregate_total,2019,6156.719
col,sex_m,ocu_isco08_total,mts_aggregate_total,2021,5952.629
col,sex_m,ocu_isco08_total,mts_aggregate_total,2022,6583.12
col,sex_m,ocu_isco08_total,mts_aggregate_total,2023,6806.792
col,sex_m,ocu_isco08_total,mts_aggregate_total,2024,7037.858
col,sex_m,ocu_isco08_total,mts_aggregate_total,2025,7241.013
col,sex_m,ocu_isco08_total,mts_details_mrd,2002,1439.573
col,sex_m,ocu_isco08_total,mts_details_mrd,2003,1507.074
col,sex_m,ocu_isco08_total,mts_details_mrd,2004,1472.923
col,sex_m,ocu_isco08_total,mts_details_mrd,2005,1458.55
col,sex_m,ocu_isco08_total,mts_details_mrd,2007,310.634
col,sex_m,ocu_isco08_total,mts_details_mrd,2008,1398.016
col,sex_m,ocu_isco08_total,mts_details_mrd,2009,1345.918
col,sex_m,ocu_isco08_total,mts_details_mrd,2010,1298.698
col,sex_m,ocu_isco08_total,mts_details_mrd,2011,1281.472
col,sex_m,ocu_isco08_total,mts_details_mrd,2012,1287.377
col,sex_m,ocu_isco08_total,mts_details_mrd,2013,1303.322
col,sex_m,ocu_isco08_total,mts_details_mrd,2014,1322.392
col,sex_m,ocu_isco08_total,mts_details_mrd,2015,1302.197
col,sex_m,ocu_isco08_total,mts_details_mrd,2016,1319.421
col,sex_m,ocu_isco08_total,mts_details_mrd,2017,1298.136
col,sex_m,ocu_isco08_total,mts_details_mrd,2018,1268.086
col,sex_m,ocu_isco08_total,mts_details_mrd,2019,1311.223
col,sex_m,ocu_isco08_total,mts_details_mrd,2021,1195.812
col,sex_m,ocu_isco08_total,mts_details_mrd,2022,1411.535
col,sex_m,ocu_isco08_total,mts_details_mrd,2023,1436.991
col,sex_m,ocu_isco08_total,mts_details_mrd,2024,1451.446
col,sex_m,ocu_isco08_total,mts_details_mrd,2025,1395.903
col,sex_m,ocu_isco08_total,mts_details_sep,2002,240.937
col,sex_m,ocu_isco08_total,mts_details_sep,2003,231.326
col,sex_m,ocu_isco08_total,mts_details_sep,2004,227.448
col,sex_m,ocu_isco08_total,mts_details_sep,2005,260.27
col,sex_m,ocu_isco08_total,mts_details_sep,2007,34.349
col,sex_m,ocu_isco08_total,mts_details_sep,2008,312.74
col,sex_m,ocu_isco08_total,mts_details_sep,2009,342.441
col,sex_m,ocu_isco08_total,mts_details_sep,2010,356.327
col,sex_m,ocu_isco08_total,mts_details_sep,2011,378.741
col,sex_m,ocu_isco08_total,mts_details_sep,2012,428.67
col,sex_m,ocu_isco08_total,mts_details_sep,2013,479.314
col,sex_m,ocu_isco08_total,mts_details_sep,2014,514.788
col,sex_m,ocu_isco08_total,mts_details_sep,2015,516.931
col,sex_m,ocu_isco08_total,mts_details_sep,2016,514.714
col,sex_m,ocu_isco08_total,mts_details_sep,2017,526.633
col,sex_m,ocu_isco08_total,mts_details_sep,2018,529.451
col,sex_m,ocu_isco08_total,mts_details_sep,2019,592.801
col,sex_m,ocu_isco08_total,mts_details_sep,2021,509.796
col,sex_m,ocu_isco08_total,mts_details_sep,2022,492.143
col,sex_m,ocu_isco08_total,mts_details_sep,2023,567.669
col,sex_m,ocu_isco08_total,mts_details_sep,2024,637.301
col,sex_m,ocu_isco08_total,mts_details_sep,2025,653.556
col,sex_m,ocu_isco08_total,mts_details_sgle,2002,1545.422
col,sex_m,ocu_isco08_total,mts_details_sgle,2003,1611.447
col,sex_m,ocu_isco08_total,mts_details_sgle,2004,1595.477
col,sex_m,ocu_isco08_total,mts_details_sgle,2005,1707.306
col,sex_m,ocu_isco08_total,mts_details_sgle,2007,1584.286
col,sex_m,ocu_isco08_total,mts_details_sgle,2008,1574.696
col,sex_m,ocu_isco08_total,mts_details_sgle,2009,1598.582
col,sex_m,ocu_isco08_total,mts_details_sgle,2010,1567.168
col,sex_m,ocu_isco08_total,mts_details_sgle,2011,1647.347
col,sex_m,ocu_isco08_total,mts_details_sgle,2012,1698.455
col,sex_m,ocu_isco08_total,mts_details_sgle,2013,1679.969
col,sex_m,ocu_isco08_total,mts_details_sgle,2014,1742.017
col,sex_m,ocu_isco08_total,mts_details_sgle,2015,1798.681
col,sex_m,ocu_isco08_total,mts_details_sgle,2016,1733.289
col,sex_m,ocu_isco08_total,mts_details_sgle,2017,1718.216
col,sex_m,ocu_isco08_total,mts_details_sgle,2018,1680.981
col,sex_m,ocu_isco08_total,mts_details_sgle,2019,1756.925
col,sex_m,ocu_isco08_total,mts_details_sgle,2021,1732.564
col,sex_m,ocu_isco08_total,mts_details_sgle,2022,2072.979
col,sex_m,ocu_isco08_total,mts_details_sgle,2023,2151.456
col,sex_m,ocu_isco08_total,mts_details_sgle,2024,2236.83
col,sex_m,ocu_isco08_total,mts_details_sgle,2025,2331.42
col,sex_m,ocu_isco08_total,mts_details_total,2002,4652.452
col,sex_m,ocu_isco08_total,mts_details_total,2003,4855.326
col,sex_m,ocu_isco08_total,mts_details_total,2004,4801.353
col,sex_m,ocu_isco08_total,mts_details_total,2005,5077.078
col,sex_m,ocu_isco08_total,mts_details_total,2007,5522.285
col,sex_m,ocu_isco08_total,mts_details_total,2008,5071.007
col,sex_m,ocu_isco08_total,mts_details_total,2009,5093.444
col,sex_m,ocu_isco08_total,mts_details_total,2010,4991.931
col,sex_m,ocu_isco08_total,mts_details_total,2011,5173.081
col,sex_m,ocu_isco08_total,mts_details_total,2012,5372.765
col,sex_m,ocu_isco08_total,mts_details_total,2013,5494.597
col,sex_m,ocu_isco08_total,mts_details_total,2014,5672.268
col,sex_m,ocu_isco08_total,mts_details_total,2015,5769.626
col,sex_m,ocu_isco08_total,mts_details_total,2016,5785.713
col,sex_m,ocu_isco08_total,mts_details_total,2017,5792.35
col,sex_m,ocu_isco08_total,mts_details_total,2018,5793.019
col,sex_m,ocu_isco08_total,mts_details_total,2019,6156.719
col,sex_m,ocu_isco08_total,mts_details_total,2021,5952.629
col,sex_m,ocu_isco08_total,mts_details_total,2022,6583.12
col,sex_m,ocu_isco08_total,mts_details_total,2023,6806.792
col,sex_m,ocu_isco08_total,mts_details_total,2024,7037.858
col,sex_m,ocu_isco08_total,mts_details_total,2025,7241.013
col,sex_m,ocu_isco08_total,mts_details_union,2002,1389.389
col,sex_m,ocu_isco08_total,mts_details_union,2003,1475.297
col,sex_m,ocu_isco08_total,mts_details_union,2004,1478.814
col,sex_m,ocu_isco08_total,mts_details_union,2005,1619.696
col,sex_m,ocu_isco08_total,mts_details_union,2007,1871.251
col,sex_m,ocu_isco08_total,mts_details_union,2008,1750.735
col,sex_m,ocu_isco08_total,mts_details_union,2009,1774.772
col,sex_m,ocu_isco08_total,mts_details_union,2010,1742.059
col,sex_m,ocu_isco08_total,mts_details_union,2011,1835.102
col,sex_m,ocu_isco08_total,mts_details_union,2012,1929.349
col,sex_m,ocu_isco08_total,mts_details_union,2013,2003.79
col,sex_m,ocu_isco08_total,mts_details_union,2014,2060.679
col,sex_m,ocu_isco08_total,mts_details_union,2015,2122.016
col,sex_m,ocu_isco08_total,mts_details_union,2016,2184.366
col,sex_m,ocu_isco08_total,mts_details_union,2017,2217.152
col,sex_m,ocu_isco08_total,mts_details_union,2018,2286.064
col,sex_m,ocu_isco08_total,mts_details_union,2019,2456.185
col,sex_m,ocu_isco08_total,mts_details_union,2021,2479.235
col,sex_m,ocu_isco08_total,mts_details_union,2022,2570.422
col,sex_m,ocu_isco08_total,mts_details_union,2023,2608.045
col,sex_m,ocu_isco08_total,mts_details_union,2024,2670.05
col,sex_m,ocu_isco08_total,mts_details_union,2025,2815.784
col,sex_m,ocu_isco08_total,mts_details_wid,2002,37.131
col,sex_m,ocu_isco08_total,mts_details_wid,2003,30.181
col,sex_m,ocu_isco08_total,mts_details_wid,2004,26.691
col,sex_m,ocu_isco08_total,mts_details_wid,2005,31.257
col,sex_m,ocu_isco08_total,mts_details_wid,2007,1721.764
col,sex_m,ocu_isco08_total,mts_details_wid,2008,34.821
col,sex_m,ocu_isco08_total,mts_details_wid,2009,31.73
col,sex_m,ocu_isco08_total,mts_details_wid,2010,27.678
col,sex_m,ocu_isco08_total,mts_details_wid,2011,30.419
col,sex_m,ocu_isco08_total,mts_details_wid,2012,28.914
col,sex_m,ocu_isco08_total,mts_details_wid,2013,28.202
col,sex_m,ocu_isco08_total,mts_details_wid,2014,32.393
col,sex_m,ocu_isco08_total,mts_details_wid,2015,29.801
col,sex_m,ocu_isco08_total,mts_details_wid,2016,33.923
col,sex_m,ocu_isco08_total,mts_details_wid,2017,32.214
col,sex_m,ocu_isco08_total,mts_details_wid,2018,28.437
col,sex_m,ocu_isco08_total,mts_details_wid,2019,39.587
col,sex_m,ocu_isco08_total,mts_details_wid,2021,35.221
col,sex_m,ocu_isco08_total,mts_details_wid,2022,36.041
col,sex_m,ocu_isco08_total,mts_details_wid,2023,42.632
col,sex_m,ocu_isco08_total,mts_details_wid,2024,42.231
col,sex_m,ocu_isco08_total,mts_details_wid,2025,44.351
col,sex_m,ocu_isco08_x,mts_aggregate_1,2002,3.438
col,sex_m,ocu_isco08_x,mts_aggregate_1,2003,0.388
col,sex_m,ocu_isco08_x,mts_aggregate_1,2004,0.692
col,sex_m,ocu_isco08_x,mts_aggregate_1,2005,0.385
col,sex_m,ocu_isco08_x,mts_aggregate_1,2007,272.08
col,sex_m,ocu_isco08_x,mts_aggregate_1,2008,2
col,sex_m,ocu_isco08_x,mts_aggregate_1,2009,0.902
col,sex_m,ocu_isco08_x,mts_aggregate_1,2010,0.709
col,sex_m,ocu_isco08_x,mts_aggregate_1,2022,1.069
col,sex_m,ocu_isco08_x,mts_aggregate_1,2023,0.836
col,sex_m,ocu_isco08_x,mts_aggregate_2,2002,3.368
col,sex_m,ocu_isco08_x,mts_aggregate_2,2003,1.018
col,sex_m,ocu_isco08_x,mts_aggregate_2,2004,3.846
col,sex_m,ocu_isco08_x,mts_aggregate_2,2005,2.181
col,sex_m,ocu_isco08_x,mts_aggregate_2,2007,156.987
col,sex_m,ocu_isco08_x,mts_aggregate_2,2008,8.753
col,sex_m,ocu_isco08_x,mts_aggregate_2,2009,2.17
col,sex_m,ocu_isco08_x,mts_aggregate_2,2010,0.468
col,sex_m,ocu_isco08_x,mts_aggregate_2,2012,0.592
col,sex_m,ocu_isco08_x,mts_aggregate_2,2013,0.281
col,sex_m,ocu_isco08_x,mts_aggregate_2,2014,0.615
col,sex_m,ocu_isco08_x,mts_aggregate_2,2022,2.772
col,sex_m,ocu_isco08_x,mts_aggregate_total,2002,6.806
col,sex_m,ocu_isco08_x,mts_aggregate_total,2003,1.406
col,sex_m,ocu_isco08_x,mts_aggregate_total,2004,4.539
col,sex_m,ocu_isco08_x,mts_aggregate_total,2005,2.565
col,sex_m,ocu_isco08_x,mts_aggregate_total,2007,429.067
col,sex_m,ocu_isco08_x,mts_aggregate_total,2008,10.753
col,sex_m,ocu_isco08_x,mts_aggregate_total,2009,3.071
col,sex_m,ocu_isco08_x,mts_aggregate_total,2010,1.177
col,sex_m,ocu_isco08_x,mts_aggregate_total,2011,0.354
col,sex_m,ocu_isco08_x,mts_aggregate_total,2012,0.592
col,sex_m,ocu_isco08_x,mts_aggregate_total,2013,0.405
col,sex_m,ocu_isco08_x,mts_aggregate_total,2014,0.877
col,sex_m,ocu_isco08_x,mts_aggregate_total,2015,0.058
col,sex_m,ocu_isco08_x,mts_aggregate_total,2017,0.53
col,sex_m,ocu_isco08_x,mts_aggregate_total,2022,3.841
col,sex_m,ocu_isco08_x,mts_aggregate_total,2023,1.519
col,sex_m,ocu_isco08_x,mts_aggregate_total,2024,0.171
col,sex_m,ocu_isco08_x,mts_details_mrd,2002,0.766
col,sex_m,ocu_isco08_x,mts_details_mrd,2003,0.905
col,sex_m,ocu_isco08_x,mts_details_mrd,2004,1.868
col,sex_m,ocu_isco08_x,mts_details_mrd,2005,1.694
col,sex_m,ocu_isco08_x,mts_details_mrd,2007,20.317
col,sex_m,ocu_isco08_x,mts_details_mrd,2008,3.682
col,sex_m,ocu_isco08_x,mts_details_mrd,2009,1.125
col,sex_m,ocu_isco08_x,mts_details_mrd,2013,0.153
col,sex_m,ocu_isco08_x,mts_details_mrd,2022,1.906
col,sex_m,ocu_isco08_x,mts_details_sep,2007,2.66
col,sex_m,ocu_isco08_x,mts_details_sep,2008,0.21
col,sex_m,ocu_isco08_x,mts_details_sgle,2002,2.877
col,sex_m,ocu_isco08_x,mts_details_sgle,2003,0.388
col,sex_m,ocu_isco08_x,mts_details_sgle,2004,0.692
col,sex_m,ocu_isco08_x,mts_details_sgle,2005,0.373
col,sex_m,ocu_isco08_x,mts_details_sgle,2007,136.406
col,sex_m,ocu_isco08_x,mts_details_sgle,2008,1.79
col,sex_m,ocu_isco08_x,mts_details_sgle,2009,0.853
col,sex_m,ocu_isco08_x,mts_details_sgle,2010,0.547
col,sex_m,ocu_isco08_x,mts_details_sgle,2022,0.752
col,sex_m,ocu_isco08_x,mts_details_sgle,2023,0.836
col,sex_m,ocu_isco08_x,mts_details_total,2002,6.806
col,sex_m,ocu_isco08_x,mts_details_total,2003,1.406
col,sex_m,ocu_isco08_x,mts_details_total,2004,4.539
col,sex_m,ocu_isco08_x,mts_details_total,2005,2.565
col,sex_m,ocu_isco08_x,mts_details_total,2007,429.067
col,sex_m,ocu_isco08_x,mts_details_total,2008,10.753
col,sex_m,ocu_isco08_x,mts_details_total,2009,3.071
col,sex_m,ocu_isco08_x,mts_details_total,2010,1.177
col,sex_m,ocu_isco08_x,mts_details_total,2011,0.354
col,sex_m,ocu_isco08_x,mts_details_total,2012,0.592
col,sex_m,ocu_isco08_x,mts_details_total,2013,0.405
col,sex_m,ocu_isco08_x,mts_details_total,2014,0.877
col,sex_m,ocu_isco08_x,mts_details_total,2015,0.058
col,sex_m,ocu_isco08_x,mts_details_total,2017,0.53
col,sex_m,ocu_isco08_x,mts_details_total,2022,3.841
col,sex_m,ocu_isco08_x,mts_details_total,2023,1.519
col,sex_m,ocu_isco08_x,mts_details_total,2024,0.171
col,sex_m,ocu_isco08_x,mts_details_union,2002,2.602
col,sex_m,ocu_isco08_x,mts_details_union,2004,1.979
col,sex_m,ocu_isco08_x,mts_details_union,2005,0.487
col,sex_m,ocu_isco08_x,mts_details_union,2007,136.67
col,sex_m,ocu_isco08_x,mts_details_union,2008,5.071
col,sex_m,ocu_isco08_x,mts_details_union,2009,1.045
col,sex_m,ocu_isco08_x,mts_details_union,2010,0.442
col,sex_m,ocu_isco08_x,mts_details_union,2014,0.58
col,sex_m,ocu_isco08_x,mts_details_union,2022,0.866
col,sex_m,ocu_isco08_x,mts_details_wid,2007,133.014
col,sex_m,ocu_skill_l1,mts_aggregate_1,2002,231.236
col,sex_m,ocu_skill_l1,mts_aggregate_1,2003,258.843
col,sex_m,ocu_skill_l1,mts_aggregate_1,2004,248.964
col,sex_m,ocu_skill_l1,mts_aggregate_1,2005,281.324
col,sex_m,ocu_skill_l1,mts_aggregate_1,2007,271.692
col,sex_m,ocu_skill_l1,mts_aggregate_1,2008,217.688
col,sex_m,ocu_skill_l1,mts_aggregate_1,2009,240.004
col,sex_m,ocu_skill_l1,mts_aggregate_1,2010,230.68
col,sex_m,ocu_skill_l1,mts_aggregate_1,2011,234.981
col,sex_m,ocu_skill_l1,mts_aggregate_1,2012,257.442
col,sex_m,ocu_skill_l1,mts_aggregate_1,2013,256.128
col,sex_m,ocu_skill_l1,mts_aggregate_1,2014,253.516
col,sex_m,ocu_skill_l1,mts_aggregate_1,2015,264.661
col,sex_m,ocu_skill_l1,mts_aggregate_1,2016,256.066
col,sex_m,ocu_skill_l1,mts_aggregate_1,2017,244.207
col,sex_m,ocu_skill_l1,mts_aggregate_1,2018,249.73
col,sex_m,ocu_skill_l1,mts_aggregate_1,2019,261.861
col,sex_m,ocu_skill_l1,mts_aggregate_1,2021,264.62
col,sex_m,ocu_skill_l1,mts_aggregate_1,2022,644.455
col,sex_m,ocu_skill_l1,mts_aggregate_1,2023,658.098
col,sex_m,ocu_skill_l1,mts_aggregate_1,2024,712.222
col,sex_m,ocu_skill_l1,mts_aggregate_1,2025,754.871
col,sex_m,ocu_skill_l1,mts_aggregate_2,2002,334.531
col,sex_m,ocu_skill_l1,mts_aggregate_2,2003,380.415
col,sex_m,ocu_skill_l1,mts_aggregate_2,2004,335.211
col,sex_m,ocu_skill_l1,mts_aggregate_2,2005,383.312
col,sex_m,ocu_skill_l1,mts_aggregate_2,2007,205.555
col,sex_m,ocu_skill_l1,mts_aggregate_2,2008,371.869
col,sex_m,ocu_skill_l1,mts_aggregate_2,2009,363.61
col,sex_m,ocu_skill_l1,mts_aggregate_2,2010,332.635
col,sex_m,ocu_skill_l1,mts_aggregate_2,2011,348.538
col,sex_m,ocu_skill_l1,mts_aggregate_2,2012,367.118
col,sex_m,ocu_skill_l1,mts_aggregate_2,2013,377.009
col,sex_m,ocu_skill_l1,mts_aggregate_2,2014,374.067
col,sex_m,ocu_skill_l1,mts_aggregate_2,2015,378.565
col,sex_m,ocu_skill_l1,mts_aggregate_2,2016,382.733
col,sex_m,ocu_skill_l1,mts_aggregate_2,2017,391.019
col,sex_m,ocu_skill_l1,mts_aggregate_2,2018,392.248
col,sex_m,ocu_skill_l1,mts_aggregate_2,2019,420.146
col,sex_m,ocu_skill_l1,mts_aggregate_2,2021,426.211
col,sex_m,ocu_skill_l1,mts_aggregate_2,2022,933.079
col,sex_m,ocu_skill_l1,mts_aggregate_2,2023,919.475
col,sex_m,ocu_skill_l1,mts_aggregate_2,2024,929.085
col,sex_m,ocu_skill_l1,mts_aggregate_2,2025,984.84
col,sex_m,ocu_skill_l1,mts_aggregate_total,2002,565.767
col,sex_m,ocu_skill_l1,mts_aggregate_total,2003,639.259
col,sex_m,ocu_skill_l1,mts_aggregate_total,2004,584.175
col,sex_m,ocu_skill_l1,mts_aggregate_total,2005,664.636
col,sex_m,ocu_skill_l1,mts_aggregate_total,2007,477.248
col,sex_m,ocu_skill_l1,mts_aggregate_total,2008,589.557
col,sex_m,ocu_skill_l1,mts_aggregate_total,2009,603.614
col,sex_m,ocu_skill_l1,mts_aggregate_total,2010,563.315
col,sex_m,ocu_skill_l1,mts_aggregate_total,2011,583.519
col,sex_m,ocu_skill_l1,mts_aggregate_total,2012,624.56
col,sex_m,ocu_skill_l1,mts_aggregate_total,2013,633.138
col,sex_m,ocu_skill_l1,mts_aggregate_total,2014,627.582
col,sex_m,ocu_skill_l1,mts_aggregate_total,2015,643.226
col,sex_m,ocu_skill_l1,mts_aggregate_total,2016,638.799
col,sex_m,ocu_skill_l1,mts_aggregate_total,2017,635.226
col,sex_m,ocu_skill_l1,mts_aggregate_total,2018,641.978
col,sex_m,ocu_skill_l1,mts_aggregate_total,2019,682.007
col,sex_m,ocu_skill_l1,mts_aggregate_total,2021,690.831
col,sex_m,ocu_skill_l1,mts_aggregate_total,2022,1577.534
col,sex_m,ocu_skill_l1,mts_aggregate_total,2023,1577.573
col,sex_m,ocu_skill_l1,mts_aggregate_total,2024,1641.307
col,sex_m,ocu_skill_l1,mts_aggregate_total,2025,1739.711
col,sex_m,ocu_skill_l1,mts_details_mrd,2002,139.444
col,sex_m,ocu_skill_l1,mts_details_mrd,2003,160.995
col,sex_m,ocu_skill_l1,mts_details_mrd,2004,128.857
col,sex_m,ocu_skill_l1,mts_details_mrd,2005,144.362
col,sex_m,ocu_skill_l1,mts_details_mrd,2007,27.776
col,sex_m,ocu_skill_l1,mts_details_mrd,2008,131.43
col,sex_m,ocu_skill_l1,mts_details_mrd,2009,124.259
col,sex_m,ocu_skill_l1,mts_details_mrd,2010,119.544
col,sex_m,ocu_skill_l1,mts_details_mrd,2011,111.973
col,sex_m,ocu_skill_l1,mts_details_mrd,2012,119.974
col,sex_m,ocu_skill_l1,mts_details_mrd,2013,120.47
col,sex_m,ocu_skill_l1,mts_details_mrd,2014,117.81
col,sex_m,ocu_skill_l1,mts_details_mrd,2015,114.267
col,sex_m,ocu_skill_l1,mts_details_mrd,2016,116.906
col,sex_m,ocu_skill_l1,mts_details_mrd,2017,113.285
col,sex_m,ocu_skill_l1,mts_details_mrd,2018,111.01
col,sex_m,ocu_skill_l1,mts_details_mrd,2019,113.433
col,sex_m,ocu_skill_l1,mts_details_mrd,2021,108.776
col,sex_m,ocu_skill_l1,mts_details_mrd,2022,220.136
col,sex_m,ocu_skill_l1,mts_details_mrd,2023,220.464
col,sex_m,ocu_skill_l1,mts_details_mrd,2024,217.323
col,sex_m,ocu_skill_l1,mts_details_mrd,2025,211.911
col,sex_m,ocu_skill_l1,mts_details_sep,2002,28.551
col,sex_m,ocu_skill_l1,mts_details_sep,2003,25.406
col,sex_m,ocu_skill_l1,mts_details_sep,2004,29.567
col,sex_m,ocu_skill_l1,mts_details_sep,2005,34.521
col,sex_m,ocu_skill_l1,mts_details_sep,2007,3.33
col,sex_m,ocu_skill_l1,mts_details_sep,2008,35.002
col,sex_m,ocu_skill_l1,mts_details_sep,2009,46.809
col,sex_m,ocu_skill_l1,mts_details_sep,2010,42.026
col,sex_m,ocu_skill_l1,mts_details_sep,2011,49.243
col,sex_m,ocu_skill_l1,mts_details_sep,2012,54.053
col,sex_m,ocu_skill_l1,mts_details_sep,2013,55.948
col,sex_m,ocu_skill_l1,mts_details_sep,2014,59.512
col,sex_m,ocu_skill_l1,mts_details_sep,2015,61.223
col,sex_m,ocu_skill_l1,mts_details_sep,2016,61.351
col,sex_m,ocu_skill_l1,mts_details_sep,2017,63.67
col,sex_m,ocu_skill_l1,mts_details_sep,2018,63.243
col,sex_m,ocu_skill_l1,mts_details_sep,2019,71.417
col,sex_m,ocu_skill_l1,mts_details_sep,2021,63.776
col,sex_m,ocu_skill_l1,mts_details_sep,2022,134.032
col,sex_m,ocu_skill_l1,mts_details_sep,2023,147.29
col,sex_m,ocu_skill_l1,mts_details_sep,2024,170.05
col,sex_m,ocu_skill_l1,mts_details_sep,2025,183.811
col,sex_m,ocu_skill_l1,mts_details_sgle,2002,195.091
col,sex_m,ocu_skill_l1,mts_details_sgle,2003,227.703
col,sex_m,ocu_skill_l1,mts_details_sgle,2004,215.497
col,sex_m,ocu_skill_l1,mts_details_sgle,2005,242.456
col,sex_m,ocu_skill_l1,mts_details_sgle,2007,117.776
col,sex_m,ocu_skill_l1,mts_details_sgle,2008,179.435
col,sex_m,ocu_skill_l1,mts_details_sgle,2009,188.844
col,sex_m,ocu_skill_l1,mts_details_sgle,2010,184.265
col,sex_m,ocu_skill_l1,mts_details_sgle,2011,182.471
col,sex_m,ocu_skill_l1,mts_details_sgle,2012,198.947
col,sex_m,ocu_skill_l1,mts_details_sgle,2013,195.102
col,sex_m,ocu_skill_l1,mts_details_sgle,2014,189.78
col,sex_m,ocu_skill_l1,mts_details_sgle,2015,199.384
col,sex_m,ocu_skill_l1,mts_details_sgle,2016,190.756
col,sex_m,ocu_skill_l1,mts_details_sgle,2017,176.849
col,sex_m,ocu_skill_l1,mts_details_sgle,2018,182.816
col,sex_m,ocu_skill_l1,mts_details_sgle,2019,185.178
col,sex_m,ocu_skill_l1,mts_details_sgle,2021,196.359
col,sex_m,ocu_skill_l1,mts_details_sgle,2022,498.306
col,sex_m,ocu_skill_l1,mts_details_sgle,2023,496.673
col,sex_m,ocu_skill_l1,mts_details_sgle,2024,528.288
col,sex_m,ocu_skill_l1,mts_details_sgle,2025,555.804
col,sex_m,ocu_skill_l1,mts_details_total,2002,565.767
col,sex_m,ocu_skill_l1,mts_details_total,2003,639.259
col,sex_m,ocu_skill_l1,mts_details_total,2004,584.175
col,sex_m,ocu_skill_l1,mts_details_total,2005,664.636
col,sex_m,ocu_skill_l1,mts_details_total,2007,477.248
col,sex_m,ocu_skill_l1,mts_details_total,2008,589.557
col,sex_m,ocu_skill_l1,mts_details_total,2009,603.614
col,sex_m,ocu_skill_l1,mts_details_total,2010,563.315
col,sex_m,ocu_skill_l1,mts_details_total,2011,583.519
col,sex_m,ocu_skill_l1,mts_details_total,2012,624.56
col,sex_m,ocu_skill_l1,mts_details_total,2013,633.138
col,sex_m,ocu_skill_l1,mts_details_total,2014,627.582
col,sex_m,ocu_skill_l1,mts_details_total,2015,643.226
col,sex_m,ocu_skill_l1,mts_details_total,2016,638.799
col,sex_m,ocu_skill_l1,mts_details_total,2017,635.226
col,sex_m,ocu_skill_l1,mts_details_total,2018,641.978
col,sex_m,ocu_skill_l1,mts_details_total,2019,682.007
col,sex_m,ocu_skill_l1,mts_details_total,2021,690.831
col,sex_m,ocu_skill_l1,mts_details_total,2022,1577.534
col,sex_m,ocu_skill_l1,mts_details_total,2023,1577.573
col,sex_m,ocu_skill_l1,mts_details_total,2024,1641.307
col,sex_m,ocu_skill_l1,mts_details_total,2025,1739.711
col,sex_m,ocu_skill_l1,mts_details_union,2002,195.087
col,sex_m,ocu_skill_l1,mts_details_union,2003,219.42
col,sex_m,ocu_skill_l1,mts_details_union,2004,206.354
col,sex_m,ocu_skill_l1,mts_details_union,2005,238.95
col,sex_m,ocu_skill_l1,mts_details_union,2007,177.78
col,sex_m,ocu_skill_l1,mts_details_union,2008,240.439
col,sex_m,ocu_skill_l1,mts_details_union,2009,239.351
col,sex_m,ocu_skill_l1,mts_details_union,2010,213.091
col,sex_m,ocu_skill_l1,mts_details_union,2011,236.565
col,sex_m,ocu_skill_l1,mts_details_union,2012,247.144
col,sex_m,ocu_skill_l1,mts_details_union,2013,256.54
col,sex_m,ocu_skill_l1,mts_details_union,2014,256.257
col,sex_m,ocu_skill_l1,mts_details_union,2015,264.298
col,sex_m,ocu_skill_l1,mts_details_union,2016,265.827
col,sex_m,ocu_skill_l1,mts_details_union,2017,277.734
col,sex_m,ocu_skill_l1,mts_details_union,2018,281.237
col,sex_m,ocu_skill_l1,mts_details_union,2019,306.713
col,sex_m,ocu_skill_l1,mts_details_union,2021,317.434
col,sex_m,ocu_skill_l1,mts_details_union,2022,712.943
col,sex_m,ocu_skill_l1,mts_details_union,2023,699.01
col,sex_m,ocu_skill_l1,mts_details_union,2024,711.762
col,sex_m,ocu_skill_l1,mts_details_union,2025,772.929
col,sex_m,ocu_skill_l1,mts_details_wid,2002,7.594
col,sex_m,ocu_skill_l1,mts_details_wid,2003,5.734
col,sex_m,ocu_skill_l1,mts_details_wid,2004,3.9
col,sex_m,ocu_skill_l1,mts_details_wid,2005,4.347
col,sex_m,ocu_skill_l1,mts_details_wid,2007,150.586
col,sex_m,ocu_skill_l1,mts_details_wid,2008,3.251
col,sex_m,ocu_skill_l1,mts_details_wid,2009,4.352
col,sex_m,ocu_skill_l1,mts_details_wid,2010,4.389
col,sex_m,ocu_skill_l1,mts_details_wid,2011,3.268
col,sex_m,ocu_skill_l1,mts_details_wid,2012,4.442
col,sex_m,ocu_skill_l1,mts_details_wid,2013,5.079
col,sex_m,ocu_skill_l1,mts_details_wid,2014,4.224
col,sex_m,ocu_skill_l1,mts_details_wid,2015,4.053
col,sex_m,ocu_skill_l1,mts_details_wid,2016,3.958
col,sex_m,ocu_skill_l1,mts_details_wid,2017,3.688
col,sex_m,ocu_skill_l1,mts_details_wid,2018,3.671
col,sex_m,ocu_skill_l1,mts_details_wid,2019,5.266
col,sex_m,ocu_skill_l1,mts_details_wid,2021,4.485
col,sex_m,ocu_skill_l1,mts_details_wid,2022,12.117
col,sex_m,ocu_skill_l1,mts_details_wid,2023,14.135
col,sex_m,ocu_skill_l1,mts_details_wid,2024,13.883
col,sex_m,ocu_skill_l1,mts_details_wid,2025,15.257
col,sex_m,ocu_skill_l2,mts_aggregate_1,2002,1047.302
col,sex_m,ocu_skill_l2,mts_aggregate_1,2003,1045.054
col,sex_m,ocu_skill_l2,mts_aggregate_1,2004,1026.061
col,sex_m,ocu_skill_l2,mts_aggregate_1,2005,1122.245
col,sex_m,ocu_skill_l2,mts_aggregate_1,2007,1637.14
col,sex_m,ocu_skill_l2,mts_aggregate_1,2008,1080.386
col,sex_m,ocu_skill_l2,mts_aggregate_1,2009,1101.199
col,sex_m,ocu_skill_l2,mts_aggregate_1,2010,1066.633
col,sex_m,ocu_skill_l2,mts_aggregate_1,2011,1146.932
col,sex_m,ocu_skill_l2,mts_aggregate_1,2012,1187.561
col,sex_m,ocu_skill_l2,mts_aggregate_1,2013,1172.991
col,sex_m,ocu_skill_l2,mts_aggregate_1,2014,1219.887
col,sex_m,ocu_skill_l2,mts_aggregate_1,2015,1248.194
col,sex_m,ocu_skill_l2,mts_aggregate_1,2016,1217.115
col,sex_m,ocu_skill_l2,mts_aggregate_1,2017,1209.632
col,sex_m,ocu_skill_l2,mts_aggregate_1,2018,1204.965
col,sex_m,ocu_skill_l2,mts_aggregate_1,2019,1300.489
col,sex_m,ocu_skill_l2,mts_aggregate_1,2021,1223.267
col,sex_m,ocu_skill_l2,mts_aggregate_1,2022,1304.343
col,sex_m,ocu_skill_l2,mts_aggregate_1,2023,1401.231
col,sex_m,ocu_skill_l2,mts_aggregate_1,2024,1490.361
col,sex_m,ocu_skill_l2,mts_aggregate_1,2025,1553.393
col,sex_m,ocu_skill_l2,mts_aggregate_2,2002,1591.917
col,sex_m,ocu_skill_l2,mts_aggregate_2,2003,1657.28
col,sex_m,ocu_skill_l2,mts_aggregate_2,2004,1666.159
col,sex_m,ocu_skill_l2,mts_aggregate_2,2005,1732.718
col,sex_m,ocu_skill_l2,mts_aggregate_2,2007,1171.56
col,sex_m,ocu_skill_l2,mts_aggregate_2,2008,1811.306
col,sex_m,ocu_skill_l2,mts_aggregate_2,2009,1800.675
col,sex_m,ocu_skill_l2,mts_aggregate_2,2010,1765.765
col,sex_m,ocu_skill_l2,mts_aggregate_2,2011,1793.311
col,sex_m,ocu_skill_l2,mts_aggregate_2,2012,1831.087
col,sex_m,ocu_skill_l2,mts_aggregate_2,2013,1851.756
col,sex_m,ocu_skill_l2,mts_aggregate_2,2014,1900.12
col,sex_m,ocu_skill_l2,mts_aggregate_2,2015,1912.603
col,sex_m,ocu_skill_l2,mts_aggregate_2,2016,1964.06
col,sex_m,ocu_skill_l2,mts_aggregate_2,2017,1948.55
col,sex_m,ocu_skill_l2,mts_aggregate_2,2018,1993.762
col,sex_m,ocu_skill_l2,mts_aggregate_2,2019,2133.585
col,sex_m,ocu_skill_l2,mts_aggregate_2,2021,2070.795
col,sex_m,ocu_skill_l2,mts_aggregate_2,2022,1975.152
col,sex_m,ocu_skill_l2,mts_aggregate_2,2023,2034.257
col,sex_m,ocu_skill_l2,mts_aggregate_2,2024,2122.104
col,sex_m,ocu_skill_l2,mts_aggregate_2,2025,2141.793
col,sex_m,ocu_skill_l2,mts_aggregate_total,2002,2639.219
col,sex_m,ocu_skill_l2,mts_aggregate_total,2003,2702.334
col,sex_m,ocu_skill_l2,mts_aggregate_total,2004,2692.22
col,sex_m,ocu_skill_l2,mts_aggregate_total,2005,2854.963
col,sex_m,ocu_skill_l2,mts_aggregate_total,2007,2808.7
col,sex_m,ocu_skill_l2,mts_aggregate_total,2008,2891.691
col,sex_m,ocu_skill_l2,mts_aggregate_total,2009,2901.874
col,sex_m,ocu_skill_l2,mts_aggregate_total,2010,2832.399
col,sex_m,ocu_skill_l2,mts_aggregate_total,2011,2940.243
col,sex_m,ocu_skill_l2,mts_aggregate_total,2012,3018.647
col,sex_m,ocu_skill_l2,mts_aggregate_total,2013,3024.748
col,sex_m,ocu_skill_l2,mts_aggregate_total,2014,3120.008
col,sex_m,ocu_skill_l2,mts_aggregate_total,2015,3160.797
col,sex_m,ocu_skill_l2,mts_aggregate_total,2016,3181.175
col,sex_m,ocu_skill_l2,mts_aggregate_total,2017,3158.183
col,sex_m,ocu_skill_l2,mts_aggregate_total,2018,3198.726
col,sex_m,ocu_skill_l2,mts_aggregate_total,2019,3434.075
col,sex_m,ocu_skill_l2,mts_aggregate_total,2021,3294.063
col,sex_m,ocu_skill_l2,mts_aggregate_total,2022,3279.495
col,sex_m,ocu_skill_l2,mts_aggregate_total,2023,3435.488
col,sex_m,ocu_skill_l2,mts_aggregate_total,2024,3612.466
col,sex_m,ocu_skill_l2,mts_aggregate_total,2025,3695.186
col,sex_m,ocu_skill_l2,mts_details_mrd,2002,757.99
col,sex_m,ocu_skill_l2,mts_details_mrd,2003,772.79
col,sex_m,ocu_skill_l2,mts_details_mrd,2004,769.328
col,sex_m,ocu_skill_l2,mts_details_mrd,2005,762.22
col,sex_m,ocu_skill_l2,mts_details_mrd,2007,160.141
col,sex_m,ocu_skill_l2,mts_details_mrd,2008,750.483
col,sex_m,ocu_skill_l2,mts_details_mrd,2009,732.712
col,sex_m,ocu_skill_l2,mts_details_mrd,2010,687.543
col,sex_m,ocu_skill_l2,mts_details_mrd,2011,681.328
col,sex_m,ocu_skill_l2,mts_details_mrd,2012,674.401
col,sex_m,ocu_skill_l2,mts_details_mrd,2013,674.565
col,sex_m,ocu_skill_l2,mts_details_mrd,2014,686.895
col,sex_m,ocu_skill_l2,mts_details_mrd,2015,672.586
col,sex_m,ocu_skill_l2,mts_details_mrd,2016,683.392
col,sex_m,ocu_skill_l2,mts_details_mrd,2017,655.135
col,sex_m,ocu_skill_l2,mts_details_mrd,2018,649.941
col,sex_m,ocu_skill_l2,mts_details_mrd,2019,679.209
col,sex_m,ocu_skill_l2,mts_details_mrd,2021,607.39
col,sex_m,ocu_skill_l2,mts_details_mrd,2022,620.274
col,sex_m,ocu_skill_l2,mts_details_mrd,2023,641.289
col,sex_m,ocu_skill_l2,mts_details_mrd,2024,672.79
col,sex_m,ocu_skill_l2,mts_details_mrd,2025,640.392
col,sex_m,ocu_skill_l2,mts_details_sep,2002,140.947
col,sex_m,ocu_skill_l2,mts_details_sep,2003,130.222
col,sex_m,ocu_skill_l2,mts_details_sep,2004,126.56
col,sex_m,ocu_skill_l2,mts_details_sep,2005,143.334
col,sex_m,ocu_skill_l2,mts_details_sep,2007,19.801
col,sex_m,ocu_skill_l2,mts_details_sep,2008,179.897
col,sex_m,ocu_skill_l2,mts_details_sep,2009,198.252
col,sex_m,ocu_skill_l2,mts_details_sep,2010,202.779
col,sex_m,ocu_skill_l2,mts_details_sep,2011,214.928
col,sex_m,ocu_skill_l2,mts_details_sep,2012,238.275
col,sex_m,ocu_skill_l2,mts_details_sep,2013,270.649
col,sex_m,ocu_skill_l2,mts_details_sep,2014,285.676
col,sex_m,ocu_skill_l2,mts_details_sep,2015,287.599
col,sex_m,ocu_skill_l2,mts_details_sep,2016,290.762
col,sex_m,ocu_skill_l2,mts_details_sep,2017,300.897
col,sex_m,ocu_skill_l2,mts_details_sep,2018,299.519
col,sex_m,ocu_skill_l2,mts_details_sep,2019,346.888
col,sex_m,ocu_skill_l2,mts_details_sep,2021,279.114
col,sex_m,ocu_skill_l2,mts_details_sep,2022,252.831
col,sex_m,ocu_skill_l2,mts_details_sep,2023,300.072
col,sex_m,ocu_skill_l2,mts_details_sep,2024,335.1
col,sex_m,ocu_skill_l2,mts_details_sep,2025,333.368
col,sex_m,ocu_skill_l2,mts_details_sgle,2002,885.129
col,sex_m,ocu_skill_l2,mts_details_sgle,2003,899.126
col,sex_m,ocu_skill_l2,mts_details_sgle,2004,885.079
col,sex_m,ocu_skill_l2,mts_details_sgle,2005,960.563
col,sex_m,ocu_skill_l2,mts_details_sgle,2007,745.402
col,sex_m,ocu_skill_l2,mts_details_sgle,2008,878.758
col,sex_m,ocu_skill_l2,mts_details_sgle,2009,884.197
col,sex_m,ocu_skill_l2,mts_details_sgle,2010,847.137
col,sex_m,ocu_skill_l2,mts_details_sgle,2011,909.952
col,sex_m,ocu_skill_l2,mts_details_sgle,2012,932.477
col,sex_m,ocu_skill_l2,mts_details_sgle,2013,886.221
col,sex_m,ocu_skill_l2,mts_details_sgle,2014,916.246
col,sex_m,ocu_skill_l2,mts_details_sgle,2015,944.002
col,sex_m,ocu_skill_l2,mts_details_sgle,2016,904.386
col,sex_m,ocu_skill_l2,mts_details_sgle,2017,890.389
col,sex_m,ocu_skill_l2,mts_details_sgle,2018,890.071
col,sex_m,ocu_skill_l2,mts_details_sgle,2019,929.409
col,sex_m,ocu_skill_l2,mts_details_sgle,2021,923.055
col,sex_m,ocu_skill_l2,mts_details_sgle,2022,1035.112
col,sex_m,ocu_skill_l2,mts_details_sgle,2023,1082.15
col,sex_m,ocu_skill_l2,mts_details_sgle,2024,1134.498
col,sex_m,ocu_skill_l2,mts_details_sgle,2025,1196.125
col,sex_m,ocu_skill_l2,mts_details_total,2002,2639.219
col,sex_m,ocu_skill_l2,mts_details_total,2003,2702.334
col,sex_m,ocu_skill_l2,mts_details_total,2004,2692.22
col,sex_m,ocu_skill_l2,mts_details_total,2005,2854.963
col,sex_m,ocu_skill_l2,mts_details_total,2007,2808.7
col,sex_m,ocu_skill_l2,mts_details_total,2008,2891.691
col,sex_m,ocu_skill_l2,mts_details_total,2009,2901.874
col,sex_m,ocu_skill_l2,mts_details_total,2010,2832.399
col,sex_m,ocu_skill_l2,mts_details_total,2011,2940.243
col,sex_m,ocu_skill_l2,mts_details_total,2012,3018.647
col,sex_m,ocu_skill_l2,mts_details_total,2013,3024.748
col,sex_m,ocu_skill_l2,mts_details_total,2014,3120.008
col,sex_m,ocu_skill_l2,mts_details_total,2015,3160.797
col,sex_m,ocu_skill_l2,mts_details_total,2016,3181.175
col,sex_m,ocu_skill_l2,mts_details_total,2017,3158.183
col,sex_m,ocu_skill_l2,mts_details_total,2018,3198.726
col,sex_m,ocu_skill_l2,mts_details_total,2019,3434.075
col,sex_m,ocu_skill_l2,mts_details_total,2021,3294.063
col,sex_m,ocu_skill_l2,mts_details_total,2022,3279.495
col,sex_m,ocu_skill_l2,mts_details_total,2023,3435.488
col,sex_m,ocu_skill_l2,mts_details_total,2024,3612.466
col,sex_m,ocu_skill_l2,mts_details_total,2025,3695.186
col,sex_m,ocu_skill_l2,mts_details_union,2002,833.927
col,sex_m,ocu_skill_l2,mts_details_union,2003,884.49
col,sex_m,ocu_skill_l2,mts_details_union,2004,896.831
col,sex_m,ocu_skill_l2,mts_details_union,2005,970.498
col,sex_m,ocu_skill_l2,mts_details_union,2007,1011.419
col,sex_m,ocu_skill_l2,mts_details_union,2008,1060.823
col,sex_m,ocu_skill_l2,mts_details_union,2009,1067.963
col,sex_m,ocu_skill_l2,mts_details_union,2010,1078.223
col,sex_m,ocu_skill_l2,mts_details_union,2011,1111.983
col,sex_m,ocu_skill_l2,mts_details_union,2012,1156.686
col,sex_m,ocu_skill_l2,mts_details_union,2013,1177.192
col,sex_m,ocu_skill_l2,mts_details_union,2014,1213.225
col,sex_m,ocu_skill_l2,mts_details_union,2015,1240.017
col,sex_m,ocu_skill_l2,mts_details_union,2016,1280.669
col,sex_m,ocu_skill_l2,mts_details_union,2017,1293.415
col,sex_m,ocu_skill_l2,mts_details_union,2018,1343.821
col,sex_m,ocu_skill_l2,mts_details_union,2019,1454.376
col,sex_m,ocu_skill_l2,mts_details_union,2021,1463.405
col,sex_m,ocu_skill_l2,mts_details_union,2022,1354.878
col,sex_m,ocu_skill_l2,mts_details_union,2023,1392.968
col,sex_m,ocu_skill_l2,mts_details_union,2024,1449.314
col,sex_m,ocu_skill_l2,mts_details_union,2025,1501.4
col,sex_m,ocu_skill_l2,mts_details_wid,2002,21.226
col,sex_m,ocu_skill_l2,mts_details_wid,2003,15.707
col,sex_m,ocu_skill_l2,mts_details_wid,2004,14.422
col,sex_m,ocu_skill_l2,mts_details_wid,2005,18.349
col,sex_m,ocu_skill_l2,mts_details_wid,2007,871.937
col,sex_m,ocu_skill_l2,mts_details_wid,2008,21.73
col,sex_m,ocu_skill_l2,mts_details_wid,2009,18.75
col,sex_m,ocu_skill_l2,mts_details_wid,2010,16.717
col,sex_m,ocu_skill_l2,mts_details_wid,2011,22.053
col,sex_m,ocu_skill_l2,mts_details_wid,2012,16.808
col,sex_m,ocu_skill_l2,mts_details_wid,2013,16.122
col,sex_m,ocu_skill_l2,mts_details_wid,2014,17.966
col,sex_m,ocu_skill_l2,mts_details_wid,2015,16.592
col,sex_m,ocu_skill_l2,mts_details_wid,2016,21.967
col,sex_m,ocu_skill_l2,mts_details_wid,2017,18.347
col,sex_m,ocu_skill_l2,mts_details_wid,2018,15.374
col,sex_m,ocu_skill_l2,mts_details_wid,2019,24.192
col,sex_m,ocu_skill_l2,mts_details_wid,2021,21.099
col,sex_m,ocu_skill_l2,mts_details_wid,2022,16.4
col,sex_m,ocu_skill_l2,mts_details_wid,2023,19.009
col,sex_m,ocu_skill_l2,mts_details_wid,2024,20.764
col,sex_m,ocu_skill_l2,mts_details_wid,2025,23.899
col,sex_m,ocu_skill_l3_4,mts_aggregate_1,2002,541.514
col,sex_m,ocu_skill_l3_4,mts_aggregate_1,2003,568.669
col,sex_m,ocu_skill_l3_4,mts_aggregate_1,2004,573.898
col,sex_m,ocu_skill_l3_4,mts_aggregate_1,2005,594.878
col,sex_m,ocu_skill_l3_4,mts_aggregate_1,2007,1159.487
col,sex_m,ocu_skill_l3_4,mts_aggregate_1,2008,622.183
col,sex_m,ocu_skill_l3_4,mts_aggregate_1,2009,630.649
col,sex_m,ocu_skill_l3_4,mts_aggregate_1,2010,653.152
col,sex_m,ocu_skill_l3_4,mts_aggregate_1,2011,674.429
col,sex_m,ocu_skill_l3_4,mts_aggregate_1,2012,711.036
col,sex_m,ocu_skill_l3_4,mts_aggregate_1,2013,758.242
col,sex_m,ocu_skill_l3_4,mts_aggregate_1,2014,815.532
col,sex_m,ocu_skill_l3_4,mts_aggregate_1,2015,832.52
col,sex_m,ocu_skill_l3_4,mts_aggregate_1,2016,808.557
col,sex_m,ocu_skill_l3_4,mts_aggregate_1,2017,823.192
col,sex_m,ocu_skill_l3_4,mts_aggregate_1,2018,783.963
col,sex_m,ocu_skill_l3_4,mts_aggregate_1,2019,826.962
col,sex_m,ocu_skill_l3_4,mts_aggregate_1,2021,789.694
col,sex_m,ocu_skill_l3_4,mts_aggregate_1,2022,648.78
col,sex_m,ocu_skill_l3_4,mts_aggregate_1,2023,698.274
col,sex_m,ocu_skill_l3_4,mts_aggregate_1,2024,710.267
col,sex_m,ocu_skill_l3_4,mts_aggregate_1,2025,717.316
col,sex_m,ocu_skill_l3_4,mts_aggregate_2,2002,899.145
col,sex_m,ocu_skill_l3_4,mts_aggregate_2,2003,943.658
col,sex_m,ocu_skill_l3_4,mts_aggregate_2,2004,946.52
col,sex_m,ocu_skill_l3_4,mts_aggregate_2,2005,960.035
col,sex_m,ocu_skill_l3_4,mts_aggregate_2,2007,647.783
col,sex_m,ocu_skill_l3_4,mts_aggregate_2,2008,956.823
col,sex_m,ocu_skill_l3_4,mts_aggregate_2,2009,954.235
col,sex_m,ocu_skill_l3_4,mts_aggregate_2,2010,941.889
col,sex_m,ocu_skill_l3_4,mts_aggregate_2,2011,974.535
col,sex_m,ocu_skill_l3_4,mts_aggregate_2,2012,1017.929
col,sex_m,ocu_skill_l3_4,mts_aggregate_2,2013,1078.065
col,sex_m,ocu_skill_l3_4,mts_aggregate_2,2014,1108.268
col,sex_m,ocu_skill_l3_4,mts_aggregate_2,2015,1133.024
col,sex_m,ocu_skill_l3_4,mts_aggregate_2,2016,1156.907
col,sex_m,ocu_skill_l3_4,mts_aggregate_2,2017,1175.219
col,sex_m,ocu_skill_l3_4,mts_aggregate_2,2018,1168.127
col,sex_m,ocu_skill_l3_4,mts_aggregate_2,2019,1213.676
col,sex_m,ocu_skill_l3_4,mts_aggregate_2,2021,1177.988
col,sex_m,ocu_skill_l3_4,mts_aggregate_2,2022,1055.556
col,sex_m,ocu_skill_l3_4,mts_aggregate_2,2023,1075.623
col,sex_m,ocu_skill_l3_4,mts_aggregate_2,2024,1053.509
col,sex_m,ocu_skill_l3_4,mts_aggregate_2,2025,1071.708
col,sex_m,ocu_skill_l3_4,mts_aggregate_total,2002,1440.66
col,sex_m,ocu_skill_l3_4,mts_aggregate_total,2003,1512.327
col,sex_m,ocu_skill_l3_4,mts_aggregate_total,2004,1520.419
col,sex_m,ocu_skill_l3_4,mts_aggregate_total,2005,1554.914
col,sex_m,ocu_skill_l3_4,mts_aggregate_total,2007,1807.27
col,sex_m,ocu_skill_l3_4,mts_aggregate_total,2008,1579.006
col,sex_m,ocu_skill_l3_4,mts_aggregate_total,2009,1584.885
col,sex_m,ocu_skill_l3_4,mts_aggregate_total,2010,1595.041
col,sex_m,ocu_skill_l3_4,mts_aggregate_total,2011,1648.964
col,sex_m,ocu_skill_l3_4,mts_aggregate_total,2012,1728.965
col,sex_m,ocu_skill_l3_4,mts_aggregate_total,2013,1836.307
col,sex_m,ocu_skill_l3_4,mts_aggregate_total,2014,1923.801
col,sex_m,ocu_skill_l3_4,mts_aggregate_total,2015,1965.544
col,sex_m,ocu_skill_l3_4,mts_aggregate_total,2016,1965.463
col,sex_m,ocu_skill_l3_4,mts_aggregate_total,2017,1998.411
col,sex_m,ocu_skill_l3_4,mts_aggregate_total,2018,1952.09
col,sex_m,ocu_skill_l3_4,mts_aggregate_total,2019,2040.638
col,sex_m,ocu_skill_l3_4,mts_aggregate_total,2021,1967.682
col,sex_m,ocu_skill_l3_4,mts_aggregate_total,2022,1704.336
col,sex_m,ocu_skill_l3_4,mts_aggregate_total,2023,1773.898
col,sex_m,ocu_skill_l3_4,mts_aggregate_total,2024,1763.776
col,sex_m,ocu_skill_l3_4,mts_aggregate_total,2025,1789.024
col,sex_m,ocu_skill_l3_4,mts_details_mrd,2002,541.373
col,sex_m,ocu_skill_l3_4,mts_details_mrd,2003,572.384
col,sex_m,ocu_skill_l3_4,mts_details_mrd,2004,572.87
col,sex_m,ocu_skill_l3_4,mts_details_mrd,2005,550.274
col,sex_m,ocu_skill_l3_4,mts_details_mrd,2007,102.4
col,sex_m,ocu_skill_l3_4,mts_details_mrd,2008,512.421
col,sex_m,ocu_skill_l3_4,mts_details_mrd,2009,487.822
col,sex_m,ocu_skill_l3_4,mts_details_mrd,2010,491.585
col,sex_m,ocu_skill_l3_4,mts_details_mrd,2011,487.991
col,sex_m,ocu_skill_l3_4,mts_details_mrd,2012,492.555
col,sex_m,ocu_skill_l3_4,mts_details_mrd,2013,508.135
col,sex_m,ocu_skill_l3_4,mts_details_mrd,2014,517.652
col,sex_m,ocu_skill_l3_4,mts_details_mrd,2015,515.329
col,sex_m,ocu_skill_l3_4,mts_details_mrd,2016,519.124
col,sex_m,ocu_skill_l3_4,mts_details_mrd,2017,529.715
col,sex_m,ocu_skill_l3_4,mts_details_mrd,2018,507.122
col,sex_m,ocu_skill_l3_4,mts_details_mrd,2019,518.58
col,sex_m,ocu_skill_l3_4,mts_details_mrd,2021,479.646
col,sex_m,ocu_skill_l3_4,mts_details_mrd,2022,559.43
col,sex_m,ocu_skill_l3_4,mts_details_mrd,2023,564.398
col,sex_m,ocu_skill_l3_4,mts_details_mrd,2024,551.356
col,sex_m,ocu_skill_l3_4,mts_details_mrd,2025,536.1
col,sex_m,ocu_skill_l3_4,mts_details_sep,2002,70.965
col,sex_m,ocu_skill_l3_4,mts_details_sep,2003,75.698
col,sex_m,ocu_skill_l3_4,mts_details_sep,2004,71.32
col,sex_m,ocu_skill_l3_4,mts_details_sep,2005,82.415
col,sex_m,ocu_skill_l3_4,mts_details_sep,2007,8.558
col,sex_m,ocu_skill_l3_4,mts_details_sep,2008,97.63
col,sex_m,ocu_skill_l3_4,mts_details_sep,2009,97.332
col,sex_m,ocu_skill_l3_4,mts_details_sep,2010,111.36
col,sex_m,ocu_skill_l3_4,mts_details_sep,2011,114.57
col,sex_m,ocu_skill_l3_4,mts_details_sep,2012,136.342
col,sex_m,ocu_skill_l3_4,mts_details_sep,2013,152.717
col,sex_m,ocu_skill_l3_4,mts_details_sep,2014,169.449
col,sex_m,ocu_skill_l3_4,mts_details_sep,2015,168.101
col,sex_m,ocu_skill_l3_4,mts_details_sep,2016,162.412
col,sex_m,ocu_skill_l3_4,mts_details_sep,2017,162.066
col,sex_m,ocu_skill_l3_4,mts_details_sep,2018,166.688
col,sex_m,ocu_skill_l3_4,mts_details_sep,2019,174.496
col,sex_m,ocu_skill_l3_4,mts_details_sep,2021,166.906
col,sex_m,ocu_skill_l3_4,mts_details_sep,2022,104.644
col,sex_m,ocu_skill_l3_4,mts_details_sep,2023,119.738
col,sex_m,ocu_skill_l3_4,mts_details_sep,2024,131.225
col,sex_m,ocu_skill_l3_4,mts_details_sep,2025,135.555
col,sex_m,ocu_skill_l3_4,mts_details_sgle,2002,462.324
col,sex_m,ocu_skill_l3_4,mts_details_sgle,2003,484.231
col,sex_m,ocu_skill_l3_4,mts_details_sgle,2004,494.21
col,sex_m,ocu_skill_l3_4,mts_details_sgle,2005,503.914
col,sex_m,ocu_skill_l3_4,mts_details_sgle,2007,584.702
col,sex_m,ocu_skill_l3_4,mts_details_sgle,2008,514.712
col,sex_m,ocu_skill_l3_4,mts_details_sgle,2009,524.688
col,sex_m,ocu_skill_l3_4,mts_details_sgle,2010,535.219
col,sex_m,ocu_skill_l3_4,mts_details_sgle,2011,554.761
col,sex_m,ocu_skill_l3_4,mts_details_sgle,2012,567.031
col,sex_m,ocu_skill_l3_4,mts_details_sgle,2013,598.522
col,sex_m,ocu_skill_l3_4,mts_details_sgle,2014,635.881
col,sex_m,ocu_skill_l3_4,mts_details_sgle,2015,655.294
col,sex_m,ocu_skill_l3_4,mts_details_sgle,2016,638.147
col,sex_m,ocu_skill_l3_4,mts_details_sgle,2017,650.946
col,sex_m,ocu_skill_l3_4,mts_details_sgle,2018,607.882
col,sex_m,ocu_skill_l3_4,mts_details_sgle,2019,642.337
col,sex_m,ocu_skill_l3_4,mts_details_sgle,2021,613.151
col,sex_m,ocu_skill_l3_4,mts_details_sgle,2022,536.896
col,sex_m,ocu_skill_l3_4,mts_details_sgle,2023,569.076
col,sex_m,ocu_skill_l3_4,mts_details_sgle,2024,571.469
col,sex_m,ocu_skill_l3_4,mts_details_sgle,2025,576.97
col,sex_m,ocu_skill_l3_4,mts_details_total,2002,1440.66
col,sex_m,ocu_skill_l3_4,mts_details_total,2003,1512.327
col,sex_m,ocu_skill_l3_4,mts_details_total,2004,1520.419
col,sex_m,ocu_skill_l3_4,mts_details_total,2005,1554.914
col,sex_m,ocu_skill_l3_4,mts_details_total,2007,1807.27
col,sex_m,ocu_skill_l3_4,mts_details_total,2008,1579.006
col,sex_m,ocu_skill_l3_4,mts_details_total,2009,1584.885
col,sex_m,ocu_skill_l3_4,mts_details_total,2010,1595.041
col,sex_m,ocu_skill_l3_4,mts_details_total,2011,1648.964
col,sex_m,ocu_skill_l3_4,mts_details_total,2012,1728.965
col,sex_m,ocu_skill_l3_4,mts_details_total,2013,1836.307
col,sex_m,ocu_skill_l3_4,mts_details_total,2014,1923.801
col,sex_m,ocu_skill_l3_4,mts_details_total,2015,1965.544
col,sex_m,ocu_skill_l3_4,mts_details_total,2016,1965.463
col,sex_m,ocu_skill_l3_4,mts_details_total,2017,1998.411
col,sex_m,ocu_skill_l3_4,mts_details_total,2018,1952.09
col,sex_m,ocu_skill_l3_4,mts_details_total,2019,2040.638
col,sex_m,ocu_skill_l3_4,mts_details_total,2021,1967.682
col,sex_m,ocu_skill_l3_4,mts_details_total,2022,1704.336
col,sex_m,ocu_skill_l3_4,mts_details_total,2023,1773.898
col,sex_m,ocu_skill_l3_4,mts_details_total,2024,1763.776
col,sex_m,ocu_skill_l3_4,mts_details_total,2025,1789.024
col,sex_m,ocu_skill_l3_4,mts_details_union,2002,357.773
col,sex_m,ocu_skill_l3_4,mts_details_union,2003,371.274
col,sex_m,ocu_skill_l3_4,mts_details_union,2004,373.651
col,sex_m,ocu_skill_l3_4,mts_details_union,2005,409.761
col,sex_m,ocu_skill_l3_4,mts_details_union,2007,545.382
col,sex_m,ocu_skill_l3_4,mts_details_union,2008,444.402
col,sex_m,ocu_skill_l3_4,mts_details_union,2009,466.414
col,sex_m,ocu_skill_l3_4,mts_details_union,2010,450.304
col,sex_m,ocu_skill_l3_4,mts_details_union,2011,486.544
col,sex_m,ocu_skill_l3_4,mts_details_union,2012,525.374
col,sex_m,ocu_skill_l3_4,mts_details_union,2013,569.93
col,sex_m,ocu_skill_l3_4,mts_details_union,2014,590.617
col,sex_m,ocu_skill_l3_4,mts_details_union,2015,617.695
col,sex_m,ocu_skill_l3_4,mts_details_union,2016,637.783
col,sex_m,ocu_skill_l3_4,mts_details_union,2017,645.504
col,sex_m,ocu_skill_l3_4,mts_details_union,2018,661.005
col,sex_m,ocu_skill_l3_4,mts_details_union,2019,695.096
col,sex_m,ocu_skill_l3_4,mts_details_union,2021,698.342
col,sex_m,ocu_skill_l3_4,mts_details_union,2022,496.126
col,sex_m,ocu_skill_l3_4,mts_details_union,2023,511.226
col,sex_m,ocu_skill_l3_4,mts_details_union,2024,502.153
col,sex_m,ocu_skill_l3_4,mts_details_union,2025,535.607
col,sex_m,ocu_skill_l3_4,mts_details_wid,2002,8.225
col,sex_m,ocu_skill_l3_4,mts_details_wid,2003,8.74
col,sex_m,ocu_skill_l3_4,mts_details_wid,2004,8.369
col,sex_m,ocu_skill_l3_4,mts_details_wid,2005,8.549
col,sex_m,ocu_skill_l3_4,mts_details_wid,2007,566.228
col,sex_m,ocu_skill_l3_4,mts_details_wid,2008,9.84
col,sex_m,ocu_skill_l3_4,mts_details_wid,2009,8.629
col,sex_m,ocu_skill_l3_4,mts_details_wid,2010,6.573
col,sex_m,ocu_skill_l3_4,mts_details_wid,2011,5.098
col,sex_m,ocu_skill_l3_4,mts_details_wid,2012,7.663
col,sex_m,ocu_skill_l3_4,mts_details_wid,2013,7.002
col,sex_m,ocu_skill_l3_4,mts_details_wid,2014,10.203
col,sex_m,ocu_skill_l3_4,mts_details_wid,2015,9.124
col,sex_m,ocu_skill_l3_4,mts_details_wid,2016,7.998
col,sex_m,ocu_skill_l3_4,mts_details_wid,2017,10.179
col,sex_m,ocu_skill_l3_4,mts_details_wid,2018,9.392
col,sex_m,ocu_skill_l3_4,mts_details_wid,2019,10.129
col,sex_m,ocu_skill_l3_4,mts_details_wid,2021,9.637
col,sex_m,ocu_skill_l3_4,mts_details_wid,2022,7.24
col,sex_m,ocu_skill_l3_4,mts_details_wid,2023,9.461
col,sex_m,ocu_skill_l3_4,mts_details_wid,2024,7.573
col,sex_m,ocu_skill_l3_4,mts_details_wid,2025,4.792
col,sex_m,ocu_skill_total,mts_aggregate_1,2002,1823.49
col,sex_m,ocu_skill_total,mts_aggregate_1,2003,1872.954
col,sex_m,ocu_skill_total,mts_aggregate_1,2004,1849.616
col,sex_m,ocu_skill_total,mts_aggregate_1,2005,1998.832
col,sex_m,ocu_skill_total,mts_aggregate_1,2007,3340.4
col,sex_m,ocu_skill_total,mts_aggregate_1,2008,1922.256
col,sex_m,ocu_skill_total,mts_aggregate_1,2009,1972.754
col,sex_m,ocu_skill_total,mts_aggregate_1,2010,1951.174
col,sex_m,ocu_skill_total,mts_aggregate_1,2011,2056.507
col,sex_m,ocu_skill_total,mts_aggregate_1,2012,2156.039
col,sex_m,ocu_skill_total,mts_aggregate_1,2013,2187.486
col,sex_m,ocu_skill_total,mts_aggregate_1,2014,2289.198
col,sex_m,ocu_skill_total,mts_aggregate_1,2015,2345.412
col,sex_m,ocu_skill_total,mts_aggregate_1,2016,2281.926
col,sex_m,ocu_skill_total,mts_aggregate_1,2017,2277.062
col,sex_m,ocu_skill_total,mts_aggregate_1,2018,2238.869
col,sex_m,ocu_skill_total,mts_aggregate_1,2019,2389.312
col,sex_m,ocu_skill_total,mts_aggregate_1,2021,2277.582
col,sex_m,ocu_skill_total,mts_aggregate_1,2022,2601.163
col,sex_m,ocu_skill_total,mts_aggregate_1,2023,2761.757
col,sex_m,ocu_skill_total,mts_aggregate_1,2024,2916.363
col,sex_m,ocu_skill_total,mts_aggregate_1,2025,3029.326
col,sex_m,ocu_skill_total,mts_aggregate_2,2002,2828.962
col,sex_m,ocu_skill_total,mts_aggregate_2,2003,2982.372
col,sex_m,ocu_skill_total,mts_aggregate_2,2004,2951.737
col,sex_m,ocu_skill_total,mts_aggregate_2,2005,3078.246
col,sex_m,ocu_skill_total,mts_aggregate_2,2007,2181.885
col,sex_m,ocu_skill_total,mts_aggregate_2,2008,3148.751
col,sex_m,ocu_skill_total,mts_aggregate_2,2009,3120.69
col,sex_m,ocu_skill_total,mts_aggregate_2,2010,3040.757
col,sex_m,ocu_skill_total,mts_aggregate_2,2011,3116.574
col,sex_m,ocu_skill_total,mts_aggregate_2,2012,3216.726
col,sex_m,ocu_skill_total,mts_aggregate_2,2013,3307.112
col,sex_m,ocu_skill_total,mts_aggregate_2,2014,3383.071
col,sex_m,ocu_skill_total,mts_aggregate_2,2015,3424.213
col,sex_m,ocu_skill_total,mts_aggregate_2,2016,3503.787
col,sex_m,ocu_skill_total,mts_aggregate_2,2017,3515.287
col,sex_m,ocu_skill_total,mts_aggregate_2,2018,3554.15
col,sex_m,ocu_skill_total,mts_aggregate_2,2019,3767.408
col,sex_m,ocu_skill_total,mts_aggregate_2,2021,3675.047
col,sex_m,ocu_skill_total,mts_aggregate_2,2022,3981.957
col,sex_m,ocu_skill_total,mts_aggregate_2,2023,4045.036
col,sex_m,ocu_skill_total,mts_aggregate_2,2024,4121.496
col,sex_m,ocu_skill_total,mts_aggregate_2,2025,4211.687
col,sex_m,ocu_skill_total,mts_aggregate_total,2002,4652.452
col,sex_m,ocu_skill_total,mts_aggregate_total,2003,4855.326
col,sex_m,ocu_skill_total,mts_aggregate_total,2004,4801.353
col,sex_m,ocu_skill_total,mts_aggregate_total,2005,5077.078
col,sex_m,ocu_skill_total,mts_aggregate_total,2007,5522.285
col,sex_m,ocu_skill_total,mts_aggregate_total,2008,5071.007
col,sex_m,ocu_skill_total,mts_aggregate_total,2009,5093.444
col,sex_m,ocu_skill_total,mts_aggregate_total,2010,4991.931
col,sex_m,ocu_skill_total,mts_aggregate_total,2011,5173.081
col,sex_m,ocu_skill_total,mts_aggregate_total,2012,5372.765
col,sex_m,ocu_skill_total,mts_aggregate_total,2013,5494.597
col,sex_m,ocu_skill_total,mts_aggregate_total,2014,5672.268
col,sex_m,ocu_skill_total,mts_aggregate_total,2015,5769.626
col,sex_m,ocu_skill_total,mts_aggregate_total,2016,5785.713
col,sex_m,ocu_skill_total,mts_aggregate_total,2017,5792.35
col,sex_m,ocu_skill_total,mts_aggregate_total,2018,5793.019
col,sex_m,ocu_skill_total,mts_aggregate_total,2019,6156.719
col,sex_m,ocu_skill_total,mts_aggregate_total,2021,5952.629
col,sex_m,ocu_skill_total,mts_aggregate_total,2022,6583.12
col,sex_m,ocu_skill_total,mts_aggregate_total,2023,6806.792
col,sex_m,ocu_skill_total,mts_aggregate_total,2024,7037.858
col,sex_m,ocu_skill_total,mts_aggregate_total,2025,7241.013
col,sex_m,ocu_skill_total,mts_details_mrd,2002,1439.573
col,sex_m,ocu_skill_total,mts_details_mrd,2003,1507.074
col,sex_m,ocu_skill_total,mts_details_mrd,2004,1472.923
col,sex_m,ocu_skill_total,mts_details_mrd,2005,1458.55
col,sex_m,ocu_skill_total,mts_details_mrd,2007,310.634
col,sex_m,ocu_skill_total,mts_details_mrd,2008,1398.016
col,sex_m,ocu_skill_total,mts_details_mrd,2009,1345.918
col,sex_m,ocu_skill_total,mts_details_mrd,2010,1298.698
col,sex_m,ocu_skill_total,mts_details_mrd,2011,1281.472
col,sex_m,ocu_skill_total,mts_details_mrd,2012,1287.377
col,sex_m,ocu_skill_total,mts_details_mrd,2013,1303.322
col,sex_m,ocu_skill_total,mts_details_mrd,2014,1322.392
col,sex_m,ocu_skill_total,mts_details_mrd,2015,1302.197
col,sex_m,ocu_skill_total,mts_details_mrd,2016,1319.421
col,sex_m,ocu_skill_total,mts_details_mrd,2017,1298.136
col,sex_m,ocu_skill_total,mts_details_mrd,2018,1268.086
col,sex_m,ocu_skill_total,mts_details_mrd,2019,1311.223
col,sex_m,ocu_skill_total,mts_details_mrd,2021,1195.812
col,sex_m,ocu_skill_total,mts_details_mrd,2022,1411.535
col,sex_m,ocu_skill_total,mts_details_mrd,2023,1436.991
col,sex_m,ocu_skill_total,mts_details_mrd,2024,1451.446
col,sex_m,ocu_skill_total,mts_details_mrd,2025,1395.903
col,sex_m,ocu_skill_total,mts_details_sep,2002,240.937
col,sex_m,ocu_skill_total,mts_details_sep,2003,231.326
col,sex_m,ocu_skill_total,mts_details_sep,2004,227.448
col,sex_m,ocu_skill_total,mts_details_sep,2005,260.27
col,sex_m,ocu_skill_total,mts_details_sep,2007,34.349
col,sex_m,ocu_skill_total,mts_details_sep,2008,312.74
col,sex_m,ocu_skill_total,mts_details_sep,2009,342.441
col,sex_m,ocu_skill_total,mts_details_sep,2010,356.327
col,sex_m,ocu_skill_total,mts_details_sep,2011,378.741
col,sex_m,ocu_skill_total,mts_details_sep,2012,428.67
col,sex_m,ocu_skill_total,mts_details_sep,2013,479.314
col,sex_m,ocu_skill_total,mts_details_sep,2014,514.788
col,sex_m,ocu_skill_total,mts_details_sep,2015,516.931
col,sex_m,ocu_skill_total,mts_details_sep,2016,514.714
col,sex_m,ocu_skill_total,mts_details_sep,2017,526.633
col,sex_m,ocu_skill_total,mts_details_sep,2018,529.451
col,sex_m,ocu_skill_total,mts_details_sep,2019,592.801
col,sex_m,ocu_skill_total,mts_details_sep,2021,509.796
col,sex_m,ocu_skill_total,mts_details_sep,2022,492.143
col,sex_m,ocu_skill_total,mts_details_sep,2023,567.669
col,sex_m,ocu_skill_total,mts_details_sep,2024,637.301
col,sex_m,ocu_skill_total,mts_details_sep,2025,653.556
col,sex_m,ocu_skill_total,mts_details_sgle,2002,1545.422
col,sex_m,ocu_skill_total,mts_details_sgle,2003,1611.447
col,sex_m,ocu_skill_total,mts_details_sgle,2004,1595.477
col,sex_m,ocu_skill_total,mts_details_sgle,2005,1707.306
col,sex_m,ocu_skill_total,mts_details_sgle,2007,1584.286
col,sex_m,ocu_skill_total,mts_details_sgle,2008,1574.696
col,sex_m,ocu_skill_total,mts_details_sgle,2009,1598.582
col,sex_m,ocu_skill_total,mts_details_sgle,2010,1567.168
col,sex_m,ocu_skill_total,mts_details_sgle,2011,1647.347
col,sex_m,ocu_skill_total,mts_details_sgle,2012,1698.455
col,sex_m,ocu_skill_total,mts_details_sgle,2013,1679.969
col,sex_m,ocu_skill_total,mts_details_sgle,2014,1742.017
col,sex_m,ocu_skill_total,mts_details_sgle,2015,1798.681
col,sex_m,ocu_skill_total,mts_details_sgle,2016,1733.289
col,sex_m,ocu_skill_total,mts_details_sgle,2017,1718.216
col,sex_m,ocu_skill_total,mts_details_sgle,2018,1680.981
col,sex_m,ocu_skill_total,mts_details_sgle,2019,1756.925
col,sex_m,ocu_skill_total,mts_details_sgle,2021,1732.564
col,sex_m,ocu_skill_total,mts_details_sgle,2022,2072.979
col,sex_m,ocu_skill_total,mts_details_sgle,2023,2151.456
col,sex_m,ocu_skill_total,mts_details_sgle,2024,2236.83
col,sex_m,ocu_skill_total,mts_details_sgle,2025,2331.42
col,sex_m,ocu_skill_total,mts_details_total,2002,4652.452
col,sex_m,ocu_skill_total,mts_details_total,2003,4855.326
col,sex_m,ocu_skill_total,mts_details_total,2004,4801.353
col,sex_m,ocu_skill_total,mts_details_total,2005,5077.078
col,sex_m,ocu_skill_total,mts_details_total,2007,5522.285
col,sex_m,ocu_skill_total,mts_details_total,2008,5071.007
col,sex_m,ocu_skill_total,mts_details_total,2009,5093.444
col,sex_m,ocu_skill_total,mts_details_total,2010,4991.931
col,sex_m,ocu_skill_total,mts_details_total,2011,5173.081
col,sex_m,ocu_skill_total,mts_details_total,2012,5372.765
col,sex_m,ocu_skill_total,mts_details_total,2013,5494.597
col,sex_m,ocu_skill_total,mts_details_total,2014,5672.268
col,sex_m,ocu_skill_total,mts_details_total,2015,5769.626
col,sex_m,ocu_skill_total,mts_details_total,2016,5785.713
col,sex_m,ocu_skill_total,mts_details_total,2017,5792.35
col,sex_m,ocu_skill_total,mts_details_total,2018,5793.019
col,sex_m,ocu_skill_total,mts_details_total,2019,6156.719
col,sex_m,ocu_skill_total,mts_details_total,2021,5952.629
col,sex_m,ocu_skill_total,mts_details_total,2022,6583.12
col,sex_m,ocu_skill_total,mts_details_total,2023,6806.792
col,sex_m,ocu_skill_total,mts_details_total,2024,7037.858
col,sex_m,ocu_skill_total,mts_details_total,2025,7241.013
col,sex_m,ocu_skill_total,mts_details_union,2002,1389.389
col,sex_m,ocu_skill_total,mts_details_union,2003,1475.297
col,sex_m,ocu_skill_total,mts_details_union,2004,1478.814
col,sex_m,ocu_skill_total,mts_details_union,2005,1619.696
col,sex_m,ocu_skill_total,mts_details_union,2007,1871.251
col,sex_m,ocu_skill_total,mts_details_union,2008,1750.735
col,sex_m,ocu_skill_total,mts_details_union,2009,1774.772
col,sex_m,ocu_skill_total,mts_details_union,2010,1742.059
col,sex_m,ocu_skill_total,mts_details_union,2011,1835.102
col,sex_m,ocu_skill_total,mts_details_union,2012,1929.349
col,sex_m,ocu_skill_total,mts_details_union,2013,2003.79
col,sex_m,ocu_skill_total,mts_details_union,2014,2060.679
col,sex_m,ocu_skill_total,mts_details_union,2015,2122.016
col,sex_m,ocu_skill_total,mts_details_union,2016,2184.366
col,sex_m,ocu_skill_total,mts_details_union,2017,2217.152
col,sex_m,ocu_skill_total,mts_details_union,2018,2286.064
col,sex_m,ocu_skill_total,mts_details_union,2019,2456.185
col,sex_m,ocu_skill_total,mts_details_union,2021,2479.235
col,sex_m,ocu_skill_total,mts_details_union,2022,2570.422
col,sex_m,ocu_skill_total,mts_details_union,2023,2608.045
col,sex_m,ocu_skill_total,mts_details_union,2024,2670.05
col,sex_m,ocu_skill_total,mts_details_union,2025,2815.784
col,sex_m,ocu_skill_total,mts_details_wid,2002,37.131
col,sex_m,ocu_skill_total,mts_details_wid,2003,30.181
col,sex_m,ocu_skill_total,mts_details_wid,2004,26.691
col,sex_m,ocu_skill_total,mts_details_wid,2005,31.257
col,sex_m,ocu_skill_total,mts_details_wid,2007,1721.764
col,sex_m,ocu_skill_total,mts_details_wid,2008,34.821
col,sex_m,ocu_skill_total,mts_details_wid,2009,31.73
col,sex_m,ocu_skill_total,mts_details_wid,2010,27.678
col,sex_m,ocu_skill_total,mts_details_wid,2011,30.419
col,sex_m,ocu_skill_total,mts_details_wid,2012,28.914
col,sex_m,ocu_skill_total,mts_details_wid,2013,28.202
col,sex_m,ocu_skill_total,mts_details_wid,2014,32.393
col,sex_m,ocu_skill_total,mts_details_wid,2015,29.801
col,sex_m,ocu_skill_total,mts_details_wid,2016,33.923
col,sex_m,ocu_skill_total,mts_details_wid,2017,32.214
col,sex_m,ocu_skill_total,mts_details_wid,2018,28.437
col,sex_m,ocu_skill_total,mts_details_wid,2019,39.587
col,sex_m,ocu_skill_total,mts_details_wid,2021,35.221
col,sex_m,ocu_skill_total,mts_details_wid,2022,36.041
col,sex_m,ocu_skill_total,mts_details_wid,2023,42.632
col,sex_m,ocu_skill_total,mts_details_wid,2024,42.231
col,sex_m,ocu_skill_total,mts_details_wid,2025,44.351
col,sex_m,ocu_skill_x,mts_aggregate_1,2002,3.438
col,sex_m,ocu_skill_x,mts_aggregate_1,2003,0.388
col,sex_m,ocu_skill_x,mts_aggregate_1,2004,0.692
col,sex_m,ocu_skill_x,mts_aggregate_1,2005,0.385
col,sex_m,ocu_skill_x,mts_aggregate_1,2007,272.08
col,sex_m,ocu_skill_x,mts_aggregate_1,2008,2
col,sex_m,ocu_skill_x,mts_aggregate_1,2009,0.902
col,sex_m,ocu_skill_x,mts_aggregate_1,2010,0.709
col,sex_m,ocu_skill_x,mts_aggregate_1,2022,3.585
col,sex_m,ocu_skill_x,mts_aggregate_1,2023,4.154
col,sex_m,ocu_skill_x,mts_aggregate_1,2024,3.512
col,sex_m,ocu_skill_x,mts_aggregate_1,2025,3.746
col,sex_m,ocu_skill_x,mts_aggregate_2,2002,3.368
col,sex_m,ocu_skill_x,mts_aggregate_2,2003,1.018
col,sex_m,ocu_skill_x,mts_aggregate_2,2004,3.846
col,sex_m,ocu_skill_x,mts_aggregate_2,2005,2.181
col,sex_m,ocu_skill_x,mts_aggregate_2,2007,156.987
col,sex_m,ocu_skill_x,mts_aggregate_2,2008,8.753
col,sex_m,ocu_skill_x,mts_aggregate_2,2009,2.17
col,sex_m,ocu_skill_x,mts_aggregate_2,2010,0.468
col,sex_m,ocu_skill_x,mts_aggregate_2,2012,0.592
col,sex_m,ocu_skill_x,mts_aggregate_2,2013,0.281
col,sex_m,ocu_skill_x,mts_aggregate_2,2014,0.615
col,sex_m,ocu_skill_x,mts_aggregate_2,2022,18.17
col,sex_m,ocu_skill_x,mts_aggregate_2,2023,15.681
col,sex_m,ocu_skill_x,mts_aggregate_2,2024,16.797
col,sex_m,ocu_skill_x,mts_aggregate_2,2025,13.346
col,sex_m,ocu_skill_x,mts_aggregate_total,2002,6.806
col,sex_m,ocu_skill_x,mts_aggregate_total,2003,1.406
col,sex_m,ocu_skill_x,mts_aggregate_total,2004,4.539
col,sex_m,ocu_skill_x,mts_aggregate_total,2005,2.565
col,sex_m,ocu_skill_x,mts_aggregate_total,2007,429.067
col,sex_m,ocu_skill_x,mts_aggregate_total,2008,10.753
col,sex_m,ocu_skill_x,mts_aggregate_total,2009,3.071
col,sex_m,ocu_skill_x,mts_aggregate_total,2010,1.177
col,sex_m,ocu_skill_x,mts_aggregate_total,2011,0.354
col,sex_m,ocu_skill_x,mts_aggregate_total,2012,0.592
col,sex_m,ocu_skill_x,mts_aggregate_total,2013,0.405
col,sex_m,ocu_skill_x,mts_aggregate_total,2014,0.877
col,sex_m,ocu_skill_x,mts_aggregate_total,2015,0.058
col,sex_m,ocu_skill_x,mts_aggregate_total,2017,0.53
col,sex_m,ocu_skill_x,mts_aggregate_total,2022,21.755
col,sex_m,ocu_skill_x,mts_aggregate_total,2023,19.834
col,sex_m,ocu_skill_x,mts_aggregate_total,2024,20.31
col,sex_m,ocu_skill_x,mts_aggregate_total,2025,17.092
col,sex_m,ocu_skill_x,mts_details_mrd,2002,0.766
col,sex_m,ocu_skill_x,mts_details_mrd,2003,0.905
col,sex_m,ocu_skill_x,mts_details_mrd,2004,1.868
col,sex_m,ocu_skill_x,mts_details_mrd,2005,1.694
col,sex_m,ocu_skill_x,mts_details_mrd,2007,20.317
col,sex_m,ocu_skill_x,mts_details_mrd,2008,3.682
col,sex_m,ocu_skill_x,mts_details_mrd,2009,1.125
col,sex_m,ocu_skill_x,mts_details_mrd,2013,0.153
col,sex_m,ocu_skill_x,mts_details_mrd,2022,11.695
col,sex_m,ocu_skill_x,mts_details_mrd,2023,10.84
col,sex_m,ocu_skill_x,mts_details_mrd,2024,9.977
col,sex_m,ocu_skill_x,mts_details_mrd,2025,7.5
col,sex_m,ocu_skill_x,mts_details_sep,2007,2.66
col,sex_m,ocu_skill_x,mts_details_sep,2008,0.21
col,sex_m,ocu_skill_x,mts_details_sep,2022,0.636
col,sex_m,ocu_skill_x,mts_details_sep,2023,0.57
col,sex_m,ocu_skill_x,mts_details_sep,2024,0.926
col,sex_m,ocu_skill_x,mts_details_sep,2025,0.822
col,sex_m,ocu_skill_x,mts_details_sgle,2002,2.877
col,sex_m,ocu_skill_x,mts_details_sgle,2003,0.388
col,sex_m,ocu_skill_x,mts_details_sgle,2004,0.692
col,sex_m,ocu_skill_x,mts_details_sgle,2005,0.373
col,sex_m,ocu_skill_x,mts_details_sgle,2007,136.406
col,sex_m,ocu_skill_x,mts_details_sgle,2008,1.79
col,sex_m,ocu_skill_x,mts_details_sgle,2009,0.853
col,sex_m,ocu_skill_x,mts_details_sgle,2010,0.547
col,sex_m,ocu_skill_x,mts_details_sgle,2022,2.664
col,sex_m,ocu_skill_x,mts_details_sgle,2023,3.558
col,sex_m,ocu_skill_x,mts_details_sgle,2024,2.575
col,sex_m,ocu_skill_x,mts_details_sgle,2025,2.521
col,sex_m,ocu_skill_x,mts_details_total,2002,6.806
col,sex_m,ocu_skill_x,mts_details_total,2003,1.406
col,sex_m,ocu_skill_x,mts_details_total,2004,4.539
col,sex_m,ocu_skill_x,mts_details_total,2005,2.565
col,sex_m,ocu_skill_x,mts_details_total,2007,429.067
col,sex_m,ocu_skill_x,mts_details_total,2008,10.753
col,sex_m,ocu_skill_x,mts_details_total,2009,3.071
col,sex_m,ocu_skill_x,mts_details_total,2010,1.177
col,sex_m,ocu_skill_x,mts_details_total,2011,0.354
col,sex_m,ocu_skill_x,mts_details_total,2012,0.592
col,sex_m,ocu_skill_x,mts_details_total,2013,0.405
col,sex_m,ocu_skill_x,mts_details_total,2014,0.877
col,sex_m,ocu_skill_x,mts_details_total,2015,0.058
col,sex_m,ocu_skill_x,mts_details_total,2017,0.53
col,sex_m,ocu_skill_x,mts_details_total,2022,21.755
col,sex_m,ocu_skill_x,mts_details_total,2023,19.834
col,sex_m,ocu_skill_x,mts_details_total,2024,20.31
col,sex_m,ocu_skill_x,mts_details_total,2025,17.092
col,sex_m,ocu_skill_x,mts_details_union,2002,2.602
col,sex_m,ocu_skill_x,mts_details_union,2004,1.979
col,sex_m,ocu_skill_x,mts_details_union,2005,0.487
col,sex_m,ocu_skill_x,mts_details_union,2007,136.67
col,sex_m,ocu_skill_x,mts_details_union,2008,5.071
col,sex_m,ocu_skill_x,mts_details_union,2009,1.045
col,sex_m,ocu_skill_x,mts_details_union,2010,0.442
col,sex_m,ocu_skill_x,mts_details_union,2014,0.58
col,sex_m,ocu_skill_x,mts_details_union,2022,6.475
col,sex_m,ocu_skill_x,mts_details_union,2023,4.841
col,sex_m,ocu_skill_x,mts_details_union,2024,6.82
col,sex_m,ocu_skill_x,mts_details_union,2025,5.847
col,sex_m,ocu_skill_x,mts_details_wid,2007,133.014
col,sex_t,ocu_isco08_0,mts_aggregate_1,2022,2.958
col,sex_t,ocu_isco08_0,mts_aggregate_1,2023,3.548
col,sex_t,ocu_isco08_0,mts_aggregate_1,2024,3.983
col,sex_t,ocu_isco08_0,mts_aggregate_1,2025,5.222
col,sex_t,ocu_isco08_0,mts_aggregate_2,2022,16.313
col,sex_t,ocu_isco08_0,mts_aggregate_2,2023,15.534
col,sex_t,ocu_isco08_0,mts_aggregate_2,2024,17.417
col,sex_t,ocu_isco08_0,mts_aggregate_2,2025,13.692
col,sex_t,ocu_isco08_0,mts_aggregate_total,2022,19.271
col,sex_t,ocu_isco08_0,mts_aggregate_total,2023,19.082
col,sex_t,ocu_isco08_0,mts_aggregate_total,2024,21.4
col,sex_t,ocu_isco08_0,mts_aggregate_total,2025,18.914
col,sex_t,ocu_isco08_0,mts_details_mrd,2022,10.299
col,sex_t,ocu_isco08_0,mts_details_mrd,2023,10.891
col,sex_t,ocu_isco08_0,mts_details_mrd,2024,9.998
col,sex_t,ocu_isco08_0,mts_details_mrd,2025,7.798
col,sex_t,ocu_isco08_0,mts_details_sep,2022,0.692
col,sex_t,ocu_isco08_0,mts_details_sep,2023,0.594
col,sex_t,ocu_isco08_0,mts_details_sep,2024,0.912
col,sex_t,ocu_isco08_0,mts_details_sep,2025,0.883
col,sex_t,ocu_isco08_0,mts_details_sgle,2022,2.25
col,sex_t,ocu_isco08_0,mts_details_sgle,2023,2.928
col,sex_t,ocu_isco08_0,mts_details_sgle,2024,3.06
col,sex_t,ocu_isco08_0,mts_details_sgle,2025,3.936
col,sex_t,ocu_isco08_0,mts_details_total,2022,19.271
col,sex_t,ocu_isco08_0,mts_details_total,2023,19.082
col,sex_t,ocu_isco08_0,mts_details_total,2024,21.4
col,sex_t,ocu_isco08_0,mts_details_total,2025,18.914
col,sex_t,ocu_isco08_0,mts_details_union,2022,6.014
col,sex_t,ocu_isco08_0,mts_details_union,2023,4.643
col,sex_t,ocu_isco08_0,mts_details_union,2024,7.419
col,sex_t,ocu_isco08_0,mts_details_union,2025,5.894
col,sex_t,ocu_isco08_1,mts_aggregate_1,2002,275.55
col,sex_t,ocu_isco08_1,mts_aggregate_1,2003,301.77
col,sex_t,ocu_isco08_1,mts_aggregate_1,2004,287.936
col,sex_t,ocu_isco08_1,mts_aggregate_1,2005,284.874
col,sex_t,ocu_isco08_1,mts_aggregate_1,2007,713.099
col,sex_t,ocu_isco08_1,mts_aggregate_1,2008,335.954
col,sex_t,ocu_isco08_1,mts_aggregate_1,2009,312.706
col,sex_t,ocu_isco08_1,mts_aggregate_1,2010,326.135
col,sex_t,ocu_isco08_1,mts_aggregate_1,2011,321.664
col,sex_t,ocu_isco08_1,mts_aggregate_1,2012,343.738
col,sex_t,ocu_isco08_1,mts_aggregate_1,2013,381.055
col,sex_t,ocu_isco08_1,mts_aggregate_1,2014,403.68
col,sex_t,ocu_isco08_1,mts_aggregate_1,2015,440.832
col,sex_t,ocu_isco08_1,mts_aggregate_1,2016,420.763
col,sex_t,ocu_isco08_1,mts_aggregate_1,2017,424.187
col,sex_t,ocu_isco08_1,mts_aggregate_1,2018,405.286
col,sex_t,ocu_isco08_1,mts_aggregate_1,2019,408.92
col,sex_t,ocu_isco08_1,mts_aggregate_1,2021,404.203
col,sex_t,ocu_isco08_1,mts_aggregate_1,2022,281.142
col,sex_t,ocu_isco08_1,mts_aggregate_1,2023,305.719
col,sex_t,ocu_isco08_1,mts_aggregate_1,2024,304.583
col,sex_t,ocu_isco08_1,mts_aggregate_1,2025,298.456
col,sex_t,ocu_isco08_1,mts_aggregate_2,2002,476.55
col,sex_t,ocu_isco08_1,mts_aggregate_2,2003,495.326
col,sex_t,ocu_isco08_1,mts_aggregate_2,2004,490.546
col,sex_t,ocu_isco08_1,mts_aggregate_2,2005,501.238
col,sex_t,ocu_isco08_1,mts_aggregate_2,2007,379.104
col,sex_t,ocu_isco08_1,mts_aggregate_2,2008,493.943
col,sex_t,ocu_isco08_1,mts_aggregate_2,2009,463.968
col,sex_t,ocu_isco08_1,mts_aggregate_2,2010,481.473
col,sex_t,ocu_isco08_1,mts_aggregate_2,2011,478.788
col,sex_t,ocu_isco08_1,mts_aggregate_2,2012,518.96
col,sex_t,ocu_isco08_1,mts_aggregate_2,2013,561.957
col,sex_t,ocu_isco08_1,mts_aggregate_2,2014,583.958
col,sex_t,ocu_isco08_1,mts_aggregate_2,2015,579.627
col,sex_t,ocu_isco08_1,mts_aggregate_2,2016,572.947
col,sex_t,ocu_isco08_1,mts_aggregate_2,2017,603.769
col,sex_t,ocu_isco08_1,mts_aggregate_2,2018,581.648
col,sex_t,ocu_isco08_1,mts_aggregate_2,2019,598.033
col,sex_t,ocu_isco08_1,mts_aggregate_2,2021,594.587
col,sex_t,ocu_isco08_1,mts_aggregate_2,2022,528.042
col,sex_t,ocu_isco08_1,mts_aggregate_2,2023,526.726
col,sex_t,ocu_isco08_1,mts_aggregate_2,2024,515.832
col,sex_t,ocu_isco08_1,mts_aggregate_2,2025,481.544
col,sex_t,ocu_isco08_1,mts_aggregate_total,2002,752.1
col,sex_t,ocu_isco08_1,mts_aggregate_total,2003,797.096
col,sex_t,ocu_isco08_1,mts_aggregate_total,2004,778.482
col,sex_t,ocu_isco08_1,mts_aggregate_total,2005,786.113
col,sex_t,ocu_isco08_1,mts_aggregate_total,2007,1092.203
col,sex_t,ocu_isco08_1,mts_aggregate_total,2008,829.897
col,sex_t,ocu_isco08_1,mts_aggregate_total,2009,776.675
col,sex_t,ocu_isco08_1,mts_aggregate_total,2010,807.608
col,sex_t,ocu_isco08_1,mts_aggregate_total,2011,800.452
col,sex_t,ocu_isco08_1,mts_aggregate_total,2012,862.698
col,sex_t,ocu_isco08_1,mts_aggregate_total,2013,943.012
col,sex_t,ocu_isco08_1,mts_aggregate_total,2014,987.637
col,sex_t,ocu_isco08_1,mts_aggregate_total,2015,1020.459
col,sex_t,ocu_isco08_1,mts_aggregate_total,2016,993.71
col,sex_t,ocu_isco08_1,mts_aggregate_total,2017,1027.956
col,sex_t,ocu_isco08_1,mts_aggregate_total,2018,986.934
col,sex_t,ocu_isco08_1,mts_aggregate_total,2019,1006.952
col,sex_t,ocu_isco08_1,mts_aggregate_total,2021,998.79
col,sex_t,ocu_isco08_1,mts_aggregate_total,2022,809.185
col,sex_t,ocu_isco08_1,mts_aggregate_total,2023,832.446
col,sex_t,ocu_isco08_1,mts_aggregate_total,2024,820.415
col,sex_t,ocu_isco08_1,mts_aggregate_total,2025,780
col,sex_t,ocu_isco08_1,mts_details_mrd,2002,336.239
col,sex_t,ocu_isco08_1,mts_details_mrd,2003,338.04
col,sex_t,ocu_isco08_1,mts_details_mrd,2004,334.001
col,sex_t,ocu_isco08_1,mts_details_mrd,2005,326.161
col,sex_t,ocu_isco08_1,mts_details_mrd,2007,104.16
col,sex_t,ocu_isco08_1,mts_details_mrd,2008,302.159
col,sex_t,ocu_isco08_1,mts_details_mrd,2009,276.159
col,sex_t,ocu_isco08_1,mts_details_mrd,2010,284.297
col,sex_t,ocu_isco08_1,mts_details_mrd,2011,279.417
col,sex_t,ocu_isco08_1,mts_details_mrd,2012,282.969
col,sex_t,ocu_isco08_1,mts_details_mrd,2013,307.101
col,sex_t,ocu_isco08_1,mts_details_mrd,2014,314.035
col,sex_t,ocu_isco08_1,mts_details_mrd,2015,304.599
col,sex_t,ocu_isco08_1,mts_details_mrd,2016,298.511
col,sex_t,ocu_isco08_1,mts_details_mrd,2017,311.887
col,sex_t,ocu_isco08_1,mts_details_mrd,2018,298.991
col,sex_t,ocu_isco08_1,mts_details_mrd,2019,306.189
col,sex_t,ocu_isco08_1,mts_details_mrd,2021,280.001
col,sex_t,ocu_isco08_1,mts_details_mrd,2022,289.997
col,sex_t,ocu_isco08_1,mts_details_mrd,2023,287.231
col,sex_t,ocu_isco08_1,mts_details_mrd,2024,269.925
col,sex_t,ocu_isco08_1,mts_details_mrd,2025,261.725
col,sex_t,ocu_isco08_1,mts_details_sep,2002,66.702
col,sex_t,ocu_isco08_1,mts_details_sep,2003,79.193
col,sex_t,ocu_isco08_1,mts_details_sep,2004,65.857
col,sex_t,ocu_isco08_1,mts_details_sep,2005,68.804
col,sex_t,ocu_isco08_1,mts_details_sep,2007,14.551
col,sex_t,ocu_isco08_1,mts_details_sep,2008,87.486
col,sex_t,ocu_isco08_1,mts_details_sep,2009,78.573
col,sex_t,ocu_isco08_1,mts_details_sep,2010,85.635
col,sex_t,ocu_isco08_1,mts_details_sep,2011,86.613
col,sex_t,ocu_isco08_1,mts_details_sep,2012,95.532
col,sex_t,ocu_isco08_1,mts_details_sep,2013,107.799
col,sex_t,ocu_isco08_1,mts_details_sep,2014,124.239
col,sex_t,ocu_isco08_1,mts_details_sep,2015,132.15
col,sex_t,ocu_isco08_1,mts_details_sep,2016,129.937
col,sex_t,ocu_isco08_1,mts_details_sep,2017,124.53
col,sex_t,ocu_isco08_1,mts_details_sep,2018,127.009
col,sex_t,ocu_isco08_1,mts_details_sep,2019,122.222
col,sex_t,ocu_isco08_1,mts_details_sep,2021,117.606
col,sex_t,ocu_isco08_1,mts_details_sep,2022,78.411
col,sex_t,ocu_isco08_1,mts_details_sep,2023,87.644
col,sex_t,ocu_isco08_1,mts_details_sep,2024,94.068
col,sex_t,ocu_isco08_1,mts_details_sep,2025,100.279
col,sex_t,ocu_isco08_1,mts_details_sgle,2002,194.661
col,sex_t,ocu_isco08_1,mts_details_sgle,2003,209.507
col,sex_t,ocu_isco08_1,mts_details_sgle,2004,213.048
col,sex_t,ocu_isco08_1,mts_details_sgle,2005,201.462
col,sex_t,ocu_isco08_1,mts_details_sgle,2007,376.873
col,sex_t,ocu_isco08_1,mts_details_sgle,2008,233.857
col,sex_t,ocu_isco08_1,mts_details_sgle,2009,222.452
col,sex_t,ocu_isco08_1,mts_details_sgle,2010,231.879
col,sex_t,ocu_isco08_1,mts_details_sgle,2011,224.86
col,sex_t,ocu_isco08_1,mts_details_sgle,2012,238.537
col,sex_t,ocu_isco08_1,mts_details_sgle,2013,261.098
col,sex_t,ocu_isco08_1,mts_details_sgle,2014,267.62
col,sex_t,ocu_isco08_1,mts_details_sgle,2015,296.474
col,sex_t,ocu_isco08_1,mts_details_sgle,2016,279.376
col,sex_t,ocu_isco08_1,mts_details_sgle,2017,288.705
col,sex_t,ocu_isco08_1,mts_details_sgle,2018,267.789
col,sex_t,ocu_isco08_1,mts_details_sgle,2019,276.001
col,sex_t,ocu_isco08_1,mts_details_sgle,2021,275.351
col,sex_t,ocu_isco08_1,mts_details_sgle,2022,194.539
col,sex_t,ocu_isco08_1,mts_details_sgle,2023,209.182
col,sex_t,ocu_isco08_1,mts_details_sgle,2024,202.082
col,sex_t,ocu_isco08_1,mts_details_sgle,2025,191.999
col,sex_t,ocu_isco08_1,mts_details_total,2002,752.1
col,sex_t,ocu_isco08_1,mts_details_total,2003,797.096
col,sex_t,ocu_isco08_1,mts_details_total,2004,778.482
col,sex_t,ocu_isco08_1,mts_details_total,2005,786.113
col,sex_t,ocu_isco08_1,mts_details_total,2007,1092.203
col,sex_t,ocu_isco08_1,mts_details_total,2008,829.897
col,sex_t,ocu_isco08_1,mts_details_total,2009,776.675
col,sex_t,ocu_isco08_1,mts_details_total,2010,807.608
col,sex_t,ocu_isco08_1,mts_details_total,2011,800.452
col,sex_t,ocu_isco08_1,mts_details_total,2012,862.698
col,sex_t,ocu_isco08_1,mts_details_total,2013,943.012
col,sex_t,ocu_isco08_1,mts_details_total,2014,987.637
col,sex_t,ocu_isco08_1,mts_details_total,2015,1020.459
col,sex_t,ocu_isco08_1,mts_details_total,2016,993.71
col,sex_t,ocu_isco08_1,mts_details_total,2017,1027.956
col,sex_t,ocu_isco08_1,mts_details_total,2018,986.934
col,sex_t,ocu_isco08_1,mts_details_total,2019,1006.952
col,sex_t,ocu_isco08_1,mts_details_total,2021,998.79
col,sex_t,ocu_isco08_1,mts_details_total,2022,809.185
col,sex_t,ocu_isco08_1,mts_details_total,2023,832.446
col,sex_t,ocu_isco08_1,mts_details_total,2024,820.415
col,sex_t,ocu_isco08_1,mts_details_total,2025,780
col,sex_t,ocu_isco08_1,mts_details_union,2002,140.311
col,sex_t,ocu_isco08_1,mts_details_union,2003,157.286
col,sex_t,ocu_isco08_1,mts_details_union,2004,156.545
col,sex_t,ocu_isco08_1,mts_details_union,2005,175.077
col,sex_t,ocu_isco08_1,mts_details_union,2007,274.945
col,sex_t,ocu_isco08_1,mts_details_union,2008,191.784
col,sex_t,ocu_isco08_1,mts_details_union,2009,187.81
col,sex_t,ocu_isco08_1,mts_details_union,2010,197.176
col,sex_t,ocu_isco08_1,mts_details_union,2011,199.37
col,sex_t,ocu_isco08_1,mts_details_union,2012,235.991
col,sex_t,ocu_isco08_1,mts_details_union,2013,254.856
col,sex_t,ocu_isco08_1,mts_details_union,2014,269.922
col,sex_t,ocu_isco08_1,mts_details_union,2015,275.028
col,sex_t,ocu_isco08_1,mts_details_union,2016,274.437
col,sex_t,ocu_isco08_1,mts_details_union,2017,291.882
col,sex_t,ocu_isco08_1,mts_details_union,2018,282.658
col,sex_t,ocu_isco08_1,mts_details_union,2019,291.844
col,sex_t,ocu_isco08_1,mts_details_union,2021,314.586
col,sex_t,ocu_isco08_1,mts_details_union,2022,238.045
col,sex_t,ocu_isco08_1,mts_details_union,2023,239.495
col,sex_t,ocu_isco08_1,mts_details_union,2024,245.907
col,sex_t,ocu_isco08_1,mts_details_union,2025,219.818
col,sex_t,ocu_isco08_1,mts_details_wid,2002,14.188
col,sex_t,ocu_isco08_1,mts_details_wid,2003,13.07
col,sex_t,ocu_isco08_1,mts_details_wid,2004,9.031
col,sex_t,ocu_isco08_1,mts_details_wid,2005,14.608
col,sex_t,ocu_isco08_1,mts_details_wid,2007,321.675
col,sex_t,ocu_isco08_1,mts_details_wid,2008,14.611
col,sex_t,ocu_isco08_1,mts_details_wid,2009,11.682
col,sex_t,ocu_isco08_1,mts_details_wid,2010,8.621
col,sex_t,ocu_isco08_1,mts_details_wid,2011,10.191
col,sex_t,ocu_isco08_1,mts_details_wid,2012,9.669
col,sex_t,ocu_isco08_1,mts_details_wid,2013,12.158
col,sex_t,ocu_isco08_1,mts_details_wid,2014,11.821
col,sex_t,ocu_isco08_1,mts_details_wid,2015,12.208
col,sex_t,ocu_isco08_1,mts_details_wid,2016,11.449
col,sex_t,ocu_isco08_1,mts_details_wid,2017,10.952
col,sex_t,ocu_isco08_1,mts_details_wid,2018,10.488
col,sex_t,ocu_isco08_1,mts_details_wid,2019,10.697
col,sex_t,ocu_isco08_1,mts_details_wid,2021,11.245
col,sex_t,ocu_isco08_1,mts_details_wid,2022,8.193
col,sex_t,ocu_isco08_1,mts_details_wid,2023,8.893
col,sex_t,ocu_isco08_1,mts_details_wid,2024,8.432
col,sex_t,ocu_isco08_1,mts_details_wid,2025,6.178
col,sex_t,ocu_isco08_2,mts_aggregate_1,2002,306.658
col,sex_t,ocu_isco08_2,mts_aggregate_1,2003,313.981
col,sex_t,ocu_isco08_2,mts_aggregate_1,2004,332.123
col,sex_t,ocu_isco08_2,mts_aggregate_1,2005,360.929
col,sex_t,ocu_isco08_2,mts_aggregate_1,2007,512.219
col,sex_t,ocu_isco08_2,mts_aggregate_1,2008,350.909
col,sex_t,ocu_isco08_2,mts_aggregate_1,2009,355.163
col,sex_t,ocu_isco08_2,mts_aggregate_1,2010,372.644
col,sex_t,ocu_isco08_2,mts_aggregate_1,2011,379.984
col,sex_t,ocu_isco08_2,mts_aggregate_1,2012,391.704
col,sex_t,ocu_isco08_2,mts_aggregate_1,2013,422.755
col,sex_t,ocu_isco08_2,mts_aggregate_1,2014,456.265
col,sex_t,ocu_isco08_2,mts_aggregate_1,2015,459.956
col,sex_t,ocu_isco08_2,mts_aggregate_1,2016,473.622
col,sex_t,ocu_isco08_2,mts_aggregate_1,2017,480.604
col,sex_t,ocu_isco08_2,mts_aggregate_1,2018,465.193
col,sex_t,ocu_isco08_2,mts_aggregate_1,2019,498.237
col,sex_t,ocu_isco08_2,mts_aggregate_1,2021,470.149
col,sex_t,ocu_isco08_2,mts_aggregate_1,2022,740.478
col,sex_t,ocu_isco08_2,mts_aggregate_1,2023,761.866
col,sex_t,ocu_isco08_2,mts_aggregate_1,2024,775.338
col,sex_t,ocu_isco08_2,mts_aggregate_1,2025,795.757
col,sex_t,ocu_isco08_2,mts_aggregate_2,2002,359.563
col,sex_t,ocu_isco08_2,mts_aggregate_2,2003,364.174
col,sex_t,ocu_isco08_2,mts_aggregate_2,2004,367.3
col,sex_t,ocu_isco08_2,mts_aggregate_2,2005,388.176
col,sex_t,ocu_isco08_2,mts_aggregate_2,2007,268.483
col,sex_t,ocu_isco08_2,mts_aggregate_2,2008,359.295
col,sex_t,ocu_isco08_2,mts_aggregate_2,2009,375.329
col,sex_t,ocu_isco08_2,mts_aggregate_2,2010,386.487
col,sex_t,ocu_isco08_2,mts_aggregate_2,2011,383.68
col,sex_t,ocu_isco08_2,mts_aggregate_2,2012,400.108
col,sex_t,ocu_isco08_2,mts_aggregate_2,2013,435.118
col,sex_t,ocu_isco08_2,mts_aggregate_2,2014,455.215
col,sex_t,ocu_isco08_2,mts_aggregate_2,2015,476.237
col,sex_t,ocu_isco08_2,mts_aggregate_2,2016,487.229
col,sex_t,ocu_isco08_2,mts_aggregate_2,2017,501.409
col,sex_t,ocu_isco08_2,mts_aggregate_2,2018,500.478
col,sex_t,ocu_isco08_2,mts_aggregate_2,2019,517.643
col,sex_t,ocu_isco08_2,mts_aggregate_2,2021,511.803
col,sex_t,ocu_isco08_2,mts_aggregate_2,2022,918.914
col,sex_t,ocu_isco08_2,mts_aggregate_2,2023,937.312
col,sex_t,ocu_isco08_2,mts_aggregate_2,2024,902.363
col,sex_t,ocu_isco08_2,mts_aggregate_2,2025,951.872
col,sex_t,ocu_isco08_2,mts_aggregate_total,2002,666.221
col,sex_t,ocu_isco08_2,mts_aggregate_total,2003,678.156
col,sex_t,ocu_isco08_2,mts_aggregate_total,2004,699.423
col,sex_t,ocu_isco08_2,mts_aggregate_total,2005,749.106
col,sex_t,ocu_isco08_2,mts_aggregate_total,2007,780.703
col,sex_t,ocu_isco08_2,mts_aggregate_total,2008,710.205
col,sex_t,ocu_isco08_2,mts_aggregate_total,2009,730.492
col,sex_t,ocu_isco08_2,mts_aggregate_total,2010,759.131
col,sex_t,ocu_isco08_2,mts_aggregate_total,2011,763.664
col,sex_t,ocu_isco08_2,mts_aggregate_total,2012,791.811
col,sex_t,ocu_isco08_2,mts_aggregate_total,2013,857.872
col,sex_t,ocu_isco08_2,mts_aggregate_total,2014,911.48
col,sex_t,ocu_isco08_2,mts_aggregate_total,2015,936.193
col,sex_t,ocu_isco08_2,mts_aggregate_total,2016,960.851
col,sex_t,ocu_isco08_2,mts_aggregate_total,2017,982.013
col,sex_t,ocu_isco08_2,mts_aggregate_total,2018,965.671
col,sex_t,ocu_isco08_2,mts_aggregate_total,2019,1015.88
col,sex_t,ocu_isco08_2,mts_aggregate_total,2021,981.952
col,sex_t,ocu_isco08_2,mts_aggregate_total,2022,1659.392
col,sex_t,ocu_isco08_2,mts_aggregate_total,2023,1699.178
col,sex_t,ocu_isco08_2,mts_aggregate_total,2024,1677.701
col,sex_t,ocu_isco08_2,mts_aggregate_total,2025,1747.629
col,sex_t,ocu_isco08_2,mts_details_mrd,2002,233.657
col,sex_t,ocu_isco08_2,mts_details_mrd,2003,242.656
col,sex_t,ocu_isco08_2,mts_details_mrd,2004,250.636
col,sex_t,ocu_isco08_2,mts_details_mrd,2005,238.694
col,sex_t,ocu_isco08_2,mts_details_mrd,2007,92.242
col,sex_t,ocu_isco08_2,mts_details_mrd,2008,214.624
col,sex_t,ocu_isco08_2,mts_details_mrd,2009,213.41
col,sex_t,ocu_isco08_2,mts_details_mrd,2010,217.608
col,sex_t,ocu_isco08_2,mts_details_mrd,2011,215.462
col,sex_t,ocu_isco08_2,mts_details_mrd,2012,210.69
col,sex_t,ocu_isco08_2,mts_details_mrd,2013,226.5
col,sex_t,ocu_isco08_2,mts_details_mrd,2014,237.628
col,sex_t,ocu_isco08_2,mts_details_mrd,2015,237.963
col,sex_t,ocu_isco08_2,mts_details_mrd,2016,231.664
col,sex_t,ocu_isco08_2,mts_details_mrd,2017,242.539
col,sex_t,ocu_isco08_2,mts_details_mrd,2018,237.329
col,sex_t,ocu_isco08_2,mts_details_mrd,2019,237.34
col,sex_t,ocu_isco08_2,mts_details_mrd,2021,226.893
col,sex_t,ocu_isco08_2,mts_details_mrd,2022,522.016
col,sex_t,ocu_isco08_2,mts_details_mrd,2023,537.574
col,sex_t,ocu_isco08_2,mts_details_mrd,2024,513.888
col,sex_t,ocu_isco08_2,mts_details_mrd,2025,507.26
col,sex_t,ocu_isco08_2,mts_details_sep,2002,61.602
col,sex_t,ocu_isco08_2,mts_details_sep,2003,59.429
col,sex_t,ocu_isco08_2,mts_details_sep,2004,65.808
col,sex_t,ocu_isco08_2,mts_details_sep,2005,72.514
col,sex_t,ocu_isco08_2,mts_details_sep,2007,15.703
col,sex_t,ocu_isco08_2,mts_details_sep,2008,75.104
col,sex_t,ocu_isco08_2,mts_details_sep,2009,82.484
col,sex_t,ocu_isco08_2,mts_details_sep,2010,85.612
col,sex_t,ocu_isco08_2,mts_details_sep,2011,90.3
col,sex_t,ocu_isco08_2,mts_details_sep,2012,97.696
col,sex_t,ocu_isco08_2,mts_details_sep,2013,110.917
col,sex_t,ocu_isco08_2,mts_details_sep,2014,123.764
col,sex_t,ocu_isco08_2,mts_details_sep,2015,123.266
col,sex_t,ocu_isco08_2,mts_details_sep,2016,127.167
col,sex_t,ocu_isco08_2,mts_details_sep,2017,131.205
col,sex_t,ocu_isco08_2,mts_details_sep,2018,126.855
col,sex_t,ocu_isco08_2,mts_details_sep,2019,143.851
col,sex_t,ocu_isco08_2,mts_details_sep,2021,123.699
col,sex_t,ocu_isco08_2,mts_details_sep,2022,154.413
col,sex_t,ocu_isco08_2,mts_details_sep,2023,172.382
col,sex_t,ocu_isco08_2,mts_details_sep,2024,164.61
col,sex_t,ocu_isco08_2,mts_details_sep,2025,179.866
col,sex_t,ocu_isco08_2,mts_details_sgle,2002,235.308
col,sex_t,ocu_isco08_2,mts_details_sgle,2003,243.583
col,sex_t,ocu_isco08_2,mts_details_sgle,2004,255.269
col,sex_t,ocu_isco08_2,mts_details_sgle,2005,278.48
col,sex_t,ocu_isco08_2,mts_details_sgle,2007,226.155
col,sex_t,ocu_isco08_2,mts_details_sgle,2008,265.584
col,sex_t,ocu_isco08_2,mts_details_sgle,2009,261.288
col,sex_t,ocu_isco08_2,mts_details_sgle,2010,276.755
col,sex_t,ocu_isco08_2,mts_details_sgle,2011,279.013
col,sex_t,ocu_isco08_2,mts_details_sgle,2012,282.484
col,sex_t,ocu_isco08_2,mts_details_sgle,2013,301.072
col,sex_t,ocu_isco08_2,mts_details_sgle,2014,321.093
col,sex_t,ocu_isco08_2,mts_details_sgle,2015,323.276
col,sex_t,ocu_isco08_2,mts_details_sgle,2016,334.362
col,sex_t,ocu_isco08_2,mts_details_sgle,2017,338.323
col,sex_t,ocu_isco08_2,mts_details_sgle,2018,326.711
col,sex_t,ocu_isco08_2,mts_details_sgle,2019,341.224
col,sex_t,ocu_isco08_2,mts_details_sgle,2021,334.772
col,sex_t,ocu_isco08_2,mts_details_sgle,2022,567.983
col,sex_t,ocu_isco08_2,mts_details_sgle,2023,568.2
col,sex_t,ocu_isco08_2,mts_details_sgle,2024,592.942
col,sex_t,ocu_isco08_2,mts_details_sgle,2025,600.992
col,sex_t,ocu_isco08_2,mts_details_total,2002,666.221
col,sex_t,ocu_isco08_2,mts_details_total,2003,678.156
col,sex_t,ocu_isco08_2,mts_details_total,2004,699.423
col,sex_t,ocu_isco08_2,mts_details_total,2005,749.106
col,sex_t,ocu_isco08_2,mts_details_total,2007,780.703
col,sex_t,ocu_isco08_2,mts_details_total,2008,710.205
col,sex_t,ocu_isco08_2,mts_details_total,2009,730.492
col,sex_t,ocu_isco08_2,mts_details_total,2010,759.131
col,sex_t,ocu_isco08_2,mts_details_total,2011,763.664
col,sex_t,ocu_isco08_2,mts_details_total,2012,791.811
col,sex_t,ocu_isco08_2,mts_details_total,2013,857.872
col,sex_t,ocu_isco08_2,mts_details_total,2014,911.48
col,sex_t,ocu_isco08_2,mts_details_total,2015,936.193
col,sex_t,ocu_isco08_2,mts_details_total,2016,960.851
col,sex_t,ocu_isco08_2,mts_details_total,2017,982.013
col,sex_t,ocu_isco08_2,mts_details_total,2018,965.671
col,sex_t,ocu_isco08_2,mts_details_total,2019,1015.88
col,sex_t,ocu_isco08_2,mts_details_total,2021,981.952
col,sex_t,ocu_isco08_2,mts_details_total,2022,1659.392
col,sex_t,ocu_isco08_2,mts_details_total,2023,1699.178
col,sex_t,ocu_isco08_2,mts_details_total,2024,1677.701
col,sex_t,ocu_isco08_2,mts_details_total,2025,1747.629
col,sex_t,ocu_isco08_2,mts_details_union,2002,125.906
col,sex_t,ocu_isco08_2,mts_details_union,2003,121.519
col,sex_t,ocu_isco08_2,mts_details_union,2004,116.664
col,sex_t,ocu_isco08_2,mts_details_union,2005,149.482
col,sex_t,ocu_isco08_2,mts_details_union,2007,176.241
col,sex_t,ocu_isco08_2,mts_details_union,2008,144.671
col,sex_t,ocu_isco08_2,mts_details_union,2009,161.919
col,sex_t,ocu_isco08_2,mts_details_union,2010,168.879
col,sex_t,ocu_isco08_2,mts_details_union,2011,168.217
col,sex_t,ocu_isco08_2,mts_details_union,2012,189.418
col,sex_t,ocu_isco08_2,mts_details_union,2013,208.618
col,sex_t,ocu_isco08_2,mts_details_union,2014,217.587
col,sex_t,ocu_isco08_2,mts_details_union,2015,238.274
col,sex_t,ocu_isco08_2,mts_details_union,2016,255.565
col,sex_t,ocu_isco08_2,mts_details_union,2017,258.869
col,sex_t,ocu_isco08_2,mts_details_union,2018,263.149
col,sex_t,ocu_isco08_2,mts_details_union,2019,280.303
col,sex_t,ocu_isco08_2,mts_details_union,2021,284.91
col,sex_t,ocu_isco08_2,mts_details_union,2022,396.899
col,sex_t,ocu_isco08_2,mts_details_union,2023,399.737
col,sex_t,ocu_isco08_2,mts_details_union,2024,388.475
col,sex_t,ocu_isco08_2,mts_details_union,2025,444.613
col,sex_t,ocu_isco08_2,mts_details_wid,2002,9.747
col,sex_t,ocu_isco08_2,mts_details_wid,2003,10.969
col,sex_t,ocu_isco08_2,mts_details_wid,2004,11.046
col,sex_t,ocu_isco08_2,mts_details_wid,2005,9.935
col,sex_t,ocu_isco08_2,mts_details_wid,2007,270.361
col,sex_t,ocu_isco08_2,mts_details_wid,2008,10.221
col,sex_t,ocu_isco08_2,mts_details_wid,2009,11.391
col,sex_t,ocu_isco08_2,mts_details_wid,2010,10.278
col,sex_t,ocu_isco08_2,mts_details_wid,2011,10.672
col,sex_t,ocu_isco08_2,mts_details_wid,2012,11.523
col,sex_t,ocu_isco08_2,mts_details_wid,2013,10.766
col,sex_t,ocu_isco08_2,mts_details_wid,2014,11.409
col,sex_t,ocu_isco08_2,mts_details_wid,2015,13.414
col,sex_t,ocu_isco08_2,mts_details_wid,2016,12.093
col,sex_t,ocu_isco08_2,mts_details_wid,2017,11.076
col,sex_t,ocu_isco08_2,mts_details_wid,2018,11.628
col,sex_t,ocu_isco08_2,mts_details_wid,2019,13.162
col,sex_t,ocu_isco08_2,mts_details_wid,2021,11.678
col,sex_t,ocu_isco08_2,mts_details_wid,2022,18.082
col,sex_t,ocu_isco08_2,mts_details_wid,2023,21.284
col,sex_t,ocu_isco08_2,mts_details_wid,2024,17.786
col,sex_t,ocu_isco08_2,mts_details_wid,2025,14.899
col,sex_t,ocu_isco08_3,mts_aggregate_1,2002,551.665
col,sex_t,ocu_isco08_3,mts_aggregate_1,2003,582.739
col,sex_t,ocu_isco08_3,mts_aggregate_1,2004,590.598
col,sex_t,ocu_isco08_3,mts_aggregate_1,2005,632.843
col,sex_t,ocu_isco08_3,mts_aggregate_1,2007,969.796
col,sex_t,ocu_isco08_3,mts_aggregate_1,2008,670.433
col,sex_t,ocu_isco08_3,mts_aggregate_1,2009,671.642
col,sex_t,ocu_isco08_3,mts_aggregate_1,2010,688.748
col,sex_t,ocu_isco08_3,mts_aggregate_1,2011,720.383
col,sex_t,ocu_isco08_3,mts_aggregate_1,2012,754.128
col,sex_t,ocu_isco08_3,mts_aggregate_1,2013,786.928
col,sex_t,ocu_isco08_3,mts_aggregate_1,2014,835.824
col,sex_t,ocu_isco08_3,mts_aggregate_1,2015,854.344
col,sex_t,ocu_isco08_3,mts_aggregate_1,2016,865.921
col,sex_t,ocu_isco08_3,mts_aggregate_1,2017,869.908
col,sex_t,ocu_isco08_3,mts_aggregate_1,2018,844.823
col,sex_t,ocu_isco08_3,mts_aggregate_1,2019,876.995
col,sex_t,ocu_isco08_3,mts_aggregate_1,2021,823.7
col,sex_t,ocu_isco08_3,mts_aggregate_1,2022,400.128
col,sex_t,ocu_isco08_3,mts_aggregate_1,2023,456.643
col,sex_t,ocu_isco08_3,mts_aggregate_1,2024,452.008
col,sex_t,ocu_isco08_3,mts_aggregate_1,2025,485.654
col,sex_t,ocu_isco08_3,mts_aggregate_2,2002,640.654
col,sex_t,ocu_isco08_3,mts_aggregate_2,2003,659.078
col,sex_t,ocu_isco08_3,mts_aggregate_2,2004,671.008
col,sex_t,ocu_isco08_3,mts_aggregate_2,2005,686.681
col,sex_t,ocu_isco08_3,mts_aggregate_2,2007,612.826
col,sex_t,ocu_isco08_3,mts_aggregate_2,2008,739.197
col,sex_t,ocu_isco08_3,mts_aggregate_2,2009,764.93
col,sex_t,ocu_isco08_3,mts_aggregate_2,2010,739.315
col,sex_t,ocu_isco08_3,mts_aggregate_2,2011,774.969
col,sex_t,ocu_isco08_3,mts_aggregate_2,2012,812.716
col,sex_t,ocu_isco08_3,mts_aggregate_2,2013,825.22
col,sex_t,ocu_isco08_3,mts_aggregate_2,2014,868.713
col,sex_t,ocu_isco08_3,mts_aggregate_2,2015,912.125
col,sex_t,ocu_isco08_3,mts_aggregate_2,2016,940.714
col,sex_t,ocu_isco08_3,mts_aggregate_2,2017,948.121
col,sex_t,ocu_isco08_3,mts_aggregate_2,2018,971.846
col,sex_t,ocu_isco08_3,mts_aggregate_2,2019,986.93
col,sex_t,ocu_isco08_3,mts_aggregate_2,2021,914.137
col,sex_t,ocu_isco08_3,mts_aggregate_2,2022,501.716
col,sex_t,ocu_isco08_3,mts_aggregate_2,2023,552.421
col,sex_t,ocu_isco08_3,mts_aggregate_2,2024,515.921
col,sex_t,ocu_isco08_3,mts_aggregate_2,2025,554.106
col,sex_t,ocu_isco08_3,mts_aggregate_total,2002,1192.32
col,sex_t,ocu_isco08_3,mts_aggregate_total,2003,1241.817
col,sex_t,ocu_isco08_3,mts_aggregate_total,2004,1261.606
col,sex_t,ocu_isco08_3,mts_aggregate_total,2005,1319.524
col,sex_t,ocu_isco08_3,mts_aggregate_total,2007,1582.622
col,sex_t,ocu_isco08_3,mts_aggregate_total,2008,1409.63
col,sex_t,ocu_isco08_3,mts_aggregate_total,2009,1436.572
col,sex_t,ocu_isco08_3,mts_aggregate_total,2010,1428.063
col,sex_t,ocu_isco08_3,mts_aggregate_total,2011,1495.352
col,sex_t,ocu_isco08_3,mts_aggregate_total,2012,1566.844
col,sex_t,ocu_isco08_3,mts_aggregate_total,2013,1612.148
col,sex_t,ocu_isco08_3,mts_aggregate_total,2014,1704.537
col,sex_t,ocu_isco08_3,mts_aggregate_total,2015,1766.469
col,sex_t,ocu_isco08_3,mts_aggregate_total,2016,1806.634
col,sex_t,ocu_isco08_3,mts_aggregate_total,2017,1818.028
col,sex_t,ocu_isco08_3,mts_aggregate_total,2018,1816.669
col,sex_t,ocu_isco08_3,mts_aggregate_total,2019,1863.925
col,sex_t,ocu_isco08_3,mts_aggregate_total,2021,1737.837
col,sex_t,ocu_isco08_3,mts_aggregate_total,2022,901.844
col,sex_t,ocu_isco08_3,mts_aggregate_total,2023,1009.064
col,sex_t,ocu_isco08_3,mts_aggregate_total,2024,967.928
col,sex_t,ocu_isco08_3,mts_aggregate_total,2025,1039.76
col,sex_t,ocu_isco08_3,mts_details_mrd,2002,353.175
col,sex_t,ocu_isco08_3,mts_details_mrd,2003,370.046
col,sex_t,ocu_isco08_3,mts_details_mrd,2004,376.011
col,sex_t,ocu_isco08_3,mts_details_mrd,2005,365.655
col,sex_t,ocu_isco08_3,mts_details_mrd,2007,163.767
col,sex_t,ocu_isco08_3,mts_details_mrd,2008,371.792
col,sex_t,ocu_isco08_3,mts_details_mrd,2009,370.024
col,sex_t,ocu_isco08_3,mts_details_mrd,2010,365.238
col,sex_t,ocu_isco08_3,mts_details_mrd,2011,357.302
col,sex_t,ocu_isco08_3,mts_details_mrd,2012,360.205
col,sex_t,ocu_isco08_3,mts_details_mrd,2013,352.516
col,sex_t,ocu_isco08_3,mts_details_mrd,2014,371.832
col,sex_t,ocu_isco08_3,mts_details_mrd,2015,373.779
col,sex_t,ocu_isco08_3,mts_details_mrd,2016,384.958
col,sex_t,ocu_isco08_3,mts_details_mrd,2017,384.993
col,sex_t,ocu_isco08_3,mts_details_mrd,2018,376.875
col,sex_t,ocu_isco08_3,mts_details_mrd,2019,383.19
col,sex_t,ocu_isco08_3,mts_details_mrd,2021,343.87
col,sex_t,ocu_isco08_3,mts_details_mrd,2022,222.532
col,sex_t,ocu_isco08_3,mts_details_mrd,2023,240.289
col,sex_t,ocu_isco08_3,mts_details_mrd,2024,224.355
col,sex_t,ocu_isco08_3,mts_details_mrd,2025,216.868
col,sex_t,ocu_isco08_3,mts_details_sep,2002,106.099
col,sex_t,ocu_isco08_3,mts_details_sep,2003,100.547
col,sex_t,ocu_isco08_3,mts_details_sep,2004,102.152
col,sex_t,ocu_isco08_3,mts_details_sep,2005,117.827
col,sex_t,ocu_isco08_3,mts_details_sep,2007,25.15
col,sex_t,ocu_isco08_3,mts_details_sep,2008,141.546
col,sex_t,ocu_isco08_3,mts_details_sep,2009,138.682
col,sex_t,ocu_isco08_3,mts_details_sep,2010,157.883
col,sex_t,ocu_isco08_3,mts_details_sep,2011,163.216
col,sex_t,ocu_isco08_3,mts_details_sep,2012,181.032
col,sex_t,ocu_isco08_3,mts_details_sep,2013,201.367
col,sex_t,ocu_isco08_3,mts_details_sep,2014,223.535
col,sex_t,ocu_isco08_3,mts_details_sep,2015,221.579
col,sex_t,ocu_isco08_3,mts_details_sep,2016,237.05
col,sex_t,ocu_isco08_3,mts_details_sep,2017,232.036
col,sex_t,ocu_isco08_3,mts_details_sep,2018,236.319
col,sex_t,ocu_isco08_3,mts_details_sep,2019,251.291
col,sex_t,ocu_isco08_3,mts_details_sep,2021,219.702
col,sex_t,ocu_isco08_3,mts_details_sep,2022,76.711
col,sex_t,ocu_isco08_3,mts_details_sep,2023,100.857
col,sex_t,ocu_isco08_3,mts_details_sep,2024,103.922
col,sex_t,ocu_isco08_3,mts_details_sep,2025,111.902
col,sex_t,ocu_isco08_3,mts_details_sgle,2002,430.946
col,sex_t,ocu_isco08_3,mts_details_sgle,2003,468.319
col,sex_t,ocu_isco08_3,mts_details_sgle,2004,471.656
col,sex_t,ocu_isco08_3,mts_details_sgle,2005,498.729
col,sex_t,ocu_isco08_3,mts_details_sgle,2007,389.897
col,sex_t,ocu_isco08_3,mts_details_sgle,2008,511.214
col,sex_t,ocu_isco08_3,mts_details_sgle,2009,517.268
col,sex_t,ocu_isco08_3,mts_details_sgle,2010,516.734
col,sex_t,ocu_isco08_3,mts_details_sgle,2011,542.646
col,sex_t,ocu_isco08_3,mts_details_sgle,2012,555.802
col,sex_t,ocu_isco08_3,mts_details_sgle,2013,566.203
col,sex_t,ocu_isco08_3,mts_details_sgle,2014,593.587
col,sex_t,ocu_isco08_3,mts_details_sgle,2015,614.411
col,sex_t,ocu_isco08_3,mts_details_sgle,2016,607.672
col,sex_t,ocu_isco08_3,mts_details_sgle,2017,619.803
col,sex_t,ocu_isco08_3,mts_details_sgle,2018,589.861
col,sex_t,ocu_isco08_3,mts_details_sgle,2019,607.188
col,sex_t,ocu_isco08_3,mts_details_sgle,2021,587.13
col,sex_t,ocu_isco08_3,mts_details_sgle,2022,317.179
col,sex_t,ocu_isco08_3,mts_details_sgle,2023,349.52
col,sex_t,ocu_isco08_3,mts_details_sgle,2024,339.375
col,sex_t,ocu_isco08_3,mts_details_sgle,2025,369.149
col,sex_t,ocu_isco08_3,mts_details_total,2002,1192.32
col,sex_t,ocu_isco08_3,mts_details_total,2003,1241.817
col,sex_t,ocu_isco08_3,mts_details_total,2004,1261.606
col,sex_t,ocu_isco08_3,mts_details_total,2005,1319.524
col,sex_t,ocu_isco08_3,mts_details_total,2007,1582.622
col,sex_t,ocu_isco08_3,mts_details_total,2008,1409.63
col,sex_t,ocu_isco08_3,mts_details_total,2009,1436.572
col,sex_t,ocu_isco08_3,mts_details_total,2010,1428.063
col,sex_t,ocu_isco08_3,mts_details_total,2011,1495.352
col,sex_t,ocu_isco08_3,mts_details_total,2012,1566.844
col,sex_t,ocu_isco08_3,mts_details_total,2013,1612.148
col,sex_t,ocu_isco08_3,mts_details_total,2014,1704.537
col,sex_t,ocu_isco08_3,mts_details_total,2015,1766.469
col,sex_t,ocu_isco08_3,mts_details_total,2016,1806.634
col,sex_t,ocu_isco08_3,mts_details_total,2017,1818.028
col,sex_t,ocu_isco08_3,mts_details_total,2018,1816.669
col,sex_t,ocu_isco08_3,mts_details_total,2019,1863.925
col,sex_t,ocu_isco08_3,mts_details_total,2021,1737.837
col,sex_t,ocu_isco08_3,mts_details_total,2022,901.844
col,sex_t,ocu_isco08_3,mts_details_total,2023,1009.064
col,sex_t,ocu_isco08_3,mts_details_total,2024,967.928
col,sex_t,ocu_isco08_3,mts_details_total,2025,1039.76
col,sex_t,ocu_isco08_3,mts_details_union,2002,287.479
col,sex_t,ocu_isco08_3,mts_details_union,2003,289.032
col,sex_t,ocu_isco08_3,mts_details_union,2004,294.997
col,sex_t,ocu_isco08_3,mts_details_union,2005,321.025
col,sex_t,ocu_isco08_3,mts_details_union,2007,449.059
col,sex_t,ocu_isco08_3,mts_details_union,2008,367.404
col,sex_t,ocu_isco08_3,mts_details_union,2009,394.905
col,sex_t,ocu_isco08_3,mts_details_union,2010,374.077
col,sex_t,ocu_isco08_3,mts_details_union,2011,417.666
col,sex_t,ocu_isco08_3,mts_details_union,2012,452.512
col,sex_t,ocu_isco08_3,mts_details_union,2013,472.703
col,sex_t,ocu_isco08_3,mts_details_union,2014,496.881
col,sex_t,ocu_isco08_3,mts_details_union,2015,538.345
col,sex_t,ocu_isco08_3,mts_details_union,2016,555.755
col,sex_t,ocu_isco08_3,mts_details_union,2017,563.128
col,sex_t,ocu_isco08_3,mts_details_union,2018,594.971
col,sex_t,ocu_isco08_3,mts_details_union,2019,603.74
col,sex_t,ocu_isco08_3,mts_details_union,2021,570.267
col,sex_t,ocu_isco08_3,mts_details_union,2022,279.184
col,sex_t,ocu_isco08_3,mts_details_union,2023,312.132
col,sex_t,ocu_isco08_3,mts_details_union,2024,291.566
col,sex_t,ocu_isco08_3,mts_details_union,2025,337.238
col,sex_t,ocu_isco08_3,mts_details_wid,2002,14.62
col,sex_t,ocu_isco08_3,mts_details_wid,2003,13.874
col,sex_t,ocu_isco08_3,mts_details_wid,2004,16.79
col,sex_t,ocu_isco08_3,mts_details_wid,2005,16.288
col,sex_t,ocu_isco08_3,mts_details_wid,2007,554.749
col,sex_t,ocu_isco08_3,mts_details_wid,2008,17.674
col,sex_t,ocu_isco08_3,mts_details_wid,2009,15.692
col,sex_t,ocu_isco08_3,mts_details_wid,2010,14.132
col,sex_t,ocu_isco08_3,mts_details_wid,2011,14.521
col,sex_t,ocu_isco08_3,mts_details_wid,2012,17.295
col,sex_t,ocu_isco08_3,mts_details_wid,2013,19.358
col,sex_t,ocu_isco08_3,mts_details_wid,2014,18.702
col,sex_t,ocu_isco08_3,mts_details_wid,2015,18.355
col,sex_t,ocu_isco08_3,mts_details_wid,2016,21.198
col,sex_t,ocu_isco08_3,mts_details_wid,2017,18.069
col,sex_t,ocu_isco08_3,mts_details_wid,2018,18.643
col,sex_t,ocu_isco08_3,mts_details_wid,2019,18.515
col,sex_t,ocu_isco08_3,mts_details_wid,2021,16.868
col,sex_t,ocu_isco08_3,mts_details_wid,2022,6.239
col,sex_t,ocu_isco08_3,mts_details_wid,2023,6.266
col,sex_t,ocu_isco08_3,mts_details_wid,2024,8.711
col,sex_t,ocu_isco08_3,mts_details_wid,2025,4.604
col,sex_t,ocu_isco08_4,mts_aggregate_1,2002,282.966
col,sex_t,ocu_isco08_4,mts_aggregate_1,2003,282.989
col,sex_t,ocu_isco08_4,mts_aggregate_1,2004,290.718
col,sex_t,ocu_isco08_4,mts_aggregate_1,2005,321.93
col,sex_t,ocu_isco08_4,mts_aggregate_1,2007,502.862
col,sex_t,ocu_isco08_4,mts_aggregate_1,2008,339.553
col,sex_t,ocu_isco08_4,mts_aggregate_1,2009,345.4
col,sex_t,ocu_isco08_4,mts_aggregate_1,2010,348.674
col,sex_t,ocu_isco08_4,mts_aggregate_1,2011,369.755
col,sex_t,ocu_isco08_4,mts_aggregate_1,2012,382.485
col,sex_t,ocu_isco08_4,mts_aggregate_1,2013,381.791
col,sex_t,ocu_isco08_4,mts_aggregate_1,2014,423.406
col,sex_t,ocu_isco08_4,mts_aggregate_1,2015,411.726
col,sex_t,ocu_isco08_4,mts_aggregate_1,2016,433.444
col,sex_t,ocu_isco08_4,mts_aggregate_1,2017,413.413
col,sex_t,ocu_isco08_4,mts_aggregate_1,2018,414.101
col,sex_t,ocu_isco08_4,mts_aggregate_1,2019,393.814
col,sex_t,ocu_isco08_4,mts_aggregate_1,2021,398.491
col,sex_t,ocu_isco08_4,mts_aggregate_1,2022,575.019
col,sex_t,ocu_isco08_4,mts_aggregate_1,2023,635.776
col,sex_t,ocu_isco08_4,mts_aggregate_1,2024,672.584
col,sex_t,ocu_isco08_4,mts_aggregate_1,2025,675.683
col,sex_t,ocu_isco08_4,mts_aggregate_2,2002,249.701
col,sex_t,ocu_isco08_4,mts_aggregate_2,2003,260.146
col,sex_t,ocu_isco08_4,mts_aggregate_2,2004,274.105
col,sex_t,ocu_isco08_4,mts_aggregate_2,2005,278.482
col,sex_t,ocu_isco08_4,mts_aggregate_2,2007,281.534
col,sex_t,ocu_isco08_4,mts_aggregate_2,2008,292.8
col,sex_t,ocu_isco08_4,mts_aggregate_2,2009,300.724
col,sex_t,ocu_isco08_4,mts_aggregate_2,2010,278.425
col,sex_t,ocu_isco08_4,mts_aggregate_2,2011,304.553
col,sex_t,ocu_isco08_4,mts_aggregate_2,2012,315.031
col,sex_t,ocu_isco08_4,mts_aggregate_2,2013,333.824
col,sex_t,ocu_isco08_4,mts_aggregate_2,2014,352.904
col,sex_t,ocu_isco08_4,mts_aggregate_2,2015,364.956
col,sex_t,ocu_isco08_4,mts_aggregate_2,2016,394.281
col,sex_t,ocu_isco08_4,mts_aggregate_2,2017,385.554
col,sex_t,ocu_isco08_4,mts_aggregate_2,2018,399.664
col,sex_t,ocu_isco08_4,mts_aggregate_2,2019,361.551
col,sex_t,ocu_isco08_4,mts_aggregate_2,2021,379.93
col,sex_t,ocu_isco08_4,mts_aggregate_2,2022,497.427
col,sex_t,ocu_isco08_4,mts_aggregate_2,2023,537.536
col,sex_t,ocu_isco08_4,mts_aggregate_2,2024,570.916
col,sex_t,ocu_isco08_4,mts_aggregate_2,2025,563.616
col,sex_t,ocu_isco08_4,mts_aggregate_total,2002,532.668
col,sex_t,ocu_isco08_4,mts_aggregate_total,2003,543.135
col,sex_t,ocu_isco08_4,mts_aggregate_total,2004,564.822
col,sex_t,ocu_isco08_4,mts_aggregate_total,2005,600.412
col,sex_t,ocu_isco08_4,mts_aggregate_total,2007,784.396
col,sex_t,ocu_isco08_4,mts_aggregate_total,2008,632.353
col,sex_t,ocu_isco08_4,mts_aggregate_total,2009,646.124
col,sex_t,ocu_isco08_4,mts_aggregate_total,2010,627.098
col,sex_t,ocu_isco08_4,mts_aggregate_total,2011,674.307
col,sex_t,ocu_isco08_4,mts_aggregate_total,2012,697.516
col,sex_t,ocu_isco08_4,mts_aggregate_total,2013,715.615
col,sex_t,ocu_isco08_4,mts_aggregate_total,2014,776.31
col,sex_t,ocu_isco08_4,mts_aggregate_total,2015,776.682
col,sex_t,ocu_isco08_4,mts_aggregate_total,2016,827.725
col,sex_t,ocu_isco08_4,mts_aggregate_total,2017,798.967
col,sex_t,ocu_isco08_4,mts_aggregate_total,2018,813.764
col,sex_t,ocu_isco08_4,mts_aggregate_total,2019,755.366
col,sex_t,ocu_isco08_4,mts_aggregate_total,2021,778.421
col,sex_t,ocu_isco08_4,mts_aggregate_total,2022,1072.446
col,sex_t,ocu_isco08_4,mts_aggregate_total,2023,1173.312
col,sex_t,ocu_isco08_4,mts_aggregate_total,2024,1243.5
col,sex_t,ocu_isco08_4,mts_aggregate_total,2025,1239.299
col,sex_t,ocu_isco08_4,mts_details_mrd,2002,161.161
col,sex_t,ocu_isco08_4,mts_details_mrd,2003,158.525
col,sex_t,ocu_isco08_4,mts_details_mrd,2004,166.186
col,sex_t,ocu_isco08_4,mts_details_mrd,2005,159.901
col,sex_t,ocu_isco08_4,mts_details_mrd,2007,72.338
col,sex_t,ocu_isco08_4,mts_details_mrd,2008,164.819
col,sex_t,ocu_isco08_4,mts_details_mrd,2009,159.134
col,sex_t,ocu_isco08_4,mts_details_mrd,2010,141.798
col,sex_t,ocu_isco08_4,mts_details_mrd,2011,158.774
col,sex_t,ocu_isco08_4,mts_details_mrd,2012,152.382
col,sex_t,ocu_isco08_4,mts_details_mrd,2013,160.072
col,sex_t,ocu_isco08_4,mts_details_mrd,2014,163.558
col,sex_t,ocu_isco08_4,mts_details_mrd,2015,158.83
col,sex_t,ocu_isco08_4,mts_details_mrd,2016,175.463
col,sex_t,ocu_isco08_4,mts_details_mrd,2017,158.424
col,sex_t,ocu_isco08_4,mts_details_mrd,2018,170.594
col,sex_t,ocu_isco08_4,mts_details_mrd,2019,150.495
col,sex_t,ocu_isco08_4,mts_details_mrd,2021,157.402
col,sex_t,ocu_isco08_4,mts_details_mrd,2022,184.895
col,sex_t,ocu_isco08_4,mts_details_mrd,2023,192.226
col,sex_t,ocu_isco08_4,mts_details_mrd,2024,208.747
col,sex_t,ocu_isco08_4,mts_details_mrd,2025,192.348
col,sex_t,ocu_isco08_4,mts_details_sep,2002,51.645
col,sex_t,ocu_isco08_4,mts_details_sep,2003,45.537
col,sex_t,ocu_isco08_4,mts_details_sep,2004,49.126
col,sex_t,ocu_isco08_4,mts_details_sep,2005,57.102
col,sex_t,ocu_isco08_4,mts_details_sep,2007,11.328
col,sex_t,ocu_isco08_4,mts_details_sep,2008,67.104
col,sex_t,ocu_isco08_4,mts_details_sep,2009,66.106
col,sex_t,ocu_isco08_4,mts_details_sep,2010,68.784
col,sex_t,ocu_isco08_4,mts_details_sep,2011,75.642
col,sex_t,ocu_isco08_4,mts_details_sep,2012,76.07
col,sex_t,ocu_isco08_4,mts_details_sep,2013,94.752
col,sex_t,ocu_isco08_4,mts_details_sep,2014,99.671
col,sex_t,ocu_isco08_4,mts_details_sep,2015,99.141
col,sex_t,ocu_isco08_4,mts_details_sep,2016,104.557
col,sex_t,ocu_isco08_4,mts_details_sep,2017,100.955
col,sex_t,ocu_isco08_4,mts_details_sep,2018,106.953
col,sex_t,ocu_isco08_4,mts_details_sep,2019,97.776
col,sex_t,ocu_isco08_4,mts_details_sep,2021,85.246
col,sex_t,ocu_isco08_4,mts_details_sep,2022,100.779
col,sex_t,ocu_isco08_4,mts_details_sep,2023,130.283
col,sex_t,ocu_isco08_4,mts_details_sep,2024,148.737
col,sex_t,ocu_isco08_4,mts_details_sep,2025,142.537
col,sex_t,ocu_isco08_4,mts_details_sgle,2002,221.484
col,sex_t,ocu_isco08_4,mts_details_sgle,2003,229.22
col,sex_t,ocu_isco08_4,mts_details_sgle,2004,233.933
col,sex_t,ocu_isco08_4,mts_details_sgle,2005,255.84
col,sex_t,ocu_isco08_4,mts_details_sgle,2007,190.936
col,sex_t,ocu_isco08_4,mts_details_sgle,2008,266.007
col,sex_t,ocu_isco08_4,mts_details_sgle,2009,270.113
col,sex_t,ocu_isco08_4,mts_details_sgle,2010,274.395
col,sex_t,ocu_isco08_4,mts_details_sgle,2011,286.914
col,sex_t,ocu_isco08_4,mts_details_sgle,2012,299.68
col,sex_t,ocu_isco08_4,mts_details_sgle,2013,278.555
col,sex_t,ocu_isco08_4,mts_details_sgle,2014,316.843
col,sex_t,ocu_isco08_4,mts_details_sgle,2015,305.795
col,sex_t,ocu_isco08_4,mts_details_sgle,2016,322.463
col,sex_t,ocu_isco08_4,mts_details_sgle,2017,305.507
col,sex_t,ocu_isco08_4,mts_details_sgle,2018,301.973
col,sex_t,ocu_isco08_4,mts_details_sgle,2019,289.844
col,sex_t,ocu_isco08_4,mts_details_sgle,2021,306.881
col,sex_t,ocu_isco08_4,mts_details_sgle,2022,464.126
col,sex_t,ocu_isco08_4,mts_details_sgle,2023,495.908
col,sex_t,ocu_isco08_4,mts_details_sgle,2024,513.516
col,sex_t,ocu_isco08_4,mts_details_sgle,2025,524.62
col,sex_t,ocu_isco08_4,mts_details_total,2002,532.668
col,sex_t,ocu_isco08_4,mts_details_total,2003,543.135
col,sex_t,ocu_isco08_4,mts_details_total,2004,564.822
col,sex_t,ocu_isco08_4,mts_details_total,2005,600.412
col,sex_t,ocu_isco08_4,mts_details_total,2007,784.396
col,sex_t,ocu_isco08_4,mts_details_total,2008,632.353
col,sex_t,ocu_isco08_4,mts_details_total,2009,646.124
col,sex_t,ocu_isco08_4,mts_details_total,2010,627.098
col,sex_t,ocu_isco08_4,mts_details_total,2011,674.307
col,sex_t,ocu_isco08_4,mts_details_total,2012,697.516
col,sex_t,ocu_isco08_4,mts_details_total,2013,715.615
col,sex_t,ocu_isco08_4,mts_details_total,2014,776.31
col,sex_t,ocu_isco08_4,mts_details_total,2015,776.682
col,sex_t,ocu_isco08_4,mts_details_total,2016,827.725
col,sex_t,ocu_isco08_4,mts_details_total,2017,798.967
col,sex_t,ocu_isco08_4,mts_details_total,2018,813.764
col,sex_t,ocu_isco08_4,mts_details_total,2019,755.366
col,sex_t,ocu_isco08_4,mts_details_total,2021,778.421
col,sex_t,ocu_isco08_4,mts_details_total,2022,1072.446
col,sex_t,ocu_isco08_4,mts_details_total,2023,1173.312
col,sex_t,ocu_isco08_4,mts_details_total,2024,1243.5
col,sex_t,ocu_isco08_4,mts_details_total,2025,1239.299
col,sex_t,ocu_isco08_4,mts_details_union,2002,88.54
col,sex_t,ocu_isco08_4,mts_details_union,2003,101.62
col,sex_t,ocu_isco08_4,mts_details_union,2004,107.919
col,sex_t,ocu_isco08_4,mts_details_union,2005,118.581
col,sex_t,ocu_isco08_4,mts_details_union,2007,209.196
col,sex_t,ocu_isco08_4,mts_details_union,2008,127.981
col,sex_t,ocu_isco08_4,mts_details_union,2009,141.59
col,sex_t,ocu_isco08_4,mts_details_union,2010,136.627
col,sex_t,ocu_isco08_4,mts_details_union,2011,145.779
col,sex_t,ocu_isco08_4,mts_details_union,2012,162.649
col,sex_t,ocu_isco08_4,mts_details_union,2013,173.752
col,sex_t,ocu_isco08_4,mts_details_union,2014,189.347
col,sex_t,ocu_isco08_4,mts_details_union,2015,206.126
col,sex_t,ocu_isco08_4,mts_details_union,2016,218.818
col,sex_t,ocu_isco08_4,mts_details_union,2017,227.13
col,sex_t,ocu_isco08_4,mts_details_union,2018,229.07
col,sex_t,ocu_isco08_4,mts_details_union,2019,211.056
col,sex_t,ocu_isco08_4,mts_details_union,2021,222.528
col,sex_t,ocu_isco08_4,mts_details_union,2022,312.532
col,sex_t,ocu_isco08_4,mts_details_union,2023,345.31
col,sex_t,ocu_isco08_4,mts_details_union,2024,362.169
col,sex_t,ocu_isco08_4,mts_details_union,2025,371.269
col,sex_t,ocu_isco08_4,mts_details_wid,2002,9.837
col,sex_t,ocu_isco08_4,mts_details_wid,2003,8.232
col,sex_t,ocu_isco08_4,mts_details_wid,2004,7.659
col,sex_t,ocu_isco08_4,mts_details_wid,2005,8.987
col,sex_t,ocu_isco08_4,mts_details_wid,2007,300.597
col,sex_t,ocu_isco08_4,mts_details_wid,2008,6.442
col,sex_t,ocu_isco08_4,mts_details_wid,2009,9.18
col,sex_t,ocu_isco08_4,mts_details_wid,2010,5.495
col,sex_t,ocu_isco08_4,mts_details_wid,2011,7.198
col,sex_t,ocu_isco08_4,mts_details_wid,2012,6.735
col,sex_t,ocu_isco08_4,mts_details_wid,2013,8.485
col,sex_t,ocu_isco08_4,mts_details_wid,2014,6.892
col,sex_t,ocu_isco08_4,mts_details_wid,2015,6.79
col,sex_t,ocu_isco08_4,mts_details_wid,2016,6.425
col,sex_t,ocu_isco08_4,mts_details_wid,2017,6.951
col,sex_t,ocu_isco08_4,mts_details_wid,2018,5.175
col,sex_t,ocu_isco08_4,mts_details_wid,2019,6.194
col,sex_t,ocu_isco08_4,mts_details_wid,2021,6.364
col,sex_t,ocu_isco08_4,mts_details_wid,2022,10.114
col,sex_t,ocu_isco08_4,mts_details_wid,2023,9.585
col,sex_t,ocu_isco08_4,mts_details_wid,2024,10.331
col,sex_t,ocu_isco08_4,mts_details_wid,2025,8.525
col,sex_t,ocu_isco08_5,mts_aggregate_1,2002,733.179
col,sex_t,ocu_isco08_5,mts_aggregate_1,2003,788.941
col,sex_t,ocu_isco08_5,mts_aggregate_1,2004,757.054
col,sex_t,ocu_isco08_5,mts_aggregate_1,2005,789.145
col,sex_t,ocu_isco08_5,mts_aggregate_1,2007,657.321
col,sex_t,ocu_isco08_5,mts_aggregate_1,2008,711.918
col,sex_t,ocu_isco08_5,mts_aggregate_1,2009,739.92
col,sex_t,ocu_isco08_5,mts_aggregate_1,2010,723.13
col,sex_t,ocu_isco08_5,mts_aggregate_1,2011,768.915
col,sex_t,ocu_isco08_5,mts_aggregate_1,2012,774.247
col,sex_t,ocu_isco08_5,mts_aggregate_1,2013,773.937
col,sex_t,ocu_isco08_5,mts_aggregate_1,2014,818.919
col,sex_t,ocu_isco08_5,mts_aggregate_1,2015,843.839
col,sex_t,ocu_isco08_5,mts_aggregate_1,2016,825.794
col,sex_t,ocu_isco08_5,mts_aggregate_1,2017,819.425
col,sex_t,ocu_isco08_5,mts_aggregate_1,2018,831.098
col,sex_t,ocu_isco08_5,mts_aggregate_1,2019,864.195
col,sex_t,ocu_isco08_5,mts_aggregate_1,2021,752.991
col,sex_t,ocu_isco08_5,mts_aggregate_1,2022,1193.626
col,sex_t,ocu_isco08_5,mts_aggregate_1,2023,1301.07
col,sex_t,ocu_isco08_5,mts_aggregate_1,2024,1361.287
col,sex_t,ocu_isco08_5,mts_aggregate_1,2025,1479.128
col,sex_t,ocu_isco08_5,mts_aggregate_2,2002,595.381
col,sex_t,ocu_isco08_5,mts_aggregate_2,2003,650.782
col,sex_t,ocu_isco08_5,mts_aggregate_2,2004,629.398
col,sex_t,ocu_isco08_5,mts_aggregate_2,2005,663.784
col,sex_t,ocu_isco08_5,mts_aggregate_2,2007,452.28
col,sex_t,ocu_isco08_5,mts_aggregate_2,2008,688.005
col,sex_t,ocu_isco08_5,mts_aggregate_2,2009,714.236
col,sex_t,ocu_isco08_5,mts_aggregate_2,2010,714.323
col,sex_t,ocu_isco08_5,mts_aggregate_2,2011,715.706
col,sex_t,ocu_isco08_5,mts_aggregate_2,2012,755.741
col,sex_t,ocu_isco08_5,mts_aggregate_2,2013,802.964
col,sex_t,ocu_isco08_5,mts_aggregate_2,2014,827.886
col,sex_t,ocu_isco08_5,mts_aggregate_2,2015,855.127
col,sex_t,ocu_isco08_5,mts_aggregate_2,2016,879.177
col,sex_t,ocu_isco08_5,mts_aggregate_2,2017,853.903
col,sex_t,ocu_isco08_5,mts_aggregate_2,2018,865.139
col,sex_t,ocu_isco08_5,mts_aggregate_2,2019,903.953
col,sex_t,ocu_isco08_5,mts_aggregate_2,2021,813.146
col,sex_t,ocu_isco08_5,mts_aggregate_2,2022,1238.182
col,sex_t,ocu_isco08_5,mts_aggregate_2,2023,1293.184
col,sex_t,ocu_isco08_5,mts_aggregate_2,2024,1359.895
col,sex_t,ocu_isco08_5,mts_aggregate_2,2025,1429.899
col,sex_t,ocu_isco08_5,mts_aggregate_total,2002,1328.56
col,sex_t,ocu_isco08_5,mts_aggregate_total,2003,1439.724
col,sex_t,ocu_isco08_5,mts_aggregate_total,2004,1386.452
col,sex_t,ocu_isco08_5,mts_aggregate_total,2005,1452.929
col,sex_t,ocu_isco08_5,mts_aggregate_total,2007,1109.601
col,sex_t,ocu_isco08_5,mts_aggregate_total,2008,1399.923
col,sex_t,ocu_isco08_5,mts_aggregate_total,2009,1454.157
col,sex_t,ocu_isco08_5,mts_aggregate_total,2010,1437.453
col,sex_t,ocu_isco08_5,mts_aggregate_total,2011,1484.621
col,sex_t,ocu_isco08_5,mts_aggregate_total,2012,1529.989
col,sex_t,ocu_isco08_5,mts_aggregate_total,2013,1576.901
col,sex_t,ocu_isco08_5,mts_aggregate_total,2014,1646.805
col,sex_t,ocu_isco08_5,mts_aggregate_total,2015,1698.966
col,sex_t,ocu_isco08_5,mts_aggregate_total,2016,1704.972
col,sex_t,ocu_isco08_5,mts_aggregate_total,2017,1673.327
col,sex_t,ocu_isco08_5,mts_aggregate_total,2018,1696.237
col,sex_t,ocu_isco08_5,mts_aggregate_total,2019,1768.148
col,sex_t,ocu_isco08_5,mts_aggregate_total,2021,1566.136
col,sex_t,ocu_isco08_5,mts_aggregate_total,2022,2431.808
col,sex_t,ocu_isco08_5,mts_aggregate_total,2023,2594.253
col,sex_t,ocu_isco08_5,mts_aggregate_total,2024,2721.182
col,sex_t,ocu_isco08_5,mts_aggregate_total,2025,2909.027
col,sex_t,ocu_isco08_5,mts_details_mrd,2002,297.187
col,sex_t,ocu_isco08_5,mts_details_mrd,2003,319.33
col,sex_t,ocu_isco08_5,mts_details_mrd,2004,308.437
col,sex_t,ocu_isco08_5,mts_details_mrd,2005,318.4
col,sex_t,ocu_isco08_5,mts_details_mrd,2007,145.708
col,sex_t,ocu_isco08_5,mts_details_mrd,2008,306.893
col,sex_t,ocu_isco08_5,mts_details_mrd,2009,315.355
col,sex_t,ocu_isco08_5,mts_details_mrd,2010,301.68
col,sex_t,ocu_isco08_5,mts_details_mrd,2011,300.812
col,sex_t,ocu_isco08_5,mts_details_mrd,2012,306.898
col,sex_t,ocu_isco08_5,mts_details_mrd,2013,314.574
col,sex_t,ocu_isco08_5,mts_details_mrd,2014,322.054
col,sex_t,ocu_isco08_5,mts_details_mrd,2015,330.37
col,sex_t,ocu_isco08_5,mts_details_mrd,2016,330.64
col,sex_t,ocu_isco08_5,mts_details_mrd,2017,306.985
col,sex_t,ocu_isco08_5,mts_details_mrd,2018,313.705
col,sex_t,ocu_isco08_5,mts_details_mrd,2019,311.039
col,sex_t,ocu_isco08_5,mts_details_mrd,2021,270.382
col,sex_t,ocu_isco08_5,mts_details_mrd,2022,382.36
col,sex_t,ocu_isco08_5,mts_details_mrd,2023,384.176
col,sex_t,ocu_isco08_5,mts_details_mrd,2024,413.503
col,sex_t,ocu_isco08_5,mts_details_mrd,2025,394.247
col,sex_t,ocu_isco08_5,mts_details_sep,2002,178.439
col,sex_t,ocu_isco08_5,mts_details_sep,2003,189.686
col,sex_t,ocu_isco08_5,mts_details_sep,2004,192.486
col,sex_t,ocu_isco08_5,mts_details_sep,2005,202.482
col,sex_t,ocu_isco08_5,mts_details_sep,2007,30.42
col,sex_t,ocu_isco08_5,mts_details_sep,2008,220.851
col,sex_t,ocu_isco08_5,mts_details_sep,2009,237.424
col,sex_t,ocu_isco08_5,mts_details_sep,2010,244.895
col,sex_t,ocu_isco08_5,mts_details_sep,2011,261.862
col,sex_t,ocu_isco08_5,mts_details_sep,2012,273.702
col,sex_t,ocu_isco08_5,mts_details_sep,2013,281.651
col,sex_t,ocu_isco08_5,mts_details_sep,2014,302.624
col,sex_t,ocu_isco08_5,mts_details_sep,2015,326.054
col,sex_t,ocu_isco08_5,mts_details_sep,2016,322.887
col,sex_t,ocu_isco08_5,mts_details_sep,2017,328.038
col,sex_t,ocu_isco08_5,mts_details_sep,2018,331.294
col,sex_t,ocu_isco08_5,mts_details_sep,2019,344.173
col,sex_t,ocu_isco08_5,mts_details_sep,2021,282.615
col,sex_t,ocu_isco08_5,mts_details_sep,2022,334.795
col,sex_t,ocu_isco08_5,mts_details_sep,2023,391.782
col,sex_t,ocu_isco08_5,mts_details_sep,2024,432.612
col,sex_t,ocu_isco08_5,mts_details_sep,2025,470.226
col,sex_t,ocu_isco08_5,mts_details_sgle,2002,511.11
col,sex_t,ocu_isco08_5,mts_details_sgle,2003,547.579
col,sex_t,ocu_isco08_5,mts_details_sgle,2004,521.702
col,sex_t,ocu_isco08_5,mts_details_sgle,2005,541.886
col,sex_t,ocu_isco08_5,mts_details_sgle,2007,263.69
col,sex_t,ocu_isco08_5,mts_details_sgle,2008,452.404
col,sex_t,ocu_isco08_5,mts_details_sgle,2009,458.83
col,sex_t,ocu_isco08_5,mts_details_sgle,2010,438.901
col,sex_t,ocu_isco08_5,mts_details_sgle,2011,468.068
col,sex_t,ocu_isco08_5,mts_details_sgle,2012,455.272
col,sex_t,ocu_isco08_5,mts_details_sgle,2013,450.806
col,sex_t,ocu_isco08_5,mts_details_sgle,2014,469.433
col,sex_t,ocu_isco08_5,mts_details_sgle,2015,474.264
col,sex_t,ocu_isco08_5,mts_details_sgle,2016,459.681
col,sex_t,ocu_isco08_5,mts_details_sgle,2017,447.238
col,sex_t,ocu_isco08_5,mts_details_sgle,2018,461.651
col,sex_t,ocu_isco08_5,mts_details_sgle,2019,475.889
col,sex_t,ocu_isco08_5,mts_details_sgle,2021,435.675
col,sex_t,ocu_isco08_5,mts_details_sgle,2022,824.127
col,sex_t,ocu_isco08_5,mts_details_sgle,2023,872.92
col,sex_t,ocu_isco08_5,mts_details_sgle,2024,892.512
col,sex_t,ocu_isco08_5,mts_details_sgle,2025,968.21
col,sex_t,ocu_isco08_5,mts_details_total,2002,1328.56
col,sex_t,ocu_isco08_5,mts_details_total,2003,1439.724
col,sex_t,ocu_isco08_5,mts_details_total,2004,1386.452
col,sex_t,ocu_isco08_5,mts_details_total,2005,1452.929
col,sex_t,ocu_isco08_5,mts_details_total,2007,1109.601
col,sex_t,ocu_isco08_5,mts_details_total,2008,1399.923
col,sex_t,ocu_isco08_5,mts_details_total,2009,1454.157
col,sex_t,ocu_isco08_5,mts_details_total,2010,1437.453
col,sex_t,ocu_isco08_5,mts_details_total,2011,1484.621
col,sex_t,ocu_isco08_5,mts_details_total,2012,1529.989
col,sex_t,ocu_isco08_5,mts_details_total,2013,1576.901
col,sex_t,ocu_isco08_5,mts_details_total,2014,1646.805
col,sex_t,ocu_isco08_5,mts_details_total,2015,1698.966
col,sex_t,ocu_isco08_5,mts_details_total,2016,1704.972
col,sex_t,ocu_isco08_5,mts_details_total,2017,1673.327
col,sex_t,ocu_isco08_5,mts_details_total,2018,1696.237
col,sex_t,ocu_isco08_5,mts_details_total,2019,1768.148
col,sex_t,ocu_isco08_5,mts_details_total,2021,1566.136
col,sex_t,ocu_isco08_5,mts_details_total,2022,2431.808
col,sex_t,ocu_isco08_5,mts_details_total,2023,2594.253
col,sex_t,ocu_isco08_5,mts_details_total,2024,2721.182
col,sex_t,ocu_isco08_5,mts_details_total,2025,2909.027
col,sex_t,ocu_isco08_5,mts_details_union,2002,298.194
col,sex_t,ocu_isco08_5,mts_details_union,2003,331.452
col,sex_t,ocu_isco08_5,mts_details_union,2004,320.961
col,sex_t,ocu_isco08_5,mts_details_union,2005,345.385
col,sex_t,ocu_isco08_5,mts_details_union,2007,306.572
col,sex_t,ocu_isco08_5,mts_details_union,2008,381.112
col,sex_t,ocu_isco08_5,mts_details_union,2009,398.881
col,sex_t,ocu_isco08_5,mts_details_union,2010,412.643
col,sex_t,ocu_isco08_5,mts_details_union,2011,414.894
col,sex_t,ocu_isco08_5,mts_details_union,2012,448.843
col,sex_t,ocu_isco08_5,mts_details_union,2013,488.391
col,sex_t,ocu_isco08_5,mts_details_union,2014,505.832
col,sex_t,ocu_isco08_5,mts_details_union,2015,524.757
col,sex_t,ocu_isco08_5,mts_details_union,2016,548.538
col,sex_t,ocu_isco08_5,mts_details_union,2017,546.918
col,sex_t,ocu_isco08_5,mts_details_union,2018,551.435
col,sex_t,ocu_isco08_5,mts_details_union,2019,592.914
col,sex_t,ocu_isco08_5,mts_details_union,2021,542.764
col,sex_t,ocu_isco08_5,mts_details_union,2022,855.822
col,sex_t,ocu_isco08_5,mts_details_union,2023,909.008
col,sex_t,ocu_isco08_5,mts_details_union,2024,946.391
col,sex_t,ocu_isco08_5,mts_details_union,2025,1035.652
col,sex_t,ocu_isco08_5,mts_details_wid,2002,43.63
col,sex_t,ocu_isco08_5,mts_details_wid,2003,51.676
col,sex_t,ocu_isco08_5,mts_details_wid,2004,42.866
col,sex_t,ocu_isco08_5,mts_details_wid,2005,44.777
col,sex_t,ocu_isco08_5,mts_details_wid,2007,363.211
col,sex_t,ocu_isco08_5,mts_details_wid,2008,38.663
col,sex_t,ocu_isco08_5,mts_details_wid,2009,43.666
col,sex_t,ocu_isco08_5,mts_details_wid,2010,39.334
col,sex_t,ocu_isco08_5,mts_details_wid,2011,38.985
col,sex_t,ocu_isco08_5,mts_details_wid,2012,45.273
col,sex_t,ocu_isco08_5,mts_details_wid,2013,41.48
col,sex_t,ocu_isco08_5,mts_details_wid,2014,46.861
col,sex_t,ocu_isco08_5,mts_details_wid,2015,43.522
col,sex_t,ocu_isco08_5,mts_details_wid,2016,43.226
col,sex_t,ocu_isco08_5,mts_details_wid,2017,44.149
col,sex_t,ocu_isco08_5,mts_details_wid,2018,38.153
col,sex_t,ocu_isco08_5,mts_details_wid,2019,44.132
col,sex_t,ocu_isco08_5,mts_details_wid,2021,34.701
col,sex_t,ocu_isco08_5,mts_details_wid,2022,34.705
col,sex_t,ocu_isco08_5,mts_details_wid,2023,36.368
col,sex_t,ocu_isco08_5,mts_details_wid,2024,36.164
col,sex_t,ocu_isco08_5,mts_details_wid,2025,40.691
col,sex_t,ocu_isco08_6,mts_aggregate_1,2002,136.111
col,sex_t,ocu_isco08_6,mts_aggregate_1,2003,134.67
col,sex_t,ocu_isco08_6,mts_aggregate_1,2004,118.621
col,sex_t,ocu_isco08_6,mts_aggregate_1,2005,128.107
col,sex_t,ocu_isco08_6,mts_aggregate_1,2007,178.514
col,sex_t,ocu_isco08_6,mts_aggregate_1,2008,114.999
col,sex_t,ocu_isco08_6,mts_aggregate_1,2009,106.368
col,sex_t,ocu_isco08_6,mts_aggregate_1,2010,106.825
col,sex_t,ocu_isco08_6,mts_aggregate_1,2011,103.26
col,sex_t,ocu_isco08_6,mts_aggregate_1,2012,106.947
col,sex_t,ocu_isco08_6,mts_aggregate_1,2013,98.122
col,sex_t,ocu_isco08_6,mts_aggregate_1,2014,105.275
col,sex_t,ocu_isco08_6,mts_aggregate_1,2015,93.318
col,sex_t,ocu_isco08_6,mts_aggregate_1,2016,91.683
col,sex_t,ocu_isco08_6,mts_aggregate_1,2017,107.393
col,sex_t,ocu_isco08_6,mts_aggregate_1,2018,87.548
col,sex_t,ocu_isco08_6,mts_aggregate_1,2019,105.948
col,sex_t,ocu_isco08_6,mts_aggregate_1,2021,102.483
col,sex_t,ocu_isco08_6,mts_aggregate_1,2022,117.327
col,sex_t,ocu_isco08_6,mts_aggregate_1,2023,127.88
col,sex_t,ocu_isco08_6,mts_aggregate_1,2024,106.598
col,sex_t,ocu_isco08_6,mts_aggregate_1,2025,109.913
col,sex_t,ocu_isco08_6,mts_aggregate_2,2002,185.989
col,sex_t,ocu_isco08_6,mts_aggregate_2,2003,220.435
col,sex_t,ocu_isco08_6,mts_aggregate_2,2004,213.434
col,sex_t,ocu_isco08_6,mts_aggregate_2,2005,206.614
col,sex_t,ocu_isco08_6,mts_aggregate_2,2007,138.046
col,sex_t,ocu_isco08_6,mts_aggregate_2,2008,219.682
col,sex_t,ocu_isco08_6,mts_aggregate_2,2009,216.476
col,sex_t,ocu_isco08_6,mts_aggregate_2,2010,218.891
col,sex_t,ocu_isco08_6,mts_aggregate_2,2011,210.232
col,sex_t,ocu_isco08_6,mts_aggregate_2,2012,211.366
col,sex_t,ocu_isco08_6,mts_aggregate_2,2013,198.668
col,sex_t,ocu_isco08_6,mts_aggregate_2,2014,195.986
col,sex_t,ocu_isco08_6,mts_aggregate_2,2015,186.182
col,sex_t,ocu_isco08_6,mts_aggregate_2,2016,190.579
col,sex_t,ocu_isco08_6,mts_aggregate_2,2017,191.868
col,sex_t,ocu_isco08_6,mts_aggregate_2,2018,195.262
col,sex_t,ocu_isco08_6,mts_aggregate_2,2019,227.564
col,sex_t,ocu_isco08_6,mts_aggregate_2,2021,197.687
col,sex_t,ocu_isco08_6,mts_aggregate_2,2022,188.358
col,sex_t,ocu_isco08_6,mts_aggregate_2,2023,181.06
col,sex_t,ocu_isco08_6,mts_aggregate_2,2024,158.08
col,sex_t,ocu_isco08_6,mts_aggregate_2,2025,168.729
col,sex_t,ocu_isco08_6,mts_aggregate_total,2002,322.101
col,sex_t,ocu_isco08_6,mts_aggregate_total,2003,355.105
col,sex_t,ocu_isco08_6,mts_aggregate_total,2004,332.055
col,sex_t,ocu_isco08_6,mts_aggregate_total,2005,334.721
col,sex_t,ocu_isco08_6,mts_aggregate_total,2007,316.561
col,sex_t,ocu_isco08_6,mts_aggregate_total,2008,334.681
col,sex_t,ocu_isco08_6,mts_aggregate_total,2009,322.844
col,sex_t,ocu_isco08_6,mts_aggregate_total,2010,325.717
col,sex_t,ocu_isco08_6,mts_aggregate_total,2011,313.492
col,sex_t,ocu_isco08_6,mts_aggregate_total,2012,318.313
col,sex_t,ocu_isco08_6,mts_aggregate_total,2013,296.79
col,sex_t,ocu_isco08_6,mts_aggregate_total,2014,301.261
col,sex_t,ocu_isco08_6,mts_aggregate_total,2015,279.5
col,sex_t,ocu_isco08_6,mts_aggregate_total,2016,282.262
col,sex_t,ocu_isco08_6,mts_aggregate_total,2017,299.261
col,sex_t,ocu_isco08_6,mts_aggregate_total,2018,282.81
col,sex_t,ocu_isco08_6,mts_aggregate_total,2019,333.512
col,sex_t,ocu_isco08_6,mts_aggregate_total,2021,300.169
col,sex_t,ocu_isco08_6,mts_aggregate_total,2022,305.685
col,sex_t,ocu_isco08_6,mts_aggregate_total,2023,308.94
col,sex_t,ocu_isco08_6,mts_aggregate_total,2024,264.678
col,sex_t,ocu_isco08_6,mts_aggregate_total,2025,278.642
col,sex_t,ocu_isco08_6,mts_details_mrd,2002,82.693
col,sex_t,ocu_isco08_6,mts_details_mrd,2003,90.453
col,sex_t,ocu_isco08_6,mts_details_mrd,2004,80.695
col,sex_t,ocu_isco08_6,mts_details_mrd,2005,81.382
col,sex_t,ocu_isco08_6,mts_details_mrd,2007,21.48
col,sex_t,ocu_isco08_6,mts_details_mrd,2008,79.455
col,sex_t,ocu_isco08_6,mts_details_mrd,2009,73.656
col,sex_t,ocu_isco08_6,mts_details_mrd,2010,66.283
col,sex_t,ocu_isco08_6,mts_details_mrd,2011,68.637
col,sex_t,ocu_isco08_6,mts_details_mrd,2012,62.539
col,sex_t,ocu_isco08_6,mts_details_mrd,2013,64.64
col,sex_t,ocu_isco08_6,mts_details_mrd,2014,58.766
col,sex_t,ocu_isco08_6,mts_details_mrd,2015,59.648
col,sex_t,ocu_isco08_6,mts_details_mrd,2016,56.913
col,sex_t,ocu_isco08_6,mts_details_mrd,2017,52.182
col,sex_t,ocu_isco08_6,mts_details_mrd,2018,48.286
col,sex_t,ocu_isco08_6,mts_details_mrd,2019,57.183
col,sex_t,ocu_isco08_6,mts_details_mrd,2021,46.46
col,sex_t,ocu_isco08_6,mts_details_mrd,2022,48.113
col,sex_t,ocu_isco08_6,mts_details_mrd,2023,47.162
col,sex_t,ocu_isco08_6,mts_details_mrd,2024,39.825
col,sex_t,ocu_isco08_6,mts_details_mrd,2025,40.754
col,sex_t,ocu_isco08_6,mts_details_sep,2002,19.032
col,sex_t,ocu_isco08_6,mts_details_sep,2003,20.986
col,sex_t,ocu_isco08_6,mts_details_sep,2004,16.705
col,sex_t,ocu_isco08_6,mts_details_sep,2005,14.842
col,sex_t,ocu_isco08_6,mts_details_sep,2007,4.751
col,sex_t,ocu_isco08_6,mts_details_sep,2008,20.905
col,sex_t,ocu_isco08_6,mts_details_sep,2009,25.982
col,sex_t,ocu_isco08_6,mts_details_sep,2010,26.336
col,sex_t,ocu_isco08_6,mts_details_sep,2011,24.361
col,sex_t,ocu_isco08_6,mts_details_sep,2012,25.128
col,sex_t,ocu_isco08_6,mts_details_sep,2013,29.17
col,sex_t,ocu_isco08_6,mts_details_sep,2014,30.747
col,sex_t,ocu_isco08_6,mts_details_sep,2015,25.602
col,sex_t,ocu_isco08_6,mts_details_sep,2016,32.54
col,sex_t,ocu_isco08_6,mts_details_sep,2017,38.29
col,sex_t,ocu_isco08_6,mts_details_sep,2018,31.027
col,sex_t,ocu_isco08_6,mts_details_sep,2019,39.041
col,sex_t,ocu_isco08_6,mts_details_sep,2021,33.506
col,sex_t,ocu_isco08_6,mts_details_sep,2022,35.653
col,sex_t,ocu_isco08_6,mts_details_sep,2023,41.592
col,sex_t,ocu_isco08_6,mts_details_sep,2024,30.328
col,sex_t,ocu_isco08_6,mts_details_sep,2025,38.107
col,sex_t,ocu_isco08_6,mts_details_sgle,2002,108.567
col,sex_t,ocu_isco08_6,mts_details_sgle,2003,110.082
col,sex_t,ocu_isco08_6,mts_details_sgle,2004,98.125
col,sex_t,ocu_isco08_6,mts_details_sgle,2005,105.342
col,sex_t,ocu_isco08_6,mts_details_sgle,2007,81.718
col,sex_t,ocu_isco08_6,mts_details_sgle,2008,88.58
col,sex_t,ocu_isco08_6,mts_details_sgle,2009,78.387
col,sex_t,ocu_isco08_6,mts_details_sgle,2010,77.907
col,sex_t,ocu_isco08_6,mts_details_sgle,2011,74.003
col,sex_t,ocu_isco08_6,mts_details_sgle,2012,77.806
col,sex_t,ocu_isco08_6,mts_details_sgle,2013,65.926
col,sex_t,ocu_isco08_6,mts_details_sgle,2014,71.272
col,sex_t,ocu_isco08_6,mts_details_sgle,2015,65.548
col,sex_t,ocu_isco08_6,mts_details_sgle,2016,54.027
col,sex_t,ocu_isco08_6,mts_details_sgle,2017,66.003
col,sex_t,ocu_isco08_6,mts_details_sgle,2018,53.483
col,sex_t,ocu_isco08_6,mts_details_sgle,2019,63.279
col,sex_t,ocu_isco08_6,mts_details_sgle,2021,64.939
col,sex_t,ocu_isco08_6,mts_details_sgle,2022,76.711
col,sex_t,ocu_isco08_6,mts_details_sgle,2023,82.307
col,sex_t,ocu_isco08_6,mts_details_sgle,2024,71.349
col,sex_t,ocu_isco08_6,mts_details_sgle,2025,67.116
col,sex_t,ocu_isco08_6,mts_details_total,2002,322.101
col,sex_t,ocu_isco08_6,mts_details_total,2003,355.105
col,sex_t,ocu_isco08_6,mts_details_total,2004,332.055
col,sex_t,ocu_isco08_6,mts_details_total,2005,334.721
col,sex_t,ocu_isco08_6,mts_details_total,2007,316.561
col,sex_t,ocu_isco08_6,mts_details_total,2008,334.681
col,sex_t,ocu_isco08_6,mts_details_total,2009,322.844
col,sex_t,ocu_isco08_6,mts_details_total,2010,325.717
col,sex_t,ocu_isco08_6,mts_details_total,2011,313.492
col,sex_t,ocu_isco08_6,mts_details_total,2012,318.313
col,sex_t,ocu_isco08_6,mts_details_total,2013,296.79
col,sex_t,ocu_isco08_6,mts_details_total,2014,301.261
col,sex_t,ocu_isco08_6,mts_details_total,2015,279.5
col,sex_t,ocu_isco08_6,mts_details_total,2016,282.262
col,sex_t,ocu_isco08_6,mts_details_total,2017,299.261
col,sex_t,ocu_isco08_6,mts_details_total,2018,282.81
col,sex_t,ocu_isco08_6,mts_details_total,2019,333.512
col,sex_t,ocu_isco08_6,mts_details_total,2021,300.169
col,sex_t,ocu_isco08_6,mts_details_total,2022,305.685
col,sex_t,ocu_isco08_6,mts_details_total,2023,308.94
col,sex_t,ocu_isco08_6,mts_details_total,2024,264.678
col,sex_t,ocu_isco08_6,mts_details_total,2025,278.642
col,sex_t,ocu_isco08_6,mts_details_union,2002,103.297
col,sex_t,ocu_isco08_6,mts_details_union,2003,129.982
col,sex_t,ocu_isco08_6,mts_details_union,2004,132.739
col,sex_t,ocu_isco08_6,mts_details_union,2005,125.232
col,sex_t,ocu_isco08_6,mts_details_union,2007,116.567
col,sex_t,ocu_isco08_6,mts_details_union,2008,140.227
col,sex_t,ocu_isco08_6,mts_details_union,2009,142.82
col,sex_t,ocu_isco08_6,mts_details_union,2010,152.608
col,sex_t,ocu_isco08_6,mts_details_union,2011,141.595
col,sex_t,ocu_isco08_6,mts_details_union,2012,148.827
col,sex_t,ocu_isco08_6,mts_details_union,2013,134.028
col,sex_t,ocu_isco08_6,mts_details_union,2014,137.22
col,sex_t,ocu_isco08_6,mts_details_union,2015,126.534
col,sex_t,ocu_isco08_6,mts_details_union,2016,133.666
col,sex_t,ocu_isco08_6,mts_details_union,2017,139.686
col,sex_t,ocu_isco08_6,mts_details_union,2018,146.976
col,sex_t,ocu_isco08_6,mts_details_union,2019,170.381
col,sex_t,ocu_isco08_6,mts_details_union,2021,151.227
col,sex_t,ocu_isco08_6,mts_details_union,2022,140.245
col,sex_t,ocu_isco08_6,mts_details_union,2023,133.899
col,sex_t,ocu_isco08_6,mts_details_union,2024,118.255
col,sex_t,ocu_isco08_6,mts_details_union,2025,127.975
col,sex_t,ocu_isco08_6,mts_details_wid,2002,8.513
col,sex_t,ocu_isco08_6,mts_details_wid,2003,3.603
col,sex_t,ocu_isco08_6,mts_details_wid,2004,3.791
col,sex_t,ocu_isco08_6,mts_details_wid,2005,7.924
col,sex_t,ocu_isco08_6,mts_details_wid,2007,92.046
col,sex_t,ocu_isco08_6,mts_details_wid,2008,5.514
col,sex_t,ocu_isco08_6,mts_details_wid,2009,1.999
col,sex_t,ocu_isco08_6,mts_details_wid,2010,2.582
col,sex_t,ocu_isco08_6,mts_details_wid,2011,4.896
col,sex_t,ocu_isco08_6,mts_details_wid,2012,4.013
col,sex_t,ocu_isco08_6,mts_details_wid,2013,3.026
col,sex_t,ocu_isco08_6,mts_details_wid,2014,3.256
col,sex_t,ocu_isco08_6,mts_details_wid,2015,2.168
col,sex_t,ocu_isco08_6,mts_details_wid,2016,5.116
col,sex_t,ocu_isco08_6,mts_details_wid,2017,3.1
col,sex_t,ocu_isco08_6,mts_details_wid,2018,3.038
col,sex_t,ocu_isco08_6,mts_details_wid,2019,3.628
col,sex_t,ocu_isco08_6,mts_details_wid,2021,4.038
col,sex_t,ocu_isco08_6,mts_details_wid,2022,4.963
col,sex_t,ocu_isco08_6,mts_details_wid,2023,3.981
col,sex_t,ocu_isco08_6,mts_details_wid,2024,4.922
col,sex_t,ocu_isco08_6,mts_details_wid,2025,4.69
col,sex_t,ocu_isco08_7,mts_aggregate_1,2002,386.793
col,sex_t,ocu_isco08_7,mts_aggregate_1,2003,371.65
col,sex_t,ocu_isco08_7,mts_aggregate_1,2004,404.651
col,sex_t,ocu_isco08_7,mts_aggregate_1,2005,434.486
col,sex_t,ocu_isco08_7,mts_aggregate_1,2007,556.924
col,sex_t,ocu_isco08_7,mts_aggregate_1,2008,445.386
col,sex_t,ocu_isco08_7,mts_aggregate_1,2009,442.946
col,sex_t,ocu_isco08_7,mts_aggregate_1,2010,445.772
col,sex_t,ocu_isco08_7,mts_aggregate_1,2011,496.512
col,sex_t,ocu_isco08_7,mts_aggregate_1,2012,503.194
col,sex_t,ocu_isco08_7,mts_aggregate_1,2013,527.601
col,sex_t,ocu_isco08_7,mts_aggregate_1,2014,543.855
col,sex_t,ocu_isco08_7,mts_aggregate_1,2015,574.179
col,sex_t,ocu_isco08_7,mts_aggregate_1,2016,561.787
col,sex_t,ocu_isco08_7,mts_aggregate_1,2017,544.286
col,sex_t,ocu_isco08_7,mts_aggregate_1,2018,538.134
col,sex_t,ocu_isco08_7,mts_aggregate_1,2019,602.031
col,sex_t,ocu_isco08_7,mts_aggregate_1,2021,575.244
col,sex_t,ocu_isco08_7,mts_aggregate_1,2022,383.969
col,sex_t,ocu_isco08_7,mts_aggregate_1,2023,381.898
col,sex_t,ocu_isco08_7,mts_aggregate_1,2024,421.122
col,sex_t,ocu_isco08_7,mts_aggregate_1,2025,434.55
col,sex_t,ocu_isco08_7,mts_aggregate_2,2002,555.556
col,sex_t,ocu_isco08_7,mts_aggregate_2,2003,551.187
col,sex_t,ocu_isco08_7,mts_aggregate_2,2004,560.912
col,sex_t,ocu_isco08_7,mts_aggregate_2,2005,599.507
col,sex_t,ocu_isco08_7,mts_aggregate_2,2007,427.375
col,sex_t,ocu_isco08_7,mts_aggregate_2,2008,630.078
col,sex_t,ocu_isco08_7,mts_aggregate_2,2009,647.664
col,sex_t,ocu_isco08_7,mts_aggregate_2,2010,628.065
col,sex_t,ocu_isco08_7,mts_aggregate_2,2011,653.55
col,sex_t,ocu_isco08_7,mts_aggregate_2,2012,694.881
col,sex_t,ocu_isco08_7,mts_aggregate_2,2013,700.119
col,sex_t,ocu_isco08_7,mts_aggregate_2,2014,762.119
col,sex_t,ocu_isco08_7,mts_aggregate_2,2015,765.439
col,sex_t,ocu_isco08_7,mts_aggregate_2,2016,761.699
col,sex_t,ocu_isco08_7,mts_aggregate_2,2017,775.712
col,sex_t,ocu_isco08_7,mts_aggregate_2,2018,790.988
col,sex_t,ocu_isco08_7,mts_aggregate_2,2019,829.922
col,sex_t,ocu_isco08_7,mts_aggregate_2,2021,827.234
col,sex_t,ocu_isco08_7,mts_aggregate_2,2022,557.223
col,sex_t,ocu_isco08_7,mts_aggregate_2,2023,575.15
col,sex_t,ocu_isco08_7,mts_aggregate_2,2024,604.578
col,sex_t,ocu_isco08_7,mts_aggregate_2,2025,596.544
col,sex_t,ocu_isco08_7,mts_aggregate_total,2002,942.348
col,sex_t,ocu_isco08_7,mts_aggregate_total,2003,922.837
col,sex_t,ocu_isco08_7,mts_aggregate_total,2004,965.562
col,sex_t,ocu_isco08_7,mts_aggregate_total,2005,1033.993
col,sex_t,ocu_isco08_7,mts_aggregate_total,2007,984.298
col,sex_t,ocu_isco08_7,mts_aggregate_total,2008,1075.464
col,sex_t,ocu_isco08_7,mts_aggregate_total,2009,1090.61
col,sex_t,ocu_isco08_7,mts_aggregate_total,2010,1073.836
col,sex_t,ocu_isco08_7,mts_aggregate_total,2011,1150.061
col,sex_t,ocu_isco08_7,mts_aggregate_total,2012,1198.075
col,sex_t,ocu_isco08_7,mts_aggregate_total,2013,1227.72
col,sex_t,ocu_isco08_7,mts_aggregate_total,2014,1305.974
col,sex_t,ocu_isco08_7,mts_aggregate_total,2015,1339.618
col,sex_t,ocu_isco08_7,mts_aggregate_total,2016,1323.487
col,sex_t,ocu_isco08_7,mts_aggregate_total,2017,1319.997
col,sex_t,ocu_isco08_7,mts_aggregate_total,2018,1329.121
col,sex_t,ocu_isco08_7,mts_aggregate_total,2019,1431.953
col,sex_t,ocu_isco08_7,mts_aggregate_total,2021,1402.478
col,sex_t,ocu_isco08_7,mts_aggregate_total,2022,941.192
col,sex_t,ocu_isco08_7,mts_aggregate_total,2023,957.048
col,sex_t,ocu_isco08_7,mts_aggregate_total,2024,1025.7
col,sex_t,ocu_isco08_7,mts_aggregate_total,2025,1031.095
col,sex_t,ocu_isco08_7,mts_details_mrd,2002,258.508
col,sex_t,ocu_isco08_7,mts_details_mrd,2003,250.784
col,sex_t,ocu_isco08_7,mts_details_mrd,2004,252.352
col,sex_t,ocu_isco08_7,mts_details_mrd,2005,247.312
col,sex_t,ocu_isco08_7,mts_details_mrd,2007,84.587
col,sex_t,ocu_isco08_7,mts_details_mrd,2008,249.391
col,sex_t,ocu_isco08_7,mts_details_mrd,2009,259.496
col,sex_t,ocu_isco08_7,mts_details_mrd,2010,240.041
col,sex_t,ocu_isco08_7,mts_details_mrd,2011,233.93
col,sex_t,ocu_isco08_7,mts_details_mrd,2012,240.46
col,sex_t,ocu_isco08_7,mts_details_mrd,2013,242.748
col,sex_t,ocu_isco08_7,mts_details_mrd,2014,254.437
col,sex_t,ocu_isco08_7,mts_details_mrd,2015,251.329
col,sex_t,ocu_isco08_7,mts_details_mrd,2016,244.829
col,sex_t,ocu_isco08_7,mts_details_mrd,2017,251.135
col,sex_t,ocu_isco08_7,mts_details_mrd,2018,244.396
col,sex_t,ocu_isco08_7,mts_details_mrd,2019,251.669
col,sex_t,ocu_isco08_7,mts_details_mrd,2021,225.023
col,sex_t,ocu_isco08_7,mts_details_mrd,2022,154.911
col,sex_t,ocu_isco08_7,mts_details_mrd,2023,159.725
col,sex_t,ocu_isco08_7,mts_details_mrd,2024,170.583
col,sex_t,ocu_isco08_7,mts_details_mrd,2025,158.975
col,sex_t,ocu_isco08_7,mts_details_sep,2002,78.736
col,sex_t,ocu_isco08_7,mts_details_sep,2003,71.484
col,sex_t,ocu_isco08_7,mts_details_sep,2004,76.507
col,sex_t,ocu_isco08_7,mts_details_sep,2005,85.013
col,sex_t,ocu_isco08_7,mts_details_sep,2007,10.293
col,sex_t,ocu_isco08_7,mts_details_sep,2008,97.983
col,sex_t,ocu_isco08_7,mts_details_sep,2009,104.505
col,sex_t,ocu_isco08_7,mts_details_sep,2010,115.263
col,sex_t,ocu_isco08_7,mts_details_sep,2011,134.119
col,sex_t,ocu_isco08_7,mts_details_sep,2012,128.77
col,sex_t,ocu_isco08_7,mts_details_sep,2013,156.063
col,sex_t,ocu_isco08_7,mts_details_sep,2014,162.948
col,sex_t,ocu_isco08_7,mts_details_sep,2015,175.245
col,sex_t,ocu_isco08_7,mts_details_sep,2016,168.882
col,sex_t,ocu_isco08_7,mts_details_sep,2017,161.31
col,sex_t,ocu_isco08_7,mts_details_sep,2018,162.113
col,sex_t,ocu_isco08_7,mts_details_sep,2019,184.87
col,sex_t,ocu_isco08_7,mts_details_sep,2021,158.874
col,sex_t,ocu_isco08_7,mts_details_sep,2022,90.973
col,sex_t,ocu_isco08_7,mts_details_sep,2023,104.204
col,sex_t,ocu_isco08_7,mts_details_sep,2024,116.337
col,sex_t,ocu_isco08_7,mts_details_sep,2025,118.5
col,sex_t,ocu_isco08_7,mts_details_sgle,2002,295.95
col,sex_t,ocu_isco08_7,mts_details_sgle,2003,289.289
col,sex_t,ocu_isco08_7,mts_details_sgle,2004,315.53
col,sex_t,ocu_isco08_7,mts_details_sgle,2005,334.415
col,sex_t,ocu_isco08_7,mts_details_sgle,2007,239.867
col,sex_t,ocu_isco08_7,mts_details_sgle,2008,334.105
col,sex_t,ocu_isco08_7,mts_details_sgle,2009,324.95
col,sex_t,ocu_isco08_7,mts_details_sgle,2010,318.93
col,sex_t,ocu_isco08_7,mts_details_sgle,2011,347.733
col,sex_t,ocu_isco08_7,mts_details_sgle,2012,359.666
col,sex_t,ocu_isco08_7,mts_details_sgle,2013,359.186
col,sex_t,ocu_isco08_7,mts_details_sgle,2014,368.679
col,sex_t,ocu_isco08_7,mts_details_sgle,2015,387.283
col,sex_t,ocu_isco08_7,mts_details_sgle,2016,377.319
col,sex_t,ocu_isco08_7,mts_details_sgle,2017,371.522
col,sex_t,ocu_isco08_7,mts_details_sgle,2018,364.795
col,sex_t,ocu_isco08_7,mts_details_sgle,2019,403.203
col,sex_t,ocu_isco08_7,mts_details_sgle,2021,402.81
col,sex_t,ocu_isco08_7,mts_details_sgle,2022,285.822
col,sex_t,ocu_isco08_7,mts_details_sgle,2023,270.557
col,sex_t,ocu_isco08_7,mts_details_sgle,2024,296.351
col,sex_t,ocu_isco08_7,mts_details_sgle,2025,307.678
col,sex_t,ocu_isco08_7,mts_details_total,2002,942.348
col,sex_t,ocu_isco08_7,mts_details_total,2003,922.837
col,sex_t,ocu_isco08_7,mts_details_total,2004,965.562
col,sex_t,ocu_isco08_7,mts_details_total,2005,1033.993
col,sex_t,ocu_isco08_7,mts_details_total,2007,984.298
col,sex_t,ocu_isco08_7,mts_details_total,2008,1075.464
col,sex_t,ocu_isco08_7,mts_details_total,2009,1090.61
col,sex_t,ocu_isco08_7,mts_details_total,2010,1073.836
col,sex_t,ocu_isco08_7,mts_details_total,2011,1150.061
col,sex_t,ocu_isco08_7,mts_details_total,2012,1198.075
col,sex_t,ocu_isco08_7,mts_details_total,2013,1227.72
col,sex_t,ocu_isco08_7,mts_details_total,2014,1305.974
col,sex_t,ocu_isco08_7,mts_details_total,2015,1339.618
col,sex_t,ocu_isco08_7,mts_details_total,2016,1323.487
col,sex_t,ocu_isco08_7,mts_details_total,2017,1319.997
col,sex_t,ocu_isco08_7,mts_details_total,2018,1329.121
col,sex_t,ocu_isco08_7,mts_details_total,2019,1431.953
col,sex_t,ocu_isco08_7,mts_details_total,2021,1402.478
col,sex_t,ocu_isco08_7,mts_details_total,2022,941.192
col,sex_t,ocu_isco08_7,mts_details_total,2023,957.048
col,sex_t,ocu_isco08_7,mts_details_total,2024,1025.7
col,sex_t,ocu_isco08_7,mts_details_total,2025,1031.095
col,sex_t,ocu_isco08_7,mts_details_union,2002,297.048
col,sex_t,ocu_isco08_7,mts_details_union,2003,300.403
col,sex_t,ocu_isco08_7,mts_details_union,2004,308.56
col,sex_t,ocu_isco08_7,mts_details_union,2005,352.195
col,sex_t,ocu_isco08_7,mts_details_union,2007,342.787
col,sex_t,ocu_isco08_7,mts_details_union,2008,380.687
col,sex_t,ocu_isco08_7,mts_details_union,2009,388.168
col,sex_t,ocu_isco08_7,mts_details_union,2010,388.024
col,sex_t,ocu_isco08_7,mts_details_union,2011,419.62
col,sex_t,ocu_isco08_7,mts_details_union,2012,454.421
col,sex_t,ocu_isco08_7,mts_details_union,2013,457.371
col,sex_t,ocu_isco08_7,mts_details_union,2014,507.682
col,sex_t,ocu_isco08_7,mts_details_union,2015,514.11
col,sex_t,ocu_isco08_7,mts_details_union,2016,516.87
col,sex_t,ocu_isco08_7,mts_details_union,2017,524.577
col,sex_t,ocu_isco08_7,mts_details_union,2018,546.592
col,sex_t,ocu_isco08_7,mts_details_union,2019,578.254
col,sex_t,ocu_isco08_7,mts_details_union,2021,602.212
col,sex_t,ocu_isco08_7,mts_details_union,2022,402.312
col,sex_t,ocu_isco08_7,mts_details_union,2023,415.425
col,sex_t,ocu_isco08_7,mts_details_union,2024,433.995
col,sex_t,ocu_isco08_7,mts_details_union,2025,437.57
col,sex_t,ocu_isco08_7,mts_details_wid,2002,12.108
col,sex_t,ocu_isco08_7,mts_details_wid,2003,10.877
col,sex_t,ocu_isco08_7,mts_details_wid,2004,12.614
col,sex_t,ocu_isco08_7,mts_details_wid,2005,15.058
col,sex_t,ocu_isco08_7,mts_details_wid,2007,306.764
col,sex_t,ocu_isco08_7,mts_details_wid,2008,13.298
col,sex_t,ocu_isco08_7,mts_details_wid,2009,13.491
col,sex_t,ocu_isco08_7,mts_details_wid,2010,11.579
col,sex_t,ocu_isco08_7,mts_details_wid,2011,14.659
col,sex_t,ocu_isco08_7,mts_details_wid,2012,14.758
col,sex_t,ocu_isco08_7,mts_details_wid,2013,12.352
col,sex_t,ocu_isco08_7,mts_details_wid,2014,12.228
col,sex_t,ocu_isco08_7,mts_details_wid,2015,11.651
col,sex_t,ocu_isco08_7,mts_details_wid,2016,15.587
col,sex_t,ocu_isco08_7,mts_details_wid,2017,11.454
col,sex_t,ocu_isco08_7,mts_details_wid,2018,11.226
col,sex_t,ocu_isco08_7,mts_details_wid,2019,13.958
col,sex_t,ocu_isco08_7,mts_details_wid,2021,13.559
col,sex_t,ocu_isco08_7,mts_details_wid,2022,7.174
col,sex_t,ocu_isco08_7,mts_details_wid,2023,7.137
col,sex_t,ocu_isco08_7,mts_details_wid,2024,8.433
col,sex_t,ocu_isco08_7,mts_details_wid,2025,8.373
col,sex_t,ocu_isco08_8,mts_aggregate_1,2002,478.779
col,sex_t,ocu_isco08_8,mts_aggregate_1,2003,485.315
col,sex_t,ocu_isco08_8,mts_aggregate_1,2004,449.549
col,sex_t,ocu_isco08_8,mts_aggregate_1,2005,489.602
col,sex_t,ocu_isco08_8,mts_aggregate_1,2007,576.425
col,sex_t,ocu_isco08_8,mts_aggregate_1,2008,442.915
col,sex_t,ocu_isco08_8,mts_aggregate_1,2009,452.903
col,sex_t,ocu_isco08_8,mts_aggregate_1,2010,421.327
col,sex_t,ocu_isco08_8,mts_aggregate_1,2011,423.03
col,sex_t,ocu_isco08_8,mts_aggregate_1,2012,455.32
col,sex_t,ocu_isco08_8,mts_aggregate_1,2013,437.779
col,sex_t,ocu_isco08_8,mts_aggregate_1,2014,428.637
col,sex_t,ocu_isco08_8,mts_aggregate_1,2015,445.899
col,sex_t,ocu_isco08_8,mts_aggregate_1,2016,421.593
col,sex_t,ocu_isco08_8,mts_aggregate_1,2017,435.973
col,sex_t,ocu_isco08_8,mts_aggregate_1,2018,447.938
col,sex_t,ocu_isco08_8,mts_aggregate_1,2019,464.337
col,sex_t,ocu_isco08_8,mts_aggregate_1,2021,437.663
col,sex_t,ocu_isco08_8,mts_aggregate_1,2022,282.467
col,sex_t,ocu_isco08_8,mts_aggregate_1,2023,298.505
col,sex_t,ocu_isco08_8,mts_aggregate_1,2024,329.481
col,sex_t,ocu_isco08_8,mts_aggregate_1,2025,338.192
col,sex_t,ocu_isco08_8,mts_aggregate_2,2002,659.485
col,sex_t,ocu_isco08_8,mts_aggregate_2,2003,653.103
col,sex_t,ocu_isco08_8,mts_aggregate_2,2004,685.809
col,sex_t,ocu_isco08_8,mts_aggregate_2,2005,715.514
col,sex_t,ocu_isco08_8,mts_aggregate_2,2007,441.685
col,sex_t,ocu_isco08_8,mts_aggregate_2,2008,744.059
col,sex_t,ocu_isco08_8,mts_aggregate_2,2009,723.796
col,sex_t,ocu_isco08_8,mts_aggregate_2,2010,707.788
col,sex_t,ocu_isco08_8,mts_aggregate_2,2011,715.832
col,sex_t,ocu_isco08_8,mts_aggregate_2,2012,699.366
col,sex_t,ocu_isco08_8,mts_aggregate_2,2013,716.366
col,sex_t,ocu_isco08_8,mts_aggregate_2,2014,703.2
col,sex_t,ocu_isco08_8,mts_aggregate_2,2015,707.685
col,sex_t,ocu_isco08_8,mts_aggregate_2,2016,720.344
col,sex_t,ocu_isco08_8,mts_aggregate_2,2017,734.729
col,sex_t,ocu_isco08_8,mts_aggregate_2,2018,738.141
col,sex_t,ocu_isco08_8,mts_aggregate_2,2019,831.335
col,sex_t,ocu_isco08_8,mts_aggregate_2,2021,758.623
col,sex_t,ocu_isco08_8,mts_aggregate_2,2022,550.126
col,sex_t,ocu_isco08_8,mts_aggregate_2,2023,550.102
col,sex_t,ocu_isco08_8,mts_aggregate_2,2024,600.38
col,sex_t,ocu_isco08_8,mts_aggregate_2,2025,601.34
col,sex_t,ocu_isco08_8,mts_aggregate_total,2002,1138.264
col,sex_t,ocu_isco08_8,mts_aggregate_total,2003,1138.418
col,sex_t,ocu_isco08_8,mts_aggregate_total,2004,1135.358
col,sex_t,ocu_isco08_8,mts_aggregate_total,2005,1205.115
col,sex_t,ocu_isco08_8,mts_aggregate_total,2007,1018.11
col,sex_t,ocu_isco08_8,mts_aggregate_total,2008,1186.973
col,sex_t,ocu_isco08_8,mts_aggregate_total,2009,1176.699
col,sex_t,ocu_isco08_8,mts_aggregate_total,2010,1129.116
col,sex_t,ocu_isco08_8,mts_aggregate_total,2011,1138.862
col,sex_t,ocu_isco08_8,mts_aggregate_total,2012,1154.687
col,sex_t,ocu_isco08_8,mts_aggregate_total,2013,1154.146
col,sex_t,ocu_isco08_8,mts_aggregate_total,2014,1131.837
col,sex_t,ocu_isco08_8,mts_aggregate_total,2015,1153.584
col,sex_t,ocu_isco08_8,mts_aggregate_total,2016,1141.937
col,sex_t,ocu_isco08_8,mts_aggregate_total,2017,1170.702
col,sex_t,ocu_isco08_8,mts_aggregate_total,2018,1186.079
col,sex_t,ocu_isco08_8,mts_aggregate_total,2019,1295.672
col,sex_t,ocu_isco08_8,mts_aggregate_total,2021,1196.286
col,sex_t,ocu_isco08_8,mts_aggregate_total,2022,832.593
col,sex_t,ocu_isco08_8,mts_aggregate_total,2023,848.607
col,sex_t,ocu_isco08_8,mts_aggregate_total,2024,929.861
col,sex_t,ocu_isco08_8,mts_aggregate_total,2025,939.531
col,sex_t,ocu_isco08_8,mts_details_mrd,2002,295.54
col,sex_t,ocu_isco08_8,mts_details_mrd,2003,286.304
col,sex_t,ocu_isco08_8,mts_details_mrd,2004,302.236
col,sex_t,ocu_isco08_8,mts_details_mrd,2005,293.416
col,sex_t,ocu_isco08_8,mts_details_mrd,2007,73.609
col,sex_t,ocu_isco08_8,mts_details_mrd,2008,290.447
col,sex_t,ocu_isco08_8,mts_details_mrd,2009,272.947
col,sex_t,ocu_isco08_8,mts_details_mrd,2010,256.534
col,sex_t,ocu_isco08_8,mts_details_mrd,2011,249.846
col,sex_t,ocu_isco08_8,mts_details_mrd,2012,241.999
col,sex_t,ocu_isco08_8,mts_details_mrd,2013,244.999
col,sex_t,ocu_isco08_8,mts_details_mrd,2014,232.094
col,sex_t,ocu_isco08_8,mts_details_mrd,2015,234.415
col,sex_t,ocu_isco08_8,mts_details_mrd,2016,232.8
col,sex_t,ocu_isco08_8,mts_details_mrd,2017,230.808
col,sex_t,ocu_isco08_8,mts_details_mrd,2018,213.842
col,sex_t,ocu_isco08_8,mts_details_mrd,2019,251.858
col,sex_t,ocu_isco08_8,mts_details_mrd,2021,203.381
col,sex_t,ocu_isco08_8,mts_details_mrd,2022,179.475
col,sex_t,ocu_isco08_8,mts_details_mrd,2023,178.785
col,sex_t,ocu_isco08_8,mts_details_mrd,2024,191.136
col,sex_t,ocu_isco08_8,mts_details_mrd,2025,191.648
col,sex_t,ocu_isco08_8,mts_details_sep,2002,76.299
col,sex_t,ocu_isco08_8,mts_details_sep,2003,74.371
col,sex_t,ocu_isco08_8,mts_details_sep,2004,74.913
col,sex_t,ocu_isco08_8,mts_details_sep,2005,78.301
col,sex_t,ocu_isco08_8,mts_details_sep,2007,15.867
col,sex_t,ocu_isco08_8,mts_details_sep,2008,102.295
col,sex_t,ocu_isco08_8,mts_details_sep,2009,105.83
col,sex_t,ocu_isco08_8,mts_details_sep,2010,97.71
col,sex_t,ocu_isco08_8,mts_details_sep,2011,94.342
col,sex_t,ocu_isco08_8,mts_details_sep,2012,119.823
col,sex_t,ocu_isco08_8,mts_details_sep,2013,124.546
col,sex_t,ocu_isco08_8,mts_details_sep,2014,123.79
col,sex_t,ocu_isco08_8,mts_details_sep,2015,125.607
col,sex_t,ocu_isco08_8,mts_details_sep,2016,129.015
col,sex_t,ocu_isco08_8,mts_details_sep,2017,139.426
col,sex_t,ocu_isco08_8,mts_details_sep,2018,143.548
col,sex_t,ocu_isco08_8,mts_details_sep,2019,151.079
col,sex_t,ocu_isco08_8,mts_details_sep,2021,124.191
col,sex_t,ocu_isco08_8,mts_details_sep,2022,81.453
col,sex_t,ocu_isco08_8,mts_details_sep,2023,97.444
col,sex_t,ocu_isco08_8,mts_details_sep,2024,109.239
col,sex_t,ocu_isco08_8,mts_details_sep,2025,111.796
col,sex_t,ocu_isco08_8,mts_details_sgle,2002,389.158
col,sex_t,ocu_isco08_8,mts_details_sgle,2003,395.5
col,sex_t,ocu_isco08_8,mts_details_sgle,2004,363.459
col,sex_t,ocu_isco08_8,mts_details_sgle,2005,398.189
col,sex_t,ocu_isco08_8,mts_details_sgle,2007,254.476
col,sex_t,ocu_isco08_8,mts_details_sgle,2008,327.219
col,sex_t,ocu_isco08_8,mts_details_sgle,2009,332.105
col,sex_t,ocu_isco08_8,mts_details_sgle,2010,308.456
col,sex_t,ocu_isco08_8,mts_details_sgle,2011,314.691
col,sex_t,ocu_isco08_8,mts_details_sgle,2012,321.695
col,sex_t,ocu_isco08_8,mts_details_sgle,2013,303.671
col,sex_t,ocu_isco08_8,mts_details_sgle,2014,292.069
col,sex_t,ocu_isco08_8,mts_details_sgle,2015,306.478
col,sex_t,ocu_isco08_8,mts_details_sgle,2016,281.206
col,sex_t,ocu_isco08_8,mts_details_sgle,2017,282.71
col,sex_t,ocu_isco08_8,mts_details_sgle,2018,293.172
col,sex_t,ocu_isco08_8,mts_details_sgle,2019,297.281
col,sex_t,ocu_isco08_8,mts_details_sgle,2021,302.779
col,sex_t,ocu_isco08_8,mts_details_sgle,2022,195.765
col,sex_t,ocu_isco08_8,mts_details_sgle,2023,193.16
col,sex_t,ocu_isco08_8,mts_details_sgle,2024,212.23
col,sex_t,ocu_isco08_8,mts_details_sgle,2025,217.517
col,sex_t,ocu_isco08_8,mts_details_total,2002,1138.264
col,sex_t,ocu_isco08_8,mts_details_total,2003,1138.418
col,sex_t,ocu_isco08_8,mts_details_total,2004,1135.358
col,sex_t,ocu_isco08_8,mts_details_total,2005,1205.115
col,sex_t,ocu_isco08_8,mts_details_total,2007,1018.11
col,sex_t,ocu_isco08_8,mts_details_total,2008,1186.973
col,sex_t,ocu_isco08_8,mts_details_total,2009,1176.699
col,sex_t,ocu_isco08_8,mts_details_total,2010,1129.116
col,sex_t,ocu_isco08_8,mts_details_total,2011,1138.862
col,sex_t,ocu_isco08_8,mts_details_total,2012,1154.687
col,sex_t,ocu_isco08_8,mts_details_total,2013,1154.146
col,sex_t,ocu_isco08_8,mts_details_total,2014,1131.837
col,sex_t,ocu_isco08_8,mts_details_total,2015,1153.584
col,sex_t,ocu_isco08_8,mts_details_total,2016,1141.937
col,sex_t,ocu_isco08_8,mts_details_total,2017,1170.702
col,sex_t,ocu_isco08_8,mts_details_total,2018,1186.079
col,sex_t,ocu_isco08_8,mts_details_total,2019,1295.672
col,sex_t,ocu_isco08_8,mts_details_total,2021,1196.286
col,sex_t,ocu_isco08_8,mts_details_total,2022,832.593
col,sex_t,ocu_isco08_8,mts_details_total,2023,848.607
col,sex_t,ocu_isco08_8,mts_details_total,2024,929.861
col,sex_t,ocu_isco08_8,mts_details_total,2025,939.531
col,sex_t,ocu_isco08_8,mts_details_union,2002,363.945
col,sex_t,ocu_isco08_8,mts_details_union,2003,366.799
col,sex_t,ocu_isco08_8,mts_details_union,2004,383.574
col,sex_t,ocu_isco08_8,mts_details_union,2005,422.097
col,sex_t,ocu_isco08_8,mts_details_union,2007,368.076
col,sex_t,ocu_isco08_8,mts_details_union,2008,453.612
col,sex_t,ocu_isco08_8,mts_details_union,2009,450.848
col,sex_t,ocu_isco08_8,mts_details_union,2010,451.254
col,sex_t,ocu_isco08_8,mts_details_union,2011,465.987
col,sex_t,ocu_isco08_8,mts_details_union,2012,457.368
col,sex_t,ocu_isco08_8,mts_details_union,2013,471.367
col,sex_t,ocu_isco08_8,mts_details_union,2014,471.106
col,sex_t,ocu_isco08_8,mts_details_union,2015,473.27
col,sex_t,ocu_isco08_8,mts_details_union,2016,487.544
col,sex_t,ocu_isco08_8,mts_details_union,2017,503.922
col,sex_t,ocu_isco08_8,mts_details_union,2018,524.299
col,sex_t,ocu_isco08_8,mts_details_union,2019,579.477
col,sex_t,ocu_isco08_8,mts_details_union,2021,555.242
col,sex_t,ocu_isco08_8,mts_details_union,2022,370.652
col,sex_t,ocu_isco08_8,mts_details_union,2023,371.317
col,sex_t,ocu_isco08_8,mts_details_union,2024,409.244
col,sex_t,ocu_isco08_8,mts_details_union,2025,409.692
col,sex_t,ocu_isco08_8,mts_details_wid,2002,13.322
col,sex_t,ocu_isco08_8,mts_details_wid,2003,15.444
col,sex_t,ocu_isco08_8,mts_details_wid,2004,11.177
col,sex_t,ocu_isco08_8,mts_details_wid,2005,13.112
col,sex_t,ocu_isco08_8,mts_details_wid,2007,306.081
col,sex_t,ocu_isco08_8,mts_details_wid,2008,13.401
col,sex_t,ocu_isco08_8,mts_details_wid,2009,14.968
col,sex_t,ocu_isco08_8,mts_details_wid,2010,15.162
col,sex_t,ocu_isco08_8,mts_details_wid,2011,13.996
col,sex_t,ocu_isco08_8,mts_details_wid,2012,13.802
col,sex_t,ocu_isco08_8,mts_details_wid,2013,9.563
col,sex_t,ocu_isco08_8,mts_details_wid,2014,12.778
col,sex_t,ocu_isco08_8,mts_details_wid,2015,13.813
col,sex_t,ocu_isco08_8,mts_details_wid,2016,11.372
col,sex_t,ocu_isco08_8,mts_details_wid,2017,13.836
col,sex_t,ocu_isco08_8,mts_details_wid,2018,11.218
col,sex_t,ocu_isco08_8,mts_details_wid,2019,15.976
col,sex_t,ocu_isco08_8,mts_details_wid,2021,10.693
col,sex_t,ocu_isco08_8,mts_details_wid,2022,5.249
col,sex_t,ocu_isco08_8,mts_details_wid,2023,7.9
col,sex_t,ocu_isco08_8,mts_details_wid,2024,8.012
col,sex_t,ocu_isco08_8,mts_details_wid,2025,8.878
col,sex_t,ocu_isco08_9,mts_aggregate_1,2002,461.058
col,sex_t,ocu_isco08_9,mts_aggregate_1,2003,501.614
col,sex_t,ocu_isco08_9,mts_aggregate_1,2004,476.684
col,sex_t,ocu_isco08_9,mts_aggregate_1,2005,513.698
col,sex_t,ocu_isco08_9,mts_aggregate_1,2007,413.089
col,sex_t,ocu_isco08_9,mts_aggregate_1,2008,427.603
col,sex_t,ocu_isco08_9,mts_aggregate_1,2009,460.597
col,sex_t,ocu_isco08_9,mts_aggregate_1,2010,463.919
col,sex_t,ocu_isco08_9,mts_aggregate_1,2011,470.614
col,sex_t,ocu_isco08_9,mts_aggregate_1,2012,496.86
col,sex_t,ocu_isco08_9,mts_aggregate_1,2013,511.326
col,sex_t,ocu_isco08_9,mts_aggregate_1,2014,511.379
col,sex_t,ocu_isco08_9,mts_aggregate_1,2015,531.201
col,sex_t,ocu_isco08_9,mts_aggregate_1,2016,514.026
col,sex_t,ocu_isco08_9,mts_aggregate_1,2017,504.49
col,sex_t,ocu_isco08_9,mts_aggregate_1,2018,519.406
col,sex_t,ocu_isco08_9,mts_aggregate_1,2019,531.507
col,sex_t,ocu_isco08_9,mts_aggregate_1,2021,502.422
col,sex_t,ocu_isco08_9,mts_aggregate_1,2022,1262.889
col,sex_t,ocu_isco08_9,mts_aggregate_1,2023,1280.716
col,sex_t,ocu_isco08_9,mts_aggregate_1,2024,1379.705
col,sex_t,ocu_isco08_9,mts_aggregate_1,2025,1428.361
col,sex_t,ocu_isco08_9,mts_aggregate_2,2002,484.364
col,sex_t,ocu_isco08_9,mts_aggregate_2,2003,543.945
col,sex_t,ocu_isco08_9,mts_aggregate_2,2004,484.073
col,sex_t,ocu_isco08_9,mts_aggregate_2,2005,546.353
col,sex_t,ocu_isco08_9,mts_aggregate_2,2007,333.223
col,sex_t,ocu_isco08_9,mts_aggregate_2,2008,539.792
col,sex_t,ocu_isco08_9,mts_aggregate_2,2009,549.074
col,sex_t,ocu_isco08_9,mts_aggregate_2,2010,527.516
col,sex_t,ocu_isco08_9,mts_aggregate_2,2011,534.797
col,sex_t,ocu_isco08_9,mts_aggregate_2,2012,569.698
col,sex_t,ocu_isco08_9,mts_aggregate_2,2013,587.14
col,sex_t,ocu_isco08_9,mts_aggregate_2,2014,602.541
col,sex_t,ocu_isco08_9,mts_aggregate_2,2015,625.165
col,sex_t,ocu_isco08_9,mts_aggregate_2,2016,617.228
col,sex_t,ocu_isco08_9,mts_aggregate_2,2017,623.693
col,sex_t,ocu_isco08_9,mts_aggregate_2,2018,626.753
col,sex_t,ocu_isco08_9,mts_aggregate_2,2019,654.471
col,sex_t,ocu_isco08_9,mts_aggregate_2,2021,641.5
col,sex_t,ocu_isco08_9,mts_aggregate_2,2022,1404.589
col,sex_t,ocu_isco08_9,mts_aggregate_2,2023,1440.503
col,sex_t,ocu_isco08_9,mts_aggregate_2,2024,1439.217
col,sex_t,ocu_isco08_9,mts_aggregate_2,2025,1550.96
col,sex_t,ocu_isco08_9,mts_aggregate_total,2002,945.422
col,sex_t,ocu_isco08_9,mts_aggregate_total,2003,1045.559
col,sex_t,ocu_isco08_9,mts_aggregate_total,2004,960.757
col,sex_t,ocu_isco08_9,mts_aggregate_total,2005,1060.052
col,sex_t,ocu_isco08_9,mts_aggregate_total,2007,746.311
col,sex_t,ocu_isco08_9,mts_aggregate_total,2008,967.395
col,sex_t,ocu_isco08_9,mts_aggregate_total,2009,1009.671
col,sex_t,ocu_isco08_9,mts_aggregate_total,2010,991.435
col,sex_t,ocu_isco08_9,mts_aggregate_total,2011,1005.411
col,sex_t,ocu_isco08_9,mts_aggregate_total,2012,1066.558
col,sex_t,ocu_isco08_9,mts_aggregate_total,2013,1098.466
col,sex_t,ocu_isco08_9,mts_aggregate_total,2014,1113.92
col,sex_t,ocu_isco08_9,mts_aggregate_total,2015,1156.365
col,sex_t,ocu_isco08_9,mts_aggregate_total,2016,1131.254
col,sex_t,ocu_isco08_9,mts_aggregate_total,2017,1128.184
col,sex_t,ocu_isco08_9,mts_aggregate_total,2018,1146.159
col,sex_t,ocu_isco08_9,mts_aggregate_total,2019,1185.977
col,sex_t,ocu_isco08_9,mts_aggregate_total,2021,1143.922
col,sex_t,ocu_isco08_9,mts_aggregate_total,2022,2667.479
col,sex_t,ocu_isco08_9,mts_aggregate_total,2023,2721.218
col,sex_t,ocu_isco08_9,mts_aggregate_total,2024,2818.922
col,sex_t,ocu_isco08_9,mts_aggregate_total,2025,2979.321
col,sex_t,ocu_isco08_9,mts_details_mrd,2002,201.447
col,sex_t,ocu_isco08_9,mts_details_mrd,2003,232.989
col,sex_t,ocu_isco08_9,mts_details_mrd,2004,192.399
col,sex_t,ocu_isco08_9,mts_details_mrd,2005,206.527
col,sex_t,ocu_isco08_9,mts_details_mrd,2007,82.148
col,sex_t,ocu_isco08_9,mts_details_mrd,2008,192.112
col,sex_t,ocu_isco08_9,mts_details_mrd,2009,190.753
col,sex_t,ocu_isco08_9,mts_details_mrd,2010,180.771
col,sex_t,ocu_isco08_9,mts_details_mrd,2011,172.215
col,sex_t,ocu_isco08_9,mts_details_mrd,2012,183.823
col,sex_t,ocu_isco08_9,mts_details_mrd,2013,185.342
col,sex_t,ocu_isco08_9,mts_details_mrd,2014,188.023
col,sex_t,ocu_isco08_9,mts_details_mrd,2015,193.361
col,sex_t,ocu_isco08_9,mts_details_mrd,2016,182.819
col,sex_t,ocu_isco08_9,mts_details_mrd,2017,180.664
col,sex_t,ocu_isco08_9,mts_details_mrd,2018,178.739
col,sex_t,ocu_isco08_9,mts_details_mrd,2019,181.363
col,sex_t,ocu_isco08_9,mts_details_mrd,2021,159.098
col,sex_t,ocu_isco08_9,mts_details_mrd,2022,330.26
col,sex_t,ocu_isco08_9,mts_details_mrd,2023,339.845
col,sex_t,ocu_isco08_9,mts_details_mrd,2024,336.596
col,sex_t,ocu_isco08_9,mts_details_mrd,2025,332.741
col,sex_t,ocu_isco08_9,mts_details_sep,2002,100.507
col,sex_t,ocu_isco08_9,mts_details_sep,2003,98.168
col,sex_t,ocu_isco08_9,mts_details_sep,2004,105.938
col,sex_t,ocu_isco08_9,mts_details_sep,2005,109.597
col,sex_t,ocu_isco08_9,mts_details_sep,2007,14.463
col,sex_t,ocu_isco08_9,mts_details_sep,2008,110.006
col,sex_t,ocu_isco08_9,mts_details_sep,2009,132.922
col,sex_t,ocu_isco08_9,mts_details_sep,2010,135.992
col,sex_t,ocu_isco08_9,mts_details_sep,2011,147.931
col,sex_t,ocu_isco08_9,mts_details_sep,2012,158.391
col,sex_t,ocu_isco08_9,mts_details_sep,2013,168.352
col,sex_t,ocu_isco08_9,mts_details_sep,2014,181.414
col,sex_t,ocu_isco08_9,mts_details_sep,2015,192.849
col,sex_t,ocu_isco08_9,mts_details_sep,2016,185.282
col,sex_t,ocu_isco08_9,mts_details_sep,2017,186.322
col,sex_t,ocu_isco08_9,mts_details_sep,2018,193.39
col,sex_t,ocu_isco08_9,mts_details_sep,2019,201.613
col,sex_t,ocu_isco08_9,mts_details_sep,2021,172.471
col,sex_t,ocu_isco08_9,mts_details_sep,2022,427.088
col,sex_t,ocu_isco08_9,mts_details_sep,2023,457.499
col,sex_t,ocu_isco08_9,mts_details_sep,2024,513.982
col,sex_t,ocu_isco08_9,mts_details_sep,2025,542.391
col,sex_t,ocu_isco08_9,mts_details_sgle,2002,334.891
col,sex_t,ocu_isco08_9,mts_details_sgle,2003,376.886
col,sex_t,ocu_isco08_9,mts_details_sgle,2004,350.415
col,sex_t,ocu_isco08_9,mts_details_sgle,2005,381.396
col,sex_t,ocu_isco08_9,mts_details_sgle,2007,162.185
col,sex_t,ocu_isco08_9,mts_details_sgle,2008,296.792
col,sex_t,ocu_isco08_9,mts_details_sgle,2009,304.599
col,sex_t,ocu_isco08_9,mts_details_sgle,2010,306.108
col,sex_t,ocu_isco08_9,mts_details_sgle,2011,299.597
col,sex_t,ocu_isco08_9,mts_details_sgle,2012,315.268
col,sex_t,ocu_isco08_9,mts_details_sgle,2013,320.377
col,sex_t,ocu_isco08_9,mts_details_sgle,2014,307.455
col,sex_t,ocu_isco08_9,mts_details_sgle,2015,314.455
col,sex_t,ocu_isco08_9,mts_details_sgle,2016,306.25
col,sex_t,ocu_isco08_9,mts_details_sgle,2017,295.883
col,sex_t,ocu_isco08_9,mts_details_sgle,2018,302.69
col,sex_t,ocu_isco08_9,mts_details_sgle,2019,308.44
col,sex_t,ocu_isco08_9,mts_details_sgle,2021,312.002
col,sex_t,ocu_isco08_9,mts_details_sgle,2022,782.335
col,sex_t,ocu_isco08_9,mts_details_sgle,2023,761.13
col,sex_t,ocu_isco08_9,mts_details_sgle,2024,797.674
col,sex_t,ocu_isco08_9,mts_details_sgle,2025,823.209
col,sex_t,ocu_isco08_9,mts_details_total,2002,945.422
col,sex_t,ocu_isco08_9,mts_details_total,2003,1045.559
col,sex_t,ocu_isco08_9,mts_details_total,2004,960.757
col,sex_t,ocu_isco08_9,mts_details_total,2005,1060.052
col,sex_t,ocu_isco08_9,mts_details_total,2007,746.311
col,sex_t,ocu_isco08_9,mts_details_total,2008,967.395
col,sex_t,ocu_isco08_9,mts_details_total,2009,1009.671
col,sex_t,ocu_isco08_9,mts_details_total,2010,991.435
col,sex_t,ocu_isco08_9,mts_details_total,2011,1005.411
col,sex_t,ocu_isco08_9,mts_details_total,2012,1066.558
col,sex_t,ocu_isco08_9,mts_details_total,2013,1098.466
col,sex_t,ocu_isco08_9,mts_details_total,2014,1113.92
col,sex_t,ocu_isco08_9,mts_details_total,2015,1156.365
col,sex_t,ocu_isco08_9,mts_details_total,2016,1131.254
col,sex_t,ocu_isco08_9,mts_details_total,2017,1128.184
col,sex_t,ocu_isco08_9,mts_details_total,2018,1146.159
col,sex_t,ocu_isco08_9,mts_details_total,2019,1185.977
col,sex_t,ocu_isco08_9,mts_details_total,2021,1143.922
col,sex_t,ocu_isco08_9,mts_details_total,2022,2667.479
col,sex_t,ocu_isco08_9,mts_details_total,2023,2721.218
col,sex_t,ocu_isco08_9,mts_details_total,2024,2818.922
col,sex_t,ocu_isco08_9,mts_details_total,2025,2979.321
col,sex_t,ocu_isco08_9,mts_details_union,2002,282.916
col,sex_t,ocu_isco08_9,mts_details_union,2003,310.956
col,sex_t,ocu_isco08_9,mts_details_union,2004,291.675
col,sex_t,ocu_isco08_9,mts_details_union,2005,339.827
col,sex_t,ocu_isco08_9,mts_details_union,2007,251.074
col,sex_t,ocu_isco08_9,mts_details_union,2008,347.68
col,sex_t,ocu_isco08_9,mts_details_union,2009,358.321
col,sex_t,ocu_isco08_9,mts_details_union,2010,346.746
col,sex_t,ocu_isco08_9,mts_details_union,2011,362.582
col,sex_t,ocu_isco08_9,mts_details_union,2012,385.875
col,sex_t,ocu_isco08_9,mts_details_union,2013,401.798
col,sex_t,ocu_isco08_9,mts_details_union,2014,414.518
col,sex_t,ocu_isco08_9,mts_details_union,2015,431.804
col,sex_t,ocu_isco08_9,mts_details_union,2016,434.409
col,sex_t,ocu_isco08_9,mts_details_union,2017,443.03
col,sex_t,ocu_isco08_9,mts_details_union,2018,448.013
col,sex_t,ocu_isco08_9,mts_details_union,2019,473.108
col,sex_t,ocu_isco08_9,mts_details_union,2021,482.402
col,sex_t,ocu_isco08_9,mts_details_union,2022,1074.329
col,sex_t,ocu_isco08_9,mts_details_union,2023,1100.658
col,sex_t,ocu_isco08_9,mts_details_union,2024,1102.621
col,sex_t,ocu_isco08_9,mts_details_union,2025,1218.219
col,sex_t,ocu_isco08_9,mts_details_wid,2002,25.66
col,sex_t,ocu_isco08_9,mts_details_wid,2003,26.561
col,sex_t,ocu_isco08_9,mts_details_wid,2004,20.33
col,sex_t,ocu_isco08_9,mts_details_wid,2005,22.705
col,sex_t,ocu_isco08_9,mts_details_wid,2007,236.441
col,sex_t,ocu_isco08_9,mts_details_wid,2008,20.805
col,sex_t,ocu_isco08_9,mts_details_wid,2009,23.075
col,sex_t,ocu_isco08_9,mts_details_wid,2010,21.818
col,sex_t,ocu_isco08_9,mts_details_wid,2011,23.086
col,sex_t,ocu_isco08_9,mts_details_wid,2012,23.201
col,sex_t,ocu_isco08_9,mts_details_wid,2013,22.597
col,sex_t,ocu_isco08_9,mts_details_wid,2014,22.51
col,sex_t,ocu_isco08_9,mts_details_wid,2015,23.896
col,sex_t,ocu_isco08_9,mts_details_wid,2016,22.493
col,sex_t,ocu_isco08_9,mts_details_wid,2017,22.286
col,sex_t,ocu_isco08_9,mts_details_wid,2018,23.326
col,sex_t,ocu_isco08_9,mts_details_wid,2019,21.454
col,sex_t,ocu_isco08_9,mts_details_wid,2021,17.95
col,sex_t,ocu_isco08_9,mts_details_wid,2022,53.467
col,sex_t,ocu_isco08_9,mts_details_wid,2023,62.086
col,sex_t,ocu_isco08_9,mts_details_wid,2024,68.049
col,sex_t,ocu_isco08_9,mts_details_wid,2025,62.76
col,sex_t,ocu_isco08_total,mts_aggregate_1,2002,3617.171
col,sex_t,ocu_isco08_total,mts_aggregate_1,2003,3764.661
col,sex_t,ocu_isco08_total,mts_aggregate_1,2004,3709.745
col,sex_t,ocu_isco08_total,mts_aggregate_1,2005,3956.365
col,sex_t,ocu_isco08_total,mts_aggregate_1,2007,5568.062
col,sex_t,ocu_isco08_total,mts_aggregate_1,2008,3843.506
col,sex_t,ocu_isco08_total,mts_aggregate_1,2009,3889.088
col,sex_t,ocu_isco08_total,mts_aggregate_1,2010,3898.177
col,sex_t,ocu_isco08_total,mts_aggregate_1,2011,4054.408
col,sex_t,ocu_isco08_total,mts_aggregate_1,2012,4208.629
col,sex_t,ocu_isco08_total,mts_aggregate_1,2013,4321.418
col,sex_t,ocu_isco08_total,mts_aggregate_1,2014,4527.503
col,sex_t,ocu_isco08_total,mts_aggregate_1,2015,4655.493
col,sex_t,ocu_isco08_total,mts_aggregate_1,2016,4608.837
col,sex_t,ocu_isco08_total,mts_aggregate_1,2017,4599.899
col,sex_t,ocu_isco08_total,mts_aggregate_1,2018,4553.739
col,sex_t,ocu_isco08_total,mts_aggregate_1,2019,4745.982
col,sex_t,ocu_isco08_total,mts_aggregate_1,2021,4467.533
col,sex_t,ocu_isco08_total,mts_aggregate_1,2022,5243.102
col,sex_t,ocu_isco08_total,mts_aggregate_1,2023,5554.457
col,sex_t,ocu_isco08_total,mts_aggregate_1,2024,5806.779
col,sex_t,ocu_isco08_total,mts_aggregate_1,2025,6050.915
col,sex_t,ocu_isco08_total,mts_aggregate_2,2002,4211.251
col,sex_t,ocu_isco08_total,mts_aggregate_2,2003,4399.589
col,sex_t,ocu_isco08_total,mts_aggregate_2,2004,4380.988
col,sex_t,ocu_isco08_total,mts_aggregate_2,2005,4588.697
col,sex_t,ocu_isco08_total,mts_aggregate_2,2007,3604.436
col,sex_t,ocu_isco08_total,mts_aggregate_2,2008,4717.487
col,sex_t,ocu_isco08_total,mts_aggregate_2,2009,4759.387
col,sex_t,ocu_isco08_total,mts_aggregate_2,2010,4683.027
col,sex_t,ocu_isco08_total,mts_aggregate_2,2011,4772.543
col,sex_t,ocu_isco08_total,mts_aggregate_2,2012,4978.483
col,sex_t,ocu_isco08_total,mts_aggregate_2,2013,5161.81
col,sex_t,ocu_isco08_total,mts_aggregate_2,2014,5353.136
col,sex_t,ocu_isco08_total,mts_aggregate_2,2015,5472.599
col,sex_t,ocu_isco08_total,mts_aggregate_2,2016,5564.635
col,sex_t,ocu_isco08_total,mts_aggregate_2,2017,5619.416
col,sex_t,ocu_isco08_total,mts_aggregate_2,2018,5669.932
col,sex_t,ocu_isco08_total,mts_aggregate_2,2019,5911.403
col,sex_t,ocu_isco08_total,mts_aggregate_2,2021,5638.7
col,sex_t,ocu_isco08_total,mts_aggregate_2,2022,6404.384
col,sex_t,ocu_isco08_total,mts_aggregate_2,2023,6610.21
col,sex_t,ocu_isco08_total,mts_aggregate_2,2024,6684.791
col,sex_t,ocu_isco08_total,mts_aggregate_2,2025,6912.563
col,sex_t,ocu_isco08_total,mts_aggregate_total,2002,7828.421
col,sex_t,ocu_isco08_total,mts_aggregate_total,2003,8164.25
col,sex_t,ocu_isco08_total,mts_aggregate_total,2004,8090.734
col,sex_t,ocu_isco08_total,mts_aggregate_total,2005,8545.063
col,sex_t,ocu_isco08_total,mts_aggregate_total,2007,9172.498
col,sex_t,ocu_isco08_total,mts_aggregate_total,2008,8560.993
col,sex_t,ocu_isco08_total,mts_aggregate_total,2009,8648.475
col,sex_t,ocu_isco08_total,mts_aggregate_total,2010,8581.203
col,sex_t,ocu_isco08_total,mts_aggregate_total,2011,8826.951
col,sex_t,ocu_isco08_total,mts_aggregate_total,2012,9187.113
col,sex_t,ocu_isco08_total,mts_aggregate_total,2013,9483.227
col,sex_t,ocu_isco08_total,mts_aggregate_total,2014,9880.64
col,sex_t,ocu_isco08_total,mts_aggregate_total,2015,10128.092
col,sex_t,ocu_isco08_total,mts_aggregate_total,2016,10173.472
col,sex_t,ocu_isco08_total,mts_aggregate_total,2017,10219.315
col,sex_t,ocu_isco08_total,mts_aggregate_total,2018,10223.671
col,sex_t,ocu_isco08_total,mts_aggregate_total,2019,10657.386
col,sex_t,ocu_isco08_total,mts_aggregate_total,2021,10106.233
col,sex_t,ocu_isco08_total,mts_aggregate_total,2022,11647.486
col,sex_t,ocu_isco08_total,mts_aggregate_total,2023,12164.667
col,sex_t,ocu_isco08_total,mts_aggregate_total,2024,12491.57
col,sex_t,ocu_isco08_total,mts_aggregate_total,2025,12963.479
col,sex_t,ocu_isco08_total,mts_details_mrd,2002,2220.988
col,sex_t,ocu_isco08_total,mts_details_mrd,2003,2290.16
col,sex_t,ocu_isco08_total,mts_details_mrd,2004,2265.039
col,sex_t,ocu_isco08_total,mts_details_mrd,2005,2239.161
col,sex_t,ocu_isco08_total,mts_details_mrd,2007,906.17
col,sex_t,ocu_isco08_total,mts_details_mrd,2008,2176.343
col,sex_t,ocu_isco08_total,mts_details_mrd,2009,2132.336
col,sex_t,ocu_isco08_total,mts_details_mrd,2010,2054.277
col,sex_t,ocu_isco08_total,mts_details_mrd,2011,2036.821
col,sex_t,ocu_isco08_total,mts_details_mrd,2012,2042.411
col,sex_t,ocu_isco08_total,mts_details_mrd,2013,2098.75
col,sex_t,ocu_isco08_total,mts_details_mrd,2014,2142.461
col,sex_t,ocu_isco08_total,mts_details_mrd,2015,2144.309
col,sex_t,ocu_isco08_total,mts_details_mrd,2016,2138.695
col,sex_t,ocu_isco08_total,mts_details_mrd,2017,2119.68
col,sex_t,ocu_isco08_total,mts_details_mrd,2018,2082.769
col,sex_t,ocu_isco08_total,mts_details_mrd,2019,2130.326
col,sex_t,ocu_isco08_total,mts_details_mrd,2021,1912.508
col,sex_t,ocu_isco08_total,mts_details_mrd,2022,2327.075
col,sex_t,ocu_isco08_total,mts_details_mrd,2023,2378.378
col,sex_t,ocu_isco08_total,mts_details_mrd,2024,2378.629
col,sex_t,ocu_isco08_total,mts_details_mrd,2025,2304.593
col,sex_t,ocu_isco08_total,mts_details_sep,2002,739.748
col,sex_t,ocu_isco08_total,mts_details_sep,2003,739.812
col,sex_t,ocu_isco08_total,mts_details_sep,2004,749.618
col,sex_t,ocu_isco08_total,mts_details_sep,2005,806.642
col,sex_t,ocu_isco08_total,mts_details_sep,2007,154.635
col,sex_t,ocu_isco08_total,mts_details_sep,2008,924.119
col,sex_t,ocu_isco08_total,mts_details_sep,2009,972.753
col,sex_t,ocu_isco08_total,mts_details_sep,2010,1018.285
col,sex_t,ocu_isco08_total,mts_details_sep,2011,1078.387
col,sex_t,ocu_isco08_total,mts_details_sep,2012,1156.143
col,sex_t,ocu_isco08_total,mts_details_sep,2013,1274.617
col,sex_t,ocu_isco08_total,mts_details_sep,2014,1372.884
col,sex_t,ocu_isco08_total,mts_details_sep,2015,1421.501
col,sex_t,ocu_isco08_total,mts_details_sep,2016,1437.506
col,sex_t,ocu_isco08_total,mts_details_sep,2017,1442.301
col,sex_t,ocu_isco08_total,mts_details_sep,2018,1458.507
col,sex_t,ocu_isco08_total,mts_details_sep,2019,1535.916
col,sex_t,ocu_isco08_total,mts_details_sep,2021,1317.91
col,sex_t,ocu_isco08_total,mts_details_sep,2022,1381.516
col,sex_t,ocu_isco08_total,mts_details_sep,2023,1584.281
col,sex_t,ocu_isco08_total,mts_details_sep,2024,1714.772
col,sex_t,ocu_isco08_total,mts_details_sep,2025,1816.487
col,sex_t,ocu_isco08_total,mts_details_sgle,2002,2725.712
col,sex_t,ocu_isco08_total,mts_details_sgle,2003,2870.544
col,sex_t,ocu_isco08_total,mts_details_sgle,2004,2824.717
col,sex_t,ocu_isco08_total,mts_details_sgle,2005,2996.317
col,sex_t,ocu_isco08_total,mts_details_sgle,2007,2403.557
col,sex_t,ocu_isco08_total,mts_details_sgle,2008,2778.654
col,sex_t,ocu_isco08_total,mts_details_sgle,2009,2771.189
col,sex_t,ocu_isco08_total,mts_details_sgle,2010,2750.89
col,sex_t,ocu_isco08_total,mts_details_sgle,2011,2837.737
col,sex_t,ocu_isco08_total,mts_details_sgle,2012,2906.217
col,sex_t,ocu_isco08_total,mts_details_sgle,2013,2907.017
col,sex_t,ocu_isco08_total,mts_details_sgle,2014,3008.162
col,sex_t,ocu_isco08_total,mts_details_sgle,2015,3088.144
col,sex_t,ocu_isco08_total,mts_details_sgle,2016,3022.372
col,sex_t,ocu_isco08_total,mts_details_sgle,2017,3015.726
col,sex_t,ocu_isco08_total,mts_details_sgle,2018,2962.336
col,sex_t,ocu_isco08_total,mts_details_sgle,2019,3062.349
col,sex_t,ocu_isco08_total,mts_details_sgle,2021,3022.527
col,sex_t,ocu_isco08_total,mts_details_sgle,2022,3712.756
col,sex_t,ocu_isco08_total,mts_details_sgle,2023,3806.649
col,sex_t,ocu_isco08_total,mts_details_sgle,2024,3921.155
col,sex_t,ocu_isco08_total,mts_details_sgle,2025,4074.427
col,sex_t,ocu_isco08_total,mts_details_total,2002,7828.421
col,sex_t,ocu_isco08_total,mts_details_total,2003,8164.25
col,sex_t,ocu_isco08_total,mts_details_total,2004,8090.734
col,sex_t,ocu_isco08_total,mts_details_total,2005,8545.063
col,sex_t,ocu_isco08_total,mts_details_total,2007,9172.498
col,sex_t,ocu_isco08_total,mts_details_total,2008,8560.993
col,sex_t,ocu_isco08_total,mts_details_total,2009,8648.475
col,sex_t,ocu_isco08_total,mts_details_total,2010,8581.203
col,sex_t,ocu_isco08_total,mts_details_total,2011,8826.951
col,sex_t,ocu_isco08_total,mts_details_total,2012,9187.113
col,sex_t,ocu_isco08_total,mts_details_total,2013,9483.227
col,sex_t,ocu_isco08_total,mts_details_total,2014,9880.64
col,sex_t,ocu_isco08_total,mts_details_total,2015,10128.092
col,sex_t,ocu_isco08_total,mts_details_total,2016,10173.472
col,sex_t,ocu_isco08_total,mts_details_total,2017,10219.315
col,sex_t,ocu_isco08_total,mts_details_total,2018,10223.671
col,sex_t,ocu_isco08_total,mts_details_total,2019,10657.386
col,sex_t,ocu_isco08_total,mts_details_total,2021,10106.233
col,sex_t,ocu_isco08_total,mts_details_total,2022,11647.486
col,sex_t,ocu_isco08_total,mts_details_total,2023,12164.667
col,sex_t,ocu_isco08_total,mts_details_total,2024,12491.57
col,sex_t,ocu_isco08_total,mts_details_total,2025,12963.479
col,sex_t,ocu_isco08_total,mts_details_union,2002,1990.263
col,sex_t,ocu_isco08_total,mts_details_union,2003,2109.429
col,sex_t,ocu_isco08_total,mts_details_union,2004,2115.949
col,sex_t,ocu_isco08_total,mts_details_union,2005,2349.537
col,sex_t,ocu_isco08_total,mts_details_union,2007,2698.267
col,sex_t,ocu_isco08_total,mts_details_union,2008,2541.145
col,sex_t,ocu_isco08_total,mts_details_union,2009,2627.051
col,sex_t,ocu_isco08_total,mts_details_union,2010,2628.75
col,sex_t,ocu_isco08_total,mts_details_union,2011,2735.721
col,sex_t,ocu_isco08_total,mts_details_union,2012,2936.072
col,sex_t,ocu_isco08_total,mts_details_union,2013,3063.059
col,sex_t,ocu_isco08_total,mts_details_union,2014,3210.675
col,sex_t,ocu_isco08_total,mts_details_union,2015,3328.289
col,sex_t,ocu_isco08_total,mts_details_union,2016,3425.94
col,sex_t,ocu_isco08_total,mts_details_union,2017,3499.736
col,sex_t,ocu_isco08_total,mts_details_union,2018,3587.164
col,sex_t,ocu_isco08_total,mts_details_union,2019,3781.077
col,sex_t,ocu_isco08_total,mts_details_union,2021,3726.192
col,sex_t,ocu_isco08_total,mts_details_union,2022,4077.309
col,sex_t,ocu_isco08_total,mts_details_union,2023,4231.832
col,sex_t,ocu_isco08_total,mts_details_union,2024,4306.162
col,sex_t,ocu_isco08_total,mts_details_union,2025,4607.97
col,sex_t,ocu_isco08_total,mts_details_wid,2002,151.711
col,sex_t,ocu_isco08_total,mts_details_wid,2003,154.305
col,sex_t,ocu_isco08_total,mts_details_wid,2004,135.41
col,sex_t,ocu_isco08_total,mts_details_wid,2005,153.406
col,sex_t,ocu_isco08_total,mts_details_wid,2007,3009.871
col,sex_t,ocu_isco08_total,mts_details_wid,2008,140.733
col,sex_t,ocu_isco08_total,mts_details_wid,2009,145.146
col,sex_t,ocu_isco08_total,mts_details_wid,2010,129.001
col,sex_t,ocu_isco08_total,mts_details_wid,2011,138.284
col,sex_t,ocu_isco08_total,mts_details_wid,2012,146.269
col,sex_t,ocu_isco08_total,mts_details_wid,2013,139.783
col,sex_t,ocu_isco08_total,mts_details_wid,2014,146.457
col,sex_t,ocu_isco08_total,mts_details_wid,2015,145.848
col,sex_t,ocu_isco08_total,mts_details_wid,2016,148.959
col,sex_t,ocu_isco08_total,mts_details_wid,2017,141.872
col,sex_t,ocu_isco08_total,mts_details_wid,2018,132.895
col,sex_t,ocu_isco08_total,mts_details_wid,2019,147.718
col,sex_t,ocu_isco08_total,mts_details_wid,2021,127.096
col,sex_t,ocu_isco08_total,mts_details_wid,2022,148.83
col,sex_t,ocu_isco08_total,mts_details_wid,2023,163.526
col,sex_t,ocu_isco08_total,mts_details_wid,2024,170.852
col,sex_t,ocu_isco08_total,mts_details_wid,2025,160.001
col,sex_t,ocu_isco08_x,mts_aggregate_1,2002,4.411
col,sex_t,ocu_isco08_x,mts_aggregate_1,2003,0.99
col,sex_t,ocu_isco08_x,mts_aggregate_1,2004,1.813
col,sex_t,ocu_isco08_x,mts_aggregate_1,2005,0.75
col,sex_t,ocu_isco08_x,mts_aggregate_1,2007,487.812
col,sex_t,ocu_isco08_x,mts_aggregate_1,2008,3.836
col,sex_t,ocu_isco08_x,mts_aggregate_1,2009,1.443
col,sex_t,ocu_isco08_x,mts_aggregate_1,2010,1.003
col,sex_t,ocu_isco08_x,mts_aggregate_1,2015,0.198
col,sex_t,ocu_isco08_x,mts_aggregate_1,2022,3.098
col,sex_t,ocu_isco08_x,mts_aggregate_1,2023,0.836
col,sex_t,ocu_isco08_x,mts_aggregate_1,2024,0.091
col,sex_t,ocu_isco08_x,mts_aggregate_2,2002,4.008
col,sex_t,ocu_isco08_x,mts_aggregate_2,2003,1.414
col,sex_t,ocu_isco08_x,mts_aggregate_2,2004,4.402
col,sex_t,ocu_isco08_x,mts_aggregate_2,2005,2.348
col,sex_t,ocu_isco08_x,mts_aggregate_2,2007,269.879
col,sex_t,ocu_isco08_x,mts_aggregate_2,2008,10.637
col,sex_t,ocu_isco08_x,mts_aggregate_2,2009,3.19
col,sex_t,ocu_isco08_x,mts_aggregate_2,2010,0.743
col,sex_t,ocu_isco08_x,mts_aggregate_2,2011,0.435
col,sex_t,ocu_isco08_x,mts_aggregate_2,2012,0.616
col,sex_t,ocu_isco08_x,mts_aggregate_2,2013,0.434
col,sex_t,ocu_isco08_x,mts_aggregate_2,2014,0.615
col,sex_t,ocu_isco08_x,mts_aggregate_2,2017,0.659
col,sex_t,ocu_isco08_x,mts_aggregate_2,2022,3.493
col,sex_t,ocu_isco08_x,mts_aggregate_2,2024,0.192
col,sex_t,ocu_isco08_x,mts_aggregate_total,2002,8.418
col,sex_t,ocu_isco08_x,mts_aggregate_total,2003,2.404
col,sex_t,ocu_isco08_x,mts_aggregate_total,2004,6.215
col,sex_t,ocu_isco08_x,mts_aggregate_total,2005,3.098
col,sex_t,ocu_isco08_x,mts_aggregate_total,2007,757.691
col,sex_t,ocu_isco08_x,mts_aggregate_total,2008,14.473
col,sex_t,ocu_isco08_x,mts_aggregate_total,2009,4.633
col,sex_t,ocu_isco08_x,mts_aggregate_total,2010,1.746
col,sex_t,ocu_isco08_x,mts_aggregate_total,2011,0.728
col,sex_t,ocu_isco08_x,mts_aggregate_total,2012,0.621
col,sex_t,ocu_isco08_x,mts_aggregate_total,2013,0.558
col,sex_t,ocu_isco08_x,mts_aggregate_total,2014,0.877
col,sex_t,ocu_isco08_x,mts_aggregate_total,2015,0.255
col,sex_t,ocu_isco08_x,mts_aggregate_total,2016,0.639
col,sex_t,ocu_isco08_x,mts_aggregate_total,2017,0.879
col,sex_t,ocu_isco08_x,mts_aggregate_total,2022,6.59
col,sex_t,ocu_isco08_x,mts_aggregate_total,2023,1.519
col,sex_t,ocu_isco08_x,mts_aggregate_total,2024,0.284
col,sex_t,ocu_isco08_x,mts_details_mrd,2002,1.381
col,sex_t,ocu_isco08_x,mts_details_mrd,2003,1.032
col,sex_t,ocu_isco08_x,mts_details_mrd,2004,2.086
col,sex_t,ocu_isco08_x,mts_details_mrd,2005,1.713
col,sex_t,ocu_isco08_x,mts_details_mrd,2007,66.129
col,sex_t,ocu_isco08_x,mts_details_mrd,2008,4.651
col,sex_t,ocu_isco08_x,mts_details_mrd,2009,1.401
col,sex_t,ocu_isco08_x,mts_details_mrd,2011,0.425
col,sex_t,ocu_isco08_x,mts_details_mrd,2013,0.258
col,sex_t,ocu_isco08_x,mts_details_mrd,2022,2.218
col,sex_t,ocu_isco08_x,mts_details_sep,2002,0.687
col,sex_t,ocu_isco08_x,mts_details_sep,2007,12.107
col,sex_t,ocu_isco08_x,mts_details_sep,2008,0.838
col,sex_t,ocu_isco08_x,mts_details_sep,2022,0.549
col,sex_t,ocu_isco08_x,mts_details_sgle,2002,3.638
col,sex_t,ocu_isco08_x,mts_details_sgle,2003,0.579
col,sex_t,ocu_isco08_x,mts_details_sgle,2004,1.581
col,sex_t,ocu_isco08_x,mts_details_sgle,2005,0.579
col,sex_t,ocu_isco08_x,mts_details_sgle,2007,217.758
col,sex_t,ocu_isco08_x,mts_details_sgle,2008,2.893
col,sex_t,ocu_isco08_x,mts_details_sgle,2009,1.198
col,sex_t,ocu_isco08_x,mts_details_sgle,2010,0.826
col,sex_t,ocu_isco08_x,mts_details_sgle,2022,1.919
col,sex_t,ocu_isco08_x,mts_details_sgle,2023,0.836
col,sex_t,ocu_isco08_x,mts_details_total,2002,8.418
col,sex_t,ocu_isco08_x,mts_details_total,2003,2.404
col,sex_t,ocu_isco08_x,mts_details_total,2004,6.215
col,sex_t,ocu_isco08_x,mts_details_total,2005,3.098
col,sex_t,ocu_isco08_x,mts_details_total,2007,757.691
col,sex_t,ocu_isco08_x,mts_details_total,2008,14.473
col,sex_t,ocu_isco08_x,mts_details_total,2009,4.633
col,sex_t,ocu_isco08_x,mts_details_total,2010,1.746
col,sex_t,ocu_isco08_x,mts_details_total,2011,0.728
col,sex_t,ocu_isco08_x,mts_details_total,2012,0.621
col,sex_t,ocu_isco08_x,mts_details_total,2013,0.558
col,sex_t,ocu_isco08_x,mts_details_total,2014,0.877
col,sex_t,ocu_isco08_x,mts_details_total,2015,0.255
col,sex_t,ocu_isco08_x,mts_details_total,2016,0.639
col,sex_t,ocu_isco08_x,mts_details_total,2017,0.879
col,sex_t,ocu_isco08_x,mts_details_total,2022,6.59
col,sex_t,ocu_isco08_x,mts_details_total,2023,1.519
col,sex_t,ocu_isco08_x,mts_details_total,2024,0.284
col,sex_t,ocu_isco08_x,mts_details_union,2002,2.627
col,sex_t,ocu_isco08_x,mts_details_union,2003,0.382
col,sex_t,ocu_isco08_x,mts_details_union,2004,2.316
col,sex_t,ocu_isco08_x,mts_details_union,2005,0.635
col,sex_t,ocu_isco08_x,mts_details_union,2007,203.75
col,sex_t,ocu_isco08_x,mts_details_union,2008,5.986
col,sex_t,ocu_isco08_x,mts_details_union,2009,1.789
col,sex_t,ocu_isco08_x,mts_details_union,2010,0.717
col,sex_t,ocu_isco08_x,mts_details_union,2012,0.168
col,sex_t,ocu_isco08_x,mts_details_union,2014,0.58
col,sex_t,ocu_isco08_x,mts_details_union,2017,0.595
col,sex_t,ocu_isco08_x,mts_details_union,2022,1.275
col,sex_t,ocu_isco08_x,mts_details_wid,2007,257.948
col,sex_t,ocu_isco08_x,mts_details_wid,2008,0.104
col,sex_t,ocu_skill_l1,mts_aggregate_1,2002,461.058
col,sex_t,ocu_skill_l1,mts_aggregate_1,2003,501.614
col,sex_t,ocu_skill_l1,mts_aggregate_1,2004,476.684
col,sex_t,ocu_skill_l1,mts_aggregate_1,2005,513.698
col,sex_t,ocu_skill_l1,mts_aggregate_1,2007,413.089
col,sex_t,ocu_skill_l1,mts_aggregate_1,2008,427.603
col,sex_t,ocu_skill_l1,mts_aggregate_1,2009,460.597
col,sex_t,ocu_skill_l1,mts_aggregate_1,2010,463.919
col,sex_t,ocu_skill_l1,mts_aggregate_1,2011,470.614
col,sex_t,ocu_skill_l1,mts_aggregate_1,2012,496.86
col,sex_t,ocu_skill_l1,mts_aggregate_1,2013,511.326
col,sex_t,ocu_skill_l1,mts_aggregate_1,2014,511.379
col,sex_t,ocu_skill_l1,mts_aggregate_1,2015,531.201
col,sex_t,ocu_skill_l1,mts_aggregate_1,2016,514.026
col,sex_t,ocu_skill_l1,mts_aggregate_1,2017,504.49
col,sex_t,ocu_skill_l1,mts_aggregate_1,2018,519.406
col,sex_t,ocu_skill_l1,mts_aggregate_1,2019,531.507
col,sex_t,ocu_skill_l1,mts_aggregate_1,2021,502.422
col,sex_t,ocu_skill_l1,mts_aggregate_1,2022,1262.889
col,sex_t,ocu_skill_l1,mts_aggregate_1,2023,1280.716
col,sex_t,ocu_skill_l1,mts_aggregate_1,2024,1379.705
col,sex_t,ocu_skill_l1,mts_aggregate_1,2025,1428.361
col,sex_t,ocu_skill_l1,mts_aggregate_2,2002,484.364
col,sex_t,ocu_skill_l1,mts_aggregate_2,2003,543.945
col,sex_t,ocu_skill_l1,mts_aggregate_2,2004,484.073
col,sex_t,ocu_skill_l1,mts_aggregate_2,2005,546.353
col,sex_t,ocu_skill_l1,mts_aggregate_2,2007,333.223
col,sex_t,ocu_skill_l1,mts_aggregate_2,2008,539.792
col,sex_t,ocu_skill_l1,mts_aggregate_2,2009,549.074
col,sex_t,ocu_skill_l1,mts_aggregate_2,2010,527.516
col,sex_t,ocu_skill_l1,mts_aggregate_2,2011,534.797
col,sex_t,ocu_skill_l1,mts_aggregate_2,2012,569.698
col,sex_t,ocu_skill_l1,mts_aggregate_2,2013,587.14
col,sex_t,ocu_skill_l1,mts_aggregate_2,2014,602.541
col,sex_t,ocu_skill_l1,mts_aggregate_2,2015,625.165
col,sex_t,ocu_skill_l1,mts_aggregate_2,2016,617.228
col,sex_t,ocu_skill_l1,mts_aggregate_2,2017,623.693
col,sex_t,ocu_skill_l1,mts_aggregate_2,2018,626.753
col,sex_t,ocu_skill_l1,mts_aggregate_2,2019,654.471
col,sex_t,ocu_skill_l1,mts_aggregate_2,2021,641.5
col,sex_t,ocu_skill_l1,mts_aggregate_2,2022,1404.589
col,sex_t,ocu_skill_l1,mts_aggregate_2,2023,1440.503
col,sex_t,ocu_skill_l1,mts_aggregate_2,2024,1439.217
col,sex_t,ocu_skill_l1,mts_aggregate_2,2025,1550.96
col,sex_t,ocu_skill_l1,mts_aggregate_total,2002,945.422
col,sex_t,ocu_skill_l1,mts_aggregate_total,2003,1045.559
col,sex_t,ocu_skill_l1,mts_aggregate_total,2004,960.757
col,sex_t,ocu_skill_l1,mts_aggregate_total,2005,1060.052
col,sex_t,ocu_skill_l1,mts_aggregate_total,2007,746.311
col,sex_t,ocu_skill_l1,mts_aggregate_total,2008,967.395
col,sex_t,ocu_skill_l1,mts_aggregate_total,2009,1009.671
col,sex_t,ocu_skill_l1,mts_aggregate_total,2010,991.435
col,sex_t,ocu_skill_l1,mts_aggregate_total,2011,1005.411
col,sex_t,ocu_skill_l1,mts_aggregate_total,2012,1066.558
col,sex_t,ocu_skill_l1,mts_aggregate_total,2013,1098.466
col,sex_t,ocu_skill_l1,mts_aggregate_total,2014,1113.92
col,sex_t,ocu_skill_l1,mts_aggregate_total,2015,1156.365
col,sex_t,ocu_skill_l1,mts_aggregate_total,2016,1131.254
col,sex_t,ocu_skill_l1,mts_aggregate_total,2017,1128.184
col,sex_t,ocu_skill_l1,mts_aggregate_total,2018,1146.159
col,sex_t,ocu_skill_l1,mts_aggregate_total,2019,1185.977
col,sex_t,ocu_skill_l1,mts_aggregate_total,2021,1143.922
col,sex_t,ocu_skill_l1,mts_aggregate_total,2022,2667.479
col,sex_t,ocu_skill_l1,mts_aggregate_total,2023,2721.218
col,sex_t,ocu_skill_l1,mts_aggregate_total,2024,2818.922
col,sex_t,ocu_skill_l1,mts_aggregate_total,2025,2979.321
col,sex_t,ocu_skill_l1,mts_details_mrd,2002,201.447
col,sex_t,ocu_skill_l1,mts_details_mrd,2003,232.989
col,sex_t,ocu_skill_l1,mts_details_mrd,2004,192.399
col,sex_t,ocu_skill_l1,mts_details_mrd,2005,206.527
col,sex_t,ocu_skill_l1,mts_details_mrd,2007,82.148
col,sex_t,ocu_skill_l1,mts_details_mrd,2008,192.112
col,sex_t,ocu_skill_l1,mts_details_mrd,2009,190.753
col,sex_t,ocu_skill_l1,mts_details_mrd,2010,180.771
col,sex_t,ocu_skill_l1,mts_details_mrd,2011,172.215
col,sex_t,ocu_skill_l1,mts_details_mrd,2012,183.823
col,sex_t,ocu_skill_l1,mts_details_mrd,2013,185.342
col,sex_t,ocu_skill_l1,mts_details_mrd,2014,188.023
col,sex_t,ocu_skill_l1,mts_details_mrd,2015,193.361
col,sex_t,ocu_skill_l1,mts_details_mrd,2016,182.819
col,sex_t,ocu_skill_l1,mts_details_mrd,2017,180.664
col,sex_t,ocu_skill_l1,mts_details_mrd,2018,178.739
col,sex_t,ocu_skill_l1,mts_details_mrd,2019,181.363
col,sex_t,ocu_skill_l1,mts_details_mrd,2021,159.098
col,sex_t,ocu_skill_l1,mts_details_mrd,2022,330.26
col,sex_t,ocu_skill_l1,mts_details_mrd,2023,339.845
col,sex_t,ocu_skill_l1,mts_details_mrd,2024,336.596
col,sex_t,ocu_skill_l1,mts_details_mrd,2025,332.741
col,sex_t,ocu_skill_l1,mts_details_sep,2002,100.507
col,sex_t,ocu_skill_l1,mts_details_sep,2003,98.168
col,sex_t,ocu_skill_l1,mts_details_sep,2004,105.938
col,sex_t,ocu_skill_l1,mts_details_sep,2005,109.597
col,sex_t,ocu_skill_l1,mts_details_sep,2007,14.463
col,sex_t,ocu_skill_l1,mts_details_sep,2008,110.006
col,sex_t,ocu_skill_l1,mts_details_sep,2009,132.922
col,sex_t,ocu_skill_l1,mts_details_sep,2010,135.992
col,sex_t,ocu_skill_l1,mts_details_sep,2011,147.931
col,sex_t,ocu_skill_l1,mts_details_sep,2012,158.391
col,sex_t,ocu_skill_l1,mts_details_sep,2013,168.352
col,sex_t,ocu_skill_l1,mts_details_sep,2014,181.414
col,sex_t,ocu_skill_l1,mts_details_sep,2015,192.849
col,sex_t,ocu_skill_l1,mts_details_sep,2016,185.282
col,sex_t,ocu_skill_l1,mts_details_sep,2017,186.322
col,sex_t,ocu_skill_l1,mts_details_sep,2018,193.39
col,sex_t,ocu_skill_l1,mts_details_sep,2019,201.613
col,sex_t,ocu_skill_l1,mts_details_sep,2021,172.471
col,sex_t,ocu_skill_l1,mts_details_sep,2022,427.088
col,sex_t,ocu_skill_l1,mts_details_sep,2023,457.499
col,sex_t,ocu_skill_l1,mts_details_sep,2024,513.982
col,sex_t,ocu_skill_l1,mts_details_sep,2025,542.391
col,sex_t,ocu_skill_l1,mts_details_sgle,2002,334.891
col,sex_t,ocu_skill_l1,mts_details_sgle,2003,376.886
col,sex_t,ocu_skill_l1,mts_details_sgle,2004,350.415
col,sex_t,ocu_skill_l1,mts_details_sgle,2005,381.396
col,sex_t,ocu_skill_l1,mts_details_sgle,2007,162.185
col,sex_t,ocu_skill_l1,mts_details_sgle,2008,296.792
col,sex_t,ocu_skill_l1,mts_details_sgle,2009,304.599
col,sex_t,ocu_skill_l1,mts_details_sgle,2010,306.108
col,sex_t,ocu_skill_l1,mts_details_sgle,2011,299.597
col,sex_t,ocu_skill_l1,mts_details_sgle,2012,315.268
col,sex_t,ocu_skill_l1,mts_details_sgle,2013,320.377
col,sex_t,ocu_skill_l1,mts_details_sgle,2014,307.455
col,sex_t,ocu_skill_l1,mts_details_sgle,2015,314.455
col,sex_t,ocu_skill_l1,mts_details_sgle,2016,306.25
col,sex_t,ocu_skill_l1,mts_details_sgle,2017,295.883
col,sex_t,ocu_skill_l1,mts_details_sgle,2018,302.69
col,sex_t,ocu_skill_l1,mts_details_sgle,2019,308.44
col,sex_t,ocu_skill_l1,mts_details_sgle,2021,312.002
col,sex_t,ocu_skill_l1,mts_details_sgle,2022,782.335
col,sex_t,ocu_skill_l1,mts_details_sgle,2023,761.13
col,sex_t,ocu_skill_l1,mts_details_sgle,2024,797.674
col,sex_t,ocu_skill_l1,mts_details_sgle,2025,823.209
col,sex_t,ocu_skill_l1,mts_details_total,2002,945.422
col,sex_t,ocu_skill_l1,mts_details_total,2003,1045.559
col,sex_t,ocu_skill_l1,mts_details_total,2004,960.757
col,sex_t,ocu_skill_l1,mts_details_total,2005,1060.052
col,sex_t,ocu_skill_l1,mts_details_total,2007,746.311
col,sex_t,ocu_skill_l1,mts_details_total,2008,967.395
col,sex_t,ocu_skill_l1,mts_details_total,2009,1009.671
col,sex_t,ocu_skill_l1,mts_details_total,2010,991.435
col,sex_t,ocu_skill_l1,mts_details_total,2011,1005.411
col,sex_t,ocu_skill_l1,mts_details_total,2012,1066.558
col,sex_t,ocu_skill_l1,mts_details_total,2013,1098.466
col,sex_t,ocu_skill_l1,mts_details_total,2014,1113.92
col,sex_t,ocu_skill_l1,mts_details_total,2015,1156.365
col,sex_t,ocu_skill_l1,mts_details_total,2016,1131.254
col,sex_t,ocu_skill_l1,mts_details_total,2017,1128.184
col,sex_t,ocu_skill_l1,mts_details_total,2018,1146.159
col,sex_t,ocu_skill_l1,mts_details_total,2019,1185.977
col,sex_t,ocu_skill_l1,mts_details_total,2021,1143.922
col,sex_t,ocu_skill_l1,mts_details_total,2022,2667.479
col,sex_t,ocu_skill_l1,mts_details_total,2023,2721.218
col,sex_t,ocu_skill_l1,mts_details_total,2024,2818.922
col,sex_t,ocu_skill_l1,mts_details_total,2025,2979.321
col,sex_t,ocu_skill_l1,mts_details_union,2002,282.916
col,sex_t,ocu_skill_l1,mts_details_union,2003,310.956
col,sex_t,ocu_skill_l1,mts_details_union,2004,291.675
col,sex_t,ocu_skill_l1,mts_details_union,2005,339.827
col,sex_t,ocu_skill_l1,mts_details_union,2007,251.074
col,sex_t,ocu_skill_l1,mts_details_union,2008,347.68
col,sex_t,ocu_skill_l1,mts_details_union,2009,358.321
col,sex_t,ocu_skill_l1,mts_details_union,2010,346.746
col,sex_t,ocu_skill_l1,mts_details_union,2011,362.582
col,sex_t,ocu_skill_l1,mts_details_union,2012,385.875
col,sex_t,ocu_skill_l1,mts_details_union,2013,401.798
col,sex_t,ocu_skill_l1,mts_details_union,2014,414.518
col,sex_t,ocu_skill_l1,mts_details_union,2015,431.804
col,sex_t,ocu_skill_l1,mts_details_union,2016,434.409
col,sex_t,ocu_skill_l1,mts_details_union,2017,443.03
col,sex_t,ocu_skill_l1,mts_details_union,2018,448.013
col,sex_t,ocu_skill_l1,mts_details_union,2019,473.108
col,sex_t,ocu_skill_l1,mts_details_union,2021,482.402
col,sex_t,ocu_skill_l1,mts_details_union,2022,1074.329
col,sex_t,ocu_skill_l1,mts_details_union,2023,1100.658
col,sex_t,ocu_skill_l1,mts_details_union,2024,1102.621
col,sex_t,ocu_skill_l1,mts_details_union,2025,1218.219
col,sex_t,ocu_skill_l1,mts_details_wid,2002,25.66
col,sex_t,ocu_skill_l1,mts_details_wid,2003,26.561
col,sex_t,ocu_skill_l1,mts_details_wid,2004,20.33
col,sex_t,ocu_skill_l1,mts_details_wid,2005,22.705
col,sex_t,ocu_skill_l1,mts_details_wid,2007,236.441
col,sex_t,ocu_skill_l1,mts_details_wid,2008,20.805
col,sex_t,ocu_skill_l1,mts_details_wid,2009,23.075
col,sex_t,ocu_skill_l1,mts_details_wid,2010,21.818
col,sex_t,ocu_skill_l1,mts_details_wid,2011,23.086
col,sex_t,ocu_skill_l1,mts_details_wid,2012,23.201
col,sex_t,ocu_skill_l1,mts_details_wid,2013,22.597
col,sex_t,ocu_skill_l1,mts_details_wid,2014,22.51
col,sex_t,ocu_skill_l1,mts_details_wid,2015,23.896
col,sex_t,ocu_skill_l1,mts_details_wid,2016,22.493
col,sex_t,ocu_skill_l1,mts_details_wid,2017,22.286
col,sex_t,ocu_skill_l1,mts_details_wid,2018,23.326
col,sex_t,ocu_skill_l1,mts_details_wid,2019,21.454
col,sex_t,ocu_skill_l1,mts_details_wid,2021,17.95
col,sex_t,ocu_skill_l1,mts_details_wid,2022,53.467
col,sex_t,ocu_skill_l1,mts_details_wid,2023,62.086
col,sex_t,ocu_skill_l1,mts_details_wid,2024,68.049
col,sex_t,ocu_skill_l1,mts_details_wid,2025,62.76
col,sex_t,ocu_skill_l2,mts_aggregate_1,2002,2017.828
col,sex_t,ocu_skill_l2,mts_aggregate_1,2003,2063.567
col,sex_t,ocu_skill_l2,mts_aggregate_1,2004,2020.592
col,sex_t,ocu_skill_l2,mts_aggregate_1,2005,2163.27
col,sex_t,ocu_skill_l2,mts_aggregate_1,2007,2472.046
col,sex_t,ocu_skill_l2,mts_aggregate_1,2008,2054.771
col,sex_t,ocu_skill_l2,mts_aggregate_1,2009,2087.537
col,sex_t,ocu_skill_l2,mts_aggregate_1,2010,2045.728
col,sex_t,ocu_skill_l2,mts_aggregate_1,2011,2161.47
col,sex_t,ocu_skill_l2,mts_aggregate_1,2012,2222.193
col,sex_t,ocu_skill_l2,mts_aggregate_1,2013,2219.23
col,sex_t,ocu_skill_l2,mts_aggregate_1,2014,2320.093
col,sex_t,ocu_skill_l2,mts_aggregate_1,2015,2368.962
col,sex_t,ocu_skill_l2,mts_aggregate_1,2016,2334.301
col,sex_t,ocu_skill_l2,mts_aggregate_1,2017,2320.489
col,sex_t,ocu_skill_l2,mts_aggregate_1,2018,2318.819
col,sex_t,ocu_skill_l2,mts_aggregate_1,2019,2430.324
col,sex_t,ocu_skill_l2,mts_aggregate_1,2021,2266.871
col,sex_t,ocu_skill_l2,mts_aggregate_1,2022,2552.408
col,sex_t,ocu_skill_l2,mts_aggregate_1,2023,2745.128
col,sex_t,ocu_skill_l2,mts_aggregate_1,2024,2891.072
col,sex_t,ocu_skill_l2,mts_aggregate_1,2025,3037.465
col,sex_t,ocu_skill_l2,mts_aggregate_2,2002,2246.112
col,sex_t,ocu_skill_l2,mts_aggregate_2,2003,2335.653
col,sex_t,ocu_skill_l2,mts_aggregate_2,2004,2363.659
col,sex_t,ocu_skill_l2,mts_aggregate_2,2005,2463.901
col,sex_t,ocu_skill_l2,mts_aggregate_2,2007,1740.921
col,sex_t,ocu_skill_l2,mts_aggregate_2,2008,2574.623
col,sex_t,ocu_skill_l2,mts_aggregate_2,2009,2602.896
col,sex_t,ocu_skill_l2,mts_aggregate_2,2010,2547.492
col,sex_t,ocu_skill_l2,mts_aggregate_2,2011,2599.874
col,sex_t,ocu_skill_l2,mts_aggregate_2,2012,2676.386
col,sex_t,ocu_skill_l2,mts_aggregate_2,2013,2751.941
col,sex_t,ocu_skill_l2,mts_aggregate_2,2014,2842.095
col,sex_t,ocu_skill_l2,mts_aggregate_2,2015,2879.389
col,sex_t,ocu_skill_l2,mts_aggregate_2,2016,2946.082
col,sex_t,ocu_skill_l2,mts_aggregate_2,2017,2941.766
col,sex_t,ocu_skill_l2,mts_aggregate_2,2018,2989.193
col,sex_t,ocu_skill_l2,mts_aggregate_2,2019,3154.326
col,sex_t,ocu_skill_l2,mts_aggregate_2,2021,2976.62
col,sex_t,ocu_skill_l2,mts_aggregate_2,2022,3031.316
col,sex_t,ocu_skill_l2,mts_aggregate_2,2023,3137.032
col,sex_t,ocu_skill_l2,mts_aggregate_2,2024,3293.849
col,sex_t,ocu_skill_l2,mts_aggregate_2,2025,3360.129
col,sex_t,ocu_skill_l2,mts_aggregate_total,2002,4263.94
col,sex_t,ocu_skill_l2,mts_aggregate_total,2003,4399.219
col,sex_t,ocu_skill_l2,mts_aggregate_total,2004,4384.251
col,sex_t,ocu_skill_l2,mts_aggregate_total,2005,4627.171
col,sex_t,ocu_skill_l2,mts_aggregate_total,2007,4212.967
col,sex_t,ocu_skill_l2,mts_aggregate_total,2008,4629.394
col,sex_t,ocu_skill_l2,mts_aggregate_total,2009,4690.433
col,sex_t,ocu_skill_l2,mts_aggregate_total,2010,4593.22
col,sex_t,ocu_skill_l2,mts_aggregate_total,2011,4761.345
col,sex_t,ocu_skill_l2,mts_aggregate_total,2012,4898.58
col,sex_t,ocu_skill_l2,mts_aggregate_total,2013,4971.172
col,sex_t,ocu_skill_l2,mts_aggregate_total,2014,5162.188
col,sex_t,ocu_skill_l2,mts_aggregate_total,2015,5248.35
col,sex_t,ocu_skill_l2,mts_aggregate_total,2016,5280.383
col,sex_t,ocu_skill_l2,mts_aggregate_total,2017,5262.255
col,sex_t,ocu_skill_l2,mts_aggregate_total,2018,5308.012
col,sex_t,ocu_skill_l2,mts_aggregate_total,2019,5584.651
col,sex_t,ocu_skill_l2,mts_aggregate_total,2021,5243.491
col,sex_t,ocu_skill_l2,mts_aggregate_total,2022,5583.724
col,sex_t,ocu_skill_l2,mts_aggregate_total,2023,5882.16
col,sex_t,ocu_skill_l2,mts_aggregate_total,2024,6184.921
col,sex_t,ocu_skill_l2,mts_aggregate_total,2025,6397.594
col,sex_t,ocu_skill_l2,mts_details_mrd,2002,1095.09
col,sex_t,ocu_skill_l2,mts_details_mrd,2003,1105.396
col,sex_t,ocu_skill_l2,mts_details_mrd,2004,1109.907
col,sex_t,ocu_skill_l2,mts_details_mrd,2005,1100.411
col,sex_t,ocu_skill_l2,mts_details_mrd,2007,397.723
col,sex_t,ocu_skill_l2,mts_details_mrd,2008,1091.005
col,sex_t,ocu_skill_l2,mts_details_mrd,2009,1080.589
col,sex_t,ocu_skill_l2,mts_details_mrd,2010,1006.336
col,sex_t,ocu_skill_l2,mts_details_mrd,2011,1011.999
col,sex_t,ocu_skill_l2,mts_details_mrd,2012,1004.278
col,sex_t,ocu_skill_l2,mts_details_mrd,2013,1027.032
col,sex_t,ocu_skill_l2,mts_details_mrd,2014,1030.908
col,sex_t,ocu_skill_l2,mts_details_mrd,2015,1034.592
col,sex_t,ocu_skill_l2,mts_details_mrd,2016,1040.645
col,sex_t,ocu_skill_l2,mts_details_mrd,2017,999.533
col,sex_t,ocu_skill_l2,mts_details_mrd,2018,990.822
col,sex_t,ocu_skill_l2,mts_details_mrd,2019,1022.244
col,sex_t,ocu_skill_l2,mts_details_mrd,2021,902.647
col,sex_t,ocu_skill_l2,mts_details_mrd,2022,949.753
col,sex_t,ocu_skill_l2,mts_details_mrd,2023,962.074
col,sex_t,ocu_skill_l2,mts_details_mrd,2024,1023.794
col,sex_t,ocu_skill_l2,mts_details_mrd,2025,977.971
col,sex_t,ocu_skill_l2,mts_details_sep,2002,404.15
col,sex_t,ocu_skill_l2,mts_details_sep,2003,402.064
col,sex_t,ocu_skill_l2,mts_details_sep,2004,409.738
col,sex_t,ocu_skill_l2,mts_details_sep,2005,437.74
col,sex_t,ocu_skill_l2,mts_details_sep,2007,72.66
col,sex_t,ocu_skill_l2,mts_details_sep,2008,509.14
col,sex_t,ocu_skill_l2,mts_details_sep,2009,539.847
col,sex_t,ocu_skill_l2,mts_details_sep,2010,552.987
col,sex_t,ocu_skill_l2,mts_details_sep,2011,590.327
col,sex_t,ocu_skill_l2,mts_details_sep,2012,623.493
col,sex_t,ocu_skill_l2,mts_details_sep,2013,686.182
col,sex_t,ocu_skill_l2,mts_details_sep,2014,719.782
col,sex_t,ocu_skill_l2,mts_details_sep,2015,751.65
col,sex_t,ocu_skill_l2,mts_details_sep,2016,757.881
col,sex_t,ocu_skill_l2,mts_details_sep,2017,768.019
col,sex_t,ocu_skill_l2,mts_details_sep,2018,774.935
col,sex_t,ocu_skill_l2,mts_details_sep,2019,816.939
col,sex_t,ocu_skill_l2,mts_details_sep,2021,684.432
col,sex_t,ocu_skill_l2,mts_details_sep,2022,643.653
col,sex_t,ocu_skill_l2,mts_details_sep,2023,765.304
col,sex_t,ocu_skill_l2,mts_details_sep,2024,837.252
col,sex_t,ocu_skill_l2,mts_details_sep,2025,881.166
col,sex_t,ocu_skill_l2,mts_details_sgle,2002,1526.268
col,sex_t,ocu_skill_l2,mts_details_sgle,2003,1571.671
col,sex_t,ocu_skill_l2,mts_details_sgle,2004,1532.748
col,sex_t,ocu_skill_l2,mts_details_sgle,2005,1635.672
col,sex_t,ocu_skill_l2,mts_details_sgle,2007,1030.688
col,sex_t,ocu_skill_l2,mts_details_sgle,2008,1468.313
col,sex_t,ocu_skill_l2,mts_details_sgle,2009,1464.385
col,sex_t,ocu_skill_l2,mts_details_sgle,2010,1418.588
col,sex_t,ocu_skill_l2,mts_details_sgle,2011,1491.41
col,sex_t,ocu_skill_l2,mts_details_sgle,2012,1514.12
col,sex_t,ocu_skill_l2,mts_details_sgle,2013,1458.143
col,sex_t,ocu_skill_l2,mts_details_sgle,2014,1518.297
col,sex_t,ocu_skill_l2,mts_details_sgle,2015,1539.368
col,sex_t,ocu_skill_l2,mts_details_sgle,2016,1494.695
col,sex_t,ocu_skill_l2,mts_details_sgle,2017,1472.98
col,sex_t,ocu_skill_l2,mts_details_sgle,2018,1475.073
col,sex_t,ocu_skill_l2,mts_details_sgle,2019,1529.496
col,sex_t,ocu_skill_l2,mts_details_sgle,2021,1513.084
col,sex_t,ocu_skill_l2,mts_details_sgle,2022,1846.551
col,sex_t,ocu_skill_l2,mts_details_sgle,2023,1914.853
col,sex_t,ocu_skill_l2,mts_details_sgle,2024,1985.957
col,sex_t,ocu_skill_l2,mts_details_sgle,2025,2085.142
col,sex_t,ocu_skill_l2,mts_details_total,2002,4263.94
col,sex_t,ocu_skill_l2,mts_details_total,2003,4399.219
col,sex_t,ocu_skill_l2,mts_details_total,2004,4384.251
col,sex_t,ocu_skill_l2,mts_details_total,2005,4627.171
col,sex_t,ocu_skill_l2,mts_details_total,2007,4212.967
col,sex_t,ocu_skill_l2,mts_details_total,2008,4629.394
col,sex_t,ocu_skill_l2,mts_details_total,2009,4690.433
col,sex_t,ocu_skill_l2,mts_details_total,2010,4593.22
col,sex_t,ocu_skill_l2,mts_details_total,2011,4761.345
col,sex_t,ocu_skill_l2,mts_details_total,2012,4898.58
col,sex_t,ocu_skill_l2,mts_details_total,2013,4971.172
col,sex_t,ocu_skill_l2,mts_details_total,2014,5162.188
col,sex_t,ocu_skill_l2,mts_details_total,2015,5248.35
col,sex_t,ocu_skill_l2,mts_details_total,2016,5280.383
col,sex_t,ocu_skill_l2,mts_details_total,2017,5262.255
col,sex_t,ocu_skill_l2,mts_details_total,2018,5308.012
col,sex_t,ocu_skill_l2,mts_details_total,2019,5584.651
col,sex_t,ocu_skill_l2,mts_details_total,2021,5243.491
col,sex_t,ocu_skill_l2,mts_details_total,2022,5583.724
col,sex_t,ocu_skill_l2,mts_details_total,2023,5882.16
col,sex_t,ocu_skill_l2,mts_details_total,2024,6184.921
col,sex_t,ocu_skill_l2,mts_details_total,2025,6397.594
col,sex_t,ocu_skill_l2,mts_details_union,2002,1151.022
col,sex_t,ocu_skill_l2,mts_details_union,2003,1230.256
col,sex_t,ocu_skill_l2,mts_details_union,2004,1253.752
col,sex_t,ocu_skill_l2,mts_details_union,2005,1363.489
col,sex_t,ocu_skill_l2,mts_details_union,2007,1343.198
col,sex_t,ocu_skill_l2,mts_details_union,2008,1483.618
col,sex_t,ocu_skill_l2,mts_details_union,2009,1522.307
col,sex_t,ocu_skill_l2,mts_details_union,2010,1541.156
col,sex_t,ocu_skill_l2,mts_details_union,2011,1587.875
col,sex_t,ocu_skill_l2,mts_details_union,2012,1672.109
col,sex_t,ocu_skill_l2,mts_details_union,2013,1724.909
col,sex_t,ocu_skill_l2,mts_details_union,2014,1811.186
col,sex_t,ocu_skill_l2,mts_details_union,2015,1844.797
col,sex_t,ocu_skill_l2,mts_details_union,2016,1905.436
col,sex_t,ocu_skill_l2,mts_details_union,2017,1942.232
col,sex_t,ocu_skill_l2,mts_details_union,2018,1998.372
col,sex_t,ocu_skill_l2,mts_details_union,2019,2132.083
col,sex_t,ocu_skill_l2,mts_details_union,2021,2073.973
col,sex_t,ocu_skill_l2,mts_details_union,2022,2081.562
col,sex_t,ocu_skill_l2,mts_details_union,2023,2174.959
col,sex_t,ocu_skill_l2,mts_details_union,2024,2270.055
col,sex_t,ocu_skill_l2,mts_details_union,2025,2382.158
col,sex_t,ocu_skill_l2,mts_details_wid,2002,87.409
col,sex_t,ocu_skill_l2,mts_details_wid,2003,89.832
col,sex_t,ocu_skill_l2,mts_details_wid,2004,78.106
col,sex_t,ocu_skill_l2,mts_details_wid,2005,89.858
col,sex_t,ocu_skill_l2,mts_details_wid,2007,1368.698
col,sex_t,ocu_skill_l2,mts_details_wid,2008,77.318
col,sex_t,ocu_skill_l2,mts_details_wid,2009,83.305
col,sex_t,ocu_skill_l2,mts_details_wid,2010,74.152
col,sex_t,ocu_skill_l2,mts_details_wid,2011,79.734
col,sex_t,ocu_skill_l2,mts_details_wid,2012,84.581
col,sex_t,ocu_skill_l2,mts_details_wid,2013,74.905
col,sex_t,ocu_skill_l2,mts_details_wid,2014,82.014
col,sex_t,ocu_skill_l2,mts_details_wid,2015,77.944
col,sex_t,ocu_skill_l2,mts_details_wid,2016,81.725
col,sex_t,ocu_skill_l2,mts_details_wid,2017,79.49
col,sex_t,ocu_skill_l2,mts_details_wid,2018,68.81
col,sex_t,ocu_skill_l2,mts_details_wid,2019,83.89
col,sex_t,ocu_skill_l2,mts_details_wid,2021,69.354
col,sex_t,ocu_skill_l2,mts_details_wid,2022,62.204
col,sex_t,ocu_skill_l2,mts_details_wid,2023,64.971
col,sex_t,ocu_skill_l2,mts_details_wid,2024,67.863
col,sex_t,ocu_skill_l2,mts_details_wid,2025,71.157
col,sex_t,ocu_skill_l3_4,mts_aggregate_1,2002,1133.873
col,sex_t,ocu_skill_l3_4,mts_aggregate_1,2003,1198.491
col,sex_t,ocu_skill_l3_4,mts_aggregate_1,2004,1210.657
col,sex_t,ocu_skill_l3_4,mts_aggregate_1,2005,1278.647
col,sex_t,ocu_skill_l3_4,mts_aggregate_1,2007,2195.115
col,sex_t,ocu_skill_l3_4,mts_aggregate_1,2008,1357.297
col,sex_t,ocu_skill_l3_4,mts_aggregate_1,2009,1339.511
col,sex_t,ocu_skill_l3_4,mts_aggregate_1,2010,1387.527
col,sex_t,ocu_skill_l3_4,mts_aggregate_1,2011,1422.032
col,sex_t,ocu_skill_l3_4,mts_aggregate_1,2012,1489.57
col,sex_t,ocu_skill_l3_4,mts_aggregate_1,2013,1590.737
col,sex_t,ocu_skill_l3_4,mts_aggregate_1,2014,1695.769
col,sex_t,ocu_skill_l3_4,mts_aggregate_1,2015,1755.133
col,sex_t,ocu_skill_l3_4,mts_aggregate_1,2016,1760.306
col,sex_t,ocu_skill_l3_4,mts_aggregate_1,2017,1774.699
col,sex_t,ocu_skill_l3_4,mts_aggregate_1,2018,1715.301
col,sex_t,ocu_skill_l3_4,mts_aggregate_1,2019,1784.151
col,sex_t,ocu_skill_l3_4,mts_aggregate_1,2021,1698.052
col,sex_t,ocu_skill_l3_4,mts_aggregate_1,2022,1421.749
col,sex_t,ocu_skill_l3_4,mts_aggregate_1,2023,1524.229
col,sex_t,ocu_skill_l3_4,mts_aggregate_1,2024,1531.928
col,sex_t,ocu_skill_l3_4,mts_aggregate_1,2025,1579.868
col,sex_t,ocu_skill_l3_4,mts_aggregate_2,2002,1476.767
col,sex_t,ocu_skill_l3_4,mts_aggregate_2,2003,1518.578
col,sex_t,ocu_skill_l3_4,mts_aggregate_2,2004,1528.854
col,sex_t,ocu_skill_l3_4,mts_aggregate_2,2005,1576.095
col,sex_t,ocu_skill_l3_4,mts_aggregate_2,2007,1260.414
col,sex_t,ocu_skill_l3_4,mts_aggregate_2,2008,1592.435
col,sex_t,ocu_skill_l3_4,mts_aggregate_2,2009,1604.227
col,sex_t,ocu_skill_l3_4,mts_aggregate_2,2010,1607.275
col,sex_t,ocu_skill_l3_4,mts_aggregate_2,2011,1637.436
col,sex_t,ocu_skill_l3_4,mts_aggregate_2,2012,1731.784
col,sex_t,ocu_skill_l3_4,mts_aggregate_2,2013,1822.295
col,sex_t,ocu_skill_l3_4,mts_aggregate_2,2014,1907.886
col,sex_t,ocu_skill_l3_4,mts_aggregate_2,2015,1967.989
col,sex_t,ocu_skill_l3_4,mts_aggregate_2,2016,2000.89
col,sex_t,ocu_skill_l3_4,mts_aggregate_2,2017,2053.299
col,sex_t,ocu_skill_l3_4,mts_aggregate_2,2018,2053.972
col,sex_t,ocu_skill_l3_4,mts_aggregate_2,2019,2102.606
col,sex_t,ocu_skill_l3_4,mts_aggregate_2,2021,2020.527
col,sex_t,ocu_skill_l3_4,mts_aggregate_2,2022,1948.673
col,sex_t,ocu_skill_l3_4,mts_aggregate_2,2023,2016.459
col,sex_t,ocu_skill_l3_4,mts_aggregate_2,2024,1934.116
col,sex_t,ocu_skill_l3_4,mts_aggregate_2,2025,1987.521
col,sex_t,ocu_skill_l3_4,mts_aggregate_total,2002,2610.641
col,sex_t,ocu_skill_l3_4,mts_aggregate_total,2003,2717.068
col,sex_t,ocu_skill_l3_4,mts_aggregate_total,2004,2739.511
col,sex_t,ocu_skill_l3_4,mts_aggregate_total,2005,2854.742
col,sex_t,ocu_skill_l3_4,mts_aggregate_total,2007,3455.528
col,sex_t,ocu_skill_l3_4,mts_aggregate_total,2008,2949.731
col,sex_t,ocu_skill_l3_4,mts_aggregate_total,2009,2943.738
col,sex_t,ocu_skill_l3_4,mts_aggregate_total,2010,2994.803
col,sex_t,ocu_skill_l3_4,mts_aggregate_total,2011,3059.468
col,sex_t,ocu_skill_l3_4,mts_aggregate_total,2012,3221.354
col,sex_t,ocu_skill_l3_4,mts_aggregate_total,2013,3413.032
col,sex_t,ocu_skill_l3_4,mts_aggregate_total,2014,3603.654
col,sex_t,ocu_skill_l3_4,mts_aggregate_total,2015,3723.121
col,sex_t,ocu_skill_l3_4,mts_aggregate_total,2016,3761.196
col,sex_t,ocu_skill_l3_4,mts_aggregate_total,2017,3827.998
col,sex_t,ocu_skill_l3_4,mts_aggregate_total,2018,3769.274
col,sex_t,ocu_skill_l3_4,mts_aggregate_total,2019,3886.757
col,sex_t,ocu_skill_l3_4,mts_aggregate_total,2021,3718.579
col,sex_t,ocu_skill_l3_4,mts_aggregate_total,2022,3370.422
col,sex_t,ocu_skill_l3_4,mts_aggregate_total,2023,3540.688
col,sex_t,ocu_skill_l3_4,mts_aggregate_total,2024,3466.044
col,sex_t,ocu_skill_l3_4,mts_aggregate_total,2025,3567.389
col,sex_t,ocu_skill_l3_4,mts_details_mrd,2002,923.071
col,sex_t,ocu_skill_l3_4,mts_details_mrd,2003,950.742
col,sex_t,ocu_skill_l3_4,mts_details_mrd,2004,960.648
col,sex_t,ocu_skill_l3_4,mts_details_mrd,2005,930.51
col,sex_t,ocu_skill_l3_4,mts_details_mrd,2007,360.169
col,sex_t,ocu_skill_l3_4,mts_details_mrd,2008,888.575
col,sex_t,ocu_skill_l3_4,mts_details_mrd,2009,859.593
col,sex_t,ocu_skill_l3_4,mts_details_mrd,2010,867.144
col,sex_t,ocu_skill_l3_4,mts_details_mrd,2011,852.182
col,sex_t,ocu_skill_l3_4,mts_details_mrd,2012,853.863
col,sex_t,ocu_skill_l3_4,mts_details_mrd,2013,886.117
col,sex_t,ocu_skill_l3_4,mts_details_mrd,2014,923.495
col,sex_t,ocu_skill_l3_4,mts_details_mrd,2015,916.341
col,sex_t,ocu_skill_l3_4,mts_details_mrd,2016,915.133
col,sex_t,ocu_skill_l3_4,mts_details_mrd,2017,939.419
col,sex_t,ocu_skill_l3_4,mts_details_mrd,2018,913.194
col,sex_t,ocu_skill_l3_4,mts_details_mrd,2019,926.719
col,sex_t,ocu_skill_l3_4,mts_details_mrd,2021,850.764
col,sex_t,ocu_skill_l3_4,mts_details_mrd,2022,1034.545
col,sex_t,ocu_skill_l3_4,mts_details_mrd,2023,1065.094
col,sex_t,ocu_skill_l3_4,mts_details_mrd,2024,1008.168
col,sex_t,ocu_skill_l3_4,mts_details_mrd,2025,985.853
col,sex_t,ocu_skill_l3_4,mts_details_sep,2002,234.404
col,sex_t,ocu_skill_l3_4,mts_details_sep,2003,239.169
col,sex_t,ocu_skill_l3_4,mts_details_sep,2004,233.816
col,sex_t,ocu_skill_l3_4,mts_details_sep,2005,259.146
col,sex_t,ocu_skill_l3_4,mts_details_sep,2007,55.404
col,sex_t,ocu_skill_l3_4,mts_details_sep,2008,304.136
col,sex_t,ocu_skill_l3_4,mts_details_sep,2009,299.739
col,sex_t,ocu_skill_l3_4,mts_details_sep,2010,329.129
col,sex_t,ocu_skill_l3_4,mts_details_sep,2011,340.129
col,sex_t,ocu_skill_l3_4,mts_details_sep,2012,374.26
col,sex_t,ocu_skill_l3_4,mts_details_sep,2013,420.083
col,sex_t,ocu_skill_l3_4,mts_details_sep,2014,471.537
col,sex_t,ocu_skill_l3_4,mts_details_sep,2015,476.994
col,sex_t,ocu_skill_l3_4,mts_details_sep,2016,494.154
col,sex_t,ocu_skill_l3_4,mts_details_sep,2017,487.771
col,sex_t,ocu_skill_l3_4,mts_details_sep,2018,490.182
col,sex_t,ocu_skill_l3_4,mts_details_sep,2019,517.364
col,sex_t,ocu_skill_l3_4,mts_details_sep,2021,461.008
col,sex_t,ocu_skill_l3_4,mts_details_sep,2022,309.535
col,sex_t,ocu_skill_l3_4,mts_details_sep,2023,360.884
col,sex_t,ocu_skill_l3_4,mts_details_sep,2024,362.6
col,sex_t,ocu_skill_l3_4,mts_details_sep,2025,392.047
col,sex_t,ocu_skill_l3_4,mts_details_sgle,2002,860.914
col,sex_t,ocu_skill_l3_4,mts_details_sgle,2003,921.408
col,sex_t,ocu_skill_l3_4,mts_details_sgle,2004,939.973
col,sex_t,ocu_skill_l3_4,mts_details_sgle,2005,978.671
col,sex_t,ocu_skill_l3_4,mts_details_sgle,2007,992.926
col,sex_t,ocu_skill_l3_4,mts_details_sgle,2008,1010.655
col,sex_t,ocu_skill_l3_4,mts_details_sgle,2009,1001.007
col,sex_t,ocu_skill_l3_4,mts_details_sgle,2010,1025.367
col,sex_t,ocu_skill_l3_4,mts_details_sgle,2011,1046.519
col,sex_t,ocu_skill_l3_4,mts_details_sgle,2012,1076.823
col,sex_t,ocu_skill_l3_4,mts_details_sgle,2013,1128.372
col,sex_t,ocu_skill_l3_4,mts_details_sgle,2014,1182.3
col,sex_t,ocu_skill_l3_4,mts_details_sgle,2015,1234.161
col,sex_t,ocu_skill_l3_4,mts_details_sgle,2016,1221.411
col,sex_t,ocu_skill_l3_4,mts_details_sgle,2017,1246.831
col,sex_t,ocu_skill_l3_4,mts_details_sgle,2018,1184.36
col,sex_t,ocu_skill_l3_4,mts_details_sgle,2019,1224.414
col,sex_t,ocu_skill_l3_4,mts_details_sgle,2021,1197.253
col,sex_t,ocu_skill_l3_4,mts_details_sgle,2022,1079.701
col,sex_t,ocu_skill_l3_4,mts_details_sgle,2023,1126.902
col,sex_t,ocu_skill_l3_4,mts_details_sgle,2024,1134.399
col,sex_t,ocu_skill_l3_4,mts_details_sgle,2025,1162.14
col,sex_t,ocu_skill_l3_4,mts_details_total,2002,2610.641
col,sex_t,ocu_skill_l3_4,mts_details_total,2003,2717.068
col,sex_t,ocu_skill_l3_4,mts_details_total,2004,2739.511
col,sex_t,ocu_skill_l3_4,mts_details_total,2005,2854.742
col,sex_t,ocu_skill_l3_4,mts_details_total,2007,3455.528
col,sex_t,ocu_skill_l3_4,mts_details_total,2008,2949.731
col,sex_t,ocu_skill_l3_4,mts_details_total,2009,2943.738
col,sex_t,ocu_skill_l3_4,mts_details_total,2010,2994.803
col,sex_t,ocu_skill_l3_4,mts_details_total,2011,3059.468
col,sex_t,ocu_skill_l3_4,mts_details_total,2012,3221.354
col,sex_t,ocu_skill_l3_4,mts_details_total,2013,3413.032
col,sex_t,ocu_skill_l3_4,mts_details_total,2014,3603.654
col,sex_t,ocu_skill_l3_4,mts_details_total,2015,3723.121
col,sex_t,ocu_skill_l3_4,mts_details_total,2016,3761.196
col,sex_t,ocu_skill_l3_4,mts_details_total,2017,3827.998
col,sex_t,ocu_skill_l3_4,mts_details_total,2018,3769.274
col,sex_t,ocu_skill_l3_4,mts_details_total,2019,3886.757
col,sex_t,ocu_skill_l3_4,mts_details_total,2021,3718.579
col,sex_t,ocu_skill_l3_4,mts_details_total,2022,3370.422
col,sex_t,ocu_skill_l3_4,mts_details_total,2023,3540.688
col,sex_t,ocu_skill_l3_4,mts_details_total,2024,3466.044
col,sex_t,ocu_skill_l3_4,mts_details_total,2025,3567.389
col,sex_t,ocu_skill_l3_4,mts_details_union,2002,553.696
col,sex_t,ocu_skill_l3_4,mts_details_union,2003,567.836
col,sex_t,ocu_skill_l3_4,mts_details_union,2004,568.206
col,sex_t,ocu_skill_l3_4,mts_details_union,2005,645.585
col,sex_t,ocu_skill_l3_4,mts_details_union,2007,900.245
col,sex_t,ocu_skill_l3_4,mts_details_union,2008,703.86
col,sex_t,ocu_skill_l3_4,mts_details_union,2009,744.634
col,sex_t,ocu_skill_l3_4,mts_details_union,2010,740.131
col,sex_t,ocu_skill_l3_4,mts_details_union,2011,785.254
col,sex_t,ocu_skill_l3_4,mts_details_union,2012,877.92
col,sex_t,ocu_skill_l3_4,mts_details_union,2013,936.178
col,sex_t,ocu_skill_l3_4,mts_details_union,2014,984.391
col,sex_t,ocu_skill_l3_4,mts_details_union,2015,1051.647
col,sex_t,ocu_skill_l3_4,mts_details_union,2016,1085.757
col,sex_t,ocu_skill_l3_4,mts_details_union,2017,1113.88
col,sex_t,ocu_skill_l3_4,mts_details_union,2018,1140.778
col,sex_t,ocu_skill_l3_4,mts_details_union,2019,1175.887
col,sex_t,ocu_skill_l3_4,mts_details_union,2021,1169.763
col,sex_t,ocu_skill_l3_4,mts_details_union,2022,914.128
col,sex_t,ocu_skill_l3_4,mts_details_union,2023,951.365
col,sex_t,ocu_skill_l3_4,mts_details_union,2024,925.948
col,sex_t,ocu_skill_l3_4,mts_details_union,2025,1001.668
col,sex_t,ocu_skill_l3_4,mts_details_wid,2002,38.555
col,sex_t,ocu_skill_l3_4,mts_details_wid,2003,37.913
col,sex_t,ocu_skill_l3_4,mts_details_wid,2004,36.867
col,sex_t,ocu_skill_l3_4,mts_details_wid,2005,40.831
col,sex_t,ocu_skill_l3_4,mts_details_wid,2007,1146.784
col,sex_t,ocu_skill_l3_4,mts_details_wid,2008,42.506
col,sex_t,ocu_skill_l3_4,mts_details_wid,2009,38.765
col,sex_t,ocu_skill_l3_4,mts_details_wid,2010,33.031
col,sex_t,ocu_skill_l3_4,mts_details_wid,2011,35.383
col,sex_t,ocu_skill_l3_4,mts_details_wid,2012,38.487
col,sex_t,ocu_skill_l3_4,mts_details_wid,2013,42.282
col,sex_t,ocu_skill_l3_4,mts_details_wid,2014,41.932
col,sex_t,ocu_skill_l3_4,mts_details_wid,2015,43.977
col,sex_t,ocu_skill_l3_4,mts_details_wid,2016,44.74
col,sex_t,ocu_skill_l3_4,mts_details_wid,2017,40.097
col,sex_t,ocu_skill_l3_4,mts_details_wid,2018,40.759
col,sex_t,ocu_skill_l3_4,mts_details_wid,2019,42.374
col,sex_t,ocu_skill_l3_4,mts_details_wid,2021,39.792
col,sex_t,ocu_skill_l3_4,mts_details_wid,2022,32.514
col,sex_t,ocu_skill_l3_4,mts_details_wid,2023,36.443
col,sex_t,ocu_skill_l3_4,mts_details_wid,2024,34.929
col,sex_t,ocu_skill_l3_4,mts_details_wid,2025,25.681
col,sex_t,ocu_skill_total,mts_aggregate_1,2002,3617.171
col,sex_t,ocu_skill_total,mts_aggregate_1,2003,3764.661
col,sex_t,ocu_skill_total,mts_aggregate_1,2004,3709.745
col,sex_t,ocu_skill_total,mts_aggregate_1,2005,3956.365
col,sex_t,ocu_skill_total,mts_aggregate_1,2007,5568.062
col,sex_t,ocu_skill_total,mts_aggregate_1,2008,3843.506
col,sex_t,ocu_skill_total,mts_aggregate_1,2009,3889.088
col,sex_t,ocu_skill_total,mts_aggregate_1,2010,3898.177
col,sex_t,ocu_skill_total,mts_aggregate_1,2011,4054.408
col,sex_t,ocu_skill_total,mts_aggregate_1,2012,4208.629
col,sex_t,ocu_skill_total,mts_aggregate_1,2013,4321.418
col,sex_t,ocu_skill_total,mts_aggregate_1,2014,4527.503
col,sex_t,ocu_skill_total,mts_aggregate_1,2015,4655.493
col,sex_t,ocu_skill_total,mts_aggregate_1,2016,4608.837
col,sex_t,ocu_skill_total,mts_aggregate_1,2017,4599.899
col,sex_t,ocu_skill_total,mts_aggregate_1,2018,4553.739
col,sex_t,ocu_skill_total,mts_aggregate_1,2019,4745.982
col,sex_t,ocu_skill_total,mts_aggregate_1,2021,4467.533
col,sex_t,ocu_skill_total,mts_aggregate_1,2022,5243.102
col,sex_t,ocu_skill_total,mts_aggregate_1,2023,5554.457
col,sex_t,ocu_skill_total,mts_aggregate_1,2024,5806.779
col,sex_t,ocu_skill_total,mts_aggregate_1,2025,6050.915
col,sex_t,ocu_skill_total,mts_aggregate_2,2002,4211.251
col,sex_t,ocu_skill_total,mts_aggregate_2,2003,4399.589
col,sex_t,ocu_skill_total,mts_aggregate_2,2004,4380.988
col,sex_t,ocu_skill_total,mts_aggregate_2,2005,4588.697
col,sex_t,ocu_skill_total,mts_aggregate_2,2007,3604.436
col,sex_t,ocu_skill_total,mts_aggregate_2,2008,4717.487
col,sex_t,ocu_skill_total,mts_aggregate_2,2009,4759.387
col,sex_t,ocu_skill_total,mts_aggregate_2,2010,4683.027
col,sex_t,ocu_skill_total,mts_aggregate_2,2011,4772.543
col,sex_t,ocu_skill_total,mts_aggregate_2,2012,4978.483
col,sex_t,ocu_skill_total,mts_aggregate_2,2013,5161.81
col,sex_t,ocu_skill_total,mts_aggregate_2,2014,5353.136
col,sex_t,ocu_skill_total,mts_aggregate_2,2015,5472.599
col,sex_t,ocu_skill_total,mts_aggregate_2,2016,5564.635
col,sex_t,ocu_skill_total,mts_aggregate_2,2017,5619.416
col,sex_t,ocu_skill_total,mts_aggregate_2,2018,5669.932
col,sex_t,ocu_skill_total,mts_aggregate_2,2019,5911.403
col,sex_t,ocu_skill_total,mts_aggregate_2,2021,5638.7
col,sex_t,ocu_skill_total,mts_aggregate_2,2022,6404.384
col,sex_t,ocu_skill_total,mts_aggregate_2,2023,6610.21
col,sex_t,ocu_skill_total,mts_aggregate_2,2024,6684.791
col,sex_t,ocu_skill_total,mts_aggregate_2,2025,6912.563
col,sex_t,ocu_skill_total,mts_aggregate_total,2002,7828.421
col,sex_t,ocu_skill_total,mts_aggregate_total,2003,8164.25
col,sex_t,ocu_skill_total,mts_aggregate_total,2004,8090.734
col,sex_t,ocu_skill_total,mts_aggregate_total,2005,8545.063
col,sex_t,ocu_skill_total,mts_aggregate_total,2007,9172.498
col,sex_t,ocu_skill_total,mts_aggregate_total,2008,8560.993
col,sex_t,ocu_skill_total,mts_aggregate_total,2009,8648.475
col,sex_t,ocu_skill_total,mts_aggregate_total,2010,8581.203
col,sex_t,ocu_skill_total,mts_aggregate_total,2011,8826.951
col,sex_t,ocu_skill_total,mts_aggregate_total,2012,9187.113
col,sex_t,ocu_skill_total,mts_aggregate_total,2013,9483.227
col,sex_t,ocu_skill_total,mts_aggregate_total,2014,9880.64
col,sex_t,ocu_skill_total,mts_aggregate_total,2015,10128.092
col,sex_t,ocu_skill_total,mts_aggregate_total,2016,10173.472
col,sex_t,ocu_skill_total,mts_aggregate_total,2017,10219.315
col,sex_t,ocu_skill_total,mts_aggregate_total,2018,10223.671
col,sex_t,ocu_skill_total,mts_aggregate_total,2019,10657.386
col,sex_t,ocu_skill_total,mts_aggregate_total,2021,10106.233
col,sex_t,ocu_skill_total,mts_aggregate_total,2022,11647.486
col,sex_t,ocu_skill_total,mts_aggregate_total,2023,12164.667
col,sex_t,ocu_skill_total,mts_aggregate_total,2024,12491.57
col,sex_t,ocu_skill_total,mts_aggregate_total,2025,12963.479
col,sex_t,ocu_skill_total,mts_details_mrd,2002,2220.988
col,sex_t,ocu_skill_total,mts_details_mrd,2003,2290.16
col,sex_t,ocu_skill_total,mts_details_mrd,2004,2265.039
col,sex_t,ocu_skill_total,mts_details_mrd,2005,2239.161
col,sex_t,ocu_skill_total,mts_details_mrd,2007,906.17
col,sex_t,ocu_skill_total,mts_details_mrd,2008,2176.343
col,sex_t,ocu_skill_total,mts_details_mrd,2009,2132.336
col,sex_t,ocu_skill_total,mts_details_mrd,2010,2054.277
col,sex_t,ocu_skill_total,mts_details_mrd,2011,2036.821
col,sex_t,ocu_skill_total,mts_details_mrd,2012,2042.411
col,sex_t,ocu_skill_total,mts_details_mrd,2013,2098.75
col,sex_t,ocu_skill_total,mts_details_mrd,2014,2142.461
col,sex_t,ocu_skill_total,mts_details_mrd,2015,2144.309
col,sex_t,ocu_skill_total,mts_details_mrd,2016,2138.695
col,sex_t,ocu_skill_total,mts_details_mrd,2017,2119.68
col,sex_t,ocu_skill_total,mts_details_mrd,2018,2082.769
col,sex_t,ocu_skill_total,mts_details_mrd,2019,2130.326
col,sex_t,ocu_skill_total,mts_details_mrd,2021,1912.508
col,sex_t,ocu_skill_total,mts_details_mrd,2022,2327.075
col,sex_t,ocu_skill_total,mts_details_mrd,2023,2378.378
col,sex_t,ocu_skill_total,mts_details_mrd,2024,2378.629
col,sex_t,ocu_skill_total,mts_details_mrd,2025,2304.593
col,sex_t,ocu_skill_total,mts_details_sep,2002,739.748
col,sex_t,ocu_skill_total,mts_details_sep,2003,739.812
col,sex_t,ocu_skill_total,mts_details_sep,2004,749.618
col,sex_t,ocu_skill_total,mts_details_sep,2005,806.642
col,sex_t,ocu_skill_total,mts_details_sep,2007,154.635
col,sex_t,ocu_skill_total,mts_details_sep,2008,924.119
col,sex_t,ocu_skill_total,mts_details_sep,2009,972.753
col,sex_t,ocu_skill_total,mts_details_sep,2010,1018.285
col,sex_t,ocu_skill_total,mts_details_sep,2011,1078.387
col,sex_t,ocu_skill_total,mts_details_sep,2012,1156.143
col,sex_t,ocu_skill_total,mts_details_sep,2013,1274.617
col,sex_t,ocu_skill_total,mts_details_sep,2014,1372.884
col,sex_t,ocu_skill_total,mts_details_sep,2015,1421.501
col,sex_t,ocu_skill_total,mts_details_sep,2016,1437.506
col,sex_t,ocu_skill_total,mts_details_sep,2017,1442.301
col,sex_t,ocu_skill_total,mts_details_sep,2018,1458.507
col,sex_t,ocu_skill_total,mts_details_sep,2019,1535.916
col,sex_t,ocu_skill_total,mts_details_sep,2021,1317.91
col,sex_t,ocu_skill_total,mts_details_sep,2022,1381.516
col,sex_t,ocu_skill_total,mts_details_sep,2023,1584.281
col,sex_t,ocu_skill_total,mts_details_sep,2024,1714.772
col,sex_t,ocu_skill_total,mts_details_sep,2025,1816.487
col,sex_t,ocu_skill_total,mts_details_sgle,2002,2725.712
col,sex_t,ocu_skill_total,mts_details_sgle,2003,2870.544
col,sex_t,ocu_skill_total,mts_details_sgle,2004,2824.717
col,sex_t,ocu_skill_total,mts_details_sgle,2005,2996.317
col,sex_t,ocu_skill_total,mts_details_sgle,2007,2403.557
col,sex_t,ocu_skill_total,mts_details_sgle,2008,2778.654
col,sex_t,ocu_skill_total,mts_details_sgle,2009,2771.189
col,sex_t,ocu_skill_total,mts_details_sgle,2010,2750.89
col,sex_t,ocu_skill_total,mts_details_sgle,2011,2837.737
col,sex_t,ocu_skill_total,mts_details_sgle,2012,2906.217
col,sex_t,ocu_skill_total,mts_details_sgle,2013,2907.017
col,sex_t,ocu_skill_total,mts_details_sgle,2014,3008.162
col,sex_t,ocu_skill_total,mts_details_sgle,2015,3088.144
col,sex_t,ocu_skill_total,mts_details_sgle,2016,3022.372
col,sex_t,ocu_skill_total,mts_details_sgle,2017,3015.726
col,sex_t,ocu_skill_total,mts_details_sgle,2018,2962.336
col,sex_t,ocu_skill_total,mts_details_sgle,2019,3062.349
col,sex_t,ocu_skill_total,mts_details_sgle,2021,3022.527
col,sex_t,ocu_skill_total,mts_details_sgle,2022,3712.756
col,sex_t,ocu_skill_total,mts_details_sgle,2023,3806.649
col,sex_t,ocu_skill_total,mts_details_sgle,2024,3921.155
col,sex_t,ocu_skill_total,mts_details_sgle,2025,4074.427
col,sex_t,ocu_skill_total,mts_details_total,2002,7828.421
col,sex_t,ocu_skill_total,mts_details_total,2003,8164.25
col,sex_t,ocu_skill_total,mts_details_total,2004,8090.734
col,sex_t,ocu_skill_total,mts_details_total,2005,8545.063
col,sex_t,ocu_skill_total,mts_details_total,2007,9172.498
col,sex_t,ocu_skill_total,mts_details_total,2008,8560.993
col,sex_t,ocu_skill_total,mts_details_total,2009,8648.475
col,sex_t,ocu_skill_total,mts_details_total,2010,8581.203
col,sex_t,ocu_skill_total,mts_details_total,2011,8826.951
col,sex_t,ocu_skill_total,mts_details_total,2012,9187.113
col,sex_t,ocu_skill_total,mts_details_total,2013,9483.227
col,sex_t,ocu_skill_total,mts_details_total,2014,9880.64
col,sex_t,ocu_skill_total,mts_details_total,2015,10128.092
col,sex_t,ocu_skill_total,mts_details_total,2016,10173.472
col,sex_t,ocu_skill_total,mts_details_total,2017,10219.315
col,sex_t,ocu_skill_total,mts_details_total,2018,10223.671
col,sex_t,ocu_skill_total,mts_details_total,2019,10657.386
col,sex_t,ocu_skill_total,mts_details_total,2021,10106.233
col,sex_t,ocu_skill_total,mts_details_total,2022,11647.486
col,sex_t,ocu_skill_total,mts_details_total,2023,12164.667
col,sex_t,ocu_skill_total,mts_details_total,2024,12491.57
col,sex_t,ocu_skill_total,mts_details_total,2025,12963.479
col,sex_t,ocu_skill_total,mts_details_union,2002,1990.263
col,sex_t,ocu_skill_total,mts_details_union,2003,2109.429
col,sex_t,ocu_skill_total,mts_details_union,2004,2115.949
col,sex_t,ocu_skill_total,mts_details_union,2005,2349.537
col,sex_t,ocu_skill_total,mts_details_union,2007,2698.267
col,sex_t,ocu_skill_total,mts_details_union,2008,2541.145
col,sex_t,ocu_skill_total,mts_details_union,2009,2627.051
col,sex_t,ocu_skill_total,mts_details_union,2010,2628.75
col,sex_t,ocu_skill_total,mts_details_union,2011,2735.721
col,sex_t,ocu_skill_total,mts_details_union,2012,2936.072
col,sex_t,ocu_skill_total,mts_details_union,2013,3063.059
col,sex_t,ocu_skill_total,mts_details_union,2014,3210.675
col,sex_t,ocu_skill_total,mts_details_union,2015,3328.289
col,sex_t,ocu_skill_total,mts_details_union,2016,3425.94
col,sex_t,ocu_skill_total,mts_details_union,2017,3499.736
col,sex_t,ocu_skill_total,mts_details_union,2018,3587.164
col,sex_t,ocu_skill_total,mts_details_union,2019,3781.077
col,sex_t,ocu_skill_total,mts_details_union,2021,3726.192
col,sex_t,ocu_skill_total,mts_details_union,2022,4077.309
col,sex_t,ocu_skill_total,mts_details_union,2023,4231.832
col,sex_t,ocu_skill_total,mts_details_union,2024,4306.162
col,sex_t,ocu_skill_total,mts_details_union,2025,4607.97
col,sex_t,ocu_skill_total,mts_details_wid,2002,151.711
col,sex_t,ocu_skill_total,mts_details_wid,2003,154.305
col,sex_t,ocu_skill_total,mts_details_wid,2004,135.41
col,sex_t,ocu_skill_total,mts_details_wid,2005,153.406
col,sex_t,ocu_skill_total,mts_details_wid,2007,3009.871
col,sex_t,ocu_skill_total,mts_details_wid,2008,140.733
col,sex_t,ocu_skill_total,mts_details_wid,2009,145.146
col,sex_t,ocu_skill_total,mts_details_wid,2010,129.001
col,sex_t,ocu_skill_total,mts_details_wid,2011,138.284
col,sex_t,ocu_skill_total,mts_details_wid,2012,146.269
col,sex_t,ocu_skill_total,mts_details_wid,2013,139.783
col,sex_t,ocu_skill_total,mts_details_wid,2014,146.457
col,sex_t,ocu_skill_total,mts_details_wid,2015,145.848
col,sex_t,ocu_skill_total,mts_details_wid,2016,148.959
col,sex_t,ocu_skill_total,mts_details_wid,2017,141.872
col,sex_t,ocu_skill_total,mts_details_wid,2018,132.895
col,sex_t,ocu_skill_total,mts_details_wid,2019,147.718
col,sex_t,ocu_skill_total,mts_details_wid,2021,127.096
col,sex_t,ocu_skill_total,mts_details_wid,2022,148.83
col,sex_t,ocu_skill_total,mts_details_wid,2023,163.526
col,sex_t,ocu_skill_total,mts_details_wid,2024,170.852
col,sex_t,ocu_skill_total,mts_details_wid,2025,160.001
col,sex_t,ocu_skill_x,mts_aggregate_1,2002,4.411
col,sex_t,ocu_skill_x,mts_aggregate_1,2003,0.99
col,sex_t,ocu_skill_x,mts_aggregate_1,2004,1.813
col,sex_t,ocu_skill_x,mts_aggregate_1,2005,0.75
col,sex_t,ocu_skill_x,mts_aggregate_1,2007,487.812
col,sex_t,ocu_skill_x,mts_aggregate_1,2008,3.836
col,sex_t,ocu_skill_x,mts_aggregate_1,2009,1.443
col,sex_t,ocu_skill_x,mts_aggregate_1,2010,1.003
col,sex_t,ocu_skill_x,mts_aggregate_1,2015,0.198
col,sex_t,ocu_skill_x,mts_aggregate_1,2022,6.056
col,sex_t,ocu_skill_x,mts_aggregate_1,2023,4.384
col,sex_t,ocu_skill_x,mts_aggregate_1,2024,4.074
col,sex_t,ocu_skill_x,mts_aggregate_1,2025,5.222
col,sex_t,ocu_skill_x,mts_aggregate_2,2002,4.008
col,sex_t,ocu_skill_x,mts_aggregate_2,2003,1.414
col,sex_t,ocu_skill_x,mts_aggregate_2,2004,4.402
col,sex_t,ocu_skill_x,mts_aggregate_2,2005,2.348
col,sex_t,ocu_skill_x,mts_aggregate_2,2007,269.879
col,sex_t,ocu_skill_x,mts_aggregate_2,2008,10.637
col,sex_t,ocu_skill_x,mts_aggregate_2,2009,3.19
col,sex_t,ocu_skill_x,mts_aggregate_2,2010,0.743
col,sex_t,ocu_skill_x,mts_aggregate_2,2011,0.435
col,sex_t,ocu_skill_x,mts_aggregate_2,2012,0.616
col,sex_t,ocu_skill_x,mts_aggregate_2,2013,0.434
col,sex_t,ocu_skill_x,mts_aggregate_2,2014,0.615
col,sex_t,ocu_skill_x,mts_aggregate_2,2017,0.659
col,sex_t,ocu_skill_x,mts_aggregate_2,2022,19.806
col,sex_t,ocu_skill_x,mts_aggregate_2,2023,16.217
col,sex_t,ocu_skill_x,mts_aggregate_2,2024,17.609
col,sex_t,ocu_skill_x,mts_aggregate_2,2025,13.953
col,sex_t,ocu_skill_x,mts_aggregate_total,2002,8.418
col,sex_t,ocu_skill_x,mts_aggregate_total,2003,2.404
col,sex_t,ocu_skill_x,mts_aggregate_total,2004,6.215
col,sex_t,ocu_skill_x,mts_aggregate_total,2005,3.098
col,sex_t,ocu_skill_x,mts_aggregate_total,2007,757.691
col,sex_t,ocu_skill_x,mts_aggregate_total,2008,14.473
col,sex_t,ocu_skill_x,mts_aggregate_total,2009,4.633
col,sex_t,ocu_skill_x,mts_aggregate_total,2010,1.746
col,sex_t,ocu_skill_x,mts_aggregate_total,2011,0.728
col,sex_t,ocu_skill_x,mts_aggregate_total,2012,0.621
col,sex_t,ocu_skill_x,mts_aggregate_total,2013,0.558
col,sex_t,ocu_skill_x,mts_aggregate_total,2014,0.877
col,sex_t,ocu_skill_x,mts_aggregate_total,2015,0.255
col,sex_t,ocu_skill_x,mts_aggregate_total,2016,0.639
col,sex_t,ocu_skill_x,mts_aggregate_total,2017,0.879
col,sex_t,ocu_skill_x,mts_aggregate_total,2022,25.862
col,sex_t,ocu_skill_x,mts_aggregate_total,2023,20.601
col,sex_t,ocu_skill_x,mts_aggregate_total,2024,21.683
col,sex_t,ocu_skill_x,mts_aggregate_total,2025,19.175
col,sex_t,ocu_skill_x,mts_details_mrd,2002,1.381
col,sex_t,ocu_skill_x,mts_details_mrd,2003,1.032
col,sex_t,ocu_skill_x,mts_details_mrd,2004,2.086
col,sex_t,ocu_skill_x,mts_details_mrd,2005,1.713
col,sex_t,ocu_skill_x,mts_details_mrd,2007,66.129
col,sex_t,ocu_skill_x,mts_details_mrd,2008,4.651
col,sex_t,ocu_skill_x,mts_details_mrd,2009,1.401
col,sex_t,ocu_skill_x,mts_details_mrd,2011,0.425
col,sex_t,ocu_skill_x,mts_details_mrd,2013,0.258
col,sex_t,ocu_skill_x,mts_details_mrd,2022,12.517
col,sex_t,ocu_skill_x,mts_details_mrd,2023,11.366
col,sex_t,ocu_skill_x,mts_details_mrd,2024,10.071
col,sex_t,ocu_skill_x,mts_details_mrd,2025,8.028
col,sex_t,ocu_skill_x,mts_details_sep,2002,0.687
col,sex_t,ocu_skill_x,mts_details_sep,2007,12.107
col,sex_t,ocu_skill_x,mts_details_sep,2008,0.838
col,sex_t,ocu_skill_x,mts_details_sep,2022,1.241
col,sex_t,ocu_skill_x,mts_details_sep,2023,0.594
col,sex_t,ocu_skill_x,mts_details_sep,2024,0.938
col,sex_t,ocu_skill_x,mts_details_sep,2025,0.883
col,sex_t,ocu_skill_x,mts_details_sgle,2002,3.638
col,sex_t,ocu_skill_x,mts_details_sgle,2003,0.579
col,sex_t,ocu_skill_x,mts_details_sgle,2004,1.581
col,sex_t,ocu_skill_x,mts_details_sgle,2005,0.579
col,sex_t,ocu_skill_x,mts_details_sgle,2007,217.758
col,sex_t,ocu_skill_x,mts_details_sgle,2008,2.893
col,sex_t,ocu_skill_x,mts_details_sgle,2009,1.198
col,sex_t,ocu_skill_x,mts_details_sgle,2010,0.826
col,sex_t,ocu_skill_x,mts_details_sgle,2022,4.169
col,sex_t,ocu_skill_x,mts_details_sgle,2023,3.764
col,sex_t,ocu_skill_x,mts_details_sgle,2024,3.124
col,sex_t,ocu_skill_x,mts_details_sgle,2025,3.936
col,sex_t,ocu_skill_x,mts_details_total,2002,8.418
col,sex_t,ocu_skill_x,mts_details_total,2003,2.404
col,sex_t,ocu_skill_x,mts_details_total,2004,6.215
col,sex_t,ocu_skill_x,mts_details_total,2005,3.098
col,sex_t,ocu_skill_x,mts_details_total,2007,757.691
col,sex_t,ocu_skill_x,mts_details_total,2008,14.473
col,sex_t,ocu_skill_x,mts_details_total,2009,4.633
col,sex_t,ocu_skill_x,mts_details_total,2010,1.746
col,sex_t,ocu_skill_x,mts_details_total,2011,0.728
col,sex_t,ocu_skill_x,mts_details_total,2012,0.621
col,sex_t,ocu_skill_x,mts_details_total,2013,0.558
col,sex_t,ocu_skill_x,mts_details_total,2014,0.877
col,sex_t,ocu_skill_x,mts_details_total,2015,0.255
col,sex_t,ocu_skill_x,mts_details_total,2016,0.639
col,sex_t,ocu_skill_x,mts_details_total,2017,0.879
col,sex_t,ocu_skill_x,mts_details_total,2022,25.862
col,sex_t,ocu_skill_x,mts_details_total,2023,20.601
col,sex_t,ocu_skill_x,mts_details_total,2024,21.683
col,sex_t,ocu_skill_x,mts_details_total,2025,19.175
col,sex_t,ocu_skill_x,mts_details_union,2002,2.627
col,sex_t,ocu_skill_x,mts_details_union,2003,0.382
col,sex_t,ocu_skill_x,mts_details_union,2004,2.316
col,sex_t,ocu_skill_x,mts_details_union,2005,0.635
col,sex_t,ocu_skill_x,mts_details_union,2007,203.75
col,sex_t,ocu_skill_x,mts_details_union,2008,5.986
col,sex_t,ocu_skill_x,mts_details_union,2009,1.789
col,sex_t,ocu_skill_x,mts_details_union,2010,0.717
col,sex_t,ocu_skill_x,mts_details_union,2012,0.168
col,sex_t,ocu_skill_x,mts_details_union,2014,0.58
col,sex_t,ocu_skill_x,mts_details_union,2017,0.595
col,sex_t,ocu_skill_x,mts_details_union,2022,7.29
col,sex_t,ocu_skill_x,mts_details_union,2023,4.851
col,sex_t,ocu_skill_x,mts_details_union,2024,7.538
col,sex_t,ocu_skill_x,mts_details_union,2025,5.925
col,sex_t,ocu_skill_x,mts_details_wid,2007,257.948
col,sex_t,ocu_skill_x,mts_details_wid,2008,0.104
