ref_area,sex,classif1,classif2,time,ees_tees_sex_eco_est_nb
arg,sex_f,eco_aggregate_agr,est_sizeaggregate_s1_4,2004,9.366
arg,sex_f,eco_aggregate_agr,est_sizeaggregate_s1_4,2005,7.554
arg,sex_f,eco_aggregate_agr,est_sizeaggregate_s1_4,2006,4.486
arg,sex_f,eco_aggregate_agr,est_sizeaggregate_s1_4,2008,2.154
arg,sex_f,eco_aggregate_agr,est_sizeaggregate_s1_4,2009,2.422
arg,sex_f,eco_aggregate_agr,est_sizeaggregate_s1_4,2010,2.136
arg,sex_f,eco_aggregate_agr,est_sizeaggregate_s1_4,2011,2.745
arg,sex_f,eco_aggregate_agr,est_sizeaggregate_s1_4,2012,1.856
arg,sex_f,eco_aggregate_agr,est_sizeaggregate_s1_4,2013,1.486
arg,sex_f,eco_aggregate_agr,est_sizeaggregate_s1_4,2014,0.48
arg,sex_f,eco_aggregate_agr,est_sizeaggregate_s1_4,2017,0.76
arg,sex_f,eco_aggregate_agr,est_sizeaggregate_s1_4,2018,1.65
arg,sex_f,eco_aggregate_agr,est_sizeaggregate_s1_4,2019,1.143
arg,sex_f,eco_aggregate_agr,est_sizeaggregate_s1_4,2020,1.216
arg,sex_f,eco_aggregate_agr,est_sizeaggregate_s1_4,2021,0.671
arg,sex_f,eco_aggregate_agr,est_sizeaggregate_s1_4,2022,3.551
arg,sex_f,eco_aggregate_agr,est_sizeaggregate_s1_4,2023,2.437
arg,sex_f,eco_aggregate_agr,est_sizeaggregate_s1_4,2024,2.555
arg,sex_f,eco_aggregate_agr,est_sizeaggregate_s5_49,2004,13.406
arg,sex_f,eco_aggregate_agr,est_sizeaggregate_s5_49,2005,12.819
arg,sex_f,eco_aggregate_agr,est_sizeaggregate_s5_49,2006,7.837
arg,sex_f,eco_aggregate_agr,est_sizeaggregate_s5_49,2008,3.221
arg,sex_f,eco_aggregate_agr,est_sizeaggregate_s5_49,2009,3.717
arg,sex_f,eco_aggregate_agr,est_sizeaggregate_s5_49,2010,2.882
arg,sex_f,eco_aggregate_agr,est_sizeaggregate_s5_49,2011,3.209
arg,sex_f,eco_aggregate_agr,est_sizeaggregate_s5_49,2012,2.213
arg,sex_f,eco_aggregate_agr,est_sizeaggregate_s5_49,2013,3.164
arg,sex_f,eco_aggregate_agr,est_sizeaggregate_s5_49,2014,2.393
arg,sex_f,eco_aggregate_agr,est_sizeaggregate_s5_49,2017,2.496
arg,sex_f,eco_aggregate_agr,est_sizeaggregate_s5_49,2018,2.219
arg,sex_f,eco_aggregate_agr,est_sizeaggregate_s5_49,2019,3.453
arg,sex_f,eco_aggregate_agr,est_sizeaggregate_s5_49,2020,3.824
arg,sex_f,eco_aggregate_agr,est_sizeaggregate_s5_49,2021,2.639
arg,sex_f,eco_aggregate_agr,est_sizeaggregate_s5_49,2022,5.819
arg,sex_f,eco_aggregate_agr,est_sizeaggregate_s5_49,2023,8.492
arg,sex_f,eco_aggregate_agr,est_sizeaggregate_s5_49,2024,4.645
arg,sex_f,eco_aggregate_agr,est_sizeaggregate_sge50,2004,5.037
arg,sex_f,eco_aggregate_agr,est_sizeaggregate_sge50,2005,2.937
arg,sex_f,eco_aggregate_agr,est_sizeaggregate_sge50,2006,2.57
arg,sex_f,eco_aggregate_agr,est_sizeaggregate_sge50,2008,2.454
arg,sex_f,eco_aggregate_agr,est_sizeaggregate_sge50,2009,3.156
arg,sex_f,eco_aggregate_agr,est_sizeaggregate_sge50,2010,2.488
arg,sex_f,eco_aggregate_agr,est_sizeaggregate_sge50,2011,0.893
arg,sex_f,eco_aggregate_agr,est_sizeaggregate_sge50,2012,1.329
arg,sex_f,eco_aggregate_agr,est_sizeaggregate_sge50,2013,0.28
arg,sex_f,eco_aggregate_agr,est_sizeaggregate_sge50,2014,1.801
arg,sex_f,eco_aggregate_agr,est_sizeaggregate_sge50,2017,1.017
arg,sex_f,eco_aggregate_agr,est_sizeaggregate_sge50,2018,1.042
arg,sex_f,eco_aggregate_agr,est_sizeaggregate_sge50,2019,1.63
arg,sex_f,eco_aggregate_agr,est_sizeaggregate_sge50,2020,2.544
arg,sex_f,eco_aggregate_agr,est_sizeaggregate_sge50,2021,1.57
arg,sex_f,eco_aggregate_agr,est_sizeaggregate_sge50,2022,3.207
arg,sex_f,eco_aggregate_agr,est_sizeaggregate_sge50,2023,4.294
arg,sex_f,eco_aggregate_agr,est_sizeaggregate_sge50,2024,5.001
arg,sex_f,eco_aggregate_agr,est_sizeaggregate_total,2004,32.282
arg,sex_f,eco_aggregate_agr,est_sizeaggregate_total,2005,26.516
arg,sex_f,eco_aggregate_agr,est_sizeaggregate_total,2006,16.404
arg,sex_f,eco_aggregate_agr,est_sizeaggregate_total,2008,9.561
arg,sex_f,eco_aggregate_agr,est_sizeaggregate_total,2009,10.142
arg,sex_f,eco_aggregate_agr,est_sizeaggregate_total,2010,8.241
arg,sex_f,eco_aggregate_agr,est_sizeaggregate_total,2011,7.398
arg,sex_f,eco_aggregate_agr,est_sizeaggregate_total,2012,6.85
arg,sex_f,eco_aggregate_agr,est_sizeaggregate_total,2013,6.081
arg,sex_f,eco_aggregate_agr,est_sizeaggregate_total,2014,5.479
arg,sex_f,eco_aggregate_agr,est_sizeaggregate_total,2017,5.545
arg,sex_f,eco_aggregate_agr,est_sizeaggregate_total,2018,5.452
arg,sex_f,eco_aggregate_agr,est_sizeaggregate_total,2019,7.808
arg,sex_f,eco_aggregate_agr,est_sizeaggregate_total,2020,8.435
arg,sex_f,eco_aggregate_agr,est_sizeaggregate_total,2021,7.97
arg,sex_f,eco_aggregate_agr,est_sizeaggregate_total,2022,14.842
arg,sex_f,eco_aggregate_agr,est_sizeaggregate_total,2023,17.843
arg,sex_f,eco_aggregate_agr,est_sizeaggregate_total,2024,15.426
arg,sex_f,eco_aggregate_agr,est_sizeaggregate_x,2004,4.474
arg,sex_f,eco_aggregate_agr,est_sizeaggregate_x,2005,3.206
arg,sex_f,eco_aggregate_agr,est_sizeaggregate_x,2006,1.512
arg,sex_f,eco_aggregate_agr,est_sizeaggregate_x,2008,1.733
arg,sex_f,eco_aggregate_agr,est_sizeaggregate_x,2009,0.847
arg,sex_f,eco_aggregate_agr,est_sizeaggregate_x,2010,0.735
arg,sex_f,eco_aggregate_agr,est_sizeaggregate_x,2012,1.452
arg,sex_f,eco_aggregate_agr,est_sizeaggregate_x,2013,1.15
arg,sex_f,eco_aggregate_agr,est_sizeaggregate_x,2014,0.804
arg,sex_f,eco_aggregate_agr,est_sizeaggregate_x,2017,1.272
arg,sex_f,eco_aggregate_agr,est_sizeaggregate_x,2018,0.541
arg,sex_f,eco_aggregate_agr,est_sizeaggregate_x,2019,1.582
arg,sex_f,eco_aggregate_agr,est_sizeaggregate_x,2020,0.851
arg,sex_f,eco_aggregate_agr,est_sizeaggregate_x,2021,3.089
arg,sex_f,eco_aggregate_agr,est_sizeaggregate_x,2022,2.264
arg,sex_f,eco_aggregate_agr,est_sizeaggregate_x,2023,2.62
arg,sex_f,eco_aggregate_agr,est_sizeaggregate_x,2024,3.225
arg,sex_f,eco_aggregate_con,est_sizeaggregate_s1_4,2004,3.763
arg,sex_f,eco_aggregate_con,est_sizeaggregate_s1_4,2005,3.56
arg,sex_f,eco_aggregate_con,est_sizeaggregate_s1_4,2006,3.852
arg,sex_f,eco_aggregate_con,est_sizeaggregate_s1_4,2008,2.444
arg,sex_f,eco_aggregate_con,est_sizeaggregate_s1_4,2009,1.544
arg,sex_f,eco_aggregate_con,est_sizeaggregate_s1_4,2010,2.26
arg,sex_f,eco_aggregate_con,est_sizeaggregate_s1_4,2011,1.842
arg,sex_f,eco_aggregate_con,est_sizeaggregate_s1_4,2012,3.44
arg,sex_f,eco_aggregate_con,est_sizeaggregate_s1_4,2013,4.35
arg,sex_f,eco_aggregate_con,est_sizeaggregate_s1_4,2014,2.558
arg,sex_f,eco_aggregate_con,est_sizeaggregate_s1_4,2017,6.519
arg,sex_f,eco_aggregate_con,est_sizeaggregate_s1_4,2018,7.176
arg,sex_f,eco_aggregate_con,est_sizeaggregate_s1_4,2019,5.79
arg,sex_f,eco_aggregate_con,est_sizeaggregate_s1_4,2020,3.424
arg,sex_f,eco_aggregate_con,est_sizeaggregate_s1_4,2021,3.733
arg,sex_f,eco_aggregate_con,est_sizeaggregate_s1_4,2022,6.663
arg,sex_f,eco_aggregate_con,est_sizeaggregate_s1_4,2023,8.055
arg,sex_f,eco_aggregate_con,est_sizeaggregate_s1_4,2024,7.708
arg,sex_f,eco_aggregate_con,est_sizeaggregate_s5_49,2004,2.944
arg,sex_f,eco_aggregate_con,est_sizeaggregate_s5_49,2005,4.961
arg,sex_f,eco_aggregate_con,est_sizeaggregate_s5_49,2006,5.626
arg,sex_f,eco_aggregate_con,est_sizeaggregate_s5_49,2008,6.823
arg,sex_f,eco_aggregate_con,est_sizeaggregate_s5_49,2009,5.455
arg,sex_f,eco_aggregate_con,est_sizeaggregate_s5_49,2010,7.068
arg,sex_f,eco_aggregate_con,est_sizeaggregate_s5_49,2011,8.525
arg,sex_f,eco_aggregate_con,est_sizeaggregate_s5_49,2012,7.987
arg,sex_f,eco_aggregate_con,est_sizeaggregate_s5_49,2013,5.237
arg,sex_f,eco_aggregate_con,est_sizeaggregate_s5_49,2014,7.151
arg,sex_f,eco_aggregate_con,est_sizeaggregate_s5_49,2017,8.518
arg,sex_f,eco_aggregate_con,est_sizeaggregate_s5_49,2018,8.394
arg,sex_f,eco_aggregate_con,est_sizeaggregate_s5_49,2019,10.569
arg,sex_f,eco_aggregate_con,est_sizeaggregate_s5_49,2020,6.605
arg,sex_f,eco_aggregate_con,est_sizeaggregate_s5_49,2021,9.343
arg,sex_f,eco_aggregate_con,est_sizeaggregate_s5_49,2022,8.956
arg,sex_f,eco_aggregate_con,est_sizeaggregate_s5_49,2023,12.32
arg,sex_f,eco_aggregate_con,est_sizeaggregate_s5_49,2024,12.663
arg,sex_f,eco_aggregate_con,est_sizeaggregate_sge50,2004,3.636
arg,sex_f,eco_aggregate_con,est_sizeaggregate_sge50,2005,4.407
arg,sex_f,eco_aggregate_con,est_sizeaggregate_sge50,2006,7.32
arg,sex_f,eco_aggregate_con,est_sizeaggregate_sge50,2008,3.985
arg,sex_f,eco_aggregate_con,est_sizeaggregate_sge50,2009,8.082
arg,sex_f,eco_aggregate_con,est_sizeaggregate_sge50,2010,6.754
arg,sex_f,eco_aggregate_con,est_sizeaggregate_sge50,2011,5.53
arg,sex_f,eco_aggregate_con,est_sizeaggregate_sge50,2012,8.275
arg,sex_f,eco_aggregate_con,est_sizeaggregate_sge50,2013,5.039
arg,sex_f,eco_aggregate_con,est_sizeaggregate_sge50,2014,3.758
arg,sex_f,eco_aggregate_con,est_sizeaggregate_sge50,2017,6.468
arg,sex_f,eco_aggregate_con,est_sizeaggregate_sge50,2018,7.099
arg,sex_f,eco_aggregate_con,est_sizeaggregate_sge50,2019,8.285
arg,sex_f,eco_aggregate_con,est_sizeaggregate_sge50,2020,9.935
arg,sex_f,eco_aggregate_con,est_sizeaggregate_sge50,2021,5.048
arg,sex_f,eco_aggregate_con,est_sizeaggregate_sge50,2022,6.138
arg,sex_f,eco_aggregate_con,est_sizeaggregate_sge50,2023,9.657
arg,sex_f,eco_aggregate_con,est_sizeaggregate_sge50,2024,12.091
arg,sex_f,eco_aggregate_con,est_sizeaggregate_total,2004,12.098
arg,sex_f,eco_aggregate_con,est_sizeaggregate_total,2005,16.364
arg,sex_f,eco_aggregate_con,est_sizeaggregate_total,2006,20.457
arg,sex_f,eco_aggregate_con,est_sizeaggregate_total,2008,16.828
arg,sex_f,eco_aggregate_con,est_sizeaggregate_total,2009,19.615
arg,sex_f,eco_aggregate_con,est_sizeaggregate_total,2010,18.146
arg,sex_f,eco_aggregate_con,est_sizeaggregate_total,2011,20.287
arg,sex_f,eco_aggregate_con,est_sizeaggregate_total,2012,23.44
arg,sex_f,eco_aggregate_con,est_sizeaggregate_total,2013,20.75
arg,sex_f,eco_aggregate_con,est_sizeaggregate_total,2014,20.18
arg,sex_f,eco_aggregate_con,est_sizeaggregate_total,2017,24.948
arg,sex_f,eco_aggregate_con,est_sizeaggregate_total,2018,28.622
arg,sex_f,eco_aggregate_con,est_sizeaggregate_total,2019,29.378
arg,sex_f,eco_aggregate_con,est_sizeaggregate_total,2020,22.166
arg,sex_f,eco_aggregate_con,est_sizeaggregate_total,2021,24.253
arg,sex_f,eco_aggregate_con,est_sizeaggregate_total,2022,29.313
arg,sex_f,eco_aggregate_con,est_sizeaggregate_total,2023,38.608
arg,sex_f,eco_aggregate_con,est_sizeaggregate_total,2024,37.919
arg,sex_f,eco_aggregate_con,est_sizeaggregate_x,2004,1.756
arg,sex_f,eco_aggregate_con,est_sizeaggregate_x,2005,3.437
arg,sex_f,eco_aggregate_con,est_sizeaggregate_x,2006,3.66
arg,sex_f,eco_aggregate_con,est_sizeaggregate_x,2008,3.576
arg,sex_f,eco_aggregate_con,est_sizeaggregate_x,2009,4.535
arg,sex_f,eco_aggregate_con,est_sizeaggregate_x,2010,2.064
arg,sex_f,eco_aggregate_con,est_sizeaggregate_x,2011,4.39
arg,sex_f,eco_aggregate_con,est_sizeaggregate_x,2012,3.738
arg,sex_f,eco_aggregate_con,est_sizeaggregate_x,2013,6.124
arg,sex_f,eco_aggregate_con,est_sizeaggregate_x,2014,6.713
arg,sex_f,eco_aggregate_con,est_sizeaggregate_x,2017,3.443
arg,sex_f,eco_aggregate_con,est_sizeaggregate_x,2018,5.953
arg,sex_f,eco_aggregate_con,est_sizeaggregate_x,2019,4.733
arg,sex_f,eco_aggregate_con,est_sizeaggregate_x,2020,2.202
arg,sex_f,eco_aggregate_con,est_sizeaggregate_x,2021,6.129
arg,sex_f,eco_aggregate_con,est_sizeaggregate_x,2022,7.556
arg,sex_f,eco_aggregate_con,est_sizeaggregate_x,2023,8.577
arg,sex_f,eco_aggregate_con,est_sizeaggregate_x,2024,5.458
arg,sex_f,eco_aggregate_man,est_sizeaggregate_s1_4,2004,55.395
arg,sex_f,eco_aggregate_man,est_sizeaggregate_s1_4,2005,60.244
arg,sex_f,eco_aggregate_man,est_sizeaggregate_s1_4,2006,62.998
arg,sex_f,eco_aggregate_man,est_sizeaggregate_s1_4,2008,55.521
arg,sex_f,eco_aggregate_man,est_sizeaggregate_s1_4,2009,50.775
arg,sex_f,eco_aggregate_man,est_sizeaggregate_s1_4,2010,44.775
arg,sex_f,eco_aggregate_man,est_sizeaggregate_s1_4,2011,63.366
arg,sex_f,eco_aggregate_man,est_sizeaggregate_s1_4,2012,50.13
arg,sex_f,eco_aggregate_man,est_sizeaggregate_s1_4,2013,48.461
arg,sex_f,eco_aggregate_man,est_sizeaggregate_s1_4,2014,36.39
arg,sex_f,eco_aggregate_man,est_sizeaggregate_s1_4,2017,57.413
arg,sex_f,eco_aggregate_man,est_sizeaggregate_s1_4,2018,55.561
arg,sex_f,eco_aggregate_man,est_sizeaggregate_s1_4,2019,48.984
arg,sex_f,eco_aggregate_man,est_sizeaggregate_s1_4,2020,46.581
arg,sex_f,eco_aggregate_man,est_sizeaggregate_s1_4,2021,40.818
arg,sex_f,eco_aggregate_man,est_sizeaggregate_s1_4,2022,54.096
arg,sex_f,eco_aggregate_man,est_sizeaggregate_s1_4,2023,65.707
arg,sex_f,eco_aggregate_man,est_sizeaggregate_s1_4,2024,55.359
arg,sex_f,eco_aggregate_man,est_sizeaggregate_s5_49,2004,100.93
arg,sex_f,eco_aggregate_man,est_sizeaggregate_s5_49,2005,96.199
arg,sex_f,eco_aggregate_man,est_sizeaggregate_s5_49,2006,89.975
arg,sex_f,eco_aggregate_man,est_sizeaggregate_s5_49,2008,79.786
arg,sex_f,eco_aggregate_man,est_sizeaggregate_s5_49,2009,86.24
arg,sex_f,eco_aggregate_man,est_sizeaggregate_s5_49,2010,75.168
arg,sex_f,eco_aggregate_man,est_sizeaggregate_s5_49,2011,70.887
arg,sex_f,eco_aggregate_man,est_sizeaggregate_s5_49,2012,73.398
arg,sex_f,eco_aggregate_man,est_sizeaggregate_s5_49,2013,66.066
arg,sex_f,eco_aggregate_man,est_sizeaggregate_s5_49,2014,61.517
arg,sex_f,eco_aggregate_man,est_sizeaggregate_s5_49,2017,68.546
arg,sex_f,eco_aggregate_man,est_sizeaggregate_s5_49,2018,65.858
arg,sex_f,eco_aggregate_man,est_sizeaggregate_s5_49,2019,71.86
arg,sex_f,eco_aggregate_man,est_sizeaggregate_s5_49,2020,49.605
arg,sex_f,eco_aggregate_man,est_sizeaggregate_s5_49,2021,54.877
arg,sex_f,eco_aggregate_man,est_sizeaggregate_s5_49,2022,72.152
arg,sex_f,eco_aggregate_man,est_sizeaggregate_s5_49,2023,80.006
arg,sex_f,eco_aggregate_man,est_sizeaggregate_s5_49,2024,64.266
arg,sex_f,eco_aggregate_man,est_sizeaggregate_sge50,2004,48.599
arg,sex_f,eco_aggregate_man,est_sizeaggregate_sge50,2005,52.012
arg,sex_f,eco_aggregate_man,est_sizeaggregate_sge50,2006,71.45
arg,sex_f,eco_aggregate_man,est_sizeaggregate_sge50,2008,76.311
arg,sex_f,eco_aggregate_man,est_sizeaggregate_sge50,2009,70.028
arg,sex_f,eco_aggregate_man,est_sizeaggregate_sge50,2010,74.826
arg,sex_f,eco_aggregate_man,est_sizeaggregate_sge50,2011,75.72
arg,sex_f,eco_aggregate_man,est_sizeaggregate_sge50,2012,66.601
arg,sex_f,eco_aggregate_man,est_sizeaggregate_sge50,2013,72.045
arg,sex_f,eco_aggregate_man,est_sizeaggregate_sge50,2014,62.028
arg,sex_f,eco_aggregate_man,est_sizeaggregate_sge50,2017,61.079
arg,sex_f,eco_aggregate_man,est_sizeaggregate_sge50,2018,57.962
arg,sex_f,eco_aggregate_man,est_sizeaggregate_sge50,2019,62.545
arg,sex_f,eco_aggregate_man,est_sizeaggregate_sge50,2020,59.591
arg,sex_f,eco_aggregate_man,est_sizeaggregate_sge50,2021,56.666
arg,sex_f,eco_aggregate_man,est_sizeaggregate_sge50,2022,71.774
arg,sex_f,eco_aggregate_man,est_sizeaggregate_sge50,2023,78.967
arg,sex_f,eco_aggregate_man,est_sizeaggregate_sge50,2024,66.856
arg,sex_f,eco_aggregate_man,est_sizeaggregate_total,2004,259.236
arg,sex_f,eco_aggregate_man,est_sizeaggregate_total,2005,264.864
arg,sex_f,eco_aggregate_man,est_sizeaggregate_total,2006,289.525
arg,sex_f,eco_aggregate_man,est_sizeaggregate_total,2008,275.172
arg,sex_f,eco_aggregate_man,est_sizeaggregate_total,2009,261.74
arg,sex_f,eco_aggregate_man,est_sizeaggregate_total,2010,259.501
arg,sex_f,eco_aggregate_man,est_sizeaggregate_total,2011,267.366
arg,sex_f,eco_aggregate_man,est_sizeaggregate_total,2012,253.575
arg,sex_f,eco_aggregate_man,est_sizeaggregate_total,2013,242.081
arg,sex_f,eco_aggregate_man,est_sizeaggregate_total,2014,217.672
arg,sex_f,eco_aggregate_man,est_sizeaggregate_total,2017,231.532
arg,sex_f,eco_aggregate_man,est_sizeaggregate_total,2018,230.663
arg,sex_f,eco_aggregate_man,est_sizeaggregate_total,2019,228.238
arg,sex_f,eco_aggregate_man,est_sizeaggregate_total,2020,188.113
arg,sex_f,eco_aggregate_man,est_sizeaggregate_total,2021,197.508
arg,sex_f,eco_aggregate_man,est_sizeaggregate_total,2022,260.107
arg,sex_f,eco_aggregate_man,est_sizeaggregate_total,2023,290.299
arg,sex_f,eco_aggregate_man,est_sizeaggregate_total,2024,243.524
arg,sex_f,eco_aggregate_man,est_sizeaggregate_x,2004,54.312
arg,sex_f,eco_aggregate_man,est_sizeaggregate_x,2005,56.409
arg,sex_f,eco_aggregate_man,est_sizeaggregate_x,2006,65.103
arg,sex_f,eco_aggregate_man,est_sizeaggregate_x,2008,63.554
arg,sex_f,eco_aggregate_man,est_sizeaggregate_x,2009,54.697
arg,sex_f,eco_aggregate_man,est_sizeaggregate_x,2010,64.732
arg,sex_f,eco_aggregate_man,est_sizeaggregate_x,2011,57.393
arg,sex_f,eco_aggregate_man,est_sizeaggregate_x,2012,63.446
arg,sex_f,eco_aggregate_man,est_sizeaggregate_x,2013,55.509
arg,sex_f,eco_aggregate_man,est_sizeaggregate_x,2014,57.736
arg,sex_f,eco_aggregate_man,est_sizeaggregate_x,2017,44.494
arg,sex_f,eco_aggregate_man,est_sizeaggregate_x,2018,51.282
arg,sex_f,eco_aggregate_man,est_sizeaggregate_x,2019,44.85
arg,sex_f,eco_aggregate_man,est_sizeaggregate_x,2020,32.337
arg,sex_f,eco_aggregate_man,est_sizeaggregate_x,2021,45.145
arg,sex_f,eco_aggregate_man,est_sizeaggregate_x,2022,62.086
arg,sex_f,eco_aggregate_man,est_sizeaggregate_x,2023,65.62
arg,sex_f,eco_aggregate_man,est_sizeaggregate_x,2024,57.043
arg,sex_f,eco_aggregate_mel,est_sizeaggregate_s1_4,2004,0.383
arg,sex_f,eco_aggregate_mel,est_sizeaggregate_s1_4,2005,0.391
arg,sex_f,eco_aggregate_mel,est_sizeaggregate_s1_4,2006,0.298
arg,sex_f,eco_aggregate_mel,est_sizeaggregate_s1_4,2010,0.253
arg,sex_f,eco_aggregate_mel,est_sizeaggregate_s1_4,2011,0.903
arg,sex_f,eco_aggregate_mel,est_sizeaggregate_s1_4,2012,0.258
arg,sex_f,eco_aggregate_mel,est_sizeaggregate_s1_4,2013,0.278
arg,sex_f,eco_aggregate_mel,est_sizeaggregate_s1_4,2014,1.226
arg,sex_f,eco_aggregate_mel,est_sizeaggregate_s1_4,2017,0.451
arg,sex_f,eco_aggregate_mel,est_sizeaggregate_s1_4,2018,0.6
arg,sex_f,eco_aggregate_mel,est_sizeaggregate_s1_4,2019,1.128
arg,sex_f,eco_aggregate_mel,est_sizeaggregate_s1_4,2020,0.604
arg,sex_f,eco_aggregate_mel,est_sizeaggregate_s1_4,2021,0.392
arg,sex_f,eco_aggregate_mel,est_sizeaggregate_s1_4,2022,0.992
arg,sex_f,eco_aggregate_mel,est_sizeaggregate_s1_4,2023,1.588
arg,sex_f,eco_aggregate_mel,est_sizeaggregate_s1_4,2024,2.435
arg,sex_f,eco_aggregate_mel,est_sizeaggregate_s5_49,2004,1.31
arg,sex_f,eco_aggregate_mel,est_sizeaggregate_s5_49,2005,1.826
arg,sex_f,eco_aggregate_mel,est_sizeaggregate_s5_49,2006,1.327
arg,sex_f,eco_aggregate_mel,est_sizeaggregate_s5_49,2008,1.721
arg,sex_f,eco_aggregate_mel,est_sizeaggregate_s5_49,2009,2.425
arg,sex_f,eco_aggregate_mel,est_sizeaggregate_s5_49,2010,2.451
arg,sex_f,eco_aggregate_mel,est_sizeaggregate_s5_49,2011,4.991
arg,sex_f,eco_aggregate_mel,est_sizeaggregate_s5_49,2012,5.502
arg,sex_f,eco_aggregate_mel,est_sizeaggregate_s5_49,2013,5.038
arg,sex_f,eco_aggregate_mel,est_sizeaggregate_s5_49,2014,5.452
arg,sex_f,eco_aggregate_mel,est_sizeaggregate_s5_49,2017,3.841
arg,sex_f,eco_aggregate_mel,est_sizeaggregate_s5_49,2018,5.404
arg,sex_f,eco_aggregate_mel,est_sizeaggregate_s5_49,2019,2.42
arg,sex_f,eco_aggregate_mel,est_sizeaggregate_s5_49,2020,4.9
arg,sex_f,eco_aggregate_mel,est_sizeaggregate_s5_49,2021,5.888
arg,sex_f,eco_aggregate_mel,est_sizeaggregate_s5_49,2022,5.622
arg,sex_f,eco_aggregate_mel,est_sizeaggregate_s5_49,2023,6.071
arg,sex_f,eco_aggregate_mel,est_sizeaggregate_s5_49,2024,6.273
arg,sex_f,eco_aggregate_mel,est_sizeaggregate_sge50,2004,9.359
arg,sex_f,eco_aggregate_mel,est_sizeaggregate_sge50,2005,7.945
arg,sex_f,eco_aggregate_mel,est_sizeaggregate_sge50,2006,7.78
arg,sex_f,eco_aggregate_mel,est_sizeaggregate_sge50,2008,9.563
arg,sex_f,eco_aggregate_mel,est_sizeaggregate_sge50,2009,6.998
arg,sex_f,eco_aggregate_mel,est_sizeaggregate_sge50,2010,10.221
arg,sex_f,eco_aggregate_mel,est_sizeaggregate_sge50,2011,12.444
arg,sex_f,eco_aggregate_mel,est_sizeaggregate_sge50,2012,14.96
arg,sex_f,eco_aggregate_mel,est_sizeaggregate_sge50,2013,12.07
arg,sex_f,eco_aggregate_mel,est_sizeaggregate_sge50,2014,11.299
arg,sex_f,eco_aggregate_mel,est_sizeaggregate_sge50,2017,9.967
arg,sex_f,eco_aggregate_mel,est_sizeaggregate_sge50,2018,12.849
arg,sex_f,eco_aggregate_mel,est_sizeaggregate_sge50,2019,15.742
arg,sex_f,eco_aggregate_mel,est_sizeaggregate_sge50,2020,16.026
arg,sex_f,eco_aggregate_mel,est_sizeaggregate_sge50,2021,15.286
arg,sex_f,eco_aggregate_mel,est_sizeaggregate_sge50,2022,17.416
arg,sex_f,eco_aggregate_mel,est_sizeaggregate_sge50,2023,12.912
arg,sex_f,eco_aggregate_mel,est_sizeaggregate_sge50,2024,18.412
arg,sex_f,eco_aggregate_mel,est_sizeaggregate_total,2004,12.627
arg,sex_f,eco_aggregate_mel,est_sizeaggregate_total,2005,12.049
arg,sex_f,eco_aggregate_mel,est_sizeaggregate_total,2006,11.416
arg,sex_f,eco_aggregate_mel,est_sizeaggregate_total,2008,15.094
arg,sex_f,eco_aggregate_mel,est_sizeaggregate_total,2009,10.823
arg,sex_f,eco_aggregate_mel,est_sizeaggregate_total,2010,15.168
arg,sex_f,eco_aggregate_mel,est_sizeaggregate_total,2011,24.177
arg,sex_f,eco_aggregate_mel,est_sizeaggregate_total,2012,27.005
arg,sex_f,eco_aggregate_mel,est_sizeaggregate_total,2013,19.501
arg,sex_f,eco_aggregate_mel,est_sizeaggregate_total,2014,21.678
arg,sex_f,eco_aggregate_mel,est_sizeaggregate_total,2017,17.489
arg,sex_f,eco_aggregate_mel,est_sizeaggregate_total,2018,21.936
arg,sex_f,eco_aggregate_mel,est_sizeaggregate_total,2019,22.071
arg,sex_f,eco_aggregate_mel,est_sizeaggregate_total,2020,23.543
arg,sex_f,eco_aggregate_mel,est_sizeaggregate_total,2021,27.625
arg,sex_f,eco_aggregate_mel,est_sizeaggregate_total,2022,31.932
arg,sex_f,eco_aggregate_mel,est_sizeaggregate_total,2023,26.673
arg,sex_f,eco_aggregate_mel,est_sizeaggregate_total,2024,34.599
arg,sex_f,eco_aggregate_mel,est_sizeaggregate_x,2004,1.574
arg,sex_f,eco_aggregate_mel,est_sizeaggregate_x,2005,1.887
arg,sex_f,eco_aggregate_mel,est_sizeaggregate_x,2006,2.01
arg,sex_f,eco_aggregate_mel,est_sizeaggregate_x,2008,3.724
arg,sex_f,eco_aggregate_mel,est_sizeaggregate_x,2009,1.351
arg,sex_f,eco_aggregate_mel,est_sizeaggregate_x,2010,2.244
arg,sex_f,eco_aggregate_mel,est_sizeaggregate_x,2011,5.839
arg,sex_f,eco_aggregate_mel,est_sizeaggregate_x,2012,6.286
arg,sex_f,eco_aggregate_mel,est_sizeaggregate_x,2013,2.114
arg,sex_f,eco_aggregate_mel,est_sizeaggregate_x,2014,3.7
arg,sex_f,eco_aggregate_mel,est_sizeaggregate_x,2017,3.23
arg,sex_f,eco_aggregate_mel,est_sizeaggregate_x,2018,3.083
arg,sex_f,eco_aggregate_mel,est_sizeaggregate_x,2019,2.782
arg,sex_f,eco_aggregate_mel,est_sizeaggregate_x,2020,2.013
arg,sex_f,eco_aggregate_mel,est_sizeaggregate_x,2021,6.059
arg,sex_f,eco_aggregate_mel,est_sizeaggregate_x,2022,7.903
arg,sex_f,eco_aggregate_mel,est_sizeaggregate_x,2023,6.101
arg,sex_f,eco_aggregate_mel,est_sizeaggregate_x,2024,7.479
arg,sex_f,eco_aggregate_mkt,est_sizeaggregate_s1_4,2004,267.391
arg,sex_f,eco_aggregate_mkt,est_sizeaggregate_s1_4,2005,261.25
arg,sex_f,eco_aggregate_mkt,est_sizeaggregate_s1_4,2006,282.266
arg,sex_f,eco_aggregate_mkt,est_sizeaggregate_s1_4,2008,313.817
arg,sex_f,eco_aggregate_mkt,est_sizeaggregate_s1_4,2009,338.332
arg,sex_f,eco_aggregate_mkt,est_sizeaggregate_s1_4,2010,332.092
arg,sex_f,eco_aggregate_mkt,est_sizeaggregate_s1_4,2011,315.92
arg,sex_f,eco_aggregate_mkt,est_sizeaggregate_s1_4,2012,297.204
arg,sex_f,eco_aggregate_mkt,est_sizeaggregate_s1_4,2013,297.182
arg,sex_f,eco_aggregate_mkt,est_sizeaggregate_s1_4,2014,301.714
arg,sex_f,eco_aggregate_mkt,est_sizeaggregate_s1_4,2017,310.301
arg,sex_f,eco_aggregate_mkt,est_sizeaggregate_s1_4,2018,327.44
arg,sex_f,eco_aggregate_mkt,est_sizeaggregate_s1_4,2019,330.992
arg,sex_f,eco_aggregate_mkt,est_sizeaggregate_s1_4,2020,265.19
arg,sex_f,eco_aggregate_mkt,est_sizeaggregate_s1_4,2021,303.61
arg,sex_f,eco_aggregate_mkt,est_sizeaggregate_s1_4,2022,339.454
arg,sex_f,eco_aggregate_mkt,est_sizeaggregate_s1_4,2023,378.117
arg,sex_f,eco_aggregate_mkt,est_sizeaggregate_s1_4,2024,394.752
arg,sex_f,eco_aggregate_mkt,est_sizeaggregate_s5_49,2004,209.862
arg,sex_f,eco_aggregate_mkt,est_sizeaggregate_s5_49,2005,222.66
arg,sex_f,eco_aggregate_mkt,est_sizeaggregate_s5_49,2006,265.224
arg,sex_f,eco_aggregate_mkt,est_sizeaggregate_s5_49,2008,287.978
arg,sex_f,eco_aggregate_mkt,est_sizeaggregate_s5_49,2009,281.087
arg,sex_f,eco_aggregate_mkt,est_sizeaggregate_s5_49,2010,305.343
arg,sex_f,eco_aggregate_mkt,est_sizeaggregate_s5_49,2011,322.538
arg,sex_f,eco_aggregate_mkt,est_sizeaggregate_s5_49,2012,316.806
arg,sex_f,eco_aggregate_mkt,est_sizeaggregate_s5_49,2013,293.27
arg,sex_f,eco_aggregate_mkt,est_sizeaggregate_s5_49,2014,286.866
arg,sex_f,eco_aggregate_mkt,est_sizeaggregate_s5_49,2017,342.789
arg,sex_f,eco_aggregate_mkt,est_sizeaggregate_s5_49,2018,352.718
arg,sex_f,eco_aggregate_mkt,est_sizeaggregate_s5_49,2019,333.163
arg,sex_f,eco_aggregate_mkt,est_sizeaggregate_s5_49,2020,255.549
arg,sex_f,eco_aggregate_mkt,est_sizeaggregate_s5_49,2021,314.76
arg,sex_f,eco_aggregate_mkt,est_sizeaggregate_s5_49,2022,338.068
arg,sex_f,eco_aggregate_mkt,est_sizeaggregate_s5_49,2023,391.768
arg,sex_f,eco_aggregate_mkt,est_sizeaggregate_s5_49,2024,427.513
arg,sex_f,eco_aggregate_mkt,est_sizeaggregate_sge50,2004,132.289
arg,sex_f,eco_aggregate_mkt,est_sizeaggregate_sge50,2005,146.074
arg,sex_f,eco_aggregate_mkt,est_sizeaggregate_sge50,2006,162.568
arg,sex_f,eco_aggregate_mkt,est_sizeaggregate_sge50,2008,169.863
arg,sex_f,eco_aggregate_mkt,est_sizeaggregate_sge50,2009,192.343
arg,sex_f,eco_aggregate_mkt,est_sizeaggregate_sge50,2010,193.598
arg,sex_f,eco_aggregate_mkt,est_sizeaggregate_sge50,2011,201.174
arg,sex_f,eco_aggregate_mkt,est_sizeaggregate_sge50,2012,205.078
arg,sex_f,eco_aggregate_mkt,est_sizeaggregate_sge50,2013,201.073
arg,sex_f,eco_aggregate_mkt,est_sizeaggregate_sge50,2014,198.734
arg,sex_f,eco_aggregate_mkt,est_sizeaggregate_sge50,2017,203.42
arg,sex_f,eco_aggregate_mkt,est_sizeaggregate_sge50,2018,197.964
arg,sex_f,eco_aggregate_mkt,est_sizeaggregate_sge50,2019,223.524
arg,sex_f,eco_aggregate_mkt,est_sizeaggregate_sge50,2020,218.415
arg,sex_f,eco_aggregate_mkt,est_sizeaggregate_sge50,2021,211.732
arg,sex_f,eco_aggregate_mkt,est_sizeaggregate_sge50,2022,243.588
arg,sex_f,eco_aggregate_mkt,est_sizeaggregate_sge50,2023,280.453
arg,sex_f,eco_aggregate_mkt,est_sizeaggregate_sge50,2024,299.147
arg,sex_f,eco_aggregate_mkt,est_sizeaggregate_total,2004,741.24
arg,sex_f,eco_aggregate_mkt,est_sizeaggregate_total,2005,771.611
arg,sex_f,eco_aggregate_mkt,est_sizeaggregate_total,2006,847.481
arg,sex_f,eco_aggregate_mkt,est_sizeaggregate_total,2008,961.525
arg,sex_f,eco_aggregate_mkt,est_sizeaggregate_total,2009,979.012
arg,sex_f,eco_aggregate_mkt,est_sizeaggregate_total,2010,992.696
arg,sex_f,eco_aggregate_mkt,est_sizeaggregate_total,2011,1021.812
arg,sex_f,eco_aggregate_mkt,est_sizeaggregate_total,2012,1014.593
arg,sex_f,eco_aggregate_mkt,est_sizeaggregate_total,2013,1003.414
arg,sex_f,eco_aggregate_mkt,est_sizeaggregate_total,2014,981.91
arg,sex_f,eco_aggregate_mkt,est_sizeaggregate_total,2017,1065.366
arg,sex_f,eco_aggregate_mkt,est_sizeaggregate_total,2018,1083.601
arg,sex_f,eco_aggregate_mkt,est_sizeaggregate_total,2019,1090.501
arg,sex_f,eco_aggregate_mkt,est_sizeaggregate_total,2020,913.95
arg,sex_f,eco_aggregate_mkt,est_sizeaggregate_total,2021,1051.482
arg,sex_f,eco_aggregate_mkt,est_sizeaggregate_total,2022,1185.565
arg,sex_f,eco_aggregate_mkt,est_sizeaggregate_total,2023,1358.037
arg,sex_f,eco_aggregate_mkt,est_sizeaggregate_total,2024,1420.632
arg,sex_f,eco_aggregate_mkt,est_sizeaggregate_x,2004,131.698
arg,sex_f,eco_aggregate_mkt,est_sizeaggregate_x,2005,141.626
arg,sex_f,eco_aggregate_mkt,est_sizeaggregate_x,2006,137.424
arg,sex_f,eco_aggregate_mkt,est_sizeaggregate_x,2008,189.868
arg,sex_f,eco_aggregate_mkt,est_sizeaggregate_x,2009,167.25
arg,sex_f,eco_aggregate_mkt,est_sizeaggregate_x,2010,161.664
arg,sex_f,eco_aggregate_mkt,est_sizeaggregate_x,2011,182.179
arg,sex_f,eco_aggregate_mkt,est_sizeaggregate_x,2012,195.506
arg,sex_f,eco_aggregate_mkt,est_sizeaggregate_x,2013,211.889
arg,sex_f,eco_aggregate_mkt,est_sizeaggregate_x,2014,194.597
arg,sex_f,eco_aggregate_mkt,est_sizeaggregate_x,2017,208.855
arg,sex_f,eco_aggregate_mkt,est_sizeaggregate_x,2018,205.478
arg,sex_f,eco_aggregate_mkt,est_sizeaggregate_x,2019,202.822
arg,sex_f,eco_aggregate_mkt,est_sizeaggregate_x,2020,174.796
arg,sex_f,eco_aggregate_mkt,est_sizeaggregate_x,2021,221.379
arg,sex_f,eco_aggregate_mkt,est_sizeaggregate_x,2022,264.455
arg,sex_f,eco_aggregate_mkt,est_sizeaggregate_x,2023,307.699
arg,sex_f,eco_aggregate_mkt,est_sizeaggregate_x,2024,299.221
arg,sex_f,eco_aggregate_pub,est_sizeaggregate_s1_4,2004,152.943
arg,sex_f,eco_aggregate_pub,est_sizeaggregate_s1_4,2005,151.975
arg,sex_f,eco_aggregate_pub,est_sizeaggregate_s1_4,2006,143.357
arg,sex_f,eco_aggregate_pub,est_sizeaggregate_s1_4,2008,127.317
arg,sex_f,eco_aggregate_pub,est_sizeaggregate_s1_4,2009,116.888
arg,sex_f,eco_aggregate_pub,est_sizeaggregate_s1_4,2010,116.436
arg,sex_f,eco_aggregate_pub,est_sizeaggregate_s1_4,2011,109.852
arg,sex_f,eco_aggregate_pub,est_sizeaggregate_s1_4,2012,95.975
arg,sex_f,eco_aggregate_pub,est_sizeaggregate_s1_4,2013,120.6
arg,sex_f,eco_aggregate_pub,est_sizeaggregate_s1_4,2014,118.917
arg,sex_f,eco_aggregate_pub,est_sizeaggregate_s1_4,2017,124.894
arg,sex_f,eco_aggregate_pub,est_sizeaggregate_s1_4,2018,116.353
arg,sex_f,eco_aggregate_pub,est_sizeaggregate_s1_4,2019,113.83
arg,sex_f,eco_aggregate_pub,est_sizeaggregate_s1_4,2020,98.639
arg,sex_f,eco_aggregate_pub,est_sizeaggregate_s1_4,2021,117.278
arg,sex_f,eco_aggregate_pub,est_sizeaggregate_s1_4,2022,142.577
arg,sex_f,eco_aggregate_pub,est_sizeaggregate_s1_4,2023,134.273
arg,sex_f,eco_aggregate_pub,est_sizeaggregate_s1_4,2024,128.493
arg,sex_f,eco_aggregate_pub,est_sizeaggregate_s5_49,2004,514.808
arg,sex_f,eco_aggregate_pub,est_sizeaggregate_s5_49,2005,470.46
arg,sex_f,eco_aggregate_pub,est_sizeaggregate_s5_49,2006,482.698
arg,sex_f,eco_aggregate_pub,est_sizeaggregate_s5_49,2008,459.04
arg,sex_f,eco_aggregate_pub,est_sizeaggregate_s5_49,2009,464.398
arg,sex_f,eco_aggregate_pub,est_sizeaggregate_s5_49,2010,439.792
arg,sex_f,eco_aggregate_pub,est_sizeaggregate_s5_49,2011,429.489
arg,sex_f,eco_aggregate_pub,est_sizeaggregate_s5_49,2012,440.307
arg,sex_f,eco_aggregate_pub,est_sizeaggregate_s5_49,2013,450.015
arg,sex_f,eco_aggregate_pub,est_sizeaggregate_s5_49,2014,432.066
arg,sex_f,eco_aggregate_pub,est_sizeaggregate_s5_49,2017,481.967
arg,sex_f,eco_aggregate_pub,est_sizeaggregate_s5_49,2018,469.826
arg,sex_f,eco_aggregate_pub,est_sizeaggregate_s5_49,2019,471.568
arg,sex_f,eco_aggregate_pub,est_sizeaggregate_s5_49,2020,467.21
arg,sex_f,eco_aggregate_pub,est_sizeaggregate_s5_49,2021,509.664
arg,sex_f,eco_aggregate_pub,est_sizeaggregate_s5_49,2022,501.536
arg,sex_f,eco_aggregate_pub,est_sizeaggregate_s5_49,2023,532.466
arg,sex_f,eco_aggregate_pub,est_sizeaggregate_s5_49,2024,543.312
arg,sex_f,eco_aggregate_pub,est_sizeaggregate_sge50,2004,500.941
arg,sex_f,eco_aggregate_pub,est_sizeaggregate_sge50,2005,540.715
arg,sex_f,eco_aggregate_pub,est_sizeaggregate_sge50,2006,569.57
arg,sex_f,eco_aggregate_pub,est_sizeaggregate_sge50,2008,578.272
arg,sex_f,eco_aggregate_pub,est_sizeaggregate_sge50,2009,639.946
arg,sex_f,eco_aggregate_pub,est_sizeaggregate_sge50,2010,650.042
arg,sex_f,eco_aggregate_pub,est_sizeaggregate_sge50,2011,636.388
arg,sex_f,eco_aggregate_pub,est_sizeaggregate_sge50,2012,662.243
arg,sex_f,eco_aggregate_pub,est_sizeaggregate_sge50,2013,650.534
arg,sex_f,eco_aggregate_pub,est_sizeaggregate_sge50,2014,689.944
arg,sex_f,eco_aggregate_pub,est_sizeaggregate_sge50,2017,701.527
arg,sex_f,eco_aggregate_pub,est_sizeaggregate_sge50,2018,692.431
arg,sex_f,eco_aggregate_pub,est_sizeaggregate_sge50,2019,731.316
arg,sex_f,eco_aggregate_pub,est_sizeaggregate_sge50,2020,804.745
arg,sex_f,eco_aggregate_pub,est_sizeaggregate_sge50,2021,849.544
arg,sex_f,eco_aggregate_pub,est_sizeaggregate_sge50,2022,748.934
arg,sex_f,eco_aggregate_pub,est_sizeaggregate_sge50,2023,757.798
arg,sex_f,eco_aggregate_pub,est_sizeaggregate_sge50,2024,768.339
arg,sex_f,eco_aggregate_pub,est_sizeaggregate_total,2004,2007.197
arg,sex_f,eco_aggregate_pub,est_sizeaggregate_total,2005,2062.908
arg,sex_f,eco_aggregate_pub,est_sizeaggregate_total,2006,2151.836
arg,sex_f,eco_aggregate_pub,est_sizeaggregate_total,2008,2159.094
arg,sex_f,eco_aggregate_pub,est_sizeaggregate_total,2009,2223.3
arg,sex_f,eco_aggregate_pub,est_sizeaggregate_total,2010,2221.215
arg,sex_f,eco_aggregate_pub,est_sizeaggregate_total,2011,2164.319
arg,sex_f,eco_aggregate_pub,est_sizeaggregate_total,2012,2231.279
arg,sex_f,eco_aggregate_pub,est_sizeaggregate_total,2013,2271.927
arg,sex_f,eco_aggregate_pub,est_sizeaggregate_total,2014,2325.847
arg,sex_f,eco_aggregate_pub,est_sizeaggregate_total,2017,2416.626
arg,sex_f,eco_aggregate_pub,est_sizeaggregate_total,2018,2463.693
arg,sex_f,eco_aggregate_pub,est_sizeaggregate_total,2019,2534.524
arg,sex_f,eco_aggregate_pub,est_sizeaggregate_total,2020,2375.549
arg,sex_f,eco_aggregate_pub,est_sizeaggregate_total,2021,2519.495
arg,sex_f,eco_aggregate_pub,est_sizeaggregate_total,2022,2624.724
arg,sex_f,eco_aggregate_pub,est_sizeaggregate_total,2023,2665.94
arg,sex_f,eco_aggregate_pub,est_sizeaggregate_total,2024,2644.483
arg,sex_f,eco_aggregate_pub,est_sizeaggregate_x,2004,838.504
arg,sex_f,eco_aggregate_pub,est_sizeaggregate_x,2005,899.758
arg,sex_f,eco_aggregate_pub,est_sizeaggregate_x,2006,956.211
arg,sex_f,eco_aggregate_pub,est_sizeaggregate_x,2008,994.464
arg,sex_f,eco_aggregate_pub,est_sizeaggregate_x,2009,1002.068
arg,sex_f,eco_aggregate_pub,est_sizeaggregate_x,2010,1014.946
arg,sex_f,eco_aggregate_pub,est_sizeaggregate_x,2011,988.59
arg,sex_f,eco_aggregate_pub,est_sizeaggregate_x,2012,1032.755
arg,sex_f,eco_aggregate_pub,est_sizeaggregate_x,2013,1050.777
arg,sex_f,eco_aggregate_pub,est_sizeaggregate_x,2014,1084.919
arg,sex_f,eco_aggregate_pub,est_sizeaggregate_x,2017,1108.238
arg,sex_f,eco_aggregate_pub,est_sizeaggregate_x,2018,1185.083
arg,sex_f,eco_aggregate_pub,est_sizeaggregate_x,2019,1217.809
arg,sex_f,eco_aggregate_pub,est_sizeaggregate_x,2020,1004.955
arg,sex_f,eco_aggregate_pub,est_sizeaggregate_x,2021,1043.009
arg,sex_f,eco_aggregate_pub,est_sizeaggregate_x,2022,1231.678
arg,sex_f,eco_aggregate_pub,est_sizeaggregate_x,2023,1241.403
arg,sex_f,eco_aggregate_pub,est_sizeaggregate_x,2024,1204.338
arg,sex_f,eco_aggregate_total,est_sizeaggregate_s1_4,2004,489.34
arg,sex_f,eco_aggregate_total,est_sizeaggregate_s1_4,2005,485.07
arg,sex_f,eco_aggregate_total,est_sizeaggregate_s1_4,2006,498.075
arg,sex_f,eco_aggregate_total,est_sizeaggregate_s1_4,2008,505.228
arg,sex_f,eco_aggregate_total,est_sizeaggregate_s1_4,2009,510.796
arg,sex_f,eco_aggregate_total,est_sizeaggregate_s1_4,2010,499.762
arg,sex_f,eco_aggregate_total,est_sizeaggregate_s1_4,2011,505.144
arg,sex_f,eco_aggregate_total,est_sizeaggregate_s1_4,2012,459.631
arg,sex_f,eco_aggregate_total,est_sizeaggregate_s1_4,2013,484.91
arg,sex_f,eco_aggregate_total,est_sizeaggregate_s1_4,2014,481.665
arg,sex_f,eco_aggregate_total,est_sizeaggregate_s1_4,2017,511.86
arg,sex_f,eco_aggregate_total,est_sizeaggregate_s1_4,2018,522.173
arg,sex_f,eco_aggregate_total,est_sizeaggregate_s1_4,2019,517.458
arg,sex_f,eco_aggregate_total,est_sizeaggregate_s1_4,2020,424.425
arg,sex_f,eco_aggregate_total,est_sizeaggregate_s1_4,2021,487.704
arg,sex_f,eco_aggregate_total,est_sizeaggregate_s1_4,2022,561.906
arg,sex_f,eco_aggregate_total,est_sizeaggregate_s1_4,2023,606.03
arg,sex_f,eco_aggregate_total,est_sizeaggregate_s1_4,2024,601.29
arg,sex_f,eco_aggregate_total,est_sizeaggregate_s5_49,2004,844.662
arg,sex_f,eco_aggregate_total,est_sizeaggregate_s5_49,2005,809.758
arg,sex_f,eco_aggregate_total,est_sizeaggregate_s5_49,2006,853.698
arg,sex_f,eco_aggregate_total,est_sizeaggregate_s5_49,2008,842.039
arg,sex_f,eco_aggregate_total,est_sizeaggregate_s5_49,2009,845.325
arg,sex_f,eco_aggregate_total,est_sizeaggregate_s5_49,2010,837.886
arg,sex_f,eco_aggregate_total,est_sizeaggregate_s5_49,2011,876.584
arg,sex_f,eco_aggregate_total,est_sizeaggregate_s5_49,2012,885.182
arg,sex_f,eco_aggregate_total,est_sizeaggregate_s5_49,2013,853.768
arg,sex_f,eco_aggregate_total,est_sizeaggregate_s5_49,2014,835.576
arg,sex_f,eco_aggregate_total,est_sizeaggregate_s5_49,2017,945.008
arg,sex_f,eco_aggregate_total,est_sizeaggregate_s5_49,2018,948.238
arg,sex_f,eco_aggregate_total,est_sizeaggregate_s5_49,2019,932.314
arg,sex_f,eco_aggregate_total,est_sizeaggregate_s5_49,2020,819.009
arg,sex_f,eco_aggregate_total,est_sizeaggregate_s5_49,2021,931.976
arg,sex_f,eco_aggregate_total,est_sizeaggregate_s5_49,2022,974.443
arg,sex_f,eco_aggregate_total,est_sizeaggregate_s5_49,2023,1070.176
arg,sex_f,eco_aggregate_total,est_sizeaggregate_s5_49,2024,1088.902
arg,sex_f,eco_aggregate_total,est_sizeaggregate_sge50,2004,700.484
arg,sex_f,eco_aggregate_total,est_sizeaggregate_sge50,2005,755.766
arg,sex_f,eco_aggregate_total,est_sizeaggregate_sge50,2006,821.524
arg,sex_f,eco_aggregate_total,est_sizeaggregate_sge50,2008,843.061
arg,sex_f,eco_aggregate_total,est_sizeaggregate_sge50,2009,927.338
arg,sex_f,eco_aggregate_total,est_sizeaggregate_sge50,2010,942.863
arg,sex_f,eco_aggregate_total,est_sizeaggregate_sge50,2011,962.345
arg,sex_f,eco_aggregate_total,est_sizeaggregate_sge50,2012,988.446
arg,sex_f,eco_aggregate_total,est_sizeaggregate_sge50,2013,970.041
arg,sex_f,eco_aggregate_total,est_sizeaggregate_sge50,2014,1002.074
arg,sex_f,eco_aggregate_total,est_sizeaggregate_sge50,2017,1014.388
arg,sex_f,eco_aggregate_total,est_sizeaggregate_sge50,2018,998.005
arg,sex_f,eco_aggregate_total,est_sizeaggregate_sge50,2019,1064.683
arg,sex_f,eco_aggregate_total,est_sizeaggregate_sge50,2020,1129.835
arg,sex_f,eco_aggregate_total,est_sizeaggregate_sge50,2021,1170.717
arg,sex_f,eco_aggregate_total,est_sizeaggregate_sge50,2022,1126.802
arg,sex_f,eco_aggregate_total,est_sizeaggregate_sge50,2023,1175.394
arg,sex_f,eco_aggregate_total,est_sizeaggregate_sge50,2024,1189.009
arg,sex_f,eco_aggregate_total,est_sizeaggregate_total,2004,3071.144
arg,sex_f,eco_aggregate_total,est_sizeaggregate_total,2005,3162.886
arg,sex_f,eco_aggregate_total,est_sizeaggregate_total,2006,3343.149
arg,sex_f,eco_aggregate_total,est_sizeaggregate_total,2008,3457.398
arg,sex_f,eco_aggregate_total,est_sizeaggregate_total,2009,3520.11
arg,sex_f,eco_aggregate_total,est_sizeaggregate_total,2010,3533.074
arg,sex_f,eco_aggregate_total,est_sizeaggregate_total,2011,3608.771
arg,sex_f,eco_aggregate_total,est_sizeaggregate_total,2012,3662.987
arg,sex_f,eco_aggregate_total,est_sizeaggregate_total,2013,3674.125
arg,sex_f,eco_aggregate_total,est_sizeaggregate_total,2014,3707.249
arg,sex_f,eco_aggregate_total,est_sizeaggregate_total,2017,3872.412
arg,sex_f,eco_aggregate_total,est_sizeaggregate_total,2018,3954.63
arg,sex_f,eco_aggregate_total,est_sizeaggregate_total,2019,4014.206
arg,sex_f,eco_aggregate_total,est_sizeaggregate_total,2020,3612.976
arg,sex_f,eco_aggregate_total,est_sizeaggregate_total,2021,3959.513
arg,sex_f,eco_aggregate_total,est_sizeaggregate_total,2022,4295.208
arg,sex_f,eco_aggregate_total,est_sizeaggregate_total,2023,4525.251
arg,sex_f,eco_aggregate_total,est_sizeaggregate_total,2024,4495.808
arg,sex_f,eco_aggregate_total,est_sizeaggregate_x,2004,1036.658
arg,sex_f,eco_aggregate_total,est_sizeaggregate_x,2005,1112.292
arg,sex_f,eco_aggregate_total,est_sizeaggregate_x,2006,1169.851
arg,sex_f,eco_aggregate_total,est_sizeaggregate_x,2008,1267.071
arg,sex_f,eco_aggregate_total,est_sizeaggregate_x,2009,1236.65
arg,sex_f,eco_aggregate_total,est_sizeaggregate_x,2010,1252.562
arg,sex_f,eco_aggregate_total,est_sizeaggregate_x,2011,1264.698
arg,sex_f,eco_aggregate_total,est_sizeaggregate_x,2012,1329.728
arg,sex_f,eco_aggregate_total,est_sizeaggregate_x,2013,1365.407
arg,sex_f,eco_aggregate_total,est_sizeaggregate_x,2014,1387.934
arg,sex_f,eco_aggregate_total,est_sizeaggregate_x,2017,1401.157
arg,sex_f,eco_aggregate_total,est_sizeaggregate_x,2018,1486.213
arg,sex_f,eco_aggregate_total,est_sizeaggregate_x,2019,1499.752
arg,sex_f,eco_aggregate_total,est_sizeaggregate_x,2020,1239.707
arg,sex_f,eco_aggregate_total,est_sizeaggregate_x,2021,1369.116
arg,sex_f,eco_aggregate_total,est_sizeaggregate_x,2022,1632.056
arg,sex_f,eco_aggregate_total,est_sizeaggregate_x,2023,1673.651
arg,sex_f,eco_aggregate_total,est_sizeaggregate_x,2024,1616.608
arg,sex_f,eco_aggregate_x,est_sizeaggregate_s1_4,2006,0.819
arg,sex_f,eco_aggregate_x,est_sizeaggregate_s1_4,2008,3.89
arg,sex_f,eco_aggregate_x,est_sizeaggregate_s1_4,2009,0.787
arg,sex_f,eco_aggregate_x,est_sizeaggregate_s1_4,2010,1.812
arg,sex_f,eco_aggregate_x,est_sizeaggregate_s1_4,2011,10.516
arg,sex_f,eco_aggregate_x,est_sizeaggregate_s1_4,2012,10.768
arg,sex_f,eco_aggregate_x,est_sizeaggregate_s1_4,2013,12.552
arg,sex_f,eco_aggregate_x,est_sizeaggregate_s1_4,2014,20.38
arg,sex_f,eco_aggregate_x,est_sizeaggregate_s1_4,2017,11.523
arg,sex_f,eco_aggregate_x,est_sizeaggregate_s1_4,2018,13.394
arg,sex_f,eco_aggregate_x,est_sizeaggregate_s1_4,2019,15.591
arg,sex_f,eco_aggregate_x,est_sizeaggregate_s1_4,2020,8.772
arg,sex_f,eco_aggregate_x,est_sizeaggregate_s1_4,2021,21.201
arg,sex_f,eco_aggregate_x,est_sizeaggregate_s1_4,2022,14.575
arg,sex_f,eco_aggregate_x,est_sizeaggregate_s1_4,2023,15.853
arg,sex_f,eco_aggregate_x,est_sizeaggregate_s1_4,2024,9.988
arg,sex_f,eco_aggregate_x,est_sizeaggregate_s5_49,2004,1.402
arg,sex_f,eco_aggregate_x,est_sizeaggregate_s5_49,2005,0.833
arg,sex_f,eco_aggregate_x,est_sizeaggregate_s5_49,2006,1.011
arg,sex_f,eco_aggregate_x,est_sizeaggregate_s5_49,2008,3.47
arg,sex_f,eco_aggregate_x,est_sizeaggregate_s5_49,2009,2.003
arg,sex_f,eco_aggregate_x,est_sizeaggregate_s5_49,2010,5.183
arg,sex_f,eco_aggregate_x,est_sizeaggregate_s5_49,2011,36.944
arg,sex_f,eco_aggregate_x,est_sizeaggregate_s5_49,2012,38.969
arg,sex_f,eco_aggregate_x,est_sizeaggregate_s5_49,2013,30.977
arg,sex_f,eco_aggregate_x,est_sizeaggregate_s5_49,2014,40.13
arg,sex_f,eco_aggregate_x,est_sizeaggregate_s5_49,2017,36.85
arg,sex_f,eco_aggregate_x,est_sizeaggregate_s5_49,2018,43.82
arg,sex_f,eco_aggregate_x,est_sizeaggregate_s5_49,2019,39.281
arg,sex_f,eco_aggregate_x,est_sizeaggregate_s5_49,2020,31.317
arg,sex_f,eco_aggregate_x,est_sizeaggregate_s5_49,2021,34.805
arg,sex_f,eco_aggregate_x,est_sizeaggregate_s5_49,2022,42.289
arg,sex_f,eco_aggregate_x,est_sizeaggregate_s5_49,2023,39.053
arg,sex_f,eco_aggregate_x,est_sizeaggregate_s5_49,2024,30.23
arg,sex_f,eco_aggregate_x,est_sizeaggregate_sge50,2004,0.624
arg,sex_f,eco_aggregate_x,est_sizeaggregate_sge50,2005,1.676
arg,sex_f,eco_aggregate_x,est_sizeaggregate_sge50,2006,0.268
arg,sex_f,eco_aggregate_x,est_sizeaggregate_sge50,2008,2.613
arg,sex_f,eco_aggregate_x,est_sizeaggregate_sge50,2009,6.783
arg,sex_f,eco_aggregate_x,est_sizeaggregate_sge50,2010,4.934
arg,sex_f,eco_aggregate_x,est_sizeaggregate_sge50,2011,30.196
arg,sex_f,eco_aggregate_x,est_sizeaggregate_sge50,2012,29.96
arg,sex_f,eco_aggregate_x,est_sizeaggregate_sge50,2013,28.999
arg,sex_f,eco_aggregate_x,est_sizeaggregate_sge50,2014,34.509
arg,sex_f,eco_aggregate_x,est_sizeaggregate_sge50,2017,30.91
arg,sex_f,eco_aggregate_x,est_sizeaggregate_sge50,2018,28.657
arg,sex_f,eco_aggregate_x,est_sizeaggregate_sge50,2019,21.642
arg,sex_f,eco_aggregate_x,est_sizeaggregate_sge50,2020,18.579
arg,sex_f,eco_aggregate_x,est_sizeaggregate_sge50,2021,30.87
arg,sex_f,eco_aggregate_x,est_sizeaggregate_sge50,2022,35.747
arg,sex_f,eco_aggregate_x,est_sizeaggregate_sge50,2023,31.312
arg,sex_f,eco_aggregate_x,est_sizeaggregate_sge50,2024,19.164
arg,sex_f,eco_aggregate_x,est_sizeaggregate_total,2004,6.464
arg,sex_f,eco_aggregate_x,est_sizeaggregate_total,2005,8.573
arg,sex_f,eco_aggregate_x,est_sizeaggregate_total,2006,6.03
arg,sex_f,eco_aggregate_x,est_sizeaggregate_total,2008,20.123
arg,sex_f,eco_aggregate_x,est_sizeaggregate_total,2009,15.477
arg,sex_f,eco_aggregate_x,est_sizeaggregate_total,2010,18.106
arg,sex_f,eco_aggregate_x,est_sizeaggregate_total,2011,103.413
arg,sex_f,eco_aggregate_x,est_sizeaggregate_total,2012,106.244
arg,sex_f,eco_aggregate_x,est_sizeaggregate_total,2013,110.371
arg,sex_f,eco_aggregate_x,est_sizeaggregate_total,2014,134.484
arg,sex_f,eco_aggregate_x,est_sizeaggregate_total,2017,110.908
arg,sex_f,eco_aggregate_x,est_sizeaggregate_total,2018,120.663
arg,sex_f,eco_aggregate_x,est_sizeaggregate_total,2019,101.687
arg,sex_f,eco_aggregate_x,est_sizeaggregate_total,2020,81.22
arg,sex_f,eco_aggregate_x,est_sizeaggregate_total,2021,131.182
arg,sex_f,eco_aggregate_x,est_sizeaggregate_total,2022,148.725
arg,sex_f,eco_aggregate_x,est_sizeaggregate_total,2023,127.85
arg,sex_f,eco_aggregate_x,est_sizeaggregate_total,2024,99.225
arg,sex_f,eco_aggregate_x,est_sizeaggregate_x,2004,4.34
arg,sex_f,eco_aggregate_x,est_sizeaggregate_x,2005,5.97
arg,sex_f,eco_aggregate_x,est_sizeaggregate_x,2006,3.932
arg,sex_f,eco_aggregate_x,est_sizeaggregate_x,2008,10.151
arg,sex_f,eco_aggregate_x,est_sizeaggregate_x,2009,5.904
arg,sex_f,eco_aggregate_x,est_sizeaggregate_x,2010,6.178
arg,sex_f,eco_aggregate_x,est_sizeaggregate_x,2011,25.756
arg,sex_f,eco_aggregate_x,est_sizeaggregate_x,2012,26.547
arg,sex_f,eco_aggregate_x,est_sizeaggregate_x,2013,37.843
arg,sex_f,eco_aggregate_x,est_sizeaggregate_x,2014,39.465
arg,sex_f,eco_aggregate_x,est_sizeaggregate_x,2017,31.625
arg,sex_f,eco_aggregate_x,est_sizeaggregate_x,2018,34.793
arg,sex_f,eco_aggregate_x,est_sizeaggregate_x,2019,25.173
arg,sex_f,eco_aggregate_x,est_sizeaggregate_x,2020,22.553
arg,sex_f,eco_aggregate_x,est_sizeaggregate_x,2021,44.306
arg,sex_f,eco_aggregate_x,est_sizeaggregate_x,2022,56.115
arg,sex_f,eco_aggregate_x,est_sizeaggregate_x,2023,41.632
arg,sex_f,eco_aggregate_x,est_sizeaggregate_x,2024,39.843
arg,sex_f,eco_isic3_a,est_sizeaggregate_s1_4,2004,9.366
arg,sex_f,eco_isic3_a,est_sizeaggregate_s1_4,2005,7.554
arg,sex_f,eco_isic3_a,est_sizeaggregate_s1_4,2006,4.486
arg,sex_f,eco_isic3_a,est_sizeaggregate_s1_4,2008,2.154
arg,sex_f,eco_isic3_a,est_sizeaggregate_s1_4,2009,2.304
arg,sex_f,eco_isic3_a,est_sizeaggregate_s1_4,2010,2.042
arg,sex_f,eco_isic3_a,est_sizeaggregate_s5_49,2004,12.788
arg,sex_f,eco_isic3_a,est_sizeaggregate_s5_49,2005,12.562
arg,sex_f,eco_isic3_a,est_sizeaggregate_s5_49,2006,7.837
arg,sex_f,eco_isic3_a,est_sizeaggregate_s5_49,2008,2.943
arg,sex_f,eco_isic3_a,est_sizeaggregate_s5_49,2009,3.255
arg,sex_f,eco_isic3_a,est_sizeaggregate_s5_49,2010,2.882
arg,sex_f,eco_isic3_a,est_sizeaggregate_sge50,2004,4.228
arg,sex_f,eco_isic3_a,est_sizeaggregate_sge50,2005,2.808
arg,sex_f,eco_isic3_a,est_sizeaggregate_sge50,2006,2.176
arg,sex_f,eco_isic3_a,est_sizeaggregate_sge50,2008,2.086
arg,sex_f,eco_isic3_a,est_sizeaggregate_sge50,2009,2.159
arg,sex_f,eco_isic3_a,est_sizeaggregate_sge50,2010,1.574
arg,sex_f,eco_isic3_a,est_sizeaggregate_total,2004,30.55
arg,sex_f,eco_isic3_a,est_sizeaggregate_total,2005,25.709
arg,sex_f,eco_isic3_a,est_sizeaggregate_total,2006,15.938
arg,sex_f,eco_isic3_a,est_sizeaggregate_total,2008,8.786
arg,sex_f,eco_isic3_a,est_sizeaggregate_total,2009,8.47
arg,sex_f,eco_isic3_a,est_sizeaggregate_total,2010,7.216
arg,sex_f,eco_isic3_a,est_sizeaggregate_x,2004,4.169
arg,sex_f,eco_isic3_a,est_sizeaggregate_x,2005,2.784
arg,sex_f,eco_isic3_a,est_sizeaggregate_x,2006,1.439
arg,sex_f,eco_isic3_a,est_sizeaggregate_x,2008,1.603
arg,sex_f,eco_isic3_a,est_sizeaggregate_x,2009,0.753
arg,sex_f,eco_isic3_a,est_sizeaggregate_x,2010,0.718
arg,sex_f,eco_isic3_b,est_sizeaggregate_s5_49,2006,0
arg,sex_f,eco_isic3_b,est_sizeaggregate_s5_49,2008,0.278
arg,sex_f,eco_isic3_b,est_sizeaggregate_s5_49,2009,0.462
arg,sex_f,eco_isic3_b,est_sizeaggregate_s5_49,2010,0
arg,sex_f,eco_isic3_b,est_sizeaggregate_sge50,2008,0.368
arg,sex_f,eco_isic3_b,est_sizeaggregate_sge50,2009,0.998
arg,sex_f,eco_isic3_b,est_sizeaggregate_sge50,2010,0.914
arg,sex_f,eco_isic3_b,est_sizeaggregate_total,2004,1.732
arg,sex_f,eco_isic3_b,est_sizeaggregate_total,2005,0.807
arg,sex_f,eco_isic3_b,est_sizeaggregate_total,2008,0.775
arg,sex_f,eco_isic3_b,est_sizeaggregate_total,2009,1.672
arg,sex_f,eco_isic3_b,est_sizeaggregate_total,2010,1.025
arg,sex_f,eco_isic3_b,est_sizeaggregate_x,2005,0.421
arg,sex_f,eco_isic3_c,est_sizeaggregate_s1_4,2008,0
arg,sex_f,eco_isic3_c,est_sizeaggregate_s1_4,2009,0
arg,sex_f,eco_isic3_c,est_sizeaggregate_s1_4,2010,0.253
arg,sex_f,eco_isic3_c,est_sizeaggregate_s5_49,2004,0.506
arg,sex_f,eco_isic3_c,est_sizeaggregate_s5_49,2005,0.484
arg,sex_f,eco_isic3_c,est_sizeaggregate_s5_49,2006,0.354
arg,sex_f,eco_isic3_c,est_sizeaggregate_s5_49,2008,1.072
arg,sex_f,eco_isic3_c,est_sizeaggregate_s5_49,2009,0.748
arg,sex_f,eco_isic3_c,est_sizeaggregate_s5_49,2010,0.904
arg,sex_f,eco_isic3_c,est_sizeaggregate_sge50,2004,3.191
arg,sex_f,eco_isic3_c,est_sizeaggregate_sge50,2005,2.813
arg,sex_f,eco_isic3_c,est_sizeaggregate_sge50,2006,3.028
arg,sex_f,eco_isic3_c,est_sizeaggregate_sge50,2008,2.516
arg,sex_f,eco_isic3_c,est_sizeaggregate_sge50,2009,3.084
arg,sex_f,eco_isic3_c,est_sizeaggregate_sge50,2010,4.641
arg,sex_f,eco_isic3_c,est_sizeaggregate_total,2004,3.925
arg,sex_f,eco_isic3_c,est_sizeaggregate_total,2005,4.435
arg,sex_f,eco_isic3_c,est_sizeaggregate_total,2006,4.359
arg,sex_f,eco_isic3_c,est_sizeaggregate_total,2008,4.776
arg,sex_f,eco_isic3_c,est_sizeaggregate_total,2009,4.102
arg,sex_f,eco_isic3_c,est_sizeaggregate_total,2010,6.285
arg,sex_f,eco_isic3_c,est_sizeaggregate_x,2005,1.028
arg,sex_f,eco_isic3_c,est_sizeaggregate_x,2006,0.775
arg,sex_f,eco_isic3_c,est_sizeaggregate_x,2008,1.187
arg,sex_f,eco_isic3_c,est_sizeaggregate_x,2009,0.27
arg,sex_f,eco_isic3_c,est_sizeaggregate_x,2010,0.487
arg,sex_f,eco_isic3_d,est_sizeaggregate_s1_4,2004,55.395
arg,sex_f,eco_isic3_d,est_sizeaggregate_s1_4,2005,60.244
arg,sex_f,eco_isic3_d,est_sizeaggregate_s1_4,2006,62.998
arg,sex_f,eco_isic3_d,est_sizeaggregate_s1_4,2008,55.521
arg,sex_f,eco_isic3_d,est_sizeaggregate_s1_4,2009,50.775
arg,sex_f,eco_isic3_d,est_sizeaggregate_s1_4,2010,44.775
arg,sex_f,eco_isic3_d,est_sizeaggregate_s5_49,2004,100.93
arg,sex_f,eco_isic3_d,est_sizeaggregate_s5_49,2005,96.199
arg,sex_f,eco_isic3_d,est_sizeaggregate_s5_49,2006,89.975
arg,sex_f,eco_isic3_d,est_sizeaggregate_s5_49,2008,79.786
arg,sex_f,eco_isic3_d,est_sizeaggregate_s5_49,2009,86.24
arg,sex_f,eco_isic3_d,est_sizeaggregate_s5_49,2010,75.168
arg,sex_f,eco_isic3_d,est_sizeaggregate_sge50,2004,48.599
arg,sex_f,eco_isic3_d,est_sizeaggregate_sge50,2005,52.012
arg,sex_f,eco_isic3_d,est_sizeaggregate_sge50,2006,71.45
arg,sex_f,eco_isic3_d,est_sizeaggregate_sge50,2008,76.311
arg,sex_f,eco_isic3_d,est_sizeaggregate_sge50,2009,70.028
arg,sex_f,eco_isic3_d,est_sizeaggregate_sge50,2010,74.826
arg,sex_f,eco_isic3_d,est_sizeaggregate_total,2004,259.236
arg,sex_f,eco_isic3_d,est_sizeaggregate_total,2005,264.864
arg,sex_f,eco_isic3_d,est_sizeaggregate_total,2006,289.525
arg,sex_f,eco_isic3_d,est_sizeaggregate_total,2008,275.172
arg,sex_f,eco_isic3_d,est_sizeaggregate_total,2009,261.74
arg,sex_f,eco_isic3_d,est_sizeaggregate_total,2010,259.501
arg,sex_f,eco_isic3_d,est_sizeaggregate_x,2004,54.312
arg,sex_f,eco_isic3_d,est_sizeaggregate_x,2005,56.409
arg,sex_f,eco_isic3_d,est_sizeaggregate_x,2006,65.103
arg,sex_f,eco_isic3_d,est_sizeaggregate_x,2008,63.554
arg,sex_f,eco_isic3_d,est_sizeaggregate_x,2009,54.697
arg,sex_f,eco_isic3_d,est_sizeaggregate_x,2010,64.732
arg,sex_f,eco_isic3_e,est_sizeaggregate_s1_4,2004,0.332
arg,sex_f,eco_isic3_e,est_sizeaggregate_s1_4,2010,0
arg,sex_f,eco_isic3_e,est_sizeaggregate_s5_49,2004,0.804
arg,sex_f,eco_isic3_e,est_sizeaggregate_s5_49,2005,1.342
arg,sex_f,eco_isic3_e,est_sizeaggregate_s5_49,2006,0.974
arg,sex_f,eco_isic3_e,est_sizeaggregate_s5_49,2008,0.649
arg,sex_f,eco_isic3_e,est_sizeaggregate_s5_49,2009,1.677
arg,sex_f,eco_isic3_e,est_sizeaggregate_s5_49,2010,1.546
arg,sex_f,eco_isic3_e,est_sizeaggregate_sge50,2004,6.168
arg,sex_f,eco_isic3_e,est_sizeaggregate_sge50,2005,5.132
arg,sex_f,eco_isic3_e,est_sizeaggregate_sge50,2006,4.752
arg,sex_f,eco_isic3_e,est_sizeaggregate_sge50,2008,7.047
arg,sex_f,eco_isic3_e,est_sizeaggregate_sge50,2009,3.914
arg,sex_f,eco_isic3_e,est_sizeaggregate_sge50,2010,5.58
arg,sex_f,eco_isic3_e,est_sizeaggregate_total,2004,8.702
arg,sex_f,eco_isic3_e,est_sizeaggregate_total,2005,7.614
arg,sex_f,eco_isic3_e,est_sizeaggregate_total,2006,7.057
arg,sex_f,eco_isic3_e,est_sizeaggregate_total,2008,10.319
arg,sex_f,eco_isic3_e,est_sizeaggregate_total,2009,6.721
arg,sex_f,eco_isic3_e,est_sizeaggregate_total,2010,8.884
arg,sex_f,eco_isic3_e,est_sizeaggregate_x,2004,1.399
arg,sex_f,eco_isic3_e,est_sizeaggregate_x,2005,0.859
arg,sex_f,eco_isic3_e,est_sizeaggregate_x,2006,1.235
arg,sex_f,eco_isic3_e,est_sizeaggregate_x,2008,2.537
arg,sex_f,eco_isic3_e,est_sizeaggregate_x,2009,1.081
arg,sex_f,eco_isic3_e,est_sizeaggregate_x,2010,1.757
arg,sex_f,eco_isic3_f,est_sizeaggregate_s1_4,2004,3.763
arg,sex_f,eco_isic3_f,est_sizeaggregate_s1_4,2005,3.56
arg,sex_f,eco_isic3_f,est_sizeaggregate_s1_4,2006,3.852
arg,sex_f,eco_isic3_f,est_sizeaggregate_s1_4,2008,2.444
arg,sex_f,eco_isic3_f,est_sizeaggregate_s1_4,2009,1.544
arg,sex_f,eco_isic3_f,est_sizeaggregate_s1_4,2010,2.26
arg,sex_f,eco_isic3_f,est_sizeaggregate_s5_49,2004,2.944
arg,sex_f,eco_isic3_f,est_sizeaggregate_s5_49,2005,4.961
arg,sex_f,eco_isic3_f,est_sizeaggregate_s5_49,2006,5.626
arg,sex_f,eco_isic3_f,est_sizeaggregate_s5_49,2008,6.823
arg,sex_f,eco_isic3_f,est_sizeaggregate_s5_49,2009,5.455
arg,sex_f,eco_isic3_f,est_sizeaggregate_s5_49,2010,7.068
arg,sex_f,eco_isic3_f,est_sizeaggregate_sge50,2004,3.636
arg,sex_f,eco_isic3_f,est_sizeaggregate_sge50,2005,4.407
arg,sex_f,eco_isic3_f,est_sizeaggregate_sge50,2006,7.32
arg,sex_f,eco_isic3_f,est_sizeaggregate_sge50,2008,3.985
arg,sex_f,eco_isic3_f,est_sizeaggregate_sge50,2009,8.082
arg,sex_f,eco_isic3_f,est_sizeaggregate_sge50,2010,6.754
arg,sex_f,eco_isic3_f,est_sizeaggregate_total,2004,12.098
arg,sex_f,eco_isic3_f,est_sizeaggregate_total,2005,16.364
arg,sex_f,eco_isic3_f,est_sizeaggregate_total,2006,20.457
arg,sex_f,eco_isic3_f,est_sizeaggregate_total,2008,16.828
arg,sex_f,eco_isic3_f,est_sizeaggregate_total,2009,19.615
arg,sex_f,eco_isic3_f,est_sizeaggregate_total,2010,18.146
arg,sex_f,eco_isic3_f,est_sizeaggregate_x,2004,1.756
arg,sex_f,eco_isic3_f,est_sizeaggregate_x,2005,3.437
arg,sex_f,eco_isic3_f,est_sizeaggregate_x,2006,3.66
arg,sex_f,eco_isic3_f,est_sizeaggregate_x,2008,3.576
arg,sex_f,eco_isic3_f,est_sizeaggregate_x,2009,4.535
arg,sex_f,eco_isic3_f,est_sizeaggregate_x,2010,2.064
arg,sex_f,eco_isic3_g,est_sizeaggregate_s1_4,2004,158.588
arg,sex_f,eco_isic3_g,est_sizeaggregate_s1_4,2005,147.565
arg,sex_f,eco_isic3_g,est_sizeaggregate_s1_4,2006,165.72
arg,sex_f,eco_isic3_g,est_sizeaggregate_s1_4,2008,193.642
arg,sex_f,eco_isic3_g,est_sizeaggregate_s1_4,2009,198.106
arg,sex_f,eco_isic3_g,est_sizeaggregate_s1_4,2010,197.861
arg,sex_f,eco_isic3_g,est_sizeaggregate_s5_49,2004,83.646
arg,sex_f,eco_isic3_g,est_sizeaggregate_s5_49,2005,85.796
arg,sex_f,eco_isic3_g,est_sizeaggregate_s5_49,2006,101.922
arg,sex_f,eco_isic3_g,est_sizeaggregate_s5_49,2008,111.08
arg,sex_f,eco_isic3_g,est_sizeaggregate_s5_49,2009,102.428
arg,sex_f,eco_isic3_g,est_sizeaggregate_s5_49,2010,113.162
arg,sex_f,eco_isic3_g,est_sizeaggregate_sge50,2004,43.767
arg,sex_f,eco_isic3_g,est_sizeaggregate_sge50,2005,45.166
arg,sex_f,eco_isic3_g,est_sizeaggregate_sge50,2006,46.913
arg,sex_f,eco_isic3_g,est_sizeaggregate_sge50,2008,53.584
arg,sex_f,eco_isic3_g,est_sizeaggregate_sge50,2009,57.325
arg,sex_f,eco_isic3_g,est_sizeaggregate_sge50,2010,49.184
arg,sex_f,eco_isic3_g,est_sizeaggregate_total,2004,348.49
arg,sex_f,eco_isic3_g,est_sizeaggregate_total,2005,344.46
arg,sex_f,eco_isic3_g,est_sizeaggregate_total,2006,379.475
arg,sex_f,eco_isic3_g,est_sizeaggregate_total,2008,440.114
arg,sex_f,eco_isic3_g,est_sizeaggregate_total,2009,426.643
arg,sex_f,eco_isic3_g,est_sizeaggregate_total,2010,435.578
arg,sex_f,eco_isic3_g,est_sizeaggregate_x,2004,62.489
arg,sex_f,eco_isic3_g,est_sizeaggregate_x,2005,65.934
arg,sex_f,eco_isic3_g,est_sizeaggregate_x,2006,64.921
arg,sex_f,eco_isic3_g,est_sizeaggregate_x,2008,81.808
arg,sex_f,eco_isic3_g,est_sizeaggregate_x,2009,68.784
arg,sex_f,eco_isic3_g,est_sizeaggregate_x,2010,75.371
arg,sex_f,eco_isic3_h,est_sizeaggregate_s1_4,2004,34.971
arg,sex_f,eco_isic3_h,est_sizeaggregate_s1_4,2005,31.116
arg,sex_f,eco_isic3_h,est_sizeaggregate_s1_4,2006,35.364
arg,sex_f,eco_isic3_h,est_sizeaggregate_s1_4,2008,32.787
arg,sex_f,eco_isic3_h,est_sizeaggregate_s1_4,2009,37.718
arg,sex_f,eco_isic3_h,est_sizeaggregate_s1_4,2010,38.906
arg,sex_f,eco_isic3_h,est_sizeaggregate_s5_49,2004,38.826
arg,sex_f,eco_isic3_h,est_sizeaggregate_s5_49,2005,45.337
arg,sex_f,eco_isic3_h,est_sizeaggregate_s5_49,2006,55.08
arg,sex_f,eco_isic3_h,est_sizeaggregate_s5_49,2008,56.827
arg,sex_f,eco_isic3_h,est_sizeaggregate_s5_49,2009,60.822
arg,sex_f,eco_isic3_h,est_sizeaggregate_s5_49,2010,62.22
arg,sex_f,eco_isic3_h,est_sizeaggregate_sge50,2004,11.754
arg,sex_f,eco_isic3_h,est_sizeaggregate_sge50,2005,11.019
arg,sex_f,eco_isic3_h,est_sizeaggregate_sge50,2006,12.337
arg,sex_f,eco_isic3_h,est_sizeaggregate_sge50,2008,10.975
arg,sex_f,eco_isic3_h,est_sizeaggregate_sge50,2009,9.726
arg,sex_f,eco_isic3_h,est_sizeaggregate_sge50,2010,12.71
arg,sex_f,eco_isic3_h,est_sizeaggregate_total,2004,99.479
arg,sex_f,eco_isic3_h,est_sizeaggregate_total,2005,105.938
arg,sex_f,eco_isic3_h,est_sizeaggregate_total,2006,115.627
arg,sex_f,eco_isic3_h,est_sizeaggregate_total,2008,123.729
arg,sex_f,eco_isic3_h,est_sizeaggregate_total,2009,126.662
arg,sex_f,eco_isic3_h,est_sizeaggregate_total,2010,128.089
arg,sex_f,eco_isic3_h,est_sizeaggregate_x,2004,13.928
arg,sex_f,eco_isic3_h,est_sizeaggregate_x,2005,18.465
arg,sex_f,eco_isic3_h,est_sizeaggregate_x,2006,12.845
arg,sex_f,eco_isic3_h,est_sizeaggregate_x,2008,23.141
arg,sex_f,eco_isic3_h,est_sizeaggregate_x,2009,18.396
arg,sex_f,eco_isic3_h,est_sizeaggregate_x,2010,14.254
arg,sex_f,eco_isic3_i,est_sizeaggregate_s1_4,2004,16.498
arg,sex_f,eco_isic3_i,est_sizeaggregate_s1_4,2005,15.416
arg,sex_f,eco_isic3_i,est_sizeaggregate_s1_4,2006,16.111
arg,sex_f,eco_isic3_i,est_sizeaggregate_s1_4,2008,16.855
arg,sex_f,eco_isic3_i,est_sizeaggregate_s1_4,2009,20.445
arg,sex_f,eco_isic3_i,est_sizeaggregate_s1_4,2010,13.006
arg,sex_f,eco_isic3_i,est_sizeaggregate_s5_49,2004,18.111
arg,sex_f,eco_isic3_i,est_sizeaggregate_s5_49,2005,19.83
arg,sex_f,eco_isic3_i,est_sizeaggregate_s5_49,2006,23.36
arg,sex_f,eco_isic3_i,est_sizeaggregate_s5_49,2008,25.879
arg,sex_f,eco_isic3_i,est_sizeaggregate_s5_49,2009,19.858
arg,sex_f,eco_isic3_i,est_sizeaggregate_s5_49,2010,33.426
arg,sex_f,eco_isic3_i,est_sizeaggregate_sge50,2004,22.064
arg,sex_f,eco_isic3_i,est_sizeaggregate_sge50,2005,26.478
arg,sex_f,eco_isic3_i,est_sizeaggregate_sge50,2006,24.904
arg,sex_f,eco_isic3_i,est_sizeaggregate_sge50,2008,27.956
arg,sex_f,eco_isic3_i,est_sizeaggregate_sge50,2009,30.066
arg,sex_f,eco_isic3_i,est_sizeaggregate_sge50,2010,30.293
arg,sex_f,eco_isic3_i,est_sizeaggregate_total,2004,72.278
arg,sex_f,eco_isic3_i,est_sizeaggregate_total,2005,74.648
arg,sex_f,eco_isic3_i,est_sizeaggregate_total,2006,77.958
arg,sex_f,eco_isic3_i,est_sizeaggregate_total,2008,85.795
arg,sex_f,eco_isic3_i,est_sizeaggregate_total,2009,87.301
arg,sex_f,eco_isic3_i,est_sizeaggregate_total,2010,88.491
arg,sex_f,eco_isic3_i,est_sizeaggregate_x,2004,15.604
arg,sex_f,eco_isic3_i,est_sizeaggregate_x,2005,12.923
arg,sex_f,eco_isic3_i,est_sizeaggregate_x,2006,13.582
arg,sex_f,eco_isic3_i,est_sizeaggregate_x,2008,15.105
arg,sex_f,eco_isic3_i,est_sizeaggregate_x,2009,16.931
arg,sex_f,eco_isic3_i,est_sizeaggregate_x,2010,11.766
arg,sex_f,eco_isic3_j,est_sizeaggregate_s1_4,2004,3.693
arg,sex_f,eco_isic3_j,est_sizeaggregate_s1_4,2005,8.692
arg,sex_f,eco_isic3_j,est_sizeaggregate_s1_4,2006,7.375
arg,sex_f,eco_isic3_j,est_sizeaggregate_s1_4,2008,6.574
arg,sex_f,eco_isic3_j,est_sizeaggregate_s1_4,2009,4.778
arg,sex_f,eco_isic3_j,est_sizeaggregate_s1_4,2010,8.571
arg,sex_f,eco_isic3_j,est_sizeaggregate_s5_49,2004,18.556
arg,sex_f,eco_isic3_j,est_sizeaggregate_s5_49,2005,16.243
arg,sex_f,eco_isic3_j,est_sizeaggregate_s5_49,2006,21.966
arg,sex_f,eco_isic3_j,est_sizeaggregate_s5_49,2008,22.175
arg,sex_f,eco_isic3_j,est_sizeaggregate_s5_49,2009,27.502
arg,sex_f,eco_isic3_j,est_sizeaggregate_s5_49,2010,30.178
arg,sex_f,eco_isic3_j,est_sizeaggregate_sge50,2004,26.041
arg,sex_f,eco_isic3_j,est_sizeaggregate_sge50,2005,25.899
arg,sex_f,eco_isic3_j,est_sizeaggregate_sge50,2006,38.749
arg,sex_f,eco_isic3_j,est_sizeaggregate_sge50,2008,35.12
arg,sex_f,eco_isic3_j,est_sizeaggregate_sge50,2009,42.59
arg,sex_f,eco_isic3_j,est_sizeaggregate_sge50,2010,44.221
arg,sex_f,eco_isic3_j,est_sizeaggregate_total,2004,60.133
arg,sex_f,eco_isic3_j,est_sizeaggregate_total,2005,61.62
arg,sex_f,eco_isic3_j,est_sizeaggregate_total,2006,80.365
arg,sex_f,eco_isic3_j,est_sizeaggregate_total,2008,81.646
arg,sex_f,eco_isic3_j,est_sizeaggregate_total,2009,91.842
arg,sex_f,eco_isic3_j,est_sizeaggregate_total,2010,96.251
arg,sex_f,eco_isic3_j,est_sizeaggregate_x,2004,11.842
arg,sex_f,eco_isic3_j,est_sizeaggregate_x,2005,10.786
arg,sex_f,eco_isic3_j,est_sizeaggregate_x,2006,12.275
arg,sex_f,eco_isic3_j,est_sizeaggregate_x,2008,17.778
arg,sex_f,eco_isic3_j,est_sizeaggregate_x,2009,16.972
arg,sex_f,eco_isic3_j,est_sizeaggregate_x,2010,13.281
arg,sex_f,eco_isic3_k,est_sizeaggregate_s1_4,2004,53.641
arg,sex_f,eco_isic3_k,est_sizeaggregate_s1_4,2005,58.461
arg,sex_f,eco_isic3_k,est_sizeaggregate_s1_4,2006,57.696
arg,sex_f,eco_isic3_k,est_sizeaggregate_s1_4,2008,63.958
arg,sex_f,eco_isic3_k,est_sizeaggregate_s1_4,2009,77.284
arg,sex_f,eco_isic3_k,est_sizeaggregate_s1_4,2010,73.748
arg,sex_f,eco_isic3_k,est_sizeaggregate_s5_49,2004,50.722
arg,sex_f,eco_isic3_k,est_sizeaggregate_s5_49,2005,55.454
arg,sex_f,eco_isic3_k,est_sizeaggregate_s5_49,2006,62.895
arg,sex_f,eco_isic3_k,est_sizeaggregate_s5_49,2008,72.017
arg,sex_f,eco_isic3_k,est_sizeaggregate_s5_49,2009,70.477
arg,sex_f,eco_isic3_k,est_sizeaggregate_s5_49,2010,66.357
arg,sex_f,eco_isic3_k,est_sizeaggregate_sge50,2004,28.663
arg,sex_f,eco_isic3_k,est_sizeaggregate_sge50,2005,37.512
arg,sex_f,eco_isic3_k,est_sizeaggregate_sge50,2006,39.664
arg,sex_f,eco_isic3_k,est_sizeaggregate_sge50,2008,42.229
arg,sex_f,eco_isic3_k,est_sizeaggregate_sge50,2009,52.636
arg,sex_f,eco_isic3_k,est_sizeaggregate_sge50,2010,57.191
arg,sex_f,eco_isic3_k,est_sizeaggregate_total,2004,160.86
arg,sex_f,eco_isic3_k,est_sizeaggregate_total,2005,184.945
arg,sex_f,eco_isic3_k,est_sizeaggregate_total,2006,194.056
arg,sex_f,eco_isic3_k,est_sizeaggregate_total,2008,230.24
arg,sex_f,eco_isic3_k,est_sizeaggregate_total,2009,246.564
arg,sex_f,eco_isic3_k,est_sizeaggregate_total,2010,244.288
arg,sex_f,eco_isic3_k,est_sizeaggregate_x,2004,27.834
arg,sex_f,eco_isic3_k,est_sizeaggregate_x,2005,33.519
arg,sex_f,eco_isic3_k,est_sizeaggregate_x,2006,33.801
arg,sex_f,eco_isic3_k,est_sizeaggregate_x,2008,52.036
arg,sex_f,eco_isic3_k,est_sizeaggregate_x,2009,46.167
arg,sex_f,eco_isic3_k,est_sizeaggregate_x,2010,46.992
arg,sex_f,eco_isic3_l,est_sizeaggregate_s1_4,2004,19.094
arg,sex_f,eco_isic3_l,est_sizeaggregate_s1_4,2005,16.843
arg,sex_f,eco_isic3_l,est_sizeaggregate_s1_4,2006,12.644
arg,sex_f,eco_isic3_l,est_sizeaggregate_s1_4,2008,9.381
arg,sex_f,eco_isic3_l,est_sizeaggregate_s1_4,2009,10.149
arg,sex_f,eco_isic3_l,est_sizeaggregate_s1_4,2010,8.854
arg,sex_f,eco_isic3_l,est_sizeaggregate_s5_49,2004,83.6
arg,sex_f,eco_isic3_l,est_sizeaggregate_s5_49,2005,65.81
arg,sex_f,eco_isic3_l,est_sizeaggregate_s5_49,2006,74.006
arg,sex_f,eco_isic3_l,est_sizeaggregate_s5_49,2008,72.763
arg,sex_f,eco_isic3_l,est_sizeaggregate_s5_49,2009,79.723
arg,sex_f,eco_isic3_l,est_sizeaggregate_s5_49,2010,72.874
arg,sex_f,eco_isic3_l,est_sizeaggregate_sge50,2004,145.409
arg,sex_f,eco_isic3_l,est_sizeaggregate_sge50,2005,166.801
arg,sex_f,eco_isic3_l,est_sizeaggregate_sge50,2006,168.74
arg,sex_f,eco_isic3_l,est_sizeaggregate_sge50,2008,174.066
arg,sex_f,eco_isic3_l,est_sizeaggregate_sge50,2009,188.464
arg,sex_f,eco_isic3_l,est_sizeaggregate_sge50,2010,195.808
arg,sex_f,eco_isic3_l,est_sizeaggregate_total,2004,305.758
arg,sex_f,eco_isic3_l,est_sizeaggregate_total,2005,303.379
arg,sex_f,eco_isic3_l,est_sizeaggregate_total,2006,311.693
arg,sex_f,eco_isic3_l,est_sizeaggregate_total,2008,309.409
arg,sex_f,eco_isic3_l,est_sizeaggregate_total,2009,333.748
arg,sex_f,eco_isic3_l,est_sizeaggregate_total,2010,334.462
arg,sex_f,eco_isic3_l,est_sizeaggregate_x,2004,57.654
arg,sex_f,eco_isic3_l,est_sizeaggregate_x,2005,53.926
arg,sex_f,eco_isic3_l,est_sizeaggregate_x,2006,56.302
arg,sex_f,eco_isic3_l,est_sizeaggregate_x,2008,53.198
arg,sex_f,eco_isic3_l,est_sizeaggregate_x,2009,55.413
arg,sex_f,eco_isic3_l,est_sizeaggregate_x,2010,56.926
arg,sex_f,eco_isic3_m,est_sizeaggregate_s1_4,2004,13.508
arg,sex_f,eco_isic3_m,est_sizeaggregate_s1_4,2005,15.692
arg,sex_f,eco_isic3_m,est_sizeaggregate_s1_4,2006,13.796
arg,sex_f,eco_isic3_m,est_sizeaggregate_s1_4,2008,14.165
arg,sex_f,eco_isic3_m,est_sizeaggregate_s1_4,2009,11.217
arg,sex_f,eco_isic3_m,est_sizeaggregate_s1_4,2010,12.355
arg,sex_f,eco_isic3_m,est_sizeaggregate_s5_49,2004,210.999
arg,sex_f,eco_isic3_m,est_sizeaggregate_s5_49,2005,200.453
arg,sex_f,eco_isic3_m,est_sizeaggregate_s5_49,2006,225.307
arg,sex_f,eco_isic3_m,est_sizeaggregate_s5_49,2008,230.119
arg,sex_f,eco_isic3_m,est_sizeaggregate_s5_49,2009,225.24
arg,sex_f,eco_isic3_m,est_sizeaggregate_s5_49,2010,223.526
arg,sex_f,eco_isic3_m,est_sizeaggregate_sge50,2004,194.988
arg,sex_f,eco_isic3_m,est_sizeaggregate_sge50,2005,205.759
arg,sex_f,eco_isic3_m,est_sizeaggregate_sge50,2006,235.019
arg,sex_f,eco_isic3_m,est_sizeaggregate_sge50,2008,212.861
arg,sex_f,eco_isic3_m,est_sizeaggregate_sge50,2009,256.3
arg,sex_f,eco_isic3_m,est_sizeaggregate_sge50,2010,255.463
arg,sex_f,eco_isic3_m,est_sizeaggregate_total,2004,511.692
arg,sex_f,eco_isic3_m,est_sizeaggregate_total,2005,509.847
arg,sex_f,eco_isic3_m,est_sizeaggregate_total,2006,556.688
arg,sex_f,eco_isic3_m,est_sizeaggregate_total,2008,564.468
arg,sex_f,eco_isic3_m,est_sizeaggregate_total,2009,592.143
arg,sex_f,eco_isic3_m,est_sizeaggregate_total,2010,592.653
arg,sex_f,eco_isic3_m,est_sizeaggregate_x,2004,92.198
arg,sex_f,eco_isic3_m,est_sizeaggregate_x,2005,87.943
arg,sex_f,eco_isic3_m,est_sizeaggregate_x,2006,82.565
arg,sex_f,eco_isic3_m,est_sizeaggregate_x,2008,107.323
arg,sex_f,eco_isic3_m,est_sizeaggregate_x,2009,99.385
arg,sex_f,eco_isic3_m,est_sizeaggregate_x,2010,101.309
arg,sex_f,eco_isic3_n,est_sizeaggregate_s1_4,2004,49.159
arg,sex_f,eco_isic3_n,est_sizeaggregate_s1_4,2005,51.938
arg,sex_f,eco_isic3_n,est_sizeaggregate_s1_4,2006,50.186
arg,sex_f,eco_isic3_n,est_sizeaggregate_s1_4,2008,42.101
arg,sex_f,eco_isic3_n,est_sizeaggregate_s1_4,2009,33.081
arg,sex_f,eco_isic3_n,est_sizeaggregate_s1_4,2010,33.287
arg,sex_f,eco_isic3_n,est_sizeaggregate_s5_49,2004,143.673
arg,sex_f,eco_isic3_n,est_sizeaggregate_s5_49,2005,131.951
arg,sex_f,eco_isic3_n,est_sizeaggregate_s5_49,2006,122.125
arg,sex_f,eco_isic3_n,est_sizeaggregate_s5_49,2008,95.414
arg,sex_f,eco_isic3_n,est_sizeaggregate_s5_49,2009,101.984
arg,sex_f,eco_isic3_n,est_sizeaggregate_s5_49,2010,87.278
arg,sex_f,eco_isic3_n,est_sizeaggregate_sge50,2004,136.555
arg,sex_f,eco_isic3_n,est_sizeaggregate_sge50,2005,137.232
arg,sex_f,eco_isic3_n,est_sizeaggregate_sge50,2006,136.252
arg,sex_f,eco_isic3_n,est_sizeaggregate_sge50,2008,154.369
arg,sex_f,eco_isic3_n,est_sizeaggregate_sge50,2009,169.208
arg,sex_f,eco_isic3_n,est_sizeaggregate_sge50,2010,162.293
arg,sex_f,eco_isic3_n,est_sizeaggregate_total,2004,387.332
arg,sex_f,eco_isic3_n,est_sizeaggregate_total,2005,380.132
arg,sex_f,eco_isic3_n,est_sizeaggregate_total,2006,372.352
arg,sex_f,eco_isic3_n,est_sizeaggregate_total,2008,353.736
arg,sex_f,eco_isic3_n,est_sizeaggregate_total,2009,363.146
arg,sex_f,eco_isic3_n,est_sizeaggregate_total,2010,344.806
arg,sex_f,eco_isic3_n,est_sizeaggregate_x,2004,57.945
arg,sex_f,eco_isic3_n,est_sizeaggregate_x,2005,59.011
arg,sex_f,eco_isic3_n,est_sizeaggregate_x,2006,63.788
arg,sex_f,eco_isic3_n,est_sizeaggregate_x,2008,61.852
arg,sex_f,eco_isic3_n,est_sizeaggregate_x,2009,58.874
arg,sex_f,eco_isic3_n,est_sizeaggregate_x,2010,61.947
arg,sex_f,eco_isic3_o,est_sizeaggregate_s1_4,2004,53.282
arg,sex_f,eco_isic3_o,est_sizeaggregate_s1_4,2005,57.553
arg,sex_f,eco_isic3_o,est_sizeaggregate_s1_4,2006,57.152
arg,sex_f,eco_isic3_o,est_sizeaggregate_s1_4,2008,49.528
arg,sex_f,eco_isic3_o,est_sizeaggregate_s1_4,2009,53.858
arg,sex_f,eco_isic3_o,est_sizeaggregate_s1_4,2010,55.136
arg,sex_f,eco_isic3_o,est_sizeaggregate_s5_49,2004,75.634
arg,sex_f,eco_isic3_o,est_sizeaggregate_s5_49,2005,71.435
arg,sex_f,eco_isic3_o,est_sizeaggregate_s5_49,2006,60.807
arg,sex_f,eco_isic3_o,est_sizeaggregate_s5_49,2008,59.473
arg,sex_f,eco_isic3_o,est_sizeaggregate_s5_49,2009,55.731
arg,sex_f,eco_isic3_o,est_sizeaggregate_s5_49,2010,55.242
arg,sex_f,eco_isic3_o,est_sizeaggregate_sge50,2004,23.58
arg,sex_f,eco_isic3_o,est_sizeaggregate_sge50,2005,30.56
arg,sex_f,eco_isic3_o,est_sizeaggregate_sge50,2006,29.453
arg,sex_f,eco_isic3_o,est_sizeaggregate_sge50,2008,36.4
arg,sex_f,eco_isic3_o,est_sizeaggregate_sge50,2009,25.577
arg,sex_f,eco_isic3_o,est_sizeaggregate_sge50,2010,35.282
arg,sex_f,eco_isic3_o,est_sizeaggregate_total,2004,178.737
arg,sex_f,eco_isic3_o,est_sizeaggregate_total,2005,191.861
arg,sex_f,eco_isic3_o,est_sizeaggregate_total,2006,173.524
arg,sex_f,eco_isic3_o,est_sizeaggregate_total,2008,170.782
arg,sex_f,eco_isic3_o,est_sizeaggregate_total,2009,161.639
arg,sex_f,eco_isic3_o,est_sizeaggregate_total,2010,181.089
arg,sex_f,eco_isic3_o,est_sizeaggregate_x,2004,26.241
arg,sex_f,eco_isic3_o,est_sizeaggregate_x,2005,32.314
arg,sex_f,eco_isic3_o,est_sizeaggregate_x,2006,26.113
arg,sex_f,eco_isic3_o,est_sizeaggregate_x,2008,25.381
arg,sex_f,eco_isic3_o,est_sizeaggregate_x,2009,26.473
arg,sex_f,eco_isic3_o,est_sizeaggregate_x,2010,35.429
arg,sex_f,eco_isic3_p,est_sizeaggregate_s1_4,2004,17.901
arg,sex_f,eco_isic3_p,est_sizeaggregate_s1_4,2005,9.812
arg,sex_f,eco_isic3_p,est_sizeaggregate_s1_4,2006,9.52
arg,sex_f,eco_isic3_p,est_sizeaggregate_s1_4,2008,11.789
arg,sex_f,eco_isic3_p,est_sizeaggregate_s1_4,2009,8.447
arg,sex_f,eco_isic3_p,est_sizeaggregate_s1_4,2010,6.705
arg,sex_f,eco_isic3_p,est_sizeaggregate_s5_49,2004,0.903
arg,sex_f,eco_isic3_p,est_sizeaggregate_s5_49,2005,0.707
arg,sex_f,eco_isic3_p,est_sizeaggregate_s5_49,2006,0.426
arg,sex_f,eco_isic3_p,est_sizeaggregate_s5_49,2008,0.45
arg,sex_f,eco_isic3_p,est_sizeaggregate_s5_49,2009,1.1
arg,sex_f,eco_isic3_p,est_sizeaggregate_s5_49,2010,0.641
arg,sex_f,eco_isic3_p,est_sizeaggregate_total,2004,623.269
arg,sex_f,eco_isic3_p,est_sizeaggregate_total,2005,676.539
arg,sex_f,eco_isic3_p,est_sizeaggregate_total,2006,737.494
arg,sex_f,eco_isic3_p,est_sizeaggregate_total,2008,759.525
arg,sex_f,eco_isic3_p,est_sizeaggregate_total,2009,771.762
arg,sex_f,eco_isic3_p,est_sizeaggregate_total,2010,767.782
arg,sex_f,eco_isic3_p,est_sizeaggregate_x,2004,604.465
arg,sex_f,eco_isic3_p,est_sizeaggregate_x,2005,666.02
arg,sex_f,eco_isic3_p,est_sizeaggregate_x,2006,727.443
arg,sex_f,eco_isic3_p,est_sizeaggregate_x,2008,746.71
arg,sex_f,eco_isic3_p,est_sizeaggregate_x,2009,761.922
arg,sex_f,eco_isic3_p,est_sizeaggregate_x,2010,759.24
arg,sex_f,eco_isic3_q,est_sizeaggregate_total,2005,1.15
arg,sex_f,eco_isic3_q,est_sizeaggregate_total,2009,0.861
arg,sex_f,eco_isic3_q,est_sizeaggregate_total,2010,0.423
arg,sex_f,eco_isic3_total,est_sizeaggregate_s1_4,2004,489.34
arg,sex_f,eco_isic3_total,est_sizeaggregate_s1_4,2005,485.07
arg,sex_f,eco_isic3_total,est_sizeaggregate_s1_4,2006,498.075
arg,sex_f,eco_isic3_total,est_sizeaggregate_s1_4,2008,505.228
arg,sex_f,eco_isic3_total,est_sizeaggregate_s1_4,2009,510.796
arg,sex_f,eco_isic3_total,est_sizeaggregate_s1_4,2010,499.762
arg,sex_f,eco_isic3_total,est_sizeaggregate_s5_49,2004,844.662
arg,sex_f,eco_isic3_total,est_sizeaggregate_s5_49,2005,809.758
arg,sex_f,eco_isic3_total,est_sizeaggregate_s5_49,2006,853.698
arg,sex_f,eco_isic3_total,est_sizeaggregate_s5_49,2008,842.039
arg,sex_f,eco_isic3_total,est_sizeaggregate_s5_49,2009,845.325
arg,sex_f,eco_isic3_total,est_sizeaggregate_s5_49,2010,837.886
arg,sex_f,eco_isic3_total,est_sizeaggregate_sge50,2004,700.484
arg,sex_f,eco_isic3_total,est_sizeaggregate_sge50,2005,755.766
arg,sex_f,eco_isic3_total,est_sizeaggregate_sge50,2006,821.524
arg,sex_f,eco_isic3_total,est_sizeaggregate_sge50,2008,843.061
arg,sex_f,eco_isic3_total,est_sizeaggregate_sge50,2009,927.338
arg,sex_f,eco_isic3_total,est_sizeaggregate_sge50,2010,942.863
arg,sex_f,eco_isic3_total,est_sizeaggregate_total,2004,3071.144
arg,sex_f,eco_isic3_total,est_sizeaggregate_total,2005,3162.886
arg,sex_f,eco_isic3_total,est_sizeaggregate_total,2006,3343.149
arg,sex_f,eco_isic3_total,est_sizeaggregate_total,2008,3457.398
arg,sex_f,eco_isic3_total,est_sizeaggregate_total,2009,3520.11
arg,sex_f,eco_isic3_total,est_sizeaggregate_total,2010,3533.074
arg,sex_f,eco_isic3_total,est_sizeaggregate_x,2004,1036.658
arg,sex_f,eco_isic3_total,est_sizeaggregate_x,2005,1112.292
arg,sex_f,eco_isic3_total,est_sizeaggregate_x,2006,1169.851
arg,sex_f,eco_isic3_total,est_sizeaggregate_x,2008,1267.071
arg,sex_f,eco_isic3_total,est_sizeaggregate_x,2009,1236.65
arg,sex_f,eco_isic3_total,est_sizeaggregate_x,2010,1252.562
arg,sex_f,eco_isic3_x,est_sizeaggregate_s1_4,2006,0.819
arg,sex_f,eco_isic3_x,est_sizeaggregate_s1_4,2008,3.89
arg,sex_f,eco_isic3_x,est_sizeaggregate_s1_4,2009,0.787
arg,sex_f,eco_isic3_x,est_sizeaggregate_s1_4,2010,1.812
arg,sex_f,eco_isic3_x,est_sizeaggregate_s5_49,2004,1.402
arg,sex_f,eco_isic3_x,est_sizeaggregate_s5_49,2005,0.833
arg,sex_f,eco_isic3_x,est_sizeaggregate_s5_49,2006,1.011
arg,sex_f,eco_isic3_x,est_sizeaggregate_s5_49,2008,3.47
arg,sex_f,eco_isic3_x,est_sizeaggregate_s5_49,2009,2.003
arg,sex_f,eco_isic3_x,est_sizeaggregate_s5_49,2010,5.183
arg,sex_f,eco_isic3_x,est_sizeaggregate_sge50,2004,0.624
arg,sex_f,eco_isic3_x,est_sizeaggregate_sge50,2005,1.676
arg,sex_f,eco_isic3_x,est_sizeaggregate_sge50,2006,0.268
arg,sex_f,eco_isic3_x,est_sizeaggregate_sge50,2008,2.613
arg,sex_f,eco_isic3_x,est_sizeaggregate_sge50,2009,6.783
arg,sex_f,eco_isic3_x,est_sizeaggregate_sge50,2010,4.934
arg,sex_f,eco_isic3_x,est_sizeaggregate_total,2004,6.464
arg,sex_f,eco_isic3_x,est_sizeaggregate_total,2005,8.573
arg,sex_f,eco_isic3_x,est_sizeaggregate_total,2006,6.03
arg,sex_f,eco_isic3_x,est_sizeaggregate_total,2008,20.123
arg,sex_f,eco_isic3_x,est_sizeaggregate_total,2009,15.477
arg,sex_f,eco_isic3_x,est_sizeaggregate_total,2010,18.106
arg,sex_f,eco_isic3_x,est_sizeaggregate_x,2004,4.34
arg,sex_f,eco_isic3_x,est_sizeaggregate_x,2005,5.97
arg,sex_f,eco_isic3_x,est_sizeaggregate_x,2006,3.932
arg,sex_f,eco_isic3_x,est_sizeaggregate_x,2008,10.151
arg,sex_f,eco_isic3_x,est_sizeaggregate_x,2009,5.904
arg,sex_f,eco_isic3_x,est_sizeaggregate_x,2010,6.178
arg,sex_f,eco_isic4_a,est_sizeaggregate_s1_4,2011,2.745
arg,sex_f,eco_isic4_a,est_sizeaggregate_s1_4,2012,1.856
arg,sex_f,eco_isic4_a,est_sizeaggregate_s1_4,2013,1.486
arg,sex_f,eco_isic4_a,est_sizeaggregate_s1_4,2014,0.48
arg,sex_f,eco_isic4_a,est_sizeaggregate_s1_4,2017,0.76
arg,sex_f,eco_isic4_a,est_sizeaggregate_s1_4,2018,1.65
arg,sex_f,eco_isic4_a,est_sizeaggregate_s1_4,2019,1.143
arg,sex_f,eco_isic4_a,est_sizeaggregate_s1_4,2020,1.216
arg,sex_f,eco_isic4_a,est_sizeaggregate_s1_4,2021,0.671
arg,sex_f,eco_isic4_a,est_sizeaggregate_s1_4,2022,3.551
arg,sex_f,eco_isic4_a,est_sizeaggregate_s1_4,2023,2.437
arg,sex_f,eco_isic4_a,est_sizeaggregate_s1_4,2024,2.555
arg,sex_f,eco_isic4_a,est_sizeaggregate_s5_49,2011,3.209
arg,sex_f,eco_isic4_a,est_sizeaggregate_s5_49,2012,2.213
arg,sex_f,eco_isic4_a,est_sizeaggregate_s5_49,2013,3.164
arg,sex_f,eco_isic4_a,est_sizeaggregate_s5_49,2014,2.393
arg,sex_f,eco_isic4_a,est_sizeaggregate_s5_49,2017,2.496
arg,sex_f,eco_isic4_a,est_sizeaggregate_s5_49,2018,2.219
arg,sex_f,eco_isic4_a,est_sizeaggregate_s5_49,2019,3.453
arg,sex_f,eco_isic4_a,est_sizeaggregate_s5_49,2020,3.824
arg,sex_f,eco_isic4_a,est_sizeaggregate_s5_49,2021,2.639
arg,sex_f,eco_isic4_a,est_sizeaggregate_s5_49,2022,5.819
arg,sex_f,eco_isic4_a,est_sizeaggregate_s5_49,2023,8.492
arg,sex_f,eco_isic4_a,est_sizeaggregate_s5_49,2024,4.645
arg,sex_f,eco_isic4_a,est_sizeaggregate_sge50,2011,0.893
arg,sex_f,eco_isic4_a,est_sizeaggregate_sge50,2012,1.329
arg,sex_f,eco_isic4_a,est_sizeaggregate_sge50,2013,0.28
arg,sex_f,eco_isic4_a,est_sizeaggregate_sge50,2014,1.801
arg,sex_f,eco_isic4_a,est_sizeaggregate_sge50,2017,1.017
arg,sex_f,eco_isic4_a,est_sizeaggregate_sge50,2018,1.042
arg,sex_f,eco_isic4_a,est_sizeaggregate_sge50,2019,1.63
arg,sex_f,eco_isic4_a,est_sizeaggregate_sge50,2020,2.544
arg,sex_f,eco_isic4_a,est_sizeaggregate_sge50,2021,1.57
arg,sex_f,eco_isic4_a,est_sizeaggregate_sge50,2022,3.207
arg,sex_f,eco_isic4_a,est_sizeaggregate_sge50,2023,4.294
arg,sex_f,eco_isic4_a,est_sizeaggregate_sge50,2024,5.001
arg,sex_f,eco_isic4_a,est_sizeaggregate_total,2011,7.398
arg,sex_f,eco_isic4_a,est_sizeaggregate_total,2012,6.85
arg,sex_f,eco_isic4_a,est_sizeaggregate_total,2013,6.081
arg,sex_f,eco_isic4_a,est_sizeaggregate_total,2014,5.479
arg,sex_f,eco_isic4_a,est_sizeaggregate_total,2017,5.545
arg,sex_f,eco_isic4_a,est_sizeaggregate_total,2018,5.452
arg,sex_f,eco_isic4_a,est_sizeaggregate_total,2019,7.808
arg,sex_f,eco_isic4_a,est_sizeaggregate_total,2020,8.435
arg,sex_f,eco_isic4_a,est_sizeaggregate_total,2021,7.97
arg,sex_f,eco_isic4_a,est_sizeaggregate_total,2022,14.842
arg,sex_f,eco_isic4_a,est_sizeaggregate_total,2023,17.843
arg,sex_f,eco_isic4_a,est_sizeaggregate_total,2024,15.426
arg,sex_f,eco_isic4_a,est_sizeaggregate_x,2012,1.452
arg,sex_f,eco_isic4_a,est_sizeaggregate_x,2013,1.15
arg,sex_f,eco_isic4_a,est_sizeaggregate_x,2014,0.804
arg,sex_f,eco_isic4_a,est_sizeaggregate_x,2017,1.272
arg,sex_f,eco_isic4_a,est_sizeaggregate_x,2018,0.541
arg,sex_f,eco_isic4_a,est_sizeaggregate_x,2019,1.582
arg,sex_f,eco_isic4_a,est_sizeaggregate_x,2020,0.851
arg,sex_f,eco_isic4_a,est_sizeaggregate_x,2021,3.089
arg,sex_f,eco_isic4_a,est_sizeaggregate_x,2022,2.264
arg,sex_f,eco_isic4_a,est_sizeaggregate_x,2023,2.62
arg,sex_f,eco_isic4_a,est_sizeaggregate_x,2024,3.225
arg,sex_f,eco_isic4_b,est_sizeaggregate_s5_49,2011,0.822
arg,sex_f,eco_isic4_b,est_sizeaggregate_s5_49,2012,1.861
arg,sex_f,eco_isic4_b,est_sizeaggregate_s5_49,2013,0.581
arg,sex_f,eco_isic4_b,est_sizeaggregate_s5_49,2018,1.029
arg,sex_f,eco_isic4_b,est_sizeaggregate_s5_49,2019,0.442
arg,sex_f,eco_isic4_b,est_sizeaggregate_s5_49,2020,2.373
arg,sex_f,eco_isic4_b,est_sizeaggregate_s5_49,2021,0.423
arg,sex_f,eco_isic4_b,est_sizeaggregate_s5_49,2022,0.696
arg,sex_f,eco_isic4_b,est_sizeaggregate_s5_49,2023,0.979
arg,sex_f,eco_isic4_b,est_sizeaggregate_s5_49,2024,1.694
arg,sex_f,eco_isic4_b,est_sizeaggregate_sge50,2011,4.803
arg,sex_f,eco_isic4_b,est_sizeaggregate_sge50,2012,4.634
arg,sex_f,eco_isic4_b,est_sizeaggregate_sge50,2013,4.132
arg,sex_f,eco_isic4_b,est_sizeaggregate_sge50,2014,2.194
arg,sex_f,eco_isic4_b,est_sizeaggregate_sge50,2017,1.411
arg,sex_f,eco_isic4_b,est_sizeaggregate_sge50,2018,3.295
arg,sex_f,eco_isic4_b,est_sizeaggregate_sge50,2019,4.185
arg,sex_f,eco_isic4_b,est_sizeaggregate_sge50,2020,7.421
arg,sex_f,eco_isic4_b,est_sizeaggregate_sge50,2021,4.678
arg,sex_f,eco_isic4_b,est_sizeaggregate_sge50,2022,5.489
arg,sex_f,eco_isic4_b,est_sizeaggregate_sge50,2023,4.227
arg,sex_f,eco_isic4_b,est_sizeaggregate_sge50,2024,6.107
arg,sex_f,eco_isic4_b,est_sizeaggregate_total,2011,7.124
arg,sex_f,eco_isic4_b,est_sizeaggregate_total,2012,9.316
arg,sex_f,eco_isic4_b,est_sizeaggregate_total,2013,5.212
arg,sex_f,eco_isic4_b,est_sizeaggregate_total,2014,3.484
arg,sex_f,eco_isic4_b,est_sizeaggregate_total,2017,2.498
arg,sex_f,eco_isic4_b,est_sizeaggregate_total,2018,5.001
arg,sex_f,eco_isic4_b,est_sizeaggregate_total,2019,4.929
arg,sex_f,eco_isic4_b,est_sizeaggregate_total,2020,10.296
arg,sex_f,eco_isic4_b,est_sizeaggregate_total,2021,6.982
arg,sex_f,eco_isic4_b,est_sizeaggregate_total,2022,6.525
arg,sex_f,eco_isic4_b,est_sizeaggregate_total,2023,7.362
arg,sex_f,eco_isic4_b,est_sizeaggregate_total,2024,9.931
arg,sex_f,eco_isic4_b,est_sizeaggregate_x,2011,1.392
arg,sex_f,eco_isic4_b,est_sizeaggregate_x,2012,2.712
arg,sex_f,eco_isic4_b,est_sizeaggregate_x,2013,0.448
arg,sex_f,eco_isic4_b,est_sizeaggregate_x,2014,0.93
arg,sex_f,eco_isic4_b,est_sizeaggregate_x,2017,0.692
arg,sex_f,eco_isic4_b,est_sizeaggregate_x,2018,0.617
arg,sex_f,eco_isic4_b,est_sizeaggregate_x,2021,1.704
arg,sex_f,eco_isic4_b,est_sizeaggregate_x,2022,0.34
arg,sex_f,eco_isic4_b,est_sizeaggregate_x,2023,2.156
arg,sex_f,eco_isic4_b,est_sizeaggregate_x,2024,1.997
arg,sex_f,eco_isic4_c,est_sizeaggregate_s1_4,2011,63.366
arg,sex_f,eco_isic4_c,est_sizeaggregate_s1_4,2012,50.13
arg,sex_f,eco_isic4_c,est_sizeaggregate_s1_4,2013,48.461
arg,sex_f,eco_isic4_c,est_sizeaggregate_s1_4,2014,36.39
arg,sex_f,eco_isic4_c,est_sizeaggregate_s1_4,2017,57.413
arg,sex_f,eco_isic4_c,est_sizeaggregate_s1_4,2018,55.561
arg,sex_f,eco_isic4_c,est_sizeaggregate_s1_4,2019,48.984
arg,sex_f,eco_isic4_c,est_sizeaggregate_s1_4,2020,46.581
arg,sex_f,eco_isic4_c,est_sizeaggregate_s1_4,2021,40.818
arg,sex_f,eco_isic4_c,est_sizeaggregate_s1_4,2022,54.096
arg,sex_f,eco_isic4_c,est_sizeaggregate_s1_4,2023,65.707
arg,sex_f,eco_isic4_c,est_sizeaggregate_s1_4,2024,55.359
arg,sex_f,eco_isic4_c,est_sizeaggregate_s5_49,2011,70.887
arg,sex_f,eco_isic4_c,est_sizeaggregate_s5_49,2012,73.398
arg,sex_f,eco_isic4_c,est_sizeaggregate_s5_49,2013,66.066
arg,sex_f,eco_isic4_c,est_sizeaggregate_s5_49,2014,61.517
arg,sex_f,eco_isic4_c,est_sizeaggregate_s5_49,2017,68.546
arg,sex_f,eco_isic4_c,est_sizeaggregate_s5_49,2018,65.858
arg,sex_f,eco_isic4_c,est_sizeaggregate_s5_49,2019,71.86
arg,sex_f,eco_isic4_c,est_sizeaggregate_s5_49,2020,49.605
arg,sex_f,eco_isic4_c,est_sizeaggregate_s5_49,2021,54.877
arg,sex_f,eco_isic4_c,est_sizeaggregate_s5_49,2022,72.152
arg,sex_f,eco_isic4_c,est_sizeaggregate_s5_49,2023,80.006
arg,sex_f,eco_isic4_c,est_sizeaggregate_s5_49,2024,64.266
arg,sex_f,eco_isic4_c,est_sizeaggregate_sge50,2011,75.72
arg,sex_f,eco_isic4_c,est_sizeaggregate_sge50,2012,66.601
arg,sex_f,eco_isic4_c,est_sizeaggregate_sge50,2013,72.045
arg,sex_f,eco_isic4_c,est_sizeaggregate_sge50,2014,62.028
arg,sex_f,eco_isic4_c,est_sizeaggregate_sge50,2017,61.079
arg,sex_f,eco_isic4_c,est_sizeaggregate_sge50,2018,57.962
arg,sex_f,eco_isic4_c,est_sizeaggregate_sge50,2019,62.545
arg,sex_f,eco_isic4_c,est_sizeaggregate_sge50,2020,59.591
arg,sex_f,eco_isic4_c,est_sizeaggregate_sge50,2021,56.666
arg,sex_f,eco_isic4_c,est_sizeaggregate_sge50,2022,71.774
arg,sex_f,eco_isic4_c,est_sizeaggregate_sge50,2023,78.967
arg,sex_f,eco_isic4_c,est_sizeaggregate_sge50,2024,66.856
arg,sex_f,eco_isic4_c,est_sizeaggregate_total,2011,267.366
arg,sex_f,eco_isic4_c,est_sizeaggregate_total,2012,253.575
arg,sex_f,eco_isic4_c,est_sizeaggregate_total,2013,242.081
arg,sex_f,eco_isic4_c,est_sizeaggregate_total,2014,217.672
arg,sex_f,eco_isic4_c,est_sizeaggregate_total,2017,231.532
arg,sex_f,eco_isic4_c,est_sizeaggregate_total,2018,230.663
arg,sex_f,eco_isic4_c,est_sizeaggregate_total,2019,228.238
arg,sex_f,eco_isic4_c,est_sizeaggregate_total,2020,188.113
arg,sex_f,eco_isic4_c,est_sizeaggregate_total,2021,197.508
arg,sex_f,eco_isic4_c,est_sizeaggregate_total,2022,260.107
arg,sex_f,eco_isic4_c,est_sizeaggregate_total,2023,290.299
arg,sex_f,eco_isic4_c,est_sizeaggregate_total,2024,243.524
arg,sex_f,eco_isic4_c,est_sizeaggregate_x,2011,57.393
arg,sex_f,eco_isic4_c,est_sizeaggregate_x,2012,63.446
arg,sex_f,eco_isic4_c,est_sizeaggregate_x,2013,55.509
arg,sex_f,eco_isic4_c,est_sizeaggregate_x,2014,57.736
arg,sex_f,eco_isic4_c,est_sizeaggregate_x,2017,44.494
arg,sex_f,eco_isic4_c,est_sizeaggregate_x,2018,51.282
arg,sex_f,eco_isic4_c,est_sizeaggregate_x,2019,44.85
arg,sex_f,eco_isic4_c,est_sizeaggregate_x,2020,32.337
arg,sex_f,eco_isic4_c,est_sizeaggregate_x,2021,45.145
arg,sex_f,eco_isic4_c,est_sizeaggregate_x,2022,62.086
arg,sex_f,eco_isic4_c,est_sizeaggregate_x,2023,65.62
arg,sex_f,eco_isic4_c,est_sizeaggregate_x,2024,57.043
arg,sex_f,eco_isic4_d,est_sizeaggregate_s1_4,2011,0.69
arg,sex_f,eco_isic4_d,est_sizeaggregate_s5_49,2011,2.47
arg,sex_f,eco_isic4_d,est_sizeaggregate_s5_49,2012,2.143
arg,sex_f,eco_isic4_d,est_sizeaggregate_s5_49,2013,1.356
arg,sex_f,eco_isic4_d,est_sizeaggregate_s5_49,2014,0.27
arg,sex_f,eco_isic4_d,est_sizeaggregate_s5_49,2017,1.179
arg,sex_f,eco_isic4_d,est_sizeaggregate_s5_49,2018,1.963
arg,sex_f,eco_isic4_d,est_sizeaggregate_s5_49,2019,0.937
arg,sex_f,eco_isic4_d,est_sizeaggregate_s5_49,2020,0.56
arg,sex_f,eco_isic4_d,est_sizeaggregate_s5_49,2021,1.861
arg,sex_f,eco_isic4_d,est_sizeaggregate_s5_49,2022,1.19
arg,sex_f,eco_isic4_d,est_sizeaggregate_s5_49,2023,1.274
arg,sex_f,eco_isic4_d,est_sizeaggregate_s5_49,2024,0.82
arg,sex_f,eco_isic4_d,est_sizeaggregate_sge50,2011,4.959
arg,sex_f,eco_isic4_d,est_sizeaggregate_sge50,2012,6.145
arg,sex_f,eco_isic4_d,est_sizeaggregate_sge50,2013,3.935
arg,sex_f,eco_isic4_d,est_sizeaggregate_sge50,2014,3.763
arg,sex_f,eco_isic4_d,est_sizeaggregate_sge50,2017,5.509
arg,sex_f,eco_isic4_d,est_sizeaggregate_sge50,2018,5.976
arg,sex_f,eco_isic4_d,est_sizeaggregate_sge50,2019,6.83
arg,sex_f,eco_isic4_d,est_sizeaggregate_sge50,2020,2.94
arg,sex_f,eco_isic4_d,est_sizeaggregate_sge50,2021,4.187
arg,sex_f,eco_isic4_d,est_sizeaggregate_sge50,2022,4.799
arg,sex_f,eco_isic4_d,est_sizeaggregate_sge50,2023,4.082
arg,sex_f,eco_isic4_d,est_sizeaggregate_sge50,2024,6.558
arg,sex_f,eco_isic4_d,est_sizeaggregate_total,2011,9.746
arg,sex_f,eco_isic4_d,est_sizeaggregate_total,2012,11.138
arg,sex_f,eco_isic4_d,est_sizeaggregate_total,2013,6.098
arg,sex_f,eco_isic4_d,est_sizeaggregate_total,2014,5.102
arg,sex_f,eco_isic4_d,est_sizeaggregate_total,2017,8.266
arg,sex_f,eco_isic4_d,est_sizeaggregate_total,2018,9.384
arg,sex_f,eco_isic4_d,est_sizeaggregate_total,2019,8.213
arg,sex_f,eco_isic4_d,est_sizeaggregate_total,2020,3.71
arg,sex_f,eco_isic4_d,est_sizeaggregate_total,2021,8.068
arg,sex_f,eco_isic4_d,est_sizeaggregate_total,2022,7.451
arg,sex_f,eco_isic4_d,est_sizeaggregate_total,2023,7.572
arg,sex_f,eco_isic4_d,est_sizeaggregate_total,2024,9.386
arg,sex_f,eco_isic4_d,est_sizeaggregate_x,2011,1.628
arg,sex_f,eco_isic4_d,est_sizeaggregate_x,2012,2.829
arg,sex_f,eco_isic4_d,est_sizeaggregate_x,2013,0.807
arg,sex_f,eco_isic4_d,est_sizeaggregate_x,2014,0.967
arg,sex_f,eco_isic4_d,est_sizeaggregate_x,2017,1.536
arg,sex_f,eco_isic4_d,est_sizeaggregate_x,2018,1.24
arg,sex_f,eco_isic4_d,est_sizeaggregate_x,2021,2.019
arg,sex_f,eco_isic4_d,est_sizeaggregate_x,2022,1.287
arg,sex_f,eco_isic4_d,est_sizeaggregate_x,2023,2.031
arg,sex_f,eco_isic4_d,est_sizeaggregate_x,2024,1.35
arg,sex_f,eco_isic4_e,est_sizeaggregate_s1_4,2014,1.027
arg,sex_f,eco_isic4_e,est_sizeaggregate_s1_4,2018,0.336
arg,sex_f,eco_isic4_e,est_sizeaggregate_s1_4,2019,1.003
arg,sex_f,eco_isic4_e,est_sizeaggregate_s1_4,2022,0.817
arg,sex_f,eco_isic4_e,est_sizeaggregate_s1_4,2023,1.404
arg,sex_f,eco_isic4_e,est_sizeaggregate_s1_4,2024,1.645
arg,sex_f,eco_isic4_e,est_sizeaggregate_s5_49,2011,1.7
arg,sex_f,eco_isic4_e,est_sizeaggregate_s5_49,2012,1.498
arg,sex_f,eco_isic4_e,est_sizeaggregate_s5_49,2013,3.102
arg,sex_f,eco_isic4_e,est_sizeaggregate_s5_49,2014,4.919
arg,sex_f,eco_isic4_e,est_sizeaggregate_s5_49,2017,2.303
arg,sex_f,eco_isic4_e,est_sizeaggregate_s5_49,2018,2.412
arg,sex_f,eco_isic4_e,est_sizeaggregate_s5_49,2019,1.04
arg,sex_f,eco_isic4_e,est_sizeaggregate_s5_49,2020,1.967
arg,sex_f,eco_isic4_e,est_sizeaggregate_s5_49,2021,3.603
arg,sex_f,eco_isic4_e,est_sizeaggregate_s5_49,2022,3.736
arg,sex_f,eco_isic4_e,est_sizeaggregate_s5_49,2023,3.818
arg,sex_f,eco_isic4_e,est_sizeaggregate_s5_49,2024,3.759
arg,sex_f,eco_isic4_e,est_sizeaggregate_sge50,2011,2.682
arg,sex_f,eco_isic4_e,est_sizeaggregate_sge50,2012,4.181
arg,sex_f,eco_isic4_e,est_sizeaggregate_sge50,2013,4.004
arg,sex_f,eco_isic4_e,est_sizeaggregate_sge50,2014,5.342
arg,sex_f,eco_isic4_e,est_sizeaggregate_sge50,2017,3.047
arg,sex_f,eco_isic4_e,est_sizeaggregate_sge50,2018,3.578
arg,sex_f,eco_isic4_e,est_sizeaggregate_sge50,2019,4.726
arg,sex_f,eco_isic4_e,est_sizeaggregate_sge50,2020,5.664
arg,sex_f,eco_isic4_e,est_sizeaggregate_sge50,2021,6.42
arg,sex_f,eco_isic4_e,est_sizeaggregate_sge50,2022,7.128
arg,sex_f,eco_isic4_e,est_sizeaggregate_sge50,2023,4.602
arg,sex_f,eco_isic4_e,est_sizeaggregate_sge50,2024,5.747
arg,sex_f,eco_isic4_e,est_sizeaggregate_total,2011,7.306
arg,sex_f,eco_isic4_e,est_sizeaggregate_total,2012,6.552
arg,sex_f,eco_isic4_e,est_sizeaggregate_total,2013,8.191
arg,sex_f,eco_isic4_e,est_sizeaggregate_total,2014,13.092
arg,sex_f,eco_isic4_e,est_sizeaggregate_total,2017,6.725
arg,sex_f,eco_isic4_e,est_sizeaggregate_total,2018,7.552
arg,sex_f,eco_isic4_e,est_sizeaggregate_total,2019,8.928
arg,sex_f,eco_isic4_e,est_sizeaggregate_total,2020,9.537
arg,sex_f,eco_isic4_e,est_sizeaggregate_total,2021,12.575
arg,sex_f,eco_isic4_e,est_sizeaggregate_total,2022,17.956
arg,sex_f,eco_isic4_e,est_sizeaggregate_total,2023,11.738
arg,sex_f,eco_isic4_e,est_sizeaggregate_total,2024,15.282
arg,sex_f,eco_isic4_e,est_sizeaggregate_x,2011,2.82
arg,sex_f,eco_isic4_e,est_sizeaggregate_x,2012,0.745
arg,sex_f,eco_isic4_e,est_sizeaggregate_x,2013,0.86
arg,sex_f,eco_isic4_e,est_sizeaggregate_x,2014,1.804
arg,sex_f,eco_isic4_e,est_sizeaggregate_x,2017,1.002
arg,sex_f,eco_isic4_e,est_sizeaggregate_x,2018,1.226
arg,sex_f,eco_isic4_e,est_sizeaggregate_x,2019,2.159
arg,sex_f,eco_isic4_e,est_sizeaggregate_x,2020,1.766
arg,sex_f,eco_isic4_e,est_sizeaggregate_x,2021,2.336
arg,sex_f,eco_isic4_e,est_sizeaggregate_x,2022,6.275
arg,sex_f,eco_isic4_e,est_sizeaggregate_x,2023,1.914
arg,sex_f,eco_isic4_e,est_sizeaggregate_x,2024,4.132
arg,sex_f,eco_isic4_f,est_sizeaggregate_s1_4,2011,1.842
arg,sex_f,eco_isic4_f,est_sizeaggregate_s1_4,2012,3.44
arg,sex_f,eco_isic4_f,est_sizeaggregate_s1_4,2013,4.35
arg,sex_f,eco_isic4_f,est_sizeaggregate_s1_4,2014,2.558
arg,sex_f,eco_isic4_f,est_sizeaggregate_s1_4,2017,6.519
arg,sex_f,eco_isic4_f,est_sizeaggregate_s1_4,2018,7.176
arg,sex_f,eco_isic4_f,est_sizeaggregate_s1_4,2019,5.79
arg,sex_f,eco_isic4_f,est_sizeaggregate_s1_4,2020,3.424
arg,sex_f,eco_isic4_f,est_sizeaggregate_s1_4,2021,3.733
arg,sex_f,eco_isic4_f,est_sizeaggregate_s1_4,2022,6.663
arg,sex_f,eco_isic4_f,est_sizeaggregate_s1_4,2023,8.055
arg,sex_f,eco_isic4_f,est_sizeaggregate_s1_4,2024,7.708
arg,sex_f,eco_isic4_f,est_sizeaggregate_s5_49,2011,8.525
arg,sex_f,eco_isic4_f,est_sizeaggregate_s5_49,2012,7.987
arg,sex_f,eco_isic4_f,est_sizeaggregate_s5_49,2013,5.237
arg,sex_f,eco_isic4_f,est_sizeaggregate_s5_49,2014,7.151
arg,sex_f,eco_isic4_f,est_sizeaggregate_s5_49,2017,8.518
arg,sex_f,eco_isic4_f,est_sizeaggregate_s5_49,2018,8.394
arg,sex_f,eco_isic4_f,est_sizeaggregate_s5_49,2019,10.569
arg,sex_f,eco_isic4_f,est_sizeaggregate_s5_49,2020,6.605
arg,sex_f,eco_isic4_f,est_sizeaggregate_s5_49,2021,9.343
arg,sex_f,eco_isic4_f,est_sizeaggregate_s5_49,2022,8.956
arg,sex_f,eco_isic4_f,est_sizeaggregate_s5_49,2023,12.32
arg,sex_f,eco_isic4_f,est_sizeaggregate_s5_49,2024,12.663
arg,sex_f,eco_isic4_f,est_sizeaggregate_sge50,2011,5.53
arg,sex_f,eco_isic4_f,est_sizeaggregate_sge50,2012,8.275
arg,sex_f,eco_isic4_f,est_sizeaggregate_sge50,2013,5.039
arg,sex_f,eco_isic4_f,est_sizeaggregate_sge50,2014,3.758
arg,sex_f,eco_isic4_f,est_sizeaggregate_sge50,2017,6.468
arg,sex_f,eco_isic4_f,est_sizeaggregate_sge50,2018,7.099
arg,sex_f,eco_isic4_f,est_sizeaggregate_sge50,2019,8.285
arg,sex_f,eco_isic4_f,est_sizeaggregate_sge50,2020,9.935
arg,sex_f,eco_isic4_f,est_sizeaggregate_sge50,2021,5.048
arg,sex_f,eco_isic4_f,est_sizeaggregate_sge50,2022,6.138
arg,sex_f,eco_isic4_f,est_sizeaggregate_sge50,2023,9.657
arg,sex_f,eco_isic4_f,est_sizeaggregate_sge50,2024,12.091
arg,sex_f,eco_isic4_f,est_sizeaggregate_total,2011,20.287
arg,sex_f,eco_isic4_f,est_sizeaggregate_total,2012,23.44
arg,sex_f,eco_isic4_f,est_sizeaggregate_total,2013,20.75
arg,sex_f,eco_isic4_f,est_sizeaggregate_total,2014,20.18
arg,sex_f,eco_isic4_f,est_sizeaggregate_total,2017,24.948
arg,sex_f,eco_isic4_f,est_sizeaggregate_total,2018,28.622
arg,sex_f,eco_isic4_f,est_sizeaggregate_total,2019,29.378
arg,sex_f,eco_isic4_f,est_sizeaggregate_total,2020,22.166
arg,sex_f,eco_isic4_f,est_sizeaggregate_total,2021,24.253
arg,sex_f,eco_isic4_f,est_sizeaggregate_total,2022,29.313
arg,sex_f,eco_isic4_f,est_sizeaggregate_total,2023,38.608
arg,sex_f,eco_isic4_f,est_sizeaggregate_total,2024,37.919
arg,sex_f,eco_isic4_f,est_sizeaggregate_x,2011,4.39
arg,sex_f,eco_isic4_f,est_sizeaggregate_x,2012,3.738
arg,sex_f,eco_isic4_f,est_sizeaggregate_x,2013,6.124
arg,sex_f,eco_isic4_f,est_sizeaggregate_x,2014,6.713
arg,sex_f,eco_isic4_f,est_sizeaggregate_x,2017,3.443
arg,sex_f,eco_isic4_f,est_sizeaggregate_x,2018,5.953
arg,sex_f,eco_isic4_f,est_sizeaggregate_x,2019,4.733
arg,sex_f,eco_isic4_f,est_sizeaggregate_x,2020,2.202
arg,sex_f,eco_isic4_f,est_sizeaggregate_x,2021,6.129
arg,sex_f,eco_isic4_f,est_sizeaggregate_x,2022,7.556
arg,sex_f,eco_isic4_f,est_sizeaggregate_x,2023,8.577
arg,sex_f,eco_isic4_f,est_sizeaggregate_x,2024,5.458
arg,sex_f,eco_isic4_g,est_sizeaggregate_s1_4,2011,192.604
arg,sex_f,eco_isic4_g,est_sizeaggregate_s1_4,2012,175.472
arg,sex_f,eco_isic4_g,est_sizeaggregate_s1_4,2013,182.778
arg,sex_f,eco_isic4_g,est_sizeaggregate_s1_4,2014,191.132
arg,sex_f,eco_isic4_g,est_sizeaggregate_s1_4,2017,185.815
arg,sex_f,eco_isic4_g,est_sizeaggregate_s1_4,2018,208.109
arg,sex_f,eco_isic4_g,est_sizeaggregate_s1_4,2019,200.704
arg,sex_f,eco_isic4_g,est_sizeaggregate_s1_4,2020,151.05
arg,sex_f,eco_isic4_g,est_sizeaggregate_s1_4,2021,184.806
arg,sex_f,eco_isic4_g,est_sizeaggregate_s1_4,2022,217.123
arg,sex_f,eco_isic4_g,est_sizeaggregate_s1_4,2023,246.481
arg,sex_f,eco_isic4_g,est_sizeaggregate_s1_4,2024,245.829
arg,sex_f,eco_isic4_g,est_sizeaggregate_s5_49,2011,119.87
arg,sex_f,eco_isic4_g,est_sizeaggregate_s5_49,2012,122.75
arg,sex_f,eco_isic4_g,est_sizeaggregate_s5_49,2013,110.134
arg,sex_f,eco_isic4_g,est_sizeaggregate_s5_49,2014,103.934
arg,sex_f,eco_isic4_g,est_sizeaggregate_s5_49,2017,113.236
arg,sex_f,eco_isic4_g,est_sizeaggregate_s5_49,2018,127.862
arg,sex_f,eco_isic4_g,est_sizeaggregate_s5_49,2019,124.944
arg,sex_f,eco_isic4_g,est_sizeaggregate_s5_49,2020,87.621
arg,sex_f,eco_isic4_g,est_sizeaggregate_s5_49,2021,127.158
arg,sex_f,eco_isic4_g,est_sizeaggregate_s5_49,2022,123.968
arg,sex_f,eco_isic4_g,est_sizeaggregate_s5_49,2023,139.72
arg,sex_f,eco_isic4_g,est_sizeaggregate_s5_49,2024,146.405
arg,sex_f,eco_isic4_g,est_sizeaggregate_sge50,2011,50.196
arg,sex_f,eco_isic4_g,est_sizeaggregate_sge50,2012,51.657
arg,sex_f,eco_isic4_g,est_sizeaggregate_sge50,2013,53.889
arg,sex_f,eco_isic4_g,est_sizeaggregate_sge50,2014,46.657
arg,sex_f,eco_isic4_g,est_sizeaggregate_sge50,2017,53.41
arg,sex_f,eco_isic4_g,est_sizeaggregate_sge50,2018,52.37
arg,sex_f,eco_isic4_g,est_sizeaggregate_sge50,2019,54.692
arg,sex_f,eco_isic4_g,est_sizeaggregate_sge50,2020,56.964
arg,sex_f,eco_isic4_g,est_sizeaggregate_sge50,2021,47.678
arg,sex_f,eco_isic4_g,est_sizeaggregate_sge50,2022,53.755
arg,sex_f,eco_isic4_g,est_sizeaggregate_sge50,2023,64.308
arg,sex_f,eco_isic4_g,est_sizeaggregate_sge50,2024,73.197
arg,sex_f,eco_isic4_g,est_sizeaggregate_total,2011,437.962
arg,sex_f,eco_isic4_g,est_sizeaggregate_total,2012,419.98
arg,sex_f,eco_isic4_g,est_sizeaggregate_total,2013,417.611
arg,sex_f,eco_isic4_g,est_sizeaggregate_total,2014,413.291
arg,sex_f,eco_isic4_g,est_sizeaggregate_total,2017,423.551
arg,sex_f,eco_isic4_g,est_sizeaggregate_total,2018,460.886
arg,sex_f,eco_isic4_g,est_sizeaggregate_total,2019,450.284
arg,sex_f,eco_isic4_g,est_sizeaggregate_total,2020,353.504
arg,sex_f,eco_isic4_g,est_sizeaggregate_total,2021,432.911
arg,sex_f,eco_isic4_g,est_sizeaggregate_total,2022,475.826
arg,sex_f,eco_isic4_g,est_sizeaggregate_total,2023,544.387
arg,sex_f,eco_isic4_g,est_sizeaggregate_total,2024,564.085
arg,sex_f,eco_isic4_g,est_sizeaggregate_x,2011,75.292
arg,sex_f,eco_isic4_g,est_sizeaggregate_x,2012,70.1
arg,sex_f,eco_isic4_g,est_sizeaggregate_x,2013,70.81
arg,sex_f,eco_isic4_g,est_sizeaggregate_x,2014,71.568
arg,sex_f,eco_isic4_g,est_sizeaggregate_x,2017,71.09
arg,sex_f,eco_isic4_g,est_sizeaggregate_x,2018,72.544
arg,sex_f,eco_isic4_g,est_sizeaggregate_x,2019,69.944
arg,sex_f,eco_isic4_g,est_sizeaggregate_x,2020,57.87
arg,sex_f,eco_isic4_g,est_sizeaggregate_x,2021,73.268
arg,sex_f,eco_isic4_g,est_sizeaggregate_x,2022,80.981
arg,sex_f,eco_isic4_g,est_sizeaggregate_x,2023,93.878
arg,sex_f,eco_isic4_g,est_sizeaggregate_x,2024,98.655
arg,sex_f,eco_isic4_h,est_sizeaggregate_s1_4,2011,6.698
arg,sex_f,eco_isic4_h,est_sizeaggregate_s1_4,2012,7.102
arg,sex_f,eco_isic4_h,est_sizeaggregate_s1_4,2013,8.289
arg,sex_f,eco_isic4_h,est_sizeaggregate_s1_4,2014,10.197
arg,sex_f,eco_isic4_h,est_sizeaggregate_s1_4,2017,8.055
arg,sex_f,eco_isic4_h,est_sizeaggregate_s1_4,2018,4.989
arg,sex_f,eco_isic4_h,est_sizeaggregate_s1_4,2019,6.866
arg,sex_f,eco_isic4_h,est_sizeaggregate_s1_4,2020,2.643
arg,sex_f,eco_isic4_h,est_sizeaggregate_s1_4,2021,5.774
arg,sex_f,eco_isic4_h,est_sizeaggregate_s1_4,2022,6.271
arg,sex_f,eco_isic4_h,est_sizeaggregate_s1_4,2023,7.053
arg,sex_f,eco_isic4_h,est_sizeaggregate_s1_4,2024,7.381
arg,sex_f,eco_isic4_h,est_sizeaggregate_s5_49,2011,12.415
arg,sex_f,eco_isic4_h,est_sizeaggregate_s5_49,2012,11.042
arg,sex_f,eco_isic4_h,est_sizeaggregate_s5_49,2013,13.365
arg,sex_f,eco_isic4_h,est_sizeaggregate_s5_49,2014,15.967
arg,sex_f,eco_isic4_h,est_sizeaggregate_s5_49,2017,18.604
arg,sex_f,eco_isic4_h,est_sizeaggregate_s5_49,2018,21.993
arg,sex_f,eco_isic4_h,est_sizeaggregate_s5_49,2019,9.819
arg,sex_f,eco_isic4_h,est_sizeaggregate_s5_49,2020,6.734
arg,sex_f,eco_isic4_h,est_sizeaggregate_s5_49,2021,19.7
arg,sex_f,eco_isic4_h,est_sizeaggregate_s5_49,2022,6.747
arg,sex_f,eco_isic4_h,est_sizeaggregate_s5_49,2023,12.046
arg,sex_f,eco_isic4_h,est_sizeaggregate_s5_49,2024,17.878
arg,sex_f,eco_isic4_h,est_sizeaggregate_sge50,2011,14.33
arg,sex_f,eco_isic4_h,est_sizeaggregate_sge50,2012,17.124
arg,sex_f,eco_isic4_h,est_sizeaggregate_sge50,2013,13.997
arg,sex_f,eco_isic4_h,est_sizeaggregate_sge50,2014,12.754
arg,sex_f,eco_isic4_h,est_sizeaggregate_sge50,2017,17.012
arg,sex_f,eco_isic4_h,est_sizeaggregate_sge50,2018,18.136
arg,sex_f,eco_isic4_h,est_sizeaggregate_sge50,2019,15.31
arg,sex_f,eco_isic4_h,est_sizeaggregate_sge50,2020,14.771
arg,sex_f,eco_isic4_h,est_sizeaggregate_sge50,2021,16.144
arg,sex_f,eco_isic4_h,est_sizeaggregate_sge50,2022,16.124
arg,sex_f,eco_isic4_h,est_sizeaggregate_sge50,2023,22.183
arg,sex_f,eco_isic4_h,est_sizeaggregate_sge50,2024,26.891
arg,sex_f,eco_isic4_h,est_sizeaggregate_total,2011,42.273
arg,sex_f,eco_isic4_h,est_sizeaggregate_total,2012,44.74
arg,sex_f,eco_isic4_h,est_sizeaggregate_total,2013,48.975
arg,sex_f,eco_isic4_h,est_sizeaggregate_total,2014,44.904
arg,sex_f,eco_isic4_h,est_sizeaggregate_total,2017,53.135
arg,sex_f,eco_isic4_h,est_sizeaggregate_total,2018,55.272
arg,sex_f,eco_isic4_h,est_sizeaggregate_total,2019,43.015
arg,sex_f,eco_isic4_h,est_sizeaggregate_total,2020,33.398
arg,sex_f,eco_isic4_h,est_sizeaggregate_total,2021,54.626
arg,sex_f,eco_isic4_h,est_sizeaggregate_total,2022,47.8
arg,sex_f,eco_isic4_h,est_sizeaggregate_total,2023,58.527
arg,sex_f,eco_isic4_h,est_sizeaggregate_total,2024,70.653
arg,sex_f,eco_isic4_h,est_sizeaggregate_x,2011,8.831
arg,sex_f,eco_isic4_h,est_sizeaggregate_x,2012,9.472
arg,sex_f,eco_isic4_h,est_sizeaggregate_x,2013,13.325
arg,sex_f,eco_isic4_h,est_sizeaggregate_x,2014,5.986
arg,sex_f,eco_isic4_h,est_sizeaggregate_x,2017,9.464
arg,sex_f,eco_isic4_h,est_sizeaggregate_x,2018,10.154
arg,sex_f,eco_isic4_h,est_sizeaggregate_x,2019,11.02
arg,sex_f,eco_isic4_h,est_sizeaggregate_x,2020,9.25
arg,sex_f,eco_isic4_h,est_sizeaggregate_x,2021,13.008
arg,sex_f,eco_isic4_h,est_sizeaggregate_x,2022,18.658
arg,sex_f,eco_isic4_h,est_sizeaggregate_x,2023,17.245
arg,sex_f,eco_isic4_h,est_sizeaggregate_x,2024,18.503
arg,sex_f,eco_isic4_i,est_sizeaggregate_s1_4,2011,41.92
arg,sex_f,eco_isic4_i,est_sizeaggregate_s1_4,2012,39.798
arg,sex_f,eco_isic4_i,est_sizeaggregate_s1_4,2013,36.182
arg,sex_f,eco_isic4_i,est_sizeaggregate_s1_4,2014,31.941
arg,sex_f,eco_isic4_i,est_sizeaggregate_s1_4,2017,37.704
arg,sex_f,eco_isic4_i,est_sizeaggregate_s1_4,2018,41.084
arg,sex_f,eco_isic4_i,est_sizeaggregate_s1_4,2019,44.63
arg,sex_f,eco_isic4_i,est_sizeaggregate_s1_4,2020,27.549
arg,sex_f,eco_isic4_i,est_sizeaggregate_s1_4,2021,38.233
arg,sex_f,eco_isic4_i,est_sizeaggregate_s1_4,2022,47.382
arg,sex_f,eco_isic4_i,est_sizeaggregate_s1_4,2023,49.895
arg,sex_f,eco_isic4_i,est_sizeaggregate_s1_4,2024,62.994
arg,sex_f,eco_isic4_i,est_sizeaggregate_s5_49,2011,57.434
arg,sex_f,eco_isic4_i,est_sizeaggregate_s5_49,2012,64.052
arg,sex_f,eco_isic4_i,est_sizeaggregate_s5_49,2013,57.046
arg,sex_f,eco_isic4_i,est_sizeaggregate_s5_49,2014,59.017
arg,sex_f,eco_isic4_i,est_sizeaggregate_s5_49,2017,74.64
arg,sex_f,eco_isic4_i,est_sizeaggregate_s5_49,2018,70.932
arg,sex_f,eco_isic4_i,est_sizeaggregate_s5_49,2019,73.047
arg,sex_f,eco_isic4_i,est_sizeaggregate_s5_49,2020,51.256
arg,sex_f,eco_isic4_i,est_sizeaggregate_s5_49,2021,49.678
arg,sex_f,eco_isic4_i,est_sizeaggregate_s5_49,2022,75.256
arg,sex_f,eco_isic4_i,est_sizeaggregate_s5_49,2023,93.854
arg,sex_f,eco_isic4_i,est_sizeaggregate_s5_49,2024,105.582
arg,sex_f,eco_isic4_i,est_sizeaggregate_sge50,2011,12.469
arg,sex_f,eco_isic4_i,est_sizeaggregate_sge50,2012,14.534
arg,sex_f,eco_isic4_i,est_sizeaggregate_sge50,2013,13.6
arg,sex_f,eco_isic4_i,est_sizeaggregate_sge50,2014,11.594
arg,sex_f,eco_isic4_i,est_sizeaggregate_sge50,2017,13.471
arg,sex_f,eco_isic4_i,est_sizeaggregate_sge50,2018,13.963
arg,sex_f,eco_isic4_i,est_sizeaggregate_sge50,2019,15.088
arg,sex_f,eco_isic4_i,est_sizeaggregate_sge50,2020,8.863
arg,sex_f,eco_isic4_i,est_sizeaggregate_sge50,2021,11.918
arg,sex_f,eco_isic4_i,est_sizeaggregate_sge50,2022,11.906
arg,sex_f,eco_isic4_i,est_sizeaggregate_sge50,2023,12.916
arg,sex_f,eco_isic4_i,est_sizeaggregate_sge50,2024,14.84
arg,sex_f,eco_isic4_i,est_sizeaggregate_total,2011,131.021
arg,sex_f,eco_isic4_i,est_sizeaggregate_total,2012,142.014
arg,sex_f,eco_isic4_i,est_sizeaggregate_total,2013,133.247
arg,sex_f,eco_isic4_i,est_sizeaggregate_total,2014,128.535
arg,sex_f,eco_isic4_i,est_sizeaggregate_total,2017,151.657
arg,sex_f,eco_isic4_i,est_sizeaggregate_total,2018,154.328
arg,sex_f,eco_isic4_i,est_sizeaggregate_total,2019,162.196
arg,sex_f,eco_isic4_i,est_sizeaggregate_total,2020,103.608
arg,sex_f,eco_isic4_i,est_sizeaggregate_total,2021,126.572
arg,sex_f,eco_isic4_i,est_sizeaggregate_total,2022,171.494
arg,sex_f,eco_isic4_i,est_sizeaggregate_total,2023,203.879
arg,sex_f,eco_isic4_i,est_sizeaggregate_total,2024,227.726
arg,sex_f,eco_isic4_i,est_sizeaggregate_x,2011,19.197
arg,sex_f,eco_isic4_i,est_sizeaggregate_x,2012,23.628
arg,sex_f,eco_isic4_i,est_sizeaggregate_x,2013,26.419
arg,sex_f,eco_isic4_i,est_sizeaggregate_x,2014,25.982
arg,sex_f,eco_isic4_i,est_sizeaggregate_x,2017,25.842
arg,sex_f,eco_isic4_i,est_sizeaggregate_x,2018,28.349
arg,sex_f,eco_isic4_i,est_sizeaggregate_x,2019,29.43
arg,sex_f,eco_isic4_i,est_sizeaggregate_x,2020,15.94
arg,sex_f,eco_isic4_i,est_sizeaggregate_x,2021,26.742
arg,sex_f,eco_isic4_i,est_sizeaggregate_x,2022,36.95
arg,sex_f,eco_isic4_i,est_sizeaggregate_x,2023,47.214
arg,sex_f,eco_isic4_i,est_sizeaggregate_x,2024,44.31
arg,sex_f,eco_isic4_j,est_sizeaggregate_s1_4,2011,5.622
arg,sex_f,eco_isic4_j,est_sizeaggregate_s1_4,2012,3.734
arg,sex_f,eco_isic4_j,est_sizeaggregate_s1_4,2013,6.506
arg,sex_f,eco_isic4_j,est_sizeaggregate_s1_4,2014,2.807
arg,sex_f,eco_isic4_j,est_sizeaggregate_s1_4,2017,2.652
arg,sex_f,eco_isic4_j,est_sizeaggregate_s1_4,2018,4.469
arg,sex_f,eco_isic4_j,est_sizeaggregate_s1_4,2019,5.738
arg,sex_f,eco_isic4_j,est_sizeaggregate_s1_4,2020,3.465
arg,sex_f,eco_isic4_j,est_sizeaggregate_s1_4,2021,3.926
arg,sex_f,eco_isic4_j,est_sizeaggregate_s1_4,2022,4.66
arg,sex_f,eco_isic4_j,est_sizeaggregate_s1_4,2023,5.731
arg,sex_f,eco_isic4_j,est_sizeaggregate_s1_4,2024,6.827
arg,sex_f,eco_isic4_j,est_sizeaggregate_s5_49,2011,13.453
arg,sex_f,eco_isic4_j,est_sizeaggregate_s5_49,2012,13.463
arg,sex_f,eco_isic4_j,est_sizeaggregate_s5_49,2013,13.462
arg,sex_f,eco_isic4_j,est_sizeaggregate_s5_49,2014,15.746
arg,sex_f,eco_isic4_j,est_sizeaggregate_s5_49,2017,10.332
arg,sex_f,eco_isic4_j,est_sizeaggregate_s5_49,2018,9.314
arg,sex_f,eco_isic4_j,est_sizeaggregate_s5_49,2019,15.28
arg,sex_f,eco_isic4_j,est_sizeaggregate_s5_49,2020,13.006
arg,sex_f,eco_isic4_j,est_sizeaggregate_s5_49,2021,8.624
arg,sex_f,eco_isic4_j,est_sizeaggregate_s5_49,2022,16.622
arg,sex_f,eco_isic4_j,est_sizeaggregate_s5_49,2023,12.98
arg,sex_f,eco_isic4_j,est_sizeaggregate_s5_49,2024,22.672
arg,sex_f,eco_isic4_j,est_sizeaggregate_sge50,2011,28.294
arg,sex_f,eco_isic4_j,est_sizeaggregate_sge50,2012,32.326
arg,sex_f,eco_isic4_j,est_sizeaggregate_sge50,2013,31.895
arg,sex_f,eco_isic4_j,est_sizeaggregate_sge50,2014,31.659
arg,sex_f,eco_isic4_j,est_sizeaggregate_sge50,2017,17.01
arg,sex_f,eco_isic4_j,est_sizeaggregate_sge50,2018,13.002
arg,sex_f,eco_isic4_j,est_sizeaggregate_sge50,2019,18.551
arg,sex_f,eco_isic4_j,est_sizeaggregate_sge50,2020,18.49
arg,sex_f,eco_isic4_j,est_sizeaggregate_sge50,2021,27.484
arg,sex_f,eco_isic4_j,est_sizeaggregate_sge50,2022,32.487
arg,sex_f,eco_isic4_j,est_sizeaggregate_sge50,2023,42.239
arg,sex_f,eco_isic4_j,est_sizeaggregate_sge50,2024,42.746
arg,sex_f,eco_isic4_j,est_sizeaggregate_total,2011,60.685
arg,sex_f,eco_isic4_j,est_sizeaggregate_total,2012,62.623
arg,sex_f,eco_isic4_j,est_sizeaggregate_total,2013,63.757
arg,sex_f,eco_isic4_j,est_sizeaggregate_total,2014,58.895
arg,sex_f,eco_isic4_j,est_sizeaggregate_total,2017,38.545
arg,sex_f,eco_isic4_j,est_sizeaggregate_total,2018,36.763
arg,sex_f,eco_isic4_j,est_sizeaggregate_total,2019,48.505
arg,sex_f,eco_isic4_j,est_sizeaggregate_total,2020,46.589
arg,sex_f,eco_isic4_j,est_sizeaggregate_total,2021,57.685
arg,sex_f,eco_isic4_j,est_sizeaggregate_total,2022,71.126
arg,sex_f,eco_isic4_j,est_sizeaggregate_total,2023,78.166
arg,sex_f,eco_isic4_j,est_sizeaggregate_total,2024,89.03
arg,sex_f,eco_isic4_j,est_sizeaggregate_x,2011,13.318
arg,sex_f,eco_isic4_j,est_sizeaggregate_x,2012,13.1
arg,sex_f,eco_isic4_j,est_sizeaggregate_x,2013,11.893
arg,sex_f,eco_isic4_j,est_sizeaggregate_x,2014,8.684
arg,sex_f,eco_isic4_j,est_sizeaggregate_x,2017,8.552
arg,sex_f,eco_isic4_j,est_sizeaggregate_x,2018,9.979
arg,sex_f,eco_isic4_j,est_sizeaggregate_x,2019,8.935
arg,sex_f,eco_isic4_j,est_sizeaggregate_x,2020,11.628
arg,sex_f,eco_isic4_j,est_sizeaggregate_x,2021,17.651
arg,sex_f,eco_isic4_j,est_sizeaggregate_x,2022,17.356
arg,sex_f,eco_isic4_j,est_sizeaggregate_x,2023,17.217
arg,sex_f,eco_isic4_j,est_sizeaggregate_x,2024,16.786
arg,sex_f,eco_isic4_k,est_sizeaggregate_s1_4,2011,7.38
arg,sex_f,eco_isic4_k,est_sizeaggregate_s1_4,2012,7.537
arg,sex_f,eco_isic4_k,est_sizeaggregate_s1_4,2013,7.228
arg,sex_f,eco_isic4_k,est_sizeaggregate_s1_4,2014,11.178
arg,sex_f,eco_isic4_k,est_sizeaggregate_s1_4,2017,6.08
arg,sex_f,eco_isic4_k,est_sizeaggregate_s1_4,2018,8.934
arg,sex_f,eco_isic4_k,est_sizeaggregate_s1_4,2019,8.132
arg,sex_f,eco_isic4_k,est_sizeaggregate_s1_4,2020,11.998
arg,sex_f,eco_isic4_k,est_sizeaggregate_s1_4,2021,7.519
arg,sex_f,eco_isic4_k,est_sizeaggregate_s1_4,2022,8.243
arg,sex_f,eco_isic4_k,est_sizeaggregate_s1_4,2023,6.052
arg,sex_f,eco_isic4_k,est_sizeaggregate_s1_4,2024,8.812
arg,sex_f,eco_isic4_k,est_sizeaggregate_s5_49,2011,29.34
arg,sex_f,eco_isic4_k,est_sizeaggregate_s5_49,2012,28.632
arg,sex_f,eco_isic4_k,est_sizeaggregate_s5_49,2013,27.125
arg,sex_f,eco_isic4_k,est_sizeaggregate_s5_49,2014,23.512
arg,sex_f,eco_isic4_k,est_sizeaggregate_s5_49,2017,29.101
arg,sex_f,eco_isic4_k,est_sizeaggregate_s5_49,2018,35.071
arg,sex_f,eco_isic4_k,est_sizeaggregate_s5_49,2019,31.12
arg,sex_f,eco_isic4_k,est_sizeaggregate_s5_49,2020,21.836
arg,sex_f,eco_isic4_k,est_sizeaggregate_s5_49,2021,29.766
arg,sex_f,eco_isic4_k,est_sizeaggregate_s5_49,2022,22.616
arg,sex_f,eco_isic4_k,est_sizeaggregate_s5_49,2023,30.444
arg,sex_f,eco_isic4_k,est_sizeaggregate_s5_49,2024,32.373
arg,sex_f,eco_isic4_k,est_sizeaggregate_sge50,2011,41.324
arg,sex_f,eco_isic4_k,est_sizeaggregate_sge50,2012,40.072
arg,sex_f,eco_isic4_k,est_sizeaggregate_sge50,2013,36.685
arg,sex_f,eco_isic4_k,est_sizeaggregate_sge50,2014,45.202
arg,sex_f,eco_isic4_k,est_sizeaggregate_sge50,2017,44.06
arg,sex_f,eco_isic4_k,est_sizeaggregate_sge50,2018,40.571
arg,sex_f,eco_isic4_k,est_sizeaggregate_sge50,2019,55.376
arg,sex_f,eco_isic4_k,est_sizeaggregate_sge50,2020,50.856
arg,sex_f,eco_isic4_k,est_sizeaggregate_sge50,2021,44.505
arg,sex_f,eco_isic4_k,est_sizeaggregate_sge50,2022,57.859
arg,sex_f,eco_isic4_k,est_sizeaggregate_sge50,2023,60.496
arg,sex_f,eco_isic4_k,est_sizeaggregate_sge50,2024,58.041
arg,sex_f,eco_isic4_k,est_sizeaggregate_total,2011,92.952
arg,sex_f,eco_isic4_k,est_sizeaggregate_total,2012,94.318
arg,sex_f,eco_isic4_k,est_sizeaggregate_total,2013,94.998
arg,sex_f,eco_isic4_k,est_sizeaggregate_total,2014,99.427
arg,sex_f,eco_isic4_k,est_sizeaggregate_total,2017,99.183
arg,sex_f,eco_isic4_k,est_sizeaggregate_total,2018,107.626
arg,sex_f,eco_isic4_k,est_sizeaggregate_total,2019,115.292
arg,sex_f,eco_isic4_k,est_sizeaggregate_total,2020,108.75
arg,sex_f,eco_isic4_k,est_sizeaggregate_total,2021,104.529
arg,sex_f,eco_isic4_k,est_sizeaggregate_total,2022,114.531
arg,sex_f,eco_isic4_k,est_sizeaggregate_total,2023,118.036
arg,sex_f,eco_isic4_k,est_sizeaggregate_total,2024,130.677
arg,sex_f,eco_isic4_k,est_sizeaggregate_x,2011,14.907
arg,sex_f,eco_isic4_k,est_sizeaggregate_x,2012,18.078
arg,sex_f,eco_isic4_k,est_sizeaggregate_x,2013,23.96
arg,sex_f,eco_isic4_k,est_sizeaggregate_x,2014,19.536
arg,sex_f,eco_isic4_k,est_sizeaggregate_x,2017,19.942
arg,sex_f,eco_isic4_k,est_sizeaggregate_x,2018,23.049
arg,sex_f,eco_isic4_k,est_sizeaggregate_x,2019,20.664
arg,sex_f,eco_isic4_k,est_sizeaggregate_x,2020,24.061
arg,sex_f,eco_isic4_k,est_sizeaggregate_x,2021,22.739
arg,sex_f,eco_isic4_k,est_sizeaggregate_x,2022,25.813
arg,sex_f,eco_isic4_k,est_sizeaggregate_x,2023,21.044
arg,sex_f,eco_isic4_k,est_sizeaggregate_x,2024,31.451
arg,sex_f,eco_isic4_l,est_sizeaggregate_s1_4,2011,9.009
arg,sex_f,eco_isic4_l,est_sizeaggregate_s1_4,2012,13.313
arg,sex_f,eco_isic4_l,est_sizeaggregate_s1_4,2013,6.076
arg,sex_f,eco_isic4_l,est_sizeaggregate_s1_4,2014,4.132
arg,sex_f,eco_isic4_l,est_sizeaggregate_s1_4,2017,12.884
arg,sex_f,eco_isic4_l,est_sizeaggregate_s1_4,2018,7.985
arg,sex_f,eco_isic4_l,est_sizeaggregate_s1_4,2019,11.708
arg,sex_f,eco_isic4_l,est_sizeaggregate_s1_4,2020,12.594
arg,sex_f,eco_isic4_l,est_sizeaggregate_s1_4,2021,13.401
arg,sex_f,eco_isic4_l,est_sizeaggregate_s1_4,2022,7.775
arg,sex_f,eco_isic4_l,est_sizeaggregate_s1_4,2023,11.909
arg,sex_f,eco_isic4_l,est_sizeaggregate_s1_4,2024,10.094
arg,sex_f,eco_isic4_l,est_sizeaggregate_s5_49,2011,8.703
arg,sex_f,eco_isic4_l,est_sizeaggregate_s5_49,2012,8.34
arg,sex_f,eco_isic4_l,est_sizeaggregate_s5_49,2013,4.775
arg,sex_f,eco_isic4_l,est_sizeaggregate_s5_49,2014,2.201
arg,sex_f,eco_isic4_l,est_sizeaggregate_s5_49,2017,8.428
arg,sex_f,eco_isic4_l,est_sizeaggregate_s5_49,2018,5.981
arg,sex_f,eco_isic4_l,est_sizeaggregate_s5_49,2019,5.308
arg,sex_f,eco_isic4_l,est_sizeaggregate_s5_49,2020,8.202
arg,sex_f,eco_isic4_l,est_sizeaggregate_s5_49,2021,3.327
arg,sex_f,eco_isic4_l,est_sizeaggregate_s5_49,2022,6.307
arg,sex_f,eco_isic4_l,est_sizeaggregate_s5_49,2023,14.025
arg,sex_f,eco_isic4_l,est_sizeaggregate_s5_49,2024,10.757
arg,sex_f,eco_isic4_l,est_sizeaggregate_sge50,2011,1.034
arg,sex_f,eco_isic4_l,est_sizeaggregate_sge50,2021,1.883
arg,sex_f,eco_isic4_l,est_sizeaggregate_sge50,2023,1.871
arg,sex_f,eco_isic4_l,est_sizeaggregate_sge50,2024,3.828
arg,sex_f,eco_isic4_l,est_sizeaggregate_total,2011,20.895
arg,sex_f,eco_isic4_l,est_sizeaggregate_total,2012,25.323
arg,sex_f,eco_isic4_l,est_sizeaggregate_total,2013,13.317
arg,sex_f,eco_isic4_l,est_sizeaggregate_total,2014,8.43
arg,sex_f,eco_isic4_l,est_sizeaggregate_total,2017,25.386
arg,sex_f,eco_isic4_l,est_sizeaggregate_total,2018,18.605
arg,sex_f,eco_isic4_l,est_sizeaggregate_total,2019,20.787
arg,sex_f,eco_isic4_l,est_sizeaggregate_total,2020,21.416
arg,sex_f,eco_isic4_l,est_sizeaggregate_total,2021,26.632
arg,sex_f,eco_isic4_l,est_sizeaggregate_total,2022,18.079
arg,sex_f,eco_isic4_l,est_sizeaggregate_total,2023,30.67
arg,sex_f,eco_isic4_l,est_sizeaggregate_total,2024,31.087
arg,sex_f,eco_isic4_l,est_sizeaggregate_x,2011,2.149
arg,sex_f,eco_isic4_l,est_sizeaggregate_x,2012,3.25
arg,sex_f,eco_isic4_l,est_sizeaggregate_x,2013,2.466
arg,sex_f,eco_isic4_l,est_sizeaggregate_x,2014,2.096
arg,sex_f,eco_isic4_l,est_sizeaggregate_x,2017,3.315
arg,sex_f,eco_isic4_l,est_sizeaggregate_x,2018,3.833
arg,sex_f,eco_isic4_l,est_sizeaggregate_x,2019,2.656
arg,sex_f,eco_isic4_l,est_sizeaggregate_x,2020,0.621
arg,sex_f,eco_isic4_l,est_sizeaggregate_x,2021,8.021
arg,sex_f,eco_isic4_l,est_sizeaggregate_x,2022,3.26
arg,sex_f,eco_isic4_l,est_sizeaggregate_x,2023,2.865
arg,sex_f,eco_isic4_l,est_sizeaggregate_x,2024,6.408
arg,sex_f,eco_isic4_m,est_sizeaggregate_s1_4,2011,40.868
arg,sex_f,eco_isic4_m,est_sizeaggregate_s1_4,2012,38.769
arg,sex_f,eco_isic4_m,est_sizeaggregate_s1_4,2013,43.892
arg,sex_f,eco_isic4_m,est_sizeaggregate_s1_4,2014,38.094
arg,sex_f,eco_isic4_m,est_sizeaggregate_s1_4,2017,41.502
arg,sex_f,eco_isic4_m,est_sizeaggregate_s1_4,2018,34.723
arg,sex_f,eco_isic4_m,est_sizeaggregate_s1_4,2019,37.749
arg,sex_f,eco_isic4_m,est_sizeaggregate_s1_4,2020,34.036
arg,sex_f,eco_isic4_m,est_sizeaggregate_s1_4,2021,35.825
arg,sex_f,eco_isic4_m,est_sizeaggregate_s1_4,2022,32.522
arg,sex_f,eco_isic4_m,est_sizeaggregate_s1_4,2023,33.98
arg,sex_f,eco_isic4_m,est_sizeaggregate_s1_4,2024,37.587
arg,sex_f,eco_isic4_m,est_sizeaggregate_s5_49,2011,48.697
arg,sex_f,eco_isic4_m,est_sizeaggregate_s5_49,2012,42.84
arg,sex_f,eco_isic4_m,est_sizeaggregate_s5_49,2013,38.01
arg,sex_f,eco_isic4_m,est_sizeaggregate_s5_49,2014,36.422
arg,sex_f,eco_isic4_m,est_sizeaggregate_s5_49,2017,42.272
arg,sex_f,eco_isic4_m,est_sizeaggregate_s5_49,2018,40.513
arg,sex_f,eco_isic4_m,est_sizeaggregate_s5_49,2019,42.58
arg,sex_f,eco_isic4_m,est_sizeaggregate_s5_49,2020,31.564
arg,sex_f,eco_isic4_m,est_sizeaggregate_s5_49,2021,39.722
arg,sex_f,eco_isic4_m,est_sizeaggregate_s5_49,2022,39.031
arg,sex_f,eco_isic4_m,est_sizeaggregate_s5_49,2023,36.285
arg,sex_f,eco_isic4_m,est_sizeaggregate_s5_49,2024,38.434
arg,sex_f,eco_isic4_m,est_sizeaggregate_sge50,2011,17.584
arg,sex_f,eco_isic4_m,est_sizeaggregate_sge50,2012,15.424
arg,sex_f,eco_isic4_m,est_sizeaggregate_sge50,2013,19.715
arg,sex_f,eco_isic4_m,est_sizeaggregate_sge50,2014,14.516
arg,sex_f,eco_isic4_m,est_sizeaggregate_sge50,2017,16.604
arg,sex_f,eco_isic4_m,est_sizeaggregate_sge50,2018,17.782
arg,sex_f,eco_isic4_m,est_sizeaggregate_sge50,2019,22.595
arg,sex_f,eco_isic4_m,est_sizeaggregate_sge50,2020,23.387
arg,sex_f,eco_isic4_m,est_sizeaggregate_sge50,2021,30.323
arg,sex_f,eco_isic4_m,est_sizeaggregate_sge50,2022,27.886
arg,sex_f,eco_isic4_m,est_sizeaggregate_sge50,2023,30.482
arg,sex_f,eco_isic4_m,est_sizeaggregate_sge50,2024,35.515
arg,sex_f,eco_isic4_m,est_sizeaggregate_total,2011,125.096
arg,sex_f,eco_isic4_m,est_sizeaggregate_total,2012,121.624
arg,sex_f,eco_isic4_m,est_sizeaggregate_total,2013,129.683
arg,sex_f,eco_isic4_m,est_sizeaggregate_total,2014,108.161
arg,sex_f,eco_isic4_m,est_sizeaggregate_total,2017,123.484
arg,sex_f,eco_isic4_m,est_sizeaggregate_total,2018,109.065
arg,sex_f,eco_isic4_m,est_sizeaggregate_total,2019,125.916
arg,sex_f,eco_isic4_m,est_sizeaggregate_total,2020,102.057
arg,sex_f,eco_isic4_m,est_sizeaggregate_total,2021,120.462
arg,sex_f,eco_isic4_m,est_sizeaggregate_total,2022,122.168
arg,sex_f,eco_isic4_m,est_sizeaggregate_total,2023,132.176
arg,sex_f,eco_isic4_m,est_sizeaggregate_total,2024,138.543
arg,sex_f,eco_isic4_m,est_sizeaggregate_x,2011,17.947
arg,sex_f,eco_isic4_m,est_sizeaggregate_x,2012,24.592
arg,sex_f,eco_isic4_m,est_sizeaggregate_x,2013,28.065
arg,sex_f,eco_isic4_m,est_sizeaggregate_x,2014,19.128
arg,sex_f,eco_isic4_m,est_sizeaggregate_x,2017,23.107
arg,sex_f,eco_isic4_m,est_sizeaggregate_x,2018,16.048
arg,sex_f,eco_isic4_m,est_sizeaggregate_x,2019,22.991
arg,sex_f,eco_isic4_m,est_sizeaggregate_x,2020,13.069
arg,sex_f,eco_isic4_m,est_sizeaggregate_x,2021,14.591
arg,sex_f,eco_isic4_m,est_sizeaggregate_x,2022,22.728
arg,sex_f,eco_isic4_m,est_sizeaggregate_x,2023,31.43
arg,sex_f,eco_isic4_m,est_sizeaggregate_x,2024,27.007
arg,sex_f,eco_isic4_n,est_sizeaggregate_s1_4,2011,11.819
arg,sex_f,eco_isic4_n,est_sizeaggregate_s1_4,2012,11.479
arg,sex_f,eco_isic4_n,est_sizeaggregate_s1_4,2013,6.232
arg,sex_f,eco_isic4_n,est_sizeaggregate_s1_4,2014,12.233
arg,sex_f,eco_isic4_n,est_sizeaggregate_s1_4,2017,15.61
arg,sex_f,eco_isic4_n,est_sizeaggregate_s1_4,2018,17.146
arg,sex_f,eco_isic4_n,est_sizeaggregate_s1_4,2019,15.464
arg,sex_f,eco_isic4_n,est_sizeaggregate_s1_4,2020,21.856
arg,sex_f,eco_isic4_n,est_sizeaggregate_s1_4,2021,14.126
arg,sex_f,eco_isic4_n,est_sizeaggregate_s1_4,2022,15.477
arg,sex_f,eco_isic4_n,est_sizeaggregate_s1_4,2023,17.016
arg,sex_f,eco_isic4_n,est_sizeaggregate_s1_4,2024,15.227
arg,sex_f,eco_isic4_n,est_sizeaggregate_s5_49,2011,32.627
arg,sex_f,eco_isic4_n,est_sizeaggregate_s5_49,2012,25.686
arg,sex_f,eco_isic4_n,est_sizeaggregate_s5_49,2013,29.353
arg,sex_f,eco_isic4_n,est_sizeaggregate_s5_49,2014,30.066
arg,sex_f,eco_isic4_n,est_sizeaggregate_s5_49,2017,46.176
arg,sex_f,eco_isic4_n,est_sizeaggregate_s5_49,2018,41.053
arg,sex_f,eco_isic4_n,est_sizeaggregate_s5_49,2019,31.064
arg,sex_f,eco_isic4_n,est_sizeaggregate_s5_49,2020,35.33
arg,sex_f,eco_isic4_n,est_sizeaggregate_s5_49,2021,36.784
arg,sex_f,eco_isic4_n,est_sizeaggregate_s5_49,2022,47.521
arg,sex_f,eco_isic4_n,est_sizeaggregate_s5_49,2023,52.415
arg,sex_f,eco_isic4_n,est_sizeaggregate_s5_49,2024,53.411
arg,sex_f,eco_isic4_n,est_sizeaggregate_sge50,2011,35.944
arg,sex_f,eco_isic4_n,est_sizeaggregate_sge50,2012,33.522
arg,sex_f,eco_isic4_n,est_sizeaggregate_sge50,2013,31.291
arg,sex_f,eco_isic4_n,est_sizeaggregate_sge50,2014,36.352
arg,sex_f,eco_isic4_n,est_sizeaggregate_sge50,2017,41.093
arg,sex_f,eco_isic4_n,est_sizeaggregate_sge50,2018,41.336
arg,sex_f,eco_isic4_n,est_sizeaggregate_sge50,2019,40.797
arg,sex_f,eco_isic4_n,est_sizeaggregate_sge50,2020,45.083
arg,sex_f,eco_isic4_n,est_sizeaggregate_sge50,2021,31.797
arg,sex_f,eco_isic4_n,est_sizeaggregate_sge50,2022,42.835
arg,sex_f,eco_isic4_n,est_sizeaggregate_sge50,2023,45.959
arg,sex_f,eco_isic4_n,est_sizeaggregate_sge50,2024,44.091
arg,sex_f,eco_isic4_n,est_sizeaggregate_total,2011,110.927
arg,sex_f,eco_isic4_n,est_sizeaggregate_total,2012,103.972
arg,sex_f,eco_isic4_n,est_sizeaggregate_total,2013,101.826
arg,sex_f,eco_isic4_n,est_sizeaggregate_total,2014,120.267
arg,sex_f,eco_isic4_n,est_sizeaggregate_total,2017,150.424
arg,sex_f,eco_isic4_n,est_sizeaggregate_total,2018,141.056
arg,sex_f,eco_isic4_n,est_sizeaggregate_total,2019,124.506
arg,sex_f,eco_isic4_n,est_sizeaggregate_total,2020,144.627
arg,sex_f,eco_isic4_n,est_sizeaggregate_total,2021,128.064
arg,sex_f,eco_isic4_n,est_sizeaggregate_total,2022,164.541
arg,sex_f,eco_isic4_n,est_sizeaggregate_total,2023,192.195
arg,sex_f,eco_isic4_n,est_sizeaggregate_total,2024,168.831
arg,sex_f,eco_isic4_n,est_sizeaggregate_x,2011,30.538
arg,sex_f,eco_isic4_n,est_sizeaggregate_x,2012,33.285
arg,sex_f,eco_isic4_n,est_sizeaggregate_x,2013,34.95
arg,sex_f,eco_isic4_n,est_sizeaggregate_x,2014,41.617
arg,sex_f,eco_isic4_n,est_sizeaggregate_x,2017,47.545
arg,sex_f,eco_isic4_n,est_sizeaggregate_x,2018,41.522
arg,sex_f,eco_isic4_n,est_sizeaggregate_x,2019,37.181
arg,sex_f,eco_isic4_n,est_sizeaggregate_x,2020,42.357
arg,sex_f,eco_isic4_n,est_sizeaggregate_x,2021,45.358
arg,sex_f,eco_isic4_n,est_sizeaggregate_x,2022,58.708
arg,sex_f,eco_isic4_n,est_sizeaggregate_x,2023,76.805
arg,sex_f,eco_isic4_n,est_sizeaggregate_x,2024,56.101
arg,sex_f,eco_isic4_o,est_sizeaggregate_s1_4,2011,9.518
arg,sex_f,eco_isic4_o,est_sizeaggregate_s1_4,2012,9.95
arg,sex_f,eco_isic4_o,est_sizeaggregate_s1_4,2013,10.091
arg,sex_f,eco_isic4_o,est_sizeaggregate_s1_4,2014,8.019
arg,sex_f,eco_isic4_o,est_sizeaggregate_s1_4,2017,9.586
arg,sex_f,eco_isic4_o,est_sizeaggregate_s1_4,2018,13.773
arg,sex_f,eco_isic4_o,est_sizeaggregate_s1_4,2019,10.526
arg,sex_f,eco_isic4_o,est_sizeaggregate_s1_4,2020,9.584
arg,sex_f,eco_isic4_o,est_sizeaggregate_s1_4,2021,10.78
arg,sex_f,eco_isic4_o,est_sizeaggregate_s1_4,2022,15.344
arg,sex_f,eco_isic4_o,est_sizeaggregate_s1_4,2023,16.644
arg,sex_f,eco_isic4_o,est_sizeaggregate_s1_4,2024,12.148
arg,sex_f,eco_isic4_o,est_sizeaggregate_s5_49,2011,79.689
arg,sex_f,eco_isic4_o,est_sizeaggregate_s5_49,2012,76.355
arg,sex_f,eco_isic4_o,est_sizeaggregate_s5_49,2013,84.022
arg,sex_f,eco_isic4_o,est_sizeaggregate_s5_49,2014,81.982
arg,sex_f,eco_isic4_o,est_sizeaggregate_s5_49,2017,98.008
arg,sex_f,eco_isic4_o,est_sizeaggregate_s5_49,2018,97.354
arg,sex_f,eco_isic4_o,est_sizeaggregate_s5_49,2019,94.4
arg,sex_f,eco_isic4_o,est_sizeaggregate_s5_49,2020,85.662
arg,sex_f,eco_isic4_o,est_sizeaggregate_s5_49,2021,109.488
arg,sex_f,eco_isic4_o,est_sizeaggregate_s5_49,2022,107.695
arg,sex_f,eco_isic4_o,est_sizeaggregate_s5_49,2023,98
arg,sex_f,eco_isic4_o,est_sizeaggregate_s5_49,2024,100.478
arg,sex_f,eco_isic4_o,est_sizeaggregate_sge50,2011,200.462
arg,sex_f,eco_isic4_o,est_sizeaggregate_sge50,2012,223.048
arg,sex_f,eco_isic4_o,est_sizeaggregate_sge50,2013,210.195
arg,sex_f,eco_isic4_o,est_sizeaggregate_sge50,2014,238.164
arg,sex_f,eco_isic4_o,est_sizeaggregate_sge50,2017,244.085
arg,sex_f,eco_isic4_o,est_sizeaggregate_sge50,2018,237.715
arg,sex_f,eco_isic4_o,est_sizeaggregate_sge50,2019,243.354
arg,sex_f,eco_isic4_o,est_sizeaggregate_sge50,2020,270.238
arg,sex_f,eco_isic4_o,est_sizeaggregate_sge50,2021,313.15
arg,sex_f,eco_isic4_o,est_sizeaggregate_sge50,2022,268.634
arg,sex_f,eco_isic4_o,est_sizeaggregate_sge50,2023,277.706
arg,sex_f,eco_isic4_o,est_sizeaggregate_sge50,2024,246.814
arg,sex_f,eco_isic4_o,est_sizeaggregate_total,2011,349.348
arg,sex_f,eco_isic4_o,est_sizeaggregate_total,2012,372.346
arg,sex_f,eco_isic4_o,est_sizeaggregate_total,2013,365.101
arg,sex_f,eco_isic4_o,est_sizeaggregate_total,2014,400.29
arg,sex_f,eco_isic4_o,est_sizeaggregate_total,2017,418.003
arg,sex_f,eco_isic4_o,est_sizeaggregate_total,2018,425.903
arg,sex_f,eco_isic4_o,est_sizeaggregate_total,2019,432.971
arg,sex_f,eco_isic4_o,est_sizeaggregate_total,2020,443.247
arg,sex_f,eco_isic4_o,est_sizeaggregate_total,2021,528.048
arg,sex_f,eco_isic4_o,est_sizeaggregate_total,2022,486.103
arg,sex_f,eco_isic4_o,est_sizeaggregate_total,2023,500.723
arg,sex_f,eco_isic4_o,est_sizeaggregate_total,2024,458.955
arg,sex_f,eco_isic4_o,est_sizeaggregate_x,2011,59.679
arg,sex_f,eco_isic4_o,est_sizeaggregate_x,2012,62.992
arg,sex_f,eco_isic4_o,est_sizeaggregate_x,2013,60.794
arg,sex_f,eco_isic4_o,est_sizeaggregate_x,2014,72.125
arg,sex_f,eco_isic4_o,est_sizeaggregate_x,2017,66.323
arg,sex_f,eco_isic4_o,est_sizeaggregate_x,2018,77.061
arg,sex_f,eco_isic4_o,est_sizeaggregate_x,2019,84.69
arg,sex_f,eco_isic4_o,est_sizeaggregate_x,2020,77.763
arg,sex_f,eco_isic4_o,est_sizeaggregate_x,2021,94.631
arg,sex_f,eco_isic4_o,est_sizeaggregate_x,2022,94.43
arg,sex_f,eco_isic4_o,est_sizeaggregate_x,2023,108.373
arg,sex_f,eco_isic4_o,est_sizeaggregate_x,2024,99.516
arg,sex_f,eco_isic4_p,est_sizeaggregate_s1_4,2011,5.837
arg,sex_f,eco_isic4_p,est_sizeaggregate_s1_4,2012,7.697
arg,sex_f,eco_isic4_p,est_sizeaggregate_s1_4,2013,7.27
arg,sex_f,eco_isic4_p,est_sizeaggregate_s1_4,2014,9.174
arg,sex_f,eco_isic4_p,est_sizeaggregate_s1_4,2017,9.313
arg,sex_f,eco_isic4_p,est_sizeaggregate_s1_4,2018,9.142
arg,sex_f,eco_isic4_p,est_sizeaggregate_s1_4,2019,8.726
arg,sex_f,eco_isic4_p,est_sizeaggregate_s1_4,2020,6.617
arg,sex_f,eco_isic4_p,est_sizeaggregate_s1_4,2021,6.122
arg,sex_f,eco_isic4_p,est_sizeaggregate_s1_4,2022,9.649
arg,sex_f,eco_isic4_p,est_sizeaggregate_s1_4,2023,10.752
arg,sex_f,eco_isic4_p,est_sizeaggregate_s1_4,2024,11.123
arg,sex_f,eco_isic4_p,est_sizeaggregate_s5_49,2011,212.704
arg,sex_f,eco_isic4_p,est_sizeaggregate_s5_49,2012,223.132
arg,sex_f,eco_isic4_p,est_sizeaggregate_s5_49,2013,216.635
arg,sex_f,eco_isic4_p,est_sizeaggregate_s5_49,2014,213.472
arg,sex_f,eco_isic4_p,est_sizeaggregate_s5_49,2017,233.342
arg,sex_f,eco_isic4_p,est_sizeaggregate_s5_49,2018,225.65
arg,sex_f,eco_isic4_p,est_sizeaggregate_s5_49,2019,224.941
arg,sex_f,eco_isic4_p,est_sizeaggregate_s5_49,2020,232.319
arg,sex_f,eco_isic4_p,est_sizeaggregate_s5_49,2021,239.194
arg,sex_f,eco_isic4_p,est_sizeaggregate_s5_49,2022,219.764
arg,sex_f,eco_isic4_p,est_sizeaggregate_s5_49,2023,241.911
arg,sex_f,eco_isic4_p,est_sizeaggregate_s5_49,2024,254.299
arg,sex_f,eco_isic4_p,est_sizeaggregate_sge50,2011,232.382
arg,sex_f,eco_isic4_p,est_sizeaggregate_sge50,2012,231.766
arg,sex_f,eco_isic4_p,est_sizeaggregate_sge50,2013,236.243
arg,sex_f,eco_isic4_p,est_sizeaggregate_sge50,2014,225.016
arg,sex_f,eco_isic4_p,est_sizeaggregate_sge50,2017,243.049
arg,sex_f,eco_isic4_p,est_sizeaggregate_sge50,2018,246.418
arg,sex_f,eco_isic4_p,est_sizeaggregate_sge50,2019,267.229
arg,sex_f,eco_isic4_p,est_sizeaggregate_sge50,2020,285.191
arg,sex_f,eco_isic4_p,est_sizeaggregate_sge50,2021,269.24
arg,sex_f,eco_isic4_p,est_sizeaggregate_sge50,2022,232.792
arg,sex_f,eco_isic4_p,est_sizeaggregate_sge50,2023,247.5
arg,sex_f,eco_isic4_p,est_sizeaggregate_sge50,2024,254.869
arg,sex_f,eco_isic4_p,est_sizeaggregate_total,2011,544.573
arg,sex_f,eco_isic4_p,est_sizeaggregate_total,2012,561.264
arg,sex_f,eco_isic4_p,est_sizeaggregate_total,2013,581.783
arg,sex_f,eco_isic4_p,est_sizeaggregate_total,2014,566.798
arg,sex_f,eco_isic4_p,est_sizeaggregate_total,2017,593.009
arg,sex_f,eco_isic4_p,est_sizeaggregate_total,2018,616.876
arg,sex_f,eco_isic4_p,est_sizeaggregate_total,2019,635.728
arg,sex_f,eco_isic4_p,est_sizeaggregate_total,2020,644.355
arg,sex_f,eco_isic4_p,est_sizeaggregate_total,2021,649.952
arg,sex_f,eco_isic4_p,est_sizeaggregate_total,2022,623.302
arg,sex_f,eco_isic4_p,est_sizeaggregate_total,2023,661.956
arg,sex_f,eco_isic4_p,est_sizeaggregate_total,2024,669.836
arg,sex_f,eco_isic4_p,est_sizeaggregate_x,2011,93.65
arg,sex_f,eco_isic4_p,est_sizeaggregate_x,2012,98.67
arg,sex_f,eco_isic4_p,est_sizeaggregate_x,2013,121.635
arg,sex_f,eco_isic4_p,est_sizeaggregate_x,2014,119.136
arg,sex_f,eco_isic4_p,est_sizeaggregate_x,2017,107.304
arg,sex_f,eco_isic4_p,est_sizeaggregate_x,2018,135.665
arg,sex_f,eco_isic4_p,est_sizeaggregate_x,2019,134.832
arg,sex_f,eco_isic4_p,est_sizeaggregate_x,2020,120.227
arg,sex_f,eco_isic4_p,est_sizeaggregate_x,2021,135.397
arg,sex_f,eco_isic4_p,est_sizeaggregate_x,2022,161.096
arg,sex_f,eco_isic4_p,est_sizeaggregate_x,2023,161.792
arg,sex_f,eco_isic4_p,est_sizeaggregate_x,2024,149.546
arg,sex_f,eco_isic4_q,est_sizeaggregate_s1_4,2011,29.028
arg,sex_f,eco_isic4_q,est_sizeaggregate_s1_4,2012,21.014
arg,sex_f,eco_isic4_q,est_sizeaggregate_s1_4,2013,25.935
arg,sex_f,eco_isic4_q,est_sizeaggregate_s1_4,2014,32.404
arg,sex_f,eco_isic4_q,est_sizeaggregate_s1_4,2017,40.365
arg,sex_f,eco_isic4_q,est_sizeaggregate_s1_4,2018,34.6
arg,sex_f,eco_isic4_q,est_sizeaggregate_s1_4,2019,39.486
arg,sex_f,eco_isic4_q,est_sizeaggregate_s1_4,2020,30.479
arg,sex_f,eco_isic4_q,est_sizeaggregate_s1_4,2021,37.484
arg,sex_f,eco_isic4_q,est_sizeaggregate_s1_4,2022,52.211
arg,sex_f,eco_isic4_q,est_sizeaggregate_s1_4,2023,41.318
arg,sex_f,eco_isic4_q,est_sizeaggregate_s1_4,2024,40.673
arg,sex_f,eco_isic4_q,est_sizeaggregate_s5_49,2011,82.879
arg,sex_f,eco_isic4_q,est_sizeaggregate_s5_49,2012,79.409
arg,sex_f,eco_isic4_q,est_sizeaggregate_s5_49,2013,82.681
arg,sex_f,eco_isic4_q,est_sizeaggregate_s5_49,2014,73.87
arg,sex_f,eco_isic4_q,est_sizeaggregate_s5_49,2017,101.933
arg,sex_f,eco_isic4_q,est_sizeaggregate_s5_49,2018,95.307
arg,sex_f,eco_isic4_q,est_sizeaggregate_s5_49,2019,101.717
arg,sex_f,eco_isic4_q,est_sizeaggregate_s5_49,2020,111.577
arg,sex_f,eco_isic4_q,est_sizeaggregate_s5_49,2021,112.727
arg,sex_f,eco_isic4_q,est_sizeaggregate_s5_49,2022,119.941
arg,sex_f,eco_isic4_q,est_sizeaggregate_s5_49,2023,127.098
arg,sex_f,eco_isic4_q,est_sizeaggregate_s5_49,2024,131.612
arg,sex_f,eco_isic4_q,est_sizeaggregate_sge50,2011,175.197
arg,sex_f,eco_isic4_q,est_sizeaggregate_sge50,2012,175.48
arg,sex_f,eco_isic4_q,est_sizeaggregate_sge50,2013,175.694
arg,sex_f,eco_isic4_q,est_sizeaggregate_sge50,2014,191.893
arg,sex_f,eco_isic4_q,est_sizeaggregate_sge50,2017,191.029
arg,sex_f,eco_isic4_q,est_sizeaggregate_sge50,2018,178.5
arg,sex_f,eco_isic4_q,est_sizeaggregate_sge50,2019,194.992
arg,sex_f,eco_isic4_q,est_sizeaggregate_sge50,2020,228.717
arg,sex_f,eco_isic4_q,est_sizeaggregate_sge50,2021,239.983
arg,sex_f,eco_isic4_q,est_sizeaggregate_sge50,2022,214.649
arg,sex_f,eco_isic4_q,est_sizeaggregate_sge50,2023,206.239
arg,sex_f,eco_isic4_q,est_sizeaggregate_sge50,2024,239.52
arg,sex_f,eco_isic4_q,est_sizeaggregate_total,2011,342.391
arg,sex_f,eco_isic4_q,est_sizeaggregate_total,2012,338.686
arg,sex_f,eco_isic4_q,est_sizeaggregate_total,2013,352.648
arg,sex_f,eco_isic4_q,est_sizeaggregate_total,2014,374.837
arg,sex_f,eco_isic4_q,est_sizeaggregate_total,2017,411.884
arg,sex_f,eco_isic4_q,est_sizeaggregate_total,2018,395.774
arg,sex_f,eco_isic4_q,est_sizeaggregate_total,2019,426.488
arg,sex_f,eco_isic4_q,est_sizeaggregate_total,2020,456.3
arg,sex_f,eco_isic4_q,est_sizeaggregate_total,2021,498.73
arg,sex_f,eco_isic4_q,est_sizeaggregate_total,2022,517.075
arg,sex_f,eco_isic4_q,est_sizeaggregate_total,2023,490.099
arg,sex_f,eco_isic4_q,est_sizeaggregate_total,2024,533.106
arg,sex_f,eco_isic4_q,est_sizeaggregate_x,2011,55.287
arg,sex_f,eco_isic4_q,est_sizeaggregate_x,2012,62.783
arg,sex_f,eco_isic4_q,est_sizeaggregate_x,2013,68.339
arg,sex_f,eco_isic4_q,est_sizeaggregate_x,2014,76.671
arg,sex_f,eco_isic4_q,est_sizeaggregate_x,2017,78.557
arg,sex_f,eco_isic4_q,est_sizeaggregate_x,2018,87.367
arg,sex_f,eco_isic4_q,est_sizeaggregate_x,2019,90.293
arg,sex_f,eco_isic4_q,est_sizeaggregate_x,2020,85.527
arg,sex_f,eco_isic4_q,est_sizeaggregate_x,2021,108.536
arg,sex_f,eco_isic4_q,est_sizeaggregate_x,2022,130.274
arg,sex_f,eco_isic4_q,est_sizeaggregate_x,2023,115.445
arg,sex_f,eco_isic4_q,est_sizeaggregate_x,2024,121.301
arg,sex_f,eco_isic4_r,est_sizeaggregate_s1_4,2011,16.91
arg,sex_f,eco_isic4_r,est_sizeaggregate_s1_4,2012,15.019
arg,sex_f,eco_isic4_r,est_sizeaggregate_s1_4,2013,19.052
arg,sex_f,eco_isic4_r,est_sizeaggregate_s1_4,2014,16.397
arg,sex_f,eco_isic4_r,est_sizeaggregate_s1_4,2017,18.18
arg,sex_f,eco_isic4_r,est_sizeaggregate_s1_4,2018,15.696
arg,sex_f,eco_isic4_r,est_sizeaggregate_s1_4,2019,15.301
arg,sex_f,eco_isic4_r,est_sizeaggregate_s1_4,2020,10.028
arg,sex_f,eco_isic4_r,est_sizeaggregate_s1_4,2021,15.39
arg,sex_f,eco_isic4_r,est_sizeaggregate_s1_4,2022,16.138
arg,sex_f,eco_isic4_r,est_sizeaggregate_s1_4,2023,14.307
arg,sex_f,eco_isic4_r,est_sizeaggregate_s1_4,2024,19.231
arg,sex_f,eco_isic4_r,est_sizeaggregate_s5_49,2011,19.518
arg,sex_f,eco_isic4_r,est_sizeaggregate_s5_49,2012,17.586
arg,sex_f,eco_isic4_r,est_sizeaggregate_s5_49,2013,20.819
arg,sex_f,eco_isic4_r,est_sizeaggregate_s5_49,2014,17.692
arg,sex_f,eco_isic4_r,est_sizeaggregate_s5_49,2017,19.923
arg,sex_f,eco_isic4_r,est_sizeaggregate_s5_49,2018,24.036
arg,sex_f,eco_isic4_r,est_sizeaggregate_s5_49,2019,22.637
arg,sex_f,eco_isic4_r,est_sizeaggregate_s5_49,2020,12.822
arg,sex_f,eco_isic4_r,est_sizeaggregate_s5_49,2021,12.562
arg,sex_f,eco_isic4_r,est_sizeaggregate_s5_49,2022,18.636
arg,sex_f,eco_isic4_r,est_sizeaggregate_s5_49,2023,24.303
arg,sex_f,eco_isic4_r,est_sizeaggregate_s5_49,2024,32.005
arg,sex_f,eco_isic4_r,est_sizeaggregate_sge50,2011,15.361
arg,sex_f,eco_isic4_r,est_sizeaggregate_sge50,2012,16.583
arg,sex_f,eco_isic4_r,est_sizeaggregate_sge50,2013,11.563
arg,sex_f,eco_isic4_r,est_sizeaggregate_sge50,2014,16.868
arg,sex_f,eco_isic4_r,est_sizeaggregate_sge50,2017,11.632
arg,sex_f,eco_isic4_r,est_sizeaggregate_sge50,2018,19.044
arg,sex_f,eco_isic4_r,est_sizeaggregate_sge50,2019,15.475
arg,sex_f,eco_isic4_r,est_sizeaggregate_sge50,2020,11.177
arg,sex_f,eco_isic4_r,est_sizeaggregate_sge50,2021,11.36
arg,sex_f,eco_isic4_r,est_sizeaggregate_sge50,2022,13.429
arg,sex_f,eco_isic4_r,est_sizeaggregate_sge50,2023,11.412
arg,sex_f,eco_isic4_r,est_sizeaggregate_sge50,2024,15.493
arg,sex_f,eco_isic4_r,est_sizeaggregate_total,2011,63.81
arg,sex_f,eco_isic4_r,est_sizeaggregate_total,2012,65.53
arg,sex_f,eco_isic4_r,est_sizeaggregate_total,2013,65.422
arg,sex_f,eco_isic4_r,est_sizeaggregate_total,2014,63.525
arg,sex_f,eco_isic4_r,est_sizeaggregate_total,2017,68.654
arg,sex_f,eco_isic4_r,est_sizeaggregate_total,2018,76.374
arg,sex_f,eco_isic4_r,est_sizeaggregate_total,2019,68.566
arg,sex_f,eco_isic4_r,est_sizeaggregate_total,2020,42.436
arg,sex_f,eco_isic4_r,est_sizeaggregate_total,2021,46.777
arg,sex_f,eco_isic4_r,est_sizeaggregate_total,2022,68.366
arg,sex_f,eco_isic4_r,est_sizeaggregate_total,2023,66.165
arg,sex_f,eco_isic4_r,est_sizeaggregate_total,2024,83.774
arg,sex_f,eco_isic4_r,est_sizeaggregate_x,2011,12.02
arg,sex_f,eco_isic4_r,est_sizeaggregate_x,2012,16.342
arg,sex_f,eco_isic4_r,est_sizeaggregate_x,2013,13.988
arg,sex_f,eco_isic4_r,est_sizeaggregate_x,2014,12.568
arg,sex_f,eco_isic4_r,est_sizeaggregate_x,2017,18.919
arg,sex_f,eco_isic4_r,est_sizeaggregate_x,2018,17.598
arg,sex_f,eco_isic4_r,est_sizeaggregate_x,2019,15.153
arg,sex_f,eco_isic4_r,est_sizeaggregate_x,2020,8.409
arg,sex_f,eco_isic4_r,est_sizeaggregate_x,2021,7.465
arg,sex_f,eco_isic4_r,est_sizeaggregate_x,2022,20.163
arg,sex_f,eco_isic4_r,est_sizeaggregate_x,2023,16.142
arg,sex_f,eco_isic4_r,est_sizeaggregate_x,2024,17.044
arg,sex_f,eco_isic4_s,est_sizeaggregate_s1_4,2011,42.075
arg,sex_f,eco_isic4_s,est_sizeaggregate_s1_4,2012,35.273
arg,sex_f,eco_isic4_s,est_sizeaggregate_s1_4,2013,48.836
arg,sex_f,eco_isic4_s,est_sizeaggregate_s1_4,2014,47.085
arg,sex_f,eco_isic4_s,est_sizeaggregate_s1_4,2017,42.357
arg,sex_f,eco_isic4_s,est_sizeaggregate_s1_4,2018,36.946
arg,sex_f,eco_isic4_s,est_sizeaggregate_s1_4,2019,32.263
arg,sex_f,eco_isic4_s,est_sizeaggregate_s1_4,2020,35.084
arg,sex_f,eco_isic4_s,est_sizeaggregate_s1_4,2021,34.776
arg,sex_f,eco_isic4_s,est_sizeaggregate_s1_4,2022,38.795
arg,sex_f,eco_isic4_s,est_sizeaggregate_s1_4,2023,44.932
arg,sex_f,eco_isic4_s,est_sizeaggregate_s1_4,2024,39.541
arg,sex_f,eco_isic4_s,est_sizeaggregate_s5_49,2011,34.366
arg,sex_f,eco_isic4_s,est_sizeaggregate_s5_49,2012,43.2
arg,sex_f,eco_isic4_s,est_sizeaggregate_s5_49,2013,44.063
arg,sex_f,eco_isic4_s,est_sizeaggregate_s5_49,2014,44.759
arg,sex_f,eco_isic4_s,est_sizeaggregate_s5_49,2017,27.468
arg,sex_f,eco_isic4_s,est_sizeaggregate_s5_49,2018,26.695
arg,sex_f,eco_isic4_s,est_sizeaggregate_s5_49,2019,26.203
arg,sex_f,eco_isic4_s,est_sizeaggregate_s5_49,2020,24.142
arg,sex_f,eco_isic4_s,est_sizeaggregate_s5_49,2021,32.88
arg,sex_f,eco_isic4_s,est_sizeaggregate_s5_49,2022,34.819
arg,sex_f,eco_isic4_s,est_sizeaggregate_s5_49,2023,40.167
arg,sex_f,eco_isic4_s,est_sizeaggregate_s5_49,2024,23.969
arg,sex_f,eco_isic4_s,est_sizeaggregate_sge50,2011,12.672
arg,sex_f,eco_isic4_s,est_sizeaggregate_sge50,2012,15.345
arg,sex_f,eco_isic4_s,est_sizeaggregate_sge50,2013,16.103
arg,sex_f,eco_isic4_s,est_sizeaggregate_sge50,2014,17.708
arg,sex_f,eco_isic4_s,est_sizeaggregate_sge50,2017,11.216
arg,sex_f,eco_isic4_s,est_sizeaggregate_sge50,2018,10.623
arg,sex_f,eco_isic4_s,est_sizeaggregate_sge50,2019,10.181
arg,sex_f,eco_isic4_s,est_sizeaggregate_sge50,2020,9.318
arg,sex_f,eco_isic4_s,est_sizeaggregate_sge50,2021,15.603
arg,sex_f,eco_isic4_s,est_sizeaggregate_sge50,2022,18.945
arg,sex_f,eco_isic4_s,est_sizeaggregate_sge50,2023,14.537
arg,sex_f,eco_isic4_s,est_sizeaggregate_sge50,2024,11.014
arg,sex_f,eco_isic4_s,est_sizeaggregate_total,2011,103.115
arg,sex_f,eco_isic4_s,est_sizeaggregate_total,2012,108.1
arg,sex_f,eco_isic4_s,est_sizeaggregate_total,2013,128.834
arg,sex_f,eco_isic4_s,est_sizeaggregate_total,2014,136.549
arg,sex_f,eco_isic4_s,est_sizeaggregate_total,2017,99.53
arg,sex_f,eco_isic4_s,est_sizeaggregate_total,2018,91.719
arg,sex_f,eco_isic4_s,est_sizeaggregate_total,2019,88.211
arg,sex_f,eco_isic4_s,est_sizeaggregate_total,2020,82.408
arg,sex_f,eco_isic4_s,est_sizeaggregate_total,2021,112.969
arg,sex_f,eco_isic4_s,est_sizeaggregate_total,2022,133.467
arg,sex_f,eco_isic4_s,est_sizeaggregate_total,2023,123.289
arg,sex_f,eco_isic4_s,est_sizeaggregate_total,2024,93.933
arg,sex_f,eco_isic4_s,est_sizeaggregate_x,2011,14.001
arg,sex_f,eco_isic4_s,est_sizeaggregate_x,2012,14.28
arg,sex_f,eco_isic4_s,est_sizeaggregate_x,2013,19.832
arg,sex_f,eco_isic4_s,est_sizeaggregate_x,2014,26.997
arg,sex_f,eco_isic4_s,est_sizeaggregate_x,2017,18.489
arg,sex_f,eco_isic4_s,est_sizeaggregate_x,2018,17.456
arg,sex_f,eco_isic4_s,est_sizeaggregate_x,2019,19.563
arg,sex_f,eco_isic4_s,est_sizeaggregate_x,2020,13.864
arg,sex_f,eco_isic4_s,est_sizeaggregate_x,2021,29.711
arg,sex_f,eco_isic4_s,est_sizeaggregate_x,2022,40.907
arg,sex_f,eco_isic4_s,est_sizeaggregate_x,2023,23.653
arg,sex_f,eco_isic4_s,est_sizeaggregate_x,2024,19.408
arg,sex_f,eco_isic4_t,est_sizeaggregate_s1_4,2011,6.391
arg,sex_f,eco_isic4_t,est_sizeaggregate_s1_4,2012,7.021
arg,sex_f,eco_isic4_t,est_sizeaggregate_s1_4,2013,9.418
arg,sex_f,eco_isic4_t,est_sizeaggregate_s1_4,2014,5.803
arg,sex_f,eco_isic4_t,est_sizeaggregate_s1_4,2017,4.984
arg,sex_f,eco_isic4_t,est_sizeaggregate_s1_4,2018,6.196
arg,sex_f,eco_isic4_t,est_sizeaggregate_s1_4,2019,7.529
arg,sex_f,eco_isic4_t,est_sizeaggregate_s1_4,2020,6.846
arg,sex_f,eco_isic4_t,est_sizeaggregate_s1_4,2021,12.707
arg,sex_f,eco_isic4_t,est_sizeaggregate_s1_4,2022,9.751
arg,sex_f,eco_isic4_t,est_sizeaggregate_s1_4,2023,6.296
arg,sex_f,eco_isic4_t,est_sizeaggregate_s1_4,2024,5.777
arg,sex_f,eco_isic4_t,est_sizeaggregate_s5_49,2012,0.625
arg,sex_f,eco_isic4_t,est_sizeaggregate_s5_49,2013,1.322
arg,sex_f,eco_isic4_t,est_sizeaggregate_s5_49,2019,1.121
arg,sex_f,eco_isic4_t,est_sizeaggregate_s5_49,2021,0.684
arg,sex_f,eco_isic4_t,est_sizeaggregate_s5_49,2022,0.679
arg,sex_f,eco_isic4_t,est_sizeaggregate_s5_49,2023,0.858
arg,sex_f,eco_isic4_t,est_sizeaggregate_s5_49,2024,0.911
arg,sex_f,eco_isic4_t,est_sizeaggregate_total,2011,760.459
arg,sex_f,eco_isic4_t,est_sizeaggregate_total,2012,784.972
arg,sex_f,eco_isic4_t,est_sizeaggregate_total,2013,777.129
arg,sex_f,eco_isic4_t,est_sizeaggregate_total,2014,783.258
arg,sex_f,eco_isic4_t,est_sizeaggregate_total,2017,823.928
arg,sex_f,eco_isic4_t,est_sizeaggregate_total,2018,856.267
arg,sex_f,eco_isic4_t,est_sizeaggregate_total,2019,882.012
arg,sex_f,eco_isic4_t,est_sizeaggregate_total,2020,704.275
arg,sex_f,eco_isic4_t,est_sizeaggregate_total,2021,680.867
arg,sex_f,eco_isic4_t,est_sizeaggregate_total,2022,795.529
arg,sex_f,eco_isic4_t,est_sizeaggregate_total,2023,823.369
arg,sex_f,eco_isic4_t,est_sizeaggregate_total,2024,804.341
arg,sex_f,eco_isic4_t,est_sizeaggregate_x,2011,753.952
arg,sex_f,eco_isic4_t,est_sizeaggregate_x,2012,777.326
arg,sex_f,eco_isic4_t,est_sizeaggregate_x,2013,766.189
arg,sex_f,eco_isic4_t,est_sizeaggregate_x,2014,777.184
arg,sex_f,eco_isic4_t,est_sizeaggregate_x,2017,818.149
arg,sex_f,eco_isic4_t,est_sizeaggregate_x,2018,849.882
arg,sex_f,eco_isic4_t,est_sizeaggregate_x,2019,873.278
arg,sex_f,eco_isic4_t,est_sizeaggregate_x,2020,696.637
arg,sex_f,eco_isic4_t,est_sizeaggregate_x,2021,667.269
arg,sex_f,eco_isic4_t,est_sizeaggregate_x,2022,784.808
arg,sex_f,eco_isic4_t,est_sizeaggregate_x,2023,815.998
arg,sex_f,eco_isic4_t,est_sizeaggregate_x,2024,797.524
arg,sex_f,eco_isic4_total,est_sizeaggregate_s1_4,2011,505.144
arg,sex_f,eco_isic4_total,est_sizeaggregate_s1_4,2012,459.631
arg,sex_f,eco_isic4_total,est_sizeaggregate_s1_4,2013,484.91
arg,sex_f,eco_isic4_total,est_sizeaggregate_s1_4,2014,481.665
arg,sex_f,eco_isic4_total,est_sizeaggregate_s1_4,2017,511.86
arg,sex_f,eco_isic4_total,est_sizeaggregate_s1_4,2018,522.173
arg,sex_f,eco_isic4_total,est_sizeaggregate_s1_4,2019,517.458
arg,sex_f,eco_isic4_total,est_sizeaggregate_s1_4,2020,424.425
arg,sex_f,eco_isic4_total,est_sizeaggregate_s1_4,2021,487.704
arg,sex_f,eco_isic4_total,est_sizeaggregate_s1_4,2022,561.906
arg,sex_f,eco_isic4_total,est_sizeaggregate_s1_4,2023,606.03
arg,sex_f,eco_isic4_total,est_sizeaggregate_s1_4,2024,601.29
arg,sex_f,eco_isic4_total,est_sizeaggregate_s5_49,2011,876.584
arg,sex_f,eco_isic4_total,est_sizeaggregate_s5_49,2012,885.182
arg,sex_f,eco_isic4_total,est_sizeaggregate_s5_49,2013,853.768
arg,sex_f,eco_isic4_total,est_sizeaggregate_s5_49,2014,835.576
arg,sex_f,eco_isic4_total,est_sizeaggregate_s5_49,2017,945.008
arg,sex_f,eco_isic4_total,est_sizeaggregate_s5_49,2018,948.238
arg,sex_f,eco_isic4_total,est_sizeaggregate_s5_49,2019,932.314
arg,sex_f,eco_isic4_total,est_sizeaggregate_s5_49,2020,819.009
arg,sex_f,eco_isic4_total,est_sizeaggregate_s5_49,2021,931.976
arg,sex_f,eco_isic4_total,est_sizeaggregate_s5_49,2022,974.443
arg,sex_f,eco_isic4_total,est_sizeaggregate_s5_49,2023,1070.176
arg,sex_f,eco_isic4_total,est_sizeaggregate_s5_49,2024,1088.902
arg,sex_f,eco_isic4_total,est_sizeaggregate_sge50,2011,962.345
arg,sex_f,eco_isic4_total,est_sizeaggregate_sge50,2012,988.446
arg,sex_f,eco_isic4_total,est_sizeaggregate_sge50,2013,970.041
arg,sex_f,eco_isic4_total,est_sizeaggregate_sge50,2014,1002.074
arg,sex_f,eco_isic4_total,est_sizeaggregate_sge50,2017,1014.388
arg,sex_f,eco_isic4_total,est_sizeaggregate_sge50,2018,998.005
arg,sex_f,eco_isic4_total,est_sizeaggregate_sge50,2019,1064.683
arg,sex_f,eco_isic4_total,est_sizeaggregate_sge50,2020,1129.835
arg,sex_f,eco_isic4_total,est_sizeaggregate_sge50,2021,1170.717
arg,sex_f,eco_isic4_total,est_sizeaggregate_sge50,2022,1126.802
arg,sex_f,eco_isic4_total,est_sizeaggregate_sge50,2023,1175.394
arg,sex_f,eco_isic4_total,est_sizeaggregate_sge50,2024,1189.009
arg,sex_f,eco_isic4_total,est_sizeaggregate_total,2011,3608.771
arg,sex_f,eco_isic4_total,est_sizeaggregate_total,2012,3662.987
arg,sex_f,eco_isic4_total,est_sizeaggregate_total,2013,3674.125
arg,sex_f,eco_isic4_total,est_sizeaggregate_total,2014,3707.249
arg,sex_f,eco_isic4_total,est_sizeaggregate_total,2017,3872.412
arg,sex_f,eco_isic4_total,est_sizeaggregate_total,2018,3954.63
arg,sex_f,eco_isic4_total,est_sizeaggregate_total,2019,4014.206
arg,sex_f,eco_isic4_total,est_sizeaggregate_total,2020,3612.976
arg,sex_f,eco_isic4_total,est_sizeaggregate_total,2021,3959.513
arg,sex_f,eco_isic4_total,est_sizeaggregate_total,2022,4295.208
arg,sex_f,eco_isic4_total,est_sizeaggregate_total,2023,4525.251
arg,sex_f,eco_isic4_total,est_sizeaggregate_total,2024,4495.808
arg,sex_f,eco_isic4_total,est_sizeaggregate_x,2011,1264.698
arg,sex_f,eco_isic4_total,est_sizeaggregate_x,2012,1329.728
arg,sex_f,eco_isic4_total,est_sizeaggregate_x,2013,1365.407
arg,sex_f,eco_isic4_total,est_sizeaggregate_x,2014,1387.934
arg,sex_f,eco_isic4_total,est_sizeaggregate_x,2017,1401.157
arg,sex_f,eco_isic4_total,est_sizeaggregate_x,2018,1486.213
arg,sex_f,eco_isic4_total,est_sizeaggregate_x,2019,1499.752
arg,sex_f,eco_isic4_total,est_sizeaggregate_x,2020,1239.707
arg,sex_f,eco_isic4_total,est_sizeaggregate_x,2021,1369.116
arg,sex_f,eco_isic4_total,est_sizeaggregate_x,2022,1632.056
arg,sex_f,eco_isic4_total,est_sizeaggregate_x,2023,1673.651
arg,sex_f,eco_isic4_total,est_sizeaggregate_x,2024,1616.608
arg,sex_f,eco_isic4_u,est_sizeaggregate_total,2014,0.59
arg,sex_f,eco_isic4_u,est_sizeaggregate_total,2017,1.619
arg,sex_f,eco_isic4_u,est_sizeaggregate_total,2018,0.78
arg,sex_f,eco_isic4_x,est_sizeaggregate_s1_4,2011,10.516
arg,sex_f,eco_isic4_x,est_sizeaggregate_s1_4,2012,10.768
arg,sex_f,eco_isic4_x,est_sizeaggregate_s1_4,2013,12.552
arg,sex_f,eco_isic4_x,est_sizeaggregate_s1_4,2014,20.38
arg,sex_f,eco_isic4_x,est_sizeaggregate_s1_4,2017,11.523
arg,sex_f,eco_isic4_x,est_sizeaggregate_s1_4,2018,13.394
arg,sex_f,eco_isic4_x,est_sizeaggregate_s1_4,2019,15.591
arg,sex_f,eco_isic4_x,est_sizeaggregate_s1_4,2020,8.772
arg,sex_f,eco_isic4_x,est_sizeaggregate_s1_4,2021,21.201
arg,sex_f,eco_isic4_x,est_sizeaggregate_s1_4,2022,14.575
arg,sex_f,eco_isic4_x,est_sizeaggregate_s1_4,2023,15.853
arg,sex_f,eco_isic4_x,est_sizeaggregate_s1_4,2024,9.988
arg,sex_f,eco_isic4_x,est_sizeaggregate_s5_49,2011,36.944
arg,sex_f,eco_isic4_x,est_sizeaggregate_s5_49,2012,38.969
arg,sex_f,eco_isic4_x,est_sizeaggregate_s5_49,2013,30.977
arg,sex_f,eco_isic4_x,est_sizeaggregate_s5_49,2014,40.13
arg,sex_f,eco_isic4_x,est_sizeaggregate_s5_49,2017,36.85
arg,sex_f,eco_isic4_x,est_sizeaggregate_s5_49,2018,43.82
arg,sex_f,eco_isic4_x,est_sizeaggregate_s5_49,2019,39.281
arg,sex_f,eco_isic4_x,est_sizeaggregate_s5_49,2020,31.317
arg,sex_f,eco_isic4_x,est_sizeaggregate_s5_49,2021,34.805
arg,sex_f,eco_isic4_x,est_sizeaggregate_s5_49,2022,42.289
arg,sex_f,eco_isic4_x,est_sizeaggregate_s5_49,2023,39.053
arg,sex_f,eco_isic4_x,est_sizeaggregate_s5_49,2024,30.23
arg,sex_f,eco_isic4_x,est_sizeaggregate_sge50,2011,30.196
arg,sex_f,eco_isic4_x,est_sizeaggregate_sge50,2012,29.96
arg,sex_f,eco_isic4_x,est_sizeaggregate_sge50,2013,28.999
arg,sex_f,eco_isic4_x,est_sizeaggregate_sge50,2014,34.509
arg,sex_f,eco_isic4_x,est_sizeaggregate_sge50,2017,30.91
arg,sex_f,eco_isic4_x,est_sizeaggregate_sge50,2018,28.657
arg,sex_f,eco_isic4_x,est_sizeaggregate_sge50,2019,21.642
arg,sex_f,eco_isic4_x,est_sizeaggregate_sge50,2020,18.579
arg,sex_f,eco_isic4_x,est_sizeaggregate_sge50,2021,30.87
arg,sex_f,eco_isic4_x,est_sizeaggregate_sge50,2022,35.747
arg,sex_f,eco_isic4_x,est_sizeaggregate_sge50,2023,31.312
arg,sex_f,eco_isic4_x,est_sizeaggregate_sge50,2024,19.164
arg,sex_f,eco_isic4_x,est_sizeaggregate_total,2011,103.413
arg,sex_f,eco_isic4_x,est_sizeaggregate_total,2012,106.244
arg,sex_f,eco_isic4_x,est_sizeaggregate_total,2013,110.371
arg,sex_f,eco_isic4_x,est_sizeaggregate_total,2014,134.484
arg,sex_f,eco_isic4_x,est_sizeaggregate_total,2017,110.908
arg,sex_f,eco_isic4_x,est_sizeaggregate_total,2018,120.663
arg,sex_f,eco_isic4_x,est_sizeaggregate_total,2019,101.687
arg,sex_f,eco_isic4_x,est_sizeaggregate_total,2020,81.22
arg,sex_f,eco_isic4_x,est_sizeaggregate_total,2021,131.182
arg,sex_f,eco_isic4_x,est_sizeaggregate_total,2022,148.725
arg,sex_f,eco_isic4_x,est_sizeaggregate_total,2023,127.85
arg,sex_f,eco_isic4_x,est_sizeaggregate_total,2024,99.225
arg,sex_f,eco_isic4_x,est_sizeaggregate_x,2011,25.756
arg,sex_f,eco_isic4_x,est_sizeaggregate_x,2012,26.547
arg,sex_f,eco_isic4_x,est_sizeaggregate_x,2013,37.843
arg,sex_f,eco_isic4_x,est_sizeaggregate_x,2014,39.465
arg,sex_f,eco_isic4_x,est_sizeaggregate_x,2017,31.625
arg,sex_f,eco_isic4_x,est_sizeaggregate_x,2018,34.793
arg,sex_f,eco_isic4_x,est_sizeaggregate_x,2019,25.173
arg,sex_f,eco_isic4_x,est_sizeaggregate_x,2020,22.553
arg,sex_f,eco_isic4_x,est_sizeaggregate_x,2021,44.306
arg,sex_f,eco_isic4_x,est_sizeaggregate_x,2022,56.115
arg,sex_f,eco_isic4_x,est_sizeaggregate_x,2023,41.632
arg,sex_f,eco_isic4_x,est_sizeaggregate_x,2024,39.843
arg,sex_f,eco_sector_agr,est_sizeaggregate_s1_4,2004,9.366
arg,sex_f,eco_sector_agr,est_sizeaggregate_s1_4,2005,7.554
arg,sex_f,eco_sector_agr,est_sizeaggregate_s1_4,2006,4.486
arg,sex_f,eco_sector_agr,est_sizeaggregate_s1_4,2008,2.154
arg,sex_f,eco_sector_agr,est_sizeaggregate_s1_4,2009,2.422
arg,sex_f,eco_sector_agr,est_sizeaggregate_s1_4,2010,2.136
arg,sex_f,eco_sector_agr,est_sizeaggregate_s1_4,2011,2.745
arg,sex_f,eco_sector_agr,est_sizeaggregate_s1_4,2012,1.856
arg,sex_f,eco_sector_agr,est_sizeaggregate_s1_4,2013,1.486
arg,sex_f,eco_sector_agr,est_sizeaggregate_s1_4,2014,0.48
arg,sex_f,eco_sector_agr,est_sizeaggregate_s1_4,2017,0.76
arg,sex_f,eco_sector_agr,est_sizeaggregate_s1_4,2018,1.65
arg,sex_f,eco_sector_agr,est_sizeaggregate_s1_4,2019,1.143
arg,sex_f,eco_sector_agr,est_sizeaggregate_s1_4,2020,1.216
arg,sex_f,eco_sector_agr,est_sizeaggregate_s1_4,2021,0.671
arg,sex_f,eco_sector_agr,est_sizeaggregate_s1_4,2022,3.551
arg,sex_f,eco_sector_agr,est_sizeaggregate_s1_4,2023,2.437
arg,sex_f,eco_sector_agr,est_sizeaggregate_s1_4,2024,2.555
arg,sex_f,eco_sector_agr,est_sizeaggregate_s5_49,2004,13.406
arg,sex_f,eco_sector_agr,est_sizeaggregate_s5_49,2005,12.819
arg,sex_f,eco_sector_agr,est_sizeaggregate_s5_49,2006,7.837
arg,sex_f,eco_sector_agr,est_sizeaggregate_s5_49,2008,3.221
arg,sex_f,eco_sector_agr,est_sizeaggregate_s5_49,2009,3.717
arg,sex_f,eco_sector_agr,est_sizeaggregate_s5_49,2010,2.882
arg,sex_f,eco_sector_agr,est_sizeaggregate_s5_49,2011,3.209
arg,sex_f,eco_sector_agr,est_sizeaggregate_s5_49,2012,2.213
arg,sex_f,eco_sector_agr,est_sizeaggregate_s5_49,2013,3.164
arg,sex_f,eco_sector_agr,est_sizeaggregate_s5_49,2014,2.393
arg,sex_f,eco_sector_agr,est_sizeaggregate_s5_49,2017,2.496
arg,sex_f,eco_sector_agr,est_sizeaggregate_s5_49,2018,2.219
arg,sex_f,eco_sector_agr,est_sizeaggregate_s5_49,2019,3.453
arg,sex_f,eco_sector_agr,est_sizeaggregate_s5_49,2020,3.824
arg,sex_f,eco_sector_agr,est_sizeaggregate_s5_49,2021,2.639
arg,sex_f,eco_sector_agr,est_sizeaggregate_s5_49,2022,5.819
arg,sex_f,eco_sector_agr,est_sizeaggregate_s5_49,2023,8.492
arg,sex_f,eco_sector_agr,est_sizeaggregate_s5_49,2024,4.645
arg,sex_f,eco_sector_agr,est_sizeaggregate_sge50,2004,5.037
arg,sex_f,eco_sector_agr,est_sizeaggregate_sge50,2005,2.937
arg,sex_f,eco_sector_agr,est_sizeaggregate_sge50,2006,2.57
arg,sex_f,eco_sector_agr,est_sizeaggregate_sge50,2008,2.454
arg,sex_f,eco_sector_agr,est_sizeaggregate_sge50,2009,3.156
arg,sex_f,eco_sector_agr,est_sizeaggregate_sge50,2010,2.488
arg,sex_f,eco_sector_agr,est_sizeaggregate_sge50,2011,0.893
arg,sex_f,eco_sector_agr,est_sizeaggregate_sge50,2012,1.329
arg,sex_f,eco_sector_agr,est_sizeaggregate_sge50,2013,0.28
arg,sex_f,eco_sector_agr,est_sizeaggregate_sge50,2014,1.801
arg,sex_f,eco_sector_agr,est_sizeaggregate_sge50,2017,1.017
arg,sex_f,eco_sector_agr,est_sizeaggregate_sge50,2018,1.042
arg,sex_f,eco_sector_agr,est_sizeaggregate_sge50,2019,1.63
arg,sex_f,eco_sector_agr,est_sizeaggregate_sge50,2020,2.544
arg,sex_f,eco_sector_agr,est_sizeaggregate_sge50,2021,1.57
arg,sex_f,eco_sector_agr,est_sizeaggregate_sge50,2022,3.207
arg,sex_f,eco_sector_agr,est_sizeaggregate_sge50,2023,4.294
arg,sex_f,eco_sector_agr,est_sizeaggregate_sge50,2024,5.001
arg,sex_f,eco_sector_agr,est_sizeaggregate_total,2004,32.282
arg,sex_f,eco_sector_agr,est_sizeaggregate_total,2005,26.516
arg,sex_f,eco_sector_agr,est_sizeaggregate_total,2006,16.404
arg,sex_f,eco_sector_agr,est_sizeaggregate_total,2008,9.561
arg,sex_f,eco_sector_agr,est_sizeaggregate_total,2009,10.142
arg,sex_f,eco_sector_agr,est_sizeaggregate_total,2010,8.241
arg,sex_f,eco_sector_agr,est_sizeaggregate_total,2011,7.398
arg,sex_f,eco_sector_agr,est_sizeaggregate_total,2012,6.85
arg,sex_f,eco_sector_agr,est_sizeaggregate_total,2013,6.081
arg,sex_f,eco_sector_agr,est_sizeaggregate_total,2014,5.479
arg,sex_f,eco_sector_agr,est_sizeaggregate_total,2017,5.545
arg,sex_f,eco_sector_agr,est_sizeaggregate_total,2018,5.452
arg,sex_f,eco_sector_agr,est_sizeaggregate_total,2019,7.808
arg,sex_f,eco_sector_agr,est_sizeaggregate_total,2020,8.435
arg,sex_f,eco_sector_agr,est_sizeaggregate_total,2021,7.97
arg,sex_f,eco_sector_agr,est_sizeaggregate_total,2022,14.842
arg,sex_f,eco_sector_agr,est_sizeaggregate_total,2023,17.843
arg,sex_f,eco_sector_agr,est_sizeaggregate_total,2024,15.426
arg,sex_f,eco_sector_agr,est_sizeaggregate_x,2004,4.474
arg,sex_f,eco_sector_agr,est_sizeaggregate_x,2005,3.206
arg,sex_f,eco_sector_agr,est_sizeaggregate_x,2006,1.512
arg,sex_f,eco_sector_agr,est_sizeaggregate_x,2008,1.733
arg,sex_f,eco_sector_agr,est_sizeaggregate_x,2009,0.847
arg,sex_f,eco_sector_agr,est_sizeaggregate_x,2010,0.735
arg,sex_f,eco_sector_agr,est_sizeaggregate_x,2012,1.452
arg,sex_f,eco_sector_agr,est_sizeaggregate_x,2013,1.15
arg,sex_f,eco_sector_agr,est_sizeaggregate_x,2014,0.804
arg,sex_f,eco_sector_agr,est_sizeaggregate_x,2017,1.272
arg,sex_f,eco_sector_agr,est_sizeaggregate_x,2018,0.541
arg,sex_f,eco_sector_agr,est_sizeaggregate_x,2019,1.582
arg,sex_f,eco_sector_agr,est_sizeaggregate_x,2020,0.851
arg,sex_f,eco_sector_agr,est_sizeaggregate_x,2021,3.089
arg,sex_f,eco_sector_agr,est_sizeaggregate_x,2022,2.264
arg,sex_f,eco_sector_agr,est_sizeaggregate_x,2023,2.62
arg,sex_f,eco_sector_agr,est_sizeaggregate_x,2024,3.225
arg,sex_f,eco_sector_ind,est_sizeaggregate_s1_4,2004,59.541
arg,sex_f,eco_sector_ind,est_sizeaggregate_s1_4,2005,64.195
arg,sex_f,eco_sector_ind,est_sizeaggregate_s1_4,2006,67.147
arg,sex_f,eco_sector_ind,est_sizeaggregate_s1_4,2008,58.05
arg,sex_f,eco_sector_ind,est_sizeaggregate_s1_4,2009,52.368
arg,sex_f,eco_sector_ind,est_sizeaggregate_s1_4,2010,47.287
arg,sex_f,eco_sector_ind,est_sizeaggregate_s1_4,2011,66.111
arg,sex_f,eco_sector_ind,est_sizeaggregate_s1_4,2012,53.828
arg,sex_f,eco_sector_ind,est_sizeaggregate_s1_4,2013,53.089
arg,sex_f,eco_sector_ind,est_sizeaggregate_s1_4,2014,40.174
arg,sex_f,eco_sector_ind,est_sizeaggregate_s1_4,2017,64.383
arg,sex_f,eco_sector_ind,est_sizeaggregate_s1_4,2018,63.336
arg,sex_f,eco_sector_ind,est_sizeaggregate_s1_4,2019,55.901
arg,sex_f,eco_sector_ind,est_sizeaggregate_s1_4,2020,50.608
arg,sex_f,eco_sector_ind,est_sizeaggregate_s1_4,2021,44.944
arg,sex_f,eco_sector_ind,est_sizeaggregate_s1_4,2022,61.75
arg,sex_f,eco_sector_ind,est_sizeaggregate_s1_4,2023,75.349
arg,sex_f,eco_sector_ind,est_sizeaggregate_s1_4,2024,65.502
arg,sex_f,eco_sector_ind,est_sizeaggregate_s5_49,2004,105.184
arg,sex_f,eco_sector_ind,est_sizeaggregate_s5_49,2005,102.987
arg,sex_f,eco_sector_ind,est_sizeaggregate_s5_49,2006,96.929
arg,sex_f,eco_sector_ind,est_sizeaggregate_s5_49,2008,88.33
arg,sex_f,eco_sector_ind,est_sizeaggregate_s5_49,2009,94.119
arg,sex_f,eco_sector_ind,est_sizeaggregate_s5_49,2010,84.686
arg,sex_f,eco_sector_ind,est_sizeaggregate_s5_49,2011,84.403
arg,sex_f,eco_sector_ind,est_sizeaggregate_s5_49,2012,86.887
arg,sex_f,eco_sector_ind,est_sizeaggregate_s5_49,2013,76.342
arg,sex_f,eco_sector_ind,est_sizeaggregate_s5_49,2014,74.121
arg,sex_f,eco_sector_ind,est_sizeaggregate_s5_49,2017,80.905
arg,sex_f,eco_sector_ind,est_sizeaggregate_s5_49,2018,79.656
arg,sex_f,eco_sector_ind,est_sizeaggregate_s5_49,2019,84.848
arg,sex_f,eco_sector_ind,est_sizeaggregate_s5_49,2020,61.109
arg,sex_f,eco_sector_ind,est_sizeaggregate_s5_49,2021,70.108
arg,sex_f,eco_sector_ind,est_sizeaggregate_s5_49,2022,86.73
arg,sex_f,eco_sector_ind,est_sizeaggregate_s5_49,2023,98.397
arg,sex_f,eco_sector_ind,est_sizeaggregate_s5_49,2024,83.202
arg,sex_f,eco_sector_ind,est_sizeaggregate_sge50,2004,61.593
arg,sex_f,eco_sector_ind,est_sizeaggregate_sge50,2005,64.364
arg,sex_f,eco_sector_ind,est_sizeaggregate_sge50,2006,86.549
arg,sex_f,eco_sector_ind,est_sizeaggregate_sge50,2008,89.859
arg,sex_f,eco_sector_ind,est_sizeaggregate_sge50,2009,85.109
arg,sex_f,eco_sector_ind,est_sizeaggregate_sge50,2010,91.802
arg,sex_f,eco_sector_ind,est_sizeaggregate_sge50,2011,93.693
arg,sex_f,eco_sector_ind,est_sizeaggregate_sge50,2012,89.836
arg,sex_f,eco_sector_ind,est_sizeaggregate_sge50,2013,89.154
arg,sex_f,eco_sector_ind,est_sizeaggregate_sge50,2014,77.085
arg,sex_f,eco_sector_ind,est_sizeaggregate_sge50,2017,77.514
arg,sex_f,eco_sector_ind,est_sizeaggregate_sge50,2018,77.911
arg,sex_f,eco_sector_ind,est_sizeaggregate_sge50,2019,86.572
arg,sex_f,eco_sector_ind,est_sizeaggregate_sge50,2020,85.552
arg,sex_f,eco_sector_ind,est_sizeaggregate_sge50,2021,77
arg,sex_f,eco_sector_ind,est_sizeaggregate_sge50,2022,95.328
arg,sex_f,eco_sector_ind,est_sizeaggregate_sge50,2023,101.536
arg,sex_f,eco_sector_ind,est_sizeaggregate_sge50,2024,97.358
arg,sex_f,eco_sector_ind,est_sizeaggregate_total,2004,283.962
arg,sex_f,eco_sector_ind,est_sizeaggregate_total,2005,293.278
arg,sex_f,eco_sector_ind,est_sizeaggregate_total,2006,321.398
arg,sex_f,eco_sector_ind,est_sizeaggregate_total,2008,307.095
arg,sex_f,eco_sector_ind,est_sizeaggregate_total,2009,292.178
arg,sex_f,eco_sector_ind,est_sizeaggregate_total,2010,292.815
arg,sex_f,eco_sector_ind,est_sizeaggregate_total,2011,311.829
arg,sex_f,eco_sector_ind,est_sizeaggregate_total,2012,304.021
arg,sex_f,eco_sector_ind,est_sizeaggregate_total,2013,282.332
arg,sex_f,eco_sector_ind,est_sizeaggregate_total,2014,259.529
arg,sex_f,eco_sector_ind,est_sizeaggregate_total,2017,273.968
arg,sex_f,eco_sector_ind,est_sizeaggregate_total,2018,281.22
arg,sex_f,eco_sector_ind,est_sizeaggregate_total,2019,279.686
arg,sex_f,eco_sector_ind,est_sizeaggregate_total,2020,233.822
arg,sex_f,eco_sector_ind,est_sizeaggregate_total,2021,249.385
arg,sex_f,eco_sector_ind,est_sizeaggregate_total,2022,321.352
arg,sex_f,eco_sector_ind,est_sizeaggregate_total,2023,355.58
arg,sex_f,eco_sector_ind,est_sizeaggregate_total,2024,316.042
arg,sex_f,eco_sector_ind,est_sizeaggregate_x,2004,57.642
arg,sex_f,eco_sector_ind,est_sizeaggregate_x,2005,61.732
arg,sex_f,eco_sector_ind,est_sizeaggregate_x,2006,70.772
arg,sex_f,eco_sector_ind,est_sizeaggregate_x,2008,70.855
arg,sex_f,eco_sector_ind,est_sizeaggregate_x,2009,60.583
arg,sex_f,eco_sector_ind,est_sizeaggregate_x,2010,69.04
arg,sex_f,eco_sector_ind,est_sizeaggregate_x,2011,67.622
arg,sex_f,eco_sector_ind,est_sizeaggregate_x,2012,73.469
arg,sex_f,eco_sector_ind,est_sizeaggregate_x,2013,63.747
arg,sex_f,eco_sector_ind,est_sizeaggregate_x,2014,68.149
arg,sex_f,eco_sector_ind,est_sizeaggregate_x,2017,51.167
arg,sex_f,eco_sector_ind,est_sizeaggregate_x,2018,60.318
arg,sex_f,eco_sector_ind,est_sizeaggregate_x,2019,52.365
arg,sex_f,eco_sector_ind,est_sizeaggregate_x,2020,36.553
arg,sex_f,eco_sector_ind,est_sizeaggregate_x,2021,57.334
arg,sex_f,eco_sector_ind,est_sizeaggregate_x,2022,77.544
arg,sex_f,eco_sector_ind,est_sizeaggregate_x,2023,80.298
arg,sex_f,eco_sector_ind,est_sizeaggregate_x,2024,69.98
arg,sex_f,eco_sector_nag,est_sizeaggregate_s1_4,2004,479.974
arg,sex_f,eco_sector_nag,est_sizeaggregate_s1_4,2005,477.516
arg,sex_f,eco_sector_nag,est_sizeaggregate_s1_4,2006,493.59
arg,sex_f,eco_sector_nag,est_sizeaggregate_s1_4,2008,503.074
arg,sex_f,eco_sector_nag,est_sizeaggregate_s1_4,2009,508.374
arg,sex_f,eco_sector_nag,est_sizeaggregate_s1_4,2010,497.626
arg,sex_f,eco_sector_nag,est_sizeaggregate_s1_4,2011,502.399
arg,sex_f,eco_sector_nag,est_sizeaggregate_s1_4,2012,457.774
arg,sex_f,eco_sector_nag,est_sizeaggregate_s1_4,2013,483.423
arg,sex_f,eco_sector_nag,est_sizeaggregate_s1_4,2014,481.185
arg,sex_f,eco_sector_nag,est_sizeaggregate_s1_4,2017,511.1
arg,sex_f,eco_sector_nag,est_sizeaggregate_s1_4,2018,520.523
arg,sex_f,eco_sector_nag,est_sizeaggregate_s1_4,2019,516.314
arg,sex_f,eco_sector_nag,est_sizeaggregate_s1_4,2020,423.209
arg,sex_f,eco_sector_nag,est_sizeaggregate_s1_4,2021,487.032
arg,sex_f,eco_sector_nag,est_sizeaggregate_s1_4,2022,558.356
arg,sex_f,eco_sector_nag,est_sizeaggregate_s1_4,2023,603.592
arg,sex_f,eco_sector_nag,est_sizeaggregate_s1_4,2024,598.734
arg,sex_f,eco_sector_nag,est_sizeaggregate_s5_49,2004,831.257
arg,sex_f,eco_sector_nag,est_sizeaggregate_s5_49,2005,796.939
arg,sex_f,eco_sector_nag,est_sizeaggregate_s5_49,2006,845.862
arg,sex_f,eco_sector_nag,est_sizeaggregate_s5_49,2008,838.818
arg,sex_f,eco_sector_nag,est_sizeaggregate_s5_49,2009,841.608
arg,sex_f,eco_sector_nag,est_sizeaggregate_s5_49,2010,835.004
arg,sex_f,eco_sector_nag,est_sizeaggregate_s5_49,2011,873.375
arg,sex_f,eco_sector_nag,est_sizeaggregate_s5_49,2012,882.968
arg,sex_f,eco_sector_nag,est_sizeaggregate_s5_49,2013,850.604
arg,sex_f,eco_sector_nag,est_sizeaggregate_s5_49,2014,833.183
arg,sex_f,eco_sector_nag,est_sizeaggregate_s5_49,2017,942.512
arg,sex_f,eco_sector_nag,est_sizeaggregate_s5_49,2018,946.02
arg,sex_f,eco_sector_nag,est_sizeaggregate_s5_49,2019,928.861
arg,sex_f,eco_sector_nag,est_sizeaggregate_s5_49,2020,815.186
arg,sex_f,eco_sector_nag,est_sizeaggregate_s5_49,2021,929.338
arg,sex_f,eco_sector_nag,est_sizeaggregate_s5_49,2022,968.624
arg,sex_f,eco_sector_nag,est_sizeaggregate_s5_49,2023,1061.684
arg,sex_f,eco_sector_nag,est_sizeaggregate_s5_49,2024,1084.257
arg,sex_f,eco_sector_nag,est_sizeaggregate_sge50,2004,695.447
arg,sex_f,eco_sector_nag,est_sizeaggregate_sge50,2005,752.829
arg,sex_f,eco_sector_nag,est_sizeaggregate_sge50,2006,818.955
arg,sex_f,eco_sector_nag,est_sizeaggregate_sge50,2008,840.608
arg,sex_f,eco_sector_nag,est_sizeaggregate_sge50,2009,924.182
arg,sex_f,eco_sector_nag,est_sizeaggregate_sge50,2010,940.375
arg,sex_f,eco_sector_nag,est_sizeaggregate_sge50,2011,961.452
arg,sex_f,eco_sector_nag,est_sizeaggregate_sge50,2012,987.117
arg,sex_f,eco_sector_nag,est_sizeaggregate_sge50,2013,969.76
arg,sex_f,eco_sector_nag,est_sizeaggregate_sge50,2014,1000.273
arg,sex_f,eco_sector_nag,est_sizeaggregate_sge50,2017,1013.37
arg,sex_f,eco_sector_nag,est_sizeaggregate_sge50,2018,996.963
arg,sex_f,eco_sector_nag,est_sizeaggregate_sge50,2019,1063.053
arg,sex_f,eco_sector_nag,est_sizeaggregate_sge50,2020,1127.291
arg,sex_f,eco_sector_nag,est_sizeaggregate_sge50,2021,1169.147
arg,sex_f,eco_sector_nag,est_sizeaggregate_sge50,2022,1123.596
arg,sex_f,eco_sector_nag,est_sizeaggregate_sge50,2023,1171.1
arg,sex_f,eco_sector_nag,est_sizeaggregate_sge50,2024,1184.008
arg,sex_f,eco_sector_nag,est_sizeaggregate_total,2004,3038.862
arg,sex_f,eco_sector_nag,est_sizeaggregate_total,2005,3136.37
arg,sex_f,eco_sector_nag,est_sizeaggregate_total,2006,3326.746
arg,sex_f,eco_sector_nag,est_sizeaggregate_total,2008,3447.837
arg,sex_f,eco_sector_nag,est_sizeaggregate_total,2009,3509.968
arg,sex_f,eco_sector_nag,est_sizeaggregate_total,2010,3524.832
arg,sex_f,eco_sector_nag,est_sizeaggregate_total,2011,3601.373
arg,sex_f,eco_sector_nag,est_sizeaggregate_total,2012,3656.137
arg,sex_f,eco_sector_nag,est_sizeaggregate_total,2013,3668.044
arg,sex_f,eco_sector_nag,est_sizeaggregate_total,2014,3701.77
arg,sex_f,eco_sector_nag,est_sizeaggregate_total,2017,3866.867
arg,sex_f,eco_sector_nag,est_sizeaggregate_total,2018,3949.177
arg,sex_f,eco_sector_nag,est_sizeaggregate_total,2019,4006.398
arg,sex_f,eco_sector_nag,est_sizeaggregate_total,2020,3604.541
arg,sex_f,eco_sector_nag,est_sizeaggregate_total,2021,3951.544
arg,sex_f,eco_sector_nag,est_sizeaggregate_total,2022,4280.366
arg,sex_f,eco_sector_nag,est_sizeaggregate_total,2023,4507.408
arg,sex_f,eco_sector_nag,est_sizeaggregate_total,2024,4480.382
arg,sex_f,eco_sector_nag,est_sizeaggregate_x,2004,1032.184
arg,sex_f,eco_sector_nag,est_sizeaggregate_x,2005,1109.086
arg,sex_f,eco_sector_nag,est_sizeaggregate_x,2006,1168.339
arg,sex_f,eco_sector_nag,est_sizeaggregate_x,2008,1265.338
arg,sex_f,eco_sector_nag,est_sizeaggregate_x,2009,1235.804
arg,sex_f,eco_sector_nag,est_sizeaggregate_x,2010,1251.827
arg,sex_f,eco_sector_nag,est_sizeaggregate_x,2011,1264.147
arg,sex_f,eco_sector_nag,est_sizeaggregate_x,2012,1328.277
arg,sex_f,eco_sector_nag,est_sizeaggregate_x,2013,1364.257
arg,sex_f,eco_sector_nag,est_sizeaggregate_x,2014,1387.13
arg,sex_f,eco_sector_nag,est_sizeaggregate_x,2017,1399.885
arg,sex_f,eco_sector_nag,est_sizeaggregate_x,2018,1485.672
arg,sex_f,eco_sector_nag,est_sizeaggregate_x,2019,1498.169
arg,sex_f,eco_sector_nag,est_sizeaggregate_x,2020,1238.856
arg,sex_f,eco_sector_nag,est_sizeaggregate_x,2021,1366.027
arg,sex_f,eco_sector_nag,est_sizeaggregate_x,2022,1629.792
arg,sex_f,eco_sector_nag,est_sizeaggregate_x,2023,1671.032
arg,sex_f,eco_sector_nag,est_sizeaggregate_x,2024,1613.382
arg,sex_f,eco_sector_ser,est_sizeaggregate_s1_4,2004,420.334
arg,sex_f,eco_sector_ser,est_sizeaggregate_s1_4,2005,413.226
arg,sex_f,eco_sector_ser,est_sizeaggregate_s1_4,2006,425.623
arg,sex_f,eco_sector_ser,est_sizeaggregate_s1_4,2008,441.134
arg,sex_f,eco_sector_ser,est_sizeaggregate_s1_4,2009,455.219
arg,sex_f,eco_sector_ser,est_sizeaggregate_s1_4,2010,448.527
arg,sex_f,eco_sector_ser,est_sizeaggregate_s1_4,2011,425.772
arg,sex_f,eco_sector_ser,est_sizeaggregate_s1_4,2012,393.178
arg,sex_f,eco_sector_ser,est_sizeaggregate_s1_4,2013,417.783
arg,sex_f,eco_sector_ser,est_sizeaggregate_s1_4,2014,420.631
arg,sex_f,eco_sector_ser,est_sizeaggregate_s1_4,2017,435.194
arg,sex_f,eco_sector_ser,est_sizeaggregate_s1_4,2018,443.793
arg,sex_f,eco_sector_ser,est_sizeaggregate_s1_4,2019,444.822
arg,sex_f,eco_sector_ser,est_sizeaggregate_s1_4,2020,363.829
arg,sex_f,eco_sector_ser,est_sizeaggregate_s1_4,2021,420.888
arg,sex_f,eco_sector_ser,est_sizeaggregate_s1_4,2022,482.031
arg,sex_f,eco_sector_ser,est_sizeaggregate_s1_4,2023,512.39
arg,sex_f,eco_sector_ser,est_sizeaggregate_s1_4,2024,523.245
arg,sex_f,eco_sector_ser,est_sizeaggregate_s5_49,2004,724.67
arg,sex_f,eco_sector_ser,est_sizeaggregate_s5_49,2005,693.12
arg,sex_f,eco_sector_ser,est_sizeaggregate_s5_49,2006,747.922
arg,sex_f,eco_sector_ser,est_sizeaggregate_s5_49,2008,747.018
arg,sex_f,eco_sector_ser,est_sizeaggregate_s5_49,2009,745.486
arg,sex_f,eco_sector_ser,est_sizeaggregate_s5_49,2010,745.134
arg,sex_f,eco_sector_ser,est_sizeaggregate_s5_49,2011,752.028
arg,sex_f,eco_sector_ser,est_sizeaggregate_s5_49,2012,757.112
arg,sex_f,eco_sector_ser,est_sizeaggregate_s5_49,2013,743.285
arg,sex_f,eco_sector_ser,est_sizeaggregate_s5_49,2014,718.932
arg,sex_f,eco_sector_ser,est_sizeaggregate_s5_49,2017,824.756
arg,sex_f,eco_sector_ser,est_sizeaggregate_s5_49,2018,822.544
arg,sex_f,eco_sector_ser,est_sizeaggregate_s5_49,2019,804.731
arg,sex_f,eco_sector_ser,est_sizeaggregate_s5_49,2020,722.76
arg,sex_f,eco_sector_ser,est_sizeaggregate_s5_49,2021,824.425
arg,sex_f,eco_sector_ser,est_sizeaggregate_s5_49,2022,839.604
arg,sex_f,eco_sector_ser,est_sizeaggregate_s5_49,2023,924.234
arg,sex_f,eco_sector_ser,est_sizeaggregate_s5_49,2024,970.825
arg,sex_f,eco_sector_ser,est_sizeaggregate_sge50,2004,633.23
arg,sex_f,eco_sector_ser,est_sizeaggregate_sge50,2005,686.79
arg,sex_f,eco_sector_ser,est_sizeaggregate_sge50,2006,732.138
arg,sex_f,eco_sector_ser,est_sizeaggregate_sge50,2008,748.136
arg,sex_f,eco_sector_ser,est_sizeaggregate_sge50,2009,832.29
arg,sex_f,eco_sector_ser,est_sizeaggregate_sge50,2010,843.64
arg,sex_f,eco_sector_ser,est_sizeaggregate_sge50,2011,837.563
arg,sex_f,eco_sector_ser,est_sizeaggregate_sge50,2012,867.32
arg,sex_f,eco_sector_ser,est_sizeaggregate_sge50,2013,851.607
arg,sex_f,eco_sector_ser,est_sizeaggregate_sge50,2014,888.678
arg,sex_f,eco_sector_ser,est_sizeaggregate_sge50,2017,904.947
arg,sex_f,eco_sector_ser,est_sizeaggregate_sge50,2018,890.396
arg,sex_f,eco_sector_ser,est_sizeaggregate_sge50,2019,954.84
arg,sex_f,eco_sector_ser,est_sizeaggregate_sge50,2020,1023.16
arg,sex_f,eco_sector_ser,est_sizeaggregate_sge50,2021,1061.277
arg,sex_f,eco_sector_ser,est_sizeaggregate_sge50,2022,992.521
arg,sex_f,eco_sector_ser,est_sizeaggregate_sge50,2023,1038.251
arg,sex_f,eco_sector_ser,est_sizeaggregate_sge50,2024,1067.486
arg,sex_f,eco_sector_ser,est_sizeaggregate_total,2004,2748.436
arg,sex_f,eco_sector_ser,est_sizeaggregate_total,2005,2834.519
arg,sex_f,eco_sector_ser,est_sizeaggregate_total,2006,2999.318
arg,sex_f,eco_sector_ser,est_sizeaggregate_total,2008,3120.619
arg,sex_f,eco_sector_ser,est_sizeaggregate_total,2009,3202.312
arg,sex_f,eco_sector_ser,est_sizeaggregate_total,2010,3213.911
arg,sex_f,eco_sector_ser,est_sizeaggregate_total,2011,3186.131
arg,sex_f,eco_sector_ser,est_sizeaggregate_total,2012,3245.872
arg,sex_f,eco_sector_ser,est_sizeaggregate_total,2013,3275.342
arg,sex_f,eco_sector_ser,est_sizeaggregate_total,2014,3307.757
arg,sex_f,eco_sector_ser,est_sizeaggregate_total,2017,3481.991
arg,sex_f,eco_sector_ser,est_sizeaggregate_total,2018,3547.294
arg,sex_f,eco_sector_ser,est_sizeaggregate_total,2019,3625.024
arg,sex_f,eco_sector_ser,est_sizeaggregate_total,2020,3289.499
arg,sex_f,eco_sector_ser,est_sizeaggregate_total,2021,3570.977
arg,sex_f,eco_sector_ser,est_sizeaggregate_total,2022,3810.289
arg,sex_f,eco_sector_ser,est_sizeaggregate_total,2023,4023.977
arg,sex_f,eco_sector_ser,est_sizeaggregate_total,2024,4065.115
arg,sex_f,eco_sector_ser,est_sizeaggregate_x,2004,970.202
arg,sex_f,eco_sector_ser,est_sizeaggregate_x,2005,1041.384
arg,sex_f,eco_sector_ser,est_sizeaggregate_x,2006,1093.635
arg,sex_f,eco_sector_ser,est_sizeaggregate_x,2008,1184.332
arg,sex_f,eco_sector_ser,est_sizeaggregate_x,2009,1169.318
arg,sex_f,eco_sector_ser,est_sizeaggregate_x,2010,1176.609
arg,sex_f,eco_sector_ser,est_sizeaggregate_x,2011,1170.769
arg,sex_f,eco_sector_ser,est_sizeaggregate_x,2012,1228.261
arg,sex_f,eco_sector_ser,est_sizeaggregate_x,2013,1262.667
arg,sex_f,eco_sector_ser,est_sizeaggregate_x,2014,1279.516
arg,sex_f,eco_sector_ser,est_sizeaggregate_x,2017,1317.093
arg,sex_f,eco_sector_ser,est_sizeaggregate_x,2018,1390.561
arg,sex_f,eco_sector_ser,est_sizeaggregate_x,2019,1420.631
arg,sex_f,eco_sector_ser,est_sizeaggregate_x,2020,1179.751
arg,sex_f,eco_sector_ser,est_sizeaggregate_x,2021,1264.388
arg,sex_f,eco_sector_ser,est_sizeaggregate_x,2022,1496.133
arg,sex_f,eco_sector_ser,est_sizeaggregate_x,2023,1549.102
arg,sex_f,eco_sector_ser,est_sizeaggregate_x,2024,1503.559
arg,sex_f,eco_sector_total,est_sizeaggregate_s1_4,2004,489.34
arg,sex_f,eco_sector_total,est_sizeaggregate_s1_4,2005,485.07
arg,sex_f,eco_sector_total,est_sizeaggregate_s1_4,2006,498.075
arg,sex_f,eco_sector_total,est_sizeaggregate_s1_4,2008,505.228
arg,sex_f,eco_sector_total,est_sizeaggregate_s1_4,2009,510.796
arg,sex_f,eco_sector_total,est_sizeaggregate_s1_4,2010,499.762
arg,sex_f,eco_sector_total,est_sizeaggregate_s1_4,2011,505.144
arg,sex_f,eco_sector_total,est_sizeaggregate_s1_4,2012,459.631
arg,sex_f,eco_sector_total,est_sizeaggregate_s1_4,2013,484.91
arg,sex_f,eco_sector_total,est_sizeaggregate_s1_4,2014,481.665
arg,sex_f,eco_sector_total,est_sizeaggregate_s1_4,2017,511.86
arg,sex_f,eco_sector_total,est_sizeaggregate_s1_4,2018,522.173
arg,sex_f,eco_sector_total,est_sizeaggregate_s1_4,2019,517.458
arg,sex_f,eco_sector_total,est_sizeaggregate_s1_4,2020,424.425
arg,sex_f,eco_sector_total,est_sizeaggregate_s1_4,2021,487.704
arg,sex_f,eco_sector_total,est_sizeaggregate_s1_4,2022,561.906
arg,sex_f,eco_sector_total,est_sizeaggregate_s1_4,2023,606.03
arg,sex_f,eco_sector_total,est_sizeaggregate_s1_4,2024,601.29
arg,sex_f,eco_sector_total,est_sizeaggregate_s5_49,2004,844.662
arg,sex_f,eco_sector_total,est_sizeaggregate_s5_49,2005,809.758
arg,sex_f,eco_sector_total,est_sizeaggregate_s5_49,2006,853.698
arg,sex_f,eco_sector_total,est_sizeaggregate_s5_49,2008,842.039
arg,sex_f,eco_sector_total,est_sizeaggregate_s5_49,2009,845.325
arg,sex_f,eco_sector_total,est_sizeaggregate_s5_49,2010,837.886
arg,sex_f,eco_sector_total,est_sizeaggregate_s5_49,2011,876.584
arg,sex_f,eco_sector_total,est_sizeaggregate_s5_49,2012,885.182
arg,sex_f,eco_sector_total,est_sizeaggregate_s5_49,2013,853.768
arg,sex_f,eco_sector_total,est_sizeaggregate_s5_49,2014,835.576
arg,sex_f,eco_sector_total,est_sizeaggregate_s5_49,2017,945.008
arg,sex_f,eco_sector_total,est_sizeaggregate_s5_49,2018,948.238
arg,sex_f,eco_sector_total,est_sizeaggregate_s5_49,2019,932.314
arg,sex_f,eco_sector_total,est_sizeaggregate_s5_49,2020,819.009
arg,sex_f,eco_sector_total,est_sizeaggregate_s5_49,2021,931.976
arg,sex_f,eco_sector_total,est_sizeaggregate_s5_49,2022,974.443
arg,sex_f,eco_sector_total,est_sizeaggregate_s5_49,2023,1070.176
arg,sex_f,eco_sector_total,est_sizeaggregate_s5_49,2024,1088.902
arg,sex_f,eco_sector_total,est_sizeaggregate_sge50,2004,700.484
arg,sex_f,eco_sector_total,est_sizeaggregate_sge50,2005,755.766
arg,sex_f,eco_sector_total,est_sizeaggregate_sge50,2006,821.524
arg,sex_f,eco_sector_total,est_sizeaggregate_sge50,2008,843.061
arg,sex_f,eco_sector_total,est_sizeaggregate_sge50,2009,927.338
arg,sex_f,eco_sector_total,est_sizeaggregate_sge50,2010,942.863
arg,sex_f,eco_sector_total,est_sizeaggregate_sge50,2011,962.345
arg,sex_f,eco_sector_total,est_sizeaggregate_sge50,2012,988.446
arg,sex_f,eco_sector_total,est_sizeaggregate_sge50,2013,970.041
arg,sex_f,eco_sector_total,est_sizeaggregate_sge50,2014,1002.074
arg,sex_f,eco_sector_total,est_sizeaggregate_sge50,2017,1014.388
arg,sex_f,eco_sector_total,est_sizeaggregate_sge50,2018,998.005
arg,sex_f,eco_sector_total,est_sizeaggregate_sge50,2019,1064.683
arg,sex_f,eco_sector_total,est_sizeaggregate_sge50,2020,1129.835
arg,sex_f,eco_sector_total,est_sizeaggregate_sge50,2021,1170.717
arg,sex_f,eco_sector_total,est_sizeaggregate_sge50,2022,1126.802
arg,sex_f,eco_sector_total,est_sizeaggregate_sge50,2023,1175.394
arg,sex_f,eco_sector_total,est_sizeaggregate_sge50,2024,1189.009
arg,sex_f,eco_sector_total,est_sizeaggregate_total,2004,3071.144
arg,sex_f,eco_sector_total,est_sizeaggregate_total,2005,3162.886
arg,sex_f,eco_sector_total,est_sizeaggregate_total,2006,3343.149
arg,sex_f,eco_sector_total,est_sizeaggregate_total,2008,3457.398
arg,sex_f,eco_sector_total,est_sizeaggregate_total,2009,3520.11
arg,sex_f,eco_sector_total,est_sizeaggregate_total,2010,3533.074
arg,sex_f,eco_sector_total,est_sizeaggregate_total,2011,3608.771
arg,sex_f,eco_sector_total,est_sizeaggregate_total,2012,3662.987
arg,sex_f,eco_sector_total,est_sizeaggregate_total,2013,3674.125
arg,sex_f,eco_sector_total,est_sizeaggregate_total,2014,3707.249
arg,sex_f,eco_sector_total,est_sizeaggregate_total,2017,3872.412
arg,sex_f,eco_sector_total,est_sizeaggregate_total,2018,3954.63
arg,sex_f,eco_sector_total,est_sizeaggregate_total,2019,4014.206
arg,sex_f,eco_sector_total,est_sizeaggregate_total,2020,3612.976
arg,sex_f,eco_sector_total,est_sizeaggregate_total,2021,3959.513
arg,sex_f,eco_sector_total,est_sizeaggregate_total,2022,4295.208
arg,sex_f,eco_sector_total,est_sizeaggregate_total,2023,4525.251
arg,sex_f,eco_sector_total,est_sizeaggregate_total,2024,4495.808
arg,sex_f,eco_sector_total,est_sizeaggregate_x,2004,1036.658
arg,sex_f,eco_sector_total,est_sizeaggregate_x,2005,1112.292
arg,sex_f,eco_sector_total,est_sizeaggregate_x,2006,1169.851
arg,sex_f,eco_sector_total,est_sizeaggregate_x,2008,1267.071
arg,sex_f,eco_sector_total,est_sizeaggregate_x,2009,1236.65
arg,sex_f,eco_sector_total,est_sizeaggregate_x,2010,1252.562
arg,sex_f,eco_sector_total,est_sizeaggregate_x,2011,1264.698
arg,sex_f,eco_sector_total,est_sizeaggregate_x,2012,1329.728
arg,sex_f,eco_sector_total,est_sizeaggregate_x,2013,1365.407
arg,sex_f,eco_sector_total,est_sizeaggregate_x,2014,1387.934
arg,sex_f,eco_sector_total,est_sizeaggregate_x,2017,1401.157
arg,sex_f,eco_sector_total,est_sizeaggregate_x,2018,1486.213
arg,sex_f,eco_sector_total,est_sizeaggregate_x,2019,1499.752
arg,sex_f,eco_sector_total,est_sizeaggregate_x,2020,1239.707
arg,sex_f,eco_sector_total,est_sizeaggregate_x,2021,1369.116
arg,sex_f,eco_sector_total,est_sizeaggregate_x,2022,1632.056
arg,sex_f,eco_sector_total,est_sizeaggregate_x,2023,1673.651
arg,sex_f,eco_sector_total,est_sizeaggregate_x,2024,1616.608
arg,sex_f,eco_sector_x,est_sizeaggregate_s1_4,2006,0.819
arg,sex_f,eco_sector_x,est_sizeaggregate_s1_4,2008,3.89
arg,sex_f,eco_sector_x,est_sizeaggregate_s1_4,2009,0.787
arg,sex_f,eco_sector_x,est_sizeaggregate_s1_4,2010,1.812
arg,sex_f,eco_sector_x,est_sizeaggregate_s1_4,2011,10.516
arg,sex_f,eco_sector_x,est_sizeaggregate_s1_4,2012,10.768
arg,sex_f,eco_sector_x,est_sizeaggregate_s1_4,2013,12.552
arg,sex_f,eco_sector_x,est_sizeaggregate_s1_4,2014,20.38
arg,sex_f,eco_sector_x,est_sizeaggregate_s1_4,2017,11.523
arg,sex_f,eco_sector_x,est_sizeaggregate_s1_4,2018,13.394
arg,sex_f,eco_sector_x,est_sizeaggregate_s1_4,2019,15.591
arg,sex_f,eco_sector_x,est_sizeaggregate_s1_4,2020,8.772
arg,sex_f,eco_sector_x,est_sizeaggregate_s1_4,2021,21.201
arg,sex_f,eco_sector_x,est_sizeaggregate_s1_4,2022,14.575
arg,sex_f,eco_sector_x,est_sizeaggregate_s1_4,2023,15.853
arg,sex_f,eco_sector_x,est_sizeaggregate_s1_4,2024,9.988
arg,sex_f,eco_sector_x,est_sizeaggregate_s5_49,2004,1.402
arg,sex_f,eco_sector_x,est_sizeaggregate_s5_49,2005,0.833
arg,sex_f,eco_sector_x,est_sizeaggregate_s5_49,2006,1.011
arg,sex_f,eco_sector_x,est_sizeaggregate_s5_49,2008,3.47
arg,sex_f,eco_sector_x,est_sizeaggregate_s5_49,2009,2.003
arg,sex_f,eco_sector_x,est_sizeaggregate_s5_49,2010,5.183
arg,sex_f,eco_sector_x,est_sizeaggregate_s5_49,2011,36.944
arg,sex_f,eco_sector_x,est_sizeaggregate_s5_49,2012,38.969
arg,sex_f,eco_sector_x,est_sizeaggregate_s5_49,2013,30.977
arg,sex_f,eco_sector_x,est_sizeaggregate_s5_49,2014,40.13
arg,sex_f,eco_sector_x,est_sizeaggregate_s5_49,2017,36.85
arg,sex_f,eco_sector_x,est_sizeaggregate_s5_49,2018,43.82
arg,sex_f,eco_sector_x,est_sizeaggregate_s5_49,2019,39.281
arg,sex_f,eco_sector_x,est_sizeaggregate_s5_49,2020,31.317
arg,sex_f,eco_sector_x,est_sizeaggregate_s5_49,2021,34.805
arg,sex_f,eco_sector_x,est_sizeaggregate_s5_49,2022,42.289
arg,sex_f,eco_sector_x,est_sizeaggregate_s5_49,2023,39.053
arg,sex_f,eco_sector_x,est_sizeaggregate_s5_49,2024,30.23
arg,sex_f,eco_sector_x,est_sizeaggregate_sge50,2004,0.624
arg,sex_f,eco_sector_x,est_sizeaggregate_sge50,2005,1.676
arg,sex_f,eco_sector_x,est_sizeaggregate_sge50,2006,0.268
arg,sex_f,eco_sector_x,est_sizeaggregate_sge50,2008,2.613
arg,sex_f,eco_sector_x,est_sizeaggregate_sge50,2009,6.783
arg,sex_f,eco_sector_x,est_sizeaggregate_sge50,2010,4.934
arg,sex_f,eco_sector_x,est_sizeaggregate_sge50,2011,30.196
arg,sex_f,eco_sector_x,est_sizeaggregate_sge50,2012,29.96
arg,sex_f,eco_sector_x,est_sizeaggregate_sge50,2013,28.999
arg,sex_f,eco_sector_x,est_sizeaggregate_sge50,2014,34.509
arg,sex_f,eco_sector_x,est_sizeaggregate_sge50,2017,30.91
arg,sex_f,eco_sector_x,est_sizeaggregate_sge50,2018,28.657
arg,sex_f,eco_sector_x,est_sizeaggregate_sge50,2019,21.642
arg,sex_f,eco_sector_x,est_sizeaggregate_sge50,2020,18.579
arg,sex_f,eco_sector_x,est_sizeaggregate_sge50,2021,30.87
arg,sex_f,eco_sector_x,est_sizeaggregate_sge50,2022,35.747
arg,sex_f,eco_sector_x,est_sizeaggregate_sge50,2023,31.312
arg,sex_f,eco_sector_x,est_sizeaggregate_sge50,2024,19.164
arg,sex_f,eco_sector_x,est_sizeaggregate_total,2004,6.464
arg,sex_f,eco_sector_x,est_sizeaggregate_total,2005,8.573
arg,sex_f,eco_sector_x,est_sizeaggregate_total,2006,6.03
arg,sex_f,eco_sector_x,est_sizeaggregate_total,2008,20.123
arg,sex_f,eco_sector_x,est_sizeaggregate_total,2009,15.477
arg,sex_f,eco_sector_x,est_sizeaggregate_total,2010,18.106
arg,sex_f,eco_sector_x,est_sizeaggregate_total,2011,103.413
arg,sex_f,eco_sector_x,est_sizeaggregate_total,2012,106.244
arg,sex_f,eco_sector_x,est_sizeaggregate_total,2013,110.371
arg,sex_f,eco_sector_x,est_sizeaggregate_total,2014,134.484
arg,sex_f,eco_sector_x,est_sizeaggregate_total,2017,110.908
arg,sex_f,eco_sector_x,est_sizeaggregate_total,2018,120.663
arg,sex_f,eco_sector_x,est_sizeaggregate_total,2019,101.687
arg,sex_f,eco_sector_x,est_sizeaggregate_total,2020,81.22
arg,sex_f,eco_sector_x,est_sizeaggregate_total,2021,131.182
arg,sex_f,eco_sector_x,est_sizeaggregate_total,2022,148.725
arg,sex_f,eco_sector_x,est_sizeaggregate_total,2023,127.85
arg,sex_f,eco_sector_x,est_sizeaggregate_total,2024,99.225
arg,sex_f,eco_sector_x,est_sizeaggregate_x,2004,4.34
arg,sex_f,eco_sector_x,est_sizeaggregate_x,2005,5.97
arg,sex_f,eco_sector_x,est_sizeaggregate_x,2006,3.932
arg,sex_f,eco_sector_x,est_sizeaggregate_x,2008,10.151
arg,sex_f,eco_sector_x,est_sizeaggregate_x,2009,5.904
arg,sex_f,eco_sector_x,est_sizeaggregate_x,2010,6.178
arg,sex_f,eco_sector_x,est_sizeaggregate_x,2011,25.756
arg,sex_f,eco_sector_x,est_sizeaggregate_x,2012,26.547
arg,sex_f,eco_sector_x,est_sizeaggregate_x,2013,37.843
arg,sex_f,eco_sector_x,est_sizeaggregate_x,2014,39.465
arg,sex_f,eco_sector_x,est_sizeaggregate_x,2017,31.625
arg,sex_f,eco_sector_x,est_sizeaggregate_x,2018,34.793
arg,sex_f,eco_sector_x,est_sizeaggregate_x,2019,25.173
arg,sex_f,eco_sector_x,est_sizeaggregate_x,2020,22.553
arg,sex_f,eco_sector_x,est_sizeaggregate_x,2021,44.306
arg,sex_f,eco_sector_x,est_sizeaggregate_x,2022,56.115
arg,sex_f,eco_sector_x,est_sizeaggregate_x,2023,41.632
arg,sex_f,eco_sector_x,est_sizeaggregate_x,2024,39.843
arg,sex_m,eco_aggregate_agr,est_sizeaggregate_s1_4,2004,23.697
arg,sex_m,eco_aggregate_agr,est_sizeaggregate_s1_4,2005,16.741
arg,sex_m,eco_aggregate_agr,est_sizeaggregate_s1_4,2006,13.07
arg,sex_m,eco_aggregate_agr,est_sizeaggregate_s1_4,2008,15.752
arg,sex_m,eco_aggregate_agr,est_sizeaggregate_s1_4,2009,16.621
arg,sex_m,eco_aggregate_agr,est_sizeaggregate_s1_4,2010,18.551
arg,sex_m,eco_aggregate_agr,est_sizeaggregate_s1_4,2011,11.912
arg,sex_m,eco_aggregate_agr,est_sizeaggregate_s1_4,2012,11.902
arg,sex_m,eco_aggregate_agr,est_sizeaggregate_s1_4,2013,12.204
arg,sex_m,eco_aggregate_agr,est_sizeaggregate_s1_4,2014,13.566
arg,sex_m,eco_aggregate_agr,est_sizeaggregate_s1_4,2017,7.088
arg,sex_m,eco_aggregate_agr,est_sizeaggregate_s1_4,2018,8.783
arg,sex_m,eco_aggregate_agr,est_sizeaggregate_s1_4,2019,7.278
arg,sex_m,eco_aggregate_agr,est_sizeaggregate_s1_4,2020,5.267
arg,sex_m,eco_aggregate_agr,est_sizeaggregate_s1_4,2021,6.421
arg,sex_m,eco_aggregate_agr,est_sizeaggregate_s1_4,2022,10.069
arg,sex_m,eco_aggregate_agr,est_sizeaggregate_s1_4,2023,6.316
arg,sex_m,eco_aggregate_agr,est_sizeaggregate_s1_4,2024,8.089
arg,sex_m,eco_aggregate_agr,est_sizeaggregate_s5_49,2004,24.175
arg,sex_m,eco_aggregate_agr,est_sizeaggregate_s5_49,2005,19.695
arg,sex_m,eco_aggregate_agr,est_sizeaggregate_s5_49,2006,20.08
arg,sex_m,eco_aggregate_agr,est_sizeaggregate_s5_49,2008,18.291
arg,sex_m,eco_aggregate_agr,est_sizeaggregate_s5_49,2009,16.076
arg,sex_m,eco_aggregate_agr,est_sizeaggregate_s5_49,2010,14.031
arg,sex_m,eco_aggregate_agr,est_sizeaggregate_s5_49,2011,14.084
arg,sex_m,eco_aggregate_agr,est_sizeaggregate_s5_49,2012,11.194
arg,sex_m,eco_aggregate_agr,est_sizeaggregate_s5_49,2013,13.67
arg,sex_m,eco_aggregate_agr,est_sizeaggregate_s5_49,2014,17.86
arg,sex_m,eco_aggregate_agr,est_sizeaggregate_s5_49,2017,13.102
arg,sex_m,eco_aggregate_agr,est_sizeaggregate_s5_49,2018,11.126
arg,sex_m,eco_aggregate_agr,est_sizeaggregate_s5_49,2019,15.94
arg,sex_m,eco_aggregate_agr,est_sizeaggregate_s5_49,2020,12.859
arg,sex_m,eco_aggregate_agr,est_sizeaggregate_s5_49,2021,16.258
arg,sex_m,eco_aggregate_agr,est_sizeaggregate_s5_49,2022,17.82
arg,sex_m,eco_aggregate_agr,est_sizeaggregate_s5_49,2023,18.77
arg,sex_m,eco_aggregate_agr,est_sizeaggregate_s5_49,2024,19.629
arg,sex_m,eco_aggregate_agr,est_sizeaggregate_sge50,2004,7.411
arg,sex_m,eco_aggregate_agr,est_sizeaggregate_sge50,2005,7.634
arg,sex_m,eco_aggregate_agr,est_sizeaggregate_sge50,2006,7.286
arg,sex_m,eco_aggregate_agr,est_sizeaggregate_sge50,2008,6.006
arg,sex_m,eco_aggregate_agr,est_sizeaggregate_sge50,2009,6.406
arg,sex_m,eco_aggregate_agr,est_sizeaggregate_sge50,2010,7.534
arg,sex_m,eco_aggregate_agr,est_sizeaggregate_sge50,2011,5.404
arg,sex_m,eco_aggregate_agr,est_sizeaggregate_sge50,2012,4.451
arg,sex_m,eco_aggregate_agr,est_sizeaggregate_sge50,2013,5.505
arg,sex_m,eco_aggregate_agr,est_sizeaggregate_sge50,2014,3.444
arg,sex_m,eco_aggregate_agr,est_sizeaggregate_sge50,2017,5.272
arg,sex_m,eco_aggregate_agr,est_sizeaggregate_sge50,2018,5.421
arg,sex_m,eco_aggregate_agr,est_sizeaggregate_sge50,2019,6.173
arg,sex_m,eco_aggregate_agr,est_sizeaggregate_sge50,2020,3.624
arg,sex_m,eco_aggregate_agr,est_sizeaggregate_sge50,2021,4.089
arg,sex_m,eco_aggregate_agr,est_sizeaggregate_sge50,2022,7.708
arg,sex_m,eco_aggregate_agr,est_sizeaggregate_sge50,2023,7.252
arg,sex_m,eco_aggregate_agr,est_sizeaggregate_sge50,2024,10.189
arg,sex_m,eco_aggregate_agr,est_sizeaggregate_total,2004,66.132
arg,sex_m,eco_aggregate_agr,est_sizeaggregate_total,2005,55.252
arg,sex_m,eco_aggregate_agr,est_sizeaggregate_total,2006,49.261
arg,sex_m,eco_aggregate_agr,est_sizeaggregate_total,2008,49.58
arg,sex_m,eco_aggregate_agr,est_sizeaggregate_total,2009,52.222
arg,sex_m,eco_aggregate_agr,est_sizeaggregate_total,2010,48.705
arg,sex_m,eco_aggregate_agr,est_sizeaggregate_total,2011,37.676
arg,sex_m,eco_aggregate_agr,est_sizeaggregate_total,2012,36.014
arg,sex_m,eco_aggregate_agr,est_sizeaggregate_total,2013,40.682
arg,sex_m,eco_aggregate_agr,est_sizeaggregate_total,2014,41.19
arg,sex_m,eco_aggregate_agr,est_sizeaggregate_total,2017,34.827
arg,sex_m,eco_aggregate_agr,est_sizeaggregate_total,2018,31.566
arg,sex_m,eco_aggregate_agr,est_sizeaggregate_total,2019,35.64
arg,sex_m,eco_aggregate_agr,est_sizeaggregate_total,2020,27.937
arg,sex_m,eco_aggregate_agr,est_sizeaggregate_total,2021,35.409
arg,sex_m,eco_aggregate_agr,est_sizeaggregate_total,2022,45.151
arg,sex_m,eco_aggregate_agr,est_sizeaggregate_total,2023,42.942
arg,sex_m,eco_aggregate_agr,est_sizeaggregate_total,2024,46.304
arg,sex_m,eco_aggregate_agr,est_sizeaggregate_x,2004,10.848
arg,sex_m,eco_aggregate_agr,est_sizeaggregate_x,2005,11.183
arg,sex_m,eco_aggregate_agr,est_sizeaggregate_x,2006,8.826
arg,sex_m,eco_aggregate_agr,est_sizeaggregate_x,2008,9.53
arg,sex_m,eco_aggregate_agr,est_sizeaggregate_x,2009,13.118
arg,sex_m,eco_aggregate_agr,est_sizeaggregate_x,2010,8.589
arg,sex_m,eco_aggregate_agr,est_sizeaggregate_x,2011,6.275
arg,sex_m,eco_aggregate_agr,est_sizeaggregate_x,2012,8.468
arg,sex_m,eco_aggregate_agr,est_sizeaggregate_x,2013,9.303
arg,sex_m,eco_aggregate_agr,est_sizeaggregate_x,2014,6.32
arg,sex_m,eco_aggregate_agr,est_sizeaggregate_x,2017,9.365
arg,sex_m,eco_aggregate_agr,est_sizeaggregate_x,2018,6.237
arg,sex_m,eco_aggregate_agr,est_sizeaggregate_x,2019,6.25
arg,sex_m,eco_aggregate_agr,est_sizeaggregate_x,2020,6.187
arg,sex_m,eco_aggregate_agr,est_sizeaggregate_x,2021,8.642
arg,sex_m,eco_aggregate_agr,est_sizeaggregate_x,2022,9.554
arg,sex_m,eco_aggregate_agr,est_sizeaggregate_x,2023,10.605
arg,sex_m,eco_aggregate_agr,est_sizeaggregate_x,2024,8.396
arg,sex_m,eco_aggregate_con,est_sizeaggregate_s1_4,2004,198.859
arg,sex_m,eco_aggregate_con,est_sizeaggregate_s1_4,2005,207.315
arg,sex_m,eco_aggregate_con,est_sizeaggregate_s1_4,2006,212.948
arg,sex_m,eco_aggregate_con,est_sizeaggregate_s1_4,2008,217.718
arg,sex_m,eco_aggregate_con,est_sizeaggregate_s1_4,2009,220.437
arg,sex_m,eco_aggregate_con,est_sizeaggregate_s1_4,2010,227.361
arg,sex_m,eco_aggregate_con,est_sizeaggregate_s1_4,2011,235.459
arg,sex_m,eco_aggregate_con,est_sizeaggregate_s1_4,2012,241.345
arg,sex_m,eco_aggregate_con,est_sizeaggregate_s1_4,2013,253.489
arg,sex_m,eco_aggregate_con,est_sizeaggregate_s1_4,2014,263.834
arg,sex_m,eco_aggregate_con,est_sizeaggregate_s1_4,2017,252.948
arg,sex_m,eco_aggregate_con,est_sizeaggregate_s1_4,2018,261.012
arg,sex_m,eco_aggregate_con,est_sizeaggregate_s1_4,2019,273.849
arg,sex_m,eco_aggregate_con,est_sizeaggregate_s1_4,2020,240.22
arg,sex_m,eco_aggregate_con,est_sizeaggregate_s1_4,2021,273.399
arg,sex_m,eco_aggregate_con,est_sizeaggregate_s1_4,2022,281.166
arg,sex_m,eco_aggregate_con,est_sizeaggregate_s1_4,2023,282.301
arg,sex_m,eco_aggregate_con,est_sizeaggregate_s1_4,2024,284.929
arg,sex_m,eco_aggregate_con,est_sizeaggregate_s5_49,2004,81.215
arg,sex_m,eco_aggregate_con,est_sizeaggregate_s5_49,2005,92.135
arg,sex_m,eco_aggregate_con,est_sizeaggregate_s5_49,2006,127.369
arg,sex_m,eco_aggregate_con,est_sizeaggregate_s5_49,2008,134.71
arg,sex_m,eco_aggregate_con,est_sizeaggregate_s5_49,2009,126.77
arg,sex_m,eco_aggregate_con,est_sizeaggregate_s5_49,2010,133.371
arg,sex_m,eco_aggregate_con,est_sizeaggregate_s5_49,2011,138.871
arg,sex_m,eco_aggregate_con,est_sizeaggregate_s5_49,2012,125.984
arg,sex_m,eco_aggregate_con,est_sizeaggregate_s5_49,2013,136.87
arg,sex_m,eco_aggregate_con,est_sizeaggregate_s5_49,2014,124.795
arg,sex_m,eco_aggregate_con,est_sizeaggregate_s5_49,2017,136.213
arg,sex_m,eco_aggregate_con,est_sizeaggregate_s5_49,2018,144.373
arg,sex_m,eco_aggregate_con,est_sizeaggregate_s5_49,2019,132.176
arg,sex_m,eco_aggregate_con,est_sizeaggregate_s5_49,2020,112.133
arg,sex_m,eco_aggregate_con,est_sizeaggregate_s5_49,2021,113.153
arg,sex_m,eco_aggregate_con,est_sizeaggregate_s5_49,2022,137.472
arg,sex_m,eco_aggregate_con,est_sizeaggregate_s5_49,2023,157.559
arg,sex_m,eco_aggregate_con,est_sizeaggregate_s5_49,2024,145.579
arg,sex_m,eco_aggregate_con,est_sizeaggregate_sge50,2004,31.026
arg,sex_m,eco_aggregate_con,est_sizeaggregate_sge50,2005,40.147
arg,sex_m,eco_aggregate_con,est_sizeaggregate_sge50,2006,51.145
arg,sex_m,eco_aggregate_con,est_sizeaggregate_sge50,2008,62.294
arg,sex_m,eco_aggregate_con,est_sizeaggregate_sge50,2009,59.723
arg,sex_m,eco_aggregate_con,est_sizeaggregate_sge50,2010,53.977
arg,sex_m,eco_aggregate_con,est_sizeaggregate_sge50,2011,58.493
arg,sex_m,eco_aggregate_con,est_sizeaggregate_sge50,2012,60.583
arg,sex_m,eco_aggregate_con,est_sizeaggregate_sge50,2013,51.684
arg,sex_m,eco_aggregate_con,est_sizeaggregate_sge50,2014,50.126
arg,sex_m,eco_aggregate_con,est_sizeaggregate_sge50,2017,62.993
arg,sex_m,eco_aggregate_con,est_sizeaggregate_sge50,2018,64.482
arg,sex_m,eco_aggregate_con,est_sizeaggregate_sge50,2019,55.154
arg,sex_m,eco_aggregate_con,est_sizeaggregate_sge50,2020,39.676
arg,sex_m,eco_aggregate_con,est_sizeaggregate_sge50,2021,46.629
arg,sex_m,eco_aggregate_con,est_sizeaggregate_sge50,2022,48.49
arg,sex_m,eco_aggregate_con,est_sizeaggregate_sge50,2023,57.344
arg,sex_m,eco_aggregate_con,est_sizeaggregate_sge50,2024,55.14
arg,sex_m,eco_aggregate_con,est_sizeaggregate_total,2004,375.049
arg,sex_m,eco_aggregate_con,est_sizeaggregate_total,2005,422.263
arg,sex_m,eco_aggregate_con,est_sizeaggregate_total,2006,495.412
arg,sex_m,eco_aggregate_con,est_sizeaggregate_total,2008,526.572
arg,sex_m,eco_aggregate_con,est_sizeaggregate_total,2009,518.103
arg,sex_m,eco_aggregate_con,est_sizeaggregate_total,2010,512.666
arg,sex_m,eco_aggregate_con,est_sizeaggregate_total,2011,541.889
arg,sex_m,eco_aggregate_con,est_sizeaggregate_total,2012,550.783
arg,sex_m,eco_aggregate_con,est_sizeaggregate_total,2013,544.434
arg,sex_m,eco_aggregate_con,est_sizeaggregate_total,2014,552.461
arg,sex_m,eco_aggregate_con,est_sizeaggregate_total,2017,572.15
arg,sex_m,eco_aggregate_con,est_sizeaggregate_total,2018,591.503
arg,sex_m,eco_aggregate_con,est_sizeaggregate_total,2019,599.165
arg,sex_m,eco_aggregate_con,est_sizeaggregate_total,2020,495.192
arg,sex_m,eco_aggregate_con,est_sizeaggregate_total,2021,537.53
arg,sex_m,eco_aggregate_con,est_sizeaggregate_total,2022,638.695
arg,sex_m,eco_aggregate_con,est_sizeaggregate_total,2023,665.464
arg,sex_m,eco_aggregate_con,est_sizeaggregate_total,2024,606.625
arg,sex_m,eco_aggregate_con,est_sizeaggregate_x,2004,63.949
arg,sex_m,eco_aggregate_con,est_sizeaggregate_x,2005,82.666
arg,sex_m,eco_aggregate_con,est_sizeaggregate_x,2006,103.95
arg,sex_m,eco_aggregate_con,est_sizeaggregate_x,2008,111.849
arg,sex_m,eco_aggregate_con,est_sizeaggregate_x,2009,111.174
arg,sex_m,eco_aggregate_con,est_sizeaggregate_x,2010,97.957
arg,sex_m,eco_aggregate_con,est_sizeaggregate_x,2011,109.065
arg,sex_m,eco_aggregate_con,est_sizeaggregate_x,2012,122.871
arg,sex_m,eco_aggregate_con,est_sizeaggregate_x,2013,102.391
arg,sex_m,eco_aggregate_con,est_sizeaggregate_x,2014,113.706
arg,sex_m,eco_aggregate_con,est_sizeaggregate_x,2017,119.996
arg,sex_m,eco_aggregate_con,est_sizeaggregate_x,2018,121.636
arg,sex_m,eco_aggregate_con,est_sizeaggregate_x,2019,137.986
arg,sex_m,eco_aggregate_con,est_sizeaggregate_x,2020,103.164
arg,sex_m,eco_aggregate_con,est_sizeaggregate_x,2021,104.349
arg,sex_m,eco_aggregate_con,est_sizeaggregate_x,2022,171.567
arg,sex_m,eco_aggregate_con,est_sizeaggregate_x,2023,168.261
arg,sex_m,eco_aggregate_con,est_sizeaggregate_x,2024,120.976
arg,sex_m,eco_aggregate_man,est_sizeaggregate_s1_4,2004,132.475
arg,sex_m,eco_aggregate_man,est_sizeaggregate_s1_4,2005,121.928
arg,sex_m,eco_aggregate_man,est_sizeaggregate_s1_4,2006,124.962
arg,sex_m,eco_aggregate_man,est_sizeaggregate_s1_4,2008,118.019
arg,sex_m,eco_aggregate_man,est_sizeaggregate_s1_4,2009,128.119
arg,sex_m,eco_aggregate_man,est_sizeaggregate_s1_4,2010,130.63
arg,sex_m,eco_aggregate_man,est_sizeaggregate_s1_4,2011,109.867
arg,sex_m,eco_aggregate_man,est_sizeaggregate_s1_4,2012,129.041
arg,sex_m,eco_aggregate_man,est_sizeaggregate_s1_4,2013,138.668
arg,sex_m,eco_aggregate_man,est_sizeaggregate_s1_4,2014,137.288
arg,sex_m,eco_aggregate_man,est_sizeaggregate_s1_4,2017,123.433
arg,sex_m,eco_aggregate_man,est_sizeaggregate_s1_4,2018,118.684
arg,sex_m,eco_aggregate_man,est_sizeaggregate_s1_4,2019,112.147
arg,sex_m,eco_aggregate_man,est_sizeaggregate_s1_4,2020,107.986
arg,sex_m,eco_aggregate_man,est_sizeaggregate_s1_4,2021,98.113
arg,sex_m,eco_aggregate_man,est_sizeaggregate_s1_4,2022,119.895
arg,sex_m,eco_aggregate_man,est_sizeaggregate_s1_4,2023,110.927
arg,sex_m,eco_aggregate_man,est_sizeaggregate_s1_4,2024,98.835
arg,sex_m,eco_aggregate_man,est_sizeaggregate_s5_49,2004,236.482
arg,sex_m,eco_aggregate_man,est_sizeaggregate_s5_49,2005,249.937
arg,sex_m,eco_aggregate_man,est_sizeaggregate_s5_49,2006,255.169
arg,sex_m,eco_aggregate_man,est_sizeaggregate_s5_49,2008,256.934
arg,sex_m,eco_aggregate_man,est_sizeaggregate_s5_49,2009,242.784
arg,sex_m,eco_aggregate_man,est_sizeaggregate_s5_49,2010,257.001
arg,sex_m,eco_aggregate_man,est_sizeaggregate_s5_49,2011,267.39
arg,sex_m,eco_aggregate_man,est_sizeaggregate_s5_49,2012,248.87
arg,sex_m,eco_aggregate_man,est_sizeaggregate_s5_49,2013,233.222
arg,sex_m,eco_aggregate_man,est_sizeaggregate_s5_49,2014,219.871
arg,sex_m,eco_aggregate_man,est_sizeaggregate_s5_49,2017,210.437
arg,sex_m,eco_aggregate_man,est_sizeaggregate_s5_49,2018,193.382
arg,sex_m,eco_aggregate_man,est_sizeaggregate_s5_49,2019,198.018
arg,sex_m,eco_aggregate_man,est_sizeaggregate_s5_49,2020,161.265
arg,sex_m,eco_aggregate_man,est_sizeaggregate_s5_49,2021,200.891
arg,sex_m,eco_aggregate_man,est_sizeaggregate_s5_49,2022,194.038
arg,sex_m,eco_aggregate_man,est_sizeaggregate_s5_49,2023,221.065
arg,sex_m,eco_aggregate_man,est_sizeaggregate_s5_49,2024,214.146
arg,sex_m,eco_aggregate_man,est_sizeaggregate_sge50,2004,202.736
arg,sex_m,eco_aggregate_man,est_sizeaggregate_sge50,2005,224.9
arg,sex_m,eco_aggregate_man,est_sizeaggregate_sge50,2006,253.859
arg,sex_m,eco_aggregate_man,est_sizeaggregate_sge50,2008,256.417
arg,sex_m,eco_aggregate_man,est_sizeaggregate_sge50,2009,260.152
arg,sex_m,eco_aggregate_man,est_sizeaggregate_sge50,2010,272.127
arg,sex_m,eco_aggregate_man,est_sizeaggregate_sge50,2011,262.232
arg,sex_m,eco_aggregate_man,est_sizeaggregate_sge50,2012,250.813
arg,sex_m,eco_aggregate_man,est_sizeaggregate_sge50,2013,262.688
arg,sex_m,eco_aggregate_man,est_sizeaggregate_sge50,2014,300.723
arg,sex_m,eco_aggregate_man,est_sizeaggregate_sge50,2017,251.22
arg,sex_m,eco_aggregate_man,est_sizeaggregate_sge50,2018,238.179
arg,sex_m,eco_aggregate_man,est_sizeaggregate_sge50,2019,250.073
arg,sex_m,eco_aggregate_man,est_sizeaggregate_sge50,2020,243.225
arg,sex_m,eco_aggregate_man,est_sizeaggregate_sge50,2021,266.97
arg,sex_m,eco_aggregate_man,est_sizeaggregate_sge50,2022,243.818
arg,sex_m,eco_aggregate_man,est_sizeaggregate_sge50,2023,266.399
arg,sex_m,eco_aggregate_man,est_sizeaggregate_sge50,2024,264.482
arg,sex_m,eco_aggregate_man,est_sizeaggregate_total,2004,725.743
arg,sex_m,eco_aggregate_man,est_sizeaggregate_total,2005,774.005
arg,sex_m,eco_aggregate_man,est_sizeaggregate_total,2006,812.436
arg,sex_m,eco_aggregate_man,est_sizeaggregate_total,2008,846.022
arg,sex_m,eco_aggregate_man,est_sizeaggregate_total,2009,818.454
arg,sex_m,eco_aggregate_man,est_sizeaggregate_total,2010,867.199
arg,sex_m,eco_aggregate_man,est_sizeaggregate_total,2011,840.826
arg,sex_m,eco_aggregate_man,est_sizeaggregate_total,2012,841.33
arg,sex_m,eco_aggregate_man,est_sizeaggregate_total,2013,867.729
arg,sex_m,eco_aggregate_man,est_sizeaggregate_total,2014,901.479
arg,sex_m,eco_aggregate_man,est_sizeaggregate_total,2017,779.848
arg,sex_m,eco_aggregate_man,est_sizeaggregate_total,2018,736.086
arg,sex_m,eco_aggregate_man,est_sizeaggregate_total,2019,748.485
arg,sex_m,eco_aggregate_man,est_sizeaggregate_total,2020,690.852
arg,sex_m,eco_aggregate_man,est_sizeaggregate_total,2021,775.585
arg,sex_m,eco_aggregate_man,est_sizeaggregate_total,2022,773.118
arg,sex_m,eco_aggregate_man,est_sizeaggregate_total,2023,822.398
arg,sex_m,eco_aggregate_man,est_sizeaggregate_total,2024,759.856
arg,sex_m,eco_aggregate_man,est_sizeaggregate_x,2004,154.05
arg,sex_m,eco_aggregate_man,est_sizeaggregate_x,2005,177.239
arg,sex_m,eco_aggregate_man,est_sizeaggregate_x,2006,178.446
arg,sex_m,eco_aggregate_man,est_sizeaggregate_x,2008,214.651
arg,sex_m,eco_aggregate_man,est_sizeaggregate_x,2009,187.4
arg,sex_m,eco_aggregate_man,est_sizeaggregate_x,2010,207.44
arg,sex_m,eco_aggregate_man,est_sizeaggregate_x,2011,201.337
arg,sex_m,eco_aggregate_man,est_sizeaggregate_x,2012,212.606
arg,sex_m,eco_aggregate_man,est_sizeaggregate_x,2013,233.151
arg,sex_m,eco_aggregate_man,est_sizeaggregate_x,2014,243.597
arg,sex_m,eco_aggregate_man,est_sizeaggregate_x,2017,194.758
arg,sex_m,eco_aggregate_man,est_sizeaggregate_x,2018,185.84
arg,sex_m,eco_aggregate_man,est_sizeaggregate_x,2019,188.246
arg,sex_m,eco_aggregate_man,est_sizeaggregate_x,2020,178.376
arg,sex_m,eco_aggregate_man,est_sizeaggregate_x,2021,209.611
arg,sex_m,eco_aggregate_man,est_sizeaggregate_x,2022,215.367
arg,sex_m,eco_aggregate_man,est_sizeaggregate_x,2023,224.006
arg,sex_m,eco_aggregate_man,est_sizeaggregate_x,2024,182.393
arg,sex_m,eco_aggregate_mel,est_sizeaggregate_s1_4,2004,1.978
arg,sex_m,eco_aggregate_mel,est_sizeaggregate_s1_4,2005,3.092
arg,sex_m,eco_aggregate_mel,est_sizeaggregate_s1_4,2006,1.284
arg,sex_m,eco_aggregate_mel,est_sizeaggregate_s1_4,2008,3.192
arg,sex_m,eco_aggregate_mel,est_sizeaggregate_s1_4,2009,2.095
arg,sex_m,eco_aggregate_mel,est_sizeaggregate_s1_4,2010,2.463
arg,sex_m,eco_aggregate_mel,est_sizeaggregate_s1_4,2011,5.672
arg,sex_m,eco_aggregate_mel,est_sizeaggregate_s1_4,2012,5.446
arg,sex_m,eco_aggregate_mel,est_sizeaggregate_s1_4,2013,7.644
arg,sex_m,eco_aggregate_mel,est_sizeaggregate_s1_4,2014,8.217
arg,sex_m,eco_aggregate_mel,est_sizeaggregate_s1_4,2017,4.919
arg,sex_m,eco_aggregate_mel,est_sizeaggregate_s1_4,2018,5.69
arg,sex_m,eco_aggregate_mel,est_sizeaggregate_s1_4,2019,7.603
arg,sex_m,eco_aggregate_mel,est_sizeaggregate_s1_4,2020,6.237
arg,sex_m,eco_aggregate_mel,est_sizeaggregate_s1_4,2021,10.299
arg,sex_m,eco_aggregate_mel,est_sizeaggregate_s1_4,2022,4.736
arg,sex_m,eco_aggregate_mel,est_sizeaggregate_s1_4,2023,9.024
arg,sex_m,eco_aggregate_mel,est_sizeaggregate_s1_4,2024,4.271
arg,sex_m,eco_aggregate_mel,est_sizeaggregate_s5_49,2004,8.477
arg,sex_m,eco_aggregate_mel,est_sizeaggregate_s5_49,2005,9.866
arg,sex_m,eco_aggregate_mel,est_sizeaggregate_s5_49,2006,8.641
arg,sex_m,eco_aggregate_mel,est_sizeaggregate_s5_49,2008,11
arg,sex_m,eco_aggregate_mel,est_sizeaggregate_s5_49,2009,9.906
arg,sex_m,eco_aggregate_mel,est_sizeaggregate_s5_49,2010,13.082
arg,sex_m,eco_aggregate_mel,est_sizeaggregate_s5_49,2011,19.439
arg,sex_m,eco_aggregate_mel,est_sizeaggregate_s5_49,2012,15.545
arg,sex_m,eco_aggregate_mel,est_sizeaggregate_s5_49,2013,18.747
arg,sex_m,eco_aggregate_mel,est_sizeaggregate_s5_49,2014,16.087
arg,sex_m,eco_aggregate_mel,est_sizeaggregate_s5_49,2017,13.384
arg,sex_m,eco_aggregate_mel,est_sizeaggregate_s5_49,2018,18.585
arg,sex_m,eco_aggregate_mel,est_sizeaggregate_s5_49,2019,16.838
arg,sex_m,eco_aggregate_mel,est_sizeaggregate_s5_49,2020,14.972
arg,sex_m,eco_aggregate_mel,est_sizeaggregate_s5_49,2021,17.674
arg,sex_m,eco_aggregate_mel,est_sizeaggregate_s5_49,2022,18.746
arg,sex_m,eco_aggregate_mel,est_sizeaggregate_s5_49,2023,24.529
arg,sex_m,eco_aggregate_mel,est_sizeaggregate_s5_49,2024,25.142
arg,sex_m,eco_aggregate_mel,est_sizeaggregate_sge50,2004,35.817
arg,sex_m,eco_aggregate_mel,est_sizeaggregate_sge50,2005,32.267
arg,sex_m,eco_aggregate_mel,est_sizeaggregate_sge50,2006,42.38
arg,sex_m,eco_aggregate_mel,est_sizeaggregate_sge50,2008,43.302
arg,sex_m,eco_aggregate_mel,est_sizeaggregate_sge50,2009,41.916
arg,sex_m,eco_aggregate_mel,est_sizeaggregate_sge50,2010,44.974
arg,sex_m,eco_aggregate_mel,est_sizeaggregate_sge50,2011,69.938
arg,sex_m,eco_aggregate_mel,est_sizeaggregate_sge50,2012,56.771
arg,sex_m,eco_aggregate_mel,est_sizeaggregate_sge50,2013,60.792
arg,sex_m,eco_aggregate_mel,est_sizeaggregate_sge50,2014,71.097
arg,sex_m,eco_aggregate_mel,est_sizeaggregate_sge50,2017,70.997
arg,sex_m,eco_aggregate_mel,est_sizeaggregate_sge50,2018,67.057
arg,sex_m,eco_aggregate_mel,est_sizeaggregate_sge50,2019,64.224
arg,sex_m,eco_aggregate_mel,est_sizeaggregate_sge50,2020,64.172
arg,sex_m,eco_aggregate_mel,est_sizeaggregate_sge50,2021,80.252
arg,sex_m,eco_aggregate_mel,est_sizeaggregate_sge50,2022,71.743
arg,sex_m,eco_aggregate_mel,est_sizeaggregate_sge50,2023,75.845
arg,sex_m,eco_aggregate_mel,est_sizeaggregate_sge50,2024,91.06
arg,sex_m,eco_aggregate_mel,est_sizeaggregate_total,2004,65.13
arg,sex_m,eco_aggregate_mel,est_sizeaggregate_total,2005,61.458
arg,sex_m,eco_aggregate_mel,est_sizeaggregate_total,2006,67.927
arg,sex_m,eco_aggregate_mel,est_sizeaggregate_total,2008,77.055
arg,sex_m,eco_aggregate_mel,est_sizeaggregate_total,2009,74.539
arg,sex_m,eco_aggregate_mel,est_sizeaggregate_total,2010,80.163
arg,sex_m,eco_aggregate_mel,est_sizeaggregate_total,2011,123.535
arg,sex_m,eco_aggregate_mel,est_sizeaggregate_total,2012,110.157
arg,sex_m,eco_aggregate_mel,est_sizeaggregate_total,2013,125.824
arg,sex_m,eco_aggregate_mel,est_sizeaggregate_total,2014,132.958
arg,sex_m,eco_aggregate_mel,est_sizeaggregate_total,2017,116.655
arg,sex_m,eco_aggregate_mel,est_sizeaggregate_total,2018,121.206
arg,sex_m,eco_aggregate_mel,est_sizeaggregate_total,2019,115.82
arg,sex_m,eco_aggregate_mel,est_sizeaggregate_total,2020,120.33
arg,sex_m,eco_aggregate_mel,est_sizeaggregate_total,2021,149.326
arg,sex_m,eco_aggregate_mel,est_sizeaggregate_total,2022,130.181
arg,sex_m,eco_aggregate_mel,est_sizeaggregate_total,2023,159.145
arg,sex_m,eco_aggregate_mel,est_sizeaggregate_total,2024,156.965
arg,sex_m,eco_aggregate_mel,est_sizeaggregate_x,2004,18.858
arg,sex_m,eco_aggregate_mel,est_sizeaggregate_x,2005,16.233
arg,sex_m,eco_aggregate_mel,est_sizeaggregate_x,2006,15.624
arg,sex_m,eco_aggregate_mel,est_sizeaggregate_x,2008,19.56
arg,sex_m,eco_aggregate_mel,est_sizeaggregate_x,2009,20.622
arg,sex_m,eco_aggregate_mel,est_sizeaggregate_x,2010,19.643
arg,sex_m,eco_aggregate_mel,est_sizeaggregate_x,2011,28.486
arg,sex_m,eco_aggregate_mel,est_sizeaggregate_x,2012,32.395
arg,sex_m,eco_aggregate_mel,est_sizeaggregate_x,2013,38.641
arg,sex_m,eco_aggregate_mel,est_sizeaggregate_x,2014,37.556
arg,sex_m,eco_aggregate_mel,est_sizeaggregate_x,2017,27.355
arg,sex_m,eco_aggregate_mel,est_sizeaggregate_x,2018,29.874
arg,sex_m,eco_aggregate_mel,est_sizeaggregate_x,2019,27.155
arg,sex_m,eco_aggregate_mel,est_sizeaggregate_x,2020,34.949
arg,sex_m,eco_aggregate_mel,est_sizeaggregate_x,2021,41.102
arg,sex_m,eco_aggregate_mel,est_sizeaggregate_x,2022,34.956
arg,sex_m,eco_aggregate_mel,est_sizeaggregate_x,2023,49.748
arg,sex_m,eco_aggregate_mel,est_sizeaggregate_x,2024,36.493
arg,sex_m,eco_aggregate_mkt,est_sizeaggregate_s1_4,2004,512.392
arg,sex_m,eco_aggregate_mkt,est_sizeaggregate_s1_4,2005,505.834
arg,sex_m,eco_aggregate_mkt,est_sizeaggregate_s1_4,2006,489.768
arg,sex_m,eco_aggregate_mkt,est_sizeaggregate_s1_4,2008,484.205
arg,sex_m,eco_aggregate_mkt,est_sizeaggregate_s1_4,2009,503.36
arg,sex_m,eco_aggregate_mkt,est_sizeaggregate_s1_4,2010,488.919
arg,sex_m,eco_aggregate_mkt,est_sizeaggregate_s1_4,2011,492.183
arg,sex_m,eco_aggregate_mkt,est_sizeaggregate_s1_4,2012,495.797
arg,sex_m,eco_aggregate_mkt,est_sizeaggregate_s1_4,2013,487.557
arg,sex_m,eco_aggregate_mkt,est_sizeaggregate_s1_4,2014,448.555
arg,sex_m,eco_aggregate_mkt,est_sizeaggregate_s1_4,2017,463.693
arg,sex_m,eco_aggregate_mkt,est_sizeaggregate_s1_4,2018,485.274
arg,sex_m,eco_aggregate_mkt,est_sizeaggregate_s1_4,2019,500.14
arg,sex_m,eco_aggregate_mkt,est_sizeaggregate_s1_4,2020,418.264
arg,sex_m,eco_aggregate_mkt,est_sizeaggregate_s1_4,2021,447.781
arg,sex_m,eco_aggregate_mkt,est_sizeaggregate_s1_4,2022,494.371
arg,sex_m,eco_aggregate_mkt,est_sizeaggregate_s1_4,2023,525.897
arg,sex_m,eco_aggregate_mkt,est_sizeaggregate_s1_4,2024,554.743
arg,sex_m,eco_aggregate_mkt,est_sizeaggregate_s5_49,2004,452.12
arg,sex_m,eco_aggregate_mkt,est_sizeaggregate_s5_49,2005,472.139
arg,sex_m,eco_aggregate_mkt,est_sizeaggregate_s5_49,2006,519.603
arg,sex_m,eco_aggregate_mkt,est_sizeaggregate_s5_49,2008,553.163
arg,sex_m,eco_aggregate_mkt,est_sizeaggregate_s5_49,2009,548.719
arg,sex_m,eco_aggregate_mkt,est_sizeaggregate_s5_49,2010,575.591
arg,sex_m,eco_aggregate_mkt,est_sizeaggregate_s5_49,2011,602.21
arg,sex_m,eco_aggregate_mkt,est_sizeaggregate_s5_49,2012,560.944
arg,sex_m,eco_aggregate_mkt,est_sizeaggregate_s5_49,2013,516.241
arg,sex_m,eco_aggregate_mkt,est_sizeaggregate_s5_49,2014,518.765
arg,sex_m,eco_aggregate_mkt,est_sizeaggregate_s5_49,2017,600.665
arg,sex_m,eco_aggregate_mkt,est_sizeaggregate_s5_49,2018,579.953
arg,sex_m,eco_aggregate_mkt,est_sizeaggregate_s5_49,2019,558.748
arg,sex_m,eco_aggregate_mkt,est_sizeaggregate_s5_49,2020,474.296
arg,sex_m,eco_aggregate_mkt,est_sizeaggregate_s5_49,2021,551.777
arg,sex_m,eco_aggregate_mkt,est_sizeaggregate_s5_49,2022,538.616
arg,sex_m,eco_aggregate_mkt,est_sizeaggregate_s5_49,2023,609.35
arg,sex_m,eco_aggregate_mkt,est_sizeaggregate_s5_49,2024,633.218
arg,sex_m,eco_aggregate_mkt,est_sizeaggregate_sge50,2004,280.091
arg,sex_m,eco_aggregate_mkt,est_sizeaggregate_sge50,2005,313.693
arg,sex_m,eco_aggregate_mkt,est_sizeaggregate_sge50,2006,342.574
arg,sex_m,eco_aggregate_mkt,est_sizeaggregate_sge50,2008,382.985
arg,sex_m,eco_aggregate_mkt,est_sizeaggregate_sge50,2009,362.313
arg,sex_m,eco_aggregate_mkt,est_sizeaggregate_sge50,2010,396.914
arg,sex_m,eco_aggregate_mkt,est_sizeaggregate_sge50,2011,464.932
arg,sex_m,eco_aggregate_mkt,est_sizeaggregate_sge50,2012,449.311
arg,sex_m,eco_aggregate_mkt,est_sizeaggregate_sge50,2013,463.423
arg,sex_m,eco_aggregate_mkt,est_sizeaggregate_sge50,2014,433.402
arg,sex_m,eco_aggregate_mkt,est_sizeaggregate_sge50,2017,415.064
arg,sex_m,eco_aggregate_mkt,est_sizeaggregate_sge50,2018,441.126
arg,sex_m,eco_aggregate_mkt,est_sizeaggregate_sge50,2019,486.592
arg,sex_m,eco_aggregate_mkt,est_sizeaggregate_sge50,2020,429.144
arg,sex_m,eco_aggregate_mkt,est_sizeaggregate_sge50,2021,504.514
arg,sex_m,eco_aggregate_mkt,est_sizeaggregate_sge50,2022,506.075
arg,sex_m,eco_aggregate_mkt,est_sizeaggregate_sge50,2023,526.525
arg,sex_m,eco_aggregate_mkt,est_sizeaggregate_sge50,2024,587.424
arg,sex_m,eco_aggregate_mkt,est_sizeaggregate_total,2004,1558.561
arg,sex_m,eco_aggregate_mkt,est_sizeaggregate_total,2005,1626.764
arg,sex_m,eco_aggregate_mkt,est_sizeaggregate_total,2006,1697.629
arg,sex_m,eco_aggregate_mkt,est_sizeaggregate_total,2008,1826.734
arg,sex_m,eco_aggregate_mkt,est_sizeaggregate_total,2009,1803.034
arg,sex_m,eco_aggregate_mkt,est_sizeaggregate_total,2010,1877.669
arg,sex_m,eco_aggregate_mkt,est_sizeaggregate_total,2011,1984.161
arg,sex_m,eco_aggregate_mkt,est_sizeaggregate_total,2012,1973.135
arg,sex_m,eco_aggregate_mkt,est_sizeaggregate_total,2013,1907.059
arg,sex_m,eco_aggregate_mkt,est_sizeaggregate_total,2014,1867.401
arg,sex_m,eco_aggregate_mkt,est_sizeaggregate_total,2017,1956.001
arg,sex_m,eco_aggregate_mkt,est_sizeaggregate_total,2018,1984.462
arg,sex_m,eco_aggregate_mkt,est_sizeaggregate_total,2019,2035.185
arg,sex_m,eco_aggregate_mkt,est_sizeaggregate_total,2020,1787.318
arg,sex_m,eco_aggregate_mkt,est_sizeaggregate_total,2021,1999.913
arg,sex_m,eco_aggregate_mkt,est_sizeaggregate_total,2022,2083.802
arg,sex_m,eco_aggregate_mkt,est_sizeaggregate_total,2023,2244.204
arg,sex_m,eco_aggregate_mkt,est_sizeaggregate_total,2024,2377.606
arg,sex_m,eco_aggregate_mkt,est_sizeaggregate_x,2004,313.958
arg,sex_m,eco_aggregate_mkt,est_sizeaggregate_x,2005,335.099
arg,sex_m,eco_aggregate_mkt,est_sizeaggregate_x,2006,345.683
arg,sex_m,eco_aggregate_mkt,est_sizeaggregate_x,2008,406.381
arg,sex_m,eco_aggregate_mkt,est_sizeaggregate_x,2009,388.642
arg,sex_m,eco_aggregate_mkt,est_sizeaggregate_x,2010,416.244
arg,sex_m,eco_aggregate_mkt,est_sizeaggregate_x,2011,424.837
arg,sex_m,eco_aggregate_mkt,est_sizeaggregate_x,2012,467.083
arg,sex_m,eco_aggregate_mkt,est_sizeaggregate_x,2013,439.838
arg,sex_m,eco_aggregate_mkt,est_sizeaggregate_x,2014,466.679
arg,sex_m,eco_aggregate_mkt,est_sizeaggregate_x,2017,476.579
arg,sex_m,eco_aggregate_mkt,est_sizeaggregate_x,2018,478.108
arg,sex_m,eco_aggregate_mkt,est_sizeaggregate_x,2019,489.704
arg,sex_m,eco_aggregate_mkt,est_sizeaggregate_x,2020,465.614
arg,sex_m,eco_aggregate_mkt,est_sizeaggregate_x,2021,495.842
arg,sex_m,eco_aggregate_mkt,est_sizeaggregate_x,2022,544.74
arg,sex_m,eco_aggregate_mkt,est_sizeaggregate_x,2023,582.432
arg,sex_m,eco_aggregate_mkt,est_sizeaggregate_x,2024,602.222
arg,sex_m,eco_aggregate_pub,est_sizeaggregate_s1_4,2004,121.436
arg,sex_m,eco_aggregate_pub,est_sizeaggregate_s1_4,2005,110.282
arg,sex_m,eco_aggregate_pub,est_sizeaggregate_s1_4,2006,99.044
arg,sex_m,eco_aggregate_pub,est_sizeaggregate_s1_4,2008,86.159
arg,sex_m,eco_aggregate_pub,est_sizeaggregate_s1_4,2009,99.784
arg,sex_m,eco_aggregate_pub,est_sizeaggregate_s1_4,2010,102.24
arg,sex_m,eco_aggregate_pub,est_sizeaggregate_s1_4,2011,94.15
arg,sex_m,eco_aggregate_pub,est_sizeaggregate_s1_4,2012,88.152
arg,sex_m,eco_aggregate_pub,est_sizeaggregate_s1_4,2013,84.509
arg,sex_m,eco_aggregate_pub,est_sizeaggregate_s1_4,2014,78.622
arg,sex_m,eco_aggregate_pub,est_sizeaggregate_s1_4,2017,75.721
arg,sex_m,eco_aggregate_pub,est_sizeaggregate_s1_4,2018,92.927
arg,sex_m,eco_aggregate_pub,est_sizeaggregate_s1_4,2019,89.25
arg,sex_m,eco_aggregate_pub,est_sizeaggregate_s1_4,2020,79.344
arg,sex_m,eco_aggregate_pub,est_sizeaggregate_s1_4,2021,79.146
arg,sex_m,eco_aggregate_pub,est_sizeaggregate_s1_4,2022,96.27
arg,sex_m,eco_aggregate_pub,est_sizeaggregate_s1_4,2023,99.225
arg,sex_m,eco_aggregate_pub,est_sizeaggregate_s1_4,2024,92.051
arg,sex_m,eco_aggregate_pub,est_sizeaggregate_s5_49,2004,225.179
arg,sex_m,eco_aggregate_pub,est_sizeaggregate_s5_49,2005,218.55
arg,sex_m,eco_aggregate_pub,est_sizeaggregate_s5_49,2006,227.596
arg,sex_m,eco_aggregate_pub,est_sizeaggregate_s5_49,2008,210.938
arg,sex_m,eco_aggregate_pub,est_sizeaggregate_s5_49,2009,210.22
arg,sex_m,eco_aggregate_pub,est_sizeaggregate_s5_49,2010,223.74
arg,sex_m,eco_aggregate_pub,est_sizeaggregate_s5_49,2011,216.376
arg,sex_m,eco_aggregate_pub,est_sizeaggregate_s5_49,2012,201.371
arg,sex_m,eco_aggregate_pub,est_sizeaggregate_s5_49,2013,217.244
arg,sex_m,eco_aggregate_pub,est_sizeaggregate_s5_49,2014,220.549
arg,sex_m,eco_aggregate_pub,est_sizeaggregate_s5_49,2017,260.404
arg,sex_m,eco_aggregate_pub,est_sizeaggregate_s5_49,2018,241.861
arg,sex_m,eco_aggregate_pub,est_sizeaggregate_s5_49,2019,241.373
arg,sex_m,eco_aggregate_pub,est_sizeaggregate_s5_49,2020,210.969
arg,sex_m,eco_aggregate_pub,est_sizeaggregate_s5_49,2021,233.21
arg,sex_m,eco_aggregate_pub,est_sizeaggregate_s5_49,2022,249.524
arg,sex_m,eco_aggregate_pub,est_sizeaggregate_s5_49,2023,264.954
arg,sex_m,eco_aggregate_pub,est_sizeaggregate_s5_49,2024,269.994
arg,sex_m,eco_aggregate_pub,est_sizeaggregate_sge50,2004,424.307
arg,sex_m,eco_aggregate_pub,est_sizeaggregate_sge50,2005,453.81
arg,sex_m,eco_aggregate_pub,est_sizeaggregate_sge50,2006,474.289
arg,sex_m,eco_aggregate_pub,est_sizeaggregate_sge50,2008,477.187
arg,sex_m,eco_aggregate_pub,est_sizeaggregate_sge50,2009,529.578
arg,sex_m,eco_aggregate_pub,est_sizeaggregate_sge50,2010,524.439
arg,sex_m,eco_aggregate_pub,est_sizeaggregate_sge50,2011,507.397
arg,sex_m,eco_aggregate_pub,est_sizeaggregate_sge50,2012,526.571
arg,sex_m,eco_aggregate_pub,est_sizeaggregate_sge50,2013,535.382
arg,sex_m,eco_aggregate_pub,est_sizeaggregate_sge50,2014,558.694
arg,sex_m,eco_aggregate_pub,est_sizeaggregate_sge50,2017,564.358
arg,sex_m,eco_aggregate_pub,est_sizeaggregate_sge50,2018,534.508
arg,sex_m,eco_aggregate_pub,est_sizeaggregate_sge50,2019,572.076
arg,sex_m,eco_aggregate_pub,est_sizeaggregate_sge50,2020,599.489
arg,sex_m,eco_aggregate_pub,est_sizeaggregate_sge50,2021,637.076
arg,sex_m,eco_aggregate_pub,est_sizeaggregate_sge50,2022,576.856
arg,sex_m,eco_aggregate_pub,est_sizeaggregate_sge50,2023,593.222
arg,sex_m,eco_aggregate_pub,est_sizeaggregate_sge50,2024,595.463
arg,sex_m,eco_aggregate_pub,est_sizeaggregate_total,2004,1010.366
arg,sex_m,eco_aggregate_pub,est_sizeaggregate_total,2005,1009.384
arg,sex_m,eco_aggregate_pub,est_sizeaggregate_total,2006,1032.224
arg,sex_m,eco_aggregate_pub,est_sizeaggregate_total,2008,1029.642
arg,sex_m,eco_aggregate_pub,est_sizeaggregate_total,2009,1083.197
arg,sex_m,eco_aggregate_pub,est_sizeaggregate_total,2010,1097.68
arg,sex_m,eco_aggregate_pub,est_sizeaggregate_total,2011,1054.873
arg,sex_m,eco_aggregate_pub,est_sizeaggregate_total,2012,1070.165
arg,sex_m,eco_aggregate_pub,est_sizeaggregate_total,2013,1092.164
arg,sex_m,eco_aggregate_pub,est_sizeaggregate_total,2014,1109.882
arg,sex_m,eco_aggregate_pub,est_sizeaggregate_total,2017,1163.214
arg,sex_m,eco_aggregate_pub,est_sizeaggregate_total,2018,1166.894
arg,sex_m,eco_aggregate_pub,est_sizeaggregate_total,2019,1184.866
arg,sex_m,eco_aggregate_pub,est_sizeaggregate_total,2020,1140.285
arg,sex_m,eco_aggregate_pub,est_sizeaggregate_total,2021,1257.445
arg,sex_m,eco_aggregate_pub,est_sizeaggregate_total,2022,1279.328
arg,sex_m,eco_aggregate_pub,est_sizeaggregate_total,2023,1281.468
arg,sex_m,eco_aggregate_pub,est_sizeaggregate_total,2024,1252.966
arg,sex_m,eco_aggregate_pub,est_sizeaggregate_x,2004,239.443
arg,sex_m,eco_aggregate_pub,est_sizeaggregate_x,2005,226.743
arg,sex_m,eco_aggregate_pub,est_sizeaggregate_x,2006,231.293
arg,sex_m,eco_aggregate_pub,est_sizeaggregate_x,2008,255.359
arg,sex_m,eco_aggregate_pub,est_sizeaggregate_x,2009,243.615
arg,sex_m,eco_aggregate_pub,est_sizeaggregate_x,2010,247.26
arg,sex_m,eco_aggregate_pub,est_sizeaggregate_x,2011,236.95
arg,sex_m,eco_aggregate_pub,est_sizeaggregate_x,2012,254.071
arg,sex_m,eco_aggregate_pub,est_sizeaggregate_x,2013,255.029
arg,sex_m,eco_aggregate_pub,est_sizeaggregate_x,2014,252.017
arg,sex_m,eco_aggregate_pub,est_sizeaggregate_x,2017,262.73
arg,sex_m,eco_aggregate_pub,est_sizeaggregate_x,2018,297.598
arg,sex_m,eco_aggregate_pub,est_sizeaggregate_x,2019,282.167
arg,sex_m,eco_aggregate_pub,est_sizeaggregate_x,2020,250.483
arg,sex_m,eco_aggregate_pub,est_sizeaggregate_x,2021,308.014
arg,sex_m,eco_aggregate_pub,est_sizeaggregate_x,2022,356.678
arg,sex_m,eco_aggregate_pub,est_sizeaggregate_x,2023,324.068
arg,sex_m,eco_aggregate_pub,est_sizeaggregate_x,2024,295.457
arg,sex_m,eco_aggregate_total,est_sizeaggregate_s1_4,2004,991.693
arg,sex_m,eco_aggregate_total,est_sizeaggregate_s1_4,2005,966.134
arg,sex_m,eco_aggregate_total,est_sizeaggregate_s1_4,2006,941.537
arg,sex_m,eco_aggregate_total,est_sizeaggregate_s1_4,2008,926.99
arg,sex_m,eco_aggregate_total,est_sizeaggregate_s1_4,2009,971.972
arg,sex_m,eco_aggregate_total,est_sizeaggregate_s1_4,2010,973.193
arg,sex_m,eco_aggregate_total,est_sizeaggregate_s1_4,2011,955.127
arg,sex_m,eco_aggregate_total,est_sizeaggregate_s1_4,2012,982.122
arg,sex_m,eco_aggregate_total,est_sizeaggregate_s1_4,2013,994.058
arg,sex_m,eco_aggregate_total,est_sizeaggregate_s1_4,2014,965.25
arg,sex_m,eco_aggregate_total,est_sizeaggregate_s1_4,2017,940.085
arg,sex_m,eco_aggregate_total,est_sizeaggregate_s1_4,2018,991.157
arg,sex_m,eco_aggregate_total,est_sizeaggregate_s1_4,2019,1003.248
arg,sex_m,eco_aggregate_total,est_sizeaggregate_s1_4,2020,866.96
arg,sex_m,eco_aggregate_total,est_sizeaggregate_s1_4,2021,930.872
arg,sex_m,eco_aggregate_total,est_sizeaggregate_s1_4,2022,1032.633
arg,sex_m,eco_aggregate_total,est_sizeaggregate_s1_4,2023,1047.753
arg,sex_m,eco_aggregate_total,est_sizeaggregate_s1_4,2024,1055.884
arg,sex_m,eco_aggregate_total,est_sizeaggregate_s5_49,2004,1029.068
arg,sex_m,eco_aggregate_total,est_sizeaggregate_s5_49,2005,1063.186
arg,sex_m,eco_aggregate_total,est_sizeaggregate_s5_49,2006,1159.531
arg,sex_m,eco_aggregate_total,est_sizeaggregate_s5_49,2008,1189.95
arg,sex_m,eco_aggregate_total,est_sizeaggregate_s5_49,2009,1161.261
arg,sex_m,eco_aggregate_total,est_sizeaggregate_s5_49,2010,1222.149
arg,sex_m,eco_aggregate_total,est_sizeaggregate_s5_49,2011,1278.194
arg,sex_m,eco_aggregate_total,est_sizeaggregate_s5_49,2012,1189.266
arg,sex_m,eco_aggregate_total,est_sizeaggregate_s5_49,2013,1156.466
arg,sex_m,eco_aggregate_total,est_sizeaggregate_s5_49,2014,1148.206
arg,sex_m,eco_aggregate_total,est_sizeaggregate_s5_49,2017,1272.216
arg,sex_m,eco_aggregate_total,est_sizeaggregate_s5_49,2018,1233.31
arg,sex_m,eco_aggregate_total,est_sizeaggregate_s5_49,2019,1198.354
arg,sex_m,eco_aggregate_total,est_sizeaggregate_s5_49,2020,1015.572
arg,sex_m,eco_aggregate_total,est_sizeaggregate_s5_49,2021,1167.811
arg,sex_m,eco_aggregate_total,est_sizeaggregate_s5_49,2022,1206.856
arg,sex_m,eco_aggregate_total,est_sizeaggregate_s5_49,2023,1327.141
arg,sex_m,eco_aggregate_total,est_sizeaggregate_s5_49,2024,1330.83
arg,sex_m,eco_aggregate_total,est_sizeaggregate_sge50,2004,983.327
arg,sex_m,eco_aggregate_total,est_sizeaggregate_sge50,2005,1073.768
arg,sex_m,eco_aggregate_total,est_sizeaggregate_sge50,2006,1173.374
arg,sex_m,eco_aggregate_total,est_sizeaggregate_sge50,2008,1234.333
arg,sex_m,eco_aggregate_total,est_sizeaggregate_sge50,2009,1264.617
arg,sex_m,eco_aggregate_total,est_sizeaggregate_sge50,2010,1311.748
arg,sex_m,eco_aggregate_total,est_sizeaggregate_sge50,2011,1396.795
arg,sex_m,eco_aggregate_total,est_sizeaggregate_sge50,2012,1382.349
arg,sex_m,eco_aggregate_total,est_sizeaggregate_sge50,2013,1416.553
arg,sex_m,eco_aggregate_total,est_sizeaggregate_sge50,2014,1446.78
arg,sex_m,eco_aggregate_total,est_sizeaggregate_sge50,2017,1410.197
arg,sex_m,eco_aggregate_total,est_sizeaggregate_sge50,2018,1390.348
arg,sex_m,eco_aggregate_total,est_sizeaggregate_sge50,2019,1463.556
arg,sex_m,eco_aggregate_total,est_sizeaggregate_sge50,2020,1418.83
arg,sex_m,eco_aggregate_total,est_sizeaggregate_sge50,2021,1590.568
arg,sex_m,eco_aggregate_total,est_sizeaggregate_sge50,2022,1510.417
arg,sex_m,eco_aggregate_total,est_sizeaggregate_sge50,2023,1572.407
arg,sex_m,eco_aggregate_total,est_sizeaggregate_sge50,2024,1627.643
arg,sex_m,eco_aggregate_total,est_sizeaggregate_total,2004,3812.803
arg,sex_m,eco_aggregate_total,est_sizeaggregate_total,2005,3957.341
arg,sex_m,eco_aggregate_total,est_sizeaggregate_total,2006,4165.676
arg,sex_m,eco_aggregate_total,est_sizeaggregate_total,2008,4387.559
arg,sex_m,eco_aggregate_total,est_sizeaggregate_total,2009,4380.723
arg,sex_m,eco_aggregate_total,est_sizeaggregate_total,2010,4517.822
arg,sex_m,eco_aggregate_total,est_sizeaggregate_total,2011,4668.87
arg,sex_m,eco_aggregate_total,est_sizeaggregate_total,2012,4686.266
arg,sex_m,eco_aggregate_total,est_sizeaggregate_total,2013,4691.883
arg,sex_m,eco_aggregate_total,est_sizeaggregate_total,2014,4726.804
arg,sex_m,eco_aggregate_total,est_sizeaggregate_total,2017,4764.419
arg,sex_m,eco_aggregate_total,est_sizeaggregate_total,2018,4791.785
arg,sex_m,eco_aggregate_total,est_sizeaggregate_total,2019,4835.164
arg,sex_m,eco_aggregate_total,est_sizeaggregate_total,2020,4370.699
arg,sex_m,eco_aggregate_total,est_sizeaggregate_total,2021,4904.775
arg,sex_m,eco_aggregate_total,est_sizeaggregate_total,2022,5145.399
arg,sex_m,eco_aggregate_total,est_sizeaggregate_total,2023,5344.734
arg,sex_m,eco_aggregate_total,est_sizeaggregate_total,2024,5298.428
arg,sex_m,eco_aggregate_total,est_sizeaggregate_x,2004,808.715
arg,sex_m,eco_aggregate_total,est_sizeaggregate_x,2005,854.254
arg,sex_m,eco_aggregate_total,est_sizeaggregate_x,2006,891.232
arg,sex_m,eco_aggregate_total,est_sizeaggregate_x,2008,1036.287
arg,sex_m,eco_aggregate_total,est_sizeaggregate_x,2009,982.873
arg,sex_m,eco_aggregate_total,est_sizeaggregate_x,2010,1010.732
arg,sex_m,eco_aggregate_total,est_sizeaggregate_x,2011,1038.754
arg,sex_m,eco_aggregate_total,est_sizeaggregate_x,2012,1132.528
arg,sex_m,eco_aggregate_total,est_sizeaggregate_x,2013,1124.806
arg,sex_m,eco_aggregate_total,est_sizeaggregate_x,2014,1166.567
arg,sex_m,eco_aggregate_total,est_sizeaggregate_x,2017,1141.922
arg,sex_m,eco_aggregate_total,est_sizeaggregate_x,2018,1176.97
arg,sex_m,eco_aggregate_total,est_sizeaggregate_x,2019,1170.006
arg,sex_m,eco_aggregate_total,est_sizeaggregate_x,2020,1069.337
arg,sex_m,eco_aggregate_total,est_sizeaggregate_x,2021,1215.524
arg,sex_m,eco_aggregate_total,est_sizeaggregate_x,2022,1395.493
arg,sex_m,eco_aggregate_total,est_sizeaggregate_x,2023,1397.432
arg,sex_m,eco_aggregate_total,est_sizeaggregate_x,2024,1284.07
arg,sex_m,eco_aggregate_x,est_sizeaggregate_s1_4,2004,0.855
arg,sex_m,eco_aggregate_x,est_sizeaggregate_s1_4,2008,1.944
arg,sex_m,eco_aggregate_x,est_sizeaggregate_s1_4,2009,1.556
arg,sex_m,eco_aggregate_x,est_sizeaggregate_s1_4,2010,3.028
arg,sex_m,eco_aggregate_x,est_sizeaggregate_s1_4,2011,5.884
arg,sex_m,eco_aggregate_x,est_sizeaggregate_s1_4,2012,10.439
arg,sex_m,eco_aggregate_x,est_sizeaggregate_s1_4,2013,9.986
arg,sex_m,eco_aggregate_x,est_sizeaggregate_s1_4,2014,15.169
arg,sex_m,eco_aggregate_x,est_sizeaggregate_s1_4,2017,12.282
arg,sex_m,eco_aggregate_x,est_sizeaggregate_s1_4,2018,18.787
arg,sex_m,eco_aggregate_x,est_sizeaggregate_s1_4,2019,12.981
arg,sex_m,eco_aggregate_x,est_sizeaggregate_s1_4,2020,9.642
arg,sex_m,eco_aggregate_x,est_sizeaggregate_s1_4,2021,15.714
arg,sex_m,eco_aggregate_x,est_sizeaggregate_s1_4,2022,26.126
arg,sex_m,eco_aggregate_x,est_sizeaggregate_s1_4,2023,14.064
arg,sex_m,eco_aggregate_x,est_sizeaggregate_s1_4,2024,12.965
arg,sex_m,eco_aggregate_x,est_sizeaggregate_s5_49,2004,1.419
arg,sex_m,eco_aggregate_x,est_sizeaggregate_s5_49,2005,0.863
arg,sex_m,eco_aggregate_x,est_sizeaggregate_s5_49,2006,1.073
arg,sex_m,eco_aggregate_x,est_sizeaggregate_s5_49,2008,4.915
arg,sex_m,eco_aggregate_x,est_sizeaggregate_s5_49,2009,6.786
arg,sex_m,eco_aggregate_x,est_sizeaggregate_s5_49,2010,5.331
arg,sex_m,eco_aggregate_x,est_sizeaggregate_s5_49,2011,19.823
arg,sex_m,eco_aggregate_x,est_sizeaggregate_s5_49,2012,25.358
arg,sex_m,eco_aggregate_x,est_sizeaggregate_s5_49,2013,20.472
arg,sex_m,eco_aggregate_x,est_sizeaggregate_s5_49,2014,30.279
arg,sex_m,eco_aggregate_x,est_sizeaggregate_s5_49,2017,38.01
arg,sex_m,eco_aggregate_x,est_sizeaggregate_s5_49,2018,44.031
arg,sex_m,eco_aggregate_x,est_sizeaggregate_s5_49,2019,35.262
arg,sex_m,eco_aggregate_x,est_sizeaggregate_s5_49,2020,29.078
arg,sex_m,eco_aggregate_x,est_sizeaggregate_s5_49,2021,34.847
arg,sex_m,eco_aggregate_x,est_sizeaggregate_s5_49,2022,50.641
arg,sex_m,eco_aggregate_x,est_sizeaggregate_s5_49,2023,30.915
arg,sex_m,eco_aggregate_x,est_sizeaggregate_s5_49,2024,23.123
arg,sex_m,eco_aggregate_x,est_sizeaggregate_sge50,2004,1.94
arg,sex_m,eco_aggregate_x,est_sizeaggregate_sge50,2005,1.319
arg,sex_m,eco_aggregate_x,est_sizeaggregate_sge50,2006,1.842
arg,sex_m,eco_aggregate_x,est_sizeaggregate_sge50,2008,6.141
arg,sex_m,eco_aggregate_x,est_sizeaggregate_sge50,2009,4.53
arg,sex_m,eco_aggregate_x,est_sizeaggregate_sge50,2010,11.783
arg,sex_m,eco_aggregate_x,est_sizeaggregate_sge50,2011,28.398
arg,sex_m,eco_aggregate_x,est_sizeaggregate_sge50,2012,33.85
arg,sex_m,eco_aggregate_x,est_sizeaggregate_sge50,2013,37.08
arg,sex_m,eco_aggregate_x,est_sizeaggregate_sge50,2014,29.294
arg,sex_m,eco_aggregate_x,est_sizeaggregate_sge50,2017,40.293
arg,sex_m,eco_aggregate_x,est_sizeaggregate_sge50,2018,39.575
arg,sex_m,eco_aggregate_x,est_sizeaggregate_sge50,2019,29.264
arg,sex_m,eco_aggregate_x,est_sizeaggregate_sge50,2020,39.499
arg,sex_m,eco_aggregate_x,est_sizeaggregate_sge50,2021,51.039
arg,sex_m,eco_aggregate_x,est_sizeaggregate_sge50,2022,55.726
arg,sex_m,eco_aggregate_x,est_sizeaggregate_sge50,2023,45.821
arg,sex_m,eco_aggregate_x,est_sizeaggregate_sge50,2024,23.886
arg,sex_m,eco_aggregate_x,est_sizeaggregate_total,2004,11.822
arg,sex_m,eco_aggregate_x,est_sizeaggregate_total,2005,8.215
arg,sex_m,eco_aggregate_x,est_sizeaggregate_total,2006,10.786
arg,sex_m,eco_aggregate_x,est_sizeaggregate_total,2008,31.954
arg,sex_m,eco_aggregate_x,est_sizeaggregate_total,2009,31.173
arg,sex_m,eco_aggregate_x,est_sizeaggregate_total,2010,33.74
arg,sex_m,eco_aggregate_x,est_sizeaggregate_total,2011,85.909
arg,sex_m,eco_aggregate_x,est_sizeaggregate_total,2012,104.681
arg,sex_m,eco_aggregate_x,est_sizeaggregate_total,2013,113.991
arg,sex_m,eco_aggregate_x,est_sizeaggregate_total,2014,121.433
arg,sex_m,eco_aggregate_x,est_sizeaggregate_total,2017,141.725
arg,sex_m,eco_aggregate_x,est_sizeaggregate_total,2018,160.069
arg,sex_m,eco_aggregate_x,est_sizeaggregate_total,2019,116.004
arg,sex_m,eco_aggregate_x,est_sizeaggregate_total,2020,108.786
arg,sex_m,eco_aggregate_x,est_sizeaggregate_total,2021,149.566
arg,sex_m,eco_aggregate_x,est_sizeaggregate_total,2022,195.124
arg,sex_m,eco_aggregate_x,est_sizeaggregate_total,2023,129.113
arg,sex_m,eco_aggregate_x,est_sizeaggregate_total,2024,98.106
arg,sex_m,eco_aggregate_x,est_sizeaggregate_x,2004,7.608
arg,sex_m,eco_aggregate_x,est_sizeaggregate_x,2005,5.091
arg,sex_m,eco_aggregate_x,est_sizeaggregate_x,2006,7.41
arg,sex_m,eco_aggregate_x,est_sizeaggregate_x,2008,18.956
arg,sex_m,eco_aggregate_x,est_sizeaggregate_x,2009,18.302
arg,sex_m,eco_aggregate_x,est_sizeaggregate_x,2010,13.598
arg,sex_m,eco_aggregate_x,est_sizeaggregate_x,2011,31.804
arg,sex_m,eco_aggregate_x,est_sizeaggregate_x,2012,35.035
arg,sex_m,eco_aggregate_x,est_sizeaggregate_x,2013,46.453
arg,sex_m,eco_aggregate_x,est_sizeaggregate_x,2014,46.691
arg,sex_m,eco_aggregate_x,est_sizeaggregate_x,2017,51.139
arg,sex_m,eco_aggregate_x,est_sizeaggregate_x,2018,57.676
arg,sex_m,eco_aggregate_x,est_sizeaggregate_x,2019,38.498
arg,sex_m,eco_aggregate_x,est_sizeaggregate_x,2020,30.565
arg,sex_m,eco_aggregate_x,est_sizeaggregate_x,2021,47.966
arg,sex_m,eco_aggregate_x,est_sizeaggregate_x,2022,62.631
arg,sex_m,eco_aggregate_x,est_sizeaggregate_x,2023,38.313
arg,sex_m,eco_aggregate_x,est_sizeaggregate_x,2024,38.132
arg,sex_m,eco_isic3_a,est_sizeaggregate_s1_4,2004,23.099
arg,sex_m,eco_isic3_a,est_sizeaggregate_s1_4,2005,16.49
arg,sex_m,eco_isic3_a,est_sizeaggregate_s1_4,2006,12.745
arg,sex_m,eco_isic3_a,est_sizeaggregate_s1_4,2008,15.134
arg,sex_m,eco_isic3_a,est_sizeaggregate_s1_4,2009,15.86
arg,sex_m,eco_isic3_a,est_sizeaggregate_s1_4,2010,18.203
arg,sex_m,eco_isic3_a,est_sizeaggregate_s5_49,2004,20.209
arg,sex_m,eco_isic3_a,est_sizeaggregate_s5_49,2005,17.923
arg,sex_m,eco_isic3_a,est_sizeaggregate_s5_49,2006,15.664
arg,sex_m,eco_isic3_a,est_sizeaggregate_s5_49,2008,14.825
arg,sex_m,eco_isic3_a,est_sizeaggregate_s5_49,2009,12.576
arg,sex_m,eco_isic3_a,est_sizeaggregate_s5_49,2010,11.82
arg,sex_m,eco_isic3_a,est_sizeaggregate_sge50,2004,5.834
arg,sex_m,eco_isic3_a,est_sizeaggregate_sge50,2005,6.335
arg,sex_m,eco_isic3_a,est_sizeaggregate_sge50,2006,5.375
arg,sex_m,eco_isic3_a,est_sizeaggregate_sge50,2008,5.016
arg,sex_m,eco_isic3_a,est_sizeaggregate_sge50,2009,5.138
arg,sex_m,eco_isic3_a,est_sizeaggregate_sge50,2010,5.012
arg,sex_m,eco_isic3_a,est_sizeaggregate_total,2004,57.699
arg,sex_m,eco_isic3_a,est_sizeaggregate_total,2005,49.563
arg,sex_m,eco_isic3_a,est_sizeaggregate_total,2006,41.032
arg,sex_m,eco_isic3_a,est_sizeaggregate_total,2008,42.724
arg,sex_m,eco_isic3_a,est_sizeaggregate_total,2009,44.693
arg,sex_m,eco_isic3_a,est_sizeaggregate_total,2010,41.403
arg,sex_m,eco_isic3_a,est_sizeaggregate_x,2004,8.556
arg,sex_m,eco_isic3_a,est_sizeaggregate_x,2005,8.816
arg,sex_m,eco_isic3_a,est_sizeaggregate_x,2006,7.247
arg,sex_m,eco_isic3_a,est_sizeaggregate_x,2008,7.75
arg,sex_m,eco_isic3_a,est_sizeaggregate_x,2009,11.119
arg,sex_m,eco_isic3_a,est_sizeaggregate_x,2010,6.367
arg,sex_m,eco_isic3_b,est_sizeaggregate_s1_4,2004,0.598
arg,sex_m,eco_isic3_b,est_sizeaggregate_s1_4,2005,0.251
arg,sex_m,eco_isic3_b,est_sizeaggregate_s1_4,2006,0.325
arg,sex_m,eco_isic3_b,est_sizeaggregate_s1_4,2008,0.618
arg,sex_m,eco_isic3_b,est_sizeaggregate_s1_4,2009,0.762
arg,sex_m,eco_isic3_b,est_sizeaggregate_s1_4,2010,0.348
arg,sex_m,eco_isic3_b,est_sizeaggregate_s5_49,2004,3.966
arg,sex_m,eco_isic3_b,est_sizeaggregate_s5_49,2005,1.773
arg,sex_m,eco_isic3_b,est_sizeaggregate_s5_49,2006,4.416
arg,sex_m,eco_isic3_b,est_sizeaggregate_s5_49,2008,3.466
arg,sex_m,eco_isic3_b,est_sizeaggregate_s5_49,2009,3.5
arg,sex_m,eco_isic3_b,est_sizeaggregate_s5_49,2010,2.211
arg,sex_m,eco_isic3_b,est_sizeaggregate_sge50,2004,1.577
arg,sex_m,eco_isic3_b,est_sizeaggregate_sge50,2005,1.299
arg,sex_m,eco_isic3_b,est_sizeaggregate_sge50,2006,1.91
arg,sex_m,eco_isic3_b,est_sizeaggregate_sge50,2008,0.991
arg,sex_m,eco_isic3_b,est_sizeaggregate_sge50,2009,1.268
arg,sex_m,eco_isic3_b,est_sizeaggregate_sge50,2010,2.522
arg,sex_m,eco_isic3_b,est_sizeaggregate_total,2004,8.433
arg,sex_m,eco_isic3_b,est_sizeaggregate_total,2005,5.69
arg,sex_m,eco_isic3_b,est_sizeaggregate_total,2006,8.23
arg,sex_m,eco_isic3_b,est_sizeaggregate_total,2008,6.855
arg,sex_m,eco_isic3_b,est_sizeaggregate_total,2009,7.529
arg,sex_m,eco_isic3_b,est_sizeaggregate_total,2010,7.303
arg,sex_m,eco_isic3_b,est_sizeaggregate_x,2004,2.292
arg,sex_m,eco_isic3_b,est_sizeaggregate_x,2005,2.367
arg,sex_m,eco_isic3_b,est_sizeaggregate_x,2006,1.578
arg,sex_m,eco_isic3_b,est_sizeaggregate_x,2008,1.78
arg,sex_m,eco_isic3_b,est_sizeaggregate_x,2009,1.999
arg,sex_m,eco_isic3_b,est_sizeaggregate_x,2010,2.222
arg,sex_m,eco_isic3_c,est_sizeaggregate_s1_4,2004,0.754
arg,sex_m,eco_isic3_c,est_sizeaggregate_s1_4,2005,0.655
arg,sex_m,eco_isic3_c,est_sizeaggregate_s1_4,2006,0.455
arg,sex_m,eco_isic3_c,est_sizeaggregate_s1_4,2008,1.497
arg,sex_m,eco_isic3_c,est_sizeaggregate_s1_4,2009,0.962
arg,sex_m,eco_isic3_c,est_sizeaggregate_s1_4,2010,0.552
arg,sex_m,eco_isic3_c,est_sizeaggregate_s5_49,2004,3.339
arg,sex_m,eco_isic3_c,est_sizeaggregate_s5_49,2005,3.434
arg,sex_m,eco_isic3_c,est_sizeaggregate_s5_49,2006,4.17
arg,sex_m,eco_isic3_c,est_sizeaggregate_s5_49,2008,4.213
arg,sex_m,eco_isic3_c,est_sizeaggregate_s5_49,2009,3.854
arg,sex_m,eco_isic3_c,est_sizeaggregate_s5_49,2010,6.121
arg,sex_m,eco_isic3_c,est_sizeaggregate_sge50,2004,15.988
arg,sex_m,eco_isic3_c,est_sizeaggregate_sge50,2005,11.255
arg,sex_m,eco_isic3_c,est_sizeaggregate_sge50,2006,18.418
arg,sex_m,eco_isic3_c,est_sizeaggregate_sge50,2008,17.735
arg,sex_m,eco_isic3_c,est_sizeaggregate_sge50,2009,18.128
arg,sex_m,eco_isic3_c,est_sizeaggregate_sge50,2010,22.188
arg,sex_m,eco_isic3_c,est_sizeaggregate_total,2004,30.273
arg,sex_m,eco_isic3_c,est_sizeaggregate_total,2005,23.477
arg,sex_m,eco_isic3_c,est_sizeaggregate_total,2006,31.209
arg,sex_m,eco_isic3_c,est_sizeaggregate_total,2008,31.788
arg,sex_m,eco_isic3_c,est_sizeaggregate_total,2009,31.741
arg,sex_m,eco_isic3_c,est_sizeaggregate_total,2010,36.139
arg,sex_m,eco_isic3_c,est_sizeaggregate_x,2004,10.192
arg,sex_m,eco_isic3_c,est_sizeaggregate_x,2005,8.132
arg,sex_m,eco_isic3_c,est_sizeaggregate_x,2006,8.167
arg,sex_m,eco_isic3_c,est_sizeaggregate_x,2008,8.344
arg,sex_m,eco_isic3_c,est_sizeaggregate_x,2009,8.797
arg,sex_m,eco_isic3_c,est_sizeaggregate_x,2010,7.279
arg,sex_m,eco_isic3_d,est_sizeaggregate_s1_4,2004,132.475
arg,sex_m,eco_isic3_d,est_sizeaggregate_s1_4,2005,121.928
arg,sex_m,eco_isic3_d,est_sizeaggregate_s1_4,2006,124.962
arg,sex_m,eco_isic3_d,est_sizeaggregate_s1_4,2008,118.019
arg,sex_m,eco_isic3_d,est_sizeaggregate_s1_4,2009,128.119
arg,sex_m,eco_isic3_d,est_sizeaggregate_s1_4,2010,130.63
arg,sex_m,eco_isic3_d,est_sizeaggregate_s5_49,2004,236.482
arg,sex_m,eco_isic3_d,est_sizeaggregate_s5_49,2005,249.937
arg,sex_m,eco_isic3_d,est_sizeaggregate_s5_49,2006,255.169
arg,sex_m,eco_isic3_d,est_sizeaggregate_s5_49,2008,256.934
arg,sex_m,eco_isic3_d,est_sizeaggregate_s5_49,2009,242.784
arg,sex_m,eco_isic3_d,est_sizeaggregate_s5_49,2010,257.001
arg,sex_m,eco_isic3_d,est_sizeaggregate_sge50,2004,202.736
arg,sex_m,eco_isic3_d,est_sizeaggregate_sge50,2005,224.9
arg,sex_m,eco_isic3_d,est_sizeaggregate_sge50,2006,253.859
arg,sex_m,eco_isic3_d,est_sizeaggregate_sge50,2008,256.417
arg,sex_m,eco_isic3_d,est_sizeaggregate_sge50,2009,260.152
arg,sex_m,eco_isic3_d,est_sizeaggregate_sge50,2010,272.127
arg,sex_m,eco_isic3_d,est_sizeaggregate_total,2004,725.743
arg,sex_m,eco_isic3_d,est_sizeaggregate_total,2005,774.005
arg,sex_m,eco_isic3_d,est_sizeaggregate_total,2006,812.436
arg,sex_m,eco_isic3_d,est_sizeaggregate_total,2008,846.022
arg,sex_m,eco_isic3_d,est_sizeaggregate_total,2009,818.454
arg,sex_m,eco_isic3_d,est_sizeaggregate_total,2010,867.199
arg,sex_m,eco_isic3_d,est_sizeaggregate_x,2004,154.05
arg,sex_m,eco_isic3_d,est_sizeaggregate_x,2005,177.239
arg,sex_m,eco_isic3_d,est_sizeaggregate_x,2006,178.446
arg,sex_m,eco_isic3_d,est_sizeaggregate_x,2008,214.651
arg,sex_m,eco_isic3_d,est_sizeaggregate_x,2009,187.4
arg,sex_m,eco_isic3_d,est_sizeaggregate_x,2010,207.44
arg,sex_m,eco_isic3_e,est_sizeaggregate_s1_4,2004,1.224
arg,sex_m,eco_isic3_e,est_sizeaggregate_s1_4,2005,2.437
arg,sex_m,eco_isic3_e,est_sizeaggregate_s1_4,2006,0.829
arg,sex_m,eco_isic3_e,est_sizeaggregate_s1_4,2008,1.696
arg,sex_m,eco_isic3_e,est_sizeaggregate_s1_4,2009,1.134
arg,sex_m,eco_isic3_e,est_sizeaggregate_s1_4,2010,1.912
arg,sex_m,eco_isic3_e,est_sizeaggregate_s5_49,2004,5.138
arg,sex_m,eco_isic3_e,est_sizeaggregate_s5_49,2005,6.432
arg,sex_m,eco_isic3_e,est_sizeaggregate_s5_49,2006,4.471
arg,sex_m,eco_isic3_e,est_sizeaggregate_s5_49,2008,6.787
arg,sex_m,eco_isic3_e,est_sizeaggregate_s5_49,2009,6.052
arg,sex_m,eco_isic3_e,est_sizeaggregate_s5_49,2010,6.962
arg,sex_m,eco_isic3_e,est_sizeaggregate_sge50,2004,19.828
arg,sex_m,eco_isic3_e,est_sizeaggregate_sge50,2005,21.012
arg,sex_m,eco_isic3_e,est_sizeaggregate_sge50,2006,23.962
arg,sex_m,eco_isic3_e,est_sizeaggregate_sge50,2008,25.567
arg,sex_m,eco_isic3_e,est_sizeaggregate_sge50,2009,23.788
arg,sex_m,eco_isic3_e,est_sizeaggregate_sge50,2010,22.787
arg,sex_m,eco_isic3_e,est_sizeaggregate_total,2004,34.857
arg,sex_m,eco_isic3_e,est_sizeaggregate_total,2005,37.981
arg,sex_m,eco_isic3_e,est_sizeaggregate_total,2006,36.718
arg,sex_m,eco_isic3_e,est_sizeaggregate_total,2008,45.266
arg,sex_m,eco_isic3_e,est_sizeaggregate_total,2009,42.798
arg,sex_m,eco_isic3_e,est_sizeaggregate_total,2010,44.025
arg,sex_m,eco_isic3_e,est_sizeaggregate_x,2004,8.666
arg,sex_m,eco_isic3_e,est_sizeaggregate_x,2005,8.1
arg,sex_m,eco_isic3_e,est_sizeaggregate_x,2006,7.457
arg,sex_m,eco_isic3_e,est_sizeaggregate_x,2008,11.216
arg,sex_m,eco_isic3_e,est_sizeaggregate_x,2009,11.825
arg,sex_m,eco_isic3_e,est_sizeaggregate_x,2010,12.364
arg,sex_m,eco_isic3_f,est_sizeaggregate_s1_4,2004,198.859
arg,sex_m,eco_isic3_f,est_sizeaggregate_s1_4,2005,207.315
arg,sex_m,eco_isic3_f,est_sizeaggregate_s1_4,2006,212.948
arg,sex_m,eco_isic3_f,est_sizeaggregate_s1_4,2008,217.718
arg,sex_m,eco_isic3_f,est_sizeaggregate_s1_4,2009,220.437
arg,sex_m,eco_isic3_f,est_sizeaggregate_s1_4,2010,227.361
arg,sex_m,eco_isic3_f,est_sizeaggregate_s5_49,2004,81.215
arg,sex_m,eco_isic3_f,est_sizeaggregate_s5_49,2005,92.135
arg,sex_m,eco_isic3_f,est_sizeaggregate_s5_49,2006,127.369
arg,sex_m,eco_isic3_f,est_sizeaggregate_s5_49,2008,134.71
arg,sex_m,eco_isic3_f,est_sizeaggregate_s5_49,2009,126.77
arg,sex_m,eco_isic3_f,est_sizeaggregate_s5_49,2010,133.371
arg,sex_m,eco_isic3_f,est_sizeaggregate_sge50,2004,31.026
arg,sex_m,eco_isic3_f,est_sizeaggregate_sge50,2005,40.147
arg,sex_m,eco_isic3_f,est_sizeaggregate_sge50,2006,51.145
arg,sex_m,eco_isic3_f,est_sizeaggregate_sge50,2008,62.294
arg,sex_m,eco_isic3_f,est_sizeaggregate_sge50,2009,59.723
arg,sex_m,eco_isic3_f,est_sizeaggregate_sge50,2010,53.977
arg,sex_m,eco_isic3_f,est_sizeaggregate_total,2004,375.049
arg,sex_m,eco_isic3_f,est_sizeaggregate_total,2005,422.263
arg,sex_m,eco_isic3_f,est_sizeaggregate_total,2006,495.412
arg,sex_m,eco_isic3_f,est_sizeaggregate_total,2008,526.572
arg,sex_m,eco_isic3_f,est_sizeaggregate_total,2009,518.103
arg,sex_m,eco_isic3_f,est_sizeaggregate_total,2010,512.666
arg,sex_m,eco_isic3_f,est_sizeaggregate_x,2004,63.949
arg,sex_m,eco_isic3_f,est_sizeaggregate_x,2005,82.666
arg,sex_m,eco_isic3_f,est_sizeaggregate_x,2006,103.95
arg,sex_m,eco_isic3_f,est_sizeaggregate_x,2008,111.849
arg,sex_m,eco_isic3_f,est_sizeaggregate_x,2009,111.174
arg,sex_m,eco_isic3_f,est_sizeaggregate_x,2010,97.957
arg,sex_m,eco_isic3_g,est_sizeaggregate_s1_4,2004,293.618
arg,sex_m,eco_isic3_g,est_sizeaggregate_s1_4,2005,286.507
arg,sex_m,eco_isic3_g,est_sizeaggregate_s1_4,2006,278.383
arg,sex_m,eco_isic3_g,est_sizeaggregate_s1_4,2008,275.327
arg,sex_m,eco_isic3_g,est_sizeaggregate_s1_4,2009,277.511
arg,sex_m,eco_isic3_g,est_sizeaggregate_s1_4,2010,281.676
arg,sex_m,eco_isic3_g,est_sizeaggregate_s5_49,2004,170.393
arg,sex_m,eco_isic3_g,est_sizeaggregate_s5_49,2005,186.749
arg,sex_m,eco_isic3_g,est_sizeaggregate_s5_49,2006,212.975
arg,sex_m,eco_isic3_g,est_sizeaggregate_s5_49,2008,224.192
arg,sex_m,eco_isic3_g,est_sizeaggregate_s5_49,2009,233.922
arg,sex_m,eco_isic3_g,est_sizeaggregate_s5_49,2010,243.597
arg,sex_m,eco_isic3_g,est_sizeaggregate_sge50,2004,78.978
arg,sex_m,eco_isic3_g,est_sizeaggregate_sge50,2005,81.072
arg,sex_m,eco_isic3_g,est_sizeaggregate_sge50,2006,90.948
arg,sex_m,eco_isic3_g,est_sizeaggregate_sge50,2008,98.929
arg,sex_m,eco_isic3_g,est_sizeaggregate_sge50,2009,90.03
arg,sex_m,eco_isic3_g,est_sizeaggregate_sge50,2010,98.42
arg,sex_m,eco_isic3_g,est_sizeaggregate_total,2004,653.147
arg,sex_m,eco_isic3_g,est_sizeaggregate_total,2005,665.536
arg,sex_m,eco_isic3_g,est_sizeaggregate_total,2006,705.75
arg,sex_m,eco_isic3_g,est_sizeaggregate_total,2008,738.151
arg,sex_m,eco_isic3_g,est_sizeaggregate_total,2009,726.928
arg,sex_m,eco_isic3_g,est_sizeaggregate_total,2010,767.961
arg,sex_m,eco_isic3_g,est_sizeaggregate_x,2004,110.158
arg,sex_m,eco_isic3_g,est_sizeaggregate_x,2005,111.208
arg,sex_m,eco_isic3_g,est_sizeaggregate_x,2006,123.445
arg,sex_m,eco_isic3_g,est_sizeaggregate_x,2008,139.703
arg,sex_m,eco_isic3_g,est_sizeaggregate_x,2009,125.465
arg,sex_m,eco_isic3_g,est_sizeaggregate_x,2010,144.267
arg,sex_m,eco_isic3_h,est_sizeaggregate_s1_4,2004,35.904
arg,sex_m,eco_isic3_h,est_sizeaggregate_s1_4,2005,30.687
arg,sex_m,eco_isic3_h,est_sizeaggregate_s1_4,2006,37.518
arg,sex_m,eco_isic3_h,est_sizeaggregate_s1_4,2008,35.437
arg,sex_m,eco_isic3_h,est_sizeaggregate_s1_4,2009,37.84
arg,sex_m,eco_isic3_h,est_sizeaggregate_s1_4,2010,40.269
arg,sex_m,eco_isic3_h,est_sizeaggregate_s5_49,2004,64.981
arg,sex_m,eco_isic3_h,est_sizeaggregate_s5_49,2005,68.739
arg,sex_m,eco_isic3_h,est_sizeaggregate_s5_49,2006,73.595
arg,sex_m,eco_isic3_h,est_sizeaggregate_s5_49,2008,88.859
arg,sex_m,eco_isic3_h,est_sizeaggregate_s5_49,2009,72.885
arg,sex_m,eco_isic3_h,est_sizeaggregate_s5_49,2010,80.78
arg,sex_m,eco_isic3_h,est_sizeaggregate_sge50,2004,11.79
arg,sex_m,eco_isic3_h,est_sizeaggregate_sge50,2005,10.393
arg,sex_m,eco_isic3_h,est_sizeaggregate_sge50,2006,13.032
arg,sex_m,eco_isic3_h,est_sizeaggregate_sge50,2008,15.271
arg,sex_m,eco_isic3_h,est_sizeaggregate_sge50,2009,12.784
arg,sex_m,eco_isic3_h,est_sizeaggregate_sge50,2010,12.165
arg,sex_m,eco_isic3_h,est_sizeaggregate_total,2004,138.366
arg,sex_m,eco_isic3_h,est_sizeaggregate_total,2005,133.613
arg,sex_m,eco_isic3_h,est_sizeaggregate_total,2006,153.554
arg,sex_m,eco_isic3_h,est_sizeaggregate_total,2008,171.483
arg,sex_m,eco_isic3_h,est_sizeaggregate_total,2009,148.176
arg,sex_m,eco_isic3_h,est_sizeaggregate_total,2010,167.999
arg,sex_m,eco_isic3_h,est_sizeaggregate_x,2004,25.691
arg,sex_m,eco_isic3_h,est_sizeaggregate_x,2005,23.794
arg,sex_m,eco_isic3_h,est_sizeaggregate_x,2006,29.409
arg,sex_m,eco_isic3_h,est_sizeaggregate_x,2008,31.916
arg,sex_m,eco_isic3_h,est_sizeaggregate_x,2009,24.667
arg,sex_m,eco_isic3_h,est_sizeaggregate_x,2010,34.784
arg,sex_m,eco_isic3_i,est_sizeaggregate_s1_4,2004,118.972
arg,sex_m,eco_isic3_i,est_sizeaggregate_s1_4,2005,118.348
arg,sex_m,eco_isic3_i,est_sizeaggregate_s1_4,2006,107.64
arg,sex_m,eco_isic3_i,est_sizeaggregate_s1_4,2008,98.575
arg,sex_m,eco_isic3_i,est_sizeaggregate_s1_4,2009,105.379
arg,sex_m,eco_isic3_i,est_sizeaggregate_s1_4,2010,99.552
arg,sex_m,eco_isic3_i,est_sizeaggregate_s5_49,2004,111.782
arg,sex_m,eco_isic3_i,est_sizeaggregate_s5_49,2005,118.034
arg,sex_m,eco_isic3_i,est_sizeaggregate_s5_49,2006,114.759
arg,sex_m,eco_isic3_i,est_sizeaggregate_s5_49,2008,119.79
arg,sex_m,eco_isic3_i,est_sizeaggregate_s5_49,2009,125.34
arg,sex_m,eco_isic3_i,est_sizeaggregate_s5_49,2010,125.04
arg,sex_m,eco_isic3_i,est_sizeaggregate_sge50,2004,99.54
arg,sex_m,eco_isic3_i,est_sizeaggregate_sge50,2005,114.184
arg,sex_m,eco_isic3_i,est_sizeaggregate_sge50,2006,127.424
arg,sex_m,eco_isic3_i,est_sizeaggregate_sge50,2008,140.967
arg,sex_m,eco_isic3_i,est_sizeaggregate_sge50,2009,142.237
arg,sex_m,eco_isic3_i,est_sizeaggregate_sge50,2010,149.969
arg,sex_m,eco_isic3_i,est_sizeaggregate_total,2004,421.796
arg,sex_m,eco_isic3_i,est_sizeaggregate_total,2005,444.045
arg,sex_m,eco_isic3_i,est_sizeaggregate_total,2006,436.762
arg,sex_m,eco_isic3_i,est_sizeaggregate_total,2008,488.176
arg,sex_m,eco_isic3_i,est_sizeaggregate_total,2009,486.064
arg,sex_m,eco_isic3_i,est_sizeaggregate_total,2010,495.728
arg,sex_m,eco_isic3_i,est_sizeaggregate_x,2004,91.502
arg,sex_m,eco_isic3_i,est_sizeaggregate_x,2005,93.479
arg,sex_m,eco_isic3_i,est_sizeaggregate_x,2006,86.939
arg,sex_m,eco_isic3_i,est_sizeaggregate_x,2008,128.844
arg,sex_m,eco_isic3_i,est_sizeaggregate_x,2009,113.107
arg,sex_m,eco_isic3_i,est_sizeaggregate_x,2010,121.167
arg,sex_m,eco_isic3_j,est_sizeaggregate_s1_4,2004,4.247
arg,sex_m,eco_isic3_j,est_sizeaggregate_s1_4,2005,4.936
arg,sex_m,eco_isic3_j,est_sizeaggregate_s1_4,2006,3.986
arg,sex_m,eco_isic3_j,est_sizeaggregate_s1_4,2008,4.853
arg,sex_m,eco_isic3_j,est_sizeaggregate_s1_4,2009,5.97
arg,sex_m,eco_isic3_j,est_sizeaggregate_s1_4,2010,7.141
arg,sex_m,eco_isic3_j,est_sizeaggregate_s5_49,2004,22.016
arg,sex_m,eco_isic3_j,est_sizeaggregate_s5_49,2005,22.292
arg,sex_m,eco_isic3_j,est_sizeaggregate_s5_49,2006,27.57
arg,sex_m,eco_isic3_j,est_sizeaggregate_s5_49,2008,29.385
arg,sex_m,eco_isic3_j,est_sizeaggregate_s5_49,2009,28.496
arg,sex_m,eco_isic3_j,est_sizeaggregate_s5_49,2010,28.904
arg,sex_m,eco_isic3_j,est_sizeaggregate_sge50,2004,36.226
arg,sex_m,eco_isic3_j,est_sizeaggregate_sge50,2005,41.342
arg,sex_m,eco_isic3_j,est_sizeaggregate_sge50,2006,42.48
arg,sex_m,eco_isic3_j,est_sizeaggregate_sge50,2008,41.961
arg,sex_m,eco_isic3_j,est_sizeaggregate_sge50,2009,44.517
arg,sex_m,eco_isic3_j,est_sizeaggregate_sge50,2010,48.472
arg,sex_m,eco_isic3_j,est_sizeaggregate_total,2004,78.628
arg,sex_m,eco_isic3_j,est_sizeaggregate_total,2005,88.733
arg,sex_m,eco_isic3_j,est_sizeaggregate_total,2006,90.693
arg,sex_m,eco_isic3_j,est_sizeaggregate_total,2008,99.496
arg,sex_m,eco_isic3_j,est_sizeaggregate_total,2009,101.665
arg,sex_m,eco_isic3_j,est_sizeaggregate_total,2010,107.214
arg,sex_m,eco_isic3_j,est_sizeaggregate_x,2004,16.14
arg,sex_m,eco_isic3_j,est_sizeaggregate_x,2005,20.163
arg,sex_m,eco_isic3_j,est_sizeaggregate_x,2006,16.658
arg,sex_m,eco_isic3_j,est_sizeaggregate_x,2008,23.297
arg,sex_m,eco_isic3_j,est_sizeaggregate_x,2009,22.683
arg,sex_m,eco_isic3_j,est_sizeaggregate_x,2010,22.697
arg,sex_m,eco_isic3_k,est_sizeaggregate_s1_4,2004,59.651
arg,sex_m,eco_isic3_k,est_sizeaggregate_s1_4,2005,65.357
arg,sex_m,eco_isic3_k,est_sizeaggregate_s1_4,2006,62.241
arg,sex_m,eco_isic3_k,est_sizeaggregate_s1_4,2008,70.013
arg,sex_m,eco_isic3_k,est_sizeaggregate_s1_4,2009,76.66
arg,sex_m,eco_isic3_k,est_sizeaggregate_s1_4,2010,60.28
arg,sex_m,eco_isic3_k,est_sizeaggregate_s5_49,2004,82.948
arg,sex_m,eco_isic3_k,est_sizeaggregate_s5_49,2005,76.324
arg,sex_m,eco_isic3_k,est_sizeaggregate_s5_49,2006,90.705
arg,sex_m,eco_isic3_k,est_sizeaggregate_s5_49,2008,90.938
arg,sex_m,eco_isic3_k,est_sizeaggregate_s5_49,2009,88.075
arg,sex_m,eco_isic3_k,est_sizeaggregate_s5_49,2010,97.27
arg,sex_m,eco_isic3_k,est_sizeaggregate_sge50,2004,53.558
arg,sex_m,eco_isic3_k,est_sizeaggregate_sge50,2005,66.701
arg,sex_m,eco_isic3_k,est_sizeaggregate_sge50,2006,68.692
arg,sex_m,eco_isic3_k,est_sizeaggregate_sge50,2008,85.857
arg,sex_m,eco_isic3_k,est_sizeaggregate_sge50,2009,72.744
arg,sex_m,eco_isic3_k,est_sizeaggregate_sge50,2010,87.888
arg,sex_m,eco_isic3_k,est_sizeaggregate_total,2004,266.625
arg,sex_m,eco_isic3_k,est_sizeaggregate_total,2005,294.837
arg,sex_m,eco_isic3_k,est_sizeaggregate_total,2006,310.87
arg,sex_m,eco_isic3_k,est_sizeaggregate_total,2008,329.428
arg,sex_m,eco_isic3_k,est_sizeaggregate_total,2009,340.2
arg,sex_m,eco_isic3_k,est_sizeaggregate_total,2010,338.767
arg,sex_m,eco_isic3_k,est_sizeaggregate_x,2004,70.468
arg,sex_m,eco_isic3_k,est_sizeaggregate_x,2005,86.455
arg,sex_m,eco_isic3_k,est_sizeaggregate_x,2006,89.232
arg,sex_m,eco_isic3_k,est_sizeaggregate_x,2008,82.621
arg,sex_m,eco_isic3_k,est_sizeaggregate_x,2009,102.72
arg,sex_m,eco_isic3_k,est_sizeaggregate_x,2010,93.33
arg,sex_m,eco_isic3_l,est_sizeaggregate_s1_4,2004,12.182
arg,sex_m,eco_isic3_l,est_sizeaggregate_s1_4,2005,9.462
arg,sex_m,eco_isic3_l,est_sizeaggregate_s1_4,2006,7.89
arg,sex_m,eco_isic3_l,est_sizeaggregate_s1_4,2008,8.841
arg,sex_m,eco_isic3_l,est_sizeaggregate_s1_4,2009,11.013
arg,sex_m,eco_isic3_l,est_sizeaggregate_s1_4,2010,11.379
arg,sex_m,eco_isic3_l,est_sizeaggregate_s5_49,2004,81.727
arg,sex_m,eco_isic3_l,est_sizeaggregate_s5_49,2005,78.408
arg,sex_m,eco_isic3_l,est_sizeaggregate_s5_49,2006,83.184
arg,sex_m,eco_isic3_l,est_sizeaggregate_s5_49,2008,84.439
arg,sex_m,eco_isic3_l,est_sizeaggregate_s5_49,2009,81.131
arg,sex_m,eco_isic3_l,est_sizeaggregate_s5_49,2010,87.003
arg,sex_m,eco_isic3_l,est_sizeaggregate_sge50,2004,242.339
arg,sex_m,eco_isic3_l,est_sizeaggregate_sge50,2005,241.079
arg,sex_m,eco_isic3_l,est_sizeaggregate_sge50,2006,265.373
arg,sex_m,eco_isic3_l,est_sizeaggregate_sge50,2008,260.326
arg,sex_m,eco_isic3_l,est_sizeaggregate_sge50,2009,288.902
arg,sex_m,eco_isic3_l,est_sizeaggregate_sge50,2010,288.187
arg,sex_m,eco_isic3_l,est_sizeaggregate_total,2004,453.407
arg,sex_m,eco_isic3_l,est_sizeaggregate_total,2005,422.551
arg,sex_m,eco_isic3_l,est_sizeaggregate_total,2006,457.644
arg,sex_m,eco_isic3_l,est_sizeaggregate_total,2008,474.638
arg,sex_m,eco_isic3_l,est_sizeaggregate_total,2009,495.595
arg,sex_m,eco_isic3_l,est_sizeaggregate_total,2010,500.366
arg,sex_m,eco_isic3_l,est_sizeaggregate_x,2004,117.158
arg,sex_m,eco_isic3_l,est_sizeaggregate_x,2005,93.603
arg,sex_m,eco_isic3_l,est_sizeaggregate_x,2006,101.197
arg,sex_m,eco_isic3_l,est_sizeaggregate_x,2008,121.033
arg,sex_m,eco_isic3_l,est_sizeaggregate_x,2009,114.549
arg,sex_m,eco_isic3_l,est_sizeaggregate_x,2010,113.797
arg,sex_m,eco_isic3_m,est_sizeaggregate_s1_4,2004,3.858
arg,sex_m,eco_isic3_m,est_sizeaggregate_s1_4,2005,5.093
arg,sex_m,eco_isic3_m,est_sizeaggregate_s1_4,2006,2.467
arg,sex_m,eco_isic3_m,est_sizeaggregate_s1_4,2008,2.806
arg,sex_m,eco_isic3_m,est_sizeaggregate_s1_4,2009,3.058
arg,sex_m,eco_isic3_m,est_sizeaggregate_s1_4,2010,3.039
arg,sex_m,eco_isic3_m,est_sizeaggregate_s5_49,2004,43.446
arg,sex_m,eco_isic3_m,est_sizeaggregate_s5_49,2005,37.98
arg,sex_m,eco_isic3_m,est_sizeaggregate_s5_49,2006,48.034
arg,sex_m,eco_isic3_m,est_sizeaggregate_s5_49,2008,42.941
arg,sex_m,eco_isic3_m,est_sizeaggregate_s5_49,2009,45.663
arg,sex_m,eco_isic3_m,est_sizeaggregate_s5_49,2010,50.473
arg,sex_m,eco_isic3_m,est_sizeaggregate_sge50,2004,64.076
arg,sex_m,eco_isic3_m,est_sizeaggregate_sge50,2005,79.983
arg,sex_m,eco_isic3_m,est_sizeaggregate_sge50,2006,87.401
arg,sex_m,eco_isic3_m,est_sizeaggregate_sge50,2008,77.837
arg,sex_m,eco_isic3_m,est_sizeaggregate_sge50,2009,94.794
arg,sex_m,eco_isic3_m,est_sizeaggregate_sge50,2010,93.872
arg,sex_m,eco_isic3_m,est_sizeaggregate_total,2004,145.542
arg,sex_m,eco_isic3_m,est_sizeaggregate_total,2005,159.393
arg,sex_m,eco_isic3_m,est_sizeaggregate_total,2006,170.424
arg,sex_m,eco_isic3_m,est_sizeaggregate_total,2008,161.715
arg,sex_m,eco_isic3_m,est_sizeaggregate_total,2009,176.61
arg,sex_m,eco_isic3_m,est_sizeaggregate_total,2010,181.255
arg,sex_m,eco_isic3_m,est_sizeaggregate_x,2004,34.163
arg,sex_m,eco_isic3_m,est_sizeaggregate_x,2005,36.338
arg,sex_m,eco_isic3_m,est_sizeaggregate_x,2006,32.522
arg,sex_m,eco_isic3_m,est_sizeaggregate_x,2008,38.132
arg,sex_m,eco_isic3_m,est_sizeaggregate_x,2009,33.095
arg,sex_m,eco_isic3_m,est_sizeaggregate_x,2010,33.871
arg,sex_m,eco_isic3_n,est_sizeaggregate_s1_4,2004,15.968
arg,sex_m,eco_isic3_n,est_sizeaggregate_s1_4,2005,6.198
arg,sex_m,eco_isic3_n,est_sizeaggregate_s1_4,2006,7.552
arg,sex_m,eco_isic3_n,est_sizeaggregate_s1_4,2008,7.208
arg,sex_m,eco_isic3_n,est_sizeaggregate_s1_4,2009,10.498
arg,sex_m,eco_isic3_n,est_sizeaggregate_s1_4,2010,7.578
arg,sex_m,eco_isic3_n,est_sizeaggregate_s5_49,2004,37.677
arg,sex_m,eco_isic3_n,est_sizeaggregate_s5_49,2005,37.816
arg,sex_m,eco_isic3_n,est_sizeaggregate_s5_49,2006,36.383
arg,sex_m,eco_isic3_n,est_sizeaggregate_s5_49,2008,25.588
arg,sex_m,eco_isic3_n,est_sizeaggregate_s5_49,2009,24.962
arg,sex_m,eco_isic3_n,est_sizeaggregate_s5_49,2010,26.2
arg,sex_m,eco_isic3_n,est_sizeaggregate_sge50,2004,73.209
arg,sex_m,eco_isic3_n,est_sizeaggregate_sge50,2005,80.62
arg,sex_m,eco_isic3_n,est_sizeaggregate_sge50,2006,63.4
arg,sex_m,eco_isic3_n,est_sizeaggregate_sge50,2008,82.945
arg,sex_m,eco_isic3_n,est_sizeaggregate_sge50,2009,80.659
arg,sex_m,eco_isic3_n,est_sizeaggregate_sge50,2010,80.894
arg,sex_m,eco_isic3_n,est_sizeaggregate_total,2004,154.71
arg,sex_m,eco_isic3_n,est_sizeaggregate_total,2005,155.233
arg,sex_m,eco_isic3_n,est_sizeaggregate_total,2006,137.703
arg,sex_m,eco_isic3_n,est_sizeaggregate_total,2008,148.244
arg,sex_m,eco_isic3_n,est_sizeaggregate_total,2009,147.565
arg,sex_m,eco_isic3_n,est_sizeaggregate_total,2010,148.774
arg,sex_m,eco_isic3_n,est_sizeaggregate_x,2004,27.856
arg,sex_m,eco_isic3_n,est_sizeaggregate_x,2005,30.599
arg,sex_m,eco_isic3_n,est_sizeaggregate_x,2006,30.368
arg,sex_m,eco_isic3_n,est_sizeaggregate_x,2008,32.503
arg,sex_m,eco_isic3_n,est_sizeaggregate_x,2009,31.447
arg,sex_m,eco_isic3_n,est_sizeaggregate_x,2010,34.102
arg,sex_m,eco_isic3_o,est_sizeaggregate_s1_4,2004,84.251
arg,sex_m,eco_isic3_o,est_sizeaggregate_s1_4,2005,84.66
arg,sex_m,eco_isic3_o,est_sizeaggregate_s1_4,2006,76.827
arg,sex_m,eco_isic3_o,est_sizeaggregate_s1_4,2008,65.939
arg,sex_m,eco_isic3_o,est_sizeaggregate_s1_4,2009,73.926
arg,sex_m,eco_isic3_o,est_sizeaggregate_s1_4,2010,78.987
arg,sex_m,eco_isic3_o,est_sizeaggregate_s5_49,2004,61.949
arg,sex_m,eco_isic3_o,est_sizeaggregate_s5_49,2005,63.289
arg,sex_m,eco_isic3_o,est_sizeaggregate_s5_49,2006,58.531
arg,sex_m,eco_isic3_o,est_sizeaggregate_s5_49,2008,57.842
arg,sex_m,eco_isic3_o,est_sizeaggregate_s5_49,2009,57.837
arg,sex_m,eco_isic3_o,est_sizeaggregate_s5_49,2010,59.378
arg,sex_m,eco_isic3_o,est_sizeaggregate_sge50,2004,44.682
arg,sex_m,eco_isic3_o,est_sizeaggregate_sge50,2005,52.086
arg,sex_m,eco_isic3_o,est_sizeaggregate_sge50,2006,57.373
arg,sex_m,eco_isic3_o,est_sizeaggregate_sge50,2008,55.516
arg,sex_m,eco_isic3_o,est_sizeaggregate_sge50,2009,64.246
arg,sex_m,eco_isic3_o,est_sizeaggregate_sge50,2010,61.485
arg,sex_m,eco_isic3_o,est_sizeaggregate_total,2004,237.123
arg,sex_m,eco_isic3_o,est_sizeaggregate_total,2005,252.056
arg,sex_m,eco_isic3_o,est_sizeaggregate_total,2006,247.519
arg,sex_m,eco_isic3_o,est_sizeaggregate_total,2008,231.752
arg,sex_m,eco_isic3_o,est_sizeaggregate_total,2009,244.869
arg,sex_m,eco_isic3_o,est_sizeaggregate_total,2010,253.806
arg,sex_m,eco_isic3_o,est_sizeaggregate_x,2004,46.24
arg,sex_m,eco_isic3_o,est_sizeaggregate_x,2005,52.02
arg,sex_m,eco_isic3_o,est_sizeaggregate_x,2006,54.788
arg,sex_m,eco_isic3_o,est_sizeaggregate_x,2008,52.456
arg,sex_m,eco_isic3_o,est_sizeaggregate_x,2009,48.858
arg,sex_m,eco_isic3_o,est_sizeaggregate_x,2010,53.955
arg,sex_m,eco_isic3_p,est_sizeaggregate_s1_4,2004,5.177
arg,sex_m,eco_isic3_p,est_sizeaggregate_s1_4,2005,4.869
arg,sex_m,eco_isic3_p,est_sizeaggregate_s1_4,2006,4.308
arg,sex_m,eco_isic3_p,est_sizeaggregate_s1_4,2008,1.108
arg,sex_m,eco_isic3_p,est_sizeaggregate_s1_4,2009,1.289
arg,sex_m,eco_isic3_p,est_sizeaggregate_s1_4,2010,1.258
arg,sex_m,eco_isic3_p,est_sizeaggregate_s5_49,2006,0.967
arg,sex_m,eco_isic3_p,est_sizeaggregate_total,2004,19.584
arg,sex_m,eco_isic3_p,est_sizeaggregate_total,2005,18.991
arg,sex_m,eco_isic3_p,est_sizeaggregate_total,2006,17.505
arg,sex_m,eco_isic3_p,est_sizeaggregate_total,2008,11.514
arg,sex_m,eco_isic3_p,est_sizeaggregate_total,2009,16.497
arg,sex_m,eco_isic3_p,est_sizeaggregate_total,2010,12.849
arg,sex_m,eco_isic3_p,est_sizeaggregate_x,2004,14.026
arg,sex_m,eco_isic3_p,est_sizeaggregate_x,2005,13.85
arg,sex_m,eco_isic3_p,est_sizeaggregate_x,2006,11.917
arg,sex_m,eco_isic3_p,est_sizeaggregate_x,2008,10.257
arg,sex_m,eco_isic3_p,est_sizeaggregate_x,2009,15.14
arg,sex_m,eco_isic3_p,est_sizeaggregate_x,2010,11.534
arg,sex_m,eco_isic3_q,est_sizeaggregate_total,2006,1.429
arg,sex_m,eco_isic3_q,est_sizeaggregate_total,2008,1.78
arg,sex_m,eco_isic3_q,est_sizeaggregate_total,2009,2.061
arg,sex_m,eco_isic3_total,est_sizeaggregate_s1_4,2004,991.693
arg,sex_m,eco_isic3_total,est_sizeaggregate_s1_4,2005,966.134
arg,sex_m,eco_isic3_total,est_sizeaggregate_s1_4,2006,941.537
arg,sex_m,eco_isic3_total,est_sizeaggregate_s1_4,2008,926.99
arg,sex_m,eco_isic3_total,est_sizeaggregate_s1_4,2009,971.972
arg,sex_m,eco_isic3_total,est_sizeaggregate_s1_4,2010,973.193
arg,sex_m,eco_isic3_total,est_sizeaggregate_s5_49,2004,1029.068
arg,sex_m,eco_isic3_total,est_sizeaggregate_s5_49,2005,1063.186
arg,sex_m,eco_isic3_total,est_sizeaggregate_s5_49,2006,1159.531
arg,sex_m,eco_isic3_total,est_sizeaggregate_s5_49,2008,1189.95
arg,sex_m,eco_isic3_total,est_sizeaggregate_s5_49,2009,1161.261
arg,sex_m,eco_isic3_total,est_sizeaggregate_s5_49,2010,1222.149
arg,sex_m,eco_isic3_total,est_sizeaggregate_sge50,2004,983.327
arg,sex_m,eco_isic3_total,est_sizeaggregate_sge50,2005,1073.768
arg,sex_m,eco_isic3_total,est_sizeaggregate_sge50,2006,1173.374
arg,sex_m,eco_isic3_total,est_sizeaggregate_sge50,2008,1234.333
arg,sex_m,eco_isic3_total,est_sizeaggregate_sge50,2009,1264.617
arg,sex_m,eco_isic3_total,est_sizeaggregate_sge50,2010,1311.748
arg,sex_m,eco_isic3_total,est_sizeaggregate_total,2004,3812.803
arg,sex_m,eco_isic3_total,est_sizeaggregate_total,2005,3957.341
arg,sex_m,eco_isic3_total,est_sizeaggregate_total,2006,4165.676
arg,sex_m,eco_isic3_total,est_sizeaggregate_total,2008,4387.559
arg,sex_m,eco_isic3_total,est_sizeaggregate_total,2009,4380.723
arg,sex_m,eco_isic3_total,est_sizeaggregate_total,2010,4517.822
arg,sex_m,eco_isic3_total,est_sizeaggregate_x,2004,808.715
arg,sex_m,eco_isic3_total,est_sizeaggregate_x,2005,854.254
arg,sex_m,eco_isic3_total,est_sizeaggregate_x,2006,891.232
arg,sex_m,eco_isic3_total,est_sizeaggregate_x,2008,1036.287
arg,sex_m,eco_isic3_total,est_sizeaggregate_x,2009,982.873
arg,sex_m,eco_isic3_total,est_sizeaggregate_x,2010,1010.732
arg,sex_m,eco_isic3_x,est_sizeaggregate_s1_4,2004,0.855
arg,sex_m,eco_isic3_x,est_sizeaggregate_s1_4,2008,1.944
arg,sex_m,eco_isic3_x,est_sizeaggregate_s1_4,2009,1.556
arg,sex_m,eco_isic3_x,est_sizeaggregate_s1_4,2010,3.028
arg,sex_m,eco_isic3_x,est_sizeaggregate_s5_49,2004,1.419
arg,sex_m,eco_isic3_x,est_sizeaggregate_s5_49,2005,0.863
arg,sex_m,eco_isic3_x,est_sizeaggregate_s5_49,2006,1.073
arg,sex_m,eco_isic3_x,est_sizeaggregate_s5_49,2008,4.915
arg,sex_m,eco_isic3_x,est_sizeaggregate_s5_49,2009,6.786
arg,sex_m,eco_isic3_x,est_sizeaggregate_s5_49,2010,5.331
arg,sex_m,eco_isic3_x,est_sizeaggregate_sge50,2004,1.94
arg,sex_m,eco_isic3_x,est_sizeaggregate_sge50,2005,1.319
arg,sex_m,eco_isic3_x,est_sizeaggregate_sge50,2006,1.842
arg,sex_m,eco_isic3_x,est_sizeaggregate_sge50,2008,6.141
arg,sex_m,eco_isic3_x,est_sizeaggregate_sge50,2009,4.53
arg,sex_m,eco_isic3_x,est_sizeaggregate_sge50,2010,11.783
arg,sex_m,eco_isic3_x,est_sizeaggregate_total,2004,11.822
arg,sex_m,eco_isic3_x,est_sizeaggregate_total,2005,8.215
arg,sex_m,eco_isic3_x,est_sizeaggregate_total,2006,10.786
arg,sex_m,eco_isic3_x,est_sizeaggregate_total,2008,31.954
arg,sex_m,eco_isic3_x,est_sizeaggregate_total,2009,31.173
arg,sex_m,eco_isic3_x,est_sizeaggregate_total,2010,33.74
arg,sex_m,eco_isic3_x,est_sizeaggregate_x,2004,7.608
arg,sex_m,eco_isic3_x,est_sizeaggregate_x,2005,5.091
arg,sex_m,eco_isic3_x,est_sizeaggregate_x,2006,7.41
arg,sex_m,eco_isic3_x,est_sizeaggregate_x,2008,18.956
arg,sex_m,eco_isic3_x,est_sizeaggregate_x,2009,18.302
arg,sex_m,eco_isic3_x,est_sizeaggregate_x,2010,13.598
arg,sex_m,eco_isic4_a,est_sizeaggregate_s1_4,2011,11.912
arg,sex_m,eco_isic4_a,est_sizeaggregate_s1_4,2012,11.902
arg,sex_m,eco_isic4_a,est_sizeaggregate_s1_4,2013,12.204
arg,sex_m,eco_isic4_a,est_sizeaggregate_s1_4,2014,13.566
arg,sex_m,eco_isic4_a,est_sizeaggregate_s1_4,2017,7.088
arg,sex_m,eco_isic4_a,est_sizeaggregate_s1_4,2018,8.783
arg,sex_m,eco_isic4_a,est_sizeaggregate_s1_4,2019,7.278
arg,sex_m,eco_isic4_a,est_sizeaggregate_s1_4,2020,5.267
arg,sex_m,eco_isic4_a,est_sizeaggregate_s1_4,2021,6.421
arg,sex_m,eco_isic4_a,est_sizeaggregate_s1_4,2022,10.069
arg,sex_m,eco_isic4_a,est_sizeaggregate_s1_4,2023,6.316
arg,sex_m,eco_isic4_a,est_sizeaggregate_s1_4,2024,8.089
arg,sex_m,eco_isic4_a,est_sizeaggregate_s5_49,2011,14.084
arg,sex_m,eco_isic4_a,est_sizeaggregate_s5_49,2012,11.194
arg,sex_m,eco_isic4_a,est_sizeaggregate_s5_49,2013,13.67
arg,sex_m,eco_isic4_a,est_sizeaggregate_s5_49,2014,17.86
arg,sex_m,eco_isic4_a,est_sizeaggregate_s5_49,2017,13.102
arg,sex_m,eco_isic4_a,est_sizeaggregate_s5_49,2018,11.126
arg,sex_m,eco_isic4_a,est_sizeaggregate_s5_49,2019,15.94
arg,sex_m,eco_isic4_a,est_sizeaggregate_s5_49,2020,12.859
arg,sex_m,eco_isic4_a,est_sizeaggregate_s5_49,2021,16.258
arg,sex_m,eco_isic4_a,est_sizeaggregate_s5_49,2022,17.82
arg,sex_m,eco_isic4_a,est_sizeaggregate_s5_49,2023,18.77
arg,sex_m,eco_isic4_a,est_sizeaggregate_s5_49,2024,19.629
arg,sex_m,eco_isic4_a,est_sizeaggregate_sge50,2011,5.404
arg,sex_m,eco_isic4_a,est_sizeaggregate_sge50,2012,4.451
arg,sex_m,eco_isic4_a,est_sizeaggregate_sge50,2013,5.505
arg,sex_m,eco_isic4_a,est_sizeaggregate_sge50,2014,3.444
arg,sex_m,eco_isic4_a,est_sizeaggregate_sge50,2017,5.272
arg,sex_m,eco_isic4_a,est_sizeaggregate_sge50,2018,5.421
arg,sex_m,eco_isic4_a,est_sizeaggregate_sge50,2019,6.173
arg,sex_m,eco_isic4_a,est_sizeaggregate_sge50,2020,3.624
arg,sex_m,eco_isic4_a,est_sizeaggregate_sge50,2021,4.089
arg,sex_m,eco_isic4_a,est_sizeaggregate_sge50,2022,7.708
arg,sex_m,eco_isic4_a,est_sizeaggregate_sge50,2023,7.252
arg,sex_m,eco_isic4_a,est_sizeaggregate_sge50,2024,10.189
arg,sex_m,eco_isic4_a,est_sizeaggregate_total,2011,37.676
arg,sex_m,eco_isic4_a,est_sizeaggregate_total,2012,36.014
arg,sex_m,eco_isic4_a,est_sizeaggregate_total,2013,40.682
arg,sex_m,eco_isic4_a,est_sizeaggregate_total,2014,41.19
arg,sex_m,eco_isic4_a,est_sizeaggregate_total,2017,34.827
arg,sex_m,eco_isic4_a,est_sizeaggregate_total,2018,31.566
arg,sex_m,eco_isic4_a,est_sizeaggregate_total,2019,35.64
arg,sex_m,eco_isic4_a,est_sizeaggregate_total,2020,27.937
arg,sex_m,eco_isic4_a,est_sizeaggregate_total,2021,35.409
arg,sex_m,eco_isic4_a,est_sizeaggregate_total,2022,45.151
arg,sex_m,eco_isic4_a,est_sizeaggregate_total,2023,42.942
arg,sex_m,eco_isic4_a,est_sizeaggregate_total,2024,46.304
arg,sex_m,eco_isic4_a,est_sizeaggregate_x,2011,6.275
arg,sex_m,eco_isic4_a,est_sizeaggregate_x,2012,8.468
arg,sex_m,eco_isic4_a,est_sizeaggregate_x,2013,9.303
arg,sex_m,eco_isic4_a,est_sizeaggregate_x,2014,6.32
arg,sex_m,eco_isic4_a,est_sizeaggregate_x,2017,9.365
arg,sex_m,eco_isic4_a,est_sizeaggregate_x,2018,6.237
arg,sex_m,eco_isic4_a,est_sizeaggregate_x,2019,6.25
arg,sex_m,eco_isic4_a,est_sizeaggregate_x,2020,6.187
arg,sex_m,eco_isic4_a,est_sizeaggregate_x,2021,8.642
arg,sex_m,eco_isic4_a,est_sizeaggregate_x,2022,9.554
arg,sex_m,eco_isic4_a,est_sizeaggregate_x,2023,10.605
arg,sex_m,eco_isic4_a,est_sizeaggregate_x,2024,8.396
arg,sex_m,eco_isic4_b,est_sizeaggregate_s1_4,2011,0.489
arg,sex_m,eco_isic4_b,est_sizeaggregate_s1_4,2012,0.887
arg,sex_m,eco_isic4_b,est_sizeaggregate_s1_4,2013,0.538
arg,sex_m,eco_isic4_b,est_sizeaggregate_s1_4,2014,1.591
arg,sex_m,eco_isic4_b,est_sizeaggregate_s1_4,2017,0.331
arg,sex_m,eco_isic4_b,est_sizeaggregate_s1_4,2018,0.63
arg,sex_m,eco_isic4_b,est_sizeaggregate_s1_4,2019,0.63
arg,sex_m,eco_isic4_b,est_sizeaggregate_s1_4,2020,0.46
arg,sex_m,eco_isic4_b,est_sizeaggregate_s1_4,2021,1.03
arg,sex_m,eco_isic4_b,est_sizeaggregate_s1_4,2022,0.984
arg,sex_m,eco_isic4_b,est_sizeaggregate_s1_4,2023,0.553
arg,sex_m,eco_isic4_b,est_sizeaggregate_s1_4,2024,0.403
arg,sex_m,eco_isic4_b,est_sizeaggregate_s5_49,2011,4.118
arg,sex_m,eco_isic4_b,est_sizeaggregate_s5_49,2012,5.566
arg,sex_m,eco_isic4_b,est_sizeaggregate_s5_49,2013,6.819
arg,sex_m,eco_isic4_b,est_sizeaggregate_s5_49,2014,6.039
arg,sex_m,eco_isic4_b,est_sizeaggregate_s5_49,2017,3.456
arg,sex_m,eco_isic4_b,est_sizeaggregate_s5_49,2018,5.18
arg,sex_m,eco_isic4_b,est_sizeaggregate_s5_49,2019,5.936
arg,sex_m,eco_isic4_b,est_sizeaggregate_s5_49,2020,3.547
arg,sex_m,eco_isic4_b,est_sizeaggregate_s5_49,2021,4.747
arg,sex_m,eco_isic4_b,est_sizeaggregate_s5_49,2022,4.815
arg,sex_m,eco_isic4_b,est_sizeaggregate_s5_49,2023,6.796
arg,sex_m,eco_isic4_b,est_sizeaggregate_s5_49,2024,9.108
arg,sex_m,eco_isic4_b,est_sizeaggregate_sge50,2011,26.233
arg,sex_m,eco_isic4_b,est_sizeaggregate_sge50,2012,21.94
arg,sex_m,eco_isic4_b,est_sizeaggregate_sge50,2013,21.855
arg,sex_m,eco_isic4_b,est_sizeaggregate_sge50,2014,23.628
arg,sex_m,eco_isic4_b,est_sizeaggregate_sge50,2017,23.046
arg,sex_m,eco_isic4_b,est_sizeaggregate_sge50,2018,25.168
arg,sex_m,eco_isic4_b,est_sizeaggregate_sge50,2019,28.006
arg,sex_m,eco_isic4_b,est_sizeaggregate_sge50,2020,30.209
arg,sex_m,eco_isic4_b,est_sizeaggregate_sge50,2021,27.834
arg,sex_m,eco_isic4_b,est_sizeaggregate_sge50,2022,24.134
arg,sex_m,eco_isic4_b,est_sizeaggregate_sge50,2023,29.142
arg,sex_m,eco_isic4_b,est_sizeaggregate_sge50,2024,35.841
arg,sex_m,eco_isic4_b,est_sizeaggregate_total,2011,40.724
arg,sex_m,eco_isic4_b,est_sizeaggregate_total,2012,39.348
arg,sex_m,eco_isic4_b,est_sizeaggregate_total,2013,41.099
arg,sex_m,eco_isic4_b,est_sizeaggregate_total,2014,43.011
arg,sex_m,eco_isic4_b,est_sizeaggregate_total,2017,33.807
arg,sex_m,eco_isic4_b,est_sizeaggregate_total,2018,38.933
arg,sex_m,eco_isic4_b,est_sizeaggregate_total,2019,42.73
arg,sex_m,eco_isic4_b,est_sizeaggregate_total,2020,41.514
arg,sex_m,eco_isic4_b,est_sizeaggregate_total,2021,45.171
arg,sex_m,eco_isic4_b,est_sizeaggregate_total,2022,39.076
arg,sex_m,eco_isic4_b,est_sizeaggregate_total,2023,47.721
arg,sex_m,eco_isic4_b,est_sizeaggregate_total,2024,54.642
arg,sex_m,eco_isic4_b,est_sizeaggregate_x,2011,9.883
arg,sex_m,eco_isic4_b,est_sizeaggregate_x,2012,10.954
arg,sex_m,eco_isic4_b,est_sizeaggregate_x,2013,11.886
arg,sex_m,eco_isic4_b,est_sizeaggregate_x,2014,11.753
arg,sex_m,eco_isic4_b,est_sizeaggregate_x,2017,6.974
arg,sex_m,eco_isic4_b,est_sizeaggregate_x,2018,7.955
arg,sex_m,eco_isic4_b,est_sizeaggregate_x,2019,8.158
arg,sex_m,eco_isic4_b,est_sizeaggregate_x,2020,7.297
arg,sex_m,eco_isic4_b,est_sizeaggregate_x,2021,11.56
arg,sex_m,eco_isic4_b,est_sizeaggregate_x,2022,9.142
arg,sex_m,eco_isic4_b,est_sizeaggregate_x,2023,11.23
arg,sex_m,eco_isic4_b,est_sizeaggregate_x,2024,9.29
arg,sex_m,eco_isic4_c,est_sizeaggregate_s1_4,2011,109.867
arg,sex_m,eco_isic4_c,est_sizeaggregate_s1_4,2012,129.041
arg,sex_m,eco_isic4_c,est_sizeaggregate_s1_4,2013,138.668
arg,sex_m,eco_isic4_c,est_sizeaggregate_s1_4,2014,137.288
arg,sex_m,eco_isic4_c,est_sizeaggregate_s1_4,2017,123.433
arg,sex_m,eco_isic4_c,est_sizeaggregate_s1_4,2018,118.684
arg,sex_m,eco_isic4_c,est_sizeaggregate_s1_4,2019,112.147
arg,sex_m,eco_isic4_c,est_sizeaggregate_s1_4,2020,107.986
arg,sex_m,eco_isic4_c,est_sizeaggregate_s1_4,2021,98.113
arg,sex_m,eco_isic4_c,est_sizeaggregate_s1_4,2022,119.895
arg,sex_m,eco_isic4_c,est_sizeaggregate_s1_4,2023,110.927
arg,sex_m,eco_isic4_c,est_sizeaggregate_s1_4,2024,98.835
arg,sex_m,eco_isic4_c,est_sizeaggregate_s5_49,2011,267.39
arg,sex_m,eco_isic4_c,est_sizeaggregate_s5_49,2012,248.87
arg,sex_m,eco_isic4_c,est_sizeaggregate_s5_49,2013,233.222
arg,sex_m,eco_isic4_c,est_sizeaggregate_s5_49,2014,219.871
arg,sex_m,eco_isic4_c,est_sizeaggregate_s5_49,2017,210.437
arg,sex_m,eco_isic4_c,est_sizeaggregate_s5_49,2018,193.382
arg,sex_m,eco_isic4_c,est_sizeaggregate_s5_49,2019,198.018
arg,sex_m,eco_isic4_c,est_sizeaggregate_s5_49,2020,161.265
arg,sex_m,eco_isic4_c,est_sizeaggregate_s5_49,2021,200.891
arg,sex_m,eco_isic4_c,est_sizeaggregate_s5_49,2022,194.038
arg,sex_m,eco_isic4_c,est_sizeaggregate_s5_49,2023,221.065
arg,sex_m,eco_isic4_c,est_sizeaggregate_s5_49,2024,214.146
arg,sex_m,eco_isic4_c,est_sizeaggregate_sge50,2011,262.232
arg,sex_m,eco_isic4_c,est_sizeaggregate_sge50,2012,250.813
arg,sex_m,eco_isic4_c,est_sizeaggregate_sge50,2013,262.688
arg,sex_m,eco_isic4_c,est_sizeaggregate_sge50,2014,300.723
arg,sex_m,eco_isic4_c,est_sizeaggregate_sge50,2017,251.22
arg,sex_m,eco_isic4_c,est_sizeaggregate_sge50,2018,238.179
arg,sex_m,eco_isic4_c,est_sizeaggregate_sge50,2019,250.073
arg,sex_m,eco_isic4_c,est_sizeaggregate_sge50,2020,243.225
arg,sex_m,eco_isic4_c,est_sizeaggregate_sge50,2021,266.97
arg,sex_m,eco_isic4_c,est_sizeaggregate_sge50,2022,243.818
arg,sex_m,eco_isic4_c,est_sizeaggregate_sge50,2023,266.399
arg,sex_m,eco_isic4_c,est_sizeaggregate_sge50,2024,264.482
arg,sex_m,eco_isic4_c,est_sizeaggregate_total,2011,840.826
arg,sex_m,eco_isic4_c,est_sizeaggregate_total,2012,841.33
arg,sex_m,eco_isic4_c,est_sizeaggregate_total,2013,867.729
arg,sex_m,eco_isic4_c,est_sizeaggregate_total,2014,901.479
arg,sex_m,eco_isic4_c,est_sizeaggregate_total,2017,779.848
arg,sex_m,eco_isic4_c,est_sizeaggregate_total,2018,736.086
arg,sex_m,eco_isic4_c,est_sizeaggregate_total,2019,748.485
arg,sex_m,eco_isic4_c,est_sizeaggregate_total,2020,690.852
arg,sex_m,eco_isic4_c,est_sizeaggregate_total,2021,775.585
arg,sex_m,eco_isic4_c,est_sizeaggregate_total,2022,773.118
arg,sex_m,eco_isic4_c,est_sizeaggregate_total,2023,822.398
arg,sex_m,eco_isic4_c,est_sizeaggregate_total,2024,759.856
arg,sex_m,eco_isic4_c,est_sizeaggregate_x,2011,201.337
arg,sex_m,eco_isic4_c,est_sizeaggregate_x,2012,212.606
arg,sex_m,eco_isic4_c,est_sizeaggregate_x,2013,233.151
arg,sex_m,eco_isic4_c,est_sizeaggregate_x,2014,243.597
arg,sex_m,eco_isic4_c,est_sizeaggregate_x,2017,194.758
arg,sex_m,eco_isic4_c,est_sizeaggregate_x,2018,185.84
arg,sex_m,eco_isic4_c,est_sizeaggregate_x,2019,188.246
arg,sex_m,eco_isic4_c,est_sizeaggregate_x,2020,178.376
arg,sex_m,eco_isic4_c,est_sizeaggregate_x,2021,209.611
arg,sex_m,eco_isic4_c,est_sizeaggregate_x,2022,215.367
arg,sex_m,eco_isic4_c,est_sizeaggregate_x,2023,224.006
arg,sex_m,eco_isic4_c,est_sizeaggregate_x,2024,182.393
arg,sex_m,eco_isic4_d,est_sizeaggregate_s1_4,2011,1.062
arg,sex_m,eco_isic4_d,est_sizeaggregate_s1_4,2012,0.914
arg,sex_m,eco_isic4_d,est_sizeaggregate_s1_4,2013,1.338
arg,sex_m,eco_isic4_d,est_sizeaggregate_s1_4,2014,0.623
arg,sex_m,eco_isic4_d,est_sizeaggregate_s1_4,2017,1.452
arg,sex_m,eco_isic4_d,est_sizeaggregate_s1_4,2018,1.14
arg,sex_m,eco_isic4_d,est_sizeaggregate_s1_4,2019,1.698
arg,sex_m,eco_isic4_d,est_sizeaggregate_s1_4,2020,0.27
arg,sex_m,eco_isic4_d,est_sizeaggregate_s1_4,2021,0.732
arg,sex_m,eco_isic4_d,est_sizeaggregate_s1_4,2022,1.132
arg,sex_m,eco_isic4_d,est_sizeaggregate_s1_4,2023,2.305
arg,sex_m,eco_isic4_d,est_sizeaggregate_s1_4,2024,0.54
arg,sex_m,eco_isic4_d,est_sizeaggregate_s5_49,2011,7.41
arg,sex_m,eco_isic4_d,est_sizeaggregate_s5_49,2012,4.568
arg,sex_m,eco_isic4_d,est_sizeaggregate_s5_49,2013,5.456
arg,sex_m,eco_isic4_d,est_sizeaggregate_s5_49,2014,3.008
arg,sex_m,eco_isic4_d,est_sizeaggregate_s5_49,2017,3.43
arg,sex_m,eco_isic4_d,est_sizeaggregate_s5_49,2018,4.457
arg,sex_m,eco_isic4_d,est_sizeaggregate_s5_49,2019,4.308
arg,sex_m,eco_isic4_d,est_sizeaggregate_s5_49,2020,4.812
arg,sex_m,eco_isic4_d,est_sizeaggregate_s5_49,2021,2.652
arg,sex_m,eco_isic4_d,est_sizeaggregate_s5_49,2022,4.783
arg,sex_m,eco_isic4_d,est_sizeaggregate_s5_49,2023,7.906
arg,sex_m,eco_isic4_d,est_sizeaggregate_s5_49,2024,5.65
arg,sex_m,eco_isic4_d,est_sizeaggregate_sge50,2011,20.157
arg,sex_m,eco_isic4_d,est_sizeaggregate_sge50,2012,19.013
arg,sex_m,eco_isic4_d,est_sizeaggregate_sge50,2013,16.097
arg,sex_m,eco_isic4_d,est_sizeaggregate_sge50,2014,24.596
arg,sex_m,eco_isic4_d,est_sizeaggregate_sge50,2017,23.176
arg,sex_m,eco_isic4_d,est_sizeaggregate_sge50,2018,23.334
arg,sex_m,eco_isic4_d,est_sizeaggregate_sge50,2019,18.174
arg,sex_m,eco_isic4_d,est_sizeaggregate_sge50,2020,13.692
arg,sex_m,eco_isic4_d,est_sizeaggregate_sge50,2021,27.89
arg,sex_m,eco_isic4_d,est_sizeaggregate_sge50,2022,21.182
arg,sex_m,eco_isic4_d,est_sizeaggregate_sge50,2023,18.985
arg,sex_m,eco_isic4_d,est_sizeaggregate_sge50,2024,20.461
arg,sex_m,eco_isic4_d,est_sizeaggregate_total,2011,36.179
arg,sex_m,eco_isic4_d,est_sizeaggregate_total,2012,35.263
arg,sex_m,eco_isic4_d,est_sizeaggregate_total,2013,34.044
arg,sex_m,eco_isic4_d,est_sizeaggregate_total,2014,40.021
arg,sex_m,eco_isic4_d,est_sizeaggregate_total,2017,34.675
arg,sex_m,eco_isic4_d,est_sizeaggregate_total,2018,38.906
arg,sex_m,eco_isic4_d,est_sizeaggregate_total,2019,32.284
arg,sex_m,eco_isic4_d,est_sizeaggregate_total,2020,26.983
arg,sex_m,eco_isic4_d,est_sizeaggregate_total,2021,43.546
arg,sex_m,eco_isic4_d,est_sizeaggregate_total,2022,34.328
arg,sex_m,eco_isic4_d,est_sizeaggregate_total,2023,38.374
arg,sex_m,eco_isic4_d,est_sizeaggregate_total,2024,38.944
arg,sex_m,eco_isic4_d,est_sizeaggregate_x,2011,7.55
arg,sex_m,eco_isic4_d,est_sizeaggregate_x,2012,10.768
arg,sex_m,eco_isic4_d,est_sizeaggregate_x,2013,11.152
arg,sex_m,eco_isic4_d,est_sizeaggregate_x,2014,11.796
arg,sex_m,eco_isic4_d,est_sizeaggregate_x,2017,6.616
arg,sex_m,eco_isic4_d,est_sizeaggregate_x,2018,9.975
arg,sex_m,eco_isic4_d,est_sizeaggregate_x,2019,8.105
arg,sex_m,eco_isic4_d,est_sizeaggregate_x,2020,8.209
arg,sex_m,eco_isic4_d,est_sizeaggregate_x,2021,12.272
arg,sex_m,eco_isic4_d,est_sizeaggregate_x,2022,7.231
arg,sex_m,eco_isic4_d,est_sizeaggregate_x,2023,9.178
arg,sex_m,eco_isic4_d,est_sizeaggregate_x,2024,12.293
arg,sex_m,eco_isic4_e,est_sizeaggregate_s1_4,2011,4.121
arg,sex_m,eco_isic4_e,est_sizeaggregate_s1_4,2012,3.644
arg,sex_m,eco_isic4_e,est_sizeaggregate_s1_4,2013,5.767
arg,sex_m,eco_isic4_e,est_sizeaggregate_s1_4,2014,6.003
arg,sex_m,eco_isic4_e,est_sizeaggregate_s1_4,2017,3.136
arg,sex_m,eco_isic4_e,est_sizeaggregate_s1_4,2018,3.92
arg,sex_m,eco_isic4_e,est_sizeaggregate_s1_4,2019,5.275
arg,sex_m,eco_isic4_e,est_sizeaggregate_s1_4,2020,5.508
arg,sex_m,eco_isic4_e,est_sizeaggregate_s1_4,2021,8.536
arg,sex_m,eco_isic4_e,est_sizeaggregate_s1_4,2022,2.621
arg,sex_m,eco_isic4_e,est_sizeaggregate_s1_4,2023,6.165
arg,sex_m,eco_isic4_e,est_sizeaggregate_s1_4,2024,3.328
arg,sex_m,eco_isic4_e,est_sizeaggregate_s5_49,2011,7.91
arg,sex_m,eco_isic4_e,est_sizeaggregate_s5_49,2012,5.411
arg,sex_m,eco_isic4_e,est_sizeaggregate_s5_49,2013,6.472
arg,sex_m,eco_isic4_e,est_sizeaggregate_s5_49,2014,7.04
arg,sex_m,eco_isic4_e,est_sizeaggregate_s5_49,2017,6.498
arg,sex_m,eco_isic4_e,est_sizeaggregate_s5_49,2018,8.948
arg,sex_m,eco_isic4_e,est_sizeaggregate_s5_49,2019,6.593
arg,sex_m,eco_isic4_e,est_sizeaggregate_s5_49,2020,6.612
arg,sex_m,eco_isic4_e,est_sizeaggregate_s5_49,2021,10.275
arg,sex_m,eco_isic4_e,est_sizeaggregate_s5_49,2022,9.148
arg,sex_m,eco_isic4_e,est_sizeaggregate_s5_49,2023,9.826
arg,sex_m,eco_isic4_e,est_sizeaggregate_s5_49,2024,10.384
arg,sex_m,eco_isic4_e,est_sizeaggregate_sge50,2011,23.548
arg,sex_m,eco_isic4_e,est_sizeaggregate_sge50,2012,15.818
arg,sex_m,eco_isic4_e,est_sizeaggregate_sge50,2013,22.84
arg,sex_m,eco_isic4_e,est_sizeaggregate_sge50,2014,22.874
arg,sex_m,eco_isic4_e,est_sizeaggregate_sge50,2017,24.775
arg,sex_m,eco_isic4_e,est_sizeaggregate_sge50,2018,18.555
arg,sex_m,eco_isic4_e,est_sizeaggregate_sge50,2019,18.044
arg,sex_m,eco_isic4_e,est_sizeaggregate_sge50,2020,20.27
arg,sex_m,eco_isic4_e,est_sizeaggregate_sge50,2021,24.528
arg,sex_m,eco_isic4_e,est_sizeaggregate_sge50,2022,26.426
arg,sex_m,eco_isic4_e,est_sizeaggregate_sge50,2023,27.718
arg,sex_m,eco_isic4_e,est_sizeaggregate_sge50,2024,34.758
arg,sex_m,eco_isic4_e,est_sizeaggregate_total,2011,46.632
arg,sex_m,eco_isic4_e,est_sizeaggregate_total,2012,35.546
arg,sex_m,eco_isic4_e,est_sizeaggregate_total,2013,50.682
arg,sex_m,eco_isic4_e,est_sizeaggregate_total,2014,49.925
arg,sex_m,eco_isic4_e,est_sizeaggregate_total,2017,48.173
arg,sex_m,eco_isic4_e,est_sizeaggregate_total,2018,43.367
arg,sex_m,eco_isic4_e,est_sizeaggregate_total,2019,40.806
arg,sex_m,eco_isic4_e,est_sizeaggregate_total,2020,51.833
arg,sex_m,eco_isic4_e,est_sizeaggregate_total,2021,60.609
arg,sex_m,eco_isic4_e,est_sizeaggregate_total,2022,56.778
arg,sex_m,eco_isic4_e,est_sizeaggregate_total,2023,73.05
arg,sex_m,eco_isic4_e,est_sizeaggregate_total,2024,63.38
arg,sex_m,eco_isic4_e,est_sizeaggregate_x,2011,11.053
arg,sex_m,eco_isic4_e,est_sizeaggregate_x,2012,10.672
arg,sex_m,eco_isic4_e,est_sizeaggregate_x,2013,15.603
arg,sex_m,eco_isic4_e,est_sizeaggregate_x,2014,14.008
arg,sex_m,eco_isic4_e,est_sizeaggregate_x,2017,13.764
arg,sex_m,eco_isic4_e,est_sizeaggregate_x,2018,11.944
arg,sex_m,eco_isic4_e,est_sizeaggregate_x,2019,10.893
arg,sex_m,eco_isic4_e,est_sizeaggregate_x,2020,19.443
arg,sex_m,eco_isic4_e,est_sizeaggregate_x,2021,17.27
arg,sex_m,eco_isic4_e,est_sizeaggregate_x,2022,18.583
arg,sex_m,eco_isic4_e,est_sizeaggregate_x,2023,29.34
arg,sex_m,eco_isic4_e,est_sizeaggregate_x,2024,14.91
arg,sex_m,eco_isic4_f,est_sizeaggregate_s1_4,2011,235.459
arg,sex_m,eco_isic4_f,est_sizeaggregate_s1_4,2012,241.345
arg,sex_m,eco_isic4_f,est_sizeaggregate_s1_4,2013,253.489
arg,sex_m,eco_isic4_f,est_sizeaggregate_s1_4,2014,263.834
arg,sex_m,eco_isic4_f,est_sizeaggregate_s1_4,2017,252.948
arg,sex_m,eco_isic4_f,est_sizeaggregate_s1_4,2018,261.012
arg,sex_m,eco_isic4_f,est_sizeaggregate_s1_4,2019,273.849
arg,sex_m,eco_isic4_f,est_sizeaggregate_s1_4,2020,240.22
arg,sex_m,eco_isic4_f,est_sizeaggregate_s1_4,2021,273.399
arg,sex_m,eco_isic4_f,est_sizeaggregate_s1_4,2022,281.166
arg,sex_m,eco_isic4_f,est_sizeaggregate_s1_4,2023,282.301
arg,sex_m,eco_isic4_f,est_sizeaggregate_s1_4,2024,284.929
arg,sex_m,eco_isic4_f,est_sizeaggregate_s5_49,2011,138.871
arg,sex_m,eco_isic4_f,est_sizeaggregate_s5_49,2012,125.984
arg,sex_m,eco_isic4_f,est_sizeaggregate_s5_49,2013,136.87
arg,sex_m,eco_isic4_f,est_sizeaggregate_s5_49,2014,124.795
arg,sex_m,eco_isic4_f,est_sizeaggregate_s5_49,2017,136.213
arg,sex_m,eco_isic4_f,est_sizeaggregate_s5_49,2018,144.373
arg,sex_m,eco_isic4_f,est_sizeaggregate_s5_49,2019,132.176
arg,sex_m,eco_isic4_f,est_sizeaggregate_s5_49,2020,112.133
arg,sex_m,eco_isic4_f,est_sizeaggregate_s5_49,2021,113.153
arg,sex_m,eco_isic4_f,est_sizeaggregate_s5_49,2022,137.472
arg,sex_m,eco_isic4_f,est_sizeaggregate_s5_49,2023,157.559
arg,sex_m,eco_isic4_f,est_sizeaggregate_s5_49,2024,145.579
arg,sex_m,eco_isic4_f,est_sizeaggregate_sge50,2011,58.493
arg,sex_m,eco_isic4_f,est_sizeaggregate_sge50,2012,60.583
arg,sex_m,eco_isic4_f,est_sizeaggregate_sge50,2013,51.684
arg,sex_m,eco_isic4_f,est_sizeaggregate_sge50,2014,50.126
arg,sex_m,eco_isic4_f,est_sizeaggregate_sge50,2017,62.993
arg,sex_m,eco_isic4_f,est_sizeaggregate_sge50,2018,64.482
arg,sex_m,eco_isic4_f,est_sizeaggregate_sge50,2019,55.154
arg,sex_m,eco_isic4_f,est_sizeaggregate_sge50,2020,39.676
arg,sex_m,eco_isic4_f,est_sizeaggregate_sge50,2021,46.629
arg,sex_m,eco_isic4_f,est_sizeaggregate_sge50,2022,48.49
arg,sex_m,eco_isic4_f,est_sizeaggregate_sge50,2023,57.344
arg,sex_m,eco_isic4_f,est_sizeaggregate_sge50,2024,55.14
arg,sex_m,eco_isic4_f,est_sizeaggregate_total,2011,541.889
arg,sex_m,eco_isic4_f,est_sizeaggregate_total,2012,550.783
arg,sex_m,eco_isic4_f,est_sizeaggregate_total,2013,544.434
arg,sex_m,eco_isic4_f,est_sizeaggregate_total,2014,552.461
arg,sex_m,eco_isic4_f,est_sizeaggregate_total,2017,572.15
arg,sex_m,eco_isic4_f,est_sizeaggregate_total,2018,591.503
arg,sex_m,eco_isic4_f,est_sizeaggregate_total,2019,599.165
arg,sex_m,eco_isic4_f,est_sizeaggregate_total,2020,495.192
arg,sex_m,eco_isic4_f,est_sizeaggregate_total,2021,537.53
arg,sex_m,eco_isic4_f,est_sizeaggregate_total,2022,638.695
arg,sex_m,eco_isic4_f,est_sizeaggregate_total,2023,665.464
arg,sex_m,eco_isic4_f,est_sizeaggregate_total,2024,606.625
arg,sex_m,eco_isic4_f,est_sizeaggregate_x,2011,109.065
arg,sex_m,eco_isic4_f,est_sizeaggregate_x,2012,122.871
arg,sex_m,eco_isic4_f,est_sizeaggregate_x,2013,102.391
arg,sex_m,eco_isic4_f,est_sizeaggregate_x,2014,113.706
arg,sex_m,eco_isic4_f,est_sizeaggregate_x,2017,119.996
arg,sex_m,eco_isic4_f,est_sizeaggregate_x,2018,121.636
arg,sex_m,eco_isic4_f,est_sizeaggregate_x,2019,137.986
arg,sex_m,eco_isic4_f,est_sizeaggregate_x,2020,103.164
arg,sex_m,eco_isic4_f,est_sizeaggregate_x,2021,104.349
arg,sex_m,eco_isic4_f,est_sizeaggregate_x,2022,171.567
arg,sex_m,eco_isic4_f,est_sizeaggregate_x,2023,168.261
arg,sex_m,eco_isic4_f,est_sizeaggregate_x,2024,120.976
arg,sex_m,eco_isic4_g,est_sizeaggregate_s1_4,2011,278.203
arg,sex_m,eco_isic4_g,est_sizeaggregate_s1_4,2012,268.582
arg,sex_m,eco_isic4_g,est_sizeaggregate_s1_4,2013,277.434
arg,sex_m,eco_isic4_g,est_sizeaggregate_s1_4,2014,248.552
arg,sex_m,eco_isic4_g,est_sizeaggregate_s1_4,2017,250.865
arg,sex_m,eco_isic4_g,est_sizeaggregate_s1_4,2018,261.736
arg,sex_m,eco_isic4_g,est_sizeaggregate_s1_4,2019,266.649
arg,sex_m,eco_isic4_g,est_sizeaggregate_s1_4,2020,221.52
arg,sex_m,eco_isic4_g,est_sizeaggregate_s1_4,2021,254.73
arg,sex_m,eco_isic4_g,est_sizeaggregate_s1_4,2022,290.906
arg,sex_m,eco_isic4_g,est_sizeaggregate_s1_4,2023,302.17
arg,sex_m,eco_isic4_g,est_sizeaggregate_s1_4,2024,318.184
arg,sex_m,eco_isic4_g,est_sizeaggregate_s5_49,2011,251.041
arg,sex_m,eco_isic4_g,est_sizeaggregate_s5_49,2012,222.854
arg,sex_m,eco_isic4_g,est_sizeaggregate_s5_49,2013,206.417
arg,sex_m,eco_isic4_g,est_sizeaggregate_s5_49,2014,202.034
arg,sex_m,eco_isic4_g,est_sizeaggregate_s5_49,2017,236.153
arg,sex_m,eco_isic4_g,est_sizeaggregate_s5_49,2018,227.389
arg,sex_m,eco_isic4_g,est_sizeaggregate_s5_49,2019,218.079
arg,sex_m,eco_isic4_g,est_sizeaggregate_s5_49,2020,202.239
arg,sex_m,eco_isic4_g,est_sizeaggregate_s5_49,2021,225.444
arg,sex_m,eco_isic4_g,est_sizeaggregate_s5_49,2022,230.788
arg,sex_m,eco_isic4_g,est_sizeaggregate_s5_49,2023,241.496
arg,sex_m,eco_isic4_g,est_sizeaggregate_s5_49,2024,245.428
arg,sex_m,eco_isic4_g,est_sizeaggregate_sge50,2011,98.287
arg,sex_m,eco_isic4_g,est_sizeaggregate_sge50,2012,107.561
arg,sex_m,eco_isic4_g,est_sizeaggregate_sge50,2013,114.705
arg,sex_m,eco_isic4_g,est_sizeaggregate_sge50,2014,99.03
arg,sex_m,eco_isic4_g,est_sizeaggregate_sge50,2017,98.246
arg,sex_m,eco_isic4_g,est_sizeaggregate_sge50,2018,102.889
arg,sex_m,eco_isic4_g,est_sizeaggregate_sge50,2019,111.221
arg,sex_m,eco_isic4_g,est_sizeaggregate_sge50,2020,94.41
arg,sex_m,eco_isic4_g,est_sizeaggregate_sge50,2021,87.966
arg,sex_m,eco_isic4_g,est_sizeaggregate_sge50,2022,97.822
arg,sex_m,eco_isic4_g,est_sizeaggregate_sge50,2023,116.181
arg,sex_m,eco_isic4_g,est_sizeaggregate_sge50,2024,131.762
arg,sex_m,eco_isic4_g,est_sizeaggregate_total,2011,757.247
arg,sex_m,eco_isic4_g,est_sizeaggregate_total,2012,744.667
arg,sex_m,eco_isic4_g,est_sizeaggregate_total,2013,739.26
arg,sex_m,eco_isic4_g,est_sizeaggregate_total,2014,699.271
arg,sex_m,eco_isic4_g,est_sizeaggregate_total,2017,733.289
arg,sex_m,eco_isic4_g,est_sizeaggregate_total,2018,740.928
arg,sex_m,eco_isic4_g,est_sizeaggregate_total,2019,744.036
arg,sex_m,eco_isic4_g,est_sizeaggregate_total,2020,646.839
arg,sex_m,eco_isic4_g,est_sizeaggregate_total,2021,713.1
arg,sex_m,eco_isic4_g,est_sizeaggregate_total,2022,768.918
arg,sex_m,eco_isic4_g,est_sizeaggregate_total,2023,840.276
arg,sex_m,eco_isic4_g,est_sizeaggregate_total,2024,858.718
arg,sex_m,eco_isic4_g,est_sizeaggregate_x,2011,129.715
arg,sex_m,eco_isic4_g,est_sizeaggregate_x,2012,145.669
arg,sex_m,eco_isic4_g,est_sizeaggregate_x,2013,140.704
arg,sex_m,eco_isic4_g,est_sizeaggregate_x,2014,149.655
arg,sex_m,eco_isic4_g,est_sizeaggregate_x,2017,148.025
arg,sex_m,eco_isic4_g,est_sizeaggregate_x,2018,148.915
arg,sex_m,eco_isic4_g,est_sizeaggregate_x,2019,148.087
arg,sex_m,eco_isic4_g,est_sizeaggregate_x,2020,128.67
arg,sex_m,eco_isic4_g,est_sizeaggregate_x,2021,144.96
arg,sex_m,eco_isic4_g,est_sizeaggregate_x,2022,149.403
arg,sex_m,eco_isic4_g,est_sizeaggregate_x,2023,180.429
arg,sex_m,eco_isic4_g,est_sizeaggregate_x,2024,163.345
arg,sex_m,eco_isic4_h,est_sizeaggregate_s1_4,2011,91.68
arg,sex_m,eco_isic4_h,est_sizeaggregate_s1_4,2012,107.484
arg,sex_m,eco_isic4_h,est_sizeaggregate_s1_4,2013,91.009
arg,sex_m,eco_isic4_h,est_sizeaggregate_s1_4,2014,87.837
arg,sex_m,eco_isic4_h,est_sizeaggregate_s1_4,2017,82.342
arg,sex_m,eco_isic4_h,est_sizeaggregate_s1_4,2018,76.588
arg,sex_m,eco_isic4_h,est_sizeaggregate_s1_4,2019,83.624
arg,sex_m,eco_isic4_h,est_sizeaggregate_s1_4,2020,64.469
arg,sex_m,eco_isic4_h,est_sizeaggregate_s1_4,2021,69.111
arg,sex_m,eco_isic4_h,est_sizeaggregate_s1_4,2022,74.615
arg,sex_m,eco_isic4_h,est_sizeaggregate_s1_4,2023,78.668
arg,sex_m,eco_isic4_h,est_sizeaggregate_s1_4,2024,76.019
arg,sex_m,eco_isic4_h,est_sizeaggregate_s5_49,2011,113.61
arg,sex_m,eco_isic4_h,est_sizeaggregate_s5_49,2012,112.997
arg,sex_m,eco_isic4_h,est_sizeaggregate_s5_49,2013,107.134
arg,sex_m,eco_isic4_h,est_sizeaggregate_s5_49,2014,104.136
arg,sex_m,eco_isic4_h,est_sizeaggregate_s5_49,2017,119.088
arg,sex_m,eco_isic4_h,est_sizeaggregate_s5_49,2018,103.469
arg,sex_m,eco_isic4_h,est_sizeaggregate_s5_49,2019,91.641
arg,sex_m,eco_isic4_h,est_sizeaggregate_s5_49,2020,71.516
arg,sex_m,eco_isic4_h,est_sizeaggregate_s5_49,2021,84.418
arg,sex_m,eco_isic4_h,est_sizeaggregate_s5_49,2022,67.334
arg,sex_m,eco_isic4_h,est_sizeaggregate_s5_49,2023,78.863
arg,sex_m,eco_isic4_h,est_sizeaggregate_s5_49,2024,84.733
arg,sex_m,eco_isic4_h,est_sizeaggregate_sge50,2011,136.284
arg,sex_m,eco_isic4_h,est_sizeaggregate_sge50,2012,126.865
arg,sex_m,eco_isic4_h,est_sizeaggregate_sge50,2013,141.52
arg,sex_m,eco_isic4_h,est_sizeaggregate_sge50,2014,138.828
arg,sex_m,eco_isic4_h,est_sizeaggregate_sge50,2017,127.052
arg,sex_m,eco_isic4_h,est_sizeaggregate_sge50,2018,133.31
arg,sex_m,eco_isic4_h,est_sizeaggregate_sge50,2019,140.277
arg,sex_m,eco_isic4_h,est_sizeaggregate_sge50,2020,119.248
arg,sex_m,eco_isic4_h,est_sizeaggregate_sge50,2021,136.11
arg,sex_m,eco_isic4_h,est_sizeaggregate_sge50,2022,132.794
arg,sex_m,eco_isic4_h,est_sizeaggregate_sge50,2023,144.653
arg,sex_m,eco_isic4_h,est_sizeaggregate_sge50,2024,152.607
arg,sex_m,eco_isic4_h,est_sizeaggregate_total,2011,437.061
arg,sex_m,eco_isic4_h,est_sizeaggregate_total,2012,474.659
arg,sex_m,eco_isic4_h,est_sizeaggregate_total,2013,457.507
arg,sex_m,eco_isic4_h,est_sizeaggregate_total,2014,450.153
arg,sex_m,eco_isic4_h,est_sizeaggregate_total,2017,456.623
arg,sex_m,eco_isic4_h,est_sizeaggregate_total,2018,436.784
arg,sex_m,eco_isic4_h,est_sizeaggregate_total,2019,435.975
arg,sex_m,eco_isic4_h,est_sizeaggregate_total,2020,360.655
arg,sex_m,eco_isic4_h,est_sizeaggregate_total,2021,411.788
arg,sex_m,eco_isic4_h,est_sizeaggregate_total,2022,427.412
arg,sex_m,eco_isic4_h,est_sizeaggregate_total,2023,440.244
arg,sex_m,eco_isic4_h,est_sizeaggregate_total,2024,483.552
arg,sex_m,eco_isic4_h,est_sizeaggregate_x,2011,95.487
arg,sex_m,eco_isic4_h,est_sizeaggregate_x,2012,127.313
arg,sex_m,eco_isic4_h,est_sizeaggregate_x,2013,117.844
arg,sex_m,eco_isic4_h,est_sizeaggregate_x,2014,119.352
arg,sex_m,eco_isic4_h,est_sizeaggregate_x,2017,128.141
arg,sex_m,eco_isic4_h,est_sizeaggregate_x,2018,123.417
arg,sex_m,eco_isic4_h,est_sizeaggregate_x,2019,120.433
arg,sex_m,eco_isic4_h,est_sizeaggregate_x,2020,105.423
arg,sex_m,eco_isic4_h,est_sizeaggregate_x,2021,122.149
arg,sex_m,eco_isic4_h,est_sizeaggregate_x,2022,152.67
arg,sex_m,eco_isic4_h,est_sizeaggregate_x,2023,138.059
arg,sex_m,eco_isic4_h,est_sizeaggregate_x,2024,170.194
arg,sex_m,eco_isic4_i,est_sizeaggregate_s1_4,2011,40.113
arg,sex_m,eco_isic4_i,est_sizeaggregate_s1_4,2012,47.89
arg,sex_m,eco_isic4_i,est_sizeaggregate_s1_4,2013,37.935
arg,sex_m,eco_isic4_i,est_sizeaggregate_s1_4,2014,41.199
arg,sex_m,eco_isic4_i,est_sizeaggregate_s1_4,2017,46.6
arg,sex_m,eco_isic4_i,est_sizeaggregate_s1_4,2018,51.751
arg,sex_m,eco_isic4_i,est_sizeaggregate_s1_4,2019,43.782
arg,sex_m,eco_isic4_i,est_sizeaggregate_s1_4,2020,35.069
arg,sex_m,eco_isic4_i,est_sizeaggregate_s1_4,2021,32.781
arg,sex_m,eco_isic4_i,est_sizeaggregate_s1_4,2022,41.504
arg,sex_m,eco_isic4_i,est_sizeaggregate_s1_4,2023,47.296
arg,sex_m,eco_isic4_i,est_sizeaggregate_s1_4,2024,56.032
arg,sex_m,eco_isic4_i,est_sizeaggregate_s5_49,2011,83.749
arg,sex_m,eco_isic4_i,est_sizeaggregate_s5_49,2012,73.75
arg,sex_m,eco_isic4_i,est_sizeaggregate_s5_49,2013,71.186
arg,sex_m,eco_isic4_i,est_sizeaggregate_s5_49,2014,81.562
arg,sex_m,eco_isic4_i,est_sizeaggregate_s5_49,2017,95.906
arg,sex_m,eco_isic4_i,est_sizeaggregate_s5_49,2018,97.847
arg,sex_m,eco_isic4_i,est_sizeaggregate_s5_49,2019,94.994
arg,sex_m,eco_isic4_i,est_sizeaggregate_s5_49,2020,69.148
arg,sex_m,eco_isic4_i,est_sizeaggregate_s5_49,2021,77.132
arg,sex_m,eco_isic4_i,est_sizeaggregate_s5_49,2022,88.996
arg,sex_m,eco_isic4_i,est_sizeaggregate_s5_49,2023,110.744
arg,sex_m,eco_isic4_i,est_sizeaggregate_s5_49,2024,111.281
arg,sex_m,eco_isic4_i,est_sizeaggregate_sge50,2011,12.392
arg,sex_m,eco_isic4_i,est_sizeaggregate_sge50,2012,14.929
arg,sex_m,eco_isic4_i,est_sizeaggregate_sge50,2013,17.381
arg,sex_m,eco_isic4_i,est_sizeaggregate_sge50,2014,13.516
arg,sex_m,eco_isic4_i,est_sizeaggregate_sge50,2017,14.645
arg,sex_m,eco_isic4_i,est_sizeaggregate_sge50,2018,18.45
arg,sex_m,eco_isic4_i,est_sizeaggregate_sge50,2019,16.41
arg,sex_m,eco_isic4_i,est_sizeaggregate_sge50,2020,19.75
arg,sex_m,eco_isic4_i,est_sizeaggregate_sge50,2021,23.548
arg,sex_m,eco_isic4_i,est_sizeaggregate_sge50,2022,22.726
arg,sex_m,eco_isic4_i,est_sizeaggregate_sge50,2023,24.408
arg,sex_m,eco_isic4_i,est_sizeaggregate_sge50,2024,19.29
arg,sex_m,eco_isic4_i,est_sizeaggregate_total,2011,169.399
arg,sex_m,eco_isic4_i,est_sizeaggregate_total,2012,179.844
arg,sex_m,eco_isic4_i,est_sizeaggregate_total,2013,162.78
arg,sex_m,eco_isic4_i,est_sizeaggregate_total,2014,179.808
arg,sex_m,eco_isic4_i,est_sizeaggregate_total,2017,199.781
arg,sex_m,eco_isic4_i,est_sizeaggregate_total,2018,217.246
arg,sex_m,eco_isic4_i,est_sizeaggregate_total,2019,202.211
arg,sex_m,eco_isic4_i,est_sizeaggregate_total,2020,163.549
arg,sex_m,eco_isic4_i,est_sizeaggregate_total,2021,172.565
arg,sex_m,eco_isic4_i,est_sizeaggregate_total,2022,212.362
arg,sex_m,eco_isic4_i,est_sizeaggregate_total,2023,245.769
arg,sex_m,eco_isic4_i,est_sizeaggregate_total,2024,251.779
arg,sex_m,eco_isic4_i,est_sizeaggregate_x,2011,33.144
arg,sex_m,eco_isic4_i,est_sizeaggregate_x,2012,43.275
arg,sex_m,eco_isic4_i,est_sizeaggregate_x,2013,36.277
arg,sex_m,eco_isic4_i,est_sizeaggregate_x,2014,43.531
arg,sex_m,eco_isic4_i,est_sizeaggregate_x,2017,42.631
arg,sex_m,eco_isic4_i,est_sizeaggregate_x,2018,49.199
arg,sex_m,eco_isic4_i,est_sizeaggregate_x,2019,47.025
arg,sex_m,eco_isic4_i,est_sizeaggregate_x,2020,39.581
arg,sex_m,eco_isic4_i,est_sizeaggregate_x,2021,39.105
arg,sex_m,eco_isic4_i,est_sizeaggregate_x,2022,59.135
arg,sex_m,eco_isic4_i,est_sizeaggregate_x,2023,63.322
arg,sex_m,eco_isic4_i,est_sizeaggregate_x,2024,65.175
arg,sex_m,eco_isic4_j,est_sizeaggregate_s1_4,2011,11.191
arg,sex_m,eco_isic4_j,est_sizeaggregate_s1_4,2012,10.976
arg,sex_m,eco_isic4_j,est_sizeaggregate_s1_4,2013,10.516
arg,sex_m,eco_isic4_j,est_sizeaggregate_s1_4,2014,8.444
arg,sex_m,eco_isic4_j,est_sizeaggregate_s1_4,2017,8.312
arg,sex_m,eco_isic4_j,est_sizeaggregate_s1_4,2018,10.053
arg,sex_m,eco_isic4_j,est_sizeaggregate_s1_4,2019,12.745
arg,sex_m,eco_isic4_j,est_sizeaggregate_s1_4,2020,8.318
arg,sex_m,eco_isic4_j,est_sizeaggregate_s1_4,2021,9.136
arg,sex_m,eco_isic4_j,est_sizeaggregate_s1_4,2022,11.531
arg,sex_m,eco_isic4_j,est_sizeaggregate_s1_4,2023,10.626
arg,sex_m,eco_isic4_j,est_sizeaggregate_s1_4,2024,10.531
arg,sex_m,eco_isic4_j,est_sizeaggregate_s5_49,2011,29.93
arg,sex_m,eco_isic4_j,est_sizeaggregate_s5_49,2012,31.4
arg,sex_m,eco_isic4_j,est_sizeaggregate_s5_49,2013,28.165
arg,sex_m,eco_isic4_j,est_sizeaggregate_s5_49,2014,30.708
arg,sex_m,eco_isic4_j,est_sizeaggregate_s5_49,2017,26.642
arg,sex_m,eco_isic4_j,est_sizeaggregate_s5_49,2018,26.344
arg,sex_m,eco_isic4_j,est_sizeaggregate_s5_49,2019,28.694
arg,sex_m,eco_isic4_j,est_sizeaggregate_s5_49,2020,28.606
arg,sex_m,eco_isic4_j,est_sizeaggregate_s5_49,2021,44.569
arg,sex_m,eco_isic4_j,est_sizeaggregate_s5_49,2022,33.099
arg,sex_m,eco_isic4_j,est_sizeaggregate_s5_49,2023,39.276
arg,sex_m,eco_isic4_j,est_sizeaggregate_s5_49,2024,48.344
arg,sex_m,eco_isic4_j,est_sizeaggregate_sge50,2011,70.323
arg,sex_m,eco_isic4_j,est_sizeaggregate_sge50,2012,72.26
arg,sex_m,eco_isic4_j,est_sizeaggregate_sge50,2013,63.996
arg,sex_m,eco_isic4_j,est_sizeaggregate_sge50,2014,67.948
arg,sex_m,eco_isic4_j,est_sizeaggregate_sge50,2017,46.693
arg,sex_m,eco_isic4_j,est_sizeaggregate_sge50,2018,57.911
arg,sex_m,eco_isic4_j,est_sizeaggregate_sge50,2019,67.686
arg,sex_m,eco_isic4_j,est_sizeaggregate_sge50,2020,63.587
arg,sex_m,eco_isic4_j,est_sizeaggregate_sge50,2021,92.17
arg,sex_m,eco_isic4_j,est_sizeaggregate_sge50,2022,73.244
arg,sex_m,eco_isic4_j,est_sizeaggregate_sge50,2023,72.818
arg,sex_m,eco_isic4_j,est_sizeaggregate_sge50,2024,85.676
arg,sex_m,eco_isic4_j,est_sizeaggregate_total,2011,147.12
arg,sex_m,eco_isic4_j,est_sizeaggregate_total,2012,149.424
arg,sex_m,eco_isic4_j,est_sizeaggregate_total,2013,131.643
arg,sex_m,eco_isic4_j,est_sizeaggregate_total,2014,138.833
arg,sex_m,eco_isic4_j,est_sizeaggregate_total,2017,110.364
arg,sex_m,eco_isic4_j,est_sizeaggregate_total,2018,125.129
arg,sex_m,eco_isic4_j,est_sizeaggregate_total,2019,147.862
arg,sex_m,eco_isic4_j,est_sizeaggregate_total,2020,157.312
arg,sex_m,eco_isic4_j,est_sizeaggregate_total,2021,184.339
arg,sex_m,eco_isic4_j,est_sizeaggregate_total,2022,156.285
arg,sex_m,eco_isic4_j,est_sizeaggregate_total,2023,159.72
arg,sex_m,eco_isic4_j,est_sizeaggregate_total,2024,189.447
arg,sex_m,eco_isic4_j,est_sizeaggregate_x,2011,35.676
arg,sex_m,eco_isic4_j,est_sizeaggregate_x,2012,34.787
arg,sex_m,eco_isic4_j,est_sizeaggregate_x,2013,28.966
arg,sex_m,eco_isic4_j,est_sizeaggregate_x,2014,31.733
arg,sex_m,eco_isic4_j,est_sizeaggregate_x,2017,28.717
arg,sex_m,eco_isic4_j,est_sizeaggregate_x,2018,30.82
arg,sex_m,eco_isic4_j,est_sizeaggregate_x,2019,38.736
arg,sex_m,eco_isic4_j,est_sizeaggregate_x,2020,56.8
arg,sex_m,eco_isic4_j,est_sizeaggregate_x,2021,38.463
arg,sex_m,eco_isic4_j,est_sizeaggregate_x,2022,38.411
arg,sex_m,eco_isic4_j,est_sizeaggregate_x,2023,36.998
arg,sex_m,eco_isic4_j,est_sizeaggregate_x,2024,44.895
arg,sex_m,eco_isic4_k,est_sizeaggregate_s1_4,2011,5.758
arg,sex_m,eco_isic4_k,est_sizeaggregate_s1_4,2012,7.909
arg,sex_m,eco_isic4_k,est_sizeaggregate_s1_4,2013,7.359
arg,sex_m,eco_isic4_k,est_sizeaggregate_s1_4,2014,6.543
arg,sex_m,eco_isic4_k,est_sizeaggregate_s1_4,2017,4.468
arg,sex_m,eco_isic4_k,est_sizeaggregate_s1_4,2018,8.502
arg,sex_m,eco_isic4_k,est_sizeaggregate_s1_4,2019,6.42
arg,sex_m,eco_isic4_k,est_sizeaggregate_s1_4,2020,5.391
arg,sex_m,eco_isic4_k,est_sizeaggregate_s1_4,2021,3.457
arg,sex_m,eco_isic4_k,est_sizeaggregate_s1_4,2022,6.152
arg,sex_m,eco_isic4_k,est_sizeaggregate_s1_4,2023,6.993
arg,sex_m,eco_isic4_k,est_sizeaggregate_s1_4,2024,7.372
arg,sex_m,eco_isic4_k,est_sizeaggregate_s5_49,2011,34.76
arg,sex_m,eco_isic4_k,est_sizeaggregate_s5_49,2012,36.018
arg,sex_m,eco_isic4_k,est_sizeaggregate_s5_49,2013,25.498
arg,sex_m,eco_isic4_k,est_sizeaggregate_s5_49,2014,28.435
arg,sex_m,eco_isic4_k,est_sizeaggregate_s5_49,2017,34.159
arg,sex_m,eco_isic4_k,est_sizeaggregate_s5_49,2018,35.329
arg,sex_m,eco_isic4_k,est_sizeaggregate_s5_49,2019,28.447
arg,sex_m,eco_isic4_k,est_sizeaggregate_s5_49,2020,30.777
arg,sex_m,eco_isic4_k,est_sizeaggregate_s5_49,2021,30.086
arg,sex_m,eco_isic4_k,est_sizeaggregate_s5_49,2022,25.221
arg,sex_m,eco_isic4_k,est_sizeaggregate_s5_49,2023,28.847
arg,sex_m,eco_isic4_k,est_sizeaggregate_s5_49,2024,36.471
arg,sex_m,eco_isic4_k,est_sizeaggregate_sge50,2011,57.462
arg,sex_m,eco_isic4_k,est_sizeaggregate_sge50,2012,57.405
arg,sex_m,eco_isic4_k,est_sizeaggregate_sge50,2013,39.592
arg,sex_m,eco_isic4_k,est_sizeaggregate_sge50,2014,48.086
arg,sex_m,eco_isic4_k,est_sizeaggregate_sge50,2017,46.47
arg,sex_m,eco_isic4_k,est_sizeaggregate_sge50,2018,48.369
arg,sex_m,eco_isic4_k,est_sizeaggregate_sge50,2019,56.676
arg,sex_m,eco_isic4_k,est_sizeaggregate_sge50,2020,62.268
arg,sex_m,eco_isic4_k,est_sizeaggregate_sge50,2021,67.85
arg,sex_m,eco_isic4_k,est_sizeaggregate_sge50,2022,65.732
arg,sex_m,eco_isic4_k,est_sizeaggregate_sge50,2023,59.743
arg,sex_m,eco_isic4_k,est_sizeaggregate_sge50,2024,74.55
arg,sex_m,eco_isic4_k,est_sizeaggregate_total,2011,123.651
arg,sex_m,eco_isic4_k,est_sizeaggregate_total,2012,126.678
arg,sex_m,eco_isic4_k,est_sizeaggregate_total,2013,100.514
arg,sex_m,eco_isic4_k,est_sizeaggregate_total,2014,104.156
arg,sex_m,eco_isic4_k,est_sizeaggregate_total,2017,107.696
arg,sex_m,eco_isic4_k,est_sizeaggregate_total,2018,114.058
arg,sex_m,eco_isic4_k,est_sizeaggregate_total,2019,113.81
arg,sex_m,eco_isic4_k,est_sizeaggregate_total,2020,119.342
arg,sex_m,eco_isic4_k,est_sizeaggregate_total,2021,137.122
arg,sex_m,eco_isic4_k,est_sizeaggregate_total,2022,121.544
arg,sex_m,eco_isic4_k,est_sizeaggregate_total,2023,122.448
arg,sex_m,eco_isic4_k,est_sizeaggregate_total,2024,146.445
arg,sex_m,eco_isic4_k,est_sizeaggregate_x,2011,25.671
arg,sex_m,eco_isic4_k,est_sizeaggregate_x,2012,25.347
arg,sex_m,eco_isic4_k,est_sizeaggregate_x,2013,28.065
arg,sex_m,eco_isic4_k,est_sizeaggregate_x,2014,21.092
arg,sex_m,eco_isic4_k,est_sizeaggregate_x,2017,22.599
arg,sex_m,eco_isic4_k,est_sizeaggregate_x,2018,21.858
arg,sex_m,eco_isic4_k,est_sizeaggregate_x,2019,22.267
arg,sex_m,eco_isic4_k,est_sizeaggregate_x,2020,20.906
arg,sex_m,eco_isic4_k,est_sizeaggregate_x,2021,35.731
arg,sex_m,eco_isic4_k,est_sizeaggregate_x,2022,24.439
arg,sex_m,eco_isic4_k,est_sizeaggregate_x,2023,26.864
arg,sex_m,eco_isic4_k,est_sizeaggregate_x,2024,28.051
arg,sex_m,eco_isic4_l,est_sizeaggregate_s1_4,2011,9.906
arg,sex_m,eco_isic4_l,est_sizeaggregate_s1_4,2012,4.899
arg,sex_m,eco_isic4_l,est_sizeaggregate_s1_4,2013,3.187
arg,sex_m,eco_isic4_l,est_sizeaggregate_s1_4,2014,2.921
arg,sex_m,eco_isic4_l,est_sizeaggregate_s1_4,2017,13.065
arg,sex_m,eco_isic4_l,est_sizeaggregate_s1_4,2018,14.367
arg,sex_m,eco_isic4_l,est_sizeaggregate_s1_4,2019,12.967
arg,sex_m,eco_isic4_l,est_sizeaggregate_s1_4,2020,20.095
arg,sex_m,eco_isic4_l,est_sizeaggregate_s1_4,2021,12.124
arg,sex_m,eco_isic4_l,est_sizeaggregate_s1_4,2022,10.027
arg,sex_m,eco_isic4_l,est_sizeaggregate_s1_4,2023,16.923
arg,sex_m,eco_isic4_l,est_sizeaggregate_s1_4,2024,18.33
arg,sex_m,eco_isic4_l,est_sizeaggregate_s5_49,2011,2.435
arg,sex_m,eco_isic4_l,est_sizeaggregate_s5_49,2012,3.389
arg,sex_m,eco_isic4_l,est_sizeaggregate_s5_49,2013,2.301
arg,sex_m,eco_isic4_l,est_sizeaggregate_s5_49,2014,1.948
arg,sex_m,eco_isic4_l,est_sizeaggregate_s5_49,2017,2.752
arg,sex_m,eco_isic4_l,est_sizeaggregate_s5_49,2018,5.857
arg,sex_m,eco_isic4_l,est_sizeaggregate_s5_49,2019,7.785
arg,sex_m,eco_isic4_l,est_sizeaggregate_s5_49,2020,5.122
arg,sex_m,eco_isic4_l,est_sizeaggregate_s5_49,2021,5.731
arg,sex_m,eco_isic4_l,est_sizeaggregate_s5_49,2022,7.368
arg,sex_m,eco_isic4_l,est_sizeaggregate_s5_49,2023,12.732
arg,sex_m,eco_isic4_l,est_sizeaggregate_s5_49,2024,5.027
arg,sex_m,eco_isic4_l,est_sizeaggregate_sge50,2017,1.103
arg,sex_m,eco_isic4_l,est_sizeaggregate_sge50,2018,1.51
arg,sex_m,eco_isic4_l,est_sizeaggregate_sge50,2019,1.642
arg,sex_m,eco_isic4_l,est_sizeaggregate_sge50,2022,1.424
arg,sex_m,eco_isic4_l,est_sizeaggregate_sge50,2023,1.875
arg,sex_m,eco_isic4_l,est_sizeaggregate_sge50,2024,0.825
arg,sex_m,eco_isic4_l,est_sizeaggregate_total,2011,15.126
arg,sex_m,eco_isic4_l,est_sizeaggregate_total,2012,11.328
arg,sex_m,eco_isic4_l,est_sizeaggregate_total,2013,7.608
arg,sex_m,eco_isic4_l,est_sizeaggregate_total,2014,5.995
arg,sex_m,eco_isic4_l,est_sizeaggregate_total,2017,19.939
arg,sex_m,eco_isic4_l,est_sizeaggregate_total,2018,25.035
arg,sex_m,eco_isic4_l,est_sizeaggregate_total,2019,29.603
arg,sex_m,eco_isic4_l,est_sizeaggregate_total,2020,31.08
arg,sex_m,eco_isic4_l,est_sizeaggregate_total,2021,21.655
arg,sex_m,eco_isic4_l,est_sizeaggregate_total,2022,24.537
arg,sex_m,eco_isic4_l,est_sizeaggregate_total,2023,37.893
arg,sex_m,eco_isic4_l,est_sizeaggregate_total,2024,29.919
arg,sex_m,eco_isic4_l,est_sizeaggregate_x,2011,2.257
arg,sex_m,eco_isic4_l,est_sizeaggregate_x,2012,2.541
arg,sex_m,eco_isic4_l,est_sizeaggregate_x,2013,1.562
arg,sex_m,eco_isic4_l,est_sizeaggregate_x,2014,0.766
arg,sex_m,eco_isic4_l,est_sizeaggregate_x,2017,3.018
arg,sex_m,eco_isic4_l,est_sizeaggregate_x,2018,3.3
arg,sex_m,eco_isic4_l,est_sizeaggregate_x,2019,7.208
arg,sex_m,eco_isic4_l,est_sizeaggregate_x,2020,5.145
arg,sex_m,eco_isic4_l,est_sizeaggregate_x,2021,3.117
arg,sex_m,eco_isic4_l,est_sizeaggregate_x,2022,5.718
arg,sex_m,eco_isic4_l,est_sizeaggregate_x,2023,6.362
arg,sex_m,eco_isic4_l,est_sizeaggregate_x,2024,5.736
arg,sex_m,eco_isic4_m,est_sizeaggregate_s1_4,2011,25.843
arg,sex_m,eco_isic4_m,est_sizeaggregate_s1_4,2012,24.331
arg,sex_m,eco_isic4_m,est_sizeaggregate_s1_4,2013,27.543
arg,sex_m,eco_isic4_m,est_sizeaggregate_s1_4,2014,27.939
arg,sex_m,eco_isic4_m,est_sizeaggregate_s1_4,2017,25.734
arg,sex_m,eco_isic4_m,est_sizeaggregate_s1_4,2018,26.738
arg,sex_m,eco_isic4_m,est_sizeaggregate_s1_4,2019,35.42
arg,sex_m,eco_isic4_m,est_sizeaggregate_s1_4,2020,24.321
arg,sex_m,eco_isic4_m,est_sizeaggregate_s1_4,2021,24.272
arg,sex_m,eco_isic4_m,est_sizeaggregate_s1_4,2022,20.395
arg,sex_m,eco_isic4_m,est_sizeaggregate_s1_4,2023,23.576
arg,sex_m,eco_isic4_m,est_sizeaggregate_s1_4,2024,27.189
arg,sex_m,eco_isic4_m,est_sizeaggregate_s5_49,2011,34.547
arg,sex_m,eco_isic4_m,est_sizeaggregate_s5_49,2012,34.765
arg,sex_m,eco_isic4_m,est_sizeaggregate_s5_49,2013,32.706
arg,sex_m,eco_isic4_m,est_sizeaggregate_s5_49,2014,28.289
arg,sex_m,eco_isic4_m,est_sizeaggregate_s5_49,2017,28.083
arg,sex_m,eco_isic4_m,est_sizeaggregate_s5_49,2018,21.884
arg,sex_m,eco_isic4_m,est_sizeaggregate_s5_49,2019,32.287
arg,sex_m,eco_isic4_m,est_sizeaggregate_s5_49,2020,21.028
arg,sex_m,eco_isic4_m,est_sizeaggregate_s5_49,2021,33.118
arg,sex_m,eco_isic4_m,est_sizeaggregate_s5_49,2022,28.374
arg,sex_m,eco_isic4_m,est_sizeaggregate_s5_49,2023,34.621
arg,sex_m,eco_isic4_m,est_sizeaggregate_s5_49,2024,37.386
arg,sex_m,eco_isic4_m,est_sizeaggregate_sge50,2011,20.288
arg,sex_m,eco_isic4_m,est_sizeaggregate_sge50,2012,21.832
arg,sex_m,eco_isic4_m,est_sizeaggregate_sge50,2013,19.85
arg,sex_m,eco_isic4_m,est_sizeaggregate_sge50,2014,17.953
arg,sex_m,eco_isic4_m,est_sizeaggregate_sge50,2017,19.541
arg,sex_m,eco_isic4_m,est_sizeaggregate_sge50,2018,16.85
arg,sex_m,eco_isic4_m,est_sizeaggregate_sge50,2019,28.414
arg,sex_m,eco_isic4_m,est_sizeaggregate_sge50,2020,26.233
arg,sex_m,eco_isic4_m,est_sizeaggregate_sge50,2021,33.023
arg,sex_m,eco_isic4_m,est_sizeaggregate_sge50,2022,39.381
arg,sex_m,eco_isic4_m,est_sizeaggregate_sge50,2023,36.777
arg,sex_m,eco_isic4_m,est_sizeaggregate_sge50,2024,42.99
arg,sex_m,eco_isic4_m,est_sizeaggregate_total,2011,106.74
arg,sex_m,eco_isic4_m,est_sizeaggregate_total,2012,103.25
arg,sex_m,eco_isic4_m,est_sizeaggregate_total,2013,104.331
arg,sex_m,eco_isic4_m,est_sizeaggregate_total,2014,93.294
arg,sex_m,eco_isic4_m,est_sizeaggregate_total,2017,91.638
arg,sex_m,eco_isic4_m,est_sizeaggregate_total,2018,82.41
arg,sex_m,eco_isic4_m,est_sizeaggregate_total,2019,115.456
arg,sex_m,eco_isic4_m,est_sizeaggregate_total,2020,88.165
arg,sex_m,eco_isic4_m,est_sizeaggregate_total,2021,109.66
arg,sex_m,eco_isic4_m,est_sizeaggregate_total,2022,108.287
arg,sex_m,eco_isic4_m,est_sizeaggregate_total,2023,122.168
arg,sex_m,eco_isic4_m,est_sizeaggregate_total,2024,132.19
arg,sex_m,eco_isic4_m,est_sizeaggregate_x,2011,26.062
arg,sex_m,eco_isic4_m,est_sizeaggregate_x,2012,22.32
arg,sex_m,eco_isic4_m,est_sizeaggregate_x,2013,24.232
arg,sex_m,eco_isic4_m,est_sizeaggregate_x,2014,19.113
arg,sex_m,eco_isic4_m,est_sizeaggregate_x,2017,18.28
arg,sex_m,eco_isic4_m,est_sizeaggregate_x,2018,16.937
arg,sex_m,eco_isic4_m,est_sizeaggregate_x,2019,19.336
arg,sex_m,eco_isic4_m,est_sizeaggregate_x,2020,16.584
arg,sex_m,eco_isic4_m,est_sizeaggregate_x,2021,19.248
arg,sex_m,eco_isic4_m,est_sizeaggregate_x,2022,20.138
arg,sex_m,eco_isic4_m,est_sizeaggregate_x,2023,27.195
arg,sex_m,eco_isic4_m,est_sizeaggregate_x,2024,24.624
arg,sex_m,eco_isic4_n,est_sizeaggregate_s1_4,2011,29.489
arg,sex_m,eco_isic4_n,est_sizeaggregate_s1_4,2012,23.725
arg,sex_m,eco_isic4_n,est_sizeaggregate_s1_4,2013,32.574
arg,sex_m,eco_isic4_n,est_sizeaggregate_s1_4,2014,25.121
arg,sex_m,eco_isic4_n,est_sizeaggregate_s1_4,2017,32.307
arg,sex_m,eco_isic4_n,est_sizeaggregate_s1_4,2018,35.538
arg,sex_m,eco_isic4_n,est_sizeaggregate_s1_4,2019,38.534
arg,sex_m,eco_isic4_n,est_sizeaggregate_s1_4,2020,39.081
arg,sex_m,eco_isic4_n,est_sizeaggregate_s1_4,2021,42.17
arg,sex_m,eco_isic4_n,est_sizeaggregate_s1_4,2022,39.242
arg,sex_m,eco_isic4_n,est_sizeaggregate_s1_4,2023,39.643
arg,sex_m,eco_isic4_n,est_sizeaggregate_s1_4,2024,41.084
arg,sex_m,eco_isic4_n,est_sizeaggregate_s5_49,2011,52.138
arg,sex_m,eco_isic4_n,est_sizeaggregate_s5_49,2012,45.771
arg,sex_m,eco_isic4_n,est_sizeaggregate_s5_49,2013,42.835
arg,sex_m,eco_isic4_n,est_sizeaggregate_s5_49,2014,41.653
arg,sex_m,eco_isic4_n,est_sizeaggregate_s5_49,2017,57.883
arg,sex_m,eco_isic4_n,est_sizeaggregate_s5_49,2018,61.834
arg,sex_m,eco_isic4_n,est_sizeaggregate_s5_49,2019,56.821
arg,sex_m,eco_isic4_n,est_sizeaggregate_s5_49,2020,45.86
arg,sex_m,eco_isic4_n,est_sizeaggregate_s5_49,2021,51.279
arg,sex_m,eco_isic4_n,est_sizeaggregate_s5_49,2022,57.437
arg,sex_m,eco_isic4_n,est_sizeaggregate_s5_49,2023,62.771
arg,sex_m,eco_isic4_n,est_sizeaggregate_s5_49,2024,64.547
arg,sex_m,eco_isic4_n,est_sizeaggregate_sge50,2011,69.366
arg,sex_m,eco_isic4_n,est_sizeaggregate_sge50,2012,47.958
arg,sex_m,eco_isic4_n,est_sizeaggregate_sge50,2013,65.82
arg,sex_m,eco_isic4_n,est_sizeaggregate_sge50,2014,47.68
arg,sex_m,eco_isic4_n,est_sizeaggregate_sge50,2017,61.314
arg,sex_m,eco_isic4_n,est_sizeaggregate_sge50,2018,61.837
arg,sex_m,eco_isic4_n,est_sizeaggregate_sge50,2019,64.266
arg,sex_m,eco_isic4_n,est_sizeaggregate_sge50,2020,42.928
arg,sex_m,eco_isic4_n,est_sizeaggregate_sge50,2021,63.164
arg,sex_m,eco_isic4_n,est_sizeaggregate_sge50,2022,72.952
arg,sex_m,eco_isic4_n,est_sizeaggregate_sge50,2023,70.07
arg,sex_m,eco_isic4_n,est_sizeaggregate_sge50,2024,79.723
arg,sex_m,eco_isic4_n,est_sizeaggregate_total,2011,227.818
arg,sex_m,eco_isic4_n,est_sizeaggregate_total,2012,183.286
arg,sex_m,eco_isic4_n,est_sizeaggregate_total,2013,203.417
arg,sex_m,eco_isic4_n,est_sizeaggregate_total,2014,195.891
arg,sex_m,eco_isic4_n,est_sizeaggregate_total,2017,236.671
arg,sex_m,eco_isic4_n,est_sizeaggregate_total,2018,242.872
arg,sex_m,eco_isic4_n,est_sizeaggregate_total,2019,246.232
arg,sex_m,eco_isic4_n,est_sizeaggregate_total,2020,220.376
arg,sex_m,eco_isic4_n,est_sizeaggregate_total,2021,249.684
arg,sex_m,eco_isic4_n,est_sizeaggregate_total,2022,264.456
arg,sex_m,eco_isic4_n,est_sizeaggregate_total,2023,275.687
arg,sex_m,eco_isic4_n,est_sizeaggregate_total,2024,285.556
arg,sex_m,eco_isic4_n,est_sizeaggregate_x,2011,76.825
arg,sex_m,eco_isic4_n,est_sizeaggregate_x,2012,65.832
arg,sex_m,eco_isic4_n,est_sizeaggregate_x,2013,62.187
arg,sex_m,eco_isic4_n,est_sizeaggregate_x,2014,81.438
arg,sex_m,eco_isic4_n,est_sizeaggregate_x,2017,85.166
arg,sex_m,eco_isic4_n,est_sizeaggregate_x,2018,83.662
arg,sex_m,eco_isic4_n,est_sizeaggregate_x,2019,86.612
arg,sex_m,eco_isic4_n,est_sizeaggregate_x,2020,92.507
arg,sex_m,eco_isic4_n,est_sizeaggregate_x,2021,93.07
arg,sex_m,eco_isic4_n,est_sizeaggregate_x,2022,94.826
arg,sex_m,eco_isic4_n,est_sizeaggregate_x,2023,103.203
arg,sex_m,eco_isic4_n,est_sizeaggregate_x,2024,100.203
arg,sex_m,eco_isic4_o,est_sizeaggregate_s1_4,2011,7.49
arg,sex_m,eco_isic4_o,est_sizeaggregate_s1_4,2012,8.08
arg,sex_m,eco_isic4_o,est_sizeaggregate_s1_4,2013,8.782
arg,sex_m,eco_isic4_o,est_sizeaggregate_s1_4,2014,11.11
arg,sex_m,eco_isic4_o,est_sizeaggregate_s1_4,2017,10.454
arg,sex_m,eco_isic4_o,est_sizeaggregate_s1_4,2018,15.971
arg,sex_m,eco_isic4_o,est_sizeaggregate_s1_4,2019,11.052
arg,sex_m,eco_isic4_o,est_sizeaggregate_s1_4,2020,8.963
arg,sex_m,eco_isic4_o,est_sizeaggregate_s1_4,2021,8.631
arg,sex_m,eco_isic4_o,est_sizeaggregate_s1_4,2022,12.675
arg,sex_m,eco_isic4_o,est_sizeaggregate_s1_4,2023,16.288
arg,sex_m,eco_isic4_o,est_sizeaggregate_s1_4,2024,15.392
arg,sex_m,eco_isic4_o,est_sizeaggregate_s5_49,2011,88.052
arg,sex_m,eco_isic4_o,est_sizeaggregate_s5_49,2012,75.546
arg,sex_m,eco_isic4_o,est_sizeaggregate_s5_49,2013,85.787
arg,sex_m,eco_isic4_o,est_sizeaggregate_s5_49,2014,94.805
arg,sex_m,eco_isic4_o,est_sizeaggregate_s5_49,2017,115.409
arg,sex_m,eco_isic4_o,est_sizeaggregate_s5_49,2018,103.343
arg,sex_m,eco_isic4_o,est_sizeaggregate_s5_49,2019,100.32
arg,sex_m,eco_isic4_o,est_sizeaggregate_s5_49,2020,99.932
arg,sex_m,eco_isic4_o,est_sizeaggregate_s5_49,2021,101.015
arg,sex_m,eco_isic4_o,est_sizeaggregate_s5_49,2022,103.517
arg,sex_m,eco_isic4_o,est_sizeaggregate_s5_49,2023,106.887
arg,sex_m,eco_isic4_o,est_sizeaggregate_s5_49,2024,103.521
arg,sex_m,eco_isic4_o,est_sizeaggregate_sge50,2011,287.602
arg,sex_m,eco_isic4_o,est_sizeaggregate_sge50,2012,313.28
arg,sex_m,eco_isic4_o,est_sizeaggregate_sge50,2013,313.913
arg,sex_m,eco_isic4_o,est_sizeaggregate_sge50,2014,340.902
arg,sex_m,eco_isic4_o,est_sizeaggregate_sge50,2017,326.302
arg,sex_m,eco_isic4_o,est_sizeaggregate_sge50,2018,305.469
arg,sex_m,eco_isic4_o,est_sizeaggregate_sge50,2019,310.089
arg,sex_m,eco_isic4_o,est_sizeaggregate_sge50,2020,327.176
arg,sex_m,eco_isic4_o,est_sizeaggregate_sge50,2021,373.182
arg,sex_m,eco_isic4_o,est_sizeaggregate_sge50,2022,330.66
arg,sex_m,eco_isic4_o,est_sizeaggregate_sge50,2023,351.572
arg,sex_m,eco_isic4_o,est_sizeaggregate_sge50,2024,323.005
arg,sex_m,eco_isic4_o,est_sizeaggregate_total,2011,488.421
arg,sex_m,eco_isic4_o,est_sizeaggregate_total,2012,512.762
arg,sex_m,eco_isic4_o,est_sizeaggregate_total,2013,529.272
arg,sex_m,eco_isic4_o,est_sizeaggregate_total,2014,563.237
arg,sex_m,eco_isic4_o,est_sizeaggregate_total,2017,564.202
arg,sex_m,eco_isic4_o,est_sizeaggregate_total,2018,556.006
arg,sex_m,eco_isic4_o,est_sizeaggregate_total,2019,548.643
arg,sex_m,eco_isic4_o,est_sizeaggregate_total,2020,550.674
arg,sex_m,eco_isic4_o,est_sizeaggregate_total,2021,637.998
arg,sex_m,eco_isic4_o,est_sizeaggregate_total,2022,603.376
arg,sex_m,eco_isic4_o,est_sizeaggregate_total,2023,618.567
arg,sex_m,eco_isic4_o,est_sizeaggregate_total,2024,564.106
arg,sex_m,eco_isic4_o,est_sizeaggregate_x,2011,105.278
arg,sex_m,eco_isic4_o,est_sizeaggregate_x,2012,115.856
arg,sex_m,eco_isic4_o,est_sizeaggregate_x,2013,120.79
arg,sex_m,eco_isic4_o,est_sizeaggregate_x,2014,116.42
arg,sex_m,eco_isic4_o,est_sizeaggregate_x,2017,112.037
arg,sex_m,eco_isic4_o,est_sizeaggregate_x,2018,131.223
arg,sex_m,eco_isic4_o,est_sizeaggregate_x,2019,127.183
arg,sex_m,eco_isic4_o,est_sizeaggregate_x,2020,114.603
arg,sex_m,eco_isic4_o,est_sizeaggregate_x,2021,155.17
arg,sex_m,eco_isic4_o,est_sizeaggregate_x,2022,156.524
arg,sex_m,eco_isic4_o,est_sizeaggregate_x,2023,143.82
arg,sex_m,eco_isic4_o,est_sizeaggregate_x,2024,122.188
arg,sex_m,eco_isic4_p,est_sizeaggregate_s1_4,2011,1.636
arg,sex_m,eco_isic4_p,est_sizeaggregate_s1_4,2012,0.827
arg,sex_m,eco_isic4_p,est_sizeaggregate_s1_4,2013,0.939
arg,sex_m,eco_isic4_p,est_sizeaggregate_s1_4,2014,2.843
arg,sex_m,eco_isic4_p,est_sizeaggregate_s1_4,2017,2.545
arg,sex_m,eco_isic4_p,est_sizeaggregate_s1_4,2018,3.241
arg,sex_m,eco_isic4_p,est_sizeaggregate_s1_4,2019,2.088
arg,sex_m,eco_isic4_p,est_sizeaggregate_s1_4,2020,1.847
arg,sex_m,eco_isic4_p,est_sizeaggregate_s1_4,2021,1.699
arg,sex_m,eco_isic4_p,est_sizeaggregate_s1_4,2022,4.085
arg,sex_m,eco_isic4_p,est_sizeaggregate_s1_4,2023,2.726
arg,sex_m,eco_isic4_p,est_sizeaggregate_s1_4,2024,2.364
arg,sex_m,eco_isic4_p,est_sizeaggregate_s5_49,2011,43.929
arg,sex_m,eco_isic4_p,est_sizeaggregate_s5_49,2012,45.36
arg,sex_m,eco_isic4_p,est_sizeaggregate_s5_49,2013,44.949
arg,sex_m,eco_isic4_p,est_sizeaggregate_s5_49,2014,43.96
arg,sex_m,eco_isic4_p,est_sizeaggregate_s5_49,2017,57.394
arg,sex_m,eco_isic4_p,est_sizeaggregate_s5_49,2018,55.097
arg,sex_m,eco_isic4_p,est_sizeaggregate_s5_49,2019,47.456
arg,sex_m,eco_isic4_p,est_sizeaggregate_s5_49,2020,38.852
arg,sex_m,eco_isic4_p,est_sizeaggregate_s5_49,2021,45.803
arg,sex_m,eco_isic4_p,est_sizeaggregate_s5_49,2022,61.588
arg,sex_m,eco_isic4_p,est_sizeaggregate_s5_49,2023,60.931
arg,sex_m,eco_isic4_p,est_sizeaggregate_s5_49,2024,61.76
arg,sex_m,eco_isic4_p,est_sizeaggregate_sge50,2011,91.037
arg,sex_m,eco_isic4_p,est_sizeaggregate_sge50,2012,83.776
arg,sex_m,eco_isic4_p,est_sizeaggregate_sge50,2013,81.379
arg,sex_m,eco_isic4_p,est_sizeaggregate_sge50,2014,85.608
arg,sex_m,eco_isic4_p,est_sizeaggregate_sge50,2017,114.96
arg,sex_m,eco_isic4_p,est_sizeaggregate_sge50,2018,101.65
arg,sex_m,eco_isic4_p,est_sizeaggregate_sge50,2019,110.219
arg,sex_m,eco_isic4_p,est_sizeaggregate_sge50,2020,138.538
arg,sex_m,eco_isic4_p,est_sizeaggregate_sge50,2021,115.99
arg,sex_m,eco_isic4_p,est_sizeaggregate_sge50,2022,97.218
arg,sex_m,eco_isic4_p,est_sizeaggregate_sge50,2023,95.056
arg,sex_m,eco_isic4_p,est_sizeaggregate_sge50,2024,110.936
arg,sex_m,eco_isic4_p,est_sizeaggregate_total,2011,170.304
arg,sex_m,eco_isic4_p,est_sizeaggregate_total,2012,163.482
arg,sex_m,eco_isic4_p,est_sizeaggregate_total,2013,160.828
arg,sex_m,eco_isic4_p,est_sizeaggregate_total,2014,172.533
arg,sex_m,eco_isic4_p,est_sizeaggregate_total,2017,216.387
arg,sex_m,eco_isic4_p,est_sizeaggregate_total,2018,212.883
arg,sex_m,eco_isic4_p,est_sizeaggregate_total,2019,205.734
arg,sex_m,eco_isic4_p,est_sizeaggregate_total,2020,219.68
arg,sex_m,eco_isic4_p,est_sizeaggregate_total,2021,205.04
arg,sex_m,eco_isic4_p,est_sizeaggregate_total,2022,225.883
arg,sex_m,eco_isic4_p,est_sizeaggregate_total,2023,207.855
arg,sex_m,eco_isic4_p,est_sizeaggregate_total,2024,220.135
arg,sex_m,eco_isic4_p,est_sizeaggregate_x,2011,33.702
arg,sex_m,eco_isic4_p,est_sizeaggregate_x,2012,33.519
arg,sex_m,eco_isic4_p,est_sizeaggregate_x,2013,33.56
arg,sex_m,eco_isic4_p,est_sizeaggregate_x,2014,40.123
arg,sex_m,eco_isic4_p,est_sizeaggregate_x,2017,41.488
arg,sex_m,eco_isic4_p,est_sizeaggregate_x,2018,52.894
arg,sex_m,eco_isic4_p,est_sizeaggregate_x,2019,45.97
arg,sex_m,eco_isic4_p,est_sizeaggregate_x,2020,40.443
arg,sex_m,eco_isic4_p,est_sizeaggregate_x,2021,41.548
arg,sex_m,eco_isic4_p,est_sizeaggregate_x,2022,62.992
arg,sex_m,eco_isic4_p,est_sizeaggregate_x,2023,49.142
arg,sex_m,eco_isic4_p,est_sizeaggregate_x,2024,45.075
arg,sex_m,eco_isic4_q,est_sizeaggregate_s1_4,2011,4.789
arg,sex_m,eco_isic4_q,est_sizeaggregate_s1_4,2012,6.874
arg,sex_m,eco_isic4_q,est_sizeaggregate_s1_4,2013,4.747
arg,sex_m,eco_isic4_q,est_sizeaggregate_s1_4,2014,3.98
arg,sex_m,eco_isic4_q,est_sizeaggregate_s1_4,2017,8.34
arg,sex_m,eco_isic4_q,est_sizeaggregate_s1_4,2018,9.76
arg,sex_m,eco_isic4_q,est_sizeaggregate_s1_4,2019,10.172
arg,sex_m,eco_isic4_q,est_sizeaggregate_s1_4,2020,12.306
arg,sex_m,eco_isic4_q,est_sizeaggregate_s1_4,2021,7.989
arg,sex_m,eco_isic4_q,est_sizeaggregate_s1_4,2022,9.912
arg,sex_m,eco_isic4_q,est_sizeaggregate_s1_4,2023,8.588
arg,sex_m,eco_isic4_q,est_sizeaggregate_s1_4,2024,9.647
arg,sex_m,eco_isic4_q,est_sizeaggregate_s5_49,2011,23.366
arg,sex_m,eco_isic4_q,est_sizeaggregate_s5_49,2012,22.354
arg,sex_m,eco_isic4_q,est_sizeaggregate_s5_49,2013,24.581
arg,sex_m,eco_isic4_q,est_sizeaggregate_s5_49,2014,23.82
arg,sex_m,eco_isic4_q,est_sizeaggregate_s5_49,2017,30.099
arg,sex_m,eco_isic4_q,est_sizeaggregate_s5_49,2018,37.087
arg,sex_m,eco_isic4_q,est_sizeaggregate_s5_49,2019,36.838
arg,sex_m,eco_isic4_q,est_sizeaggregate_s5_49,2020,33.948
arg,sex_m,eco_isic4_q,est_sizeaggregate_s5_49,2021,35.312
arg,sex_m,eco_isic4_q,est_sizeaggregate_s5_49,2022,31.296
arg,sex_m,eco_isic4_q,est_sizeaggregate_s5_49,2023,43.078
arg,sex_m,eco_isic4_q,est_sizeaggregate_s5_49,2024,42.394
arg,sex_m,eco_isic4_q,est_sizeaggregate_sge50,2011,79.201
arg,sex_m,eco_isic4_q,est_sizeaggregate_sge50,2012,86.654
arg,sex_m,eco_isic4_q,est_sizeaggregate_sge50,2013,98.658
arg,sex_m,eco_isic4_q,est_sizeaggregate_sge50,2014,83.26
arg,sex_m,eco_isic4_q,est_sizeaggregate_sge50,2017,96.229
arg,sex_m,eco_isic4_q,est_sizeaggregate_sge50,2018,97.65
arg,sex_m,eco_isic4_q,est_sizeaggregate_sge50,2019,113.952
arg,sex_m,eco_isic4_q,est_sizeaggregate_sge50,2020,95.058
arg,sex_m,eco_isic4_q,est_sizeaggregate_sge50,2021,109.149
arg,sex_m,eco_isic4_q,est_sizeaggregate_sge50,2022,103.078
arg,sex_m,eco_isic4_q,est_sizeaggregate_sge50,2023,99.878
arg,sex_m,eco_isic4_q,est_sizeaggregate_sge50,2024,120.692
arg,sex_m,eco_isic4_q,est_sizeaggregate_total,2011,140.219
arg,sex_m,eco_isic4_q,est_sizeaggregate_total,2012,154.896
arg,sex_m,eco_isic4_q,est_sizeaggregate_total,2013,157.789
arg,sex_m,eco_isic4_q,est_sizeaggregate_total,2014,141.964
arg,sex_m,eco_isic4_q,est_sizeaggregate_total,2017,174.448
arg,sex_m,eco_isic4_q,est_sizeaggregate_total,2018,187.353
arg,sex_m,eco_isic4_q,est_sizeaggregate_total,2019,203.529
arg,sex_m,eco_isic4_q,est_sizeaggregate_total,2020,190.004
arg,sex_m,eco_isic4_q,est_sizeaggregate_total,2021,193.282
arg,sex_m,eco_isic4_q,est_sizeaggregate_total,2022,204.244
arg,sex_m,eco_isic4_q,est_sizeaggregate_total,2023,204.429
arg,sex_m,eco_isic4_q,est_sizeaggregate_total,2024,228.496
arg,sex_m,eco_isic4_q,est_sizeaggregate_x,2011,32.864
arg,sex_m,eco_isic4_q,est_sizeaggregate_x,2012,39.013
arg,sex_m,eco_isic4_q,est_sizeaggregate_x,2013,29.802
arg,sex_m,eco_isic4_q,est_sizeaggregate_x,2014,30.904
arg,sex_m,eco_isic4_q,est_sizeaggregate_x,2017,39.78
arg,sex_m,eco_isic4_q,est_sizeaggregate_x,2018,42.856
arg,sex_m,eco_isic4_q,est_sizeaggregate_x,2019,42.566
arg,sex_m,eco_isic4_q,est_sizeaggregate_x,2020,48.691
arg,sex_m,eco_isic4_q,est_sizeaggregate_x,2021,40.83
arg,sex_m,eco_isic4_q,est_sizeaggregate_x,2022,59.958
arg,sex_m,eco_isic4_q,est_sizeaggregate_x,2023,52.885
arg,sex_m,eco_isic4_q,est_sizeaggregate_x,2024,55.763
arg,sex_m,eco_isic4_r,est_sizeaggregate_s1_4,2011,12.513
arg,sex_m,eco_isic4_r,est_sizeaggregate_s1_4,2012,15.961
arg,sex_m,eco_isic4_r,est_sizeaggregate_s1_4,2013,10.297
arg,sex_m,eco_isic4_r,est_sizeaggregate_s1_4,2014,11.634
arg,sex_m,eco_isic4_r,est_sizeaggregate_s1_4,2017,12.443
arg,sex_m,eco_isic4_r,est_sizeaggregate_s1_4,2018,12.361
arg,sex_m,eco_isic4_r,est_sizeaggregate_s1_4,2019,14.582
arg,sex_m,eco_isic4_r,est_sizeaggregate_s1_4,2020,9.809
arg,sex_m,eco_isic4_r,est_sizeaggregate_s1_4,2021,15.569
arg,sex_m,eco_isic4_r,est_sizeaggregate_s1_4,2022,13.167
arg,sex_m,eco_isic4_r,est_sizeaggregate_s1_4,2023,13.586
arg,sex_m,eco_isic4_r,est_sizeaggregate_s1_4,2024,18.114
arg,sex_m,eco_isic4_r,est_sizeaggregate_s5_49,2011,26.387
arg,sex_m,eco_isic4_r,est_sizeaggregate_s5_49,2012,20.248
arg,sex_m,eco_isic4_r,est_sizeaggregate_s5_49,2013,23.981
arg,sex_m,eco_isic4_r,est_sizeaggregate_s5_49,2014,23.458
arg,sex_m,eco_isic4_r,est_sizeaggregate_s5_49,2017,32.845
arg,sex_m,eco_isic4_r,est_sizeaggregate_s5_49,2018,25.868
arg,sex_m,eco_isic4_r,est_sizeaggregate_s5_49,2019,32.19
arg,sex_m,eco_isic4_r,est_sizeaggregate_s5_49,2020,15.253
arg,sex_m,eco_isic4_r,est_sizeaggregate_s5_49,2021,18.309
arg,sex_m,eco_isic4_r,est_sizeaggregate_s5_49,2022,26.002
arg,sex_m,eco_isic4_r,est_sizeaggregate_s5_49,2023,27.488
arg,sex_m,eco_isic4_r,est_sizeaggregate_s5_49,2024,38.308
arg,sex_m,eco_isic4_r,est_sizeaggregate_sge50,2011,29.872
arg,sex_m,eco_isic4_r,est_sizeaggregate_sge50,2012,25.072
arg,sex_m,eco_isic4_r,est_sizeaggregate_sge50,2013,26.487
arg,sex_m,eco_isic4_r,est_sizeaggregate_sge50,2014,27.17
arg,sex_m,eco_isic4_r,est_sizeaggregate_sge50,2017,20.95
arg,sex_m,eco_isic4_r,est_sizeaggregate_sge50,2018,20.574
arg,sex_m,eco_isic4_r,est_sizeaggregate_sge50,2019,24.481
arg,sex_m,eco_isic4_r,est_sizeaggregate_sge50,2020,23.999
arg,sex_m,eco_isic4_r,est_sizeaggregate_sge50,2021,23.172
arg,sex_m,eco_isic4_r,est_sizeaggregate_sge50,2022,27.247
arg,sex_m,eco_isic4_r,est_sizeaggregate_sge50,2023,24.875
arg,sex_m,eco_isic4_r,est_sizeaggregate_sge50,2024,28.682
arg,sex_m,eco_isic4_r,est_sizeaggregate_total,2011,92.222
arg,sex_m,eco_isic4_r,est_sizeaggregate_total,2012,85.261
arg,sex_m,eco_isic4_r,est_sizeaggregate_total,2013,86.942
arg,sex_m,eco_isic4_r,est_sizeaggregate_total,2014,86.197
arg,sex_m,eco_isic4_r,est_sizeaggregate_total,2017,95.187
arg,sex_m,eco_isic4_r,est_sizeaggregate_total,2018,89.504
arg,sex_m,eco_isic4_r,est_sizeaggregate_total,2019,95.27
arg,sex_m,eco_isic4_r,est_sizeaggregate_total,2020,65.337
arg,sex_m,eco_isic4_r,est_sizeaggregate_total,2021,88.744
arg,sex_m,eco_isic4_r,est_sizeaggregate_total,2022,91.517
arg,sex_m,eco_isic4_r,est_sizeaggregate_total,2023,97.068
arg,sex_m,eco_isic4_r,est_sizeaggregate_total,2024,109.217
arg,sex_m,eco_isic4_r,est_sizeaggregate_x,2011,23.449
arg,sex_m,eco_isic4_r,est_sizeaggregate_x,2012,23.98
arg,sex_m,eco_isic4_r,est_sizeaggregate_x,2013,26.178
arg,sex_m,eco_isic4_r,est_sizeaggregate_x,2014,23.935
arg,sex_m,eco_isic4_r,est_sizeaggregate_x,2017,28.95
arg,sex_m,eco_isic4_r,est_sizeaggregate_x,2018,30.7
arg,sex_m,eco_isic4_r,est_sizeaggregate_x,2019,24.017
arg,sex_m,eco_isic4_r,est_sizeaggregate_x,2020,16.276
arg,sex_m,eco_isic4_r,est_sizeaggregate_x,2021,31.693
arg,sex_m,eco_isic4_r,est_sizeaggregate_x,2022,25.101
arg,sex_m,eco_isic4_r,est_sizeaggregate_x,2023,31.119
arg,sex_m,eco_isic4_r,est_sizeaggregate_x,2024,24.113
arg,sex_m,eco_isic4_s,est_sizeaggregate_s1_4,2011,65.55
arg,sex_m,eco_isic4_s,est_sizeaggregate_s1_4,2012,55.052
arg,sex_m,eco_isic4_s,est_sizeaggregate_s1_4,2013,58.807
arg,sex_m,eco_isic4_s,est_sizeaggregate_s1_4,2014,48.063
arg,sex_m,eco_isic4_s,est_sizeaggregate_s1_4,2017,40.021
arg,sex_m,eco_isic4_s,est_sizeaggregate_s1_4,2018,49.535
arg,sex_m,eco_isic4_s,est_sizeaggregate_s1_4,2019,48.122
arg,sex_m,eco_isic4_s,est_sizeaggregate_s1_4,2020,44.384
arg,sex_m,eco_isic4_s,est_sizeaggregate_s1_4,2021,44.542
arg,sex_m,eco_isic4_s,est_sizeaggregate_s1_4,2022,54.834
arg,sex_m,eco_isic4_s,est_sizeaggregate_s1_4,2023,56.783
arg,sex_m,eco_isic4_s,est_sizeaggregate_s1_4,2024,43.652
arg,sex_m,eco_isic4_s,est_sizeaggregate_s5_49,2011,34.095
arg,sex_m,eco_isic4_s,est_sizeaggregate_s5_49,2012,37.717
arg,sex_m,eco_isic4_s,est_sizeaggregate_s5_49,2013,37.848
arg,sex_m,eco_isic4_s,est_sizeaggregate_s5_49,2014,34.507
arg,sex_m,eco_isic4_s,est_sizeaggregate_s5_49,2017,24.159
arg,sex_m,eco_isic4_s,est_sizeaggregate_s5_49,2018,19.774
arg,sex_m,eco_isic4_s,est_sizeaggregate_s5_49,2019,24.124
arg,sex_m,eco_isic4_s,est_sizeaggregate_s5_49,2020,22.051
arg,sex_m,eco_isic4_s,est_sizeaggregate_s5_49,2021,32.53
arg,sex_m,eco_isic4_s,est_sizeaggregate_s5_49,2022,27.12
arg,sex_m,eco_isic4_s,est_sizeaggregate_s5_49,2023,26.041
arg,sex_m,eco_isic4_s,est_sizeaggregate_s5_49,2024,23.926
arg,sex_m,eco_isic4_s,est_sizeaggregate_sge50,2011,19.343
arg,sex_m,eco_isic4_s,est_sizeaggregate_sge50,2012,16.712
arg,sex_m,eco_isic4_s,est_sizeaggregate_sge50,2013,14.928
arg,sex_m,eco_isic4_s,est_sizeaggregate_sge50,2014,21.156
arg,sex_m,eco_isic4_s,est_sizeaggregate_sge50,2017,5.082
arg,sex_m,eco_isic4_s,est_sizeaggregate_sge50,2018,8.851
arg,sex_m,eco_isic4_s,est_sizeaggregate_sge50,2019,11.781
arg,sex_m,eco_isic4_s,est_sizeaggregate_sge50,2020,14.678
arg,sex_m,eco_isic4_s,est_sizeaggregate_sge50,2021,15.582
arg,sex_m,eco_isic4_s,est_sizeaggregate_sge50,2022,18.29
arg,sex_m,eco_isic4_s,est_sizeaggregate_sge50,2023,21.172
arg,sex_m,eco_isic4_s,est_sizeaggregate_sge50,2024,11.421
arg,sex_m,eco_isic4_s,est_sizeaggregate_total,2011,143.668
arg,sex_m,eco_isic4_s,est_sizeaggregate_total,2012,134.169
arg,sex_m,eco_isic4_s,est_sizeaggregate_total,2013,143.544
arg,sex_m,eco_isic4_s,est_sizeaggregate_total,2014,133.779
arg,sex_m,eco_isic4_s,est_sizeaggregate_total,2017,94.989
arg,sex_m,eco_isic4_s,est_sizeaggregate_total,2018,101.804
arg,sex_m,eco_isic4_s,est_sizeaggregate_total,2019,105.944
arg,sex_m,eco_isic4_s,est_sizeaggregate_total,2020,98.935
arg,sex_m,eco_isic4_s,est_sizeaggregate_total,2021,118.18
arg,sex_m,eco_isic4_s,est_sizeaggregate_total,2022,133.354
arg,sex_m,eco_isic4_s,est_sizeaggregate_total,2023,132.77
arg,sex_m,eco_isic4_s,est_sizeaggregate_total,2024,100.732
arg,sex_m,eco_isic4_s,est_sizeaggregate_x,2011,24.681
arg,sex_m,eco_isic4_s,est_sizeaggregate_x,2012,24.689
arg,sex_m,eco_isic4_s,est_sizeaggregate_x,2013,31.961
arg,sex_m,eco_isic4_s,est_sizeaggregate_x,2014,30.054
arg,sex_m,eco_isic4_s,est_sizeaggregate_x,2017,25.727
arg,sex_m,eco_isic4_s,est_sizeaggregate_x,2018,23.643
arg,sex_m,eco_isic4_s,est_sizeaggregate_x,2019,21.916
arg,sex_m,eco_isic4_s,est_sizeaggregate_x,2020,17.821
arg,sex_m,eco_isic4_s,est_sizeaggregate_x,2021,25.526
arg,sex_m,eco_isic4_s,est_sizeaggregate_x,2022,33.11
arg,sex_m,eco_isic4_s,est_sizeaggregate_x,2023,28.774
arg,sex_m,eco_isic4_s,est_sizeaggregate_x,2024,21.733
arg,sex_m,eco_isic4_t,est_sizeaggregate_s1_4,2011,1.832
arg,sex_m,eco_isic4_t,est_sizeaggregate_s1_4,2012,1.358
arg,sex_m,eco_isic4_t,est_sizeaggregate_s1_4,2013,0.937
arg,sex_m,eco_isic4_t,est_sizeaggregate_s1_4,2014,0.992
arg,sex_m,eco_isic4_t,est_sizeaggregate_s1_4,2017,1.918
arg,sex_m,eco_isic4_t,est_sizeaggregate_s1_4,2018,2.058
arg,sex_m,eco_isic4_t,est_sizeaggregate_s1_4,2019,3.233
arg,sex_m,eco_isic4_t,est_sizeaggregate_s1_4,2020,2.035
arg,sex_m,eco_isic4_t,est_sizeaggregate_s1_4,2021,0.715
arg,sex_m,eco_isic4_t,est_sizeaggregate_s1_4,2022,1.319
arg,sex_m,eco_isic4_t,est_sizeaggregate_s1_4,2023,1.254
arg,sex_m,eco_isic4_t,est_sizeaggregate_s1_4,2024,2.861
arg,sex_m,eco_isic4_t,est_sizeaggregate_total,2011,18.541
arg,sex_m,eco_isic4_t,est_sizeaggregate_total,2012,17.394
arg,sex_m,eco_isic4_t,est_sizeaggregate_total,2013,13.261
arg,sex_m,eco_isic4_t,est_sizeaggregate_total,2014,11.506
arg,sex_m,eco_isic4_t,est_sizeaggregate_total,2017,16.666
arg,sex_m,eco_isic4_t,est_sizeaggregate_total,2018,17.938
arg,sex_m,eco_isic4_t,est_sizeaggregate_total,2019,23.888
arg,sex_m,eco_isic4_t,est_sizeaggregate_total,2020,13.69
arg,sex_m,eco_isic4_t,est_sizeaggregate_total,2021,14.203
arg,sex_m,eco_isic4_t,est_sizeaggregate_total,2022,20.312
arg,sex_m,eco_isic4_t,est_sizeaggregate_total,2023,20.093
arg,sex_m,eco_isic4_t,est_sizeaggregate_total,2024,29.79
arg,sex_m,eco_isic4_t,est_sizeaggregate_x,2011,16.522
arg,sex_m,eco_isic4_t,est_sizeaggregate_x,2012,16.036
arg,sex_m,eco_isic4_t,est_sizeaggregate_x,2013,12.264
arg,sex_m,eco_isic4_t,est_sizeaggregate_x,2014,10.46
arg,sex_m,eco_isic4_t,est_sizeaggregate_x,2017,14.748
arg,sex_m,eco_isic4_t,est_sizeaggregate_x,2018,15.715
arg,sex_m,eco_isic4_t,est_sizeaggregate_x,2019,20.514
arg,sex_m,eco_isic4_t,est_sizeaggregate_x,2020,11.437
arg,sex_m,eco_isic4_t,est_sizeaggregate_x,2021,13.247
arg,sex_m,eco_isic4_t,est_sizeaggregate_x,2022,18.993
arg,sex_m,eco_isic4_t,est_sizeaggregate_x,2023,18.328
arg,sex_m,eco_isic4_t,est_sizeaggregate_x,2024,26.586
arg,sex_m,eco_isic4_total,est_sizeaggregate_s1_4,2011,955.127
arg,sex_m,eco_isic4_total,est_sizeaggregate_s1_4,2012,982.122
arg,sex_m,eco_isic4_total,est_sizeaggregate_s1_4,2013,994.058
arg,sex_m,eco_isic4_total,est_sizeaggregate_s1_4,2014,965.25
arg,sex_m,eco_isic4_total,est_sizeaggregate_s1_4,2017,940.085
arg,sex_m,eco_isic4_total,est_sizeaggregate_s1_4,2018,991.157
arg,sex_m,eco_isic4_total,est_sizeaggregate_s1_4,2019,1003.248
arg,sex_m,eco_isic4_total,est_sizeaggregate_s1_4,2020,866.96
arg,sex_m,eco_isic4_total,est_sizeaggregate_s1_4,2021,930.872
arg,sex_m,eco_isic4_total,est_sizeaggregate_s1_4,2022,1032.633
arg,sex_m,eco_isic4_total,est_sizeaggregate_s1_4,2023,1047.753
arg,sex_m,eco_isic4_total,est_sizeaggregate_s1_4,2024,1055.884
arg,sex_m,eco_isic4_total,est_sizeaggregate_s5_49,2011,1278.194
arg,sex_m,eco_isic4_total,est_sizeaggregate_s5_49,2012,1189.266
arg,sex_m,eco_isic4_total,est_sizeaggregate_s5_49,2013,1156.466
arg,sex_m,eco_isic4_total,est_sizeaggregate_s5_49,2014,1148.206
arg,sex_m,eco_isic4_total,est_sizeaggregate_s5_49,2017,1272.216
arg,sex_m,eco_isic4_total,est_sizeaggregate_s5_49,2018,1233.31
arg,sex_m,eco_isic4_total,est_sizeaggregate_s5_49,2019,1198.354
arg,sex_m,eco_isic4_total,est_sizeaggregate_s5_49,2020,1015.572
arg,sex_m,eco_isic4_total,est_sizeaggregate_s5_49,2021,1167.811
arg,sex_m,eco_isic4_total,est_sizeaggregate_s5_49,2022,1206.856
arg,sex_m,eco_isic4_total,est_sizeaggregate_s5_49,2023,1327.141
arg,sex_m,eco_isic4_total,est_sizeaggregate_s5_49,2024,1330.83
arg,sex_m,eco_isic4_total,est_sizeaggregate_sge50,2011,1396.795
arg,sex_m,eco_isic4_total,est_sizeaggregate_sge50,2012,1382.349
arg,sex_m,eco_isic4_total,est_sizeaggregate_sge50,2013,1416.553
arg,sex_m,eco_isic4_total,est_sizeaggregate_sge50,2014,1446.78
arg,sex_m,eco_isic4_total,est_sizeaggregate_sge50,2017,1410.197
arg,sex_m,eco_isic4_total,est_sizeaggregate_sge50,2018,1390.348
arg,sex_m,eco_isic4_total,est_sizeaggregate_sge50,2019,1463.556
arg,sex_m,eco_isic4_total,est_sizeaggregate_sge50,2020,1418.83
arg,sex_m,eco_isic4_total,est_sizeaggregate_sge50,2021,1590.568
arg,sex_m,eco_isic4_total,est_sizeaggregate_sge50,2022,1510.417
arg,sex_m,eco_isic4_total,est_sizeaggregate_sge50,2023,1572.407
arg,sex_m,eco_isic4_total,est_sizeaggregate_sge50,2024,1627.643
arg,sex_m,eco_isic4_total,est_sizeaggregate_total,2011,4668.87
arg,sex_m,eco_isic4_total,est_sizeaggregate_total,2012,4686.266
arg,sex_m,eco_isic4_total,est_sizeaggregate_total,2013,4691.883
arg,sex_m,eco_isic4_total,est_sizeaggregate_total,2014,4726.804
arg,sex_m,eco_isic4_total,est_sizeaggregate_total,2017,4764.419
arg,sex_m,eco_isic4_total,est_sizeaggregate_total,2018,4791.785
arg,sex_m,eco_isic4_total,est_sizeaggregate_total,2019,4835.164
arg,sex_m,eco_isic4_total,est_sizeaggregate_total,2020,4370.699
arg,sex_m,eco_isic4_total,est_sizeaggregate_total,2021,4904.775
arg,sex_m,eco_isic4_total,est_sizeaggregate_total,2022,5145.399
arg,sex_m,eco_isic4_total,est_sizeaggregate_total,2023,5344.734
arg,sex_m,eco_isic4_total,est_sizeaggregate_total,2024,5298.428
arg,sex_m,eco_isic4_total,est_sizeaggregate_x,2011,1038.754
arg,sex_m,eco_isic4_total,est_sizeaggregate_x,2012,1132.528
arg,sex_m,eco_isic4_total,est_sizeaggregate_x,2013,1124.806
arg,sex_m,eco_isic4_total,est_sizeaggregate_x,2014,1166.567
arg,sex_m,eco_isic4_total,est_sizeaggregate_x,2017,1141.922
arg,sex_m,eco_isic4_total,est_sizeaggregate_x,2018,1176.97
arg,sex_m,eco_isic4_total,est_sizeaggregate_x,2019,1170.006
arg,sex_m,eco_isic4_total,est_sizeaggregate_x,2020,1069.337
arg,sex_m,eco_isic4_total,est_sizeaggregate_x,2021,1215.524
arg,sex_m,eco_isic4_total,est_sizeaggregate_x,2022,1395.493
arg,sex_m,eco_isic4_total,est_sizeaggregate_x,2023,1397.432
arg,sex_m,eco_isic4_total,est_sizeaggregate_x,2024,1284.07
arg,sex_m,eco_isic4_u,est_sizeaggregate_total,2012,2.202
arg,sex_m,eco_isic4_u,est_sizeaggregate_total,2019,1.858
arg,sex_m,eco_isic4_x,est_sizeaggregate_s1_4,2011,5.884
arg,sex_m,eco_isic4_x,est_sizeaggregate_s1_4,2012,10.439
arg,sex_m,eco_isic4_x,est_sizeaggregate_s1_4,2013,9.986
arg,sex_m,eco_isic4_x,est_sizeaggregate_s1_4,2014,15.169
arg,sex_m,eco_isic4_x,est_sizeaggregate_s1_4,2017,12.282
arg,sex_m,eco_isic4_x,est_sizeaggregate_s1_4,2018,18.787
arg,sex_m,eco_isic4_x,est_sizeaggregate_s1_4,2019,12.981
arg,sex_m,eco_isic4_x,est_sizeaggregate_s1_4,2020,9.642
arg,sex_m,eco_isic4_x,est_sizeaggregate_s1_4,2021,15.714
arg,sex_m,eco_isic4_x,est_sizeaggregate_s1_4,2022,26.126
arg,sex_m,eco_isic4_x,est_sizeaggregate_s1_4,2023,14.064
arg,sex_m,eco_isic4_x,est_sizeaggregate_s1_4,2024,12.965
arg,sex_m,eco_isic4_x,est_sizeaggregate_s5_49,2011,19.823
arg,sex_m,eco_isic4_x,est_sizeaggregate_s5_49,2012,25.358
arg,sex_m,eco_isic4_x,est_sizeaggregate_s5_49,2013,20.472
arg,sex_m,eco_isic4_x,est_sizeaggregate_s5_49,2014,30.279
arg,sex_m,eco_isic4_x,est_sizeaggregate_s5_49,2017,38.01
arg,sex_m,eco_isic4_x,est_sizeaggregate_s5_49,2018,44.031
arg,sex_m,eco_isic4_x,est_sizeaggregate_s5_49,2019,35.262
arg,sex_m,eco_isic4_x,est_sizeaggregate_s5_49,2020,29.078
arg,sex_m,eco_isic4_x,est_sizeaggregate_s5_49,2021,34.847
arg,sex_m,eco_isic4_x,est_sizeaggregate_s5_49,2022,50.641
arg,sex_m,eco_isic4_x,est_sizeaggregate_s5_49,2023,30.915
arg,sex_m,eco_isic4_x,est_sizeaggregate_s5_49,2024,23.123
arg,sex_m,eco_isic4_x,est_sizeaggregate_sge50,2011,28.398
arg,sex_m,eco_isic4_x,est_sizeaggregate_sge50,2012,33.85
arg,sex_m,eco_isic4_x,est_sizeaggregate_sge50,2013,37.08
arg,sex_m,eco_isic4_x,est_sizeaggregate_sge50,2014,29.294
arg,sex_m,eco_isic4_x,est_sizeaggregate_sge50,2017,40.293
arg,sex_m,eco_isic4_x,est_sizeaggregate_sge50,2018,39.575
arg,sex_m,eco_isic4_x,est_sizeaggregate_sge50,2019,29.264
arg,sex_m,eco_isic4_x,est_sizeaggregate_sge50,2020,39.499
arg,sex_m,eco_isic4_x,est_sizeaggregate_sge50,2021,51.039
arg,sex_m,eco_isic4_x,est_sizeaggregate_sge50,2022,55.726
arg,sex_m,eco_isic4_x,est_sizeaggregate_sge50,2023,45.821
arg,sex_m,eco_isic4_x,est_sizeaggregate_sge50,2024,23.886
arg,sex_m,eco_isic4_x,est_sizeaggregate_total,2011,85.909
arg,sex_m,eco_isic4_x,est_sizeaggregate_total,2012,104.681
arg,sex_m,eco_isic4_x,est_sizeaggregate_total,2013,113.991
arg,sex_m,eco_isic4_x,est_sizeaggregate_total,2014,121.433
arg,sex_m,eco_isic4_x,est_sizeaggregate_total,2017,141.725
arg,sex_m,eco_isic4_x,est_sizeaggregate_total,2018,160.069
arg,sex_m,eco_isic4_x,est_sizeaggregate_total,2019,116.004
arg,sex_m,eco_isic4_x,est_sizeaggregate_total,2020,108.786
arg,sex_m,eco_isic4_x,est_sizeaggregate_total,2021,149.566
arg,sex_m,eco_isic4_x,est_sizeaggregate_total,2022,195.124
arg,sex_m,eco_isic4_x,est_sizeaggregate_total,2023,129.113
arg,sex_m,eco_isic4_x,est_sizeaggregate_total,2024,98.106
arg,sex_m,eco_isic4_x,est_sizeaggregate_x,2011,31.804
arg,sex_m,eco_isic4_x,est_sizeaggregate_x,2012,35.035
arg,sex_m,eco_isic4_x,est_sizeaggregate_x,2013,46.453
arg,sex_m,eco_isic4_x,est_sizeaggregate_x,2014,46.691
arg,sex_m,eco_isic4_x,est_sizeaggregate_x,2017,51.139
arg,sex_m,eco_isic4_x,est_sizeaggregate_x,2018,57.676
arg,sex_m,eco_isic4_x,est_sizeaggregate_x,2019,38.498
arg,sex_m,eco_isic4_x,est_sizeaggregate_x,2020,30.565
arg,sex_m,eco_isic4_x,est_sizeaggregate_x,2021,47.966
arg,sex_m,eco_isic4_x,est_sizeaggregate_x,2022,62.631
arg,sex_m,eco_isic4_x,est_sizeaggregate_x,2023,38.313
arg,sex_m,eco_isic4_x,est_sizeaggregate_x,2024,38.132
arg,sex_m,eco_sector_agr,est_sizeaggregate_s1_4,2004,23.697
arg,sex_m,eco_sector_agr,est_sizeaggregate_s1_4,2005,16.741
arg,sex_m,eco_sector_agr,est_sizeaggregate_s1_4,2006,13.07
arg,sex_m,eco_sector_agr,est_sizeaggregate_s1_4,2008,15.752
arg,sex_m,eco_sector_agr,est_sizeaggregate_s1_4,2009,16.621
arg,sex_m,eco_sector_agr,est_sizeaggregate_s1_4,2010,18.551
arg,sex_m,eco_sector_agr,est_sizeaggregate_s1_4,2011,11.912
arg,sex_m,eco_sector_agr,est_sizeaggregate_s1_4,2012,11.902
arg,sex_m,eco_sector_agr,est_sizeaggregate_s1_4,2013,12.204
arg,sex_m,eco_sector_agr,est_sizeaggregate_s1_4,2014,13.566
arg,sex_m,eco_sector_agr,est_sizeaggregate_s1_4,2017,7.088
arg,sex_m,eco_sector_agr,est_sizeaggregate_s1_4,2018,8.783
arg,sex_m,eco_sector_agr,est_sizeaggregate_s1_4,2019,7.278
arg,sex_m,eco_sector_agr,est_sizeaggregate_s1_4,2020,5.267
arg,sex_m,eco_sector_agr,est_sizeaggregate_s1_4,2021,6.421
arg,sex_m,eco_sector_agr,est_sizeaggregate_s1_4,2022,10.069
arg,sex_m,eco_sector_agr,est_sizeaggregate_s1_4,2023,6.316
arg,sex_m,eco_sector_agr,est_sizeaggregate_s1_4,2024,8.089
arg,sex_m,eco_sector_agr,est_sizeaggregate_s5_49,2004,24.175
arg,sex_m,eco_sector_agr,est_sizeaggregate_s5_49,2005,19.695
arg,sex_m,eco_sector_agr,est_sizeaggregate_s5_49,2006,20.08
arg,sex_m,eco_sector_agr,est_sizeaggregate_s5_49,2008,18.291
arg,sex_m,eco_sector_agr,est_sizeaggregate_s5_49,2009,16.076
arg,sex_m,eco_sector_agr,est_sizeaggregate_s5_49,2010,14.031
arg,sex_m,eco_sector_agr,est_sizeaggregate_s5_49,2011,14.084
arg,sex_m,eco_sector_agr,est_sizeaggregate_s5_49,2012,11.194
arg,sex_m,eco_sector_agr,est_sizeaggregate_s5_49,2013,13.67
arg,sex_m,eco_sector_agr,est_sizeaggregate_s5_49,2014,17.86
arg,sex_m,eco_sector_agr,est_sizeaggregate_s5_49,2017,13.102
arg,sex_m,eco_sector_agr,est_sizeaggregate_s5_49,2018,11.126
arg,sex_m,eco_sector_agr,est_sizeaggregate_s5_49,2019,15.94
arg,sex_m,eco_sector_agr,est_sizeaggregate_s5_49,2020,12.859
arg,sex_m,eco_sector_agr,est_sizeaggregate_s5_49,2021,16.258
arg,sex_m,eco_sector_agr,est_sizeaggregate_s5_49,2022,17.82
arg,sex_m,eco_sector_agr,est_sizeaggregate_s5_49,2023,18.77
arg,sex_m,eco_sector_agr,est_sizeaggregate_s5_49,2024,19.629
arg,sex_m,eco_sector_agr,est_sizeaggregate_sge50,2004,7.411
arg,sex_m,eco_sector_agr,est_sizeaggregate_sge50,2005,7.634
arg,sex_m,eco_sector_agr,est_sizeaggregate_sge50,2006,7.286
arg,sex_m,eco_sector_agr,est_sizeaggregate_sge50,2008,6.006
arg,sex_m,eco_sector_agr,est_sizeaggregate_sge50,2009,6.406
arg,sex_m,eco_sector_agr,est_sizeaggregate_sge50,2010,7.534
arg,sex_m,eco_sector_agr,est_sizeaggregate_sge50,2011,5.404
arg,sex_m,eco_sector_agr,est_sizeaggregate_sge50,2012,4.451
arg,sex_m,eco_sector_agr,est_sizeaggregate_sge50,2013,5.505
arg,sex_m,eco_sector_agr,est_sizeaggregate_sge50,2014,3.444
arg,sex_m,eco_sector_agr,est_sizeaggregate_sge50,2017,5.272
arg,sex_m,eco_sector_agr,est_sizeaggregate_sge50,2018,5.421
arg,sex_m,eco_sector_agr,est_sizeaggregate_sge50,2019,6.173
arg,sex_m,eco_sector_agr,est_sizeaggregate_sge50,2020,3.624
arg,sex_m,eco_sector_agr,est_sizeaggregate_sge50,2021,4.089
arg,sex_m,eco_sector_agr,est_sizeaggregate_sge50,2022,7.708
arg,sex_m,eco_sector_agr,est_sizeaggregate_sge50,2023,7.252
arg,sex_m,eco_sector_agr,est_sizeaggregate_sge50,2024,10.189
arg,sex_m,eco_sector_agr,est_sizeaggregate_total,2004,66.132
arg,sex_m,eco_sector_agr,est_sizeaggregate_total,2005,55.252
arg,sex_m,eco_sector_agr,est_sizeaggregate_total,2006,49.261
arg,sex_m,eco_sector_agr,est_sizeaggregate_total,2008,49.58
arg,sex_m,eco_sector_agr,est_sizeaggregate_total,2009,52.222
arg,sex_m,eco_sector_agr,est_sizeaggregate_total,2010,48.705
arg,sex_m,eco_sector_agr,est_sizeaggregate_total,2011,37.676
arg,sex_m,eco_sector_agr,est_sizeaggregate_total,2012,36.014
arg,sex_m,eco_sector_agr,est_sizeaggregate_total,2013,40.682
arg,sex_m,eco_sector_agr,est_sizeaggregate_total,2014,41.19
arg,sex_m,eco_sector_agr,est_sizeaggregate_total,2017,34.827
arg,sex_m,eco_sector_agr,est_sizeaggregate_total,2018,31.566
arg,sex_m,eco_sector_agr,est_sizeaggregate_total,2019,35.64
arg,sex_m,eco_sector_agr,est_sizeaggregate_total,2020,27.937
arg,sex_m,eco_sector_agr,est_sizeaggregate_total,2021,35.409
arg,sex_m,eco_sector_agr,est_sizeaggregate_total,2022,45.151
arg,sex_m,eco_sector_agr,est_sizeaggregate_total,2023,42.942
arg,sex_m,eco_sector_agr,est_sizeaggregate_total,2024,46.304
arg,sex_m,eco_sector_agr,est_sizeaggregate_x,2004,10.848
arg,sex_m,eco_sector_agr,est_sizeaggregate_x,2005,11.183
arg,sex_m,eco_sector_agr,est_sizeaggregate_x,2006,8.826
arg,sex_m,eco_sector_agr,est_sizeaggregate_x,2008,9.53
arg,sex_m,eco_sector_agr,est_sizeaggregate_x,2009,13.118
arg,sex_m,eco_sector_agr,est_sizeaggregate_x,2010,8.589
arg,sex_m,eco_sector_agr,est_sizeaggregate_x,2011,6.275
arg,sex_m,eco_sector_agr,est_sizeaggregate_x,2012,8.468
arg,sex_m,eco_sector_agr,est_sizeaggregate_x,2013,9.303
arg,sex_m,eco_sector_agr,est_sizeaggregate_x,2014,6.32
arg,sex_m,eco_sector_agr,est_sizeaggregate_x,2017,9.365
arg,sex_m,eco_sector_agr,est_sizeaggregate_x,2018,6.237
arg,sex_m,eco_sector_agr,est_sizeaggregate_x,2019,6.25
arg,sex_m,eco_sector_agr,est_sizeaggregate_x,2020,6.187
arg,sex_m,eco_sector_agr,est_sizeaggregate_x,2021,8.642
arg,sex_m,eco_sector_agr,est_sizeaggregate_x,2022,9.554
arg,sex_m,eco_sector_agr,est_sizeaggregate_x,2023,10.605
arg,sex_m,eco_sector_agr,est_sizeaggregate_x,2024,8.396
arg,sex_m,eco_sector_ind,est_sizeaggregate_s1_4,2004,333.312
arg,sex_m,eco_sector_ind,est_sizeaggregate_s1_4,2005,332.335
arg,sex_m,eco_sector_ind,est_sizeaggregate_s1_4,2006,339.194
arg,sex_m,eco_sector_ind,est_sizeaggregate_s1_4,2008,338.93
arg,sex_m,eco_sector_ind,est_sizeaggregate_s1_4,2009,350.651
arg,sex_m,eco_sector_ind,est_sizeaggregate_s1_4,2010,360.454
arg,sex_m,eco_sector_ind,est_sizeaggregate_s1_4,2011,350.998
arg,sex_m,eco_sector_ind,est_sizeaggregate_s1_4,2012,375.832
arg,sex_m,eco_sector_ind,est_sizeaggregate_s1_4,2013,399.801
arg,sex_m,eco_sector_ind,est_sizeaggregate_s1_4,2014,409.338
arg,sex_m,eco_sector_ind,est_sizeaggregate_s1_4,2017,381.3
arg,sex_m,eco_sector_ind,est_sizeaggregate_s1_4,2018,385.386
arg,sex_m,eco_sector_ind,est_sizeaggregate_s1_4,2019,393.599
arg,sex_m,eco_sector_ind,est_sizeaggregate_s1_4,2020,354.443
arg,sex_m,eco_sector_ind,est_sizeaggregate_s1_4,2021,381.81
arg,sex_m,eco_sector_ind,est_sizeaggregate_s1_4,2022,405.797
arg,sex_m,eco_sector_ind,est_sizeaggregate_s1_4,2023,402.252
arg,sex_m,eco_sector_ind,est_sizeaggregate_s1_4,2024,388.035
arg,sex_m,eco_sector_ind,est_sizeaggregate_s5_49,2004,326.174
arg,sex_m,eco_sector_ind,est_sizeaggregate_s5_49,2005,351.938
arg,sex_m,eco_sector_ind,est_sizeaggregate_s5_49,2006,391.179
arg,sex_m,eco_sector_ind,est_sizeaggregate_s5_49,2008,402.644
arg,sex_m,eco_sector_ind,est_sizeaggregate_s5_49,2009,379.46
arg,sex_m,eco_sector_ind,est_sizeaggregate_s5_49,2010,403.455
arg,sex_m,eco_sector_ind,est_sizeaggregate_s5_49,2011,425.7
arg,sex_m,eco_sector_ind,est_sizeaggregate_s5_49,2012,390.4
arg,sex_m,eco_sector_ind,est_sizeaggregate_s5_49,2013,388.839
arg,sex_m,eco_sector_ind,est_sizeaggregate_s5_49,2014,360.753
arg,sex_m,eco_sector_ind,est_sizeaggregate_s5_49,2017,360.034
arg,sex_m,eco_sector_ind,est_sizeaggregate_s5_49,2018,356.34
arg,sex_m,eco_sector_ind,est_sizeaggregate_s5_49,2019,347.033
arg,sex_m,eco_sector_ind,est_sizeaggregate_s5_49,2020,288.37
arg,sex_m,eco_sector_ind,est_sizeaggregate_s5_49,2021,331.718
arg,sex_m,eco_sector_ind,est_sizeaggregate_s5_49,2022,350.256
arg,sex_m,eco_sector_ind,est_sizeaggregate_s5_49,2023,403.153
arg,sex_m,eco_sector_ind,est_sizeaggregate_s5_49,2024,384.866
arg,sex_m,eco_sector_ind,est_sizeaggregate_sge50,2004,269.578
arg,sex_m,eco_sector_ind,est_sizeaggregate_sge50,2005,297.314
arg,sex_m,eco_sector_ind,est_sizeaggregate_sge50,2006,347.384
arg,sex_m,eco_sector_ind,est_sizeaggregate_sge50,2008,362.013
arg,sex_m,eco_sector_ind,est_sizeaggregate_sge50,2009,361.79
arg,sex_m,eco_sector_ind,est_sizeaggregate_sge50,2010,371.079
arg,sex_m,eco_sector_ind,est_sizeaggregate_sge50,2011,390.664
arg,sex_m,eco_sector_ind,est_sizeaggregate_sge50,2012,368.167
arg,sex_m,eco_sector_ind,est_sizeaggregate_sge50,2013,375.164
arg,sex_m,eco_sector_ind,est_sizeaggregate_sge50,2014,421.946
arg,sex_m,eco_sector_ind,est_sizeaggregate_sge50,2017,385.21
arg,sex_m,eco_sector_ind,est_sizeaggregate_sge50,2018,369.718
arg,sex_m,eco_sector_ind,est_sizeaggregate_sge50,2019,369.451
arg,sex_m,eco_sector_ind,est_sizeaggregate_sge50,2020,347.074
arg,sex_m,eco_sector_ind,est_sizeaggregate_sge50,2021,393.85
arg,sex_m,eco_sector_ind,est_sizeaggregate_sge50,2022,364.051
arg,sex_m,eco_sector_ind,est_sizeaggregate_sge50,2023,399.587
arg,sex_m,eco_sector_ind,est_sizeaggregate_sge50,2024,410.682
arg,sex_m,eco_sector_ind,est_sizeaggregate_total,2004,1165.922
arg,sex_m,eco_sector_ind,est_sizeaggregate_total,2005,1257.726
arg,sex_m,eco_sector_ind,est_sizeaggregate_total,2006,1375.776
arg,sex_m,eco_sector_ind,est_sizeaggregate_total,2008,1449.649
arg,sex_m,eco_sector_ind,est_sizeaggregate_total,2009,1411.097
arg,sex_m,eco_sector_ind,est_sizeaggregate_total,2010,1460.028
arg,sex_m,eco_sector_ind,est_sizeaggregate_total,2011,1506.25
arg,sex_m,eco_sector_ind,est_sizeaggregate_total,2012,1502.27
arg,sex_m,eco_sector_ind,est_sizeaggregate_total,2013,1537.987
arg,sex_m,eco_sector_ind,est_sizeaggregate_total,2014,1586.898
arg,sex_m,eco_sector_ind,est_sizeaggregate_total,2017,1468.653
arg,sex_m,eco_sector_ind,est_sizeaggregate_total,2018,1448.794
arg,sex_m,eco_sector_ind,est_sizeaggregate_total,2019,1463.47
arg,sex_m,eco_sector_ind,est_sizeaggregate_total,2020,1306.375
arg,sex_m,eco_sector_ind,est_sizeaggregate_total,2021,1462.44
arg,sex_m,eco_sector_ind,est_sizeaggregate_total,2022,1541.994
arg,sex_m,eco_sector_ind,est_sizeaggregate_total,2023,1647.007
arg,sex_m,eco_sector_ind,est_sizeaggregate_total,2024,1523.446
arg,sex_m,eco_sector_ind,est_sizeaggregate_x,2004,236.857
arg,sex_m,eco_sector_ind,est_sizeaggregate_x,2005,276.139
arg,sex_m,eco_sector_ind,est_sizeaggregate_x,2006,298.02
arg,sex_m,eco_sector_ind,est_sizeaggregate_x,2008,346.061
arg,sex_m,eco_sector_ind,est_sizeaggregate_x,2009,319.196
arg,sex_m,eco_sector_ind,est_sizeaggregate_x,2010,325.04
arg,sex_m,eco_sector_ind,est_sizeaggregate_x,2011,338.888
arg,sex_m,eco_sector_ind,est_sizeaggregate_x,2012,367.871
arg,sex_m,eco_sector_ind,est_sizeaggregate_x,2013,374.183
arg,sex_m,eco_sector_ind,est_sizeaggregate_x,2014,394.86
arg,sex_m,eco_sector_ind,est_sizeaggregate_x,2017,342.108
arg,sex_m,eco_sector_ind,est_sizeaggregate_x,2018,337.351
arg,sex_m,eco_sector_ind,est_sizeaggregate_x,2019,353.387
arg,sex_m,eco_sector_ind,est_sizeaggregate_x,2020,316.488
arg,sex_m,eco_sector_ind,est_sizeaggregate_x,2021,355.062
arg,sex_m,eco_sector_ind,est_sizeaggregate_x,2022,421.89
arg,sex_m,eco_sector_ind,est_sizeaggregate_x,2023,442.015
arg,sex_m,eco_sector_ind,est_sizeaggregate_x,2024,339.862
arg,sex_m,eco_sector_nag,est_sizeaggregate_s1_4,2004,967.996
arg,sex_m,eco_sector_nag,est_sizeaggregate_s1_4,2005,949.393
arg,sex_m,eco_sector_nag,est_sizeaggregate_s1_4,2006,928.468
arg,sex_m,eco_sector_nag,est_sizeaggregate_s1_4,2008,911.238
arg,sex_m,eco_sector_nag,est_sizeaggregate_s1_4,2009,955.351
arg,sex_m,eco_sector_nag,est_sizeaggregate_s1_4,2010,954.642
arg,sex_m,eco_sector_nag,est_sizeaggregate_s1_4,2011,943.215
arg,sex_m,eco_sector_nag,est_sizeaggregate_s1_4,2012,970.22
arg,sex_m,eco_sector_nag,est_sizeaggregate_s1_4,2013,981.854
arg,sex_m,eco_sector_nag,est_sizeaggregate_s1_4,2014,951.684
arg,sex_m,eco_sector_nag,est_sizeaggregate_s1_4,2017,932.996
arg,sex_m,eco_sector_nag,est_sizeaggregate_s1_4,2018,982.374
arg,sex_m,eco_sector_nag,est_sizeaggregate_s1_4,2019,995.97
arg,sex_m,eco_sector_nag,est_sizeaggregate_s1_4,2020,861.693
arg,sex_m,eco_sector_nag,est_sizeaggregate_s1_4,2021,924.451
arg,sex_m,eco_sector_nag,est_sizeaggregate_s1_4,2022,1022.564
arg,sex_m,eco_sector_nag,est_sizeaggregate_s1_4,2023,1041.437
arg,sex_m,eco_sector_nag,est_sizeaggregate_s1_4,2024,1047.794
arg,sex_m,eco_sector_nag,est_sizeaggregate_s5_49,2004,1004.893
arg,sex_m,eco_sector_nag,est_sizeaggregate_s5_49,2005,1043.49
arg,sex_m,eco_sector_nag,est_sizeaggregate_s5_49,2006,1139.451
arg,sex_m,eco_sector_nag,est_sizeaggregate_s5_49,2008,1171.659
arg,sex_m,eco_sector_nag,est_sizeaggregate_s5_49,2009,1145.185
arg,sex_m,eco_sector_nag,est_sizeaggregate_s5_49,2010,1208.118
arg,sex_m,eco_sector_nag,est_sizeaggregate_s5_49,2011,1264.11
arg,sex_m,eco_sector_nag,est_sizeaggregate_s5_49,2012,1178.072
arg,sex_m,eco_sector_nag,est_sizeaggregate_s5_49,2013,1142.796
arg,sex_m,eco_sector_nag,est_sizeaggregate_s5_49,2014,1130.347
arg,sex_m,eco_sector_nag,est_sizeaggregate_s5_49,2017,1259.114
arg,sex_m,eco_sector_nag,est_sizeaggregate_s5_49,2018,1222.184
arg,sex_m,eco_sector_nag,est_sizeaggregate_s5_49,2019,1182.415
arg,sex_m,eco_sector_nag,est_sizeaggregate_s5_49,2020,1002.714
arg,sex_m,eco_sector_nag,est_sizeaggregate_s5_49,2021,1151.552
arg,sex_m,eco_sector_nag,est_sizeaggregate_s5_49,2022,1189.036
arg,sex_m,eco_sector_nag,est_sizeaggregate_s5_49,2023,1308.372
arg,sex_m,eco_sector_nag,est_sizeaggregate_s5_49,2024,1311.201
arg,sex_m,eco_sector_nag,est_sizeaggregate_sge50,2004,975.916
arg,sex_m,eco_sector_nag,est_sizeaggregate_sge50,2005,1066.135
arg,sex_m,eco_sector_nag,est_sizeaggregate_sge50,2006,1166.089
arg,sex_m,eco_sector_nag,est_sizeaggregate_sge50,2008,1228.326
arg,sex_m,eco_sector_nag,est_sizeaggregate_sge50,2009,1258.21
arg,sex_m,eco_sector_nag,est_sizeaggregate_sge50,2010,1304.215
arg,sex_m,eco_sector_nag,est_sizeaggregate_sge50,2011,1391.391
arg,sex_m,eco_sector_nag,est_sizeaggregate_sge50,2012,1377.898
arg,sex_m,eco_sector_nag,est_sizeaggregate_sge50,2013,1411.048
arg,sex_m,eco_sector_nag,est_sizeaggregate_sge50,2014,1443.336
arg,sex_m,eco_sector_nag,est_sizeaggregate_sge50,2017,1404.925
arg,sex_m,eco_sector_nag,est_sizeaggregate_sge50,2018,1384.927
arg,sex_m,eco_sector_nag,est_sizeaggregate_sge50,2019,1457.383
arg,sex_m,eco_sector_nag,est_sizeaggregate_sge50,2020,1415.206
arg,sex_m,eco_sector_nag,est_sizeaggregate_sge50,2021,1586.479
arg,sex_m,eco_sector_nag,est_sizeaggregate_sge50,2022,1502.708
arg,sex_m,eco_sector_nag,est_sizeaggregate_sge50,2023,1565.156
arg,sex_m,eco_sector_nag,est_sizeaggregate_sge50,2024,1617.455
arg,sex_m,eco_sector_nag,est_sizeaggregate_total,2004,3746.671
arg,sex_m,eco_sector_nag,est_sizeaggregate_total,2005,3902.089
arg,sex_m,eco_sector_nag,est_sizeaggregate_total,2006,4116.414
arg,sex_m,eco_sector_nag,est_sizeaggregate_total,2008,4337.98
arg,sex_m,eco_sector_nag,est_sizeaggregate_total,2009,4328.501
arg,sex_m,eco_sector_nag,est_sizeaggregate_total,2010,4469.116
arg,sex_m,eco_sector_nag,est_sizeaggregate_total,2011,4631.194
arg,sex_m,eco_sector_nag,est_sizeaggregate_total,2012,4650.251
arg,sex_m,eco_sector_nag,est_sizeaggregate_total,2013,4651.201
arg,sex_m,eco_sector_nag,est_sizeaggregate_total,2014,4685.614
arg,sex_m,eco_sector_nag,est_sizeaggregate_total,2017,4729.592
arg,sex_m,eco_sector_nag,est_sizeaggregate_total,2018,4760.219
arg,sex_m,eco_sector_nag,est_sizeaggregate_total,2019,4799.525
arg,sex_m,eco_sector_nag,est_sizeaggregate_total,2020,4342.762
arg,sex_m,eco_sector_nag,est_sizeaggregate_total,2021,4869.366
arg,sex_m,eco_sector_nag,est_sizeaggregate_total,2022,5100.247
arg,sex_m,eco_sector_nag,est_sizeaggregate_total,2023,5301.792
arg,sex_m,eco_sector_nag,est_sizeaggregate_total,2024,5252.124
arg,sex_m,eco_sector_nag,est_sizeaggregate_x,2004,797.866
arg,sex_m,eco_sector_nag,est_sizeaggregate_x,2005,843.071
arg,sex_m,eco_sector_nag,est_sizeaggregate_x,2006,882.407
arg,sex_m,eco_sector_nag,est_sizeaggregate_x,2008,1026.756
arg,sex_m,eco_sector_nag,est_sizeaggregate_x,2009,969.754
arg,sex_m,eco_sector_nag,est_sizeaggregate_x,2010,1002.142
arg,sex_m,eco_sector_nag,est_sizeaggregate_x,2011,1032.478
arg,sex_m,eco_sector_nag,est_sizeaggregate_x,2012,1124.06
arg,sex_m,eco_sector_nag,est_sizeaggregate_x,2013,1115.503
arg,sex_m,eco_sector_nag,est_sizeaggregate_x,2014,1160.247
arg,sex_m,eco_sector_nag,est_sizeaggregate_x,2017,1132.557
arg,sex_m,eco_sector_nag,est_sizeaggregate_x,2018,1170.734
arg,sex_m,eco_sector_nag,est_sizeaggregate_x,2019,1163.756
arg,sex_m,eco_sector_nag,est_sizeaggregate_x,2020,1063.15
arg,sex_m,eco_sector_nag,est_sizeaggregate_x,2021,1206.883
arg,sex_m,eco_sector_nag,est_sizeaggregate_x,2022,1385.939
arg,sex_m,eco_sector_nag,est_sizeaggregate_x,2023,1386.828
arg,sex_m,eco_sector_nag,est_sizeaggregate_x,2024,1275.674
arg,sex_m,eco_sector_ser,est_sizeaggregate_s1_4,2004,633.829
arg,sex_m,eco_sector_ser,est_sizeaggregate_s1_4,2005,616.116
arg,sex_m,eco_sector_ser,est_sizeaggregate_s1_4,2006,588.812
arg,sex_m,eco_sector_ser,est_sizeaggregate_s1_4,2008,570.364
arg,sex_m,eco_sector_ser,est_sizeaggregate_s1_4,2009,603.145
arg,sex_m,eco_sector_ser,est_sizeaggregate_s1_4,2010,591.16
arg,sex_m,eco_sector_ser,est_sizeaggregate_s1_4,2011,586.332
arg,sex_m,eco_sector_ser,est_sizeaggregate_s1_4,2012,583.949
arg,sex_m,eco_sector_ser,est_sizeaggregate_s1_4,2013,572.066
arg,sex_m,eco_sector_ser,est_sizeaggregate_s1_4,2014,527.177
arg,sex_m,eco_sector_ser,est_sizeaggregate_s1_4,2017,539.414
arg,sex_m,eco_sector_ser,est_sizeaggregate_s1_4,2018,578.202
arg,sex_m,eco_sector_ser,est_sizeaggregate_s1_4,2019,589.39
arg,sex_m,eco_sector_ser,est_sizeaggregate_s1_4,2020,497.608
arg,sex_m,eco_sector_ser,est_sizeaggregate_s1_4,2021,526.927
arg,sex_m,eco_sector_ser,est_sizeaggregate_s1_4,2022,590.641
arg,sex_m,eco_sector_ser,est_sizeaggregate_s1_4,2023,625.121
arg,sex_m,eco_sector_ser,est_sizeaggregate_s1_4,2024,646.794
arg,sex_m,eco_sector_ser,est_sizeaggregate_s5_49,2004,677.3
arg,sex_m,eco_sector_ser,est_sizeaggregate_s5_49,2005,690.689
arg,sex_m,eco_sector_ser,est_sizeaggregate_s5_49,2006,747.199
arg,sex_m,eco_sector_ser,est_sizeaggregate_s5_49,2008,764.1
arg,sex_m,eco_sector_ser,est_sizeaggregate_s5_49,2009,758.939
arg,sex_m,eco_sector_ser,est_sizeaggregate_s5_49,2010,799.332
arg,sex_m,eco_sector_ser,est_sizeaggregate_s5_49,2011,818.587
arg,sex_m,eco_sector_ser,est_sizeaggregate_s5_49,2012,762.315
arg,sex_m,eco_sector_ser,est_sizeaggregate_s5_49,2013,733.485
arg,sex_m,eco_sector_ser,est_sizeaggregate_s5_49,2014,739.314
arg,sex_m,eco_sector_ser,est_sizeaggregate_s5_49,2017,861.069
arg,sex_m,eco_sector_ser,est_sizeaggregate_s5_49,2018,821.814
arg,sex_m,eco_sector_ser,est_sizeaggregate_s5_49,2019,800.12
arg,sex_m,eco_sector_ser,est_sizeaggregate_s5_49,2020,685.265
arg,sex_m,eco_sector_ser,est_sizeaggregate_s5_49,2021,784.987
arg,sex_m,eco_sector_ser,est_sizeaggregate_s5_49,2022,788.14
arg,sex_m,eco_sector_ser,est_sizeaggregate_s5_49,2023,874.304
arg,sex_m,eco_sector_ser,est_sizeaggregate_s5_49,2024,903.212
arg,sex_m,eco_sector_ser,est_sizeaggregate_sge50,2004,704.397
arg,sex_m,eco_sector_ser,est_sizeaggregate_sge50,2005,767.502
arg,sex_m,eco_sector_ser,est_sizeaggregate_sge50,2006,816.864
arg,sex_m,eco_sector_ser,est_sizeaggregate_sge50,2008,860.172
arg,sex_m,eco_sector_ser,est_sizeaggregate_sge50,2009,891.89
arg,sex_m,eco_sector_ser,est_sizeaggregate_sge50,2010,921.354
arg,sex_m,eco_sector_ser,est_sizeaggregate_sge50,2011,972.329
arg,sex_m,eco_sector_ser,est_sizeaggregate_sge50,2012,975.882
arg,sex_m,eco_sector_ser,est_sizeaggregate_sge50,2013,998.805
arg,sex_m,eco_sector_ser,est_sizeaggregate_sge50,2014,992.096
arg,sex_m,eco_sector_ser,est_sizeaggregate_sge50,2017,979.422
arg,sex_m,eco_sector_ser,est_sizeaggregate_sge50,2018,975.634
arg,sex_m,eco_sector_ser,est_sizeaggregate_sge50,2019,1058.668
arg,sex_m,eco_sector_ser,est_sizeaggregate_sge50,2020,1028.632
arg,sex_m,eco_sector_ser,est_sizeaggregate_sge50,2021,1141.59
arg,sex_m,eco_sector_ser,est_sizeaggregate_sge50,2022,1082.931
arg,sex_m,eco_sector_ser,est_sizeaggregate_sge50,2023,1119.747
arg,sex_m,eco_sector_ser,est_sizeaggregate_sge50,2024,1182.887
arg,sex_m,eco_sector_ser,est_sizeaggregate_total,2004,2568.927
arg,sex_m,eco_sector_ser,est_sizeaggregate_total,2005,2636.148
arg,sex_m,eco_sector_ser,est_sizeaggregate_total,2006,2729.852
arg,sex_m,eco_sector_ser,est_sizeaggregate_total,2008,2856.376
arg,sex_m,eco_sector_ser,est_sizeaggregate_total,2009,2886.231
arg,sex_m,eco_sector_ser,est_sizeaggregate_total,2010,2975.348
arg,sex_m,eco_sector_ser,est_sizeaggregate_total,2011,3039.035
arg,sex_m,eco_sector_ser,est_sizeaggregate_total,2012,3043.3
arg,sex_m,eco_sector_ser,est_sizeaggregate_total,2013,2999.223
arg,sex_m,eco_sector_ser,est_sizeaggregate_total,2014,2977.284
arg,sex_m,eco_sector_ser,est_sizeaggregate_total,2017,3119.214
arg,sex_m,eco_sector_ser,est_sizeaggregate_total,2018,3151.356
arg,sex_m,eco_sector_ser,est_sizeaggregate_total,2019,3220.051
arg,sex_m,eco_sector_ser,est_sizeaggregate_total,2020,2927.602
arg,sex_m,eco_sector_ser,est_sizeaggregate_total,2021,3257.358
arg,sex_m,eco_sector_ser,est_sizeaggregate_total,2022,3363.13
arg,sex_m,eco_sector_ser,est_sizeaggregate_total,2023,3525.672
arg,sex_m,eco_sector_ser,est_sizeaggregate_total,2024,3630.572
arg,sex_m,eco_sector_ser,est_sizeaggregate_x,2004,553.401
arg,sex_m,eco_sector_ser,est_sizeaggregate_x,2005,561.841
arg,sex_m,eco_sector_ser,est_sizeaggregate_x,2006,576.977
arg,sex_m,eco_sector_ser,est_sizeaggregate_x,2008,661.74
arg,sex_m,eco_sector_ser,est_sizeaggregate_x,2009,632.257
arg,sex_m,eco_sector_ser,est_sizeaggregate_x,2010,663.504
arg,sex_m,eco_sector_ser,est_sizeaggregate_x,2011,661.787
arg,sex_m,eco_sector_ser,est_sizeaggregate_x,2012,721.154
arg,sex_m,eco_sector_ser,est_sizeaggregate_x,2013,694.867
arg,sex_m,eco_sector_ser,est_sizeaggregate_x,2014,718.696
arg,sex_m,eco_sector_ser,est_sizeaggregate_x,2017,739.309
arg,sex_m,eco_sector_ser,est_sizeaggregate_x,2018,775.706
arg,sex_m,eco_sector_ser,est_sizeaggregate_x,2019,771.871
arg,sex_m,eco_sector_ser,est_sizeaggregate_x,2020,716.097
arg,sex_m,eco_sector_ser,est_sizeaggregate_x,2021,803.855
arg,sex_m,eco_sector_ser,est_sizeaggregate_x,2022,901.418
arg,sex_m,eco_sector_ser,est_sizeaggregate_x,2023,906.5
arg,sex_m,eco_sector_ser,est_sizeaggregate_x,2024,897.68
arg,sex_m,eco_sector_total,est_sizeaggregate_s1_4,2004,991.693
arg,sex_m,eco_sector_total,est_sizeaggregate_s1_4,2005,966.134
arg,sex_m,eco_sector_total,est_sizeaggregate_s1_4,2006,941.537
arg,sex_m,eco_sector_total,est_sizeaggregate_s1_4,2008,926.99
arg,sex_m,eco_sector_total,est_sizeaggregate_s1_4,2009,971.972
arg,sex_m,eco_sector_total,est_sizeaggregate_s1_4,2010,973.193
arg,sex_m,eco_sector_total,est_sizeaggregate_s1_4,2011,955.127
arg,sex_m,eco_sector_total,est_sizeaggregate_s1_4,2012,982.122
arg,sex_m,eco_sector_total,est_sizeaggregate_s1_4,2013,994.058
arg,sex_m,eco_sector_total,est_sizeaggregate_s1_4,2014,965.25
arg,sex_m,eco_sector_total,est_sizeaggregate_s1_4,2017,940.085
arg,sex_m,eco_sector_total,est_sizeaggregate_s1_4,2018,991.157
arg,sex_m,eco_sector_total,est_sizeaggregate_s1_4,2019,1003.248
arg,sex_m,eco_sector_total,est_sizeaggregate_s1_4,2020,866.96
arg,sex_m,eco_sector_total,est_sizeaggregate_s1_4,2021,930.872
arg,sex_m,eco_sector_total,est_sizeaggregate_s1_4,2022,1032.633
arg,sex_m,eco_sector_total,est_sizeaggregate_s1_4,2023,1047.753
arg,sex_m,eco_sector_total,est_sizeaggregate_s1_4,2024,1055.884
arg,sex_m,eco_sector_total,est_sizeaggregate_s5_49,2004,1029.068
arg,sex_m,eco_sector_total,est_sizeaggregate_s5_49,2005,1063.186
arg,sex_m,eco_sector_total,est_sizeaggregate_s5_49,2006,1159.531
arg,sex_m,eco_sector_total,est_sizeaggregate_s5_49,2008,1189.95
arg,sex_m,eco_sector_total,est_sizeaggregate_s5_49,2009,1161.261
arg,sex_m,eco_sector_total,est_sizeaggregate_s5_49,2010,1222.149
arg,sex_m,eco_sector_total,est_sizeaggregate_s5_49,2011,1278.194
arg,sex_m,eco_sector_total,est_sizeaggregate_s5_49,2012,1189.266
arg,sex_m,eco_sector_total,est_sizeaggregate_s5_49,2013,1156.466
arg,sex_m,eco_sector_total,est_sizeaggregate_s5_49,2014,1148.206
arg,sex_m,eco_sector_total,est_sizeaggregate_s5_49,2017,1272.216
arg,sex_m,eco_sector_total,est_sizeaggregate_s5_49,2018,1233.31
arg,sex_m,eco_sector_total,est_sizeaggregate_s5_49,2019,1198.354
arg,sex_m,eco_sector_total,est_sizeaggregate_s5_49,2020,1015.572
arg,sex_m,eco_sector_total,est_sizeaggregate_s5_49,2021,1167.811
arg,sex_m,eco_sector_total,est_sizeaggregate_s5_49,2022,1206.856
arg,sex_m,eco_sector_total,est_sizeaggregate_s5_49,2023,1327.141
arg,sex_m,eco_sector_total,est_sizeaggregate_s5_49,2024,1330.83
arg,sex_m,eco_sector_total,est_sizeaggregate_sge50,2004,983.327
arg,sex_m,eco_sector_total,est_sizeaggregate_sge50,2005,1073.768
arg,sex_m,eco_sector_total,est_sizeaggregate_sge50,2006,1173.374
arg,sex_m,eco_sector_total,est_sizeaggregate_sge50,2008,1234.333
arg,sex_m,eco_sector_total,est_sizeaggregate_sge50,2009,1264.617
arg,sex_m,eco_sector_total,est_sizeaggregate_sge50,2010,1311.748
arg,sex_m,eco_sector_total,est_sizeaggregate_sge50,2011,1396.795
arg,sex_m,eco_sector_total,est_sizeaggregate_sge50,2012,1382.349
arg,sex_m,eco_sector_total,est_sizeaggregate_sge50,2013,1416.553
arg,sex_m,eco_sector_total,est_sizeaggregate_sge50,2014,1446.78
arg,sex_m,eco_sector_total,est_sizeaggregate_sge50,2017,1410.197
arg,sex_m,eco_sector_total,est_sizeaggregate_sge50,2018,1390.348
arg,sex_m,eco_sector_total,est_sizeaggregate_sge50,2019,1463.556
arg,sex_m,eco_sector_total,est_sizeaggregate_sge50,2020,1418.83
arg,sex_m,eco_sector_total,est_sizeaggregate_sge50,2021,1590.568
arg,sex_m,eco_sector_total,est_sizeaggregate_sge50,2022,1510.417
arg,sex_m,eco_sector_total,est_sizeaggregate_sge50,2023,1572.407
arg,sex_m,eco_sector_total,est_sizeaggregate_sge50,2024,1627.643
arg,sex_m,eco_sector_total,est_sizeaggregate_total,2004,3812.803
arg,sex_m,eco_sector_total,est_sizeaggregate_total,2005,3957.341
arg,sex_m,eco_sector_total,est_sizeaggregate_total,2006,4165.676
arg,sex_m,eco_sector_total,est_sizeaggregate_total,2008,4387.559
arg,sex_m,eco_sector_total,est_sizeaggregate_total,2009,4380.723
arg,sex_m,eco_sector_total,est_sizeaggregate_total,2010,4517.822
arg,sex_m,eco_sector_total,est_sizeaggregate_total,2011,4668.87
arg,sex_m,eco_sector_total,est_sizeaggregate_total,2012,4686.266
arg,sex_m,eco_sector_total,est_sizeaggregate_total,2013,4691.883
arg,sex_m,eco_sector_total,est_sizeaggregate_total,2014,4726.804
arg,sex_m,eco_sector_total,est_sizeaggregate_total,2017,4764.419
arg,sex_m,eco_sector_total,est_sizeaggregate_total,2018,4791.785
arg,sex_m,eco_sector_total,est_sizeaggregate_total,2019,4835.164
arg,sex_m,eco_sector_total,est_sizeaggregate_total,2020,4370.699
arg,sex_m,eco_sector_total,est_sizeaggregate_total,2021,4904.775
arg,sex_m,eco_sector_total,est_sizeaggregate_total,2022,5145.399
arg,sex_m,eco_sector_total,est_sizeaggregate_total,2023,5344.734
arg,sex_m,eco_sector_total,est_sizeaggregate_total,2024,5298.428
arg,sex_m,eco_sector_total,est_sizeaggregate_x,2004,808.715
arg,sex_m,eco_sector_total,est_sizeaggregate_x,2005,854.254
arg,sex_m,eco_sector_total,est_sizeaggregate_x,2006,891.232
arg,sex_m,eco_sector_total,est_sizeaggregate_x,2008,1036.287
arg,sex_m,eco_sector_total,est_sizeaggregate_x,2009,982.873
arg,sex_m,eco_sector_total,est_sizeaggregate_x,2010,1010.732
arg,sex_m,eco_sector_total,est_sizeaggregate_x,2011,1038.754
arg,sex_m,eco_sector_total,est_sizeaggregate_x,2012,1132.528
arg,sex_m,eco_sector_total,est_sizeaggregate_x,2013,1124.806
arg,sex_m,eco_sector_total,est_sizeaggregate_x,2014,1166.567
arg,sex_m,eco_sector_total,est_sizeaggregate_x,2017,1141.922
arg,sex_m,eco_sector_total,est_sizeaggregate_x,2018,1176.97
arg,sex_m,eco_sector_total,est_sizeaggregate_x,2019,1170.006
arg,sex_m,eco_sector_total,est_sizeaggregate_x,2020,1069.337
arg,sex_m,eco_sector_total,est_sizeaggregate_x,2021,1215.524
arg,sex_m,eco_sector_total,est_sizeaggregate_x,2022,1395.493
arg,sex_m,eco_sector_total,est_sizeaggregate_x,2023,1397.432
arg,sex_m,eco_sector_total,est_sizeaggregate_x,2024,1284.07
arg,sex_m,eco_sector_x,est_sizeaggregate_s1_4,2004,0.855
arg,sex_m,eco_sector_x,est_sizeaggregate_s1_4,2008,1.944
arg,sex_m,eco_sector_x,est_sizeaggregate_s1_4,2009,1.556
arg,sex_m,eco_sector_x,est_sizeaggregate_s1_4,2010,3.028
arg,sex_m,eco_sector_x,est_sizeaggregate_s1_4,2011,5.884
arg,sex_m,eco_sector_x,est_sizeaggregate_s1_4,2012,10.439
arg,sex_m,eco_sector_x,est_sizeaggregate_s1_4,2013,9.986
arg,sex_m,eco_sector_x,est_sizeaggregate_s1_4,2014,15.169
arg,sex_m,eco_sector_x,est_sizeaggregate_s1_4,2017,12.282
arg,sex_m,eco_sector_x,est_sizeaggregate_s1_4,2018,18.787
arg,sex_m,eco_sector_x,est_sizeaggregate_s1_4,2019,12.981
arg,sex_m,eco_sector_x,est_sizeaggregate_s1_4,2020,9.642
arg,sex_m,eco_sector_x,est_sizeaggregate_s1_4,2021,15.714
arg,sex_m,eco_sector_x,est_sizeaggregate_s1_4,2022,26.126
arg,sex_m,eco_sector_x,est_sizeaggregate_s1_4,2023,14.064
arg,sex_m,eco_sector_x,est_sizeaggregate_s1_4,2024,12.965
arg,sex_m,eco_sector_x,est_sizeaggregate_s5_49,2004,1.419
arg,sex_m,eco_sector_x,est_sizeaggregate_s5_49,2005,0.863
arg,sex_m,eco_sector_x,est_sizeaggregate_s5_49,2006,1.073
arg,sex_m,eco_sector_x,est_sizeaggregate_s5_49,2008,4.915
arg,sex_m,eco_sector_x,est_sizeaggregate_s5_49,2009,6.786
arg,sex_m,eco_sector_x,est_sizeaggregate_s5_49,2010,5.331
arg,sex_m,eco_sector_x,est_sizeaggregate_s5_49,2011,19.823
arg,sex_m,eco_sector_x,est_sizeaggregate_s5_49,2012,25.358
arg,sex_m,eco_sector_x,est_sizeaggregate_s5_49,2013,20.472
arg,sex_m,eco_sector_x,est_sizeaggregate_s5_49,2014,30.279
arg,sex_m,eco_sector_x,est_sizeaggregate_s5_49,2017,38.01
arg,sex_m,eco_sector_x,est_sizeaggregate_s5_49,2018,44.031
arg,sex_m,eco_sector_x,est_sizeaggregate_s5_49,2019,35.262
arg,sex_m,eco_sector_x,est_sizeaggregate_s5_49,2020,29.078
arg,sex_m,eco_sector_x,est_sizeaggregate_s5_49,2021,34.847
arg,sex_m,eco_sector_x,est_sizeaggregate_s5_49,2022,50.641
arg,sex_m,eco_sector_x,est_sizeaggregate_s5_49,2023,30.915
arg,sex_m,eco_sector_x,est_sizeaggregate_s5_49,2024,23.123
arg,sex_m,eco_sector_x,est_sizeaggregate_sge50,2004,1.94
arg,sex_m,eco_sector_x,est_sizeaggregate_sge50,2005,1.319
arg,sex_m,eco_sector_x,est_sizeaggregate_sge50,2006,1.842
arg,sex_m,eco_sector_x,est_sizeaggregate_sge50,2008,6.141
arg,sex_m,eco_sector_x,est_sizeaggregate_sge50,2009,4.53
arg,sex_m,eco_sector_x,est_sizeaggregate_sge50,2010,11.783
arg,sex_m,eco_sector_x,est_sizeaggregate_sge50,2011,28.398
arg,sex_m,eco_sector_x,est_sizeaggregate_sge50,2012,33.85
arg,sex_m,eco_sector_x,est_sizeaggregate_sge50,2013,37.08
arg,sex_m,eco_sector_x,est_sizeaggregate_sge50,2014,29.294
arg,sex_m,eco_sector_x,est_sizeaggregate_sge50,2017,40.293
arg,sex_m,eco_sector_x,est_sizeaggregate_sge50,2018,39.575
arg,sex_m,eco_sector_x,est_sizeaggregate_sge50,2019,29.264
arg,sex_m,eco_sector_x,est_sizeaggregate_sge50,2020,39.499
arg,sex_m,eco_sector_x,est_sizeaggregate_sge50,2021,51.039
arg,sex_m,eco_sector_x,est_sizeaggregate_sge50,2022,55.726
arg,sex_m,eco_sector_x,est_sizeaggregate_sge50,2023,45.821
arg,sex_m,eco_sector_x,est_sizeaggregate_sge50,2024,23.886
arg,sex_m,eco_sector_x,est_sizeaggregate_total,2004,11.822
arg,sex_m,eco_sector_x,est_sizeaggregate_total,2005,8.215
arg,sex_m,eco_sector_x,est_sizeaggregate_total,2006,10.786
arg,sex_m,eco_sector_x,est_sizeaggregate_total,2008,31.954
arg,sex_m,eco_sector_x,est_sizeaggregate_total,2009,31.173
arg,sex_m,eco_sector_x,est_sizeaggregate_total,2010,33.74
arg,sex_m,eco_sector_x,est_sizeaggregate_total,2011,85.909
arg,sex_m,eco_sector_x,est_sizeaggregate_total,2012,104.681
arg,sex_m,eco_sector_x,est_sizeaggregate_total,2013,113.991
arg,sex_m,eco_sector_x,est_sizeaggregate_total,2014,121.433
arg,sex_m,eco_sector_x,est_sizeaggregate_total,2017,141.725
arg,sex_m,eco_sector_x,est_sizeaggregate_total,2018,160.069
arg,sex_m,eco_sector_x,est_sizeaggregate_total,2019,116.004
arg,sex_m,eco_sector_x,est_sizeaggregate_total,2020,108.786
arg,sex_m,eco_sector_x,est_sizeaggregate_total,2021,149.566
arg,sex_m,eco_sector_x,est_sizeaggregate_total,2022,195.124
arg,sex_m,eco_sector_x,est_sizeaggregate_total,2023,129.113
arg,sex_m,eco_sector_x,est_sizeaggregate_total,2024,98.106
arg,sex_m,eco_sector_x,est_sizeaggregate_x,2004,7.608
arg,sex_m,eco_sector_x,est_sizeaggregate_x,2005,5.091
arg,sex_m,eco_sector_x,est_sizeaggregate_x,2006,7.41
arg,sex_m,eco_sector_x,est_sizeaggregate_x,2008,18.956
arg,sex_m,eco_sector_x,est_sizeaggregate_x,2009,18.302
arg,sex_m,eco_sector_x,est_sizeaggregate_x,2010,13.598
arg,sex_m,eco_sector_x,est_sizeaggregate_x,2011,31.804
arg,sex_m,eco_sector_x,est_sizeaggregate_x,2012,35.035
arg,sex_m,eco_sector_x,est_sizeaggregate_x,2013,46.453
arg,sex_m,eco_sector_x,est_sizeaggregate_x,2014,46.691
arg,sex_m,eco_sector_x,est_sizeaggregate_x,2017,51.139
arg,sex_m,eco_sector_x,est_sizeaggregate_x,2018,57.676
arg,sex_m,eco_sector_x,est_sizeaggregate_x,2019,38.498
arg,sex_m,eco_sector_x,est_sizeaggregate_x,2020,30.565
arg,sex_m,eco_sector_x,est_sizeaggregate_x,2021,47.966
arg,sex_m,eco_sector_x,est_sizeaggregate_x,2022,62.631
arg,sex_m,eco_sector_x,est_sizeaggregate_x,2023,38.313
arg,sex_m,eco_sector_x,est_sizeaggregate_x,2024,38.132
arg,sex_t,eco_aggregate_agr,est_sizeaggregate_s1_4,2004,33.063
arg,sex_t,eco_aggregate_agr,est_sizeaggregate_s1_4,2005,24.294
arg,sex_t,eco_aggregate_agr,est_sizeaggregate_s1_4,2006,17.555
arg,sex_t,eco_aggregate_agr,est_sizeaggregate_s1_4,2008,17.906
arg,sex_t,eco_aggregate_agr,est_sizeaggregate_s1_4,2009,19.043
arg,sex_t,eco_aggregate_agr,est_sizeaggregate_s1_4,2010,20.688
arg,sex_t,eco_aggregate_agr,est_sizeaggregate_s1_4,2011,14.657
arg,sex_t,eco_aggregate_agr,est_sizeaggregate_s1_4,2012,13.758
arg,sex_t,eco_aggregate_agr,est_sizeaggregate_s1_4,2013,13.691
arg,sex_t,eco_aggregate_agr,est_sizeaggregate_s1_4,2014,14.046
arg,sex_t,eco_aggregate_agr,est_sizeaggregate_s1_4,2017,7.848
arg,sex_t,eco_aggregate_agr,est_sizeaggregate_s1_4,2018,10.433
arg,sex_t,eco_aggregate_agr,est_sizeaggregate_s1_4,2019,8.421
arg,sex_t,eco_aggregate_agr,est_sizeaggregate_s1_4,2020,6.482
arg,sex_t,eco_aggregate_agr,est_sizeaggregate_s1_4,2021,7.092
arg,sex_t,eco_aggregate_agr,est_sizeaggregate_s1_4,2022,13.62
arg,sex_t,eco_aggregate_agr,est_sizeaggregate_s1_4,2023,8.754
arg,sex_t,eco_aggregate_agr,est_sizeaggregate_s1_4,2024,10.645
arg,sex_t,eco_aggregate_agr,est_sizeaggregate_s5_49,2004,37.581
arg,sex_t,eco_aggregate_agr,est_sizeaggregate_s5_49,2005,32.515
arg,sex_t,eco_aggregate_agr,est_sizeaggregate_s5_49,2006,27.917
arg,sex_t,eco_aggregate_agr,est_sizeaggregate_s5_49,2008,21.512
arg,sex_t,eco_aggregate_agr,est_sizeaggregate_s5_49,2009,19.793
arg,sex_t,eco_aggregate_agr,est_sizeaggregate_s5_49,2010,16.913
arg,sex_t,eco_aggregate_agr,est_sizeaggregate_s5_49,2011,17.293
arg,sex_t,eco_aggregate_agr,est_sizeaggregate_s5_49,2012,13.407
arg,sex_t,eco_aggregate_agr,est_sizeaggregate_s5_49,2013,16.834
arg,sex_t,eco_aggregate_agr,est_sizeaggregate_s5_49,2014,20.253
arg,sex_t,eco_aggregate_agr,est_sizeaggregate_s5_49,2017,15.598
arg,sex_t,eco_aggregate_agr,est_sizeaggregate_s5_49,2018,13.344
arg,sex_t,eco_aggregate_agr,est_sizeaggregate_s5_49,2019,19.392
arg,sex_t,eco_aggregate_agr,est_sizeaggregate_s5_49,2020,16.682
arg,sex_t,eco_aggregate_agr,est_sizeaggregate_s5_49,2021,18.897
arg,sex_t,eco_aggregate_agr,est_sizeaggregate_s5_49,2022,23.64
arg,sex_t,eco_aggregate_agr,est_sizeaggregate_s5_49,2023,27.261
arg,sex_t,eco_aggregate_agr,est_sizeaggregate_s5_49,2024,24.274
arg,sex_t,eco_aggregate_agr,est_sizeaggregate_sge50,2004,12.448
arg,sex_t,eco_aggregate_agr,est_sizeaggregate_sge50,2005,10.57
arg,sex_t,eco_aggregate_agr,est_sizeaggregate_sge50,2006,9.855
arg,sex_t,eco_aggregate_agr,est_sizeaggregate_sge50,2008,8.46
arg,sex_t,eco_aggregate_agr,est_sizeaggregate_sge50,2009,9.563
arg,sex_t,eco_aggregate_agr,est_sizeaggregate_sge50,2010,10.021
arg,sex_t,eco_aggregate_agr,est_sizeaggregate_sge50,2011,6.298
arg,sex_t,eco_aggregate_agr,est_sizeaggregate_sge50,2012,5.78
arg,sex_t,eco_aggregate_agr,est_sizeaggregate_sge50,2013,5.786
arg,sex_t,eco_aggregate_agr,est_sizeaggregate_sge50,2014,5.245
arg,sex_t,eco_aggregate_agr,est_sizeaggregate_sge50,2017,6.289
arg,sex_t,eco_aggregate_agr,est_sizeaggregate_sge50,2018,6.463
arg,sex_t,eco_aggregate_agr,est_sizeaggregate_sge50,2019,7.803
arg,sex_t,eco_aggregate_agr,est_sizeaggregate_sge50,2020,6.169
arg,sex_t,eco_aggregate_agr,est_sizeaggregate_sge50,2021,5.659
arg,sex_t,eco_aggregate_agr,est_sizeaggregate_sge50,2022,10.915
arg,sex_t,eco_aggregate_agr,est_sizeaggregate_sge50,2023,11.546
arg,sex_t,eco_aggregate_agr,est_sizeaggregate_sge50,2024,15.19
arg,sex_t,eco_aggregate_agr,est_sizeaggregate_total,2004,98.414
arg,sex_t,eco_aggregate_agr,est_sizeaggregate_total,2005,81.768
arg,sex_t,eco_aggregate_agr,est_sizeaggregate_total,2006,65.665
arg,sex_t,eco_aggregate_agr,est_sizeaggregate_total,2008,59.141
arg,sex_t,eco_aggregate_agr,est_sizeaggregate_total,2009,62.364
arg,sex_t,eco_aggregate_agr,est_sizeaggregate_total,2010,56.946
arg,sex_t,eco_aggregate_agr,est_sizeaggregate_total,2011,45.074
arg,sex_t,eco_aggregate_agr,est_sizeaggregate_total,2012,42.865
arg,sex_t,eco_aggregate_agr,est_sizeaggregate_total,2013,46.763
arg,sex_t,eco_aggregate_agr,est_sizeaggregate_total,2014,46.668
arg,sex_t,eco_aggregate_agr,est_sizeaggregate_total,2017,40.372
arg,sex_t,eco_aggregate_agr,est_sizeaggregate_total,2018,37.018
arg,sex_t,eco_aggregate_agr,est_sizeaggregate_total,2019,43.448
arg,sex_t,eco_aggregate_agr,est_sizeaggregate_total,2020,36.371
arg,sex_t,eco_aggregate_agr,est_sizeaggregate_total,2021,43.379
arg,sex_t,eco_aggregate_agr,est_sizeaggregate_total,2022,59.993
arg,sex_t,eco_aggregate_agr,est_sizeaggregate_total,2023,60.785
arg,sex_t,eco_aggregate_agr,est_sizeaggregate_total,2024,61.73
arg,sex_t,eco_aggregate_agr,est_sizeaggregate_x,2004,15.322
arg,sex_t,eco_aggregate_agr,est_sizeaggregate_x,2005,14.389
arg,sex_t,eco_aggregate_agr,est_sizeaggregate_x,2006,10.338
arg,sex_t,eco_aggregate_agr,est_sizeaggregate_x,2008,11.263
arg,sex_t,eco_aggregate_agr,est_sizeaggregate_x,2009,13.965
arg,sex_t,eco_aggregate_agr,est_sizeaggregate_x,2010,9.324
arg,sex_t,eco_aggregate_agr,est_sizeaggregate_x,2011,6.826
arg,sex_t,eco_aggregate_agr,est_sizeaggregate_x,2012,9.919
arg,sex_t,eco_aggregate_agr,est_sizeaggregate_x,2013,10.453
arg,sex_t,eco_aggregate_agr,est_sizeaggregate_x,2014,7.125
arg,sex_t,eco_aggregate_agr,est_sizeaggregate_x,2017,10.636
arg,sex_t,eco_aggregate_agr,est_sizeaggregate_x,2018,6.778
arg,sex_t,eco_aggregate_agr,est_sizeaggregate_x,2019,7.832
arg,sex_t,eco_aggregate_agr,est_sizeaggregate_x,2020,7.038
arg,sex_t,eco_aggregate_agr,est_sizeaggregate_x,2021,11.73
arg,sex_t,eco_aggregate_agr,est_sizeaggregate_x,2022,11.818
arg,sex_t,eco_aggregate_agr,est_sizeaggregate_x,2023,13.225
arg,sex_t,eco_aggregate_agr,est_sizeaggregate_x,2024,11.622
arg,sex_t,eco_aggregate_con,est_sizeaggregate_s1_4,2004,202.622
arg,sex_t,eco_aggregate_con,est_sizeaggregate_s1_4,2005,210.875
arg,sex_t,eco_aggregate_con,est_sizeaggregate_s1_4,2006,216.8
arg,sex_t,eco_aggregate_con,est_sizeaggregate_s1_4,2008,220.162
arg,sex_t,eco_aggregate_con,est_sizeaggregate_s1_4,2009,221.981
arg,sex_t,eco_aggregate_con,est_sizeaggregate_s1_4,2010,229.62
arg,sex_t,eco_aggregate_con,est_sizeaggregate_s1_4,2011,237.302
arg,sex_t,eco_aggregate_con,est_sizeaggregate_s1_4,2012,244.785
arg,sex_t,eco_aggregate_con,est_sizeaggregate_s1_4,2013,257.839
arg,sex_t,eco_aggregate_con,est_sizeaggregate_s1_4,2014,266.392
arg,sex_t,eco_aggregate_con,est_sizeaggregate_s1_4,2017,259.468
arg,sex_t,eco_aggregate_con,est_sizeaggregate_s1_4,2018,268.188
arg,sex_t,eco_aggregate_con,est_sizeaggregate_s1_4,2019,279.639
arg,sex_t,eco_aggregate_con,est_sizeaggregate_s1_4,2020,243.643
arg,sex_t,eco_aggregate_con,est_sizeaggregate_s1_4,2021,277.132
arg,sex_t,eco_aggregate_con,est_sizeaggregate_s1_4,2022,287.829
arg,sex_t,eco_aggregate_con,est_sizeaggregate_s1_4,2023,290.356
arg,sex_t,eco_aggregate_con,est_sizeaggregate_s1_4,2024,292.637
arg,sex_t,eco_aggregate_con,est_sizeaggregate_s5_49,2004,84.159
arg,sex_t,eco_aggregate_con,est_sizeaggregate_s5_49,2005,97.097
arg,sex_t,eco_aggregate_con,est_sizeaggregate_s5_49,2006,132.995
arg,sex_t,eco_aggregate_con,est_sizeaggregate_s5_49,2008,141.533
arg,sex_t,eco_aggregate_con,est_sizeaggregate_s5_49,2009,132.224
arg,sex_t,eco_aggregate_con,est_sizeaggregate_s5_49,2010,140.44
arg,sex_t,eco_aggregate_con,est_sizeaggregate_s5_49,2011,147.397
arg,sex_t,eco_aggregate_con,est_sizeaggregate_s5_49,2012,133.971
arg,sex_t,eco_aggregate_con,est_sizeaggregate_s5_49,2013,142.107
arg,sex_t,eco_aggregate_con,est_sizeaggregate_s5_49,2014,131.946
arg,sex_t,eco_aggregate_con,est_sizeaggregate_s5_49,2017,144.731
arg,sex_t,eco_aggregate_con,est_sizeaggregate_s5_49,2018,152.767
arg,sex_t,eco_aggregate_con,est_sizeaggregate_s5_49,2019,142.745
arg,sex_t,eco_aggregate_con,est_sizeaggregate_s5_49,2020,118.738
arg,sex_t,eco_aggregate_con,est_sizeaggregate_s5_49,2021,122.496
arg,sex_t,eco_aggregate_con,est_sizeaggregate_s5_49,2022,146.428
arg,sex_t,eco_aggregate_con,est_sizeaggregate_s5_49,2023,169.879
arg,sex_t,eco_aggregate_con,est_sizeaggregate_s5_49,2024,158.242
arg,sex_t,eco_aggregate_con,est_sizeaggregate_sge50,2004,34.661
arg,sex_t,eco_aggregate_con,est_sizeaggregate_sge50,2005,44.554
arg,sex_t,eco_aggregate_con,est_sizeaggregate_sge50,2006,58.465
arg,sex_t,eco_aggregate_con,est_sizeaggregate_sge50,2008,66.279
arg,sex_t,eco_aggregate_con,est_sizeaggregate_sge50,2009,67.805
arg,sex_t,eco_aggregate_con,est_sizeaggregate_sge50,2010,60.731
arg,sex_t,eco_aggregate_con,est_sizeaggregate_sge50,2011,64.023
arg,sex_t,eco_aggregate_con,est_sizeaggregate_sge50,2012,68.859
arg,sex_t,eco_aggregate_con,est_sizeaggregate_sge50,2013,56.723
arg,sex_t,eco_aggregate_con,est_sizeaggregate_sge50,2014,53.885
arg,sex_t,eco_aggregate_con,est_sizeaggregate_sge50,2017,69.461
arg,sex_t,eco_aggregate_con,est_sizeaggregate_sge50,2018,71.581
arg,sex_t,eco_aggregate_con,est_sizeaggregate_sge50,2019,63.439
arg,sex_t,eco_aggregate_con,est_sizeaggregate_sge50,2020,49.611
arg,sex_t,eco_aggregate_con,est_sizeaggregate_sge50,2021,51.676
arg,sex_t,eco_aggregate_con,est_sizeaggregate_sge50,2022,54.628
arg,sex_t,eco_aggregate_con,est_sizeaggregate_sge50,2023,67.001
arg,sex_t,eco_aggregate_con,est_sizeaggregate_sge50,2024,67.231
arg,sex_t,eco_aggregate_con,est_sizeaggregate_total,2004,387.147
arg,sex_t,eco_aggregate_con,est_sizeaggregate_total,2005,438.628
arg,sex_t,eco_aggregate_con,est_sizeaggregate_total,2006,515.87
arg,sex_t,eco_aggregate_con,est_sizeaggregate_total,2008,543.4
arg,sex_t,eco_aggregate_con,est_sizeaggregate_total,2009,537.718
arg,sex_t,eco_aggregate_con,est_sizeaggregate_total,2010,530.812
arg,sex_t,eco_aggregate_con,est_sizeaggregate_total,2011,562.176
arg,sex_t,eco_aggregate_con,est_sizeaggregate_total,2012,574.223
arg,sex_t,eco_aggregate_con,est_sizeaggregate_total,2013,565.184
arg,sex_t,eco_aggregate_con,est_sizeaggregate_total,2014,572.641
arg,sex_t,eco_aggregate_con,est_sizeaggregate_total,2017,597.098
arg,sex_t,eco_aggregate_con,est_sizeaggregate_total,2018,620.124
arg,sex_t,eco_aggregate_con,est_sizeaggregate_total,2019,628.543
arg,sex_t,eco_aggregate_con,est_sizeaggregate_total,2020,517.358
arg,sex_t,eco_aggregate_con,est_sizeaggregate_total,2021,561.782
arg,sex_t,eco_aggregate_con,est_sizeaggregate_total,2022,668.008
arg,sex_t,eco_aggregate_con,est_sizeaggregate_total,2023,704.073
arg,sex_t,eco_aggregate_con,est_sizeaggregate_total,2024,644.544
arg,sex_t,eco_aggregate_con,est_sizeaggregate_x,2004,65.705
arg,sex_t,eco_aggregate_con,est_sizeaggregate_x,2005,86.103
arg,sex_t,eco_aggregate_con,est_sizeaggregate_x,2006,107.61
arg,sex_t,eco_aggregate_con,est_sizeaggregate_x,2008,115.426
arg,sex_t,eco_aggregate_con,est_sizeaggregate_x,2009,115.708
arg,sex_t,eco_aggregate_con,est_sizeaggregate_x,2010,100.021
arg,sex_t,eco_aggregate_con,est_sizeaggregate_x,2011,113.455
arg,sex_t,eco_aggregate_con,est_sizeaggregate_x,2012,126.609
arg,sex_t,eco_aggregate_con,est_sizeaggregate_x,2013,108.514
arg,sex_t,eco_aggregate_con,est_sizeaggregate_x,2014,120.419
arg,sex_t,eco_aggregate_con,est_sizeaggregate_x,2017,123.439
arg,sex_t,eco_aggregate_con,est_sizeaggregate_x,2018,127.589
arg,sex_t,eco_aggregate_con,est_sizeaggregate_x,2019,142.719
arg,sex_t,eco_aggregate_con,est_sizeaggregate_x,2020,105.366
arg,sex_t,eco_aggregate_con,est_sizeaggregate_x,2021,110.478
arg,sex_t,eco_aggregate_con,est_sizeaggregate_x,2022,179.123
arg,sex_t,eco_aggregate_con,est_sizeaggregate_x,2023,176.838
arg,sex_t,eco_aggregate_con,est_sizeaggregate_x,2024,126.434
arg,sex_t,eco_aggregate_man,est_sizeaggregate_s1_4,2004,187.87
arg,sex_t,eco_aggregate_man,est_sizeaggregate_s1_4,2005,182.173
arg,sex_t,eco_aggregate_man,est_sizeaggregate_s1_4,2006,187.96
arg,sex_t,eco_aggregate_man,est_sizeaggregate_s1_4,2008,173.54
arg,sex_t,eco_aggregate_man,est_sizeaggregate_s1_4,2009,178.894
arg,sex_t,eco_aggregate_man,est_sizeaggregate_s1_4,2010,175.405
arg,sex_t,eco_aggregate_man,est_sizeaggregate_s1_4,2011,173.233
arg,sex_t,eco_aggregate_man,est_sizeaggregate_s1_4,2012,179.171
arg,sex_t,eco_aggregate_man,est_sizeaggregate_s1_4,2013,187.129
arg,sex_t,eco_aggregate_man,est_sizeaggregate_s1_4,2014,173.678
arg,sex_t,eco_aggregate_man,est_sizeaggregate_s1_4,2017,180.846
arg,sex_t,eco_aggregate_man,est_sizeaggregate_s1_4,2018,174.245
arg,sex_t,eco_aggregate_man,est_sizeaggregate_s1_4,2019,161.131
arg,sex_t,eco_aggregate_man,est_sizeaggregate_s1_4,2020,154.566
arg,sex_t,eco_aggregate_man,est_sizeaggregate_s1_4,2021,138.931
arg,sex_t,eco_aggregate_man,est_sizeaggregate_s1_4,2022,173.99
arg,sex_t,eco_aggregate_man,est_sizeaggregate_s1_4,2023,176.634
arg,sex_t,eco_aggregate_man,est_sizeaggregate_s1_4,2024,154.194
arg,sex_t,eco_aggregate_man,est_sizeaggregate_s5_49,2004,337.412
arg,sex_t,eco_aggregate_man,est_sizeaggregate_s5_49,2005,346.136
arg,sex_t,eco_aggregate_man,est_sizeaggregate_s5_49,2006,345.144
arg,sex_t,eco_aggregate_man,est_sizeaggregate_s5_49,2008,336.72
arg,sex_t,eco_aggregate_man,est_sizeaggregate_s5_49,2009,329.024
arg,sex_t,eco_aggregate_man,est_sizeaggregate_s5_49,2010,332.169
arg,sex_t,eco_aggregate_man,est_sizeaggregate_s5_49,2011,338.277
arg,sex_t,eco_aggregate_man,est_sizeaggregate_s5_49,2012,322.269
arg,sex_t,eco_aggregate_man,est_sizeaggregate_s5_49,2013,299.288
arg,sex_t,eco_aggregate_man,est_sizeaggregate_s5_49,2014,281.389
arg,sex_t,eco_aggregate_man,est_sizeaggregate_s5_49,2017,278.983
arg,sex_t,eco_aggregate_man,est_sizeaggregate_s5_49,2018,259.24
arg,sex_t,eco_aggregate_man,est_sizeaggregate_s5_49,2019,269.878
arg,sex_t,eco_aggregate_man,est_sizeaggregate_s5_49,2020,210.87
arg,sex_t,eco_aggregate_man,est_sizeaggregate_s5_49,2021,255.768
arg,sex_t,eco_aggregate_man,est_sizeaggregate_s5_49,2022,266.19
arg,sex_t,eco_aggregate_man,est_sizeaggregate_s5_49,2023,301.071
arg,sex_t,eco_aggregate_man,est_sizeaggregate_s5_49,2024,278.412
arg,sex_t,eco_aggregate_man,est_sizeaggregate_sge50,2004,251.334
arg,sex_t,eco_aggregate_man,est_sizeaggregate_sge50,2005,276.912
arg,sex_t,eco_aggregate_man,est_sizeaggregate_sge50,2006,325.308
arg,sex_t,eco_aggregate_man,est_sizeaggregate_sge50,2008,332.728
arg,sex_t,eco_aggregate_man,est_sizeaggregate_sge50,2009,330.18
arg,sex_t,eco_aggregate_man,est_sizeaggregate_sge50,2010,346.953
arg,sex_t,eco_aggregate_man,est_sizeaggregate_sge50,2011,337.952
arg,sex_t,eco_aggregate_man,est_sizeaggregate_sge50,2012,317.414
arg,sex_t,eco_aggregate_man,est_sizeaggregate_sge50,2013,334.733
arg,sex_t,eco_aggregate_man,est_sizeaggregate_sge50,2014,362.751
arg,sex_t,eco_aggregate_man,est_sizeaggregate_sge50,2017,312.298
arg,sex_t,eco_aggregate_man,est_sizeaggregate_sge50,2018,296.141
arg,sex_t,eco_aggregate_man,est_sizeaggregate_sge50,2019,312.618
arg,sex_t,eco_aggregate_man,est_sizeaggregate_sge50,2020,302.816
arg,sex_t,eco_aggregate_man,est_sizeaggregate_sge50,2021,323.636
arg,sex_t,eco_aggregate_man,est_sizeaggregate_sge50,2022,315.592
arg,sex_t,eco_aggregate_man,est_sizeaggregate_sge50,2023,345.366
arg,sex_t,eco_aggregate_man,est_sizeaggregate_sge50,2024,331.337
arg,sex_t,eco_aggregate_man,est_sizeaggregate_total,2004,984.979
arg,sex_t,eco_aggregate_man,est_sizeaggregate_total,2005,1038.869
arg,sex_t,eco_aggregate_man,est_sizeaggregate_total,2006,1101.961
arg,sex_t,eco_aggregate_man,est_sizeaggregate_total,2008,1121.194
arg,sex_t,eco_aggregate_man,est_sizeaggregate_total,2009,1080.194
arg,sex_t,eco_aggregate_man,est_sizeaggregate_total,2010,1126.699
arg,sex_t,eco_aggregate_man,est_sizeaggregate_total,2011,1108.192
arg,sex_t,eco_aggregate_man,est_sizeaggregate_total,2012,1094.905
arg,sex_t,eco_aggregate_man,est_sizeaggregate_total,2013,1109.81
arg,sex_t,eco_aggregate_man,est_sizeaggregate_total,2014,1119.15
arg,sex_t,eco_aggregate_man,est_sizeaggregate_total,2017,1011.38
arg,sex_t,eco_aggregate_man,est_sizeaggregate_total,2018,966.749
arg,sex_t,eco_aggregate_man,est_sizeaggregate_total,2019,976.723
arg,sex_t,eco_aggregate_man,est_sizeaggregate_total,2020,878.966
arg,sex_t,eco_aggregate_man,est_sizeaggregate_total,2021,973.092
arg,sex_t,eco_aggregate_man,est_sizeaggregate_total,2022,1033.225
arg,sex_t,eco_aggregate_man,est_sizeaggregate_total,2023,1112.697
arg,sex_t,eco_aggregate_man,est_sizeaggregate_total,2024,1003.38
arg,sex_t,eco_aggregate_man,est_sizeaggregate_x,2004,208.362
arg,sex_t,eco_aggregate_man,est_sizeaggregate_x,2005,233.649
arg,sex_t,eco_aggregate_man,est_sizeaggregate_x,2006,243.549
arg,sex_t,eco_aggregate_man,est_sizeaggregate_x,2008,278.206
arg,sex_t,eco_aggregate_man,est_sizeaggregate_x,2009,242.096
arg,sex_t,eco_aggregate_man,est_sizeaggregate_x,2010,272.173
arg,sex_t,eco_aggregate_man,est_sizeaggregate_x,2011,258.729
arg,sex_t,eco_aggregate_man,est_sizeaggregate_x,2012,276.051
arg,sex_t,eco_aggregate_man,est_sizeaggregate_x,2013,288.66
arg,sex_t,eco_aggregate_man,est_sizeaggregate_x,2014,301.333
arg,sex_t,eco_aggregate_man,est_sizeaggregate_x,2017,239.252
arg,sex_t,eco_aggregate_man,est_sizeaggregate_x,2018,237.123
arg,sex_t,eco_aggregate_man,est_sizeaggregate_x,2019,233.096
arg,sex_t,eco_aggregate_man,est_sizeaggregate_x,2020,210.714
arg,sex_t,eco_aggregate_man,est_sizeaggregate_x,2021,254.756
arg,sex_t,eco_aggregate_man,est_sizeaggregate_x,2022,277.452
arg,sex_t,eco_aggregate_man,est_sizeaggregate_x,2023,289.626
arg,sex_t,eco_aggregate_man,est_sizeaggregate_x,2024,239.436
arg,sex_t,eco_aggregate_mel,est_sizeaggregate_s1_4,2004,2.361
arg,sex_t,eco_aggregate_mel,est_sizeaggregate_s1_4,2005,3.483
arg,sex_t,eco_aggregate_mel,est_sizeaggregate_s1_4,2006,1.581
arg,sex_t,eco_aggregate_mel,est_sizeaggregate_s1_4,2008,3.279
arg,sex_t,eco_aggregate_mel,est_sizeaggregate_s1_4,2009,2.144
arg,sex_t,eco_aggregate_mel,est_sizeaggregate_s1_4,2010,2.716
arg,sex_t,eco_aggregate_mel,est_sizeaggregate_s1_4,2011,6.575
arg,sex_t,eco_aggregate_mel,est_sizeaggregate_s1_4,2012,5.704
arg,sex_t,eco_aggregate_mel,est_sizeaggregate_s1_4,2013,7.922
arg,sex_t,eco_aggregate_mel,est_sizeaggregate_s1_4,2014,9.443
arg,sex_t,eco_aggregate_mel,est_sizeaggregate_s1_4,2017,5.37
arg,sex_t,eco_aggregate_mel,est_sizeaggregate_s1_4,2018,6.289
arg,sex_t,eco_aggregate_mel,est_sizeaggregate_s1_4,2019,8.73
arg,sex_t,eco_aggregate_mel,est_sizeaggregate_s1_4,2020,6.842
arg,sex_t,eco_aggregate_mel,est_sizeaggregate_s1_4,2021,10.691
arg,sex_t,eco_aggregate_mel,est_sizeaggregate_s1_4,2022,5.728
arg,sex_t,eco_aggregate_mel,est_sizeaggregate_s1_4,2023,10.612
arg,sex_t,eco_aggregate_mel,est_sizeaggregate_s1_4,2024,6.706
arg,sex_t,eco_aggregate_mel,est_sizeaggregate_s5_49,2004,9.787
arg,sex_t,eco_aggregate_mel,est_sizeaggregate_s5_49,2005,11.693
arg,sex_t,eco_aggregate_mel,est_sizeaggregate_s5_49,2006,9.968
arg,sex_t,eco_aggregate_mel,est_sizeaggregate_s5_49,2008,12.721
arg,sex_t,eco_aggregate_mel,est_sizeaggregate_s5_49,2009,12.331
arg,sex_t,eco_aggregate_mel,est_sizeaggregate_s5_49,2010,15.533
arg,sex_t,eco_aggregate_mel,est_sizeaggregate_s5_49,2011,24.43
arg,sex_t,eco_aggregate_mel,est_sizeaggregate_s5_49,2012,21.047
arg,sex_t,eco_aggregate_mel,est_sizeaggregate_s5_49,2013,23.785
arg,sex_t,eco_aggregate_mel,est_sizeaggregate_s5_49,2014,21.539
arg,sex_t,eco_aggregate_mel,est_sizeaggregate_s5_49,2017,17.225
arg,sex_t,eco_aggregate_mel,est_sizeaggregate_s5_49,2018,23.989
arg,sex_t,eco_aggregate_mel,est_sizeaggregate_s5_49,2019,19.258
arg,sex_t,eco_aggregate_mel,est_sizeaggregate_s5_49,2020,19.872
arg,sex_t,eco_aggregate_mel,est_sizeaggregate_s5_49,2021,23.561
arg,sex_t,eco_aggregate_mel,est_sizeaggregate_s5_49,2022,24.368
arg,sex_t,eco_aggregate_mel,est_sizeaggregate_s5_49,2023,30.6
arg,sex_t,eco_aggregate_mel,est_sizeaggregate_s5_49,2024,31.414
arg,sex_t,eco_aggregate_mel,est_sizeaggregate_sge50,2004,45.176
arg,sex_t,eco_aggregate_mel,est_sizeaggregate_sge50,2005,40.212
arg,sex_t,eco_aggregate_mel,est_sizeaggregate_sge50,2006,50.16
arg,sex_t,eco_aggregate_mel,est_sizeaggregate_sge50,2008,52.866
arg,sex_t,eco_aggregate_mel,est_sizeaggregate_sge50,2009,48.914
arg,sex_t,eco_aggregate_mel,est_sizeaggregate_sge50,2010,55.196
arg,sex_t,eco_aggregate_mel,est_sizeaggregate_sge50,2011,82.382
arg,sex_t,eco_aggregate_mel,est_sizeaggregate_sge50,2012,71.731
arg,sex_t,eco_aggregate_mel,est_sizeaggregate_sge50,2013,72.862
arg,sex_t,eco_aggregate_mel,est_sizeaggregate_sge50,2014,82.396
arg,sex_t,eco_aggregate_mel,est_sizeaggregate_sge50,2017,80.964
arg,sex_t,eco_aggregate_mel,est_sizeaggregate_sge50,2018,79.906
arg,sex_t,eco_aggregate_mel,est_sizeaggregate_sge50,2019,79.965
arg,sex_t,eco_aggregate_mel,est_sizeaggregate_sge50,2020,80.198
arg,sex_t,eco_aggregate_mel,est_sizeaggregate_sge50,2021,95.537
arg,sex_t,eco_aggregate_mel,est_sizeaggregate_sge50,2022,89.159
arg,sex_t,eco_aggregate_mel,est_sizeaggregate_sge50,2023,88.757
arg,sex_t,eco_aggregate_mel,est_sizeaggregate_sge50,2024,109.472
arg,sex_t,eco_aggregate_mel,est_sizeaggregate_total,2004,77.757
arg,sex_t,eco_aggregate_mel,est_sizeaggregate_total,2005,73.507
arg,sex_t,eco_aggregate_mel,est_sizeaggregate_total,2006,79.343
arg,sex_t,eco_aggregate_mel,est_sizeaggregate_total,2008,92.149
arg,sex_t,eco_aggregate_mel,est_sizeaggregate_total,2009,85.363
arg,sex_t,eco_aggregate_mel,est_sizeaggregate_total,2010,95.332
arg,sex_t,eco_aggregate_mel,est_sizeaggregate_total,2011,147.712
arg,sex_t,eco_aggregate_mel,est_sizeaggregate_total,2012,137.162
arg,sex_t,eco_aggregate_mel,est_sizeaggregate_total,2013,145.326
arg,sex_t,eco_aggregate_mel,est_sizeaggregate_total,2014,154.635
arg,sex_t,eco_aggregate_mel,est_sizeaggregate_total,2017,134.144
arg,sex_t,eco_aggregate_mel,est_sizeaggregate_total,2018,143.142
arg,sex_t,eco_aggregate_mel,est_sizeaggregate_total,2019,137.891
arg,sex_t,eco_aggregate_mel,est_sizeaggregate_total,2020,143.873
arg,sex_t,eco_aggregate_mel,est_sizeaggregate_total,2021,176.951
arg,sex_t,eco_aggregate_mel,est_sizeaggregate_total,2022,162.113
arg,sex_t,eco_aggregate_mel,est_sizeaggregate_total,2023,185.817
arg,sex_t,eco_aggregate_mel,est_sizeaggregate_total,2024,191.564
arg,sex_t,eco_aggregate_mel,est_sizeaggregate_x,2004,20.433
arg,sex_t,eco_aggregate_mel,est_sizeaggregate_x,2005,18.119
arg,sex_t,eco_aggregate_mel,est_sizeaggregate_x,2006,17.634
arg,sex_t,eco_aggregate_mel,est_sizeaggregate_x,2008,23.284
arg,sex_t,eco_aggregate_mel,est_sizeaggregate_x,2009,21.974
arg,sex_t,eco_aggregate_mel,est_sizeaggregate_x,2010,21.887
arg,sex_t,eco_aggregate_mel,est_sizeaggregate_x,2011,34.325
arg,sex_t,eco_aggregate_mel,est_sizeaggregate_x,2012,38.681
arg,sex_t,eco_aggregate_mel,est_sizeaggregate_x,2013,40.755
arg,sex_t,eco_aggregate_mel,est_sizeaggregate_x,2014,41.257
arg,sex_t,eco_aggregate_mel,est_sizeaggregate_x,2017,30.585
arg,sex_t,eco_aggregate_mel,est_sizeaggregate_x,2018,32.957
arg,sex_t,eco_aggregate_mel,est_sizeaggregate_x,2019,29.937
arg,sex_t,eco_aggregate_mel,est_sizeaggregate_x,2020,36.962
arg,sex_t,eco_aggregate_mel,est_sizeaggregate_x,2021,47.161
arg,sex_t,eco_aggregate_mel,est_sizeaggregate_x,2022,42.859
arg,sex_t,eco_aggregate_mel,est_sizeaggregate_x,2023,55.849
arg,sex_t,eco_aggregate_mel,est_sizeaggregate_x,2024,43.972
arg,sex_t,eco_aggregate_mkt,est_sizeaggregate_s1_4,2004,779.783
arg,sex_t,eco_aggregate_mkt,est_sizeaggregate_s1_4,2005,767.084
arg,sex_t,eco_aggregate_mkt,est_sizeaggregate_s1_4,2006,772.034
arg,sex_t,eco_aggregate_mkt,est_sizeaggregate_s1_4,2008,798.022
arg,sex_t,eco_aggregate_mkt,est_sizeaggregate_s1_4,2009,841.692
arg,sex_t,eco_aggregate_mkt,est_sizeaggregate_s1_4,2010,821.01
arg,sex_t,eco_aggregate_mkt,est_sizeaggregate_s1_4,2011,808.103
arg,sex_t,eco_aggregate_mkt,est_sizeaggregate_s1_4,2012,793.001
arg,sex_t,eco_aggregate_mkt,est_sizeaggregate_s1_4,2013,784.739
arg,sex_t,eco_aggregate_mkt,est_sizeaggregate_s1_4,2014,750.268
arg,sex_t,eco_aggregate_mkt,est_sizeaggregate_s1_4,2017,773.994
arg,sex_t,eco_aggregate_mkt,est_sizeaggregate_s1_4,2018,812.714
arg,sex_t,eco_aggregate_mkt,est_sizeaggregate_s1_4,2019,831.133
arg,sex_t,eco_aggregate_mkt,est_sizeaggregate_s1_4,2020,683.454
arg,sex_t,eco_aggregate_mkt,est_sizeaggregate_s1_4,2021,751.39
arg,sex_t,eco_aggregate_mkt,est_sizeaggregate_s1_4,2022,833.825
arg,sex_t,eco_aggregate_mkt,est_sizeaggregate_s1_4,2023,904.014
arg,sex_t,eco_aggregate_mkt,est_sizeaggregate_s1_4,2024,949.494
arg,sex_t,eco_aggregate_mkt,est_sizeaggregate_s5_49,2004,661.982
arg,sex_t,eco_aggregate_mkt,est_sizeaggregate_s5_49,2005,694.798
arg,sex_t,eco_aggregate_mkt,est_sizeaggregate_s5_49,2006,784.826
arg,sex_t,eco_aggregate_mkt,est_sizeaggregate_s5_49,2008,841.14
arg,sex_t,eco_aggregate_mkt,est_sizeaggregate_s5_49,2009,829.806
arg,sex_t,eco_aggregate_mkt,est_sizeaggregate_s5_49,2010,880.934
arg,sex_t,eco_aggregate_mkt,est_sizeaggregate_s5_49,2011,924.749
arg,sex_t,eco_aggregate_mkt,est_sizeaggregate_s5_49,2012,877.75
arg,sex_t,eco_aggregate_mkt,est_sizeaggregate_s5_49,2013,809.511
arg,sex_t,eco_aggregate_mkt,est_sizeaggregate_s5_49,2014,805.631
arg,sex_t,eco_aggregate_mkt,est_sizeaggregate_s5_49,2017,943.454
arg,sex_t,eco_aggregate_mkt,est_sizeaggregate_s5_49,2018,932.672
arg,sex_t,eco_aggregate_mkt,est_sizeaggregate_s5_49,2019,891.91
arg,sex_t,eco_aggregate_mkt,est_sizeaggregate_s5_49,2020,729.846
arg,sex_t,eco_aggregate_mkt,est_sizeaggregate_s5_49,2021,866.538
arg,sex_t,eco_aggregate_mkt,est_sizeaggregate_s5_49,2022,876.685
arg,sex_t,eco_aggregate_mkt,est_sizeaggregate_s5_49,2023,1001.117
arg,sex_t,eco_aggregate_mkt,est_sizeaggregate_s5_49,2024,1060.73
arg,sex_t,eco_aggregate_mkt,est_sizeaggregate_sge50,2004,412.38
arg,sex_t,eco_aggregate_mkt,est_sizeaggregate_sge50,2005,459.767
arg,sex_t,eco_aggregate_mkt,est_sizeaggregate_sge50,2006,505.142
arg,sex_t,eco_aggregate_mkt,est_sizeaggregate_sge50,2008,552.848
arg,sex_t,eco_aggregate_mkt,est_sizeaggregate_sge50,2009,554.656
arg,sex_t,eco_aggregate_mkt,est_sizeaggregate_sge50,2010,590.513
arg,sex_t,eco_aggregate_mkt,est_sizeaggregate_sge50,2011,666.106
arg,sex_t,eco_aggregate_mkt,est_sizeaggregate_sge50,2012,654.388
arg,sex_t,eco_aggregate_mkt,est_sizeaggregate_sge50,2013,664.496
arg,sex_t,eco_aggregate_mkt,est_sizeaggregate_sge50,2014,632.136
arg,sex_t,eco_aggregate_mkt,est_sizeaggregate_sge50,2017,618.484
arg,sex_t,eco_aggregate_mkt,est_sizeaggregate_sge50,2018,639.09
arg,sex_t,eco_aggregate_mkt,est_sizeaggregate_sge50,2019,710.116
arg,sex_t,eco_aggregate_mkt,est_sizeaggregate_sge50,2020,647.558
arg,sex_t,eco_aggregate_mkt,est_sizeaggregate_sge50,2021,716.246
arg,sex_t,eco_aggregate_mkt,est_sizeaggregate_sge50,2022,749.663
arg,sex_t,eco_aggregate_mkt,est_sizeaggregate_sge50,2023,806.978
arg,sex_t,eco_aggregate_mkt,est_sizeaggregate_sge50,2024,886.571
arg,sex_t,eco_aggregate_mkt,est_sizeaggregate_total,2004,2299.801
arg,sex_t,eco_aggregate_mkt,est_sizeaggregate_total,2005,2398.375
arg,sex_t,eco_aggregate_mkt,est_sizeaggregate_total,2006,2545.11
arg,sex_t,eco_aggregate_mkt,est_sizeaggregate_total,2008,2788.259
arg,sex_t,eco_aggregate_mkt,est_sizeaggregate_total,2009,2782.046
arg,sex_t,eco_aggregate_mkt,est_sizeaggregate_total,2010,2870.365
arg,sex_t,eco_aggregate_mkt,est_sizeaggregate_total,2011,3005.974
arg,sex_t,eco_aggregate_mkt,est_sizeaggregate_total,2012,2987.728
arg,sex_t,eco_aggregate_mkt,est_sizeaggregate_total,2013,2910.473
arg,sex_t,eco_aggregate_mkt,est_sizeaggregate_total,2014,2849.311
arg,sex_t,eco_aggregate_mkt,est_sizeaggregate_total,2017,3021.366
arg,sex_t,eco_aggregate_mkt,est_sizeaggregate_total,2018,3068.063
arg,sex_t,eco_aggregate_mkt,est_sizeaggregate_total,2019,3125.685
arg,sex_t,eco_aggregate_mkt,est_sizeaggregate_total,2020,2701.268
arg,sex_t,eco_aggregate_mkt,est_sizeaggregate_total,2021,3051.395
arg,sex_t,eco_aggregate_mkt,est_sizeaggregate_total,2022,3269.367
arg,sex_t,eco_aggregate_mkt,est_sizeaggregate_total,2023,3602.24
arg,sex_t,eco_aggregate_mkt,est_sizeaggregate_total,2024,3798.238
arg,sex_t,eco_aggregate_mkt,est_sizeaggregate_x,2004,445.656
arg,sex_t,eco_aggregate_mkt,est_sizeaggregate_x,2005,476.725
arg,sex_t,eco_aggregate_mkt,est_sizeaggregate_x,2006,483.107
arg,sex_t,eco_aggregate_mkt,est_sizeaggregate_x,2008,596.249
arg,sex_t,eco_aggregate_mkt,est_sizeaggregate_x,2009,555.892
arg,sex_t,eco_aggregate_mkt,est_sizeaggregate_x,2010,577.908
arg,sex_t,eco_aggregate_mkt,est_sizeaggregate_x,2011,607.016
arg,sex_t,eco_aggregate_mkt,est_sizeaggregate_x,2012,662.589
arg,sex_t,eco_aggregate_mkt,est_sizeaggregate_x,2013,651.727
arg,sex_t,eco_aggregate_mkt,est_sizeaggregate_x,2014,661.277
arg,sex_t,eco_aggregate_mkt,est_sizeaggregate_x,2017,685.434
arg,sex_t,eco_aggregate_mkt,est_sizeaggregate_x,2018,683.586
arg,sex_t,eco_aggregate_mkt,est_sizeaggregate_x,2019,692.527
arg,sex_t,eco_aggregate_mkt,est_sizeaggregate_x,2020,640.41
arg,sex_t,eco_aggregate_mkt,est_sizeaggregate_x,2021,717.22
arg,sex_t,eco_aggregate_mkt,est_sizeaggregate_x,2022,809.195
arg,sex_t,eco_aggregate_mkt,est_sizeaggregate_x,2023,890.13
arg,sex_t,eco_aggregate_mkt,est_sizeaggregate_x,2024,901.443
arg,sex_t,eco_aggregate_pub,est_sizeaggregate_s1_4,2004,274.38
arg,sex_t,eco_aggregate_pub,est_sizeaggregate_s1_4,2005,262.257
arg,sex_t,eco_aggregate_pub,est_sizeaggregate_s1_4,2006,242.402
arg,sex_t,eco_aggregate_pub,est_sizeaggregate_s1_4,2008,213.476
arg,sex_t,eco_aggregate_pub,est_sizeaggregate_s1_4,2009,216.673
arg,sex_t,eco_aggregate_pub,est_sizeaggregate_s1_4,2010,218.677
arg,sex_t,eco_aggregate_pub,est_sizeaggregate_s1_4,2011,204.001
arg,sex_t,eco_aggregate_pub,est_sizeaggregate_s1_4,2012,184.127
arg,sex_t,eco_aggregate_pub,est_sizeaggregate_s1_4,2013,205.11
arg,sex_t,eco_aggregate_pub,est_sizeaggregate_s1_4,2014,197.539
arg,sex_t,eco_aggregate_pub,est_sizeaggregate_s1_4,2017,200.614
arg,sex_t,eco_aggregate_pub,est_sizeaggregate_s1_4,2018,209.28
arg,sex_t,eco_aggregate_pub,est_sizeaggregate_s1_4,2019,203.08
arg,sex_t,eco_aggregate_pub,est_sizeaggregate_s1_4,2020,177.983
arg,sex_t,eco_aggregate_pub,est_sizeaggregate_s1_4,2021,196.424
arg,sex_t,eco_aggregate_pub,est_sizeaggregate_s1_4,2022,238.847
arg,sex_t,eco_aggregate_pub,est_sizeaggregate_s1_4,2023,233.498
arg,sex_t,eco_aggregate_pub,est_sizeaggregate_s1_4,2024,220.544
arg,sex_t,eco_aggregate_pub,est_sizeaggregate_s5_49,2004,739.988
arg,sex_t,eco_aggregate_pub,est_sizeaggregate_s5_49,2005,689.01
arg,sex_t,eco_aggregate_pub,est_sizeaggregate_s5_49,2006,710.294
arg,sex_t,eco_aggregate_pub,est_sizeaggregate_s5_49,2008,669.978
arg,sex_t,eco_aggregate_pub,est_sizeaggregate_s5_49,2009,674.619
arg,sex_t,eco_aggregate_pub,est_sizeaggregate_s5_49,2010,663.532
arg,sex_t,eco_aggregate_pub,est_sizeaggregate_s5_49,2011,645.866
arg,sex_t,eco_aggregate_pub,est_sizeaggregate_s5_49,2012,641.678
arg,sex_t,eco_aggregate_pub,est_sizeaggregate_s5_49,2013,667.259
arg,sex_t,eco_aggregate_pub,est_sizeaggregate_s5_49,2014,652.616
arg,sex_t,eco_aggregate_pub,est_sizeaggregate_s5_49,2017,742.371
arg,sex_t,eco_aggregate_pub,est_sizeaggregate_s5_49,2018,711.687
arg,sex_t,eco_aggregate_pub,est_sizeaggregate_s5_49,2019,712.941
arg,sex_t,eco_aggregate_pub,est_sizeaggregate_s5_49,2020,678.179
arg,sex_t,eco_aggregate_pub,est_sizeaggregate_s5_49,2021,742.874
arg,sex_t,eco_aggregate_pub,est_sizeaggregate_s5_49,2022,751.06
arg,sex_t,eco_aggregate_pub,est_sizeaggregate_s5_49,2023,797.42
arg,sex_t,eco_aggregate_pub,est_sizeaggregate_s5_49,2024,813.306
arg,sex_t,eco_aggregate_pub,est_sizeaggregate_sge50,2004,925.248
arg,sex_t,eco_aggregate_pub,est_sizeaggregate_sge50,2005,994.524
arg,sex_t,eco_aggregate_pub,est_sizeaggregate_sge50,2006,1043.859
arg,sex_t,eco_aggregate_pub,est_sizeaggregate_sge50,2008,1055.46
arg,sex_t,eco_aggregate_pub,est_sizeaggregate_sge50,2009,1169.524
arg,sex_t,eco_aggregate_pub,est_sizeaggregate_sge50,2010,1174.481
arg,sex_t,eco_aggregate_pub,est_sizeaggregate_sge50,2011,1143.786
arg,sex_t,eco_aggregate_pub,est_sizeaggregate_sge50,2012,1188.813
arg,sex_t,eco_aggregate_pub,est_sizeaggregate_sge50,2013,1185.916
arg,sex_t,eco_aggregate_pub,est_sizeaggregate_sge50,2014,1248.639
arg,sex_t,eco_aggregate_pub,est_sizeaggregate_sge50,2017,1265.886
arg,sex_t,eco_aggregate_pub,est_sizeaggregate_sge50,2018,1226.939
arg,sex_t,eco_aggregate_pub,est_sizeaggregate_sge50,2019,1303.392
arg,sex_t,eco_aggregate_pub,est_sizeaggregate_sge50,2020,1404.234
arg,sex_t,eco_aggregate_pub,est_sizeaggregate_sge50,2021,1486.62
arg,sex_t,eco_aggregate_pub,est_sizeaggregate_sge50,2022,1325.789
arg,sex_t,eco_aggregate_pub,est_sizeaggregate_sge50,2023,1351.02
arg,sex_t,eco_aggregate_pub,est_sizeaggregate_sge50,2024,1363.802
arg,sex_t,eco_aggregate_pub,est_sizeaggregate_total,2004,3017.562
arg,sex_t,eco_aggregate_pub,est_sizeaggregate_total,2005,3072.292
arg,sex_t,eco_aggregate_pub,est_sizeaggregate_total,2006,3184.06
arg,sex_t,eco_aggregate_pub,est_sizeaggregate_total,2008,3188.736
arg,sex_t,eco_aggregate_pub,est_sizeaggregate_total,2009,3306.498
arg,sex_t,eco_aggregate_pub,est_sizeaggregate_total,2010,3318.895
arg,sex_t,eco_aggregate_pub,est_sizeaggregate_total,2011,3219.192
arg,sex_t,eco_aggregate_pub,est_sizeaggregate_total,2012,3301.444
arg,sex_t,eco_aggregate_pub,est_sizeaggregate_total,2013,3364.091
arg,sex_t,eco_aggregate_pub,est_sizeaggregate_total,2014,3435.729
arg,sex_t,eco_aggregate_pub,est_sizeaggregate_total,2017,3579.839
arg,sex_t,eco_aggregate_pub,est_sizeaggregate_total,2018,3630.587
arg,sex_t,eco_aggregate_pub,est_sizeaggregate_total,2019,3719.39
arg,sex_t,eco_aggregate_pub,est_sizeaggregate_total,2020,3515.834
arg,sex_t,eco_aggregate_pub,est_sizeaggregate_total,2021,3776.941
arg,sex_t,eco_aggregate_pub,est_sizeaggregate_total,2022,3904.052
arg,sex_t,eco_aggregate_pub,est_sizeaggregate_total,2023,3947.408
arg,sex_t,eco_aggregate_pub,est_sizeaggregate_total,2024,3897.449
arg,sex_t,eco_aggregate_pub,est_sizeaggregate_x,2004,1077.947
arg,sex_t,eco_aggregate_pub,est_sizeaggregate_x,2005,1126.501
arg,sex_t,eco_aggregate_pub,est_sizeaggregate_x,2006,1187.505
arg,sex_t,eco_aggregate_pub,est_sizeaggregate_x,2008,1249.822
arg,sex_t,eco_aggregate_pub,est_sizeaggregate_x,2009,1245.682
arg,sex_t,eco_aggregate_pub,est_sizeaggregate_x,2010,1262.205
arg,sex_t,eco_aggregate_pub,est_sizeaggregate_x,2011,1225.54
arg,sex_t,eco_aggregate_pub,est_sizeaggregate_x,2012,1286.826
arg,sex_t,eco_aggregate_pub,est_sizeaggregate_x,2013,1305.806
arg,sex_t,eco_aggregate_pub,est_sizeaggregate_x,2014,1336.936
arg,sex_t,eco_aggregate_pub,est_sizeaggregate_x,2017,1370.968
arg,sex_t,eco_aggregate_pub,est_sizeaggregate_x,2018,1482.681
arg,sex_t,eco_aggregate_pub,est_sizeaggregate_x,2019,1499.976
arg,sex_t,eco_aggregate_pub,est_sizeaggregate_x,2020,1255.438
arg,sex_t,eco_aggregate_pub,est_sizeaggregate_x,2021,1351.022
arg,sex_t,eco_aggregate_pub,est_sizeaggregate_x,2022,1588.356
arg,sex_t,eco_aggregate_pub,est_sizeaggregate_x,2023,1565.471
arg,sex_t,eco_aggregate_pub,est_sizeaggregate_x,2024,1499.795
arg,sex_t,eco_aggregate_total,est_sizeaggregate_s1_4,2004,1481.033
arg,sex_t,eco_aggregate_total,est_sizeaggregate_s1_4,2005,1451.203
arg,sex_t,eco_aggregate_total,est_sizeaggregate_s1_4,2006,1439.612
arg,sex_t,eco_aggregate_total,est_sizeaggregate_s1_4,2008,1432.217
arg,sex_t,eco_aggregate_total,est_sizeaggregate_s1_4,2009,1482.768
arg,sex_t,eco_aggregate_total,est_sizeaggregate_s1_4,2010,1472.955
arg,sex_t,eco_aggregate_total,est_sizeaggregate_s1_4,2011,1460.27
arg,sex_t,eco_aggregate_total,est_sizeaggregate_s1_4,2012,1441.753
arg,sex_t,eco_aggregate_total,est_sizeaggregate_s1_4,2013,1478.968
arg,sex_t,eco_aggregate_total,est_sizeaggregate_s1_4,2014,1446.915
arg,sex_t,eco_aggregate_total,est_sizeaggregate_s1_4,2017,1451.945
arg,sex_t,eco_aggregate_total,est_sizeaggregate_s1_4,2018,1513.33
arg,sex_t,eco_aggregate_total,est_sizeaggregate_s1_4,2019,1520.706
arg,sex_t,eco_aggregate_total,est_sizeaggregate_s1_4,2020,1291.384
arg,sex_t,eco_aggregate_total,est_sizeaggregate_s1_4,2021,1418.575
arg,sex_t,eco_aggregate_total,est_sizeaggregate_s1_4,2022,1594.539
arg,sex_t,eco_aggregate_total,est_sizeaggregate_s1_4,2023,1653.783
arg,sex_t,eco_aggregate_total,est_sizeaggregate_s1_4,2024,1657.173
arg,sex_t,eco_aggregate_total,est_sizeaggregate_s5_49,2004,1873.73
arg,sex_t,eco_aggregate_total,est_sizeaggregate_s5_49,2005,1872.944
arg,sex_t,eco_aggregate_total,est_sizeaggregate_s5_49,2006,2013.23
arg,sex_t,eco_aggregate_total,est_sizeaggregate_s5_49,2008,2031.989
arg,sex_t,eco_aggregate_total,est_sizeaggregate_s5_49,2009,2006.586
arg,sex_t,eco_aggregate_total,est_sizeaggregate_s5_49,2010,2060.036
arg,sex_t,eco_aggregate_total,est_sizeaggregate_s5_49,2011,2154.778
arg,sex_t,eco_aggregate_total,est_sizeaggregate_s5_49,2012,2074.448
arg,sex_t,eco_aggregate_total,est_sizeaggregate_s5_49,2013,2010.234
arg,sex_t,eco_aggregate_total,est_sizeaggregate_s5_49,2014,1983.782
arg,sex_t,eco_aggregate_total,est_sizeaggregate_s5_49,2017,2217.224
arg,sex_t,eco_aggregate_total,est_sizeaggregate_s5_49,2018,2181.548
arg,sex_t,eco_aggregate_total,est_sizeaggregate_s5_49,2019,2130.668
arg,sex_t,eco_aggregate_total,est_sizeaggregate_s5_49,2020,1834.582
arg,sex_t,eco_aggregate_total,est_sizeaggregate_s5_49,2021,2099.787
arg,sex_t,eco_aggregate_total,est_sizeaggregate_s5_49,2022,2181.299
arg,sex_t,eco_aggregate_total,est_sizeaggregate_s5_49,2023,2397.317
arg,sex_t,eco_aggregate_total,est_sizeaggregate_s5_49,2024,2419.732
arg,sex_t,eco_aggregate_total,est_sizeaggregate_sge50,2004,1683.812
arg,sex_t,eco_aggregate_total,est_sizeaggregate_sge50,2005,1829.534
arg,sex_t,eco_aggregate_total,est_sizeaggregate_sge50,2006,1994.899
arg,sex_t,eco_aggregate_total,est_sizeaggregate_sge50,2008,2077.394
arg,sex_t,eco_aggregate_total,est_sizeaggregate_sge50,2009,2191.955
arg,sex_t,eco_aggregate_total,est_sizeaggregate_sge50,2010,2254.611
arg,sex_t,eco_aggregate_total,est_sizeaggregate_sge50,2011,2359.141
arg,sex_t,eco_aggregate_total,est_sizeaggregate_sge50,2012,2370.795
arg,sex_t,eco_aggregate_total,est_sizeaggregate_sge50,2013,2386.594
arg,sex_t,eco_aggregate_total,est_sizeaggregate_sge50,2014,2448.854
arg,sex_t,eco_aggregate_total,est_sizeaggregate_sge50,2017,2424.585
arg,sex_t,eco_aggregate_total,est_sizeaggregate_sge50,2018,2388.353
arg,sex_t,eco_aggregate_total,est_sizeaggregate_sge50,2019,2528.239
arg,sex_t,eco_aggregate_total,est_sizeaggregate_sge50,2020,2548.665
arg,sex_t,eco_aggregate_total,est_sizeaggregate_sge50,2021,2761.285
arg,sex_t,eco_aggregate_total,est_sizeaggregate_sge50,2022,2637.219
arg,sex_t,eco_aggregate_total,est_sizeaggregate_sge50,2023,2747.801
arg,sex_t,eco_aggregate_total,est_sizeaggregate_sge50,2024,2816.653
arg,sex_t,eco_aggregate_total,est_sizeaggregate_total,2004,6883.947
arg,sex_t,eco_aggregate_total,est_sizeaggregate_total,2005,7120.227
arg,sex_t,eco_aggregate_total,est_sizeaggregate_total,2006,7508.825
arg,sex_t,eco_aggregate_total,est_sizeaggregate_total,2008,7844.958
arg,sex_t,eco_aggregate_total,est_sizeaggregate_total,2009,7900.833
arg,sex_t,eco_aggregate_total,est_sizeaggregate_total,2010,8050.895
arg,sex_t,eco_aggregate_total,est_sizeaggregate_total,2011,8277.641
arg,sex_t,eco_aggregate_total,est_sizeaggregate_total,2012,8349.252
arg,sex_t,eco_aggregate_total,est_sizeaggregate_total,2013,8366.008
arg,sex_t,eco_aggregate_total,est_sizeaggregate_total,2014,8434.052
arg,sex_t,eco_aggregate_total,est_sizeaggregate_total,2017,8636.831
arg,sex_t,eco_aggregate_total,est_sizeaggregate_total,2018,8746.415
arg,sex_t,eco_aggregate_total,est_sizeaggregate_total,2019,8849.37
arg,sex_t,eco_aggregate_total,est_sizeaggregate_total,2020,7983.676
arg,sex_t,eco_aggregate_total,est_sizeaggregate_total,2021,8864.288
arg,sex_t,eco_aggregate_total,est_sizeaggregate_total,2022,9440.606
arg,sex_t,eco_aggregate_total,est_sizeaggregate_total,2023,9869.985
arg,sex_t,eco_aggregate_total,est_sizeaggregate_total,2024,9794.236
arg,sex_t,eco_aggregate_total,est_sizeaggregate_x,2004,1845.372
arg,sex_t,eco_aggregate_total,est_sizeaggregate_x,2005,1966.545
arg,sex_t,eco_aggregate_total,est_sizeaggregate_x,2006,2061.084
arg,sex_t,eco_aggregate_total,est_sizeaggregate_x,2008,2303.357
arg,sex_t,eco_aggregate_total,est_sizeaggregate_x,2009,2219.523
arg,sex_t,eco_aggregate_total,est_sizeaggregate_x,2010,2263.293
arg,sex_t,eco_aggregate_total,est_sizeaggregate_x,2011,2303.452
arg,sex_t,eco_aggregate_total,est_sizeaggregate_x,2012,2462.256
arg,sex_t,eco_aggregate_total,est_sizeaggregate_x,2013,2490.213
arg,sex_t,eco_aggregate_total,est_sizeaggregate_x,2014,2554.501
arg,sex_t,eco_aggregate_total,est_sizeaggregate_x,2017,2543.078
arg,sex_t,eco_aggregate_total,est_sizeaggregate_x,2018,2663.184
arg,sex_t,eco_aggregate_total,est_sizeaggregate_x,2019,2669.758
arg,sex_t,eco_aggregate_total,est_sizeaggregate_x,2020,2309.045
arg,sex_t,eco_aggregate_total,est_sizeaggregate_x,2021,2584.641
arg,sex_t,eco_aggregate_total,est_sizeaggregate_x,2022,3027.549
arg,sex_t,eco_aggregate_total,est_sizeaggregate_x,2023,3071.084
arg,sex_t,eco_aggregate_total,est_sizeaggregate_x,2024,2900.678
arg,sex_t,eco_aggregate_x,est_sizeaggregate_s1_4,2004,0.954
arg,sex_t,eco_aggregate_x,est_sizeaggregate_s1_4,2005,1.038
arg,sex_t,eco_aggregate_x,est_sizeaggregate_s1_4,2006,1.281
arg,sex_t,eco_aggregate_x,est_sizeaggregate_s1_4,2008,5.833
arg,sex_t,eco_aggregate_x,est_sizeaggregate_s1_4,2009,2.342
arg,sex_t,eco_aggregate_x,est_sizeaggregate_s1_4,2010,4.84
arg,sex_t,eco_aggregate_x,est_sizeaggregate_s1_4,2011,16.4
arg,sex_t,eco_aggregate_x,est_sizeaggregate_s1_4,2012,21.208
arg,sex_t,eco_aggregate_x,est_sizeaggregate_s1_4,2013,22.538
arg,sex_t,eco_aggregate_x,est_sizeaggregate_s1_4,2014,35.55
arg,sex_t,eco_aggregate_x,est_sizeaggregate_s1_4,2017,23.805
arg,sex_t,eco_aggregate_x,est_sizeaggregate_s1_4,2018,32.181
arg,sex_t,eco_aggregate_x,est_sizeaggregate_s1_4,2019,28.572
arg,sex_t,eco_aggregate_x,est_sizeaggregate_s1_4,2020,18.414
arg,sex_t,eco_aggregate_x,est_sizeaggregate_s1_4,2021,36.914
arg,sex_t,eco_aggregate_x,est_sizeaggregate_s1_4,2022,40.7
arg,sex_t,eco_aggregate_x,est_sizeaggregate_s1_4,2023,29.916
arg,sex_t,eco_aggregate_x,est_sizeaggregate_s1_4,2024,22.953
arg,sex_t,eco_aggregate_x,est_sizeaggregate_s5_49,2004,2.821
arg,sex_t,eco_aggregate_x,est_sizeaggregate_s5_49,2005,1.696
arg,sex_t,eco_aggregate_x,est_sizeaggregate_s5_49,2006,2.084
arg,sex_t,eco_aggregate_x,est_sizeaggregate_s5_49,2008,8.384
arg,sex_t,eco_aggregate_x,est_sizeaggregate_s5_49,2009,8.789
arg,sex_t,eco_aggregate_x,est_sizeaggregate_s5_49,2010,10.514
arg,sex_t,eco_aggregate_x,est_sizeaggregate_s5_49,2011,56.767
arg,sex_t,eco_aggregate_x,est_sizeaggregate_s5_49,2012,64.327
arg,sex_t,eco_aggregate_x,est_sizeaggregate_s5_49,2013,51.45
arg,sex_t,eco_aggregate_x,est_sizeaggregate_s5_49,2014,70.409
arg,sex_t,eco_aggregate_x,est_sizeaggregate_s5_49,2017,74.861
arg,sex_t,eco_aggregate_x,est_sizeaggregate_s5_49,2018,87.85
arg,sex_t,eco_aggregate_x,est_sizeaggregate_s5_49,2019,74.543
arg,sex_t,eco_aggregate_x,est_sizeaggregate_s5_49,2020,60.395
arg,sex_t,eco_aggregate_x,est_sizeaggregate_s5_49,2021,69.652
arg,sex_t,eco_aggregate_x,est_sizeaggregate_s5_49,2022,92.93
arg,sex_t,eco_aggregate_x,est_sizeaggregate_s5_49,2023,69.969
arg,sex_t,eco_aggregate_x,est_sizeaggregate_s5_49,2024,53.352
arg,sex_t,eco_aggregate_x,est_sizeaggregate_sge50,2004,2.564
arg,sex_t,eco_aggregate_x,est_sizeaggregate_sge50,2005,2.994
arg,sex_t,eco_aggregate_x,est_sizeaggregate_sge50,2006,2.11
arg,sex_t,eco_aggregate_x,est_sizeaggregate_sge50,2008,8.754
arg,sex_t,eco_aggregate_x,est_sizeaggregate_sge50,2009,11.313
arg,sex_t,eco_aggregate_x,est_sizeaggregate_sge50,2010,16.716
arg,sex_t,eco_aggregate_x,est_sizeaggregate_sge50,2011,58.595
arg,sex_t,eco_aggregate_x,est_sizeaggregate_sge50,2012,63.809
arg,sex_t,eco_aggregate_x,est_sizeaggregate_sge50,2013,66.079
arg,sex_t,eco_aggregate_x,est_sizeaggregate_sge50,2014,63.803
arg,sex_t,eco_aggregate_x,est_sizeaggregate_sge50,2017,71.203
arg,sex_t,eco_aggregate_x,est_sizeaggregate_sge50,2018,68.232
arg,sex_t,eco_aggregate_x,est_sizeaggregate_sge50,2019,50.906
arg,sex_t,eco_aggregate_x,est_sizeaggregate_sge50,2020,58.078
arg,sex_t,eco_aggregate_x,est_sizeaggregate_sge50,2021,81.909
arg,sex_t,eco_aggregate_x,est_sizeaggregate_sge50,2022,91.473
arg,sex_t,eco_aggregate_x,est_sizeaggregate_sge50,2023,77.134
arg,sex_t,eco_aggregate_x,est_sizeaggregate_sge50,2024,43.05
arg,sex_t,eco_aggregate_x,est_sizeaggregate_total,2004,18.286
arg,sex_t,eco_aggregate_x,est_sizeaggregate_total,2005,16.788
arg,sex_t,eco_aggregate_x,est_sizeaggregate_total,2006,16.817
arg,sex_t,eco_aggregate_x,est_sizeaggregate_total,2008,52.078
arg,sex_t,eco_aggregate_x,est_sizeaggregate_total,2009,46.65
arg,sex_t,eco_aggregate_x,est_sizeaggregate_total,2010,51.846
arg,sex_t,eco_aggregate_x,est_sizeaggregate_total,2011,189.322
arg,sex_t,eco_aggregate_x,est_sizeaggregate_total,2012,210.925
arg,sex_t,eco_aggregate_x,est_sizeaggregate_total,2013,224.362
arg,sex_t,eco_aggregate_x,est_sizeaggregate_total,2014,255.917
arg,sex_t,eco_aggregate_x,est_sizeaggregate_total,2017,252.632
arg,sex_t,eco_aggregate_x,est_sizeaggregate_total,2018,280.732
arg,sex_t,eco_aggregate_x,est_sizeaggregate_total,2019,217.691
arg,sex_t,eco_aggregate_x,est_sizeaggregate_total,2020,190.006
arg,sex_t,eco_aggregate_x,est_sizeaggregate_total,2021,280.748
arg,sex_t,eco_aggregate_x,est_sizeaggregate_total,2022,343.849
arg,sex_t,eco_aggregate_x,est_sizeaggregate_total,2023,256.964
arg,sex_t,eco_aggregate_x,est_sizeaggregate_total,2024,197.33
arg,sex_t,eco_aggregate_x,est_sizeaggregate_x,2004,11.948
arg,sex_t,eco_aggregate_x,est_sizeaggregate_x,2005,11.061
arg,sex_t,eco_aggregate_x,est_sizeaggregate_x,2006,11.342
arg,sex_t,eco_aggregate_x,est_sizeaggregate_x,2008,29.106
arg,sex_t,eco_aggregate_x,est_sizeaggregate_x,2009,24.206
arg,sex_t,eco_aggregate_x,est_sizeaggregate_x,2010,19.776
arg,sex_t,eco_aggregate_x,est_sizeaggregate_x,2011,57.56
arg,sex_t,eco_aggregate_x,est_sizeaggregate_x,2012,61.581
arg,sex_t,eco_aggregate_x,est_sizeaggregate_x,2013,84.296
arg,sex_t,eco_aggregate_x,est_sizeaggregate_x,2014,86.156
arg,sex_t,eco_aggregate_x,est_sizeaggregate_x,2017,82.764
arg,sex_t,eco_aggregate_x,est_sizeaggregate_x,2018,92.469
arg,sex_t,eco_aggregate_x,est_sizeaggregate_x,2019,63.671
arg,sex_t,eco_aggregate_x,est_sizeaggregate_x,2020,53.118
arg,sex_t,eco_aggregate_x,est_sizeaggregate_x,2021,92.272
arg,sex_t,eco_aggregate_x,est_sizeaggregate_x,2022,118.746
arg,sex_t,eco_aggregate_x,est_sizeaggregate_x,2023,79.945
arg,sex_t,eco_aggregate_x,est_sizeaggregate_x,2024,77.975
arg,sex_t,eco_isic3_a,est_sizeaggregate_s1_4,2004,32.465
arg,sex_t,eco_isic3_a,est_sizeaggregate_s1_4,2005,24.044
arg,sex_t,eco_isic3_a,est_sizeaggregate_s1_4,2006,17.231
arg,sex_t,eco_isic3_a,est_sizeaggregate_s1_4,2008,17.288
arg,sex_t,eco_isic3_a,est_sizeaggregate_s1_4,2009,18.163
arg,sex_t,eco_isic3_a,est_sizeaggregate_s1_4,2010,20.246
arg,sex_t,eco_isic3_a,est_sizeaggregate_s5_49,2004,32.998
arg,sex_t,eco_isic3_a,est_sizeaggregate_s5_49,2005,30.485
arg,sex_t,eco_isic3_a,est_sizeaggregate_s5_49,2006,23.501
arg,sex_t,eco_isic3_a,est_sizeaggregate_s5_49,2008,17.768
arg,sex_t,eco_isic3_a,est_sizeaggregate_s5_49,2009,15.831
arg,sex_t,eco_isic3_a,est_sizeaggregate_s5_49,2010,14.703
arg,sex_t,eco_isic3_a,est_sizeaggregate_sge50,2004,10.062
arg,sex_t,eco_isic3_a,est_sizeaggregate_sge50,2005,9.143
arg,sex_t,eco_isic3_a,est_sizeaggregate_sge50,2006,7.551
arg,sex_t,eco_isic3_a,est_sizeaggregate_sge50,2008,7.101
arg,sex_t,eco_isic3_a,est_sizeaggregate_sge50,2009,7.296
arg,sex_t,eco_isic3_a,est_sizeaggregate_sge50,2010,6.585
arg,sex_t,eco_isic3_a,est_sizeaggregate_total,2004,88.25
arg,sex_t,eco_isic3_a,est_sizeaggregate_total,2005,75.272
arg,sex_t,eco_isic3_a,est_sizeaggregate_total,2006,56.969
arg,sex_t,eco_isic3_a,est_sizeaggregate_total,2008,51.511
arg,sex_t,eco_isic3_a,est_sizeaggregate_total,2009,53.163
arg,sex_t,eco_isic3_a,est_sizeaggregate_total,2010,48.619
arg,sex_t,eco_isic3_a,est_sizeaggregate_x,2004,12.725
arg,sex_t,eco_isic3_a,est_sizeaggregate_x,2005,11.6
arg,sex_t,eco_isic3_a,est_sizeaggregate_x,2006,8.687
arg,sex_t,eco_isic3_a,est_sizeaggregate_x,2008,9.353
arg,sex_t,eco_isic3_a,est_sizeaggregate_x,2009,11.873
arg,sex_t,eco_isic3_a,est_sizeaggregate_x,2010,7.085
arg,sex_t,eco_isic3_b,est_sizeaggregate_s1_4,2004,0.598
arg,sex_t,eco_isic3_b,est_sizeaggregate_s1_4,2005,0.251
arg,sex_t,eco_isic3_b,est_sizeaggregate_s1_4,2006,0.325
arg,sex_t,eco_isic3_b,est_sizeaggregate_s1_4,2008,0.618
arg,sex_t,eco_isic3_b,est_sizeaggregate_s1_4,2009,0.88
arg,sex_t,eco_isic3_b,est_sizeaggregate_s1_4,2010,0.442
arg,sex_t,eco_isic3_b,est_sizeaggregate_s5_49,2004,4.584
arg,sex_t,eco_isic3_b,est_sizeaggregate_s5_49,2005,2.03
arg,sex_t,eco_isic3_b,est_sizeaggregate_s5_49,2006,4.416
arg,sex_t,eco_isic3_b,est_sizeaggregate_s5_49,2008,3.744
arg,sex_t,eco_isic3_b,est_sizeaggregate_s5_49,2009,3.962
arg,sex_t,eco_isic3_b,est_sizeaggregate_s5_49,2010,2.211
arg,sex_t,eco_isic3_b,est_sizeaggregate_sge50,2004,2.386
arg,sex_t,eco_isic3_b,est_sizeaggregate_sge50,2005,1.427
arg,sex_t,eco_isic3_b,est_sizeaggregate_sge50,2006,2.304
arg,sex_t,eco_isic3_b,est_sizeaggregate_sge50,2008,1.358
arg,sex_t,eco_isic3_b,est_sizeaggregate_sge50,2009,2.267
arg,sex_t,eco_isic3_b,est_sizeaggregate_sge50,2010,3.436
arg,sex_t,eco_isic3_b,est_sizeaggregate_total,2004,10.165
arg,sex_t,eco_isic3_b,est_sizeaggregate_total,2005,6.496
arg,sex_t,eco_isic3_b,est_sizeaggregate_total,2006,8.695
arg,sex_t,eco_isic3_b,est_sizeaggregate_total,2008,7.63
arg,sex_t,eco_isic3_b,est_sizeaggregate_total,2009,9.201
arg,sex_t,eco_isic3_b,est_sizeaggregate_total,2010,8.328
arg,sex_t,eco_isic3_b,est_sizeaggregate_x,2004,2.597
arg,sex_t,eco_isic3_b,est_sizeaggregate_x,2005,2.788
arg,sex_t,eco_isic3_b,est_sizeaggregate_x,2006,1.651
arg,sex_t,eco_isic3_b,est_sizeaggregate_x,2008,1.91
arg,sex_t,eco_isic3_b,est_sizeaggregate_x,2009,2.092
arg,sex_t,eco_isic3_b,est_sizeaggregate_x,2010,2.239
arg,sex_t,eco_isic3_c,est_sizeaggregate_s1_4,2004,0.806
arg,sex_t,eco_isic3_c,est_sizeaggregate_s1_4,2005,0.765
arg,sex_t,eco_isic3_c,est_sizeaggregate_s1_4,2006,0.657
arg,sex_t,eco_isic3_c,est_sizeaggregate_s1_4,2008,1.497
arg,sex_t,eco_isic3_c,est_sizeaggregate_s1_4,2009,0.962
arg,sex_t,eco_isic3_c,est_sizeaggregate_s1_4,2010,0.805
arg,sex_t,eco_isic3_c,est_sizeaggregate_s5_49,2004,3.845
arg,sex_t,eco_isic3_c,est_sizeaggregate_s5_49,2005,3.919
arg,sex_t,eco_isic3_c,est_sizeaggregate_s5_49,2006,4.524
arg,sex_t,eco_isic3_c,est_sizeaggregate_s5_49,2008,5.285
arg,sex_t,eco_isic3_c,est_sizeaggregate_s5_49,2009,4.602
arg,sex_t,eco_isic3_c,est_sizeaggregate_s5_49,2010,7.025
arg,sex_t,eco_isic3_c,est_sizeaggregate_sge50,2004,19.18
arg,sex_t,eco_isic3_c,est_sizeaggregate_sge50,2005,14.068
arg,sex_t,eco_isic3_c,est_sizeaggregate_sge50,2006,21.445
arg,sex_t,eco_isic3_c,est_sizeaggregate_sge50,2008,20.251
arg,sex_t,eco_isic3_c,est_sizeaggregate_sge50,2009,21.212
arg,sex_t,eco_isic3_c,est_sizeaggregate_sge50,2010,26.828
arg,sex_t,eco_isic3_c,est_sizeaggregate_total,2004,34.198
arg,sex_t,eco_isic3_c,est_sizeaggregate_total,2005,27.912
arg,sex_t,eco_isic3_c,est_sizeaggregate_total,2006,35.568
arg,sex_t,eco_isic3_c,est_sizeaggregate_total,2008,36.564
arg,sex_t,eco_isic3_c,est_sizeaggregate_total,2009,35.843
arg,sex_t,eco_isic3_c,est_sizeaggregate_total,2010,42.423
arg,sex_t,eco_isic3_c,est_sizeaggregate_x,2004,10.367
arg,sex_t,eco_isic3_c,est_sizeaggregate_x,2005,9.16
arg,sex_t,eco_isic3_c,est_sizeaggregate_x,2006,8.942
arg,sex_t,eco_isic3_c,est_sizeaggregate_x,2008,9.531
arg,sex_t,eco_isic3_c,est_sizeaggregate_x,2009,9.067
arg,sex_t,eco_isic3_c,est_sizeaggregate_x,2010,7.766
arg,sex_t,eco_isic3_d,est_sizeaggregate_s1_4,2004,187.87
arg,sex_t,eco_isic3_d,est_sizeaggregate_s1_4,2005,182.173
arg,sex_t,eco_isic3_d,est_sizeaggregate_s1_4,2006,187.96
arg,sex_t,eco_isic3_d,est_sizeaggregate_s1_4,2008,173.54
arg,sex_t,eco_isic3_d,est_sizeaggregate_s1_4,2009,178.894
arg,sex_t,eco_isic3_d,est_sizeaggregate_s1_4,2010,175.405
arg,sex_t,eco_isic3_d,est_sizeaggregate_s5_49,2004,337.412
arg,sex_t,eco_isic3_d,est_sizeaggregate_s5_49,2005,346.136
arg,sex_t,eco_isic3_d,est_sizeaggregate_s5_49,2006,345.144
arg,sex_t,eco_isic3_d,est_sizeaggregate_s5_49,2008,336.72
arg,sex_t,eco_isic3_d,est_sizeaggregate_s5_49,2009,329.024
arg,sex_t,eco_isic3_d,est_sizeaggregate_s5_49,2010,332.169
arg,sex_t,eco_isic3_d,est_sizeaggregate_sge50,2004,251.334
arg,sex_t,eco_isic3_d,est_sizeaggregate_sge50,2005,276.912
arg,sex_t,eco_isic3_d,est_sizeaggregate_sge50,2006,325.308
arg,sex_t,eco_isic3_d,est_sizeaggregate_sge50,2008,332.728
arg,sex_t,eco_isic3_d,est_sizeaggregate_sge50,2009,330.18
arg,sex_t,eco_isic3_d,est_sizeaggregate_sge50,2010,346.953
arg,sex_t,eco_isic3_d,est_sizeaggregate_total,2004,984.979
arg,sex_t,eco_isic3_d,est_sizeaggregate_total,2005,1038.869
arg,sex_t,eco_isic3_d,est_sizeaggregate_total,2006,1101.961
arg,sex_t,eco_isic3_d,est_sizeaggregate_total,2008,1121.194
arg,sex_t,eco_isic3_d,est_sizeaggregate_total,2009,1080.194
arg,sex_t,eco_isic3_d,est_sizeaggregate_total,2010,1126.699
arg,sex_t,eco_isic3_d,est_sizeaggregate_x,2004,208.362
arg,sex_t,eco_isic3_d,est_sizeaggregate_x,2005,233.649
arg,sex_t,eco_isic3_d,est_sizeaggregate_x,2006,243.549
arg,sex_t,eco_isic3_d,est_sizeaggregate_x,2008,278.206
arg,sex_t,eco_isic3_d,est_sizeaggregate_x,2009,242.096
arg,sex_t,eco_isic3_d,est_sizeaggregate_x,2010,272.173
arg,sex_t,eco_isic3_e,est_sizeaggregate_s1_4,2004,1.556
arg,sex_t,eco_isic3_e,est_sizeaggregate_s1_4,2005,2.718
arg,sex_t,eco_isic3_e,est_sizeaggregate_s1_4,2006,0.924
arg,sex_t,eco_isic3_e,est_sizeaggregate_s1_4,2008,1.782
arg,sex_t,eco_isic3_e,est_sizeaggregate_s1_4,2009,1.183
arg,sex_t,eco_isic3_e,est_sizeaggregate_s1_4,2010,1.912
arg,sex_t,eco_isic3_e,est_sizeaggregate_s5_49,2004,5.942
arg,sex_t,eco_isic3_e,est_sizeaggregate_s5_49,2005,7.774
arg,sex_t,eco_isic3_e,est_sizeaggregate_s5_49,2006,5.445
arg,sex_t,eco_isic3_e,est_sizeaggregate_s5_49,2008,7.436
arg,sex_t,eco_isic3_e,est_sizeaggregate_s5_49,2009,7.728
arg,sex_t,eco_isic3_e,est_sizeaggregate_s5_49,2010,8.508
arg,sex_t,eco_isic3_e,est_sizeaggregate_sge50,2004,25.996
arg,sex_t,eco_isic3_e,est_sizeaggregate_sge50,2005,26.144
arg,sex_t,eco_isic3_e,est_sizeaggregate_sge50,2006,28.714
arg,sex_t,eco_isic3_e,est_sizeaggregate_sge50,2008,32.615
arg,sex_t,eco_isic3_e,est_sizeaggregate_sge50,2009,27.702
arg,sex_t,eco_isic3_e,est_sizeaggregate_sge50,2010,28.368
arg,sex_t,eco_isic3_e,est_sizeaggregate_total,2004,43.559
arg,sex_t,eco_isic3_e,est_sizeaggregate_total,2005,45.596
arg,sex_t,eco_isic3_e,est_sizeaggregate_total,2006,43.775
arg,sex_t,eco_isic3_e,est_sizeaggregate_total,2008,55.585
arg,sex_t,eco_isic3_e,est_sizeaggregate_total,2009,49.52
arg,sex_t,eco_isic3_e,est_sizeaggregate_total,2010,52.908
arg,sex_t,eco_isic3_e,est_sizeaggregate_x,2004,10.065
arg,sex_t,eco_isic3_e,est_sizeaggregate_x,2005,8.96
arg,sex_t,eco_isic3_e,est_sizeaggregate_x,2006,8.692
arg,sex_t,eco_isic3_e,est_sizeaggregate_x,2008,13.753
arg,sex_t,eco_isic3_e,est_sizeaggregate_x,2009,12.906
arg,sex_t,eco_isic3_e,est_sizeaggregate_x,2010,14.121
arg,sex_t,eco_isic3_f,est_sizeaggregate_s1_4,2004,202.622
arg,sex_t,eco_isic3_f,est_sizeaggregate_s1_4,2005,210.875
arg,sex_t,eco_isic3_f,est_sizeaggregate_s1_4,2006,216.8
arg,sex_t,eco_isic3_f,est_sizeaggregate_s1_4,2008,220.162
arg,sex_t,eco_isic3_f,est_sizeaggregate_s1_4,2009,221.981
arg,sex_t,eco_isic3_f,est_sizeaggregate_s1_4,2010,229.62
arg,sex_t,eco_isic3_f,est_sizeaggregate_s5_49,2004,84.159
arg,sex_t,eco_isic3_f,est_sizeaggregate_s5_49,2005,97.097
arg,sex_t,eco_isic3_f,est_sizeaggregate_s5_49,2006,132.995
arg,sex_t,eco_isic3_f,est_sizeaggregate_s5_49,2008,141.533
arg,sex_t,eco_isic3_f,est_sizeaggregate_s5_49,2009,132.224
arg,sex_t,eco_isic3_f,est_sizeaggregate_s5_49,2010,140.44
arg,sex_t,eco_isic3_f,est_sizeaggregate_sge50,2004,34.661
arg,sex_t,eco_isic3_f,est_sizeaggregate_sge50,2005,44.554
arg,sex_t,eco_isic3_f,est_sizeaggregate_sge50,2006,58.465
arg,sex_t,eco_isic3_f,est_sizeaggregate_sge50,2008,66.279
arg,sex_t,eco_isic3_f,est_sizeaggregate_sge50,2009,67.805
arg,sex_t,eco_isic3_f,est_sizeaggregate_sge50,2010,60.731
arg,sex_t,eco_isic3_f,est_sizeaggregate_total,2004,387.147
arg,sex_t,eco_isic3_f,est_sizeaggregate_total,2005,438.628
arg,sex_t,eco_isic3_f,est_sizeaggregate_total,2006,515.87
arg,sex_t,eco_isic3_f,est_sizeaggregate_total,2008,543.4
arg,sex_t,eco_isic3_f,est_sizeaggregate_total,2009,537.718
arg,sex_t,eco_isic3_f,est_sizeaggregate_total,2010,530.812
arg,sex_t,eco_isic3_f,est_sizeaggregate_x,2004,65.705
arg,sex_t,eco_isic3_f,est_sizeaggregate_x,2005,86.103
arg,sex_t,eco_isic3_f,est_sizeaggregate_x,2006,107.61
arg,sex_t,eco_isic3_f,est_sizeaggregate_x,2008,115.426
arg,sex_t,eco_isic3_f,est_sizeaggregate_x,2009,115.708
arg,sex_t,eco_isic3_f,est_sizeaggregate_x,2010,100.021
arg,sex_t,eco_isic3_g,est_sizeaggregate_s1_4,2004,452.206
arg,sex_t,eco_isic3_g,est_sizeaggregate_s1_4,2005,434.072
arg,sex_t,eco_isic3_g,est_sizeaggregate_s1_4,2006,444.104
arg,sex_t,eco_isic3_g,est_sizeaggregate_s1_4,2008,468.969
arg,sex_t,eco_isic3_g,est_sizeaggregate_s1_4,2009,475.617
arg,sex_t,eco_isic3_g,est_sizeaggregate_s1_4,2010,479.538
arg,sex_t,eco_isic3_g,est_sizeaggregate_s5_49,2004,254.04
arg,sex_t,eco_isic3_g,est_sizeaggregate_s5_49,2005,272.545
arg,sex_t,eco_isic3_g,est_sizeaggregate_s5_49,2006,314.896
arg,sex_t,eco_isic3_g,est_sizeaggregate_s5_49,2008,335.272
arg,sex_t,eco_isic3_g,est_sizeaggregate_s5_49,2009,336.351
arg,sex_t,eco_isic3_g,est_sizeaggregate_s5_49,2010,356.759
arg,sex_t,eco_isic3_g,est_sizeaggregate_sge50,2004,122.744
arg,sex_t,eco_isic3_g,est_sizeaggregate_sge50,2005,126.238
arg,sex_t,eco_isic3_g,est_sizeaggregate_sge50,2006,137.86
arg,sex_t,eco_isic3_g,est_sizeaggregate_sge50,2008,152.512
arg,sex_t,eco_isic3_g,est_sizeaggregate_sge50,2009,147.355
arg,sex_t,eco_isic3_g,est_sizeaggregate_sge50,2010,147.604
arg,sex_t,eco_isic3_g,est_sizeaggregate_total,2004,1001.637
arg,sex_t,eco_isic3_g,est_sizeaggregate_total,2005,1009.996
arg,sex_t,eco_isic3_g,est_sizeaggregate_total,2006,1085.225
arg,sex_t,eco_isic3_g,est_sizeaggregate_total,2008,1178.265
arg,sex_t,eco_isic3_g,est_sizeaggregate_total,2009,1153.572
arg,sex_t,eco_isic3_g,est_sizeaggregate_total,2010,1203.539
arg,sex_t,eco_isic3_g,est_sizeaggregate_x,2004,172.647
arg,sex_t,eco_isic3_g,est_sizeaggregate_x,2005,177.142
arg,sex_t,eco_isic3_g,est_sizeaggregate_x,2006,188.365
arg,sex_t,eco_isic3_g,est_sizeaggregate_x,2008,221.512
arg,sex_t,eco_isic3_g,est_sizeaggregate_x,2009,194.249
arg,sex_t,eco_isic3_g,est_sizeaggregate_x,2010,219.638
arg,sex_t,eco_isic3_h,est_sizeaggregate_s1_4,2004,70.875
arg,sex_t,eco_isic3_h,est_sizeaggregate_s1_4,2005,61.804
arg,sex_t,eco_isic3_h,est_sizeaggregate_s1_4,2006,72.882
arg,sex_t,eco_isic3_h,est_sizeaggregate_s1_4,2008,68.224
arg,sex_t,eco_isic3_h,est_sizeaggregate_s1_4,2009,75.558
arg,sex_t,eco_isic3_h,est_sizeaggregate_s1_4,2010,79.175
arg,sex_t,eco_isic3_h,est_sizeaggregate_s5_49,2004,103.807
arg,sex_t,eco_isic3_h,est_sizeaggregate_s5_49,2005,114.076
arg,sex_t,eco_isic3_h,est_sizeaggregate_s5_49,2006,128.675
arg,sex_t,eco_isic3_h,est_sizeaggregate_s5_49,2008,145.685
arg,sex_t,eco_isic3_h,est_sizeaggregate_s5_49,2009,133.707
arg,sex_t,eco_isic3_h,est_sizeaggregate_s5_49,2010,143
arg,sex_t,eco_isic3_h,est_sizeaggregate_sge50,2004,23.544
arg,sex_t,eco_isic3_h,est_sizeaggregate_sge50,2005,21.412
arg,sex_t,eco_isic3_h,est_sizeaggregate_sge50,2006,25.369
arg,sex_t,eco_isic3_h,est_sizeaggregate_sge50,2008,26.246
arg,sex_t,eco_isic3_h,est_sizeaggregate_sge50,2009,22.51
arg,sex_t,eco_isic3_h,est_sizeaggregate_sge50,2010,24.875
arg,sex_t,eco_isic3_h,est_sizeaggregate_total,2004,237.845
arg,sex_t,eco_isic3_h,est_sizeaggregate_total,2005,239.551
arg,sex_t,eco_isic3_h,est_sizeaggregate_total,2006,269.181
arg,sex_t,eco_isic3_h,est_sizeaggregate_total,2008,295.212
arg,sex_t,eco_isic3_h,est_sizeaggregate_total,2009,274.838
arg,sex_t,eco_isic3_h,est_sizeaggregate_total,2010,296.087
arg,sex_t,eco_isic3_h,est_sizeaggregate_x,2004,39.619
arg,sex_t,eco_isic3_h,est_sizeaggregate_x,2005,42.259
arg,sex_t,eco_isic3_h,est_sizeaggregate_x,2006,42.255
arg,sex_t,eco_isic3_h,est_sizeaggregate_x,2008,55.057
arg,sex_t,eco_isic3_h,est_sizeaggregate_x,2009,43.063
arg,sex_t,eco_isic3_h,est_sizeaggregate_x,2010,49.038
arg,sex_t,eco_isic3_i,est_sizeaggregate_s1_4,2004,135.47
arg,sex_t,eco_isic3_i,est_sizeaggregate_s1_4,2005,133.764
arg,sex_t,eco_isic3_i,est_sizeaggregate_s1_4,2006,123.751
arg,sex_t,eco_isic3_i,est_sizeaggregate_s1_4,2008,115.43
arg,sex_t,eco_isic3_i,est_sizeaggregate_s1_4,2009,125.825
arg,sex_t,eco_isic3_i,est_sizeaggregate_s1_4,2010,112.558
arg,sex_t,eco_isic3_i,est_sizeaggregate_s5_49,2004,129.893
arg,sex_t,eco_isic3_i,est_sizeaggregate_s5_49,2005,137.864
arg,sex_t,eco_isic3_i,est_sizeaggregate_s5_49,2006,138.119
arg,sex_t,eco_isic3_i,est_sizeaggregate_s5_49,2008,145.669
arg,sex_t,eco_isic3_i,est_sizeaggregate_s5_49,2009,145.198
arg,sex_t,eco_isic3_i,est_sizeaggregate_s5_49,2010,158.465
arg,sex_t,eco_isic3_i,est_sizeaggregate_sge50,2004,121.604
arg,sex_t,eco_isic3_i,est_sizeaggregate_sge50,2005,140.662
arg,sex_t,eco_isic3_i,est_sizeaggregate_sge50,2006,152.328
arg,sex_t,eco_isic3_i,est_sizeaggregate_sge50,2008,168.923
arg,sex_t,eco_isic3_i,est_sizeaggregate_sge50,2009,172.303
arg,sex_t,eco_isic3_i,est_sizeaggregate_sge50,2010,180.262
arg,sex_t,eco_isic3_i,est_sizeaggregate_total,2004,494.074
arg,sex_t,eco_isic3_i,est_sizeaggregate_total,2005,518.693
arg,sex_t,eco_isic3_i,est_sizeaggregate_total,2006,514.72
arg,sex_t,eco_isic3_i,est_sizeaggregate_total,2008,573.971
arg,sex_t,eco_isic3_i,est_sizeaggregate_total,2009,573.365
arg,sex_t,eco_isic3_i,est_sizeaggregate_total,2010,584.218
arg,sex_t,eco_isic3_i,est_sizeaggregate_x,2004,107.106
arg,sex_t,eco_isic3_i,est_sizeaggregate_x,2005,106.402
arg,sex_t,eco_isic3_i,est_sizeaggregate_x,2006,100.521
arg,sex_t,eco_isic3_i,est_sizeaggregate_x,2008,143.949
arg,sex_t,eco_isic3_i,est_sizeaggregate_x,2009,130.038
arg,sex_t,eco_isic3_i,est_sizeaggregate_x,2010,132.933
arg,sex_t,eco_isic3_j,est_sizeaggregate_s1_4,2004,7.94
arg,sex_t,eco_isic3_j,est_sizeaggregate_s1_4,2005,13.628
arg,sex_t,eco_isic3_j,est_sizeaggregate_s1_4,2006,11.36
arg,sex_t,eco_isic3_j,est_sizeaggregate_s1_4,2008,11.427
arg,sex_t,eco_isic3_j,est_sizeaggregate_s1_4,2009,10.748
arg,sex_t,eco_isic3_j,est_sizeaggregate_s1_4,2010,15.712
arg,sex_t,eco_isic3_j,est_sizeaggregate_s5_49,2004,40.572
arg,sex_t,eco_isic3_j,est_sizeaggregate_s5_49,2005,38.535
arg,sex_t,eco_isic3_j,est_sizeaggregate_s5_49,2006,49.536
arg,sex_t,eco_isic3_j,est_sizeaggregate_s5_49,2008,51.56
arg,sex_t,eco_isic3_j,est_sizeaggregate_s5_49,2009,55.998
arg,sex_t,eco_isic3_j,est_sizeaggregate_s5_49,2010,59.083
arg,sex_t,eco_isic3_j,est_sizeaggregate_sge50,2004,62.267
arg,sex_t,eco_isic3_j,est_sizeaggregate_sge50,2005,67.241
arg,sex_t,eco_isic3_j,est_sizeaggregate_sge50,2006,81.229
arg,sex_t,eco_isic3_j,est_sizeaggregate_sge50,2008,77.081
arg,sex_t,eco_isic3_j,est_sizeaggregate_sge50,2009,87.107
arg,sex_t,eco_isic3_j,est_sizeaggregate_sge50,2010,92.694
arg,sex_t,eco_isic3_j,est_sizeaggregate_total,2004,138.761
arg,sex_t,eco_isic3_j,est_sizeaggregate_total,2005,150.353
arg,sex_t,eco_isic3_j,est_sizeaggregate_total,2006,171.058
arg,sex_t,eco_isic3_j,est_sizeaggregate_total,2008,181.143
arg,sex_t,eco_isic3_j,est_sizeaggregate_total,2009,193.507
arg,sex_t,eco_isic3_j,est_sizeaggregate_total,2010,203.466
arg,sex_t,eco_isic3_j,est_sizeaggregate_x,2004,27.982
arg,sex_t,eco_isic3_j,est_sizeaggregate_x,2005,30.949
arg,sex_t,eco_isic3_j,est_sizeaggregate_x,2006,28.933
arg,sex_t,eco_isic3_j,est_sizeaggregate_x,2008,41.074
arg,sex_t,eco_isic3_j,est_sizeaggregate_x,2009,39.655
arg,sex_t,eco_isic3_j,est_sizeaggregate_x,2010,35.978
arg,sex_t,eco_isic3_k,est_sizeaggregate_s1_4,2004,113.292
arg,sex_t,eco_isic3_k,est_sizeaggregate_s1_4,2005,123.818
arg,sex_t,eco_isic3_k,est_sizeaggregate_s1_4,2006,119.937
arg,sex_t,eco_isic3_k,est_sizeaggregate_s1_4,2008,133.971
arg,sex_t,eco_isic3_k,est_sizeaggregate_s1_4,2009,153.944
arg,sex_t,eco_isic3_k,est_sizeaggregate_s1_4,2010,134.028
arg,sex_t,eco_isic3_k,est_sizeaggregate_s5_49,2004,133.671
arg,sex_t,eco_isic3_k,est_sizeaggregate_s5_49,2005,131.778
arg,sex_t,eco_isic3_k,est_sizeaggregate_s5_49,2006,153.601
arg,sex_t,eco_isic3_k,est_sizeaggregate_s5_49,2008,162.954
arg,sex_t,eco_isic3_k,est_sizeaggregate_s5_49,2009,158.553
arg,sex_t,eco_isic3_k,est_sizeaggregate_s5_49,2010,163.627
arg,sex_t,eco_isic3_k,est_sizeaggregate_sge50,2004,82.221
arg,sex_t,eco_isic3_k,est_sizeaggregate_sge50,2005,104.213
arg,sex_t,eco_isic3_k,est_sizeaggregate_sge50,2006,108.356
arg,sex_t,eco_isic3_k,est_sizeaggregate_sge50,2008,128.086
arg,sex_t,eco_isic3_k,est_sizeaggregate_sge50,2009,125.38
arg,sex_t,eco_isic3_k,est_sizeaggregate_sge50,2010,145.078
arg,sex_t,eco_isic3_k,est_sizeaggregate_total,2004,427.485
arg,sex_t,eco_isic3_k,est_sizeaggregate_total,2005,479.782
arg,sex_t,eco_isic3_k,est_sizeaggregate_total,2006,504.926
arg,sex_t,eco_isic3_k,est_sizeaggregate_total,2008,559.668
arg,sex_t,eco_isic3_k,est_sizeaggregate_total,2009,586.764
arg,sex_t,eco_isic3_k,est_sizeaggregate_total,2010,583.055
arg,sex_t,eco_isic3_k,est_sizeaggregate_x,2004,98.302
arg,sex_t,eco_isic3_k,est_sizeaggregate_x,2005,119.974
arg,sex_t,eco_isic3_k,est_sizeaggregate_x,2006,123.033
arg,sex_t,eco_isic3_k,est_sizeaggregate_x,2008,134.658
arg,sex_t,eco_isic3_k,est_sizeaggregate_x,2009,148.887
arg,sex_t,eco_isic3_k,est_sizeaggregate_x,2010,140.321
arg,sex_t,eco_isic3_l,est_sizeaggregate_s1_4,2004,31.277
arg,sex_t,eco_isic3_l,est_sizeaggregate_s1_4,2005,26.304
arg,sex_t,eco_isic3_l,est_sizeaggregate_s1_4,2006,20.534
arg,sex_t,eco_isic3_l,est_sizeaggregate_s1_4,2008,18.222
arg,sex_t,eco_isic3_l,est_sizeaggregate_s1_4,2009,21.162
arg,sex_t,eco_isic3_l,est_sizeaggregate_s1_4,2010,20.233
arg,sex_t,eco_isic3_l,est_sizeaggregate_s5_49,2004,165.327
arg,sex_t,eco_isic3_l,est_sizeaggregate_s5_49,2005,144.218
arg,sex_t,eco_isic3_l,est_sizeaggregate_s5_49,2006,157.19
arg,sex_t,eco_isic3_l,est_sizeaggregate_s5_49,2008,157.203
arg,sex_t,eco_isic3_l,est_sizeaggregate_s5_49,2009,160.854
arg,sex_t,eco_isic3_l,est_sizeaggregate_s5_49,2010,159.877
arg,sex_t,eco_isic3_l,est_sizeaggregate_sge50,2004,387.748
arg,sex_t,eco_isic3_l,est_sizeaggregate_sge50,2005,407.88
arg,sex_t,eco_isic3_l,est_sizeaggregate_sge50,2006,434.113
arg,sex_t,eco_isic3_l,est_sizeaggregate_sge50,2008,434.392
arg,sex_t,eco_isic3_l,est_sizeaggregate_sge50,2009,477.366
arg,sex_t,eco_isic3_l,est_sizeaggregate_sge50,2010,483.995
arg,sex_t,eco_isic3_l,est_sizeaggregate_total,2004,759.164
arg,sex_t,eco_isic3_l,est_sizeaggregate_total,2005,725.93
arg,sex_t,eco_isic3_l,est_sizeaggregate_total,2006,769.337
arg,sex_t,eco_isic3_l,est_sizeaggregate_total,2008,784.048
arg,sex_t,eco_isic3_l,est_sizeaggregate_total,2009,829.343
arg,sex_t,eco_isic3_l,est_sizeaggregate_total,2010,834.828
arg,sex_t,eco_isic3_l,est_sizeaggregate_x,2004,174.812
arg,sex_t,eco_isic3_l,est_sizeaggregate_x,2005,147.528
arg,sex_t,eco_isic3_l,est_sizeaggregate_x,2006,157.499
arg,sex_t,eco_isic3_l,est_sizeaggregate_x,2008,174.231
arg,sex_t,eco_isic3_l,est_sizeaggregate_x,2009,169.962
arg,sex_t,eco_isic3_l,est_sizeaggregate_x,2010,170.722
arg,sex_t,eco_isic3_m,est_sizeaggregate_s1_4,2004,17.366
arg,sex_t,eco_isic3_m,est_sizeaggregate_s1_4,2005,20.785
arg,sex_t,eco_isic3_m,est_sizeaggregate_s1_4,2006,16.264
arg,sex_t,eco_isic3_m,est_sizeaggregate_s1_4,2008,16.971
arg,sex_t,eco_isic3_m,est_sizeaggregate_s1_4,2009,14.275
arg,sex_t,eco_isic3_m,est_sizeaggregate_s1_4,2010,15.394
arg,sex_t,eco_isic3_m,est_sizeaggregate_s5_49,2004,254.444
arg,sex_t,eco_isic3_m,est_sizeaggregate_s5_49,2005,238.433
arg,sex_t,eco_isic3_m,est_sizeaggregate_s5_49,2006,273.341
arg,sex_t,eco_isic3_m,est_sizeaggregate_s5_49,2008,273.06
arg,sex_t,eco_isic3_m,est_sizeaggregate_s5_49,2009,270.903
arg,sex_t,eco_isic3_m,est_sizeaggregate_s5_49,2010,273.998
arg,sex_t,eco_isic3_m,est_sizeaggregate_sge50,2004,259.063
arg,sex_t,eco_isic3_m,est_sizeaggregate_sge50,2005,285.742
arg,sex_t,eco_isic3_m,est_sizeaggregate_sge50,2006,322.42
arg,sex_t,eco_isic3_m,est_sizeaggregate_sge50,2008,290.698
arg,sex_t,eco_isic3_m,est_sizeaggregate_sge50,2009,351.094
arg,sex_t,eco_isic3_m,est_sizeaggregate_sge50,2010,349.336
arg,sex_t,eco_isic3_m,est_sizeaggregate_total,2004,657.234
arg,sex_t,eco_isic3_m,est_sizeaggregate_total,2005,669.24
arg,sex_t,eco_isic3_m,est_sizeaggregate_total,2006,727.112
arg,sex_t,eco_isic3_m,est_sizeaggregate_total,2008,726.183
arg,sex_t,eco_isic3_m,est_sizeaggregate_total,2009,768.753
arg,sex_t,eco_isic3_m,est_sizeaggregate_total,2010,773.908
arg,sex_t,eco_isic3_m,est_sizeaggregate_x,2004,126.362
arg,sex_t,eco_isic3_m,est_sizeaggregate_x,2005,124.28
arg,sex_t,eco_isic3_m,est_sizeaggregate_x,2006,115.087
arg,sex_t,eco_isic3_m,est_sizeaggregate_x,2008,145.455
arg,sex_t,eco_isic3_m,est_sizeaggregate_x,2009,132.481
arg,sex_t,eco_isic3_m,est_sizeaggregate_x,2010,135.18
arg,sex_t,eco_isic3_n,est_sizeaggregate_s1_4,2004,65.126
arg,sex_t,eco_isic3_n,est_sizeaggregate_s1_4,2005,58.136
arg,sex_t,eco_isic3_n,est_sizeaggregate_s1_4,2006,57.739
arg,sex_t,eco_isic3_n,est_sizeaggregate_s1_4,2008,49.309
arg,sex_t,eco_isic3_n,est_sizeaggregate_s1_4,2009,43.579
arg,sex_t,eco_isic3_n,est_sizeaggregate_s1_4,2010,40.865
arg,sex_t,eco_isic3_n,est_sizeaggregate_s5_49,2004,181.35
arg,sex_t,eco_isic3_n,est_sizeaggregate_s5_49,2005,169.767
arg,sex_t,eco_isic3_n,est_sizeaggregate_s5_49,2006,158.508
arg,sex_t,eco_isic3_n,est_sizeaggregate_s5_49,2008,121.002
arg,sex_t,eco_isic3_n,est_sizeaggregate_s5_49,2009,126.946
arg,sex_t,eco_isic3_n,est_sizeaggregate_s5_49,2010,113.478
arg,sex_t,eco_isic3_n,est_sizeaggregate_sge50,2004,209.764
arg,sex_t,eco_isic3_n,est_sizeaggregate_sge50,2005,217.852
arg,sex_t,eco_isic3_n,est_sizeaggregate_sge50,2006,199.652
arg,sex_t,eco_isic3_n,est_sizeaggregate_sge50,2008,237.313
arg,sex_t,eco_isic3_n,est_sizeaggregate_sge50,2009,249.867
arg,sex_t,eco_isic3_n,est_sizeaggregate_sge50,2010,243.187
arg,sex_t,eco_isic3_n,est_sizeaggregate_total,2004,542.042
arg,sex_t,eco_isic3_n,est_sizeaggregate_total,2005,535.365
arg,sex_t,eco_isic3_n,est_sizeaggregate_total,2006,510.055
arg,sex_t,eco_isic3_n,est_sizeaggregate_total,2008,501.98
arg,sex_t,eco_isic3_n,est_sizeaggregate_total,2009,510.712
arg,sex_t,eco_isic3_n,est_sizeaggregate_total,2010,493.58
arg,sex_t,eco_isic3_n,est_sizeaggregate_x,2004,85.801
arg,sex_t,eco_isic3_n,est_sizeaggregate_x,2005,89.61
arg,sex_t,eco_isic3_n,est_sizeaggregate_x,2006,94.156
arg,sex_t,eco_isic3_n,est_sizeaggregate_x,2008,94.356
arg,sex_t,eco_isic3_n,est_sizeaggregate_x,2009,90.32
arg,sex_t,eco_isic3_n,est_sizeaggregate_x,2010,96.05
arg,sex_t,eco_isic3_o,est_sizeaggregate_s1_4,2004,137.533
arg,sex_t,eco_isic3_o,est_sizeaggregate_s1_4,2005,142.213
arg,sex_t,eco_isic3_o,est_sizeaggregate_s1_4,2006,133.979
arg,sex_t,eco_isic3_o,est_sizeaggregate_s1_4,2008,115.467
arg,sex_t,eco_isic3_o,est_sizeaggregate_s1_4,2009,127.784
arg,sex_t,eco_isic3_o,est_sizeaggregate_s1_4,2010,134.123
arg,sex_t,eco_isic3_o,est_sizeaggregate_s5_49,2004,137.583
arg,sex_t,eco_isic3_o,est_sizeaggregate_s5_49,2005,134.724
arg,sex_t,eco_isic3_o,est_sizeaggregate_s5_49,2006,119.337
arg,sex_t,eco_isic3_o,est_sizeaggregate_s5_49,2008,117.314
arg,sex_t,eco_isic3_o,est_sizeaggregate_s5_49,2009,113.569
arg,sex_t,eco_isic3_o,est_sizeaggregate_s5_49,2010,114.621
arg,sex_t,eco_isic3_o,est_sizeaggregate_sge50,2004,68.262
arg,sex_t,eco_isic3_o,est_sizeaggregate_sge50,2005,82.646
arg,sex_t,eco_isic3_o,est_sizeaggregate_sge50,2006,86.826
arg,sex_t,eco_isic3_o,est_sizeaggregate_sge50,2008,91.916
arg,sex_t,eco_isic3_o,est_sizeaggregate_sge50,2009,89.823
arg,sex_t,eco_isic3_o,est_sizeaggregate_sge50,2010,96.767
arg,sex_t,eco_isic3_o,est_sizeaggregate_total,2004,415.86
arg,sex_t,eco_isic3_o,est_sizeaggregate_total,2005,443.918
arg,sex_t,eco_isic3_o,est_sizeaggregate_total,2006,421.043
arg,sex_t,eco_isic3_o,est_sizeaggregate_total,2008,402.534
arg,sex_t,eco_isic3_o,est_sizeaggregate_total,2009,406.508
arg,sex_t,eco_isic3_o,est_sizeaggregate_total,2010,434.895
arg,sex_t,eco_isic3_o,est_sizeaggregate_x,2004,72.482
arg,sex_t,eco_isic3_o,est_sizeaggregate_x,2005,84.334
arg,sex_t,eco_isic3_o,est_sizeaggregate_x,2006,80.901
arg,sex_t,eco_isic3_o,est_sizeaggregate_x,2008,77.836
arg,sex_t,eco_isic3_o,est_sizeaggregate_x,2009,75.332
arg,sex_t,eco_isic3_o,est_sizeaggregate_x,2010,89.384
arg,sex_t,eco_isic3_p,est_sizeaggregate_s1_4,2004,23.078
arg,sex_t,eco_isic3_p,est_sizeaggregate_s1_4,2005,14.681
arg,sex_t,eco_isic3_p,est_sizeaggregate_s1_4,2006,13.828
arg,sex_t,eco_isic3_p,est_sizeaggregate_s1_4,2008,12.897
arg,sex_t,eco_isic3_p,est_sizeaggregate_s1_4,2009,9.736
arg,sex_t,eco_isic3_p,est_sizeaggregate_s1_4,2010,7.962
arg,sex_t,eco_isic3_p,est_sizeaggregate_s5_49,2004,1.284
arg,sex_t,eco_isic3_p,est_sizeaggregate_s5_49,2005,0.938
arg,sex_t,eco_isic3_p,est_sizeaggregate_s5_49,2006,1.393
arg,sex_t,eco_isic3_p,est_sizeaggregate_s5_49,2008,0.578
arg,sex_t,eco_isic3_p,est_sizeaggregate_s5_49,2009,1.139
arg,sex_t,eco_isic3_p,est_sizeaggregate_s5_49,2010,0.699
arg,sex_t,eco_isic3_p,est_sizeaggregate_sge50,2006,0.419
arg,sex_t,eco_isic3_p,est_sizeaggregate_sge50,2008,0.598
arg,sex_t,eco_isic3_p,est_sizeaggregate_total,2004,642.852
arg,sex_t,eco_isic3_p,est_sizeaggregate_total,2005,695.53
arg,sex_t,eco_isic3_p,est_sizeaggregate_total,2006,754.999
arg,sex_t,eco_isic3_p,est_sizeaggregate_total,2008,771.038
arg,sex_t,eco_isic3_p,est_sizeaggregate_total,2009,788.259
arg,sex_t,eco_isic3_p,est_sizeaggregate_total,2010,780.632
arg,sex_t,eco_isic3_p,est_sizeaggregate_x,2004,618.49
arg,sex_t,eco_isic3_p,est_sizeaggregate_x,2005,679.87
arg,sex_t,eco_isic3_p,est_sizeaggregate_x,2006,739.36
arg,sex_t,eco_isic3_p,est_sizeaggregate_x,2008,756.966
arg,sex_t,eco_isic3_p,est_sizeaggregate_x,2009,777.062
arg,sex_t,eco_isic3_p,est_sizeaggregate_x,2010,770.774
arg,sex_t,eco_isic3_q,est_sizeaggregate_s1_4,2008,0.611
arg,sex_t,eco_isic3_q,est_sizeaggregate_s5_49,2009,1.208
arg,sex_t,eco_isic3_q,est_sizeaggregate_s5_49,2010,0.86
arg,sex_t,eco_isic3_q,est_sizeaggregate_total,2005,2.309
arg,sex_t,eco_isic3_q,est_sizeaggregate_total,2006,1.514
arg,sex_t,eco_isic3_q,est_sizeaggregate_total,2008,2.953
arg,sex_t,eco_isic3_q,est_sizeaggregate_total,2009,2.922
arg,sex_t,eco_isic3_q,est_sizeaggregate_total,2010,1.053
arg,sex_t,eco_isic3_total,est_sizeaggregate_s1_4,2004,1481.033
arg,sex_t,eco_isic3_total,est_sizeaggregate_s1_4,2005,1451.203
arg,sex_t,eco_isic3_total,est_sizeaggregate_s1_4,2006,1439.612
arg,sex_t,eco_isic3_total,est_sizeaggregate_s1_4,2008,1432.217
arg,sex_t,eco_isic3_total,est_sizeaggregate_s1_4,2009,1482.768
arg,sex_t,eco_isic3_total,est_sizeaggregate_s1_4,2010,1472.955
arg,sex_t,eco_isic3_total,est_sizeaggregate_s5_49,2004,1873.73
arg,sex_t,eco_isic3_total,est_sizeaggregate_s5_49,2005,1872.944
arg,sex_t,eco_isic3_total,est_sizeaggregate_s5_49,2006,2013.23
arg,sex_t,eco_isic3_total,est_sizeaggregate_s5_49,2008,2031.989
arg,sex_t,eco_isic3_total,est_sizeaggregate_s5_49,2009,2006.586
arg,sex_t,eco_isic3_total,est_sizeaggregate_s5_49,2010,2060.036
arg,sex_t,eco_isic3_total,est_sizeaggregate_sge50,2004,1683.812
arg,sex_t,eco_isic3_total,est_sizeaggregate_sge50,2005,1829.534
arg,sex_t,eco_isic3_total,est_sizeaggregate_sge50,2006,1994.899
arg,sex_t,eco_isic3_total,est_sizeaggregate_sge50,2008,2077.394
arg,sex_t,eco_isic3_total,est_sizeaggregate_sge50,2009,2191.955
arg,sex_t,eco_isic3_total,est_sizeaggregate_sge50,2010,2254.611
arg,sex_t,eco_isic3_total,est_sizeaggregate_total,2004,6883.947
arg,sex_t,eco_isic3_total,est_sizeaggregate_total,2005,7120.227
arg,sex_t,eco_isic3_total,est_sizeaggregate_total,2006,7508.825
arg,sex_t,eco_isic3_total,est_sizeaggregate_total,2008,7844.958
arg,sex_t,eco_isic3_total,est_sizeaggregate_total,2009,7900.833
arg,sex_t,eco_isic3_total,est_sizeaggregate_total,2010,8050.895
arg,sex_t,eco_isic3_total,est_sizeaggregate_x,2004,1845.372
arg,sex_t,eco_isic3_total,est_sizeaggregate_x,2005,1966.545
arg,sex_t,eco_isic3_total,est_sizeaggregate_x,2006,2061.084
arg,sex_t,eco_isic3_total,est_sizeaggregate_x,2008,2303.357
arg,sex_t,eco_isic3_total,est_sizeaggregate_x,2009,2219.523
arg,sex_t,eco_isic3_total,est_sizeaggregate_x,2010,2263.293
arg,sex_t,eco_isic3_x,est_sizeaggregate_s1_4,2004,0.954
arg,sex_t,eco_isic3_x,est_sizeaggregate_s1_4,2005,1.038
arg,sex_t,eco_isic3_x,est_sizeaggregate_s1_4,2006,1.281
arg,sex_t,eco_isic3_x,est_sizeaggregate_s1_4,2008,5.833
arg,sex_t,eco_isic3_x,est_sizeaggregate_s1_4,2009,2.342
arg,sex_t,eco_isic3_x,est_sizeaggregate_s1_4,2010,4.84
arg,sex_t,eco_isic3_x,est_sizeaggregate_s5_49,2004,2.821
arg,sex_t,eco_isic3_x,est_sizeaggregate_s5_49,2005,1.696
arg,sex_t,eco_isic3_x,est_sizeaggregate_s5_49,2006,2.084
arg,sex_t,eco_isic3_x,est_sizeaggregate_s5_49,2008,8.384
arg,sex_t,eco_isic3_x,est_sizeaggregate_s5_49,2009,8.789
arg,sex_t,eco_isic3_x,est_sizeaggregate_s5_49,2010,10.514
arg,sex_t,eco_isic3_x,est_sizeaggregate_sge50,2004,2.564
arg,sex_t,eco_isic3_x,est_sizeaggregate_sge50,2005,2.994
arg,sex_t,eco_isic3_x,est_sizeaggregate_sge50,2006,2.11
arg,sex_t,eco_isic3_x,est_sizeaggregate_sge50,2008,8.754
arg,sex_t,eco_isic3_x,est_sizeaggregate_sge50,2009,11.313
arg,sex_t,eco_isic3_x,est_sizeaggregate_sge50,2010,16.716
arg,sex_t,eco_isic3_x,est_sizeaggregate_total,2004,18.286
arg,sex_t,eco_isic3_x,est_sizeaggregate_total,2005,16.788
arg,sex_t,eco_isic3_x,est_sizeaggregate_total,2006,16.817
arg,sex_t,eco_isic3_x,est_sizeaggregate_total,2008,52.078
arg,sex_t,eco_isic3_x,est_sizeaggregate_total,2009,46.65
arg,sex_t,eco_isic3_x,est_sizeaggregate_total,2010,51.846
arg,sex_t,eco_isic3_x,est_sizeaggregate_x,2004,11.948
arg,sex_t,eco_isic3_x,est_sizeaggregate_x,2005,11.061
arg,sex_t,eco_isic3_x,est_sizeaggregate_x,2006,11.342
arg,sex_t,eco_isic3_x,est_sizeaggregate_x,2008,29.106
arg,sex_t,eco_isic3_x,est_sizeaggregate_x,2009,24.206
arg,sex_t,eco_isic3_x,est_sizeaggregate_x,2010,19.776
arg,sex_t,eco_isic4_a,est_sizeaggregate_s1_4,2011,14.657
arg,sex_t,eco_isic4_a,est_sizeaggregate_s1_4,2012,13.758
arg,sex_t,eco_isic4_a,est_sizeaggregate_s1_4,2013,13.691
arg,sex_t,eco_isic4_a,est_sizeaggregate_s1_4,2014,14.046
arg,sex_t,eco_isic4_a,est_sizeaggregate_s1_4,2017,7.848
arg,sex_t,eco_isic4_a,est_sizeaggregate_s1_4,2018,10.433
arg,sex_t,eco_isic4_a,est_sizeaggregate_s1_4,2019,8.421
arg,sex_t,eco_isic4_a,est_sizeaggregate_s1_4,2020,6.482
arg,sex_t,eco_isic4_a,est_sizeaggregate_s1_4,2021,7.092
arg,sex_t,eco_isic4_a,est_sizeaggregate_s1_4,2022,13.62
arg,sex_t,eco_isic4_a,est_sizeaggregate_s1_4,2023,8.754
arg,sex_t,eco_isic4_a,est_sizeaggregate_s1_4,2024,10.645
arg,sex_t,eco_isic4_a,est_sizeaggregate_s5_49,2011,17.293
arg,sex_t,eco_isic4_a,est_sizeaggregate_s5_49,2012,13.407
arg,sex_t,eco_isic4_a,est_sizeaggregate_s5_49,2013,16.834
arg,sex_t,eco_isic4_a,est_sizeaggregate_s5_49,2014,20.253
arg,sex_t,eco_isic4_a,est_sizeaggregate_s5_49,2017,15.598
arg,sex_t,eco_isic4_a,est_sizeaggregate_s5_49,2018,13.344
arg,sex_t,eco_isic4_a,est_sizeaggregate_s5_49,2019,19.392
arg,sex_t,eco_isic4_a,est_sizeaggregate_s5_49,2020,16.682
arg,sex_t,eco_isic4_a,est_sizeaggregate_s5_49,2021,18.897
arg,sex_t,eco_isic4_a,est_sizeaggregate_s5_49,2022,23.64
arg,sex_t,eco_isic4_a,est_sizeaggregate_s5_49,2023,27.261
arg,sex_t,eco_isic4_a,est_sizeaggregate_s5_49,2024,24.274
arg,sex_t,eco_isic4_a,est_sizeaggregate_sge50,2011,6.298
arg,sex_t,eco_isic4_a,est_sizeaggregate_sge50,2012,5.78
arg,sex_t,eco_isic4_a,est_sizeaggregate_sge50,2013,5.786
arg,sex_t,eco_isic4_a,est_sizeaggregate_sge50,2014,5.245
arg,sex_t,eco_isic4_a,est_sizeaggregate_sge50,2017,6.289
arg,sex_t,eco_isic4_a,est_sizeaggregate_sge50,2018,6.463
arg,sex_t,eco_isic4_a,est_sizeaggregate_sge50,2019,7.803
arg,sex_t,eco_isic4_a,est_sizeaggregate_sge50,2020,6.169
arg,sex_t,eco_isic4_a,est_sizeaggregate_sge50,2021,5.659
arg,sex_t,eco_isic4_a,est_sizeaggregate_sge50,2022,10.915
arg,sex_t,eco_isic4_a,est_sizeaggregate_sge50,2023,11.546
arg,sex_t,eco_isic4_a,est_sizeaggregate_sge50,2024,15.19
arg,sex_t,eco_isic4_a,est_sizeaggregate_total,2011,45.074
arg,sex_t,eco_isic4_a,est_sizeaggregate_total,2012,42.865
arg,sex_t,eco_isic4_a,est_sizeaggregate_total,2013,46.763
arg,sex_t,eco_isic4_a,est_sizeaggregate_total,2014,46.668
arg,sex_t,eco_isic4_a,est_sizeaggregate_total,2017,40.372
arg,sex_t,eco_isic4_a,est_sizeaggregate_total,2018,37.018
arg,sex_t,eco_isic4_a,est_sizeaggregate_total,2019,43.448
arg,sex_t,eco_isic4_a,est_sizeaggregate_total,2020,36.371
arg,sex_t,eco_isic4_a,est_sizeaggregate_total,2021,43.379
arg,sex_t,eco_isic4_a,est_sizeaggregate_total,2022,59.993
arg,sex_t,eco_isic4_a,est_sizeaggregate_total,2023,60.785
arg,sex_t,eco_isic4_a,est_sizeaggregate_total,2024,61.73
arg,sex_t,eco_isic4_a,est_sizeaggregate_x,2011,6.826
arg,sex_t,eco_isic4_a,est_sizeaggregate_x,2012,9.919
arg,sex_t,eco_isic4_a,est_sizeaggregate_x,2013,10.453
arg,sex_t,eco_isic4_a,est_sizeaggregate_x,2014,7.125
arg,sex_t,eco_isic4_a,est_sizeaggregate_x,2017,10.636
arg,sex_t,eco_isic4_a,est_sizeaggregate_x,2018,6.778
arg,sex_t,eco_isic4_a,est_sizeaggregate_x,2019,7.832
arg,sex_t,eco_isic4_a,est_sizeaggregate_x,2020,7.038
arg,sex_t,eco_isic4_a,est_sizeaggregate_x,2021,11.73
arg,sex_t,eco_isic4_a,est_sizeaggregate_x,2022,11.818
arg,sex_t,eco_isic4_a,est_sizeaggregate_x,2023,13.225
arg,sex_t,eco_isic4_a,est_sizeaggregate_x,2024,11.622
arg,sex_t,eco_isic4_b,est_sizeaggregate_s1_4,2011,0.596
arg,sex_t,eco_isic4_b,est_sizeaggregate_s1_4,2012,0.997
arg,sex_t,eco_isic4_b,est_sizeaggregate_s1_4,2013,0.591
arg,sex_t,eco_isic4_b,est_sizeaggregate_s1_4,2014,1.688
arg,sex_t,eco_isic4_b,est_sizeaggregate_s1_4,2017,0.366
arg,sex_t,eco_isic4_b,est_sizeaggregate_s1_4,2018,0.69
arg,sex_t,eco_isic4_b,est_sizeaggregate_s1_4,2019,0.723
arg,sex_t,eco_isic4_b,est_sizeaggregate_s1_4,2020,0.811
arg,sex_t,eco_isic4_b,est_sizeaggregate_s1_4,2021,1.207
arg,sex_t,eco_isic4_b,est_sizeaggregate_s1_4,2022,0.984
arg,sex_t,eco_isic4_b,est_sizeaggregate_s1_4,2023,0.553
arg,sex_t,eco_isic4_b,est_sizeaggregate_s1_4,2024,0.535
arg,sex_t,eco_isic4_b,est_sizeaggregate_s5_49,2011,4.94
arg,sex_t,eco_isic4_b,est_sizeaggregate_s5_49,2012,7.427
arg,sex_t,eco_isic4_b,est_sizeaggregate_s5_49,2013,7.399
arg,sex_t,eco_isic4_b,est_sizeaggregate_s5_49,2014,6.302
arg,sex_t,eco_isic4_b,est_sizeaggregate_s5_49,2017,3.816
arg,sex_t,eco_isic4_b,est_sizeaggregate_s5_49,2018,6.209
arg,sex_t,eco_isic4_b,est_sizeaggregate_s5_49,2019,6.378
arg,sex_t,eco_isic4_b,est_sizeaggregate_s5_49,2020,5.92
arg,sex_t,eco_isic4_b,est_sizeaggregate_s5_49,2021,5.17
arg,sex_t,eco_isic4_b,est_sizeaggregate_s5_49,2022,5.511
arg,sex_t,eco_isic4_b,est_sizeaggregate_s5_49,2023,7.774
arg,sex_t,eco_isic4_b,est_sizeaggregate_s5_49,2024,10.802
arg,sex_t,eco_isic4_b,est_sizeaggregate_sge50,2011,31.036
arg,sex_t,eco_isic4_b,est_sizeaggregate_sge50,2012,26.573
arg,sex_t,eco_isic4_b,est_sizeaggregate_sge50,2013,25.987
arg,sex_t,eco_isic4_b,est_sizeaggregate_sge50,2014,25.822
arg,sex_t,eco_isic4_b,est_sizeaggregate_sge50,2017,24.457
arg,sex_t,eco_isic4_b,est_sizeaggregate_sge50,2018,28.463
arg,sex_t,eco_isic4_b,est_sizeaggregate_sge50,2019,32.191
arg,sex_t,eco_isic4_b,est_sizeaggregate_sge50,2020,37.631
arg,sex_t,eco_isic4_b,est_sizeaggregate_sge50,2021,32.512
arg,sex_t,eco_isic4_b,est_sizeaggregate_sge50,2022,29.623
arg,sex_t,eco_isic4_b,est_sizeaggregate_sge50,2023,33.369
arg,sex_t,eco_isic4_b,est_sizeaggregate_sge50,2024,41.948
arg,sex_t,eco_isic4_b,est_sizeaggregate_total,2011,47.847
arg,sex_t,eco_isic4_b,est_sizeaggregate_total,2012,48.664
arg,sex_t,eco_isic4_b,est_sizeaggregate_total,2013,46.311
arg,sex_t,eco_isic4_b,est_sizeaggregate_total,2014,46.495
arg,sex_t,eco_isic4_b,est_sizeaggregate_total,2017,36.305
arg,sex_t,eco_isic4_b,est_sizeaggregate_total,2018,43.934
arg,sex_t,eco_isic4_b,est_sizeaggregate_total,2019,47.659
arg,sex_t,eco_isic4_b,est_sizeaggregate_total,2020,51.81
arg,sex_t,eco_isic4_b,est_sizeaggregate_total,2021,52.153
arg,sex_t,eco_isic4_b,est_sizeaggregate_total,2022,45.601
arg,sex_t,eco_isic4_b,est_sizeaggregate_total,2023,55.083
arg,sex_t,eco_isic4_b,est_sizeaggregate_total,2024,64.573
arg,sex_t,eco_isic4_b,est_sizeaggregate_x,2011,11.275
arg,sex_t,eco_isic4_b,est_sizeaggregate_x,2012,13.666
arg,sex_t,eco_isic4_b,est_sizeaggregate_x,2013,12.333
arg,sex_t,eco_isic4_b,est_sizeaggregate_x,2014,12.683
arg,sex_t,eco_isic4_b,est_sizeaggregate_x,2017,7.667
arg,sex_t,eco_isic4_b,est_sizeaggregate_x,2018,8.572
arg,sex_t,eco_isic4_b,est_sizeaggregate_x,2019,8.367
arg,sex_t,eco_isic4_b,est_sizeaggregate_x,2020,7.448
arg,sex_t,eco_isic4_b,est_sizeaggregate_x,2021,13.263
arg,sex_t,eco_isic4_b,est_sizeaggregate_x,2022,9.483
arg,sex_t,eco_isic4_b,est_sizeaggregate_x,2023,13.386
arg,sex_t,eco_isic4_b,est_sizeaggregate_x,2024,11.288
arg,sex_t,eco_isic4_c,est_sizeaggregate_s1_4,2011,173.233
arg,sex_t,eco_isic4_c,est_sizeaggregate_s1_4,2012,179.171
arg,sex_t,eco_isic4_c,est_sizeaggregate_s1_4,2013,187.129
arg,sex_t,eco_isic4_c,est_sizeaggregate_s1_4,2014,173.678
arg,sex_t,eco_isic4_c,est_sizeaggregate_s1_4,2017,180.846
arg,sex_t,eco_isic4_c,est_sizeaggregate_s1_4,2018,174.245
arg,sex_t,eco_isic4_c,est_sizeaggregate_s1_4,2019,161.131
arg,sex_t,eco_isic4_c,est_sizeaggregate_s1_4,2020,154.566
arg,sex_t,eco_isic4_c,est_sizeaggregate_s1_4,2021,138.931
arg,sex_t,eco_isic4_c,est_sizeaggregate_s1_4,2022,173.99
arg,sex_t,eco_isic4_c,est_sizeaggregate_s1_4,2023,176.634
arg,sex_t,eco_isic4_c,est_sizeaggregate_s1_4,2024,154.194
arg,sex_t,eco_isic4_c,est_sizeaggregate_s5_49,2011,338.277
arg,sex_t,eco_isic4_c,est_sizeaggregate_s5_49,2012,322.269
arg,sex_t,eco_isic4_c,est_sizeaggregate_s5_49,2013,299.288
arg,sex_t,eco_isic4_c,est_sizeaggregate_s5_49,2014,281.389
arg,sex_t,eco_isic4_c,est_sizeaggregate_s5_49,2017,278.983
arg,sex_t,eco_isic4_c,est_sizeaggregate_s5_49,2018,259.24
arg,sex_t,eco_isic4_c,est_sizeaggregate_s5_49,2019,269.878
arg,sex_t,eco_isic4_c,est_sizeaggregate_s5_49,2020,210.87
arg,sex_t,eco_isic4_c,est_sizeaggregate_s5_49,2021,255.768
arg,sex_t,eco_isic4_c,est_sizeaggregate_s5_49,2022,266.19
arg,sex_t,eco_isic4_c,est_sizeaggregate_s5_49,2023,301.071
arg,sex_t,eco_isic4_c,est_sizeaggregate_s5_49,2024,278.412
arg,sex_t,eco_isic4_c,est_sizeaggregate_sge50,2011,337.952
arg,sex_t,eco_isic4_c,est_sizeaggregate_sge50,2012,317.414
arg,sex_t,eco_isic4_c,est_sizeaggregate_sge50,2013,334.733
arg,sex_t,eco_isic4_c,est_sizeaggregate_sge50,2014,362.751
arg,sex_t,eco_isic4_c,est_sizeaggregate_sge50,2017,312.298
arg,sex_t,eco_isic4_c,est_sizeaggregate_sge50,2018,296.141
arg,sex_t,eco_isic4_c,est_sizeaggregate_sge50,2019,312.618
arg,sex_t,eco_isic4_c,est_sizeaggregate_sge50,2020,302.816
arg,sex_t,eco_isic4_c,est_sizeaggregate_sge50,2021,323.636
arg,sex_t,eco_isic4_c,est_sizeaggregate_sge50,2022,315.592
arg,sex_t,eco_isic4_c,est_sizeaggregate_sge50,2023,345.366
arg,sex_t,eco_isic4_c,est_sizeaggregate_sge50,2024,331.337
arg,sex_t,eco_isic4_c,est_sizeaggregate_total,2011,1108.192
arg,sex_t,eco_isic4_c,est_sizeaggregate_total,2012,1094.905
arg,sex_t,eco_isic4_c,est_sizeaggregate_total,2013,1109.81
arg,sex_t,eco_isic4_c,est_sizeaggregate_total,2014,1119.15
arg,sex_t,eco_isic4_c,est_sizeaggregate_total,2017,1011.38
arg,sex_t,eco_isic4_c,est_sizeaggregate_total,2018,966.749
arg,sex_t,eco_isic4_c,est_sizeaggregate_total,2019,976.723
arg,sex_t,eco_isic4_c,est_sizeaggregate_total,2020,878.966
arg,sex_t,eco_isic4_c,est_sizeaggregate_total,2021,973.092
arg,sex_t,eco_isic4_c,est_sizeaggregate_total,2022,1033.225
arg,sex_t,eco_isic4_c,est_sizeaggregate_total,2023,1112.697
arg,sex_t,eco_isic4_c,est_sizeaggregate_total,2024,1003.38
arg,sex_t,eco_isic4_c,est_sizeaggregate_x,2011,258.729
arg,sex_t,eco_isic4_c,est_sizeaggregate_x,2012,276.051
arg,sex_t,eco_isic4_c,est_sizeaggregate_x,2013,288.66
arg,sex_t,eco_isic4_c,est_sizeaggregate_x,2014,301.333
arg,sex_t,eco_isic4_c,est_sizeaggregate_x,2017,239.252
arg,sex_t,eco_isic4_c,est_sizeaggregate_x,2018,237.123
arg,sex_t,eco_isic4_c,est_sizeaggregate_x,2019,233.096
arg,sex_t,eco_isic4_c,est_sizeaggregate_x,2020,210.714
arg,sex_t,eco_isic4_c,est_sizeaggregate_x,2021,254.756
arg,sex_t,eco_isic4_c,est_sizeaggregate_x,2022,277.452
arg,sex_t,eco_isic4_c,est_sizeaggregate_x,2023,289.626
arg,sex_t,eco_isic4_c,est_sizeaggregate_x,2024,239.436
arg,sex_t,eco_isic4_d,est_sizeaggregate_s1_4,2011,1.752
arg,sex_t,eco_isic4_d,est_sizeaggregate_s1_4,2012,0.935
arg,sex_t,eco_isic4_d,est_sizeaggregate_s1_4,2013,1.338
arg,sex_t,eco_isic4_d,est_sizeaggregate_s1_4,2014,0.725
arg,sex_t,eco_isic4_d,est_sizeaggregate_s1_4,2017,1.496
arg,sex_t,eco_isic4_d,est_sizeaggregate_s1_4,2018,1.343
arg,sex_t,eco_isic4_d,est_sizeaggregate_s1_4,2019,1.729
arg,sex_t,eco_isic4_d,est_sizeaggregate_s1_4,2020,0.382
arg,sex_t,eco_isic4_d,est_sizeaggregate_s1_4,2021,0.732
arg,sex_t,eco_isic4_d,est_sizeaggregate_s1_4,2022,1.307
arg,sex_t,eco_isic4_d,est_sizeaggregate_s1_4,2023,2.49
arg,sex_t,eco_isic4_d,est_sizeaggregate_s1_4,2024,1.199
arg,sex_t,eco_isic4_d,est_sizeaggregate_s5_49,2011,9.88
arg,sex_t,eco_isic4_d,est_sizeaggregate_s5_49,2012,6.711
arg,sex_t,eco_isic4_d,est_sizeaggregate_s5_49,2013,6.812
arg,sex_t,eco_isic4_d,est_sizeaggregate_s5_49,2014,3.278
arg,sex_t,eco_isic4_d,est_sizeaggregate_s5_49,2017,4.608
arg,sex_t,eco_isic4_d,est_sizeaggregate_s5_49,2018,6.42
arg,sex_t,eco_isic4_d,est_sizeaggregate_s5_49,2019,5.245
arg,sex_t,eco_isic4_d,est_sizeaggregate_s5_49,2020,5.372
arg,sex_t,eco_isic4_d,est_sizeaggregate_s5_49,2021,4.513
arg,sex_t,eco_isic4_d,est_sizeaggregate_s5_49,2022,5.973
arg,sex_t,eco_isic4_d,est_sizeaggregate_s5_49,2023,9.181
arg,sex_t,eco_isic4_d,est_sizeaggregate_s5_49,2024,6.47
arg,sex_t,eco_isic4_d,est_sizeaggregate_sge50,2011,25.116
arg,sex_t,eco_isic4_d,est_sizeaggregate_sge50,2012,25.158
arg,sex_t,eco_isic4_d,est_sizeaggregate_sge50,2013,20.032
arg,sex_t,eco_isic4_d,est_sizeaggregate_sge50,2014,28.358
arg,sex_t,eco_isic4_d,est_sizeaggregate_sge50,2017,28.685
arg,sex_t,eco_isic4_d,est_sizeaggregate_sge50,2018,29.311
arg,sex_t,eco_isic4_d,est_sizeaggregate_sge50,2019,25.004
arg,sex_t,eco_isic4_d,est_sizeaggregate_sge50,2020,16.632
arg,sex_t,eco_isic4_d,est_sizeaggregate_sge50,2021,32.077
arg,sex_t,eco_isic4_d,est_sizeaggregate_sge50,2022,25.982
arg,sex_t,eco_isic4_d,est_sizeaggregate_sge50,2023,23.067
arg,sex_t,eco_isic4_d,est_sizeaggregate_sge50,2024,27.018
arg,sex_t,eco_isic4_d,est_sizeaggregate_total,2011,45.925
arg,sex_t,eco_isic4_d,est_sizeaggregate_total,2012,46.401
arg,sex_t,eco_isic4_d,est_sizeaggregate_total,2013,40.142
arg,sex_t,eco_isic4_d,est_sizeaggregate_total,2014,45.124
arg,sex_t,eco_isic4_d,est_sizeaggregate_total,2017,42.941
arg,sex_t,eco_isic4_d,est_sizeaggregate_total,2018,48.289
arg,sex_t,eco_isic4_d,est_sizeaggregate_total,2019,40.498
arg,sex_t,eco_isic4_d,est_sizeaggregate_total,2020,30.693
arg,sex_t,eco_isic4_d,est_sizeaggregate_total,2021,51.614
arg,sex_t,eco_isic4_d,est_sizeaggregate_total,2022,41.779
arg,sex_t,eco_isic4_d,est_sizeaggregate_total,2023,45.946
arg,sex_t,eco_isic4_d,est_sizeaggregate_total,2024,48.33
arg,sex_t,eco_isic4_d,est_sizeaggregate_x,2011,9.177
arg,sex_t,eco_isic4_d,est_sizeaggregate_x,2012,13.597
arg,sex_t,eco_isic4_d,est_sizeaggregate_x,2013,11.959
arg,sex_t,eco_isic4_d,est_sizeaggregate_x,2014,12.762
arg,sex_t,eco_isic4_d,est_sizeaggregate_x,2017,8.152
arg,sex_t,eco_isic4_d,est_sizeaggregate_x,2018,11.215
arg,sex_t,eco_isic4_d,est_sizeaggregate_x,2019,8.519
arg,sex_t,eco_isic4_d,est_sizeaggregate_x,2020,8.306
arg,sex_t,eco_isic4_d,est_sizeaggregate_x,2021,14.292
arg,sex_t,eco_isic4_d,est_sizeaggregate_x,2022,8.518
arg,sex_t,eco_isic4_d,est_sizeaggregate_x,2023,11.209
arg,sex_t,eco_isic4_d,est_sizeaggregate_x,2024,13.643
arg,sex_t,eco_isic4_e,est_sizeaggregate_s1_4,2011,4.226
arg,sex_t,eco_isic4_e,est_sizeaggregate_s1_4,2012,3.772
arg,sex_t,eco_isic4_e,est_sizeaggregate_s1_4,2013,5.992
arg,sex_t,eco_isic4_e,est_sizeaggregate_s1_4,2014,7.03
arg,sex_t,eco_isic4_e,est_sizeaggregate_s1_4,2017,3.509
arg,sex_t,eco_isic4_e,est_sizeaggregate_s1_4,2018,4.256
arg,sex_t,eco_isic4_e,est_sizeaggregate_s1_4,2019,6.278
arg,sex_t,eco_isic4_e,est_sizeaggregate_s1_4,2020,5.648
arg,sex_t,eco_isic4_e,est_sizeaggregate_s1_4,2021,8.752
arg,sex_t,eco_isic4_e,est_sizeaggregate_s1_4,2022,3.437
arg,sex_t,eco_isic4_e,est_sizeaggregate_s1_4,2023,7.569
arg,sex_t,eco_isic4_e,est_sizeaggregate_s1_4,2024,4.972
arg,sex_t,eco_isic4_e,est_sizeaggregate_s5_49,2011,9.61
arg,sex_t,eco_isic4_e,est_sizeaggregate_s5_49,2012,6.908
arg,sex_t,eco_isic4_e,est_sizeaggregate_s5_49,2013,9.574
arg,sex_t,eco_isic4_e,est_sizeaggregate_s5_49,2014,11.959
arg,sex_t,eco_isic4_e,est_sizeaggregate_s5_49,2017,8.801
arg,sex_t,eco_isic4_e,est_sizeaggregate_s5_49,2018,11.36
arg,sex_t,eco_isic4_e,est_sizeaggregate_s5_49,2019,7.634
arg,sex_t,eco_isic4_e,est_sizeaggregate_s5_49,2020,8.579
arg,sex_t,eco_isic4_e,est_sizeaggregate_s5_49,2021,13.879
arg,sex_t,eco_isic4_e,est_sizeaggregate_s5_49,2022,12.884
arg,sex_t,eco_isic4_e,est_sizeaggregate_s5_49,2023,13.645
arg,sex_t,eco_isic4_e,est_sizeaggregate_s5_49,2024,14.142
arg,sex_t,eco_isic4_e,est_sizeaggregate_sge50,2011,26.229
arg,sex_t,eco_isic4_e,est_sizeaggregate_sge50,2012,20
arg,sex_t,eco_isic4_e,est_sizeaggregate_sge50,2013,26.843
arg,sex_t,eco_isic4_e,est_sizeaggregate_sge50,2014,28.216
arg,sex_t,eco_isic4_e,est_sizeaggregate_sge50,2017,27.822
arg,sex_t,eco_isic4_e,est_sizeaggregate_sge50,2018,22.132
arg,sex_t,eco_isic4_e,est_sizeaggregate_sge50,2019,22.77
arg,sex_t,eco_isic4_e,est_sizeaggregate_sge50,2020,25.935
arg,sex_t,eco_isic4_e,est_sizeaggregate_sge50,2021,30.948
arg,sex_t,eco_isic4_e,est_sizeaggregate_sge50,2022,33.554
arg,sex_t,eco_isic4_e,est_sizeaggregate_sge50,2023,32.321
arg,sex_t,eco_isic4_e,est_sizeaggregate_sge50,2024,40.505
arg,sex_t,eco_isic4_e,est_sizeaggregate_total,2011,53.939
arg,sex_t,eco_isic4_e,est_sizeaggregate_total,2012,42.097
arg,sex_t,eco_isic4_e,est_sizeaggregate_total,2013,58.873
arg,sex_t,eco_isic4_e,est_sizeaggregate_total,2014,63.017
arg,sex_t,eco_isic4_e,est_sizeaggregate_total,2017,54.898
arg,sex_t,eco_isic4_e,est_sizeaggregate_total,2018,50.919
arg,sex_t,eco_isic4_e,est_sizeaggregate_total,2019,49.734
arg,sex_t,eco_isic4_e,est_sizeaggregate_total,2020,61.37
arg,sex_t,eco_isic4_e,est_sizeaggregate_total,2021,73.184
arg,sex_t,eco_isic4_e,est_sizeaggregate_total,2022,74.734
arg,sex_t,eco_isic4_e,est_sizeaggregate_total,2023,84.788
arg,sex_t,eco_isic4_e,est_sizeaggregate_total,2024,78.662
arg,sex_t,eco_isic4_e,est_sizeaggregate_x,2011,13.874
arg,sex_t,eco_isic4_e,est_sizeaggregate_x,2012,11.418
arg,sex_t,eco_isic4_e,est_sizeaggregate_x,2013,16.463
arg,sex_t,eco_isic4_e,est_sizeaggregate_x,2014,15.812
arg,sex_t,eco_isic4_e,est_sizeaggregate_x,2017,14.766
arg,sex_t,eco_isic4_e,est_sizeaggregate_x,2018,13.17
arg,sex_t,eco_isic4_e,est_sizeaggregate_x,2019,13.052
arg,sex_t,eco_isic4_e,est_sizeaggregate_x,2020,21.208
arg,sex_t,eco_isic4_e,est_sizeaggregate_x,2021,19.606
arg,sex_t,eco_isic4_e,est_sizeaggregate_x,2022,24.858
arg,sex_t,eco_isic4_e,est_sizeaggregate_x,2023,31.254
arg,sex_t,eco_isic4_e,est_sizeaggregate_x,2024,19.041
arg,sex_t,eco_isic4_f,est_sizeaggregate_s1_4,2011,237.302
arg,sex_t,eco_isic4_f,est_sizeaggregate_s1_4,2012,244.785
arg,sex_t,eco_isic4_f,est_sizeaggregate_s1_4,2013,257.839
arg,sex_t,eco_isic4_f,est_sizeaggregate_s1_4,2014,266.392
arg,sex_t,eco_isic4_f,est_sizeaggregate_s1_4,2017,259.468
arg,sex_t,eco_isic4_f,est_sizeaggregate_s1_4,2018,268.188
arg,sex_t,eco_isic4_f,est_sizeaggregate_s1_4,2019,279.639
arg,sex_t,eco_isic4_f,est_sizeaggregate_s1_4,2020,243.643
arg,sex_t,eco_isic4_f,est_sizeaggregate_s1_4,2021,277.132
arg,sex_t,eco_isic4_f,est_sizeaggregate_s1_4,2022,287.829
arg,sex_t,eco_isic4_f,est_sizeaggregate_s1_4,2023,290.356
arg,sex_t,eco_isic4_f,est_sizeaggregate_s1_4,2024,292.637
arg,sex_t,eco_isic4_f,est_sizeaggregate_s5_49,2011,147.397
arg,sex_t,eco_isic4_f,est_sizeaggregate_s5_49,2012,133.971
arg,sex_t,eco_isic4_f,est_sizeaggregate_s5_49,2013,142.107
arg,sex_t,eco_isic4_f,est_sizeaggregate_s5_49,2014,131.946
arg,sex_t,eco_isic4_f,est_sizeaggregate_s5_49,2017,144.731
arg,sex_t,eco_isic4_f,est_sizeaggregate_s5_49,2018,152.767
arg,sex_t,eco_isic4_f,est_sizeaggregate_s5_49,2019,142.745
arg,sex_t,eco_isic4_f,est_sizeaggregate_s5_49,2020,118.738
arg,sex_t,eco_isic4_f,est_sizeaggregate_s5_49,2021,122.496
arg,sex_t,eco_isic4_f,est_sizeaggregate_s5_49,2022,146.428
arg,sex_t,eco_isic4_f,est_sizeaggregate_s5_49,2023,169.879
arg,sex_t,eco_isic4_f,est_sizeaggregate_s5_49,2024,158.242
arg,sex_t,eco_isic4_f,est_sizeaggregate_sge50,2011,64.023
arg,sex_t,eco_isic4_f,est_sizeaggregate_sge50,2012,68.859
arg,sex_t,eco_isic4_f,est_sizeaggregate_sge50,2013,56.723
arg,sex_t,eco_isic4_f,est_sizeaggregate_sge50,2014,53.885
arg,sex_t,eco_isic4_f,est_sizeaggregate_sge50,2017,69.461
arg,sex_t,eco_isic4_f,est_sizeaggregate_sge50,2018,71.581
arg,sex_t,eco_isic4_f,est_sizeaggregate_sge50,2019,63.439
arg,sex_t,eco_isic4_f,est_sizeaggregate_sge50,2020,49.611
arg,sex_t,eco_isic4_f,est_sizeaggregate_sge50,2021,51.676
arg,sex_t,eco_isic4_f,est_sizeaggregate_sge50,2022,54.628
arg,sex_t,eco_isic4_f,est_sizeaggregate_sge50,2023,67.001
arg,sex_t,eco_isic4_f,est_sizeaggregate_sge50,2024,67.231
arg,sex_t,eco_isic4_f,est_sizeaggregate_total,2011,562.176
arg,sex_t,eco_isic4_f,est_sizeaggregate_total,2012,574.223
arg,sex_t,eco_isic4_f,est_sizeaggregate_total,2013,565.184
arg,sex_t,eco_isic4_f,est_sizeaggregate_total,2014,572.641
arg,sex_t,eco_isic4_f,est_sizeaggregate_total,2017,597.098
arg,sex_t,eco_isic4_f,est_sizeaggregate_total,2018,620.124
arg,sex_t,eco_isic4_f,est_sizeaggregate_total,2019,628.543
arg,sex_t,eco_isic4_f,est_sizeaggregate_total,2020,517.358
arg,sex_t,eco_isic4_f,est_sizeaggregate_total,2021,561.782
arg,sex_t,eco_isic4_f,est_sizeaggregate_total,2022,668.008
arg,sex_t,eco_isic4_f,est_sizeaggregate_total,2023,704.073
arg,sex_t,eco_isic4_f,est_sizeaggregate_total,2024,644.544
arg,sex_t,eco_isic4_f,est_sizeaggregate_x,2011,113.455
arg,sex_t,eco_isic4_f,est_sizeaggregate_x,2012,126.609
arg,sex_t,eco_isic4_f,est_sizeaggregate_x,2013,108.514
arg,sex_t,eco_isic4_f,est_sizeaggregate_x,2014,120.419
arg,sex_t,eco_isic4_f,est_sizeaggregate_x,2017,123.439
arg,sex_t,eco_isic4_f,est_sizeaggregate_x,2018,127.589
arg,sex_t,eco_isic4_f,est_sizeaggregate_x,2019,142.719
arg,sex_t,eco_isic4_f,est_sizeaggregate_x,2020,105.366
arg,sex_t,eco_isic4_f,est_sizeaggregate_x,2021,110.478
arg,sex_t,eco_isic4_f,est_sizeaggregate_x,2022,179.123
arg,sex_t,eco_isic4_f,est_sizeaggregate_x,2023,176.838
arg,sex_t,eco_isic4_f,est_sizeaggregate_x,2024,126.434
arg,sex_t,eco_isic4_g,est_sizeaggregate_s1_4,2011,470.807
arg,sex_t,eco_isic4_g,est_sizeaggregate_s1_4,2012,444.055
arg,sex_t,eco_isic4_g,est_sizeaggregate_s1_4,2013,460.213
arg,sex_t,eco_isic4_g,est_sizeaggregate_s1_4,2014,439.684
arg,sex_t,eco_isic4_g,est_sizeaggregate_s1_4,2017,436.681
arg,sex_t,eco_isic4_g,est_sizeaggregate_s1_4,2018,469.846
arg,sex_t,eco_isic4_g,est_sizeaggregate_s1_4,2019,467.353
arg,sex_t,eco_isic4_g,est_sizeaggregate_s1_4,2020,372.57
arg,sex_t,eco_isic4_g,est_sizeaggregate_s1_4,2021,439.536
arg,sex_t,eco_isic4_g,est_sizeaggregate_s1_4,2022,508.029
arg,sex_t,eco_isic4_g,est_sizeaggregate_s1_4,2023,548.651
arg,sex_t,eco_isic4_g,est_sizeaggregate_s1_4,2024,564.013
arg,sex_t,eco_isic4_g,est_sizeaggregate_s5_49,2011,370.911
arg,sex_t,eco_isic4_g,est_sizeaggregate_s5_49,2012,345.604
arg,sex_t,eco_isic4_g,est_sizeaggregate_s5_49,2013,316.551
arg,sex_t,eco_isic4_g,est_sizeaggregate_s5_49,2014,305.968
arg,sex_t,eco_isic4_g,est_sizeaggregate_s5_49,2017,349.389
arg,sex_t,eco_isic4_g,est_sizeaggregate_s5_49,2018,355.251
arg,sex_t,eco_isic4_g,est_sizeaggregate_s5_49,2019,343.022
arg,sex_t,eco_isic4_g,est_sizeaggregate_s5_49,2020,289.86
arg,sex_t,eco_isic4_g,est_sizeaggregate_s5_49,2021,352.603
arg,sex_t,eco_isic4_g,est_sizeaggregate_s5_49,2022,354.755
arg,sex_t,eco_isic4_g,est_sizeaggregate_s5_49,2023,381.216
arg,sex_t,eco_isic4_g,est_sizeaggregate_s5_49,2024,391.832
arg,sex_t,eco_isic4_g,est_sizeaggregate_sge50,2011,148.483
arg,sex_t,eco_isic4_g,est_sizeaggregate_sge50,2012,159.219
arg,sex_t,eco_isic4_g,est_sizeaggregate_sge50,2013,168.594
arg,sex_t,eco_isic4_g,est_sizeaggregate_sge50,2014,145.687
arg,sex_t,eco_isic4_g,est_sizeaggregate_sge50,2017,151.656
arg,sex_t,eco_isic4_g,est_sizeaggregate_sge50,2018,155.259
arg,sex_t,eco_isic4_g,est_sizeaggregate_sge50,2019,165.913
arg,sex_t,eco_isic4_g,est_sizeaggregate_sge50,2020,151.374
arg,sex_t,eco_isic4_g,est_sizeaggregate_sge50,2021,135.644
arg,sex_t,eco_isic4_g,est_sizeaggregate_sge50,2022,151.577
arg,sex_t,eco_isic4_g,est_sizeaggregate_sge50,2023,180.489
arg,sex_t,eco_isic4_g,est_sizeaggregate_sge50,2024,204.959
arg,sex_t,eco_isic4_g,est_sizeaggregate_total,2011,1195.209
arg,sex_t,eco_isic4_g,est_sizeaggregate_total,2012,1164.647
arg,sex_t,eco_isic4_g,est_sizeaggregate_total,2013,1156.872
arg,sex_t,eco_isic4_g,est_sizeaggregate_total,2014,1112.562
arg,sex_t,eco_isic4_g,est_sizeaggregate_total,2017,1156.84
arg,sex_t,eco_isic4_g,est_sizeaggregate_total,2018,1201.814
arg,sex_t,eco_isic4_g,est_sizeaggregate_total,2019,1194.32
arg,sex_t,eco_isic4_g,est_sizeaggregate_total,2020,1000.343
arg,sex_t,eco_isic4_g,est_sizeaggregate_total,2021,1146.011
arg,sex_t,eco_isic4_g,est_sizeaggregate_total,2022,1244.745
arg,sex_t,eco_isic4_g,est_sizeaggregate_total,2023,1384.663
arg,sex_t,eco_isic4_g,est_sizeaggregate_total,2024,1422.803
arg,sex_t,eco_isic4_g,est_sizeaggregate_x,2011,205.007
arg,sex_t,eco_isic4_g,est_sizeaggregate_x,2012,215.769
arg,sex_t,eco_isic4_g,est_sizeaggregate_x,2013,211.514
arg,sex_t,eco_isic4_g,est_sizeaggregate_x,2014,221.223
arg,sex_t,eco_isic4_g,est_sizeaggregate_x,2017,219.115
arg,sex_t,eco_isic4_g,est_sizeaggregate_x,2018,221.459
arg,sex_t,eco_isic4_g,est_sizeaggregate_x,2019,218.031
arg,sex_t,eco_isic4_g,est_sizeaggregate_x,2020,186.54
arg,sex_t,eco_isic4_g,est_sizeaggregate_x,2021,218.228
arg,sex_t,eco_isic4_g,est_sizeaggregate_x,2022,230.383
arg,sex_t,eco_isic4_g,est_sizeaggregate_x,2023,274.307
arg,sex_t,eco_isic4_g,est_sizeaggregate_x,2024,262
arg,sex_t,eco_isic4_h,est_sizeaggregate_s1_4,2011,98.378
arg,sex_t,eco_isic4_h,est_sizeaggregate_s1_4,2012,114.586
arg,sex_t,eco_isic4_h,est_sizeaggregate_s1_4,2013,99.298
arg,sex_t,eco_isic4_h,est_sizeaggregate_s1_4,2014,98.034
arg,sex_t,eco_isic4_h,est_sizeaggregate_s1_4,2017,90.397
arg,sex_t,eco_isic4_h,est_sizeaggregate_s1_4,2018,81.577
arg,sex_t,eco_isic4_h,est_sizeaggregate_s1_4,2019,90.49
arg,sex_t,eco_isic4_h,est_sizeaggregate_s1_4,2020,67.112
arg,sex_t,eco_isic4_h,est_sizeaggregate_s1_4,2021,74.885
arg,sex_t,eco_isic4_h,est_sizeaggregate_s1_4,2022,80.885
arg,sex_t,eco_isic4_h,est_sizeaggregate_s1_4,2023,85.721
arg,sex_t,eco_isic4_h,est_sizeaggregate_s1_4,2024,83.4
arg,sex_t,eco_isic4_h,est_sizeaggregate_s5_49,2011,126.024
arg,sex_t,eco_isic4_h,est_sizeaggregate_s5_49,2012,124.039
arg,sex_t,eco_isic4_h,est_sizeaggregate_s5_49,2013,120.498
arg,sex_t,eco_isic4_h,est_sizeaggregate_s5_49,2014,120.103
arg,sex_t,eco_isic4_h,est_sizeaggregate_s5_49,2017,137.691
arg,sex_t,eco_isic4_h,est_sizeaggregate_s5_49,2018,125.463
arg,sex_t,eco_isic4_h,est_sizeaggregate_s5_49,2019,101.46
arg,sex_t,eco_isic4_h,est_sizeaggregate_s5_49,2020,78.25
arg,sex_t,eco_isic4_h,est_sizeaggregate_s5_49,2021,104.118
arg,sex_t,eco_isic4_h,est_sizeaggregate_s5_49,2022,74.081
arg,sex_t,eco_isic4_h,est_sizeaggregate_s5_49,2023,90.909
arg,sex_t,eco_isic4_h,est_sizeaggregate_s5_49,2024,102.611
arg,sex_t,eco_isic4_h,est_sizeaggregate_sge50,2011,150.614
arg,sex_t,eco_isic4_h,est_sizeaggregate_sge50,2012,143.989
arg,sex_t,eco_isic4_h,est_sizeaggregate_sge50,2013,155.517
arg,sex_t,eco_isic4_h,est_sizeaggregate_sge50,2014,151.582
arg,sex_t,eco_isic4_h,est_sizeaggregate_sge50,2017,144.065
arg,sex_t,eco_isic4_h,est_sizeaggregate_sge50,2018,151.445
arg,sex_t,eco_isic4_h,est_sizeaggregate_sge50,2019,155.586
arg,sex_t,eco_isic4_h,est_sizeaggregate_sge50,2020,134.019
arg,sex_t,eco_isic4_h,est_sizeaggregate_sge50,2021,152.254
arg,sex_t,eco_isic4_h,est_sizeaggregate_sge50,2022,148.918
arg,sex_t,eco_isic4_h,est_sizeaggregate_sge50,2023,166.837
arg,sex_t,eco_isic4_h,est_sizeaggregate_sge50,2024,179.497
arg,sex_t,eco_isic4_h,est_sizeaggregate_total,2011,479.334
arg,sex_t,eco_isic4_h,est_sizeaggregate_total,2012,519.4
arg,sex_t,eco_isic4_h,est_sizeaggregate_total,2013,506.482
arg,sex_t,eco_isic4_h,est_sizeaggregate_total,2014,495.056
arg,sex_t,eco_isic4_h,est_sizeaggregate_total,2017,509.758
arg,sex_t,eco_isic4_h,est_sizeaggregate_total,2018,492.055
arg,sex_t,eco_isic4_h,est_sizeaggregate_total,2019,478.99
arg,sex_t,eco_isic4_h,est_sizeaggregate_total,2020,394.054
arg,sex_t,eco_isic4_h,est_sizeaggregate_total,2021,466.414
arg,sex_t,eco_isic4_h,est_sizeaggregate_total,2022,475.212
arg,sex_t,eco_isic4_h,est_sizeaggregate_total,2023,498.771
arg,sex_t,eco_isic4_h,est_sizeaggregate_total,2024,554.206
arg,sex_t,eco_isic4_h,est_sizeaggregate_x,2011,104.318
arg,sex_t,eco_isic4_h,est_sizeaggregate_x,2012,136.785
arg,sex_t,eco_isic4_h,est_sizeaggregate_x,2013,131.169
arg,sex_t,eco_isic4_h,est_sizeaggregate_x,2014,125.337
arg,sex_t,eco_isic4_h,est_sizeaggregate_x,2017,137.605
arg,sex_t,eco_isic4_h,est_sizeaggregate_x,2018,133.571
arg,sex_t,eco_isic4_h,est_sizeaggregate_x,2019,131.453
arg,sex_t,eco_isic4_h,est_sizeaggregate_x,2020,114.673
arg,sex_t,eco_isic4_h,est_sizeaggregate_x,2021,135.157
arg,sex_t,eco_isic4_h,est_sizeaggregate_x,2022,171.328
arg,sex_t,eco_isic4_h,est_sizeaggregate_x,2023,155.304
arg,sex_t,eco_isic4_h,est_sizeaggregate_x,2024,188.697
arg,sex_t,eco_isic4_i,est_sizeaggregate_s1_4,2011,82.034
arg,sex_t,eco_isic4_i,est_sizeaggregate_s1_4,2012,87.689
arg,sex_t,eco_isic4_i,est_sizeaggregate_s1_4,2013,74.117
arg,sex_t,eco_isic4_i,est_sizeaggregate_s1_4,2014,73.14
arg,sex_t,eco_isic4_i,est_sizeaggregate_s1_4,2017,84.304
arg,sex_t,eco_isic4_i,est_sizeaggregate_s1_4,2018,92.835
arg,sex_t,eco_isic4_i,est_sizeaggregate_s1_4,2019,88.412
arg,sex_t,eco_isic4_i,est_sizeaggregate_s1_4,2020,62.618
arg,sex_t,eco_isic4_i,est_sizeaggregate_s1_4,2021,71.014
arg,sex_t,eco_isic4_i,est_sizeaggregate_s1_4,2022,88.886
arg,sex_t,eco_isic4_i,est_sizeaggregate_s1_4,2023,97.191
arg,sex_t,eco_isic4_i,est_sizeaggregate_s1_4,2024,119.027
arg,sex_t,eco_isic4_i,est_sizeaggregate_s5_49,2011,141.183
arg,sex_t,eco_isic4_i,est_sizeaggregate_s5_49,2012,137.803
arg,sex_t,eco_isic4_i,est_sizeaggregate_s5_49,2013,128.232
arg,sex_t,eco_isic4_i,est_sizeaggregate_s5_49,2014,140.58
arg,sex_t,eco_isic4_i,est_sizeaggregate_s5_49,2017,170.546
arg,sex_t,eco_isic4_i,est_sizeaggregate_s5_49,2018,168.778
arg,sex_t,eco_isic4_i,est_sizeaggregate_s5_49,2019,168.041
arg,sex_t,eco_isic4_i,est_sizeaggregate_s5_49,2020,120.404
arg,sex_t,eco_isic4_i,est_sizeaggregate_s5_49,2021,126.81
arg,sex_t,eco_isic4_i,est_sizeaggregate_s5_49,2022,164.253
arg,sex_t,eco_isic4_i,est_sizeaggregate_s5_49,2023,204.597
arg,sex_t,eco_isic4_i,est_sizeaggregate_s5_49,2024,216.863
arg,sex_t,eco_isic4_i,est_sizeaggregate_sge50,2011,24.861
arg,sex_t,eco_isic4_i,est_sizeaggregate_sge50,2012,29.464
arg,sex_t,eco_isic4_i,est_sizeaggregate_sge50,2013,30.982
arg,sex_t,eco_isic4_i,est_sizeaggregate_sge50,2014,25.11
arg,sex_t,eco_isic4_i,est_sizeaggregate_sge50,2017,28.116
arg,sex_t,eco_isic4_i,est_sizeaggregate_sge50,2018,32.413
arg,sex_t,eco_isic4_i,est_sizeaggregate_sge50,2019,31.499
arg,sex_t,eco_isic4_i,est_sizeaggregate_sge50,2020,28.613
arg,sex_t,eco_isic4_i,est_sizeaggregate_sge50,2021,35.466
arg,sex_t,eco_isic4_i,est_sizeaggregate_sge50,2022,34.631
arg,sex_t,eco_isic4_i,est_sizeaggregate_sge50,2023,37.323
arg,sex_t,eco_isic4_i,est_sizeaggregate_sge50,2024,34.13
arg,sex_t,eco_isic4_i,est_sizeaggregate_total,2011,300.419
arg,sex_t,eco_isic4_i,est_sizeaggregate_total,2012,321.858
arg,sex_t,eco_isic4_i,est_sizeaggregate_total,2013,296.027
arg,sex_t,eco_isic4_i,est_sizeaggregate_total,2014,308.342
arg,sex_t,eco_isic4_i,est_sizeaggregate_total,2017,351.438
arg,sex_t,eco_isic4_i,est_sizeaggregate_total,2018,371.574
arg,sex_t,eco_isic4_i,est_sizeaggregate_total,2019,364.407
arg,sex_t,eco_isic4_i,est_sizeaggregate_total,2020,267.156
arg,sex_t,eco_isic4_i,est_sizeaggregate_total,2021,299.136
arg,sex_t,eco_isic4_i,est_sizeaggregate_total,2022,383.855
arg,sex_t,eco_isic4_i,est_sizeaggregate_total,2023,449.648
arg,sex_t,eco_isic4_i,est_sizeaggregate_total,2024,479.504
arg,sex_t,eco_isic4_i,est_sizeaggregate_x,2011,52.342
arg,sex_t,eco_isic4_i,est_sizeaggregate_x,2012,66.903
arg,sex_t,eco_isic4_i,est_sizeaggregate_x,2013,62.696
arg,sex_t,eco_isic4_i,est_sizeaggregate_x,2014,69.512
arg,sex_t,eco_isic4_i,est_sizeaggregate_x,2017,68.473
arg,sex_t,eco_isic4_i,est_sizeaggregate_x,2018,77.548
arg,sex_t,eco_isic4_i,est_sizeaggregate_x,2019,76.456
arg,sex_t,eco_isic4_i,est_sizeaggregate_x,2020,55.52
arg,sex_t,eco_isic4_i,est_sizeaggregate_x,2021,65.847
arg,sex_t,eco_isic4_i,est_sizeaggregate_x,2022,96.085
arg,sex_t,eco_isic4_i,est_sizeaggregate_x,2023,110.536
arg,sex_t,eco_isic4_i,est_sizeaggregate_x,2024,109.484
arg,sex_t,eco_isic4_j,est_sizeaggregate_s1_4,2011,16.813
arg,sex_t,eco_isic4_j,est_sizeaggregate_s1_4,2012,14.71
arg,sex_t,eco_isic4_j,est_sizeaggregate_s1_4,2013,17.022
arg,sex_t,eco_isic4_j,est_sizeaggregate_s1_4,2014,11.251
arg,sex_t,eco_isic4_j,est_sizeaggregate_s1_4,2017,10.963
arg,sex_t,eco_isic4_j,est_sizeaggregate_s1_4,2018,14.522
arg,sex_t,eco_isic4_j,est_sizeaggregate_s1_4,2019,18.483
arg,sex_t,eco_isic4_j,est_sizeaggregate_s1_4,2020,11.783
arg,sex_t,eco_isic4_j,est_sizeaggregate_s1_4,2021,13.062
arg,sex_t,eco_isic4_j,est_sizeaggregate_s1_4,2022,16.191
arg,sex_t,eco_isic4_j,est_sizeaggregate_s1_4,2023,16.358
arg,sex_t,eco_isic4_j,est_sizeaggregate_s1_4,2024,17.359
arg,sex_t,eco_isic4_j,est_sizeaggregate_s5_49,2011,43.382
arg,sex_t,eco_isic4_j,est_sizeaggregate_s5_49,2012,44.863
arg,sex_t,eco_isic4_j,est_sizeaggregate_s5_49,2013,41.627
arg,sex_t,eco_isic4_j,est_sizeaggregate_s5_49,2014,46.453
arg,sex_t,eco_isic4_j,est_sizeaggregate_s5_49,2017,36.974
arg,sex_t,eco_isic4_j,est_sizeaggregate_s5_49,2018,35.658
arg,sex_t,eco_isic4_j,est_sizeaggregate_s5_49,2019,43.974
arg,sex_t,eco_isic4_j,est_sizeaggregate_s5_49,2020,41.613
arg,sex_t,eco_isic4_j,est_sizeaggregate_s5_49,2021,53.194
arg,sex_t,eco_isic4_j,est_sizeaggregate_s5_49,2022,49.721
arg,sex_t,eco_isic4_j,est_sizeaggregate_s5_49,2023,52.255
arg,sex_t,eco_isic4_j,est_sizeaggregate_s5_49,2024,71.016
arg,sex_t,eco_isic4_j,est_sizeaggregate_sge50,2011,98.617
arg,sex_t,eco_isic4_j,est_sizeaggregate_sge50,2012,104.586
arg,sex_t,eco_isic4_j,est_sizeaggregate_sge50,2013,95.891
arg,sex_t,eco_isic4_j,est_sizeaggregate_sge50,2014,99.608
arg,sex_t,eco_isic4_j,est_sizeaggregate_sge50,2017,63.703
arg,sex_t,eco_isic4_j,est_sizeaggregate_sge50,2018,70.913
arg,sex_t,eco_isic4_j,est_sizeaggregate_sge50,2019,86.238
arg,sex_t,eco_isic4_j,est_sizeaggregate_sge50,2020,82.077
arg,sex_t,eco_isic4_j,est_sizeaggregate_sge50,2021,119.654
arg,sex_t,eco_isic4_j,est_sizeaggregate_sge50,2022,105.731
arg,sex_t,eco_isic4_j,est_sizeaggregate_sge50,2023,115.057
arg,sex_t,eco_isic4_j,est_sizeaggregate_sge50,2024,128.422
arg,sex_t,eco_isic4_j,est_sizeaggregate_total,2011,207.805
arg,sex_t,eco_isic4_j,est_sizeaggregate_total,2012,212.047
arg,sex_t,eco_isic4_j,est_sizeaggregate_total,2013,195.4
arg,sex_t,eco_isic4_j,est_sizeaggregate_total,2014,197.729
arg,sex_t,eco_isic4_j,est_sizeaggregate_total,2017,148.909
arg,sex_t,eco_isic4_j,est_sizeaggregate_total,2018,161.892
arg,sex_t,eco_isic4_j,est_sizeaggregate_total,2019,196.367
arg,sex_t,eco_isic4_j,est_sizeaggregate_total,2020,203.9
arg,sex_t,eco_isic4_j,est_sizeaggregate_total,2021,242.024
arg,sex_t,eco_isic4_j,est_sizeaggregate_total,2022,227.411
arg,sex_t,eco_isic4_j,est_sizeaggregate_total,2023,237.885
arg,sex_t,eco_isic4_j,est_sizeaggregate_total,2024,278.478
arg,sex_t,eco_isic4_j,est_sizeaggregate_x,2011,48.993
arg,sex_t,eco_isic4_j,est_sizeaggregate_x,2012,47.887
arg,sex_t,eco_isic4_j,est_sizeaggregate_x,2013,40.86
arg,sex_t,eco_isic4_j,est_sizeaggregate_x,2014,40.417
arg,sex_t,eco_isic4_j,est_sizeaggregate_x,2017,37.269
arg,sex_t,eco_isic4_j,est_sizeaggregate_x,2018,40.799
arg,sex_t,eco_isic4_j,est_sizeaggregate_x,2019,47.671
arg,sex_t,eco_isic4_j,est_sizeaggregate_x,2020,68.427
arg,sex_t,eco_isic4_j,est_sizeaggregate_x,2021,56.114
arg,sex_t,eco_isic4_j,est_sizeaggregate_x,2022,55.768
arg,sex_t,eco_isic4_j,est_sizeaggregate_x,2023,54.215
arg,sex_t,eco_isic4_j,est_sizeaggregate_x,2024,61.681
arg,sex_t,eco_isic4_k,est_sizeaggregate_s1_4,2011,13.138
arg,sex_t,eco_isic4_k,est_sizeaggregate_s1_4,2012,15.446
arg,sex_t,eco_isic4_k,est_sizeaggregate_s1_4,2013,14.587
arg,sex_t,eco_isic4_k,est_sizeaggregate_s1_4,2014,17.72
arg,sex_t,eco_isic4_k,est_sizeaggregate_s1_4,2017,10.549
arg,sex_t,eco_isic4_k,est_sizeaggregate_s1_4,2018,17.437
arg,sex_t,eco_isic4_k,est_sizeaggregate_s1_4,2019,14.552
arg,sex_t,eco_isic4_k,est_sizeaggregate_s1_4,2020,17.388
arg,sex_t,eco_isic4_k,est_sizeaggregate_s1_4,2021,10.976
arg,sex_t,eco_isic4_k,est_sizeaggregate_s1_4,2022,14.395
arg,sex_t,eco_isic4_k,est_sizeaggregate_s1_4,2023,13.046
arg,sex_t,eco_isic4_k,est_sizeaggregate_s1_4,2024,16.184
arg,sex_t,eco_isic4_k,est_sizeaggregate_s5_49,2011,64.1
arg,sex_t,eco_isic4_k,est_sizeaggregate_s5_49,2012,64.65
arg,sex_t,eco_isic4_k,est_sizeaggregate_s5_49,2013,52.623
arg,sex_t,eco_isic4_k,est_sizeaggregate_s5_49,2014,51.946
arg,sex_t,eco_isic4_k,est_sizeaggregate_s5_49,2017,63.26
arg,sex_t,eco_isic4_k,est_sizeaggregate_s5_49,2018,70.4
arg,sex_t,eco_isic4_k,est_sizeaggregate_s5_49,2019,59.567
arg,sex_t,eco_isic4_k,est_sizeaggregate_s5_49,2020,52.613
arg,sex_t,eco_isic4_k,est_sizeaggregate_s5_49,2021,59.851
arg,sex_t,eco_isic4_k,est_sizeaggregate_s5_49,2022,47.837
arg,sex_t,eco_isic4_k,est_sizeaggregate_s5_49,2023,59.292
arg,sex_t,eco_isic4_k,est_sizeaggregate_s5_49,2024,68.844
arg,sex_t,eco_isic4_k,est_sizeaggregate_sge50,2011,98.786
arg,sex_t,eco_isic4_k,est_sizeaggregate_sge50,2012,97.476
arg,sex_t,eco_isic4_k,est_sizeaggregate_sge50,2013,76.278
arg,sex_t,eco_isic4_k,est_sizeaggregate_sge50,2014,93.289
arg,sex_t,eco_isic4_k,est_sizeaggregate_sge50,2017,90.53
arg,sex_t,eco_isic4_k,est_sizeaggregate_sge50,2018,88.94
arg,sex_t,eco_isic4_k,est_sizeaggregate_sge50,2019,112.052
arg,sex_t,eco_isic4_k,est_sizeaggregate_sge50,2020,113.124
arg,sex_t,eco_isic4_k,est_sizeaggregate_sge50,2021,112.355
arg,sex_t,eco_isic4_k,est_sizeaggregate_sge50,2022,123.591
arg,sex_t,eco_isic4_k,est_sizeaggregate_sge50,2023,120.239
arg,sex_t,eco_isic4_k,est_sizeaggregate_sge50,2024,132.591
arg,sex_t,eco_isic4_k,est_sizeaggregate_total,2011,216.603
arg,sex_t,eco_isic4_k,est_sizeaggregate_total,2012,220.996
arg,sex_t,eco_isic4_k,est_sizeaggregate_total,2013,195.512
arg,sex_t,eco_isic4_k,est_sizeaggregate_total,2014,203.583
arg,sex_t,eco_isic4_k,est_sizeaggregate_total,2017,206.88
arg,sex_t,eco_isic4_k,est_sizeaggregate_total,2018,221.684
arg,sex_t,eco_isic4_k,est_sizeaggregate_total,2019,229.101
arg,sex_t,eco_isic4_k,est_sizeaggregate_total,2020,228.092
arg,sex_t,eco_isic4_k,est_sizeaggregate_total,2021,241.652
arg,sex_t,eco_isic4_k,est_sizeaggregate_total,2022,236.075
arg,sex_t,eco_isic4_k,est_sizeaggregate_total,2023,240.484
arg,sex_t,eco_isic4_k,est_sizeaggregate_total,2024,277.122
arg,sex_t,eco_isic4_k,est_sizeaggregate_x,2011,40.578
arg,sex_t,eco_isic4_k,est_sizeaggregate_x,2012,43.424
arg,sex_t,eco_isic4_k,est_sizeaggregate_x,2013,52.025
arg,sex_t,eco_isic4_k,est_sizeaggregate_x,2014,40.628
arg,sex_t,eco_isic4_k,est_sizeaggregate_x,2017,42.541
arg,sex_t,eco_isic4_k,est_sizeaggregate_x,2018,44.908
arg,sex_t,eco_isic4_k,est_sizeaggregate_x,2019,42.931
arg,sex_t,eco_isic4_k,est_sizeaggregate_x,2020,44.967
arg,sex_t,eco_isic4_k,est_sizeaggregate_x,2021,58.47
arg,sex_t,eco_isic4_k,est_sizeaggregate_x,2022,50.252
arg,sex_t,eco_isic4_k,est_sizeaggregate_x,2023,47.908
arg,sex_t,eco_isic4_k,est_sizeaggregate_x,2024,59.503
arg,sex_t,eco_isic4_l,est_sizeaggregate_s1_4,2011,18.914
arg,sex_t,eco_isic4_l,est_sizeaggregate_s1_4,2012,18.211
arg,sex_t,eco_isic4_l,est_sizeaggregate_s1_4,2013,9.262
arg,sex_t,eco_isic4_l,est_sizeaggregate_s1_4,2014,7.053
arg,sex_t,eco_isic4_l,est_sizeaggregate_s1_4,2017,25.949
arg,sex_t,eco_isic4_l,est_sizeaggregate_s1_4,2018,22.352
arg,sex_t,eco_isic4_l,est_sizeaggregate_s1_4,2019,24.676
arg,sex_t,eco_isic4_l,est_sizeaggregate_s1_4,2020,32.688
arg,sex_t,eco_isic4_l,est_sizeaggregate_s1_4,2021,25.524
arg,sex_t,eco_isic4_l,est_sizeaggregate_s1_4,2022,17.802
arg,sex_t,eco_isic4_l,est_sizeaggregate_s1_4,2023,28.832
arg,sex_t,eco_isic4_l,est_sizeaggregate_s1_4,2024,28.424
arg,sex_t,eco_isic4_l,est_sizeaggregate_s5_49,2011,11.139
arg,sex_t,eco_isic4_l,est_sizeaggregate_s5_49,2012,11.729
arg,sex_t,eco_isic4_l,est_sizeaggregate_s5_49,2013,7.076
arg,sex_t,eco_isic4_l,est_sizeaggregate_s5_49,2014,4.15
arg,sex_t,eco_isic4_l,est_sizeaggregate_s5_49,2017,11.18
arg,sex_t,eco_isic4_l,est_sizeaggregate_s5_49,2018,11.838
arg,sex_t,eco_isic4_l,est_sizeaggregate_s5_49,2019,13.093
arg,sex_t,eco_isic4_l,est_sizeaggregate_s5_49,2020,13.324
arg,sex_t,eco_isic4_l,est_sizeaggregate_s5_49,2021,9.059
arg,sex_t,eco_isic4_l,est_sizeaggregate_s5_49,2022,13.675
arg,sex_t,eco_isic4_l,est_sizeaggregate_s5_49,2023,26.757
arg,sex_t,eco_isic4_l,est_sizeaggregate_s5_49,2024,15.784
arg,sex_t,eco_isic4_l,est_sizeaggregate_sge50,2011,1.563
arg,sex_t,eco_isic4_l,est_sizeaggregate_sge50,2017,1.863
arg,sex_t,eco_isic4_l,est_sizeaggregate_sge50,2018,2.315
arg,sex_t,eco_isic4_l,est_sizeaggregate_sge50,2019,2.757
arg,sex_t,eco_isic4_l,est_sizeaggregate_sge50,2021,2.566
arg,sex_t,eco_isic4_l,est_sizeaggregate_sge50,2022,2.16
arg,sex_t,eco_isic4_l,est_sizeaggregate_sge50,2023,3.746
arg,sex_t,eco_isic4_l,est_sizeaggregate_sge50,2024,4.653
arg,sex_t,eco_isic4_l,est_sizeaggregate_total,2011,36.022
arg,sex_t,eco_isic4_l,est_sizeaggregate_total,2012,36.65
arg,sex_t,eco_isic4_l,est_sizeaggregate_total,2013,20.924
arg,sex_t,eco_isic4_l,est_sizeaggregate_total,2014,14.425
arg,sex_t,eco_isic4_l,est_sizeaggregate_total,2017,45.324
arg,sex_t,eco_isic4_l,est_sizeaggregate_total,2018,43.639
arg,sex_t,eco_isic4_l,est_sizeaggregate_total,2019,50.39
arg,sex_t,eco_isic4_l,est_sizeaggregate_total,2020,52.496
arg,sex_t,eco_isic4_l,est_sizeaggregate_total,2021,48.287
arg,sex_t,eco_isic4_l,est_sizeaggregate_total,2022,42.616
arg,sex_t,eco_isic4_l,est_sizeaggregate_total,2023,68.563
arg,sex_t,eco_isic4_l,est_sizeaggregate_total,2024,61.005
arg,sex_t,eco_isic4_l,est_sizeaggregate_x,2011,4.406
arg,sex_t,eco_isic4_l,est_sizeaggregate_x,2012,5.79
arg,sex_t,eco_isic4_l,est_sizeaggregate_x,2013,4.028
arg,sex_t,eco_isic4_l,est_sizeaggregate_x,2014,2.863
arg,sex_t,eco_isic4_l,est_sizeaggregate_x,2017,6.333
arg,sex_t,eco_isic4_l,est_sizeaggregate_x,2018,7.134
arg,sex_t,eco_isic4_l,est_sizeaggregate_x,2019,9.864
arg,sex_t,eco_isic4_l,est_sizeaggregate_x,2020,5.766
arg,sex_t,eco_isic4_l,est_sizeaggregate_x,2021,11.138
arg,sex_t,eco_isic4_l,est_sizeaggregate_x,2022,8.978
arg,sex_t,eco_isic4_l,est_sizeaggregate_x,2023,9.227
arg,sex_t,eco_isic4_l,est_sizeaggregate_x,2024,12.143
arg,sex_t,eco_isic4_m,est_sizeaggregate_s1_4,2011,66.71
arg,sex_t,eco_isic4_m,est_sizeaggregate_s1_4,2012,63.1
arg,sex_t,eco_isic4_m,est_sizeaggregate_s1_4,2013,71.435
arg,sex_t,eco_isic4_m,est_sizeaggregate_s1_4,2014,66.033
arg,sex_t,eco_isic4_m,est_sizeaggregate_s1_4,2017,67.236
arg,sex_t,eco_isic4_m,est_sizeaggregate_s1_4,2018,61.462
arg,sex_t,eco_isic4_m,est_sizeaggregate_s1_4,2019,73.169
arg,sex_t,eco_isic4_m,est_sizeaggregate_s1_4,2020,58.358
arg,sex_t,eco_isic4_m,est_sizeaggregate_s1_4,2021,60.097
arg,sex_t,eco_isic4_m,est_sizeaggregate_s1_4,2022,52.917
arg,sex_t,eco_isic4_m,est_sizeaggregate_s1_4,2023,57.556
arg,sex_t,eco_isic4_m,est_sizeaggregate_s1_4,2024,64.776
arg,sex_t,eco_isic4_m,est_sizeaggregate_s5_49,2011,83.244
arg,sex_t,eco_isic4_m,est_sizeaggregate_s5_49,2012,77.605
arg,sex_t,eco_isic4_m,est_sizeaggregate_s5_49,2013,70.717
arg,sex_t,eco_isic4_m,est_sizeaggregate_s5_49,2014,64.712
arg,sex_t,eco_isic4_m,est_sizeaggregate_s5_49,2017,70.355
arg,sex_t,eco_isic4_m,est_sizeaggregate_s5_49,2018,62.397
arg,sex_t,eco_isic4_m,est_sizeaggregate_s5_49,2019,74.867
arg,sex_t,eco_isic4_m,est_sizeaggregate_s5_49,2020,52.592
arg,sex_t,eco_isic4_m,est_sizeaggregate_s5_49,2021,72.841
arg,sex_t,eco_isic4_m,est_sizeaggregate_s5_49,2022,67.405
arg,sex_t,eco_isic4_m,est_sizeaggregate_s5_49,2023,70.906
arg,sex_t,eco_isic4_m,est_sizeaggregate_s5_49,2024,75.821
arg,sex_t,eco_isic4_m,est_sizeaggregate_sge50,2011,37.873
arg,sex_t,eco_isic4_m,est_sizeaggregate_sge50,2012,37.256
arg,sex_t,eco_isic4_m,est_sizeaggregate_sge50,2013,39.565
arg,sex_t,eco_isic4_m,est_sizeaggregate_sge50,2014,32.469
arg,sex_t,eco_isic4_m,est_sizeaggregate_sge50,2017,36.144
arg,sex_t,eco_isic4_m,est_sizeaggregate_sge50,2018,34.632
arg,sex_t,eco_isic4_m,est_sizeaggregate_sge50,2019,51.009
arg,sex_t,eco_isic4_m,est_sizeaggregate_sge50,2020,49.62
arg,sex_t,eco_isic4_m,est_sizeaggregate_sge50,2021,63.346
arg,sex_t,eco_isic4_m,est_sizeaggregate_sge50,2022,67.267
arg,sex_t,eco_isic4_m,est_sizeaggregate_sge50,2023,67.258
arg,sex_t,eco_isic4_m,est_sizeaggregate_sge50,2024,78.505
arg,sex_t,eco_isic4_m,est_sizeaggregate_total,2011,231.835
arg,sex_t,eco_isic4_m,est_sizeaggregate_total,2012,224.873
arg,sex_t,eco_isic4_m,est_sizeaggregate_total,2013,234.014
arg,sex_t,eco_isic4_m,est_sizeaggregate_total,2014,201.454
arg,sex_t,eco_isic4_m,est_sizeaggregate_total,2017,215.122
arg,sex_t,eco_isic4_m,est_sizeaggregate_total,2018,191.475
arg,sex_t,eco_isic4_m,est_sizeaggregate_total,2019,241.372
arg,sex_t,eco_isic4_m,est_sizeaggregate_total,2020,190.223
arg,sex_t,eco_isic4_m,est_sizeaggregate_total,2021,230.122
arg,sex_t,eco_isic4_m,est_sizeaggregate_total,2022,230.455
arg,sex_t,eco_isic4_m,est_sizeaggregate_total,2023,254.345
arg,sex_t,eco_isic4_m,est_sizeaggregate_total,2024,270.733
arg,sex_t,eco_isic4_m,est_sizeaggregate_x,2011,44.01
arg,sex_t,eco_isic4_m,est_sizeaggregate_x,2012,46.912
arg,sex_t,eco_isic4_m,est_sizeaggregate_x,2013,52.297
arg,sex_t,eco_isic4_m,est_sizeaggregate_x,2014,38.241
arg,sex_t,eco_isic4_m,est_sizeaggregate_x,2017,41.387
arg,sex_t,eco_isic4_m,est_sizeaggregate_x,2018,32.984
arg,sex_t,eco_isic4_m,est_sizeaggregate_x,2019,42.328
arg,sex_t,eco_isic4_m,est_sizeaggregate_x,2020,29.653
arg,sex_t,eco_isic4_m,est_sizeaggregate_x,2021,33.839
arg,sex_t,eco_isic4_m,est_sizeaggregate_x,2022,42.866
arg,sex_t,eco_isic4_m,est_sizeaggregate_x,2023,58.624
arg,sex_t,eco_isic4_m,est_sizeaggregate_x,2024,51.63
arg,sex_t,eco_isic4_n,est_sizeaggregate_s1_4,2011,41.308
arg,sex_t,eco_isic4_n,est_sizeaggregate_s1_4,2012,35.203
arg,sex_t,eco_isic4_n,est_sizeaggregate_s1_4,2013,38.806
arg,sex_t,eco_isic4_n,est_sizeaggregate_s1_4,2014,37.354
arg,sex_t,eco_isic4_n,est_sizeaggregate_s1_4,2017,47.916
arg,sex_t,eco_isic4_n,est_sizeaggregate_s1_4,2018,52.685
arg,sex_t,eco_isic4_n,est_sizeaggregate_s1_4,2019,53.998
arg,sex_t,eco_isic4_n,est_sizeaggregate_s1_4,2020,60.938
arg,sex_t,eco_isic4_n,est_sizeaggregate_s1_4,2021,56.296
arg,sex_t,eco_isic4_n,est_sizeaggregate_s1_4,2022,54.718
arg,sex_t,eco_isic4_n,est_sizeaggregate_s1_4,2023,56.659
arg,sex_t,eco_isic4_n,est_sizeaggregate_s1_4,2024,56.311
arg,sex_t,eco_isic4_n,est_sizeaggregate_s5_49,2011,84.766
arg,sex_t,eco_isic4_n,est_sizeaggregate_s5_49,2012,71.457
arg,sex_t,eco_isic4_n,est_sizeaggregate_s5_49,2013,72.188
arg,sex_t,eco_isic4_n,est_sizeaggregate_s5_49,2014,71.718
arg,sex_t,eco_isic4_n,est_sizeaggregate_s5_49,2017,104.06
arg,sex_t,eco_isic4_n,est_sizeaggregate_s5_49,2018,102.887
arg,sex_t,eco_isic4_n,est_sizeaggregate_s5_49,2019,87.885
arg,sex_t,eco_isic4_n,est_sizeaggregate_s5_49,2020,81.19
arg,sex_t,eco_isic4_n,est_sizeaggregate_s5_49,2021,88.064
arg,sex_t,eco_isic4_n,est_sizeaggregate_s5_49,2022,104.958
arg,sex_t,eco_isic4_n,est_sizeaggregate_s5_49,2023,115.186
arg,sex_t,eco_isic4_n,est_sizeaggregate_s5_49,2024,117.958
arg,sex_t,eco_isic4_n,est_sizeaggregate_sge50,2011,105.31
arg,sex_t,eco_isic4_n,est_sizeaggregate_sge50,2012,81.48
arg,sex_t,eco_isic4_n,est_sizeaggregate_sge50,2013,97.111
arg,sex_t,eco_isic4_n,est_sizeaggregate_sge50,2014,84.031
arg,sex_t,eco_isic4_n,est_sizeaggregate_sge50,2017,102.408
arg,sex_t,eco_isic4_n,est_sizeaggregate_sge50,2018,103.173
arg,sex_t,eco_isic4_n,est_sizeaggregate_sge50,2019,105.062
arg,sex_t,eco_isic4_n,est_sizeaggregate_sge50,2020,88.012
arg,sex_t,eco_isic4_n,est_sizeaggregate_sge50,2021,94.961
arg,sex_t,eco_isic4_n,est_sizeaggregate_sge50,2022,115.787
arg,sex_t,eco_isic4_n,est_sizeaggregate_sge50,2023,116.029
arg,sex_t,eco_isic4_n,est_sizeaggregate_sge50,2024,123.814
arg,sex_t,eco_isic4_n,est_sizeaggregate_total,2011,338.745
arg,sex_t,eco_isic4_n,est_sizeaggregate_total,2012,287.258
arg,sex_t,eco_isic4_n,est_sizeaggregate_total,2013,305.242
arg,sex_t,eco_isic4_n,est_sizeaggregate_total,2014,316.158
arg,sex_t,eco_isic4_n,est_sizeaggregate_total,2017,387.095
arg,sex_t,eco_isic4_n,est_sizeaggregate_total,2018,383.929
arg,sex_t,eco_isic4_n,est_sizeaggregate_total,2019,370.739
arg,sex_t,eco_isic4_n,est_sizeaggregate_total,2020,365.003
arg,sex_t,eco_isic4_n,est_sizeaggregate_total,2021,377.748
arg,sex_t,eco_isic4_n,est_sizeaggregate_total,2022,428.998
arg,sex_t,eco_isic4_n,est_sizeaggregate_total,2023,467.882
arg,sex_t,eco_isic4_n,est_sizeaggregate_total,2024,454.387
arg,sex_t,eco_isic4_n,est_sizeaggregate_x,2011,107.362
arg,sex_t,eco_isic4_n,est_sizeaggregate_x,2012,99.117
arg,sex_t,eco_isic4_n,est_sizeaggregate_x,2013,97.138
arg,sex_t,eco_isic4_n,est_sizeaggregate_x,2014,123.055
arg,sex_t,eco_isic4_n,est_sizeaggregate_x,2017,132.711
arg,sex_t,eco_isic4_n,est_sizeaggregate_x,2018,125.184
arg,sex_t,eco_isic4_n,est_sizeaggregate_x,2019,123.793
arg,sex_t,eco_isic4_n,est_sizeaggregate_x,2020,134.864
arg,sex_t,eco_isic4_n,est_sizeaggregate_x,2021,138.427
arg,sex_t,eco_isic4_n,est_sizeaggregate_x,2022,153.535
arg,sex_t,eco_isic4_n,est_sizeaggregate_x,2023,180.008
arg,sex_t,eco_isic4_n,est_sizeaggregate_x,2024,156.304
arg,sex_t,eco_isic4_o,est_sizeaggregate_s1_4,2011,17.008
arg,sex_t,eco_isic4_o,est_sizeaggregate_s1_4,2012,18.03
arg,sex_t,eco_isic4_o,est_sizeaggregate_s1_4,2013,18.873
arg,sex_t,eco_isic4_o,est_sizeaggregate_s1_4,2014,19.13
arg,sex_t,eco_isic4_o,est_sizeaggregate_s1_4,2017,20.04
arg,sex_t,eco_isic4_o,est_sizeaggregate_s1_4,2018,29.744
arg,sex_t,eco_isic4_o,est_sizeaggregate_s1_4,2019,21.577
arg,sex_t,eco_isic4_o,est_sizeaggregate_s1_4,2020,18.547
arg,sex_t,eco_isic4_o,est_sizeaggregate_s1_4,2021,19.411
arg,sex_t,eco_isic4_o,est_sizeaggregate_s1_4,2022,28.02
arg,sex_t,eco_isic4_o,est_sizeaggregate_s1_4,2023,32.932
arg,sex_t,eco_isic4_o,est_sizeaggregate_s1_4,2024,27.541
arg,sex_t,eco_isic4_o,est_sizeaggregate_s5_49,2011,167.741
arg,sex_t,eco_isic4_o,est_sizeaggregate_s5_49,2012,151.901
arg,sex_t,eco_isic4_o,est_sizeaggregate_s5_49,2013,169.809
arg,sex_t,eco_isic4_o,est_sizeaggregate_s5_49,2014,176.787
arg,sex_t,eco_isic4_o,est_sizeaggregate_s5_49,2017,213.417
arg,sex_t,eco_isic4_o,est_sizeaggregate_s5_49,2018,200.697
arg,sex_t,eco_isic4_o,est_sizeaggregate_s5_49,2019,194.72
arg,sex_t,eco_isic4_o,est_sizeaggregate_s5_49,2020,185.594
arg,sex_t,eco_isic4_o,est_sizeaggregate_s5_49,2021,210.503
arg,sex_t,eco_isic4_o,est_sizeaggregate_s5_49,2022,211.212
arg,sex_t,eco_isic4_o,est_sizeaggregate_s5_49,2023,204.887
arg,sex_t,eco_isic4_o,est_sizeaggregate_s5_49,2024,203.999
arg,sex_t,eco_isic4_o,est_sizeaggregate_sge50,2011,488.063
arg,sex_t,eco_isic4_o,est_sizeaggregate_sge50,2012,536.328
arg,sex_t,eco_isic4_o,est_sizeaggregate_sge50,2013,524.108
arg,sex_t,eco_isic4_o,est_sizeaggregate_sge50,2014,579.066
arg,sex_t,eco_isic4_o,est_sizeaggregate_sge50,2017,570.387
arg,sex_t,eco_isic4_o,est_sizeaggregate_sge50,2018,543.184
arg,sex_t,eco_isic4_o,est_sizeaggregate_sge50,2019,553.444
arg,sex_t,eco_isic4_o,est_sizeaggregate_sge50,2020,597.415
arg,sex_t,eco_isic4_o,est_sizeaggregate_sge50,2021,686.332
arg,sex_t,eco_isic4_o,est_sizeaggregate_sge50,2022,599.293
arg,sex_t,eco_isic4_o,est_sizeaggregate_sge50,2023,629.278
arg,sex_t,eco_isic4_o,est_sizeaggregate_sge50,2024,569.819
arg,sex_t,eco_isic4_o,est_sizeaggregate_total,2011,837.77
arg,sex_t,eco_isic4_o,est_sizeaggregate_total,2012,885.108
arg,sex_t,eco_isic4_o,est_sizeaggregate_total,2013,894.373
arg,sex_t,eco_isic4_o,est_sizeaggregate_total,2014,963.527
arg,sex_t,eco_isic4_o,est_sizeaggregate_total,2017,982.205
arg,sex_t,eco_isic4_o,est_sizeaggregate_total,2018,981.91
arg,sex_t,eco_isic4_o,est_sizeaggregate_total,2019,981.614
arg,sex_t,eco_isic4_o,est_sizeaggregate_total,2020,993.921
arg,sex_t,eco_isic4_o,est_sizeaggregate_total,2021,1166.046
arg,sex_t,eco_isic4_o,est_sizeaggregate_total,2022,1089.479
arg,sex_t,eco_isic4_o,est_sizeaggregate_total,2023,1119.291
arg,sex_t,eco_isic4_o,est_sizeaggregate_total,2024,1023.062
arg,sex_t,eco_isic4_o,est_sizeaggregate_x,2011,164.958
arg,sex_t,eco_isic4_o,est_sizeaggregate_x,2012,178.849
arg,sex_t,eco_isic4_o,est_sizeaggregate_x,2013,181.584
arg,sex_t,eco_isic4_o,est_sizeaggregate_x,2014,188.545
arg,sex_t,eco_isic4_o,est_sizeaggregate_x,2017,178.36
arg,sex_t,eco_isic4_o,est_sizeaggregate_x,2018,208.284
arg,sex_t,eco_isic4_o,est_sizeaggregate_x,2019,211.874
arg,sex_t,eco_isic4_o,est_sizeaggregate_x,2020,192.365
arg,sex_t,eco_isic4_o,est_sizeaggregate_x,2021,249.801
arg,sex_t,eco_isic4_o,est_sizeaggregate_x,2022,250.954
arg,sex_t,eco_isic4_o,est_sizeaggregate_x,2023,252.193
arg,sex_t,eco_isic4_o,est_sizeaggregate_x,2024,221.704
arg,sex_t,eco_isic4_p,est_sizeaggregate_s1_4,2011,7.473
arg,sex_t,eco_isic4_p,est_sizeaggregate_s1_4,2012,8.524
arg,sex_t,eco_isic4_p,est_sizeaggregate_s1_4,2013,8.209
arg,sex_t,eco_isic4_p,est_sizeaggregate_s1_4,2014,12.017
arg,sex_t,eco_isic4_p,est_sizeaggregate_s1_4,2017,11.858
arg,sex_t,eco_isic4_p,est_sizeaggregate_s1_4,2018,12.384
arg,sex_t,eco_isic4_p,est_sizeaggregate_s1_4,2019,10.814
arg,sex_t,eco_isic4_p,est_sizeaggregate_s1_4,2020,8.464
arg,sex_t,eco_isic4_p,est_sizeaggregate_s1_4,2021,7.821
arg,sex_t,eco_isic4_p,est_sizeaggregate_s1_4,2022,13.734
arg,sex_t,eco_isic4_p,est_sizeaggregate_s1_4,2023,13.478
arg,sex_t,eco_isic4_p,est_sizeaggregate_s1_4,2024,13.486
arg,sex_t,eco_isic4_p,est_sizeaggregate_s5_49,2011,256.634
arg,sex_t,eco_isic4_p,est_sizeaggregate_s5_49,2012,268.492
arg,sex_t,eco_isic4_p,est_sizeaggregate_s5_49,2013,261.584
arg,sex_t,eco_isic4_p,est_sizeaggregate_s5_49,2014,257.432
arg,sex_t,eco_isic4_p,est_sizeaggregate_s5_49,2017,290.737
arg,sex_t,eco_isic4_p,est_sizeaggregate_s5_49,2018,280.748
arg,sex_t,eco_isic4_p,est_sizeaggregate_s5_49,2019,272.398
arg,sex_t,eco_isic4_p,est_sizeaggregate_s5_49,2020,271.171
arg,sex_t,eco_isic4_p,est_sizeaggregate_s5_49,2021,284.996
arg,sex_t,eco_isic4_p,est_sizeaggregate_s5_49,2022,281.353
arg,sex_t,eco_isic4_p,est_sizeaggregate_s5_49,2023,302.842
arg,sex_t,eco_isic4_p,est_sizeaggregate_s5_49,2024,316.059
arg,sex_t,eco_isic4_p,est_sizeaggregate_sge50,2011,323.419
arg,sex_t,eco_isic4_p,est_sizeaggregate_sge50,2012,315.542
arg,sex_t,eco_isic4_p,est_sizeaggregate_sge50,2013,317.622
arg,sex_t,eco_isic4_p,est_sizeaggregate_sge50,2014,310.624
arg,sex_t,eco_isic4_p,est_sizeaggregate_sge50,2017,358.009
arg,sex_t,eco_isic4_p,est_sizeaggregate_sge50,2018,348.068
arg,sex_t,eco_isic4_p,est_sizeaggregate_sge50,2019,377.448
arg,sex_t,eco_isic4_p,est_sizeaggregate_sge50,2020,423.729
arg,sex_t,eco_isic4_p,est_sizeaggregate_sge50,2021,385.23
arg,sex_t,eco_isic4_p,est_sizeaggregate_sge50,2022,330.01
arg,sex_t,eco_isic4_p,est_sizeaggregate_sge50,2023,342.557
arg,sex_t,eco_isic4_p,est_sizeaggregate_sge50,2024,365.805
arg,sex_t,eco_isic4_p,est_sizeaggregate_total,2011,714.877
arg,sex_t,eco_isic4_p,est_sizeaggregate_total,2012,724.746
arg,sex_t,eco_isic4_p,est_sizeaggregate_total,2013,742.61
arg,sex_t,eco_isic4_p,est_sizeaggregate_total,2014,739.331
arg,sex_t,eco_isic4_p,est_sizeaggregate_total,2017,809.396
arg,sex_t,eco_isic4_p,est_sizeaggregate_total,2018,829.758
arg,sex_t,eco_isic4_p,est_sizeaggregate_total,2019,841.461
arg,sex_t,eco_isic4_p,est_sizeaggregate_total,2020,864.034
arg,sex_t,eco_isic4_p,est_sizeaggregate_total,2021,854.992
arg,sex_t,eco_isic4_p,est_sizeaggregate_total,2022,849.185
arg,sex_t,eco_isic4_p,est_sizeaggregate_total,2023,869.812
arg,sex_t,eco_isic4_p,est_sizeaggregate_total,2024,889.971
arg,sex_t,eco_isic4_p,est_sizeaggregate_x,2011,127.352
arg,sex_t,eco_isic4_p,est_sizeaggregate_x,2012,132.189
arg,sex_t,eco_isic4_p,est_sizeaggregate_x,2013,155.196
arg,sex_t,eco_isic4_p,est_sizeaggregate_x,2014,159.258
arg,sex_t,eco_isic4_p,est_sizeaggregate_x,2017,148.792
arg,sex_t,eco_isic4_p,est_sizeaggregate_x,2018,188.56
arg,sex_t,eco_isic4_p,est_sizeaggregate_x,2019,180.802
arg,sex_t,eco_isic4_p,est_sizeaggregate_x,2020,160.67
arg,sex_t,eco_isic4_p,est_sizeaggregate_x,2021,176.945
arg,sex_t,eco_isic4_p,est_sizeaggregate_x,2022,224.088
arg,sex_t,eco_isic4_p,est_sizeaggregate_x,2023,210.935
arg,sex_t,eco_isic4_p,est_sizeaggregate_x,2024,194.621
arg,sex_t,eco_isic4_q,est_sizeaggregate_s1_4,2011,33.816
arg,sex_t,eco_isic4_q,est_sizeaggregate_s1_4,2012,27.888
arg,sex_t,eco_isic4_q,est_sizeaggregate_s1_4,2013,30.682
arg,sex_t,eco_isic4_q,est_sizeaggregate_s1_4,2014,36.384
arg,sex_t,eco_isic4_q,est_sizeaggregate_s1_4,2017,48.705
arg,sex_t,eco_isic4_q,est_sizeaggregate_s1_4,2018,44.36
arg,sex_t,eco_isic4_q,est_sizeaggregate_s1_4,2019,49.658
arg,sex_t,eco_isic4_q,est_sizeaggregate_s1_4,2020,42.786
arg,sex_t,eco_isic4_q,est_sizeaggregate_s1_4,2021,45.473
arg,sex_t,eco_isic4_q,est_sizeaggregate_s1_4,2022,62.123
arg,sex_t,eco_isic4_q,est_sizeaggregate_s1_4,2023,49.905
arg,sex_t,eco_isic4_q,est_sizeaggregate_s1_4,2024,50.32
arg,sex_t,eco_isic4_q,est_sizeaggregate_s5_49,2011,106.244
arg,sex_t,eco_isic4_q,est_sizeaggregate_s5_49,2012,101.763
arg,sex_t,eco_isic4_q,est_sizeaggregate_s5_49,2013,107.262
arg,sex_t,eco_isic4_q,est_sizeaggregate_s5_49,2014,97.69
arg,sex_t,eco_isic4_q,est_sizeaggregate_s5_49,2017,132.033
arg,sex_t,eco_isic4_q,est_sizeaggregate_s5_49,2018,132.395
arg,sex_t,eco_isic4_q,est_sizeaggregate_s5_49,2019,138.555
arg,sex_t,eco_isic4_q,est_sizeaggregate_s5_49,2020,145.525
arg,sex_t,eco_isic4_q,est_sizeaggregate_s5_49,2021,148.039
arg,sex_t,eco_isic4_q,est_sizeaggregate_s5_49,2022,151.237
arg,sex_t,eco_isic4_q,est_sizeaggregate_s5_49,2023,170.176
arg,sex_t,eco_isic4_q,est_sizeaggregate_s5_49,2024,174.006
arg,sex_t,eco_isic4_q,est_sizeaggregate_sge50,2011,254.397
arg,sex_t,eco_isic4_q,est_sizeaggregate_sge50,2012,262.134
arg,sex_t,eco_isic4_q,est_sizeaggregate_sge50,2013,274.352
arg,sex_t,eco_isic4_q,est_sizeaggregate_sge50,2014,275.152
arg,sex_t,eco_isic4_q,est_sizeaggregate_sge50,2017,287.258
arg,sex_t,eco_isic4_q,est_sizeaggregate_sge50,2018,276.15
arg,sex_t,eco_isic4_q,est_sizeaggregate_sge50,2019,308.944
arg,sex_t,eco_isic4_q,est_sizeaggregate_sge50,2020,323.776
arg,sex_t,eco_isic4_q,est_sizeaggregate_sge50,2021,349.133
arg,sex_t,eco_isic4_q,est_sizeaggregate_sge50,2022,317.726
arg,sex_t,eco_isic4_q,est_sizeaggregate_sge50,2023,306.117
arg,sex_t,eco_isic4_q,est_sizeaggregate_sge50,2024,360.212
arg,sex_t,eco_isic4_q,est_sizeaggregate_total,2011,482.61
arg,sex_t,eco_isic4_q,est_sizeaggregate_total,2012,493.581
arg,sex_t,eco_isic4_q,est_sizeaggregate_total,2013,510.438
arg,sex_t,eco_isic4_q,est_sizeaggregate_total,2014,516.801
arg,sex_t,eco_isic4_q,est_sizeaggregate_total,2017,586.332
arg,sex_t,eco_isic4_q,est_sizeaggregate_total,2018,583.128
arg,sex_t,eco_isic4_q,est_sizeaggregate_total,2019,630.016
arg,sex_t,eco_isic4_q,est_sizeaggregate_total,2020,646.304
arg,sex_t,eco_isic4_q,est_sizeaggregate_total,2021,692.012
arg,sex_t,eco_isic4_q,est_sizeaggregate_total,2022,721.319
arg,sex_t,eco_isic4_q,est_sizeaggregate_total,2023,694.528
arg,sex_t,eco_isic4_q,est_sizeaggregate_total,2024,761.602
arg,sex_t,eco_isic4_q,est_sizeaggregate_x,2011,88.151
arg,sex_t,eco_isic4_q,est_sizeaggregate_x,2012,101.796
arg,sex_t,eco_isic4_q,est_sizeaggregate_x,2013,98.141
arg,sex_t,eco_isic4_q,est_sizeaggregate_x,2014,107.575
arg,sex_t,eco_isic4_q,est_sizeaggregate_x,2017,118.336
arg,sex_t,eco_isic4_q,est_sizeaggregate_x,2018,130.223
arg,sex_t,eco_isic4_q,est_sizeaggregate_x,2019,132.859
arg,sex_t,eco_isic4_q,est_sizeaggregate_x,2020,134.218
arg,sex_t,eco_isic4_q,est_sizeaggregate_x,2021,149.366
arg,sex_t,eco_isic4_q,est_sizeaggregate_x,2022,190.233
arg,sex_t,eco_isic4_q,est_sizeaggregate_x,2023,168.33
arg,sex_t,eco_isic4_q,est_sizeaggregate_x,2024,177.064
arg,sex_t,eco_isic4_r,est_sizeaggregate_s1_4,2011,29.423
arg,sex_t,eco_isic4_r,est_sizeaggregate_s1_4,2012,30.98
arg,sex_t,eco_isic4_r,est_sizeaggregate_s1_4,2013,29.348
arg,sex_t,eco_isic4_r,est_sizeaggregate_s1_4,2014,28.03
arg,sex_t,eco_isic4_r,est_sizeaggregate_s1_4,2017,30.623
arg,sex_t,eco_isic4_r,est_sizeaggregate_s1_4,2018,28.058
arg,sex_t,eco_isic4_r,est_sizeaggregate_s1_4,2019,29.884
arg,sex_t,eco_isic4_r,est_sizeaggregate_s1_4,2020,19.837
arg,sex_t,eco_isic4_r,est_sizeaggregate_s1_4,2021,30.959
arg,sex_t,eco_isic4_r,est_sizeaggregate_s1_4,2022,29.305
arg,sex_t,eco_isic4_r,est_sizeaggregate_s1_4,2023,27.894
arg,sex_t,eco_isic4_r,est_sizeaggregate_s1_4,2024,37.346
arg,sex_t,eco_isic4_r,est_sizeaggregate_s5_49,2011,45.906
arg,sex_t,eco_isic4_r,est_sizeaggregate_s5_49,2012,37.834
arg,sex_t,eco_isic4_r,est_sizeaggregate_s5_49,2013,44.8
arg,sex_t,eco_isic4_r,est_sizeaggregate_s5_49,2014,41.15
arg,sex_t,eco_isic4_r,est_sizeaggregate_s5_49,2017,52.769
arg,sex_t,eco_isic4_r,est_sizeaggregate_s5_49,2018,49.904
arg,sex_t,eco_isic4_r,est_sizeaggregate_s5_49,2019,54.827
arg,sex_t,eco_isic4_r,est_sizeaggregate_s5_49,2020,28.076
arg,sex_t,eco_isic4_r,est_sizeaggregate_s5_49,2021,30.871
arg,sex_t,eco_isic4_r,est_sizeaggregate_s5_49,2022,44.638
arg,sex_t,eco_isic4_r,est_sizeaggregate_s5_49,2023,51.791
arg,sex_t,eco_isic4_r,est_sizeaggregate_s5_49,2024,70.314
arg,sex_t,eco_isic4_r,est_sizeaggregate_sge50,2011,45.233
arg,sex_t,eco_isic4_r,est_sizeaggregate_sge50,2012,41.655
arg,sex_t,eco_isic4_r,est_sizeaggregate_sge50,2013,38.05
arg,sex_t,eco_isic4_r,est_sizeaggregate_sge50,2014,44.038
arg,sex_t,eco_isic4_r,est_sizeaggregate_sge50,2017,32.582
arg,sex_t,eco_isic4_r,est_sizeaggregate_sge50,2018,39.619
arg,sex_t,eco_isic4_r,est_sizeaggregate_sge50,2019,39.956
arg,sex_t,eco_isic4_r,est_sizeaggregate_sge50,2020,35.176
arg,sex_t,eco_isic4_r,est_sizeaggregate_sge50,2021,34.533
arg,sex_t,eco_isic4_r,est_sizeaggregate_sge50,2022,40.676
arg,sex_t,eco_isic4_r,est_sizeaggregate_sge50,2023,36.287
arg,sex_t,eco_isic4_r,est_sizeaggregate_sge50,2024,44.175
arg,sex_t,eco_isic4_r,est_sizeaggregate_total,2011,156.031
arg,sex_t,eco_isic4_r,est_sizeaggregate_total,2012,150.791
arg,sex_t,eco_isic4_r,est_sizeaggregate_total,2013,152.364
arg,sex_t,eco_isic4_r,est_sizeaggregate_total,2014,149.721
arg,sex_t,eco_isic4_r,est_sizeaggregate_total,2017,163.841
arg,sex_t,eco_isic4_r,est_sizeaggregate_total,2018,165.878
arg,sex_t,eco_isic4_r,est_sizeaggregate_total,2019,163.837
arg,sex_t,eco_isic4_r,est_sizeaggregate_total,2020,107.773
arg,sex_t,eco_isic4_r,est_sizeaggregate_total,2021,135.52
arg,sex_t,eco_isic4_r,est_sizeaggregate_total,2022,159.884
arg,sex_t,eco_isic4_r,est_sizeaggregate_total,2023,163.232
arg,sex_t,eco_isic4_r,est_sizeaggregate_total,2024,192.991
arg,sex_t,eco_isic4_r,est_sizeaggregate_x,2011,35.469
arg,sex_t,eco_isic4_r,est_sizeaggregate_x,2012,40.322
arg,sex_t,eco_isic4_r,est_sizeaggregate_x,2013,40.166
arg,sex_t,eco_isic4_r,est_sizeaggregate_x,2014,36.503
arg,sex_t,eco_isic4_r,est_sizeaggregate_x,2017,47.868
arg,sex_t,eco_isic4_r,est_sizeaggregate_x,2018,48.298
arg,sex_t,eco_isic4_r,est_sizeaggregate_x,2019,39.17
arg,sex_t,eco_isic4_r,est_sizeaggregate_x,2020,24.685
arg,sex_t,eco_isic4_r,est_sizeaggregate_x,2021,39.158
arg,sex_t,eco_isic4_r,est_sizeaggregate_x,2022,45.264
arg,sex_t,eco_isic4_r,est_sizeaggregate_x,2023,47.261
arg,sex_t,eco_isic4_r,est_sizeaggregate_x,2024,41.157
arg,sex_t,eco_isic4_s,est_sizeaggregate_s1_4,2011,107.625
arg,sex_t,eco_isic4_s,est_sizeaggregate_s1_4,2012,90.325
arg,sex_t,eco_isic4_s,est_sizeaggregate_s1_4,2013,107.642
arg,sex_t,eco_isic4_s,est_sizeaggregate_s1_4,2014,95.148
arg,sex_t,eco_isic4_s,est_sizeaggregate_s1_4,2017,82.378
arg,sex_t,eco_isic4_s,est_sizeaggregate_s1_4,2018,86.481
arg,sex_t,eco_isic4_s,est_sizeaggregate_s1_4,2019,80.385
arg,sex_t,eco_isic4_s,est_sizeaggregate_s1_4,2020,79.469
arg,sex_t,eco_isic4_s,est_sizeaggregate_s1_4,2021,79.318
arg,sex_t,eco_isic4_s,est_sizeaggregate_s1_4,2022,93.629
arg,sex_t,eco_isic4_s,est_sizeaggregate_s1_4,2023,101.715
arg,sex_t,eco_isic4_s,est_sizeaggregate_s1_4,2024,83.193
arg,sex_t,eco_isic4_s,est_sizeaggregate_s5_49,2011,68.461
arg,sex_t,eco_isic4_s,est_sizeaggregate_s5_49,2012,80.917
arg,sex_t,eco_isic4_s,est_sizeaggregate_s5_49,2013,81.912
arg,sex_t,eco_isic4_s,est_sizeaggregate_s5_49,2014,79.265
arg,sex_t,eco_isic4_s,est_sizeaggregate_s5_49,2017,51.627
arg,sex_t,eco_isic4_s,est_sizeaggregate_s5_49,2018,46.469
arg,sex_t,eco_isic4_s,est_sizeaggregate_s5_49,2019,50.328
arg,sex_t,eco_isic4_s,est_sizeaggregate_s5_49,2020,46.193
arg,sex_t,eco_isic4_s,est_sizeaggregate_s5_49,2021,65.409
arg,sex_t,eco_isic4_s,est_sizeaggregate_s5_49,2022,61.94
arg,sex_t,eco_isic4_s,est_sizeaggregate_s5_49,2023,66.208
arg,sex_t,eco_isic4_s,est_sizeaggregate_s5_49,2024,47.895
arg,sex_t,eco_isic4_s,est_sizeaggregate_sge50,2011,32.015
arg,sex_t,eco_isic4_s,est_sizeaggregate_sge50,2012,32.057
arg,sex_t,eco_isic4_s,est_sizeaggregate_sge50,2013,31.03
arg,sex_t,eco_isic4_s,est_sizeaggregate_sge50,2014,38.864
arg,sex_t,eco_isic4_s,est_sizeaggregate_sge50,2017,16.297
arg,sex_t,eco_isic4_s,est_sizeaggregate_sge50,2018,19.474
arg,sex_t,eco_isic4_s,est_sizeaggregate_sge50,2019,21.962
arg,sex_t,eco_isic4_s,est_sizeaggregate_sge50,2020,23.997
arg,sex_t,eco_isic4_s,est_sizeaggregate_sge50,2021,31.185
arg,sex_t,eco_isic4_s,est_sizeaggregate_sge50,2022,37.235
arg,sex_t,eco_isic4_s,est_sizeaggregate_sge50,2023,35.709
arg,sex_t,eco_isic4_s,est_sizeaggregate_sge50,2024,22.436
arg,sex_t,eco_isic4_s,est_sizeaggregate_total,2011,246.784
arg,sex_t,eco_isic4_s,est_sizeaggregate_total,2012,242.268
arg,sex_t,eco_isic4_s,est_sizeaggregate_total,2013,272.378
arg,sex_t,eco_isic4_s,est_sizeaggregate_total,2014,270.328
arg,sex_t,eco_isic4_s,est_sizeaggregate_total,2017,194.519
arg,sex_t,eco_isic4_s,est_sizeaggregate_total,2018,193.522
arg,sex_t,eco_isic4_s,est_sizeaggregate_total,2019,194.155
arg,sex_t,eco_isic4_s,est_sizeaggregate_total,2020,181.343
arg,sex_t,eco_isic4_s,est_sizeaggregate_total,2021,231.149
arg,sex_t,eco_isic4_s,est_sizeaggregate_total,2022,266.821
arg,sex_t,eco_isic4_s,est_sizeaggregate_total,2023,256.06
arg,sex_t,eco_isic4_s,est_sizeaggregate_total,2024,194.665
arg,sex_t,eco_isic4_s,est_sizeaggregate_x,2011,38.682
arg,sex_t,eco_isic4_s,est_sizeaggregate_x,2012,38.969
arg,sex_t,eco_isic4_s,est_sizeaggregate_x,2013,51.793
arg,sex_t,eco_isic4_s,est_sizeaggregate_x,2014,57.051
arg,sex_t,eco_isic4_s,est_sizeaggregate_x,2017,44.216
arg,sex_t,eco_isic4_s,est_sizeaggregate_x,2018,41.099
arg,sex_t,eco_isic4_s,est_sizeaggregate_x,2019,41.479
arg,sex_t,eco_isic4_s,est_sizeaggregate_x,2020,31.685
arg,sex_t,eco_isic4_s,est_sizeaggregate_x,2021,55.236
arg,sex_t,eco_isic4_s,est_sizeaggregate_x,2022,74.016
arg,sex_t,eco_isic4_s,est_sizeaggregate_x,2023,52.427
arg,sex_t,eco_isic4_s,est_sizeaggregate_x,2024,41.141
arg,sex_t,eco_isic4_t,est_sizeaggregate_s1_4,2011,8.223
arg,sex_t,eco_isic4_t,est_sizeaggregate_s1_4,2012,8.379
arg,sex_t,eco_isic4_t,est_sizeaggregate_s1_4,2013,10.355
arg,sex_t,eco_isic4_t,est_sizeaggregate_s1_4,2014,6.794
arg,sex_t,eco_isic4_t,est_sizeaggregate_s1_4,2017,6.902
arg,sex_t,eco_isic4_t,est_sizeaggregate_s1_4,2018,8.254
arg,sex_t,eco_isic4_t,est_sizeaggregate_s1_4,2019,10.762
arg,sex_t,eco_isic4_t,est_sizeaggregate_s1_4,2020,8.882
arg,sex_t,eco_isic4_t,est_sizeaggregate_s1_4,2021,13.422
arg,sex_t,eco_isic4_t,est_sizeaggregate_s1_4,2022,11.07
arg,sex_t,eco_isic4_t,est_sizeaggregate_s1_4,2023,7.55
arg,sex_t,eco_isic4_t,est_sizeaggregate_s1_4,2024,8.637
arg,sex_t,eco_isic4_t,est_sizeaggregate_s5_49,2012,0.625
arg,sex_t,eco_isic4_t,est_sizeaggregate_s5_49,2013,1.365
arg,sex_t,eco_isic4_t,est_sizeaggregate_s5_49,2019,1.262
arg,sex_t,eco_isic4_t,est_sizeaggregate_s5_49,2020,0.868
arg,sex_t,eco_isic4_t,est_sizeaggregate_s5_49,2021,0.925
arg,sex_t,eco_isic4_t,est_sizeaggregate_s5_49,2022,0.679
arg,sex_t,eco_isic4_t,est_sizeaggregate_s5_49,2023,1.369
arg,sex_t,eco_isic4_t,est_sizeaggregate_s5_49,2024,0.996
arg,sex_t,eco_isic4_t,est_sizeaggregate_total,2011,779
arg,sex_t,eco_isic4_t,est_sizeaggregate_total,2012,802.366
arg,sex_t,eco_isic4_t,est_sizeaggregate_total,2013,790.39
arg,sex_t,eco_isic4_t,est_sizeaggregate_total,2014,794.764
arg,sex_t,eco_isic4_t,est_sizeaggregate_total,2017,840.594
arg,sex_t,eco_isic4_t,est_sizeaggregate_total,2018,874.205
arg,sex_t,eco_isic4_t,est_sizeaggregate_total,2019,905.9
arg,sex_t,eco_isic4_t,est_sizeaggregate_total,2020,717.965
arg,sex_t,eco_isic4_t,est_sizeaggregate_total,2021,695.07
arg,sex_t,eco_isic4_t,est_sizeaggregate_total,2022,815.84
arg,sex_t,eco_isic4_t,est_sizeaggregate_total,2023,843.462
arg,sex_t,eco_isic4_t,est_sizeaggregate_total,2024,834.13
arg,sex_t,eco_isic4_t,est_sizeaggregate_x,2011,770.474
arg,sex_t,eco_isic4_t,est_sizeaggregate_x,2012,793.362
arg,sex_t,eco_isic4_t,est_sizeaggregate_x,2013,778.453
arg,sex_t,eco_isic4_t,est_sizeaggregate_x,2014,787.644
arg,sex_t,eco_isic4_t,est_sizeaggregate_x,2017,832.898
arg,sex_t,eco_isic4_t,est_sizeaggregate_x,2018,865.596
arg,sex_t,eco_isic4_t,est_sizeaggregate_x,2019,893.792
arg,sex_t,eco_isic4_t,est_sizeaggregate_x,2020,708.074
arg,sex_t,eco_isic4_t,est_sizeaggregate_x,2021,680.516
arg,sex_t,eco_isic4_t,est_sizeaggregate_x,2022,803.8
arg,sex_t,eco_isic4_t,est_sizeaggregate_x,2023,834.326
arg,sex_t,eco_isic4_t,est_sizeaggregate_x,2024,824.109
arg,sex_t,eco_isic4_total,est_sizeaggregate_s1_4,2011,1460.27
arg,sex_t,eco_isic4_total,est_sizeaggregate_s1_4,2012,1441.753
arg,sex_t,eco_isic4_total,est_sizeaggregate_s1_4,2013,1478.968
arg,sex_t,eco_isic4_total,est_sizeaggregate_s1_4,2014,1446.915
arg,sex_t,eco_isic4_total,est_sizeaggregate_s1_4,2017,1451.945
arg,sex_t,eco_isic4_total,est_sizeaggregate_s1_4,2018,1513.33
arg,sex_t,eco_isic4_total,est_sizeaggregate_s1_4,2019,1520.706
arg,sex_t,eco_isic4_total,est_sizeaggregate_s1_4,2020,1291.384
arg,sex_t,eco_isic4_total,est_sizeaggregate_s1_4,2021,1418.575
arg,sex_t,eco_isic4_total,est_sizeaggregate_s1_4,2022,1594.539
arg,sex_t,eco_isic4_total,est_sizeaggregate_s1_4,2023,1653.783
arg,sex_t,eco_isic4_total,est_sizeaggregate_s1_4,2024,1657.173
arg,sex_t,eco_isic4_total,est_sizeaggregate_s5_49,2011,2154.778
arg,sex_t,eco_isic4_total,est_sizeaggregate_s5_49,2012,2074.448
arg,sex_t,eco_isic4_total,est_sizeaggregate_s5_49,2013,2010.234
arg,sex_t,eco_isic4_total,est_sizeaggregate_s5_49,2014,1983.782
arg,sex_t,eco_isic4_total,est_sizeaggregate_s5_49,2017,2217.224
arg,sex_t,eco_isic4_total,est_sizeaggregate_s5_49,2018,2181.548
arg,sex_t,eco_isic4_total,est_sizeaggregate_s5_49,2019,2130.668
arg,sex_t,eco_isic4_total,est_sizeaggregate_s5_49,2020,1834.582
arg,sex_t,eco_isic4_total,est_sizeaggregate_s5_49,2021,2099.787
arg,sex_t,eco_isic4_total,est_sizeaggregate_s5_49,2022,2181.299
arg,sex_t,eco_isic4_total,est_sizeaggregate_s5_49,2023,2397.317
arg,sex_t,eco_isic4_total,est_sizeaggregate_s5_49,2024,2419.732
arg,sex_t,eco_isic4_total,est_sizeaggregate_sge50,2011,2359.141
arg,sex_t,eco_isic4_total,est_sizeaggregate_sge50,2012,2370.795
arg,sex_t,eco_isic4_total,est_sizeaggregate_sge50,2013,2386.594
arg,sex_t,eco_isic4_total,est_sizeaggregate_sge50,2014,2448.854
arg,sex_t,eco_isic4_total,est_sizeaggregate_sge50,2017,2424.585
arg,sex_t,eco_isic4_total,est_sizeaggregate_sge50,2018,2388.353
arg,sex_t,eco_isic4_total,est_sizeaggregate_sge50,2019,2528.239
arg,sex_t,eco_isic4_total,est_sizeaggregate_sge50,2020,2548.665
arg,sex_t,eco_isic4_total,est_sizeaggregate_sge50,2021,2761.285
arg,sex_t,eco_isic4_total,est_sizeaggregate_sge50,2022,2637.219
arg,sex_t,eco_isic4_total,est_sizeaggregate_sge50,2023,2747.801
arg,sex_t,eco_isic4_total,est_sizeaggregate_sge50,2024,2816.653
arg,sex_t,eco_isic4_total,est_sizeaggregate_total,2011,8277.641
arg,sex_t,eco_isic4_total,est_sizeaggregate_total,2012,8349.252
arg,sex_t,eco_isic4_total,est_sizeaggregate_total,2013,8366.008
arg,sex_t,eco_isic4_total,est_sizeaggregate_total,2014,8434.052
arg,sex_t,eco_isic4_total,est_sizeaggregate_total,2017,8636.831
arg,sex_t,eco_isic4_total,est_sizeaggregate_total,2018,8746.415
arg,sex_t,eco_isic4_total,est_sizeaggregate_total,2019,8849.37
arg,sex_t,eco_isic4_total,est_sizeaggregate_total,2020,7983.676
arg,sex_t,eco_isic4_total,est_sizeaggregate_total,2021,8864.288
arg,sex_t,eco_isic4_total,est_sizeaggregate_total,2022,9440.606
arg,sex_t,eco_isic4_total,est_sizeaggregate_total,2023,9869.985
arg,sex_t,eco_isic4_total,est_sizeaggregate_total,2024,9794.236
arg,sex_t,eco_isic4_total,est_sizeaggregate_x,2011,2303.452
arg,sex_t,eco_isic4_total,est_sizeaggregate_x,2012,2462.256
arg,sex_t,eco_isic4_total,est_sizeaggregate_x,2013,2490.213
arg,sex_t,eco_isic4_total,est_sizeaggregate_x,2014,2554.501
arg,sex_t,eco_isic4_total,est_sizeaggregate_x,2017,2543.078
arg,sex_t,eco_isic4_total,est_sizeaggregate_x,2018,2663.184
arg,sex_t,eco_isic4_total,est_sizeaggregate_x,2019,2669.758
arg,sex_t,eco_isic4_total,est_sizeaggregate_x,2020,2309.045
arg,sex_t,eco_isic4_total,est_sizeaggregate_x,2021,2584.641
arg,sex_t,eco_isic4_total,est_sizeaggregate_x,2022,3027.549
arg,sex_t,eco_isic4_total,est_sizeaggregate_x,2023,3071.084
arg,sex_t,eco_isic4_total,est_sizeaggregate_x,2024,2900.678
arg,sex_t,eco_isic4_u,est_sizeaggregate_s5_49,2018,1.252
arg,sex_t,eco_isic4_u,est_sizeaggregate_sge50,2022,0.557
arg,sex_t,eco_isic4_u,est_sizeaggregate_total,2011,2.122
arg,sex_t,eco_isic4_u,est_sizeaggregate_total,2012,2.584
arg,sex_t,eco_isic4_u,est_sizeaggregate_total,2014,1.256
arg,sex_t,eco_isic4_u,est_sizeaggregate_total,2017,2.952
arg,sex_t,eco_isic4_u,est_sizeaggregate_total,2018,2.187
arg,sex_t,eco_isic4_u,est_sizeaggregate_total,2019,2.406
arg,sex_t,eco_isic4_u,est_sizeaggregate_total,2020,4.493
arg,sex_t,eco_isic4_u,est_sizeaggregate_total,2022,1.523
arg,sex_t,eco_isic4_u,est_sizeaggregate_total,2023,1.023
arg,sex_t,eco_isic4_u,est_sizeaggregate_total,2024,1.028
arg,sex_t,eco_isic4_u,est_sizeaggregate_x,2020,3.741
arg,sex_t,eco_isic4_x,est_sizeaggregate_s1_4,2011,16.4
arg,sex_t,eco_isic4_x,est_sizeaggregate_s1_4,2012,21.208
arg,sex_t,eco_isic4_x,est_sizeaggregate_s1_4,2013,22.538
arg,sex_t,eco_isic4_x,est_sizeaggregate_s1_4,2014,35.55
arg,sex_t,eco_isic4_x,est_sizeaggregate_s1_4,2017,23.805
arg,sex_t,eco_isic4_x,est_sizeaggregate_s1_4,2018,32.181
arg,sex_t,eco_isic4_x,est_sizeaggregate_s1_4,2019,28.572
arg,sex_t,eco_isic4_x,est_sizeaggregate_s1_4,2020,18.414
arg,sex_t,eco_isic4_x,est_sizeaggregate_s1_4,2021,36.914
arg,sex_t,eco_isic4_x,est_sizeaggregate_s1_4,2022,40.7
arg,sex_t,eco_isic4_x,est_sizeaggregate_s1_4,2023,29.916
arg,sex_t,eco_isic4_x,est_sizeaggregate_s1_4,2024,22.953
arg,sex_t,eco_isic4_x,est_sizeaggregate_s5_49,2011,56.767
arg,sex_t,eco_isic4_x,est_sizeaggregate_s5_49,2012,64.327
arg,sex_t,eco_isic4_x,est_sizeaggregate_s5_49,2013,51.45
arg,sex_t,eco_isic4_x,est_sizeaggregate_s5_49,2014,70.409
arg,sex_t,eco_isic4_x,est_sizeaggregate_s5_49,2017,74.861
arg,sex_t,eco_isic4_x,est_sizeaggregate_s5_49,2018,87.85
arg,sex_t,eco_isic4_x,est_sizeaggregate_s5_49,2019,74.543
arg,sex_t,eco_isic4_x,est_sizeaggregate_s5_49,2020,60.395
arg,sex_t,eco_isic4_x,est_sizeaggregate_s5_49,2021,69.652
arg,sex_t,eco_isic4_x,est_sizeaggregate_s5_49,2022,92.93
arg,sex_t,eco_isic4_x,est_sizeaggregate_s5_49,2023,69.969
arg,sex_t,eco_isic4_x,est_sizeaggregate_s5_49,2024,53.352
arg,sex_t,eco_isic4_x,est_sizeaggregate_sge50,2011,58.595
arg,sex_t,eco_isic4_x,est_sizeaggregate_sge50,2012,63.809
arg,sex_t,eco_isic4_x,est_sizeaggregate_sge50,2013,66.079
arg,sex_t,eco_isic4_x,est_sizeaggregate_sge50,2014,63.803
arg,sex_t,eco_isic4_x,est_sizeaggregate_sge50,2017,71.203
arg,sex_t,eco_isic4_x,est_sizeaggregate_sge50,2018,68.232
arg,sex_t,eco_isic4_x,est_sizeaggregate_sge50,2019,50.906
arg,sex_t,eco_isic4_x,est_sizeaggregate_sge50,2020,58.078
arg,sex_t,eco_isic4_x,est_sizeaggregate_sge50,2021,81.909
arg,sex_t,eco_isic4_x,est_sizeaggregate_sge50,2022,91.473
arg,sex_t,eco_isic4_x,est_sizeaggregate_sge50,2023,77.134
arg,sex_t,eco_isic4_x,est_sizeaggregate_sge50,2024,43.05
arg,sex_t,eco_isic4_x,est_sizeaggregate_total,2011,189.322
arg,sex_t,eco_isic4_x,est_sizeaggregate_total,2012,210.925
arg,sex_t,eco_isic4_x,est_sizeaggregate_total,2013,224.362
arg,sex_t,eco_isic4_x,est_sizeaggregate_total,2014,255.917
arg,sex_t,eco_isic4_x,est_sizeaggregate_total,2017,252.632
arg,sex_t,eco_isic4_x,est_sizeaggregate_total,2018,280.732
arg,sex_t,eco_isic4_x,est_sizeaggregate_total,2019,217.691
arg,sex_t,eco_isic4_x,est_sizeaggregate_total,2020,190.006
arg,sex_t,eco_isic4_x,est_sizeaggregate_total,2021,280.748
arg,sex_t,eco_isic4_x,est_sizeaggregate_total,2022,343.849
arg,sex_t,eco_isic4_x,est_sizeaggregate_total,2023,256.964
arg,sex_t,eco_isic4_x,est_sizeaggregate_total,2024,197.33
arg,sex_t,eco_isic4_x,est_sizeaggregate_x,2011,57.56
arg,sex_t,eco_isic4_x,est_sizeaggregate_x,2012,61.581
arg,sex_t,eco_isic4_x,est_sizeaggregate_x,2013,84.296
arg,sex_t,eco_isic4_x,est_sizeaggregate_x,2014,86.156
arg,sex_t,eco_isic4_x,est_sizeaggregate_x,2017,82.764
arg,sex_t,eco_isic4_x,est_sizeaggregate_x,2018,92.469
arg,sex_t,eco_isic4_x,est_sizeaggregate_x,2019,63.671
arg,sex_t,eco_isic4_x,est_sizeaggregate_x,2020,53.118
arg,sex_t,eco_isic4_x,est_sizeaggregate_x,2021,92.272
arg,sex_t,eco_isic4_x,est_sizeaggregate_x,2022,118.746
arg,sex_t,eco_isic4_x,est_sizeaggregate_x,2023,79.945
arg,sex_t,eco_isic4_x,est_sizeaggregate_x,2024,77.975
arg,sex_t,eco_sector_agr,est_sizeaggregate_s1_4,2004,33.063
arg,sex_t,eco_sector_agr,est_sizeaggregate_s1_4,2005,24.294
arg,sex_t,eco_sector_agr,est_sizeaggregate_s1_4,2006,17.555
arg,sex_t,eco_sector_agr,est_sizeaggregate_s1_4,2008,17.906
arg,sex_t,eco_sector_agr,est_sizeaggregate_s1_4,2009,19.043
arg,sex_t,eco_sector_agr,est_sizeaggregate_s1_4,2010,20.688
arg,sex_t,eco_sector_agr,est_sizeaggregate_s1_4,2011,14.657
arg,sex_t,eco_sector_agr,est_sizeaggregate_s1_4,2012,13.758
arg,sex_t,eco_sector_agr,est_sizeaggregate_s1_4,2013,13.691
arg,sex_t,eco_sector_agr,est_sizeaggregate_s1_4,2014,14.046
arg,sex_t,eco_sector_agr,est_sizeaggregate_s1_4,2017,7.848
arg,sex_t,eco_sector_agr,est_sizeaggregate_s1_4,2018,10.433
arg,sex_t,eco_sector_agr,est_sizeaggregate_s1_4,2019,8.421
arg,sex_t,eco_sector_agr,est_sizeaggregate_s1_4,2020,6.482
arg,sex_t,eco_sector_agr,est_sizeaggregate_s1_4,2021,7.092
arg,sex_t,eco_sector_agr,est_sizeaggregate_s1_4,2022,13.62
arg,sex_t,eco_sector_agr,est_sizeaggregate_s1_4,2023,8.754
arg,sex_t,eco_sector_agr,est_sizeaggregate_s1_4,2024,10.645
arg,sex_t,eco_sector_agr,est_sizeaggregate_s5_49,2004,37.581
arg,sex_t,eco_sector_agr,est_sizeaggregate_s5_49,2005,32.515
arg,sex_t,eco_sector_agr,est_sizeaggregate_s5_49,2006,27.917
arg,sex_t,eco_sector_agr,est_sizeaggregate_s5_49,2008,21.512
arg,sex_t,eco_sector_agr,est_sizeaggregate_s5_49,2009,19.793
arg,sex_t,eco_sector_agr,est_sizeaggregate_s5_49,2010,16.913
arg,sex_t,eco_sector_agr,est_sizeaggregate_s5_49,2011,17.293
arg,sex_t,eco_sector_agr,est_sizeaggregate_s5_49,2012,13.407
arg,sex_t,eco_sector_agr,est_sizeaggregate_s5_49,2013,16.834
arg,sex_t,eco_sector_agr,est_sizeaggregate_s5_49,2014,20.253
arg,sex_t,eco_sector_agr,est_sizeaggregate_s5_49,2017,15.598
arg,sex_t,eco_sector_agr,est_sizeaggregate_s5_49,2018,13.344
arg,sex_t,eco_sector_agr,est_sizeaggregate_s5_49,2019,19.392
arg,sex_t,eco_sector_agr,est_sizeaggregate_s5_49,2020,16.682
arg,sex_t,eco_sector_agr,est_sizeaggregate_s5_49,2021,18.897
arg,sex_t,eco_sector_agr,est_sizeaggregate_s5_49,2022,23.64
arg,sex_t,eco_sector_agr,est_sizeaggregate_s5_49,2023,27.261
arg,sex_t,eco_sector_agr,est_sizeaggregate_s5_49,2024,24.274
arg,sex_t,eco_sector_agr,est_sizeaggregate_sge50,2004,12.448
arg,sex_t,eco_sector_agr,est_sizeaggregate_sge50,2005,10.57
arg,sex_t,eco_sector_agr,est_sizeaggregate_sge50,2006,9.855
arg,sex_t,eco_sector_agr,est_sizeaggregate_sge50,2008,8.46
arg,sex_t,eco_sector_agr,est_sizeaggregate_sge50,2009,9.563
arg,sex_t,eco_sector_agr,est_sizeaggregate_sge50,2010,10.021
arg,sex_t,eco_sector_agr,est_sizeaggregate_sge50,2011,6.298
arg,sex_t,eco_sector_agr,est_sizeaggregate_sge50,2012,5.78
arg,sex_t,eco_sector_agr,est_sizeaggregate_sge50,2013,5.786
arg,sex_t,eco_sector_agr,est_sizeaggregate_sge50,2014,5.245
arg,sex_t,eco_sector_agr,est_sizeaggregate_sge50,2017,6.289
arg,sex_t,eco_sector_agr,est_sizeaggregate_sge50,2018,6.463
arg,sex_t,eco_sector_agr,est_sizeaggregate_sge50,2019,7.803
arg,sex_t,eco_sector_agr,est_sizeaggregate_sge50,2020,6.169
arg,sex_t,eco_sector_agr,est_sizeaggregate_sge50,2021,5.659
arg,sex_t,eco_sector_agr,est_sizeaggregate_sge50,2022,10.915
arg,sex_t,eco_sector_agr,est_sizeaggregate_sge50,2023,11.546
arg,sex_t,eco_sector_agr,est_sizeaggregate_sge50,2024,15.19
arg,sex_t,eco_sector_agr,est_sizeaggregate_total,2004,98.414
arg,sex_t,eco_sector_agr,est_sizeaggregate_total,2005,81.768
arg,sex_t,eco_sector_agr,est_sizeaggregate_total,2006,65.665
arg,sex_t,eco_sector_agr,est_sizeaggregate_total,2008,59.141
arg,sex_t,eco_sector_agr,est_sizeaggregate_total,2009,62.364
arg,sex_t,eco_sector_agr,est_sizeaggregate_total,2010,56.946
arg,sex_t,eco_sector_agr,est_sizeaggregate_total,2011,45.074
arg,sex_t,eco_sector_agr,est_sizeaggregate_total,2012,42.865
arg,sex_t,eco_sector_agr,est_sizeaggregate_total,2013,46.763
arg,sex_t,eco_sector_agr,est_sizeaggregate_total,2014,46.668
arg,sex_t,eco_sector_agr,est_sizeaggregate_total,2017,40.372
arg,sex_t,eco_sector_agr,est_sizeaggregate_total,2018,37.018
arg,sex_t,eco_sector_agr,est_sizeaggregate_total,2019,43.448
arg,sex_t,eco_sector_agr,est_sizeaggregate_total,2020,36.371
arg,sex_t,eco_sector_agr,est_sizeaggregate_total,2021,43.379
arg,sex_t,eco_sector_agr,est_sizeaggregate_total,2022,59.993
arg,sex_t,eco_sector_agr,est_sizeaggregate_total,2023,60.785
arg,sex_t,eco_sector_agr,est_sizeaggregate_total,2024,61.73
arg,sex_t,eco_sector_agr,est_sizeaggregate_x,2004,15.322
arg,sex_t,eco_sector_agr,est_sizeaggregate_x,2005,14.389
arg,sex_t,eco_sector_agr,est_sizeaggregate_x,2006,10.338
arg,sex_t,eco_sector_agr,est_sizeaggregate_x,2008,11.263
arg,sex_t,eco_sector_agr,est_sizeaggregate_x,2009,13.965
arg,sex_t,eco_sector_agr,est_sizeaggregate_x,2010,9.324
arg,sex_t,eco_sector_agr,est_sizeaggregate_x,2011,6.826
arg,sex_t,eco_sector_agr,est_sizeaggregate_x,2012,9.919
arg,sex_t,eco_sector_agr,est_sizeaggregate_x,2013,10.453
arg,sex_t,eco_sector_agr,est_sizeaggregate_x,2014,7.125
arg,sex_t,eco_sector_agr,est_sizeaggregate_x,2017,10.636
arg,sex_t,eco_sector_agr,est_sizeaggregate_x,2018,6.778
arg,sex_t,eco_sector_agr,est_sizeaggregate_x,2019,7.832
arg,sex_t,eco_sector_agr,est_sizeaggregate_x,2020,7.038
arg,sex_t,eco_sector_agr,est_sizeaggregate_x,2021,11.73
arg,sex_t,eco_sector_agr,est_sizeaggregate_x,2022,11.818
arg,sex_t,eco_sector_agr,est_sizeaggregate_x,2023,13.225
arg,sex_t,eco_sector_agr,est_sizeaggregate_x,2024,11.622
arg,sex_t,eco_sector_ind,est_sizeaggregate_s1_4,2004,392.854
arg,sex_t,eco_sector_ind,est_sizeaggregate_s1_4,2005,396.53
arg,sex_t,eco_sector_ind,est_sizeaggregate_s1_4,2006,406.341
arg,sex_t,eco_sector_ind,est_sizeaggregate_s1_4,2008,396.981
arg,sex_t,eco_sector_ind,est_sizeaggregate_s1_4,2009,403.019
arg,sex_t,eco_sector_ind,est_sizeaggregate_s1_4,2010,407.741
arg,sex_t,eco_sector_ind,est_sizeaggregate_s1_4,2011,417.11
arg,sex_t,eco_sector_ind,est_sizeaggregate_s1_4,2012,429.66
arg,sex_t,eco_sector_ind,est_sizeaggregate_s1_4,2013,452.89
arg,sex_t,eco_sector_ind,est_sizeaggregate_s1_4,2014,449.512
arg,sex_t,eco_sector_ind,est_sizeaggregate_s1_4,2017,445.683
arg,sex_t,eco_sector_ind,est_sizeaggregate_s1_4,2018,448.722
arg,sex_t,eco_sector_ind,est_sizeaggregate_s1_4,2019,449.5
arg,sex_t,eco_sector_ind,est_sizeaggregate_s1_4,2020,405.051
arg,sex_t,eco_sector_ind,est_sizeaggregate_s1_4,2021,426.754
arg,sex_t,eco_sector_ind,est_sizeaggregate_s1_4,2022,467.547
arg,sex_t,eco_sector_ind,est_sizeaggregate_s1_4,2023,477.601
arg,sex_t,eco_sector_ind,est_sizeaggregate_s1_4,2024,453.537
arg,sex_t,eco_sector_ind,est_sizeaggregate_s5_49,2004,431.359
arg,sex_t,eco_sector_ind,est_sizeaggregate_s5_49,2005,454.925
arg,sex_t,eco_sector_ind,est_sizeaggregate_s5_49,2006,488.108
arg,sex_t,eco_sector_ind,est_sizeaggregate_s5_49,2008,490.974
arg,sex_t,eco_sector_ind,est_sizeaggregate_s5_49,2009,473.579
arg,sex_t,eco_sector_ind,est_sizeaggregate_s5_49,2010,488.142
arg,sex_t,eco_sector_ind,est_sizeaggregate_s5_49,2011,510.104
arg,sex_t,eco_sector_ind,est_sizeaggregate_s5_49,2012,477.287
arg,sex_t,eco_sector_ind,est_sizeaggregate_s5_49,2013,465.18
arg,sex_t,eco_sector_ind,est_sizeaggregate_s5_49,2014,434.874
arg,sex_t,eco_sector_ind,est_sizeaggregate_s5_49,2017,440.939
arg,sex_t,eco_sector_ind,est_sizeaggregate_s5_49,2018,435.995
arg,sex_t,eco_sector_ind,est_sizeaggregate_s5_49,2019,431.881
arg,sex_t,eco_sector_ind,est_sizeaggregate_s5_49,2020,349.479
arg,sex_t,eco_sector_ind,est_sizeaggregate_s5_49,2021,401.826
arg,sex_t,eco_sector_ind,est_sizeaggregate_s5_49,2022,436.986
arg,sex_t,eco_sector_ind,est_sizeaggregate_s5_49,2023,501.55
arg,sex_t,eco_sector_ind,est_sizeaggregate_s5_49,2024,468.068
arg,sex_t,eco_sector_ind,est_sizeaggregate_sge50,2004,331.172
arg,sex_t,eco_sector_ind,est_sizeaggregate_sge50,2005,361.678
arg,sex_t,eco_sector_ind,est_sizeaggregate_sge50,2006,433.933
arg,sex_t,eco_sector_ind,est_sizeaggregate_sge50,2008,451.872
arg,sex_t,eco_sector_ind,est_sizeaggregate_sge50,2009,446.899
arg,sex_t,eco_sector_ind,est_sizeaggregate_sge50,2010,462.88
arg,sex_t,eco_sector_ind,est_sizeaggregate_sge50,2011,484.356
arg,sex_t,eco_sector_ind,est_sizeaggregate_sge50,2012,458.003
arg,sex_t,eco_sector_ind,est_sizeaggregate_sge50,2013,464.318
arg,sex_t,eco_sector_ind,est_sizeaggregate_sge50,2014,499.032
arg,sex_t,eco_sector_ind,est_sizeaggregate_sge50,2017,462.724
arg,sex_t,eco_sector_ind,est_sizeaggregate_sge50,2018,447.628
arg,sex_t,eco_sector_ind,est_sizeaggregate_sge50,2019,456.022
arg,sex_t,eco_sector_ind,est_sizeaggregate_sge50,2020,432.625
arg,sex_t,eco_sector_ind,est_sizeaggregate_sge50,2021,470.85
arg,sex_t,eco_sector_ind,est_sizeaggregate_sge50,2022,459.379
arg,sex_t,eco_sector_ind,est_sizeaggregate_sge50,2023,501.124
arg,sex_t,eco_sector_ind,est_sizeaggregate_sge50,2024,508.04
arg,sex_t,eco_sector_ind,est_sizeaggregate_total,2004,1449.883
arg,sex_t,eco_sector_ind,est_sizeaggregate_total,2005,1551.004
arg,sex_t,eco_sector_ind,est_sizeaggregate_total,2006,1697.174
arg,sex_t,eco_sector_ind,est_sizeaggregate_total,2008,1756.744
arg,sex_t,eco_sector_ind,est_sizeaggregate_total,2009,1703.275
arg,sex_t,eco_sector_ind,est_sizeaggregate_total,2010,1752.843
arg,sex_t,eco_sector_ind,est_sizeaggregate_total,2011,1818.079
arg,sex_t,eco_sector_ind,est_sizeaggregate_total,2012,1806.29
arg,sex_t,eco_sector_ind,est_sizeaggregate_total,2013,1820.319
arg,sex_t,eco_sector_ind,est_sizeaggregate_total,2014,1846.427
arg,sex_t,eco_sector_ind,est_sizeaggregate_total,2017,1742.621
arg,sex_t,eco_sector_ind,est_sizeaggregate_total,2018,1730.015
arg,sex_t,eco_sector_ind,est_sizeaggregate_total,2019,1743.156
arg,sex_t,eco_sector_ind,est_sizeaggregate_total,2020,1540.197
arg,sex_t,eco_sector_ind,est_sizeaggregate_total,2021,1711.826
arg,sex_t,eco_sector_ind,est_sizeaggregate_total,2022,1863.346
arg,sex_t,eco_sector_ind,est_sizeaggregate_total,2023,2002.588
arg,sex_t,eco_sector_ind,est_sizeaggregate_total,2024,1839.488
arg,sex_t,eco_sector_ind,est_sizeaggregate_x,2004,294.5
arg,sex_t,eco_sector_ind,est_sizeaggregate_x,2005,337.87
arg,sex_t,eco_sector_ind,est_sizeaggregate_x,2006,368.792
arg,sex_t,eco_sector_ind,est_sizeaggregate_x,2008,416.916
arg,sex_t,eco_sector_ind,est_sizeaggregate_x,2009,379.778
arg,sex_t,eco_sector_ind,est_sizeaggregate_x,2010,394.08
arg,sex_t,eco_sector_ind,est_sizeaggregate_x,2011,406.51
arg,sex_t,eco_sector_ind,est_sizeaggregate_x,2012,441.34
arg,sex_t,eco_sector_ind,est_sizeaggregate_x,2013,437.93
arg,sex_t,eco_sector_ind,est_sizeaggregate_x,2014,463.008
arg,sex_t,eco_sector_ind,est_sizeaggregate_x,2017,393.276
arg,sex_t,eco_sector_ind,est_sizeaggregate_x,2018,397.669
arg,sex_t,eco_sector_ind,est_sizeaggregate_x,2019,405.752
arg,sex_t,eco_sector_ind,est_sizeaggregate_x,2020,353.041
arg,sex_t,eco_sector_ind,est_sizeaggregate_x,2021,412.396
arg,sex_t,eco_sector_ind,est_sizeaggregate_x,2022,499.434
arg,sex_t,eco_sector_ind,est_sizeaggregate_x,2023,522.313
arg,sex_t,eco_sector_ind,est_sizeaggregate_x,2024,409.843
arg,sex_t,eco_sector_nag,est_sizeaggregate_s1_4,2004,1447.97
arg,sex_t,eco_sector_nag,est_sizeaggregate_s1_4,2005,1426.909
arg,sex_t,eco_sector_nag,est_sizeaggregate_s1_4,2006,1422.057
arg,sex_t,eco_sector_nag,est_sizeaggregate_s1_4,2008,1414.312
arg,sex_t,eco_sector_nag,est_sizeaggregate_s1_4,2009,1463.725
arg,sex_t,eco_sector_nag,est_sizeaggregate_s1_4,2010,1452.268
arg,sex_t,eco_sector_nag,est_sizeaggregate_s1_4,2011,1445.613
arg,sex_t,eco_sector_nag,est_sizeaggregate_s1_4,2012,1427.995
arg,sex_t,eco_sector_nag,est_sizeaggregate_s1_4,2013,1465.277
arg,sex_t,eco_sector_nag,est_sizeaggregate_s1_4,2014,1432.87
arg,sex_t,eco_sector_nag,est_sizeaggregate_s1_4,2017,1444.096
arg,sex_t,eco_sector_nag,est_sizeaggregate_s1_4,2018,1502.897
arg,sex_t,eco_sector_nag,est_sizeaggregate_s1_4,2019,1512.285
arg,sex_t,eco_sector_nag,est_sizeaggregate_s1_4,2020,1284.902
arg,sex_t,eco_sector_nag,est_sizeaggregate_s1_4,2021,1411.483
arg,sex_t,eco_sector_nag,est_sizeaggregate_s1_4,2022,1580.919
arg,sex_t,eco_sector_nag,est_sizeaggregate_s1_4,2023,1645.03
arg,sex_t,eco_sector_nag,est_sizeaggregate_s1_4,2024,1646.529
arg,sex_t,eco_sector_nag,est_sizeaggregate_s5_49,2004,1836.15
arg,sex_t,eco_sector_nag,est_sizeaggregate_s5_49,2005,1840.429
arg,sex_t,eco_sector_nag,est_sizeaggregate_s5_49,2006,1985.313
arg,sex_t,eco_sector_nag,est_sizeaggregate_s5_49,2008,2010.477
arg,sex_t,eco_sector_nag,est_sizeaggregate_s5_49,2009,1986.793
arg,sex_t,eco_sector_nag,est_sizeaggregate_s5_49,2010,2043.122
arg,sex_t,eco_sector_nag,est_sizeaggregate_s5_49,2011,2137.485
arg,sex_t,eco_sector_nag,est_sizeaggregate_s5_49,2012,2061.041
arg,sex_t,eco_sector_nag,est_sizeaggregate_s5_49,2013,1993.4
arg,sex_t,eco_sector_nag,est_sizeaggregate_s5_49,2014,1963.53
arg,sex_t,eco_sector_nag,est_sizeaggregate_s5_49,2017,2201.626
arg,sex_t,eco_sector_nag,est_sizeaggregate_s5_49,2018,2168.204
arg,sex_t,eco_sector_nag,est_sizeaggregate_s5_49,2019,2111.276
arg,sex_t,eco_sector_nag,est_sizeaggregate_s5_49,2020,1817.899
arg,sex_t,eco_sector_nag,est_sizeaggregate_s5_49,2021,2080.89
arg,sex_t,eco_sector_nag,est_sizeaggregate_s5_49,2022,2157.66
arg,sex_t,eco_sector_nag,est_sizeaggregate_s5_49,2023,2370.056
arg,sex_t,eco_sector_nag,est_sizeaggregate_s5_49,2024,2395.458
arg,sex_t,eco_sector_nag,est_sizeaggregate_sge50,2004,1671.363
arg,sex_t,eco_sector_nag,est_sizeaggregate_sge50,2005,1818.964
arg,sex_t,eco_sector_nag,est_sizeaggregate_sge50,2006,1985.044
arg,sex_t,eco_sector_nag,est_sizeaggregate_sge50,2008,2068.934
arg,sex_t,eco_sector_nag,est_sizeaggregate_sge50,2009,2182.392
arg,sex_t,eco_sector_nag,est_sizeaggregate_sge50,2010,2244.59
arg,sex_t,eco_sector_nag,est_sizeaggregate_sge50,2011,2352.843
arg,sex_t,eco_sector_nag,est_sizeaggregate_sge50,2012,2365.015
arg,sex_t,eco_sector_nag,est_sizeaggregate_sge50,2013,2380.809
arg,sex_t,eco_sector_nag,est_sizeaggregate_sge50,2014,2443.609
arg,sex_t,eco_sector_nag,est_sizeaggregate_sge50,2017,2418.296
arg,sex_t,eco_sector_nag,est_sizeaggregate_sge50,2018,2381.89
arg,sex_t,eco_sector_nag,est_sizeaggregate_sge50,2019,2520.436
arg,sex_t,eco_sector_nag,est_sizeaggregate_sge50,2020,2542.496
arg,sex_t,eco_sector_nag,est_sizeaggregate_sge50,2021,2755.626
arg,sex_t,eco_sector_nag,est_sizeaggregate_sge50,2022,2626.304
arg,sex_t,eco_sector_nag,est_sizeaggregate_sge50,2023,2736.255
arg,sex_t,eco_sector_nag,est_sizeaggregate_sge50,2024,2801.463
arg,sex_t,eco_sector_nag,est_sizeaggregate_total,2004,6785.533
arg,sex_t,eco_sector_nag,est_sizeaggregate_total,2005,7038.459
arg,sex_t,eco_sector_nag,est_sizeaggregate_total,2006,7443.16
arg,sex_t,eco_sector_nag,est_sizeaggregate_total,2008,7785.817
arg,sex_t,eco_sector_nag,est_sizeaggregate_total,2009,7838.468
arg,sex_t,eco_sector_nag,est_sizeaggregate_total,2010,7993.949
arg,sex_t,eco_sector_nag,est_sizeaggregate_total,2011,8232.568
arg,sex_t,eco_sector_nag,est_sizeaggregate_total,2012,8306.388
arg,sex_t,eco_sector_nag,est_sizeaggregate_total,2013,8319.245
arg,sex_t,eco_sector_nag,est_sizeaggregate_total,2014,8387.384
arg,sex_t,eco_sector_nag,est_sizeaggregate_total,2017,8596.46
arg,sex_t,eco_sector_nag,est_sizeaggregate_total,2018,8709.397
arg,sex_t,eco_sector_nag,est_sizeaggregate_total,2019,8805.922
arg,sex_t,eco_sector_nag,est_sizeaggregate_total,2020,7947.304
arg,sex_t,eco_sector_nag,est_sizeaggregate_total,2021,8820.909
arg,sex_t,eco_sector_nag,est_sizeaggregate_total,2022,9380.614
arg,sex_t,eco_sector_nag,est_sizeaggregate_total,2023,9809.2
arg,sex_t,eco_sector_nag,est_sizeaggregate_total,2024,9732.506
arg,sex_t,eco_sector_nag,est_sizeaggregate_x,2004,1830.05
arg,sex_t,eco_sector_nag,est_sizeaggregate_x,2005,1952.157
arg,sex_t,eco_sector_nag,est_sizeaggregate_x,2006,2050.746
arg,sex_t,eco_sector_nag,est_sizeaggregate_x,2008,2292.094
arg,sex_t,eco_sector_nag,est_sizeaggregate_x,2009,2205.558
arg,sex_t,eco_sector_nag,est_sizeaggregate_x,2010,2253.969
arg,sex_t,eco_sector_nag,est_sizeaggregate_x,2011,2296.626
arg,sex_t,eco_sector_nag,est_sizeaggregate_x,2012,2452.337
arg,sex_t,eco_sector_nag,est_sizeaggregate_x,2013,2479.76
arg,sex_t,eco_sector_nag,est_sizeaggregate_x,2014,2547.376
arg,sex_t,eco_sector_nag,est_sizeaggregate_x,2017,2532.442
arg,sex_t,eco_sector_nag,est_sizeaggregate_x,2018,2656.405
arg,sex_t,eco_sector_nag,est_sizeaggregate_x,2019,2661.926
arg,sex_t,eco_sector_nag,est_sizeaggregate_x,2020,2302.007
arg,sex_t,eco_sector_nag,est_sizeaggregate_x,2021,2572.91
arg,sex_t,eco_sector_nag,est_sizeaggregate_x,2022,3015.73
arg,sex_t,eco_sector_nag,est_sizeaggregate_x,2023,3057.86
arg,sex_t,eco_sector_nag,est_sizeaggregate_x,2024,2889.056
arg,sex_t,eco_sector_ser,est_sizeaggregate_s1_4,2004,1054.163
arg,sex_t,eco_sector_ser,est_sizeaggregate_s1_4,2005,1029.341
arg,sex_t,eco_sector_ser,est_sizeaggregate_s1_4,2006,1014.435
arg,sex_t,eco_sector_ser,est_sizeaggregate_s1_4,2008,1011.498
arg,sex_t,eco_sector_ser,est_sizeaggregate_s1_4,2009,1058.364
arg,sex_t,eco_sector_ser,est_sizeaggregate_s1_4,2010,1039.687
arg,sex_t,eco_sector_ser,est_sizeaggregate_s1_4,2011,1012.104
arg,sex_t,eco_sector_ser,est_sizeaggregate_s1_4,2012,977.128
arg,sex_t,eco_sector_ser,est_sizeaggregate_s1_4,2013,989.849
arg,sex_t,eco_sector_ser,est_sizeaggregate_s1_4,2014,947.808
arg,sex_t,eco_sector_ser,est_sizeaggregate_s1_4,2017,974.609
arg,sex_t,eco_sector_ser,est_sizeaggregate_s1_4,2018,1021.994
arg,sex_t,eco_sector_ser,est_sizeaggregate_s1_4,2019,1034.213
arg,sex_t,eco_sector_ser,est_sizeaggregate_s1_4,2020,861.437
arg,sex_t,eco_sector_ser,est_sizeaggregate_s1_4,2021,947.814
arg,sex_t,eco_sector_ser,est_sizeaggregate_s1_4,2022,1072.672
arg,sex_t,eco_sector_ser,est_sizeaggregate_s1_4,2023,1137.512
arg,sex_t,eco_sector_ser,est_sizeaggregate_s1_4,2024,1170.039
arg,sex_t,eco_sector_ser,est_sizeaggregate_s5_49,2004,1401.97
arg,sex_t,eco_sector_ser,est_sizeaggregate_s5_49,2005,1383.809
arg,sex_t,eco_sector_ser,est_sizeaggregate_s5_49,2006,1495.121
arg,sex_t,eco_sector_ser,est_sizeaggregate_s5_49,2008,1511.118
arg,sex_t,eco_sector_ser,est_sizeaggregate_s5_49,2009,1504.425
arg,sex_t,eco_sector_ser,est_sizeaggregate_s5_49,2010,1544.466
arg,sex_t,eco_sector_ser,est_sizeaggregate_s5_49,2011,1570.614
arg,sex_t,eco_sector_ser,est_sizeaggregate_s5_49,2012,1519.427
arg,sex_t,eco_sector_ser,est_sizeaggregate_s5_49,2013,1476.77
arg,sex_t,eco_sector_ser,est_sizeaggregate_s5_49,2014,1458.246
arg,sex_t,eco_sector_ser,est_sizeaggregate_s5_49,2017,1685.825
arg,sex_t,eco_sector_ser,est_sizeaggregate_s5_49,2018,1644.358
arg,sex_t,eco_sector_ser,est_sizeaggregate_s5_49,2019,1604.852
arg,sex_t,eco_sector_ser,est_sizeaggregate_s5_49,2020,1408.025
arg,sex_t,eco_sector_ser,est_sizeaggregate_s5_49,2021,1609.412
arg,sex_t,eco_sector_ser,est_sizeaggregate_s5_49,2022,1627.744
arg,sex_t,eco_sector_ser,est_sizeaggregate_s5_49,2023,1798.537
arg,sex_t,eco_sector_ser,est_sizeaggregate_s5_49,2024,1874.037
arg,sex_t,eco_sector_ser,est_sizeaggregate_sge50,2004,1337.628
arg,sex_t,eco_sector_ser,est_sizeaggregate_sge50,2005,1454.292
arg,sex_t,eco_sector_ser,est_sizeaggregate_sge50,2006,1549.002
arg,sex_t,eco_sector_ser,est_sizeaggregate_sge50,2008,1608.308
arg,sex_t,eco_sector_ser,est_sizeaggregate_sge50,2009,1724.18
arg,sex_t,eco_sector_ser,est_sizeaggregate_sge50,2010,1764.994
arg,sex_t,eco_sector_ser,est_sizeaggregate_sge50,2011,1809.892
arg,sex_t,eco_sector_ser,est_sizeaggregate_sge50,2012,1843.202
arg,sex_t,eco_sector_ser,est_sizeaggregate_sge50,2013,1850.412
arg,sex_t,eco_sector_ser,est_sizeaggregate_sge50,2014,1880.774
arg,sex_t,eco_sector_ser,est_sizeaggregate_sge50,2017,1884.37
arg,sex_t,eco_sector_ser,est_sizeaggregate_sge50,2018,1866.03
arg,sex_t,eco_sector_ser,est_sizeaggregate_sge50,2019,2013.508
arg,sex_t,eco_sector_ser,est_sizeaggregate_sge50,2020,2051.792
arg,sex_t,eco_sector_ser,est_sizeaggregate_sge50,2021,2202.866
arg,sex_t,eco_sector_ser,est_sizeaggregate_sge50,2022,2075.452
arg,sex_t,eco_sector_ser,est_sizeaggregate_sge50,2023,2157.998
arg,sex_t,eco_sector_ser,est_sizeaggregate_sge50,2024,2250.373
arg,sex_t,eco_sector_ser,est_sizeaggregate_total,2004,5317.363
arg,sex_t,eco_sector_ser,est_sizeaggregate_total,2005,5470.667
arg,sex_t,eco_sector_ser,est_sizeaggregate_total,2006,5729.17
arg,sex_t,eco_sector_ser,est_sizeaggregate_total,2008,5976.996
arg,sex_t,eco_sector_ser,est_sizeaggregate_total,2009,6088.544
arg,sex_t,eco_sector_ser,est_sizeaggregate_total,2010,6189.26
arg,sex_t,eco_sector_ser,est_sizeaggregate_total,2011,6225.166
arg,sex_t,eco_sector_ser,est_sizeaggregate_total,2012,6289.172
arg,sex_t,eco_sector_ser,est_sizeaggregate_total,2013,6274.564
arg,sex_t,eco_sector_ser,est_sizeaggregate_total,2014,6285.04
arg,sex_t,eco_sector_ser,est_sizeaggregate_total,2017,6601.206
arg,sex_t,eco_sector_ser,est_sizeaggregate_total,2018,6698.65
arg,sex_t,eco_sector_ser,est_sizeaggregate_total,2019,6845.075
arg,sex_t,eco_sector_ser,est_sizeaggregate_total,2020,6217.102
arg,sex_t,eco_sector_ser,est_sizeaggregate_total,2021,6828.335
arg,sex_t,eco_sector_ser,est_sizeaggregate_total,2022,7173.419
arg,sex_t,eco_sector_ser,est_sizeaggregate_total,2023,7549.648
arg,sex_t,eco_sector_ser,est_sizeaggregate_total,2024,7695.688
arg,sex_t,eco_sector_ser,est_sizeaggregate_x,2004,1523.603
arg,sex_t,eco_sector_ser,est_sizeaggregate_x,2005,1603.226
arg,sex_t,eco_sector_ser,est_sizeaggregate_x,2006,1670.612
arg,sex_t,eco_sector_ser,est_sizeaggregate_x,2008,1846.072
arg,sex_t,eco_sector_ser,est_sizeaggregate_x,2009,1801.574
arg,sex_t,eco_sector_ser,est_sizeaggregate_x,2010,1840.113
arg,sex_t,eco_sector_ser,est_sizeaggregate_x,2011,1832.556
arg,sex_t,eco_sector_ser,est_sizeaggregate_x,2012,1949.416
arg,sex_t,eco_sector_ser,est_sizeaggregate_x,2013,1957.534
arg,sex_t,eco_sector_ser,est_sizeaggregate_x,2014,1998.213
arg,sex_t,eco_sector_ser,est_sizeaggregate_x,2017,2056.402
arg,sex_t,eco_sector_ser,est_sizeaggregate_x,2018,2166.267
arg,sex_t,eco_sector_ser,est_sizeaggregate_x,2019,2192.502
arg,sex_t,eco_sector_ser,est_sizeaggregate_x,2020,1895.848
arg,sex_t,eco_sector_ser,est_sizeaggregate_x,2021,2068.243
arg,sex_t,eco_sector_ser,est_sizeaggregate_x,2022,2397.551
arg,sex_t,eco_sector_ser,est_sizeaggregate_x,2023,2455.602
arg,sex_t,eco_sector_ser,est_sizeaggregate_x,2024,2401.238
arg,sex_t,eco_sector_total,est_sizeaggregate_s1_4,2004,1481.033
arg,sex_t,eco_sector_total,est_sizeaggregate_s1_4,2005,1451.203
arg,sex_t,eco_sector_total,est_sizeaggregate_s1_4,2006,1439.612
arg,sex_t,eco_sector_total,est_sizeaggregate_s1_4,2008,1432.217
arg,sex_t,eco_sector_total,est_sizeaggregate_s1_4,2009,1482.768
arg,sex_t,eco_sector_total,est_sizeaggregate_s1_4,2010,1472.955
arg,sex_t,eco_sector_total,est_sizeaggregate_s1_4,2011,1460.27
arg,sex_t,eco_sector_total,est_sizeaggregate_s1_4,2012,1441.753
arg,sex_t,eco_sector_total,est_sizeaggregate_s1_4,2013,1478.968
arg,sex_t,eco_sector_total,est_sizeaggregate_s1_4,2014,1446.915
arg,sex_t,eco_sector_total,est_sizeaggregate_s1_4,2017,1451.945
arg,sex_t,eco_sector_total,est_sizeaggregate_s1_4,2018,1513.33
arg,sex_t,eco_sector_total,est_sizeaggregate_s1_4,2019,1520.706
arg,sex_t,eco_sector_total,est_sizeaggregate_s1_4,2020,1291.384
arg,sex_t,eco_sector_total,est_sizeaggregate_s1_4,2021,1418.575
arg,sex_t,eco_sector_total,est_sizeaggregate_s1_4,2022,1594.539
arg,sex_t,eco_sector_total,est_sizeaggregate_s1_4,2023,1653.783
arg,sex_t,eco_sector_total,est_sizeaggregate_s1_4,2024,1657.173
arg,sex_t,eco_sector_total,est_sizeaggregate_s5_49,2004,1873.73
arg,sex_t,eco_sector_total,est_sizeaggregate_s5_49,2005,1872.944
arg,sex_t,eco_sector_total,est_sizeaggregate_s5_49,2006,2013.23
arg,sex_t,eco_sector_total,est_sizeaggregate_s5_49,2008,2031.989
arg,sex_t,eco_sector_total,est_sizeaggregate_s5_49,2009,2006.586
arg,sex_t,eco_sector_total,est_sizeaggregate_s5_49,2010,2060.036
arg,sex_t,eco_sector_total,est_sizeaggregate_s5_49,2011,2154.778
arg,sex_t,eco_sector_total,est_sizeaggregate_s5_49,2012,2074.448
arg,sex_t,eco_sector_total,est_sizeaggregate_s5_49,2013,2010.234
arg,sex_t,eco_sector_total,est_sizeaggregate_s5_49,2014,1983.782
arg,sex_t,eco_sector_total,est_sizeaggregate_s5_49,2017,2217.224
arg,sex_t,eco_sector_total,est_sizeaggregate_s5_49,2018,2181.548
arg,sex_t,eco_sector_total,est_sizeaggregate_s5_49,2019,2130.668
arg,sex_t,eco_sector_total,est_sizeaggregate_s5_49,2020,1834.582
arg,sex_t,eco_sector_total,est_sizeaggregate_s5_49,2021,2099.787
arg,sex_t,eco_sector_total,est_sizeaggregate_s5_49,2022,2181.299
arg,sex_t,eco_sector_total,est_sizeaggregate_s5_49,2023,2397.317
arg,sex_t,eco_sector_total,est_sizeaggregate_s5_49,2024,2419.732
arg,sex_t,eco_sector_total,est_sizeaggregate_sge50,2004,1683.812
arg,sex_t,eco_sector_total,est_sizeaggregate_sge50,2005,1829.534
arg,sex_t,eco_sector_total,est_sizeaggregate_sge50,2006,1994.899
arg,sex_t,eco_sector_total,est_sizeaggregate_sge50,2008,2077.394
arg,sex_t,eco_sector_total,est_sizeaggregate_sge50,2009,2191.955
arg,sex_t,eco_sector_total,est_sizeaggregate_sge50,2010,2254.611
arg,sex_t,eco_sector_total,est_sizeaggregate_sge50,2011,2359.141
arg,sex_t,eco_sector_total,est_sizeaggregate_sge50,2012,2370.795
arg,sex_t,eco_sector_total,est_sizeaggregate_sge50,2013,2386.594
arg,sex_t,eco_sector_total,est_sizeaggregate_sge50,2014,2448.854
arg,sex_t,eco_sector_total,est_sizeaggregate_sge50,2017,2424.585
arg,sex_t,eco_sector_total,est_sizeaggregate_sge50,2018,2388.353
arg,sex_t,eco_sector_total,est_sizeaggregate_sge50,2019,2528.239
arg,sex_t,eco_sector_total,est_sizeaggregate_sge50,2020,2548.665
arg,sex_t,eco_sector_total,est_sizeaggregate_sge50,2021,2761.285
arg,sex_t,eco_sector_total,est_sizeaggregate_sge50,2022,2637.219
arg,sex_t,eco_sector_total,est_sizeaggregate_sge50,2023,2747.801
arg,sex_t,eco_sector_total,est_sizeaggregate_sge50,2024,2816.653
arg,sex_t,eco_sector_total,est_sizeaggregate_total,2004,6883.947
arg,sex_t,eco_sector_total,est_sizeaggregate_total,2005,7120.227
arg,sex_t,eco_sector_total,est_sizeaggregate_total,2006,7508.825
arg,sex_t,eco_sector_total,est_sizeaggregate_total,2008,7844.958
arg,sex_t,eco_sector_total,est_sizeaggregate_total,2009,7900.833
arg,sex_t,eco_sector_total,est_sizeaggregate_total,2010,8050.895
arg,sex_t,eco_sector_total,est_sizeaggregate_total,2011,8277.641
arg,sex_t,eco_sector_total,est_sizeaggregate_total,2012,8349.252
arg,sex_t,eco_sector_total,est_sizeaggregate_total,2013,8366.008
arg,sex_t,eco_sector_total,est_sizeaggregate_total,2014,8434.052
arg,sex_t,eco_sector_total,est_sizeaggregate_total,2017,8636.831
arg,sex_t,eco_sector_total,est_sizeaggregate_total,2018,8746.415
arg,sex_t,eco_sector_total,est_sizeaggregate_total,2019,8849.37
arg,sex_t,eco_sector_total,est_sizeaggregate_total,2020,7983.676
arg,sex_t,eco_sector_total,est_sizeaggregate_total,2021,8864.288
arg,sex_t,eco_sector_total,est_sizeaggregate_total,2022,9440.606
arg,sex_t,eco_sector_total,est_sizeaggregate_total,2023,9869.985
arg,sex_t,eco_sector_total,est_sizeaggregate_total,2024,9794.236
arg,sex_t,eco_sector_total,est_sizeaggregate_x,2004,1845.372
arg,sex_t,eco_sector_total,est_sizeaggregate_x,2005,1966.545
arg,sex_t,eco_sector_total,est_sizeaggregate_x,2006,2061.084
arg,sex_t,eco_sector_total,est_sizeaggregate_x,2008,2303.357
arg,sex_t,eco_sector_total,est_sizeaggregate_x,2009,2219.523
arg,sex_t,eco_sector_total,est_sizeaggregate_x,2010,2263.293
arg,sex_t,eco_sector_total,est_sizeaggregate_x,2011,2303.452
arg,sex_t,eco_sector_total,est_sizeaggregate_x,2012,2462.256
arg,sex_t,eco_sector_total,est_sizeaggregate_x,2013,2490.213
arg,sex_t,eco_sector_total,est_sizeaggregate_x,2014,2554.501
arg,sex_t,eco_sector_total,est_sizeaggregate_x,2017,2543.078
arg,sex_t,eco_sector_total,est_sizeaggregate_x,2018,2663.184
arg,sex_t,eco_sector_total,est_sizeaggregate_x,2019,2669.758
arg,sex_t,eco_sector_total,est_sizeaggregate_x,2020,2309.045
arg,sex_t,eco_sector_total,est_sizeaggregate_x,2021,2584.641
arg,sex_t,eco_sector_total,est_sizeaggregate_x,2022,3027.549
arg,sex_t,eco_sector_total,est_sizeaggregate_x,2023,3071.084
arg,sex_t,eco_sector_total,est_sizeaggregate_x,2024,2900.678
arg,sex_t,eco_sector_x,est_sizeaggregate_s1_4,2004,0.954
arg,sex_t,eco_sector_x,est_sizeaggregate_s1_4,2005,1.038
arg,sex_t,eco_sector_x,est_sizeaggregate_s1_4,2006,1.281
arg,sex_t,eco_sector_x,est_sizeaggregate_s1_4,2008,5.833
arg,sex_t,eco_sector_x,est_sizeaggregate_s1_4,2009,2.342
arg,sex_t,eco_sector_x,est_sizeaggregate_s1_4,2010,4.84
arg,sex_t,eco_sector_x,est_sizeaggregate_s1_4,2011,16.4
arg,sex_t,eco_sector_x,est_sizeaggregate_s1_4,2012,21.208
arg,sex_t,eco_sector_x,est_sizeaggregate_s1_4,2013,22.538
arg,sex_t,eco_sector_x,est_sizeaggregate_s1_4,2014,35.55
arg,sex_t,eco_sector_x,est_sizeaggregate_s1_4,2017,23.805
arg,sex_t,eco_sector_x,est_sizeaggregate_s1_4,2018,32.181
arg,sex_t,eco_sector_x,est_sizeaggregate_s1_4,2019,28.572
arg,sex_t,eco_sector_x,est_sizeaggregate_s1_4,2020,18.414
arg,sex_t,eco_sector_x,est_sizeaggregate_s1_4,2021,36.914
arg,sex_t,eco_sector_x,est_sizeaggregate_s1_4,2022,40.7
arg,sex_t,eco_sector_x,est_sizeaggregate_s1_4,2023,29.916
arg,sex_t,eco_sector_x,est_sizeaggregate_s1_4,2024,22.953
arg,sex_t,eco_sector_x,est_sizeaggregate_s5_49,2004,2.821
arg,sex_t,eco_sector_x,est_sizeaggregate_s5_49,2005,1.696
arg,sex_t,eco_sector_x,est_sizeaggregate_s5_49,2006,2.084
arg,sex_t,eco_sector_x,est_sizeaggregate_s5_49,2008,8.384
arg,sex_t,eco_sector_x,est_sizeaggregate_s5_49,2009,8.789
arg,sex_t,eco_sector_x,est_sizeaggregate_s5_49,2010,10.514
arg,sex_t,eco_sector_x,est_sizeaggregate_s5_49,2011,56.767
arg,sex_t,eco_sector_x,est_sizeaggregate_s5_49,2012,64.327
arg,sex_t,eco_sector_x,est_sizeaggregate_s5_49,2013,51.45
arg,sex_t,eco_sector_x,est_sizeaggregate_s5_49,2014,70.409
arg,sex_t,eco_sector_x,est_sizeaggregate_s5_49,2017,74.861
arg,sex_t,eco_sector_x,est_sizeaggregate_s5_49,2018,87.85
arg,sex_t,eco_sector_x,est_sizeaggregate_s5_49,2019,74.543
arg,sex_t,eco_sector_x,est_sizeaggregate_s5_49,2020,60.395
arg,sex_t,eco_sector_x,est_sizeaggregate_s5_49,2021,69.652
arg,sex_t,eco_sector_x,est_sizeaggregate_s5_49,2022,92.93
arg,sex_t,eco_sector_x,est_sizeaggregate_s5_49,2023,69.969
arg,sex_t,eco_sector_x,est_sizeaggregate_s5_49,2024,53.352
arg,sex_t,eco_sector_x,est_sizeaggregate_sge50,2004,2.564
arg,sex_t,eco_sector_x,est_sizeaggregate_sge50,2005,2.994
arg,sex_t,eco_sector_x,est_sizeaggregate_sge50,2006,2.11
arg,sex_t,eco_sector_x,est_sizeaggregate_sge50,2008,8.754
arg,sex_t,eco_sector_x,est_sizeaggregate_sge50,2009,11.313
arg,sex_t,eco_sector_x,est_sizeaggregate_sge50,2010,16.716
arg,sex_t,eco_sector_x,est_sizeaggregate_sge50,2011,58.595
arg,sex_t,eco_sector_x,est_sizeaggregate_sge50,2012,63.809
arg,sex_t,eco_sector_x,est_sizeaggregate_sge50,2013,66.079
arg,sex_t,eco_sector_x,est_sizeaggregate_sge50,2014,63.803
arg,sex_t,eco_sector_x,est_sizeaggregate_sge50,2017,71.203
arg,sex_t,eco_sector_x,est_sizeaggregate_sge50,2018,68.232
arg,sex_t,eco_sector_x,est_sizeaggregate_sge50,2019,50.906
arg,sex_t,eco_sector_x,est_sizeaggregate_sge50,2020,58.078
arg,sex_t,eco_sector_x,est_sizeaggregate_sge50,2021,81.909
arg,sex_t,eco_sector_x,est_sizeaggregate_sge50,2022,91.473
arg,sex_t,eco_sector_x,est_sizeaggregate_sge50,2023,77.134
arg,sex_t,eco_sector_x,est_sizeaggregate_sge50,2024,43.05
arg,sex_t,eco_sector_x,est_sizeaggregate_total,2004,18.286
arg,sex_t,eco_sector_x,est_sizeaggregate_total,2005,16.788
arg,sex_t,eco_sector_x,est_sizeaggregate_total,2006,16.817
arg,sex_t,eco_sector_x,est_sizeaggregate_total,2008,52.078
arg,sex_t,eco_sector_x,est_sizeaggregate_total,2009,46.65
arg,sex_t,eco_sector_x,est_sizeaggregate_total,2010,51.846
arg,sex_t,eco_sector_x,est_sizeaggregate_total,2011,189.322
arg,sex_t,eco_sector_x,est_sizeaggregate_total,2012,210.925
arg,sex_t,eco_sector_x,est_sizeaggregate_total,2013,224.362
arg,sex_t,eco_sector_x,est_sizeaggregate_total,2014,255.917
arg,sex_t,eco_sector_x,est_sizeaggregate_total,2017,252.632
arg,sex_t,eco_sector_x,est_sizeaggregate_total,2018,280.732
arg,sex_t,eco_sector_x,est_sizeaggregate_total,2019,217.691
arg,sex_t,eco_sector_x,est_sizeaggregate_total,2020,190.006
arg,sex_t,eco_sector_x,est_sizeaggregate_total,2021,280.748
arg,sex_t,eco_sector_x,est_sizeaggregate_total,2022,343.849
arg,sex_t,eco_sector_x,est_sizeaggregate_total,2023,256.964
arg,sex_t,eco_sector_x,est_sizeaggregate_total,2024,197.33
arg,sex_t,eco_sector_x,est_sizeaggregate_x,2004,11.948
arg,sex_t,eco_sector_x,est_sizeaggregate_x,2005,11.061
arg,sex_t,eco_sector_x,est_sizeaggregate_x,2006,11.342
arg,sex_t,eco_sector_x,est_sizeaggregate_x,2008,29.106
arg,sex_t,eco_sector_x,est_sizeaggregate_x,2009,24.206
arg,sex_t,eco_sector_x,est_sizeaggregate_x,2010,19.776
arg,sex_t,eco_sector_x,est_sizeaggregate_x,2011,57.56
arg,sex_t,eco_sector_x,est_sizeaggregate_x,2012,61.581
arg,sex_t,eco_sector_x,est_sizeaggregate_x,2013,84.296
arg,sex_t,eco_sector_x,est_sizeaggregate_x,2014,86.156
arg,sex_t,eco_sector_x,est_sizeaggregate_x,2017,82.764
arg,sex_t,eco_sector_x,est_sizeaggregate_x,2018,92.469
arg,sex_t,eco_sector_x,est_sizeaggregate_x,2019,63.671
arg,sex_t,eco_sector_x,est_sizeaggregate_x,2020,53.118
arg,sex_t,eco_sector_x,est_sizeaggregate_x,2021,92.272
arg,sex_t,eco_sector_x,est_sizeaggregate_x,2022,118.746
arg,sex_t,eco_sector_x,est_sizeaggregate_x,2023,79.945
arg,sex_t,eco_sector_x,est_sizeaggregate_x,2024,77.975
