ref_area,sex,classif1,classif2,time,emp_temp_sex_how_mts_nb
guy,sex_f,how_bands_h00,mts_aggregate_1,2018,3.238
guy,sex_f,how_bands_h00,mts_aggregate_1,2019,2.591
guy,sex_f,how_bands_h00,mts_aggregate_2,2018,3.298
guy,sex_f,how_bands_h00,mts_aggregate_2,2019,2.284
guy,sex_f,how_bands_h00,mts_aggregate_total,2018,6.536
guy,sex_f,how_bands_h00,mts_aggregate_total,2019,4.875
guy,sex_f,how_bands_h00,mts_details_mrd,2018,2.231
guy,sex_f,how_bands_h00,mts_details_mrd,2019,1.367
guy,sex_f,how_bands_h00,mts_details_sep,2018,0.453
guy,sex_f,how_bands_h00,mts_details_sep,2019,0.353
guy,sex_f,how_bands_h00,mts_details_sgle,2018,2.458
guy,sex_f,how_bands_h00,mts_details_sgle,2019,1.992
guy,sex_f,how_bands_h00,mts_details_total,2018,6.536
guy,sex_f,how_bands_h00,mts_details_total,2019,4.875
guy,sex_f,how_bands_h00,mts_details_union,2018,1.067
guy,sex_f,how_bands_h00,mts_details_union,2019,0.917
guy,sex_f,how_bands_h00,mts_details_wid,2018,0.327
guy,sex_f,how_bands_h00,mts_details_wid,2019,0.246
guy,sex_f,how_bands_h01_14,mts_aggregate_1,2018,3.653
guy,sex_f,how_bands_h01_14,mts_aggregate_1,2019,2.403
guy,sex_f,how_bands_h01_14,mts_aggregate_2,2018,5.192
guy,sex_f,how_bands_h01_14,mts_aggregate_2,2019,3.398
guy,sex_f,how_bands_h01_14,mts_aggregate_total,2018,8.844
guy,sex_f,how_bands_h01_14,mts_aggregate_total,2019,5.801
guy,sex_f,how_bands_h01_14,mts_details_mrd,2018,3.123
guy,sex_f,how_bands_h01_14,mts_details_mrd,2019,1.99
guy,sex_f,how_bands_h01_14,mts_details_sep,2018,0.721
guy,sex_f,how_bands_h01_14,mts_details_sep,2019,0.357
guy,sex_f,how_bands_h01_14,mts_details_sgle,2018,2.177
guy,sex_f,how_bands_h01_14,mts_details_sgle,2019,1.615
guy,sex_f,how_bands_h01_14,mts_details_total,2018,8.844
guy,sex_f,how_bands_h01_14,mts_details_total,2019,5.801
guy,sex_f,how_bands_h01_14,mts_details_union,2018,2.069
guy,sex_f,how_bands_h01_14,mts_details_union,2019,1.408
guy,sex_f,how_bands_h01_14,mts_details_wid,2018,0.754
guy,sex_f,how_bands_h01_14,mts_details_wid,2019,0.432
guy,sex_f,how_bands_h15_29,mts_aggregate_1,2018,5.561
guy,sex_f,how_bands_h15_29,mts_aggregate_1,2019,5.01
guy,sex_f,how_bands_h15_29,mts_aggregate_2,2018,7.263
guy,sex_f,how_bands_h15_29,mts_aggregate_2,2019,6.222
guy,sex_f,how_bands_h15_29,mts_aggregate_total,2018,12.823
guy,sex_f,how_bands_h15_29,mts_aggregate_total,2019,11.232
guy,sex_f,how_bands_h15_29,mts_details_mrd,2018,4.36
guy,sex_f,how_bands_h15_29,mts_details_mrd,2019,3.725
guy,sex_f,how_bands_h15_29,mts_details_sep,2018,1.051
guy,sex_f,how_bands_h15_29,mts_details_sep,2019,0.918
guy,sex_f,how_bands_h15_29,mts_details_sgle,2018,3.598
guy,sex_f,how_bands_h15_29,mts_details_sgle,2019,3.335
guy,sex_f,how_bands_h15_29,mts_details_total,2018,12.823
guy,sex_f,how_bands_h15_29,mts_details_total,2019,11.232
guy,sex_f,how_bands_h15_29,mts_details_union,2018,2.903
guy,sex_f,how_bands_h15_29,mts_details_union,2019,2.497
guy,sex_f,how_bands_h15_29,mts_details_wid,2018,0.912
guy,sex_f,how_bands_h15_29,mts_details_wid,2019,0.757
guy,sex_f,how_bands_h30_34,mts_aggregate_1,2018,3.439
guy,sex_f,how_bands_h30_34,mts_aggregate_1,2019,2.991
guy,sex_f,how_bands_h30_34,mts_aggregate_2,2018,2.855
guy,sex_f,how_bands_h30_34,mts_aggregate_2,2019,3.359
guy,sex_f,how_bands_h30_34,mts_aggregate_total,2018,6.294
guy,sex_f,how_bands_h30_34,mts_aggregate_total,2019,6.35
guy,sex_f,how_bands_h30_34,mts_details_mrd,2018,1.889
guy,sex_f,how_bands_h30_34,mts_details_mrd,2019,2.019
guy,sex_f,how_bands_h30_34,mts_details_sep,2018,0.41
guy,sex_f,how_bands_h30_34,mts_details_sep,2019,0.505
guy,sex_f,how_bands_h30_34,mts_details_sgle,2018,2.761
guy,sex_f,how_bands_h30_34,mts_details_sgle,2019,2.251
guy,sex_f,how_bands_h30_34,mts_details_total,2018,6.294
guy,sex_f,how_bands_h30_34,mts_details_total,2019,6.35
guy,sex_f,how_bands_h30_34,mts_details_union,2018,0.966
guy,sex_f,how_bands_h30_34,mts_details_union,2019,1.341
guy,sex_f,how_bands_h30_34,mts_details_wid,2018,0.268
guy,sex_f,how_bands_h30_34,mts_details_wid,2019,0.234
guy,sex_f,how_bands_h35_39,mts_aggregate_1,2018,2.021
guy,sex_f,how_bands_h35_39,mts_aggregate_1,2019,1.857
guy,sex_f,how_bands_h35_39,mts_aggregate_2,2018,2.198
guy,sex_f,how_bands_h35_39,mts_aggregate_2,2019,1.803
guy,sex_f,how_bands_h35_39,mts_aggregate_total,2018,4.219
guy,sex_f,how_bands_h35_39,mts_aggregate_total,2019,3.66
guy,sex_f,how_bands_h35_39,mts_details_mrd,2018,1.267
guy,sex_f,how_bands_h35_39,mts_details_mrd,2019,1.063
guy,sex_f,how_bands_h35_39,mts_details_sep,2018,0.215
guy,sex_f,how_bands_h35_39,mts_details_sep,2019,0.214
guy,sex_f,how_bands_h35_39,mts_details_sgle,2018,1.638
guy,sex_f,how_bands_h35_39,mts_details_sgle,2019,1.423
guy,sex_f,how_bands_h35_39,mts_details_total,2018,4.219
guy,sex_f,how_bands_h35_39,mts_details_total,2019,3.66
guy,sex_f,how_bands_h35_39,mts_details_union,2018,0.931
guy,sex_f,how_bands_h35_39,mts_details_union,2019,0.739
guy,sex_f,how_bands_h35_39,mts_details_wid,2018,0.168
guy,sex_f,how_bands_h35_39,mts_details_wid,2019,0.221
guy,sex_f,how_bands_h40_48,mts_aggregate_1,2018,23.219
guy,sex_f,how_bands_h40_48,mts_aggregate_1,2019,27.07
guy,sex_f,how_bands_h40_48,mts_aggregate_2,2018,17.578
guy,sex_f,how_bands_h40_48,mts_aggregate_2,2019,19.31
guy,sex_f,how_bands_h40_48,mts_aggregate_total,2018,40.797
guy,sex_f,how_bands_h40_48,mts_aggregate_total,2019,46.38
guy,sex_f,how_bands_h40_48,mts_details_mrd,2018,11.583
guy,sex_f,how_bands_h40_48,mts_details_mrd,2019,11.828
guy,sex_f,how_bands_h40_48,mts_details_sep,2018,2.913
guy,sex_f,how_bands_h40_48,mts_details_sep,2019,2.718
guy,sex_f,how_bands_h40_48,mts_details_sgle,2018,18.998
guy,sex_f,how_bands_h40_48,mts_details_sgle,2019,23.263
guy,sex_f,how_bands_h40_48,mts_details_total,2018,40.797
guy,sex_f,how_bands_h40_48,mts_details_total,2019,46.38
guy,sex_f,how_bands_h40_48,mts_details_union,2018,5.995
guy,sex_f,how_bands_h40_48,mts_details_union,2019,7.482
guy,sex_f,how_bands_h40_48,mts_details_wid,2018,1.307
guy,sex_f,how_bands_h40_48,mts_details_wid,2019,1.089
guy,sex_f,how_bands_hge49,mts_aggregate_1,2018,9.924
guy,sex_f,how_bands_hge49,mts_aggregate_1,2019,9.349
guy,sex_f,how_bands_hge49,mts_aggregate_2,2018,9.35
guy,sex_f,how_bands_hge49,mts_aggregate_2,2019,8.939
guy,sex_f,how_bands_hge49,mts_aggregate_total,2018,19.274
guy,sex_f,how_bands_hge49,mts_aggregate_total,2019,18.288
guy,sex_f,how_bands_hge49,mts_details_mrd,2018,5.654
guy,sex_f,how_bands_hge49,mts_details_mrd,2019,5.64
guy,sex_f,how_bands_hge49,mts_details_sep,2018,1.939
guy,sex_f,how_bands_hge49,mts_details_sep,2019,1.316
guy,sex_f,how_bands_hge49,mts_details_sgle,2018,6.957
guy,sex_f,how_bands_hge49,mts_details_sgle,2019,7.036
guy,sex_f,how_bands_hge49,mts_details_total,2018,19.274
guy,sex_f,how_bands_hge49,mts_details_total,2019,18.288
guy,sex_f,how_bands_hge49,mts_details_union,2018,3.696
guy,sex_f,how_bands_hge49,mts_details_union,2019,3.299
guy,sex_f,how_bands_hge49,mts_details_wid,2018,1.028
guy,sex_f,how_bands_hge49,mts_details_wid,2019,0.996
guy,sex_f,how_bands_total,mts_aggregate_1,2018,51.106
guy,sex_f,how_bands_total,mts_aggregate_1,2019,51.486
guy,sex_f,how_bands_total,mts_aggregate_2,2018,47.793
guy,sex_f,how_bands_total,mts_aggregate_2,2019,45.43
guy,sex_f,how_bands_total,mts_aggregate_total,2018,98.899
guy,sex_f,how_bands_total,mts_aggregate_total,2019,96.916
guy,sex_f,how_bands_total,mts_details_mrd,2018,30.126
guy,sex_f,how_bands_total,mts_details_mrd,2019,27.703
guy,sex_f,how_bands_total,mts_details_sep,2018,7.713
guy,sex_f,how_bands_total,mts_details_sep,2019,6.435
guy,sex_f,how_bands_total,mts_details_sgle,2018,38.63
guy,sex_f,how_bands_total,mts_details_sgle,2019,41.052
guy,sex_f,how_bands_total,mts_details_total,2018,98.899
guy,sex_f,how_bands_total,mts_details_total,2019,96.916
guy,sex_f,how_bands_total,mts_details_union,2018,17.666
guy,sex_f,how_bands_total,mts_details_union,2019,17.728
guy,sex_f,how_bands_total,mts_details_wid,2018,4.764
guy,sex_f,how_bands_total,mts_details_wid,2019,3.999
guy,sex_f,how_bands_x,mts_aggregate_1,2018,0.053
guy,sex_f,how_bands_x,mts_aggregate_1,2019,0.215
guy,sex_f,how_bands_x,mts_aggregate_2,2018,0.059
guy,sex_f,how_bands_x,mts_aggregate_2,2019,0.116
guy,sex_f,how_bands_x,mts_aggregate_total,2018,0.113
guy,sex_f,how_bands_x,mts_aggregate_total,2019,0.331
guy,sex_f,how_bands_x,mts_details_mrd,2018,0.021
guy,sex_f,how_bands_x,mts_details_sep,2018,0.01
guy,sex_f,how_bands_x,mts_details_sgle,2018,0.043
guy,sex_f,how_bands_x,mts_details_sgle,2019,0.137
guy,sex_f,how_bands_x,mts_details_total,2018,0.113
guy,sex_f,how_bands_x,mts_details_total,2019,0.331
guy,sex_f,how_bands_x,mts_details_union,2018,0.039
guy,sex_m,how_bands_h00,mts_aggregate_1,2018,3.484
guy,sex_m,how_bands_h00,mts_aggregate_1,2019,2.756
guy,sex_m,how_bands_h00,mts_aggregate_2,2018,5.54
guy,sex_m,how_bands_h00,mts_aggregate_2,2019,3.917
guy,sex_m,how_bands_h00,mts_aggregate_total,2018,9.024
guy,sex_m,how_bands_h00,mts_aggregate_total,2019,6.673
guy,sex_m,how_bands_h00,mts_details_mrd,2018,3.05
guy,sex_m,how_bands_h00,mts_details_mrd,2019,2.024
guy,sex_m,how_bands_h00,mts_details_sep,2018,0.518
guy,sex_m,how_bands_h00,mts_details_sep,2019,0.251
guy,sex_m,how_bands_h00,mts_details_sgle,2018,2.838
guy,sex_m,how_bands_h00,mts_details_sgle,2019,2.4
guy,sex_m,how_bands_h00,mts_details_total,2018,9.024
guy,sex_m,how_bands_h00,mts_details_total,2019,6.673
guy,sex_m,how_bands_h00,mts_details_union,2018,2.491
guy,sex_m,how_bands_h00,mts_details_union,2019,1.893
guy,sex_m,how_bands_h00,mts_details_wid,2018,0.128
guy,sex_m,how_bands_h00,mts_details_wid,2019,0.105
guy,sex_m,how_bands_h01_14,mts_aggregate_1,2018,3.848
guy,sex_m,how_bands_h01_14,mts_aggregate_1,2019,2.025
guy,sex_m,how_bands_h01_14,mts_aggregate_2,2018,5.145
guy,sex_m,how_bands_h01_14,mts_aggregate_2,2019,2.916
guy,sex_m,how_bands_h01_14,mts_aggregate_total,2018,8.993
guy,sex_m,how_bands_h01_14,mts_aggregate_total,2019,4.941
guy,sex_m,how_bands_h01_14,mts_details_mrd,2018,3.12
guy,sex_m,how_bands_h01_14,mts_details_mrd,2019,1.77
guy,sex_m,how_bands_h01_14,mts_details_sep,2018,0.545
guy,sex_m,how_bands_h01_14,mts_details_sep,2019,0.201
guy,sex_m,how_bands_h01_14,mts_details_sgle,2018,3.127
guy,sex_m,how_bands_h01_14,mts_details_sgle,2019,1.762
guy,sex_m,how_bands_h01_14,mts_details_total,2018,8.993
guy,sex_m,how_bands_h01_14,mts_details_total,2019,4.941
guy,sex_m,how_bands_h01_14,mts_details_union,2018,2.026
guy,sex_m,how_bands_h01_14,mts_details_union,2019,1.146
guy,sex_m,how_bands_h01_14,mts_details_wid,2018,0.175
guy,sex_m,how_bands_h01_14,mts_details_wid,2019,0.063
guy,sex_m,how_bands_h15_29,mts_aggregate_1,2018,6.619
guy,sex_m,how_bands_h15_29,mts_aggregate_1,2019,5.833
guy,sex_m,how_bands_h15_29,mts_aggregate_2,2018,9.598
guy,sex_m,how_bands_h15_29,mts_aggregate_2,2019,7.115
guy,sex_m,how_bands_h15_29,mts_aggregate_total,2018,16.217
guy,sex_m,how_bands_h15_29,mts_aggregate_total,2019,12.948
guy,sex_m,how_bands_h15_29,mts_details_mrd,2018,5.327
guy,sex_m,how_bands_h15_29,mts_details_mrd,2019,3.945
guy,sex_m,how_bands_h15_29,mts_details_sep,2018,0.969
guy,sex_m,how_bands_h15_29,mts_details_sep,2019,0.617
guy,sex_m,how_bands_h15_29,mts_details_sgle,2018,5.358
guy,sex_m,how_bands_h15_29,mts_details_sgle,2019,4.982
guy,sex_m,how_bands_h15_29,mts_details_total,2018,16.217
guy,sex_m,how_bands_h15_29,mts_details_total,2019,12.948
guy,sex_m,how_bands_h15_29,mts_details_union,2018,4.271
guy,sex_m,how_bands_h15_29,mts_details_union,2019,3.17
guy,sex_m,how_bands_h15_29,mts_details_wid,2018,0.292
guy,sex_m,how_bands_h15_29,mts_details_wid,2019,0.234
guy,sex_m,how_bands_h30_34,mts_aggregate_1,2018,3.372
guy,sex_m,how_bands_h30_34,mts_aggregate_1,2019,3.214
guy,sex_m,how_bands_h30_34,mts_aggregate_2,2018,5.05
guy,sex_m,how_bands_h30_34,mts_aggregate_2,2019,4.291
guy,sex_m,how_bands_h30_34,mts_aggregate_total,2018,8.422
guy,sex_m,how_bands_h30_34,mts_aggregate_total,2019,7.505
guy,sex_m,how_bands_h30_34,mts_details_mrd,2018,2.713
guy,sex_m,how_bands_h30_34,mts_details_mrd,2019,2.455
guy,sex_m,how_bands_h30_34,mts_details_sep,2018,0.401
guy,sex_m,how_bands_h30_34,mts_details_sep,2019,0.285
guy,sex_m,how_bands_h30_34,mts_details_sgle,2018,2.933
guy,sex_m,how_bands_h30_34,mts_details_sgle,2019,2.878
guy,sex_m,how_bands_h30_34,mts_details_total,2018,8.422
guy,sex_m,how_bands_h30_34,mts_details_total,2019,7.505
guy,sex_m,how_bands_h30_34,mts_details_union,2018,2.338
guy,sex_m,how_bands_h30_34,mts_details_union,2019,1.837
guy,sex_m,how_bands_h30_34,mts_details_wid,2018,0.039
guy,sex_m,how_bands_h30_34,mts_details_wid,2019,0.051
guy,sex_m,how_bands_h35_39,mts_aggregate_1,2018,2.64
guy,sex_m,how_bands_h35_39,mts_aggregate_1,2019,2.165
guy,sex_m,how_bands_h35_39,mts_aggregate_2,2018,3.596
guy,sex_m,how_bands_h35_39,mts_aggregate_2,2019,3.18
guy,sex_m,how_bands_h35_39,mts_aggregate_total,2018,6.236
guy,sex_m,how_bands_h35_39,mts_aggregate_total,2019,5.344
guy,sex_m,how_bands_h35_39,mts_details_mrd,2018,2.086
guy,sex_m,how_bands_h35_39,mts_details_mrd,2019,1.935
guy,sex_m,how_bands_h35_39,mts_details_sep,2018,0.304
guy,sex_m,how_bands_h35_39,mts_details_sep,2019,0.282
guy,sex_m,how_bands_h35_39,mts_details_sgle,2018,2.233
guy,sex_m,how_bands_h35_39,mts_details_sgle,2019,1.837
guy,sex_m,how_bands_h35_39,mts_details_total,2018,6.236
guy,sex_m,how_bands_h35_39,mts_details_total,2019,5.344
guy,sex_m,how_bands_h35_39,mts_details_union,2018,1.51
guy,sex_m,how_bands_h35_39,mts_details_union,2019,1.245
guy,sex_m,how_bands_h35_39,mts_details_wid,2018,0.103
guy,sex_m,how_bands_h35_39,mts_details_wid,2019,0.046
guy,sex_m,how_bands_h40_48,mts_aggregate_1,2018,23.727
guy,sex_m,how_bands_h40_48,mts_aggregate_1,2019,25.253
guy,sex_m,how_bands_h40_48,mts_aggregate_2,2018,31.85
guy,sex_m,how_bands_h40_48,mts_aggregate_2,2019,34.219
guy,sex_m,how_bands_h40_48,mts_aggregate_total,2018,55.576
guy,sex_m,how_bands_h40_48,mts_aggregate_total,2019,59.471
guy,sex_m,how_bands_h40_48,mts_details_mrd,2018,20.018
guy,sex_m,how_bands_h40_48,mts_details_mrd,2019,19.548
guy,sex_m,how_bands_h40_48,mts_details_sep,2018,2.325
guy,sex_m,how_bands_h40_48,mts_details_sep,2019,2.212
guy,sex_m,how_bands_h40_48,mts_details_sgle,2018,20.84
guy,sex_m,how_bands_h40_48,mts_details_sgle,2019,22.479
guy,sex_m,how_bands_h40_48,mts_details_total,2018,55.576
guy,sex_m,how_bands_h40_48,mts_details_total,2019,59.471
guy,sex_m,how_bands_h40_48,mts_details_union,2018,11.832
guy,sex_m,how_bands_h40_48,mts_details_union,2019,14.671
guy,sex_m,how_bands_h40_48,mts_details_wid,2018,0.562
guy,sex_m,how_bands_h40_48,mts_details_wid,2019,0.562
guy,sex_m,how_bands_hge49,mts_aggregate_1,2018,17.479
guy,sex_m,how_bands_hge49,mts_aggregate_1,2019,16.98
guy,sex_m,how_bands_hge49,mts_aggregate_2,2018,29.664
guy,sex_m,how_bands_hge49,mts_aggregate_2,2019,29.209
guy,sex_m,how_bands_hge49,mts_aggregate_total,2018,47.143
guy,sex_m,how_bands_hge49,mts_aggregate_total,2019,46.19
guy,sex_m,how_bands_hge49,mts_details_mrd,2018,16.9
guy,sex_m,how_bands_hge49,mts_details_mrd,2019,17.361
guy,sex_m,how_bands_hge49,mts_details_sep,2018,2.025
guy,sex_m,how_bands_hge49,mts_details_sep,2019,1.449
guy,sex_m,how_bands_hge49,mts_details_sgle,2018,14.879
guy,sex_m,how_bands_hge49,mts_details_sgle,2019,15.142
guy,sex_m,how_bands_hge49,mts_details_total,2018,47.143
guy,sex_m,how_bands_hge49,mts_details_total,2019,46.19
guy,sex_m,how_bands_hge49,mts_details_union,2018,12.764
guy,sex_m,how_bands_hge49,mts_details_union,2019,11.849
guy,sex_m,how_bands_hge49,mts_details_wid,2018,0.576
guy,sex_m,how_bands_hge49,mts_details_wid,2019,0.389
guy,sex_m,how_bands_total,mts_aggregate_1,2018,61.771
guy,sex_m,how_bands_total,mts_aggregate_1,2019,58.817
guy,sex_m,how_bands_total,mts_aggregate_2,2018,90.924
guy,sex_m,how_bands_total,mts_aggregate_2,2019,85.404
guy,sex_m,how_bands_total,mts_aggregate_total,2018,152.695
guy,sex_m,how_bands_total,mts_aggregate_total,2019,144.221
guy,sex_m,how_bands_total,mts_details_mrd,2018,53.492
guy,sex_m,how_bands_total,mts_details_mrd,2019,49.309
guy,sex_m,how_bands_total,mts_details_sep,2018,7.109
guy,sex_m,how_bands_total,mts_details_sep,2019,5.32
guy,sex_m,how_bands_total,mts_details_sgle,2018,52.789
guy,sex_m,how_bands_total,mts_details_sgle,2019,52.047
guy,sex_m,how_bands_total,mts_details_total,2018,152.695
guy,sex_m,how_bands_total,mts_details_total,2019,144.221
guy,sex_m,how_bands_total,mts_details_union,2018,37.432
guy,sex_m,how_bands_total,mts_details_union,2019,36.095
guy,sex_m,how_bands_total,mts_details_wid,2018,1.874
guy,sex_m,how_bands_total,mts_details_wid,2019,1.449
guy,sex_m,how_bands_x,mts_aggregate_1,2018,0.603
guy,sex_m,how_bands_x,mts_aggregate_1,2019,0.592
guy,sex_m,how_bands_x,mts_aggregate_2,2018,0.481
guy,sex_m,how_bands_x,mts_aggregate_2,2019,0.557
guy,sex_m,how_bands_x,mts_aggregate_total,2018,1.083
guy,sex_m,how_bands_x,mts_aggregate_total,2019,1.148
guy,sex_m,how_bands_x,mts_details_mrd,2018,0.28
guy,sex_m,how_bands_x,mts_details_mrd,2019,0.272
guy,sex_m,how_bands_x,mts_details_sep,2018,0.022
guy,sex_m,how_bands_x,mts_details_sgle,2018,0.581
guy,sex_m,how_bands_x,mts_details_sgle,2019,0.568
guy,sex_m,how_bands_x,mts_details_total,2018,1.083
guy,sex_m,how_bands_x,mts_details_total,2019,1.148
guy,sex_m,how_bands_x,mts_details_union,2018,0.201
guy,sex_m,how_bands_x,mts_details_union,2019,0.285
guy,sex_t,how_bands_h00,mts_aggregate_1,2018,6.721
guy,sex_t,how_bands_h00,mts_aggregate_1,2019,5.347
guy,sex_t,how_bands_h00,mts_aggregate_2,2018,8.838
guy,sex_t,how_bands_h00,mts_aggregate_2,2019,6.201
guy,sex_t,how_bands_h00,mts_aggregate_total,2018,15.56
guy,sex_t,how_bands_h00,mts_aggregate_total,2019,11.547
guy,sex_t,how_bands_h00,mts_details_mrd,2018,5.281
guy,sex_t,how_bands_h00,mts_details_mrd,2019,3.391
guy,sex_t,how_bands_h00,mts_details_sep,2018,0.971
guy,sex_t,how_bands_h00,mts_details_sep,2019,0.604
guy,sex_t,how_bands_h00,mts_details_sgle,2018,5.296
guy,sex_t,how_bands_h00,mts_details_sgle,2019,4.392
guy,sex_t,how_bands_h00,mts_details_total,2018,15.56
guy,sex_t,how_bands_h00,mts_details_total,2019,11.547
guy,sex_t,how_bands_h00,mts_details_union,2018,3.558
guy,sex_t,how_bands_h00,mts_details_union,2019,2.81
guy,sex_t,how_bands_h00,mts_details_wid,2018,0.454
guy,sex_t,how_bands_h00,mts_details_wid,2019,0.351
guy,sex_t,how_bands_h01_14,mts_aggregate_1,2018,7.5
guy,sex_t,how_bands_h01_14,mts_aggregate_1,2019,4.429
guy,sex_t,how_bands_h01_14,mts_aggregate_2,2018,10.337
guy,sex_t,how_bands_h01_14,mts_aggregate_2,2019,6.314
guy,sex_t,how_bands_h01_14,mts_aggregate_total,2018,17.837
guy,sex_t,how_bands_h01_14,mts_aggregate_total,2019,10.742
guy,sex_t,how_bands_h01_14,mts_details_mrd,2018,6.243
guy,sex_t,how_bands_h01_14,mts_details_mrd,2019,3.761
guy,sex_t,how_bands_h01_14,mts_details_sep,2018,1.267
guy,sex_t,how_bands_h01_14,mts_details_sep,2019,0.557
guy,sex_t,how_bands_h01_14,mts_details_sgle,2018,5.304
guy,sex_t,how_bands_h01_14,mts_details_sgle,2019,3.376
guy,sex_t,how_bands_h01_14,mts_details_total,2018,17.837
guy,sex_t,how_bands_h01_14,mts_details_total,2019,10.742
guy,sex_t,how_bands_h01_14,mts_details_union,2018,4.094
guy,sex_t,how_bands_h01_14,mts_details_union,2019,2.553
guy,sex_t,how_bands_h01_14,mts_details_wid,2018,0.93
guy,sex_t,how_bands_h01_14,mts_details_wid,2019,0.495
guy,sex_t,how_bands_h15_29,mts_aggregate_1,2018,12.179
guy,sex_t,how_bands_h15_29,mts_aggregate_1,2019,10.844
guy,sex_t,how_bands_h15_29,mts_aggregate_2,2018,16.861
guy,sex_t,how_bands_h15_29,mts_aggregate_2,2019,13.337
guy,sex_t,how_bands_h15_29,mts_aggregate_total,2018,29.04
guy,sex_t,how_bands_h15_29,mts_aggregate_total,2019,24.181
guy,sex_t,how_bands_h15_29,mts_details_mrd,2018,9.686
guy,sex_t,how_bands_h15_29,mts_details_mrd,2019,7.671
guy,sex_t,how_bands_h15_29,mts_details_sep,2018,2.02
guy,sex_t,how_bands_h15_29,mts_details_sep,2019,1.536
guy,sex_t,how_bands_h15_29,mts_details_sgle,2018,8.956
guy,sex_t,how_bands_h15_29,mts_details_sgle,2019,8.317
guy,sex_t,how_bands_h15_29,mts_details_total,2018,29.04
guy,sex_t,how_bands_h15_29,mts_details_total,2019,24.181
guy,sex_t,how_bands_h15_29,mts_details_union,2018,7.174
guy,sex_t,how_bands_h15_29,mts_details_union,2019,5.666
guy,sex_t,how_bands_h15_29,mts_details_wid,2018,1.203
guy,sex_t,how_bands_h15_29,mts_details_wid,2019,0.991
guy,sex_t,how_bands_h30_34,mts_aggregate_1,2018,6.811
guy,sex_t,how_bands_h30_34,mts_aggregate_1,2019,6.205
guy,sex_t,how_bands_h30_34,mts_aggregate_2,2018,7.905
guy,sex_t,how_bands_h30_34,mts_aggregate_2,2019,7.65
guy,sex_t,how_bands_h30_34,mts_aggregate_total,2018,14.716
guy,sex_t,how_bands_h30_34,mts_aggregate_total,2019,13.855
guy,sex_t,how_bands_h30_34,mts_details_mrd,2018,4.601
guy,sex_t,how_bands_h30_34,mts_details_mrd,2019,4.473
guy,sex_t,how_bands_h30_34,mts_details_sep,2018,0.811
guy,sex_t,how_bands_h30_34,mts_details_sep,2019,0.791
guy,sex_t,how_bands_h30_34,mts_details_sgle,2018,5.693
guy,sex_t,how_bands_h30_34,mts_details_sgle,2019,5.129
guy,sex_t,how_bands_h30_34,mts_details_total,2018,14.716
guy,sex_t,how_bands_h30_34,mts_details_total,2019,13.855
guy,sex_t,how_bands_h30_34,mts_details_union,2018,3.304
guy,sex_t,how_bands_h30_34,mts_details_union,2019,3.177
guy,sex_t,how_bands_h30_34,mts_details_wid,2018,0.307
guy,sex_t,how_bands_h30_34,mts_details_wid,2019,0.285
guy,sex_t,how_bands_h35_39,mts_aggregate_1,2018,4.661
guy,sex_t,how_bands_h35_39,mts_aggregate_1,2019,4.022
guy,sex_t,how_bands_h35_39,mts_aggregate_2,2018,5.795
guy,sex_t,how_bands_h35_39,mts_aggregate_2,2019,4.982
guy,sex_t,how_bands_h35_39,mts_aggregate_total,2018,10.455
guy,sex_t,how_bands_h35_39,mts_aggregate_total,2019,9.004
guy,sex_t,how_bands_h35_39,mts_details_mrd,2018,3.353
guy,sex_t,how_bands_h35_39,mts_details_mrd,2019,2.998
guy,sex_t,how_bands_h35_39,mts_details_sep,2018,0.519
guy,sex_t,how_bands_h35_39,mts_details_sep,2019,0.495
guy,sex_t,how_bands_h35_39,mts_details_sgle,2018,3.871
guy,sex_t,how_bands_h35_39,mts_details_sgle,2019,3.26
guy,sex_t,how_bands_h35_39,mts_details_total,2018,10.455
guy,sex_t,how_bands_h35_39,mts_details_total,2019,9.004
guy,sex_t,how_bands_h35_39,mts_details_union,2018,2.441
guy,sex_t,how_bands_h35_39,mts_details_union,2019,1.985
guy,sex_t,how_bands_h35_39,mts_details_wid,2018,0.271
guy,sex_t,how_bands_h35_39,mts_details_wid,2019,0.267
guy,sex_t,how_bands_h40_48,mts_aggregate_1,2018,46.946
guy,sex_t,how_bands_h40_48,mts_aggregate_1,2019,52.323
guy,sex_t,how_bands_h40_48,mts_aggregate_2,2018,49.428
guy,sex_t,how_bands_h40_48,mts_aggregate_2,2019,53.529
guy,sex_t,how_bands_h40_48,mts_aggregate_total,2018,96.373
guy,sex_t,how_bands_h40_48,mts_aggregate_total,2019,105.852
guy,sex_t,how_bands_h40_48,mts_details_mrd,2018,31.601
guy,sex_t,how_bands_h40_48,mts_details_mrd,2019,31.376
guy,sex_t,how_bands_h40_48,mts_details_sep,2018,5.238
guy,sex_t,how_bands_h40_48,mts_details_sep,2019,4.93
guy,sex_t,how_bands_h40_48,mts_details_sgle,2018,39.838
guy,sex_t,how_bands_h40_48,mts_details_sgle,2019,45.742
guy,sex_t,how_bands_h40_48,mts_details_total,2018,96.373
guy,sex_t,how_bands_h40_48,mts_details_total,2019,105.852
guy,sex_t,how_bands_h40_48,mts_details_union,2018,17.827
guy,sex_t,how_bands_h40_48,mts_details_union,2019,22.153
guy,sex_t,how_bands_h40_48,mts_details_wid,2018,1.87
guy,sex_t,how_bands_h40_48,mts_details_wid,2019,1.651
guy,sex_t,how_bands_hge49,mts_aggregate_1,2018,27.403
guy,sex_t,how_bands_hge49,mts_aggregate_1,2019,26.329
guy,sex_t,how_bands_hge49,mts_aggregate_2,2018,39.013
guy,sex_t,how_bands_hge49,mts_aggregate_2,2019,38.148
guy,sex_t,how_bands_hge49,mts_aggregate_total,2018,66.417
guy,sex_t,how_bands_hge49,mts_aggregate_total,2019,64.477
guy,sex_t,how_bands_hge49,mts_details_mrd,2018,22.554
guy,sex_t,how_bands_hge49,mts_details_mrd,2019,23.001
guy,sex_t,how_bands_hge49,mts_details_sep,2018,3.964
guy,sex_t,how_bands_hge49,mts_details_sep,2019,2.765
guy,sex_t,how_bands_hge49,mts_details_sgle,2018,21.836
guy,sex_t,how_bands_hge49,mts_details_sgle,2019,22.178
guy,sex_t,how_bands_hge49,mts_details_total,2018,66.417
guy,sex_t,how_bands_hge49,mts_details_total,2019,64.477
guy,sex_t,how_bands_hge49,mts_details_union,2018,16.46
guy,sex_t,how_bands_hge49,mts_details_union,2019,15.148
guy,sex_t,how_bands_hge49,mts_details_wid,2018,1.603
guy,sex_t,how_bands_hge49,mts_details_wid,2019,1.385
guy,sex_t,how_bands_total,mts_aggregate_1,2018,112.877
guy,sex_t,how_bands_total,mts_aggregate_1,2019,110.303
guy,sex_t,how_bands_total,mts_aggregate_2,2018,138.717
guy,sex_t,how_bands_total,mts_aggregate_2,2019,130.834
guy,sex_t,how_bands_total,mts_aggregate_total,2018,251.594
guy,sex_t,how_bands_total,mts_aggregate_total,2019,241.138
guy,sex_t,how_bands_total,mts_details_mrd,2018,83.619
guy,sex_t,how_bands_total,mts_details_mrd,2019,77.012
guy,sex_t,how_bands_total,mts_details_sep,2018,14.821
guy,sex_t,how_bands_total,mts_details_sep,2019,11.756
guy,sex_t,how_bands_total,mts_details_sgle,2018,91.419
guy,sex_t,how_bands_total,mts_details_sgle,2019,93.1
guy,sex_t,how_bands_total,mts_details_total,2018,251.594
guy,sex_t,how_bands_total,mts_details_total,2019,241.138
guy,sex_t,how_bands_total,mts_details_union,2018,55.098
guy,sex_t,how_bands_total,mts_details_union,2019,53.823
guy,sex_t,how_bands_total,mts_details_wid,2018,6.638
guy,sex_t,how_bands_total,mts_details_wid,2019,5.448
guy,sex_t,how_bands_x,mts_aggregate_1,2018,0.656
guy,sex_t,how_bands_x,mts_aggregate_1,2019,0.806
guy,sex_t,how_bands_x,mts_aggregate_2,2018,0.54
guy,sex_t,how_bands_x,mts_aggregate_2,2019,0.673
guy,sex_t,how_bands_x,mts_aggregate_total,2018,1.196
guy,sex_t,how_bands_x,mts_aggregate_total,2019,1.48
guy,sex_t,how_bands_x,mts_details_mrd,2018,0.3
guy,sex_t,how_bands_x,mts_details_mrd,2019,0.342
guy,sex_t,how_bands_x,mts_details_sep,2018,0.032
guy,sex_t,how_bands_x,mts_details_sgle,2018,0.624
guy,sex_t,how_bands_x,mts_details_sgle,2019,0.705
guy,sex_t,how_bands_x,mts_details_total,2018,1.196
guy,sex_t,how_bands_x,mts_details_total,2019,1.48
guy,sex_t,how_bands_x,mts_details_union,2018,0.24
guy,sex_t,how_bands_x,mts_details_union,2019,0.331
