ref_area,sex,classif1,classif2,time,ees_tees_sex_edu_mts_nb
bra,sex_f,edu_aggregate_adv,mts_aggregate_1,2009,2287.569
bra,sex_f,edu_aggregate_adv,mts_aggregate_1,2011,2411.731
bra,sex_f,edu_aggregate_adv,mts_aggregate_1,2012,2554.685
bra,sex_f,edu_aggregate_adv,mts_aggregate_1,2013,2728.068
bra,sex_f,edu_aggregate_adv,mts_aggregate_1,2014,2875.799
bra,sex_f,edu_aggregate_adv,mts_aggregate_1,2015,2864.093
bra,sex_f,edu_aggregate_adv,mts_aggregate_2,2009,2293.931
bra,sex_f,edu_aggregate_adv,mts_aggregate_2,2011,2771.214
bra,sex_f,edu_aggregate_adv,mts_aggregate_2,2012,2930.604
bra,sex_f,edu_aggregate_adv,mts_aggregate_2,2013,3258.587
bra,sex_f,edu_aggregate_adv,mts_aggregate_2,2014,3458.625
bra,sex_f,edu_aggregate_adv,mts_aggregate_2,2015,3493.927
bra,sex_f,edu_aggregate_adv,mts_aggregate_total,2009,4581.5
bra,sex_f,edu_aggregate_adv,mts_aggregate_total,2011,5245.618
bra,sex_f,edu_aggregate_adv,mts_aggregate_total,2012,5547.398
bra,sex_f,edu_aggregate_adv,mts_aggregate_total,2013,6052.891
bra,sex_f,edu_aggregate_adv,mts_aggregate_total,2014,6398.884
bra,sex_f,edu_aggregate_adv,mts_aggregate_total,2015,6446.646
bra,sex_f,edu_aggregate_adv,mts_aggregate_x,2011,62.673
bra,sex_f,edu_aggregate_adv,mts_aggregate_x,2012,62.109
bra,sex_f,edu_aggregate_adv,mts_aggregate_x,2013,66.236
bra,sex_f,edu_aggregate_adv,mts_aggregate_x,2014,64.46
bra,sex_f,edu_aggregate_adv,mts_aggregate_x,2015,88.626
bra,sex_f,edu_aggregate_adv,mts_details_mrd,2009,2293.931
bra,sex_f,edu_aggregate_adv,mts_details_mrd,2011,2336.985
bra,sex_f,edu_aggregate_adv,mts_details_mrd,2012,2449.25
bra,sex_f,edu_aggregate_adv,mts_details_mrd,2013,2694.939
bra,sex_f,edu_aggregate_adv,mts_details_mrd,2014,2873.064
bra,sex_f,edu_aggregate_adv,mts_details_mrd,2015,2897.075
bra,sex_f,edu_aggregate_adv,mts_details_sep,2009,448.393
bra,sex_f,edu_aggregate_adv,mts_details_sep,2011,540.304
bra,sex_f,edu_aggregate_adv,mts_details_sep,2012,552.201
bra,sex_f,edu_aggregate_adv,mts_details_sep,2013,595.024
bra,sex_f,edu_aggregate_adv,mts_details_sep,2014,614.307
bra,sex_f,edu_aggregate_adv,mts_details_sep,2015,646.469
bra,sex_f,edu_aggregate_adv,mts_details_sgle,2009,1754.093
bra,sex_f,edu_aggregate_adv,mts_details_sgle,2011,1757.778
bra,sex_f,edu_aggregate_adv,mts_details_sgle,2012,1881.609
bra,sex_f,edu_aggregate_adv,mts_details_sgle,2013,2022.16
bra,sex_f,edu_aggregate_adv,mts_details_sgle,2014,2138.202
bra,sex_f,edu_aggregate_adv,mts_details_sgle,2015,2098.558
bra,sex_f,edu_aggregate_adv,mts_details_total,2009,4581.5
bra,sex_f,edu_aggregate_adv,mts_details_total,2011,5245.618
bra,sex_f,edu_aggregate_adv,mts_details_total,2012,5547.398
bra,sex_f,edu_aggregate_adv,mts_details_total,2013,6052.891
bra,sex_f,edu_aggregate_adv,mts_details_total,2014,6398.884
bra,sex_f,edu_aggregate_adv,mts_details_total,2015,6446.646
bra,sex_f,edu_aggregate_adv,mts_details_union,2011,434.229
bra,sex_f,edu_aggregate_adv,mts_details_union,2012,481.354
bra,sex_f,edu_aggregate_adv,mts_details_union,2013,563.648
bra,sex_f,edu_aggregate_adv,mts_details_union,2014,585.561
bra,sex_f,edu_aggregate_adv,mts_details_union,2015,596.852
bra,sex_f,edu_aggregate_adv,mts_details_wid,2009,85.083
bra,sex_f,edu_aggregate_adv,mts_details_wid,2011,113.649
bra,sex_f,edu_aggregate_adv,mts_details_wid,2012,120.875
bra,sex_f,edu_aggregate_adv,mts_details_wid,2013,110.884
bra,sex_f,edu_aggregate_adv,mts_details_wid,2014,123.29
bra,sex_f,edu_aggregate_adv,mts_details_wid,2015,119.066
bra,sex_f,edu_aggregate_adv,mts_details_x,2011,62.673
bra,sex_f,edu_aggregate_adv,mts_details_x,2012,62.109
bra,sex_f,edu_aggregate_adv,mts_details_x,2013,66.236
bra,sex_f,edu_aggregate_adv,mts_details_x,2014,64.46
bra,sex_f,edu_aggregate_adv,mts_details_x,2015,88.626
bra,sex_f,edu_aggregate_bas,mts_aggregate_1,2009,5730.979
bra,sex_f,edu_aggregate_bas,mts_aggregate_1,2011,4185.774
bra,sex_f,edu_aggregate_bas,mts_aggregate_1,2012,4359.688
bra,sex_f,edu_aggregate_bas,mts_aggregate_1,2013,4303.27
bra,sex_f,edu_aggregate_bas,mts_aggregate_1,2014,4303.621
bra,sex_f,edu_aggregate_bas,mts_aggregate_1,2015,3849.509
bra,sex_f,edu_aggregate_bas,mts_aggregate_2,2009,4003.918
bra,sex_f,edu_aggregate_bas,mts_aggregate_2,2011,4846.098
bra,sex_f,edu_aggregate_bas,mts_aggregate_2,2012,5002.55
bra,sex_f,edu_aggregate_bas,mts_aggregate_2,2013,4908.081
bra,sex_f,edu_aggregate_bas,mts_aggregate_2,2014,5081.571
bra,sex_f,edu_aggregate_bas,mts_aggregate_2,2015,4634.66
bra,sex_f,edu_aggregate_bas,mts_aggregate_total,2009,9734.897
bra,sex_f,edu_aggregate_bas,mts_aggregate_total,2011,9311.758
bra,sex_f,edu_aggregate_bas,mts_aggregate_total,2012,9652.101
bra,sex_f,edu_aggregate_bas,mts_aggregate_total,2013,9418.098
bra,sex_f,edu_aggregate_bas,mts_aggregate_total,2014,9592.789
bra,sex_f,edu_aggregate_bas,mts_aggregate_total,2015,8726.273
bra,sex_f,edu_aggregate_bas,mts_aggregate_x,2011,279.886
bra,sex_f,edu_aggregate_bas,mts_aggregate_x,2012,289.863
bra,sex_f,edu_aggregate_bas,mts_aggregate_x,2013,206.747
bra,sex_f,edu_aggregate_bas,mts_aggregate_x,2014,207.597
bra,sex_f,edu_aggregate_bas,mts_aggregate_x,2015,242.104
bra,sex_f,edu_aggregate_bas,mts_details_mrd,2009,4003.918
bra,sex_f,edu_aggregate_bas,mts_details_mrd,2011,2949.902
bra,sex_f,edu_aggregate_bas,mts_details_mrd,2012,2939.897
bra,sex_f,edu_aggregate_bas,mts_details_mrd,2013,2814.801
bra,sex_f,edu_aggregate_bas,mts_details_mrd,2014,2863.457
bra,sex_f,edu_aggregate_bas,mts_details_mrd,2015,2683.494
bra,sex_f,edu_aggregate_bas,mts_details_sep,2009,894.12
bra,sex_f,edu_aggregate_bas,mts_details_sep,2011,865.789
bra,sex_f,edu_aggregate_bas,mts_details_sep,2012,857.976
bra,sex_f,edu_aggregate_bas,mts_details_sep,2013,876.408
bra,sex_f,edu_aggregate_bas,mts_details_sep,2014,881.516
bra,sex_f,edu_aggregate_bas,mts_details_sep,2015,831.548
bra,sex_f,edu_aggregate_bas,mts_details_sgle,2009,4489.471
bra,sex_f,edu_aggregate_bas,mts_details_sgle,2011,2956.094
bra,sex_f,edu_aggregate_bas,mts_details_sgle,2012,3119.605
bra,sex_f,edu_aggregate_bas,mts_details_sgle,2013,3036.541
bra,sex_f,edu_aggregate_bas,mts_details_sgle,2014,3044.388
bra,sex_f,edu_aggregate_bas,mts_details_sgle,2015,2637.739
bra,sex_f,edu_aggregate_bas,mts_details_total,2009,9734.897
bra,sex_f,edu_aggregate_bas,mts_details_total,2011,9311.758
bra,sex_f,edu_aggregate_bas,mts_details_total,2012,9652.101
bra,sex_f,edu_aggregate_bas,mts_details_total,2013,9418.098
bra,sex_f,edu_aggregate_bas,mts_details_total,2014,9592.789
bra,sex_f,edu_aggregate_bas,mts_details_total,2015,8726.273
bra,sex_f,edu_aggregate_bas,mts_details_union,2011,1896.196
bra,sex_f,edu_aggregate_bas,mts_details_union,2012,2062.653
bra,sex_f,edu_aggregate_bas,mts_details_union,2013,2093.28
bra,sex_f,edu_aggregate_bas,mts_details_union,2014,2218.114
bra,sex_f,edu_aggregate_bas,mts_details_union,2015,1951.166
bra,sex_f,edu_aggregate_bas,mts_details_wid,2009,347.388
bra,sex_f,edu_aggregate_bas,mts_details_wid,2011,363.891
bra,sex_f,edu_aggregate_bas,mts_details_wid,2012,382.107
bra,sex_f,edu_aggregate_bas,mts_details_wid,2013,390.321
bra,sex_f,edu_aggregate_bas,mts_details_wid,2014,377.717
bra,sex_f,edu_aggregate_bas,mts_details_wid,2015,380.222
bra,sex_f,edu_aggregate_bas,mts_details_x,2011,279.886
bra,sex_f,edu_aggregate_bas,mts_details_x,2012,289.863
bra,sex_f,edu_aggregate_bas,mts_details_x,2013,206.747
bra,sex_f,edu_aggregate_bas,mts_details_x,2014,207.597
bra,sex_f,edu_aggregate_bas,mts_details_x,2015,242.104
bra,sex_f,edu_aggregate_int,mts_aggregate_1,2009,6620.367
bra,sex_f,edu_aggregate_int,mts_aggregate_1,2011,6193.173
bra,sex_f,edu_aggregate_int,mts_aggregate_1,2012,6177.706
bra,sex_f,edu_aggregate_int,mts_aggregate_1,2013,6470.681
bra,sex_f,edu_aggregate_int,mts_aggregate_1,2014,6514.754
bra,sex_f,edu_aggregate_int,mts_aggregate_1,2015,6146.04
bra,sex_f,edu_aggregate_int,mts_aggregate_2,2009,4009.479
bra,sex_f,edu_aggregate_int,mts_aggregate_2,2011,5295.047
bra,sex_f,edu_aggregate_int,mts_aggregate_2,2012,5537.074
bra,sex_f,edu_aggregate_int,mts_aggregate_2,2013,5875.341
bra,sex_f,edu_aggregate_int,mts_aggregate_2,2014,5928.016
bra,sex_f,edu_aggregate_int,mts_aggregate_2,2015,5809.893
bra,sex_f,edu_aggregate_int,mts_aggregate_total,2009,10629.846
bra,sex_f,edu_aggregate_int,mts_aggregate_total,2011,11707.987
bra,sex_f,edu_aggregate_int,mts_aggregate_total,2012,11969.752
bra,sex_f,edu_aggregate_int,mts_aggregate_total,2013,12544.424
bra,sex_f,edu_aggregate_int,mts_aggregate_total,2014,12634.934
bra,sex_f,edu_aggregate_int,mts_aggregate_total,2015,12196.538
bra,sex_f,edu_aggregate_int,mts_aggregate_x,2011,219.767
bra,sex_f,edu_aggregate_int,mts_aggregate_x,2012,254.972
bra,sex_f,edu_aggregate_int,mts_aggregate_x,2013,198.402
bra,sex_f,edu_aggregate_int,mts_aggregate_x,2014,192.164
bra,sex_f,edu_aggregate_int,mts_aggregate_x,2015,240.605
bra,sex_f,edu_aggregate_int,mts_details_mrd,2009,4009.479
bra,sex_f,edu_aggregate_int,mts_details_mrd,2011,3625.082
bra,sex_f,edu_aggregate_int,mts_details_mrd,2012,3762.139
bra,sex_f,edu_aggregate_int,mts_details_mrd,2013,3906.278
bra,sex_f,edu_aggregate_int,mts_details_mrd,2014,3839.282
bra,sex_f,edu_aggregate_int,mts_details_mrd,2015,3849.455
bra,sex_f,edu_aggregate_int,mts_details_sep,2009,782.204
bra,sex_f,edu_aggregate_int,mts_details_sep,2011,885.395
bra,sex_f,edu_aggregate_int,mts_details_sep,2012,936.352
bra,sex_f,edu_aggregate_int,mts_details_sep,2013,1047.378
bra,sex_f,edu_aggregate_int,mts_details_sep,2014,1029.371
bra,sex_f,edu_aggregate_int,mts_details_sep,2015,1047.306
bra,sex_f,edu_aggregate_int,mts_details_sgle,2009,5681.408
bra,sex_f,edu_aggregate_int,mts_details_sgle,2011,5116.615
bra,sex_f,edu_aggregate_int,mts_details_sgle,2012,5050.41
bra,sex_f,edu_aggregate_int,mts_details_sgle,2013,5212.167
bra,sex_f,edu_aggregate_int,mts_details_sgle,2014,5257.664
bra,sex_f,edu_aggregate_int,mts_details_sgle,2015,4897.366
bra,sex_f,edu_aggregate_int,mts_details_total,2009,10629.846
bra,sex_f,edu_aggregate_int,mts_details_total,2011,11707.987
bra,sex_f,edu_aggregate_int,mts_details_total,2012,11969.752
bra,sex_f,edu_aggregate_int,mts_details_total,2013,12544.424
bra,sex_f,edu_aggregate_int,mts_details_total,2014,12634.934
bra,sex_f,edu_aggregate_int,mts_details_total,2015,12196.538
bra,sex_f,edu_aggregate_int,mts_details_union,2011,1669.965
bra,sex_f,edu_aggregate_int,mts_details_union,2012,1774.935
bra,sex_f,edu_aggregate_int,mts_details_union,2013,1969.063
bra,sex_f,edu_aggregate_int,mts_details_union,2014,2088.734
bra,sex_f,edu_aggregate_int,mts_details_union,2015,1960.438
bra,sex_f,edu_aggregate_int,mts_details_wid,2009,156.755
bra,sex_f,edu_aggregate_int,mts_details_wid,2011,191.163
bra,sex_f,edu_aggregate_int,mts_details_wid,2012,190.944
bra,sex_f,edu_aggregate_int,mts_details_wid,2013,211.136
bra,sex_f,edu_aggregate_int,mts_details_wid,2014,227.719
bra,sex_f,edu_aggregate_int,mts_details_wid,2015,201.368
bra,sex_f,edu_aggregate_int,mts_details_x,2011,219.767
bra,sex_f,edu_aggregate_int,mts_details_x,2012,254.972
bra,sex_f,edu_aggregate_int,mts_details_x,2013,198.402
bra,sex_f,edu_aggregate_int,mts_details_x,2014,192.164
bra,sex_f,edu_aggregate_int,mts_details_x,2015,240.605
bra,sex_f,edu_aggregate_ltb,mts_aggregate_1,2009,719.293
bra,sex_f,edu_aggregate_ltb,mts_aggregate_1,2011,620.143
bra,sex_f,edu_aggregate_ltb,mts_aggregate_1,2012,575.246
bra,sex_f,edu_aggregate_ltb,mts_aggregate_1,2013,567.665
bra,sex_f,edu_aggregate_ltb,mts_aggregate_1,2014,554.066
bra,sex_f,edu_aggregate_ltb,mts_aggregate_1,2015,489.742
bra,sex_f,edu_aggregate_ltb,mts_aggregate_2,2009,650.461
bra,sex_f,edu_aggregate_ltb,mts_aggregate_2,2011,697.416
bra,sex_f,edu_aggregate_ltb,mts_aggregate_2,2012,600.092
bra,sex_f,edu_aggregate_ltb,mts_aggregate_2,2013,594.34
bra,sex_f,edu_aggregate_ltb,mts_aggregate_2,2014,550.643
bra,sex_f,edu_aggregate_ltb,mts_aggregate_2,2015,480.896
bra,sex_f,edu_aggregate_ltb,mts_aggregate_total,2009,1369.754
bra,sex_f,edu_aggregate_ltb,mts_aggregate_total,2011,1361.638
bra,sex_f,edu_aggregate_ltb,mts_aggregate_total,2012,1217.12
bra,sex_f,edu_aggregate_ltb,mts_aggregate_total,2013,1197.198
bra,sex_f,edu_aggregate_ltb,mts_aggregate_total,2014,1130.162
bra,sex_f,edu_aggregate_ltb,mts_aggregate_total,2015,992.856
bra,sex_f,edu_aggregate_ltb,mts_aggregate_x,2011,44.079
bra,sex_f,edu_aggregate_ltb,mts_aggregate_x,2012,41.782
bra,sex_f,edu_aggregate_ltb,mts_aggregate_x,2013,35.193
bra,sex_f,edu_aggregate_ltb,mts_aggregate_x,2014,25.453
bra,sex_f,edu_aggregate_ltb,mts_aggregate_x,2015,22.218
bra,sex_f,edu_aggregate_ltb,mts_details_mrd,2009,650.461
bra,sex_f,edu_aggregate_ltb,mts_details_mrd,2011,501.23
bra,sex_f,edu_aggregate_ltb,mts_details_mrd,2012,438.25
bra,sex_f,edu_aggregate_ltb,mts_details_mrd,2013,417.783
bra,sex_f,edu_aggregate_ltb,mts_details_mrd,2014,384.936
bra,sex_f,edu_aggregate_ltb,mts_details_mrd,2015,338.322
bra,sex_f,edu_aggregate_ltb,mts_details_sep,2009,184.995
bra,sex_f,edu_aggregate_ltb,mts_details_sep,2011,192.752
bra,sex_f,edu_aggregate_ltb,mts_details_sep,2012,163.984
bra,sex_f,edu_aggregate_ltb,mts_details_sep,2013,158.031
bra,sex_f,edu_aggregate_ltb,mts_details_sep,2014,142.42
bra,sex_f,edu_aggregate_ltb,mts_details_sep,2015,135.725
bra,sex_f,edu_aggregate_ltb,mts_details_sgle,2009,368.481
bra,sex_f,edu_aggregate_ltb,mts_details_sgle,2011,263.645
bra,sex_f,edu_aggregate_ltb,mts_details_sgle,2012,253.548
bra,sex_f,edu_aggregate_ltb,mts_details_sgle,2013,259.768
bra,sex_f,edu_aggregate_ltb,mts_details_sgle,2014,258.805
bra,sex_f,edu_aggregate_ltb,mts_details_sgle,2015,231.955
bra,sex_f,edu_aggregate_ltb,mts_details_total,2009,1369.754
bra,sex_f,edu_aggregate_ltb,mts_details_total,2011,1361.638
bra,sex_f,edu_aggregate_ltb,mts_details_total,2012,1217.12
bra,sex_f,edu_aggregate_ltb,mts_details_total,2013,1197.198
bra,sex_f,edu_aggregate_ltb,mts_details_total,2014,1130.162
bra,sex_f,edu_aggregate_ltb,mts_details_total,2015,992.856
bra,sex_f,edu_aggregate_ltb,mts_details_union,2011,196.186
bra,sex_f,edu_aggregate_ltb,mts_details_union,2012,161.842
bra,sex_f,edu_aggregate_ltb,mts_details_union,2013,176.557
bra,sex_f,edu_aggregate_ltb,mts_details_union,2014,165.707
bra,sex_f,edu_aggregate_ltb,mts_details_union,2015,142.574
bra,sex_f,edu_aggregate_ltb,mts_details_wid,2009,165.817
bra,sex_f,edu_aggregate_ltb,mts_details_wid,2011,163.746
bra,sex_f,edu_aggregate_ltb,mts_details_wid,2012,157.714
bra,sex_f,edu_aggregate_ltb,mts_details_wid,2013,149.866
bra,sex_f,edu_aggregate_ltb,mts_details_wid,2014,152.841
bra,sex_f,edu_aggregate_ltb,mts_details_wid,2015,122.062
bra,sex_f,edu_aggregate_ltb,mts_details_x,2011,44.079
bra,sex_f,edu_aggregate_ltb,mts_details_x,2012,41.782
bra,sex_f,edu_aggregate_ltb,mts_details_x,2013,35.193
bra,sex_f,edu_aggregate_ltb,mts_details_x,2014,25.453
bra,sex_f,edu_aggregate_ltb,mts_details_x,2015,22.218
bra,sex_f,edu_aggregate_total,mts_aggregate_1,2009,15410.123
bra,sex_f,edu_aggregate_total,mts_aggregate_1,2011,13410.821
bra,sex_f,edu_aggregate_total,mts_aggregate_1,2012,13667.325
bra,sex_f,edu_aggregate_total,mts_aggregate_1,2013,14069.684
bra,sex_f,edu_aggregate_total,mts_aggregate_1,2014,14248.24
bra,sex_f,edu_aggregate_total,mts_aggregate_1,2015,13349.384
bra,sex_f,edu_aggregate_total,mts_aggregate_2,2009,10999.552
bra,sex_f,edu_aggregate_total,mts_aggregate_2,2011,13609.775
bra,sex_f,edu_aggregate_total,mts_aggregate_2,2012,14070.32
bra,sex_f,edu_aggregate_total,mts_aggregate_2,2013,14636.349
bra,sex_f,edu_aggregate_total,mts_aggregate_2,2014,15018.855
bra,sex_f,edu_aggregate_total,mts_aggregate_2,2015,14419.376
bra,sex_f,edu_aggregate_total,mts_aggregate_total,2009,26409.675
bra,sex_f,edu_aggregate_total,mts_aggregate_total,2011,27627.001
bra,sex_f,edu_aggregate_total,mts_aggregate_total,2012,28386.371
bra,sex_f,edu_aggregate_total,mts_aggregate_total,2013,29212.611
bra,sex_f,edu_aggregate_total,mts_aggregate_total,2014,29756.769
bra,sex_f,edu_aggregate_total,mts_aggregate_total,2015,28362.313
bra,sex_f,edu_aggregate_total,mts_aggregate_x,2011,606.405
bra,sex_f,edu_aggregate_total,mts_aggregate_x,2012,648.726
bra,sex_f,edu_aggregate_total,mts_aggregate_x,2013,506.578
bra,sex_f,edu_aggregate_total,mts_aggregate_x,2014,489.674
bra,sex_f,edu_aggregate_total,mts_aggregate_x,2015,593.553
bra,sex_f,edu_aggregate_total,mts_details_mrd,2009,10999.552
bra,sex_f,edu_aggregate_total,mts_details_mrd,2011,9413.199
bra,sex_f,edu_aggregate_total,mts_details_mrd,2012,9589.536
bra,sex_f,edu_aggregate_total,mts_details_mrd,2013,9833.801
bra,sex_f,edu_aggregate_total,mts_details_mrd,2014,9960.739
bra,sex_f,edu_aggregate_total,mts_details_mrd,2015,9768.346
bra,sex_f,edu_aggregate_total,mts_details_sep,2009,2321.223
bra,sex_f,edu_aggregate_total,mts_details_sep,2011,2484.24
bra,sex_f,edu_aggregate_total,mts_details_sep,2012,2510.513
bra,sex_f,edu_aggregate_total,mts_details_sep,2013,2676.841
bra,sex_f,edu_aggregate_total,mts_details_sep,2014,2667.614
bra,sex_f,edu_aggregate_total,mts_details_sep,2015,2661.048
bra,sex_f,edu_aggregate_total,mts_details_sgle,2009,12326.928
bra,sex_f,edu_aggregate_total,mts_details_sgle,2011,10094.132
bra,sex_f,edu_aggregate_total,mts_details_sgle,2012,10305.172
bra,sex_f,edu_aggregate_total,mts_details_sgle,2013,10530.636
bra,sex_f,edu_aggregate_total,mts_details_sgle,2014,10699.059
bra,sex_f,edu_aggregate_total,mts_details_sgle,2015,9865.618
bra,sex_f,edu_aggregate_total,mts_details_total,2009,26409.675
bra,sex_f,edu_aggregate_total,mts_details_total,2011,27627.001
bra,sex_f,edu_aggregate_total,mts_details_total,2012,28386.371
bra,sex_f,edu_aggregate_total,mts_details_total,2013,29212.611
bra,sex_f,edu_aggregate_total,mts_details_total,2014,29756.769
bra,sex_f,edu_aggregate_total,mts_details_total,2015,28362.313
bra,sex_f,edu_aggregate_total,mts_details_union,2011,4196.576
bra,sex_f,edu_aggregate_total,mts_details_union,2012,4480.784
bra,sex_f,edu_aggregate_total,mts_details_union,2013,4802.548
bra,sex_f,edu_aggregate_total,mts_details_union,2014,5058.116
bra,sex_f,edu_aggregate_total,mts_details_union,2015,4651.03
bra,sex_f,edu_aggregate_total,mts_details_wid,2009,761.972
bra,sex_f,edu_aggregate_total,mts_details_wid,2011,832.449
bra,sex_f,edu_aggregate_total,mts_details_wid,2012,851.64
bra,sex_f,edu_aggregate_total,mts_details_wid,2013,862.207
bra,sex_f,edu_aggregate_total,mts_details_wid,2014,881.567
bra,sex_f,edu_aggregate_total,mts_details_wid,2015,822.718
bra,sex_f,edu_aggregate_total,mts_details_x,2011,606.405
bra,sex_f,edu_aggregate_total,mts_details_x,2012,648.726
bra,sex_f,edu_aggregate_total,mts_details_x,2013,506.578
bra,sex_f,edu_aggregate_total,mts_details_x,2014,489.674
bra,sex_f,edu_aggregate_total,mts_details_x,2015,593.553
bra,sex_f,edu_aggregate_x,mts_aggregate_1,2009,51.915
bra,sex_f,edu_aggregate_x,mts_aggregate_2,2009,41.763
bra,sex_f,edu_aggregate_x,mts_aggregate_total,2009,93.678
bra,sex_f,edu_aggregate_x,mts_details_mrd,2009,41.763
bra,sex_f,edu_aggregate_x,mts_details_sep,2009,11.511
bra,sex_f,edu_aggregate_x,mts_details_sgle,2009,33.475
bra,sex_f,edu_aggregate_x,mts_details_total,2009,93.678
bra,sex_f,edu_aggregate_x,mts_details_wid,2009,6.929
bra,sex_f,edu_isced97_0,mts_aggregate_1,2009,449.105
bra,sex_f,edu_isced97_0,mts_aggregate_1,2011,381.353
bra,sex_f,edu_isced97_0,mts_aggregate_1,2012,365.652
bra,sex_f,edu_isced97_0,mts_aggregate_1,2013,332.642
bra,sex_f,edu_isced97_0,mts_aggregate_1,2014,328.227
bra,sex_f,edu_isced97_0,mts_aggregate_1,2015,298.89
bra,sex_f,edu_isced97_0,mts_aggregate_2,2009,455.517
bra,sex_f,edu_isced97_0,mts_aggregate_2,2011,437.194
bra,sex_f,edu_isced97_0,mts_aggregate_2,2012,366.111
bra,sex_f,edu_isced97_0,mts_aggregate_2,2013,349.198
bra,sex_f,edu_isced97_0,mts_aggregate_2,2014,327.744
bra,sex_f,edu_isced97_0,mts_aggregate_2,2015,277.898
bra,sex_f,edu_isced97_0,mts_aggregate_total,2009,904.622
bra,sex_f,edu_isced97_0,mts_aggregate_total,2011,843.746
bra,sex_f,edu_isced97_0,mts_aggregate_total,2012,747.478
bra,sex_f,edu_isced97_0,mts_aggregate_total,2013,694.84
bra,sex_f,edu_isced97_0,mts_aggregate_total,2014,669.596
bra,sex_f,edu_isced97_0,mts_aggregate_total,2015,589.044
bra,sex_f,edu_isced97_0,mts_aggregate_x,2011,25.199
bra,sex_f,edu_isced97_0,mts_aggregate_x,2012,15.715
bra,sex_f,edu_isced97_0,mts_aggregate_x,2013,13
bra,sex_f,edu_isced97_0,mts_aggregate_x,2014,13.625
bra,sex_f,edu_isced97_0,mts_aggregate_x,2015,12.256
bra,sex_f,edu_isced97_0,mts_details_mrd,2009,455.517
bra,sex_f,edu_isced97_0,mts_details_mrd,2011,340.058
bra,sex_f,edu_isced97_0,mts_details_mrd,2012,288.32
bra,sex_f,edu_isced97_0,mts_details_mrd,2013,275.503
bra,sex_f,edu_isced97_0,mts_details_mrd,2014,257.109
bra,sex_f,edu_isced97_0,mts_details_mrd,2015,226.155
bra,sex_f,edu_isced97_0,mts_details_sep,2009,127.143
bra,sex_f,edu_isced97_0,mts_details_sep,2011,128.989
bra,sex_f,edu_isced97_0,mts_details_sep,2012,118.509
bra,sex_f,edu_isced97_0,mts_details_sep,2013,109.376
bra,sex_f,edu_isced97_0,mts_details_sep,2014,88.909
bra,sex_f,edu_isced97_0,mts_details_sep,2015,90.752
bra,sex_f,edu_isced97_0,mts_details_sgle,2009,207.657
bra,sex_f,edu_isced97_0,mts_details_sgle,2011,138.571
bra,sex_f,edu_isced97_0,mts_details_sgle,2012,143.202
bra,sex_f,edu_isced97_0,mts_details_sgle,2013,127.091
bra,sex_f,edu_isced97_0,mts_details_sgle,2014,129.014
bra,sex_f,edu_isced97_0,mts_details_sgle,2015,125.748
bra,sex_f,edu_isced97_0,mts_details_total,2009,904.622
bra,sex_f,edu_isced97_0,mts_details_total,2011,843.746
bra,sex_f,edu_isced97_0,mts_details_total,2012,747.478
bra,sex_f,edu_isced97_0,mts_details_total,2013,694.84
bra,sex_f,edu_isced97_0,mts_details_total,2014,669.596
bra,sex_f,edu_isced97_0,mts_details_total,2015,589.044
bra,sex_f,edu_isced97_0,mts_details_union,2011,97.136
bra,sex_f,edu_isced97_0,mts_details_union,2012,77.791
bra,sex_f,edu_isced97_0,mts_details_union,2013,73.695
bra,sex_f,edu_isced97_0,mts_details_union,2014,70.635
bra,sex_f,edu_isced97_0,mts_details_union,2015,51.743
bra,sex_f,edu_isced97_0,mts_details_wid,2009,114.305
bra,sex_f,edu_isced97_0,mts_details_wid,2011,113.793
bra,sex_f,edu_isced97_0,mts_details_wid,2012,103.941
bra,sex_f,edu_isced97_0,mts_details_wid,2013,96.175
bra,sex_f,edu_isced97_0,mts_details_wid,2014,110.304
bra,sex_f,edu_isced97_0,mts_details_wid,2015,82.39
bra,sex_f,edu_isced97_0,mts_details_x,2011,25.199
bra,sex_f,edu_isced97_0,mts_details_x,2012,15.715
bra,sex_f,edu_isced97_0,mts_details_x,2013,13
bra,sex_f,edu_isced97_0,mts_details_x,2014,13.625
bra,sex_f,edu_isced97_0,mts_details_x,2015,12.256
bra,sex_f,edu_isced97_1,mts_aggregate_1,2009,3040.82
bra,sex_f,edu_isced97_1,mts_aggregate_1,2011,1940.406
bra,sex_f,edu_isced97_1,mts_aggregate_1,2012,2055.49
bra,sex_f,edu_isced97_1,mts_aggregate_1,2013,1989.235
bra,sex_f,edu_isced97_1,mts_aggregate_1,2014,1981.376
bra,sex_f,edu_isced97_1,mts_aggregate_1,2015,1863.864
bra,sex_f,edu_isced97_1,mts_aggregate_2,2009,2486.656
bra,sex_f,edu_isced97_1,mts_aggregate_2,2011,2729.826
bra,sex_f,edu_isced97_1,mts_aggregate_2,2012,2843.641
bra,sex_f,edu_isced97_1,mts_aggregate_2,2013,2666.967
bra,sex_f,edu_isced97_1,mts_aggregate_2,2014,2808.543
bra,sex_f,edu_isced97_1,mts_aggregate_2,2015,2545.503
bra,sex_f,edu_isced97_1,mts_aggregate_total,2009,5527.476
bra,sex_f,edu_isced97_1,mts_aggregate_total,2011,4829.638
bra,sex_f,edu_isced97_1,mts_aggregate_total,2012,5073.486
bra,sex_f,edu_isced97_1,mts_aggregate_total,2013,4770.355
bra,sex_f,edu_isced97_1,mts_aggregate_total,2014,4921.687
bra,sex_f,edu_isced97_1,mts_aggregate_total,2015,4547.311
bra,sex_f,edu_isced97_1,mts_aggregate_x,2011,159.406
bra,sex_f,edu_isced97_1,mts_aggregate_x,2012,174.355
bra,sex_f,edu_isced97_1,mts_aggregate_x,2013,114.153
bra,sex_f,edu_isced97_1,mts_aggregate_x,2014,131.768
bra,sex_f,edu_isced97_1,mts_aggregate_x,2015,137.944
bra,sex_f,edu_isced97_1,mts_details_mrd,2009,2486.656
bra,sex_f,edu_isced97_1,mts_details_mrd,2011,1688.658
bra,sex_f,edu_isced97_1,mts_details_mrd,2012,1692.696
bra,sex_f,edu_isced97_1,mts_details_mrd,2013,1559.943
bra,sex_f,edu_isced97_1,mts_details_mrd,2014,1590.94
bra,sex_f,edu_isced97_1,mts_details_mrd,2015,1506.525
bra,sex_f,edu_isced97_1,mts_details_sep,2009,547.296
bra,sex_f,edu_isced97_1,mts_details_sep,2011,485.227
bra,sex_f,edu_isced97_1,mts_details_sep,2012,502.918
bra,sex_f,edu_isced97_1,mts_details_sep,2013,492.134
bra,sex_f,edu_isced97_1,mts_details_sep,2014,490.237
bra,sex_f,edu_isced97_1,mts_details_sep,2015,473.056
bra,sex_f,edu_isced97_1,mts_details_sgle,2009,2252.133
bra,sex_f,edu_isced97_1,mts_details_sgle,2011,1212.861
bra,sex_f,edu_isced97_1,mts_details_sgle,2012,1303.798
bra,sex_f,edu_isced97_1,mts_details_sgle,2013,1255.858
bra,sex_f,edu_isced97_1,mts_details_sgle,2014,1238.33
bra,sex_f,edu_isced97_1,mts_details_sgle,2015,1135.524
bra,sex_f,edu_isced97_1,mts_details_total,2009,5527.476
bra,sex_f,edu_isced97_1,mts_details_total,2011,4829.638
bra,sex_f,edu_isced97_1,mts_details_total,2012,5073.486
bra,sex_f,edu_isced97_1,mts_details_total,2013,4770.355
bra,sex_f,edu_isced97_1,mts_details_total,2014,4921.687
bra,sex_f,edu_isced97_1,mts_details_total,2015,4547.311
bra,sex_f,edu_isced97_1,mts_details_union,2011,1041.168
bra,sex_f,edu_isced97_1,mts_details_union,2012,1150.945
bra,sex_f,edu_isced97_1,mts_details_union,2013,1107.024
bra,sex_f,edu_isced97_1,mts_details_union,2014,1217.603
bra,sex_f,edu_isced97_1,mts_details_union,2015,1038.978
bra,sex_f,edu_isced97_1,mts_details_wid,2009,241.391
bra,sex_f,edu_isced97_1,mts_details_wid,2011,242.318
bra,sex_f,edu_isced97_1,mts_details_wid,2012,248.774
bra,sex_f,edu_isced97_1,mts_details_wid,2013,241.243
bra,sex_f,edu_isced97_1,mts_details_wid,2014,252.809
bra,sex_f,edu_isced97_1,mts_details_wid,2015,255.284
bra,sex_f,edu_isced97_1,mts_details_x,2011,159.406
bra,sex_f,edu_isced97_1,mts_details_x,2012,174.355
bra,sex_f,edu_isced97_1,mts_details_x,2013,114.153
bra,sex_f,edu_isced97_1,mts_details_x,2014,131.768
bra,sex_f,edu_isced97_1,mts_details_x,2015,137.944
bra,sex_f,edu_isced97_2,mts_aggregate_1,2009,2690.159
bra,sex_f,edu_isced97_2,mts_aggregate_1,2011,2245.368
bra,sex_f,edu_isced97_2,mts_aggregate_1,2012,2304.198
bra,sex_f,edu_isced97_2,mts_aggregate_1,2013,2314.035
bra,sex_f,edu_isced97_2,mts_aggregate_1,2014,2322.245
bra,sex_f,edu_isced97_2,mts_aggregate_1,2015,1985.645
bra,sex_f,edu_isced97_2,mts_aggregate_2,2009,1517.262
bra,sex_f,edu_isced97_2,mts_aggregate_2,2011,2116.272
bra,sex_f,edu_isced97_2,mts_aggregate_2,2012,2158.909
bra,sex_f,edu_isced97_2,mts_aggregate_2,2013,2241.114
bra,sex_f,edu_isced97_2,mts_aggregate_2,2014,2273.028
bra,sex_f,edu_isced97_2,mts_aggregate_2,2015,2089.157
bra,sex_f,edu_isced97_2,mts_aggregate_total,2009,4207.421
bra,sex_f,edu_isced97_2,mts_aggregate_total,2011,4482.12
bra,sex_f,edu_isced97_2,mts_aggregate_total,2012,4578.615
bra,sex_f,edu_isced97_2,mts_aggregate_total,2013,4647.743
bra,sex_f,edu_isced97_2,mts_aggregate_total,2014,4671.102
bra,sex_f,edu_isced97_2,mts_aggregate_total,2015,4178.962
bra,sex_f,edu_isced97_2,mts_aggregate_x,2011,120.48
bra,sex_f,edu_isced97_2,mts_aggregate_x,2012,115.508
bra,sex_f,edu_isced97_2,mts_aggregate_x,2013,92.594
bra,sex_f,edu_isced97_2,mts_aggregate_x,2014,75.829
bra,sex_f,edu_isced97_2,mts_aggregate_x,2015,104.16
bra,sex_f,edu_isced97_2,mts_details_mrd,2009,1517.262
bra,sex_f,edu_isced97_2,mts_details_mrd,2011,1261.244
bra,sex_f,edu_isced97_2,mts_details_mrd,2012,1247.201
bra,sex_f,edu_isced97_2,mts_details_mrd,2013,1254.858
bra,sex_f,edu_isced97_2,mts_details_mrd,2014,1272.517
bra,sex_f,edu_isced97_2,mts_details_mrd,2015,1176.969
bra,sex_f,edu_isced97_2,mts_details_sep,2009,346.824
bra,sex_f,edu_isced97_2,mts_details_sep,2011,380.562
bra,sex_f,edu_isced97_2,mts_details_sep,2012,355.058
bra,sex_f,edu_isced97_2,mts_details_sep,2013,384.274
bra,sex_f,edu_isced97_2,mts_details_sep,2014,391.279
bra,sex_f,edu_isced97_2,mts_details_sep,2015,358.492
bra,sex_f,edu_isced97_2,mts_details_sgle,2009,2237.338
bra,sex_f,edu_isced97_2,mts_details_sgle,2011,1743.233
bra,sex_f,edu_isced97_2,mts_details_sgle,2012,1815.807
bra,sex_f,edu_isced97_2,mts_details_sgle,2013,1780.683
bra,sex_f,edu_isced97_2,mts_details_sgle,2014,1806.058
bra,sex_f,edu_isced97_2,mts_details_sgle,2015,1502.215
bra,sex_f,edu_isced97_2,mts_details_total,2009,4207.421
bra,sex_f,edu_isced97_2,mts_details_total,2011,4482.12
bra,sex_f,edu_isced97_2,mts_details_total,2012,4578.615
bra,sex_f,edu_isced97_2,mts_details_total,2013,4647.743
bra,sex_f,edu_isced97_2,mts_details_total,2014,4671.102
bra,sex_f,edu_isced97_2,mts_details_total,2015,4178.962
bra,sex_f,edu_isced97_2,mts_details_union,2011,855.028
bra,sex_f,edu_isced97_2,mts_details_union,2012,911.708
bra,sex_f,edu_isced97_2,mts_details_union,2013,986.256
bra,sex_f,edu_isced97_2,mts_details_union,2014,1000.511
bra,sex_f,edu_isced97_2,mts_details_union,2015,912.188
bra,sex_f,edu_isced97_2,mts_details_wid,2009,105.997
bra,sex_f,edu_isced97_2,mts_details_wid,2011,121.573
bra,sex_f,edu_isced97_2,mts_details_wid,2012,133.333
bra,sex_f,edu_isced97_2,mts_details_wid,2013,149.078
bra,sex_f,edu_isced97_2,mts_details_wid,2014,124.908
bra,sex_f,edu_isced97_2,mts_details_wid,2015,124.938
bra,sex_f,edu_isced97_2,mts_details_x,2011,120.48
bra,sex_f,edu_isced97_2,mts_details_x,2012,115.508
bra,sex_f,edu_isced97_2,mts_details_x,2013,92.594
bra,sex_f,edu_isced97_2,mts_details_x,2014,75.829
bra,sex_f,edu_isced97_2,mts_details_x,2015,104.16
bra,sex_f,edu_isced97_3,mts_aggregate_1,2009,6620.367
bra,sex_f,edu_isced97_3,mts_aggregate_1,2011,6193.173
bra,sex_f,edu_isced97_3,mts_aggregate_1,2012,6177.706
bra,sex_f,edu_isced97_3,mts_aggregate_1,2013,6470.681
bra,sex_f,edu_isced97_3,mts_aggregate_1,2014,6514.754
bra,sex_f,edu_isced97_3,mts_aggregate_1,2015,6146.04
bra,sex_f,edu_isced97_3,mts_aggregate_2,2009,4009.479
bra,sex_f,edu_isced97_3,mts_aggregate_2,2011,5295.047
bra,sex_f,edu_isced97_3,mts_aggregate_2,2012,5537.074
bra,sex_f,edu_isced97_3,mts_aggregate_2,2013,5875.341
bra,sex_f,edu_isced97_3,mts_aggregate_2,2014,5928.016
bra,sex_f,edu_isced97_3,mts_aggregate_2,2015,5809.893
bra,sex_f,edu_isced97_3,mts_aggregate_total,2009,10629.846
bra,sex_f,edu_isced97_3,mts_aggregate_total,2011,11707.987
bra,sex_f,edu_isced97_3,mts_aggregate_total,2012,11969.752
bra,sex_f,edu_isced97_3,mts_aggregate_total,2013,12544.424
bra,sex_f,edu_isced97_3,mts_aggregate_total,2014,12634.934
bra,sex_f,edu_isced97_3,mts_aggregate_total,2015,12196.538
bra,sex_f,edu_isced97_3,mts_aggregate_x,2011,219.767
bra,sex_f,edu_isced97_3,mts_aggregate_x,2012,254.972
bra,sex_f,edu_isced97_3,mts_aggregate_x,2013,198.402
bra,sex_f,edu_isced97_3,mts_aggregate_x,2014,192.164
bra,sex_f,edu_isced97_3,mts_aggregate_x,2015,240.605
bra,sex_f,edu_isced97_3,mts_details_mrd,2009,4009.479
bra,sex_f,edu_isced97_3,mts_details_mrd,2011,3625.082
bra,sex_f,edu_isced97_3,mts_details_mrd,2012,3762.139
bra,sex_f,edu_isced97_3,mts_details_mrd,2013,3906.278
bra,sex_f,edu_isced97_3,mts_details_mrd,2014,3839.282
bra,sex_f,edu_isced97_3,mts_details_mrd,2015,3849.455
bra,sex_f,edu_isced97_3,mts_details_sep,2009,782.204
bra,sex_f,edu_isced97_3,mts_details_sep,2011,885.395
bra,sex_f,edu_isced97_3,mts_details_sep,2012,936.352
bra,sex_f,edu_isced97_3,mts_details_sep,2013,1047.378
bra,sex_f,edu_isced97_3,mts_details_sep,2014,1029.371
bra,sex_f,edu_isced97_3,mts_details_sep,2015,1047.306
bra,sex_f,edu_isced97_3,mts_details_sgle,2009,5681.408
bra,sex_f,edu_isced97_3,mts_details_sgle,2011,5116.615
bra,sex_f,edu_isced97_3,mts_details_sgle,2012,5050.41
bra,sex_f,edu_isced97_3,mts_details_sgle,2013,5212.167
bra,sex_f,edu_isced97_3,mts_details_sgle,2014,5257.664
bra,sex_f,edu_isced97_3,mts_details_sgle,2015,4897.366
bra,sex_f,edu_isced97_3,mts_details_total,2009,10629.846
bra,sex_f,edu_isced97_3,mts_details_total,2011,11707.987
bra,sex_f,edu_isced97_3,mts_details_total,2012,11969.752
bra,sex_f,edu_isced97_3,mts_details_total,2013,12544.424
bra,sex_f,edu_isced97_3,mts_details_total,2014,12634.934
bra,sex_f,edu_isced97_3,mts_details_total,2015,12196.538
bra,sex_f,edu_isced97_3,mts_details_union,2011,1669.965
bra,sex_f,edu_isced97_3,mts_details_union,2012,1774.935
bra,sex_f,edu_isced97_3,mts_details_union,2013,1969.063
bra,sex_f,edu_isced97_3,mts_details_union,2014,2088.734
bra,sex_f,edu_isced97_3,mts_details_union,2015,1960.438
bra,sex_f,edu_isced97_3,mts_details_wid,2009,156.755
bra,sex_f,edu_isced97_3,mts_details_wid,2011,191.163
bra,sex_f,edu_isced97_3,mts_details_wid,2012,190.944
bra,sex_f,edu_isced97_3,mts_details_wid,2013,211.136
bra,sex_f,edu_isced97_3,mts_details_wid,2014,227.719
bra,sex_f,edu_isced97_3,mts_details_wid,2015,201.368
bra,sex_f,edu_isced97_3,mts_details_x,2011,219.767
bra,sex_f,edu_isced97_3,mts_details_x,2012,254.972
bra,sex_f,edu_isced97_3,mts_details_x,2013,198.402
bra,sex_f,edu_isced97_3,mts_details_x,2014,192.164
bra,sex_f,edu_isced97_3,mts_details_x,2015,240.605
bra,sex_f,edu_isced97_5,mts_aggregate_1,2009,2174.958
bra,sex_f,edu_isced97_5,mts_aggregate_1,2011,2290.325
bra,sex_f,edu_isced97_5,mts_aggregate_1,2012,2440.607
bra,sex_f,edu_isced97_5,mts_aggregate_1,2013,2592.29
bra,sex_f,edu_isced97_5,mts_aggregate_1,2014,2752.662
bra,sex_f,edu_isced97_5,mts_aggregate_1,2015,2721.782
bra,sex_f,edu_isced97_5,mts_aggregate_2,2009,2169.077
bra,sex_f,edu_isced97_5,mts_aggregate_2,2011,2603.722
bra,sex_f,edu_isced97_5,mts_aggregate_2,2012,2772.336
bra,sex_f,edu_isced97_5,mts_aggregate_2,2013,3101.052
bra,sex_f,edu_isced97_5,mts_aggregate_2,2014,3267.708
bra,sex_f,edu_isced97_5,mts_aggregate_2,2015,3300.464
bra,sex_f,edu_isced97_5,mts_aggregate_total,2009,4344.035
bra,sex_f,edu_isced97_5,mts_aggregate_total,2011,4950.502
bra,sex_f,edu_isced97_5,mts_aggregate_total,2012,5270.811
bra,sex_f,edu_isced97_5,mts_aggregate_total,2013,5756.511
bra,sex_f,edu_isced97_5,mts_aggregate_total,2014,6081.815
bra,sex_f,edu_isced97_5,mts_aggregate_total,2015,6107.48
bra,sex_f,edu_isced97_5,mts_aggregate_x,2011,56.455
bra,sex_f,edu_isced97_5,mts_aggregate_x,2012,57.868
bra,sex_f,edu_isced97_5,mts_aggregate_x,2013,63.169
bra,sex_f,edu_isced97_5,mts_aggregate_x,2014,61.445
bra,sex_f,edu_isced97_5,mts_aggregate_x,2015,85.234
bra,sex_f,edu_isced97_5,mts_details_mrd,2009,2169.077
bra,sex_f,edu_isced97_5,mts_details_mrd,2011,2192.715
bra,sex_f,edu_isced97_5,mts_details_mrd,2012,2313.547
bra,sex_f,edu_isced97_5,mts_details_mrd,2013,2562.897
bra,sex_f,edu_isced97_5,mts_details_mrd,2014,2713.12
bra,sex_f,edu_isced97_5,mts_details_mrd,2015,2736.212
bra,sex_f,edu_isced97_5,mts_details_sep,2009,416.726
bra,sex_f,edu_isced97_5,mts_details_sep,2011,506.341
bra,sex_f,edu_isced97_5,mts_details_sep,2012,517.923
bra,sex_f,edu_isced97_5,mts_details_sep,2013,551.252
bra,sex_f,edu_isced97_5,mts_details_sep,2014,568.689
bra,sex_f,edu_isced97_5,mts_details_sep,2015,597.181
bra,sex_f,edu_isced97_5,mts_details_sgle,2009,1679.435
bra,sex_f,edu_isced97_5,mts_details_sgle,2011,1676.363
bra,sex_f,edu_isced97_5,mts_details_sgle,2012,1809.198
bra,sex_f,edu_isced97_5,mts_details_sgle,2013,1938.476
bra,sex_f,edu_isced97_5,mts_details_sgle,2014,2070.895
bra,sex_f,edu_isced97_5,mts_details_sgle,2015,2011.962
bra,sex_f,edu_isced97_5,mts_details_total,2009,4344.035
bra,sex_f,edu_isced97_5,mts_details_total,2011,4950.502
bra,sex_f,edu_isced97_5,mts_details_total,2012,5270.811
bra,sex_f,edu_isced97_5,mts_details_total,2013,5756.511
bra,sex_f,edu_isced97_5,mts_details_total,2014,6081.815
bra,sex_f,edu_isced97_5,mts_details_total,2015,6107.48
bra,sex_f,edu_isced97_5,mts_details_union,2011,411.007
bra,sex_f,edu_isced97_5,mts_details_union,2012,458.789
bra,sex_f,edu_isced97_5,mts_details_union,2013,538.155
bra,sex_f,edu_isced97_5,mts_details_union,2014,554.588
bra,sex_f,edu_isced97_5,mts_details_union,2015,564.252
bra,sex_f,edu_isced97_5,mts_details_wid,2009,78.797
bra,sex_f,edu_isced97_5,mts_details_wid,2011,107.621
bra,sex_f,edu_isced97_5,mts_details_wid,2012,113.486
bra,sex_f,edu_isced97_5,mts_details_wid,2013,102.562
bra,sex_f,edu_isced97_5,mts_details_wid,2014,113.078
bra,sex_f,edu_isced97_5,mts_details_wid,2015,112.639
bra,sex_f,edu_isced97_5,mts_details_x,2011,56.455
bra,sex_f,edu_isced97_5,mts_details_x,2012,57.868
bra,sex_f,edu_isced97_5,mts_details_x,2013,63.169
bra,sex_f,edu_isced97_5,mts_details_x,2014,61.445
bra,sex_f,edu_isced97_5,mts_details_x,2015,85.234
bra,sex_f,edu_isced97_6,mts_aggregate_1,2009,112.611
bra,sex_f,edu_isced97_6,mts_aggregate_1,2011,121.406
bra,sex_f,edu_isced97_6,mts_aggregate_1,2012,114.078
bra,sex_f,edu_isced97_6,mts_aggregate_1,2013,135.778
bra,sex_f,edu_isced97_6,mts_aggregate_1,2014,123.137
bra,sex_f,edu_isced97_6,mts_aggregate_1,2015,142.311
bra,sex_f,edu_isced97_6,mts_aggregate_2,2009,124.854
bra,sex_f,edu_isced97_6,mts_aggregate_2,2011,167.492
bra,sex_f,edu_isced97_6,mts_aggregate_2,2012,158.268
bra,sex_f,edu_isced97_6,mts_aggregate_2,2013,157.535
bra,sex_f,edu_isced97_6,mts_aggregate_2,2014,190.917
bra,sex_f,edu_isced97_6,mts_aggregate_2,2015,193.463
bra,sex_f,edu_isced97_6,mts_aggregate_total,2009,237.465
bra,sex_f,edu_isced97_6,mts_aggregate_total,2011,295.116
bra,sex_f,edu_isced97_6,mts_aggregate_total,2012,276.587
bra,sex_f,edu_isced97_6,mts_aggregate_total,2013,296.38
bra,sex_f,edu_isced97_6,mts_aggregate_total,2014,317.069
bra,sex_f,edu_isced97_6,mts_aggregate_total,2015,339.166
bra,sex_f,edu_isced97_6,mts_aggregate_x,2011,6.218
bra,sex_f,edu_isced97_6,mts_aggregate_x,2012,4.241
bra,sex_f,edu_isced97_6,mts_aggregate_x,2013,3.067
bra,sex_f,edu_isced97_6,mts_aggregate_x,2014,3.015
bra,sex_f,edu_isced97_6,mts_aggregate_x,2015,3.392
bra,sex_f,edu_isced97_6,mts_details_mrd,2009,124.854
bra,sex_f,edu_isced97_6,mts_details_mrd,2011,144.27
bra,sex_f,edu_isced97_6,mts_details_mrd,2012,135.703
bra,sex_f,edu_isced97_6,mts_details_mrd,2013,132.042
bra,sex_f,edu_isced97_6,mts_details_mrd,2014,159.944
bra,sex_f,edu_isced97_6,mts_details_mrd,2015,160.863
bra,sex_f,edu_isced97_6,mts_details_sep,2009,31.667
bra,sex_f,edu_isced97_6,mts_details_sep,2011,33.963
bra,sex_f,edu_isced97_6,mts_details_sep,2012,34.278
bra,sex_f,edu_isced97_6,mts_details_sep,2013,43.772
bra,sex_f,edu_isced97_6,mts_details_sep,2014,45.618
bra,sex_f,edu_isced97_6,mts_details_sep,2015,49.288
bra,sex_f,edu_isced97_6,mts_details_sgle,2009,74.658
bra,sex_f,edu_isced97_6,mts_details_sgle,2011,81.415
bra,sex_f,edu_isced97_6,mts_details_sgle,2012,72.411
bra,sex_f,edu_isced97_6,mts_details_sgle,2013,83.684
bra,sex_f,edu_isced97_6,mts_details_sgle,2014,67.307
bra,sex_f,edu_isced97_6,mts_details_sgle,2015,86.596
bra,sex_f,edu_isced97_6,mts_details_total,2009,237.465
bra,sex_f,edu_isced97_6,mts_details_total,2011,295.116
bra,sex_f,edu_isced97_6,mts_details_total,2012,276.587
bra,sex_f,edu_isced97_6,mts_details_total,2013,296.38
bra,sex_f,edu_isced97_6,mts_details_total,2014,317.069
bra,sex_f,edu_isced97_6,mts_details_total,2015,339.166
bra,sex_f,edu_isced97_6,mts_details_union,2011,23.222
bra,sex_f,edu_isced97_6,mts_details_union,2012,22.565
bra,sex_f,edu_isced97_6,mts_details_union,2013,25.493
bra,sex_f,edu_isced97_6,mts_details_union,2014,30.973
bra,sex_f,edu_isced97_6,mts_details_union,2015,32.6
bra,sex_f,edu_isced97_6,mts_details_wid,2009,6.286
bra,sex_f,edu_isced97_6,mts_details_wid,2011,6.028
bra,sex_f,edu_isced97_6,mts_details_wid,2012,7.389
bra,sex_f,edu_isced97_6,mts_details_wid,2013,8.322
bra,sex_f,edu_isced97_6,mts_details_wid,2014,10.212
bra,sex_f,edu_isced97_6,mts_details_wid,2015,6.427
bra,sex_f,edu_isced97_6,mts_details_x,2011,6.218
bra,sex_f,edu_isced97_6,mts_details_x,2012,4.241
bra,sex_f,edu_isced97_6,mts_details_x,2013,3.067
bra,sex_f,edu_isced97_6,mts_details_x,2014,3.015
bra,sex_f,edu_isced97_6,mts_details_x,2015,3.392
bra,sex_f,edu_isced97_total,mts_aggregate_1,2009,15410.123
bra,sex_f,edu_isced97_total,mts_aggregate_1,2011,13410.821
bra,sex_f,edu_isced97_total,mts_aggregate_1,2012,13667.325
bra,sex_f,edu_isced97_total,mts_aggregate_1,2013,14069.684
bra,sex_f,edu_isced97_total,mts_aggregate_1,2014,14248.24
bra,sex_f,edu_isced97_total,mts_aggregate_1,2015,13349.384
bra,sex_f,edu_isced97_total,mts_aggregate_2,2009,10999.552
bra,sex_f,edu_isced97_total,mts_aggregate_2,2011,13609.775
bra,sex_f,edu_isced97_total,mts_aggregate_2,2012,14070.32
bra,sex_f,edu_isced97_total,mts_aggregate_2,2013,14636.349
bra,sex_f,edu_isced97_total,mts_aggregate_2,2014,15018.855
bra,sex_f,edu_isced97_total,mts_aggregate_2,2015,14419.376
bra,sex_f,edu_isced97_total,mts_aggregate_total,2009,26409.675
bra,sex_f,edu_isced97_total,mts_aggregate_total,2011,27627.001
bra,sex_f,edu_isced97_total,mts_aggregate_total,2012,28386.371
bra,sex_f,edu_isced97_total,mts_aggregate_total,2013,29212.611
bra,sex_f,edu_isced97_total,mts_aggregate_total,2014,29756.769
bra,sex_f,edu_isced97_total,mts_aggregate_total,2015,28362.313
bra,sex_f,edu_isced97_total,mts_aggregate_x,2011,606.405
bra,sex_f,edu_isced97_total,mts_aggregate_x,2012,648.726
bra,sex_f,edu_isced97_total,mts_aggregate_x,2013,506.578
bra,sex_f,edu_isced97_total,mts_aggregate_x,2014,489.674
bra,sex_f,edu_isced97_total,mts_aggregate_x,2015,593.553
bra,sex_f,edu_isced97_total,mts_details_mrd,2009,10999.552
bra,sex_f,edu_isced97_total,mts_details_mrd,2011,9413.199
bra,sex_f,edu_isced97_total,mts_details_mrd,2012,9589.536
bra,sex_f,edu_isced97_total,mts_details_mrd,2013,9833.801
bra,sex_f,edu_isced97_total,mts_details_mrd,2014,9960.739
bra,sex_f,edu_isced97_total,mts_details_mrd,2015,9768.346
bra,sex_f,edu_isced97_total,mts_details_sep,2009,2321.223
bra,sex_f,edu_isced97_total,mts_details_sep,2011,2484.24
bra,sex_f,edu_isced97_total,mts_details_sep,2012,2510.513
bra,sex_f,edu_isced97_total,mts_details_sep,2013,2676.841
bra,sex_f,edu_isced97_total,mts_details_sep,2014,2667.614
bra,sex_f,edu_isced97_total,mts_details_sep,2015,2661.048
bra,sex_f,edu_isced97_total,mts_details_sgle,2009,12326.928
bra,sex_f,edu_isced97_total,mts_details_sgle,2011,10094.132
bra,sex_f,edu_isced97_total,mts_details_sgle,2012,10305.172
bra,sex_f,edu_isced97_total,mts_details_sgle,2013,10530.636
bra,sex_f,edu_isced97_total,mts_details_sgle,2014,10699.059
bra,sex_f,edu_isced97_total,mts_details_sgle,2015,9865.618
bra,sex_f,edu_isced97_total,mts_details_total,2009,26409.675
bra,sex_f,edu_isced97_total,mts_details_total,2011,27627.001
bra,sex_f,edu_isced97_total,mts_details_total,2012,28386.371
bra,sex_f,edu_isced97_total,mts_details_total,2013,29212.611
bra,sex_f,edu_isced97_total,mts_details_total,2014,29756.769
bra,sex_f,edu_isced97_total,mts_details_total,2015,28362.313
bra,sex_f,edu_isced97_total,mts_details_union,2011,4196.576
bra,sex_f,edu_isced97_total,mts_details_union,2012,4480.784
bra,sex_f,edu_isced97_total,mts_details_union,2013,4802.548
bra,sex_f,edu_isced97_total,mts_details_union,2014,5058.116
bra,sex_f,edu_isced97_total,mts_details_union,2015,4651.03
bra,sex_f,edu_isced97_total,mts_details_wid,2009,761.972
bra,sex_f,edu_isced97_total,mts_details_wid,2011,832.449
bra,sex_f,edu_isced97_total,mts_details_wid,2012,851.64
bra,sex_f,edu_isced97_total,mts_details_wid,2013,862.207
bra,sex_f,edu_isced97_total,mts_details_wid,2014,881.567
bra,sex_f,edu_isced97_total,mts_details_wid,2015,822.718
bra,sex_f,edu_isced97_total,mts_details_x,2011,606.405
bra,sex_f,edu_isced97_total,mts_details_x,2012,648.726
bra,sex_f,edu_isced97_total,mts_details_x,2013,506.578
bra,sex_f,edu_isced97_total,mts_details_x,2014,489.674
bra,sex_f,edu_isced97_total,mts_details_x,2015,593.553
bra,sex_f,edu_isced97_unk,mts_aggregate_1,2009,51.915
bra,sex_f,edu_isced97_unk,mts_aggregate_2,2009,41.763
bra,sex_f,edu_isced97_unk,mts_aggregate_total,2009,93.678
bra,sex_f,edu_isced97_unk,mts_details_mrd,2009,41.763
bra,sex_f,edu_isced97_unk,mts_details_sep,2009,11.511
bra,sex_f,edu_isced97_unk,mts_details_sgle,2009,33.475
bra,sex_f,edu_isced97_unk,mts_details_total,2009,93.678
bra,sex_f,edu_isced97_unk,mts_details_wid,2009,6.929
bra,sex_f,edu_isced97_x,mts_aggregate_1,2009,270.188
bra,sex_f,edu_isced97_x,mts_aggregate_1,2011,238.79
bra,sex_f,edu_isced97_x,mts_aggregate_1,2012,209.594
bra,sex_f,edu_isced97_x,mts_aggregate_1,2013,235.023
bra,sex_f,edu_isced97_x,mts_aggregate_1,2014,225.839
bra,sex_f,edu_isced97_x,mts_aggregate_1,2015,190.852
bra,sex_f,edu_isced97_x,mts_aggregate_2,2009,194.944
bra,sex_f,edu_isced97_x,mts_aggregate_2,2011,260.222
bra,sex_f,edu_isced97_x,mts_aggregate_2,2012,233.981
bra,sex_f,edu_isced97_x,mts_aggregate_2,2013,245.142
bra,sex_f,edu_isced97_x,mts_aggregate_2,2014,222.899
bra,sex_f,edu_isced97_x,mts_aggregate_2,2015,202.998
bra,sex_f,edu_isced97_x,mts_aggregate_total,2009,465.132
bra,sex_f,edu_isced97_x,mts_aggregate_total,2011,517.892
bra,sex_f,edu_isced97_x,mts_aggregate_total,2012,469.642
bra,sex_f,edu_isced97_x,mts_aggregate_total,2013,502.358
bra,sex_f,edu_isced97_x,mts_aggregate_total,2014,460.566
bra,sex_f,edu_isced97_x,mts_aggregate_total,2015,403.812
bra,sex_f,edu_isced97_x,mts_aggregate_x,2011,18.88
bra,sex_f,edu_isced97_x,mts_aggregate_x,2012,26.067
bra,sex_f,edu_isced97_x,mts_aggregate_x,2013,22.193
bra,sex_f,edu_isced97_x,mts_aggregate_x,2014,11.828
bra,sex_f,edu_isced97_x,mts_aggregate_x,2015,9.962
bra,sex_f,edu_isced97_x,mts_details_mrd,2009,194.944
bra,sex_f,edu_isced97_x,mts_details_mrd,2011,161.172
bra,sex_f,edu_isced97_x,mts_details_mrd,2012,149.93
bra,sex_f,edu_isced97_x,mts_details_mrd,2013,142.28
bra,sex_f,edu_isced97_x,mts_details_mrd,2014,127.827
bra,sex_f,edu_isced97_x,mts_details_mrd,2015,112.167
bra,sex_f,edu_isced97_x,mts_details_sep,2009,57.852
bra,sex_f,edu_isced97_x,mts_details_sep,2011,63.763
bra,sex_f,edu_isced97_x,mts_details_sep,2012,45.475
bra,sex_f,edu_isced97_x,mts_details_sep,2013,48.655
bra,sex_f,edu_isced97_x,mts_details_sep,2014,53.511
bra,sex_f,edu_isced97_x,mts_details_sep,2015,44.973
bra,sex_f,edu_isced97_x,mts_details_sgle,2009,160.824
bra,sex_f,edu_isced97_x,mts_details_sgle,2011,125.074
bra,sex_f,edu_isced97_x,mts_details_sgle,2012,110.346
bra,sex_f,edu_isced97_x,mts_details_sgle,2013,132.677
bra,sex_f,edu_isced97_x,mts_details_sgle,2014,129.791
bra,sex_f,edu_isced97_x,mts_details_sgle,2015,106.207
bra,sex_f,edu_isced97_x,mts_details_total,2009,465.132
bra,sex_f,edu_isced97_x,mts_details_total,2011,517.892
bra,sex_f,edu_isced97_x,mts_details_total,2012,469.642
bra,sex_f,edu_isced97_x,mts_details_total,2013,502.358
bra,sex_f,edu_isced97_x,mts_details_total,2014,460.566
bra,sex_f,edu_isced97_x,mts_details_total,2015,403.812
bra,sex_f,edu_isced97_x,mts_details_union,2011,99.05
bra,sex_f,edu_isced97_x,mts_details_union,2012,84.051
bra,sex_f,edu_isced97_x,mts_details_union,2013,102.862
bra,sex_f,edu_isced97_x,mts_details_union,2014,95.072
bra,sex_f,edu_isced97_x,mts_details_union,2015,90.831
bra,sex_f,edu_isced97_x,mts_details_wid,2009,51.512
bra,sex_f,edu_isced97_x,mts_details_wid,2011,49.953
bra,sex_f,edu_isced97_x,mts_details_wid,2012,53.773
bra,sex_f,edu_isced97_x,mts_details_wid,2013,53.691
bra,sex_f,edu_isced97_x,mts_details_wid,2014,42.537
bra,sex_f,edu_isced97_x,mts_details_wid,2015,39.672
bra,sex_f,edu_isced97_x,mts_details_x,2011,18.88
bra,sex_f,edu_isced97_x,mts_details_x,2012,26.067
bra,sex_f,edu_isced97_x,mts_details_x,2013,22.193
bra,sex_f,edu_isced97_x,mts_details_x,2014,11.828
bra,sex_f,edu_isced97_x,mts_details_x,2015,9.962
bra,sex_m,edu_aggregate_adv,mts_aggregate_1,2009,1271.148
bra,sex_m,edu_aggregate_adv,mts_aggregate_1,2011,1327.193
bra,sex_m,edu_aggregate_adv,mts_aggregate_1,2012,1399.682
bra,sex_m,edu_aggregate_adv,mts_aggregate_1,2013,1497.424
bra,sex_m,edu_aggregate_adv,mts_aggregate_1,2014,1610.142
bra,sex_m,edu_aggregate_adv,mts_aggregate_1,2015,1611.571
bra,sex_m,edu_aggregate_adv,mts_aggregate_2,2009,1951.643
bra,sex_m,edu_aggregate_adv,mts_aggregate_2,2011,2221.502
bra,sex_m,edu_aggregate_adv,mts_aggregate_2,2012,2393.169
bra,sex_m,edu_aggregate_adv,mts_aggregate_2,2013,2620.584
bra,sex_m,edu_aggregate_adv,mts_aggregate_2,2014,2625.861
bra,sex_m,edu_aggregate_adv,mts_aggregate_2,2015,2715.209
bra,sex_m,edu_aggregate_adv,mts_aggregate_total,2009,3222.791
bra,sex_m,edu_aggregate_adv,mts_aggregate_total,2011,3610.39
bra,sex_m,edu_aggregate_adv,mts_aggregate_total,2012,3849.004
bra,sex_m,edu_aggregate_adv,mts_aggregate_total,2013,4182.888
bra,sex_m,edu_aggregate_adv,mts_aggregate_total,2014,4299.878
bra,sex_m,edu_aggregate_adv,mts_aggregate_total,2015,4400.693
bra,sex_m,edu_aggregate_adv,mts_aggregate_x,2011,61.695
bra,sex_m,edu_aggregate_adv,mts_aggregate_x,2012,56.153
bra,sex_m,edu_aggregate_adv,mts_aggregate_x,2013,64.88
bra,sex_m,edu_aggregate_adv,mts_aggregate_x,2014,63.875
bra,sex_m,edu_aggregate_adv,mts_aggregate_x,2015,73.913
bra,sex_m,edu_aggregate_adv,mts_details_mrd,2009,1951.643
bra,sex_m,edu_aggregate_adv,mts_details_mrd,2011,1903.388
bra,sex_m,edu_aggregate_adv,mts_details_mrd,2012,2039.51
bra,sex_m,edu_aggregate_adv,mts_details_mrd,2013,2195.743
bra,sex_m,edu_aggregate_adv,mts_details_mrd,2014,2202.912
bra,sex_m,edu_aggregate_adv,mts_details_mrd,2015,2284.899
bra,sex_m,edu_aggregate_adv,mts_details_sep,2009,171.346
bra,sex_m,edu_aggregate_adv,mts_details_sep,2011,232.708
bra,sex_m,edu_aggregate_adv,mts_details_sep,2012,250.453
bra,sex_m,edu_aggregate_adv,mts_details_sep,2013,283.186
bra,sex_m,edu_aggregate_adv,mts_details_sep,2014,275.135
bra,sex_m,edu_aggregate_adv,mts_details_sep,2015,274.39
bra,sex_m,edu_aggregate_adv,mts_details_sgle,2009,1082.092
bra,sex_m,edu_aggregate_adv,mts_details_sgle,2011,1083.128
bra,sex_m,edu_aggregate_adv,mts_details_sgle,2012,1132.053
bra,sex_m,edu_aggregate_adv,mts_details_sgle,2013,1191.66
bra,sex_m,edu_aggregate_adv,mts_details_sgle,2014,1314.024
bra,sex_m,edu_aggregate_adv,mts_details_sgle,2015,1315.309
bra,sex_m,edu_aggregate_adv,mts_details_total,2009,3222.791
bra,sex_m,edu_aggregate_adv,mts_details_total,2011,3610.39
bra,sex_m,edu_aggregate_adv,mts_details_total,2012,3849.004
bra,sex_m,edu_aggregate_adv,mts_details_total,2013,4182.888
bra,sex_m,edu_aggregate_adv,mts_details_total,2014,4299.878
bra,sex_m,edu_aggregate_adv,mts_details_total,2015,4400.693
bra,sex_m,edu_aggregate_adv,mts_details_union,2011,318.114
bra,sex_m,edu_aggregate_adv,mts_details_union,2012,353.659
bra,sex_m,edu_aggregate_adv,mts_details_union,2013,424.841
bra,sex_m,edu_aggregate_adv,mts_details_union,2014,422.949
bra,sex_m,edu_aggregate_adv,mts_details_union,2015,430.31
bra,sex_m,edu_aggregate_adv,mts_details_wid,2009,17.71
bra,sex_m,edu_aggregate_adv,mts_details_wid,2011,11.357
bra,sex_m,edu_aggregate_adv,mts_details_wid,2012,17.176
bra,sex_m,edu_aggregate_adv,mts_details_wid,2013,22.578
bra,sex_m,edu_aggregate_adv,mts_details_wid,2014,20.983
bra,sex_m,edu_aggregate_adv,mts_details_wid,2015,21.872
bra,sex_m,edu_aggregate_adv,mts_details_x,2011,61.695
bra,sex_m,edu_aggregate_adv,mts_details_x,2012,56.153
bra,sex_m,edu_aggregate_adv,mts_details_x,2013,64.88
bra,sex_m,edu_aggregate_adv,mts_details_x,2014,63.875
bra,sex_m,edu_aggregate_adv,mts_details_x,2015,73.913
bra,sex_m,edu_aggregate_bas,mts_aggregate_1,2009,8773.164
bra,sex_m,edu_aggregate_bas,mts_aggregate_1,2011,6084.164
bra,sex_m,edu_aggregate_bas,mts_aggregate_1,2012,6273.246
bra,sex_m,edu_aggregate_bas,mts_aggregate_1,2013,6170.086
bra,sex_m,edu_aggregate_bas,mts_aggregate_1,2014,6181.163
bra,sex_m,edu_aggregate_bas,mts_aggregate_1,2015,5461.884
bra,sex_m,edu_aggregate_bas,mts_aggregate_2,2009,6956.687
bra,sex_m,edu_aggregate_bas,mts_aggregate_2,2011,8987.446
bra,sex_m,edu_aggregate_bas,mts_aggregate_2,2012,8884.321
bra,sex_m,edu_aggregate_bas,mts_aggregate_2,2013,9090.734
bra,sex_m,edu_aggregate_bas,mts_aggregate_2,2014,9084.916
bra,sex_m,edu_aggregate_bas,mts_aggregate_2,2015,8422.443
bra,sex_m,edu_aggregate_bas,mts_aggregate_total,2009,15729.851
bra,sex_m,edu_aggregate_bas,mts_aggregate_total,2011,15604.325
bra,sex_m,edu_aggregate_bas,mts_aggregate_total,2012,15735.531
bra,sex_m,edu_aggregate_bas,mts_aggregate_total,2013,15657.972
bra,sex_m,edu_aggregate_bas,mts_aggregate_total,2014,15673.681
bra,sex_m,edu_aggregate_bas,mts_aggregate_total,2015,14323.216
bra,sex_m,edu_aggregate_bas,mts_aggregate_x,2011,532.715
bra,sex_m,edu_aggregate_bas,mts_aggregate_x,2012,577.964
bra,sex_m,edu_aggregate_bas,mts_aggregate_x,2013,397.152
bra,sex_m,edu_aggregate_bas,mts_aggregate_x,2014,407.602
bra,sex_m,edu_aggregate_bas,mts_aggregate_x,2015,438.889
bra,sex_m,edu_aggregate_bas,mts_details_mrd,2009,6956.687
bra,sex_m,edu_aggregate_bas,mts_details_mrd,2011,5130.486
bra,sex_m,edu_aggregate_bas,mts_details_mrd,2012,4927.439
bra,sex_m,edu_aggregate_bas,mts_details_mrd,2013,4983.154
bra,sex_m,edu_aggregate_bas,mts_details_mrd,2014,4839.142
bra,sex_m,edu_aggregate_bas,mts_details_mrd,2015,4685.975
bra,sex_m,edu_aggregate_bas,mts_details_sep,2009,539.019
bra,sex_m,edu_aggregate_bas,mts_details_sep,2011,681.91
bra,sex_m,edu_aggregate_bas,mts_details_sep,2012,723.155
bra,sex_m,edu_aggregate_bas,mts_details_sep,2013,712.173
bra,sex_m,edu_aggregate_bas,mts_details_sep,2014,725.443
bra,sex_m,edu_aggregate_bas,mts_details_sep,2015,653.736
bra,sex_m,edu_aggregate_bas,mts_details_sgle,2009,8144.632
bra,sex_m,edu_aggregate_bas,mts_details_sgle,2011,5298.519
bra,sex_m,edu_aggregate_bas,mts_details_sgle,2012,5441.118
bra,sex_m,edu_aggregate_bas,mts_details_sgle,2013,5358.498
bra,sex_m,edu_aggregate_bas,mts_details_sgle,2014,5352.156
bra,sex_m,edu_aggregate_bas,mts_details_sgle,2015,4698.862
bra,sex_m,edu_aggregate_bas,mts_details_total,2009,15729.851
bra,sex_m,edu_aggregate_bas,mts_details_total,2011,15604.325
bra,sex_m,edu_aggregate_bas,mts_details_total,2012,15735.531
bra,sex_m,edu_aggregate_bas,mts_details_total,2013,15657.972
bra,sex_m,edu_aggregate_bas,mts_details_total,2014,15673.681
bra,sex_m,edu_aggregate_bas,mts_details_total,2015,14323.216
bra,sex_m,edu_aggregate_bas,mts_details_union,2011,3856.96
bra,sex_m,edu_aggregate_bas,mts_details_union,2012,3956.882
bra,sex_m,edu_aggregate_bas,mts_details_union,2013,4107.58
bra,sex_m,edu_aggregate_bas,mts_details_union,2014,4245.774
bra,sex_m,edu_aggregate_bas,mts_details_union,2015,3736.468
bra,sex_m,edu_aggregate_bas,mts_details_wid,2009,89.513
bra,sex_m,edu_aggregate_bas,mts_details_wid,2011,103.735
bra,sex_m,edu_aggregate_bas,mts_details_wid,2012,108.973
bra,sex_m,edu_aggregate_bas,mts_details_wid,2013,99.415
bra,sex_m,edu_aggregate_bas,mts_details_wid,2014,103.564
bra,sex_m,edu_aggregate_bas,mts_details_wid,2015,109.286
bra,sex_m,edu_aggregate_bas,mts_details_x,2011,532.715
bra,sex_m,edu_aggregate_bas,mts_details_x,2012,577.964
bra,sex_m,edu_aggregate_bas,mts_details_x,2013,397.152
bra,sex_m,edu_aggregate_bas,mts_details_x,2014,407.602
bra,sex_m,edu_aggregate_bas,mts_details_x,2015,438.889
bra,sex_m,edu_aggregate_int,mts_aggregate_1,2009,6435.614
bra,sex_m,edu_aggregate_int,mts_aggregate_1,2011,5564.263
bra,sex_m,edu_aggregate_int,mts_aggregate_1,2012,5860.054
bra,sex_m,edu_aggregate_int,mts_aggregate_1,2013,5928.751
bra,sex_m,edu_aggregate_int,mts_aggregate_1,2014,6034.406
bra,sex_m,edu_aggregate_int,mts_aggregate_1,2015,5804.445
bra,sex_m,edu_aggregate_int,mts_aggregate_2,2009,5204.469
bra,sex_m,edu_aggregate_int,mts_aggregate_2,2011,6735.819
bra,sex_m,edu_aggregate_int,mts_aggregate_2,2012,6979.678
bra,sex_m,edu_aggregate_int,mts_aggregate_2,2013,7356.1
bra,sex_m,edu_aggregate_int,mts_aggregate_2,2014,7360.874
bra,sex_m,edu_aggregate_int,mts_aggregate_2,2015,7289.412
bra,sex_m,edu_aggregate_int,mts_aggregate_total,2009,11640.083
bra,sex_m,edu_aggregate_int,mts_aggregate_total,2011,12594.177
bra,sex_m,edu_aggregate_int,mts_aggregate_total,2012,13151.578
bra,sex_m,edu_aggregate_int,mts_aggregate_total,2013,13525.958
bra,sex_m,edu_aggregate_int,mts_aggregate_total,2014,13640.31
bra,sex_m,edu_aggregate_int,mts_aggregate_total,2015,13417.188
bra,sex_m,edu_aggregate_int,mts_aggregate_x,2011,294.095
bra,sex_m,edu_aggregate_int,mts_aggregate_x,2012,311.846
bra,sex_m,edu_aggregate_int,mts_aggregate_x,2013,241.107
bra,sex_m,edu_aggregate_int,mts_aggregate_x,2014,245.03
bra,sex_m,edu_aggregate_int,mts_aggregate_x,2015,323.331
bra,sex_m,edu_aggregate_int,mts_details_mrd,2009,5204.469
bra,sex_m,edu_aggregate_int,mts_details_mrd,2011,4719.954
bra,sex_m,edu_aggregate_int,mts_details_mrd,2012,4898.938
bra,sex_m,edu_aggregate_int,mts_details_mrd,2013,4985.06
bra,sex_m,edu_aggregate_int,mts_details_mrd,2014,4931.322
bra,sex_m,edu_aggregate_int,mts_details_mrd,2015,4983.354
bra,sex_m,edu_aggregate_int,mts_details_sep,2009,410.131
bra,sex_m,edu_aggregate_int,mts_details_sep,2011,534.382
bra,sex_m,edu_aggregate_int,mts_details_sep,2012,562.647
bra,sex_m,edu_aggregate_int,mts_details_sep,2013,651.214
bra,sex_m,edu_aggregate_int,mts_details_sep,2014,633.613
bra,sex_m,edu_aggregate_int,mts_details_sep,2015,601.555
bra,sex_m,edu_aggregate_int,mts_details_sgle,2009,5985.507
bra,sex_m,edu_aggregate_int,mts_details_sgle,2011,4987.52
bra,sex_m,edu_aggregate_int,mts_details_sgle,2012,5242.983
bra,sex_m,edu_aggregate_int,mts_details_sgle,2013,5228.575
bra,sex_m,edu_aggregate_int,mts_details_sgle,2014,5341.219
bra,sex_m,edu_aggregate_int,mts_details_sgle,2015,5155.56
bra,sex_m,edu_aggregate_int,mts_details_total,2009,11640.083
bra,sex_m,edu_aggregate_int,mts_details_total,2011,12594.177
bra,sex_m,edu_aggregate_int,mts_details_total,2012,13151.578
bra,sex_m,edu_aggregate_int,mts_details_total,2013,13525.958
bra,sex_m,edu_aggregate_int,mts_details_total,2014,13640.31
bra,sex_m,edu_aggregate_int,mts_details_total,2015,13417.188
bra,sex_m,edu_aggregate_int,mts_details_union,2011,2015.865
bra,sex_m,edu_aggregate_int,mts_details_union,2012,2080.74
bra,sex_m,edu_aggregate_int,mts_details_union,2013,2371.04
bra,sex_m,edu_aggregate_int,mts_details_union,2014,2429.552
bra,sex_m,edu_aggregate_int,mts_details_union,2015,2306.058
bra,sex_m,edu_aggregate_int,mts_details_wid,2009,39.976
bra,sex_m,edu_aggregate_int,mts_details_wid,2011,42.361
bra,sex_m,edu_aggregate_int,mts_details_wid,2012,54.424
bra,sex_m,edu_aggregate_int,mts_details_wid,2013,48.962
bra,sex_m,edu_aggregate_int,mts_details_wid,2014,59.574
bra,sex_m,edu_aggregate_int,mts_details_wid,2015,47.33
bra,sex_m,edu_aggregate_int,mts_details_x,2011,294.095
bra,sex_m,edu_aggregate_int,mts_details_x,2012,311.846
bra,sex_m,edu_aggregate_int,mts_details_x,2013,241.107
bra,sex_m,edu_aggregate_int,mts_details_x,2014,245.03
bra,sex_m,edu_aggregate_int,mts_details_x,2015,323.331
bra,sex_m,edu_aggregate_ltb,mts_aggregate_1,2009,954.648
bra,sex_m,edu_aggregate_ltb,mts_aggregate_1,2011,635.934
bra,sex_m,edu_aggregate_ltb,mts_aggregate_1,2012,606.055
bra,sex_m,edu_aggregate_ltb,mts_aggregate_1,2013,625.984
bra,sex_m,edu_aggregate_ltb,mts_aggregate_1,2014,561.856
bra,sex_m,edu_aggregate_ltb,mts_aggregate_1,2015,523.615
bra,sex_m,edu_aggregate_ltb,mts_aggregate_2,2009,1565.658
bra,sex_m,edu_aggregate_ltb,mts_aggregate_2,2011,1771.093
bra,sex_m,edu_aggregate_ltb,mts_aggregate_2,2012,1569.297
bra,sex_m,edu_aggregate_ltb,mts_aggregate_2,2013,1541.832
bra,sex_m,edu_aggregate_ltb,mts_aggregate_2,2014,1464.891
bra,sex_m,edu_aggregate_ltb,mts_aggregate_2,2015,1250.69
bra,sex_m,edu_aggregate_ltb,mts_aggregate_total,2009,2520.306
bra,sex_m,edu_aggregate_ltb,mts_aggregate_total,2011,2538.013
bra,sex_m,edu_aggregate_ltb,mts_aggregate_total,2012,2296.084
bra,sex_m,edu_aggregate_ltb,mts_aggregate_total,2013,2251.075
bra,sex_m,edu_aggregate_ltb,mts_aggregate_total,2014,2105.488
bra,sex_m,edu_aggregate_ltb,mts_aggregate_total,2015,1849.079
bra,sex_m,edu_aggregate_ltb,mts_aggregate_x,2011,130.986
bra,sex_m,edu_aggregate_ltb,mts_aggregate_x,2012,120.732
bra,sex_m,edu_aggregate_ltb,mts_aggregate_x,2013,83.259
bra,sex_m,edu_aggregate_ltb,mts_aggregate_x,2014,78.741
bra,sex_m,edu_aggregate_ltb,mts_aggregate_x,2015,74.774
bra,sex_m,edu_aggregate_ltb,mts_details_mrd,2009,1565.658
bra,sex_m,edu_aggregate_ltb,mts_details_mrd,2011,1228.067
bra,sex_m,edu_aggregate_ltb,mts_details_mrd,2012,1069.777
bra,sex_m,edu_aggregate_ltb,mts_details_mrd,2013,1034.583
bra,sex_m,edu_aggregate_ltb,mts_details_mrd,2014,994.397
bra,sex_m,edu_aggregate_ltb,mts_details_mrd,2015,859.75
bra,sex_m,edu_aggregate_ltb,mts_details_sep,2009,153.277
bra,sex_m,edu_aggregate_ltb,mts_details_sep,2011,173.576
bra,sex_m,edu_aggregate_ltb,mts_details_sep,2012,140.789
bra,sex_m,edu_aggregate_ltb,mts_details_sep,2013,164.154
bra,sex_m,edu_aggregate_ltb,mts_details_sep,2014,155.801
bra,sex_m,edu_aggregate_ltb,mts_details_sep,2015,134.725
bra,sex_m,edu_aggregate_ltb,mts_details_sgle,2009,738.254
bra,sex_m,edu_aggregate_ltb,mts_details_sgle,2011,388.452
bra,sex_m,edu_aggregate_ltb,mts_details_sgle,2012,403.966
bra,sex_m,edu_aggregate_ltb,mts_details_sgle,2013,386.839
bra,sex_m,edu_aggregate_ltb,mts_details_sgle,2014,340.606
bra,sex_m,edu_aggregate_ltb,mts_details_sgle,2015,329.231
bra,sex_m,edu_aggregate_ltb,mts_details_total,2009,2520.306
bra,sex_m,edu_aggregate_ltb,mts_details_total,2011,2538.013
bra,sex_m,edu_aggregate_ltb,mts_details_total,2012,2296.084
bra,sex_m,edu_aggregate_ltb,mts_details_total,2013,2251.075
bra,sex_m,edu_aggregate_ltb,mts_details_total,2014,2105.488
bra,sex_m,edu_aggregate_ltb,mts_details_total,2015,1849.079
bra,sex_m,edu_aggregate_ltb,mts_details_union,2011,543.026
bra,sex_m,edu_aggregate_ltb,mts_details_union,2012,499.52
bra,sex_m,edu_aggregate_ltb,mts_details_union,2013,507.249
bra,sex_m,edu_aggregate_ltb,mts_details_union,2014,470.494
bra,sex_m,edu_aggregate_ltb,mts_details_union,2015,390.94
bra,sex_m,edu_aggregate_ltb,mts_details_wid,2009,63.117
bra,sex_m,edu_aggregate_ltb,mts_details_wid,2011,73.906
bra,sex_m,edu_aggregate_ltb,mts_details_wid,2012,61.3
bra,sex_m,edu_aggregate_ltb,mts_details_wid,2013,74.991
bra,sex_m,edu_aggregate_ltb,mts_details_wid,2014,65.449
bra,sex_m,edu_aggregate_ltb,mts_details_wid,2015,59.659
bra,sex_m,edu_aggregate_ltb,mts_details_x,2011,130.986
bra,sex_m,edu_aggregate_ltb,mts_details_x,2012,120.732
bra,sex_m,edu_aggregate_ltb,mts_details_x,2013,83.259
bra,sex_m,edu_aggregate_ltb,mts_details_x,2014,78.741
bra,sex_m,edu_aggregate_ltb,mts_details_x,2015,74.774
bra,sex_m,edu_aggregate_total,mts_aggregate_1,2009,17508.529
bra,sex_m,edu_aggregate_total,mts_aggregate_1,2011,13611.554
bra,sex_m,edu_aggregate_total,mts_aggregate_1,2012,14139.037
bra,sex_m,edu_aggregate_total,mts_aggregate_1,2013,14222.245
bra,sex_m,edu_aggregate_total,mts_aggregate_1,2014,14387.567
bra,sex_m,edu_aggregate_total,mts_aggregate_1,2015,13401.515
bra,sex_m,edu_aggregate_total,mts_aggregate_2,2009,15779.697
bra,sex_m,edu_aggregate_total,mts_aggregate_2,2011,19715.86
bra,sex_m,edu_aggregate_total,mts_aggregate_2,2012,19826.465
bra,sex_m,edu_aggregate_total,mts_aggregate_2,2013,20609.25
bra,sex_m,edu_aggregate_total,mts_aggregate_2,2014,20536.542
bra,sex_m,edu_aggregate_total,mts_aggregate_2,2015,19677.754
bra,sex_m,edu_aggregate_total,mts_aggregate_total,2009,33288.226
bra,sex_m,edu_aggregate_total,mts_aggregate_total,2011,34346.905
bra,sex_m,edu_aggregate_total,mts_aggregate_total,2012,35032.197
bra,sex_m,edu_aggregate_total,mts_aggregate_total,2013,35617.893
bra,sex_m,edu_aggregate_total,mts_aggregate_total,2014,35719.357
bra,sex_m,edu_aggregate_total,mts_aggregate_total,2015,33990.176
bra,sex_m,edu_aggregate_total,mts_aggregate_x,2011,1019.491
bra,sex_m,edu_aggregate_total,mts_aggregate_x,2012,1066.695
bra,sex_m,edu_aggregate_total,mts_aggregate_x,2013,786.398
bra,sex_m,edu_aggregate_total,mts_aggregate_x,2014,795.248
bra,sex_m,edu_aggregate_total,mts_aggregate_x,2015,910.907
bra,sex_m,edu_aggregate_total,mts_details_mrd,2009,15779.697
bra,sex_m,edu_aggregate_total,mts_details_mrd,2011,12981.895
bra,sex_m,edu_aggregate_total,mts_details_mrd,2012,12935.664
bra,sex_m,edu_aggregate_total,mts_details_mrd,2013,13198.54
bra,sex_m,edu_aggregate_total,mts_details_mrd,2014,12967.773
bra,sex_m,edu_aggregate_total,mts_details_mrd,2015,12813.978
bra,sex_m,edu_aggregate_total,mts_details_sep,2009,1277.778
bra,sex_m,edu_aggregate_total,mts_details_sep,2011,1622.576
bra,sex_m,edu_aggregate_total,mts_details_sep,2012,1677.044
bra,sex_m,edu_aggregate_total,mts_details_sep,2013,1810.727
bra,sex_m,edu_aggregate_total,mts_details_sep,2014,1789.992
bra,sex_m,edu_aggregate_total,mts_details_sep,2015,1664.406
bra,sex_m,edu_aggregate_total,mts_details_sgle,2009,16016.849
bra,sex_m,edu_aggregate_total,mts_details_sgle,2011,11757.619
bra,sex_m,edu_aggregate_total,mts_details_sgle,2012,12220.12
bra,sex_m,edu_aggregate_total,mts_details_sgle,2013,12165.572
bra,sex_m,edu_aggregate_total,mts_details_sgle,2014,12348.005
bra,sex_m,edu_aggregate_total,mts_details_sgle,2015,11498.962
bra,sex_m,edu_aggregate_total,mts_details_total,2009,33288.226
bra,sex_m,edu_aggregate_total,mts_details_total,2011,34346.905
bra,sex_m,edu_aggregate_total,mts_details_total,2012,35032.197
bra,sex_m,edu_aggregate_total,mts_details_total,2013,35617.893
bra,sex_m,edu_aggregate_total,mts_details_total,2014,35719.357
bra,sex_m,edu_aggregate_total,mts_details_total,2015,33990.176
bra,sex_m,edu_aggregate_total,mts_details_union,2011,6733.965
bra,sex_m,edu_aggregate_total,mts_details_union,2012,6890.801
bra,sex_m,edu_aggregate_total,mts_details_union,2013,7410.71
bra,sex_m,edu_aggregate_total,mts_details_union,2014,7568.769
bra,sex_m,edu_aggregate_total,mts_details_union,2015,6863.776
bra,sex_m,edu_aggregate_total,mts_details_wid,2009,213.902
bra,sex_m,edu_aggregate_total,mts_details_wid,2011,231.359
bra,sex_m,edu_aggregate_total,mts_details_wid,2012,241.873
bra,sex_m,edu_aggregate_total,mts_details_wid,2013,245.946
bra,sex_m,edu_aggregate_total,mts_details_wid,2014,249.57
bra,sex_m,edu_aggregate_total,mts_details_wid,2015,238.147
bra,sex_m,edu_aggregate_total,mts_details_x,2011,1019.491
bra,sex_m,edu_aggregate_total,mts_details_x,2012,1066.695
bra,sex_m,edu_aggregate_total,mts_details_x,2013,786.398
bra,sex_m,edu_aggregate_total,mts_details_x,2014,795.248
bra,sex_m,edu_aggregate_total,mts_details_x,2015,910.907
bra,sex_m,edu_aggregate_x,mts_aggregate_1,2009,73.955
bra,sex_m,edu_aggregate_x,mts_aggregate_2,2009,101.24
bra,sex_m,edu_aggregate_x,mts_aggregate_total,2009,175.195
bra,sex_m,edu_aggregate_x,mts_details_mrd,2009,101.24
bra,sex_m,edu_aggregate_x,mts_details_sep,2009,4.005
bra,sex_m,edu_aggregate_x,mts_details_sgle,2009,66.364
bra,sex_m,edu_aggregate_x,mts_details_total,2009,175.195
bra,sex_m,edu_aggregate_x,mts_details_wid,2009,3.586
bra,sex_m,edu_isced97_0,mts_aggregate_1,2009,466.938
bra,sex_m,edu_isced97_0,mts_aggregate_1,2011,308.834
bra,sex_m,edu_isced97_0,mts_aggregate_1,2012,263.052
bra,sex_m,edu_isced97_0,mts_aggregate_1,2013,295.579
bra,sex_m,edu_isced97_0,mts_aggregate_1,2014,263.799
bra,sex_m,edu_isced97_0,mts_aggregate_1,2015,222.971
bra,sex_m,edu_isced97_0,mts_aggregate_2,2009,1017.658
bra,sex_m,edu_isced97_0,mts_aggregate_2,2011,1034.016
bra,sex_m,edu_isced97_0,mts_aggregate_2,2012,839.275
bra,sex_m,edu_isced97_0,mts_aggregate_2,2013,811.784
bra,sex_m,edu_isced97_0,mts_aggregate_2,2014,770.846
bra,sex_m,edu_isced97_0,mts_aggregate_2,2015,676.067
bra,sex_m,edu_isced97_0,mts_aggregate_total,2009,1484.596
bra,sex_m,edu_isced97_0,mts_aggregate_total,2011,1404.639
bra,sex_m,edu_isced97_0,mts_aggregate_total,2012,1150.669
bra,sex_m,edu_isced97_0,mts_aggregate_total,2013,1139.003
bra,sex_m,edu_isced97_0,mts_aggregate_total,2014,1072.457
bra,sex_m,edu_isced97_0,mts_aggregate_total,2015,934.609
bra,sex_m,edu_isced97_0,mts_aggregate_x,2011,61.789
bra,sex_m,edu_isced97_0,mts_aggregate_x,2012,48.342
bra,sex_m,edu_isced97_0,mts_aggregate_x,2013,31.64
bra,sex_m,edu_isced97_0,mts_aggregate_x,2014,37.812
bra,sex_m,edu_isced97_0,mts_aggregate_x,2015,35.571
bra,sex_m,edu_isced97_0,mts_details_mrd,2009,1017.658
bra,sex_m,edu_isced97_0,mts_details_mrd,2011,800.919
bra,sex_m,edu_isced97_0,mts_details_mrd,2012,653.36
bra,sex_m,edu_isced97_0,mts_details_mrd,2013,633.489
bra,sex_m,edu_isced97_0,mts_details_mrd,2014,602.641
bra,sex_m,edu_isced97_0,mts_details_mrd,2015,547.92
bra,sex_m,edu_isced97_0,mts_details_sep,2009,108.435
bra,sex_m,edu_isced97_0,mts_details_sep,2011,115.612
bra,sex_m,edu_isced97_0,mts_details_sep,2012,80.279
bra,sex_m,edu_isced97_0,mts_details_sep,2013,112.759
bra,sex_m,edu_isced97_0,mts_details_sep,2014,99.768
bra,sex_m,edu_isced97_0,mts_details_sep,2015,89.136
bra,sex_m,edu_isced97_0,mts_details_sgle,2009,320.222
bra,sex_m,edu_isced97_0,mts_details_sgle,2011,148.778
bra,sex_m,edu_isced97_0,mts_details_sgle,2012,148.373
bra,sex_m,edu_isced97_0,mts_details_sgle,2013,138.107
bra,sex_m,edu_isced97_0,mts_details_sgle,2014,124.135
bra,sex_m,edu_isced97_0,mts_details_sgle,2015,102.475
bra,sex_m,edu_isced97_0,mts_details_total,2009,1484.596
bra,sex_m,edu_isced97_0,mts_details_total,2011,1404.639
bra,sex_m,edu_isced97_0,mts_details_total,2012,1150.669
bra,sex_m,edu_isced97_0,mts_details_total,2013,1139.003
bra,sex_m,edu_isced97_0,mts_details_total,2014,1072.457
bra,sex_m,edu_isced97_0,mts_details_total,2015,934.609
bra,sex_m,edu_isced97_0,mts_details_union,2011,233.097
bra,sex_m,edu_isced97_0,mts_details_union,2012,185.915
bra,sex_m,edu_isced97_0,mts_details_union,2013,178.295
bra,sex_m,edu_isced97_0,mts_details_union,2014,168.205
bra,sex_m,edu_isced97_0,mts_details_union,2015,128.147
bra,sex_m,edu_isced97_0,mts_details_wid,2009,38.281
bra,sex_m,edu_isced97_0,mts_details_wid,2011,44.444
bra,sex_m,edu_isced97_0,mts_details_wid,2012,34.4
bra,sex_m,edu_isced97_0,mts_details_wid,2013,44.713
bra,sex_m,edu_isced97_0,mts_details_wid,2014,39.896
bra,sex_m,edu_isced97_0,mts_details_wid,2015,31.36
bra,sex_m,edu_isced97_0,mts_details_x,2011,61.789
bra,sex_m,edu_isced97_0,mts_details_x,2012,48.342
bra,sex_m,edu_isced97_0,mts_details_x,2013,31.64
bra,sex_m,edu_isced97_0,mts_details_x,2014,37.812
bra,sex_m,edu_isced97_0,mts_details_x,2015,35.571
bra,sex_m,edu_isced97_1,mts_aggregate_1,2009,4961.414
bra,sex_m,edu_isced97_1,mts_aggregate_1,2011,3051.07
bra,sex_m,edu_isced97_1,mts_aggregate_1,2012,3101.744
bra,sex_m,edu_isced97_1,mts_aggregate_1,2013,2986.44
bra,sex_m,edu_isced97_1,mts_aggregate_1,2014,2986.028
bra,sex_m,edu_isced97_1,mts_aggregate_1,2015,2626.706
bra,sex_m,edu_isced97_1,mts_aggregate_2,2009,4468.618
bra,sex_m,edu_isced97_1,mts_aggregate_2,2011,5443.48
bra,sex_m,edu_isced97_1,mts_aggregate_2,2012,5411.084
bra,sex_m,edu_isced97_1,mts_aggregate_2,2013,5439.466
bra,sex_m,edu_isced97_1,mts_aggregate_2,2014,5465.253
bra,sex_m,edu_isced97_1,mts_aggregate_2,2015,5012.644
bra,sex_m,edu_isced97_1,mts_aggregate_total,2009,9430.032
bra,sex_m,edu_isced97_1,mts_aggregate_total,2011,8823.487
bra,sex_m,edu_isced97_1,mts_aggregate_total,2012,8846.056
bra,sex_m,edu_isced97_1,mts_aggregate_total,2013,8660.168
bra,sex_m,edu_isced97_1,mts_aggregate_total,2014,8693.288
bra,sex_m,edu_isced97_1,mts_aggregate_total,2015,7887.372
bra,sex_m,edu_isced97_1,mts_aggregate_x,2011,328.937
bra,sex_m,edu_isced97_1,mts_aggregate_x,2012,333.228
bra,sex_m,edu_isced97_1,mts_aggregate_x,2013,234.262
bra,sex_m,edu_isced97_1,mts_aggregate_x,2014,242.007
bra,sex_m,edu_isced97_1,mts_aggregate_x,2015,248.022
bra,sex_m,edu_isced97_1,mts_details_mrd,2009,4468.618
bra,sex_m,edu_isced97_1,mts_details_mrd,2011,3040.218
bra,sex_m,edu_isced97_1,mts_details_mrd,2012,2958.001
bra,sex_m,edu_isced97_1,mts_details_mrd,2013,2953.954
bra,sex_m,edu_isced97_1,mts_details_mrd,2014,2901.407
bra,sex_m,edu_isced97_1,mts_details_mrd,2015,2779.298
bra,sex_m,edu_isced97_1,mts_details_sep,2009,327.402
bra,sex_m,edu_isced97_1,mts_details_sep,2011,423.48
bra,sex_m,edu_isced97_1,mts_details_sep,2012,430.947
bra,sex_m,edu_isced97_1,mts_details_sep,2013,418.842
bra,sex_m,edu_isced97_1,mts_details_sep,2014,424.122
bra,sex_m,edu_isced97_1,mts_details_sep,2015,390.638
bra,sex_m,edu_isced97_1,mts_details_sgle,2009,4571.582
bra,sex_m,edu_isced97_1,mts_details_sgle,2011,2560.171
bra,sex_m,edu_isced97_1,mts_details_sgle,2012,2599.289
bra,sex_m,edu_isced97_1,mts_details_sgle,2013,2495.948
bra,sex_m,edu_isced97_1,mts_details_sgle,2014,2492.258
bra,sex_m,edu_isced97_1,mts_details_sgle,2015,2162.501
bra,sex_m,edu_isced97_1,mts_details_total,2009,9430.032
bra,sex_m,edu_isced97_1,mts_details_total,2011,8823.487
bra,sex_m,edu_isced97_1,mts_details_total,2012,8846.056
bra,sex_m,edu_isced97_1,mts_details_total,2013,8660.168
bra,sex_m,edu_isced97_1,mts_details_total,2014,8693.288
bra,sex_m,edu_isced97_1,mts_details_total,2015,7887.372
bra,sex_m,edu_isced97_1,mts_details_union,2011,2403.262
bra,sex_m,edu_isced97_1,mts_details_union,2012,2453.083
bra,sex_m,edu_isced97_1,mts_details_union,2013,2485.512
bra,sex_m,edu_isced97_1,mts_details_union,2014,2563.846
bra,sex_m,edu_isced97_1,mts_details_union,2015,2233.346
bra,sex_m,edu_isced97_1,mts_details_wid,2009,62.43
bra,sex_m,edu_isced97_1,mts_details_wid,2011,67.419
bra,sex_m,edu_isced97_1,mts_details_wid,2012,71.508
bra,sex_m,edu_isced97_1,mts_details_wid,2013,71.65
bra,sex_m,edu_isced97_1,mts_details_wid,2014,69.648
bra,sex_m,edu_isced97_1,mts_details_wid,2015,73.567
bra,sex_m,edu_isced97_1,mts_details_x,2011,328.937
bra,sex_m,edu_isced97_1,mts_details_x,2012,333.228
bra,sex_m,edu_isced97_1,mts_details_x,2013,234.262
bra,sex_m,edu_isced97_1,mts_details_x,2014,242.007
bra,sex_m,edu_isced97_1,mts_details_x,2015,248.022
bra,sex_m,edu_isced97_2,mts_aggregate_1,2009,3811.75
bra,sex_m,edu_isced97_2,mts_aggregate_1,2011,3033.094
bra,sex_m,edu_isced97_2,mts_aggregate_1,2012,3171.502
bra,sex_m,edu_isced97_2,mts_aggregate_1,2013,3183.646
bra,sex_m,edu_isced97_2,mts_aggregate_1,2014,3195.135
bra,sex_m,edu_isced97_2,mts_aggregate_1,2015,2835.178
bra,sex_m,edu_isced97_2,mts_aggregate_2,2009,2488.069
bra,sex_m,edu_isced97_2,mts_aggregate_2,2011,3543.966
bra,sex_m,edu_isced97_2,mts_aggregate_2,2012,3473.237
bra,sex_m,edu_isced97_2,mts_aggregate_2,2013,3651.268
bra,sex_m,edu_isced97_2,mts_aggregate_2,2014,3619.663
bra,sex_m,edu_isced97_2,mts_aggregate_2,2015,3409.799
bra,sex_m,edu_isced97_2,mts_aggregate_total,2009,6299.819
bra,sex_m,edu_isced97_2,mts_aggregate_total,2011,6780.838
bra,sex_m,edu_isced97_2,mts_aggregate_total,2012,6889.475
bra,sex_m,edu_isced97_2,mts_aggregate_total,2013,6997.804
bra,sex_m,edu_isced97_2,mts_aggregate_total,2014,6980.393
bra,sex_m,edu_isced97_2,mts_aggregate_total,2015,6435.844
bra,sex_m,edu_isced97_2,mts_aggregate_x,2011,203.778
bra,sex_m,edu_isced97_2,mts_aggregate_x,2012,244.736
bra,sex_m,edu_isced97_2,mts_aggregate_x,2013,162.89
bra,sex_m,edu_isced97_2,mts_aggregate_x,2014,165.595
bra,sex_m,edu_isced97_2,mts_aggregate_x,2015,190.867
bra,sex_m,edu_isced97_2,mts_details_mrd,2009,2488.069
bra,sex_m,edu_isced97_2,mts_details_mrd,2011,2090.268
bra,sex_m,edu_isced97_2,mts_details_mrd,2012,1969.438
bra,sex_m,edu_isced97_2,mts_details_mrd,2013,2029.2
bra,sex_m,edu_isced97_2,mts_details_mrd,2014,1937.735
bra,sex_m,edu_isced97_2,mts_details_mrd,2015,1906.677
bra,sex_m,edu_isced97_2,mts_details_sep,2009,211.617
bra,sex_m,edu_isced97_2,mts_details_sep,2011,258.43
bra,sex_m,edu_isced97_2,mts_details_sep,2012,292.208
bra,sex_m,edu_isced97_2,mts_details_sep,2013,293.331
bra,sex_m,edu_isced97_2,mts_details_sep,2014,301.321
bra,sex_m,edu_isced97_2,mts_details_sep,2015,263.098
bra,sex_m,edu_isced97_2,mts_details_sgle,2009,3573.05
bra,sex_m,edu_isced97_2,mts_details_sgle,2011,2738.348
bra,sex_m,edu_isced97_2,mts_details_sgle,2012,2841.829
bra,sex_m,edu_isced97_2,mts_details_sgle,2013,2862.55
bra,sex_m,edu_isced97_2,mts_details_sgle,2014,2859.898
bra,sex_m,edu_isced97_2,mts_details_sgle,2015,2536.361
bra,sex_m,edu_isced97_2,mts_details_total,2009,6299.819
bra,sex_m,edu_isced97_2,mts_details_total,2011,6780.838
bra,sex_m,edu_isced97_2,mts_details_total,2012,6889.475
bra,sex_m,edu_isced97_2,mts_details_total,2013,6997.804
bra,sex_m,edu_isced97_2,mts_details_total,2014,6980.393
bra,sex_m,edu_isced97_2,mts_details_total,2015,6435.844
bra,sex_m,edu_isced97_2,mts_details_union,2011,1453.698
bra,sex_m,edu_isced97_2,mts_details_union,2012,1503.799
bra,sex_m,edu_isced97_2,mts_details_union,2013,1622.068
bra,sex_m,edu_isced97_2,mts_details_union,2014,1681.928
bra,sex_m,edu_isced97_2,mts_details_union,2015,1503.122
bra,sex_m,edu_isced97_2,mts_details_wid,2009,27.083
bra,sex_m,edu_isced97_2,mts_details_wid,2011,36.316
bra,sex_m,edu_isced97_2,mts_details_wid,2012,37.465
bra,sex_m,edu_isced97_2,mts_details_wid,2013,27.765
bra,sex_m,edu_isced97_2,mts_details_wid,2014,33.916
bra,sex_m,edu_isced97_2,mts_details_wid,2015,35.719
bra,sex_m,edu_isced97_2,mts_details_x,2011,203.778
bra,sex_m,edu_isced97_2,mts_details_x,2012,244.736
bra,sex_m,edu_isced97_2,mts_details_x,2013,162.89
bra,sex_m,edu_isced97_2,mts_details_x,2014,165.595
bra,sex_m,edu_isced97_2,mts_details_x,2015,190.867
bra,sex_m,edu_isced97_3,mts_aggregate_1,2009,6435.614
bra,sex_m,edu_isced97_3,mts_aggregate_1,2011,5564.263
bra,sex_m,edu_isced97_3,mts_aggregate_1,2012,5860.054
bra,sex_m,edu_isced97_3,mts_aggregate_1,2013,5928.751
bra,sex_m,edu_isced97_3,mts_aggregate_1,2014,6034.406
bra,sex_m,edu_isced97_3,mts_aggregate_1,2015,5804.445
bra,sex_m,edu_isced97_3,mts_aggregate_2,2009,5204.469
bra,sex_m,edu_isced97_3,mts_aggregate_2,2011,6735.819
bra,sex_m,edu_isced97_3,mts_aggregate_2,2012,6979.678
bra,sex_m,edu_isced97_3,mts_aggregate_2,2013,7356.1
bra,sex_m,edu_isced97_3,mts_aggregate_2,2014,7360.874
bra,sex_m,edu_isced97_3,mts_aggregate_2,2015,7289.412
bra,sex_m,edu_isced97_3,mts_aggregate_total,2009,11640.083
bra,sex_m,edu_isced97_3,mts_aggregate_total,2011,12594.177
bra,sex_m,edu_isced97_3,mts_aggregate_total,2012,13151.578
bra,sex_m,edu_isced97_3,mts_aggregate_total,2013,13525.958
bra,sex_m,edu_isced97_3,mts_aggregate_total,2014,13640.31
bra,sex_m,edu_isced97_3,mts_aggregate_total,2015,13417.188
bra,sex_m,edu_isced97_3,mts_aggregate_x,2011,294.095
bra,sex_m,edu_isced97_3,mts_aggregate_x,2012,311.846
bra,sex_m,edu_isced97_3,mts_aggregate_x,2013,241.107
bra,sex_m,edu_isced97_3,mts_aggregate_x,2014,245.03
bra,sex_m,edu_isced97_3,mts_aggregate_x,2015,323.331
bra,sex_m,edu_isced97_3,mts_details_mrd,2009,5204.469
bra,sex_m,edu_isced97_3,mts_details_mrd,2011,4719.954
bra,sex_m,edu_isced97_3,mts_details_mrd,2012,4898.938
bra,sex_m,edu_isced97_3,mts_details_mrd,2013,4985.06
bra,sex_m,edu_isced97_3,mts_details_mrd,2014,4931.322
bra,sex_m,edu_isced97_3,mts_details_mrd,2015,4983.354
bra,sex_m,edu_isced97_3,mts_details_sep,2009,410.131
bra,sex_m,edu_isced97_3,mts_details_sep,2011,534.382
bra,sex_m,edu_isced97_3,mts_details_sep,2012,562.647
bra,sex_m,edu_isced97_3,mts_details_sep,2013,651.214
bra,sex_m,edu_isced97_3,mts_details_sep,2014,633.613
bra,sex_m,edu_isced97_3,mts_details_sep,2015,601.555
bra,sex_m,edu_isced97_3,mts_details_sgle,2009,5985.507
bra,sex_m,edu_isced97_3,mts_details_sgle,2011,4987.52
bra,sex_m,edu_isced97_3,mts_details_sgle,2012,5242.983
bra,sex_m,edu_isced97_3,mts_details_sgle,2013,5228.575
bra,sex_m,edu_isced97_3,mts_details_sgle,2014,5341.219
bra,sex_m,edu_isced97_3,mts_details_sgle,2015,5155.56
bra,sex_m,edu_isced97_3,mts_details_total,2009,11640.083
bra,sex_m,edu_isced97_3,mts_details_total,2011,12594.177
bra,sex_m,edu_isced97_3,mts_details_total,2012,13151.578
bra,sex_m,edu_isced97_3,mts_details_total,2013,13525.958
bra,sex_m,edu_isced97_3,mts_details_total,2014,13640.31
bra,sex_m,edu_isced97_3,mts_details_total,2015,13417.188
bra,sex_m,edu_isced97_3,mts_details_union,2011,2015.865
bra,sex_m,edu_isced97_3,mts_details_union,2012,2080.74
bra,sex_m,edu_isced97_3,mts_details_union,2013,2371.04
bra,sex_m,edu_isced97_3,mts_details_union,2014,2429.552
bra,sex_m,edu_isced97_3,mts_details_union,2015,2306.058
bra,sex_m,edu_isced97_3,mts_details_wid,2009,39.976
bra,sex_m,edu_isced97_3,mts_details_wid,2011,42.361
bra,sex_m,edu_isced97_3,mts_details_wid,2012,54.424
bra,sex_m,edu_isced97_3,mts_details_wid,2013,48.962
bra,sex_m,edu_isced97_3,mts_details_wid,2014,59.574
bra,sex_m,edu_isced97_3,mts_details_wid,2015,47.33
bra,sex_m,edu_isced97_3,mts_details_x,2011,294.095
bra,sex_m,edu_isced97_3,mts_details_x,2012,311.846
bra,sex_m,edu_isced97_3,mts_details_x,2013,241.107
bra,sex_m,edu_isced97_3,mts_details_x,2014,245.03
bra,sex_m,edu_isced97_3,mts_details_x,2015,323.331
bra,sex_m,edu_isced97_5,mts_aggregate_1,2009,1202.411
bra,sex_m,edu_isced97_5,mts_aggregate_1,2011,1249.589
bra,sex_m,edu_isced97_5,mts_aggregate_1,2012,1333.906
bra,sex_m,edu_isced97_5,mts_aggregate_1,2013,1421.491
bra,sex_m,edu_isced97_5,mts_aggregate_1,2014,1525.391
bra,sex_m,edu_isced97_5,mts_aggregate_1,2015,1515.527
bra,sex_m,edu_isced97_5,mts_aggregate_2,2009,1771.578
bra,sex_m,edu_isced97_5,mts_aggregate_2,2011,2039.597
bra,sex_m,edu_isced97_5,mts_aggregate_2,2012,2228.882
bra,sex_m,edu_isced97_5,mts_aggregate_2,2013,2461.243
bra,sex_m,edu_isced97_5,mts_aggregate_2,2014,2433.368
bra,sex_m,edu_isced97_5,mts_aggregate_2,2015,2486.742
bra,sex_m,edu_isced97_5,mts_aggregate_total,2009,2973.989
bra,sex_m,edu_isced97_5,mts_aggregate_total,2011,3347.117
bra,sex_m,edu_isced97_5,mts_aggregate_total,2012,3615.222
bra,sex_m,edu_isced97_5,mts_aggregate_total,2013,3943.781
bra,sex_m,edu_isced97_5,mts_aggregate_total,2014,4018.348
bra,sex_m,edu_isced97_5,mts_aggregate_total,2015,4068.151
bra,sex_m,edu_isced97_5,mts_aggregate_x,2011,57.931
bra,sex_m,edu_isced97_5,mts_aggregate_x,2012,52.434
bra,sex_m,edu_isced97_5,mts_aggregate_x,2013,61.047
bra,sex_m,edu_isced97_5,mts_aggregate_x,2014,59.589
bra,sex_m,edu_isced97_5,mts_aggregate_x,2015,65.882
bra,sex_m,edu_isced97_5,mts_details_mrd,2009,1771.578
bra,sex_m,edu_isced97_5,mts_details_mrd,2011,1742.158
bra,sex_m,edu_isced97_5,mts_details_mrd,2012,1901.177
bra,sex_m,edu_isced97_5,mts_details_mrd,2013,2059.91
bra,sex_m,edu_isced97_5,mts_details_mrd,2014,2034.913
bra,sex_m,edu_isced97_5,mts_details_mrd,2015,2088.122
bra,sex_m,edu_isced97_5,mts_details_sep,2009,154.372
bra,sex_m,edu_isced97_5,mts_details_sep,2011,207.842
bra,sex_m,edu_isced97_5,mts_details_sep,2012,231.164
bra,sex_m,edu_isced97_5,mts_details_sep,2013,254.263
bra,sex_m,edu_isced97_5,mts_details_sep,2014,252.327
bra,sex_m,edu_isced97_5,mts_details_sep,2015,249.096
bra,sex_m,edu_isced97_5,mts_details_sgle,2009,1033.344
bra,sex_m,edu_isced97_5,mts_details_sgle,2011,1033.181
bra,sex_m,edu_isced97_5,mts_details_sgle,2012,1088.152
bra,sex_m,edu_isced97_5,mts_details_sgle,2013,1147.034
bra,sex_m,edu_isced97_5,mts_details_sgle,2014,1254.91
bra,sex_m,edu_isced97_5,mts_details_sgle,2015,1247.742
bra,sex_m,edu_isced97_5,mts_details_total,2009,2973.989
bra,sex_m,edu_isced97_5,mts_details_total,2011,3347.117
bra,sex_m,edu_isced97_5,mts_details_total,2012,3615.222
bra,sex_m,edu_isced97_5,mts_details_total,2013,3943.781
bra,sex_m,edu_isced97_5,mts_details_total,2014,4018.348
bra,sex_m,edu_isced97_5,mts_details_total,2015,4068.151
bra,sex_m,edu_isced97_5,mts_details_union,2011,297.439
bra,sex_m,edu_isced97_5,mts_details_union,2012,327.705
bra,sex_m,edu_isced97_5,mts_details_union,2013,401.333
bra,sex_m,edu_isced97_5,mts_details_union,2014,398.455
bra,sex_m,edu_isced97_5,mts_details_union,2015,398.62
bra,sex_m,edu_isced97_5,mts_details_wid,2009,14.695
bra,sex_m,edu_isced97_5,mts_details_wid,2011,8.566
bra,sex_m,edu_isced97_5,mts_details_wid,2012,14.59
bra,sex_m,edu_isced97_5,mts_details_wid,2013,20.194
bra,sex_m,edu_isced97_5,mts_details_wid,2014,18.154
bra,sex_m,edu_isced97_5,mts_details_wid,2015,18.689
bra,sex_m,edu_isced97_5,mts_details_x,2011,57.931
bra,sex_m,edu_isced97_5,mts_details_x,2012,52.434
bra,sex_m,edu_isced97_5,mts_details_x,2013,61.047
bra,sex_m,edu_isced97_5,mts_details_x,2014,59.589
bra,sex_m,edu_isced97_5,mts_details_x,2015,65.882
bra,sex_m,edu_isced97_6,mts_aggregate_1,2009,68.737
bra,sex_m,edu_isced97_6,mts_aggregate_1,2011,77.604
bra,sex_m,edu_isced97_6,mts_aggregate_1,2012,65.776
bra,sex_m,edu_isced97_6,mts_aggregate_1,2013,75.933
bra,sex_m,edu_isced97_6,mts_aggregate_1,2014,84.751
bra,sex_m,edu_isced97_6,mts_aggregate_1,2015,96.044
bra,sex_m,edu_isced97_6,mts_aggregate_2,2009,180.065
bra,sex_m,edu_isced97_6,mts_aggregate_2,2011,181.905
bra,sex_m,edu_isced97_6,mts_aggregate_2,2012,164.287
bra,sex_m,edu_isced97_6,mts_aggregate_2,2013,159.341
bra,sex_m,edu_isced97_6,mts_aggregate_2,2014,192.493
bra,sex_m,edu_isced97_6,mts_aggregate_2,2015,228.467
bra,sex_m,edu_isced97_6,mts_aggregate_total,2009,248.802
bra,sex_m,edu_isced97_6,mts_aggregate_total,2011,263.273
bra,sex_m,edu_isced97_6,mts_aggregate_total,2012,233.782
bra,sex_m,edu_isced97_6,mts_aggregate_total,2013,239.107
bra,sex_m,edu_isced97_6,mts_aggregate_total,2014,281.53
bra,sex_m,edu_isced97_6,mts_aggregate_total,2015,332.542
bra,sex_m,edu_isced97_6,mts_aggregate_x,2012,3.719
bra,sex_m,edu_isced97_6,mts_aggregate_x,2013,3.833
bra,sex_m,edu_isced97_6,mts_aggregate_x,2014,4.286
bra,sex_m,edu_isced97_6,mts_aggregate_x,2015,8.031
bra,sex_m,edu_isced97_6,mts_details_mrd,2009,180.065
bra,sex_m,edu_isced97_6,mts_details_mrd,2011,161.23
bra,sex_m,edu_isced97_6,mts_details_mrd,2012,138.333
bra,sex_m,edu_isced97_6,mts_details_mrd,2013,135.833
bra,sex_m,edu_isced97_6,mts_details_mrd,2014,167.999
bra,sex_m,edu_isced97_6,mts_details_mrd,2015,196.777
bra,sex_m,edu_isced97_6,mts_details_sep,2009,16.974
bra,sex_m,edu_isced97_6,mts_details_sep,2011,24.866
bra,sex_m,edu_isced97_6,mts_details_sep,2012,19.289
bra,sex_m,edu_isced97_6,mts_details_sep,2013,28.923
bra,sex_m,edu_isced97_6,mts_details_sep,2014,22.808
bra,sex_m,edu_isced97_6,mts_details_sep,2015,25.294
bra,sex_m,edu_isced97_6,mts_details_sgle,2009,48.748
bra,sex_m,edu_isced97_6,mts_details_sgle,2011,49.947
bra,sex_m,edu_isced97_6,mts_details_sgle,2012,43.901
bra,sex_m,edu_isced97_6,mts_details_sgle,2013,44.626
bra,sex_m,edu_isced97_6,mts_details_sgle,2014,59.114
bra,sex_m,edu_isced97_6,mts_details_sgle,2015,67.567
bra,sex_m,edu_isced97_6,mts_details_total,2009,248.802
bra,sex_m,edu_isced97_6,mts_details_total,2011,263.273
bra,sex_m,edu_isced97_6,mts_details_total,2012,233.782
bra,sex_m,edu_isced97_6,mts_details_total,2013,239.107
bra,sex_m,edu_isced97_6,mts_details_total,2014,281.53
bra,sex_m,edu_isced97_6,mts_details_total,2015,332.542
bra,sex_m,edu_isced97_6,mts_details_union,2011,20.675
bra,sex_m,edu_isced97_6,mts_details_union,2012,25.954
bra,sex_m,edu_isced97_6,mts_details_union,2013,23.508
bra,sex_m,edu_isced97_6,mts_details_union,2014,24.494
bra,sex_m,edu_isced97_6,mts_details_union,2015,31.69
bra,sex_m,edu_isced97_6,mts_details_wid,2009,3.015
bra,sex_m,edu_isced97_6,mts_details_wid,2012,2.586
bra,sex_m,edu_isced97_6,mts_details_x,2012,3.719
bra,sex_m,edu_isced97_6,mts_details_x,2013,3.833
bra,sex_m,edu_isced97_6,mts_details_x,2014,4.286
bra,sex_m,edu_isced97_6,mts_details_x,2015,8.031
bra,sex_m,edu_isced97_total,mts_aggregate_1,2009,17508.529
bra,sex_m,edu_isced97_total,mts_aggregate_1,2011,13611.554
bra,sex_m,edu_isced97_total,mts_aggregate_1,2012,14139.037
bra,sex_m,edu_isced97_total,mts_aggregate_1,2013,14222.245
bra,sex_m,edu_isced97_total,mts_aggregate_1,2014,14387.567
bra,sex_m,edu_isced97_total,mts_aggregate_1,2015,13401.515
bra,sex_m,edu_isced97_total,mts_aggregate_2,2009,15779.697
bra,sex_m,edu_isced97_total,mts_aggregate_2,2011,19715.86
bra,sex_m,edu_isced97_total,mts_aggregate_2,2012,19826.465
bra,sex_m,edu_isced97_total,mts_aggregate_2,2013,20609.25
bra,sex_m,edu_isced97_total,mts_aggregate_2,2014,20536.542
bra,sex_m,edu_isced97_total,mts_aggregate_2,2015,19677.754
bra,sex_m,edu_isced97_total,mts_aggregate_total,2009,33288.226
bra,sex_m,edu_isced97_total,mts_aggregate_total,2011,34346.905
bra,sex_m,edu_isced97_total,mts_aggregate_total,2012,35032.197
bra,sex_m,edu_isced97_total,mts_aggregate_total,2013,35617.893
bra,sex_m,edu_isced97_total,mts_aggregate_total,2014,35719.357
bra,sex_m,edu_isced97_total,mts_aggregate_total,2015,33990.176
bra,sex_m,edu_isced97_total,mts_aggregate_x,2011,1019.491
bra,sex_m,edu_isced97_total,mts_aggregate_x,2012,1066.695
bra,sex_m,edu_isced97_total,mts_aggregate_x,2013,786.398
bra,sex_m,edu_isced97_total,mts_aggregate_x,2014,795.248
bra,sex_m,edu_isced97_total,mts_aggregate_x,2015,910.907
bra,sex_m,edu_isced97_total,mts_details_mrd,2009,15779.697
bra,sex_m,edu_isced97_total,mts_details_mrd,2011,12981.895
bra,sex_m,edu_isced97_total,mts_details_mrd,2012,12935.664
bra,sex_m,edu_isced97_total,mts_details_mrd,2013,13198.54
bra,sex_m,edu_isced97_total,mts_details_mrd,2014,12967.773
bra,sex_m,edu_isced97_total,mts_details_mrd,2015,12813.978
bra,sex_m,edu_isced97_total,mts_details_sep,2009,1277.778
bra,sex_m,edu_isced97_total,mts_details_sep,2011,1622.576
bra,sex_m,edu_isced97_total,mts_details_sep,2012,1677.044
bra,sex_m,edu_isced97_total,mts_details_sep,2013,1810.727
bra,sex_m,edu_isced97_total,mts_details_sep,2014,1789.992
bra,sex_m,edu_isced97_total,mts_details_sep,2015,1664.406
bra,sex_m,edu_isced97_total,mts_details_sgle,2009,16016.849
bra,sex_m,edu_isced97_total,mts_details_sgle,2011,11757.619
bra,sex_m,edu_isced97_total,mts_details_sgle,2012,12220.12
bra,sex_m,edu_isced97_total,mts_details_sgle,2013,12165.572
bra,sex_m,edu_isced97_total,mts_details_sgle,2014,12348.005
bra,sex_m,edu_isced97_total,mts_details_sgle,2015,11498.962
bra,sex_m,edu_isced97_total,mts_details_total,2009,33288.226
bra,sex_m,edu_isced97_total,mts_details_total,2011,34346.905
bra,sex_m,edu_isced97_total,mts_details_total,2012,35032.197
bra,sex_m,edu_isced97_total,mts_details_total,2013,35617.893
bra,sex_m,edu_isced97_total,mts_details_total,2014,35719.357
bra,sex_m,edu_isced97_total,mts_details_total,2015,33990.176
bra,sex_m,edu_isced97_total,mts_details_union,2011,6733.965
bra,sex_m,edu_isced97_total,mts_details_union,2012,6890.801
bra,sex_m,edu_isced97_total,mts_details_union,2013,7410.71
bra,sex_m,edu_isced97_total,mts_details_union,2014,7568.769
bra,sex_m,edu_isced97_total,mts_details_union,2015,6863.776
bra,sex_m,edu_isced97_total,mts_details_wid,2009,213.902
bra,sex_m,edu_isced97_total,mts_details_wid,2011,231.359
bra,sex_m,edu_isced97_total,mts_details_wid,2012,241.873
bra,sex_m,edu_isced97_total,mts_details_wid,2013,245.946
bra,sex_m,edu_isced97_total,mts_details_wid,2014,249.57
bra,sex_m,edu_isced97_total,mts_details_wid,2015,238.147
bra,sex_m,edu_isced97_total,mts_details_x,2011,1019.491
bra,sex_m,edu_isced97_total,mts_details_x,2012,1066.695
bra,sex_m,edu_isced97_total,mts_details_x,2013,786.398
bra,sex_m,edu_isced97_total,mts_details_x,2014,795.248
bra,sex_m,edu_isced97_total,mts_details_x,2015,910.907
bra,sex_m,edu_isced97_unk,mts_aggregate_1,2009,73.955
bra,sex_m,edu_isced97_unk,mts_aggregate_2,2009,101.24
bra,sex_m,edu_isced97_unk,mts_aggregate_total,2009,175.195
bra,sex_m,edu_isced97_unk,mts_details_mrd,2009,101.24
bra,sex_m,edu_isced97_unk,mts_details_sep,2009,4.005
bra,sex_m,edu_isced97_unk,mts_details_sgle,2009,66.364
bra,sex_m,edu_isced97_unk,mts_details_total,2009,175.195
bra,sex_m,edu_isced97_unk,mts_details_wid,2009,3.586
bra,sex_m,edu_isced97_x,mts_aggregate_1,2009,487.71
bra,sex_m,edu_isced97_x,mts_aggregate_1,2011,327.1
bra,sex_m,edu_isced97_x,mts_aggregate_1,2012,343.003
bra,sex_m,edu_isced97_x,mts_aggregate_1,2013,330.405
bra,sex_m,edu_isced97_x,mts_aggregate_1,2014,298.057
bra,sex_m,edu_isced97_x,mts_aggregate_1,2015,300.644
bra,sex_m,edu_isced97_x,mts_aggregate_2,2009,548
bra,sex_m,edu_isced97_x,mts_aggregate_2,2011,737.077
bra,sex_m,edu_isced97_x,mts_aggregate_2,2012,730.022
bra,sex_m,edu_isced97_x,mts_aggregate_2,2013,730.048
bra,sex_m,edu_isced97_x,mts_aggregate_2,2014,694.045
bra,sex_m,edu_isced97_x,mts_aggregate_2,2015,574.623
bra,sex_m,edu_isced97_x,mts_aggregate_total,2009,1035.71
bra,sex_m,edu_isced97_x,mts_aggregate_total,2011,1133.374
bra,sex_m,edu_isced97_x,mts_aggregate_total,2012,1145.415
bra,sex_m,edu_isced97_x,mts_aggregate_total,2013,1112.072
bra,sex_m,edu_isced97_x,mts_aggregate_total,2014,1033.031
bra,sex_m,edu_isced97_x,mts_aggregate_total,2015,914.47
bra,sex_m,edu_isced97_x,mts_aggregate_x,2011,69.197
bra,sex_m,edu_isced97_x,mts_aggregate_x,2012,72.39
bra,sex_m,edu_isced97_x,mts_aggregate_x,2013,51.619
bra,sex_m,edu_isced97_x,mts_aggregate_x,2014,40.929
bra,sex_m,edu_isced97_x,mts_aggregate_x,2015,39.203
bra,sex_m,edu_isced97_x,mts_details_mrd,2009,548
bra,sex_m,edu_isced97_x,mts_details_mrd,2011,427.148
bra,sex_m,edu_isced97_x,mts_details_mrd,2012,416.417
bra,sex_m,edu_isced97_x,mts_details_mrd,2013,401.094
bra,sex_m,edu_isced97_x,mts_details_mrd,2014,391.756
bra,sex_m,edu_isced97_x,mts_details_mrd,2015,311.83
bra,sex_m,edu_isced97_x,mts_details_sep,2009,44.842
bra,sex_m,edu_isced97_x,mts_details_sep,2011,57.964
bra,sex_m,edu_isced97_x,mts_details_sep,2012,60.51
bra,sex_m,edu_isced97_x,mts_details_sep,2013,51.395
bra,sex_m,edu_isced97_x,mts_details_sep,2014,56.033
bra,sex_m,edu_isced97_x,mts_details_sep,2015,45.589
bra,sex_m,edu_isced97_x,mts_details_sgle,2009,418.032
bra,sex_m,edu_isced97_x,mts_details_sgle,2011,239.674
bra,sex_m,edu_isced97_x,mts_details_sgle,2012,255.593
bra,sex_m,edu_isced97_x,mts_details_sgle,2013,248.732
bra,sex_m,edu_isced97_x,mts_details_sgle,2014,216.471
bra,sex_m,edu_isced97_x,mts_details_sgle,2015,226.756
bra,sex_m,edu_isced97_x,mts_details_total,2009,1035.71
bra,sex_m,edu_isced97_x,mts_details_total,2011,1133.374
bra,sex_m,edu_isced97_x,mts_details_total,2012,1145.415
bra,sex_m,edu_isced97_x,mts_details_total,2013,1112.072
bra,sex_m,edu_isced97_x,mts_details_total,2014,1033.031
bra,sex_m,edu_isced97_x,mts_details_total,2015,914.47
bra,sex_m,edu_isced97_x,mts_details_union,2011,309.929
bra,sex_m,edu_isced97_x,mts_details_union,2012,313.605
bra,sex_m,edu_isced97_x,mts_details_union,2013,328.954
bra,sex_m,edu_isced97_x,mts_details_union,2014,302.289
bra,sex_m,edu_isced97_x,mts_details_union,2015,262.793
bra,sex_m,edu_isced97_x,mts_details_wid,2009,24.836
bra,sex_m,edu_isced97_x,mts_details_wid,2011,29.462
bra,sex_m,edu_isced97_x,mts_details_wid,2012,26.9
bra,sex_m,edu_isced97_x,mts_details_wid,2013,30.278
bra,sex_m,edu_isced97_x,mts_details_wid,2014,25.553
bra,sex_m,edu_isced97_x,mts_details_wid,2015,28.299
bra,sex_m,edu_isced97_x,mts_details_x,2011,69.197
bra,sex_m,edu_isced97_x,mts_details_x,2012,72.39
bra,sex_m,edu_isced97_x,mts_details_x,2013,51.619
bra,sex_m,edu_isced97_x,mts_details_x,2014,40.929
bra,sex_m,edu_isced97_x,mts_details_x,2015,39.203
bra,sex_t,edu_aggregate_adv,mts_aggregate_1,2009,3558.717
bra,sex_t,edu_aggregate_adv,mts_aggregate_1,2011,3738.924
bra,sex_t,edu_aggregate_adv,mts_aggregate_1,2012,3954.367
bra,sex_t,edu_aggregate_adv,mts_aggregate_1,2013,4225.492
bra,sex_t,edu_aggregate_adv,mts_aggregate_1,2014,4485.941
bra,sex_t,edu_aggregate_adv,mts_aggregate_1,2015,4475.664
bra,sex_t,edu_aggregate_adv,mts_aggregate_2,2009,4245.574
bra,sex_t,edu_aggregate_adv,mts_aggregate_2,2011,4992.716
bra,sex_t,edu_aggregate_adv,mts_aggregate_2,2012,5323.773
bra,sex_t,edu_aggregate_adv,mts_aggregate_2,2013,5879.171
bra,sex_t,edu_aggregate_adv,mts_aggregate_2,2014,6084.486
bra,sex_t,edu_aggregate_adv,mts_aggregate_2,2015,6209.136
bra,sex_t,edu_aggregate_adv,mts_aggregate_total,2009,7804.291
bra,sex_t,edu_aggregate_adv,mts_aggregate_total,2011,8856.008
bra,sex_t,edu_aggregate_adv,mts_aggregate_total,2012,9396.402
bra,sex_t,edu_aggregate_adv,mts_aggregate_total,2013,10235.779
bra,sex_t,edu_aggregate_adv,mts_aggregate_total,2014,10698.762
bra,sex_t,edu_aggregate_adv,mts_aggregate_total,2015,10847.339
bra,sex_t,edu_aggregate_adv,mts_aggregate_x,2011,124.368
bra,sex_t,edu_aggregate_adv,mts_aggregate_x,2012,118.262
bra,sex_t,edu_aggregate_adv,mts_aggregate_x,2013,131.116
bra,sex_t,edu_aggregate_adv,mts_aggregate_x,2014,128.335
bra,sex_t,edu_aggregate_adv,mts_aggregate_x,2015,162.539
bra,sex_t,edu_aggregate_adv,mts_details_mrd,2009,4245.574
bra,sex_t,edu_aggregate_adv,mts_details_mrd,2011,4240.373
bra,sex_t,edu_aggregate_adv,mts_details_mrd,2012,4488.76
bra,sex_t,edu_aggregate_adv,mts_details_mrd,2013,4890.682
bra,sex_t,edu_aggregate_adv,mts_details_mrd,2014,5075.976
bra,sex_t,edu_aggregate_adv,mts_details_mrd,2015,5181.974
bra,sex_t,edu_aggregate_adv,mts_details_sep,2009,619.739
bra,sex_t,edu_aggregate_adv,mts_details_sep,2011,773.012
bra,sex_t,edu_aggregate_adv,mts_details_sep,2012,802.654
bra,sex_t,edu_aggregate_adv,mts_details_sep,2013,878.21
bra,sex_t,edu_aggregate_adv,mts_details_sep,2014,889.442
bra,sex_t,edu_aggregate_adv,mts_details_sep,2015,920.859
bra,sex_t,edu_aggregate_adv,mts_details_sgle,2009,2836.185
bra,sex_t,edu_aggregate_adv,mts_details_sgle,2011,2840.906
bra,sex_t,edu_aggregate_adv,mts_details_sgle,2012,3013.662
bra,sex_t,edu_aggregate_adv,mts_details_sgle,2013,3213.82
bra,sex_t,edu_aggregate_adv,mts_details_sgle,2014,3452.226
bra,sex_t,edu_aggregate_adv,mts_details_sgle,2015,3413.867
bra,sex_t,edu_aggregate_adv,mts_details_total,2009,7804.291
bra,sex_t,edu_aggregate_adv,mts_details_total,2011,8856.008
bra,sex_t,edu_aggregate_adv,mts_details_total,2012,9396.402
bra,sex_t,edu_aggregate_adv,mts_details_total,2013,10235.779
bra,sex_t,edu_aggregate_adv,mts_details_total,2014,10698.762
bra,sex_t,edu_aggregate_adv,mts_details_total,2015,10847.339
bra,sex_t,edu_aggregate_adv,mts_details_union,2011,752.343
bra,sex_t,edu_aggregate_adv,mts_details_union,2012,835.013
bra,sex_t,edu_aggregate_adv,mts_details_union,2013,988.489
bra,sex_t,edu_aggregate_adv,mts_details_union,2014,1008.51
bra,sex_t,edu_aggregate_adv,mts_details_union,2015,1027.162
bra,sex_t,edu_aggregate_adv,mts_details_wid,2009,102.793
bra,sex_t,edu_aggregate_adv,mts_details_wid,2011,125.006
bra,sex_t,edu_aggregate_adv,mts_details_wid,2012,138.051
bra,sex_t,edu_aggregate_adv,mts_details_wid,2013,133.462
bra,sex_t,edu_aggregate_adv,mts_details_wid,2014,144.273
bra,sex_t,edu_aggregate_adv,mts_details_wid,2015,140.938
bra,sex_t,edu_aggregate_adv,mts_details_x,2011,124.368
bra,sex_t,edu_aggregate_adv,mts_details_x,2012,118.262
bra,sex_t,edu_aggregate_adv,mts_details_x,2013,131.116
bra,sex_t,edu_aggregate_adv,mts_details_x,2014,128.335
bra,sex_t,edu_aggregate_adv,mts_details_x,2015,162.539
bra,sex_t,edu_aggregate_bas,mts_aggregate_1,2009,14504.143
bra,sex_t,edu_aggregate_bas,mts_aggregate_1,2011,10269.938
bra,sex_t,edu_aggregate_bas,mts_aggregate_1,2012,10632.934
bra,sex_t,edu_aggregate_bas,mts_aggregate_1,2013,10473.356
bra,sex_t,edu_aggregate_bas,mts_aggregate_1,2014,10484.784
bra,sex_t,edu_aggregate_bas,mts_aggregate_1,2015,9311.393
bra,sex_t,edu_aggregate_bas,mts_aggregate_2,2009,10960.605
bra,sex_t,edu_aggregate_bas,mts_aggregate_2,2011,13833.544
bra,sex_t,edu_aggregate_bas,mts_aggregate_2,2012,13886.871
bra,sex_t,edu_aggregate_bas,mts_aggregate_2,2013,13998.815
bra,sex_t,edu_aggregate_bas,mts_aggregate_2,2014,14166.487
bra,sex_t,edu_aggregate_bas,mts_aggregate_2,2015,13057.103
bra,sex_t,edu_aggregate_bas,mts_aggregate_total,2009,25464.748
bra,sex_t,edu_aggregate_bas,mts_aggregate_total,2011,24916.083
bra,sex_t,edu_aggregate_bas,mts_aggregate_total,2012,25387.632
bra,sex_t,edu_aggregate_bas,mts_aggregate_total,2013,25076.07
bra,sex_t,edu_aggregate_bas,mts_aggregate_total,2014,25266.47
bra,sex_t,edu_aggregate_bas,mts_aggregate_total,2015,23049.489
bra,sex_t,edu_aggregate_bas,mts_aggregate_x,2011,812.601
bra,sex_t,edu_aggregate_bas,mts_aggregate_x,2012,867.827
bra,sex_t,edu_aggregate_bas,mts_aggregate_x,2013,603.899
bra,sex_t,edu_aggregate_bas,mts_aggregate_x,2014,615.199
bra,sex_t,edu_aggregate_bas,mts_aggregate_x,2015,680.993
bra,sex_t,edu_aggregate_bas,mts_details_mrd,2009,10960.605
bra,sex_t,edu_aggregate_bas,mts_details_mrd,2011,8080.388
bra,sex_t,edu_aggregate_bas,mts_details_mrd,2012,7867.336
bra,sex_t,edu_aggregate_bas,mts_details_mrd,2013,7797.955
bra,sex_t,edu_aggregate_bas,mts_details_mrd,2014,7702.599
bra,sex_t,edu_aggregate_bas,mts_details_mrd,2015,7369.469
bra,sex_t,edu_aggregate_bas,mts_details_sep,2009,1433.139
bra,sex_t,edu_aggregate_bas,mts_details_sep,2011,1547.699
bra,sex_t,edu_aggregate_bas,mts_details_sep,2012,1581.131
bra,sex_t,edu_aggregate_bas,mts_details_sep,2013,1588.581
bra,sex_t,edu_aggregate_bas,mts_details_sep,2014,1606.959
bra,sex_t,edu_aggregate_bas,mts_details_sep,2015,1485.284
bra,sex_t,edu_aggregate_bas,mts_details_sgle,2009,12634.103
bra,sex_t,edu_aggregate_bas,mts_details_sgle,2011,8254.613
bra,sex_t,edu_aggregate_bas,mts_details_sgle,2012,8560.723
bra,sex_t,edu_aggregate_bas,mts_details_sgle,2013,8395.039
bra,sex_t,edu_aggregate_bas,mts_details_sgle,2014,8396.544
bra,sex_t,edu_aggregate_bas,mts_details_sgle,2015,7336.601
bra,sex_t,edu_aggregate_bas,mts_details_total,2009,25464.748
bra,sex_t,edu_aggregate_bas,mts_details_total,2011,24916.083
bra,sex_t,edu_aggregate_bas,mts_details_total,2012,25387.632
bra,sex_t,edu_aggregate_bas,mts_details_total,2013,25076.07
bra,sex_t,edu_aggregate_bas,mts_details_total,2014,25266.47
bra,sex_t,edu_aggregate_bas,mts_details_total,2015,23049.489
bra,sex_t,edu_aggregate_bas,mts_details_union,2011,5753.156
bra,sex_t,edu_aggregate_bas,mts_details_union,2012,6019.535
bra,sex_t,edu_aggregate_bas,mts_details_union,2013,6200.86
bra,sex_t,edu_aggregate_bas,mts_details_union,2014,6463.888
bra,sex_t,edu_aggregate_bas,mts_details_union,2015,5687.634
bra,sex_t,edu_aggregate_bas,mts_details_wid,2009,436.901
bra,sex_t,edu_aggregate_bas,mts_details_wid,2011,467.626
bra,sex_t,edu_aggregate_bas,mts_details_wid,2012,491.08
bra,sex_t,edu_aggregate_bas,mts_details_wid,2013,489.736
bra,sex_t,edu_aggregate_bas,mts_details_wid,2014,481.281
bra,sex_t,edu_aggregate_bas,mts_details_wid,2015,489.508
bra,sex_t,edu_aggregate_bas,mts_details_x,2011,812.601
bra,sex_t,edu_aggregate_bas,mts_details_x,2012,867.827
bra,sex_t,edu_aggregate_bas,mts_details_x,2013,603.899
bra,sex_t,edu_aggregate_bas,mts_details_x,2014,615.199
bra,sex_t,edu_aggregate_bas,mts_details_x,2015,680.993
bra,sex_t,edu_aggregate_int,mts_aggregate_1,2009,13055.981
bra,sex_t,edu_aggregate_int,mts_aggregate_1,2011,11757.436
bra,sex_t,edu_aggregate_int,mts_aggregate_1,2012,12037.76
bra,sex_t,edu_aggregate_int,mts_aggregate_1,2013,12399.432
bra,sex_t,edu_aggregate_int,mts_aggregate_1,2014,12549.16
bra,sex_t,edu_aggregate_int,mts_aggregate_1,2015,11950.485
bra,sex_t,edu_aggregate_int,mts_aggregate_2,2009,9213.948
bra,sex_t,edu_aggregate_int,mts_aggregate_2,2011,12030.866
bra,sex_t,edu_aggregate_int,mts_aggregate_2,2012,12516.752
bra,sex_t,edu_aggregate_int,mts_aggregate_2,2013,13231.441
bra,sex_t,edu_aggregate_int,mts_aggregate_2,2014,13288.89
bra,sex_t,edu_aggregate_int,mts_aggregate_2,2015,13099.305
bra,sex_t,edu_aggregate_int,mts_aggregate_total,2009,22269.929
bra,sex_t,edu_aggregate_int,mts_aggregate_total,2011,24302.164
bra,sex_t,edu_aggregate_int,mts_aggregate_total,2012,25121.33
bra,sex_t,edu_aggregate_int,mts_aggregate_total,2013,26070.382
bra,sex_t,edu_aggregate_int,mts_aggregate_total,2014,26275.244
bra,sex_t,edu_aggregate_int,mts_aggregate_total,2015,25613.726
bra,sex_t,edu_aggregate_int,mts_aggregate_x,2011,513.862
bra,sex_t,edu_aggregate_int,mts_aggregate_x,2012,566.818
bra,sex_t,edu_aggregate_int,mts_aggregate_x,2013,439.509
bra,sex_t,edu_aggregate_int,mts_aggregate_x,2014,437.194
bra,sex_t,edu_aggregate_int,mts_aggregate_x,2015,563.936
bra,sex_t,edu_aggregate_int,mts_details_mrd,2009,9213.948
bra,sex_t,edu_aggregate_int,mts_details_mrd,2011,8345.036
bra,sex_t,edu_aggregate_int,mts_details_mrd,2012,8661.077
bra,sex_t,edu_aggregate_int,mts_details_mrd,2013,8891.338
bra,sex_t,edu_aggregate_int,mts_details_mrd,2014,8770.604
bra,sex_t,edu_aggregate_int,mts_details_mrd,2015,8832.809
bra,sex_t,edu_aggregate_int,mts_details_sep,2009,1192.335
bra,sex_t,edu_aggregate_int,mts_details_sep,2011,1419.777
bra,sex_t,edu_aggregate_int,mts_details_sep,2012,1498.999
bra,sex_t,edu_aggregate_int,mts_details_sep,2013,1698.592
bra,sex_t,edu_aggregate_int,mts_details_sep,2014,1662.984
bra,sex_t,edu_aggregate_int,mts_details_sep,2015,1648.861
bra,sex_t,edu_aggregate_int,mts_details_sgle,2009,11666.915
bra,sex_t,edu_aggregate_int,mts_details_sgle,2011,10104.135
bra,sex_t,edu_aggregate_int,mts_details_sgle,2012,10293.393
bra,sex_t,edu_aggregate_int,mts_details_sgle,2013,10440.742
bra,sex_t,edu_aggregate_int,mts_details_sgle,2014,10598.883
bra,sex_t,edu_aggregate_int,mts_details_sgle,2015,10052.926
bra,sex_t,edu_aggregate_int,mts_details_total,2009,22269.929
bra,sex_t,edu_aggregate_int,mts_details_total,2011,24302.164
bra,sex_t,edu_aggregate_int,mts_details_total,2012,25121.33
bra,sex_t,edu_aggregate_int,mts_details_total,2013,26070.382
bra,sex_t,edu_aggregate_int,mts_details_total,2014,26275.244
bra,sex_t,edu_aggregate_int,mts_details_total,2015,25613.726
bra,sex_t,edu_aggregate_int,mts_details_union,2011,3685.83
bra,sex_t,edu_aggregate_int,mts_details_union,2012,3855.675
bra,sex_t,edu_aggregate_int,mts_details_union,2013,4340.103
bra,sex_t,edu_aggregate_int,mts_details_union,2014,4518.286
bra,sex_t,edu_aggregate_int,mts_details_union,2015,4266.496
bra,sex_t,edu_aggregate_int,mts_details_wid,2009,196.731
bra,sex_t,edu_aggregate_int,mts_details_wid,2011,233.524
bra,sex_t,edu_aggregate_int,mts_details_wid,2012,245.368
bra,sex_t,edu_aggregate_int,mts_details_wid,2013,260.098
bra,sex_t,edu_aggregate_int,mts_details_wid,2014,287.293
bra,sex_t,edu_aggregate_int,mts_details_wid,2015,248.698
bra,sex_t,edu_aggregate_int,mts_details_x,2011,513.862
bra,sex_t,edu_aggregate_int,mts_details_x,2012,566.818
bra,sex_t,edu_aggregate_int,mts_details_x,2013,439.509
bra,sex_t,edu_aggregate_int,mts_details_x,2014,437.194
bra,sex_t,edu_aggregate_int,mts_details_x,2015,563.936
bra,sex_t,edu_aggregate_ltb,mts_aggregate_1,2009,1673.941
bra,sex_t,edu_aggregate_ltb,mts_aggregate_1,2011,1256.077
bra,sex_t,edu_aggregate_ltb,mts_aggregate_1,2012,1181.301
bra,sex_t,edu_aggregate_ltb,mts_aggregate_1,2013,1193.649
bra,sex_t,edu_aggregate_ltb,mts_aggregate_1,2014,1115.922
bra,sex_t,edu_aggregate_ltb,mts_aggregate_1,2015,1013.357
bra,sex_t,edu_aggregate_ltb,mts_aggregate_2,2009,2216.119
bra,sex_t,edu_aggregate_ltb,mts_aggregate_2,2011,2468.509
bra,sex_t,edu_aggregate_ltb,mts_aggregate_2,2012,2169.389
bra,sex_t,edu_aggregate_ltb,mts_aggregate_2,2013,2136.172
bra,sex_t,edu_aggregate_ltb,mts_aggregate_2,2014,2015.534
bra,sex_t,edu_aggregate_ltb,mts_aggregate_2,2015,1731.586
bra,sex_t,edu_aggregate_ltb,mts_aggregate_total,2009,3890.06
bra,sex_t,edu_aggregate_ltb,mts_aggregate_total,2011,3899.651
bra,sex_t,edu_aggregate_ltb,mts_aggregate_total,2012,3513.204
bra,sex_t,edu_aggregate_ltb,mts_aggregate_total,2013,3448.273
bra,sex_t,edu_aggregate_ltb,mts_aggregate_total,2014,3235.65
bra,sex_t,edu_aggregate_ltb,mts_aggregate_total,2015,2841.935
bra,sex_t,edu_aggregate_ltb,mts_aggregate_x,2011,175.065
bra,sex_t,edu_aggregate_ltb,mts_aggregate_x,2012,162.514
bra,sex_t,edu_aggregate_ltb,mts_aggregate_x,2013,118.452
bra,sex_t,edu_aggregate_ltb,mts_aggregate_x,2014,104.194
bra,sex_t,edu_aggregate_ltb,mts_aggregate_x,2015,96.992
bra,sex_t,edu_aggregate_ltb,mts_details_mrd,2009,2216.119
bra,sex_t,edu_aggregate_ltb,mts_details_mrd,2011,1729.297
bra,sex_t,edu_aggregate_ltb,mts_details_mrd,2012,1508.027
bra,sex_t,edu_aggregate_ltb,mts_details_mrd,2013,1452.366
bra,sex_t,edu_aggregate_ltb,mts_details_mrd,2014,1379.333
bra,sex_t,edu_aggregate_ltb,mts_details_mrd,2015,1198.072
bra,sex_t,edu_aggregate_ltb,mts_details_sep,2009,338.272
bra,sex_t,edu_aggregate_ltb,mts_details_sep,2011,366.328
bra,sex_t,edu_aggregate_ltb,mts_details_sep,2012,304.773
bra,sex_t,edu_aggregate_ltb,mts_details_sep,2013,322.185
bra,sex_t,edu_aggregate_ltb,mts_details_sep,2014,298.221
bra,sex_t,edu_aggregate_ltb,mts_details_sep,2015,270.45
bra,sex_t,edu_aggregate_ltb,mts_details_sgle,2009,1106.735
bra,sex_t,edu_aggregate_ltb,mts_details_sgle,2011,652.097
bra,sex_t,edu_aggregate_ltb,mts_details_sgle,2012,657.514
bra,sex_t,edu_aggregate_ltb,mts_details_sgle,2013,646.607
bra,sex_t,edu_aggregate_ltb,mts_details_sgle,2014,599.411
bra,sex_t,edu_aggregate_ltb,mts_details_sgle,2015,561.186
bra,sex_t,edu_aggregate_ltb,mts_details_total,2009,3890.06
bra,sex_t,edu_aggregate_ltb,mts_details_total,2011,3899.651
bra,sex_t,edu_aggregate_ltb,mts_details_total,2012,3513.204
bra,sex_t,edu_aggregate_ltb,mts_details_total,2013,3448.273
bra,sex_t,edu_aggregate_ltb,mts_details_total,2014,3235.65
bra,sex_t,edu_aggregate_ltb,mts_details_total,2015,2841.935
bra,sex_t,edu_aggregate_ltb,mts_details_union,2011,739.212
bra,sex_t,edu_aggregate_ltb,mts_details_union,2012,661.362
bra,sex_t,edu_aggregate_ltb,mts_details_union,2013,683.806
bra,sex_t,edu_aggregate_ltb,mts_details_union,2014,636.201
bra,sex_t,edu_aggregate_ltb,mts_details_union,2015,533.514
bra,sex_t,edu_aggregate_ltb,mts_details_wid,2009,228.934
bra,sex_t,edu_aggregate_ltb,mts_details_wid,2011,237.652
bra,sex_t,edu_aggregate_ltb,mts_details_wid,2012,219.014
bra,sex_t,edu_aggregate_ltb,mts_details_wid,2013,224.857
bra,sex_t,edu_aggregate_ltb,mts_details_wid,2014,218.29
bra,sex_t,edu_aggregate_ltb,mts_details_wid,2015,181.721
bra,sex_t,edu_aggregate_ltb,mts_details_x,2011,175.065
bra,sex_t,edu_aggregate_ltb,mts_details_x,2012,162.514
bra,sex_t,edu_aggregate_ltb,mts_details_x,2013,118.452
bra,sex_t,edu_aggregate_ltb,mts_details_x,2014,104.194
bra,sex_t,edu_aggregate_ltb,mts_details_x,2015,96.992
bra,sex_t,edu_aggregate_total,mts_aggregate_1,2009,32918.652
bra,sex_t,edu_aggregate_total,mts_aggregate_1,2011,27022.375
bra,sex_t,edu_aggregate_total,mts_aggregate_1,2012,27806.362
bra,sex_t,edu_aggregate_total,mts_aggregate_1,2013,28291.929
bra,sex_t,edu_aggregate_total,mts_aggregate_1,2014,28635.807
bra,sex_t,edu_aggregate_total,mts_aggregate_1,2015,26750.899
bra,sex_t,edu_aggregate_total,mts_aggregate_2,2009,26779.249
bra,sex_t,edu_aggregate_total,mts_aggregate_2,2011,33325.635
bra,sex_t,edu_aggregate_total,mts_aggregate_2,2012,33896.785
bra,sex_t,edu_aggregate_total,mts_aggregate_2,2013,35245.599
bra,sex_t,edu_aggregate_total,mts_aggregate_2,2014,35555.397
bra,sex_t,edu_aggregate_total,mts_aggregate_2,2015,34097.13
bra,sex_t,edu_aggregate_total,mts_aggregate_total,2009,59697.901
bra,sex_t,edu_aggregate_total,mts_aggregate_total,2011,61973.906
bra,sex_t,edu_aggregate_total,mts_aggregate_total,2012,63418.568
bra,sex_t,edu_aggregate_total,mts_aggregate_total,2013,64830.504
bra,sex_t,edu_aggregate_total,mts_aggregate_total,2014,65476.126
bra,sex_t,edu_aggregate_total,mts_aggregate_total,2015,62352.489
bra,sex_t,edu_aggregate_total,mts_aggregate_x,2011,1625.896
bra,sex_t,edu_aggregate_total,mts_aggregate_x,2012,1715.421
bra,sex_t,edu_aggregate_total,mts_aggregate_x,2013,1292.976
bra,sex_t,edu_aggregate_total,mts_aggregate_x,2014,1284.922
bra,sex_t,edu_aggregate_total,mts_aggregate_x,2015,1504.46
bra,sex_t,edu_aggregate_total,mts_details_mrd,2009,26779.249
bra,sex_t,edu_aggregate_total,mts_details_mrd,2011,22395.094
bra,sex_t,edu_aggregate_total,mts_details_mrd,2012,22525.2
bra,sex_t,edu_aggregate_total,mts_details_mrd,2013,23032.341
bra,sex_t,edu_aggregate_total,mts_details_mrd,2014,22928.512
bra,sex_t,edu_aggregate_total,mts_details_mrd,2015,22582.324
bra,sex_t,edu_aggregate_total,mts_details_sep,2009,3599.001
bra,sex_t,edu_aggregate_total,mts_details_sep,2011,4106.816
bra,sex_t,edu_aggregate_total,mts_details_sep,2012,4187.557
bra,sex_t,edu_aggregate_total,mts_details_sep,2013,4487.568
bra,sex_t,edu_aggregate_total,mts_details_sep,2014,4457.606
bra,sex_t,edu_aggregate_total,mts_details_sep,2015,4325.454
bra,sex_t,edu_aggregate_total,mts_details_sgle,2009,28343.777
bra,sex_t,edu_aggregate_total,mts_details_sgle,2011,21851.751
bra,sex_t,edu_aggregate_total,mts_details_sgle,2012,22525.292
bra,sex_t,edu_aggregate_total,mts_details_sgle,2013,22696.208
bra,sex_t,edu_aggregate_total,mts_details_sgle,2014,23047.064
bra,sex_t,edu_aggregate_total,mts_details_sgle,2015,21364.58
bra,sex_t,edu_aggregate_total,mts_details_total,2009,59697.901
bra,sex_t,edu_aggregate_total,mts_details_total,2011,61973.906
bra,sex_t,edu_aggregate_total,mts_details_total,2012,63418.568
bra,sex_t,edu_aggregate_total,mts_details_total,2013,64830.504
bra,sex_t,edu_aggregate_total,mts_details_total,2014,65476.126
bra,sex_t,edu_aggregate_total,mts_details_total,2015,62352.489
bra,sex_t,edu_aggregate_total,mts_details_union,2011,10930.541
bra,sex_t,edu_aggregate_total,mts_details_union,2012,11371.585
bra,sex_t,edu_aggregate_total,mts_details_union,2013,12213.258
bra,sex_t,edu_aggregate_total,mts_details_union,2014,12626.885
bra,sex_t,edu_aggregate_total,mts_details_union,2015,11514.806
bra,sex_t,edu_aggregate_total,mts_details_wid,2009,975.874
bra,sex_t,edu_aggregate_total,mts_details_wid,2011,1063.808
bra,sex_t,edu_aggregate_total,mts_details_wid,2012,1093.513
bra,sex_t,edu_aggregate_total,mts_details_wid,2013,1108.153
bra,sex_t,edu_aggregate_total,mts_details_wid,2014,1131.137
bra,sex_t,edu_aggregate_total,mts_details_wid,2015,1060.865
bra,sex_t,edu_aggregate_total,mts_details_x,2011,1625.896
bra,sex_t,edu_aggregate_total,mts_details_x,2012,1715.421
bra,sex_t,edu_aggregate_total,mts_details_x,2013,1292.976
bra,sex_t,edu_aggregate_total,mts_details_x,2014,1284.922
bra,sex_t,edu_aggregate_total,mts_details_x,2015,1504.46
bra,sex_t,edu_aggregate_x,mts_aggregate_1,2009,125.87
bra,sex_t,edu_aggregate_x,mts_aggregate_2,2009,143.003
bra,sex_t,edu_aggregate_x,mts_aggregate_total,2009,268.873
bra,sex_t,edu_aggregate_x,mts_details_mrd,2009,143.003
bra,sex_t,edu_aggregate_x,mts_details_sep,2009,15.516
bra,sex_t,edu_aggregate_x,mts_details_sgle,2009,99.839
bra,sex_t,edu_aggregate_x,mts_details_total,2009,268.873
bra,sex_t,edu_aggregate_x,mts_details_wid,2009,10.515
bra,sex_t,edu_isced97_0,mts_aggregate_1,2009,916.043
bra,sex_t,edu_isced97_0,mts_aggregate_1,2011,690.187
bra,sex_t,edu_isced97_0,mts_aggregate_1,2012,628.704
bra,sex_t,edu_isced97_0,mts_aggregate_1,2013,628.221
bra,sex_t,edu_isced97_0,mts_aggregate_1,2014,592.026
bra,sex_t,edu_isced97_0,mts_aggregate_1,2015,521.861
bra,sex_t,edu_isced97_0,mts_aggregate_2,2009,1473.175
bra,sex_t,edu_isced97_0,mts_aggregate_2,2011,1471.21
bra,sex_t,edu_isced97_0,mts_aggregate_2,2012,1205.386
bra,sex_t,edu_isced97_0,mts_aggregate_2,2013,1160.982
bra,sex_t,edu_isced97_0,mts_aggregate_2,2014,1098.59
bra,sex_t,edu_isced97_0,mts_aggregate_2,2015,953.965
bra,sex_t,edu_isced97_0,mts_aggregate_total,2009,2389.218
bra,sex_t,edu_isced97_0,mts_aggregate_total,2011,2248.385
bra,sex_t,edu_isced97_0,mts_aggregate_total,2012,1898.147
bra,sex_t,edu_isced97_0,mts_aggregate_total,2013,1833.843
bra,sex_t,edu_isced97_0,mts_aggregate_total,2014,1742.053
bra,sex_t,edu_isced97_0,mts_aggregate_total,2015,1523.653
bra,sex_t,edu_isced97_0,mts_aggregate_x,2011,86.988
bra,sex_t,edu_isced97_0,mts_aggregate_x,2012,64.057
bra,sex_t,edu_isced97_0,mts_aggregate_x,2013,44.64
bra,sex_t,edu_isced97_0,mts_aggregate_x,2014,51.437
bra,sex_t,edu_isced97_0,mts_aggregate_x,2015,47.827
bra,sex_t,edu_isced97_0,mts_details_mrd,2009,1473.175
bra,sex_t,edu_isced97_0,mts_details_mrd,2011,1140.977
bra,sex_t,edu_isced97_0,mts_details_mrd,2012,941.68
bra,sex_t,edu_isced97_0,mts_details_mrd,2013,908.992
bra,sex_t,edu_isced97_0,mts_details_mrd,2014,859.75
bra,sex_t,edu_isced97_0,mts_details_mrd,2015,774.075
bra,sex_t,edu_isced97_0,mts_details_sep,2009,235.578
bra,sex_t,edu_isced97_0,mts_details_sep,2011,244.601
bra,sex_t,edu_isced97_0,mts_details_sep,2012,198.788
bra,sex_t,edu_isced97_0,mts_details_sep,2013,222.135
bra,sex_t,edu_isced97_0,mts_details_sep,2014,188.677
bra,sex_t,edu_isced97_0,mts_details_sep,2015,179.888
bra,sex_t,edu_isced97_0,mts_details_sgle,2009,527.879
bra,sex_t,edu_isced97_0,mts_details_sgle,2011,287.349
bra,sex_t,edu_isced97_0,mts_details_sgle,2012,291.575
bra,sex_t,edu_isced97_0,mts_details_sgle,2013,265.198
bra,sex_t,edu_isced97_0,mts_details_sgle,2014,253.149
bra,sex_t,edu_isced97_0,mts_details_sgle,2015,228.223
bra,sex_t,edu_isced97_0,mts_details_total,2009,2389.218
bra,sex_t,edu_isced97_0,mts_details_total,2011,2248.385
bra,sex_t,edu_isced97_0,mts_details_total,2012,1898.147
bra,sex_t,edu_isced97_0,mts_details_total,2013,1833.843
bra,sex_t,edu_isced97_0,mts_details_total,2014,1742.053
bra,sex_t,edu_isced97_0,mts_details_total,2015,1523.653
bra,sex_t,edu_isced97_0,mts_details_union,2011,330.233
bra,sex_t,edu_isced97_0,mts_details_union,2012,263.706
bra,sex_t,edu_isced97_0,mts_details_union,2013,251.99
bra,sex_t,edu_isced97_0,mts_details_union,2014,238.84
bra,sex_t,edu_isced97_0,mts_details_union,2015,179.89
bra,sex_t,edu_isced97_0,mts_details_wid,2009,152.586
bra,sex_t,edu_isced97_0,mts_details_wid,2011,158.237
bra,sex_t,edu_isced97_0,mts_details_wid,2012,138.341
bra,sex_t,edu_isced97_0,mts_details_wid,2013,140.888
bra,sex_t,edu_isced97_0,mts_details_wid,2014,150.2
bra,sex_t,edu_isced97_0,mts_details_wid,2015,113.75
bra,sex_t,edu_isced97_0,mts_details_x,2011,86.988
bra,sex_t,edu_isced97_0,mts_details_x,2012,64.057
bra,sex_t,edu_isced97_0,mts_details_x,2013,44.64
bra,sex_t,edu_isced97_0,mts_details_x,2014,51.437
bra,sex_t,edu_isced97_0,mts_details_x,2015,47.827
bra,sex_t,edu_isced97_1,mts_aggregate_1,2009,8002.234
bra,sex_t,edu_isced97_1,mts_aggregate_1,2011,4991.476
bra,sex_t,edu_isced97_1,mts_aggregate_1,2012,5157.234
bra,sex_t,edu_isced97_1,mts_aggregate_1,2013,4975.675
bra,sex_t,edu_isced97_1,mts_aggregate_1,2014,4967.404
bra,sex_t,edu_isced97_1,mts_aggregate_1,2015,4490.57
bra,sex_t,edu_isced97_1,mts_aggregate_2,2009,6955.274
bra,sex_t,edu_isced97_1,mts_aggregate_2,2011,8173.306
bra,sex_t,edu_isced97_1,mts_aggregate_2,2012,8254.725
bra,sex_t,edu_isced97_1,mts_aggregate_2,2013,8106.433
bra,sex_t,edu_isced97_1,mts_aggregate_2,2014,8273.796
bra,sex_t,edu_isced97_1,mts_aggregate_2,2015,7558.147
bra,sex_t,edu_isced97_1,mts_aggregate_total,2009,14957.508
bra,sex_t,edu_isced97_1,mts_aggregate_total,2011,13653.125
bra,sex_t,edu_isced97_1,mts_aggregate_total,2012,13919.542
bra,sex_t,edu_isced97_1,mts_aggregate_total,2013,13430.523
bra,sex_t,edu_isced97_1,mts_aggregate_total,2014,13614.975
bra,sex_t,edu_isced97_1,mts_aggregate_total,2015,12434.683
bra,sex_t,edu_isced97_1,mts_aggregate_x,2011,488.343
bra,sex_t,edu_isced97_1,mts_aggregate_x,2012,507.583
bra,sex_t,edu_isced97_1,mts_aggregate_x,2013,348.415
bra,sex_t,edu_isced97_1,mts_aggregate_x,2014,373.775
bra,sex_t,edu_isced97_1,mts_aggregate_x,2015,385.966
bra,sex_t,edu_isced97_1,mts_details_mrd,2009,6955.274
bra,sex_t,edu_isced97_1,mts_details_mrd,2011,4728.876
bra,sex_t,edu_isced97_1,mts_details_mrd,2012,4650.697
bra,sex_t,edu_isced97_1,mts_details_mrd,2013,4513.897
bra,sex_t,edu_isced97_1,mts_details_mrd,2014,4492.347
bra,sex_t,edu_isced97_1,mts_details_mrd,2015,4285.823
bra,sex_t,edu_isced97_1,mts_details_sep,2009,874.698
bra,sex_t,edu_isced97_1,mts_details_sep,2011,908.707
bra,sex_t,edu_isced97_1,mts_details_sep,2012,933.865
bra,sex_t,edu_isced97_1,mts_details_sep,2013,910.976
bra,sex_t,edu_isced97_1,mts_details_sep,2014,914.359
bra,sex_t,edu_isced97_1,mts_details_sep,2015,863.694
bra,sex_t,edu_isced97_1,mts_details_sgle,2009,6823.715
bra,sex_t,edu_isced97_1,mts_details_sgle,2011,3773.032
bra,sex_t,edu_isced97_1,mts_details_sgle,2012,3903.087
bra,sex_t,edu_isced97_1,mts_details_sgle,2013,3751.806
bra,sex_t,edu_isced97_1,mts_details_sgle,2014,3730.588
bra,sex_t,edu_isced97_1,mts_details_sgle,2015,3298.025
bra,sex_t,edu_isced97_1,mts_details_total,2009,14957.508
bra,sex_t,edu_isced97_1,mts_details_total,2011,13653.125
bra,sex_t,edu_isced97_1,mts_details_total,2012,13919.542
bra,sex_t,edu_isced97_1,mts_details_total,2013,13430.523
bra,sex_t,edu_isced97_1,mts_details_total,2014,13614.975
bra,sex_t,edu_isced97_1,mts_details_total,2015,12434.683
bra,sex_t,edu_isced97_1,mts_details_union,2011,3444.43
bra,sex_t,edu_isced97_1,mts_details_union,2012,3604.028
bra,sex_t,edu_isced97_1,mts_details_union,2013,3592.536
bra,sex_t,edu_isced97_1,mts_details_union,2014,3781.449
bra,sex_t,edu_isced97_1,mts_details_union,2015,3272.324
bra,sex_t,edu_isced97_1,mts_details_wid,2009,303.821
bra,sex_t,edu_isced97_1,mts_details_wid,2011,309.737
bra,sex_t,edu_isced97_1,mts_details_wid,2012,320.282
bra,sex_t,edu_isced97_1,mts_details_wid,2013,312.893
bra,sex_t,edu_isced97_1,mts_details_wid,2014,322.457
bra,sex_t,edu_isced97_1,mts_details_wid,2015,328.851
bra,sex_t,edu_isced97_1,mts_details_x,2011,488.343
bra,sex_t,edu_isced97_1,mts_details_x,2012,507.583
bra,sex_t,edu_isced97_1,mts_details_x,2013,348.415
bra,sex_t,edu_isced97_1,mts_details_x,2014,373.775
bra,sex_t,edu_isced97_1,mts_details_x,2015,385.966
bra,sex_t,edu_isced97_2,mts_aggregate_1,2009,6501.909
bra,sex_t,edu_isced97_2,mts_aggregate_1,2011,5278.462
bra,sex_t,edu_isced97_2,mts_aggregate_1,2012,5475.7
bra,sex_t,edu_isced97_2,mts_aggregate_1,2013,5497.681
bra,sex_t,edu_isced97_2,mts_aggregate_1,2014,5517.38
bra,sex_t,edu_isced97_2,mts_aggregate_1,2015,4820.823
bra,sex_t,edu_isced97_2,mts_aggregate_2,2009,4005.331
bra,sex_t,edu_isced97_2,mts_aggregate_2,2011,5660.238
bra,sex_t,edu_isced97_2,mts_aggregate_2,2012,5632.146
bra,sex_t,edu_isced97_2,mts_aggregate_2,2013,5892.382
bra,sex_t,edu_isced97_2,mts_aggregate_2,2014,5892.691
bra,sex_t,edu_isced97_2,mts_aggregate_2,2015,5498.956
bra,sex_t,edu_isced97_2,mts_aggregate_total,2009,10507.24
bra,sex_t,edu_isced97_2,mts_aggregate_total,2011,11262.958
bra,sex_t,edu_isced97_2,mts_aggregate_total,2012,11468.09
bra,sex_t,edu_isced97_2,mts_aggregate_total,2013,11645.547
bra,sex_t,edu_isced97_2,mts_aggregate_total,2014,11651.495
bra,sex_t,edu_isced97_2,mts_aggregate_total,2015,10614.806
bra,sex_t,edu_isced97_2,mts_aggregate_x,2011,324.258
bra,sex_t,edu_isced97_2,mts_aggregate_x,2012,360.244
bra,sex_t,edu_isced97_2,mts_aggregate_x,2013,255.484
bra,sex_t,edu_isced97_2,mts_aggregate_x,2014,241.424
bra,sex_t,edu_isced97_2,mts_aggregate_x,2015,295.027
bra,sex_t,edu_isced97_2,mts_details_mrd,2009,4005.331
bra,sex_t,edu_isced97_2,mts_details_mrd,2011,3351.512
bra,sex_t,edu_isced97_2,mts_details_mrd,2012,3216.639
bra,sex_t,edu_isced97_2,mts_details_mrd,2013,3284.058
bra,sex_t,edu_isced97_2,mts_details_mrd,2014,3210.252
bra,sex_t,edu_isced97_2,mts_details_mrd,2015,3083.646
bra,sex_t,edu_isced97_2,mts_details_sep,2009,558.441
bra,sex_t,edu_isced97_2,mts_details_sep,2011,638.992
bra,sex_t,edu_isced97_2,mts_details_sep,2012,647.266
bra,sex_t,edu_isced97_2,mts_details_sep,2013,677.605
bra,sex_t,edu_isced97_2,mts_details_sep,2014,692.6
bra,sex_t,edu_isced97_2,mts_details_sep,2015,621.59
bra,sex_t,edu_isced97_2,mts_details_sgle,2009,5810.388
bra,sex_t,edu_isced97_2,mts_details_sgle,2011,4481.581
bra,sex_t,edu_isced97_2,mts_details_sgle,2012,4657.636
bra,sex_t,edu_isced97_2,mts_details_sgle,2013,4643.233
bra,sex_t,edu_isced97_2,mts_details_sgle,2014,4665.956
bra,sex_t,edu_isced97_2,mts_details_sgle,2015,4038.576
bra,sex_t,edu_isced97_2,mts_details_total,2009,10507.24
bra,sex_t,edu_isced97_2,mts_details_total,2011,11262.958
bra,sex_t,edu_isced97_2,mts_details_total,2012,11468.09
bra,sex_t,edu_isced97_2,mts_details_total,2013,11645.547
bra,sex_t,edu_isced97_2,mts_details_total,2014,11651.495
bra,sex_t,edu_isced97_2,mts_details_total,2015,10614.806
bra,sex_t,edu_isced97_2,mts_details_union,2011,2308.726
bra,sex_t,edu_isced97_2,mts_details_union,2012,2415.507
bra,sex_t,edu_isced97_2,mts_details_union,2013,2608.324
bra,sex_t,edu_isced97_2,mts_details_union,2014,2682.439
bra,sex_t,edu_isced97_2,mts_details_union,2015,2415.31
bra,sex_t,edu_isced97_2,mts_details_wid,2009,133.08
bra,sex_t,edu_isced97_2,mts_details_wid,2011,157.889
bra,sex_t,edu_isced97_2,mts_details_wid,2012,170.798
bra,sex_t,edu_isced97_2,mts_details_wid,2013,176.843
bra,sex_t,edu_isced97_2,mts_details_wid,2014,158.824
bra,sex_t,edu_isced97_2,mts_details_wid,2015,160.657
bra,sex_t,edu_isced97_2,mts_details_x,2011,324.258
bra,sex_t,edu_isced97_2,mts_details_x,2012,360.244
bra,sex_t,edu_isced97_2,mts_details_x,2013,255.484
bra,sex_t,edu_isced97_2,mts_details_x,2014,241.424
bra,sex_t,edu_isced97_2,mts_details_x,2015,295.027
bra,sex_t,edu_isced97_3,mts_aggregate_1,2009,13055.981
bra,sex_t,edu_isced97_3,mts_aggregate_1,2011,11757.436
bra,sex_t,edu_isced97_3,mts_aggregate_1,2012,12037.76
bra,sex_t,edu_isced97_3,mts_aggregate_1,2013,12399.432
bra,sex_t,edu_isced97_3,mts_aggregate_1,2014,12549.16
bra,sex_t,edu_isced97_3,mts_aggregate_1,2015,11950.485
bra,sex_t,edu_isced97_3,mts_aggregate_2,2009,9213.948
bra,sex_t,edu_isced97_3,mts_aggregate_2,2011,12030.866
bra,sex_t,edu_isced97_3,mts_aggregate_2,2012,12516.752
bra,sex_t,edu_isced97_3,mts_aggregate_2,2013,13231.441
bra,sex_t,edu_isced97_3,mts_aggregate_2,2014,13288.89
bra,sex_t,edu_isced97_3,mts_aggregate_2,2015,13099.305
bra,sex_t,edu_isced97_3,mts_aggregate_total,2009,22269.929
bra,sex_t,edu_isced97_3,mts_aggregate_total,2011,24302.164
bra,sex_t,edu_isced97_3,mts_aggregate_total,2012,25121.33
bra,sex_t,edu_isced97_3,mts_aggregate_total,2013,26070.382
bra,sex_t,edu_isced97_3,mts_aggregate_total,2014,26275.244
bra,sex_t,edu_isced97_3,mts_aggregate_total,2015,25613.726
bra,sex_t,edu_isced97_3,mts_aggregate_x,2011,513.862
bra,sex_t,edu_isced97_3,mts_aggregate_x,2012,566.818
bra,sex_t,edu_isced97_3,mts_aggregate_x,2013,439.509
bra,sex_t,edu_isced97_3,mts_aggregate_x,2014,437.194
bra,sex_t,edu_isced97_3,mts_aggregate_x,2015,563.936
bra,sex_t,edu_isced97_3,mts_details_mrd,2009,9213.948
bra,sex_t,edu_isced97_3,mts_details_mrd,2011,8345.036
bra,sex_t,edu_isced97_3,mts_details_mrd,2012,8661.077
bra,sex_t,edu_isced97_3,mts_details_mrd,2013,8891.338
bra,sex_t,edu_isced97_3,mts_details_mrd,2014,8770.604
bra,sex_t,edu_isced97_3,mts_details_mrd,2015,8832.809
bra,sex_t,edu_isced97_3,mts_details_sep,2009,1192.335
bra,sex_t,edu_isced97_3,mts_details_sep,2011,1419.777
bra,sex_t,edu_isced97_3,mts_details_sep,2012,1498.999
bra,sex_t,edu_isced97_3,mts_details_sep,2013,1698.592
bra,sex_t,edu_isced97_3,mts_details_sep,2014,1662.984
bra,sex_t,edu_isced97_3,mts_details_sep,2015,1648.861
bra,sex_t,edu_isced97_3,mts_details_sgle,2009,11666.915
bra,sex_t,edu_isced97_3,mts_details_sgle,2011,10104.135
bra,sex_t,edu_isced97_3,mts_details_sgle,2012,10293.393
bra,sex_t,edu_isced97_3,mts_details_sgle,2013,10440.742
bra,sex_t,edu_isced97_3,mts_details_sgle,2014,10598.883
bra,sex_t,edu_isced97_3,mts_details_sgle,2015,10052.926
bra,sex_t,edu_isced97_3,mts_details_total,2009,22269.929
bra,sex_t,edu_isced97_3,mts_details_total,2011,24302.164
bra,sex_t,edu_isced97_3,mts_details_total,2012,25121.33
bra,sex_t,edu_isced97_3,mts_details_total,2013,26070.382
bra,sex_t,edu_isced97_3,mts_details_total,2014,26275.244
bra,sex_t,edu_isced97_3,mts_details_total,2015,25613.726
bra,sex_t,edu_isced97_3,mts_details_union,2011,3685.83
bra,sex_t,edu_isced97_3,mts_details_union,2012,3855.675
bra,sex_t,edu_isced97_3,mts_details_union,2013,4340.103
bra,sex_t,edu_isced97_3,mts_details_union,2014,4518.286
bra,sex_t,edu_isced97_3,mts_details_union,2015,4266.496
bra,sex_t,edu_isced97_3,mts_details_wid,2009,196.731
bra,sex_t,edu_isced97_3,mts_details_wid,2011,233.524
bra,sex_t,edu_isced97_3,mts_details_wid,2012,245.368
bra,sex_t,edu_isced97_3,mts_details_wid,2013,260.098
bra,sex_t,edu_isced97_3,mts_details_wid,2014,287.293
bra,sex_t,edu_isced97_3,mts_details_wid,2015,248.698
bra,sex_t,edu_isced97_3,mts_details_x,2011,513.862
bra,sex_t,edu_isced97_3,mts_details_x,2012,566.818
bra,sex_t,edu_isced97_3,mts_details_x,2013,439.509
bra,sex_t,edu_isced97_3,mts_details_x,2014,437.194
bra,sex_t,edu_isced97_3,mts_details_x,2015,563.936
bra,sex_t,edu_isced97_5,mts_aggregate_1,2009,3377.369
bra,sex_t,edu_isced97_5,mts_aggregate_1,2011,3539.914
bra,sex_t,edu_isced97_5,mts_aggregate_1,2012,3774.513
bra,sex_t,edu_isced97_5,mts_aggregate_1,2013,4013.781
bra,sex_t,edu_isced97_5,mts_aggregate_1,2014,4278.053
bra,sex_t,edu_isced97_5,mts_aggregate_1,2015,4237.309
bra,sex_t,edu_isced97_5,mts_aggregate_2,2009,3940.655
bra,sex_t,edu_isced97_5,mts_aggregate_2,2011,4643.319
bra,sex_t,edu_isced97_5,mts_aggregate_2,2012,5001.218
bra,sex_t,edu_isced97_5,mts_aggregate_2,2013,5562.295
bra,sex_t,edu_isced97_5,mts_aggregate_2,2014,5701.076
bra,sex_t,edu_isced97_5,mts_aggregate_2,2015,5787.206
bra,sex_t,edu_isced97_5,mts_aggregate_total,2009,7318.024
bra,sex_t,edu_isced97_5,mts_aggregate_total,2011,8297.619
bra,sex_t,edu_isced97_5,mts_aggregate_total,2012,8886.033
bra,sex_t,edu_isced97_5,mts_aggregate_total,2013,9700.292
bra,sex_t,edu_isced97_5,mts_aggregate_total,2014,10100.163
bra,sex_t,edu_isced97_5,mts_aggregate_total,2015,10175.631
bra,sex_t,edu_isced97_5,mts_aggregate_x,2011,114.386
bra,sex_t,edu_isced97_5,mts_aggregate_x,2012,110.302
bra,sex_t,edu_isced97_5,mts_aggregate_x,2013,124.216
bra,sex_t,edu_isced97_5,mts_aggregate_x,2014,121.034
bra,sex_t,edu_isced97_5,mts_aggregate_x,2015,151.116
bra,sex_t,edu_isced97_5,mts_details_mrd,2009,3940.655
bra,sex_t,edu_isced97_5,mts_details_mrd,2011,3934.873
bra,sex_t,edu_isced97_5,mts_details_mrd,2012,4214.724
bra,sex_t,edu_isced97_5,mts_details_mrd,2013,4622.807
bra,sex_t,edu_isced97_5,mts_details_mrd,2014,4748.033
bra,sex_t,edu_isced97_5,mts_details_mrd,2015,4824.334
bra,sex_t,edu_isced97_5,mts_details_sep,2009,571.098
bra,sex_t,edu_isced97_5,mts_details_sep,2011,714.183
bra,sex_t,edu_isced97_5,mts_details_sep,2012,749.087
bra,sex_t,edu_isced97_5,mts_details_sep,2013,805.515
bra,sex_t,edu_isced97_5,mts_details_sep,2014,821.016
bra,sex_t,edu_isced97_5,mts_details_sep,2015,846.277
bra,sex_t,edu_isced97_5,mts_details_sgle,2009,2712.779
bra,sex_t,edu_isced97_5,mts_details_sgle,2011,2709.544
bra,sex_t,edu_isced97_5,mts_details_sgle,2012,2897.35
bra,sex_t,edu_isced97_5,mts_details_sgle,2013,3085.51
bra,sex_t,edu_isced97_5,mts_details_sgle,2014,3325.805
bra,sex_t,edu_isced97_5,mts_details_sgle,2015,3259.704
bra,sex_t,edu_isced97_5,mts_details_total,2009,7318.024
bra,sex_t,edu_isced97_5,mts_details_total,2011,8297.619
bra,sex_t,edu_isced97_5,mts_details_total,2012,8886.033
bra,sex_t,edu_isced97_5,mts_details_total,2013,9700.292
bra,sex_t,edu_isced97_5,mts_details_total,2014,10100.163
bra,sex_t,edu_isced97_5,mts_details_total,2015,10175.631
bra,sex_t,edu_isced97_5,mts_details_union,2011,708.446
bra,sex_t,edu_isced97_5,mts_details_union,2012,786.494
bra,sex_t,edu_isced97_5,mts_details_union,2013,939.488
bra,sex_t,edu_isced97_5,mts_details_union,2014,953.043
bra,sex_t,edu_isced97_5,mts_details_union,2015,962.872
bra,sex_t,edu_isced97_5,mts_details_wid,2009,93.492
bra,sex_t,edu_isced97_5,mts_details_wid,2011,116.187
bra,sex_t,edu_isced97_5,mts_details_wid,2012,128.076
bra,sex_t,edu_isced97_5,mts_details_wid,2013,122.756
bra,sex_t,edu_isced97_5,mts_details_wid,2014,131.232
bra,sex_t,edu_isced97_5,mts_details_wid,2015,131.328
bra,sex_t,edu_isced97_5,mts_details_x,2011,114.386
bra,sex_t,edu_isced97_5,mts_details_x,2012,110.302
bra,sex_t,edu_isced97_5,mts_details_x,2013,124.216
bra,sex_t,edu_isced97_5,mts_details_x,2014,121.034
bra,sex_t,edu_isced97_5,mts_details_x,2015,151.116
bra,sex_t,edu_isced97_6,mts_aggregate_1,2009,181.348
bra,sex_t,edu_isced97_6,mts_aggregate_1,2011,199.01
bra,sex_t,edu_isced97_6,mts_aggregate_1,2012,179.854
bra,sex_t,edu_isced97_6,mts_aggregate_1,2013,211.711
bra,sex_t,edu_isced97_6,mts_aggregate_1,2014,207.888
bra,sex_t,edu_isced97_6,mts_aggregate_1,2015,238.355
bra,sex_t,edu_isced97_6,mts_aggregate_2,2009,304.919
bra,sex_t,edu_isced97_6,mts_aggregate_2,2011,349.397
bra,sex_t,edu_isced97_6,mts_aggregate_2,2012,322.555
bra,sex_t,edu_isced97_6,mts_aggregate_2,2013,316.876
bra,sex_t,edu_isced97_6,mts_aggregate_2,2014,383.41
bra,sex_t,edu_isced97_6,mts_aggregate_2,2015,421.93
bra,sex_t,edu_isced97_6,mts_aggregate_total,2009,486.267
bra,sex_t,edu_isced97_6,mts_aggregate_total,2011,558.389
bra,sex_t,edu_isced97_6,mts_aggregate_total,2012,510.369
bra,sex_t,edu_isced97_6,mts_aggregate_total,2013,535.487
bra,sex_t,edu_isced97_6,mts_aggregate_total,2014,598.599
bra,sex_t,edu_isced97_6,mts_aggregate_total,2015,671.708
bra,sex_t,edu_isced97_6,mts_aggregate_x,2011,9.982
bra,sex_t,edu_isced97_6,mts_aggregate_x,2012,7.96
bra,sex_t,edu_isced97_6,mts_aggregate_x,2013,6.9
bra,sex_t,edu_isced97_6,mts_aggregate_x,2014,7.301
bra,sex_t,edu_isced97_6,mts_aggregate_x,2015,11.423
bra,sex_t,edu_isced97_6,mts_details_mrd,2009,304.919
bra,sex_t,edu_isced97_6,mts_details_mrd,2011,305.5
bra,sex_t,edu_isced97_6,mts_details_mrd,2012,274.036
bra,sex_t,edu_isced97_6,mts_details_mrd,2013,267.875
bra,sex_t,edu_isced97_6,mts_details_mrd,2014,327.943
bra,sex_t,edu_isced97_6,mts_details_mrd,2015,357.64
bra,sex_t,edu_isced97_6,mts_details_sep,2009,48.641
bra,sex_t,edu_isced97_6,mts_details_sep,2011,58.829
bra,sex_t,edu_isced97_6,mts_details_sep,2012,53.567
bra,sex_t,edu_isced97_6,mts_details_sep,2013,72.695
bra,sex_t,edu_isced97_6,mts_details_sep,2014,68.426
bra,sex_t,edu_isced97_6,mts_details_sep,2015,74.582
bra,sex_t,edu_isced97_6,mts_details_sgle,2009,123.406
bra,sex_t,edu_isced97_6,mts_details_sgle,2011,131.362
bra,sex_t,edu_isced97_6,mts_details_sgle,2012,116.312
bra,sex_t,edu_isced97_6,mts_details_sgle,2013,128.31
bra,sex_t,edu_isced97_6,mts_details_sgle,2014,126.421
bra,sex_t,edu_isced97_6,mts_details_sgle,2015,154.163
bra,sex_t,edu_isced97_6,mts_details_total,2009,486.267
bra,sex_t,edu_isced97_6,mts_details_total,2011,558.389
bra,sex_t,edu_isced97_6,mts_details_total,2012,510.369
bra,sex_t,edu_isced97_6,mts_details_total,2013,535.487
bra,sex_t,edu_isced97_6,mts_details_total,2014,598.599
bra,sex_t,edu_isced97_6,mts_details_total,2015,671.708
bra,sex_t,edu_isced97_6,mts_details_union,2011,43.897
bra,sex_t,edu_isced97_6,mts_details_union,2012,48.519
bra,sex_t,edu_isced97_6,mts_details_union,2013,49.001
bra,sex_t,edu_isced97_6,mts_details_union,2014,55.467
bra,sex_t,edu_isced97_6,mts_details_union,2015,64.29
bra,sex_t,edu_isced97_6,mts_details_wid,2009,9.301
bra,sex_t,edu_isced97_6,mts_details_wid,2011,8.819
bra,sex_t,edu_isced97_6,mts_details_wid,2012,9.975
bra,sex_t,edu_isced97_6,mts_details_wid,2013,10.706
bra,sex_t,edu_isced97_6,mts_details_wid,2014,13.041
bra,sex_t,edu_isced97_6,mts_details_wid,2015,9.61
bra,sex_t,edu_isced97_6,mts_details_x,2011,9.982
bra,sex_t,edu_isced97_6,mts_details_x,2012,7.96
bra,sex_t,edu_isced97_6,mts_details_x,2013,6.9
bra,sex_t,edu_isced97_6,mts_details_x,2014,7.301
bra,sex_t,edu_isced97_6,mts_details_x,2015,11.423
bra,sex_t,edu_isced97_total,mts_aggregate_1,2009,32918.652
bra,sex_t,edu_isced97_total,mts_aggregate_1,2011,27022.375
bra,sex_t,edu_isced97_total,mts_aggregate_1,2012,27806.362
bra,sex_t,edu_isced97_total,mts_aggregate_1,2013,28291.929
bra,sex_t,edu_isced97_total,mts_aggregate_1,2014,28635.807
bra,sex_t,edu_isced97_total,mts_aggregate_1,2015,26750.899
bra,sex_t,edu_isced97_total,mts_aggregate_2,2009,26779.249
bra,sex_t,edu_isced97_total,mts_aggregate_2,2011,33325.635
bra,sex_t,edu_isced97_total,mts_aggregate_2,2012,33896.785
bra,sex_t,edu_isced97_total,mts_aggregate_2,2013,35245.599
bra,sex_t,edu_isced97_total,mts_aggregate_2,2014,35555.397
bra,sex_t,edu_isced97_total,mts_aggregate_2,2015,34097.13
bra,sex_t,edu_isced97_total,mts_aggregate_total,2009,59697.901
bra,sex_t,edu_isced97_total,mts_aggregate_total,2011,61973.906
bra,sex_t,edu_isced97_total,mts_aggregate_total,2012,63418.568
bra,sex_t,edu_isced97_total,mts_aggregate_total,2013,64830.504
bra,sex_t,edu_isced97_total,mts_aggregate_total,2014,65476.126
bra,sex_t,edu_isced97_total,mts_aggregate_total,2015,62352.489
bra,sex_t,edu_isced97_total,mts_aggregate_x,2011,1625.896
bra,sex_t,edu_isced97_total,mts_aggregate_x,2012,1715.421
bra,sex_t,edu_isced97_total,mts_aggregate_x,2013,1292.976
bra,sex_t,edu_isced97_total,mts_aggregate_x,2014,1284.922
bra,sex_t,edu_isced97_total,mts_aggregate_x,2015,1504.46
bra,sex_t,edu_isced97_total,mts_details_mrd,2009,26779.249
bra,sex_t,edu_isced97_total,mts_details_mrd,2011,22395.094
bra,sex_t,edu_isced97_total,mts_details_mrd,2012,22525.2
bra,sex_t,edu_isced97_total,mts_details_mrd,2013,23032.341
bra,sex_t,edu_isced97_total,mts_details_mrd,2014,22928.512
bra,sex_t,edu_isced97_total,mts_details_mrd,2015,22582.324
bra,sex_t,edu_isced97_total,mts_details_sep,2009,3599.001
bra,sex_t,edu_isced97_total,mts_details_sep,2011,4106.816
bra,sex_t,edu_isced97_total,mts_details_sep,2012,4187.557
bra,sex_t,edu_isced97_total,mts_details_sep,2013,4487.568
bra,sex_t,edu_isced97_total,mts_details_sep,2014,4457.606
bra,sex_t,edu_isced97_total,mts_details_sep,2015,4325.454
bra,sex_t,edu_isced97_total,mts_details_sgle,2009,28343.777
bra,sex_t,edu_isced97_total,mts_details_sgle,2011,21851.751
bra,sex_t,edu_isced97_total,mts_details_sgle,2012,22525.292
bra,sex_t,edu_isced97_total,mts_details_sgle,2013,22696.208
bra,sex_t,edu_isced97_total,mts_details_sgle,2014,23047.064
bra,sex_t,edu_isced97_total,mts_details_sgle,2015,21364.58
bra,sex_t,edu_isced97_total,mts_details_total,2009,59697.901
bra,sex_t,edu_isced97_total,mts_details_total,2011,61973.906
bra,sex_t,edu_isced97_total,mts_details_total,2012,63418.568
bra,sex_t,edu_isced97_total,mts_details_total,2013,64830.504
bra,sex_t,edu_isced97_total,mts_details_total,2014,65476.126
bra,sex_t,edu_isced97_total,mts_details_total,2015,62352.489
bra,sex_t,edu_isced97_total,mts_details_union,2011,10930.541
bra,sex_t,edu_isced97_total,mts_details_union,2012,11371.585
bra,sex_t,edu_isced97_total,mts_details_union,2013,12213.258
bra,sex_t,edu_isced97_total,mts_details_union,2014,12626.885
bra,sex_t,edu_isced97_total,mts_details_union,2015,11514.806
bra,sex_t,edu_isced97_total,mts_details_wid,2009,975.874
bra,sex_t,edu_isced97_total,mts_details_wid,2011,1063.808
bra,sex_t,edu_isced97_total,mts_details_wid,2012,1093.513
bra,sex_t,edu_isced97_total,mts_details_wid,2013,1108.153
bra,sex_t,edu_isced97_total,mts_details_wid,2014,1131.137
bra,sex_t,edu_isced97_total,mts_details_wid,2015,1060.865
bra,sex_t,edu_isced97_total,mts_details_x,2011,1625.896
bra,sex_t,edu_isced97_total,mts_details_x,2012,1715.421
bra,sex_t,edu_isced97_total,mts_details_x,2013,1292.976
bra,sex_t,edu_isced97_total,mts_details_x,2014,1284.922
bra,sex_t,edu_isced97_total,mts_details_x,2015,1504.46
bra,sex_t,edu_isced97_unk,mts_aggregate_1,2009,125.87
bra,sex_t,edu_isced97_unk,mts_aggregate_2,2009,143.003
bra,sex_t,edu_isced97_unk,mts_aggregate_total,2009,268.873
bra,sex_t,edu_isced97_unk,mts_details_mrd,2009,143.003
bra,sex_t,edu_isced97_unk,mts_details_sep,2009,15.516
bra,sex_t,edu_isced97_unk,mts_details_sgle,2009,99.839
bra,sex_t,edu_isced97_unk,mts_details_total,2009,268.873
bra,sex_t,edu_isced97_unk,mts_details_wid,2009,10.515
bra,sex_t,edu_isced97_x,mts_aggregate_1,2009,757.898
bra,sex_t,edu_isced97_x,mts_aggregate_1,2011,565.89
bra,sex_t,edu_isced97_x,mts_aggregate_1,2012,552.597
bra,sex_t,edu_isced97_x,mts_aggregate_1,2013,565.428
bra,sex_t,edu_isced97_x,mts_aggregate_1,2014,523.896
bra,sex_t,edu_isced97_x,mts_aggregate_1,2015,491.496
bra,sex_t,edu_isced97_x,mts_aggregate_2,2009,742.944
bra,sex_t,edu_isced97_x,mts_aggregate_2,2011,997.299
bra,sex_t,edu_isced97_x,mts_aggregate_2,2012,964.003
bra,sex_t,edu_isced97_x,mts_aggregate_2,2013,975.19
bra,sex_t,edu_isced97_x,mts_aggregate_2,2014,916.944
bra,sex_t,edu_isced97_x,mts_aggregate_2,2015,777.621
bra,sex_t,edu_isced97_x,mts_aggregate_total,2009,1500.842
bra,sex_t,edu_isced97_x,mts_aggregate_total,2011,1651.266
bra,sex_t,edu_isced97_x,mts_aggregate_total,2012,1615.057
bra,sex_t,edu_isced97_x,mts_aggregate_total,2013,1614.43
bra,sex_t,edu_isced97_x,mts_aggregate_total,2014,1493.597
bra,sex_t,edu_isced97_x,mts_aggregate_total,2015,1318.282
bra,sex_t,edu_isced97_x,mts_aggregate_x,2011,88.077
bra,sex_t,edu_isced97_x,mts_aggregate_x,2012,98.457
bra,sex_t,edu_isced97_x,mts_aggregate_x,2013,73.812
bra,sex_t,edu_isced97_x,mts_aggregate_x,2014,52.757
bra,sex_t,edu_isced97_x,mts_aggregate_x,2015,49.165
bra,sex_t,edu_isced97_x,mts_details_mrd,2009,742.944
bra,sex_t,edu_isced97_x,mts_details_mrd,2011,588.32
bra,sex_t,edu_isced97_x,mts_details_mrd,2012,566.347
bra,sex_t,edu_isced97_x,mts_details_mrd,2013,543.374
bra,sex_t,edu_isced97_x,mts_details_mrd,2014,519.583
bra,sex_t,edu_isced97_x,mts_details_mrd,2015,423.997
bra,sex_t,edu_isced97_x,mts_details_sep,2009,102.694
bra,sex_t,edu_isced97_x,mts_details_sep,2011,121.727
bra,sex_t,edu_isced97_x,mts_details_sep,2012,105.985
bra,sex_t,edu_isced97_x,mts_details_sep,2013,100.05
bra,sex_t,edu_isced97_x,mts_details_sep,2014,109.544
bra,sex_t,edu_isced97_x,mts_details_sep,2015,90.562
bra,sex_t,edu_isced97_x,mts_details_sgle,2009,578.856
bra,sex_t,edu_isced97_x,mts_details_sgle,2011,364.748
bra,sex_t,edu_isced97_x,mts_details_sgle,2012,365.939
bra,sex_t,edu_isced97_x,mts_details_sgle,2013,381.409
bra,sex_t,edu_isced97_x,mts_details_sgle,2014,346.262
bra,sex_t,edu_isced97_x,mts_details_sgle,2015,332.963
bra,sex_t,edu_isced97_x,mts_details_total,2009,1500.842
bra,sex_t,edu_isced97_x,mts_details_total,2011,1651.266
bra,sex_t,edu_isced97_x,mts_details_total,2012,1615.057
bra,sex_t,edu_isced97_x,mts_details_total,2013,1614.43
bra,sex_t,edu_isced97_x,mts_details_total,2014,1493.597
bra,sex_t,edu_isced97_x,mts_details_total,2015,1318.282
bra,sex_t,edu_isced97_x,mts_details_union,2011,408.979
bra,sex_t,edu_isced97_x,mts_details_union,2012,397.656
bra,sex_t,edu_isced97_x,mts_details_union,2013,431.816
bra,sex_t,edu_isced97_x,mts_details_union,2014,397.361
bra,sex_t,edu_isced97_x,mts_details_union,2015,353.624
bra,sex_t,edu_isced97_x,mts_details_wid,2009,76.348
bra,sex_t,edu_isced97_x,mts_details_wid,2011,79.415
bra,sex_t,edu_isced97_x,mts_details_wid,2012,80.673
bra,sex_t,edu_isced97_x,mts_details_wid,2013,83.969
bra,sex_t,edu_isced97_x,mts_details_wid,2014,68.09
bra,sex_t,edu_isced97_x,mts_details_wid,2015,67.971
bra,sex_t,edu_isced97_x,mts_details_x,2011,88.077
bra,sex_t,edu_isced97_x,mts_details_x,2012,98.457
bra,sex_t,edu_isced97_x,mts_details_x,2013,73.812
bra,sex_t,edu_isced97_x,mts_details_x,2014,52.757
bra,sex_t,edu_isced97_x,mts_details_x,2015,49.165
