ref_area,sex,classif1,classif2,time,emp_dwap_sex_age_edu_rt
ecu,sex_f,age_10yrbands_total,edu_aggregate_adv,2000,68.352
ecu,sex_f,age_10yrbands_total,edu_aggregate_adv,2001,68.625
ecu,sex_f,age_10yrbands_total,edu_aggregate_adv,2003,73.193
ecu,sex_f,age_10yrbands_total,edu_aggregate_adv,2004,73.303
ecu,sex_f,age_10yrbands_total,edu_aggregate_adv,2005,74.123
ecu,sex_f,age_10yrbands_total,edu_aggregate_adv,2006,76.37
ecu,sex_f,age_10yrbands_total,edu_aggregate_adv,2007,73.57
ecu,sex_f,age_10yrbands_total,edu_aggregate_adv,2008,74.4
ecu,sex_f,age_10yrbands_total,edu_aggregate_adv,2009,70.306
ecu,sex_f,age_10yrbands_total,edu_aggregate_adv,2010,70.721
ecu,sex_f,age_10yrbands_total,edu_aggregate_adv,2011,71.024
ecu,sex_f,age_10yrbands_total,edu_aggregate_adv,2012,71.952
ecu,sex_f,age_10yrbands_total,edu_aggregate_adv,2013,71.011
ecu,sex_f,age_10yrbands_total,edu_aggregate_adv,2014,69.543
ecu,sex_f,age_10yrbands_total,edu_aggregate_adv,2015,71.142
ecu,sex_f,age_10yrbands_total,edu_aggregate_adv,2016,71.245
ecu,sex_f,age_10yrbands_total,edu_aggregate_adv,2017,70.997
ecu,sex_f,age_10yrbands_total,edu_aggregate_adv,2018,70.711
ecu,sex_f,age_10yrbands_total,edu_aggregate_adv,2019,70.122
ecu,sex_f,age_10yrbands_total,edu_aggregate_adv,2021,67.516
ecu,sex_f,age_10yrbands_total,edu_aggregate_adv,2022,69.693
ecu,sex_f,age_10yrbands_total,edu_aggregate_adv,2023,68.78
ecu,sex_f,age_10yrbands_total,edu_aggregate_adv,2024,68.157
ecu,sex_f,age_10yrbands_total,edu_aggregate_bas,2000,40.774
ecu,sex_f,age_10yrbands_total,edu_aggregate_bas,2001,50.725
ecu,sex_f,age_10yrbands_total,edu_aggregate_bas,2003,42.613
ecu,sex_f,age_10yrbands_total,edu_aggregate_bas,2004,46.427
ecu,sex_f,age_10yrbands_total,edu_aggregate_bas,2005,46.026
ecu,sex_f,age_10yrbands_total,edu_aggregate_bas,2006,47.254
ecu,sex_f,age_10yrbands_total,edu_aggregate_bas,2007,44.76
ecu,sex_f,age_10yrbands_total,edu_aggregate_bas,2008,44.415
ecu,sex_f,age_10yrbands_total,edu_aggregate_bas,2009,41.13
ecu,sex_f,age_10yrbands_total,edu_aggregate_bas,2010,40.079
ecu,sex_f,age_10yrbands_total,edu_aggregate_bas,2011,38.702
ecu,sex_f,age_10yrbands_total,edu_aggregate_bas,2012,39.604
ecu,sex_f,age_10yrbands_total,edu_aggregate_bas,2013,40.577
ecu,sex_f,age_10yrbands_total,edu_aggregate_bas,2014,39.949
ecu,sex_f,age_10yrbands_total,edu_aggregate_bas,2015,44.386
ecu,sex_f,age_10yrbands_total,edu_aggregate_bas,2016,47.413
ecu,sex_f,age_10yrbands_total,edu_aggregate_bas,2017,48.856
ecu,sex_f,age_10yrbands_total,edu_aggregate_bas,2018,47.767
ecu,sex_f,age_10yrbands_total,edu_aggregate_bas,2019,47.224
ecu,sex_f,age_10yrbands_total,edu_aggregate_bas,2021,46.709
ecu,sex_f,age_10yrbands_total,edu_aggregate_bas,2022,47.654
ecu,sex_f,age_10yrbands_total,edu_aggregate_bas,2023,45.698
ecu,sex_f,age_10yrbands_total,edu_aggregate_bas,2024,45.974
ecu,sex_f,age_10yrbands_total,edu_aggregate_int,2000,39.433
ecu,sex_f,age_10yrbands_total,edu_aggregate_int,2001,47.352
ecu,sex_f,age_10yrbands_total,edu_aggregate_int,2003,49.39
ecu,sex_f,age_10yrbands_total,edu_aggregate_int,2004,50.038
ecu,sex_f,age_10yrbands_total,edu_aggregate_int,2005,48.927
ecu,sex_f,age_10yrbands_total,edu_aggregate_int,2006,47.842
ecu,sex_f,age_10yrbands_total,edu_aggregate_int,2007,53.633
ecu,sex_f,age_10yrbands_total,edu_aggregate_int,2008,51.737
ecu,sex_f,age_10yrbands_total,edu_aggregate_int,2009,49.786
ecu,sex_f,age_10yrbands_total,edu_aggregate_int,2010,47.693
ecu,sex_f,age_10yrbands_total,edu_aggregate_int,2011,47.598
ecu,sex_f,age_10yrbands_total,edu_aggregate_int,2012,48.848
ecu,sex_f,age_10yrbands_total,edu_aggregate_int,2013,47.367
ecu,sex_f,age_10yrbands_total,edu_aggregate_int,2014,46.769
ecu,sex_f,age_10yrbands_total,edu_aggregate_int,2015,49.3
ecu,sex_f,age_10yrbands_total,edu_aggregate_int,2016,50.914
ecu,sex_f,age_10yrbands_total,edu_aggregate_int,2017,53.053
ecu,sex_f,age_10yrbands_total,edu_aggregate_int,2018,50.694
ecu,sex_f,age_10yrbands_total,edu_aggregate_int,2019,50.612
ecu,sex_f,age_10yrbands_total,edu_aggregate_int,2021,50.111
ecu,sex_f,age_10yrbands_total,edu_aggregate_int,2022,52.306
ecu,sex_f,age_10yrbands_total,edu_aggregate_int,2023,49.914
ecu,sex_f,age_10yrbands_total,edu_aggregate_int,2024,49.255
ecu,sex_f,age_10yrbands_total,edu_aggregate_ltb,2000,40.979
ecu,sex_f,age_10yrbands_total,edu_aggregate_ltb,2001,54.564
ecu,sex_f,age_10yrbands_total,edu_aggregate_ltb,2003,42.574
ecu,sex_f,age_10yrbands_total,edu_aggregate_ltb,2004,48.437
ecu,sex_f,age_10yrbands_total,edu_aggregate_ltb,2005,46.964
ecu,sex_f,age_10yrbands_total,edu_aggregate_ltb,2006,47.321
ecu,sex_f,age_10yrbands_total,edu_aggregate_ltb,2007,45.069
ecu,sex_f,age_10yrbands_total,edu_aggregate_ltb,2008,44.029
ecu,sex_f,age_10yrbands_total,edu_aggregate_ltb,2009,42.388
ecu,sex_f,age_10yrbands_total,edu_aggregate_ltb,2010,40.106
ecu,sex_f,age_10yrbands_total,edu_aggregate_ltb,2011,39.658
ecu,sex_f,age_10yrbands_total,edu_aggregate_ltb,2012,40.245
ecu,sex_f,age_10yrbands_total,edu_aggregate_ltb,2013,40.705
ecu,sex_f,age_10yrbands_total,edu_aggregate_ltb,2014,40.798
ecu,sex_f,age_10yrbands_total,edu_aggregate_ltb,2015,46.711
ecu,sex_f,age_10yrbands_total,edu_aggregate_ltb,2016,51.019
ecu,sex_f,age_10yrbands_total,edu_aggregate_ltb,2017,51.769
ecu,sex_f,age_10yrbands_total,edu_aggregate_ltb,2018,50.433
ecu,sex_f,age_10yrbands_total,edu_aggregate_ltb,2019,51.139
ecu,sex_f,age_10yrbands_total,edu_aggregate_ltb,2021,45.879
ecu,sex_f,age_10yrbands_total,edu_aggregate_ltb,2022,45.974
ecu,sex_f,age_10yrbands_total,edu_aggregate_ltb,2023,47.676
ecu,sex_f,age_10yrbands_total,edu_aggregate_ltb,2024,46.543
ecu,sex_f,age_10yrbands_total,edu_aggregate_total,2000,43.014
ecu,sex_f,age_10yrbands_total,edu_aggregate_total,2001,51.876
ecu,sex_f,age_10yrbands_total,edu_aggregate_total,2003,46.174
ecu,sex_f,age_10yrbands_total,edu_aggregate_total,2004,49.864
ecu,sex_f,age_10yrbands_total,edu_aggregate_total,2005,49.529
ecu,sex_f,age_10yrbands_total,edu_aggregate_total,2006,50.505
ecu,sex_f,age_10yrbands_total,edu_aggregate_total,2007,50.08
ecu,sex_f,age_10yrbands_total,edu_aggregate_total,2008,49.594
ecu,sex_f,age_10yrbands_total,edu_aggregate_total,2009,46.958
ecu,sex_f,age_10yrbands_total,edu_aggregate_total,2010,45.857
ecu,sex_f,age_10yrbands_total,edu_aggregate_total,2011,45.308
ecu,sex_f,age_10yrbands_total,edu_aggregate_total,2012,46.46
ecu,sex_f,age_10yrbands_total,edu_aggregate_total,2013,46.548
ecu,sex_f,age_10yrbands_total,edu_aggregate_total,2014,45.955
ecu,sex_f,age_10yrbands_total,edu_aggregate_total,2015,49.794
ecu,sex_f,age_10yrbands_total,edu_aggregate_total,2016,52.396
ecu,sex_f,age_10yrbands_total,edu_aggregate_total,2017,53.618
ecu,sex_f,age_10yrbands_total,edu_aggregate_total,2018,52.237
ecu,sex_f,age_10yrbands_total,edu_aggregate_total,2019,52.028
ecu,sex_f,age_10yrbands_total,edu_aggregate_total,2021,50.684
ecu,sex_f,age_10yrbands_total,edu_aggregate_total,2022,51.979
ecu,sex_f,age_10yrbands_total,edu_aggregate_total,2023,50.639
ecu,sex_f,age_10yrbands_total,edu_aggregate_total,2024,50.221
ecu,sex_f,age_10yrbands_total,edu_aggregate_x,2001,37.249
ecu,sex_f,age_10yrbands_total,edu_aggregate_x,2007,70.855
ecu,sex_f,age_10yrbands_total,edu_aggregate_x,2008,100
ecu,sex_f,age_10yrbands_total,edu_aggregate_x,2015,23.685
ecu,sex_f,age_10yrbands_total,edu_aggregate_x,2016,43.586
ecu,sex_f,age_10yrbands_total,edu_aggregate_x,2017,59.274
ecu,sex_f,age_10yrbands_total,edu_aggregate_x,2018,54.179
ecu,sex_f,age_10yrbands_total,edu_aggregate_x,2019,57.736
ecu,sex_f,age_10yrbands_total,edu_aggregate_x,2021,78.146
ecu,sex_f,age_10yrbands_total,edu_aggregate_x,2022,51.641
ecu,sex_f,age_10yrbands_total,edu_aggregate_x,2023,68.994
ecu,sex_f,age_10yrbands_total,edu_aggregate_x,2024,75.931
ecu,sex_f,age_10yrbands_total,edu_isced97_0,2000,39.521
ecu,sex_f,age_10yrbands_total,edu_isced97_0,2001,54.714
ecu,sex_f,age_10yrbands_total,edu_isced97_0,2003,43.938
ecu,sex_f,age_10yrbands_total,edu_isced97_0,2004,48.946
ecu,sex_f,age_10yrbands_total,edu_isced97_0,2005,51.412
ecu,sex_f,age_10yrbands_total,edu_isced97_0,2006,47.709
ecu,sex_f,age_10yrbands_total,edu_isced97_0,2007,46.619
ecu,sex_f,age_10yrbands_total,edu_isced97_0,2008,45.575
ecu,sex_f,age_10yrbands_total,edu_isced97_0,2009,43.683
ecu,sex_f,age_10yrbands_total,edu_isced97_0,2010,42.311
ecu,sex_f,age_10yrbands_total,edu_isced97_0,2011,41.786
ecu,sex_f,age_10yrbands_total,edu_isced97_0,2012,42.511
ecu,sex_f,age_10yrbands_total,edu_isced97_0,2013,43.517
ecu,sex_f,age_10yrbands_total,edu_isced97_0,2014,43.703
ecu,sex_f,age_10yrbands_total,edu_isced97_0,2015,49.369
ecu,sex_f,age_10yrbands_total,edu_isced97_0,2016,54.557
ecu,sex_f,age_10yrbands_total,edu_isced97_0,2017,54.448
ecu,sex_f,age_10yrbands_total,edu_isced97_0,2018,52.791
ecu,sex_f,age_10yrbands_total,edu_isced97_0,2019,53.007
ecu,sex_f,age_10yrbands_total,edu_isced97_0,2021,49.583
ecu,sex_f,age_10yrbands_total,edu_isced97_0,2022,48.688
ecu,sex_f,age_10yrbands_total,edu_isced97_0,2023,49.209
ecu,sex_f,age_10yrbands_total,edu_isced97_0,2024,48.244
ecu,sex_f,age_10yrbands_total,edu_isced97_1,2000,40.326
ecu,sex_f,age_10yrbands_total,edu_isced97_1,2001,52.778
ecu,sex_f,age_10yrbands_total,edu_isced97_1,2003,42.83
ecu,sex_f,age_10yrbands_total,edu_isced97_1,2004,48.638
ecu,sex_f,age_10yrbands_total,edu_isced97_1,2005,46.144
ecu,sex_f,age_10yrbands_total,edu_isced97_1,2006,46.533
ecu,sex_f,age_10yrbands_total,edu_isced97_1,2007,47.979
ecu,sex_f,age_10yrbands_total,edu_isced97_1,2008,48.134
ecu,sex_f,age_10yrbands_total,edu_isced97_1,2009,45.204
ecu,sex_f,age_10yrbands_total,edu_isced97_1,2010,44.388
ecu,sex_f,age_10yrbands_total,edu_isced97_1,2011,42.38
ecu,sex_f,age_10yrbands_total,edu_isced97_1,2012,43.724
ecu,sex_f,age_10yrbands_total,edu_isced97_1,2013,45.472
ecu,sex_f,age_10yrbands_total,edu_isced97_1,2014,45.266
ecu,sex_f,age_10yrbands_total,edu_isced97_1,2015,50.416
ecu,sex_f,age_10yrbands_total,edu_isced97_1,2016,54.611
ecu,sex_f,age_10yrbands_total,edu_isced97_1,2017,56.596
ecu,sex_f,age_10yrbands_total,edu_isced97_1,2018,54.363
ecu,sex_f,age_10yrbands_total,edu_isced97_1,2019,53.521
ecu,sex_f,age_10yrbands_total,edu_isced97_1,2021,53.178
ecu,sex_f,age_10yrbands_total,edu_isced97_1,2022,53.995
ecu,sex_f,age_10yrbands_total,edu_isced97_1,2023,51.666
ecu,sex_f,age_10yrbands_total,edu_isced97_1,2024,51.664
ecu,sex_f,age_10yrbands_total,edu_isced97_2,2000,40.912
ecu,sex_f,age_10yrbands_total,edu_isced97_2,2001,50.094
ecu,sex_f,age_10yrbands_total,edu_isced97_2,2003,42.318
ecu,sex_f,age_10yrbands_total,edu_isced97_2,2004,43.477
ecu,sex_f,age_10yrbands_total,edu_isced97_2,2005,45.857
ecu,sex_f,age_10yrbands_total,edu_isced97_2,2006,48.323
ecu,sex_f,age_10yrbands_total,edu_isced97_2,2007,38.674
ecu,sex_f,age_10yrbands_total,edu_isced97_2,2008,37.685
ecu,sex_f,age_10yrbands_total,edu_isced97_2,2009,33.575
ecu,sex_f,age_10yrbands_total,edu_isced97_2,2010,32.659
ecu,sex_f,age_10yrbands_total,edu_isced97_2,2011,32.239
ecu,sex_f,age_10yrbands_total,edu_isced97_2,2012,32.556
ecu,sex_f,age_10yrbands_total,edu_isced97_2,2013,32.185
ecu,sex_f,age_10yrbands_total,edu_isced97_2,2014,30.641
ecu,sex_f,age_10yrbands_total,edu_isced97_2,2015,34.529
ecu,sex_f,age_10yrbands_total,edu_isced97_2,2016,36.332
ecu,sex_f,age_10yrbands_total,edu_isced97_2,2017,37.341
ecu,sex_f,age_10yrbands_total,edu_isced97_2,2018,36.92
ecu,sex_f,age_10yrbands_total,edu_isced97_2,2019,36.772
ecu,sex_f,age_10yrbands_total,edu_isced97_2,2021,36.421
ecu,sex_f,age_10yrbands_total,edu_isced97_2,2022,37.417
ecu,sex_f,age_10yrbands_total,edu_isced97_2,2023,35.794
ecu,sex_f,age_10yrbands_total,edu_isced97_2,2024,35.941
ecu,sex_f,age_10yrbands_total,edu_isced97_3,2000,39.433
ecu,sex_f,age_10yrbands_total,edu_isced97_3,2001,47.352
ecu,sex_f,age_10yrbands_total,edu_isced97_3,2003,48.046
ecu,sex_f,age_10yrbands_total,edu_isced97_3,2004,47.561
ecu,sex_f,age_10yrbands_total,edu_isced97_3,2005,46.738
ecu,sex_f,age_10yrbands_total,edu_isced97_3,2006,45.32
ecu,sex_f,age_10yrbands_total,edu_isced97_3,2007,53.288
ecu,sex_f,age_10yrbands_total,edu_isced97_3,2008,51.547
ecu,sex_f,age_10yrbands_total,edu_isced97_3,2009,49.576
ecu,sex_f,age_10yrbands_total,edu_isced97_3,2010,47.334
ecu,sex_f,age_10yrbands_total,edu_isced97_3,2011,47.175
ecu,sex_f,age_10yrbands_total,edu_isced97_3,2012,48.507
ecu,sex_f,age_10yrbands_total,edu_isced97_3,2013,46.93
ecu,sex_f,age_10yrbands_total,edu_isced97_3,2014,46.28
ecu,sex_f,age_10yrbands_total,edu_isced97_3,2015,48.666
ecu,sex_f,age_10yrbands_total,edu_isced97_3,2016,50.195
ecu,sex_f,age_10yrbands_total,edu_isced97_3,2017,52.385
ecu,sex_f,age_10yrbands_total,edu_isced97_3,2018,50.163
ecu,sex_f,age_10yrbands_total,edu_isced97_3,2019,50.013
ecu,sex_f,age_10yrbands_total,edu_isced97_3,2021,49.318
ecu,sex_f,age_10yrbands_total,edu_isced97_3,2022,51.543
ecu,sex_f,age_10yrbands_total,edu_isced97_3,2023,48.987
ecu,sex_f,age_10yrbands_total,edu_isced97_3,2024,48.31
ecu,sex_f,age_10yrbands_total,edu_isced97_4,2003,57.094
ecu,sex_f,age_10yrbands_total,edu_isced97_4,2004,72.007
ecu,sex_f,age_10yrbands_total,edu_isced97_4,2005,70.295
ecu,sex_f,age_10yrbands_total,edu_isced97_4,2006,77.002
ecu,sex_f,age_10yrbands_total,edu_isced97_4,2007,80.886
ecu,sex_f,age_10yrbands_total,edu_isced97_4,2008,68.013
ecu,sex_f,age_10yrbands_total,edu_isced97_4,2009,73.469
ecu,sex_f,age_10yrbands_total,edu_isced97_4,2010,67.469
ecu,sex_f,age_10yrbands_total,edu_isced97_4,2011,72.452
ecu,sex_f,age_10yrbands_total,edu_isced97_4,2012,70.79
ecu,sex_f,age_10yrbands_total,edu_isced97_4,2013,71.631
ecu,sex_f,age_10yrbands_total,edu_isced97_4,2014,69.574
ecu,sex_f,age_10yrbands_total,edu_isced97_4,2015,72.96
ecu,sex_f,age_10yrbands_total,edu_isced97_4,2016,75.131
ecu,sex_f,age_10yrbands_total,edu_isced97_4,2017,74.371
ecu,sex_f,age_10yrbands_total,edu_isced97_4,2018,69.013
ecu,sex_f,age_10yrbands_total,edu_isced97_4,2019,69.317
ecu,sex_f,age_10yrbands_total,edu_isced97_4,2021,69.83
ecu,sex_f,age_10yrbands_total,edu_isced97_4,2022,70.732
ecu,sex_f,age_10yrbands_total,edu_isced97_4,2023,70.38
ecu,sex_f,age_10yrbands_total,edu_isced97_4,2024,68.656
ecu,sex_f,age_10yrbands_total,edu_isced97_5,2000,68.352
ecu,sex_f,age_10yrbands_total,edu_isced97_5,2001,68.35
ecu,sex_f,age_10yrbands_total,edu_isced97_5,2003,72.737
ecu,sex_f,age_10yrbands_total,edu_isced97_5,2004,72.712
ecu,sex_f,age_10yrbands_total,edu_isced97_5,2005,73.253
ecu,sex_f,age_10yrbands_total,edu_isced97_5,2006,75.822
ecu,sex_f,age_10yrbands_total,edu_isced97_5,2007,72.725
ecu,sex_f,age_10yrbands_total,edu_isced97_5,2008,73.376
ecu,sex_f,age_10yrbands_total,edu_isced97_5,2009,69.762
ecu,sex_f,age_10yrbands_total,edu_isced97_5,2010,69.682
ecu,sex_f,age_10yrbands_total,edu_isced97_5,2011,70.163
ecu,sex_f,age_10yrbands_total,edu_isced97_5,2012,70.892
ecu,sex_f,age_10yrbands_total,edu_isced97_5,2013,70.17
ecu,sex_f,age_10yrbands_total,edu_isced97_5,2014,68.411
ecu,sex_f,age_10yrbands_total,edu_isced97_5,2015,70.133
ecu,sex_f,age_10yrbands_total,edu_isced97_5,2016,69.515
ecu,sex_f,age_10yrbands_total,edu_isced97_5,2017,69.424
ecu,sex_f,age_10yrbands_total,edu_isced97_5,2018,69.297
ecu,sex_f,age_10yrbands_total,edu_isced97_5,2019,68.719
ecu,sex_f,age_10yrbands_total,edu_isced97_5,2021,65.721
ecu,sex_f,age_10yrbands_total,edu_isced97_5,2022,67.927
ecu,sex_f,age_10yrbands_total,edu_isced97_5,2023,66.336
ecu,sex_f,age_10yrbands_total,edu_isced97_5,2024,65.491
ecu,sex_f,age_10yrbands_total,edu_isced97_6,2001,76.766
ecu,sex_f,age_10yrbands_total,edu_isced97_6,2003,84.927
ecu,sex_f,age_10yrbands_total,edu_isced97_6,2004,89.117
ecu,sex_f,age_10yrbands_total,edu_isced97_6,2005,99.035
ecu,sex_f,age_10yrbands_total,edu_isced97_6,2006,91.941
ecu,sex_f,age_10yrbands_total,edu_isced97_6,2007,96.024
ecu,sex_f,age_10yrbands_total,edu_isced97_6,2008,93.352
ecu,sex_f,age_10yrbands_total,edu_isced97_6,2009,80.045
ecu,sex_f,age_10yrbands_total,edu_isced97_6,2010,88.185
ecu,sex_f,age_10yrbands_total,edu_isced97_6,2011,89.459
ecu,sex_f,age_10yrbands_total,edu_isced97_6,2012,92.098
ecu,sex_f,age_10yrbands_total,edu_isced97_6,2013,85.857
ecu,sex_f,age_10yrbands_total,edu_isced97_6,2014,87.958
ecu,sex_f,age_10yrbands_total,edu_isced97_6,2015,87.709
ecu,sex_f,age_10yrbands_total,edu_isced97_6,2016,90.109
ecu,sex_f,age_10yrbands_total,edu_isced97_6,2017,88.377
ecu,sex_f,age_10yrbands_total,edu_isced97_6,2018,87.25
ecu,sex_f,age_10yrbands_total,edu_isced97_6,2019,84.779
ecu,sex_f,age_10yrbands_total,edu_isced97_6,2021,83.569
ecu,sex_f,age_10yrbands_total,edu_isced97_6,2022,84.298
ecu,sex_f,age_10yrbands_total,edu_isced97_6,2023,87.317
ecu,sex_f,age_10yrbands_total,edu_isced97_6,2024,85.34
ecu,sex_f,age_10yrbands_total,edu_isced97_total,2000,43.014
ecu,sex_f,age_10yrbands_total,edu_isced97_total,2001,51.876
ecu,sex_f,age_10yrbands_total,edu_isced97_total,2003,46.174
ecu,sex_f,age_10yrbands_total,edu_isced97_total,2004,49.864
ecu,sex_f,age_10yrbands_total,edu_isced97_total,2005,49.529
ecu,sex_f,age_10yrbands_total,edu_isced97_total,2006,50.505
ecu,sex_f,age_10yrbands_total,edu_isced97_total,2007,50.08
ecu,sex_f,age_10yrbands_total,edu_isced97_total,2008,49.594
ecu,sex_f,age_10yrbands_total,edu_isced97_total,2009,46.958
ecu,sex_f,age_10yrbands_total,edu_isced97_total,2010,45.857
ecu,sex_f,age_10yrbands_total,edu_isced97_total,2011,45.308
ecu,sex_f,age_10yrbands_total,edu_isced97_total,2012,46.46
ecu,sex_f,age_10yrbands_total,edu_isced97_total,2013,46.548
ecu,sex_f,age_10yrbands_total,edu_isced97_total,2014,45.955
ecu,sex_f,age_10yrbands_total,edu_isced97_total,2015,49.794
ecu,sex_f,age_10yrbands_total,edu_isced97_total,2016,52.396
ecu,sex_f,age_10yrbands_total,edu_isced97_total,2017,53.618
ecu,sex_f,age_10yrbands_total,edu_isced97_total,2018,52.237
ecu,sex_f,age_10yrbands_total,edu_isced97_total,2019,52.028
ecu,sex_f,age_10yrbands_total,edu_isced97_total,2021,50.684
ecu,sex_f,age_10yrbands_total,edu_isced97_total,2022,51.979
ecu,sex_f,age_10yrbands_total,edu_isced97_total,2023,50.639
ecu,sex_f,age_10yrbands_total,edu_isced97_total,2024,50.221
ecu,sex_f,age_10yrbands_total,edu_isced97_unk,2001,37.249
ecu,sex_f,age_10yrbands_total,edu_isced97_unk,2007,70.855
ecu,sex_f,age_10yrbands_total,edu_isced97_unk,2008,100
ecu,sex_f,age_10yrbands_total,edu_isced97_unk,2015,23.685
ecu,sex_f,age_10yrbands_total,edu_isced97_unk,2016,43.586
ecu,sex_f,age_10yrbands_total,edu_isced97_unk,2017,59.274
ecu,sex_f,age_10yrbands_total,edu_isced97_unk,2018,54.179
ecu,sex_f,age_10yrbands_total,edu_isced97_unk,2019,57.736
ecu,sex_f,age_10yrbands_total,edu_isced97_unk,2021,78.146
ecu,sex_f,age_10yrbands_total,edu_isced97_unk,2022,51.641
ecu,sex_f,age_10yrbands_total,edu_isced97_unk,2023,68.994
ecu,sex_f,age_10yrbands_total,edu_isced97_unk,2024,75.931
ecu,sex_f,age_10yrbands_total,edu_isced97_x,2000,41.591
ecu,sex_f,age_10yrbands_total,edu_isced97_x,2001,54.479
ecu,sex_f,age_10yrbands_total,edu_isced97_x,2003,41.854
ecu,sex_f,age_10yrbands_total,edu_isced97_x,2004,48.148
ecu,sex_f,age_10yrbands_total,edu_isced97_x,2005,44.575
ecu,sex_f,age_10yrbands_total,edu_isced97_x,2006,47.102
ecu,sex_f,age_10yrbands_total,edu_isced97_x,2007,42.171
ecu,sex_f,age_10yrbands_total,edu_isced97_x,2008,41.071
ecu,sex_f,age_10yrbands_total,edu_isced97_x,2009,39.852
ecu,sex_f,age_10yrbands_total,edu_isced97_x,2010,35.862
ecu,sex_f,age_10yrbands_total,edu_isced97_x,2011,36.059
ecu,sex_f,age_10yrbands_total,edu_isced97_x,2012,36.355
ecu,sex_f,age_10yrbands_total,edu_isced97_x,2013,35.541
ecu,sex_f,age_10yrbands_total,edu_isced97_x,2014,34.862
ecu,sex_f,age_10yrbands_total,edu_isced97_x,2015,41.417
ecu,sex_f,age_10yrbands_total,edu_isced97_x,2016,44.317
ecu,sex_f,age_10yrbands_total,edu_isced97_x,2017,46.568
ecu,sex_f,age_10yrbands_total,edu_isced97_x,2018,46.198
ecu,sex_f,age_10yrbands_total,edu_isced97_x,2019,47.769
ecu,sex_f,age_10yrbands_total,edu_isced97_x,2021,38.749
ecu,sex_f,age_10yrbands_total,edu_isced97_x,2022,40.847
ecu,sex_f,age_10yrbands_total,edu_isced97_x,2023,45.084
ecu,sex_f,age_10yrbands_total,edu_isced97_x,2024,43.422
ecu,sex_f,age_10yrbands_y15_24,edu_aggregate_adv,2000,46.374
ecu,sex_f,age_10yrbands_y15_24,edu_aggregate_adv,2001,50.888
ecu,sex_f,age_10yrbands_y15_24,edu_aggregate_adv,2003,49.075
ecu,sex_f,age_10yrbands_y15_24,edu_aggregate_adv,2004,46.201
ecu,sex_f,age_10yrbands_y15_24,edu_aggregate_adv,2005,51.21
ecu,sex_f,age_10yrbands_y15_24,edu_aggregate_adv,2006,51.225
ecu,sex_f,age_10yrbands_y15_24,edu_aggregate_adv,2007,53.527
ecu,sex_f,age_10yrbands_y15_24,edu_aggregate_adv,2008,46.482
ecu,sex_f,age_10yrbands_y15_24,edu_aggregate_adv,2009,46.387
ecu,sex_f,age_10yrbands_y15_24,edu_aggregate_adv,2010,41.399
ecu,sex_f,age_10yrbands_y15_24,edu_aggregate_adv,2011,40.934
ecu,sex_f,age_10yrbands_y15_24,edu_aggregate_adv,2012,41.799
ecu,sex_f,age_10yrbands_y15_24,edu_aggregate_adv,2013,40.13
ecu,sex_f,age_10yrbands_y15_24,edu_aggregate_adv,2014,35.739
ecu,sex_f,age_10yrbands_y15_24,edu_aggregate_adv,2015,38.018
ecu,sex_f,age_10yrbands_y15_24,edu_aggregate_adv,2016,38.759
ecu,sex_f,age_10yrbands_y15_24,edu_aggregate_adv,2017,40.655
ecu,sex_f,age_10yrbands_y15_24,edu_aggregate_adv,2018,35.773
ecu,sex_f,age_10yrbands_y15_24,edu_aggregate_adv,2019,36.363
ecu,sex_f,age_10yrbands_y15_24,edu_aggregate_adv,2021,38.928
ecu,sex_f,age_10yrbands_y15_24,edu_aggregate_adv,2022,38.675
ecu,sex_f,age_10yrbands_y15_24,edu_aggregate_adv,2023,39.469
ecu,sex_f,age_10yrbands_y15_24,edu_aggregate_adv,2024,38.9
ecu,sex_f,age_10yrbands_y15_24,edu_aggregate_bas,2000,40.909
ecu,sex_f,age_10yrbands_y15_24,edu_aggregate_bas,2001,51.048
ecu,sex_f,age_10yrbands_y15_24,edu_aggregate_bas,2003,34.95
ecu,sex_f,age_10yrbands_y15_24,edu_aggregate_bas,2004,37.379
ecu,sex_f,age_10yrbands_y15_24,edu_aggregate_bas,2005,34.527
ecu,sex_f,age_10yrbands_y15_24,edu_aggregate_bas,2006,35.84
ecu,sex_f,age_10yrbands_y15_24,edu_aggregate_bas,2007,30.6
ecu,sex_f,age_10yrbands_y15_24,edu_aggregate_bas,2008,30.522
ecu,sex_f,age_10yrbands_y15_24,edu_aggregate_bas,2009,27.098
ecu,sex_f,age_10yrbands_y15_24,edu_aggregate_bas,2010,24.815
ecu,sex_f,age_10yrbands_y15_24,edu_aggregate_bas,2011,20.509
ecu,sex_f,age_10yrbands_y15_24,edu_aggregate_bas,2012,21.024
ecu,sex_f,age_10yrbands_y15_24,edu_aggregate_bas,2013,20.54
ecu,sex_f,age_10yrbands_y15_24,edu_aggregate_bas,2014,18.956
ecu,sex_f,age_10yrbands_y15_24,edu_aggregate_bas,2015,22.486
ecu,sex_f,age_10yrbands_y15_24,edu_aggregate_bas,2016,25.003
ecu,sex_f,age_10yrbands_y15_24,edu_aggregate_bas,2017,24.812
ecu,sex_f,age_10yrbands_y15_24,edu_aggregate_bas,2018,23.844
ecu,sex_f,age_10yrbands_y15_24,edu_aggregate_bas,2019,22.963
ecu,sex_f,age_10yrbands_y15_24,edu_aggregate_bas,2021,22.874
ecu,sex_f,age_10yrbands_y15_24,edu_aggregate_bas,2022,23.914
ecu,sex_f,age_10yrbands_y15_24,edu_aggregate_bas,2023,22.566
ecu,sex_f,age_10yrbands_y15_24,edu_aggregate_bas,2024,23.997
ecu,sex_f,age_10yrbands_y15_24,edu_aggregate_int,2000,27.952
ecu,sex_f,age_10yrbands_y15_24,edu_aggregate_int,2001,36.175
ecu,sex_f,age_10yrbands_y15_24,edu_aggregate_int,2003,34.627
ecu,sex_f,age_10yrbands_y15_24,edu_aggregate_int,2004,33.329
ecu,sex_f,age_10yrbands_y15_24,edu_aggregate_int,2005,34.677
ecu,sex_f,age_10yrbands_y15_24,edu_aggregate_int,2006,33.247
ecu,sex_f,age_10yrbands_y15_24,edu_aggregate_int,2007,42.629
ecu,sex_f,age_10yrbands_y15_24,edu_aggregate_int,2008,38.88
ecu,sex_f,age_10yrbands_y15_24,edu_aggregate_int,2009,37.105
ecu,sex_f,age_10yrbands_y15_24,edu_aggregate_int,2010,32.504
ecu,sex_f,age_10yrbands_y15_24,edu_aggregate_int,2011,31.538
ecu,sex_f,age_10yrbands_y15_24,edu_aggregate_int,2012,33.518
ecu,sex_f,age_10yrbands_y15_24,edu_aggregate_int,2013,32.27
ecu,sex_f,age_10yrbands_y15_24,edu_aggregate_int,2014,31.06
ecu,sex_f,age_10yrbands_y15_24,edu_aggregate_int,2015,35.4
ecu,sex_f,age_10yrbands_y15_24,edu_aggregate_int,2016,35.224
ecu,sex_f,age_10yrbands_y15_24,edu_aggregate_int,2017,37.836
ecu,sex_f,age_10yrbands_y15_24,edu_aggregate_int,2018,36.502
ecu,sex_f,age_10yrbands_y15_24,edu_aggregate_int,2019,36.577
ecu,sex_f,age_10yrbands_y15_24,edu_aggregate_int,2021,36.257
ecu,sex_f,age_10yrbands_y15_24,edu_aggregate_int,2022,38.665
ecu,sex_f,age_10yrbands_y15_24,edu_aggregate_int,2023,35.72
ecu,sex_f,age_10yrbands_y15_24,edu_aggregate_int,2024,34.931
ecu,sex_f,age_10yrbands_y15_24,edu_aggregate_ltb,2000,37.723
ecu,sex_f,age_10yrbands_y15_24,edu_aggregate_ltb,2001,48.764
ecu,sex_f,age_10yrbands_y15_24,edu_aggregate_ltb,2003,36.85
ecu,sex_f,age_10yrbands_y15_24,edu_aggregate_ltb,2004,40.151
ecu,sex_f,age_10yrbands_y15_24,edu_aggregate_ltb,2005,40.449
ecu,sex_f,age_10yrbands_y15_24,edu_aggregate_ltb,2006,38.732
ecu,sex_f,age_10yrbands_y15_24,edu_aggregate_ltb,2007,38.302
ecu,sex_f,age_10yrbands_y15_24,edu_aggregate_ltb,2008,34.044
ecu,sex_f,age_10yrbands_y15_24,edu_aggregate_ltb,2009,31.548
ecu,sex_f,age_10yrbands_y15_24,edu_aggregate_ltb,2010,32.472
ecu,sex_f,age_10yrbands_y15_24,edu_aggregate_ltb,2011,30.549
ecu,sex_f,age_10yrbands_y15_24,edu_aggregate_ltb,2012,32.605
ecu,sex_f,age_10yrbands_y15_24,edu_aggregate_ltb,2013,30.981
ecu,sex_f,age_10yrbands_y15_24,edu_aggregate_ltb,2014,26.254
ecu,sex_f,age_10yrbands_y15_24,edu_aggregate_ltb,2015,29.768
ecu,sex_f,age_10yrbands_y15_24,edu_aggregate_ltb,2016,34.606
ecu,sex_f,age_10yrbands_y15_24,edu_aggregate_ltb,2017,34.604
ecu,sex_f,age_10yrbands_y15_24,edu_aggregate_ltb,2018,30.657
ecu,sex_f,age_10yrbands_y15_24,edu_aggregate_ltb,2019,28.112
ecu,sex_f,age_10yrbands_y15_24,edu_aggregate_ltb,2021,22.433
ecu,sex_f,age_10yrbands_y15_24,edu_aggregate_ltb,2022,26.966
ecu,sex_f,age_10yrbands_y15_24,edu_aggregate_ltb,2023,29.744
ecu,sex_f,age_10yrbands_y15_24,edu_aggregate_ltb,2024,22.731
ecu,sex_f,age_10yrbands_y15_24,edu_aggregate_total,2000,34.273
ecu,sex_f,age_10yrbands_y15_24,edu_aggregate_total,2001,43.097
ecu,sex_f,age_10yrbands_y15_24,edu_aggregate_total,2003,35.786
ecu,sex_f,age_10yrbands_y15_24,edu_aggregate_total,2004,37.595
ecu,sex_f,age_10yrbands_y15_24,edu_aggregate_total,2005,35.721
ecu,sex_f,age_10yrbands_y15_24,edu_aggregate_total,2006,36.466
ecu,sex_f,age_10yrbands_y15_24,edu_aggregate_total,2007,36.127
ecu,sex_f,age_10yrbands_y15_24,edu_aggregate_total,2008,34.329
ecu,sex_f,age_10yrbands_y15_24,edu_aggregate_total,2009,32.003
ecu,sex_f,age_10yrbands_y15_24,edu_aggregate_total,2010,29.168
ecu,sex_f,age_10yrbands_y15_24,edu_aggregate_total,2011,26.419
ecu,sex_f,age_10yrbands_y15_24,edu_aggregate_total,2012,27.742
ecu,sex_f,age_10yrbands_y15_24,edu_aggregate_total,2013,26.765
ecu,sex_f,age_10yrbands_y15_24,edu_aggregate_total,2014,24.73
ecu,sex_f,age_10yrbands_y15_24,edu_aggregate_total,2015,28.572
ecu,sex_f,age_10yrbands_y15_24,edu_aggregate_total,2016,30.197
ecu,sex_f,age_10yrbands_y15_24,edu_aggregate_total,2017,31.232
ecu,sex_f,age_10yrbands_y15_24,edu_aggregate_total,2018,30.057
ecu,sex_f,age_10yrbands_y15_24,edu_aggregate_total,2019,29.865
ecu,sex_f,age_10yrbands_y15_24,edu_aggregate_total,2021,30.152
ecu,sex_f,age_10yrbands_y15_24,edu_aggregate_total,2022,31.901
ecu,sex_f,age_10yrbands_y15_24,edu_aggregate_total,2023,30.126
ecu,sex_f,age_10yrbands_y15_24,edu_aggregate_total,2024,30.25
ecu,sex_f,age_10yrbands_y15_24,edu_isced97_0,2000,40.714
ecu,sex_f,age_10yrbands_y15_24,edu_isced97_0,2001,49.74
ecu,sex_f,age_10yrbands_y15_24,edu_isced97_0,2003,41.84
ecu,sex_f,age_10yrbands_y15_24,edu_isced97_0,2004,44.347
ecu,sex_f,age_10yrbands_y15_24,edu_isced97_0,2005,49.624
ecu,sex_f,age_10yrbands_y15_24,edu_isced97_0,2006,48.55
ecu,sex_f,age_10yrbands_y15_24,edu_isced97_0,2007,40.398
ecu,sex_f,age_10yrbands_y15_24,edu_isced97_0,2008,36.747
ecu,sex_f,age_10yrbands_y15_24,edu_isced97_0,2009,32.923
ecu,sex_f,age_10yrbands_y15_24,edu_isced97_0,2010,33.562
ecu,sex_f,age_10yrbands_y15_24,edu_isced97_0,2011,33.321
ecu,sex_f,age_10yrbands_y15_24,edu_isced97_0,2012,35.75
ecu,sex_f,age_10yrbands_y15_24,edu_isced97_0,2013,34.139
ecu,sex_f,age_10yrbands_y15_24,edu_isced97_0,2014,30.256
ecu,sex_f,age_10yrbands_y15_24,edu_isced97_0,2015,36.056
ecu,sex_f,age_10yrbands_y15_24,edu_isced97_0,2016,42.374
ecu,sex_f,age_10yrbands_y15_24,edu_isced97_0,2017,38.884
ecu,sex_f,age_10yrbands_y15_24,edu_isced97_0,2018,36.7
ecu,sex_f,age_10yrbands_y15_24,edu_isced97_0,2019,32.539
ecu,sex_f,age_10yrbands_y15_24,edu_isced97_0,2021,28.05
ecu,sex_f,age_10yrbands_y15_24,edu_isced97_0,2022,34.797
ecu,sex_f,age_10yrbands_y15_24,edu_isced97_0,2023,37.754
ecu,sex_f,age_10yrbands_y15_24,edu_isced97_0,2024,30.978
ecu,sex_f,age_10yrbands_y15_24,edu_isced97_1,2000,48.752
ecu,sex_f,age_10yrbands_y15_24,edu_isced97_1,2001,53.562
ecu,sex_f,age_10yrbands_y15_24,edu_isced97_1,2003,41.03
ecu,sex_f,age_10yrbands_y15_24,edu_isced97_1,2004,47.184
ecu,sex_f,age_10yrbands_y15_24,edu_isced97_1,2005,37.402
ecu,sex_f,age_10yrbands_y15_24,edu_isced97_1,2006,38.465
ecu,sex_f,age_10yrbands_y15_24,edu_isced97_1,2007,40.069
ecu,sex_f,age_10yrbands_y15_24,edu_isced97_1,2008,41.927
ecu,sex_f,age_10yrbands_y15_24,edu_isced97_1,2009,38.323
ecu,sex_f,age_10yrbands_y15_24,edu_isced97_1,2010,38.083
ecu,sex_f,age_10yrbands_y15_24,edu_isced97_1,2011,30.483
ecu,sex_f,age_10yrbands_y15_24,edu_isced97_1,2012,32.594
ecu,sex_f,age_10yrbands_y15_24,edu_isced97_1,2013,31.963
ecu,sex_f,age_10yrbands_y15_24,edu_isced97_1,2014,30.253
ecu,sex_f,age_10yrbands_y15_24,edu_isced97_1,2015,33.872
ecu,sex_f,age_10yrbands_y15_24,edu_isced97_1,2016,37.876
ecu,sex_f,age_10yrbands_y15_24,edu_isced97_1,2017,36.786
ecu,sex_f,age_10yrbands_y15_24,edu_isced97_1,2018,34.808
ecu,sex_f,age_10yrbands_y15_24,edu_isced97_1,2019,33.172
ecu,sex_f,age_10yrbands_y15_24,edu_isced97_1,2021,31.008
ecu,sex_f,age_10yrbands_y15_24,edu_isced97_1,2022,34.647
ecu,sex_f,age_10yrbands_y15_24,edu_isced97_1,2023,36.584
ecu,sex_f,age_10yrbands_y15_24,edu_isced97_1,2024,39.46
ecu,sex_f,age_10yrbands_y15_24,edu_isced97_2,2000,39.817
ecu,sex_f,age_10yrbands_y15_24,edu_isced97_2,2001,50.617
ecu,sex_f,age_10yrbands_y15_24,edu_isced97_2,2003,29.401
ecu,sex_f,age_10yrbands_y15_24,edu_isced97_2,2004,29.206
ecu,sex_f,age_10yrbands_y15_24,edu_isced97_2,2005,31.533
ecu,sex_f,age_10yrbands_y15_24,edu_isced97_2,2006,32.702
ecu,sex_f,age_10yrbands_y15_24,edu_isced97_2,2007,22.748
ecu,sex_f,age_10yrbands_y15_24,edu_isced97_2,2008,21.752
ecu,sex_f,age_10yrbands_y15_24,edu_isced97_2,2009,19.271
ecu,sex_f,age_10yrbands_y15_24,edu_isced97_2,2010,16.803
ecu,sex_f,age_10yrbands_y15_24,edu_isced97_2,2011,14.778
ecu,sex_f,age_10yrbands_y15_24,edu_isced97_2,2012,15.29
ecu,sex_f,age_10yrbands_y15_24,edu_isced97_2,2013,14.763
ecu,sex_f,age_10yrbands_y15_24,edu_isced97_2,2014,13.14
ecu,sex_f,age_10yrbands_y15_24,edu_isced97_2,2015,17.119
ecu,sex_f,age_10yrbands_y15_24,edu_isced97_2,2016,20.006
ecu,sex_f,age_10yrbands_y15_24,edu_isced97_2,2017,20.793
ecu,sex_f,age_10yrbands_y15_24,edu_isced97_2,2018,20.063
ecu,sex_f,age_10yrbands_y15_24,edu_isced97_2,2019,19.762
ecu,sex_f,age_10yrbands_y15_24,edu_isced97_2,2021,20.445
ecu,sex_f,age_10yrbands_y15_24,edu_isced97_2,2022,20.832
ecu,sex_f,age_10yrbands_y15_24,edu_isced97_2,2023,19.119
ecu,sex_f,age_10yrbands_y15_24,edu_isced97_2,2024,20.128
ecu,sex_f,age_10yrbands_y15_24,edu_isced97_3,2000,27.952
ecu,sex_f,age_10yrbands_y15_24,edu_isced97_3,2001,36.175
ecu,sex_f,age_10yrbands_y15_24,edu_isced97_3,2003,34.142
ecu,sex_f,age_10yrbands_y15_24,edu_isced97_3,2004,32.18
ecu,sex_f,age_10yrbands_y15_24,edu_isced97_3,2005,33.478
ecu,sex_f,age_10yrbands_y15_24,edu_isced97_3,2006,33.118
ecu,sex_f,age_10yrbands_y15_24,edu_isced97_3,2007,42.307
ecu,sex_f,age_10yrbands_y15_24,edu_isced97_3,2008,38.691
ecu,sex_f,age_10yrbands_y15_24,edu_isced97_3,2009,36.944
ecu,sex_f,age_10yrbands_y15_24,edu_isced97_3,2010,32.331
ecu,sex_f,age_10yrbands_y15_24,edu_isced97_3,2011,31.383
ecu,sex_f,age_10yrbands_y15_24,edu_isced97_3,2012,33.401
ecu,sex_f,age_10yrbands_y15_24,edu_isced97_3,2013,32.1
ecu,sex_f,age_10yrbands_y15_24,edu_isced97_3,2014,30.881
ecu,sex_f,age_10yrbands_y15_24,edu_isced97_3,2015,35.067
ecu,sex_f,age_10yrbands_y15_24,edu_isced97_3,2016,34.873
ecu,sex_f,age_10yrbands_y15_24,edu_isced97_3,2017,37.357
ecu,sex_f,age_10yrbands_y15_24,edu_isced97_3,2018,36.207
ecu,sex_f,age_10yrbands_y15_24,edu_isced97_3,2019,36.422
ecu,sex_f,age_10yrbands_y15_24,edu_isced97_3,2021,35.845
ecu,sex_f,age_10yrbands_y15_24,edu_isced97_3,2022,38.186
ecu,sex_f,age_10yrbands_y15_24,edu_isced97_3,2023,35.118
ecu,sex_f,age_10yrbands_y15_24,edu_isced97_3,2024,34.525
ecu,sex_f,age_10yrbands_y15_24,edu_isced97_4,2003,43.141
ecu,sex_f,age_10yrbands_y15_24,edu_isced97_4,2004,60.268
ecu,sex_f,age_10yrbands_y15_24,edu_isced97_4,2005,64.783
ecu,sex_f,age_10yrbands_y15_24,edu_isced97_4,2006,46.721
ecu,sex_f,age_10yrbands_y15_24,edu_isced97_4,2007,84.949
ecu,sex_f,age_10yrbands_y15_24,edu_isced97_4,2008,69.558
ecu,sex_f,age_10yrbands_y15_24,edu_isced97_4,2009,66.255
ecu,sex_f,age_10yrbands_y15_24,edu_isced97_4,2010,61.428
ecu,sex_f,age_10yrbands_y15_24,edu_isced97_4,2011,53.099
ecu,sex_f,age_10yrbands_y15_24,edu_isced97_4,2012,73.458
ecu,sex_f,age_10yrbands_y15_24,edu_isced97_4,2013,47.973
ecu,sex_f,age_10yrbands_y15_24,edu_isced97_4,2014,50.647
ecu,sex_f,age_10yrbands_y15_24,edu_isced97_4,2015,65.773
ecu,sex_f,age_10yrbands_y15_24,edu_isced97_4,2016,59.099
ecu,sex_f,age_10yrbands_y15_24,edu_isced97_4,2017,71.521
ecu,sex_f,age_10yrbands_y15_24,edu_isced97_4,2018,61.775
ecu,sex_f,age_10yrbands_y15_24,edu_isced97_4,2019,50.735
ecu,sex_f,age_10yrbands_y15_24,edu_isced97_4,2021,65.769
ecu,sex_f,age_10yrbands_y15_24,edu_isced97_4,2022,62.55
ecu,sex_f,age_10yrbands_y15_24,edu_isced97_4,2023,63.426
ecu,sex_f,age_10yrbands_y15_24,edu_isced97_4,2024,55.753
ecu,sex_f,age_10yrbands_y15_24,edu_isced97_5,2000,46.374
ecu,sex_f,age_10yrbands_y15_24,edu_isced97_5,2001,51
ecu,sex_f,age_10yrbands_y15_24,edu_isced97_5,2003,49.075
ecu,sex_f,age_10yrbands_y15_24,edu_isced97_5,2004,46.096
ecu,sex_f,age_10yrbands_y15_24,edu_isced97_5,2005,51.268
ecu,sex_f,age_10yrbands_y15_24,edu_isced97_5,2006,51.225
ecu,sex_f,age_10yrbands_y15_24,edu_isced97_5,2007,53.545
ecu,sex_f,age_10yrbands_y15_24,edu_isced97_5,2008,46.496
ecu,sex_f,age_10yrbands_y15_24,edu_isced97_5,2009,46.132
ecu,sex_f,age_10yrbands_y15_24,edu_isced97_5,2010,41.334
ecu,sex_f,age_10yrbands_y15_24,edu_isced97_5,2011,40.571
ecu,sex_f,age_10yrbands_y15_24,edu_isced97_5,2012,41.781
ecu,sex_f,age_10yrbands_y15_24,edu_isced97_5,2013,39.965
ecu,sex_f,age_10yrbands_y15_24,edu_isced97_5,2014,35.698
ecu,sex_f,age_10yrbands_y15_24,edu_isced97_5,2015,37.936
ecu,sex_f,age_10yrbands_y15_24,edu_isced97_5,2016,38.665
ecu,sex_f,age_10yrbands_y15_24,edu_isced97_5,2017,40.689
ecu,sex_f,age_10yrbands_y15_24,edu_isced97_5,2018,35.75
ecu,sex_f,age_10yrbands_y15_24,edu_isced97_5,2019,36.304
ecu,sex_f,age_10yrbands_y15_24,edu_isced97_5,2021,38.819
ecu,sex_f,age_10yrbands_y15_24,edu_isced97_5,2022,38.551
ecu,sex_f,age_10yrbands_y15_24,edu_isced97_5,2023,39.39
ecu,sex_f,age_10yrbands_y15_24,edu_isced97_5,2024,38.598
ecu,sex_f,age_10yrbands_y15_24,edu_isced97_6,2019,59.16
ecu,sex_f,age_10yrbands_y15_24,edu_isced97_6,2021,72.56
ecu,sex_f,age_10yrbands_y15_24,edu_isced97_6,2022,60.056
ecu,sex_f,age_10yrbands_y15_24,edu_isced97_6,2023,67.671
ecu,sex_f,age_10yrbands_y15_24,edu_isced97_6,2024,63.717
ecu,sex_f,age_10yrbands_y15_24,edu_isced97_total,2000,34.273
ecu,sex_f,age_10yrbands_y15_24,edu_isced97_total,2001,43.097
ecu,sex_f,age_10yrbands_y15_24,edu_isced97_total,2003,35.786
ecu,sex_f,age_10yrbands_y15_24,edu_isced97_total,2004,37.595
ecu,sex_f,age_10yrbands_y15_24,edu_isced97_total,2005,35.721
ecu,sex_f,age_10yrbands_y15_24,edu_isced97_total,2006,36.466
ecu,sex_f,age_10yrbands_y15_24,edu_isced97_total,2007,36.127
ecu,sex_f,age_10yrbands_y15_24,edu_isced97_total,2008,34.329
ecu,sex_f,age_10yrbands_y15_24,edu_isced97_total,2009,32.003
ecu,sex_f,age_10yrbands_y15_24,edu_isced97_total,2010,29.168
ecu,sex_f,age_10yrbands_y15_24,edu_isced97_total,2011,26.419
ecu,sex_f,age_10yrbands_y15_24,edu_isced97_total,2012,27.742
ecu,sex_f,age_10yrbands_y15_24,edu_isced97_total,2013,26.765
ecu,sex_f,age_10yrbands_y15_24,edu_isced97_total,2014,24.73
ecu,sex_f,age_10yrbands_y15_24,edu_isced97_total,2015,28.572
ecu,sex_f,age_10yrbands_y15_24,edu_isced97_total,2016,30.197
ecu,sex_f,age_10yrbands_y15_24,edu_isced97_total,2017,31.232
ecu,sex_f,age_10yrbands_y15_24,edu_isced97_total,2018,30.057
ecu,sex_f,age_10yrbands_y15_24,edu_isced97_total,2019,29.865
ecu,sex_f,age_10yrbands_y15_24,edu_isced97_total,2021,30.152
ecu,sex_f,age_10yrbands_y15_24,edu_isced97_total,2022,31.901
ecu,sex_f,age_10yrbands_y15_24,edu_isced97_total,2023,30.126
ecu,sex_f,age_10yrbands_y15_24,edu_isced97_total,2024,30.25
ecu,sex_f,age_10yrbands_y15_24,edu_isced97_x,2000,34.733
ecu,sex_f,age_10yrbands_y15_24,edu_isced97_x,2001,47.773
ecu,sex_f,age_10yrbands_y15_24,edu_isced97_x,2003,32.385
ecu,sex_f,age_10yrbands_y15_24,edu_isced97_x,2004,35.338
ecu,sex_f,age_10yrbands_y15_24,edu_isced97_x,2005,29.755
ecu,sex_f,age_10yrbands_y15_24,edu_isced97_x,2006,30.594
ecu,sex_f,age_10yrbands_y15_24,edu_isced97_x,2007,25.221
ecu,sex_f,age_10yrbands_y15_24,edu_isced97_x,2008,22.258
ecu,sex_f,age_10yrbands_y15_24,edu_isced97_x,2009,23.454
ecu,sex_f,age_10yrbands_y15_24,edu_isced97_x,2010,26.347
ecu,sex_f,age_10yrbands_y15_24,edu_isced97_x,2011,20.225
ecu,sex_f,age_10yrbands_y15_24,edu_isced97_x,2012,17.757
ecu,sex_f,age_10yrbands_y15_24,edu_isced97_x,2013,21.234
ecu,sex_f,age_10yrbands_y15_24,edu_isced97_x,2014,8.841
ecu,sex_f,age_10yrbands_y15_24,edu_isced97_x,2015,8.06
ecu,sex_f,age_10yrbands_y15_24,edu_isced97_x,2016,8.506
ecu,sex_f,age_10yrbands_y15_24,edu_isced97_x,2017,14.127
ecu,sex_f,age_10yrbands_y15_24,edu_isced97_x,2018,9.481
ecu,sex_f,age_10yrbands_y15_24,edu_isced97_x,2019,14.289
ecu,sex_f,age_10yrbands_y15_24,edu_isced97_x,2022,7.833
ecu,sex_f,age_10yrbands_y15_24,edu_isced97_x,2023,11.686
ecu,sex_f,age_10yrbands_y15_24,edu_isced97_x,2024,5.093
ecu,sex_f,age_10yrbands_y25_34,edu_aggregate_adv,2000,71.396
ecu,sex_f,age_10yrbands_y25_34,edu_aggregate_adv,2001,71.352
ecu,sex_f,age_10yrbands_y25_34,edu_aggregate_adv,2003,75.959
ecu,sex_f,age_10yrbands_y25_34,edu_aggregate_adv,2004,77.538
ecu,sex_f,age_10yrbands_y25_34,edu_aggregate_adv,2005,77.949
ecu,sex_f,age_10yrbands_y25_34,edu_aggregate_adv,2006,79.702
ecu,sex_f,age_10yrbands_y25_34,edu_aggregate_adv,2007,75.593
ecu,sex_f,age_10yrbands_y25_34,edu_aggregate_adv,2008,77.349
ecu,sex_f,age_10yrbands_y25_34,edu_aggregate_adv,2009,67.472
ecu,sex_f,age_10yrbands_y25_34,edu_aggregate_adv,2010,76.289
ecu,sex_f,age_10yrbands_y25_34,edu_aggregate_adv,2011,74.666
ecu,sex_f,age_10yrbands_y25_34,edu_aggregate_adv,2012,79.131
ecu,sex_f,age_10yrbands_y25_34,edu_aggregate_adv,2013,77.756
ecu,sex_f,age_10yrbands_y25_34,edu_aggregate_adv,2014,74.004
ecu,sex_f,age_10yrbands_y25_34,edu_aggregate_adv,2015,74.07
ecu,sex_f,age_10yrbands_y25_34,edu_aggregate_adv,2016,73.885
ecu,sex_f,age_10yrbands_y25_34,edu_aggregate_adv,2017,72.909
ecu,sex_f,age_10yrbands_y25_34,edu_aggregate_adv,2018,76.036
ecu,sex_f,age_10yrbands_y25_34,edu_aggregate_adv,2019,76.208
ecu,sex_f,age_10yrbands_y25_34,edu_aggregate_adv,2021,72.755
ecu,sex_f,age_10yrbands_y25_34,edu_aggregate_adv,2022,75.785
ecu,sex_f,age_10yrbands_y25_34,edu_aggregate_adv,2023,73.827
ecu,sex_f,age_10yrbands_y25_34,edu_aggregate_adv,2024,73.326
ecu,sex_f,age_10yrbands_y25_34,edu_aggregate_bas,2000,45.553
ecu,sex_f,age_10yrbands_y25_34,edu_aggregate_bas,2001,55.282
ecu,sex_f,age_10yrbands_y25_34,edu_aggregate_bas,2003,50.147
ecu,sex_f,age_10yrbands_y25_34,edu_aggregate_bas,2004,53.872
ecu,sex_f,age_10yrbands_y25_34,edu_aggregate_bas,2005,53.579
ecu,sex_f,age_10yrbands_y25_34,edu_aggregate_bas,2006,56.484
ecu,sex_f,age_10yrbands_y25_34,edu_aggregate_bas,2007,54.922
ecu,sex_f,age_10yrbands_y25_34,edu_aggregate_bas,2008,54.126
ecu,sex_f,age_10yrbands_y25_34,edu_aggregate_bas,2009,50.411
ecu,sex_f,age_10yrbands_y25_34,edu_aggregate_bas,2010,50.225
ecu,sex_f,age_10yrbands_y25_34,edu_aggregate_bas,2011,50.642
ecu,sex_f,age_10yrbands_y25_34,edu_aggregate_bas,2012,53.304
ecu,sex_f,age_10yrbands_y25_34,edu_aggregate_bas,2013,50.861
ecu,sex_f,age_10yrbands_y25_34,edu_aggregate_bas,2014,49.523
ecu,sex_f,age_10yrbands_y25_34,edu_aggregate_bas,2015,54.461
ecu,sex_f,age_10yrbands_y25_34,edu_aggregate_bas,2016,55.713
ecu,sex_f,age_10yrbands_y25_34,edu_aggregate_bas,2017,58.966
ecu,sex_f,age_10yrbands_y25_34,edu_aggregate_bas,2018,57.73
ecu,sex_f,age_10yrbands_y25_34,edu_aggregate_bas,2019,55.989
ecu,sex_f,age_10yrbands_y25_34,edu_aggregate_bas,2021,54.89
ecu,sex_f,age_10yrbands_y25_34,edu_aggregate_bas,2022,55.086
ecu,sex_f,age_10yrbands_y25_34,edu_aggregate_bas,2023,56.549
ecu,sex_f,age_10yrbands_y25_34,edu_aggregate_bas,2024,52.159
ecu,sex_f,age_10yrbands_y25_34,edu_aggregate_int,2000,50.344
ecu,sex_f,age_10yrbands_y25_34,edu_aggregate_int,2001,58.533
ecu,sex_f,age_10yrbands_y25_34,edu_aggregate_int,2003,58.366
ecu,sex_f,age_10yrbands_y25_34,edu_aggregate_int,2004,63.308
ecu,sex_f,age_10yrbands_y25_34,edu_aggregate_int,2005,62.526
ecu,sex_f,age_10yrbands_y25_34,edu_aggregate_int,2006,66.766
ecu,sex_f,age_10yrbands_y25_34,edu_aggregate_int,2007,57.842
ecu,sex_f,age_10yrbands_y25_34,edu_aggregate_int,2008,58.735
ecu,sex_f,age_10yrbands_y25_34,edu_aggregate_int,2009,58.627
ecu,sex_f,age_10yrbands_y25_34,edu_aggregate_int,2010,58.485
ecu,sex_f,age_10yrbands_y25_34,edu_aggregate_int,2011,59.935
ecu,sex_f,age_10yrbands_y25_34,edu_aggregate_int,2012,60.263
ecu,sex_f,age_10yrbands_y25_34,edu_aggregate_int,2013,55.616
ecu,sex_f,age_10yrbands_y25_34,edu_aggregate_int,2014,53.836
ecu,sex_f,age_10yrbands_y25_34,edu_aggregate_int,2015,55.866
ecu,sex_f,age_10yrbands_y25_34,edu_aggregate_int,2016,59.919
ecu,sex_f,age_10yrbands_y25_34,edu_aggregate_int,2017,61.29
ecu,sex_f,age_10yrbands_y25_34,edu_aggregate_int,2018,58.599
ecu,sex_f,age_10yrbands_y25_34,edu_aggregate_int,2019,58.453
ecu,sex_f,age_10yrbands_y25_34,edu_aggregate_int,2021,58.062
ecu,sex_f,age_10yrbands_y25_34,edu_aggregate_int,2022,60.678
ecu,sex_f,age_10yrbands_y25_34,edu_aggregate_int,2023,56.869
ecu,sex_f,age_10yrbands_y25_34,edu_aggregate_int,2024,55.615
ecu,sex_f,age_10yrbands_y25_34,edu_aggregate_ltb,2000,44.574
ecu,sex_f,age_10yrbands_y25_34,edu_aggregate_ltb,2001,53.315
ecu,sex_f,age_10yrbands_y25_34,edu_aggregate_ltb,2003,46.164
ecu,sex_f,age_10yrbands_y25_34,edu_aggregate_ltb,2004,50.647
ecu,sex_f,age_10yrbands_y25_34,edu_aggregate_ltb,2005,48.632
ecu,sex_f,age_10yrbands_y25_34,edu_aggregate_ltb,2006,54.826
ecu,sex_f,age_10yrbands_y25_34,edu_aggregate_ltb,2007,48.936
ecu,sex_f,age_10yrbands_y25_34,edu_aggregate_ltb,2008,47.978
ecu,sex_f,age_10yrbands_y25_34,edu_aggregate_ltb,2009,44.506
ecu,sex_f,age_10yrbands_y25_34,edu_aggregate_ltb,2010,46.667
ecu,sex_f,age_10yrbands_y25_34,edu_aggregate_ltb,2011,47.034
ecu,sex_f,age_10yrbands_y25_34,edu_aggregate_ltb,2012,41.41
ecu,sex_f,age_10yrbands_y25_34,edu_aggregate_ltb,2013,43.274
ecu,sex_f,age_10yrbands_y25_34,edu_aggregate_ltb,2014,47.757
ecu,sex_f,age_10yrbands_y25_34,edu_aggregate_ltb,2015,47.955
ecu,sex_f,age_10yrbands_y25_34,edu_aggregate_ltb,2016,54.294
ecu,sex_f,age_10yrbands_y25_34,edu_aggregate_ltb,2017,52.93
ecu,sex_f,age_10yrbands_y25_34,edu_aggregate_ltb,2018,52.403
ecu,sex_f,age_10yrbands_y25_34,edu_aggregate_ltb,2019,53.08
ecu,sex_f,age_10yrbands_y25_34,edu_aggregate_ltb,2021,45.679
ecu,sex_f,age_10yrbands_y25_34,edu_aggregate_ltb,2022,44.096
ecu,sex_f,age_10yrbands_y25_34,edu_aggregate_ltb,2023,45.585
ecu,sex_f,age_10yrbands_y25_34,edu_aggregate_ltb,2024,52.199
ecu,sex_f,age_10yrbands_y25_34,edu_aggregate_total,2000,51.636
ecu,sex_f,age_10yrbands_y25_34,edu_aggregate_total,2001,59.265
ecu,sex_f,age_10yrbands_y25_34,edu_aggregate_total,2003,54.66
ecu,sex_f,age_10yrbands_y25_34,edu_aggregate_total,2004,58.289
ecu,sex_f,age_10yrbands_y25_34,edu_aggregate_total,2005,58.414
ecu,sex_f,age_10yrbands_y25_34,edu_aggregate_total,2006,61.332
ecu,sex_f,age_10yrbands_y25_34,edu_aggregate_total,2007,58.777
ecu,sex_f,age_10yrbands_y25_34,edu_aggregate_total,2008,59.587
ecu,sex_f,age_10yrbands_y25_34,edu_aggregate_total,2009,55.915
ecu,sex_f,age_10yrbands_y25_34,edu_aggregate_total,2010,58.517
ecu,sex_f,age_10yrbands_y25_34,edu_aggregate_total,2011,59.104
ecu,sex_f,age_10yrbands_y25_34,edu_aggregate_total,2012,61.362
ecu,sex_f,age_10yrbands_y25_34,edu_aggregate_total,2013,58.222
ecu,sex_f,age_10yrbands_y25_34,edu_aggregate_total,2014,56.463
ecu,sex_f,age_10yrbands_y25_34,edu_aggregate_total,2015,59.095
ecu,sex_f,age_10yrbands_y25_34,edu_aggregate_total,2016,61.417
ecu,sex_f,age_10yrbands_y25_34,edu_aggregate_total,2017,62.641
ecu,sex_f,age_10yrbands_y25_34,edu_aggregate_total,2018,62.073
ecu,sex_f,age_10yrbands_y25_34,edu_aggregate_total,2019,61.649
ecu,sex_f,age_10yrbands_y25_34,edu_aggregate_total,2021,60.064
ecu,sex_f,age_10yrbands_y25_34,edu_aggregate_total,2022,61.676
ecu,sex_f,age_10yrbands_y25_34,edu_aggregate_total,2023,60.352
ecu,sex_f,age_10yrbands_y25_34,edu_aggregate_total,2024,58.612
ecu,sex_f,age_10yrbands_y25_34,edu_aggregate_x,2016,55.657
ecu,sex_f,age_10yrbands_y25_34,edu_aggregate_x,2018,42.934
ecu,sex_f,age_10yrbands_y25_34,edu_aggregate_x,2019,61.602
ecu,sex_f,age_10yrbands_y25_34,edu_aggregate_x,2021,74.762
ecu,sex_f,age_10yrbands_y25_34,edu_isced97_0,2000,38.775
ecu,sex_f,age_10yrbands_y25_34,edu_isced97_0,2001,48.332
ecu,sex_f,age_10yrbands_y25_34,edu_isced97_0,2003,46.515
ecu,sex_f,age_10yrbands_y25_34,edu_isced97_0,2004,53.641
ecu,sex_f,age_10yrbands_y25_34,edu_isced97_0,2005,49.446
ecu,sex_f,age_10yrbands_y25_34,edu_isced97_0,2006,58.165
ecu,sex_f,age_10yrbands_y25_34,edu_isced97_0,2007,51.641
ecu,sex_f,age_10yrbands_y25_34,edu_isced97_0,2008,51.819
ecu,sex_f,age_10yrbands_y25_34,edu_isced97_0,2009,47.601
ecu,sex_f,age_10yrbands_y25_34,edu_isced97_0,2010,49.44
ecu,sex_f,age_10yrbands_y25_34,edu_isced97_0,2011,49.136
ecu,sex_f,age_10yrbands_y25_34,edu_isced97_0,2012,45.727
ecu,sex_f,age_10yrbands_y25_34,edu_isced97_0,2013,47.91
ecu,sex_f,age_10yrbands_y25_34,edu_isced97_0,2014,51.575
ecu,sex_f,age_10yrbands_y25_34,edu_isced97_0,2015,51.317
ecu,sex_f,age_10yrbands_y25_34,edu_isced97_0,2016,58.139
ecu,sex_f,age_10yrbands_y25_34,edu_isced97_0,2017,56.779
ecu,sex_f,age_10yrbands_y25_34,edu_isced97_0,2018,55.615
ecu,sex_f,age_10yrbands_y25_34,edu_isced97_0,2019,56.811
ecu,sex_f,age_10yrbands_y25_34,edu_isced97_0,2021,51.964
ecu,sex_f,age_10yrbands_y25_34,edu_isced97_0,2022,56.765
ecu,sex_f,age_10yrbands_y25_34,edu_isced97_0,2023,52.515
ecu,sex_f,age_10yrbands_y25_34,edu_isced97_0,2024,57.717
ecu,sex_f,age_10yrbands_y25_34,edu_isced97_1,2000,48.952
ecu,sex_f,age_10yrbands_y25_34,edu_isced97_1,2001,60.674
ecu,sex_f,age_10yrbands_y25_34,edu_isced97_1,2003,47.39
ecu,sex_f,age_10yrbands_y25_34,edu_isced97_1,2004,53.483
ecu,sex_f,age_10yrbands_y25_34,edu_isced97_1,2005,52.342
ecu,sex_f,age_10yrbands_y25_34,edu_isced97_1,2006,54.051
ecu,sex_f,age_10yrbands_y25_34,edu_isced97_1,2007,53.549
ecu,sex_f,age_10yrbands_y25_34,edu_isced97_1,2008,53.432
ecu,sex_f,age_10yrbands_y25_34,edu_isced97_1,2009,50.314
ecu,sex_f,age_10yrbands_y25_34,edu_isced97_1,2010,50.422
ecu,sex_f,age_10yrbands_y25_34,edu_isced97_1,2011,51.342
ecu,sex_f,age_10yrbands_y25_34,edu_isced97_1,2012,52.378
ecu,sex_f,age_10yrbands_y25_34,edu_isced97_1,2013,50.318
ecu,sex_f,age_10yrbands_y25_34,edu_isced97_1,2014,48.627
ecu,sex_f,age_10yrbands_y25_34,edu_isced97_1,2015,55.209
ecu,sex_f,age_10yrbands_y25_34,edu_isced97_1,2016,56.4
ecu,sex_f,age_10yrbands_y25_34,edu_isced97_1,2017,60.263
ecu,sex_f,age_10yrbands_y25_34,edu_isced97_1,2018,58.797
ecu,sex_f,age_10yrbands_y25_34,edu_isced97_1,2019,56.386
ecu,sex_f,age_10yrbands_y25_34,edu_isced97_1,2021,55.849
ecu,sex_f,age_10yrbands_y25_34,edu_isced97_1,2022,55.363
ecu,sex_f,age_10yrbands_y25_34,edu_isced97_1,2023,57.214
ecu,sex_f,age_10yrbands_y25_34,edu_isced97_1,2024,50.987
ecu,sex_f,age_10yrbands_y25_34,edu_isced97_2,2000,44.715
ecu,sex_f,age_10yrbands_y25_34,edu_isced97_2,2001,54.01
ecu,sex_f,age_10yrbands_y25_34,edu_isced97_2,2003,53.182
ecu,sex_f,age_10yrbands_y25_34,edu_isced97_2,2004,54.302
ecu,sex_f,age_10yrbands_y25_34,edu_isced97_2,2005,54.892
ecu,sex_f,age_10yrbands_y25_34,edu_isced97_2,2006,59.025
ecu,sex_f,age_10yrbands_y25_34,edu_isced97_2,2007,58.236
ecu,sex_f,age_10yrbands_y25_34,edu_isced97_2,2008,55.764
ecu,sex_f,age_10yrbands_y25_34,edu_isced97_2,2009,50.656
ecu,sex_f,age_10yrbands_y25_34,edu_isced97_2,2010,49.764
ecu,sex_f,age_10yrbands_y25_34,edu_isced97_2,2011,49.087
ecu,sex_f,age_10yrbands_y25_34,edu_isced97_2,2012,55.209
ecu,sex_f,age_10yrbands_y25_34,edu_isced97_2,2013,52.078
ecu,sex_f,age_10yrbands_y25_34,edu_isced97_2,2014,51.713
ecu,sex_f,age_10yrbands_y25_34,edu_isced97_2,2015,52.726
ecu,sex_f,age_10yrbands_y25_34,edu_isced97_2,2016,54.302
ecu,sex_f,age_10yrbands_y25_34,edu_isced97_2,2017,56.218
ecu,sex_f,age_10yrbands_y25_34,edu_isced97_2,2018,55.453
ecu,sex_f,age_10yrbands_y25_34,edu_isced97_2,2019,55.156
ecu,sex_f,age_10yrbands_y25_34,edu_isced97_2,2021,53.143
ecu,sex_f,age_10yrbands_y25_34,edu_isced97_2,2022,54.562
ecu,sex_f,age_10yrbands_y25_34,edu_isced97_2,2023,55.285
ecu,sex_f,age_10yrbands_y25_34,edu_isced97_2,2024,54.449
ecu,sex_f,age_10yrbands_y25_34,edu_isced97_3,2000,50.344
ecu,sex_f,age_10yrbands_y25_34,edu_isced97_3,2001,58.533
ecu,sex_f,age_10yrbands_y25_34,edu_isced97_3,2003,61.198
ecu,sex_f,age_10yrbands_y25_34,edu_isced97_3,2004,61.647
ecu,sex_f,age_10yrbands_y25_34,edu_isced97_3,2005,62.936
ecu,sex_f,age_10yrbands_y25_34,edu_isced97_3,2006,64.011
ecu,sex_f,age_10yrbands_y25_34,edu_isced97_3,2007,57.404
ecu,sex_f,age_10yrbands_y25_34,edu_isced97_3,2008,58.225
ecu,sex_f,age_10yrbands_y25_34,edu_isced97_3,2009,58.505
ecu,sex_f,age_10yrbands_y25_34,edu_isced97_3,2010,58.076
ecu,sex_f,age_10yrbands_y25_34,edu_isced97_3,2011,59.646
ecu,sex_f,age_10yrbands_y25_34,edu_isced97_3,2012,59.723
ecu,sex_f,age_10yrbands_y25_34,edu_isced97_3,2013,55.206
ecu,sex_f,age_10yrbands_y25_34,edu_isced97_3,2014,53.298
ecu,sex_f,age_10yrbands_y25_34,edu_isced97_3,2015,55.453
ecu,sex_f,age_10yrbands_y25_34,edu_isced97_3,2016,59.266
ecu,sex_f,age_10yrbands_y25_34,edu_isced97_3,2017,60.54
ecu,sex_f,age_10yrbands_y25_34,edu_isced97_3,2018,58.121
ecu,sex_f,age_10yrbands_y25_34,edu_isced97_3,2019,57.865
ecu,sex_f,age_10yrbands_y25_34,edu_isced97_3,2021,57.244
ecu,sex_f,age_10yrbands_y25_34,edu_isced97_3,2022,59.941
ecu,sex_f,age_10yrbands_y25_34,edu_isced97_3,2023,55.784
ecu,sex_f,age_10yrbands_y25_34,edu_isced97_3,2024,54.361
ecu,sex_f,age_10yrbands_y25_34,edu_isced97_4,2003,48.256
ecu,sex_f,age_10yrbands_y25_34,edu_isced97_4,2004,72.46
ecu,sex_f,age_10yrbands_y25_34,edu_isced97_4,2005,60.503
ecu,sex_f,age_10yrbands_y25_34,edu_isced97_4,2006,85.196
ecu,sex_f,age_10yrbands_y25_34,edu_isced97_4,2007,89.888
ecu,sex_f,age_10yrbands_y25_34,edu_isced97_4,2008,91.034
ecu,sex_f,age_10yrbands_y25_34,edu_isced97_4,2009,69.934
ecu,sex_f,age_10yrbands_y25_34,edu_isced97_4,2010,74.095
ecu,sex_f,age_10yrbands_y25_34,edu_isced97_4,2011,72.269
ecu,sex_f,age_10yrbands_y25_34,edu_isced97_4,2012,85.388
ecu,sex_f,age_10yrbands_y25_34,edu_isced97_4,2013,72.909
ecu,sex_f,age_10yrbands_y25_34,edu_isced97_4,2014,72.17
ecu,sex_f,age_10yrbands_y25_34,edu_isced97_4,2015,68.53
ecu,sex_f,age_10yrbands_y25_34,edu_isced97_4,2016,75.769
ecu,sex_f,age_10yrbands_y25_34,edu_isced97_4,2017,79.178
ecu,sex_f,age_10yrbands_y25_34,edu_isced97_4,2018,71.122
ecu,sex_f,age_10yrbands_y25_34,edu_isced97_4,2019,69.418
ecu,sex_f,age_10yrbands_y25_34,edu_isced97_4,2021,71.565
ecu,sex_f,age_10yrbands_y25_34,edu_isced97_4,2022,72.968
ecu,sex_f,age_10yrbands_y25_34,edu_isced97_4,2023,74.052
ecu,sex_f,age_10yrbands_y25_34,edu_isced97_4,2024,73.038
ecu,sex_f,age_10yrbands_y25_34,edu_isced97_5,2000,71.396
ecu,sex_f,age_10yrbands_y25_34,edu_isced97_5,2001,71.586
ecu,sex_f,age_10yrbands_y25_34,edu_isced97_5,2003,75.959
ecu,sex_f,age_10yrbands_y25_34,edu_isced97_5,2004,77.02
ecu,sex_f,age_10yrbands_y25_34,edu_isced97_5,2005,77.313
ecu,sex_f,age_10yrbands_y25_34,edu_isced97_5,2006,79.314
ecu,sex_f,age_10yrbands_y25_34,edu_isced97_5,2007,75.061
ecu,sex_f,age_10yrbands_y25_34,edu_isced97_5,2008,76.771
ecu,sex_f,age_10yrbands_y25_34,edu_isced97_5,2009,66.926
ecu,sex_f,age_10yrbands_y25_34,edu_isced97_5,2010,76.134
ecu,sex_f,age_10yrbands_y25_34,edu_isced97_5,2011,74.265
ecu,sex_f,age_10yrbands_y25_34,edu_isced97_5,2012,78.459
ecu,sex_f,age_10yrbands_y25_34,edu_isced97_5,2013,77.514
ecu,sex_f,age_10yrbands_y25_34,edu_isced97_5,2014,73.191
ecu,sex_f,age_10yrbands_y25_34,edu_isced97_5,2015,73.725
ecu,sex_f,age_10yrbands_y25_34,edu_isced97_5,2016,73.019
ecu,sex_f,age_10yrbands_y25_34,edu_isced97_5,2017,72.113
ecu,sex_f,age_10yrbands_y25_34,edu_isced97_5,2018,75.527
ecu,sex_f,age_10yrbands_y25_34,edu_isced97_5,2019,75.573
ecu,sex_f,age_10yrbands_y25_34,edu_isced97_5,2021,71.49
ecu,sex_f,age_10yrbands_y25_34,edu_isced97_5,2022,74.659
ecu,sex_f,age_10yrbands_y25_34,edu_isced97_5,2023,72.067
ecu,sex_f,age_10yrbands_y25_34,edu_isced97_5,2024,71.409
ecu,sex_f,age_10yrbands_y25_34,edu_isced97_6,2001,63.842
ecu,sex_f,age_10yrbands_y25_34,edu_isced97_6,2003,75.93
ecu,sex_f,age_10yrbands_y25_34,edu_isced97_6,2004,95.241
ecu,sex_f,age_10yrbands_y25_34,edu_isced97_6,2005,98.3
ecu,sex_f,age_10yrbands_y25_34,edu_isced97_6,2006,92.576
ecu,sex_f,age_10yrbands_y25_34,edu_isced97_6,2007,93.765
ecu,sex_f,age_10yrbands_y25_34,edu_isced97_6,2008,89.128
ecu,sex_f,age_10yrbands_y25_34,edu_isced97_6,2009,77.793
ecu,sex_f,age_10yrbands_y25_34,edu_isced97_6,2010,79.394
ecu,sex_f,age_10yrbands_y25_34,edu_isced97_6,2011,87.899
ecu,sex_f,age_10yrbands_y25_34,edu_isced97_6,2012,91.677
ecu,sex_f,age_10yrbands_y25_34,edu_isced97_6,2013,82.756
ecu,sex_f,age_10yrbands_y25_34,edu_isced97_6,2014,90.49
ecu,sex_f,age_10yrbands_y25_34,edu_isced97_6,2015,82.882
ecu,sex_f,age_10yrbands_y25_34,edu_isced97_6,2016,89.006
ecu,sex_f,age_10yrbands_y25_34,edu_isced97_6,2017,87.579
ecu,sex_f,age_10yrbands_y25_34,edu_isced97_6,2018,86.131
ecu,sex_f,age_10yrbands_y25_34,edu_isced97_6,2019,87.921
ecu,sex_f,age_10yrbands_y25_34,edu_isced97_6,2021,91.108
ecu,sex_f,age_10yrbands_y25_34,edu_isced97_6,2022,90.684
ecu,sex_f,age_10yrbands_y25_34,edu_isced97_6,2023,91.081
ecu,sex_f,age_10yrbands_y25_34,edu_isced97_6,2024,87.618
ecu,sex_f,age_10yrbands_y25_34,edu_isced97_total,2000,51.636
ecu,sex_f,age_10yrbands_y25_34,edu_isced97_total,2001,59.265
ecu,sex_f,age_10yrbands_y25_34,edu_isced97_total,2003,54.66
ecu,sex_f,age_10yrbands_y25_34,edu_isced97_total,2004,58.289
ecu,sex_f,age_10yrbands_y25_34,edu_isced97_total,2005,58.414
ecu,sex_f,age_10yrbands_y25_34,edu_isced97_total,2006,61.332
ecu,sex_f,age_10yrbands_y25_34,edu_isced97_total,2007,58.777
ecu,sex_f,age_10yrbands_y25_34,edu_isced97_total,2008,59.587
ecu,sex_f,age_10yrbands_y25_34,edu_isced97_total,2009,55.915
ecu,sex_f,age_10yrbands_y25_34,edu_isced97_total,2010,58.517
ecu,sex_f,age_10yrbands_y25_34,edu_isced97_total,2011,59.104
ecu,sex_f,age_10yrbands_y25_34,edu_isced97_total,2012,61.362
ecu,sex_f,age_10yrbands_y25_34,edu_isced97_total,2013,58.222
ecu,sex_f,age_10yrbands_y25_34,edu_isced97_total,2014,56.463
ecu,sex_f,age_10yrbands_y25_34,edu_isced97_total,2015,59.095
ecu,sex_f,age_10yrbands_y25_34,edu_isced97_total,2016,61.417
ecu,sex_f,age_10yrbands_y25_34,edu_isced97_total,2017,62.641
ecu,sex_f,age_10yrbands_y25_34,edu_isced97_total,2018,62.073
ecu,sex_f,age_10yrbands_y25_34,edu_isced97_total,2019,61.649
ecu,sex_f,age_10yrbands_y25_34,edu_isced97_total,2021,60.064
ecu,sex_f,age_10yrbands_y25_34,edu_isced97_total,2022,61.676
ecu,sex_f,age_10yrbands_y25_34,edu_isced97_total,2023,60.352
ecu,sex_f,age_10yrbands_y25_34,edu_isced97_total,2024,58.612
ecu,sex_f,age_10yrbands_y25_34,edu_isced97_unk,2016,55.657
ecu,sex_f,age_10yrbands_y25_34,edu_isced97_unk,2018,42.934
ecu,sex_f,age_10yrbands_y25_34,edu_isced97_unk,2019,61.602
ecu,sex_f,age_10yrbands_y25_34,edu_isced97_unk,2021,74.762
ecu,sex_f,age_10yrbands_y25_34,edu_isced97_x,2000,47.937
ecu,sex_f,age_10yrbands_y25_34,edu_isced97_x,2001,57.425
ecu,sex_f,age_10yrbands_y25_34,edu_isced97_x,2003,45.824
ecu,sex_f,age_10yrbands_y25_34,edu_isced97_x,2004,48.068
ecu,sex_f,age_10yrbands_y25_34,edu_isced97_x,2005,47.921
ecu,sex_f,age_10yrbands_y25_34,edu_isced97_x,2006,51.872
ecu,sex_f,age_10yrbands_y25_34,edu_isced97_x,2007,39.266
ecu,sex_f,age_10yrbands_y25_34,edu_isced97_x,2008,31.173
ecu,sex_f,age_10yrbands_y25_34,edu_isced97_x,2009,32.718
ecu,sex_f,age_10yrbands_y25_34,edu_isced97_x,2010,36.15
ecu,sex_f,age_10yrbands_y25_34,edu_isced97_x,2011,38.368
ecu,sex_f,age_10yrbands_y25_34,edu_isced97_x,2012,28.533
ecu,sex_f,age_10yrbands_y25_34,edu_isced97_x,2013,26.932
ecu,sex_f,age_10yrbands_y25_34,edu_isced97_x,2014,29.406
ecu,sex_f,age_10yrbands_y25_34,edu_isced97_x,2015,32.27
ecu,sex_f,age_10yrbands_y25_34,edu_isced97_x,2016,41.713
ecu,sex_f,age_10yrbands_y25_34,edu_isced97_x,2017,36.026
ecu,sex_f,age_10yrbands_y25_34,edu_isced97_x,2018,38.228
ecu,sex_f,age_10yrbands_y25_34,edu_isced97_x,2019,34.229
ecu,sex_f,age_10yrbands_y25_34,edu_isced97_x,2021,26.208
ecu,sex_f,age_10yrbands_y25_34,edu_isced97_x,2022,17.589
ecu,sex_f,age_10yrbands_y25_34,edu_isced97_x,2023,26.643
ecu,sex_f,age_10yrbands_y25_34,edu_isced97_x,2024,35.63
ecu,sex_f,age_10yrbands_y35_44,edu_aggregate_adv,2000,76.972
ecu,sex_f,age_10yrbands_y35_44,edu_aggregate_adv,2001,73.724
ecu,sex_f,age_10yrbands_y35_44,edu_aggregate_adv,2003,81.059
ecu,sex_f,age_10yrbands_y35_44,edu_aggregate_adv,2004,79.581
ecu,sex_f,age_10yrbands_y35_44,edu_aggregate_adv,2005,81.834
ecu,sex_f,age_10yrbands_y35_44,edu_aggregate_adv,2006,81.804
ecu,sex_f,age_10yrbands_y35_44,edu_aggregate_adv,2007,81.369
ecu,sex_f,age_10yrbands_y35_44,edu_aggregate_adv,2008,83.395
ecu,sex_f,age_10yrbands_y35_44,edu_aggregate_adv,2009,86.02
ecu,sex_f,age_10yrbands_y35_44,edu_aggregate_adv,2010,83.093
ecu,sex_f,age_10yrbands_y35_44,edu_aggregate_adv,2011,84.354
ecu,sex_f,age_10yrbands_y35_44,edu_aggregate_adv,2012,83.157
ecu,sex_f,age_10yrbands_y35_44,edu_aggregate_adv,2013,81.57
ecu,sex_f,age_10yrbands_y35_44,edu_aggregate_adv,2014,82.359
ecu,sex_f,age_10yrbands_y35_44,edu_aggregate_adv,2015,82.8
ecu,sex_f,age_10yrbands_y35_44,edu_aggregate_adv,2016,82.325
ecu,sex_f,age_10yrbands_y35_44,edu_aggregate_adv,2017,82.144
ecu,sex_f,age_10yrbands_y35_44,edu_aggregate_adv,2018,83.091
ecu,sex_f,age_10yrbands_y35_44,edu_aggregate_adv,2019,83.189
ecu,sex_f,age_10yrbands_y35_44,edu_aggregate_adv,2021,80.965
ecu,sex_f,age_10yrbands_y35_44,edu_aggregate_adv,2022,83.088
ecu,sex_f,age_10yrbands_y35_44,edu_aggregate_adv,2023,82.054
ecu,sex_f,age_10yrbands_y35_44,edu_aggregate_adv,2024,82.476
ecu,sex_f,age_10yrbands_y35_44,edu_aggregate_bas,2000,47.742
ecu,sex_f,age_10yrbands_y35_44,edu_aggregate_bas,2001,59.224
ecu,sex_f,age_10yrbands_y35_44,edu_aggregate_bas,2003,53.309
ecu,sex_f,age_10yrbands_y35_44,edu_aggregate_bas,2004,59.051
ecu,sex_f,age_10yrbands_y35_44,edu_aggregate_bas,2005,58.11
ecu,sex_f,age_10yrbands_y35_44,edu_aggregate_bas,2006,60.549
ecu,sex_f,age_10yrbands_y35_44,edu_aggregate_bas,2007,59.835
ecu,sex_f,age_10yrbands_y35_44,edu_aggregate_bas,2008,59.806
ecu,sex_f,age_10yrbands_y35_44,edu_aggregate_bas,2009,56.437
ecu,sex_f,age_10yrbands_y35_44,edu_aggregate_bas,2010,55.984
ecu,sex_f,age_10yrbands_y35_44,edu_aggregate_bas,2011,55.632
ecu,sex_f,age_10yrbands_y35_44,edu_aggregate_bas,2012,56.327
ecu,sex_f,age_10yrbands_y35_44,edu_aggregate_bas,2013,57.683
ecu,sex_f,age_10yrbands_y35_44,edu_aggregate_bas,2014,58.03
ecu,sex_f,age_10yrbands_y35_44,edu_aggregate_bas,2015,61.858
ecu,sex_f,age_10yrbands_y35_44,edu_aggregate_bas,2016,65.19
ecu,sex_f,age_10yrbands_y35_44,edu_aggregate_bas,2017,66.87
ecu,sex_f,age_10yrbands_y35_44,edu_aggregate_bas,2018,66.048
ecu,sex_f,age_10yrbands_y35_44,edu_aggregate_bas,2019,65.218
ecu,sex_f,age_10yrbands_y35_44,edu_aggregate_bas,2021,67.12
ecu,sex_f,age_10yrbands_y35_44,edu_aggregate_bas,2022,65.309
ecu,sex_f,age_10yrbands_y35_44,edu_aggregate_bas,2023,64.378
ecu,sex_f,age_10yrbands_y35_44,edu_aggregate_bas,2024,62.331
ecu,sex_f,age_10yrbands_y35_44,edu_aggregate_int,2000,55.267
ecu,sex_f,age_10yrbands_y35_44,edu_aggregate_int,2001,61.625
ecu,sex_f,age_10yrbands_y35_44,edu_aggregate_int,2003,64.437
ecu,sex_f,age_10yrbands_y35_44,edu_aggregate_int,2004,67.677
ecu,sex_f,age_10yrbands_y35_44,edu_aggregate_int,2005,76.37
ecu,sex_f,age_10yrbands_y35_44,edu_aggregate_int,2006,65.651
ecu,sex_f,age_10yrbands_y35_44,edu_aggregate_int,2007,65.229
ecu,sex_f,age_10yrbands_y35_44,edu_aggregate_int,2008,63.97
ecu,sex_f,age_10yrbands_y35_44,edu_aggregate_int,2009,61.536
ecu,sex_f,age_10yrbands_y35_44,edu_aggregate_int,2010,62.184
ecu,sex_f,age_10yrbands_y35_44,edu_aggregate_int,2011,62.4
ecu,sex_f,age_10yrbands_y35_44,edu_aggregate_int,2012,65.204
ecu,sex_f,age_10yrbands_y35_44,edu_aggregate_int,2013,61.807
ecu,sex_f,age_10yrbands_y35_44,edu_aggregate_int,2014,61.059
ecu,sex_f,age_10yrbands_y35_44,edu_aggregate_int,2015,63.938
ecu,sex_f,age_10yrbands_y35_44,edu_aggregate_int,2016,64.829
ecu,sex_f,age_10yrbands_y35_44,edu_aggregate_int,2017,68.053
ecu,sex_f,age_10yrbands_y35_44,edu_aggregate_int,2018,67.049
ecu,sex_f,age_10yrbands_y35_44,edu_aggregate_int,2019,65.244
ecu,sex_f,age_10yrbands_y35_44,edu_aggregate_int,2021,65.014
ecu,sex_f,age_10yrbands_y35_44,edu_aggregate_int,2022,63.538
ecu,sex_f,age_10yrbands_y35_44,edu_aggregate_int,2023,64.183
ecu,sex_f,age_10yrbands_y35_44,edu_aggregate_int,2024,64.999
ecu,sex_f,age_10yrbands_y35_44,edu_aggregate_ltb,2000,54.626
ecu,sex_f,age_10yrbands_y35_44,edu_aggregate_ltb,2001,70.05
ecu,sex_f,age_10yrbands_y35_44,edu_aggregate_ltb,2003,55.478
ecu,sex_f,age_10yrbands_y35_44,edu_aggregate_ltb,2004,62.804
ecu,sex_f,age_10yrbands_y35_44,edu_aggregate_ltb,2005,60.146
ecu,sex_f,age_10yrbands_y35_44,edu_aggregate_ltb,2006,56.177
ecu,sex_f,age_10yrbands_y35_44,edu_aggregate_ltb,2007,55.604
ecu,sex_f,age_10yrbands_y35_44,edu_aggregate_ltb,2008,57.428
ecu,sex_f,age_10yrbands_y35_44,edu_aggregate_ltb,2009,52.985
ecu,sex_f,age_10yrbands_y35_44,edu_aggregate_ltb,2010,52.039
ecu,sex_f,age_10yrbands_y35_44,edu_aggregate_ltb,2011,49.16
ecu,sex_f,age_10yrbands_y35_44,edu_aggregate_ltb,2012,53.8
ecu,sex_f,age_10yrbands_y35_44,edu_aggregate_ltb,2013,52.365
ecu,sex_f,age_10yrbands_y35_44,edu_aggregate_ltb,2014,55.005
ecu,sex_f,age_10yrbands_y35_44,edu_aggregate_ltb,2015,60.377
ecu,sex_f,age_10yrbands_y35_44,edu_aggregate_ltb,2016,64.34
ecu,sex_f,age_10yrbands_y35_44,edu_aggregate_ltb,2017,66.087
ecu,sex_f,age_10yrbands_y35_44,edu_aggregate_ltb,2018,66.204
ecu,sex_f,age_10yrbands_y35_44,edu_aggregate_ltb,2019,65.241
ecu,sex_f,age_10yrbands_y35_44,edu_aggregate_ltb,2021,63.367
ecu,sex_f,age_10yrbands_y35_44,edu_aggregate_ltb,2022,60.977
ecu,sex_f,age_10yrbands_y35_44,edu_aggregate_ltb,2023,61.642
ecu,sex_f,age_10yrbands_y35_44,edu_aggregate_ltb,2024,58.454
ecu,sex_f,age_10yrbands_y35_44,edu_aggregate_total,2000,55.116
ecu,sex_f,age_10yrbands_y35_44,edu_aggregate_total,2001,63.43
ecu,sex_f,age_10yrbands_y35_44,edu_aggregate_total,2003,58.869
ecu,sex_f,age_10yrbands_y35_44,edu_aggregate_total,2004,63.517
ecu,sex_f,age_10yrbands_y35_44,edu_aggregate_total,2005,62.944
ecu,sex_f,age_10yrbands_y35_44,edu_aggregate_total,2006,63.899
ecu,sex_f,age_10yrbands_y35_44,edu_aggregate_total,2007,63.826
ecu,sex_f,age_10yrbands_y35_44,edu_aggregate_total,2008,64.207
ecu,sex_f,age_10yrbands_y35_44,edu_aggregate_total,2009,61.824
ecu,sex_f,age_10yrbands_y35_44,edu_aggregate_total,2010,61.231
ecu,sex_f,age_10yrbands_y35_44,edu_aggregate_total,2011,61.354
ecu,sex_f,age_10yrbands_y35_44,edu_aggregate_total,2012,62.998
ecu,sex_f,age_10yrbands_y35_44,edu_aggregate_total,2013,62.456
ecu,sex_f,age_10yrbands_y35_44,edu_aggregate_total,2014,62.497
ecu,sex_f,age_10yrbands_y35_44,edu_aggregate_total,2015,65.846
ecu,sex_f,age_10yrbands_y35_44,edu_aggregate_total,2016,68.241
ecu,sex_f,age_10yrbands_y35_44,edu_aggregate_total,2017,69.92
ecu,sex_f,age_10yrbands_y35_44,edu_aggregate_total,2018,69.393
ecu,sex_f,age_10yrbands_y35_44,edu_aggregate_total,2019,68.303
ecu,sex_f,age_10yrbands_y35_44,edu_aggregate_total,2021,68.779
ecu,sex_f,age_10yrbands_y35_44,edu_aggregate_total,2022,67.692
ecu,sex_f,age_10yrbands_y35_44,edu_aggregate_total,2023,67.548
ecu,sex_f,age_10yrbands_y35_44,edu_aggregate_total,2024,66.633
ecu,sex_f,age_10yrbands_y35_44,edu_aggregate_x,2016,58.651
ecu,sex_f,age_10yrbands_y35_44,edu_aggregate_x,2017,28.865
ecu,sex_f,age_10yrbands_y35_44,edu_aggregate_x,2018,60.927
ecu,sex_f,age_10yrbands_y35_44,edu_aggregate_x,2019,63.3
ecu,sex_f,age_10yrbands_y35_44,edu_aggregate_x,2021,95.813
ecu,sex_f,age_10yrbands_y35_44,edu_isced97_0,2000,56.572
ecu,sex_f,age_10yrbands_y35_44,edu_isced97_0,2001,67.423
ecu,sex_f,age_10yrbands_y35_44,edu_isced97_0,2003,54.498
ecu,sex_f,age_10yrbands_y35_44,edu_isced97_0,2004,60.273
ecu,sex_f,age_10yrbands_y35_44,edu_isced97_0,2005,64.219
ecu,sex_f,age_10yrbands_y35_44,edu_isced97_0,2006,53.633
ecu,sex_f,age_10yrbands_y35_44,edu_isced97_0,2007,55.305
ecu,sex_f,age_10yrbands_y35_44,edu_isced97_0,2008,58.364
ecu,sex_f,age_10yrbands_y35_44,edu_isced97_0,2009,53.746
ecu,sex_f,age_10yrbands_y35_44,edu_isced97_0,2010,53.681
ecu,sex_f,age_10yrbands_y35_44,edu_isced97_0,2011,50.725
ecu,sex_f,age_10yrbands_y35_44,edu_isced97_0,2012,56.452
ecu,sex_f,age_10yrbands_y35_44,edu_isced97_0,2013,53.96
ecu,sex_f,age_10yrbands_y35_44,edu_isced97_0,2014,56.893
ecu,sex_f,age_10yrbands_y35_44,edu_isced97_0,2015,61.464
ecu,sex_f,age_10yrbands_y35_44,edu_isced97_0,2016,67.32
ecu,sex_f,age_10yrbands_y35_44,edu_isced97_0,2017,67.078
ecu,sex_f,age_10yrbands_y35_44,edu_isced97_0,2018,67.248
ecu,sex_f,age_10yrbands_y35_44,edu_isced97_0,2019,67.119
ecu,sex_f,age_10yrbands_y35_44,edu_isced97_0,2021,67.437
ecu,sex_f,age_10yrbands_y35_44,edu_isced97_0,2022,65.418
ecu,sex_f,age_10yrbands_y35_44,edu_isced97_0,2023,63.712
ecu,sex_f,age_10yrbands_y35_44,edu_isced97_0,2024,62.413
ecu,sex_f,age_10yrbands_y35_44,edu_isced97_1,2000,46.558
ecu,sex_f,age_10yrbands_y35_44,edu_isced97_1,2001,63.09
ecu,sex_f,age_10yrbands_y35_44,edu_isced97_1,2003,51.318
ecu,sex_f,age_10yrbands_y35_44,edu_isced97_1,2004,58.088
ecu,sex_f,age_10yrbands_y35_44,edu_isced97_1,2005,57.991
ecu,sex_f,age_10yrbands_y35_44,edu_isced97_1,2006,59.065
ecu,sex_f,age_10yrbands_y35_44,edu_isced97_1,2007,58.682
ecu,sex_f,age_10yrbands_y35_44,edu_isced97_1,2008,57.731
ecu,sex_f,age_10yrbands_y35_44,edu_isced97_1,2009,55.121
ecu,sex_f,age_10yrbands_y35_44,edu_isced97_1,2010,54.892
ecu,sex_f,age_10yrbands_y35_44,edu_isced97_1,2011,53.557
ecu,sex_f,age_10yrbands_y35_44,edu_isced97_1,2012,55.171
ecu,sex_f,age_10yrbands_y35_44,edu_isced97_1,2013,56.532
ecu,sex_f,age_10yrbands_y35_44,edu_isced97_1,2014,57.539
ecu,sex_f,age_10yrbands_y35_44,edu_isced97_1,2015,62.391
ecu,sex_f,age_10yrbands_y35_44,edu_isced97_1,2016,66.547
ecu,sex_f,age_10yrbands_y35_44,edu_isced97_1,2017,67.978
ecu,sex_f,age_10yrbands_y35_44,edu_isced97_1,2018,65.9
ecu,sex_f,age_10yrbands_y35_44,edu_isced97_1,2019,65.554
ecu,sex_f,age_10yrbands_y35_44,edu_isced97_1,2021,68.247
ecu,sex_f,age_10yrbands_y35_44,edu_isced97_1,2022,66.744
ecu,sex_f,age_10yrbands_y35_44,edu_isced97_1,2023,63.981
ecu,sex_f,age_10yrbands_y35_44,edu_isced97_1,2024,61.962
ecu,sex_f,age_10yrbands_y35_44,edu_isced97_2,2000,48.127
ecu,sex_f,age_10yrbands_y35_44,edu_isced97_2,2001,57.979
ecu,sex_f,age_10yrbands_y35_44,edu_isced97_2,2003,56.104
ecu,sex_f,age_10yrbands_y35_44,edu_isced97_2,2004,60.335
ecu,sex_f,age_10yrbands_y35_44,edu_isced97_2,2005,58.28
ecu,sex_f,age_10yrbands_y35_44,edu_isced97_2,2006,62.576
ecu,sex_f,age_10yrbands_y35_44,edu_isced97_2,2007,62.637
ecu,sex_f,age_10yrbands_y35_44,edu_isced97_2,2008,65.311
ecu,sex_f,age_10yrbands_y35_44,edu_isced97_2,2009,60.246
ecu,sex_f,age_10yrbands_y35_44,edu_isced97_2,2010,58.762
ecu,sex_f,age_10yrbands_y35_44,edu_isced97_2,2011,61.065
ecu,sex_f,age_10yrbands_y35_44,edu_isced97_2,2012,59.398
ecu,sex_f,age_10yrbands_y35_44,edu_isced97_2,2013,60.825
ecu,sex_f,age_10yrbands_y35_44,edu_isced97_2,2014,59.507
ecu,sex_f,age_10yrbands_y35_44,edu_isced97_2,2015,60.444
ecu,sex_f,age_10yrbands_y35_44,edu_isced97_2,2016,61.55
ecu,sex_f,age_10yrbands_y35_44,edu_isced97_2,2017,63.728
ecu,sex_f,age_10yrbands_y35_44,edu_isced97_2,2018,66.529
ecu,sex_f,age_10yrbands_y35_44,edu_isced97_2,2019,64.191
ecu,sex_f,age_10yrbands_y35_44,edu_isced97_2,2021,63.833
ecu,sex_f,age_10yrbands_y35_44,edu_isced97_2,2022,61.09
ecu,sex_f,age_10yrbands_y35_44,edu_isced97_2,2023,65.752
ecu,sex_f,age_10yrbands_y35_44,edu_isced97_2,2024,63.651
ecu,sex_f,age_10yrbands_y35_44,edu_isced97_3,2000,55.267
ecu,sex_f,age_10yrbands_y35_44,edu_isced97_3,2001,61.625
ecu,sex_f,age_10yrbands_y35_44,edu_isced97_3,2003,61.86
ecu,sex_f,age_10yrbands_y35_44,edu_isced97_3,2004,66.608
ecu,sex_f,age_10yrbands_y35_44,edu_isced97_3,2005,73.817
ecu,sex_f,age_10yrbands_y35_44,edu_isced97_3,2006,62.875
ecu,sex_f,age_10yrbands_y35_44,edu_isced97_3,2007,65.195
ecu,sex_f,age_10yrbands_y35_44,edu_isced97_3,2008,64.025
ecu,sex_f,age_10yrbands_y35_44,edu_isced97_3,2009,61.364
ecu,sex_f,age_10yrbands_y35_44,edu_isced97_3,2010,62.192
ecu,sex_f,age_10yrbands_y35_44,edu_isced97_3,2011,61.767
ecu,sex_f,age_10yrbands_y35_44,edu_isced97_3,2012,64.991
ecu,sex_f,age_10yrbands_y35_44,edu_isced97_3,2013,61.341
ecu,sex_f,age_10yrbands_y35_44,edu_isced97_3,2014,60.251
ecu,sex_f,age_10yrbands_y35_44,edu_isced97_3,2015,62.967
ecu,sex_f,age_10yrbands_y35_44,edu_isced97_3,2016,64.075
ecu,sex_f,age_10yrbands_y35_44,edu_isced97_3,2017,67.742
ecu,sex_f,age_10yrbands_y35_44,edu_isced97_3,2018,66.792
ecu,sex_f,age_10yrbands_y35_44,edu_isced97_3,2019,64.674
ecu,sex_f,age_10yrbands_y35_44,edu_isced97_3,2021,64.622
ecu,sex_f,age_10yrbands_y35_44,edu_isced97_3,2022,62.834
ecu,sex_f,age_10yrbands_y35_44,edu_isced97_3,2023,63.36
ecu,sex_f,age_10yrbands_y35_44,edu_isced97_3,2024,63.945
ecu,sex_f,age_10yrbands_y35_44,edu_isced97_4,2003,73.719
ecu,sex_f,age_10yrbands_y35_44,edu_isced97_4,2004,74.401
ecu,sex_f,age_10yrbands_y35_44,edu_isced97_4,2005,92.822
ecu,sex_f,age_10yrbands_y35_44,edu_isced97_4,2006,78.962
ecu,sex_f,age_10yrbands_y35_44,edu_isced97_4,2007,67.227
ecu,sex_f,age_10yrbands_y35_44,edu_isced97_4,2008,59.177
ecu,sex_f,age_10yrbands_y35_44,edu_isced97_4,2009,75.042
ecu,sex_f,age_10yrbands_y35_44,edu_isced97_4,2010,61.911
ecu,sex_f,age_10yrbands_y35_44,edu_isced97_4,2011,86.535
ecu,sex_f,age_10yrbands_y35_44,edu_isced97_4,2012,76.645
ecu,sex_f,age_10yrbands_y35_44,edu_isced97_4,2013,80.699
ecu,sex_f,age_10yrbands_y35_44,edu_isced97_4,2014,84.298
ecu,sex_f,age_10yrbands_y35_44,edu_isced97_4,2015,83.819
ecu,sex_f,age_10yrbands_y35_44,edu_isced97_4,2016,81.984
ecu,sex_f,age_10yrbands_y35_44,edu_isced97_4,2017,74.692
ecu,sex_f,age_10yrbands_y35_44,edu_isced97_4,2018,72.718
ecu,sex_f,age_10yrbands_y35_44,edu_isced97_4,2019,77.084
ecu,sex_f,age_10yrbands_y35_44,edu_isced97_4,2021,71.696
ecu,sex_f,age_10yrbands_y35_44,edu_isced97_4,2022,76.713
ecu,sex_f,age_10yrbands_y35_44,edu_isced97_4,2023,77.562
ecu,sex_f,age_10yrbands_y35_44,edu_isced97_4,2024,80.022
ecu,sex_f,age_10yrbands_y35_44,edu_isced97_5,2000,76.972
ecu,sex_f,age_10yrbands_y35_44,edu_isced97_5,2001,73.006
ecu,sex_f,age_10yrbands_y35_44,edu_isced97_5,2003,80.17
ecu,sex_f,age_10yrbands_y35_44,edu_isced97_5,2004,79.277
ecu,sex_f,age_10yrbands_y35_44,edu_isced97_5,2005,81.048
ecu,sex_f,age_10yrbands_y35_44,edu_isced97_5,2006,81.313
ecu,sex_f,age_10yrbands_y35_44,edu_isced97_5,2007,80.794
ecu,sex_f,age_10yrbands_y35_44,edu_isced97_5,2008,82.85
ecu,sex_f,age_10yrbands_y35_44,edu_isced97_5,2009,86.384
ecu,sex_f,age_10yrbands_y35_44,edu_isced97_5,2010,82.371
ecu,sex_f,age_10yrbands_y35_44,edu_isced97_5,2011,83.644
ecu,sex_f,age_10yrbands_y35_44,edu_isced97_5,2012,82.054
ecu,sex_f,age_10yrbands_y35_44,edu_isced97_5,2013,80.523
ecu,sex_f,age_10yrbands_y35_44,edu_isced97_5,2014,81.303
ecu,sex_f,age_10yrbands_y35_44,edu_isced97_5,2015,81.795
ecu,sex_f,age_10yrbands_y35_44,edu_isced97_5,2016,80.894
ecu,sex_f,age_10yrbands_y35_44,edu_isced97_5,2017,80.672
ecu,sex_f,age_10yrbands_y35_44,edu_isced97_5,2018,81.875
ecu,sex_f,age_10yrbands_y35_44,edu_isced97_5,2019,82.201
ecu,sex_f,age_10yrbands_y35_44,edu_isced97_5,2021,79.049
ecu,sex_f,age_10yrbands_y35_44,edu_isced97_5,2022,81.099
ecu,sex_f,age_10yrbands_y35_44,edu_isced97_5,2023,79.666
ecu,sex_f,age_10yrbands_y35_44,edu_isced97_5,2024,80.013
ecu,sex_f,age_10yrbands_y35_44,edu_isced97_6,2001,87.304
ecu,sex_f,age_10yrbands_y35_44,edu_isced97_6,2003,100
ecu,sex_f,age_10yrbands_y35_44,edu_isced97_6,2004,85.829
ecu,sex_f,age_10yrbands_y35_44,edu_isced97_6,2005,100
ecu,sex_f,age_10yrbands_y35_44,edu_isced97_6,2006,93.979
ecu,sex_f,age_10yrbands_y35_44,edu_isced97_6,2007,94.003
ecu,sex_f,age_10yrbands_y35_44,edu_isced97_6,2008,95.992
ecu,sex_f,age_10yrbands_y35_44,edu_isced97_6,2009,80.372
ecu,sex_f,age_10yrbands_y35_44,edu_isced97_6,2010,92.556
ecu,sex_f,age_10yrbands_y35_44,edu_isced97_6,2011,95.185
ecu,sex_f,age_10yrbands_y35_44,edu_isced97_6,2012,97.682
ecu,sex_f,age_10yrbands_y35_44,edu_isced97_6,2013,96.283
ecu,sex_f,age_10yrbands_y35_44,edu_isced97_6,2014,95.269
ecu,sex_f,age_10yrbands_y35_44,edu_isced97_6,2015,94.867
ecu,sex_f,age_10yrbands_y35_44,edu_isced97_6,2016,92.809
ecu,sex_f,age_10yrbands_y35_44,edu_isced97_6,2017,92.254
ecu,sex_f,age_10yrbands_y35_44,edu_isced97_6,2018,92.551
ecu,sex_f,age_10yrbands_y35_44,edu_isced97_6,2019,90.372
ecu,sex_f,age_10yrbands_y35_44,edu_isced97_6,2021,93.352
ecu,sex_f,age_10yrbands_y35_44,edu_isced97_6,2022,95.922
ecu,sex_f,age_10yrbands_y35_44,edu_isced97_6,2023,95.55
ecu,sex_f,age_10yrbands_y35_44,edu_isced97_6,2024,94.048
ecu,sex_f,age_10yrbands_y35_44,edu_isced97_total,2000,55.116
ecu,sex_f,age_10yrbands_y35_44,edu_isced97_total,2001,63.43
ecu,sex_f,age_10yrbands_y35_44,edu_isced97_total,2003,58.869
ecu,sex_f,age_10yrbands_y35_44,edu_isced97_total,2004,63.517
ecu,sex_f,age_10yrbands_y35_44,edu_isced97_total,2005,62.944
ecu,sex_f,age_10yrbands_y35_44,edu_isced97_total,2006,63.899
ecu,sex_f,age_10yrbands_y35_44,edu_isced97_total,2007,63.826
ecu,sex_f,age_10yrbands_y35_44,edu_isced97_total,2008,64.207
ecu,sex_f,age_10yrbands_y35_44,edu_isced97_total,2009,61.824
ecu,sex_f,age_10yrbands_y35_44,edu_isced97_total,2010,61.231
ecu,sex_f,age_10yrbands_y35_44,edu_isced97_total,2011,61.354
ecu,sex_f,age_10yrbands_y35_44,edu_isced97_total,2012,62.998
ecu,sex_f,age_10yrbands_y35_44,edu_isced97_total,2013,62.456
ecu,sex_f,age_10yrbands_y35_44,edu_isced97_total,2014,62.497
ecu,sex_f,age_10yrbands_y35_44,edu_isced97_total,2015,65.846
ecu,sex_f,age_10yrbands_y35_44,edu_isced97_total,2016,68.241
ecu,sex_f,age_10yrbands_y35_44,edu_isced97_total,2017,69.92
ecu,sex_f,age_10yrbands_y35_44,edu_isced97_total,2018,69.393
ecu,sex_f,age_10yrbands_y35_44,edu_isced97_total,2019,68.303
ecu,sex_f,age_10yrbands_y35_44,edu_isced97_total,2021,68.779
ecu,sex_f,age_10yrbands_y35_44,edu_isced97_total,2022,67.692
ecu,sex_f,age_10yrbands_y35_44,edu_isced97_total,2023,67.548
ecu,sex_f,age_10yrbands_y35_44,edu_isced97_total,2024,66.633
ecu,sex_f,age_10yrbands_y35_44,edu_isced97_unk,2016,58.651
ecu,sex_f,age_10yrbands_y35_44,edu_isced97_unk,2017,28.865
ecu,sex_f,age_10yrbands_y35_44,edu_isced97_unk,2018,60.927
ecu,sex_f,age_10yrbands_y35_44,edu_isced97_unk,2019,63.3
ecu,sex_f,age_10yrbands_y35_44,edu_isced97_unk,2021,95.813
ecu,sex_f,age_10yrbands_y35_44,edu_isced97_x,2000,53.483
ecu,sex_f,age_10yrbands_y35_44,edu_isced97_x,2001,71.829
ecu,sex_f,age_10yrbands_y35_44,edu_isced97_x,2003,56.134
ecu,sex_f,age_10yrbands_y35_44,edu_isced97_x,2004,64.646
ecu,sex_f,age_10yrbands_y35_44,edu_isced97_x,2005,56.999
ecu,sex_f,age_10yrbands_y35_44,edu_isced97_x,2006,58.344
ecu,sex_f,age_10yrbands_y35_44,edu_isced97_x,2007,56.518
ecu,sex_f,age_10yrbands_y35_44,edu_isced97_x,2008,54.636
ecu,sex_f,age_10yrbands_y35_44,edu_isced97_x,2009,50.06
ecu,sex_f,age_10yrbands_y35_44,edu_isced97_x,2010,46.645
ecu,sex_f,age_10yrbands_y35_44,edu_isced97_x,2011,43.923
ecu,sex_f,age_10yrbands_y35_44,edu_isced97_x,2012,45.701
ecu,sex_f,age_10yrbands_y35_44,edu_isced97_x,2013,46.709
ecu,sex_f,age_10yrbands_y35_44,edu_isced97_x,2014,47.256
ecu,sex_f,age_10yrbands_y35_44,edu_isced97_x,2015,56.38
ecu,sex_f,age_10yrbands_y35_44,edu_isced97_x,2016,54.588
ecu,sex_f,age_10yrbands_y35_44,edu_isced97_x,2017,62.546
ecu,sex_f,age_10yrbands_y35_44,edu_isced97_x,2018,62.967
ecu,sex_f,age_10yrbands_y35_44,edu_isced97_x,2019,59.188
ecu,sex_f,age_10yrbands_y35_44,edu_isced97_x,2021,46.761
ecu,sex_f,age_10yrbands_y35_44,edu_isced97_x,2022,42.968
ecu,sex_f,age_10yrbands_y35_44,edu_isced97_x,2023,54.141
ecu,sex_f,age_10yrbands_y35_44,edu_isced97_x,2024,45.718
ecu,sex_f,age_10yrbands_y45_54,edu_aggregate_adv,2000,76.794
ecu,sex_f,age_10yrbands_y45_54,edu_aggregate_adv,2001,80.799
ecu,sex_f,age_10yrbands_y45_54,edu_aggregate_adv,2003,81.978
ecu,sex_f,age_10yrbands_y45_54,edu_aggregate_adv,2004,84.046
ecu,sex_f,age_10yrbands_y45_54,edu_aggregate_adv,2005,80.995
ecu,sex_f,age_10yrbands_y45_54,edu_aggregate_adv,2006,86.185
ecu,sex_f,age_10yrbands_y45_54,edu_aggregate_adv,2007,84.112
ecu,sex_f,age_10yrbands_y45_54,edu_aggregate_adv,2008,82.696
ecu,sex_f,age_10yrbands_y45_54,edu_aggregate_adv,2009,78.061
ecu,sex_f,age_10yrbands_y45_54,edu_aggregate_adv,2010,80.183
ecu,sex_f,age_10yrbands_y45_54,edu_aggregate_adv,2011,82.169
ecu,sex_f,age_10yrbands_y45_54,edu_aggregate_adv,2012,80.84
ecu,sex_f,age_10yrbands_y45_54,edu_aggregate_adv,2013,80.656
ecu,sex_f,age_10yrbands_y45_54,edu_aggregate_adv,2014,81.701
ecu,sex_f,age_10yrbands_y45_54,edu_aggregate_adv,2015,84.014
ecu,sex_f,age_10yrbands_y45_54,edu_aggregate_adv,2016,84.471
ecu,sex_f,age_10yrbands_y45_54,edu_aggregate_adv,2017,83.579
ecu,sex_f,age_10yrbands_y45_54,edu_aggregate_adv,2018,82.615
ecu,sex_f,age_10yrbands_y45_54,edu_aggregate_adv,2019,81.159
ecu,sex_f,age_10yrbands_y45_54,edu_aggregate_adv,2021,81.138
ecu,sex_f,age_10yrbands_y45_54,edu_aggregate_adv,2022,82.374
ecu,sex_f,age_10yrbands_y45_54,edu_aggregate_adv,2023,82.275
ecu,sex_f,age_10yrbands_y45_54,edu_aggregate_adv,2024,84.246
ecu,sex_f,age_10yrbands_y45_54,edu_aggregate_bas,2000,42.459
ecu,sex_f,age_10yrbands_y45_54,edu_aggregate_bas,2001,53.475
ecu,sex_f,age_10yrbands_y45_54,edu_aggregate_bas,2003,51.447
ecu,sex_f,age_10yrbands_y45_54,edu_aggregate_bas,2004,55.587
ecu,sex_f,age_10yrbands_y45_54,edu_aggregate_bas,2005,58.05
ecu,sex_f,age_10yrbands_y45_54,edu_aggregate_bas,2006,56.275
ecu,sex_f,age_10yrbands_y45_54,edu_aggregate_bas,2007,55.872
ecu,sex_f,age_10yrbands_y45_54,edu_aggregate_bas,2008,55.064
ecu,sex_f,age_10yrbands_y45_54,edu_aggregate_bas,2009,53.872
ecu,sex_f,age_10yrbands_y45_54,edu_aggregate_bas,2010,53.184
ecu,sex_f,age_10yrbands_y45_54,edu_aggregate_bas,2011,51.764
ecu,sex_f,age_10yrbands_y45_54,edu_aggregate_bas,2012,53.788
ecu,sex_f,age_10yrbands_y45_54,edu_aggregate_bas,2013,56.149
ecu,sex_f,age_10yrbands_y45_54,edu_aggregate_bas,2014,55.65
ecu,sex_f,age_10yrbands_y45_54,edu_aggregate_bas,2015,60.367
ecu,sex_f,age_10yrbands_y45_54,edu_aggregate_bas,2016,64.413
ecu,sex_f,age_10yrbands_y45_54,edu_aggregate_bas,2017,67.981
ecu,sex_f,age_10yrbands_y45_54,edu_aggregate_bas,2018,65.246
ecu,sex_f,age_10yrbands_y45_54,edu_aggregate_bas,2019,64.203
ecu,sex_f,age_10yrbands_y45_54,edu_aggregate_bas,2021,63.014
ecu,sex_f,age_10yrbands_y45_54,edu_aggregate_bas,2022,64.142
ecu,sex_f,age_10yrbands_y45_54,edu_aggregate_bas,2023,60.384
ecu,sex_f,age_10yrbands_y45_54,edu_aggregate_bas,2024,62.398
ecu,sex_f,age_10yrbands_y45_54,edu_aggregate_int,2000,51.078
ecu,sex_f,age_10yrbands_y45_54,edu_aggregate_int,2001,56.954
ecu,sex_f,age_10yrbands_y45_54,edu_aggregate_int,2003,73.565
ecu,sex_f,age_10yrbands_y45_54,edu_aggregate_int,2004,65.653
ecu,sex_f,age_10yrbands_y45_54,edu_aggregate_int,2005,58.462
ecu,sex_f,age_10yrbands_y45_54,edu_aggregate_int,2006,61.006
ecu,sex_f,age_10yrbands_y45_54,edu_aggregate_int,2007,68.097
ecu,sex_f,age_10yrbands_y45_54,edu_aggregate_int,2008,66.095
ecu,sex_f,age_10yrbands_y45_54,edu_aggregate_int,2009,59.736
ecu,sex_f,age_10yrbands_y45_54,edu_aggregate_int,2010,62.145
ecu,sex_f,age_10yrbands_y45_54,edu_aggregate_int,2011,60.013
ecu,sex_f,age_10yrbands_y45_54,edu_aggregate_int,2012,60.881
ecu,sex_f,age_10yrbands_y45_54,edu_aggregate_int,2013,62.815
ecu,sex_f,age_10yrbands_y45_54,edu_aggregate_int,2014,62.052
ecu,sex_f,age_10yrbands_y45_54,edu_aggregate_int,2015,61.072
ecu,sex_f,age_10yrbands_y45_54,edu_aggregate_int,2016,66.225
ecu,sex_f,age_10yrbands_y45_54,edu_aggregate_int,2017,65.946
ecu,sex_f,age_10yrbands_y45_54,edu_aggregate_int,2018,61.005
ecu,sex_f,age_10yrbands_y45_54,edu_aggregate_int,2019,64.919
ecu,sex_f,age_10yrbands_y45_54,edu_aggregate_int,2021,63.04
ecu,sex_f,age_10yrbands_y45_54,edu_aggregate_int,2022,66.567
ecu,sex_f,age_10yrbands_y45_54,edu_aggregate_int,2023,63.624
ecu,sex_f,age_10yrbands_y45_54,edu_aggregate_int,2024,62.332
ecu,sex_f,age_10yrbands_y45_54,edu_aggregate_ltb,2000,54.288
ecu,sex_f,age_10yrbands_y45_54,edu_aggregate_ltb,2001,64.199
ecu,sex_f,age_10yrbands_y45_54,edu_aggregate_ltb,2003,52.608
ecu,sex_f,age_10yrbands_y45_54,edu_aggregate_ltb,2004,61.014
ecu,sex_f,age_10yrbands_y45_54,edu_aggregate_ltb,2005,57.883
ecu,sex_f,age_10yrbands_y45_54,edu_aggregate_ltb,2006,62.265
ecu,sex_f,age_10yrbands_y45_54,edu_aggregate_ltb,2007,58.964
ecu,sex_f,age_10yrbands_y45_54,edu_aggregate_ltb,2008,56.63
ecu,sex_f,age_10yrbands_y45_54,edu_aggregate_ltb,2009,54.777
ecu,sex_f,age_10yrbands_y45_54,edu_aggregate_ltb,2010,53.669
ecu,sex_f,age_10yrbands_y45_54,edu_aggregate_ltb,2011,52.386
ecu,sex_f,age_10yrbands_y45_54,edu_aggregate_ltb,2012,54.661
ecu,sex_f,age_10yrbands_y45_54,edu_aggregate_ltb,2013,55.094
ecu,sex_f,age_10yrbands_y45_54,edu_aggregate_ltb,2014,53.973
ecu,sex_f,age_10yrbands_y45_54,edu_aggregate_ltb,2015,62.727
ecu,sex_f,age_10yrbands_y45_54,edu_aggregate_ltb,2016,66.746
ecu,sex_f,age_10yrbands_y45_54,edu_aggregate_ltb,2017,70.171
ecu,sex_f,age_10yrbands_y45_54,edu_aggregate_ltb,2018,66.311
ecu,sex_f,age_10yrbands_y45_54,edu_aggregate_ltb,2019,67.278
ecu,sex_f,age_10yrbands_y45_54,edu_aggregate_ltb,2021,65.305
ecu,sex_f,age_10yrbands_y45_54,edu_aggregate_ltb,2022,61.296
ecu,sex_f,age_10yrbands_y45_54,edu_aggregate_ltb,2023,62.785
ecu,sex_f,age_10yrbands_y45_54,edu_aggregate_ltb,2024,62.599
ecu,sex_f,age_10yrbands_y45_54,edu_aggregate_total,2000,50.376
ecu,sex_f,age_10yrbands_y45_54,edu_aggregate_total,2001,59.73
ecu,sex_f,age_10yrbands_y45_54,edu_aggregate_total,2003,56.034
ecu,sex_f,age_10yrbands_y45_54,edu_aggregate_total,2004,60.688
ecu,sex_f,age_10yrbands_y45_54,edu_aggregate_total,2005,61.24
ecu,sex_f,age_10yrbands_y45_54,edu_aggregate_total,2006,61.747
ecu,sex_f,age_10yrbands_y45_54,edu_aggregate_total,2007,62.882
ecu,sex_f,age_10yrbands_y45_54,edu_aggregate_total,2008,61.461
ecu,sex_f,age_10yrbands_y45_54,edu_aggregate_total,2009,58.77
ecu,sex_f,age_10yrbands_y45_54,edu_aggregate_total,2010,59.121
ecu,sex_f,age_10yrbands_y45_54,edu_aggregate_total,2011,58.307
ecu,sex_f,age_10yrbands_y45_54,edu_aggregate_total,2012,59.624
ecu,sex_f,age_10yrbands_y45_54,edu_aggregate_total,2013,61.309
ecu,sex_f,age_10yrbands_y45_54,edu_aggregate_total,2014,61.004
ecu,sex_f,age_10yrbands_y45_54,edu_aggregate_total,2015,64.646
ecu,sex_f,age_10yrbands_y45_54,edu_aggregate_total,2016,68.429
ecu,sex_f,age_10yrbands_y45_54,edu_aggregate_total,2017,70.317
ecu,sex_f,age_10yrbands_y45_54,edu_aggregate_total,2018,67.057
ecu,sex_f,age_10yrbands_y45_54,edu_aggregate_total,2019,67.408
ecu,sex_f,age_10yrbands_y45_54,edu_aggregate_total,2021,66.021
ecu,sex_f,age_10yrbands_y45_54,edu_aggregate_total,2022,67.014
ecu,sex_f,age_10yrbands_y45_54,edu_aggregate_total,2023,64.579
ecu,sex_f,age_10yrbands_y45_54,edu_aggregate_total,2024,65.147
ecu,sex_f,age_10yrbands_y45_54,edu_aggregate_x,2016,67.986
ecu,sex_f,age_10yrbands_y45_54,edu_aggregate_x,2017,89.854
ecu,sex_f,age_10yrbands_y45_54,edu_aggregate_x,2018,88.73
ecu,sex_f,age_10yrbands_y45_54,edu_aggregate_x,2019,56.072
ecu,sex_f,age_10yrbands_y45_54,edu_aggregate_x,2021,91.374
ecu,sex_f,age_10yrbands_y45_54,edu_aggregate_x,2023,100
ecu,sex_f,age_10yrbands_y45_54,edu_isced97_0,2000,44.86
ecu,sex_f,age_10yrbands_y45_54,edu_isced97_0,2001,64.448
ecu,sex_f,age_10yrbands_y45_54,edu_isced97_0,2003,51.104
ecu,sex_f,age_10yrbands_y45_54,edu_isced97_0,2004,58.024
ecu,sex_f,age_10yrbands_y45_54,edu_isced97_0,2005,60.583
ecu,sex_f,age_10yrbands_y45_54,edu_isced97_0,2006,58.493
ecu,sex_f,age_10yrbands_y45_54,edu_isced97_0,2007,60.347
ecu,sex_f,age_10yrbands_y45_54,edu_isced97_0,2008,55.994
ecu,sex_f,age_10yrbands_y45_54,edu_isced97_0,2009,53.871
ecu,sex_f,age_10yrbands_y45_54,edu_isced97_0,2010,52.566
ecu,sex_f,age_10yrbands_y45_54,edu_isced97_0,2011,52.455
ecu,sex_f,age_10yrbands_y45_54,edu_isced97_0,2012,54.341
ecu,sex_f,age_10yrbands_y45_54,edu_isced97_0,2013,55.524
ecu,sex_f,age_10yrbands_y45_54,edu_isced97_0,2014,55.169
ecu,sex_f,age_10yrbands_y45_54,edu_isced97_0,2015,63.592
ecu,sex_f,age_10yrbands_y45_54,edu_isced97_0,2016,68.471
ecu,sex_f,age_10yrbands_y45_54,edu_isced97_0,2017,72.678
ecu,sex_f,age_10yrbands_y45_54,edu_isced97_0,2018,67.588
ecu,sex_f,age_10yrbands_y45_54,edu_isced97_0,2019,67.527
ecu,sex_f,age_10yrbands_y45_54,edu_isced97_0,2021,67.47
ecu,sex_f,age_10yrbands_y45_54,edu_isced97_0,2022,61.881
ecu,sex_f,age_10yrbands_y45_54,edu_isced97_0,2023,62.462
ecu,sex_f,age_10yrbands_y45_54,edu_isced97_0,2024,62.852
ecu,sex_f,age_10yrbands_y45_54,edu_isced97_1,2000,39.243
ecu,sex_f,age_10yrbands_y45_54,edu_isced97_1,2001,53.927
ecu,sex_f,age_10yrbands_y45_54,edu_isced97_1,2003,47.894
ecu,sex_f,age_10yrbands_y45_54,edu_isced97_1,2004,55.099
ecu,sex_f,age_10yrbands_y45_54,edu_isced97_1,2005,57.116
ecu,sex_f,age_10yrbands_y45_54,edu_isced97_1,2006,54.416
ecu,sex_f,age_10yrbands_y45_54,edu_isced97_1,2007,55.219
ecu,sex_f,age_10yrbands_y45_54,edu_isced97_1,2008,54.049
ecu,sex_f,age_10yrbands_y45_54,edu_isced97_1,2009,52.476
ecu,sex_f,age_10yrbands_y45_54,edu_isced97_1,2010,51.946
ecu,sex_f,age_10yrbands_y45_54,edu_isced97_1,2011,49.992
ecu,sex_f,age_10yrbands_y45_54,edu_isced97_1,2012,52.909
ecu,sex_f,age_10yrbands_y45_54,edu_isced97_1,2013,56.876
ecu,sex_f,age_10yrbands_y45_54,edu_isced97_1,2014,54.743
ecu,sex_f,age_10yrbands_y45_54,edu_isced97_1,2015,60.575
ecu,sex_f,age_10yrbands_y45_54,edu_isced97_1,2016,65.447
ecu,sex_f,age_10yrbands_y45_54,edu_isced97_1,2017,68.794
ecu,sex_f,age_10yrbands_y45_54,edu_isced97_1,2018,65.174
ecu,sex_f,age_10yrbands_y45_54,edu_isced97_1,2019,65.021
ecu,sex_f,age_10yrbands_y45_54,edu_isced97_1,2021,63.883
ecu,sex_f,age_10yrbands_y45_54,edu_isced97_1,2022,64.228
ecu,sex_f,age_10yrbands_y45_54,edu_isced97_1,2023,60.554
ecu,sex_f,age_10yrbands_y45_54,edu_isced97_1,2024,62.602
ecu,sex_f,age_10yrbands_y45_54,edu_isced97_2,2000,43.892
ecu,sex_f,age_10yrbands_y45_54,edu_isced97_2,2001,53.29
ecu,sex_f,age_10yrbands_y45_54,edu_isced97_2,2003,58.748
ecu,sex_f,age_10yrbands_y45_54,edu_isced97_2,2004,56.56
ecu,sex_f,age_10yrbands_y45_54,edu_isced97_2,2005,59.739
ecu,sex_f,age_10yrbands_y45_54,edu_isced97_2,2006,59.734
ecu,sex_f,age_10yrbands_y45_54,edu_isced97_2,2007,58.226
ecu,sex_f,age_10yrbands_y45_54,edu_isced97_2,2008,58.335
ecu,sex_f,age_10yrbands_y45_54,edu_isced97_2,2009,58.802
ecu,sex_f,age_10yrbands_y45_54,edu_isced97_2,2010,56.743
ecu,sex_f,age_10yrbands_y45_54,edu_isced97_2,2011,57.345
ecu,sex_f,age_10yrbands_y45_54,edu_isced97_2,2012,56.106
ecu,sex_f,age_10yrbands_y45_54,edu_isced97_2,2013,53.868
ecu,sex_f,age_10yrbands_y45_54,edu_isced97_2,2014,58.665
ecu,sex_f,age_10yrbands_y45_54,edu_isced97_2,2015,59.73
ecu,sex_f,age_10yrbands_y45_54,edu_isced97_2,2016,61.269
ecu,sex_f,age_10yrbands_y45_54,edu_isced97_2,2017,65.518
ecu,sex_f,age_10yrbands_y45_54,edu_isced97_2,2018,65.482
ecu,sex_f,age_10yrbands_y45_54,edu_isced97_2,2019,61.485
ecu,sex_f,age_10yrbands_y45_54,edu_isced97_2,2021,60.175
ecu,sex_f,age_10yrbands_y45_54,edu_isced97_2,2022,63.84
ecu,sex_f,age_10yrbands_y45_54,edu_isced97_2,2023,59.786
ecu,sex_f,age_10yrbands_y45_54,edu_isced97_2,2024,61.63
ecu,sex_f,age_10yrbands_y45_54,edu_isced97_3,2000,51.078
ecu,sex_f,age_10yrbands_y45_54,edu_isced97_3,2001,56.954
ecu,sex_f,age_10yrbands_y45_54,edu_isced97_3,2003,71.956
ecu,sex_f,age_10yrbands_y45_54,edu_isced97_3,2004,61.059
ecu,sex_f,age_10yrbands_y45_54,edu_isced97_3,2005,56.308
ecu,sex_f,age_10yrbands_y45_54,edu_isced97_3,2006,58.323
ecu,sex_f,age_10yrbands_y45_54,edu_isced97_3,2007,67.497
ecu,sex_f,age_10yrbands_y45_54,edu_isced97_3,2008,66.302
ecu,sex_f,age_10yrbands_y45_54,edu_isced97_3,2009,59.421
ecu,sex_f,age_10yrbands_y45_54,edu_isced97_3,2010,61.906
ecu,sex_f,age_10yrbands_y45_54,edu_isced97_3,2011,59.845
ecu,sex_f,age_10yrbands_y45_54,edu_isced97_3,2012,60.743
ecu,sex_f,age_10yrbands_y45_54,edu_isced97_3,2013,62.216
ecu,sex_f,age_10yrbands_y45_54,edu_isced97_3,2014,61.789
ecu,sex_f,age_10yrbands_y45_54,edu_isced97_3,2015,60.596
ecu,sex_f,age_10yrbands_y45_54,edu_isced97_3,2016,65.814
ecu,sex_f,age_10yrbands_y45_54,edu_isced97_3,2017,65.568
ecu,sex_f,age_10yrbands_y45_54,edu_isced97_3,2018,60.39
ecu,sex_f,age_10yrbands_y45_54,edu_isced97_3,2019,64.322
ecu,sex_f,age_10yrbands_y45_54,edu_isced97_3,2021,62.245
ecu,sex_f,age_10yrbands_y45_54,edu_isced97_3,2022,65.751
ecu,sex_f,age_10yrbands_y45_54,edu_isced97_3,2023,62.753
ecu,sex_f,age_10yrbands_y45_54,edu_isced97_3,2024,61.947
ecu,sex_f,age_10yrbands_y45_54,edu_isced97_4,2003,80.415
ecu,sex_f,age_10yrbands_y45_54,edu_isced97_4,2004,89.765
ecu,sex_f,age_10yrbands_y45_54,edu_isced97_4,2005,72.115
ecu,sex_f,age_10yrbands_y45_54,edu_isced97_4,2006,79.362
ecu,sex_f,age_10yrbands_y45_54,edu_isced97_4,2007,100
ecu,sex_f,age_10yrbands_y45_54,edu_isced97_4,2008,55.463
ecu,sex_f,age_10yrbands_y45_54,edu_isced97_4,2009,100
ecu,sex_f,age_10yrbands_y45_54,edu_isced97_4,2010,70.719
ecu,sex_f,age_10yrbands_y45_54,edu_isced97_4,2011,67.519
ecu,sex_f,age_10yrbands_y45_54,edu_isced97_4,2012,65.719
ecu,sex_f,age_10yrbands_y45_54,edu_isced97_4,2013,88.099
ecu,sex_f,age_10yrbands_y45_54,edu_isced97_4,2014,75.02
ecu,sex_f,age_10yrbands_y45_54,edu_isced97_4,2015,77.848
ecu,sex_f,age_10yrbands_y45_54,edu_isced97_4,2016,80.767
ecu,sex_f,age_10yrbands_y45_54,edu_isced97_4,2017,77.12
ecu,sex_f,age_10yrbands_y45_54,edu_isced97_4,2018,76.735
ecu,sex_f,age_10yrbands_y45_54,edu_isced97_4,2019,81.248
ecu,sex_f,age_10yrbands_y45_54,edu_isced97_4,2021,76.739
ecu,sex_f,age_10yrbands_y45_54,edu_isced97_4,2022,81.704
ecu,sex_f,age_10yrbands_y45_54,edu_isced97_4,2023,79.878
ecu,sex_f,age_10yrbands_y45_54,edu_isced97_4,2024,69.196
ecu,sex_f,age_10yrbands_y45_54,edu_isced97_5,2000,76.794
ecu,sex_f,age_10yrbands_y45_54,edu_isced97_5,2001,80.38
ecu,sex_f,age_10yrbands_y45_54,edu_isced97_5,2003,81.876
ecu,sex_f,age_10yrbands_y45_54,edu_isced97_5,2004,83.548
ecu,sex_f,age_10yrbands_y45_54,edu_isced97_5,2005,79.958
ecu,sex_f,age_10yrbands_y45_54,edu_isced97_5,2006,86.006
ecu,sex_f,age_10yrbands_y45_54,edu_isced97_5,2007,83.041
ecu,sex_f,age_10yrbands_y45_54,edu_isced97_5,2008,81.533
ecu,sex_f,age_10yrbands_y45_54,edu_isced97_5,2009,77.284
ecu,sex_f,age_10yrbands_y45_54,edu_isced97_5,2010,78.652
ecu,sex_f,age_10yrbands_y45_54,edu_isced97_5,2011,81.625
ecu,sex_f,age_10yrbands_y45_54,edu_isced97_5,2012,79.628
ecu,sex_f,age_10yrbands_y45_54,edu_isced97_5,2013,79.695
ecu,sex_f,age_10yrbands_y45_54,edu_isced97_5,2014,80.574
ecu,sex_f,age_10yrbands_y45_54,edu_isced97_5,2015,82.806
ecu,sex_f,age_10yrbands_y45_54,edu_isced97_5,2016,82.621
ecu,sex_f,age_10yrbands_y45_54,edu_isced97_5,2017,81.929
ecu,sex_f,age_10yrbands_y45_54,edu_isced97_5,2018,80.599
ecu,sex_f,age_10yrbands_y45_54,edu_isced97_5,2019,79.254
ecu,sex_f,age_10yrbands_y45_54,edu_isced97_5,2021,78.773
ecu,sex_f,age_10yrbands_y45_54,edu_isced97_5,2022,80.126
ecu,sex_f,age_10yrbands_y45_54,edu_isced97_5,2023,79.775
ecu,sex_f,age_10yrbands_y45_54,edu_isced97_5,2024,81.605
ecu,sex_f,age_10yrbands_y45_54,edu_isced97_6,2001,93.405
ecu,sex_f,age_10yrbands_y45_54,edu_isced97_6,2003,83.563
ecu,sex_f,age_10yrbands_y45_54,edu_isced97_6,2004,92.433
ecu,sex_f,age_10yrbands_y45_54,edu_isced97_6,2005,100
ecu,sex_f,age_10yrbands_y45_54,edu_isced97_6,2006,88.831
ecu,sex_f,age_10yrbands_y45_54,edu_isced97_6,2007,100
ecu,sex_f,age_10yrbands_y45_54,edu_isced97_6,2008,94.553
ecu,sex_f,age_10yrbands_y45_54,edu_isced97_6,2009,86.879
ecu,sex_f,age_10yrbands_y45_54,edu_isced97_6,2010,95.752
ecu,sex_f,age_10yrbands_y45_54,edu_isced97_6,2011,90.242
ecu,sex_f,age_10yrbands_y45_54,edu_isced97_6,2012,100
ecu,sex_f,age_10yrbands_y45_54,edu_isced97_6,2013,93.113
ecu,sex_f,age_10yrbands_y45_54,edu_isced97_6,2014,93.376
ecu,sex_f,age_10yrbands_y45_54,edu_isced97_6,2015,95.783
ecu,sex_f,age_10yrbands_y45_54,edu_isced97_6,2016,95.724
ecu,sex_f,age_10yrbands_y45_54,edu_isced97_6,2017,96.021
ecu,sex_f,age_10yrbands_y45_54,edu_isced97_6,2018,97.011
ecu,sex_f,age_10yrbands_y45_54,edu_isced97_6,2019,94.235
ecu,sex_f,age_10yrbands_y45_54,edu_isced97_6,2021,95.083
ecu,sex_f,age_10yrbands_y45_54,edu_isced97_6,2022,94.974
ecu,sex_f,age_10yrbands_y45_54,edu_isced97_6,2023,93.82
ecu,sex_f,age_10yrbands_y45_54,edu_isced97_6,2024,94.863
ecu,sex_f,age_10yrbands_y45_54,edu_isced97_total,2000,50.376
ecu,sex_f,age_10yrbands_y45_54,edu_isced97_total,2001,59.73
ecu,sex_f,age_10yrbands_y45_54,edu_isced97_total,2003,56.034
ecu,sex_f,age_10yrbands_y45_54,edu_isced97_total,2004,60.688
ecu,sex_f,age_10yrbands_y45_54,edu_isced97_total,2005,61.24
ecu,sex_f,age_10yrbands_y45_54,edu_isced97_total,2006,61.747
ecu,sex_f,age_10yrbands_y45_54,edu_isced97_total,2007,62.882
ecu,sex_f,age_10yrbands_y45_54,edu_isced97_total,2008,61.461
ecu,sex_f,age_10yrbands_y45_54,edu_isced97_total,2009,58.77
ecu,sex_f,age_10yrbands_y45_54,edu_isced97_total,2010,59.121
ecu,sex_f,age_10yrbands_y45_54,edu_isced97_total,2011,58.307
ecu,sex_f,age_10yrbands_y45_54,edu_isced97_total,2012,59.624
ecu,sex_f,age_10yrbands_y45_54,edu_isced97_total,2013,61.309
ecu,sex_f,age_10yrbands_y45_54,edu_isced97_total,2014,61.004
ecu,sex_f,age_10yrbands_y45_54,edu_isced97_total,2015,64.646
ecu,sex_f,age_10yrbands_y45_54,edu_isced97_total,2016,68.429
ecu,sex_f,age_10yrbands_y45_54,edu_isced97_total,2017,70.317
ecu,sex_f,age_10yrbands_y45_54,edu_isced97_total,2018,67.057
ecu,sex_f,age_10yrbands_y45_54,edu_isced97_total,2019,67.408
ecu,sex_f,age_10yrbands_y45_54,edu_isced97_total,2021,66.021
ecu,sex_f,age_10yrbands_y45_54,edu_isced97_total,2022,67.014
ecu,sex_f,age_10yrbands_y45_54,edu_isced97_total,2023,64.579
ecu,sex_f,age_10yrbands_y45_54,edu_isced97_total,2024,65.147
ecu,sex_f,age_10yrbands_y45_54,edu_isced97_unk,2016,67.986
ecu,sex_f,age_10yrbands_y45_54,edu_isced97_unk,2017,89.854
ecu,sex_f,age_10yrbands_y45_54,edu_isced97_unk,2018,88.73
ecu,sex_f,age_10yrbands_y45_54,edu_isced97_unk,2019,56.072
ecu,sex_f,age_10yrbands_y45_54,edu_isced97_unk,2021,91.374
ecu,sex_f,age_10yrbands_y45_54,edu_isced97_unk,2023,100
ecu,sex_f,age_10yrbands_y45_54,edu_isced97_x,2000,57.519
ecu,sex_f,age_10yrbands_y45_54,edu_isced97_x,2001,64.031
ecu,sex_f,age_10yrbands_y45_54,edu_isced97_x,2003,53.54
ecu,sex_f,age_10yrbands_y45_54,edu_isced97_x,2004,62.923
ecu,sex_f,age_10yrbands_y45_54,edu_isced97_x,2005,56.187
ecu,sex_f,age_10yrbands_y45_54,edu_isced97_x,2006,64.5
ecu,sex_f,age_10yrbands_y45_54,edu_isced97_x,2007,56.092
ecu,sex_f,age_10yrbands_y45_54,edu_isced97_x,2008,58.003
ecu,sex_f,age_10yrbands_y45_54,edu_isced97_x,2009,56.915
ecu,sex_f,age_10yrbands_y45_54,edu_isced97_x,2010,56.604
ecu,sex_f,age_10yrbands_y45_54,edu_isced97_x,2011,52.221
ecu,sex_f,age_10yrbands_y45_54,edu_isced97_x,2012,55.461
ecu,sex_f,age_10yrbands_y45_54,edu_isced97_x,2013,53.991
ecu,sex_f,age_10yrbands_y45_54,edu_isced97_x,2014,50.806
ecu,sex_f,age_10yrbands_y45_54,edu_isced97_x,2015,60.608
ecu,sex_f,age_10yrbands_y45_54,edu_isced97_x,2016,62.36
ecu,sex_f,age_10yrbands_y45_54,edu_isced97_x,2017,63.802
ecu,sex_f,age_10yrbands_y45_54,edu_isced97_x,2018,62.943
ecu,sex_f,age_10yrbands_y45_54,edu_isced97_x,2019,66.646
ecu,sex_f,age_10yrbands_y45_54,edu_isced97_x,2021,59.23
ecu,sex_f,age_10yrbands_y45_54,edu_isced97_x,2022,59.754
ecu,sex_f,age_10yrbands_y45_54,edu_isced97_x,2023,63.559
ecu,sex_f,age_10yrbands_y45_54,edu_isced97_x,2024,61.885
ecu,sex_f,age_10yrbands_y55_64,edu_aggregate_adv,2000,54.604
ecu,sex_f,age_10yrbands_y55_64,edu_aggregate_adv,2001,70.618
ecu,sex_f,age_10yrbands_y55_64,edu_aggregate_adv,2003,69.525
ecu,sex_f,age_10yrbands_y55_64,edu_aggregate_adv,2004,75
ecu,sex_f,age_10yrbands_y55_64,edu_aggregate_adv,2005,73.623
ecu,sex_f,age_10yrbands_y55_64,edu_aggregate_adv,2006,78.484
ecu,sex_f,age_10yrbands_y55_64,edu_aggregate_adv,2007,67.106
ecu,sex_f,age_10yrbands_y55_64,edu_aggregate_adv,2008,79.482
ecu,sex_f,age_10yrbands_y55_64,edu_aggregate_adv,2009,78.629
ecu,sex_f,age_10yrbands_y55_64,edu_aggregate_adv,2010,71.821
ecu,sex_f,age_10yrbands_y55_64,edu_aggregate_adv,2011,72.805
ecu,sex_f,age_10yrbands_y55_64,edu_aggregate_adv,2012,73.738
ecu,sex_f,age_10yrbands_y55_64,edu_aggregate_adv,2013,73.56
ecu,sex_f,age_10yrbands_y55_64,edu_aggregate_adv,2014,66.037
ecu,sex_f,age_10yrbands_y55_64,edu_aggregate_adv,2015,68.606
ecu,sex_f,age_10yrbands_y55_64,edu_aggregate_adv,2016,69.24
ecu,sex_f,age_10yrbands_y55_64,edu_aggregate_adv,2017,65.905
ecu,sex_f,age_10yrbands_y55_64,edu_aggregate_adv,2018,65.646
ecu,sex_f,age_10yrbands_y55_64,edu_aggregate_adv,2019,66.035
ecu,sex_f,age_10yrbands_y55_64,edu_aggregate_adv,2021,58.324
ecu,sex_f,age_10yrbands_y55_64,edu_aggregate_adv,2022,62.049
ecu,sex_f,age_10yrbands_y55_64,edu_aggregate_adv,2023,64.611
ecu,sex_f,age_10yrbands_y55_64,edu_aggregate_adv,2024,61.618
ecu,sex_f,age_10yrbands_y55_64,edu_aggregate_bas,2000,35.375
ecu,sex_f,age_10yrbands_y55_64,edu_aggregate_bas,2001,46.747
ecu,sex_f,age_10yrbands_y55_64,edu_aggregate_bas,2003,38.456
ecu,sex_f,age_10yrbands_y55_64,edu_aggregate_bas,2004,43.745
ecu,sex_f,age_10yrbands_y55_64,edu_aggregate_bas,2005,43.368
ecu,sex_f,age_10yrbands_y55_64,edu_aggregate_bas,2006,47.284
ecu,sex_f,age_10yrbands_y55_64,edu_aggregate_bas,2007,46.434
ecu,sex_f,age_10yrbands_y55_64,edu_aggregate_bas,2008,45.68
ecu,sex_f,age_10yrbands_y55_64,edu_aggregate_bas,2009,47.012
ecu,sex_f,age_10yrbands_y55_64,edu_aggregate_bas,2010,43.271
ecu,sex_f,age_10yrbands_y55_64,edu_aggregate_bas,2011,44.382
ecu,sex_f,age_10yrbands_y55_64,edu_aggregate_bas,2012,44.408
ecu,sex_f,age_10yrbands_y55_64,edu_aggregate_bas,2013,48.217
ecu,sex_f,age_10yrbands_y55_64,edu_aggregate_bas,2014,44.519
ecu,sex_f,age_10yrbands_y55_64,edu_aggregate_bas,2015,50.284
ecu,sex_f,age_10yrbands_y55_64,edu_aggregate_bas,2016,57.062
ecu,sex_f,age_10yrbands_y55_64,edu_aggregate_bas,2017,56.873
ecu,sex_f,age_10yrbands_y55_64,edu_aggregate_bas,2018,55.785
ecu,sex_f,age_10yrbands_y55_64,edu_aggregate_bas,2019,56.877
ecu,sex_f,age_10yrbands_y55_64,edu_aggregate_bas,2021,53.016
ecu,sex_f,age_10yrbands_y55_64,edu_aggregate_bas,2022,56.381
ecu,sex_f,age_10yrbands_y55_64,edu_aggregate_bas,2023,50.832
ecu,sex_f,age_10yrbands_y55_64,edu_aggregate_bas,2024,54.795
ecu,sex_f,age_10yrbands_y55_64,edu_aggregate_int,2000,29.759
ecu,sex_f,age_10yrbands_y55_64,edu_aggregate_int,2001,36.586
ecu,sex_f,age_10yrbands_y55_64,edu_aggregate_int,2003,43.006
ecu,sex_f,age_10yrbands_y55_64,edu_aggregate_int,2004,70.488
ecu,sex_f,age_10yrbands_y55_64,edu_aggregate_int,2005,75.121
ecu,sex_f,age_10yrbands_y55_64,edu_aggregate_int,2006,74.704
ecu,sex_f,age_10yrbands_y55_64,edu_aggregate_int,2007,53.841
ecu,sex_f,age_10yrbands_y55_64,edu_aggregate_int,2008,48.114
ecu,sex_f,age_10yrbands_y55_64,edu_aggregate_int,2009,52.858
ecu,sex_f,age_10yrbands_y55_64,edu_aggregate_int,2010,46.525
ecu,sex_f,age_10yrbands_y55_64,edu_aggregate_int,2011,45.519
ecu,sex_f,age_10yrbands_y55_64,edu_aggregate_int,2012,47.936
ecu,sex_f,age_10yrbands_y55_64,edu_aggregate_int,2013,47.91
ecu,sex_f,age_10yrbands_y55_64,edu_aggregate_int,2014,48.951
ecu,sex_f,age_10yrbands_y55_64,edu_aggregate_int,2015,48.967
ecu,sex_f,age_10yrbands_y55_64,edu_aggregate_int,2016,49.289
ecu,sex_f,age_10yrbands_y55_64,edu_aggregate_int,2017,51.39
ecu,sex_f,age_10yrbands_y55_64,edu_aggregate_int,2018,52.803
ecu,sex_f,age_10yrbands_y55_64,edu_aggregate_int,2019,49.9
ecu,sex_f,age_10yrbands_y55_64,edu_aggregate_int,2021,48.978
ecu,sex_f,age_10yrbands_y55_64,edu_aggregate_int,2022,52.009
ecu,sex_f,age_10yrbands_y55_64,edu_aggregate_int,2023,49.028
ecu,sex_f,age_10yrbands_y55_64,edu_aggregate_int,2024,48.082
ecu,sex_f,age_10yrbands_y55_64,edu_aggregate_ltb,2000,41.23
ecu,sex_f,age_10yrbands_y55_64,edu_aggregate_ltb,2001,61.325
ecu,sex_f,age_10yrbands_y55_64,edu_aggregate_ltb,2003,47.68
ecu,sex_f,age_10yrbands_y55_64,edu_aggregate_ltb,2004,54.364
ecu,sex_f,age_10yrbands_y55_64,edu_aggregate_ltb,2005,53.858
ecu,sex_f,age_10yrbands_y55_64,edu_aggregate_ltb,2006,50.868
ecu,sex_f,age_10yrbands_y55_64,edu_aggregate_ltb,2007,46.681
ecu,sex_f,age_10yrbands_y55_64,edu_aggregate_ltb,2008,48.319
ecu,sex_f,age_10yrbands_y55_64,edu_aggregate_ltb,2009,52.107
ecu,sex_f,age_10yrbands_y55_64,edu_aggregate_ltb,2010,48.378
ecu,sex_f,age_10yrbands_y55_64,edu_aggregate_ltb,2011,47.996
ecu,sex_f,age_10yrbands_y55_64,edu_aggregate_ltb,2012,47.485
ecu,sex_f,age_10yrbands_y55_64,edu_aggregate_ltb,2013,50.017
ecu,sex_f,age_10yrbands_y55_64,edu_aggregate_ltb,2014,49.408
ecu,sex_f,age_10yrbands_y55_64,edu_aggregate_ltb,2015,56.618
ecu,sex_f,age_10yrbands_y55_64,edu_aggregate_ltb,2016,59.142
ecu,sex_f,age_10yrbands_y55_64,edu_aggregate_ltb,2017,62.17
ecu,sex_f,age_10yrbands_y55_64,edu_aggregate_ltb,2018,61.42
ecu,sex_f,age_10yrbands_y55_64,edu_aggregate_ltb,2019,63.079
ecu,sex_f,age_10yrbands_y55_64,edu_aggregate_ltb,2021,55.05
ecu,sex_f,age_10yrbands_y55_64,edu_aggregate_ltb,2022,58.249
ecu,sex_f,age_10yrbands_y55_64,edu_aggregate_ltb,2023,60.821
ecu,sex_f,age_10yrbands_y55_64,edu_aggregate_ltb,2024,56.963
ecu,sex_f,age_10yrbands_y55_64,edu_aggregate_total,2000,37.172
ecu,sex_f,age_10yrbands_y55_64,edu_aggregate_total,2001,50.785
ecu,sex_f,age_10yrbands_y55_64,edu_aggregate_total,2003,43.175
ecu,sex_f,age_10yrbands_y55_64,edu_aggregate_total,2004,49.117
ecu,sex_f,age_10yrbands_y55_64,edu_aggregate_total,2005,48.946
ecu,sex_f,age_10yrbands_y55_64,edu_aggregate_total,2006,50.909
ecu,sex_f,age_10yrbands_y55_64,edu_aggregate_total,2007,49.231
ecu,sex_f,age_10yrbands_y55_64,edu_aggregate_total,2008,50.041
ecu,sex_f,age_10yrbands_y55_64,edu_aggregate_total,2009,52.994
ecu,sex_f,age_10yrbands_y55_64,edu_aggregate_total,2010,48.688
ecu,sex_f,age_10yrbands_y55_64,edu_aggregate_total,2011,48.848
ecu,sex_f,age_10yrbands_y55_64,edu_aggregate_total,2012,49.264
ecu,sex_f,age_10yrbands_y55_64,edu_aggregate_total,2013,51.713
ecu,sex_f,age_10yrbands_y55_64,edu_aggregate_total,2014,49.449
ecu,sex_f,age_10yrbands_y55_64,edu_aggregate_total,2015,54.195
ecu,sex_f,age_10yrbands_y55_64,edu_aggregate_total,2016,57.906
ecu,sex_f,age_10yrbands_y55_64,edu_aggregate_total,2017,58.707
ecu,sex_f,age_10yrbands_y55_64,edu_aggregate_total,2018,58.084
ecu,sex_f,age_10yrbands_y55_64,edu_aggregate_total,2019,58.411
ecu,sex_f,age_10yrbands_y55_64,edu_aggregate_total,2021,53.489
ecu,sex_f,age_10yrbands_y55_64,edu_aggregate_total,2022,56.725
ecu,sex_f,age_10yrbands_y55_64,edu_aggregate_total,2023,54.686
ecu,sex_f,age_10yrbands_y55_64,edu_aggregate_total,2024,54.71
ecu,sex_f,age_10yrbands_y55_64,edu_aggregate_x,2016,63.315
ecu,sex_f,age_10yrbands_y55_64,edu_aggregate_x,2017,82.357
ecu,sex_f,age_10yrbands_y55_64,edu_aggregate_x,2018,68.363
ecu,sex_f,age_10yrbands_y55_64,edu_aggregate_x,2019,50.502
ecu,sex_f,age_10yrbands_y55_64,edu_aggregate_x,2021,86.564
ecu,sex_f,age_10yrbands_y55_64,edu_aggregate_x,2022,81.94
ecu,sex_f,age_10yrbands_y55_64,edu_aggregate_x,2023,78.889
ecu,sex_f,age_10yrbands_y55_64,edu_isced97_0,2000,32.024
ecu,sex_f,age_10yrbands_y55_64,edu_isced97_0,2001,56.144
ecu,sex_f,age_10yrbands_y55_64,edu_isced97_0,2003,43.858
ecu,sex_f,age_10yrbands_y55_64,edu_isced97_0,2004,51.385
ecu,sex_f,age_10yrbands_y55_64,edu_isced97_0,2005,55.782
ecu,sex_f,age_10yrbands_y55_64,edu_isced97_0,2006,51.363
ecu,sex_f,age_10yrbands_y55_64,edu_isced97_0,2007,46.259
ecu,sex_f,age_10yrbands_y55_64,edu_isced97_0,2008,48.033
ecu,sex_f,age_10yrbands_y55_64,edu_isced97_0,2009,50.701
ecu,sex_f,age_10yrbands_y55_64,edu_isced97_0,2010,48.778
ecu,sex_f,age_10yrbands_y55_64,edu_isced97_0,2011,47.705
ecu,sex_f,age_10yrbands_y55_64,edu_isced97_0,2012,46.609
ecu,sex_f,age_10yrbands_y55_64,edu_isced97_0,2013,50.992
ecu,sex_f,age_10yrbands_y55_64,edu_isced97_0,2014,48.548
ecu,sex_f,age_10yrbands_y55_64,edu_isced97_0,2015,56.715
ecu,sex_f,age_10yrbands_y55_64,edu_isced97_0,2016,58.556
ecu,sex_f,age_10yrbands_y55_64,edu_isced97_0,2017,60.38
ecu,sex_f,age_10yrbands_y55_64,edu_isced97_0,2018,59.586
ecu,sex_f,age_10yrbands_y55_64,edu_isced97_0,2019,61.538
ecu,sex_f,age_10yrbands_y55_64,edu_isced97_0,2021,55.894
ecu,sex_f,age_10yrbands_y55_64,edu_isced97_0,2022,57.449
ecu,sex_f,age_10yrbands_y55_64,edu_isced97_0,2023,59.944
ecu,sex_f,age_10yrbands_y55_64,edu_isced97_0,2024,53.2
ecu,sex_f,age_10yrbands_y55_64,edu_isced97_1,2000,38.456
ecu,sex_f,age_10yrbands_y55_64,edu_isced97_1,2001,53.672
ecu,sex_f,age_10yrbands_y55_64,edu_isced97_1,2003,39.449
ecu,sex_f,age_10yrbands_y55_64,edu_isced97_1,2004,45.043
ecu,sex_f,age_10yrbands_y55_64,edu_isced97_1,2005,42.084
ecu,sex_f,age_10yrbands_y55_64,edu_isced97_1,2006,47.157
ecu,sex_f,age_10yrbands_y55_64,edu_isced97_1,2007,46.173
ecu,sex_f,age_10yrbands_y55_64,edu_isced97_1,2008,45.033
ecu,sex_f,age_10yrbands_y55_64,edu_isced97_1,2009,47.895
ecu,sex_f,age_10yrbands_y55_64,edu_isced97_1,2010,43.301
ecu,sex_f,age_10yrbands_y55_64,edu_isced97_1,2011,43.394
ecu,sex_f,age_10yrbands_y55_64,edu_isced97_1,2012,44.315
ecu,sex_f,age_10yrbands_y55_64,edu_isced97_1,2013,47.79
ecu,sex_f,age_10yrbands_y55_64,edu_isced97_1,2014,44.666
ecu,sex_f,age_10yrbands_y55_64,edu_isced97_1,2015,49.565
ecu,sex_f,age_10yrbands_y55_64,edu_isced97_1,2016,57.889
ecu,sex_f,age_10yrbands_y55_64,edu_isced97_1,2017,57.096
ecu,sex_f,age_10yrbands_y55_64,edu_isced97_1,2018,56.286
ecu,sex_f,age_10yrbands_y55_64,edu_isced97_1,2019,56.437
ecu,sex_f,age_10yrbands_y55_64,edu_isced97_1,2021,52.98
ecu,sex_f,age_10yrbands_y55_64,edu_isced97_1,2022,56.371
ecu,sex_f,age_10yrbands_y55_64,edu_isced97_1,2023,51.141
ecu,sex_f,age_10yrbands_y55_64,edu_isced97_1,2024,55.236
ecu,sex_f,age_10yrbands_y55_64,edu_isced97_2,2000,33.701
ecu,sex_f,age_10yrbands_y55_64,edu_isced97_2,2001,42.954
ecu,sex_f,age_10yrbands_y55_64,edu_isced97_2,2003,35.377
ecu,sex_f,age_10yrbands_y55_64,edu_isced97_2,2004,39.812
ecu,sex_f,age_10yrbands_y55_64,edu_isced97_2,2005,47.675
ecu,sex_f,age_10yrbands_y55_64,edu_isced97_2,2006,47.615
ecu,sex_f,age_10yrbands_y55_64,edu_isced97_2,2007,47.613
ecu,sex_f,age_10yrbands_y55_64,edu_isced97_2,2008,48.456
ecu,sex_f,age_10yrbands_y55_64,edu_isced97_2,2009,43.18
ecu,sex_f,age_10yrbands_y55_64,edu_isced97_2,2010,43.152
ecu,sex_f,age_10yrbands_y55_64,edu_isced97_2,2011,48.425
ecu,sex_f,age_10yrbands_y55_64,edu_isced97_2,2012,44.839
ecu,sex_f,age_10yrbands_y55_64,edu_isced97_2,2013,49.876
ecu,sex_f,age_10yrbands_y55_64,edu_isced97_2,2014,43.82
ecu,sex_f,age_10yrbands_y55_64,edu_isced97_2,2015,53.151
ecu,sex_f,age_10yrbands_y55_64,edu_isced97_2,2016,53.745
ecu,sex_f,age_10yrbands_y55_64,edu_isced97_2,2017,56.035
ecu,sex_f,age_10yrbands_y55_64,edu_isced97_2,2018,53.705
ecu,sex_f,age_10yrbands_y55_64,edu_isced97_2,2019,58.687
ecu,sex_f,age_10yrbands_y55_64,edu_isced97_2,2021,53.148
ecu,sex_f,age_10yrbands_y55_64,edu_isced97_2,2022,56.417
ecu,sex_f,age_10yrbands_y55_64,edu_isced97_2,2023,49.712
ecu,sex_f,age_10yrbands_y55_64,edu_isced97_2,2024,52.963
ecu,sex_f,age_10yrbands_y55_64,edu_isced97_3,2000,29.759
ecu,sex_f,age_10yrbands_y55_64,edu_isced97_3,2001,36.586
ecu,sex_f,age_10yrbands_y55_64,edu_isced97_3,2003,43.962
ecu,sex_f,age_10yrbands_y55_64,edu_isced97_3,2004,67.419
ecu,sex_f,age_10yrbands_y55_64,edu_isced97_3,2005,76.076
ecu,sex_f,age_10yrbands_y55_64,edu_isced97_3,2006,67.303
ecu,sex_f,age_10yrbands_y55_64,edu_isced97_3,2007,53.462
ecu,sex_f,age_10yrbands_y55_64,edu_isced97_3,2008,48.554
ecu,sex_f,age_10yrbands_y55_64,edu_isced97_3,2009,52.641
ecu,sex_f,age_10yrbands_y55_64,edu_isced97_3,2010,46.114
ecu,sex_f,age_10yrbands_y55_64,edu_isced97_3,2011,44.849
ecu,sex_f,age_10yrbands_y55_64,edu_isced97_3,2012,47.972
ecu,sex_f,age_10yrbands_y55_64,edu_isced97_3,2013,47.564
ecu,sex_f,age_10yrbands_y55_64,edu_isced97_3,2014,48.831
ecu,sex_f,age_10yrbands_y55_64,edu_isced97_3,2015,48.659
ecu,sex_f,age_10yrbands_y55_64,edu_isced97_3,2016,48.126
ecu,sex_f,age_10yrbands_y55_64,edu_isced97_3,2017,50.697
ecu,sex_f,age_10yrbands_y55_64,edu_isced97_3,2018,52.383
ecu,sex_f,age_10yrbands_y55_64,edu_isced97_3,2019,49.516
ecu,sex_f,age_10yrbands_y55_64,edu_isced97_3,2021,48.541
ecu,sex_f,age_10yrbands_y55_64,edu_isced97_3,2022,52.104
ecu,sex_f,age_10yrbands_y55_64,edu_isced97_3,2023,49.14
ecu,sex_f,age_10yrbands_y55_64,edu_isced97_3,2024,48.296
ecu,sex_f,age_10yrbands_y55_64,edu_isced97_4,2003,41.722
ecu,sex_f,age_10yrbands_y55_64,edu_isced97_4,2004,82.016
ecu,sex_f,age_10yrbands_y55_64,edu_isced97_4,2005,74.067
ecu,sex_f,age_10yrbands_y55_64,edu_isced97_4,2006,92.584
ecu,sex_f,age_10yrbands_y55_64,edu_isced97_4,2007,100
ecu,sex_f,age_10yrbands_y55_64,edu_isced97_4,2009,65.091
ecu,sex_f,age_10yrbands_y55_64,edu_isced97_4,2010,69.452
ecu,sex_f,age_10yrbands_y55_64,edu_isced97_4,2011,87.385
ecu,sex_f,age_10yrbands_y55_64,edu_isced97_4,2012,46.822
ecu,sex_f,age_10yrbands_y55_64,edu_isced97_4,2013,71.843
ecu,sex_f,age_10yrbands_y55_64,edu_isced97_4,2014,54.913
ecu,sex_f,age_10yrbands_y55_64,edu_isced97_4,2015,59.364
ecu,sex_f,age_10yrbands_y55_64,edu_isced97_4,2016,87.281
ecu,sex_f,age_10yrbands_y55_64,edu_isced97_4,2017,69.458
ecu,sex_f,age_10yrbands_y55_64,edu_isced97_4,2018,67.633
ecu,sex_f,age_10yrbands_y55_64,edu_isced97_4,2019,68.682
ecu,sex_f,age_10yrbands_y55_64,edu_isced97_4,2021,61.977
ecu,sex_f,age_10yrbands_y55_64,edu_isced97_4,2022,49.424
ecu,sex_f,age_10yrbands_y55_64,edu_isced97_4,2023,46.373
ecu,sex_f,age_10yrbands_y55_64,edu_isced97_4,2024,43.726
ecu,sex_f,age_10yrbands_y55_64,edu_isced97_5,2000,54.604
ecu,sex_f,age_10yrbands_y55_64,edu_isced97_5,2001,70.264
ecu,sex_f,age_10yrbands_y55_64,edu_isced97_5,2003,67.829
ecu,sex_f,age_10yrbands_y55_64,edu_isced97_5,2004,73.711
ecu,sex_f,age_10yrbands_y55_64,edu_isced97_5,2005,72.526
ecu,sex_f,age_10yrbands_y55_64,edu_isced97_5,2006,77.789
ecu,sex_f,age_10yrbands_y55_64,edu_isced97_5,2007,65.223
ecu,sex_f,age_10yrbands_y55_64,edu_isced97_5,2008,77.347
ecu,sex_f,age_10yrbands_y55_64,edu_isced97_5,2009,78.468
ecu,sex_f,age_10yrbands_y55_64,edu_isced97_5,2010,69.274
ecu,sex_f,age_10yrbands_y55_64,edu_isced97_5,2011,70.927
ecu,sex_f,age_10yrbands_y55_64,edu_isced97_5,2012,73.147
ecu,sex_f,age_10yrbands_y55_64,edu_isced97_5,2013,72.421
ecu,sex_f,age_10yrbands_y55_64,edu_isced97_5,2014,64.715
ecu,sex_f,age_10yrbands_y55_64,edu_isced97_5,2015,67.174
ecu,sex_f,age_10yrbands_y55_64,edu_isced97_5,2016,66.406
ecu,sex_f,age_10yrbands_y55_64,edu_isced97_5,2017,64.171
ecu,sex_f,age_10yrbands_y55_64,edu_isced97_5,2018,64.38
ecu,sex_f,age_10yrbands_y55_64,edu_isced97_5,2019,63.856
ecu,sex_f,age_10yrbands_y55_64,edu_isced97_5,2021,56.422
ecu,sex_f,age_10yrbands_y55_64,edu_isced97_5,2022,60.644
ecu,sex_f,age_10yrbands_y55_64,edu_isced97_5,2023,62.017
ecu,sex_f,age_10yrbands_y55_64,edu_isced97_5,2024,59.449
ecu,sex_f,age_10yrbands_y55_64,edu_isced97_6,2004,98.993
ecu,sex_f,age_10yrbands_y55_64,edu_isced97_6,2005,100
ecu,sex_f,age_10yrbands_y55_64,edu_isced97_6,2006,96.518
ecu,sex_f,age_10yrbands_y55_64,edu_isced97_6,2007,100
ecu,sex_f,age_10yrbands_y55_64,edu_isced97_6,2008,97.915
ecu,sex_f,age_10yrbands_y55_64,edu_isced97_6,2009,80.394
ecu,sex_f,age_10yrbands_y55_64,edu_isced97_6,2010,98.25
ecu,sex_f,age_10yrbands_y55_64,edu_isced97_6,2011,91.596
ecu,sex_f,age_10yrbands_y55_64,edu_isced97_6,2012,81.777
ecu,sex_f,age_10yrbands_y55_64,edu_isced97_6,2013,86.545
ecu,sex_f,age_10yrbands_y55_64,edu_isced97_6,2014,83.357
ecu,sex_f,age_10yrbands_y55_64,edu_isced97_6,2015,81.124
ecu,sex_f,age_10yrbands_y55_64,edu_isced97_6,2016,91.261
ecu,sex_f,age_10yrbands_y55_64,edu_isced97_6,2017,77.456
ecu,sex_f,age_10yrbands_y55_64,edu_isced97_6,2018,75.556
ecu,sex_f,age_10yrbands_y55_64,edu_isced97_6,2019,80.16
ecu,sex_f,age_10yrbands_y55_64,edu_isced97_6,2021,69.32
ecu,sex_f,age_10yrbands_y55_64,edu_isced97_6,2022,68.385
ecu,sex_f,age_10yrbands_y55_64,edu_isced97_6,2023,79.506
ecu,sex_f,age_10yrbands_y55_64,edu_isced97_6,2024,75.059
ecu,sex_f,age_10yrbands_y55_64,edu_isced97_total,2000,37.172
ecu,sex_f,age_10yrbands_y55_64,edu_isced97_total,2001,50.785
ecu,sex_f,age_10yrbands_y55_64,edu_isced97_total,2003,43.175
ecu,sex_f,age_10yrbands_y55_64,edu_isced97_total,2004,49.117
ecu,sex_f,age_10yrbands_y55_64,edu_isced97_total,2005,48.946
ecu,sex_f,age_10yrbands_y55_64,edu_isced97_total,2006,50.909
ecu,sex_f,age_10yrbands_y55_64,edu_isced97_total,2007,49.231
ecu,sex_f,age_10yrbands_y55_64,edu_isced97_total,2008,50.041
ecu,sex_f,age_10yrbands_y55_64,edu_isced97_total,2009,52.994
ecu,sex_f,age_10yrbands_y55_64,edu_isced97_total,2010,48.688
ecu,sex_f,age_10yrbands_y55_64,edu_isced97_total,2011,48.848
ecu,sex_f,age_10yrbands_y55_64,edu_isced97_total,2012,49.264
ecu,sex_f,age_10yrbands_y55_64,edu_isced97_total,2013,51.713
ecu,sex_f,age_10yrbands_y55_64,edu_isced97_total,2014,49.449
ecu,sex_f,age_10yrbands_y55_64,edu_isced97_total,2015,54.195
ecu,sex_f,age_10yrbands_y55_64,edu_isced97_total,2016,57.906
ecu,sex_f,age_10yrbands_y55_64,edu_isced97_total,2017,58.707
ecu,sex_f,age_10yrbands_y55_64,edu_isced97_total,2018,58.084
ecu,sex_f,age_10yrbands_y55_64,edu_isced97_total,2019,58.411
ecu,sex_f,age_10yrbands_y55_64,edu_isced97_total,2021,53.489
ecu,sex_f,age_10yrbands_y55_64,edu_isced97_total,2022,56.725
ecu,sex_f,age_10yrbands_y55_64,edu_isced97_total,2023,54.686
ecu,sex_f,age_10yrbands_y55_64,edu_isced97_total,2024,54.71
ecu,sex_f,age_10yrbands_y55_64,edu_isced97_unk,2016,63.315
ecu,sex_f,age_10yrbands_y55_64,edu_isced97_unk,2017,82.357
ecu,sex_f,age_10yrbands_y55_64,edu_isced97_unk,2018,68.363
ecu,sex_f,age_10yrbands_y55_64,edu_isced97_unk,2019,50.502
ecu,sex_f,age_10yrbands_y55_64,edu_isced97_unk,2021,86.564
ecu,sex_f,age_10yrbands_y55_64,edu_isced97_unk,2022,81.94
ecu,sex_f,age_10yrbands_y55_64,edu_isced97_unk,2023,78.889
ecu,sex_f,age_10yrbands_y55_64,edu_isced97_x,2000,44.614
ecu,sex_f,age_10yrbands_y55_64,edu_isced97_x,2001,64.134
ecu,sex_f,age_10yrbands_y55_64,edu_isced97_x,2003,49.68
ecu,sex_f,age_10yrbands_y55_64,edu_isced97_x,2004,56.15
ecu,sex_f,age_10yrbands_y55_64,edu_isced97_x,2005,52.994
ecu,sex_f,age_10yrbands_y55_64,edu_isced97_x,2006,50.565
ecu,sex_f,age_10yrbands_y55_64,edu_isced97_x,2007,47.365
ecu,sex_f,age_10yrbands_y55_64,edu_isced97_x,2008,48.858
ecu,sex_f,age_10yrbands_y55_64,edu_isced97_x,2009,54.862
ecu,sex_f,age_10yrbands_y55_64,edu_isced97_x,2010,47.616
ecu,sex_f,age_10yrbands_y55_64,edu_isced97_x,2011,48.505
ecu,sex_f,age_10yrbands_y55_64,edu_isced97_x,2012,48.985
ecu,sex_f,age_10yrbands_y55_64,edu_isced97_x,2013,48.194
ecu,sex_f,age_10yrbands_y55_64,edu_isced97_x,2014,51.148
ecu,sex_f,age_10yrbands_y55_64,edu_isced97_x,2015,56.43
ecu,sex_f,age_10yrbands_y55_64,edu_isced97_x,2016,60.35
ecu,sex_f,age_10yrbands_y55_64,edu_isced97_x,2017,65.487
ecu,sex_f,age_10yrbands_y55_64,edu_isced97_x,2018,64.589
ecu,sex_f,age_10yrbands_y55_64,edu_isced97_x,2019,65.888
ecu,sex_f,age_10yrbands_y55_64,edu_isced97_x,2021,53.185
ecu,sex_f,age_10yrbands_y55_64,edu_isced97_x,2022,59.899
ecu,sex_f,age_10yrbands_y55_64,edu_isced97_x,2023,62.458
ecu,sex_f,age_10yrbands_y55_64,edu_isced97_x,2024,64.322
ecu,sex_f,age_10yrbands_yge65,edu_aggregate_adv,2000,30.935
ecu,sex_f,age_10yrbands_yge65,edu_aggregate_adv,2001,26.872
ecu,sex_f,age_10yrbands_yge65,edu_aggregate_adv,2003,20.486
ecu,sex_f,age_10yrbands_yge65,edu_aggregate_adv,2004,25.406
ecu,sex_f,age_10yrbands_yge65,edu_aggregate_adv,2005,29.468
ecu,sex_f,age_10yrbands_yge65,edu_aggregate_adv,2006,31.608
ecu,sex_f,age_10yrbands_yge65,edu_aggregate_adv,2007,29.572
ecu,sex_f,age_10yrbands_yge65,edu_aggregate_adv,2008,45.414
ecu,sex_f,age_10yrbands_yge65,edu_aggregate_adv,2009,43.207
ecu,sex_f,age_10yrbands_yge65,edu_aggregate_adv,2010,28.086
ecu,sex_f,age_10yrbands_yge65,edu_aggregate_adv,2011,20.225
ecu,sex_f,age_10yrbands_yge65,edu_aggregate_adv,2012,21.28
ecu,sex_f,age_10yrbands_yge65,edu_aggregate_adv,2013,19.449
ecu,sex_f,age_10yrbands_yge65,edu_aggregate_adv,2014,24.312
ecu,sex_f,age_10yrbands_yge65,edu_aggregate_adv,2015,24.258
ecu,sex_f,age_10yrbands_yge65,edu_aggregate_adv,2016,19.219
ecu,sex_f,age_10yrbands_yge65,edu_aggregate_adv,2017,22.474
ecu,sex_f,age_10yrbands_yge65,edu_aggregate_adv,2018,19.92
ecu,sex_f,age_10yrbands_yge65,edu_aggregate_adv,2019,20.151
ecu,sex_f,age_10yrbands_yge65,edu_aggregate_adv,2021,19.095
ecu,sex_f,age_10yrbands_yge65,edu_aggregate_adv,2022,20.432
ecu,sex_f,age_10yrbands_yge65,edu_aggregate_adv,2023,19.845
ecu,sex_f,age_10yrbands_yge65,edu_aggregate_adv,2024,20.742
ecu,sex_f,age_10yrbands_yge65,edu_aggregate_bas,2000,19.636
ecu,sex_f,age_10yrbands_yge65,edu_aggregate_bas,2001,21.889
ecu,sex_f,age_10yrbands_yge65,edu_aggregate_bas,2003,17.4
ecu,sex_f,age_10yrbands_yge65,edu_aggregate_bas,2004,21.23
ecu,sex_f,age_10yrbands_yge65,edu_aggregate_bas,2005,24.387
ecu,sex_f,age_10yrbands_yge65,edu_aggregate_bas,2006,23.227
ecu,sex_f,age_10yrbands_yge65,edu_aggregate_bas,2007,21.901
ecu,sex_f,age_10yrbands_yge65,edu_aggregate_bas,2008,21.563
ecu,sex_f,age_10yrbands_yge65,edu_aggregate_bas,2009,18.588
ecu,sex_f,age_10yrbands_yge65,edu_aggregate_bas,2010,18.961
ecu,sex_f,age_10yrbands_yge65,edu_aggregate_bas,2011,20.344
ecu,sex_f,age_10yrbands_yge65,edu_aggregate_bas,2012,19.38
ecu,sex_f,age_10yrbands_yge65,edu_aggregate_bas,2013,20.093
ecu,sex_f,age_10yrbands_yge65,edu_aggregate_bas,2014,21.664
ecu,sex_f,age_10yrbands_yge65,edu_aggregate_bas,2015,24.554
ecu,sex_f,age_10yrbands_yge65,edu_aggregate_bas,2016,27.024
ecu,sex_f,age_10yrbands_yge65,edu_aggregate_bas,2017,28.247
ecu,sex_f,age_10yrbands_yge65,edu_aggregate_bas,2018,27.228
ecu,sex_f,age_10yrbands_yge65,edu_aggregate_bas,2019,27.754
ecu,sex_f,age_10yrbands_yge65,edu_aggregate_bas,2021,28.349
ecu,sex_f,age_10yrbands_yge65,edu_aggregate_bas,2022,29.144
ecu,sex_f,age_10yrbands_yge65,edu_aggregate_bas,2023,26.476
ecu,sex_f,age_10yrbands_yge65,edu_aggregate_bas,2024,26.236
ecu,sex_f,age_10yrbands_yge65,edu_aggregate_int,2000,22.242
ecu,sex_f,age_10yrbands_yge65,edu_aggregate_int,2001,23.142
ecu,sex_f,age_10yrbands_yge65,edu_aggregate_int,2003,56.184
ecu,sex_f,age_10yrbands_yge65,edu_aggregate_int,2004,21.968
ecu,sex_f,age_10yrbands_yge65,edu_aggregate_int,2005,52.263
ecu,sex_f,age_10yrbands_yge65,edu_aggregate_int,2006,36.342
ecu,sex_f,age_10yrbands_yge65,edu_aggregate_int,2007,16.663
ecu,sex_f,age_10yrbands_yge65,edu_aggregate_int,2008,17.193
ecu,sex_f,age_10yrbands_yge65,edu_aggregate_int,2009,22.266
ecu,sex_f,age_10yrbands_yge65,edu_aggregate_int,2010,15.205
ecu,sex_f,age_10yrbands_yge65,edu_aggregate_int,2011,14.041
ecu,sex_f,age_10yrbands_yge65,edu_aggregate_int,2012,17.701
ecu,sex_f,age_10yrbands_yge65,edu_aggregate_int,2013,13.938
ecu,sex_f,age_10yrbands_yge65,edu_aggregate_int,2014,17.456
ecu,sex_f,age_10yrbands_yge65,edu_aggregate_int,2015,14.668
ecu,sex_f,age_10yrbands_yge65,edu_aggregate_int,2016,17.606
ecu,sex_f,age_10yrbands_yge65,edu_aggregate_int,2017,15.421
ecu,sex_f,age_10yrbands_yge65,edu_aggregate_int,2018,15.303
ecu,sex_f,age_10yrbands_yge65,edu_aggregate_int,2019,16.134
ecu,sex_f,age_10yrbands_yge65,edu_aggregate_int,2021,17.698
ecu,sex_f,age_10yrbands_yge65,edu_aggregate_int,2022,19.597
ecu,sex_f,age_10yrbands_yge65,edu_aggregate_int,2023,19.182
ecu,sex_f,age_10yrbands_yge65,edu_aggregate_int,2024,17.167
ecu,sex_f,age_10yrbands_yge65,edu_aggregate_ltb,2000,24.177
ecu,sex_f,age_10yrbands_yge65,edu_aggregate_ltb,2001,35.087
ecu,sex_f,age_10yrbands_yge65,edu_aggregate_ltb,2003,28.14
ecu,sex_f,age_10yrbands_yge65,edu_aggregate_ltb,2004,33.041
ecu,sex_f,age_10yrbands_yge65,edu_aggregate_ltb,2005,32.855
ecu,sex_f,age_10yrbands_yge65,edu_aggregate_ltb,2006,34.679
ecu,sex_f,age_10yrbands_yge65,edu_aggregate_ltb,2007,30.561
ecu,sex_f,age_10yrbands_yge65,edu_aggregate_ltb,2008,29.663
ecu,sex_f,age_10yrbands_yge65,edu_aggregate_ltb,2009,28.277
ecu,sex_f,age_10yrbands_yge65,edu_aggregate_ltb,2010,24.687
ecu,sex_f,age_10yrbands_yge65,edu_aggregate_ltb,2011,27.119
ecu,sex_f,age_10yrbands_yge65,edu_aggregate_ltb,2012,27.579
ecu,sex_f,age_10yrbands_yge65,edu_aggregate_ltb,2013,26.745
ecu,sex_f,age_10yrbands_yge65,edu_aggregate_ltb,2014,25.663
ecu,sex_f,age_10yrbands_yge65,edu_aggregate_ltb,2015,30.997
ecu,sex_f,age_10yrbands_yge65,edu_aggregate_ltb,2016,36.747
ecu,sex_f,age_10yrbands_yge65,edu_aggregate_ltb,2017,35.586
ecu,sex_f,age_10yrbands_yge65,edu_aggregate_ltb,2018,34.997
ecu,sex_f,age_10yrbands_yge65,edu_aggregate_ltb,2019,36.236
ecu,sex_f,age_10yrbands_yge65,edu_aggregate_ltb,2021,32.84
ecu,sex_f,age_10yrbands_yge65,edu_aggregate_ltb,2022,33.539
ecu,sex_f,age_10yrbands_yge65,edu_aggregate_ltb,2023,34.994
ecu,sex_f,age_10yrbands_yge65,edu_aggregate_ltb,2024,34.037
ecu,sex_f,age_10yrbands_yge65,edu_aggregate_total,2000,22.062
ecu,sex_f,age_10yrbands_yge65,edu_aggregate_total,2001,27.801
ecu,sex_f,age_10yrbands_yge65,edu_aggregate_total,2003,22.518
ecu,sex_f,age_10yrbands_yge65,edu_aggregate_total,2004,26.654
ecu,sex_f,age_10yrbands_yge65,edu_aggregate_total,2005,28.272
ecu,sex_f,age_10yrbands_yge65,edu_aggregate_total,2006,28.377
ecu,sex_f,age_10yrbands_yge65,edu_aggregate_total,2007,26.839
ecu,sex_f,age_10yrbands_yge65,edu_aggregate_total,2008,26.925
ecu,sex_f,age_10yrbands_yge65,edu_aggregate_total,2009,25.228
ecu,sex_f,age_10yrbands_yge65,edu_aggregate_total,2010,22.217
ecu,sex_f,age_10yrbands_yge65,edu_aggregate_total,2011,23.707
ecu,sex_f,age_10yrbands_yge65,edu_aggregate_total,2012,23.69
ecu,sex_f,age_10yrbands_yge65,edu_aggregate_total,2013,23.128
ecu,sex_f,age_10yrbands_yge65,edu_aggregate_total,2014,23.619
ecu,sex_f,age_10yrbands_yge65,edu_aggregate_total,2015,27.207
ecu,sex_f,age_10yrbands_yge65,edu_aggregate_total,2016,30.775
ecu,sex_f,age_10yrbands_yge65,edu_aggregate_total,2017,30.664
ecu,sex_f,age_10yrbands_yge65,edu_aggregate_total,2018,29.492
ecu,sex_f,age_10yrbands_yge65,edu_aggregate_total,2019,30.067
ecu,sex_f,age_10yrbands_yge65,edu_aggregate_total,2021,28.512
ecu,sex_f,age_10yrbands_yge65,edu_aggregate_total,2022,29.542
ecu,sex_f,age_10yrbands_yge65,edu_aggregate_total,2023,29.223
ecu,sex_f,age_10yrbands_yge65,edu_aggregate_total,2024,28.172
ecu,sex_f,age_10yrbands_yge65,edu_aggregate_x,2016,38.162
ecu,sex_f,age_10yrbands_yge65,edu_aggregate_x,2017,45.222
ecu,sex_f,age_10yrbands_yge65,edu_aggregate_x,2018,60.143
ecu,sex_f,age_10yrbands_yge65,edu_aggregate_x,2019,54.938
ecu,sex_f,age_10yrbands_yge65,edu_aggregate_x,2021,61.731
ecu,sex_f,age_10yrbands_yge65,edu_aggregate_x,2022,78.324
ecu,sex_f,age_10yrbands_yge65,edu_aggregate_x,2023,61.659
ecu,sex_f,age_10yrbands_yge65,edu_aggregate_x,2024,72.294
ecu,sex_f,age_10yrbands_yge65,edu_isced97_0,2000,25.435
ecu,sex_f,age_10yrbands_yge65,edu_isced97_0,2001,34.765
ecu,sex_f,age_10yrbands_yge65,edu_isced97_0,2003,29.17
ecu,sex_f,age_10yrbands_yge65,edu_isced97_0,2004,32.104
ecu,sex_f,age_10yrbands_yge65,edu_isced97_0,2005,34.134
ecu,sex_f,age_10yrbands_yge65,edu_isced97_0,2006,30.935
ecu,sex_f,age_10yrbands_yge65,edu_isced97_0,2007,29.076
ecu,sex_f,age_10yrbands_yge65,edu_isced97_0,2008,28.707
ecu,sex_f,age_10yrbands_yge65,edu_isced97_0,2009,28.396
ecu,sex_f,age_10yrbands_yge65,edu_isced97_0,2010,25.448
ecu,sex_f,age_10yrbands_yge65,edu_isced97_0,2011,27.418
ecu,sex_f,age_10yrbands_yge65,edu_isced97_0,2012,28.418
ecu,sex_f,age_10yrbands_yge65,edu_isced97_0,2013,27.716
ecu,sex_f,age_10yrbands_yge65,edu_isced97_0,2014,26.74
ecu,sex_f,age_10yrbands_yge65,edu_isced97_0,2015,31.789
ecu,sex_f,age_10yrbands_yge65,edu_isced97_0,2016,38.496
ecu,sex_f,age_10yrbands_yge65,edu_isced97_0,2017,36.452
ecu,sex_f,age_10yrbands_yge65,edu_isced97_0,2018,35.54
ecu,sex_f,age_10yrbands_yge65,edu_isced97_0,2019,35.54
ecu,sex_f,age_10yrbands_yge65,edu_isced97_0,2021,33.859
ecu,sex_f,age_10yrbands_yge65,edu_isced97_0,2022,33.571
ecu,sex_f,age_10yrbands_yge65,edu_isced97_0,2023,33.492
ecu,sex_f,age_10yrbands_yge65,edu_isced97_0,2024,33.852
ecu,sex_f,age_10yrbands_yge65,edu_isced97_1,2000,19.423
ecu,sex_f,age_10yrbands_yge65,edu_isced97_1,2001,28.095
ecu,sex_f,age_10yrbands_yge65,edu_isced97_1,2003,19.431
ecu,sex_f,age_10yrbands_yge65,edu_isced97_1,2004,22.956
ecu,sex_f,age_10yrbands_yge65,edu_isced97_1,2005,25.836
ecu,sex_f,age_10yrbands_yge65,edu_isced97_1,2006,24.763
ecu,sex_f,age_10yrbands_yge65,edu_isced97_1,2007,22.6
ecu,sex_f,age_10yrbands_yge65,edu_isced97_1,2008,22.521
ecu,sex_f,age_10yrbands_yge65,edu_isced97_1,2009,18.697
ecu,sex_f,age_10yrbands_yge65,edu_isced97_1,2010,18.892
ecu,sex_f,age_10yrbands_yge65,edu_isced97_1,2011,19.664
ecu,sex_f,age_10yrbands_yge65,edu_isced97_1,2012,20.1
ecu,sex_f,age_10yrbands_yge65,edu_isced97_1,2013,19.716
ecu,sex_f,age_10yrbands_yge65,edu_isced97_1,2014,21.861
ecu,sex_f,age_10yrbands_yge65,edu_isced97_1,2015,24.195
ecu,sex_f,age_10yrbands_yge65,edu_isced97_1,2016,27.239
ecu,sex_f,age_10yrbands_yge65,edu_isced97_1,2017,28.096
ecu,sex_f,age_10yrbands_yge65,edu_isced97_1,2018,27.752
ecu,sex_f,age_10yrbands_yge65,edu_isced97_1,2019,27.891
ecu,sex_f,age_10yrbands_yge65,edu_isced97_1,2021,29.074
ecu,sex_f,age_10yrbands_yge65,edu_isced97_1,2022,28.993
ecu,sex_f,age_10yrbands_yge65,edu_isced97_1,2023,25.88
ecu,sex_f,age_10yrbands_yge65,edu_isced97_1,2024,26.715
ecu,sex_f,age_10yrbands_yge65,edu_isced97_2,2000,19.773
ecu,sex_f,age_10yrbands_yge65,edu_isced97_2,2001,17.923
ecu,sex_f,age_10yrbands_yge65,edu_isced97_2,2003,9.421
ecu,sex_f,age_10yrbands_yge65,edu_isced97_2,2004,13.527
ecu,sex_f,age_10yrbands_yge65,edu_isced97_2,2005,18.64
ecu,sex_f,age_10yrbands_yge65,edu_isced97_2,2006,17.152
ecu,sex_f,age_10yrbands_yge65,edu_isced97_2,2007,17.077
ecu,sex_f,age_10yrbands_yge65,edu_isced97_2,2008,16.272
ecu,sex_f,age_10yrbands_yge65,edu_isced97_2,2009,17.857
ecu,sex_f,age_10yrbands_yge65,edu_isced97_2,2010,19.39
ecu,sex_f,age_10yrbands_yge65,edu_isced97_2,2011,24.489
ecu,sex_f,age_10yrbands_yge65,edu_isced97_2,2012,14.671
ecu,sex_f,age_10yrbands_yge65,edu_isced97_2,2013,22.394
ecu,sex_f,age_10yrbands_yge65,edu_isced97_2,2014,20.314
ecu,sex_f,age_10yrbands_yge65,edu_isced97_2,2015,27.204
ecu,sex_f,age_10yrbands_yge65,edu_isced97_2,2016,25.515
ecu,sex_f,age_10yrbands_yge65,edu_isced97_2,2017,29.116
ecu,sex_f,age_10yrbands_yge65,edu_isced97_2,2018,23.691
ecu,sex_f,age_10yrbands_yge65,edu_isced97_2,2019,26.857
ecu,sex_f,age_10yrbands_yge65,edu_isced97_2,2021,23.909
ecu,sex_f,age_10yrbands_yge65,edu_isced97_2,2022,29.858
ecu,sex_f,age_10yrbands_yge65,edu_isced97_2,2023,29.65
ecu,sex_f,age_10yrbands_yge65,edu_isced97_2,2024,23.446
ecu,sex_f,age_10yrbands_yge65,edu_isced97_3,2000,22.242
ecu,sex_f,age_10yrbands_yge65,edu_isced97_3,2001,23.142
ecu,sex_f,age_10yrbands_yge65,edu_isced97_3,2005,54.215
ecu,sex_f,age_10yrbands_yge65,edu_isced97_3,2006,28.919
ecu,sex_f,age_10yrbands_yge65,edu_isced97_3,2007,16.917
ecu,sex_f,age_10yrbands_yge65,edu_isced97_3,2008,16.736
ecu,sex_f,age_10yrbands_yge65,edu_isced97_3,2009,22.266
ecu,sex_f,age_10yrbands_yge65,edu_isced97_3,2010,15.247
ecu,sex_f,age_10yrbands_yge65,edu_isced97_3,2011,14.048
ecu,sex_f,age_10yrbands_yge65,edu_isced97_3,2012,17.596
ecu,sex_f,age_10yrbands_yge65,edu_isced97_3,2013,13.958
ecu,sex_f,age_10yrbands_yge65,edu_isced97_3,2014,17.553
ecu,sex_f,age_10yrbands_yge65,edu_isced97_3,2015,14.632
ecu,sex_f,age_10yrbands_yge65,edu_isced97_3,2016,16.762
ecu,sex_f,age_10yrbands_yge65,edu_isced97_3,2017,15.493
ecu,sex_f,age_10yrbands_yge65,edu_isced97_3,2018,15.479
ecu,sex_f,age_10yrbands_yge65,edu_isced97_3,2019,16.202
ecu,sex_f,age_10yrbands_yge65,edu_isced97_3,2021,17.741
ecu,sex_f,age_10yrbands_yge65,edu_isced97_3,2022,19.616
ecu,sex_f,age_10yrbands_yge65,edu_isced97_3,2023,19.048
ecu,sex_f,age_10yrbands_yge65,edu_isced97_3,2024,17.047
ecu,sex_f,age_10yrbands_yge65,edu_isced97_4,2006,44.81
ecu,sex_f,age_10yrbands_yge65,edu_isced97_4,2015,16.994
ecu,sex_f,age_10yrbands_yge65,edu_isced97_4,2016,52.009
ecu,sex_f,age_10yrbands_yge65,edu_isced97_4,2017,11.7
ecu,sex_f,age_10yrbands_yge65,edu_isced97_4,2019,12.573
ecu,sex_f,age_10yrbands_yge65,edu_isced97_4,2021,15.671
ecu,sex_f,age_10yrbands_yge65,edu_isced97_4,2022,18.738
ecu,sex_f,age_10yrbands_yge65,edu_isced97_4,2023,23.379
ecu,sex_f,age_10yrbands_yge65,edu_isced97_4,2024,23.431
ecu,sex_f,age_10yrbands_yge65,edu_isced97_5,2000,30.935
ecu,sex_f,age_10yrbands_yge65,edu_isced97_5,2001,24.931
ecu,sex_f,age_10yrbands_yge65,edu_isced97_5,2003,19.843
ecu,sex_f,age_10yrbands_yge65,edu_isced97_5,2004,26.063
ecu,sex_f,age_10yrbands_yge65,edu_isced97_5,2005,27.005
ecu,sex_f,age_10yrbands_yge65,edu_isced97_5,2006,31.608
ecu,sex_f,age_10yrbands_yge65,edu_isced97_5,2007,28.797
ecu,sex_f,age_10yrbands_yge65,edu_isced97_5,2008,40.44
ecu,sex_f,age_10yrbands_yge65,edu_isced97_5,2009,45.429
ecu,sex_f,age_10yrbands_yge65,edu_isced97_5,2010,29.246
ecu,sex_f,age_10yrbands_yge65,edu_isced97_5,2011,21.037
ecu,sex_f,age_10yrbands_yge65,edu_isced97_5,2012,21.503
ecu,sex_f,age_10yrbands_yge65,edu_isced97_5,2013,19.905
ecu,sex_f,age_10yrbands_yge65,edu_isced97_5,2014,24.475
ecu,sex_f,age_10yrbands_yge65,edu_isced97_5,2015,23.644
ecu,sex_f,age_10yrbands_yge65,edu_isced97_5,2016,18.851
ecu,sex_f,age_10yrbands_yge65,edu_isced97_5,2017,21.812
ecu,sex_f,age_10yrbands_yge65,edu_isced97_5,2018,18.378
ecu,sex_f,age_10yrbands_yge65,edu_isced97_5,2019,18.161
ecu,sex_f,age_10yrbands_yge65,edu_isced97_5,2021,19.357
ecu,sex_f,age_10yrbands_yge65,edu_isced97_5,2022,20.725
ecu,sex_f,age_10yrbands_yge65,edu_isced97_5,2023,18.963
ecu,sex_f,age_10yrbands_yge65,edu_isced97_5,2024,20.135
ecu,sex_f,age_10yrbands_yge65,edu_isced97_6,2008,92.336
ecu,sex_f,age_10yrbands_yge65,edu_isced97_6,2014,22.913
ecu,sex_f,age_10yrbands_yge65,edu_isced97_6,2015,31.187
ecu,sex_f,age_10yrbands_yge65,edu_isced97_6,2016,22.902
ecu,sex_f,age_10yrbands_yge65,edu_isced97_6,2017,33.427
ecu,sex_f,age_10yrbands_yge65,edu_isced97_6,2018,37.141
ecu,sex_f,age_10yrbands_yge65,edu_isced97_6,2019,34.176
ecu,sex_f,age_10yrbands_yge65,edu_isced97_6,2021,17.201
ecu,sex_f,age_10yrbands_yge65,edu_isced97_6,2022,17.857
ecu,sex_f,age_10yrbands_yge65,edu_isced97_6,2023,26.177
ecu,sex_f,age_10yrbands_yge65,edu_isced97_6,2024,24.898
ecu,sex_f,age_10yrbands_yge65,edu_isced97_total,2000,22.062
ecu,sex_f,age_10yrbands_yge65,edu_isced97_total,2001,27.801
ecu,sex_f,age_10yrbands_yge65,edu_isced97_total,2003,22.518
ecu,sex_f,age_10yrbands_yge65,edu_isced97_total,2004,26.654
ecu,sex_f,age_10yrbands_yge65,edu_isced97_total,2005,28.272
ecu,sex_f,age_10yrbands_yge65,edu_isced97_total,2006,28.377
ecu,sex_f,age_10yrbands_yge65,edu_isced97_total,2007,26.839
ecu,sex_f,age_10yrbands_yge65,edu_isced97_total,2008,26.925
ecu,sex_f,age_10yrbands_yge65,edu_isced97_total,2009,25.228
ecu,sex_f,age_10yrbands_yge65,edu_isced97_total,2010,22.217
ecu,sex_f,age_10yrbands_yge65,edu_isced97_total,2011,23.707
ecu,sex_f,age_10yrbands_yge65,edu_isced97_total,2012,23.69
ecu,sex_f,age_10yrbands_yge65,edu_isced97_total,2013,23.128
ecu,sex_f,age_10yrbands_yge65,edu_isced97_total,2014,23.619
ecu,sex_f,age_10yrbands_yge65,edu_isced97_total,2015,27.207
ecu,sex_f,age_10yrbands_yge65,edu_isced97_total,2016,30.775
ecu,sex_f,age_10yrbands_yge65,edu_isced97_total,2017,30.664
ecu,sex_f,age_10yrbands_yge65,edu_isced97_total,2018,29.492
ecu,sex_f,age_10yrbands_yge65,edu_isced97_total,2019,30.067
ecu,sex_f,age_10yrbands_yge65,edu_isced97_total,2021,28.512
ecu,sex_f,age_10yrbands_yge65,edu_isced97_total,2022,29.542
ecu,sex_f,age_10yrbands_yge65,edu_isced97_total,2023,29.223
ecu,sex_f,age_10yrbands_yge65,edu_isced97_total,2024,28.172
ecu,sex_f,age_10yrbands_yge65,edu_isced97_unk,2016,38.162
ecu,sex_f,age_10yrbands_yge65,edu_isced97_unk,2017,45.222
ecu,sex_f,age_10yrbands_yge65,edu_isced97_unk,2018,60.143
ecu,sex_f,age_10yrbands_yge65,edu_isced97_unk,2019,54.938
ecu,sex_f,age_10yrbands_yge65,edu_isced97_unk,2021,61.731
ecu,sex_f,age_10yrbands_yge65,edu_isced97_unk,2022,78.324
ecu,sex_f,age_10yrbands_yge65,edu_isced97_unk,2023,61.659
ecu,sex_f,age_10yrbands_yge65,edu_isced97_unk,2024,72.294
ecu,sex_f,age_10yrbands_yge65,edu_isced97_x,2000,23.802
ecu,sex_f,age_10yrbands_yge65,edu_isced97_x,2001,35.195
ecu,sex_f,age_10yrbands_yge65,edu_isced97_x,2003,27.81
ecu,sex_f,age_10yrbands_yge65,edu_isced97_x,2004,33.382
ecu,sex_f,age_10yrbands_yge65,edu_isced97_x,2005,32.413
ecu,sex_f,age_10yrbands_yge65,edu_isced97_x,2006,36.123
ecu,sex_f,age_10yrbands_yge65,edu_isced97_x,2007,32.038
ecu,sex_f,age_10yrbands_yge65,edu_isced97_x,2008,30.72
ecu,sex_f,age_10yrbands_yge65,edu_isced97_x,2009,28.145
ecu,sex_f,age_10yrbands_yge65,edu_isced97_x,2010,23.847
ecu,sex_f,age_10yrbands_yge65,edu_isced97_x,2011,26.817
ecu,sex_f,age_10yrbands_yge65,edu_isced97_x,2012,26.658
ecu,sex_f,age_10yrbands_yge65,edu_isced97_x,2013,25.612
ecu,sex_f,age_10yrbands_yge65,edu_isced97_x,2014,24.377
ecu,sex_f,age_10yrbands_yge65,edu_isced97_x,2015,30.022
ecu,sex_f,age_10yrbands_yge65,edu_isced97_x,2016,34.757
ecu,sex_f,age_10yrbands_yge65,edu_isced97_x,2017,34.57
ecu,sex_f,age_10yrbands_yge65,edu_isced97_x,2018,34.376
ecu,sex_f,age_10yrbands_yge65,edu_isced97_x,2019,37.033
ecu,sex_f,age_10yrbands_yge65,edu_isced97_x,2021,31.537
ecu,sex_f,age_10yrbands_yge65,edu_isced97_x,2022,33.495
ecu,sex_f,age_10yrbands_yge65,edu_isced97_x,2023,36.782
ecu,sex_f,age_10yrbands_yge65,edu_isced97_x,2024,34.277
ecu,sex_f,age_aggregate_total,edu_aggregate_adv,2000,68.352
ecu,sex_f,age_aggregate_total,edu_aggregate_adv,2001,68.625
ecu,sex_f,age_aggregate_total,edu_aggregate_adv,2003,73.193
ecu,sex_f,age_aggregate_total,edu_aggregate_adv,2004,73.303
ecu,sex_f,age_aggregate_total,edu_aggregate_adv,2005,74.123
ecu,sex_f,age_aggregate_total,edu_aggregate_adv,2006,76.37
ecu,sex_f,age_aggregate_total,edu_aggregate_adv,2007,73.57
ecu,sex_f,age_aggregate_total,edu_aggregate_adv,2008,74.4
ecu,sex_f,age_aggregate_total,edu_aggregate_adv,2009,70.306
ecu,sex_f,age_aggregate_total,edu_aggregate_adv,2010,70.721
ecu,sex_f,age_aggregate_total,edu_aggregate_adv,2011,71.024
ecu,sex_f,age_aggregate_total,edu_aggregate_adv,2012,71.952
ecu,sex_f,age_aggregate_total,edu_aggregate_adv,2013,71.011
ecu,sex_f,age_aggregate_total,edu_aggregate_adv,2014,69.543
ecu,sex_f,age_aggregate_total,edu_aggregate_adv,2015,71.142
ecu,sex_f,age_aggregate_total,edu_aggregate_adv,2016,71.245
ecu,sex_f,age_aggregate_total,edu_aggregate_adv,2017,70.997
ecu,sex_f,age_aggregate_total,edu_aggregate_adv,2018,70.711
ecu,sex_f,age_aggregate_total,edu_aggregate_adv,2019,70.122
ecu,sex_f,age_aggregate_total,edu_aggregate_adv,2021,67.516
ecu,sex_f,age_aggregate_total,edu_aggregate_adv,2022,69.693
ecu,sex_f,age_aggregate_total,edu_aggregate_adv,2023,68.78
ecu,sex_f,age_aggregate_total,edu_aggregate_adv,2024,68.157
ecu,sex_f,age_aggregate_total,edu_aggregate_bas,2000,40.774
ecu,sex_f,age_aggregate_total,edu_aggregate_bas,2001,50.725
ecu,sex_f,age_aggregate_total,edu_aggregate_bas,2003,42.613
ecu,sex_f,age_aggregate_total,edu_aggregate_bas,2004,46.427
ecu,sex_f,age_aggregate_total,edu_aggregate_bas,2005,46.026
ecu,sex_f,age_aggregate_total,edu_aggregate_bas,2006,47.254
ecu,sex_f,age_aggregate_total,edu_aggregate_bas,2007,44.76
ecu,sex_f,age_aggregate_total,edu_aggregate_bas,2008,44.415
ecu,sex_f,age_aggregate_total,edu_aggregate_bas,2009,41.13
ecu,sex_f,age_aggregate_total,edu_aggregate_bas,2010,40.079
ecu,sex_f,age_aggregate_total,edu_aggregate_bas,2011,38.702
ecu,sex_f,age_aggregate_total,edu_aggregate_bas,2012,39.604
ecu,sex_f,age_aggregate_total,edu_aggregate_bas,2013,40.577
ecu,sex_f,age_aggregate_total,edu_aggregate_bas,2014,39.949
ecu,sex_f,age_aggregate_total,edu_aggregate_bas,2015,44.386
ecu,sex_f,age_aggregate_total,edu_aggregate_bas,2016,47.413
ecu,sex_f,age_aggregate_total,edu_aggregate_bas,2017,48.856
ecu,sex_f,age_aggregate_total,edu_aggregate_bas,2018,47.767
ecu,sex_f,age_aggregate_total,edu_aggregate_bas,2019,47.224
ecu,sex_f,age_aggregate_total,edu_aggregate_bas,2021,46.709
ecu,sex_f,age_aggregate_total,edu_aggregate_bas,2022,47.654
ecu,sex_f,age_aggregate_total,edu_aggregate_bas,2023,45.698
ecu,sex_f,age_aggregate_total,edu_aggregate_bas,2024,45.974
ecu,sex_f,age_aggregate_total,edu_aggregate_int,2000,39.433
ecu,sex_f,age_aggregate_total,edu_aggregate_int,2001,47.352
ecu,sex_f,age_aggregate_total,edu_aggregate_int,2003,49.39
ecu,sex_f,age_aggregate_total,edu_aggregate_int,2004,50.038
ecu,sex_f,age_aggregate_total,edu_aggregate_int,2005,48.927
ecu,sex_f,age_aggregate_total,edu_aggregate_int,2006,47.842
ecu,sex_f,age_aggregate_total,edu_aggregate_int,2007,53.633
ecu,sex_f,age_aggregate_total,edu_aggregate_int,2008,51.737
ecu,sex_f,age_aggregate_total,edu_aggregate_int,2009,49.786
ecu,sex_f,age_aggregate_total,edu_aggregate_int,2010,47.693
ecu,sex_f,age_aggregate_total,edu_aggregate_int,2011,47.598
ecu,sex_f,age_aggregate_total,edu_aggregate_int,2012,48.848
ecu,sex_f,age_aggregate_total,edu_aggregate_int,2013,47.367
ecu,sex_f,age_aggregate_total,edu_aggregate_int,2014,46.769
ecu,sex_f,age_aggregate_total,edu_aggregate_int,2015,49.3
ecu,sex_f,age_aggregate_total,edu_aggregate_int,2016,50.914
ecu,sex_f,age_aggregate_total,edu_aggregate_int,2017,53.053
ecu,sex_f,age_aggregate_total,edu_aggregate_int,2018,50.694
ecu,sex_f,age_aggregate_total,edu_aggregate_int,2019,50.612
ecu,sex_f,age_aggregate_total,edu_aggregate_int,2021,50.111
ecu,sex_f,age_aggregate_total,edu_aggregate_int,2022,52.306
ecu,sex_f,age_aggregate_total,edu_aggregate_int,2023,49.914
ecu,sex_f,age_aggregate_total,edu_aggregate_int,2024,49.255
ecu,sex_f,age_aggregate_total,edu_aggregate_ltb,2000,40.979
ecu,sex_f,age_aggregate_total,edu_aggregate_ltb,2001,54.564
ecu,sex_f,age_aggregate_total,edu_aggregate_ltb,2003,42.574
ecu,sex_f,age_aggregate_total,edu_aggregate_ltb,2004,48.437
ecu,sex_f,age_aggregate_total,edu_aggregate_ltb,2005,46.964
ecu,sex_f,age_aggregate_total,edu_aggregate_ltb,2006,47.321
ecu,sex_f,age_aggregate_total,edu_aggregate_ltb,2007,45.069
ecu,sex_f,age_aggregate_total,edu_aggregate_ltb,2008,44.029
ecu,sex_f,age_aggregate_total,edu_aggregate_ltb,2009,42.388
ecu,sex_f,age_aggregate_total,edu_aggregate_ltb,2010,40.106
ecu,sex_f,age_aggregate_total,edu_aggregate_ltb,2011,39.658
ecu,sex_f,age_aggregate_total,edu_aggregate_ltb,2012,40.245
ecu,sex_f,age_aggregate_total,edu_aggregate_ltb,2013,40.705
ecu,sex_f,age_aggregate_total,edu_aggregate_ltb,2014,40.798
ecu,sex_f,age_aggregate_total,edu_aggregate_ltb,2015,46.711
ecu,sex_f,age_aggregate_total,edu_aggregate_ltb,2016,51.019
ecu,sex_f,age_aggregate_total,edu_aggregate_ltb,2017,51.769
ecu,sex_f,age_aggregate_total,edu_aggregate_ltb,2018,50.433
ecu,sex_f,age_aggregate_total,edu_aggregate_ltb,2019,51.139
ecu,sex_f,age_aggregate_total,edu_aggregate_ltb,2021,45.879
ecu,sex_f,age_aggregate_total,edu_aggregate_ltb,2022,45.974
ecu,sex_f,age_aggregate_total,edu_aggregate_ltb,2023,47.676
ecu,sex_f,age_aggregate_total,edu_aggregate_ltb,2024,46.543
ecu,sex_f,age_aggregate_total,edu_aggregate_total,2000,43.014
ecu,sex_f,age_aggregate_total,edu_aggregate_total,2001,51.876
ecu,sex_f,age_aggregate_total,edu_aggregate_total,2003,46.174
ecu,sex_f,age_aggregate_total,edu_aggregate_total,2004,49.864
ecu,sex_f,age_aggregate_total,edu_aggregate_total,2005,49.529
ecu,sex_f,age_aggregate_total,edu_aggregate_total,2006,50.505
ecu,sex_f,age_aggregate_total,edu_aggregate_total,2007,50.08
ecu,sex_f,age_aggregate_total,edu_aggregate_total,2008,49.594
ecu,sex_f,age_aggregate_total,edu_aggregate_total,2009,46.958
ecu,sex_f,age_aggregate_total,edu_aggregate_total,2010,45.857
ecu,sex_f,age_aggregate_total,edu_aggregate_total,2011,45.308
ecu,sex_f,age_aggregate_total,edu_aggregate_total,2012,46.46
ecu,sex_f,age_aggregate_total,edu_aggregate_total,2013,46.548
ecu,sex_f,age_aggregate_total,edu_aggregate_total,2014,45.955
ecu,sex_f,age_aggregate_total,edu_aggregate_total,2015,49.794
ecu,sex_f,age_aggregate_total,edu_aggregate_total,2016,52.396
ecu,sex_f,age_aggregate_total,edu_aggregate_total,2017,53.618
ecu,sex_f,age_aggregate_total,edu_aggregate_total,2018,52.237
ecu,sex_f,age_aggregate_total,edu_aggregate_total,2019,52.028
ecu,sex_f,age_aggregate_total,edu_aggregate_total,2021,50.684
ecu,sex_f,age_aggregate_total,edu_aggregate_total,2022,51.979
ecu,sex_f,age_aggregate_total,edu_aggregate_total,2023,50.639
ecu,sex_f,age_aggregate_total,edu_aggregate_total,2024,50.221
ecu,sex_f,age_aggregate_total,edu_aggregate_x,2001,37.249
ecu,sex_f,age_aggregate_total,edu_aggregate_x,2007,70.855
ecu,sex_f,age_aggregate_total,edu_aggregate_x,2008,100
ecu,sex_f,age_aggregate_total,edu_aggregate_x,2015,23.685
ecu,sex_f,age_aggregate_total,edu_aggregate_x,2016,43.586
ecu,sex_f,age_aggregate_total,edu_aggregate_x,2017,59.274
ecu,sex_f,age_aggregate_total,edu_aggregate_x,2018,54.179
ecu,sex_f,age_aggregate_total,edu_aggregate_x,2019,57.736
ecu,sex_f,age_aggregate_total,edu_aggregate_x,2021,78.146
ecu,sex_f,age_aggregate_total,edu_aggregate_x,2022,51.641
ecu,sex_f,age_aggregate_total,edu_aggregate_x,2023,68.994
ecu,sex_f,age_aggregate_total,edu_aggregate_x,2024,75.931
ecu,sex_f,age_aggregate_total,edu_isced97_0,2000,39.521
ecu,sex_f,age_aggregate_total,edu_isced97_0,2001,54.714
ecu,sex_f,age_aggregate_total,edu_isced97_0,2003,43.938
ecu,sex_f,age_aggregate_total,edu_isced97_0,2004,48.946
ecu,sex_f,age_aggregate_total,edu_isced97_0,2005,51.412
ecu,sex_f,age_aggregate_total,edu_isced97_0,2006,47.709
ecu,sex_f,age_aggregate_total,edu_isced97_0,2007,46.619
ecu,sex_f,age_aggregate_total,edu_isced97_0,2008,45.575
ecu,sex_f,age_aggregate_total,edu_isced97_0,2009,43.683
ecu,sex_f,age_aggregate_total,edu_isced97_0,2010,42.311
ecu,sex_f,age_aggregate_total,edu_isced97_0,2011,41.786
ecu,sex_f,age_aggregate_total,edu_isced97_0,2012,42.511
ecu,sex_f,age_aggregate_total,edu_isced97_0,2013,43.517
ecu,sex_f,age_aggregate_total,edu_isced97_0,2014,43.703
ecu,sex_f,age_aggregate_total,edu_isced97_0,2015,49.369
ecu,sex_f,age_aggregate_total,edu_isced97_0,2016,54.557
ecu,sex_f,age_aggregate_total,edu_isced97_0,2017,54.448
ecu,sex_f,age_aggregate_total,edu_isced97_0,2018,52.791
ecu,sex_f,age_aggregate_total,edu_isced97_0,2019,53.007
ecu,sex_f,age_aggregate_total,edu_isced97_0,2021,49.583
ecu,sex_f,age_aggregate_total,edu_isced97_0,2022,48.688
ecu,sex_f,age_aggregate_total,edu_isced97_0,2023,49.209
ecu,sex_f,age_aggregate_total,edu_isced97_0,2024,48.244
ecu,sex_f,age_aggregate_total,edu_isced97_1,2000,40.326
ecu,sex_f,age_aggregate_total,edu_isced97_1,2001,52.778
ecu,sex_f,age_aggregate_total,edu_isced97_1,2003,42.83
ecu,sex_f,age_aggregate_total,edu_isced97_1,2004,48.638
ecu,sex_f,age_aggregate_total,edu_isced97_1,2005,46.144
ecu,sex_f,age_aggregate_total,edu_isced97_1,2006,46.533
ecu,sex_f,age_aggregate_total,edu_isced97_1,2007,47.979
ecu,sex_f,age_aggregate_total,edu_isced97_1,2008,48.134
ecu,sex_f,age_aggregate_total,edu_isced97_1,2009,45.204
ecu,sex_f,age_aggregate_total,edu_isced97_1,2010,44.388
ecu,sex_f,age_aggregate_total,edu_isced97_1,2011,42.38
ecu,sex_f,age_aggregate_total,edu_isced97_1,2012,43.724
ecu,sex_f,age_aggregate_total,edu_isced97_1,2013,45.472
ecu,sex_f,age_aggregate_total,edu_isced97_1,2014,45.266
ecu,sex_f,age_aggregate_total,edu_isced97_1,2015,50.416
ecu,sex_f,age_aggregate_total,edu_isced97_1,2016,54.611
ecu,sex_f,age_aggregate_total,edu_isced97_1,2017,56.596
ecu,sex_f,age_aggregate_total,edu_isced97_1,2018,54.363
ecu,sex_f,age_aggregate_total,edu_isced97_1,2019,53.521
ecu,sex_f,age_aggregate_total,edu_isced97_1,2021,53.178
ecu,sex_f,age_aggregate_total,edu_isced97_1,2022,53.995
ecu,sex_f,age_aggregate_total,edu_isced97_1,2023,51.666
ecu,sex_f,age_aggregate_total,edu_isced97_1,2024,51.664
ecu,sex_f,age_aggregate_total,edu_isced97_2,2000,40.912
ecu,sex_f,age_aggregate_total,edu_isced97_2,2001,50.094
ecu,sex_f,age_aggregate_total,edu_isced97_2,2003,42.318
ecu,sex_f,age_aggregate_total,edu_isced97_2,2004,43.477
ecu,sex_f,age_aggregate_total,edu_isced97_2,2005,45.857
ecu,sex_f,age_aggregate_total,edu_isced97_2,2006,48.323
ecu,sex_f,age_aggregate_total,edu_isced97_2,2007,38.674
ecu,sex_f,age_aggregate_total,edu_isced97_2,2008,37.685
ecu,sex_f,age_aggregate_total,edu_isced97_2,2009,33.575
ecu,sex_f,age_aggregate_total,edu_isced97_2,2010,32.659
ecu,sex_f,age_aggregate_total,edu_isced97_2,2011,32.239
ecu,sex_f,age_aggregate_total,edu_isced97_2,2012,32.556
ecu,sex_f,age_aggregate_total,edu_isced97_2,2013,32.185
ecu,sex_f,age_aggregate_total,edu_isced97_2,2014,30.641
ecu,sex_f,age_aggregate_total,edu_isced97_2,2015,34.529
ecu,sex_f,age_aggregate_total,edu_isced97_2,2016,36.332
ecu,sex_f,age_aggregate_total,edu_isced97_2,2017,37.341
ecu,sex_f,age_aggregate_total,edu_isced97_2,2018,36.92
ecu,sex_f,age_aggregate_total,edu_isced97_2,2019,36.772
ecu,sex_f,age_aggregate_total,edu_isced97_2,2021,36.421
ecu,sex_f,age_aggregate_total,edu_isced97_2,2022,37.417
ecu,sex_f,age_aggregate_total,edu_isced97_2,2023,35.794
ecu,sex_f,age_aggregate_total,edu_isced97_2,2024,35.941
ecu,sex_f,age_aggregate_total,edu_isced97_3,2000,39.433
ecu,sex_f,age_aggregate_total,edu_isced97_3,2001,47.352
ecu,sex_f,age_aggregate_total,edu_isced97_3,2003,48.046
ecu,sex_f,age_aggregate_total,edu_isced97_3,2004,47.561
ecu,sex_f,age_aggregate_total,edu_isced97_3,2005,46.738
ecu,sex_f,age_aggregate_total,edu_isced97_3,2006,45.32
ecu,sex_f,age_aggregate_total,edu_isced97_3,2007,53.288
ecu,sex_f,age_aggregate_total,edu_isced97_3,2008,51.547
ecu,sex_f,age_aggregate_total,edu_isced97_3,2009,49.576
ecu,sex_f,age_aggregate_total,edu_isced97_3,2010,47.334
ecu,sex_f,age_aggregate_total,edu_isced97_3,2011,47.175
ecu,sex_f,age_aggregate_total,edu_isced97_3,2012,48.507
ecu,sex_f,age_aggregate_total,edu_isced97_3,2013,46.93
ecu,sex_f,age_aggregate_total,edu_isced97_3,2014,46.28
ecu,sex_f,age_aggregate_total,edu_isced97_3,2015,48.666
ecu,sex_f,age_aggregate_total,edu_isced97_3,2016,50.195
ecu,sex_f,age_aggregate_total,edu_isced97_3,2017,52.385
ecu,sex_f,age_aggregate_total,edu_isced97_3,2018,50.163
ecu,sex_f,age_aggregate_total,edu_isced97_3,2019,50.013
ecu,sex_f,age_aggregate_total,edu_isced97_3,2021,49.318
ecu,sex_f,age_aggregate_total,edu_isced97_3,2022,51.543
ecu,sex_f,age_aggregate_total,edu_isced97_3,2023,48.987
ecu,sex_f,age_aggregate_total,edu_isced97_3,2024,48.31
ecu,sex_f,age_aggregate_total,edu_isced97_4,2003,57.094
ecu,sex_f,age_aggregate_total,edu_isced97_4,2004,72.007
ecu,sex_f,age_aggregate_total,edu_isced97_4,2005,70.295
ecu,sex_f,age_aggregate_total,edu_isced97_4,2006,77.002
ecu,sex_f,age_aggregate_total,edu_isced97_4,2007,80.886
ecu,sex_f,age_aggregate_total,edu_isced97_4,2008,68.013
ecu,sex_f,age_aggregate_total,edu_isced97_4,2009,73.469
ecu,sex_f,age_aggregate_total,edu_isced97_4,2010,67.469
ecu,sex_f,age_aggregate_total,edu_isced97_4,2011,72.452
ecu,sex_f,age_aggregate_total,edu_isced97_4,2012,70.79
ecu,sex_f,age_aggregate_total,edu_isced97_4,2013,71.631
ecu,sex_f,age_aggregate_total,edu_isced97_4,2014,69.574
ecu,sex_f,age_aggregate_total,edu_isced97_4,2015,72.96
ecu,sex_f,age_aggregate_total,edu_isced97_4,2016,75.131
ecu,sex_f,age_aggregate_total,edu_isced97_4,2017,74.371
ecu,sex_f,age_aggregate_total,edu_isced97_4,2018,69.013
ecu,sex_f,age_aggregate_total,edu_isced97_4,2019,69.317
ecu,sex_f,age_aggregate_total,edu_isced97_4,2021,69.83
ecu,sex_f,age_aggregate_total,edu_isced97_4,2022,70.732
ecu,sex_f,age_aggregate_total,edu_isced97_4,2023,70.38
ecu,sex_f,age_aggregate_total,edu_isced97_4,2024,68.656
ecu,sex_f,age_aggregate_total,edu_isced97_5,2000,68.352
ecu,sex_f,age_aggregate_total,edu_isced97_5,2001,68.35
ecu,sex_f,age_aggregate_total,edu_isced97_5,2003,72.737
ecu,sex_f,age_aggregate_total,edu_isced97_5,2004,72.712
ecu,sex_f,age_aggregate_total,edu_isced97_5,2005,73.253
ecu,sex_f,age_aggregate_total,edu_isced97_5,2006,75.822
ecu,sex_f,age_aggregate_total,edu_isced97_5,2007,72.725
ecu,sex_f,age_aggregate_total,edu_isced97_5,2008,73.376
ecu,sex_f,age_aggregate_total,edu_isced97_5,2009,69.762
ecu,sex_f,age_aggregate_total,edu_isced97_5,2010,69.682
ecu,sex_f,age_aggregate_total,edu_isced97_5,2011,70.163
ecu,sex_f,age_aggregate_total,edu_isced97_5,2012,70.892
ecu,sex_f,age_aggregate_total,edu_isced97_5,2013,70.17
ecu,sex_f,age_aggregate_total,edu_isced97_5,2014,68.411
ecu,sex_f,age_aggregate_total,edu_isced97_5,2015,70.133
ecu,sex_f,age_aggregate_total,edu_isced97_5,2016,69.515
ecu,sex_f,age_aggregate_total,edu_isced97_5,2017,69.424
ecu,sex_f,age_aggregate_total,edu_isced97_5,2018,69.297
ecu,sex_f,age_aggregate_total,edu_isced97_5,2019,68.719
ecu,sex_f,age_aggregate_total,edu_isced97_5,2021,65.721
ecu,sex_f,age_aggregate_total,edu_isced97_5,2022,67.927
ecu,sex_f,age_aggregate_total,edu_isced97_5,2023,66.336
ecu,sex_f,age_aggregate_total,edu_isced97_5,2024,65.491
ecu,sex_f,age_aggregate_total,edu_isced97_6,2001,76.766
ecu,sex_f,age_aggregate_total,edu_isced97_6,2003,84.927
ecu,sex_f,age_aggregate_total,edu_isced97_6,2004,89.117
ecu,sex_f,age_aggregate_total,edu_isced97_6,2005,99.035
ecu,sex_f,age_aggregate_total,edu_isced97_6,2006,91.941
ecu,sex_f,age_aggregate_total,edu_isced97_6,2007,96.024
ecu,sex_f,age_aggregate_total,edu_isced97_6,2008,93.352
ecu,sex_f,age_aggregate_total,edu_isced97_6,2009,80.045
ecu,sex_f,age_aggregate_total,edu_isced97_6,2010,88.185
ecu,sex_f,age_aggregate_total,edu_isced97_6,2011,89.459
ecu,sex_f,age_aggregate_total,edu_isced97_6,2012,92.098
ecu,sex_f,age_aggregate_total,edu_isced97_6,2013,85.857
ecu,sex_f,age_aggregate_total,edu_isced97_6,2014,87.958
ecu,sex_f,age_aggregate_total,edu_isced97_6,2015,87.709
ecu,sex_f,age_aggregate_total,edu_isced97_6,2016,90.109
ecu,sex_f,age_aggregate_total,edu_isced97_6,2017,88.377
ecu,sex_f,age_aggregate_total,edu_isced97_6,2018,87.25
ecu,sex_f,age_aggregate_total,edu_isced97_6,2019,84.779
ecu,sex_f,age_aggregate_total,edu_isced97_6,2021,83.569
ecu,sex_f,age_aggregate_total,edu_isced97_6,2022,84.298
ecu,sex_f,age_aggregate_total,edu_isced97_6,2023,87.317
ecu,sex_f,age_aggregate_total,edu_isced97_6,2024,85.34
ecu,sex_f,age_aggregate_total,edu_isced97_total,2000,43.014
ecu,sex_f,age_aggregate_total,edu_isced97_total,2001,51.876
ecu,sex_f,age_aggregate_total,edu_isced97_total,2003,46.174
ecu,sex_f,age_aggregate_total,edu_isced97_total,2004,49.864
ecu,sex_f,age_aggregate_total,edu_isced97_total,2005,49.529
ecu,sex_f,age_aggregate_total,edu_isced97_total,2006,50.505
ecu,sex_f,age_aggregate_total,edu_isced97_total,2007,50.08
ecu,sex_f,age_aggregate_total,edu_isced97_total,2008,49.594
ecu,sex_f,age_aggregate_total,edu_isced97_total,2009,46.958
ecu,sex_f,age_aggregate_total,edu_isced97_total,2010,45.857
ecu,sex_f,age_aggregate_total,edu_isced97_total,2011,45.308
ecu,sex_f,age_aggregate_total,edu_isced97_total,2012,46.46
ecu,sex_f,age_aggregate_total,edu_isced97_total,2013,46.548
ecu,sex_f,age_aggregate_total,edu_isced97_total,2014,45.955
ecu,sex_f,age_aggregate_total,edu_isced97_total,2015,49.794
ecu,sex_f,age_aggregate_total,edu_isced97_total,2016,52.396
ecu,sex_f,age_aggregate_total,edu_isced97_total,2017,53.618
ecu,sex_f,age_aggregate_total,edu_isced97_total,2018,52.237
ecu,sex_f,age_aggregate_total,edu_isced97_total,2019,52.028
ecu,sex_f,age_aggregate_total,edu_isced97_total,2021,50.684
ecu,sex_f,age_aggregate_total,edu_isced97_total,2022,51.979
ecu,sex_f,age_aggregate_total,edu_isced97_total,2023,50.639
ecu,sex_f,age_aggregate_total,edu_isced97_total,2024,50.221
ecu,sex_f,age_aggregate_total,edu_isced97_unk,2001,37.249
ecu,sex_f,age_aggregate_total,edu_isced97_unk,2007,70.855
ecu,sex_f,age_aggregate_total,edu_isced97_unk,2008,100
ecu,sex_f,age_aggregate_total,edu_isced97_unk,2015,23.685
ecu,sex_f,age_aggregate_total,edu_isced97_unk,2016,43.586
ecu,sex_f,age_aggregate_total,edu_isced97_unk,2017,59.274
ecu,sex_f,age_aggregate_total,edu_isced97_unk,2018,54.179
ecu,sex_f,age_aggregate_total,edu_isced97_unk,2019,57.736
ecu,sex_f,age_aggregate_total,edu_isced97_unk,2021,78.146
ecu,sex_f,age_aggregate_total,edu_isced97_unk,2022,51.641
ecu,sex_f,age_aggregate_total,edu_isced97_unk,2023,68.994
ecu,sex_f,age_aggregate_total,edu_isced97_unk,2024,75.931
ecu,sex_f,age_aggregate_total,edu_isced97_x,2000,41.591
ecu,sex_f,age_aggregate_total,edu_isced97_x,2001,54.479
ecu,sex_f,age_aggregate_total,edu_isced97_x,2003,41.854
ecu,sex_f,age_aggregate_total,edu_isced97_x,2004,48.148
ecu,sex_f,age_aggregate_total,edu_isced97_x,2005,44.575
ecu,sex_f,age_aggregate_total,edu_isced97_x,2006,47.102
ecu,sex_f,age_aggregate_total,edu_isced97_x,2007,42.171
ecu,sex_f,age_aggregate_total,edu_isced97_x,2008,41.071
ecu,sex_f,age_aggregate_total,edu_isced97_x,2009,39.852
ecu,sex_f,age_aggregate_total,edu_isced97_x,2010,35.862
ecu,sex_f,age_aggregate_total,edu_isced97_x,2011,36.059
ecu,sex_f,age_aggregate_total,edu_isced97_x,2012,36.355
ecu,sex_f,age_aggregate_total,edu_isced97_x,2013,35.541
ecu,sex_f,age_aggregate_total,edu_isced97_x,2014,34.862
ecu,sex_f,age_aggregate_total,edu_isced97_x,2015,41.417
ecu,sex_f,age_aggregate_total,edu_isced97_x,2016,44.317
ecu,sex_f,age_aggregate_total,edu_isced97_x,2017,46.568
ecu,sex_f,age_aggregate_total,edu_isced97_x,2018,46.198
ecu,sex_f,age_aggregate_total,edu_isced97_x,2019,47.769
ecu,sex_f,age_aggregate_total,edu_isced97_x,2021,38.749
ecu,sex_f,age_aggregate_total,edu_isced97_x,2022,40.847
ecu,sex_f,age_aggregate_total,edu_isced97_x,2023,45.084
ecu,sex_f,age_aggregate_total,edu_isced97_x,2024,43.422
ecu,sex_f,age_aggregate_y15_24,edu_aggregate_adv,2000,46.374
ecu,sex_f,age_aggregate_y15_24,edu_aggregate_adv,2001,50.888
ecu,sex_f,age_aggregate_y15_24,edu_aggregate_adv,2003,49.075
ecu,sex_f,age_aggregate_y15_24,edu_aggregate_adv,2004,46.201
ecu,sex_f,age_aggregate_y15_24,edu_aggregate_adv,2005,51.21
ecu,sex_f,age_aggregate_y15_24,edu_aggregate_adv,2006,51.225
ecu,sex_f,age_aggregate_y15_24,edu_aggregate_adv,2007,53.527
ecu,sex_f,age_aggregate_y15_24,edu_aggregate_adv,2008,46.482
ecu,sex_f,age_aggregate_y15_24,edu_aggregate_adv,2009,46.387
ecu,sex_f,age_aggregate_y15_24,edu_aggregate_adv,2010,41.399
ecu,sex_f,age_aggregate_y15_24,edu_aggregate_adv,2011,40.934
ecu,sex_f,age_aggregate_y15_24,edu_aggregate_adv,2012,41.799
ecu,sex_f,age_aggregate_y15_24,edu_aggregate_adv,2013,40.13
ecu,sex_f,age_aggregate_y15_24,edu_aggregate_adv,2014,35.739
ecu,sex_f,age_aggregate_y15_24,edu_aggregate_adv,2015,38.018
ecu,sex_f,age_aggregate_y15_24,edu_aggregate_adv,2016,38.759
ecu,sex_f,age_aggregate_y15_24,edu_aggregate_adv,2017,40.655
ecu,sex_f,age_aggregate_y15_24,edu_aggregate_adv,2018,35.773
ecu,sex_f,age_aggregate_y15_24,edu_aggregate_adv,2019,36.363
ecu,sex_f,age_aggregate_y15_24,edu_aggregate_adv,2021,38.928
ecu,sex_f,age_aggregate_y15_24,edu_aggregate_adv,2022,38.675
ecu,sex_f,age_aggregate_y15_24,edu_aggregate_adv,2023,39.469
ecu,sex_f,age_aggregate_y15_24,edu_aggregate_adv,2024,38.9
ecu,sex_f,age_aggregate_y15_24,edu_aggregate_bas,2000,40.909
ecu,sex_f,age_aggregate_y15_24,edu_aggregate_bas,2001,51.048
ecu,sex_f,age_aggregate_y15_24,edu_aggregate_bas,2003,34.95
ecu,sex_f,age_aggregate_y15_24,edu_aggregate_bas,2004,37.379
ecu,sex_f,age_aggregate_y15_24,edu_aggregate_bas,2005,34.527
ecu,sex_f,age_aggregate_y15_24,edu_aggregate_bas,2006,35.84
ecu,sex_f,age_aggregate_y15_24,edu_aggregate_bas,2007,30.6
ecu,sex_f,age_aggregate_y15_24,edu_aggregate_bas,2008,30.522
ecu,sex_f,age_aggregate_y15_24,edu_aggregate_bas,2009,27.098
ecu,sex_f,age_aggregate_y15_24,edu_aggregate_bas,2010,24.815
ecu,sex_f,age_aggregate_y15_24,edu_aggregate_bas,2011,20.509
ecu,sex_f,age_aggregate_y15_24,edu_aggregate_bas,2012,21.024
ecu,sex_f,age_aggregate_y15_24,edu_aggregate_bas,2013,20.54
ecu,sex_f,age_aggregate_y15_24,edu_aggregate_bas,2014,18.956
ecu,sex_f,age_aggregate_y15_24,edu_aggregate_bas,2015,22.486
ecu,sex_f,age_aggregate_y15_24,edu_aggregate_bas,2016,25.003
ecu,sex_f,age_aggregate_y15_24,edu_aggregate_bas,2017,24.812
ecu,sex_f,age_aggregate_y15_24,edu_aggregate_bas,2018,23.844
ecu,sex_f,age_aggregate_y15_24,edu_aggregate_bas,2019,22.963
ecu,sex_f,age_aggregate_y15_24,edu_aggregate_bas,2021,22.874
ecu,sex_f,age_aggregate_y15_24,edu_aggregate_bas,2022,23.914
ecu,sex_f,age_aggregate_y15_24,edu_aggregate_bas,2023,22.566
ecu,sex_f,age_aggregate_y15_24,edu_aggregate_bas,2024,23.997
ecu,sex_f,age_aggregate_y15_24,edu_aggregate_int,2000,27.952
ecu,sex_f,age_aggregate_y15_24,edu_aggregate_int,2001,36.175
ecu,sex_f,age_aggregate_y15_24,edu_aggregate_int,2003,34.627
ecu,sex_f,age_aggregate_y15_24,edu_aggregate_int,2004,33.329
ecu,sex_f,age_aggregate_y15_24,edu_aggregate_int,2005,34.677
ecu,sex_f,age_aggregate_y15_24,edu_aggregate_int,2006,33.247
ecu,sex_f,age_aggregate_y15_24,edu_aggregate_int,2007,42.629
ecu,sex_f,age_aggregate_y15_24,edu_aggregate_int,2008,38.88
ecu,sex_f,age_aggregate_y15_24,edu_aggregate_int,2009,37.105
ecu,sex_f,age_aggregate_y15_24,edu_aggregate_int,2010,32.504
ecu,sex_f,age_aggregate_y15_24,edu_aggregate_int,2011,31.538
ecu,sex_f,age_aggregate_y15_24,edu_aggregate_int,2012,33.518
ecu,sex_f,age_aggregate_y15_24,edu_aggregate_int,2013,32.27
ecu,sex_f,age_aggregate_y15_24,edu_aggregate_int,2014,31.06
ecu,sex_f,age_aggregate_y15_24,edu_aggregate_int,2015,35.4
ecu,sex_f,age_aggregate_y15_24,edu_aggregate_int,2016,35.224
ecu,sex_f,age_aggregate_y15_24,edu_aggregate_int,2017,37.836
ecu,sex_f,age_aggregate_y15_24,edu_aggregate_int,2018,36.502
ecu,sex_f,age_aggregate_y15_24,edu_aggregate_int,2019,36.577
ecu,sex_f,age_aggregate_y15_24,edu_aggregate_int,2021,36.257
ecu,sex_f,age_aggregate_y15_24,edu_aggregate_int,2022,38.665
ecu,sex_f,age_aggregate_y15_24,edu_aggregate_int,2023,35.72
ecu,sex_f,age_aggregate_y15_24,edu_aggregate_int,2024,34.931
ecu,sex_f,age_aggregate_y15_24,edu_aggregate_ltb,2000,37.723
ecu,sex_f,age_aggregate_y15_24,edu_aggregate_ltb,2001,48.764
ecu,sex_f,age_aggregate_y15_24,edu_aggregate_ltb,2003,36.85
ecu,sex_f,age_aggregate_y15_24,edu_aggregate_ltb,2004,40.151
ecu,sex_f,age_aggregate_y15_24,edu_aggregate_ltb,2005,40.449
ecu,sex_f,age_aggregate_y15_24,edu_aggregate_ltb,2006,38.732
ecu,sex_f,age_aggregate_y15_24,edu_aggregate_ltb,2007,38.302
ecu,sex_f,age_aggregate_y15_24,edu_aggregate_ltb,2008,34.044
ecu,sex_f,age_aggregate_y15_24,edu_aggregate_ltb,2009,31.548
ecu,sex_f,age_aggregate_y15_24,edu_aggregate_ltb,2010,32.472
ecu,sex_f,age_aggregate_y15_24,edu_aggregate_ltb,2011,30.549
ecu,sex_f,age_aggregate_y15_24,edu_aggregate_ltb,2012,32.605
ecu,sex_f,age_aggregate_y15_24,edu_aggregate_ltb,2013,30.981
ecu,sex_f,age_aggregate_y15_24,edu_aggregate_ltb,2014,26.254
ecu,sex_f,age_aggregate_y15_24,edu_aggregate_ltb,2015,29.768
ecu,sex_f,age_aggregate_y15_24,edu_aggregate_ltb,2016,34.606
ecu,sex_f,age_aggregate_y15_24,edu_aggregate_ltb,2017,34.604
ecu,sex_f,age_aggregate_y15_24,edu_aggregate_ltb,2018,30.657
ecu,sex_f,age_aggregate_y15_24,edu_aggregate_ltb,2019,28.112
ecu,sex_f,age_aggregate_y15_24,edu_aggregate_ltb,2021,22.433
ecu,sex_f,age_aggregate_y15_24,edu_aggregate_ltb,2022,26.966
ecu,sex_f,age_aggregate_y15_24,edu_aggregate_ltb,2023,29.744
ecu,sex_f,age_aggregate_y15_24,edu_aggregate_ltb,2024,22.731
ecu,sex_f,age_aggregate_y15_24,edu_aggregate_total,2000,34.273
ecu,sex_f,age_aggregate_y15_24,edu_aggregate_total,2001,43.097
ecu,sex_f,age_aggregate_y15_24,edu_aggregate_total,2003,35.786
ecu,sex_f,age_aggregate_y15_24,edu_aggregate_total,2004,37.595
ecu,sex_f,age_aggregate_y15_24,edu_aggregate_total,2005,35.721
ecu,sex_f,age_aggregate_y15_24,edu_aggregate_total,2006,36.466
ecu,sex_f,age_aggregate_y15_24,edu_aggregate_total,2007,36.127
ecu,sex_f,age_aggregate_y15_24,edu_aggregate_total,2008,34.329
ecu,sex_f,age_aggregate_y15_24,edu_aggregate_total,2009,32.003
ecu,sex_f,age_aggregate_y15_24,edu_aggregate_total,2010,29.168
ecu,sex_f,age_aggregate_y15_24,edu_aggregate_total,2011,26.419
ecu,sex_f,age_aggregate_y15_24,edu_aggregate_total,2012,27.742
ecu,sex_f,age_aggregate_y15_24,edu_aggregate_total,2013,26.765
ecu,sex_f,age_aggregate_y15_24,edu_aggregate_total,2014,24.73
ecu,sex_f,age_aggregate_y15_24,edu_aggregate_total,2015,28.572
ecu,sex_f,age_aggregate_y15_24,edu_aggregate_total,2016,30.197
ecu,sex_f,age_aggregate_y15_24,edu_aggregate_total,2017,31.232
ecu,sex_f,age_aggregate_y15_24,edu_aggregate_total,2018,30.057
ecu,sex_f,age_aggregate_y15_24,edu_aggregate_total,2019,29.865
ecu,sex_f,age_aggregate_y15_24,edu_aggregate_total,2021,30.152
ecu,sex_f,age_aggregate_y15_24,edu_aggregate_total,2022,31.901
ecu,sex_f,age_aggregate_y15_24,edu_aggregate_total,2023,30.126
ecu,sex_f,age_aggregate_y15_24,edu_aggregate_total,2024,30.25
ecu,sex_f,age_aggregate_y15_24,edu_isced97_0,2000,40.714
ecu,sex_f,age_aggregate_y15_24,edu_isced97_0,2001,49.74
ecu,sex_f,age_aggregate_y15_24,edu_isced97_0,2003,41.84
ecu,sex_f,age_aggregate_y15_24,edu_isced97_0,2004,44.347
ecu,sex_f,age_aggregate_y15_24,edu_isced97_0,2005,49.624
ecu,sex_f,age_aggregate_y15_24,edu_isced97_0,2006,48.55
ecu,sex_f,age_aggregate_y15_24,edu_isced97_0,2007,40.398
ecu,sex_f,age_aggregate_y15_24,edu_isced97_0,2008,36.747
ecu,sex_f,age_aggregate_y15_24,edu_isced97_0,2009,32.923
ecu,sex_f,age_aggregate_y15_24,edu_isced97_0,2010,33.562
ecu,sex_f,age_aggregate_y15_24,edu_isced97_0,2011,33.321
ecu,sex_f,age_aggregate_y15_24,edu_isced97_0,2012,35.75
ecu,sex_f,age_aggregate_y15_24,edu_isced97_0,2013,34.139
ecu,sex_f,age_aggregate_y15_24,edu_isced97_0,2014,30.256
ecu,sex_f,age_aggregate_y15_24,edu_isced97_0,2015,36.056
ecu,sex_f,age_aggregate_y15_24,edu_isced97_0,2016,42.374
ecu,sex_f,age_aggregate_y15_24,edu_isced97_0,2017,38.884
ecu,sex_f,age_aggregate_y15_24,edu_isced97_0,2018,36.7
ecu,sex_f,age_aggregate_y15_24,edu_isced97_0,2019,32.539
ecu,sex_f,age_aggregate_y15_24,edu_isced97_0,2021,28.05
ecu,sex_f,age_aggregate_y15_24,edu_isced97_0,2022,34.797
ecu,sex_f,age_aggregate_y15_24,edu_isced97_0,2023,37.754
ecu,sex_f,age_aggregate_y15_24,edu_isced97_0,2024,30.978
ecu,sex_f,age_aggregate_y15_24,edu_isced97_1,2000,48.752
ecu,sex_f,age_aggregate_y15_24,edu_isced97_1,2001,53.562
ecu,sex_f,age_aggregate_y15_24,edu_isced97_1,2003,41.03
ecu,sex_f,age_aggregate_y15_24,edu_isced97_1,2004,47.184
ecu,sex_f,age_aggregate_y15_24,edu_isced97_1,2005,37.402
ecu,sex_f,age_aggregate_y15_24,edu_isced97_1,2006,38.465
ecu,sex_f,age_aggregate_y15_24,edu_isced97_1,2007,40.069
ecu,sex_f,age_aggregate_y15_24,edu_isced97_1,2008,41.927
ecu,sex_f,age_aggregate_y15_24,edu_isced97_1,2009,38.323
ecu,sex_f,age_aggregate_y15_24,edu_isced97_1,2010,38.083
ecu,sex_f,age_aggregate_y15_24,edu_isced97_1,2011,30.483
ecu,sex_f,age_aggregate_y15_24,edu_isced97_1,2012,32.594
ecu,sex_f,age_aggregate_y15_24,edu_isced97_1,2013,31.963
ecu,sex_f,age_aggregate_y15_24,edu_isced97_1,2014,30.253
ecu,sex_f,age_aggregate_y15_24,edu_isced97_1,2015,33.872
ecu,sex_f,age_aggregate_y15_24,edu_isced97_1,2016,37.876
ecu,sex_f,age_aggregate_y15_24,edu_isced97_1,2017,36.786
ecu,sex_f,age_aggregate_y15_24,edu_isced97_1,2018,34.808
ecu,sex_f,age_aggregate_y15_24,edu_isced97_1,2019,33.172
ecu,sex_f,age_aggregate_y15_24,edu_isced97_1,2021,31.008
ecu,sex_f,age_aggregate_y15_24,edu_isced97_1,2022,34.647
ecu,sex_f,age_aggregate_y15_24,edu_isced97_1,2023,36.584
ecu,sex_f,age_aggregate_y15_24,edu_isced97_1,2024,39.46
ecu,sex_f,age_aggregate_y15_24,edu_isced97_2,2000,39.817
ecu,sex_f,age_aggregate_y15_24,edu_isced97_2,2001,50.617
ecu,sex_f,age_aggregate_y15_24,edu_isced97_2,2003,29.401
ecu,sex_f,age_aggregate_y15_24,edu_isced97_2,2004,29.206
ecu,sex_f,age_aggregate_y15_24,edu_isced97_2,2005,31.533
ecu,sex_f,age_aggregate_y15_24,edu_isced97_2,2006,32.702
ecu,sex_f,age_aggregate_y15_24,edu_isced97_2,2007,22.748
ecu,sex_f,age_aggregate_y15_24,edu_isced97_2,2008,21.752
ecu,sex_f,age_aggregate_y15_24,edu_isced97_2,2009,19.271
ecu,sex_f,age_aggregate_y15_24,edu_isced97_2,2010,16.803
ecu,sex_f,age_aggregate_y15_24,edu_isced97_2,2011,14.778
ecu,sex_f,age_aggregate_y15_24,edu_isced97_2,2012,15.29
ecu,sex_f,age_aggregate_y15_24,edu_isced97_2,2013,14.763
ecu,sex_f,age_aggregate_y15_24,edu_isced97_2,2014,13.14
ecu,sex_f,age_aggregate_y15_24,edu_isced97_2,2015,17.119
ecu,sex_f,age_aggregate_y15_24,edu_isced97_2,2016,20.006
ecu,sex_f,age_aggregate_y15_24,edu_isced97_2,2017,20.793
ecu,sex_f,age_aggregate_y15_24,edu_isced97_2,2018,20.063
ecu,sex_f,age_aggregate_y15_24,edu_isced97_2,2019,19.762
ecu,sex_f,age_aggregate_y15_24,edu_isced97_2,2021,20.445
ecu,sex_f,age_aggregate_y15_24,edu_isced97_2,2022,20.832
ecu,sex_f,age_aggregate_y15_24,edu_isced97_2,2023,19.119
ecu,sex_f,age_aggregate_y15_24,edu_isced97_2,2024,20.128
ecu,sex_f,age_aggregate_y15_24,edu_isced97_3,2000,27.952
ecu,sex_f,age_aggregate_y15_24,edu_isced97_3,2001,36.175
ecu,sex_f,age_aggregate_y15_24,edu_isced97_3,2003,34.142
ecu,sex_f,age_aggregate_y15_24,edu_isced97_3,2004,32.18
ecu,sex_f,age_aggregate_y15_24,edu_isced97_3,2005,33.478
ecu,sex_f,age_aggregate_y15_24,edu_isced97_3,2006,33.118
ecu,sex_f,age_aggregate_y15_24,edu_isced97_3,2007,42.307
ecu,sex_f,age_aggregate_y15_24,edu_isced97_3,2008,38.691
ecu,sex_f,age_aggregate_y15_24,edu_isced97_3,2009,36.944
ecu,sex_f,age_aggregate_y15_24,edu_isced97_3,2010,32.331
ecu,sex_f,age_aggregate_y15_24,edu_isced97_3,2011,31.383
ecu,sex_f,age_aggregate_y15_24,edu_isced97_3,2012,33.401
ecu,sex_f,age_aggregate_y15_24,edu_isced97_3,2013,32.1
ecu,sex_f,age_aggregate_y15_24,edu_isced97_3,2014,30.881
ecu,sex_f,age_aggregate_y15_24,edu_isced97_3,2015,35.067
ecu,sex_f,age_aggregate_y15_24,edu_isced97_3,2016,34.873
ecu,sex_f,age_aggregate_y15_24,edu_isced97_3,2017,37.357
ecu,sex_f,age_aggregate_y15_24,edu_isced97_3,2018,36.207
ecu,sex_f,age_aggregate_y15_24,edu_isced97_3,2019,36.422
ecu,sex_f,age_aggregate_y15_24,edu_isced97_3,2021,35.845
ecu,sex_f,age_aggregate_y15_24,edu_isced97_3,2022,38.186
ecu,sex_f,age_aggregate_y15_24,edu_isced97_3,2023,35.118
ecu,sex_f,age_aggregate_y15_24,edu_isced97_3,2024,34.525
ecu,sex_f,age_aggregate_y15_24,edu_isced97_4,2003,43.141
ecu,sex_f,age_aggregate_y15_24,edu_isced97_4,2004,60.268
ecu,sex_f,age_aggregate_y15_24,edu_isced97_4,2005,64.783
ecu,sex_f,age_aggregate_y15_24,edu_isced97_4,2006,46.721
ecu,sex_f,age_aggregate_y15_24,edu_isced97_4,2007,84.949
ecu,sex_f,age_aggregate_y15_24,edu_isced97_4,2008,69.558
ecu,sex_f,age_aggregate_y15_24,edu_isced97_4,2009,66.255
ecu,sex_f,age_aggregate_y15_24,edu_isced97_4,2010,61.428
ecu,sex_f,age_aggregate_y15_24,edu_isced97_4,2011,53.099
ecu,sex_f,age_aggregate_y15_24,edu_isced97_4,2012,73.458
ecu,sex_f,age_aggregate_y15_24,edu_isced97_4,2013,47.973
ecu,sex_f,age_aggregate_y15_24,edu_isced97_4,2014,50.647
ecu,sex_f,age_aggregate_y15_24,edu_isced97_4,2015,65.773
ecu,sex_f,age_aggregate_y15_24,edu_isced97_4,2016,59.099
ecu,sex_f,age_aggregate_y15_24,edu_isced97_4,2017,71.521
ecu,sex_f,age_aggregate_y15_24,edu_isced97_4,2018,61.775
ecu,sex_f,age_aggregate_y15_24,edu_isced97_4,2019,50.735
ecu,sex_f,age_aggregate_y15_24,edu_isced97_4,2021,65.769
ecu,sex_f,age_aggregate_y15_24,edu_isced97_4,2022,62.55
ecu,sex_f,age_aggregate_y15_24,edu_isced97_4,2023,63.426
ecu,sex_f,age_aggregate_y15_24,edu_isced97_4,2024,55.753
ecu,sex_f,age_aggregate_y15_24,edu_isced97_5,2000,46.374
ecu,sex_f,age_aggregate_y15_24,edu_isced97_5,2001,51
ecu,sex_f,age_aggregate_y15_24,edu_isced97_5,2003,49.075
ecu,sex_f,age_aggregate_y15_24,edu_isced97_5,2004,46.096
ecu,sex_f,age_aggregate_y15_24,edu_isced97_5,2005,51.268
ecu,sex_f,age_aggregate_y15_24,edu_isced97_5,2006,51.225
ecu,sex_f,age_aggregate_y15_24,edu_isced97_5,2007,53.545
ecu,sex_f,age_aggregate_y15_24,edu_isced97_5,2008,46.496
ecu,sex_f,age_aggregate_y15_24,edu_isced97_5,2009,46.132
ecu,sex_f,age_aggregate_y15_24,edu_isced97_5,2010,41.334
ecu,sex_f,age_aggregate_y15_24,edu_isced97_5,2011,40.571
ecu,sex_f,age_aggregate_y15_24,edu_isced97_5,2012,41.781
ecu,sex_f,age_aggregate_y15_24,edu_isced97_5,2013,39.965
ecu,sex_f,age_aggregate_y15_24,edu_isced97_5,2014,35.698
ecu,sex_f,age_aggregate_y15_24,edu_isced97_5,2015,37.936
ecu,sex_f,age_aggregate_y15_24,edu_isced97_5,2016,38.665
ecu,sex_f,age_aggregate_y15_24,edu_isced97_5,2017,40.689
ecu,sex_f,age_aggregate_y15_24,edu_isced97_5,2018,35.75
ecu,sex_f,age_aggregate_y15_24,edu_isced97_5,2019,36.304
ecu,sex_f,age_aggregate_y15_24,edu_isced97_5,2021,38.819
ecu,sex_f,age_aggregate_y15_24,edu_isced97_5,2022,38.551
ecu,sex_f,age_aggregate_y15_24,edu_isced97_5,2023,39.39
ecu,sex_f,age_aggregate_y15_24,edu_isced97_5,2024,38.598
ecu,sex_f,age_aggregate_y15_24,edu_isced97_6,2019,59.16
ecu,sex_f,age_aggregate_y15_24,edu_isced97_6,2021,72.56
ecu,sex_f,age_aggregate_y15_24,edu_isced97_6,2022,60.056
ecu,sex_f,age_aggregate_y15_24,edu_isced97_6,2023,67.671
ecu,sex_f,age_aggregate_y15_24,edu_isced97_6,2024,63.717
ecu,sex_f,age_aggregate_y15_24,edu_isced97_total,2000,34.273
ecu,sex_f,age_aggregate_y15_24,edu_isced97_total,2001,43.097
ecu,sex_f,age_aggregate_y15_24,edu_isced97_total,2003,35.786
ecu,sex_f,age_aggregate_y15_24,edu_isced97_total,2004,37.595
ecu,sex_f,age_aggregate_y15_24,edu_isced97_total,2005,35.721
ecu,sex_f,age_aggregate_y15_24,edu_isced97_total,2006,36.466
ecu,sex_f,age_aggregate_y15_24,edu_isced97_total,2007,36.127
ecu,sex_f,age_aggregate_y15_24,edu_isced97_total,2008,34.329
ecu,sex_f,age_aggregate_y15_24,edu_isced97_total,2009,32.003
ecu,sex_f,age_aggregate_y15_24,edu_isced97_total,2010,29.168
ecu,sex_f,age_aggregate_y15_24,edu_isced97_total,2011,26.419
ecu,sex_f,age_aggregate_y15_24,edu_isced97_total,2012,27.742
ecu,sex_f,age_aggregate_y15_24,edu_isced97_total,2013,26.765
ecu,sex_f,age_aggregate_y15_24,edu_isced97_total,2014,24.73
ecu,sex_f,age_aggregate_y15_24,edu_isced97_total,2015,28.572
ecu,sex_f,age_aggregate_y15_24,edu_isced97_total,2016,30.197
ecu,sex_f,age_aggregate_y15_24,edu_isced97_total,2017,31.232
ecu,sex_f,age_aggregate_y15_24,edu_isced97_total,2018,30.057
ecu,sex_f,age_aggregate_y15_24,edu_isced97_total,2019,29.865
ecu,sex_f,age_aggregate_y15_24,edu_isced97_total,2021,30.152
ecu,sex_f,age_aggregate_y15_24,edu_isced97_total,2022,31.901
ecu,sex_f,age_aggregate_y15_24,edu_isced97_total,2023,30.126
ecu,sex_f,age_aggregate_y15_24,edu_isced97_total,2024,30.25
ecu,sex_f,age_aggregate_y15_24,edu_isced97_x,2000,34.733
ecu,sex_f,age_aggregate_y15_24,edu_isced97_x,2001,47.773
ecu,sex_f,age_aggregate_y15_24,edu_isced97_x,2003,32.385
ecu,sex_f,age_aggregate_y15_24,edu_isced97_x,2004,35.338
ecu,sex_f,age_aggregate_y15_24,edu_isced97_x,2005,29.755
ecu,sex_f,age_aggregate_y15_24,edu_isced97_x,2006,30.594
ecu,sex_f,age_aggregate_y15_24,edu_isced97_x,2007,25.221
ecu,sex_f,age_aggregate_y15_24,edu_isced97_x,2008,22.258
ecu,sex_f,age_aggregate_y15_24,edu_isced97_x,2009,23.454
ecu,sex_f,age_aggregate_y15_24,edu_isced97_x,2010,26.347
ecu,sex_f,age_aggregate_y15_24,edu_isced97_x,2011,20.225
ecu,sex_f,age_aggregate_y15_24,edu_isced97_x,2012,17.757
ecu,sex_f,age_aggregate_y15_24,edu_isced97_x,2013,21.234
ecu,sex_f,age_aggregate_y15_24,edu_isced97_x,2014,8.841
ecu,sex_f,age_aggregate_y15_24,edu_isced97_x,2015,8.06
ecu,sex_f,age_aggregate_y15_24,edu_isced97_x,2016,8.506
ecu,sex_f,age_aggregate_y15_24,edu_isced97_x,2017,14.127
ecu,sex_f,age_aggregate_y15_24,edu_isced97_x,2018,9.481
ecu,sex_f,age_aggregate_y15_24,edu_isced97_x,2019,14.289
ecu,sex_f,age_aggregate_y15_24,edu_isced97_x,2022,7.833
ecu,sex_f,age_aggregate_y15_24,edu_isced97_x,2023,11.686
ecu,sex_f,age_aggregate_y15_24,edu_isced97_x,2024,5.093
ecu,sex_f,age_aggregate_y25_54,edu_aggregate_adv,2000,74.443
ecu,sex_f,age_aggregate_y25_54,edu_aggregate_adv,2001,73.907
ecu,sex_f,age_aggregate_y25_54,edu_aggregate_adv,2003,79.171
ecu,sex_f,age_aggregate_y25_54,edu_aggregate_adv,2004,79.761
ecu,sex_f,age_aggregate_y25_54,edu_aggregate_adv,2005,79.999
ecu,sex_f,age_aggregate_y25_54,edu_aggregate_adv,2006,82.056
ecu,sex_f,age_aggregate_y25_54,edu_aggregate_adv,2007,79.649
ecu,sex_f,age_aggregate_y25_54,edu_aggregate_adv,2008,80.56
ecu,sex_f,age_aggregate_y25_54,edu_aggregate_adv,2009,76.115
ecu,sex_f,age_aggregate_y25_54,edu_aggregate_adv,2010,79.267
ecu,sex_f,age_aggregate_y25_54,edu_aggregate_adv,2011,79.398
ecu,sex_f,age_aggregate_y25_54,edu_aggregate_adv,2012,80.756
ecu,sex_f,age_aggregate_y25_54,edu_aggregate_adv,2013,79.689
ecu,sex_f,age_aggregate_y25_54,edu_aggregate_adv,2014,78.278
ecu,sex_f,age_aggregate_y25_54,edu_aggregate_adv,2015,78.827
ecu,sex_f,age_aggregate_y25_54,edu_aggregate_adv,2016,78.787
ecu,sex_f,age_aggregate_y25_54,edu_aggregate_adv,2017,78.198
ecu,sex_f,age_aggregate_y25_54,edu_aggregate_adv,2018,79.762
ecu,sex_f,age_aggregate_y25_54,edu_aggregate_adv,2019,79.523
ecu,sex_f,age_aggregate_y25_54,edu_aggregate_adv,2021,77.421
ecu,sex_f,age_aggregate_y25_54,edu_aggregate_adv,2022,79.834
ecu,sex_f,age_aggregate_y25_54,edu_aggregate_adv,2023,78.417
ecu,sex_f,age_aggregate_y25_54,edu_aggregate_adv,2024,78.682
ecu,sex_f,age_aggregate_y25_54,edu_aggregate_bas,2000,45.466
ecu,sex_f,age_aggregate_y25_54,edu_aggregate_bas,2001,56.179
ecu,sex_f,age_aggregate_y25_54,edu_aggregate_bas,2003,51.564
ecu,sex_f,age_aggregate_y25_54,edu_aggregate_bas,2004,56.073
ecu,sex_f,age_aggregate_y25_54,edu_aggregate_bas,2005,56.363
ecu,sex_f,age_aggregate_y25_54,edu_aggregate_bas,2006,57.943
ecu,sex_f,age_aggregate_y25_54,edu_aggregate_bas,2007,56.904
ecu,sex_f,age_aggregate_y25_54,edu_aggregate_bas,2008,56.428
ecu,sex_f,age_aggregate_y25_54,edu_aggregate_bas,2009,53.667
ecu,sex_f,age_aggregate_y25_54,edu_aggregate_bas,2010,53.254
ecu,sex_f,age_aggregate_y25_54,edu_aggregate_bas,2011,52.846
ecu,sex_f,age_aggregate_y25_54,edu_aggregate_bas,2012,54.587
ecu,sex_f,age_aggregate_y25_54,edu_aggregate_bas,2013,55.004
ecu,sex_f,age_aggregate_y25_54,edu_aggregate_bas,2014,54.394
ecu,sex_f,age_aggregate_y25_54,edu_aggregate_bas,2015,58.777
ecu,sex_f,age_aggregate_y25_54,edu_aggregate_bas,2016,61.637
ecu,sex_f,age_aggregate_y25_54,edu_aggregate_bas,2017,64.535
ecu,sex_f,age_aggregate_y25_54,edu_aggregate_bas,2018,63.219
ecu,sex_f,age_aggregate_y25_54,edu_aggregate_bas,2019,62.117
ecu,sex_f,age_aggregate_y25_54,edu_aggregate_bas,2021,62.307
ecu,sex_f,age_aggregate_y25_54,edu_aggregate_bas,2022,62.117
ecu,sex_f,age_aggregate_y25_54,edu_aggregate_bas,2023,60.859
ecu,sex_f,age_aggregate_y25_54,edu_aggregate_bas,2024,59.689
ecu,sex_f,age_aggregate_y25_54,edu_aggregate_int,2000,52.14
ecu,sex_f,age_aggregate_y25_54,edu_aggregate_int,2001,59.328
ecu,sex_f,age_aggregate_y25_54,edu_aggregate_int,2003,63.153
ecu,sex_f,age_aggregate_y25_54,edu_aggregate_int,2004,65.23
ecu,sex_f,age_aggregate_y25_54,edu_aggregate_int,2005,66.312
ecu,sex_f,age_aggregate_y25_54,edu_aggregate_int,2006,65.15
ecu,sex_f,age_aggregate_y25_54,edu_aggregate_int,2007,62.561
ecu,sex_f,age_aggregate_y25_54,edu_aggregate_int,2008,62.183
ecu,sex_f,age_aggregate_y25_54,edu_aggregate_int,2009,59.912
ecu,sex_f,age_aggregate_y25_54,edu_aggregate_int,2010,60.672
ecu,sex_f,age_aggregate_y25_54,edu_aggregate_int,2011,60.807
ecu,sex_f,age_aggregate_y25_54,edu_aggregate_int,2012,62.068
ecu,sex_f,age_aggregate_y25_54,edu_aggregate_int,2013,59.562
ecu,sex_f,age_aggregate_y25_54,edu_aggregate_int,2014,58.132
ecu,sex_f,age_aggregate_y25_54,edu_aggregate_int,2015,59.653
ecu,sex_f,age_aggregate_y25_54,edu_aggregate_int,2016,62.899
ecu,sex_f,age_aggregate_y25_54,edu_aggregate_int,2017,64.496
ecu,sex_f,age_aggregate_y25_54,edu_aggregate_int,2018,61.88
ecu,sex_f,age_aggregate_y25_54,edu_aggregate_int,2019,62.203
ecu,sex_f,age_aggregate_y25_54,edu_aggregate_int,2021,61.462
ecu,sex_f,age_aggregate_y25_54,edu_aggregate_int,2022,62.975
ecu,sex_f,age_aggregate_y25_54,edu_aggregate_int,2023,60.708
ecu,sex_f,age_aggregate_y25_54,edu_aggregate_int,2024,60.041
ecu,sex_f,age_aggregate_y25_54,edu_aggregate_ltb,2000,52.723
ecu,sex_f,age_aggregate_y25_54,edu_aggregate_ltb,2001,64.551
ecu,sex_f,age_aggregate_y25_54,edu_aggregate_ltb,2003,52.51
ecu,sex_f,age_aggregate_y25_54,edu_aggregate_ltb,2004,59.883
ecu,sex_f,age_aggregate_y25_54,edu_aggregate_ltb,2005,56.841
ecu,sex_f,age_aggregate_y25_54,edu_aggregate_ltb,2006,58.981
ecu,sex_f,age_aggregate_y25_54,edu_aggregate_ltb,2007,55.615
ecu,sex_f,age_aggregate_y25_54,edu_aggregate_ltb,2008,55.052
ecu,sex_f,age_aggregate_y25_54,edu_aggregate_ltb,2009,52.279
ecu,sex_f,age_aggregate_y25_54,edu_aggregate_ltb,2010,51.744
ecu,sex_f,age_aggregate_y25_54,edu_aggregate_ltb,2011,50.322
ecu,sex_f,age_aggregate_y25_54,edu_aggregate_ltb,2012,51.887
ecu,sex_f,age_aggregate_y25_54,edu_aggregate_ltb,2013,51.867
ecu,sex_f,age_aggregate_y25_54,edu_aggregate_ltb,2014,52.791
ecu,sex_f,age_aggregate_y25_54,edu_aggregate_ltb,2015,58.321
ecu,sex_f,age_aggregate_y25_54,edu_aggregate_ltb,2016,62.734
ecu,sex_f,age_aggregate_y25_54,edu_aggregate_ltb,2017,64.563
ecu,sex_f,age_aggregate_y25_54,edu_aggregate_ltb,2018,63.328
ecu,sex_f,age_aggregate_y25_54,edu_aggregate_ltb,2019,63.781
ecu,sex_f,age_aggregate_y25_54,edu_aggregate_ltb,2021,60.831
ecu,sex_f,age_aggregate_y25_54,edu_aggregate_ltb,2022,57.889
ecu,sex_f,age_aggregate_y25_54,edu_aggregate_ltb,2023,59.371
ecu,sex_f,age_aggregate_y25_54,edu_aggregate_ltb,2024,59.292
ecu,sex_f,age_aggregate_y25_54,edu_aggregate_total,2000,52.548
ecu,sex_f,age_aggregate_y25_54,edu_aggregate_total,2001,60.84
ecu,sex_f,age_aggregate_y25_54,edu_aggregate_total,2003,56.51
ecu,sex_f,age_aggregate_y25_54,edu_aggregate_total,2004,60.754
ecu,sex_f,age_aggregate_y25_54,edu_aggregate_total,2005,60.784
ecu,sex_f,age_aggregate_y25_54,edu_aggregate_total,2006,62.383
ecu,sex_f,age_aggregate_y25_54,edu_aggregate_total,2007,61.672
ecu,sex_f,age_aggregate_y25_54,edu_aggregate_total,2008,61.718
ecu,sex_f,age_aggregate_y25_54,edu_aggregate_total,2009,58.866
ecu,sex_f,age_aggregate_y25_54,edu_aggregate_total,2010,59.625
ecu,sex_f,age_aggregate_y25_54,edu_aggregate_total,2011,59.615
ecu,sex_f,age_aggregate_y25_54,edu_aggregate_total,2012,61.36
ecu,sex_f,age_aggregate_y25_54,edu_aggregate_total,2013,60.62
ecu,sex_f,age_aggregate_y25_54,edu_aggregate_total,2014,59.775
ecu,sex_f,age_aggregate_y25_54,edu_aggregate_total,2015,62.84
ecu,sex_f,age_aggregate_y25_54,edu_aggregate_total,2016,65.592
ecu,sex_f,age_aggregate_y25_54,edu_aggregate_total,2017,67.194
ecu,sex_f,age_aggregate_y25_54,edu_aggregate_total,2018,66.018
ecu,sex_f,age_aggregate_y25_54,edu_aggregate_total,2019,65.63
ecu,sex_f,age_aggregate_y25_54,edu_aggregate_total,2021,64.848
ecu,sex_f,age_aggregate_y25_54,edu_aggregate_total,2022,65.363
ecu,sex_f,age_aggregate_y25_54,edu_aggregate_total,2023,64.07
ecu,sex_f,age_aggregate_y25_54,edu_aggregate_total,2024,63.269
ecu,sex_f,age_aggregate_y25_54,edu_aggregate_x,2001,52.043
ecu,sex_f,age_aggregate_y25_54,edu_aggregate_x,2007,78.428
ecu,sex_f,age_aggregate_y25_54,edu_aggregate_x,2008,100
ecu,sex_f,age_aggregate_y25_54,edu_aggregate_x,2016,59.914
ecu,sex_f,age_aggregate_y25_54,edu_aggregate_x,2017,58.21
ecu,sex_f,age_aggregate_y25_54,edu_aggregate_x,2018,58.542
ecu,sex_f,age_aggregate_y25_54,edu_aggregate_x,2019,60.444
ecu,sex_f,age_aggregate_y25_54,edu_aggregate_x,2021,92.329
ecu,sex_f,age_aggregate_y25_54,edu_aggregate_x,2023,75.846
ecu,sex_f,age_aggregate_y25_54,edu_isced97_0,2000,48.702
ecu,sex_f,age_aggregate_y25_54,edu_isced97_0,2001,62.595
ecu,sex_f,age_aggregate_y25_54,edu_isced97_0,2003,51.331
ecu,sex_f,age_aggregate_y25_54,edu_isced97_0,2004,57.985
ecu,sex_f,age_aggregate_y25_54,edu_isced97_0,2005,59.407
ecu,sex_f,age_aggregate_y25_54,edu_isced97_0,2006,56.718
ecu,sex_f,age_aggregate_y25_54,edu_isced97_0,2007,56.529
ecu,sex_f,age_aggregate_y25_54,edu_isced97_0,2008,55.777
ecu,sex_f,age_aggregate_y25_54,edu_isced97_0,2009,52.603
ecu,sex_f,age_aggregate_y25_54,edu_isced97_0,2010,52.26
ecu,sex_f,age_aggregate_y25_54,edu_isced97_0,2011,51.183
ecu,sex_f,age_aggregate_y25_54,edu_isced97_0,2012,53.347
ecu,sex_f,age_aggregate_y25_54,edu_isced97_0,2013,53.425
ecu,sex_f,age_aggregate_y25_54,edu_isced97_0,2014,54.81
ecu,sex_f,age_aggregate_y25_54,edu_isced97_0,2015,59.613
ecu,sex_f,age_aggregate_y25_54,edu_isced97_0,2016,65.35
ecu,sex_f,age_aggregate_y25_54,edu_isced97_0,2017,66.573
ecu,sex_f,age_aggregate_y25_54,edu_isced97_0,2018,64.731
ecu,sex_f,age_aggregate_y25_54,edu_isced97_0,2019,65.083
ecu,sex_f,age_aggregate_y25_54,edu_isced97_0,2021,64.53
ecu,sex_f,age_aggregate_y25_54,edu_isced97_0,2022,62.242
ecu,sex_f,age_aggregate_y25_54,edu_isced97_0,2023,61.167
ecu,sex_f,age_aggregate_y25_54,edu_isced97_0,2024,61.769
ecu,sex_f,age_aggregate_y25_54,edu_isced97_1,2000,44.674
ecu,sex_f,age_aggregate_y25_54,edu_isced97_1,2001,59.301
ecu,sex_f,age_aggregate_y25_54,edu_isced97_1,2003,48.899
ecu,sex_f,age_aggregate_y25_54,edu_isced97_1,2004,55.511
ecu,sex_f,age_aggregate_y25_54,edu_isced97_1,2005,55.808
ecu,sex_f,age_aggregate_y25_54,edu_isced97_1,2006,56.045
ecu,sex_f,age_aggregate_y25_54,edu_isced97_1,2007,55.786
ecu,sex_f,age_aggregate_y25_54,edu_isced97_1,2008,55.156
ecu,sex_f,age_aggregate_y25_54,edu_isced97_1,2009,52.767
ecu,sex_f,age_aggregate_y25_54,edu_isced97_1,2010,52.541
ecu,sex_f,age_aggregate_y25_54,edu_isced97_1,2011,51.711
ecu,sex_f,age_aggregate_y25_54,edu_isced97_1,2012,53.619
ecu,sex_f,age_aggregate_y25_54,edu_isced97_1,2013,54.748
ecu,sex_f,age_aggregate_y25_54,edu_isced97_1,2014,53.749
ecu,sex_f,age_aggregate_y25_54,edu_isced97_1,2015,59.366
ecu,sex_f,age_aggregate_y25_54,edu_isced97_1,2016,62.863
ecu,sex_f,age_aggregate_y25_54,edu_isced97_1,2017,65.785
ecu,sex_f,age_aggregate_y25_54,edu_isced97_1,2018,63.636
ecu,sex_f,age_aggregate_y25_54,edu_isced97_1,2019,62.836
ecu,sex_f,age_aggregate_y25_54,edu_isced97_1,2021,63.592
ecu,sex_f,age_aggregate_y25_54,edu_isced97_1,2022,63.036
ecu,sex_f,age_aggregate_y25_54,edu_isced97_1,2023,61.112
ecu,sex_f,age_aggregate_y25_54,edu_isced97_1,2024,59.685
ecu,sex_f,age_aggregate_y25_54,edu_isced97_2,2000,45.724
ecu,sex_f,age_aggregate_y25_54,edu_isced97_2,2001,55.212
ecu,sex_f,age_aggregate_y25_54,edu_isced97_2,2003,55.27
ecu,sex_f,age_aggregate_y25_54,edu_isced97_2,2004,56.838
ecu,sex_f,age_aggregate_y25_54,edu_isced97_2,2005,57.114
ecu,sex_f,age_aggregate_y25_54,edu_isced97_2,2006,60.486
ecu,sex_f,age_aggregate_y25_54,edu_isced97_2,2007,59.892
ecu,sex_f,age_aggregate_y25_54,edu_isced97_2,2008,59.822
ecu,sex_f,age_aggregate_y25_54,edu_isced97_2,2009,56.29
ecu,sex_f,age_aggregate_y25_54,edu_isced97_2,2010,55.085
ecu,sex_f,age_aggregate_y25_54,edu_isced97_2,2011,55.826
ecu,sex_f,age_aggregate_y25_54,edu_isced97_2,2012,56.959
ecu,sex_f,age_aggregate_y25_54,edu_isced97_2,2013,55.687
ecu,sex_f,age_aggregate_y25_54,edu_isced97_2,2014,56.246
ecu,sex_f,age_aggregate_y25_54,edu_isced97_2,2015,57.23
ecu,sex_f,age_aggregate_y25_54,edu_isced97_2,2016,58.546
ecu,sex_f,age_aggregate_y25_54,edu_isced97_2,2017,61.276
ecu,sex_f,age_aggregate_y25_54,edu_isced97_2,2018,62.044
ecu,sex_f,age_aggregate_y25_54,edu_isced97_2,2019,60.122
ecu,sex_f,age_aggregate_y25_54,edu_isced97_2,2021,58.938
ecu,sex_f,age_aggregate_y25_54,edu_isced97_2,2022,59.614
ecu,sex_f,age_aggregate_y25_54,edu_isced97_2,2023,60.123
ecu,sex_f,age_aggregate_y25_54,edu_isced97_2,2024,59.703
ecu,sex_f,age_aggregate_y25_54,edu_isced97_3,2000,52.14
ecu,sex_f,age_aggregate_y25_54,edu_isced97_3,2001,59.328
ecu,sex_f,age_aggregate_y25_54,edu_isced97_3,2003,63.409
ecu,sex_f,age_aggregate_y25_54,edu_isced97_3,2004,63.262
ecu,sex_f,age_aggregate_y25_54,edu_isced97_3,2005,65.268
ecu,sex_f,age_aggregate_y25_54,edu_isced97_3,2006,62.393
ecu,sex_f,age_aggregate_y25_54,edu_isced97_3,2007,62.22
ecu,sex_f,age_aggregate_y25_54,edu_isced97_3,2008,62.029
ecu,sex_f,age_aggregate_y25_54,edu_isced97_3,2009,59.723
ecu,sex_f,age_aggregate_y25_54,edu_isced97_3,2010,60.447
ecu,sex_f,age_aggregate_y25_54,edu_isced97_3,2011,60.43
ecu,sex_f,age_aggregate_y25_54,edu_isced97_3,2012,61.746
ecu,sex_f,age_aggregate_y25_54,edu_isced97_3,2013,59.085
ecu,sex_f,age_aggregate_y25_54,edu_isced97_3,2014,57.57
ecu,sex_f,age_aggregate_y25_54,edu_isced97_3,2015,59.024
ecu,sex_f,age_aggregate_y25_54,edu_isced97_3,2016,62.271
ecu,sex_f,age_aggregate_y25_54,edu_isced97_3,2017,63.966
ecu,sex_f,age_aggregate_y25_54,edu_isced97_3,2018,61.432
ecu,sex_f,age_aggregate_y25_54,edu_isced97_3,2019,61.634
ecu,sex_f,age_aggregate_y25_54,edu_isced97_3,2021,60.792
ecu,sex_f,age_aggregate_y25_54,edu_isced97_3,2022,62.237
ecu,sex_f,age_aggregate_y25_54,edu_isced97_3,2023,59.763
ecu,sex_f,age_aggregate_y25_54,edu_isced97_3,2024,59.058
ecu,sex_f,age_aggregate_y25_54,edu_isced97_4,2003,62.21
ecu,sex_f,age_aggregate_y25_54,edu_isced97_4,2004,76.454
ecu,sex_f,age_aggregate_y25_54,edu_isced97_4,2005,72.194
ecu,sex_f,age_aggregate_y25_54,edu_isced97_4,2006,81.523
ecu,sex_f,age_aggregate_y25_54,edu_isced97_4,2007,84.069
ecu,sex_f,age_aggregate_y25_54,edu_isced97_4,2008,72.443
ecu,sex_f,age_aggregate_y25_54,edu_isced97_4,2009,77.545
ecu,sex_f,age_aggregate_y25_54,edu_isced97_4,2010,68.829
ecu,sex_f,age_aggregate_y25_54,edu_isced97_4,2011,76.448
ecu,sex_f,age_aggregate_y25_54,edu_isced97_4,2012,76.541
ecu,sex_f,age_aggregate_y25_54,edu_isced97_4,2013,79.425
ecu,sex_f,age_aggregate_y25_54,edu_isced97_4,2014,77.47
ecu,sex_f,age_aggregate_y25_54,edu_isced97_4,2015,76.673
ecu,sex_f,age_aggregate_y25_54,edu_isced97_4,2016,78.863
ecu,sex_f,age_aggregate_y25_54,edu_isced97_4,2017,77.18
ecu,sex_f,age_aggregate_y25_54,edu_isced97_4,2018,72.882
ecu,sex_f,age_aggregate_y25_54,edu_isced97_4,2019,74.099
ecu,sex_f,age_aggregate_y25_54,edu_isced97_4,2021,72.735
ecu,sex_f,age_aggregate_y25_54,edu_isced97_4,2022,76.064
ecu,sex_f,age_aggregate_y25_54,edu_isced97_4,2023,76.366
ecu,sex_f,age_aggregate_y25_54,edu_isced97_4,2024,74.541
ecu,sex_f,age_aggregate_y25_54,edu_isced97_5,2000,74.443
ecu,sex_f,age_aggregate_y25_54,edu_isced97_5,2001,73.693
ecu,sex_f,age_aggregate_y25_54,edu_isced97_5,2003,78.763
ecu,sex_f,age_aggregate_y25_54,edu_isced97_5,2004,79.303
ecu,sex_f,age_aggregate_y25_54,edu_isced97_5,2005,79.207
ecu,sex_f,age_aggregate_y25_54,edu_isced97_5,2006,81.646
ecu,sex_f,age_aggregate_y25_54,edu_isced97_5,2007,78.924
ecu,sex_f,age_aggregate_y25_54,edu_isced97_5,2008,79.84
ecu,sex_f,age_aggregate_y25_54,edu_isced97_5,2009,75.755
ecu,sex_f,age_aggregate_y25_54,edu_isced97_5,2010,78.565
ecu,sex_f,age_aggregate_y25_54,edu_isced97_5,2011,78.799
ecu,sex_f,age_aggregate_y25_54,edu_isced97_5,2012,79.808
ecu,sex_f,age_aggregate_y25_54,edu_isced97_5,2013,78.996
ecu,sex_f,age_aggregate_y25_54,edu_isced97_5,2014,77.249
ecu,sex_f,age_aggregate_y25_54,edu_isced97_5,2015,77.992
ecu,sex_f,age_aggregate_y25_54,edu_isced97_5,2016,77.355
ecu,sex_f,age_aggregate_y25_54,edu_isced97_5,2017,76.824
ecu,sex_f,age_aggregate_y25_54,edu_isced97_5,2018,78.587
ecu,sex_f,age_aggregate_y25_54,edu_isced97_5,2019,78.387
ecu,sex_f,age_aggregate_y25_54,edu_isced97_5,2021,75.541
ecu,sex_f,age_aggregate_y25_54,edu_isced97_5,2022,78.037
ecu,sex_f,age_aggregate_y25_54,edu_isced97_5,2023,76.139
ecu,sex_f,age_aggregate_y25_54,edu_isced97_5,2024,76.246
ecu,sex_f,age_aggregate_y25_54,edu_isced97_6,2001,79.402
ecu,sex_f,age_aggregate_y25_54,edu_isced97_6,2003,89.023
ecu,sex_f,age_aggregate_y25_54,edu_isced97_6,2004,90.365
ecu,sex_f,age_aggregate_y25_54,edu_isced97_6,2005,99.444
ecu,sex_f,age_aggregate_y25_54,edu_isced97_6,2006,91.635
ecu,sex_f,age_aggregate_y25_54,edu_isced97_6,2007,96.143
ecu,sex_f,age_aggregate_y25_54,edu_isced97_6,2008,92.871
ecu,sex_f,age_aggregate_y25_54,edu_isced97_6,2009,81.621
ecu,sex_f,age_aggregate_y25_54,edu_isced97_6,2010,89.349
ecu,sex_f,age_aggregate_y25_54,edu_isced97_6,2011,91.464
ecu,sex_f,age_aggregate_y25_54,edu_isced97_6,2012,95.912
ecu,sex_f,age_aggregate_y25_54,edu_isced97_6,2013,90.722
ecu,sex_f,age_aggregate_y25_54,edu_isced97_6,2014,93.039
ecu,sex_f,age_aggregate_y25_54,edu_isced97_6,2015,91.597
ecu,sex_f,age_aggregate_y25_54,edu_isced97_6,2016,92.694
ecu,sex_f,age_aggregate_y25_54,edu_isced97_6,2017,92.08
ecu,sex_f,age_aggregate_y25_54,edu_isced97_6,2018,92.295
ecu,sex_f,age_aggregate_y25_54,edu_isced97_6,2019,90.955
ecu,sex_f,age_aggregate_y25_54,edu_isced97_6,2021,93.269
ecu,sex_f,age_aggregate_y25_54,edu_isced97_6,2022,94.228
ecu,sex_f,age_aggregate_y25_54,edu_isced97_6,2023,93.649
ecu,sex_f,age_aggregate_y25_54,edu_isced97_6,2024,92.024
ecu,sex_f,age_aggregate_y25_54,edu_isced97_total,2000,52.548
ecu,sex_f,age_aggregate_y25_54,edu_isced97_total,2001,60.84
ecu,sex_f,age_aggregate_y25_54,edu_isced97_total,2003,56.51
ecu,sex_f,age_aggregate_y25_54,edu_isced97_total,2004,60.754
ecu,sex_f,age_aggregate_y25_54,edu_isced97_total,2005,60.784
ecu,sex_f,age_aggregate_y25_54,edu_isced97_total,2006,62.383
ecu,sex_f,age_aggregate_y25_54,edu_isced97_total,2007,61.672
ecu,sex_f,age_aggregate_y25_54,edu_isced97_total,2008,61.718
ecu,sex_f,age_aggregate_y25_54,edu_isced97_total,2009,58.866
ecu,sex_f,age_aggregate_y25_54,edu_isced97_total,2010,59.625
ecu,sex_f,age_aggregate_y25_54,edu_isced97_total,2011,59.615
ecu,sex_f,age_aggregate_y25_54,edu_isced97_total,2012,61.36
ecu,sex_f,age_aggregate_y25_54,edu_isced97_total,2013,60.62
ecu,sex_f,age_aggregate_y25_54,edu_isced97_total,2014,59.775
ecu,sex_f,age_aggregate_y25_54,edu_isced97_total,2015,62.84
ecu,sex_f,age_aggregate_y25_54,edu_isced97_total,2016,65.592
ecu,sex_f,age_aggregate_y25_54,edu_isced97_total,2017,67.194
ecu,sex_f,age_aggregate_y25_54,edu_isced97_total,2018,66.018
ecu,sex_f,age_aggregate_y25_54,edu_isced97_total,2019,65.63
ecu,sex_f,age_aggregate_y25_54,edu_isced97_total,2021,64.848
ecu,sex_f,age_aggregate_y25_54,edu_isced97_total,2022,65.363
ecu,sex_f,age_aggregate_y25_54,edu_isced97_total,2023,64.07
ecu,sex_f,age_aggregate_y25_54,edu_isced97_total,2024,63.269
ecu,sex_f,age_aggregate_y25_54,edu_isced97_unk,2001,52.043
ecu,sex_f,age_aggregate_y25_54,edu_isced97_unk,2007,78.428
ecu,sex_f,age_aggregate_y25_54,edu_isced97_unk,2008,100
ecu,sex_f,age_aggregate_y25_54,edu_isced97_unk,2016,59.914
ecu,sex_f,age_aggregate_y25_54,edu_isced97_unk,2017,58.21
ecu,sex_f,age_aggregate_y25_54,edu_isced97_unk,2018,58.542
ecu,sex_f,age_aggregate_y25_54,edu_isced97_unk,2019,60.444
ecu,sex_f,age_aggregate_y25_54,edu_isced97_unk,2021,92.329
ecu,sex_f,age_aggregate_y25_54,edu_isced97_unk,2023,75.846
ecu,sex_f,age_aggregate_y25_54,edu_isced97_x,2000,54.592
ecu,sex_f,age_aggregate_y25_54,edu_isced97_x,2001,65.918
ecu,sex_f,age_aggregate_y25_54,edu_isced97_x,2003,53.323
ecu,sex_f,age_aggregate_y25_54,edu_isced97_x,2004,61.217
ecu,sex_f,age_aggregate_y25_54,edu_isced97_x,2005,55.013
ecu,sex_f,age_aggregate_y25_54,edu_isced97_x,2006,60.605
ecu,sex_f,age_aggregate_y25_54,edu_isced97_x,2007,53.211
ecu,sex_f,age_aggregate_y25_54,edu_isced97_x,2008,53.074
ecu,sex_f,age_aggregate_y25_54,edu_isced97_x,2009,51.307
ecu,sex_f,age_aggregate_y25_54,edu_isced97_x,2010,50.175
ecu,sex_f,age_aggregate_y25_54,edu_isced97_x,2011,47.806
ecu,sex_f,age_aggregate_y25_54,edu_isced97_x,2012,47.876
ecu,sex_f,age_aggregate_y25_54,edu_isced97_x,2013,47.197
ecu,sex_f,age_aggregate_y25_54,edu_isced97_x,2014,45.797
ecu,sex_f,age_aggregate_y25_54,edu_isced97_x,2015,54.153
ecu,sex_f,age_aggregate_y25_54,edu_isced97_x,2016,55.032
ecu,sex_f,age_aggregate_y25_54,edu_isced97_x,2017,58.094
ecu,sex_f,age_aggregate_y25_54,edu_isced97_x,2018,59.003
ecu,sex_f,age_aggregate_y25_54,edu_isced97_x,2019,59.73
ecu,sex_f,age_aggregate_y25_54,edu_isced97_x,2021,48.765
ecu,sex_f,age_aggregate_y25_54,edu_isced97_x,2022,45.422
ecu,sex_f,age_aggregate_y25_54,edu_isced97_x,2023,54.347
ecu,sex_f,age_aggregate_y25_54,edu_isced97_x,2024,51.902
ecu,sex_f,age_aggregate_y55_64,edu_aggregate_adv,2000,54.604
ecu,sex_f,age_aggregate_y55_64,edu_aggregate_adv,2001,70.618
ecu,sex_f,age_aggregate_y55_64,edu_aggregate_adv,2003,69.525
ecu,sex_f,age_aggregate_y55_64,edu_aggregate_adv,2004,75
ecu,sex_f,age_aggregate_y55_64,edu_aggregate_adv,2005,73.623
ecu,sex_f,age_aggregate_y55_64,edu_aggregate_adv,2006,78.484
ecu,sex_f,age_aggregate_y55_64,edu_aggregate_adv,2007,67.106
ecu,sex_f,age_aggregate_y55_64,edu_aggregate_adv,2008,79.482
ecu,sex_f,age_aggregate_y55_64,edu_aggregate_adv,2009,78.629
ecu,sex_f,age_aggregate_y55_64,edu_aggregate_adv,2010,71.821
ecu,sex_f,age_aggregate_y55_64,edu_aggregate_adv,2011,72.805
ecu,sex_f,age_aggregate_y55_64,edu_aggregate_adv,2012,73.738
ecu,sex_f,age_aggregate_y55_64,edu_aggregate_adv,2013,73.56
ecu,sex_f,age_aggregate_y55_64,edu_aggregate_adv,2014,66.037
ecu,sex_f,age_aggregate_y55_64,edu_aggregate_adv,2015,68.606
ecu,sex_f,age_aggregate_y55_64,edu_aggregate_adv,2016,69.24
ecu,sex_f,age_aggregate_y55_64,edu_aggregate_adv,2017,65.905
ecu,sex_f,age_aggregate_y55_64,edu_aggregate_adv,2018,65.646
ecu,sex_f,age_aggregate_y55_64,edu_aggregate_adv,2019,66.035
ecu,sex_f,age_aggregate_y55_64,edu_aggregate_adv,2021,58.324
ecu,sex_f,age_aggregate_y55_64,edu_aggregate_adv,2022,62.049
ecu,sex_f,age_aggregate_y55_64,edu_aggregate_adv,2023,64.611
ecu,sex_f,age_aggregate_y55_64,edu_aggregate_adv,2024,61.618
ecu,sex_f,age_aggregate_y55_64,edu_aggregate_bas,2000,35.375
ecu,sex_f,age_aggregate_y55_64,edu_aggregate_bas,2001,46.747
ecu,sex_f,age_aggregate_y55_64,edu_aggregate_bas,2003,38.456
ecu,sex_f,age_aggregate_y55_64,edu_aggregate_bas,2004,43.745
ecu,sex_f,age_aggregate_y55_64,edu_aggregate_bas,2005,43.368
ecu,sex_f,age_aggregate_y55_64,edu_aggregate_bas,2006,47.284
ecu,sex_f,age_aggregate_y55_64,edu_aggregate_bas,2007,46.434
ecu,sex_f,age_aggregate_y55_64,edu_aggregate_bas,2008,45.68
ecu,sex_f,age_aggregate_y55_64,edu_aggregate_bas,2009,47.012
ecu,sex_f,age_aggregate_y55_64,edu_aggregate_bas,2010,43.271
ecu,sex_f,age_aggregate_y55_64,edu_aggregate_bas,2011,44.382
ecu,sex_f,age_aggregate_y55_64,edu_aggregate_bas,2012,44.408
ecu,sex_f,age_aggregate_y55_64,edu_aggregate_bas,2013,48.217
ecu,sex_f,age_aggregate_y55_64,edu_aggregate_bas,2014,44.519
ecu,sex_f,age_aggregate_y55_64,edu_aggregate_bas,2015,50.284
ecu,sex_f,age_aggregate_y55_64,edu_aggregate_bas,2016,57.062
ecu,sex_f,age_aggregate_y55_64,edu_aggregate_bas,2017,56.873
ecu,sex_f,age_aggregate_y55_64,edu_aggregate_bas,2018,55.785
ecu,sex_f,age_aggregate_y55_64,edu_aggregate_bas,2019,56.877
ecu,sex_f,age_aggregate_y55_64,edu_aggregate_bas,2021,53.016
ecu,sex_f,age_aggregate_y55_64,edu_aggregate_bas,2022,56.381
ecu,sex_f,age_aggregate_y55_64,edu_aggregate_bas,2023,50.832
ecu,sex_f,age_aggregate_y55_64,edu_aggregate_bas,2024,54.795
ecu,sex_f,age_aggregate_y55_64,edu_aggregate_int,2000,29.759
ecu,sex_f,age_aggregate_y55_64,edu_aggregate_int,2001,36.586
ecu,sex_f,age_aggregate_y55_64,edu_aggregate_int,2003,43.006
ecu,sex_f,age_aggregate_y55_64,edu_aggregate_int,2004,70.488
ecu,sex_f,age_aggregate_y55_64,edu_aggregate_int,2005,75.121
ecu,sex_f,age_aggregate_y55_64,edu_aggregate_int,2006,74.704
ecu,sex_f,age_aggregate_y55_64,edu_aggregate_int,2007,53.841
ecu,sex_f,age_aggregate_y55_64,edu_aggregate_int,2008,48.114
ecu,sex_f,age_aggregate_y55_64,edu_aggregate_int,2009,52.858
ecu,sex_f,age_aggregate_y55_64,edu_aggregate_int,2010,46.525
ecu,sex_f,age_aggregate_y55_64,edu_aggregate_int,2011,45.519
ecu,sex_f,age_aggregate_y55_64,edu_aggregate_int,2012,47.936
ecu,sex_f,age_aggregate_y55_64,edu_aggregate_int,2013,47.91
ecu,sex_f,age_aggregate_y55_64,edu_aggregate_int,2014,48.951
ecu,sex_f,age_aggregate_y55_64,edu_aggregate_int,2015,48.967
ecu,sex_f,age_aggregate_y55_64,edu_aggregate_int,2016,49.289
ecu,sex_f,age_aggregate_y55_64,edu_aggregate_int,2017,51.39
ecu,sex_f,age_aggregate_y55_64,edu_aggregate_int,2018,52.803
ecu,sex_f,age_aggregate_y55_64,edu_aggregate_int,2019,49.9
ecu,sex_f,age_aggregate_y55_64,edu_aggregate_int,2021,48.978
ecu,sex_f,age_aggregate_y55_64,edu_aggregate_int,2022,52.009
ecu,sex_f,age_aggregate_y55_64,edu_aggregate_int,2023,49.028
ecu,sex_f,age_aggregate_y55_64,edu_aggregate_int,2024,48.082
ecu,sex_f,age_aggregate_y55_64,edu_aggregate_ltb,2000,41.23
ecu,sex_f,age_aggregate_y55_64,edu_aggregate_ltb,2001,61.325
ecu,sex_f,age_aggregate_y55_64,edu_aggregate_ltb,2003,47.68
ecu,sex_f,age_aggregate_y55_64,edu_aggregate_ltb,2004,54.364
ecu,sex_f,age_aggregate_y55_64,edu_aggregate_ltb,2005,53.858
ecu,sex_f,age_aggregate_y55_64,edu_aggregate_ltb,2006,50.868
ecu,sex_f,age_aggregate_y55_64,edu_aggregate_ltb,2007,46.681
ecu,sex_f,age_aggregate_y55_64,edu_aggregate_ltb,2008,48.319
ecu,sex_f,age_aggregate_y55_64,edu_aggregate_ltb,2009,52.107
ecu,sex_f,age_aggregate_y55_64,edu_aggregate_ltb,2010,48.378
ecu,sex_f,age_aggregate_y55_64,edu_aggregate_ltb,2011,47.996
ecu,sex_f,age_aggregate_y55_64,edu_aggregate_ltb,2012,47.485
ecu,sex_f,age_aggregate_y55_64,edu_aggregate_ltb,2013,50.017
ecu,sex_f,age_aggregate_y55_64,edu_aggregate_ltb,2014,49.408
ecu,sex_f,age_aggregate_y55_64,edu_aggregate_ltb,2015,56.618
ecu,sex_f,age_aggregate_y55_64,edu_aggregate_ltb,2016,59.142
ecu,sex_f,age_aggregate_y55_64,edu_aggregate_ltb,2017,62.17
ecu,sex_f,age_aggregate_y55_64,edu_aggregate_ltb,2018,61.42
ecu,sex_f,age_aggregate_y55_64,edu_aggregate_ltb,2019,63.079
ecu,sex_f,age_aggregate_y55_64,edu_aggregate_ltb,2021,55.05
ecu,sex_f,age_aggregate_y55_64,edu_aggregate_ltb,2022,58.249
ecu,sex_f,age_aggregate_y55_64,edu_aggregate_ltb,2023,60.821
ecu,sex_f,age_aggregate_y55_64,edu_aggregate_ltb,2024,56.963
ecu,sex_f,age_aggregate_y55_64,edu_aggregate_total,2000,37.172
ecu,sex_f,age_aggregate_y55_64,edu_aggregate_total,2001,50.785
ecu,sex_f,age_aggregate_y55_64,edu_aggregate_total,2003,43.175
ecu,sex_f,age_aggregate_y55_64,edu_aggregate_total,2004,49.117
ecu,sex_f,age_aggregate_y55_64,edu_aggregate_total,2005,48.946
ecu,sex_f,age_aggregate_y55_64,edu_aggregate_total,2006,50.909
ecu,sex_f,age_aggregate_y55_64,edu_aggregate_total,2007,49.231
ecu,sex_f,age_aggregate_y55_64,edu_aggregate_total,2008,50.041
ecu,sex_f,age_aggregate_y55_64,edu_aggregate_total,2009,52.994
ecu,sex_f,age_aggregate_y55_64,edu_aggregate_total,2010,48.688
ecu,sex_f,age_aggregate_y55_64,edu_aggregate_total,2011,48.848
ecu,sex_f,age_aggregate_y55_64,edu_aggregate_total,2012,49.264
ecu,sex_f,age_aggregate_y55_64,edu_aggregate_total,2013,51.713
ecu,sex_f,age_aggregate_y55_64,edu_aggregate_total,2014,49.449
ecu,sex_f,age_aggregate_y55_64,edu_aggregate_total,2015,54.195
ecu,sex_f,age_aggregate_y55_64,edu_aggregate_total,2016,57.906
ecu,sex_f,age_aggregate_y55_64,edu_aggregate_total,2017,58.707
ecu,sex_f,age_aggregate_y55_64,edu_aggregate_total,2018,58.084
ecu,sex_f,age_aggregate_y55_64,edu_aggregate_total,2019,58.411
ecu,sex_f,age_aggregate_y55_64,edu_aggregate_total,2021,53.489
ecu,sex_f,age_aggregate_y55_64,edu_aggregate_total,2022,56.725
ecu,sex_f,age_aggregate_y55_64,edu_aggregate_total,2023,54.686
ecu,sex_f,age_aggregate_y55_64,edu_aggregate_total,2024,54.71
ecu,sex_f,age_aggregate_y55_64,edu_aggregate_x,2016,63.315
ecu,sex_f,age_aggregate_y55_64,edu_aggregate_x,2017,82.357
ecu,sex_f,age_aggregate_y55_64,edu_aggregate_x,2018,68.363
ecu,sex_f,age_aggregate_y55_64,edu_aggregate_x,2019,50.502
ecu,sex_f,age_aggregate_y55_64,edu_aggregate_x,2021,86.564
ecu,sex_f,age_aggregate_y55_64,edu_aggregate_x,2022,81.94
ecu,sex_f,age_aggregate_y55_64,edu_aggregate_x,2023,78.889
ecu,sex_f,age_aggregate_y55_64,edu_isced97_0,2000,32.024
ecu,sex_f,age_aggregate_y55_64,edu_isced97_0,2001,56.144
ecu,sex_f,age_aggregate_y55_64,edu_isced97_0,2003,43.858
ecu,sex_f,age_aggregate_y55_64,edu_isced97_0,2004,51.385
ecu,sex_f,age_aggregate_y55_64,edu_isced97_0,2005,55.782
ecu,sex_f,age_aggregate_y55_64,edu_isced97_0,2006,51.363
ecu,sex_f,age_aggregate_y55_64,edu_isced97_0,2007,46.259
ecu,sex_f,age_aggregate_y55_64,edu_isced97_0,2008,48.033
ecu,sex_f,age_aggregate_y55_64,edu_isced97_0,2009,50.701
ecu,sex_f,age_aggregate_y55_64,edu_isced97_0,2010,48.778
ecu,sex_f,age_aggregate_y55_64,edu_isced97_0,2011,47.705
ecu,sex_f,age_aggregate_y55_64,edu_isced97_0,2012,46.609
ecu,sex_f,age_aggregate_y55_64,edu_isced97_0,2013,50.992
ecu,sex_f,age_aggregate_y55_64,edu_isced97_0,2014,48.548
ecu,sex_f,age_aggregate_y55_64,edu_isced97_0,2015,56.715
ecu,sex_f,age_aggregate_y55_64,edu_isced97_0,2016,58.556
ecu,sex_f,age_aggregate_y55_64,edu_isced97_0,2017,60.38
ecu,sex_f,age_aggregate_y55_64,edu_isced97_0,2018,59.586
ecu,sex_f,age_aggregate_y55_64,edu_isced97_0,2019,61.538
ecu,sex_f,age_aggregate_y55_64,edu_isced97_0,2021,55.894
ecu,sex_f,age_aggregate_y55_64,edu_isced97_0,2022,57.449
ecu,sex_f,age_aggregate_y55_64,edu_isced97_0,2023,59.944
ecu,sex_f,age_aggregate_y55_64,edu_isced97_0,2024,53.2
ecu,sex_f,age_aggregate_y55_64,edu_isced97_1,2000,38.456
ecu,sex_f,age_aggregate_y55_64,edu_isced97_1,2001,53.672
ecu,sex_f,age_aggregate_y55_64,edu_isced97_1,2003,39.449
ecu,sex_f,age_aggregate_y55_64,edu_isced97_1,2004,45.043
ecu,sex_f,age_aggregate_y55_64,edu_isced97_1,2005,42.084
ecu,sex_f,age_aggregate_y55_64,edu_isced97_1,2006,47.157
ecu,sex_f,age_aggregate_y55_64,edu_isced97_1,2007,46.173
ecu,sex_f,age_aggregate_y55_64,edu_isced97_1,2008,45.033
ecu,sex_f,age_aggregate_y55_64,edu_isced97_1,2009,47.895
ecu,sex_f,age_aggregate_y55_64,edu_isced97_1,2010,43.301
ecu,sex_f,age_aggregate_y55_64,edu_isced97_1,2011,43.394
ecu,sex_f,age_aggregate_y55_64,edu_isced97_1,2012,44.315
ecu,sex_f,age_aggregate_y55_64,edu_isced97_1,2013,47.79
ecu,sex_f,age_aggregate_y55_64,edu_isced97_1,2014,44.666
ecu,sex_f,age_aggregate_y55_64,edu_isced97_1,2015,49.565
ecu,sex_f,age_aggregate_y55_64,edu_isced97_1,2016,57.889
ecu,sex_f,age_aggregate_y55_64,edu_isced97_1,2017,57.096
ecu,sex_f,age_aggregate_y55_64,edu_isced97_1,2018,56.286
ecu,sex_f,age_aggregate_y55_64,edu_isced97_1,2019,56.437
ecu,sex_f,age_aggregate_y55_64,edu_isced97_1,2021,52.98
ecu,sex_f,age_aggregate_y55_64,edu_isced97_1,2022,56.371
ecu,sex_f,age_aggregate_y55_64,edu_isced97_1,2023,51.141
ecu,sex_f,age_aggregate_y55_64,edu_isced97_1,2024,55.236
ecu,sex_f,age_aggregate_y55_64,edu_isced97_2,2000,33.701
ecu,sex_f,age_aggregate_y55_64,edu_isced97_2,2001,42.954
ecu,sex_f,age_aggregate_y55_64,edu_isced97_2,2003,35.377
ecu,sex_f,age_aggregate_y55_64,edu_isced97_2,2004,39.812
ecu,sex_f,age_aggregate_y55_64,edu_isced97_2,2005,47.675
ecu,sex_f,age_aggregate_y55_64,edu_isced97_2,2006,47.615
ecu,sex_f,age_aggregate_y55_64,edu_isced97_2,2007,47.613
ecu,sex_f,age_aggregate_y55_64,edu_isced97_2,2008,48.456
ecu,sex_f,age_aggregate_y55_64,edu_isced97_2,2009,43.18
ecu,sex_f,age_aggregate_y55_64,edu_isced97_2,2010,43.152
ecu,sex_f,age_aggregate_y55_64,edu_isced97_2,2011,48.425
ecu,sex_f,age_aggregate_y55_64,edu_isced97_2,2012,44.839
ecu,sex_f,age_aggregate_y55_64,edu_isced97_2,2013,49.876
ecu,sex_f,age_aggregate_y55_64,edu_isced97_2,2014,43.82
ecu,sex_f,age_aggregate_y55_64,edu_isced97_2,2015,53.151
ecu,sex_f,age_aggregate_y55_64,edu_isced97_2,2016,53.745
ecu,sex_f,age_aggregate_y55_64,edu_isced97_2,2017,56.035
ecu,sex_f,age_aggregate_y55_64,edu_isced97_2,2018,53.705
ecu,sex_f,age_aggregate_y55_64,edu_isced97_2,2019,58.687
ecu,sex_f,age_aggregate_y55_64,edu_isced97_2,2021,53.148
ecu,sex_f,age_aggregate_y55_64,edu_isced97_2,2022,56.417
ecu,sex_f,age_aggregate_y55_64,edu_isced97_2,2023,49.712
ecu,sex_f,age_aggregate_y55_64,edu_isced97_2,2024,52.963
ecu,sex_f,age_aggregate_y55_64,edu_isced97_3,2000,29.759
ecu,sex_f,age_aggregate_y55_64,edu_isced97_3,2001,36.586
ecu,sex_f,age_aggregate_y55_64,edu_isced97_3,2003,43.962
ecu,sex_f,age_aggregate_y55_64,edu_isced97_3,2004,67.419
ecu,sex_f,age_aggregate_y55_64,edu_isced97_3,2005,76.076
ecu,sex_f,age_aggregate_y55_64,edu_isced97_3,2006,67.303
ecu,sex_f,age_aggregate_y55_64,edu_isced97_3,2007,53.462
ecu,sex_f,age_aggregate_y55_64,edu_isced97_3,2008,48.554
ecu,sex_f,age_aggregate_y55_64,edu_isced97_3,2009,52.641
ecu,sex_f,age_aggregate_y55_64,edu_isced97_3,2010,46.114
ecu,sex_f,age_aggregate_y55_64,edu_isced97_3,2011,44.849
ecu,sex_f,age_aggregate_y55_64,edu_isced97_3,2012,47.972
ecu,sex_f,age_aggregate_y55_64,edu_isced97_3,2013,47.564
ecu,sex_f,age_aggregate_y55_64,edu_isced97_3,2014,48.831
ecu,sex_f,age_aggregate_y55_64,edu_isced97_3,2015,48.659
ecu,sex_f,age_aggregate_y55_64,edu_isced97_3,2016,48.126
ecu,sex_f,age_aggregate_y55_64,edu_isced97_3,2017,50.697
ecu,sex_f,age_aggregate_y55_64,edu_isced97_3,2018,52.383
ecu,sex_f,age_aggregate_y55_64,edu_isced97_3,2019,49.516
ecu,sex_f,age_aggregate_y55_64,edu_isced97_3,2021,48.541
ecu,sex_f,age_aggregate_y55_64,edu_isced97_3,2022,52.104
ecu,sex_f,age_aggregate_y55_64,edu_isced97_3,2023,49.14
ecu,sex_f,age_aggregate_y55_64,edu_isced97_3,2024,48.296
ecu,sex_f,age_aggregate_y55_64,edu_isced97_4,2003,41.722
ecu,sex_f,age_aggregate_y55_64,edu_isced97_4,2004,82.016
ecu,sex_f,age_aggregate_y55_64,edu_isced97_4,2005,74.067
ecu,sex_f,age_aggregate_y55_64,edu_isced97_4,2006,92.584
ecu,sex_f,age_aggregate_y55_64,edu_isced97_4,2007,100
ecu,sex_f,age_aggregate_y55_64,edu_isced97_4,2009,65.091
ecu,sex_f,age_aggregate_y55_64,edu_isced97_4,2010,69.452
ecu,sex_f,age_aggregate_y55_64,edu_isced97_4,2011,87.385
ecu,sex_f,age_aggregate_y55_64,edu_isced97_4,2012,46.822
ecu,sex_f,age_aggregate_y55_64,edu_isced97_4,2013,71.843
ecu,sex_f,age_aggregate_y55_64,edu_isced97_4,2014,54.913
ecu,sex_f,age_aggregate_y55_64,edu_isced97_4,2015,59.364
ecu,sex_f,age_aggregate_y55_64,edu_isced97_4,2016,87.281
ecu,sex_f,age_aggregate_y55_64,edu_isced97_4,2017,69.458
ecu,sex_f,age_aggregate_y55_64,edu_isced97_4,2018,67.633
ecu,sex_f,age_aggregate_y55_64,edu_isced97_4,2019,68.682
ecu,sex_f,age_aggregate_y55_64,edu_isced97_4,2021,61.977
ecu,sex_f,age_aggregate_y55_64,edu_isced97_4,2022,49.424
ecu,sex_f,age_aggregate_y55_64,edu_isced97_4,2023,46.373
ecu,sex_f,age_aggregate_y55_64,edu_isced97_4,2024,43.726
ecu,sex_f,age_aggregate_y55_64,edu_isced97_5,2000,54.604
ecu,sex_f,age_aggregate_y55_64,edu_isced97_5,2001,70.264
ecu,sex_f,age_aggregate_y55_64,edu_isced97_5,2003,67.829
ecu,sex_f,age_aggregate_y55_64,edu_isced97_5,2004,73.711
ecu,sex_f,age_aggregate_y55_64,edu_isced97_5,2005,72.526
ecu,sex_f,age_aggregate_y55_64,edu_isced97_5,2006,77.789
ecu,sex_f,age_aggregate_y55_64,edu_isced97_5,2007,65.223
ecu,sex_f,age_aggregate_y55_64,edu_isced97_5,2008,77.347
ecu,sex_f,age_aggregate_y55_64,edu_isced97_5,2009,78.468
ecu,sex_f,age_aggregate_y55_64,edu_isced97_5,2010,69.274
ecu,sex_f,age_aggregate_y55_64,edu_isced97_5,2011,70.927
ecu,sex_f,age_aggregate_y55_64,edu_isced97_5,2012,73.147
ecu,sex_f,age_aggregate_y55_64,edu_isced97_5,2013,72.421
ecu,sex_f,age_aggregate_y55_64,edu_isced97_5,2014,64.715
ecu,sex_f,age_aggregate_y55_64,edu_isced97_5,2015,67.174
ecu,sex_f,age_aggregate_y55_64,edu_isced97_5,2016,66.406
ecu,sex_f,age_aggregate_y55_64,edu_isced97_5,2017,64.171
ecu,sex_f,age_aggregate_y55_64,edu_isced97_5,2018,64.38
ecu,sex_f,age_aggregate_y55_64,edu_isced97_5,2019,63.856
ecu,sex_f,age_aggregate_y55_64,edu_isced97_5,2021,56.422
ecu,sex_f,age_aggregate_y55_64,edu_isced97_5,2022,60.644
ecu,sex_f,age_aggregate_y55_64,edu_isced97_5,2023,62.017
ecu,sex_f,age_aggregate_y55_64,edu_isced97_5,2024,59.449
ecu,sex_f,age_aggregate_y55_64,edu_isced97_6,2004,98.993
ecu,sex_f,age_aggregate_y55_64,edu_isced97_6,2005,100
ecu,sex_f,age_aggregate_y55_64,edu_isced97_6,2006,96.518
ecu,sex_f,age_aggregate_y55_64,edu_isced97_6,2007,100
ecu,sex_f,age_aggregate_y55_64,edu_isced97_6,2008,97.915
ecu,sex_f,age_aggregate_y55_64,edu_isced97_6,2009,80.394
ecu,sex_f,age_aggregate_y55_64,edu_isced97_6,2010,98.25
ecu,sex_f,age_aggregate_y55_64,edu_isced97_6,2011,91.596
ecu,sex_f,age_aggregate_y55_64,edu_isced97_6,2012,81.777
ecu,sex_f,age_aggregate_y55_64,edu_isced97_6,2013,86.545
ecu,sex_f,age_aggregate_y55_64,edu_isced97_6,2014,83.357
ecu,sex_f,age_aggregate_y55_64,edu_isced97_6,2015,81.124
ecu,sex_f,age_aggregate_y55_64,edu_isced97_6,2016,91.261
ecu,sex_f,age_aggregate_y55_64,edu_isced97_6,2017,77.456
ecu,sex_f,age_aggregate_y55_64,edu_isced97_6,2018,75.556
ecu,sex_f,age_aggregate_y55_64,edu_isced97_6,2019,80.16
ecu,sex_f,age_aggregate_y55_64,edu_isced97_6,2021,69.32
ecu,sex_f,age_aggregate_y55_64,edu_isced97_6,2022,68.385
ecu,sex_f,age_aggregate_y55_64,edu_isced97_6,2023,79.506
ecu,sex_f,age_aggregate_y55_64,edu_isced97_6,2024,75.059
ecu,sex_f,age_aggregate_y55_64,edu_isced97_total,2000,37.172
ecu,sex_f,age_aggregate_y55_64,edu_isced97_total,2001,50.785
ecu,sex_f,age_aggregate_y55_64,edu_isced97_total,2003,43.175
ecu,sex_f,age_aggregate_y55_64,edu_isced97_total,2004,49.117
ecu,sex_f,age_aggregate_y55_64,edu_isced97_total,2005,48.946
ecu,sex_f,age_aggregate_y55_64,edu_isced97_total,2006,50.909
ecu,sex_f,age_aggregate_y55_64,edu_isced97_total,2007,49.231
ecu,sex_f,age_aggregate_y55_64,edu_isced97_total,2008,50.041
ecu,sex_f,age_aggregate_y55_64,edu_isced97_total,2009,52.994
ecu,sex_f,age_aggregate_y55_64,edu_isced97_total,2010,48.688
ecu,sex_f,age_aggregate_y55_64,edu_isced97_total,2011,48.848
ecu,sex_f,age_aggregate_y55_64,edu_isced97_total,2012,49.264
ecu,sex_f,age_aggregate_y55_64,edu_isced97_total,2013,51.713
ecu,sex_f,age_aggregate_y55_64,edu_isced97_total,2014,49.449
ecu,sex_f,age_aggregate_y55_64,edu_isced97_total,2015,54.195
ecu,sex_f,age_aggregate_y55_64,edu_isced97_total,2016,57.906
ecu,sex_f,age_aggregate_y55_64,edu_isced97_total,2017,58.707
ecu,sex_f,age_aggregate_y55_64,edu_isced97_total,2018,58.084
ecu,sex_f,age_aggregate_y55_64,edu_isced97_total,2019,58.411
ecu,sex_f,age_aggregate_y55_64,edu_isced97_total,2021,53.489
ecu,sex_f,age_aggregate_y55_64,edu_isced97_total,2022,56.725
ecu,sex_f,age_aggregate_y55_64,edu_isced97_total,2023,54.686
ecu,sex_f,age_aggregate_y55_64,edu_isced97_total,2024,54.71
ecu,sex_f,age_aggregate_y55_64,edu_isced97_unk,2016,63.315
ecu,sex_f,age_aggregate_y55_64,edu_isced97_unk,2017,82.357
ecu,sex_f,age_aggregate_y55_64,edu_isced97_unk,2018,68.363
ecu,sex_f,age_aggregate_y55_64,edu_isced97_unk,2019,50.502
ecu,sex_f,age_aggregate_y55_64,edu_isced97_unk,2021,86.564
ecu,sex_f,age_aggregate_y55_64,edu_isced97_unk,2022,81.94
ecu,sex_f,age_aggregate_y55_64,edu_isced97_unk,2023,78.889
ecu,sex_f,age_aggregate_y55_64,edu_isced97_x,2000,44.614
ecu,sex_f,age_aggregate_y55_64,edu_isced97_x,2001,64.134
ecu,sex_f,age_aggregate_y55_64,edu_isced97_x,2003,49.68
ecu,sex_f,age_aggregate_y55_64,edu_isced97_x,2004,56.15
ecu,sex_f,age_aggregate_y55_64,edu_isced97_x,2005,52.994
ecu,sex_f,age_aggregate_y55_64,edu_isced97_x,2006,50.565
ecu,sex_f,age_aggregate_y55_64,edu_isced97_x,2007,47.365
ecu,sex_f,age_aggregate_y55_64,edu_isced97_x,2008,48.858
ecu,sex_f,age_aggregate_y55_64,edu_isced97_x,2009,54.862
ecu,sex_f,age_aggregate_y55_64,edu_isced97_x,2010,47.616
ecu,sex_f,age_aggregate_y55_64,edu_isced97_x,2011,48.505
ecu,sex_f,age_aggregate_y55_64,edu_isced97_x,2012,48.985
ecu,sex_f,age_aggregate_y55_64,edu_isced97_x,2013,48.194
ecu,sex_f,age_aggregate_y55_64,edu_isced97_x,2014,51.148
ecu,sex_f,age_aggregate_y55_64,edu_isced97_x,2015,56.43
ecu,sex_f,age_aggregate_y55_64,edu_isced97_x,2016,60.35
ecu,sex_f,age_aggregate_y55_64,edu_isced97_x,2017,65.487
ecu,sex_f,age_aggregate_y55_64,edu_isced97_x,2018,64.589
ecu,sex_f,age_aggregate_y55_64,edu_isced97_x,2019,65.888
ecu,sex_f,age_aggregate_y55_64,edu_isced97_x,2021,53.185
ecu,sex_f,age_aggregate_y55_64,edu_isced97_x,2022,59.899
ecu,sex_f,age_aggregate_y55_64,edu_isced97_x,2023,62.458
ecu,sex_f,age_aggregate_y55_64,edu_isced97_x,2024,64.322
ecu,sex_f,age_aggregate_yge65,edu_aggregate_adv,2000,30.935
ecu,sex_f,age_aggregate_yge65,edu_aggregate_adv,2001,26.872
ecu,sex_f,age_aggregate_yge65,edu_aggregate_adv,2003,20.486
ecu,sex_f,age_aggregate_yge65,edu_aggregate_adv,2004,25.406
ecu,sex_f,age_aggregate_yge65,edu_aggregate_adv,2005,29.468
ecu,sex_f,age_aggregate_yge65,edu_aggregate_adv,2006,31.608
ecu,sex_f,age_aggregate_yge65,edu_aggregate_adv,2007,29.572
ecu,sex_f,age_aggregate_yge65,edu_aggregate_adv,2008,45.414
ecu,sex_f,age_aggregate_yge65,edu_aggregate_adv,2009,43.207
ecu,sex_f,age_aggregate_yge65,edu_aggregate_adv,2010,28.086
ecu,sex_f,age_aggregate_yge65,edu_aggregate_adv,2011,20.225
ecu,sex_f,age_aggregate_yge65,edu_aggregate_adv,2012,21.28
ecu,sex_f,age_aggregate_yge65,edu_aggregate_adv,2013,19.449
ecu,sex_f,age_aggregate_yge65,edu_aggregate_adv,2014,24.312
ecu,sex_f,age_aggregate_yge65,edu_aggregate_adv,2015,24.258
ecu,sex_f,age_aggregate_yge65,edu_aggregate_adv,2016,19.219
ecu,sex_f,age_aggregate_yge65,edu_aggregate_adv,2017,22.474
ecu,sex_f,age_aggregate_yge65,edu_aggregate_adv,2018,19.92
ecu,sex_f,age_aggregate_yge65,edu_aggregate_adv,2019,20.151
ecu,sex_f,age_aggregate_yge65,edu_aggregate_adv,2021,19.095
ecu,sex_f,age_aggregate_yge65,edu_aggregate_adv,2022,20.432
ecu,sex_f,age_aggregate_yge65,edu_aggregate_adv,2023,19.845
ecu,sex_f,age_aggregate_yge65,edu_aggregate_adv,2024,20.742
ecu,sex_f,age_aggregate_yge65,edu_aggregate_bas,2000,19.636
ecu,sex_f,age_aggregate_yge65,edu_aggregate_bas,2001,21.889
ecu,sex_f,age_aggregate_yge65,edu_aggregate_bas,2003,17.4
ecu,sex_f,age_aggregate_yge65,edu_aggregate_bas,2004,21.23
ecu,sex_f,age_aggregate_yge65,edu_aggregate_bas,2005,24.387
ecu,sex_f,age_aggregate_yge65,edu_aggregate_bas,2006,23.227
ecu,sex_f,age_aggregate_yge65,edu_aggregate_bas,2007,21.901
ecu,sex_f,age_aggregate_yge65,edu_aggregate_bas,2008,21.563
ecu,sex_f,age_aggregate_yge65,edu_aggregate_bas,2009,18.588
ecu,sex_f,age_aggregate_yge65,edu_aggregate_bas,2010,18.961
ecu,sex_f,age_aggregate_yge65,edu_aggregate_bas,2011,20.344
ecu,sex_f,age_aggregate_yge65,edu_aggregate_bas,2012,19.38
ecu,sex_f,age_aggregate_yge65,edu_aggregate_bas,2013,20.093
ecu,sex_f,age_aggregate_yge65,edu_aggregate_bas,2014,21.664
ecu,sex_f,age_aggregate_yge65,edu_aggregate_bas,2015,24.554
ecu,sex_f,age_aggregate_yge65,edu_aggregate_bas,2016,27.024
ecu,sex_f,age_aggregate_yge65,edu_aggregate_bas,2017,28.247
ecu,sex_f,age_aggregate_yge65,edu_aggregate_bas,2018,27.228
ecu,sex_f,age_aggregate_yge65,edu_aggregate_bas,2019,27.754
ecu,sex_f,age_aggregate_yge65,edu_aggregate_bas,2021,28.349
ecu,sex_f,age_aggregate_yge65,edu_aggregate_bas,2022,29.144
ecu,sex_f,age_aggregate_yge65,edu_aggregate_bas,2023,26.476
ecu,sex_f,age_aggregate_yge65,edu_aggregate_bas,2024,26.236
ecu,sex_f,age_aggregate_yge65,edu_aggregate_int,2000,22.242
ecu,sex_f,age_aggregate_yge65,edu_aggregate_int,2001,23.142
ecu,sex_f,age_aggregate_yge65,edu_aggregate_int,2003,56.184
ecu,sex_f,age_aggregate_yge65,edu_aggregate_int,2004,21.968
ecu,sex_f,age_aggregate_yge65,edu_aggregate_int,2005,52.263
ecu,sex_f,age_aggregate_yge65,edu_aggregate_int,2006,36.342
ecu,sex_f,age_aggregate_yge65,edu_aggregate_int,2007,16.663
ecu,sex_f,age_aggregate_yge65,edu_aggregate_int,2008,17.193
ecu,sex_f,age_aggregate_yge65,edu_aggregate_int,2009,22.266
ecu,sex_f,age_aggregate_yge65,edu_aggregate_int,2010,15.205
ecu,sex_f,age_aggregate_yge65,edu_aggregate_int,2011,14.041
ecu,sex_f,age_aggregate_yge65,edu_aggregate_int,2012,17.701
ecu,sex_f,age_aggregate_yge65,edu_aggregate_int,2013,13.938
ecu,sex_f,age_aggregate_yge65,edu_aggregate_int,2014,17.456
ecu,sex_f,age_aggregate_yge65,edu_aggregate_int,2015,14.668
ecu,sex_f,age_aggregate_yge65,edu_aggregate_int,2016,17.606
ecu,sex_f,age_aggregate_yge65,edu_aggregate_int,2017,15.421
ecu,sex_f,age_aggregate_yge65,edu_aggregate_int,2018,15.303
ecu,sex_f,age_aggregate_yge65,edu_aggregate_int,2019,16.134
ecu,sex_f,age_aggregate_yge65,edu_aggregate_int,2021,17.698
ecu,sex_f,age_aggregate_yge65,edu_aggregate_int,2022,19.597
ecu,sex_f,age_aggregate_yge65,edu_aggregate_int,2023,19.182
ecu,sex_f,age_aggregate_yge65,edu_aggregate_int,2024,17.167
ecu,sex_f,age_aggregate_yge65,edu_aggregate_ltb,2000,24.177
ecu,sex_f,age_aggregate_yge65,edu_aggregate_ltb,2001,35.087
ecu,sex_f,age_aggregate_yge65,edu_aggregate_ltb,2003,28.14
ecu,sex_f,age_aggregate_yge65,edu_aggregate_ltb,2004,33.041
ecu,sex_f,age_aggregate_yge65,edu_aggregate_ltb,2005,32.855
ecu,sex_f,age_aggregate_yge65,edu_aggregate_ltb,2006,34.679
ecu,sex_f,age_aggregate_yge65,edu_aggregate_ltb,2007,30.561
ecu,sex_f,age_aggregate_yge65,edu_aggregate_ltb,2008,29.663
ecu,sex_f,age_aggregate_yge65,edu_aggregate_ltb,2009,28.277
ecu,sex_f,age_aggregate_yge65,edu_aggregate_ltb,2010,24.687
ecu,sex_f,age_aggregate_yge65,edu_aggregate_ltb,2011,27.119
ecu,sex_f,age_aggregate_yge65,edu_aggregate_ltb,2012,27.579
ecu,sex_f,age_aggregate_yge65,edu_aggregate_ltb,2013,26.745
ecu,sex_f,age_aggregate_yge65,edu_aggregate_ltb,2014,25.663
ecu,sex_f,age_aggregate_yge65,edu_aggregate_ltb,2015,30.997
ecu,sex_f,age_aggregate_yge65,edu_aggregate_ltb,2016,36.747
ecu,sex_f,age_aggregate_yge65,edu_aggregate_ltb,2017,35.586
ecu,sex_f,age_aggregate_yge65,edu_aggregate_ltb,2018,34.997
ecu,sex_f,age_aggregate_yge65,edu_aggregate_ltb,2019,36.236
ecu,sex_f,age_aggregate_yge65,edu_aggregate_ltb,2021,32.84
ecu,sex_f,age_aggregate_yge65,edu_aggregate_ltb,2022,33.539
ecu,sex_f,age_aggregate_yge65,edu_aggregate_ltb,2023,34.994
ecu,sex_f,age_aggregate_yge65,edu_aggregate_ltb,2024,34.037
ecu,sex_f,age_aggregate_yge65,edu_aggregate_total,2000,22.062
ecu,sex_f,age_aggregate_yge65,edu_aggregate_total,2001,27.801
ecu,sex_f,age_aggregate_yge65,edu_aggregate_total,2003,22.518
ecu,sex_f,age_aggregate_yge65,edu_aggregate_total,2004,26.654
ecu,sex_f,age_aggregate_yge65,edu_aggregate_total,2005,28.272
ecu,sex_f,age_aggregate_yge65,edu_aggregate_total,2006,28.377
ecu,sex_f,age_aggregate_yge65,edu_aggregate_total,2007,26.839
ecu,sex_f,age_aggregate_yge65,edu_aggregate_total,2008,26.925
ecu,sex_f,age_aggregate_yge65,edu_aggregate_total,2009,25.228
ecu,sex_f,age_aggregate_yge65,edu_aggregate_total,2010,22.217
ecu,sex_f,age_aggregate_yge65,edu_aggregate_total,2011,23.707
ecu,sex_f,age_aggregate_yge65,edu_aggregate_total,2012,23.69
ecu,sex_f,age_aggregate_yge65,edu_aggregate_total,2013,23.128
ecu,sex_f,age_aggregate_yge65,edu_aggregate_total,2014,23.619
ecu,sex_f,age_aggregate_yge65,edu_aggregate_total,2015,27.207
ecu,sex_f,age_aggregate_yge65,edu_aggregate_total,2016,30.775
ecu,sex_f,age_aggregate_yge65,edu_aggregate_total,2017,30.664
ecu,sex_f,age_aggregate_yge65,edu_aggregate_total,2018,29.492
ecu,sex_f,age_aggregate_yge65,edu_aggregate_total,2019,30.067
ecu,sex_f,age_aggregate_yge65,edu_aggregate_total,2021,28.512
ecu,sex_f,age_aggregate_yge65,edu_aggregate_total,2022,29.542
ecu,sex_f,age_aggregate_yge65,edu_aggregate_total,2023,29.223
ecu,sex_f,age_aggregate_yge65,edu_aggregate_total,2024,28.172
ecu,sex_f,age_aggregate_yge65,edu_aggregate_x,2016,38.162
ecu,sex_f,age_aggregate_yge65,edu_aggregate_x,2017,45.222
ecu,sex_f,age_aggregate_yge65,edu_aggregate_x,2018,60.143
ecu,sex_f,age_aggregate_yge65,edu_aggregate_x,2019,54.938
ecu,sex_f,age_aggregate_yge65,edu_aggregate_x,2021,61.731
ecu,sex_f,age_aggregate_yge65,edu_aggregate_x,2022,78.324
ecu,sex_f,age_aggregate_yge65,edu_aggregate_x,2023,61.659
ecu,sex_f,age_aggregate_yge65,edu_aggregate_x,2024,72.294
ecu,sex_f,age_aggregate_yge65,edu_isced97_0,2000,25.435
ecu,sex_f,age_aggregate_yge65,edu_isced97_0,2001,34.765
ecu,sex_f,age_aggregate_yge65,edu_isced97_0,2003,29.17
ecu,sex_f,age_aggregate_yge65,edu_isced97_0,2004,32.104
ecu,sex_f,age_aggregate_yge65,edu_isced97_0,2005,34.134
ecu,sex_f,age_aggregate_yge65,edu_isced97_0,2006,30.935
ecu,sex_f,age_aggregate_yge65,edu_isced97_0,2007,29.076
ecu,sex_f,age_aggregate_yge65,edu_isced97_0,2008,28.707
ecu,sex_f,age_aggregate_yge65,edu_isced97_0,2009,28.396
ecu,sex_f,age_aggregate_yge65,edu_isced97_0,2010,25.448
ecu,sex_f,age_aggregate_yge65,edu_isced97_0,2011,27.418
ecu,sex_f,age_aggregate_yge65,edu_isced97_0,2012,28.418
ecu,sex_f,age_aggregate_yge65,edu_isced97_0,2013,27.716
ecu,sex_f,age_aggregate_yge65,edu_isced97_0,2014,26.74
ecu,sex_f,age_aggregate_yge65,edu_isced97_0,2015,31.789
ecu,sex_f,age_aggregate_yge65,edu_isced97_0,2016,38.496
ecu,sex_f,age_aggregate_yge65,edu_isced97_0,2017,36.452
ecu,sex_f,age_aggregate_yge65,edu_isced97_0,2018,35.54
ecu,sex_f,age_aggregate_yge65,edu_isced97_0,2019,35.54
ecu,sex_f,age_aggregate_yge65,edu_isced97_0,2021,33.859
ecu,sex_f,age_aggregate_yge65,edu_isced97_0,2022,33.571
ecu,sex_f,age_aggregate_yge65,edu_isced97_0,2023,33.492
ecu,sex_f,age_aggregate_yge65,edu_isced97_0,2024,33.852
ecu,sex_f,age_aggregate_yge65,edu_isced97_1,2000,19.423
ecu,sex_f,age_aggregate_yge65,edu_isced97_1,2001,28.095
ecu,sex_f,age_aggregate_yge65,edu_isced97_1,2003,19.431
ecu,sex_f,age_aggregate_yge65,edu_isced97_1,2004,22.956
ecu,sex_f,age_aggregate_yge65,edu_isced97_1,2005,25.836
ecu,sex_f,age_aggregate_yge65,edu_isced97_1,2006,24.763
ecu,sex_f,age_aggregate_yge65,edu_isced97_1,2007,22.6
ecu,sex_f,age_aggregate_yge65,edu_isced97_1,2008,22.521
ecu,sex_f,age_aggregate_yge65,edu_isced97_1,2009,18.697
ecu,sex_f,age_aggregate_yge65,edu_isced97_1,2010,18.892
ecu,sex_f,age_aggregate_yge65,edu_isced97_1,2011,19.664
ecu,sex_f,age_aggregate_yge65,edu_isced97_1,2012,20.1
ecu,sex_f,age_aggregate_yge65,edu_isced97_1,2013,19.716
ecu,sex_f,age_aggregate_yge65,edu_isced97_1,2014,21.861
ecu,sex_f,age_aggregate_yge65,edu_isced97_1,2015,24.195
ecu,sex_f,age_aggregate_yge65,edu_isced97_1,2016,27.239
ecu,sex_f,age_aggregate_yge65,edu_isced97_1,2017,28.096
ecu,sex_f,age_aggregate_yge65,edu_isced97_1,2018,27.752
ecu,sex_f,age_aggregate_yge65,edu_isced97_1,2019,27.891
ecu,sex_f,age_aggregate_yge65,edu_isced97_1,2021,29.074
ecu,sex_f,age_aggregate_yge65,edu_isced97_1,2022,28.993
ecu,sex_f,age_aggregate_yge65,edu_isced97_1,2023,25.88
ecu,sex_f,age_aggregate_yge65,edu_isced97_1,2024,26.715
ecu,sex_f,age_aggregate_yge65,edu_isced97_2,2000,19.773
ecu,sex_f,age_aggregate_yge65,edu_isced97_2,2001,17.923
ecu,sex_f,age_aggregate_yge65,edu_isced97_2,2003,9.421
ecu,sex_f,age_aggregate_yge65,edu_isced97_2,2004,13.527
ecu,sex_f,age_aggregate_yge65,edu_isced97_2,2005,18.64
ecu,sex_f,age_aggregate_yge65,edu_isced97_2,2006,17.152
ecu,sex_f,age_aggregate_yge65,edu_isced97_2,2007,17.077
ecu,sex_f,age_aggregate_yge65,edu_isced97_2,2008,16.272
ecu,sex_f,age_aggregate_yge65,edu_isced97_2,2009,17.857
ecu,sex_f,age_aggregate_yge65,edu_isced97_2,2010,19.39
ecu,sex_f,age_aggregate_yge65,edu_isced97_2,2011,24.489
ecu,sex_f,age_aggregate_yge65,edu_isced97_2,2012,14.671
ecu,sex_f,age_aggregate_yge65,edu_isced97_2,2013,22.394
ecu,sex_f,age_aggregate_yge65,edu_isced97_2,2014,20.314
ecu,sex_f,age_aggregate_yge65,edu_isced97_2,2015,27.204
ecu,sex_f,age_aggregate_yge65,edu_isced97_2,2016,25.515
ecu,sex_f,age_aggregate_yge65,edu_isced97_2,2017,29.116
ecu,sex_f,age_aggregate_yge65,edu_isced97_2,2018,23.691
ecu,sex_f,age_aggregate_yge65,edu_isced97_2,2019,26.857
ecu,sex_f,age_aggregate_yge65,edu_isced97_2,2021,23.909
ecu,sex_f,age_aggregate_yge65,edu_isced97_2,2022,29.858
ecu,sex_f,age_aggregate_yge65,edu_isced97_2,2023,29.65
ecu,sex_f,age_aggregate_yge65,edu_isced97_2,2024,23.446
ecu,sex_f,age_aggregate_yge65,edu_isced97_3,2000,22.242
ecu,sex_f,age_aggregate_yge65,edu_isced97_3,2001,23.142
ecu,sex_f,age_aggregate_yge65,edu_isced97_3,2005,54.215
ecu,sex_f,age_aggregate_yge65,edu_isced97_3,2006,28.919
ecu,sex_f,age_aggregate_yge65,edu_isced97_3,2007,16.917
ecu,sex_f,age_aggregate_yge65,edu_isced97_3,2008,16.736
ecu,sex_f,age_aggregate_yge65,edu_isced97_3,2009,22.266
ecu,sex_f,age_aggregate_yge65,edu_isced97_3,2010,15.247
ecu,sex_f,age_aggregate_yge65,edu_isced97_3,2011,14.048
ecu,sex_f,age_aggregate_yge65,edu_isced97_3,2012,17.596
ecu,sex_f,age_aggregate_yge65,edu_isced97_3,2013,13.958
ecu,sex_f,age_aggregate_yge65,edu_isced97_3,2014,17.553
ecu,sex_f,age_aggregate_yge65,edu_isced97_3,2015,14.632
ecu,sex_f,age_aggregate_yge65,edu_isced97_3,2016,16.762
ecu,sex_f,age_aggregate_yge65,edu_isced97_3,2017,15.493
ecu,sex_f,age_aggregate_yge65,edu_isced97_3,2018,15.479
ecu,sex_f,age_aggregate_yge65,edu_isced97_3,2019,16.202
ecu,sex_f,age_aggregate_yge65,edu_isced97_3,2021,17.741
ecu,sex_f,age_aggregate_yge65,edu_isced97_3,2022,19.616
ecu,sex_f,age_aggregate_yge65,edu_isced97_3,2023,19.048
ecu,sex_f,age_aggregate_yge65,edu_isced97_3,2024,17.047
ecu,sex_f,age_aggregate_yge65,edu_isced97_4,2006,44.81
ecu,sex_f,age_aggregate_yge65,edu_isced97_4,2015,16.994
ecu,sex_f,age_aggregate_yge65,edu_isced97_4,2016,52.009
ecu,sex_f,age_aggregate_yge65,edu_isced97_4,2017,11.7
ecu,sex_f,age_aggregate_yge65,edu_isced97_4,2019,12.573
ecu,sex_f,age_aggregate_yge65,edu_isced97_4,2021,15.671
ecu,sex_f,age_aggregate_yge65,edu_isced97_4,2022,18.738
ecu,sex_f,age_aggregate_yge65,edu_isced97_4,2023,23.379
ecu,sex_f,age_aggregate_yge65,edu_isced97_4,2024,23.431
ecu,sex_f,age_aggregate_yge65,edu_isced97_5,2000,30.935
ecu,sex_f,age_aggregate_yge65,edu_isced97_5,2001,24.931
ecu,sex_f,age_aggregate_yge65,edu_isced97_5,2003,19.843
ecu,sex_f,age_aggregate_yge65,edu_isced97_5,2004,26.063
ecu,sex_f,age_aggregate_yge65,edu_isced97_5,2005,27.005
ecu,sex_f,age_aggregate_yge65,edu_isced97_5,2006,31.608
ecu,sex_f,age_aggregate_yge65,edu_isced97_5,2007,28.797
ecu,sex_f,age_aggregate_yge65,edu_isced97_5,2008,40.44
ecu,sex_f,age_aggregate_yge65,edu_isced97_5,2009,45.429
ecu,sex_f,age_aggregate_yge65,edu_isced97_5,2010,29.246
ecu,sex_f,age_aggregate_yge65,edu_isced97_5,2011,21.037
ecu,sex_f,age_aggregate_yge65,edu_isced97_5,2012,21.503
ecu,sex_f,age_aggregate_yge65,edu_isced97_5,2013,19.905
ecu,sex_f,age_aggregate_yge65,edu_isced97_5,2014,24.475
ecu,sex_f,age_aggregate_yge65,edu_isced97_5,2015,23.644
ecu,sex_f,age_aggregate_yge65,edu_isced97_5,2016,18.851
ecu,sex_f,age_aggregate_yge65,edu_isced97_5,2017,21.812
ecu,sex_f,age_aggregate_yge65,edu_isced97_5,2018,18.378
ecu,sex_f,age_aggregate_yge65,edu_isced97_5,2019,18.161
ecu,sex_f,age_aggregate_yge65,edu_isced97_5,2021,19.357
ecu,sex_f,age_aggregate_yge65,edu_isced97_5,2022,20.725
ecu,sex_f,age_aggregate_yge65,edu_isced97_5,2023,18.963
ecu,sex_f,age_aggregate_yge65,edu_isced97_5,2024,20.135
ecu,sex_f,age_aggregate_yge65,edu_isced97_6,2008,92.336
ecu,sex_f,age_aggregate_yge65,edu_isced97_6,2014,22.913
ecu,sex_f,age_aggregate_yge65,edu_isced97_6,2015,31.187
ecu,sex_f,age_aggregate_yge65,edu_isced97_6,2016,22.902
ecu,sex_f,age_aggregate_yge65,edu_isced97_6,2017,33.427
ecu,sex_f,age_aggregate_yge65,edu_isced97_6,2018,37.141
ecu,sex_f,age_aggregate_yge65,edu_isced97_6,2019,34.176
ecu,sex_f,age_aggregate_yge65,edu_isced97_6,2021,17.201
ecu,sex_f,age_aggregate_yge65,edu_isced97_6,2022,17.857
ecu,sex_f,age_aggregate_yge65,edu_isced97_6,2023,26.177
ecu,sex_f,age_aggregate_yge65,edu_isced97_6,2024,24.898
ecu,sex_f,age_aggregate_yge65,edu_isced97_total,2000,22.062
ecu,sex_f,age_aggregate_yge65,edu_isced97_total,2001,27.801
ecu,sex_f,age_aggregate_yge65,edu_isced97_total,2003,22.518
ecu,sex_f,age_aggregate_yge65,edu_isced97_total,2004,26.654
ecu,sex_f,age_aggregate_yge65,edu_isced97_total,2005,28.272
ecu,sex_f,age_aggregate_yge65,edu_isced97_total,2006,28.377
ecu,sex_f,age_aggregate_yge65,edu_isced97_total,2007,26.839
ecu,sex_f,age_aggregate_yge65,edu_isced97_total,2008,26.925
ecu,sex_f,age_aggregate_yge65,edu_isced97_total,2009,25.228
ecu,sex_f,age_aggregate_yge65,edu_isced97_total,2010,22.217
ecu,sex_f,age_aggregate_yge65,edu_isced97_total,2011,23.707
ecu,sex_f,age_aggregate_yge65,edu_isced97_total,2012,23.69
ecu,sex_f,age_aggregate_yge65,edu_isced97_total,2013,23.128
ecu,sex_f,age_aggregate_yge65,edu_isced97_total,2014,23.619
ecu,sex_f,age_aggregate_yge65,edu_isced97_total,2015,27.207
ecu,sex_f,age_aggregate_yge65,edu_isced97_total,2016,30.775
ecu,sex_f,age_aggregate_yge65,edu_isced97_total,2017,30.664
ecu,sex_f,age_aggregate_yge65,edu_isced97_total,2018,29.492
ecu,sex_f,age_aggregate_yge65,edu_isced97_total,2019,30.067
ecu,sex_f,age_aggregate_yge65,edu_isced97_total,2021,28.512
ecu,sex_f,age_aggregate_yge65,edu_isced97_total,2022,29.542
ecu,sex_f,age_aggregate_yge65,edu_isced97_total,2023,29.223
ecu,sex_f,age_aggregate_yge65,edu_isced97_total,2024,28.172
ecu,sex_f,age_aggregate_yge65,edu_isced97_unk,2016,38.162
ecu,sex_f,age_aggregate_yge65,edu_isced97_unk,2017,45.222
ecu,sex_f,age_aggregate_yge65,edu_isced97_unk,2018,60.143
ecu,sex_f,age_aggregate_yge65,edu_isced97_unk,2019,54.938
ecu,sex_f,age_aggregate_yge65,edu_isced97_unk,2021,61.731
ecu,sex_f,age_aggregate_yge65,edu_isced97_unk,2022,78.324
ecu,sex_f,age_aggregate_yge65,edu_isced97_unk,2023,61.659
ecu,sex_f,age_aggregate_yge65,edu_isced97_unk,2024,72.294
ecu,sex_f,age_aggregate_yge65,edu_isced97_x,2000,23.802
ecu,sex_f,age_aggregate_yge65,edu_isced97_x,2001,35.195
ecu,sex_f,age_aggregate_yge65,edu_isced97_x,2003,27.81
ecu,sex_f,age_aggregate_yge65,edu_isced97_x,2004,33.382
ecu,sex_f,age_aggregate_yge65,edu_isced97_x,2005,32.413
ecu,sex_f,age_aggregate_yge65,edu_isced97_x,2006,36.123
ecu,sex_f,age_aggregate_yge65,edu_isced97_x,2007,32.038
ecu,sex_f,age_aggregate_yge65,edu_isced97_x,2008,30.72
ecu,sex_f,age_aggregate_yge65,edu_isced97_x,2009,28.145
ecu,sex_f,age_aggregate_yge65,edu_isced97_x,2010,23.847
ecu,sex_f,age_aggregate_yge65,edu_isced97_x,2011,26.817
ecu,sex_f,age_aggregate_yge65,edu_isced97_x,2012,26.658
ecu,sex_f,age_aggregate_yge65,edu_isced97_x,2013,25.612
ecu,sex_f,age_aggregate_yge65,edu_isced97_x,2014,24.377
ecu,sex_f,age_aggregate_yge65,edu_isced97_x,2015,30.022
ecu,sex_f,age_aggregate_yge65,edu_isced97_x,2016,34.757
ecu,sex_f,age_aggregate_yge65,edu_isced97_x,2017,34.57
ecu,sex_f,age_aggregate_yge65,edu_isced97_x,2018,34.376
ecu,sex_f,age_aggregate_yge65,edu_isced97_x,2019,37.033
ecu,sex_f,age_aggregate_yge65,edu_isced97_x,2021,31.537
ecu,sex_f,age_aggregate_yge65,edu_isced97_x,2022,33.495
ecu,sex_f,age_aggregate_yge65,edu_isced97_x,2023,36.782
ecu,sex_f,age_aggregate_yge65,edu_isced97_x,2024,34.277
ecu,sex_f,age_ythadult_y15_24,edu_aggregate_adv,2000,46.374
ecu,sex_f,age_ythadult_y15_24,edu_aggregate_adv,2001,50.888
ecu,sex_f,age_ythadult_y15_24,edu_aggregate_adv,2003,49.075
ecu,sex_f,age_ythadult_y15_24,edu_aggregate_adv,2004,46.201
ecu,sex_f,age_ythadult_y15_24,edu_aggregate_adv,2005,51.21
ecu,sex_f,age_ythadult_y15_24,edu_aggregate_adv,2006,51.225
ecu,sex_f,age_ythadult_y15_24,edu_aggregate_adv,2007,53.527
ecu,sex_f,age_ythadult_y15_24,edu_aggregate_adv,2008,46.482
ecu,sex_f,age_ythadult_y15_24,edu_aggregate_adv,2009,46.387
ecu,sex_f,age_ythadult_y15_24,edu_aggregate_adv,2010,41.399
ecu,sex_f,age_ythadult_y15_24,edu_aggregate_adv,2011,40.934
ecu,sex_f,age_ythadult_y15_24,edu_aggregate_adv,2012,41.799
ecu,sex_f,age_ythadult_y15_24,edu_aggregate_adv,2013,40.13
ecu,sex_f,age_ythadult_y15_24,edu_aggregate_adv,2014,35.739
ecu,sex_f,age_ythadult_y15_24,edu_aggregate_adv,2015,38.018
ecu,sex_f,age_ythadult_y15_24,edu_aggregate_adv,2016,38.759
ecu,sex_f,age_ythadult_y15_24,edu_aggregate_adv,2017,40.655
ecu,sex_f,age_ythadult_y15_24,edu_aggregate_adv,2018,35.773
ecu,sex_f,age_ythadult_y15_24,edu_aggregate_adv,2019,36.363
ecu,sex_f,age_ythadult_y15_24,edu_aggregate_adv,2021,38.928
ecu,sex_f,age_ythadult_y15_24,edu_aggregate_adv,2022,38.675
ecu,sex_f,age_ythadult_y15_24,edu_aggregate_adv,2023,39.469
ecu,sex_f,age_ythadult_y15_24,edu_aggregate_adv,2024,38.9
ecu,sex_f,age_ythadult_y15_24,edu_aggregate_bas,2000,40.909
ecu,sex_f,age_ythadult_y15_24,edu_aggregate_bas,2001,51.048
ecu,sex_f,age_ythadult_y15_24,edu_aggregate_bas,2003,34.95
ecu,sex_f,age_ythadult_y15_24,edu_aggregate_bas,2004,37.379
ecu,sex_f,age_ythadult_y15_24,edu_aggregate_bas,2005,34.527
ecu,sex_f,age_ythadult_y15_24,edu_aggregate_bas,2006,35.84
ecu,sex_f,age_ythadult_y15_24,edu_aggregate_bas,2007,30.6
ecu,sex_f,age_ythadult_y15_24,edu_aggregate_bas,2008,30.522
ecu,sex_f,age_ythadult_y15_24,edu_aggregate_bas,2009,27.098
ecu,sex_f,age_ythadult_y15_24,edu_aggregate_bas,2010,24.815
ecu,sex_f,age_ythadult_y15_24,edu_aggregate_bas,2011,20.509
ecu,sex_f,age_ythadult_y15_24,edu_aggregate_bas,2012,21.024
ecu,sex_f,age_ythadult_y15_24,edu_aggregate_bas,2013,20.54
ecu,sex_f,age_ythadult_y15_24,edu_aggregate_bas,2014,18.956
ecu,sex_f,age_ythadult_y15_24,edu_aggregate_bas,2015,22.486
ecu,sex_f,age_ythadult_y15_24,edu_aggregate_bas,2016,25.003
ecu,sex_f,age_ythadult_y15_24,edu_aggregate_bas,2017,24.812
ecu,sex_f,age_ythadult_y15_24,edu_aggregate_bas,2018,23.844
ecu,sex_f,age_ythadult_y15_24,edu_aggregate_bas,2019,22.963
ecu,sex_f,age_ythadult_y15_24,edu_aggregate_bas,2021,22.874
ecu,sex_f,age_ythadult_y15_24,edu_aggregate_bas,2022,23.914
ecu,sex_f,age_ythadult_y15_24,edu_aggregate_bas,2023,22.566
ecu,sex_f,age_ythadult_y15_24,edu_aggregate_bas,2024,23.997
ecu,sex_f,age_ythadult_y15_24,edu_aggregate_int,2000,27.952
ecu,sex_f,age_ythadult_y15_24,edu_aggregate_int,2001,36.175
ecu,sex_f,age_ythadult_y15_24,edu_aggregate_int,2003,34.627
ecu,sex_f,age_ythadult_y15_24,edu_aggregate_int,2004,33.329
ecu,sex_f,age_ythadult_y15_24,edu_aggregate_int,2005,34.677
ecu,sex_f,age_ythadult_y15_24,edu_aggregate_int,2006,33.247
ecu,sex_f,age_ythadult_y15_24,edu_aggregate_int,2007,42.629
ecu,sex_f,age_ythadult_y15_24,edu_aggregate_int,2008,38.88
ecu,sex_f,age_ythadult_y15_24,edu_aggregate_int,2009,37.105
ecu,sex_f,age_ythadult_y15_24,edu_aggregate_int,2010,32.504
ecu,sex_f,age_ythadult_y15_24,edu_aggregate_int,2011,31.538
ecu,sex_f,age_ythadult_y15_24,edu_aggregate_int,2012,33.518
ecu,sex_f,age_ythadult_y15_24,edu_aggregate_int,2013,32.27
ecu,sex_f,age_ythadult_y15_24,edu_aggregate_int,2014,31.06
ecu,sex_f,age_ythadult_y15_24,edu_aggregate_int,2015,35.4
ecu,sex_f,age_ythadult_y15_24,edu_aggregate_int,2016,35.224
ecu,sex_f,age_ythadult_y15_24,edu_aggregate_int,2017,37.836
ecu,sex_f,age_ythadult_y15_24,edu_aggregate_int,2018,36.502
ecu,sex_f,age_ythadult_y15_24,edu_aggregate_int,2019,36.577
ecu,sex_f,age_ythadult_y15_24,edu_aggregate_int,2021,36.257
ecu,sex_f,age_ythadult_y15_24,edu_aggregate_int,2022,38.665
ecu,sex_f,age_ythadult_y15_24,edu_aggregate_int,2023,35.72
ecu,sex_f,age_ythadult_y15_24,edu_aggregate_int,2024,34.931
ecu,sex_f,age_ythadult_y15_24,edu_aggregate_ltb,2000,37.723
ecu,sex_f,age_ythadult_y15_24,edu_aggregate_ltb,2001,48.764
ecu,sex_f,age_ythadult_y15_24,edu_aggregate_ltb,2003,36.85
ecu,sex_f,age_ythadult_y15_24,edu_aggregate_ltb,2004,40.151
ecu,sex_f,age_ythadult_y15_24,edu_aggregate_ltb,2005,40.449
ecu,sex_f,age_ythadult_y15_24,edu_aggregate_ltb,2006,38.732
ecu,sex_f,age_ythadult_y15_24,edu_aggregate_ltb,2007,38.302
ecu,sex_f,age_ythadult_y15_24,edu_aggregate_ltb,2008,34.044
ecu,sex_f,age_ythadult_y15_24,edu_aggregate_ltb,2009,31.548
ecu,sex_f,age_ythadult_y15_24,edu_aggregate_ltb,2010,32.472
ecu,sex_f,age_ythadult_y15_24,edu_aggregate_ltb,2011,30.549
ecu,sex_f,age_ythadult_y15_24,edu_aggregate_ltb,2012,32.605
ecu,sex_f,age_ythadult_y15_24,edu_aggregate_ltb,2013,30.981
ecu,sex_f,age_ythadult_y15_24,edu_aggregate_ltb,2014,26.254
ecu,sex_f,age_ythadult_y15_24,edu_aggregate_ltb,2015,29.768
ecu,sex_f,age_ythadult_y15_24,edu_aggregate_ltb,2016,34.606
ecu,sex_f,age_ythadult_y15_24,edu_aggregate_ltb,2017,34.604
ecu,sex_f,age_ythadult_y15_24,edu_aggregate_ltb,2018,30.657
ecu,sex_f,age_ythadult_y15_24,edu_aggregate_ltb,2019,28.112
ecu,sex_f,age_ythadult_y15_24,edu_aggregate_ltb,2021,22.433
ecu,sex_f,age_ythadult_y15_24,edu_aggregate_ltb,2022,26.966
ecu,sex_f,age_ythadult_y15_24,edu_aggregate_ltb,2023,29.744
ecu,sex_f,age_ythadult_y15_24,edu_aggregate_ltb,2024,22.731
ecu,sex_f,age_ythadult_y15_24,edu_aggregate_total,2000,34.273
ecu,sex_f,age_ythadult_y15_24,edu_aggregate_total,2001,43.097
ecu,sex_f,age_ythadult_y15_24,edu_aggregate_total,2003,35.786
ecu,sex_f,age_ythadult_y15_24,edu_aggregate_total,2004,37.595
ecu,sex_f,age_ythadult_y15_24,edu_aggregate_total,2005,35.721
ecu,sex_f,age_ythadult_y15_24,edu_aggregate_total,2006,36.466
ecu,sex_f,age_ythadult_y15_24,edu_aggregate_total,2007,36.127
ecu,sex_f,age_ythadult_y15_24,edu_aggregate_total,2008,34.329
ecu,sex_f,age_ythadult_y15_24,edu_aggregate_total,2009,32.003
ecu,sex_f,age_ythadult_y15_24,edu_aggregate_total,2010,29.168
ecu,sex_f,age_ythadult_y15_24,edu_aggregate_total,2011,26.419
ecu,sex_f,age_ythadult_y15_24,edu_aggregate_total,2012,27.742
ecu,sex_f,age_ythadult_y15_24,edu_aggregate_total,2013,26.765
ecu,sex_f,age_ythadult_y15_24,edu_aggregate_total,2014,24.73
ecu,sex_f,age_ythadult_y15_24,edu_aggregate_total,2015,28.572
ecu,sex_f,age_ythadult_y15_24,edu_aggregate_total,2016,30.197
ecu,sex_f,age_ythadult_y15_24,edu_aggregate_total,2017,31.232
ecu,sex_f,age_ythadult_y15_24,edu_aggregate_total,2018,30.057
ecu,sex_f,age_ythadult_y15_24,edu_aggregate_total,2019,29.865
ecu,sex_f,age_ythadult_y15_24,edu_aggregate_total,2021,30.152
ecu,sex_f,age_ythadult_y15_24,edu_aggregate_total,2022,31.901
ecu,sex_f,age_ythadult_y15_24,edu_aggregate_total,2023,30.126
ecu,sex_f,age_ythadult_y15_24,edu_aggregate_total,2024,30.25
ecu,sex_f,age_ythadult_y15_24,edu_isced97_0,2000,40.714
ecu,sex_f,age_ythadult_y15_24,edu_isced97_0,2001,49.74
ecu,sex_f,age_ythadult_y15_24,edu_isced97_0,2003,41.84
ecu,sex_f,age_ythadult_y15_24,edu_isced97_0,2004,44.347
ecu,sex_f,age_ythadult_y15_24,edu_isced97_0,2005,49.624
ecu,sex_f,age_ythadult_y15_24,edu_isced97_0,2006,48.55
ecu,sex_f,age_ythadult_y15_24,edu_isced97_0,2007,40.398
ecu,sex_f,age_ythadult_y15_24,edu_isced97_0,2008,36.747
ecu,sex_f,age_ythadult_y15_24,edu_isced97_0,2009,32.923
ecu,sex_f,age_ythadult_y15_24,edu_isced97_0,2010,33.562
ecu,sex_f,age_ythadult_y15_24,edu_isced97_0,2011,33.321
ecu,sex_f,age_ythadult_y15_24,edu_isced97_0,2012,35.75
ecu,sex_f,age_ythadult_y15_24,edu_isced97_0,2013,34.139
ecu,sex_f,age_ythadult_y15_24,edu_isced97_0,2014,30.256
ecu,sex_f,age_ythadult_y15_24,edu_isced97_0,2015,36.056
ecu,sex_f,age_ythadult_y15_24,edu_isced97_0,2016,42.374
ecu,sex_f,age_ythadult_y15_24,edu_isced97_0,2017,38.884
ecu,sex_f,age_ythadult_y15_24,edu_isced97_0,2018,36.7
ecu,sex_f,age_ythadult_y15_24,edu_isced97_0,2019,32.539
ecu,sex_f,age_ythadult_y15_24,edu_isced97_0,2021,28.05
ecu,sex_f,age_ythadult_y15_24,edu_isced97_0,2022,34.797
ecu,sex_f,age_ythadult_y15_24,edu_isced97_0,2023,37.754
ecu,sex_f,age_ythadult_y15_24,edu_isced97_0,2024,30.978
ecu,sex_f,age_ythadult_y15_24,edu_isced97_1,2000,48.752
ecu,sex_f,age_ythadult_y15_24,edu_isced97_1,2001,53.562
ecu,sex_f,age_ythadult_y15_24,edu_isced97_1,2003,41.03
ecu,sex_f,age_ythadult_y15_24,edu_isced97_1,2004,47.184
ecu,sex_f,age_ythadult_y15_24,edu_isced97_1,2005,37.402
ecu,sex_f,age_ythadult_y15_24,edu_isced97_1,2006,38.465
ecu,sex_f,age_ythadult_y15_24,edu_isced97_1,2007,40.069
ecu,sex_f,age_ythadult_y15_24,edu_isced97_1,2008,41.927
ecu,sex_f,age_ythadult_y15_24,edu_isced97_1,2009,38.323
ecu,sex_f,age_ythadult_y15_24,edu_isced97_1,2010,38.083
ecu,sex_f,age_ythadult_y15_24,edu_isced97_1,2011,30.483
ecu,sex_f,age_ythadult_y15_24,edu_isced97_1,2012,32.594
ecu,sex_f,age_ythadult_y15_24,edu_isced97_1,2013,31.963
ecu,sex_f,age_ythadult_y15_24,edu_isced97_1,2014,30.253
ecu,sex_f,age_ythadult_y15_24,edu_isced97_1,2015,33.872
ecu,sex_f,age_ythadult_y15_24,edu_isced97_1,2016,37.876
ecu,sex_f,age_ythadult_y15_24,edu_isced97_1,2017,36.786
ecu,sex_f,age_ythadult_y15_24,edu_isced97_1,2018,34.808
ecu,sex_f,age_ythadult_y15_24,edu_isced97_1,2019,33.172
ecu,sex_f,age_ythadult_y15_24,edu_isced97_1,2021,31.008
ecu,sex_f,age_ythadult_y15_24,edu_isced97_1,2022,34.647
ecu,sex_f,age_ythadult_y15_24,edu_isced97_1,2023,36.584
ecu,sex_f,age_ythadult_y15_24,edu_isced97_1,2024,39.46
ecu,sex_f,age_ythadult_y15_24,edu_isced97_2,2000,39.817
ecu,sex_f,age_ythadult_y15_24,edu_isced97_2,2001,50.617
ecu,sex_f,age_ythadult_y15_24,edu_isced97_2,2003,29.401
ecu,sex_f,age_ythadult_y15_24,edu_isced97_2,2004,29.206
ecu,sex_f,age_ythadult_y15_24,edu_isced97_2,2005,31.533
ecu,sex_f,age_ythadult_y15_24,edu_isced97_2,2006,32.702
ecu,sex_f,age_ythadult_y15_24,edu_isced97_2,2007,22.748
ecu,sex_f,age_ythadult_y15_24,edu_isced97_2,2008,21.752
ecu,sex_f,age_ythadult_y15_24,edu_isced97_2,2009,19.271
ecu,sex_f,age_ythadult_y15_24,edu_isced97_2,2010,16.803
ecu,sex_f,age_ythadult_y15_24,edu_isced97_2,2011,14.778
ecu,sex_f,age_ythadult_y15_24,edu_isced97_2,2012,15.29
ecu,sex_f,age_ythadult_y15_24,edu_isced97_2,2013,14.763
ecu,sex_f,age_ythadult_y15_24,edu_isced97_2,2014,13.14
ecu,sex_f,age_ythadult_y15_24,edu_isced97_2,2015,17.119
ecu,sex_f,age_ythadult_y15_24,edu_isced97_2,2016,20.006
ecu,sex_f,age_ythadult_y15_24,edu_isced97_2,2017,20.793
ecu,sex_f,age_ythadult_y15_24,edu_isced97_2,2018,20.063
ecu,sex_f,age_ythadult_y15_24,edu_isced97_2,2019,19.762
ecu,sex_f,age_ythadult_y15_24,edu_isced97_2,2021,20.445
ecu,sex_f,age_ythadult_y15_24,edu_isced97_2,2022,20.832
ecu,sex_f,age_ythadult_y15_24,edu_isced97_2,2023,19.119
ecu,sex_f,age_ythadult_y15_24,edu_isced97_2,2024,20.128
ecu,sex_f,age_ythadult_y15_24,edu_isced97_3,2000,27.952
ecu,sex_f,age_ythadult_y15_24,edu_isced97_3,2001,36.175
ecu,sex_f,age_ythadult_y15_24,edu_isced97_3,2003,34.142
ecu,sex_f,age_ythadult_y15_24,edu_isced97_3,2004,32.18
ecu,sex_f,age_ythadult_y15_24,edu_isced97_3,2005,33.478
ecu,sex_f,age_ythadult_y15_24,edu_isced97_3,2006,33.118
ecu,sex_f,age_ythadult_y15_24,edu_isced97_3,2007,42.307
ecu,sex_f,age_ythadult_y15_24,edu_isced97_3,2008,38.691
ecu,sex_f,age_ythadult_y15_24,edu_isced97_3,2009,36.944
ecu,sex_f,age_ythadult_y15_24,edu_isced97_3,2010,32.331
ecu,sex_f,age_ythadult_y15_24,edu_isced97_3,2011,31.383
ecu,sex_f,age_ythadult_y15_24,edu_isced97_3,2012,33.401
ecu,sex_f,age_ythadult_y15_24,edu_isced97_3,2013,32.1
ecu,sex_f,age_ythadult_y15_24,edu_isced97_3,2014,30.881
ecu,sex_f,age_ythadult_y15_24,edu_isced97_3,2015,35.067
ecu,sex_f,age_ythadult_y15_24,edu_isced97_3,2016,34.873
ecu,sex_f,age_ythadult_y15_24,edu_isced97_3,2017,37.357
ecu,sex_f,age_ythadult_y15_24,edu_isced97_3,2018,36.207
ecu,sex_f,age_ythadult_y15_24,edu_isced97_3,2019,36.422
ecu,sex_f,age_ythadult_y15_24,edu_isced97_3,2021,35.845
ecu,sex_f,age_ythadult_y15_24,edu_isced97_3,2022,38.186
ecu,sex_f,age_ythadult_y15_24,edu_isced97_3,2023,35.118
ecu,sex_f,age_ythadult_y15_24,edu_isced97_3,2024,34.525
ecu,sex_f,age_ythadult_y15_24,edu_isced97_4,2003,43.141
ecu,sex_f,age_ythadult_y15_24,edu_isced97_4,2004,60.268
ecu,sex_f,age_ythadult_y15_24,edu_isced97_4,2005,64.783
ecu,sex_f,age_ythadult_y15_24,edu_isced97_4,2006,46.721
ecu,sex_f,age_ythadult_y15_24,edu_isced97_4,2007,84.949
ecu,sex_f,age_ythadult_y15_24,edu_isced97_4,2008,69.558
ecu,sex_f,age_ythadult_y15_24,edu_isced97_4,2009,66.255
ecu,sex_f,age_ythadult_y15_24,edu_isced97_4,2010,61.428
ecu,sex_f,age_ythadult_y15_24,edu_isced97_4,2011,53.099
ecu,sex_f,age_ythadult_y15_24,edu_isced97_4,2012,73.458
ecu,sex_f,age_ythadult_y15_24,edu_isced97_4,2013,47.973
ecu,sex_f,age_ythadult_y15_24,edu_isced97_4,2014,50.647
ecu,sex_f,age_ythadult_y15_24,edu_isced97_4,2015,65.773
ecu,sex_f,age_ythadult_y15_24,edu_isced97_4,2016,59.099
ecu,sex_f,age_ythadult_y15_24,edu_isced97_4,2017,71.521
ecu,sex_f,age_ythadult_y15_24,edu_isced97_4,2018,61.775
ecu,sex_f,age_ythadult_y15_24,edu_isced97_4,2019,50.735
ecu,sex_f,age_ythadult_y15_24,edu_isced97_4,2021,65.769
ecu,sex_f,age_ythadult_y15_24,edu_isced97_4,2022,62.55
ecu,sex_f,age_ythadult_y15_24,edu_isced97_4,2023,63.426
ecu,sex_f,age_ythadult_y15_24,edu_isced97_4,2024,55.753
ecu,sex_f,age_ythadult_y15_24,edu_isced97_5,2000,46.374
ecu,sex_f,age_ythadult_y15_24,edu_isced97_5,2001,51
ecu,sex_f,age_ythadult_y15_24,edu_isced97_5,2003,49.075
ecu,sex_f,age_ythadult_y15_24,edu_isced97_5,2004,46.096
ecu,sex_f,age_ythadult_y15_24,edu_isced97_5,2005,51.268
ecu,sex_f,age_ythadult_y15_24,edu_isced97_5,2006,51.225
ecu,sex_f,age_ythadult_y15_24,edu_isced97_5,2007,53.545
ecu,sex_f,age_ythadult_y15_24,edu_isced97_5,2008,46.496
ecu,sex_f,age_ythadult_y15_24,edu_isced97_5,2009,46.132
ecu,sex_f,age_ythadult_y15_24,edu_isced97_5,2010,41.334
ecu,sex_f,age_ythadult_y15_24,edu_isced97_5,2011,40.571
ecu,sex_f,age_ythadult_y15_24,edu_isced97_5,2012,41.781
ecu,sex_f,age_ythadult_y15_24,edu_isced97_5,2013,39.965
ecu,sex_f,age_ythadult_y15_24,edu_isced97_5,2014,35.698
ecu,sex_f,age_ythadult_y15_24,edu_isced97_5,2015,37.936
ecu,sex_f,age_ythadult_y15_24,edu_isced97_5,2016,38.665
ecu,sex_f,age_ythadult_y15_24,edu_isced97_5,2017,40.689
ecu,sex_f,age_ythadult_y15_24,edu_isced97_5,2018,35.75
ecu,sex_f,age_ythadult_y15_24,edu_isced97_5,2019,36.304
ecu,sex_f,age_ythadult_y15_24,edu_isced97_5,2021,38.819
ecu,sex_f,age_ythadult_y15_24,edu_isced97_5,2022,38.551
ecu,sex_f,age_ythadult_y15_24,edu_isced97_5,2023,39.39
ecu,sex_f,age_ythadult_y15_24,edu_isced97_5,2024,38.598
ecu,sex_f,age_ythadult_y15_24,edu_isced97_6,2019,59.16
ecu,sex_f,age_ythadult_y15_24,edu_isced97_6,2021,72.56
ecu,sex_f,age_ythadult_y15_24,edu_isced97_6,2022,60.056
ecu,sex_f,age_ythadult_y15_24,edu_isced97_6,2023,67.671
ecu,sex_f,age_ythadult_y15_24,edu_isced97_6,2024,63.717
ecu,sex_f,age_ythadult_y15_24,edu_isced97_total,2000,34.273
ecu,sex_f,age_ythadult_y15_24,edu_isced97_total,2001,43.097
ecu,sex_f,age_ythadult_y15_24,edu_isced97_total,2003,35.786
ecu,sex_f,age_ythadult_y15_24,edu_isced97_total,2004,37.595
ecu,sex_f,age_ythadult_y15_24,edu_isced97_total,2005,35.721
ecu,sex_f,age_ythadult_y15_24,edu_isced97_total,2006,36.466
ecu,sex_f,age_ythadult_y15_24,edu_isced97_total,2007,36.127
ecu,sex_f,age_ythadult_y15_24,edu_isced97_total,2008,34.329
ecu,sex_f,age_ythadult_y15_24,edu_isced97_total,2009,32.003
ecu,sex_f,age_ythadult_y15_24,edu_isced97_total,2010,29.168
ecu,sex_f,age_ythadult_y15_24,edu_isced97_total,2011,26.419
ecu,sex_f,age_ythadult_y15_24,edu_isced97_total,2012,27.742
ecu,sex_f,age_ythadult_y15_24,edu_isced97_total,2013,26.765
ecu,sex_f,age_ythadult_y15_24,edu_isced97_total,2014,24.73
ecu,sex_f,age_ythadult_y15_24,edu_isced97_total,2015,28.572
ecu,sex_f,age_ythadult_y15_24,edu_isced97_total,2016,30.197
ecu,sex_f,age_ythadult_y15_24,edu_isced97_total,2017,31.232
ecu,sex_f,age_ythadult_y15_24,edu_isced97_total,2018,30.057
ecu,sex_f,age_ythadult_y15_24,edu_isced97_total,2019,29.865
ecu,sex_f,age_ythadult_y15_24,edu_isced97_total,2021,30.152
ecu,sex_f,age_ythadult_y15_24,edu_isced97_total,2022,31.901
ecu,sex_f,age_ythadult_y15_24,edu_isced97_total,2023,30.126
ecu,sex_f,age_ythadult_y15_24,edu_isced97_total,2024,30.25
ecu,sex_f,age_ythadult_y15_24,edu_isced97_x,2000,34.733
ecu,sex_f,age_ythadult_y15_24,edu_isced97_x,2001,47.773
ecu,sex_f,age_ythadult_y15_24,edu_isced97_x,2003,32.385
ecu,sex_f,age_ythadult_y15_24,edu_isced97_x,2004,35.338
ecu,sex_f,age_ythadult_y15_24,edu_isced97_x,2005,29.755
ecu,sex_f,age_ythadult_y15_24,edu_isced97_x,2006,30.594
ecu,sex_f,age_ythadult_y15_24,edu_isced97_x,2007,25.221
ecu,sex_f,age_ythadult_y15_24,edu_isced97_x,2008,22.258
ecu,sex_f,age_ythadult_y15_24,edu_isced97_x,2009,23.454
ecu,sex_f,age_ythadult_y15_24,edu_isced97_x,2010,26.347
ecu,sex_f,age_ythadult_y15_24,edu_isced97_x,2011,20.225
ecu,sex_f,age_ythadult_y15_24,edu_isced97_x,2012,17.757
ecu,sex_f,age_ythadult_y15_24,edu_isced97_x,2013,21.234
ecu,sex_f,age_ythadult_y15_24,edu_isced97_x,2014,8.841
ecu,sex_f,age_ythadult_y15_24,edu_isced97_x,2015,8.06
ecu,sex_f,age_ythadult_y15_24,edu_isced97_x,2016,8.506
ecu,sex_f,age_ythadult_y15_24,edu_isced97_x,2017,14.127
ecu,sex_f,age_ythadult_y15_24,edu_isced97_x,2018,9.481
ecu,sex_f,age_ythadult_y15_24,edu_isced97_x,2019,14.289
ecu,sex_f,age_ythadult_y15_24,edu_isced97_x,2022,7.833
ecu,sex_f,age_ythadult_y15_24,edu_isced97_x,2023,11.686
ecu,sex_f,age_ythadult_y15_24,edu_isced97_x,2024,5.093
ecu,sex_f,age_ythadult_y15_64,edu_aggregate_adv,2000,69.087
ecu,sex_f,age_ythadult_y15_64,edu_aggregate_adv,2001,69.792
ecu,sex_f,age_ythadult_y15_64,edu_aggregate_adv,2003,73.943
ecu,sex_f,age_ythadult_y15_64,edu_aggregate_adv,2004,74.193
ecu,sex_f,age_ythadult_y15_64,edu_aggregate_adv,2005,75.516
ecu,sex_f,age_ythadult_y15_64,edu_aggregate_adv,2006,77.2
ecu,sex_f,age_ythadult_y15_64,edu_aggregate_adv,2007,74.691
ecu,sex_f,age_ythadult_y15_64,edu_aggregate_adv,2008,75.063
ecu,sex_f,age_ythadult_y15_64,edu_aggregate_adv,2009,70.93
ecu,sex_f,age_ythadult_y15_64,edu_aggregate_adv,2010,72.029
ecu,sex_f,age_ythadult_y15_64,edu_aggregate_adv,2011,72.36
ecu,sex_f,age_ythadult_y15_64,edu_aggregate_adv,2012,73.889
ecu,sex_f,age_ythadult_y15_64,edu_aggregate_adv,2013,72.788
ecu,sex_f,age_ythadult_y15_64,edu_aggregate_adv,2014,71.043
ecu,sex_f,age_ythadult_y15_64,edu_aggregate_adv,2015,72.507
ecu,sex_f,age_ythadult_y15_64,edu_aggregate_adv,2016,72.975
ecu,sex_f,age_ythadult_y15_64,edu_aggregate_adv,2017,72.9
ecu,sex_f,age_ythadult_y15_64,edu_aggregate_adv,2018,72.974
ecu,sex_f,age_ythadult_y15_64,edu_aggregate_adv,2019,72.852
ecu,sex_f,age_ythadult_y15_64,edu_aggregate_adv,2021,70.702
ecu,sex_f,age_ythadult_y15_64,edu_aggregate_adv,2022,73.032
ecu,sex_f,age_ythadult_y15_64,edu_aggregate_adv,2023,72.036
ecu,sex_f,age_ythadult_y15_64,edu_aggregate_adv,2024,71.612
ecu,sex_f,age_ythadult_y15_64,edu_aggregate_bas,2000,43.05
ecu,sex_f,age_ythadult_y15_64,edu_aggregate_bas,2001,53.64
ecu,sex_f,age_ythadult_y15_64,edu_aggregate_bas,2003,44.603
ecu,sex_f,age_ythadult_y15_64,edu_aggregate_bas,2004,48.57
ecu,sex_f,age_ythadult_y15_64,edu_aggregate_bas,2005,48.019
ecu,sex_f,age_ythadult_y15_64,edu_aggregate_bas,2006,49.646
ecu,sex_f,age_ythadult_y15_64,edu_aggregate_bas,2007,46.547
ecu,sex_f,age_ythadult_y15_64,edu_aggregate_bas,2008,46.098
ecu,sex_f,age_ythadult_y15_64,edu_aggregate_bas,2009,43.271
ecu,sex_f,age_ythadult_y15_64,edu_aggregate_bas,2010,42.26
ecu,sex_f,age_ythadult_y15_64,edu_aggregate_bas,2011,40.849
ecu,sex_f,age_ythadult_y15_64,edu_aggregate_bas,2012,42.204
ecu,sex_f,age_ythadult_y15_64,edu_aggregate_bas,2013,42.835
ecu,sex_f,age_ythadult_y15_64,edu_aggregate_bas,2014,41.577
ecu,sex_f,age_ythadult_y15_64,edu_aggregate_bas,2015,46.021
ecu,sex_f,age_ythadult_y15_64,edu_aggregate_bas,2016,49.209
ecu,sex_f,age_ythadult_y15_64,edu_aggregate_bas,2017,50.696
ecu,sex_f,age_ythadult_y15_64,edu_aggregate_bas,2018,49.978
ecu,sex_f,age_ythadult_y15_64,edu_aggregate_bas,2019,49.615
ecu,sex_f,age_ythadult_y15_64,edu_aggregate_bas,2021,49.058
ecu,sex_f,age_ythadult_y15_64,edu_aggregate_bas,2022,50.096
ecu,sex_f,age_ythadult_y15_64,edu_aggregate_bas,2023,48.439
ecu,sex_f,age_ythadult_y15_64,edu_aggregate_bas,2024,48.92
ecu,sex_f,age_ythadult_y15_64,edu_aggregate_int,2000,39.958
ecu,sex_f,age_ythadult_y15_64,edu_aggregate_int,2001,47.964
ecu,sex_f,age_ythadult_y15_64,edu_aggregate_int,2003,49.356
ecu,sex_f,age_ythadult_y15_64,edu_aggregate_int,2004,50.297
ecu,sex_f,age_ythadult_y15_64,edu_aggregate_int,2005,48.88
ecu,sex_f,age_ythadult_y15_64,edu_aggregate_int,2006,48.009
ecu,sex_f,age_ythadult_y15_64,edu_aggregate_int,2007,55.128
ecu,sex_f,age_ythadult_y15_64,edu_aggregate_int,2008,53.069
ecu,sex_f,age_ythadult_y15_64,edu_aggregate_int,2009,51.138
ecu,sex_f,age_ythadult_y15_64,edu_aggregate_int,2010,49.521
ecu,sex_f,age_ythadult_y15_64,edu_aggregate_int,2011,49.322
ecu,sex_f,age_ythadult_y15_64,edu_aggregate_int,2012,50.885
ecu,sex_f,age_ythadult_y15_64,edu_aggregate_int,2013,49.213
ecu,sex_f,age_ythadult_y15_64,edu_aggregate_int,2014,47.903
ecu,sex_f,age_ythadult_y15_64,edu_aggregate_int,2015,50.443
ecu,sex_f,age_ythadult_y15_64,edu_aggregate_int,2016,52.16
ecu,sex_f,age_ythadult_y15_64,edu_aggregate_int,2017,54.372
ecu,sex_f,age_ythadult_y15_64,edu_aggregate_int,2018,52.321
ecu,sex_f,age_ythadult_y15_64,edu_aggregate_int,2019,52.411
ecu,sex_f,age_ythadult_y15_64,edu_aggregate_int,2021,51.739
ecu,sex_f,age_ythadult_y15_64,edu_aggregate_int,2022,53.911
ecu,sex_f,age_ythadult_y15_64,edu_aggregate_int,2023,51.607
ecu,sex_f,age_ythadult_y15_64,edu_aggregate_int,2024,51.08
ecu,sex_f,age_ythadult_y15_64,edu_aggregate_ltb,2000,48.151
ecu,sex_f,age_ythadult_y15_64,edu_aggregate_ltb,2001,62.094
ecu,sex_f,age_ythadult_y15_64,edu_aggregate_ltb,2003,49.546
ecu,sex_f,age_ythadult_y15_64,edu_aggregate_ltb,2004,56.58
ecu,sex_f,age_ythadult_y15_64,edu_aggregate_ltb,2005,54.272
ecu,sex_f,age_ythadult_y15_64,edu_aggregate_ltb,2006,54.684
ecu,sex_f,age_ythadult_y15_64,edu_aggregate_ltb,2007,50.948
ecu,sex_f,age_ythadult_y15_64,edu_aggregate_ltb,2008,50.788
ecu,sex_f,age_ythadult_y15_64,edu_aggregate_ltb,2009,49.836
ecu,sex_f,age_ythadult_y15_64,edu_aggregate_ltb,2010,48.689
ecu,sex_f,age_ythadult_y15_64,edu_aggregate_ltb,2011,47.777
ecu,sex_f,age_ythadult_y15_64,edu_aggregate_ltb,2012,48.752
ecu,sex_f,age_ythadult_y15_64,edu_aggregate_ltb,2013,49.611
ecu,sex_f,age_ythadult_y15_64,edu_aggregate_ltb,2014,49.619
ecu,sex_f,age_ythadult_y15_64,edu_aggregate_ltb,2015,55.656
ecu,sex_f,age_ythadult_y15_64,edu_aggregate_ltb,2016,59.345
ecu,sex_f,age_ythadult_y15_64,edu_aggregate_ltb,2017,61.471
ecu,sex_f,age_ythadult_y15_64,edu_aggregate_ltb,2018,60.714
ecu,sex_f,age_ythadult_y15_64,edu_aggregate_ltb,2019,61.397
ecu,sex_f,age_ythadult_y15_64,edu_aggregate_ltb,2021,56.543
ecu,sex_f,age_ythadult_y15_64,edu_aggregate_ltb,2022,56.721
ecu,sex_f,age_ythadult_y15_64,edu_aggregate_ltb,2023,58.787
ecu,sex_f,age_ythadult_y15_64,edu_aggregate_ltb,2024,56.867
ecu,sex_f,age_ythadult_y15_64,edu_aggregate_total,2000,45.143
ecu,sex_f,age_ythadult_y15_64,edu_aggregate_total,2001,54.134
ecu,sex_f,age_ythadult_y15_64,edu_aggregate_total,2003,48.741
ecu,sex_f,age_ythadult_y15_64,edu_aggregate_total,2004,52.559
ecu,sex_f,age_ythadult_y15_64,edu_aggregate_total,2005,52.08
ecu,sex_f,age_ythadult_y15_64,edu_aggregate_total,2006,53.337
ecu,sex_f,age_ythadult_y15_64,edu_aggregate_total,2007,52.883
ecu,sex_f,age_ythadult_y15_64,edu_aggregate_total,2008,52.422
ecu,sex_f,age_ythadult_y15_64,edu_aggregate_total,2009,50.1
ecu,sex_f,age_ythadult_y15_64,edu_aggregate_total,2010,49.491
ecu,sex_f,age_ythadult_y15_64,edu_aggregate_total,2011,48.819
ecu,sex_f,age_ythadult_y15_64,edu_aggregate_total,2012,50.386
ecu,sex_f,age_ythadult_y15_64,edu_aggregate_total,2013,50.137
ecu,sex_f,age_ythadult_y15_64,edu_aggregate_total,2014,48.751
ecu,sex_f,age_ythadult_y15_64,edu_aggregate_total,2015,52.334
ecu,sex_f,age_ythadult_y15_64,edu_aggregate_total,2016,54.869
ecu,sex_f,age_ythadult_y15_64,edu_aggregate_total,2017,56.316
ecu,sex_f,age_ythadult_y15_64,edu_aggregate_total,2018,55.306
ecu,sex_f,age_ythadult_y15_64,edu_aggregate_total,2019,55.257
ecu,sex_f,age_ythadult_y15_64,edu_aggregate_total,2021,53.949
ecu,sex_f,age_ythadult_y15_64,edu_aggregate_total,2022,55.405
ecu,sex_f,age_ythadult_y15_64,edu_aggregate_total,2023,54.146
ecu,sex_f,age_ythadult_y15_64,edu_aggregate_total,2024,53.8
ecu,sex_f,age_ythadult_y15_64,edu_aggregate_x,2001,40.912
ecu,sex_f,age_ythadult_y15_64,edu_aggregate_x,2007,78.428
ecu,sex_f,age_ythadult_y15_64,edu_aggregate_x,2015,26.161
ecu,sex_f,age_ythadult_y15_64,edu_aggregate_x,2016,45.524
ecu,sex_f,age_ythadult_y15_64,edu_aggregate_x,2017,64.506
ecu,sex_f,age_ythadult_y15_64,edu_aggregate_x,2018,52.964
ecu,sex_f,age_ythadult_y15_64,edu_aggregate_x,2019,58.824
ecu,sex_f,age_ythadult_y15_64,edu_aggregate_x,2021,85.104
ecu,sex_f,age_ythadult_y15_64,edu_aggregate_x,2023,78.256
ecu,sex_f,age_ythadult_y15_64,edu_isced97_0,2000,43.79
ecu,sex_f,age_ythadult_y15_64,edu_isced97_0,2001,59.488
ecu,sex_f,age_ythadult_y15_64,edu_isced97_0,2003,48.315
ecu,sex_f,age_ythadult_y15_64,edu_isced97_0,2004,54.715
ecu,sex_f,age_ythadult_y15_64,edu_isced97_0,2005,57.206
ecu,sex_f,age_ythadult_y15_64,edu_isced97_0,2006,54.364
ecu,sex_f,age_ythadult_y15_64,edu_isced97_0,2007,51.589
ecu,sex_f,age_ythadult_y15_64,edu_isced97_0,2008,51.369
ecu,sex_f,age_ythadult_y15_64,edu_isced97_0,2009,49.44
ecu,sex_f,age_ythadult_y15_64,edu_isced97_0,2010,49.032
ecu,sex_f,age_ythadult_y15_64,edu_isced97_0,2011,48.357
ecu,sex_f,age_ythadult_y15_64,edu_isced97_0,2012,49.533
ecu,sex_f,age_ythadult_y15_64,edu_isced97_0,2013,51.09
ecu,sex_f,age_ythadult_y15_64,edu_isced97_0,2014,50.92
ecu,sex_f,age_ythadult_y15_64,edu_isced97_0,2015,56.925
ecu,sex_f,age_ythadult_y15_64,edu_isced97_0,2016,61.427
ecu,sex_f,age_ythadult_y15_64,edu_isced97_0,2017,62.4
ecu,sex_f,age_ythadult_y15_64,edu_isced97_0,2018,61.352
ecu,sex_f,age_ythadult_y15_64,edu_isced97_0,2019,61.935
ecu,sex_f,age_ythadult_y15_64,edu_isced97_0,2021,59.372
ecu,sex_f,age_ythadult_y15_64,edu_isced97_0,2022,59.377
ecu,sex_f,age_ythadult_y15_64,edu_isced97_0,2023,59.857
ecu,sex_f,age_ythadult_y15_64,edu_isced97_0,2024,57.645
ecu,sex_f,age_ythadult_y15_64,edu_isced97_1,2000,44.369
ecu,sex_f,age_ythadult_y15_64,edu_isced97_1,2001,57.208
ecu,sex_f,age_ythadult_y15_64,edu_isced97_1,2003,45.46
ecu,sex_f,age_ythadult_y15_64,edu_isced97_1,2004,51.878
ecu,sex_f,age_ythadult_y15_64,edu_isced97_1,2005,48.761
ecu,sex_f,age_ythadult_y15_64,edu_isced97_1,2006,49.531
ecu,sex_f,age_ythadult_y15_64,edu_isced97_1,2007,50.701
ecu,sex_f,age_ythadult_y15_64,edu_isced97_1,2008,50.672
ecu,sex_f,age_ythadult_y15_64,edu_isced97_1,2009,48.689
ecu,sex_f,age_ythadult_y15_64,edu_isced97_1,2010,48.118
ecu,sex_f,age_ythadult_y15_64,edu_isced97_1,2011,46.112
ecu,sex_f,age_ythadult_y15_64,edu_isced97_1,2012,48.109
ecu,sex_f,age_ythadult_y15_64,edu_isced97_1,2013,49.495
ecu,sex_f,age_ythadult_y15_64,edu_isced97_1,2014,48.218
ecu,sex_f,age_ythadult_y15_64,edu_isced97_1,2015,53.593
ecu,sex_f,age_ythadult_y15_64,edu_isced97_1,2016,58.234
ecu,sex_f,age_ythadult_y15_64,edu_isced97_1,2017,60.36
ecu,sex_f,age_ythadult_y15_64,edu_isced97_1,2018,58.555
ecu,sex_f,age_ythadult_y15_64,edu_isced97_1,2019,58.117
ecu,sex_f,age_ythadult_y15_64,edu_isced97_1,2021,57.729
ecu,sex_f,age_ythadult_y15_64,edu_isced97_1,2022,58.616
ecu,sex_f,age_ythadult_y15_64,edu_isced97_1,2023,56.886
ecu,sex_f,age_ythadult_y15_64,edu_isced97_1,2024,56.908
ecu,sex_f,age_ythadult_y15_64,edu_isced97_2,2000,42.682
ecu,sex_f,age_ythadult_y15_64,edu_isced97_2,2001,52.636
ecu,sex_f,age_ythadult_y15_64,edu_isced97_2,2003,43.514
ecu,sex_f,age_ythadult_y15_64,edu_isced97_2,2004,44.515
ecu,sex_f,age_ythadult_y15_64,edu_isced97_2,2005,47.032
ecu,sex_f,age_ythadult_y15_64,edu_isced97_2,2006,49.803
ecu,sex_f,age_ythadult_y15_64,edu_isced97_2,2007,39.263
ecu,sex_f,age_ythadult_y15_64,edu_isced97_2,2008,38.337
ecu,sex_f,age_ythadult_y15_64,edu_isced97_2,2009,34.098
ecu,sex_f,age_ythadult_y15_64,edu_isced97_2,2010,33.141
ecu,sex_f,age_ythadult_y15_64,edu_isced97_2,2011,32.567
ecu,sex_f,age_ythadult_y15_64,edu_isced97_2,2012,33.319
ecu,sex_f,age_ythadult_y15_64,edu_isced97_2,2013,32.571
ecu,sex_f,age_ythadult_y15_64,edu_isced97_2,2014,30.946
ecu,sex_f,age_ythadult_y15_64,edu_isced97_2,2015,34.709
ecu,sex_f,age_ythadult_y15_64,edu_isced97_2,2016,36.617
ecu,sex_f,age_ythadult_y15_64,edu_isced97_2,2017,37.598
ecu,sex_f,age_ythadult_y15_64,edu_isced97_2,2018,37.373
ecu,sex_f,age_ythadult_y15_64,edu_isced97_2,2019,37.169
ecu,sex_f,age_ythadult_y15_64,edu_isced97_2,2021,36.959
ecu,sex_f,age_ythadult_y15_64,edu_isced97_2,2022,37.84
ecu,sex_f,age_ythadult_y15_64,edu_isced97_2,2023,36.134
ecu,sex_f,age_ythadult_y15_64,edu_isced97_2,2024,36.635
ecu,sex_f,age_ythadult_y15_64,edu_isced97_3,2000,39.958
ecu,sex_f,age_ythadult_y15_64,edu_isced97_3,2001,47.964
ecu,sex_f,age_ythadult_y15_64,edu_isced97_3,2003,48.044
ecu,sex_f,age_ythadult_y15_64,edu_isced97_3,2004,47.725
ecu,sex_f,age_ythadult_y15_64,edu_isced97_3,2005,46.627
ecu,sex_f,age_ythadult_y15_64,edu_isced97_3,2006,45.457
ecu,sex_f,age_ythadult_y15_64,edu_isced97_3,2007,54.755
ecu,sex_f,age_ythadult_y15_64,edu_isced97_3,2008,52.888
ecu,sex_f,age_ythadult_y15_64,edu_isced97_3,2009,50.93
ecu,sex_f,age_ythadult_y15_64,edu_isced97_3,2010,49.169
ecu,sex_f,age_ythadult_y15_64,edu_isced97_3,2011,48.894
ecu,sex_f,age_ythadult_y15_64,edu_isced97_3,2012,50.55
ecu,sex_f,age_ythadult_y15_64,edu_isced97_3,2013,48.776
ecu,sex_f,age_ythadult_y15_64,edu_isced97_3,2014,47.388
ecu,sex_f,age_ythadult_y15_64,edu_isced97_3,2015,49.801
ecu,sex_f,age_ythadult_y15_64,edu_isced97_3,2016,51.452
ecu,sex_f,age_ythadult_y15_64,edu_isced97_3,2017,53.694
ecu,sex_f,age_ythadult_y15_64,edu_isced97_3,2018,51.773
ecu,sex_f,age_ythadult_y15_64,edu_isced97_3,2019,51.801
ecu,sex_f,age_ythadult_y15_64,edu_isced97_3,2021,50.934
ecu,sex_f,age_ythadult_y15_64,edu_isced97_3,2022,53.139
ecu,sex_f,age_ythadult_y15_64,edu_isced97_3,2023,50.66
ecu,sex_f,age_ythadult_y15_64,edu_isced97_3,2024,50.143
ecu,sex_f,age_ythadult_y15_64,edu_isced97_4,2003,56.935
ecu,sex_f,age_ythadult_y15_64,edu_isced97_4,2004,73.579
ecu,sex_f,age_ythadult_y15_64,edu_isced97_4,2005,70.672
ecu,sex_f,age_ythadult_y15_64,edu_isced97_4,2006,79.962
ecu,sex_f,age_ythadult_y15_64,edu_isced97_4,2007,84.846
ecu,sex_f,age_ythadult_y15_64,edu_isced97_4,2008,68.594
ecu,sex_f,age_ythadult_y15_64,edu_isced97_4,2009,73.469
ecu,sex_f,age_ythadult_y15_64,edu_isced97_4,2010,68.023
ecu,sex_f,age_ythadult_y15_64,edu_isced97_4,2011,73.85
ecu,sex_f,age_ythadult_y15_64,edu_isced97_4,2012,71.579
ecu,sex_f,age_ythadult_y15_64,edu_isced97_4,2013,72.603
ecu,sex_f,age_ythadult_y15_64,edu_isced97_4,2014,72.03
ecu,sex_f,age_ythadult_y15_64,edu_isced97_4,2015,74.036
ecu,sex_f,age_ythadult_y15_64,edu_isced97_4,2016,75.845
ecu,sex_f,age_ythadult_y15_64,edu_isced97_4,2017,75.722
ecu,sex_f,age_ythadult_y15_64,edu_isced97_4,2018,70.941
ecu,sex_f,age_ythadult_y15_64,edu_isced97_4,2019,71.077
ecu,sex_f,age_ythadult_y15_64,edu_isced97_4,2021,71.259
ecu,sex_f,age_ythadult_y15_64,edu_isced97_4,2022,72.136
ecu,sex_f,age_ythadult_y15_64,edu_isced97_4,2023,72.2
ecu,sex_f,age_ythadult_y15_64,edu_isced97_4,2024,69.66
ecu,sex_f,age_ythadult_y15_64,edu_isced97_5,2000,69.087
ecu,sex_f,age_ythadult_y15_64,edu_isced97_5,2001,69.544
ecu,sex_f,age_ythadult_y15_64,edu_isced97_5,2003,73.388
ecu,sex_f,age_ythadult_y15_64,edu_isced97_5,2004,73.583
ecu,sex_f,age_ythadult_y15_64,edu_isced97_5,2005,74.696
ecu,sex_f,age_ythadult_y15_64,edu_isced97_5,2006,76.671
ecu,sex_f,age_ythadult_y15_64,edu_isced97_5,2007,73.863
ecu,sex_f,age_ythadult_y15_64,edu_isced97_5,2008,74.093
ecu,sex_f,age_ythadult_y15_64,edu_isced97_5,2009,70.325
ecu,sex_f,age_ythadult_y15_64,edu_isced97_5,2010,70.922
ecu,sex_f,age_ythadult_y15_64,edu_isced97_5,2011,71.457
ecu,sex_f,age_ythadult_y15_64,edu_isced97_5,2012,72.82
ecu,sex_f,age_ythadult_y15_64,edu_isced97_5,2013,71.832
ecu,sex_f,age_ythadult_y15_64,edu_isced97_5,2014,69.794
ecu,sex_f,age_ythadult_y15_64,edu_isced97_5,2015,71.452
ecu,sex_f,age_ythadult_y15_64,edu_isced97_5,2016,71.186
ecu,sex_f,age_ythadult_y15_64,edu_isced97_5,2017,71.346
ecu,sex_f,age_ythadult_y15_64,edu_isced97_5,2018,71.557
ecu,sex_f,age_ythadult_y15_64,edu_isced97_5,2019,71.363
ecu,sex_f,age_ythadult_y15_64,edu_isced97_5,2021,68.696
ecu,sex_f,age_ythadult_y15_64,edu_isced97_5,2022,71.148
ecu,sex_f,age_ythadult_y15_64,edu_isced97_5,2023,69.466
ecu,sex_f,age_ythadult_y15_64,edu_isced97_5,2024,68.824
ecu,sex_f,age_ythadult_y15_64,edu_isced97_6,2001,77.258
ecu,sex_f,age_ythadult_y15_64,edu_isced97_6,2004,90.487
ecu,sex_f,age_ythadult_y15_64,edu_isced97_6,2007,96.445
ecu,sex_f,age_ythadult_y15_64,edu_isced97_6,2008,93.396
ecu,sex_f,age_ythadult_y15_64,edu_isced97_6,2009,81.748
ecu,sex_f,age_ythadult_y15_64,edu_isced97_6,2010,90.657
ecu,sex_f,age_ythadult_y15_64,edu_isced97_6,2011,91.685
ecu,sex_f,age_ythadult_y15_64,edu_isced97_6,2012,93.912
ecu,sex_f,age_ythadult_y15_64,edu_isced97_6,2013,90.097
ecu,sex_f,age_ythadult_y15_64,edu_isced97_6,2014,91.947
ecu,sex_f,age_ythadult_y15_64,edu_isced97_6,2015,90.07
ecu,sex_f,age_ythadult_y15_64,edu_isced97_6,2016,92.528
ecu,sex_f,age_ythadult_y15_64,edu_isced97_6,2018,89.584
ecu,sex_f,age_ythadult_y15_64,edu_isced97_6,2019,88.802
ecu,sex_f,age_ythadult_y15_64,edu_isced97_6,2021,88.928
ecu,sex_f,age_ythadult_y15_64,edu_isced97_6,2022,88.546
ecu,sex_f,age_ythadult_y15_64,edu_isced97_6,2023,91.597
ecu,sex_f,age_ythadult_y15_64,edu_isced97_6,2024,89.505
ecu,sex_f,age_ythadult_y15_64,edu_isced97_total,2000,45.143
ecu,sex_f,age_ythadult_y15_64,edu_isced97_total,2001,54.134
ecu,sex_f,age_ythadult_y15_64,edu_isced97_total,2003,48.741
ecu,sex_f,age_ythadult_y15_64,edu_isced97_total,2004,52.559
ecu,sex_f,age_ythadult_y15_64,edu_isced97_total,2005,52.08
ecu,sex_f,age_ythadult_y15_64,edu_isced97_total,2006,53.337
ecu,sex_f,age_ythadult_y15_64,edu_isced97_total,2007,52.883
ecu,sex_f,age_ythadult_y15_64,edu_isced97_total,2008,52.422
ecu,sex_f,age_ythadult_y15_64,edu_isced97_total,2009,50.1
ecu,sex_f,age_ythadult_y15_64,edu_isced97_total,2010,49.491
ecu,sex_f,age_ythadult_y15_64,edu_isced97_total,2011,48.819
ecu,sex_f,age_ythadult_y15_64,edu_isced97_total,2012,50.386
ecu,sex_f,age_ythadult_y15_64,edu_isced97_total,2013,50.137
ecu,sex_f,age_ythadult_y15_64,edu_isced97_total,2014,48.751
ecu,sex_f,age_ythadult_y15_64,edu_isced97_total,2015,52.334
ecu,sex_f,age_ythadult_y15_64,edu_isced97_total,2016,54.869
ecu,sex_f,age_ythadult_y15_64,edu_isced97_total,2017,56.316
ecu,sex_f,age_ythadult_y15_64,edu_isced97_total,2018,55.306
ecu,sex_f,age_ythadult_y15_64,edu_isced97_total,2019,55.257
ecu,sex_f,age_ythadult_y15_64,edu_isced97_total,2021,53.949
ecu,sex_f,age_ythadult_y15_64,edu_isced97_total,2022,55.405
ecu,sex_f,age_ythadult_y15_64,edu_isced97_total,2023,54.146
ecu,sex_f,age_ythadult_y15_64,edu_isced97_total,2024,53.8
ecu,sex_f,age_ythadult_y15_64,edu_isced97_unk,2001,40.912
ecu,sex_f,age_ythadult_y15_64,edu_isced97_unk,2007,78.428
ecu,sex_f,age_ythadult_y15_64,edu_isced97_unk,2015,26.161
ecu,sex_f,age_ythadult_y15_64,edu_isced97_unk,2016,45.524
ecu,sex_f,age_ythadult_y15_64,edu_isced97_unk,2017,64.506
ecu,sex_f,age_ythadult_y15_64,edu_isced97_unk,2018,52.964
ecu,sex_f,age_ythadult_y15_64,edu_isced97_unk,2019,58.824
ecu,sex_f,age_ythadult_y15_64,edu_isced97_unk,2021,85.104
ecu,sex_f,age_ythadult_y15_64,edu_isced97_unk,2023,78.256
ecu,sex_f,age_ythadult_y15_64,edu_isced97_x,2000,50.238
ecu,sex_f,age_ythadult_y15_64,edu_isced97_x,2001,63.868
ecu,sex_f,age_ythadult_y15_64,edu_isced97_x,2003,50.352
ecu,sex_f,age_ythadult_y15_64,edu_isced97_x,2004,57.887
ecu,sex_f,age_ythadult_y15_64,edu_isced97_x,2005,52.338
ecu,sex_f,age_ythadult_y15_64,edu_isced97_x,2006,54.905
ecu,sex_f,age_ythadult_y15_64,edu_isced97_x,2007,49.353
ecu,sex_f,age_ythadult_y15_64,edu_isced97_x,2008,49.302
ecu,sex_f,age_ythadult_y15_64,edu_isced97_x,2009,50.936
ecu,sex_f,age_ythadult_y15_64,edu_isced97_x,2010,47.749
ecu,sex_f,age_ythadult_y15_64,edu_isced97_x,2011,46.353
ecu,sex_f,age_ythadult_y15_64,edu_isced97_x,2012,46.888
ecu,sex_f,age_ythadult_y15_64,edu_isced97_x,2013,45.864
ecu,sex_f,age_ythadult_y15_64,edu_isced97_x,2014,45.807
ecu,sex_f,age_ythadult_y15_64,edu_isced97_x,2015,52.214
ecu,sex_f,age_ythadult_y15_64,edu_isced97_x,2016,53.832
ecu,sex_f,age_ythadult_y15_64,edu_isced97_x,2017,58.932
ecu,sex_f,age_ythadult_y15_64,edu_isced97_x,2018,59.11
ecu,sex_f,age_ythadult_y15_64,edu_isced97_x,2019,60.022
ecu,sex_f,age_ythadult_y15_64,edu_isced97_x,2021,48.6
ecu,sex_f,age_ythadult_y15_64,edu_isced97_x,2022,50.086
ecu,sex_f,age_ythadult_y15_64,edu_isced97_x,2023,56.256
ecu,sex_f,age_ythadult_y15_64,edu_isced97_x,2024,54.917
ecu,sex_f,age_ythadult_yge15,edu_aggregate_adv,2000,68.352
ecu,sex_f,age_ythadult_yge15,edu_aggregate_adv,2001,68.625
ecu,sex_f,age_ythadult_yge15,edu_aggregate_adv,2003,73.193
ecu,sex_f,age_ythadult_yge15,edu_aggregate_adv,2004,73.303
ecu,sex_f,age_ythadult_yge15,edu_aggregate_adv,2005,74.123
ecu,sex_f,age_ythadult_yge15,edu_aggregate_adv,2006,76.37
ecu,sex_f,age_ythadult_yge15,edu_aggregate_adv,2007,73.57
ecu,sex_f,age_ythadult_yge15,edu_aggregate_adv,2008,74.4
ecu,sex_f,age_ythadult_yge15,edu_aggregate_adv,2009,70.306
ecu,sex_f,age_ythadult_yge15,edu_aggregate_adv,2010,70.721
ecu,sex_f,age_ythadult_yge15,edu_aggregate_adv,2011,71.024
ecu,sex_f,age_ythadult_yge15,edu_aggregate_adv,2012,71.952
ecu,sex_f,age_ythadult_yge15,edu_aggregate_adv,2013,71.011
ecu,sex_f,age_ythadult_yge15,edu_aggregate_adv,2014,69.543
ecu,sex_f,age_ythadult_yge15,edu_aggregate_adv,2015,71.142
ecu,sex_f,age_ythadult_yge15,edu_aggregate_adv,2016,71.245
ecu,sex_f,age_ythadult_yge15,edu_aggregate_adv,2017,70.997
ecu,sex_f,age_ythadult_yge15,edu_aggregate_adv,2018,70.711
ecu,sex_f,age_ythadult_yge15,edu_aggregate_adv,2019,70.122
ecu,sex_f,age_ythadult_yge15,edu_aggregate_adv,2021,67.516
ecu,sex_f,age_ythadult_yge15,edu_aggregate_adv,2022,69.693
ecu,sex_f,age_ythadult_yge15,edu_aggregate_adv,2023,68.78
ecu,sex_f,age_ythadult_yge15,edu_aggregate_adv,2024,68.157
ecu,sex_f,age_ythadult_yge15,edu_aggregate_bas,2000,40.774
ecu,sex_f,age_ythadult_yge15,edu_aggregate_bas,2001,50.725
ecu,sex_f,age_ythadult_yge15,edu_aggregate_bas,2003,42.613
ecu,sex_f,age_ythadult_yge15,edu_aggregate_bas,2004,46.427
ecu,sex_f,age_ythadult_yge15,edu_aggregate_bas,2005,46.026
ecu,sex_f,age_ythadult_yge15,edu_aggregate_bas,2006,47.254
ecu,sex_f,age_ythadult_yge15,edu_aggregate_bas,2007,44.76
ecu,sex_f,age_ythadult_yge15,edu_aggregate_bas,2008,44.415
ecu,sex_f,age_ythadult_yge15,edu_aggregate_bas,2009,41.13
ecu,sex_f,age_ythadult_yge15,edu_aggregate_bas,2010,40.079
ecu,sex_f,age_ythadult_yge15,edu_aggregate_bas,2011,38.702
ecu,sex_f,age_ythadult_yge15,edu_aggregate_bas,2012,39.604
ecu,sex_f,age_ythadult_yge15,edu_aggregate_bas,2013,40.577
ecu,sex_f,age_ythadult_yge15,edu_aggregate_bas,2014,39.949
ecu,sex_f,age_ythadult_yge15,edu_aggregate_bas,2015,44.386
ecu,sex_f,age_ythadult_yge15,edu_aggregate_bas,2016,47.413
ecu,sex_f,age_ythadult_yge15,edu_aggregate_bas,2017,48.856
ecu,sex_f,age_ythadult_yge15,edu_aggregate_bas,2018,47.767
ecu,sex_f,age_ythadult_yge15,edu_aggregate_bas,2019,47.224
ecu,sex_f,age_ythadult_yge15,edu_aggregate_bas,2021,46.709
ecu,sex_f,age_ythadult_yge15,edu_aggregate_bas,2022,47.654
ecu,sex_f,age_ythadult_yge15,edu_aggregate_bas,2023,45.698
ecu,sex_f,age_ythadult_yge15,edu_aggregate_bas,2024,45.974
ecu,sex_f,age_ythadult_yge15,edu_aggregate_int,2000,39.433
ecu,sex_f,age_ythadult_yge15,edu_aggregate_int,2001,47.352
ecu,sex_f,age_ythadult_yge15,edu_aggregate_int,2003,49.39
ecu,sex_f,age_ythadult_yge15,edu_aggregate_int,2004,50.038
ecu,sex_f,age_ythadult_yge15,edu_aggregate_int,2005,48.927
ecu,sex_f,age_ythadult_yge15,edu_aggregate_int,2006,47.842
ecu,sex_f,age_ythadult_yge15,edu_aggregate_int,2007,53.633
ecu,sex_f,age_ythadult_yge15,edu_aggregate_int,2008,51.737
ecu,sex_f,age_ythadult_yge15,edu_aggregate_int,2009,49.786
ecu,sex_f,age_ythadult_yge15,edu_aggregate_int,2010,47.693
ecu,sex_f,age_ythadult_yge15,edu_aggregate_int,2011,47.598
ecu,sex_f,age_ythadult_yge15,edu_aggregate_int,2012,48.848
ecu,sex_f,age_ythadult_yge15,edu_aggregate_int,2013,47.367
ecu,sex_f,age_ythadult_yge15,edu_aggregate_int,2014,46.769
ecu,sex_f,age_ythadult_yge15,edu_aggregate_int,2015,49.3
ecu,sex_f,age_ythadult_yge15,edu_aggregate_int,2016,50.914
ecu,sex_f,age_ythadult_yge15,edu_aggregate_int,2017,53.053
ecu,sex_f,age_ythadult_yge15,edu_aggregate_int,2018,50.694
ecu,sex_f,age_ythadult_yge15,edu_aggregate_int,2019,50.612
ecu,sex_f,age_ythadult_yge15,edu_aggregate_int,2021,50.111
ecu,sex_f,age_ythadult_yge15,edu_aggregate_int,2022,52.306
ecu,sex_f,age_ythadult_yge15,edu_aggregate_int,2023,49.914
ecu,sex_f,age_ythadult_yge15,edu_aggregate_int,2024,49.255
ecu,sex_f,age_ythadult_yge15,edu_aggregate_ltb,2000,40.979
ecu,sex_f,age_ythadult_yge15,edu_aggregate_ltb,2001,54.564
ecu,sex_f,age_ythadult_yge15,edu_aggregate_ltb,2003,42.574
ecu,sex_f,age_ythadult_yge15,edu_aggregate_ltb,2004,48.437
ecu,sex_f,age_ythadult_yge15,edu_aggregate_ltb,2005,46.964
ecu,sex_f,age_ythadult_yge15,edu_aggregate_ltb,2006,47.321
ecu,sex_f,age_ythadult_yge15,edu_aggregate_ltb,2007,45.069
ecu,sex_f,age_ythadult_yge15,edu_aggregate_ltb,2008,44.029
ecu,sex_f,age_ythadult_yge15,edu_aggregate_ltb,2009,42.388
ecu,sex_f,age_ythadult_yge15,edu_aggregate_ltb,2010,40.106
ecu,sex_f,age_ythadult_yge15,edu_aggregate_ltb,2011,39.658
ecu,sex_f,age_ythadult_yge15,edu_aggregate_ltb,2012,40.245
ecu,sex_f,age_ythadult_yge15,edu_aggregate_ltb,2013,40.705
ecu,sex_f,age_ythadult_yge15,edu_aggregate_ltb,2014,40.798
ecu,sex_f,age_ythadult_yge15,edu_aggregate_ltb,2015,46.711
ecu,sex_f,age_ythadult_yge15,edu_aggregate_ltb,2016,51.019
ecu,sex_f,age_ythadult_yge15,edu_aggregate_ltb,2017,51.769
ecu,sex_f,age_ythadult_yge15,edu_aggregate_ltb,2018,50.433
ecu,sex_f,age_ythadult_yge15,edu_aggregate_ltb,2019,51.139
ecu,sex_f,age_ythadult_yge15,edu_aggregate_ltb,2021,45.879
ecu,sex_f,age_ythadult_yge15,edu_aggregate_ltb,2022,45.974
ecu,sex_f,age_ythadult_yge15,edu_aggregate_ltb,2023,47.676
ecu,sex_f,age_ythadult_yge15,edu_aggregate_ltb,2024,46.543
ecu,sex_f,age_ythadult_yge15,edu_aggregate_total,2000,43.014
ecu,sex_f,age_ythadult_yge15,edu_aggregate_total,2001,51.876
ecu,sex_f,age_ythadult_yge15,edu_aggregate_total,2003,46.174
ecu,sex_f,age_ythadult_yge15,edu_aggregate_total,2004,49.864
ecu,sex_f,age_ythadult_yge15,edu_aggregate_total,2005,49.529
ecu,sex_f,age_ythadult_yge15,edu_aggregate_total,2006,50.505
ecu,sex_f,age_ythadult_yge15,edu_aggregate_total,2007,50.08
ecu,sex_f,age_ythadult_yge15,edu_aggregate_total,2008,49.594
ecu,sex_f,age_ythadult_yge15,edu_aggregate_total,2009,46.958
ecu,sex_f,age_ythadult_yge15,edu_aggregate_total,2010,45.857
ecu,sex_f,age_ythadult_yge15,edu_aggregate_total,2011,45.308
ecu,sex_f,age_ythadult_yge15,edu_aggregate_total,2012,46.46
ecu,sex_f,age_ythadult_yge15,edu_aggregate_total,2013,46.548
ecu,sex_f,age_ythadult_yge15,edu_aggregate_total,2014,45.955
ecu,sex_f,age_ythadult_yge15,edu_aggregate_total,2015,49.794
ecu,sex_f,age_ythadult_yge15,edu_aggregate_total,2016,52.396
ecu,sex_f,age_ythadult_yge15,edu_aggregate_total,2017,53.618
ecu,sex_f,age_ythadult_yge15,edu_aggregate_total,2018,52.237
ecu,sex_f,age_ythadult_yge15,edu_aggregate_total,2019,52.028
ecu,sex_f,age_ythadult_yge15,edu_aggregate_total,2021,50.684
ecu,sex_f,age_ythadult_yge15,edu_aggregate_total,2022,51.979
ecu,sex_f,age_ythadult_yge15,edu_aggregate_total,2023,50.639
ecu,sex_f,age_ythadult_yge15,edu_aggregate_total,2024,50.221
ecu,sex_f,age_ythadult_yge15,edu_aggregate_x,2001,37.249
ecu,sex_f,age_ythadult_yge15,edu_aggregate_x,2007,70.855
ecu,sex_f,age_ythadult_yge15,edu_aggregate_x,2008,100
ecu,sex_f,age_ythadult_yge15,edu_aggregate_x,2015,23.685
ecu,sex_f,age_ythadult_yge15,edu_aggregate_x,2016,43.586
ecu,sex_f,age_ythadult_yge15,edu_aggregate_x,2017,59.274
ecu,sex_f,age_ythadult_yge15,edu_aggregate_x,2018,54.179
ecu,sex_f,age_ythadult_yge15,edu_aggregate_x,2019,57.736
ecu,sex_f,age_ythadult_yge15,edu_aggregate_x,2021,78.146
ecu,sex_f,age_ythadult_yge15,edu_aggregate_x,2022,51.641
ecu,sex_f,age_ythadult_yge15,edu_aggregate_x,2023,68.994
ecu,sex_f,age_ythadult_yge15,edu_aggregate_x,2024,75.931
ecu,sex_f,age_ythadult_yge15,edu_isced97_0,2000,39.521
ecu,sex_f,age_ythadult_yge15,edu_isced97_0,2001,54.714
ecu,sex_f,age_ythadult_yge15,edu_isced97_0,2003,43.938
ecu,sex_f,age_ythadult_yge15,edu_isced97_0,2004,48.946
ecu,sex_f,age_ythadult_yge15,edu_isced97_0,2005,51.412
ecu,sex_f,age_ythadult_yge15,edu_isced97_0,2006,47.709
ecu,sex_f,age_ythadult_yge15,edu_isced97_0,2007,46.619
ecu,sex_f,age_ythadult_yge15,edu_isced97_0,2008,45.575
ecu,sex_f,age_ythadult_yge15,edu_isced97_0,2009,43.683
ecu,sex_f,age_ythadult_yge15,edu_isced97_0,2010,42.311
ecu,sex_f,age_ythadult_yge15,edu_isced97_0,2011,41.786
ecu,sex_f,age_ythadult_yge15,edu_isced97_0,2012,42.511
ecu,sex_f,age_ythadult_yge15,edu_isced97_0,2013,43.517
ecu,sex_f,age_ythadult_yge15,edu_isced97_0,2014,43.703
ecu,sex_f,age_ythadult_yge15,edu_isced97_0,2015,49.369
ecu,sex_f,age_ythadult_yge15,edu_isced97_0,2016,54.557
ecu,sex_f,age_ythadult_yge15,edu_isced97_0,2017,54.448
ecu,sex_f,age_ythadult_yge15,edu_isced97_0,2018,52.791
ecu,sex_f,age_ythadult_yge15,edu_isced97_0,2019,53.007
ecu,sex_f,age_ythadult_yge15,edu_isced97_0,2021,49.583
ecu,sex_f,age_ythadult_yge15,edu_isced97_0,2022,48.688
ecu,sex_f,age_ythadult_yge15,edu_isced97_0,2023,49.209
ecu,sex_f,age_ythadult_yge15,edu_isced97_0,2024,48.244
ecu,sex_f,age_ythadult_yge15,edu_isced97_1,2000,40.326
ecu,sex_f,age_ythadult_yge15,edu_isced97_1,2001,52.778
ecu,sex_f,age_ythadult_yge15,edu_isced97_1,2003,42.83
ecu,sex_f,age_ythadult_yge15,edu_isced97_1,2004,48.638
ecu,sex_f,age_ythadult_yge15,edu_isced97_1,2005,46.144
ecu,sex_f,age_ythadult_yge15,edu_isced97_1,2006,46.533
ecu,sex_f,age_ythadult_yge15,edu_isced97_1,2007,47.979
ecu,sex_f,age_ythadult_yge15,edu_isced97_1,2008,48.134
ecu,sex_f,age_ythadult_yge15,edu_isced97_1,2009,45.204
ecu,sex_f,age_ythadult_yge15,edu_isced97_1,2010,44.388
ecu,sex_f,age_ythadult_yge15,edu_isced97_1,2011,42.38
ecu,sex_f,age_ythadult_yge15,edu_isced97_1,2012,43.724
ecu,sex_f,age_ythadult_yge15,edu_isced97_1,2013,45.472
ecu,sex_f,age_ythadult_yge15,edu_isced97_1,2014,45.266
ecu,sex_f,age_ythadult_yge15,edu_isced97_1,2015,50.416
ecu,sex_f,age_ythadult_yge15,edu_isced97_1,2016,54.611
ecu,sex_f,age_ythadult_yge15,edu_isced97_1,2017,56.596
ecu,sex_f,age_ythadult_yge15,edu_isced97_1,2018,54.363
ecu,sex_f,age_ythadult_yge15,edu_isced97_1,2019,53.521
ecu,sex_f,age_ythadult_yge15,edu_isced97_1,2021,53.178
ecu,sex_f,age_ythadult_yge15,edu_isced97_1,2022,53.995
ecu,sex_f,age_ythadult_yge15,edu_isced97_1,2023,51.666
ecu,sex_f,age_ythadult_yge15,edu_isced97_1,2024,51.664
ecu,sex_f,age_ythadult_yge15,edu_isced97_2,2000,40.912
ecu,sex_f,age_ythadult_yge15,edu_isced97_2,2001,50.094
ecu,sex_f,age_ythadult_yge15,edu_isced97_2,2003,42.318
ecu,sex_f,age_ythadult_yge15,edu_isced97_2,2004,43.477
ecu,sex_f,age_ythadult_yge15,edu_isced97_2,2005,45.857
ecu,sex_f,age_ythadult_yge15,edu_isced97_2,2006,48.323
ecu,sex_f,age_ythadult_yge15,edu_isced97_2,2007,38.674
ecu,sex_f,age_ythadult_yge15,edu_isced97_2,2008,37.685
ecu,sex_f,age_ythadult_yge15,edu_isced97_2,2009,33.575
ecu,sex_f,age_ythadult_yge15,edu_isced97_2,2010,32.659
ecu,sex_f,age_ythadult_yge15,edu_isced97_2,2011,32.239
ecu,sex_f,age_ythadult_yge15,edu_isced97_2,2012,32.556
ecu,sex_f,age_ythadult_yge15,edu_isced97_2,2013,32.185
ecu,sex_f,age_ythadult_yge15,edu_isced97_2,2014,30.641
ecu,sex_f,age_ythadult_yge15,edu_isced97_2,2015,34.529
ecu,sex_f,age_ythadult_yge15,edu_isced97_2,2016,36.332
ecu,sex_f,age_ythadult_yge15,edu_isced97_2,2017,37.341
ecu,sex_f,age_ythadult_yge15,edu_isced97_2,2018,36.92
ecu,sex_f,age_ythadult_yge15,edu_isced97_2,2019,36.772
ecu,sex_f,age_ythadult_yge15,edu_isced97_2,2021,36.421
ecu,sex_f,age_ythadult_yge15,edu_isced97_2,2022,37.417
ecu,sex_f,age_ythadult_yge15,edu_isced97_2,2023,35.794
ecu,sex_f,age_ythadult_yge15,edu_isced97_2,2024,35.941
ecu,sex_f,age_ythadult_yge15,edu_isced97_3,2000,39.433
ecu,sex_f,age_ythadult_yge15,edu_isced97_3,2001,47.352
ecu,sex_f,age_ythadult_yge15,edu_isced97_3,2003,48.046
ecu,sex_f,age_ythadult_yge15,edu_isced97_3,2004,47.561
ecu,sex_f,age_ythadult_yge15,edu_isced97_3,2005,46.738
ecu,sex_f,age_ythadult_yge15,edu_isced97_3,2006,45.32
ecu,sex_f,age_ythadult_yge15,edu_isced97_3,2007,53.288
ecu,sex_f,age_ythadult_yge15,edu_isced97_3,2008,51.547
ecu,sex_f,age_ythadult_yge15,edu_isced97_3,2009,49.576
ecu,sex_f,age_ythadult_yge15,edu_isced97_3,2010,47.334
ecu,sex_f,age_ythadult_yge15,edu_isced97_3,2011,47.175
ecu,sex_f,age_ythadult_yge15,edu_isced97_3,2012,48.507
ecu,sex_f,age_ythadult_yge15,edu_isced97_3,2013,46.93
ecu,sex_f,age_ythadult_yge15,edu_isced97_3,2014,46.28
ecu,sex_f,age_ythadult_yge15,edu_isced97_3,2015,48.666
ecu,sex_f,age_ythadult_yge15,edu_isced97_3,2016,50.195
ecu,sex_f,age_ythadult_yge15,edu_isced97_3,2017,52.385
ecu,sex_f,age_ythadult_yge15,edu_isced97_3,2018,50.163
ecu,sex_f,age_ythadult_yge15,edu_isced97_3,2019,50.013
ecu,sex_f,age_ythadult_yge15,edu_isced97_3,2021,49.318
ecu,sex_f,age_ythadult_yge15,edu_isced97_3,2022,51.543
ecu,sex_f,age_ythadult_yge15,edu_isced97_3,2023,48.987
ecu,sex_f,age_ythadult_yge15,edu_isced97_3,2024,48.31
ecu,sex_f,age_ythadult_yge15,edu_isced97_4,2003,57.094
ecu,sex_f,age_ythadult_yge15,edu_isced97_4,2004,72.007
ecu,sex_f,age_ythadult_yge15,edu_isced97_4,2005,70.295
ecu,sex_f,age_ythadult_yge15,edu_isced97_4,2006,77.002
ecu,sex_f,age_ythadult_yge15,edu_isced97_4,2007,80.886
ecu,sex_f,age_ythadult_yge15,edu_isced97_4,2008,68.013
ecu,sex_f,age_ythadult_yge15,edu_isced97_4,2009,73.469
ecu,sex_f,age_ythadult_yge15,edu_isced97_4,2010,67.469
ecu,sex_f,age_ythadult_yge15,edu_isced97_4,2011,72.452
ecu,sex_f,age_ythadult_yge15,edu_isced97_4,2012,70.79
ecu,sex_f,age_ythadult_yge15,edu_isced97_4,2013,71.631
ecu,sex_f,age_ythadult_yge15,edu_isced97_4,2014,69.574
ecu,sex_f,age_ythadult_yge15,edu_isced97_4,2015,72.96
ecu,sex_f,age_ythadult_yge15,edu_isced97_4,2016,75.131
ecu,sex_f,age_ythadult_yge15,edu_isced97_4,2017,74.371
ecu,sex_f,age_ythadult_yge15,edu_isced97_4,2018,69.013
ecu,sex_f,age_ythadult_yge15,edu_isced97_4,2019,69.317
ecu,sex_f,age_ythadult_yge15,edu_isced97_4,2021,69.83
ecu,sex_f,age_ythadult_yge15,edu_isced97_4,2022,70.732
ecu,sex_f,age_ythadult_yge15,edu_isced97_4,2023,70.38
ecu,sex_f,age_ythadult_yge15,edu_isced97_4,2024,68.656
ecu,sex_f,age_ythadult_yge15,edu_isced97_5,2000,68.352
ecu,sex_f,age_ythadult_yge15,edu_isced97_5,2001,68.35
ecu,sex_f,age_ythadult_yge15,edu_isced97_5,2003,72.737
ecu,sex_f,age_ythadult_yge15,edu_isced97_5,2004,72.712
ecu,sex_f,age_ythadult_yge15,edu_isced97_5,2005,73.253
ecu,sex_f,age_ythadult_yge15,edu_isced97_5,2006,75.822
ecu,sex_f,age_ythadult_yge15,edu_isced97_5,2007,72.725
ecu,sex_f,age_ythadult_yge15,edu_isced97_5,2008,73.376
ecu,sex_f,age_ythadult_yge15,edu_isced97_5,2009,69.762
ecu,sex_f,age_ythadult_yge15,edu_isced97_5,2010,69.682
ecu,sex_f,age_ythadult_yge15,edu_isced97_5,2011,70.163
ecu,sex_f,age_ythadult_yge15,edu_isced97_5,2012,70.892
ecu,sex_f,age_ythadult_yge15,edu_isced97_5,2013,70.17
ecu,sex_f,age_ythadult_yge15,edu_isced97_5,2014,68.411
ecu,sex_f,age_ythadult_yge15,edu_isced97_5,2015,70.133
ecu,sex_f,age_ythadult_yge15,edu_isced97_5,2016,69.515
ecu,sex_f,age_ythadult_yge15,edu_isced97_5,2017,69.424
ecu,sex_f,age_ythadult_yge15,edu_isced97_5,2018,69.297
ecu,sex_f,age_ythadult_yge15,edu_isced97_5,2019,68.719
ecu,sex_f,age_ythadult_yge15,edu_isced97_5,2021,65.721
ecu,sex_f,age_ythadult_yge15,edu_isced97_5,2022,67.927
ecu,sex_f,age_ythadult_yge15,edu_isced97_5,2023,66.336
ecu,sex_f,age_ythadult_yge15,edu_isced97_5,2024,65.491
ecu,sex_f,age_ythadult_yge15,edu_isced97_6,2001,76.766
ecu,sex_f,age_ythadult_yge15,edu_isced97_6,2003,84.927
ecu,sex_f,age_ythadult_yge15,edu_isced97_6,2004,89.117
ecu,sex_f,age_ythadult_yge15,edu_isced97_6,2005,99.035
ecu,sex_f,age_ythadult_yge15,edu_isced97_6,2006,91.941
ecu,sex_f,age_ythadult_yge15,edu_isced97_6,2007,96.024
ecu,sex_f,age_ythadult_yge15,edu_isced97_6,2008,93.352
ecu,sex_f,age_ythadult_yge15,edu_isced97_6,2009,80.045
ecu,sex_f,age_ythadult_yge15,edu_isced97_6,2010,88.185
ecu,sex_f,age_ythadult_yge15,edu_isced97_6,2011,89.459
ecu,sex_f,age_ythadult_yge15,edu_isced97_6,2012,92.098
ecu,sex_f,age_ythadult_yge15,edu_isced97_6,2013,85.857
ecu,sex_f,age_ythadult_yge15,edu_isced97_6,2014,87.958
ecu,sex_f,age_ythadult_yge15,edu_isced97_6,2015,87.709
ecu,sex_f,age_ythadult_yge15,edu_isced97_6,2016,90.109
ecu,sex_f,age_ythadult_yge15,edu_isced97_6,2017,88.377
ecu,sex_f,age_ythadult_yge15,edu_isced97_6,2018,87.25
ecu,sex_f,age_ythadult_yge15,edu_isced97_6,2019,84.779
ecu,sex_f,age_ythadult_yge15,edu_isced97_6,2021,83.569
ecu,sex_f,age_ythadult_yge15,edu_isced97_6,2022,84.298
ecu,sex_f,age_ythadult_yge15,edu_isced97_6,2023,87.317
ecu,sex_f,age_ythadult_yge15,edu_isced97_6,2024,85.34
ecu,sex_f,age_ythadult_yge15,edu_isced97_total,2000,43.014
ecu,sex_f,age_ythadult_yge15,edu_isced97_total,2001,51.876
ecu,sex_f,age_ythadult_yge15,edu_isced97_total,2003,46.174
ecu,sex_f,age_ythadult_yge15,edu_isced97_total,2004,49.864
ecu,sex_f,age_ythadult_yge15,edu_isced97_total,2005,49.529
ecu,sex_f,age_ythadult_yge15,edu_isced97_total,2006,50.505
ecu,sex_f,age_ythadult_yge15,edu_isced97_total,2007,50.08
ecu,sex_f,age_ythadult_yge15,edu_isced97_total,2008,49.594
ecu,sex_f,age_ythadult_yge15,edu_isced97_total,2009,46.958
ecu,sex_f,age_ythadult_yge15,edu_isced97_total,2010,45.857
ecu,sex_f,age_ythadult_yge15,edu_isced97_total,2011,45.308
ecu,sex_f,age_ythadult_yge15,edu_isced97_total,2012,46.46
ecu,sex_f,age_ythadult_yge15,edu_isced97_total,2013,46.548
ecu,sex_f,age_ythadult_yge15,edu_isced97_total,2014,45.955
ecu,sex_f,age_ythadult_yge15,edu_isced97_total,2015,49.794
ecu,sex_f,age_ythadult_yge15,edu_isced97_total,2016,52.396
ecu,sex_f,age_ythadult_yge15,edu_isced97_total,2017,53.618
ecu,sex_f,age_ythadult_yge15,edu_isced97_total,2018,52.237
ecu,sex_f,age_ythadult_yge15,edu_isced97_total,2019,52.028
ecu,sex_f,age_ythadult_yge15,edu_isced97_total,2021,50.684
ecu,sex_f,age_ythadult_yge15,edu_isced97_total,2022,51.979
ecu,sex_f,age_ythadult_yge15,edu_isced97_total,2023,50.639
ecu,sex_f,age_ythadult_yge15,edu_isced97_total,2024,50.221
ecu,sex_f,age_ythadult_yge15,edu_isced97_unk,2001,37.249
ecu,sex_f,age_ythadult_yge15,edu_isced97_unk,2007,70.855
ecu,sex_f,age_ythadult_yge15,edu_isced97_unk,2008,100
ecu,sex_f,age_ythadult_yge15,edu_isced97_unk,2015,23.685
ecu,sex_f,age_ythadult_yge15,edu_isced97_unk,2016,43.586
ecu,sex_f,age_ythadult_yge15,edu_isced97_unk,2017,59.274
ecu,sex_f,age_ythadult_yge15,edu_isced97_unk,2018,54.179
ecu,sex_f,age_ythadult_yge15,edu_isced97_unk,2019,57.736
ecu,sex_f,age_ythadult_yge15,edu_isced97_unk,2021,78.146
ecu,sex_f,age_ythadult_yge15,edu_isced97_unk,2022,51.641
ecu,sex_f,age_ythadult_yge15,edu_isced97_unk,2023,68.994
ecu,sex_f,age_ythadult_yge15,edu_isced97_unk,2024,75.931
ecu,sex_f,age_ythadult_yge15,edu_isced97_x,2000,41.591
ecu,sex_f,age_ythadult_yge15,edu_isced97_x,2001,54.479
ecu,sex_f,age_ythadult_yge15,edu_isced97_x,2003,41.854
ecu,sex_f,age_ythadult_yge15,edu_isced97_x,2004,48.148
ecu,sex_f,age_ythadult_yge15,edu_isced97_x,2005,44.575
ecu,sex_f,age_ythadult_yge15,edu_isced97_x,2006,47.102
ecu,sex_f,age_ythadult_yge15,edu_isced97_x,2007,42.171
ecu,sex_f,age_ythadult_yge15,edu_isced97_x,2008,41.071
ecu,sex_f,age_ythadult_yge15,edu_isced97_x,2009,39.852
ecu,sex_f,age_ythadult_yge15,edu_isced97_x,2010,35.862
ecu,sex_f,age_ythadult_yge15,edu_isced97_x,2011,36.059
ecu,sex_f,age_ythadult_yge15,edu_isced97_x,2012,36.355
ecu,sex_f,age_ythadult_yge15,edu_isced97_x,2013,35.541
ecu,sex_f,age_ythadult_yge15,edu_isced97_x,2014,34.862
ecu,sex_f,age_ythadult_yge15,edu_isced97_x,2015,41.417
ecu,sex_f,age_ythadult_yge15,edu_isced97_x,2016,44.317
ecu,sex_f,age_ythadult_yge15,edu_isced97_x,2017,46.568
ecu,sex_f,age_ythadult_yge15,edu_isced97_x,2018,46.198
ecu,sex_f,age_ythadult_yge15,edu_isced97_x,2019,47.769
ecu,sex_f,age_ythadult_yge15,edu_isced97_x,2021,38.749
ecu,sex_f,age_ythadult_yge15,edu_isced97_x,2022,40.847
ecu,sex_f,age_ythadult_yge15,edu_isced97_x,2023,45.084
ecu,sex_f,age_ythadult_yge15,edu_isced97_x,2024,43.422
ecu,sex_f,age_ythadult_yge25,edu_aggregate_adv,2000,72.649
ecu,sex_f,age_ythadult_yge25,edu_aggregate_adv,2001,72.238
ecu,sex_f,age_ythadult_yge25,edu_aggregate_adv,2003,77.633
ecu,sex_f,age_ythadult_yge25,edu_aggregate_adv,2004,78.303
ecu,sex_f,age_ythadult_yge25,edu_aggregate_adv,2005,77.81
ecu,sex_f,age_ythadult_yge25,edu_aggregate_adv,2006,80.737
ecu,sex_f,age_ythadult_yge25,edu_aggregate_adv,2007,77.075
ecu,sex_f,age_ythadult_yge25,edu_aggregate_adv,2008,79.538
ecu,sex_f,age_ythadult_yge25,edu_aggregate_adv,2009,75.477
ecu,sex_f,age_ythadult_yge25,edu_aggregate_adv,2010,76.643
ecu,sex_f,age_ythadult_yge25,edu_aggregate_adv,2011,76.851
ecu,sex_f,age_ythadult_yge25,edu_aggregate_adv,2012,77.339
ecu,sex_f,age_ythadult_yge25,edu_aggregate_adv,2013,76.618
ecu,sex_f,age_ythadult_yge25,edu_aggregate_adv,2014,75.018
ecu,sex_f,age_ythadult_yge25,edu_aggregate_adv,2015,76.116
ecu,sex_f,age_ythadult_yge25,edu_aggregate_adv,2016,75.682
ecu,sex_f,age_ythadult_yge25,edu_aggregate_adv,2017,74.598
ecu,sex_f,age_ythadult_yge25,edu_aggregate_adv,2018,75.24
ecu,sex_f,age_ythadult_yge25,edu_aggregate_adv,2019,74.328
ecu,sex_f,age_ythadult_yge25,edu_aggregate_adv,2021,70.979
ecu,sex_f,age_ythadult_yge25,edu_aggregate_adv,2022,73.278
ecu,sex_f,age_ythadult_yge25,edu_aggregate_adv,2023,72.674
ecu,sex_f,age_ythadult_yge25,edu_aggregate_adv,2024,71.965
ecu,sex_f,age_ythadult_yge25,edu_aggregate_bas,2000,40.723
ecu,sex_f,age_ythadult_yge25,edu_aggregate_bas,2001,50.596
ecu,sex_f,age_ythadult_yge25,edu_aggregate_bas,2003,46.336
ecu,sex_f,age_ythadult_yge25,edu_aggregate_bas,2004,50.597
ecu,sex_f,age_ythadult_yge25,edu_aggregate_bas,2005,51.016
ecu,sex_f,age_ythadult_yge25,edu_aggregate_bas,2006,52.174
ecu,sex_f,age_ythadult_yge25,edu_aggregate_bas,2007,51.841
ecu,sex_f,age_ythadult_yge25,edu_aggregate_bas,2008,51.457
ecu,sex_f,age_ythadult_yge25,edu_aggregate_bas,2009,48.198
ecu,sex_f,age_ythadult_yge25,edu_aggregate_bas,2010,47.144
ecu,sex_f,age_ythadult_yge25,edu_aggregate_bas,2011,46.669
ecu,sex_f,age_ythadult_yge25,edu_aggregate_bas,2012,47.231
ecu,sex_f,age_ythadult_yge25,edu_aggregate_bas,2013,49.03
ecu,sex_f,age_ythadult_yge25,edu_aggregate_bas,2014,49.255
ecu,sex_f,age_ythadult_yge25,edu_aggregate_bas,2015,53.92
ecu,sex_f,age_ythadult_yge25,edu_aggregate_bas,2016,57.005
ecu,sex_f,age_ythadult_yge25,edu_aggregate_bas,2017,59.208
ecu,sex_f,age_ythadult_yge25,edu_aggregate_bas,2018,57.228
ecu,sex_f,age_ythadult_yge25,edu_aggregate_bas,2019,56.152
ecu,sex_f,age_ythadult_yge25,edu_aggregate_bas,2021,55.499
ecu,sex_f,age_ythadult_yge25,edu_aggregate_bas,2022,55.945
ecu,sex_f,age_ythadult_yge25,edu_aggregate_bas,2023,53.456
ecu,sex_f,age_ythadult_yge25,edu_aggregate_bas,2024,53.081
ecu,sex_f,age_ythadult_yge25,edu_aggregate_int,2000,49.164
ecu,sex_f,age_ythadult_yge25,edu_aggregate_int,2001,56.216
ecu,sex_f,age_ythadult_yge25,edu_aggregate_int,2003,61.796
ecu,sex_f,age_ythadult_yge25,edu_aggregate_int,2004,64.707
ecu,sex_f,age_ythadult_yge25,edu_aggregate_int,2005,66.208
ecu,sex_f,age_ythadult_yge25,edu_aggregate_int,2006,64.662
ecu,sex_f,age_ythadult_yge25,edu_aggregate_int,2007,59.168
ecu,sex_f,age_ythadult_yge25,edu_aggregate_int,2008,58.526
ecu,sex_f,age_ythadult_yge25,edu_aggregate_int,2009,56.505
ecu,sex_f,age_ythadult_yge25,edu_aggregate_int,2010,55.544
ecu,sex_f,age_ythadult_yge25,edu_aggregate_int,2011,55.639
ecu,sex_f,age_ythadult_yge25,edu_aggregate_int,2012,56.396
ecu,sex_f,age_ythadult_yge25,edu_aggregate_int,2013,54.756
ecu,sex_f,age_ythadult_yge25,edu_aggregate_int,2014,55.018
ecu,sex_f,age_ythadult_yge25,edu_aggregate_int,2015,56.587
ecu,sex_f,age_ythadult_yge25,edu_aggregate_int,2016,59.187
ecu,sex_f,age_ythadult_yge25,edu_aggregate_int,2017,60.837
ecu,sex_f,age_ythadult_yge25,edu_aggregate_int,2018,57.849
ecu,sex_f,age_ythadult_yge25,edu_aggregate_int,2019,57.453
ecu,sex_f,age_ythadult_yge25,edu_aggregate_int,2021,57.057
ecu,sex_f,age_ythadult_yge25,edu_aggregate_int,2022,58.839
ecu,sex_f,age_ythadult_yge25,edu_aggregate_int,2023,56.335
ecu,sex_f,age_ythadult_yge25,edu_aggregate_int,2024,55.396
ecu,sex_f,age_ythadult_yge25,edu_aggregate_ltb,2000,41.236
ecu,sex_f,age_ythadult_yge25,edu_aggregate_ltb,2001,55.022
ecu,sex_f,age_ythadult_yge25,edu_aggregate_ltb,2003,42.986
ecu,sex_f,age_ythadult_yge25,edu_aggregate_ltb,2004,48.926
ecu,sex_f,age_ythadult_yge25,edu_aggregate_ltb,2005,47.438
ecu,sex_f,age_ythadult_yge25,edu_aggregate_ltb,2006,47.804
ecu,sex_f,age_ythadult_yge25,edu_aggregate_ltb,2007,45.751
ecu,sex_f,age_ythadult_yge25,edu_aggregate_ltb,2008,44.86
ecu,sex_f,age_ythadult_yge25,edu_aggregate_ltb,2009,43.273
ecu,sex_f,age_ythadult_yge25,edu_aggregate_ltb,2010,40.655
ecu,sex_f,age_ythadult_yge25,edu_aggregate_ltb,2011,40.168
ecu,sex_f,age_ythadult_yge25,edu_aggregate_ltb,2012,40.641
ecu,sex_f,age_ythadult_yge25,edu_aggregate_ltb,2013,41.191
ecu,sex_f,age_ythadult_yge25,edu_aggregate_ltb,2014,41.569
ecu,sex_f,age_ythadult_yge25,edu_aggregate_ltb,2015,47.554
ecu,sex_f,age_ythadult_yge25,edu_aggregate_ltb,2016,51.905
ecu,sex_f,age_ythadult_yge25,edu_aggregate_ltb,2017,52.649
ecu,sex_f,age_ythadult_yge25,edu_aggregate_ltb,2018,51.175
ecu,sex_f,age_ythadult_yge25,edu_aggregate_ltb,2019,51.99
ecu,sex_f,age_ythadult_yge25,edu_aggregate_ltb,2021,46.611
ecu,sex_f,age_ythadult_yge25,edu_aggregate_ltb,2022,46.414
ecu,sex_f,age_ythadult_yge25,edu_aggregate_ltb,2023,48.049
ecu,sex_f,age_ythadult_yge25,edu_aggregate_ltb,2024,47.123
ecu,sex_f,age_ythadult_yge25,edu_aggregate_total,2000,46.817
ecu,sex_f,age_ythadult_yge25,edu_aggregate_total,2001,55.663
ecu,sex_f,age_ythadult_yge25,edu_aggregate_total,2003,50.236
ecu,sex_f,age_ythadult_yge25,edu_aggregate_total,2004,54.44
ecu,sex_f,age_ythadult_yge25,edu_aggregate_total,2005,54.599
ecu,sex_f,age_ythadult_yge25,edu_aggregate_total,2006,55.671
ecu,sex_f,age_ythadult_yge25,edu_aggregate_total,2007,54.95
ecu,sex_f,age_ythadult_yge25,edu_aggregate_total,2008,54.948
ecu,sex_f,age_ythadult_yge25,edu_aggregate_total,2009,52.255
ecu,sex_f,age_ythadult_yge25,edu_aggregate_total,2010,51.375
ecu,sex_f,age_ythadult_yge25,edu_aggregate_total,2011,51.313
ecu,sex_f,age_ythadult_yge25,edu_aggregate_total,2012,52.177
ecu,sex_f,age_ythadult_yge25,edu_aggregate_total,2013,52.725
ecu,sex_f,age_ythadult_yge25,edu_aggregate_total,2014,53.044
ecu,sex_f,age_ythadult_yge25,edu_aggregate_total,2015,56.914
ecu,sex_f,age_ythadult_yge25,edu_aggregate_total,2016,59.815
ecu,sex_f,age_ythadult_yge25,edu_aggregate_total,2017,60.963
ecu,sex_f,age_ythadult_yge25,edu_aggregate_total,2018,59.175
ecu,sex_f,age_ythadult_yge25,edu_aggregate_total,2019,58.631
ecu,sex_f,age_ythadult_yge25,edu_aggregate_total,2021,57.054
ecu,sex_f,age_ythadult_yge25,edu_aggregate_total,2022,57.906
ecu,sex_f,age_ythadult_yge25,edu_aggregate_total,2023,56.405
ecu,sex_f,age_ythadult_yge25,edu_aggregate_total,2024,55.703
ecu,sex_f,age_ythadult_yge25,edu_aggregate_x,2001,44.941
ecu,sex_f,age_ythadult_yge25,edu_aggregate_x,2007,70.855
ecu,sex_f,age_ythadult_yge25,edu_aggregate_x,2008,100
ecu,sex_f,age_ythadult_yge25,edu_aggregate_x,2015,19.209
ecu,sex_f,age_ythadult_yge25,edu_aggregate_x,2016,53.546
ecu,sex_f,age_ythadult_yge25,edu_aggregate_x,2017,60.393
ecu,sex_f,age_ythadult_yge25,edu_aggregate_x,2018,60.559
ecu,sex_f,age_ythadult_yge25,edu_aggregate_x,2019,57.739
ecu,sex_f,age_ythadult_yge25,edu_aggregate_x,2021,80.912
ecu,sex_f,age_ythadult_yge25,edu_aggregate_x,2022,51.641
ecu,sex_f,age_ythadult_yge25,edu_aggregate_x,2023,68.568
ecu,sex_f,age_ythadult_yge25,edu_aggregate_x,2024,78.127
ecu,sex_f,age_ythadult_yge25,edu_isced97_0,2000,39.353
ecu,sex_f,age_ythadult_yge25,edu_isced97_0,2001,55.278
ecu,sex_f,age_ythadult_yge25,edu_isced97_0,2003,44.149
ecu,sex_f,age_ythadult_yge25,edu_isced97_0,2004,49.358
ecu,sex_f,age_ythadult_yge25,edu_isced97_0,2005,51.62
ecu,sex_f,age_ythadult_yge25,edu_isced97_0,2006,47.648
ecu,sex_f,age_ythadult_yge25,edu_isced97_0,2007,47.476
ecu,sex_f,age_ythadult_yge25,edu_isced97_0,2008,46.503
ecu,sex_f,age_ythadult_yge25,edu_isced97_0,2009,44.844
ecu,sex_f,age_ythadult_yge25,edu_isced97_0,2010,43.14
ecu,sex_f,age_ythadult_yge25,edu_isced97_0,2011,42.39
ecu,sex_f,age_ythadult_yge25,edu_isced97_0,2012,42.977
ecu,sex_f,age_ythadult_yge25,edu_isced97_0,2013,44.069
ecu,sex_f,age_ythadult_yge25,edu_isced97_0,2014,44.576
ecu,sex_f,age_ythadult_yge25,edu_isced97_0,2015,50.147
ecu,sex_f,age_ythadult_yge25,edu_isced97_0,2016,55.338
ecu,sex_f,age_ythadult_yge25,edu_isced97_0,2017,55.461
ecu,sex_f,age_ythadult_yge25,edu_isced97_0,2018,53.528
ecu,sex_f,age_ythadult_yge25,edu_isced97_0,2019,53.902
ecu,sex_f,age_ythadult_yge25,edu_isced97_0,2021,50.384
ecu,sex_f,age_ythadult_yge25,edu_isced97_0,2022,49.037
ecu,sex_f,age_ythadult_yge25,edu_isced97_0,2023,49.472
ecu,sex_f,age_ythadult_yge25,edu_isced97_0,2024,48.688
ecu,sex_f,age_ythadult_yge25,edu_isced97_1,2000,38.907
ecu,sex_f,age_ythadult_yge25,edu_isced97_1,2001,52.608
ecu,sex_f,age_ythadult_yge25,edu_isced97_1,2003,43.497
ecu,sex_f,age_ythadult_yge25,edu_isced97_1,2004,49.125
ecu,sex_f,age_ythadult_yge25,edu_isced97_1,2005,49.244
ecu,sex_f,age_ythadult_yge25,edu_isced97_1,2006,49.588
ecu,sex_f,age_ythadult_yge25,edu_isced97_1,2007,50.356
ecu,sex_f,age_ythadult_yge25,edu_isced97_1,2008,49.957
ecu,sex_f,age_ythadult_yge25,edu_isced97_1,2009,47.054
ecu,sex_f,age_ythadult_yge25,edu_isced97_1,2010,45.851
ecu,sex_f,age_ythadult_yge25,edu_isced97_1,2011,44.894
ecu,sex_f,age_ythadult_yge25,edu_isced97_1,2012,45.732
ecu,sex_f,age_ythadult_yge25,edu_isced97_1,2013,48.003
ecu,sex_f,age_ythadult_yge25,edu_isced97_1,2014,48.211
ecu,sex_f,age_ythadult_yge25,edu_isced97_1,2015,53.487
ecu,sex_f,age_ythadult_yge25,edu_isced97_1,2016,57.297
ecu,sex_f,age_ythadult_yge25,edu_isced97_1,2017,59.463
ecu,sex_f,age_ythadult_yge25,edu_isced97_1,2018,56.951
ecu,sex_f,age_ythadult_yge25,edu_isced97_1,2019,55.855
ecu,sex_f,age_ythadult_yge25,edu_isced97_1,2021,55.666
ecu,sex_f,age_ythadult_yge25,edu_isced97_1,2022,55.991
ecu,sex_f,age_ythadult_yge25,edu_isced97_1,2023,52.967
ecu,sex_f,age_ythadult_yge25,edu_isced97_1,2024,52.677
ecu,sex_f,age_ythadult_yge25,edu_isced97_2,2000,41.425
ecu,sex_f,age_ythadult_yge25,edu_isced97_2,2001,49.849
ecu,sex_f,age_ythadult_yge25,edu_isced97_2,2003,51.075
ecu,sex_f,age_ythadult_yge25,edu_isced97_2,2004,53.054
ecu,sex_f,age_ythadult_yge25,edu_isced97_2,2005,53.963
ecu,sex_f,age_ythadult_yge25,edu_isced97_2,2006,56.389
ecu,sex_f,age_ythadult_yge25,edu_isced97_2,2007,56.402
ecu,sex_f,age_ythadult_yge25,edu_isced97_2,2008,55.964
ecu,sex_f,age_ythadult_yge25,edu_isced97_2,2009,52.025
ecu,sex_f,age_ythadult_yge25,edu_isced97_2,2010,51.048
ecu,sex_f,age_ythadult_yge25,edu_isced97_2,2011,52.189
ecu,sex_f,age_ythadult_yge25,edu_isced97_2,2012,51.831
ecu,sex_f,age_ythadult_yge25,edu_isced97_2,2013,52.219
ecu,sex_f,age_ythadult_yge25,edu_isced97_2,2014,52.71
ecu,sex_f,age_ythadult_yge25,edu_isced97_2,2015,55.225
ecu,sex_f,age_ythadult_yge25,edu_isced97_2,2016,56.149
ecu,sex_f,age_ythadult_yge25,edu_isced97_2,2017,58.452
ecu,sex_f,age_ythadult_yge25,edu_isced97_2,2018,58.138
ecu,sex_f,age_ythadult_yge25,edu_isced97_2,2019,57.124
ecu,sex_f,age_ythadult_yge25,edu_isced97_2,2021,54.984
ecu,sex_f,age_ythadult_yge25,edu_isced97_2,2022,55.805
ecu,sex_f,age_ythadult_yge25,edu_isced97_2,2023,55.065
ecu,sex_f,age_ythadult_yge25,edu_isced97_2,2024,54.514
ecu,sex_f,age_ythadult_yge25,edu_isced97_3,2000,49.164
ecu,sex_f,age_ythadult_yge25,edu_isced97_3,2001,56.216
ecu,sex_f,age_ythadult_yge25,edu_isced97_3,2003,62.367
ecu,sex_f,age_ythadult_yge25,edu_isced97_3,2004,62.876
ecu,sex_f,age_ythadult_yge25,edu_isced97_3,2005,65.13
ecu,sex_f,age_ythadult_yge25,edu_isced97_3,2006,61.911
ecu,sex_f,age_ythadult_yge25,edu_isced97_3,2007,58.853
ecu,sex_f,age_ythadult_yge25,edu_isced97_3,2008,58.392
ecu,sex_f,age_ythadult_yge25,edu_isced97_3,2009,56.303
ecu,sex_f,age_ythadult_yge25,edu_isced97_3,2010,55.232
ecu,sex_f,age_ythadult_yge25,edu_isced97_3,2011,55.199
ecu,sex_f,age_ythadult_yge25,edu_isced97_3,2012,56.084
ecu,sex_f,age_ythadult_yge25,edu_isced97_3,2013,54.266
ecu,sex_f,age_ythadult_yge25,edu_isced97_3,2014,54.518
ecu,sex_f,age_ythadult_yge25,edu_isced97_3,2015,55.966
ecu,sex_f,age_ythadult_yge25,edu_isced97_3,2016,58.458
ecu,sex_f,age_ythadult_yge25,edu_isced97_3,2017,60.27
ecu,sex_f,age_ythadult_yge25,edu_isced97_3,2018,57.382
ecu,sex_f,age_ythadult_yge25,edu_isced97_3,2019,56.846
ecu,sex_f,age_ythadult_yge25,edu_isced97_3,2021,56.339
ecu,sex_f,age_ythadult_yge25,edu_isced97_3,2022,58.14
ecu,sex_f,age_ythadult_yge25,edu_isced97_3,2023,55.474
ecu,sex_f,age_ythadult_yge25,edu_isced97_3,2024,54.466
ecu,sex_f,age_ythadult_yge25,edu_isced97_4,2003,59.866
ecu,sex_f,age_ythadult_yge25,edu_isced97_4,2004,74.738
ecu,sex_f,age_ythadult_yge25,edu_isced97_4,2005,71.903
ecu,sex_f,age_ythadult_yge25,edu_isced97_4,2006,79.07
ecu,sex_f,age_ythadult_yge25,edu_isced97_4,2007,79.853
ecu,sex_f,age_ythadult_yge25,edu_isced97_4,2008,67.667
ecu,sex_f,age_ythadult_yge25,edu_isced97_4,2009,75.462
ecu,sex_f,age_ythadult_yge25,edu_isced97_4,2010,68.244
ecu,sex_f,age_ythadult_yge25,edu_isced97_4,2011,75.658
ecu,sex_f,age_ythadult_yge25,edu_isced97_4,2012,70.61
ecu,sex_f,age_ythadult_yge25,edu_isced97_4,2013,77.529
ecu,sex_f,age_ythadult_yge25,edu_isced97_4,2014,72.883
ecu,sex_f,age_ythadult_yge25,edu_isced97_4,2015,74.157
ecu,sex_f,age_ythadult_yge25,edu_isced97_4,2016,78.505
ecu,sex_f,age_ythadult_yge25,edu_isced97_4,2017,74.898
ecu,sex_f,age_ythadult_yge25,edu_isced97_4,2018,70.167
ecu,sex_f,age_ythadult_yge25,edu_isced97_4,2019,71.717
ecu,sex_f,age_ythadult_yge25,edu_isced97_4,2021,70.378
ecu,sex_f,age_ythadult_yge25,edu_isced97_4,2022,72.293
ecu,sex_f,age_ythadult_yge25,edu_isced97_4,2023,71.636
ecu,sex_f,age_ythadult_yge25,edu_isced97_4,2024,70.474
ecu,sex_f,age_ythadult_yge25,edu_isced97_5,2000,72.649
ecu,sex_f,age_ythadult_yge25,edu_isced97_5,2001,71.977
ecu,sex_f,age_ythadult_yge25,edu_isced97_5,2003,77.296
ecu,sex_f,age_ythadult_yge25,edu_isced97_5,2004,77.811
ecu,sex_f,age_ythadult_yge25,edu_isced97_5,2005,76.931
ecu,sex_f,age_ythadult_yge25,edu_isced97_5,2006,80.272
ecu,sex_f,age_ythadult_yge25,edu_isced97_5,2007,76.228
ecu,sex_f,age_ythadult_yge25,edu_isced97_5,2008,78.634
ecu,sex_f,age_ythadult_yge25,edu_isced97_5,2009,75.19
ecu,sex_f,age_ythadult_yge25,edu_isced97_5,2010,75.814
ecu,sex_f,age_ythadult_yge25,edu_isced97_5,2011,76.172
ecu,sex_f,age_ythadult_yge25,edu_isced97_5,2012,76.417
ecu,sex_f,age_ythadult_yge25,edu_isced97_5,2013,76.003
ecu,sex_f,age_ythadult_yge25,edu_isced97_5,2014,74.087
ecu,sex_f,age_ythadult_yge25,edu_isced97_5,2015,75.301
ecu,sex_f,age_ythadult_yge25,edu_isced97_5,2016,74.164
ecu,sex_f,age_ythadult_yge25,edu_isced97_5,2017,73.179
ecu,sex_f,age_ythadult_yge25,edu_isced97_5,2018,74.06
ecu,sex_f,age_ythadult_yge25,edu_isced97_5,2019,73.184
ecu,sex_f,age_ythadult_yge25,edu_isced97_5,2021,69.38
ecu,sex_f,age_ythadult_yge25,edu_isced97_5,2022,71.762
ecu,sex_f,age_ythadult_yge25,edu_isced97_5,2023,70.447
ecu,sex_f,age_ythadult_yge25,edu_isced97_5,2024,69.561
ecu,sex_f,age_ythadult_yge25,edu_isced97_6,2001,79.047
ecu,sex_f,age_ythadult_yge25,edu_isced97_6,2003,84.927
ecu,sex_f,age_ythadult_yge25,edu_isced97_6,2004,89.593
ecu,sex_f,age_ythadult_yge25,edu_isced97_6,2005,99.498
ecu,sex_f,age_ythadult_yge25,edu_isced97_6,2006,91.941
ecu,sex_f,age_ythadult_yge25,edu_isced97_6,2007,96.161
ecu,sex_f,age_ythadult_yge25,edu_isced97_6,2008,93.581
ecu,sex_f,age_ythadult_yge25,edu_isced97_6,2009,79.723
ecu,sex_f,age_ythadult_yge25,edu_isced97_6,2010,88.146
ecu,sex_f,age_ythadult_yge25,edu_isced97_6,2011,89.219
ecu,sex_f,age_ythadult_yge25,edu_isced97_6,2012,92.091
ecu,sex_f,age_ythadult_yge25,edu_isced97_6,2013,85.794
ecu,sex_f,age_ythadult_yge25,edu_isced97_6,2014,87.94
ecu,sex_f,age_ythadult_yge25,edu_isced97_6,2015,87.672
ecu,sex_f,age_ythadult_yge25,edu_isced97_6,2016,90.097
ecu,sex_f,age_ythadult_yge25,edu_isced97_6,2017,88.472
ecu,sex_f,age_ythadult_yge25,edu_isced97_6,2018,87.351
ecu,sex_f,age_ythadult_yge25,edu_isced97_6,2019,84.862
ecu,sex_f,age_ythadult_yge25,edu_isced97_6,2021,83.608
ecu,sex_f,age_ythadult_yge25,edu_isced97_6,2022,84.434
ecu,sex_f,age_ythadult_yge25,edu_isced97_6,2023,87.372
ecu,sex_f,age_ythadult_yge25,edu_isced97_6,2024,85.565
ecu,sex_f,age_ythadult_yge25,edu_isced97_total,2000,46.817
ecu,sex_f,age_ythadult_yge25,edu_isced97_total,2001,55.663
ecu,sex_f,age_ythadult_yge25,edu_isced97_total,2003,50.236
ecu,sex_f,age_ythadult_yge25,edu_isced97_total,2004,54.44
ecu,sex_f,age_ythadult_yge25,edu_isced97_total,2005,54.599
ecu,sex_f,age_ythadult_yge25,edu_isced97_total,2006,55.671
ecu,sex_f,age_ythadult_yge25,edu_isced97_total,2007,54.95
ecu,sex_f,age_ythadult_yge25,edu_isced97_total,2008,54.948
ecu,sex_f,age_ythadult_yge25,edu_isced97_total,2009,52.255
ecu,sex_f,age_ythadult_yge25,edu_isced97_total,2010,51.375
ecu,sex_f,age_ythadult_yge25,edu_isced97_total,2011,51.313
ecu,sex_f,age_ythadult_yge25,edu_isced97_total,2012,52.177
ecu,sex_f,age_ythadult_yge25,edu_isced97_total,2013,52.725
ecu,sex_f,age_ythadult_yge25,edu_isced97_total,2014,53.044
ecu,sex_f,age_ythadult_yge25,edu_isced97_total,2015,56.914
ecu,sex_f,age_ythadult_yge25,edu_isced97_total,2016,59.815
ecu,sex_f,age_ythadult_yge25,edu_isced97_total,2017,60.963
ecu,sex_f,age_ythadult_yge25,edu_isced97_total,2018,59.175
ecu,sex_f,age_ythadult_yge25,edu_isced97_total,2019,58.631
ecu,sex_f,age_ythadult_yge25,edu_isced97_total,2021,57.054
ecu,sex_f,age_ythadult_yge25,edu_isced97_total,2022,57.906
ecu,sex_f,age_ythadult_yge25,edu_isced97_total,2023,56.405
ecu,sex_f,age_ythadult_yge25,edu_isced97_total,2024,55.703
ecu,sex_f,age_ythadult_yge25,edu_isced97_unk,2001,44.941
ecu,sex_f,age_ythadult_yge25,edu_isced97_unk,2007,70.855
ecu,sex_f,age_ythadult_yge25,edu_isced97_unk,2008,100
ecu,sex_f,age_ythadult_yge25,edu_isced97_unk,2015,19.209
ecu,sex_f,age_ythadult_yge25,edu_isced97_unk,2016,53.546
ecu,sex_f,age_ythadult_yge25,edu_isced97_unk,2017,60.393
ecu,sex_f,age_ythadult_yge25,edu_isced97_unk,2018,60.559
ecu,sex_f,age_ythadult_yge25,edu_isced97_unk,2019,57.739
ecu,sex_f,age_ythadult_yge25,edu_isced97_unk,2021,80.912
ecu,sex_f,age_ythadult_yge25,edu_isced97_unk,2022,51.641
ecu,sex_f,age_ythadult_yge25,edu_isced97_unk,2023,68.568
ecu,sex_f,age_ythadult_yge25,edu_isced97_unk,2024,78.127
ecu,sex_f,age_ythadult_yge25,edu_isced97_x,2000,41.966
ecu,sex_f,age_ythadult_yge25,edu_isced97_x,2001,54.884
ecu,sex_f,age_ythadult_yge25,edu_isced97_x,2003,42.395
ecu,sex_f,age_ythadult_yge25,edu_isced97_x,2004,48.691
ecu,sex_f,age_ythadult_yge25,edu_isced97_x,2005,45.324
ecu,sex_f,age_ythadult_yge25,edu_isced97_x,2006,47.889
ecu,sex_f,age_ythadult_yge25,edu_isced97_x,2007,42.809
ecu,sex_f,age_ythadult_yge25,edu_isced97_x,2008,41.891
ecu,sex_f,age_ythadult_yge25,edu_isced97_x,2009,40.401
ecu,sex_f,age_ythadult_yge25,edu_isced97_x,2010,36.153
ecu,sex_f,age_ythadult_yge25,edu_isced97_x,2011,36.552
ecu,sex_f,age_ythadult_yge25,edu_isced97_x,2012,36.801
ecu,sex_f,age_ythadult_yge25,edu_isced97_x,2013,36.03
ecu,sex_f,age_ythadult_yge25,edu_isced97_x,2014,35.629
ecu,sex_f,age_ythadult_yge25,edu_isced97_x,2015,42.514
ecu,sex_f,age_ythadult_yge25,edu_isced97_x,2016,45.577
ecu,sex_f,age_ythadult_yge25,edu_isced97_x,2017,47.393
ecu,sex_f,age_ythadult_yge25,edu_isced97_x,2018,47.041
ecu,sex_f,age_ythadult_yge25,edu_isced97_x,2019,48.6
ecu,sex_f,age_ythadult_yge25,edu_isced97_x,2021,39.469
ecu,sex_f,age_ythadult_yge25,edu_isced97_x,2022,41.486
ecu,sex_f,age_ythadult_yge25,edu_isced97_x,2023,45.656
ecu,sex_f,age_ythadult_yge25,edu_isced97_x,2024,44.264
ecu,sex_m,age_10yrbands_total,edu_aggregate_adv,2000,83.973
ecu,sex_m,age_10yrbands_total,edu_aggregate_adv,2001,85.324
ecu,sex_m,age_10yrbands_total,edu_aggregate_adv,2003,84.374
ecu,sex_m,age_10yrbands_total,edu_aggregate_adv,2004,85.222
ecu,sex_m,age_10yrbands_total,edu_aggregate_adv,2005,86.732
ecu,sex_m,age_10yrbands_total,edu_aggregate_adv,2006,87.375
ecu,sex_m,age_10yrbands_total,edu_aggregate_adv,2007,85.64
ecu,sex_m,age_10yrbands_total,edu_aggregate_adv,2008,85.633
ecu,sex_m,age_10yrbands_total,edu_aggregate_adv,2009,80.848
ecu,sex_m,age_10yrbands_total,edu_aggregate_adv,2010,80.606
ecu,sex_m,age_10yrbands_total,edu_aggregate_adv,2011,81.865
ecu,sex_m,age_10yrbands_total,edu_aggregate_adv,2012,81.363
ecu,sex_m,age_10yrbands_total,edu_aggregate_adv,2013,81.886
ecu,sex_m,age_10yrbands_total,edu_aggregate_adv,2014,81.82
ecu,sex_m,age_10yrbands_total,edu_aggregate_adv,2015,83.144
ecu,sex_m,age_10yrbands_total,edu_aggregate_adv,2016,81.611
ecu,sex_m,age_10yrbands_total,edu_aggregate_adv,2017,82.166
ecu,sex_m,age_10yrbands_total,edu_aggregate_adv,2018,80.497
ecu,sex_m,age_10yrbands_total,edu_aggregate_adv,2019,78.931
ecu,sex_m,age_10yrbands_total,edu_aggregate_adv,2021,77.473
ecu,sex_m,age_10yrbands_total,edu_aggregate_adv,2022,79.08
ecu,sex_m,age_10yrbands_total,edu_aggregate_adv,2023,77.463
ecu,sex_m,age_10yrbands_total,edu_aggregate_adv,2024,78.144
ecu,sex_m,age_10yrbands_total,edu_aggregate_bas,2000,85.602
ecu,sex_m,age_10yrbands_total,edu_aggregate_bas,2001,87.214
ecu,sex_m,age_10yrbands_total,edu_aggregate_bas,2003,77.845
ecu,sex_m,age_10yrbands_total,edu_aggregate_bas,2004,79.24
ecu,sex_m,age_10yrbands_total,edu_aggregate_bas,2005,80.378
ecu,sex_m,age_10yrbands_total,edu_aggregate_bas,2006,82.437
ecu,sex_m,age_10yrbands_total,edu_aggregate_bas,2007,78.602
ecu,sex_m,age_10yrbands_total,edu_aggregate_bas,2008,77.805
ecu,sex_m,age_10yrbands_total,edu_aggregate_bas,2009,74.501
ecu,sex_m,age_10yrbands_total,edu_aggregate_bas,2010,73.65
ecu,sex_m,age_10yrbands_total,edu_aggregate_bas,2011,72.485
ecu,sex_m,age_10yrbands_total,edu_aggregate_bas,2012,72.996
ecu,sex_m,age_10yrbands_total,edu_aggregate_bas,2013,71.965
ecu,sex_m,age_10yrbands_total,edu_aggregate_bas,2014,73.178
ecu,sex_m,age_10yrbands_total,edu_aggregate_bas,2015,74.708
ecu,sex_m,age_10yrbands_total,edu_aggregate_bas,2016,74.975
ecu,sex_m,age_10yrbands_total,edu_aggregate_bas,2017,75.303
ecu,sex_m,age_10yrbands_total,edu_aggregate_bas,2018,73.684
ecu,sex_m,age_10yrbands_total,edu_aggregate_bas,2019,72.738
ecu,sex_m,age_10yrbands_total,edu_aggregate_bas,2021,72.697
ecu,sex_m,age_10yrbands_total,edu_aggregate_bas,2022,71.576
ecu,sex_m,age_10yrbands_total,edu_aggregate_bas,2023,71.281
ecu,sex_m,age_10yrbands_total,edu_aggregate_bas,2024,71.053
ecu,sex_m,age_10yrbands_total,edu_aggregate_int,2000,67.132
ecu,sex_m,age_10yrbands_total,edu_aggregate_int,2001,73.445
ecu,sex_m,age_10yrbands_total,edu_aggregate_int,2003,63.008
ecu,sex_m,age_10yrbands_total,edu_aggregate_int,2004,66.125
ecu,sex_m,age_10yrbands_total,edu_aggregate_int,2005,62.046
ecu,sex_m,age_10yrbands_total,edu_aggregate_int,2006,61.15
ecu,sex_m,age_10yrbands_total,edu_aggregate_int,2007,78.766
ecu,sex_m,age_10yrbands_total,edu_aggregate_int,2008,78.239
ecu,sex_m,age_10yrbands_total,edu_aggregate_int,2009,76.818
ecu,sex_m,age_10yrbands_total,edu_aggregate_int,2010,75.161
ecu,sex_m,age_10yrbands_total,edu_aggregate_int,2011,76.692
ecu,sex_m,age_10yrbands_total,edu_aggregate_int,2012,77.218
ecu,sex_m,age_10yrbands_total,edu_aggregate_int,2013,77.075
ecu,sex_m,age_10yrbands_total,edu_aggregate_int,2014,78.489
ecu,sex_m,age_10yrbands_total,edu_aggregate_int,2015,80.261
ecu,sex_m,age_10yrbands_total,edu_aggregate_int,2016,79.641
ecu,sex_m,age_10yrbands_total,edu_aggregate_int,2017,81.253
ecu,sex_m,age_10yrbands_total,edu_aggregate_int,2018,80.381
ecu,sex_m,age_10yrbands_total,edu_aggregate_int,2019,79.132
ecu,sex_m,age_10yrbands_total,edu_aggregate_int,2021,79.463
ecu,sex_m,age_10yrbands_total,edu_aggregate_int,2022,80.787
ecu,sex_m,age_10yrbands_total,edu_aggregate_int,2023,80.84
ecu,sex_m,age_10yrbands_total,edu_aggregate_int,2024,80.913
ecu,sex_m,age_10yrbands_total,edu_aggregate_ltb,2000,77.389
ecu,sex_m,age_10yrbands_total,edu_aggregate_ltb,2001,78.732
ecu,sex_m,age_10yrbands_total,edu_aggregate_ltb,2003,75.655
ecu,sex_m,age_10yrbands_total,edu_aggregate_ltb,2004,76.972
ecu,sex_m,age_10yrbands_total,edu_aggregate_ltb,2005,78.57
ecu,sex_m,age_10yrbands_total,edu_aggregate_ltb,2006,78.294
ecu,sex_m,age_10yrbands_total,edu_aggregate_ltb,2007,81.095
ecu,sex_m,age_10yrbands_total,edu_aggregate_ltb,2008,78.976
ecu,sex_m,age_10yrbands_total,edu_aggregate_ltb,2009,75.805
ecu,sex_m,age_10yrbands_total,edu_aggregate_ltb,2010,75.848
ecu,sex_m,age_10yrbands_total,edu_aggregate_ltb,2011,74.18
ecu,sex_m,age_10yrbands_total,edu_aggregate_ltb,2012,73.606
ecu,sex_m,age_10yrbands_total,edu_aggregate_ltb,2013,74.046
ecu,sex_m,age_10yrbands_total,edu_aggregate_ltb,2014,74.228
ecu,sex_m,age_10yrbands_total,edu_aggregate_ltb,2015,77.367
ecu,sex_m,age_10yrbands_total,edu_aggregate_ltb,2016,77.621
ecu,sex_m,age_10yrbands_total,edu_aggregate_ltb,2017,77.379
ecu,sex_m,age_10yrbands_total,edu_aggregate_ltb,2018,76.566
ecu,sex_m,age_10yrbands_total,edu_aggregate_ltb,2019,74.819
ecu,sex_m,age_10yrbands_total,edu_aggregate_ltb,2021,69.84
ecu,sex_m,age_10yrbands_total,edu_aggregate_ltb,2022,67.576
ecu,sex_m,age_10yrbands_total,edu_aggregate_ltb,2023,67.67
ecu,sex_m,age_10yrbands_total,edu_aggregate_ltb,2024,66.322
ecu,sex_m,age_10yrbands_total,edu_aggregate_total,2000,78.432
ecu,sex_m,age_10yrbands_total,edu_aggregate_total,2001,81.264
ecu,sex_m,age_10yrbands_total,edu_aggregate_total,2003,77.51
ecu,sex_m,age_10yrbands_total,edu_aggregate_total,2004,79.014
ecu,sex_m,age_10yrbands_total,edu_aggregate_total,2005,79.83
ecu,sex_m,age_10yrbands_total,edu_aggregate_total,2006,81.173
ecu,sex_m,age_10yrbands_total,edu_aggregate_total,2007,79.984
ecu,sex_m,age_10yrbands_total,edu_aggregate_total,2008,79.051
ecu,sex_m,age_10yrbands_total,edu_aggregate_total,2009,76.035
ecu,sex_m,age_10yrbands_total,edu_aggregate_total,2010,75.305
ecu,sex_m,age_10yrbands_total,edu_aggregate_total,2011,74.984
ecu,sex_m,age_10yrbands_total,edu_aggregate_total,2012,75.274
ecu,sex_m,age_10yrbands_total,edu_aggregate_total,2013,74.896
ecu,sex_m,age_10yrbands_total,edu_aggregate_total,2014,75.861
ecu,sex_m,age_10yrbands_total,edu_aggregate_total,2015,77.637
ecu,sex_m,age_10yrbands_total,edu_aggregate_total,2016,77.51
ecu,sex_m,age_10yrbands_total,edu_aggregate_total,2017,78.192
ecu,sex_m,age_10yrbands_total,edu_aggregate_total,2018,76.966
ecu,sex_m,age_10yrbands_total,edu_aggregate_total,2019,75.801
ecu,sex_m,age_10yrbands_total,edu_aggregate_total,2021,75.316
ecu,sex_m,age_10yrbands_total,edu_aggregate_total,2022,75.326
ecu,sex_m,age_10yrbands_total,edu_aggregate_total,2023,75.059
ecu,sex_m,age_10yrbands_total,edu_aggregate_total,2024,74.94
ecu,sex_m,age_10yrbands_total,edu_aggregate_x,2001,52.256
ecu,sex_m,age_10yrbands_total,edu_aggregate_x,2007,93.211
ecu,sex_m,age_10yrbands_total,edu_aggregate_x,2008,100
ecu,sex_m,age_10yrbands_total,edu_aggregate_x,2015,58.827
ecu,sex_m,age_10yrbands_total,edu_aggregate_x,2016,84.646
ecu,sex_m,age_10yrbands_total,edu_aggregate_x,2017,71.571
ecu,sex_m,age_10yrbands_total,edu_aggregate_x,2018,79.77
ecu,sex_m,age_10yrbands_total,edu_aggregate_x,2019,79.753
ecu,sex_m,age_10yrbands_total,edu_aggregate_x,2021,76.631
ecu,sex_m,age_10yrbands_total,edu_aggregate_x,2022,67.899
ecu,sex_m,age_10yrbands_total,edu_aggregate_x,2023,88.35
ecu,sex_m,age_10yrbands_total,edu_aggregate_x,2024,84.629
ecu,sex_m,age_10yrbands_total,edu_isced97_0,2000,80.932
ecu,sex_m,age_10yrbands_total,edu_isced97_0,2001,83.476
ecu,sex_m,age_10yrbands_total,edu_isced97_0,2003,79.213
ecu,sex_m,age_10yrbands_total,edu_isced97_0,2004,81.691
ecu,sex_m,age_10yrbands_total,edu_isced97_0,2005,82.536
ecu,sex_m,age_10yrbands_total,edu_isced97_0,2006,82.515
ecu,sex_m,age_10yrbands_total,edu_isced97_0,2007,84.944
ecu,sex_m,age_10yrbands_total,edu_isced97_0,2008,83.161
ecu,sex_m,age_10yrbands_total,edu_isced97_0,2009,79.878
ecu,sex_m,age_10yrbands_total,edu_isced97_0,2010,80.481
ecu,sex_m,age_10yrbands_total,edu_isced97_0,2011,77.906
ecu,sex_m,age_10yrbands_total,edu_isced97_0,2012,77.797
ecu,sex_m,age_10yrbands_total,edu_isced97_0,2013,78.727
ecu,sex_m,age_10yrbands_total,edu_isced97_0,2014,78.18
ecu,sex_m,age_10yrbands_total,edu_isced97_0,2015,81.592
ecu,sex_m,age_10yrbands_total,edu_isced97_0,2016,82.688
ecu,sex_m,age_10yrbands_total,edu_isced97_0,2017,82.256
ecu,sex_m,age_10yrbands_total,edu_isced97_0,2018,80.537
ecu,sex_m,age_10yrbands_total,edu_isced97_0,2019,79.183
ecu,sex_m,age_10yrbands_total,edu_isced97_0,2021,75.326
ecu,sex_m,age_10yrbands_total,edu_isced97_0,2022,73.051
ecu,sex_m,age_10yrbands_total,edu_isced97_0,2023,72.723
ecu,sex_m,age_10yrbands_total,edu_isced97_0,2024,72.688
ecu,sex_m,age_10yrbands_total,edu_isced97_1,2000,84.065
ecu,sex_m,age_10yrbands_total,edu_isced97_1,2001,86.054
ecu,sex_m,age_10yrbands_total,edu_isced97_1,2003,83.01
ecu,sex_m,age_10yrbands_total,edu_isced97_1,2004,84.245
ecu,sex_m,age_10yrbands_total,edu_isced97_1,2005,82.967
ecu,sex_m,age_10yrbands_total,edu_isced97_1,2006,83.85
ecu,sex_m,age_10yrbands_total,edu_isced97_1,2007,87.032
ecu,sex_m,age_10yrbands_total,edu_isced97_1,2008,86.09
ecu,sex_m,age_10yrbands_total,edu_isced97_1,2009,82.882
ecu,sex_m,age_10yrbands_total,edu_isced97_1,2010,83.306
ecu,sex_m,age_10yrbands_total,edu_isced97_1,2011,81.825
ecu,sex_m,age_10yrbands_total,edu_isced97_1,2012,82.886
ecu,sex_m,age_10yrbands_total,edu_isced97_1,2013,82.329
ecu,sex_m,age_10yrbands_total,edu_isced97_1,2014,84.033
ecu,sex_m,age_10yrbands_total,edu_isced97_1,2015,85.225
ecu,sex_m,age_10yrbands_total,edu_isced97_1,2016,85.851
ecu,sex_m,age_10yrbands_total,edu_isced97_1,2017,86.282
ecu,sex_m,age_10yrbands_total,edu_isced97_1,2018,85.049
ecu,sex_m,age_10yrbands_total,edu_isced97_1,2019,84.324
ecu,sex_m,age_10yrbands_total,edu_isced97_1,2021,82.94
ecu,sex_m,age_10yrbands_total,edu_isced97_1,2022,82.954
ecu,sex_m,age_10yrbands_total,edu_isced97_1,2023,82.445
ecu,sex_m,age_10yrbands_total,edu_isced97_1,2024,82.197
ecu,sex_m,age_10yrbands_total,edu_isced97_2,2000,86.016
ecu,sex_m,age_10yrbands_total,edu_isced97_2,2001,87.54
ecu,sex_m,age_10yrbands_total,edu_isced97_2,2003,70.29
ecu,sex_m,age_10yrbands_total,edu_isced97_2,2004,71.807
ecu,sex_m,age_10yrbands_total,edu_isced97_2,2005,76.268
ecu,sex_m,age_10yrbands_total,edu_isced97_2,2006,80.185
ecu,sex_m,age_10yrbands_total,edu_isced97_2,2007,61.807
ecu,sex_m,age_10yrbands_total,edu_isced97_2,2008,61.641
ecu,sex_m,age_10yrbands_total,edu_isced97_2,2009,57.89
ecu,sex_m,age_10yrbands_total,edu_isced97_2,2010,55.75
ecu,sex_m,age_10yrbands_total,edu_isced97_2,2011,54.882
ecu,sex_m,age_10yrbands_total,edu_isced97_2,2012,54.576
ecu,sex_m,age_10yrbands_total,edu_isced97_2,2013,53.356
ecu,sex_m,age_10yrbands_total,edu_isced97_2,2014,53.237
ecu,sex_m,age_10yrbands_total,edu_isced97_2,2015,56.057
ecu,sex_m,age_10yrbands_total,edu_isced97_2,2016,56.989
ecu,sex_m,age_10yrbands_total,edu_isced97_2,2017,58.333
ecu,sex_m,age_10yrbands_total,edu_isced97_2,2018,54.818
ecu,sex_m,age_10yrbands_total,edu_isced97_2,2019,53.959
ecu,sex_m,age_10yrbands_total,edu_isced97_2,2021,56.642
ecu,sex_m,age_10yrbands_total,edu_isced97_2,2022,53.692
ecu,sex_m,age_10yrbands_total,edu_isced97_2,2023,53.133
ecu,sex_m,age_10yrbands_total,edu_isced97_2,2024,53.688
ecu,sex_m,age_10yrbands_total,edu_isced97_3,2000,67.132
ecu,sex_m,age_10yrbands_total,edu_isced97_3,2001,73.445
ecu,sex_m,age_10yrbands_total,edu_isced97_3,2003,60.342
ecu,sex_m,age_10yrbands_total,edu_isced97_3,2004,63.951
ecu,sex_m,age_10yrbands_total,edu_isced97_3,2005,59.476
ecu,sex_m,age_10yrbands_total,edu_isced97_3,2006,59.141
ecu,sex_m,age_10yrbands_total,edu_isced97_3,2007,78.617
ecu,sex_m,age_10yrbands_total,edu_isced97_3,2008,78.114
ecu,sex_m,age_10yrbands_total,edu_isced97_3,2009,76.67
ecu,sex_m,age_10yrbands_total,edu_isced97_3,2010,75.036
ecu,sex_m,age_10yrbands_total,edu_isced97_3,2011,76.524
ecu,sex_m,age_10yrbands_total,edu_isced97_3,2012,77.074
ecu,sex_m,age_10yrbands_total,edu_isced97_3,2013,76.779
ecu,sex_m,age_10yrbands_total,edu_isced97_3,2014,78.31
ecu,sex_m,age_10yrbands_total,edu_isced97_3,2015,79.916
ecu,sex_m,age_10yrbands_total,edu_isced97_3,2016,79.25
ecu,sex_m,age_10yrbands_total,edu_isced97_3,2017,80.886
ecu,sex_m,age_10yrbands_total,edu_isced97_3,2018,80.014
ecu,sex_m,age_10yrbands_total,edu_isced97_3,2019,78.705
ecu,sex_m,age_10yrbands_total,edu_isced97_3,2021,79.148
ecu,sex_m,age_10yrbands_total,edu_isced97_3,2022,80.429
ecu,sex_m,age_10yrbands_total,edu_isced97_3,2023,80.488
ecu,sex_m,age_10yrbands_total,edu_isced97_3,2024,80.541
ecu,sex_m,age_10yrbands_total,edu_isced97_4,2003,85.13
ecu,sex_m,age_10yrbands_total,edu_isced97_4,2004,88.932
ecu,sex_m,age_10yrbands_total,edu_isced97_4,2005,85.909
ecu,sex_m,age_10yrbands_total,edu_isced97_4,2006,85.615
ecu,sex_m,age_10yrbands_total,edu_isced97_4,2007,89.255
ecu,sex_m,age_10yrbands_total,edu_isced97_4,2008,88.337
ecu,sex_m,age_10yrbands_total,edu_isced97_4,2009,90.436
ecu,sex_m,age_10yrbands_total,edu_isced97_4,2010,81.449
ecu,sex_m,age_10yrbands_total,edu_isced97_4,2011,85.74
ecu,sex_m,age_10yrbands_total,edu_isced97_4,2012,86.621
ecu,sex_m,age_10yrbands_total,edu_isced97_4,2013,91.15
ecu,sex_m,age_10yrbands_total,edu_isced97_4,2014,86.581
ecu,sex_m,age_10yrbands_total,edu_isced97_4,2015,92.195
ecu,sex_m,age_10yrbands_total,edu_isced97_4,2016,90.512
ecu,sex_m,age_10yrbands_total,edu_isced97_4,2017,90.967
ecu,sex_m,age_10yrbands_total,edu_isced97_4,2018,90.622
ecu,sex_m,age_10yrbands_total,edu_isced97_4,2019,89.793
ecu,sex_m,age_10yrbands_total,edu_isced97_4,2021,86.683
ecu,sex_m,age_10yrbands_total,edu_isced97_4,2022,88.856
ecu,sex_m,age_10yrbands_total,edu_isced97_4,2023,87.494
ecu,sex_m,age_10yrbands_total,edu_isced97_4,2024,87.676
ecu,sex_m,age_10yrbands_total,edu_isced97_5,2000,83.973
ecu,sex_m,age_10yrbands_total,edu_isced97_5,2001,84.854
ecu,sex_m,age_10yrbands_total,edu_isced97_5,2003,83.8
ecu,sex_m,age_10yrbands_total,edu_isced97_5,2004,84.678
ecu,sex_m,age_10yrbands_total,edu_isced97_5,2005,86.307
ecu,sex_m,age_10yrbands_total,edu_isced97_5,2006,86.769
ecu,sex_m,age_10yrbands_total,edu_isced97_5,2007,84.939
ecu,sex_m,age_10yrbands_total,edu_isced97_5,2008,84.993
ecu,sex_m,age_10yrbands_total,edu_isced97_5,2009,79.762
ecu,sex_m,age_10yrbands_total,edu_isced97_5,2010,79.721
ecu,sex_m,age_10yrbands_total,edu_isced97_5,2011,81.462
ecu,sex_m,age_10yrbands_total,edu_isced97_5,2012,80.67
ecu,sex_m,age_10yrbands_total,edu_isced97_5,2013,80.997
ecu,sex_m,age_10yrbands_total,edu_isced97_5,2014,80.983
ecu,sex_m,age_10yrbands_total,edu_isced97_5,2015,82.405
ecu,sex_m,age_10yrbands_total,edu_isced97_5,2016,80.652
ecu,sex_m,age_10yrbands_total,edu_isced97_5,2017,81.574
ecu,sex_m,age_10yrbands_total,edu_isced97_5,2018,79.759
ecu,sex_m,age_10yrbands_total,edu_isced97_5,2019,78.178
ecu,sex_m,age_10yrbands_total,edu_isced97_5,2021,76.504
ecu,sex_m,age_10yrbands_total,edu_isced97_5,2022,78.371
ecu,sex_m,age_10yrbands_total,edu_isced97_5,2023,76.414
ecu,sex_m,age_10yrbands_total,edu_isced97_5,2024,77.074
ecu,sex_m,age_10yrbands_total,edu_isced97_6,2001,93.019
ecu,sex_m,age_10yrbands_total,edu_isced97_6,2003,95.526
ecu,sex_m,age_10yrbands_total,edu_isced97_6,2004,93.404
ecu,sex_m,age_10yrbands_total,edu_isced97_6,2005,94.091
ecu,sex_m,age_10yrbands_total,edu_isced97_6,2006,96.597
ecu,sex_m,age_10yrbands_total,edu_isced97_6,2007,94.766
ecu,sex_m,age_10yrbands_total,edu_isced97_6,2008,93.564
ecu,sex_m,age_10yrbands_total,edu_isced97_6,2009,94.006
ecu,sex_m,age_10yrbands_total,edu_isced97_6,2010,89.904
ecu,sex_m,age_10yrbands_total,edu_isced97_6,2011,87.938
ecu,sex_m,age_10yrbands_total,edu_isced97_6,2012,92.516
ecu,sex_m,age_10yrbands_total,edu_isced97_6,2013,93.627
ecu,sex_m,age_10yrbands_total,edu_isced97_6,2014,90.799
ecu,sex_m,age_10yrbands_total,edu_isced97_6,2015,90.954
ecu,sex_m,age_10yrbands_total,edu_isced97_6,2016,90.238
ecu,sex_m,age_10yrbands_total,edu_isced97_6,2017,87.425
ecu,sex_m,age_10yrbands_total,edu_isced97_6,2018,87.235
ecu,sex_m,age_10yrbands_total,edu_isced97_6,2019,85.529
ecu,sex_m,age_10yrbands_total,edu_isced97_6,2021,84.52
ecu,sex_m,age_10yrbands_total,edu_isced97_6,2022,84.044
ecu,sex_m,age_10yrbands_total,edu_isced97_6,2023,84.649
ecu,sex_m,age_10yrbands_total,edu_isced97_6,2024,85.134
ecu,sex_m,age_10yrbands_total,edu_isced97_total,2000,78.432
ecu,sex_m,age_10yrbands_total,edu_isced97_total,2001,81.264
ecu,sex_m,age_10yrbands_total,edu_isced97_total,2003,77.51
ecu,sex_m,age_10yrbands_total,edu_isced97_total,2004,79.014
ecu,sex_m,age_10yrbands_total,edu_isced97_total,2005,79.83
ecu,sex_m,age_10yrbands_total,edu_isced97_total,2006,81.173
ecu,sex_m,age_10yrbands_total,edu_isced97_total,2007,79.984
ecu,sex_m,age_10yrbands_total,edu_isced97_total,2008,79.051
ecu,sex_m,age_10yrbands_total,edu_isced97_total,2009,76.035
ecu,sex_m,age_10yrbands_total,edu_isced97_total,2010,75.305
ecu,sex_m,age_10yrbands_total,edu_isced97_total,2011,74.984
ecu,sex_m,age_10yrbands_total,edu_isced97_total,2012,75.274
ecu,sex_m,age_10yrbands_total,edu_isced97_total,2013,74.896
ecu,sex_m,age_10yrbands_total,edu_isced97_total,2014,75.861
ecu,sex_m,age_10yrbands_total,edu_isced97_total,2015,77.637
ecu,sex_m,age_10yrbands_total,edu_isced97_total,2016,77.51
ecu,sex_m,age_10yrbands_total,edu_isced97_total,2017,78.192
ecu,sex_m,age_10yrbands_total,edu_isced97_total,2018,76.966
ecu,sex_m,age_10yrbands_total,edu_isced97_total,2019,75.801
ecu,sex_m,age_10yrbands_total,edu_isced97_total,2021,75.316
ecu,sex_m,age_10yrbands_total,edu_isced97_total,2022,75.326
ecu,sex_m,age_10yrbands_total,edu_isced97_total,2023,75.059
ecu,sex_m,age_10yrbands_total,edu_isced97_total,2024,74.94
ecu,sex_m,age_10yrbands_total,edu_isced97_unk,2001,52.256
ecu,sex_m,age_10yrbands_total,edu_isced97_unk,2007,93.211
ecu,sex_m,age_10yrbands_total,edu_isced97_unk,2008,100
ecu,sex_m,age_10yrbands_total,edu_isced97_unk,2015,58.827
ecu,sex_m,age_10yrbands_total,edu_isced97_unk,2016,84.646
ecu,sex_m,age_10yrbands_total,edu_isced97_unk,2017,71.571
ecu,sex_m,age_10yrbands_total,edu_isced97_unk,2018,79.77
ecu,sex_m,age_10yrbands_total,edu_isced97_unk,2019,79.753
ecu,sex_m,age_10yrbands_total,edu_isced97_unk,2021,76.631
ecu,sex_m,age_10yrbands_total,edu_isced97_unk,2022,67.899
ecu,sex_m,age_10yrbands_total,edu_isced97_unk,2023,88.35
ecu,sex_m,age_10yrbands_total,edu_isced97_unk,2024,84.629
ecu,sex_m,age_10yrbands_total,edu_isced97_x,2000,75.367
ecu,sex_m,age_10yrbands_total,edu_isced97_x,2001,74.258
ecu,sex_m,age_10yrbands_total,edu_isced97_x,2003,73.043
ecu,sex_m,age_10yrbands_total,edu_isced97_x,2004,73.171
ecu,sex_m,age_10yrbands_total,edu_isced97_x,2005,75.72
ecu,sex_m,age_10yrbands_total,edu_isced97_x,2006,74.889
ecu,sex_m,age_10yrbands_total,edu_isced97_x,2007,71.249
ecu,sex_m,age_10yrbands_total,edu_isced97_x,2008,68.41
ecu,sex_m,age_10yrbands_total,edu_isced97_x,2009,65.133
ecu,sex_m,age_10yrbands_total,edu_isced97_x,2010,64.585
ecu,sex_m,age_10yrbands_total,edu_isced97_x,2011,65.842
ecu,sex_m,age_10yrbands_total,edu_isced97_x,2012,64.36
ecu,sex_m,age_10yrbands_total,edu_isced97_x,2013,62.788
ecu,sex_m,age_10yrbands_total,edu_isced97_x,2014,63.655
ecu,sex_m,age_10yrbands_total,edu_isced97_x,2015,65.016
ecu,sex_m,age_10yrbands_total,edu_isced97_x,2016,63.299
ecu,sex_m,age_10yrbands_total,edu_isced97_x,2017,64.544
ecu,sex_m,age_10yrbands_total,edu_isced97_x,2018,66.546
ecu,sex_m,age_10yrbands_total,edu_isced97_x,2019,64.526
ecu,sex_m,age_10yrbands_total,edu_isced97_x,2021,55.418
ecu,sex_m,age_10yrbands_total,edu_isced97_x,2022,53.918
ecu,sex_m,age_10yrbands_total,edu_isced97_x,2023,55.752
ecu,sex_m,age_10yrbands_total,edu_isced97_x,2024,51.816
ecu,sex_m,age_10yrbands_y15_24,edu_aggregate_adv,2000,42.849
ecu,sex_m,age_10yrbands_y15_24,edu_aggregate_adv,2001,43.735
ecu,sex_m,age_10yrbands_y15_24,edu_aggregate_adv,2003,49.012
ecu,sex_m,age_10yrbands_y15_24,edu_aggregate_adv,2004,43.714
ecu,sex_m,age_10yrbands_y15_24,edu_aggregate_adv,2005,50.304
ecu,sex_m,age_10yrbands_y15_24,edu_aggregate_adv,2006,48.07
ecu,sex_m,age_10yrbands_y15_24,edu_aggregate_adv,2007,50.952
ecu,sex_m,age_10yrbands_y15_24,edu_aggregate_adv,2008,50.077
ecu,sex_m,age_10yrbands_y15_24,edu_aggregate_adv,2009,41.785
ecu,sex_m,age_10yrbands_y15_24,edu_aggregate_adv,2010,39.426
ecu,sex_m,age_10yrbands_y15_24,edu_aggregate_adv,2011,44.326
ecu,sex_m,age_10yrbands_y15_24,edu_aggregate_adv,2012,46.114
ecu,sex_m,age_10yrbands_y15_24,edu_aggregate_adv,2013,48.818
ecu,sex_m,age_10yrbands_y15_24,edu_aggregate_adv,2014,45.775
ecu,sex_m,age_10yrbands_y15_24,edu_aggregate_adv,2015,46.368
ecu,sex_m,age_10yrbands_y15_24,edu_aggregate_adv,2016,42.256
ecu,sex_m,age_10yrbands_y15_24,edu_aggregate_adv,2017,45.912
ecu,sex_m,age_10yrbands_y15_24,edu_aggregate_adv,2018,41.004
ecu,sex_m,age_10yrbands_y15_24,edu_aggregate_adv,2019,40.123
ecu,sex_m,age_10yrbands_y15_24,edu_aggregate_adv,2021,38.035
ecu,sex_m,age_10yrbands_y15_24,edu_aggregate_adv,2022,43.055
ecu,sex_m,age_10yrbands_y15_24,edu_aggregate_adv,2023,40.12
ecu,sex_m,age_10yrbands_y15_24,edu_aggregate_adv,2024,41.407
ecu,sex_m,age_10yrbands_y15_24,edu_aggregate_bas,2000,78.792
ecu,sex_m,age_10yrbands_y15_24,edu_aggregate_bas,2001,82.97
ecu,sex_m,age_10yrbands_y15_24,edu_aggregate_bas,2003,59.83
ecu,sex_m,age_10yrbands_y15_24,edu_aggregate_bas,2004,61.24
ecu,sex_m,age_10yrbands_y15_24,edu_aggregate_bas,2005,63.163
ecu,sex_m,age_10yrbands_y15_24,edu_aggregate_bas,2006,66.807
ecu,sex_m,age_10yrbands_y15_24,edu_aggregate_bas,2007,56.848
ecu,sex_m,age_10yrbands_y15_24,edu_aggregate_bas,2008,55.81
ecu,sex_m,age_10yrbands_y15_24,edu_aggregate_bas,2009,51.85
ecu,sex_m,age_10yrbands_y15_24,edu_aggregate_bas,2010,48.493
ecu,sex_m,age_10yrbands_y15_24,edu_aggregate_bas,2011,44.547
ecu,sex_m,age_10yrbands_y15_24,edu_aggregate_bas,2012,44.068
ecu,sex_m,age_10yrbands_y15_24,edu_aggregate_bas,2013,41.472
ecu,sex_m,age_10yrbands_y15_24,edu_aggregate_bas,2014,41.095
ecu,sex_m,age_10yrbands_y15_24,edu_aggregate_bas,2015,42.33
ecu,sex_m,age_10yrbands_y15_24,edu_aggregate_bas,2016,43.199
ecu,sex_m,age_10yrbands_y15_24,edu_aggregate_bas,2017,43.4
ecu,sex_m,age_10yrbands_y15_24,edu_aggregate_bas,2018,41.295
ecu,sex_m,age_10yrbands_y15_24,edu_aggregate_bas,2019,40.054
ecu,sex_m,age_10yrbands_y15_24,edu_aggregate_bas,2021,43.043
ecu,sex_m,age_10yrbands_y15_24,edu_aggregate_bas,2022,38.805
ecu,sex_m,age_10yrbands_y15_24,edu_aggregate_bas,2023,36.575
ecu,sex_m,age_10yrbands_y15_24,edu_aggregate_bas,2024,38.111
ecu,sex_m,age_10yrbands_y15_24,edu_aggregate_int,2000,43.768
ecu,sex_m,age_10yrbands_y15_24,edu_aggregate_int,2001,52.14
ecu,sex_m,age_10yrbands_y15_24,edu_aggregate_int,2003,38.332
ecu,sex_m,age_10yrbands_y15_24,edu_aggregate_int,2004,41.358
ecu,sex_m,age_10yrbands_y15_24,edu_aggregate_int,2005,37.694
ecu,sex_m,age_10yrbands_y15_24,edu_aggregate_int,2006,40.666
ecu,sex_m,age_10yrbands_y15_24,edu_aggregate_int,2007,55.899
ecu,sex_m,age_10yrbands_y15_24,edu_aggregate_int,2008,57.145
ecu,sex_m,age_10yrbands_y15_24,edu_aggregate_int,2009,55.926
ecu,sex_m,age_10yrbands_y15_24,edu_aggregate_int,2010,53.839
ecu,sex_m,age_10yrbands_y15_24,edu_aggregate_int,2011,54.948
ecu,sex_m,age_10yrbands_y15_24,edu_aggregate_int,2012,58.258
ecu,sex_m,age_10yrbands_y15_24,edu_aggregate_int,2013,55.15
ecu,sex_m,age_10yrbands_y15_24,edu_aggregate_int,2014,57.496
ecu,sex_m,age_10yrbands_y15_24,edu_aggregate_int,2015,58.981
ecu,sex_m,age_10yrbands_y15_24,edu_aggregate_int,2016,59.942
ecu,sex_m,age_10yrbands_y15_24,edu_aggregate_int,2017,62.365
ecu,sex_m,age_10yrbands_y15_24,edu_aggregate_int,2018,62.029
ecu,sex_m,age_10yrbands_y15_24,edu_aggregate_int,2019,61.228
ecu,sex_m,age_10yrbands_y15_24,edu_aggregate_int,2021,64.114
ecu,sex_m,age_10yrbands_y15_24,edu_aggregate_int,2022,64.847
ecu,sex_m,age_10yrbands_y15_24,edu_aggregate_int,2023,63.238
ecu,sex_m,age_10yrbands_y15_24,edu_aggregate_int,2024,63.657
ecu,sex_m,age_10yrbands_y15_24,edu_aggregate_ltb,2000,66.84
ecu,sex_m,age_10yrbands_y15_24,edu_aggregate_ltb,2001,71.394
ecu,sex_m,age_10yrbands_y15_24,edu_aggregate_ltb,2003,61.849
ecu,sex_m,age_10yrbands_y15_24,edu_aggregate_ltb,2004,68.188
ecu,sex_m,age_10yrbands_y15_24,edu_aggregate_ltb,2005,73.044
ecu,sex_m,age_10yrbands_y15_24,edu_aggregate_ltb,2006,72.414
ecu,sex_m,age_10yrbands_y15_24,edu_aggregate_ltb,2007,74.726
ecu,sex_m,age_10yrbands_y15_24,edu_aggregate_ltb,2008,73.435
ecu,sex_m,age_10yrbands_y15_24,edu_aggregate_ltb,2009,66.163
ecu,sex_m,age_10yrbands_y15_24,edu_aggregate_ltb,2010,71.716
ecu,sex_m,age_10yrbands_y15_24,edu_aggregate_ltb,2011,63.768
ecu,sex_m,age_10yrbands_y15_24,edu_aggregate_ltb,2012,63.77
ecu,sex_m,age_10yrbands_y15_24,edu_aggregate_ltb,2013,64.269
ecu,sex_m,age_10yrbands_y15_24,edu_aggregate_ltb,2014,60.237
ecu,sex_m,age_10yrbands_y15_24,edu_aggregate_ltb,2015,63.928
ecu,sex_m,age_10yrbands_y15_24,edu_aggregate_ltb,2016,62.994
ecu,sex_m,age_10yrbands_y15_24,edu_aggregate_ltb,2017,63.369
ecu,sex_m,age_10yrbands_y15_24,edu_aggregate_ltb,2018,62.219
ecu,sex_m,age_10yrbands_y15_24,edu_aggregate_ltb,2019,63.623
ecu,sex_m,age_10yrbands_y15_24,edu_aggregate_ltb,2021,56.462
ecu,sex_m,age_10yrbands_y15_24,edu_aggregate_ltb,2022,56.112
ecu,sex_m,age_10yrbands_y15_24,edu_aggregate_ltb,2023,51.055
ecu,sex_m,age_10yrbands_y15_24,edu_aggregate_ltb,2024,55.714
ecu,sex_m,age_10yrbands_y15_24,edu_aggregate_total,2000,59.26
ecu,sex_m,age_10yrbands_y15_24,edu_aggregate_total,2001,65.331
ecu,sex_m,age_10yrbands_y15_24,edu_aggregate_total,2003,57.575
ecu,sex_m,age_10yrbands_y15_24,edu_aggregate_total,2004,58.922
ecu,sex_m,age_10yrbands_y15_24,edu_aggregate_total,2005,60.137
ecu,sex_m,age_10yrbands_y15_24,edu_aggregate_total,2006,62.803
ecu,sex_m,age_10yrbands_y15_24,edu_aggregate_total,2007,57.865
ecu,sex_m,age_10yrbands_y15_24,edu_aggregate_total,2008,57.17
ecu,sex_m,age_10yrbands_y15_24,edu_aggregate_total,2009,53.414
ecu,sex_m,age_10yrbands_y15_24,edu_aggregate_total,2010,51.093
ecu,sex_m,age_10yrbands_y15_24,edu_aggregate_total,2011,48.981
ecu,sex_m,age_10yrbands_y15_24,edu_aggregate_total,2012,49.987
ecu,sex_m,age_10yrbands_y15_24,edu_aggregate_total,2013,47.63
ecu,sex_m,age_10yrbands_y15_24,edu_aggregate_total,2014,47.887
ecu,sex_m,age_10yrbands_y15_24,edu_aggregate_total,2015,49.269
ecu,sex_m,age_10yrbands_y15_24,edu_aggregate_total,2016,50.1
ecu,sex_m,age_10yrbands_y15_24,edu_aggregate_total,2017,51.442
ecu,sex_m,age_10yrbands_y15_24,edu_aggregate_total,2018,50.27
ecu,sex_m,age_10yrbands_y15_24,edu_aggregate_total,2019,49.428
ecu,sex_m,age_10yrbands_y15_24,edu_aggregate_total,2021,52.481
ecu,sex_m,age_10yrbands_y15_24,edu_aggregate_total,2022,51.25
ecu,sex_m,age_10yrbands_y15_24,edu_aggregate_total,2023,49.444
ecu,sex_m,age_10yrbands_y15_24,edu_aggregate_total,2024,50.194
ecu,sex_m,age_10yrbands_y15_24,edu_aggregate_x,2016,65.125
ecu,sex_m,age_10yrbands_y15_24,edu_aggregate_x,2018,64.228
ecu,sex_m,age_10yrbands_y15_24,edu_isced97_0,2000,78.516
ecu,sex_m,age_10yrbands_y15_24,edu_isced97_0,2001,70.892
ecu,sex_m,age_10yrbands_y15_24,edu_isced97_0,2003,71.24
ecu,sex_m,age_10yrbands_y15_24,edu_isced97_0,2004,79.904
ecu,sex_m,age_10yrbands_y15_24,edu_isced97_0,2005,76.159
ecu,sex_m,age_10yrbands_y15_24,edu_isced97_0,2006,76.06
ecu,sex_m,age_10yrbands_y15_24,edu_isced97_0,2007,79.384
ecu,sex_m,age_10yrbands_y15_24,edu_isced97_0,2008,79.315
ecu,sex_m,age_10yrbands_y15_24,edu_isced97_0,2009,70.715
ecu,sex_m,age_10yrbands_y15_24,edu_isced97_0,2010,76.001
ecu,sex_m,age_10yrbands_y15_24,edu_isced97_0,2011,69.854
ecu,sex_m,age_10yrbands_y15_24,edu_isced97_0,2012,72.94
ecu,sex_m,age_10yrbands_y15_24,edu_isced97_0,2013,74.414
ecu,sex_m,age_10yrbands_y15_24,edu_isced97_0,2014,67.325
ecu,sex_m,age_10yrbands_y15_24,edu_isced97_0,2015,72.996
ecu,sex_m,age_10yrbands_y15_24,edu_isced97_0,2016,74.105
ecu,sex_m,age_10yrbands_y15_24,edu_isced97_0,2017,73.158
ecu,sex_m,age_10yrbands_y15_24,edu_isced97_0,2018,72.336
ecu,sex_m,age_10yrbands_y15_24,edu_isced97_0,2019,73.181
ecu,sex_m,age_10yrbands_y15_24,edu_isced97_0,2021,68.781
ecu,sex_m,age_10yrbands_y15_24,edu_isced97_0,2022,70.638
ecu,sex_m,age_10yrbands_y15_24,edu_isced97_0,2023,55.36
ecu,sex_m,age_10yrbands_y15_24,edu_isced97_0,2024,62.125
ecu,sex_m,age_10yrbands_y15_24,edu_isced97_1,2000,80.348
ecu,sex_m,age_10yrbands_y15_24,edu_isced97_1,2001,83.439
ecu,sex_m,age_10yrbands_y15_24,edu_isced97_1,2003,73.955
ecu,sex_m,age_10yrbands_y15_24,edu_isced97_1,2004,75.862
ecu,sex_m,age_10yrbands_y15_24,edu_isced97_1,2005,70.317
ecu,sex_m,age_10yrbands_y15_24,edu_isced97_1,2006,71.408
ecu,sex_m,age_10yrbands_y15_24,edu_isced97_1,2007,76.423
ecu,sex_m,age_10yrbands_y15_24,edu_isced97_1,2008,75.105
ecu,sex_m,age_10yrbands_y15_24,edu_isced97_1,2009,70.35
ecu,sex_m,age_10yrbands_y15_24,edu_isced97_1,2010,70.556
ecu,sex_m,age_10yrbands_y15_24,edu_isced97_1,2011,67.44
ecu,sex_m,age_10yrbands_y15_24,edu_isced97_1,2012,66.936
ecu,sex_m,age_10yrbands_y15_24,edu_isced97_1,2013,63.402
ecu,sex_m,age_10yrbands_y15_24,edu_isced97_1,2014,64.842
ecu,sex_m,age_10yrbands_y15_24,edu_isced97_1,2015,64.629
ecu,sex_m,age_10yrbands_y15_24,edu_isced97_1,2016,66.034
ecu,sex_m,age_10yrbands_y15_24,edu_isced97_1,2017,65.946
ecu,sex_m,age_10yrbands_y15_24,edu_isced97_1,2018,63.79
ecu,sex_m,age_10yrbands_y15_24,edu_isced97_1,2019,63.061
ecu,sex_m,age_10yrbands_y15_24,edu_isced97_1,2021,64.183
ecu,sex_m,age_10yrbands_y15_24,edu_isced97_1,2022,62.525
ecu,sex_m,age_10yrbands_y15_24,edu_isced97_1,2023,62.558
ecu,sex_m,age_10yrbands_y15_24,edu_isced97_1,2024,62.675
ecu,sex_m,age_10yrbands_y15_24,edu_isced97_2,2000,78.546
ecu,sex_m,age_10yrbands_y15_24,edu_isced97_2,2001,82.896
ecu,sex_m,age_10yrbands_y15_24,edu_isced97_2,2003,46.524
ecu,sex_m,age_10yrbands_y15_24,edu_isced97_2,2004,47.841
ecu,sex_m,age_10yrbands_y15_24,edu_isced97_2,2005,54.662
ecu,sex_m,age_10yrbands_y15_24,edu_isced97_2,2006,60.886
ecu,sex_m,age_10yrbands_y15_24,edu_isced97_2,2007,38.427
ecu,sex_m,age_10yrbands_y15_24,edu_isced97_2,2008,39.042
ecu,sex_m,age_10yrbands_y15_24,edu_isced97_2,2009,36.715
ecu,sex_m,age_10yrbands_y15_24,edu_isced97_2,2010,32.15
ecu,sex_m,age_10yrbands_y15_24,edu_isced97_2,2011,29.208
ecu,sex_m,age_10yrbands_y15_24,edu_isced97_2,2012,30.691
ecu,sex_m,age_10yrbands_y15_24,edu_isced97_2,2013,28.678
ecu,sex_m,age_10yrbands_y15_24,edu_isced97_2,2014,27.684
ecu,sex_m,age_10yrbands_y15_24,edu_isced97_2,2015,30.344
ecu,sex_m,age_10yrbands_y15_24,edu_isced97_2,2016,33.408
ecu,sex_m,age_10yrbands_y15_24,edu_isced97_2,2017,35.099
ecu,sex_m,age_10yrbands_y15_24,edu_isced97_2,2018,33.341
ecu,sex_m,age_10yrbands_y15_24,edu_isced97_2,2019,32.694
ecu,sex_m,age_10yrbands_y15_24,edu_isced97_2,2021,36.295
ecu,sex_m,age_10yrbands_y15_24,edu_isced97_2,2022,31.912
ecu,sex_m,age_10yrbands_y15_24,edu_isced97_2,2023,29.144
ecu,sex_m,age_10yrbands_y15_24,edu_isced97_2,2024,31.143
ecu,sex_m,age_10yrbands_y15_24,edu_isced97_3,2000,43.768
ecu,sex_m,age_10yrbands_y15_24,edu_isced97_3,2001,52.14
ecu,sex_m,age_10yrbands_y15_24,edu_isced97_3,2003,37.785
ecu,sex_m,age_10yrbands_y15_24,edu_isced97_3,2004,40.455
ecu,sex_m,age_10yrbands_y15_24,edu_isced97_3,2005,36.553
ecu,sex_m,age_10yrbands_y15_24,edu_isced97_3,2006,40.53
ecu,sex_m,age_10yrbands_y15_24,edu_isced97_3,2007,55.707
ecu,sex_m,age_10yrbands_y15_24,edu_isced97_3,2008,57.117
ecu,sex_m,age_10yrbands_y15_24,edu_isced97_3,2009,55.878
ecu,sex_m,age_10yrbands_y15_24,edu_isced97_3,2010,53.669
ecu,sex_m,age_10yrbands_y15_24,edu_isced97_3,2011,54.798
ecu,sex_m,age_10yrbands_y15_24,edu_isced97_3,2012,58.225
ecu,sex_m,age_10yrbands_y15_24,edu_isced97_3,2013,54.907
ecu,sex_m,age_10yrbands_y15_24,edu_isced97_3,2014,57.532
ecu,sex_m,age_10yrbands_y15_24,edu_isced97_3,2015,58.781
ecu,sex_m,age_10yrbands_y15_24,edu_isced97_3,2016,59.812
ecu,sex_m,age_10yrbands_y15_24,edu_isced97_3,2017,62.277
ecu,sex_m,age_10yrbands_y15_24,edu_isced97_3,2018,61.915
ecu,sex_m,age_10yrbands_y15_24,edu_isced97_3,2019,61.137
ecu,sex_m,age_10yrbands_y15_24,edu_isced97_3,2021,63.855
ecu,sex_m,age_10yrbands_y15_24,edu_isced97_3,2022,64.647
ecu,sex_m,age_10yrbands_y15_24,edu_isced97_3,2023,63.124
ecu,sex_m,age_10yrbands_y15_24,edu_isced97_3,2024,63.548
ecu,sex_m,age_10yrbands_y15_24,edu_isced97_4,2003,53.01
ecu,sex_m,age_10yrbands_y15_24,edu_isced97_4,2004,71.332
ecu,sex_m,age_10yrbands_y15_24,edu_isced97_4,2005,68.708
ecu,sex_m,age_10yrbands_y15_24,edu_isced97_4,2006,48.718
ecu,sex_m,age_10yrbands_y15_24,edu_isced97_4,2007,87.401
ecu,sex_m,age_10yrbands_y15_24,edu_isced97_4,2008,65.74
ecu,sex_m,age_10yrbands_y15_24,edu_isced97_4,2009,78.046
ecu,sex_m,age_10yrbands_y15_24,edu_isced97_4,2010,75.321
ecu,sex_m,age_10yrbands_y15_24,edu_isced97_4,2011,80.321
ecu,sex_m,age_10yrbands_y15_24,edu_isced97_4,2012,63.916
ecu,sex_m,age_10yrbands_y15_24,edu_isced97_4,2013,87.131
ecu,sex_m,age_10yrbands_y15_24,edu_isced97_4,2014,52.167
ecu,sex_m,age_10yrbands_y15_24,edu_isced97_4,2015,81.134
ecu,sex_m,age_10yrbands_y15_24,edu_isced97_4,2016,72.829
ecu,sex_m,age_10yrbands_y15_24,edu_isced97_4,2017,71.211
ecu,sex_m,age_10yrbands_y15_24,edu_isced97_4,2018,78.511
ecu,sex_m,age_10yrbands_y15_24,edu_isced97_4,2019,73.696
ecu,sex_m,age_10yrbands_y15_24,edu_isced97_4,2021,79.194
ecu,sex_m,age_10yrbands_y15_24,edu_isced97_4,2022,76.937
ecu,sex_m,age_10yrbands_y15_24,edu_isced97_4,2023,67.986
ecu,sex_m,age_10yrbands_y15_24,edu_isced97_4,2024,68.25
ecu,sex_m,age_10yrbands_y15_24,edu_isced97_5,2000,42.849
ecu,sex_m,age_10yrbands_y15_24,edu_isced97_5,2001,44.022
ecu,sex_m,age_10yrbands_y15_24,edu_isced97_5,2003,49.091
ecu,sex_m,age_10yrbands_y15_24,edu_isced97_5,2004,43.746
ecu,sex_m,age_10yrbands_y15_24,edu_isced97_5,2005,50.366
ecu,sex_m,age_10yrbands_y15_24,edu_isced97_5,2006,48.07
ecu,sex_m,age_10yrbands_y15_24,edu_isced97_5,2007,50.425
ecu,sex_m,age_10yrbands_y15_24,edu_isced97_5,2008,50.077
ecu,sex_m,age_10yrbands_y15_24,edu_isced97_5,2009,41.785
ecu,sex_m,age_10yrbands_y15_24,edu_isced97_5,2010,39.426
ecu,sex_m,age_10yrbands_y15_24,edu_isced97_5,2011,44.391
ecu,sex_m,age_10yrbands_y15_24,edu_isced97_5,2012,45.874
ecu,sex_m,age_10yrbands_y15_24,edu_isced97_5,2013,48.614
ecu,sex_m,age_10yrbands_y15_24,edu_isced97_5,2014,45.759
ecu,sex_m,age_10yrbands_y15_24,edu_isced97_5,2015,46.266
ecu,sex_m,age_10yrbands_y15_24,edu_isced97_5,2016,42.243
ecu,sex_m,age_10yrbands_y15_24,edu_isced97_5,2017,45.971
ecu,sex_m,age_10yrbands_y15_24,edu_isced97_5,2018,41.037
ecu,sex_m,age_10yrbands_y15_24,edu_isced97_5,2019,40.067
ecu,sex_m,age_10yrbands_y15_24,edu_isced97_5,2021,38.065
ecu,sex_m,age_10yrbands_y15_24,edu_isced97_5,2022,42.885
ecu,sex_m,age_10yrbands_y15_24,edu_isced97_5,2023,39.922
ecu,sex_m,age_10yrbands_y15_24,edu_isced97_5,2024,41.291
ecu,sex_m,age_10yrbands_y15_24,edu_isced97_6,2015,100
ecu,sex_m,age_10yrbands_y15_24,edu_isced97_6,2023,67.8
ecu,sex_m,age_10yrbands_y15_24,edu_isced97_6,2024,68.946
ecu,sex_m,age_10yrbands_y15_24,edu_isced97_total,2000,59.26
ecu,sex_m,age_10yrbands_y15_24,edu_isced97_total,2001,65.331
ecu,sex_m,age_10yrbands_y15_24,edu_isced97_total,2003,57.575
ecu,sex_m,age_10yrbands_y15_24,edu_isced97_total,2004,58.922
ecu,sex_m,age_10yrbands_y15_24,edu_isced97_total,2005,60.137
ecu,sex_m,age_10yrbands_y15_24,edu_isced97_total,2006,62.803
ecu,sex_m,age_10yrbands_y15_24,edu_isced97_total,2007,57.865
ecu,sex_m,age_10yrbands_y15_24,edu_isced97_total,2008,57.17
ecu,sex_m,age_10yrbands_y15_24,edu_isced97_total,2009,53.414
ecu,sex_m,age_10yrbands_y15_24,edu_isced97_total,2010,51.093
ecu,sex_m,age_10yrbands_y15_24,edu_isced97_total,2011,48.981
ecu,sex_m,age_10yrbands_y15_24,edu_isced97_total,2012,49.987
ecu,sex_m,age_10yrbands_y15_24,edu_isced97_total,2013,47.63
ecu,sex_m,age_10yrbands_y15_24,edu_isced97_total,2014,47.887
ecu,sex_m,age_10yrbands_y15_24,edu_isced97_total,2015,49.269
ecu,sex_m,age_10yrbands_y15_24,edu_isced97_total,2016,50.1
ecu,sex_m,age_10yrbands_y15_24,edu_isced97_total,2017,51.442
ecu,sex_m,age_10yrbands_y15_24,edu_isced97_total,2018,50.27
ecu,sex_m,age_10yrbands_y15_24,edu_isced97_total,2019,49.428
ecu,sex_m,age_10yrbands_y15_24,edu_isced97_total,2021,52.481
ecu,sex_m,age_10yrbands_y15_24,edu_isced97_total,2022,51.25
ecu,sex_m,age_10yrbands_y15_24,edu_isced97_total,2023,49.444
ecu,sex_m,age_10yrbands_y15_24,edu_isced97_total,2024,50.194
ecu,sex_m,age_10yrbands_y15_24,edu_isced97_unk,2016,65.125
ecu,sex_m,age_10yrbands_y15_24,edu_isced97_unk,2018,64.228
ecu,sex_m,age_10yrbands_y15_24,edu_isced97_x,2000,55.334
ecu,sex_m,age_10yrbands_y15_24,edu_isced97_x,2001,72.425
ecu,sex_m,age_10yrbands_y15_24,edu_isced97_x,2003,50.883
ecu,sex_m,age_10yrbands_y15_24,edu_isced97_x,2004,54.826
ecu,sex_m,age_10yrbands_y15_24,edu_isced97_x,2005,69.775
ecu,sex_m,age_10yrbands_y15_24,edu_isced97_x,2006,69.015
ecu,sex_m,age_10yrbands_y15_24,edu_isced97_x,2007,51.104
ecu,sex_m,age_10yrbands_y15_24,edu_isced97_x,2008,44.317
ecu,sex_m,age_10yrbands_y15_24,edu_isced97_x,2009,41.044
ecu,sex_m,age_10yrbands_y15_24,edu_isced97_x,2010,49.914
ecu,sex_m,age_10yrbands_y15_24,edu_isced97_x,2011,36.057
ecu,sex_m,age_10yrbands_y15_24,edu_isced97_x,2012,28.186
ecu,sex_m,age_10yrbands_y15_24,edu_isced97_x,2013,27.916
ecu,sex_m,age_10yrbands_y15_24,edu_isced97_x,2014,29.484
ecu,sex_m,age_10yrbands_y15_24,edu_isced97_x,2015,23.496
ecu,sex_m,age_10yrbands_y15_24,edu_isced97_x,2016,20.811
ecu,sex_m,age_10yrbands_y15_24,edu_isced97_x,2017,28.167
ecu,sex_m,age_10yrbands_y15_24,edu_isced97_x,2018,22.999
ecu,sex_m,age_10yrbands_y15_24,edu_isced97_x,2019,30.706
ecu,sex_m,age_10yrbands_y15_24,edu_isced97_x,2021,19.9
ecu,sex_m,age_10yrbands_y15_24,edu_isced97_x,2022,9.32
ecu,sex_m,age_10yrbands_y15_24,edu_isced97_x,2023,37.51
ecu,sex_m,age_10yrbands_y15_24,edu_isced97_x,2024,33.048
ecu,sex_m,age_10yrbands_y25_34,edu_aggregate_adv,2000,88.708
ecu,sex_m,age_10yrbands_y25_34,edu_aggregate_adv,2001,88.929
ecu,sex_m,age_10yrbands_y25_34,edu_aggregate_adv,2003,83.564
ecu,sex_m,age_10yrbands_y25_34,edu_aggregate_adv,2004,86.141
ecu,sex_m,age_10yrbands_y25_34,edu_aggregate_adv,2005,87.25
ecu,sex_m,age_10yrbands_y25_34,edu_aggregate_adv,2006,87.722
ecu,sex_m,age_10yrbands_y25_34,edu_aggregate_adv,2007,87.344
ecu,sex_m,age_10yrbands_y25_34,edu_aggregate_adv,2008,88.03
ecu,sex_m,age_10yrbands_y25_34,edu_aggregate_adv,2009,83.618
ecu,sex_m,age_10yrbands_y25_34,edu_aggregate_adv,2010,82.15
ecu,sex_m,age_10yrbands_y25_34,edu_aggregate_adv,2011,84.874
ecu,sex_m,age_10yrbands_y25_34,edu_aggregate_adv,2012,83.698
ecu,sex_m,age_10yrbands_y25_34,edu_aggregate_adv,2013,85.056
ecu,sex_m,age_10yrbands_y25_34,edu_aggregate_adv,2014,87.313
ecu,sex_m,age_10yrbands_y25_34,edu_aggregate_adv,2015,86.768
ecu,sex_m,age_10yrbands_y25_34,edu_aggregate_adv,2016,85.761
ecu,sex_m,age_10yrbands_y25_34,edu_aggregate_adv,2017,85.147
ecu,sex_m,age_10yrbands_y25_34,edu_aggregate_adv,2018,84.464
ecu,sex_m,age_10yrbands_y25_34,edu_aggregate_adv,2019,82.8
ecu,sex_m,age_10yrbands_y25_34,edu_aggregate_adv,2021,82.247
ecu,sex_m,age_10yrbands_y25_34,edu_aggregate_adv,2022,84.309
ecu,sex_m,age_10yrbands_y25_34,edu_aggregate_adv,2023,83.47
ecu,sex_m,age_10yrbands_y25_34,edu_aggregate_adv,2024,84.417
ecu,sex_m,age_10yrbands_y25_34,edu_aggregate_bas,2000,96.222
ecu,sex_m,age_10yrbands_y25_34,edu_aggregate_bas,2001,93.889
ecu,sex_m,age_10yrbands_y25_34,edu_aggregate_bas,2003,92.786
ecu,sex_m,age_10yrbands_y25_34,edu_aggregate_bas,2004,93.472
ecu,sex_m,age_10yrbands_y25_34,edu_aggregate_bas,2005,94.74
ecu,sex_m,age_10yrbands_y25_34,edu_aggregate_bas,2006,95.326
ecu,sex_m,age_10yrbands_y25_34,edu_aggregate_bas,2007,95.665
ecu,sex_m,age_10yrbands_y25_34,edu_aggregate_bas,2008,96.107
ecu,sex_m,age_10yrbands_y25_34,edu_aggregate_bas,2009,92.21
ecu,sex_m,age_10yrbands_y25_34,edu_aggregate_bas,2010,93.73
ecu,sex_m,age_10yrbands_y25_34,edu_aggregate_bas,2011,94.941
ecu,sex_m,age_10yrbands_y25_34,edu_aggregate_bas,2012,94.312
ecu,sex_m,age_10yrbands_y25_34,edu_aggregate_bas,2013,95.597
ecu,sex_m,age_10yrbands_y25_34,edu_aggregate_bas,2014,95.156
ecu,sex_m,age_10yrbands_y25_34,edu_aggregate_bas,2015,95.991
ecu,sex_m,age_10yrbands_y25_34,edu_aggregate_bas,2016,95.178
ecu,sex_m,age_10yrbands_y25_34,edu_aggregate_bas,2017,95.44
ecu,sex_m,age_10yrbands_y25_34,edu_aggregate_bas,2018,95.259
ecu,sex_m,age_10yrbands_y25_34,edu_aggregate_bas,2019,94.96
ecu,sex_m,age_10yrbands_y25_34,edu_aggregate_bas,2021,93.916
ecu,sex_m,age_10yrbands_y25_34,edu_aggregate_bas,2022,93.219
ecu,sex_m,age_10yrbands_y25_34,edu_aggregate_bas,2023,93.563
ecu,sex_m,age_10yrbands_y25_34,edu_aggregate_bas,2024,94.45
ecu,sex_m,age_10yrbands_y25_34,edu_aggregate_int,2000,91.996
ecu,sex_m,age_10yrbands_y25_34,edu_aggregate_int,2001,93.832
ecu,sex_m,age_10yrbands_y25_34,edu_aggregate_int,2003,80.826
ecu,sex_m,age_10yrbands_y25_34,edu_aggregate_int,2004,86.87
ecu,sex_m,age_10yrbands_y25_34,edu_aggregate_int,2005,90.484
ecu,sex_m,age_10yrbands_y25_34,edu_aggregate_int,2006,86.481
ecu,sex_m,age_10yrbands_y25_34,edu_aggregate_int,2007,93.488
ecu,sex_m,age_10yrbands_y25_34,edu_aggregate_int,2008,91.962
ecu,sex_m,age_10yrbands_y25_34,edu_aggregate_int,2009,90.775
ecu,sex_m,age_10yrbands_y25_34,edu_aggregate_int,2010,90.299
ecu,sex_m,age_10yrbands_y25_34,edu_aggregate_int,2011,90.784
ecu,sex_m,age_10yrbands_y25_34,edu_aggregate_int,2012,89.659
ecu,sex_m,age_10yrbands_y25_34,edu_aggregate_int,2013,92.208
ecu,sex_m,age_10yrbands_y25_34,edu_aggregate_int,2014,93.048
ecu,sex_m,age_10yrbands_y25_34,edu_aggregate_int,2015,93.971
ecu,sex_m,age_10yrbands_y25_34,edu_aggregate_int,2016,92.399
ecu,sex_m,age_10yrbands_y25_34,edu_aggregate_int,2017,92.854
ecu,sex_m,age_10yrbands_y25_34,edu_aggregate_int,2018,92.912
ecu,sex_m,age_10yrbands_y25_34,edu_aggregate_int,2019,91.615
ecu,sex_m,age_10yrbands_y25_34,edu_aggregate_int,2021,90.831
ecu,sex_m,age_10yrbands_y25_34,edu_aggregate_int,2022,91.99
ecu,sex_m,age_10yrbands_y25_34,edu_aggregate_int,2023,93.045
ecu,sex_m,age_10yrbands_y25_34,edu_aggregate_int,2024,92.065
ecu,sex_m,age_10yrbands_y25_34,edu_aggregate_ltb,2000,86.429
ecu,sex_m,age_10yrbands_y25_34,edu_aggregate_ltb,2001,87.856
ecu,sex_m,age_10yrbands_y25_34,edu_aggregate_ltb,2003,82.419
ecu,sex_m,age_10yrbands_y25_34,edu_aggregate_ltb,2004,82.994
ecu,sex_m,age_10yrbands_y25_34,edu_aggregate_ltb,2005,85.158
ecu,sex_m,age_10yrbands_y25_34,edu_aggregate_ltb,2006,92.677
ecu,sex_m,age_10yrbands_y25_34,edu_aggregate_ltb,2007,89.956
ecu,sex_m,age_10yrbands_y25_34,edu_aggregate_ltb,2008,88.625
ecu,sex_m,age_10yrbands_y25_34,edu_aggregate_ltb,2009,83.906
ecu,sex_m,age_10yrbands_y25_34,edu_aggregate_ltb,2010,84.626
ecu,sex_m,age_10yrbands_y25_34,edu_aggregate_ltb,2011,81.353
ecu,sex_m,age_10yrbands_y25_34,edu_aggregate_ltb,2012,83.308
ecu,sex_m,age_10yrbands_y25_34,edu_aggregate_ltb,2013,83.773
ecu,sex_m,age_10yrbands_y25_34,edu_aggregate_ltb,2014,87.958
ecu,sex_m,age_10yrbands_y25_34,edu_aggregate_ltb,2015,87.542
ecu,sex_m,age_10yrbands_y25_34,edu_aggregate_ltb,2016,87.337
ecu,sex_m,age_10yrbands_y25_34,edu_aggregate_ltb,2017,83.205
ecu,sex_m,age_10yrbands_y25_34,edu_aggregate_ltb,2018,86.873
ecu,sex_m,age_10yrbands_y25_34,edu_aggregate_ltb,2019,85.313
ecu,sex_m,age_10yrbands_y25_34,edu_aggregate_ltb,2021,80.958
ecu,sex_m,age_10yrbands_y25_34,edu_aggregate_ltb,2022,73.082
ecu,sex_m,age_10yrbands_y25_34,edu_aggregate_ltb,2023,75.988
ecu,sex_m,age_10yrbands_y25_34,edu_aggregate_ltb,2024,70.446
ecu,sex_m,age_10yrbands_y25_34,edu_aggregate_total,2000,93.002
ecu,sex_m,age_10yrbands_y25_34,edu_aggregate_total,2001,92.788
ecu,sex_m,age_10yrbands_y25_34,edu_aggregate_total,2003,90.18
ecu,sex_m,age_10yrbands_y25_34,edu_aggregate_total,2004,91.436
ecu,sex_m,age_10yrbands_y25_34,edu_aggregate_total,2005,92.847
ecu,sex_m,age_10yrbands_y25_34,edu_aggregate_total,2006,93.272
ecu,sex_m,age_10yrbands_y25_34,edu_aggregate_total,2007,93.093
ecu,sex_m,age_10yrbands_y25_34,edu_aggregate_total,2008,92.773
ecu,sex_m,age_10yrbands_y25_34,edu_aggregate_total,2009,89.41
ecu,sex_m,age_10yrbands_y25_34,edu_aggregate_total,2010,89.477
ecu,sex_m,age_10yrbands_y25_34,edu_aggregate_total,2011,90.44
ecu,sex_m,age_10yrbands_y25_34,edu_aggregate_total,2012,89.567
ecu,sex_m,age_10yrbands_y25_34,edu_aggregate_total,2013,91.259
ecu,sex_m,age_10yrbands_y25_34,edu_aggregate_total,2014,92.363
ecu,sex_m,age_10yrbands_y25_34,edu_aggregate_total,2015,93.025
ecu,sex_m,age_10yrbands_y25_34,edu_aggregate_total,2016,91.826
ecu,sex_m,age_10yrbands_y25_34,edu_aggregate_total,2017,91.766
ecu,sex_m,age_10yrbands_y25_34,edu_aggregate_total,2018,91.67
ecu,sex_m,age_10yrbands_y25_34,edu_aggregate_total,2019,90.512
ecu,sex_m,age_10yrbands_y25_34,edu_aggregate_total,2021,89.478
ecu,sex_m,age_10yrbands_y25_34,edu_aggregate_total,2022,90.163
ecu,sex_m,age_10yrbands_y25_34,edu_aggregate_total,2023,90.758
ecu,sex_m,age_10yrbands_y25_34,edu_aggregate_total,2024,90.233
ecu,sex_m,age_10yrbands_y25_34,edu_aggregate_x,2021,100
ecu,sex_m,age_10yrbands_y25_34,edu_isced97_0,2000,93.885
ecu,sex_m,age_10yrbands_y25_34,edu_isced97_0,2001,91.92
ecu,sex_m,age_10yrbands_y25_34,edu_isced97_0,2003,86.857
ecu,sex_m,age_10yrbands_y25_34,edu_isced97_0,2004,90.467
ecu,sex_m,age_10yrbands_y25_34,edu_isced97_0,2005,91.128
ecu,sex_m,age_10yrbands_y25_34,edu_isced97_0,2006,98.096
ecu,sex_m,age_10yrbands_y25_34,edu_isced97_0,2007,95.053
ecu,sex_m,age_10yrbands_y25_34,edu_isced97_0,2008,95.446
ecu,sex_m,age_10yrbands_y25_34,edu_isced97_0,2009,92.19
ecu,sex_m,age_10yrbands_y25_34,edu_isced97_0,2010,93.454
ecu,sex_m,age_10yrbands_y25_34,edu_isced97_0,2011,91.787
ecu,sex_m,age_10yrbands_y25_34,edu_isced97_0,2012,94.282
ecu,sex_m,age_10yrbands_y25_34,edu_isced97_0,2013,93.713
ecu,sex_m,age_10yrbands_y25_34,edu_isced97_0,2014,93.205
ecu,sex_m,age_10yrbands_y25_34,edu_isced97_0,2015,91.753
ecu,sex_m,age_10yrbands_y25_34,edu_isced97_0,2016,93.39
ecu,sex_m,age_10yrbands_y25_34,edu_isced97_0,2017,91.13
ecu,sex_m,age_10yrbands_y25_34,edu_isced97_0,2018,94.544
ecu,sex_m,age_10yrbands_y25_34,edu_isced97_0,2019,93.576
ecu,sex_m,age_10yrbands_y25_34,edu_isced97_0,2021,90.639
ecu,sex_m,age_10yrbands_y25_34,edu_isced97_0,2022,85.994
ecu,sex_m,age_10yrbands_y25_34,edu_isced97_0,2023,91.86
ecu,sex_m,age_10yrbands_y25_34,edu_isced97_0,2024,90.185
ecu,sex_m,age_10yrbands_y25_34,edu_isced97_1,2000,95.091
ecu,sex_m,age_10yrbands_y25_34,edu_isced97_1,2001,92.073
ecu,sex_m,age_10yrbands_y25_34,edu_isced97_1,2003,92.007
ecu,sex_m,age_10yrbands_y25_34,edu_isced97_1,2004,93.227
ecu,sex_m,age_10yrbands_y25_34,edu_isced97_1,2005,94.881
ecu,sex_m,age_10yrbands_y25_34,edu_isced97_1,2006,95.978
ecu,sex_m,age_10yrbands_y25_34,edu_isced97_1,2007,96.003
ecu,sex_m,age_10yrbands_y25_34,edu_isced97_1,2008,96.657
ecu,sex_m,age_10yrbands_y25_34,edu_isced97_1,2009,93.712
ecu,sex_m,age_10yrbands_y25_34,edu_isced97_1,2010,95.331
ecu,sex_m,age_10yrbands_y25_34,edu_isced97_1,2011,95.209
ecu,sex_m,age_10yrbands_y25_34,edu_isced97_1,2012,94.531
ecu,sex_m,age_10yrbands_y25_34,edu_isced97_1,2013,95.398
ecu,sex_m,age_10yrbands_y25_34,edu_isced97_1,2014,95.248
ecu,sex_m,age_10yrbands_y25_34,edu_isced97_1,2015,96.272
ecu,sex_m,age_10yrbands_y25_34,edu_isced97_1,2016,95.962
ecu,sex_m,age_10yrbands_y25_34,edu_isced97_1,2017,95.527
ecu,sex_m,age_10yrbands_y25_34,edu_isced97_1,2018,95.548
ecu,sex_m,age_10yrbands_y25_34,edu_isced97_1,2019,95.496
ecu,sex_m,age_10yrbands_y25_34,edu_isced97_1,2021,94.1
ecu,sex_m,age_10yrbands_y25_34,edu_isced97_1,2022,93.635
ecu,sex_m,age_10yrbands_y25_34,edu_isced97_1,2023,94.424
ecu,sex_m,age_10yrbands_y25_34,edu_isced97_1,2024,95.146
ecu,sex_m,age_10yrbands_y25_34,edu_isced97_2,2000,96.429
ecu,sex_m,age_10yrbands_y25_34,edu_isced97_2,2001,94.22
ecu,sex_m,age_10yrbands_y25_34,edu_isced97_2,2003,93.692
ecu,sex_m,age_10yrbands_y25_34,edu_isced97_2,2004,93.751
ecu,sex_m,age_10yrbands_y25_34,edu_isced97_2,2005,94.578
ecu,sex_m,age_10yrbands_y25_34,edu_isced97_2,2006,94.614
ecu,sex_m,age_10yrbands_y25_34,edu_isced97_2,2007,94.823
ecu,sex_m,age_10yrbands_y25_34,edu_isced97_2,2008,94.678
ecu,sex_m,age_10yrbands_y25_34,edu_isced97_2,2009,88.361
ecu,sex_m,age_10yrbands_y25_34,edu_isced97_2,2010,89.812
ecu,sex_m,age_10yrbands_y25_34,edu_isced97_2,2011,94.283
ecu,sex_m,age_10yrbands_y25_34,edu_isced97_2,2012,93.805
ecu,sex_m,age_10yrbands_y25_34,edu_isced97_2,2013,96.08
ecu,sex_m,age_10yrbands_y25_34,edu_isced97_2,2014,94.9
ecu,sex_m,age_10yrbands_y25_34,edu_isced97_2,2015,95.282
ecu,sex_m,age_10yrbands_y25_34,edu_isced97_2,2016,93.158
ecu,sex_m,age_10yrbands_y25_34,edu_isced97_2,2017,95.238
ecu,sex_m,age_10yrbands_y25_34,edu_isced97_2,2018,94.53
ecu,sex_m,age_10yrbands_y25_34,edu_isced97_2,2019,93.677
ecu,sex_m,age_10yrbands_y25_34,edu_isced97_2,2021,93.555
ecu,sex_m,age_10yrbands_y25_34,edu_isced97_2,2022,92.41
ecu,sex_m,age_10yrbands_y25_34,edu_isced97_2,2023,92.033
ecu,sex_m,age_10yrbands_y25_34,edu_isced97_2,2024,93.242
ecu,sex_m,age_10yrbands_y25_34,edu_isced97_3,2000,91.996
ecu,sex_m,age_10yrbands_y25_34,edu_isced97_3,2001,93.832
ecu,sex_m,age_10yrbands_y25_34,edu_isced97_3,2003,79.061
ecu,sex_m,age_10yrbands_y25_34,edu_isced97_3,2004,85.948
ecu,sex_m,age_10yrbands_y25_34,edu_isced97_3,2005,89.918
ecu,sex_m,age_10yrbands_y25_34,edu_isced97_3,2006,85.708
ecu,sex_m,age_10yrbands_y25_34,edu_isced97_3,2007,93.609
ecu,sex_m,age_10yrbands_y25_34,edu_isced97_3,2008,92.058
ecu,sex_m,age_10yrbands_y25_34,edu_isced97_3,2009,90.813
ecu,sex_m,age_10yrbands_y25_34,edu_isced97_3,2010,90.442
ecu,sex_m,age_10yrbands_y25_34,edu_isced97_3,2011,90.988
ecu,sex_m,age_10yrbands_y25_34,edu_isced97_3,2012,89.659
ecu,sex_m,age_10yrbands_y25_34,edu_isced97_3,2013,92.18
ecu,sex_m,age_10yrbands_y25_34,edu_isced97_3,2014,93.039
ecu,sex_m,age_10yrbands_y25_34,edu_isced97_3,2015,93.92
ecu,sex_m,age_10yrbands_y25_34,edu_isced97_3,2016,92.275
ecu,sex_m,age_10yrbands_y25_34,edu_isced97_3,2017,92.72
ecu,sex_m,age_10yrbands_y25_34,edu_isced97_3,2018,92.984
ecu,sex_m,age_10yrbands_y25_34,edu_isced97_3,2019,91.622
ecu,sex_m,age_10yrbands_y25_34,edu_isced97_3,2021,90.997
ecu,sex_m,age_10yrbands_y25_34,edu_isced97_3,2022,92.122
ecu,sex_m,age_10yrbands_y25_34,edu_isced97_3,2023,92.956
ecu,sex_m,age_10yrbands_y25_34,edu_isced97_3,2024,91.981
ecu,sex_m,age_10yrbands_y25_34,edu_isced97_4,2003,89.58
ecu,sex_m,age_10yrbands_y25_34,edu_isced97_4,2004,92.449
ecu,sex_m,age_10yrbands_y25_34,edu_isced97_4,2005,94.509
ecu,sex_m,age_10yrbands_y25_34,edu_isced97_4,2006,91.566
ecu,sex_m,age_10yrbands_y25_34,edu_isced97_4,2007,87.065
ecu,sex_m,age_10yrbands_y25_34,edu_isced97_4,2008,86.723
ecu,sex_m,age_10yrbands_y25_34,edu_isced97_4,2009,87.802
ecu,sex_m,age_10yrbands_y25_34,edu_isced97_4,2010,83.69
ecu,sex_m,age_10yrbands_y25_34,edu_isced97_4,2011,84.383
ecu,sex_m,age_10yrbands_y25_34,edu_isced97_4,2012,89.678
ecu,sex_m,age_10yrbands_y25_34,edu_isced97_4,2013,93.246
ecu,sex_m,age_10yrbands_y25_34,edu_isced97_4,2014,93.395
ecu,sex_m,age_10yrbands_y25_34,edu_isced97_4,2015,95.128
ecu,sex_m,age_10yrbands_y25_34,edu_isced97_4,2016,94.851
ecu,sex_m,age_10yrbands_y25_34,edu_isced97_4,2017,95.254
ecu,sex_m,age_10yrbands_y25_34,edu_isced97_4,2018,91.677
ecu,sex_m,age_10yrbands_y25_34,edu_isced97_4,2019,91.49
ecu,sex_m,age_10yrbands_y25_34,edu_isced97_4,2021,88.318
ecu,sex_m,age_10yrbands_y25_34,edu_isced97_4,2022,89.992
ecu,sex_m,age_10yrbands_y25_34,edu_isced97_4,2023,94.269
ecu,sex_m,age_10yrbands_y25_34,edu_isced97_4,2024,93.018
ecu,sex_m,age_10yrbands_y25_34,edu_isced97_5,2000,88.708
ecu,sex_m,age_10yrbands_y25_34,edu_isced97_5,2001,89.144
ecu,sex_m,age_10yrbands_y25_34,edu_isced97_5,2003,83.202
ecu,sex_m,age_10yrbands_y25_34,edu_isced97_5,2004,85.808
ecu,sex_m,age_10yrbands_y25_34,edu_isced97_5,2005,87.08
ecu,sex_m,age_10yrbands_y25_34,edu_isced97_5,2006,87.289
ecu,sex_m,age_10yrbands_y25_34,edu_isced97_5,2007,87.065
ecu,sex_m,age_10yrbands_y25_34,edu_isced97_5,2008,87.848
ecu,sex_m,age_10yrbands_y25_34,edu_isced97_5,2009,83.272
ecu,sex_m,age_10yrbands_y25_34,edu_isced97_5,2010,81.499
ecu,sex_m,age_10yrbands_y25_34,edu_isced97_5,2011,85.225
ecu,sex_m,age_10yrbands_y25_34,edu_isced97_5,2012,83.362
ecu,sex_m,age_10yrbands_y25_34,edu_isced97_5,2013,84.634
ecu,sex_m,age_10yrbands_y25_34,edu_isced97_5,2014,86.801
ecu,sex_m,age_10yrbands_y25_34,edu_isced97_5,2015,86.407
ecu,sex_m,age_10yrbands_y25_34,edu_isced97_5,2016,85.172
ecu,sex_m,age_10yrbands_y25_34,edu_isced97_5,2017,84.878
ecu,sex_m,age_10yrbands_y25_34,edu_isced97_5,2018,84.05
ecu,sex_m,age_10yrbands_y25_34,edu_isced97_5,2019,82.465
ecu,sex_m,age_10yrbands_y25_34,edu_isced97_5,2021,81.721
ecu,sex_m,age_10yrbands_y25_34,edu_isced97_5,2022,83.822
ecu,sex_m,age_10yrbands_y25_34,edu_isced97_5,2023,82.863
ecu,sex_m,age_10yrbands_y25_34,edu_isced97_5,2024,83.935
ecu,sex_m,age_10yrbands_y25_34,edu_isced97_6,2001,81.63
ecu,sex_m,age_10yrbands_y25_34,edu_isced97_6,2003,97.633
ecu,sex_m,age_10yrbands_y25_34,edu_isced97_6,2004,95.548
ecu,sex_m,age_10yrbands_y25_34,edu_isced97_6,2005,90.596
ecu,sex_m,age_10yrbands_y25_34,edu_isced97_6,2006,98.194
ecu,sex_m,age_10yrbands_y25_34,edu_isced97_6,2007,100
ecu,sex_m,age_10yrbands_y25_34,edu_isced97_6,2008,92.2
ecu,sex_m,age_10yrbands_y25_34,edu_isced97_6,2009,89.958
ecu,sex_m,age_10yrbands_y25_34,edu_isced97_6,2010,92.633
ecu,sex_m,age_10yrbands_y25_34,edu_isced97_6,2011,74.69
ecu,sex_m,age_10yrbands_y25_34,edu_isced97_6,2012,96.542
ecu,sex_m,age_10yrbands_y25_34,edu_isced97_6,2013,95.758
ecu,sex_m,age_10yrbands_y25_34,edu_isced97_6,2014,97.235
ecu,sex_m,age_10yrbands_y25_34,edu_isced97_6,2015,92.776
ecu,sex_m,age_10yrbands_y25_34,edu_isced97_6,2016,94.172
ecu,sex_m,age_10yrbands_y25_34,edu_isced97_6,2017,89.754
ecu,sex_m,age_10yrbands_y25_34,edu_isced97_6,2018,92.039
ecu,sex_m,age_10yrbands_y25_34,edu_isced97_6,2019,88.635
ecu,sex_m,age_10yrbands_y25_34,edu_isced97_6,2021,89.059
ecu,sex_m,age_10yrbands_y25_34,edu_isced97_6,2022,90.79
ecu,sex_m,age_10yrbands_y25_34,edu_isced97_6,2023,90.586
ecu,sex_m,age_10yrbands_y25_34,edu_isced97_6,2024,89.384
ecu,sex_m,age_10yrbands_y25_34,edu_isced97_total,2000,93.002
ecu,sex_m,age_10yrbands_y25_34,edu_isced97_total,2001,92.788
ecu,sex_m,age_10yrbands_y25_34,edu_isced97_total,2003,90.18
ecu,sex_m,age_10yrbands_y25_34,edu_isced97_total,2004,91.436
ecu,sex_m,age_10yrbands_y25_34,edu_isced97_total,2005,92.847
ecu,sex_m,age_10yrbands_y25_34,edu_isced97_total,2006,93.272
ecu,sex_m,age_10yrbands_y25_34,edu_isced97_total,2007,93.093
ecu,sex_m,age_10yrbands_y25_34,edu_isced97_total,2008,92.773
ecu,sex_m,age_10yrbands_y25_34,edu_isced97_total,2009,89.41
ecu,sex_m,age_10yrbands_y25_34,edu_isced97_total,2010,89.477
ecu,sex_m,age_10yrbands_y25_34,edu_isced97_total,2011,90.44
ecu,sex_m,age_10yrbands_y25_34,edu_isced97_total,2012,89.567
ecu,sex_m,age_10yrbands_y25_34,edu_isced97_total,2013,91.259
ecu,sex_m,age_10yrbands_y25_34,edu_isced97_total,2014,92.363
ecu,sex_m,age_10yrbands_y25_34,edu_isced97_total,2015,93.025
ecu,sex_m,age_10yrbands_y25_34,edu_isced97_total,2016,91.826
ecu,sex_m,age_10yrbands_y25_34,edu_isced97_total,2017,91.766
ecu,sex_m,age_10yrbands_y25_34,edu_isced97_total,2018,91.67
ecu,sex_m,age_10yrbands_y25_34,edu_isced97_total,2019,90.512
ecu,sex_m,age_10yrbands_y25_34,edu_isced97_total,2021,89.478
ecu,sex_m,age_10yrbands_y25_34,edu_isced97_total,2022,90.163
ecu,sex_m,age_10yrbands_y25_34,edu_isced97_total,2023,90.758
ecu,sex_m,age_10yrbands_y25_34,edu_isced97_total,2024,90.233
ecu,sex_m,age_10yrbands_y25_34,edu_isced97_unk,2021,100
ecu,sex_m,age_10yrbands_y25_34,edu_isced97_x,2000,79.832
ecu,sex_m,age_10yrbands_y25_34,edu_isced97_x,2001,81.364
ecu,sex_m,age_10yrbands_y25_34,edu_isced97_x,2003,76.986
ecu,sex_m,age_10yrbands_y25_34,edu_isced97_x,2004,74.275
ecu,sex_m,age_10yrbands_y25_34,edu_isced97_x,2005,78.561
ecu,sex_m,age_10yrbands_y25_34,edu_isced97_x,2006,87.15
ecu,sex_m,age_10yrbands_y25_34,edu_isced97_x,2007,67.679
ecu,sex_m,age_10yrbands_y25_34,edu_isced97_x,2008,64.11
ecu,sex_m,age_10yrbands_y25_34,edu_isced97_x,2009,49.048
ecu,sex_m,age_10yrbands_y25_34,edu_isced97_x,2010,59.574
ecu,sex_m,age_10yrbands_y25_34,edu_isced97_x,2011,49.825
ecu,sex_m,age_10yrbands_y25_34,edu_isced97_x,2012,53.861
ecu,sex_m,age_10yrbands_y25_34,edu_isced97_x,2013,53.141
ecu,sex_m,age_10yrbands_y25_34,edu_isced97_x,2014,65.193
ecu,sex_m,age_10yrbands_y25_34,edu_isced97_x,2015,65.218
ecu,sex_m,age_10yrbands_y25_34,edu_isced97_x,2016,57.79
ecu,sex_m,age_10yrbands_y25_34,edu_isced97_x,2017,53.929
ecu,sex_m,age_10yrbands_y25_34,edu_isced97_x,2018,60.98
ecu,sex_m,age_10yrbands_y25_34,edu_isced97_x,2019,57.558
ecu,sex_m,age_10yrbands_y25_34,edu_isced97_x,2021,56.261
ecu,sex_m,age_10yrbands_y25_34,edu_isced97_x,2022,47.492
ecu,sex_m,age_10yrbands_y25_34,edu_isced97_x,2023,36.834
ecu,sex_m,age_10yrbands_y25_34,edu_isced97_x,2024,33.929
ecu,sex_m,age_10yrbands_y35_44,edu_aggregate_adv,2000,96.936
ecu,sex_m,age_10yrbands_y35_44,edu_aggregate_adv,2001,95.45
ecu,sex_m,age_10yrbands_y35_44,edu_aggregate_adv,2003,96.485
ecu,sex_m,age_10yrbands_y35_44,edu_aggregate_adv,2004,96.65
ecu,sex_m,age_10yrbands_y35_44,edu_aggregate_adv,2005,95.833
ecu,sex_m,age_10yrbands_y35_44,edu_aggregate_adv,2006,97.888
ecu,sex_m,age_10yrbands_y35_44,edu_aggregate_adv,2007,97.267
ecu,sex_m,age_10yrbands_y35_44,edu_aggregate_adv,2008,96.361
ecu,sex_m,age_10yrbands_y35_44,edu_aggregate_adv,2009,93.773
ecu,sex_m,age_10yrbands_y35_44,edu_aggregate_adv,2010,95.765
ecu,sex_m,age_10yrbands_y35_44,edu_aggregate_adv,2011,95.667
ecu,sex_m,age_10yrbands_y35_44,edu_aggregate_adv,2012,96.232
ecu,sex_m,age_10yrbands_y35_44,edu_aggregate_adv,2013,95.895
ecu,sex_m,age_10yrbands_y35_44,edu_aggregate_adv,2014,96.921
ecu,sex_m,age_10yrbands_y35_44,edu_aggregate_adv,2015,96.301
ecu,sex_m,age_10yrbands_y35_44,edu_aggregate_adv,2016,96.009
ecu,sex_m,age_10yrbands_y35_44,edu_aggregate_adv,2017,95.223
ecu,sex_m,age_10yrbands_y35_44,edu_aggregate_adv,2018,95.289
ecu,sex_m,age_10yrbands_y35_44,edu_aggregate_adv,2019,94.906
ecu,sex_m,age_10yrbands_y35_44,edu_aggregate_adv,2021,95.138
ecu,sex_m,age_10yrbands_y35_44,edu_aggregate_adv,2022,95.334
ecu,sex_m,age_10yrbands_y35_44,edu_aggregate_adv,2023,95.79
ecu,sex_m,age_10yrbands_y35_44,edu_aggregate_adv,2024,95.538
ecu,sex_m,age_10yrbands_y35_44,edu_aggregate_bas,2000,95.16
ecu,sex_m,age_10yrbands_y35_44,edu_aggregate_bas,2001,97.374
ecu,sex_m,age_10yrbands_y35_44,edu_aggregate_bas,2003,93.469
ecu,sex_m,age_10yrbands_y35_44,edu_aggregate_bas,2004,95.09
ecu,sex_m,age_10yrbands_y35_44,edu_aggregate_bas,2005,95.715
ecu,sex_m,age_10yrbands_y35_44,edu_aggregate_bas,2006,97.353
ecu,sex_m,age_10yrbands_y35_44,edu_aggregate_bas,2007,96.837
ecu,sex_m,age_10yrbands_y35_44,edu_aggregate_bas,2008,97.226
ecu,sex_m,age_10yrbands_y35_44,edu_aggregate_bas,2009,95.386
ecu,sex_m,age_10yrbands_y35_44,edu_aggregate_bas,2010,95.293
ecu,sex_m,age_10yrbands_y35_44,edu_aggregate_bas,2011,96.657
ecu,sex_m,age_10yrbands_y35_44,edu_aggregate_bas,2012,97.58
ecu,sex_m,age_10yrbands_y35_44,edu_aggregate_bas,2013,96.151
ecu,sex_m,age_10yrbands_y35_44,edu_aggregate_bas,2014,96.898
ecu,sex_m,age_10yrbands_y35_44,edu_aggregate_bas,2015,97.324
ecu,sex_m,age_10yrbands_y35_44,edu_aggregate_bas,2016,96.514
ecu,sex_m,age_10yrbands_y35_44,edu_aggregate_bas,2017,96.758
ecu,sex_m,age_10yrbands_y35_44,edu_aggregate_bas,2018,97.23
ecu,sex_m,age_10yrbands_y35_44,edu_aggregate_bas,2019,96.518
ecu,sex_m,age_10yrbands_y35_44,edu_aggregate_bas,2021,96.01
ecu,sex_m,age_10yrbands_y35_44,edu_aggregate_bas,2022,95.993
ecu,sex_m,age_10yrbands_y35_44,edu_aggregate_bas,2023,96.65
ecu,sex_m,age_10yrbands_y35_44,edu_aggregate_bas,2024,97.084
ecu,sex_m,age_10yrbands_y35_44,edu_aggregate_int,2000,95.032
ecu,sex_m,age_10yrbands_y35_44,edu_aggregate_int,2001,95.933
ecu,sex_m,age_10yrbands_y35_44,edu_aggregate_int,2003,97.849
ecu,sex_m,age_10yrbands_y35_44,edu_aggregate_int,2004,97.902
ecu,sex_m,age_10yrbands_y35_44,edu_aggregate_int,2005,96.018
ecu,sex_m,age_10yrbands_y35_44,edu_aggregate_int,2006,95.946
ecu,sex_m,age_10yrbands_y35_44,edu_aggregate_int,2007,96.625
ecu,sex_m,age_10yrbands_y35_44,edu_aggregate_int,2008,97.697
ecu,sex_m,age_10yrbands_y35_44,edu_aggregate_int,2009,96.588
ecu,sex_m,age_10yrbands_y35_44,edu_aggregate_int,2010,95.416
ecu,sex_m,age_10yrbands_y35_44,edu_aggregate_int,2011,95.978
ecu,sex_m,age_10yrbands_y35_44,edu_aggregate_int,2012,96.107
ecu,sex_m,age_10yrbands_y35_44,edu_aggregate_int,2013,96.738
ecu,sex_m,age_10yrbands_y35_44,edu_aggregate_int,2014,96.008
ecu,sex_m,age_10yrbands_y35_44,edu_aggregate_int,2015,96.3
ecu,sex_m,age_10yrbands_y35_44,edu_aggregate_int,2016,95.993
ecu,sex_m,age_10yrbands_y35_44,edu_aggregate_int,2017,95.814
ecu,sex_m,age_10yrbands_y35_44,edu_aggregate_int,2018,95.834
ecu,sex_m,age_10yrbands_y35_44,edu_aggregate_int,2019,94.863
ecu,sex_m,age_10yrbands_y35_44,edu_aggregate_int,2021,95.223
ecu,sex_m,age_10yrbands_y35_44,edu_aggregate_int,2022,95.952
ecu,sex_m,age_10yrbands_y35_44,edu_aggregate_int,2023,96.096
ecu,sex_m,age_10yrbands_y35_44,edu_aggregate_int,2024,96.49
ecu,sex_m,age_10yrbands_y35_44,edu_aggregate_ltb,2000,90.873
ecu,sex_m,age_10yrbands_y35_44,edu_aggregate_ltb,2001,89.594
ecu,sex_m,age_10yrbands_y35_44,edu_aggregate_ltb,2003,90.32
ecu,sex_m,age_10yrbands_y35_44,edu_aggregate_ltb,2004,89.668
ecu,sex_m,age_10yrbands_y35_44,edu_aggregate_ltb,2005,89.225
ecu,sex_m,age_10yrbands_y35_44,edu_aggregate_ltb,2006,89.405
ecu,sex_m,age_10yrbands_y35_44,edu_aggregate_ltb,2007,93.004
ecu,sex_m,age_10yrbands_y35_44,edu_aggregate_ltb,2008,93.8
ecu,sex_m,age_10yrbands_y35_44,edu_aggregate_ltb,2009,94.638
ecu,sex_m,age_10yrbands_y35_44,edu_aggregate_ltb,2010,93.025
ecu,sex_m,age_10yrbands_y35_44,edu_aggregate_ltb,2011,91.543
ecu,sex_m,age_10yrbands_y35_44,edu_aggregate_ltb,2012,89.762
ecu,sex_m,age_10yrbands_y35_44,edu_aggregate_ltb,2013,91.596
ecu,sex_m,age_10yrbands_y35_44,edu_aggregate_ltb,2014,93.118
ecu,sex_m,age_10yrbands_y35_44,edu_aggregate_ltb,2015,94.344
ecu,sex_m,age_10yrbands_y35_44,edu_aggregate_ltb,2016,92.984
ecu,sex_m,age_10yrbands_y35_44,edu_aggregate_ltb,2017,93.049
ecu,sex_m,age_10yrbands_y35_44,edu_aggregate_ltb,2018,92.467
ecu,sex_m,age_10yrbands_y35_44,edu_aggregate_ltb,2019,91.611
ecu,sex_m,age_10yrbands_y35_44,edu_aggregate_ltb,2021,87.336
ecu,sex_m,age_10yrbands_y35_44,edu_aggregate_ltb,2022,82.688
ecu,sex_m,age_10yrbands_y35_44,edu_aggregate_ltb,2023,85.856
ecu,sex_m,age_10yrbands_y35_44,edu_aggregate_ltb,2024,86.691
ecu,sex_m,age_10yrbands_y35_44,edu_aggregate_total,2000,95.087
ecu,sex_m,age_10yrbands_y35_44,edu_aggregate_total,2001,95.885
ecu,sex_m,age_10yrbands_y35_44,edu_aggregate_total,2003,93.936
ecu,sex_m,age_10yrbands_y35_44,edu_aggregate_total,2004,95.09
ecu,sex_m,age_10yrbands_y35_44,edu_aggregate_total,2005,95.279
ecu,sex_m,age_10yrbands_y35_44,edu_aggregate_total,2006,96.834
ecu,sex_m,age_10yrbands_y35_44,edu_aggregate_total,2007,96.318
ecu,sex_m,age_10yrbands_y35_44,edu_aggregate_total,2008,96.764
ecu,sex_m,age_10yrbands_y35_44,edu_aggregate_total,2009,95.318
ecu,sex_m,age_10yrbands_y35_44,edu_aggregate_total,2010,95.065
ecu,sex_m,age_10yrbands_y35_44,edu_aggregate_total,2011,95.74
ecu,sex_m,age_10yrbands_y35_44,edu_aggregate_total,2012,96.114
ecu,sex_m,age_10yrbands_y35_44,edu_aggregate_total,2013,95.768
ecu,sex_m,age_10yrbands_y35_44,edu_aggregate_total,2014,96.219
ecu,sex_m,age_10yrbands_y35_44,edu_aggregate_total,2015,96.599
ecu,sex_m,age_10yrbands_y35_44,edu_aggregate_total,2016,95.947
ecu,sex_m,age_10yrbands_y35_44,edu_aggregate_total,2017,95.897
ecu,sex_m,age_10yrbands_y35_44,edu_aggregate_total,2018,96.054
ecu,sex_m,age_10yrbands_y35_44,edu_aggregate_total,2019,95.331
ecu,sex_m,age_10yrbands_y35_44,edu_aggregate_total,2021,94.927
ecu,sex_m,age_10yrbands_y35_44,edu_aggregate_total,2022,94.905
ecu,sex_m,age_10yrbands_y35_44,edu_aggregate_total,2023,95.491
ecu,sex_m,age_10yrbands_y35_44,edu_aggregate_total,2024,95.814
ecu,sex_m,age_10yrbands_y35_44,edu_aggregate_x,2008,100
ecu,sex_m,age_10yrbands_y35_44,edu_aggregate_x,2017,98.743
ecu,sex_m,age_10yrbands_y35_44,edu_aggregate_x,2018,100
ecu,sex_m,age_10yrbands_y35_44,edu_aggregate_x,2019,97.484
ecu,sex_m,age_10yrbands_y35_44,edu_aggregate_x,2021,100
ecu,sex_m,age_10yrbands_y35_44,edu_isced97_0,2000,93.972
ecu,sex_m,age_10yrbands_y35_44,edu_isced97_0,2001,92.358
ecu,sex_m,age_10yrbands_y35_44,edu_isced97_0,2003,93.218
ecu,sex_m,age_10yrbands_y35_44,edu_isced97_0,2004,96.28
ecu,sex_m,age_10yrbands_y35_44,edu_isced97_0,2005,94.975
ecu,sex_m,age_10yrbands_y35_44,edu_isced97_0,2006,92.972
ecu,sex_m,age_10yrbands_y35_44,edu_isced97_0,2007,95.622
ecu,sex_m,age_10yrbands_y35_44,edu_isced97_0,2008,96.805
ecu,sex_m,age_10yrbands_y35_44,edu_isced97_0,2009,96.786
ecu,sex_m,age_10yrbands_y35_44,edu_isced97_0,2010,96.393
ecu,sex_m,age_10yrbands_y35_44,edu_isced97_0,2011,94.747
ecu,sex_m,age_10yrbands_y35_44,edu_isced97_0,2012,95.79
ecu,sex_m,age_10yrbands_y35_44,edu_isced97_0,2013,96.589
ecu,sex_m,age_10yrbands_y35_44,edu_isced97_0,2014,96.033
ecu,sex_m,age_10yrbands_y35_44,edu_isced97_0,2015,97.243
ecu,sex_m,age_10yrbands_y35_44,edu_isced97_0,2016,95.295
ecu,sex_m,age_10yrbands_y35_44,edu_isced97_0,2017,96.964
ecu,sex_m,age_10yrbands_y35_44,edu_isced97_0,2018,95.747
ecu,sex_m,age_10yrbands_y35_44,edu_isced97_0,2019,94.786
ecu,sex_m,age_10yrbands_y35_44,edu_isced97_0,2021,92.115
ecu,sex_m,age_10yrbands_y35_44,edu_isced97_0,2022,91.962
ecu,sex_m,age_10yrbands_y35_44,edu_isced97_0,2023,93.505
ecu,sex_m,age_10yrbands_y35_44,edu_isced97_0,2024,92.702
ecu,sex_m,age_10yrbands_y35_44,edu_isced97_1,2000,93.465
ecu,sex_m,age_10yrbands_y35_44,edu_isced97_1,2001,98.833
ecu,sex_m,age_10yrbands_y35_44,edu_isced97_1,2003,93.655
ecu,sex_m,age_10yrbands_y35_44,edu_isced97_1,2004,94.684
ecu,sex_m,age_10yrbands_y35_44,edu_isced97_1,2005,96.397
ecu,sex_m,age_10yrbands_y35_44,edu_isced97_1,2006,97.505
ecu,sex_m,age_10yrbands_y35_44,edu_isced97_1,2007,97.091
ecu,sex_m,age_10yrbands_y35_44,edu_isced97_1,2008,97.464
ecu,sex_m,age_10yrbands_y35_44,edu_isced97_1,2009,95.591
ecu,sex_m,age_10yrbands_y35_44,edu_isced97_1,2010,95.549
ecu,sex_m,age_10yrbands_y35_44,edu_isced97_1,2011,96.875
ecu,sex_m,age_10yrbands_y35_44,edu_isced97_1,2012,97.757
ecu,sex_m,age_10yrbands_y35_44,edu_isced97_1,2013,96.464
ecu,sex_m,age_10yrbands_y35_44,edu_isced97_1,2014,96.957
ecu,sex_m,age_10yrbands_y35_44,edu_isced97_1,2015,97.526
ecu,sex_m,age_10yrbands_y35_44,edu_isced97_1,2016,96.414
ecu,sex_m,age_10yrbands_y35_44,edu_isced97_1,2017,96.738
ecu,sex_m,age_10yrbands_y35_44,edu_isced97_1,2018,97.291
ecu,sex_m,age_10yrbands_y35_44,edu_isced97_1,2019,96.696
ecu,sex_m,age_10yrbands_y35_44,edu_isced97_1,2021,96.188
ecu,sex_m,age_10yrbands_y35_44,edu_isced97_1,2022,95.9
ecu,sex_m,age_10yrbands_y35_44,edu_isced97_1,2023,96.876
ecu,sex_m,age_10yrbands_y35_44,edu_isced97_1,2024,97.368
ecu,sex_m,age_10yrbands_y35_44,edu_isced97_2,2000,95.595
ecu,sex_m,age_10yrbands_y35_44,edu_isced97_2,2001,97.031
ecu,sex_m,age_10yrbands_y35_44,edu_isced97_2,2003,93.187
ecu,sex_m,age_10yrbands_y35_44,edu_isced97_2,2004,95.708
ecu,sex_m,age_10yrbands_y35_44,edu_isced97_2,2005,94.761
ecu,sex_m,age_10yrbands_y35_44,edu_isced97_2,2006,97.139
ecu,sex_m,age_10yrbands_y35_44,edu_isced97_2,2007,96.168
ecu,sex_m,age_10yrbands_y35_44,edu_isced97_2,2008,96.594
ecu,sex_m,age_10yrbands_y35_44,edu_isced97_2,2009,94.828
ecu,sex_m,age_10yrbands_y35_44,edu_isced97_2,2010,94.612
ecu,sex_m,age_10yrbands_y35_44,edu_isced97_2,2011,96.078
ecu,sex_m,age_10yrbands_y35_44,edu_isced97_2,2012,97.026
ecu,sex_m,age_10yrbands_y35_44,edu_isced97_2,2013,95.223
ecu,sex_m,age_10yrbands_y35_44,edu_isced97_2,2014,96.717
ecu,sex_m,age_10yrbands_y35_44,edu_isced97_2,2015,96.697
ecu,sex_m,age_10yrbands_y35_44,edu_isced97_2,2016,96.829
ecu,sex_m,age_10yrbands_y35_44,edu_isced97_2,2017,96.822
ecu,sex_m,age_10yrbands_y35_44,edu_isced97_2,2018,97.012
ecu,sex_m,age_10yrbands_y35_44,edu_isced97_2,2019,95.878
ecu,sex_m,age_10yrbands_y35_44,edu_isced97_2,2021,95.416
ecu,sex_m,age_10yrbands_y35_44,edu_isced97_2,2022,96.297
ecu,sex_m,age_10yrbands_y35_44,edu_isced97_2,2023,95.944
ecu,sex_m,age_10yrbands_y35_44,edu_isced97_2,2024,96.165
ecu,sex_m,age_10yrbands_y35_44,edu_isced97_3,2000,95.032
ecu,sex_m,age_10yrbands_y35_44,edu_isced97_3,2001,95.933
ecu,sex_m,age_10yrbands_y35_44,edu_isced97_3,2003,97.409
ecu,sex_m,age_10yrbands_y35_44,edu_isced97_3,2004,97.81
ecu,sex_m,age_10yrbands_y35_44,edu_isced97_3,2005,95.274
ecu,sex_m,age_10yrbands_y35_44,edu_isced97_3,2006,95.415
ecu,sex_m,age_10yrbands_y35_44,edu_isced97_3,2007,96.628
ecu,sex_m,age_10yrbands_y35_44,edu_isced97_3,2008,97.657
ecu,sex_m,age_10yrbands_y35_44,edu_isced97_3,2009,96.546
ecu,sex_m,age_10yrbands_y35_44,edu_isced97_3,2010,95.485
ecu,sex_m,age_10yrbands_y35_44,edu_isced97_3,2011,96.017
ecu,sex_m,age_10yrbands_y35_44,edu_isced97_3,2012,96.097
ecu,sex_m,age_10yrbands_y35_44,edu_isced97_3,2013,96.819
ecu,sex_m,age_10yrbands_y35_44,edu_isced97_3,2014,96.011
ecu,sex_m,age_10yrbands_y35_44,edu_isced97_3,2015,96.292
ecu,sex_m,age_10yrbands_y35_44,edu_isced97_3,2016,95.86
ecu,sex_m,age_10yrbands_y35_44,edu_isced97_3,2017,95.89
ecu,sex_m,age_10yrbands_y35_44,edu_isced97_3,2018,95.83
ecu,sex_m,age_10yrbands_y35_44,edu_isced97_3,2019,94.739
ecu,sex_m,age_10yrbands_y35_44,edu_isced97_3,2021,95.339
ecu,sex_m,age_10yrbands_y35_44,edu_isced97_3,2022,96.005
ecu,sex_m,age_10yrbands_y35_44,edu_isced97_3,2023,96.116
ecu,sex_m,age_10yrbands_y35_44,edu_isced97_3,2024,96.586
ecu,sex_m,age_10yrbands_y35_44,edu_isced97_4,2003,100
ecu,sex_m,age_10yrbands_y35_44,edu_isced97_4,2004,98.416
ecu,sex_m,age_10yrbands_y35_44,edu_isced97_4,2005,100
ecu,sex_m,age_10yrbands_y35_44,edu_isced97_4,2006,98.794
ecu,sex_m,age_10yrbands_y35_44,edu_isced97_4,2007,96.4
ecu,sex_m,age_10yrbands_y35_44,edu_isced97_4,2008,100
ecu,sex_m,age_10yrbands_y35_44,edu_isced97_4,2009,98.654
ecu,sex_m,age_10yrbands_y35_44,edu_isced97_4,2010,93.133
ecu,sex_m,age_10yrbands_y35_44,edu_isced97_4,2011,94.328
ecu,sex_m,age_10yrbands_y35_44,edu_isced97_4,2012,96.504
ecu,sex_m,age_10yrbands_y35_44,edu_isced97_4,2013,94.534
ecu,sex_m,age_10yrbands_y35_44,edu_isced97_4,2014,95.944
ecu,sex_m,age_10yrbands_y35_44,edu_isced97_4,2015,96.487
ecu,sex_m,age_10yrbands_y35_44,edu_isced97_4,2016,98.564
ecu,sex_m,age_10yrbands_y35_44,edu_isced97_4,2017,94.37
ecu,sex_m,age_10yrbands_y35_44,edu_isced97_4,2018,95.882
ecu,sex_m,age_10yrbands_y35_44,edu_isced97_4,2019,96.699
ecu,sex_m,age_10yrbands_y35_44,edu_isced97_4,2021,93.371
ecu,sex_m,age_10yrbands_y35_44,edu_isced97_4,2022,95.132
ecu,sex_m,age_10yrbands_y35_44,edu_isced97_4,2023,95.861
ecu,sex_m,age_10yrbands_y35_44,edu_isced97_4,2024,95.238
ecu,sex_m,age_10yrbands_y35_44,edu_isced97_5,2000,96.936
ecu,sex_m,age_10yrbands_y35_44,edu_isced97_5,2001,95.449
ecu,sex_m,age_10yrbands_y35_44,edu_isced97_5,2003,96.272
ecu,sex_m,age_10yrbands_y35_44,edu_isced97_5,2004,96.394
ecu,sex_m,age_10yrbands_y35_44,edu_isced97_5,2005,95.638
ecu,sex_m,age_10yrbands_y35_44,edu_isced97_5,2006,97.685
ecu,sex_m,age_10yrbands_y35_44,edu_isced97_5,2007,97.092
ecu,sex_m,age_10yrbands_y35_44,edu_isced97_5,2008,96.107
ecu,sex_m,age_10yrbands_y35_44,edu_isced97_5,2009,93.652
ecu,sex_m,age_10yrbands_y35_44,edu_isced97_5,2010,96.342
ecu,sex_m,age_10yrbands_y35_44,edu_isced97_5,2011,95.245
ecu,sex_m,age_10yrbands_y35_44,edu_isced97_5,2012,96.205
ecu,sex_m,age_10yrbands_y35_44,edu_isced97_5,2013,95.472
ecu,sex_m,age_10yrbands_y35_44,edu_isced97_5,2014,96.674
ecu,sex_m,age_10yrbands_y35_44,edu_isced97_5,2015,96.339
ecu,sex_m,age_10yrbands_y35_44,edu_isced97_5,2016,95.641
ecu,sex_m,age_10yrbands_y35_44,edu_isced97_5,2017,94.83
ecu,sex_m,age_10yrbands_y35_44,edu_isced97_5,2018,95.043
ecu,sex_m,age_10yrbands_y35_44,edu_isced97_5,2019,94.998
ecu,sex_m,age_10yrbands_y35_44,edu_isced97_5,2021,94.619
ecu,sex_m,age_10yrbands_y35_44,edu_isced97_5,2022,95.035
ecu,sex_m,age_10yrbands_y35_44,edu_isced97_5,2023,95.457
ecu,sex_m,age_10yrbands_y35_44,edu_isced97_5,2024,95.235
ecu,sex_m,age_10yrbands_y35_44,edu_isced97_6,2001,95.462
ecu,sex_m,age_10yrbands_y35_44,edu_isced97_6,2003,100
ecu,sex_m,age_10yrbands_y35_44,edu_isced97_6,2004,100
ecu,sex_m,age_10yrbands_y35_44,edu_isced97_6,2005,100
ecu,sex_m,age_10yrbands_y35_44,edu_isced97_6,2006,100
ecu,sex_m,age_10yrbands_y35_44,edu_isced97_6,2007,100
ecu,sex_m,age_10yrbands_y35_44,edu_isced97_6,2008,99.191
ecu,sex_m,age_10yrbands_y35_44,edu_isced97_6,2009,95.562
ecu,sex_m,age_10yrbands_y35_44,edu_isced97_6,2010,90.665
ecu,sex_m,age_10yrbands_y35_44,edu_isced97_6,2011,100
ecu,sex_m,age_10yrbands_y35_44,edu_isced97_6,2012,96.608
ecu,sex_m,age_10yrbands_y35_44,edu_isced97_6,2013,100
ecu,sex_m,age_10yrbands_y35_44,edu_isced97_6,2014,98.602
ecu,sex_m,age_10yrbands_y35_44,edu_isced97_6,2015,95.981
ecu,sex_m,age_10yrbands_y35_44,edu_isced97_6,2016,98.605
ecu,sex_m,age_10yrbands_y35_44,edu_isced97_6,2017,97.607
ecu,sex_m,age_10yrbands_y35_44,edu_isced97_6,2018,96.941
ecu,sex_m,age_10yrbands_y35_44,edu_isced97_6,2019,94.26
ecu,sex_m,age_10yrbands_y35_44,edu_isced97_6,2021,97.683
ecu,sex_m,age_10yrbands_y35_44,edu_isced97_6,2022,96.851
ecu,sex_m,age_10yrbands_y35_44,edu_isced97_6,2023,97.346
ecu,sex_m,age_10yrbands_y35_44,edu_isced97_6,2024,96.97
ecu,sex_m,age_10yrbands_y35_44,edu_isced97_total,2000,95.087
ecu,sex_m,age_10yrbands_y35_44,edu_isced97_total,2001,95.885
ecu,sex_m,age_10yrbands_y35_44,edu_isced97_total,2003,93.936
ecu,sex_m,age_10yrbands_y35_44,edu_isced97_total,2004,95.09
ecu,sex_m,age_10yrbands_y35_44,edu_isced97_total,2005,95.279
ecu,sex_m,age_10yrbands_y35_44,edu_isced97_total,2006,96.834
ecu,sex_m,age_10yrbands_y35_44,edu_isced97_total,2007,96.318
ecu,sex_m,age_10yrbands_y35_44,edu_isced97_total,2008,96.764
ecu,sex_m,age_10yrbands_y35_44,edu_isced97_total,2009,95.318
ecu,sex_m,age_10yrbands_y35_44,edu_isced97_total,2010,95.065
ecu,sex_m,age_10yrbands_y35_44,edu_isced97_total,2011,95.74
ecu,sex_m,age_10yrbands_y35_44,edu_isced97_total,2012,96.114
ecu,sex_m,age_10yrbands_y35_44,edu_isced97_total,2013,95.768
ecu,sex_m,age_10yrbands_y35_44,edu_isced97_total,2014,96.219
ecu,sex_m,age_10yrbands_y35_44,edu_isced97_total,2015,96.599
ecu,sex_m,age_10yrbands_y35_44,edu_isced97_total,2016,95.947
ecu,sex_m,age_10yrbands_y35_44,edu_isced97_total,2017,95.897
ecu,sex_m,age_10yrbands_y35_44,edu_isced97_total,2018,96.054
ecu,sex_m,age_10yrbands_y35_44,edu_isced97_total,2019,95.331
ecu,sex_m,age_10yrbands_y35_44,edu_isced97_total,2021,94.927
ecu,sex_m,age_10yrbands_y35_44,edu_isced97_total,2022,94.905
ecu,sex_m,age_10yrbands_y35_44,edu_isced97_total,2023,95.491
ecu,sex_m,age_10yrbands_y35_44,edu_isced97_total,2024,95.814
ecu,sex_m,age_10yrbands_y35_44,edu_isced97_unk,2008,100
ecu,sex_m,age_10yrbands_y35_44,edu_isced97_unk,2017,98.743
ecu,sex_m,age_10yrbands_y35_44,edu_isced97_unk,2018,100
ecu,sex_m,age_10yrbands_y35_44,edu_isced97_unk,2019,97.484
ecu,sex_m,age_10yrbands_y35_44,edu_isced97_unk,2021,100
ecu,sex_m,age_10yrbands_y35_44,edu_isced97_x,2000,89.111
ecu,sex_m,age_10yrbands_y35_44,edu_isced97_x,2001,86.789
ecu,sex_m,age_10yrbands_y35_44,edu_isced97_x,2003,87.729
ecu,sex_m,age_10yrbands_y35_44,edu_isced97_x,2004,81.378
ecu,sex_m,age_10yrbands_y35_44,edu_isced97_x,2005,84.214
ecu,sex_m,age_10yrbands_y35_44,edu_isced97_x,2006,85.352
ecu,sex_m,age_10yrbands_y35_44,edu_isced97_x,2007,83.806
ecu,sex_m,age_10yrbands_y35_44,edu_isced97_x,2008,82.693
ecu,sex_m,age_10yrbands_y35_44,edu_isced97_x,2009,85.471
ecu,sex_m,age_10yrbands_y35_44,edu_isced97_x,2010,80.804
ecu,sex_m,age_10yrbands_y35_44,edu_isced97_x,2011,79.979
ecu,sex_m,age_10yrbands_y35_44,edu_isced97_x,2012,74.004
ecu,sex_m,age_10yrbands_y35_44,edu_isced97_x,2013,75.078
ecu,sex_m,age_10yrbands_y35_44,edu_isced97_x,2014,80.025
ecu,sex_m,age_10yrbands_y35_44,edu_isced97_x,2015,79.08
ecu,sex_m,age_10yrbands_y35_44,edu_isced97_x,2016,81.164
ecu,sex_m,age_10yrbands_y35_44,edu_isced97_x,2017,74.744
ecu,sex_m,age_10yrbands_y35_44,edu_isced97_x,2018,77.9
ecu,sex_m,age_10yrbands_y35_44,edu_isced97_x,2019,80.654
ecu,sex_m,age_10yrbands_y35_44,edu_isced97_x,2021,67.953
ecu,sex_m,age_10yrbands_y35_44,edu_isced97_x,2022,52.822
ecu,sex_m,age_10yrbands_y35_44,edu_isced97_x,2023,61.776
ecu,sex_m,age_10yrbands_y35_44,edu_isced97_x,2024,63.363
ecu,sex_m,age_10yrbands_y45_54,edu_aggregate_adv,2000,93.776
ecu,sex_m,age_10yrbands_y45_54,edu_aggregate_adv,2001,94.934
ecu,sex_m,age_10yrbands_y45_54,edu_aggregate_adv,2003,94.837
ecu,sex_m,age_10yrbands_y45_54,edu_aggregate_adv,2004,96.643
ecu,sex_m,age_10yrbands_y45_54,edu_aggregate_adv,2005,95.578
ecu,sex_m,age_10yrbands_y45_54,edu_aggregate_adv,2006,95.673
ecu,sex_m,age_10yrbands_y45_54,edu_aggregate_adv,2007,95.823
ecu,sex_m,age_10yrbands_y45_54,edu_aggregate_adv,2008,96.569
ecu,sex_m,age_10yrbands_y45_54,edu_aggregate_adv,2009,96.174
ecu,sex_m,age_10yrbands_y45_54,edu_aggregate_adv,2010,97.203
ecu,sex_m,age_10yrbands_y45_54,edu_aggregate_adv,2011,96.25
ecu,sex_m,age_10yrbands_y45_54,edu_aggregate_adv,2012,93.973
ecu,sex_m,age_10yrbands_y45_54,edu_aggregate_adv,2013,95.748
ecu,sex_m,age_10yrbands_y45_54,edu_aggregate_adv,2014,95.542
ecu,sex_m,age_10yrbands_y45_54,edu_aggregate_adv,2015,95.443
ecu,sex_m,age_10yrbands_y45_54,edu_aggregate_adv,2016,95.563
ecu,sex_m,age_10yrbands_y45_54,edu_aggregate_adv,2017,94.8
ecu,sex_m,age_10yrbands_y45_54,edu_aggregate_adv,2018,94.354
ecu,sex_m,age_10yrbands_y45_54,edu_aggregate_adv,2019,94.76
ecu,sex_m,age_10yrbands_y45_54,edu_aggregate_adv,2021,95.05
ecu,sex_m,age_10yrbands_y45_54,edu_aggregate_adv,2022,95.928
ecu,sex_m,age_10yrbands_y45_54,edu_aggregate_adv,2023,94.551
ecu,sex_m,age_10yrbands_y45_54,edu_aggregate_adv,2024,94.221
ecu,sex_m,age_10yrbands_y45_54,edu_aggregate_bas,2000,92.316
ecu,sex_m,age_10yrbands_y45_54,edu_aggregate_bas,2001,92.479
ecu,sex_m,age_10yrbands_y45_54,edu_aggregate_bas,2003,93.79
ecu,sex_m,age_10yrbands_y45_54,edu_aggregate_bas,2004,93.878
ecu,sex_m,age_10yrbands_y45_54,edu_aggregate_bas,2005,94.391
ecu,sex_m,age_10yrbands_y45_54,edu_aggregate_bas,2006,95.036
ecu,sex_m,age_10yrbands_y45_54,edu_aggregate_bas,2007,96.942
ecu,sex_m,age_10yrbands_y45_54,edu_aggregate_bas,2008,95.882
ecu,sex_m,age_10yrbands_y45_54,edu_aggregate_bas,2009,94.818
ecu,sex_m,age_10yrbands_y45_54,edu_aggregate_bas,2010,94.207
ecu,sex_m,age_10yrbands_y45_54,edu_aggregate_bas,2011,95.083
ecu,sex_m,age_10yrbands_y45_54,edu_aggregate_bas,2012,94.934
ecu,sex_m,age_10yrbands_y45_54,edu_aggregate_bas,2013,94.513
ecu,sex_m,age_10yrbands_y45_54,edu_aggregate_bas,2014,94.803
ecu,sex_m,age_10yrbands_y45_54,edu_aggregate_bas,2015,95.267
ecu,sex_m,age_10yrbands_y45_54,edu_aggregate_bas,2016,95.159
ecu,sex_m,age_10yrbands_y45_54,edu_aggregate_bas,2017,96.08
ecu,sex_m,age_10yrbands_y45_54,edu_aggregate_bas,2018,95.608
ecu,sex_m,age_10yrbands_y45_54,edu_aggregate_bas,2019,95.724
ecu,sex_m,age_10yrbands_y45_54,edu_aggregate_bas,2021,94.843
ecu,sex_m,age_10yrbands_y45_54,edu_aggregate_bas,2022,94.824
ecu,sex_m,age_10yrbands_y45_54,edu_aggregate_bas,2023,95.768
ecu,sex_m,age_10yrbands_y45_54,edu_aggregate_bas,2024,95.508
ecu,sex_m,age_10yrbands_y45_54,edu_aggregate_int,2000,90.903
ecu,sex_m,age_10yrbands_y45_54,edu_aggregate_int,2001,90.279
ecu,sex_m,age_10yrbands_y45_54,edu_aggregate_int,2003,92.418
ecu,sex_m,age_10yrbands_y45_54,edu_aggregate_int,2004,95.077
ecu,sex_m,age_10yrbands_y45_54,edu_aggregate_int,2005,96.186
ecu,sex_m,age_10yrbands_y45_54,edu_aggregate_int,2006,94.328
ecu,sex_m,age_10yrbands_y45_54,edu_aggregate_int,2007,95.594
ecu,sex_m,age_10yrbands_y45_54,edu_aggregate_int,2008,94.677
ecu,sex_m,age_10yrbands_y45_54,edu_aggregate_int,2009,94.463
ecu,sex_m,age_10yrbands_y45_54,edu_aggregate_int,2010,94.14
ecu,sex_m,age_10yrbands_y45_54,edu_aggregate_int,2011,94.178
ecu,sex_m,age_10yrbands_y45_54,edu_aggregate_int,2012,94.558
ecu,sex_m,age_10yrbands_y45_54,edu_aggregate_int,2013,94.214
ecu,sex_m,age_10yrbands_y45_54,edu_aggregate_int,2014,93.537
ecu,sex_m,age_10yrbands_y45_54,edu_aggregate_int,2015,93.797
ecu,sex_m,age_10yrbands_y45_54,edu_aggregate_int,2016,92.177
ecu,sex_m,age_10yrbands_y45_54,edu_aggregate_int,2017,94.187
ecu,sex_m,age_10yrbands_y45_54,edu_aggregate_int,2018,93.18
ecu,sex_m,age_10yrbands_y45_54,edu_aggregate_int,2019,93.195
ecu,sex_m,age_10yrbands_y45_54,edu_aggregate_int,2021,91.693
ecu,sex_m,age_10yrbands_y45_54,edu_aggregate_int,2022,92.824
ecu,sex_m,age_10yrbands_y45_54,edu_aggregate_int,2023,93.007
ecu,sex_m,age_10yrbands_y45_54,edu_aggregate_int,2024,93.939
ecu,sex_m,age_10yrbands_y45_54,edu_aggregate_ltb,2000,93.987
ecu,sex_m,age_10yrbands_y45_54,edu_aggregate_ltb,2001,90.766
ecu,sex_m,age_10yrbands_y45_54,edu_aggregate_ltb,2003,91.659
ecu,sex_m,age_10yrbands_y45_54,edu_aggregate_ltb,2004,90.074
ecu,sex_m,age_10yrbands_y45_54,edu_aggregate_ltb,2005,91.588
ecu,sex_m,age_10yrbands_y45_54,edu_aggregate_ltb,2006,93.262
ecu,sex_m,age_10yrbands_y45_54,edu_aggregate_ltb,2007,94.85
ecu,sex_m,age_10yrbands_y45_54,edu_aggregate_ltb,2008,94.373
ecu,sex_m,age_10yrbands_y45_54,edu_aggregate_ltb,2009,92.694
ecu,sex_m,age_10yrbands_y45_54,edu_aggregate_ltb,2010,93.116
ecu,sex_m,age_10yrbands_y45_54,edu_aggregate_ltb,2011,91.174
ecu,sex_m,age_10yrbands_y45_54,edu_aggregate_ltb,2012,92.647
ecu,sex_m,age_10yrbands_y45_54,edu_aggregate_ltb,2013,92.984
ecu,sex_m,age_10yrbands_y45_54,edu_aggregate_ltb,2014,91.547
ecu,sex_m,age_10yrbands_y45_54,edu_aggregate_ltb,2015,93.325
ecu,sex_m,age_10yrbands_y45_54,edu_aggregate_ltb,2016,93.222
ecu,sex_m,age_10yrbands_y45_54,edu_aggregate_ltb,2017,93.342
ecu,sex_m,age_10yrbands_y45_54,edu_aggregate_ltb,2018,93.496
ecu,sex_m,age_10yrbands_y45_54,edu_aggregate_ltb,2019,93.158
ecu,sex_m,age_10yrbands_y45_54,edu_aggregate_ltb,2021,90.906
ecu,sex_m,age_10yrbands_y45_54,edu_aggregate_ltb,2022,90.867
ecu,sex_m,age_10yrbands_y45_54,edu_aggregate_ltb,2023,88.904
ecu,sex_m,age_10yrbands_y45_54,edu_aggregate_ltb,2024,89.515
ecu,sex_m,age_10yrbands_y45_54,edu_aggregate_total,2000,92.526
ecu,sex_m,age_10yrbands_y45_54,edu_aggregate_total,2001,92.146
ecu,sex_m,age_10yrbands_y45_54,edu_aggregate_total,2003,93.633
ecu,sex_m,age_10yrbands_y45_54,edu_aggregate_total,2004,93.907
ecu,sex_m,age_10yrbands_y45_54,edu_aggregate_total,2005,94.325
ecu,sex_m,age_10yrbands_y45_54,edu_aggregate_total,2006,94.918
ecu,sex_m,age_10yrbands_y45_54,edu_aggregate_total,2007,96.037
ecu,sex_m,age_10yrbands_y45_54,edu_aggregate_total,2008,95.474
ecu,sex_m,age_10yrbands_y45_54,edu_aggregate_total,2009,94.54
ecu,sex_m,age_10yrbands_y45_54,edu_aggregate_total,2010,94.525
ecu,sex_m,age_10yrbands_y45_54,edu_aggregate_total,2011,94.451
ecu,sex_m,age_10yrbands_y45_54,edu_aggregate_total,2012,94.339
ecu,sex_m,age_10yrbands_y45_54,edu_aggregate_total,2013,94.41
ecu,sex_m,age_10yrbands_y45_54,edu_aggregate_total,2014,94.18
ecu,sex_m,age_10yrbands_y45_54,edu_aggregate_total,2015,94.681
ecu,sex_m,age_10yrbands_y45_54,edu_aggregate_total,2016,94.25
ecu,sex_m,age_10yrbands_y45_54,edu_aggregate_total,2017,95.034
ecu,sex_m,age_10yrbands_y45_54,edu_aggregate_total,2018,94.504
ecu,sex_m,age_10yrbands_y45_54,edu_aggregate_total,2019,94.498
ecu,sex_m,age_10yrbands_y45_54,edu_aggregate_total,2021,93.492
ecu,sex_m,age_10yrbands_y45_54,edu_aggregate_total,2022,93.931
ecu,sex_m,age_10yrbands_y45_54,edu_aggregate_total,2023,94.011
ecu,sex_m,age_10yrbands_y45_54,edu_aggregate_total,2024,94.236
ecu,sex_m,age_10yrbands_y45_54,edu_aggregate_x,2016,100
ecu,sex_m,age_10yrbands_y45_54,edu_aggregate_x,2018,100
ecu,sex_m,age_10yrbands_y45_54,edu_aggregate_x,2022,100
ecu,sex_m,age_10yrbands_y45_54,edu_isced97_0,2000,97.566
ecu,sex_m,age_10yrbands_y45_54,edu_isced97_0,2001,93.357
ecu,sex_m,age_10yrbands_y45_54,edu_isced97_0,2003,91.506
ecu,sex_m,age_10yrbands_y45_54,edu_isced97_0,2004,92.685
ecu,sex_m,age_10yrbands_y45_54,edu_isced97_0,2005,93.126
ecu,sex_m,age_10yrbands_y45_54,edu_isced97_0,2006,94.344
ecu,sex_m,age_10yrbands_y45_54,edu_isced97_0,2007,96.224
ecu,sex_m,age_10yrbands_y45_54,edu_isced97_0,2008,96.682
ecu,sex_m,age_10yrbands_y45_54,edu_isced97_0,2009,95.544
ecu,sex_m,age_10yrbands_y45_54,edu_isced97_0,2010,94.727
ecu,sex_m,age_10yrbands_y45_54,edu_isced97_0,2011,93.471
ecu,sex_m,age_10yrbands_y45_54,edu_isced97_0,2012,95.035
ecu,sex_m,age_10yrbands_y45_54,edu_isced97_0,2013,94.104
ecu,sex_m,age_10yrbands_y45_54,edu_isced97_0,2014,93.178
ecu,sex_m,age_10yrbands_y45_54,edu_isced97_0,2015,94.999
ecu,sex_m,age_10yrbands_y45_54,edu_isced97_0,2016,95.496
ecu,sex_m,age_10yrbands_y45_54,edu_isced97_0,2017,96.401
ecu,sex_m,age_10yrbands_y45_54,edu_isced97_0,2018,96.046
ecu,sex_m,age_10yrbands_y45_54,edu_isced97_0,2019,95.369
ecu,sex_m,age_10yrbands_y45_54,edu_isced97_0,2021,93.398
ecu,sex_m,age_10yrbands_y45_54,edu_isced97_0,2022,94.026
ecu,sex_m,age_10yrbands_y45_54,edu_isced97_0,2023,93.201
ecu,sex_m,age_10yrbands_y45_54,edu_isced97_0,2024,93.555
ecu,sex_m,age_10yrbands_y45_54,edu_isced97_1,2000,91.999
ecu,sex_m,age_10yrbands_y45_54,edu_isced97_1,2001,92.621
ecu,sex_m,age_10yrbands_y45_54,edu_isced97_1,2003,94.839
ecu,sex_m,age_10yrbands_y45_54,edu_isced97_1,2004,94.368
ecu,sex_m,age_10yrbands_y45_54,edu_isced97_1,2005,95.225
ecu,sex_m,age_10yrbands_y45_54,edu_isced97_1,2006,95.347
ecu,sex_m,age_10yrbands_y45_54,edu_isced97_1,2007,97.119
ecu,sex_m,age_10yrbands_y45_54,edu_isced97_1,2008,96.49
ecu,sex_m,age_10yrbands_y45_54,edu_isced97_1,2009,94.45
ecu,sex_m,age_10yrbands_y45_54,edu_isced97_1,2010,94.716
ecu,sex_m,age_10yrbands_y45_54,edu_isced97_1,2011,96.038
ecu,sex_m,age_10yrbands_y45_54,edu_isced97_1,2012,95.18
ecu,sex_m,age_10yrbands_y45_54,edu_isced97_1,2013,95.252
ecu,sex_m,age_10yrbands_y45_54,edu_isced97_1,2014,94.936
ecu,sex_m,age_10yrbands_y45_54,edu_isced97_1,2015,95.898
ecu,sex_m,age_10yrbands_y45_54,edu_isced97_1,2016,95.449
ecu,sex_m,age_10yrbands_y45_54,edu_isced97_1,2017,96.182
ecu,sex_m,age_10yrbands_y45_54,edu_isced97_1,2018,95.789
ecu,sex_m,age_10yrbands_y45_54,edu_isced97_1,2019,95.802
ecu,sex_m,age_10yrbands_y45_54,edu_isced97_1,2021,94.92
ecu,sex_m,age_10yrbands_y45_54,edu_isced97_1,2022,95.079
ecu,sex_m,age_10yrbands_y45_54,edu_isced97_1,2023,95.989
ecu,sex_m,age_10yrbands_y45_54,edu_isced97_1,2024,95.677
ecu,sex_m,age_10yrbands_y45_54,edu_isced97_2,2000,92.43
ecu,sex_m,age_10yrbands_y45_54,edu_isced97_2,2001,92.424
ecu,sex_m,age_10yrbands_y45_54,edu_isced97_2,2003,91.384
ecu,sex_m,age_10yrbands_y45_54,edu_isced97_2,2004,92.695
ecu,sex_m,age_10yrbands_y45_54,edu_isced97_2,2005,92.461
ecu,sex_m,age_10yrbands_y45_54,edu_isced97_2,2006,94.436
ecu,sex_m,age_10yrbands_y45_54,edu_isced97_2,2007,96.214
ecu,sex_m,age_10yrbands_y45_54,edu_isced97_2,2008,93.831
ecu,sex_m,age_10yrbands_y45_54,edu_isced97_2,2009,96.304
ecu,sex_m,age_10yrbands_y45_54,edu_isced97_2,2010,92.563
ecu,sex_m,age_10yrbands_y45_54,edu_isced97_2,2011,92.041
ecu,sex_m,age_10yrbands_y45_54,edu_isced97_2,2012,94.015
ecu,sex_m,age_10yrbands_y45_54,edu_isced97_2,2013,91.932
ecu,sex_m,age_10yrbands_y45_54,edu_isced97_2,2014,94.304
ecu,sex_m,age_10yrbands_y45_54,edu_isced97_2,2015,93.065
ecu,sex_m,age_10yrbands_y45_54,edu_isced97_2,2016,94.247
ecu,sex_m,age_10yrbands_y45_54,edu_isced97_2,2017,95.784
ecu,sex_m,age_10yrbands_y45_54,edu_isced97_2,2018,94.961
ecu,sex_m,age_10yrbands_y45_54,edu_isced97_2,2019,95.441
ecu,sex_m,age_10yrbands_y45_54,edu_isced97_2,2021,94.593
ecu,sex_m,age_10yrbands_y45_54,edu_isced97_2,2022,93.932
ecu,sex_m,age_10yrbands_y45_54,edu_isced97_2,2023,94.95
ecu,sex_m,age_10yrbands_y45_54,edu_isced97_2,2024,94.944
ecu,sex_m,age_10yrbands_y45_54,edu_isced97_3,2000,90.903
ecu,sex_m,age_10yrbands_y45_54,edu_isced97_3,2001,90.279
ecu,sex_m,age_10yrbands_y45_54,edu_isced97_3,2003,90.9
ecu,sex_m,age_10yrbands_y45_54,edu_isced97_3,2004,95.204
ecu,sex_m,age_10yrbands_y45_54,edu_isced97_3,2005,95.196
ecu,sex_m,age_10yrbands_y45_54,edu_isced97_3,2006,92.826
ecu,sex_m,age_10yrbands_y45_54,edu_isced97_3,2007,95.786
ecu,sex_m,age_10yrbands_y45_54,edu_isced97_3,2008,94.606
ecu,sex_m,age_10yrbands_y45_54,edu_isced97_3,2009,94.35
ecu,sex_m,age_10yrbands_y45_54,edu_isced97_3,2010,94.046
ecu,sex_m,age_10yrbands_y45_54,edu_isced97_3,2011,94.118
ecu,sex_m,age_10yrbands_y45_54,edu_isced97_3,2012,94.554
ecu,sex_m,age_10yrbands_y45_54,edu_isced97_3,2013,94.09
ecu,sex_m,age_10yrbands_y45_54,edu_isced97_3,2014,93.637
ecu,sex_m,age_10yrbands_y45_54,edu_isced97_3,2015,93.717
ecu,sex_m,age_10yrbands_y45_54,edu_isced97_3,2016,92.308
ecu,sex_m,age_10yrbands_y45_54,edu_isced97_3,2017,94.107
ecu,sex_m,age_10yrbands_y45_54,edu_isced97_3,2018,93.146
ecu,sex_m,age_10yrbands_y45_54,edu_isced97_3,2019,93.082
ecu,sex_m,age_10yrbands_y45_54,edu_isced97_3,2021,91.919
ecu,sex_m,age_10yrbands_y45_54,edu_isced97_3,2022,92.863
ecu,sex_m,age_10yrbands_y45_54,edu_isced97_3,2023,93.184
ecu,sex_m,age_10yrbands_y45_54,edu_isced97_3,2024,94.022
ecu,sex_m,age_10yrbands_y45_54,edu_isced97_4,2003,98.852
ecu,sex_m,age_10yrbands_y45_54,edu_isced97_4,2004,94.216
ecu,sex_m,age_10yrbands_y45_54,edu_isced97_4,2005,100
ecu,sex_m,age_10yrbands_y45_54,edu_isced97_4,2006,100
ecu,sex_m,age_10yrbands_y45_54,edu_isced97_4,2007,88.831
ecu,sex_m,age_10yrbands_y45_54,edu_isced97_4,2008,100
ecu,sex_m,age_10yrbands_y45_54,edu_isced97_4,2009,100
ecu,sex_m,age_10yrbands_y45_54,edu_isced97_4,2010,97.215
ecu,sex_m,age_10yrbands_y45_54,edu_isced97_4,2011,96.345
ecu,sex_m,age_10yrbands_y45_54,edu_isced97_4,2012,94.765
ecu,sex_m,age_10yrbands_y45_54,edu_isced97_4,2013,99.247
ecu,sex_m,age_10yrbands_y45_54,edu_isced97_4,2014,89.719
ecu,sex_m,age_10yrbands_y45_54,edu_isced97_4,2015,96.82
ecu,sex_m,age_10yrbands_y45_54,edu_isced97_4,2016,89.747
ecu,sex_m,age_10yrbands_y45_54,edu_isced97_4,2017,95.941
ecu,sex_m,age_10yrbands_y45_54,edu_isced97_4,2018,94.006
ecu,sex_m,age_10yrbands_y45_54,edu_isced97_4,2019,95.07
ecu,sex_m,age_10yrbands_y45_54,edu_isced97_4,2021,87.839
ecu,sex_m,age_10yrbands_y45_54,edu_isced97_4,2022,92.219
ecu,sex_m,age_10yrbands_y45_54,edu_isced97_4,2023,90.067
ecu,sex_m,age_10yrbands_y45_54,edu_isced97_4,2024,92.548
ecu,sex_m,age_10yrbands_y45_54,edu_isced97_5,2000,93.776
ecu,sex_m,age_10yrbands_y45_54,edu_isced97_5,2001,94.25
ecu,sex_m,age_10yrbands_y45_54,edu_isced97_5,2003,94.457
ecu,sex_m,age_10yrbands_y45_54,edu_isced97_5,2004,96.602
ecu,sex_m,age_10yrbands_y45_54,edu_isced97_5,2005,95.17
ecu,sex_m,age_10yrbands_y45_54,edu_isced97_5,2006,95.427
ecu,sex_m,age_10yrbands_y45_54,edu_isced97_5,2007,95.343
ecu,sex_m,age_10yrbands_y45_54,edu_isced97_5,2008,96.342
ecu,sex_m,age_10yrbands_y45_54,edu_isced97_5,2009,95.836
ecu,sex_m,age_10yrbands_y45_54,edu_isced97_5,2010,96.914
ecu,sex_m,age_10yrbands_y45_54,edu_isced97_5,2011,95.972
ecu,sex_m,age_10yrbands_y45_54,edu_isced97_5,2012,93.668
ecu,sex_m,age_10yrbands_y45_54,edu_isced97_5,2013,95.432
ecu,sex_m,age_10yrbands_y45_54,edu_isced97_5,2014,95.174
ecu,sex_m,age_10yrbands_y45_54,edu_isced97_5,2015,94.964
ecu,sex_m,age_10yrbands_y45_54,edu_isced97_5,2016,95.514
ecu,sex_m,age_10yrbands_y45_54,edu_isced97_5,2017,95.112
ecu,sex_m,age_10yrbands_y45_54,edu_isced97_5,2018,93.904
ecu,sex_m,age_10yrbands_y45_54,edu_isced97_5,2019,94.197
ecu,sex_m,age_10yrbands_y45_54,edu_isced97_5,2021,94.813
ecu,sex_m,age_10yrbands_y45_54,edu_isced97_5,2022,95.553
ecu,sex_m,age_10yrbands_y45_54,edu_isced97_5,2023,93.805
ecu,sex_m,age_10yrbands_y45_54,edu_isced97_5,2024,93.82
ecu,sex_m,age_10yrbands_y45_54,edu_isced97_6,2001,100
ecu,sex_m,age_10yrbands_y45_54,edu_isced97_6,2003,100
ecu,sex_m,age_10yrbands_y45_54,edu_isced97_6,2004,97.084
ecu,sex_m,age_10yrbands_y45_54,edu_isced97_6,2005,100
ecu,sex_m,age_10yrbands_y45_54,edu_isced97_6,2006,100
ecu,sex_m,age_10yrbands_y45_54,edu_isced97_6,2007,100
ecu,sex_m,age_10yrbands_y45_54,edu_isced97_6,2008,98.728
ecu,sex_m,age_10yrbands_y45_54,edu_isced97_6,2009,98.869
ecu,sex_m,age_10yrbands_y45_54,edu_isced97_6,2010,99.38
ecu,sex_m,age_10yrbands_y45_54,edu_isced97_6,2011,100
ecu,sex_m,age_10yrbands_y45_54,edu_isced97_6,2012,97.14
ecu,sex_m,age_10yrbands_y45_54,edu_isced97_6,2013,98.636
ecu,sex_m,age_10yrbands_y45_54,edu_isced97_6,2014,98.272
ecu,sex_m,age_10yrbands_y45_54,edu_isced97_6,2015,98.501
ecu,sex_m,age_10yrbands_y45_54,edu_isced97_6,2016,95.864
ecu,sex_m,age_10yrbands_y45_54,edu_isced97_6,2017,92.737
ecu,sex_m,age_10yrbands_y45_54,edu_isced97_6,2018,96.977
ecu,sex_m,age_10yrbands_y45_54,edu_isced97_6,2019,98.055
ecu,sex_m,age_10yrbands_y45_54,edu_isced97_6,2021,96.143
ecu,sex_m,age_10yrbands_y45_54,edu_isced97_6,2022,97.445
ecu,sex_m,age_10yrbands_y45_54,edu_isced97_6,2023,97.633
ecu,sex_m,age_10yrbands_y45_54,edu_isced97_6,2024,95.826
ecu,sex_m,age_10yrbands_y45_54,edu_isced97_total,2000,92.526
ecu,sex_m,age_10yrbands_y45_54,edu_isced97_total,2001,92.146
ecu,sex_m,age_10yrbands_y45_54,edu_isced97_total,2003,93.633
ecu,sex_m,age_10yrbands_y45_54,edu_isced97_total,2004,93.907
ecu,sex_m,age_10yrbands_y45_54,edu_isced97_total,2005,94.325
ecu,sex_m,age_10yrbands_y45_54,edu_isced97_total,2006,94.918
ecu,sex_m,age_10yrbands_y45_54,edu_isced97_total,2007,96.037
ecu,sex_m,age_10yrbands_y45_54,edu_isced97_total,2008,95.474
ecu,sex_m,age_10yrbands_y45_54,edu_isced97_total,2009,94.54
ecu,sex_m,age_10yrbands_y45_54,edu_isced97_total,2010,94.525
ecu,sex_m,age_10yrbands_y45_54,edu_isced97_total,2011,94.451
ecu,sex_m,age_10yrbands_y45_54,edu_isced97_total,2012,94.339
ecu,sex_m,age_10yrbands_y45_54,edu_isced97_total,2013,94.41
ecu,sex_m,age_10yrbands_y45_54,edu_isced97_total,2014,94.18
ecu,sex_m,age_10yrbands_y45_54,edu_isced97_total,2015,94.681
ecu,sex_m,age_10yrbands_y45_54,edu_isced97_total,2016,94.25
ecu,sex_m,age_10yrbands_y45_54,edu_isced97_total,2017,95.034
ecu,sex_m,age_10yrbands_y45_54,edu_isced97_total,2018,94.504
ecu,sex_m,age_10yrbands_y45_54,edu_isced97_total,2019,94.498
ecu,sex_m,age_10yrbands_y45_54,edu_isced97_total,2021,93.492
ecu,sex_m,age_10yrbands_y45_54,edu_isced97_total,2022,93.931
ecu,sex_m,age_10yrbands_y45_54,edu_isced97_total,2023,94.011
ecu,sex_m,age_10yrbands_y45_54,edu_isced97_total,2024,94.236
ecu,sex_m,age_10yrbands_y45_54,edu_isced97_unk,2016,100
ecu,sex_m,age_10yrbands_y45_54,edu_isced97_unk,2018,100
ecu,sex_m,age_10yrbands_y45_54,edu_isced97_unk,2022,100
ecu,sex_m,age_10yrbands_y45_54,edu_isced97_x,2000,92.019
ecu,sex_m,age_10yrbands_y45_54,edu_isced97_x,2001,87.996
ecu,sex_m,age_10yrbands_y45_54,edu_isced97_x,2003,91.791
ecu,sex_m,age_10yrbands_y45_54,edu_isced97_x,2004,87.749
ecu,sex_m,age_10yrbands_y45_54,edu_isced97_x,2005,90.265
ecu,sex_m,age_10yrbands_y45_54,edu_isced97_x,2006,92.146
ecu,sex_m,age_10yrbands_y45_54,edu_isced97_x,2007,90.128
ecu,sex_m,age_10yrbands_y45_54,edu_isced97_x,2008,87.474
ecu,sex_m,age_10yrbands_y45_54,edu_isced97_x,2009,83.753
ecu,sex_m,age_10yrbands_y45_54,edu_isced97_x,2010,87.946
ecu,sex_m,age_10yrbands_y45_54,edu_isced97_x,2011,84.682
ecu,sex_m,age_10yrbands_y45_54,edu_isced97_x,2012,85.786
ecu,sex_m,age_10yrbands_y45_54,edu_isced97_x,2013,89.474
ecu,sex_m,age_10yrbands_y45_54,edu_isced97_x,2014,86.101
ecu,sex_m,age_10yrbands_y45_54,edu_isced97_x,2015,86.688
ecu,sex_m,age_10yrbands_y45_54,edu_isced97_x,2016,84.501
ecu,sex_m,age_10yrbands_y45_54,edu_isced97_x,2017,84.338
ecu,sex_m,age_10yrbands_y45_54,edu_isced97_x,2018,84.805
ecu,sex_m,age_10yrbands_y45_54,edu_isced97_x,2019,85.162
ecu,sex_m,age_10yrbands_y45_54,edu_isced97_x,2021,82.884
ecu,sex_m,age_10yrbands_y45_54,edu_isced97_x,2022,81.138
ecu,sex_m,age_10yrbands_y45_54,edu_isced97_x,2023,77.835
ecu,sex_m,age_10yrbands_y45_54,edu_isced97_x,2024,78.154
ecu,sex_m,age_10yrbands_y55_64,edu_aggregate_adv,2000,78.259
ecu,sex_m,age_10yrbands_y55_64,edu_aggregate_adv,2001,88.986
ecu,sex_m,age_10yrbands_y55_64,edu_aggregate_adv,2003,89.577
ecu,sex_m,age_10yrbands_y55_64,edu_aggregate_adv,2004,90.106
ecu,sex_m,age_10yrbands_y55_64,edu_aggregate_adv,2005,89.955
ecu,sex_m,age_10yrbands_y55_64,edu_aggregate_adv,2006,93.978
ecu,sex_m,age_10yrbands_y55_64,edu_aggregate_adv,2007,89.613
ecu,sex_m,age_10yrbands_y55_64,edu_aggregate_adv,2008,89.676
ecu,sex_m,age_10yrbands_y55_64,edu_aggregate_adv,2009,87.51
ecu,sex_m,age_10yrbands_y55_64,edu_aggregate_adv,2010,86.077
ecu,sex_m,age_10yrbands_y55_64,edu_aggregate_adv,2011,89.871
ecu,sex_m,age_10yrbands_y55_64,edu_aggregate_adv,2012,88.323
ecu,sex_m,age_10yrbands_y55_64,edu_aggregate_adv,2013,86.448
ecu,sex_m,age_10yrbands_y55_64,edu_aggregate_adv,2014,83.704
ecu,sex_m,age_10yrbands_y55_64,edu_aggregate_adv,2015,82.779
ecu,sex_m,age_10yrbands_y55_64,edu_aggregate_adv,2016,82.73
ecu,sex_m,age_10yrbands_y55_64,edu_aggregate_adv,2017,84.036
ecu,sex_m,age_10yrbands_y55_64,edu_aggregate_adv,2018,83.717
ecu,sex_m,age_10yrbands_y55_64,edu_aggregate_adv,2019,84.026
ecu,sex_m,age_10yrbands_y55_64,edu_aggregate_adv,2021,79.211
ecu,sex_m,age_10yrbands_y55_64,edu_aggregate_adv,2022,81.626
ecu,sex_m,age_10yrbands_y55_64,edu_aggregate_adv,2023,82.245
ecu,sex_m,age_10yrbands_y55_64,edu_aggregate_adv,2024,80.575
ecu,sex_m,age_10yrbands_y55_64,edu_aggregate_bas,2000,86.699
ecu,sex_m,age_10yrbands_y55_64,edu_aggregate_bas,2001,87.66
ecu,sex_m,age_10yrbands_y55_64,edu_aggregate_bas,2003,82.274
ecu,sex_m,age_10yrbands_y55_64,edu_aggregate_bas,2004,85.311
ecu,sex_m,age_10yrbands_y55_64,edu_aggregate_bas,2005,88.76
ecu,sex_m,age_10yrbands_y55_64,edu_aggregate_bas,2006,88.561
ecu,sex_m,age_10yrbands_y55_64,edu_aggregate_bas,2007,91.525
ecu,sex_m,age_10yrbands_y55_64,edu_aggregate_bas,2008,88.684
ecu,sex_m,age_10yrbands_y55_64,edu_aggregate_bas,2009,87.558
ecu,sex_m,age_10yrbands_y55_64,edu_aggregate_bas,2010,88.481
ecu,sex_m,age_10yrbands_y55_64,edu_aggregate_bas,2011,84.694
ecu,sex_m,age_10yrbands_y55_64,edu_aggregate_bas,2012,86.167
ecu,sex_m,age_10yrbands_y55_64,edu_aggregate_bas,2013,87.343
ecu,sex_m,age_10yrbands_y55_64,edu_aggregate_bas,2014,87.951
ecu,sex_m,age_10yrbands_y55_64,edu_aggregate_bas,2015,88.13
ecu,sex_m,age_10yrbands_y55_64,edu_aggregate_bas,2016,86.549
ecu,sex_m,age_10yrbands_y55_64,edu_aggregate_bas,2017,89.903
ecu,sex_m,age_10yrbands_y55_64,edu_aggregate_bas,2018,88.584
ecu,sex_m,age_10yrbands_y55_64,edu_aggregate_bas,2019,88.262
ecu,sex_m,age_10yrbands_y55_64,edu_aggregate_bas,2021,86.649
ecu,sex_m,age_10yrbands_y55_64,edu_aggregate_bas,2022,87.721
ecu,sex_m,age_10yrbands_y55_64,edu_aggregate_bas,2023,87.165
ecu,sex_m,age_10yrbands_y55_64,edu_aggregate_bas,2024,86.667
ecu,sex_m,age_10yrbands_y55_64,edu_aggregate_int,2000,83.688
ecu,sex_m,age_10yrbands_y55_64,edu_aggregate_int,2001,77.827
ecu,sex_m,age_10yrbands_y55_64,edu_aggregate_int,2003,75.005
ecu,sex_m,age_10yrbands_y55_64,edu_aggregate_int,2004,89.132
ecu,sex_m,age_10yrbands_y55_64,edu_aggregate_int,2005,70.291
ecu,sex_m,age_10yrbands_y55_64,edu_aggregate_int,2006,72.176
ecu,sex_m,age_10yrbands_y55_64,edu_aggregate_int,2007,90.396
ecu,sex_m,age_10yrbands_y55_64,edu_aggregate_int,2008,86.638
ecu,sex_m,age_10yrbands_y55_64,edu_aggregate_int,2009,83.164
ecu,sex_m,age_10yrbands_y55_64,edu_aggregate_int,2010,78.572
ecu,sex_m,age_10yrbands_y55_64,edu_aggregate_int,2011,82.638
ecu,sex_m,age_10yrbands_y55_64,edu_aggregate_int,2012,78.542
ecu,sex_m,age_10yrbands_y55_64,edu_aggregate_int,2013,82.649
ecu,sex_m,age_10yrbands_y55_64,edu_aggregate_int,2014,78.207
ecu,sex_m,age_10yrbands_y55_64,edu_aggregate_int,2015,79.39
ecu,sex_m,age_10yrbands_y55_64,edu_aggregate_int,2016,80.868
ecu,sex_m,age_10yrbands_y55_64,edu_aggregate_int,2017,82.662
ecu,sex_m,age_10yrbands_y55_64,edu_aggregate_int,2018,81.236
ecu,sex_m,age_10yrbands_y55_64,edu_aggregate_int,2019,80.423
ecu,sex_m,age_10yrbands_y55_64,edu_aggregate_int,2021,78.072
ecu,sex_m,age_10yrbands_y55_64,edu_aggregate_int,2022,81.615
ecu,sex_m,age_10yrbands_y55_64,edu_aggregate_int,2023,83.754
ecu,sex_m,age_10yrbands_y55_64,edu_aggregate_int,2024,84.278
ecu,sex_m,age_10yrbands_y55_64,edu_aggregate_ltb,2000,88.233
ecu,sex_m,age_10yrbands_y55_64,edu_aggregate_ltb,2001,87.438
ecu,sex_m,age_10yrbands_y55_64,edu_aggregate_ltb,2003,82.751
ecu,sex_m,age_10yrbands_y55_64,edu_aggregate_ltb,2004,87.029
ecu,sex_m,age_10yrbands_y55_64,edu_aggregate_ltb,2005,89.857
ecu,sex_m,age_10yrbands_y55_64,edu_aggregate_ltb,2006,90.426
ecu,sex_m,age_10yrbands_y55_64,edu_aggregate_ltb,2007,90.074
ecu,sex_m,age_10yrbands_y55_64,edu_aggregate_ltb,2008,87.357
ecu,sex_m,age_10yrbands_y55_64,edu_aggregate_ltb,2009,87.708
ecu,sex_m,age_10yrbands_y55_64,edu_aggregate_ltb,2010,87.877
ecu,sex_m,age_10yrbands_y55_64,edu_aggregate_ltb,2011,89.605
ecu,sex_m,age_10yrbands_y55_64,edu_aggregate_ltb,2012,88.615
ecu,sex_m,age_10yrbands_y55_64,edu_aggregate_ltb,2013,87.746
ecu,sex_m,age_10yrbands_y55_64,edu_aggregate_ltb,2014,86.082
ecu,sex_m,age_10yrbands_y55_64,edu_aggregate_ltb,2015,87.975
ecu,sex_m,age_10yrbands_y55_64,edu_aggregate_ltb,2016,88.067
ecu,sex_m,age_10yrbands_y55_64,edu_aggregate_ltb,2017,91.699
ecu,sex_m,age_10yrbands_y55_64,edu_aggregate_ltb,2018,89.407
ecu,sex_m,age_10yrbands_y55_64,edu_aggregate_ltb,2019,87.313
ecu,sex_m,age_10yrbands_y55_64,edu_aggregate_ltb,2021,85.51
ecu,sex_m,age_10yrbands_y55_64,edu_aggregate_ltb,2022,82.958
ecu,sex_m,age_10yrbands_y55_64,edu_aggregate_ltb,2023,87.257
ecu,sex_m,age_10yrbands_y55_64,edu_aggregate_ltb,2024,80.038
ecu,sex_m,age_10yrbands_y55_64,edu_aggregate_total,2000,85.834
ecu,sex_m,age_10yrbands_y55_64,edu_aggregate_total,2001,86.255
ecu,sex_m,age_10yrbands_y55_64,edu_aggregate_total,2003,82.928
ecu,sex_m,age_10yrbands_y55_64,edu_aggregate_total,2004,86.223
ecu,sex_m,age_10yrbands_y55_64,edu_aggregate_total,2005,88.753
ecu,sex_m,age_10yrbands_y55_64,edu_aggregate_total,2006,89.47
ecu,sex_m,age_10yrbands_y55_64,edu_aggregate_total,2007,90.636
ecu,sex_m,age_10yrbands_y55_64,edu_aggregate_total,2008,88.204
ecu,sex_m,age_10yrbands_y55_64,edu_aggregate_total,2009,87.088
ecu,sex_m,age_10yrbands_y55_64,edu_aggregate_total,2010,86.844
ecu,sex_m,age_10yrbands_y55_64,edu_aggregate_total,2011,86.56
ecu,sex_m,age_10yrbands_y55_64,edu_aggregate_total,2012,86.204
ecu,sex_m,age_10yrbands_y55_64,edu_aggregate_total,2013,86.67
ecu,sex_m,age_10yrbands_y55_64,edu_aggregate_total,2014,85.422
ecu,sex_m,age_10yrbands_y55_64,edu_aggregate_total,2015,86.022
ecu,sex_m,age_10yrbands_y55_64,edu_aggregate_total,2016,85.408
ecu,sex_m,age_10yrbands_y55_64,edu_aggregate_total,2017,88.152
ecu,sex_m,age_10yrbands_y55_64,edu_aggregate_total,2018,86.697
ecu,sex_m,age_10yrbands_y55_64,edu_aggregate_total,2019,85.878
ecu,sex_m,age_10yrbands_y55_64,edu_aggregate_total,2021,83.55
ecu,sex_m,age_10yrbands_y55_64,edu_aggregate_total,2022,84.697
ecu,sex_m,age_10yrbands_y55_64,edu_aggregate_total,2023,85.792
ecu,sex_m,age_10yrbands_y55_64,edu_aggregate_total,2024,84.224
ecu,sex_m,age_10yrbands_y55_64,edu_aggregate_x,2016,96.833
ecu,sex_m,age_10yrbands_y55_64,edu_aggregate_x,2017,79.48
ecu,sex_m,age_10yrbands_y55_64,edu_aggregate_x,2018,93.681
ecu,sex_m,age_10yrbands_y55_64,edu_aggregate_x,2019,100
ecu,sex_m,age_10yrbands_y55_64,edu_aggregate_x,2021,100
ecu,sex_m,age_10yrbands_y55_64,edu_aggregate_x,2023,97.55
ecu,sex_m,age_10yrbands_y55_64,edu_aggregate_x,2024,100
ecu,sex_m,age_10yrbands_y55_64,edu_isced97_0,2000,84.576
ecu,sex_m,age_10yrbands_y55_64,edu_isced97_0,2001,87.93
ecu,sex_m,age_10yrbands_y55_64,edu_isced97_0,2003,85.702
ecu,sex_m,age_10yrbands_y55_64,edu_isced97_0,2004,85.483
ecu,sex_m,age_10yrbands_y55_64,edu_isced97_0,2005,92.667
ecu,sex_m,age_10yrbands_y55_64,edu_isced97_0,2006,93.462
ecu,sex_m,age_10yrbands_y55_64,edu_isced97_0,2007,91.219
ecu,sex_m,age_10yrbands_y55_64,edu_isced97_0,2008,87.545
ecu,sex_m,age_10yrbands_y55_64,edu_isced97_0,2009,88.561
ecu,sex_m,age_10yrbands_y55_64,edu_isced97_0,2010,90.613
ecu,sex_m,age_10yrbands_y55_64,edu_isced97_0,2011,90.817
ecu,sex_m,age_10yrbands_y55_64,edu_isced97_0,2012,89.232
ecu,sex_m,age_10yrbands_y55_64,edu_isced97_0,2013,88.517
ecu,sex_m,age_10yrbands_y55_64,edu_isced97_0,2014,87.058
ecu,sex_m,age_10yrbands_y55_64,edu_isced97_0,2015,89.277
ecu,sex_m,age_10yrbands_y55_64,edu_isced97_0,2016,90.057
ecu,sex_m,age_10yrbands_y55_64,edu_isced97_0,2017,93.187
ecu,sex_m,age_10yrbands_y55_64,edu_isced97_0,2018,90.164
ecu,sex_m,age_10yrbands_y55_64,edu_isced97_0,2019,89.127
ecu,sex_m,age_10yrbands_y55_64,edu_isced97_0,2021,89.809
ecu,sex_m,age_10yrbands_y55_64,edu_isced97_0,2022,86.066
ecu,sex_m,age_10yrbands_y55_64,edu_isced97_0,2023,88.466
ecu,sex_m,age_10yrbands_y55_64,edu_isced97_0,2024,83.811
ecu,sex_m,age_10yrbands_y55_64,edu_isced97_1,2000,90.232
ecu,sex_m,age_10yrbands_y55_64,edu_isced97_1,2001,90.538
ecu,sex_m,age_10yrbands_y55_64,edu_isced97_1,2003,83.808
ecu,sex_m,age_10yrbands_y55_64,edu_isced97_1,2004,86.15
ecu,sex_m,age_10yrbands_y55_64,edu_isced97_1,2005,89.156
ecu,sex_m,age_10yrbands_y55_64,edu_isced97_1,2006,89.235
ecu,sex_m,age_10yrbands_y55_64,edu_isced97_1,2007,92.666
ecu,sex_m,age_10yrbands_y55_64,edu_isced97_1,2008,89.574
ecu,sex_m,age_10yrbands_y55_64,edu_isced97_1,2009,87.524
ecu,sex_m,age_10yrbands_y55_64,edu_isced97_1,2010,89.069
ecu,sex_m,age_10yrbands_y55_64,edu_isced97_1,2011,85.264
ecu,sex_m,age_10yrbands_y55_64,edu_isced97_1,2012,86.479
ecu,sex_m,age_10yrbands_y55_64,edu_isced97_1,2013,87.802
ecu,sex_m,age_10yrbands_y55_64,edu_isced97_1,2014,88.058
ecu,sex_m,age_10yrbands_y55_64,edu_isced97_1,2015,88.06
ecu,sex_m,age_10yrbands_y55_64,edu_isced97_1,2016,87.034
ecu,sex_m,age_10yrbands_y55_64,edu_isced97_1,2017,89.981
ecu,sex_m,age_10yrbands_y55_64,edu_isced97_1,2018,89.567
ecu,sex_m,age_10yrbands_y55_64,edu_isced97_1,2019,88.891
ecu,sex_m,age_10yrbands_y55_64,edu_isced97_1,2021,87.436
ecu,sex_m,age_10yrbands_y55_64,edu_isced97_1,2022,88.62
ecu,sex_m,age_10yrbands_y55_64,edu_isced97_1,2023,87.578
ecu,sex_m,age_10yrbands_y55_64,edu_isced97_1,2024,87.591
ecu,sex_m,age_10yrbands_y55_64,edu_isced97_2,2000,85.088
ecu,sex_m,age_10yrbands_y55_64,edu_isced97_2,2001,86.057
ecu,sex_m,age_10yrbands_y55_64,edu_isced97_2,2003,76.54
ecu,sex_m,age_10yrbands_y55_64,edu_isced97_2,2004,81.822
ecu,sex_m,age_10yrbands_y55_64,edu_isced97_2,2005,87.198
ecu,sex_m,age_10yrbands_y55_64,edu_isced97_2,2006,86.143
ecu,sex_m,age_10yrbands_y55_64,edu_isced97_2,2007,85.777
ecu,sex_m,age_10yrbands_y55_64,edu_isced97_2,2008,83.925
ecu,sex_m,age_10yrbands_y55_64,edu_isced97_2,2009,87.789
ecu,sex_m,age_10yrbands_y55_64,edu_isced97_2,2010,85.42
ecu,sex_m,age_10yrbands_y55_64,edu_isced97_2,2011,81.773
ecu,sex_m,age_10yrbands_y55_64,edu_isced97_2,2012,84.549
ecu,sex_m,age_10yrbands_y55_64,edu_isced97_2,2013,85.252
ecu,sex_m,age_10yrbands_y55_64,edu_isced97_2,2014,87.365
ecu,sex_m,age_10yrbands_y55_64,edu_isced97_2,2015,88.48
ecu,sex_m,age_10yrbands_y55_64,edu_isced97_2,2016,84.351
ecu,sex_m,age_10yrbands_y55_64,edu_isced97_2,2017,89.56
ecu,sex_m,age_10yrbands_y55_64,edu_isced97_2,2018,83.904
ecu,sex_m,age_10yrbands_y55_64,edu_isced97_2,2019,85.46
ecu,sex_m,age_10yrbands_y55_64,edu_isced97_2,2021,82.892
ecu,sex_m,age_10yrbands_y55_64,edu_isced97_2,2022,83.681
ecu,sex_m,age_10yrbands_y55_64,edu_isced97_2,2023,85.368
ecu,sex_m,age_10yrbands_y55_64,edu_isced97_2,2024,83.026
ecu,sex_m,age_10yrbands_y55_64,edu_isced97_3,2000,83.688
ecu,sex_m,age_10yrbands_y55_64,edu_isced97_3,2001,77.827
ecu,sex_m,age_10yrbands_y55_64,edu_isced97_3,2003,71.424
ecu,sex_m,age_10yrbands_y55_64,edu_isced97_3,2004,90.585
ecu,sex_m,age_10yrbands_y55_64,edu_isced97_3,2005,73.03
ecu,sex_m,age_10yrbands_y55_64,edu_isced97_3,2006,79.142
ecu,sex_m,age_10yrbands_y55_64,edu_isced97_3,2007,90.262
ecu,sex_m,age_10yrbands_y55_64,edu_isced97_3,2008,86.255
ecu,sex_m,age_10yrbands_y55_64,edu_isced97_3,2009,83.326
ecu,sex_m,age_10yrbands_y55_64,edu_isced97_3,2010,78.448
ecu,sex_m,age_10yrbands_y55_64,edu_isced97_3,2011,82.546
ecu,sex_m,age_10yrbands_y55_64,edu_isced97_3,2012,78.609
ecu,sex_m,age_10yrbands_y55_64,edu_isced97_3,2013,82.561
ecu,sex_m,age_10yrbands_y55_64,edu_isced97_3,2014,78.248
ecu,sex_m,age_10yrbands_y55_64,edu_isced97_3,2015,79.256
ecu,sex_m,age_10yrbands_y55_64,edu_isced97_3,2016,80.927
ecu,sex_m,age_10yrbands_y55_64,edu_isced97_3,2017,82.44
ecu,sex_m,age_10yrbands_y55_64,edu_isced97_3,2018,81.011
ecu,sex_m,age_10yrbands_y55_64,edu_isced97_3,2019,80.544
ecu,sex_m,age_10yrbands_y55_64,edu_isced97_3,2021,78.082
ecu,sex_m,age_10yrbands_y55_64,edu_isced97_3,2022,81.412
ecu,sex_m,age_10yrbands_y55_64,edu_isced97_3,2023,83.598
ecu,sex_m,age_10yrbands_y55_64,edu_isced97_3,2024,84.295
ecu,sex_m,age_10yrbands_y55_64,edu_isced97_4,2004,81.629
ecu,sex_m,age_10yrbands_y55_64,edu_isced97_4,2005,65.842
ecu,sex_m,age_10yrbands_y55_64,edu_isced97_4,2006,33.265
ecu,sex_m,age_10yrbands_y55_64,edu_isced97_4,2007,95.282
ecu,sex_m,age_10yrbands_y55_64,edu_isced97_4,2008,100
ecu,sex_m,age_10yrbands_y55_64,edu_isced97_4,2010,84.472
ecu,sex_m,age_10yrbands_y55_64,edu_isced97_4,2011,94.432
ecu,sex_m,age_10yrbands_y55_64,edu_isced97_4,2012,76.199
ecu,sex_m,age_10yrbands_y55_64,edu_isced97_4,2013,85.726
ecu,sex_m,age_10yrbands_y55_64,edu_isced97_4,2014,76.96
ecu,sex_m,age_10yrbands_y55_64,edu_isced97_4,2015,83.269
ecu,sex_m,age_10yrbands_y55_64,edu_isced97_4,2016,79.693
ecu,sex_m,age_10yrbands_y55_64,edu_isced97_4,2017,86.888
ecu,sex_m,age_10yrbands_y55_64,edu_isced97_4,2018,86.879
ecu,sex_m,age_10yrbands_y55_64,edu_isced97_4,2019,77.254
ecu,sex_m,age_10yrbands_y55_64,edu_isced97_4,2021,77.844
ecu,sex_m,age_10yrbands_y55_64,edu_isced97_4,2022,86.59
ecu,sex_m,age_10yrbands_y55_64,edu_isced97_4,2023,87.268
ecu,sex_m,age_10yrbands_y55_64,edu_isced97_4,2024,83.942
ecu,sex_m,age_10yrbands_y55_64,edu_isced97_5,2000,78.259
ecu,sex_m,age_10yrbands_y55_64,edu_isced97_5,2001,89.284
ecu,sex_m,age_10yrbands_y55_64,edu_isced97_5,2003,88.576
ecu,sex_m,age_10yrbands_y55_64,edu_isced97_5,2004,89.229
ecu,sex_m,age_10yrbands_y55_64,edu_isced97_5,2005,89.851
ecu,sex_m,age_10yrbands_y55_64,edu_isced97_5,2006,94.443
ecu,sex_m,age_10yrbands_y55_64,edu_isced97_5,2007,88.594
ecu,sex_m,age_10yrbands_y55_64,edu_isced97_5,2008,89.4
ecu,sex_m,age_10yrbands_y55_64,edu_isced97_5,2009,85.474
ecu,sex_m,age_10yrbands_y55_64,edu_isced97_5,2010,85.257
ecu,sex_m,age_10yrbands_y55_64,edu_isced97_5,2011,89.731
ecu,sex_m,age_10yrbands_y55_64,edu_isced97_5,2012,87.709
ecu,sex_m,age_10yrbands_y55_64,edu_isced97_5,2013,85.099
ecu,sex_m,age_10yrbands_y55_64,edu_isced97_5,2014,82.981
ecu,sex_m,age_10yrbands_y55_64,edu_isced97_5,2015,82.078
ecu,sex_m,age_10yrbands_y55_64,edu_isced97_5,2016,82.234
ecu,sex_m,age_10yrbands_y55_64,edu_isced97_5,2017,84.354
ecu,sex_m,age_10yrbands_y55_64,edu_isced97_5,2018,83.62
ecu,sex_m,age_10yrbands_y55_64,edu_isced97_5,2019,83.558
ecu,sex_m,age_10yrbands_y55_64,edu_isced97_5,2021,79.11
ecu,sex_m,age_10yrbands_y55_64,edu_isced97_5,2022,82.098
ecu,sex_m,age_10yrbands_y55_64,edu_isced97_5,2023,82.509
ecu,sex_m,age_10yrbands_y55_64,edu_isced97_5,2024,79.654
ecu,sex_m,age_10yrbands_y55_64,edu_isced97_6,2001,84.753
ecu,sex_m,age_10yrbands_y55_64,edu_isced97_6,2003,100
ecu,sex_m,age_10yrbands_y55_64,edu_isced97_6,2004,96.739
ecu,sex_m,age_10yrbands_y55_64,edu_isced97_6,2005,91.052
ecu,sex_m,age_10yrbands_y55_64,edu_isced97_6,2006,90.456
ecu,sex_m,age_10yrbands_y55_64,edu_isced97_6,2007,93.984
ecu,sex_m,age_10yrbands_y55_64,edu_isced97_6,2008,91.368
ecu,sex_m,age_10yrbands_y55_64,edu_isced97_6,2009,100
ecu,sex_m,age_10yrbands_y55_64,edu_isced97_6,2010,91.753
ecu,sex_m,age_10yrbands_y55_64,edu_isced97_6,2011,90.963
ecu,sex_m,age_10yrbands_y55_64,edu_isced97_6,2012,92.908
ecu,sex_m,age_10yrbands_y55_64,edu_isced97_6,2013,98.006
ecu,sex_m,age_10yrbands_y55_64,edu_isced97_6,2014,89.019
ecu,sex_m,age_10yrbands_y55_64,edu_isced97_6,2015,87.93
ecu,sex_m,age_10yrbands_y55_64,edu_isced97_6,2016,85.367
ecu,sex_m,age_10yrbands_y55_64,edu_isced97_6,2017,82.369
ecu,sex_m,age_10yrbands_y55_64,edu_isced97_6,2018,84.321
ecu,sex_m,age_10yrbands_y55_64,edu_isced97_6,2019,86.659
ecu,sex_m,age_10yrbands_y55_64,edu_isced97_6,2021,79.819
ecu,sex_m,age_10yrbands_y55_64,edu_isced97_6,2022,78.655
ecu,sex_m,age_10yrbands_y55_64,edu_isced97_6,2023,80.724
ecu,sex_m,age_10yrbands_y55_64,edu_isced97_6,2024,84.662
ecu,sex_m,age_10yrbands_y55_64,edu_isced97_total,2000,85.834
ecu,sex_m,age_10yrbands_y55_64,edu_isced97_total,2001,86.255
ecu,sex_m,age_10yrbands_y55_64,edu_isced97_total,2003,82.928
ecu,sex_m,age_10yrbands_y55_64,edu_isced97_total,2004,86.223
ecu,sex_m,age_10yrbands_y55_64,edu_isced97_total,2005,88.753
ecu,sex_m,age_10yrbands_y55_64,edu_isced97_total,2006,89.47
ecu,sex_m,age_10yrbands_y55_64,edu_isced97_total,2007,90.636
ecu,sex_m,age_10yrbands_y55_64,edu_isced97_total,2008,88.204
ecu,sex_m,age_10yrbands_y55_64,edu_isced97_total,2009,87.088
ecu,sex_m,age_10yrbands_y55_64,edu_isced97_total,2010,86.844
ecu,sex_m,age_10yrbands_y55_64,edu_isced97_total,2011,86.56
ecu,sex_m,age_10yrbands_y55_64,edu_isced97_total,2012,86.204
ecu,sex_m,age_10yrbands_y55_64,edu_isced97_total,2013,86.67
ecu,sex_m,age_10yrbands_y55_64,edu_isced97_total,2014,85.422
ecu,sex_m,age_10yrbands_y55_64,edu_isced97_total,2015,86.022
ecu,sex_m,age_10yrbands_y55_64,edu_isced97_total,2016,85.408
ecu,sex_m,age_10yrbands_y55_64,edu_isced97_total,2017,88.152
ecu,sex_m,age_10yrbands_y55_64,edu_isced97_total,2018,86.697
ecu,sex_m,age_10yrbands_y55_64,edu_isced97_total,2019,85.878
ecu,sex_m,age_10yrbands_y55_64,edu_isced97_total,2021,83.55
ecu,sex_m,age_10yrbands_y55_64,edu_isced97_total,2022,84.697
ecu,sex_m,age_10yrbands_y55_64,edu_isced97_total,2023,85.792
ecu,sex_m,age_10yrbands_y55_64,edu_isced97_total,2024,84.224
ecu,sex_m,age_10yrbands_y55_64,edu_isced97_unk,2016,96.833
ecu,sex_m,age_10yrbands_y55_64,edu_isced97_unk,2017,79.48
ecu,sex_m,age_10yrbands_y55_64,edu_isced97_unk,2018,93.681
ecu,sex_m,age_10yrbands_y55_64,edu_isced97_unk,2019,100
ecu,sex_m,age_10yrbands_y55_64,edu_isced97_unk,2021,100
ecu,sex_m,age_10yrbands_y55_64,edu_isced97_unk,2023,97.55
ecu,sex_m,age_10yrbands_y55_64,edu_isced97_unk,2024,100
ecu,sex_m,age_10yrbands_y55_64,edu_isced97_x,2000,89.928
ecu,sex_m,age_10yrbands_y55_64,edu_isced97_x,2001,86.982
ecu,sex_m,age_10yrbands_y55_64,edu_isced97_x,2003,80.737
ecu,sex_m,age_10yrbands_y55_64,edu_isced97_x,2004,88.114
ecu,sex_m,age_10yrbands_y55_64,edu_isced97_x,2005,88.094
ecu,sex_m,age_10yrbands_y55_64,edu_isced97_x,2006,87.967
ecu,sex_m,age_10yrbands_y55_64,edu_isced97_x,2007,87.222
ecu,sex_m,age_10yrbands_y55_64,edu_isced97_x,2008,86.903
ecu,sex_m,age_10yrbands_y55_64,edu_isced97_x,2009,85.621
ecu,sex_m,age_10yrbands_y55_64,edu_isced97_x,2010,81.19
ecu,sex_m,age_10yrbands_y55_64,edu_isced97_x,2011,86.877
ecu,sex_m,age_10yrbands_y55_64,edu_isced97_x,2012,87.225
ecu,sex_m,age_10yrbands_y55_64,edu_isced97_x,2013,85.942
ecu,sex_m,age_10yrbands_y55_64,edu_isced97_x,2014,83.7
ecu,sex_m,age_10yrbands_y55_64,edu_isced97_x,2015,84.181
ecu,sex_m,age_10yrbands_y55_64,edu_isced97_x,2016,82.002
ecu,sex_m,age_10yrbands_y55_64,edu_isced97_x,2017,87.722
ecu,sex_m,age_10yrbands_y55_64,edu_isced97_x,2018,87.769
ecu,sex_m,age_10yrbands_y55_64,edu_isced97_x,2019,82.906
ecu,sex_m,age_10yrbands_y55_64,edu_isced97_x,2021,72.7
ecu,sex_m,age_10yrbands_y55_64,edu_isced97_x,2022,72.896
ecu,sex_m,age_10yrbands_y55_64,edu_isced97_x,2023,83.87
ecu,sex_m,age_10yrbands_y55_64,edu_isced97_x,2024,70.714
ecu,sex_m,age_10yrbands_yge65,edu_aggregate_adv,2000,37.002
ecu,sex_m,age_10yrbands_yge65,edu_aggregate_adv,2001,45.516
ecu,sex_m,age_10yrbands_yge65,edu_aggregate_adv,2003,58.267
ecu,sex_m,age_10yrbands_yge65,edu_aggregate_adv,2004,61.251
ecu,sex_m,age_10yrbands_yge65,edu_aggregate_adv,2005,59.8
ecu,sex_m,age_10yrbands_yge65,edu_aggregate_adv,2006,55.392
ecu,sex_m,age_10yrbands_yge65,edu_aggregate_adv,2007,50.685
ecu,sex_m,age_10yrbands_yge65,edu_aggregate_adv,2008,54.968
ecu,sex_m,age_10yrbands_yge65,edu_aggregate_adv,2009,55.088
ecu,sex_m,age_10yrbands_yge65,edu_aggregate_adv,2010,52.946
ecu,sex_m,age_10yrbands_yge65,edu_aggregate_adv,2011,42.268
ecu,sex_m,age_10yrbands_yge65,edu_aggregate_adv,2012,45.67
ecu,sex_m,age_10yrbands_yge65,edu_aggregate_adv,2013,42.806
ecu,sex_m,age_10yrbands_yge65,edu_aggregate_adv,2014,39.68
ecu,sex_m,age_10yrbands_yge65,edu_aggregate_adv,2015,40.559
ecu,sex_m,age_10yrbands_yge65,edu_aggregate_adv,2016,36.876
ecu,sex_m,age_10yrbands_yge65,edu_aggregate_adv,2017,38.248
ecu,sex_m,age_10yrbands_yge65,edu_aggregate_adv,2018,38.943
ecu,sex_m,age_10yrbands_yge65,edu_aggregate_adv,2019,37.967
ecu,sex_m,age_10yrbands_yge65,edu_aggregate_adv,2021,33.784
ecu,sex_m,age_10yrbands_yge65,edu_aggregate_adv,2022,33.696
ecu,sex_m,age_10yrbands_yge65,edu_aggregate_adv,2023,32.054
ecu,sex_m,age_10yrbands_yge65,edu_aggregate_adv,2024,39.668
ecu,sex_m,age_10yrbands_yge65,edu_aggregate_bas,2000,56.697
ecu,sex_m,age_10yrbands_yge65,edu_aggregate_bas,2001,60.188
ecu,sex_m,age_10yrbands_yge65,edu_aggregate_bas,2003,54.363
ecu,sex_m,age_10yrbands_yge65,edu_aggregate_bas,2004,56.603
ecu,sex_m,age_10yrbands_yge65,edu_aggregate_bas,2005,55.076
ecu,sex_m,age_10yrbands_yge65,edu_aggregate_bas,2006,59.127
ecu,sex_m,age_10yrbands_yge65,edu_aggregate_bas,2007,54.454
ecu,sex_m,age_10yrbands_yge65,edu_aggregate_bas,2008,53.872
ecu,sex_m,age_10yrbands_yge65,edu_aggregate_bas,2009,52.926
ecu,sex_m,age_10yrbands_yge65,edu_aggregate_bas,2010,51.038
ecu,sex_m,age_10yrbands_yge65,edu_aggregate_bas,2011,48.141
ecu,sex_m,age_10yrbands_yge65,edu_aggregate_bas,2012,53.409
ecu,sex_m,age_10yrbands_yge65,edu_aggregate_bas,2013,52.083
ecu,sex_m,age_10yrbands_yge65,edu_aggregate_bas,2014,52.218
ecu,sex_m,age_10yrbands_yge65,edu_aggregate_bas,2015,54.519
ecu,sex_m,age_10yrbands_yge65,edu_aggregate_bas,2016,57.2
ecu,sex_m,age_10yrbands_yge65,edu_aggregate_bas,2017,57.292
ecu,sex_m,age_10yrbands_yge65,edu_aggregate_bas,2018,54.651
ecu,sex_m,age_10yrbands_yge65,edu_aggregate_bas,2019,53.635
ecu,sex_m,age_10yrbands_yge65,edu_aggregate_bas,2021,51.495
ecu,sex_m,age_10yrbands_yge65,edu_aggregate_bas,2022,52.753
ecu,sex_m,age_10yrbands_yge65,edu_aggregate_bas,2023,50.456
ecu,sex_m,age_10yrbands_yge65,edu_aggregate_bas,2024,50.766
ecu,sex_m,age_10yrbands_yge65,edu_aggregate_int,2000,40.24
ecu,sex_m,age_10yrbands_yge65,edu_aggregate_int,2001,48.776
ecu,sex_m,age_10yrbands_yge65,edu_aggregate_int,2003,29.554
ecu,sex_m,age_10yrbands_yge65,edu_aggregate_int,2004,42.191
ecu,sex_m,age_10yrbands_yge65,edu_aggregate_int,2005,51.667
ecu,sex_m,age_10yrbands_yge65,edu_aggregate_int,2006,59.987
ecu,sex_m,age_10yrbands_yge65,edu_aggregate_int,2007,31.618
ecu,sex_m,age_10yrbands_yge65,edu_aggregate_int,2008,39.99
ecu,sex_m,age_10yrbands_yge65,edu_aggregate_int,2009,35.008
ecu,sex_m,age_10yrbands_yge65,edu_aggregate_int,2010,39.868
ecu,sex_m,age_10yrbands_yge65,edu_aggregate_int,2011,41.032
ecu,sex_m,age_10yrbands_yge65,edu_aggregate_int,2012,34.689
ecu,sex_m,age_10yrbands_yge65,edu_aggregate_int,2013,34.748
ecu,sex_m,age_10yrbands_yge65,edu_aggregate_int,2014,35.984
ecu,sex_m,age_10yrbands_yge65,edu_aggregate_int,2015,40.101
ecu,sex_m,age_10yrbands_yge65,edu_aggregate_int,2016,38.034
ecu,sex_m,age_10yrbands_yge65,edu_aggregate_int,2017,41.777
ecu,sex_m,age_10yrbands_yge65,edu_aggregate_int,2018,42.294
ecu,sex_m,age_10yrbands_yge65,edu_aggregate_int,2019,37.951
ecu,sex_m,age_10yrbands_yge65,edu_aggregate_int,2021,34.217
ecu,sex_m,age_10yrbands_yge65,edu_aggregate_int,2022,37.834
ecu,sex_m,age_10yrbands_yge65,edu_aggregate_int,2023,38.147
ecu,sex_m,age_10yrbands_yge65,edu_aggregate_int,2024,39.888
ecu,sex_m,age_10yrbands_yge65,edu_aggregate_ltb,2000,57.302
ecu,sex_m,age_10yrbands_yge65,edu_aggregate_ltb,2001,61.279
ecu,sex_m,age_10yrbands_yge65,edu_aggregate_ltb,2003,60.633
ecu,sex_m,age_10yrbands_yge65,edu_aggregate_ltb,2004,61.46
ecu,sex_m,age_10yrbands_yge65,edu_aggregate_ltb,2005,61.667
ecu,sex_m,age_10yrbands_yge65,edu_aggregate_ltb,2006,60.895
ecu,sex_m,age_10yrbands_yge65,edu_aggregate_ltb,2007,62.513
ecu,sex_m,age_10yrbands_yge65,edu_aggregate_ltb,2008,59.725
ecu,sex_m,age_10yrbands_yge65,edu_aggregate_ltb,2009,56.448
ecu,sex_m,age_10yrbands_yge65,edu_aggregate_ltb,2010,55.441
ecu,sex_m,age_10yrbands_yge65,edu_aggregate_ltb,2011,57.263
ecu,sex_m,age_10yrbands_yge65,edu_aggregate_ltb,2012,55.686
ecu,sex_m,age_10yrbands_yge65,edu_aggregate_ltb,2013,54.208
ecu,sex_m,age_10yrbands_yge65,edu_aggregate_ltb,2014,53.797
ecu,sex_m,age_10yrbands_yge65,edu_aggregate_ltb,2015,58.457
ecu,sex_m,age_10yrbands_yge65,edu_aggregate_ltb,2016,59.496
ecu,sex_m,age_10yrbands_yge65,edu_aggregate_ltb,2017,58.354
ecu,sex_m,age_10yrbands_yge65,edu_aggregate_ltb,2018,58.679
ecu,sex_m,age_10yrbands_yge65,edu_aggregate_ltb,2019,56.747
ecu,sex_m,age_10yrbands_yge65,edu_aggregate_ltb,2021,51.054
ecu,sex_m,age_10yrbands_yge65,edu_aggregate_ltb,2022,50.113
ecu,sex_m,age_10yrbands_yge65,edu_aggregate_ltb,2023,48.54
ecu,sex_m,age_10yrbands_yge65,edu_aggregate_ltb,2024,48.383
ecu,sex_m,age_10yrbands_yge65,edu_aggregate_total,2000,53.864
ecu,sex_m,age_10yrbands_yge65,edu_aggregate_total,2001,58.502
ecu,sex_m,age_10yrbands_yge65,edu_aggregate_total,2003,56.647
ecu,sex_m,age_10yrbands_yge65,edu_aggregate_total,2004,58.502
ecu,sex_m,age_10yrbands_yge65,edu_aggregate_total,2005,57.512
ecu,sex_m,age_10yrbands_yge65,edu_aggregate_total,2006,59.603
ecu,sex_m,age_10yrbands_yge65,edu_aggregate_total,2007,57.199
ecu,sex_m,age_10yrbands_yge65,edu_aggregate_total,2008,56.224
ecu,sex_m,age_10yrbands_yge65,edu_aggregate_total,2009,53.637
ecu,sex_m,age_10yrbands_yge65,edu_aggregate_total,2010,52.62
ecu,sex_m,age_10yrbands_yge65,edu_aggregate_total,2011,51.855
ecu,sex_m,age_10yrbands_yge65,edu_aggregate_total,2012,52.477
ecu,sex_m,age_10yrbands_yge65,edu_aggregate_total,2013,50.975
ecu,sex_m,age_10yrbands_yge65,edu_aggregate_total,2014,50.747
ecu,sex_m,age_10yrbands_yge65,edu_aggregate_total,2015,54.214
ecu,sex_m,age_10yrbands_yge65,edu_aggregate_total,2016,54.717
ecu,sex_m,age_10yrbands_yge65,edu_aggregate_total,2017,54.793
ecu,sex_m,age_10yrbands_yge65,edu_aggregate_total,2018,53.738
ecu,sex_m,age_10yrbands_yge65,edu_aggregate_total,2019,51.826
ecu,sex_m,age_10yrbands_yge65,edu_aggregate_total,2021,47.737
ecu,sex_m,age_10yrbands_yge65,edu_aggregate_total,2022,48.301
ecu,sex_m,age_10yrbands_yge65,edu_aggregate_total,2023,46.65
ecu,sex_m,age_10yrbands_yge65,edu_aggregate_total,2024,47.49
ecu,sex_m,age_10yrbands_yge65,edu_aggregate_x,2016,83.621
ecu,sex_m,age_10yrbands_yge65,edu_aggregate_x,2017,67.957
ecu,sex_m,age_10yrbands_yge65,edu_aggregate_x,2018,67.847
ecu,sex_m,age_10yrbands_yge65,edu_aggregate_x,2019,71.583
ecu,sex_m,age_10yrbands_yge65,edu_aggregate_x,2021,59.483
ecu,sex_m,age_10yrbands_yge65,edu_aggregate_x,2022,63.661
ecu,sex_m,age_10yrbands_yge65,edu_aggregate_x,2023,83.554
ecu,sex_m,age_10yrbands_yge65,edu_aggregate_x,2024,79.7
ecu,sex_m,age_10yrbands_yge65,edu_isced97_0,2000,57.963
ecu,sex_m,age_10yrbands_yge65,edu_isced97_0,2001,69.621
ecu,sex_m,age_10yrbands_yge65,edu_isced97_0,2003,58.075
ecu,sex_m,age_10yrbands_yge65,edu_isced97_0,2004,61.974
ecu,sex_m,age_10yrbands_yge65,edu_isced97_0,2005,62.263
ecu,sex_m,age_10yrbands_yge65,edu_isced97_0,2006,62.232
ecu,sex_m,age_10yrbands_yge65,edu_isced97_0,2007,64.291
ecu,sex_m,age_10yrbands_yge65,edu_isced97_0,2008,62.392
ecu,sex_m,age_10yrbands_yge65,edu_isced97_0,2009,58.5
ecu,sex_m,age_10yrbands_yge65,edu_isced97_0,2010,58.102
ecu,sex_m,age_10yrbands_yge65,edu_isced97_0,2011,57.901
ecu,sex_m,age_10yrbands_yge65,edu_isced97_0,2012,57.175
ecu,sex_m,age_10yrbands_yge65,edu_isced97_0,2013,56.898
ecu,sex_m,age_10yrbands_yge65,edu_isced97_0,2014,55.578
ecu,sex_m,age_10yrbands_yge65,edu_isced97_0,2015,60.471
ecu,sex_m,age_10yrbands_yge65,edu_isced97_0,2016,62.325
ecu,sex_m,age_10yrbands_yge65,edu_isced97_0,2017,61.011
ecu,sex_m,age_10yrbands_yge65,edu_isced97_0,2018,60.164
ecu,sex_m,age_10yrbands_yge65,edu_isced97_0,2019,58.255
ecu,sex_m,age_10yrbands_yge65,edu_isced97_0,2021,54.53
ecu,sex_m,age_10yrbands_yge65,edu_isced97_0,2022,52.214
ecu,sex_m,age_10yrbands_yge65,edu_isced97_0,2023,51.515
ecu,sex_m,age_10yrbands_yge65,edu_isced97_0,2024,52.461
ecu,sex_m,age_10yrbands_yge65,edu_isced97_1,2000,56.702
ecu,sex_m,age_10yrbands_yge65,edu_isced97_1,2001,63.964
ecu,sex_m,age_10yrbands_yge65,edu_isced97_1,2003,57.296
ecu,sex_m,age_10yrbands_yge65,edu_isced97_1,2004,59.55
ecu,sex_m,age_10yrbands_yge65,edu_isced97_1,2005,57.519
ecu,sex_m,age_10yrbands_yge65,edu_isced97_1,2006,61.699
ecu,sex_m,age_10yrbands_yge65,edu_isced97_1,2007,55.976
ecu,sex_m,age_10yrbands_yge65,edu_isced97_1,2008,54.664
ecu,sex_m,age_10yrbands_yge65,edu_isced97_1,2009,54.105
ecu,sex_m,age_10yrbands_yge65,edu_isced97_1,2010,52.556
ecu,sex_m,age_10yrbands_yge65,edu_isced97_1,2011,49.298
ecu,sex_m,age_10yrbands_yge65,edu_isced97_1,2012,55.02
ecu,sex_m,age_10yrbands_yge65,edu_isced97_1,2013,53.815
ecu,sex_m,age_10yrbands_yge65,edu_isced97_1,2014,52.643
ecu,sex_m,age_10yrbands_yge65,edu_isced97_1,2015,54.788
ecu,sex_m,age_10yrbands_yge65,edu_isced97_1,2016,57.653
ecu,sex_m,age_10yrbands_yge65,edu_isced97_1,2017,58.025
ecu,sex_m,age_10yrbands_yge65,edu_isced97_1,2018,55.494
ecu,sex_m,age_10yrbands_yge65,edu_isced97_1,2019,54.693
ecu,sex_m,age_10yrbands_yge65,edu_isced97_1,2021,52.004
ecu,sex_m,age_10yrbands_yge65,edu_isced97_1,2022,53.666
ecu,sex_m,age_10yrbands_yge65,edu_isced97_1,2023,51.409
ecu,sex_m,age_10yrbands_yge65,edu_isced97_1,2024,51.635
ecu,sex_m,age_10yrbands_yge65,edu_isced97_2,2000,56.694
ecu,sex_m,age_10yrbands_yge65,edu_isced97_2,2001,57.316
ecu,sex_m,age_10yrbands_yge65,edu_isced97_2,2003,39.578
ecu,sex_m,age_10yrbands_yge65,edu_isced97_2,2004,40.516
ecu,sex_m,age_10yrbands_yge65,edu_isced97_2,2005,43.886
ecu,sex_m,age_10yrbands_yge65,edu_isced97_2,2006,46.104
ecu,sex_m,age_10yrbands_yge65,edu_isced97_2,2007,44.946
ecu,sex_m,age_10yrbands_yge65,edu_isced97_2,2008,47.211
ecu,sex_m,age_10yrbands_yge65,edu_isced97_2,2009,44.529
ecu,sex_m,age_10yrbands_yge65,edu_isced97_2,2010,40.238
ecu,sex_m,age_10yrbands_yge65,edu_isced97_2,2011,37.842
ecu,sex_m,age_10yrbands_yge65,edu_isced97_2,2012,41.738
ecu,sex_m,age_10yrbands_yge65,edu_isced97_2,2013,38.72
ecu,sex_m,age_10yrbands_yge65,edu_isced97_2,2014,48.358
ecu,sex_m,age_10yrbands_yge65,edu_isced97_2,2015,51.928
ecu,sex_m,age_10yrbands_yge65,edu_isced97_2,2016,52.956
ecu,sex_m,age_10yrbands_yge65,edu_isced97_2,2017,50.952
ecu,sex_m,age_10yrbands_yge65,edu_isced97_2,2018,47.132
ecu,sex_m,age_10yrbands_yge65,edu_isced97_2,2019,45.409
ecu,sex_m,age_10yrbands_yge65,edu_isced97_2,2021,47.116
ecu,sex_m,age_10yrbands_yge65,edu_isced97_2,2022,45.724
ecu,sex_m,age_10yrbands_yge65,edu_isced97_2,2023,42.58
ecu,sex_m,age_10yrbands_yge65,edu_isced97_2,2024,44.021
ecu,sex_m,age_10yrbands_yge65,edu_isced97_3,2000,40.24
ecu,sex_m,age_10yrbands_yge65,edu_isced97_3,2001,48.776
ecu,sex_m,age_10yrbands_yge65,edu_isced97_3,2004,43.953
ecu,sex_m,age_10yrbands_yge65,edu_isced97_3,2005,57.12
ecu,sex_m,age_10yrbands_yge65,edu_isced97_3,2006,69.119
ecu,sex_m,age_10yrbands_yge65,edu_isced97_3,2007,31.731
ecu,sex_m,age_10yrbands_yge65,edu_isced97_3,2008,39.861
ecu,sex_m,age_10yrbands_yge65,edu_isced97_3,2009,34.472
ecu,sex_m,age_10yrbands_yge65,edu_isced97_3,2010,40.798
ecu,sex_m,age_10yrbands_yge65,edu_isced97_3,2011,41.449
ecu,sex_m,age_10yrbands_yge65,edu_isced97_3,2012,34.276
ecu,sex_m,age_10yrbands_yge65,edu_isced97_3,2013,34.914
ecu,sex_m,age_10yrbands_yge65,edu_isced97_3,2014,35.945
ecu,sex_m,age_10yrbands_yge65,edu_isced97_3,2015,39.754
ecu,sex_m,age_10yrbands_yge65,edu_isced97_3,2016,38.205
ecu,sex_m,age_10yrbands_yge65,edu_isced97_3,2017,40.926
ecu,sex_m,age_10yrbands_yge65,edu_isced97_3,2018,42.614
ecu,sex_m,age_10yrbands_yge65,edu_isced97_3,2019,38.296
ecu,sex_m,age_10yrbands_yge65,edu_isced97_3,2021,34.251
ecu,sex_m,age_10yrbands_yge65,edu_isced97_3,2022,37.781
ecu,sex_m,age_10yrbands_yge65,edu_isced97_3,2023,38.511
ecu,sex_m,age_10yrbands_yge65,edu_isced97_3,2024,39.914
ecu,sex_m,age_10yrbands_yge65,edu_isced97_4,2009,62.035
ecu,sex_m,age_10yrbands_yge65,edu_isced97_4,2012,70.686
ecu,sex_m,age_10yrbands_yge65,edu_isced97_4,2014,38.13
ecu,sex_m,age_10yrbands_yge65,edu_isced97_4,2015,51.162
ecu,sex_m,age_10yrbands_yge65,edu_isced97_4,2016,29.177
ecu,sex_m,age_10yrbands_yge65,edu_isced97_4,2017,59.9
ecu,sex_m,age_10yrbands_yge65,edu_isced97_4,2018,28.92
ecu,sex_m,age_10yrbands_yge65,edu_isced97_4,2019,25.093
ecu,sex_m,age_10yrbands_yge65,edu_isced97_4,2021,32.263
ecu,sex_m,age_10yrbands_yge65,edu_isced97_4,2022,40.408
ecu,sex_m,age_10yrbands_yge65,edu_isced97_4,2023,29.279
ecu,sex_m,age_10yrbands_yge65,edu_isced97_4,2024,39.157
ecu,sex_m,age_10yrbands_yge65,edu_isced97_5,2000,37.002
ecu,sex_m,age_10yrbands_yge65,edu_isced97_5,2001,41.899
ecu,sex_m,age_10yrbands_yge65,edu_isced97_5,2003,57.147
ecu,sex_m,age_10yrbands_yge65,edu_isced97_5,2004,61.923
ecu,sex_m,age_10yrbands_yge65,edu_isced97_5,2005,60.988
ecu,sex_m,age_10yrbands_yge65,edu_isced97_5,2006,51.319
ecu,sex_m,age_10yrbands_yge65,edu_isced97_5,2007,50.565
ecu,sex_m,age_10yrbands_yge65,edu_isced97_5,2008,52.086
ecu,sex_m,age_10yrbands_yge65,edu_isced97_5,2009,52.036
ecu,sex_m,age_10yrbands_yge65,edu_isced97_5,2010,51.654
ecu,sex_m,age_10yrbands_yge65,edu_isced97_5,2011,41.708
ecu,sex_m,age_10yrbands_yge65,edu_isced97_5,2012,44.506
ecu,sex_m,age_10yrbands_yge65,edu_isced97_5,2013,40.983
ecu,sex_m,age_10yrbands_yge65,edu_isced97_5,2014,39.278
ecu,sex_m,age_10yrbands_yge65,edu_isced97_5,2015,39.801
ecu,sex_m,age_10yrbands_yge65,edu_isced97_5,2016,34.483
ecu,sex_m,age_10yrbands_yge65,edu_isced97_5,2017,36.986
ecu,sex_m,age_10yrbands_yge65,edu_isced97_5,2018,38.193
ecu,sex_m,age_10yrbands_yge65,edu_isced97_5,2019,35.879
ecu,sex_m,age_10yrbands_yge65,edu_isced97_5,2021,32.87
ecu,sex_m,age_10yrbands_yge65,edu_isced97_5,2022,32.666
ecu,sex_m,age_10yrbands_yge65,edu_isced97_5,2023,31.998
ecu,sex_m,age_10yrbands_yge65,edu_isced97_5,2024,40.055
ecu,sex_m,age_10yrbands_yge65,edu_isced97_6,2001,95.154
ecu,sex_m,age_10yrbands_yge65,edu_isced97_6,2003,66.976
ecu,sex_m,age_10yrbands_yge65,edu_isced97_6,2004,56.549
ecu,sex_m,age_10yrbands_yge65,edu_isced97_6,2006,85.89
ecu,sex_m,age_10yrbands_yge65,edu_isced97_6,2007,51.81
ecu,sex_m,age_10yrbands_yge65,edu_isced97_6,2008,72.986
ecu,sex_m,age_10yrbands_yge65,edu_isced97_6,2009,71.608
ecu,sex_m,age_10yrbands_yge65,edu_isced97_6,2010,59.86
ecu,sex_m,age_10yrbands_yge65,edu_isced97_6,2011,47.46
ecu,sex_m,age_10yrbands_yge65,edu_isced97_6,2012,60.549
ecu,sex_m,age_10yrbands_yge65,edu_isced97_6,2013,57.607
ecu,sex_m,age_10yrbands_yge65,edu_isced97_6,2014,42.438
ecu,sex_m,age_10yrbands_yge65,edu_isced97_6,2015,46.47
ecu,sex_m,age_10yrbands_yge65,edu_isced97_6,2016,52.099
ecu,sex_m,age_10yrbands_yge65,edu_isced97_6,2017,46.525
ecu,sex_m,age_10yrbands_yge65,edu_isced97_6,2018,43.76
ecu,sex_m,age_10yrbands_yge65,edu_isced97_6,2019,48.635
ecu,sex_m,age_10yrbands_yge65,edu_isced97_6,2021,38.257
ecu,sex_m,age_10yrbands_yge65,edu_isced97_6,2022,38.108
ecu,sex_m,age_10yrbands_yge65,edu_isced97_6,2023,32.341
ecu,sex_m,age_10yrbands_yge65,edu_isced97_6,2024,37.485
ecu,sex_m,age_10yrbands_yge65,edu_isced97_total,2000,53.864
ecu,sex_m,age_10yrbands_yge65,edu_isced97_total,2001,58.502
ecu,sex_m,age_10yrbands_yge65,edu_isced97_total,2003,56.647
ecu,sex_m,age_10yrbands_yge65,edu_isced97_total,2004,58.502
ecu,sex_m,age_10yrbands_yge65,edu_isced97_total,2005,57.512
ecu,sex_m,age_10yrbands_yge65,edu_isced97_total,2006,59.603
ecu,sex_m,age_10yrbands_yge65,edu_isced97_total,2007,57.199
ecu,sex_m,age_10yrbands_yge65,edu_isced97_total,2008,56.224
ecu,sex_m,age_10yrbands_yge65,edu_isced97_total,2009,53.637
ecu,sex_m,age_10yrbands_yge65,edu_isced97_total,2010,52.62
ecu,sex_m,age_10yrbands_yge65,edu_isced97_total,2011,51.855
ecu,sex_m,age_10yrbands_yge65,edu_isced97_total,2012,52.477
ecu,sex_m,age_10yrbands_yge65,edu_isced97_total,2013,50.975
ecu,sex_m,age_10yrbands_yge65,edu_isced97_total,2014,50.747
ecu,sex_m,age_10yrbands_yge65,edu_isced97_total,2015,54.214
ecu,sex_m,age_10yrbands_yge65,edu_isced97_total,2016,54.717
ecu,sex_m,age_10yrbands_yge65,edu_isced97_total,2017,54.793
ecu,sex_m,age_10yrbands_yge65,edu_isced97_total,2018,53.738
ecu,sex_m,age_10yrbands_yge65,edu_isced97_total,2019,51.826
ecu,sex_m,age_10yrbands_yge65,edu_isced97_total,2021,47.737
ecu,sex_m,age_10yrbands_yge65,edu_isced97_total,2022,48.301
ecu,sex_m,age_10yrbands_yge65,edu_isced97_total,2023,46.65
ecu,sex_m,age_10yrbands_yge65,edu_isced97_total,2024,47.49
ecu,sex_m,age_10yrbands_yge65,edu_isced97_unk,2016,83.621
ecu,sex_m,age_10yrbands_yge65,edu_isced97_unk,2017,67.957
ecu,sex_m,age_10yrbands_yge65,edu_isced97_unk,2018,67.847
ecu,sex_m,age_10yrbands_yge65,edu_isced97_unk,2019,71.583
ecu,sex_m,age_10yrbands_yge65,edu_isced97_unk,2021,59.483
ecu,sex_m,age_10yrbands_yge65,edu_isced97_unk,2022,63.661
ecu,sex_m,age_10yrbands_yge65,edu_isced97_unk,2023,83.554
ecu,sex_m,age_10yrbands_yge65,edu_isced97_unk,2024,79.7
ecu,sex_m,age_10yrbands_yge65,edu_isced97_x,2000,56.993
ecu,sex_m,age_10yrbands_yge65,edu_isced97_x,2001,56.541
ecu,sex_m,age_10yrbands_yge65,edu_isced97_x,2003,61.817
ecu,sex_m,age_10yrbands_yge65,edu_isced97_x,2004,61.164
ecu,sex_m,age_10yrbands_yge65,edu_isced97_x,2005,61.355
ecu,sex_m,age_10yrbands_yge65,edu_isced97_x,2006,60.095
ecu,sex_m,age_10yrbands_yge65,edu_isced97_x,2007,60.032
ecu,sex_m,age_10yrbands_yge65,edu_isced97_x,2008,55.403
ecu,sex_m,age_10yrbands_yge65,edu_isced97_x,2009,53.044
ecu,sex_m,age_10yrbands_yge65,edu_isced97_x,2010,51.185
ecu,sex_m,age_10yrbands_yge65,edu_isced97_x,2011,56.267
ecu,sex_m,age_10yrbands_yge65,edu_isced97_x,2012,53.158
ecu,sex_m,age_10yrbands_yge65,edu_isced97_x,2013,49.357
ecu,sex_m,age_10yrbands_yge65,edu_isced97_x,2014,50.579
ecu,sex_m,age_10yrbands_yge65,edu_isced97_x,2015,54.857
ecu,sex_m,age_10yrbands_yge65,edu_isced97_x,2016,54.719
ecu,sex_m,age_10yrbands_yge65,edu_isced97_x,2017,53.476
ecu,sex_m,age_10yrbands_yge65,edu_isced97_x,2018,55.927
ecu,sex_m,age_10yrbands_yge65,edu_isced97_x,2019,54.245
ecu,sex_m,age_10yrbands_yge65,edu_isced97_x,2021,43.735
ecu,sex_m,age_10yrbands_yge65,edu_isced97_x,2022,45.881
ecu,sex_m,age_10yrbands_yge65,edu_isced97_x,2023,42.756
ecu,sex_m,age_10yrbands_yge65,edu_isced97_x,2024,40.975
ecu,sex_m,age_aggregate_total,edu_aggregate_adv,2000,83.973
ecu,sex_m,age_aggregate_total,edu_aggregate_adv,2001,85.324
ecu,sex_m,age_aggregate_total,edu_aggregate_adv,2003,84.374
ecu,sex_m,age_aggregate_total,edu_aggregate_adv,2004,85.222
ecu,sex_m,age_aggregate_total,edu_aggregate_adv,2005,86.732
ecu,sex_m,age_aggregate_total,edu_aggregate_adv,2006,87.375
ecu,sex_m,age_aggregate_total,edu_aggregate_adv,2007,85.64
ecu,sex_m,age_aggregate_total,edu_aggregate_adv,2008,85.633
ecu,sex_m,age_aggregate_total,edu_aggregate_adv,2009,80.848
ecu,sex_m,age_aggregate_total,edu_aggregate_adv,2010,80.606
ecu,sex_m,age_aggregate_total,edu_aggregate_adv,2011,81.865
ecu,sex_m,age_aggregate_total,edu_aggregate_adv,2012,81.363
ecu,sex_m,age_aggregate_total,edu_aggregate_adv,2013,81.886
ecu,sex_m,age_aggregate_total,edu_aggregate_adv,2014,81.82
ecu,sex_m,age_aggregate_total,edu_aggregate_adv,2015,83.144
ecu,sex_m,age_aggregate_total,edu_aggregate_adv,2016,81.611
ecu,sex_m,age_aggregate_total,edu_aggregate_adv,2017,82.166
ecu,sex_m,age_aggregate_total,edu_aggregate_adv,2018,80.497
ecu,sex_m,age_aggregate_total,edu_aggregate_adv,2019,78.931
ecu,sex_m,age_aggregate_total,edu_aggregate_adv,2021,77.473
ecu,sex_m,age_aggregate_total,edu_aggregate_adv,2022,79.08
ecu,sex_m,age_aggregate_total,edu_aggregate_adv,2023,77.463
ecu,sex_m,age_aggregate_total,edu_aggregate_adv,2024,78.144
ecu,sex_m,age_aggregate_total,edu_aggregate_bas,2000,85.602
ecu,sex_m,age_aggregate_total,edu_aggregate_bas,2001,87.214
ecu,sex_m,age_aggregate_total,edu_aggregate_bas,2003,77.845
ecu,sex_m,age_aggregate_total,edu_aggregate_bas,2004,79.24
ecu,sex_m,age_aggregate_total,edu_aggregate_bas,2005,80.378
ecu,sex_m,age_aggregate_total,edu_aggregate_bas,2006,82.437
ecu,sex_m,age_aggregate_total,edu_aggregate_bas,2007,78.602
ecu,sex_m,age_aggregate_total,edu_aggregate_bas,2008,77.805
ecu,sex_m,age_aggregate_total,edu_aggregate_bas,2009,74.501
ecu,sex_m,age_aggregate_total,edu_aggregate_bas,2010,73.65
ecu,sex_m,age_aggregate_total,edu_aggregate_bas,2011,72.485
ecu,sex_m,age_aggregate_total,edu_aggregate_bas,2012,72.996
ecu,sex_m,age_aggregate_total,edu_aggregate_bas,2013,71.965
ecu,sex_m,age_aggregate_total,edu_aggregate_bas,2014,73.178
ecu,sex_m,age_aggregate_total,edu_aggregate_bas,2015,74.708
ecu,sex_m,age_aggregate_total,edu_aggregate_bas,2016,74.975
ecu,sex_m,age_aggregate_total,edu_aggregate_bas,2017,75.303
ecu,sex_m,age_aggregate_total,edu_aggregate_bas,2018,73.684
ecu,sex_m,age_aggregate_total,edu_aggregate_bas,2019,72.738
ecu,sex_m,age_aggregate_total,edu_aggregate_bas,2021,72.697
ecu,sex_m,age_aggregate_total,edu_aggregate_bas,2022,71.576
ecu,sex_m,age_aggregate_total,edu_aggregate_bas,2023,71.281
ecu,sex_m,age_aggregate_total,edu_aggregate_bas,2024,71.053
ecu,sex_m,age_aggregate_total,edu_aggregate_int,2000,67.132
ecu,sex_m,age_aggregate_total,edu_aggregate_int,2001,73.445
ecu,sex_m,age_aggregate_total,edu_aggregate_int,2003,63.008
ecu,sex_m,age_aggregate_total,edu_aggregate_int,2004,66.125
ecu,sex_m,age_aggregate_total,edu_aggregate_int,2005,62.046
ecu,sex_m,age_aggregate_total,edu_aggregate_int,2006,61.15
ecu,sex_m,age_aggregate_total,edu_aggregate_int,2007,78.766
ecu,sex_m,age_aggregate_total,edu_aggregate_int,2008,78.239
ecu,sex_m,age_aggregate_total,edu_aggregate_int,2009,76.818
ecu,sex_m,age_aggregate_total,edu_aggregate_int,2010,75.161
ecu,sex_m,age_aggregate_total,edu_aggregate_int,2011,76.692
ecu,sex_m,age_aggregate_total,edu_aggregate_int,2012,77.218
ecu,sex_m,age_aggregate_total,edu_aggregate_int,2013,77.075
ecu,sex_m,age_aggregate_total,edu_aggregate_int,2014,78.489
ecu,sex_m,age_aggregate_total,edu_aggregate_int,2015,80.261
ecu,sex_m,age_aggregate_total,edu_aggregate_int,2016,79.641
ecu,sex_m,age_aggregate_total,edu_aggregate_int,2017,81.253
ecu,sex_m,age_aggregate_total,edu_aggregate_int,2018,80.381
ecu,sex_m,age_aggregate_total,edu_aggregate_int,2019,79.132
ecu,sex_m,age_aggregate_total,edu_aggregate_int,2021,79.463
ecu,sex_m,age_aggregate_total,edu_aggregate_int,2022,80.787
ecu,sex_m,age_aggregate_total,edu_aggregate_int,2023,80.84
ecu,sex_m,age_aggregate_total,edu_aggregate_int,2024,80.913
ecu,sex_m,age_aggregate_total,edu_aggregate_ltb,2000,77.389
ecu,sex_m,age_aggregate_total,edu_aggregate_ltb,2001,78.732
ecu,sex_m,age_aggregate_total,edu_aggregate_ltb,2003,75.655
ecu,sex_m,age_aggregate_total,edu_aggregate_ltb,2004,76.972
ecu,sex_m,age_aggregate_total,edu_aggregate_ltb,2005,78.57
ecu,sex_m,age_aggregate_total,edu_aggregate_ltb,2006,78.294
ecu,sex_m,age_aggregate_total,edu_aggregate_ltb,2007,81.095
ecu,sex_m,age_aggregate_total,edu_aggregate_ltb,2008,78.976
ecu,sex_m,age_aggregate_total,edu_aggregate_ltb,2009,75.805
ecu,sex_m,age_aggregate_total,edu_aggregate_ltb,2010,75.848
ecu,sex_m,age_aggregate_total,edu_aggregate_ltb,2011,74.18
ecu,sex_m,age_aggregate_total,edu_aggregate_ltb,2012,73.606
ecu,sex_m,age_aggregate_total,edu_aggregate_ltb,2013,74.046
ecu,sex_m,age_aggregate_total,edu_aggregate_ltb,2014,74.228
ecu,sex_m,age_aggregate_total,edu_aggregate_ltb,2015,77.367
ecu,sex_m,age_aggregate_total,edu_aggregate_ltb,2016,77.621
ecu,sex_m,age_aggregate_total,edu_aggregate_ltb,2017,77.379
ecu,sex_m,age_aggregate_total,edu_aggregate_ltb,2018,76.566
ecu,sex_m,age_aggregate_total,edu_aggregate_ltb,2019,74.819
ecu,sex_m,age_aggregate_total,edu_aggregate_ltb,2021,69.84
ecu,sex_m,age_aggregate_total,edu_aggregate_ltb,2022,67.576
ecu,sex_m,age_aggregate_total,edu_aggregate_ltb,2023,67.67
ecu,sex_m,age_aggregate_total,edu_aggregate_ltb,2024,66.322
ecu,sex_m,age_aggregate_total,edu_aggregate_total,2000,78.432
ecu,sex_m,age_aggregate_total,edu_aggregate_total,2001,81.264
ecu,sex_m,age_aggregate_total,edu_aggregate_total,2003,77.51
ecu,sex_m,age_aggregate_total,edu_aggregate_total,2004,79.014
ecu,sex_m,age_aggregate_total,edu_aggregate_total,2005,79.83
ecu,sex_m,age_aggregate_total,edu_aggregate_total,2006,81.173
ecu,sex_m,age_aggregate_total,edu_aggregate_total,2007,79.984
ecu,sex_m,age_aggregate_total,edu_aggregate_total,2008,79.051
ecu,sex_m,age_aggregate_total,edu_aggregate_total,2009,76.035
ecu,sex_m,age_aggregate_total,edu_aggregate_total,2010,75.305
ecu,sex_m,age_aggregate_total,edu_aggregate_total,2011,74.984
ecu,sex_m,age_aggregate_total,edu_aggregate_total,2012,75.274
ecu,sex_m,age_aggregate_total,edu_aggregate_total,2013,74.896
ecu,sex_m,age_aggregate_total,edu_aggregate_total,2014,75.861
ecu,sex_m,age_aggregate_total,edu_aggregate_total,2015,77.637
ecu,sex_m,age_aggregate_total,edu_aggregate_total,2016,77.51
ecu,sex_m,age_aggregate_total,edu_aggregate_total,2017,78.192
ecu,sex_m,age_aggregate_total,edu_aggregate_total,2018,76.966
ecu,sex_m,age_aggregate_total,edu_aggregate_total,2019,75.801
ecu,sex_m,age_aggregate_total,edu_aggregate_total,2021,75.316
ecu,sex_m,age_aggregate_total,edu_aggregate_total,2022,75.326
ecu,sex_m,age_aggregate_total,edu_aggregate_total,2023,75.059
ecu,sex_m,age_aggregate_total,edu_aggregate_total,2024,74.94
ecu,sex_m,age_aggregate_total,edu_aggregate_x,2001,52.256
ecu,sex_m,age_aggregate_total,edu_aggregate_x,2007,93.211
ecu,sex_m,age_aggregate_total,edu_aggregate_x,2008,100
ecu,sex_m,age_aggregate_total,edu_aggregate_x,2015,58.827
ecu,sex_m,age_aggregate_total,edu_aggregate_x,2016,84.646
ecu,sex_m,age_aggregate_total,edu_aggregate_x,2017,71.571
ecu,sex_m,age_aggregate_total,edu_aggregate_x,2018,79.77
ecu,sex_m,age_aggregate_total,edu_aggregate_x,2019,79.753
ecu,sex_m,age_aggregate_total,edu_aggregate_x,2021,76.631
ecu,sex_m,age_aggregate_total,edu_aggregate_x,2022,67.899
ecu,sex_m,age_aggregate_total,edu_aggregate_x,2023,88.35
ecu,sex_m,age_aggregate_total,edu_aggregate_x,2024,84.629
ecu,sex_m,age_aggregate_total,edu_isced97_0,2000,80.932
ecu,sex_m,age_aggregate_total,edu_isced97_0,2001,83.476
ecu,sex_m,age_aggregate_total,edu_isced97_0,2003,79.213
ecu,sex_m,age_aggregate_total,edu_isced97_0,2004,81.691
ecu,sex_m,age_aggregate_total,edu_isced97_0,2005,82.536
ecu,sex_m,age_aggregate_total,edu_isced97_0,2006,82.515
ecu,sex_m,age_aggregate_total,edu_isced97_0,2007,84.944
ecu,sex_m,age_aggregate_total,edu_isced97_0,2008,83.161
ecu,sex_m,age_aggregate_total,edu_isced97_0,2009,79.878
ecu,sex_m,age_aggregate_total,edu_isced97_0,2010,80.481
ecu,sex_m,age_aggregate_total,edu_isced97_0,2011,77.906
ecu,sex_m,age_aggregate_total,edu_isced97_0,2012,77.797
ecu,sex_m,age_aggregate_total,edu_isced97_0,2013,78.727
ecu,sex_m,age_aggregate_total,edu_isced97_0,2014,78.18
ecu,sex_m,age_aggregate_total,edu_isced97_0,2015,81.592
ecu,sex_m,age_aggregate_total,edu_isced97_0,2016,82.688
ecu,sex_m,age_aggregate_total,edu_isced97_0,2017,82.256
ecu,sex_m,age_aggregate_total,edu_isced97_0,2018,80.537
ecu,sex_m,age_aggregate_total,edu_isced97_0,2019,79.183
ecu,sex_m,age_aggregate_total,edu_isced97_0,2021,75.326
ecu,sex_m,age_aggregate_total,edu_isced97_0,2022,73.051
ecu,sex_m,age_aggregate_total,edu_isced97_0,2023,72.723
ecu,sex_m,age_aggregate_total,edu_isced97_0,2024,72.688
ecu,sex_m,age_aggregate_total,edu_isced97_1,2000,84.065
ecu,sex_m,age_aggregate_total,edu_isced97_1,2001,86.054
ecu,sex_m,age_aggregate_total,edu_isced97_1,2003,83.01
ecu,sex_m,age_aggregate_total,edu_isced97_1,2004,84.245
ecu,sex_m,age_aggregate_total,edu_isced97_1,2005,82.967
ecu,sex_m,age_aggregate_total,edu_isced97_1,2006,83.85
ecu,sex_m,age_aggregate_total,edu_isced97_1,2007,87.032
ecu,sex_m,age_aggregate_total,edu_isced97_1,2008,86.09
ecu,sex_m,age_aggregate_total,edu_isced97_1,2009,82.882
ecu,sex_m,age_aggregate_total,edu_isced97_1,2010,83.306
ecu,sex_m,age_aggregate_total,edu_isced97_1,2011,81.825
ecu,sex_m,age_aggregate_total,edu_isced97_1,2012,82.886
ecu,sex_m,age_aggregate_total,edu_isced97_1,2013,82.329
ecu,sex_m,age_aggregate_total,edu_isced97_1,2014,84.033
ecu,sex_m,age_aggregate_total,edu_isced97_1,2015,85.225
ecu,sex_m,age_aggregate_total,edu_isced97_1,2016,85.851
ecu,sex_m,age_aggregate_total,edu_isced97_1,2017,86.282
ecu,sex_m,age_aggregate_total,edu_isced97_1,2018,85.049
ecu,sex_m,age_aggregate_total,edu_isced97_1,2019,84.324
ecu,sex_m,age_aggregate_total,edu_isced97_1,2021,82.94
ecu,sex_m,age_aggregate_total,edu_isced97_1,2022,82.954
ecu,sex_m,age_aggregate_total,edu_isced97_1,2023,82.445
ecu,sex_m,age_aggregate_total,edu_isced97_1,2024,82.197
ecu,sex_m,age_aggregate_total,edu_isced97_2,2000,86.016
ecu,sex_m,age_aggregate_total,edu_isced97_2,2001,87.54
ecu,sex_m,age_aggregate_total,edu_isced97_2,2003,70.29
ecu,sex_m,age_aggregate_total,edu_isced97_2,2004,71.807
ecu,sex_m,age_aggregate_total,edu_isced97_2,2005,76.268
ecu,sex_m,age_aggregate_total,edu_isced97_2,2006,80.185
ecu,sex_m,age_aggregate_total,edu_isced97_2,2007,61.807
ecu,sex_m,age_aggregate_total,edu_isced97_2,2008,61.641
ecu,sex_m,age_aggregate_total,edu_isced97_2,2009,57.89
ecu,sex_m,age_aggregate_total,edu_isced97_2,2010,55.75
ecu,sex_m,age_aggregate_total,edu_isced97_2,2011,54.882
ecu,sex_m,age_aggregate_total,edu_isced97_2,2012,54.576
ecu,sex_m,age_aggregate_total,edu_isced97_2,2013,53.356
ecu,sex_m,age_aggregate_total,edu_isced97_2,2014,53.237
ecu,sex_m,age_aggregate_total,edu_isced97_2,2015,56.057
ecu,sex_m,age_aggregate_total,edu_isced97_2,2016,56.989
ecu,sex_m,age_aggregate_total,edu_isced97_2,2017,58.333
ecu,sex_m,age_aggregate_total,edu_isced97_2,2018,54.818
ecu,sex_m,age_aggregate_total,edu_isced97_2,2019,53.959
ecu,sex_m,age_aggregate_total,edu_isced97_2,2021,56.642
ecu,sex_m,age_aggregate_total,edu_isced97_2,2022,53.692
ecu,sex_m,age_aggregate_total,edu_isced97_2,2023,53.133
ecu,sex_m,age_aggregate_total,edu_isced97_2,2024,53.688
ecu,sex_m,age_aggregate_total,edu_isced97_3,2000,67.132
ecu,sex_m,age_aggregate_total,edu_isced97_3,2001,73.445
ecu,sex_m,age_aggregate_total,edu_isced97_3,2003,60.342
ecu,sex_m,age_aggregate_total,edu_isced97_3,2004,63.951
ecu,sex_m,age_aggregate_total,edu_isced97_3,2005,59.476
ecu,sex_m,age_aggregate_total,edu_isced97_3,2006,59.141
ecu,sex_m,age_aggregate_total,edu_isced97_3,2007,78.617
ecu,sex_m,age_aggregate_total,edu_isced97_3,2008,78.114
ecu,sex_m,age_aggregate_total,edu_isced97_3,2009,76.67
ecu,sex_m,age_aggregate_total,edu_isced97_3,2010,75.036
ecu,sex_m,age_aggregate_total,edu_isced97_3,2011,76.524
ecu,sex_m,age_aggregate_total,edu_isced97_3,2012,77.074
ecu,sex_m,age_aggregate_total,edu_isced97_3,2013,76.779
ecu,sex_m,age_aggregate_total,edu_isced97_3,2014,78.31
ecu,sex_m,age_aggregate_total,edu_isced97_3,2015,79.916
ecu,sex_m,age_aggregate_total,edu_isced97_3,2016,79.25
ecu,sex_m,age_aggregate_total,edu_isced97_3,2017,80.886
ecu,sex_m,age_aggregate_total,edu_isced97_3,2018,80.014
ecu,sex_m,age_aggregate_total,edu_isced97_3,2019,78.705
ecu,sex_m,age_aggregate_total,edu_isced97_3,2021,79.148
ecu,sex_m,age_aggregate_total,edu_isced97_3,2022,80.429
ecu,sex_m,age_aggregate_total,edu_isced97_3,2023,80.488
ecu,sex_m,age_aggregate_total,edu_isced97_3,2024,80.541
ecu,sex_m,age_aggregate_total,edu_isced97_4,2003,85.13
ecu,sex_m,age_aggregate_total,edu_isced97_4,2004,88.932
ecu,sex_m,age_aggregate_total,edu_isced97_4,2005,85.909
ecu,sex_m,age_aggregate_total,edu_isced97_4,2006,85.615
ecu,sex_m,age_aggregate_total,edu_isced97_4,2007,89.255
ecu,sex_m,age_aggregate_total,edu_isced97_4,2008,88.337
ecu,sex_m,age_aggregate_total,edu_isced97_4,2009,90.436
ecu,sex_m,age_aggregate_total,edu_isced97_4,2010,81.449
ecu,sex_m,age_aggregate_total,edu_isced97_4,2011,85.74
ecu,sex_m,age_aggregate_total,edu_isced97_4,2012,86.621
ecu,sex_m,age_aggregate_total,edu_isced97_4,2013,91.15
ecu,sex_m,age_aggregate_total,edu_isced97_4,2014,86.581
ecu,sex_m,age_aggregate_total,edu_isced97_4,2015,92.195
ecu,sex_m,age_aggregate_total,edu_isced97_4,2016,90.512
ecu,sex_m,age_aggregate_total,edu_isced97_4,2017,90.967
ecu,sex_m,age_aggregate_total,edu_isced97_4,2018,90.622
ecu,sex_m,age_aggregate_total,edu_isced97_4,2019,89.793
ecu,sex_m,age_aggregate_total,edu_isced97_4,2021,86.683
ecu,sex_m,age_aggregate_total,edu_isced97_4,2022,88.856
ecu,sex_m,age_aggregate_total,edu_isced97_4,2023,87.494
ecu,sex_m,age_aggregate_total,edu_isced97_4,2024,87.676
ecu,sex_m,age_aggregate_total,edu_isced97_5,2000,83.973
ecu,sex_m,age_aggregate_total,edu_isced97_5,2001,84.854
ecu,sex_m,age_aggregate_total,edu_isced97_5,2003,83.8
ecu,sex_m,age_aggregate_total,edu_isced97_5,2004,84.678
ecu,sex_m,age_aggregate_total,edu_isced97_5,2005,86.307
ecu,sex_m,age_aggregate_total,edu_isced97_5,2006,86.769
ecu,sex_m,age_aggregate_total,edu_isced97_5,2007,84.939
ecu,sex_m,age_aggregate_total,edu_isced97_5,2008,84.993
ecu,sex_m,age_aggregate_total,edu_isced97_5,2009,79.762
ecu,sex_m,age_aggregate_total,edu_isced97_5,2010,79.721
ecu,sex_m,age_aggregate_total,edu_isced97_5,2011,81.462
ecu,sex_m,age_aggregate_total,edu_isced97_5,2012,80.67
ecu,sex_m,age_aggregate_total,edu_isced97_5,2013,80.997
ecu,sex_m,age_aggregate_total,edu_isced97_5,2014,80.983
ecu,sex_m,age_aggregate_total,edu_isced97_5,2015,82.405
ecu,sex_m,age_aggregate_total,edu_isced97_5,2016,80.652
ecu,sex_m,age_aggregate_total,edu_isced97_5,2017,81.574
ecu,sex_m,age_aggregate_total,edu_isced97_5,2018,79.759
ecu,sex_m,age_aggregate_total,edu_isced97_5,2019,78.178
ecu,sex_m,age_aggregate_total,edu_isced97_5,2021,76.504
ecu,sex_m,age_aggregate_total,edu_isced97_5,2022,78.371
ecu,sex_m,age_aggregate_total,edu_isced97_5,2023,76.414
ecu,sex_m,age_aggregate_total,edu_isced97_5,2024,77.074
ecu,sex_m,age_aggregate_total,edu_isced97_6,2001,93.019
ecu,sex_m,age_aggregate_total,edu_isced97_6,2003,95.526
ecu,sex_m,age_aggregate_total,edu_isced97_6,2004,93.404
ecu,sex_m,age_aggregate_total,edu_isced97_6,2005,94.091
ecu,sex_m,age_aggregate_total,edu_isced97_6,2006,96.597
ecu,sex_m,age_aggregate_total,edu_isced97_6,2007,94.766
ecu,sex_m,age_aggregate_total,edu_isced97_6,2008,93.564
ecu,sex_m,age_aggregate_total,edu_isced97_6,2009,94.006
ecu,sex_m,age_aggregate_total,edu_isced97_6,2010,89.904
ecu,sex_m,age_aggregate_total,edu_isced97_6,2011,87.938
ecu,sex_m,age_aggregate_total,edu_isced97_6,2012,92.516
ecu,sex_m,age_aggregate_total,edu_isced97_6,2013,93.627
ecu,sex_m,age_aggregate_total,edu_isced97_6,2014,90.799
ecu,sex_m,age_aggregate_total,edu_isced97_6,2015,90.954
ecu,sex_m,age_aggregate_total,edu_isced97_6,2016,90.238
ecu,sex_m,age_aggregate_total,edu_isced97_6,2017,87.425
ecu,sex_m,age_aggregate_total,edu_isced97_6,2018,87.235
ecu,sex_m,age_aggregate_total,edu_isced97_6,2019,85.529
ecu,sex_m,age_aggregate_total,edu_isced97_6,2021,84.52
ecu,sex_m,age_aggregate_total,edu_isced97_6,2022,84.044
ecu,sex_m,age_aggregate_total,edu_isced97_6,2023,84.649
ecu,sex_m,age_aggregate_total,edu_isced97_6,2024,85.134
ecu,sex_m,age_aggregate_total,edu_isced97_total,2000,78.432
ecu,sex_m,age_aggregate_total,edu_isced97_total,2001,81.264
ecu,sex_m,age_aggregate_total,edu_isced97_total,2003,77.51
ecu,sex_m,age_aggregate_total,edu_isced97_total,2004,79.014
ecu,sex_m,age_aggregate_total,edu_isced97_total,2005,79.83
ecu,sex_m,age_aggregate_total,edu_isced97_total,2006,81.173
ecu,sex_m,age_aggregate_total,edu_isced97_total,2007,79.984
ecu,sex_m,age_aggregate_total,edu_isced97_total,2008,79.051
ecu,sex_m,age_aggregate_total,edu_isced97_total,2009,76.035
ecu,sex_m,age_aggregate_total,edu_isced97_total,2010,75.305
ecu,sex_m,age_aggregate_total,edu_isced97_total,2011,74.984
ecu,sex_m,age_aggregate_total,edu_isced97_total,2012,75.274
ecu,sex_m,age_aggregate_total,edu_isced97_total,2013,74.896
ecu,sex_m,age_aggregate_total,edu_isced97_total,2014,75.861
ecu,sex_m,age_aggregate_total,edu_isced97_total,2015,77.637
ecu,sex_m,age_aggregate_total,edu_isced97_total,2016,77.51
ecu,sex_m,age_aggregate_total,edu_isced97_total,2017,78.192
ecu,sex_m,age_aggregate_total,edu_isced97_total,2018,76.966
ecu,sex_m,age_aggregate_total,edu_isced97_total,2019,75.801
ecu,sex_m,age_aggregate_total,edu_isced97_total,2021,75.316
ecu,sex_m,age_aggregate_total,edu_isced97_total,2022,75.326
ecu,sex_m,age_aggregate_total,edu_isced97_total,2023,75.059
ecu,sex_m,age_aggregate_total,edu_isced97_total,2024,74.94
ecu,sex_m,age_aggregate_total,edu_isced97_unk,2001,52.256
ecu,sex_m,age_aggregate_total,edu_isced97_unk,2007,93.211
ecu,sex_m,age_aggregate_total,edu_isced97_unk,2008,100
ecu,sex_m,age_aggregate_total,edu_isced97_unk,2015,58.827
ecu,sex_m,age_aggregate_total,edu_isced97_unk,2016,84.646
ecu,sex_m,age_aggregate_total,edu_isced97_unk,2017,71.571
ecu,sex_m,age_aggregate_total,edu_isced97_unk,2018,79.77
ecu,sex_m,age_aggregate_total,edu_isced97_unk,2019,79.753
ecu,sex_m,age_aggregate_total,edu_isced97_unk,2021,76.631
ecu,sex_m,age_aggregate_total,edu_isced97_unk,2022,67.899
ecu,sex_m,age_aggregate_total,edu_isced97_unk,2023,88.35
ecu,sex_m,age_aggregate_total,edu_isced97_unk,2024,84.629
ecu,sex_m,age_aggregate_total,edu_isced97_x,2000,75.367
ecu,sex_m,age_aggregate_total,edu_isced97_x,2001,74.258
ecu,sex_m,age_aggregate_total,edu_isced97_x,2003,73.043
ecu,sex_m,age_aggregate_total,edu_isced97_x,2004,73.171
ecu,sex_m,age_aggregate_total,edu_isced97_x,2005,75.72
ecu,sex_m,age_aggregate_total,edu_isced97_x,2006,74.889
ecu,sex_m,age_aggregate_total,edu_isced97_x,2007,71.249
ecu,sex_m,age_aggregate_total,edu_isced97_x,2008,68.41
ecu,sex_m,age_aggregate_total,edu_isced97_x,2009,65.133
ecu,sex_m,age_aggregate_total,edu_isced97_x,2010,64.585
ecu,sex_m,age_aggregate_total,edu_isced97_x,2011,65.842
ecu,sex_m,age_aggregate_total,edu_isced97_x,2012,64.36
ecu,sex_m,age_aggregate_total,edu_isced97_x,2013,62.788
ecu,sex_m,age_aggregate_total,edu_isced97_x,2014,63.655
ecu,sex_m,age_aggregate_total,edu_isced97_x,2015,65.016
ecu,sex_m,age_aggregate_total,edu_isced97_x,2016,63.299
ecu,sex_m,age_aggregate_total,edu_isced97_x,2017,64.544
ecu,sex_m,age_aggregate_total,edu_isced97_x,2018,66.546
ecu,sex_m,age_aggregate_total,edu_isced97_x,2019,64.526
ecu,sex_m,age_aggregate_total,edu_isced97_x,2021,55.418
ecu,sex_m,age_aggregate_total,edu_isced97_x,2022,53.918
ecu,sex_m,age_aggregate_total,edu_isced97_x,2023,55.752
ecu,sex_m,age_aggregate_total,edu_isced97_x,2024,51.816
ecu,sex_m,age_aggregate_y15_24,edu_aggregate_adv,2000,42.849
ecu,sex_m,age_aggregate_y15_24,edu_aggregate_adv,2001,43.735
ecu,sex_m,age_aggregate_y15_24,edu_aggregate_adv,2003,49.012
ecu,sex_m,age_aggregate_y15_24,edu_aggregate_adv,2004,43.714
ecu,sex_m,age_aggregate_y15_24,edu_aggregate_adv,2005,50.304
ecu,sex_m,age_aggregate_y15_24,edu_aggregate_adv,2006,48.07
ecu,sex_m,age_aggregate_y15_24,edu_aggregate_adv,2007,50.952
ecu,sex_m,age_aggregate_y15_24,edu_aggregate_adv,2008,50.077
ecu,sex_m,age_aggregate_y15_24,edu_aggregate_adv,2009,41.785
ecu,sex_m,age_aggregate_y15_24,edu_aggregate_adv,2010,39.426
ecu,sex_m,age_aggregate_y15_24,edu_aggregate_adv,2011,44.326
ecu,sex_m,age_aggregate_y15_24,edu_aggregate_adv,2012,46.114
ecu,sex_m,age_aggregate_y15_24,edu_aggregate_adv,2013,48.818
ecu,sex_m,age_aggregate_y15_24,edu_aggregate_adv,2014,45.775
ecu,sex_m,age_aggregate_y15_24,edu_aggregate_adv,2015,46.368
ecu,sex_m,age_aggregate_y15_24,edu_aggregate_adv,2016,42.256
ecu,sex_m,age_aggregate_y15_24,edu_aggregate_adv,2017,45.912
ecu,sex_m,age_aggregate_y15_24,edu_aggregate_adv,2018,41.004
ecu,sex_m,age_aggregate_y15_24,edu_aggregate_adv,2019,40.123
ecu,sex_m,age_aggregate_y15_24,edu_aggregate_adv,2021,38.035
ecu,sex_m,age_aggregate_y15_24,edu_aggregate_adv,2022,43.055
ecu,sex_m,age_aggregate_y15_24,edu_aggregate_adv,2023,40.12
ecu,sex_m,age_aggregate_y15_24,edu_aggregate_adv,2024,41.407
ecu,sex_m,age_aggregate_y15_24,edu_aggregate_bas,2000,78.792
ecu,sex_m,age_aggregate_y15_24,edu_aggregate_bas,2001,82.97
ecu,sex_m,age_aggregate_y15_24,edu_aggregate_bas,2003,59.83
ecu,sex_m,age_aggregate_y15_24,edu_aggregate_bas,2004,61.24
ecu,sex_m,age_aggregate_y15_24,edu_aggregate_bas,2005,63.163
ecu,sex_m,age_aggregate_y15_24,edu_aggregate_bas,2006,66.807
ecu,sex_m,age_aggregate_y15_24,edu_aggregate_bas,2007,56.848
ecu,sex_m,age_aggregate_y15_24,edu_aggregate_bas,2008,55.81
ecu,sex_m,age_aggregate_y15_24,edu_aggregate_bas,2009,51.85
ecu,sex_m,age_aggregate_y15_24,edu_aggregate_bas,2010,48.493
ecu,sex_m,age_aggregate_y15_24,edu_aggregate_bas,2011,44.547
ecu,sex_m,age_aggregate_y15_24,edu_aggregate_bas,2012,44.068
ecu,sex_m,age_aggregate_y15_24,edu_aggregate_bas,2013,41.472
ecu,sex_m,age_aggregate_y15_24,edu_aggregate_bas,2014,41.095
ecu,sex_m,age_aggregate_y15_24,edu_aggregate_bas,2015,42.33
ecu,sex_m,age_aggregate_y15_24,edu_aggregate_bas,2016,43.199
ecu,sex_m,age_aggregate_y15_24,edu_aggregate_bas,2017,43.4
ecu,sex_m,age_aggregate_y15_24,edu_aggregate_bas,2018,41.295
ecu,sex_m,age_aggregate_y15_24,edu_aggregate_bas,2019,40.054
ecu,sex_m,age_aggregate_y15_24,edu_aggregate_bas,2021,43.043
ecu,sex_m,age_aggregate_y15_24,edu_aggregate_bas,2022,38.805
ecu,sex_m,age_aggregate_y15_24,edu_aggregate_bas,2023,36.575
ecu,sex_m,age_aggregate_y15_24,edu_aggregate_bas,2024,38.111
ecu,sex_m,age_aggregate_y15_24,edu_aggregate_int,2000,43.768
ecu,sex_m,age_aggregate_y15_24,edu_aggregate_int,2001,52.14
ecu,sex_m,age_aggregate_y15_24,edu_aggregate_int,2003,38.332
ecu,sex_m,age_aggregate_y15_24,edu_aggregate_int,2004,41.358
ecu,sex_m,age_aggregate_y15_24,edu_aggregate_int,2005,37.694
ecu,sex_m,age_aggregate_y15_24,edu_aggregate_int,2006,40.666
ecu,sex_m,age_aggregate_y15_24,edu_aggregate_int,2007,55.899
ecu,sex_m,age_aggregate_y15_24,edu_aggregate_int,2008,57.145
ecu,sex_m,age_aggregate_y15_24,edu_aggregate_int,2009,55.926
ecu,sex_m,age_aggregate_y15_24,edu_aggregate_int,2010,53.839
ecu,sex_m,age_aggregate_y15_24,edu_aggregate_int,2011,54.948
ecu,sex_m,age_aggregate_y15_24,edu_aggregate_int,2012,58.258
ecu,sex_m,age_aggregate_y15_24,edu_aggregate_int,2013,55.15
ecu,sex_m,age_aggregate_y15_24,edu_aggregate_int,2014,57.496
ecu,sex_m,age_aggregate_y15_24,edu_aggregate_int,2015,58.981
ecu,sex_m,age_aggregate_y15_24,edu_aggregate_int,2016,59.942
ecu,sex_m,age_aggregate_y15_24,edu_aggregate_int,2017,62.365
ecu,sex_m,age_aggregate_y15_24,edu_aggregate_int,2018,62.029
ecu,sex_m,age_aggregate_y15_24,edu_aggregate_int,2019,61.228
ecu,sex_m,age_aggregate_y15_24,edu_aggregate_int,2021,64.114
ecu,sex_m,age_aggregate_y15_24,edu_aggregate_int,2022,64.847
ecu,sex_m,age_aggregate_y15_24,edu_aggregate_int,2023,63.238
ecu,sex_m,age_aggregate_y15_24,edu_aggregate_int,2024,63.657
ecu,sex_m,age_aggregate_y15_24,edu_aggregate_ltb,2000,66.84
ecu,sex_m,age_aggregate_y15_24,edu_aggregate_ltb,2001,71.394
ecu,sex_m,age_aggregate_y15_24,edu_aggregate_ltb,2003,61.849
ecu,sex_m,age_aggregate_y15_24,edu_aggregate_ltb,2004,68.188
ecu,sex_m,age_aggregate_y15_24,edu_aggregate_ltb,2005,73.044
ecu,sex_m,age_aggregate_y15_24,edu_aggregate_ltb,2006,72.414
ecu,sex_m,age_aggregate_y15_24,edu_aggregate_ltb,2007,74.726
ecu,sex_m,age_aggregate_y15_24,edu_aggregate_ltb,2008,73.435
ecu,sex_m,age_aggregate_y15_24,edu_aggregate_ltb,2009,66.163
ecu,sex_m,age_aggregate_y15_24,edu_aggregate_ltb,2010,71.716
ecu,sex_m,age_aggregate_y15_24,edu_aggregate_ltb,2011,63.768
ecu,sex_m,age_aggregate_y15_24,edu_aggregate_ltb,2012,63.77
ecu,sex_m,age_aggregate_y15_24,edu_aggregate_ltb,2013,64.269
ecu,sex_m,age_aggregate_y15_24,edu_aggregate_ltb,2014,60.237
ecu,sex_m,age_aggregate_y15_24,edu_aggregate_ltb,2015,63.928
ecu,sex_m,age_aggregate_y15_24,edu_aggregate_ltb,2016,62.994
ecu,sex_m,age_aggregate_y15_24,edu_aggregate_ltb,2017,63.369
ecu,sex_m,age_aggregate_y15_24,edu_aggregate_ltb,2018,62.219
ecu,sex_m,age_aggregate_y15_24,edu_aggregate_ltb,2019,63.623
ecu,sex_m,age_aggregate_y15_24,edu_aggregate_ltb,2021,56.462
ecu,sex_m,age_aggregate_y15_24,edu_aggregate_ltb,2022,56.112
ecu,sex_m,age_aggregate_y15_24,edu_aggregate_ltb,2023,51.055
ecu,sex_m,age_aggregate_y15_24,edu_aggregate_ltb,2024,55.714
ecu,sex_m,age_aggregate_y15_24,edu_aggregate_total,2000,59.26
ecu,sex_m,age_aggregate_y15_24,edu_aggregate_total,2001,65.331
ecu,sex_m,age_aggregate_y15_24,edu_aggregate_total,2003,57.575
ecu,sex_m,age_aggregate_y15_24,edu_aggregate_total,2004,58.922
ecu,sex_m,age_aggregate_y15_24,edu_aggregate_total,2005,60.137
ecu,sex_m,age_aggregate_y15_24,edu_aggregate_total,2006,62.803
ecu,sex_m,age_aggregate_y15_24,edu_aggregate_total,2007,57.865
ecu,sex_m,age_aggregate_y15_24,edu_aggregate_total,2008,57.17
ecu,sex_m,age_aggregate_y15_24,edu_aggregate_total,2009,53.414
ecu,sex_m,age_aggregate_y15_24,edu_aggregate_total,2010,51.093
ecu,sex_m,age_aggregate_y15_24,edu_aggregate_total,2011,48.981
ecu,sex_m,age_aggregate_y15_24,edu_aggregate_total,2012,49.987
ecu,sex_m,age_aggregate_y15_24,edu_aggregate_total,2013,47.63
ecu,sex_m,age_aggregate_y15_24,edu_aggregate_total,2014,47.887
ecu,sex_m,age_aggregate_y15_24,edu_aggregate_total,2015,49.269
ecu,sex_m,age_aggregate_y15_24,edu_aggregate_total,2016,50.1
ecu,sex_m,age_aggregate_y15_24,edu_aggregate_total,2017,51.442
ecu,sex_m,age_aggregate_y15_24,edu_aggregate_total,2018,50.27
ecu,sex_m,age_aggregate_y15_24,edu_aggregate_total,2019,49.428
ecu,sex_m,age_aggregate_y15_24,edu_aggregate_total,2021,52.481
ecu,sex_m,age_aggregate_y15_24,edu_aggregate_total,2022,51.25
ecu,sex_m,age_aggregate_y15_24,edu_aggregate_total,2023,49.444
ecu,sex_m,age_aggregate_y15_24,edu_aggregate_total,2024,50.194
ecu,sex_m,age_aggregate_y15_24,edu_aggregate_x,2016,65.125
ecu,sex_m,age_aggregate_y15_24,edu_aggregate_x,2018,64.228
ecu,sex_m,age_aggregate_y15_24,edu_isced97_0,2000,78.516
ecu,sex_m,age_aggregate_y15_24,edu_isced97_0,2001,70.892
ecu,sex_m,age_aggregate_y15_24,edu_isced97_0,2003,71.24
ecu,sex_m,age_aggregate_y15_24,edu_isced97_0,2004,79.904
ecu,sex_m,age_aggregate_y15_24,edu_isced97_0,2005,76.159
ecu,sex_m,age_aggregate_y15_24,edu_isced97_0,2006,76.06
ecu,sex_m,age_aggregate_y15_24,edu_isced97_0,2007,79.384
ecu,sex_m,age_aggregate_y15_24,edu_isced97_0,2008,79.315
ecu,sex_m,age_aggregate_y15_24,edu_isced97_0,2009,70.715
ecu,sex_m,age_aggregate_y15_24,edu_isced97_0,2010,76.001
ecu,sex_m,age_aggregate_y15_24,edu_isced97_0,2011,69.854
ecu,sex_m,age_aggregate_y15_24,edu_isced97_0,2012,72.94
ecu,sex_m,age_aggregate_y15_24,edu_isced97_0,2013,74.414
ecu,sex_m,age_aggregate_y15_24,edu_isced97_0,2014,67.325
ecu,sex_m,age_aggregate_y15_24,edu_isced97_0,2015,72.996
ecu,sex_m,age_aggregate_y15_24,edu_isced97_0,2016,74.105
ecu,sex_m,age_aggregate_y15_24,edu_isced97_0,2017,73.158
ecu,sex_m,age_aggregate_y15_24,edu_isced97_0,2018,72.336
ecu,sex_m,age_aggregate_y15_24,edu_isced97_0,2019,73.181
ecu,sex_m,age_aggregate_y15_24,edu_isced97_0,2021,68.781
ecu,sex_m,age_aggregate_y15_24,edu_isced97_0,2022,70.638
ecu,sex_m,age_aggregate_y15_24,edu_isced97_0,2023,55.36
ecu,sex_m,age_aggregate_y15_24,edu_isced97_0,2024,62.125
ecu,sex_m,age_aggregate_y15_24,edu_isced97_1,2000,80.348
ecu,sex_m,age_aggregate_y15_24,edu_isced97_1,2001,83.439
ecu,sex_m,age_aggregate_y15_24,edu_isced97_1,2003,73.955
ecu,sex_m,age_aggregate_y15_24,edu_isced97_1,2004,75.862
ecu,sex_m,age_aggregate_y15_24,edu_isced97_1,2005,70.317
ecu,sex_m,age_aggregate_y15_24,edu_isced97_1,2006,71.408
ecu,sex_m,age_aggregate_y15_24,edu_isced97_1,2007,76.423
ecu,sex_m,age_aggregate_y15_24,edu_isced97_1,2008,75.105
ecu,sex_m,age_aggregate_y15_24,edu_isced97_1,2009,70.35
ecu,sex_m,age_aggregate_y15_24,edu_isced97_1,2010,70.556
ecu,sex_m,age_aggregate_y15_24,edu_isced97_1,2011,67.44
ecu,sex_m,age_aggregate_y15_24,edu_isced97_1,2012,66.936
ecu,sex_m,age_aggregate_y15_24,edu_isced97_1,2013,63.402
ecu,sex_m,age_aggregate_y15_24,edu_isced97_1,2014,64.842
ecu,sex_m,age_aggregate_y15_24,edu_isced97_1,2015,64.629
ecu,sex_m,age_aggregate_y15_24,edu_isced97_1,2016,66.034
ecu,sex_m,age_aggregate_y15_24,edu_isced97_1,2017,65.946
ecu,sex_m,age_aggregate_y15_24,edu_isced97_1,2018,63.79
ecu,sex_m,age_aggregate_y15_24,edu_isced97_1,2019,63.061
ecu,sex_m,age_aggregate_y15_24,edu_isced97_1,2021,64.183
ecu,sex_m,age_aggregate_y15_24,edu_isced97_1,2022,62.525
ecu,sex_m,age_aggregate_y15_24,edu_isced97_1,2023,62.558
ecu,sex_m,age_aggregate_y15_24,edu_isced97_1,2024,62.675
ecu,sex_m,age_aggregate_y15_24,edu_isced97_2,2000,78.546
ecu,sex_m,age_aggregate_y15_24,edu_isced97_2,2001,82.896
ecu,sex_m,age_aggregate_y15_24,edu_isced97_2,2003,46.524
ecu,sex_m,age_aggregate_y15_24,edu_isced97_2,2004,47.841
ecu,sex_m,age_aggregate_y15_24,edu_isced97_2,2005,54.662
ecu,sex_m,age_aggregate_y15_24,edu_isced97_2,2006,60.886
ecu,sex_m,age_aggregate_y15_24,edu_isced97_2,2007,38.427
ecu,sex_m,age_aggregate_y15_24,edu_isced97_2,2008,39.042
ecu,sex_m,age_aggregate_y15_24,edu_isced97_2,2009,36.715
ecu,sex_m,age_aggregate_y15_24,edu_isced97_2,2010,32.15
ecu,sex_m,age_aggregate_y15_24,edu_isced97_2,2011,29.208
ecu,sex_m,age_aggregate_y15_24,edu_isced97_2,2012,30.691
ecu,sex_m,age_aggregate_y15_24,edu_isced97_2,2013,28.678
ecu,sex_m,age_aggregate_y15_24,edu_isced97_2,2014,27.684
ecu,sex_m,age_aggregate_y15_24,edu_isced97_2,2015,30.344
ecu,sex_m,age_aggregate_y15_24,edu_isced97_2,2016,33.408
ecu,sex_m,age_aggregate_y15_24,edu_isced97_2,2017,35.099
ecu,sex_m,age_aggregate_y15_24,edu_isced97_2,2018,33.341
ecu,sex_m,age_aggregate_y15_24,edu_isced97_2,2019,32.694
ecu,sex_m,age_aggregate_y15_24,edu_isced97_2,2021,36.295
ecu,sex_m,age_aggregate_y15_24,edu_isced97_2,2022,31.912
ecu,sex_m,age_aggregate_y15_24,edu_isced97_2,2023,29.144
ecu,sex_m,age_aggregate_y15_24,edu_isced97_2,2024,31.143
ecu,sex_m,age_aggregate_y15_24,edu_isced97_3,2000,43.768
ecu,sex_m,age_aggregate_y15_24,edu_isced97_3,2001,52.14
ecu,sex_m,age_aggregate_y15_24,edu_isced97_3,2003,37.785
ecu,sex_m,age_aggregate_y15_24,edu_isced97_3,2004,40.455
ecu,sex_m,age_aggregate_y15_24,edu_isced97_3,2005,36.553
ecu,sex_m,age_aggregate_y15_24,edu_isced97_3,2006,40.53
ecu,sex_m,age_aggregate_y15_24,edu_isced97_3,2007,55.707
ecu,sex_m,age_aggregate_y15_24,edu_isced97_3,2008,57.117
ecu,sex_m,age_aggregate_y15_24,edu_isced97_3,2009,55.878
ecu,sex_m,age_aggregate_y15_24,edu_isced97_3,2010,53.669
ecu,sex_m,age_aggregate_y15_24,edu_isced97_3,2011,54.798
ecu,sex_m,age_aggregate_y15_24,edu_isced97_3,2012,58.225
ecu,sex_m,age_aggregate_y15_24,edu_isced97_3,2013,54.907
ecu,sex_m,age_aggregate_y15_24,edu_isced97_3,2014,57.532
ecu,sex_m,age_aggregate_y15_24,edu_isced97_3,2015,58.781
ecu,sex_m,age_aggregate_y15_24,edu_isced97_3,2016,59.812
ecu,sex_m,age_aggregate_y15_24,edu_isced97_3,2017,62.277
ecu,sex_m,age_aggregate_y15_24,edu_isced97_3,2018,61.915
ecu,sex_m,age_aggregate_y15_24,edu_isced97_3,2019,61.137
ecu,sex_m,age_aggregate_y15_24,edu_isced97_3,2021,63.855
ecu,sex_m,age_aggregate_y15_24,edu_isced97_3,2022,64.647
ecu,sex_m,age_aggregate_y15_24,edu_isced97_3,2023,63.124
ecu,sex_m,age_aggregate_y15_24,edu_isced97_3,2024,63.548
ecu,sex_m,age_aggregate_y15_24,edu_isced97_4,2003,53.01
ecu,sex_m,age_aggregate_y15_24,edu_isced97_4,2004,71.332
ecu,sex_m,age_aggregate_y15_24,edu_isced97_4,2005,68.708
ecu,sex_m,age_aggregate_y15_24,edu_isced97_4,2006,48.718
ecu,sex_m,age_aggregate_y15_24,edu_isced97_4,2007,87.401
ecu,sex_m,age_aggregate_y15_24,edu_isced97_4,2008,65.74
ecu,sex_m,age_aggregate_y15_24,edu_isced97_4,2009,78.046
ecu,sex_m,age_aggregate_y15_24,edu_isced97_4,2010,75.321
ecu,sex_m,age_aggregate_y15_24,edu_isced97_4,2011,80.321
ecu,sex_m,age_aggregate_y15_24,edu_isced97_4,2012,63.916
ecu,sex_m,age_aggregate_y15_24,edu_isced97_4,2013,87.131
ecu,sex_m,age_aggregate_y15_24,edu_isced97_4,2014,52.167
ecu,sex_m,age_aggregate_y15_24,edu_isced97_4,2015,81.134
ecu,sex_m,age_aggregate_y15_24,edu_isced97_4,2016,72.829
ecu,sex_m,age_aggregate_y15_24,edu_isced97_4,2017,71.211
ecu,sex_m,age_aggregate_y15_24,edu_isced97_4,2018,78.511
ecu,sex_m,age_aggregate_y15_24,edu_isced97_4,2019,73.696
ecu,sex_m,age_aggregate_y15_24,edu_isced97_4,2021,79.194
ecu,sex_m,age_aggregate_y15_24,edu_isced97_4,2022,76.937
ecu,sex_m,age_aggregate_y15_24,edu_isced97_4,2023,67.986
ecu,sex_m,age_aggregate_y15_24,edu_isced97_4,2024,68.25
ecu,sex_m,age_aggregate_y15_24,edu_isced97_5,2000,42.849
ecu,sex_m,age_aggregate_y15_24,edu_isced97_5,2001,44.022
ecu,sex_m,age_aggregate_y15_24,edu_isced97_5,2003,49.091
ecu,sex_m,age_aggregate_y15_24,edu_isced97_5,2004,43.746
ecu,sex_m,age_aggregate_y15_24,edu_isced97_5,2005,50.366
ecu,sex_m,age_aggregate_y15_24,edu_isced97_5,2006,48.07
ecu,sex_m,age_aggregate_y15_24,edu_isced97_5,2007,50.425
ecu,sex_m,age_aggregate_y15_24,edu_isced97_5,2008,50.077
ecu,sex_m,age_aggregate_y15_24,edu_isced97_5,2009,41.785
ecu,sex_m,age_aggregate_y15_24,edu_isced97_5,2010,39.426
ecu,sex_m,age_aggregate_y15_24,edu_isced97_5,2011,44.391
ecu,sex_m,age_aggregate_y15_24,edu_isced97_5,2012,45.874
ecu,sex_m,age_aggregate_y15_24,edu_isced97_5,2013,48.614
ecu,sex_m,age_aggregate_y15_24,edu_isced97_5,2014,45.759
ecu,sex_m,age_aggregate_y15_24,edu_isced97_5,2015,46.266
ecu,sex_m,age_aggregate_y15_24,edu_isced97_5,2016,42.243
ecu,sex_m,age_aggregate_y15_24,edu_isced97_5,2017,45.971
ecu,sex_m,age_aggregate_y15_24,edu_isced97_5,2018,41.037
ecu,sex_m,age_aggregate_y15_24,edu_isced97_5,2019,40.067
ecu,sex_m,age_aggregate_y15_24,edu_isced97_5,2021,38.065
ecu,sex_m,age_aggregate_y15_24,edu_isced97_5,2022,42.885
ecu,sex_m,age_aggregate_y15_24,edu_isced97_5,2023,39.922
ecu,sex_m,age_aggregate_y15_24,edu_isced97_5,2024,41.291
ecu,sex_m,age_aggregate_y15_24,edu_isced97_6,2015,100
ecu,sex_m,age_aggregate_y15_24,edu_isced97_6,2023,67.8
ecu,sex_m,age_aggregate_y15_24,edu_isced97_6,2024,68.946
ecu,sex_m,age_aggregate_y15_24,edu_isced97_total,2000,59.26
ecu,sex_m,age_aggregate_y15_24,edu_isced97_total,2001,65.331
ecu,sex_m,age_aggregate_y15_24,edu_isced97_total,2003,57.575
ecu,sex_m,age_aggregate_y15_24,edu_isced97_total,2004,58.922
ecu,sex_m,age_aggregate_y15_24,edu_isced97_total,2005,60.137
ecu,sex_m,age_aggregate_y15_24,edu_isced97_total,2006,62.803
ecu,sex_m,age_aggregate_y15_24,edu_isced97_total,2007,57.865
ecu,sex_m,age_aggregate_y15_24,edu_isced97_total,2008,57.17
ecu,sex_m,age_aggregate_y15_24,edu_isced97_total,2009,53.414
ecu,sex_m,age_aggregate_y15_24,edu_isced97_total,2010,51.093
ecu,sex_m,age_aggregate_y15_24,edu_isced97_total,2011,48.981
ecu,sex_m,age_aggregate_y15_24,edu_isced97_total,2012,49.987
ecu,sex_m,age_aggregate_y15_24,edu_isced97_total,2013,47.63
ecu,sex_m,age_aggregate_y15_24,edu_isced97_total,2014,47.887
ecu,sex_m,age_aggregate_y15_24,edu_isced97_total,2015,49.269
ecu,sex_m,age_aggregate_y15_24,edu_isced97_total,2016,50.1
ecu,sex_m,age_aggregate_y15_24,edu_isced97_total,2017,51.442
ecu,sex_m,age_aggregate_y15_24,edu_isced97_total,2018,50.27
ecu,sex_m,age_aggregate_y15_24,edu_isced97_total,2019,49.428
ecu,sex_m,age_aggregate_y15_24,edu_isced97_total,2021,52.481
ecu,sex_m,age_aggregate_y15_24,edu_isced97_total,2022,51.25
ecu,sex_m,age_aggregate_y15_24,edu_isced97_total,2023,49.444
ecu,sex_m,age_aggregate_y15_24,edu_isced97_total,2024,50.194
ecu,sex_m,age_aggregate_y15_24,edu_isced97_unk,2016,65.125
ecu,sex_m,age_aggregate_y15_24,edu_isced97_unk,2018,64.228
ecu,sex_m,age_aggregate_y15_24,edu_isced97_x,2000,55.334
ecu,sex_m,age_aggregate_y15_24,edu_isced97_x,2001,72.425
ecu,sex_m,age_aggregate_y15_24,edu_isced97_x,2003,50.883
ecu,sex_m,age_aggregate_y15_24,edu_isced97_x,2004,54.826
ecu,sex_m,age_aggregate_y15_24,edu_isced97_x,2005,69.775
ecu,sex_m,age_aggregate_y15_24,edu_isced97_x,2006,69.015
ecu,sex_m,age_aggregate_y15_24,edu_isced97_x,2007,51.104
ecu,sex_m,age_aggregate_y15_24,edu_isced97_x,2008,44.317
ecu,sex_m,age_aggregate_y15_24,edu_isced97_x,2009,41.044
ecu,sex_m,age_aggregate_y15_24,edu_isced97_x,2010,49.914
ecu,sex_m,age_aggregate_y15_24,edu_isced97_x,2011,36.057
ecu,sex_m,age_aggregate_y15_24,edu_isced97_x,2012,28.186
ecu,sex_m,age_aggregate_y15_24,edu_isced97_x,2013,27.916
ecu,sex_m,age_aggregate_y15_24,edu_isced97_x,2014,29.484
ecu,sex_m,age_aggregate_y15_24,edu_isced97_x,2015,23.496
ecu,sex_m,age_aggregate_y15_24,edu_isced97_x,2016,20.811
ecu,sex_m,age_aggregate_y15_24,edu_isced97_x,2017,28.167
ecu,sex_m,age_aggregate_y15_24,edu_isced97_x,2018,22.999
ecu,sex_m,age_aggregate_y15_24,edu_isced97_x,2019,30.706
ecu,sex_m,age_aggregate_y15_24,edu_isced97_x,2021,19.9
ecu,sex_m,age_aggregate_y15_24,edu_isced97_x,2022,9.32
ecu,sex_m,age_aggregate_y15_24,edu_isced97_x,2023,37.51
ecu,sex_m,age_aggregate_y15_24,edu_isced97_x,2024,33.048
ecu,sex_m,age_aggregate_y25_54,edu_aggregate_adv,2000,93.154
ecu,sex_m,age_aggregate_y25_54,edu_aggregate_adv,2001,92.816
ecu,sex_m,age_aggregate_y25_54,edu_aggregate_adv,2003,91.424
ecu,sex_m,age_aggregate_y25_54,edu_aggregate_adv,2004,92.824
ecu,sex_m,age_aggregate_y25_54,edu_aggregate_adv,2005,92.796
ecu,sex_m,age_aggregate_y25_54,edu_aggregate_adv,2006,93.301
ecu,sex_m,age_aggregate_y25_54,edu_aggregate_adv,2007,93.25
ecu,sex_m,age_aggregate_y25_54,edu_aggregate_adv,2008,93.263
ecu,sex_m,age_aggregate_y25_54,edu_aggregate_adv,2009,90.451
ecu,sex_m,age_aggregate_y25_54,edu_aggregate_adv,2010,90.45
ecu,sex_m,age_aggregate_y25_54,edu_aggregate_adv,2011,91.223
ecu,sex_m,age_aggregate_y25_54,edu_aggregate_adv,2012,90.041
ecu,sex_m,age_aggregate_y25_54,edu_aggregate_adv,2013,91.181
ecu,sex_m,age_aggregate_y25_54,edu_aggregate_adv,2014,92.274
ecu,sex_m,age_aggregate_y25_54,edu_aggregate_adv,2015,91.851
ecu,sex_m,age_aggregate_y25_54,edu_aggregate_adv,2016,91.294
ecu,sex_m,age_aggregate_y25_54,edu_aggregate_adv,2017,90.601
ecu,sex_m,age_aggregate_y25_54,edu_aggregate_adv,2018,90.244
ecu,sex_m,age_aggregate_y25_54,edu_aggregate_adv,2019,89.319
ecu,sex_m,age_aggregate_y25_54,edu_aggregate_adv,2021,89.168
ecu,sex_m,age_aggregate_y25_54,edu_aggregate_adv,2022,90.493
ecu,sex_m,age_aggregate_y25_54,edu_aggregate_adv,2023,90.082
ecu,sex_m,age_aggregate_y25_54,edu_aggregate_adv,2024,90.06
ecu,sex_m,age_aggregate_y25_54,edu_aggregate_bas,2000,94.682
ecu,sex_m,age_aggregate_y25_54,edu_aggregate_bas,2001,94.692
ecu,sex_m,age_aggregate_y25_54,edu_aggregate_bas,2003,93.276
ecu,sex_m,age_aggregate_y25_54,edu_aggregate_bas,2004,94.138
ecu,sex_m,age_aggregate_y25_54,edu_aggregate_bas,2005,94.991
ecu,sex_m,age_aggregate_y25_54,edu_aggregate_bas,2006,95.955
ecu,sex_m,age_aggregate_y25_54,edu_aggregate_bas,2007,96.429
ecu,sex_m,age_aggregate_y25_54,edu_aggregate_bas,2008,96.449
ecu,sex_m,age_aggregate_y25_54,edu_aggregate_bas,2009,94.168
ecu,sex_m,age_aggregate_y25_54,edu_aggregate_bas,2010,94.442
ecu,sex_m,age_aggregate_y25_54,edu_aggregate_bas,2011,95.6
ecu,sex_m,age_aggregate_y25_54,edu_aggregate_bas,2012,95.644
ecu,sex_m,age_aggregate_y25_54,edu_aggregate_bas,2013,95.447
ecu,sex_m,age_aggregate_y25_54,edu_aggregate_bas,2014,95.674
ecu,sex_m,age_aggregate_y25_54,edu_aggregate_bas,2015,96.262
ecu,sex_m,age_aggregate_y25_54,edu_aggregate_bas,2016,95.663
ecu,sex_m,age_aggregate_y25_54,edu_aggregate_bas,2017,96.123
ecu,sex_m,age_aggregate_y25_54,edu_aggregate_bas,2018,96.132
ecu,sex_m,age_aggregate_y25_54,edu_aggregate_bas,2019,95.829
ecu,sex_m,age_aggregate_y25_54,edu_aggregate_bas,2021,95.064
ecu,sex_m,age_aggregate_y25_54,edu_aggregate_bas,2022,94.869
ecu,sex_m,age_aggregate_y25_54,edu_aggregate_bas,2023,95.524
ecu,sex_m,age_aggregate_y25_54,edu_aggregate_bas,2024,95.844
ecu,sex_m,age_aggregate_y25_54,edu_aggregate_int,2000,92.846
ecu,sex_m,age_aggregate_y25_54,edu_aggregate_int,2001,93.942
ecu,sex_m,age_aggregate_y25_54,edu_aggregate_int,2003,88.57
ecu,sex_m,age_aggregate_y25_54,edu_aggregate_int,2004,91.949
ecu,sex_m,age_aggregate_y25_54,edu_aggregate_int,2005,93.45
ecu,sex_m,age_aggregate_y25_54,edu_aggregate_int,2006,90.868
ecu,sex_m,age_aggregate_y25_54,edu_aggregate_int,2007,94.99
ecu,sex_m,age_aggregate_y25_54,edu_aggregate_int,2008,94.442
ecu,sex_m,age_aggregate_y25_54,edu_aggregate_int,2009,93.438
ecu,sex_m,age_aggregate_y25_54,edu_aggregate_int,2010,92.796
ecu,sex_m,age_aggregate_y25_54,edu_aggregate_int,2011,93.19
ecu,sex_m,age_aggregate_y25_54,edu_aggregate_int,2012,92.822
ecu,sex_m,age_aggregate_y25_54,edu_aggregate_int,2013,94.152
ecu,sex_m,age_aggregate_y25_54,edu_aggregate_int,2014,94.11
ecu,sex_m,age_aggregate_y25_54,edu_aggregate_int,2015,94.715
ecu,sex_m,age_aggregate_y25_54,edu_aggregate_int,2016,93.545
ecu,sex_m,age_aggregate_y25_54,edu_aggregate_int,2017,94.087
ecu,sex_m,age_aggregate_y25_54,edu_aggregate_int,2018,93.944
ecu,sex_m,age_aggregate_y25_54,edu_aggregate_int,2019,93.004
ecu,sex_m,age_aggregate_y25_54,edu_aggregate_int,2021,92.433
ecu,sex_m,age_aggregate_y25_54,edu_aggregate_int,2022,93.464
ecu,sex_m,age_aggregate_y25_54,edu_aggregate_int,2023,94.003
ecu,sex_m,age_aggregate_y25_54,edu_aggregate_int,2024,93.908
ecu,sex_m,age_aggregate_y25_54,edu_aggregate_ltb,2000,91.23
ecu,sex_m,age_aggregate_y25_54,edu_aggregate_ltb,2001,89.724
ecu,sex_m,age_aggregate_y25_54,edu_aggregate_ltb,2003,89.234
ecu,sex_m,age_aggregate_y25_54,edu_aggregate_ltb,2004,88.43
ecu,sex_m,age_aggregate_y25_54,edu_aggregate_ltb,2005,89.499
ecu,sex_m,age_aggregate_y25_54,edu_aggregate_ltb,2006,91.92
ecu,sex_m,age_aggregate_y25_54,edu_aggregate_ltb,2007,93.017
ecu,sex_m,age_aggregate_y25_54,edu_aggregate_ltb,2008,92.794
ecu,sex_m,age_aggregate_y25_54,edu_aggregate_ltb,2009,91.364
ecu,sex_m,age_aggregate_y25_54,edu_aggregate_ltb,2010,91.266
ecu,sex_m,age_aggregate_y25_54,edu_aggregate_ltb,2011,89.148
ecu,sex_m,age_aggregate_y25_54,edu_aggregate_ltb,2012,89.636
ecu,sex_m,age_aggregate_y25_54,edu_aggregate_ltb,2013,90.268
ecu,sex_m,age_aggregate_y25_54,edu_aggregate_ltb,2014,91.211
ecu,sex_m,age_aggregate_y25_54,edu_aggregate_ltb,2015,92.098
ecu,sex_m,age_aggregate_y25_54,edu_aggregate_ltb,2016,91.564
ecu,sex_m,age_aggregate_y25_54,edu_aggregate_ltb,2017,90.651
ecu,sex_m,age_aggregate_y25_54,edu_aggregate_ltb,2018,91.676
ecu,sex_m,age_aggregate_y25_54,edu_aggregate_ltb,2019,90.945
ecu,sex_m,age_aggregate_y25_54,edu_aggregate_ltb,2021,87.541
ecu,sex_m,age_aggregate_y25_54,edu_aggregate_ltb,2022,84.589
ecu,sex_m,age_aggregate_y25_54,edu_aggregate_ltb,2023,85.567
ecu,sex_m,age_aggregate_y25_54,edu_aggregate_ltb,2024,85.026
ecu,sex_m,age_aggregate_y25_54,edu_aggregate_total,2000,93.605
ecu,sex_m,age_aggregate_y25_54,edu_aggregate_total,2001,93.707
ecu,sex_m,age_aggregate_y25_54,edu_aggregate_total,2003,92.411
ecu,sex_m,age_aggregate_y25_54,edu_aggregate_total,2004,93.372
ecu,sex_m,age_aggregate_y25_54,edu_aggregate_total,2005,94.104
ecu,sex_m,age_aggregate_y25_54,edu_aggregate_total,2006,94.953
ecu,sex_m,age_aggregate_y25_54,edu_aggregate_total,2007,95.042
ecu,sex_m,age_aggregate_y25_54,edu_aggregate_total,2008,94.911
ecu,sex_m,age_aggregate_y25_54,edu_aggregate_total,2009,92.966
ecu,sex_m,age_aggregate_y25_54,edu_aggregate_total,2010,92.887
ecu,sex_m,age_aggregate_y25_54,edu_aggregate_total,2011,93.427
ecu,sex_m,age_aggregate_y25_54,edu_aggregate_total,2012,93.149
ecu,sex_m,age_aggregate_y25_54,edu_aggregate_total,2013,93.722
ecu,sex_m,age_aggregate_y25_54,edu_aggregate_total,2014,94.17
ecu,sex_m,age_aggregate_y25_54,edu_aggregate_total,2015,94.678
ecu,sex_m,age_aggregate_y25_54,edu_aggregate_total,2016,93.893
ecu,sex_m,age_aggregate_y25_54,edu_aggregate_total,2017,94.069
ecu,sex_m,age_aggregate_y25_54,edu_aggregate_total,2018,94.018
ecu,sex_m,age_aggregate_y25_54,edu_aggregate_total,2019,93.341
ecu,sex_m,age_aggregate_y25_54,edu_aggregate_total,2021,92.543
ecu,sex_m,age_aggregate_y25_54,edu_aggregate_total,2022,92.921
ecu,sex_m,age_aggregate_y25_54,edu_aggregate_total,2023,93.341
ecu,sex_m,age_aggregate_y25_54,edu_aggregate_total,2024,93.356
ecu,sex_m,age_aggregate_y25_54,edu_aggregate_x,2001,68.538
ecu,sex_m,age_aggregate_y25_54,edu_aggregate_x,2008,100
ecu,sex_m,age_aggregate_y25_54,edu_aggregate_x,2016,98.511
ecu,sex_m,age_aggregate_y25_54,edu_aggregate_x,2017,68.28
ecu,sex_m,age_aggregate_y25_54,edu_aggregate_x,2018,100
ecu,sex_m,age_aggregate_y25_54,edu_aggregate_x,2019,74.96
ecu,sex_m,age_aggregate_y25_54,edu_aggregate_x,2021,94.384
ecu,sex_m,age_aggregate_y25_54,edu_aggregate_x,2022,100
ecu,sex_m,age_aggregate_y25_54,edu_aggregate_x,2023,100
ecu,sex_m,age_aggregate_y25_54,edu_isced97_0,2000,95.391
ecu,sex_m,age_aggregate_y25_54,edu_isced97_0,2001,92.668
ecu,sex_m,age_aggregate_y25_54,edu_isced97_0,2003,90.996
ecu,sex_m,age_aggregate_y25_54,edu_isced97_0,2004,93.442
ecu,sex_m,age_aggregate_y25_54,edu_isced97_0,2005,93.248
ecu,sex_m,age_aggregate_y25_54,edu_isced97_0,2006,94.641
ecu,sex_m,age_aggregate_y25_54,edu_isced97_0,2007,95.726
ecu,sex_m,age_aggregate_y25_54,edu_isced97_0,2008,96.414
ecu,sex_m,age_aggregate_y25_54,edu_isced97_0,2009,95.197
ecu,sex_m,age_aggregate_y25_54,edu_isced97_0,2010,95.055
ecu,sex_m,age_aggregate_y25_54,edu_isced97_0,2011,93.542
ecu,sex_m,age_aggregate_y25_54,edu_isced97_0,2012,95.103
ecu,sex_m,age_aggregate_y25_54,edu_isced97_0,2013,94.825
ecu,sex_m,age_aggregate_y25_54,edu_isced97_0,2014,94.27
ecu,sex_m,age_aggregate_y25_54,edu_isced97_0,2015,94.856
ecu,sex_m,age_aggregate_y25_54,edu_isced97_0,2016,94.852
ecu,sex_m,age_aggregate_y25_54,edu_isced97_0,2017,95.262
ecu,sex_m,age_aggregate_y25_54,edu_isced97_0,2018,95.612
ecu,sex_m,age_aggregate_y25_54,edu_isced97_0,2019,94.785
ecu,sex_m,age_aggregate_y25_54,edu_isced97_0,2021,92.373
ecu,sex_m,age_aggregate_y25_54,edu_isced97_0,2022,91.932
ecu,sex_m,age_aggregate_y25_54,edu_isced97_0,2023,93.088
ecu,sex_m,age_aggregate_y25_54,edu_isced97_0,2024,92.684
ecu,sex_m,age_aggregate_y25_54,edu_isced97_1,2000,93.33
ecu,sex_m,age_aggregate_y25_54,edu_isced97_1,2001,94.479
ecu,sex_m,age_aggregate_y25_54,edu_isced97_1,2003,93.411
ecu,sex_m,age_aggregate_y25_54,edu_isced97_1,2004,94.078
ecu,sex_m,age_aggregate_y25_54,edu_isced97_1,2005,95.507
ecu,sex_m,age_aggregate_y25_54,edu_isced97_1,2006,96.318
ecu,sex_m,age_aggregate_y25_54,edu_isced97_1,2007,96.709
ecu,sex_m,age_aggregate_y25_54,edu_isced97_1,2008,96.896
ecu,sex_m,age_aggregate_y25_54,edu_isced97_1,2009,94.626
ecu,sex_m,age_aggregate_y25_54,edu_isced97_1,2010,95.207
ecu,sex_m,age_aggregate_y25_54,edu_isced97_1,2011,96.084
ecu,sex_m,age_aggregate_y25_54,edu_isced97_1,2012,95.882
ecu,sex_m,age_aggregate_y25_54,edu_isced97_1,2013,95.737
ecu,sex_m,age_aggregate_y25_54,edu_isced97_1,2014,95.761
ecu,sex_m,age_aggregate_y25_54,edu_isced97_1,2015,96.615
ecu,sex_m,age_aggregate_y25_54,edu_isced97_1,2016,95.977
ecu,sex_m,age_aggregate_y25_54,edu_isced97_1,2017,96.193
ecu,sex_m,age_aggregate_y25_54,edu_isced97_1,2018,96.318
ecu,sex_m,age_aggregate_y25_54,edu_isced97_1,2019,96.091
ecu,sex_m,age_aggregate_y25_54,edu_isced97_1,2021,95.25
ecu,sex_m,age_aggregate_y25_54,edu_isced97_1,2022,95.08
ecu,sex_m,age_aggregate_y25_54,edu_isced97_1,2023,95.972
ecu,sex_m,age_aggregate_y25_54,edu_isced97_1,2024,96.222
ecu,sex_m,age_aggregate_y25_54,edu_isced97_2,2000,95.03
ecu,sex_m,age_aggregate_y25_54,edu_isced97_2,2001,94.746
ecu,sex_m,age_aggregate_y25_54,edu_isced97_2,2003,93.072
ecu,sex_m,age_aggregate_y25_54,edu_isced97_2,2004,94.229
ecu,sex_m,age_aggregate_y25_54,edu_isced97_2,2005,94.235
ecu,sex_m,age_aggregate_y25_54,edu_isced97_2,2006,95.45
ecu,sex_m,age_aggregate_y25_54,edu_isced97_2,2007,95.622
ecu,sex_m,age_aggregate_y25_54,edu_isced97_2,2008,95.195
ecu,sex_m,age_aggregate_y25_54,edu_isced97_2,2009,92.804
ecu,sex_m,age_aggregate_y25_54,edu_isced97_2,2010,92.344
ecu,sex_m,age_aggregate_y25_54,edu_isced97_2,2011,94.272
ecu,sex_m,age_aggregate_y25_54,edu_isced97_2,2012,94.932
ecu,sex_m,age_aggregate_y25_54,edu_isced97_2,2013,94.599
ecu,sex_m,age_aggregate_y25_54,edu_isced97_2,2014,95.401
ecu,sex_m,age_aggregate_y25_54,edu_isced97_2,2015,95.211
ecu,sex_m,age_aggregate_y25_54,edu_isced97_2,2016,94.74
ecu,sex_m,age_aggregate_y25_54,edu_isced97_2,2017,95.93
ecu,sex_m,age_aggregate_y25_54,edu_isced97_2,2018,95.533
ecu,sex_m,age_aggregate_y25_54,edu_isced97_2,2019,94.994
ecu,sex_m,age_aggregate_y25_54,edu_isced97_2,2021,94.534
ecu,sex_m,age_aggregate_y25_54,edu_isced97_2,2022,94.255
ecu,sex_m,age_aggregate_y25_54,edu_isced97_2,2023,94.256
ecu,sex_m,age_aggregate_y25_54,edu_isced97_2,2024,94.794
ecu,sex_m,age_aggregate_y25_54,edu_isced97_3,2000,92.846
ecu,sex_m,age_aggregate_y25_54,edu_isced97_3,2001,93.942
ecu,sex_m,age_aggregate_y25_54,edu_isced97_3,2003,87.265
ecu,sex_m,age_aggregate_y25_54,edu_isced97_3,2004,91.474
ecu,sex_m,age_aggregate_y25_54,edu_isced97_3,2005,92.655
ecu,sex_m,age_aggregate_y25_54,edu_isced97_3,2006,89.927
ecu,sex_m,age_aggregate_y25_54,edu_isced97_3,2007,95.087
ecu,sex_m,age_aggregate_y25_54,edu_isced97_3,2008,94.46
ecu,sex_m,age_aggregate_y25_54,edu_isced97_3,2009,93.408
ecu,sex_m,age_aggregate_y25_54,edu_isced97_3,2010,92.853
ecu,sex_m,age_aggregate_y25_54,edu_isced97_3,2011,93.288
ecu,sex_m,age_aggregate_y25_54,edu_isced97_3,2012,92.814
ecu,sex_m,age_aggregate_y25_54,edu_isced97_3,2013,94.127
ecu,sex_m,age_aggregate_y25_54,edu_isced97_3,2014,94.119
ecu,sex_m,age_aggregate_y25_54,edu_isced97_3,2015,94.669
ecu,sex_m,age_aggregate_y25_54,edu_isced97_3,2016,93.472
ecu,sex_m,age_aggregate_y25_54,edu_isced97_3,2017,94.034
ecu,sex_m,age_aggregate_y25_54,edu_isced97_3,2018,93.963
ecu,sex_m,age_aggregate_y25_54,edu_isced97_3,2019,92.939
ecu,sex_m,age_aggregate_y25_54,edu_isced97_3,2021,92.598
ecu,sex_m,age_aggregate_y25_54,edu_isced97_3,2022,93.551
ecu,sex_m,age_aggregate_y25_54,edu_isced97_3,2023,94
ecu,sex_m,age_aggregate_y25_54,edu_isced97_3,2024,93.93
ecu,sex_m,age_aggregate_y25_54,edu_isced97_4,2003,94.826
ecu,sex_m,age_aggregate_y25_54,edu_isced97_4,2004,94.806
ecu,sex_m,age_aggregate_y25_54,edu_isced97_4,2005,97.901
ecu,sex_m,age_aggregate_y25_54,edu_isced97_4,2006,96.014
ecu,sex_m,age_aggregate_y25_54,edu_isced97_4,2007,89.901
ecu,sex_m,age_aggregate_y25_54,edu_isced97_4,2008,93.381
ecu,sex_m,age_aggregate_y25_54,edu_isced97_4,2009,95.207
ecu,sex_m,age_aggregate_y25_54,edu_isced97_4,2010,90.641
ecu,sex_m,age_aggregate_y25_54,edu_isced97_4,2011,89.724
ecu,sex_m,age_aggregate_y25_54,edu_isced97_4,2012,93.223
ecu,sex_m,age_aggregate_y25_54,edu_isced97_4,2013,94.982
ecu,sex_m,age_aggregate_y25_54,edu_isced97_4,2014,93.825
ecu,sex_m,age_aggregate_y25_54,edu_isced97_4,2015,95.838
ecu,sex_m,age_aggregate_y25_54,edu_isced97_4,2016,94.973
ecu,sex_m,age_aggregate_y25_54,edu_isced97_4,2017,95.095
ecu,sex_m,age_aggregate_y25_54,edu_isced97_4,2018,93.59
ecu,sex_m,age_aggregate_y25_54,edu_isced97_4,2019,94.046
ecu,sex_m,age_aggregate_y25_54,edu_isced97_4,2021,89.82
ecu,sex_m,age_aggregate_y25_54,edu_isced97_4,2022,92.124
ecu,sex_m,age_aggregate_y25_54,edu_isced97_4,2023,94.034
ecu,sex_m,age_aggregate_y25_54,edu_isced97_4,2024,93.618
ecu,sex_m,age_aggregate_y25_54,edu_isced97_5,2000,93.154
ecu,sex_m,age_aggregate_y25_54,edu_isced97_5,2001,92.66
ecu,sex_m,age_aggregate_y25_54,edu_isced97_5,2003,91.008
ecu,sex_m,age_aggregate_y25_54,edu_isced97_5,2004,92.487
ecu,sex_m,age_aggregate_y25_54,edu_isced97_5,2005,92.513
ecu,sex_m,age_aggregate_y25_54,edu_isced97_5,2006,92.913
ecu,sex_m,age_aggregate_y25_54,edu_isced97_5,2007,92.822
ecu,sex_m,age_aggregate_y25_54,edu_isced97_5,2008,92.945
ecu,sex_m,age_aggregate_y25_54,edu_isced97_5,2009,90.052
ecu,sex_m,age_aggregate_y25_54,edu_isced97_5,2010,90.026
ecu,sex_m,age_aggregate_y25_54,edu_isced97_5,2011,91.053
ecu,sex_m,age_aggregate_y25_54,edu_isced97_5,2012,89.65
ecu,sex_m,age_aggregate_y25_54,edu_isced97_5,2013,90.623
ecu,sex_m,age_aggregate_y25_54,edu_isced97_5,2014,91.689
ecu,sex_m,age_aggregate_y25_54,edu_isced97_5,2015,91.434
ecu,sex_m,age_aggregate_y25_54,edu_isced97_5,2016,90.721
ecu,sex_m,age_aggregate_y25_54,edu_isced97_5,2017,90.197
ecu,sex_m,age_aggregate_y25_54,edu_isced97_5,2018,89.634
ecu,sex_m,age_aggregate_y25_54,edu_isced97_5,2019,88.795
ecu,sex_m,age_aggregate_y25_54,edu_isced97_5,2021,88.335
ecu,sex_m,age_aggregate_y25_54,edu_isced97_5,2022,89.739
ecu,sex_m,age_aggregate_y25_54,edu_isced97_5,2023,89.183
ecu,sex_m,age_aggregate_y25_54,edu_isced97_5,2024,89.359
ecu,sex_m,age_aggregate_y25_54,edu_isced97_6,2001,95.118
ecu,sex_m,age_aggregate_y25_54,edu_isced97_6,2003,99.565
ecu,sex_m,age_aggregate_y25_54,edu_isced97_6,2004,97.939
ecu,sex_m,age_aggregate_y25_54,edu_isced97_6,2005,97.336
ecu,sex_m,age_aggregate_y25_54,edu_isced97_6,2006,99.532
ecu,sex_m,age_aggregate_y25_54,edu_isced97_6,2007,100
ecu,sex_m,age_aggregate_y25_54,edu_isced97_6,2008,97.433
ecu,sex_m,age_aggregate_y25_54,edu_isced97_6,2009,95.503
ecu,sex_m,age_aggregate_y25_54,edu_isced97_6,2010,94.836
ecu,sex_m,age_aggregate_y25_54,edu_isced97_6,2011,93.926
ecu,sex_m,age_aggregate_y25_54,edu_isced97_6,2012,96.828
ecu,sex_m,age_aggregate_y25_54,edu_isced97_6,2013,98.475
ecu,sex_m,age_aggregate_y25_54,edu_isced97_6,2014,98.156
ecu,sex_m,age_aggregate_y25_54,edu_isced97_6,2015,96.003
ecu,sex_m,age_aggregate_y25_54,edu_isced97_6,2016,96.381
ecu,sex_m,age_aggregate_y25_54,edu_isced97_6,2017,94.223
ecu,sex_m,age_aggregate_y25_54,edu_isced97_6,2018,95.807
ecu,sex_m,age_aggregate_y25_54,edu_isced97_6,2019,94.175
ecu,sex_m,age_aggregate_y25_54,edu_isced97_6,2021,94.945
ecu,sex_m,age_aggregate_y25_54,edu_isced97_6,2022,95.573
ecu,sex_m,age_aggregate_y25_54,edu_isced97_6,2023,95.729
ecu,sex_m,age_aggregate_y25_54,edu_isced97_6,2024,94.376
ecu,sex_m,age_aggregate_y25_54,edu_isced97_total,2000,93.605
ecu,sex_m,age_aggregate_y25_54,edu_isced97_total,2001,93.707
ecu,sex_m,age_aggregate_y25_54,edu_isced97_total,2003,92.411
ecu,sex_m,age_aggregate_y25_54,edu_isced97_total,2004,93.372
ecu,sex_m,age_aggregate_y25_54,edu_isced97_total,2005,94.104
ecu,sex_m,age_aggregate_y25_54,edu_isced97_total,2006,94.953
ecu,sex_m,age_aggregate_y25_54,edu_isced97_total,2007,95.042
ecu,sex_m,age_aggregate_y25_54,edu_isced97_total,2008,94.911
ecu,sex_m,age_aggregate_y25_54,edu_isced97_total,2009,92.966
ecu,sex_m,age_aggregate_y25_54,edu_isced97_total,2010,92.887
ecu,sex_m,age_aggregate_y25_54,edu_isced97_total,2011,93.427
ecu,sex_m,age_aggregate_y25_54,edu_isced97_total,2012,93.149
ecu,sex_m,age_aggregate_y25_54,edu_isced97_total,2013,93.722
ecu,sex_m,age_aggregate_y25_54,edu_isced97_total,2014,94.17
ecu,sex_m,age_aggregate_y25_54,edu_isced97_total,2015,94.678
ecu,sex_m,age_aggregate_y25_54,edu_isced97_total,2016,93.893
ecu,sex_m,age_aggregate_y25_54,edu_isced97_total,2017,94.069
ecu,sex_m,age_aggregate_y25_54,edu_isced97_total,2018,94.018
ecu,sex_m,age_aggregate_y25_54,edu_isced97_total,2019,93.341
ecu,sex_m,age_aggregate_y25_54,edu_isced97_total,2021,92.543
ecu,sex_m,age_aggregate_y25_54,edu_isced97_total,2022,92.921
ecu,sex_m,age_aggregate_y25_54,edu_isced97_total,2023,93.341
ecu,sex_m,age_aggregate_y25_54,edu_isced97_total,2024,93.356
ecu,sex_m,age_aggregate_y25_54,edu_isced97_unk,2001,68.538
ecu,sex_m,age_aggregate_y25_54,edu_isced97_unk,2008,100
ecu,sex_m,age_aggregate_y25_54,edu_isced97_unk,2016,98.511
ecu,sex_m,age_aggregate_y25_54,edu_isced97_unk,2017,68.28
ecu,sex_m,age_aggregate_y25_54,edu_isced97_unk,2018,100
ecu,sex_m,age_aggregate_y25_54,edu_isced97_unk,2019,74.96
ecu,sex_m,age_aggregate_y25_54,edu_isced97_unk,2021,94.384
ecu,sex_m,age_aggregate_y25_54,edu_isced97_unk,2022,100
ecu,sex_m,age_aggregate_y25_54,edu_isced97_unk,2023,100
ecu,sex_m,age_aggregate_y25_54,edu_isced97_x,2000,88.647
ecu,sex_m,age_aggregate_y25_54,edu_isced97_x,2001,86.354
ecu,sex_m,age_aggregate_y25_54,edu_isced97_x,2003,87.577
ecu,sex_m,age_aggregate_y25_54,edu_isced97_x,2004,83.152
ecu,sex_m,age_aggregate_y25_54,edu_isced97_x,2005,86.09
ecu,sex_m,age_aggregate_y25_54,edu_isced97_x,2006,89.034
ecu,sex_m,age_aggregate_y25_54,edu_isced97_x,2007,83.082
ecu,sex_m,age_aggregate_y25_54,edu_isced97_x,2008,80.745
ecu,sex_m,age_aggregate_y25_54,edu_isced97_x,2009,77.209
ecu,sex_m,age_aggregate_y25_54,edu_isced97_x,2010,78.932
ecu,sex_m,age_aggregate_y25_54,edu_isced97_x,2011,75.527
ecu,sex_m,age_aggregate_y25_54,edu_isced97_x,2012,74.629
ecu,sex_m,age_aggregate_y25_54,edu_isced97_x,2013,75.799
ecu,sex_m,age_aggregate_y25_54,edu_isced97_x,2014,79.091
ecu,sex_m,age_aggregate_y25_54,edu_isced97_x,2015,79.206
ecu,sex_m,age_aggregate_y25_54,edu_isced97_x,2016,76.772
ecu,sex_m,age_aggregate_y25_54,edu_isced97_x,2017,73.88
ecu,sex_m,age_aggregate_y25_54,edu_isced97_x,2018,76.948
ecu,sex_m,age_aggregate_y25_54,edu_isced97_x,2019,77.501
ecu,sex_m,age_aggregate_y25_54,edu_isced97_x,2021,71.523
ecu,sex_m,age_aggregate_y25_54,edu_isced97_x,2022,63.498
ecu,sex_m,age_aggregate_y25_54,edu_isced97_x,2023,64.956
ecu,sex_m,age_aggregate_y25_54,edu_isced97_x,2024,62.865
ecu,sex_m,age_aggregate_y55_64,edu_aggregate_adv,2000,78.259
ecu,sex_m,age_aggregate_y55_64,edu_aggregate_adv,2001,88.986
ecu,sex_m,age_aggregate_y55_64,edu_aggregate_adv,2003,89.577
ecu,sex_m,age_aggregate_y55_64,edu_aggregate_adv,2004,90.106
ecu,sex_m,age_aggregate_y55_64,edu_aggregate_adv,2005,89.955
ecu,sex_m,age_aggregate_y55_64,edu_aggregate_adv,2006,93.978
ecu,sex_m,age_aggregate_y55_64,edu_aggregate_adv,2007,89.613
ecu,sex_m,age_aggregate_y55_64,edu_aggregate_adv,2008,89.676
ecu,sex_m,age_aggregate_y55_64,edu_aggregate_adv,2009,87.51
ecu,sex_m,age_aggregate_y55_64,edu_aggregate_adv,2010,86.077
ecu,sex_m,age_aggregate_y55_64,edu_aggregate_adv,2011,89.871
ecu,sex_m,age_aggregate_y55_64,edu_aggregate_adv,2012,88.323
ecu,sex_m,age_aggregate_y55_64,edu_aggregate_adv,2013,86.448
ecu,sex_m,age_aggregate_y55_64,edu_aggregate_adv,2014,83.704
ecu,sex_m,age_aggregate_y55_64,edu_aggregate_adv,2015,82.779
ecu,sex_m,age_aggregate_y55_64,edu_aggregate_adv,2016,82.73
ecu,sex_m,age_aggregate_y55_64,edu_aggregate_adv,2017,84.036
ecu,sex_m,age_aggregate_y55_64,edu_aggregate_adv,2018,83.717
ecu,sex_m,age_aggregate_y55_64,edu_aggregate_adv,2019,84.026
ecu,sex_m,age_aggregate_y55_64,edu_aggregate_adv,2021,79.211
ecu,sex_m,age_aggregate_y55_64,edu_aggregate_adv,2022,81.626
ecu,sex_m,age_aggregate_y55_64,edu_aggregate_adv,2023,82.245
ecu,sex_m,age_aggregate_y55_64,edu_aggregate_adv,2024,80.575
ecu,sex_m,age_aggregate_y55_64,edu_aggregate_bas,2000,86.699
ecu,sex_m,age_aggregate_y55_64,edu_aggregate_bas,2001,87.66
ecu,sex_m,age_aggregate_y55_64,edu_aggregate_bas,2003,82.274
ecu,sex_m,age_aggregate_y55_64,edu_aggregate_bas,2004,85.311
ecu,sex_m,age_aggregate_y55_64,edu_aggregate_bas,2005,88.76
ecu,sex_m,age_aggregate_y55_64,edu_aggregate_bas,2006,88.561
ecu,sex_m,age_aggregate_y55_64,edu_aggregate_bas,2007,91.525
ecu,sex_m,age_aggregate_y55_64,edu_aggregate_bas,2008,88.684
ecu,sex_m,age_aggregate_y55_64,edu_aggregate_bas,2009,87.558
ecu,sex_m,age_aggregate_y55_64,edu_aggregate_bas,2010,88.481
ecu,sex_m,age_aggregate_y55_64,edu_aggregate_bas,2011,84.694
ecu,sex_m,age_aggregate_y55_64,edu_aggregate_bas,2012,86.167
ecu,sex_m,age_aggregate_y55_64,edu_aggregate_bas,2013,87.343
ecu,sex_m,age_aggregate_y55_64,edu_aggregate_bas,2014,87.951
ecu,sex_m,age_aggregate_y55_64,edu_aggregate_bas,2015,88.13
ecu,sex_m,age_aggregate_y55_64,edu_aggregate_bas,2016,86.549
ecu,sex_m,age_aggregate_y55_64,edu_aggregate_bas,2017,89.903
ecu,sex_m,age_aggregate_y55_64,edu_aggregate_bas,2018,88.584
ecu,sex_m,age_aggregate_y55_64,edu_aggregate_bas,2019,88.262
ecu,sex_m,age_aggregate_y55_64,edu_aggregate_bas,2021,86.649
ecu,sex_m,age_aggregate_y55_64,edu_aggregate_bas,2022,87.721
ecu,sex_m,age_aggregate_y55_64,edu_aggregate_bas,2023,87.165
ecu,sex_m,age_aggregate_y55_64,edu_aggregate_bas,2024,86.667
ecu,sex_m,age_aggregate_y55_64,edu_aggregate_int,2000,83.688
ecu,sex_m,age_aggregate_y55_64,edu_aggregate_int,2001,77.827
ecu,sex_m,age_aggregate_y55_64,edu_aggregate_int,2003,75.005
ecu,sex_m,age_aggregate_y55_64,edu_aggregate_int,2004,89.132
ecu,sex_m,age_aggregate_y55_64,edu_aggregate_int,2005,70.291
ecu,sex_m,age_aggregate_y55_64,edu_aggregate_int,2006,72.176
ecu,sex_m,age_aggregate_y55_64,edu_aggregate_int,2007,90.396
ecu,sex_m,age_aggregate_y55_64,edu_aggregate_int,2008,86.638
ecu,sex_m,age_aggregate_y55_64,edu_aggregate_int,2009,83.164
ecu,sex_m,age_aggregate_y55_64,edu_aggregate_int,2010,78.572
ecu,sex_m,age_aggregate_y55_64,edu_aggregate_int,2011,82.638
ecu,sex_m,age_aggregate_y55_64,edu_aggregate_int,2012,78.542
ecu,sex_m,age_aggregate_y55_64,edu_aggregate_int,2013,82.649
ecu,sex_m,age_aggregate_y55_64,edu_aggregate_int,2014,78.207
ecu,sex_m,age_aggregate_y55_64,edu_aggregate_int,2015,79.39
ecu,sex_m,age_aggregate_y55_64,edu_aggregate_int,2016,80.868
ecu,sex_m,age_aggregate_y55_64,edu_aggregate_int,2017,82.662
ecu,sex_m,age_aggregate_y55_64,edu_aggregate_int,2018,81.236
ecu,sex_m,age_aggregate_y55_64,edu_aggregate_int,2019,80.423
ecu,sex_m,age_aggregate_y55_64,edu_aggregate_int,2021,78.072
ecu,sex_m,age_aggregate_y55_64,edu_aggregate_int,2022,81.615
ecu,sex_m,age_aggregate_y55_64,edu_aggregate_int,2023,83.754
ecu,sex_m,age_aggregate_y55_64,edu_aggregate_int,2024,84.278
ecu,sex_m,age_aggregate_y55_64,edu_aggregate_ltb,2000,88.233
ecu,sex_m,age_aggregate_y55_64,edu_aggregate_ltb,2001,87.438
ecu,sex_m,age_aggregate_y55_64,edu_aggregate_ltb,2003,82.751
ecu,sex_m,age_aggregate_y55_64,edu_aggregate_ltb,2004,87.029
ecu,sex_m,age_aggregate_y55_64,edu_aggregate_ltb,2005,89.857
ecu,sex_m,age_aggregate_y55_64,edu_aggregate_ltb,2006,90.426
ecu,sex_m,age_aggregate_y55_64,edu_aggregate_ltb,2007,90.074
ecu,sex_m,age_aggregate_y55_64,edu_aggregate_ltb,2008,87.357
ecu,sex_m,age_aggregate_y55_64,edu_aggregate_ltb,2009,87.708
ecu,sex_m,age_aggregate_y55_64,edu_aggregate_ltb,2010,87.877
ecu,sex_m,age_aggregate_y55_64,edu_aggregate_ltb,2011,89.605
ecu,sex_m,age_aggregate_y55_64,edu_aggregate_ltb,2012,88.615
ecu,sex_m,age_aggregate_y55_64,edu_aggregate_ltb,2013,87.746
ecu,sex_m,age_aggregate_y55_64,edu_aggregate_ltb,2014,86.082
ecu,sex_m,age_aggregate_y55_64,edu_aggregate_ltb,2015,87.975
ecu,sex_m,age_aggregate_y55_64,edu_aggregate_ltb,2016,88.067
ecu,sex_m,age_aggregate_y55_64,edu_aggregate_ltb,2017,91.699
ecu,sex_m,age_aggregate_y55_64,edu_aggregate_ltb,2018,89.407
ecu,sex_m,age_aggregate_y55_64,edu_aggregate_ltb,2019,87.313
ecu,sex_m,age_aggregate_y55_64,edu_aggregate_ltb,2021,85.51
ecu,sex_m,age_aggregate_y55_64,edu_aggregate_ltb,2022,82.958
ecu,sex_m,age_aggregate_y55_64,edu_aggregate_ltb,2023,87.257
ecu,sex_m,age_aggregate_y55_64,edu_aggregate_ltb,2024,80.038
ecu,sex_m,age_aggregate_y55_64,edu_aggregate_total,2000,85.834
ecu,sex_m,age_aggregate_y55_64,edu_aggregate_total,2001,86.255
ecu,sex_m,age_aggregate_y55_64,edu_aggregate_total,2003,82.928
ecu,sex_m,age_aggregate_y55_64,edu_aggregate_total,2004,86.223
ecu,sex_m,age_aggregate_y55_64,edu_aggregate_total,2005,88.753
ecu,sex_m,age_aggregate_y55_64,edu_aggregate_total,2006,89.47
ecu,sex_m,age_aggregate_y55_64,edu_aggregate_total,2007,90.636
ecu,sex_m,age_aggregate_y55_64,edu_aggregate_total,2008,88.204
ecu,sex_m,age_aggregate_y55_64,edu_aggregate_total,2009,87.088
ecu,sex_m,age_aggregate_y55_64,edu_aggregate_total,2010,86.844
ecu,sex_m,age_aggregate_y55_64,edu_aggregate_total,2011,86.56
ecu,sex_m,age_aggregate_y55_64,edu_aggregate_total,2012,86.204
ecu,sex_m,age_aggregate_y55_64,edu_aggregate_total,2013,86.67
ecu,sex_m,age_aggregate_y55_64,edu_aggregate_total,2014,85.422
ecu,sex_m,age_aggregate_y55_64,edu_aggregate_total,2015,86.022
ecu,sex_m,age_aggregate_y55_64,edu_aggregate_total,2016,85.408
ecu,sex_m,age_aggregate_y55_64,edu_aggregate_total,2017,88.152
ecu,sex_m,age_aggregate_y55_64,edu_aggregate_total,2018,86.697
ecu,sex_m,age_aggregate_y55_64,edu_aggregate_total,2019,85.878
ecu,sex_m,age_aggregate_y55_64,edu_aggregate_total,2021,83.55
ecu,sex_m,age_aggregate_y55_64,edu_aggregate_total,2022,84.697
ecu,sex_m,age_aggregate_y55_64,edu_aggregate_total,2023,85.792
ecu,sex_m,age_aggregate_y55_64,edu_aggregate_total,2024,84.224
ecu,sex_m,age_aggregate_y55_64,edu_aggregate_x,2016,96.833
ecu,sex_m,age_aggregate_y55_64,edu_aggregate_x,2017,79.48
ecu,sex_m,age_aggregate_y55_64,edu_aggregate_x,2018,93.681
ecu,sex_m,age_aggregate_y55_64,edu_aggregate_x,2019,100
ecu,sex_m,age_aggregate_y55_64,edu_aggregate_x,2021,100
ecu,sex_m,age_aggregate_y55_64,edu_aggregate_x,2023,97.55
ecu,sex_m,age_aggregate_y55_64,edu_aggregate_x,2024,100
ecu,sex_m,age_aggregate_y55_64,edu_isced97_0,2000,84.576
ecu,sex_m,age_aggregate_y55_64,edu_isced97_0,2001,87.93
ecu,sex_m,age_aggregate_y55_64,edu_isced97_0,2003,85.702
ecu,sex_m,age_aggregate_y55_64,edu_isced97_0,2004,85.483
ecu,sex_m,age_aggregate_y55_64,edu_isced97_0,2005,92.667
ecu,sex_m,age_aggregate_y55_64,edu_isced97_0,2006,93.462
ecu,sex_m,age_aggregate_y55_64,edu_isced97_0,2007,91.219
ecu,sex_m,age_aggregate_y55_64,edu_isced97_0,2008,87.545
ecu,sex_m,age_aggregate_y55_64,edu_isced97_0,2009,88.561
ecu,sex_m,age_aggregate_y55_64,edu_isced97_0,2010,90.613
ecu,sex_m,age_aggregate_y55_64,edu_isced97_0,2011,90.817
ecu,sex_m,age_aggregate_y55_64,edu_isced97_0,2012,89.232
ecu,sex_m,age_aggregate_y55_64,edu_isced97_0,2013,88.517
ecu,sex_m,age_aggregate_y55_64,edu_isced97_0,2014,87.058
ecu,sex_m,age_aggregate_y55_64,edu_isced97_0,2015,89.277
ecu,sex_m,age_aggregate_y55_64,edu_isced97_0,2016,90.057
ecu,sex_m,age_aggregate_y55_64,edu_isced97_0,2017,93.187
ecu,sex_m,age_aggregate_y55_64,edu_isced97_0,2018,90.164
ecu,sex_m,age_aggregate_y55_64,edu_isced97_0,2019,89.127
ecu,sex_m,age_aggregate_y55_64,edu_isced97_0,2021,89.809
ecu,sex_m,age_aggregate_y55_64,edu_isced97_0,2022,86.066
ecu,sex_m,age_aggregate_y55_64,edu_isced97_0,2023,88.466
ecu,sex_m,age_aggregate_y55_64,edu_isced97_0,2024,83.811
ecu,sex_m,age_aggregate_y55_64,edu_isced97_1,2000,90.232
ecu,sex_m,age_aggregate_y55_64,edu_isced97_1,2001,90.538
ecu,sex_m,age_aggregate_y55_64,edu_isced97_1,2003,83.808
ecu,sex_m,age_aggregate_y55_64,edu_isced97_1,2004,86.15
ecu,sex_m,age_aggregate_y55_64,edu_isced97_1,2005,89.156
ecu,sex_m,age_aggregate_y55_64,edu_isced97_1,2006,89.235
ecu,sex_m,age_aggregate_y55_64,edu_isced97_1,2007,92.666
ecu,sex_m,age_aggregate_y55_64,edu_isced97_1,2008,89.574
ecu,sex_m,age_aggregate_y55_64,edu_isced97_1,2009,87.524
ecu,sex_m,age_aggregate_y55_64,edu_isced97_1,2010,89.069
ecu,sex_m,age_aggregate_y55_64,edu_isced97_1,2011,85.264
ecu,sex_m,age_aggregate_y55_64,edu_isced97_1,2012,86.479
ecu,sex_m,age_aggregate_y55_64,edu_isced97_1,2013,87.802
ecu,sex_m,age_aggregate_y55_64,edu_isced97_1,2014,88.058
ecu,sex_m,age_aggregate_y55_64,edu_isced97_1,2015,88.06
ecu,sex_m,age_aggregate_y55_64,edu_isced97_1,2016,87.034
ecu,sex_m,age_aggregate_y55_64,edu_isced97_1,2017,89.981
ecu,sex_m,age_aggregate_y55_64,edu_isced97_1,2018,89.567
ecu,sex_m,age_aggregate_y55_64,edu_isced97_1,2019,88.891
ecu,sex_m,age_aggregate_y55_64,edu_isced97_1,2021,87.436
ecu,sex_m,age_aggregate_y55_64,edu_isced97_1,2022,88.62
ecu,sex_m,age_aggregate_y55_64,edu_isced97_1,2023,87.578
ecu,sex_m,age_aggregate_y55_64,edu_isced97_1,2024,87.591
ecu,sex_m,age_aggregate_y55_64,edu_isced97_2,2000,85.088
ecu,sex_m,age_aggregate_y55_64,edu_isced97_2,2001,86.057
ecu,sex_m,age_aggregate_y55_64,edu_isced97_2,2003,76.54
ecu,sex_m,age_aggregate_y55_64,edu_isced97_2,2004,81.822
ecu,sex_m,age_aggregate_y55_64,edu_isced97_2,2005,87.198
ecu,sex_m,age_aggregate_y55_64,edu_isced97_2,2006,86.143
ecu,sex_m,age_aggregate_y55_64,edu_isced97_2,2007,85.777
ecu,sex_m,age_aggregate_y55_64,edu_isced97_2,2008,83.925
ecu,sex_m,age_aggregate_y55_64,edu_isced97_2,2009,87.789
ecu,sex_m,age_aggregate_y55_64,edu_isced97_2,2010,85.42
ecu,sex_m,age_aggregate_y55_64,edu_isced97_2,2011,81.773
ecu,sex_m,age_aggregate_y55_64,edu_isced97_2,2012,84.549
ecu,sex_m,age_aggregate_y55_64,edu_isced97_2,2013,85.252
ecu,sex_m,age_aggregate_y55_64,edu_isced97_2,2014,87.365
ecu,sex_m,age_aggregate_y55_64,edu_isced97_2,2015,88.48
ecu,sex_m,age_aggregate_y55_64,edu_isced97_2,2016,84.351
ecu,sex_m,age_aggregate_y55_64,edu_isced97_2,2017,89.56
ecu,sex_m,age_aggregate_y55_64,edu_isced97_2,2018,83.904
ecu,sex_m,age_aggregate_y55_64,edu_isced97_2,2019,85.46
ecu,sex_m,age_aggregate_y55_64,edu_isced97_2,2021,82.892
ecu,sex_m,age_aggregate_y55_64,edu_isced97_2,2022,83.681
ecu,sex_m,age_aggregate_y55_64,edu_isced97_2,2023,85.368
ecu,sex_m,age_aggregate_y55_64,edu_isced97_2,2024,83.026
ecu,sex_m,age_aggregate_y55_64,edu_isced97_3,2000,83.688
ecu,sex_m,age_aggregate_y55_64,edu_isced97_3,2001,77.827
ecu,sex_m,age_aggregate_y55_64,edu_isced97_3,2003,71.424
ecu,sex_m,age_aggregate_y55_64,edu_isced97_3,2004,90.585
ecu,sex_m,age_aggregate_y55_64,edu_isced97_3,2005,73.03
ecu,sex_m,age_aggregate_y55_64,edu_isced97_3,2006,79.142
ecu,sex_m,age_aggregate_y55_64,edu_isced97_3,2007,90.262
ecu,sex_m,age_aggregate_y55_64,edu_isced97_3,2008,86.255
ecu,sex_m,age_aggregate_y55_64,edu_isced97_3,2009,83.326
ecu,sex_m,age_aggregate_y55_64,edu_isced97_3,2010,78.448
ecu,sex_m,age_aggregate_y55_64,edu_isced97_3,2011,82.546
ecu,sex_m,age_aggregate_y55_64,edu_isced97_3,2012,78.609
ecu,sex_m,age_aggregate_y55_64,edu_isced97_3,2013,82.561
ecu,sex_m,age_aggregate_y55_64,edu_isced97_3,2014,78.248
ecu,sex_m,age_aggregate_y55_64,edu_isced97_3,2015,79.256
ecu,sex_m,age_aggregate_y55_64,edu_isced97_3,2016,80.927
ecu,sex_m,age_aggregate_y55_64,edu_isced97_3,2017,82.44
ecu,sex_m,age_aggregate_y55_64,edu_isced97_3,2018,81.011
ecu,sex_m,age_aggregate_y55_64,edu_isced97_3,2019,80.544
ecu,sex_m,age_aggregate_y55_64,edu_isced97_3,2021,78.082
ecu,sex_m,age_aggregate_y55_64,edu_isced97_3,2022,81.412
ecu,sex_m,age_aggregate_y55_64,edu_isced97_3,2023,83.598
ecu,sex_m,age_aggregate_y55_64,edu_isced97_3,2024,84.295
ecu,sex_m,age_aggregate_y55_64,edu_isced97_4,2004,81.629
ecu,sex_m,age_aggregate_y55_64,edu_isced97_4,2005,65.842
ecu,sex_m,age_aggregate_y55_64,edu_isced97_4,2006,33.265
ecu,sex_m,age_aggregate_y55_64,edu_isced97_4,2007,95.282
ecu,sex_m,age_aggregate_y55_64,edu_isced97_4,2008,100
ecu,sex_m,age_aggregate_y55_64,edu_isced97_4,2010,84.472
ecu,sex_m,age_aggregate_y55_64,edu_isced97_4,2011,94.432
ecu,sex_m,age_aggregate_y55_64,edu_isced97_4,2012,76.199
ecu,sex_m,age_aggregate_y55_64,edu_isced97_4,2013,85.726
ecu,sex_m,age_aggregate_y55_64,edu_isced97_4,2014,76.96
ecu,sex_m,age_aggregate_y55_64,edu_isced97_4,2015,83.269
ecu,sex_m,age_aggregate_y55_64,edu_isced97_4,2016,79.693
ecu,sex_m,age_aggregate_y55_64,edu_isced97_4,2017,86.888
ecu,sex_m,age_aggregate_y55_64,edu_isced97_4,2018,86.879
ecu,sex_m,age_aggregate_y55_64,edu_isced97_4,2019,77.254
ecu,sex_m,age_aggregate_y55_64,edu_isced97_4,2021,77.844
ecu,sex_m,age_aggregate_y55_64,edu_isced97_4,2022,86.59
ecu,sex_m,age_aggregate_y55_64,edu_isced97_4,2023,87.268
ecu,sex_m,age_aggregate_y55_64,edu_isced97_4,2024,83.942
ecu,sex_m,age_aggregate_y55_64,edu_isced97_5,2000,78.259
ecu,sex_m,age_aggregate_y55_64,edu_isced97_5,2001,89.284
ecu,sex_m,age_aggregate_y55_64,edu_isced97_5,2003,88.576
ecu,sex_m,age_aggregate_y55_64,edu_isced97_5,2004,89.229
ecu,sex_m,age_aggregate_y55_64,edu_isced97_5,2005,89.851
ecu,sex_m,age_aggregate_y55_64,edu_isced97_5,2006,94.443
ecu,sex_m,age_aggregate_y55_64,edu_isced97_5,2007,88.594
ecu,sex_m,age_aggregate_y55_64,edu_isced97_5,2008,89.4
ecu,sex_m,age_aggregate_y55_64,edu_isced97_5,2009,85.474
ecu,sex_m,age_aggregate_y55_64,edu_isced97_5,2010,85.257
ecu,sex_m,age_aggregate_y55_64,edu_isced97_5,2011,89.731
ecu,sex_m,age_aggregate_y55_64,edu_isced97_5,2012,87.709
ecu,sex_m,age_aggregate_y55_64,edu_isced97_5,2013,85.099
ecu,sex_m,age_aggregate_y55_64,edu_isced97_5,2014,82.981
ecu,sex_m,age_aggregate_y55_64,edu_isced97_5,2015,82.078
ecu,sex_m,age_aggregate_y55_64,edu_isced97_5,2016,82.234
ecu,sex_m,age_aggregate_y55_64,edu_isced97_5,2017,84.354
ecu,sex_m,age_aggregate_y55_64,edu_isced97_5,2018,83.62
ecu,sex_m,age_aggregate_y55_64,edu_isced97_5,2019,83.558
ecu,sex_m,age_aggregate_y55_64,edu_isced97_5,2021,79.11
ecu,sex_m,age_aggregate_y55_64,edu_isced97_5,2022,82.098
ecu,sex_m,age_aggregate_y55_64,edu_isced97_5,2023,82.509
ecu,sex_m,age_aggregate_y55_64,edu_isced97_5,2024,79.654
ecu,sex_m,age_aggregate_y55_64,edu_isced97_6,2001,84.753
ecu,sex_m,age_aggregate_y55_64,edu_isced97_6,2003,100
ecu,sex_m,age_aggregate_y55_64,edu_isced97_6,2004,96.739
ecu,sex_m,age_aggregate_y55_64,edu_isced97_6,2005,91.052
ecu,sex_m,age_aggregate_y55_64,edu_isced97_6,2006,90.456
ecu,sex_m,age_aggregate_y55_64,edu_isced97_6,2007,93.984
ecu,sex_m,age_aggregate_y55_64,edu_isced97_6,2008,91.368
ecu,sex_m,age_aggregate_y55_64,edu_isced97_6,2009,100
ecu,sex_m,age_aggregate_y55_64,edu_isced97_6,2010,91.753
ecu,sex_m,age_aggregate_y55_64,edu_isced97_6,2011,90.963
ecu,sex_m,age_aggregate_y55_64,edu_isced97_6,2012,92.908
ecu,sex_m,age_aggregate_y55_64,edu_isced97_6,2013,98.006
ecu,sex_m,age_aggregate_y55_64,edu_isced97_6,2014,89.019
ecu,sex_m,age_aggregate_y55_64,edu_isced97_6,2015,87.93
ecu,sex_m,age_aggregate_y55_64,edu_isced97_6,2016,85.367
ecu,sex_m,age_aggregate_y55_64,edu_isced97_6,2017,82.369
ecu,sex_m,age_aggregate_y55_64,edu_isced97_6,2018,84.321
ecu,sex_m,age_aggregate_y55_64,edu_isced97_6,2019,86.659
ecu,sex_m,age_aggregate_y55_64,edu_isced97_6,2021,79.819
ecu,sex_m,age_aggregate_y55_64,edu_isced97_6,2022,78.655
ecu,sex_m,age_aggregate_y55_64,edu_isced97_6,2023,80.724
ecu,sex_m,age_aggregate_y55_64,edu_isced97_6,2024,84.662
ecu,sex_m,age_aggregate_y55_64,edu_isced97_total,2000,85.834
ecu,sex_m,age_aggregate_y55_64,edu_isced97_total,2001,86.255
ecu,sex_m,age_aggregate_y55_64,edu_isced97_total,2003,82.928
ecu,sex_m,age_aggregate_y55_64,edu_isced97_total,2004,86.223
ecu,sex_m,age_aggregate_y55_64,edu_isced97_total,2005,88.753
ecu,sex_m,age_aggregate_y55_64,edu_isced97_total,2006,89.47
ecu,sex_m,age_aggregate_y55_64,edu_isced97_total,2007,90.636
ecu,sex_m,age_aggregate_y55_64,edu_isced97_total,2008,88.204
ecu,sex_m,age_aggregate_y55_64,edu_isced97_total,2009,87.088
ecu,sex_m,age_aggregate_y55_64,edu_isced97_total,2010,86.844
ecu,sex_m,age_aggregate_y55_64,edu_isced97_total,2011,86.56
ecu,sex_m,age_aggregate_y55_64,edu_isced97_total,2012,86.204
ecu,sex_m,age_aggregate_y55_64,edu_isced97_total,2013,86.67
ecu,sex_m,age_aggregate_y55_64,edu_isced97_total,2014,85.422
ecu,sex_m,age_aggregate_y55_64,edu_isced97_total,2015,86.022
ecu,sex_m,age_aggregate_y55_64,edu_isced97_total,2016,85.408
ecu,sex_m,age_aggregate_y55_64,edu_isced97_total,2017,88.152
ecu,sex_m,age_aggregate_y55_64,edu_isced97_total,2018,86.697
ecu,sex_m,age_aggregate_y55_64,edu_isced97_total,2019,85.878
ecu,sex_m,age_aggregate_y55_64,edu_isced97_total,2021,83.55
ecu,sex_m,age_aggregate_y55_64,edu_isced97_total,2022,84.697
ecu,sex_m,age_aggregate_y55_64,edu_isced97_total,2023,85.792
ecu,sex_m,age_aggregate_y55_64,edu_isced97_total,2024,84.224
ecu,sex_m,age_aggregate_y55_64,edu_isced97_unk,2016,96.833
ecu,sex_m,age_aggregate_y55_64,edu_isced97_unk,2017,79.48
ecu,sex_m,age_aggregate_y55_64,edu_isced97_unk,2018,93.681
ecu,sex_m,age_aggregate_y55_64,edu_isced97_unk,2019,100
ecu,sex_m,age_aggregate_y55_64,edu_isced97_unk,2021,100
ecu,sex_m,age_aggregate_y55_64,edu_isced97_unk,2023,97.55
ecu,sex_m,age_aggregate_y55_64,edu_isced97_unk,2024,100
ecu,sex_m,age_aggregate_y55_64,edu_isced97_x,2000,89.928
ecu,sex_m,age_aggregate_y55_64,edu_isced97_x,2001,86.982
ecu,sex_m,age_aggregate_y55_64,edu_isced97_x,2003,80.737
ecu,sex_m,age_aggregate_y55_64,edu_isced97_x,2004,88.114
ecu,sex_m,age_aggregate_y55_64,edu_isced97_x,2005,88.094
ecu,sex_m,age_aggregate_y55_64,edu_isced97_x,2006,87.967
ecu,sex_m,age_aggregate_y55_64,edu_isced97_x,2007,87.222
ecu,sex_m,age_aggregate_y55_64,edu_isced97_x,2008,86.903
ecu,sex_m,age_aggregate_y55_64,edu_isced97_x,2009,85.621
ecu,sex_m,age_aggregate_y55_64,edu_isced97_x,2010,81.19
ecu,sex_m,age_aggregate_y55_64,edu_isced97_x,2011,86.877
ecu,sex_m,age_aggregate_y55_64,edu_isced97_x,2012,87.225
ecu,sex_m,age_aggregate_y55_64,edu_isced97_x,2013,85.942
ecu,sex_m,age_aggregate_y55_64,edu_isced97_x,2014,83.7
ecu,sex_m,age_aggregate_y55_64,edu_isced97_x,2015,84.181
ecu,sex_m,age_aggregate_y55_64,edu_isced97_x,2016,82.002
ecu,sex_m,age_aggregate_y55_64,edu_isced97_x,2017,87.722
ecu,sex_m,age_aggregate_y55_64,edu_isced97_x,2018,87.769
ecu,sex_m,age_aggregate_y55_64,edu_isced97_x,2019,82.906
ecu,sex_m,age_aggregate_y55_64,edu_isced97_x,2021,72.7
ecu,sex_m,age_aggregate_y55_64,edu_isced97_x,2022,72.896
ecu,sex_m,age_aggregate_y55_64,edu_isced97_x,2023,83.87
ecu,sex_m,age_aggregate_y55_64,edu_isced97_x,2024,70.714
ecu,sex_m,age_aggregate_yge65,edu_aggregate_adv,2000,37.002
ecu,sex_m,age_aggregate_yge65,edu_aggregate_adv,2001,45.516
ecu,sex_m,age_aggregate_yge65,edu_aggregate_adv,2003,58.267
ecu,sex_m,age_aggregate_yge65,edu_aggregate_adv,2004,61.251
ecu,sex_m,age_aggregate_yge65,edu_aggregate_adv,2005,59.8
ecu,sex_m,age_aggregate_yge65,edu_aggregate_adv,2006,55.392
ecu,sex_m,age_aggregate_yge65,edu_aggregate_adv,2007,50.685
ecu,sex_m,age_aggregate_yge65,edu_aggregate_adv,2008,54.968
ecu,sex_m,age_aggregate_yge65,edu_aggregate_adv,2009,55.088
ecu,sex_m,age_aggregate_yge65,edu_aggregate_adv,2010,52.946
ecu,sex_m,age_aggregate_yge65,edu_aggregate_adv,2011,42.268
ecu,sex_m,age_aggregate_yge65,edu_aggregate_adv,2012,45.67
ecu,sex_m,age_aggregate_yge65,edu_aggregate_adv,2013,42.806
ecu,sex_m,age_aggregate_yge65,edu_aggregate_adv,2014,39.68
ecu,sex_m,age_aggregate_yge65,edu_aggregate_adv,2015,40.559
ecu,sex_m,age_aggregate_yge65,edu_aggregate_adv,2016,36.876
ecu,sex_m,age_aggregate_yge65,edu_aggregate_adv,2017,38.248
ecu,sex_m,age_aggregate_yge65,edu_aggregate_adv,2018,38.943
ecu,sex_m,age_aggregate_yge65,edu_aggregate_adv,2019,37.967
ecu,sex_m,age_aggregate_yge65,edu_aggregate_adv,2021,33.784
ecu,sex_m,age_aggregate_yge65,edu_aggregate_adv,2022,33.696
ecu,sex_m,age_aggregate_yge65,edu_aggregate_adv,2023,32.054
ecu,sex_m,age_aggregate_yge65,edu_aggregate_adv,2024,39.668
ecu,sex_m,age_aggregate_yge65,edu_aggregate_bas,2000,56.697
ecu,sex_m,age_aggregate_yge65,edu_aggregate_bas,2001,60.188
ecu,sex_m,age_aggregate_yge65,edu_aggregate_bas,2003,54.363
ecu,sex_m,age_aggregate_yge65,edu_aggregate_bas,2004,56.603
ecu,sex_m,age_aggregate_yge65,edu_aggregate_bas,2005,55.076
ecu,sex_m,age_aggregate_yge65,edu_aggregate_bas,2006,59.127
ecu,sex_m,age_aggregate_yge65,edu_aggregate_bas,2007,54.454
ecu,sex_m,age_aggregate_yge65,edu_aggregate_bas,2008,53.872
ecu,sex_m,age_aggregate_yge65,edu_aggregate_bas,2009,52.926
ecu,sex_m,age_aggregate_yge65,edu_aggregate_bas,2010,51.038
ecu,sex_m,age_aggregate_yge65,edu_aggregate_bas,2011,48.141
ecu,sex_m,age_aggregate_yge65,edu_aggregate_bas,2012,53.409
ecu,sex_m,age_aggregate_yge65,edu_aggregate_bas,2013,52.083
ecu,sex_m,age_aggregate_yge65,edu_aggregate_bas,2014,52.218
ecu,sex_m,age_aggregate_yge65,edu_aggregate_bas,2015,54.519
ecu,sex_m,age_aggregate_yge65,edu_aggregate_bas,2016,57.2
ecu,sex_m,age_aggregate_yge65,edu_aggregate_bas,2017,57.292
ecu,sex_m,age_aggregate_yge65,edu_aggregate_bas,2018,54.651
ecu,sex_m,age_aggregate_yge65,edu_aggregate_bas,2019,53.635
ecu,sex_m,age_aggregate_yge65,edu_aggregate_bas,2021,51.495
ecu,sex_m,age_aggregate_yge65,edu_aggregate_bas,2022,52.753
ecu,sex_m,age_aggregate_yge65,edu_aggregate_bas,2023,50.456
ecu,sex_m,age_aggregate_yge65,edu_aggregate_bas,2024,50.766
ecu,sex_m,age_aggregate_yge65,edu_aggregate_int,2000,40.24
ecu,sex_m,age_aggregate_yge65,edu_aggregate_int,2001,48.776
ecu,sex_m,age_aggregate_yge65,edu_aggregate_int,2003,29.554
ecu,sex_m,age_aggregate_yge65,edu_aggregate_int,2004,42.191
ecu,sex_m,age_aggregate_yge65,edu_aggregate_int,2005,51.667
ecu,sex_m,age_aggregate_yge65,edu_aggregate_int,2006,59.987
ecu,sex_m,age_aggregate_yge65,edu_aggregate_int,2007,31.618
ecu,sex_m,age_aggregate_yge65,edu_aggregate_int,2008,39.99
ecu,sex_m,age_aggregate_yge65,edu_aggregate_int,2009,35.008
ecu,sex_m,age_aggregate_yge65,edu_aggregate_int,2010,39.868
ecu,sex_m,age_aggregate_yge65,edu_aggregate_int,2011,41.032
ecu,sex_m,age_aggregate_yge65,edu_aggregate_int,2012,34.689
ecu,sex_m,age_aggregate_yge65,edu_aggregate_int,2013,34.748
ecu,sex_m,age_aggregate_yge65,edu_aggregate_int,2014,35.984
ecu,sex_m,age_aggregate_yge65,edu_aggregate_int,2015,40.101
ecu,sex_m,age_aggregate_yge65,edu_aggregate_int,2016,38.034
ecu,sex_m,age_aggregate_yge65,edu_aggregate_int,2017,41.777
ecu,sex_m,age_aggregate_yge65,edu_aggregate_int,2018,42.294
ecu,sex_m,age_aggregate_yge65,edu_aggregate_int,2019,37.951
ecu,sex_m,age_aggregate_yge65,edu_aggregate_int,2021,34.217
ecu,sex_m,age_aggregate_yge65,edu_aggregate_int,2022,37.834
ecu,sex_m,age_aggregate_yge65,edu_aggregate_int,2023,38.147
ecu,sex_m,age_aggregate_yge65,edu_aggregate_int,2024,39.888
ecu,sex_m,age_aggregate_yge65,edu_aggregate_ltb,2000,57.302
ecu,sex_m,age_aggregate_yge65,edu_aggregate_ltb,2001,61.279
ecu,sex_m,age_aggregate_yge65,edu_aggregate_ltb,2003,60.633
ecu,sex_m,age_aggregate_yge65,edu_aggregate_ltb,2004,61.46
ecu,sex_m,age_aggregate_yge65,edu_aggregate_ltb,2005,61.667
ecu,sex_m,age_aggregate_yge65,edu_aggregate_ltb,2006,60.895
ecu,sex_m,age_aggregate_yge65,edu_aggregate_ltb,2007,62.513
ecu,sex_m,age_aggregate_yge65,edu_aggregate_ltb,2008,59.725
ecu,sex_m,age_aggregate_yge65,edu_aggregate_ltb,2009,56.448
ecu,sex_m,age_aggregate_yge65,edu_aggregate_ltb,2010,55.441
ecu,sex_m,age_aggregate_yge65,edu_aggregate_ltb,2011,57.263
ecu,sex_m,age_aggregate_yge65,edu_aggregate_ltb,2012,55.686
ecu,sex_m,age_aggregate_yge65,edu_aggregate_ltb,2013,54.208
ecu,sex_m,age_aggregate_yge65,edu_aggregate_ltb,2014,53.797
ecu,sex_m,age_aggregate_yge65,edu_aggregate_ltb,2015,58.457
ecu,sex_m,age_aggregate_yge65,edu_aggregate_ltb,2016,59.496
ecu,sex_m,age_aggregate_yge65,edu_aggregate_ltb,2017,58.354
ecu,sex_m,age_aggregate_yge65,edu_aggregate_ltb,2018,58.679
ecu,sex_m,age_aggregate_yge65,edu_aggregate_ltb,2019,56.747
ecu,sex_m,age_aggregate_yge65,edu_aggregate_ltb,2021,51.054
ecu,sex_m,age_aggregate_yge65,edu_aggregate_ltb,2022,50.113
ecu,sex_m,age_aggregate_yge65,edu_aggregate_ltb,2023,48.54
ecu,sex_m,age_aggregate_yge65,edu_aggregate_ltb,2024,48.383
ecu,sex_m,age_aggregate_yge65,edu_aggregate_total,2000,53.864
ecu,sex_m,age_aggregate_yge65,edu_aggregate_total,2001,58.502
ecu,sex_m,age_aggregate_yge65,edu_aggregate_total,2003,56.647
ecu,sex_m,age_aggregate_yge65,edu_aggregate_total,2004,58.502
ecu,sex_m,age_aggregate_yge65,edu_aggregate_total,2005,57.512
ecu,sex_m,age_aggregate_yge65,edu_aggregate_total,2006,59.603
ecu,sex_m,age_aggregate_yge65,edu_aggregate_total,2007,57.199
ecu,sex_m,age_aggregate_yge65,edu_aggregate_total,2008,56.224
ecu,sex_m,age_aggregate_yge65,edu_aggregate_total,2009,53.637
ecu,sex_m,age_aggregate_yge65,edu_aggregate_total,2010,52.62
ecu,sex_m,age_aggregate_yge65,edu_aggregate_total,2011,51.855
ecu,sex_m,age_aggregate_yge65,edu_aggregate_total,2012,52.477
ecu,sex_m,age_aggregate_yge65,edu_aggregate_total,2013,50.975
ecu,sex_m,age_aggregate_yge65,edu_aggregate_total,2014,50.747
ecu,sex_m,age_aggregate_yge65,edu_aggregate_total,2015,54.214
ecu,sex_m,age_aggregate_yge65,edu_aggregate_total,2016,54.717
ecu,sex_m,age_aggregate_yge65,edu_aggregate_total,2017,54.793
ecu,sex_m,age_aggregate_yge65,edu_aggregate_total,2018,53.738
ecu,sex_m,age_aggregate_yge65,edu_aggregate_total,2019,51.826
ecu,sex_m,age_aggregate_yge65,edu_aggregate_total,2021,47.737
ecu,sex_m,age_aggregate_yge65,edu_aggregate_total,2022,48.301
ecu,sex_m,age_aggregate_yge65,edu_aggregate_total,2023,46.65
ecu,sex_m,age_aggregate_yge65,edu_aggregate_total,2024,47.49
ecu,sex_m,age_aggregate_yge65,edu_aggregate_x,2016,83.621
ecu,sex_m,age_aggregate_yge65,edu_aggregate_x,2017,67.957
ecu,sex_m,age_aggregate_yge65,edu_aggregate_x,2018,67.847
ecu,sex_m,age_aggregate_yge65,edu_aggregate_x,2019,71.583
ecu,sex_m,age_aggregate_yge65,edu_aggregate_x,2021,59.483
ecu,sex_m,age_aggregate_yge65,edu_aggregate_x,2022,63.661
ecu,sex_m,age_aggregate_yge65,edu_aggregate_x,2023,83.554
ecu,sex_m,age_aggregate_yge65,edu_aggregate_x,2024,79.7
ecu,sex_m,age_aggregate_yge65,edu_isced97_0,2000,57.963
ecu,sex_m,age_aggregate_yge65,edu_isced97_0,2001,69.621
ecu,sex_m,age_aggregate_yge65,edu_isced97_0,2003,58.075
ecu,sex_m,age_aggregate_yge65,edu_isced97_0,2004,61.974
ecu,sex_m,age_aggregate_yge65,edu_isced97_0,2005,62.263
ecu,sex_m,age_aggregate_yge65,edu_isced97_0,2006,62.232
ecu,sex_m,age_aggregate_yge65,edu_isced97_0,2007,64.291
ecu,sex_m,age_aggregate_yge65,edu_isced97_0,2008,62.392
ecu,sex_m,age_aggregate_yge65,edu_isced97_0,2009,58.5
ecu,sex_m,age_aggregate_yge65,edu_isced97_0,2010,58.102
ecu,sex_m,age_aggregate_yge65,edu_isced97_0,2011,57.901
ecu,sex_m,age_aggregate_yge65,edu_isced97_0,2012,57.175
ecu,sex_m,age_aggregate_yge65,edu_isced97_0,2013,56.898
ecu,sex_m,age_aggregate_yge65,edu_isced97_0,2014,55.578
ecu,sex_m,age_aggregate_yge65,edu_isced97_0,2015,60.471
ecu,sex_m,age_aggregate_yge65,edu_isced97_0,2016,62.325
ecu,sex_m,age_aggregate_yge65,edu_isced97_0,2017,61.011
ecu,sex_m,age_aggregate_yge65,edu_isced97_0,2018,60.164
ecu,sex_m,age_aggregate_yge65,edu_isced97_0,2019,58.255
ecu,sex_m,age_aggregate_yge65,edu_isced97_0,2021,54.53
ecu,sex_m,age_aggregate_yge65,edu_isced97_0,2022,52.214
ecu,sex_m,age_aggregate_yge65,edu_isced97_0,2023,51.515
ecu,sex_m,age_aggregate_yge65,edu_isced97_0,2024,52.461
ecu,sex_m,age_aggregate_yge65,edu_isced97_1,2000,56.702
ecu,sex_m,age_aggregate_yge65,edu_isced97_1,2001,63.964
ecu,sex_m,age_aggregate_yge65,edu_isced97_1,2003,57.296
ecu,sex_m,age_aggregate_yge65,edu_isced97_1,2004,59.55
ecu,sex_m,age_aggregate_yge65,edu_isced97_1,2005,57.519
ecu,sex_m,age_aggregate_yge65,edu_isced97_1,2006,61.699
ecu,sex_m,age_aggregate_yge65,edu_isced97_1,2007,55.976
ecu,sex_m,age_aggregate_yge65,edu_isced97_1,2008,54.664
ecu,sex_m,age_aggregate_yge65,edu_isced97_1,2009,54.105
ecu,sex_m,age_aggregate_yge65,edu_isced97_1,2010,52.556
ecu,sex_m,age_aggregate_yge65,edu_isced97_1,2011,49.298
ecu,sex_m,age_aggregate_yge65,edu_isced97_1,2012,55.02
ecu,sex_m,age_aggregate_yge65,edu_isced97_1,2013,53.815
ecu,sex_m,age_aggregate_yge65,edu_isced97_1,2014,52.643
ecu,sex_m,age_aggregate_yge65,edu_isced97_1,2015,54.788
ecu,sex_m,age_aggregate_yge65,edu_isced97_1,2016,57.653
ecu,sex_m,age_aggregate_yge65,edu_isced97_1,2017,58.025
ecu,sex_m,age_aggregate_yge65,edu_isced97_1,2018,55.494
ecu,sex_m,age_aggregate_yge65,edu_isced97_1,2019,54.693
ecu,sex_m,age_aggregate_yge65,edu_isced97_1,2021,52.004
ecu,sex_m,age_aggregate_yge65,edu_isced97_1,2022,53.666
ecu,sex_m,age_aggregate_yge65,edu_isced97_1,2023,51.409
ecu,sex_m,age_aggregate_yge65,edu_isced97_1,2024,51.635
ecu,sex_m,age_aggregate_yge65,edu_isced97_2,2000,56.694
ecu,sex_m,age_aggregate_yge65,edu_isced97_2,2001,57.316
ecu,sex_m,age_aggregate_yge65,edu_isced97_2,2003,39.578
ecu,sex_m,age_aggregate_yge65,edu_isced97_2,2004,40.516
ecu,sex_m,age_aggregate_yge65,edu_isced97_2,2005,43.886
ecu,sex_m,age_aggregate_yge65,edu_isced97_2,2006,46.104
ecu,sex_m,age_aggregate_yge65,edu_isced97_2,2007,44.946
ecu,sex_m,age_aggregate_yge65,edu_isced97_2,2008,47.211
ecu,sex_m,age_aggregate_yge65,edu_isced97_2,2009,44.529
ecu,sex_m,age_aggregate_yge65,edu_isced97_2,2010,40.238
ecu,sex_m,age_aggregate_yge65,edu_isced97_2,2011,37.842
ecu,sex_m,age_aggregate_yge65,edu_isced97_2,2012,41.738
ecu,sex_m,age_aggregate_yge65,edu_isced97_2,2013,38.72
ecu,sex_m,age_aggregate_yge65,edu_isced97_2,2014,48.358
ecu,sex_m,age_aggregate_yge65,edu_isced97_2,2015,51.928
ecu,sex_m,age_aggregate_yge65,edu_isced97_2,2016,52.956
ecu,sex_m,age_aggregate_yge65,edu_isced97_2,2017,50.952
ecu,sex_m,age_aggregate_yge65,edu_isced97_2,2018,47.132
ecu,sex_m,age_aggregate_yge65,edu_isced97_2,2019,45.409
ecu,sex_m,age_aggregate_yge65,edu_isced97_2,2021,47.116
ecu,sex_m,age_aggregate_yge65,edu_isced97_2,2022,45.724
ecu,sex_m,age_aggregate_yge65,edu_isced97_2,2023,42.58
ecu,sex_m,age_aggregate_yge65,edu_isced97_2,2024,44.021
ecu,sex_m,age_aggregate_yge65,edu_isced97_3,2000,40.24
ecu,sex_m,age_aggregate_yge65,edu_isced97_3,2001,48.776
ecu,sex_m,age_aggregate_yge65,edu_isced97_3,2004,43.953
ecu,sex_m,age_aggregate_yge65,edu_isced97_3,2005,57.12
ecu,sex_m,age_aggregate_yge65,edu_isced97_3,2006,69.119
ecu,sex_m,age_aggregate_yge65,edu_isced97_3,2007,31.731
ecu,sex_m,age_aggregate_yge65,edu_isced97_3,2008,39.861
ecu,sex_m,age_aggregate_yge65,edu_isced97_3,2009,34.472
ecu,sex_m,age_aggregate_yge65,edu_isced97_3,2010,40.798
ecu,sex_m,age_aggregate_yge65,edu_isced97_3,2011,41.449
ecu,sex_m,age_aggregate_yge65,edu_isced97_3,2012,34.276
ecu,sex_m,age_aggregate_yge65,edu_isced97_3,2013,34.914
ecu,sex_m,age_aggregate_yge65,edu_isced97_3,2014,35.945
ecu,sex_m,age_aggregate_yge65,edu_isced97_3,2015,39.754
ecu,sex_m,age_aggregate_yge65,edu_isced97_3,2016,38.205
ecu,sex_m,age_aggregate_yge65,edu_isced97_3,2017,40.926
ecu,sex_m,age_aggregate_yge65,edu_isced97_3,2018,42.614
ecu,sex_m,age_aggregate_yge65,edu_isced97_3,2019,38.296
ecu,sex_m,age_aggregate_yge65,edu_isced97_3,2021,34.251
ecu,sex_m,age_aggregate_yge65,edu_isced97_3,2022,37.781
ecu,sex_m,age_aggregate_yge65,edu_isced97_3,2023,38.511
ecu,sex_m,age_aggregate_yge65,edu_isced97_3,2024,39.914
ecu,sex_m,age_aggregate_yge65,edu_isced97_4,2009,62.035
ecu,sex_m,age_aggregate_yge65,edu_isced97_4,2012,70.686
ecu,sex_m,age_aggregate_yge65,edu_isced97_4,2014,38.13
ecu,sex_m,age_aggregate_yge65,edu_isced97_4,2015,51.162
ecu,sex_m,age_aggregate_yge65,edu_isced97_4,2016,29.177
ecu,sex_m,age_aggregate_yge65,edu_isced97_4,2017,59.9
ecu,sex_m,age_aggregate_yge65,edu_isced97_4,2018,28.92
ecu,sex_m,age_aggregate_yge65,edu_isced97_4,2019,25.093
ecu,sex_m,age_aggregate_yge65,edu_isced97_4,2021,32.263
ecu,sex_m,age_aggregate_yge65,edu_isced97_4,2022,40.408
ecu,sex_m,age_aggregate_yge65,edu_isced97_4,2023,29.279
ecu,sex_m,age_aggregate_yge65,edu_isced97_4,2024,39.157
ecu,sex_m,age_aggregate_yge65,edu_isced97_5,2000,37.002
ecu,sex_m,age_aggregate_yge65,edu_isced97_5,2001,41.899
ecu,sex_m,age_aggregate_yge65,edu_isced97_5,2003,57.147
ecu,sex_m,age_aggregate_yge65,edu_isced97_5,2004,61.923
ecu,sex_m,age_aggregate_yge65,edu_isced97_5,2005,60.988
ecu,sex_m,age_aggregate_yge65,edu_isced97_5,2006,51.319
ecu,sex_m,age_aggregate_yge65,edu_isced97_5,2007,50.565
ecu,sex_m,age_aggregate_yge65,edu_isced97_5,2008,52.086
ecu,sex_m,age_aggregate_yge65,edu_isced97_5,2009,52.036
ecu,sex_m,age_aggregate_yge65,edu_isced97_5,2010,51.654
ecu,sex_m,age_aggregate_yge65,edu_isced97_5,2011,41.708
ecu,sex_m,age_aggregate_yge65,edu_isced97_5,2012,44.506
ecu,sex_m,age_aggregate_yge65,edu_isced97_5,2013,40.983
ecu,sex_m,age_aggregate_yge65,edu_isced97_5,2014,39.278
ecu,sex_m,age_aggregate_yge65,edu_isced97_5,2015,39.801
ecu,sex_m,age_aggregate_yge65,edu_isced97_5,2016,34.483
ecu,sex_m,age_aggregate_yge65,edu_isced97_5,2017,36.986
ecu,sex_m,age_aggregate_yge65,edu_isced97_5,2018,38.193
ecu,sex_m,age_aggregate_yge65,edu_isced97_5,2019,35.879
ecu,sex_m,age_aggregate_yge65,edu_isced97_5,2021,32.87
ecu,sex_m,age_aggregate_yge65,edu_isced97_5,2022,32.666
ecu,sex_m,age_aggregate_yge65,edu_isced97_5,2023,31.998
ecu,sex_m,age_aggregate_yge65,edu_isced97_5,2024,40.055
ecu,sex_m,age_aggregate_yge65,edu_isced97_6,2001,95.154
ecu,sex_m,age_aggregate_yge65,edu_isced97_6,2003,66.976
ecu,sex_m,age_aggregate_yge65,edu_isced97_6,2004,56.549
ecu,sex_m,age_aggregate_yge65,edu_isced97_6,2006,85.89
ecu,sex_m,age_aggregate_yge65,edu_isced97_6,2007,51.81
ecu,sex_m,age_aggregate_yge65,edu_isced97_6,2008,72.986
ecu,sex_m,age_aggregate_yge65,edu_isced97_6,2009,71.608
ecu,sex_m,age_aggregate_yge65,edu_isced97_6,2010,59.86
ecu,sex_m,age_aggregate_yge65,edu_isced97_6,2011,47.46
ecu,sex_m,age_aggregate_yge65,edu_isced97_6,2012,60.549
ecu,sex_m,age_aggregate_yge65,edu_isced97_6,2013,57.607
ecu,sex_m,age_aggregate_yge65,edu_isced97_6,2014,42.438
ecu,sex_m,age_aggregate_yge65,edu_isced97_6,2015,46.47
ecu,sex_m,age_aggregate_yge65,edu_isced97_6,2016,52.099
ecu,sex_m,age_aggregate_yge65,edu_isced97_6,2017,46.525
ecu,sex_m,age_aggregate_yge65,edu_isced97_6,2018,43.76
ecu,sex_m,age_aggregate_yge65,edu_isced97_6,2019,48.635
ecu,sex_m,age_aggregate_yge65,edu_isced97_6,2021,38.257
ecu,sex_m,age_aggregate_yge65,edu_isced97_6,2022,38.108
ecu,sex_m,age_aggregate_yge65,edu_isced97_6,2023,32.341
ecu,sex_m,age_aggregate_yge65,edu_isced97_6,2024,37.485
ecu,sex_m,age_aggregate_yge65,edu_isced97_total,2000,53.864
ecu,sex_m,age_aggregate_yge65,edu_isced97_total,2001,58.502
ecu,sex_m,age_aggregate_yge65,edu_isced97_total,2003,56.647
ecu,sex_m,age_aggregate_yge65,edu_isced97_total,2004,58.502
ecu,sex_m,age_aggregate_yge65,edu_isced97_total,2005,57.512
ecu,sex_m,age_aggregate_yge65,edu_isced97_total,2006,59.603
ecu,sex_m,age_aggregate_yge65,edu_isced97_total,2007,57.199
ecu,sex_m,age_aggregate_yge65,edu_isced97_total,2008,56.224
ecu,sex_m,age_aggregate_yge65,edu_isced97_total,2009,53.637
ecu,sex_m,age_aggregate_yge65,edu_isced97_total,2010,52.62
ecu,sex_m,age_aggregate_yge65,edu_isced97_total,2011,51.855
ecu,sex_m,age_aggregate_yge65,edu_isced97_total,2012,52.477
ecu,sex_m,age_aggregate_yge65,edu_isced97_total,2013,50.975
ecu,sex_m,age_aggregate_yge65,edu_isced97_total,2014,50.747
ecu,sex_m,age_aggregate_yge65,edu_isced97_total,2015,54.214
ecu,sex_m,age_aggregate_yge65,edu_isced97_total,2016,54.717
ecu,sex_m,age_aggregate_yge65,edu_isced97_total,2017,54.793
ecu,sex_m,age_aggregate_yge65,edu_isced97_total,2018,53.738
ecu,sex_m,age_aggregate_yge65,edu_isced97_total,2019,51.826
ecu,sex_m,age_aggregate_yge65,edu_isced97_total,2021,47.737
ecu,sex_m,age_aggregate_yge65,edu_isced97_total,2022,48.301
ecu,sex_m,age_aggregate_yge65,edu_isced97_total,2023,46.65
ecu,sex_m,age_aggregate_yge65,edu_isced97_total,2024,47.49
ecu,sex_m,age_aggregate_yge65,edu_isced97_unk,2016,83.621
ecu,sex_m,age_aggregate_yge65,edu_isced97_unk,2017,67.957
ecu,sex_m,age_aggregate_yge65,edu_isced97_unk,2018,67.847
ecu,sex_m,age_aggregate_yge65,edu_isced97_unk,2019,71.583
ecu,sex_m,age_aggregate_yge65,edu_isced97_unk,2021,59.483
ecu,sex_m,age_aggregate_yge65,edu_isced97_unk,2022,63.661
ecu,sex_m,age_aggregate_yge65,edu_isced97_unk,2023,83.554
ecu,sex_m,age_aggregate_yge65,edu_isced97_unk,2024,79.7
ecu,sex_m,age_aggregate_yge65,edu_isced97_x,2000,56.993
ecu,sex_m,age_aggregate_yge65,edu_isced97_x,2001,56.541
ecu,sex_m,age_aggregate_yge65,edu_isced97_x,2003,61.817
ecu,sex_m,age_aggregate_yge65,edu_isced97_x,2004,61.164
ecu,sex_m,age_aggregate_yge65,edu_isced97_x,2005,61.355
ecu,sex_m,age_aggregate_yge65,edu_isced97_x,2006,60.095
ecu,sex_m,age_aggregate_yge65,edu_isced97_x,2007,60.032
ecu,sex_m,age_aggregate_yge65,edu_isced97_x,2008,55.403
ecu,sex_m,age_aggregate_yge65,edu_isced97_x,2009,53.044
ecu,sex_m,age_aggregate_yge65,edu_isced97_x,2010,51.185
ecu,sex_m,age_aggregate_yge65,edu_isced97_x,2011,56.267
ecu,sex_m,age_aggregate_yge65,edu_isced97_x,2012,53.158
ecu,sex_m,age_aggregate_yge65,edu_isced97_x,2013,49.357
ecu,sex_m,age_aggregate_yge65,edu_isced97_x,2014,50.579
ecu,sex_m,age_aggregate_yge65,edu_isced97_x,2015,54.857
ecu,sex_m,age_aggregate_yge65,edu_isced97_x,2016,54.719
ecu,sex_m,age_aggregate_yge65,edu_isced97_x,2017,53.476
ecu,sex_m,age_aggregate_yge65,edu_isced97_x,2018,55.927
ecu,sex_m,age_aggregate_yge65,edu_isced97_x,2019,54.245
ecu,sex_m,age_aggregate_yge65,edu_isced97_x,2021,43.735
ecu,sex_m,age_aggregate_yge65,edu_isced97_x,2022,45.881
ecu,sex_m,age_aggregate_yge65,edu_isced97_x,2023,42.756
ecu,sex_m,age_aggregate_yge65,edu_isced97_x,2024,40.975
ecu,sex_m,age_ythadult_y15_24,edu_aggregate_adv,2000,42.849
ecu,sex_m,age_ythadult_y15_24,edu_aggregate_adv,2001,43.735
ecu,sex_m,age_ythadult_y15_24,edu_aggregate_adv,2003,49.012
ecu,sex_m,age_ythadult_y15_24,edu_aggregate_adv,2004,43.714
ecu,sex_m,age_ythadult_y15_24,edu_aggregate_adv,2005,50.304
ecu,sex_m,age_ythadult_y15_24,edu_aggregate_adv,2006,48.07
ecu,sex_m,age_ythadult_y15_24,edu_aggregate_adv,2007,50.952
ecu,sex_m,age_ythadult_y15_24,edu_aggregate_adv,2008,50.077
ecu,sex_m,age_ythadult_y15_24,edu_aggregate_adv,2009,41.785
ecu,sex_m,age_ythadult_y15_24,edu_aggregate_adv,2010,39.426
ecu,sex_m,age_ythadult_y15_24,edu_aggregate_adv,2011,44.326
ecu,sex_m,age_ythadult_y15_24,edu_aggregate_adv,2012,46.114
ecu,sex_m,age_ythadult_y15_24,edu_aggregate_adv,2013,48.818
ecu,sex_m,age_ythadult_y15_24,edu_aggregate_adv,2014,45.775
ecu,sex_m,age_ythadult_y15_24,edu_aggregate_adv,2015,46.368
ecu,sex_m,age_ythadult_y15_24,edu_aggregate_adv,2016,42.256
ecu,sex_m,age_ythadult_y15_24,edu_aggregate_adv,2017,45.912
ecu,sex_m,age_ythadult_y15_24,edu_aggregate_adv,2018,41.004
ecu,sex_m,age_ythadult_y15_24,edu_aggregate_adv,2019,40.123
ecu,sex_m,age_ythadult_y15_24,edu_aggregate_adv,2021,38.035
ecu,sex_m,age_ythadult_y15_24,edu_aggregate_adv,2022,43.055
ecu,sex_m,age_ythadult_y15_24,edu_aggregate_adv,2023,40.12
ecu,sex_m,age_ythadult_y15_24,edu_aggregate_adv,2024,41.407
ecu,sex_m,age_ythadult_y15_24,edu_aggregate_bas,2000,78.792
ecu,sex_m,age_ythadult_y15_24,edu_aggregate_bas,2001,82.97
ecu,sex_m,age_ythadult_y15_24,edu_aggregate_bas,2003,59.83
ecu,sex_m,age_ythadult_y15_24,edu_aggregate_bas,2004,61.24
ecu,sex_m,age_ythadult_y15_24,edu_aggregate_bas,2005,63.163
ecu,sex_m,age_ythadult_y15_24,edu_aggregate_bas,2006,66.807
ecu,sex_m,age_ythadult_y15_24,edu_aggregate_bas,2007,56.848
ecu,sex_m,age_ythadult_y15_24,edu_aggregate_bas,2008,55.81
ecu,sex_m,age_ythadult_y15_24,edu_aggregate_bas,2009,51.85
ecu,sex_m,age_ythadult_y15_24,edu_aggregate_bas,2010,48.493
ecu,sex_m,age_ythadult_y15_24,edu_aggregate_bas,2011,44.547
ecu,sex_m,age_ythadult_y15_24,edu_aggregate_bas,2012,44.068
ecu,sex_m,age_ythadult_y15_24,edu_aggregate_bas,2013,41.472
ecu,sex_m,age_ythadult_y15_24,edu_aggregate_bas,2014,41.095
ecu,sex_m,age_ythadult_y15_24,edu_aggregate_bas,2015,42.33
ecu,sex_m,age_ythadult_y15_24,edu_aggregate_bas,2016,43.199
ecu,sex_m,age_ythadult_y15_24,edu_aggregate_bas,2017,43.4
ecu,sex_m,age_ythadult_y15_24,edu_aggregate_bas,2018,41.295
ecu,sex_m,age_ythadult_y15_24,edu_aggregate_bas,2019,40.054
ecu,sex_m,age_ythadult_y15_24,edu_aggregate_bas,2021,43.043
ecu,sex_m,age_ythadult_y15_24,edu_aggregate_bas,2022,38.805
ecu,sex_m,age_ythadult_y15_24,edu_aggregate_bas,2023,36.575
ecu,sex_m,age_ythadult_y15_24,edu_aggregate_bas,2024,38.111
ecu,sex_m,age_ythadult_y15_24,edu_aggregate_int,2000,43.768
ecu,sex_m,age_ythadult_y15_24,edu_aggregate_int,2001,52.14
ecu,sex_m,age_ythadult_y15_24,edu_aggregate_int,2003,38.332
ecu,sex_m,age_ythadult_y15_24,edu_aggregate_int,2004,41.358
ecu,sex_m,age_ythadult_y15_24,edu_aggregate_int,2005,37.694
ecu,sex_m,age_ythadult_y15_24,edu_aggregate_int,2006,40.666
ecu,sex_m,age_ythadult_y15_24,edu_aggregate_int,2007,55.899
ecu,sex_m,age_ythadult_y15_24,edu_aggregate_int,2008,57.145
ecu,sex_m,age_ythadult_y15_24,edu_aggregate_int,2009,55.926
ecu,sex_m,age_ythadult_y15_24,edu_aggregate_int,2010,53.839
ecu,sex_m,age_ythadult_y15_24,edu_aggregate_int,2011,54.948
ecu,sex_m,age_ythadult_y15_24,edu_aggregate_int,2012,58.258
ecu,sex_m,age_ythadult_y15_24,edu_aggregate_int,2013,55.15
ecu,sex_m,age_ythadult_y15_24,edu_aggregate_int,2014,57.496
ecu,sex_m,age_ythadult_y15_24,edu_aggregate_int,2015,58.981
ecu,sex_m,age_ythadult_y15_24,edu_aggregate_int,2016,59.942
ecu,sex_m,age_ythadult_y15_24,edu_aggregate_int,2017,62.365
ecu,sex_m,age_ythadult_y15_24,edu_aggregate_int,2018,62.029
ecu,sex_m,age_ythadult_y15_24,edu_aggregate_int,2019,61.228
ecu,sex_m,age_ythadult_y15_24,edu_aggregate_int,2021,64.114
ecu,sex_m,age_ythadult_y15_24,edu_aggregate_int,2022,64.847
ecu,sex_m,age_ythadult_y15_24,edu_aggregate_int,2023,63.238
ecu,sex_m,age_ythadult_y15_24,edu_aggregate_int,2024,63.657
ecu,sex_m,age_ythadult_y15_24,edu_aggregate_ltb,2000,66.84
ecu,sex_m,age_ythadult_y15_24,edu_aggregate_ltb,2001,71.394
ecu,sex_m,age_ythadult_y15_24,edu_aggregate_ltb,2003,61.849
ecu,sex_m,age_ythadult_y15_24,edu_aggregate_ltb,2004,68.188
ecu,sex_m,age_ythadult_y15_24,edu_aggregate_ltb,2005,73.044
ecu,sex_m,age_ythadult_y15_24,edu_aggregate_ltb,2006,72.414
ecu,sex_m,age_ythadult_y15_24,edu_aggregate_ltb,2007,74.726
ecu,sex_m,age_ythadult_y15_24,edu_aggregate_ltb,2008,73.435
ecu,sex_m,age_ythadult_y15_24,edu_aggregate_ltb,2009,66.163
ecu,sex_m,age_ythadult_y15_24,edu_aggregate_ltb,2010,71.716
ecu,sex_m,age_ythadult_y15_24,edu_aggregate_ltb,2011,63.768
ecu,sex_m,age_ythadult_y15_24,edu_aggregate_ltb,2012,63.77
ecu,sex_m,age_ythadult_y15_24,edu_aggregate_ltb,2013,64.269
ecu,sex_m,age_ythadult_y15_24,edu_aggregate_ltb,2014,60.237
ecu,sex_m,age_ythadult_y15_24,edu_aggregate_ltb,2015,63.928
ecu,sex_m,age_ythadult_y15_24,edu_aggregate_ltb,2016,62.994
ecu,sex_m,age_ythadult_y15_24,edu_aggregate_ltb,2017,63.369
ecu,sex_m,age_ythadult_y15_24,edu_aggregate_ltb,2018,62.219
ecu,sex_m,age_ythadult_y15_24,edu_aggregate_ltb,2019,63.623
ecu,sex_m,age_ythadult_y15_24,edu_aggregate_ltb,2021,56.462
ecu,sex_m,age_ythadult_y15_24,edu_aggregate_ltb,2022,56.112
ecu,sex_m,age_ythadult_y15_24,edu_aggregate_ltb,2023,51.055
ecu,sex_m,age_ythadult_y15_24,edu_aggregate_ltb,2024,55.714
ecu,sex_m,age_ythadult_y15_24,edu_aggregate_total,2000,59.26
ecu,sex_m,age_ythadult_y15_24,edu_aggregate_total,2001,65.331
ecu,sex_m,age_ythadult_y15_24,edu_aggregate_total,2003,57.575
ecu,sex_m,age_ythadult_y15_24,edu_aggregate_total,2004,58.922
ecu,sex_m,age_ythadult_y15_24,edu_aggregate_total,2005,60.137
ecu,sex_m,age_ythadult_y15_24,edu_aggregate_total,2006,62.803
ecu,sex_m,age_ythadult_y15_24,edu_aggregate_total,2007,57.865
ecu,sex_m,age_ythadult_y15_24,edu_aggregate_total,2008,57.17
ecu,sex_m,age_ythadult_y15_24,edu_aggregate_total,2009,53.414
ecu,sex_m,age_ythadult_y15_24,edu_aggregate_total,2010,51.093
ecu,sex_m,age_ythadult_y15_24,edu_aggregate_total,2011,48.981
ecu,sex_m,age_ythadult_y15_24,edu_aggregate_total,2012,49.987
ecu,sex_m,age_ythadult_y15_24,edu_aggregate_total,2013,47.63
ecu,sex_m,age_ythadult_y15_24,edu_aggregate_total,2014,47.887
ecu,sex_m,age_ythadult_y15_24,edu_aggregate_total,2015,49.269
ecu,sex_m,age_ythadult_y15_24,edu_aggregate_total,2016,50.1
ecu,sex_m,age_ythadult_y15_24,edu_aggregate_total,2017,51.442
ecu,sex_m,age_ythadult_y15_24,edu_aggregate_total,2018,50.27
ecu,sex_m,age_ythadult_y15_24,edu_aggregate_total,2019,49.428
ecu,sex_m,age_ythadult_y15_24,edu_aggregate_total,2021,52.481
ecu,sex_m,age_ythadult_y15_24,edu_aggregate_total,2022,51.25
ecu,sex_m,age_ythadult_y15_24,edu_aggregate_total,2023,49.444
ecu,sex_m,age_ythadult_y15_24,edu_aggregate_total,2024,50.194
ecu,sex_m,age_ythadult_y15_24,edu_aggregate_x,2016,65.125
ecu,sex_m,age_ythadult_y15_24,edu_aggregate_x,2018,64.228
ecu,sex_m,age_ythadult_y15_24,edu_isced97_0,2000,78.516
ecu,sex_m,age_ythadult_y15_24,edu_isced97_0,2001,70.892
ecu,sex_m,age_ythadult_y15_24,edu_isced97_0,2003,71.24
ecu,sex_m,age_ythadult_y15_24,edu_isced97_0,2004,79.904
ecu,sex_m,age_ythadult_y15_24,edu_isced97_0,2005,76.159
ecu,sex_m,age_ythadult_y15_24,edu_isced97_0,2006,76.06
ecu,sex_m,age_ythadult_y15_24,edu_isced97_0,2007,79.384
ecu,sex_m,age_ythadult_y15_24,edu_isced97_0,2008,79.315
ecu,sex_m,age_ythadult_y15_24,edu_isced97_0,2009,70.715
ecu,sex_m,age_ythadult_y15_24,edu_isced97_0,2010,76.001
ecu,sex_m,age_ythadult_y15_24,edu_isced97_0,2011,69.854
ecu,sex_m,age_ythadult_y15_24,edu_isced97_0,2012,72.94
ecu,sex_m,age_ythadult_y15_24,edu_isced97_0,2013,74.414
ecu,sex_m,age_ythadult_y15_24,edu_isced97_0,2014,67.325
ecu,sex_m,age_ythadult_y15_24,edu_isced97_0,2015,72.996
ecu,sex_m,age_ythadult_y15_24,edu_isced97_0,2016,74.105
ecu,sex_m,age_ythadult_y15_24,edu_isced97_0,2017,73.158
ecu,sex_m,age_ythadult_y15_24,edu_isced97_0,2018,72.336
ecu,sex_m,age_ythadult_y15_24,edu_isced97_0,2019,73.181
ecu,sex_m,age_ythadult_y15_24,edu_isced97_0,2021,68.781
ecu,sex_m,age_ythadult_y15_24,edu_isced97_0,2022,70.638
ecu,sex_m,age_ythadult_y15_24,edu_isced97_0,2023,55.36
ecu,sex_m,age_ythadult_y15_24,edu_isced97_0,2024,62.125
ecu,sex_m,age_ythadult_y15_24,edu_isced97_1,2000,80.348
ecu,sex_m,age_ythadult_y15_24,edu_isced97_1,2001,83.439
ecu,sex_m,age_ythadult_y15_24,edu_isced97_1,2003,73.955
ecu,sex_m,age_ythadult_y15_24,edu_isced97_1,2004,75.862
ecu,sex_m,age_ythadult_y15_24,edu_isced97_1,2005,70.317
ecu,sex_m,age_ythadult_y15_24,edu_isced97_1,2006,71.408
ecu,sex_m,age_ythadult_y15_24,edu_isced97_1,2007,76.423
ecu,sex_m,age_ythadult_y15_24,edu_isced97_1,2008,75.105
ecu,sex_m,age_ythadult_y15_24,edu_isced97_1,2009,70.35
ecu,sex_m,age_ythadult_y15_24,edu_isced97_1,2010,70.556
ecu,sex_m,age_ythadult_y15_24,edu_isced97_1,2011,67.44
ecu,sex_m,age_ythadult_y15_24,edu_isced97_1,2012,66.936
ecu,sex_m,age_ythadult_y15_24,edu_isced97_1,2013,63.402
ecu,sex_m,age_ythadult_y15_24,edu_isced97_1,2014,64.842
ecu,sex_m,age_ythadult_y15_24,edu_isced97_1,2015,64.629
ecu,sex_m,age_ythadult_y15_24,edu_isced97_1,2016,66.034
ecu,sex_m,age_ythadult_y15_24,edu_isced97_1,2017,65.946
ecu,sex_m,age_ythadult_y15_24,edu_isced97_1,2018,63.79
ecu,sex_m,age_ythadult_y15_24,edu_isced97_1,2019,63.061
ecu,sex_m,age_ythadult_y15_24,edu_isced97_1,2021,64.183
ecu,sex_m,age_ythadult_y15_24,edu_isced97_1,2022,62.525
ecu,sex_m,age_ythadult_y15_24,edu_isced97_1,2023,62.558
ecu,sex_m,age_ythadult_y15_24,edu_isced97_1,2024,62.675
ecu,sex_m,age_ythadult_y15_24,edu_isced97_2,2000,78.546
ecu,sex_m,age_ythadult_y15_24,edu_isced97_2,2001,82.896
ecu,sex_m,age_ythadult_y15_24,edu_isced97_2,2003,46.524
ecu,sex_m,age_ythadult_y15_24,edu_isced97_2,2004,47.841
ecu,sex_m,age_ythadult_y15_24,edu_isced97_2,2005,54.662
ecu,sex_m,age_ythadult_y15_24,edu_isced97_2,2006,60.886
ecu,sex_m,age_ythadult_y15_24,edu_isced97_2,2007,38.427
ecu,sex_m,age_ythadult_y15_24,edu_isced97_2,2008,39.042
ecu,sex_m,age_ythadult_y15_24,edu_isced97_2,2009,36.715
ecu,sex_m,age_ythadult_y15_24,edu_isced97_2,2010,32.15
ecu,sex_m,age_ythadult_y15_24,edu_isced97_2,2011,29.208
ecu,sex_m,age_ythadult_y15_24,edu_isced97_2,2012,30.691
ecu,sex_m,age_ythadult_y15_24,edu_isced97_2,2013,28.678
ecu,sex_m,age_ythadult_y15_24,edu_isced97_2,2014,27.684
ecu,sex_m,age_ythadult_y15_24,edu_isced97_2,2015,30.344
ecu,sex_m,age_ythadult_y15_24,edu_isced97_2,2016,33.408
ecu,sex_m,age_ythadult_y15_24,edu_isced97_2,2017,35.099
ecu,sex_m,age_ythadult_y15_24,edu_isced97_2,2018,33.341
ecu,sex_m,age_ythadult_y15_24,edu_isced97_2,2019,32.694
ecu,sex_m,age_ythadult_y15_24,edu_isced97_2,2021,36.295
ecu,sex_m,age_ythadult_y15_24,edu_isced97_2,2022,31.912
ecu,sex_m,age_ythadult_y15_24,edu_isced97_2,2023,29.144
ecu,sex_m,age_ythadult_y15_24,edu_isced97_2,2024,31.143
ecu,sex_m,age_ythadult_y15_24,edu_isced97_3,2000,43.768
ecu,sex_m,age_ythadult_y15_24,edu_isced97_3,2001,52.14
ecu,sex_m,age_ythadult_y15_24,edu_isced97_3,2003,37.785
ecu,sex_m,age_ythadult_y15_24,edu_isced97_3,2004,40.455
ecu,sex_m,age_ythadult_y15_24,edu_isced97_3,2005,36.553
ecu,sex_m,age_ythadult_y15_24,edu_isced97_3,2006,40.53
ecu,sex_m,age_ythadult_y15_24,edu_isced97_3,2007,55.707
ecu,sex_m,age_ythadult_y15_24,edu_isced97_3,2008,57.117
ecu,sex_m,age_ythadult_y15_24,edu_isced97_3,2009,55.878
ecu,sex_m,age_ythadult_y15_24,edu_isced97_3,2010,53.669
ecu,sex_m,age_ythadult_y15_24,edu_isced97_3,2011,54.798
ecu,sex_m,age_ythadult_y15_24,edu_isced97_3,2012,58.225
ecu,sex_m,age_ythadult_y15_24,edu_isced97_3,2013,54.907
ecu,sex_m,age_ythadult_y15_24,edu_isced97_3,2014,57.532
ecu,sex_m,age_ythadult_y15_24,edu_isced97_3,2015,58.781
ecu,sex_m,age_ythadult_y15_24,edu_isced97_3,2016,59.812
ecu,sex_m,age_ythadult_y15_24,edu_isced97_3,2017,62.277
ecu,sex_m,age_ythadult_y15_24,edu_isced97_3,2018,61.915
ecu,sex_m,age_ythadult_y15_24,edu_isced97_3,2019,61.137
ecu,sex_m,age_ythadult_y15_24,edu_isced97_3,2021,63.855
ecu,sex_m,age_ythadult_y15_24,edu_isced97_3,2022,64.647
ecu,sex_m,age_ythadult_y15_24,edu_isced97_3,2023,63.124
ecu,sex_m,age_ythadult_y15_24,edu_isced97_3,2024,63.548
ecu,sex_m,age_ythadult_y15_24,edu_isced97_4,2003,53.01
ecu,sex_m,age_ythadult_y15_24,edu_isced97_4,2004,71.332
ecu,sex_m,age_ythadult_y15_24,edu_isced97_4,2005,68.708
ecu,sex_m,age_ythadult_y15_24,edu_isced97_4,2006,48.718
ecu,sex_m,age_ythadult_y15_24,edu_isced97_4,2007,87.401
ecu,sex_m,age_ythadult_y15_24,edu_isced97_4,2008,65.74
ecu,sex_m,age_ythadult_y15_24,edu_isced97_4,2009,78.046
ecu,sex_m,age_ythadult_y15_24,edu_isced97_4,2010,75.321
ecu,sex_m,age_ythadult_y15_24,edu_isced97_4,2011,80.321
ecu,sex_m,age_ythadult_y15_24,edu_isced97_4,2012,63.916
ecu,sex_m,age_ythadult_y15_24,edu_isced97_4,2013,87.131
ecu,sex_m,age_ythadult_y15_24,edu_isced97_4,2014,52.167
ecu,sex_m,age_ythadult_y15_24,edu_isced97_4,2015,81.134
ecu,sex_m,age_ythadult_y15_24,edu_isced97_4,2016,72.829
ecu,sex_m,age_ythadult_y15_24,edu_isced97_4,2017,71.211
ecu,sex_m,age_ythadult_y15_24,edu_isced97_4,2018,78.511
ecu,sex_m,age_ythadult_y15_24,edu_isced97_4,2019,73.696
ecu,sex_m,age_ythadult_y15_24,edu_isced97_4,2021,79.194
ecu,sex_m,age_ythadult_y15_24,edu_isced97_4,2022,76.937
ecu,sex_m,age_ythadult_y15_24,edu_isced97_4,2023,67.986
ecu,sex_m,age_ythadult_y15_24,edu_isced97_4,2024,68.25
ecu,sex_m,age_ythadult_y15_24,edu_isced97_5,2000,42.849
ecu,sex_m,age_ythadult_y15_24,edu_isced97_5,2001,44.022
ecu,sex_m,age_ythadult_y15_24,edu_isced97_5,2003,49.091
ecu,sex_m,age_ythadult_y15_24,edu_isced97_5,2004,43.746
ecu,sex_m,age_ythadult_y15_24,edu_isced97_5,2005,50.366
ecu,sex_m,age_ythadult_y15_24,edu_isced97_5,2006,48.07
ecu,sex_m,age_ythadult_y15_24,edu_isced97_5,2007,50.425
ecu,sex_m,age_ythadult_y15_24,edu_isced97_5,2008,50.077
ecu,sex_m,age_ythadult_y15_24,edu_isced97_5,2009,41.785
ecu,sex_m,age_ythadult_y15_24,edu_isced97_5,2010,39.426
ecu,sex_m,age_ythadult_y15_24,edu_isced97_5,2011,44.391
ecu,sex_m,age_ythadult_y15_24,edu_isced97_5,2012,45.874
ecu,sex_m,age_ythadult_y15_24,edu_isced97_5,2013,48.614
ecu,sex_m,age_ythadult_y15_24,edu_isced97_5,2014,45.759
ecu,sex_m,age_ythadult_y15_24,edu_isced97_5,2015,46.266
ecu,sex_m,age_ythadult_y15_24,edu_isced97_5,2016,42.243
ecu,sex_m,age_ythadult_y15_24,edu_isced97_5,2017,45.971
ecu,sex_m,age_ythadult_y15_24,edu_isced97_5,2018,41.037
ecu,sex_m,age_ythadult_y15_24,edu_isced97_5,2019,40.067
ecu,sex_m,age_ythadult_y15_24,edu_isced97_5,2021,38.065
ecu,sex_m,age_ythadult_y15_24,edu_isced97_5,2022,42.885
ecu,sex_m,age_ythadult_y15_24,edu_isced97_5,2023,39.922
ecu,sex_m,age_ythadult_y15_24,edu_isced97_5,2024,41.291
ecu,sex_m,age_ythadult_y15_24,edu_isced97_6,2015,100
ecu,sex_m,age_ythadult_y15_24,edu_isced97_6,2023,67.8
ecu,sex_m,age_ythadult_y15_24,edu_isced97_6,2024,68.946
ecu,sex_m,age_ythadult_y15_24,edu_isced97_total,2000,59.26
ecu,sex_m,age_ythadult_y15_24,edu_isced97_total,2001,65.331
ecu,sex_m,age_ythadult_y15_24,edu_isced97_total,2003,57.575
ecu,sex_m,age_ythadult_y15_24,edu_isced97_total,2004,58.922
ecu,sex_m,age_ythadult_y15_24,edu_isced97_total,2005,60.137
ecu,sex_m,age_ythadult_y15_24,edu_isced97_total,2006,62.803
ecu,sex_m,age_ythadult_y15_24,edu_isced97_total,2007,57.865
ecu,sex_m,age_ythadult_y15_24,edu_isced97_total,2008,57.17
ecu,sex_m,age_ythadult_y15_24,edu_isced97_total,2009,53.414
ecu,sex_m,age_ythadult_y15_24,edu_isced97_total,2010,51.093
ecu,sex_m,age_ythadult_y15_24,edu_isced97_total,2011,48.981
ecu,sex_m,age_ythadult_y15_24,edu_isced97_total,2012,49.987
ecu,sex_m,age_ythadult_y15_24,edu_isced97_total,2013,47.63
ecu,sex_m,age_ythadult_y15_24,edu_isced97_total,2014,47.887
ecu,sex_m,age_ythadult_y15_24,edu_isced97_total,2015,49.269
ecu,sex_m,age_ythadult_y15_24,edu_isced97_total,2016,50.1
ecu,sex_m,age_ythadult_y15_24,edu_isced97_total,2017,51.442
ecu,sex_m,age_ythadult_y15_24,edu_isced97_total,2018,50.27
ecu,sex_m,age_ythadult_y15_24,edu_isced97_total,2019,49.428
ecu,sex_m,age_ythadult_y15_24,edu_isced97_total,2021,52.481
ecu,sex_m,age_ythadult_y15_24,edu_isced97_total,2022,51.25
ecu,sex_m,age_ythadult_y15_24,edu_isced97_total,2023,49.444
ecu,sex_m,age_ythadult_y15_24,edu_isced97_total,2024,50.194
ecu,sex_m,age_ythadult_y15_24,edu_isced97_unk,2016,65.125
ecu,sex_m,age_ythadult_y15_24,edu_isced97_unk,2018,64.228
ecu,sex_m,age_ythadult_y15_24,edu_isced97_x,2000,55.334
ecu,sex_m,age_ythadult_y15_24,edu_isced97_x,2001,72.425
ecu,sex_m,age_ythadult_y15_24,edu_isced97_x,2003,50.883
ecu,sex_m,age_ythadult_y15_24,edu_isced97_x,2004,54.826
ecu,sex_m,age_ythadult_y15_24,edu_isced97_x,2005,69.775
ecu,sex_m,age_ythadult_y15_24,edu_isced97_x,2006,69.015
ecu,sex_m,age_ythadult_y15_24,edu_isced97_x,2007,51.104
ecu,sex_m,age_ythadult_y15_24,edu_isced97_x,2008,44.317
ecu,sex_m,age_ythadult_y15_24,edu_isced97_x,2009,41.044
ecu,sex_m,age_ythadult_y15_24,edu_isced97_x,2010,49.914
ecu,sex_m,age_ythadult_y15_24,edu_isced97_x,2011,36.057
ecu,sex_m,age_ythadult_y15_24,edu_isced97_x,2012,28.186
ecu,sex_m,age_ythadult_y15_24,edu_isced97_x,2013,27.916
ecu,sex_m,age_ythadult_y15_24,edu_isced97_x,2014,29.484
ecu,sex_m,age_ythadult_y15_24,edu_isced97_x,2015,23.496
ecu,sex_m,age_ythadult_y15_24,edu_isced97_x,2016,20.811
ecu,sex_m,age_ythadult_y15_24,edu_isced97_x,2017,28.167
ecu,sex_m,age_ythadult_y15_24,edu_isced97_x,2018,22.999
ecu,sex_m,age_ythadult_y15_24,edu_isced97_x,2019,30.706
ecu,sex_m,age_ythadult_y15_24,edu_isced97_x,2021,19.9
ecu,sex_m,age_ythadult_y15_24,edu_isced97_x,2022,9.32
ecu,sex_m,age_ythadult_y15_24,edu_isced97_x,2023,37.51
ecu,sex_m,age_ythadult_y15_24,edu_isced97_x,2024,33.048
ecu,sex_m,age_ythadult_y15_64,edu_aggregate_adv,2000,86.269
ecu,sex_m,age_ythadult_y15_64,edu_aggregate_adv,2001,86.962
ecu,sex_m,age_ythadult_y15_64,edu_aggregate_adv,2003,85.706
ecu,sex_m,age_ythadult_y15_64,edu_aggregate_adv,2004,86.446
ecu,sex_m,age_ythadult_y15_64,edu_aggregate_adv,2005,87.907
ecu,sex_m,age_ythadult_y15_64,edu_aggregate_adv,2006,88.699
ecu,sex_m,age_ythadult_y15_64,edu_aggregate_adv,2007,87.502
ecu,sex_m,age_ythadult_y15_64,edu_aggregate_adv,2008,87.439
ecu,sex_m,age_ythadult_y15_64,edu_aggregate_adv,2009,82.331
ecu,sex_m,age_ythadult_y15_64,edu_aggregate_adv,2010,82.608
ecu,sex_m,age_ythadult_y15_64,edu_aggregate_adv,2011,84.727
ecu,sex_m,age_ythadult_y15_64,edu_aggregate_adv,2012,84.077
ecu,sex_m,age_ythadult_y15_64,edu_aggregate_adv,2013,85.046
ecu,sex_m,age_ythadult_y15_64,edu_aggregate_adv,2014,85.03
ecu,sex_m,age_ythadult_y15_64,edu_aggregate_adv,2015,85.797
ecu,sex_m,age_ythadult_y15_64,edu_aggregate_adv,2016,84.861
ecu,sex_m,age_ythadult_y15_64,edu_aggregate_adv,2017,85.485
ecu,sex_m,age_ythadult_y15_64,edu_aggregate_adv,2018,84.454
ecu,sex_m,age_ythadult_y15_64,edu_aggregate_adv,2019,83.335
ecu,sex_m,age_ythadult_y15_64,edu_aggregate_adv,2021,82.282
ecu,sex_m,age_ythadult_y15_64,edu_aggregate_adv,2022,84.317
ecu,sex_m,age_ythadult_y15_64,edu_aggregate_adv,2023,82.925
ecu,sex_m,age_ythadult_y15_64,edu_aggregate_adv,2024,83.215
ecu,sex_m,age_ythadult_y15_64,edu_aggregate_bas,2000,88.716
ecu,sex_m,age_ythadult_y15_64,edu_aggregate_bas,2001,90.082
ecu,sex_m,age_ythadult_y15_64,edu_aggregate_bas,2003,79.777
ecu,sex_m,age_ythadult_y15_64,edu_aggregate_bas,2004,81.283
ecu,sex_m,age_ythadult_y15_64,edu_aggregate_bas,2005,82.786
ecu,sex_m,age_ythadult_y15_64,edu_aggregate_bas,2006,84.707
ecu,sex_m,age_ythadult_y15_64,edu_aggregate_bas,2007,80.54
ecu,sex_m,age_ythadult_y15_64,edu_aggregate_bas,2008,79.821
ecu,sex_m,age_ythadult_y15_64,edu_aggregate_bas,2009,76.701
ecu,sex_m,age_ythadult_y15_64,edu_aggregate_bas,2010,76.016
ecu,sex_m,age_ythadult_y15_64,edu_aggregate_bas,2011,75.422
ecu,sex_m,age_ythadult_y15_64,edu_aggregate_bas,2012,75.513
ecu,sex_m,age_ythadult_y15_64,edu_aggregate_bas,2013,74.325
ecu,sex_m,age_ythadult_y15_64,edu_aggregate_bas,2014,75.097
ecu,sex_m,age_ythadult_y15_64,edu_aggregate_bas,2015,76.423
ecu,sex_m,age_ythadult_y15_64,edu_aggregate_bas,2016,76.486
ecu,sex_m,age_ythadult_y15_64,edu_aggregate_bas,2017,76.972
ecu,sex_m,age_ythadult_y15_64,edu_aggregate_bas,2018,75.834
ecu,sex_m,age_ythadult_y15_64,edu_aggregate_bas,2019,75.141
ecu,sex_m,age_ythadult_y15_64,edu_aggregate_bas,2021,75.389
ecu,sex_m,age_ythadult_y15_64,edu_aggregate_bas,2022,74.2
ecu,sex_m,age_ythadult_y15_64,edu_aggregate_bas,2023,74.504
ecu,sex_m,age_ythadult_y15_64,edu_aggregate_bas,2024,74.257
ecu,sex_m,age_ythadult_y15_64,edu_aggregate_int,2000,68.102
ecu,sex_m,age_ythadult_y15_64,edu_aggregate_int,2001,74.035
ecu,sex_m,age_ythadult_y15_64,edu_aggregate_int,2003,63.491
ecu,sex_m,age_ythadult_y15_64,edu_aggregate_int,2004,66.335
ecu,sex_m,age_ythadult_y15_64,edu_aggregate_int,2005,62.216
ecu,sex_m,age_ythadult_y15_64,edu_aggregate_int,2006,61.162
ecu,sex_m,age_ythadult_y15_64,edu_aggregate_int,2007,80.329
ecu,sex_m,age_ythadult_y15_64,edu_aggregate_int,2008,79.506
ecu,sex_m,age_ythadult_y15_64,edu_aggregate_int,2009,78.524
ecu,sex_m,age_ythadult_y15_64,edu_aggregate_int,2010,76.692
ecu,sex_m,age_ythadult_y15_64,edu_aggregate_int,2011,78.175
ecu,sex_m,age_ythadult_y15_64,edu_aggregate_int,2012,79.179
ecu,sex_m,age_ythadult_y15_64,edu_aggregate_int,2013,78.857
ecu,sex_m,age_ythadult_y15_64,edu_aggregate_int,2014,79.746
ecu,sex_m,age_ythadult_y15_64,edu_aggregate_int,2015,81.319
ecu,sex_m,age_ythadult_y15_64,edu_aggregate_int,2016,81.008
ecu,sex_m,age_ythadult_y15_64,edu_aggregate_int,2017,82.457
ecu,sex_m,age_ythadult_y15_64,edu_aggregate_int,2018,81.711
ecu,sex_m,age_ythadult_y15_64,edu_aggregate_int,2019,80.836
ecu,sex_m,age_ythadult_y15_64,edu_aggregate_int,2021,81.189
ecu,sex_m,age_ythadult_y15_64,edu_aggregate_int,2022,82.501
ecu,sex_m,age_ythadult_y15_64,edu_aggregate_int,2023,82.702
ecu,sex_m,age_ythadult_y15_64,edu_aggregate_int,2024,82.826
ecu,sex_m,age_ythadult_y15_64,edu_aggregate_ltb,2000,86.608
ecu,sex_m,age_ythadult_y15_64,edu_aggregate_ltb,2001,86.438
ecu,sex_m,age_ythadult_y15_64,edu_aggregate_ltb,2003,82.675
ecu,sex_m,age_ythadult_y15_64,edu_aggregate_ltb,2004,85.032
ecu,sex_m,age_ythadult_y15_64,edu_aggregate_ltb,2005,87.272
ecu,sex_m,age_ythadult_y15_64,edu_aggregate_ltb,2006,89.203
ecu,sex_m,age_ythadult_y15_64,edu_aggregate_ltb,2007,88.959
ecu,sex_m,age_ythadult_y15_64,edu_aggregate_ltb,2008,88.198
ecu,sex_m,age_ythadult_y15_64,edu_aggregate_ltb,2009,86.007
ecu,sex_m,age_ythadult_y15_64,edu_aggregate_ltb,2010,87.193
ecu,sex_m,age_ythadult_y15_64,edu_aggregate_ltb,2011,85.424
ecu,sex_m,age_ythadult_y15_64,edu_aggregate_ltb,2012,85.71
ecu,sex_m,age_ythadult_y15_64,edu_aggregate_ltb,2013,86.084
ecu,sex_m,age_ythadult_y15_64,edu_aggregate_ltb,2014,85.738
ecu,sex_m,age_ythadult_y15_64,edu_aggregate_ltb,2015,87.356
ecu,sex_m,age_ythadult_y15_64,edu_aggregate_ltb,2016,87.274
ecu,sex_m,age_ythadult_y15_64,edu_aggregate_ltb,2017,87.957
ecu,sex_m,age_ythadult_y15_64,edu_aggregate_ltb,2018,87.919
ecu,sex_m,age_ythadult_y15_64,edu_aggregate_ltb,2019,87.264
ecu,sex_m,age_ythadult_y15_64,edu_aggregate_ltb,2021,84.508
ecu,sex_m,age_ythadult_y15_64,edu_aggregate_ltb,2022,81.851
ecu,sex_m,age_ythadult_y15_64,edu_aggregate_ltb,2023,83.223
ecu,sex_m,age_ythadult_y15_64,edu_aggregate_ltb,2024,80.924
ecu,sex_m,age_ythadult_y15_64,edu_aggregate_total,2000,80.985
ecu,sex_m,age_ythadult_y15_64,edu_aggregate_total,2001,83.4
ecu,sex_m,age_ythadult_y15_64,edu_aggregate_total,2003,79.73
ecu,sex_m,age_ythadult_y15_64,edu_aggregate_total,2004,81.35
ecu,sex_m,age_ythadult_y15_64,edu_aggregate_total,2005,82.408
ecu,sex_m,age_ythadult_y15_64,edu_aggregate_total,2006,83.766
ecu,sex_m,age_ythadult_y15_64,edu_aggregate_total,2007,82.69
ecu,sex_m,age_ythadult_y15_64,edu_aggregate_total,2008,81.887
ecu,sex_m,age_ythadult_y15_64,edu_aggregate_total,2009,79.193
ecu,sex_m,age_ythadult_y15_64,edu_aggregate_total,2010,78.619
ecu,sex_m,age_ythadult_y15_64,edu_aggregate_total,2011,78.634
ecu,sex_m,age_ythadult_y15_64,edu_aggregate_total,2012,78.937
ecu,sex_m,age_ythadult_y15_64,edu_aggregate_total,2013,78.422
ecu,sex_m,age_ythadult_y15_64,edu_aggregate_total,2014,78.871
ecu,sex_m,age_ythadult_y15_64,edu_aggregate_total,2015,80.115
ecu,sex_m,age_ythadult_y15_64,edu_aggregate_total,2016,79.971
ecu,sex_m,age_ythadult_y15_64,edu_aggregate_total,2017,80.792
ecu,sex_m,age_ythadult_y15_64,edu_aggregate_total,2018,79.955
ecu,sex_m,age_ythadult_y15_64,edu_aggregate_total,2019,79.191
ecu,sex_m,age_ythadult_y15_64,edu_aggregate_total,2021,79.081
ecu,sex_m,age_ythadult_y15_64,edu_aggregate_total,2022,79.192
ecu,sex_m,age_ythadult_y15_64,edu_aggregate_total,2023,79.431
ecu,sex_m,age_ythadult_y15_64,edu_aggregate_total,2024,79.219
ecu,sex_m,age_ythadult_y15_64,edu_aggregate_x,2001,62.355
ecu,sex_m,age_ythadult_y15_64,edu_aggregate_x,2007,100
ecu,sex_m,age_ythadult_y15_64,edu_aggregate_x,2015,83.071
ecu,sex_m,age_ythadult_y15_64,edu_aggregate_x,2016,85.073
ecu,sex_m,age_ythadult_y15_64,edu_aggregate_x,2017,74.627
ecu,sex_m,age_ythadult_y15_64,edu_aggregate_x,2018,81.707
ecu,sex_m,age_ythadult_y15_64,edu_aggregate_x,2019,82.981
ecu,sex_m,age_ythadult_y15_64,edu_aggregate_x,2021,85.571
ecu,sex_m,age_ythadult_y15_64,edu_aggregate_x,2023,98.096
ecu,sex_m,age_ythadult_y15_64,edu_isced97_0,2000,89.666
ecu,sex_m,age_ythadult_y15_64,edu_isced97_0,2001,87.581
ecu,sex_m,age_ythadult_y15_64,edu_isced97_0,2003,85.818
ecu,sex_m,age_ythadult_y15_64,edu_isced97_0,2004,89.372
ecu,sex_m,age_ythadult_y15_64,edu_isced97_0,2005,90.403
ecu,sex_m,age_ythadult_y15_64,edu_isced97_0,2006,92.193
ecu,sex_m,age_ythadult_y15_64,edu_isced97_0,2007,91.498
ecu,sex_m,age_ythadult_y15_64,edu_isced97_0,2008,91.223
ecu,sex_m,age_ythadult_y15_64,edu_isced97_0,2009,88.93
ecu,sex_m,age_ythadult_y15_64,edu_isced97_0,2010,90.545
ecu,sex_m,age_ythadult_y15_64,edu_isced97_0,2011,88.768
ecu,sex_m,age_ythadult_y15_64,edu_isced97_0,2012,89.843
ecu,sex_m,age_ythadult_y15_64,edu_isced97_0,2013,90.17
ecu,sex_m,age_ythadult_y15_64,edu_isced97_0,2014,88.746
ecu,sex_m,age_ythadult_y15_64,edu_isced97_0,2015,90.539
ecu,sex_m,age_ythadult_y15_64,edu_isced97_0,2016,91.226
ecu,sex_m,age_ythadult_y15_64,edu_isced97_0,2017,92.215
ecu,sex_m,age_ythadult_y15_64,edu_isced97_0,2018,91.604
ecu,sex_m,age_ythadult_y15_64,edu_isced97_0,2019,91.075
ecu,sex_m,age_ythadult_y15_64,edu_isced97_0,2021,89.799
ecu,sex_m,age_ythadult_y15_64,edu_isced97_0,2022,88.203
ecu,sex_m,age_ythadult_y15_64,edu_isced97_0,2023,88.186
ecu,sex_m,age_ythadult_y15_64,edu_isced97_0,2024,87.122
ecu,sex_m,age_ythadult_y15_64,edu_isced97_1,2000,89.86
ecu,sex_m,age_ythadult_y15_64,edu_isced97_1,2001,91.194
ecu,sex_m,age_ythadult_y15_64,edu_isced97_1,2003,86.084
ecu,sex_m,age_ythadult_y15_64,edu_isced97_1,2004,87.519
ecu,sex_m,age_ythadult_y15_64,edu_isced97_1,2005,86.316
ecu,sex_m,age_ythadult_y15_64,edu_isced97_1,2006,86.89
ecu,sex_m,age_ythadult_y15_64,edu_isced97_1,2007,90.336
ecu,sex_m,age_ythadult_y15_64,edu_isced97_1,2008,89.777
ecu,sex_m,age_ythadult_y15_64,edu_isced97_1,2009,86.884
ecu,sex_m,age_ythadult_y15_64,edu_isced97_1,2010,87.813
ecu,sex_m,age_ythadult_y15_64,edu_isced97_1,2011,87.481
ecu,sex_m,age_ythadult_y15_64,edu_isced97_1,2012,87.95
ecu,sex_m,age_ythadult_y15_64,edu_isced97_1,2013,87.214
ecu,sex_m,age_ythadult_y15_64,edu_isced97_1,2014,88.18
ecu,sex_m,age_ythadult_y15_64,edu_isced97_1,2015,89.024
ecu,sex_m,age_ythadult_y15_64,edu_isced97_1,2016,89.465
ecu,sex_m,age_ythadult_y15_64,edu_isced97_1,2017,90.326
ecu,sex_m,age_ythadult_y15_64,edu_isced97_1,2018,90.111
ecu,sex_m,age_ythadult_y15_64,edu_isced97_1,2019,89.973
ecu,sex_m,age_ythadult_y15_64,edu_isced97_1,2021,89.068
ecu,sex_m,age_ythadult_y15_64,edu_isced97_1,2022,89.261
ecu,sex_m,age_ythadult_y15_64,edu_isced97_1,2023,89.872
ecu,sex_m,age_ythadult_y15_64,edu_isced97_1,2024,89.761
ecu,sex_m,age_ythadult_y15_64,edu_isced97_2,2000,88.44
ecu,sex_m,age_ythadult_y15_64,edu_isced97_2,2001,89.809
ecu,sex_m,age_ythadult_y15_64,edu_isced97_2,2003,71.272
ecu,sex_m,age_ythadult_y15_64,edu_isced97_2,2004,72.836
ecu,sex_m,age_ythadult_y15_64,edu_isced97_2,2005,77.627
ecu,sex_m,age_ythadult_y15_64,edu_isced97_2,2006,81.529
ecu,sex_m,age_ythadult_y15_64,edu_isced97_2,2007,62.341
ecu,sex_m,age_ythadult_y15_64,edu_isced97_2,2008,62.001
ecu,sex_m,age_ythadult_y15_64,edu_isced97_2,2009,58.36
ecu,sex_m,age_ythadult_y15_64,edu_isced97_2,2010,56.285
ecu,sex_m,age_ythadult_y15_64,edu_isced97_2,2011,55.434
ecu,sex_m,age_ythadult_y15_64,edu_isced97_2,2012,55.104
ecu,sex_m,age_ythadult_y15_64,edu_isced97_2,2013,53.872
ecu,sex_m,age_ythadult_y15_64,edu_isced97_2,2014,53.355
ecu,sex_m,age_ythadult_y15_64,edu_isced97_2,2015,56.143
ecu,sex_m,age_ythadult_y15_64,edu_isced97_2,2016,57.072
ecu,sex_m,age_ythadult_y15_64,edu_isced97_2,2017,58.502
ecu,sex_m,age_ythadult_y15_64,edu_isced97_2,2018,55.033
ecu,sex_m,age_ythadult_y15_64,edu_isced97_2,2019,54.254
ecu,sex_m,age_ythadult_y15_64,edu_isced97_2,2021,56.938
ecu,sex_m,age_ythadult_y15_64,edu_isced97_2,2022,53.991
ecu,sex_m,age_ythadult_y15_64,edu_isced97_2,2023,53.55
ecu,sex_m,age_ythadult_y15_64,edu_isced97_2,2024,54.089
ecu,sex_m,age_ythadult_y15_64,edu_isced97_3,2000,68.102
ecu,sex_m,age_ythadult_y15_64,edu_isced97_3,2001,74.035
ecu,sex_m,age_ythadult_y15_64,edu_isced97_3,2003,60.657
ecu,sex_m,age_ythadult_y15_64,edu_isced97_3,2004,64.101
ecu,sex_m,age_ythadult_y15_64,edu_isced97_3,2005,59.509
ecu,sex_m,age_ythadult_y15_64,edu_isced97_3,2006,59.057
ecu,sex_m,age_ythadult_y15_64,edu_isced97_3,2007,80.188
ecu,sex_m,age_ythadult_y15_64,edu_isced97_3,2008,79.365
ecu,sex_m,age_ythadult_y15_64,edu_isced97_3,2009,78.376
ecu,sex_m,age_ythadult_y15_64,edu_isced97_3,2010,76.486
ecu,sex_m,age_ythadult_y15_64,edu_isced97_3,2011,77.981
ecu,sex_m,age_ythadult_y15_64,edu_isced97_3,2012,79.056
ecu,sex_m,age_ythadult_y15_64,edu_isced97_3,2013,78.552
ecu,sex_m,age_ythadult_y15_64,edu_isced97_3,2014,79.568
ecu,sex_m,age_ythadult_y15_64,edu_isced97_3,2015,80.972
ecu,sex_m,age_ythadult_y15_64,edu_isced97_3,2016,80.621
ecu,sex_m,age_ythadult_y15_64,edu_isced97_3,2017,82.094
ecu,sex_m,age_ythadult_y15_64,edu_isced97_3,2018,81.335
ecu,sex_m,age_ythadult_y15_64,edu_isced97_3,2019,80.399
ecu,sex_m,age_ythadult_y15_64,edu_isced97_3,2021,80.906
ecu,sex_m,age_ythadult_y15_64,edu_isced97_3,2022,82.172
ecu,sex_m,age_ythadult_y15_64,edu_isced97_3,2023,82.34
ecu,sex_m,age_ythadult_y15_64,edu_isced97_3,2024,82.473
ecu,sex_m,age_ythadult_y15_64,edu_isced97_4,2003,87.896
ecu,sex_m,age_ythadult_y15_64,edu_isced97_4,2004,90.109
ecu,sex_m,age_ythadult_y15_64,edu_isced97_4,2005,87.913
ecu,sex_m,age_ythadult_y15_64,edu_isced97_4,2006,87.584
ecu,sex_m,age_ythadult_y15_64,edu_isced97_4,2007,89.99
ecu,sex_m,age_ythadult_y15_64,edu_isced97_4,2008,91.185
ecu,sex_m,age_ythadult_y15_64,edu_isced97_4,2009,92.6
ecu,sex_m,age_ythadult_y15_64,edu_isced97_4,2010,87.688
ecu,sex_m,age_ythadult_y15_64,edu_isced97_4,2011,88.723
ecu,sex_m,age_ythadult_y15_64,edu_isced97_4,2012,87.171
ecu,sex_m,age_ythadult_y15_64,edu_isced97_4,2013,93.151
ecu,sex_m,age_ythadult_y15_64,edu_isced97_4,2014,87.749
ecu,sex_m,age_ythadult_y15_64,edu_isced97_4,2015,93.366
ecu,sex_m,age_ythadult_y15_64,edu_isced97_4,2016,91.597
ecu,sex_m,age_ythadult_y15_64,edu_isced97_4,2017,92.144
ecu,sex_m,age_ythadult_y15_64,edu_isced97_4,2018,92.056
ecu,sex_m,age_ythadult_y15_64,edu_isced97_4,2019,91.582
ecu,sex_m,age_ythadult_y15_64,edu_isced97_4,2021,87.505
ecu,sex_m,age_ythadult_y15_64,edu_isced97_4,2022,89.754
ecu,sex_m,age_ythadult_y15_64,edu_isced97_4,2023,89.466
ecu,sex_m,age_ythadult_y15_64,edu_isced97_4,2024,89.122
ecu,sex_m,age_ythadult_y15_64,edu_isced97_5,2000,86.269
ecu,sex_m,age_ythadult_y15_64,edu_isced97_5,2001,86.601
ecu,sex_m,age_ythadult_y15_64,edu_isced97_5,2003,85.063
ecu,sex_m,age_ythadult_y15_64,edu_isced97_5,2004,85.759
ecu,sex_m,age_ythadult_y15_64,edu_isced97_5,2005,87.427
ecu,sex_m,age_ythadult_y15_64,edu_isced97_5,2006,88.146
ecu,sex_m,age_ythadult_y15_64,edu_isced97_5,2007,86.718
ecu,sex_m,age_ythadult_y15_64,edu_isced97_5,2008,86.791
ecu,sex_m,age_ythadult_y15_64,edu_isced97_5,2009,81.213
ecu,sex_m,age_ythadult_y15_64,edu_isced97_5,2010,81.585
ecu,sex_m,age_ythadult_y15_64,edu_isced97_5,2011,84.221
ecu,sex_m,age_ythadult_y15_64,edu_isced97_5,2012,83.375
ecu,sex_m,age_ythadult_y15_64,edu_isced97_5,2013,84.086
ecu,sex_m,age_ythadult_y15_64,edu_isced97_5,2014,84.004
ecu,sex_m,age_ythadult_y15_64,edu_isced97_5,2015,84.975
ecu,sex_m,age_ythadult_y15_64,edu_isced97_5,2016,83.864
ecu,sex_m,age_ythadult_y15_64,edu_isced97_5,2017,84.818
ecu,sex_m,age_ythadult_y15_64,edu_isced97_5,2018,83.545
ecu,sex_m,age_ythadult_y15_64,edu_isced97_5,2019,82.384
ecu,sex_m,age_ythadult_y15_64,edu_isced97_5,2021,81.012
ecu,sex_m,age_ythadult_y15_64,edu_isced97_5,2022,83.217
ecu,sex_m,age_ythadult_y15_64,edu_isced97_5,2023,81.504
ecu,sex_m,age_ythadult_y15_64,edu_isced97_5,2024,81.838
ecu,sex_m,age_ythadult_y15_64,edu_isced97_6,2001,92.915
ecu,sex_m,age_ythadult_y15_64,edu_isced97_6,2004,97.387
ecu,sex_m,age_ythadult_y15_64,edu_isced97_6,2007,97.926
ecu,sex_m,age_ythadult_y15_64,edu_isced97_6,2008,95.92
ecu,sex_m,age_ythadult_y15_64,edu_isced97_6,2009,96.812
ecu,sex_m,age_ythadult_y15_64,edu_isced97_6,2010,94.086
ecu,sex_m,age_ythadult_y15_64,edu_isced97_6,2011,92.706
ecu,sex_m,age_ythadult_y15_64,edu_isced97_6,2012,95.585
ecu,sex_m,age_ythadult_y15_64,edu_isced97_6,2013,98.382
ecu,sex_m,age_ythadult_y15_64,edu_isced97_6,2014,96.51
ecu,sex_m,age_ythadult_y15_64,edu_isced97_6,2015,94.669
ecu,sex_m,age_ythadult_y15_64,edu_isced97_6,2016,94.102
ecu,sex_m,age_ythadult_y15_64,edu_isced97_6,2018,93.08
ecu,sex_m,age_ythadult_y15_64,edu_isced97_6,2019,92.302
ecu,sex_m,age_ythadult_y15_64,edu_isced97_6,2021,92.011
ecu,sex_m,age_ythadult_y15_64,edu_isced97_6,2022,92.576
ecu,sex_m,age_ythadult_y15_64,edu_isced97_6,2023,93.065
ecu,sex_m,age_ythadult_y15_64,edu_isced97_6,2024,92.399
ecu,sex_m,age_ythadult_y15_64,edu_isced97_total,2000,80.985
ecu,sex_m,age_ythadult_y15_64,edu_isced97_total,2001,83.4
ecu,sex_m,age_ythadult_y15_64,edu_isced97_total,2003,79.73
ecu,sex_m,age_ythadult_y15_64,edu_isced97_total,2004,81.35
ecu,sex_m,age_ythadult_y15_64,edu_isced97_total,2005,82.408
ecu,sex_m,age_ythadult_y15_64,edu_isced97_total,2006,83.766
ecu,sex_m,age_ythadult_y15_64,edu_isced97_total,2007,82.69
ecu,sex_m,age_ythadult_y15_64,edu_isced97_total,2008,81.887
ecu,sex_m,age_ythadult_y15_64,edu_isced97_total,2009,79.193
ecu,sex_m,age_ythadult_y15_64,edu_isced97_total,2010,78.619
ecu,sex_m,age_ythadult_y15_64,edu_isced97_total,2011,78.634
ecu,sex_m,age_ythadult_y15_64,edu_isced97_total,2012,78.937
ecu,sex_m,age_ythadult_y15_64,edu_isced97_total,2013,78.422
ecu,sex_m,age_ythadult_y15_64,edu_isced97_total,2014,78.871
ecu,sex_m,age_ythadult_y15_64,edu_isced97_total,2015,80.115
ecu,sex_m,age_ythadult_y15_64,edu_isced97_total,2016,79.971
ecu,sex_m,age_ythadult_y15_64,edu_isced97_total,2017,80.792
ecu,sex_m,age_ythadult_y15_64,edu_isced97_total,2018,79.955
ecu,sex_m,age_ythadult_y15_64,edu_isced97_total,2019,79.191
ecu,sex_m,age_ythadult_y15_64,edu_isced97_total,2021,79.081
ecu,sex_m,age_ythadult_y15_64,edu_isced97_total,2022,79.192
ecu,sex_m,age_ythadult_y15_64,edu_isced97_total,2023,79.431
ecu,sex_m,age_ythadult_y15_64,edu_isced97_total,2024,79.219
ecu,sex_m,age_ythadult_y15_64,edu_isced97_unk,2001,62.355
ecu,sex_m,age_ythadult_y15_64,edu_isced97_unk,2007,100
ecu,sex_m,age_ythadult_y15_64,edu_isced97_unk,2015,83.071
ecu,sex_m,age_ythadult_y15_64,edu_isced97_unk,2016,85.073
ecu,sex_m,age_ythadult_y15_64,edu_isced97_unk,2017,74.627
ecu,sex_m,age_ythadult_y15_64,edu_isced97_unk,2018,81.707
ecu,sex_m,age_ythadult_y15_64,edu_isced97_unk,2019,82.981
ecu,sex_m,age_ythadult_y15_64,edu_isced97_unk,2021,85.571
ecu,sex_m,age_ythadult_y15_64,edu_isced97_unk,2023,98.096
ecu,sex_m,age_ythadult_y15_64,edu_isced97_x,2000,84.701
ecu,sex_m,age_ythadult_y15_64,edu_isced97_x,2001,85.097
ecu,sex_m,age_ythadult_y15_64,edu_isced97_x,2003,79.851
ecu,sex_m,age_ythadult_y15_64,edu_isced97_x,2004,80.899
ecu,sex_m,age_ythadult_y15_64,edu_isced97_x,2005,84.645
ecu,sex_m,age_ythadult_y15_64,edu_isced97_x,2006,86.309
ecu,sex_m,age_ythadult_y15_64,edu_isced97_x,2007,80.125
ecu,sex_m,age_ythadult_y15_64,edu_isced97_x,2008,78.452
ecu,sex_m,age_ythadult_y15_64,edu_isced97_x,2009,75.853
ecu,sex_m,age_ythadult_y15_64,edu_isced97_x,2010,76.55
ecu,sex_m,age_ythadult_y15_64,edu_isced97_x,2011,75.621
ecu,sex_m,age_ythadult_y15_64,edu_isced97_x,2012,74.662
ecu,sex_m,age_ythadult_y15_64,edu_isced97_x,2013,74.171
ecu,sex_m,age_ythadult_y15_64,edu_isced97_x,2014,75.349
ecu,sex_m,age_ythadult_y15_64,edu_isced97_x,2015,74.633
ecu,sex_m,age_ythadult_y15_64,edu_isced97_x,2016,71.699
ecu,sex_m,age_ythadult_y15_64,edu_isced97_x,2017,73.885
ecu,sex_m,age_ythadult_y15_64,edu_isced97_x,2018,76.338
ecu,sex_m,age_ythadult_y15_64,edu_isced97_x,2019,75.447
ecu,sex_m,age_ythadult_y15_64,edu_isced97_x,2021,67.691
ecu,sex_m,age_ythadult_y15_64,edu_isced97_x,2022,62.677
ecu,sex_m,age_ythadult_y15_64,edu_isced97_x,2023,69.36
ecu,sex_m,age_ythadult_y15_64,edu_isced97_x,2024,63.67
ecu,sex_m,age_ythadult_yge15,edu_aggregate_adv,2000,83.973
ecu,sex_m,age_ythadult_yge15,edu_aggregate_adv,2001,85.324
ecu,sex_m,age_ythadult_yge15,edu_aggregate_adv,2003,84.374
ecu,sex_m,age_ythadult_yge15,edu_aggregate_adv,2004,85.222
ecu,sex_m,age_ythadult_yge15,edu_aggregate_adv,2005,86.732
ecu,sex_m,age_ythadult_yge15,edu_aggregate_adv,2006,87.375
ecu,sex_m,age_ythadult_yge15,edu_aggregate_adv,2007,85.64
ecu,sex_m,age_ythadult_yge15,edu_aggregate_adv,2008,85.633
ecu,sex_m,age_ythadult_yge15,edu_aggregate_adv,2009,80.848
ecu,sex_m,age_ythadult_yge15,edu_aggregate_adv,2010,80.606
ecu,sex_m,age_ythadult_yge15,edu_aggregate_adv,2011,81.865
ecu,sex_m,age_ythadult_yge15,edu_aggregate_adv,2012,81.363
ecu,sex_m,age_ythadult_yge15,edu_aggregate_adv,2013,81.886
ecu,sex_m,age_ythadult_yge15,edu_aggregate_adv,2014,81.82
ecu,sex_m,age_ythadult_yge15,edu_aggregate_adv,2015,83.144
ecu,sex_m,age_ythadult_yge15,edu_aggregate_adv,2016,81.611
ecu,sex_m,age_ythadult_yge15,edu_aggregate_adv,2017,82.166
ecu,sex_m,age_ythadult_yge15,edu_aggregate_adv,2018,80.497
ecu,sex_m,age_ythadult_yge15,edu_aggregate_adv,2019,78.931
ecu,sex_m,age_ythadult_yge15,edu_aggregate_adv,2021,77.473
ecu,sex_m,age_ythadult_yge15,edu_aggregate_adv,2022,79.08
ecu,sex_m,age_ythadult_yge15,edu_aggregate_adv,2023,77.463
ecu,sex_m,age_ythadult_yge15,edu_aggregate_adv,2024,78.144
ecu,sex_m,age_ythadult_yge15,edu_aggregate_bas,2000,85.602
ecu,sex_m,age_ythadult_yge15,edu_aggregate_bas,2001,87.214
ecu,sex_m,age_ythadult_yge15,edu_aggregate_bas,2003,77.845
ecu,sex_m,age_ythadult_yge15,edu_aggregate_bas,2004,79.24
ecu,sex_m,age_ythadult_yge15,edu_aggregate_bas,2005,80.378
ecu,sex_m,age_ythadult_yge15,edu_aggregate_bas,2006,82.437
ecu,sex_m,age_ythadult_yge15,edu_aggregate_bas,2007,78.602
ecu,sex_m,age_ythadult_yge15,edu_aggregate_bas,2008,77.805
ecu,sex_m,age_ythadult_yge15,edu_aggregate_bas,2009,74.501
ecu,sex_m,age_ythadult_yge15,edu_aggregate_bas,2010,73.65
ecu,sex_m,age_ythadult_yge15,edu_aggregate_bas,2011,72.485
ecu,sex_m,age_ythadult_yge15,edu_aggregate_bas,2012,72.996
ecu,sex_m,age_ythadult_yge15,edu_aggregate_bas,2013,71.965
ecu,sex_m,age_ythadult_yge15,edu_aggregate_bas,2014,73.178
ecu,sex_m,age_ythadult_yge15,edu_aggregate_bas,2015,74.708
ecu,sex_m,age_ythadult_yge15,edu_aggregate_bas,2016,74.975
ecu,sex_m,age_ythadult_yge15,edu_aggregate_bas,2017,75.303
ecu,sex_m,age_ythadult_yge15,edu_aggregate_bas,2018,73.684
ecu,sex_m,age_ythadult_yge15,edu_aggregate_bas,2019,72.738
ecu,sex_m,age_ythadult_yge15,edu_aggregate_bas,2021,72.697
ecu,sex_m,age_ythadult_yge15,edu_aggregate_bas,2022,71.576
ecu,sex_m,age_ythadult_yge15,edu_aggregate_bas,2023,71.281
ecu,sex_m,age_ythadult_yge15,edu_aggregate_bas,2024,71.053
ecu,sex_m,age_ythadult_yge15,edu_aggregate_int,2000,67.132
ecu,sex_m,age_ythadult_yge15,edu_aggregate_int,2001,73.445
ecu,sex_m,age_ythadult_yge15,edu_aggregate_int,2003,63.008
ecu,sex_m,age_ythadult_yge15,edu_aggregate_int,2004,66.125
ecu,sex_m,age_ythadult_yge15,edu_aggregate_int,2005,62.046
ecu,sex_m,age_ythadult_yge15,edu_aggregate_int,2006,61.15
ecu,sex_m,age_ythadult_yge15,edu_aggregate_int,2007,78.766
ecu,sex_m,age_ythadult_yge15,edu_aggregate_int,2008,78.239
ecu,sex_m,age_ythadult_yge15,edu_aggregate_int,2009,76.818
ecu,sex_m,age_ythadult_yge15,edu_aggregate_int,2010,75.161
ecu,sex_m,age_ythadult_yge15,edu_aggregate_int,2011,76.692
ecu,sex_m,age_ythadult_yge15,edu_aggregate_int,2012,77.218
ecu,sex_m,age_ythadult_yge15,edu_aggregate_int,2013,77.075
ecu,sex_m,age_ythadult_yge15,edu_aggregate_int,2014,78.489
ecu,sex_m,age_ythadult_yge15,edu_aggregate_int,2015,80.261
ecu,sex_m,age_ythadult_yge15,edu_aggregate_int,2016,79.641
ecu,sex_m,age_ythadult_yge15,edu_aggregate_int,2017,81.253
ecu,sex_m,age_ythadult_yge15,edu_aggregate_int,2018,80.381
ecu,sex_m,age_ythadult_yge15,edu_aggregate_int,2019,79.132
ecu,sex_m,age_ythadult_yge15,edu_aggregate_int,2021,79.463
ecu,sex_m,age_ythadult_yge15,edu_aggregate_int,2022,80.787
ecu,sex_m,age_ythadult_yge15,edu_aggregate_int,2023,80.84
ecu,sex_m,age_ythadult_yge15,edu_aggregate_int,2024,80.913
ecu,sex_m,age_ythadult_yge15,edu_aggregate_ltb,2000,77.389
ecu,sex_m,age_ythadult_yge15,edu_aggregate_ltb,2001,78.732
ecu,sex_m,age_ythadult_yge15,edu_aggregate_ltb,2003,75.655
ecu,sex_m,age_ythadult_yge15,edu_aggregate_ltb,2004,76.972
ecu,sex_m,age_ythadult_yge15,edu_aggregate_ltb,2005,78.57
ecu,sex_m,age_ythadult_yge15,edu_aggregate_ltb,2006,78.294
ecu,sex_m,age_ythadult_yge15,edu_aggregate_ltb,2007,81.095
ecu,sex_m,age_ythadult_yge15,edu_aggregate_ltb,2008,78.976
ecu,sex_m,age_ythadult_yge15,edu_aggregate_ltb,2009,75.805
ecu,sex_m,age_ythadult_yge15,edu_aggregate_ltb,2010,75.848
ecu,sex_m,age_ythadult_yge15,edu_aggregate_ltb,2011,74.18
ecu,sex_m,age_ythadult_yge15,edu_aggregate_ltb,2012,73.606
ecu,sex_m,age_ythadult_yge15,edu_aggregate_ltb,2013,74.046
ecu,sex_m,age_ythadult_yge15,edu_aggregate_ltb,2014,74.228
ecu,sex_m,age_ythadult_yge15,edu_aggregate_ltb,2015,77.367
ecu,sex_m,age_ythadult_yge15,edu_aggregate_ltb,2016,77.621
ecu,sex_m,age_ythadult_yge15,edu_aggregate_ltb,2017,77.379
ecu,sex_m,age_ythadult_yge15,edu_aggregate_ltb,2018,76.566
ecu,sex_m,age_ythadult_yge15,edu_aggregate_ltb,2019,74.819
ecu,sex_m,age_ythadult_yge15,edu_aggregate_ltb,2021,69.84
ecu,sex_m,age_ythadult_yge15,edu_aggregate_ltb,2022,67.576
ecu,sex_m,age_ythadult_yge15,edu_aggregate_ltb,2023,67.67
ecu,sex_m,age_ythadult_yge15,edu_aggregate_ltb,2024,66.322
ecu,sex_m,age_ythadult_yge15,edu_aggregate_total,2000,78.432
ecu,sex_m,age_ythadult_yge15,edu_aggregate_total,2001,81.264
ecu,sex_m,age_ythadult_yge15,edu_aggregate_total,2003,77.51
ecu,sex_m,age_ythadult_yge15,edu_aggregate_total,2004,79.014
ecu,sex_m,age_ythadult_yge15,edu_aggregate_total,2005,79.83
ecu,sex_m,age_ythadult_yge15,edu_aggregate_total,2006,81.173
ecu,sex_m,age_ythadult_yge15,edu_aggregate_total,2007,79.984
ecu,sex_m,age_ythadult_yge15,edu_aggregate_total,2008,79.051
ecu,sex_m,age_ythadult_yge15,edu_aggregate_total,2009,76.035
ecu,sex_m,age_ythadult_yge15,edu_aggregate_total,2010,75.305
ecu,sex_m,age_ythadult_yge15,edu_aggregate_total,2011,74.984
ecu,sex_m,age_ythadult_yge15,edu_aggregate_total,2012,75.274
ecu,sex_m,age_ythadult_yge15,edu_aggregate_total,2013,74.896
ecu,sex_m,age_ythadult_yge15,edu_aggregate_total,2014,75.861
ecu,sex_m,age_ythadult_yge15,edu_aggregate_total,2015,77.637
ecu,sex_m,age_ythadult_yge15,edu_aggregate_total,2016,77.51
ecu,sex_m,age_ythadult_yge15,edu_aggregate_total,2017,78.192
ecu,sex_m,age_ythadult_yge15,edu_aggregate_total,2018,76.966
ecu,sex_m,age_ythadult_yge15,edu_aggregate_total,2019,75.801
ecu,sex_m,age_ythadult_yge15,edu_aggregate_total,2021,75.316
ecu,sex_m,age_ythadult_yge15,edu_aggregate_total,2022,75.326
ecu,sex_m,age_ythadult_yge15,edu_aggregate_total,2023,75.059
ecu,sex_m,age_ythadult_yge15,edu_aggregate_total,2024,74.94
ecu,sex_m,age_ythadult_yge15,edu_aggregate_x,2001,52.256
ecu,sex_m,age_ythadult_yge15,edu_aggregate_x,2007,93.211
ecu,sex_m,age_ythadult_yge15,edu_aggregate_x,2008,100
ecu,sex_m,age_ythadult_yge15,edu_aggregate_x,2015,58.827
ecu,sex_m,age_ythadult_yge15,edu_aggregate_x,2016,84.646
ecu,sex_m,age_ythadult_yge15,edu_aggregate_x,2017,71.571
ecu,sex_m,age_ythadult_yge15,edu_aggregate_x,2018,79.77
ecu,sex_m,age_ythadult_yge15,edu_aggregate_x,2019,79.753
ecu,sex_m,age_ythadult_yge15,edu_aggregate_x,2021,76.631
ecu,sex_m,age_ythadult_yge15,edu_aggregate_x,2022,67.899
ecu,sex_m,age_ythadult_yge15,edu_aggregate_x,2023,88.35
ecu,sex_m,age_ythadult_yge15,edu_aggregate_x,2024,84.629
ecu,sex_m,age_ythadult_yge15,edu_isced97_0,2000,80.932
ecu,sex_m,age_ythadult_yge15,edu_isced97_0,2001,83.476
ecu,sex_m,age_ythadult_yge15,edu_isced97_0,2003,79.213
ecu,sex_m,age_ythadult_yge15,edu_isced97_0,2004,81.691
ecu,sex_m,age_ythadult_yge15,edu_isced97_0,2005,82.536
ecu,sex_m,age_ythadult_yge15,edu_isced97_0,2006,82.515
ecu,sex_m,age_ythadult_yge15,edu_isced97_0,2007,84.944
ecu,sex_m,age_ythadult_yge15,edu_isced97_0,2008,83.161
ecu,sex_m,age_ythadult_yge15,edu_isced97_0,2009,79.878
ecu,sex_m,age_ythadult_yge15,edu_isced97_0,2010,80.481
ecu,sex_m,age_ythadult_yge15,edu_isced97_0,2011,77.906
ecu,sex_m,age_ythadult_yge15,edu_isced97_0,2012,77.797
ecu,sex_m,age_ythadult_yge15,edu_isced97_0,2013,78.727
ecu,sex_m,age_ythadult_yge15,edu_isced97_0,2014,78.18
ecu,sex_m,age_ythadult_yge15,edu_isced97_0,2015,81.592
ecu,sex_m,age_ythadult_yge15,edu_isced97_0,2016,82.688
ecu,sex_m,age_ythadult_yge15,edu_isced97_0,2017,82.256
ecu,sex_m,age_ythadult_yge15,edu_isced97_0,2018,80.537
ecu,sex_m,age_ythadult_yge15,edu_isced97_0,2019,79.183
ecu,sex_m,age_ythadult_yge15,edu_isced97_0,2021,75.326
ecu,sex_m,age_ythadult_yge15,edu_isced97_0,2022,73.051
ecu,sex_m,age_ythadult_yge15,edu_isced97_0,2023,72.723
ecu,sex_m,age_ythadult_yge15,edu_isced97_0,2024,72.688
ecu,sex_m,age_ythadult_yge15,edu_isced97_1,2000,84.065
ecu,sex_m,age_ythadult_yge15,edu_isced97_1,2001,86.054
ecu,sex_m,age_ythadult_yge15,edu_isced97_1,2003,83.01
ecu,sex_m,age_ythadult_yge15,edu_isced97_1,2004,84.245
ecu,sex_m,age_ythadult_yge15,edu_isced97_1,2005,82.967
ecu,sex_m,age_ythadult_yge15,edu_isced97_1,2006,83.85
ecu,sex_m,age_ythadult_yge15,edu_isced97_1,2007,87.032
ecu,sex_m,age_ythadult_yge15,edu_isced97_1,2008,86.09
ecu,sex_m,age_ythadult_yge15,edu_isced97_1,2009,82.882
ecu,sex_m,age_ythadult_yge15,edu_isced97_1,2010,83.306
ecu,sex_m,age_ythadult_yge15,edu_isced97_1,2011,81.825
ecu,sex_m,age_ythadult_yge15,edu_isced97_1,2012,82.886
ecu,sex_m,age_ythadult_yge15,edu_isced97_1,2013,82.329
ecu,sex_m,age_ythadult_yge15,edu_isced97_1,2014,84.033
ecu,sex_m,age_ythadult_yge15,edu_isced97_1,2015,85.225
ecu,sex_m,age_ythadult_yge15,edu_isced97_1,2016,85.851
ecu,sex_m,age_ythadult_yge15,edu_isced97_1,2017,86.282
ecu,sex_m,age_ythadult_yge15,edu_isced97_1,2018,85.049
ecu,sex_m,age_ythadult_yge15,edu_isced97_1,2019,84.324
ecu,sex_m,age_ythadult_yge15,edu_isced97_1,2021,82.94
ecu,sex_m,age_ythadult_yge15,edu_isced97_1,2022,82.954
ecu,sex_m,age_ythadult_yge15,edu_isced97_1,2023,82.445
ecu,sex_m,age_ythadult_yge15,edu_isced97_1,2024,82.197
ecu,sex_m,age_ythadult_yge15,edu_isced97_2,2000,86.016
ecu,sex_m,age_ythadult_yge15,edu_isced97_2,2001,87.54
ecu,sex_m,age_ythadult_yge15,edu_isced97_2,2003,70.29
ecu,sex_m,age_ythadult_yge15,edu_isced97_2,2004,71.807
ecu,sex_m,age_ythadult_yge15,edu_isced97_2,2005,76.268
ecu,sex_m,age_ythadult_yge15,edu_isced97_2,2006,80.185
ecu,sex_m,age_ythadult_yge15,edu_isced97_2,2007,61.807
ecu,sex_m,age_ythadult_yge15,edu_isced97_2,2008,61.641
ecu,sex_m,age_ythadult_yge15,edu_isced97_2,2009,57.89
ecu,sex_m,age_ythadult_yge15,edu_isced97_2,2010,55.75
ecu,sex_m,age_ythadult_yge15,edu_isced97_2,2011,54.882
ecu,sex_m,age_ythadult_yge15,edu_isced97_2,2012,54.576
ecu,sex_m,age_ythadult_yge15,edu_isced97_2,2013,53.356
ecu,sex_m,age_ythadult_yge15,edu_isced97_2,2014,53.237
ecu,sex_m,age_ythadult_yge15,edu_isced97_2,2015,56.057
ecu,sex_m,age_ythadult_yge15,edu_isced97_2,2016,56.989
ecu,sex_m,age_ythadult_yge15,edu_isced97_2,2017,58.333
ecu,sex_m,age_ythadult_yge15,edu_isced97_2,2018,54.818
ecu,sex_m,age_ythadult_yge15,edu_isced97_2,2019,53.959
ecu,sex_m,age_ythadult_yge15,edu_isced97_2,2021,56.642
ecu,sex_m,age_ythadult_yge15,edu_isced97_2,2022,53.692
ecu,sex_m,age_ythadult_yge15,edu_isced97_2,2023,53.133
ecu,sex_m,age_ythadult_yge15,edu_isced97_2,2024,53.688
ecu,sex_m,age_ythadult_yge15,edu_isced97_3,2000,67.132
ecu,sex_m,age_ythadult_yge15,edu_isced97_3,2001,73.445
ecu,sex_m,age_ythadult_yge15,edu_isced97_3,2003,60.342
ecu,sex_m,age_ythadult_yge15,edu_isced97_3,2004,63.951
ecu,sex_m,age_ythadult_yge15,edu_isced97_3,2005,59.476
ecu,sex_m,age_ythadult_yge15,edu_isced97_3,2006,59.141
ecu,sex_m,age_ythadult_yge15,edu_isced97_3,2007,78.617
ecu,sex_m,age_ythadult_yge15,edu_isced97_3,2008,78.114
ecu,sex_m,age_ythadult_yge15,edu_isced97_3,2009,76.67
ecu,sex_m,age_ythadult_yge15,edu_isced97_3,2010,75.036
ecu,sex_m,age_ythadult_yge15,edu_isced97_3,2011,76.524
ecu,sex_m,age_ythadult_yge15,edu_isced97_3,2012,77.074
ecu,sex_m,age_ythadult_yge15,edu_isced97_3,2013,76.779
ecu,sex_m,age_ythadult_yge15,edu_isced97_3,2014,78.31
ecu,sex_m,age_ythadult_yge15,edu_isced97_3,2015,79.916
ecu,sex_m,age_ythadult_yge15,edu_isced97_3,2016,79.25
ecu,sex_m,age_ythadult_yge15,edu_isced97_3,2017,80.886
ecu,sex_m,age_ythadult_yge15,edu_isced97_3,2018,80.014
ecu,sex_m,age_ythadult_yge15,edu_isced97_3,2019,78.705
ecu,sex_m,age_ythadult_yge15,edu_isced97_3,2021,79.148
ecu,sex_m,age_ythadult_yge15,edu_isced97_3,2022,80.429
ecu,sex_m,age_ythadult_yge15,edu_isced97_3,2023,80.488
ecu,sex_m,age_ythadult_yge15,edu_isced97_3,2024,80.541
ecu,sex_m,age_ythadult_yge15,edu_isced97_4,2003,85.13
ecu,sex_m,age_ythadult_yge15,edu_isced97_4,2004,88.932
ecu,sex_m,age_ythadult_yge15,edu_isced97_4,2005,85.909
ecu,sex_m,age_ythadult_yge15,edu_isced97_4,2006,85.615
ecu,sex_m,age_ythadult_yge15,edu_isced97_4,2007,89.255
ecu,sex_m,age_ythadult_yge15,edu_isced97_4,2008,88.337
ecu,sex_m,age_ythadult_yge15,edu_isced97_4,2009,90.436
ecu,sex_m,age_ythadult_yge15,edu_isced97_4,2010,81.449
ecu,sex_m,age_ythadult_yge15,edu_isced97_4,2011,85.74
ecu,sex_m,age_ythadult_yge15,edu_isced97_4,2012,86.621
ecu,sex_m,age_ythadult_yge15,edu_isced97_4,2013,91.15
ecu,sex_m,age_ythadult_yge15,edu_isced97_4,2014,86.581
ecu,sex_m,age_ythadult_yge15,edu_isced97_4,2015,92.195
ecu,sex_m,age_ythadult_yge15,edu_isced97_4,2016,90.512
ecu,sex_m,age_ythadult_yge15,edu_isced97_4,2017,90.967
ecu,sex_m,age_ythadult_yge15,edu_isced97_4,2018,90.622
ecu,sex_m,age_ythadult_yge15,edu_isced97_4,2019,89.793
ecu,sex_m,age_ythadult_yge15,edu_isced97_4,2021,86.683
ecu,sex_m,age_ythadult_yge15,edu_isced97_4,2022,88.856
ecu,sex_m,age_ythadult_yge15,edu_isced97_4,2023,87.494
ecu,sex_m,age_ythadult_yge15,edu_isced97_4,2024,87.676
ecu,sex_m,age_ythadult_yge15,edu_isced97_5,2000,83.973
ecu,sex_m,age_ythadult_yge15,edu_isced97_5,2001,84.854
ecu,sex_m,age_ythadult_yge15,edu_isced97_5,2003,83.8
ecu,sex_m,age_ythadult_yge15,edu_isced97_5,2004,84.678
ecu,sex_m,age_ythadult_yge15,edu_isced97_5,2005,86.307
ecu,sex_m,age_ythadult_yge15,edu_isced97_5,2006,86.769
ecu,sex_m,age_ythadult_yge15,edu_isced97_5,2007,84.939
ecu,sex_m,age_ythadult_yge15,edu_isced97_5,2008,84.993
ecu,sex_m,age_ythadult_yge15,edu_isced97_5,2009,79.762
ecu,sex_m,age_ythadult_yge15,edu_isced97_5,2010,79.721
ecu,sex_m,age_ythadult_yge15,edu_isced97_5,2011,81.462
ecu,sex_m,age_ythadult_yge15,edu_isced97_5,2012,80.67
ecu,sex_m,age_ythadult_yge15,edu_isced97_5,2013,80.997
ecu,sex_m,age_ythadult_yge15,edu_isced97_5,2014,80.983
ecu,sex_m,age_ythadult_yge15,edu_isced97_5,2015,82.405
ecu,sex_m,age_ythadult_yge15,edu_isced97_5,2016,80.652
ecu,sex_m,age_ythadult_yge15,edu_isced97_5,2017,81.574
ecu,sex_m,age_ythadult_yge15,edu_isced97_5,2018,79.759
ecu,sex_m,age_ythadult_yge15,edu_isced97_5,2019,78.178
ecu,sex_m,age_ythadult_yge15,edu_isced97_5,2021,76.504
ecu,sex_m,age_ythadult_yge15,edu_isced97_5,2022,78.371
ecu,sex_m,age_ythadult_yge15,edu_isced97_5,2023,76.414
ecu,sex_m,age_ythadult_yge15,edu_isced97_5,2024,77.074
ecu,sex_m,age_ythadult_yge15,edu_isced97_6,2001,93.019
ecu,sex_m,age_ythadult_yge15,edu_isced97_6,2003,95.526
ecu,sex_m,age_ythadult_yge15,edu_isced97_6,2004,93.404
ecu,sex_m,age_ythadult_yge15,edu_isced97_6,2005,94.091
ecu,sex_m,age_ythadult_yge15,edu_isced97_6,2006,96.597
ecu,sex_m,age_ythadult_yge15,edu_isced97_6,2007,94.766
ecu,sex_m,age_ythadult_yge15,edu_isced97_6,2008,93.564
ecu,sex_m,age_ythadult_yge15,edu_isced97_6,2009,94.006
ecu,sex_m,age_ythadult_yge15,edu_isced97_6,2010,89.904
ecu,sex_m,age_ythadult_yge15,edu_isced97_6,2011,87.938
ecu,sex_m,age_ythadult_yge15,edu_isced97_6,2012,92.516
ecu,sex_m,age_ythadult_yge15,edu_isced97_6,2013,93.627
ecu,sex_m,age_ythadult_yge15,edu_isced97_6,2014,90.799
ecu,sex_m,age_ythadult_yge15,edu_isced97_6,2015,90.954
ecu,sex_m,age_ythadult_yge15,edu_isced97_6,2016,90.238
ecu,sex_m,age_ythadult_yge15,edu_isced97_6,2017,87.425
ecu,sex_m,age_ythadult_yge15,edu_isced97_6,2018,87.235
ecu,sex_m,age_ythadult_yge15,edu_isced97_6,2019,85.529
ecu,sex_m,age_ythadult_yge15,edu_isced97_6,2021,84.52
ecu,sex_m,age_ythadult_yge15,edu_isced97_6,2022,84.044
ecu,sex_m,age_ythadult_yge15,edu_isced97_6,2023,84.649
ecu,sex_m,age_ythadult_yge15,edu_isced97_6,2024,85.134
ecu,sex_m,age_ythadult_yge15,edu_isced97_total,2000,78.432
ecu,sex_m,age_ythadult_yge15,edu_isced97_total,2001,81.264
ecu,sex_m,age_ythadult_yge15,edu_isced97_total,2003,77.51
ecu,sex_m,age_ythadult_yge15,edu_isced97_total,2004,79.014
ecu,sex_m,age_ythadult_yge15,edu_isced97_total,2005,79.83
ecu,sex_m,age_ythadult_yge15,edu_isced97_total,2006,81.173
ecu,sex_m,age_ythadult_yge15,edu_isced97_total,2007,79.984
ecu,sex_m,age_ythadult_yge15,edu_isced97_total,2008,79.051
ecu,sex_m,age_ythadult_yge15,edu_isced97_total,2009,76.035
ecu,sex_m,age_ythadult_yge15,edu_isced97_total,2010,75.305
ecu,sex_m,age_ythadult_yge15,edu_isced97_total,2011,74.984
ecu,sex_m,age_ythadult_yge15,edu_isced97_total,2012,75.274
ecu,sex_m,age_ythadult_yge15,edu_isced97_total,2013,74.896
ecu,sex_m,age_ythadult_yge15,edu_isced97_total,2014,75.861
ecu,sex_m,age_ythadult_yge15,edu_isced97_total,2015,77.637
ecu,sex_m,age_ythadult_yge15,edu_isced97_total,2016,77.51
ecu,sex_m,age_ythadult_yge15,edu_isced97_total,2017,78.192
ecu,sex_m,age_ythadult_yge15,edu_isced97_total,2018,76.966
ecu,sex_m,age_ythadult_yge15,edu_isced97_total,2019,75.801
ecu,sex_m,age_ythadult_yge15,edu_isced97_total,2021,75.316
ecu,sex_m,age_ythadult_yge15,edu_isced97_total,2022,75.326
ecu,sex_m,age_ythadult_yge15,edu_isced97_total,2023,75.059
ecu,sex_m,age_ythadult_yge15,edu_isced97_total,2024,74.94
ecu,sex_m,age_ythadult_yge15,edu_isced97_unk,2001,52.256
ecu,sex_m,age_ythadult_yge15,edu_isced97_unk,2007,93.211
ecu,sex_m,age_ythadult_yge15,edu_isced97_unk,2008,100
ecu,sex_m,age_ythadult_yge15,edu_isced97_unk,2015,58.827
ecu,sex_m,age_ythadult_yge15,edu_isced97_unk,2016,84.646
ecu,sex_m,age_ythadult_yge15,edu_isced97_unk,2017,71.571
ecu,sex_m,age_ythadult_yge15,edu_isced97_unk,2018,79.77
ecu,sex_m,age_ythadult_yge15,edu_isced97_unk,2019,79.753
ecu,sex_m,age_ythadult_yge15,edu_isced97_unk,2021,76.631
ecu,sex_m,age_ythadult_yge15,edu_isced97_unk,2022,67.899
ecu,sex_m,age_ythadult_yge15,edu_isced97_unk,2023,88.35
ecu,sex_m,age_ythadult_yge15,edu_isced97_unk,2024,84.629
ecu,sex_m,age_ythadult_yge15,edu_isced97_x,2000,75.367
ecu,sex_m,age_ythadult_yge15,edu_isced97_x,2001,74.258
ecu,sex_m,age_ythadult_yge15,edu_isced97_x,2003,73.043
ecu,sex_m,age_ythadult_yge15,edu_isced97_x,2004,73.171
ecu,sex_m,age_ythadult_yge15,edu_isced97_x,2005,75.72
ecu,sex_m,age_ythadult_yge15,edu_isced97_x,2006,74.889
ecu,sex_m,age_ythadult_yge15,edu_isced97_x,2007,71.249
ecu,sex_m,age_ythadult_yge15,edu_isced97_x,2008,68.41
ecu,sex_m,age_ythadult_yge15,edu_isced97_x,2009,65.133
ecu,sex_m,age_ythadult_yge15,edu_isced97_x,2010,64.585
ecu,sex_m,age_ythadult_yge15,edu_isced97_x,2011,65.842
ecu,sex_m,age_ythadult_yge15,edu_isced97_x,2012,64.36
ecu,sex_m,age_ythadult_yge15,edu_isced97_x,2013,62.788
ecu,sex_m,age_ythadult_yge15,edu_isced97_x,2014,63.655
ecu,sex_m,age_ythadult_yge15,edu_isced97_x,2015,65.016
ecu,sex_m,age_ythadult_yge15,edu_isced97_x,2016,63.299
ecu,sex_m,age_ythadult_yge15,edu_isced97_x,2017,64.544
ecu,sex_m,age_ythadult_yge15,edu_isced97_x,2018,66.546
ecu,sex_m,age_ythadult_yge15,edu_isced97_x,2019,64.526
ecu,sex_m,age_ythadult_yge15,edu_isced97_x,2021,55.418
ecu,sex_m,age_ythadult_yge15,edu_isced97_x,2022,53.918
ecu,sex_m,age_ythadult_yge15,edu_isced97_x,2023,55.752
ecu,sex_m,age_ythadult_yge15,edu_isced97_x,2024,51.816
ecu,sex_m,age_ythadult_yge25,edu_aggregate_adv,2000,89.02
ecu,sex_m,age_ythadult_yge25,edu_aggregate_adv,2001,90.379
ecu,sex_m,age_ythadult_yge25,edu_aggregate_adv,2003,89.426
ecu,sex_m,age_ythadult_yge25,edu_aggregate_adv,2004,90.833
ecu,sex_m,age_ythadult_yge25,edu_aggregate_adv,2005,90.957
ecu,sex_m,age_ythadult_yge25,edu_aggregate_adv,2006,91.711
ecu,sex_m,age_ythadult_yge25,edu_aggregate_adv,2007,90.308
ecu,sex_m,age_ythadult_yge25,edu_aggregate_adv,2008,90.366
ecu,sex_m,age_ythadult_yge25,edu_aggregate_adv,2009,87.701
ecu,sex_m,age_ythadult_yge25,edu_aggregate_adv,2010,86.798
ecu,sex_m,age_ythadult_yge25,edu_aggregate_adv,2011,87.236
ecu,sex_m,age_ythadult_yge25,edu_aggregate_adv,2012,86.207
ecu,sex_m,age_ythadult_yge25,edu_aggregate_adv,2013,86.36
ecu,sex_m,age_ythadult_yge25,edu_aggregate_adv,2014,86.903
ecu,sex_m,age_ythadult_yge25,edu_aggregate_adv,2015,87.376
ecu,sex_m,age_ythadult_yge25,edu_aggregate_adv,2016,86.07
ecu,sex_m,age_ythadult_yge25,edu_aggregate_adv,2017,85.678
ecu,sex_m,age_ythadult_yge25,edu_aggregate_adv,2018,84.412
ecu,sex_m,age_ythadult_yge25,edu_aggregate_adv,2019,82.978
ecu,sex_m,age_ythadult_yge25,edu_aggregate_adv,2021,81.665
ecu,sex_m,age_ythadult_yge25,edu_aggregate_adv,2022,82.695
ecu,sex_m,age_ythadult_yge25,edu_aggregate_adv,2023,82.018
ecu,sex_m,age_ythadult_yge25,edu_aggregate_adv,2024,82.254
ecu,sex_m,age_ythadult_yge25,edu_aggregate_bas,2000,88.392
ecu,sex_m,age_ythadult_yge25,edu_aggregate_bas,2001,89.004
ecu,sex_m,age_ythadult_yge25,edu_aggregate_bas,2003,87.37
ecu,sex_m,age_ythadult_yge25,edu_aggregate_bas,2004,88.348
ecu,sex_m,age_ythadult_yge25,edu_aggregate_bas,2005,89.022
ecu,sex_m,age_ythadult_yge25,edu_aggregate_bas,2006,90.156
ecu,sex_m,age_ythadult_yge25,edu_aggregate_bas,2007,90.904
ecu,sex_m,age_ythadult_yge25,edu_aggregate_bas,2008,90.169
ecu,sex_m,age_ythadult_yge25,edu_aggregate_bas,2009,87.226
ecu,sex_m,age_ythadult_yge25,edu_aggregate_bas,2010,87.196
ecu,sex_m,age_ythadult_yge25,edu_aggregate_bas,2011,86.175
ecu,sex_m,age_ythadult_yge25,edu_aggregate_bas,2012,86.926
ecu,sex_m,age_ythadult_yge25,edu_aggregate_bas,2013,87.237
ecu,sex_m,age_ythadult_yge25,edu_aggregate_bas,2014,89.091
ecu,sex_m,age_ythadult_yge25,edu_aggregate_bas,2015,90.264
ecu,sex_m,age_ythadult_yge25,edu_aggregate_bas,2016,89.911
ecu,sex_m,age_ythadult_yge25,edu_aggregate_bas,2017,90.36
ecu,sex_m,age_ythadult_yge25,edu_aggregate_bas,2018,88.756
ecu,sex_m,age_ythadult_yge25,edu_aggregate_bas,2019,87.71
ecu,sex_m,age_ythadult_yge25,edu_aggregate_bas,2021,86.412
ecu,sex_m,age_ythadult_yge25,edu_aggregate_bas,2022,86.114
ecu,sex_m,age_ythadult_yge25,edu_aggregate_bas,2023,85.477
ecu,sex_m,age_ythadult_yge25,edu_aggregate_bas,2024,85.286
ecu,sex_m,age_ythadult_yge25,edu_aggregate_int,2000,88.742
ecu,sex_m,age_ythadult_yge25,edu_aggregate_int,2001,91.106
ecu,sex_m,age_ythadult_yge25,edu_aggregate_int,2003,86.223
ecu,sex_m,age_ythadult_yge25,edu_aggregate_int,2004,90.935
ecu,sex_m,age_ythadult_yge25,edu_aggregate_int,2005,90.435
ecu,sex_m,age_ythadult_yge25,edu_aggregate_int,2006,89.348
ecu,sex_m,age_ythadult_yge25,edu_aggregate_int,2007,91.494
ecu,sex_m,age_ythadult_yge25,edu_aggregate_int,2008,91.101
ecu,sex_m,age_ythadult_yge25,edu_aggregate_int,2009,88.909
ecu,sex_m,age_ythadult_yge25,edu_aggregate_int,2010,88.08
ecu,sex_m,age_ythadult_yge25,edu_aggregate_int,2011,88.852
ecu,sex_m,age_ythadult_yge25,edu_aggregate_int,2012,87.522
ecu,sex_m,age_ythadult_yge25,edu_aggregate_int,2013,89.335
ecu,sex_m,age_ythadult_yge25,edu_aggregate_int,2014,90.164
ecu,sex_m,age_ythadult_yge25,edu_aggregate_int,2015,91.341
ecu,sex_m,age_ythadult_yge25,edu_aggregate_int,2016,89.813
ecu,sex_m,age_ythadult_yge25,edu_aggregate_int,2017,90.743
ecu,sex_m,age_ythadult_yge25,edu_aggregate_int,2018,90.08
ecu,sex_m,age_ythadult_yge25,edu_aggregate_int,2019,88.391
ecu,sex_m,age_ythadult_yge25,edu_aggregate_int,2021,87.662
ecu,sex_m,age_ythadult_yge25,edu_aggregate_int,2022,88.981
ecu,sex_m,age_ythadult_yge25,edu_aggregate_int,2023,89.397
ecu,sex_m,age_ythadult_yge25,edu_aggregate_int,2024,89.225
ecu,sex_m,age_ythadult_yge25,edu_aggregate_ltb,2000,78.671
ecu,sex_m,age_ythadult_yge25,edu_aggregate_ltb,2001,79.558
ecu,sex_m,age_ythadult_yge25,edu_aggregate_ltb,2003,77.55
ecu,sex_m,age_ythadult_yge25,edu_aggregate_ltb,2004,77.924
ecu,sex_m,age_ythadult_yge25,edu_aggregate_ltb,2005,79.139
ecu,sex_m,age_ythadult_yge25,edu_aggregate_ltb,2006,78.752
ecu,sex_m,age_ythadult_yge25,edu_aggregate_ltb,2007,82.027
ecu,sex_m,age_ythadult_yge25,edu_aggregate_ltb,2008,79.671
ecu,sex_m,age_ythadult_yge25,edu_aggregate_ltb,2009,77.04
ecu,sex_m,age_ythadult_yge25,edu_aggregate_ltb,2010,76.318
ecu,sex_m,age_ythadult_yge25,edu_aggregate_ltb,2011,75.229
ecu,sex_m,age_ythadult_yge25,edu_aggregate_ltb,2012,74.49
ecu,sex_m,age_ythadult_yge25,edu_aggregate_ltb,2013,74.911
ecu,sex_m,age_ythadult_yge25,edu_aggregate_ltb,2014,75.503
ecu,sex_m,age_ythadult_yge25,edu_aggregate_ltb,2015,78.573
ecu,sex_m,age_ythadult_yge25,edu_aggregate_ltb,2016,78.836
ecu,sex_m,age_ythadult_yge25,edu_aggregate_ltb,2017,78.444
ecu,sex_m,age_ythadult_yge25,edu_aggregate_ltb,2018,77.548
ecu,sex_m,age_ythadult_yge25,edu_aggregate_ltb,2019,75.477
ecu,sex_m,age_ythadult_yge25,edu_aggregate_ltb,2021,70.449
ecu,sex_m,age_ythadult_yge25,edu_aggregate_ltb,2022,68.077
ecu,sex_m,age_ythadult_yge25,edu_aggregate_ltb,2023,68.487
ecu,sex_m,age_ythadult_yge25,edu_aggregate_ltb,2024,66.83
ecu,sex_m,age_ythadult_yge25,edu_aggregate_total,2000,87.232
ecu,sex_m,age_ythadult_yge25,edu_aggregate_total,2001,88.444
ecu,sex_m,age_ythadult_yge25,edu_aggregate_total,2003,86.249
ecu,sex_m,age_ythadult_yge25,edu_aggregate_total,2004,87.398
ecu,sex_m,age_ythadult_yge25,edu_aggregate_total,2005,88.05
ecu,sex_m,age_ythadult_yge25,edu_aggregate_total,2006,88.866
ecu,sex_m,age_ythadult_yge25,edu_aggregate_total,2007,88.813
ecu,sex_m,age_ythadult_yge25,edu_aggregate_total,2008,87.957
ecu,sex_m,age_ythadult_yge25,edu_aggregate_total,2009,85.239
ecu,sex_m,age_ythadult_yge25,edu_aggregate_total,2010,84.807
ecu,sex_m,age_ythadult_yge25,edu_aggregate_total,2011,84.566
ecu,sex_m,age_ythadult_yge25,edu_aggregate_total,2012,84.374
ecu,sex_m,age_ythadult_yge25,edu_aggregate_total,2013,85.091
ecu,sex_m,age_ythadult_yge25,edu_aggregate_total,2014,86.542
ecu,sex_m,age_ythadult_yge25,edu_aggregate_total,2015,88.2
ecu,sex_m,age_ythadult_yge25,edu_aggregate_total,2016,87.544
ecu,sex_m,age_ythadult_yge25,edu_aggregate_total,2017,87.9
ecu,sex_m,age_ythadult_yge25,edu_aggregate_total,2018,86.694
ecu,sex_m,age_ythadult_yge25,edu_aggregate_total,2019,85.234
ecu,sex_m,age_ythadult_yge25,edu_aggregate_total,2021,83.818
ecu,sex_m,age_ythadult_yge25,edu_aggregate_total,2022,84.034
ecu,sex_m,age_ythadult_yge25,edu_aggregate_total,2023,83.81
ecu,sex_m,age_ythadult_yge25,edu_aggregate_total,2024,83.566
ecu,sex_m,age_ythadult_yge25,edu_aggregate_x,2001,44.823
ecu,sex_m,age_ythadult_yge25,edu_aggregate_x,2007,93.041
ecu,sex_m,age_ythadult_yge25,edu_aggregate_x,2008,100
ecu,sex_m,age_ythadult_yge25,edu_aggregate_x,2015,60.97
ecu,sex_m,age_ythadult_yge25,edu_aggregate_x,2016,92.011
ecu,sex_m,age_ythadult_yge25,edu_aggregate_x,2017,70.788
ecu,sex_m,age_ythadult_yge25,edu_aggregate_x,2018,89.8
ecu,sex_m,age_ythadult_yge25,edu_aggregate_x,2019,79.385
ecu,sex_m,age_ythadult_yge25,edu_aggregate_x,2021,83.446
ecu,sex_m,age_ythadult_yge25,edu_aggregate_x,2022,68.847
ecu,sex_m,age_ythadult_yge25,edu_aggregate_x,2023,88.35
ecu,sex_m,age_ythadult_yge25,edu_aggregate_x,2024,84.629
ecu,sex_m,age_ythadult_yge25,edu_isced97_0,2000,81.352
ecu,sex_m,age_ythadult_yge25,edu_isced97_0,2001,85.527
ecu,sex_m,age_ythadult_yge25,edu_isced97_0,2003,80.66
ecu,sex_m,age_ythadult_yge25,edu_isced97_0,2004,81.927
ecu,sex_m,age_ythadult_yge25,edu_isced97_0,2005,83.358
ecu,sex_m,age_ythadult_yge25,edu_isced97_0,2006,83.062
ecu,sex_m,age_ythadult_yge25,edu_isced97_0,2007,85.912
ecu,sex_m,age_ythadult_yge25,edu_isced97_0,2008,83.734
ecu,sex_m,age_ythadult_yge25,edu_isced97_0,2009,81.281
ecu,sex_m,age_ythadult_yge25,edu_isced97_0,2010,81.094
ecu,sex_m,age_ythadult_yge25,edu_isced97_0,2011,78.888
ecu,sex_m,age_ythadult_yge25,edu_isced97_0,2012,78.309
ecu,sex_m,age_ythadult_yge25,edu_isced97_0,2013,79.153
ecu,sex_m,age_ythadult_yge25,edu_isced97_0,2014,79.296
ecu,sex_m,age_ythadult_yge25,edu_isced97_0,2015,82.445
ecu,sex_m,age_ythadult_yge25,edu_isced97_0,2016,83.457
ecu,sex_m,age_ythadult_yge25,edu_isced97_0,2017,83.007
ecu,sex_m,age_ythadult_yge25,edu_isced97_0,2018,81.165
ecu,sex_m,age_ythadult_yge25,edu_isced97_0,2019,79.575
ecu,sex_m,age_ythadult_yge25,edu_isced97_0,2021,75.634
ecu,sex_m,age_ythadult_yge25,edu_isced97_0,2022,73.164
ecu,sex_m,age_ythadult_yge25,edu_isced97_0,2023,73.648
ecu,sex_m,age_ythadult_yge25,edu_isced97_0,2024,73.259
ecu,sex_m,age_ythadult_yge25,edu_isced97_1,2000,84.918
ecu,sex_m,age_ythadult_yge25,edu_isced97_1,2001,86.645
ecu,sex_m,age_ythadult_yge25,edu_isced97_1,2003,86.574
ecu,sex_m,age_ythadult_yge25,edu_isced97_1,2004,87.328
ecu,sex_m,age_ythadult_yge25,edu_isced97_1,2005,88.283
ecu,sex_m,age_ythadult_yge25,edu_isced97_1,2006,89.254
ecu,sex_m,age_ythadult_yge25,edu_isced97_1,2007,90.818
ecu,sex_m,age_ythadult_yge25,edu_isced97_1,2008,89.811
ecu,sex_m,age_ythadult_yge25,edu_isced97_1,2009,86.917
ecu,sex_m,age_ythadult_yge25,edu_isced97_1,2010,87.099
ecu,sex_m,age_ythadult_yge25,edu_isced97_1,2011,85.464
ecu,sex_m,age_ythadult_yge25,edu_isced97_1,2012,86.492
ecu,sex_m,age_ythadult_yge25,edu_isced97_1,2013,86.81
ecu,sex_m,age_ythadult_yge25,edu_isced97_1,2014,88.383
ecu,sex_m,age_ythadult_yge25,edu_isced97_1,2015,89.668
ecu,sex_m,age_ythadult_yge25,edu_isced97_1,2016,89.458
ecu,sex_m,age_ythadult_yge25,edu_isced97_1,2017,89.651
ecu,sex_m,age_ythadult_yge25,edu_isced97_1,2018,88.308
ecu,sex_m,age_ythadult_yge25,edu_isced97_1,2019,87.31
ecu,sex_m,age_ythadult_yge25,edu_isced97_1,2021,85.628
ecu,sex_m,age_ythadult_yge25,edu_isced97_1,2022,85.562
ecu,sex_m,age_ythadult_yge25,edu_isced97_1,2023,84.76
ecu,sex_m,age_ythadult_yge25,edu_isced97_1,2024,84.596
ecu,sex_m,age_ythadult_yge25,edu_isced97_2,2000,89.51
ecu,sex_m,age_ythadult_yge25,edu_isced97_2,2001,89.81
ecu,sex_m,age_ythadult_yge25,edu_isced97_2,2003,88.859
ecu,sex_m,age_ythadult_yge25,edu_isced97_2,2004,90.313
ecu,sex_m,age_ythadult_yge25,edu_isced97_2,2005,90.388
ecu,sex_m,age_ythadult_yge25,edu_isced97_2,2006,91.758
ecu,sex_m,age_ythadult_yge25,edu_isced97_2,2007,91.19
ecu,sex_m,age_ythadult_yge25,edu_isced97_2,2008,91.376
ecu,sex_m,age_ythadult_yge25,edu_isced97_2,2009,88.356
ecu,sex_m,age_ythadult_yge25,edu_isced97_2,2010,87.519
ecu,sex_m,age_ythadult_yge25,edu_isced97_2,2011,88.65
ecu,sex_m,age_ythadult_yge25,edu_isced97_2,2012,88.522
ecu,sex_m,age_ythadult_yge25,edu_isced97_2,2013,88.744
ecu,sex_m,age_ythadult_yge25,edu_isced97_2,2014,91.751
ecu,sex_m,age_ythadult_yge25,edu_isced97_2,2015,92.359
ecu,sex_m,age_ythadult_yge25,edu_isced97_2,2016,91.468
ecu,sex_m,age_ythadult_yge25,edu_isced97_2,2017,92.692
ecu,sex_m,age_ythadult_yge25,edu_isced97_2,2018,90.47
ecu,sex_m,age_ythadult_yge25,edu_isced97_2,2019,89.224
ecu,sex_m,age_ythadult_yge25,edu_isced97_2,2021,89.208
ecu,sex_m,age_ythadult_yge25,edu_isced97_2,2022,88.098
ecu,sex_m,age_ythadult_yge25,edu_isced97_2,2023,88.04
ecu,sex_m,age_ythadult_yge25,edu_isced97_2,2024,87.687
ecu,sex_m,age_ythadult_yge25,edu_isced97_3,2000,88.742
ecu,sex_m,age_ythadult_yge25,edu_isced97_3,2001,91.106
ecu,sex_m,age_ythadult_yge25,edu_isced97_3,2003,85.138
ecu,sex_m,age_ythadult_yge25,edu_isced97_3,2004,90.672
ecu,sex_m,age_ythadult_yge25,edu_isced97_3,2005,90.501
ecu,sex_m,age_ythadult_yge25,edu_isced97_3,2006,89.043
ecu,sex_m,age_ythadult_yge25,edu_isced97_3,2007,91.53
ecu,sex_m,age_ythadult_yge25,edu_isced97_3,2008,91.107
ecu,sex_m,age_ythadult_yge25,edu_isced97_3,2009,88.869
ecu,sex_m,age_ythadult_yge25,edu_isced97_3,2010,88.229
ecu,sex_m,age_ythadult_yge25,edu_isced97_3,2011,88.914
ecu,sex_m,age_ythadult_yge25,edu_isced97_3,2012,87.469
ecu,sex_m,age_ythadult_yge25,edu_isced97_3,2013,89.266
ecu,sex_m,age_ythadult_yge25,edu_isced97_3,2014,90.144
ecu,sex_m,age_ythadult_yge25,edu_isced97_3,2015,91.253
ecu,sex_m,age_ythadult_yge25,edu_isced97_3,2016,89.683
ecu,sex_m,age_ythadult_yge25,edu_isced97_3,2017,90.627
ecu,sex_m,age_ythadult_yge25,edu_isced97_3,2018,90.006
ecu,sex_m,age_ythadult_yge25,edu_isced97_3,2019,88.245
ecu,sex_m,age_ythadult_yge25,edu_isced97_3,2021,87.648
ecu,sex_m,age_ythadult_yge25,edu_isced97_3,2022,88.883
ecu,sex_m,age_ythadult_yge25,edu_isced97_3,2023,89.287
ecu,sex_m,age_ythadult_yge25,edu_isced97_3,2024,89.101
ecu,sex_m,age_ythadult_yge25,edu_isced97_4,2003,91.341
ecu,sex_m,age_ythadult_yge25,edu_isced97_4,2004,92.492
ecu,sex_m,age_ythadult_yge25,edu_isced97_4,2005,90.113
ecu,sex_m,age_ythadult_yge25,edu_isced97_4,2006,90.978
ecu,sex_m,age_ythadult_yge25,edu_isced97_4,2007,89.594
ecu,sex_m,age_ythadult_yge25,edu_isced97_4,2008,90.778
ecu,sex_m,age_ythadult_yge25,edu_isced97_4,2009,91.423
ecu,sex_m,age_ythadult_yge25,edu_isced97_4,2010,82.558
ecu,sex_m,age_ythadult_yge25,edu_isced97_4,2011,86.45
ecu,sex_m,age_ythadult_yge25,edu_isced97_4,2012,90.144
ecu,sex_m,age_ythadult_yge25,edu_isced97_4,2013,91.758
ecu,sex_m,age_ythadult_yge25,edu_isced97_4,2014,90.832
ecu,sex_m,age_ythadult_yge25,edu_isced97_4,2015,93.554
ecu,sex_m,age_ythadult_yge25,edu_isced97_4,2016,92.427
ecu,sex_m,age_ythadult_yge25,edu_isced97_4,2017,92.949
ecu,sex_m,age_ythadult_yge25,edu_isced97_4,2018,91.518
ecu,sex_m,age_ythadult_yge25,edu_isced97_4,2019,90.899
ecu,sex_m,age_ythadult_yge25,edu_isced97_4,2021,87.906
ecu,sex_m,age_ythadult_yge25,edu_isced97_4,2022,90.634
ecu,sex_m,age_ythadult_yge25,edu_isced97_4,2023,91.025
ecu,sex_m,age_ythadult_yge25,edu_isced97_4,2024,90.983
ecu,sex_m,age_ythadult_yge25,edu_isced97_5,2000,89.02
ecu,sex_m,age_ythadult_yge25,edu_isced97_5,2001,90.121
ecu,sex_m,age_ythadult_yge25,edu_isced97_5,2003,89.043
ecu,sex_m,age_ythadult_yge25,edu_isced97_5,2004,90.616
ecu,sex_m,age_ythadult_yge25,edu_isced97_5,2005,90.74
ecu,sex_m,age_ythadult_yge25,edu_isced97_5,2006,91.352
ecu,sex_m,age_ythadult_yge25,edu_isced97_5,2007,89.93
ecu,sex_m,age_ythadult_yge25,edu_isced97_5,2008,90.071
ecu,sex_m,age_ythadult_yge25,edu_isced97_5,2009,87.08
ecu,sex_m,age_ythadult_yge25,edu_isced97_5,2010,86.453
ecu,sex_m,age_ythadult_yge25,edu_isced97_5,2011,87.159
ecu,sex_m,age_ythadult_yge25,edu_isced97_5,2012,85.762
ecu,sex_m,age_ythadult_yge25,edu_isced97_5,2013,85.737
ecu,sex_m,age_ythadult_yge25,edu_isced97_5,2014,86.484
ecu,sex_m,age_ythadult_yge25,edu_isced97_5,2015,86.997
ecu,sex_m,age_ythadult_yge25,edu_isced97_5,2016,85.546
ecu,sex_m,age_ythadult_yge25,edu_isced97_5,2017,85.448
ecu,sex_m,age_ythadult_yge25,edu_isced97_5,2018,84.038
ecu,sex_m,age_ythadult_yge25,edu_isced97_5,2019,82.655
ecu,sex_m,age_ythadult_yge25,edu_isced97_5,2021,81.198
ecu,sex_m,age_ythadult_yge25,edu_isced97_5,2022,82.485
ecu,sex_m,age_ythadult_yge25,edu_isced97_5,2023,81.566
ecu,sex_m,age_ythadult_yge25,edu_isced97_5,2024,81.749
ecu,sex_m,age_ythadult_yge25,edu_isced97_6,2001,94.171
ecu,sex_m,age_ythadult_yge25,edu_isced97_6,2003,95.921
ecu,sex_m,age_ythadult_yge25,edu_isced97_6,2004,93.701
ecu,sex_m,age_ythadult_yge25,edu_isced97_6,2005,94.312
ecu,sex_m,age_ythadult_yge25,edu_isced97_6,2006,96.597
ecu,sex_m,age_ythadult_yge25,edu_isced97_6,2007,94.672
ecu,sex_m,age_ythadult_yge25,edu_isced97_6,2008,93.564
ecu,sex_m,age_ythadult_yge25,edu_isced97_6,2009,94.006
ecu,sex_m,age_ythadult_yge25,edu_isced97_6,2010,89.904
ecu,sex_m,age_ythadult_yge25,edu_isced97_6,2011,88.255
ecu,sex_m,age_ythadult_yge25,edu_isced97_6,2012,92.518
ecu,sex_m,age_ythadult_yge25,edu_isced97_6,2013,93.584
ecu,sex_m,age_ythadult_yge25,edu_isced97_6,2014,90.796
ecu,sex_m,age_ythadult_yge25,edu_isced97_6,2015,90.933
ecu,sex_m,age_ythadult_yge25,edu_isced97_6,2016,90.254
ecu,sex_m,age_ythadult_yge25,edu_isced97_6,2017,87.523
ecu,sex_m,age_ythadult_yge25,edu_isced97_6,2018,87.494
ecu,sex_m,age_ythadult_yge25,edu_isced97_6,2019,85.516
ecu,sex_m,age_ythadult_yge25,edu_isced97_6,2021,84.707
ecu,sex_m,age_ythadult_yge25,edu_isced97_6,2022,84.012
ecu,sex_m,age_ythadult_yge25,edu_isced97_6,2023,84.752
ecu,sex_m,age_ythadult_yge25,edu_isced97_6,2024,85.185
ecu,sex_m,age_ythadult_yge25,edu_isced97_total,2000,87.232
ecu,sex_m,age_ythadult_yge25,edu_isced97_total,2001,88.444
ecu,sex_m,age_ythadult_yge25,edu_isced97_total,2003,86.249
ecu,sex_m,age_ythadult_yge25,edu_isced97_total,2004,87.398
ecu,sex_m,age_ythadult_yge25,edu_isced97_total,2005,88.05
ecu,sex_m,age_ythadult_yge25,edu_isced97_total,2006,88.866
ecu,sex_m,age_ythadult_yge25,edu_isced97_total,2007,88.813
ecu,sex_m,age_ythadult_yge25,edu_isced97_total,2008,87.957
ecu,sex_m,age_ythadult_yge25,edu_isced97_total,2009,85.239
ecu,sex_m,age_ythadult_yge25,edu_isced97_total,2010,84.807
ecu,sex_m,age_ythadult_yge25,edu_isced97_total,2011,84.566
ecu,sex_m,age_ythadult_yge25,edu_isced97_total,2012,84.374
ecu,sex_m,age_ythadult_yge25,edu_isced97_total,2013,85.091
ecu,sex_m,age_ythadult_yge25,edu_isced97_total,2014,86.542
ecu,sex_m,age_ythadult_yge25,edu_isced97_total,2015,88.2
ecu,sex_m,age_ythadult_yge25,edu_isced97_total,2016,87.544
ecu,sex_m,age_ythadult_yge25,edu_isced97_total,2017,87.9
ecu,sex_m,age_ythadult_yge25,edu_isced97_total,2018,86.694
ecu,sex_m,age_ythadult_yge25,edu_isced97_total,2019,85.234
ecu,sex_m,age_ythadult_yge25,edu_isced97_total,2021,83.818
ecu,sex_m,age_ythadult_yge25,edu_isced97_total,2022,84.034
ecu,sex_m,age_ythadult_yge25,edu_isced97_total,2023,83.81
ecu,sex_m,age_ythadult_yge25,edu_isced97_total,2024,83.566
ecu,sex_m,age_ythadult_yge25,edu_isced97_unk,2001,44.823
ecu,sex_m,age_ythadult_yge25,edu_isced97_unk,2007,93.041
ecu,sex_m,age_ythadult_yge25,edu_isced97_unk,2008,100
ecu,sex_m,age_ythadult_yge25,edu_isced97_unk,2015,60.97
ecu,sex_m,age_ythadult_yge25,edu_isced97_unk,2016,92.011
ecu,sex_m,age_ythadult_yge25,edu_isced97_unk,2017,70.788
ecu,sex_m,age_ythadult_yge25,edu_isced97_unk,2018,89.8
ecu,sex_m,age_ythadult_yge25,edu_isced97_unk,2019,79.385
ecu,sex_m,age_ythadult_yge25,edu_isced97_unk,2021,83.446
ecu,sex_m,age_ythadult_yge25,edu_isced97_unk,2022,68.847
ecu,sex_m,age_ythadult_yge25,edu_isced97_unk,2023,88.35
ecu,sex_m,age_ythadult_yge25,edu_isced97_unk,2024,84.629
ecu,sex_m,age_ythadult_yge25,edu_isced97_x,2000,77.246
ecu,sex_m,age_ythadult_yge25,edu_isced97_x,2001,74.384
ecu,sex_m,age_ythadult_yge25,edu_isced97_x,2003,75.411
ecu,sex_m,age_ythadult_yge25,edu_isced97_x,2004,74.82
ecu,sex_m,age_ythadult_yge25,edu_isced97_x,2005,76.225
ecu,sex_m,age_ythadult_yge25,edu_isced97_x,2006,75.314
ecu,sex_m,age_ythadult_yge25,edu_isced97_x,2007,72.878
ecu,sex_m,age_ythadult_yge25,edu_isced97_x,2008,70.114
ecu,sex_m,age_ythadult_yge25,edu_isced97_x,2009,66.755
ecu,sex_m,age_ythadult_yge25,edu_isced97_x,2010,65.481
ecu,sex_m,age_ythadult_yge25,edu_isced97_x,2011,67.522
ecu,sex_m,age_ythadult_yge25,edu_isced97_x,2012,66.433
ecu,sex_m,age_ythadult_yge25,edu_isced97_x,2013,65.029
ecu,sex_m,age_ythadult_yge25,edu_isced97_x,2014,65.74
ecu,sex_m,age_ythadult_yge25,edu_isced97_x,2015,67.627
ecu,sex_m,age_ythadult_yge25,edu_isced97_x,2016,66.068
ecu,sex_m,age_ythadult_yge25,edu_isced97_x,2017,66.695
ecu,sex_m,age_ythadult_yge25,edu_isced97_x,2018,68.66
ecu,sex_m,age_ythadult_yge25,edu_isced97_x,2019,66.007
ecu,sex_m,age_ythadult_yge25,edu_isced97_x,2021,56.89
ecu,sex_m,age_ythadult_yge25,edu_isced97_x,2022,55.521
ecu,sex_m,age_ythadult_yge25,edu_isced97_x,2023,56.471
ecu,sex_m,age_ythadult_yge25,edu_isced97_x,2024,52.457
ecu,sex_t,age_10yrbands_total,edu_aggregate_adv,2000,76.458
ecu,sex_t,age_10yrbands_total,edu_aggregate_adv,2001,77.117
ecu,sex_t,age_10yrbands_total,edu_aggregate_adv,2003,78.86
ecu,sex_t,age_10yrbands_total,edu_aggregate_adv,2004,79.266
ecu,sex_t,age_10yrbands_total,edu_aggregate_adv,2005,80.435
ecu,sex_t,age_10yrbands_total,edu_aggregate_adv,2006,81.874
ecu,sex_t,age_10yrbands_total,edu_aggregate_adv,2007,79.636
ecu,sex_t,age_10yrbands_total,edu_aggregate_adv,2008,79.798
ecu,sex_t,age_10yrbands_total,edu_aggregate_adv,2009,75.406
ecu,sex_t,age_10yrbands_total,edu_aggregate_adv,2010,75.512
ecu,sex_t,age_10yrbands_total,edu_aggregate_adv,2011,76.156
ecu,sex_t,age_10yrbands_total,edu_aggregate_adv,2012,76.438
ecu,sex_t,age_10yrbands_total,edu_aggregate_adv,2013,76.095
ecu,sex_t,age_10yrbands_total,edu_aggregate_adv,2014,75.224
ecu,sex_t,age_10yrbands_total,edu_aggregate_adv,2015,76.545
ecu,sex_t,age_10yrbands_total,edu_aggregate_adv,2016,75.865
ecu,sex_t,age_10yrbands_total,edu_aggregate_adv,2017,75.957
ecu,sex_t,age_10yrbands_total,edu_aggregate_adv,2018,75.188
ecu,sex_t,age_10yrbands_total,edu_aggregate_adv,2019,74.151
ecu,sex_t,age_10yrbands_total,edu_aggregate_adv,2021,71.977
ecu,sex_t,age_10yrbands_total,edu_aggregate_adv,2022,73.894
ecu,sex_t,age_10yrbands_total,edu_aggregate_adv,2023,72.5
ecu,sex_t,age_10yrbands_total,edu_aggregate_adv,2024,72.675
ecu,sex_t,age_10yrbands_total,edu_aggregate_bas,2000,63.505
ecu,sex_t,age_10yrbands_total,edu_aggregate_bas,2001,69.467
ecu,sex_t,age_10yrbands_total,edu_aggregate_bas,2003,60.368
ecu,sex_t,age_10yrbands_total,edu_aggregate_bas,2004,62.829
ecu,sex_t,age_10yrbands_total,edu_aggregate_bas,2005,63.222
ecu,sex_t,age_10yrbands_total,edu_aggregate_bas,2006,64.933
ecu,sex_t,age_10yrbands_total,edu_aggregate_bas,2007,61.855
ecu,sex_t,age_10yrbands_total,edu_aggregate_bas,2008,61.31
ecu,sex_t,age_10yrbands_total,edu_aggregate_bas,2009,58.015
ecu,sex_t,age_10yrbands_total,edu_aggregate_bas,2010,57.109
ecu,sex_t,age_10yrbands_total,edu_aggregate_bas,2011,55.708
ecu,sex_t,age_10yrbands_total,edu_aggregate_bas,2012,56.417
ecu,sex_t,age_10yrbands_total,edu_aggregate_bas,2013,56.414
ecu,sex_t,age_10yrbands_total,edu_aggregate_bas,2014,56.417
ecu,sex_t,age_10yrbands_total,edu_aggregate_bas,2015,59.546
ecu,sex_t,age_10yrbands_total,edu_aggregate_bas,2016,61.211
ecu,sex_t,age_10yrbands_total,edu_aggregate_bas,2017,62.152
ecu,sex_t,age_10yrbands_total,edu_aggregate_bas,2018,60.821
ecu,sex_t,age_10yrbands_total,edu_aggregate_bas,2019,60.096
ecu,sex_t,age_10yrbands_total,edu_aggregate_bas,2021,59.819
ecu,sex_t,age_10yrbands_total,edu_aggregate_bas,2022,59.687
ecu,sex_t,age_10yrbands_total,edu_aggregate_bas,2023,58.194
ecu,sex_t,age_10yrbands_total,edu_aggregate_bas,2024,58.65
ecu,sex_t,age_10yrbands_total,edu_aggregate_int,2000,52.7
ecu,sex_t,age_10yrbands_total,edu_aggregate_int,2001,60.092
ecu,sex_t,age_10yrbands_total,edu_aggregate_int,2003,55.732
ecu,sex_t,age_10yrbands_total,edu_aggregate_int,2004,57.312
ecu,sex_t,age_10yrbands_total,edu_aggregate_int,2005,55.322
ecu,sex_t,age_10yrbands_total,edu_aggregate_int,2006,54.043
ecu,sex_t,age_10yrbands_total,edu_aggregate_int,2007,65.547
ecu,sex_t,age_10yrbands_total,edu_aggregate_int,2008,64.703
ecu,sex_t,age_10yrbands_total,edu_aggregate_int,2009,62.703
ecu,sex_t,age_10yrbands_total,edu_aggregate_int,2010,60.787
ecu,sex_t,age_10yrbands_total,edu_aggregate_int,2011,61.708
ecu,sex_t,age_10yrbands_total,edu_aggregate_int,2012,62.711
ecu,sex_t,age_10yrbands_total,edu_aggregate_int,2013,62.031
ecu,sex_t,age_10yrbands_total,edu_aggregate_int,2014,62.578
ecu,sex_t,age_10yrbands_total,edu_aggregate_int,2015,64.655
ecu,sex_t,age_10yrbands_total,edu_aggregate_int,2016,65.082
ecu,sex_t,age_10yrbands_total,edu_aggregate_int,2017,67.095
ecu,sex_t,age_10yrbands_total,edu_aggregate_int,2018,65.557
ecu,sex_t,age_10yrbands_total,edu_aggregate_int,2019,64.946
ecu,sex_t,age_10yrbands_total,edu_aggregate_int,2021,64.842
ecu,sex_t,age_10yrbands_total,edu_aggregate_int,2022,66.722
ecu,sex_t,age_10yrbands_total,edu_aggregate_int,2023,65.264
ecu,sex_t,age_10yrbands_total,edu_aggregate_int,2024,65.212
ecu,sex_t,age_10yrbands_total,edu_aggregate_ltb,2000,57.042
ecu,sex_t,age_10yrbands_total,edu_aggregate_ltb,2001,64.916
ecu,sex_t,age_10yrbands_total,edu_aggregate_ltb,2003,56.943
ecu,sex_t,age_10yrbands_total,edu_aggregate_ltb,2004,60.55
ecu,sex_t,age_10yrbands_total,edu_aggregate_ltb,2005,60.76
ecu,sex_t,age_10yrbands_total,edu_aggregate_ltb,2006,60.328
ecu,sex_t,age_10yrbands_total,edu_aggregate_ltb,2007,61.481
ecu,sex_t,age_10yrbands_total,edu_aggregate_ltb,2008,59.609
ecu,sex_t,age_10yrbands_total,edu_aggregate_ltb,2009,57.352
ecu,sex_t,age_10yrbands_total,edu_aggregate_ltb,2010,55.933
ecu,sex_t,age_10yrbands_total,edu_aggregate_ltb,2011,54.837
ecu,sex_t,age_10yrbands_total,edu_aggregate_ltb,2012,54.977
ecu,sex_t,age_10yrbands_total,edu_aggregate_ltb,2013,55.573
ecu,sex_t,age_10yrbands_total,edu_aggregate_ltb,2014,55.738
ecu,sex_t,age_10yrbands_total,edu_aggregate_ltb,2015,60.339
ecu,sex_t,age_10yrbands_total,edu_aggregate_ltb,2016,63.016
ecu,sex_t,age_10yrbands_total,edu_aggregate_ltb,2017,63.06
ecu,sex_t,age_10yrbands_total,edu_aggregate_ltb,2018,61.976
ecu,sex_t,age_10yrbands_total,edu_aggregate_ltb,2019,61.622
ecu,sex_t,age_10yrbands_total,edu_aggregate_ltb,2021,56.524
ecu,sex_t,age_10yrbands_total,edu_aggregate_ltb,2022,55.323
ecu,sex_t,age_10yrbands_total,edu_aggregate_ltb,2023,56.048
ecu,sex_t,age_10yrbands_total,edu_aggregate_ltb,2024,55.086
ecu,sex_t,age_10yrbands_total,edu_aggregate_total,2000,60.403
ecu,sex_t,age_10yrbands_total,edu_aggregate_total,2001,66.396
ecu,sex_t,age_10yrbands_total,edu_aggregate_total,2003,61.636
ecu,sex_t,age_10yrbands_total,edu_aggregate_total,2004,64.093
ecu,sex_t,age_10yrbands_total,edu_aggregate_total,2005,64.446
ecu,sex_t,age_10yrbands_total,edu_aggregate_total,2006,65.536
ecu,sex_t,age_10yrbands_total,edu_aggregate_total,2007,64.669
ecu,sex_t,age_10yrbands_total,edu_aggregate_total,2008,63.943
ecu,sex_t,age_10yrbands_total,edu_aggregate_total,2009,61.063
ecu,sex_t,age_10yrbands_total,edu_aggregate_total,2010,60.122
ecu,sex_t,age_10yrbands_total,edu_aggregate_total,2011,59.643
ecu,sex_t,age_10yrbands_total,edu_aggregate_total,2012,60.431
ecu,sex_t,age_10yrbands_total,edu_aggregate_total,2013,60.342
ecu,sex_t,age_10yrbands_total,edu_aggregate_total,2014,60.44
ecu,sex_t,age_10yrbands_total,edu_aggregate_total,2015,63.284
ecu,sex_t,age_10yrbands_total,edu_aggregate_total,2016,64.558
ecu,sex_t,age_10yrbands_total,edu_aggregate_total,2017,65.539
ecu,sex_t,age_10yrbands_total,edu_aggregate_total,2018,64.308
ecu,sex_t,age_10yrbands_total,edu_aggregate_total,2019,63.656
ecu,sex_t,age_10yrbands_total,edu_aggregate_total,2021,62.728
ecu,sex_t,age_10yrbands_total,edu_aggregate_total,2022,63.388
ecu,sex_t,age_10yrbands_total,edu_aggregate_total,2023,62.225
ecu,sex_t,age_10yrbands_total,edu_aggregate_total,2024,62.311
ecu,sex_t,age_10yrbands_total,edu_aggregate_x,2001,44.524
ecu,sex_t,age_10yrbands_total,edu_aggregate_x,2007,84.476
ecu,sex_t,age_10yrbands_total,edu_aggregate_x,2008,100
ecu,sex_t,age_10yrbands_total,edu_aggregate_x,2012,100
ecu,sex_t,age_10yrbands_total,edu_aggregate_x,2015,37.47
ecu,sex_t,age_10yrbands_total,edu_aggregate_x,2016,63.287
ecu,sex_t,age_10yrbands_total,edu_aggregate_x,2017,62.951
ecu,sex_t,age_10yrbands_total,edu_aggregate_x,2018,63.484
ecu,sex_t,age_10yrbands_total,edu_aggregate_x,2019,66.032
ecu,sex_t,age_10yrbands_total,edu_aggregate_x,2021,77.624
ecu,sex_t,age_10yrbands_total,edu_aggregate_x,2022,59.796
ecu,sex_t,age_10yrbands_total,edu_aggregate_x,2023,78.626
ecu,sex_t,age_10yrbands_total,edu_aggregate_x,2024,79.948
ecu,sex_t,age_10yrbands_total,edu_isced97_0,2000,59.913
ecu,sex_t,age_10yrbands_total,edu_isced97_0,2001,69.13
ecu,sex_t,age_10yrbands_total,edu_isced97_0,2003,61.027
ecu,sex_t,age_10yrbands_total,edu_isced97_0,2004,64.543
ecu,sex_t,age_10yrbands_total,edu_isced97_0,2005,66.385
ecu,sex_t,age_10yrbands_total,edu_isced97_0,2006,64.163
ecu,sex_t,age_10yrbands_total,edu_isced97_0,2007,65.018
ecu,sex_t,age_10yrbands_total,edu_isced97_0,2008,63.139
ecu,sex_t,age_10yrbands_total,edu_isced97_0,2009,60.689
ecu,sex_t,age_10yrbands_total,edu_isced97_0,2010,59.91
ecu,sex_t,age_10yrbands_total,edu_isced97_0,2011,58.519
ecu,sex_t,age_10yrbands_total,edu_isced97_0,2012,58.838
ecu,sex_t,age_10yrbands_total,edu_isced97_0,2013,59.979
ecu,sex_t,age_10yrbands_total,edu_isced97_0,2014,59.801
ecu,sex_t,age_10yrbands_total,edu_isced97_0,2015,64.594
ecu,sex_t,age_10yrbands_total,edu_isced97_0,2016,68.089
ecu,sex_t,age_10yrbands_total,edu_isced97_0,2017,67.351
ecu,sex_t,age_10yrbands_total,edu_isced97_0,2018,65.793
ecu,sex_t,age_10yrbands_total,edu_isced97_0,2019,65.162
ecu,sex_t,age_10yrbands_total,edu_isced97_0,2021,61.633
ecu,sex_t,age_10yrbands_total,edu_isced97_0,2022,59.759
ecu,sex_t,age_10yrbands_total,edu_isced97_0,2023,59.697
ecu,sex_t,age_10yrbands_total,edu_isced97_0,2024,59.231
ecu,sex_t,age_10yrbands_total,edu_isced97_1,2000,61.388
ecu,sex_t,age_10yrbands_total,edu_isced97_1,2001,69.298
ecu,sex_t,age_10yrbands_total,edu_isced97_1,2003,63.372
ecu,sex_t,age_10yrbands_total,edu_isced97_1,2004,66.833
ecu,sex_t,age_10yrbands_total,edu_isced97_1,2005,64.94
ecu,sex_t,age_10yrbands_total,edu_isced97_1,2006,65.55
ecu,sex_t,age_10yrbands_total,edu_isced97_1,2007,67.881
ecu,sex_t,age_10yrbands_total,edu_isced97_1,2008,67.587
ecu,sex_t,age_10yrbands_total,edu_isced97_1,2009,64.484
ecu,sex_t,age_10yrbands_total,edu_isced97_1,2010,64.388
ecu,sex_t,age_10yrbands_total,edu_isced97_1,2011,62.481
ecu,sex_t,age_10yrbands_total,edu_isced97_1,2012,63.741
ecu,sex_t,age_10yrbands_total,edu_isced97_1,2013,64.223
ecu,sex_t,age_10yrbands_total,edu_isced97_1,2014,64.645
ecu,sex_t,age_10yrbands_total,edu_isced97_1,2015,68.08
ecu,sex_t,age_10yrbands_total,edu_isced97_1,2016,70.466
ecu,sex_t,age_10yrbands_total,edu_isced97_1,2017,71.633
ecu,sex_t,age_10yrbands_total,edu_isced97_1,2018,69.846
ecu,sex_t,age_10yrbands_total,edu_isced97_1,2019,68.991
ecu,sex_t,age_10yrbands_total,edu_isced97_1,2021,68.15
ecu,sex_t,age_10yrbands_total,edu_isced97_1,2022,68.487
ecu,sex_t,age_10yrbands_total,edu_isced97_1,2023,66.64
ecu,sex_t,age_10yrbands_total,edu_isced97_1,2024,66.741
ecu,sex_t,age_10yrbands_total,edu_isced97_2,2000,64.115
ecu,sex_t,age_10yrbands_total,edu_isced97_2,2001,69.516
ecu,sex_t,age_10yrbands_total,edu_isced97_2,2003,56.125
ecu,sex_t,age_10yrbands_total,edu_isced97_2,2004,57.194
ecu,sex_t,age_10yrbands_total,edu_isced97_2,2005,60.628
ecu,sex_t,age_10yrbands_total,edu_isced97_2,2006,63.984
ecu,sex_t,age_10yrbands_total,edu_isced97_2,2007,50.159
ecu,sex_t,age_10yrbands_total,edu_isced97_2,2008,49.512
ecu,sex_t,age_10yrbands_total,edu_isced97_2,2009,45.613
ecu,sex_t,age_10yrbands_total,edu_isced97_2,2010,44.1
ecu,sex_t,age_10yrbands_total,edu_isced97_2,2011,43.381
ecu,sex_t,age_10yrbands_total,edu_isced97_2,2012,43.343
ecu,sex_t,age_10yrbands_total,edu_isced97_2,2013,42.711
ecu,sex_t,age_10yrbands_total,edu_isced97_2,2014,41.664
ecu,sex_t,age_10yrbands_total,edu_isced97_2,2015,45.016
ecu,sex_t,age_10yrbands_total,edu_isced97_2,2016,46.446
ecu,sex_t,age_10yrbands_total,edu_isced97_2,2017,47.774
ecu,sex_t,age_10yrbands_total,edu_isced97_2,2018,45.909
ecu,sex_t,age_10yrbands_total,edu_isced97_2,2019,45.506
ecu,sex_t,age_10yrbands_total,edu_isced97_2,2021,46.667
ecu,sex_t,age_10yrbands_total,edu_isced97_2,2022,45.671
ecu,sex_t,age_10yrbands_total,edu_isced97_2,2023,44.32
ecu,sex_t,age_10yrbands_total,edu_isced97_2,2024,45.253
ecu,sex_t,age_10yrbands_total,edu_isced97_3,2000,52.7
ecu,sex_t,age_10yrbands_total,edu_isced97_3,2001,60.092
ecu,sex_t,age_10yrbands_total,edu_isced97_3,2003,53.916
ecu,sex_t,age_10yrbands_total,edu_isced97_3,2004,55.036
ecu,sex_t,age_10yrbands_total,edu_isced97_3,2005,52.932
ecu,sex_t,age_10yrbands_total,edu_isced97_3,2006,51.774
ecu,sex_t,age_10yrbands_total,edu_isced97_3,2007,65.285
ecu,sex_t,age_10yrbands_total,edu_isced97_3,2008,64.539
ecu,sex_t,age_10yrbands_total,edu_isced97_3,2009,62.509
ecu,sex_t,age_10yrbands_total,edu_isced97_3,2010,60.529
ecu,sex_t,age_10yrbands_total,edu_isced97_3,2011,61.398
ecu,sex_t,age_10yrbands_total,edu_isced97_3,2012,62.468
ecu,sex_t,age_10yrbands_total,edu_isced97_3,2013,61.642
ecu,sex_t,age_10yrbands_total,edu_isced97_3,2014,62.238
ecu,sex_t,age_10yrbands_total,edu_isced97_3,2015,64.149
ecu,sex_t,age_10yrbands_total,edu_isced97_3,2016,64.481
ecu,sex_t,age_10yrbands_total,edu_isced97_3,2017,66.533
ecu,sex_t,age_10yrbands_total,edu_isced97_3,2018,65.058
ecu,sex_t,age_10yrbands_total,edu_isced97_3,2019,64.378
ecu,sex_t,age_10yrbands_total,edu_isced97_3,2021,64.264
ecu,sex_t,age_10yrbands_total,edu_isced97_3,2022,66.143
ecu,sex_t,age_10yrbands_total,edu_isced97_3,2023,64.564
ecu,sex_t,age_10yrbands_total,edu_isced97_3,2024,64.507
ecu,sex_t,age_10yrbands_total,edu_isced97_4,2003,67.938
ecu,sex_t,age_10yrbands_total,edu_isced97_4,2004,79.028
ecu,sex_t,age_10yrbands_total,edu_isced97_4,2005,78.083
ecu,sex_t,age_10yrbands_total,edu_isced97_4,2006,80.914
ecu,sex_t,age_10yrbands_total,edu_isced97_4,2007,85.096
ecu,sex_t,age_10yrbands_total,edu_isced97_4,2008,78.278
ecu,sex_t,age_10yrbands_total,edu_isced97_4,2009,82.43
ecu,sex_t,age_10yrbands_total,edu_isced97_4,2010,74.426
ecu,sex_t,age_10yrbands_total,edu_isced97_4,2011,79.178
ecu,sex_t,age_10yrbands_total,edu_isced97_4,2012,78.441
ecu,sex_t,age_10yrbands_total,edu_isced97_4,2013,82.021
ecu,sex_t,age_10yrbands_total,edu_isced97_4,2014,78.19
ecu,sex_t,age_10yrbands_total,edu_isced97_4,2015,82.845
ecu,sex_t,age_10yrbands_total,edu_isced97_4,2016,83.433
ecu,sex_t,age_10yrbands_total,edu_isced97_4,2017,83.379
ecu,sex_t,age_10yrbands_total,edu_isced97_4,2018,80.946
ecu,sex_t,age_10yrbands_total,edu_isced97_4,2019,80.719
ecu,sex_t,age_10yrbands_total,edu_isced97_4,2021,78.622
ecu,sex_t,age_10yrbands_total,edu_isced97_4,2022,80.212
ecu,sex_t,age_10yrbands_total,edu_isced97_4,2023,79.516
ecu,sex_t,age_10yrbands_total,edu_isced97_4,2024,78.798
ecu,sex_t,age_10yrbands_total,edu_isced97_5,2000,76.458
ecu,sex_t,age_10yrbands_total,edu_isced97_5,2001,76.635
ecu,sex_t,age_10yrbands_total,edu_isced97_5,2003,78.312
ecu,sex_t,age_10yrbands_total,edu_isced97_5,2004,78.616
ecu,sex_t,age_10yrbands_total,edu_isced97_5,2005,79.717
ecu,sex_t,age_10yrbands_total,edu_isced97_5,2006,81.218
ecu,sex_t,age_10yrbands_total,edu_isced97_5,2007,78.75
ecu,sex_t,age_10yrbands_total,edu_isced97_5,2008,78.887
ecu,sex_t,age_10yrbands_total,edu_isced97_5,2009,74.537
ecu,sex_t,age_10yrbands_total,edu_isced97_5,2010,74.464
ecu,sex_t,age_10yrbands_total,edu_isced97_5,2011,75.459
ecu,sex_t,age_10yrbands_total,edu_isced97_5,2012,75.531
ecu,sex_t,age_10yrbands_total,edu_isced97_5,2013,75.184
ecu,sex_t,age_10yrbands_total,edu_isced97_5,2014,74.136
ecu,sex_t,age_10yrbands_total,edu_isced97_5,2015,75.562
ecu,sex_t,age_10yrbands_total,edu_isced97_5,2016,74.43
ecu,sex_t,age_10yrbands_total,edu_isced97_5,2017,74.759
ecu,sex_t,age_10yrbands_total,edu_isced97_5,2018,74.026
ecu,sex_t,age_10yrbands_total,edu_isced97_5,2019,73.006
ecu,sex_t,age_10yrbands_total,edu_isced97_5,2021,70.492
ecu,sex_t,age_10yrbands_total,edu_isced97_5,2022,72.551
ecu,sex_t,age_10yrbands_total,edu_isced97_5,2023,70.623
ecu,sex_t,age_10yrbands_total,edu_isced97_5,2024,70.736
ecu,sex_t,age_10yrbands_total,edu_isced97_6,2001,87.272
ecu,sex_t,age_10yrbands_total,edu_isced97_6,2003,91.008
ecu,sex_t,age_10yrbands_total,edu_isced97_6,2004,91.835
ecu,sex_t,age_10yrbands_total,edu_isced97_6,2005,95.976
ecu,sex_t,age_10yrbands_total,edu_isced97_6,2006,94.943
ecu,sex_t,age_10yrbands_total,edu_isced97_6,2007,95.187
ecu,sex_t,age_10yrbands_total,edu_isced97_6,2008,93.474
ecu,sex_t,age_10yrbands_total,edu_isced97_6,2009,88.07
ecu,sex_t,age_10yrbands_total,edu_isced97_6,2010,89.204
ecu,sex_t,age_10yrbands_total,edu_isced97_6,2011,88.613
ecu,sex_t,age_10yrbands_total,edu_isced97_6,2012,92.314
ecu,sex_t,age_10yrbands_total,edu_isced97_6,2013,90.018
ecu,sex_t,age_10yrbands_total,edu_isced97_6,2014,89.546
ecu,sex_t,age_10yrbands_total,edu_isced97_6,2015,89.501
ecu,sex_t,age_10yrbands_total,edu_isced97_6,2016,90.172
ecu,sex_t,age_10yrbands_total,edu_isced97_6,2017,87.907
ecu,sex_t,age_10yrbands_total,edu_isced97_6,2018,87.242
ecu,sex_t,age_10yrbands_total,edu_isced97_6,2019,85.151
ecu,sex_t,age_10yrbands_total,edu_isced97_6,2021,84.039
ecu,sex_t,age_10yrbands_total,edu_isced97_6,2022,84.175
ecu,sex_t,age_10yrbands_total,edu_isced97_6,2023,86.116
ecu,sex_t,age_10yrbands_total,edu_isced97_6,2024,85.247
ecu,sex_t,age_10yrbands_total,edu_isced97_total,2000,60.403
ecu,sex_t,age_10yrbands_total,edu_isced97_total,2001,66.396
ecu,sex_t,age_10yrbands_total,edu_isced97_total,2003,61.636
ecu,sex_t,age_10yrbands_total,edu_isced97_total,2004,64.093
ecu,sex_t,age_10yrbands_total,edu_isced97_total,2005,64.446
ecu,sex_t,age_10yrbands_total,edu_isced97_total,2006,65.536
ecu,sex_t,age_10yrbands_total,edu_isced97_total,2007,64.669
ecu,sex_t,age_10yrbands_total,edu_isced97_total,2008,63.943
ecu,sex_t,age_10yrbands_total,edu_isced97_total,2009,61.063
ecu,sex_t,age_10yrbands_total,edu_isced97_total,2010,60.122
ecu,sex_t,age_10yrbands_total,edu_isced97_total,2011,59.643
ecu,sex_t,age_10yrbands_total,edu_isced97_total,2012,60.431
ecu,sex_t,age_10yrbands_total,edu_isced97_total,2013,60.342
ecu,sex_t,age_10yrbands_total,edu_isced97_total,2014,60.44
ecu,sex_t,age_10yrbands_total,edu_isced97_total,2015,63.284
ecu,sex_t,age_10yrbands_total,edu_isced97_total,2016,64.558
ecu,sex_t,age_10yrbands_total,edu_isced97_total,2017,65.539
ecu,sex_t,age_10yrbands_total,edu_isced97_total,2018,64.308
ecu,sex_t,age_10yrbands_total,edu_isced97_total,2019,63.656
ecu,sex_t,age_10yrbands_total,edu_isced97_total,2021,62.728
ecu,sex_t,age_10yrbands_total,edu_isced97_total,2022,63.388
ecu,sex_t,age_10yrbands_total,edu_isced97_total,2023,62.225
ecu,sex_t,age_10yrbands_total,edu_isced97_total,2024,62.311
ecu,sex_t,age_10yrbands_total,edu_isced97_unk,2001,44.524
ecu,sex_t,age_10yrbands_total,edu_isced97_unk,2007,84.476
ecu,sex_t,age_10yrbands_total,edu_isced97_unk,2008,100
ecu,sex_t,age_10yrbands_total,edu_isced97_unk,2012,100
ecu,sex_t,age_10yrbands_total,edu_isced97_unk,2015,37.47
ecu,sex_t,age_10yrbands_total,edu_isced97_unk,2016,63.287
ecu,sex_t,age_10yrbands_total,edu_isced97_unk,2017,62.951
ecu,sex_t,age_10yrbands_total,edu_isced97_unk,2018,63.484
ecu,sex_t,age_10yrbands_total,edu_isced97_unk,2019,66.032
ecu,sex_t,age_10yrbands_total,edu_isced97_unk,2021,77.624
ecu,sex_t,age_10yrbands_total,edu_isced97_unk,2022,59.796
ecu,sex_t,age_10yrbands_total,edu_isced97_unk,2023,78.626
ecu,sex_t,age_10yrbands_total,edu_isced97_unk,2024,79.948
ecu,sex_t,age_10yrbands_total,edu_isced97_x,2000,55.656
ecu,sex_t,age_10yrbands_total,edu_isced97_x,2001,61.929
ecu,sex_t,age_10yrbands_total,edu_isced97_x,2003,54.444
ecu,sex_t,age_10yrbands_total,edu_isced97_x,2004,57.915
ecu,sex_t,age_10yrbands_total,edu_isced97_x,2005,57.321
ecu,sex_t,age_10yrbands_total,edu_isced97_x,2006,57.807
ecu,sex_t,age_10yrbands_total,edu_isced97_x,2007,53.887
ecu,sex_t,age_10yrbands_total,edu_isced97_x,2008,51.992
ecu,sex_t,age_10yrbands_total,edu_isced97_x,2009,49.931
ecu,sex_t,age_10yrbands_total,edu_isced97_x,2010,47.463
ecu,sex_t,age_10yrbands_total,edu_isced97_x,2011,47.817
ecu,sex_t,age_10yrbands_total,edu_isced97_x,2012,47.592
ecu,sex_t,age_10yrbands_total,edu_isced97_x,2013,46.476
ecu,sex_t,age_10yrbands_total,edu_isced97_x,2014,46.403
ecu,sex_t,age_10yrbands_total,edu_isced97_x,2015,50.36
ecu,sex_t,age_10yrbands_total,edu_isced97_x,2016,51.591
ecu,sex_t,age_10yrbands_total,edu_isced97_x,2017,53.573
ecu,sex_t,age_10yrbands_total,edu_isced97_x,2018,54.046
ecu,sex_t,age_10yrbands_total,edu_isced97_x,2019,54.452
ecu,sex_t,age_10yrbands_total,edu_isced97_x,2021,45.281
ecu,sex_t,age_10yrbands_total,edu_isced97_x,2022,45.904
ecu,sex_t,age_10yrbands_total,edu_isced97_x,2023,48.987
ecu,sex_t,age_10yrbands_total,edu_isced97_x,2024,46.751
ecu,sex_t,age_10yrbands_y15_24,edu_aggregate_adv,2000,44.897
ecu,sex_t,age_10yrbands_y15_24,edu_aggregate_adv,2001,48.038
ecu,sex_t,age_10yrbands_y15_24,edu_aggregate_adv,2003,49.047
ecu,sex_t,age_10yrbands_y15_24,edu_aggregate_adv,2004,45.123
ecu,sex_t,age_10yrbands_y15_24,edu_aggregate_adv,2005,50.821
ecu,sex_t,age_10yrbands_y15_24,edu_aggregate_adv,2006,49.958
ecu,sex_t,age_10yrbands_y15_24,edu_aggregate_adv,2007,52.378
ecu,sex_t,age_10yrbands_y15_24,edu_aggregate_adv,2008,47.962
ecu,sex_t,age_10yrbands_y15_24,edu_aggregate_adv,2009,44.361
ecu,sex_t,age_10yrbands_y15_24,edu_aggregate_adv,2010,40.565
ecu,sex_t,age_10yrbands_y15_24,edu_aggregate_adv,2011,42.323
ecu,sex_t,age_10yrbands_y15_24,edu_aggregate_adv,2012,43.614
ecu,sex_t,age_10yrbands_y15_24,edu_aggregate_adv,2013,43.649
ecu,sex_t,age_10yrbands_y15_24,edu_aggregate_adv,2014,40.084
ecu,sex_t,age_10yrbands_y15_24,edu_aggregate_adv,2015,41.298
ecu,sex_t,age_10yrbands_y15_24,edu_aggregate_adv,2016,40.176
ecu,sex_t,age_10yrbands_y15_24,edu_aggregate_adv,2017,42.754
ecu,sex_t,age_10yrbands_y15_24,edu_aggregate_adv,2018,37.858
ecu,sex_t,age_10yrbands_y15_24,edu_aggregate_adv,2019,37.935
ecu,sex_t,age_10yrbands_y15_24,edu_aggregate_adv,2021,38.554
ecu,sex_t,age_10yrbands_y15_24,edu_aggregate_adv,2022,40.498
ecu,sex_t,age_10yrbands_y15_24,edu_aggregate_adv,2023,39.736
ecu,sex_t,age_10yrbands_y15_24,edu_aggregate_adv,2024,39.951
ecu,sex_t,age_10yrbands_y15_24,edu_aggregate_bas,2000,60.547
ecu,sex_t,age_10yrbands_y15_24,edu_aggregate_bas,2001,67.743
ecu,sex_t,age_10yrbands_y15_24,edu_aggregate_bas,2003,47.837
ecu,sex_t,age_10yrbands_y15_24,edu_aggregate_bas,2004,49.682
ecu,sex_t,age_10yrbands_y15_24,edu_aggregate_bas,2005,49.573
ecu,sex_t,age_10yrbands_y15_24,edu_aggregate_bas,2006,52.12
ecu,sex_t,age_10yrbands_y15_24,edu_aggregate_bas,2007,44.385
ecu,sex_t,age_10yrbands_y15_24,edu_aggregate_bas,2008,43.743
ecu,sex_t,age_10yrbands_y15_24,edu_aggregate_bas,2009,40.063
ecu,sex_t,age_10yrbands_y15_24,edu_aggregate_bas,2010,37.423
ecu,sex_t,age_10yrbands_y15_24,edu_aggregate_bas,2011,33.07
ecu,sex_t,age_10yrbands_y15_24,edu_aggregate_bas,2012,33.262
ecu,sex_t,age_10yrbands_y15_24,edu_aggregate_bas,2013,31.716
ecu,sex_t,age_10yrbands_y15_24,edu_aggregate_bas,2014,30.351
ecu,sex_t,age_10yrbands_y15_24,edu_aggregate_bas,2015,32.743
ecu,sex_t,age_10yrbands_y15_24,edu_aggregate_bas,2016,34.406
ecu,sex_t,age_10yrbands_y15_24,edu_aggregate_bas,2017,34.451
ecu,sex_t,age_10yrbands_y15_24,edu_aggregate_bas,2018,33.13
ecu,sex_t,age_10yrbands_y15_24,edu_aggregate_bas,2019,32.246
ecu,sex_t,age_10yrbands_y15_24,edu_aggregate_bas,2021,33.854
ecu,sex_t,age_10yrbands_y15_24,edu_aggregate_bas,2022,32.041
ecu,sex_t,age_10yrbands_y15_24,edu_aggregate_bas,2023,29.916
ecu,sex_t,age_10yrbands_y15_24,edu_aggregate_bas,2024,31.87
ecu,sex_t,age_10yrbands_y15_24,edu_aggregate_int,2000,35.71
ecu,sex_t,age_10yrbands_y15_24,edu_aggregate_int,2001,44.067
ecu,sex_t,age_10yrbands_y15_24,edu_aggregate_int,2003,36.408
ecu,sex_t,age_10yrbands_y15_24,edu_aggregate_int,2004,37.095
ecu,sex_t,age_10yrbands_y15_24,edu_aggregate_int,2005,36.134
ecu,sex_t,age_10yrbands_y15_24,edu_aggregate_int,2006,36.85
ecu,sex_t,age_10yrbands_y15_24,edu_aggregate_int,2007,49.139
ecu,sex_t,age_10yrbands_y15_24,edu_aggregate_int,2008,48.234
ecu,sex_t,age_10yrbands_y15_24,edu_aggregate_int,2009,46.366
ecu,sex_t,age_10yrbands_y15_24,edu_aggregate_int,2010,43.218
ecu,sex_t,age_10yrbands_y15_24,edu_aggregate_int,2011,43.314
ecu,sex_t,age_10yrbands_y15_24,edu_aggregate_int,2012,46.01
ecu,sex_t,age_10yrbands_y15_24,edu_aggregate_int,2013,44.064
ecu,sex_t,age_10yrbands_y15_24,edu_aggregate_int,2014,44.482
ecu,sex_t,age_10yrbands_y15_24,edu_aggregate_int,2015,47.069
ecu,sex_t,age_10yrbands_y15_24,edu_aggregate_int,2016,47.331
ecu,sex_t,age_10yrbands_y15_24,edu_aggregate_int,2017,49.978
ecu,sex_t,age_10yrbands_y15_24,edu_aggregate_int,2018,49.48
ecu,sex_t,age_10yrbands_y15_24,edu_aggregate_int,2019,49.209
ecu,sex_t,age_10yrbands_y15_24,edu_aggregate_int,2021,50.529
ecu,sex_t,age_10yrbands_y15_24,edu_aggregate_int,2022,52.227
ecu,sex_t,age_10yrbands_y15_24,edu_aggregate_int,2023,49.715
ecu,sex_t,age_10yrbands_y15_24,edu_aggregate_int,2024,49.984
ecu,sex_t,age_10yrbands_y15_24,edu_aggregate_ltb,2000,53.43
ecu,sex_t,age_10yrbands_y15_24,edu_aggregate_ltb,2001,60.28
ecu,sex_t,age_10yrbands_y15_24,edu_aggregate_ltb,2003,51.356
ecu,sex_t,age_10yrbands_y15_24,edu_aggregate_ltb,2004,55.963
ecu,sex_t,age_10yrbands_y15_24,edu_aggregate_ltb,2005,57.262
ecu,sex_t,age_10yrbands_y15_24,edu_aggregate_ltb,2006,55.425
ecu,sex_t,age_10yrbands_y15_24,edu_aggregate_ltb,2007,57.916
ecu,sex_t,age_10yrbands_y15_24,edu_aggregate_ltb,2008,55.264
ecu,sex_t,age_10yrbands_y15_24,edu_aggregate_ltb,2009,50.574
ecu,sex_t,age_10yrbands_y15_24,edu_aggregate_ltb,2010,53.957
ecu,sex_t,age_10yrbands_y15_24,edu_aggregate_ltb,2011,49.661
ecu,sex_t,age_10yrbands_y15_24,edu_aggregate_ltb,2012,50.346
ecu,sex_t,age_10yrbands_y15_24,edu_aggregate_ltb,2013,50.248
ecu,sex_t,age_10yrbands_y15_24,edu_aggregate_ltb,2014,45.716
ecu,sex_t,age_10yrbands_y15_24,edu_aggregate_ltb,2015,49.638
ecu,sex_t,age_10yrbands_y15_24,edu_aggregate_ltb,2016,50.265
ecu,sex_t,age_10yrbands_y15_24,edu_aggregate_ltb,2017,49.94
ecu,sex_t,age_10yrbands_y15_24,edu_aggregate_ltb,2018,49.079
ecu,sex_t,age_10yrbands_y15_24,edu_aggregate_ltb,2019,47.757
ecu,sex_t,age_10yrbands_y15_24,edu_aggregate_ltb,2021,40.621
ecu,sex_t,age_10yrbands_y15_24,edu_aggregate_ltb,2022,44.037
ecu,sex_t,age_10yrbands_y15_24,edu_aggregate_ltb,2023,43.03
ecu,sex_t,age_10yrbands_y15_24,edu_aggregate_ltb,2024,42.306
ecu,sex_t,age_10yrbands_y15_24,edu_aggregate_total,2000,46.772
ecu,sex_t,age_10yrbands_y15_24,edu_aggregate_total,2001,54.252
ecu,sex_t,age_10yrbands_y15_24,edu_aggregate_total,2003,46.977
ecu,sex_t,age_10yrbands_y15_24,edu_aggregate_total,2004,48.434
ecu,sex_t,age_10yrbands_y15_24,edu_aggregate_total,2005,48.303
ecu,sex_t,age_10yrbands_y15_24,edu_aggregate_total,2006,49.986
ecu,sex_t,age_10yrbands_y15_24,edu_aggregate_total,2007,47.264
ecu,sex_t,age_10yrbands_y15_24,edu_aggregate_total,2008,46.072
ecu,sex_t,age_10yrbands_y15_24,edu_aggregate_total,2009,42.928
ecu,sex_t,age_10yrbands_y15_24,edu_aggregate_total,2010,40.479
ecu,sex_t,age_10yrbands_y15_24,edu_aggregate_total,2011,37.939
ecu,sex_t,age_10yrbands_y15_24,edu_aggregate_total,2012,39.213
ecu,sex_t,age_10yrbands_y15_24,edu_aggregate_total,2013,37.618
ecu,sex_t,age_10yrbands_y15_24,edu_aggregate_total,2014,36.517
ecu,sex_t,age_10yrbands_y15_24,edu_aggregate_total,2015,38.998
ecu,sex_t,age_10yrbands_y15_24,edu_aggregate_total,2016,40.171
ecu,sex_t,age_10yrbands_y15_24,edu_aggregate_total,2017,41.415
ecu,sex_t,age_10yrbands_y15_24,edu_aggregate_total,2018,40.5
ecu,sex_t,age_10yrbands_y15_24,edu_aggregate_total,2019,40.108
ecu,sex_t,age_10yrbands_y15_24,edu_aggregate_total,2021,41.829
ecu,sex_t,age_10yrbands_y15_24,edu_aggregate_total,2022,42.096
ecu,sex_t,age_10yrbands_y15_24,edu_aggregate_total,2023,40.01
ecu,sex_t,age_10yrbands_y15_24,edu_aggregate_total,2024,40.913
ecu,sex_t,age_10yrbands_y15_24,edu_aggregate_x,2001,43.672
ecu,sex_t,age_10yrbands_y15_24,edu_aggregate_x,2016,37.511
ecu,sex_t,age_10yrbands_y15_24,edu_aggregate_x,2018,44.542
ecu,sex_t,age_10yrbands_y15_24,edu_aggregate_x,2021,44.701
ecu,sex_t,age_10yrbands_y15_24,edu_isced97_0,2000,61.036
ecu,sex_t,age_10yrbands_y15_24,edu_isced97_0,2001,62.016
ecu,sex_t,age_10yrbands_y15_24,edu_isced97_0,2003,59.83
ecu,sex_t,age_10yrbands_y15_24,edu_isced97_0,2004,64.378
ecu,sex_t,age_10yrbands_y15_24,edu_isced97_0,2005,62.981
ecu,sex_t,age_10yrbands_y15_24,edu_isced97_0,2006,62.615
ecu,sex_t,age_10yrbands_y15_24,edu_isced97_0,2007,61.088
ecu,sex_t,age_10yrbands_y15_24,edu_isced97_0,2008,59.917
ecu,sex_t,age_10yrbands_y15_24,edu_isced97_0,2009,53.604
ecu,sex_t,age_10yrbands_y15_24,edu_isced97_0,2010,56.632
ecu,sex_t,age_10yrbands_y15_24,edu_isced97_0,2011,54.69
ecu,sex_t,age_10yrbands_y15_24,edu_isced97_0,2012,56.582
ecu,sex_t,age_10yrbands_y15_24,edu_isced97_0,2013,57.787
ecu,sex_t,age_10yrbands_y15_24,edu_isced97_0,2014,51.48
ecu,sex_t,age_10yrbands_y15_24,edu_isced97_0,2015,58.009
ecu,sex_t,age_10yrbands_y15_24,edu_isced97_0,2016,60.086
ecu,sex_t,age_10yrbands_y15_24,edu_isced97_0,2017,56.683
ecu,sex_t,age_10yrbands_y15_24,edu_isced97_0,2018,57.686
ecu,sex_t,age_10yrbands_y15_24,edu_isced97_0,2019,55.254
ecu,sex_t,age_10yrbands_y15_24,edu_isced97_0,2021,49.399
ecu,sex_t,age_10yrbands_y15_24,edu_isced97_0,2022,56.418
ecu,sex_t,age_10yrbands_y15_24,edu_isced97_0,2023,49.103
ecu,sex_t,age_10yrbands_y15_24,edu_isced97_0,2024,50.46
ecu,sex_t,age_10yrbands_y15_24,edu_isced97_1,2000,66.009
ecu,sex_t,age_10yrbands_y15_24,edu_isced97_1,2001,68.662
ecu,sex_t,age_10yrbands_y15_24,edu_isced97_1,2003,58.22
ecu,sex_t,age_10yrbands_y15_24,edu_isced97_1,2004,62.333
ecu,sex_t,age_10yrbands_y15_24,edu_isced97_1,2005,55.208
ecu,sex_t,age_10yrbands_y15_24,edu_isced97_1,2006,56.056
ecu,sex_t,age_10yrbands_y15_24,edu_isced97_1,2007,59.769
ecu,sex_t,age_10yrbands_y15_24,edu_isced97_1,2008,59.829
ecu,sex_t,age_10yrbands_y15_24,edu_isced97_1,2009,55.823
ecu,sex_t,age_10yrbands_y15_24,edu_isced97_1,2010,56.359
ecu,sex_t,age_10yrbands_y15_24,edu_isced97_1,2011,50.666
ecu,sex_t,age_10yrbands_y15_24,edu_isced97_1,2012,51.75
ecu,sex_t,age_10yrbands_y15_24,edu_isced97_1,2013,49.471
ecu,sex_t,age_10yrbands_y15_24,edu_isced97_1,2014,48.574
ecu,sex_t,age_10yrbands_y15_24,edu_isced97_1,2015,50.438
ecu,sex_t,age_10yrbands_y15_24,edu_isced97_1,2016,52.922
ecu,sex_t,age_10yrbands_y15_24,edu_isced97_1,2017,52.404
ecu,sex_t,age_10yrbands_y15_24,edu_isced97_1,2018,50.363
ecu,sex_t,age_10yrbands_y15_24,edu_isced97_1,2019,49.52
ecu,sex_t,age_10yrbands_y15_24,edu_isced97_1,2021,49.486
ecu,sex_t,age_10yrbands_y15_24,edu_isced97_1,2022,49.927
ecu,sex_t,age_10yrbands_y15_24,edu_isced97_1,2023,50.981
ecu,sex_t,age_10yrbands_y15_24,edu_isced97_1,2024,52.974
ecu,sex_t,age_10yrbands_y15_24,edu_isced97_2,2000,59.733
ecu,sex_t,age_10yrbands_y15_24,edu_isced97_2,2001,67.592
ecu,sex_t,age_10yrbands_y15_24,edu_isced97_2,2003,38.205
ecu,sex_t,age_10yrbands_y15_24,edu_isced97_2,2004,38.608
ecu,sex_t,age_10yrbands_y15_24,edu_isced97_2,2005,43.285
ecu,sex_t,age_10yrbands_y15_24,edu_isced97_2,2006,47.232
ecu,sex_t,age_10yrbands_y15_24,edu_isced97_2,2007,30.75
ecu,sex_t,age_10yrbands_y15_24,edu_isced97_2,2008,30.554
ecu,sex_t,age_10yrbands_y15_24,edu_isced97_2,2009,28.108
ecu,sex_t,age_10yrbands_y15_24,edu_isced97_2,2010,24.661
ecu,sex_t,age_10yrbands_y15_24,edu_isced97_2,2011,22.106
ecu,sex_t,age_10yrbands_y15_24,edu_isced97_2,2012,23.246
ecu,sex_t,age_10yrbands_y15_24,edu_isced97_2,2013,22.018
ecu,sex_t,age_10yrbands_y15_24,edu_isced97_2,2014,20.508
ecu,sex_t,age_10yrbands_y15_24,edu_isced97_2,2015,23.809
ecu,sex_t,age_10yrbands_y15_24,edu_isced97_2,2016,26.835
ecu,sex_t,age_10yrbands_y15_24,edu_isced97_2,2017,28.125
ecu,sex_t,age_10yrbands_y15_24,edu_isced97_2,2018,27.107
ecu,sex_t,age_10yrbands_y15_24,edu_isced97_2,2019,26.771
ecu,sex_t,age_10yrbands_y15_24,edu_isced97_2,2021,29.012
ecu,sex_t,age_10yrbands_y15_24,edu_isced97_2,2022,26.872
ecu,sex_t,age_10yrbands_y15_24,edu_isced97_2,2023,24.3
ecu,sex_t,age_10yrbands_y15_24,edu_isced97_2,2024,26.201
ecu,sex_t,age_10yrbands_y15_24,edu_isced97_3,2000,35.71
ecu,sex_t,age_10yrbands_y15_24,edu_isced97_3,2001,44.067
ecu,sex_t,age_10yrbands_y15_24,edu_isced97_3,2003,35.91
ecu,sex_t,age_10yrbands_y15_24,edu_isced97_3,2004,36.086
ecu,sex_t,age_10yrbands_y15_24,edu_isced97_3,2005,34.966
ecu,sex_t,age_10yrbands_y15_24,edu_isced97_3,2006,36.704
ecu,sex_t,age_10yrbands_y15_24,edu_isced97_3,2007,48.885
ecu,sex_t,age_10yrbands_y15_24,edu_isced97_3,2008,48.142
ecu,sex_t,age_10yrbands_y15_24,edu_isced97_3,2009,46.276
ecu,sex_t,age_10yrbands_y15_24,edu_isced97_3,2010,43.036
ecu,sex_t,age_10yrbands_y15_24,edu_isced97_3,2011,43.169
ecu,sex_t,age_10yrbands_y15_24,edu_isced97_3,2012,45.918
ecu,sex_t,age_10yrbands_y15_24,edu_isced97_3,2013,43.874
ecu,sex_t,age_10yrbands_y15_24,edu_isced97_3,2014,44.428
ecu,sex_t,age_10yrbands_y15_24,edu_isced97_3,2015,46.813
ecu,sex_t,age_10yrbands_y15_24,edu_isced97_3,2016,47.116
ecu,sex_t,age_10yrbands_y15_24,edu_isced97_3,2017,49.718
ecu,sex_t,age_10yrbands_y15_24,edu_isced97_3,2018,49.307
ecu,sex_t,age_10yrbands_y15_24,edu_isced97_3,2019,49.109
ecu,sex_t,age_10yrbands_y15_24,edu_isced97_3,2021,50.173
ecu,sex_t,age_10yrbands_y15_24,edu_isced97_3,2022,51.915
ecu,sex_t,age_10yrbands_y15_24,edu_isced97_3,2023,49.344
ecu,sex_t,age_10yrbands_y15_24,edu_isced97_3,2024,49.702
ecu,sex_t,age_10yrbands_y15_24,edu_isced97_4,2003,46.905
ecu,sex_t,age_10yrbands_y15_24,edu_isced97_4,2004,64.552
ecu,sex_t,age_10yrbands_y15_24,edu_isced97_4,2005,66.604
ecu,sex_t,age_10yrbands_y15_24,edu_isced97_4,2006,47.965
ecu,sex_t,age_10yrbands_y15_24,edu_isced97_4,2007,86.018
ecu,sex_t,age_10yrbands_y15_24,edu_isced97_4,2008,68.214
ecu,sex_t,age_10yrbands_y15_24,edu_isced97_4,2009,69.511
ecu,sex_t,age_10yrbands_y15_24,edu_isced97_4,2010,69.371
ecu,sex_t,age_10yrbands_y15_24,edu_isced97_4,2011,65.487
ecu,sex_t,age_10yrbands_y15_24,edu_isced97_4,2012,67.105
ecu,sex_t,age_10yrbands_y15_24,edu_isced97_4,2013,64.74
ecu,sex_t,age_10yrbands_y15_24,edu_isced97_4,2014,51.303
ecu,sex_t,age_10yrbands_y15_24,edu_isced97_4,2015,72.647
ecu,sex_t,age_10yrbands_y15_24,edu_isced97_4,2016,64.553
ecu,sex_t,age_10yrbands_y15_24,edu_isced97_4,2017,71.394
ecu,sex_t,age_10yrbands_y15_24,edu_isced97_4,2018,68.167
ecu,sex_t,age_10yrbands_y15_24,edu_isced97_4,2019,60.243
ecu,sex_t,age_10yrbands_y15_24,edu_isced97_4,2021,73.326
ecu,sex_t,age_10yrbands_y15_24,edu_isced97_4,2022,69.32
ecu,sex_t,age_10yrbands_y15_24,edu_isced97_4,2023,65.862
ecu,sex_t,age_10yrbands_y15_24,edu_isced97_4,2024,62.921
ecu,sex_t,age_10yrbands_y15_24,edu_isced97_5,2000,44.897
ecu,sex_t,age_10yrbands_y15_24,edu_isced97_5,2001,48.21
ecu,sex_t,age_10yrbands_y15_24,edu_isced97_5,2003,49.082
ecu,sex_t,age_10yrbands_y15_24,edu_isced97_5,2004,45.076
ecu,sex_t,age_10yrbands_y15_24,edu_isced97_5,2005,50.881
ecu,sex_t,age_10yrbands_y15_24,edu_isced97_5,2006,49.958
ecu,sex_t,age_10yrbands_y15_24,edu_isced97_5,2007,52.161
ecu,sex_t,age_10yrbands_y15_24,edu_isced97_5,2008,47.971
ecu,sex_t,age_10yrbands_y15_24,edu_isced97_5,2009,44.213
ecu,sex_t,age_10yrbands_y15_24,edu_isced97_5,2010,40.527
ecu,sex_t,age_10yrbands_y15_24,edu_isced97_5,2011,42.139
ecu,sex_t,age_10yrbands_y15_24,edu_isced97_5,2012,43.498
ecu,sex_t,age_10yrbands_y15_24,edu_isced97_5,2013,43.467
ecu,sex_t,age_10yrbands_y15_24,edu_isced97_5,2014,40.055
ecu,sex_t,age_10yrbands_y15_24,edu_isced97_5,2015,41.208
ecu,sex_t,age_10yrbands_y15_24,edu_isced97_5,2016,40.115
ecu,sex_t,age_10yrbands_y15_24,edu_isced97_5,2017,42.798
ecu,sex_t,age_10yrbands_y15_24,edu_isced97_5,2018,37.853
ecu,sex_t,age_10yrbands_y15_24,edu_isced97_5,2019,37.879
ecu,sex_t,age_10yrbands_y15_24,edu_isced97_5,2021,38.503
ecu,sex_t,age_10yrbands_y15_24,edu_isced97_5,2022,40.358
ecu,sex_t,age_10yrbands_y15_24,edu_isced97_5,2023,39.608
ecu,sex_t,age_10yrbands_y15_24,edu_isced97_5,2024,39.732
ecu,sex_t,age_10yrbands_y15_24,edu_isced97_6,2011,83.315
ecu,sex_t,age_10yrbands_y15_24,edu_isced97_6,2015,100
ecu,sex_t,age_10yrbands_y15_24,edu_isced97_6,2016,88.943
ecu,sex_t,age_10yrbands_y15_24,edu_isced97_6,2019,67.605
ecu,sex_t,age_10yrbands_y15_24,edu_isced97_6,2021,52.179
ecu,sex_t,age_10yrbands_y15_24,edu_isced97_6,2022,70.567
ecu,sex_t,age_10yrbands_y15_24,edu_isced97_6,2023,67.754
ecu,sex_t,age_10yrbands_y15_24,edu_isced97_6,2024,64.766
ecu,sex_t,age_10yrbands_y15_24,edu_isced97_total,2000,46.772
ecu,sex_t,age_10yrbands_y15_24,edu_isced97_total,2001,54.252
ecu,sex_t,age_10yrbands_y15_24,edu_isced97_total,2003,46.977
ecu,sex_t,age_10yrbands_y15_24,edu_isced97_total,2004,48.434
ecu,sex_t,age_10yrbands_y15_24,edu_isced97_total,2005,48.303
ecu,sex_t,age_10yrbands_y15_24,edu_isced97_total,2006,49.986
ecu,sex_t,age_10yrbands_y15_24,edu_isced97_total,2007,47.264
ecu,sex_t,age_10yrbands_y15_24,edu_isced97_total,2008,46.072
ecu,sex_t,age_10yrbands_y15_24,edu_isced97_total,2009,42.928
ecu,sex_t,age_10yrbands_y15_24,edu_isced97_total,2010,40.479
ecu,sex_t,age_10yrbands_y15_24,edu_isced97_total,2011,37.939
ecu,sex_t,age_10yrbands_y15_24,edu_isced97_total,2012,39.213
ecu,sex_t,age_10yrbands_y15_24,edu_isced97_total,2013,37.618
ecu,sex_t,age_10yrbands_y15_24,edu_isced97_total,2014,36.517
ecu,sex_t,age_10yrbands_y15_24,edu_isced97_total,2015,38.998
ecu,sex_t,age_10yrbands_y15_24,edu_isced97_total,2016,40.171
ecu,sex_t,age_10yrbands_y15_24,edu_isced97_total,2017,41.415
ecu,sex_t,age_10yrbands_y15_24,edu_isced97_total,2018,40.5
ecu,sex_t,age_10yrbands_y15_24,edu_isced97_total,2019,40.108
ecu,sex_t,age_10yrbands_y15_24,edu_isced97_total,2021,41.829
ecu,sex_t,age_10yrbands_y15_24,edu_isced97_total,2022,42.096
ecu,sex_t,age_10yrbands_y15_24,edu_isced97_total,2023,40.01
ecu,sex_t,age_10yrbands_y15_24,edu_isced97_total,2024,40.913
ecu,sex_t,age_10yrbands_y15_24,edu_isced97_unk,2001,43.672
ecu,sex_t,age_10yrbands_y15_24,edu_isced97_unk,2016,37.511
ecu,sex_t,age_10yrbands_y15_24,edu_isced97_unk,2018,44.542
ecu,sex_t,age_10yrbands_y15_24,edu_isced97_unk,2021,44.701
ecu,sex_t,age_10yrbands_y15_24,edu_isced97_x,2000,45.884
ecu,sex_t,age_10yrbands_y15_24,edu_isced97_x,2001,57.786
ecu,sex_t,age_10yrbands_y15_24,edu_isced97_x,2003,42.507
ecu,sex_t,age_10yrbands_y15_24,edu_isced97_x,2004,46.343
ecu,sex_t,age_10yrbands_y15_24,edu_isced97_x,2005,50.948
ecu,sex_t,age_10yrbands_y15_24,edu_isced97_x,2006,49.107
ecu,sex_t,age_10yrbands_y15_24,edu_isced97_x,2007,40.283
ecu,sex_t,age_10yrbands_y15_24,edu_isced97_x,2008,33.565
ecu,sex_t,age_10yrbands_y15_24,edu_isced97_x,2009,33.36
ecu,sex_t,age_10yrbands_y15_24,edu_isced97_x,2010,39.735
ecu,sex_t,age_10yrbands_y15_24,edu_isced97_x,2011,28.702
ecu,sex_t,age_10yrbands_y15_24,edu_isced97_x,2012,24.095
ecu,sex_t,age_10yrbands_y15_24,edu_isced97_x,2013,24.913
ecu,sex_t,age_10yrbands_y15_24,edu_isced97_x,2014,20.675
ecu,sex_t,age_10yrbands_y15_24,edu_isced97_x,2015,16.263
ecu,sex_t,age_10yrbands_y15_24,edu_isced97_x,2016,15.002
ecu,sex_t,age_10yrbands_y15_24,edu_isced97_x,2017,22.406
ecu,sex_t,age_10yrbands_y15_24,edu_isced97_x,2018,17.108
ecu,sex_t,age_10yrbands_y15_24,edu_isced97_x,2019,23.065
ecu,sex_t,age_10yrbands_y15_24,edu_isced97_x,2021,12.401
ecu,sex_t,age_10yrbands_y15_24,edu_isced97_x,2022,8.63
ecu,sex_t,age_10yrbands_y15_24,edu_isced97_x,2023,26.28
ecu,sex_t,age_10yrbands_y15_24,edu_isced97_x,2024,19.142
ecu,sex_t,age_10yrbands_y25_34,edu_aggregate_adv,2000,79.335
ecu,sex_t,age_10yrbands_y25_34,edu_aggregate_adv,2001,79.432
ecu,sex_t,age_10yrbands_y25_34,edu_aggregate_adv,2003,79.5
ecu,sex_t,age_10yrbands_y25_34,edu_aggregate_adv,2004,81.594
ecu,sex_t,age_10yrbands_y25_34,edu_aggregate_adv,2005,82.086
ecu,sex_t,age_10yrbands_y25_34,edu_aggregate_adv,2006,83.595
ecu,sex_t,age_10yrbands_y25_34,edu_aggregate_adv,2007,80.922
ecu,sex_t,age_10yrbands_y25_34,edu_aggregate_adv,2008,81.928
ecu,sex_t,age_10yrbands_y25_34,edu_aggregate_adv,2009,74.665
ecu,sex_t,age_10yrbands_y25_34,edu_aggregate_adv,2010,78.908
ecu,sex_t,age_10yrbands_y25_34,edu_aggregate_adv,2011,79.16
ecu,sex_t,age_10yrbands_y25_34,edu_aggregate_adv,2012,81.222
ecu,sex_t,age_10yrbands_y25_34,edu_aggregate_adv,2013,81.055
ecu,sex_t,age_10yrbands_y25_34,edu_aggregate_adv,2014,79.758
ecu,sex_t,age_10yrbands_y25_34,edu_aggregate_adv,2015,79.373
ecu,sex_t,age_10yrbands_y25_34,edu_aggregate_adv,2016,78.834
ecu,sex_t,age_10yrbands_y25_34,edu_aggregate_adv,2017,78.074
ecu,sex_t,age_10yrbands_y25_34,edu_aggregate_adv,2018,79.704
ecu,sex_t,age_10yrbands_y25_34,edu_aggregate_adv,2019,79.084
ecu,sex_t,age_10yrbands_y25_34,edu_aggregate_adv,2021,76.997
ecu,sex_t,age_10yrbands_y25_34,edu_aggregate_adv,2022,79.593
ecu,sex_t,age_10yrbands_y25_34,edu_aggregate_adv,2023,77.735
ecu,sex_t,age_10yrbands_y25_34,edu_aggregate_adv,2024,78.272
ecu,sex_t,age_10yrbands_y25_34,edu_aggregate_bas,2000,70.472
ecu,sex_t,age_10yrbands_y25_34,edu_aggregate_bas,2001,74.687
ecu,sex_t,age_10yrbands_y25_34,edu_aggregate_bas,2003,71.026
ecu,sex_t,age_10yrbands_y25_34,edu_aggregate_bas,2004,72.986
ecu,sex_t,age_10yrbands_y25_34,edu_aggregate_bas,2005,73.68
ecu,sex_t,age_10yrbands_y25_34,edu_aggregate_bas,2006,75.812
ecu,sex_t,age_10yrbands_y25_34,edu_aggregate_bas,2007,74.539
ecu,sex_t,age_10yrbands_y25_34,edu_aggregate_bas,2008,74.136
ecu,sex_t,age_10yrbands_y25_34,edu_aggregate_bas,2009,70.468
ecu,sex_t,age_10yrbands_y25_34,edu_aggregate_bas,2010,71.524
ecu,sex_t,age_10yrbands_y25_34,edu_aggregate_bas,2011,72.13
ecu,sex_t,age_10yrbands_y25_34,edu_aggregate_bas,2012,73.944
ecu,sex_t,age_10yrbands_y25_34,edu_aggregate_bas,2013,72.127
ecu,sex_t,age_10yrbands_y25_34,edu_aggregate_bas,2014,71.088
ecu,sex_t,age_10yrbands_y25_34,edu_aggregate_bas,2015,74.551
ecu,sex_t,age_10yrbands_y25_34,edu_aggregate_bas,2016,74.703
ecu,sex_t,age_10yrbands_y25_34,edu_aggregate_bas,2017,76.52
ecu,sex_t,age_10yrbands_y25_34,edu_aggregate_bas,2018,75.549
ecu,sex_t,age_10yrbands_y25_34,edu_aggregate_bas,2019,73.97
ecu,sex_t,age_10yrbands_y25_34,edu_aggregate_bas,2021,72.811
ecu,sex_t,age_10yrbands_y25_34,edu_aggregate_bas,2022,72.418
ecu,sex_t,age_10yrbands_y25_34,edu_aggregate_bas,2023,73.06
ecu,sex_t,age_10yrbands_y25_34,edu_aggregate_bas,2024,70.968
ecu,sex_t,age_10yrbands_y25_34,edu_aggregate_int,2000,69.848
ecu,sex_t,age_10yrbands_y25_34,edu_aggregate_int,2001,75.686
ecu,sex_t,age_10yrbands_y25_34,edu_aggregate_int,2003,68.568
ecu,sex_t,age_10yrbands_y25_34,edu_aggregate_int,2004,73.737
ecu,sex_t,age_10yrbands_y25_34,edu_aggregate_int,2005,76.1
ecu,sex_t,age_10yrbands_y25_34,edu_aggregate_int,2006,76.144
ecu,sex_t,age_10yrbands_y25_34,edu_aggregate_int,2007,74.829
ecu,sex_t,age_10yrbands_y25_34,edu_aggregate_int,2008,75.376
ecu,sex_t,age_10yrbands_y25_34,edu_aggregate_int,2009,74.991
ecu,sex_t,age_10yrbands_y25_34,edu_aggregate_int,2010,74.437
ecu,sex_t,age_10yrbands_y25_34,edu_aggregate_int,2011,76.016
ecu,sex_t,age_10yrbands_y25_34,edu_aggregate_int,2012,75.458
ecu,sex_t,age_10yrbands_y25_34,edu_aggregate_int,2013,74.263
ecu,sex_t,age_10yrbands_y25_34,edu_aggregate_int,2014,73.885
ecu,sex_t,age_10yrbands_y25_34,edu_aggregate_int,2015,75.147
ecu,sex_t,age_10yrbands_y25_34,edu_aggregate_int,2016,76.257
ecu,sex_t,age_10yrbands_y25_34,edu_aggregate_int,2017,77.24
ecu,sex_t,age_10yrbands_y25_34,edu_aggregate_int,2018,75.734
ecu,sex_t,age_10yrbands_y25_34,edu_aggregate_int,2019,75.5
ecu,sex_t,age_10yrbands_y25_34,edu_aggregate_int,2021,74.619
ecu,sex_t,age_10yrbands_y25_34,edu_aggregate_int,2022,76.67
ecu,sex_t,age_10yrbands_y25_34,edu_aggregate_int,2023,74.699
ecu,sex_t,age_10yrbands_y25_34,edu_aggregate_int,2024,73.329
ecu,sex_t,age_10yrbands_y25_34,edu_aggregate_ltb,2000,64.591
ecu,sex_t,age_10yrbands_y25_34,edu_aggregate_ltb,2001,69.518
ecu,sex_t,age_10yrbands_y25_34,edu_aggregate_ltb,2003,62.914
ecu,sex_t,age_10yrbands_y25_34,edu_aggregate_ltb,2004,65.688
ecu,sex_t,age_10yrbands_y25_34,edu_aggregate_ltb,2005,65.251
ecu,sex_t,age_10yrbands_y25_34,edu_aggregate_ltb,2006,71.578
ecu,sex_t,age_10yrbands_y25_34,edu_aggregate_ltb,2007,68.221
ecu,sex_t,age_10yrbands_y25_34,edu_aggregate_ltb,2008,66.993
ecu,sex_t,age_10yrbands_y25_34,edu_aggregate_ltb,2009,63.746
ecu,sex_t,age_10yrbands_y25_34,edu_aggregate_ltb,2010,63.555
ecu,sex_t,age_10yrbands_y25_34,edu_aggregate_ltb,2011,62.069
ecu,sex_t,age_10yrbands_y25_34,edu_aggregate_ltb,2012,60.761
ecu,sex_t,age_10yrbands_y25_34,edu_aggregate_ltb,2013,62.952
ecu,sex_t,age_10yrbands_y25_34,edu_aggregate_ltb,2014,66.054
ecu,sex_t,age_10yrbands_y25_34,edu_aggregate_ltb,2015,66.352
ecu,sex_t,age_10yrbands_y25_34,edu_aggregate_ltb,2016,69.882
ecu,sex_t,age_10yrbands_y25_34,edu_aggregate_ltb,2017,66.724
ecu,sex_t,age_10yrbands_y25_34,edu_aggregate_ltb,2018,67.921
ecu,sex_t,age_10yrbands_y25_34,edu_aggregate_ltb,2019,68.032
ecu,sex_t,age_10yrbands_y25_34,edu_aggregate_ltb,2021,62.874
ecu,sex_t,age_10yrbands_y25_34,edu_aggregate_ltb,2022,56.312
ecu,sex_t,age_10yrbands_y25_34,edu_aggregate_ltb,2023,58.272
ecu,sex_t,age_10yrbands_y25_34,edu_aggregate_ltb,2024,59.98
ecu,sex_t,age_10yrbands_y25_34,edu_aggregate_total,2000,71.358
ecu,sex_t,age_10yrbands_y25_34,edu_aggregate_total,2001,75.6
ecu,sex_t,age_10yrbands_y25_34,edu_aggregate_total,2003,71.79
ecu,sex_t,age_10yrbands_y25_34,edu_aggregate_total,2004,74.115
ecu,sex_t,age_10yrbands_y25_34,edu_aggregate_total,2005,74.909
ecu,sex_t,age_10yrbands_y25_34,edu_aggregate_total,2006,77.029
ecu,sex_t,age_10yrbands_y25_34,edu_aggregate_total,2007,75.048
ecu,sex_t,age_10yrbands_y25_34,edu_aggregate_total,2008,75.293
ecu,sex_t,age_10yrbands_y25_34,edu_aggregate_total,2009,72.076
ecu,sex_t,age_10yrbands_y25_34,edu_aggregate_total,2010,73.364
ecu,sex_t,age_10yrbands_y25_34,edu_aggregate_total,2011,74.223
ecu,sex_t,age_10yrbands_y25_34,edu_aggregate_total,2012,75.293
ecu,sex_t,age_10yrbands_y25_34,edu_aggregate_total,2013,74.147
ecu,sex_t,age_10yrbands_y25_34,edu_aggregate_total,2014,73.518
ecu,sex_t,age_10yrbands_y25_34,edu_aggregate_total,2015,75.245
ecu,sex_t,age_10yrbands_y25_34,edu_aggregate_total,2016,75.827
ecu,sex_t,age_10yrbands_y25_34,edu_aggregate_total,2017,76.514
ecu,sex_t,age_10yrbands_y25_34,edu_aggregate_total,2018,76.104
ecu,sex_t,age_10yrbands_y25_34,edu_aggregate_total,2019,75.423
ecu,sex_t,age_10yrbands_y25_34,edu_aggregate_total,2021,74.142
ecu,sex_t,age_10yrbands_y25_34,edu_aggregate_total,2022,75.3
ecu,sex_t,age_10yrbands_y25_34,edu_aggregate_total,2023,74.295
ecu,sex_t,age_10yrbands_y25_34,edu_aggregate_total,2024,73.298
ecu,sex_t,age_10yrbands_y25_34,edu_aggregate_x,2016,61.873
ecu,sex_t,age_10yrbands_y25_34,edu_aggregate_x,2017,66.237
ecu,sex_t,age_10yrbands_y25_34,edu_aggregate_x,2018,49.83
ecu,sex_t,age_10yrbands_y25_34,edu_aggregate_x,2019,69.893
ecu,sex_t,age_10yrbands_y25_34,edu_aggregate_x,2021,84.117
ecu,sex_t,age_10yrbands_y25_34,edu_isced97_0,2000,68.513
ecu,sex_t,age_10yrbands_y25_34,edu_isced97_0,2001,72.127
ecu,sex_t,age_10yrbands_y25_34,edu_isced97_0,2003,66.289
ecu,sex_t,age_10yrbands_y25_34,edu_isced97_0,2004,72.157
ecu,sex_t,age_10yrbands_y25_34,edu_isced97_0,2005,69.649
ecu,sex_t,age_10yrbands_y25_34,edu_isced97_0,2006,76.559
ecu,sex_t,age_10yrbands_y25_34,edu_isced97_0,2007,72.491
ecu,sex_t,age_10yrbands_y25_34,edu_isced97_0,2008,71.799
ecu,sex_t,age_10yrbands_y25_34,edu_isced97_0,2009,69.597
ecu,sex_t,age_10yrbands_y25_34,edu_isced97_0,2010,68.285
ecu,sex_t,age_10yrbands_y25_34,edu_isced97_0,2011,67.102
ecu,sex_t,age_10yrbands_y25_34,edu_isced97_0,2012,67.82
ecu,sex_t,age_10yrbands_y25_34,edu_isced97_0,2013,69.808
ecu,sex_t,age_10yrbands_y25_34,edu_isced97_0,2014,70.333
ecu,sex_t,age_10yrbands_y25_34,edu_isced97_0,2015,70.324
ecu,sex_t,age_10yrbands_y25_34,edu_isced97_0,2016,75.476
ecu,sex_t,age_10yrbands_y25_34,edu_isced97_0,2017,72.138
ecu,sex_t,age_10yrbands_y25_34,edu_isced97_0,2018,72.61
ecu,sex_t,age_10yrbands_y25_34,edu_isced97_0,2019,73.135
ecu,sex_t,age_10yrbands_y25_34,edu_isced97_0,2021,70.322
ecu,sex_t,age_10yrbands_y25_34,edu_isced97_0,2022,68.956
ecu,sex_t,age_10yrbands_y25_34,edu_isced97_0,2023,68.661
ecu,sex_t,age_10yrbands_y25_34,edu_isced97_0,2024,70.428
ecu,sex_t,age_10yrbands_y25_34,edu_isced97_1,2000,68.81
ecu,sex_t,age_10yrbands_y25_34,edu_isced97_1,2001,74.78
ecu,sex_t,age_10yrbands_y25_34,edu_isced97_1,2003,69.528
ecu,sex_t,age_10yrbands_y25_34,edu_isced97_1,2004,72.809
ecu,sex_t,age_10yrbands_y25_34,edu_isced97_1,2005,73.543
ecu,sex_t,age_10yrbands_y25_34,edu_isced97_1,2006,75.133
ecu,sex_t,age_10yrbands_y25_34,edu_isced97_1,2007,74.094
ecu,sex_t,age_10yrbands_y25_34,edu_isced97_1,2008,74.329
ecu,sex_t,age_10yrbands_y25_34,edu_isced97_1,2009,71.183
ecu,sex_t,age_10yrbands_y25_34,edu_isced97_1,2010,72.554
ecu,sex_t,age_10yrbands_y25_34,edu_isced97_1,2011,72.954
ecu,sex_t,age_10yrbands_y25_34,edu_isced97_1,2012,73.974
ecu,sex_t,age_10yrbands_y25_34,edu_isced97_1,2013,72.02
ecu,sex_t,age_10yrbands_y25_34,edu_isced97_1,2014,71.085
ecu,sex_t,age_10yrbands_y25_34,edu_isced97_1,2015,75.329
ecu,sex_t,age_10yrbands_y25_34,edu_isced97_1,2016,76.118
ecu,sex_t,age_10yrbands_y25_34,edu_isced97_1,2017,77.469
ecu,sex_t,age_10yrbands_y25_34,edu_isced97_1,2018,76.714
ecu,sex_t,age_10yrbands_y25_34,edu_isced97_1,2019,74.836
ecu,sex_t,age_10yrbands_y25_34,edu_isced97_1,2021,73.645
ecu,sex_t,age_10yrbands_y25_34,edu_isced97_1,2022,72.864
ecu,sex_t,age_10yrbands_y25_34,edu_isced97_1,2023,73.595
ecu,sex_t,age_10yrbands_y25_34,edu_isced97_1,2024,70.177
ecu,sex_t,age_10yrbands_y25_34,edu_isced97_2,2000,70.827
ecu,sex_t,age_10yrbands_y25_34,edu_isced97_2,2001,74.667
ecu,sex_t,age_10yrbands_y25_34,edu_isced97_2,2003,72.721
ecu,sex_t,age_10yrbands_y25_34,edu_isced97_2,2004,73.184
ecu,sex_t,age_10yrbands_y25_34,edu_isced97_2,2005,73.832
ecu,sex_t,age_10yrbands_y25_34,edu_isced97_2,2006,76.536
ecu,sex_t,age_10yrbands_y25_34,edu_isced97_2,2007,75.632
ecu,sex_t,age_10yrbands_y25_34,edu_isced97_2,2008,73.661
ecu,sex_t,age_10yrbands_y25_34,edu_isced97_2,2009,68.65
ecu,sex_t,age_10yrbands_y25_34,edu_isced97_2,2010,69.062
ecu,sex_t,age_10yrbands_y25_34,edu_isced97_2,2011,70.207
ecu,sex_t,age_10yrbands_y25_34,edu_isced97_2,2012,73.878
ecu,sex_t,age_10yrbands_y25_34,edu_isced97_2,2013,72.376
ecu,sex_t,age_10yrbands_y25_34,edu_isced97_2,2014,71.096
ecu,sex_t,age_10yrbands_y25_34,edu_isced97_2,2015,72.674
ecu,sex_t,age_10yrbands_y25_34,edu_isced97_2,2016,71.472
ecu,sex_t,age_10yrbands_y25_34,edu_isced97_2,2017,74.427
ecu,sex_t,age_10yrbands_y25_34,edu_isced97_2,2018,72.859
ecu,sex_t,age_10yrbands_y25_34,edu_isced97_2,2019,72.044
ecu,sex_t,age_10yrbands_y25_34,edu_isced97_2,2021,71.244
ecu,sex_t,age_10yrbands_y25_34,edu_isced97_2,2022,71.564
ecu,sex_t,age_10yrbands_y25_34,edu_isced97_2,2023,72.073
ecu,sex_t,age_10yrbands_y25_34,edu_isced97_2,2024,72.433
ecu,sex_t,age_10yrbands_y25_34,edu_isced97_3,2000,69.848
ecu,sex_t,age_10yrbands_y25_34,edu_isced97_3,2001,75.686
ecu,sex_t,age_10yrbands_y25_34,edu_isced97_3,2003,69.593
ecu,sex_t,age_10yrbands_y25_34,edu_isced97_3,2004,72.486
ecu,sex_t,age_10yrbands_y25_34,edu_isced97_3,2005,76.396
ecu,sex_t,age_10yrbands_y25_34,edu_isced97_3,2006,74.321
ecu,sex_t,age_10yrbands_y25_34,edu_isced97_3,2007,74.611
ecu,sex_t,age_10yrbands_y25_34,edu_isced97_3,2008,75.148
ecu,sex_t,age_10yrbands_y25_34,edu_isced97_3,2009,74.934
ecu,sex_t,age_10yrbands_y25_34,edu_isced97_3,2010,74.341
ecu,sex_t,age_10yrbands_y25_34,edu_isced97_3,2011,75.921
ecu,sex_t,age_10yrbands_y25_34,edu_isced97_3,2012,75.214
ecu,sex_t,age_10yrbands_y25_34,edu_isced97_3,2013,74.013
ecu,sex_t,age_10yrbands_y25_34,edu_isced97_3,2014,73.643
ecu,sex_t,age_10yrbands_y25_34,edu_isced97_3,2015,74.808
ecu,sex_t,age_10yrbands_y25_34,edu_isced97_3,2016,75.796
ecu,sex_t,age_10yrbands_y25_34,edu_isced97_3,2017,76.696
ecu,sex_t,age_10yrbands_y25_34,edu_isced97_3,2018,75.365
ecu,sex_t,age_10yrbands_y25_34,edu_isced97_3,2019,75.163
ecu,sex_t,age_10yrbands_y25_34,edu_isced97_3,2021,74.254
ecu,sex_t,age_10yrbands_y25_34,edu_isced97_3,2022,76.331
ecu,sex_t,age_10yrbands_y25_34,edu_isced97_3,2023,74.017
ecu,sex_t,age_10yrbands_y25_34,edu_isced97_3,2024,72.511
ecu,sex_t,age_10yrbands_y25_34,edu_isced97_4,2003,64.352
ecu,sex_t,age_10yrbands_y25_34,edu_isced97_4,2004,80.914
ecu,sex_t,age_10yrbands_y25_34,edu_isced97_4,2005,74.38
ecu,sex_t,age_10yrbands_y25_34,edu_isced97_4,2006,88.248
ecu,sex_t,age_10yrbands_y25_34,edu_isced97_4,2007,88.322
ecu,sex_t,age_10yrbands_y25_34,edu_isced97_4,2008,88.716
ecu,sex_t,age_10yrbands_y25_34,edu_isced97_4,2009,79.794
ecu,sex_t,age_10yrbands_y25_34,edu_isced97_4,2010,78.464
ecu,sex_t,age_10yrbands_y25_34,edu_isced97_4,2011,79.463
ecu,sex_t,age_10yrbands_y25_34,edu_isced97_4,2012,87.484
ecu,sex_t,age_10yrbands_y25_34,edu_isced97_4,2013,84.017
ecu,sex_t,age_10yrbands_y25_34,edu_isced97_4,2014,82.531
ecu,sex_t,age_10yrbands_y25_34,edu_isced97_4,2015,83.939
ecu,sex_t,age_10yrbands_y25_34,edu_isced97_4,2016,86.308
ecu,sex_t,age_10yrbands_y25_34,edu_isced97_4,2017,88.375
ecu,sex_t,age_10yrbands_y25_34,edu_isced97_4,2018,83.422
ecu,sex_t,age_10yrbands_y25_34,edu_isced97_4,2019,81.389
ecu,sex_t,age_10yrbands_y25_34,edu_isced97_4,2021,80.374
ecu,sex_t,age_10yrbands_y25_34,edu_isced97_4,2022,82.05
ecu,sex_t,age_10yrbands_y25_34,edu_isced97_4,2023,84.72
ecu,sex_t,age_10yrbands_y25_34,edu_isced97_4,2024,83.641
ecu,sex_t,age_10yrbands_y25_34,edu_isced97_5,2000,79.335
ecu,sex_t,age_10yrbands_y25_34,edu_isced97_5,2001,79.664
ecu,sex_t,age_10yrbands_y25_34,edu_isced97_5,2003,79.331
ecu,sex_t,age_10yrbands_y25_34,edu_isced97_5,2004,81.15
ecu,sex_t,age_10yrbands_y25_34,edu_isced97_5,2005,81.613
ecu,sex_t,age_10yrbands_y25_34,edu_isced97_5,2006,83.164
ecu,sex_t,age_10yrbands_y25_34,edu_isced97_5,2007,80.526
ecu,sex_t,age_10yrbands_y25_34,edu_isced97_5,2008,81.534
ecu,sex_t,age_10yrbands_y25_34,edu_isced97_5,2009,74.202
ecu,sex_t,age_10yrbands_y25_34,edu_isced97_5,2010,78.516
ecu,sex_t,age_10yrbands_y25_34,edu_isced97_5,2011,79.08
ecu,sex_t,age_10yrbands_y25_34,edu_isced97_5,2012,80.735
ecu,sex_t,age_10yrbands_y25_34,edu_isced97_5,2013,80.747
ecu,sex_t,age_10yrbands_y25_34,edu_isced97_5,2014,79.068
ecu,sex_t,age_10yrbands_y25_34,edu_isced97_5,2015,78.96
ecu,sex_t,age_10yrbands_y25_34,edu_isced97_5,2016,78.048
ecu,sex_t,age_10yrbands_y25_34,edu_isced97_5,2017,77.489
ecu,sex_t,age_10yrbands_y25_34,edu_isced97_5,2018,79.227
ecu,sex_t,age_10yrbands_y25_34,edu_isced97_5,2019,78.575
ecu,sex_t,age_10yrbands_y25_34,edu_isced97_5,2021,76.042
ecu,sex_t,age_10yrbands_y25_34,edu_isced97_5,2022,78.753
ecu,sex_t,age_10yrbands_y25_34,edu_isced97_5,2023,76.482
ecu,sex_t,age_10yrbands_y25_34,edu_isced97_5,2024,77.098
ecu,sex_t,age_10yrbands_y25_34,edu_isced97_6,2001,71.787
ecu,sex_t,age_10yrbands_y25_34,edu_isced97_6,2003,86.136
ecu,sex_t,age_10yrbands_y25_34,edu_isced97_6,2004,95.4
ecu,sex_t,age_10yrbands_y25_34,edu_isced97_6,2005,93.982
ecu,sex_t,age_10yrbands_y25_34,edu_isced97_6,2006,95.732
ecu,sex_t,age_10yrbands_y25_34,edu_isced97_6,2007,96.175
ecu,sex_t,age_10yrbands_y25_34,edu_isced97_6,2008,90.362
ecu,sex_t,age_10yrbands_y25_34,edu_isced97_6,2009,83.295
ecu,sex_t,age_10yrbands_y25_34,edu_isced97_6,2010,85.993
ecu,sex_t,age_10yrbands_y25_34,edu_isced97_6,2011,81.678
ecu,sex_t,age_10yrbands_y25_34,edu_isced97_6,2012,93.124
ecu,sex_t,age_10yrbands_y25_34,edu_isced97_6,2013,88.002
ecu,sex_t,age_10yrbands_y25_34,edu_isced97_6,2014,93.476
ecu,sex_t,age_10yrbands_y25_34,edu_isced97_6,2015,88.017
ecu,sex_t,age_10yrbands_y25_34,edu_isced97_6,2016,91.4
ecu,sex_t,age_10yrbands_y25_34,edu_isced97_6,2017,88.534
ecu,sex_t,age_10yrbands_y25_34,edu_isced97_6,2018,88.813
ecu,sex_t,age_10yrbands_y25_34,edu_isced97_6,2019,88.242
ecu,sex_t,age_10yrbands_y25_34,edu_isced97_6,2021,90.139
ecu,sex_t,age_10yrbands_y25_34,edu_isced97_6,2022,90.731
ecu,sex_t,age_10yrbands_y25_34,edu_isced97_6,2023,90.9
ecu,sex_t,age_10yrbands_y25_34,edu_isced97_6,2024,88.282
ecu,sex_t,age_10yrbands_y25_34,edu_isced97_total,2000,71.358
ecu,sex_t,age_10yrbands_y25_34,edu_isced97_total,2001,75.6
ecu,sex_t,age_10yrbands_y25_34,edu_isced97_total,2003,71.79
ecu,sex_t,age_10yrbands_y25_34,edu_isced97_total,2004,74.115
ecu,sex_t,age_10yrbands_y25_34,edu_isced97_total,2005,74.909
ecu,sex_t,age_10yrbands_y25_34,edu_isced97_total,2006,77.029
ecu,sex_t,age_10yrbands_y25_34,edu_isced97_total,2007,75.048
ecu,sex_t,age_10yrbands_y25_34,edu_isced97_total,2008,75.293
ecu,sex_t,age_10yrbands_y25_34,edu_isced97_total,2009,72.076
ecu,sex_t,age_10yrbands_y25_34,edu_isced97_total,2010,73.364
ecu,sex_t,age_10yrbands_y25_34,edu_isced97_total,2011,74.223
ecu,sex_t,age_10yrbands_y25_34,edu_isced97_total,2012,75.293
ecu,sex_t,age_10yrbands_y25_34,edu_isced97_total,2013,74.147
ecu,sex_t,age_10yrbands_y25_34,edu_isced97_total,2014,73.518
ecu,sex_t,age_10yrbands_y25_34,edu_isced97_total,2015,75.245
ecu,sex_t,age_10yrbands_y25_34,edu_isced97_total,2016,75.827
ecu,sex_t,age_10yrbands_y25_34,edu_isced97_total,2017,76.514
ecu,sex_t,age_10yrbands_y25_34,edu_isced97_total,2018,76.104
ecu,sex_t,age_10yrbands_y25_34,edu_isced97_total,2019,75.423
ecu,sex_t,age_10yrbands_y25_34,edu_isced97_total,2021,74.142
ecu,sex_t,age_10yrbands_y25_34,edu_isced97_total,2022,75.3
ecu,sex_t,age_10yrbands_y25_34,edu_isced97_total,2023,74.295
ecu,sex_t,age_10yrbands_y25_34,edu_isced97_total,2024,73.298
ecu,sex_t,age_10yrbands_y25_34,edu_isced97_unk,2016,61.873
ecu,sex_t,age_10yrbands_y25_34,edu_isced97_unk,2017,66.237
ecu,sex_t,age_10yrbands_y25_34,edu_isced97_unk,2018,49.83
ecu,sex_t,age_10yrbands_y25_34,edu_isced97_unk,2019,69.893
ecu,sex_t,age_10yrbands_y25_34,edu_isced97_unk,2021,84.117
ecu,sex_t,age_10yrbands_y25_34,edu_isced97_x,2000,61.796
ecu,sex_t,age_10yrbands_y25_34,edu_isced97_x,2001,66.594
ecu,sex_t,age_10yrbands_y25_34,edu_isced97_x,2003,59.275
ecu,sex_t,age_10yrbands_y25_34,edu_isced97_x,2004,59.271
ecu,sex_t,age_10yrbands_y25_34,edu_isced97_x,2005,60.978
ecu,sex_t,age_10yrbands_y25_34,edu_isced97_x,2006,66.884
ecu,sex_t,age_10yrbands_y25_34,edu_isced97_x,2007,51.496
ecu,sex_t,age_10yrbands_y25_34,edu_isced97_x,2008,47.872
ecu,sex_t,age_10yrbands_y25_34,edu_isced97_x,2009,40.367
ecu,sex_t,age_10yrbands_y25_34,edu_isced97_x,2010,47.869
ecu,sex_t,age_10yrbands_y25_34,edu_isced97_x,2011,44.077
ecu,sex_t,age_10yrbands_y25_34,edu_isced97_x,2012,40.724
ecu,sex_t,age_10yrbands_y25_34,edu_isced97_x,2013,40.342
ecu,sex_t,age_10yrbands_y25_34,edu_isced97_x,2014,46.441
ecu,sex_t,age_10yrbands_y25_34,edu_isced97_x,2015,46.712
ecu,sex_t,age_10yrbands_y25_34,edu_isced97_x,2016,48.037
ecu,sex_t,age_10yrbands_y25_34,edu_isced97_x,2017,44.8
ecu,sex_t,age_10yrbands_y25_34,edu_isced97_x,2018,49.676
ecu,sex_t,age_10yrbands_y25_34,edu_isced97_x,2019,46.96
ecu,sex_t,age_10yrbands_y25_34,edu_isced97_x,2021,41.931
ecu,sex_t,age_10yrbands_y25_34,edu_isced97_x,2022,30.457
ecu,sex_t,age_10yrbands_y25_34,edu_isced97_x,2023,31.08
ecu,sex_t,age_10yrbands_y25_34,edu_isced97_x,2024,34.761
ecu,sex_t,age_10yrbands_y35_44,edu_aggregate_adv,2000,87.436
ecu,sex_t,age_10yrbands_y35_44,edu_aggregate_adv,2001,85.169
ecu,sex_t,age_10yrbands_y35_44,edu_aggregate_adv,2003,88.496
ecu,sex_t,age_10yrbands_y35_44,edu_aggregate_adv,2004,87.584
ecu,sex_t,age_10yrbands_y35_44,edu_aggregate_adv,2005,88.691
ecu,sex_t,age_10yrbands_y35_44,edu_aggregate_adv,2006,89.019
ecu,sex_t,age_10yrbands_y35_44,edu_aggregate_adv,2007,89.024
ecu,sex_t,age_10yrbands_y35_44,edu_aggregate_adv,2008,89.316
ecu,sex_t,age_10yrbands_y35_44,edu_aggregate_adv,2009,89.467
ecu,sex_t,age_10yrbands_y35_44,edu_aggregate_adv,2010,88.665
ecu,sex_t,age_10yrbands_y35_44,edu_aggregate_adv,2011,89.353
ecu,sex_t,age_10yrbands_y35_44,edu_aggregate_adv,2012,89.031
ecu,sex_t,age_10yrbands_y35_44,edu_aggregate_adv,2013,87.67
ecu,sex_t,age_10yrbands_y35_44,edu_aggregate_adv,2014,88.806
ecu,sex_t,age_10yrbands_y35_44,edu_aggregate_adv,2015,88.88
ecu,sex_t,age_10yrbands_y35_44,edu_aggregate_adv,2016,88.013
ecu,sex_t,age_10yrbands_y35_44,edu_aggregate_adv,2017,87.749
ecu,sex_t,age_10yrbands_y35_44,edu_aggregate_adv,2018,88.42
ecu,sex_t,age_10yrbands_y35_44,edu_aggregate_adv,2019,88.199
ecu,sex_t,age_10yrbands_y35_44,edu_aggregate_adv,2021,86.813
ecu,sex_t,age_10yrbands_y35_44,edu_aggregate_adv,2022,88.147
ecu,sex_t,age_10yrbands_y35_44,edu_aggregate_adv,2023,87.563
ecu,sex_t,age_10yrbands_y35_44,edu_aggregate_adv,2024,87.984
ecu,sex_t,age_10yrbands_y35_44,edu_aggregate_bas,2000,71.073
ecu,sex_t,age_10yrbands_y35_44,edu_aggregate_bas,2001,78.142
ecu,sex_t,age_10yrbands_y35_44,edu_aggregate_bas,2003,72.89
ecu,sex_t,age_10yrbands_y35_44,edu_aggregate_bas,2004,76.796
ecu,sex_t,age_10yrbands_y35_44,edu_aggregate_bas,2005,75.969
ecu,sex_t,age_10yrbands_y35_44,edu_aggregate_bas,2006,77.968
ecu,sex_t,age_10yrbands_y35_44,edu_aggregate_bas,2007,78.14
ecu,sex_t,age_10yrbands_y35_44,edu_aggregate_bas,2008,78
ecu,sex_t,age_10yrbands_y35_44,edu_aggregate_bas,2009,75.152
ecu,sex_t,age_10yrbands_y35_44,edu_aggregate_bas,2010,74.976
ecu,sex_t,age_10yrbands_y35_44,edu_aggregate_bas,2011,75.174
ecu,sex_t,age_10yrbands_y35_44,edu_aggregate_bas,2012,75.626
ecu,sex_t,age_10yrbands_y35_44,edu_aggregate_bas,2013,76.283
ecu,sex_t,age_10yrbands_y35_44,edu_aggregate_bas,2014,76.368
ecu,sex_t,age_10yrbands_y35_44,edu_aggregate_bas,2015,79.088
ecu,sex_t,age_10yrbands_y35_44,edu_aggregate_bas,2016,80.876
ecu,sex_t,age_10yrbands_y35_44,edu_aggregate_bas,2017,81.825
ecu,sex_t,age_10yrbands_y35_44,edu_aggregate_bas,2018,81.166
ecu,sex_t,age_10yrbands_y35_44,edu_aggregate_bas,2019,80.631
ecu,sex_t,age_10yrbands_y35_44,edu_aggregate_bas,2021,81.214
ecu,sex_t,age_10yrbands_y35_44,edu_aggregate_bas,2022,80.05
ecu,sex_t,age_10yrbands_y35_44,edu_aggregate_bas,2023,78.886
ecu,sex_t,age_10yrbands_y35_44,edu_aggregate_bas,2024,78.802
ecu,sex_t,age_10yrbands_y35_44,edu_aggregate_int,2000,73.751
ecu,sex_t,age_10yrbands_y35_44,edu_aggregate_int,2001,78.288
ecu,sex_t,age_10yrbands_y35_44,edu_aggregate_int,2003,79.365
ecu,sex_t,age_10yrbands_y35_44,edu_aggregate_int,2004,80.444
ecu,sex_t,age_10yrbands_y35_44,edu_aggregate_int,2005,85.654
ecu,sex_t,age_10yrbands_y35_44,edu_aggregate_int,2006,78.092
ecu,sex_t,age_10yrbands_y35_44,edu_aggregate_int,2007,79.909
ecu,sex_t,age_10yrbands_y35_44,edu_aggregate_int,2008,79.654
ecu,sex_t,age_10yrbands_y35_44,edu_aggregate_int,2009,77.409
ecu,sex_t,age_10yrbands_y35_44,edu_aggregate_int,2010,77.252
ecu,sex_t,age_10yrbands_y35_44,edu_aggregate_int,2011,77.716
ecu,sex_t,age_10yrbands_y35_44,edu_aggregate_int,2012,79.763
ecu,sex_t,age_10yrbands_y35_44,edu_aggregate_int,2013,78.249
ecu,sex_t,age_10yrbands_y35_44,edu_aggregate_int,2014,78.115
ecu,sex_t,age_10yrbands_y35_44,edu_aggregate_int,2015,80.208
ecu,sex_t,age_10yrbands_y35_44,edu_aggregate_int,2016,80.238
ecu,sex_t,age_10yrbands_y35_44,edu_aggregate_int,2017,81.823
ecu,sex_t,age_10yrbands_y35_44,edu_aggregate_int,2018,81.712
ecu,sex_t,age_10yrbands_y35_44,edu_aggregate_int,2019,79.874
ecu,sex_t,age_10yrbands_y35_44,edu_aggregate_int,2021,79.936
ecu,sex_t,age_10yrbands_y35_44,edu_aggregate_int,2022,79.699
ecu,sex_t,age_10yrbands_y35_44,edu_aggregate_int,2023,80.04
ecu,sex_t,age_10yrbands_y35_44,edu_aggregate_int,2024,80.772
ecu,sex_t,age_10yrbands_y35_44,edu_aggregate_ltb,2000,69.058
ecu,sex_t,age_10yrbands_y35_44,edu_aggregate_ltb,2001,77.583
ecu,sex_t,age_10yrbands_y35_44,edu_aggregate_ltb,2003,70.04
ecu,sex_t,age_10yrbands_y35_44,edu_aggregate_ltb,2004,73.305
ecu,sex_t,age_10yrbands_y35_44,edu_aggregate_ltb,2005,73.027
ecu,sex_t,age_10yrbands_y35_44,edu_aggregate_ltb,2006,69.872
ecu,sex_t,age_10yrbands_y35_44,edu_aggregate_ltb,2007,71.863
ecu,sex_t,age_10yrbands_y35_44,edu_aggregate_ltb,2008,72.937
ecu,sex_t,age_10yrbands_y35_44,edu_aggregate_ltb,2009,71.272
ecu,sex_t,age_10yrbands_y35_44,edu_aggregate_ltb,2010,70.646
ecu,sex_t,age_10yrbands_y35_44,edu_aggregate_ltb,2011,68.157
ecu,sex_t,age_10yrbands_y35_44,edu_aggregate_ltb,2012,69.1
ecu,sex_t,age_10yrbands_y35_44,edu_aggregate_ltb,2013,70.41
ecu,sex_t,age_10yrbands_y35_44,edu_aggregate_ltb,2014,73.216
ecu,sex_t,age_10yrbands_y35_44,edu_aggregate_ltb,2015,75.245
ecu,sex_t,age_10yrbands_y35_44,edu_aggregate_ltb,2016,77.751
ecu,sex_t,age_10yrbands_y35_44,edu_aggregate_ltb,2017,78.36
ecu,sex_t,age_10yrbands_y35_44,edu_aggregate_ltb,2018,78.449
ecu,sex_t,age_10yrbands_y35_44,edu_aggregate_ltb,2019,76.781
ecu,sex_t,age_10yrbands_y35_44,edu_aggregate_ltb,2021,74.528
ecu,sex_t,age_10yrbands_y35_44,edu_aggregate_ltb,2022,71.212
ecu,sex_t,age_10yrbands_y35_44,edu_aggregate_ltb,2023,72.211
ecu,sex_t,age_10yrbands_y35_44,edu_aggregate_ltb,2024,71.064
ecu,sex_t,age_10yrbands_y35_44,edu_aggregate_total,2000,74.303
ecu,sex_t,age_10yrbands_y35_44,edu_aggregate_total,2001,79.212
ecu,sex_t,age_10yrbands_y35_44,edu_aggregate_total,2003,75.624
ecu,sex_t,age_10yrbands_y35_44,edu_aggregate_total,2004,78.542
ecu,sex_t,age_10yrbands_y35_44,edu_aggregate_total,2005,78.297
ecu,sex_t,age_10yrbands_y35_44,edu_aggregate_total,2006,79.1
ecu,sex_t,age_10yrbands_y35_44,edu_aggregate_total,2007,79.326
ecu,sex_t,age_10yrbands_y35_44,edu_aggregate_total,2008,79.451
ecu,sex_t,age_10yrbands_y35_44,edu_aggregate_total,2009,77.307
ecu,sex_t,age_10yrbands_y35_44,edu_aggregate_total,2010,76.965
ecu,sex_t,age_10yrbands_y35_44,edu_aggregate_total,2011,77.25
ecu,sex_t,age_10yrbands_y35_44,edu_aggregate_total,2012,78.254
ecu,sex_t,age_10yrbands_y35_44,edu_aggregate_total,2013,78.039
ecu,sex_t,age_10yrbands_y35_44,edu_aggregate_total,2014,78.424
ecu,sex_t,age_10yrbands_y35_44,edu_aggregate_total,2015,80.612
ecu,sex_t,age_10yrbands_y35_44,edu_aggregate_total,2016,81.577
ecu,sex_t,age_10yrbands_y35_44,edu_aggregate_total,2017,82.448
ecu,sex_t,age_10yrbands_y35_44,edu_aggregate_total,2018,82.247
ecu,sex_t,age_10yrbands_y35_44,edu_aggregate_total,2019,81.204
ecu,sex_t,age_10yrbands_y35_44,edu_aggregate_total,2021,81.204
ecu,sex_t,age_10yrbands_y35_44,edu_aggregate_total,2022,80.619
ecu,sex_t,age_10yrbands_y35_44,edu_aggregate_total,2023,80.298
ecu,sex_t,age_10yrbands_y35_44,edu_aggregate_total,2024,80.417
ecu,sex_t,age_10yrbands_y35_44,edu_aggregate_x,2001,56.072
ecu,sex_t,age_10yrbands_y35_44,edu_aggregate_x,2008,100
ecu,sex_t,age_10yrbands_y35_44,edu_aggregate_x,2016,67.63
ecu,sex_t,age_10yrbands_y35_44,edu_aggregate_x,2017,41.281
ecu,sex_t,age_10yrbands_y35_44,edu_aggregate_x,2018,66.37
ecu,sex_t,age_10yrbands_y35_44,edu_aggregate_x,2019,75.943
ecu,sex_t,age_10yrbands_y35_44,edu_aggregate_x,2021,96.128
ecu,sex_t,age_10yrbands_y35_44,edu_isced97_0,2000,71.272
ecu,sex_t,age_10yrbands_y35_44,edu_isced97_0,2001,78.369
ecu,sex_t,age_10yrbands_y35_44,edu_isced97_0,2003,72.238
ecu,sex_t,age_10yrbands_y35_44,edu_isced97_0,2004,76.788
ecu,sex_t,age_10yrbands_y35_44,edu_isced97_0,2005,78.347
ecu,sex_t,age_10yrbands_y35_44,edu_isced97_0,2006,71.247
ecu,sex_t,age_10yrbands_y35_44,edu_isced97_0,2007,73.149
ecu,sex_t,age_10yrbands_y35_44,edu_isced97_0,2008,75.224
ecu,sex_t,age_10yrbands_y35_44,edu_isced97_0,2009,72.86
ecu,sex_t,age_10yrbands_y35_44,edu_isced97_0,2010,73.308
ecu,sex_t,age_10yrbands_y35_44,edu_isced97_0,2011,70.641
ecu,sex_t,age_10yrbands_y35_44,edu_isced97_0,2012,72.798
ecu,sex_t,age_10yrbands_y35_44,edu_isced97_0,2013,73.404
ecu,sex_t,age_10yrbands_y35_44,edu_isced97_0,2014,75.762
ecu,sex_t,age_10yrbands_y35_44,edu_isced97_0,2015,77.713
ecu,sex_t,age_10yrbands_y35_44,edu_isced97_0,2016,81.033
ecu,sex_t,age_10yrbands_y35_44,edu_isced97_0,2017,81.077
ecu,sex_t,age_10yrbands_y35_44,edu_isced97_0,2018,81.077
ecu,sex_t,age_10yrbands_y35_44,edu_isced97_0,2019,79.334
ecu,sex_t,age_10yrbands_y35_44,edu_isced97_0,2021,78.921
ecu,sex_t,age_10yrbands_y35_44,edu_isced97_0,2022,77.601
ecu,sex_t,age_10yrbands_y35_44,edu_isced97_0,2023,76.482
ecu,sex_t,age_10yrbands_y35_44,edu_isced97_0,2024,76.25
ecu,sex_t,age_10yrbands_y35_44,edu_isced97_1,2000,67.496
ecu,sex_t,age_10yrbands_y35_44,edu_isced97_1,2001,78.628
ecu,sex_t,age_10yrbands_y35_44,edu_isced97_1,2003,72.304
ecu,sex_t,age_10yrbands_y35_44,edu_isced97_1,2004,76.608
ecu,sex_t,age_10yrbands_y35_44,edu_isced97_1,2005,76.117
ecu,sex_t,age_10yrbands_y35_44,edu_isced97_1,2006,77.378
ecu,sex_t,age_10yrbands_y35_44,edu_isced97_1,2007,77.899
ecu,sex_t,age_10yrbands_y35_44,edu_isced97_1,2008,77.056
ecu,sex_t,age_10yrbands_y35_44,edu_isced97_1,2009,74.404
ecu,sex_t,age_10yrbands_y35_44,edu_isced97_1,2010,74.666
ecu,sex_t,age_10yrbands_y35_44,edu_isced97_1,2011,74.234
ecu,sex_t,age_10yrbands_y35_44,edu_isced97_1,2012,75.537
ecu,sex_t,age_10yrbands_y35_44,edu_isced97_1,2013,76.051
ecu,sex_t,age_10yrbands_y35_44,edu_isced97_1,2014,76.216
ecu,sex_t,age_10yrbands_y35_44,edu_isced97_1,2015,79.817
ecu,sex_t,age_10yrbands_y35_44,edu_isced97_1,2016,81.82
ecu,sex_t,age_10yrbands_y35_44,edu_isced97_1,2017,82.564
ecu,sex_t,age_10yrbands_y35_44,edu_isced97_1,2018,81.302
ecu,sex_t,age_10yrbands_y35_44,edu_isced97_1,2019,81.185
ecu,sex_t,age_10yrbands_y35_44,edu_isced97_1,2021,82.1
ecu,sex_t,age_10yrbands_y35_44,edu_isced97_1,2022,80.939
ecu,sex_t,age_10yrbands_y35_44,edu_isced97_1,2023,78.572
ecu,sex_t,age_10yrbands_y35_44,edu_isced97_1,2024,78.541
ecu,sex_t,age_10yrbands_y35_44,edu_isced97_2,2000,72.111
ecu,sex_t,age_10yrbands_y35_44,edu_isced97_2,2001,78.007
ecu,sex_t,age_10yrbands_y35_44,edu_isced97_2,2003,73.747
ecu,sex_t,age_10yrbands_y35_44,edu_isced97_2,2004,77.065
ecu,sex_t,age_10yrbands_y35_44,edu_isced97_2,2005,75.759
ecu,sex_t,age_10yrbands_y35_44,edu_isced97_2,2006,78.787
ecu,sex_t,age_10yrbands_y35_44,edu_isced97_2,2007,78.751
ecu,sex_t,age_10yrbands_y35_44,edu_isced97_2,2008,80.508
ecu,sex_t,age_10yrbands_y35_44,edu_isced97_2,2009,77.252
ecu,sex_t,age_10yrbands_y35_44,edu_isced97_2,2010,75.784
ecu,sex_t,age_10yrbands_y35_44,edu_isced97_2,2011,77.653
ecu,sex_t,age_10yrbands_y35_44,edu_isced97_2,2012,75.878
ecu,sex_t,age_10yrbands_y35_44,edu_isced97_2,2013,76.942
ecu,sex_t,age_10yrbands_y35_44,edu_isced97_2,2014,76.832
ecu,sex_t,age_10yrbands_y35_44,edu_isced97_2,2015,76.999
ecu,sex_t,age_10yrbands_y35_44,edu_isced97_2,2016,78.129
ecu,sex_t,age_10yrbands_y35_44,edu_isced97_2,2017,79.618
ecu,sex_t,age_10yrbands_y35_44,edu_isced97_2,2018,80.702
ecu,sex_t,age_10yrbands_y35_44,edu_isced97_2,2019,78.8
ecu,sex_t,age_10yrbands_y35_44,edu_isced97_2,2021,78.46
ecu,sex_t,age_10yrbands_y35_44,edu_isced97_2,2022,77.304
ecu,sex_t,age_10yrbands_y35_44,edu_isced97_2,2023,79.922
ecu,sex_t,age_10yrbands_y35_44,edu_isced97_2,2024,79.69
ecu,sex_t,age_10yrbands_y35_44,edu_isced97_3,2000,73.751
ecu,sex_t,age_10yrbands_y35_44,edu_isced97_3,2001,78.288
ecu,sex_t,age_10yrbands_y35_44,edu_isced97_3,2003,78.263
ecu,sex_t,age_10yrbands_y35_44,edu_isced97_3,2004,79.662
ecu,sex_t,age_10yrbands_y35_44,edu_isced97_3,2005,83.812
ecu,sex_t,age_10yrbands_y35_44,edu_isced97_3,2006,76.385
ecu,sex_t,age_10yrbands_y35_44,edu_isced97_3,2007,79.918
ecu,sex_t,age_10yrbands_y35_44,edu_isced97_3,2008,79.617
ecu,sex_t,age_10yrbands_y35_44,edu_isced97_3,2009,77.231
ecu,sex_t,age_10yrbands_y35_44,edu_isced97_3,2010,77.279
ecu,sex_t,age_10yrbands_y35_44,edu_isced97_3,2011,77.407
ecu,sex_t,age_10yrbands_y35_44,edu_isced97_3,2012,79.606
ecu,sex_t,age_10yrbands_y35_44,edu_isced97_3,2013,77.936
ecu,sex_t,age_10yrbands_y35_44,edu_isced97_3,2014,77.64
ecu,sex_t,age_10yrbands_y35_44,edu_isced97_3,2015,79.765
ecu,sex_t,age_10yrbands_y35_44,edu_isced97_3,2016,79.733
ecu,sex_t,age_10yrbands_y35_44,edu_isced97_3,2017,81.665
ecu,sex_t,age_10yrbands_y35_44,edu_isced97_3,2018,81.482
ecu,sex_t,age_10yrbands_y35_44,edu_isced97_3,2019,79.388
ecu,sex_t,age_10yrbands_y35_44,edu_isced97_3,2021,79.768
ecu,sex_t,age_10yrbands_y35_44,edu_isced97_3,2022,79.292
ecu,sex_t,age_10yrbands_y35_44,edu_isced97_3,2023,79.483
ecu,sex_t,age_10yrbands_y35_44,edu_isced97_3,2024,80.248
ecu,sex_t,age_10yrbands_y35_44,edu_isced97_4,2003,83.885
ecu,sex_t,age_10yrbands_y35_44,edu_isced97_4,2004,85.127
ecu,sex_t,age_10yrbands_y35_44,edu_isced97_4,2005,96.497
ecu,sex_t,age_10yrbands_y35_44,edu_isced97_4,2006,86.656
ecu,sex_t,age_10yrbands_y35_44,edu_isced97_4,2007,79.338
ecu,sex_t,age_10yrbands_y35_44,edu_isced97_4,2008,82.233
ecu,sex_t,age_10yrbands_y35_44,edu_isced97_4,2009,88.426
ecu,sex_t,age_10yrbands_y35_44,edu_isced97_4,2010,76.354
ecu,sex_t,age_10yrbands_y35_44,edu_isced97_4,2011,89.931
ecu,sex_t,age_10yrbands_y35_44,edu_isced97_4,2012,87.205
ecu,sex_t,age_10yrbands_y35_44,edu_isced97_4,2013,88.542
ecu,sex_t,age_10yrbands_y35_44,edu_isced97_4,2014,90.515
ecu,sex_t,age_10yrbands_y35_44,edu_isced97_4,2015,89.821
ecu,sex_t,age_10yrbands_y35_44,edu_isced97_4,2016,90.81
ecu,sex_t,age_10yrbands_y35_44,edu_isced97_4,2017,84.999
ecu,sex_t,age_10yrbands_y35_44,edu_isced97_4,2018,86.057
ecu,sex_t,age_10yrbands_y35_44,edu_isced97_4,2019,88.317
ecu,sex_t,age_10yrbands_y35_44,edu_isced97_4,2021,82.718
ecu,sex_t,age_10yrbands_y35_44,edu_isced97_4,2022,86.658
ecu,sex_t,age_10yrbands_y35_44,edu_isced97_4,2023,87.851
ecu,sex_t,age_10yrbands_y35_44,edu_isced97_4,2024,87.931
ecu,sex_t,age_10yrbands_y35_44,edu_isced97_5,2000,87.436
ecu,sex_t,age_10yrbands_y35_44,edu_isced97_5,2001,84.752
ecu,sex_t,age_10yrbands_y35_44,edu_isced97_5,2003,87.882
ecu,sex_t,age_10yrbands_y35_44,edu_isced97_5,2004,87.192
ecu,sex_t,age_10yrbands_y35_44,edu_isced97_5,2005,88.182
ecu,sex_t,age_10yrbands_y35_44,edu_isced97_5,2006,88.446
ecu,sex_t,age_10yrbands_y35_44,edu_isced97_5,2007,88.569
ecu,sex_t,age_10yrbands_y35_44,edu_isced97_5,2008,88.761
ecu,sex_t,age_10yrbands_y35_44,edu_isced97_5,2009,89.609
ecu,sex_t,age_10yrbands_y35_44,edu_isced97_5,2010,88.399
ecu,sex_t,age_10yrbands_y35_44,edu_isced97_5,2011,88.686
ecu,sex_t,age_10yrbands_y35_44,edu_isced97_5,2012,88.422
ecu,sex_t,age_10yrbands_y35_44,edu_isced97_5,2013,86.781
ecu,sex_t,age_10yrbands_y35_44,edu_isced97_5,2014,87.887
ecu,sex_t,age_10yrbands_y35_44,edu_isced97_5,2015,88.23
ecu,sex_t,age_10yrbands_y35_44,edu_isced97_5,2016,87.007
ecu,sex_t,age_10yrbands_y35_44,edu_isced97_5,2017,86.682
ecu,sex_t,age_10yrbands_y35_44,edu_isced97_5,2018,87.571
ecu,sex_t,age_10yrbands_y35_44,edu_isced97_5,2019,87.659
ecu,sex_t,age_10yrbands_y35_44,edu_isced97_5,2021,85.318
ecu,sex_t,age_10yrbands_y35_44,edu_isced97_5,2022,86.737
ecu,sex_t,age_10yrbands_y35_44,edu_isced97_5,2023,85.88
ecu,sex_t,age_10yrbands_y35_44,edu_isced97_5,2024,86.436
ecu,sex_t,age_10yrbands_y35_44,edu_isced97_6,2001,92.066
ecu,sex_t,age_10yrbands_y35_44,edu_isced97_6,2003,100
ecu,sex_t,age_10yrbands_y35_44,edu_isced97_6,2004,93.97
ecu,sex_t,age_10yrbands_y35_44,edu_isced97_6,2005,100
ecu,sex_t,age_10yrbands_y35_44,edu_isced97_6,2006,97.882
ecu,sex_t,age_10yrbands_y35_44,edu_isced97_6,2007,97.378
ecu,sex_t,age_10yrbands_y35_44,edu_isced97_6,2008,97.992
ecu,sex_t,age_10yrbands_y35_44,edu_isced97_6,2009,87.31
ecu,sex_t,age_10yrbands_y35_44,edu_isced97_6,2010,91.554
ecu,sex_t,age_10yrbands_y35_44,edu_isced97_6,2011,97.754
ecu,sex_t,age_10yrbands_y35_44,edu_isced97_6,2012,97.21
ecu,sex_t,age_10yrbands_y35_44,edu_isced97_6,2013,98.18
ecu,sex_t,age_10yrbands_y35_44,edu_isced97_6,2014,97.181
ecu,sex_t,age_10yrbands_y35_44,edu_isced97_6,2015,95.458
ecu,sex_t,age_10yrbands_y35_44,edu_isced97_6,2016,95.266
ecu,sex_t,age_10yrbands_y35_44,edu_isced97_6,2017,94.691
ecu,sex_t,age_10yrbands_y35_44,edu_isced97_6,2018,94.608
ecu,sex_t,age_10yrbands_y35_44,edu_isced97_6,2019,92.061
ecu,sex_t,age_10yrbands_y35_44,edu_isced97_6,2021,95.388
ecu,sex_t,age_10yrbands_y35_44,edu_isced97_6,2022,96.352
ecu,sex_t,age_10yrbands_y35_44,edu_isced97_6,2023,96.341
ecu,sex_t,age_10yrbands_y35_44,edu_isced97_6,2024,95.276
ecu,sex_t,age_10yrbands_y35_44,edu_isced97_total,2000,74.303
ecu,sex_t,age_10yrbands_y35_44,edu_isced97_total,2001,79.212
ecu,sex_t,age_10yrbands_y35_44,edu_isced97_total,2003,75.624
ecu,sex_t,age_10yrbands_y35_44,edu_isced97_total,2004,78.542
ecu,sex_t,age_10yrbands_y35_44,edu_isced97_total,2005,78.297
ecu,sex_t,age_10yrbands_y35_44,edu_isced97_total,2006,79.1
ecu,sex_t,age_10yrbands_y35_44,edu_isced97_total,2007,79.326
ecu,sex_t,age_10yrbands_y35_44,edu_isced97_total,2008,79.451
ecu,sex_t,age_10yrbands_y35_44,edu_isced97_total,2009,77.307
ecu,sex_t,age_10yrbands_y35_44,edu_isced97_total,2010,76.965
ecu,sex_t,age_10yrbands_y35_44,edu_isced97_total,2011,77.25
ecu,sex_t,age_10yrbands_y35_44,edu_isced97_total,2012,78.254
ecu,sex_t,age_10yrbands_y35_44,edu_isced97_total,2013,78.039
ecu,sex_t,age_10yrbands_y35_44,edu_isced97_total,2014,78.424
ecu,sex_t,age_10yrbands_y35_44,edu_isced97_total,2015,80.612
ecu,sex_t,age_10yrbands_y35_44,edu_isced97_total,2016,81.577
ecu,sex_t,age_10yrbands_y35_44,edu_isced97_total,2017,82.448
ecu,sex_t,age_10yrbands_y35_44,edu_isced97_total,2018,82.247
ecu,sex_t,age_10yrbands_y35_44,edu_isced97_total,2019,81.204
ecu,sex_t,age_10yrbands_y35_44,edu_isced97_total,2021,81.204
ecu,sex_t,age_10yrbands_y35_44,edu_isced97_total,2022,80.619
ecu,sex_t,age_10yrbands_y35_44,edu_isced97_total,2023,80.298
ecu,sex_t,age_10yrbands_y35_44,edu_isced97_total,2024,80.417
ecu,sex_t,age_10yrbands_y35_44,edu_isced97_unk,2001,56.072
ecu,sex_t,age_10yrbands_y35_44,edu_isced97_unk,2008,100
ecu,sex_t,age_10yrbands_y35_44,edu_isced97_unk,2016,67.63
ecu,sex_t,age_10yrbands_y35_44,edu_isced97_unk,2017,41.281
ecu,sex_t,age_10yrbands_y35_44,edu_isced97_unk,2018,66.37
ecu,sex_t,age_10yrbands_y35_44,edu_isced97_unk,2019,75.943
ecu,sex_t,age_10yrbands_y35_44,edu_isced97_unk,2021,96.128
ecu,sex_t,age_10yrbands_y35_44,edu_isced97_x,2000,67.774
ecu,sex_t,age_10yrbands_y35_44,edu_isced97_x,2001,76.96
ecu,sex_t,age_10yrbands_y35_44,edu_isced97_x,2003,68.379
ecu,sex_t,age_10yrbands_y35_44,edu_isced97_x,2004,70.165
ecu,sex_t,age_10yrbands_y35_44,edu_isced97_x,2005,68.69
ecu,sex_t,age_10yrbands_y35_44,edu_isced97_x,2006,68.554
ecu,sex_t,age_10yrbands_y35_44,edu_isced97_x,2007,67.686
ecu,sex_t,age_10yrbands_y35_44,edu_isced97_x,2008,65.484
ecu,sex_t,age_10yrbands_y35_44,edu_isced97_x,2009,64.885
ecu,sex_t,age_10yrbands_y35_44,edu_isced97_x,2010,61.504
ecu,sex_t,age_10yrbands_y35_44,edu_isced97_x,2011,59.562
ecu,sex_t,age_10yrbands_y35_44,edu_isced97_x,2012,58.543
ecu,sex_t,age_10yrbands_y35_44,edu_isced97_x,2013,60.136
ecu,sex_t,age_10yrbands_y35_44,edu_isced97_x,2014,62.316
ecu,sex_t,age_10yrbands_y35_44,edu_isced97_x,2015,64.725
ecu,sex_t,age_10yrbands_y35_44,edu_isced97_x,2016,64.71
ecu,sex_t,age_10yrbands_y35_44,edu_isced97_x,2017,67.453
ecu,sex_t,age_10yrbands_y35_44,edu_isced97_x,2018,68.896
ecu,sex_t,age_10yrbands_y35_44,edu_isced97_x,2019,68.305
ecu,sex_t,age_10yrbands_y35_44,edu_isced97_x,2021,56.654
ecu,sex_t,age_10yrbands_y35_44,edu_isced97_x,2022,48.058
ecu,sex_t,age_10yrbands_y35_44,edu_isced97_x,2023,57.679
ecu,sex_t,age_10yrbands_y35_44,edu_isced97_x,2024,52.967
ecu,sex_t,age_10yrbands_y45_54,edu_aggregate_adv,2000,86.978
ecu,sex_t,age_10yrbands_y45_54,edu_aggregate_adv,2001,88.97
ecu,sex_t,age_10yrbands_y45_54,edu_aggregate_adv,2003,89.359
ecu,sex_t,age_10yrbands_y45_54,edu_aggregate_adv,2004,91.073
ecu,sex_t,age_10yrbands_y45_54,edu_aggregate_adv,2005,89.362
ecu,sex_t,age_10yrbands_y45_54,edu_aggregate_adv,2006,91.418
ecu,sex_t,age_10yrbands_y45_54,edu_aggregate_adv,2007,90.509
ecu,sex_t,age_10yrbands_y45_54,edu_aggregate_adv,2008,90.088
ecu,sex_t,age_10yrbands_y45_54,edu_aggregate_adv,2009,87.28
ecu,sex_t,age_10yrbands_y45_54,edu_aggregate_adv,2010,88.886
ecu,sex_t,age_10yrbands_y45_54,edu_aggregate_adv,2011,89.13
ecu,sex_t,age_10yrbands_y45_54,edu_aggregate_adv,2012,87.217
ecu,sex_t,age_10yrbands_y45_54,edu_aggregate_adv,2013,87.923
ecu,sex_t,age_10yrbands_y45_54,edu_aggregate_adv,2014,88.239
ecu,sex_t,age_10yrbands_y45_54,edu_aggregate_adv,2015,89.349
ecu,sex_t,age_10yrbands_y45_54,edu_aggregate_adv,2016,89.716
ecu,sex_t,age_10yrbands_y45_54,edu_aggregate_adv,2017,88.527
ecu,sex_t,age_10yrbands_y45_54,edu_aggregate_adv,2018,88.019
ecu,sex_t,age_10yrbands_y45_54,edu_aggregate_adv,2019,87.282
ecu,sex_t,age_10yrbands_y45_54,edu_aggregate_adv,2021,87.201
ecu,sex_t,age_10yrbands_y45_54,edu_aggregate_adv,2022,88.187
ecu,sex_t,age_10yrbands_y45_54,edu_aggregate_adv,2023,87.534
ecu,sex_t,age_10yrbands_y45_54,edu_aggregate_adv,2024,88.731
ecu,sex_t,age_10yrbands_y45_54,edu_aggregate_bas,2000,68.09
ecu,sex_t,age_10yrbands_y45_54,edu_aggregate_bas,2001,73.325
ecu,sex_t,age_10yrbands_y45_54,edu_aggregate_bas,2003,72.53
ecu,sex_t,age_10yrbands_y45_54,edu_aggregate_bas,2004,74.237
ecu,sex_t,age_10yrbands_y45_54,edu_aggregate_bas,2005,75.752
ecu,sex_t,age_10yrbands_y45_54,edu_aggregate_bas,2006,75.617
ecu,sex_t,age_10yrbands_y45_54,edu_aggregate_bas,2007,75.966
ecu,sex_t,age_10yrbands_y45_54,edu_aggregate_bas,2008,75.343
ecu,sex_t,age_10yrbands_y45_54,edu_aggregate_bas,2009,74.441
ecu,sex_t,age_10yrbands_y45_54,edu_aggregate_bas,2010,73.239
ecu,sex_t,age_10yrbands_y45_54,edu_aggregate_bas,2011,73.274
ecu,sex_t,age_10yrbands_y45_54,edu_aggregate_bas,2012,74.144
ecu,sex_t,age_10yrbands_y45_54,edu_aggregate_bas,2013,74.833
ecu,sex_t,age_10yrbands_y45_54,edu_aggregate_bas,2014,74.969
ecu,sex_t,age_10yrbands_y45_54,edu_aggregate_bas,2015,77.482
ecu,sex_t,age_10yrbands_y45_54,edu_aggregate_bas,2016,79.491
ecu,sex_t,age_10yrbands_y45_54,edu_aggregate_bas,2017,81.721
ecu,sex_t,age_10yrbands_y45_54,edu_aggregate_bas,2018,80.102
ecu,sex_t,age_10yrbands_y45_54,edu_aggregate_bas,2019,79.499
ecu,sex_t,age_10yrbands_y45_54,edu_aggregate_bas,2021,78.598
ecu,sex_t,age_10yrbands_y45_54,edu_aggregate_bas,2022,78.924
ecu,sex_t,age_10yrbands_y45_54,edu_aggregate_bas,2023,77.396
ecu,sex_t,age_10yrbands_y45_54,edu_aggregate_bas,2024,78.406
ecu,sex_t,age_10yrbands_y45_54,edu_aggregate_int,2000,69.076
ecu,sex_t,age_10yrbands_y45_54,edu_aggregate_int,2001,73.284
ecu,sex_t,age_10yrbands_y45_54,edu_aggregate_int,2003,82.011
ecu,sex_t,age_10yrbands_y45_54,edu_aggregate_int,2004,78.299
ecu,sex_t,age_10yrbands_y45_54,edu_aggregate_int,2005,77.155
ecu,sex_t,age_10yrbands_y45_54,edu_aggregate_int,2006,75.078
ecu,sex_t,age_10yrbands_y45_54,edu_aggregate_int,2007,80.807
ecu,sex_t,age_10yrbands_y45_54,edu_aggregate_int,2008,79.344
ecu,sex_t,age_10yrbands_y45_54,edu_aggregate_int,2009,75.382
ecu,sex_t,age_10yrbands_y45_54,edu_aggregate_int,2010,76.456
ecu,sex_t,age_10yrbands_y45_54,edu_aggregate_int,2011,75.365
ecu,sex_t,age_10yrbands_y45_54,edu_aggregate_int,2012,77.102
ecu,sex_t,age_10yrbands_y45_54,edu_aggregate_int,2013,78.085
ecu,sex_t,age_10yrbands_y45_54,edu_aggregate_int,2014,77.31
ecu,sex_t,age_10yrbands_y45_54,edu_aggregate_int,2015,76.792
ecu,sex_t,age_10yrbands_y45_54,edu_aggregate_int,2016,79.118
ecu,sex_t,age_10yrbands_y45_54,edu_aggregate_int,2017,80.039
ecu,sex_t,age_10yrbands_y45_54,edu_aggregate_int,2018,77.268
ecu,sex_t,age_10yrbands_y45_54,edu_aggregate_int,2019,78.997
ecu,sex_t,age_10yrbands_y45_54,edu_aggregate_int,2021,77.357
ecu,sex_t,age_10yrbands_y45_54,edu_aggregate_int,2022,79.545
ecu,sex_t,age_10yrbands_y45_54,edu_aggregate_int,2023,77.945
ecu,sex_t,age_10yrbands_y45_54,edu_aggregate_int,2024,78.586
ecu,sex_t,age_10yrbands_y45_54,edu_aggregate_ltb,2000,70.359
ecu,sex_t,age_10yrbands_y45_54,edu_aggregate_ltb,2001,74.384
ecu,sex_t,age_10yrbands_y45_54,edu_aggregate_ltb,2003,68.043
ecu,sex_t,age_10yrbands_y45_54,edu_aggregate_ltb,2004,72.474
ecu,sex_t,age_10yrbands_y45_54,edu_aggregate_ltb,2005,71.728
ecu,sex_t,age_10yrbands_y45_54,edu_aggregate_ltb,2006,74.778
ecu,sex_t,age_10yrbands_y45_54,edu_aggregate_ltb,2007,74.287
ecu,sex_t,age_10yrbands_y45_54,edu_aggregate_ltb,2008,72.442
ecu,sex_t,age_10yrbands_y45_54,edu_aggregate_ltb,2009,70.553
ecu,sex_t,age_10yrbands_y45_54,edu_aggregate_ltb,2010,69.703
ecu,sex_t,age_10yrbands_y45_54,edu_aggregate_ltb,2011,67.912
ecu,sex_t,age_10yrbands_y45_54,edu_aggregate_ltb,2012,69.784
ecu,sex_t,age_10yrbands_y45_54,edu_aggregate_ltb,2013,70.387
ecu,sex_t,age_10yrbands_y45_54,edu_aggregate_ltb,2014,69.232
ecu,sex_t,age_10yrbands_y45_54,edu_aggregate_ltb,2015,75.857
ecu,sex_t,age_10yrbands_y45_54,edu_aggregate_ltb,2016,78.616
ecu,sex_t,age_10yrbands_y45_54,edu_aggregate_ltb,2017,80.117
ecu,sex_t,age_10yrbands_y45_54,edu_aggregate_ltb,2018,77.882
ecu,sex_t,age_10yrbands_y45_54,edu_aggregate_ltb,2019,78.57
ecu,sex_t,age_10yrbands_y45_54,edu_aggregate_ltb,2021,77.146
ecu,sex_t,age_10yrbands_y45_54,edu_aggregate_ltb,2022,73.675
ecu,sex_t,age_10yrbands_y45_54,edu_aggregate_ltb,2023,73.502
ecu,sex_t,age_10yrbands_y45_54,edu_aggregate_ltb,2024,73.689
ecu,sex_t,age_10yrbands_y45_54,edu_aggregate_total,2000,71.249
ecu,sex_t,age_10yrbands_y45_54,edu_aggregate_total,2001,75.666
ecu,sex_t,age_10yrbands_y45_54,edu_aggregate_total,2003,74.45
ecu,sex_t,age_10yrbands_y45_54,edu_aggregate_total,2004,76.669
ecu,sex_t,age_10yrbands_y45_54,edu_aggregate_total,2005,77.454
ecu,sex_t,age_10yrbands_y45_54,edu_aggregate_total,2006,78.025
ecu,sex_t,age_10yrbands_y45_54,edu_aggregate_total,2007,78.722
ecu,sex_t,age_10yrbands_y45_54,edu_aggregate_total,2008,77.688
ecu,sex_t,age_10yrbands_y45_54,edu_aggregate_total,2009,75.695
ecu,sex_t,age_10yrbands_y45_54,edu_aggregate_total,2010,75.636
ecu,sex_t,age_10yrbands_y45_54,edu_aggregate_total,2011,75.211
ecu,sex_t,age_10yrbands_y45_54,edu_aggregate_total,2012,76.028
ecu,sex_t,age_10yrbands_y45_54,edu_aggregate_total,2013,76.884
ecu,sex_t,age_10yrbands_y45_54,edu_aggregate_total,2014,76.719
ecu,sex_t,age_10yrbands_y45_54,edu_aggregate_total,2015,78.909
ecu,sex_t,age_10yrbands_y45_54,edu_aggregate_total,2016,80.904
ecu,sex_t,age_10yrbands_y45_54,edu_aggregate_total,2017,82.07
ecu,sex_t,age_10yrbands_y45_54,edu_aggregate_total,2018,80.226
ecu,sex_t,age_10yrbands_y45_54,edu_aggregate_total,2019,80.315
ecu,sex_t,age_10yrbands_y45_54,edu_aggregate_total,2021,79.257
ecu,sex_t,age_10yrbands_y45_54,edu_aggregate_total,2022,79.694
ecu,sex_t,age_10yrbands_y45_54,edu_aggregate_total,2023,78.329
ecu,sex_t,age_10yrbands_y45_54,edu_aggregate_total,2024,79.113
ecu,sex_t,age_10yrbands_y45_54,edu_aggregate_x,2008,100
ecu,sex_t,age_10yrbands_y45_54,edu_aggregate_x,2016,86.037
ecu,sex_t,age_10yrbands_y45_54,edu_aggregate_x,2017,79.149
ecu,sex_t,age_10yrbands_y45_54,edu_aggregate_x,2018,92.403
ecu,sex_t,age_10yrbands_y45_54,edu_aggregate_x,2019,49.745
ecu,sex_t,age_10yrbands_y45_54,edu_aggregate_x,2021,90.072
ecu,sex_t,age_10yrbands_y45_54,edu_aggregate_x,2022,64.49
ecu,sex_t,age_10yrbands_y45_54,edu_aggregate_x,2023,100
ecu,sex_t,age_10yrbands_y45_54,edu_isced97_0,2000,70.476
ecu,sex_t,age_10yrbands_y45_54,edu_isced97_0,2001,77.269
ecu,sex_t,age_10yrbands_y45_54,edu_isced97_0,2003,68.938
ecu,sex_t,age_10yrbands_y45_54,edu_isced97_0,2004,73.292
ecu,sex_t,age_10yrbands_y45_54,edu_isced97_0,2005,75.391
ecu,sex_t,age_10yrbands_y45_54,edu_isced97_0,2006,75.706
ecu,sex_t,age_10yrbands_y45_54,edu_isced97_0,2007,76.884
ecu,sex_t,age_10yrbands_y45_54,edu_isced97_0,2008,73.953
ecu,sex_t,age_10yrbands_y45_54,edu_isced97_0,2009,71.989
ecu,sex_t,age_10yrbands_y45_54,edu_isced97_0,2010,70.19
ecu,sex_t,age_10yrbands_y45_54,edu_isced97_0,2011,69.336
ecu,sex_t,age_10yrbands_y45_54,edu_isced97_0,2012,70.907
ecu,sex_t,age_10yrbands_y45_54,edu_isced97_0,2013,71.577
ecu,sex_t,age_10yrbands_y45_54,edu_isced97_0,2014,71.14
ecu,sex_t,age_10yrbands_y45_54,edu_isced97_0,2015,77.979
ecu,sex_t,age_10yrbands_y45_54,edu_isced97_0,2016,81.259
ecu,sex_t,age_10yrbands_y45_54,edu_isced97_0,2017,83.091
ecu,sex_t,age_10yrbands_y45_54,edu_isced97_0,2018,80.15
ecu,sex_t,age_10yrbands_y45_54,edu_isced97_0,2019,80.284
ecu,sex_t,age_10yrbands_y45_54,edu_isced97_0,2021,79.685
ecu,sex_t,age_10yrbands_y45_54,edu_isced97_0,2022,75.652
ecu,sex_t,age_10yrbands_y45_54,edu_isced97_0,2023,75.226
ecu,sex_t,age_10yrbands_y45_54,edu_isced97_0,2024,75.496
ecu,sex_t,age_10yrbands_y45_54,edu_isced97_1,2000,64.323
ecu,sex_t,age_10yrbands_y45_54,edu_isced97_1,2001,73.242
ecu,sex_t,age_10yrbands_y45_54,edu_isced97_1,2003,71.675
ecu,sex_t,age_10yrbands_y45_54,edu_isced97_1,2004,74.822
ecu,sex_t,age_10yrbands_y45_54,edu_isced97_1,2005,76.455
ecu,sex_t,age_10yrbands_y45_54,edu_isced97_1,2006,74.966
ecu,sex_t,age_10yrbands_y45_54,edu_isced97_1,2007,76.015
ecu,sex_t,age_10yrbands_y45_54,edu_isced97_1,2008,75.245
ecu,sex_t,age_10yrbands_y45_54,edu_isced97_1,2009,73.856
ecu,sex_t,age_10yrbands_y45_54,edu_isced97_1,2010,73.158
ecu,sex_t,age_10yrbands_y45_54,edu_isced97_1,2011,72.887
ecu,sex_t,age_10yrbands_y45_54,edu_isced97_1,2012,74.712
ecu,sex_t,age_10yrbands_y45_54,edu_isced97_1,2013,75.808
ecu,sex_t,age_10yrbands_y45_54,edu_isced97_1,2014,74.835
ecu,sex_t,age_10yrbands_y45_54,edu_isced97_1,2015,78.172
ecu,sex_t,age_10yrbands_y45_54,edu_isced97_1,2016,80.221
ecu,sex_t,age_10yrbands_y45_54,edu_isced97_1,2017,82.119
ecu,sex_t,age_10yrbands_y45_54,edu_isced97_1,2018,80.327
ecu,sex_t,age_10yrbands_y45_54,edu_isced97_1,2019,80.104
ecu,sex_t,age_10yrbands_y45_54,edu_isced97_1,2021,79.079
ecu,sex_t,age_10yrbands_y45_54,edu_isced97_1,2022,79.109
ecu,sex_t,age_10yrbands_y45_54,edu_isced97_1,2023,77.692
ecu,sex_t,age_10yrbands_y45_54,edu_isced97_1,2024,78.372
ecu,sex_t,age_10yrbands_y45_54,edu_isced97_2,2000,69.596
ecu,sex_t,age_10yrbands_y45_54,edu_isced97_2,2001,73.358
ecu,sex_t,age_10yrbands_y45_54,edu_isced97_2,2003,74.383
ecu,sex_t,age_10yrbands_y45_54,edu_isced97_2,2004,72.958
ecu,sex_t,age_10yrbands_y45_54,edu_isced97_2,2005,74.322
ecu,sex_t,age_10yrbands_y45_54,edu_isced97_2,2006,76.848
ecu,sex_t,age_10yrbands_y45_54,edu_isced97_2,2007,75.778
ecu,sex_t,age_10yrbands_y45_54,edu_isced97_2,2008,75.664
ecu,sex_t,age_10yrbands_y45_54,edu_isced97_2,2009,76.646
ecu,sex_t,age_10yrbands_y45_54,edu_isced97_2,2010,73.485
ecu,sex_t,age_10yrbands_y45_54,edu_isced97_2,2011,74.5
ecu,sex_t,age_10yrbands_y45_54,edu_isced97_2,2012,72.38
ecu,sex_t,age_10yrbands_y45_54,edu_isced97_2,2013,71.616
ecu,sex_t,age_10yrbands_y45_54,edu_isced97_2,2014,75.437
ecu,sex_t,age_10yrbands_y45_54,edu_isced97_2,2015,75.235
ecu,sex_t,age_10yrbands_y45_54,edu_isced97_2,2016,77.234
ecu,sex_t,age_10yrbands_y45_54,edu_isced97_2,2017,80.536
ecu,sex_t,age_10yrbands_y45_54,edu_isced97_2,2018,79.338
ecu,sex_t,age_10yrbands_y45_54,edu_isced97_2,2019,77.407
ecu,sex_t,age_10yrbands_y45_54,edu_isced97_2,2021,77.027
ecu,sex_t,age_10yrbands_y45_54,edu_isced97_2,2022,78.281
ecu,sex_t,age_10yrbands_y45_54,edu_isced97_2,2023,76.328
ecu,sex_t,age_10yrbands_y45_54,edu_isced97_2,2024,78.527
ecu,sex_t,age_10yrbands_y45_54,edu_isced97_3,2000,69.076
ecu,sex_t,age_10yrbands_y45_54,edu_isced97_3,2001,73.284
ecu,sex_t,age_10yrbands_y45_54,edu_isced97_3,2003,80.438
ecu,sex_t,age_10yrbands_y45_54,edu_isced97_3,2004,76.044
ecu,sex_t,age_10yrbands_y45_54,edu_isced97_3,2005,74.759
ecu,sex_t,age_10yrbands_y45_54,edu_isced97_3,2006,72.072
ecu,sex_t,age_10yrbands_y45_54,edu_isced97_3,2007,80.507
ecu,sex_t,age_10yrbands_y45_54,edu_isced97_3,2008,79.464
ecu,sex_t,age_10yrbands_y45_54,edu_isced97_3,2009,75.052
ecu,sex_t,age_10yrbands_y45_54,edu_isced97_3,2010,76.262
ecu,sex_t,age_10yrbands_y45_54,edu_isced97_3,2011,75.202
ecu,sex_t,age_10yrbands_y45_54,edu_isced97_3,2012,77.115
ecu,sex_t,age_10yrbands_y45_54,edu_isced97_3,2013,77.708
ecu,sex_t,age_10yrbands_y45_54,edu_isced97_3,2014,77.178
ecu,sex_t,age_10yrbands_y45_54,edu_isced97_3,2015,76.522
ecu,sex_t,age_10yrbands_y45_54,edu_isced97_3,2016,78.812
ecu,sex_t,age_10yrbands_y45_54,edu_isced97_3,2017,79.728
ecu,sex_t,age_10yrbands_y45_54,edu_isced97_3,2018,76.93
ecu,sex_t,age_10yrbands_y45_54,edu_isced97_3,2019,78.475
ecu,sex_t,age_10yrbands_y45_54,edu_isced97_3,2021,77.067
ecu,sex_t,age_10yrbands_y45_54,edu_isced97_3,2022,79.093
ecu,sex_t,age_10yrbands_y45_54,edu_isced97_3,2023,77.537
ecu,sex_t,age_10yrbands_y45_54,edu_isced97_3,2024,78.415
ecu,sex_t,age_10yrbands_y45_54,edu_isced97_4,2003,88.691
ecu,sex_t,age_10yrbands_y45_54,edu_isced97_4,2004,91.442
ecu,sex_t,age_10yrbands_y45_54,edu_isced97_4,2005,88.781
ecu,sex_t,age_10yrbands_y45_54,edu_isced97_4,2006,90.62
ecu,sex_t,age_10yrbands_y45_54,edu_isced97_4,2007,93.705
ecu,sex_t,age_10yrbands_y45_54,edu_isced97_4,2008,72.081
ecu,sex_t,age_10yrbands_y45_54,edu_isced97_4,2009,100
ecu,sex_t,age_10yrbands_y45_54,edu_isced97_4,2010,83.129
ecu,sex_t,age_10yrbands_y45_54,edu_isced97_4,2011,81.958
ecu,sex_t,age_10yrbands_y45_54,edu_isced97_4,2012,76.566
ecu,sex_t,age_10yrbands_y45_54,edu_isced97_4,2013,93.644
ecu,sex_t,age_10yrbands_y45_54,edu_isced97_4,2014,83.027
ecu,sex_t,age_10yrbands_y45_54,edu_isced97_4,2015,86.63
ecu,sex_t,age_10yrbands_y45_54,edu_isced97_4,2016,86.587
ecu,sex_t,age_10yrbands_y45_54,edu_isced97_4,2017,87.86
ecu,sex_t,age_10yrbands_y45_54,edu_isced97_4,2018,85.675
ecu,sex_t,age_10yrbands_y45_54,edu_isced97_4,2019,89.769
ecu,sex_t,age_10yrbands_y45_54,edu_isced97_4,2021,82.323
ecu,sex_t,age_10yrbands_y45_54,edu_isced97_4,2022,87.287
ecu,sex_t,age_10yrbands_y45_54,edu_isced97_4,2023,85.126
ecu,sex_t,age_10yrbands_y45_54,edu_isced97_4,2024,81.542
ecu,sex_t,age_10yrbands_y45_54,edu_isced97_5,2000,86.978
ecu,sex_t,age_10yrbands_y45_54,edu_isced97_5,2001,88.077
ecu,sex_t,age_10yrbands_y45_54,edu_isced97_5,2003,89.072
ecu,sex_t,age_10yrbands_y45_54,edu_isced97_5,2004,90.725
ecu,sex_t,age_10yrbands_y45_54,edu_isced97_5,2005,88.554
ecu,sex_t,age_10yrbands_y45_54,edu_isced97_5,2006,91.226
ecu,sex_t,age_10yrbands_y45_54,edu_isced97_5,2007,89.627
ecu,sex_t,age_10yrbands_y45_54,edu_isced97_5,2008,89.399
ecu,sex_t,age_10yrbands_y45_54,edu_isced97_5,2009,86.569
ecu,sex_t,age_10yrbands_y45_54,edu_isced97_5,2010,87.85
ecu,sex_t,age_10yrbands_y45_54,edu_isced97_5,2011,88.694
ecu,sex_t,age_10yrbands_y45_54,edu_isced97_5,2012,86.337
ecu,sex_t,age_10yrbands_y45_54,edu_isced97_5,2013,87.157
ecu,sex_t,age_10yrbands_y45_54,edu_isced97_5,2014,87.346
ecu,sex_t,age_10yrbands_y45_54,edu_isced97_5,2015,88.337
ecu,sex_t,age_10yrbands_y45_54,edu_isced97_5,2016,88.732
ecu,sex_t,age_10yrbands_y45_54,edu_isced97_5,2017,87.689
ecu,sex_t,age_10yrbands_y45_54,edu_isced97_5,2018,86.634
ecu,sex_t,age_10yrbands_y45_54,edu_isced97_5,2019,85.9
ecu,sex_t,age_10yrbands_y45_54,edu_isced97_5,2021,85.608
ecu,sex_t,age_10yrbands_y45_54,edu_isced97_5,2022,86.531
ecu,sex_t,age_10yrbands_y45_54,edu_isced97_5,2023,85.716
ecu,sex_t,age_10yrbands_y45_54,edu_isced97_5,2024,87.093
ecu,sex_t,age_10yrbands_y45_54,edu_isced97_6,2001,98.912
ecu,sex_t,age_10yrbands_y45_54,edu_isced97_6,2003,93.471
ecu,sex_t,age_10yrbands_y45_54,edu_isced97_6,2004,95.501
ecu,sex_t,age_10yrbands_y45_54,edu_isced97_6,2005,100
ecu,sex_t,age_10yrbands_y45_54,edu_isced97_6,2006,94.54
ecu,sex_t,age_10yrbands_y45_54,edu_isced97_6,2007,100
ecu,sex_t,age_10yrbands_y45_54,edu_isced97_6,2008,96.845
ecu,sex_t,age_10yrbands_y45_54,edu_isced97_6,2009,93.928
ecu,sex_t,age_10yrbands_y45_54,edu_isced97_6,2010,97.848
ecu,sex_t,age_10yrbands_y45_54,edu_isced97_6,2011,95.29
ecu,sex_t,age_10yrbands_y45_54,edu_isced97_6,2012,98.334
ecu,sex_t,age_10yrbands_y45_54,edu_isced97_6,2013,96.214
ecu,sex_t,age_10yrbands_y45_54,edu_isced97_6,2014,96.054
ecu,sex_t,age_10yrbands_y45_54,edu_isced97_6,2015,97.306
ecu,sex_t,age_10yrbands_y45_54,edu_isced97_6,2016,95.789
ecu,sex_t,age_10yrbands_y45_54,edu_isced97_6,2017,94.481
ecu,sex_t,age_10yrbands_y45_54,edu_isced97_6,2018,96.994
ecu,sex_t,age_10yrbands_y45_54,edu_isced97_6,2019,96.086
ecu,sex_t,age_10yrbands_y45_54,edu_isced97_6,2021,95.599
ecu,sex_t,age_10yrbands_y45_54,edu_isced97_6,2022,96.198
ecu,sex_t,age_10yrbands_y45_54,edu_isced97_6,2023,95.538
ecu,sex_t,age_10yrbands_y45_54,edu_isced97_6,2024,95.297
ecu,sex_t,age_10yrbands_y45_54,edu_isced97_total,2000,71.249
ecu,sex_t,age_10yrbands_y45_54,edu_isced97_total,2001,75.666
ecu,sex_t,age_10yrbands_y45_54,edu_isced97_total,2003,74.45
ecu,sex_t,age_10yrbands_y45_54,edu_isced97_total,2004,76.669
ecu,sex_t,age_10yrbands_y45_54,edu_isced97_total,2005,77.454
ecu,sex_t,age_10yrbands_y45_54,edu_isced97_total,2006,78.025
ecu,sex_t,age_10yrbands_y45_54,edu_isced97_total,2007,78.722
ecu,sex_t,age_10yrbands_y45_54,edu_isced97_total,2008,77.688
ecu,sex_t,age_10yrbands_y45_54,edu_isced97_total,2009,75.695
ecu,sex_t,age_10yrbands_y45_54,edu_isced97_total,2010,75.636
ecu,sex_t,age_10yrbands_y45_54,edu_isced97_total,2011,75.211
ecu,sex_t,age_10yrbands_y45_54,edu_isced97_total,2012,76.028
ecu,sex_t,age_10yrbands_y45_54,edu_isced97_total,2013,76.884
ecu,sex_t,age_10yrbands_y45_54,edu_isced97_total,2014,76.719
ecu,sex_t,age_10yrbands_y45_54,edu_isced97_total,2015,78.909
ecu,sex_t,age_10yrbands_y45_54,edu_isced97_total,2016,80.904
ecu,sex_t,age_10yrbands_y45_54,edu_isced97_total,2017,82.07
ecu,sex_t,age_10yrbands_y45_54,edu_isced97_total,2018,80.226
ecu,sex_t,age_10yrbands_y45_54,edu_isced97_total,2019,80.315
ecu,sex_t,age_10yrbands_y45_54,edu_isced97_total,2021,79.257
ecu,sex_t,age_10yrbands_y45_54,edu_isced97_total,2022,79.694
ecu,sex_t,age_10yrbands_y45_54,edu_isced97_total,2023,78.329
ecu,sex_t,age_10yrbands_y45_54,edu_isced97_total,2024,79.113
ecu,sex_t,age_10yrbands_y45_54,edu_isced97_unk,2008,100
ecu,sex_t,age_10yrbands_y45_54,edu_isced97_unk,2016,86.037
ecu,sex_t,age_10yrbands_y45_54,edu_isced97_unk,2017,79.149
ecu,sex_t,age_10yrbands_y45_54,edu_isced97_unk,2018,92.403
ecu,sex_t,age_10yrbands_y45_54,edu_isced97_unk,2019,49.745
ecu,sex_t,age_10yrbands_y45_54,edu_isced97_unk,2021,90.072
ecu,sex_t,age_10yrbands_y45_54,edu_isced97_unk,2022,64.49
ecu,sex_t,age_10yrbands_y45_54,edu_isced97_unk,2023,100
ecu,sex_t,age_10yrbands_y45_54,edu_isced97_x,2000,70.31
ecu,sex_t,age_10yrbands_y45_54,edu_isced97_x,2001,72.056
ecu,sex_t,age_10yrbands_y45_54,edu_isced97_x,2003,67.411
ecu,sex_t,age_10yrbands_y45_54,edu_isced97_x,2004,71.878
ecu,sex_t,age_10yrbands_y45_54,edu_isced97_x,2005,69.106
ecu,sex_t,age_10yrbands_y45_54,edu_isced97_x,2006,74.087
ecu,sex_t,age_10yrbands_y45_54,edu_isced97_x,2007,67.689
ecu,sex_t,age_10yrbands_y45_54,edu_isced97_x,2008,68.722
ecu,sex_t,age_10yrbands_y45_54,edu_isced97_x,2009,66.754
ecu,sex_t,age_10yrbands_y45_54,edu_isced97_x,2010,68.308
ecu,sex_t,age_10yrbands_y45_54,edu_isced97_x,2011,64.279
ecu,sex_t,age_10yrbands_y45_54,edu_isced97_x,2012,66.817
ecu,sex_t,age_10yrbands_y45_54,edu_isced97_x,2013,67.082
ecu,sex_t,age_10yrbands_y45_54,edu_isced97_x,2014,63.696
ecu,sex_t,age_10yrbands_y45_54,edu_isced97_x,2015,69.559
ecu,sex_t,age_10yrbands_y45_54,edu_isced97_x,2016,70.623
ecu,sex_t,age_10yrbands_y45_54,edu_isced97_x,2017,72.079
ecu,sex_t,age_10yrbands_y45_54,edu_isced97_x,2018,71.238
ecu,sex_t,age_10yrbands_y45_54,edu_isced97_x,2019,73.536
ecu,sex_t,age_10yrbands_y45_54,edu_isced97_x,2021,69.566
ecu,sex_t,age_10yrbands_y45_54,edu_isced97_x,2022,68.117
ecu,sex_t,age_10yrbands_y45_54,edu_isced97_x,2023,69.243
ecu,sex_t,age_10yrbands_y45_54,edu_isced97_x,2024,68.599
ecu,sex_t,age_10yrbands_y55_64,edu_aggregate_adv,2000,71.112
ecu,sex_t,age_10yrbands_y55_64,edu_aggregate_adv,2001,83.763
ecu,sex_t,age_10yrbands_y55_64,edu_aggregate_adv,2003,81.769
ecu,sex_t,age_10yrbands_y55_64,edu_aggregate_adv,2004,84.312
ecu,sex_t,age_10yrbands_y55_64,edu_aggregate_adv,2005,83.899
ecu,sex_t,age_10yrbands_y55_64,edu_aggregate_adv,2006,88.682
ecu,sex_t,age_10yrbands_y55_64,edu_aggregate_adv,2007,81.031
ecu,sex_t,age_10yrbands_y55_64,edu_aggregate_adv,2008,85.665
ecu,sex_t,age_10yrbands_y55_64,edu_aggregate_adv,2009,84.002
ecu,sex_t,age_10yrbands_y55_64,edu_aggregate_adv,2010,80.517
ecu,sex_t,age_10yrbands_y55_64,edu_aggregate_adv,2011,82.561
ecu,sex_t,age_10yrbands_y55_64,edu_aggregate_adv,2012,81.804
ecu,sex_t,age_10yrbands_y55_64,edu_aggregate_adv,2013,80.597
ecu,sex_t,age_10yrbands_y55_64,edu_aggregate_adv,2014,75.404
ecu,sex_t,age_10yrbands_y55_64,edu_aggregate_adv,2015,76.156
ecu,sex_t,age_10yrbands_y55_64,edu_aggregate_adv,2016,76.323
ecu,sex_t,age_10yrbands_y55_64,edu_aggregate_adv,2017,75.349
ecu,sex_t,age_10yrbands_y55_64,edu_aggregate_adv,2018,74.957
ecu,sex_t,age_10yrbands_y55_64,edu_aggregate_adv,2019,75.27
ecu,sex_t,age_10yrbands_y55_64,edu_aggregate_adv,2021,68.425
ecu,sex_t,age_10yrbands_y55_64,edu_aggregate_adv,2022,71.503
ecu,sex_t,age_10yrbands_y55_64,edu_aggregate_adv,2023,72.926
ecu,sex_t,age_10yrbands_y55_64,edu_aggregate_adv,2024,70.344
ecu,sex_t,age_10yrbands_y55_64,edu_aggregate_bas,2000,62.139
ecu,sex_t,age_10yrbands_y55_64,edu_aggregate_bas,2001,68.758
ecu,sex_t,age_10yrbands_y55_64,edu_aggregate_bas,2003,61.16
ecu,sex_t,age_10yrbands_y55_64,edu_aggregate_bas,2004,64.655
ecu,sex_t,age_10yrbands_y55_64,edu_aggregate_bas,2005,66.303
ecu,sex_t,age_10yrbands_y55_64,edu_aggregate_bas,2006,67.962
ecu,sex_t,age_10yrbands_y55_64,edu_aggregate_bas,2007,69.759
ecu,sex_t,age_10yrbands_y55_64,edu_aggregate_bas,2008,68.343
ecu,sex_t,age_10yrbands_y55_64,edu_aggregate_bas,2009,68.165
ecu,sex_t,age_10yrbands_y55_64,edu_aggregate_bas,2010,66.622
ecu,sex_t,age_10yrbands_y55_64,edu_aggregate_bas,2011,65.228
ecu,sex_t,age_10yrbands_y55_64,edu_aggregate_bas,2012,65
ecu,sex_t,age_10yrbands_y55_64,edu_aggregate_bas,2013,67.851
ecu,sex_t,age_10yrbands_y55_64,edu_aggregate_bas,2014,66.985
ecu,sex_t,age_10yrbands_y55_64,edu_aggregate_bas,2015,69.664
ecu,sex_t,age_10yrbands_y55_64,edu_aggregate_bas,2016,72.006
ecu,sex_t,age_10yrbands_y55_64,edu_aggregate_bas,2017,73.658
ecu,sex_t,age_10yrbands_y55_64,edu_aggregate_bas,2018,72.452
ecu,sex_t,age_10yrbands_y55_64,edu_aggregate_bas,2019,72.542
ecu,sex_t,age_10yrbands_y55_64,edu_aggregate_bas,2021,69.907
ecu,sex_t,age_10yrbands_y55_64,edu_aggregate_bas,2022,72.147
ecu,sex_t,age_10yrbands_y55_64,edu_aggregate_bas,2023,68.968
ecu,sex_t,age_10yrbands_y55_64,edu_aggregate_bas,2024,70.961
ecu,sex_t,age_10yrbands_y55_64,edu_aggregate_int,2000,55.769
ecu,sex_t,age_10yrbands_y55_64,edu_aggregate_int,2001,54.833
ecu,sex_t,age_10yrbands_y55_64,edu_aggregate_int,2003,55.953
ecu,sex_t,age_10yrbands_y55_64,edu_aggregate_int,2004,79.684
ecu,sex_t,age_10yrbands_y55_64,edu_aggregate_int,2005,72.033
ecu,sex_t,age_10yrbands_y55_64,edu_aggregate_int,2006,73.621
ecu,sex_t,age_10yrbands_y55_64,edu_aggregate_int,2007,69.713
ecu,sex_t,age_10yrbands_y55_64,edu_aggregate_int,2008,65.128
ecu,sex_t,age_10yrbands_y55_64,edu_aggregate_int,2009,66.153
ecu,sex_t,age_10yrbands_y55_64,edu_aggregate_int,2010,59.677
ecu,sex_t,age_10yrbands_y55_64,edu_aggregate_int,2011,62.28
ecu,sex_t,age_10yrbands_y55_64,edu_aggregate_int,2012,61.194
ecu,sex_t,age_10yrbands_y55_64,edu_aggregate_int,2013,63.478
ecu,sex_t,age_10yrbands_y55_64,edu_aggregate_int,2014,63.137
ecu,sex_t,age_10yrbands_y55_64,edu_aggregate_int,2015,63.973
ecu,sex_t,age_10yrbands_y55_64,edu_aggregate_int,2016,64.331
ecu,sex_t,age_10yrbands_y55_64,edu_aggregate_int,2017,67.146
ecu,sex_t,age_10yrbands_y55_64,edu_aggregate_int,2018,66.196
ecu,sex_t,age_10yrbands_y55_64,edu_aggregate_int,2019,64.603
ecu,sex_t,age_10yrbands_y55_64,edu_aggregate_int,2021,63.605
ecu,sex_t,age_10yrbands_y55_64,edu_aggregate_int,2022,66.963
ecu,sex_t,age_10yrbands_y55_64,edu_aggregate_int,2023,66.568
ecu,sex_t,age_10yrbands_y55_64,edu_aggregate_int,2024,66.262
ecu,sex_t,age_10yrbands_y55_64,edu_aggregate_ltb,2000,61.415
ecu,sex_t,age_10yrbands_y55_64,edu_aggregate_ltb,2001,72.33
ecu,sex_t,age_10yrbands_y55_64,edu_aggregate_ltb,2003,62.147
ecu,sex_t,age_10yrbands_y55_64,edu_aggregate_ltb,2004,67.859
ecu,sex_t,age_10yrbands_y55_64,edu_aggregate_ltb,2005,68.974
ecu,sex_t,age_10yrbands_y55_64,edu_aggregate_ltb,2006,66.127
ecu,sex_t,age_10yrbands_y55_64,edu_aggregate_ltb,2007,65.363
ecu,sex_t,age_10yrbands_y55_64,edu_aggregate_ltb,2008,64.849
ecu,sex_t,age_10yrbands_y55_64,edu_aggregate_ltb,2009,66.948
ecu,sex_t,age_10yrbands_y55_64,edu_aggregate_ltb,2010,65.072
ecu,sex_t,age_10yrbands_y55_64,edu_aggregate_ltb,2011,65.147
ecu,sex_t,age_10yrbands_y55_64,edu_aggregate_ltb,2012,65.381
ecu,sex_t,age_10yrbands_y55_64,edu_aggregate_ltb,2013,66.259
ecu,sex_t,age_10yrbands_y55_64,edu_aggregate_ltb,2014,64.873
ecu,sex_t,age_10yrbands_y55_64,edu_aggregate_ltb,2015,70.067
ecu,sex_t,age_10yrbands_y55_64,edu_aggregate_ltb,2016,71.377
ecu,sex_t,age_10yrbands_y55_64,edu_aggregate_ltb,2017,74.789
ecu,sex_t,age_10yrbands_y55_64,edu_aggregate_ltb,2018,72.988
ecu,sex_t,age_10yrbands_y55_64,edu_aggregate_ltb,2019,73.203
ecu,sex_t,age_10yrbands_y55_64,edu_aggregate_ltb,2021,67.249
ecu,sex_t,age_10yrbands_y55_64,edu_aggregate_ltb,2022,68.588
ecu,sex_t,age_10yrbands_y55_64,edu_aggregate_ltb,2023,71.555
ecu,sex_t,age_10yrbands_y55_64,edu_aggregate_ltb,2024,66.578
ecu,sex_t,age_10yrbands_y55_64,edu_aggregate_total,2000,61.671
ecu,sex_t,age_10yrbands_y55_64,edu_aggregate_total,2001,68.697
ecu,sex_t,age_10yrbands_y55_64,edu_aggregate_total,2003,62.846
ecu,sex_t,age_10yrbands_y55_64,edu_aggregate_total,2004,67.281
ecu,sex_t,age_10yrbands_y55_64,edu_aggregate_total,2005,68.784
ecu,sex_t,age_10yrbands_y55_64,edu_aggregate_total,2006,69.74
ecu,sex_t,age_10yrbands_y55_64,edu_aggregate_total,2007,69.368
ecu,sex_t,age_10yrbands_y55_64,edu_aggregate_total,2008,68.689
ecu,sex_t,age_10yrbands_y55_64,edu_aggregate_total,2009,69.5
ecu,sex_t,age_10yrbands_y55_64,edu_aggregate_total,2010,67.144
ecu,sex_t,age_10yrbands_y55_64,edu_aggregate_total,2011,66.973
ecu,sex_t,age_10yrbands_y55_64,edu_aggregate_total,2012,66.788
ecu,sex_t,age_10yrbands_y55_64,edu_aggregate_total,2013,68.419
ecu,sex_t,age_10yrbands_y55_64,edu_aggregate_total,2014,66.935
ecu,sex_t,age_10yrbands_y55_64,edu_aggregate_total,2015,69.731
ecu,sex_t,age_10yrbands_y55_64,edu_aggregate_total,2016,71.188
ecu,sex_t,age_10yrbands_y55_64,edu_aggregate_total,2017,73.067
ecu,sex_t,age_10yrbands_y55_64,edu_aggregate_total,2018,71.793
ecu,sex_t,age_10yrbands_y55_64,edu_aggregate_total,2019,71.561
ecu,sex_t,age_10yrbands_y55_64,edu_aggregate_total,2021,67.88
ecu,sex_t,age_10yrbands_y55_64,edu_aggregate_total,2022,70.24
ecu,sex_t,age_10yrbands_y55_64,edu_aggregate_total,2023,69.513
ecu,sex_t,age_10yrbands_y55_64,edu_aggregate_total,2024,68.943
ecu,sex_t,age_10yrbands_y55_64,edu_aggregate_x,2015,52.494
ecu,sex_t,age_10yrbands_y55_64,edu_aggregate_x,2016,81.374
ecu,sex_t,age_10yrbands_y55_64,edu_aggregate_x,2017,81.532
ecu,sex_t,age_10yrbands_y55_64,edu_aggregate_x,2018,81.088
ecu,sex_t,age_10yrbands_y55_64,edu_aggregate_x,2019,76.628
ecu,sex_t,age_10yrbands_y55_64,edu_aggregate_x,2021,93.781
ecu,sex_t,age_10yrbands_y55_64,edu_aggregate_x,2022,84.98
ecu,sex_t,age_10yrbands_y55_64,edu_aggregate_x,2023,88.435
ecu,sex_t,age_10yrbands_y55_64,edu_aggregate_x,2024,98.594
ecu,sex_t,age_10yrbands_y55_64,edu_isced97_0,2000,56.725
ecu,sex_t,age_10yrbands_y55_64,edu_isced97_0,2001,72.004
ecu,sex_t,age_10yrbands_y55_64,edu_isced97_0,2003,62.827
ecu,sex_t,age_10yrbands_y55_64,edu_isced97_0,2004,66.267
ecu,sex_t,age_10yrbands_y55_64,edu_isced97_0,2005,73.261
ecu,sex_t,age_10yrbands_y55_64,edu_isced97_0,2006,69.269
ecu,sex_t,age_10yrbands_y55_64,edu_isced97_0,2007,67.196
ecu,sex_t,age_10yrbands_y55_64,edu_isced97_0,2008,65.522
ecu,sex_t,age_10yrbands_y55_64,edu_isced97_0,2009,67.127
ecu,sex_t,age_10yrbands_y55_64,edu_isced97_0,2010,67.274
ecu,sex_t,age_10yrbands_y55_64,edu_isced97_0,2011,66.37
ecu,sex_t,age_10yrbands_y55_64,edu_isced97_0,2012,66.131
ecu,sex_t,age_10yrbands_y55_64,edu_isced97_0,2013,67.823
ecu,sex_t,age_10yrbands_y55_64,edu_isced97_0,2014,65.335
ecu,sex_t,age_10yrbands_y55_64,edu_isced97_0,2015,71.676
ecu,sex_t,age_10yrbands_y55_64,edu_isced97_0,2016,72.745
ecu,sex_t,age_10yrbands_y55_64,edu_isced97_0,2017,75.32
ecu,sex_t,age_10yrbands_y55_64,edu_isced97_0,2018,72.798
ecu,sex_t,age_10yrbands_y55_64,edu_isced97_0,2019,73.689
ecu,sex_t,age_10yrbands_y55_64,edu_isced97_0,2021,70.161
ecu,sex_t,age_10yrbands_y55_64,edu_isced97_0,2022,70.31
ecu,sex_t,age_10yrbands_y55_64,edu_isced97_0,2023,72.384
ecu,sex_t,age_10yrbands_y55_64,edu_isced97_0,2024,66.503
ecu,sex_t,age_10yrbands_y55_64,edu_isced97_1,2000,63.943
ecu,sex_t,age_10yrbands_y55_64,edu_isced97_1,2001,73.604
ecu,sex_t,age_10yrbands_y55_64,edu_isced97_1,2003,62.904
ecu,sex_t,age_10yrbands_y55_64,edu_isced97_1,2004,66.437
ecu,sex_t,age_10yrbands_y55_64,edu_isced97_1,2005,66.277
ecu,sex_t,age_10yrbands_y55_64,edu_isced97_1,2006,69.067
ecu,sex_t,age_10yrbands_y55_64,edu_isced97_1,2007,70.446
ecu,sex_t,age_10yrbands_y55_64,edu_isced97_1,2008,68.928
ecu,sex_t,age_10yrbands_y55_64,edu_isced97_1,2009,69.245
ecu,sex_t,age_10yrbands_y55_64,edu_isced97_1,2010,67.441
ecu,sex_t,age_10yrbands_y55_64,edu_isced97_1,2011,65.467
ecu,sex_t,age_10yrbands_y55_64,edu_isced97_1,2012,65.314
ecu,sex_t,age_10yrbands_y55_64,edu_isced97_1,2013,68.176
ecu,sex_t,age_10yrbands_y55_64,edu_isced97_1,2014,67.35
ecu,sex_t,age_10yrbands_y55_64,edu_isced97_1,2015,69.68
ecu,sex_t,age_10yrbands_y55_64,edu_isced97_1,2016,72.83
ecu,sex_t,age_10yrbands_y55_64,edu_isced97_1,2017,74.058
ecu,sex_t,age_10yrbands_y55_64,edu_isced97_1,2018,73.408
ecu,sex_t,age_10yrbands_y55_64,edu_isced97_1,2019,72.757
ecu,sex_t,age_10yrbands_y55_64,edu_isced97_1,2021,70.703
ecu,sex_t,age_10yrbands_y55_64,edu_isced97_1,2022,72.954
ecu,sex_t,age_10yrbands_y55_64,edu_isced97_1,2023,69.662
ecu,sex_t,age_10yrbands_y55_64,edu_isced97_1,2024,71.565
ecu,sex_t,age_10yrbands_y55_64,edu_isced97_2,2000,61.243
ecu,sex_t,age_10yrbands_y55_64,edu_isced97_2,2001,66.081
ecu,sex_t,age_10yrbands_y55_64,edu_isced97_2,2003,55.216
ecu,sex_t,age_10yrbands_y55_64,edu_isced97_2,2004,58.368
ecu,sex_t,age_10yrbands_y55_64,edu_isced97_2,2005,66.398
ecu,sex_t,age_10yrbands_y55_64,edu_isced97_2,2006,64.6
ecu,sex_t,age_10yrbands_y55_64,edu_isced97_2,2007,66.478
ecu,sex_t,age_10yrbands_y55_64,edu_isced97_2,2008,65.536
ecu,sex_t,age_10yrbands_y55_64,edu_isced97_2,2009,62.382
ecu,sex_t,age_10yrbands_y55_64,edu_isced97_2,2010,62.855
ecu,sex_t,age_10yrbands_y55_64,edu_isced97_2,2011,64.134
ecu,sex_t,age_10yrbands_y55_64,edu_isced97_2,2012,63.471
ecu,sex_t,age_10yrbands_y55_64,edu_isced97_2,2013,66.485
ecu,sex_t,age_10yrbands_y55_64,edu_isced97_2,2014,65.126
ecu,sex_t,age_10yrbands_y55_64,edu_isced97_2,2015,69.59
ecu,sex_t,age_10yrbands_y55_64,edu_isced97_2,2016,68.49
ecu,sex_t,age_10yrbands_y55_64,edu_isced97_2,2017,72.029
ecu,sex_t,age_10yrbands_y55_64,edu_isced97_2,2018,68.208
ecu,sex_t,age_10yrbands_y55_64,edu_isced97_2,2019,71.624
ecu,sex_t,age_10yrbands_y55_64,edu_isced97_2,2021,66.573
ecu,sex_t,age_10yrbands_y55_64,edu_isced97_2,2022,68.917
ecu,sex_t,age_10yrbands_y55_64,edu_isced97_2,2023,66.22
ecu,sex_t,age_10yrbands_y55_64,edu_isced97_2,2024,68.52
ecu,sex_t,age_10yrbands_y55_64,edu_isced97_3,2000,55.769
ecu,sex_t,age_10yrbands_y55_64,edu_isced97_3,2001,54.833
ecu,sex_t,age_10yrbands_y55_64,edu_isced97_3,2003,57.946
ecu,sex_t,age_10yrbands_y55_64,edu_isced97_3,2004,79.188
ecu,sex_t,age_10yrbands_y55_64,edu_isced97_3,2005,74.016
ecu,sex_t,age_10yrbands_y55_64,edu_isced97_3,2006,72.908
ecu,sex_t,age_10yrbands_y55_64,edu_isced97_3,2007,69.269
ecu,sex_t,age_10yrbands_y55_64,edu_isced97_3,2008,65.049
ecu,sex_t,age_10yrbands_y55_64,edu_isced97_3,2009,66.198
ecu,sex_t,age_10yrbands_y55_64,edu_isced97_3,2010,59.36
ecu,sex_t,age_10yrbands_y55_64,edu_isced97_3,2011,61.948
ecu,sex_t,age_10yrbands_y55_64,edu_isced97_3,2012,61.273
ecu,sex_t,age_10yrbands_y55_64,edu_isced97_3,2013,63.128
ecu,sex_t,age_10yrbands_y55_64,edu_isced97_3,2014,63.002
ecu,sex_t,age_10yrbands_y55_64,edu_isced97_3,2015,63.715
ecu,sex_t,age_10yrbands_y55_64,edu_isced97_3,2016,63.595
ecu,sex_t,age_10yrbands_y55_64,edu_isced97_3,2017,66.583
ecu,sex_t,age_10yrbands_y55_64,edu_isced97_3,2018,65.787
ecu,sex_t,age_10yrbands_y55_64,edu_isced97_3,2019,64.328
ecu,sex_t,age_10yrbands_y55_64,edu_isced97_3,2021,63.33
ecu,sex_t,age_10yrbands_y55_64,edu_isced97_3,2022,66.879
ecu,sex_t,age_10yrbands_y55_64,edu_isced97_3,2023,66.528
ecu,sex_t,age_10yrbands_y55_64,edu_isced97_3,2024,66.379
ecu,sex_t,age_10yrbands_y55_64,edu_isced97_4,2003,51.412
ecu,sex_t,age_10yrbands_y55_64,edu_isced97_4,2004,81.85
ecu,sex_t,age_10yrbands_y55_64,edu_isced97_4,2005,69.24
ecu,sex_t,age_10yrbands_y55_64,edu_isced97_4,2006,75.977
ecu,sex_t,age_10yrbands_y55_64,edu_isced97_4,2007,96.619
ecu,sex_t,age_10yrbands_y55_64,edu_isced97_4,2008,69.315
ecu,sex_t,age_10yrbands_y55_64,edu_isced97_4,2009,62.489
ecu,sex_t,age_10yrbands_y55_64,edu_isced97_4,2010,76.185
ecu,sex_t,age_10yrbands_y55_64,edu_isced97_4,2011,89.403
ecu,sex_t,age_10yrbands_y55_64,edu_isced97_4,2012,58.618
ecu,sex_t,age_10yrbands_y55_64,edu_isced97_4,2013,80.349
ecu,sex_t,age_10yrbands_y55_64,edu_isced97_4,2014,68.225
ecu,sex_t,age_10yrbands_y55_64,edu_isced97_4,2015,72.006
ecu,sex_t,age_10yrbands_y55_64,edu_isced97_4,2016,82.771
ecu,sex_t,age_10yrbands_y55_64,edu_isced97_4,2017,79.533
ecu,sex_t,age_10yrbands_y55_64,edu_isced97_4,2018,78.298
ecu,sex_t,age_10yrbands_y55_64,edu_isced97_4,2019,74.089
ecu,sex_t,age_10yrbands_y55_64,edu_isced97_4,2021,70.843
ecu,sex_t,age_10yrbands_y55_64,edu_isced97_4,2022,69.129
ecu,sex_t,age_10yrbands_y55_64,edu_isced97_4,2023,67.482
ecu,sex_t,age_10yrbands_y55_64,edu_isced97_4,2024,63.861
ecu,sex_t,age_10yrbands_y55_64,edu_isced97_5,2000,71.112
ecu,sex_t,age_10yrbands_y55_64,edu_isced97_5,2001,83.656
ecu,sex_t,age_10yrbands_y55_64,edu_isced97_5,2003,80.457
ecu,sex_t,age_10yrbands_y55_64,edu_isced97_5,2004,83.011
ecu,sex_t,age_10yrbands_y55_64,edu_isced97_5,2005,83.222
ecu,sex_t,age_10yrbands_y55_64,edu_isced97_5,2006,88.424
ecu,sex_t,age_10yrbands_y55_64,edu_isced97_5,2007,78.82
ecu,sex_t,age_10yrbands_y55_64,edu_isced97_5,2008,84.537
ecu,sex_t,age_10yrbands_y55_64,edu_isced97_5,2009,82.6
ecu,sex_t,age_10yrbands_y55_64,edu_isced97_5,2010,78.859
ecu,sex_t,age_10yrbands_y55_64,edu_isced97_5,2011,81.56
ecu,sex_t,age_10yrbands_y55_64,edu_isced97_5,2012,81.003
ecu,sex_t,age_10yrbands_y55_64,edu_isced97_5,2013,79.26
ecu,sex_t,age_10yrbands_y55_64,edu_isced97_5,2014,74.155
ecu,sex_t,age_10yrbands_y55_64,edu_isced97_5,2015,75.041
ecu,sex_t,age_10yrbands_y55_64,edu_isced97_5,2016,74.513
ecu,sex_t,age_10yrbands_y55_64,edu_isced97_5,2017,74.51
ecu,sex_t,age_10yrbands_y55_64,edu_isced97_5,2018,74.148
ecu,sex_t,age_10yrbands_y55_64,edu_isced97_5,2019,73.869
ecu,sex_t,age_10yrbands_y55_64,edu_isced97_5,2021,67.429
ecu,sex_t,age_10yrbands_y55_64,edu_isced97_5,2022,71.288
ecu,sex_t,age_10yrbands_y55_64,edu_isced97_5,2023,71.682
ecu,sex_t,age_10yrbands_y55_64,edu_isced97_5,2024,68.482
ecu,sex_t,age_10yrbands_y55_64,edu_isced97_6,2001,85.776
ecu,sex_t,age_10yrbands_y55_64,edu_isced97_6,2003,95.954
ecu,sex_t,age_10yrbands_y55_64,edu_isced97_6,2004,97.22
ecu,sex_t,age_10yrbands_y55_64,edu_isced97_6,2005,92.957
ecu,sex_t,age_10yrbands_y55_64,edu_isced97_6,2006,91.316
ecu,sex_t,age_10yrbands_y55_64,edu_isced97_6,2007,94.886
ecu,sex_t,age_10yrbands_y55_64,edu_isced97_6,2008,93.49
ecu,sex_t,age_10yrbands_y55_64,edu_isced97_6,2009,94.508
ecu,sex_t,age_10yrbands_y55_64,edu_isced97_6,2010,93.754
ecu,sex_t,age_10yrbands_y55_64,edu_isced97_6,2011,91.2
ecu,sex_t,age_10yrbands_y55_64,edu_isced97_6,2012,89.358
ecu,sex_t,age_10yrbands_y55_64,edu_isced97_6,2013,93.526
ecu,sex_t,age_10yrbands_y55_64,edu_isced97_6,2014,87.068
ecu,sex_t,age_10yrbands_y55_64,edu_isced97_6,2015,85.01
ecu,sex_t,age_10yrbands_y55_64,edu_isced97_6,2016,87.692
ecu,sex_t,age_10yrbands_y55_64,edu_isced97_6,2017,80.263
ecu,sex_t,age_10yrbands_y55_64,edu_isced97_6,2018,80.525
ecu,sex_t,age_10yrbands_y55_64,edu_isced97_6,2019,83.694
ecu,sex_t,age_10yrbands_y55_64,edu_isced97_6,2021,74.3
ecu,sex_t,age_10yrbands_y55_64,edu_isced97_6,2022,72.632
ecu,sex_t,age_10yrbands_y55_64,edu_isced97_6,2023,80.079
ecu,sex_t,age_10yrbands_y55_64,edu_isced97_6,2024,80.15
ecu,sex_t,age_10yrbands_y55_64,edu_isced97_total,2000,61.671
ecu,sex_t,age_10yrbands_y55_64,edu_isced97_total,2001,68.697
ecu,sex_t,age_10yrbands_y55_64,edu_isced97_total,2003,62.846
ecu,sex_t,age_10yrbands_y55_64,edu_isced97_total,2004,67.281
ecu,sex_t,age_10yrbands_y55_64,edu_isced97_total,2005,68.784
ecu,sex_t,age_10yrbands_y55_64,edu_isced97_total,2006,69.74
ecu,sex_t,age_10yrbands_y55_64,edu_isced97_total,2007,69.368
ecu,sex_t,age_10yrbands_y55_64,edu_isced97_total,2008,68.689
ecu,sex_t,age_10yrbands_y55_64,edu_isced97_total,2009,69.5
ecu,sex_t,age_10yrbands_y55_64,edu_isced97_total,2010,67.144
ecu,sex_t,age_10yrbands_y55_64,edu_isced97_total,2011,66.973
ecu,sex_t,age_10yrbands_y55_64,edu_isced97_total,2012,66.788
ecu,sex_t,age_10yrbands_y55_64,edu_isced97_total,2013,68.419
ecu,sex_t,age_10yrbands_y55_64,edu_isced97_total,2014,66.935
ecu,sex_t,age_10yrbands_y55_64,edu_isced97_total,2015,69.731
ecu,sex_t,age_10yrbands_y55_64,edu_isced97_total,2016,71.188
ecu,sex_t,age_10yrbands_y55_64,edu_isced97_total,2017,73.067
ecu,sex_t,age_10yrbands_y55_64,edu_isced97_total,2018,71.793
ecu,sex_t,age_10yrbands_y55_64,edu_isced97_total,2019,71.561
ecu,sex_t,age_10yrbands_y55_64,edu_isced97_total,2021,67.88
ecu,sex_t,age_10yrbands_y55_64,edu_isced97_total,2022,70.24
ecu,sex_t,age_10yrbands_y55_64,edu_isced97_total,2023,69.513
ecu,sex_t,age_10yrbands_y55_64,edu_isced97_total,2024,68.943
ecu,sex_t,age_10yrbands_y55_64,edu_isced97_unk,2015,52.494
ecu,sex_t,age_10yrbands_y55_64,edu_isced97_unk,2016,81.374
ecu,sex_t,age_10yrbands_y55_64,edu_isced97_unk,2017,81.532
ecu,sex_t,age_10yrbands_y55_64,edu_isced97_unk,2018,81.088
ecu,sex_t,age_10yrbands_y55_64,edu_isced97_unk,2019,76.628
ecu,sex_t,age_10yrbands_y55_64,edu_isced97_unk,2021,93.781
ecu,sex_t,age_10yrbands_y55_64,edu_isced97_unk,2022,84.98
ecu,sex_t,age_10yrbands_y55_64,edu_isced97_unk,2023,88.435
ecu,sex_t,age_10yrbands_y55_64,edu_isced97_unk,2024,98.594
ecu,sex_t,age_10yrbands_y55_64,edu_isced97_x,2000,63.325
ecu,sex_t,age_10yrbands_y55_64,edu_isced97_x,2001,72.552
ecu,sex_t,age_10yrbands_y55_64,edu_isced97_x,2003,61.749
ecu,sex_t,age_10yrbands_y55_64,edu_isced97_x,2004,68.879
ecu,sex_t,age_10yrbands_y55_64,edu_isced97_x,2005,66.749
ecu,sex_t,age_10yrbands_y55_64,edu_isced97_x,2006,63.98
ecu,sex_t,age_10yrbands_y55_64,edu_isced97_x,2007,61.809
ecu,sex_t,age_10yrbands_y55_64,edu_isced97_x,2008,63.449
ecu,sex_t,age_10yrbands_y55_64,edu_isced97_x,2009,66.565
ecu,sex_t,age_10yrbands_y55_64,edu_isced97_x,2010,60.425
ecu,sex_t,age_10yrbands_y55_64,edu_isced97_x,2011,62.783
ecu,sex_t,age_10yrbands_y55_64,edu_isced97_x,2012,63.938
ecu,sex_t,age_10yrbands_y55_64,edu_isced97_x,2013,63.047
ecu,sex_t,age_10yrbands_y55_64,edu_isced97_x,2014,63.862
ecu,sex_t,age_10yrbands_y55_64,edu_isced97_x,2015,66.401
ecu,sex_t,age_10yrbands_y55_64,edu_isced97_x,2016,68.074
ecu,sex_t,age_10yrbands_y55_64,edu_isced97_x,2017,73.646
ecu,sex_t,age_10yrbands_y55_64,edu_isced97_x,2018,73.349
ecu,sex_t,age_10yrbands_y55_64,edu_isced97_x,2019,72.207
ecu,sex_t,age_10yrbands_y55_64,edu_isced97_x,2021,60.022
ecu,sex_t,age_10yrbands_y55_64,edu_isced97_x,2022,64.345
ecu,sex_t,age_10yrbands_y55_64,edu_isced97_x,2023,69.742
ecu,sex_t,age_10yrbands_y55_64,edu_isced97_x,2024,66.74
ecu,sex_t,age_10yrbands_yge65,edu_aggregate_adv,2000,35.32
ecu,sex_t,age_10yrbands_yge65,edu_aggregate_adv,2001,38.067
ecu,sex_t,age_10yrbands_yge65,edu_aggregate_adv,2003,49.975
ecu,sex_t,age_10yrbands_yge65,edu_aggregate_adv,2004,51.477
ecu,sex_t,age_10yrbands_yge65,edu_aggregate_adv,2005,47.08
ecu,sex_t,age_10yrbands_yge65,edu_aggregate_adv,2006,47.925
ecu,sex_t,age_10yrbands_yge65,edu_aggregate_adv,2007,43.779
ecu,sex_t,age_10yrbands_yge65,edu_aggregate_adv,2008,52.073
ecu,sex_t,age_10yrbands_yge65,edu_aggregate_adv,2009,51.45
ecu,sex_t,age_10yrbands_yge65,edu_aggregate_adv,2010,45.005
ecu,sex_t,age_10yrbands_yge65,edu_aggregate_adv,2011,35.714
ecu,sex_t,age_10yrbands_yge65,edu_aggregate_adv,2012,36.793
ecu,sex_t,age_10yrbands_yge65,edu_aggregate_adv,2013,34.949
ecu,sex_t,age_10yrbands_yge65,edu_aggregate_adv,2014,34.379
ecu,sex_t,age_10yrbands_yge65,edu_aggregate_adv,2015,34.515
ecu,sex_t,age_10yrbands_yge65,edu_aggregate_adv,2016,30.318
ecu,sex_t,age_10yrbands_yge65,edu_aggregate_adv,2017,31.905
ecu,sex_t,age_10yrbands_yge65,edu_aggregate_adv,2018,31.946
ecu,sex_t,age_10yrbands_yge65,edu_aggregate_adv,2019,31.059
ecu,sex_t,age_10yrbands_yge65,edu_aggregate_adv,2021,27.408
ecu,sex_t,age_10yrbands_yge65,edu_aggregate_adv,2022,27.98
ecu,sex_t,age_10yrbands_yge65,edu_aggregate_adv,2023,26.722
ecu,sex_t,age_10yrbands_yge65,edu_aggregate_adv,2024,31.834
ecu,sex_t,age_10yrbands_yge65,edu_aggregate_bas,2000,38.436
ecu,sex_t,age_10yrbands_yge65,edu_aggregate_bas,2001,41.984
ecu,sex_t,age_10yrbands_yge65,edu_aggregate_bas,2003,36.38
ecu,sex_t,age_10yrbands_yge65,edu_aggregate_bas,2004,39.392
ecu,sex_t,age_10yrbands_yge65,edu_aggregate_bas,2005,39.983
ecu,sex_t,age_10yrbands_yge65,edu_aggregate_bas,2006,41.09
ecu,sex_t,age_10yrbands_yge65,edu_aggregate_bas,2007,38.538
ecu,sex_t,age_10yrbands_yge65,edu_aggregate_bas,2008,38.914
ecu,sex_t,age_10yrbands_yge65,edu_aggregate_bas,2009,36.517
ecu,sex_t,age_10yrbands_yge65,edu_aggregate_bas,2010,35.329
ecu,sex_t,age_10yrbands_yge65,edu_aggregate_bas,2011,34.531
ecu,sex_t,age_10yrbands_yge65,edu_aggregate_bas,2012,36.51
ecu,sex_t,age_10yrbands_yge65,edu_aggregate_bas,2013,36.766
ecu,sex_t,age_10yrbands_yge65,edu_aggregate_bas,2014,37.004
ecu,sex_t,age_10yrbands_yge65,edu_aggregate_bas,2015,39.746
ecu,sex_t,age_10yrbands_yge65,edu_aggregate_bas,2016,41.882
ecu,sex_t,age_10yrbands_yge65,edu_aggregate_bas,2017,43.096
ecu,sex_t,age_10yrbands_yge65,edu_aggregate_bas,2018,41.34
ecu,sex_t,age_10yrbands_yge65,edu_aggregate_bas,2019,40.952
ecu,sex_t,age_10yrbands_yge65,edu_aggregate_bas,2021,39.985
ecu,sex_t,age_10yrbands_yge65,edu_aggregate_bas,2022,41.306
ecu,sex_t,age_10yrbands_yge65,edu_aggregate_bas,2023,38.616
ecu,sex_t,age_10yrbands_yge65,edu_aggregate_bas,2024,38.935
ecu,sex_t,age_10yrbands_yge65,edu_aggregate_int,2000,31.584
ecu,sex_t,age_10yrbands_yge65,edu_aggregate_int,2001,35.303
ecu,sex_t,age_10yrbands_yge65,edu_aggregate_int,2003,37.235
ecu,sex_t,age_10yrbands_yge65,edu_aggregate_int,2004,30.856
ecu,sex_t,age_10yrbands_yge65,edu_aggregate_int,2005,51.949
ecu,sex_t,age_10yrbands_yge65,edu_aggregate_int,2006,45.583
ecu,sex_t,age_10yrbands_yge65,edu_aggregate_int,2007,23.043
ecu,sex_t,age_10yrbands_yge65,edu_aggregate_int,2008,27.508
ecu,sex_t,age_10yrbands_yge65,edu_aggregate_int,2009,27.794
ecu,sex_t,age_10yrbands_yge65,edu_aggregate_int,2010,25.453
ecu,sex_t,age_10yrbands_yge65,edu_aggregate_int,2011,25.779
ecu,sex_t,age_10yrbands_yge65,edu_aggregate_int,2012,24.615
ecu,sex_t,age_10yrbands_yge65,edu_aggregate_int,2013,22.872
ecu,sex_t,age_10yrbands_yge65,edu_aggregate_int,2014,25.498
ecu,sex_t,age_10yrbands_yge65,edu_aggregate_int,2015,25.901
ecu,sex_t,age_10yrbands_yge65,edu_aggregate_int,2016,27.045
ecu,sex_t,age_10yrbands_yge65,edu_aggregate_int,2017,27.661
ecu,sex_t,age_10yrbands_yge65,edu_aggregate_int,2018,27.038
ecu,sex_t,age_10yrbands_yge65,edu_aggregate_int,2019,25.892
ecu,sex_t,age_10yrbands_yge65,edu_aggregate_int,2021,24.905
ecu,sex_t,age_10yrbands_yge65,edu_aggregate_int,2022,27.927
ecu,sex_t,age_10yrbands_yge65,edu_aggregate_int,2023,27.542
ecu,sex_t,age_10yrbands_yge65,edu_aggregate_int,2024,27.549
ecu,sex_t,age_10yrbands_yge65,edu_aggregate_ltb,2000,39.202
ecu,sex_t,age_10yrbands_yge65,edu_aggregate_ltb,2001,46.913
ecu,sex_t,age_10yrbands_yge65,edu_aggregate_ltb,2003,42.075
ecu,sex_t,age_10yrbands_yge65,edu_aggregate_ltb,2004,45.025
ecu,sex_t,age_10yrbands_yge65,edu_aggregate_ltb,2005,45.404
ecu,sex_t,age_10yrbands_yge65,edu_aggregate_ltb,2006,45.983
ecu,sex_t,age_10yrbands_yge65,edu_aggregate_ltb,2007,45.36
ecu,sex_t,age_10yrbands_yge65,edu_aggregate_ltb,2008,43.156
ecu,sex_t,age_10yrbands_yge65,edu_aggregate_ltb,2009,40.885
ecu,sex_t,age_10yrbands_yge65,edu_aggregate_ltb,2010,38.299
ecu,sex_t,age_10yrbands_yge65,edu_aggregate_ltb,2011,40.491
ecu,sex_t,age_10yrbands_yge65,edu_aggregate_ltb,2012,40.014
ecu,sex_t,age_10yrbands_yge65,edu_aggregate_ltb,2013,38.783
ecu,sex_t,age_10yrbands_yge65,edu_aggregate_ltb,2014,38.085
ecu,sex_t,age_10yrbands_yge65,edu_aggregate_ltb,2015,42.877
ecu,sex_t,age_10yrbands_yge65,edu_aggregate_ltb,2016,46.677
ecu,sex_t,age_10yrbands_yge65,edu_aggregate_ltb,2017,45.356
ecu,sex_t,age_10yrbands_yge65,edu_aggregate_ltb,2018,45.287
ecu,sex_t,age_10yrbands_yge65,edu_aggregate_ltb,2019,45.317
ecu,sex_t,age_10yrbands_yge65,edu_aggregate_ltb,2021,40.816
ecu,sex_t,age_10yrbands_yge65,edu_aggregate_ltb,2022,40.589
ecu,sex_t,age_10yrbands_yge65,edu_aggregate_ltb,2023,40.533
ecu,sex_t,age_10yrbands_yge65,edu_aggregate_ltb,2024,40.206
ecu,sex_t,age_10yrbands_yge65,edu_aggregate_total,2000,37.836
ecu,sex_t,age_10yrbands_yge65,edu_aggregate_total,2001,42.975
ecu,sex_t,age_10yrbands_yge65,edu_aggregate_total,2003,39.203
ecu,sex_t,age_10yrbands_yge65,edu_aggregate_total,2004,42.064
ecu,sex_t,age_10yrbands_yge65,edu_aggregate_total,2005,42.417
ecu,sex_t,age_10yrbands_yge65,edu_aggregate_total,2006,43.247
ecu,sex_t,age_10yrbands_yge65,edu_aggregate_total,2007,41.547
ecu,sex_t,age_10yrbands_yge65,edu_aggregate_total,2008,41.171
ecu,sex_t,age_10yrbands_yge65,edu_aggregate_total,2009,38.856
ecu,sex_t,age_10yrbands_yge65,edu_aggregate_total,2010,36.609
ecu,sex_t,age_10yrbands_yge65,edu_aggregate_total,2011,37.126
ecu,sex_t,age_10yrbands_yge65,edu_aggregate_total,2012,37.214
ecu,sex_t,age_10yrbands_yge65,edu_aggregate_total,2013,36.443
ecu,sex_t,age_10yrbands_yge65,edu_aggregate_total,2014,36.497
ecu,sex_t,age_10yrbands_yge65,edu_aggregate_total,2015,39.922
ecu,sex_t,age_10yrbands_yge65,edu_aggregate_total,2016,42.06
ecu,sex_t,age_10yrbands_yge65,edu_aggregate_total,2017,42.066
ecu,sex_t,age_10yrbands_yge65,edu_aggregate_total,2018,41.074
ecu,sex_t,age_10yrbands_yge65,edu_aggregate_total,2019,40.526
ecu,sex_t,age_10yrbands_yge65,edu_aggregate_total,2021,37.593
ecu,sex_t,age_10yrbands_yge65,edu_aggregate_total,2022,38.443
ecu,sex_t,age_10yrbands_yge65,edu_aggregate_total,2023,37.258
ecu,sex_t,age_10yrbands_yge65,edu_aggregate_total,2024,37.451
ecu,sex_t,age_10yrbands_yge65,edu_aggregate_x,2016,61.231
ecu,sex_t,age_10yrbands_yge65,edu_aggregate_x,2017,54.742
ecu,sex_t,age_10yrbands_yge65,edu_aggregate_x,2018,62.612
ecu,sex_t,age_10yrbands_yge65,edu_aggregate_x,2019,61.258
ecu,sex_t,age_10yrbands_yge65,edu_aggregate_x,2021,60.884
ecu,sex_t,age_10yrbands_yge65,edu_aggregate_x,2022,68.165
ecu,sex_t,age_10yrbands_yge65,edu_aggregate_x,2023,73.555
ecu,sex_t,age_10yrbands_yge65,edu_aggregate_x,2024,75.176
ecu,sex_t,age_10yrbands_yge65,edu_isced97_0,2000,42.827
ecu,sex_t,age_10yrbands_yge65,edu_isced97_0,2001,53.702
ecu,sex_t,age_10yrbands_yge65,edu_isced97_0,2003,43.465
ecu,sex_t,age_10yrbands_yge65,edu_isced97_0,2004,47.035
ecu,sex_t,age_10yrbands_yge65,edu_isced97_0,2005,48.42
ecu,sex_t,age_10yrbands_yge65,edu_isced97_0,2006,46.734
ecu,sex_t,age_10yrbands_yge65,edu_isced97_0,2007,46.751
ecu,sex_t,age_10yrbands_yge65,edu_isced97_0,2008,45.201
ecu,sex_t,age_10yrbands_yge65,edu_isced97_0,2009,43.17
ecu,sex_t,age_10yrbands_yge65,edu_isced97_0,2010,41.194
ecu,sex_t,age_10yrbands_yge65,edu_isced97_0,2011,42.411
ecu,sex_t,age_10yrbands_yge65,edu_isced97_0,2012,42.464
ecu,sex_t,age_10yrbands_yge65,edu_isced97_0,2013,41.794
ecu,sex_t,age_10yrbands_yge65,edu_isced97_0,2014,40.674
ecu,sex_t,age_10yrbands_yge65,edu_isced97_0,2015,45.267
ecu,sex_t,age_10yrbands_yge65,edu_isced97_0,2016,49.875
ecu,sex_t,age_10yrbands_yge65,edu_isced97_0,2017,48.096
ecu,sex_t,age_10yrbands_yge65,edu_isced97_0,2018,47.445
ecu,sex_t,age_10yrbands_yge65,edu_isced97_0,2019,46.477
ecu,sex_t,age_10yrbands_yge65,edu_isced97_0,2021,43.88
ecu,sex_t,age_10yrbands_yge65,edu_isced97_0,2022,42.118
ecu,sex_t,age_10yrbands_yge65,edu_isced97_0,2023,41.723
ecu,sex_t,age_10yrbands_yge65,edu_isced97_0,2024,42.458
ecu,sex_t,age_10yrbands_yge65,edu_isced97_1,2000,38.079
ecu,sex_t,age_10yrbands_yge65,edu_isced97_1,2001,47.829
ecu,sex_t,age_10yrbands_yge65,edu_isced97_1,2003,39.308
ecu,sex_t,age_10yrbands_yge65,edu_isced97_1,2004,42.056
ecu,sex_t,age_10yrbands_yge65,edu_isced97_1,2005,42.154
ecu,sex_t,age_10yrbands_yge65,edu_isced97_1,2006,43.558
ecu,sex_t,age_10yrbands_yge65,edu_isced97_1,2007,39.549
ecu,sex_t,age_10yrbands_yge65,edu_isced97_1,2008,40.215
ecu,sex_t,age_10yrbands_yge65,edu_isced97_1,2009,37.254
ecu,sex_t,age_10yrbands_yge65,edu_isced97_1,2010,36.206
ecu,sex_t,age_10yrbands_yge65,edu_isced97_1,2011,35.125
ecu,sex_t,age_10yrbands_yge65,edu_isced97_1,2012,37.792
ecu,sex_t,age_10yrbands_yge65,edu_isced97_1,2013,37.742
ecu,sex_t,age_10yrbands_yge65,edu_isced97_1,2014,37.564
ecu,sex_t,age_10yrbands_yge65,edu_isced97_1,2015,39.922
ecu,sex_t,age_10yrbands_yge65,edu_isced97_1,2016,42.458
ecu,sex_t,age_10yrbands_yge65,edu_isced97_1,2017,43.781
ecu,sex_t,age_10yrbands_yge65,edu_isced97_1,2018,42.248
ecu,sex_t,age_10yrbands_yge65,edu_isced97_1,2019,41.698
ecu,sex_t,age_10yrbands_yge65,edu_isced97_1,2021,40.838
ecu,sex_t,age_10yrbands_yge65,edu_isced97_1,2022,42.126
ecu,sex_t,age_10yrbands_yge65,edu_isced97_1,2023,39.173
ecu,sex_t,age_10yrbands_yge65,edu_isced97_1,2024,39.848
ecu,sex_t,age_10yrbands_yge65,edu_isced97_2,2000,38.661
ecu,sex_t,age_10yrbands_yge65,edu_isced97_2,2001,37.887
ecu,sex_t,age_10yrbands_yge65,edu_isced97_2,2003,23.373
ecu,sex_t,age_10yrbands_yge65,edu_isced97_2,2004,26.254
ecu,sex_t,age_10yrbands_yge65,edu_isced97_2,2005,30.732
ecu,sex_t,age_10yrbands_yge65,edu_isced97_2,2006,30.102
ecu,sex_t,age_10yrbands_yge65,edu_isced97_2,2007,31.918
ecu,sex_t,age_10yrbands_yge65,edu_isced97_2,2008,30.049
ecu,sex_t,age_10yrbands_yge65,edu_isced97_2,2009,31.422
ecu,sex_t,age_10yrbands_yge65,edu_isced97_2,2010,29.465
ecu,sex_t,age_10yrbands_yge65,edu_isced97_2,2011,30.202
ecu,sex_t,age_10yrbands_yge65,edu_isced97_2,2012,27.692
ecu,sex_t,age_10yrbands_yge65,edu_isced97_2,2013,30.069
ecu,sex_t,age_10yrbands_yge65,edu_isced97_2,2014,32.623
ecu,sex_t,age_10yrbands_yge65,edu_isced97_2,2015,38.272
ecu,sex_t,age_10yrbands_yge65,edu_isced97_2,2016,37.26
ecu,sex_t,age_10yrbands_yge65,edu_isced97_2,2017,38.33
ecu,sex_t,age_10yrbands_yge65,edu_isced97_2,2018,34.317
ecu,sex_t,age_10yrbands_yge65,edu_isced97_2,2019,35.627
ecu,sex_t,age_10yrbands_yge65,edu_isced97_2,2021,33.859
ecu,sex_t,age_10yrbands_yge65,edu_isced97_2,2022,36.41
ecu,sex_t,age_10yrbands_yge65,edu_isced97_2,2023,34.976
ecu,sex_t,age_10yrbands_yge65,edu_isced97_2,2024,32.811
ecu,sex_t,age_10yrbands_yge65,edu_isced97_3,2000,31.584
ecu,sex_t,age_10yrbands_yge65,edu_isced97_3,2001,35.303
ecu,sex_t,age_10yrbands_yge65,edu_isced97_3,2003,35.771
ecu,sex_t,age_10yrbands_yge65,edu_isced97_3,2004,33.654
ecu,sex_t,age_10yrbands_yge65,edu_isced97_3,2005,55.596
ecu,sex_t,age_10yrbands_yge65,edu_isced97_3,2006,47.685
ecu,sex_t,age_10yrbands_yge65,edu_isced97_3,2007,23.279
ecu,sex_t,age_10yrbands_yge65,edu_isced97_3,2008,27.132
ecu,sex_t,age_10yrbands_yge65,edu_isced97_3,2009,27.503
ecu,sex_t,age_10yrbands_yge65,edu_isced97_3,2010,25.613
ecu,sex_t,age_10yrbands_yge65,edu_isced97_3,2011,25.882
ecu,sex_t,age_10yrbands_yge65,edu_isced97_3,2012,24.362
ecu,sex_t,age_10yrbands_yge65,edu_isced97_3,2013,22.906
ecu,sex_t,age_10yrbands_yge65,edu_isced97_3,2014,25.563
ecu,sex_t,age_10yrbands_yge65,edu_isced97_3,2015,25.634
ecu,sex_t,age_10yrbands_yge65,edu_isced97_3,2016,26.698
ecu,sex_t,age_10yrbands_yge65,edu_isced97_3,2017,27.135
ecu,sex_t,age_10yrbands_yge65,edu_isced97_3,2018,27.248
ecu,sex_t,age_10yrbands_yge65,edu_isced97_3,2019,26.043
ecu,sex_t,age_10yrbands_yge65,edu_isced97_3,2021,24.96
ecu,sex_t,age_10yrbands_yge65,edu_isced97_3,2022,27.924
ecu,sex_t,age_10yrbands_yge65,edu_isced97_3,2023,27.586
ecu,sex_t,age_10yrbands_yge65,edu_isced97_3,2024,27.407
ecu,sex_t,age_10yrbands_yge65,edu_isced97_4,2003,40.004
ecu,sex_t,age_10yrbands_yge65,edu_isced97_4,2004,23.077
ecu,sex_t,age_10yrbands_yge65,edu_isced97_4,2006,42.31
ecu,sex_t,age_10yrbands_yge65,edu_isced97_4,2008,48.612
ecu,sex_t,age_10yrbands_yge65,edu_isced97_4,2009,62.035
ecu,sex_t,age_10yrbands_yge65,edu_isced97_4,2012,56.338
ecu,sex_t,age_10yrbands_yge65,edu_isced97_4,2014,22.478
ecu,sex_t,age_10yrbands_yge65,edu_isced97_4,2015,37.788
ecu,sex_t,age_10yrbands_yge65,edu_isced97_4,2016,42.761
ecu,sex_t,age_10yrbands_yge65,edu_isced97_4,2017,44.112
ecu,sex_t,age_10yrbands_yge65,edu_isced97_4,2018,17.243
ecu,sex_t,age_10yrbands_yge65,edu_isced97_4,2019,19.198
ecu,sex_t,age_10yrbands_yge65,edu_isced97_4,2021,22.093
ecu,sex_t,age_10yrbands_yge65,edu_isced97_4,2022,28.087
ecu,sex_t,age_10yrbands_yge65,edu_isced97_4,2023,26.338
ecu,sex_t,age_10yrbands_yge65,edu_isced97_4,2024,32.92
ecu,sex_t,age_10yrbands_yge65,edu_isced97_5,2000,35.32
ecu,sex_t,age_10yrbands_yge65,edu_isced97_5,2001,35.034
ecu,sex_t,age_10yrbands_yge65,edu_isced97_5,2003,49.346
ecu,sex_t,age_10yrbands_yge65,edu_isced97_5,2004,51.409
ecu,sex_t,age_10yrbands_yge65,edu_isced97_5,2005,46.668
ecu,sex_t,age_10yrbands_yge65,edu_isced97_5,2006,44.586
ecu,sex_t,age_10yrbands_yge65,edu_isced97_5,2007,43.051
ecu,sex_t,age_10yrbands_yge65,edu_isced97_5,2008,48.439
ecu,sex_t,age_10yrbands_yge65,edu_isced97_5,2009,49.842
ecu,sex_t,age_10yrbands_yge65,edu_isced97_5,2010,43.937
ecu,sex_t,age_10yrbands_yge65,edu_isced97_5,2011,35.309
ecu,sex_t,age_10yrbands_yge65,edu_isced97_5,2012,35.899
ecu,sex_t,age_10yrbands_yge65,edu_isced97_5,2013,33.793
ecu,sex_t,age_10yrbands_yge65,edu_isced97_5,2014,34.085
ecu,sex_t,age_10yrbands_yge65,edu_isced97_5,2015,33.674
ecu,sex_t,age_10yrbands_yge65,edu_isced97_5,2016,28.491
ecu,sex_t,age_10yrbands_yge65,edu_isced97_5,2017,30.579
ecu,sex_t,age_10yrbands_yge65,edu_isced97_5,2018,30.631
ecu,sex_t,age_10yrbands_yge65,edu_isced97_5,2019,28.814
ecu,sex_t,age_10yrbands_yge65,edu_isced97_5,2021,26.817
ecu,sex_t,age_10yrbands_yge65,edu_isced97_5,2022,27.22
ecu,sex_t,age_10yrbands_yge65,edu_isced97_5,2023,26.148
ecu,sex_t,age_10yrbands_yge65,edu_isced97_5,2024,31.679
ecu,sex_t,age_10yrbands_yge65,edu_isced97_6,2001,85.487
ecu,sex_t,age_10yrbands_yge65,edu_isced97_6,2003,54.358
ecu,sex_t,age_10yrbands_yge65,edu_isced97_6,2004,52.098
ecu,sex_t,age_10yrbands_yge65,edu_isced97_6,2005,57.393
ecu,sex_t,age_10yrbands_yge65,edu_isced97_6,2006,85.89
ecu,sex_t,age_10yrbands_yge65,edu_isced97_6,2007,53.191
ecu,sex_t,age_10yrbands_yge65,edu_isced97_6,2008,77.477
ecu,sex_t,age_10yrbands_yge65,edu_isced97_6,2009,62.901
ecu,sex_t,age_10yrbands_yge65,edu_isced97_6,2010,52.458
ecu,sex_t,age_10yrbands_yge65,edu_isced97_6,2011,40.299
ecu,sex_t,age_10yrbands_yge65,edu_isced97_6,2012,51.485
ecu,sex_t,age_10yrbands_yge65,edu_isced97_6,2013,44.984
ecu,sex_t,age_10yrbands_yge65,edu_isced97_6,2014,36.551
ecu,sex_t,age_10yrbands_yge65,edu_isced97_6,2015,41.938
ecu,sex_t,age_10yrbands_yge65,edu_isced97_6,2016,43.837
ecu,sex_t,age_10yrbands_yge65,edu_isced97_6,2017,43.583
ecu,sex_t,age_10yrbands_yge65,edu_isced97_6,2018,42.025
ecu,sex_t,age_10yrbands_yge65,edu_isced97_6,2019,43.941
ecu,sex_t,age_10yrbands_yge65,edu_isced97_6,2021,30.789
ecu,sex_t,age_10yrbands_yge65,edu_isced97_6,2022,32.233
ecu,sex_t,age_10yrbands_yge65,edu_isced97_6,2023,30.087
ecu,sex_t,age_10yrbands_yge65,edu_isced97_6,2024,32.78
ecu,sex_t,age_10yrbands_yge65,edu_isced97_total,2000,37.836
ecu,sex_t,age_10yrbands_yge65,edu_isced97_total,2001,42.975
ecu,sex_t,age_10yrbands_yge65,edu_isced97_total,2003,39.203
ecu,sex_t,age_10yrbands_yge65,edu_isced97_total,2004,42.064
ecu,sex_t,age_10yrbands_yge65,edu_isced97_total,2005,42.417
ecu,sex_t,age_10yrbands_yge65,edu_isced97_total,2006,43.247
ecu,sex_t,age_10yrbands_yge65,edu_isced97_total,2007,41.547
ecu,sex_t,age_10yrbands_yge65,edu_isced97_total,2008,41.171
ecu,sex_t,age_10yrbands_yge65,edu_isced97_total,2009,38.856
ecu,sex_t,age_10yrbands_yge65,edu_isced97_total,2010,36.609
ecu,sex_t,age_10yrbands_yge65,edu_isced97_total,2011,37.126
ecu,sex_t,age_10yrbands_yge65,edu_isced97_total,2012,37.214
ecu,sex_t,age_10yrbands_yge65,edu_isced97_total,2013,36.443
ecu,sex_t,age_10yrbands_yge65,edu_isced97_total,2014,36.497
ecu,sex_t,age_10yrbands_yge65,edu_isced97_total,2015,39.922
ecu,sex_t,age_10yrbands_yge65,edu_isced97_total,2016,42.06
ecu,sex_t,age_10yrbands_yge65,edu_isced97_total,2017,42.066
ecu,sex_t,age_10yrbands_yge65,edu_isced97_total,2018,41.074
ecu,sex_t,age_10yrbands_yge65,edu_isced97_total,2019,40.526
ecu,sex_t,age_10yrbands_yge65,edu_isced97_total,2021,37.593
ecu,sex_t,age_10yrbands_yge65,edu_isced97_total,2022,38.443
ecu,sex_t,age_10yrbands_yge65,edu_isced97_total,2023,37.258
ecu,sex_t,age_10yrbands_yge65,edu_isced97_total,2024,37.451
ecu,sex_t,age_10yrbands_yge65,edu_isced97_unk,2016,61.231
ecu,sex_t,age_10yrbands_yge65,edu_isced97_unk,2017,54.742
ecu,sex_t,age_10yrbands_yge65,edu_isced97_unk,2018,62.612
ecu,sex_t,age_10yrbands_yge65,edu_isced97_unk,2019,61.258
ecu,sex_t,age_10yrbands_yge65,edu_isced97_unk,2021,60.884
ecu,sex_t,age_10yrbands_yge65,edu_isced97_unk,2022,68.165
ecu,sex_t,age_10yrbands_yge65,edu_isced97_unk,2023,73.555
ecu,sex_t,age_10yrbands_yge65,edu_isced97_unk,2024,75.176
ecu,sex_t,age_10yrbands_yge65,edu_isced97_x,2000,37.862
ecu,sex_t,age_10yrbands_yge65,edu_isced97_x,2001,43.989
ecu,sex_t,age_10yrbands_yge65,edu_isced97_x,2003,41.55
ecu,sex_t,age_10yrbands_yge65,edu_isced97_x,2004,44.128
ecu,sex_t,age_10yrbands_yge65,edu_isced97_x,2005,44.142
ecu,sex_t,age_10yrbands_yge65,edu_isced97_x,2006,45.629
ecu,sex_t,age_10yrbands_yge65,edu_isced97_x,2007,43.744
ecu,sex_t,age_10yrbands_yge65,edu_isced97_x,2008,40.481
ecu,sex_t,age_10yrbands_yge65,edu_isced97_x,2009,37.869
ecu,sex_t,age_10yrbands_yge65,edu_isced97_x,2010,34.543
ecu,sex_t,age_10yrbands_yge65,edu_isced97_x,2011,38.15
ecu,sex_t,age_10yrbands_yge65,edu_isced97_x,2012,36.765
ecu,sex_t,age_10yrbands_yge65,edu_isced97_x,2013,34.547
ecu,sex_t,age_10yrbands_yge65,edu_isced97_x,2014,34.389
ecu,sex_t,age_10yrbands_yge65,edu_isced97_x,2015,39.431
ecu,sex_t,age_10yrbands_yge65,edu_isced97_x,2016,42.367
ecu,sex_t,age_10yrbands_yge65,edu_isced97_x,2017,41.479
ecu,sex_t,age_10yrbands_yge65,edu_isced97_x,2018,42.262
ecu,sex_t,age_10yrbands_yge65,edu_isced97_x,2019,43.757
ecu,sex_t,age_10yrbands_yge65,edu_isced97_x,2021,35.975
ecu,sex_t,age_10yrbands_yge65,edu_isced97_x,2022,38.096
ecu,sex_t,age_10yrbands_yge65,edu_isced97_x,2023,38.811
ecu,sex_t,age_10yrbands_yge65,edu_isced97_x,2024,36.832
ecu,sex_t,age_aggregate_total,edu_aggregate_adv,2000,76.458
ecu,sex_t,age_aggregate_total,edu_aggregate_adv,2001,77.117
ecu,sex_t,age_aggregate_total,edu_aggregate_adv,2003,78.86
ecu,sex_t,age_aggregate_total,edu_aggregate_adv,2004,79.266
ecu,sex_t,age_aggregate_total,edu_aggregate_adv,2005,80.435
ecu,sex_t,age_aggregate_total,edu_aggregate_adv,2006,81.874
ecu,sex_t,age_aggregate_total,edu_aggregate_adv,2007,79.636
ecu,sex_t,age_aggregate_total,edu_aggregate_adv,2008,79.798
ecu,sex_t,age_aggregate_total,edu_aggregate_adv,2009,75.406
ecu,sex_t,age_aggregate_total,edu_aggregate_adv,2010,75.512
ecu,sex_t,age_aggregate_total,edu_aggregate_adv,2011,76.156
ecu,sex_t,age_aggregate_total,edu_aggregate_adv,2012,76.438
ecu,sex_t,age_aggregate_total,edu_aggregate_adv,2013,76.095
ecu,sex_t,age_aggregate_total,edu_aggregate_adv,2014,75.224
ecu,sex_t,age_aggregate_total,edu_aggregate_adv,2015,76.545
ecu,sex_t,age_aggregate_total,edu_aggregate_adv,2016,75.865
ecu,sex_t,age_aggregate_total,edu_aggregate_adv,2017,75.957
ecu,sex_t,age_aggregate_total,edu_aggregate_adv,2018,75.188
ecu,sex_t,age_aggregate_total,edu_aggregate_adv,2019,74.151
ecu,sex_t,age_aggregate_total,edu_aggregate_adv,2021,71.977
ecu,sex_t,age_aggregate_total,edu_aggregate_adv,2022,73.894
ecu,sex_t,age_aggregate_total,edu_aggregate_adv,2023,72.5
ecu,sex_t,age_aggregate_total,edu_aggregate_adv,2024,72.675
ecu,sex_t,age_aggregate_total,edu_aggregate_bas,2000,63.505
ecu,sex_t,age_aggregate_total,edu_aggregate_bas,2001,69.467
ecu,sex_t,age_aggregate_total,edu_aggregate_bas,2003,60.368
ecu,sex_t,age_aggregate_total,edu_aggregate_bas,2004,62.829
ecu,sex_t,age_aggregate_total,edu_aggregate_bas,2005,63.222
ecu,sex_t,age_aggregate_total,edu_aggregate_bas,2006,64.933
ecu,sex_t,age_aggregate_total,edu_aggregate_bas,2007,61.855
ecu,sex_t,age_aggregate_total,edu_aggregate_bas,2008,61.31
ecu,sex_t,age_aggregate_total,edu_aggregate_bas,2009,58.015
ecu,sex_t,age_aggregate_total,edu_aggregate_bas,2010,57.109
ecu,sex_t,age_aggregate_total,edu_aggregate_bas,2011,55.708
ecu,sex_t,age_aggregate_total,edu_aggregate_bas,2012,56.417
ecu,sex_t,age_aggregate_total,edu_aggregate_bas,2013,56.414
ecu,sex_t,age_aggregate_total,edu_aggregate_bas,2014,56.417
ecu,sex_t,age_aggregate_total,edu_aggregate_bas,2015,59.546
ecu,sex_t,age_aggregate_total,edu_aggregate_bas,2016,61.211
ecu,sex_t,age_aggregate_total,edu_aggregate_bas,2017,62.152
ecu,sex_t,age_aggregate_total,edu_aggregate_bas,2018,60.821
ecu,sex_t,age_aggregate_total,edu_aggregate_bas,2019,60.096
ecu,sex_t,age_aggregate_total,edu_aggregate_bas,2021,59.819
ecu,sex_t,age_aggregate_total,edu_aggregate_bas,2022,59.687
ecu,sex_t,age_aggregate_total,edu_aggregate_bas,2023,58.194
ecu,sex_t,age_aggregate_total,edu_aggregate_bas,2024,58.65
ecu,sex_t,age_aggregate_total,edu_aggregate_int,2000,52.7
ecu,sex_t,age_aggregate_total,edu_aggregate_int,2001,60.092
ecu,sex_t,age_aggregate_total,edu_aggregate_int,2003,55.732
ecu,sex_t,age_aggregate_total,edu_aggregate_int,2004,57.312
ecu,sex_t,age_aggregate_total,edu_aggregate_int,2005,55.322
ecu,sex_t,age_aggregate_total,edu_aggregate_int,2006,54.043
ecu,sex_t,age_aggregate_total,edu_aggregate_int,2007,65.547
ecu,sex_t,age_aggregate_total,edu_aggregate_int,2008,64.703
ecu,sex_t,age_aggregate_total,edu_aggregate_int,2009,62.703
ecu,sex_t,age_aggregate_total,edu_aggregate_int,2010,60.787
ecu,sex_t,age_aggregate_total,edu_aggregate_int,2011,61.708
ecu,sex_t,age_aggregate_total,edu_aggregate_int,2012,62.711
ecu,sex_t,age_aggregate_total,edu_aggregate_int,2013,62.031
ecu,sex_t,age_aggregate_total,edu_aggregate_int,2014,62.578
ecu,sex_t,age_aggregate_total,edu_aggregate_int,2015,64.655
ecu,sex_t,age_aggregate_total,edu_aggregate_int,2016,65.082
ecu,sex_t,age_aggregate_total,edu_aggregate_int,2017,67.095
ecu,sex_t,age_aggregate_total,edu_aggregate_int,2018,65.557
ecu,sex_t,age_aggregate_total,edu_aggregate_int,2019,64.946
ecu,sex_t,age_aggregate_total,edu_aggregate_int,2021,64.842
ecu,sex_t,age_aggregate_total,edu_aggregate_int,2022,66.722
ecu,sex_t,age_aggregate_total,edu_aggregate_int,2023,65.264
ecu,sex_t,age_aggregate_total,edu_aggregate_int,2024,65.212
ecu,sex_t,age_aggregate_total,edu_aggregate_ltb,2000,57.042
ecu,sex_t,age_aggregate_total,edu_aggregate_ltb,2001,64.916
ecu,sex_t,age_aggregate_total,edu_aggregate_ltb,2003,56.943
ecu,sex_t,age_aggregate_total,edu_aggregate_ltb,2004,60.55
ecu,sex_t,age_aggregate_total,edu_aggregate_ltb,2005,60.76
ecu,sex_t,age_aggregate_total,edu_aggregate_ltb,2006,60.328
ecu,sex_t,age_aggregate_total,edu_aggregate_ltb,2007,61.481
ecu,sex_t,age_aggregate_total,edu_aggregate_ltb,2008,59.609
ecu,sex_t,age_aggregate_total,edu_aggregate_ltb,2009,57.352
ecu,sex_t,age_aggregate_total,edu_aggregate_ltb,2010,55.933
ecu,sex_t,age_aggregate_total,edu_aggregate_ltb,2011,54.837
ecu,sex_t,age_aggregate_total,edu_aggregate_ltb,2012,54.977
ecu,sex_t,age_aggregate_total,edu_aggregate_ltb,2013,55.573
ecu,sex_t,age_aggregate_total,edu_aggregate_ltb,2014,55.738
ecu,sex_t,age_aggregate_total,edu_aggregate_ltb,2015,60.339
ecu,sex_t,age_aggregate_total,edu_aggregate_ltb,2016,63.016
ecu,sex_t,age_aggregate_total,edu_aggregate_ltb,2017,63.06
ecu,sex_t,age_aggregate_total,edu_aggregate_ltb,2018,61.976
ecu,sex_t,age_aggregate_total,edu_aggregate_ltb,2019,61.622
ecu,sex_t,age_aggregate_total,edu_aggregate_ltb,2021,56.524
ecu,sex_t,age_aggregate_total,edu_aggregate_ltb,2022,55.323
ecu,sex_t,age_aggregate_total,edu_aggregate_ltb,2023,56.048
ecu,sex_t,age_aggregate_total,edu_aggregate_ltb,2024,55.086
ecu,sex_t,age_aggregate_total,edu_aggregate_total,2000,60.403
ecu,sex_t,age_aggregate_total,edu_aggregate_total,2001,66.396
ecu,sex_t,age_aggregate_total,edu_aggregate_total,2003,61.636
ecu,sex_t,age_aggregate_total,edu_aggregate_total,2004,64.093
ecu,sex_t,age_aggregate_total,edu_aggregate_total,2005,64.446
ecu,sex_t,age_aggregate_total,edu_aggregate_total,2006,65.536
ecu,sex_t,age_aggregate_total,edu_aggregate_total,2007,64.669
ecu,sex_t,age_aggregate_total,edu_aggregate_total,2008,63.943
ecu,sex_t,age_aggregate_total,edu_aggregate_total,2009,61.063
ecu,sex_t,age_aggregate_total,edu_aggregate_total,2010,60.122
ecu,sex_t,age_aggregate_total,edu_aggregate_total,2011,59.643
ecu,sex_t,age_aggregate_total,edu_aggregate_total,2012,60.431
ecu,sex_t,age_aggregate_total,edu_aggregate_total,2013,60.342
ecu,sex_t,age_aggregate_total,edu_aggregate_total,2014,60.44
ecu,sex_t,age_aggregate_total,edu_aggregate_total,2015,63.284
ecu,sex_t,age_aggregate_total,edu_aggregate_total,2016,64.558
ecu,sex_t,age_aggregate_total,edu_aggregate_total,2017,65.539
ecu,sex_t,age_aggregate_total,edu_aggregate_total,2018,64.308
ecu,sex_t,age_aggregate_total,edu_aggregate_total,2019,63.656
ecu,sex_t,age_aggregate_total,edu_aggregate_total,2021,62.728
ecu,sex_t,age_aggregate_total,edu_aggregate_total,2022,63.388
ecu,sex_t,age_aggregate_total,edu_aggregate_total,2023,62.225
ecu,sex_t,age_aggregate_total,edu_aggregate_total,2024,62.311
ecu,sex_t,age_aggregate_total,edu_aggregate_x,2001,44.524
ecu,sex_t,age_aggregate_total,edu_aggregate_x,2007,84.476
ecu,sex_t,age_aggregate_total,edu_aggregate_x,2008,100
ecu,sex_t,age_aggregate_total,edu_aggregate_x,2012,100
ecu,sex_t,age_aggregate_total,edu_aggregate_x,2015,37.47
ecu,sex_t,age_aggregate_total,edu_aggregate_x,2016,63.287
ecu,sex_t,age_aggregate_total,edu_aggregate_x,2017,62.951
ecu,sex_t,age_aggregate_total,edu_aggregate_x,2018,63.484
ecu,sex_t,age_aggregate_total,edu_aggregate_x,2019,66.032
ecu,sex_t,age_aggregate_total,edu_aggregate_x,2021,77.624
ecu,sex_t,age_aggregate_total,edu_aggregate_x,2022,59.796
ecu,sex_t,age_aggregate_total,edu_aggregate_x,2023,78.626
ecu,sex_t,age_aggregate_total,edu_aggregate_x,2024,79.948
ecu,sex_t,age_aggregate_total,edu_isced97_0,2000,59.913
ecu,sex_t,age_aggregate_total,edu_isced97_0,2001,69.13
ecu,sex_t,age_aggregate_total,edu_isced97_0,2003,61.027
ecu,sex_t,age_aggregate_total,edu_isced97_0,2004,64.543
ecu,sex_t,age_aggregate_total,edu_isced97_0,2005,66.385
ecu,sex_t,age_aggregate_total,edu_isced97_0,2006,64.163
ecu,sex_t,age_aggregate_total,edu_isced97_0,2007,65.018
ecu,sex_t,age_aggregate_total,edu_isced97_0,2008,63.139
ecu,sex_t,age_aggregate_total,edu_isced97_0,2009,60.689
ecu,sex_t,age_aggregate_total,edu_isced97_0,2010,59.91
ecu,sex_t,age_aggregate_total,edu_isced97_0,2011,58.519
ecu,sex_t,age_aggregate_total,edu_isced97_0,2012,58.838
ecu,sex_t,age_aggregate_total,edu_isced97_0,2013,59.979
ecu,sex_t,age_aggregate_total,edu_isced97_0,2014,59.801
ecu,sex_t,age_aggregate_total,edu_isced97_0,2015,64.594
ecu,sex_t,age_aggregate_total,edu_isced97_0,2016,68.089
ecu,sex_t,age_aggregate_total,edu_isced97_0,2017,67.351
ecu,sex_t,age_aggregate_total,edu_isced97_0,2018,65.793
ecu,sex_t,age_aggregate_total,edu_isced97_0,2019,65.162
ecu,sex_t,age_aggregate_total,edu_isced97_0,2021,61.633
ecu,sex_t,age_aggregate_total,edu_isced97_0,2022,59.759
ecu,sex_t,age_aggregate_total,edu_isced97_0,2023,59.697
ecu,sex_t,age_aggregate_total,edu_isced97_0,2024,59.231
ecu,sex_t,age_aggregate_total,edu_isced97_1,2000,61.388
ecu,sex_t,age_aggregate_total,edu_isced97_1,2001,69.298
ecu,sex_t,age_aggregate_total,edu_isced97_1,2003,63.372
ecu,sex_t,age_aggregate_total,edu_isced97_1,2004,66.833
ecu,sex_t,age_aggregate_total,edu_isced97_1,2005,64.94
ecu,sex_t,age_aggregate_total,edu_isced97_1,2006,65.55
ecu,sex_t,age_aggregate_total,edu_isced97_1,2007,67.881
ecu,sex_t,age_aggregate_total,edu_isced97_1,2008,67.587
ecu,sex_t,age_aggregate_total,edu_isced97_1,2009,64.484
ecu,sex_t,age_aggregate_total,edu_isced97_1,2010,64.388
ecu,sex_t,age_aggregate_total,edu_isced97_1,2011,62.481
ecu,sex_t,age_aggregate_total,edu_isced97_1,2012,63.741
ecu,sex_t,age_aggregate_total,edu_isced97_1,2013,64.223
ecu,sex_t,age_aggregate_total,edu_isced97_1,2014,64.645
ecu,sex_t,age_aggregate_total,edu_isced97_1,2015,68.08
ecu,sex_t,age_aggregate_total,edu_isced97_1,2016,70.466
ecu,sex_t,age_aggregate_total,edu_isced97_1,2017,71.633
ecu,sex_t,age_aggregate_total,edu_isced97_1,2018,69.846
ecu,sex_t,age_aggregate_total,edu_isced97_1,2019,68.991
ecu,sex_t,age_aggregate_total,edu_isced97_1,2021,68.15
ecu,sex_t,age_aggregate_total,edu_isced97_1,2022,68.487
ecu,sex_t,age_aggregate_total,edu_isced97_1,2023,66.64
ecu,sex_t,age_aggregate_total,edu_isced97_1,2024,66.741
ecu,sex_t,age_aggregate_total,edu_isced97_2,2000,64.115
ecu,sex_t,age_aggregate_total,edu_isced97_2,2001,69.516
ecu,sex_t,age_aggregate_total,edu_isced97_2,2003,56.125
ecu,sex_t,age_aggregate_total,edu_isced97_2,2004,57.194
ecu,sex_t,age_aggregate_total,edu_isced97_2,2005,60.628
ecu,sex_t,age_aggregate_total,edu_isced97_2,2006,63.984
ecu,sex_t,age_aggregate_total,edu_isced97_2,2007,50.159
ecu,sex_t,age_aggregate_total,edu_isced97_2,2008,49.512
ecu,sex_t,age_aggregate_total,edu_isced97_2,2009,45.613
ecu,sex_t,age_aggregate_total,edu_isced97_2,2010,44.1
ecu,sex_t,age_aggregate_total,edu_isced97_2,2011,43.381
ecu,sex_t,age_aggregate_total,edu_isced97_2,2012,43.343
ecu,sex_t,age_aggregate_total,edu_isced97_2,2013,42.711
ecu,sex_t,age_aggregate_total,edu_isced97_2,2014,41.664
ecu,sex_t,age_aggregate_total,edu_isced97_2,2015,45.016
ecu,sex_t,age_aggregate_total,edu_isced97_2,2016,46.446
ecu,sex_t,age_aggregate_total,edu_isced97_2,2017,47.774
ecu,sex_t,age_aggregate_total,edu_isced97_2,2018,45.909
ecu,sex_t,age_aggregate_total,edu_isced97_2,2019,45.506
ecu,sex_t,age_aggregate_total,edu_isced97_2,2021,46.667
ecu,sex_t,age_aggregate_total,edu_isced97_2,2022,45.671
ecu,sex_t,age_aggregate_total,edu_isced97_2,2023,44.32
ecu,sex_t,age_aggregate_total,edu_isced97_2,2024,45.253
ecu,sex_t,age_aggregate_total,edu_isced97_3,2000,52.7
ecu,sex_t,age_aggregate_total,edu_isced97_3,2001,60.092
ecu,sex_t,age_aggregate_total,edu_isced97_3,2003,53.916
ecu,sex_t,age_aggregate_total,edu_isced97_3,2004,55.036
ecu,sex_t,age_aggregate_total,edu_isced97_3,2005,52.932
ecu,sex_t,age_aggregate_total,edu_isced97_3,2006,51.774
ecu,sex_t,age_aggregate_total,edu_isced97_3,2007,65.285
ecu,sex_t,age_aggregate_total,edu_isced97_3,2008,64.539
ecu,sex_t,age_aggregate_total,edu_isced97_3,2009,62.509
ecu,sex_t,age_aggregate_total,edu_isced97_3,2010,60.529
ecu,sex_t,age_aggregate_total,edu_isced97_3,2011,61.398
ecu,sex_t,age_aggregate_total,edu_isced97_3,2012,62.468
ecu,sex_t,age_aggregate_total,edu_isced97_3,2013,61.642
ecu,sex_t,age_aggregate_total,edu_isced97_3,2014,62.238
ecu,sex_t,age_aggregate_total,edu_isced97_3,2015,64.149
ecu,sex_t,age_aggregate_total,edu_isced97_3,2016,64.481
ecu,sex_t,age_aggregate_total,edu_isced97_3,2017,66.533
ecu,sex_t,age_aggregate_total,edu_isced97_3,2018,65.058
ecu,sex_t,age_aggregate_total,edu_isced97_3,2019,64.378
ecu,sex_t,age_aggregate_total,edu_isced97_3,2021,64.264
ecu,sex_t,age_aggregate_total,edu_isced97_3,2022,66.143
ecu,sex_t,age_aggregate_total,edu_isced97_3,2023,64.564
ecu,sex_t,age_aggregate_total,edu_isced97_3,2024,64.507
ecu,sex_t,age_aggregate_total,edu_isced97_4,2003,67.938
ecu,sex_t,age_aggregate_total,edu_isced97_4,2004,79.028
ecu,sex_t,age_aggregate_total,edu_isced97_4,2005,78.083
ecu,sex_t,age_aggregate_total,edu_isced97_4,2006,80.914
ecu,sex_t,age_aggregate_total,edu_isced97_4,2007,85.096
ecu,sex_t,age_aggregate_total,edu_isced97_4,2008,78.278
ecu,sex_t,age_aggregate_total,edu_isced97_4,2009,82.43
ecu,sex_t,age_aggregate_total,edu_isced97_4,2010,74.426
ecu,sex_t,age_aggregate_total,edu_isced97_4,2011,79.178
ecu,sex_t,age_aggregate_total,edu_isced97_4,2012,78.441
ecu,sex_t,age_aggregate_total,edu_isced97_4,2013,82.021
ecu,sex_t,age_aggregate_total,edu_isced97_4,2014,78.19
ecu,sex_t,age_aggregate_total,edu_isced97_4,2015,82.845
ecu,sex_t,age_aggregate_total,edu_isced97_4,2016,83.433
ecu,sex_t,age_aggregate_total,edu_isced97_4,2017,83.379
ecu,sex_t,age_aggregate_total,edu_isced97_4,2018,80.946
ecu,sex_t,age_aggregate_total,edu_isced97_4,2019,80.719
ecu,sex_t,age_aggregate_total,edu_isced97_4,2021,78.622
ecu,sex_t,age_aggregate_total,edu_isced97_4,2022,80.212
ecu,sex_t,age_aggregate_total,edu_isced97_4,2023,79.516
ecu,sex_t,age_aggregate_total,edu_isced97_4,2024,78.798
ecu,sex_t,age_aggregate_total,edu_isced97_5,2000,76.458
ecu,sex_t,age_aggregate_total,edu_isced97_5,2001,76.635
ecu,sex_t,age_aggregate_total,edu_isced97_5,2003,78.312
ecu,sex_t,age_aggregate_total,edu_isced97_5,2004,78.616
ecu,sex_t,age_aggregate_total,edu_isced97_5,2005,79.717
ecu,sex_t,age_aggregate_total,edu_isced97_5,2006,81.218
ecu,sex_t,age_aggregate_total,edu_isced97_5,2007,78.75
ecu,sex_t,age_aggregate_total,edu_isced97_5,2008,78.887
ecu,sex_t,age_aggregate_total,edu_isced97_5,2009,74.537
ecu,sex_t,age_aggregate_total,edu_isced97_5,2010,74.464
ecu,sex_t,age_aggregate_total,edu_isced97_5,2011,75.459
ecu,sex_t,age_aggregate_total,edu_isced97_5,2012,75.531
ecu,sex_t,age_aggregate_total,edu_isced97_5,2013,75.184
ecu,sex_t,age_aggregate_total,edu_isced97_5,2014,74.136
ecu,sex_t,age_aggregate_total,edu_isced97_5,2015,75.562
ecu,sex_t,age_aggregate_total,edu_isced97_5,2016,74.43
ecu,sex_t,age_aggregate_total,edu_isced97_5,2017,74.759
ecu,sex_t,age_aggregate_total,edu_isced97_5,2018,74.026
ecu,sex_t,age_aggregate_total,edu_isced97_5,2019,73.006
ecu,sex_t,age_aggregate_total,edu_isced97_5,2021,70.492
ecu,sex_t,age_aggregate_total,edu_isced97_5,2022,72.551
ecu,sex_t,age_aggregate_total,edu_isced97_5,2023,70.623
ecu,sex_t,age_aggregate_total,edu_isced97_5,2024,70.736
ecu,sex_t,age_aggregate_total,edu_isced97_6,2001,87.272
ecu,sex_t,age_aggregate_total,edu_isced97_6,2003,91.008
ecu,sex_t,age_aggregate_total,edu_isced97_6,2004,91.835
ecu,sex_t,age_aggregate_total,edu_isced97_6,2005,95.976
ecu,sex_t,age_aggregate_total,edu_isced97_6,2006,94.943
ecu,sex_t,age_aggregate_total,edu_isced97_6,2007,95.187
ecu,sex_t,age_aggregate_total,edu_isced97_6,2008,93.474
ecu,sex_t,age_aggregate_total,edu_isced97_6,2009,88.07
ecu,sex_t,age_aggregate_total,edu_isced97_6,2010,89.204
ecu,sex_t,age_aggregate_total,edu_isced97_6,2011,88.613
ecu,sex_t,age_aggregate_total,edu_isced97_6,2012,92.314
ecu,sex_t,age_aggregate_total,edu_isced97_6,2013,90.018
ecu,sex_t,age_aggregate_total,edu_isced97_6,2014,89.546
ecu,sex_t,age_aggregate_total,edu_isced97_6,2015,89.501
ecu,sex_t,age_aggregate_total,edu_isced97_6,2016,90.172
ecu,sex_t,age_aggregate_total,edu_isced97_6,2017,87.907
ecu,sex_t,age_aggregate_total,edu_isced97_6,2018,87.242
ecu,sex_t,age_aggregate_total,edu_isced97_6,2019,85.151
ecu,sex_t,age_aggregate_total,edu_isced97_6,2021,84.039
ecu,sex_t,age_aggregate_total,edu_isced97_6,2022,84.175
ecu,sex_t,age_aggregate_total,edu_isced97_6,2023,86.116
ecu,sex_t,age_aggregate_total,edu_isced97_6,2024,85.247
ecu,sex_t,age_aggregate_total,edu_isced97_total,2000,60.403
ecu,sex_t,age_aggregate_total,edu_isced97_total,2001,66.396
ecu,sex_t,age_aggregate_total,edu_isced97_total,2003,61.636
ecu,sex_t,age_aggregate_total,edu_isced97_total,2004,64.093
ecu,sex_t,age_aggregate_total,edu_isced97_total,2005,64.446
ecu,sex_t,age_aggregate_total,edu_isced97_total,2006,65.536
ecu,sex_t,age_aggregate_total,edu_isced97_total,2007,64.669
ecu,sex_t,age_aggregate_total,edu_isced97_total,2008,63.943
ecu,sex_t,age_aggregate_total,edu_isced97_total,2009,61.063
ecu,sex_t,age_aggregate_total,edu_isced97_total,2010,60.122
ecu,sex_t,age_aggregate_total,edu_isced97_total,2011,59.643
ecu,sex_t,age_aggregate_total,edu_isced97_total,2012,60.431
ecu,sex_t,age_aggregate_total,edu_isced97_total,2013,60.342
ecu,sex_t,age_aggregate_total,edu_isced97_total,2014,60.44
ecu,sex_t,age_aggregate_total,edu_isced97_total,2015,63.284
ecu,sex_t,age_aggregate_total,edu_isced97_total,2016,64.558
ecu,sex_t,age_aggregate_total,edu_isced97_total,2017,65.539
ecu,sex_t,age_aggregate_total,edu_isced97_total,2018,64.308
ecu,sex_t,age_aggregate_total,edu_isced97_total,2019,63.656
ecu,sex_t,age_aggregate_total,edu_isced97_total,2021,62.728
ecu,sex_t,age_aggregate_total,edu_isced97_total,2022,63.388
ecu,sex_t,age_aggregate_total,edu_isced97_total,2023,62.225
ecu,sex_t,age_aggregate_total,edu_isced97_total,2024,62.311
ecu,sex_t,age_aggregate_total,edu_isced97_unk,2001,44.524
ecu,sex_t,age_aggregate_total,edu_isced97_unk,2007,84.476
ecu,sex_t,age_aggregate_total,edu_isced97_unk,2008,100
ecu,sex_t,age_aggregate_total,edu_isced97_unk,2012,100
ecu,sex_t,age_aggregate_total,edu_isced97_unk,2015,37.47
ecu,sex_t,age_aggregate_total,edu_isced97_unk,2016,63.287
ecu,sex_t,age_aggregate_total,edu_isced97_unk,2017,62.951
ecu,sex_t,age_aggregate_total,edu_isced97_unk,2018,63.484
ecu,sex_t,age_aggregate_total,edu_isced97_unk,2019,66.032
ecu,sex_t,age_aggregate_total,edu_isced97_unk,2021,77.624
ecu,sex_t,age_aggregate_total,edu_isced97_unk,2022,59.796
ecu,sex_t,age_aggregate_total,edu_isced97_unk,2023,78.626
ecu,sex_t,age_aggregate_total,edu_isced97_unk,2024,79.948
ecu,sex_t,age_aggregate_total,edu_isced97_x,2000,55.656
ecu,sex_t,age_aggregate_total,edu_isced97_x,2001,61.929
ecu,sex_t,age_aggregate_total,edu_isced97_x,2003,54.444
ecu,sex_t,age_aggregate_total,edu_isced97_x,2004,57.915
ecu,sex_t,age_aggregate_total,edu_isced97_x,2005,57.321
ecu,sex_t,age_aggregate_total,edu_isced97_x,2006,57.807
ecu,sex_t,age_aggregate_total,edu_isced97_x,2007,53.887
ecu,sex_t,age_aggregate_total,edu_isced97_x,2008,51.992
ecu,sex_t,age_aggregate_total,edu_isced97_x,2009,49.931
ecu,sex_t,age_aggregate_total,edu_isced97_x,2010,47.463
ecu,sex_t,age_aggregate_total,edu_isced97_x,2011,47.817
ecu,sex_t,age_aggregate_total,edu_isced97_x,2012,47.592
ecu,sex_t,age_aggregate_total,edu_isced97_x,2013,46.476
ecu,sex_t,age_aggregate_total,edu_isced97_x,2014,46.403
ecu,sex_t,age_aggregate_total,edu_isced97_x,2015,50.36
ecu,sex_t,age_aggregate_total,edu_isced97_x,2016,51.591
ecu,sex_t,age_aggregate_total,edu_isced97_x,2017,53.573
ecu,sex_t,age_aggregate_total,edu_isced97_x,2018,54.046
ecu,sex_t,age_aggregate_total,edu_isced97_x,2019,54.452
ecu,sex_t,age_aggregate_total,edu_isced97_x,2021,45.281
ecu,sex_t,age_aggregate_total,edu_isced97_x,2022,45.904
ecu,sex_t,age_aggregate_total,edu_isced97_x,2023,48.987
ecu,sex_t,age_aggregate_total,edu_isced97_x,2024,46.751
ecu,sex_t,age_aggregate_y15_24,edu_aggregate_adv,2000,44.897
ecu,sex_t,age_aggregate_y15_24,edu_aggregate_adv,2001,48.038
ecu,sex_t,age_aggregate_y15_24,edu_aggregate_adv,2003,49.047
ecu,sex_t,age_aggregate_y15_24,edu_aggregate_adv,2004,45.123
ecu,sex_t,age_aggregate_y15_24,edu_aggregate_adv,2005,50.821
ecu,sex_t,age_aggregate_y15_24,edu_aggregate_adv,2006,49.958
ecu,sex_t,age_aggregate_y15_24,edu_aggregate_adv,2007,52.378
ecu,sex_t,age_aggregate_y15_24,edu_aggregate_adv,2008,47.962
ecu,sex_t,age_aggregate_y15_24,edu_aggregate_adv,2009,44.361
ecu,sex_t,age_aggregate_y15_24,edu_aggregate_adv,2010,40.565
ecu,sex_t,age_aggregate_y15_24,edu_aggregate_adv,2011,42.323
ecu,sex_t,age_aggregate_y15_24,edu_aggregate_adv,2012,43.614
ecu,sex_t,age_aggregate_y15_24,edu_aggregate_adv,2013,43.649
ecu,sex_t,age_aggregate_y15_24,edu_aggregate_adv,2014,40.084
ecu,sex_t,age_aggregate_y15_24,edu_aggregate_adv,2015,41.298
ecu,sex_t,age_aggregate_y15_24,edu_aggregate_adv,2016,40.176
ecu,sex_t,age_aggregate_y15_24,edu_aggregate_adv,2017,42.754
ecu,sex_t,age_aggregate_y15_24,edu_aggregate_adv,2018,37.858
ecu,sex_t,age_aggregate_y15_24,edu_aggregate_adv,2019,37.935
ecu,sex_t,age_aggregate_y15_24,edu_aggregate_adv,2021,38.554
ecu,sex_t,age_aggregate_y15_24,edu_aggregate_adv,2022,40.498
ecu,sex_t,age_aggregate_y15_24,edu_aggregate_adv,2023,39.736
ecu,sex_t,age_aggregate_y15_24,edu_aggregate_adv,2024,39.951
ecu,sex_t,age_aggregate_y15_24,edu_aggregate_bas,2000,60.547
ecu,sex_t,age_aggregate_y15_24,edu_aggregate_bas,2001,67.743
ecu,sex_t,age_aggregate_y15_24,edu_aggregate_bas,2003,47.837
ecu,sex_t,age_aggregate_y15_24,edu_aggregate_bas,2004,49.682
ecu,sex_t,age_aggregate_y15_24,edu_aggregate_bas,2005,49.573
ecu,sex_t,age_aggregate_y15_24,edu_aggregate_bas,2006,52.12
ecu,sex_t,age_aggregate_y15_24,edu_aggregate_bas,2007,44.385
ecu,sex_t,age_aggregate_y15_24,edu_aggregate_bas,2008,43.743
ecu,sex_t,age_aggregate_y15_24,edu_aggregate_bas,2009,40.063
ecu,sex_t,age_aggregate_y15_24,edu_aggregate_bas,2010,37.423
ecu,sex_t,age_aggregate_y15_24,edu_aggregate_bas,2011,33.07
ecu,sex_t,age_aggregate_y15_24,edu_aggregate_bas,2012,33.262
ecu,sex_t,age_aggregate_y15_24,edu_aggregate_bas,2013,31.716
ecu,sex_t,age_aggregate_y15_24,edu_aggregate_bas,2014,30.351
ecu,sex_t,age_aggregate_y15_24,edu_aggregate_bas,2015,32.743
ecu,sex_t,age_aggregate_y15_24,edu_aggregate_bas,2016,34.406
ecu,sex_t,age_aggregate_y15_24,edu_aggregate_bas,2017,34.451
ecu,sex_t,age_aggregate_y15_24,edu_aggregate_bas,2018,33.13
ecu,sex_t,age_aggregate_y15_24,edu_aggregate_bas,2019,32.246
ecu,sex_t,age_aggregate_y15_24,edu_aggregate_bas,2021,33.854
ecu,sex_t,age_aggregate_y15_24,edu_aggregate_bas,2022,32.041
ecu,sex_t,age_aggregate_y15_24,edu_aggregate_bas,2023,29.916
ecu,sex_t,age_aggregate_y15_24,edu_aggregate_bas,2024,31.87
ecu,sex_t,age_aggregate_y15_24,edu_aggregate_int,2000,35.71
ecu,sex_t,age_aggregate_y15_24,edu_aggregate_int,2001,44.067
ecu,sex_t,age_aggregate_y15_24,edu_aggregate_int,2003,36.408
ecu,sex_t,age_aggregate_y15_24,edu_aggregate_int,2004,37.095
ecu,sex_t,age_aggregate_y15_24,edu_aggregate_int,2005,36.134
ecu,sex_t,age_aggregate_y15_24,edu_aggregate_int,2006,36.85
ecu,sex_t,age_aggregate_y15_24,edu_aggregate_int,2007,49.139
ecu,sex_t,age_aggregate_y15_24,edu_aggregate_int,2008,48.234
ecu,sex_t,age_aggregate_y15_24,edu_aggregate_int,2009,46.366
ecu,sex_t,age_aggregate_y15_24,edu_aggregate_int,2010,43.218
ecu,sex_t,age_aggregate_y15_24,edu_aggregate_int,2011,43.314
ecu,sex_t,age_aggregate_y15_24,edu_aggregate_int,2012,46.01
ecu,sex_t,age_aggregate_y15_24,edu_aggregate_int,2013,44.064
ecu,sex_t,age_aggregate_y15_24,edu_aggregate_int,2014,44.482
ecu,sex_t,age_aggregate_y15_24,edu_aggregate_int,2015,47.069
ecu,sex_t,age_aggregate_y15_24,edu_aggregate_int,2016,47.331
ecu,sex_t,age_aggregate_y15_24,edu_aggregate_int,2017,49.978
ecu,sex_t,age_aggregate_y15_24,edu_aggregate_int,2018,49.48
ecu,sex_t,age_aggregate_y15_24,edu_aggregate_int,2019,49.209
ecu,sex_t,age_aggregate_y15_24,edu_aggregate_int,2021,50.529
ecu,sex_t,age_aggregate_y15_24,edu_aggregate_int,2022,52.227
ecu,sex_t,age_aggregate_y15_24,edu_aggregate_int,2023,49.715
ecu,sex_t,age_aggregate_y15_24,edu_aggregate_int,2024,49.984
ecu,sex_t,age_aggregate_y15_24,edu_aggregate_ltb,2000,53.43
ecu,sex_t,age_aggregate_y15_24,edu_aggregate_ltb,2001,60.28
ecu,sex_t,age_aggregate_y15_24,edu_aggregate_ltb,2003,51.356
ecu,sex_t,age_aggregate_y15_24,edu_aggregate_ltb,2004,55.963
ecu,sex_t,age_aggregate_y15_24,edu_aggregate_ltb,2005,57.262
ecu,sex_t,age_aggregate_y15_24,edu_aggregate_ltb,2006,55.425
ecu,sex_t,age_aggregate_y15_24,edu_aggregate_ltb,2007,57.916
ecu,sex_t,age_aggregate_y15_24,edu_aggregate_ltb,2008,55.264
ecu,sex_t,age_aggregate_y15_24,edu_aggregate_ltb,2009,50.574
ecu,sex_t,age_aggregate_y15_24,edu_aggregate_ltb,2010,53.957
ecu,sex_t,age_aggregate_y15_24,edu_aggregate_ltb,2011,49.661
ecu,sex_t,age_aggregate_y15_24,edu_aggregate_ltb,2012,50.346
ecu,sex_t,age_aggregate_y15_24,edu_aggregate_ltb,2013,50.248
ecu,sex_t,age_aggregate_y15_24,edu_aggregate_ltb,2014,45.716
ecu,sex_t,age_aggregate_y15_24,edu_aggregate_ltb,2015,49.638
ecu,sex_t,age_aggregate_y15_24,edu_aggregate_ltb,2016,50.265
ecu,sex_t,age_aggregate_y15_24,edu_aggregate_ltb,2017,49.94
ecu,sex_t,age_aggregate_y15_24,edu_aggregate_ltb,2018,49.079
ecu,sex_t,age_aggregate_y15_24,edu_aggregate_ltb,2019,47.757
ecu,sex_t,age_aggregate_y15_24,edu_aggregate_ltb,2021,40.621
ecu,sex_t,age_aggregate_y15_24,edu_aggregate_ltb,2022,44.037
ecu,sex_t,age_aggregate_y15_24,edu_aggregate_ltb,2023,43.03
ecu,sex_t,age_aggregate_y15_24,edu_aggregate_ltb,2024,42.306
ecu,sex_t,age_aggregate_y15_24,edu_aggregate_total,2000,46.772
ecu,sex_t,age_aggregate_y15_24,edu_aggregate_total,2001,54.252
ecu,sex_t,age_aggregate_y15_24,edu_aggregate_total,2003,46.977
ecu,sex_t,age_aggregate_y15_24,edu_aggregate_total,2004,48.434
ecu,sex_t,age_aggregate_y15_24,edu_aggregate_total,2005,48.303
ecu,sex_t,age_aggregate_y15_24,edu_aggregate_total,2006,49.986
ecu,sex_t,age_aggregate_y15_24,edu_aggregate_total,2007,47.264
ecu,sex_t,age_aggregate_y15_24,edu_aggregate_total,2008,46.072
ecu,sex_t,age_aggregate_y15_24,edu_aggregate_total,2009,42.928
ecu,sex_t,age_aggregate_y15_24,edu_aggregate_total,2010,40.479
ecu,sex_t,age_aggregate_y15_24,edu_aggregate_total,2011,37.939
ecu,sex_t,age_aggregate_y15_24,edu_aggregate_total,2012,39.213
ecu,sex_t,age_aggregate_y15_24,edu_aggregate_total,2013,37.618
ecu,sex_t,age_aggregate_y15_24,edu_aggregate_total,2014,36.517
ecu,sex_t,age_aggregate_y15_24,edu_aggregate_total,2015,38.998
ecu,sex_t,age_aggregate_y15_24,edu_aggregate_total,2016,40.171
ecu,sex_t,age_aggregate_y15_24,edu_aggregate_total,2017,41.415
ecu,sex_t,age_aggregate_y15_24,edu_aggregate_total,2018,40.5
ecu,sex_t,age_aggregate_y15_24,edu_aggregate_total,2019,40.108
ecu,sex_t,age_aggregate_y15_24,edu_aggregate_total,2021,41.829
ecu,sex_t,age_aggregate_y15_24,edu_aggregate_total,2022,42.096
ecu,sex_t,age_aggregate_y15_24,edu_aggregate_total,2023,40.01
ecu,sex_t,age_aggregate_y15_24,edu_aggregate_total,2024,40.913
ecu,sex_t,age_aggregate_y15_24,edu_aggregate_x,2001,43.672
ecu,sex_t,age_aggregate_y15_24,edu_aggregate_x,2016,37.511
ecu,sex_t,age_aggregate_y15_24,edu_aggregate_x,2018,44.542
ecu,sex_t,age_aggregate_y15_24,edu_aggregate_x,2021,44.701
ecu,sex_t,age_aggregate_y15_24,edu_isced97_0,2000,61.036
ecu,sex_t,age_aggregate_y15_24,edu_isced97_0,2001,62.016
ecu,sex_t,age_aggregate_y15_24,edu_isced97_0,2003,59.83
ecu,sex_t,age_aggregate_y15_24,edu_isced97_0,2004,64.378
ecu,sex_t,age_aggregate_y15_24,edu_isced97_0,2005,62.981
ecu,sex_t,age_aggregate_y15_24,edu_isced97_0,2006,62.615
ecu,sex_t,age_aggregate_y15_24,edu_isced97_0,2007,61.088
ecu,sex_t,age_aggregate_y15_24,edu_isced97_0,2008,59.917
ecu,sex_t,age_aggregate_y15_24,edu_isced97_0,2009,53.604
ecu,sex_t,age_aggregate_y15_24,edu_isced97_0,2010,56.632
ecu,sex_t,age_aggregate_y15_24,edu_isced97_0,2011,54.69
ecu,sex_t,age_aggregate_y15_24,edu_isced97_0,2012,56.582
ecu,sex_t,age_aggregate_y15_24,edu_isced97_0,2013,57.787
ecu,sex_t,age_aggregate_y15_24,edu_isced97_0,2014,51.48
ecu,sex_t,age_aggregate_y15_24,edu_isced97_0,2015,58.009
ecu,sex_t,age_aggregate_y15_24,edu_isced97_0,2016,60.086
ecu,sex_t,age_aggregate_y15_24,edu_isced97_0,2017,56.683
ecu,sex_t,age_aggregate_y15_24,edu_isced97_0,2018,57.686
ecu,sex_t,age_aggregate_y15_24,edu_isced97_0,2019,55.254
ecu,sex_t,age_aggregate_y15_24,edu_isced97_0,2021,49.399
ecu,sex_t,age_aggregate_y15_24,edu_isced97_0,2022,56.418
ecu,sex_t,age_aggregate_y15_24,edu_isced97_0,2023,49.103
ecu,sex_t,age_aggregate_y15_24,edu_isced97_0,2024,50.46
ecu,sex_t,age_aggregate_y15_24,edu_isced97_1,2000,66.009
ecu,sex_t,age_aggregate_y15_24,edu_isced97_1,2001,68.662
ecu,sex_t,age_aggregate_y15_24,edu_isced97_1,2003,58.22
ecu,sex_t,age_aggregate_y15_24,edu_isced97_1,2004,62.333
ecu,sex_t,age_aggregate_y15_24,edu_isced97_1,2005,55.208
ecu,sex_t,age_aggregate_y15_24,edu_isced97_1,2006,56.056
ecu,sex_t,age_aggregate_y15_24,edu_isced97_1,2007,59.769
ecu,sex_t,age_aggregate_y15_24,edu_isced97_1,2008,59.829
ecu,sex_t,age_aggregate_y15_24,edu_isced97_1,2009,55.823
ecu,sex_t,age_aggregate_y15_24,edu_isced97_1,2010,56.359
ecu,sex_t,age_aggregate_y15_24,edu_isced97_1,2011,50.666
ecu,sex_t,age_aggregate_y15_24,edu_isced97_1,2012,51.75
ecu,sex_t,age_aggregate_y15_24,edu_isced97_1,2013,49.471
ecu,sex_t,age_aggregate_y15_24,edu_isced97_1,2014,48.574
ecu,sex_t,age_aggregate_y15_24,edu_isced97_1,2015,50.438
ecu,sex_t,age_aggregate_y15_24,edu_isced97_1,2016,52.922
ecu,sex_t,age_aggregate_y15_24,edu_isced97_1,2017,52.404
ecu,sex_t,age_aggregate_y15_24,edu_isced97_1,2018,50.363
ecu,sex_t,age_aggregate_y15_24,edu_isced97_1,2019,49.52
ecu,sex_t,age_aggregate_y15_24,edu_isced97_1,2021,49.486
ecu,sex_t,age_aggregate_y15_24,edu_isced97_1,2022,49.927
ecu,sex_t,age_aggregate_y15_24,edu_isced97_1,2023,50.981
ecu,sex_t,age_aggregate_y15_24,edu_isced97_1,2024,52.974
ecu,sex_t,age_aggregate_y15_24,edu_isced97_2,2000,59.733
ecu,sex_t,age_aggregate_y15_24,edu_isced97_2,2001,67.592
ecu,sex_t,age_aggregate_y15_24,edu_isced97_2,2003,38.205
ecu,sex_t,age_aggregate_y15_24,edu_isced97_2,2004,38.608
ecu,sex_t,age_aggregate_y15_24,edu_isced97_2,2005,43.285
ecu,sex_t,age_aggregate_y15_24,edu_isced97_2,2006,47.232
ecu,sex_t,age_aggregate_y15_24,edu_isced97_2,2007,30.75
ecu,sex_t,age_aggregate_y15_24,edu_isced97_2,2008,30.554
ecu,sex_t,age_aggregate_y15_24,edu_isced97_2,2009,28.108
ecu,sex_t,age_aggregate_y15_24,edu_isced97_2,2010,24.661
ecu,sex_t,age_aggregate_y15_24,edu_isced97_2,2011,22.106
ecu,sex_t,age_aggregate_y15_24,edu_isced97_2,2012,23.246
ecu,sex_t,age_aggregate_y15_24,edu_isced97_2,2013,22.018
ecu,sex_t,age_aggregate_y15_24,edu_isced97_2,2014,20.508
ecu,sex_t,age_aggregate_y15_24,edu_isced97_2,2015,23.809
ecu,sex_t,age_aggregate_y15_24,edu_isced97_2,2016,26.835
ecu,sex_t,age_aggregate_y15_24,edu_isced97_2,2017,28.125
ecu,sex_t,age_aggregate_y15_24,edu_isced97_2,2018,27.107
ecu,sex_t,age_aggregate_y15_24,edu_isced97_2,2019,26.771
ecu,sex_t,age_aggregate_y15_24,edu_isced97_2,2021,29.012
ecu,sex_t,age_aggregate_y15_24,edu_isced97_2,2022,26.872
ecu,sex_t,age_aggregate_y15_24,edu_isced97_2,2023,24.3
ecu,sex_t,age_aggregate_y15_24,edu_isced97_2,2024,26.201
ecu,sex_t,age_aggregate_y15_24,edu_isced97_3,2000,35.71
ecu,sex_t,age_aggregate_y15_24,edu_isced97_3,2001,44.067
ecu,sex_t,age_aggregate_y15_24,edu_isced97_3,2003,35.91
ecu,sex_t,age_aggregate_y15_24,edu_isced97_3,2004,36.086
ecu,sex_t,age_aggregate_y15_24,edu_isced97_3,2005,34.966
ecu,sex_t,age_aggregate_y15_24,edu_isced97_3,2006,36.704
ecu,sex_t,age_aggregate_y15_24,edu_isced97_3,2007,48.885
ecu,sex_t,age_aggregate_y15_24,edu_isced97_3,2008,48.142
ecu,sex_t,age_aggregate_y15_24,edu_isced97_3,2009,46.276
ecu,sex_t,age_aggregate_y15_24,edu_isced97_3,2010,43.036
ecu,sex_t,age_aggregate_y15_24,edu_isced97_3,2011,43.169
ecu,sex_t,age_aggregate_y15_24,edu_isced97_3,2012,45.918
ecu,sex_t,age_aggregate_y15_24,edu_isced97_3,2013,43.874
ecu,sex_t,age_aggregate_y15_24,edu_isced97_3,2014,44.428
ecu,sex_t,age_aggregate_y15_24,edu_isced97_3,2015,46.813
ecu,sex_t,age_aggregate_y15_24,edu_isced97_3,2016,47.116
ecu,sex_t,age_aggregate_y15_24,edu_isced97_3,2017,49.718
ecu,sex_t,age_aggregate_y15_24,edu_isced97_3,2018,49.307
ecu,sex_t,age_aggregate_y15_24,edu_isced97_3,2019,49.109
ecu,sex_t,age_aggregate_y15_24,edu_isced97_3,2021,50.173
ecu,sex_t,age_aggregate_y15_24,edu_isced97_3,2022,51.915
ecu,sex_t,age_aggregate_y15_24,edu_isced97_3,2023,49.344
ecu,sex_t,age_aggregate_y15_24,edu_isced97_3,2024,49.702
ecu,sex_t,age_aggregate_y15_24,edu_isced97_4,2003,46.905
ecu,sex_t,age_aggregate_y15_24,edu_isced97_4,2004,64.552
ecu,sex_t,age_aggregate_y15_24,edu_isced97_4,2005,66.604
ecu,sex_t,age_aggregate_y15_24,edu_isced97_4,2006,47.965
ecu,sex_t,age_aggregate_y15_24,edu_isced97_4,2007,86.018
ecu,sex_t,age_aggregate_y15_24,edu_isced97_4,2008,68.214
ecu,sex_t,age_aggregate_y15_24,edu_isced97_4,2009,69.511
ecu,sex_t,age_aggregate_y15_24,edu_isced97_4,2010,69.371
ecu,sex_t,age_aggregate_y15_24,edu_isced97_4,2011,65.487
ecu,sex_t,age_aggregate_y15_24,edu_isced97_4,2012,67.105
ecu,sex_t,age_aggregate_y15_24,edu_isced97_4,2013,64.74
ecu,sex_t,age_aggregate_y15_24,edu_isced97_4,2014,51.303
ecu,sex_t,age_aggregate_y15_24,edu_isced97_4,2015,72.647
ecu,sex_t,age_aggregate_y15_24,edu_isced97_4,2016,64.553
ecu,sex_t,age_aggregate_y15_24,edu_isced97_4,2017,71.394
ecu,sex_t,age_aggregate_y15_24,edu_isced97_4,2018,68.167
ecu,sex_t,age_aggregate_y15_24,edu_isced97_4,2019,60.243
ecu,sex_t,age_aggregate_y15_24,edu_isced97_4,2021,73.326
ecu,sex_t,age_aggregate_y15_24,edu_isced97_4,2022,69.32
ecu,sex_t,age_aggregate_y15_24,edu_isced97_4,2023,65.862
ecu,sex_t,age_aggregate_y15_24,edu_isced97_4,2024,62.921
ecu,sex_t,age_aggregate_y15_24,edu_isced97_5,2000,44.897
ecu,sex_t,age_aggregate_y15_24,edu_isced97_5,2001,48.21
ecu,sex_t,age_aggregate_y15_24,edu_isced97_5,2003,49.082
ecu,sex_t,age_aggregate_y15_24,edu_isced97_5,2004,45.076
ecu,sex_t,age_aggregate_y15_24,edu_isced97_5,2005,50.881
ecu,sex_t,age_aggregate_y15_24,edu_isced97_5,2006,49.958
ecu,sex_t,age_aggregate_y15_24,edu_isced97_5,2007,52.161
ecu,sex_t,age_aggregate_y15_24,edu_isced97_5,2008,47.971
ecu,sex_t,age_aggregate_y15_24,edu_isced97_5,2009,44.213
ecu,sex_t,age_aggregate_y15_24,edu_isced97_5,2010,40.527
ecu,sex_t,age_aggregate_y15_24,edu_isced97_5,2011,42.139
ecu,sex_t,age_aggregate_y15_24,edu_isced97_5,2012,43.498
ecu,sex_t,age_aggregate_y15_24,edu_isced97_5,2013,43.467
ecu,sex_t,age_aggregate_y15_24,edu_isced97_5,2014,40.055
ecu,sex_t,age_aggregate_y15_24,edu_isced97_5,2015,41.208
ecu,sex_t,age_aggregate_y15_24,edu_isced97_5,2016,40.115
ecu,sex_t,age_aggregate_y15_24,edu_isced97_5,2017,42.798
ecu,sex_t,age_aggregate_y15_24,edu_isced97_5,2018,37.853
ecu,sex_t,age_aggregate_y15_24,edu_isced97_5,2019,37.879
ecu,sex_t,age_aggregate_y15_24,edu_isced97_5,2021,38.503
ecu,sex_t,age_aggregate_y15_24,edu_isced97_5,2022,40.358
ecu,sex_t,age_aggregate_y15_24,edu_isced97_5,2023,39.608
ecu,sex_t,age_aggregate_y15_24,edu_isced97_5,2024,39.732
ecu,sex_t,age_aggregate_y15_24,edu_isced97_6,2011,83.315
ecu,sex_t,age_aggregate_y15_24,edu_isced97_6,2015,100
ecu,sex_t,age_aggregate_y15_24,edu_isced97_6,2016,88.943
ecu,sex_t,age_aggregate_y15_24,edu_isced97_6,2019,67.605
ecu,sex_t,age_aggregate_y15_24,edu_isced97_6,2021,52.179
ecu,sex_t,age_aggregate_y15_24,edu_isced97_6,2022,70.567
ecu,sex_t,age_aggregate_y15_24,edu_isced97_6,2023,67.754
ecu,sex_t,age_aggregate_y15_24,edu_isced97_6,2024,64.766
ecu,sex_t,age_aggregate_y15_24,edu_isced97_total,2000,46.772
ecu,sex_t,age_aggregate_y15_24,edu_isced97_total,2001,54.252
ecu,sex_t,age_aggregate_y15_24,edu_isced97_total,2003,46.977
ecu,sex_t,age_aggregate_y15_24,edu_isced97_total,2004,48.434
ecu,sex_t,age_aggregate_y15_24,edu_isced97_total,2005,48.303
ecu,sex_t,age_aggregate_y15_24,edu_isced97_total,2006,49.986
ecu,sex_t,age_aggregate_y15_24,edu_isced97_total,2007,47.264
ecu,sex_t,age_aggregate_y15_24,edu_isced97_total,2008,46.072
ecu,sex_t,age_aggregate_y15_24,edu_isced97_total,2009,42.928
ecu,sex_t,age_aggregate_y15_24,edu_isced97_total,2010,40.479
ecu,sex_t,age_aggregate_y15_24,edu_isced97_total,2011,37.939
ecu,sex_t,age_aggregate_y15_24,edu_isced97_total,2012,39.213
ecu,sex_t,age_aggregate_y15_24,edu_isced97_total,2013,37.618
ecu,sex_t,age_aggregate_y15_24,edu_isced97_total,2014,36.517
ecu,sex_t,age_aggregate_y15_24,edu_isced97_total,2015,38.998
ecu,sex_t,age_aggregate_y15_24,edu_isced97_total,2016,40.171
ecu,sex_t,age_aggregate_y15_24,edu_isced97_total,2017,41.415
ecu,sex_t,age_aggregate_y15_24,edu_isced97_total,2018,40.5
ecu,sex_t,age_aggregate_y15_24,edu_isced97_total,2019,40.108
ecu,sex_t,age_aggregate_y15_24,edu_isced97_total,2021,41.829
ecu,sex_t,age_aggregate_y15_24,edu_isced97_total,2022,42.096
ecu,sex_t,age_aggregate_y15_24,edu_isced97_total,2023,40.01
ecu,sex_t,age_aggregate_y15_24,edu_isced97_total,2024,40.913
ecu,sex_t,age_aggregate_y15_24,edu_isced97_unk,2001,43.672
ecu,sex_t,age_aggregate_y15_24,edu_isced97_unk,2016,37.511
ecu,sex_t,age_aggregate_y15_24,edu_isced97_unk,2018,44.542
ecu,sex_t,age_aggregate_y15_24,edu_isced97_unk,2021,44.701
ecu,sex_t,age_aggregate_y15_24,edu_isced97_x,2000,45.884
ecu,sex_t,age_aggregate_y15_24,edu_isced97_x,2001,57.786
ecu,sex_t,age_aggregate_y15_24,edu_isced97_x,2003,42.507
ecu,sex_t,age_aggregate_y15_24,edu_isced97_x,2004,46.343
ecu,sex_t,age_aggregate_y15_24,edu_isced97_x,2005,50.948
ecu,sex_t,age_aggregate_y15_24,edu_isced97_x,2006,49.107
ecu,sex_t,age_aggregate_y15_24,edu_isced97_x,2007,40.283
ecu,sex_t,age_aggregate_y15_24,edu_isced97_x,2008,33.565
ecu,sex_t,age_aggregate_y15_24,edu_isced97_x,2009,33.36
ecu,sex_t,age_aggregate_y15_24,edu_isced97_x,2010,39.735
ecu,sex_t,age_aggregate_y15_24,edu_isced97_x,2011,28.702
ecu,sex_t,age_aggregate_y15_24,edu_isced97_x,2012,24.095
ecu,sex_t,age_aggregate_y15_24,edu_isced97_x,2013,24.913
ecu,sex_t,age_aggregate_y15_24,edu_isced97_x,2014,20.675
ecu,sex_t,age_aggregate_y15_24,edu_isced97_x,2015,16.263
ecu,sex_t,age_aggregate_y15_24,edu_isced97_x,2016,15.002
ecu,sex_t,age_aggregate_y15_24,edu_isced97_x,2017,22.406
ecu,sex_t,age_aggregate_y15_24,edu_isced97_x,2018,17.108
ecu,sex_t,age_aggregate_y15_24,edu_isced97_x,2019,23.065
ecu,sex_t,age_aggregate_y15_24,edu_isced97_x,2021,12.401
ecu,sex_t,age_aggregate_y15_24,edu_isced97_x,2022,8.63
ecu,sex_t,age_aggregate_y15_24,edu_isced97_x,2023,26.28
ecu,sex_t,age_aggregate_y15_24,edu_isced97_x,2024,19.142
ecu,sex_t,age_aggregate_y25_54,edu_aggregate_adv,2000,84.085
ecu,sex_t,age_aggregate_y25_54,edu_aggregate_adv,2001,83.534
ecu,sex_t,age_aggregate_y25_54,edu_aggregate_adv,2003,85.262
ecu,sex_t,age_aggregate_y25_54,edu_aggregate_adv,2004,86.194
ecu,sex_t,age_aggregate_y25_54,edu_aggregate_adv,2005,86.341
ecu,sex_t,age_aggregate_y25_54,edu_aggregate_adv,2006,87.584
ecu,sex_t,age_aggregate_y25_54,edu_aggregate_adv,2007,86.293
ecu,sex_t,age_aggregate_y25_54,edu_aggregate_adv,2008,86.479
ecu,sex_t,age_aggregate_y25_54,edu_aggregate_adv,2009,82.746
ecu,sex_t,age_aggregate_y25_54,edu_aggregate_adv,2010,84.446
ecu,sex_t,age_aggregate_y25_54,edu_aggregate_adv,2011,84.784
ecu,sex_t,age_aggregate_y25_54,edu_aggregate_adv,2012,85.05
ecu,sex_t,age_aggregate_y25_54,edu_aggregate_adv,2013,84.886
ecu,sex_t,age_aggregate_y25_54,edu_aggregate_adv,2014,84.511
ecu,sex_t,age_aggregate_y25_54,edu_aggregate_adv,2015,84.542
ecu,sex_t,age_aggregate_y25_54,edu_aggregate_adv,2016,84.156
ecu,sex_t,age_aggregate_y25_54,edu_aggregate_adv,2017,83.51
ecu,sex_t,age_aggregate_y25_54,edu_aggregate_adv,2018,84.388
ecu,sex_t,age_aggregate_y25_54,edu_aggregate_adv,2019,83.802
ecu,sex_t,age_aggregate_y25_54,edu_aggregate_adv,2021,82.507
ecu,sex_t,age_aggregate_y25_54,edu_aggregate_adv,2022,84.431
ecu,sex_t,age_aggregate_y25_54,edu_aggregate_adv,2023,83.183
ecu,sex_t,age_aggregate_y25_54,edu_aggregate_adv,2024,83.672
ecu,sex_t,age_aggregate_y25_54,edu_aggregate_bas,2000,69.993
ecu,sex_t,age_aggregate_y25_54,edu_aggregate_bas,2001,75.513
ecu,sex_t,age_aggregate_y25_54,edu_aggregate_bas,2003,72.046
ecu,sex_t,age_aggregate_y25_54,edu_aggregate_bas,2004,74.616
ecu,sex_t,age_aggregate_y25_54,edu_aggregate_bas,2005,75.03
ecu,sex_t,age_aggregate_y25_54,edu_aggregate_bas,2006,76.538
ecu,sex_t,age_aggregate_y25_54,edu_aggregate_bas,2007,76.203
ecu,sex_t,age_aggregate_y25_54,edu_aggregate_bas,2008,75.863
ecu,sex_t,age_aggregate_y25_54,edu_aggregate_bas,2009,73.379
ecu,sex_t,age_aggregate_y25_54,edu_aggregate_bas,2010,73.314
ecu,sex_t,age_aggregate_y25_54,edu_aggregate_bas,2011,73.608
ecu,sex_t,age_aggregate_y25_54,edu_aggregate_bas,2012,74.612
ecu,sex_t,age_aggregate_y25_54,edu_aggregate_bas,2013,74.5
ecu,sex_t,age_aggregate_y25_54,edu_aggregate_bas,2014,74.142
ecu,sex_t,age_aggregate_y25_54,edu_aggregate_bas,2015,77.008
ecu,sex_t,age_aggregate_y25_54,edu_aggregate_bas,2016,78.343
ecu,sex_t,age_aggregate_y25_54,edu_aggregate_bas,2017,80.031
ecu,sex_t,age_aggregate_y25_54,edu_aggregate_bas,2018,79.12
ecu,sex_t,age_aggregate_y25_54,edu_aggregate_bas,2019,78.337
ecu,sex_t,age_aggregate_y25_54,edu_aggregate_bas,2021,78.055
ecu,sex_t,age_aggregate_y25_54,edu_aggregate_bas,2022,77.646
ecu,sex_t,age_aggregate_y25_54,edu_aggregate_bas,2023,76.805
ecu,sex_t,age_aggregate_y25_54,edu_aggregate_bas,2024,76.691
ecu,sex_t,age_aggregate_y25_54,edu_aggregate_int,2000,71.04
ecu,sex_t,age_aggregate_y25_54,edu_aggregate_int,2001,76.169
ecu,sex_t,age_aggregate_y25_54,edu_aggregate_int,2003,74.606
ecu,sex_t,age_aggregate_y25_54,edu_aggregate_int,2004,76.813
ecu,sex_t,age_aggregate_y25_54,edu_aggregate_int,2005,79.429
ecu,sex_t,age_aggregate_y25_54,edu_aggregate_int,2006,76.558
ecu,sex_t,age_aggregate_y25_54,edu_aggregate_int,2007,77.818
ecu,sex_t,age_aggregate_y25_54,edu_aggregate_int,2008,77.688
ecu,sex_t,age_aggregate_y25_54,edu_aggregate_int,2009,75.886
ecu,sex_t,age_aggregate_y25_54,edu_aggregate_int,2010,75.853
ecu,sex_t,age_aggregate_y25_54,edu_aggregate_int,2011,76.414
ecu,sex_t,age_aggregate_y25_54,edu_aggregate_int,2012,77.244
ecu,sex_t,age_aggregate_y25_54,edu_aggregate_int,2013,76.54
ecu,sex_t,age_aggregate_y25_54,edu_aggregate_int,2014,76.038
ecu,sex_t,age_aggregate_y25_54,edu_aggregate_int,2015,77.169
ecu,sex_t,age_aggregate_y25_54,edu_aggregate_int,2016,78.187
ecu,sex_t,age_aggregate_y25_54,edu_aggregate_int,2017,79.32
ecu,sex_t,age_aggregate_y25_54,edu_aggregate_int,2018,78.04
ecu,sex_t,age_aggregate_y25_54,edu_aggregate_int,2019,77.721
ecu,sex_t,age_aggregate_y25_54,edu_aggregate_int,2021,76.958
ecu,sex_t,age_aggregate_y25_54,edu_aggregate_int,2022,78.312
ecu,sex_t,age_aggregate_y25_54,edu_aggregate_int,2023,77.119
ecu,sex_t,age_aggregate_y25_54,edu_aggregate_int,2024,76.882
ecu,sex_t,age_aggregate_y25_54,edu_aggregate_ltb,2000,68.769
ecu,sex_t,age_aggregate_y25_54,edu_aggregate_ltb,2001,74.623
ecu,sex_t,age_aggregate_y25_54,edu_aggregate_ltb,2003,67.788
ecu,sex_t,age_aggregate_y25_54,edu_aggregate_ltb,2004,71.484
ecu,sex_t,age_aggregate_y25_54,edu_aggregate_ltb,2005,70.865
ecu,sex_t,age_aggregate_y25_54,edu_aggregate_ltb,2006,72.61
ecu,sex_t,age_aggregate_y25_54,edu_aggregate_ltb,2007,72.063
ecu,sex_t,age_aggregate_y25_54,edu_aggregate_ltb,2008,71.367
ecu,sex_t,age_aggregate_y25_54,edu_aggregate_ltb,2009,69.415
ecu,sex_t,age_aggregate_y25_54,edu_aggregate_ltb,2010,68.74
ecu,sex_t,age_aggregate_y25_54,edu_aggregate_ltb,2011,66.754
ecu,sex_t,age_aggregate_y25_54,edu_aggregate_ltb,2012,67.729
ecu,sex_t,age_aggregate_y25_54,edu_aggregate_ltb,2013,68.742
ecu,sex_t,age_aggregate_y25_54,edu_aggregate_ltb,2014,69.81
ecu,sex_t,age_aggregate_y25_54,edu_aggregate_ltb,2015,73.22
ecu,sex_t,age_aggregate_y25_54,edu_aggregate_ltb,2016,76.033
ecu,sex_t,age_aggregate_y25_54,edu_aggregate_ltb,2017,76.168
ecu,sex_t,age_aggregate_y25_54,edu_aggregate_ltb,2018,75.96
ecu,sex_t,age_aggregate_y25_54,edu_aggregate_ltb,2019,75.797
ecu,sex_t,age_aggregate_y25_54,edu_aggregate_ltb,2021,73.347
ecu,sex_t,age_aggregate_y25_54,edu_aggregate_ltb,2022,69.573
ecu,sex_t,age_aggregate_y25_54,edu_aggregate_ltb,2023,70.388
ecu,sex_t,age_aggregate_y25_54,edu_aggregate_ltb,2024,70.28
ecu,sex_t,age_aggregate_y25_54,edu_aggregate_total,2000,72.366
ecu,sex_t,age_aggregate_y25_54,edu_aggregate_total,2001,76.879
ecu,sex_t,age_aggregate_y25_54,edu_aggregate_total,2003,73.839
ecu,sex_t,age_aggregate_y25_54,edu_aggregate_total,2004,76.342
ecu,sex_t,age_aggregate_y25_54,edu_aggregate_total,2005,76.799
ecu,sex_t,age_aggregate_y25_54,edu_aggregate_total,2006,78.041
ecu,sex_t,age_aggregate_y25_54,edu_aggregate_total,2007,77.562
ecu,sex_t,age_aggregate_y25_54,edu_aggregate_total,2008,77.406
ecu,sex_t,age_aggregate_y25_54,edu_aggregate_total,2009,74.984
ecu,sex_t,age_aggregate_y25_54,edu_aggregate_total,2010,75.278
ecu,sex_t,age_aggregate_y25_54,edu_aggregate_total,2011,75.543
ecu,sex_t,age_aggregate_y25_54,edu_aggregate_total,2012,76.498
ecu,sex_t,age_aggregate_y25_54,edu_aggregate_total,2013,76.3
ecu,sex_t,age_aggregate_y25_54,edu_aggregate_total,2014,76.069
ecu,sex_t,age_aggregate_y25_54,edu_aggregate_total,2015,78.03
ecu,sex_t,age_aggregate_y25_54,edu_aggregate_total,2016,79.146
ecu,sex_t,age_aggregate_y25_54,edu_aggregate_total,2017,80.044
ecu,sex_t,age_aggregate_y25_54,edu_aggregate_total,2018,79.416
ecu,sex_t,age_aggregate_y25_54,edu_aggregate_total,2019,78.849
ecu,sex_t,age_aggregate_y25_54,edu_aggregate_total,2021,78.095
ecu,sex_t,age_aggregate_y25_54,edu_aggregate_total,2022,78.454
ecu,sex_t,age_aggregate_y25_54,edu_aggregate_total,2023,77.544
ecu,sex_t,age_aggregate_y25_54,edu_aggregate_total,2024,77.465
ecu,sex_t,age_aggregate_y25_54,edu_aggregate_x,2001,58.341
ecu,sex_t,age_aggregate_y25_54,edu_aggregate_x,2007,89.499
ecu,sex_t,age_aggregate_y25_54,edu_aggregate_x,2008,100
ecu,sex_t,age_aggregate_y25_54,edu_aggregate_x,2012,100
ecu,sex_t,age_aggregate_y25_54,edu_aggregate_x,2015,35.999
ecu,sex_t,age_aggregate_y25_54,edu_aggregate_x,2016,73.472
ecu,sex_t,age_aggregate_y25_54,edu_aggregate_x,2017,60.055
ecu,sex_t,age_aggregate_y25_54,edu_aggregate_x,2018,65.565
ecu,sex_t,age_aggregate_y25_54,edu_aggregate_x,2019,65.244
ecu,sex_t,age_aggregate_y25_54,edu_aggregate_x,2021,92.58
ecu,sex_t,age_aggregate_y25_54,edu_aggregate_x,2022,29.341
ecu,sex_t,age_aggregate_y25_54,edu_aggregate_x,2023,82.641
ecu,sex_t,age_aggregate_y25_54,edu_aggregate_x,2024,79.452
ecu,sex_t,age_aggregate_y25_54,edu_isced97_0,2000,70.32
ecu,sex_t,age_aggregate_y25_54,edu_isced97_0,2001,76.546
ecu,sex_t,age_aggregate_y25_54,edu_isced97_0,2003,69.505
ecu,sex_t,age_aggregate_y25_54,edu_isced97_0,2004,74.281
ecu,sex_t,age_aggregate_y25_54,edu_isced97_0,2005,75.071
ecu,sex_t,age_aggregate_y25_54,edu_isced97_0,2006,74.359
ecu,sex_t,age_aggregate_y25_54,edu_isced97_0,2007,74.552
ecu,sex_t,age_aggregate_y25_54,edu_isced97_0,2008,73.839
ecu,sex_t,age_aggregate_y25_54,edu_isced97_0,2009,71.789
ecu,sex_t,age_aggregate_y25_54,edu_isced97_0,2010,70.836
ecu,sex_t,age_aggregate_y25_54,edu_isced97_0,2011,69.265
ecu,sex_t,age_aggregate_y25_54,edu_isced97_0,2012,70.868
ecu,sex_t,age_aggregate_y25_54,edu_isced97_0,2013,71.76
ecu,sex_t,age_aggregate_y25_54,edu_isced97_0,2014,72.569
ecu,sex_t,age_aggregate_y25_54,edu_isced97_0,2015,75.824
ecu,sex_t,age_aggregate_y25_54,edu_isced97_0,2016,79.634
ecu,sex_t,age_aggregate_y25_54,edu_isced97_0,2017,79.531
ecu,sex_t,age_aggregate_y25_54,edu_isced97_0,2018,78.83
ecu,sex_t,age_aggregate_y25_54,edu_isced97_0,2019,78.424
ecu,sex_t,age_aggregate_y25_54,edu_isced97_0,2021,77.604
ecu,sex_t,age_aggregate_y25_54,edu_isced97_0,2022,75.241
ecu,sex_t,age_aggregate_y25_54,edu_isced97_0,2023,74.55
ecu,sex_t,age_aggregate_y25_54,edu_isced97_0,2024,74.911
ecu,sex_t,age_aggregate_y25_54,edu_isced97_1,2000,66.695
ecu,sex_t,age_aggregate_y25_54,edu_isced97_1,2001,75.557
ecu,sex_t,age_aggregate_y25_54,edu_isced97_1,2003,71.113
ecu,sex_t,age_aggregate_y25_54,edu_isced97_1,2004,74.71
ecu,sex_t,age_aggregate_y25_54,edu_isced97_1,2005,75.324
ecu,sex_t,age_aggregate_y25_54,edu_isced97_1,2006,75.899
ecu,sex_t,age_aggregate_y25_54,edu_isced97_1,2007,75.969
ecu,sex_t,age_aggregate_y25_54,edu_isced97_1,2008,75.57
ecu,sex_t,age_aggregate_y25_54,edu_isced97_1,2009,73.2
ecu,sex_t,age_aggregate_y25_54,edu_isced97_1,2010,73.512
ecu,sex_t,age_aggregate_y25_54,edu_isced97_1,2011,73.394
ecu,sex_t,age_aggregate_y25_54,edu_isced97_1,2012,74.801
ecu,sex_t,age_aggregate_y25_54,edu_isced97_1,2013,74.754
ecu,sex_t,age_aggregate_y25_54,edu_isced97_1,2014,74.097
ecu,sex_t,age_aggregate_y25_54,edu_isced97_1,2015,77.787
ecu,sex_t,age_aggregate_y25_54,edu_isced97_1,2016,79.464
ecu,sex_t,age_aggregate_y25_54,edu_isced97_1,2017,80.827
ecu,sex_t,age_aggregate_y25_54,edu_isced97_1,2018,79.687
ecu,sex_t,age_aggregate_y25_54,edu_isced97_1,2019,79.128
ecu,sex_t,age_aggregate_y25_54,edu_isced97_1,2021,78.985
ecu,sex_t,age_aggregate_y25_54,edu_isced97_1,2022,78.361
ecu,sex_t,age_aggregate_y25_54,edu_isced97_1,2023,77.085
ecu,sex_t,age_aggregate_y25_54,edu_isced97_1,2024,76.649
ecu,sex_t,age_aggregate_y25_54,edu_isced97_2,2000,70.952
ecu,sex_t,age_aggregate_y25_54,edu_isced97_2,2001,75.501
ecu,sex_t,age_aggregate_y25_54,edu_isced97_2,2003,73.394
ecu,sex_t,age_aggregate_y25_54,edu_isced97_2,2004,74.48
ecu,sex_t,age_aggregate_y25_54,edu_isced97_2,2005,74.616
ecu,sex_t,age_aggregate_y25_54,edu_isced97_2,2006,77.41
ecu,sex_t,age_aggregate_y25_54,edu_isced97_2,2007,76.851
ecu,sex_t,age_aggregate_y25_54,edu_isced97_2,2008,76.665
ecu,sex_t,age_aggregate_y25_54,edu_isced97_2,2009,73.908
ecu,sex_t,age_aggregate_y25_54,edu_isced97_2,2010,72.789
ecu,sex_t,age_aggregate_y25_54,edu_isced97_2,2011,74.183
ecu,sex_t,age_aggregate_y25_54,edu_isced97_2,2012,74.102
ecu,sex_t,age_aggregate_y25_54,edu_isced97_2,2013,73.792
ecu,sex_t,age_aggregate_y25_54,edu_isced97_2,2014,74.276
ecu,sex_t,age_aggregate_y25_54,edu_isced97_2,2015,74.838
ecu,sex_t,age_aggregate_y25_54,edu_isced97_2,2016,75.298
ecu,sex_t,age_aggregate_y25_54,edu_isced97_2,2017,77.894
ecu,sex_t,age_aggregate_y25_54,edu_isced97_2,2018,77.421
ecu,sex_t,age_aggregate_y25_54,edu_isced97_2,2019,75.996
ecu,sex_t,age_aggregate_y25_54,edu_isced97_2,2021,75.518
ecu,sex_t,age_aggregate_y25_54,edu_isced97_2,2022,75.638
ecu,sex_t,age_aggregate_y25_54,edu_isced97_2,2023,76.001
ecu,sex_t,age_aggregate_y25_54,edu_isced97_2,2024,76.815
ecu,sex_t,age_aggregate_y25_54,edu_isced97_3,2000,71.04
ecu,sex_t,age_aggregate_y25_54,edu_isced97_3,2001,76.169
ecu,sex_t,age_aggregate_y25_54,edu_isced97_3,2003,74.457
ecu,sex_t,age_aggregate_y25_54,edu_isced97_3,2004,75.546
ecu,sex_t,age_aggregate_y25_54,edu_isced97_3,2005,78.499
ecu,sex_t,age_aggregate_y25_54,edu_isced97_3,2006,74.522
ecu,sex_t,age_aggregate_y25_54,edu_isced97_3,2007,77.658
ecu,sex_t,age_aggregate_y25_54,edu_isced97_3,2008,77.601
ecu,sex_t,age_aggregate_y25_54,edu_isced97_3,2009,75.722
ecu,sex_t,age_aggregate_y25_54,edu_isced97_3,2010,75.771
ecu,sex_t,age_aggregate_y25_54,edu_isced97_3,2011,76.231
ecu,sex_t,age_aggregate_y25_54,edu_isced97_3,2012,77.092
ecu,sex_t,age_aggregate_y25_54,edu_isced97_3,2013,76.236
ecu,sex_t,age_aggregate_y25_54,edu_isced97_3,2014,75.739
ecu,sex_t,age_aggregate_y25_54,edu_isced97_3,2015,76.803
ecu,sex_t,age_aggregate_y25_54,edu_isced97_3,2016,77.744
ecu,sex_t,age_aggregate_y25_54,edu_isced97_3,2017,78.951
ecu,sex_t,age_aggregate_y25_54,edu_isced97_3,2018,77.717
ecu,sex_t,age_aggregate_y25_54,edu_isced97_3,2019,77.295
ecu,sex_t,age_aggregate_y25_54,edu_isced97_3,2021,76.677
ecu,sex_t,age_aggregate_y25_54,edu_isced97_3,2022,77.928
ecu,sex_t,age_aggregate_y25_54,edu_isced97_3,2023,76.538
ecu,sex_t,age_aggregate_y25_54,edu_isced97_3,2024,76.324
ecu,sex_t,age_aggregate_y25_54,edu_isced97_4,2003,75.222
ecu,sex_t,age_aggregate_y25_54,edu_isced97_4,2004,84.206
ecu,sex_t,age_aggregate_y25_54,edu_isced97_4,2005,84.655
ecu,sex_t,age_aggregate_y25_54,edu_isced97_4,2006,88.202
ecu,sex_t,age_aggregate_y25_54,edu_isced97_4,2007,87.07
ecu,sex_t,age_aggregate_y25_54,edu_isced97_4,2008,83.146
ecu,sex_t,age_aggregate_y25_54,edu_isced97_4,2009,87.918
ecu,sex_t,age_aggregate_y25_54,edu_isced97_4,2010,78.891
ecu,sex_t,age_aggregate_y25_54,edu_isced97_4,2011,83.375
ecu,sex_t,age_aggregate_y25_54,edu_isced97_4,2012,84.39
ecu,sex_t,age_aggregate_y25_54,edu_isced97_4,2013,87.874
ecu,sex_t,age_aggregate_y25_54,edu_isced97_4,2014,85.921
ecu,sex_t,age_aggregate_y25_54,edu_isced97_4,2015,86.649
ecu,sex_t,age_aggregate_y25_54,edu_isced97_4,2016,87.938
ecu,sex_t,age_aggregate_y25_54,edu_isced97_4,2017,87.128
ecu,sex_t,age_aggregate_y25_54,edu_isced97_4,2018,84.794
ecu,sex_t,age_aggregate_y25_54,edu_isced97_4,2019,85.421
ecu,sex_t,age_aggregate_y25_54,edu_isced97_4,2021,81.54
ecu,sex_t,age_aggregate_y25_54,edu_isced97_4,2022,84.656
ecu,sex_t,age_aggregate_y25_54,edu_isced97_4,2023,85.851
ecu,sex_t,age_aggregate_y25_54,edu_isced97_4,2024,84.592
ecu,sex_t,age_aggregate_y25_54,edu_isced97_5,2000,84.085
ecu,sex_t,age_aggregate_y25_54,edu_isced97_5,2001,83.22
ecu,sex_t,age_aggregate_y25_54,edu_isced97_5,2003,84.821
ecu,sex_t,age_aggregate_y25_54,edu_isced97_5,2004,85.724
ecu,sex_t,age_aggregate_y25_54,edu_isced97_5,2005,85.733
ecu,sex_t,age_aggregate_y25_54,edu_isced97_5,2006,87.132
ecu,sex_t,age_aggregate_y25_54,edu_isced97_5,2007,85.65
ecu,sex_t,age_aggregate_y25_54,edu_isced97_5,2008,85.891
ecu,sex_t,age_aggregate_y25_54,edu_isced97_5,2009,82.323
ecu,sex_t,age_aggregate_y25_54,edu_isced97_5,2010,83.801
ecu,sex_t,age_aggregate_y25_54,edu_isced97_5,2011,84.341
ecu,sex_t,age_aggregate_y25_54,edu_isced97_5,2012,84.371
ecu,sex_t,age_aggregate_y25_54,edu_isced97_5,2013,84.217
ecu,sex_t,age_aggregate_y25_54,edu_isced97_5,2014,83.583
ecu,sex_t,age_aggregate_y25_54,edu_isced97_5,2015,83.784
ecu,sex_t,age_aggregate_y25_54,edu_isced97_5,2016,83.064
ecu,sex_t,age_aggregate_y25_54,edu_isced97_5,2017,82.514
ecu,sex_t,age_aggregate_y25_54,edu_isced97_5,2018,83.424
ecu,sex_t,age_aggregate_y25_54,edu_isced97_5,2019,82.913
ecu,sex_t,age_aggregate_y25_54,edu_isced97_5,2021,81.009
ecu,sex_t,age_aggregate_y25_54,edu_isced97_5,2022,83.025
ecu,sex_t,age_aggregate_y25_54,edu_isced97_5,2023,81.443
ecu,sex_t,age_aggregate_y25_54,edu_isced97_5,2024,82.053
ecu,sex_t,age_aggregate_y25_54,edu_isced97_6,2001,89.41
ecu,sex_t,age_aggregate_y25_54,edu_isced97_6,2003,94.796
ecu,sex_t,age_aggregate_y25_54,edu_isced97_6,2004,94.848
ecu,sex_t,age_aggregate_y25_54,edu_isced97_6,2005,98.189
ecu,sex_t,age_aggregate_y25_54,edu_isced97_6,2006,96.219
ecu,sex_t,age_aggregate_y25_54,edu_isced97_6,2007,98.36
ecu,sex_t,age_aggregate_y25_54,edu_isced97_6,2008,95.282
ecu,sex_t,age_aggregate_y25_54,edu_isced97_6,2009,88.663
ecu,sex_t,age_aggregate_y25_54,edu_isced97_6,2010,92.306
ecu,sex_t,age_aggregate_y25_54,edu_isced97_6,2011,92.724
ecu,sex_t,age_aggregate_y25_54,edu_isced97_6,2012,96.318
ecu,sex_t,age_aggregate_y25_54,edu_isced97_6,2013,94.585
ecu,sex_t,age_aggregate_y25_54,edu_isced97_6,2014,95.736
ecu,sex_t,age_aggregate_y25_54,edu_isced97_6,2015,93.965
ecu,sex_t,age_aggregate_y25_54,edu_isced97_6,2016,94.35
ecu,sex_t,age_aggregate_y25_54,edu_isced97_6,2017,93.055
ecu,sex_t,age_aggregate_y25_54,edu_isced97_6,2018,93.969
ecu,sex_t,age_aggregate_y25_54,edu_isced97_6,2019,92.421
ecu,sex_t,age_aggregate_y25_54,edu_isced97_6,2021,94.067
ecu,sex_t,age_aggregate_y25_54,edu_isced97_6,2022,94.859
ecu,sex_t,age_aggregate_y25_54,edu_isced97_6,2023,94.526
ecu,sex_t,age_aggregate_y25_54,edu_isced97_6,2024,92.998
ecu,sex_t,age_aggregate_y25_54,edu_isced97_total,2000,72.366
ecu,sex_t,age_aggregate_y25_54,edu_isced97_total,2001,76.879
ecu,sex_t,age_aggregate_y25_54,edu_isced97_total,2003,73.839
ecu,sex_t,age_aggregate_y25_54,edu_isced97_total,2004,76.342
ecu,sex_t,age_aggregate_y25_54,edu_isced97_total,2005,76.799
ecu,sex_t,age_aggregate_y25_54,edu_isced97_total,2006,78.041
ecu,sex_t,age_aggregate_y25_54,edu_isced97_total,2007,77.562
ecu,sex_t,age_aggregate_y25_54,edu_isced97_total,2008,77.406
ecu,sex_t,age_aggregate_y25_54,edu_isced97_total,2009,74.984
ecu,sex_t,age_aggregate_y25_54,edu_isced97_total,2010,75.278
ecu,sex_t,age_aggregate_y25_54,edu_isced97_total,2011,75.543
ecu,sex_t,age_aggregate_y25_54,edu_isced97_total,2012,76.498
ecu,sex_t,age_aggregate_y25_54,edu_isced97_total,2013,76.3
ecu,sex_t,age_aggregate_y25_54,edu_isced97_total,2014,76.069
ecu,sex_t,age_aggregate_y25_54,edu_isced97_total,2015,78.03
ecu,sex_t,age_aggregate_y25_54,edu_isced97_total,2016,79.146
ecu,sex_t,age_aggregate_y25_54,edu_isced97_total,2017,80.044
ecu,sex_t,age_aggregate_y25_54,edu_isced97_total,2018,79.416
ecu,sex_t,age_aggregate_y25_54,edu_isced97_total,2019,78.849
ecu,sex_t,age_aggregate_y25_54,edu_isced97_total,2021,78.095
ecu,sex_t,age_aggregate_y25_54,edu_isced97_total,2022,78.454
ecu,sex_t,age_aggregate_y25_54,edu_isced97_total,2023,77.544
ecu,sex_t,age_aggregate_y25_54,edu_isced97_total,2024,77.465
ecu,sex_t,age_aggregate_y25_54,edu_isced97_unk,2001,58.341
ecu,sex_t,age_aggregate_y25_54,edu_isced97_unk,2007,89.499
ecu,sex_t,age_aggregate_y25_54,edu_isced97_unk,2008,100
ecu,sex_t,age_aggregate_y25_54,edu_isced97_unk,2012,100
ecu,sex_t,age_aggregate_y25_54,edu_isced97_unk,2015,35.999
ecu,sex_t,age_aggregate_y25_54,edu_isced97_unk,2016,73.472
ecu,sex_t,age_aggregate_y25_54,edu_isced97_unk,2017,60.055
ecu,sex_t,age_aggregate_y25_54,edu_isced97_unk,2018,65.565
ecu,sex_t,age_aggregate_y25_54,edu_isced97_unk,2019,65.244
ecu,sex_t,age_aggregate_y25_54,edu_isced97_unk,2021,92.58
ecu,sex_t,age_aggregate_y25_54,edu_isced97_unk,2022,29.341
ecu,sex_t,age_aggregate_y25_54,edu_isced97_unk,2023,82.641
ecu,sex_t,age_aggregate_y25_54,edu_isced97_unk,2024,79.452
ecu,sex_t,age_aggregate_y25_54,edu_isced97_x,2000,67.954
ecu,sex_t,age_aggregate_y25_54,edu_isced97_x,2001,72.983
ecu,sex_t,age_aggregate_y25_54,edu_isced97_x,2003,66.44
ecu,sex_t,age_aggregate_y25_54,edu_isced97_x,2004,69.163
ecu,sex_t,age_aggregate_y25_54,edu_isced97_x,2005,67.535
ecu,sex_t,age_aggregate_y25_54,edu_isced97_x,2006,71.132
ecu,sex_t,age_aggregate_y25_54,edu_isced97_x,2007,64.536
ecu,sex_t,age_aggregate_y25_54,edu_isced97_x,2008,64.034
ecu,sex_t,age_aggregate_y25_54,edu_isced97_x,2009,61.646
ecu,sex_t,age_aggregate_y25_54,edu_isced97_x,2010,62.178
ecu,sex_t,age_aggregate_y25_54,edu_isced97_x,2011,59.234
ecu,sex_t,age_aggregate_y25_54,edu_isced97_x,2012,59.108
ecu,sex_t,age_aggregate_y25_54,edu_isced97_x,2013,59.462
ecu,sex_t,age_aggregate_y25_54,edu_isced97_x,2014,59.681
ecu,sex_t,age_aggregate_y25_54,edu_isced97_x,2015,63.423
ecu,sex_t,age_aggregate_y25_54,edu_isced97_x,2016,63.304
ecu,sex_t,age_aggregate_y25_54,edu_isced97_x,2017,64.751
ecu,sex_t,age_aggregate_y25_54,edu_isced97_x,2018,66.341
ecu,sex_t,age_aggregate_y25_54,edu_isced97_x,2019,67.196
ecu,sex_t,age_aggregate_y25_54,edu_isced97_x,2021,59.36
ecu,sex_t,age_aggregate_y25_54,edu_isced97_x,2022,53.323
ecu,sex_t,age_aggregate_y25_54,edu_isced97_x,2023,58.848
ecu,sex_t,age_aggregate_y25_54,edu_isced97_x,2024,56.644
ecu,sex_t,age_aggregate_y55_64,edu_aggregate_adv,2000,71.112
ecu,sex_t,age_aggregate_y55_64,edu_aggregate_adv,2001,83.763
ecu,sex_t,age_aggregate_y55_64,edu_aggregate_adv,2003,81.769
ecu,sex_t,age_aggregate_y55_64,edu_aggregate_adv,2004,84.312
ecu,sex_t,age_aggregate_y55_64,edu_aggregate_adv,2005,83.899
ecu,sex_t,age_aggregate_y55_64,edu_aggregate_adv,2006,88.682
ecu,sex_t,age_aggregate_y55_64,edu_aggregate_adv,2007,81.031
ecu,sex_t,age_aggregate_y55_64,edu_aggregate_adv,2008,85.665
ecu,sex_t,age_aggregate_y55_64,edu_aggregate_adv,2009,84.002
ecu,sex_t,age_aggregate_y55_64,edu_aggregate_adv,2010,80.517
ecu,sex_t,age_aggregate_y55_64,edu_aggregate_adv,2011,82.561
ecu,sex_t,age_aggregate_y55_64,edu_aggregate_adv,2012,81.804
ecu,sex_t,age_aggregate_y55_64,edu_aggregate_adv,2013,80.597
ecu,sex_t,age_aggregate_y55_64,edu_aggregate_adv,2014,75.404
ecu,sex_t,age_aggregate_y55_64,edu_aggregate_adv,2015,76.156
ecu,sex_t,age_aggregate_y55_64,edu_aggregate_adv,2016,76.323
ecu,sex_t,age_aggregate_y55_64,edu_aggregate_adv,2017,75.349
ecu,sex_t,age_aggregate_y55_64,edu_aggregate_adv,2018,74.957
ecu,sex_t,age_aggregate_y55_64,edu_aggregate_adv,2019,75.27
ecu,sex_t,age_aggregate_y55_64,edu_aggregate_adv,2021,68.425
ecu,sex_t,age_aggregate_y55_64,edu_aggregate_adv,2022,71.503
ecu,sex_t,age_aggregate_y55_64,edu_aggregate_adv,2023,72.926
ecu,sex_t,age_aggregate_y55_64,edu_aggregate_adv,2024,70.344
ecu,sex_t,age_aggregate_y55_64,edu_aggregate_bas,2000,62.139
ecu,sex_t,age_aggregate_y55_64,edu_aggregate_bas,2001,68.758
ecu,sex_t,age_aggregate_y55_64,edu_aggregate_bas,2003,61.16
ecu,sex_t,age_aggregate_y55_64,edu_aggregate_bas,2004,64.655
ecu,sex_t,age_aggregate_y55_64,edu_aggregate_bas,2005,66.303
ecu,sex_t,age_aggregate_y55_64,edu_aggregate_bas,2006,67.962
ecu,sex_t,age_aggregate_y55_64,edu_aggregate_bas,2007,69.759
ecu,sex_t,age_aggregate_y55_64,edu_aggregate_bas,2008,68.343
ecu,sex_t,age_aggregate_y55_64,edu_aggregate_bas,2009,68.165
ecu,sex_t,age_aggregate_y55_64,edu_aggregate_bas,2010,66.622
ecu,sex_t,age_aggregate_y55_64,edu_aggregate_bas,2011,65.228
ecu,sex_t,age_aggregate_y55_64,edu_aggregate_bas,2012,65
ecu,sex_t,age_aggregate_y55_64,edu_aggregate_bas,2013,67.851
ecu,sex_t,age_aggregate_y55_64,edu_aggregate_bas,2014,66.985
ecu,sex_t,age_aggregate_y55_64,edu_aggregate_bas,2015,69.664
ecu,sex_t,age_aggregate_y55_64,edu_aggregate_bas,2016,72.006
ecu,sex_t,age_aggregate_y55_64,edu_aggregate_bas,2017,73.658
ecu,sex_t,age_aggregate_y55_64,edu_aggregate_bas,2018,72.452
ecu,sex_t,age_aggregate_y55_64,edu_aggregate_bas,2019,72.542
ecu,sex_t,age_aggregate_y55_64,edu_aggregate_bas,2021,69.907
ecu,sex_t,age_aggregate_y55_64,edu_aggregate_bas,2022,72.147
ecu,sex_t,age_aggregate_y55_64,edu_aggregate_bas,2023,68.968
ecu,sex_t,age_aggregate_y55_64,edu_aggregate_bas,2024,70.961
ecu,sex_t,age_aggregate_y55_64,edu_aggregate_int,2000,55.769
ecu,sex_t,age_aggregate_y55_64,edu_aggregate_int,2001,54.833
ecu,sex_t,age_aggregate_y55_64,edu_aggregate_int,2003,55.953
ecu,sex_t,age_aggregate_y55_64,edu_aggregate_int,2004,79.684
ecu,sex_t,age_aggregate_y55_64,edu_aggregate_int,2005,72.033
ecu,sex_t,age_aggregate_y55_64,edu_aggregate_int,2006,73.621
ecu,sex_t,age_aggregate_y55_64,edu_aggregate_int,2007,69.713
ecu,sex_t,age_aggregate_y55_64,edu_aggregate_int,2008,65.128
ecu,sex_t,age_aggregate_y55_64,edu_aggregate_int,2009,66.153
ecu,sex_t,age_aggregate_y55_64,edu_aggregate_int,2010,59.677
ecu,sex_t,age_aggregate_y55_64,edu_aggregate_int,2011,62.28
ecu,sex_t,age_aggregate_y55_64,edu_aggregate_int,2012,61.194
ecu,sex_t,age_aggregate_y55_64,edu_aggregate_int,2013,63.478
ecu,sex_t,age_aggregate_y55_64,edu_aggregate_int,2014,63.137
ecu,sex_t,age_aggregate_y55_64,edu_aggregate_int,2015,63.973
ecu,sex_t,age_aggregate_y55_64,edu_aggregate_int,2016,64.331
ecu,sex_t,age_aggregate_y55_64,edu_aggregate_int,2017,67.146
ecu,sex_t,age_aggregate_y55_64,edu_aggregate_int,2018,66.196
ecu,sex_t,age_aggregate_y55_64,edu_aggregate_int,2019,64.603
ecu,sex_t,age_aggregate_y55_64,edu_aggregate_int,2021,63.605
ecu,sex_t,age_aggregate_y55_64,edu_aggregate_int,2022,66.963
ecu,sex_t,age_aggregate_y55_64,edu_aggregate_int,2023,66.568
ecu,sex_t,age_aggregate_y55_64,edu_aggregate_int,2024,66.262
ecu,sex_t,age_aggregate_y55_64,edu_aggregate_ltb,2000,61.415
ecu,sex_t,age_aggregate_y55_64,edu_aggregate_ltb,2001,72.33
ecu,sex_t,age_aggregate_y55_64,edu_aggregate_ltb,2003,62.147
ecu,sex_t,age_aggregate_y55_64,edu_aggregate_ltb,2004,67.859
ecu,sex_t,age_aggregate_y55_64,edu_aggregate_ltb,2005,68.974
ecu,sex_t,age_aggregate_y55_64,edu_aggregate_ltb,2006,66.127
ecu,sex_t,age_aggregate_y55_64,edu_aggregate_ltb,2007,65.363
ecu,sex_t,age_aggregate_y55_64,edu_aggregate_ltb,2008,64.849
ecu,sex_t,age_aggregate_y55_64,edu_aggregate_ltb,2009,66.948
ecu,sex_t,age_aggregate_y55_64,edu_aggregate_ltb,2010,65.072
ecu,sex_t,age_aggregate_y55_64,edu_aggregate_ltb,2011,65.147
ecu,sex_t,age_aggregate_y55_64,edu_aggregate_ltb,2012,65.381
ecu,sex_t,age_aggregate_y55_64,edu_aggregate_ltb,2013,66.259
ecu,sex_t,age_aggregate_y55_64,edu_aggregate_ltb,2014,64.873
ecu,sex_t,age_aggregate_y55_64,edu_aggregate_ltb,2015,70.067
ecu,sex_t,age_aggregate_y55_64,edu_aggregate_ltb,2016,71.377
ecu,sex_t,age_aggregate_y55_64,edu_aggregate_ltb,2017,74.789
ecu,sex_t,age_aggregate_y55_64,edu_aggregate_ltb,2018,72.988
ecu,sex_t,age_aggregate_y55_64,edu_aggregate_ltb,2019,73.203
ecu,sex_t,age_aggregate_y55_64,edu_aggregate_ltb,2021,67.249
ecu,sex_t,age_aggregate_y55_64,edu_aggregate_ltb,2022,68.588
ecu,sex_t,age_aggregate_y55_64,edu_aggregate_ltb,2023,71.555
ecu,sex_t,age_aggregate_y55_64,edu_aggregate_ltb,2024,66.578
ecu,sex_t,age_aggregate_y55_64,edu_aggregate_total,2000,61.671
ecu,sex_t,age_aggregate_y55_64,edu_aggregate_total,2001,68.697
ecu,sex_t,age_aggregate_y55_64,edu_aggregate_total,2003,62.846
ecu,sex_t,age_aggregate_y55_64,edu_aggregate_total,2004,67.281
ecu,sex_t,age_aggregate_y55_64,edu_aggregate_total,2005,68.784
ecu,sex_t,age_aggregate_y55_64,edu_aggregate_total,2006,69.74
ecu,sex_t,age_aggregate_y55_64,edu_aggregate_total,2007,69.368
ecu,sex_t,age_aggregate_y55_64,edu_aggregate_total,2008,68.689
ecu,sex_t,age_aggregate_y55_64,edu_aggregate_total,2009,69.5
ecu,sex_t,age_aggregate_y55_64,edu_aggregate_total,2010,67.144
ecu,sex_t,age_aggregate_y55_64,edu_aggregate_total,2011,66.973
ecu,sex_t,age_aggregate_y55_64,edu_aggregate_total,2012,66.788
ecu,sex_t,age_aggregate_y55_64,edu_aggregate_total,2013,68.419
ecu,sex_t,age_aggregate_y55_64,edu_aggregate_total,2014,66.935
ecu,sex_t,age_aggregate_y55_64,edu_aggregate_total,2015,69.731
ecu,sex_t,age_aggregate_y55_64,edu_aggregate_total,2016,71.188
ecu,sex_t,age_aggregate_y55_64,edu_aggregate_total,2017,73.067
ecu,sex_t,age_aggregate_y55_64,edu_aggregate_total,2018,71.793
ecu,sex_t,age_aggregate_y55_64,edu_aggregate_total,2019,71.561
ecu,sex_t,age_aggregate_y55_64,edu_aggregate_total,2021,67.88
ecu,sex_t,age_aggregate_y55_64,edu_aggregate_total,2022,70.24
ecu,sex_t,age_aggregate_y55_64,edu_aggregate_total,2023,69.513
ecu,sex_t,age_aggregate_y55_64,edu_aggregate_total,2024,68.943
ecu,sex_t,age_aggregate_y55_64,edu_aggregate_x,2015,52.494
ecu,sex_t,age_aggregate_y55_64,edu_aggregate_x,2016,81.374
ecu,sex_t,age_aggregate_y55_64,edu_aggregate_x,2017,81.532
ecu,sex_t,age_aggregate_y55_64,edu_aggregate_x,2018,81.088
ecu,sex_t,age_aggregate_y55_64,edu_aggregate_x,2019,76.628
ecu,sex_t,age_aggregate_y55_64,edu_aggregate_x,2021,93.781
ecu,sex_t,age_aggregate_y55_64,edu_aggregate_x,2022,84.98
ecu,sex_t,age_aggregate_y55_64,edu_aggregate_x,2023,88.435
ecu,sex_t,age_aggregate_y55_64,edu_aggregate_x,2024,98.594
ecu,sex_t,age_aggregate_y55_64,edu_isced97_0,2000,56.725
ecu,sex_t,age_aggregate_y55_64,edu_isced97_0,2001,72.004
ecu,sex_t,age_aggregate_y55_64,edu_isced97_0,2003,62.827
ecu,sex_t,age_aggregate_y55_64,edu_isced97_0,2004,66.267
ecu,sex_t,age_aggregate_y55_64,edu_isced97_0,2005,73.261
ecu,sex_t,age_aggregate_y55_64,edu_isced97_0,2006,69.269
ecu,sex_t,age_aggregate_y55_64,edu_isced97_0,2007,67.196
ecu,sex_t,age_aggregate_y55_64,edu_isced97_0,2008,65.522
ecu,sex_t,age_aggregate_y55_64,edu_isced97_0,2009,67.127
ecu,sex_t,age_aggregate_y55_64,edu_isced97_0,2010,67.274
ecu,sex_t,age_aggregate_y55_64,edu_isced97_0,2011,66.37
ecu,sex_t,age_aggregate_y55_64,edu_isced97_0,2012,66.131
ecu,sex_t,age_aggregate_y55_64,edu_isced97_0,2013,67.823
ecu,sex_t,age_aggregate_y55_64,edu_isced97_0,2014,65.335
ecu,sex_t,age_aggregate_y55_64,edu_isced97_0,2015,71.676
ecu,sex_t,age_aggregate_y55_64,edu_isced97_0,2016,72.745
ecu,sex_t,age_aggregate_y55_64,edu_isced97_0,2017,75.32
ecu,sex_t,age_aggregate_y55_64,edu_isced97_0,2018,72.798
ecu,sex_t,age_aggregate_y55_64,edu_isced97_0,2019,73.689
ecu,sex_t,age_aggregate_y55_64,edu_isced97_0,2021,70.161
ecu,sex_t,age_aggregate_y55_64,edu_isced97_0,2022,70.31
ecu,sex_t,age_aggregate_y55_64,edu_isced97_0,2023,72.384
ecu,sex_t,age_aggregate_y55_64,edu_isced97_0,2024,66.503
ecu,sex_t,age_aggregate_y55_64,edu_isced97_1,2000,63.943
ecu,sex_t,age_aggregate_y55_64,edu_isced97_1,2001,73.604
ecu,sex_t,age_aggregate_y55_64,edu_isced97_1,2003,62.904
ecu,sex_t,age_aggregate_y55_64,edu_isced97_1,2004,66.437
ecu,sex_t,age_aggregate_y55_64,edu_isced97_1,2005,66.277
ecu,sex_t,age_aggregate_y55_64,edu_isced97_1,2006,69.067
ecu,sex_t,age_aggregate_y55_64,edu_isced97_1,2007,70.446
ecu,sex_t,age_aggregate_y55_64,edu_isced97_1,2008,68.928
ecu,sex_t,age_aggregate_y55_64,edu_isced97_1,2009,69.245
ecu,sex_t,age_aggregate_y55_64,edu_isced97_1,2010,67.441
ecu,sex_t,age_aggregate_y55_64,edu_isced97_1,2011,65.467
ecu,sex_t,age_aggregate_y55_64,edu_isced97_1,2012,65.314
ecu,sex_t,age_aggregate_y55_64,edu_isced97_1,2013,68.176
ecu,sex_t,age_aggregate_y55_64,edu_isced97_1,2014,67.35
ecu,sex_t,age_aggregate_y55_64,edu_isced97_1,2015,69.68
ecu,sex_t,age_aggregate_y55_64,edu_isced97_1,2016,72.83
ecu,sex_t,age_aggregate_y55_64,edu_isced97_1,2017,74.058
ecu,sex_t,age_aggregate_y55_64,edu_isced97_1,2018,73.408
ecu,sex_t,age_aggregate_y55_64,edu_isced97_1,2019,72.757
ecu,sex_t,age_aggregate_y55_64,edu_isced97_1,2021,70.703
ecu,sex_t,age_aggregate_y55_64,edu_isced97_1,2022,72.954
ecu,sex_t,age_aggregate_y55_64,edu_isced97_1,2023,69.662
ecu,sex_t,age_aggregate_y55_64,edu_isced97_1,2024,71.565
ecu,sex_t,age_aggregate_y55_64,edu_isced97_2,2000,61.243
ecu,sex_t,age_aggregate_y55_64,edu_isced97_2,2001,66.081
ecu,sex_t,age_aggregate_y55_64,edu_isced97_2,2003,55.216
ecu,sex_t,age_aggregate_y55_64,edu_isced97_2,2004,58.368
ecu,sex_t,age_aggregate_y55_64,edu_isced97_2,2005,66.398
ecu,sex_t,age_aggregate_y55_64,edu_isced97_2,2006,64.6
ecu,sex_t,age_aggregate_y55_64,edu_isced97_2,2007,66.478
ecu,sex_t,age_aggregate_y55_64,edu_isced97_2,2008,65.536
ecu,sex_t,age_aggregate_y55_64,edu_isced97_2,2009,62.382
ecu,sex_t,age_aggregate_y55_64,edu_isced97_2,2010,62.855
ecu,sex_t,age_aggregate_y55_64,edu_isced97_2,2011,64.134
ecu,sex_t,age_aggregate_y55_64,edu_isced97_2,2012,63.471
ecu,sex_t,age_aggregate_y55_64,edu_isced97_2,2013,66.485
ecu,sex_t,age_aggregate_y55_64,edu_isced97_2,2014,65.126
ecu,sex_t,age_aggregate_y55_64,edu_isced97_2,2015,69.59
ecu,sex_t,age_aggregate_y55_64,edu_isced97_2,2016,68.49
ecu,sex_t,age_aggregate_y55_64,edu_isced97_2,2017,72.029
ecu,sex_t,age_aggregate_y55_64,edu_isced97_2,2018,68.208
ecu,sex_t,age_aggregate_y55_64,edu_isced97_2,2019,71.624
ecu,sex_t,age_aggregate_y55_64,edu_isced97_2,2021,66.573
ecu,sex_t,age_aggregate_y55_64,edu_isced97_2,2022,68.917
ecu,sex_t,age_aggregate_y55_64,edu_isced97_2,2023,66.22
ecu,sex_t,age_aggregate_y55_64,edu_isced97_2,2024,68.52
ecu,sex_t,age_aggregate_y55_64,edu_isced97_3,2000,55.769
ecu,sex_t,age_aggregate_y55_64,edu_isced97_3,2001,54.833
ecu,sex_t,age_aggregate_y55_64,edu_isced97_3,2003,57.946
ecu,sex_t,age_aggregate_y55_64,edu_isced97_3,2004,79.188
ecu,sex_t,age_aggregate_y55_64,edu_isced97_3,2005,74.016
ecu,sex_t,age_aggregate_y55_64,edu_isced97_3,2006,72.908
ecu,sex_t,age_aggregate_y55_64,edu_isced97_3,2007,69.269
ecu,sex_t,age_aggregate_y55_64,edu_isced97_3,2008,65.049
ecu,sex_t,age_aggregate_y55_64,edu_isced97_3,2009,66.198
ecu,sex_t,age_aggregate_y55_64,edu_isced97_3,2010,59.36
ecu,sex_t,age_aggregate_y55_64,edu_isced97_3,2011,61.948
ecu,sex_t,age_aggregate_y55_64,edu_isced97_3,2012,61.273
ecu,sex_t,age_aggregate_y55_64,edu_isced97_3,2013,63.128
ecu,sex_t,age_aggregate_y55_64,edu_isced97_3,2014,63.002
ecu,sex_t,age_aggregate_y55_64,edu_isced97_3,2015,63.715
ecu,sex_t,age_aggregate_y55_64,edu_isced97_3,2016,63.595
ecu,sex_t,age_aggregate_y55_64,edu_isced97_3,2017,66.583
ecu,sex_t,age_aggregate_y55_64,edu_isced97_3,2018,65.787
ecu,sex_t,age_aggregate_y55_64,edu_isced97_3,2019,64.328
ecu,sex_t,age_aggregate_y55_64,edu_isced97_3,2021,63.33
ecu,sex_t,age_aggregate_y55_64,edu_isced97_3,2022,66.879
ecu,sex_t,age_aggregate_y55_64,edu_isced97_3,2023,66.528
ecu,sex_t,age_aggregate_y55_64,edu_isced97_3,2024,66.379
ecu,sex_t,age_aggregate_y55_64,edu_isced97_4,2003,51.412
ecu,sex_t,age_aggregate_y55_64,edu_isced97_4,2004,81.85
ecu,sex_t,age_aggregate_y55_64,edu_isced97_4,2005,69.24
ecu,sex_t,age_aggregate_y55_64,edu_isced97_4,2006,75.977
ecu,sex_t,age_aggregate_y55_64,edu_isced97_4,2007,96.619
ecu,sex_t,age_aggregate_y55_64,edu_isced97_4,2008,69.315
ecu,sex_t,age_aggregate_y55_64,edu_isced97_4,2009,62.489
ecu,sex_t,age_aggregate_y55_64,edu_isced97_4,2010,76.185
ecu,sex_t,age_aggregate_y55_64,edu_isced97_4,2011,89.403
ecu,sex_t,age_aggregate_y55_64,edu_isced97_4,2012,58.618
ecu,sex_t,age_aggregate_y55_64,edu_isced97_4,2013,80.349
ecu,sex_t,age_aggregate_y55_64,edu_isced97_4,2014,68.225
ecu,sex_t,age_aggregate_y55_64,edu_isced97_4,2015,72.006
ecu,sex_t,age_aggregate_y55_64,edu_isced97_4,2016,82.771
ecu,sex_t,age_aggregate_y55_64,edu_isced97_4,2017,79.533
ecu,sex_t,age_aggregate_y55_64,edu_isced97_4,2018,78.298
ecu,sex_t,age_aggregate_y55_64,edu_isced97_4,2019,74.089
ecu,sex_t,age_aggregate_y55_64,edu_isced97_4,2021,70.843
ecu,sex_t,age_aggregate_y55_64,edu_isced97_4,2022,69.129
ecu,sex_t,age_aggregate_y55_64,edu_isced97_4,2023,67.482
ecu,sex_t,age_aggregate_y55_64,edu_isced97_4,2024,63.861
ecu,sex_t,age_aggregate_y55_64,edu_isced97_5,2000,71.112
ecu,sex_t,age_aggregate_y55_64,edu_isced97_5,2001,83.656
ecu,sex_t,age_aggregate_y55_64,edu_isced97_5,2003,80.457
ecu,sex_t,age_aggregate_y55_64,edu_isced97_5,2004,83.011
ecu,sex_t,age_aggregate_y55_64,edu_isced97_5,2005,83.222
ecu,sex_t,age_aggregate_y55_64,edu_isced97_5,2006,88.424
ecu,sex_t,age_aggregate_y55_64,edu_isced97_5,2007,78.82
ecu,sex_t,age_aggregate_y55_64,edu_isced97_5,2008,84.537
ecu,sex_t,age_aggregate_y55_64,edu_isced97_5,2009,82.6
ecu,sex_t,age_aggregate_y55_64,edu_isced97_5,2010,78.859
ecu,sex_t,age_aggregate_y55_64,edu_isced97_5,2011,81.56
ecu,sex_t,age_aggregate_y55_64,edu_isced97_5,2012,81.003
ecu,sex_t,age_aggregate_y55_64,edu_isced97_5,2013,79.26
ecu,sex_t,age_aggregate_y55_64,edu_isced97_5,2014,74.155
ecu,sex_t,age_aggregate_y55_64,edu_isced97_5,2015,75.041
ecu,sex_t,age_aggregate_y55_64,edu_isced97_5,2016,74.513
ecu,sex_t,age_aggregate_y55_64,edu_isced97_5,2017,74.51
ecu,sex_t,age_aggregate_y55_64,edu_isced97_5,2018,74.148
ecu,sex_t,age_aggregate_y55_64,edu_isced97_5,2019,73.869
ecu,sex_t,age_aggregate_y55_64,edu_isced97_5,2021,67.429
ecu,sex_t,age_aggregate_y55_64,edu_isced97_5,2022,71.288
ecu,sex_t,age_aggregate_y55_64,edu_isced97_5,2023,71.682
ecu,sex_t,age_aggregate_y55_64,edu_isced97_5,2024,68.482
ecu,sex_t,age_aggregate_y55_64,edu_isced97_6,2001,85.776
ecu,sex_t,age_aggregate_y55_64,edu_isced97_6,2003,95.954
ecu,sex_t,age_aggregate_y55_64,edu_isced97_6,2004,97.22
ecu,sex_t,age_aggregate_y55_64,edu_isced97_6,2005,92.957
ecu,sex_t,age_aggregate_y55_64,edu_isced97_6,2006,91.316
ecu,sex_t,age_aggregate_y55_64,edu_isced97_6,2007,94.886
ecu,sex_t,age_aggregate_y55_64,edu_isced97_6,2008,93.49
ecu,sex_t,age_aggregate_y55_64,edu_isced97_6,2009,94.508
ecu,sex_t,age_aggregate_y55_64,edu_isced97_6,2010,93.754
ecu,sex_t,age_aggregate_y55_64,edu_isced97_6,2011,91.2
ecu,sex_t,age_aggregate_y55_64,edu_isced97_6,2012,89.358
ecu,sex_t,age_aggregate_y55_64,edu_isced97_6,2013,93.526
ecu,sex_t,age_aggregate_y55_64,edu_isced97_6,2014,87.068
ecu,sex_t,age_aggregate_y55_64,edu_isced97_6,2015,85.01
ecu,sex_t,age_aggregate_y55_64,edu_isced97_6,2016,87.692
ecu,sex_t,age_aggregate_y55_64,edu_isced97_6,2017,80.263
ecu,sex_t,age_aggregate_y55_64,edu_isced97_6,2018,80.525
ecu,sex_t,age_aggregate_y55_64,edu_isced97_6,2019,83.694
ecu,sex_t,age_aggregate_y55_64,edu_isced97_6,2021,74.3
ecu,sex_t,age_aggregate_y55_64,edu_isced97_6,2022,72.632
ecu,sex_t,age_aggregate_y55_64,edu_isced97_6,2023,80.079
ecu,sex_t,age_aggregate_y55_64,edu_isced97_6,2024,80.15
ecu,sex_t,age_aggregate_y55_64,edu_isced97_total,2000,61.671
ecu,sex_t,age_aggregate_y55_64,edu_isced97_total,2001,68.697
ecu,sex_t,age_aggregate_y55_64,edu_isced97_total,2003,62.846
ecu,sex_t,age_aggregate_y55_64,edu_isced97_total,2004,67.281
ecu,sex_t,age_aggregate_y55_64,edu_isced97_total,2005,68.784
ecu,sex_t,age_aggregate_y55_64,edu_isced97_total,2006,69.74
ecu,sex_t,age_aggregate_y55_64,edu_isced97_total,2007,69.368
ecu,sex_t,age_aggregate_y55_64,edu_isced97_total,2008,68.689
ecu,sex_t,age_aggregate_y55_64,edu_isced97_total,2009,69.5
ecu,sex_t,age_aggregate_y55_64,edu_isced97_total,2010,67.144
ecu,sex_t,age_aggregate_y55_64,edu_isced97_total,2011,66.973
ecu,sex_t,age_aggregate_y55_64,edu_isced97_total,2012,66.788
ecu,sex_t,age_aggregate_y55_64,edu_isced97_total,2013,68.419
ecu,sex_t,age_aggregate_y55_64,edu_isced97_total,2014,66.935
ecu,sex_t,age_aggregate_y55_64,edu_isced97_total,2015,69.731
ecu,sex_t,age_aggregate_y55_64,edu_isced97_total,2016,71.188
ecu,sex_t,age_aggregate_y55_64,edu_isced97_total,2017,73.067
ecu,sex_t,age_aggregate_y55_64,edu_isced97_total,2018,71.793
ecu,sex_t,age_aggregate_y55_64,edu_isced97_total,2019,71.561
ecu,sex_t,age_aggregate_y55_64,edu_isced97_total,2021,67.88
ecu,sex_t,age_aggregate_y55_64,edu_isced97_total,2022,70.24
ecu,sex_t,age_aggregate_y55_64,edu_isced97_total,2023,69.513
ecu,sex_t,age_aggregate_y55_64,edu_isced97_total,2024,68.943
ecu,sex_t,age_aggregate_y55_64,edu_isced97_unk,2015,52.494
ecu,sex_t,age_aggregate_y55_64,edu_isced97_unk,2016,81.374
ecu,sex_t,age_aggregate_y55_64,edu_isced97_unk,2017,81.532
ecu,sex_t,age_aggregate_y55_64,edu_isced97_unk,2018,81.088
ecu,sex_t,age_aggregate_y55_64,edu_isced97_unk,2019,76.628
ecu,sex_t,age_aggregate_y55_64,edu_isced97_unk,2021,93.781
ecu,sex_t,age_aggregate_y55_64,edu_isced97_unk,2022,84.98
ecu,sex_t,age_aggregate_y55_64,edu_isced97_unk,2023,88.435
ecu,sex_t,age_aggregate_y55_64,edu_isced97_unk,2024,98.594
ecu,sex_t,age_aggregate_y55_64,edu_isced97_x,2000,63.325
ecu,sex_t,age_aggregate_y55_64,edu_isced97_x,2001,72.552
ecu,sex_t,age_aggregate_y55_64,edu_isced97_x,2003,61.749
ecu,sex_t,age_aggregate_y55_64,edu_isced97_x,2004,68.879
ecu,sex_t,age_aggregate_y55_64,edu_isced97_x,2005,66.749
ecu,sex_t,age_aggregate_y55_64,edu_isced97_x,2006,63.98
ecu,sex_t,age_aggregate_y55_64,edu_isced97_x,2007,61.809
ecu,sex_t,age_aggregate_y55_64,edu_isced97_x,2008,63.449
ecu,sex_t,age_aggregate_y55_64,edu_isced97_x,2009,66.565
ecu,sex_t,age_aggregate_y55_64,edu_isced97_x,2010,60.425
ecu,sex_t,age_aggregate_y55_64,edu_isced97_x,2011,62.783
ecu,sex_t,age_aggregate_y55_64,edu_isced97_x,2012,63.938
ecu,sex_t,age_aggregate_y55_64,edu_isced97_x,2013,63.047
ecu,sex_t,age_aggregate_y55_64,edu_isced97_x,2014,63.862
ecu,sex_t,age_aggregate_y55_64,edu_isced97_x,2015,66.401
ecu,sex_t,age_aggregate_y55_64,edu_isced97_x,2016,68.074
ecu,sex_t,age_aggregate_y55_64,edu_isced97_x,2017,73.646
ecu,sex_t,age_aggregate_y55_64,edu_isced97_x,2018,73.349
ecu,sex_t,age_aggregate_y55_64,edu_isced97_x,2019,72.207
ecu,sex_t,age_aggregate_y55_64,edu_isced97_x,2021,60.022
ecu,sex_t,age_aggregate_y55_64,edu_isced97_x,2022,64.345
ecu,sex_t,age_aggregate_y55_64,edu_isced97_x,2023,69.742
ecu,sex_t,age_aggregate_y55_64,edu_isced97_x,2024,66.74
ecu,sex_t,age_aggregate_yge65,edu_aggregate_adv,2000,35.32
ecu,sex_t,age_aggregate_yge65,edu_aggregate_adv,2001,38.067
ecu,sex_t,age_aggregate_yge65,edu_aggregate_adv,2003,49.975
ecu,sex_t,age_aggregate_yge65,edu_aggregate_adv,2004,51.477
ecu,sex_t,age_aggregate_yge65,edu_aggregate_adv,2005,47.08
ecu,sex_t,age_aggregate_yge65,edu_aggregate_adv,2006,47.925
ecu,sex_t,age_aggregate_yge65,edu_aggregate_adv,2007,43.779
ecu,sex_t,age_aggregate_yge65,edu_aggregate_adv,2008,52.073
ecu,sex_t,age_aggregate_yge65,edu_aggregate_adv,2009,51.45
ecu,sex_t,age_aggregate_yge65,edu_aggregate_adv,2010,45.005
ecu,sex_t,age_aggregate_yge65,edu_aggregate_adv,2011,35.714
ecu,sex_t,age_aggregate_yge65,edu_aggregate_adv,2012,36.793
ecu,sex_t,age_aggregate_yge65,edu_aggregate_adv,2013,34.949
ecu,sex_t,age_aggregate_yge65,edu_aggregate_adv,2014,34.379
ecu,sex_t,age_aggregate_yge65,edu_aggregate_adv,2015,34.515
ecu,sex_t,age_aggregate_yge65,edu_aggregate_adv,2016,30.318
ecu,sex_t,age_aggregate_yge65,edu_aggregate_adv,2017,31.905
ecu,sex_t,age_aggregate_yge65,edu_aggregate_adv,2018,31.946
ecu,sex_t,age_aggregate_yge65,edu_aggregate_adv,2019,31.059
ecu,sex_t,age_aggregate_yge65,edu_aggregate_adv,2021,27.408
ecu,sex_t,age_aggregate_yge65,edu_aggregate_adv,2022,27.98
ecu,sex_t,age_aggregate_yge65,edu_aggregate_adv,2023,26.722
ecu,sex_t,age_aggregate_yge65,edu_aggregate_adv,2024,31.834
ecu,sex_t,age_aggregate_yge65,edu_aggregate_bas,2000,38.436
ecu,sex_t,age_aggregate_yge65,edu_aggregate_bas,2001,41.984
ecu,sex_t,age_aggregate_yge65,edu_aggregate_bas,2003,36.38
ecu,sex_t,age_aggregate_yge65,edu_aggregate_bas,2004,39.392
ecu,sex_t,age_aggregate_yge65,edu_aggregate_bas,2005,39.983
ecu,sex_t,age_aggregate_yge65,edu_aggregate_bas,2006,41.09
ecu,sex_t,age_aggregate_yge65,edu_aggregate_bas,2007,38.538
ecu,sex_t,age_aggregate_yge65,edu_aggregate_bas,2008,38.914
ecu,sex_t,age_aggregate_yge65,edu_aggregate_bas,2009,36.517
ecu,sex_t,age_aggregate_yge65,edu_aggregate_bas,2010,35.329
ecu,sex_t,age_aggregate_yge65,edu_aggregate_bas,2011,34.531
ecu,sex_t,age_aggregate_yge65,edu_aggregate_bas,2012,36.51
ecu,sex_t,age_aggregate_yge65,edu_aggregate_bas,2013,36.766
ecu,sex_t,age_aggregate_yge65,edu_aggregate_bas,2014,37.004
ecu,sex_t,age_aggregate_yge65,edu_aggregate_bas,2015,39.746
ecu,sex_t,age_aggregate_yge65,edu_aggregate_bas,2016,41.882
ecu,sex_t,age_aggregate_yge65,edu_aggregate_bas,2017,43.096
ecu,sex_t,age_aggregate_yge65,edu_aggregate_bas,2018,41.34
ecu,sex_t,age_aggregate_yge65,edu_aggregate_bas,2019,40.952
ecu,sex_t,age_aggregate_yge65,edu_aggregate_bas,2021,39.985
ecu,sex_t,age_aggregate_yge65,edu_aggregate_bas,2022,41.306
ecu,sex_t,age_aggregate_yge65,edu_aggregate_bas,2023,38.616
ecu,sex_t,age_aggregate_yge65,edu_aggregate_bas,2024,38.935
ecu,sex_t,age_aggregate_yge65,edu_aggregate_int,2000,31.584
ecu,sex_t,age_aggregate_yge65,edu_aggregate_int,2001,35.303
ecu,sex_t,age_aggregate_yge65,edu_aggregate_int,2003,37.235
ecu,sex_t,age_aggregate_yge65,edu_aggregate_int,2004,30.856
ecu,sex_t,age_aggregate_yge65,edu_aggregate_int,2005,51.949
ecu,sex_t,age_aggregate_yge65,edu_aggregate_int,2006,45.583
ecu,sex_t,age_aggregate_yge65,edu_aggregate_int,2007,23.043
ecu,sex_t,age_aggregate_yge65,edu_aggregate_int,2008,27.508
ecu,sex_t,age_aggregate_yge65,edu_aggregate_int,2009,27.794
ecu,sex_t,age_aggregate_yge65,edu_aggregate_int,2010,25.453
ecu,sex_t,age_aggregate_yge65,edu_aggregate_int,2011,25.779
ecu,sex_t,age_aggregate_yge65,edu_aggregate_int,2012,24.615
ecu,sex_t,age_aggregate_yge65,edu_aggregate_int,2013,22.872
ecu,sex_t,age_aggregate_yge65,edu_aggregate_int,2014,25.498
ecu,sex_t,age_aggregate_yge65,edu_aggregate_int,2015,25.901
ecu,sex_t,age_aggregate_yge65,edu_aggregate_int,2016,27.045
ecu,sex_t,age_aggregate_yge65,edu_aggregate_int,2017,27.661
ecu,sex_t,age_aggregate_yge65,edu_aggregate_int,2018,27.038
ecu,sex_t,age_aggregate_yge65,edu_aggregate_int,2019,25.892
ecu,sex_t,age_aggregate_yge65,edu_aggregate_int,2021,24.905
ecu,sex_t,age_aggregate_yge65,edu_aggregate_int,2022,27.927
ecu,sex_t,age_aggregate_yge65,edu_aggregate_int,2023,27.542
ecu,sex_t,age_aggregate_yge65,edu_aggregate_int,2024,27.549
ecu,sex_t,age_aggregate_yge65,edu_aggregate_ltb,2000,39.202
ecu,sex_t,age_aggregate_yge65,edu_aggregate_ltb,2001,46.913
ecu,sex_t,age_aggregate_yge65,edu_aggregate_ltb,2003,42.075
ecu,sex_t,age_aggregate_yge65,edu_aggregate_ltb,2004,45.025
ecu,sex_t,age_aggregate_yge65,edu_aggregate_ltb,2005,45.404
ecu,sex_t,age_aggregate_yge65,edu_aggregate_ltb,2006,45.983
ecu,sex_t,age_aggregate_yge65,edu_aggregate_ltb,2007,45.36
ecu,sex_t,age_aggregate_yge65,edu_aggregate_ltb,2008,43.156
ecu,sex_t,age_aggregate_yge65,edu_aggregate_ltb,2009,40.885
ecu,sex_t,age_aggregate_yge65,edu_aggregate_ltb,2010,38.299
ecu,sex_t,age_aggregate_yge65,edu_aggregate_ltb,2011,40.491
ecu,sex_t,age_aggregate_yge65,edu_aggregate_ltb,2012,40.014
ecu,sex_t,age_aggregate_yge65,edu_aggregate_ltb,2013,38.783
ecu,sex_t,age_aggregate_yge65,edu_aggregate_ltb,2014,38.085
ecu,sex_t,age_aggregate_yge65,edu_aggregate_ltb,2015,42.877
ecu,sex_t,age_aggregate_yge65,edu_aggregate_ltb,2016,46.677
ecu,sex_t,age_aggregate_yge65,edu_aggregate_ltb,2017,45.356
ecu,sex_t,age_aggregate_yge65,edu_aggregate_ltb,2018,45.287
ecu,sex_t,age_aggregate_yge65,edu_aggregate_ltb,2019,45.317
ecu,sex_t,age_aggregate_yge65,edu_aggregate_ltb,2021,40.816
ecu,sex_t,age_aggregate_yge65,edu_aggregate_ltb,2022,40.589
ecu,sex_t,age_aggregate_yge65,edu_aggregate_ltb,2023,40.533
ecu,sex_t,age_aggregate_yge65,edu_aggregate_ltb,2024,40.206
ecu,sex_t,age_aggregate_yge65,edu_aggregate_total,2000,37.836
ecu,sex_t,age_aggregate_yge65,edu_aggregate_total,2001,42.975
ecu,sex_t,age_aggregate_yge65,edu_aggregate_total,2003,39.203
ecu,sex_t,age_aggregate_yge65,edu_aggregate_total,2004,42.064
ecu,sex_t,age_aggregate_yge65,edu_aggregate_total,2005,42.417
ecu,sex_t,age_aggregate_yge65,edu_aggregate_total,2006,43.247
ecu,sex_t,age_aggregate_yge65,edu_aggregate_total,2007,41.547
ecu,sex_t,age_aggregate_yge65,edu_aggregate_total,2008,41.171
ecu,sex_t,age_aggregate_yge65,edu_aggregate_total,2009,38.856
ecu,sex_t,age_aggregate_yge65,edu_aggregate_total,2010,36.609
ecu,sex_t,age_aggregate_yge65,edu_aggregate_total,2011,37.126
ecu,sex_t,age_aggregate_yge65,edu_aggregate_total,2012,37.214
ecu,sex_t,age_aggregate_yge65,edu_aggregate_total,2013,36.443
ecu,sex_t,age_aggregate_yge65,edu_aggregate_total,2014,36.497
ecu,sex_t,age_aggregate_yge65,edu_aggregate_total,2015,39.922
ecu,sex_t,age_aggregate_yge65,edu_aggregate_total,2016,42.06
ecu,sex_t,age_aggregate_yge65,edu_aggregate_total,2017,42.066
ecu,sex_t,age_aggregate_yge65,edu_aggregate_total,2018,41.074
ecu,sex_t,age_aggregate_yge65,edu_aggregate_total,2019,40.526
ecu,sex_t,age_aggregate_yge65,edu_aggregate_total,2021,37.593
ecu,sex_t,age_aggregate_yge65,edu_aggregate_total,2022,38.443
ecu,sex_t,age_aggregate_yge65,edu_aggregate_total,2023,37.258
ecu,sex_t,age_aggregate_yge65,edu_aggregate_total,2024,37.451
ecu,sex_t,age_aggregate_yge65,edu_aggregate_x,2016,61.231
ecu,sex_t,age_aggregate_yge65,edu_aggregate_x,2017,54.742
ecu,sex_t,age_aggregate_yge65,edu_aggregate_x,2018,62.612
ecu,sex_t,age_aggregate_yge65,edu_aggregate_x,2019,61.258
ecu,sex_t,age_aggregate_yge65,edu_aggregate_x,2021,60.884
ecu,sex_t,age_aggregate_yge65,edu_aggregate_x,2022,68.165
ecu,sex_t,age_aggregate_yge65,edu_aggregate_x,2023,73.555
ecu,sex_t,age_aggregate_yge65,edu_aggregate_x,2024,75.176
ecu,sex_t,age_aggregate_yge65,edu_isced97_0,2000,42.827
ecu,sex_t,age_aggregate_yge65,edu_isced97_0,2001,53.702
ecu,sex_t,age_aggregate_yge65,edu_isced97_0,2003,43.465
ecu,sex_t,age_aggregate_yge65,edu_isced97_0,2004,47.035
ecu,sex_t,age_aggregate_yge65,edu_isced97_0,2005,48.42
ecu,sex_t,age_aggregate_yge65,edu_isced97_0,2006,46.734
ecu,sex_t,age_aggregate_yge65,edu_isced97_0,2007,46.751
ecu,sex_t,age_aggregate_yge65,edu_isced97_0,2008,45.201
ecu,sex_t,age_aggregate_yge65,edu_isced97_0,2009,43.17
ecu,sex_t,age_aggregate_yge65,edu_isced97_0,2010,41.194
ecu,sex_t,age_aggregate_yge65,edu_isced97_0,2011,42.411
ecu,sex_t,age_aggregate_yge65,edu_isced97_0,2012,42.464
ecu,sex_t,age_aggregate_yge65,edu_isced97_0,2013,41.794
ecu,sex_t,age_aggregate_yge65,edu_isced97_0,2014,40.674
ecu,sex_t,age_aggregate_yge65,edu_isced97_0,2015,45.267
ecu,sex_t,age_aggregate_yge65,edu_isced97_0,2016,49.875
ecu,sex_t,age_aggregate_yge65,edu_isced97_0,2017,48.096
ecu,sex_t,age_aggregate_yge65,edu_isced97_0,2018,47.445
ecu,sex_t,age_aggregate_yge65,edu_isced97_0,2019,46.477
ecu,sex_t,age_aggregate_yge65,edu_isced97_0,2021,43.88
ecu,sex_t,age_aggregate_yge65,edu_isced97_0,2022,42.118
ecu,sex_t,age_aggregate_yge65,edu_isced97_0,2023,41.723
ecu,sex_t,age_aggregate_yge65,edu_isced97_0,2024,42.458
ecu,sex_t,age_aggregate_yge65,edu_isced97_1,2000,38.079
ecu,sex_t,age_aggregate_yge65,edu_isced97_1,2001,47.829
ecu,sex_t,age_aggregate_yge65,edu_isced97_1,2003,39.308
ecu,sex_t,age_aggregate_yge65,edu_isced97_1,2004,42.056
ecu,sex_t,age_aggregate_yge65,edu_isced97_1,2005,42.154
ecu,sex_t,age_aggregate_yge65,edu_isced97_1,2006,43.558
ecu,sex_t,age_aggregate_yge65,edu_isced97_1,2007,39.549
ecu,sex_t,age_aggregate_yge65,edu_isced97_1,2008,40.215
ecu,sex_t,age_aggregate_yge65,edu_isced97_1,2009,37.254
ecu,sex_t,age_aggregate_yge65,edu_isced97_1,2010,36.206
ecu,sex_t,age_aggregate_yge65,edu_isced97_1,2011,35.125
ecu,sex_t,age_aggregate_yge65,edu_isced97_1,2012,37.792
ecu,sex_t,age_aggregate_yge65,edu_isced97_1,2013,37.742
ecu,sex_t,age_aggregate_yge65,edu_isced97_1,2014,37.564
ecu,sex_t,age_aggregate_yge65,edu_isced97_1,2015,39.922
ecu,sex_t,age_aggregate_yge65,edu_isced97_1,2016,42.458
ecu,sex_t,age_aggregate_yge65,edu_isced97_1,2017,43.781
ecu,sex_t,age_aggregate_yge65,edu_isced97_1,2018,42.248
ecu,sex_t,age_aggregate_yge65,edu_isced97_1,2019,41.698
ecu,sex_t,age_aggregate_yge65,edu_isced97_1,2021,40.838
ecu,sex_t,age_aggregate_yge65,edu_isced97_1,2022,42.126
ecu,sex_t,age_aggregate_yge65,edu_isced97_1,2023,39.173
ecu,sex_t,age_aggregate_yge65,edu_isced97_1,2024,39.848
ecu,sex_t,age_aggregate_yge65,edu_isced97_2,2000,38.661
ecu,sex_t,age_aggregate_yge65,edu_isced97_2,2001,37.887
ecu,sex_t,age_aggregate_yge65,edu_isced97_2,2003,23.373
ecu,sex_t,age_aggregate_yge65,edu_isced97_2,2004,26.254
ecu,sex_t,age_aggregate_yge65,edu_isced97_2,2005,30.732
ecu,sex_t,age_aggregate_yge65,edu_isced97_2,2006,30.102
ecu,sex_t,age_aggregate_yge65,edu_isced97_2,2007,31.918
ecu,sex_t,age_aggregate_yge65,edu_isced97_2,2008,30.049
ecu,sex_t,age_aggregate_yge65,edu_isced97_2,2009,31.422
ecu,sex_t,age_aggregate_yge65,edu_isced97_2,2010,29.465
ecu,sex_t,age_aggregate_yge65,edu_isced97_2,2011,30.202
ecu,sex_t,age_aggregate_yge65,edu_isced97_2,2012,27.692
ecu,sex_t,age_aggregate_yge65,edu_isced97_2,2013,30.069
ecu,sex_t,age_aggregate_yge65,edu_isced97_2,2014,32.623
ecu,sex_t,age_aggregate_yge65,edu_isced97_2,2015,38.272
ecu,sex_t,age_aggregate_yge65,edu_isced97_2,2016,37.26
ecu,sex_t,age_aggregate_yge65,edu_isced97_2,2017,38.33
ecu,sex_t,age_aggregate_yge65,edu_isced97_2,2018,34.317
ecu,sex_t,age_aggregate_yge65,edu_isced97_2,2019,35.627
ecu,sex_t,age_aggregate_yge65,edu_isced97_2,2021,33.859
ecu,sex_t,age_aggregate_yge65,edu_isced97_2,2022,36.41
ecu,sex_t,age_aggregate_yge65,edu_isced97_2,2023,34.976
ecu,sex_t,age_aggregate_yge65,edu_isced97_2,2024,32.811
ecu,sex_t,age_aggregate_yge65,edu_isced97_3,2000,31.584
ecu,sex_t,age_aggregate_yge65,edu_isced97_3,2001,35.303
ecu,sex_t,age_aggregate_yge65,edu_isced97_3,2003,35.771
ecu,sex_t,age_aggregate_yge65,edu_isced97_3,2004,33.654
ecu,sex_t,age_aggregate_yge65,edu_isced97_3,2005,55.596
ecu,sex_t,age_aggregate_yge65,edu_isced97_3,2006,47.685
ecu,sex_t,age_aggregate_yge65,edu_isced97_3,2007,23.279
ecu,sex_t,age_aggregate_yge65,edu_isced97_3,2008,27.132
ecu,sex_t,age_aggregate_yge65,edu_isced97_3,2009,27.503
ecu,sex_t,age_aggregate_yge65,edu_isced97_3,2010,25.613
ecu,sex_t,age_aggregate_yge65,edu_isced97_3,2011,25.882
ecu,sex_t,age_aggregate_yge65,edu_isced97_3,2012,24.362
ecu,sex_t,age_aggregate_yge65,edu_isced97_3,2013,22.906
ecu,sex_t,age_aggregate_yge65,edu_isced97_3,2014,25.563
ecu,sex_t,age_aggregate_yge65,edu_isced97_3,2015,25.634
ecu,sex_t,age_aggregate_yge65,edu_isced97_3,2016,26.698
ecu,sex_t,age_aggregate_yge65,edu_isced97_3,2017,27.135
ecu,sex_t,age_aggregate_yge65,edu_isced97_3,2018,27.248
ecu,sex_t,age_aggregate_yge65,edu_isced97_3,2019,26.043
ecu,sex_t,age_aggregate_yge65,edu_isced97_3,2021,24.96
ecu,sex_t,age_aggregate_yge65,edu_isced97_3,2022,27.924
ecu,sex_t,age_aggregate_yge65,edu_isced97_3,2023,27.586
ecu,sex_t,age_aggregate_yge65,edu_isced97_3,2024,27.407
ecu,sex_t,age_aggregate_yge65,edu_isced97_4,2003,40.004
ecu,sex_t,age_aggregate_yge65,edu_isced97_4,2004,23.077
ecu,sex_t,age_aggregate_yge65,edu_isced97_4,2006,42.31
ecu,sex_t,age_aggregate_yge65,edu_isced97_4,2008,48.612
ecu,sex_t,age_aggregate_yge65,edu_isced97_4,2009,62.035
ecu,sex_t,age_aggregate_yge65,edu_isced97_4,2012,56.338
ecu,sex_t,age_aggregate_yge65,edu_isced97_4,2014,22.478
ecu,sex_t,age_aggregate_yge65,edu_isced97_4,2015,37.788
ecu,sex_t,age_aggregate_yge65,edu_isced97_4,2016,42.761
ecu,sex_t,age_aggregate_yge65,edu_isced97_4,2017,44.112
ecu,sex_t,age_aggregate_yge65,edu_isced97_4,2018,17.243
ecu,sex_t,age_aggregate_yge65,edu_isced97_4,2019,19.198
ecu,sex_t,age_aggregate_yge65,edu_isced97_4,2021,22.093
ecu,sex_t,age_aggregate_yge65,edu_isced97_4,2022,28.087
ecu,sex_t,age_aggregate_yge65,edu_isced97_4,2023,26.338
ecu,sex_t,age_aggregate_yge65,edu_isced97_4,2024,32.92
ecu,sex_t,age_aggregate_yge65,edu_isced97_5,2000,35.32
ecu,sex_t,age_aggregate_yge65,edu_isced97_5,2001,35.034
ecu,sex_t,age_aggregate_yge65,edu_isced97_5,2003,49.346
ecu,sex_t,age_aggregate_yge65,edu_isced97_5,2004,51.409
ecu,sex_t,age_aggregate_yge65,edu_isced97_5,2005,46.668
ecu,sex_t,age_aggregate_yge65,edu_isced97_5,2006,44.586
ecu,sex_t,age_aggregate_yge65,edu_isced97_5,2007,43.051
ecu,sex_t,age_aggregate_yge65,edu_isced97_5,2008,48.439
ecu,sex_t,age_aggregate_yge65,edu_isced97_5,2009,49.842
ecu,sex_t,age_aggregate_yge65,edu_isced97_5,2010,43.937
ecu,sex_t,age_aggregate_yge65,edu_isced97_5,2011,35.309
ecu,sex_t,age_aggregate_yge65,edu_isced97_5,2012,35.899
ecu,sex_t,age_aggregate_yge65,edu_isced97_5,2013,33.793
ecu,sex_t,age_aggregate_yge65,edu_isced97_5,2014,34.085
ecu,sex_t,age_aggregate_yge65,edu_isced97_5,2015,33.674
ecu,sex_t,age_aggregate_yge65,edu_isced97_5,2016,28.491
ecu,sex_t,age_aggregate_yge65,edu_isced97_5,2017,30.579
ecu,sex_t,age_aggregate_yge65,edu_isced97_5,2018,30.631
ecu,sex_t,age_aggregate_yge65,edu_isced97_5,2019,28.814
ecu,sex_t,age_aggregate_yge65,edu_isced97_5,2021,26.817
ecu,sex_t,age_aggregate_yge65,edu_isced97_5,2022,27.22
ecu,sex_t,age_aggregate_yge65,edu_isced97_5,2023,26.148
ecu,sex_t,age_aggregate_yge65,edu_isced97_5,2024,31.679
ecu,sex_t,age_aggregate_yge65,edu_isced97_6,2001,85.487
ecu,sex_t,age_aggregate_yge65,edu_isced97_6,2003,54.358
ecu,sex_t,age_aggregate_yge65,edu_isced97_6,2004,52.098
ecu,sex_t,age_aggregate_yge65,edu_isced97_6,2005,57.393
ecu,sex_t,age_aggregate_yge65,edu_isced97_6,2006,85.89
ecu,sex_t,age_aggregate_yge65,edu_isced97_6,2007,53.191
ecu,sex_t,age_aggregate_yge65,edu_isced97_6,2008,77.477
ecu,sex_t,age_aggregate_yge65,edu_isced97_6,2009,62.901
ecu,sex_t,age_aggregate_yge65,edu_isced97_6,2010,52.458
ecu,sex_t,age_aggregate_yge65,edu_isced97_6,2011,40.299
ecu,sex_t,age_aggregate_yge65,edu_isced97_6,2012,51.485
ecu,sex_t,age_aggregate_yge65,edu_isced97_6,2013,44.984
ecu,sex_t,age_aggregate_yge65,edu_isced97_6,2014,36.551
ecu,sex_t,age_aggregate_yge65,edu_isced97_6,2015,41.938
ecu,sex_t,age_aggregate_yge65,edu_isced97_6,2016,43.837
ecu,sex_t,age_aggregate_yge65,edu_isced97_6,2017,43.583
ecu,sex_t,age_aggregate_yge65,edu_isced97_6,2018,42.025
ecu,sex_t,age_aggregate_yge65,edu_isced97_6,2019,43.941
ecu,sex_t,age_aggregate_yge65,edu_isced97_6,2021,30.789
ecu,sex_t,age_aggregate_yge65,edu_isced97_6,2022,32.233
ecu,sex_t,age_aggregate_yge65,edu_isced97_6,2023,30.087
ecu,sex_t,age_aggregate_yge65,edu_isced97_6,2024,32.78
ecu,sex_t,age_aggregate_yge65,edu_isced97_total,2000,37.836
ecu,sex_t,age_aggregate_yge65,edu_isced97_total,2001,42.975
ecu,sex_t,age_aggregate_yge65,edu_isced97_total,2003,39.203
ecu,sex_t,age_aggregate_yge65,edu_isced97_total,2004,42.064
ecu,sex_t,age_aggregate_yge65,edu_isced97_total,2005,42.417
ecu,sex_t,age_aggregate_yge65,edu_isced97_total,2006,43.247
ecu,sex_t,age_aggregate_yge65,edu_isced97_total,2007,41.547
ecu,sex_t,age_aggregate_yge65,edu_isced97_total,2008,41.171
ecu,sex_t,age_aggregate_yge65,edu_isced97_total,2009,38.856
ecu,sex_t,age_aggregate_yge65,edu_isced97_total,2010,36.609
ecu,sex_t,age_aggregate_yge65,edu_isced97_total,2011,37.126
ecu,sex_t,age_aggregate_yge65,edu_isced97_total,2012,37.214
ecu,sex_t,age_aggregate_yge65,edu_isced97_total,2013,36.443
ecu,sex_t,age_aggregate_yge65,edu_isced97_total,2014,36.497
ecu,sex_t,age_aggregate_yge65,edu_isced97_total,2015,39.922
ecu,sex_t,age_aggregate_yge65,edu_isced97_total,2016,42.06
ecu,sex_t,age_aggregate_yge65,edu_isced97_total,2017,42.066
ecu,sex_t,age_aggregate_yge65,edu_isced97_total,2018,41.074
ecu,sex_t,age_aggregate_yge65,edu_isced97_total,2019,40.526
ecu,sex_t,age_aggregate_yge65,edu_isced97_total,2021,37.593
ecu,sex_t,age_aggregate_yge65,edu_isced97_total,2022,38.443
ecu,sex_t,age_aggregate_yge65,edu_isced97_total,2023,37.258
ecu,sex_t,age_aggregate_yge65,edu_isced97_total,2024,37.451
ecu,sex_t,age_aggregate_yge65,edu_isced97_unk,2016,61.231
ecu,sex_t,age_aggregate_yge65,edu_isced97_unk,2017,54.742
ecu,sex_t,age_aggregate_yge65,edu_isced97_unk,2018,62.612
ecu,sex_t,age_aggregate_yge65,edu_isced97_unk,2019,61.258
ecu,sex_t,age_aggregate_yge65,edu_isced97_unk,2021,60.884
ecu,sex_t,age_aggregate_yge65,edu_isced97_unk,2022,68.165
ecu,sex_t,age_aggregate_yge65,edu_isced97_unk,2023,73.555
ecu,sex_t,age_aggregate_yge65,edu_isced97_unk,2024,75.176
ecu,sex_t,age_aggregate_yge65,edu_isced97_x,2000,37.862
ecu,sex_t,age_aggregate_yge65,edu_isced97_x,2001,43.989
ecu,sex_t,age_aggregate_yge65,edu_isced97_x,2003,41.55
ecu,sex_t,age_aggregate_yge65,edu_isced97_x,2004,44.128
ecu,sex_t,age_aggregate_yge65,edu_isced97_x,2005,44.142
ecu,sex_t,age_aggregate_yge65,edu_isced97_x,2006,45.629
ecu,sex_t,age_aggregate_yge65,edu_isced97_x,2007,43.744
ecu,sex_t,age_aggregate_yge65,edu_isced97_x,2008,40.481
ecu,sex_t,age_aggregate_yge65,edu_isced97_x,2009,37.869
ecu,sex_t,age_aggregate_yge65,edu_isced97_x,2010,34.543
ecu,sex_t,age_aggregate_yge65,edu_isced97_x,2011,38.15
ecu,sex_t,age_aggregate_yge65,edu_isced97_x,2012,36.765
ecu,sex_t,age_aggregate_yge65,edu_isced97_x,2013,34.547
ecu,sex_t,age_aggregate_yge65,edu_isced97_x,2014,34.389
ecu,sex_t,age_aggregate_yge65,edu_isced97_x,2015,39.431
ecu,sex_t,age_aggregate_yge65,edu_isced97_x,2016,42.367
ecu,sex_t,age_aggregate_yge65,edu_isced97_x,2017,41.479
ecu,sex_t,age_aggregate_yge65,edu_isced97_x,2018,42.262
ecu,sex_t,age_aggregate_yge65,edu_isced97_x,2019,43.757
ecu,sex_t,age_aggregate_yge65,edu_isced97_x,2021,35.975
ecu,sex_t,age_aggregate_yge65,edu_isced97_x,2022,38.096
ecu,sex_t,age_aggregate_yge65,edu_isced97_x,2023,38.811
ecu,sex_t,age_aggregate_yge65,edu_isced97_x,2024,36.832
ecu,sex_t,age_ythadult_y15_24,edu_aggregate_adv,2000,44.897
ecu,sex_t,age_ythadult_y15_24,edu_aggregate_adv,2001,48.038
ecu,sex_t,age_ythadult_y15_24,edu_aggregate_adv,2003,49.047
ecu,sex_t,age_ythadult_y15_24,edu_aggregate_adv,2004,45.123
ecu,sex_t,age_ythadult_y15_24,edu_aggregate_adv,2005,50.821
ecu,sex_t,age_ythadult_y15_24,edu_aggregate_adv,2006,49.958
ecu,sex_t,age_ythadult_y15_24,edu_aggregate_adv,2007,52.378
ecu,sex_t,age_ythadult_y15_24,edu_aggregate_adv,2008,47.962
ecu,sex_t,age_ythadult_y15_24,edu_aggregate_adv,2009,44.361
ecu,sex_t,age_ythadult_y15_24,edu_aggregate_adv,2010,40.565
ecu,sex_t,age_ythadult_y15_24,edu_aggregate_adv,2011,42.323
ecu,sex_t,age_ythadult_y15_24,edu_aggregate_adv,2012,43.614
ecu,sex_t,age_ythadult_y15_24,edu_aggregate_adv,2013,43.649
ecu,sex_t,age_ythadult_y15_24,edu_aggregate_adv,2014,40.084
ecu,sex_t,age_ythadult_y15_24,edu_aggregate_adv,2015,41.298
ecu,sex_t,age_ythadult_y15_24,edu_aggregate_adv,2016,40.176
ecu,sex_t,age_ythadult_y15_24,edu_aggregate_adv,2017,42.754
ecu,sex_t,age_ythadult_y15_24,edu_aggregate_adv,2018,37.858
ecu,sex_t,age_ythadult_y15_24,edu_aggregate_adv,2019,37.935
ecu,sex_t,age_ythadult_y15_24,edu_aggregate_adv,2021,38.554
ecu,sex_t,age_ythadult_y15_24,edu_aggregate_adv,2022,40.498
ecu,sex_t,age_ythadult_y15_24,edu_aggregate_adv,2023,39.736
ecu,sex_t,age_ythadult_y15_24,edu_aggregate_adv,2024,39.951
ecu,sex_t,age_ythadult_y15_24,edu_aggregate_bas,2000,60.547
ecu,sex_t,age_ythadult_y15_24,edu_aggregate_bas,2001,67.743
ecu,sex_t,age_ythadult_y15_24,edu_aggregate_bas,2003,47.837
ecu,sex_t,age_ythadult_y15_24,edu_aggregate_bas,2004,49.682
ecu,sex_t,age_ythadult_y15_24,edu_aggregate_bas,2005,49.573
ecu,sex_t,age_ythadult_y15_24,edu_aggregate_bas,2006,52.12
ecu,sex_t,age_ythadult_y15_24,edu_aggregate_bas,2007,44.385
ecu,sex_t,age_ythadult_y15_24,edu_aggregate_bas,2008,43.743
ecu,sex_t,age_ythadult_y15_24,edu_aggregate_bas,2009,40.063
ecu,sex_t,age_ythadult_y15_24,edu_aggregate_bas,2010,37.423
ecu,sex_t,age_ythadult_y15_24,edu_aggregate_bas,2011,33.07
ecu,sex_t,age_ythadult_y15_24,edu_aggregate_bas,2012,33.262
ecu,sex_t,age_ythadult_y15_24,edu_aggregate_bas,2013,31.716
ecu,sex_t,age_ythadult_y15_24,edu_aggregate_bas,2014,30.351
ecu,sex_t,age_ythadult_y15_24,edu_aggregate_bas,2015,32.743
ecu,sex_t,age_ythadult_y15_24,edu_aggregate_bas,2016,34.406
ecu,sex_t,age_ythadult_y15_24,edu_aggregate_bas,2017,34.451
ecu,sex_t,age_ythadult_y15_24,edu_aggregate_bas,2018,33.13
ecu,sex_t,age_ythadult_y15_24,edu_aggregate_bas,2019,32.246
ecu,sex_t,age_ythadult_y15_24,edu_aggregate_bas,2021,33.854
ecu,sex_t,age_ythadult_y15_24,edu_aggregate_bas,2022,32.041
ecu,sex_t,age_ythadult_y15_24,edu_aggregate_bas,2023,29.916
ecu,sex_t,age_ythadult_y15_24,edu_aggregate_bas,2024,31.87
ecu,sex_t,age_ythadult_y15_24,edu_aggregate_int,2000,35.71
ecu,sex_t,age_ythadult_y15_24,edu_aggregate_int,2001,44.067
ecu,sex_t,age_ythadult_y15_24,edu_aggregate_int,2003,36.408
ecu,sex_t,age_ythadult_y15_24,edu_aggregate_int,2004,37.095
ecu,sex_t,age_ythadult_y15_24,edu_aggregate_int,2005,36.134
ecu,sex_t,age_ythadult_y15_24,edu_aggregate_int,2006,36.85
ecu,sex_t,age_ythadult_y15_24,edu_aggregate_int,2007,49.139
ecu,sex_t,age_ythadult_y15_24,edu_aggregate_int,2008,48.234
ecu,sex_t,age_ythadult_y15_24,edu_aggregate_int,2009,46.366
ecu,sex_t,age_ythadult_y15_24,edu_aggregate_int,2010,43.218
ecu,sex_t,age_ythadult_y15_24,edu_aggregate_int,2011,43.314
ecu,sex_t,age_ythadult_y15_24,edu_aggregate_int,2012,46.01
ecu,sex_t,age_ythadult_y15_24,edu_aggregate_int,2013,44.064
ecu,sex_t,age_ythadult_y15_24,edu_aggregate_int,2014,44.482
ecu,sex_t,age_ythadult_y15_24,edu_aggregate_int,2015,47.069
ecu,sex_t,age_ythadult_y15_24,edu_aggregate_int,2016,47.331
ecu,sex_t,age_ythadult_y15_24,edu_aggregate_int,2017,49.978
ecu,sex_t,age_ythadult_y15_24,edu_aggregate_int,2018,49.48
ecu,sex_t,age_ythadult_y15_24,edu_aggregate_int,2019,49.209
ecu,sex_t,age_ythadult_y15_24,edu_aggregate_int,2021,50.529
ecu,sex_t,age_ythadult_y15_24,edu_aggregate_int,2022,52.227
ecu,sex_t,age_ythadult_y15_24,edu_aggregate_int,2023,49.715
ecu,sex_t,age_ythadult_y15_24,edu_aggregate_int,2024,49.984
ecu,sex_t,age_ythadult_y15_24,edu_aggregate_ltb,2000,53.43
ecu,sex_t,age_ythadult_y15_24,edu_aggregate_ltb,2001,60.28
ecu,sex_t,age_ythadult_y15_24,edu_aggregate_ltb,2003,51.356
ecu,sex_t,age_ythadult_y15_24,edu_aggregate_ltb,2004,55.963
ecu,sex_t,age_ythadult_y15_24,edu_aggregate_ltb,2005,57.262
ecu,sex_t,age_ythadult_y15_24,edu_aggregate_ltb,2006,55.425
ecu,sex_t,age_ythadult_y15_24,edu_aggregate_ltb,2007,57.916
ecu,sex_t,age_ythadult_y15_24,edu_aggregate_ltb,2008,55.264
ecu,sex_t,age_ythadult_y15_24,edu_aggregate_ltb,2009,50.574
ecu,sex_t,age_ythadult_y15_24,edu_aggregate_ltb,2010,53.957
ecu,sex_t,age_ythadult_y15_24,edu_aggregate_ltb,2011,49.661
ecu,sex_t,age_ythadult_y15_24,edu_aggregate_ltb,2012,50.346
ecu,sex_t,age_ythadult_y15_24,edu_aggregate_ltb,2013,50.248
ecu,sex_t,age_ythadult_y15_24,edu_aggregate_ltb,2014,45.716
ecu,sex_t,age_ythadult_y15_24,edu_aggregate_ltb,2015,49.638
ecu,sex_t,age_ythadult_y15_24,edu_aggregate_ltb,2016,50.265
ecu,sex_t,age_ythadult_y15_24,edu_aggregate_ltb,2017,49.94
ecu,sex_t,age_ythadult_y15_24,edu_aggregate_ltb,2018,49.079
ecu,sex_t,age_ythadult_y15_24,edu_aggregate_ltb,2019,47.757
ecu,sex_t,age_ythadult_y15_24,edu_aggregate_ltb,2021,40.621
ecu,sex_t,age_ythadult_y15_24,edu_aggregate_ltb,2022,44.037
ecu,sex_t,age_ythadult_y15_24,edu_aggregate_ltb,2023,43.03
ecu,sex_t,age_ythadult_y15_24,edu_aggregate_ltb,2024,42.306
ecu,sex_t,age_ythadult_y15_24,edu_aggregate_total,2000,46.772
ecu,sex_t,age_ythadult_y15_24,edu_aggregate_total,2001,54.252
ecu,sex_t,age_ythadult_y15_24,edu_aggregate_total,2003,46.977
ecu,sex_t,age_ythadult_y15_24,edu_aggregate_total,2004,48.434
ecu,sex_t,age_ythadult_y15_24,edu_aggregate_total,2005,48.303
ecu,sex_t,age_ythadult_y15_24,edu_aggregate_total,2006,49.986
ecu,sex_t,age_ythadult_y15_24,edu_aggregate_total,2007,47.264
ecu,sex_t,age_ythadult_y15_24,edu_aggregate_total,2008,46.072
ecu,sex_t,age_ythadult_y15_24,edu_aggregate_total,2009,42.928
ecu,sex_t,age_ythadult_y15_24,edu_aggregate_total,2010,40.479
ecu,sex_t,age_ythadult_y15_24,edu_aggregate_total,2011,37.939
ecu,sex_t,age_ythadult_y15_24,edu_aggregate_total,2012,39.213
ecu,sex_t,age_ythadult_y15_24,edu_aggregate_total,2013,37.618
ecu,sex_t,age_ythadult_y15_24,edu_aggregate_total,2014,36.517
ecu,sex_t,age_ythadult_y15_24,edu_aggregate_total,2015,38.998
ecu,sex_t,age_ythadult_y15_24,edu_aggregate_total,2016,40.171
ecu,sex_t,age_ythadult_y15_24,edu_aggregate_total,2017,41.415
ecu,sex_t,age_ythadult_y15_24,edu_aggregate_total,2018,40.5
ecu,sex_t,age_ythadult_y15_24,edu_aggregate_total,2019,40.108
ecu,sex_t,age_ythadult_y15_24,edu_aggregate_total,2021,41.829
ecu,sex_t,age_ythadult_y15_24,edu_aggregate_total,2022,42.096
ecu,sex_t,age_ythadult_y15_24,edu_aggregate_total,2023,40.01
ecu,sex_t,age_ythadult_y15_24,edu_aggregate_total,2024,40.913
ecu,sex_t,age_ythadult_y15_24,edu_aggregate_x,2001,43.672
ecu,sex_t,age_ythadult_y15_24,edu_aggregate_x,2016,37.511
ecu,sex_t,age_ythadult_y15_24,edu_aggregate_x,2018,44.542
ecu,sex_t,age_ythadult_y15_24,edu_aggregate_x,2021,44.701
ecu,sex_t,age_ythadult_y15_24,edu_isced97_0,2000,61.036
ecu,sex_t,age_ythadult_y15_24,edu_isced97_0,2001,62.016
ecu,sex_t,age_ythadult_y15_24,edu_isced97_0,2003,59.83
ecu,sex_t,age_ythadult_y15_24,edu_isced97_0,2004,64.378
ecu,sex_t,age_ythadult_y15_24,edu_isced97_0,2005,62.981
ecu,sex_t,age_ythadult_y15_24,edu_isced97_0,2006,62.615
ecu,sex_t,age_ythadult_y15_24,edu_isced97_0,2007,61.088
ecu,sex_t,age_ythadult_y15_24,edu_isced97_0,2008,59.917
ecu,sex_t,age_ythadult_y15_24,edu_isced97_0,2009,53.604
ecu,sex_t,age_ythadult_y15_24,edu_isced97_0,2010,56.632
ecu,sex_t,age_ythadult_y15_24,edu_isced97_0,2011,54.69
ecu,sex_t,age_ythadult_y15_24,edu_isced97_0,2012,56.582
ecu,sex_t,age_ythadult_y15_24,edu_isced97_0,2013,57.787
ecu,sex_t,age_ythadult_y15_24,edu_isced97_0,2014,51.48
ecu,sex_t,age_ythadult_y15_24,edu_isced97_0,2015,58.009
ecu,sex_t,age_ythadult_y15_24,edu_isced97_0,2016,60.086
ecu,sex_t,age_ythadult_y15_24,edu_isced97_0,2017,56.683
ecu,sex_t,age_ythadult_y15_24,edu_isced97_0,2018,57.686
ecu,sex_t,age_ythadult_y15_24,edu_isced97_0,2019,55.254
ecu,sex_t,age_ythadult_y15_24,edu_isced97_0,2021,49.399
ecu,sex_t,age_ythadult_y15_24,edu_isced97_0,2022,56.418
ecu,sex_t,age_ythadult_y15_24,edu_isced97_0,2023,49.103
ecu,sex_t,age_ythadult_y15_24,edu_isced97_0,2024,50.46
ecu,sex_t,age_ythadult_y15_24,edu_isced97_1,2000,66.009
ecu,sex_t,age_ythadult_y15_24,edu_isced97_1,2001,68.662
ecu,sex_t,age_ythadult_y15_24,edu_isced97_1,2003,58.22
ecu,sex_t,age_ythadult_y15_24,edu_isced97_1,2004,62.333
ecu,sex_t,age_ythadult_y15_24,edu_isced97_1,2005,55.208
ecu,sex_t,age_ythadult_y15_24,edu_isced97_1,2006,56.056
ecu,sex_t,age_ythadult_y15_24,edu_isced97_1,2007,59.769
ecu,sex_t,age_ythadult_y15_24,edu_isced97_1,2008,59.829
ecu,sex_t,age_ythadult_y15_24,edu_isced97_1,2009,55.823
ecu,sex_t,age_ythadult_y15_24,edu_isced97_1,2010,56.359
ecu,sex_t,age_ythadult_y15_24,edu_isced97_1,2011,50.666
ecu,sex_t,age_ythadult_y15_24,edu_isced97_1,2012,51.75
ecu,sex_t,age_ythadult_y15_24,edu_isced97_1,2013,49.471
ecu,sex_t,age_ythadult_y15_24,edu_isced97_1,2014,48.574
ecu,sex_t,age_ythadult_y15_24,edu_isced97_1,2015,50.438
ecu,sex_t,age_ythadult_y15_24,edu_isced97_1,2016,52.922
ecu,sex_t,age_ythadult_y15_24,edu_isced97_1,2017,52.404
ecu,sex_t,age_ythadult_y15_24,edu_isced97_1,2018,50.363
ecu,sex_t,age_ythadult_y15_24,edu_isced97_1,2019,49.52
ecu,sex_t,age_ythadult_y15_24,edu_isced97_1,2021,49.486
ecu,sex_t,age_ythadult_y15_24,edu_isced97_1,2022,49.927
ecu,sex_t,age_ythadult_y15_24,edu_isced97_1,2023,50.981
ecu,sex_t,age_ythadult_y15_24,edu_isced97_1,2024,52.974
ecu,sex_t,age_ythadult_y15_24,edu_isced97_2,2000,59.733
ecu,sex_t,age_ythadult_y15_24,edu_isced97_2,2001,67.592
ecu,sex_t,age_ythadult_y15_24,edu_isced97_2,2003,38.205
ecu,sex_t,age_ythadult_y15_24,edu_isced97_2,2004,38.608
ecu,sex_t,age_ythadult_y15_24,edu_isced97_2,2005,43.285
ecu,sex_t,age_ythadult_y15_24,edu_isced97_2,2006,47.232
ecu,sex_t,age_ythadult_y15_24,edu_isced97_2,2007,30.75
ecu,sex_t,age_ythadult_y15_24,edu_isced97_2,2008,30.554
ecu,sex_t,age_ythadult_y15_24,edu_isced97_2,2009,28.108
ecu,sex_t,age_ythadult_y15_24,edu_isced97_2,2010,24.661
ecu,sex_t,age_ythadult_y15_24,edu_isced97_2,2011,22.106
ecu,sex_t,age_ythadult_y15_24,edu_isced97_2,2012,23.246
ecu,sex_t,age_ythadult_y15_24,edu_isced97_2,2013,22.018
ecu,sex_t,age_ythadult_y15_24,edu_isced97_2,2014,20.508
ecu,sex_t,age_ythadult_y15_24,edu_isced97_2,2015,23.809
ecu,sex_t,age_ythadult_y15_24,edu_isced97_2,2016,26.835
ecu,sex_t,age_ythadult_y15_24,edu_isced97_2,2017,28.125
ecu,sex_t,age_ythadult_y15_24,edu_isced97_2,2018,27.107
ecu,sex_t,age_ythadult_y15_24,edu_isced97_2,2019,26.771
ecu,sex_t,age_ythadult_y15_24,edu_isced97_2,2021,29.012
ecu,sex_t,age_ythadult_y15_24,edu_isced97_2,2022,26.872
ecu,sex_t,age_ythadult_y15_24,edu_isced97_2,2023,24.3
ecu,sex_t,age_ythadult_y15_24,edu_isced97_2,2024,26.201
ecu,sex_t,age_ythadult_y15_24,edu_isced97_3,2000,35.71
ecu,sex_t,age_ythadult_y15_24,edu_isced97_3,2001,44.067
ecu,sex_t,age_ythadult_y15_24,edu_isced97_3,2003,35.91
ecu,sex_t,age_ythadult_y15_24,edu_isced97_3,2004,36.086
ecu,sex_t,age_ythadult_y15_24,edu_isced97_3,2005,34.966
ecu,sex_t,age_ythadult_y15_24,edu_isced97_3,2006,36.704
ecu,sex_t,age_ythadult_y15_24,edu_isced97_3,2007,48.885
ecu,sex_t,age_ythadult_y15_24,edu_isced97_3,2008,48.142
ecu,sex_t,age_ythadult_y15_24,edu_isced97_3,2009,46.276
ecu,sex_t,age_ythadult_y15_24,edu_isced97_3,2010,43.036
ecu,sex_t,age_ythadult_y15_24,edu_isced97_3,2011,43.169
ecu,sex_t,age_ythadult_y15_24,edu_isced97_3,2012,45.918
ecu,sex_t,age_ythadult_y15_24,edu_isced97_3,2013,43.874
ecu,sex_t,age_ythadult_y15_24,edu_isced97_3,2014,44.428
ecu,sex_t,age_ythadult_y15_24,edu_isced97_3,2015,46.813
ecu,sex_t,age_ythadult_y15_24,edu_isced97_3,2016,47.116
ecu,sex_t,age_ythadult_y15_24,edu_isced97_3,2017,49.718
ecu,sex_t,age_ythadult_y15_24,edu_isced97_3,2018,49.307
ecu,sex_t,age_ythadult_y15_24,edu_isced97_3,2019,49.109
ecu,sex_t,age_ythadult_y15_24,edu_isced97_3,2021,50.173
ecu,sex_t,age_ythadult_y15_24,edu_isced97_3,2022,51.915
ecu,sex_t,age_ythadult_y15_24,edu_isced97_3,2023,49.344
ecu,sex_t,age_ythadult_y15_24,edu_isced97_3,2024,49.702
ecu,sex_t,age_ythadult_y15_24,edu_isced97_4,2003,46.905
ecu,sex_t,age_ythadult_y15_24,edu_isced97_4,2004,64.552
ecu,sex_t,age_ythadult_y15_24,edu_isced97_4,2005,66.604
ecu,sex_t,age_ythadult_y15_24,edu_isced97_4,2006,47.965
ecu,sex_t,age_ythadult_y15_24,edu_isced97_4,2007,86.018
ecu,sex_t,age_ythadult_y15_24,edu_isced97_4,2008,68.214
ecu,sex_t,age_ythadult_y15_24,edu_isced97_4,2009,69.511
ecu,sex_t,age_ythadult_y15_24,edu_isced97_4,2010,69.371
ecu,sex_t,age_ythadult_y15_24,edu_isced97_4,2011,65.487
ecu,sex_t,age_ythadult_y15_24,edu_isced97_4,2012,67.105
ecu,sex_t,age_ythadult_y15_24,edu_isced97_4,2013,64.74
ecu,sex_t,age_ythadult_y15_24,edu_isced97_4,2014,51.303
ecu,sex_t,age_ythadult_y15_24,edu_isced97_4,2015,72.647
ecu,sex_t,age_ythadult_y15_24,edu_isced97_4,2016,64.553
ecu,sex_t,age_ythadult_y15_24,edu_isced97_4,2017,71.394
ecu,sex_t,age_ythadult_y15_24,edu_isced97_4,2018,68.167
ecu,sex_t,age_ythadult_y15_24,edu_isced97_4,2019,60.243
ecu,sex_t,age_ythadult_y15_24,edu_isced97_4,2021,73.326
ecu,sex_t,age_ythadult_y15_24,edu_isced97_4,2022,69.32
ecu,sex_t,age_ythadult_y15_24,edu_isced97_4,2023,65.862
ecu,sex_t,age_ythadult_y15_24,edu_isced97_4,2024,62.921
ecu,sex_t,age_ythadult_y15_24,edu_isced97_5,2000,44.897
ecu,sex_t,age_ythadult_y15_24,edu_isced97_5,2001,48.21
ecu,sex_t,age_ythadult_y15_24,edu_isced97_5,2003,49.082
ecu,sex_t,age_ythadult_y15_24,edu_isced97_5,2004,45.076
ecu,sex_t,age_ythadult_y15_24,edu_isced97_5,2005,50.881
ecu,sex_t,age_ythadult_y15_24,edu_isced97_5,2006,49.958
ecu,sex_t,age_ythadult_y15_24,edu_isced97_5,2007,52.161
ecu,sex_t,age_ythadult_y15_24,edu_isced97_5,2008,47.971
ecu,sex_t,age_ythadult_y15_24,edu_isced97_5,2009,44.213
ecu,sex_t,age_ythadult_y15_24,edu_isced97_5,2010,40.527
ecu,sex_t,age_ythadult_y15_24,edu_isced97_5,2011,42.139
ecu,sex_t,age_ythadult_y15_24,edu_isced97_5,2012,43.498
ecu,sex_t,age_ythadult_y15_24,edu_isced97_5,2013,43.467
ecu,sex_t,age_ythadult_y15_24,edu_isced97_5,2014,40.055
ecu,sex_t,age_ythadult_y15_24,edu_isced97_5,2015,41.208
ecu,sex_t,age_ythadult_y15_24,edu_isced97_5,2016,40.115
ecu,sex_t,age_ythadult_y15_24,edu_isced97_5,2017,42.798
ecu,sex_t,age_ythadult_y15_24,edu_isced97_5,2018,37.853
ecu,sex_t,age_ythadult_y15_24,edu_isced97_5,2019,37.879
ecu,sex_t,age_ythadult_y15_24,edu_isced97_5,2021,38.503
ecu,sex_t,age_ythadult_y15_24,edu_isced97_5,2022,40.358
ecu,sex_t,age_ythadult_y15_24,edu_isced97_5,2023,39.608
ecu,sex_t,age_ythadult_y15_24,edu_isced97_5,2024,39.732
ecu,sex_t,age_ythadult_y15_24,edu_isced97_6,2011,83.315
ecu,sex_t,age_ythadult_y15_24,edu_isced97_6,2015,100
ecu,sex_t,age_ythadult_y15_24,edu_isced97_6,2016,88.943
ecu,sex_t,age_ythadult_y15_24,edu_isced97_6,2019,67.605
ecu,sex_t,age_ythadult_y15_24,edu_isced97_6,2021,52.179
ecu,sex_t,age_ythadult_y15_24,edu_isced97_6,2022,70.567
ecu,sex_t,age_ythadult_y15_24,edu_isced97_6,2023,67.754
ecu,sex_t,age_ythadult_y15_24,edu_isced97_6,2024,64.766
ecu,sex_t,age_ythadult_y15_24,edu_isced97_total,2000,46.772
ecu,sex_t,age_ythadult_y15_24,edu_isced97_total,2001,54.252
ecu,sex_t,age_ythadult_y15_24,edu_isced97_total,2003,46.977
ecu,sex_t,age_ythadult_y15_24,edu_isced97_total,2004,48.434
ecu,sex_t,age_ythadult_y15_24,edu_isced97_total,2005,48.303
ecu,sex_t,age_ythadult_y15_24,edu_isced97_total,2006,49.986
ecu,sex_t,age_ythadult_y15_24,edu_isced97_total,2007,47.264
ecu,sex_t,age_ythadult_y15_24,edu_isced97_total,2008,46.072
ecu,sex_t,age_ythadult_y15_24,edu_isced97_total,2009,42.928
ecu,sex_t,age_ythadult_y15_24,edu_isced97_total,2010,40.479
ecu,sex_t,age_ythadult_y15_24,edu_isced97_total,2011,37.939
ecu,sex_t,age_ythadult_y15_24,edu_isced97_total,2012,39.213
ecu,sex_t,age_ythadult_y15_24,edu_isced97_total,2013,37.618
ecu,sex_t,age_ythadult_y15_24,edu_isced97_total,2014,36.517
ecu,sex_t,age_ythadult_y15_24,edu_isced97_total,2015,38.998
ecu,sex_t,age_ythadult_y15_24,edu_isced97_total,2016,40.171
ecu,sex_t,age_ythadult_y15_24,edu_isced97_total,2017,41.415
ecu,sex_t,age_ythadult_y15_24,edu_isced97_total,2018,40.5
ecu,sex_t,age_ythadult_y15_24,edu_isced97_total,2019,40.108
ecu,sex_t,age_ythadult_y15_24,edu_isced97_total,2021,41.829
ecu,sex_t,age_ythadult_y15_24,edu_isced97_total,2022,42.096
ecu,sex_t,age_ythadult_y15_24,edu_isced97_total,2023,40.01
ecu,sex_t,age_ythadult_y15_24,edu_isced97_total,2024,40.913
ecu,sex_t,age_ythadult_y15_24,edu_isced97_unk,2001,43.672
ecu,sex_t,age_ythadult_y15_24,edu_isced97_unk,2016,37.511
ecu,sex_t,age_ythadult_y15_24,edu_isced97_unk,2018,44.542
ecu,sex_t,age_ythadult_y15_24,edu_isced97_unk,2021,44.701
ecu,sex_t,age_ythadult_y15_24,edu_isced97_x,2000,45.884
ecu,sex_t,age_ythadult_y15_24,edu_isced97_x,2001,57.786
ecu,sex_t,age_ythadult_y15_24,edu_isced97_x,2003,42.507
ecu,sex_t,age_ythadult_y15_24,edu_isced97_x,2004,46.343
ecu,sex_t,age_ythadult_y15_24,edu_isced97_x,2005,50.948
ecu,sex_t,age_ythadult_y15_24,edu_isced97_x,2006,49.107
ecu,sex_t,age_ythadult_y15_24,edu_isced97_x,2007,40.283
ecu,sex_t,age_ythadult_y15_24,edu_isced97_x,2008,33.565
ecu,sex_t,age_ythadult_y15_24,edu_isced97_x,2009,33.36
ecu,sex_t,age_ythadult_y15_24,edu_isced97_x,2010,39.735
ecu,sex_t,age_ythadult_y15_24,edu_isced97_x,2011,28.702
ecu,sex_t,age_ythadult_y15_24,edu_isced97_x,2012,24.095
ecu,sex_t,age_ythadult_y15_24,edu_isced97_x,2013,24.913
ecu,sex_t,age_ythadult_y15_24,edu_isced97_x,2014,20.675
ecu,sex_t,age_ythadult_y15_24,edu_isced97_x,2015,16.263
ecu,sex_t,age_ythadult_y15_24,edu_isced97_x,2016,15.002
ecu,sex_t,age_ythadult_y15_24,edu_isced97_x,2017,22.406
ecu,sex_t,age_ythadult_y15_24,edu_isced97_x,2018,17.108
ecu,sex_t,age_ythadult_y15_24,edu_isced97_x,2019,23.065
ecu,sex_t,age_ythadult_y15_24,edu_isced97_x,2021,12.401
ecu,sex_t,age_ythadult_y15_24,edu_isced97_x,2022,8.63
ecu,sex_t,age_ythadult_y15_24,edu_isced97_x,2023,26.28
ecu,sex_t,age_ythadult_y15_24,edu_isced97_x,2024,19.142
ecu,sex_t,age_ythadult_y15_64,edu_aggregate_adv,2000,77.882
ecu,sex_t,age_ythadult_y15_64,edu_aggregate_adv,2001,78.469
ecu,sex_t,age_ythadult_y15_64,edu_aggregate_adv,2003,79.801
ecu,sex_t,age_ythadult_y15_64,edu_aggregate_adv,2004,80.228
ecu,sex_t,age_ythadult_y15_64,edu_aggregate_adv,2005,81.682
ecu,sex_t,age_ythadult_y15_64,edu_aggregate_adv,2006,82.887
ecu,sex_t,age_ythadult_y15_64,edu_aggregate_adv,2007,81.044
ecu,sex_t,age_ythadult_y15_64,edu_aggregate_adv,2008,80.904
ecu,sex_t,age_ythadult_y15_64,edu_aggregate_adv,2009,76.351
ecu,sex_t,age_ythadult_y15_64,edu_aggregate_adv,2010,77.052
ecu,sex_t,age_ythadult_y15_64,edu_aggregate_adv,2011,78.08
ecu,sex_t,age_ythadult_y15_64,edu_aggregate_adv,2012,78.654
ecu,sex_t,age_ythadult_y15_64,edu_aggregate_adv,2013,78.385
ecu,sex_t,age_ythadult_y15_64,edu_aggregate_adv,2014,77.374
ecu,sex_t,age_ythadult_y15_64,edu_aggregate_adv,2015,78.385
ecu,sex_t,age_ythadult_y15_64,edu_aggregate_adv,2016,78.162
ecu,sex_t,age_ythadult_y15_64,edu_aggregate_adv,2017,78.382
ecu,sex_t,age_ythadult_y15_64,edu_aggregate_adv,2018,78.091
ecu,sex_t,age_ythadult_y15_64,edu_aggregate_adv,2019,77.519
ecu,sex_t,age_ythadult_y15_64,edu_aggregate_adv,2021,75.775
ecu,sex_t,age_ythadult_y15_64,edu_aggregate_adv,2022,77.961
ecu,sex_t,age_ythadult_y15_64,edu_aggregate_adv,2023,76.57
ecu,sex_t,age_ythadult_y15_64,edu_aggregate_adv,2024,76.708
ecu,sex_t,age_ythadult_y15_64,edu_aggregate_bas,2000,66.205
ecu,sex_t,age_ythadult_y15_64,edu_aggregate_bas,2001,72.316
ecu,sex_t,age_ythadult_y15_64,edu_aggregate_bas,2003,62.301
ecu,sex_t,age_ythadult_y15_64,edu_aggregate_bas,2004,64.882
ecu,sex_t,age_ythadult_y15_64,edu_aggregate_bas,2005,65.398
ecu,sex_t,age_ythadult_y15_64,edu_aggregate_bas,2006,67.28
ecu,sex_t,age_ythadult_y15_64,edu_aggregate_bas,2007,63.702
ecu,sex_t,age_ythadult_y15_64,edu_aggregate_bas,2008,63.079
ecu,sex_t,age_ythadult_y15_64,edu_aggregate_bas,2009,60.133
ecu,sex_t,age_ythadult_y15_64,edu_aggregate_bas,2010,59.373
ecu,sex_t,age_ythadult_y15_64,edu_aggregate_bas,2011,58.223
ecu,sex_t,age_ythadult_y15_64,edu_aggregate_bas,2012,58.975
ecu,sex_t,age_ythadult_y15_64,edu_aggregate_bas,2013,58.664
ecu,sex_t,age_ythadult_y15_64,edu_aggregate_bas,2014,58.169
ecu,sex_t,age_ythadult_y15_64,edu_aggregate_bas,2015,61.203
ecu,sex_t,age_ythadult_y15_64,edu_aggregate_bas,2016,62.883
ecu,sex_t,age_ythadult_y15_64,edu_aggregate_bas,2017,63.885
ecu,sex_t,age_ythadult_y15_64,edu_aggregate_bas,2018,62.97
ecu,sex_t,age_ythadult_y15_64,edu_aggregate_bas,2019,62.475
ecu,sex_t,age_ythadult_y15_64,edu_aggregate_bas,2021,62.347
ecu,sex_t,age_ythadult_y15_64,edu_aggregate_bas,2022,62.181
ecu,sex_t,age_ythadult_y15_64,edu_aggregate_bas,2023,61.102
ecu,sex_t,age_ythadult_y15_64,edu_aggregate_bas,2024,61.678
ecu,sex_t,age_ythadult_y15_64,edu_aggregate_int,2000,53.4
ecu,sex_t,age_ythadult_y15_64,edu_aggregate_int,2001,60.702
ecu,sex_t,age_ythadult_y15_64,edu_aggregate_int,2003,55.906
ecu,sex_t,age_ythadult_y15_64,edu_aggregate_int,2004,57.55
ecu,sex_t,age_ythadult_y15_64,edu_aggregate_int,2005,55.373
ecu,sex_t,age_ythadult_y15_64,edu_aggregate_int,2006,54.151
ecu,sex_t,age_ythadult_y15_64,edu_aggregate_int,2007,67.118
ecu,sex_t,age_ythadult_y15_64,edu_aggregate_int,2008,66.037
ecu,sex_t,age_ythadult_y15_64,edu_aggregate_int,2009,64.278
ecu,sex_t,age_ythadult_y15_64,edu_aggregate_int,2010,62.557
ecu,sex_t,age_ythadult_y15_64,edu_aggregate_int,2011,63.383
ecu,sex_t,age_ythadult_y15_64,edu_aggregate_int,2012,64.84
ecu,sex_t,age_ythadult_y15_64,edu_aggregate_int,2013,63.938
ecu,sex_t,age_ythadult_y15_64,edu_aggregate_int,2014,63.843
ecu,sex_t,age_ythadult_y15_64,edu_aggregate_int,2015,65.805
ecu,sex_t,age_ythadult_y15_64,edu_aggregate_int,2016,66.42
ecu,sex_t,age_ythadult_y15_64,edu_aggregate_int,2017,68.388
ecu,sex_t,age_ythadult_y15_64,edu_aggregate_int,2018,67.113
ecu,sex_t,age_ythadult_y15_64,edu_aggregate_int,2019,66.771
ecu,sex_t,age_ythadult_y15_64,edu_aggregate_int,2021,66.604
ecu,sex_t,age_ythadult_y15_64,edu_aggregate_int,2022,68.445
ecu,sex_t,age_ythadult_y15_64,edu_aggregate_int,2023,67.126
ecu,sex_t,age_ythadult_y15_64,edu_aggregate_int,2024,67.158
ecu,sex_t,age_ythadult_y15_64,edu_aggregate_ltb,2000,64.906
ecu,sex_t,age_ythadult_y15_64,edu_aggregate_ltb,2001,72.291
ecu,sex_t,age_ythadult_y15_64,edu_aggregate_ltb,2003,64.022
ecu,sex_t,age_ythadult_y15_64,edu_aggregate_ltb,2004,68.701
ecu,sex_t,age_ythadult_y15_64,edu_aggregate_ltb,2005,68.694
ecu,sex_t,age_ythadult_y15_64,edu_aggregate_ltb,2006,68.948
ecu,sex_t,age_ythadult_y15_64,edu_aggregate_ltb,2007,68.144
ecu,sex_t,age_ythadult_y15_64,edu_aggregate_ltb,2008,67.412
ecu,sex_t,age_ythadult_y15_64,edu_aggregate_ltb,2009,66.037
ecu,sex_t,age_ythadult_y15_64,edu_aggregate_ltb,2010,65.743
ecu,sex_t,age_ythadult_y15_64,edu_aggregate_ltb,2011,64.233
ecu,sex_t,age_ythadult_y15_64,edu_aggregate_ltb,2012,65.053
ecu,sex_t,age_ythadult_y15_64,edu_aggregate_ltb,2013,66.048
ecu,sex_t,age_ythadult_y15_64,edu_aggregate_ltb,2014,65.871
ecu,sex_t,age_ythadult_y15_64,edu_aggregate_ltb,2015,69.955
ecu,sex_t,age_ythadult_y15_64,edu_aggregate_ltb,2016,72.165
ecu,sex_t,age_ythadult_y15_64,edu_aggregate_ltb,2017,73.328
ecu,sex_t,age_ythadult_y15_64,edu_aggregate_ltb,2018,72.857
ecu,sex_t,age_ythadult_y15_64,edu_aggregate_ltb,2019,72.847
ecu,sex_t,age_ythadult_y15_64,edu_aggregate_ltb,2021,69.109
ecu,sex_t,age_ythadult_y15_64,edu_aggregate_ltb,2022,67.754
ecu,sex_t,age_ythadult_y15_64,edu_aggregate_ltb,2023,69.223
ecu,sex_t,age_ythadult_y15_64,edu_aggregate_ltb,2024,67.295
ecu,sex_t,age_ythadult_y15_64,edu_aggregate_total,2000,62.722
ecu,sex_t,age_ythadult_y15_64,edu_aggregate_total,2001,68.593
ecu,sex_t,age_ythadult_y15_64,edu_aggregate_total,2003,64.046
ecu,sex_t,age_ythadult_y15_64,edu_aggregate_total,2004,66.627
ecu,sex_t,age_ythadult_y15_64,edu_aggregate_total,2005,67.041
ecu,sex_t,age_ythadult_y15_64,edu_aggregate_total,2006,68.303
ecu,sex_t,age_ythadult_y15_64,edu_aggregate_total,2007,67.438
ecu,sex_t,age_ythadult_y15_64,edu_aggregate_total,2008,66.777
ecu,sex_t,age_ythadult_y15_64,edu_aggregate_total,2009,64.236
ecu,sex_t,age_ythadult_y15_64,edu_aggregate_total,2010,63.649
ecu,sex_t,age_ythadult_y15_64,edu_aggregate_total,2011,63.251
ecu,sex_t,age_ythadult_y15_64,edu_aggregate_total,2012,64.302
ecu,sex_t,age_ythadult_y15_64,edu_aggregate_total,2013,63.936
ecu,sex_t,age_ythadult_y15_64,edu_aggregate_total,2014,63.375
ecu,sex_t,age_ythadult_y15_64,edu_aggregate_total,2015,65.836
ecu,sex_t,age_ythadult_y15_64,edu_aggregate_total,2016,67.062
ecu,sex_t,age_ythadult_y15_64,edu_aggregate_total,2017,68.225
ecu,sex_t,age_ythadult_y15_64,edu_aggregate_total,2018,67.371
ecu,sex_t,age_ythadult_y15_64,edu_aggregate_total,2019,66.993
ecu,sex_t,age_ythadult_y15_64,edu_aggregate_total,2021,66.296
ecu,sex_t,age_ythadult_y15_64,edu_aggregate_total,2022,67.079
ecu,sex_t,age_ythadult_y15_64,edu_aggregate_total,2023,66.196
ecu,sex_t,age_ythadult_y15_64,edu_aggregate_total,2024,66.268
ecu,sex_t,age_ythadult_y15_64,edu_aggregate_x,2001,50.863
ecu,sex_t,age_ythadult_y15_64,edu_aggregate_x,2007,91.631
ecu,sex_t,age_ythadult_y15_64,edu_aggregate_x,2015,47.235
ecu,sex_t,age_ythadult_y15_64,edu_aggregate_x,2016,64.079
ecu,sex_t,age_ythadult_y15_64,edu_aggregate_x,2017,66.944
ecu,sex_t,age_ythadult_y15_64,edu_aggregate_x,2018,63.648
ecu,sex_t,age_ythadult_y15_64,edu_aggregate_x,2019,67.899
ecu,sex_t,age_ythadult_y15_64,edu_aggregate_x,2021,85.257
ecu,sex_t,age_ythadult_y15_64,edu_aggregate_x,2023,86.689
ecu,sex_t,age_ythadult_y15_64,edu_isced97_0,2000,65.722
ecu,sex_t,age_ythadult_y15_64,edu_isced97_0,2001,73.253
ecu,sex_t,age_ythadult_y15_64,edu_isced97_0,2003,66.368
ecu,sex_t,age_ythadult_y15_64,edu_isced97_0,2004,70.926
ecu,sex_t,age_ythadult_y15_64,edu_isced97_0,2005,72.856
ecu,sex_t,age_ythadult_y15_64,edu_isced97_0,2006,71.721
ecu,sex_t,age_ythadult_y15_64,edu_isced97_0,2007,70.487
ecu,sex_t,age_ythadult_y15_64,edu_isced97_0,2008,69.669
ecu,sex_t,age_ythadult_y15_64,edu_isced97_0,2009,67.665
ecu,sex_t,age_ythadult_y15_64,edu_isced97_0,2010,67.804
ecu,sex_t,age_ythadult_y15_64,edu_isced97_0,2011,66.504
ecu,sex_t,age_ythadult_y15_64,edu_isced97_0,2012,67.627
ecu,sex_t,age_ythadult_y15_64,edu_isced97_0,2013,69.07
ecu,sex_t,age_ythadult_y15_64,edu_isced97_0,2014,68.308
ecu,sex_t,age_ythadult_y15_64,edu_isced97_0,2015,72.844
ecu,sex_t,age_ythadult_y15_64,edu_isced97_0,2016,75.806
ecu,sex_t,age_ythadult_y15_64,edu_isced97_0,2017,76.097
ecu,sex_t,age_ythadult_y15_64,edu_isced97_0,2018,75.296
ecu,sex_t,age_ythadult_y15_64,edu_isced97_0,2019,75.198
ecu,sex_t,age_ythadult_y15_64,edu_isced97_0,2021,73.28
ecu,sex_t,age_ythadult_y15_64,edu_isced97_0,2022,72.393
ecu,sex_t,age_ythadult_y15_64,edu_isced97_0,2023,72.281
ecu,sex_t,age_ythadult_y15_64,edu_isced97_0,2024,70.633
ecu,sex_t,age_ythadult_y15_64,edu_isced97_1,2000,66.101
ecu,sex_t,age_ythadult_y15_64,edu_isced97_1,2001,73.707
ecu,sex_t,age_ythadult_y15_64,edu_isced97_1,2003,66.164
ecu,sex_t,age_ythadult_y15_64,edu_isced97_1,2004,70.04
ecu,sex_t,age_ythadult_y15_64,edu_isced97_1,2005,67.908
ecu,sex_t,age_ythadult_y15_64,edu_isced97_1,2006,68.573
ecu,sex_t,age_ythadult_y15_64,edu_isced97_1,2007,70.907
ecu,sex_t,age_ythadult_y15_64,edu_isced97_1,2008,70.553
ecu,sex_t,age_ythadult_y15_64,edu_isced97_1,2009,68.169
ecu,sex_t,age_ythadult_y15_64,edu_isced97_1,2010,68.515
ecu,sex_t,age_ythadult_y15_64,edu_isced97_1,2011,67.108
ecu,sex_t,age_ythadult_y15_64,edu_isced97_1,2012,68.506
ecu,sex_t,age_ythadult_y15_64,edu_isced97_1,2013,68.562
ecu,sex_t,age_ythadult_y15_64,edu_isced97_1,2014,68.142
ecu,sex_t,age_ythadult_y15_64,edu_isced97_1,2015,71.544
ecu,sex_t,age_ythadult_y15_64,edu_isced97_1,2016,74.113
ecu,sex_t,age_ythadult_y15_64,edu_isced97_1,2017,75.466
ecu,sex_t,age_ythadult_y15_64,edu_isced97_1,2018,74.384
ecu,sex_t,age_ythadult_y15_64,edu_isced97_1,2019,74.04
ecu,sex_t,age_ythadult_y15_64,edu_isced97_1,2021,73.434
ecu,sex_t,age_ythadult_y15_64,edu_isced97_1,2022,73.757
ecu,sex_t,age_ythadult_y15_64,edu_isced97_1,2023,72.685
ecu,sex_t,age_ythadult_y15_64,edu_isced97_1,2024,72.882
ecu,sex_t,age_ythadult_y15_64,edu_isced97_2,2000,66.232
ecu,sex_t,age_ythadult_y15_64,edu_isced97_2,2001,71.951
ecu,sex_t,age_ythadult_y15_64,edu_isced97_2,2003,57.245
ecu,sex_t,age_ythadult_y15_64,edu_isced97_2,2004,58.239
ecu,sex_t,age_ythadult_y15_64,edu_isced97_2,2005,61.901
ecu,sex_t,age_ythadult_y15_64,edu_isced97_2,2006,65.458
ecu,sex_t,age_ythadult_y15_64,edu_isced97_2,2007,50.696
ecu,sex_t,age_ythadult_y15_64,edu_isced97_2,2008,50.052
ecu,sex_t,age_ythadult_y15_64,edu_isced97_2,2009,46.098
ecu,sex_t,age_ythadult_y15_64,edu_isced97_2,2010,44.618
ecu,sex_t,age_ythadult_y15_64,edu_isced97_2,2011,43.874
ecu,sex_t,age_ythadult_y15_64,edu_isced97_2,2012,43.999
ecu,sex_t,age_ythadult_y15_64,edu_isced97_2,2013,43.183
ecu,sex_t,age_ythadult_y15_64,edu_isced97_2,2014,41.908
ecu,sex_t,age_ythadult_y15_64,edu_isced97_2,2015,45.17
ecu,sex_t,age_ythadult_y15_64,edu_isced97_2,2016,46.661
ecu,sex_t,age_ythadult_y15_64,edu_isced97_2,2017,48.03
ecu,sex_t,age_ythadult_y15_64,edu_isced97_2,2018,46.27
ecu,sex_t,age_ythadult_y15_64,edu_isced97_2,2019,45.874
ecu,sex_t,age_ythadult_y15_64,edu_isced97_2,2021,47.14
ecu,sex_t,age_ythadult_y15_64,edu_isced97_2,2022,46.101
ecu,sex_t,age_ythadult_y15_64,edu_isced97_2,2023,44.764
ecu,sex_t,age_ythadult_y15_64,edu_isced97_2,2024,45.851
ecu,sex_t,age_ythadult_y15_64,edu_isced97_3,2000,53.4
ecu,sex_t,age_ythadult_y15_64,edu_isced97_3,2001,60.702
ecu,sex_t,age_ythadult_y15_64,edu_isced97_3,2003,54.044
ecu,sex_t,age_ythadult_y15_64,edu_isced97_3,2004,55.192
ecu,sex_t,age_ythadult_y15_64,edu_isced97_3,2005,52.894
ecu,sex_t,age_ythadult_y15_64,edu_isced97_3,2006,51.808
ecu,sex_t,age_ythadult_y15_64,edu_isced97_3,2007,66.843
ecu,sex_t,age_ythadult_y15_64,edu_isced97_3,2008,65.874
ecu,sex_t,age_ythadult_y15_64,edu_isced97_3,2009,64.091
ecu,sex_t,age_ythadult_y15_64,edu_isced97_3,2010,62.277
ecu,sex_t,age_ythadult_y15_64,edu_isced97_3,2011,63.061
ecu,sex_t,age_ythadult_y15_64,edu_isced97_3,2012,64.615
ecu,sex_t,age_ythadult_y15_64,edu_isced97_3,2013,63.548
ecu,sex_t,age_ythadult_y15_64,edu_isced97_3,2014,63.489
ecu,sex_t,age_ythadult_y15_64,edu_isced97_3,2015,65.298
ecu,sex_t,age_ythadult_y15_64,edu_isced97_3,2016,65.824
ecu,sex_t,age_ythadult_y15_64,edu_isced97_3,2017,67.828
ecu,sex_t,age_ythadult_y15_64,edu_isced97_3,2018,66.603
ecu,sex_t,age_ythadult_y15_64,edu_isced97_3,2019,66.194
ecu,sex_t,age_ythadult_y15_64,edu_isced97_3,2021,66.038
ecu,sex_t,age_ythadult_y15_64,edu_isced97_3,2022,67.877
ecu,sex_t,age_ythadult_y15_64,edu_isced97_3,2023,66.414
ecu,sex_t,age_ythadult_y15_64,edu_isced97_3,2024,66.475
ecu,sex_t,age_ythadult_y15_64,edu_isced97_4,2003,68.651
ecu,sex_t,age_ythadult_y15_64,edu_isced97_4,2004,80.458
ecu,sex_t,age_ythadult_y15_64,edu_isced97_4,2005,79.138
ecu,sex_t,age_ythadult_y15_64,edu_isced97_4,2006,83.517
ecu,sex_t,age_ythadult_y15_64,edu_isced97_4,2007,87.485
ecu,sex_t,age_ythadult_y15_64,edu_isced97_4,2008,79.871
ecu,sex_t,age_ythadult_y15_64,edu_isced97_4,2009,83.222
ecu,sex_t,age_ythadult_y15_64,edu_isced97_4,2010,77.383
ecu,sex_t,age_ythadult_y15_64,edu_isced97_4,2011,81.299
ecu,sex_t,age_ythadult_y15_64,edu_isced97_4,2012,79.07
ecu,sex_t,age_ythadult_y15_64,edu_isced97_4,2013,83.471
ecu,sex_t,age_ythadult_y15_64,edu_isced97_4,2014,80.068
ecu,sex_t,age_ythadult_y15_64,edu_isced97_4,2015,83.927
ecu,sex_t,age_ythadult_y15_64,edu_isced97_4,2016,84.398
ecu,sex_t,age_ythadult_y15_64,edu_isced97_4,2017,84.571
ecu,sex_t,age_ythadult_y15_64,edu_isced97_4,2018,82.639
ecu,sex_t,age_ythadult_y15_64,edu_isced97_4,2019,82.512
ecu,sex_t,age_ythadult_y15_64,edu_isced97_4,2021,79.779
ecu,sex_t,age_ythadult_y15_64,edu_isced97_4,2022,81.388
ecu,sex_t,age_ythadult_y15_64,edu_isced97_4,2023,81.437
ecu,sex_t,age_ythadult_y15_64,edu_isced97_4,2024,80.001
ecu,sex_t,age_ythadult_y15_64,edu_isced97_5,2000,77.882
ecu,sex_t,age_ythadult_y15_64,edu_isced97_5,2001,78.052
ecu,sex_t,age_ythadult_y15_64,edu_isced97_5,2003,79.171
ecu,sex_t,age_ythadult_y15_64,edu_isced97_5,2004,79.506
ecu,sex_t,age_ythadult_y15_64,edu_isced97_5,2005,80.96
ecu,sex_t,age_ythadult_y15_64,edu_isced97_5,2006,82.272
ecu,sex_t,age_ythadult_y15_64,edu_isced97_5,2007,80.125
ecu,sex_t,age_ythadult_y15_64,edu_isced97_5,2008,80.016
ecu,sex_t,age_ythadult_y15_64,edu_isced97_5,2009,75.448
ecu,sex_t,age_ythadult_y15_64,edu_isced97_5,2010,75.911
ecu,sex_t,age_ythadult_y15_64,edu_isced97_5,2011,77.31
ecu,sex_t,age_ythadult_y15_64,edu_isced97_5,2012,77.738
ecu,sex_t,age_ythadult_y15_64,edu_isced97_5,2013,77.379
ecu,sex_t,age_ythadult_y15_64,edu_isced97_5,2014,76.129
ecu,sex_t,age_ythadult_y15_64,edu_isced97_5,2015,77.332
ecu,sex_t,age_ythadult_y15_64,edu_isced97_5,2016,76.673
ecu,sex_t,age_ythadult_y15_64,edu_isced97_5,2017,77.16
ecu,sex_t,age_ythadult_y15_64,edu_isced97_5,2018,76.846
ecu,sex_t,age_ythadult_y15_64,edu_isced97_5,2019,76.239
ecu,sex_t,age_ythadult_y15_64,edu_isced97_5,2021,74.036
ecu,sex_t,age_ythadult_y15_64,edu_isced97_5,2022,76.388
ecu,sex_t,age_ythadult_y15_64,edu_isced97_5,2023,74.456
ecu,sex_t,age_ythadult_y15_64,edu_isced97_5,2024,74.556
ecu,sex_t,age_ythadult_y15_64,edu_isced97_6,2001,87.355
ecu,sex_t,age_ythadult_y15_64,edu_isced97_6,2004,94.722
ecu,sex_t,age_ythadult_y15_64,edu_isced97_6,2007,97.412
ecu,sex_t,age_ythadult_y15_64,edu_isced97_6,2008,94.804
ecu,sex_t,age_ythadult_y15_64,edu_isced97_6,2009,90.048
ecu,sex_t,age_ythadult_y15_64,edu_isced97_6,2010,92.607
ecu,sex_t,age_ythadult_y15_64,edu_isced97_6,2011,92.231
ecu,sex_t,age_ythadult_y15_64,edu_isced97_6,2012,94.747
ecu,sex_t,age_ythadult_y15_64,edu_isced97_6,2013,94.397
ecu,sex_t,age_ythadult_y15_64,edu_isced97_6,2014,94.438
ecu,sex_t,age_ythadult_y15_64,edu_isced97_6,2015,92.566
ecu,sex_t,age_ythadult_y15_64,edu_isced97_6,2016,93.274
ecu,sex_t,age_ythadult_y15_64,edu_isced97_6,2018,91.31
ecu,sex_t,age_ythadult_y15_64,edu_isced97_6,2019,90.461
ecu,sex_t,age_ythadult_y15_64,edu_isced97_6,2021,90.395
ecu,sex_t,age_ythadult_y15_64,edu_isced97_6,2022,90.389
ecu,sex_t,age_ythadult_y15_64,edu_isced97_6,2023,92.228
ecu,sex_t,age_ythadult_y15_64,edu_isced97_6,2024,90.752
ecu,sex_t,age_ythadult_y15_64,edu_isced97_total,2000,62.722
ecu,sex_t,age_ythadult_y15_64,edu_isced97_total,2001,68.593
ecu,sex_t,age_ythadult_y15_64,edu_isced97_total,2003,64.046
ecu,sex_t,age_ythadult_y15_64,edu_isced97_total,2004,66.627
ecu,sex_t,age_ythadult_y15_64,edu_isced97_total,2005,67.041
ecu,sex_t,age_ythadult_y15_64,edu_isced97_total,2006,68.303
ecu,sex_t,age_ythadult_y15_64,edu_isced97_total,2007,67.438
ecu,sex_t,age_ythadult_y15_64,edu_isced97_total,2008,66.777
ecu,sex_t,age_ythadult_y15_64,edu_isced97_total,2009,64.236
ecu,sex_t,age_ythadult_y15_64,edu_isced97_total,2010,63.649
ecu,sex_t,age_ythadult_y15_64,edu_isced97_total,2011,63.251
ecu,sex_t,age_ythadult_y15_64,edu_isced97_total,2012,64.302
ecu,sex_t,age_ythadult_y15_64,edu_isced97_total,2013,63.936
ecu,sex_t,age_ythadult_y15_64,edu_isced97_total,2014,63.375
ecu,sex_t,age_ythadult_y15_64,edu_isced97_total,2015,65.836
ecu,sex_t,age_ythadult_y15_64,edu_isced97_total,2016,67.062
ecu,sex_t,age_ythadult_y15_64,edu_isced97_total,2017,68.225
ecu,sex_t,age_ythadult_y15_64,edu_isced97_total,2018,67.371
ecu,sex_t,age_ythadult_y15_64,edu_isced97_total,2019,66.993
ecu,sex_t,age_ythadult_y15_64,edu_isced97_total,2021,66.296
ecu,sex_t,age_ythadult_y15_64,edu_isced97_total,2022,67.079
ecu,sex_t,age_ythadult_y15_64,edu_isced97_total,2023,66.196
ecu,sex_t,age_ythadult_y15_64,edu_isced97_total,2024,66.268
ecu,sex_t,age_ythadult_y15_64,edu_isced97_unk,2001,50.863
ecu,sex_t,age_ythadult_y15_64,edu_isced97_unk,2007,91.631
ecu,sex_t,age_ythadult_y15_64,edu_isced97_unk,2015,47.235
ecu,sex_t,age_ythadult_y15_64,edu_isced97_unk,2016,64.079
ecu,sex_t,age_ythadult_y15_64,edu_isced97_unk,2017,66.944
ecu,sex_t,age_ythadult_y15_64,edu_isced97_unk,2018,63.648
ecu,sex_t,age_ythadult_y15_64,edu_isced97_unk,2019,67.899
ecu,sex_t,age_ythadult_y15_64,edu_isced97_unk,2021,85.257
ecu,sex_t,age_ythadult_y15_64,edu_isced97_unk,2023,86.689
ecu,sex_t,age_ythadult_y15_64,edu_isced97_x,2000,64.466
ecu,sex_t,age_ythadult_y15_64,edu_isced97_x,2001,71.466
ecu,sex_t,age_ythadult_y15_64,edu_isced97_x,2003,62.254
ecu,sex_t,age_ythadult_y15_64,edu_isced97_x,2004,66.923
ecu,sex_t,age_ythadult_y15_64,edu_isced97_x,2005,65.642
ecu,sex_t,age_ythadult_y15_64,edu_isced97_x,2006,66.743
ecu,sex_t,age_ythadult_y15_64,edu_isced97_x,2007,61.404
ecu,sex_t,age_ythadult_y15_64,edu_isced97_x,2008,61.037
ecu,sex_t,age_ythadult_y15_64,edu_isced97_x,2009,61.058
ecu,sex_t,age_ythadult_y15_64,edu_isced97_x,2010,59.727
ecu,sex_t,age_ythadult_y15_64,edu_isced97_x,2011,58.222
ecu,sex_t,age_ythadult_y15_64,edu_isced97_x,2012,58.592
ecu,sex_t,age_ythadult_y15_64,edu_isced97_x,2013,57.904
ecu,sex_t,age_ythadult_y15_64,edu_isced97_x,2014,58.192
ecu,sex_t,age_ythadult_y15_64,edu_isced97_x,2015,60.712
ecu,sex_t,age_ythadult_y15_64,edu_isced97_x,2016,60.713
ecu,sex_t,age_ythadult_y15_64,edu_isced97_x,2017,65.105
ecu,sex_t,age_ythadult_y15_64,edu_isced97_x,2018,66.104
ecu,sex_t,age_ythadult_y15_64,edu_isced97_x,2019,66.313
ecu,sex_t,age_ythadult_y15_64,edu_isced97_x,2021,56.742
ecu,sex_t,age_ythadult_y15_64,edu_isced97_x,2022,55.189
ecu,sex_t,age_ythadult_y15_64,edu_isced97_x,2023,61.471
ecu,sex_t,age_ythadult_y15_64,edu_isced97_x,2024,58.548
ecu,sex_t,age_ythadult_yge15,edu_aggregate_adv,2000,76.458
ecu,sex_t,age_ythadult_yge15,edu_aggregate_adv,2001,77.117
ecu,sex_t,age_ythadult_yge15,edu_aggregate_adv,2003,78.86
ecu,sex_t,age_ythadult_yge15,edu_aggregate_adv,2004,79.266
ecu,sex_t,age_ythadult_yge15,edu_aggregate_adv,2005,80.435
ecu,sex_t,age_ythadult_yge15,edu_aggregate_adv,2006,81.874
ecu,sex_t,age_ythadult_yge15,edu_aggregate_adv,2007,79.636
ecu,sex_t,age_ythadult_yge15,edu_aggregate_adv,2008,79.798
ecu,sex_t,age_ythadult_yge15,edu_aggregate_adv,2009,75.406
ecu,sex_t,age_ythadult_yge15,edu_aggregate_adv,2010,75.512
ecu,sex_t,age_ythadult_yge15,edu_aggregate_adv,2011,76.156
ecu,sex_t,age_ythadult_yge15,edu_aggregate_adv,2012,76.438
ecu,sex_t,age_ythadult_yge15,edu_aggregate_adv,2013,76.095
ecu,sex_t,age_ythadult_yge15,edu_aggregate_adv,2014,75.224
ecu,sex_t,age_ythadult_yge15,edu_aggregate_adv,2015,76.545
ecu,sex_t,age_ythadult_yge15,edu_aggregate_adv,2016,75.865
ecu,sex_t,age_ythadult_yge15,edu_aggregate_adv,2017,75.957
ecu,sex_t,age_ythadult_yge15,edu_aggregate_adv,2018,75.188
ecu,sex_t,age_ythadult_yge15,edu_aggregate_adv,2019,74.151
ecu,sex_t,age_ythadult_yge15,edu_aggregate_adv,2021,71.977
ecu,sex_t,age_ythadult_yge15,edu_aggregate_adv,2022,73.894
ecu,sex_t,age_ythadult_yge15,edu_aggregate_adv,2023,72.5
ecu,sex_t,age_ythadult_yge15,edu_aggregate_adv,2024,72.675
ecu,sex_t,age_ythadult_yge15,edu_aggregate_bas,2000,63.505
ecu,sex_t,age_ythadult_yge15,edu_aggregate_bas,2001,69.467
ecu,sex_t,age_ythadult_yge15,edu_aggregate_bas,2003,60.368
ecu,sex_t,age_ythadult_yge15,edu_aggregate_bas,2004,62.829
ecu,sex_t,age_ythadult_yge15,edu_aggregate_bas,2005,63.222
ecu,sex_t,age_ythadult_yge15,edu_aggregate_bas,2006,64.933
ecu,sex_t,age_ythadult_yge15,edu_aggregate_bas,2007,61.855
ecu,sex_t,age_ythadult_yge15,edu_aggregate_bas,2008,61.31
ecu,sex_t,age_ythadult_yge15,edu_aggregate_bas,2009,58.015
ecu,sex_t,age_ythadult_yge15,edu_aggregate_bas,2010,57.109
ecu,sex_t,age_ythadult_yge15,edu_aggregate_bas,2011,55.708
ecu,sex_t,age_ythadult_yge15,edu_aggregate_bas,2012,56.417
ecu,sex_t,age_ythadult_yge15,edu_aggregate_bas,2013,56.414
ecu,sex_t,age_ythadult_yge15,edu_aggregate_bas,2014,56.417
ecu,sex_t,age_ythadult_yge15,edu_aggregate_bas,2015,59.546
ecu,sex_t,age_ythadult_yge15,edu_aggregate_bas,2016,61.211
ecu,sex_t,age_ythadult_yge15,edu_aggregate_bas,2017,62.152
ecu,sex_t,age_ythadult_yge15,edu_aggregate_bas,2018,60.821
ecu,sex_t,age_ythadult_yge15,edu_aggregate_bas,2019,60.096
ecu,sex_t,age_ythadult_yge15,edu_aggregate_bas,2021,59.819
ecu,sex_t,age_ythadult_yge15,edu_aggregate_bas,2022,59.687
ecu,sex_t,age_ythadult_yge15,edu_aggregate_bas,2023,58.194
ecu,sex_t,age_ythadult_yge15,edu_aggregate_bas,2024,58.65
ecu,sex_t,age_ythadult_yge15,edu_aggregate_int,2000,52.7
ecu,sex_t,age_ythadult_yge15,edu_aggregate_int,2001,60.092
ecu,sex_t,age_ythadult_yge15,edu_aggregate_int,2003,55.732
ecu,sex_t,age_ythadult_yge15,edu_aggregate_int,2004,57.312
ecu,sex_t,age_ythadult_yge15,edu_aggregate_int,2005,55.322
ecu,sex_t,age_ythadult_yge15,edu_aggregate_int,2006,54.043
ecu,sex_t,age_ythadult_yge15,edu_aggregate_int,2007,65.547
ecu,sex_t,age_ythadult_yge15,edu_aggregate_int,2008,64.703
ecu,sex_t,age_ythadult_yge15,edu_aggregate_int,2009,62.703
ecu,sex_t,age_ythadult_yge15,edu_aggregate_int,2010,60.787
ecu,sex_t,age_ythadult_yge15,edu_aggregate_int,2011,61.708
ecu,sex_t,age_ythadult_yge15,edu_aggregate_int,2012,62.711
ecu,sex_t,age_ythadult_yge15,edu_aggregate_int,2013,62.031
ecu,sex_t,age_ythadult_yge15,edu_aggregate_int,2014,62.578
ecu,sex_t,age_ythadult_yge15,edu_aggregate_int,2015,64.655
ecu,sex_t,age_ythadult_yge15,edu_aggregate_int,2016,65.082
ecu,sex_t,age_ythadult_yge15,edu_aggregate_int,2017,67.095
ecu,sex_t,age_ythadult_yge15,edu_aggregate_int,2018,65.557
ecu,sex_t,age_ythadult_yge15,edu_aggregate_int,2019,64.946
ecu,sex_t,age_ythadult_yge15,edu_aggregate_int,2021,64.842
ecu,sex_t,age_ythadult_yge15,edu_aggregate_int,2022,66.722
ecu,sex_t,age_ythadult_yge15,edu_aggregate_int,2023,65.264
ecu,sex_t,age_ythadult_yge15,edu_aggregate_int,2024,65.212
ecu,sex_t,age_ythadult_yge15,edu_aggregate_ltb,2000,57.042
ecu,sex_t,age_ythadult_yge15,edu_aggregate_ltb,2001,64.916
ecu,sex_t,age_ythadult_yge15,edu_aggregate_ltb,2003,56.943
ecu,sex_t,age_ythadult_yge15,edu_aggregate_ltb,2004,60.55
ecu,sex_t,age_ythadult_yge15,edu_aggregate_ltb,2005,60.76
ecu,sex_t,age_ythadult_yge15,edu_aggregate_ltb,2006,60.328
ecu,sex_t,age_ythadult_yge15,edu_aggregate_ltb,2007,61.481
ecu,sex_t,age_ythadult_yge15,edu_aggregate_ltb,2008,59.609
ecu,sex_t,age_ythadult_yge15,edu_aggregate_ltb,2009,57.352
ecu,sex_t,age_ythadult_yge15,edu_aggregate_ltb,2010,55.933
ecu,sex_t,age_ythadult_yge15,edu_aggregate_ltb,2011,54.837
ecu,sex_t,age_ythadult_yge15,edu_aggregate_ltb,2012,54.977
ecu,sex_t,age_ythadult_yge15,edu_aggregate_ltb,2013,55.573
ecu,sex_t,age_ythadult_yge15,edu_aggregate_ltb,2014,55.738
ecu,sex_t,age_ythadult_yge15,edu_aggregate_ltb,2015,60.339
ecu,sex_t,age_ythadult_yge15,edu_aggregate_ltb,2016,63.016
ecu,sex_t,age_ythadult_yge15,edu_aggregate_ltb,2017,63.06
ecu,sex_t,age_ythadult_yge15,edu_aggregate_ltb,2018,61.976
ecu,sex_t,age_ythadult_yge15,edu_aggregate_ltb,2019,61.622
ecu,sex_t,age_ythadult_yge15,edu_aggregate_ltb,2021,56.524
ecu,sex_t,age_ythadult_yge15,edu_aggregate_ltb,2022,55.323
ecu,sex_t,age_ythadult_yge15,edu_aggregate_ltb,2023,56.048
ecu,sex_t,age_ythadult_yge15,edu_aggregate_ltb,2024,55.086
ecu,sex_t,age_ythadult_yge15,edu_aggregate_total,2000,60.403
ecu,sex_t,age_ythadult_yge15,edu_aggregate_total,2001,66.396
ecu,sex_t,age_ythadult_yge15,edu_aggregate_total,2003,61.636
ecu,sex_t,age_ythadult_yge15,edu_aggregate_total,2004,64.093
ecu,sex_t,age_ythadult_yge15,edu_aggregate_total,2005,64.446
ecu,sex_t,age_ythadult_yge15,edu_aggregate_total,2006,65.536
ecu,sex_t,age_ythadult_yge15,edu_aggregate_total,2007,64.669
ecu,sex_t,age_ythadult_yge15,edu_aggregate_total,2008,63.943
ecu,sex_t,age_ythadult_yge15,edu_aggregate_total,2009,61.063
ecu,sex_t,age_ythadult_yge15,edu_aggregate_total,2010,60.122
ecu,sex_t,age_ythadult_yge15,edu_aggregate_total,2011,59.643
ecu,sex_t,age_ythadult_yge15,edu_aggregate_total,2012,60.431
ecu,sex_t,age_ythadult_yge15,edu_aggregate_total,2013,60.342
ecu,sex_t,age_ythadult_yge15,edu_aggregate_total,2014,60.44
ecu,sex_t,age_ythadult_yge15,edu_aggregate_total,2015,63.284
ecu,sex_t,age_ythadult_yge15,edu_aggregate_total,2016,64.558
ecu,sex_t,age_ythadult_yge15,edu_aggregate_total,2017,65.539
ecu,sex_t,age_ythadult_yge15,edu_aggregate_total,2018,64.308
ecu,sex_t,age_ythadult_yge15,edu_aggregate_total,2019,63.656
ecu,sex_t,age_ythadult_yge15,edu_aggregate_total,2021,62.728
ecu,sex_t,age_ythadult_yge15,edu_aggregate_total,2022,63.388
ecu,sex_t,age_ythadult_yge15,edu_aggregate_total,2023,62.225
ecu,sex_t,age_ythadult_yge15,edu_aggregate_total,2024,62.311
ecu,sex_t,age_ythadult_yge15,edu_aggregate_x,2001,44.524
ecu,sex_t,age_ythadult_yge15,edu_aggregate_x,2007,84.476
ecu,sex_t,age_ythadult_yge15,edu_aggregate_x,2008,100
ecu,sex_t,age_ythadult_yge15,edu_aggregate_x,2012,100
ecu,sex_t,age_ythadult_yge15,edu_aggregate_x,2015,37.47
ecu,sex_t,age_ythadult_yge15,edu_aggregate_x,2016,63.287
ecu,sex_t,age_ythadult_yge15,edu_aggregate_x,2017,62.951
ecu,sex_t,age_ythadult_yge15,edu_aggregate_x,2018,63.484
ecu,sex_t,age_ythadult_yge15,edu_aggregate_x,2019,66.032
ecu,sex_t,age_ythadult_yge15,edu_aggregate_x,2021,77.624
ecu,sex_t,age_ythadult_yge15,edu_aggregate_x,2022,59.796
ecu,sex_t,age_ythadult_yge15,edu_aggregate_x,2023,78.626
ecu,sex_t,age_ythadult_yge15,edu_aggregate_x,2024,79.948
ecu,sex_t,age_ythadult_yge15,edu_isced97_0,2000,59.913
ecu,sex_t,age_ythadult_yge15,edu_isced97_0,2001,69.13
ecu,sex_t,age_ythadult_yge15,edu_isced97_0,2003,61.027
ecu,sex_t,age_ythadult_yge15,edu_isced97_0,2004,64.543
ecu,sex_t,age_ythadult_yge15,edu_isced97_0,2005,66.385
ecu,sex_t,age_ythadult_yge15,edu_isced97_0,2006,64.163
ecu,sex_t,age_ythadult_yge15,edu_isced97_0,2007,65.018
ecu,sex_t,age_ythadult_yge15,edu_isced97_0,2008,63.139
ecu,sex_t,age_ythadult_yge15,edu_isced97_0,2009,60.689
ecu,sex_t,age_ythadult_yge15,edu_isced97_0,2010,59.91
ecu,sex_t,age_ythadult_yge15,edu_isced97_0,2011,58.519
ecu,sex_t,age_ythadult_yge15,edu_isced97_0,2012,58.838
ecu,sex_t,age_ythadult_yge15,edu_isced97_0,2013,59.979
ecu,sex_t,age_ythadult_yge15,edu_isced97_0,2014,59.801
ecu,sex_t,age_ythadult_yge15,edu_isced97_0,2015,64.594
ecu,sex_t,age_ythadult_yge15,edu_isced97_0,2016,68.089
ecu,sex_t,age_ythadult_yge15,edu_isced97_0,2017,67.351
ecu,sex_t,age_ythadult_yge15,edu_isced97_0,2018,65.793
ecu,sex_t,age_ythadult_yge15,edu_isced97_0,2019,65.162
ecu,sex_t,age_ythadult_yge15,edu_isced97_0,2021,61.633
ecu,sex_t,age_ythadult_yge15,edu_isced97_0,2022,59.759
ecu,sex_t,age_ythadult_yge15,edu_isced97_0,2023,59.697
ecu,sex_t,age_ythadult_yge15,edu_isced97_0,2024,59.231
ecu,sex_t,age_ythadult_yge15,edu_isced97_1,2000,61.388
ecu,sex_t,age_ythadult_yge15,edu_isced97_1,2001,69.298
ecu,sex_t,age_ythadult_yge15,edu_isced97_1,2003,63.372
ecu,sex_t,age_ythadult_yge15,edu_isced97_1,2004,66.833
ecu,sex_t,age_ythadult_yge15,edu_isced97_1,2005,64.94
ecu,sex_t,age_ythadult_yge15,edu_isced97_1,2006,65.55
ecu,sex_t,age_ythadult_yge15,edu_isced97_1,2007,67.881
ecu,sex_t,age_ythadult_yge15,edu_isced97_1,2008,67.587
ecu,sex_t,age_ythadult_yge15,edu_isced97_1,2009,64.484
ecu,sex_t,age_ythadult_yge15,edu_isced97_1,2010,64.388
ecu,sex_t,age_ythadult_yge15,edu_isced97_1,2011,62.481
ecu,sex_t,age_ythadult_yge15,edu_isced97_1,2012,63.741
ecu,sex_t,age_ythadult_yge15,edu_isced97_1,2013,64.223
ecu,sex_t,age_ythadult_yge15,edu_isced97_1,2014,64.645
ecu,sex_t,age_ythadult_yge15,edu_isced97_1,2015,68.08
ecu,sex_t,age_ythadult_yge15,edu_isced97_1,2016,70.466
ecu,sex_t,age_ythadult_yge15,edu_isced97_1,2017,71.633
ecu,sex_t,age_ythadult_yge15,edu_isced97_1,2018,69.846
ecu,sex_t,age_ythadult_yge15,edu_isced97_1,2019,68.991
ecu,sex_t,age_ythadult_yge15,edu_isced97_1,2021,68.15
ecu,sex_t,age_ythadult_yge15,edu_isced97_1,2022,68.487
ecu,sex_t,age_ythadult_yge15,edu_isced97_1,2023,66.64
ecu,sex_t,age_ythadult_yge15,edu_isced97_1,2024,66.741
ecu,sex_t,age_ythadult_yge15,edu_isced97_2,2000,64.115
ecu,sex_t,age_ythadult_yge15,edu_isced97_2,2001,69.516
ecu,sex_t,age_ythadult_yge15,edu_isced97_2,2003,56.125
ecu,sex_t,age_ythadult_yge15,edu_isced97_2,2004,57.194
ecu,sex_t,age_ythadult_yge15,edu_isced97_2,2005,60.628
ecu,sex_t,age_ythadult_yge15,edu_isced97_2,2006,63.984
ecu,sex_t,age_ythadult_yge15,edu_isced97_2,2007,50.159
ecu,sex_t,age_ythadult_yge15,edu_isced97_2,2008,49.512
ecu,sex_t,age_ythadult_yge15,edu_isced97_2,2009,45.613
ecu,sex_t,age_ythadult_yge15,edu_isced97_2,2010,44.1
ecu,sex_t,age_ythadult_yge15,edu_isced97_2,2011,43.381
ecu,sex_t,age_ythadult_yge15,edu_isced97_2,2012,43.343
ecu,sex_t,age_ythadult_yge15,edu_isced97_2,2013,42.711
ecu,sex_t,age_ythadult_yge15,edu_isced97_2,2014,41.664
ecu,sex_t,age_ythadult_yge15,edu_isced97_2,2015,45.016
ecu,sex_t,age_ythadult_yge15,edu_isced97_2,2016,46.446
ecu,sex_t,age_ythadult_yge15,edu_isced97_2,2017,47.774
ecu,sex_t,age_ythadult_yge15,edu_isced97_2,2018,45.909
ecu,sex_t,age_ythadult_yge15,edu_isced97_2,2019,45.506
ecu,sex_t,age_ythadult_yge15,edu_isced97_2,2021,46.667
ecu,sex_t,age_ythadult_yge15,edu_isced97_2,2022,45.671
ecu,sex_t,age_ythadult_yge15,edu_isced97_2,2023,44.32
ecu,sex_t,age_ythadult_yge15,edu_isced97_2,2024,45.253
ecu,sex_t,age_ythadult_yge15,edu_isced97_3,2000,52.7
ecu,sex_t,age_ythadult_yge15,edu_isced97_3,2001,60.092
ecu,sex_t,age_ythadult_yge15,edu_isced97_3,2003,53.916
ecu,sex_t,age_ythadult_yge15,edu_isced97_3,2004,55.036
ecu,sex_t,age_ythadult_yge15,edu_isced97_3,2005,52.932
ecu,sex_t,age_ythadult_yge15,edu_isced97_3,2006,51.774
ecu,sex_t,age_ythadult_yge15,edu_isced97_3,2007,65.285
ecu,sex_t,age_ythadult_yge15,edu_isced97_3,2008,64.539
ecu,sex_t,age_ythadult_yge15,edu_isced97_3,2009,62.509
ecu,sex_t,age_ythadult_yge15,edu_isced97_3,2010,60.529
ecu,sex_t,age_ythadult_yge15,edu_isced97_3,2011,61.398
ecu,sex_t,age_ythadult_yge15,edu_isced97_3,2012,62.468
ecu,sex_t,age_ythadult_yge15,edu_isced97_3,2013,61.642
ecu,sex_t,age_ythadult_yge15,edu_isced97_3,2014,62.238
ecu,sex_t,age_ythadult_yge15,edu_isced97_3,2015,64.149
ecu,sex_t,age_ythadult_yge15,edu_isced97_3,2016,64.481
ecu,sex_t,age_ythadult_yge15,edu_isced97_3,2017,66.533
ecu,sex_t,age_ythadult_yge15,edu_isced97_3,2018,65.058
ecu,sex_t,age_ythadult_yge15,edu_isced97_3,2019,64.378
ecu,sex_t,age_ythadult_yge15,edu_isced97_3,2021,64.264
ecu,sex_t,age_ythadult_yge15,edu_isced97_3,2022,66.143
ecu,sex_t,age_ythadult_yge15,edu_isced97_3,2023,64.564
ecu,sex_t,age_ythadult_yge15,edu_isced97_3,2024,64.507
ecu,sex_t,age_ythadult_yge15,edu_isced97_4,2003,67.938
ecu,sex_t,age_ythadult_yge15,edu_isced97_4,2004,79.028
ecu,sex_t,age_ythadult_yge15,edu_isced97_4,2005,78.083
ecu,sex_t,age_ythadult_yge15,edu_isced97_4,2006,80.914
ecu,sex_t,age_ythadult_yge15,edu_isced97_4,2007,85.096
ecu,sex_t,age_ythadult_yge15,edu_isced97_4,2008,78.278
ecu,sex_t,age_ythadult_yge15,edu_isced97_4,2009,82.43
ecu,sex_t,age_ythadult_yge15,edu_isced97_4,2010,74.426
ecu,sex_t,age_ythadult_yge15,edu_isced97_4,2011,79.178
ecu,sex_t,age_ythadult_yge15,edu_isced97_4,2012,78.441
ecu,sex_t,age_ythadult_yge15,edu_isced97_4,2013,82.021
ecu,sex_t,age_ythadult_yge15,edu_isced97_4,2014,78.19
ecu,sex_t,age_ythadult_yge15,edu_isced97_4,2015,82.845
ecu,sex_t,age_ythadult_yge15,edu_isced97_4,2016,83.433
ecu,sex_t,age_ythadult_yge15,edu_isced97_4,2017,83.379
ecu,sex_t,age_ythadult_yge15,edu_isced97_4,2018,80.946
ecu,sex_t,age_ythadult_yge15,edu_isced97_4,2019,80.719
ecu,sex_t,age_ythadult_yge15,edu_isced97_4,2021,78.622
ecu,sex_t,age_ythadult_yge15,edu_isced97_4,2022,80.212
ecu,sex_t,age_ythadult_yge15,edu_isced97_4,2023,79.516
ecu,sex_t,age_ythadult_yge15,edu_isced97_4,2024,78.798
ecu,sex_t,age_ythadult_yge15,edu_isced97_5,2000,76.458
ecu,sex_t,age_ythadult_yge15,edu_isced97_5,2001,76.635
ecu,sex_t,age_ythadult_yge15,edu_isced97_5,2003,78.312
ecu,sex_t,age_ythadult_yge15,edu_isced97_5,2004,78.616
ecu,sex_t,age_ythadult_yge15,edu_isced97_5,2005,79.717
ecu,sex_t,age_ythadult_yge15,edu_isced97_5,2006,81.218
ecu,sex_t,age_ythadult_yge15,edu_isced97_5,2007,78.75
ecu,sex_t,age_ythadult_yge15,edu_isced97_5,2008,78.887
ecu,sex_t,age_ythadult_yge15,edu_isced97_5,2009,74.537
ecu,sex_t,age_ythadult_yge15,edu_isced97_5,2010,74.464
ecu,sex_t,age_ythadult_yge15,edu_isced97_5,2011,75.459
ecu,sex_t,age_ythadult_yge15,edu_isced97_5,2012,75.531
ecu,sex_t,age_ythadult_yge15,edu_isced97_5,2013,75.184
ecu,sex_t,age_ythadult_yge15,edu_isced97_5,2014,74.136
ecu,sex_t,age_ythadult_yge15,edu_isced97_5,2015,75.562
ecu,sex_t,age_ythadult_yge15,edu_isced97_5,2016,74.43
ecu,sex_t,age_ythadult_yge15,edu_isced97_5,2017,74.759
ecu,sex_t,age_ythadult_yge15,edu_isced97_5,2018,74.026
ecu,sex_t,age_ythadult_yge15,edu_isced97_5,2019,73.006
ecu,sex_t,age_ythadult_yge15,edu_isced97_5,2021,70.492
ecu,sex_t,age_ythadult_yge15,edu_isced97_5,2022,72.551
ecu,sex_t,age_ythadult_yge15,edu_isced97_5,2023,70.623
ecu,sex_t,age_ythadult_yge15,edu_isced97_5,2024,70.736
ecu,sex_t,age_ythadult_yge15,edu_isced97_6,2001,87.272
ecu,sex_t,age_ythadult_yge15,edu_isced97_6,2003,91.008
ecu,sex_t,age_ythadult_yge15,edu_isced97_6,2004,91.835
ecu,sex_t,age_ythadult_yge15,edu_isced97_6,2005,95.976
ecu,sex_t,age_ythadult_yge15,edu_isced97_6,2006,94.943
ecu,sex_t,age_ythadult_yge15,edu_isced97_6,2007,95.187
ecu,sex_t,age_ythadult_yge15,edu_isced97_6,2008,93.474
ecu,sex_t,age_ythadult_yge15,edu_isced97_6,2009,88.07
ecu,sex_t,age_ythadult_yge15,edu_isced97_6,2010,89.204
ecu,sex_t,age_ythadult_yge15,edu_isced97_6,2011,88.613
ecu,sex_t,age_ythadult_yge15,edu_isced97_6,2012,92.314
ecu,sex_t,age_ythadult_yge15,edu_isced97_6,2013,90.018
ecu,sex_t,age_ythadult_yge15,edu_isced97_6,2014,89.546
ecu,sex_t,age_ythadult_yge15,edu_isced97_6,2015,89.501
ecu,sex_t,age_ythadult_yge15,edu_isced97_6,2016,90.172
ecu,sex_t,age_ythadult_yge15,edu_isced97_6,2017,87.907
ecu,sex_t,age_ythadult_yge15,edu_isced97_6,2018,87.242
ecu,sex_t,age_ythadult_yge15,edu_isced97_6,2019,85.151
ecu,sex_t,age_ythadult_yge15,edu_isced97_6,2021,84.039
ecu,sex_t,age_ythadult_yge15,edu_isced97_6,2022,84.175
ecu,sex_t,age_ythadult_yge15,edu_isced97_6,2023,86.116
ecu,sex_t,age_ythadult_yge15,edu_isced97_6,2024,85.247
ecu,sex_t,age_ythadult_yge15,edu_isced97_total,2000,60.403
ecu,sex_t,age_ythadult_yge15,edu_isced97_total,2001,66.396
ecu,sex_t,age_ythadult_yge15,edu_isced97_total,2003,61.636
ecu,sex_t,age_ythadult_yge15,edu_isced97_total,2004,64.093
ecu,sex_t,age_ythadult_yge15,edu_isced97_total,2005,64.446
ecu,sex_t,age_ythadult_yge15,edu_isced97_total,2006,65.536
ecu,sex_t,age_ythadult_yge15,edu_isced97_total,2007,64.669
ecu,sex_t,age_ythadult_yge15,edu_isced97_total,2008,63.943
ecu,sex_t,age_ythadult_yge15,edu_isced97_total,2009,61.063
ecu,sex_t,age_ythadult_yge15,edu_isced97_total,2010,60.122
ecu,sex_t,age_ythadult_yge15,edu_isced97_total,2011,59.643
ecu,sex_t,age_ythadult_yge15,edu_isced97_total,2012,60.431
ecu,sex_t,age_ythadult_yge15,edu_isced97_total,2013,60.342
ecu,sex_t,age_ythadult_yge15,edu_isced97_total,2014,60.44
ecu,sex_t,age_ythadult_yge15,edu_isced97_total,2015,63.284
ecu,sex_t,age_ythadult_yge15,edu_isced97_total,2016,64.558
ecu,sex_t,age_ythadult_yge15,edu_isced97_total,2017,65.539
ecu,sex_t,age_ythadult_yge15,edu_isced97_total,2018,64.308
ecu,sex_t,age_ythadult_yge15,edu_isced97_total,2019,63.656
ecu,sex_t,age_ythadult_yge15,edu_isced97_total,2021,62.728
ecu,sex_t,age_ythadult_yge15,edu_isced97_total,2022,63.388
ecu,sex_t,age_ythadult_yge15,edu_isced97_total,2023,62.225
ecu,sex_t,age_ythadult_yge15,edu_isced97_total,2024,62.311
ecu,sex_t,age_ythadult_yge15,edu_isced97_unk,2001,44.524
ecu,sex_t,age_ythadult_yge15,edu_isced97_unk,2007,84.476
ecu,sex_t,age_ythadult_yge15,edu_isced97_unk,2008,100
ecu,sex_t,age_ythadult_yge15,edu_isced97_unk,2012,100
ecu,sex_t,age_ythadult_yge15,edu_isced97_unk,2015,37.47
ecu,sex_t,age_ythadult_yge15,edu_isced97_unk,2016,63.287
ecu,sex_t,age_ythadult_yge15,edu_isced97_unk,2017,62.951
ecu,sex_t,age_ythadult_yge15,edu_isced97_unk,2018,63.484
ecu,sex_t,age_ythadult_yge15,edu_isced97_unk,2019,66.032
ecu,sex_t,age_ythadult_yge15,edu_isced97_unk,2021,77.624
ecu,sex_t,age_ythadult_yge15,edu_isced97_unk,2022,59.796
ecu,sex_t,age_ythadult_yge15,edu_isced97_unk,2023,78.626
ecu,sex_t,age_ythadult_yge15,edu_isced97_unk,2024,79.948
ecu,sex_t,age_ythadult_yge15,edu_isced97_x,2000,55.656
ecu,sex_t,age_ythadult_yge15,edu_isced97_x,2001,61.929
ecu,sex_t,age_ythadult_yge15,edu_isced97_x,2003,54.444
ecu,sex_t,age_ythadult_yge15,edu_isced97_x,2004,57.915
ecu,sex_t,age_ythadult_yge15,edu_isced97_x,2005,57.321
ecu,sex_t,age_ythadult_yge15,edu_isced97_x,2006,57.807
ecu,sex_t,age_ythadult_yge15,edu_isced97_x,2007,53.887
ecu,sex_t,age_ythadult_yge15,edu_isced97_x,2008,51.992
ecu,sex_t,age_ythadult_yge15,edu_isced97_x,2009,49.931
ecu,sex_t,age_ythadult_yge15,edu_isced97_x,2010,47.463
ecu,sex_t,age_ythadult_yge15,edu_isced97_x,2011,47.817
ecu,sex_t,age_ythadult_yge15,edu_isced97_x,2012,47.592
ecu,sex_t,age_ythadult_yge15,edu_isced97_x,2013,46.476
ecu,sex_t,age_ythadult_yge15,edu_isced97_x,2014,46.403
ecu,sex_t,age_ythadult_yge15,edu_isced97_x,2015,50.36
ecu,sex_t,age_ythadult_yge15,edu_isced97_x,2016,51.591
ecu,sex_t,age_ythadult_yge15,edu_isced97_x,2017,53.573
ecu,sex_t,age_ythadult_yge15,edu_isced97_x,2018,54.046
ecu,sex_t,age_ythadult_yge15,edu_isced97_x,2019,54.452
ecu,sex_t,age_ythadult_yge15,edu_isced97_x,2021,45.281
ecu,sex_t,age_ythadult_yge15,edu_isced97_x,2022,45.904
ecu,sex_t,age_ythadult_yge15,edu_isced97_x,2023,48.987
ecu,sex_t,age_ythadult_yge15,edu_isced97_x,2024,46.751
ecu,sex_t,age_ythadult_yge25,edu_aggregate_adv,2000,81.401
ecu,sex_t,age_ythadult_yge25,edu_aggregate_adv,2001,81.783
ecu,sex_t,age_ythadult_yge25,edu_aggregate_adv,2003,83.715
ecu,sex_t,age_ythadult_yge25,edu_aggregate_adv,2004,84.706
ecu,sex_t,age_ythadult_yge25,edu_aggregate_adv,2005,84.522
ecu,sex_t,age_ythadult_yge25,edu_aggregate_adv,2006,86.378
ecu,sex_t,age_ythadult_yge25,edu_aggregate_adv,2007,83.842
ecu,sex_t,age_ythadult_yge25,edu_aggregate_adv,2008,84.861
ecu,sex_t,age_ythadult_yge25,edu_aggregate_adv,2009,81.494
ecu,sex_t,age_ythadult_yge25,edu_aggregate_adv,2010,81.676
ecu,sex_t,age_ythadult_yge25,edu_aggregate_adv,2011,81.879
ecu,sex_t,age_ythadult_yge25,edu_aggregate_adv,2012,81.645
ecu,sex_t,age_ythadult_yge25,edu_aggregate_adv,2013,81.269
ecu,sex_t,age_ythadult_yge25,edu_aggregate_adv,2014,80.571
ecu,sex_t,age_ythadult_yge25,edu_aggregate_adv,2015,81.271
ecu,sex_t,age_ythadult_yge25,edu_aggregate_adv,2016,80.364
ecu,sex_t,age_ythadult_yge25,edu_aggregate_adv,2017,79.572
ecu,sex_t,age_ythadult_yge25,edu_aggregate_adv,2018,79.498
ecu,sex_t,age_ythadult_yge25,edu_aggregate_adv,2019,78.323
ecu,sex_t,age_ythadult_yge25,edu_aggregate_adv,2021,75.803
ecu,sex_t,age_ythadult_yge25,edu_aggregate_adv,2022,77.524
ecu,sex_t,age_ythadult_yge25,edu_aggregate_adv,2023,76.699
ecu,sex_t,age_ythadult_yge25,edu_aggregate_adv,2024,76.661
ecu,sex_t,age_ythadult_yge25,edu_aggregate_bas,2000,64.68
ecu,sex_t,age_ythadult_yge25,edu_aggregate_bas,2001,70.175
ecu,sex_t,age_ythadult_yge25,edu_aggregate_bas,2003,66.723
ecu,sex_t,age_ythadult_yge25,edu_aggregate_bas,2004,69.18
ecu,sex_t,age_ythadult_yge25,edu_aggregate_bas,2005,69.6
ecu,sex_t,age_ythadult_yge25,edu_aggregate_bas,2006,70.851
ecu,sex_t,age_ythadult_yge25,edu_aggregate_bas,2007,71.157
ecu,sex_t,age_ythadult_yge25,edu_aggregate_bas,2008,70.696
ecu,sex_t,age_ythadult_yge25,edu_aggregate_bas,2009,67.576
ecu,sex_t,age_ythadult_yge25,edu_aggregate_bas,2010,66.957
ecu,sex_t,age_ythadult_yge25,edu_aggregate_bas,2011,66.204
ecu,sex_t,age_ythadult_yge25,edu_aggregate_bas,2012,66.73
ecu,sex_t,age_ythadult_yge25,edu_aggregate_bas,2013,67.791
ecu,sex_t,age_ythadult_yge25,edu_aggregate_bas,2014,68.64
ecu,sex_t,age_ythadult_yge25,edu_aggregate_bas,2015,71.809
ecu,sex_t,age_ythadult_yge25,edu_aggregate_bas,2016,73.24
ecu,sex_t,age_ythadult_yge25,edu_aggregate_bas,2017,74.647
ecu,sex_t,age_ythadult_yge25,edu_aggregate_bas,2018,72.723
ecu,sex_t,age_ythadult_yge25,edu_aggregate_bas,2019,71.569
ecu,sex_t,age_ythadult_yge25,edu_aggregate_bas,2021,70.582
ecu,sex_t,age_ythadult_yge25,edu_aggregate_bas,2022,70.611
ecu,sex_t,age_ythadult_yge25,edu_aggregate_bas,2023,68.668
ecu,sex_t,age_ythadult_yge25,edu_aggregate_bas,2024,68.724
ecu,sex_t,age_ythadult_yge25,edu_aggregate_int,2000,67.716
ecu,sex_t,age_ythadult_yge25,edu_aggregate_int,2001,73.078
ecu,sex_t,age_ythadult_yge25,edu_aggregate_int,2003,72.848
ecu,sex_t,age_ythadult_yge25,edu_aggregate_int,2004,76.153
ecu,sex_t,age_ythadult_yge25,edu_aggregate_int,2005,78.149
ecu,sex_t,age_ythadult_yge25,edu_aggregate_int,2006,75.56
ecu,sex_t,age_ythadult_yge25,edu_aggregate_int,2007,74.209
ecu,sex_t,age_ythadult_yge25,edu_aggregate_int,2008,74.039
ecu,sex_t,age_ythadult_yge25,edu_aggregate_int,2009,71.735
ecu,sex_t,age_ythadult_yge25,edu_aggregate_int,2010,70.592
ecu,sex_t,age_ythadult_yge25,edu_aggregate_int,2011,71.429
ecu,sex_t,age_ythadult_yge25,edu_aggregate_int,2012,71.343
ecu,sex_t,age_ythadult_yge25,edu_aggregate_int,2013,71.43
ecu,sex_t,age_ythadult_yge25,edu_aggregate_int,2014,72.358
ecu,sex_t,age_ythadult_yge25,edu_aggregate_int,2015,73.843
ecu,sex_t,age_ythadult_yge25,edu_aggregate_int,2016,74.347
ecu,sex_t,age_ythadult_yge25,edu_aggregate_int,2017,75.774
ecu,sex_t,age_ythadult_yge25,edu_aggregate_int,2018,73.856
ecu,sex_t,age_ythadult_yge25,edu_aggregate_int,2019,72.85
ecu,sex_t,age_ythadult_yge25,edu_aggregate_int,2021,72.252
ecu,sex_t,age_ythadult_yge25,edu_aggregate_int,2022,73.919
ecu,sex_t,age_ythadult_yge25,edu_aggregate_int,2023,72.556
ecu,sex_t,age_ythadult_yge25,edu_aggregate_int,2024,72.14
ecu,sex_t,age_ythadult_yge25,edu_aggregate_ltb,2000,57.393
ecu,sex_t,age_ythadult_yge25,edu_aggregate_ltb,2001,65.348
ecu,sex_t,age_ythadult_yge25,edu_aggregate_ltb,2003,57.497
ecu,sex_t,age_ythadult_yge25,edu_aggregate_ltb,2004,60.915
ecu,sex_t,age_ythadult_yge25,edu_aggregate_ltb,2005,61.06
ecu,sex_t,age_ythadult_yge25,edu_aggregate_ltb,2006,60.648
ecu,sex_t,age_ythadult_yge25,edu_aggregate_ltb,2007,61.912
ecu,sex_t,age_ythadult_yge25,edu_aggregate_ltb,2008,60.051
ecu,sex_t,age_ythadult_yge25,edu_aggregate_ltb,2009,58.043
ecu,sex_t,age_ythadult_yge25,edu_aggregate_ltb,2010,56.111
ecu,sex_t,age_ythadult_yge25,edu_aggregate_ltb,2011,55.227
ecu,sex_t,age_ythadult_yge25,edu_aggregate_ltb,2012,55.294
ecu,sex_t,age_ythadult_yge25,edu_aggregate_ltb,2013,55.929
ecu,sex_t,age_ythadult_yge25,edu_aggregate_ltb,2014,56.436
ecu,sex_t,age_ythadult_yge25,edu_aggregate_ltb,2015,61.057
ecu,sex_t,age_ythadult_yge25,edu_aggregate_ltb,2016,63.868
ecu,sex_t,age_ythadult_yge25,edu_aggregate_ltb,2017,63.874
ecu,sex_t,age_ythadult_yge25,edu_aggregate_ltb,2018,62.633
ecu,sex_t,age_ythadult_yge25,edu_aggregate_ltb,2019,62.266
ecu,sex_t,age_ythadult_yge25,edu_aggregate_ltb,2021,57.121
ecu,sex_t,age_ythadult_yge25,edu_aggregate_ltb,2022,55.684
ecu,sex_t,age_ythadult_yge25,edu_aggregate_ltb,2023,56.471
ecu,sex_t,age_ythadult_yge25,edu_aggregate_ltb,2024,55.526
ecu,sex_t,age_ythadult_yge25,edu_aggregate_total,2000,66.493
ecu,sex_t,age_ythadult_yge25,edu_aggregate_total,2001,71.749
ecu,sex_t,age_ythadult_yge25,edu_aggregate_total,2003,67.704
ecu,sex_t,age_ythadult_yge25,edu_aggregate_total,2004,70.267
ecu,sex_t,age_ythadult_yge25,edu_aggregate_total,2005,70.766
ecu,sex_t,age_ythadult_yge25,edu_aggregate_total,2006,71.638
ecu,sex_t,age_ythadult_yge25,edu_aggregate_total,2007,71.162
ecu,sex_t,age_ythadult_yge25,edu_aggregate_total,2008,70.69
ecu,sex_t,age_ythadult_yge25,edu_aggregate_total,2009,67.941
ecu,sex_t,age_ythadult_yge25,edu_aggregate_total,2010,67.191
ecu,sex_t,age_ythadult_yge25,edu_aggregate_total,2011,67.063
ecu,sex_t,age_ythadult_yge25,edu_aggregate_total,2012,67.46
ecu,sex_t,age_ythadult_yge25,edu_aggregate_total,2013,68.103
ecu,sex_t,age_ythadult_yge25,edu_aggregate_total,2014,68.974
ecu,sex_t,age_ythadult_yge25,edu_aggregate_total,2015,71.86
ecu,sex_t,age_ythadult_yge25,edu_aggregate_total,2016,73.081
ecu,sex_t,age_ythadult_yge25,edu_aggregate_total,2017,73.857
ecu,sex_t,age_ythadult_yge25,edu_aggregate_total,2018,72.342
ecu,sex_t,age_ythadult_yge25,edu_aggregate_total,2019,71.345
ecu,sex_t,age_ythadult_yge25,edu_aggregate_total,2021,69.831
ecu,sex_t,age_ythadult_yge25,edu_aggregate_total,2022,70.347
ecu,sex_t,age_ythadult_yge25,edu_aggregate_total,2023,69.092
ecu,sex_t,age_ythadult_yge25,edu_aggregate_total,2024,68.938
ecu,sex_t,age_ythadult_yge25,edu_aggregate_x,2001,44.887
ecu,sex_t,age_ythadult_yge25,edu_aggregate_x,2007,84.242
ecu,sex_t,age_ythadult_yge25,edu_aggregate_x,2008,100
ecu,sex_t,age_ythadult_yge25,edu_aggregate_x,2012,100
ecu,sex_t,age_ythadult_yge25,edu_aggregate_x,2015,34.47
ecu,sex_t,age_ythadult_yge25,edu_aggregate_x,2016,70.909
ecu,sex_t,age_ythadult_yge25,edu_aggregate_x,2017,63.39
ecu,sex_t,age_ythadult_yge25,edu_aggregate_x,2018,68.852
ecu,sex_t,age_ythadult_yge25,edu_aggregate_x,2019,65.852
ecu,sex_t,age_ythadult_yge25,edu_aggregate_x,2021,81.772
ecu,sex_t,age_ythadult_yge25,edu_aggregate_x,2022,60.211
ecu,sex_t,age_ythadult_yge25,edu_aggregate_x,2023,78.48
ecu,sex_t,age_ythadult_yge25,edu_aggregate_x,2024,81.176
ecu,sex_t,age_ythadult_yge25,edu_isced97_0,2000,59.737
ecu,sex_t,age_ythadult_yge25,edu_isced97_0,2001,70.11
ecu,sex_t,age_ythadult_yge25,edu_isced97_0,2003,61.193
ecu,sex_t,age_ythadult_yge25,edu_isced97_0,2004,64.561
ecu,sex_t,age_ythadult_yge25,edu_isced97_0,2005,66.802
ecu,sex_t,age_ythadult_yge25,edu_isced97_0,2006,64.283
ecu,sex_t,age_ythadult_yge25,edu_isced97_0,2007,65.627
ecu,sex_t,age_ythadult_yge25,edu_isced97_0,2008,63.542
ecu,sex_t,age_ythadult_yge25,edu_isced97_0,2009,61.601
ecu,sex_t,age_ythadult_yge25,edu_isced97_0,2010,60.284
ecu,sex_t,age_ythadult_yge25,edu_isced97_0,2011,58.879
ecu,sex_t,age_ythadult_yge25,edu_isced97_0,2012,59.031
ecu,sex_t,age_ythadult_yge25,edu_isced97_0,2013,60.148
ecu,sex_t,age_ythadult_yge25,edu_isced97_0,2014,60.486
ecu,sex_t,age_ythadult_yge25,edu_isced97_0,2015,65.103
ecu,sex_t,age_ythadult_yge25,edu_isced97_0,2016,68.699
ecu,sex_t,age_ythadult_yge25,edu_isced97_0,2017,68.131
ecu,sex_t,age_ythadult_yge25,edu_isced97_0,2018,66.28
ecu,sex_t,age_ythadult_yge25,edu_isced97_0,2019,65.693
ecu,sex_t,age_ythadult_yge25,edu_isced97_0,2021,62.144
ecu,sex_t,age_ythadult_yge25,edu_isced97_0,2022,59.875
ecu,sex_t,age_ythadult_yge25,edu_isced97_0,2023,60.081
ecu,sex_t,age_ythadult_yge25,edu_isced97_0,2024,59.566
ecu,sex_t,age_ythadult_yge25,edu_isced97_1,2000,60.477
ecu,sex_t,age_ythadult_yge25,edu_isced97_1,2001,69.439
ecu,sex_t,age_ythadult_yge25,edu_isced97_1,2003,65.342
ecu,sex_t,age_ythadult_yge25,edu_isced97_1,2004,68.415
ecu,sex_t,age_ythadult_yge25,edu_isced97_1,2005,68.708
ecu,sex_t,age_ythadult_yge25,edu_isced97_1,2006,69.41
ecu,sex_t,age_ythadult_yge25,edu_isced97_1,2007,70.547
ecu,sex_t,age_ythadult_yge25,edu_isced97_1,2008,70.041
ecu,sex_t,age_ythadult_yge25,edu_isced97_1,2009,67.043
ecu,sex_t,age_ythadult_yge25,edu_isced97_1,2010,66.514
ecu,sex_t,age_ythadult_yge25,edu_isced97_1,2011,65.224
ecu,sex_t,age_ythadult_yge25,edu_isced97_1,2012,66.179
ecu,sex_t,age_ythadult_yge25,edu_isced97_1,2013,67.35
ecu,sex_t,age_ythadult_yge25,edu_isced97_1,2014,68.039
ecu,sex_t,age_ythadult_yge25,edu_isced97_1,2015,71.622
ecu,sex_t,age_ythadult_yge25,edu_isced97_1,2016,73.471
ecu,sex_t,age_ythadult_yge25,edu_isced97_1,2017,74.618
ecu,sex_t,age_ythadult_yge25,edu_isced97_1,2018,72.629
ecu,sex_t,age_ythadult_yge25,edu_isced97_1,2019,71.473
ecu,sex_t,age_ythadult_yge25,edu_isced97_1,2021,70.532
ecu,sex_t,age_ythadult_yge25,edu_isced97_1,2022,70.627
ecu,sex_t,age_ythadult_yge25,edu_isced97_1,2023,68.217
ecu,sex_t,age_ythadult_yge25,edu_isced97_1,2024,68.15
ecu,sex_t,age_ythadult_yge25,edu_isced97_2,2000,66.166
ecu,sex_t,age_ythadult_yge25,edu_isced97_2,2001,70.438
ecu,sex_t,age_ythadult_yge25,edu_isced97_2,2003,69.162
ecu,sex_t,age_ythadult_yge25,edu_isced97_2,2004,70.548
ecu,sex_t,age_ythadult_yge25,edu_isced97_2,2005,71.16
ecu,sex_t,age_ythadult_yge25,edu_isced97_2,2006,73.301
ecu,sex_t,age_ythadult_yge25,edu_isced97_2,2007,73.101
ecu,sex_t,age_ythadult_yge25,edu_isced97_2,2008,72.779
ecu,sex_t,age_ythadult_yge25,edu_isced97_2,2009,69.44
ecu,sex_t,age_ythadult_yge25,edu_isced97_2,2010,68.364
ecu,sex_t,age_ythadult_yge25,edu_isced97_2,2011,69.424
ecu,sex_t,age_ythadult_yge25,edu_isced97_2,2012,68.574
ecu,sex_t,age_ythadult_yge25,edu_isced97_2,2013,69.248
ecu,sex_t,age_ythadult_yge25,edu_isced97_2,2014,70.75
ecu,sex_t,age_ythadult_yge25,edu_isced97_2,2015,72.416
ecu,sex_t,age_ythadult_yge25,edu_isced97_2,2016,72.505
ecu,sex_t,age_ythadult_yge25,edu_isced97_2,2017,74.738
ecu,sex_t,age_ythadult_yge25,edu_isced97_2,2018,73.057
ecu,sex_t,age_ythadult_yge25,edu_isced97_2,2019,71.907
ecu,sex_t,age_ythadult_yge25,edu_isced97_2,2021,70.748
ecu,sex_t,age_ythadult_yge25,edu_isced97_2,2022,70.557
ecu,sex_t,age_ythadult_yge25,edu_isced97_2,2023,70.21
ecu,sex_t,age_ythadult_yge25,edu_isced97_2,2024,70.737
ecu,sex_t,age_ythadult_yge25,edu_isced97_3,2000,67.716
ecu,sex_t,age_ythadult_yge25,edu_isced97_3,2001,73.078
ecu,sex_t,age_ythadult_yge25,edu_isced97_3,2003,73.047
ecu,sex_t,age_ythadult_yge25,edu_isced97_3,2004,75.083
ecu,sex_t,age_ythadult_yge25,edu_isced97_3,2005,77.558
ecu,sex_t,age_ythadult_yge25,edu_isced97_3,2006,73.912
ecu,sex_t,age_ythadult_yge25,edu_isced97_3,2007,74.028
ecu,sex_t,age_ythadult_yge25,edu_isced97_3,2008,73.943
ecu,sex_t,age_ythadult_yge25,edu_isced97_3,2009,71.566
ecu,sex_t,age_ythadult_yge25,edu_isced97_3,2010,70.474
ecu,sex_t,age_ythadult_yge25,edu_isced97_3,2011,71.197
ecu,sex_t,age_ythadult_yge25,edu_isced97_3,2012,71.167
ecu,sex_t,age_ythadult_yge25,edu_isced97_3,2013,71.081
ecu,sex_t,age_ythadult_yge25,edu_isced97_3,2014,72.069
ecu,sex_t,age_ythadult_yge25,edu_isced97_3,2015,73.451
ecu,sex_t,age_ythadult_yge25,edu_isced97_3,2016,73.823
ecu,sex_t,age_ythadult_yge25,edu_isced97_3,2017,75.345
ecu,sex_t,age_ythadult_yge25,edu_isced97_3,2018,73.475
ecu,sex_t,age_ythadult_yge25,edu_isced97_3,2019,72.358
ecu,sex_t,age_ythadult_yge25,edu_isced97_3,2021,71.85
ecu,sex_t,age_ythadult_yge25,edu_isced97_3,2022,73.466
ecu,sex_t,age_ythadult_yge25,edu_isced97_3,2023,71.973
ecu,sex_t,age_ythadult_yge25,edu_isced97_3,2024,71.535
ecu,sex_t,age_ythadult_yge25,edu_isced97_4,2003,72.073
ecu,sex_t,age_ythadult_yge25,edu_isced97_4,2004,82.21
ecu,sex_t,age_ythadult_yge25,edu_isced97_4,2005,81.156
ecu,sex_t,age_ythadult_yge25,edu_isced97_4,2006,84.273
ecu,sex_t,age_ythadult_yge25,edu_isced97_4,2007,84.896
ecu,sex_t,age_ythadult_yge25,edu_isced97_4,2008,79.916
ecu,sex_t,age_ythadult_yge25,edu_isced97_4,2009,84.554
ecu,sex_t,age_ythadult_yge25,edu_isced97_4,2010,75.204
ecu,sex_t,age_ythadult_yge25,edu_isced97_4,2011,81.203
ecu,sex_t,age_ythadult_yge25,edu_isced97_4,2012,79.665
ecu,sex_t,age_ythadult_yge25,edu_isced97_4,2013,85.391
ecu,sex_t,age_ythadult_yge25,edu_isced97_4,2014,82.177
ecu,sex_t,age_ythadult_yge25,edu_isced97_4,2015,84.311
ecu,sex_t,age_ythadult_yge25,edu_isced97_4,2016,86.324
ecu,sex_t,age_ythadult_yge25,edu_isced97_4,2017,85.028
ecu,sex_t,age_ythadult_yge25,edu_isced97_4,2018,82.359
ecu,sex_t,age_ythadult_yge25,edu_isced97_4,2019,82.658
ecu,sex_t,age_ythadult_yge25,edu_isced97_4,2021,79.414
ecu,sex_t,age_ythadult_yge25,edu_isced97_4,2022,82.05
ecu,sex_t,age_ythadult_yge25,edu_isced97_4,2023,81.985
ecu,sex_t,age_ythadult_yge25,edu_isced97_4,2024,81.28
ecu,sex_t,age_ythadult_yge25,edu_isced97_5,2000,81.401
ecu,sex_t,age_ythadult_yge25,edu_isced97_5,2001,81.395
ecu,sex_t,age_ythadult_yge25,edu_isced97_5,2003,83.319
ecu,sex_t,age_ythadult_yge25,edu_isced97_5,2004,84.257
ecu,sex_t,age_ythadult_yge25,edu_isced97_5,2005,83.901
ecu,sex_t,age_ythadult_yge25,edu_isced97_5,2006,85.883
ecu,sex_t,age_ythadult_yge25,edu_isced97_5,2007,83.1
ecu,sex_t,age_ythadult_yge25,edu_isced97_5,2008,84.182
ecu,sex_t,age_ythadult_yge25,edu_isced97_5,2009,80.958
ecu,sex_t,age_ythadult_yge25,edu_isced97_5,2010,80.992
ecu,sex_t,age_ythadult_yge25,edu_isced97_5,2011,81.437
ecu,sex_t,age_ythadult_yge25,edu_isced97_5,2012,80.937
ecu,sex_t,age_ythadult_yge25,edu_isced97_5,2013,80.607
ecu,sex_t,age_ythadult_yge25,edu_isced97_5,2014,79.778
ecu,sex_t,age_ythadult_yge25,edu_isced97_5,2015,80.56
ecu,sex_t,age_ythadult_yge25,edu_isced97_5,2016,79.244
ecu,sex_t,age_ythadult_yge25,edu_isced97_5,2017,78.626
ecu,sex_t,age_ythadult_yge25,edu_isced97_5,2018,78.639
ecu,sex_t,age_ythadult_yge25,edu_isced97_5,2019,77.518
ecu,sex_t,age_ythadult_yge25,edu_isced97_5,2021,74.645
ecu,sex_t,age_ythadult_yge25,edu_isced97_5,2022,76.544
ecu,sex_t,age_ythadult_yge25,edu_isced97_5,2023,75.203
ecu,sex_t,age_ythadult_yge25,edu_isced97_5,2024,75.134
ecu,sex_t,age_ythadult_yge25,edu_isced97_6,2001,88.996
ecu,sex_t,age_ythadult_yge25,edu_isced97_6,2003,91.224
ecu,sex_t,age_ythadult_yge25,edu_isced97_6,2004,92.214
ecu,sex_t,age_ythadult_yge25,edu_isced97_6,2005,96.286
ecu,sex_t,age_ythadult_yge25,edu_isced97_6,2006,94.943
ecu,sex_t,age_ythadult_yge25,edu_isced97_6,2007,95.176
ecu,sex_t,age_ythadult_yge25,edu_isced97_6,2008,93.572
ecu,sex_t,age_ythadult_yge25,edu_isced97_6,2009,87.989
ecu,sex_t,age_ythadult_yge25,edu_isced97_6,2010,89.19
ecu,sex_t,age_ythadult_yge25,edu_isced97_6,2011,88.678
ecu,sex_t,age_ythadult_yge25,edu_isced97_6,2012,92.31
ecu,sex_t,age_ythadult_yge25,edu_isced97_6,2013,89.97
ecu,sex_t,age_ythadult_yge25,edu_isced97_6,2014,89.537
ecu,sex_t,age_ythadult_yge25,edu_isced97_6,2015,89.474
ecu,sex_t,age_ythadult_yge25,edu_isced97_6,2016,90.174
ecu,sex_t,age_ythadult_yge25,edu_isced97_6,2017,88.004
ecu,sex_t,age_ythadult_yge25,edu_isced97_6,2018,87.425
ecu,sex_t,age_ythadult_yge25,edu_isced97_6,2019,85.188
ecu,sex_t,age_ythadult_yge25,edu_isced97_6,2021,84.15
ecu,sex_t,age_ythadult_yge25,edu_isced97_6,2022,84.229
ecu,sex_t,age_ythadult_yge25,edu_isced97_6,2023,86.195
ecu,sex_t,age_ythadult_yge25,edu_isced97_6,2024,85.394
ecu,sex_t,age_ythadult_yge25,edu_isced97_total,2000,66.493
ecu,sex_t,age_ythadult_yge25,edu_isced97_total,2001,71.749
ecu,sex_t,age_ythadult_yge25,edu_isced97_total,2003,67.704
ecu,sex_t,age_ythadult_yge25,edu_isced97_total,2004,70.267
ecu,sex_t,age_ythadult_yge25,edu_isced97_total,2005,70.766
ecu,sex_t,age_ythadult_yge25,edu_isced97_total,2006,71.638
ecu,sex_t,age_ythadult_yge25,edu_isced97_total,2007,71.162
ecu,sex_t,age_ythadult_yge25,edu_isced97_total,2008,70.69
ecu,sex_t,age_ythadult_yge25,edu_isced97_total,2009,67.941
ecu,sex_t,age_ythadult_yge25,edu_isced97_total,2010,67.191
ecu,sex_t,age_ythadult_yge25,edu_isced97_total,2011,67.063
ecu,sex_t,age_ythadult_yge25,edu_isced97_total,2012,67.46
ecu,sex_t,age_ythadult_yge25,edu_isced97_total,2013,68.103
ecu,sex_t,age_ythadult_yge25,edu_isced97_total,2014,68.974
ecu,sex_t,age_ythadult_yge25,edu_isced97_total,2015,71.86
ecu,sex_t,age_ythadult_yge25,edu_isced97_total,2016,73.081
ecu,sex_t,age_ythadult_yge25,edu_isced97_total,2017,73.857
ecu,sex_t,age_ythadult_yge25,edu_isced97_total,2018,72.342
ecu,sex_t,age_ythadult_yge25,edu_isced97_total,2019,71.345
ecu,sex_t,age_ythadult_yge25,edu_isced97_total,2021,69.831
ecu,sex_t,age_ythadult_yge25,edu_isced97_total,2022,70.347
ecu,sex_t,age_ythadult_yge25,edu_isced97_total,2023,69.092
ecu,sex_t,age_ythadult_yge25,edu_isced97_total,2024,68.938
ecu,sex_t,age_ythadult_yge25,edu_isced97_unk,2001,44.887
ecu,sex_t,age_ythadult_yge25,edu_isced97_unk,2007,84.242
ecu,sex_t,age_ythadult_yge25,edu_isced97_unk,2008,100
ecu,sex_t,age_ythadult_yge25,edu_isced97_unk,2012,100
ecu,sex_t,age_ythadult_yge25,edu_isced97_unk,2015,34.47
ecu,sex_t,age_ythadult_yge25,edu_isced97_unk,2016,70.909
ecu,sex_t,age_ythadult_yge25,edu_isced97_unk,2017,63.39
ecu,sex_t,age_ythadult_yge25,edu_isced97_unk,2018,68.852
ecu,sex_t,age_ythadult_yge25,edu_isced97_unk,2019,65.852
ecu,sex_t,age_ythadult_yge25,edu_isced97_unk,2021,81.772
ecu,sex_t,age_ythadult_yge25,edu_isced97_unk,2022,60.211
ecu,sex_t,age_ythadult_yge25,edu_isced97_unk,2023,78.48
ecu,sex_t,age_ythadult_yge25,edu_isced97_unk,2024,81.176
ecu,sex_t,age_ythadult_yge25,edu_isced97_x,2000,56.346
ecu,sex_t,age_ythadult_yge25,edu_isced97_x,2001,62.192
ecu,sex_t,age_ythadult_yge25,edu_isced97_x,2003,55.36
ecu,sex_t,age_ythadult_yge25,edu_isced97_x,2004,58.615
ecu,sex_t,age_ythadult_yge25,edu_isced97_x,2005,57.732
ecu,sex_t,age_ythadult_yge25,edu_isced97_x,2006,58.303
ecu,sex_t,age_ythadult_yge25,edu_isced97_x,2007,54.63
ecu,sex_t,age_ythadult_yge25,edu_isced97_x,2008,52.991
ecu,sex_t,age_ythadult_yge25,edu_isced97_x,2009,50.706
ecu,sex_t,age_ythadult_yge25,edu_isced97_x,2010,47.792
ecu,sex_t,age_ythadult_yge25,edu_isced97_x,2011,48.601
ecu,sex_t,age_ythadult_yge25,edu_isced97_x,2012,48.464
ecu,sex_t,age_ythadult_yge25,edu_isced97_x,2013,47.469
ecu,sex_t,age_ythadult_yge25,edu_isced97_x,2014,47.481
ecu,sex_t,age_ythadult_yge25,edu_isced97_x,2015,51.863
ecu,sex_t,age_ythadult_yge25,edu_isced97_x,2016,53.292
ecu,sex_t,age_ythadult_yge25,edu_isced97_x,2017,54.767
ecu,sex_t,age_ythadult_yge25,edu_isced97_x,2018,55.254
ecu,sex_t,age_ythadult_yge25,edu_isced97_x,2019,55.466
ecu,sex_t,age_ythadult_yge25,edu_isced97_x,2021,46.21
ecu,sex_t,age_ythadult_yge25,edu_isced97_x,2022,46.862
ecu,sex_t,age_ythadult_yge25,edu_isced97_x,2023,49.559
ecu,sex_t,age_ythadult_yge25,edu_isced97_x,2024,47.49
