ref_area,sex,classif1,classif2,time,emp_nifl_sex_edu_mts_nb
ton,sex_f,edu_aggregate_adv,mts_aggregate_1,2018,0.339
ton,sex_f,edu_aggregate_adv,mts_aggregate_1,2021,1.8
ton,sex_f,edu_aggregate_adv,mts_aggregate_1,2023,0.56
ton,sex_f,edu_aggregate_adv,mts_aggregate_2,2018,0.464
ton,sex_f,edu_aggregate_adv,mts_aggregate_2,2021,2.244
ton,sex_f,edu_aggregate_adv,mts_aggregate_2,2023,0.394
ton,sex_f,edu_aggregate_adv,mts_aggregate_total,2018,0.804
ton,sex_f,edu_aggregate_adv,mts_aggregate_total,2021,4.045
ton,sex_f,edu_aggregate_adv,mts_aggregate_total,2023,0.953
ton,sex_f,edu_aggregate_adv,mts_details_mrd,2018,0.464
ton,sex_f,edu_aggregate_adv,mts_details_mrd,2021,2.244
ton,sex_f,edu_aggregate_adv,mts_details_mrd,2023,0.368
ton,sex_f,edu_aggregate_adv,mts_details_sep,2018,0.03
ton,sex_f,edu_aggregate_adv,mts_details_sep,2021,0.07
ton,sex_f,edu_aggregate_adv,mts_details_sgle,2018,0.287
ton,sex_f,edu_aggregate_adv,mts_details_sgle,2021,1.623
ton,sex_f,edu_aggregate_adv,mts_details_sgle,2023,0.463
ton,sex_f,edu_aggregate_adv,mts_details_total,2018,0.804
ton,sex_f,edu_aggregate_adv,mts_details_total,2021,4.045
ton,sex_f,edu_aggregate_adv,mts_details_total,2023,0.953
ton,sex_f,edu_aggregate_adv,mts_details_wid,2021,0.107
ton,sex_f,edu_aggregate_bas,mts_aggregate_1,2018,1.237
ton,sex_f,edu_aggregate_bas,mts_aggregate_1,2021,1.372
ton,sex_f,edu_aggregate_bas,mts_aggregate_1,2023,1.854
ton,sex_f,edu_aggregate_bas,mts_aggregate_2,2018,2.403
ton,sex_f,edu_aggregate_bas,mts_aggregate_2,2021,2.461
ton,sex_f,edu_aggregate_bas,mts_aggregate_2,2023,3.896
ton,sex_f,edu_aggregate_bas,mts_aggregate_total,2018,3.64
ton,sex_f,edu_aggregate_bas,mts_aggregate_total,2021,3.833
ton,sex_f,edu_aggregate_bas,mts_aggregate_total,2023,5.75
ton,sex_f,edu_aggregate_bas,mts_details_mrd,2018,2.374
ton,sex_f,edu_aggregate_bas,mts_details_mrd,2021,2.418
ton,sex_f,edu_aggregate_bas,mts_details_mrd,2023,3.812
ton,sex_f,edu_aggregate_bas,mts_details_sep,2018,0.112
ton,sex_f,edu_aggregate_bas,mts_details_sep,2021,0.112
ton,sex_f,edu_aggregate_bas,mts_details_sep,2023,0.369
ton,sex_f,edu_aggregate_bas,mts_details_sgle,2018,0.494
ton,sex_f,edu_aggregate_bas,mts_details_sgle,2021,0.478
ton,sex_f,edu_aggregate_bas,mts_details_sgle,2023,0.847
ton,sex_f,edu_aggregate_bas,mts_details_total,2018,3.64
ton,sex_f,edu_aggregate_bas,mts_details_total,2021,3.833
ton,sex_f,edu_aggregate_bas,mts_details_total,2023,5.75
ton,sex_f,edu_aggregate_bas,mts_details_union,2023,0.084
ton,sex_f,edu_aggregate_bas,mts_details_wid,2018,0.631
ton,sex_f,edu_aggregate_bas,mts_details_wid,2021,0.781
ton,sex_f,edu_aggregate_bas,mts_details_wid,2023,0.639
ton,sex_f,edu_aggregate_int,mts_aggregate_1,2018,2.145
ton,sex_f,edu_aggregate_int,mts_aggregate_1,2021,3.037
ton,sex_f,edu_aggregate_int,mts_aggregate_1,2023,0.707
ton,sex_f,edu_aggregate_int,mts_aggregate_2,2018,4.307
ton,sex_f,edu_aggregate_int,mts_aggregate_2,2021,5.713
ton,sex_f,edu_aggregate_int,mts_aggregate_2,2023,0.965
ton,sex_f,edu_aggregate_int,mts_aggregate_total,2018,6.452
ton,sex_f,edu_aggregate_int,mts_aggregate_total,2021,8.751
ton,sex_f,edu_aggregate_int,mts_aggregate_total,2023,1.672
ton,sex_f,edu_aggregate_int,mts_details_mrd,2018,4.223
ton,sex_f,edu_aggregate_int,mts_details_mrd,2021,5.618
ton,sex_f,edu_aggregate_int,mts_details_mrd,2023,0.965
ton,sex_f,edu_aggregate_int,mts_details_sep,2018,0.235
ton,sex_f,edu_aggregate_int,mts_details_sep,2021,0.44
ton,sex_f,edu_aggregate_int,mts_details_sep,2023,0.106
ton,sex_f,edu_aggregate_int,mts_details_sgle,2018,1.563
ton,sex_f,edu_aggregate_int,mts_details_sgle,2021,2.096
ton,sex_f,edu_aggregate_int,mts_details_sgle,2023,0.496
ton,sex_f,edu_aggregate_int,mts_details_total,2018,6.452
ton,sex_f,edu_aggregate_int,mts_details_total,2021,8.751
ton,sex_f,edu_aggregate_int,mts_details_total,2023,1.672
ton,sex_f,edu_aggregate_int,mts_details_union,2018,0.084
ton,sex_f,edu_aggregate_int,mts_details_union,2021,0.096
ton,sex_f,edu_aggregate_int,mts_details_wid,2018,0.347
ton,sex_f,edu_aggregate_int,mts_details_wid,2021,0.502
ton,sex_f,edu_aggregate_int,mts_details_wid,2023,0.105
ton,sex_f,edu_aggregate_ltb,mts_aggregate_2,2023,0.099
ton,sex_f,edu_aggregate_ltb,mts_aggregate_total,2018,0.038
ton,sex_f,edu_aggregate_ltb,mts_aggregate_total,2023,0.13
ton,sex_f,edu_aggregate_ltb,mts_details_mrd,2023,0.099
ton,sex_f,edu_aggregate_ltb,mts_details_total,2018,0.038
ton,sex_f,edu_aggregate_ltb,mts_details_total,2023,0.13
ton,sex_f,edu_aggregate_total,mts_aggregate_1,2018,3.749
ton,sex_f,edu_aggregate_total,mts_aggregate_1,2021,6.221
ton,sex_f,edu_aggregate_total,mts_aggregate_1,2023,3.16
ton,sex_f,edu_aggregate_total,mts_aggregate_2,2018,7.184
ton,sex_f,edu_aggregate_total,mts_aggregate_2,2021,10.437
ton,sex_f,edu_aggregate_total,mts_aggregate_2,2023,5.353
ton,sex_f,edu_aggregate_total,mts_aggregate_total,2018,10.934
ton,sex_f,edu_aggregate_total,mts_aggregate_total,2021,16.658
ton,sex_f,edu_aggregate_total,mts_aggregate_total,2023,8.513
ton,sex_f,edu_aggregate_total,mts_details_mrd,2018,7.071
ton,sex_f,edu_aggregate_total,mts_details_mrd,2021,10.298
ton,sex_f,edu_aggregate_total,mts_details_mrd,2023,5.244
ton,sex_f,edu_aggregate_total,mts_details_sep,2018,0.376
ton,sex_f,edu_aggregate_total,mts_details_sep,2021,0.622
ton,sex_f,edu_aggregate_total,mts_details_sep,2023,0.531
ton,sex_f,edu_aggregate_total,mts_details_sgle,2018,2.344
ton,sex_f,edu_aggregate_total,mts_details_sgle,2021,4.202
ton,sex_f,edu_aggregate_total,mts_details_sgle,2023,1.827
ton,sex_f,edu_aggregate_total,mts_details_total,2018,10.934
ton,sex_f,edu_aggregate_total,mts_details_total,2021,16.658
ton,sex_f,edu_aggregate_total,mts_details_total,2023,8.513
ton,sex_f,edu_aggregate_total,mts_details_union,2018,0.113
ton,sex_f,edu_aggregate_total,mts_details_union,2021,0.138
ton,sex_f,edu_aggregate_total,mts_details_union,2023,0.109
ton,sex_f,edu_aggregate_total,mts_details_wid,2018,1.029
ton,sex_f,edu_aggregate_total,mts_details_wid,2021,1.397
ton,sex_f,edu_aggregate_total,mts_details_wid,2023,0.802
ton,sex_f,edu_isced11_0,mts_aggregate_2,2023,0.024
ton,sex_f,edu_isced11_0,mts_aggregate_total,2023,0.049
ton,sex_f,edu_isced11_0,mts_details_mrd,2023,0.024
ton,sex_f,edu_isced11_0,mts_details_total,2023,0.049
ton,sex_f,edu_isced11_1,mts_aggregate_1,2018,0.174
ton,sex_f,edu_isced11_1,mts_aggregate_1,2021,0.325
ton,sex_f,edu_isced11_1,mts_aggregate_1,2023,0.492
ton,sex_f,edu_isced11_1,mts_aggregate_2,2018,0.187
ton,sex_f,edu_isced11_1,mts_aggregate_2,2021,0.3
ton,sex_f,edu_isced11_1,mts_aggregate_2,2023,0.541
ton,sex_f,edu_isced11_1,mts_aggregate_total,2018,0.361
ton,sex_f,edu_isced11_1,mts_aggregate_total,2021,0.625
ton,sex_f,edu_isced11_1,mts_aggregate_total,2023,1.033
ton,sex_f,edu_isced11_1,mts_details_mrd,2018,0.187
ton,sex_f,edu_isced11_1,mts_details_mrd,2021,0.3
ton,sex_f,edu_isced11_1,mts_details_mrd,2023,0.527
ton,sex_f,edu_isced11_1,mts_details_sep,2023,0.144
ton,sex_f,edu_isced11_1,mts_details_sgle,2018,0.021
ton,sex_f,edu_isced11_1,mts_details_sgle,2021,0.078
ton,sex_f,edu_isced11_1,mts_details_sgle,2023,0.112
ton,sex_f,edu_isced11_1,mts_details_total,2018,0.361
ton,sex_f,edu_isced11_1,mts_details_total,2021,0.625
ton,sex_f,edu_isced11_1,mts_details_total,2023,1.033
ton,sex_f,edu_isced11_1,mts_details_wid,2018,0.132
ton,sex_f,edu_isced11_1,mts_details_wid,2021,0.247
ton,sex_f,edu_isced11_1,mts_details_wid,2023,0.237
ton,sex_f,edu_isced11_2,mts_aggregate_1,2018,1.064
ton,sex_f,edu_isced11_2,mts_aggregate_1,2021,1.046
ton,sex_f,edu_isced11_2,mts_aggregate_1,2023,1.362
ton,sex_f,edu_isced11_2,mts_aggregate_2,2018,2.216
ton,sex_f,edu_isced11_2,mts_aggregate_2,2021,2.162
ton,sex_f,edu_isced11_2,mts_aggregate_2,2023,3.355
ton,sex_f,edu_isced11_2,mts_aggregate_total,2018,3.28
ton,sex_f,edu_isced11_2,mts_aggregate_total,2021,3.208
ton,sex_f,edu_isced11_2,mts_aggregate_total,2023,4.717
ton,sex_f,edu_isced11_2,mts_details_mrd,2018,2.187
ton,sex_f,edu_isced11_2,mts_details_mrd,2021,2.119
ton,sex_f,edu_isced11_2,mts_details_mrd,2023,3.285
ton,sex_f,edu_isced11_2,mts_details_sep,2018,0.092
ton,sex_f,edu_isced11_2,mts_details_sep,2021,0.112
ton,sex_f,edu_isced11_2,mts_details_sep,2023,0.225
ton,sex_f,edu_isced11_2,mts_details_sgle,2018,0.473
ton,sex_f,edu_isced11_2,mts_details_sgle,2021,0.4
ton,sex_f,edu_isced11_2,mts_details_sgle,2023,0.735
ton,sex_f,edu_isced11_2,mts_details_total,2018,3.28
ton,sex_f,edu_isced11_2,mts_details_total,2021,3.208
ton,sex_f,edu_isced11_2,mts_details_total,2023,4.717
ton,sex_f,edu_isced11_2,mts_details_union,2023,0.07
ton,sex_f,edu_isced11_2,mts_details_wid,2018,0.499
ton,sex_f,edu_isced11_2,mts_details_wid,2021,0.533
ton,sex_f,edu_isced11_2,mts_details_wid,2023,0.402
ton,sex_f,edu_isced11_3,mts_aggregate_1,2018,1.512
ton,sex_f,edu_isced11_3,mts_aggregate_1,2021,2.335
ton,sex_f,edu_isced11_3,mts_aggregate_1,2023,0.651
ton,sex_f,edu_isced11_3,mts_aggregate_2,2018,3.471
ton,sex_f,edu_isced11_3,mts_aggregate_2,2021,5.009
ton,sex_f,edu_isced11_3,mts_aggregate_2,2023,0.905
ton,sex_f,edu_isced11_3,mts_aggregate_total,2018,4.983
ton,sex_f,edu_isced11_3,mts_aggregate_total,2021,7.344
ton,sex_f,edu_isced11_3,mts_aggregate_total,2023,1.555
ton,sex_f,edu_isced11_3,mts_details_mrd,2018,3.4
ton,sex_f,edu_isced11_3,mts_details_mrd,2021,4.913
ton,sex_f,edu_isced11_3,mts_details_mrd,2023,0.905
ton,sex_f,edu_isced11_3,mts_details_sep,2018,0.186
ton,sex_f,edu_isced11_3,mts_details_sep,2021,0.382
ton,sex_f,edu_isced11_3,mts_details_sep,2023,0.079
ton,sex_f,edu_isced11_3,mts_details_sgle,2018,1.056
ton,sex_f,edu_isced11_3,mts_details_sgle,2021,1.554
ton,sex_f,edu_isced11_3,mts_details_sgle,2023,0.467
ton,sex_f,edu_isced11_3,mts_details_total,2018,4.983
ton,sex_f,edu_isced11_3,mts_details_total,2021,7.344
ton,sex_f,edu_isced11_3,mts_details_total,2023,1.555
ton,sex_f,edu_isced11_3,mts_details_union,2018,0.071
ton,sex_f,edu_isced11_3,mts_details_union,2021,0.096
ton,sex_f,edu_isced11_3,mts_details_wid,2018,0.271
ton,sex_f,edu_isced11_3,mts_details_wid,2021,0.399
ton,sex_f,edu_isced11_3,mts_details_wid,2023,0.105
ton,sex_f,edu_isced11_4,mts_aggregate_1,2018,0.632
ton,sex_f,edu_isced11_4,mts_aggregate_1,2021,0.702
ton,sex_f,edu_isced11_4,mts_aggregate_1,2023,0.056
ton,sex_f,edu_isced11_4,mts_aggregate_2,2018,0.836
ton,sex_f,edu_isced11_4,mts_aggregate_2,2021,0.705
ton,sex_f,edu_isced11_4,mts_aggregate_2,2023,0.06
ton,sex_f,edu_isced11_4,mts_aggregate_total,2018,1.469
ton,sex_f,edu_isced11_4,mts_aggregate_total,2021,1.407
ton,sex_f,edu_isced11_4,mts_aggregate_total,2023,0.116
ton,sex_f,edu_isced11_4,mts_details_mrd,2018,0.823
ton,sex_f,edu_isced11_4,mts_details_mrd,2021,0.705
ton,sex_f,edu_isced11_4,mts_details_mrd,2023,0.06
ton,sex_f,edu_isced11_4,mts_details_sep,2018,0.049
ton,sex_f,edu_isced11_4,mts_details_sep,2021,0.058
ton,sex_f,edu_isced11_4,mts_details_sgle,2018,0.507
ton,sex_f,edu_isced11_4,mts_details_sgle,2021,0.542
ton,sex_f,edu_isced11_4,mts_details_total,2018,1.469
ton,sex_f,edu_isced11_4,mts_details_total,2021,1.407
ton,sex_f,edu_isced11_4,mts_details_total,2023,0.116
ton,sex_f,edu_isced11_4,mts_details_wid,2018,0.076
ton,sex_f,edu_isced11_4,mts_details_wid,2021,0.103
ton,sex_f,edu_isced11_5,mts_aggregate_1,2018,0.257
ton,sex_f,edu_isced11_5,mts_aggregate_1,2021,1.24
ton,sex_f,edu_isced11_5,mts_aggregate_1,2023,0.513
ton,sex_f,edu_isced11_5,mts_aggregate_2,2018,0.326
ton,sex_f,edu_isced11_5,mts_aggregate_2,2021,1.619
ton,sex_f,edu_isced11_5,mts_aggregate_2,2023,0.342
ton,sex_f,edu_isced11_5,mts_aggregate_total,2018,0.583
ton,sex_f,edu_isced11_5,mts_aggregate_total,2021,2.859
ton,sex_f,edu_isced11_5,mts_aggregate_total,2023,0.854
ton,sex_f,edu_isced11_5,mts_details_mrd,2018,0.326
ton,sex_f,edu_isced11_5,mts_details_mrd,2021,1.619
ton,sex_f,edu_isced11_5,mts_details_mrd,2023,0.316
ton,sex_f,edu_isced11_5,mts_details_sep,2018,0.03
ton,sex_f,edu_isced11_5,mts_details_sep,2021,0.033
ton,sex_f,edu_isced11_5,mts_details_sgle,2018,0.228
ton,sex_f,edu_isced11_5,mts_details_sgle,2021,1.108
ton,sex_f,edu_isced11_5,mts_details_sgle,2023,0.416
ton,sex_f,edu_isced11_5,mts_details_total,2018,0.583
ton,sex_f,edu_isced11_5,mts_details_total,2021,2.859
ton,sex_f,edu_isced11_5,mts_details_total,2023,0.854
ton,sex_f,edu_isced11_5,mts_details_wid,2021,0.099
ton,sex_f,edu_isced11_6,mts_aggregate_1,2021,0.498
ton,sex_f,edu_isced11_6,mts_aggregate_2,2018,0.124
ton,sex_f,edu_isced11_6,mts_aggregate_2,2021,0.498
ton,sex_f,edu_isced11_6,mts_aggregate_2,2023,0.052
ton,sex_f,edu_isced11_6,mts_aggregate_total,2018,0.191
ton,sex_f,edu_isced11_6,mts_aggregate_total,2021,0.996
ton,sex_f,edu_isced11_6,mts_aggregate_total,2023,0.077
ton,sex_f,edu_isced11_6,mts_details_mrd,2018,0.124
ton,sex_f,edu_isced11_6,mts_details_mrd,2021,0.498
ton,sex_f,edu_isced11_6,mts_details_mrd,2023,0.052
ton,sex_f,edu_isced11_6,mts_details_sgle,2021,0.453
ton,sex_f,edu_isced11_6,mts_details_total,2018,0.191
ton,sex_f,edu_isced11_6,mts_details_total,2021,0.996
ton,sex_f,edu_isced11_6,mts_details_total,2023,0.077
ton,sex_f,edu_isced11_7,mts_aggregate_1,2021,0.062
ton,sex_f,edu_isced11_7,mts_aggregate_2,2021,0.12
ton,sex_f,edu_isced11_7,mts_aggregate_total,2021,0.182
ton,sex_f,edu_isced11_7,mts_details_mrd,2021,0.12
ton,sex_f,edu_isced11_7,mts_details_sgle,2021,0.062
ton,sex_f,edu_isced11_7,mts_details_total,2021,0.182
ton,sex_f,edu_isced11_total,mts_aggregate_1,2018,3.749
ton,sex_f,edu_isced11_total,mts_aggregate_1,2021,6.221
ton,sex_f,edu_isced11_total,mts_aggregate_1,2023,3.16
ton,sex_f,edu_isced11_total,mts_aggregate_2,2018,7.184
ton,sex_f,edu_isced11_total,mts_aggregate_2,2021,10.437
ton,sex_f,edu_isced11_total,mts_aggregate_2,2023,5.353
ton,sex_f,edu_isced11_total,mts_aggregate_total,2018,10.934
ton,sex_f,edu_isced11_total,mts_aggregate_total,2021,16.658
ton,sex_f,edu_isced11_total,mts_aggregate_total,2023,8.513
ton,sex_f,edu_isced11_total,mts_details_mrd,2018,7.071
ton,sex_f,edu_isced11_total,mts_details_mrd,2021,10.298
ton,sex_f,edu_isced11_total,mts_details_mrd,2023,5.244
ton,sex_f,edu_isced11_total,mts_details_sep,2018,0.376
ton,sex_f,edu_isced11_total,mts_details_sep,2021,0.622
ton,sex_f,edu_isced11_total,mts_details_sep,2023,0.531
ton,sex_f,edu_isced11_total,mts_details_sgle,2018,2.344
ton,sex_f,edu_isced11_total,mts_details_sgle,2021,4.202
ton,sex_f,edu_isced11_total,mts_details_sgle,2023,1.827
ton,sex_f,edu_isced11_total,mts_details_total,2018,10.934
ton,sex_f,edu_isced11_total,mts_details_total,2021,16.658
ton,sex_f,edu_isced11_total,mts_details_total,2023,8.513
ton,sex_f,edu_isced11_total,mts_details_union,2018,0.113
ton,sex_f,edu_isced11_total,mts_details_union,2021,0.138
ton,sex_f,edu_isced11_total,mts_details_union,2023,0.109
ton,sex_f,edu_isced11_total,mts_details_wid,2018,1.029
ton,sex_f,edu_isced11_total,mts_details_wid,2021,1.397
ton,sex_f,edu_isced11_total,mts_details_wid,2023,0.802
ton,sex_f,edu_isced11_x,mts_aggregate_2,2023,0.075
ton,sex_f,edu_isced11_x,mts_aggregate_total,2018,0.038
ton,sex_f,edu_isced11_x,mts_aggregate_total,2023,0.081
ton,sex_f,edu_isced11_x,mts_details_mrd,2023,0.075
ton,sex_f,edu_isced11_x,mts_details_total,2018,0.038
ton,sex_f,edu_isced11_x,mts_details_total,2023,0.081
ton,sex_m,edu_aggregate_adv,mts_aggregate_1,2018,0.227
ton,sex_m,edu_aggregate_adv,mts_aggregate_1,2021,0.862
ton,sex_m,edu_aggregate_adv,mts_aggregate_1,2023,0.363
ton,sex_m,edu_aggregate_adv,mts_aggregate_2,2018,0.621
ton,sex_m,edu_aggregate_adv,mts_aggregate_2,2021,1.868
ton,sex_m,edu_aggregate_adv,mts_aggregate_2,2023,0.59
ton,sex_m,edu_aggregate_adv,mts_aggregate_total,2018,0.848
ton,sex_m,edu_aggregate_adv,mts_aggregate_total,2021,2.73
ton,sex_m,edu_aggregate_adv,mts_aggregate_total,2023,0.954
ton,sex_m,edu_aggregate_adv,mts_details_mrd,2018,0.614
ton,sex_m,edu_aggregate_adv,mts_details_mrd,2021,1.861
ton,sex_m,edu_aggregate_adv,mts_details_mrd,2023,0.585
ton,sex_m,edu_aggregate_adv,mts_details_sgle,2018,0.212
ton,sex_m,edu_aggregate_adv,mts_details_sgle,2021,0.764
ton,sex_m,edu_aggregate_adv,mts_details_sgle,2023,0.311
ton,sex_m,edu_aggregate_adv,mts_details_total,2018,0.848
ton,sex_m,edu_aggregate_adv,mts_details_total,2021,2.73
ton,sex_m,edu_aggregate_adv,mts_details_total,2023,0.954
ton,sex_m,edu_aggregate_adv,mts_details_wid,2021,0.08
ton,sex_m,edu_aggregate_bas,mts_aggregate_1,2018,1.597
ton,sex_m,edu_aggregate_bas,mts_aggregate_1,2021,1.666
ton,sex_m,edu_aggregate_bas,mts_aggregate_1,2023,2.272
ton,sex_m,edu_aggregate_bas,mts_aggregate_2,2018,4.181
ton,sex_m,edu_aggregate_bas,mts_aggregate_2,2021,4.275
ton,sex_m,edu_aggregate_bas,mts_aggregate_2,2023,5.632
ton,sex_m,edu_aggregate_bas,mts_aggregate_total,2018,5.779
ton,sex_m,edu_aggregate_bas,mts_aggregate_total,2021,5.941
ton,sex_m,edu_aggregate_bas,mts_aggregate_total,2023,7.904
ton,sex_m,edu_aggregate_bas,mts_details_mrd,2018,4.127
ton,sex_m,edu_aggregate_bas,mts_details_mrd,2021,4.177
ton,sex_m,edu_aggregate_bas,mts_details_mrd,2023,5.567
ton,sex_m,edu_aggregate_bas,mts_details_sep,2018,0.105
ton,sex_m,edu_aggregate_bas,mts_details_sep,2021,0.127
ton,sex_m,edu_aggregate_bas,mts_details_sep,2023,0.172
ton,sex_m,edu_aggregate_bas,mts_details_sgle,2018,1.19
ton,sex_m,edu_aggregate_bas,mts_details_sgle,2021,1.224
ton,sex_m,edu_aggregate_bas,mts_details_sgle,2023,1.735
ton,sex_m,edu_aggregate_bas,mts_details_total,2018,5.779
ton,sex_m,edu_aggregate_bas,mts_details_total,2021,5.941
ton,sex_m,edu_aggregate_bas,mts_details_total,2023,7.904
ton,sex_m,edu_aggregate_bas,mts_details_union,2018,0.055
ton,sex_m,edu_aggregate_bas,mts_details_union,2021,0.098
ton,sex_m,edu_aggregate_bas,mts_details_union,2023,0.065
ton,sex_m,edu_aggregate_bas,mts_details_wid,2018,0.302
ton,sex_m,edu_aggregate_bas,mts_details_wid,2021,0.316
ton,sex_m,edu_aggregate_bas,mts_details_wid,2023,0.365
ton,sex_m,edu_aggregate_int,mts_aggregate_1,2018,2.769
ton,sex_m,edu_aggregate_int,mts_aggregate_1,2021,3.788
ton,sex_m,edu_aggregate_int,mts_aggregate_1,2023,0.771
ton,sex_m,edu_aggregate_int,mts_aggregate_2,2018,6.516
ton,sex_m,edu_aggregate_int,mts_aggregate_2,2021,7.645
ton,sex_m,edu_aggregate_int,mts_aggregate_2,2023,1.271
ton,sex_m,edu_aggregate_int,mts_aggregate_total,2018,9.285
ton,sex_m,edu_aggregate_int,mts_aggregate_total,2021,11.433
ton,sex_m,edu_aggregate_int,mts_aggregate_total,2023,2.042
ton,sex_m,edu_aggregate_int,mts_details_mrd,2018,6.474
ton,sex_m,edu_aggregate_int,mts_details_mrd,2021,7.582
ton,sex_m,edu_aggregate_int,mts_details_mrd,2023,1.234
ton,sex_m,edu_aggregate_int,mts_details_sep,2018,0.123
ton,sex_m,edu_aggregate_int,mts_details_sep,2021,0.23
ton,sex_m,edu_aggregate_int,mts_details_sgle,2018,2.412
ton,sex_m,edu_aggregate_int,mts_details_sgle,2021,3.313
ton,sex_m,edu_aggregate_int,mts_details_sgle,2023,0.703
ton,sex_m,edu_aggregate_int,mts_details_total,2018,9.285
ton,sex_m,edu_aggregate_int,mts_details_total,2021,11.433
ton,sex_m,edu_aggregate_int,mts_details_total,2023,2.042
ton,sex_m,edu_aggregate_int,mts_details_union,2021,0.063
ton,sex_m,edu_aggregate_int,mts_details_union,2023,0.037
ton,sex_m,edu_aggregate_int,mts_details_wid,2018,0.234
ton,sex_m,edu_aggregate_int,mts_details_wid,2021,0.245
ton,sex_m,edu_aggregate_ltb,mts_aggregate_1,2023,0.085
ton,sex_m,edu_aggregate_ltb,mts_aggregate_2,2018,0.025
ton,sex_m,edu_aggregate_ltb,mts_aggregate_2,2023,0.065
ton,sex_m,edu_aggregate_ltb,mts_aggregate_total,2018,0.046
ton,sex_m,edu_aggregate_ltb,mts_aggregate_total,2023,0.15
ton,sex_m,edu_aggregate_ltb,mts_details_mrd,2018,0.025
ton,sex_m,edu_aggregate_ltb,mts_details_mrd,2023,0.065
ton,sex_m,edu_aggregate_ltb,mts_details_sgle,2023,0.054
ton,sex_m,edu_aggregate_ltb,mts_details_total,2018,0.046
ton,sex_m,edu_aggregate_ltb,mts_details_total,2023,0.15
ton,sex_m,edu_aggregate_total,mts_aggregate_1,2018,4.613
ton,sex_m,edu_aggregate_total,mts_aggregate_1,2021,6.328
ton,sex_m,edu_aggregate_total,mts_aggregate_1,2023,3.53
ton,sex_m,edu_aggregate_total,mts_aggregate_2,2018,11.343
ton,sex_m,edu_aggregate_total,mts_aggregate_2,2021,13.8
ton,sex_m,edu_aggregate_total,mts_aggregate_2,2023,7.558
ton,sex_m,edu_aggregate_total,mts_aggregate_total,2018,15.957
ton,sex_m,edu_aggregate_total,mts_aggregate_total,2021,20.127
ton,sex_m,edu_aggregate_total,mts_aggregate_total,2023,11.088
ton,sex_m,edu_aggregate_total,mts_details_mrd,2018,11.239
ton,sex_m,edu_aggregate_total,mts_details_mrd,2021,13.631
ton,sex_m,edu_aggregate_total,mts_details_mrd,2023,7.451
ton,sex_m,edu_aggregate_total,mts_details_sep,2018,0.228
ton,sex_m,edu_aggregate_total,mts_details_sep,2021,0.374
ton,sex_m,edu_aggregate_total,mts_details_sep,2023,0.213
ton,sex_m,edu_aggregate_total,mts_details_sgle,2018,3.834
ton,sex_m,edu_aggregate_total,mts_details_sgle,2021,5.313
ton,sex_m,edu_aggregate_total,mts_details_sgle,2023,2.84
ton,sex_m,edu_aggregate_total,mts_details_total,2018,15.957
ton,sex_m,edu_aggregate_total,mts_details_total,2021,20.127
ton,sex_m,edu_aggregate_total,mts_details_total,2023,11.088
ton,sex_m,edu_aggregate_total,mts_details_union,2018,0.104
ton,sex_m,edu_aggregate_total,mts_details_union,2021,0.169
ton,sex_m,edu_aggregate_total,mts_details_union,2023,0.107
ton,sex_m,edu_aggregate_total,mts_details_wid,2018,0.551
ton,sex_m,edu_aggregate_total,mts_details_wid,2021,0.64
ton,sex_m,edu_aggregate_total,mts_details_wid,2023,0.477
ton,sex_m,edu_aggregate_x,mts_aggregate_total,2021,0.022
ton,sex_m,edu_aggregate_x,mts_details_total,2021,0.022
ton,sex_m,edu_isced11_0,mts_aggregate_1,2023,0.062
ton,sex_m,edu_isced11_0,mts_aggregate_total,2023,0.066
ton,sex_m,edu_isced11_0,mts_details_total,2023,0.066
ton,sex_m,edu_isced11_1,mts_aggregate_1,2018,0.125
ton,sex_m,edu_isced11_1,mts_aggregate_1,2021,0.31
ton,sex_m,edu_isced11_1,mts_aggregate_1,2023,0.513
ton,sex_m,edu_isced11_1,mts_aggregate_2,2018,0.637
ton,sex_m,edu_isced11_1,mts_aggregate_2,2021,0.584
ton,sex_m,edu_isced11_1,mts_aggregate_2,2023,1.279
ton,sex_m,edu_isced11_1,mts_aggregate_total,2018,0.762
ton,sex_m,edu_isced11_1,mts_aggregate_total,2021,0.894
ton,sex_m,edu_isced11_1,mts_aggregate_total,2023,1.792
ton,sex_m,edu_isced11_1,mts_details_mrd,2018,0.637
ton,sex_m,edu_isced11_1,mts_details_mrd,2021,0.554
ton,sex_m,edu_isced11_1,mts_details_mrd,2023,1.273
ton,sex_m,edu_isced11_1,mts_details_sep,2023,0.063
ton,sex_m,edu_isced11_1,mts_details_sgle,2018,0.052
ton,sex_m,edu_isced11_1,mts_details_sgle,2021,0.22
ton,sex_m,edu_isced11_1,mts_details_sgle,2023,0.297
ton,sex_m,edu_isced11_1,mts_details_total,2018,0.762
ton,sex_m,edu_isced11_1,mts_details_total,2021,0.894
ton,sex_m,edu_isced11_1,mts_details_total,2023,1.792
ton,sex_m,edu_isced11_1,mts_details_wid,2018,0.05
ton,sex_m,edu_isced11_1,mts_details_wid,2021,0.075
ton,sex_m,edu_isced11_1,mts_details_wid,2023,0.152
ton,sex_m,edu_isced11_2,mts_aggregate_1,2018,1.472
ton,sex_m,edu_isced11_2,mts_aggregate_1,2021,1.357
ton,sex_m,edu_isced11_2,mts_aggregate_1,2023,1.76
ton,sex_m,edu_isced11_2,mts_aggregate_2,2018,3.544
ton,sex_m,edu_isced11_2,mts_aggregate_2,2021,3.691
ton,sex_m,edu_isced11_2,mts_aggregate_2,2023,4.353
ton,sex_m,edu_isced11_2,mts_aggregate_total,2018,5.016
ton,sex_m,edu_isced11_2,mts_aggregate_total,2021,5.048
ton,sex_m,edu_isced11_2,mts_aggregate_total,2023,6.112
ton,sex_m,edu_isced11_2,mts_details_mrd,2018,3.489
ton,sex_m,edu_isced11_2,mts_details_mrd,2021,3.622
ton,sex_m,edu_isced11_2,mts_details_mrd,2023,4.295
ton,sex_m,edu_isced11_2,mts_details_sep,2018,0.082
ton,sex_m,edu_isced11_2,mts_details_sep,2021,0.112
ton,sex_m,edu_isced11_2,mts_details_sep,2023,0.109
ton,sex_m,edu_isced11_2,mts_details_sgle,2018,1.139
ton,sex_m,edu_isced11_2,mts_details_sgle,2021,1.004
ton,sex_m,edu_isced11_2,mts_details_sgle,2023,1.438
ton,sex_m,edu_isced11_2,mts_details_total,2018,5.016
ton,sex_m,edu_isced11_2,mts_details_total,2021,5.048
ton,sex_m,edu_isced11_2,mts_details_total,2023,6.112
ton,sex_m,edu_isced11_2,mts_details_union,2018,0.055
ton,sex_m,edu_isced11_2,mts_details_union,2021,0.069
ton,sex_m,edu_isced11_2,mts_details_union,2023,0.059
ton,sex_m,edu_isced11_2,mts_details_wid,2018,0.252
ton,sex_m,edu_isced11_2,mts_details_wid,2021,0.241
ton,sex_m,edu_isced11_2,mts_details_wid,2023,0.213
ton,sex_m,edu_isced11_3,mts_aggregate_1,2018,1.953
ton,sex_m,edu_isced11_3,mts_aggregate_1,2021,2.411
ton,sex_m,edu_isced11_3,mts_aggregate_1,2023,0.643
ton,sex_m,edu_isced11_3,mts_aggregate_2,2018,4.855
ton,sex_m,edu_isced11_3,mts_aggregate_2,2021,6.329
ton,sex_m,edu_isced11_3,mts_aggregate_2,2023,0.934
ton,sex_m,edu_isced11_3,mts_aggregate_total,2018,6.807
ton,sex_m,edu_isced11_3,mts_aggregate_total,2021,8.739
ton,sex_m,edu_isced11_3,mts_aggregate_total,2023,1.577
ton,sex_m,edu_isced11_3,mts_details_mrd,2018,4.813
ton,sex_m,edu_isced11_3,mts_details_mrd,2021,6.273
ton,sex_m,edu_isced11_3,mts_details_mrd,2023,0.909
ton,sex_m,edu_isced11_3,mts_details_sep,2018,0.068
ton,sex_m,edu_isced11_3,mts_details_sep,2021,0.199
ton,sex_m,edu_isced11_3,mts_details_sgle,2018,1.709
ton,sex_m,edu_isced11_3,mts_details_sgle,2021,1.984
ton,sex_m,edu_isced11_3,mts_details_sgle,2023,0.594
ton,sex_m,edu_isced11_3,mts_details_total,2018,6.807
ton,sex_m,edu_isced11_3,mts_details_total,2021,8.739
ton,sex_m,edu_isced11_3,mts_details_total,2023,1.577
ton,sex_m,edu_isced11_3,mts_details_union,2021,0.056
ton,sex_m,edu_isced11_3,mts_details_wid,2018,0.176
ton,sex_m,edu_isced11_3,mts_details_wid,2021,0.227
ton,sex_m,edu_isced11_4,mts_aggregate_1,2018,0.816
ton,sex_m,edu_isced11_4,mts_aggregate_1,2021,1.377
ton,sex_m,edu_isced11_4,mts_aggregate_1,2023,0.129
ton,sex_m,edu_isced11_4,mts_aggregate_2,2018,1.661
ton,sex_m,edu_isced11_4,mts_aggregate_2,2021,1.316
ton,sex_m,edu_isced11_4,mts_aggregate_2,2023,0.336
ton,sex_m,edu_isced11_4,mts_aggregate_total,2018,2.477
ton,sex_m,edu_isced11_4,mts_aggregate_total,2021,2.694
ton,sex_m,edu_isced11_4,mts_aggregate_total,2023,0.465
ton,sex_m,edu_isced11_4,mts_details_mrd,2018,1.661
ton,sex_m,edu_isced11_4,mts_details_mrd,2021,1.309
ton,sex_m,edu_isced11_4,mts_details_mrd,2023,0.325
ton,sex_m,edu_isced11_4,mts_details_sep,2018,0.056
ton,sex_m,edu_isced11_4,mts_details_sep,2021,0.031
ton,sex_m,edu_isced11_4,mts_details_sgle,2018,0.703
ton,sex_m,edu_isced11_4,mts_details_sgle,2021,1.329
ton,sex_m,edu_isced11_4,mts_details_sgle,2023,0.109
ton,sex_m,edu_isced11_4,mts_details_total,2018,2.477
ton,sex_m,edu_isced11_4,mts_details_total,2021,2.694
ton,sex_m,edu_isced11_4,mts_details_total,2023,0.465
ton,sex_m,edu_isced11_4,mts_details_wid,2018,0.058
ton,sex_m,edu_isced11_5,mts_aggregate_1,2018,0.13
ton,sex_m,edu_isced11_5,mts_aggregate_1,2021,0.566
ton,sex_m,edu_isced11_5,mts_aggregate_1,2023,0.275
ton,sex_m,edu_isced11_5,mts_aggregate_2,2018,0.298
ton,sex_m,edu_isced11_5,mts_aggregate_2,2021,1.206
ton,sex_m,edu_isced11_5,mts_aggregate_2,2023,0.469
ton,sex_m,edu_isced11_5,mts_aggregate_total,2018,0.428
ton,sex_m,edu_isced11_5,mts_aggregate_total,2021,1.772
ton,sex_m,edu_isced11_5,mts_aggregate_total,2023,0.744
ton,sex_m,edu_isced11_5,mts_details_mrd,2018,0.298
ton,sex_m,edu_isced11_5,mts_details_mrd,2021,1.206
ton,sex_m,edu_isced11_5,mts_details_mrd,2023,0.464
ton,sex_m,edu_isced11_5,mts_details_sgle,2018,0.115
ton,sex_m,edu_isced11_5,mts_details_sgle,2021,0.498
ton,sex_m,edu_isced11_5,mts_details_sgle,2023,0.234
ton,sex_m,edu_isced11_5,mts_details_total,2018,0.428
ton,sex_m,edu_isced11_5,mts_details_total,2021,1.772
ton,sex_m,edu_isced11_5,mts_details_total,2023,0.744
ton,sex_m,edu_isced11_5,mts_details_wid,2021,0.062
ton,sex_m,edu_isced11_6,mts_aggregate_1,2018,0.071
ton,sex_m,edu_isced11_6,mts_aggregate_1,2021,0.226
ton,sex_m,edu_isced11_6,mts_aggregate_1,2023,0.08
ton,sex_m,edu_isced11_6,mts_aggregate_2,2018,0.27
ton,sex_m,edu_isced11_6,mts_aggregate_2,2021,0.546
ton,sex_m,edu_isced11_6,mts_aggregate_2,2023,0.068
ton,sex_m,edu_isced11_6,mts_aggregate_total,2018,0.341
ton,sex_m,edu_isced11_6,mts_aggregate_total,2021,0.772
ton,sex_m,edu_isced11_6,mts_aggregate_total,2023,0.148
ton,sex_m,edu_isced11_6,mts_details_mrd,2018,0.262
ton,sex_m,edu_isced11_6,mts_details_mrd,2021,0.539
ton,sex_m,edu_isced11_6,mts_details_mrd,2023,0.068
ton,sex_m,edu_isced11_6,mts_details_sgle,2018,0.071
ton,sex_m,edu_isced11_6,mts_details_sgle,2021,0.196
ton,sex_m,edu_isced11_6,mts_details_sgle,2023,0.069
ton,sex_m,edu_isced11_6,mts_details_total,2018,0.341
ton,sex_m,edu_isced11_6,mts_details_total,2021,0.772
ton,sex_m,edu_isced11_6,mts_details_total,2023,0.148
ton,sex_m,edu_isced11_7,mts_aggregate_1,2021,0.034
ton,sex_m,edu_isced11_7,mts_aggregate_2,2018,0.049
ton,sex_m,edu_isced11_7,mts_aggregate_2,2021,0.102
ton,sex_m,edu_isced11_7,mts_aggregate_2,2023,0.045
ton,sex_m,edu_isced11_7,mts_aggregate_total,2018,0.075
ton,sex_m,edu_isced11_7,mts_aggregate_total,2021,0.136
ton,sex_m,edu_isced11_7,mts_aggregate_total,2023,0.053
ton,sex_m,edu_isced11_7,mts_details_mrd,2018,0.049
ton,sex_m,edu_isced11_7,mts_details_mrd,2021,0.102
ton,sex_m,edu_isced11_7,mts_details_mrd,2023,0.045
ton,sex_m,edu_isced11_7,mts_details_sgle,2021,0.034
ton,sex_m,edu_isced11_7,mts_details_total,2018,0.075
ton,sex_m,edu_isced11_7,mts_details_total,2021,0.136
ton,sex_m,edu_isced11_7,mts_details_total,2023,0.053
ton,sex_m,edu_isced11_9,mts_aggregate_total,2021,0.022
ton,sex_m,edu_isced11_9,mts_details_total,2021,0.022
ton,sex_m,edu_isced11_total,mts_aggregate_1,2018,4.613
ton,sex_m,edu_isced11_total,mts_aggregate_1,2021,6.328
ton,sex_m,edu_isced11_total,mts_aggregate_1,2023,3.53
ton,sex_m,edu_isced11_total,mts_aggregate_2,2018,11.343
ton,sex_m,edu_isced11_total,mts_aggregate_2,2021,13.8
ton,sex_m,edu_isced11_total,mts_aggregate_2,2023,7.558
ton,sex_m,edu_isced11_total,mts_aggregate_total,2018,15.957
ton,sex_m,edu_isced11_total,mts_aggregate_total,2021,20.127
ton,sex_m,edu_isced11_total,mts_aggregate_total,2023,11.088
ton,sex_m,edu_isced11_total,mts_details_mrd,2018,11.239
ton,sex_m,edu_isced11_total,mts_details_mrd,2021,13.631
ton,sex_m,edu_isced11_total,mts_details_mrd,2023,7.451
ton,sex_m,edu_isced11_total,mts_details_sep,2018,0.228
ton,sex_m,edu_isced11_total,mts_details_sep,2021,0.374
ton,sex_m,edu_isced11_total,mts_details_sep,2023,0.213
ton,sex_m,edu_isced11_total,mts_details_sgle,2018,3.834
ton,sex_m,edu_isced11_total,mts_details_sgle,2021,5.313
ton,sex_m,edu_isced11_total,mts_details_sgle,2023,2.84
ton,sex_m,edu_isced11_total,mts_details_total,2018,15.957
ton,sex_m,edu_isced11_total,mts_details_total,2021,20.127
ton,sex_m,edu_isced11_total,mts_details_total,2023,11.088
ton,sex_m,edu_isced11_total,mts_details_union,2018,0.104
ton,sex_m,edu_isced11_total,mts_details_union,2021,0.169
ton,sex_m,edu_isced11_total,mts_details_union,2023,0.107
ton,sex_m,edu_isced11_total,mts_details_wid,2018,0.551
ton,sex_m,edu_isced11_total,mts_details_wid,2021,0.64
ton,sex_m,edu_isced11_total,mts_details_wid,2023,0.477
ton,sex_m,edu_isced11_x,mts_aggregate_2,2018,0.025
ton,sex_m,edu_isced11_x,mts_aggregate_2,2023,0.061
ton,sex_m,edu_isced11_x,mts_aggregate_total,2018,0.046
ton,sex_m,edu_isced11_x,mts_aggregate_total,2023,0.084
ton,sex_m,edu_isced11_x,mts_details_mrd,2018,0.025
ton,sex_m,edu_isced11_x,mts_details_mrd,2023,0.061
ton,sex_m,edu_isced11_x,mts_details_total,2018,0.046
ton,sex_m,edu_isced11_x,mts_details_total,2023,0.084
ton,sex_t,edu_aggregate_adv,mts_aggregate_1,2018,0.566
ton,sex_t,edu_aggregate_adv,mts_aggregate_1,2021,2.662
ton,sex_t,edu_aggregate_adv,mts_aggregate_1,2023,0.923
ton,sex_t,edu_aggregate_adv,mts_aggregate_2,2018,1.086
ton,sex_t,edu_aggregate_adv,mts_aggregate_2,2021,4.113
ton,sex_t,edu_aggregate_adv,mts_aggregate_2,2023,0.984
ton,sex_t,edu_aggregate_adv,mts_aggregate_total,2018,1.652
ton,sex_t,edu_aggregate_adv,mts_aggregate_total,2021,6.775
ton,sex_t,edu_aggregate_adv,mts_aggregate_total,2023,1.907
ton,sex_t,edu_aggregate_adv,mts_details_mrd,2018,1.078
ton,sex_t,edu_aggregate_adv,mts_details_mrd,2021,4.106
ton,sex_t,edu_aggregate_adv,mts_details_mrd,2023,0.953
ton,sex_t,edu_aggregate_adv,mts_details_sep,2018,0.03
ton,sex_t,edu_aggregate_adv,mts_details_sep,2021,0.088
ton,sex_t,edu_aggregate_adv,mts_details_sep,2023,0.07
ton,sex_t,edu_aggregate_adv,mts_details_sgle,2018,0.499
ton,sex_t,edu_aggregate_adv,mts_details_sgle,2021,2.387
ton,sex_t,edu_aggregate_adv,mts_details_sgle,2023,0.774
ton,sex_t,edu_aggregate_adv,mts_details_total,2018,1.652
ton,sex_t,edu_aggregate_adv,mts_details_total,2021,6.775
ton,sex_t,edu_aggregate_adv,mts_details_total,2023,1.907
ton,sex_t,edu_aggregate_adv,mts_details_wid,2021,0.187
ton,sex_t,edu_aggregate_adv,mts_details_wid,2023,0.08
ton,sex_t,edu_aggregate_bas,mts_aggregate_1,2018,2.834
ton,sex_t,edu_aggregate_bas,mts_aggregate_1,2021,3.038
ton,sex_t,edu_aggregate_bas,mts_aggregate_1,2023,4.127
ton,sex_t,edu_aggregate_bas,mts_aggregate_2,2018,6.585
ton,sex_t,edu_aggregate_bas,mts_aggregate_2,2021,6.736
ton,sex_t,edu_aggregate_bas,mts_aggregate_2,2023,9.528
ton,sex_t,edu_aggregate_bas,mts_aggregate_total,2018,9.419
ton,sex_t,edu_aggregate_bas,mts_aggregate_total,2021,9.774
ton,sex_t,edu_aggregate_bas,mts_aggregate_total,2023,13.654
ton,sex_t,edu_aggregate_bas,mts_details_mrd,2018,6.501
ton,sex_t,edu_aggregate_bas,mts_details_mrd,2021,6.595
ton,sex_t,edu_aggregate_bas,mts_details_mrd,2023,9.379
ton,sex_t,edu_aggregate_bas,mts_details_sep,2018,0.217
ton,sex_t,edu_aggregate_bas,mts_details_sep,2021,0.239
ton,sex_t,edu_aggregate_bas,mts_details_sep,2023,0.541
ton,sex_t,edu_aggregate_bas,mts_details_sgle,2018,1.685
ton,sex_t,edu_aggregate_bas,mts_details_sgle,2021,1.703
ton,sex_t,edu_aggregate_bas,mts_details_sgle,2023,2.582
ton,sex_t,edu_aggregate_bas,mts_details_total,2018,9.419
ton,sex_t,edu_aggregate_bas,mts_details_total,2021,9.774
ton,sex_t,edu_aggregate_bas,mts_details_total,2023,13.654
ton,sex_t,edu_aggregate_bas,mts_details_union,2018,0.084
ton,sex_t,edu_aggregate_bas,mts_details_union,2021,0.141
ton,sex_t,edu_aggregate_bas,mts_details_union,2023,0.149
ton,sex_t,edu_aggregate_bas,mts_details_wid,2018,0.933
ton,sex_t,edu_aggregate_bas,mts_details_wid,2021,1.096
ton,sex_t,edu_aggregate_bas,mts_details_wid,2023,1.004
ton,sex_t,edu_aggregate_int,mts_aggregate_1,2018,4.914
ton,sex_t,edu_aggregate_int,mts_aggregate_1,2021,6.825
ton,sex_t,edu_aggregate_int,mts_aggregate_1,2023,1.478
ton,sex_t,edu_aggregate_int,mts_aggregate_2,2018,10.823
ton,sex_t,edu_aggregate_int,mts_aggregate_2,2021,13.359
ton,sex_t,edu_aggregate_int,mts_aggregate_2,2023,2.236
ton,sex_t,edu_aggregate_int,mts_aggregate_total,2018,15.736
ton,sex_t,edu_aggregate_int,mts_aggregate_total,2021,20.184
ton,sex_t,edu_aggregate_int,mts_aggregate_total,2023,3.714
ton,sex_t,edu_aggregate_int,mts_details_mrd,2018,10.697
ton,sex_t,edu_aggregate_int,mts_details_mrd,2021,13.2
ton,sex_t,edu_aggregate_int,mts_details_mrd,2023,2.199
ton,sex_t,edu_aggregate_int,mts_details_sep,2018,0.358
ton,sex_t,edu_aggregate_int,mts_details_sep,2021,0.669
ton,sex_t,edu_aggregate_int,mts_details_sep,2023,0.134
ton,sex_t,edu_aggregate_int,mts_details_sgle,2018,3.975
ton,sex_t,edu_aggregate_int,mts_details_sgle,2021,5.409
ton,sex_t,edu_aggregate_int,mts_details_sgle,2023,1.198
ton,sex_t,edu_aggregate_int,mts_details_total,2018,15.736
ton,sex_t,edu_aggregate_int,mts_details_total,2021,20.184
ton,sex_t,edu_aggregate_int,mts_details_total,2023,3.714
ton,sex_t,edu_aggregate_int,mts_details_union,2018,0.126
ton,sex_t,edu_aggregate_int,mts_details_union,2021,0.159
ton,sex_t,edu_aggregate_int,mts_details_union,2023,0.037
ton,sex_t,edu_aggregate_int,mts_details_wid,2018,0.581
ton,sex_t,edu_aggregate_int,mts_details_wid,2021,0.747
ton,sex_t,edu_aggregate_int,mts_details_wid,2023,0.147
ton,sex_t,edu_aggregate_ltb,mts_aggregate_1,2018,0.049
ton,sex_t,edu_aggregate_ltb,mts_aggregate_1,2023,0.116
ton,sex_t,edu_aggregate_ltb,mts_aggregate_2,2018,0.035
ton,sex_t,edu_aggregate_ltb,mts_aggregate_2,2023,0.164
ton,sex_t,edu_aggregate_ltb,mts_aggregate_total,2018,0.084
ton,sex_t,edu_aggregate_ltb,mts_aggregate_total,2023,0.28
ton,sex_t,edu_aggregate_ltb,mts_details_mrd,2018,0.035
ton,sex_t,edu_aggregate_ltb,mts_details_mrd,2023,0.164
ton,sex_t,edu_aggregate_ltb,mts_details_sgle,2023,0.068
ton,sex_t,edu_aggregate_ltb,mts_details_total,2018,0.084
ton,sex_t,edu_aggregate_ltb,mts_details_total,2023,0.28
ton,sex_t,edu_aggregate_total,mts_aggregate_1,2018,8.363
ton,sex_t,edu_aggregate_total,mts_aggregate_1,2021,12.549
ton,sex_t,edu_aggregate_total,mts_aggregate_1,2023,6.69
ton,sex_t,edu_aggregate_total,mts_aggregate_2,2018,18.528
ton,sex_t,edu_aggregate_total,mts_aggregate_2,2021,24.236
ton,sex_t,edu_aggregate_total,mts_aggregate_2,2023,12.911
ton,sex_t,edu_aggregate_total,mts_aggregate_total,2018,26.89
ton,sex_t,edu_aggregate_total,mts_aggregate_total,2021,36.785
ton,sex_t,edu_aggregate_total,mts_aggregate_total,2023,19.601
ton,sex_t,edu_aggregate_total,mts_details_mrd,2018,18.31
ton,sex_t,edu_aggregate_total,mts_details_mrd,2021,23.929
ton,sex_t,edu_aggregate_total,mts_details_mrd,2023,12.695
ton,sex_t,edu_aggregate_total,mts_details_sep,2018,0.605
ton,sex_t,edu_aggregate_total,mts_details_sep,2021,0.996
ton,sex_t,edu_aggregate_total,mts_details_sep,2023,0.744
ton,sex_t,edu_aggregate_total,mts_details_sgle,2018,6.179
ton,sex_t,edu_aggregate_total,mts_details_sgle,2021,9.515
ton,sex_t,edu_aggregate_total,mts_details_sgle,2023,4.667
ton,sex_t,edu_aggregate_total,mts_details_total,2018,26.89
ton,sex_t,edu_aggregate_total,mts_details_total,2021,36.785
ton,sex_t,edu_aggregate_total,mts_details_total,2023,19.601
ton,sex_t,edu_aggregate_total,mts_details_union,2018,0.218
ton,sex_t,edu_aggregate_total,mts_details_union,2021,0.307
ton,sex_t,edu_aggregate_total,mts_details_union,2023,0.216
ton,sex_t,edu_aggregate_total,mts_details_wid,2018,1.579
ton,sex_t,edu_aggregate_total,mts_details_wid,2021,2.037
ton,sex_t,edu_aggregate_total,mts_details_wid,2023,1.279
ton,sex_t,edu_aggregate_x,mts_aggregate_1,2021,0.023
ton,sex_t,edu_aggregate_x,mts_aggregate_total,2021,0.052
ton,sex_t,edu_aggregate_x,mts_details_total,2021,0.052
ton,sex_t,edu_isced11_0,mts_aggregate_1,2023,0.087
ton,sex_t,edu_isced11_0,mts_aggregate_2,2023,0.028
ton,sex_t,edu_isced11_0,mts_aggregate_total,2023,0.115
ton,sex_t,edu_isced11_0,mts_details_mrd,2023,0.028
ton,sex_t,edu_isced11_0,mts_details_sgle,2023,0.046
ton,sex_t,edu_isced11_0,mts_details_total,2023,0.115
ton,sex_t,edu_isced11_1,mts_aggregate_1,2018,0.298
ton,sex_t,edu_isced11_1,mts_aggregate_1,2021,0.635
ton,sex_t,edu_isced11_1,mts_aggregate_1,2023,1.005
ton,sex_t,edu_isced11_1,mts_aggregate_2,2018,0.825
ton,sex_t,edu_isced11_1,mts_aggregate_2,2021,0.883
ton,sex_t,edu_isced11_1,mts_aggregate_2,2023,1.819
ton,sex_t,edu_isced11_1,mts_aggregate_total,2018,1.123
ton,sex_t,edu_isced11_1,mts_aggregate_total,2021,1.518
ton,sex_t,edu_isced11_1,mts_aggregate_total,2023,2.825
ton,sex_t,edu_isced11_1,mts_details_mrd,2018,0.825
ton,sex_t,edu_isced11_1,mts_details_mrd,2021,0.854
ton,sex_t,edu_isced11_1,mts_details_mrd,2023,1.8
ton,sex_t,edu_isced11_1,mts_details_sep,2018,0.043
ton,sex_t,edu_isced11_1,mts_details_sep,2023,0.207
ton,sex_t,edu_isced11_1,mts_details_sgle,2018,0.073
ton,sex_t,edu_isced11_1,mts_details_sgle,2021,0.298
ton,sex_t,edu_isced11_1,mts_details_sgle,2023,0.409
ton,sex_t,edu_isced11_1,mts_details_total,2018,1.123
ton,sex_t,edu_isced11_1,mts_details_total,2021,1.518
ton,sex_t,edu_isced11_1,mts_details_total,2023,2.825
ton,sex_t,edu_isced11_1,mts_details_wid,2018,0.182
ton,sex_t,edu_isced11_1,mts_details_wid,2021,0.322
ton,sex_t,edu_isced11_1,mts_details_wid,2023,0.389
ton,sex_t,edu_isced11_2,mts_aggregate_1,2018,2.536
ton,sex_t,edu_isced11_2,mts_aggregate_1,2021,2.403
ton,sex_t,edu_isced11_2,mts_aggregate_1,2023,3.121
ton,sex_t,edu_isced11_2,mts_aggregate_2,2018,5.76
ton,sex_t,edu_isced11_2,mts_aggregate_2,2021,5.853
ton,sex_t,edu_isced11_2,mts_aggregate_2,2023,7.708
ton,sex_t,edu_isced11_2,mts_aggregate_total,2018,8.296
ton,sex_t,edu_isced11_2,mts_aggregate_total,2021,8.256
ton,sex_t,edu_isced11_2,mts_aggregate_total,2023,10.83
ton,sex_t,edu_isced11_2,mts_details_mrd,2018,5.676
ton,sex_t,edu_isced11_2,mts_details_mrd,2021,5.741
ton,sex_t,edu_isced11_2,mts_details_mrd,2023,7.579
ton,sex_t,edu_isced11_2,mts_details_sep,2018,0.174
ton,sex_t,edu_isced11_2,mts_details_sep,2021,0.224
ton,sex_t,edu_isced11_2,mts_details_sep,2023,0.334
ton,sex_t,edu_isced11_2,mts_details_sgle,2018,1.612
ton,sex_t,edu_isced11_2,mts_details_sgle,2021,1.404
ton,sex_t,edu_isced11_2,mts_details_sgle,2023,2.173
ton,sex_t,edu_isced11_2,mts_details_total,2018,8.296
ton,sex_t,edu_isced11_2,mts_details_total,2021,8.256
ton,sex_t,edu_isced11_2,mts_details_total,2023,10.83
ton,sex_t,edu_isced11_2,mts_details_union,2018,0.084
ton,sex_t,edu_isced11_2,mts_details_union,2021,0.112
ton,sex_t,edu_isced11_2,mts_details_union,2023,0.129
ton,sex_t,edu_isced11_2,mts_details_wid,2018,0.75
ton,sex_t,edu_isced11_2,mts_details_wid,2021,0.774
ton,sex_t,edu_isced11_2,mts_details_wid,2023,0.615
ton,sex_t,edu_isced11_3,mts_aggregate_1,2018,3.465
ton,sex_t,edu_isced11_3,mts_aggregate_1,2021,4.745
ton,sex_t,edu_isced11_3,mts_aggregate_1,2023,1.293
ton,sex_t,edu_isced11_3,mts_aggregate_2,2018,8.326
ton,sex_t,edu_isced11_3,mts_aggregate_2,2021,11.338
ton,sex_t,edu_isced11_3,mts_aggregate_2,2023,1.839
ton,sex_t,edu_isced11_3,mts_aggregate_total,2018,11.791
ton,sex_t,edu_isced11_3,mts_aggregate_total,2021,16.083
ton,sex_t,edu_isced11_3,mts_aggregate_total,2023,3.132
ton,sex_t,edu_isced11_3,mts_details_mrd,2018,8.213
ton,sex_t,edu_isced11_3,mts_details_mrd,2021,11.187
ton,sex_t,edu_isced11_3,mts_details_mrd,2023,1.814
ton,sex_t,edu_isced11_3,mts_details_sep,2018,0.253
ton,sex_t,edu_isced11_3,mts_details_sep,2021,0.581
ton,sex_t,edu_isced11_3,mts_details_sep,2023,0.086
ton,sex_t,edu_isced11_3,mts_details_sgle,2018,2.765
ton,sex_t,edu_isced11_3,mts_details_sgle,2021,3.539
ton,sex_t,edu_isced11_3,mts_details_sgle,2023,1.06
ton,sex_t,edu_isced11_3,mts_details_total,2018,11.791
ton,sex_t,edu_isced11_3,mts_details_total,2021,16.083
ton,sex_t,edu_isced11_3,mts_details_total,2023,3.132
ton,sex_t,edu_isced11_3,mts_details_union,2018,0.113
ton,sex_t,edu_isced11_3,mts_details_union,2021,0.151
ton,sex_t,edu_isced11_3,mts_details_wid,2018,0.447
ton,sex_t,edu_isced11_3,mts_details_wid,2021,0.626
ton,sex_t,edu_isced11_3,mts_details_wid,2023,0.147
ton,sex_t,edu_isced11_4,mts_aggregate_1,2018,1.449
ton,sex_t,edu_isced11_4,mts_aggregate_1,2021,2.08
ton,sex_t,edu_isced11_4,mts_aggregate_1,2023,0.185
ton,sex_t,edu_isced11_4,mts_aggregate_2,2018,2.497
ton,sex_t,edu_isced11_4,mts_aggregate_2,2021,2.021
ton,sex_t,edu_isced11_4,mts_aggregate_2,2023,0.397
ton,sex_t,edu_isced11_4,mts_aggregate_total,2018,3.946
ton,sex_t,edu_isced11_4,mts_aggregate_total,2021,4.101
ton,sex_t,edu_isced11_4,mts_aggregate_total,2023,0.582
ton,sex_t,edu_isced11_4,mts_details_mrd,2018,2.484
ton,sex_t,edu_isced11_4,mts_details_mrd,2021,2.014
ton,sex_t,edu_isced11_4,mts_details_mrd,2023,0.385
ton,sex_t,edu_isced11_4,mts_details_sep,2018,0.105
ton,sex_t,edu_isced11_4,mts_details_sep,2021,0.088
ton,sex_t,edu_isced11_4,mts_details_sep,2023,0.047
ton,sex_t,edu_isced11_4,mts_details_sgle,2018,1.21
ton,sex_t,edu_isced11_4,mts_details_sgle,2021,1.871
ton,sex_t,edu_isced11_4,mts_details_sgle,2023,0.138
ton,sex_t,edu_isced11_4,mts_details_total,2018,3.946
ton,sex_t,edu_isced11_4,mts_details_total,2021,4.101
ton,sex_t,edu_isced11_4,mts_details_total,2023,0.582
ton,sex_t,edu_isced11_4,mts_details_wid,2018,0.134
ton,sex_t,edu_isced11_4,mts_details_wid,2021,0.121
ton,sex_t,edu_isced11_5,mts_aggregate_1,2018,0.387
ton,sex_t,edu_isced11_5,mts_aggregate_1,2021,1.806
ton,sex_t,edu_isced11_5,mts_aggregate_1,2023,0.788
ton,sex_t,edu_isced11_5,mts_aggregate_2,2018,0.623
ton,sex_t,edu_isced11_5,mts_aggregate_2,2021,2.825
ton,sex_t,edu_isced11_5,mts_aggregate_2,2023,0.81
ton,sex_t,edu_isced11_5,mts_aggregate_total,2018,1.01
ton,sex_t,edu_isced11_5,mts_aggregate_total,2021,4.631
ton,sex_t,edu_isced11_5,mts_aggregate_total,2023,1.598
ton,sex_t,edu_isced11_5,mts_details_mrd,2018,0.623
ton,sex_t,edu_isced11_5,mts_details_mrd,2021,2.825
ton,sex_t,edu_isced11_5,mts_details_mrd,2023,0.78
ton,sex_t,edu_isced11_5,mts_details_sep,2018,0.03
ton,sex_t,edu_isced11_5,mts_details_sep,2021,0.039
ton,sex_t,edu_isced11_5,mts_details_sep,2023,0.07
ton,sex_t,edu_isced11_5,mts_details_sgle,2018,0.343
ton,sex_t,edu_isced11_5,mts_details_sgle,2021,1.606
ton,sex_t,edu_isced11_5,mts_details_sgle,2023,0.65
ton,sex_t,edu_isced11_5,mts_details_total,2018,1.01
ton,sex_t,edu_isced11_5,mts_details_total,2021,4.631
ton,sex_t,edu_isced11_5,mts_details_total,2023,1.598
ton,sex_t,edu_isced11_5,mts_details_wid,2021,0.161
ton,sex_t,edu_isced11_5,mts_details_wid,2023,0.068
ton,sex_t,edu_isced11_6,mts_aggregate_1,2018,0.139
ton,sex_t,edu_isced11_6,mts_aggregate_1,2021,0.724
ton,sex_t,edu_isced11_6,mts_aggregate_1,2023,0.106
ton,sex_t,edu_isced11_6,mts_aggregate_2,2018,0.393
ton,sex_t,edu_isced11_6,mts_aggregate_2,2021,1.044
ton,sex_t,edu_isced11_6,mts_aggregate_2,2023,0.12
ton,sex_t,edu_isced11_6,mts_aggregate_total,2018,0.532
ton,sex_t,edu_isced11_6,mts_aggregate_total,2021,1.768
ton,sex_t,edu_isced11_6,mts_aggregate_total,2023,0.225
ton,sex_t,edu_isced11_6,mts_details_mrd,2018,0.386
ton,sex_t,edu_isced11_6,mts_details_mrd,2021,1.036
ton,sex_t,edu_isced11_6,mts_details_mrd,2023,0.12
ton,sex_t,edu_isced11_6,mts_details_sep,2021,0.049
ton,sex_t,edu_isced11_6,mts_details_sgle,2018,0.127
ton,sex_t,edu_isced11_6,mts_details_sgle,2021,0.65
ton,sex_t,edu_isced11_6,mts_details_sgle,2023,0.094
ton,sex_t,edu_isced11_6,mts_details_total,2018,0.532
ton,sex_t,edu_isced11_6,mts_details_total,2021,1.768
ton,sex_t,edu_isced11_6,mts_details_total,2023,0.225
ton,sex_t,edu_isced11_7,mts_aggregate_1,2018,0.04
ton,sex_t,edu_isced11_7,mts_aggregate_1,2021,0.096
ton,sex_t,edu_isced11_7,mts_aggregate_2,2018,0.063
ton,sex_t,edu_isced11_7,mts_aggregate_2,2021,0.223
ton,sex_t,edu_isced11_7,mts_aggregate_2,2023,0.045
ton,sex_t,edu_isced11_7,mts_aggregate_total,2018,0.102
ton,sex_t,edu_isced11_7,mts_aggregate_total,2021,0.318
ton,sex_t,edu_isced11_7,mts_aggregate_total,2023,0.075
ton,sex_t,edu_isced11_7,mts_details_mrd,2018,0.063
ton,sex_t,edu_isced11_7,mts_details_mrd,2021,0.223
ton,sex_t,edu_isced11_7,mts_details_mrd,2023,0.045
ton,sex_t,edu_isced11_7,mts_details_sgle,2021,0.096
ton,sex_t,edu_isced11_7,mts_details_total,2018,0.102
ton,sex_t,edu_isced11_7,mts_details_total,2021,0.318
ton,sex_t,edu_isced11_7,mts_details_total,2023,0.075
ton,sex_t,edu_isced11_8,mts_aggregate_total,2021,0.058
ton,sex_t,edu_isced11_8,mts_details_total,2021,0.058
ton,sex_t,edu_isced11_9,mts_aggregate_1,2021,0.023
ton,sex_t,edu_isced11_9,mts_aggregate_total,2021,0.052
ton,sex_t,edu_isced11_9,mts_details_total,2021,0.052
ton,sex_t,edu_isced11_total,mts_aggregate_1,2018,8.363
ton,sex_t,edu_isced11_total,mts_aggregate_1,2021,12.549
ton,sex_t,edu_isced11_total,mts_aggregate_1,2023,6.69
ton,sex_t,edu_isced11_total,mts_aggregate_2,2018,18.528
ton,sex_t,edu_isced11_total,mts_aggregate_2,2021,24.236
ton,sex_t,edu_isced11_total,mts_aggregate_2,2023,12.911
ton,sex_t,edu_isced11_total,mts_aggregate_total,2018,26.89
ton,sex_t,edu_isced11_total,mts_aggregate_total,2021,36.785
ton,sex_t,edu_isced11_total,mts_aggregate_total,2023,19.601
ton,sex_t,edu_isced11_total,mts_details_mrd,2018,18.31
ton,sex_t,edu_isced11_total,mts_details_mrd,2021,23.929
ton,sex_t,edu_isced11_total,mts_details_mrd,2023,12.695
ton,sex_t,edu_isced11_total,mts_details_sep,2018,0.605
ton,sex_t,edu_isced11_total,mts_details_sep,2021,0.996
ton,sex_t,edu_isced11_total,mts_details_sep,2023,0.744
ton,sex_t,edu_isced11_total,mts_details_sgle,2018,6.179
ton,sex_t,edu_isced11_total,mts_details_sgle,2021,9.515
ton,sex_t,edu_isced11_total,mts_details_sgle,2023,4.667
ton,sex_t,edu_isced11_total,mts_details_total,2018,26.89
ton,sex_t,edu_isced11_total,mts_details_total,2021,36.785
ton,sex_t,edu_isced11_total,mts_details_total,2023,19.601
ton,sex_t,edu_isced11_total,mts_details_union,2018,0.218
ton,sex_t,edu_isced11_total,mts_details_union,2021,0.307
ton,sex_t,edu_isced11_total,mts_details_union,2023,0.216
ton,sex_t,edu_isced11_total,mts_details_wid,2018,1.579
ton,sex_t,edu_isced11_total,mts_details_wid,2021,2.037
ton,sex_t,edu_isced11_total,mts_details_wid,2023,1.279
ton,sex_t,edu_isced11_x,mts_aggregate_1,2018,0.049
ton,sex_t,edu_isced11_x,mts_aggregate_2,2018,0.035
ton,sex_t,edu_isced11_x,mts_aggregate_2,2023,0.136
ton,sex_t,edu_isced11_x,mts_aggregate_total,2018,0.084
ton,sex_t,edu_isced11_x,mts_aggregate_total,2023,0.165
ton,sex_t,edu_isced11_x,mts_details_mrd,2018,0.035
ton,sex_t,edu_isced11_x,mts_details_mrd,2023,0.136
ton,sex_t,edu_isced11_x,mts_details_total,2018,0.084
ton,sex_t,edu_isced11_x,mts_details_total,2023,0.165
