ref_area,sex,classif1,classif2,time,emp_temp_sex_eco_mts_nb
cok,sex_f,eco_aggregate_agr,mts_aggregate_2,2016,0.046
cok,sex_f,eco_aggregate_agr,mts_aggregate_2,2023,0.067
cok,sex_f,eco_aggregate_agr,mts_aggregate_total,2016,0.066
cok,sex_f,eco_aggregate_agr,mts_aggregate_total,2023,0.072
cok,sex_f,eco_aggregate_agr,mts_details_mrd,2016,0.044
cok,sex_f,eco_aggregate_agr,mts_details_mrd,2023,0.02
cok,sex_f,eco_aggregate_agr,mts_details_total,2016,0.066
cok,sex_f,eco_aggregate_agr,mts_details_total,2023,0.072
cok,sex_f,eco_aggregate_con,mts_aggregate_2,2023,0
cok,sex_f,eco_aggregate_man,mts_aggregate_1,2016,0.053
cok,sex_f,eco_aggregate_man,mts_aggregate_1,2023,0.063
cok,sex_f,eco_aggregate_man,mts_aggregate_2,2019,0.054
cok,sex_f,eco_aggregate_man,mts_aggregate_total,2016,0.061
cok,sex_f,eco_aggregate_man,mts_aggregate_total,2019,0.086
cok,sex_f,eco_aggregate_man,mts_aggregate_total,2023,0.081
cok,sex_f,eco_aggregate_man,mts_details_sgle,2016,0.043
cok,sex_f,eco_aggregate_man,mts_details_total,2016,0.061
cok,sex_f,eco_aggregate_man,mts_details_total,2019,0.086
cok,sex_f,eco_aggregate_man,mts_details_total,2023,0.081
cok,sex_f,eco_aggregate_mkt,mts_aggregate_1,2016,0.803
cok,sex_f,eco_aggregate_mkt,mts_aggregate_1,2019,0.793
cok,sex_f,eco_aggregate_mkt,mts_aggregate_1,2023,0.976
cok,sex_f,eco_aggregate_mkt,mts_aggregate_2,2016,0.929
cok,sex_f,eco_aggregate_mkt,mts_aggregate_2,2019,1.577
cok,sex_f,eco_aggregate_mkt,mts_aggregate_2,2023,1.504
cok,sex_f,eco_aggregate_mkt,mts_aggregate_total,2016,1.784
cok,sex_f,eco_aggregate_mkt,mts_aggregate_total,2019,2.37
cok,sex_f,eco_aggregate_mkt,mts_aggregate_total,2023,2.48
cok,sex_f,eco_aggregate_mkt,mts_aggregate_x,2016,0.051
cok,sex_f,eco_aggregate_mkt,mts_details_mrd,2016,0.69
cok,sex_f,eco_aggregate_mkt,mts_details_mrd,2019,0.973
cok,sex_f,eco_aggregate_mkt,mts_details_mrd,2023,0.987
cok,sex_f,eco_aggregate_mkt,mts_details_sep,2016,0.099
cok,sex_f,eco_aggregate_mkt,mts_details_sep,2019,0.078
cok,sex_f,eco_aggregate_mkt,mts_details_sep,2023,0.067
cok,sex_f,eco_aggregate_mkt,mts_details_sgle,2016,0.684
cok,sex_f,eco_aggregate_mkt,mts_details_sgle,2019,0.621
cok,sex_f,eco_aggregate_mkt,mts_details_sgle,2023,0.816
cok,sex_f,eco_aggregate_mkt,mts_details_total,2016,1.784
cok,sex_f,eco_aggregate_mkt,mts_details_total,2019,2.37
cok,sex_f,eco_aggregate_mkt,mts_details_total,2023,2.48
cok,sex_f,eco_aggregate_mkt,mts_details_union,2016,0.24
cok,sex_f,eco_aggregate_mkt,mts_details_union,2019,0.604
cok,sex_f,eco_aggregate_mkt,mts_details_union,2023,0.517
cok,sex_f,eco_aggregate_mkt,mts_details_wid,2019,0.094
cok,sex_f,eco_aggregate_mkt,mts_details_wid,2023,0.093
cok,sex_f,eco_aggregate_mkt,mts_details_x,2016,0.051
cok,sex_f,eco_aggregate_pub,mts_aggregate_1,2016,0.574
cok,sex_f,eco_aggregate_pub,mts_aggregate_1,2019,0.333
cok,sex_f,eco_aggregate_pub,mts_aggregate_1,2023,0.465
cok,sex_f,eco_aggregate_pub,mts_aggregate_2,2016,0.871
cok,sex_f,eco_aggregate_pub,mts_aggregate_2,2019,0.814
cok,sex_f,eco_aggregate_pub,mts_aggregate_2,2023,1.089
cok,sex_f,eco_aggregate_pub,mts_aggregate_total,2016,1.459
cok,sex_f,eco_aggregate_pub,mts_aggregate_total,2019,1.147
cok,sex_f,eco_aggregate_pub,mts_aggregate_total,2023,1.554
cok,sex_f,eco_aggregate_pub,mts_details_mrd,2016,0.752
cok,sex_f,eco_aggregate_pub,mts_details_mrd,2019,0.589
cok,sex_f,eco_aggregate_pub,mts_details_mrd,2023,0.785
cok,sex_f,eco_aggregate_pub,mts_details_sep,2016,0.028
cok,sex_f,eco_aggregate_pub,mts_details_sep,2023,0.054
cok,sex_f,eco_aggregate_pub,mts_details_sgle,2016,0.456
cok,sex_f,eco_aggregate_pub,mts_details_sgle,2019,0.244
cok,sex_f,eco_aggregate_pub,mts_details_sgle,2023,0.34
cok,sex_f,eco_aggregate_pub,mts_details_total,2016,1.459
cok,sex_f,eco_aggregate_pub,mts_details_total,2019,1.147
cok,sex_f,eco_aggregate_pub,mts_details_total,2023,1.554
cok,sex_f,eco_aggregate_pub,mts_details_union,2016,0.119
cok,sex_f,eco_aggregate_pub,mts_details_union,2019,0.225
cok,sex_f,eco_aggregate_pub,mts_details_union,2023,0.304
cok,sex_f,eco_aggregate_pub,mts_details_wid,2016,0.09
cok,sex_f,eco_aggregate_pub,mts_details_wid,2019,0.044
cok,sex_f,eco_aggregate_pub,mts_details_wid,2023,0.071
cok,sex_f,eco_aggregate_total,mts_aggregate_1,2016,1.662
cok,sex_f,eco_aggregate_total,mts_aggregate_1,2019,1.209
cok,sex_f,eco_aggregate_total,mts_aggregate_1,2023,1.531
cok,sex_f,eco_aggregate_total,mts_aggregate_2,2016,2.102
cok,sex_f,eco_aggregate_total,mts_aggregate_2,2019,2.491
cok,sex_f,eco_aggregate_total,mts_aggregate_2,2023,2.688
cok,sex_f,eco_aggregate_total,mts_aggregate_total,2016,3.858
cok,sex_f,eco_aggregate_total,mts_aggregate_total,2019,3.7
cok,sex_f,eco_aggregate_total,mts_aggregate_total,2023,4.219
cok,sex_f,eco_aggregate_total,mts_aggregate_x,2016,0.093
cok,sex_f,eco_aggregate_total,mts_details_mrd,2016,1.721
cok,sex_f,eco_aggregate_total,mts_details_mrd,2019,1.618
cok,sex_f,eco_aggregate_total,mts_details_mrd,2023,1.82
cok,sex_f,eco_aggregate_total,mts_details_sep,2016,0.152
cok,sex_f,eco_aggregate_total,mts_details_sep,2019,0.122
cok,sex_f,eco_aggregate_total,mts_details_sep,2023,0.128
cok,sex_f,eco_aggregate_total,mts_details_sgle,2016,1.339
cok,sex_f,eco_aggregate_total,mts_details_sgle,2019,0.936
cok,sex_f,eco_aggregate_total,mts_details_sgle,2023,1.206
cok,sex_f,eco_aggregate_total,mts_details_total,2016,3.858
cok,sex_f,eco_aggregate_total,mts_details_total,2019,3.7
cok,sex_f,eco_aggregate_total,mts_details_total,2023,4.219
cok,sex_f,eco_aggregate_total,mts_details_union,2016,0.381
cok,sex_f,eco_aggregate_total,mts_details_union,2019,0.873
cok,sex_f,eco_aggregate_total,mts_details_union,2023,0.868
cok,sex_f,eco_aggregate_total,mts_details_wid,2016,0.171
cok,sex_f,eco_aggregate_total,mts_details_wid,2019,0.151
cok,sex_f,eco_aggregate_total,mts_details_wid,2023,0.197
cok,sex_f,eco_aggregate_total,mts_details_x,2016,0.093
cok,sex_f,eco_aggregate_x,mts_aggregate_1,2016,0.215
cok,sex_f,eco_aggregate_x,mts_aggregate_2,2016,0.234
cok,sex_f,eco_aggregate_x,mts_aggregate_total,2016,0.473
cok,sex_f,eco_aggregate_x,mts_aggregate_x,2016,0.025
cok,sex_f,eco_aggregate_x,mts_details_mrd,2016,0.215
cok,sex_f,eco_aggregate_x,mts_details_sep,2016,0.022
cok,sex_f,eco_aggregate_x,mts_details_sgle,2016,0.14
cok,sex_f,eco_aggregate_x,mts_details_total,2016,0.473
cok,sex_f,eco_aggregate_x,mts_details_union,2016,0.019
cok,sex_f,eco_aggregate_x,mts_details_wid,2016,0.053
cok,sex_f,eco_aggregate_x,mts_details_x,2016,0.025
cok,sex_f,eco_sector_agr,mts_aggregate_2,2016,0.046
cok,sex_f,eco_sector_agr,mts_aggregate_2,2023,0.067
cok,sex_f,eco_sector_agr,mts_aggregate_total,2016,0.066
cok,sex_f,eco_sector_agr,mts_aggregate_total,2023,0.072
cok,sex_f,eco_sector_agr,mts_details_mrd,2016,0.044
cok,sex_f,eco_sector_agr,mts_details_mrd,2023,0.02
cok,sex_f,eco_sector_agr,mts_details_total,2016,0.066
cok,sex_f,eco_sector_agr,mts_details_total,2023,0.072
cok,sex_f,eco_sector_ind,mts_aggregate_1,2016,0.053
cok,sex_f,eco_sector_ind,mts_aggregate_1,2019,0.084
cok,sex_f,eco_sector_ind,mts_aggregate_1,2023,0.085
cok,sex_f,eco_sector_ind,mts_aggregate_2,2019,0.077
cok,sex_f,eco_sector_ind,mts_aggregate_total,2016,0.075
cok,sex_f,eco_sector_ind,mts_aggregate_total,2019,0.161
cok,sex_f,eco_sector_ind,mts_aggregate_total,2023,0.113
cok,sex_f,eco_sector_ind,mts_details_sgle,2016,0.043
cok,sex_f,eco_sector_ind,mts_details_sgle,2019,0.071
cok,sex_f,eco_sector_ind,mts_details_total,2016,0.075
cok,sex_f,eco_sector_ind,mts_details_total,2019,0.161
cok,sex_f,eco_sector_ind,mts_details_total,2023,0.113
cok,sex_f,eco_sector_nag,mts_aggregate_1,2016,1.645
cok,sex_f,eco_sector_nag,mts_aggregate_1,2019,1.209
cok,sex_f,eco_sector_nag,mts_aggregate_1,2023,1.526
cok,sex_f,eco_sector_nag,mts_aggregate_2,2016,2.056
cok,sex_f,eco_sector_nag,mts_aggregate_2,2019,2.468
cok,sex_f,eco_sector_nag,mts_aggregate_2,2023,2.621
cok,sex_f,eco_sector_nag,mts_aggregate_total,2016,3.791
cok,sex_f,eco_sector_nag,mts_aggregate_total,2019,3.678
cok,sex_f,eco_sector_nag,mts_aggregate_total,2023,4.147
cok,sex_f,eco_sector_nag,mts_aggregate_x,2016,0.09
cok,sex_f,eco_sector_nag,mts_details_mrd,2016,1.678
cok,sex_f,eco_sector_nag,mts_details_mrd,2019,1.595
cok,sex_f,eco_sector_nag,mts_details_mrd,2023,1.8
cok,sex_f,eco_sector_nag,mts_details_sep,2016,0.152
cok,sex_f,eco_sector_nag,mts_details_sep,2019,0.122
cok,sex_f,eco_sector_nag,mts_details_sep,2023,0.128
cok,sex_f,eco_sector_nag,mts_details_sgle,2016,1.322
cok,sex_f,eco_sector_nag,mts_details_sgle,2019,0.936
cok,sex_f,eco_sector_nag,mts_details_sgle,2023,1.201
cok,sex_f,eco_sector_nag,mts_details_total,2016,3.791
cok,sex_f,eco_sector_nag,mts_details_total,2019,3.678
cok,sex_f,eco_sector_nag,mts_details_total,2023,4.147
cok,sex_f,eco_sector_nag,mts_details_union,2016,0.378
cok,sex_f,eco_sector_nag,mts_details_union,2019,0.873
cok,sex_f,eco_sector_nag,mts_details_union,2023,0.821
cok,sex_f,eco_sector_nag,mts_details_wid,2016,0.171
cok,sex_f,eco_sector_nag,mts_details_wid,2019,0.151
cok,sex_f,eco_sector_nag,mts_details_wid,2023,0.197
cok,sex_f,eco_sector_nag,mts_details_x,2016,0.09
cok,sex_f,eco_sector_ser,mts_aggregate_1,2016,1.378
cok,sex_f,eco_sector_ser,mts_aggregate_1,2019,1.126
cok,sex_f,eco_sector_ser,mts_aggregate_1,2023,1.441
cok,sex_f,eco_sector_ser,mts_aggregate_2,2016,1.8
cok,sex_f,eco_sector_ser,mts_aggregate_2,2019,2.391
cok,sex_f,eco_sector_ser,mts_aggregate_2,2023,2.593
cok,sex_f,eco_sector_ser,mts_aggregate_total,2016,3.243
cok,sex_f,eco_sector_ser,mts_aggregate_total,2019,3.517
cok,sex_f,eco_sector_ser,mts_aggregate_total,2023,4.034
cok,sex_f,eco_sector_ser,mts_aggregate_x,2016,0.065
cok,sex_f,eco_sector_ser,mts_details_mrd,2016,1.441
cok,sex_f,eco_sector_ser,mts_details_mrd,2019,1.562
cok,sex_f,eco_sector_ser,mts_details_mrd,2023,1.772
cok,sex_f,eco_sector_ser,mts_details_sep,2016,0.128
cok,sex_f,eco_sector_ser,mts_details_sep,2019,0.122
cok,sex_f,eco_sector_ser,mts_details_sep,2023,0.121
cok,sex_f,eco_sector_ser,mts_details_sgle,2016,1.14
cok,sex_f,eco_sector_ser,mts_details_sgle,2019,0.866
cok,sex_f,eco_sector_ser,mts_details_sgle,2023,1.156
cok,sex_f,eco_sector_ser,mts_details_total,2016,3.243
cok,sex_f,eco_sector_ser,mts_details_total,2019,3.517
cok,sex_f,eco_sector_ser,mts_details_total,2023,4.034
cok,sex_f,eco_sector_ser,mts_details_union,2016,0.359
cok,sex_f,eco_sector_ser,mts_details_union,2019,0.829
cok,sex_f,eco_sector_ser,mts_details_union,2023,0.821
cok,sex_f,eco_sector_ser,mts_details_wid,2016,0.11
cok,sex_f,eco_sector_ser,mts_details_wid,2019,0.138
cok,sex_f,eco_sector_ser,mts_details_wid,2023,0.164
cok,sex_f,eco_sector_ser,mts_details_x,2016,0.065
cok,sex_f,eco_sector_total,mts_aggregate_1,2016,1.662
cok,sex_f,eco_sector_total,mts_aggregate_1,2019,1.209
cok,sex_f,eco_sector_total,mts_aggregate_1,2023,1.531
cok,sex_f,eco_sector_total,mts_aggregate_2,2016,2.102
cok,sex_f,eco_sector_total,mts_aggregate_2,2019,2.491
cok,sex_f,eco_sector_total,mts_aggregate_2,2023,2.688
cok,sex_f,eco_sector_total,mts_aggregate_total,2016,3.858
cok,sex_f,eco_sector_total,mts_aggregate_total,2019,3.7
cok,sex_f,eco_sector_total,mts_aggregate_total,2023,4.219
cok,sex_f,eco_sector_total,mts_aggregate_x,2016,0.093
cok,sex_f,eco_sector_total,mts_details_mrd,2016,1.721
cok,sex_f,eco_sector_total,mts_details_mrd,2019,1.618
cok,sex_f,eco_sector_total,mts_details_mrd,2023,1.82
cok,sex_f,eco_sector_total,mts_details_sep,2016,0.152
cok,sex_f,eco_sector_total,mts_details_sep,2019,0.122
cok,sex_f,eco_sector_total,mts_details_sep,2023,0.128
cok,sex_f,eco_sector_total,mts_details_sgle,2016,1.339
cok,sex_f,eco_sector_total,mts_details_sgle,2019,0.936
cok,sex_f,eco_sector_total,mts_details_sgle,2023,1.206
cok,sex_f,eco_sector_total,mts_details_total,2016,3.858
cok,sex_f,eco_sector_total,mts_details_total,2019,3.7
cok,sex_f,eco_sector_total,mts_details_total,2023,4.219
cok,sex_f,eco_sector_total,mts_details_union,2016,0.381
cok,sex_f,eco_sector_total,mts_details_union,2019,0.873
cok,sex_f,eco_sector_total,mts_details_union,2023,0.868
cok,sex_f,eco_sector_total,mts_details_wid,2016,0.171
cok,sex_f,eco_sector_total,mts_details_wid,2019,0.151
cok,sex_f,eco_sector_total,mts_details_wid,2023,0.197
cok,sex_f,eco_sector_total,mts_details_x,2016,0.093
cok,sex_f,eco_sector_x,mts_aggregate_1,2016,0.215
cok,sex_f,eco_sector_x,mts_aggregate_2,2016,0.234
cok,sex_f,eco_sector_x,mts_aggregate_total,2016,0.473
cok,sex_f,eco_sector_x,mts_aggregate_x,2016,0.025
cok,sex_f,eco_sector_x,mts_details_mrd,2016,0.215
cok,sex_f,eco_sector_x,mts_details_sep,2016,0.022
cok,sex_f,eco_sector_x,mts_details_sgle,2016,0.14
cok,sex_f,eco_sector_x,mts_details_total,2016,0.473
cok,sex_f,eco_sector_x,mts_details_union,2016,0.019
cok,sex_f,eco_sector_x,mts_details_wid,2016,0.053
cok,sex_f,eco_sector_x,mts_details_x,2016,0.025
cok,sex_m,eco_aggregate_agr,mts_aggregate_1,2016,0.216
cok,sex_m,eco_aggregate_agr,mts_aggregate_1,2019,0.043
cok,sex_m,eco_aggregate_agr,mts_aggregate_2,2016,0.257
cok,sex_m,eco_aggregate_agr,mts_aggregate_2,2019,0.208
cok,sex_m,eco_aggregate_agr,mts_aggregate_2,2023,0.194
cok,sex_m,eco_aggregate_agr,mts_aggregate_total,2016,0.483
cok,sex_m,eco_aggregate_agr,mts_aggregate_total,2019,0.251
cok,sex_m,eco_aggregate_agr,mts_aggregate_total,2023,0.226
cok,sex_m,eco_aggregate_agr,mts_details_mrd,2016,0.204
cok,sex_m,eco_aggregate_agr,mts_details_mrd,2019,0.152
cok,sex_m,eco_aggregate_agr,mts_details_mrd,2023,0.118
cok,sex_m,eco_aggregate_agr,mts_details_sep,2016,0.024
cok,sex_m,eco_aggregate_agr,mts_details_sgle,2016,0.182
cok,sex_m,eco_aggregate_agr,mts_details_sgle,2019,0.031
cok,sex_m,eco_aggregate_agr,mts_details_total,2016,0.483
cok,sex_m,eco_aggregate_agr,mts_details_total,2019,0.251
cok,sex_m,eco_aggregate_agr,mts_details_total,2023,0.226
cok,sex_m,eco_aggregate_agr,mts_details_union,2016,0.053
cok,sex_m,eco_aggregate_agr,mts_details_union,2019,0.057
cok,sex_m,eco_aggregate_agr,mts_details_union,2023,0.076
cok,sex_m,eco_aggregate_con,mts_aggregate_1,2016,0.147
cok,sex_m,eco_aggregate_con,mts_aggregate_1,2019,0.142
cok,sex_m,eco_aggregate_con,mts_aggregate_1,2023,0.186
cok,sex_m,eco_aggregate_con,mts_aggregate_2,2016,0.353
cok,sex_m,eco_aggregate_con,mts_aggregate_2,2019,0.249
cok,sex_m,eco_aggregate_con,mts_aggregate_2,2023,0.236
cok,sex_m,eco_aggregate_con,mts_aggregate_total,2016,0.5
cok,sex_m,eco_aggregate_con,mts_aggregate_total,2019,0.39
cok,sex_m,eco_aggregate_con,mts_aggregate_total,2023,0.422
cok,sex_m,eco_aggregate_con,mts_details_mrd,2016,0.225
cok,sex_m,eco_aggregate_con,mts_details_mrd,2019,0.093
cok,sex_m,eco_aggregate_con,mts_details_mrd,2023,0.177
cok,sex_m,eco_aggregate_con,mts_details_sgle,2016,0.118
cok,sex_m,eco_aggregate_con,mts_details_sgle,2019,0.11
cok,sex_m,eco_aggregate_con,mts_details_sgle,2023,0.164
cok,sex_m,eco_aggregate_con,mts_details_total,2016,0.5
cok,sex_m,eco_aggregate_con,mts_details_total,2019,0.39
cok,sex_m,eco_aggregate_con,mts_details_total,2023,0.422
cok,sex_m,eco_aggregate_con,mts_details_union,2016,0.128
cok,sex_m,eco_aggregate_con,mts_details_union,2019,0.156
cok,sex_m,eco_aggregate_con,mts_details_union,2023,0.059
cok,sex_m,eco_aggregate_man,mts_aggregate_1,2016,0.057
cok,sex_m,eco_aggregate_man,mts_aggregate_1,2019,0.063
cok,sex_m,eco_aggregate_man,mts_aggregate_2,2016,0.066
cok,sex_m,eco_aggregate_man,mts_aggregate_2,2019,0.155
cok,sex_m,eco_aggregate_man,mts_aggregate_2,2023,0.173
cok,sex_m,eco_aggregate_man,mts_aggregate_total,2016,0.123
cok,sex_m,eco_aggregate_man,mts_aggregate_total,2019,0.218
cok,sex_m,eco_aggregate_man,mts_aggregate_total,2023,0.196
cok,sex_m,eco_aggregate_man,mts_details_mrd,2016,0.056
cok,sex_m,eco_aggregate_man,mts_details_mrd,2019,0.096
cok,sex_m,eco_aggregate_man,mts_details_mrd,2023,0.093
cok,sex_m,eco_aggregate_man,mts_details_sgle,2016,0.048
cok,sex_m,eco_aggregate_man,mts_details_sgle,2019,0.056
cok,sex_m,eco_aggregate_man,mts_details_total,2016,0.123
cok,sex_m,eco_aggregate_man,mts_details_total,2019,0.218
cok,sex_m,eco_aggregate_man,mts_details_total,2023,0.196
cok,sex_m,eco_aggregate_mel,mts_aggregate_1,2016,0.051
cok,sex_m,eco_aggregate_mel,mts_aggregate_1,2019,0.062
cok,sex_m,eco_aggregate_mel,mts_aggregate_2,2019,0.084
cok,sex_m,eco_aggregate_mel,mts_aggregate_2,2023,0.07
cok,sex_m,eco_aggregate_mel,mts_aggregate_total,2016,0.063
cok,sex_m,eco_aggregate_mel,mts_aggregate_total,2019,0.146
cok,sex_m,eco_aggregate_mel,mts_aggregate_total,2023,0.079
cok,sex_m,eco_aggregate_mel,mts_details_mrd,2019,0.043
cok,sex_m,eco_aggregate_mel,mts_details_mrd,2023,0.063
cok,sex_m,eco_aggregate_mel,mts_details_sgle,2019,0.062
cok,sex_m,eco_aggregate_mel,mts_details_total,2016,0.063
cok,sex_m,eco_aggregate_mel,mts_details_total,2019,0.146
cok,sex_m,eco_aggregate_mel,mts_details_total,2023,0.079
cok,sex_m,eco_aggregate_mel,mts_details_union,2019,0.041
cok,sex_m,eco_aggregate_mkt,mts_aggregate_1,2016,0.773
cok,sex_m,eco_aggregate_mkt,mts_aggregate_1,2019,0.607
cok,sex_m,eco_aggregate_mkt,mts_aggregate_1,2023,0.788
cok,sex_m,eco_aggregate_mkt,mts_aggregate_2,2016,0.776
cok,sex_m,eco_aggregate_mkt,mts_aggregate_2,2019,1.472
cok,sex_m,eco_aggregate_mkt,mts_aggregate_2,2023,1.41
cok,sex_m,eco_aggregate_mkt,mts_aggregate_total,2016,1.569
cok,sex_m,eco_aggregate_mkt,mts_aggregate_total,2019,2.079
cok,sex_m,eco_aggregate_mkt,mts_aggregate_total,2023,2.198
cok,sex_m,eco_aggregate_mkt,mts_aggregate_x,2016,0.02
cok,sex_m,eco_aggregate_mkt,mts_details_mrd,2016,0.63
cok,sex_m,eco_aggregate_mkt,mts_details_mrd,2019,1.075
cok,sex_m,eco_aggregate_mkt,mts_details_mrd,2023,0.84
cok,sex_m,eco_aggregate_mkt,mts_details_sep,2016,0.024
cok,sex_m,eco_aggregate_mkt,mts_details_sep,2023,0.058
cok,sex_m,eco_aggregate_mkt,mts_details_sgle,2016,0.739
cok,sex_m,eco_aggregate_mkt,mts_details_sgle,2019,0.571
cok,sex_m,eco_aggregate_mkt,mts_details_sgle,2023,0.694
cok,sex_m,eco_aggregate_mkt,mts_details_total,2016,1.569
cok,sex_m,eco_aggregate_mkt,mts_details_total,2019,2.079
cok,sex_m,eco_aggregate_mkt,mts_details_total,2023,2.198
cok,sex_m,eco_aggregate_mkt,mts_details_union,2016,0.146
cok,sex_m,eco_aggregate_mkt,mts_details_union,2019,0.397
cok,sex_m,eco_aggregate_mkt,mts_details_union,2023,0.57
cok,sex_m,eco_aggregate_mkt,mts_details_x,2016,0.02
cok,sex_m,eco_aggregate_pub,mts_aggregate_1,2016,0.392
cok,sex_m,eco_aggregate_pub,mts_aggregate_1,2019,0.264
cok,sex_m,eco_aggregate_pub,mts_aggregate_1,2023,0.33
cok,sex_m,eco_aggregate_pub,mts_aggregate_2,2016,0.793
cok,sex_m,eco_aggregate_pub,mts_aggregate_2,2019,0.962
cok,sex_m,eco_aggregate_pub,mts_aggregate_2,2023,0.857
cok,sex_m,eco_aggregate_pub,mts_aggregate_total,2016,1.185
cok,sex_m,eco_aggregate_pub,mts_aggregate_total,2019,1.226
cok,sex_m,eco_aggregate_pub,mts_aggregate_total,2023,1.187
cok,sex_m,eco_aggregate_pub,mts_details_mrd,2016,0.667
cok,sex_m,eco_aggregate_pub,mts_details_mrd,2019,0.67
cok,sex_m,eco_aggregate_pub,mts_details_mrd,2023,0.726
cok,sex_m,eco_aggregate_pub,mts_details_sep,2016,0.054
cok,sex_m,eco_aggregate_pub,mts_details_sgle,2016,0.317
cok,sex_m,eco_aggregate_pub,mts_details_sgle,2019,0.25
cok,sex_m,eco_aggregate_pub,mts_details_sgle,2023,0.297
cok,sex_m,eco_aggregate_pub,mts_details_total,2016,1.185
cok,sex_m,eco_aggregate_pub,mts_details_total,2019,1.226
cok,sex_m,eco_aggregate_pub,mts_details_total,2023,1.187
cok,sex_m,eco_aggregate_pub,mts_details_union,2016,0.126
cok,sex_m,eco_aggregate_pub,mts_details_union,2019,0.292
cok,sex_m,eco_aggregate_pub,mts_details_union,2023,0.131
cok,sex_m,eco_aggregate_total,mts_aggregate_1,2016,1.79
cok,sex_m,eco_aggregate_total,mts_aggregate_1,2019,1.181
cok,sex_m,eco_aggregate_total,mts_aggregate_1,2023,1.368
cok,sex_m,eco_aggregate_total,mts_aggregate_2,2016,2.485
cok,sex_m,eco_aggregate_total,mts_aggregate_2,2019,3.13
cok,sex_m,eco_aggregate_total,mts_aggregate_2,2023,2.94
cok,sex_m,eco_aggregate_total,mts_aggregate_total,2016,4.325
cok,sex_m,eco_aggregate_total,mts_aggregate_total,2019,4.311
cok,sex_m,eco_aggregate_total,mts_aggregate_total,2023,4.308
cok,sex_m,eco_aggregate_total,mts_aggregate_x,2016,0.05
cok,sex_m,eco_aggregate_total,mts_details_mrd,2016,2.015
cok,sex_m,eco_aggregate_total,mts_details_mrd,2019,2.129
cok,sex_m,eco_aggregate_total,mts_details_mrd,2023,2.017
cok,sex_m,eco_aggregate_total,mts_details_sep,2016,0.124
cok,sex_m,eco_aggregate_total,mts_details_sep,2019,0.071
cok,sex_m,eco_aggregate_total,mts_details_sep,2023,0.088
cok,sex_m,eco_aggregate_total,mts_details_sgle,2016,1.529
cok,sex_m,eco_aggregate_total,mts_details_sgle,2019,1.08
cok,sex_m,eco_aggregate_total,mts_details_sgle,2023,1.205
cok,sex_m,eco_aggregate_total,mts_details_total,2016,4.325
cok,sex_m,eco_aggregate_total,mts_details_total,2019,4.311
cok,sex_m,eco_aggregate_total,mts_details_total,2023,4.308
cok,sex_m,eco_aggregate_total,mts_details_union,2016,0.47
cok,sex_m,eco_aggregate_total,mts_details_union,2019,1.001
cok,sex_m,eco_aggregate_total,mts_details_union,2023,0.923
cok,sex_m,eco_aggregate_total,mts_details_wid,2016,0.136
cok,sex_m,eco_aggregate_total,mts_details_wid,2019,0.03
cok,sex_m,eco_aggregate_total,mts_details_wid,2023,0.075
cok,sex_m,eco_aggregate_total,mts_details_x,2016,0.05
cok,sex_m,eco_aggregate_x,mts_aggregate_1,2016,0.154
cok,sex_m,eco_aggregate_x,mts_aggregate_2,2016,0.228
cok,sex_m,eco_aggregate_x,mts_aggregate_total,2016,0.402
cok,sex_m,eco_aggregate_x,mts_aggregate_x,2016,0.02
cok,sex_m,eco_aggregate_x,mts_details_mrd,2016,0.222
cok,sex_m,eco_aggregate_x,mts_details_sgle,2016,0.09
cok,sex_m,eco_aggregate_x,mts_details_total,2016,0.402
cok,sex_m,eco_aggregate_x,mts_details_wid,2016,0.064
cok,sex_m,eco_aggregate_x,mts_details_x,2016,0.02
cok,sex_m,eco_sector_agr,mts_aggregate_1,2016,0.216
cok,sex_m,eco_sector_agr,mts_aggregate_1,2019,0.043
cok,sex_m,eco_sector_agr,mts_aggregate_2,2016,0.257
cok,sex_m,eco_sector_agr,mts_aggregate_2,2019,0.208
cok,sex_m,eco_sector_agr,mts_aggregate_2,2023,0.194
cok,sex_m,eco_sector_agr,mts_aggregate_total,2016,0.483
cok,sex_m,eco_sector_agr,mts_aggregate_total,2019,0.251
cok,sex_m,eco_sector_agr,mts_aggregate_total,2023,0.226
cok,sex_m,eco_sector_agr,mts_details_mrd,2016,0.204
cok,sex_m,eco_sector_agr,mts_details_mrd,2019,0.152
cok,sex_m,eco_sector_agr,mts_details_mrd,2023,0.118
cok,sex_m,eco_sector_agr,mts_details_sep,2016,0.024
cok,sex_m,eco_sector_agr,mts_details_sgle,2016,0.182
cok,sex_m,eco_sector_agr,mts_details_sgle,2019,0.031
cok,sex_m,eco_sector_agr,mts_details_total,2016,0.483
cok,sex_m,eco_sector_agr,mts_details_total,2019,0.251
cok,sex_m,eco_sector_agr,mts_details_total,2023,0.226
cok,sex_m,eco_sector_agr,mts_details_union,2016,0.053
cok,sex_m,eco_sector_agr,mts_details_union,2019,0.057
cok,sex_m,eco_sector_agr,mts_details_union,2023,0.076
cok,sex_m,eco_sector_ind,mts_aggregate_1,2016,0.255
cok,sex_m,eco_sector_ind,mts_aggregate_1,2019,0.267
cok,sex_m,eco_sector_ind,mts_aggregate_1,2023,0.218
cok,sex_m,eco_sector_ind,mts_aggregate_2,2016,0.431
cok,sex_m,eco_sector_ind,mts_aggregate_2,2019,0.488
cok,sex_m,eco_sector_ind,mts_aggregate_2,2023,0.479
cok,sex_m,eco_sector_ind,mts_aggregate_total,2016,0.686
cok,sex_m,eco_sector_ind,mts_aggregate_total,2019,0.754
cok,sex_m,eco_sector_ind,mts_aggregate_total,2023,0.697
cok,sex_m,eco_sector_ind,mts_details_mrd,2016,0.293
cok,sex_m,eco_sector_ind,mts_details_mrd,2019,0.232
cok,sex_m,eco_sector_ind,mts_details_mrd,2023,0.333
cok,sex_m,eco_sector_ind,mts_details_sgle,2016,0.201
cok,sex_m,eco_sector_ind,mts_details_sgle,2019,0.228
cok,sex_m,eco_sector_ind,mts_details_sgle,2023,0.187
cok,sex_m,eco_sector_ind,mts_details_total,2016,0.686
cok,sex_m,eco_sector_ind,mts_details_total,2019,0.754
cok,sex_m,eco_sector_ind,mts_details_total,2023,0.697
cok,sex_m,eco_sector_ind,mts_details_union,2016,0.138
cok,sex_m,eco_sector_ind,mts_details_union,2019,0.255
cok,sex_m,eco_sector_ind,mts_details_union,2023,0.146
cok,sex_m,eco_sector_ind,mts_details_wid,2016,0.032
cok,sex_m,eco_sector_nag,mts_aggregate_1,2016,1.574
cok,sex_m,eco_sector_nag,mts_aggregate_1,2019,1.138
cok,sex_m,eco_sector_nag,mts_aggregate_1,2023,1.336
cok,sex_m,eco_sector_nag,mts_aggregate_2,2016,2.228
cok,sex_m,eco_sector_nag,mts_aggregate_2,2019,2.921
cok,sex_m,eco_sector_nag,mts_aggregate_2,2023,2.746
cok,sex_m,eco_sector_nag,mts_aggregate_total,2016,3.842
cok,sex_m,eco_sector_nag,mts_aggregate_total,2019,4.06
cok,sex_m,eco_sector_nag,mts_aggregate_total,2023,4.082
cok,sex_m,eco_sector_nag,mts_aggregate_x,2016,0.04
cok,sex_m,eco_sector_nag,mts_details_mrd,2016,1.811
cok,sex_m,eco_sector_nag,mts_details_mrd,2019,1.977
cok,sex_m,eco_sector_nag,mts_details_mrd,2023,1.899
cok,sex_m,eco_sector_nag,mts_details_sep,2016,0.1
cok,sex_m,eco_sector_nag,mts_details_sep,2019,0.071
cok,sex_m,eco_sector_nag,mts_details_sep,2023,0.083
cok,sex_m,eco_sector_nag,mts_details_sgle,2016,1.348
cok,sex_m,eco_sector_nag,mts_details_sgle,2019,1.049
cok,sex_m,eco_sector_nag,mts_details_sgle,2023,1.178
cok,sex_m,eco_sector_nag,mts_details_total,2016,3.842
cok,sex_m,eco_sector_nag,mts_details_total,2019,4.06
cok,sex_m,eco_sector_nag,mts_details_total,2023,4.082
cok,sex_m,eco_sector_nag,mts_details_union,2016,0.418
cok,sex_m,eco_sector_nag,mts_details_union,2019,0.944
cok,sex_m,eco_sector_nag,mts_details_union,2023,0.847
cok,sex_m,eco_sector_nag,mts_details_wid,2016,0.126
cok,sex_m,eco_sector_nag,mts_details_wid,2023,0.075
cok,sex_m,eco_sector_nag,mts_details_x,2016,0.04
cok,sex_m,eco_sector_ser,mts_aggregate_1,2016,1.165
cok,sex_m,eco_sector_ser,mts_aggregate_1,2019,0.871
cok,sex_m,eco_sector_ser,mts_aggregate_1,2023,1.118
cok,sex_m,eco_sector_ser,mts_aggregate_2,2016,1.569
cok,sex_m,eco_sector_ser,mts_aggregate_2,2019,2.434
cok,sex_m,eco_sector_ser,mts_aggregate_2,2023,2.267
cok,sex_m,eco_sector_ser,mts_aggregate_total,2016,2.754
cok,sex_m,eco_sector_ser,mts_aggregate_total,2019,3.305
cok,sex_m,eco_sector_ser,mts_aggregate_total,2023,3.385
cok,sex_m,eco_sector_ser,mts_aggregate_x,2016,0.02
cok,sex_m,eco_sector_ser,mts_details_mrd,2016,1.296
cok,sex_m,eco_sector_ser,mts_details_mrd,2019,1.745
cok,sex_m,eco_sector_ser,mts_details_mrd,2023,1.566
cok,sex_m,eco_sector_ser,mts_details_sep,2016,0.078
cok,sex_m,eco_sector_ser,mts_details_sep,2019,0.037
cok,sex_m,eco_sector_ser,mts_details_sep,2023,0.074
cok,sex_m,eco_sector_ser,mts_details_sgle,2016,1.056
cok,sex_m,eco_sector_ser,mts_details_sgle,2019,0.821
cok,sex_m,eco_sector_ser,mts_details_sgle,2023,0.991
cok,sex_m,eco_sector_ser,mts_details_total,2016,2.754
cok,sex_m,eco_sector_ser,mts_details_total,2019,3.305
cok,sex_m,eco_sector_ser,mts_details_total,2023,3.385
cok,sex_m,eco_sector_ser,mts_details_union,2016,0.272
cok,sex_m,eco_sector_ser,mts_details_union,2019,0.689
cok,sex_m,eco_sector_ser,mts_details_union,2023,0.701
cok,sex_m,eco_sector_ser,mts_details_wid,2016,0.03
cok,sex_m,eco_sector_ser,mts_details_wid,2023,0.053
cok,sex_m,eco_sector_ser,mts_details_x,2016,0.02
cok,sex_m,eco_sector_total,mts_aggregate_1,2016,1.79
cok,sex_m,eco_sector_total,mts_aggregate_1,2019,1.181
cok,sex_m,eco_sector_total,mts_aggregate_1,2023,1.368
cok,sex_m,eco_sector_total,mts_aggregate_2,2016,2.485
cok,sex_m,eco_sector_total,mts_aggregate_2,2019,3.13
cok,sex_m,eco_sector_total,mts_aggregate_2,2023,2.94
cok,sex_m,eco_sector_total,mts_aggregate_total,2016,4.325
cok,sex_m,eco_sector_total,mts_aggregate_total,2019,4.311
cok,sex_m,eco_sector_total,mts_aggregate_total,2023,4.308
cok,sex_m,eco_sector_total,mts_aggregate_x,2016,0.05
cok,sex_m,eco_sector_total,mts_details_mrd,2016,2.015
cok,sex_m,eco_sector_total,mts_details_mrd,2019,2.129
cok,sex_m,eco_sector_total,mts_details_mrd,2023,2.017
cok,sex_m,eco_sector_total,mts_details_sep,2016,0.124
cok,sex_m,eco_sector_total,mts_details_sep,2019,0.071
cok,sex_m,eco_sector_total,mts_details_sep,2023,0.088
cok,sex_m,eco_sector_total,mts_details_sgle,2016,1.529
cok,sex_m,eco_sector_total,mts_details_sgle,2019,1.08
cok,sex_m,eco_sector_total,mts_details_sgle,2023,1.205
cok,sex_m,eco_sector_total,mts_details_total,2016,4.325
cok,sex_m,eco_sector_total,mts_details_total,2019,4.311
cok,sex_m,eco_sector_total,mts_details_total,2023,4.308
cok,sex_m,eco_sector_total,mts_details_union,2016,0.47
cok,sex_m,eco_sector_total,mts_details_union,2019,1.001
cok,sex_m,eco_sector_total,mts_details_union,2023,0.923
cok,sex_m,eco_sector_total,mts_details_wid,2016,0.136
cok,sex_m,eco_sector_total,mts_details_wid,2019,0.03
cok,sex_m,eco_sector_total,mts_details_wid,2023,0.075
cok,sex_m,eco_sector_total,mts_details_x,2016,0.05
cok,sex_m,eco_sector_x,mts_aggregate_1,2016,0.154
cok,sex_m,eco_sector_x,mts_aggregate_2,2016,0.228
cok,sex_m,eco_sector_x,mts_aggregate_total,2016,0.402
cok,sex_m,eco_sector_x,mts_aggregate_x,2016,0.02
cok,sex_m,eco_sector_x,mts_details_mrd,2016,0.222
cok,sex_m,eco_sector_x,mts_details_sgle,2016,0.09
cok,sex_m,eco_sector_x,mts_details_total,2016,0.402
cok,sex_m,eco_sector_x,mts_details_wid,2016,0.064
cok,sex_m,eco_sector_x,mts_details_x,2016,0.02
cok,sex_t,eco_aggregate_agr,mts_aggregate_1,2016,0.233
cok,sex_t,eco_aggregate_agr,mts_aggregate_1,2019,0.043
cok,sex_t,eco_aggregate_agr,mts_aggregate_1,2023,0.037
cok,sex_t,eco_aggregate_agr,mts_aggregate_2,2016,0.303
cok,sex_t,eco_aggregate_agr,mts_aggregate_2,2019,0.231
cok,sex_t,eco_aggregate_agr,mts_aggregate_2,2023,0.261
cok,sex_t,eco_aggregate_agr,mts_aggregate_total,2016,0.549
cok,sex_t,eco_aggregate_agr,mts_aggregate_total,2019,0.274
cok,sex_t,eco_aggregate_agr,mts_aggregate_total,2023,0.298
cok,sex_t,eco_aggregate_agr,mts_aggregate_x,2016,0.013
cok,sex_t,eco_aggregate_agr,mts_details_mrd,2016,0.247
cok,sex_t,eco_aggregate_agr,mts_details_mrd,2019,0.174
cok,sex_t,eco_aggregate_agr,mts_details_mrd,2023,0.138
cok,sex_t,eco_aggregate_agr,mts_details_sep,2016,0.024
cok,sex_t,eco_aggregate_agr,mts_details_sgle,2016,0.199
cok,sex_t,eco_aggregate_agr,mts_details_sgle,2019,0.031
cok,sex_t,eco_aggregate_agr,mts_details_total,2016,0.549
cok,sex_t,eco_aggregate_agr,mts_details_total,2019,0.274
cok,sex_t,eco_aggregate_agr,mts_details_total,2023,0.298
cok,sex_t,eco_aggregate_agr,mts_details_union,2016,0.056
cok,sex_t,eco_aggregate_agr,mts_details_union,2019,0.057
cok,sex_t,eco_aggregate_agr,mts_details_union,2023,0.123
cok,sex_t,eco_aggregate_agr,mts_details_x,2016,0.013
cok,sex_t,eco_aggregate_con,mts_aggregate_1,2016,0.147
cok,sex_t,eco_aggregate_con,mts_aggregate_1,2019,0.142
cok,sex_t,eco_aggregate_con,mts_aggregate_1,2023,0.199
cok,sex_t,eco_aggregate_con,mts_aggregate_2,2016,0.364
cok,sex_t,eco_aggregate_con,mts_aggregate_2,2019,0.272
cok,sex_t,eco_aggregate_con,mts_aggregate_2,2023,0.236
cok,sex_t,eco_aggregate_con,mts_aggregate_total,2016,0.51
cok,sex_t,eco_aggregate_con,mts_aggregate_total,2019,0.413
cok,sex_t,eco_aggregate_con,mts_aggregate_total,2023,0.435
cok,sex_t,eco_aggregate_con,mts_details_mrd,2016,0.235
cok,sex_t,eco_aggregate_con,mts_details_mrd,2019,0.101
cok,sex_t,eco_aggregate_con,mts_details_mrd,2023,0.177
cok,sex_t,eco_aggregate_con,mts_details_sgle,2016,0.118
cok,sex_t,eco_aggregate_con,mts_details_sgle,2019,0.11
cok,sex_t,eco_aggregate_con,mts_details_sgle,2023,0.177
cok,sex_t,eco_aggregate_con,mts_details_total,2016,0.51
cok,sex_t,eco_aggregate_con,mts_details_total,2019,0.413
cok,sex_t,eco_aggregate_con,mts_details_total,2023,0.435
cok,sex_t,eco_aggregate_con,mts_details_union,2016,0.128
cok,sex_t,eco_aggregate_con,mts_details_union,2019,0.17
cok,sex_t,eco_aggregate_con,mts_details_union,2023,0.059
cok,sex_t,eco_aggregate_man,mts_aggregate_1,2016,0.11
cok,sex_t,eco_aggregate_man,mts_aggregate_1,2019,0.095
cok,sex_t,eco_aggregate_man,mts_aggregate_1,2023,0.086
cok,sex_t,eco_aggregate_man,mts_aggregate_2,2016,0.074
cok,sex_t,eco_aggregate_man,mts_aggregate_2,2019,0.209
cok,sex_t,eco_aggregate_man,mts_aggregate_2,2023,0.191
cok,sex_t,eco_aggregate_man,mts_aggregate_total,2016,0.183
cok,sex_t,eco_aggregate_man,mts_aggregate_total,2019,0.304
cok,sex_t,eco_aggregate_man,mts_aggregate_total,2023,0.277
cok,sex_t,eco_aggregate_man,mts_details_mrd,2016,0.064
cok,sex_t,eco_aggregate_man,mts_details_mrd,2019,0.121
cok,sex_t,eco_aggregate_man,mts_details_mrd,2023,0.111
cok,sex_t,eco_aggregate_man,mts_details_sgle,2016,0.091
cok,sex_t,eco_aggregate_man,mts_details_sgle,2019,0.074
cok,sex_t,eco_aggregate_man,mts_details_total,2016,0.183
cok,sex_t,eco_aggregate_man,mts_details_total,2019,0.304
cok,sex_t,eco_aggregate_man,mts_details_total,2023,0.277
cok,sex_t,eco_aggregate_man,mts_details_union,2019,0.088
cok,sex_t,eco_aggregate_mel,mts_aggregate_1,2016,0.051
cok,sex_t,eco_aggregate_mel,mts_aggregate_1,2019,0.114
cok,sex_t,eco_aggregate_mel,mts_aggregate_2,2019,0.084
cok,sex_t,eco_aggregate_mel,mts_aggregate_2,2023,0.08
cok,sex_t,eco_aggregate_mel,mts_aggregate_total,2016,0.067
cok,sex_t,eco_aggregate_mel,mts_aggregate_total,2019,0.198
cok,sex_t,eco_aggregate_mel,mts_aggregate_total,2023,0.098
cok,sex_t,eco_aggregate_mel,mts_details_mrd,2019,0.043
cok,sex_t,eco_aggregate_mel,mts_details_mrd,2023,0.073
cok,sex_t,eco_aggregate_mel,mts_details_sgle,2019,0.114
cok,sex_t,eco_aggregate_mel,mts_details_total,2016,0.067
cok,sex_t,eco_aggregate_mel,mts_details_total,2019,0.198
cok,sex_t,eco_aggregate_mel,mts_details_total,2023,0.098
cok,sex_t,eco_aggregate_mel,mts_details_union,2019,0.041
cok,sex_t,eco_aggregate_mkt,mts_aggregate_1,2016,1.577
cok,sex_t,eco_aggregate_mkt,mts_aggregate_1,2019,1.4
cok,sex_t,eco_aggregate_mkt,mts_aggregate_1,2023,1.764
cok,sex_t,eco_aggregate_mkt,mts_aggregate_2,2016,1.705
cok,sex_t,eco_aggregate_mkt,mts_aggregate_2,2019,3.049
cok,sex_t,eco_aggregate_mkt,mts_aggregate_2,2023,2.914
cok,sex_t,eco_aggregate_mkt,mts_aggregate_total,2016,3.353
cok,sex_t,eco_aggregate_mkt,mts_aggregate_total,2019,4.449
cok,sex_t,eco_aggregate_mkt,mts_aggregate_total,2023,4.678
cok,sex_t,eco_aggregate_mkt,mts_aggregate_x,2016,0.071
cok,sex_t,eco_aggregate_mkt,mts_details_mrd,2016,1.319
cok,sex_t,eco_aggregate_mkt,mts_details_mrd,2019,2.048
cok,sex_t,eco_aggregate_mkt,mts_details_mrd,2023,1.827
cok,sex_t,eco_aggregate_mkt,mts_details_sep,2016,0.124
cok,sex_t,eco_aggregate_mkt,mts_details_sep,2019,0.109
cok,sex_t,eco_aggregate_mkt,mts_details_sep,2023,0.125
cok,sex_t,eco_aggregate_mkt,mts_details_sgle,2016,1.423
cok,sex_t,eco_aggregate_mkt,mts_details_sgle,2019,1.193
cok,sex_t,eco_aggregate_mkt,mts_details_sgle,2023,1.51
cok,sex_t,eco_aggregate_mkt,mts_details_total,2016,3.353
cok,sex_t,eco_aggregate_mkt,mts_details_total,2019,4.449
cok,sex_t,eco_aggregate_mkt,mts_details_total,2023,4.678
cok,sex_t,eco_aggregate_mkt,mts_details_union,2016,0.386
cok,sex_t,eco_aggregate_mkt,mts_details_union,2019,1
cok,sex_t,eco_aggregate_mkt,mts_details_union,2023,1.087
cok,sex_t,eco_aggregate_mkt,mts_details_wid,2016,0.03
cok,sex_t,eco_aggregate_mkt,mts_details_wid,2019,0.099
cok,sex_t,eco_aggregate_mkt,mts_details_wid,2023,0.129
cok,sex_t,eco_aggregate_mkt,mts_details_x,2016,0.071
cok,sex_t,eco_aggregate_pub,mts_aggregate_1,2016,0.966
cok,sex_t,eco_aggregate_pub,mts_aggregate_1,2019,0.597
cok,sex_t,eco_aggregate_pub,mts_aggregate_1,2023,0.795
cok,sex_t,eco_aggregate_pub,mts_aggregate_2,2016,1.664
cok,sex_t,eco_aggregate_pub,mts_aggregate_2,2019,1.776
cok,sex_t,eco_aggregate_pub,mts_aggregate_2,2023,1.946
cok,sex_t,eco_aggregate_pub,mts_aggregate_total,2016,2.644
cok,sex_t,eco_aggregate_pub,mts_aggregate_total,2019,2.373
cok,sex_t,eco_aggregate_pub,mts_aggregate_total,2023,2.741
cok,sex_t,eco_aggregate_pub,mts_details_mrd,2016,1.418
cok,sex_t,eco_aggregate_pub,mts_details_mrd,2019,1.259
cok,sex_t,eco_aggregate_pub,mts_details_mrd,2023,1.511
cok,sex_t,eco_aggregate_pub,mts_details_sep,2016,0.082
cok,sex_t,eco_aggregate_pub,mts_details_sep,2019,0.051
cok,sex_t,eco_aggregate_pub,mts_details_sep,2023,0.07
cok,sex_t,eco_aggregate_pub,mts_details_sgle,2016,0.773
cok,sex_t,eco_aggregate_pub,mts_details_sgle,2019,0.494
cok,sex_t,eco_aggregate_pub,mts_details_sgle,2023,0.637
cok,sex_t,eco_aggregate_pub,mts_details_total,2016,2.644
cok,sex_t,eco_aggregate_pub,mts_details_total,2019,2.373
cok,sex_t,eco_aggregate_pub,mts_details_total,2023,2.741
cok,sex_t,eco_aggregate_pub,mts_details_union,2016,0.246
cok,sex_t,eco_aggregate_pub,mts_details_union,2019,0.517
cok,sex_t,eco_aggregate_pub,mts_details_union,2023,0.435
cok,sex_t,eco_aggregate_pub,mts_details_wid,2016,0.111
cok,sex_t,eco_aggregate_pub,mts_details_wid,2019,0.052
cok,sex_t,eco_aggregate_pub,mts_details_wid,2023,0.088
cok,sex_t,eco_aggregate_total,mts_aggregate_1,2016,3.452
cok,sex_t,eco_aggregate_total,mts_aggregate_1,2019,2.391
cok,sex_t,eco_aggregate_total,mts_aggregate_1,2023,2.899
cok,sex_t,eco_aggregate_total,mts_aggregate_2,2016,4.588
cok,sex_t,eco_aggregate_total,mts_aggregate_2,2019,5.62
cok,sex_t,eco_aggregate_total,mts_aggregate_2,2023,5.628
cok,sex_t,eco_aggregate_total,mts_aggregate_total,2016,8.183
cok,sex_t,eco_aggregate_total,mts_aggregate_total,2019,8.011
cok,sex_t,eco_aggregate_total,mts_aggregate_total,2023,8.527
cok,sex_t,eco_aggregate_total,mts_aggregate_x,2016,0.143
cok,sex_t,eco_aggregate_total,mts_details_mrd,2016,3.736
cok,sex_t,eco_aggregate_total,mts_details_mrd,2019,3.747
cok,sex_t,eco_aggregate_total,mts_details_mrd,2023,3.837
cok,sex_t,eco_aggregate_total,mts_details_sep,2016,0.276
cok,sex_t,eco_aggregate_total,mts_details_sep,2019,0.194
cok,sex_t,eco_aggregate_total,mts_details_sep,2023,0.216
cok,sex_t,eco_aggregate_total,mts_details_sgle,2016,2.869
cok,sex_t,eco_aggregate_total,mts_details_sgle,2019,2.016
cok,sex_t,eco_aggregate_total,mts_details_sgle,2023,2.411
cok,sex_t,eco_aggregate_total,mts_details_total,2016,8.183
cok,sex_t,eco_aggregate_total,mts_details_total,2019,8.011
cok,sex_t,eco_aggregate_total,mts_details_total,2023,8.527
cok,sex_t,eco_aggregate_total,mts_details_union,2016,0.852
cok,sex_t,eco_aggregate_total,mts_details_union,2019,1.873
cok,sex_t,eco_aggregate_total,mts_details_union,2023,1.791
cok,sex_t,eco_aggregate_total,mts_details_wid,2016,0.307
cok,sex_t,eco_aggregate_total,mts_details_wid,2019,0.181
cok,sex_t,eco_aggregate_total,mts_details_wid,2023,0.272
cok,sex_t,eco_aggregate_total,mts_details_x,2016,0.143
cok,sex_t,eco_aggregate_x,mts_aggregate_1,2016,0.369
cok,sex_t,eco_aggregate_x,mts_aggregate_2,2016,0.462
cok,sex_t,eco_aggregate_x,mts_aggregate_total,2016,0.876
cok,sex_t,eco_aggregate_x,mts_aggregate_x,2016,0.044
cok,sex_t,eco_aggregate_x,mts_details_mrd,2016,0.436
cok,sex_t,eco_aggregate_x,mts_details_sep,2016,0.022
cok,sex_t,eco_aggregate_x,mts_details_sgle,2016,0.23
cok,sex_t,eco_aggregate_x,mts_details_total,2016,0.876
cok,sex_t,eco_aggregate_x,mts_details_union,2016,0.026
cok,sex_t,eco_aggregate_x,mts_details_wid,2016,0.117
cok,sex_t,eco_aggregate_x,mts_details_x,2016,0.044
cok,sex_t,eco_sector_agr,mts_aggregate_1,2016,0.233
cok,sex_t,eco_sector_agr,mts_aggregate_1,2019,0.043
cok,sex_t,eco_sector_agr,mts_aggregate_1,2023,0.037
cok,sex_t,eco_sector_agr,mts_aggregate_2,2016,0.303
cok,sex_t,eco_sector_agr,mts_aggregate_2,2019,0.231
cok,sex_t,eco_sector_agr,mts_aggregate_2,2023,0.261
cok,sex_t,eco_sector_agr,mts_aggregate_total,2016,0.549
cok,sex_t,eco_sector_agr,mts_aggregate_total,2019,0.274
cok,sex_t,eco_sector_agr,mts_aggregate_total,2023,0.298
cok,sex_t,eco_sector_agr,mts_aggregate_x,2016,0.013
cok,sex_t,eco_sector_agr,mts_details_mrd,2016,0.247
cok,sex_t,eco_sector_agr,mts_details_mrd,2019,0.174
cok,sex_t,eco_sector_agr,mts_details_mrd,2023,0.138
cok,sex_t,eco_sector_agr,mts_details_sep,2016,0.024
cok,sex_t,eco_sector_agr,mts_details_sgle,2016,0.199
cok,sex_t,eco_sector_agr,mts_details_sgle,2019,0.031
cok,sex_t,eco_sector_agr,mts_details_total,2016,0.549
cok,sex_t,eco_sector_agr,mts_details_total,2019,0.274
cok,sex_t,eco_sector_agr,mts_details_total,2023,0.298
cok,sex_t,eco_sector_agr,mts_details_union,2016,0.056
cok,sex_t,eco_sector_agr,mts_details_union,2019,0.057
cok,sex_t,eco_sector_agr,mts_details_union,2023,0.123
cok,sex_t,eco_sector_agr,mts_details_x,2016,0.013
cok,sex_t,eco_sector_ind,mts_aggregate_1,2016,0.308
cok,sex_t,eco_sector_ind,mts_aggregate_1,2019,0.35
cok,sex_t,eco_sector_ind,mts_aggregate_1,2023,0.303
cok,sex_t,eco_sector_ind,mts_aggregate_2,2016,0.453
cok,sex_t,eco_sector_ind,mts_aggregate_2,2019,0.565
cok,sex_t,eco_sector_ind,mts_aggregate_2,2023,0.507
cok,sex_t,eco_sector_ind,mts_aggregate_total,2016,0.761
cok,sex_t,eco_sector_ind,mts_aggregate_total,2019,0.915
cok,sex_t,eco_sector_ind,mts_aggregate_total,2023,0.81
cok,sex_t,eco_sector_ind,mts_details_mrd,2016,0.315
cok,sex_t,eco_sector_ind,mts_details_mrd,2019,0.266
cok,sex_t,eco_sector_ind,mts_details_mrd,2023,0.361
cok,sex_t,eco_sector_ind,mts_details_sep,2016,0.024
cok,sex_t,eco_sector_ind,mts_details_sgle,2016,0.244
cok,sex_t,eco_sector_ind,mts_details_sgle,2019,0.298
cok,sex_t,eco_sector_ind,mts_details_sgle,2023,0.232
cok,sex_t,eco_sector_ind,mts_details_total,2016,0.761
cok,sex_t,eco_sector_ind,mts_details_total,2019,0.915
cok,sex_t,eco_sector_ind,mts_details_total,2023,0.81
cok,sex_t,eco_sector_ind,mts_details_union,2016,0.138
cok,sex_t,eco_sector_ind,mts_details_union,2019,0.299
cok,sex_t,eco_sector_ind,mts_details_union,2023,0.146
cok,sex_t,eco_sector_ind,mts_details_wid,2016,0.04
cok,sex_t,eco_sector_ind,mts_details_wid,2023,0.055
cok,sex_t,eco_sector_nag,mts_aggregate_1,2016,3.219
cok,sex_t,eco_sector_nag,mts_aggregate_1,2019,2.348
cok,sex_t,eco_sector_nag,mts_aggregate_1,2023,2.862
cok,sex_t,eco_sector_nag,mts_aggregate_2,2016,4.285
cok,sex_t,eco_sector_nag,mts_aggregate_2,2019,5.389
cok,sex_t,eco_sector_nag,mts_aggregate_2,2023,5.367
cok,sex_t,eco_sector_nag,mts_aggregate_total,2016,7.633
cok,sex_t,eco_sector_nag,mts_aggregate_total,2019,7.737
cok,sex_t,eco_sector_nag,mts_aggregate_total,2023,8.229
cok,sex_t,eco_sector_nag,mts_aggregate_x,2016,0.13
cok,sex_t,eco_sector_nag,mts_details_mrd,2016,3.489
cok,sex_t,eco_sector_nag,mts_details_mrd,2019,3.572
cok,sex_t,eco_sector_nag,mts_details_mrd,2023,3.699
cok,sex_t,eco_sector_nag,mts_details_sep,2016,0.252
cok,sex_t,eco_sector_nag,mts_details_sep,2019,0.194
cok,sex_t,eco_sector_nag,mts_details_sep,2023,0.211
cok,sex_t,eco_sector_nag,mts_details_sgle,2016,2.67
cok,sex_t,eco_sector_nag,mts_details_sgle,2019,1.985
cok,sex_t,eco_sector_nag,mts_details_sgle,2023,2.379
cok,sex_t,eco_sector_nag,mts_details_total,2016,7.633
cok,sex_t,eco_sector_nag,mts_details_total,2019,7.737
cok,sex_t,eco_sector_nag,mts_details_total,2023,8.229
cok,sex_t,eco_sector_nag,mts_details_union,2016,0.796
cok,sex_t,eco_sector_nag,mts_details_union,2019,1.817
cok,sex_t,eco_sector_nag,mts_details_union,2023,1.668
cok,sex_t,eco_sector_nag,mts_details_wid,2016,0.297
cok,sex_t,eco_sector_nag,mts_details_wid,2019,0.169
cok,sex_t,eco_sector_nag,mts_details_wid,2023,0.272
cok,sex_t,eco_sector_nag,mts_details_x,2016,0.13
cok,sex_t,eco_sector_ser,mts_aggregate_1,2016,2.542
cok,sex_t,eco_sector_ser,mts_aggregate_1,2019,1.997
cok,sex_t,eco_sector_ser,mts_aggregate_1,2023,2.559
cok,sex_t,eco_sector_ser,mts_aggregate_2,2016,3.369
cok,sex_t,eco_sector_ser,mts_aggregate_2,2019,4.825
cok,sex_t,eco_sector_ser,mts_aggregate_2,2023,4.86
cok,sex_t,eco_sector_ser,mts_aggregate_total,2016,5.997
cok,sex_t,eco_sector_ser,mts_aggregate_total,2019,6.822
cok,sex_t,eco_sector_ser,mts_aggregate_total,2023,7.419
cok,sex_t,eco_sector_ser,mts_aggregate_x,2016,0.085
cok,sex_t,eco_sector_ser,mts_details_mrd,2016,2.738
cok,sex_t,eco_sector_ser,mts_details_mrd,2019,3.307
cok,sex_t,eco_sector_ser,mts_details_mrd,2023,3.338
cok,sex_t,eco_sector_ser,mts_details_sep,2016,0.206
cok,sex_t,eco_sector_ser,mts_details_sep,2019,0.16
cok,sex_t,eco_sector_ser,mts_details_sep,2023,0.195
cok,sex_t,eco_sector_ser,mts_details_sgle,2016,2.196
cok,sex_t,eco_sector_ser,mts_details_sgle,2019,1.687
cok,sex_t,eco_sector_ser,mts_details_sgle,2023,2.147
cok,sex_t,eco_sector_ser,mts_details_total,2016,5.997
cok,sex_t,eco_sector_ser,mts_details_total,2019,6.822
cok,sex_t,eco_sector_ser,mts_details_total,2023,7.419
cok,sex_t,eco_sector_ser,mts_details_union,2016,0.631
cok,sex_t,eco_sector_ser,mts_details_union,2019,1.518
cok,sex_t,eco_sector_ser,mts_details_union,2023,1.522
cok,sex_t,eco_sector_ser,mts_details_wid,2016,0.141
cok,sex_t,eco_sector_ser,mts_details_wid,2019,0.151
cok,sex_t,eco_sector_ser,mts_details_wid,2023,0.217
cok,sex_t,eco_sector_ser,mts_details_x,2016,0.085
cok,sex_t,eco_sector_total,mts_aggregate_1,2016,3.452
cok,sex_t,eco_sector_total,mts_aggregate_1,2019,2.391
cok,sex_t,eco_sector_total,mts_aggregate_1,2023,2.899
cok,sex_t,eco_sector_total,mts_aggregate_2,2016,4.588
cok,sex_t,eco_sector_total,mts_aggregate_2,2019,5.62
cok,sex_t,eco_sector_total,mts_aggregate_2,2023,5.628
cok,sex_t,eco_sector_total,mts_aggregate_total,2016,8.183
cok,sex_t,eco_sector_total,mts_aggregate_total,2019,8.011
cok,sex_t,eco_sector_total,mts_aggregate_total,2023,8.527
cok,sex_t,eco_sector_total,mts_aggregate_x,2016,0.143
cok,sex_t,eco_sector_total,mts_details_mrd,2016,3.736
cok,sex_t,eco_sector_total,mts_details_mrd,2019,3.747
cok,sex_t,eco_sector_total,mts_details_mrd,2023,3.837
cok,sex_t,eco_sector_total,mts_details_sep,2016,0.276
cok,sex_t,eco_sector_total,mts_details_sep,2019,0.194
cok,sex_t,eco_sector_total,mts_details_sep,2023,0.216
cok,sex_t,eco_sector_total,mts_details_sgle,2016,2.869
cok,sex_t,eco_sector_total,mts_details_sgle,2019,2.016
cok,sex_t,eco_sector_total,mts_details_sgle,2023,2.411
cok,sex_t,eco_sector_total,mts_details_total,2016,8.183
cok,sex_t,eco_sector_total,mts_details_total,2019,8.011
cok,sex_t,eco_sector_total,mts_details_total,2023,8.527
cok,sex_t,eco_sector_total,mts_details_union,2016,0.852
cok,sex_t,eco_sector_total,mts_details_union,2019,1.873
cok,sex_t,eco_sector_total,mts_details_union,2023,1.791
cok,sex_t,eco_sector_total,mts_details_wid,2016,0.307
cok,sex_t,eco_sector_total,mts_details_wid,2019,0.181
cok,sex_t,eco_sector_total,mts_details_wid,2023,0.272
cok,sex_t,eco_sector_total,mts_details_x,2016,0.143
cok,sex_t,eco_sector_x,mts_aggregate_1,2016,0.369
cok,sex_t,eco_sector_x,mts_aggregate_2,2016,0.462
cok,sex_t,eco_sector_x,mts_aggregate_total,2016,0.876
cok,sex_t,eco_sector_x,mts_aggregate_x,2016,0.044
cok,sex_t,eco_sector_x,mts_details_mrd,2016,0.436
cok,sex_t,eco_sector_x,mts_details_sep,2016,0.022
cok,sex_t,eco_sector_x,mts_details_sgle,2016,0.23
cok,sex_t,eco_sector_x,mts_details_total,2016,0.876
cok,sex_t,eco_sector_x,mts_details_union,2016,0.026
cok,sex_t,eco_sector_x,mts_details_wid,2016,0.117
cok,sex_t,eco_sector_x,mts_details_x,2016,0.044
